station_code,station,station_name,year,weather_file,scenario_type,scenario_group,schedule_id,expert_type,date,doy,sim_day,dap,state_variables,swfac,nstres,topwt,grnwt,xlai,totir,tofer,expert_action_irrigation,expert_action_n,total_schedule_irrigation,total_schedule_n,profit_default,profit_low_water_cost,source_daily_csv
FQA,FQA,Fengqiu,2005,Leave_One_experiments\wth_generated_qc\FQA\FQA2005.WTH,wet_year;water_stress_year;nitrogen_stress_year,water_stress,FQA2005_stress_grid_S0003,irrigation_positive_candidate,2005-06-11,162,1,1,"{""sim_day"": 1.0, ""doy"": 162.0, ""topwt"": 0.0, ""grnwt"": 0.0, ""xlai"": 0.0, ""totir"": 0.0, ""tofer"": NaN, ""swfac"": 0.0, ""nstres"": 0.0}",0.0,0.0,0.0,0.0,0.0,0.0,,0.0,0.0,20.0,0.0,16.884317016601564,24.884317016601564,Leave_One_experiments/all_year_offline_schedule_search/daily_outputs/FQA/FQA_2005_FQA2005_stress_grid_S0003_daily.csv
FQA,FQA,Fengqiu,2005,Leave_One_experiments\wth_generated_qc\FQA\FQA2005.WTH,wet_year;water_stress_year;nitrogen_stress_year,water_stress,FQA2005_stress_grid_S0003,irrigation_positive_candidate,2005-06-12,163,2,2,"{""sim_day"": 2.0, ""doy"": 163.0, ""topwt"": 0.0, ""grnwt"": 0.0, ""xlai"": 0.0, ""totir"": 0.0, ""tofer"": NaN, ""swfac"": 0.0, ""nstres"": 0.0}",0.0,0.0,0.0,0.0,0.0,0.0,,0.0,0.0,20.0,0.0,16.884317016601564,24.884317016601564,Leave_One_experiments/all_year_offline_schedule_search/daily_outputs/FQA/FQA_2005_FQA2005_stress_grid_S0003_daily.csv
FQA,FQA,Fengqiu,2005,Leave_One_experiments\wth_generated_qc\FQA\FQA2005.WTH,wet_year;water_stress_year;nitrogen_stress_year,water_stress,FQA2005_stress_grid_S0003,irrigation_positive_candidate,2005-06-13,164,3,3,"{""sim_day"": 3.0, ""doy"": 164.0, ""topwt"": 0.0, ""grnwt"": 0.0, ""xlai"": 0.0, ""totir"": 0.0, ""tofer"": NaN, ""swfac"": 0.0, ""nstres"": 0.0}",0.0,0.0,0.0,0.0,0.0,0.0,,0.0,0.0,20.0,0.0,16.884317016601564,24.884317016601564,Leave_One_experiments/all_year_offline_schedule_search/daily_outputs/FQA/FQA_2005_FQA2005_stress_grid_S0003_daily.csv
FQA,FQA,Fengqiu,2005,Leave_One_experiments\wth_generated_qc\FQA\FQA2005.WTH,wet_year;water_stress_year;nitrogen_stress_year,water_stress,FQA2005_stress_grid_S0003,irrigation_positive_candidate,2005-06-14,165,4,4,"{""sim_day"": 4.0, ""doy"": 165.0, ""topwt"": 0.0, ""grnwt"": 0.0, ""xlai"": 0.0, ""totir"": 0.0, ""tofer"": NaN, ""swfac"": 0.0, ""nstres"": 0.0}",0.0,0.0,0.0,0.0,0.0,0.0,,0.0,0.0,20.0,0.0,16.884317016601564,24.884317016601564,Leave_One_experiments/all_year_offline_schedule_search/daily_outputs/FQA/FQA_2005_FQA2005_stress_grid_S0003_daily.csv
FQA,FQA,Fengqiu,2005,Leave_One_experiments\wth_generated_qc\FQA\FQA2005.WTH,wet_year;water_stress_year;nitrogen_stress_year,water_stress,FQA2005_stress_grid_S0003,irrigation_positive_candidate,2005-06-15,166,5,5,"{""sim_day"": 5.0, ""doy"": 166.0, ""topwt"": 0.0, ""grnwt"": 0.0, ""xlai"": 0.0, ""totir"": 0.0, ""tofer"": NaN, ""swfac"": 0.0, ""nstres"": 0.0}",0.0,0.0,0.0,0.0,0.0,0.0,,0.0,0.0,20.0,0.0,16.884317016601564,24.884317016601564,Leave_One_experiments/all_year_offline_schedule_search/daily_outputs/FQA/FQA_2005_FQA2005_stress_grid_S0003_daily.csv
FQA,FQA,Fengqiu,2005,Leave_One_experiments\wth_generated_qc\FQA\FQA2005.WTH,wet_year;water_stress_year;nitrogen_stress_year,water_stress,FQA2005_stress_grid_S0003,irrigation_positive_candidate,2005-06-11,162,6,1,"{""sim_day"": 6.0, ""doy"": 162.0, ""topwt"": 0.0, ""grnwt"": 0.0, ""xlai"": 0.0, ""totir"": 0.0, ""tofer"": NaN, ""swfac"": 0.0, ""nstres"": 0.0}",0.0,0.0,0.0,0.0,0.0,0.0,,0.0,0.0,20.0,0.0,16.884317016601564,24.884317016601564,Leave_One_experiments/all_year_offline_schedule_search/daily_outputs/FQA/FQA_2005_FQA2005_stress_grid_S0003_daily.csv
FQA,FQA,Fengqiu,2005,Leave_One_experiments\wth_generated_qc\FQA\FQA2005.WTH,wet_year;water_stress_year;nitrogen_stress_year,water_stress,FQA2005_stress_grid_S0003,irrigation_positive_candidate,2005-06-12,163,7,2,"{""sim_day"": 7.0, ""doy"": 163.0, ""topwt"": 0.0, ""grnwt"": 0.0, ""xlai"": 0.0, ""totir"": 0.0, ""tofer"": NaN, ""swfac"": 0.0, ""nstres"": 0.0}",0.0,0.0,0.0,0.0,0.0,0.0,,0.0,0.0,20.0,0.0,16.884317016601564,24.884317016601564,Leave_One_experiments/all_year_offline_schedule_search/daily_outputs/FQA/FQA_2005_FQA2005_stress_grid_S0003_daily.csv
FQA,FQA,Fengqiu,2005,Leave_One_experiments\wth_generated_qc\FQA\FQA2005.WTH,wet_year;water_stress_year;nitrogen_stress_year,water_stress,FQA2005_stress_grid_S0003,irrigation_positive_candidate,2005-06-13,164,8,3,"{""sim_day"": 8.0, ""doy"": 164.0, ""topwt"": 0.0, ""grnwt"": 0.0, ""xlai"": 0.0, ""totir"": 0.0, ""tofer"": NaN, ""swfac"": 0.0, ""nstres"": 0.0}",0.0,0.0,0.0,0.0,0.0,0.0,,0.0,0.0,20.0,0.0,16.884317016601564,24.884317016601564,Leave_One_experiments/all_year_offline_schedule_search/daily_outputs/FQA/FQA_2005_FQA2005_stress_grid_S0003_daily.csv
FQA,FQA,Fengqiu,2005,Leave_One_experiments\wth_generated_qc\FQA\FQA2005.WTH,wet_year;water_stress_year;nitrogen_stress_year,water_stress,FQA2005_stress_grid_S0003,irrigation_positive_candidate,2005-06-14,165,9,4,"{""sim_day"": 9.0, ""doy"": 165.0, ""topwt"": 0.0, ""grnwt"": 0.0, ""xlai"": 0.0, ""totir"": 0.0, ""tofer"": NaN, ""swfac"": 0.0, ""nstres"": 0.0}",0.0,0.0,0.0,0.0,0.0,0.0,,0.0,0.0,20.0,0.0,16.884317016601564,24.884317016601564,Leave_One_experiments/all_year_offline_schedule_search/daily_outputs/FQA/FQA_2005_FQA2005_stress_grid_S0003_daily.csv
FQA,FQA,Fengqiu,2005,Leave_One_experiments\wth_generated_qc\FQA\FQA2005.WTH,wet_year;water_stress_year;nitrogen_stress_year,water_stress,FQA2005_stress_grid_S0003,irrigation_positive_candidate,2005-06-15,166,10,5,"{""sim_day"": 10.0, ""doy"": 166.0, ""topwt"": 32.00000047683716, ""grnwt"": 0.0, ""xlai"": 0.0036110915243625, ""totir"": 0.0, ""tofer"": NaN, ""swfac"": 0.0, ""nstres"": 0.0121910572052001}",0.0,0.0121910572052001,32.00000047683716,0.0,0.0036110915243625,0.0,,0.0,0.0,20.0,0.0,16.884317016601564,24.884317016601564,Leave_One_experiments/all_year_offline_schedule_search/daily_outputs/FQA/FQA_2005_FQA2005_stress_grid_S0003_daily.csv
FQA,FQA,Fengqiu,2005,Leave_One_experiments\wth_generated_qc\FQA\FQA2005.WTH,wet_year;water_stress_year;nitrogen_stress_year,water_stress,FQA2005_stress_grid_S0003,irrigation_positive_candidate,2005-06-16,167,11,6,"{""sim_day"": 11.0, ""doy"": 167.0, ""topwt"": 32.00000047683716, ""grnwt"": 0.0, ""xlai"": 0.0068075405433773, ""totir"": 0.0, ""tofer"": NaN, ""swfac"": 0.0, ""nstres"": 0.0}",0.0,0.0,32.00000047683716,0.0,0.0068075405433773,0.0,,0.0,0.0,20.0,0.0,16.884317016601564,24.884317016601564,Leave_One_experiments/all_year_offline_schedule_search/daily_outputs/FQA/FQA_2005_FQA2005_stress_grid_S0003_daily.csv
FQA,FQA,Fengqiu,2005,Leave_One_experiments\wth_generated_qc\FQA\FQA2005.WTH,wet_year;water_stress_year;nitrogen_stress_year,water_stress,FQA2005_stress_grid_S0003,irrigation_positive_candidate,2005-06-17,168,12,7,"{""sim_day"": 12.0, ""doy"": 168.0, ""topwt"": 32.00000047683716, ""grnwt"": 0.0, ""xlai"": 0.0102236308157444, ""totir"": 0.0, ""tofer"": NaN, ""swfac"": 0.0, ""nstres"": 0.0}",0.0,0.0,32.00000047683716,0.0,0.0102236308157444,0.0,,0.0,0.0,20.0,0.0,16.884317016601564,24.884317016601564,Leave_One_experiments/all_year_offline_schedule_search/daily_outputs/FQA/FQA_2005_FQA2005_stress_grid_S0003_daily.csv
FQA,FQA,Fengqiu,2005,Leave_One_experiments\wth_generated_qc\FQA\FQA2005.WTH,wet_year;water_stress_year;nitrogen_stress_year,water_stress,FQA2005_stress_grid_S0003,irrigation_positive_candidate,2005-06-18,169,13,8,"{""sim_day"": 13.0, ""doy"": 169.0, ""topwt"": 32.00000047683716, ""grnwt"": 0.0, ""xlai"": 0.0140458373352885, ""totir"": 0.0, ""tofer"": NaN, ""swfac"": 0.0, ""nstres"": 0.0}",0.0,0.0,32.00000047683716,0.0,0.0140458373352885,0.0,,0.0,0.0,20.0,0.0,16.884317016601564,24.884317016601564,Leave_One_experiments/all_year_offline_schedule_search/daily_outputs/FQA/FQA_2005_FQA2005_stress_grid_S0003_daily.csv
FQA,FQA,Fengqiu,2005,Leave_One_experiments\wth_generated_qc\FQA\FQA2005.WTH,wet_year;water_stress_year;nitrogen_stress_year,water_stress,FQA2005_stress_grid_S0003,irrigation_positive_candidate,2005-06-19,170,14,9,"{""sim_day"": 14.0, ""doy"": 170.0, ""topwt"": 32.00000047683716, ""grnwt"": 0.0, ""xlai"": 0.0182748436927795, ""totir"": 0.0, ""tofer"": NaN, ""swfac"": 0.0, ""nstres"": 0.0}",0.0,0.0,32.00000047683716,0.0,0.0182748436927795,0.0,,0.0,0.0,20.0,0.0,16.884317016601564,24.884317016601564,Leave_One_experiments/all_year_offline_schedule_search/daily_outputs/FQA/FQA_2005_FQA2005_stress_grid_S0003_daily.csv
FQA,FQA,Fengqiu,2005,Leave_One_experiments\wth_generated_qc\FQA\FQA2005.WTH,wet_year;water_stress_year;nitrogen_stress_year,water_stress,FQA2005_stress_grid_S0003,irrigation_positive_candidate,2005-06-20,171,15,10,"{""sim_day"": 15.0, ""doy"": 171.0, ""topwt"": 23.845438957214355, ""grnwt"": 0.0, ""xlai"": 0.0331463925540447, ""totir"": 0.0, ""tofer"": NaN, ""swfac"": 0.0, ""nstres"": 0.0}",0.0,0.0,23.845438957214355,0.0,0.0331463925540447,0.0,,0.0,0.0,20.0,0.0,16.884317016601564,24.884317016601564,Leave_One_experiments/all_year_offline_schedule_search/daily_outputs/FQA/FQA_2005_FQA2005_stress_grid_S0003_daily.csv
FQA,FQA,Fengqiu,2005,Leave_One_experiments\wth_generated_qc\FQA\FQA2005.WTH,wet_year;water_stress_year;nitrogen_stress_year,water_stress,FQA2005_stress_grid_S0003,irrigation_positive_candidate,2005-06-21,172,16,11,"{""sim_day"": 16.0, ""doy"": 172.0, ""topwt"": 29.281342029571533, ""grnwt"": 0.0, ""xlai"": 0.050412256270647, ""totir"": 0.0, ""tofer"": NaN, ""swfac"": 0.0, ""nstres"": 0.0}",0.0,0.0,29.281342029571533,0.0,0.050412256270647,0.0,,0.0,0.0,20.0,0.0,16.884317016601564,24.884317016601564,Leave_One_experiments/all_year_offline_schedule_search/daily_outputs/FQA/FQA_2005_FQA2005_stress_grid_S0003_daily.csv
FQA,FQA,Fengqiu,2005,Leave_One_experiments\wth_generated_qc\FQA\FQA2005.WTH,wet_year;water_stress_year;nitrogen_stress_year,water_stress,FQA2005_stress_grid_S0003,irrigation_positive_candidate,2005-06-22,173,17,12,"{""sim_day"": 17.0, ""doy"": 173.0, ""topwt"": 36.40558242797852, ""grnwt"": 0.0, ""xlai"": 0.0709437131881713, ""totir"": 0.0, ""tofer"": NaN, ""swfac"": 0.0, ""nstres"": 0.0}",0.0,0.0,36.40558242797852,0.0,0.0709437131881713,0.0,,0.0,0.0,20.0,0.0,16.884317016601564,24.884317016601564,Leave_One_experiments/all_year_offline_schedule_search/daily_outputs/FQA/FQA_2005_FQA2005_stress_grid_S0003_daily.csv
FQA,FQA,Fengqiu,2005,Leave_One_experiments\wth_generated_qc\FQA\FQA2005.WTH,wet_year;water_stress_year;nitrogen_stress_year,water_stress,FQA2005_stress_grid_S0003,irrigation_positive_candidate,2005-06-23,174,18,13,"{""sim_day"": 18.0, ""doy"": 174.0, ""topwt"": 44.91256713867188, ""grnwt"": 0.0, ""xlai"": 0.0935762152075767, ""totir"": 0.0, ""tofer"": NaN, ""swfac"": 0.0, ""nstres"": 0.0}",0.0,0.0,44.91256713867188,0.0,0.0935762152075767,0.0,,0.0,0.0,20.0,0.0,16.884317016601564,24.884317016601564,Leave_One_experiments/all_year_offline_schedule_search/daily_outputs/FQA/FQA_2005_FQA2005_stress_grid_S0003_daily.csv
FQA,FQA,Fengqiu,2005,Leave_One_experiments\wth_generated_qc\FQA\FQA2005.WTH,wet_year;water_stress_year;nitrogen_stress_year,water_stress,FQA2005_stress_grid_S0003,irrigation_positive_candidate,2005-06-24,175,19,14,"{""sim_day"": 19.0, ""doy"": 175.0, ""topwt"": 51.95485591888428, ""grnwt"": 0.0, ""xlai"": 0.1112238466739654, ""totir"": 0.0, ""tofer"": NaN, ""swfac"": 0.0, ""nstres"": 0.0}",0.0,0.0,51.95485591888428,0.0,0.1112238466739654,0.0,,0.0,0.0,20.0,0.0,16.884317016601564,24.884317016601564,Leave_One_experiments/all_year_offline_schedule_search/daily_outputs/FQA/FQA_2005_FQA2005_stress_grid_S0003_daily.csv
FQA,FQA,Fengqiu,2005,Leave_One_experiments\wth_generated_qc\FQA\FQA2005.WTH,wet_year;water_stress_year;nitrogen_stress_year,water_stress,FQA2005_stress_grid_S0003,irrigation_positive_candidate,2005-06-25,176,20,15,"{""sim_day"": 20.0, ""doy"": 176.0, ""topwt"": 59.59138870239258, ""grnwt"": 0.0, ""xlai"": 0.1295775920152664, ""totir"": 0.0, ""tofer"": NaN, ""swfac"": 0.0, ""nstres"": 0.0}",0.0,0.0,59.59138870239258,0.0,0.1295775920152664,0.0,,0.0,0.0,20.0,0.0,16.884317016601564,24.884317016601564,Leave_One_experiments/all_year_offline_schedule_search/daily_outputs/FQA/FQA_2005_FQA2005_stress_grid_S0003_daily.csv
FQA,FQA,Fengqiu,2005,Leave_One_experiments\wth_generated_qc\FQA\FQA2005.WTH,wet_year;water_stress_year;nitrogen_stress_year,water_stress,FQA2005_stress_grid_S0003,irrigation_positive_candidate,2005-06-26,177,21,16,"{""sim_day"": 21.0, ""doy"": 177.0, ""topwt"": 68.41620445251465, ""grnwt"": 0.0, ""xlai"": 0.1499584466218948, ""totir"": 0.0, ""tofer"": NaN, ""swfac"": 0.0, ""nstres"": 0.0}",0.0,0.0,68.41620445251465,0.0,0.1499584466218948,0.0,,0.0,0.0,20.0,0.0,16.884317016601564,24.884317016601564,Leave_One_experiments/all_year_offline_schedule_search/daily_outputs/FQA/FQA_2005_FQA2005_stress_grid_S0003_daily.csv
FQA,FQA,Fengqiu,2005,Leave_One_experiments\wth_generated_qc\FQA\FQA2005.WTH,wet_year;water_stress_year;nitrogen_stress_year,water_stress,FQA2005_stress_grid_S0003,irrigation_positive_candidate,2005-06-27,178,22,17,"{""sim_day"": 22.0, ""doy"": 178.0, ""topwt"": 80.48148155212402, ""grnwt"": 0.0, ""xlai"": 0.1766838282346725, ""totir"": 0.0, ""tofer"": NaN, ""swfac"": 0.0, ""nstres"": 0.0}",0.0,0.0,80.48148155212402,0.0,0.1766838282346725,0.0,,0.0,0.0,20.0,0.0,16.884317016601564,24.884317016601564,Leave_One_experiments/all_year_offline_schedule_search/daily_outputs/FQA/FQA_2005_FQA2005_stress_grid_S0003_daily.csv
FQA,FQA,Fengqiu,2005,Leave_One_experiments\wth_generated_qc\FQA\FQA2005.WTH,wet_year;water_stress_year;nitrogen_stress_year,water_stress,FQA2005_stress_grid_S0003,irrigation_positive_candidate,2005-06-28,179,23,18,"{""sim_day"": 23.0, ""doy"": 179.0, ""topwt"": 95.10876655578612, ""grnwt"": 0.0, ""xlai"": 0.2076888084411621, ""totir"": 0.0, ""tofer"": NaN, ""swfac"": 0.0, ""nstres"": 0.0}",0.0,0.0,95.10876655578612,0.0,0.2076888084411621,0.0,,0.0,0.0,20.0,0.0,16.884317016601564,24.884317016601564,Leave_One_experiments/all_year_offline_schedule_search/daily_outputs/FQA/FQA_2005_FQA2005_stress_grid_S0003_daily.csv
FQA,FQA,Fengqiu,2005,Leave_One_experiments\wth_generated_qc\FQA\FQA2005.WTH,wet_year;water_stress_year;nitrogen_stress_year,water_stress,FQA2005_stress_grid_S0003,irrigation_positive_candidate,2005-06-29,180,24,19,"{""sim_day"": 24.0, ""doy"": 180.0, ""topwt"": 113.38781356811523, ""grnwt"": 0.0, ""xlai"": 0.2437883466482162, ""totir"": 0.0, ""tofer"": NaN, ""swfac"": 0.0, ""nstres"": 0.0}",0.0,0.0,113.38781356811523,0.0,0.2437883466482162,0.0,,0.0,0.0,20.0,0.0,16.884317016601564,24.884317016601564,Leave_One_experiments/all_year_offline_schedule_search/daily_outputs/FQA/FQA_2005_FQA2005_stress_grid_S0003_daily.csv
FQA,FQA,Fengqiu,2005,Leave_One_experiments\wth_generated_qc\FQA\FQA2005.WTH,wet_year;water_stress_year;nitrogen_stress_year,water_stress,FQA2005_stress_grid_S0003,irrigation_positive_candidate,2005-06-30,181,25,20,"{""sim_day"": 25.0, ""doy"": 181.0, ""topwt"": 132.96598434448242, ""grnwt"": 0.0, ""xlai"": 0.2829855680465698, ""totir"": 20.0, ""tofer"": NaN, ""swfac"": 0.0, ""nstres"": 0.0}",0.0,0.0,132.96598434448242,0.0,0.2829855680465698,20.0,,20.0,0.0,20.0,0.0,16.884317016601564,24.884317016601564,Leave_One_experiments/all_year_offline_schedule_search/daily_outputs/FQA/FQA_2005_FQA2005_stress_grid_S0003_daily.csv
FQA,FQA,Fengqiu,2005,Leave_One_experiments\wth_generated_qc\FQA\FQA2005.WTH,wet_year;water_stress_year;nitrogen_stress_year,water_stress,FQA2005_stress_grid_S0003,irrigation_positive_candidate,2005-07-01,182,26,21,"{""sim_day"": 26.0, ""doy"": 182.0, ""topwt"": 153.9967918395996, ""grnwt"": 0.0, ""xlai"": 0.3233464956283569, ""totir"": 20.0, ""tofer"": NaN, ""swfac"": 0.0, ""nstres"": 0.0}",0.0,0.0,153.9967918395996,0.0,0.3233464956283569,20.0,,0.0,0.0,20.0,0.0,16.884317016601564,24.884317016601564,Leave_One_experiments/all_year_offline_schedule_search/daily_outputs/FQA/FQA_2005_FQA2005_stress_grid_S0003_daily.csv
FQA,FQA,Fengqiu,2005,Leave_One_experiments\wth_generated_qc\FQA\FQA2005.WTH,wet_year;water_stress_year;nitrogen_stress_year,water_stress,FQA2005_stress_grid_S0003,irrigation_positive_candidate,2005-07-02,183,27,22,"{""sim_day"": 27.0, ""doy"": 183.0, ""topwt"": 170.11791229248047, ""grnwt"": 0.0, ""xlai"": 0.353235125541687, ""totir"": 20.0, ""tofer"": NaN, ""swfac"": 0.0, ""nstres"": 0.0}",0.0,0.0,170.11791229248047,0.0,0.353235125541687,20.0,,0.0,0.0,20.0,0.0,16.884317016601564,24.884317016601564,Leave_One_experiments/all_year_offline_schedule_search/daily_outputs/FQA/FQA_2005_FQA2005_stress_grid_S0003_daily.csv
FQA,FQA,Fengqiu,2005,Leave_One_experiments\wth_generated_qc\FQA\FQA2005.WTH,wet_year;water_stress_year;nitrogen_stress_year,water_stress,FQA2005_stress_grid_S0003,irrigation_positive_candidate,2005-07-03,184,28,23,"{""sim_day"": 28.0, ""doy"": 184.0, ""topwt"": 190.56697845458984, ""grnwt"": 0.0, ""xlai"": 0.3899121582508087, ""totir"": 20.0, ""tofer"": NaN, ""swfac"": 0.0, ""nstres"": 0.0}",0.0,0.0,190.56697845458984,0.0,0.3899121582508087,20.0,,0.0,0.0,20.0,0.0,16.884317016601564,24.884317016601564,Leave_One_experiments/all_year_offline_schedule_search/daily_outputs/FQA/FQA_2005_FQA2005_stress_grid_S0003_daily.csv
FQA,FQA,Fengqiu,2005,Leave_One_experiments\wth_generated_qc\FQA\FQA2005.WTH,wet_year;water_stress_year;nitrogen_stress_year,water_stress,FQA2005_stress_grid_S0003,irrigation_positive_candidate,2005-07-04,185,29,24,"{""sim_day"": 29.0, ""doy"": 185.0, ""topwt"": 213.9559364318848, ""grnwt"": 0.0, ""xlai"": 0.4303573071956634, ""totir"": 20.0, ""tofer"": NaN, ""swfac"": 0.0, ""nstres"": 0.0}",0.0,0.0,213.9559364318848,0.0,0.4303573071956634,20.0,,0.0,0.0,20.0,0.0,16.884317016601564,24.884317016601564,Leave_One_experiments/all_year_offline_schedule_search/daily_outputs/FQA/FQA_2005_FQA2005_stress_grid_S0003_daily.csv
FQA,FQA,Fengqiu,2005,Leave_One_experiments\wth_generated_qc\FQA\FQA2005.WTH,wet_year;water_stress_year;nitrogen_stress_year,water_stress,FQA2005_stress_grid_S0003,irrigation_positive_candidate,2005-07-05,186,30,25,"{""sim_day"": 30.0, ""doy"": 186.0, ""topwt"": 241.2525177001953, ""grnwt"": 0.0, ""xlai"": 0.4757380783557892, ""totir"": 20.0, ""tofer"": NaN, ""swfac"": 0.0, ""nstres"": 0.0}",0.0,0.0,241.2525177001953,0.0,0.4757380783557892,20.0,,0.0,0.0,20.0,0.0,16.884317016601564,24.884317016601564,Leave_One_experiments/all_year_offline_schedule_search/daily_outputs/FQA/FQA_2005_FQA2005_stress_grid_S0003_daily.csv
FQA,FQA,Fengqiu,2005,Leave_One_experiments\wth_generated_qc\FQA\FQA2005.WTH,wet_year;water_stress_year;nitrogen_stress_year,water_stress,FQA2005_stress_grid_S0003,irrigation_positive_candidate,2005-07-06,187,31,26,"{""sim_day"": 31.0, ""doy"": 187.0, ""topwt"": 269.67567443847656, ""grnwt"": 0.0, ""xlai"": 0.5211678147315979, ""totir"": 20.0, ""tofer"": NaN, ""swfac"": 0.0, ""nstres"": 0.0}",0.0,0.0,269.67567443847656,0.0,0.5211678147315979,20.0,,0.0,0.0,20.0,0.0,16.884317016601564,24.884317016601564,Leave_One_experiments/all_year_offline_schedule_search/daily_outputs/FQA/FQA_2005_FQA2005_stress_grid_S0003_daily.csv
FQA,FQA,Fengqiu,2005,Leave_One_experiments\wth_generated_qc\FQA\FQA2005.WTH,wet_year;water_stress_year;nitrogen_stress_year,water_stress,FQA2005_stress_grid_S0003,irrigation_positive_candidate,2005-07-07,188,32,27,"{""sim_day"": 32.0, ""doy"": 188.0, ""topwt"": 302.80004501342773, ""grnwt"": 0.0, ""xlai"": 0.5719781517982483, ""totir"": 20.0, ""tofer"": NaN, ""swfac"": 0.0, ""nstres"": 0.0}",0.0,0.0,302.80004501342773,0.0,0.5719781517982483,20.0,,0.0,0.0,20.0,0.0,16.884317016601564,24.884317016601564,Leave_One_experiments/all_year_offline_schedule_search/daily_outputs/FQA/FQA_2005_FQA2005_stress_grid_S0003_daily.csv
FQA,FQA,Fengqiu,2005,Leave_One_experiments\wth_generated_qc\FQA\FQA2005.WTH,wet_year;water_stress_year;nitrogen_stress_year,water_stress,FQA2005_stress_grid_S0003,irrigation_positive_candidate,2005-07-08,189,33,28,"{""sim_day"": 33.0, ""doy"": 189.0, ""topwt"": 343.5060501098633, ""grnwt"": 0.0, ""xlai"": 0.6316115856170654, ""totir"": 20.0, ""tofer"": NaN, ""swfac"": 0.0, ""nstres"": 0.0}",0.0,0.0,343.5060501098633,0.0,0.6316115856170654,20.0,,0.0,0.0,20.0,0.0,16.884317016601564,24.884317016601564,Leave_One_experiments/all_year_offline_schedule_search/daily_outputs/FQA/FQA_2005_FQA2005_stress_grid_S0003_daily.csv
FQA,FQA,Fengqiu,2005,Leave_One_experiments\wth_generated_qc\FQA\FQA2005.WTH,wet_year;water_stress_year;nitrogen_stress_year,water_stress,FQA2005_stress_grid_S0003,irrigation_positive_candidate,2005-07-09,190,34,29,"{""sim_day"": 34.0, ""doy"": 190.0, ""topwt"": 386.9939422607422, ""grnwt"": 0.0, ""xlai"": 0.6924079656600952, ""totir"": 20.0, ""tofer"": NaN, ""swfac"": 0.0, ""nstres"": 0.0}",0.0,0.0,386.9939422607422,0.0,0.6924079656600952,20.0,,0.0,0.0,20.0,0.0,16.884317016601564,24.884317016601564,Leave_One_experiments/all_year_offline_schedule_search/daily_outputs/FQA/FQA_2005_FQA2005_stress_grid_S0003_daily.csv
FQA,FQA,Fengqiu,2005,Leave_One_experiments\wth_generated_qc\FQA\FQA2005.WTH,wet_year;water_stress_year;nitrogen_stress_year,water_stress,FQA2005_stress_grid_S0003,irrigation_positive_candidate,2005-07-10,191,35,30,"{""sim_day"": 35.0, ""doy"": 191.0, ""topwt"": 436.8673324584961, ""grnwt"": 0.0, ""xlai"": 0.7588441967964172, ""totir"": 20.0, ""tofer"": NaN, ""swfac"": 0.0, ""nstres"": 0.0}",0.0,0.0,436.8673324584961,0.0,0.7588441967964172,20.0,,0.0,0.0,20.0,0.0,16.884317016601564,24.884317016601564,Leave_One_experiments/all_year_offline_schedule_search/daily_outputs/FQA/FQA_2005_FQA2005_stress_grid_S0003_daily.csv
FQA,FQA,Fengqiu,2005,Leave_One_experiments\wth_generated_qc\FQA\FQA2005.WTH,wet_year;water_stress_year;nitrogen_stress_year,water_stress,FQA2005_stress_grid_S0003,irrigation_positive_candidate,2005-07-11,192,36,31,"{""sim_day"": 36.0, ""doy"": 192.0, ""topwt"": 495.4254531860352, ""grnwt"": 0.0, ""xlai"": 0.8329354524612427, ""totir"": 20.0, ""tofer"": NaN, ""swfac"": 0.0, ""nstres"": 0.0}",0.0,0.0,495.4254531860352,0.0,0.8329354524612427,20.0,,0.0,0.0,20.0,0.0,16.884317016601564,24.884317016601564,Leave_One_experiments/all_year_offline_schedule_search/daily_outputs/FQA/FQA_2005_FQA2005_stress_grid_S0003_daily.csv
FQA,FQA,Fengqiu,2005,Leave_One_experiments\wth_generated_qc\FQA\FQA2005.WTH,wet_year;water_stress_year;nitrogen_stress_year,water_stress,FQA2005_stress_grid_S0003,irrigation_positive_candidate,2005-07-12,193,37,32,"{""sim_day"": 37.0, ""doy"": 193.0, ""topwt"": 558.2823944091797, ""grnwt"": 0.0, ""xlai"": 0.9054616689682008, ""totir"": 20.0, ""tofer"": NaN, ""swfac"": 0.0, ""nstres"": 0.0253965258598327}",0.0,0.0253965258598327,558.2823944091797,0.0,0.9054616689682008,20.0,,0.0,0.0,20.0,0.0,16.884317016601564,24.884317016601564,Leave_One_experiments/all_year_offline_schedule_search/daily_outputs/FQA/FQA_2005_FQA2005_stress_grid_S0003_daily.csv
FQA,FQA,Fengqiu,2005,Leave_One_experiments\wth_generated_qc\FQA\FQA2005.WTH,wet_year;water_stress_year;nitrogen_stress_year,water_stress,FQA2005_stress_grid_S0003,irrigation_positive_candidate,2005-07-13,194,38,33,"{""sim_day"": 38.0, ""doy"": 194.0, ""topwt"": 623.9998626708984, ""grnwt"": 0.0, ""xlai"": 0.9721826910972596, ""totir"": 20.0, ""tofer"": NaN, ""swfac"": 0.0, ""nstres"": 0.0648895502090454}",0.0,0.0648895502090454,623.9998626708984,0.0,0.9721826910972596,20.0,,0.0,0.0,20.0,0.0,16.884317016601564,24.884317016601564,Leave_One_experiments/all_year_offline_schedule_search/daily_outputs/FQA/FQA_2005_FQA2005_stress_grid_S0003_daily.csv
FQA,FQA,Fengqiu,2005,Leave_One_experiments\wth_generated_qc\FQA\FQA2005.WTH,wet_year;water_stress_year;nitrogen_stress_year,water_stress,FQA2005_stress_grid_S0003,irrigation_positive_candidate,2005-07-14,195,39,34,"{""sim_day"": 39.0, ""doy"": 195.0, ""topwt"": 686.2509918212891, ""grnwt"": 0.0, ""xlai"": 1.0264707803726196, ""totir"": 20.0, ""tofer"": NaN, ""swfac"": 0.0, ""nstres"": 0.0992777347564697}",0.0,0.0992777347564697,686.2509918212891,0.0,1.0264707803726196,20.0,,0.0,0.0,20.0,0.0,16.884317016601564,24.884317016601564,Leave_One_experiments/all_year_offline_schedule_search/daily_outputs/FQA/FQA_2005_FQA2005_stress_grid_S0003_daily.csv
FQA,FQA,Fengqiu,2005,Leave_One_experiments\wth_generated_qc\FQA\FQA2005.WTH,wet_year;water_stress_year;nitrogen_stress_year,water_stress,FQA2005_stress_grid_S0003,irrigation_positive_candidate,2005-07-15,196,40,35,"{""sim_day"": 40.0, ""doy"": 196.0, ""topwt"": 742.755126953125, ""grnwt"": 0.0, ""xlai"": 1.067376971244812, ""totir"": 20.0, ""tofer"": NaN, ""swfac"": 0.0, ""nstres"": 0.1276808381080627}",0.0,0.1276808381080627,742.755126953125,0.0,1.067376971244812,20.0,,0.0,0.0,20.0,0.0,16.884317016601564,24.884317016601564,Leave_One_experiments/all_year_offline_schedule_search/daily_outputs/FQA/FQA_2005_FQA2005_stress_grid_S0003_daily.csv
FQA,FQA,Fengqiu,2005,Leave_One_experiments\wth_generated_qc\FQA\FQA2005.WTH,wet_year;water_stress_year;nitrogen_stress_year,water_stress,FQA2005_stress_grid_S0003,irrigation_positive_candidate,2005-07-16,197,41,36,"{""sim_day"": 41.0, ""doy"": 197.0, ""topwt"": 796.4037322998047, ""grnwt"": 0.0, ""xlai"": 1.099569320678711, ""totir"": 20.0, ""tofer"": NaN, ""swfac"": 0.0, ""nstres"": 0.1482599973678589}",0.0,0.1482599973678589,796.4037322998047,0.0,1.099569320678711,20.0,,0.0,0.0,20.0,0.0,16.884317016601564,24.884317016601564,Leave_One_experiments/all_year_offline_schedule_search/daily_outputs/FQA/FQA_2005_FQA2005_stress_grid_S0003_daily.csv
FQA,FQA,Fengqiu,2005,Leave_One_experiments\wth_generated_qc\FQA\FQA2005.WTH,wet_year;water_stress_year;nitrogen_stress_year,water_stress,FQA2005_stress_grid_S0003,irrigation_positive_candidate,2005-07-17,198,42,37,"{""sim_day"": 42.0, ""doy"": 198.0, ""topwt"": 858.5250091552734, ""grnwt"": 0.0, ""xlai"": 1.1350209712982178, ""totir"": 20.0, ""tofer"": NaN, ""swfac"": 0.0, ""nstres"": 0.1596648693084716}",0.0,0.1596648693084716,858.5250091552734,0.0,1.1350209712982178,20.0,,0.0,0.0,20.0,0.0,16.884317016601564,24.884317016601564,Leave_One_experiments/all_year_offline_schedule_search/daily_outputs/FQA/FQA_2005_FQA2005_stress_grid_S0003_daily.csv
FQA,FQA,Fengqiu,2005,Leave_One_experiments\wth_generated_qc\FQA\FQA2005.WTH,wet_year;water_stress_year;nitrogen_stress_year,water_stress,FQA2005_stress_grid_S0003,irrigation_positive_candidate,2005-07-18,199,43,38,"{""sim_day"": 43.0, ""doy"": 199.0, ""topwt"": 930.8268737792968, ""grnwt"": 0.0, ""xlai"": 1.1747440099716189, ""totir"": 20.0, ""tofer"": NaN, ""swfac"": 0.0, ""nstres"": 0.1673660278320312}",0.0,0.1673660278320312,930.8268737792968,0.0,1.1747440099716189,20.0,,0.0,0.0,20.0,0.0,16.884317016601564,24.884317016601564,Leave_One_experiments/all_year_offline_schedule_search/daily_outputs/FQA/FQA_2005_FQA2005_stress_grid_S0003_daily.csv
FQA,FQA,Fengqiu,2005,Leave_One_experiments\wth_generated_qc\FQA\FQA2005.WTH,wet_year;water_stress_year;nitrogen_stress_year,water_stress,FQA2005_stress_grid_S0003,irrigation_positive_candidate,2005-07-19,200,44,39,"{""sim_day"": 44.0, ""doy"": 200.0, ""topwt"": 1003.8307189941406, ""grnwt"": 0.0, ""xlai"": 1.209359645843506, ""totir"": 20.0, ""tofer"": NaN, ""swfac"": 0.0, ""nstres"": 0.1790106296539306}",0.0,0.1790106296539306,1003.8307189941406,0.0,1.209359645843506,20.0,,0.0,0.0,20.0,0.0,16.884317016601564,24.884317016601564,Leave_One_experiments/all_year_offline_schedule_search/daily_outputs/FQA/FQA_2005_FQA2005_stress_grid_S0003_daily.csv
FQA,FQA,Fengqiu,2005,Leave_One_experiments\wth_generated_qc\FQA\FQA2005.WTH,wet_year;water_stress_year;nitrogen_stress_year,water_stress,FQA2005_stress_grid_S0003,irrigation_positive_candidate,2005-07-20,201,45,40,"{""sim_day"": 45.0, ""doy"": 201.0, ""topwt"": 1139.1065216064453, ""grnwt"": 0.0, ""xlai"": 1.2264171838760376, ""totir"": 20.0, ""tofer"": NaN, ""swfac"": 0.0, ""nstres"": 0.1927413344383239}",0.0,0.1927413344383239,1139.1065216064453,0.0,1.2264171838760376,20.0,,0.0,0.0,20.0,0.0,16.884317016601564,24.884317016601564,Leave_One_experiments/all_year_offline_schedule_search/daily_outputs/FQA/FQA_2005_FQA2005_stress_grid_S0003_daily.csv
FQA,FQA,Fengqiu,2005,Leave_One_experiments\wth_generated_qc\FQA\FQA2005.WTH,wet_year;water_stress_year;nitrogen_stress_year,water_stress,FQA2005_stress_grid_S0003,irrigation_positive_candidate,2005-07-21,202,46,41,"{""sim_day"": 46.0, ""doy"": 202.0, ""topwt"": 1272.1282958984375, ""grnwt"": 0.0, ""xlai"": 1.2382298707962036, ""totir"": 20.0, ""tofer"": NaN, ""swfac"": 0.0, ""nstres"": 0.2090901732444763}",0.0,0.2090901732444763,1272.1282958984375,0.0,1.2382298707962036,20.0,,0.0,0.0,20.0,0.0,16.884317016601564,24.884317016601564,Leave_One_experiments/all_year_offline_schedule_search/daily_outputs/FQA/FQA_2005_FQA2005_stress_grid_S0003_daily.csv
FQA,FQA,Fengqiu,2005,Leave_One_experiments\wth_generated_qc\FQA\FQA2005.WTH,wet_year;water_stress_year;nitrogen_stress_year,water_stress,FQA2005_stress_grid_S0003,irrigation_positive_candidate,2005-07-22,203,47,42,"{""sim_day"": 47.0, ""doy"": 203.0, ""topwt"": 1317.1151733398438, ""grnwt"": 0.0, ""xlai"": 1.2167348861694336, ""totir"": 20.0, ""tofer"": NaN, ""swfac"": 0.0, ""nstres"": 0.2830922603607178}",0.0,0.2830922603607178,1317.1151733398438,0.0,1.2167348861694336,20.0,,0.0,0.0,20.0,0.0,16.884317016601564,24.884317016601564,Leave_One_experiments/all_year_offline_schedule_search/daily_outputs/FQA/FQA_2005_FQA2005_stress_grid_S0003_daily.csv
FQA,FQA,Fengqiu,2005,Leave_One_experiments\wth_generated_qc\FQA\FQA2005.WTH,wet_year;water_stress_year;nitrogen_stress_year,water_stress,FQA2005_stress_grid_S0003,irrigation_positive_candidate,2005-07-23,204,48,43,"{""sim_day"": 48.0, ""doy"": 204.0, ""topwt"": 1410.382080078125, ""grnwt"": 0.0, ""xlai"": 1.2068785429000854, ""totir"": 20.0, ""tofer"": NaN, ""swfac"": 0.0, ""nstres"": 0.3372056484222412}",0.0,0.3372056484222412,1410.382080078125,0.0,1.2068785429000854,20.0,,0.0,0.0,20.0,0.0,16.884317016601564,24.884317016601564,Leave_One_experiments/all_year_offline_schedule_search/daily_outputs/FQA/FQA_2005_FQA2005_stress_grid_S0003_daily.csv
FQA,FQA,Fengqiu,2005,Leave_One_experiments\wth_generated_qc\FQA\FQA2005.WTH,wet_year;water_stress_year;nitrogen_stress_year,water_stress,FQA2005_stress_grid_S0003,irrigation_positive_candidate,2005-07-24,205,49,44,"{""sim_day"": 49.0, ""doy"": 205.0, ""topwt"": 1500.579833984375, ""grnwt"": 0.0, ""xlai"": 1.195528864860535, ""totir"": 20.0, ""tofer"": NaN, ""swfac"": 0.0, ""nstres"": 0.3357927799224853}",0.0,0.3357927799224853,1500.579833984375,0.0,1.195528864860535,20.0,,0.0,0.0,20.0,0.0,16.884317016601564,24.884317016601564,Leave_One_experiments/all_year_offline_schedule_search/daily_outputs/FQA/FQA_2005_FQA2005_stress_grid_S0003_daily.csv
FQA,FQA,Fengqiu,2005,Leave_One_experiments\wth_generated_qc\FQA\FQA2005.WTH,wet_year;water_stress_year;nitrogen_stress_year,water_stress,FQA2005_stress_grid_S0003,irrigation_positive_candidate,2005-07-25,206,50,45,"{""sim_day"": 50.0, ""doy"": 206.0, ""topwt"": 1585.3987121582031, ""grnwt"": 0.0, ""xlai"": 1.180903077125549, ""totir"": 20.0, ""tofer"": NaN, ""swfac"": 0.0, ""nstres"": 0.3609271049499511}",0.0,0.3609271049499511,1585.3987121582031,0.0,1.180903077125549,20.0,,0.0,0.0,20.0,0.0,16.884317016601564,24.884317016601564,Leave_One_experiments/all_year_offline_schedule_search/daily_outputs/FQA/FQA_2005_FQA2005_stress_grid_S0003_daily.csv
FQA,FQA,Fengqiu,2005,Leave_One_experiments\wth_generated_qc\FQA\FQA2005.WTH,wet_year;water_stress_year;nitrogen_stress_year,water_stress,FQA2005_stress_grid_S0003,irrigation_positive_candidate,2005-07-26,207,51,46,"{""sim_day"": 51.0, ""doy"": 207.0, ""topwt"": 1642.0735168457031, ""grnwt"": 0.0, ""xlai"": 1.1575524806976318, ""totir"": 20.0, ""tofer"": NaN, ""swfac"": 0.0, ""nstres"": 0.3796870112419128}",0.0,0.3796870112419128,1642.0735168457031,0.0,1.1575524806976318,20.0,,0.0,0.0,20.0,0.0,16.884317016601564,24.884317016601564,Leave_One_experiments/all_year_offline_schedule_search/daily_outputs/FQA/FQA_2005_FQA2005_stress_grid_S0003_daily.csv
FQA,FQA,Fengqiu,2005,Leave_One_experiments\wth_generated_qc\FQA\FQA2005.WTH,wet_year;water_stress_year;nitrogen_stress_year,water_stress,FQA2005_stress_grid_S0003,irrigation_positive_candidate,2005-07-27,208,52,47,"{""sim_day"": 52.0, ""doy"": 208.0, ""topwt"": 1729.0509033203125, ""grnwt"": 0.0, ""xlai"": 1.1419671773910522, ""totir"": 20.0, ""tofer"": NaN, ""swfac"": 0.0, ""nstres"": 0.3878698945045471}",0.0,0.3878698945045471,1729.0509033203125,0.0,1.1419671773910522,20.0,,0.0,0.0,20.0,0.0,16.884317016601564,24.884317016601564,Leave_One_experiments/all_year_offline_schedule_search/daily_outputs/FQA/FQA_2005_FQA2005_stress_grid_S0003_daily.csv
FQA,FQA,Fengqiu,2005,Leave_One_experiments\wth_generated_qc\FQA\FQA2005.WTH,wet_year;water_stress_year;nitrogen_stress_year,water_stress,FQA2005_stress_grid_S0003,irrigation_positive_candidate,2005-07-28,209,53,48,"{""sim_day"": 53.0, ""doy"": 209.0, ""topwt"": 1814.746551513672, ""grnwt"": 0.0, ""xlai"": 1.1260837316513062, ""totir"": 20.0, ""tofer"": NaN, ""swfac"": 0.0, ""nstres"": 0.3841971158981323}",0.0,0.3841971158981323,1814.746551513672,0.0,1.1260837316513062,20.0,,0.0,0.0,20.0,0.0,16.884317016601564,24.884317016601564,Leave_One_experiments/all_year_offline_schedule_search/daily_outputs/FQA/FQA_2005_FQA2005_stress_grid_S0003_daily.csv
FQA,FQA,Fengqiu,2005,Leave_One_experiments\wth_generated_qc\FQA\FQA2005.WTH,wet_year;water_stress_year;nitrogen_stress_year,water_stress,FQA2005_stress_grid_S0003,irrigation_positive_candidate,2005-07-29,210,54,49,"{""sim_day"": 54.0, ""doy"": 210.0, ""topwt"": 1883.1686401367188, ""grnwt"": 0.0, ""xlai"": 1.1060999631881714, ""totir"": 20.0, ""tofer"": NaN, ""swfac"": 0.0, ""nstres"": 0.389203131198883}",0.0,0.389203131198883,1883.1686401367188,0.0,1.1060999631881714,20.0,,0.0,0.0,20.0,0.0,16.884317016601564,24.884317016601564,Leave_One_experiments/all_year_offline_schedule_search/daily_outputs/FQA/FQA_2005_FQA2005_stress_grid_S0003_daily.csv
FQA,FQA,Fengqiu,2005,Leave_One_experiments\wth_generated_qc\FQA\FQA2005.WTH,wet_year;water_stress_year;nitrogen_stress_year,water_stress,FQA2005_stress_grid_S0003,irrigation_positive_candidate,2005-07-30,211,55,50,"{""sim_day"": 55.0, ""doy"": 211.0, ""topwt"": 1939.1796875, ""grnwt"": 0.0, ""xlai"": 1.0833840370178225, ""totir"": 20.0, ""tofer"": NaN, ""swfac"": 0.0, ""nstres"": 0.3944082260131836}",0.0,0.3944082260131836,1939.1796875,0.0,1.0833840370178225,20.0,,0.0,0.0,20.0,0.0,16.884317016601564,24.884317016601564,Leave_One_experiments/all_year_offline_schedule_search/daily_outputs/FQA/FQA_2005_FQA2005_stress_grid_S0003_daily.csv
FQA,FQA,Fengqiu,2005,Leave_One_experiments\wth_generated_qc\FQA\FQA2005.WTH,wet_year;water_stress_year;nitrogen_stress_year,water_stress,FQA2005_stress_grid_S0003,irrigation_positive_candidate,2005-07-31,212,56,51,"{""sim_day"": 56.0, ""doy"": 212.0, ""topwt"": 2030.2471923828125, ""grnwt"": 0.0, ""xlai"": 1.0701429843902588, ""totir"": 20.0, ""tofer"": NaN, ""swfac"": 0.0, ""nstres"": 0.3968831896781921}",0.0,0.3968831896781921,2030.2471923828125,0.0,1.0701429843902588,20.0,,0.0,0.0,20.0,0.0,16.884317016601564,24.884317016601564,Leave_One_experiments/all_year_offline_schedule_search/daily_outputs/FQA/FQA_2005_FQA2005_stress_grid_S0003_daily.csv
FQA,FQA,Fengqiu,2005,Leave_One_experiments\wth_generated_qc\FQA\FQA2005.WTH,wet_year;water_stress_year;nitrogen_stress_year,water_stress,FQA2005_stress_grid_S0003,irrigation_positive_candidate,2005-08-01,213,57,52,"{""sim_day"": 57.0, ""doy"": 213.0, ""topwt"": 2068.4962463378906, ""grnwt"": 0.0, ""xlai"": 1.043861746788025, ""totir"": 20.0, ""tofer"": NaN, ""swfac"": 0.0, ""nstres"": 0.4000042676925659}",0.0,0.4000042676925659,2068.4962463378906,0.0,1.043861746788025,20.0,,0.0,0.0,20.0,0.0,16.884317016601564,24.884317016601564,Leave_One_experiments/all_year_offline_schedule_search/daily_outputs/FQA/FQA_2005_FQA2005_stress_grid_S0003_daily.csv
FQA,FQA,Fengqiu,2005,Leave_One_experiments\wth_generated_qc\FQA\FQA2005.WTH,wet_year;water_stress_year;nitrogen_stress_year,water_stress,FQA2005_stress_grid_S0003,irrigation_positive_candidate,2005-08-02,214,58,53,"{""sim_day"": 58.0, ""doy"": 214.0, ""topwt"": 2147.3162841796875, ""grnwt"": 0.0, ""xlai"": 1.028255820274353, ""totir"": 20.0, ""tofer"": NaN, ""swfac"": 0.0, ""nstres"": 0.409628689289093}",0.0,0.409628689289093,2147.3162841796875,0.0,1.028255820274353,20.0,,0.0,0.0,20.0,0.0,16.884317016601564,24.884317016601564,Leave_One_experiments/all_year_offline_schedule_search/daily_outputs/FQA/FQA_2005_FQA2005_stress_grid_S0003_daily.csv
FQA,FQA,Fengqiu,2005,Leave_One_experiments\wth_generated_qc\FQA\FQA2005.WTH,wet_year;water_stress_year;nitrogen_stress_year,water_stress,FQA2005_stress_grid_S0003,irrigation_positive_candidate,2005-08-03,215,59,54,"{""sim_day"": 59.0, ""doy"": 215.0, ""topwt"": 2219.369506835937, ""grnwt"": 0.0, ""xlai"": 1.0115755796432495, ""totir"": 20.0, ""tofer"": NaN, ""swfac"": 0.0, ""nstres"": 0.4069477319717407}",0.0,0.4069477319717407,2219.369506835937,0.0,1.0115755796432495,20.0,,0.0,0.0,20.0,0.0,16.884317016601564,24.884317016601564,Leave_One_experiments/all_year_offline_schedule_search/daily_outputs/FQA/FQA_2005_FQA2005_stress_grid_S0003_daily.csv
FQA,FQA,Fengqiu,2005,Leave_One_experiments\wth_generated_qc\FQA\FQA2005.WTH,wet_year;water_stress_year;nitrogen_stress_year,water_stress,FQA2005_stress_grid_S0003,irrigation_positive_candidate,2005-08-04,216,60,55,"{""sim_day"": 60.0, ""doy"": 216.0, ""topwt"": 2292.9214477539062, ""grnwt"": 0.0, ""xlai"": 0.9961134791374208, ""totir"": 20.0, ""tofer"": NaN, ""swfac"": 0.0, ""nstres"": 0.4001412391662597}",0.0,0.4001412391662597,2292.9214477539062,0.0,0.9961134791374208,20.0,,0.0,0.0,20.0,0.0,16.884317016601564,24.884317016601564,Leave_One_experiments/all_year_offline_schedule_search/daily_outputs/FQA/FQA_2005_FQA2005_stress_grid_S0003_daily.csv
FQA,FQA,Fengqiu,2005,Leave_One_experiments\wth_generated_qc\FQA\FQA2005.WTH,wet_year;water_stress_year;nitrogen_stress_year,water_stress,FQA2005_stress_grid_S0003,irrigation_positive_candidate,2005-08-05,217,61,56,"{""sim_day"": 61.0, ""doy"": 217.0, ""topwt"": 2331.1805725097656, ""grnwt"": 0.0, ""xlai"": 0.9727774858474731, ""totir"": 20.0, ""tofer"": NaN, ""swfac"": 0.0, ""nstres"": 0.3880242109298706}",0.0,0.3880242109298706,2331.1805725097656,0.0,0.9727774858474731,20.0,,0.0,0.0,20.0,0.0,16.884317016601564,24.884317016601564,Leave_One_experiments/all_year_offline_schedule_search/daily_outputs/FQA/FQA_2005_FQA2005_stress_grid_S0003_daily.csv
FQA,FQA,Fengqiu,2005,Leave_One_experiments\wth_generated_qc\FQA\FQA2005.WTH,wet_year;water_stress_year;nitrogen_stress_year,water_stress,FQA2005_stress_grid_S0003,irrigation_positive_candidate,2005-08-06,218,62,57,"{""sim_day"": 62.0, ""doy"": 218.0, ""topwt"": 2436.778259277344, ""grnwt"": 0.0, ""xlai"": 0.9413703680038452, ""totir"": 20.0, ""tofer"": NaN, ""swfac"": 0.0, ""nstres"": 0.3748632669448852}",0.0,0.3748632669448852,2436.778259277344,0.0,0.9413703680038452,20.0,,0.0,0.0,20.0,0.0,16.884317016601564,24.884317016601564,Leave_One_experiments/all_year_offline_schedule_search/daily_outputs/FQA/FQA_2005_FQA2005_stress_grid_S0003_daily.csv
FQA,FQA,Fengqiu,2005,Leave_One_experiments\wth_generated_qc\FQA\FQA2005.WTH,wet_year;water_stress_year;nitrogen_stress_year,water_stress,FQA2005_stress_grid_S0003,irrigation_positive_candidate,2005-08-07,219,63,58,"{""sim_day"": 63.0, ""doy"": 219.0, ""topwt"": 2549.573516845703, ""grnwt"": 0.0, ""xlai"": 0.9119729399681092, ""totir"": 20.0, ""tofer"": NaN, ""swfac"": 0.0, ""nstres"": 0.3494803309440613}",0.0,0.3494803309440613,2549.573516845703,0.0,0.9119729399681092,20.0,,0.0,0.0,20.0,0.0,16.884317016601564,24.884317016601564,Leave_One_experiments/all_year_offline_schedule_search/daily_outputs/FQA/FQA_2005_FQA2005_stress_grid_S0003_daily.csv
FQA,FQA,Fengqiu,2005,Leave_One_experiments\wth_generated_qc\FQA\FQA2005.WTH,wet_year;water_stress_year;nitrogen_stress_year,water_stress,FQA2005_stress_grid_S0003,irrigation_positive_candidate,2005-08-08,220,64,59,"{""sim_day"": 64.0, ""doy"": 220.0, ""topwt"": 2616.0888671875, ""grnwt"": 0.0, ""xlai"": 0.8835923671722412, ""totir"": 20.0, ""tofer"": NaN, ""swfac"": 0.0, ""nstres"": 0.3468781113624573}",0.0,0.3468781113624573,2616.0888671875,0.0,0.8835923671722412,20.0,,0.0,0.0,20.0,0.0,16.884317016601564,24.884317016601564,Leave_One_experiments/all_year_offline_schedule_search/daily_outputs/FQA/FQA_2005_FQA2005_stress_grid_S0003_daily.csv
FQA,FQA,Fengqiu,2005,Leave_One_experiments\wth_generated_qc\FQA\FQA2005.WTH,wet_year;water_stress_year;nitrogen_stress_year,water_stress,FQA2005_stress_grid_S0003,irrigation_positive_candidate,2005-08-09,221,65,60,"{""sim_day"": 65.0, ""doy"": 221.0, ""topwt"": 2694.2886352539062, ""grnwt"": 0.0, ""xlai"": 0.8562911152839661, ""totir"": 20.0, ""tofer"": NaN, ""swfac"": 0.0, ""nstres"": 0.3415528535842895}",0.0,0.3415528535842895,2694.2886352539062,0.0,0.8562911152839661,20.0,,0.0,0.0,20.0,0.0,16.884317016601564,24.884317016601564,Leave_One_experiments/all_year_offline_schedule_search/daily_outputs/FQA/FQA_2005_FQA2005_stress_grid_S0003_daily.csv
FQA,FQA,Fengqiu,2005,Leave_One_experiments\wth_generated_qc\FQA\FQA2005.WTH,wet_year;water_stress_year;nitrogen_stress_year,water_stress,FQA2005_stress_grid_S0003,irrigation_positive_candidate,2005-08-10,222,66,61,"{""sim_day"": 66.0, ""doy"": 222.0, ""topwt"": 2804.940795898437, ""grnwt"": 0.0, ""xlai"": 0.8305644392967224, ""totir"": 20.0, ""tofer"": NaN, ""swfac"": 0.0, ""nstres"": 0.3210616111755371}",0.0,0.3210616111755371,2804.940795898437,0.0,0.8305644392967224,20.0,,0.0,0.0,20.0,0.0,16.884317016601564,24.884317016601564,Leave_One_experiments/all_year_offline_schedule_search/daily_outputs/FQA/FQA_2005_FQA2005_stress_grid_S0003_daily.csv
FQA,FQA,Fengqiu,2005,Leave_One_experiments\wth_generated_qc\FQA\FQA2005.WTH,wet_year;water_stress_year;nitrogen_stress_year,water_stress,FQA2005_stress_grid_S0003,irrigation_positive_candidate,2005-08-11,223,67,62,"{""sim_day"": 67.0, ""doy"": 223.0, ""topwt"": 2925.376281738281, ""grnwt"": 0.0, ""xlai"": 0.8063036799430847, ""totir"": 20.0, ""tofer"": NaN, ""swfac"": 0.0, ""nstres"": 0.3010385632514953}",0.0,0.3010385632514953,2925.376281738281,0.0,0.8063036799430847,20.0,,0.0,0.0,20.0,0.0,16.884317016601564,24.884317016601564,Leave_One_experiments/all_year_offline_schedule_search/daily_outputs/FQA/FQA_2005_FQA2005_stress_grid_S0003_daily.csv
FQA,FQA,Fengqiu,2005,Leave_One_experiments\wth_generated_qc\FQA\FQA2005.WTH,wet_year;water_stress_year;nitrogen_stress_year,water_stress,FQA2005_stress_grid_S0003,irrigation_positive_candidate,2005-08-12,224,68,63,"{""sim_day"": 68.0, ""doy"": 224.0, ""topwt"": 3026.2185668945312, ""grnwt"": 0.0, ""xlai"": 0.7832172513008118, ""totir"": 20.0, ""tofer"": NaN, ""swfac"": 0.0, ""nstres"": 0.2871778607368469}",0.0,0.2871778607368469,3026.2185668945312,0.0,0.7832172513008118,20.0,,0.0,0.0,20.0,0.0,16.884317016601564,24.884317016601564,Leave_One_experiments/all_year_offline_schedule_search/daily_outputs/FQA/FQA_2005_FQA2005_stress_grid_S0003_daily.csv
FQA,FQA,Fengqiu,2005,Leave_One_experiments\wth_generated_qc\FQA\FQA2005.WTH,wet_year;water_stress_year;nitrogen_stress_year,water_stress,FQA2005_stress_grid_S0003,irrigation_positive_candidate,2005-08-13,225,69,64,"{""sim_day"": 69.0, ""doy"": 225.0, ""topwt"": 3102.3355102539062, ""grnwt"": 0.0, ""xlai"": 0.7612560391426086, ""totir"": 20.0, ""tofer"": NaN, ""swfac"": 0.0, ""nstres"": 0.2729542255401611}",0.0,0.2729542255401611,3102.3355102539062,0.0,0.7612560391426086,20.0,,0.0,0.0,20.0,0.0,16.884317016601564,24.884317016601564,Leave_One_experiments/all_year_offline_schedule_search/daily_outputs/FQA/FQA_2005_FQA2005_stress_grid_S0003_daily.csv
FQA,FQA,Fengqiu,2005,Leave_One_experiments\wth_generated_qc\FQA\FQA2005.WTH,wet_year;water_stress_year;nitrogen_stress_year,water_stress,FQA2005_stress_grid_S0003,irrigation_positive_candidate,2005-08-14,226,70,65,"{""sim_day"": 70.0, ""doy"": 226.0, ""topwt"": 3202.606811523437, ""grnwt"": 137.56131172180176, ""xlai"": 0.7406211495399475, ""totir"": 20.0, ""tofer"": NaN, ""swfac"": 0.0, ""nstres"": 0.2505519986152649}",0.0,0.2505519986152649,3202.606811523437,137.56131172180176,0.7406211495399475,20.0,,0.0,0.0,20.0,0.0,16.884317016601564,24.884317016601564,Leave_One_experiments/all_year_offline_schedule_search/daily_outputs/FQA/FQA_2005_FQA2005_stress_grid_S0003_daily.csv
FQA,FQA,Fengqiu,2005,Leave_One_experiments\wth_generated_qc\FQA\FQA2005.WTH,wet_year;water_stress_year;nitrogen_stress_year,water_stress,FQA2005_stress_grid_S0003,irrigation_positive_candidate,2005-08-15,227,71,66,"{""sim_day"": 71.0, ""doy"": 227.0, ""topwt"": 3300.5337524414062, ""grnwt"": 202.78814315795896, ""xlai"": 0.7193371653556824, ""totir"": 20.0, ""tofer"": NaN, ""swfac"": 0.0, ""nstres"": 0.2897120714187622}",0.0,0.2897120714187622,3300.5337524414062,202.78814315795896,0.7193371653556824,20.0,,0.0,0.0,20.0,0.0,16.884317016601564,24.884317016601564,Leave_One_experiments/all_year_offline_schedule_search/daily_outputs/FQA/FQA_2005_FQA2005_stress_grid_S0003_daily.csv
FQA,FQA,Fengqiu,2005,Leave_One_experiments\wth_generated_qc\FQA\FQA2005.WTH,wet_year;water_stress_year;nitrogen_stress_year,water_stress,FQA2005_stress_grid_S0003,irrigation_positive_candidate,2005-08-16,228,72,67,"{""sim_day"": 72.0, ""doy"": 228.0, ""topwt"": 3328.15673828125, ""grnwt"": 307.1510696411133, ""xlai"": 0.6992972493171692, ""totir"": 20.0, ""tofer"": NaN, ""swfac"": 0.0, ""nstres"": 0.26861172914505}",0.0,0.26861172914505,3328.15673828125,307.1510696411133,0.6992972493171692,20.0,,0.0,0.0,20.0,0.0,16.884317016601564,24.884317016601564,Leave_One_experiments/all_year_offline_schedule_search/daily_outputs/FQA/FQA_2005_FQA2005_stress_grid_S0003_daily.csv
FQA,FQA,Fengqiu,2005,Leave_One_experiments\wth_generated_qc\FQA\FQA2005.WTH,wet_year;water_stress_year;nitrogen_stress_year,water_stress,FQA2005_stress_grid_S0003,irrigation_positive_candidate,2005-08-17,229,73,68,"{""sim_day"": 73.0, ""doy"": 229.0, ""topwt"": 3441.88720703125, ""grnwt"": 411.5139770507813, ""xlai"": 0.6793731451034546, ""totir"": 20.0, ""tofer"": NaN, ""swfac"": 0.0, ""nstres"": 0.2837992310523987}",0.0,0.2837992310523987,3441.88720703125,411.5139770507813,0.6793731451034546,20.0,,0.0,0.0,20.0,0.0,16.884317016601564,24.884317016601564,Leave_One_experiments/all_year_offline_schedule_search/daily_outputs/FQA/FQA_2005_FQA2005_stress_grid_S0003_daily.csv
FQA,FQA,Fengqiu,2005,Leave_One_experiments\wth_generated_qc\FQA\FQA2005.WTH,wet_year;water_stress_year;nitrogen_stress_year,water_stress,FQA2005_stress_grid_S0003,irrigation_positive_candidate,2005-08-18,230,74,69,"{""sim_day"": 74.0, ""doy"": 230.0, ""topwt"": 3544.520263671875, ""grnwt"": 515.8768844604492, ""xlai"": 0.6606486439704895, ""totir"": 20.0, ""tofer"": NaN, ""swfac"": 0.0, ""nstres"": 0.2614748477935791}",0.0,0.2614748477935791,3544.520263671875,515.8768844604492,0.6606486439704895,20.0,,0.0,0.0,20.0,0.0,16.884317016601564,24.884317016601564,Leave_One_experiments/all_year_offline_schedule_search/daily_outputs/FQA/FQA_2005_FQA2005_stress_grid_S0003_daily.csv
FQA,FQA,Fengqiu,2005,Leave_One_experiments\wth_generated_qc\FQA\FQA2005.WTH,wet_year;water_stress_year;nitrogen_stress_year,water_stress,FQA2005_stress_grid_S0003,irrigation_positive_candidate,2005-08-19,231,75,70,"{""sim_day"": 75.0, ""doy"": 231.0, ""topwt"": 3581.0601806640625, ""grnwt"": 620.2397918701172, ""xlai"": 0.6419543623924255, ""totir"": 20.0, ""tofer"": NaN, ""swfac"": 0.0, ""nstres"": 0.2791216373443603}",0.0,0.2791216373443603,3581.0601806640625,620.2397918701172,0.6419543623924255,20.0,,0.0,0.0,20.0,0.0,16.884317016601564,24.884317016601564,Leave_One_experiments/all_year_offline_schedule_search/daily_outputs/FQA/FQA_2005_FQA2005_stress_grid_S0003_daily.csv
FQA,FQA,Fengqiu,2005,Leave_One_experiments\wth_generated_qc\FQA\FQA2005.WTH,wet_year;water_stress_year;nitrogen_stress_year,water_stress,FQA2005_stress_grid_S0003,irrigation_positive_candidate,2005-08-20,232,76,71,"{""sim_day"": 76.0, ""doy"": 232.0, ""topwt"": 3616.305541992188, ""grnwt"": 724.6027374267578, ""xlai"": 0.6235361099243164, ""totir"": 20.0, ""tofer"": NaN, ""swfac"": 0.0, ""nstres"": 0.288581907749176}",0.0,0.288581907749176,3616.305541992188,724.6027374267578,0.6235361099243164,20.0,,0.0,0.0,20.0,0.0,16.884317016601564,24.884317016601564,Leave_One_experiments/all_year_offline_schedule_search/daily_outputs/FQA/FQA_2005_FQA2005_stress_grid_S0003_daily.csv
FQA,FQA,Fengqiu,2005,Leave_One_experiments\wth_generated_qc\FQA\FQA2005.WTH,wet_year;water_stress_year;nitrogen_stress_year,water_stress,FQA2005_stress_grid_S0003,irrigation_positive_candidate,2005-08-21,233,77,72,"{""sim_day"": 77.0, ""doy"": 233.0, ""topwt"": 3634.3258666992183, ""grnwt"": 828.9656829833984, ""xlai"": 0.6059399247169495, ""totir"": 20.0, ""tofer"": NaN, ""swfac"": 0.0, ""nstres"": 0.2772778868675232}",0.0,0.2772778868675232,3634.3258666992183,828.9656829833984,0.6059399247169495,20.0,,0.0,0.0,20.0,0.0,16.884317016601564,24.884317016601564,Leave_One_experiments/all_year_offline_schedule_search/daily_outputs/FQA/FQA_2005_FQA2005_stress_grid_S0003_daily.csv
FQA,FQA,Fengqiu,2005,Leave_One_experiments\wth_generated_qc\FQA\FQA2005.WTH,wet_year;water_stress_year;nitrogen_stress_year,water_stress,FQA2005_stress_grid_S0003,irrigation_positive_candidate,2005-08-22,234,78,73,"{""sim_day"": 78.0, ""doy"": 234.0, ""topwt"": 3656.3894653320312, ""grnwt"": 933.3286285400392, ""xlai"": 0.5891014337539673, ""totir"": 20.0, ""tofer"": NaN, ""swfac"": 0.0, ""nstres"": 0.2669373154640198}",0.0,0.2669373154640198,3656.3894653320312,933.3286285400392,0.5891014337539673,20.0,,0.0,0.0,20.0,0.0,16.884317016601564,24.884317016601564,Leave_One_experiments/all_year_offline_schedule_search/daily_outputs/FQA/FQA_2005_FQA2005_stress_grid_S0003_daily.csv
FQA,FQA,Fengqiu,2005,Leave_One_experiments\wth_generated_qc\FQA\FQA2005.WTH,wet_year;water_stress_year;nitrogen_stress_year,water_stress,FQA2005_stress_grid_S0003,irrigation_positive_candidate,2005-08-23,235,79,74,"{""sim_day"": 79.0, ""doy"": 235.0, ""topwt"": 3768.551635742188, ""grnwt"": 1037.6915740966797, ""xlai"": 0.5732572078704834, ""totir"": 20.0, ""tofer"": NaN, ""swfac"": 0.0, ""nstres"": 0.2454957365989685}",0.0,0.2454957365989685,3768.551635742188,1037.6915740966797,0.5732572078704834,20.0,,0.0,0.0,20.0,0.0,16.884317016601564,24.884317016601564,Leave_One_experiments/all_year_offline_schedule_search/daily_outputs/FQA/FQA_2005_FQA2005_stress_grid_S0003_daily.csv
FQA,FQA,Fengqiu,2005,Leave_One_experiments\wth_generated_qc\FQA\FQA2005.WTH,wet_year;water_stress_year;nitrogen_stress_year,water_stress,FQA2005_stress_grid_S0003,irrigation_positive_candidate,2005-08-24,236,80,75,"{""sim_day"": 80.0, ""doy"": 236.0, ""topwt"": 3870.54443359375, ""grnwt"": 1142.0545196533203, ""xlai"": 0.5582444071769714, ""totir"": 20.0, ""tofer"": NaN, ""swfac"": 0.0, ""nstres"": 0.2285249829292297}",0.0,0.2285249829292297,3870.54443359375,1142.0545196533203,0.5582444071769714,20.0,,0.0,0.0,20.0,0.0,16.884317016601564,24.884317016601564,Leave_One_experiments/all_year_offline_schedule_search/daily_outputs/FQA/FQA_2005_FQA2005_stress_grid_S0003_daily.csv
FQA,FQA,Fengqiu,2005,Leave_One_experiments\wth_generated_qc\FQA\FQA2005.WTH,wet_year;water_stress_year;nitrogen_stress_year,water_stress,FQA2005_stress_grid_S0003,irrigation_positive_candidate,2005-08-25,237,81,76,"{""sim_day"": 81.0, ""doy"": 237.0, ""topwt"": 3975.1742553710938, ""grnwt"": 1246.417465209961, ""xlai"": 0.5429331064224243, ""totir"": 20.0, ""tofer"": NaN, ""swfac"": 0.0, ""nstres"": 0.258263349533081}",0.0,0.258263349533081,3975.1742553710938,1246.417465209961,0.5429331064224243,20.0,,0.0,0.0,20.0,0.0,16.884317016601564,24.884317016601564,Leave_One_experiments/all_year_offline_schedule_search/daily_outputs/FQA/FQA_2005_FQA2005_stress_grid_S0003_daily.csv
FQA,FQA,Fengqiu,2005,Leave_One_experiments\wth_generated_qc\FQA\FQA2005.WTH,wet_year;water_stress_year;nitrogen_stress_year,water_stress,FQA2005_stress_grid_S0003,irrigation_positive_candidate,2005-08-26,238,82,77,"{""sim_day"": 82.0, ""doy"": 238.0, ""topwt"": 4072.9428100585938, ""grnwt"": 1350.7803344726562, ""xlai"": 0.5275737047195435, ""totir"": 20.0, ""tofer"": NaN, ""swfac"": 0.0, ""nstres"": 0.2789501547813415}",0.0,0.2789501547813415,4072.9428100585938,1350.7803344726562,0.5275737047195435,20.0,,0.0,0.0,20.0,0.0,16.884317016601564,24.884317016601564,Leave_One_experiments/all_year_offline_schedule_search/daily_outputs/FQA/FQA_2005_FQA2005_stress_grid_S0003_daily.csv
FQA,FQA,Fengqiu,2005,Leave_One_experiments\wth_generated_qc\FQA\FQA2005.WTH,wet_year;water_stress_year;nitrogen_stress_year,water_stress,FQA2005_stress_grid_S0003,irrigation_positive_candidate,2005-08-27,239,83,78,"{""sim_day"": 83.0, ""doy"": 239.0, ""topwt"": 4130.9033203125, ""grnwt"": 1455.1432800292969, ""xlai"": 0.5121213793754578, ""totir"": 20.0, ""tofer"": NaN, ""swfac"": 0.0, ""nstres"": 0.302947461605072}",0.0,0.302947461605072,4130.9033203125,1455.1432800292969,0.5121213793754578,20.0,,0.0,0.0,20.0,0.0,16.884317016601564,24.884317016601564,Leave_One_experiments/all_year_offline_schedule_search/daily_outputs/FQA/FQA_2005_FQA2005_stress_grid_S0003_daily.csv
FQA,FQA,Fengqiu,2005,Leave_One_experiments\wth_generated_qc\FQA\FQA2005.WTH,wet_year;water_stress_year;nitrogen_stress_year,water_stress,FQA2005_stress_grid_S0003,irrigation_positive_candidate,2005-08-28,240,84,79,"{""sim_day"": 84.0, ""doy"": 240.0, ""topwt"": 4141.8829345703125, ""grnwt"": 1559.5062255859375, ""xlai"": 0.496690034866333, ""totir"": 20.0, ""tofer"": NaN, ""swfac"": 0.0, ""nstres"": 0.3231720328330993}",0.0,0.3231720328330993,4141.8829345703125,1559.5062255859375,0.496690034866333,20.0,,0.0,0.0,20.0,0.0,16.884317016601564,24.884317016601564,Leave_One_experiments/all_year_offline_schedule_search/daily_outputs/FQA/FQA_2005_FQA2005_stress_grid_S0003_daily.csv
FQA,FQA,Fengqiu,2005,Leave_One_experiments\wth_generated_qc\FQA\FQA2005.WTH,wet_year;water_stress_year;nitrogen_stress_year,water_stress,FQA2005_stress_grid_S0003,irrigation_positive_candidate,2005-08-29,241,85,80,"{""sim_day"": 85.0, ""doy"": 241.0, ""topwt"": 4231.956787109375, ""grnwt"": 1663.869171142578, ""xlai"": 0.4819075167179107, ""totir"": 20.0, ""tofer"": NaN, ""swfac"": 0.0, ""nstres"": 0.3142881989479065}",0.0,0.3142881989479065,4231.956787109375,1663.869171142578,0.4819075167179107,20.0,,0.0,0.0,20.0,0.0,16.884317016601564,24.884317016601564,Leave_One_experiments/all_year_offline_schedule_search/daily_outputs/FQA/FQA_2005_FQA2005_stress_grid_S0003_daily.csv
FQA,FQA,Fengqiu,2005,Leave_One_experiments\wth_generated_qc\FQA\FQA2005.WTH,wet_year;water_stress_year;nitrogen_stress_year,water_stress,FQA2005_stress_grid_S0003,irrigation_positive_candidate,2005-08-30,242,86,81,"{""sim_day"": 86.0, ""doy"": 242.0, ""topwt"": 4327.1728515625, ""grnwt"": 1768.2321166992188, ""xlai"": 0.4680033028125763, ""totir"": 20.0, ""tofer"": NaN, ""swfac"": 0.0, ""nstres"": 0.2924584746360779}",0.0,0.2924584746360779,4327.1728515625,1768.2321166992188,0.4680033028125763,20.0,,0.0,0.0,20.0,0.0,16.884317016601564,24.884317016601564,Leave_One_experiments/all_year_offline_schedule_search/daily_outputs/FQA/FQA_2005_FQA2005_stress_grid_S0003_daily.csv
FQA,FQA,Fengqiu,2005,Leave_One_experiments\wth_generated_qc\FQA\FQA2005.WTH,wet_year;water_stress_year;nitrogen_stress_year,water_stress,FQA2005_stress_grid_S0003,irrigation_positive_candidate,2005-08-31,243,87,82,"{""sim_day"": 87.0, ""doy"": 243.0, ""topwt"": 4411.517333984375, ""grnwt"": 1872.5950622558596, ""xlai"": 0.4539931416511535, ""totir"": 20.0, ""tofer"": NaN, ""swfac"": 0.0, ""nstres"": 0.3184631466865539}",0.0,0.3184631466865539,4411.517333984375,1872.5950622558596,0.4539931416511535,20.0,,0.0,0.0,20.0,0.0,16.884317016601564,24.884317016601564,Leave_One_experiments/all_year_offline_schedule_search/daily_outputs/FQA/FQA_2005_FQA2005_stress_grid_S0003_daily.csv
FQA,FQA,Fengqiu,2005,Leave_One_experiments\wth_generated_qc\FQA\FQA2005.WTH,wet_year;water_stress_year;nitrogen_stress_year,water_stress,FQA2005_stress_grid_S0003,irrigation_positive_candidate,2005-09-01,244,88,83,"{""sim_day"": 88.0, ""doy"": 244.0, ""topwt"": 4423.2696533203125, ""grnwt"": 1976.9580078125, ""xlai"": 0.4398386478424072, ""totir"": 20.0, ""tofer"": NaN, ""swfac"": 0.0, ""nstres"": 0.3482644557952881}",0.0,0.3482644557952881,4423.2696533203125,1976.9580078125,0.4398386478424072,20.0,,0.0,0.0,20.0,0.0,16.884317016601564,24.884317016601564,Leave_One_experiments/all_year_offline_schedule_search/daily_outputs/FQA/FQA_2005_FQA2005_stress_grid_S0003_daily.csv
FQA,FQA,Fengqiu,2005,Leave_One_experiments\wth_generated_qc\FQA\FQA2005.WTH,wet_year;water_stress_year;nitrogen_stress_year,water_stress,FQA2005_stress_grid_S0003,irrigation_positive_candidate,2005-09-02,245,89,84,"{""sim_day"": 89.0, ""doy"": 245.0, ""topwt"": 4481.090087890625, ""grnwt"": 2081.3209533691406, ""xlai"": 0.4257510602474212, ""totir"": 20.0, ""tofer"": NaN, ""swfac"": 0.0, ""nstres"": 0.368693470954895}",0.0,0.368693470954895,4481.090087890625,2081.3209533691406,0.4257510602474212,20.0,,0.0,0.0,20.0,0.0,16.884317016601564,24.884317016601564,Leave_One_experiments/all_year_offline_schedule_search/daily_outputs/FQA/FQA_2005_FQA2005_stress_grid_S0003_daily.csv
FQA,FQA,Fengqiu,2005,Leave_One_experiments\wth_generated_qc\FQA\FQA2005.WTH,wet_year;water_stress_year;nitrogen_stress_year,water_stress,FQA2005_stress_grid_S0003,irrigation_positive_candidate,2005-09-03,246,90,85,"{""sim_day"": 90.0, ""doy"": 246.0, ""topwt"": 4554.087219238281, ""grnwt"": 2185.683898925781, ""xlai"": 0.4124592542648315, ""totir"": 20.0, ""tofer"": NaN, ""swfac"": 0.0, ""nstres"": 0.3492689132690429}",0.0,0.3492689132690429,4554.087219238281,2185.683898925781,0.4124592542648315,20.0,,0.0,0.0,20.0,0.0,16.884317016601564,24.884317016601564,Leave_One_experiments/all_year_offline_schedule_search/daily_outputs/FQA/FQA_2005_FQA2005_stress_grid_S0003_daily.csv
FQA,FQA,Fengqiu,2005,Leave_One_experiments\wth_generated_qc\FQA\FQA2005.WTH,wet_year;water_stress_year;nitrogen_stress_year,water_stress,FQA2005_stress_grid_S0003,irrigation_positive_candidate,2005-09-04,247,91,86,"{""sim_day"": 91.0, ""doy"": 247.0, ""topwt"": 4605.6329345703125, ""grnwt"": 2290.046844482422, ""xlai"": 0.3994194269180298, ""totir"": 20.0, ""tofer"": NaN, ""swfac"": 0.0, ""nstres"": 0.3587579727172851}",0.0,0.3587579727172851,4605.6329345703125,2290.046844482422,0.3994194269180298,20.0,,0.0,0.0,20.0,0.0,16.884317016601564,24.884317016601564,Leave_One_experiments/all_year_offline_schedule_search/daily_outputs/FQA/FQA_2005_FQA2005_stress_grid_S0003_daily.csv
FQA,FQA,Fengqiu,2005,Leave_One_experiments\wth_generated_qc\FQA\FQA2005.WTH,wet_year;water_stress_year;nitrogen_stress_year,water_stress,FQA2005_stress_grid_S0003,irrigation_positive_candidate,2005-09-05,248,92,87,"{""sim_day"": 92.0, ""doy"": 248.0, ""topwt"": 4667.52197265625, ""grnwt"": 2357.142639160156, ""xlai"": 0.3865098655223846, ""totir"": 20.0, ""tofer"": NaN, ""swfac"": 0.0, ""nstres"": 0.3756989240646362}",0.0,0.3756989240646362,4667.52197265625,2357.142639160156,0.3865098655223846,20.0,,0.0,0.0,20.0,0.0,16.884317016601564,24.884317016601564,Leave_One_experiments/all_year_offline_schedule_search/daily_outputs/FQA/FQA_2005_FQA2005_stress_grid_S0003_daily.csv
FQA,FQA,Fengqiu,2005,Leave_One_experiments\wth_generated_qc\FQA\FQA2005.WTH,wet_year;water_stress_year;nitrogen_stress_year,water_stress,FQA2005_stress_grid_S0003,irrigation_positive_candidate,2005-09-06,249,93,88,"{""sim_day"": 93.0, ""doy"": 249.0, ""topwt"": 4724.036865234375, ""grnwt"": 2413.657531738281, ""xlai"": 0.3745105266571045, ""totir"": 20.0, ""tofer"": NaN, ""swfac"": 0.0, ""nstres"": 0.3450866937637329}",0.0,0.3450866937637329,4724.036865234375,2413.657531738281,0.3745105266571045,20.0,,0.0,0.0,20.0,0.0,16.884317016601564,24.884317016601564,Leave_One_experiments/all_year_offline_schedule_search/daily_outputs/FQA/FQA_2005_FQA2005_stress_grid_S0003_daily.csv
FQA,FQA,Fengqiu,2005,Leave_One_experiments\wth_generated_qc\FQA\FQA2005.WTH,wet_year;water_stress_year;nitrogen_stress_year,water_stress,FQA2005_stress_grid_S0003,irrigation_positive_candidate,2005-09-07,250,94,89,"{""sim_day"": 94.0, ""doy"": 250.0, ""topwt"": 4778.876647949219, ""grnwt"": 2468.497467041016, ""xlai"": 0.36297607421875, ""totir"": 20.0, ""tofer"": NaN, ""swfac"": 0.0, ""nstres"": 0.3391696214675903}",0.0,0.3391696214675903,4778.876647949219,2468.497467041016,0.36297607421875,20.0,,0.0,0.0,20.0,0.0,16.884317016601564,24.884317016601564,Leave_One_experiments/all_year_offline_schedule_search/daily_outputs/FQA/FQA_2005_FQA2005_stress_grid_S0003_daily.csv
FQA,FQA,Fengqiu,2005,Leave_One_experiments\wth_generated_qc\FQA\FQA2005.WTH,wet_year;water_stress_year;nitrogen_stress_year,water_stress,FQA2005_stress_grid_S0003,irrigation_positive_candidate,2005-09-08,251,95,90,"{""sim_day"": 95.0, ""doy"": 251.0, ""topwt"": 4833.203430175781, ""grnwt"": 2522.824249267578, ""xlai"": 0.3519216775894165, ""totir"": 20.0, ""tofer"": NaN, ""swfac"": 0.0, ""nstres"": 0.3309172987937927}",0.0,0.3309172987937927,4833.203430175781,2522.824249267578,0.3519216775894165,20.0,,0.0,0.0,20.0,0.0,16.884317016601564,24.884317016601564,Leave_One_experiments/all_year_offline_schedule_search/daily_outputs/FQA/FQA_2005_FQA2005_stress_grid_S0003_daily.csv
FQA,FQA,Fengqiu,2005,Leave_One_experiments\wth_generated_qc\FQA\FQA2005.WTH,wet_year;water_stress_year;nitrogen_stress_year,water_stress,FQA2005_stress_grid_S0003,irrigation_positive_candidate,2005-09-09,252,96,91,"{""sim_day"": 96.0, ""doy"": 252.0, ""topwt"": 4893.459777832031, ""grnwt"": 2583.080444335937, ""xlai"": 0.3413781225681305, ""totir"": 20.0, ""tofer"": NaN, ""swfac"": 0.0, ""nstres"": 0.3190388679504394}",0.0,0.3190388679504394,4893.459777832031,2583.080444335937,0.3413781225681305,20.0,,0.0,0.0,20.0,0.0,16.884317016601564,24.884317016601564,Leave_One_experiments/all_year_offline_schedule_search/daily_outputs/FQA/FQA_2005_FQA2005_stress_grid_S0003_daily.csv
FQA,FQA,Fengqiu,2005,Leave_One_experiments\wth_generated_qc\FQA\FQA2005.WTH,wet_year;water_stress_year;nitrogen_stress_year,water_stress,FQA2005_stress_grid_S0003,irrigation_positive_candidate,2005-09-10,253,97,92,"{""sim_day"": 97.0, ""doy"": 253.0, ""topwt"": 4950.258483886719, ""grnwt"": 2639.879150390625, ""xlai"": 0.3311917781829834, ""totir"": 20.0, ""tofer"": NaN, ""swfac"": 0.0, ""nstres"": 0.3161301612854004}",0.0,0.3161301612854004,4950.258483886719,2639.879150390625,0.3311917781829834,20.0,,0.0,0.0,20.0,0.0,16.884317016601564,24.884317016601564,Leave_One_experiments/all_year_offline_schedule_search/daily_outputs/FQA/FQA_2005_FQA2005_stress_grid_S0003_daily.csv
FQA,FQA,Fengqiu,2005,Leave_One_experiments\wth_generated_qc\FQA\FQA2005.WTH,wet_year;water_stress_year;nitrogen_stress_year,water_stress,FQA2005_stress_grid_S0003,irrigation_positive_candidate,2005-09-11,254,98,93,"{""sim_day"": 98.0, ""doy"": 254.0, ""topwt"": 4998.81103515625, ""grnwt"": 2688.431701660156, ""xlai"": 0.3214818239212036, ""totir"": 20.0, ""tofer"": NaN, ""swfac"": 0.0, ""nstres"": 0.3036351799964905}",0.0,0.3036351799964905,4998.81103515625,2688.431701660156,0.3214818239212036,20.0,,0.0,0.0,20.0,0.0,16.884317016601564,24.884317016601564,Leave_One_experiments/all_year_offline_schedule_search/daily_outputs/FQA/FQA_2005_FQA2005_stress_grid_S0003_daily.csv
FQA,FQA,Fengqiu,2005,Leave_One_experiments\wth_generated_qc\FQA\FQA2005.WTH,wet_year;water_stress_year;nitrogen_stress_year,water_stress,FQA2005_stress_grid_S0003,irrigation_positive_candidate,2005-09-12,255,99,94,"{""sim_day"": 99.0, ""doy"": 255.0, ""topwt"": 4998.81103515625, ""grnwt"": 2688.431701660156, ""xlai"": 0.3214818239212036, ""totir"": 20.0, ""tofer"": NaN, ""swfac"": 0.0, ""nstres"": 0.2794920802116394}",0.0,0.2794920802116394,4998.81103515625,2688.431701660156,0.3214818239212036,20.0,,0.0,0.0,20.0,0.0,16.884317016601564,24.884317016601564,Leave_One_experiments/all_year_offline_schedule_search/daily_outputs/FQA/FQA_2005_FQA2005_stress_grid_S0003_daily.csv
FQA,FQA,Fengqiu,2005,Leave_One_experiments\wth_generated_qc\FQA\FQA2005.WTH,wet_year;water_stress_year;nitrogen_stress_year,water_stress,FQA2005_stress_grid_S0003,irrigation_positive_candidate,2005-09-13,256,100,95,"{""sim_day"": 100.0, ""doy"": 256.0, ""topwt"": 4998.81103515625, ""grnwt"": 2688.431701660156, ""xlai"": 0.3214818239212036, ""totir"": 20.0, ""tofer"": NaN, ""swfac"": 0.0, ""nstres"": 0.2794920802116394}",0.0,0.2794920802116394,4998.81103515625,2688.431701660156,0.3214818239212036,20.0,,0.0,0.0,20.0,0.0,16.884317016601564,24.884317016601564,Leave_One_experiments/all_year_offline_schedule_search/daily_outputs/FQA/FQA_2005_FQA2005_stress_grid_S0003_daily.csv
FQA,FQA,Fengqiu,2005,Leave_One_experiments\wth_generated_qc\FQA\FQA2005.WTH,wet_year;water_stress_year;nitrogen_stress_year,water_stress,FQA2005_stress_grid_S0003,irrigation_positive_candidate,2005-09-14,257,101,96,"{""sim_day"": 101.0, ""doy"": 257.0, ""topwt"": 4998.81103515625, ""grnwt"": 2688.431701660156, ""xlai"": 0.3214818239212036, ""totir"": 20.0, ""tofer"": NaN, ""swfac"": 0.0, ""nstres"": 0.2794920802116394}",0.0,0.2794920802116394,4998.81103515625,2688.431701660156,0.3214818239212036,20.0,,0.0,0.0,20.0,0.0,16.884317016601564,24.884317016601564,Leave_One_experiments/all_year_offline_schedule_search/daily_outputs/FQA/FQA_2005_FQA2005_stress_grid_S0003_daily.csv
FQA,FQA,Fengqiu,2005,Leave_One_experiments\wth_generated_qc\FQA\FQA2005.WTH,wet_year;water_stress_year;nitrogen_stress_year,water_stress,FQA2005_stress_grid_S0001,low_input_within_10pct_yield,2005-06-11,162,1,1,"{""sim_day"": 1.0, ""doy"": 162.0, ""topwt"": 0.0, ""grnwt"": 0.0, ""xlai"": 0.0, ""totir"": 0.0, ""tofer"": NaN, ""swfac"": 0.0, ""nstres"": 0.0}",0.0,0.0,0.0,0.0,0.0,0.0,,0.0,0.0,0.0,0.0,26.825119018554688,26.825119018554688,Leave_One_experiments/all_year_offline_schedule_search/daily_outputs/FQA/FQA_2005_FQA2005_stress_grid_S0001_daily.csv
FQA,FQA,Fengqiu,2005,Leave_One_experiments\wth_generated_qc\FQA\FQA2005.WTH,wet_year;water_stress_year;nitrogen_stress_year,water_stress,FQA2005_stress_grid_S0001,low_input_within_10pct_yield,2005-06-12,163,2,2,"{""sim_day"": 2.0, ""doy"": 163.0, ""topwt"": 0.0, ""grnwt"": 0.0, ""xlai"": 0.0, ""totir"": 0.0, ""tofer"": NaN, ""swfac"": 0.0, ""nstres"": 0.0}",0.0,0.0,0.0,0.0,0.0,0.0,,0.0,0.0,0.0,0.0,26.825119018554688,26.825119018554688,Leave_One_experiments/all_year_offline_schedule_search/daily_outputs/FQA/FQA_2005_FQA2005_stress_grid_S0001_daily.csv
FQA,FQA,Fengqiu,2005,Leave_One_experiments\wth_generated_qc\FQA\FQA2005.WTH,wet_year;water_stress_year;nitrogen_stress_year,water_stress,FQA2005_stress_grid_S0001,low_input_within_10pct_yield,2005-06-13,164,3,3,"{""sim_day"": 3.0, ""doy"": 164.0, ""topwt"": 0.0, ""grnwt"": 0.0, ""xlai"": 0.0, ""totir"": 0.0, ""tofer"": NaN, ""swfac"": 0.0, ""nstres"": 0.0}",0.0,0.0,0.0,0.0,0.0,0.0,,0.0,0.0,0.0,0.0,26.825119018554688,26.825119018554688,Leave_One_experiments/all_year_offline_schedule_search/daily_outputs/FQA/FQA_2005_FQA2005_stress_grid_S0001_daily.csv
FQA,FQA,Fengqiu,2005,Leave_One_experiments\wth_generated_qc\FQA\FQA2005.WTH,wet_year;water_stress_year;nitrogen_stress_year,water_stress,FQA2005_stress_grid_S0001,low_input_within_10pct_yield,2005-06-14,165,4,4,"{""sim_day"": 4.0, ""doy"": 165.0, ""topwt"": 0.0, ""grnwt"": 0.0, ""xlai"": 0.0, ""totir"": 0.0, ""tofer"": NaN, ""swfac"": 0.0, ""nstres"": 0.0}",0.0,0.0,0.0,0.0,0.0,0.0,,0.0,0.0,0.0,0.0,26.825119018554688,26.825119018554688,Leave_One_experiments/all_year_offline_schedule_search/daily_outputs/FQA/FQA_2005_FQA2005_stress_grid_S0001_daily.csv
FQA,FQA,Fengqiu,2005,Leave_One_experiments\wth_generated_qc\FQA\FQA2005.WTH,wet_year;water_stress_year;nitrogen_stress_year,water_stress,FQA2005_stress_grid_S0001,low_input_within_10pct_yield,2005-06-15,166,5,5,"{""sim_day"": 5.0, ""doy"": 166.0, ""topwt"": 0.0, ""grnwt"": 0.0, ""xlai"": 0.0, ""totir"": 0.0, ""tofer"": NaN, ""swfac"": 0.0, ""nstres"": 0.0}",0.0,0.0,0.0,0.0,0.0,0.0,,0.0,0.0,0.0,0.0,26.825119018554688,26.825119018554688,Leave_One_experiments/all_year_offline_schedule_search/daily_outputs/FQA/FQA_2005_FQA2005_stress_grid_S0001_daily.csv
FQA,FQA,Fengqiu,2005,Leave_One_experiments\wth_generated_qc\FQA\FQA2005.WTH,wet_year;water_stress_year;nitrogen_stress_year,water_stress,FQA2005_stress_grid_S0001,low_input_within_10pct_yield,2005-06-11,162,6,1,"{""sim_day"": 6.0, ""doy"": 162.0, ""topwt"": 0.0, ""grnwt"": 0.0, ""xlai"": 0.0, ""totir"": 0.0, ""tofer"": NaN, ""swfac"": 0.0, ""nstres"": 0.0}",0.0,0.0,0.0,0.0,0.0,0.0,,0.0,0.0,0.0,0.0,26.825119018554688,26.825119018554688,Leave_One_experiments/all_year_offline_schedule_search/daily_outputs/FQA/FQA_2005_FQA2005_stress_grid_S0001_daily.csv
FQA,FQA,Fengqiu,2005,Leave_One_experiments\wth_generated_qc\FQA\FQA2005.WTH,wet_year;water_stress_year;nitrogen_stress_year,water_stress,FQA2005_stress_grid_S0001,low_input_within_10pct_yield,2005-06-12,163,7,2,"{""sim_day"": 7.0, ""doy"": 163.0, ""topwt"": 0.0, ""grnwt"": 0.0, ""xlai"": 0.0, ""totir"": 0.0, ""tofer"": NaN, ""swfac"": 0.0, ""nstres"": 0.0}",0.0,0.0,0.0,0.0,0.0,0.0,,0.0,0.0,0.0,0.0,26.825119018554688,26.825119018554688,Leave_One_experiments/all_year_offline_schedule_search/daily_outputs/FQA/FQA_2005_FQA2005_stress_grid_S0001_daily.csv
FQA,FQA,Fengqiu,2005,Leave_One_experiments\wth_generated_qc\FQA\FQA2005.WTH,wet_year;water_stress_year;nitrogen_stress_year,water_stress,FQA2005_stress_grid_S0001,low_input_within_10pct_yield,2005-06-13,164,8,3,"{""sim_day"": 8.0, ""doy"": 164.0, ""topwt"": 0.0, ""grnwt"": 0.0, ""xlai"": 0.0, ""totir"": 0.0, ""tofer"": NaN, ""swfac"": 0.0, ""nstres"": 0.0}",0.0,0.0,0.0,0.0,0.0,0.0,,0.0,0.0,0.0,0.0,26.825119018554688,26.825119018554688,Leave_One_experiments/all_year_offline_schedule_search/daily_outputs/FQA/FQA_2005_FQA2005_stress_grid_S0001_daily.csv
FQA,FQA,Fengqiu,2005,Leave_One_experiments\wth_generated_qc\FQA\FQA2005.WTH,wet_year;water_stress_year;nitrogen_stress_year,water_stress,FQA2005_stress_grid_S0001,low_input_within_10pct_yield,2005-06-14,165,9,4,"{""sim_day"": 9.0, ""doy"": 165.0, ""topwt"": 0.0, ""grnwt"": 0.0, ""xlai"": 0.0, ""totir"": 0.0, ""tofer"": NaN, ""swfac"": 0.0, ""nstres"": 0.0}",0.0,0.0,0.0,0.0,0.0,0.0,,0.0,0.0,0.0,0.0,26.825119018554688,26.825119018554688,Leave_One_experiments/all_year_offline_schedule_search/daily_outputs/FQA/FQA_2005_FQA2005_stress_grid_S0001_daily.csv
FQA,FQA,Fengqiu,2005,Leave_One_experiments\wth_generated_qc\FQA\FQA2005.WTH,wet_year;water_stress_year;nitrogen_stress_year,water_stress,FQA2005_stress_grid_S0001,low_input_within_10pct_yield,2005-06-15,166,10,5,"{""sim_day"": 10.0, ""doy"": 166.0, ""topwt"": 32.00000047683716, ""grnwt"": 0.0, ""xlai"": 0.0036110915243625, ""totir"": 0.0, ""tofer"": NaN, ""swfac"": 0.0, ""nstres"": 0.0121910572052001}",0.0,0.0121910572052001,32.00000047683716,0.0,0.0036110915243625,0.0,,0.0,0.0,0.0,0.0,26.825119018554688,26.825119018554688,Leave_One_experiments/all_year_offline_schedule_search/daily_outputs/FQA/FQA_2005_FQA2005_stress_grid_S0001_daily.csv
FQA,FQA,Fengqiu,2005,Leave_One_experiments\wth_generated_qc\FQA\FQA2005.WTH,wet_year;water_stress_year;nitrogen_stress_year,water_stress,FQA2005_stress_grid_S0001,low_input_within_10pct_yield,2005-06-16,167,11,6,"{""sim_day"": 11.0, ""doy"": 167.0, ""topwt"": 32.00000047683716, ""grnwt"": 0.0, ""xlai"": 0.0068075405433773, ""totir"": 0.0, ""tofer"": NaN, ""swfac"": 0.0, ""nstres"": 0.0}",0.0,0.0,32.00000047683716,0.0,0.0068075405433773,0.0,,0.0,0.0,0.0,0.0,26.825119018554688,26.825119018554688,Leave_One_experiments/all_year_offline_schedule_search/daily_outputs/FQA/FQA_2005_FQA2005_stress_grid_S0001_daily.csv
FQA,FQA,Fengqiu,2005,Leave_One_experiments\wth_generated_qc\FQA\FQA2005.WTH,wet_year;water_stress_year;nitrogen_stress_year,water_stress,FQA2005_stress_grid_S0001,low_input_within_10pct_yield,2005-06-17,168,12,7,"{""sim_day"": 12.0, ""doy"": 168.0, ""topwt"": 32.00000047683716, ""grnwt"": 0.0, ""xlai"": 0.0102236308157444, ""totir"": 0.0, ""tofer"": NaN, ""swfac"": 0.0, ""nstres"": 0.0}",0.0,0.0,32.00000047683716,0.0,0.0102236308157444,0.0,,0.0,0.0,0.0,0.0,26.825119018554688,26.825119018554688,Leave_One_experiments/all_year_offline_schedule_search/daily_outputs/FQA/FQA_2005_FQA2005_stress_grid_S0001_daily.csv
FQA,FQA,Fengqiu,2005,Leave_One_experiments\wth_generated_qc\FQA\FQA2005.WTH,wet_year;water_stress_year;nitrogen_stress_year,water_stress,FQA2005_stress_grid_S0001,low_input_within_10pct_yield,2005-06-18,169,13,8,"{""sim_day"": 13.0, ""doy"": 169.0, ""topwt"": 32.00000047683716, ""grnwt"": 0.0, ""xlai"": 0.0140458373352885, ""totir"": 0.0, ""tofer"": NaN, ""swfac"": 0.0, ""nstres"": 0.0}",0.0,0.0,32.00000047683716,0.0,0.0140458373352885,0.0,,0.0,0.0,0.0,0.0,26.825119018554688,26.825119018554688,Leave_One_experiments/all_year_offline_schedule_search/daily_outputs/FQA/FQA_2005_FQA2005_stress_grid_S0001_daily.csv
FQA,FQA,Fengqiu,2005,Leave_One_experiments\wth_generated_qc\FQA\FQA2005.WTH,wet_year;water_stress_year;nitrogen_stress_year,water_stress,FQA2005_stress_grid_S0001,low_input_within_10pct_yield,2005-06-19,170,14,9,"{""sim_day"": 14.0, ""doy"": 170.0, ""topwt"": 32.00000047683716, ""grnwt"": 0.0, ""xlai"": 0.0182748436927795, ""totir"": 0.0, ""tofer"": NaN, ""swfac"": 0.0, ""nstres"": 0.0}",0.0,0.0,32.00000047683716,0.0,0.0182748436927795,0.0,,0.0,0.0,0.0,0.0,26.825119018554688,26.825119018554688,Leave_One_experiments/all_year_offline_schedule_search/daily_outputs/FQA/FQA_2005_FQA2005_stress_grid_S0001_daily.csv
FQA,FQA,Fengqiu,2005,Leave_One_experiments\wth_generated_qc\FQA\FQA2005.WTH,wet_year;water_stress_year;nitrogen_stress_year,water_stress,FQA2005_stress_grid_S0001,low_input_within_10pct_yield,2005-06-20,171,15,10,"{""sim_day"": 15.0, ""doy"": 171.0, ""topwt"": 23.845438957214355, ""grnwt"": 0.0, ""xlai"": 0.0331463925540447, ""totir"": 0.0, ""tofer"": NaN, ""swfac"": 0.0, ""nstres"": 0.0}",0.0,0.0,23.845438957214355,0.0,0.0331463925540447,0.0,,0.0,0.0,0.0,0.0,26.825119018554688,26.825119018554688,Leave_One_experiments/all_year_offline_schedule_search/daily_outputs/FQA/FQA_2005_FQA2005_stress_grid_S0001_daily.csv
FQA,FQA,Fengqiu,2005,Leave_One_experiments\wth_generated_qc\FQA\FQA2005.WTH,wet_year;water_stress_year;nitrogen_stress_year,water_stress,FQA2005_stress_grid_S0001,low_input_within_10pct_yield,2005-06-21,172,16,11,"{""sim_day"": 16.0, ""doy"": 172.0, ""topwt"": 29.281342029571533, ""grnwt"": 0.0, ""xlai"": 0.050412256270647, ""totir"": 0.0, ""tofer"": NaN, ""swfac"": 0.0, ""nstres"": 0.0}",0.0,0.0,29.281342029571533,0.0,0.050412256270647,0.0,,0.0,0.0,0.0,0.0,26.825119018554688,26.825119018554688,Leave_One_experiments/all_year_offline_schedule_search/daily_outputs/FQA/FQA_2005_FQA2005_stress_grid_S0001_daily.csv
FQA,FQA,Fengqiu,2005,Leave_One_experiments\wth_generated_qc\FQA\FQA2005.WTH,wet_year;water_stress_year;nitrogen_stress_year,water_stress,FQA2005_stress_grid_S0001,low_input_within_10pct_yield,2005-06-22,173,17,12,"{""sim_day"": 17.0, ""doy"": 173.0, ""topwt"": 36.40558242797852, ""grnwt"": 0.0, ""xlai"": 0.0709437131881713, ""totir"": 0.0, ""tofer"": NaN, ""swfac"": 0.0, ""nstres"": 0.0}",0.0,0.0,36.40558242797852,0.0,0.0709437131881713,0.0,,0.0,0.0,0.0,0.0,26.825119018554688,26.825119018554688,Leave_One_experiments/all_year_offline_schedule_search/daily_outputs/FQA/FQA_2005_FQA2005_stress_grid_S0001_daily.csv
FQA,FQA,Fengqiu,2005,Leave_One_experiments\wth_generated_qc\FQA\FQA2005.WTH,wet_year;water_stress_year;nitrogen_stress_year,water_stress,FQA2005_stress_grid_S0001,low_input_within_10pct_yield,2005-06-23,174,18,13,"{""sim_day"": 18.0, ""doy"": 174.0, ""topwt"": 44.91256713867188, ""grnwt"": 0.0, ""xlai"": 0.0935762152075767, ""totir"": 0.0, ""tofer"": NaN, ""swfac"": 0.0, ""nstres"": 0.0}",0.0,0.0,44.91256713867188,0.0,0.0935762152075767,0.0,,0.0,0.0,0.0,0.0,26.825119018554688,26.825119018554688,Leave_One_experiments/all_year_offline_schedule_search/daily_outputs/FQA/FQA_2005_FQA2005_stress_grid_S0001_daily.csv
FQA,FQA,Fengqiu,2005,Leave_One_experiments\wth_generated_qc\FQA\FQA2005.WTH,wet_year;water_stress_year;nitrogen_stress_year,water_stress,FQA2005_stress_grid_S0001,low_input_within_10pct_yield,2005-06-24,175,19,14,"{""sim_day"": 19.0, ""doy"": 175.0, ""topwt"": 51.95485591888428, ""grnwt"": 0.0, ""xlai"": 0.1112238466739654, ""totir"": 0.0, ""tofer"": NaN, ""swfac"": 0.0, ""nstres"": 0.0}",0.0,0.0,51.95485591888428,0.0,0.1112238466739654,0.0,,0.0,0.0,0.0,0.0,26.825119018554688,26.825119018554688,Leave_One_experiments/all_year_offline_schedule_search/daily_outputs/FQA/FQA_2005_FQA2005_stress_grid_S0001_daily.csv
FQA,FQA,Fengqiu,2005,Leave_One_experiments\wth_generated_qc\FQA\FQA2005.WTH,wet_year;water_stress_year;nitrogen_stress_year,water_stress,FQA2005_stress_grid_S0001,low_input_within_10pct_yield,2005-06-25,176,20,15,"{""sim_day"": 20.0, ""doy"": 176.0, ""topwt"": 59.59138870239258, ""grnwt"": 0.0, ""xlai"": 0.1295775920152664, ""totir"": 0.0, ""tofer"": NaN, ""swfac"": 0.0, ""nstres"": 0.0}",0.0,0.0,59.59138870239258,0.0,0.1295775920152664,0.0,,0.0,0.0,0.0,0.0,26.825119018554688,26.825119018554688,Leave_One_experiments/all_year_offline_schedule_search/daily_outputs/FQA/FQA_2005_FQA2005_stress_grid_S0001_daily.csv
FQA,FQA,Fengqiu,2005,Leave_One_experiments\wth_generated_qc\FQA\FQA2005.WTH,wet_year;water_stress_year;nitrogen_stress_year,water_stress,FQA2005_stress_grid_S0001,low_input_within_10pct_yield,2005-06-26,177,21,16,"{""sim_day"": 21.0, ""doy"": 177.0, ""topwt"": 68.41620445251465, ""grnwt"": 0.0, ""xlai"": 0.1499584466218948, ""totir"": 0.0, ""tofer"": NaN, ""swfac"": 0.0, ""nstres"": 0.0}",0.0,0.0,68.41620445251465,0.0,0.1499584466218948,0.0,,0.0,0.0,0.0,0.0,26.825119018554688,26.825119018554688,Leave_One_experiments/all_year_offline_schedule_search/daily_outputs/FQA/FQA_2005_FQA2005_stress_grid_S0001_daily.csv
FQA,FQA,Fengqiu,2005,Leave_One_experiments\wth_generated_qc\FQA\FQA2005.WTH,wet_year;water_stress_year;nitrogen_stress_year,water_stress,FQA2005_stress_grid_S0001,low_input_within_10pct_yield,2005-06-27,178,22,17,"{""sim_day"": 22.0, ""doy"": 178.0, ""topwt"": 80.48148155212402, ""grnwt"": 0.0, ""xlai"": 0.1766838282346725, ""totir"": 0.0, ""tofer"": NaN, ""swfac"": 0.0, ""nstres"": 0.0}",0.0,0.0,80.48148155212402,0.0,0.1766838282346725,0.0,,0.0,0.0,0.0,0.0,26.825119018554688,26.825119018554688,Leave_One_experiments/all_year_offline_schedule_search/daily_outputs/FQA/FQA_2005_FQA2005_stress_grid_S0001_daily.csv
FQA,FQA,Fengqiu,2005,Leave_One_experiments\wth_generated_qc\FQA\FQA2005.WTH,wet_year;water_stress_year;nitrogen_stress_year,water_stress,FQA2005_stress_grid_S0001,low_input_within_10pct_yield,2005-06-28,179,23,18,"{""sim_day"": 23.0, ""doy"": 179.0, ""topwt"": 95.10876655578612, ""grnwt"": 0.0, ""xlai"": 0.2076888084411621, ""totir"": 0.0, ""tofer"": NaN, ""swfac"": 0.0, ""nstres"": 0.0}",0.0,0.0,95.10876655578612,0.0,0.2076888084411621,0.0,,0.0,0.0,0.0,0.0,26.825119018554688,26.825119018554688,Leave_One_experiments/all_year_offline_schedule_search/daily_outputs/FQA/FQA_2005_FQA2005_stress_grid_S0001_daily.csv
FQA,FQA,Fengqiu,2005,Leave_One_experiments\wth_generated_qc\FQA\FQA2005.WTH,wet_year;water_stress_year;nitrogen_stress_year,water_stress,FQA2005_stress_grid_S0001,low_input_within_10pct_yield,2005-06-29,180,24,19,"{""sim_day"": 24.0, ""doy"": 180.0, ""topwt"": 113.38781356811523, ""grnwt"": 0.0, ""xlai"": 0.2437883466482162, ""totir"": 0.0, ""tofer"": NaN, ""swfac"": 0.0, ""nstres"": 0.0}",0.0,0.0,113.38781356811523,0.0,0.2437883466482162,0.0,,0.0,0.0,0.0,0.0,26.825119018554688,26.825119018554688,Leave_One_experiments/all_year_offline_schedule_search/daily_outputs/FQA/FQA_2005_FQA2005_stress_grid_S0001_daily.csv
FQA,FQA,Fengqiu,2005,Leave_One_experiments\wth_generated_qc\FQA\FQA2005.WTH,wet_year;water_stress_year;nitrogen_stress_year,water_stress,FQA2005_stress_grid_S0001,low_input_within_10pct_yield,2005-06-30,181,25,20,"{""sim_day"": 25.0, ""doy"": 181.0, ""topwt"": 132.96598434448242, ""grnwt"": 0.0, ""xlai"": 0.2829855680465698, ""totir"": 0.0, ""tofer"": NaN, ""swfac"": 0.0, ""nstres"": 0.0}",0.0,0.0,132.96598434448242,0.0,0.2829855680465698,0.0,,0.0,0.0,0.0,0.0,26.825119018554688,26.825119018554688,Leave_One_experiments/all_year_offline_schedule_search/daily_outputs/FQA/FQA_2005_FQA2005_stress_grid_S0001_daily.csv
FQA,FQA,Fengqiu,2005,Leave_One_experiments\wth_generated_qc\FQA\FQA2005.WTH,wet_year;water_stress_year;nitrogen_stress_year,water_stress,FQA2005_stress_grid_S0001,low_input_within_10pct_yield,2005-07-01,182,26,21,"{""sim_day"": 26.0, ""doy"": 182.0, ""topwt"": 153.9967918395996, ""grnwt"": 0.0, ""xlai"": 0.3233464956283569, ""totir"": 0.0, ""tofer"": NaN, ""swfac"": 0.0, ""nstres"": 0.0}",0.0,0.0,153.9967918395996,0.0,0.3233464956283569,0.0,,0.0,0.0,0.0,0.0,26.825119018554688,26.825119018554688,Leave_One_experiments/all_year_offline_schedule_search/daily_outputs/FQA/FQA_2005_FQA2005_stress_grid_S0001_daily.csv
FQA,FQA,Fengqiu,2005,Leave_One_experiments\wth_generated_qc\FQA\FQA2005.WTH,wet_year;water_stress_year;nitrogen_stress_year,water_stress,FQA2005_stress_grid_S0001,low_input_within_10pct_yield,2005-07-02,183,27,22,"{""sim_day"": 27.0, ""doy"": 183.0, ""topwt"": 170.89601516723633, ""grnwt"": 0.0, ""xlai"": 0.3546618223190307, ""totir"": 0.0, ""tofer"": NaN, ""swfac"": 0.0, ""nstres"": 0.0}",0.0,0.0,170.89601516723633,0.0,0.3546618223190307,0.0,,0.0,0.0,0.0,0.0,26.825119018554688,26.825119018554688,Leave_One_experiments/all_year_offline_schedule_search/daily_outputs/FQA/FQA_2005_FQA2005_stress_grid_S0001_daily.csv
FQA,FQA,Fengqiu,2005,Leave_One_experiments\wth_generated_qc\FQA\FQA2005.WTH,wet_year;water_stress_year;nitrogen_stress_year,water_stress,FQA2005_stress_grid_S0001,low_input_within_10pct_yield,2005-07-03,184,28,23,"{""sim_day"": 28.0, ""doy"": 184.0, ""topwt"": 191.517391204834, ""grnwt"": 0.0, ""xlai"": 0.3916098177433014, ""totir"": 0.0, ""tofer"": NaN, ""swfac"": 0.0, ""nstres"": 0.0}",0.0,0.0,191.517391204834,0.0,0.3916098177433014,0.0,,0.0,0.0,0.0,0.0,26.825119018554688,26.825119018554688,Leave_One_experiments/all_year_offline_schedule_search/daily_outputs/FQA/FQA_2005_FQA2005_stress_grid_S0001_daily.csv
FQA,FQA,Fengqiu,2005,Leave_One_experiments\wth_generated_qc\FQA\FQA2005.WTH,wet_year;water_stress_year;nitrogen_stress_year,water_stress,FQA2005_stress_grid_S0001,low_input_within_10pct_yield,2005-07-04,185,29,24,"{""sim_day"": 29.0, ""doy"": 185.0, ""topwt"": 214.9311637878418, ""grnwt"": 0.0, ""xlai"": 0.4320566356182098, ""totir"": 0.0, ""tofer"": NaN, ""swfac"": 0.0, ""nstres"": 0.0}",0.0,0.0,214.9311637878418,0.0,0.4320566356182098,0.0,,0.0,0.0,0.0,0.0,26.825119018554688,26.825119018554688,Leave_One_experiments/all_year_offline_schedule_search/daily_outputs/FQA/FQA_2005_FQA2005_stress_grid_S0001_daily.csv
FQA,FQA,Fengqiu,2005,Leave_One_experiments\wth_generated_qc\FQA\FQA2005.WTH,wet_year;water_stress_year;nitrogen_stress_year,water_stress,FQA2005_stress_grid_S0001,low_input_within_10pct_yield,2005-07-05,186,30,25,"{""sim_day"": 30.0, ""doy"": 186.0, ""topwt"": 242.2540664672852, ""grnwt"": 0.0, ""xlai"": 0.4774391055107116, ""totir"": 0.0, ""tofer"": NaN, ""swfac"": 0.0, ""nstres"": 0.0}",0.0,0.0,242.2540664672852,0.0,0.4774391055107116,0.0,,0.0,0.0,0.0,0.0,26.825119018554688,26.825119018554688,Leave_One_experiments/all_year_offline_schedule_search/daily_outputs/FQA/FQA_2005_FQA2005_stress_grid_S0001_daily.csv
FQA,FQA,Fengqiu,2005,Leave_One_experiments\wth_generated_qc\FQA\FQA2005.WTH,wet_year;water_stress_year;nitrogen_stress_year,water_stress,FQA2005_stress_grid_S0001,low_input_within_10pct_yield,2005-07-06,187,31,26,"{""sim_day"": 31.0, ""doy"": 187.0, ""topwt"": 270.7020568847656, ""grnwt"": 0.0, ""xlai"": 0.5228702425956726, ""totir"": 0.0, ""tofer"": NaN, ""swfac"": 0.0, ""nstres"": 0.0}",0.0,0.0,270.7020568847656,0.0,0.5228702425956726,0.0,,0.0,0.0,0.0,0.0,26.825119018554688,26.825119018554688,Leave_One_experiments/all_year_offline_schedule_search/daily_outputs/FQA/FQA_2005_FQA2005_stress_grid_S0001_daily.csv
FQA,FQA,Fengqiu,2005,Leave_One_experiments\wth_generated_qc\FQA\FQA2005.WTH,wet_year;water_stress_year;nitrogen_stress_year,water_stress,FQA2005_stress_grid_S0001,low_input_within_10pct_yield,2005-07-07,188,32,27,"{""sim_day"": 32.0, ""doy"": 188.0, ""topwt"": 303.85292053222656, ""grnwt"": 0.0, ""xlai"": 0.5736820697784424, ""totir"": 0.0, ""tofer"": NaN, ""swfac"": 0.0, ""nstres"": 0.0}",0.0,0.0,303.85292053222656,0.0,0.5736820697784424,0.0,,0.0,0.0,0.0,0.0,26.825119018554688,26.825119018554688,Leave_One_experiments/all_year_offline_schedule_search/daily_outputs/FQA/FQA_2005_FQA2005_stress_grid_S0001_daily.csv
FQA,FQA,Fengqiu,2005,Leave_One_experiments\wth_generated_qc\FQA\FQA2005.WTH,wet_year;water_stress_year;nitrogen_stress_year,water_stress,FQA2005_stress_grid_S0001,low_input_within_10pct_yield,2005-07-08,189,33,28,"{""sim_day"": 33.0, ""doy"": 189.0, ""topwt"": 344.5886993408203, ""grnwt"": 0.0, ""xlai"": 0.633317232131958, ""totir"": 0.0, ""tofer"": NaN, ""swfac"": 0.0, ""nstres"": 0.0}",0.0,0.0,344.5886993408203,0.0,0.633317232131958,0.0,,0.0,0.0,0.0,0.0,26.825119018554688,26.825119018554688,Leave_One_experiments/all_year_offline_schedule_search/daily_outputs/FQA/FQA_2005_FQA2005_stress_grid_S0001_daily.csv
FQA,FQA,Fengqiu,2005,Leave_One_experiments\wth_generated_qc\FQA\FQA2005.WTH,wet_year;water_stress_year;nitrogen_stress_year,water_stress,FQA2005_stress_grid_S0001,low_input_within_10pct_yield,2005-07-09,190,34,29,"{""sim_day"": 34.0, ""doy"": 190.0, ""topwt"": 388.1053924560547, ""grnwt"": 0.0, ""xlai"": 0.694115161895752, ""totir"": 0.0, ""tofer"": NaN, ""swfac"": 0.0, ""nstres"": 0.0}",0.0,0.0,388.1053924560547,0.0,0.694115161895752,0.0,,0.0,0.0,0.0,0.0,26.825119018554688,26.825119018554688,Leave_One_experiments/all_year_offline_schedule_search/daily_outputs/FQA/FQA_2005_FQA2005_stress_grid_S0001_daily.csv
FQA,FQA,Fengqiu,2005,Leave_One_experiments\wth_generated_qc\FQA\FQA2005.WTH,wet_year;water_stress_year;nitrogen_stress_year,water_stress,FQA2005_stress_grid_S0001,low_input_within_10pct_yield,2005-07-10,191,35,30,"{""sim_day"": 35.0, ""doy"": 191.0, ""topwt"": 438.009033203125, ""grnwt"": 0.0, ""xlai"": 0.760552704334259, ""totir"": 0.0, ""tofer"": NaN, ""swfac"": 0.0, ""nstres"": 0.0}",0.0,0.0,438.009033203125,0.0,0.760552704334259,0.0,,0.0,0.0,0.0,0.0,26.825119018554688,26.825119018554688,Leave_One_experiments/all_year_offline_schedule_search/daily_outputs/FQA/FQA_2005_FQA2005_stress_grid_S0001_daily.csv
FQA,FQA,Fengqiu,2005,Leave_One_experiments\wth_generated_qc\FQA\FQA2005.WTH,wet_year;water_stress_year;nitrogen_stress_year,water_stress,FQA2005_stress_grid_S0001,low_input_within_10pct_yield,2005-07-11,192,36,31,"{""sim_day"": 36.0, ""doy"": 192.0, ""topwt"": 496.5995788574219, ""grnwt"": 0.0, ""xlai"": 0.8346455693244934, ""totir"": 0.0, ""tofer"": NaN, ""swfac"": 0.0, ""nstres"": 0.0}",0.0,0.0,496.5995788574219,0.0,0.8346455693244934,0.0,,0.0,0.0,0.0,0.0,26.825119018554688,26.825119018554688,Leave_One_experiments/all_year_offline_schedule_search/daily_outputs/FQA/FQA_2005_FQA2005_stress_grid_S0001_daily.csv
FQA,FQA,Fengqiu,2005,Leave_One_experiments\wth_generated_qc\FQA\FQA2005.WTH,wet_year;water_stress_year;nitrogen_stress_year,water_stress,FQA2005_stress_grid_S0001,low_input_within_10pct_yield,2005-07-12,193,37,32,"{""sim_day"": 37.0, ""doy"": 193.0, ""topwt"": 559.6343994140625, ""grnwt"": 0.0, ""xlai"": 0.907439112663269, ""totir"": 0.0, ""tofer"": NaN, ""swfac"": 0.0, ""nstres"": 0.0245286226272583}",0.0,0.0245286226272583,559.6343994140625,0.0,0.907439112663269,0.0,,0.0,0.0,0.0,0.0,26.825119018554688,26.825119018554688,Leave_One_experiments/all_year_offline_schedule_search/daily_outputs/FQA/FQA_2005_FQA2005_stress_grid_S0001_daily.csv
FQA,FQA,Fengqiu,2005,Leave_One_experiments\wth_generated_qc\FQA\FQA2005.WTH,wet_year;water_stress_year;nitrogen_stress_year,water_stress,FQA2005_stress_grid_S0001,low_input_within_10pct_yield,2005-07-13,194,38,33,"{""sim_day"": 38.0, ""doy"": 194.0, ""topwt"": 625.473747253418, ""grnwt"": 0.0, ""xlai"": 0.9742991924285888, ""totir"": 0.0, ""tofer"": NaN, ""swfac"": 0.0, ""nstres"": 0.0644406080245971}",0.0,0.0644406080245971,625.473747253418,0.0,0.9742991924285888,0.0,,0.0,0.0,0.0,0.0,26.825119018554688,26.825119018554688,Leave_One_experiments/all_year_offline_schedule_search/daily_outputs/FQA/FQA_2005_FQA2005_stress_grid_S0001_daily.csv
FQA,FQA,Fengqiu,2005,Leave_One_experiments\wth_generated_qc\FQA\FQA2005.WTH,wet_year;water_stress_year;nitrogen_stress_year,water_stress,FQA2005_stress_grid_S0001,low_input_within_10pct_yield,2005-07-14,195,39,34,"{""sim_day"": 39.0, ""doy"": 195.0, ""topwt"": 687.7732086181641, ""grnwt"": 0.0, ""xlai"": 1.0285910367965698, ""totir"": 0.0, ""tofer"": NaN, ""swfac"": 0.0, ""nstres"": 0.0991941690444946}",0.0,0.0991941690444946,687.7732086181641,0.0,1.0285910367965698,0.0,,0.0,0.0,0.0,0.0,26.825119018554688,26.825119018554688,Leave_One_experiments/all_year_offline_schedule_search/daily_outputs/FQA/FQA_2005_FQA2005_stress_grid_S0001_daily.csv
FQA,FQA,Fengqiu,2005,Leave_One_experiments\wth_generated_qc\FQA\FQA2005.WTH,wet_year;water_stress_year;nitrogen_stress_year,water_stress,FQA2005_stress_grid_S0001,low_input_within_10pct_yield,2005-07-15,196,40,35,"{""sim_day"": 40.0, ""doy"": 196.0, ""topwt"": 744.2943572998047, ""grnwt"": 0.0, ""xlai"": 1.0694477558135986, ""totir"": 0.0, ""tofer"": NaN, ""swfac"": 0.0, ""nstres"": 0.127726674079895}",0.0,0.127726674079895,744.2943572998047,0.0,1.0694477558135986,0.0,,0.0,0.0,0.0,0.0,26.825119018554688,26.825119018554688,Leave_One_experiments/all_year_offline_schedule_search/daily_outputs/FQA/FQA_2005_FQA2005_stress_grid_S0001_daily.csv
FQA,FQA,Fengqiu,2005,Leave_One_experiments\wth_generated_qc\FQA\FQA2005.WTH,wet_year;water_stress_year;nitrogen_stress_year,water_stress,FQA2005_stress_grid_S0001,low_input_within_10pct_yield,2005-07-16,197,41,36,"{""sim_day"": 41.0, ""doy"": 197.0, ""topwt"": 797.9562377929688, ""grnwt"": 0.0, ""xlai"": 1.101584792137146, ""totir"": 0.0, ""tofer"": NaN, ""swfac"": 0.0, ""nstres"": 0.1483087539672851}",0.0,0.1483087539672851,797.9562377929688,0.0,1.101584792137146,0.0,,0.0,0.0,0.0,0.0,26.825119018554688,26.825119018554688,Leave_One_experiments/all_year_offline_schedule_search/daily_outputs/FQA/FQA_2005_FQA2005_stress_grid_S0001_daily.csv
FQA,FQA,Fengqiu,2005,Leave_One_experiments\wth_generated_qc\FQA\FQA2005.WTH,wet_year;water_stress_year;nitrogen_stress_year,water_stress,FQA2005_stress_grid_S0001,low_input_within_10pct_yield,2005-07-17,198,42,37,"{""sim_day"": 42.0, ""doy"": 198.0, ""topwt"": 860.1740264892578, ""grnwt"": 0.0, ""xlai"": 1.1371006965637207, ""totir"": 0.0, ""tofer"": NaN, ""swfac"": 0.0, ""nstres"": 0.1593937873840332}",0.0,0.1593937873840332,860.1740264892578,0.0,1.1371006965637207,0.0,,0.0,0.0,0.0,0.0,26.825119018554688,26.825119018554688,Leave_One_experiments/all_year_offline_schedule_search/daily_outputs/FQA/FQA_2005_FQA2005_stress_grid_S0001_daily.csv
FQA,FQA,Fengqiu,2005,Leave_One_experiments\wth_generated_qc\FQA\FQA2005.WTH,wet_year;water_stress_year;nitrogen_stress_year,water_stress,FQA2005_stress_grid_S0001,low_input_within_10pct_yield,2005-07-18,199,43,38,"{""sim_day"": 43.0, ""doy"": 199.0, ""topwt"": 932.7142333984376, ""grnwt"": 0.0, ""xlai"": 1.1770628690719604, ""totir"": 0.0, ""tofer"": NaN, ""swfac"": 0.0, ""nstres"": 0.1666979193687439}",0.0,0.1666979193687439,932.7142333984376,0.0,1.1770628690719604,0.0,,0.0,0.0,0.0,0.0,26.825119018554688,26.825119018554688,Leave_One_experiments/all_year_offline_schedule_search/daily_outputs/FQA/FQA_2005_FQA2005_stress_grid_S0001_daily.csv
FQA,FQA,Fengqiu,2005,Leave_One_experiments\wth_generated_qc\FQA\FQA2005.WTH,wet_year;water_stress_year;nitrogen_stress_year,water_stress,FQA2005_stress_grid_S0001,low_input_within_10pct_yield,2005-07-19,200,44,39,"{""sim_day"": 44.0, ""doy"": 200.0, ""topwt"": 1006.122817993164, ""grnwt"": 0.0, ""xlai"": 1.2121115922927856, ""totir"": 0.0, ""tofer"": NaN, ""swfac"": 0.0, ""nstres"": 0.177884042263031}",0.0,0.177884042263031,1006.122817993164,0.0,1.2121115922927856,0.0,,0.0,0.0,0.0,0.0,26.825119018554688,26.825119018554688,Leave_One_experiments/all_year_offline_schedule_search/daily_outputs/FQA/FQA_2005_FQA2005_stress_grid_S0001_daily.csv
FQA,FQA,Fengqiu,2005,Leave_One_experiments\wth_generated_qc\FQA\FQA2005.WTH,wet_year;water_stress_year;nitrogen_stress_year,water_stress,FQA2005_stress_grid_S0001,low_input_within_10pct_yield,2005-07-20,201,45,40,"{""sim_day"": 45.0, ""doy"": 201.0, ""topwt"": 1141.934585571289, ""grnwt"": 0.0, ""xlai"": 1.229405403137207, ""totir"": 0.0, ""tofer"": NaN, ""swfac"": 0.0, ""nstres"": 0.1919466257095337}",0.0,0.1919466257095337,1141.934585571289,0.0,1.229405403137207,0.0,,0.0,0.0,0.0,0.0,26.825119018554688,26.825119018554688,Leave_One_experiments/all_year_offline_schedule_search/daily_outputs/FQA/FQA_2005_FQA2005_stress_grid_S0001_daily.csv
FQA,FQA,Fengqiu,2005,Leave_One_experiments\wth_generated_qc\FQA\FQA2005.WTH,wet_year;water_stress_year;nitrogen_stress_year,water_stress,FQA2005_stress_grid_S0001,low_input_within_10pct_yield,2005-07-21,202,46,41,"{""sim_day"": 46.0, ""doy"": 202.0, ""topwt"": 1275.0015258789062, ""grnwt"": 0.0, ""xlai"": 1.2411586046218872, ""totir"": 0.0, ""tofer"": NaN, ""swfac"": 0.0, ""nstres"": 0.2089603543281555}",0.0,0.2089603543281555,1275.0015258789062,0.0,1.2411586046218872,0.0,,0.0,0.0,0.0,0.0,26.825119018554688,26.825119018554688,Leave_One_experiments/all_year_offline_schedule_search/daily_outputs/FQA/FQA_2005_FQA2005_stress_grid_S0001_daily.csv
FQA,FQA,Fengqiu,2005,Leave_One_experiments\wth_generated_qc\FQA\FQA2005.WTH,wet_year;water_stress_year;nitrogen_stress_year,water_stress,FQA2005_stress_grid_S0001,low_input_within_10pct_yield,2005-07-22,203,47,42,"{""sim_day"": 47.0, ""doy"": 203.0, ""topwt"": 1319.9607849121094, ""grnwt"": 0.0, ""xlai"": 1.219490647315979, ""totir"": 0.0, ""tofer"": NaN, ""swfac"": 0.0, ""nstres"": 0.2846039533615112}",0.0,0.2846039533615112,1319.9607849121094,0.0,1.219490647315979,0.0,,0.0,0.0,0.0,0.0,26.825119018554688,26.825119018554688,Leave_One_experiments/all_year_offline_schedule_search/daily_outputs/FQA/FQA_2005_FQA2005_stress_grid_S0001_daily.csv
FQA,FQA,Fengqiu,2005,Leave_One_experiments\wth_generated_qc\FQA\FQA2005.WTH,wet_year;water_stress_year;nitrogen_stress_year,water_stress,FQA2005_stress_grid_S0001,low_input_within_10pct_yield,2005-07-23,204,48,43,"{""sim_day"": 48.0, ""doy"": 204.0, ""topwt"": 1412.599639892578, ""grnwt"": 0.0, ""xlai"": 1.2091957330703735, ""totir"": 0.0, ""tofer"": NaN, ""swfac"": 0.0, ""nstres"": 0.3403618335723877}",0.0,0.3403618335723877,1412.599639892578,0.0,1.2091957330703735,0.0,,0.0,0.0,0.0,0.0,26.825119018554688,26.825119018554688,Leave_One_experiments/all_year_offline_schedule_search/daily_outputs/FQA/FQA_2005_FQA2005_stress_grid_S0001_daily.csv
FQA,FQA,Fengqiu,2005,Leave_One_experiments\wth_generated_qc\FQA\FQA2005.WTH,wet_year;water_stress_year;nitrogen_stress_year,water_stress,FQA2005_stress_grid_S0001,low_input_within_10pct_yield,2005-07-24,205,49,44,"{""sim_day"": 49.0, ""doy"": 205.0, ""topwt"": 1502.1673583984375, ""grnwt"": 0.0, ""xlai"": 1.1974235773086548, ""totir"": 0.0, ""tofer"": NaN, ""swfac"": 0.0, ""nstres"": 0.3390684127807617}",0.0,0.3390684127807617,1502.1673583984375,0.0,1.1974235773086548,0.0,,0.0,0.0,0.0,0.0,26.825119018554688,26.825119018554688,Leave_One_experiments/all_year_offline_schedule_search/daily_outputs/FQA/FQA_2005_FQA2005_stress_grid_S0001_daily.csv
FQA,FQA,Fengqiu,2005,Leave_One_experiments\wth_generated_qc\FQA\FQA2005.WTH,wet_year;water_stress_year;nitrogen_stress_year,water_stress,FQA2005_stress_grid_S0001,low_input_within_10pct_yield,2005-07-25,206,50,45,"{""sim_day"": 50.0, ""doy"": 206.0, ""topwt"": 1586.4190673828125, ""grnwt"": 0.0, ""xlai"": 1.1824277639389038, ""totir"": 0.0, ""tofer"": NaN, ""swfac"": 0.0, ""nstres"": 0.3638901114463806}",0.0,0.3638901114463806,1586.4190673828125,0.0,1.1824277639389038,0.0,,0.0,0.0,0.0,0.0,26.825119018554688,26.825119018554688,Leave_One_experiments/all_year_offline_schedule_search/daily_outputs/FQA/FQA_2005_FQA2005_stress_grid_S0001_daily.csv
FQA,FQA,Fengqiu,2005,Leave_One_experiments\wth_generated_qc\FQA\FQA2005.WTH,wet_year;water_stress_year;nitrogen_stress_year,water_stress,FQA2005_stress_grid_S0001,low_input_within_10pct_yield,2005-07-26,207,51,46,"{""sim_day"": 51.0, ""doy"": 207.0, ""topwt"": 1642.905731201172, ""grnwt"": 0.0, ""xlai"": 1.158847689628601, ""totir"": 0.0, ""tofer"": NaN, ""swfac"": 0.0, ""nstres"": 0.3822507262229919}",0.0,0.3822507262229919,1642.905731201172,0.0,1.158847689628601,0.0,,0.0,0.0,0.0,0.0,26.825119018554688,26.825119018554688,Leave_One_experiments/all_year_offline_schedule_search/daily_outputs/FQA/FQA_2005_FQA2005_stress_grid_S0001_daily.csv
FQA,FQA,Fengqiu,2005,Leave_One_experiments\wth_generated_qc\FQA\FQA2005.WTH,wet_year;water_stress_year;nitrogen_stress_year,water_stress,FQA2005_stress_grid_S0001,low_input_within_10pct_yield,2005-07-27,208,52,47,"{""sim_day"": 52.0, ""doy"": 208.0, ""topwt"": 1729.4436645507812, ""grnwt"": 0.0, ""xlai"": 1.1430000066757202, ""totir"": 0.0, ""tofer"": NaN, ""swfac"": 0.0, ""nstres"": 0.3899742364883423}",0.0,0.3899742364883423,1729.4436645507812,0.0,1.1430000066757202,0.0,,0.0,0.0,0.0,0.0,26.825119018554688,26.825119018554688,Leave_One_experiments/all_year_offline_schedule_search/daily_outputs/FQA/FQA_2005_FQA2005_stress_grid_S0001_daily.csv
FQA,FQA,Fengqiu,2005,Leave_One_experiments\wth_generated_qc\FQA\FQA2005.WTH,wet_year;water_stress_year;nitrogen_stress_year,water_stress,FQA2005_stress_grid_S0001,low_input_within_10pct_yield,2005-07-28,209,53,48,"{""sim_day"": 53.0, ""doy"": 209.0, ""topwt"": 1814.7193908691409, ""grnwt"": 0.0, ""xlai"": 1.1268755197525024, ""totir"": 0.0, ""tofer"": NaN, ""swfac"": 0.0, ""nstres"": 0.3862523436546325}",0.0,0.3862523436546325,1814.7193908691409,0.0,1.1268755197525024,0.0,,0.0,0.0,0.0,0.0,26.825119018554688,26.825119018554688,Leave_One_experiments/all_year_offline_schedule_search/daily_outputs/FQA/FQA_2005_FQA2005_stress_grid_S0001_daily.csv
FQA,FQA,Fengqiu,2005,Leave_One_experiments\wth_generated_qc\FQA\FQA2005.WTH,wet_year;water_stress_year;nitrogen_stress_year,water_stress,FQA2005_stress_grid_S0001,low_input_within_10pct_yield,2005-07-29,210,54,49,"{""sim_day"": 54.0, ""doy"": 210.0, ""topwt"": 1882.957763671875, ""grnwt"": 0.0, ""xlai"": 1.1067265272140503, ""totir"": 0.0, ""tofer"": NaN, ""swfac"": 0.0, ""nstres"": 0.3911218047142029}",0.0,0.3911218047142029,1882.957763671875,0.0,1.1067265272140503,0.0,,0.0,0.0,0.0,0.0,26.825119018554688,26.825119018554688,Leave_One_experiments/all_year_offline_schedule_search/daily_outputs/FQA/FQA_2005_FQA2005_stress_grid_S0001_daily.csv
FQA,FQA,Fengqiu,2005,Leave_One_experiments\wth_generated_qc\FQA\FQA2005.WTH,wet_year;water_stress_year;nitrogen_stress_year,water_stress,FQA2005_stress_grid_S0001,low_input_within_10pct_yield,2005-07-30,211,55,50,"{""sim_day"": 55.0, ""doy"": 211.0, ""topwt"": 1938.8136291503904, ""grnwt"": 0.0, ""xlai"": 1.0838611125946045, ""totir"": 0.0, ""tofer"": NaN, ""swfac"": 0.0, ""nstres"": 0.3963040113449096}",0.0,0.3963040113449096,1938.8136291503904,0.0,1.0838611125946045,0.0,,0.0,0.0,0.0,0.0,26.825119018554688,26.825119018554688,Leave_One_experiments/all_year_offline_schedule_search/daily_outputs/FQA/FQA_2005_FQA2005_stress_grid_S0001_daily.csv
FQA,FQA,Fengqiu,2005,Leave_One_experiments\wth_generated_qc\FQA\FQA2005.WTH,wet_year;water_stress_year;nitrogen_stress_year,water_stress,FQA2005_stress_grid_S0001,low_input_within_10pct_yield,2005-07-31,212,56,51,"{""sim_day"": 56.0, ""doy"": 212.0, ""topwt"": 2029.167022705078, ""grnwt"": 0.0, ""xlai"": 1.0702764987945557, ""totir"": 0.0, ""tofer"": NaN, ""swfac"": 0.0, ""nstres"": 0.4000550508499145}",0.0,0.4000550508499145,2029.167022705078,0.0,1.0702764987945557,0.0,,0.0,0.0,0.0,0.0,26.825119018554688,26.825119018554688,Leave_One_experiments/all_year_offline_schedule_search/daily_outputs/FQA/FQA_2005_FQA2005_stress_grid_S0001_daily.csv
FQA,FQA,Fengqiu,2005,Leave_One_experiments\wth_generated_qc\FQA\FQA2005.WTH,wet_year;water_stress_year;nitrogen_stress_year,water_stress,FQA2005_stress_grid_S0001,low_input_within_10pct_yield,2005-08-01,213,57,52,"{""sim_day"": 57.0, ""doy"": 213.0, ""topwt"": 2067.330322265625, ""grnwt"": 0.0, ""xlai"": 1.0439062118530271, ""totir"": 0.0, ""tofer"": NaN, ""swfac"": 0.0, ""nstres"": 0.401390016078949}",0.0,0.401390016078949,2067.330322265625,0.0,1.0439062118530271,0.0,,0.0,0.0,0.0,0.0,26.825119018554688,26.825119018554688,Leave_One_experiments/all_year_offline_schedule_search/daily_outputs/FQA/FQA_2005_FQA2005_stress_grid_S0001_daily.csv
FQA,FQA,Fengqiu,2005,Leave_One_experiments\wth_generated_qc\FQA\FQA2005.WTH,wet_year;water_stress_year;nitrogen_stress_year,water_stress,FQA2005_stress_grid_S0001,low_input_within_10pct_yield,2005-08-02,214,58,53,"{""sim_day"": 58.0, ""doy"": 214.0, ""topwt"": 2146.031951904297, ""grnwt"": 0.0, ""xlai"": 1.0282411575317385, ""totir"": 0.0, ""tofer"": NaN, ""swfac"": 0.0, ""nstres"": 0.4102303981781006}",0.0,0.4102303981781006,2146.031951904297,0.0,1.0282411575317385,0.0,,0.0,0.0,0.0,0.0,26.825119018554688,26.825119018554688,Leave_One_experiments/all_year_offline_schedule_search/daily_outputs/FQA/FQA_2005_FQA2005_stress_grid_S0001_daily.csv
FQA,FQA,Fengqiu,2005,Leave_One_experiments\wth_generated_qc\FQA\FQA2005.WTH,wet_year;water_stress_year;nitrogen_stress_year,water_stress,FQA2005_stress_grid_S0001,low_input_within_10pct_yield,2005-08-03,215,59,54,"{""sim_day"": 59.0, ""doy"": 215.0, ""topwt"": 2217.9808044433594, ""grnwt"": 0.0, ""xlai"": 1.0115087032318115, ""totir"": 0.0, ""tofer"": NaN, ""swfac"": 0.0, ""nstres"": 0.4075320959091186}",0.0,0.4075320959091186,2217.9808044433594,0.0,1.0115087032318115,0.0,,0.0,0.0,0.0,0.0,26.825119018554688,26.825119018554688,Leave_One_experiments/all_year_offline_schedule_search/daily_outputs/FQA/FQA_2005_FQA2005_stress_grid_S0001_daily.csv
FQA,FQA,Fengqiu,2005,Leave_One_experiments\wth_generated_qc\FQA\FQA2005.WTH,wet_year;water_stress_year;nitrogen_stress_year,water_stress,FQA2005_stress_grid_S0001,low_input_within_10pct_yield,2005-08-04,216,60,55,"{""sim_day"": 60.0, ""doy"": 216.0, ""topwt"": 2291.441345214844, ""grnwt"": 0.0, ""xlai"": 0.9960029125213624, ""totir"": 0.0, ""tofer"": NaN, ""swfac"": 0.0, ""nstres"": 0.4006540775299072}",0.0,0.4006540775299072,2291.441345214844,0.0,0.9960029125213624,0.0,,0.0,0.0,0.0,0.0,26.825119018554688,26.825119018554688,Leave_One_experiments/all_year_offline_schedule_search/daily_outputs/FQA/FQA_2005_FQA2005_stress_grid_S0001_daily.csv
FQA,FQA,Fengqiu,2005,Leave_One_experiments\wth_generated_qc\FQA\FQA2005.WTH,wet_year;water_stress_year;nitrogen_stress_year,water_stress,FQA2005_stress_grid_S0001,low_input_within_10pct_yield,2005-08-05,217,61,56,"{""sim_day"": 61.0, ""doy"": 217.0, ""topwt"": 2329.723052978516, ""grnwt"": 0.0, ""xlai"": 0.9726927280426024, ""totir"": 0.0, ""tofer"": NaN, ""swfac"": 0.0, ""nstres"": 0.3876103162765503}",0.0,0.3876103162765503,2329.723052978516,0.0,0.9726927280426024,0.0,,0.0,0.0,0.0,0.0,26.825119018554688,26.825119018554688,Leave_One_experiments/all_year_offline_schedule_search/daily_outputs/FQA/FQA_2005_FQA2005_stress_grid_S0001_daily.csv
FQA,FQA,Fengqiu,2005,Leave_One_experiments\wth_generated_qc\FQA\FQA2005.WTH,wet_year;water_stress_year;nitrogen_stress_year,water_stress,FQA2005_stress_grid_S0001,low_input_within_10pct_yield,2005-08-06,218,62,57,"{""sim_day"": 62.0, ""doy"": 218.0, ""topwt"": 2435.4098510742188, ""grnwt"": 0.0, ""xlai"": 0.9413112998008728, ""totir"": 0.0, ""tofer"": NaN, ""swfac"": 0.0, ""nstres"": 0.3742949366569519}",0.0,0.3742949366569519,2435.4098510742188,0.0,0.9413112998008728,0.0,,0.0,0.0,0.0,0.0,26.825119018554688,26.825119018554688,Leave_One_experiments/all_year_offline_schedule_search/daily_outputs/FQA/FQA_2005_FQA2005_stress_grid_S0001_daily.csv
FQA,FQA,Fengqiu,2005,Leave_One_experiments\wth_generated_qc\FQA\FQA2005.WTH,wet_year;water_stress_year;nitrogen_stress_year,water_stress,FQA2005_stress_grid_S0001,low_input_within_10pct_yield,2005-08-07,219,63,58,"{""sim_day"": 63.0, ""doy"": 219.0, ""topwt"": 2548.1739807128906, ""grnwt"": 0.0, ""xlai"": 0.9119136333465576, ""totir"": 0.0, ""tofer"": NaN, ""swfac"": 0.0, ""nstres"": 0.3495336174964905}",0.0,0.3495336174964905,2548.1739807128906,0.0,0.9119136333465576,0.0,,0.0,0.0,0.0,0.0,26.825119018554688,26.825119018554688,Leave_One_experiments/all_year_offline_schedule_search/daily_outputs/FQA/FQA_2005_FQA2005_stress_grid_S0001_daily.csv
FQA,FQA,Fengqiu,2005,Leave_One_experiments\wth_generated_qc\FQA\FQA2005.WTH,wet_year;water_stress_year;nitrogen_stress_year,water_stress,FQA2005_stress_grid_S0001,low_input_within_10pct_yield,2005-08-08,220,64,59,"{""sim_day"": 64.0, ""doy"": 220.0, ""topwt"": 2614.6060180664062, ""grnwt"": 0.0, ""xlai"": 0.8835163712501526, ""totir"": 0.0, ""tofer"": NaN, ""swfac"": 0.0, ""nstres"": 0.3473656773567199}",0.0,0.3473656773567199,2614.6060180664062,0.0,0.8835163712501526,0.0,,0.0,0.0,0.0,0.0,26.825119018554688,26.825119018554688,Leave_One_experiments/all_year_offline_schedule_search/daily_outputs/FQA/FQA_2005_FQA2005_stress_grid_S0001_daily.csv
FQA,FQA,Fengqiu,2005,Leave_One_experiments\wth_generated_qc\FQA\FQA2005.WTH,wet_year;water_stress_year;nitrogen_stress_year,water_stress,FQA2005_stress_grid_S0001,low_input_within_10pct_yield,2005-08-09,221,65,60,"{""sim_day"": 65.0, ""doy"": 221.0, ""topwt"": 2692.7886962890625, ""grnwt"": 0.0, ""xlai"": 0.8562191128730774, ""totir"": 0.0, ""tofer"": NaN, ""swfac"": 0.0, ""nstres"": 0.341507077217102}",0.0,0.341507077217102,2692.7886962890625,0.0,0.8562191128730774,0.0,,0.0,0.0,0.0,0.0,26.825119018554688,26.825119018554688,Leave_One_experiments/all_year_offline_schedule_search/daily_outputs/FQA/FQA_2005_FQA2005_stress_grid_S0001_daily.csv
FQA,FQA,Fengqiu,2005,Leave_One_experiments\wth_generated_qc\FQA\FQA2005.WTH,wet_year;water_stress_year;nitrogen_stress_year,water_stress,FQA2005_stress_grid_S0001,low_input_within_10pct_yield,2005-08-10,222,66,61,"{""sim_day"": 66.0, ""doy"": 222.0, ""topwt"": 2803.4494018554688, ""grnwt"": 0.0, ""xlai"": 0.8305012583732605, ""totir"": 0.0, ""tofer"": NaN, ""swfac"": 0.0, ""nstres"": 0.320877194404602}",0.0,0.320877194404602,2803.4494018554688,0.0,0.8305012583732605,0.0,,0.0,0.0,0.0,0.0,26.825119018554688,26.825119018554688,Leave_One_experiments/all_year_offline_schedule_search/daily_outputs/FQA/FQA_2005_FQA2005_stress_grid_S0001_daily.csv
FQA,FQA,Fengqiu,2005,Leave_One_experiments\wth_generated_qc\FQA\FQA2005.WTH,wet_year;water_stress_year;nitrogen_stress_year,water_stress,FQA2005_stress_grid_S0001,low_input_within_10pct_yield,2005-08-11,223,67,62,"{""sim_day"": 67.0, ""doy"": 223.0, ""topwt"": 2923.9190673828125, ""grnwt"": 0.0, ""xlai"": 0.8062528371810913, ""totir"": 0.0, ""tofer"": NaN, ""swfac"": 0.0, ""nstres"": 0.3007356524467468}",0.0,0.3007356524467468,2923.9190673828125,0.0,0.8062528371810913,0.0,,0.0,0.0,0.0,0.0,26.825119018554688,26.825119018554688,Leave_One_experiments/all_year_offline_schedule_search/daily_outputs/FQA/FQA_2005_FQA2005_stress_grid_S0001_daily.csv
FQA,FQA,Fengqiu,2005,Leave_One_experiments\wth_generated_qc\FQA\FQA2005.WTH,wet_year;water_stress_year;nitrogen_stress_year,water_stress,FQA2005_stress_grid_S0001,low_input_within_10pct_yield,2005-08-12,224,68,63,"{""sim_day"": 68.0, ""doy"": 224.0, ""topwt"": 3024.7836303710938, ""grnwt"": 0.0, ""xlai"": 0.7831774353981018, ""totir"": 0.0, ""tofer"": NaN, ""swfac"": 0.0, ""nstres"": 0.2868931889533996}",0.0,0.2868931889533996,3024.7836303710938,0.0,0.7831774353981018,0.0,,0.0,0.0,0.0,0.0,26.825119018554688,26.825119018554688,Leave_One_experiments/all_year_offline_schedule_search/daily_outputs/FQA/FQA_2005_FQA2005_stress_grid_S0001_daily.csv
FQA,FQA,Fengqiu,2005,Leave_One_experiments\wth_generated_qc\FQA\FQA2005.WTH,wet_year;water_stress_year;nitrogen_stress_year,water_stress,FQA2005_stress_grid_S0001,low_input_within_10pct_yield,2005-08-13,225,69,64,"{""sim_day"": 69.0, ""doy"": 225.0, ""topwt"": 3100.8868408203125, ""grnwt"": 0.0, ""xlai"": 0.7612205147743225, ""totir"": 0.0, ""tofer"": NaN, ""swfac"": 0.0, ""nstres"": 0.2728579640388489}",0.0,0.2728579640388489,3100.8868408203125,0.0,0.7612205147743225,0.0,,0.0,0.0,0.0,0.0,26.825119018554688,26.825119018554688,Leave_One_experiments/all_year_offline_schedule_search/daily_outputs/FQA/FQA_2005_FQA2005_stress_grid_S0001_daily.csv
FQA,FQA,Fengqiu,2005,Leave_One_experiments\wth_generated_qc\FQA\FQA2005.WTH,wet_year;water_stress_year;nitrogen_stress_year,water_stress,FQA2005_stress_grid_S0001,low_input_within_10pct_yield,2005-08-14,226,70,65,"{""sim_day"": 70.0, ""doy"": 226.0, ""topwt"": 3200.9698486328125, ""grnwt"": 137.57768630981445, ""xlai"": 0.7405427694320679, ""totir"": 0.0, ""tofer"": NaN, ""swfac"": 0.0, ""nstres"": 0.2519327998161316}",0.0,0.2519327998161316,3200.9698486328125,137.57768630981445,0.7405427694320679,0.0,,0.0,0.0,0.0,0.0,26.825119018554688,26.825119018554688,Leave_One_experiments/all_year_offline_schedule_search/daily_outputs/FQA/FQA_2005_FQA2005_stress_grid_S0001_daily.csv
FQA,FQA,Fengqiu,2005,Leave_One_experiments\wth_generated_qc\FQA\FQA2005.WTH,wet_year;water_stress_year;nitrogen_stress_year,water_stress,FQA2005_stress_grid_S0001,low_input_within_10pct_yield,2005-08-15,227,71,66,"{""sim_day"": 71.0, ""doy"": 227.0, ""topwt"": 3298.6065673828125, ""grnwt"": 202.53692626953125, ""xlai"": 0.7192103266716003, ""totir"": 0.0, ""tofer"": NaN, ""swfac"": 0.0, ""nstres"": 0.2913547158241272}",0.0,0.2913547158241272,3298.6065673828125,202.53692626953125,0.7192103266716003,0.0,,0.0,0.0,0.0,0.0,26.825119018554688,26.825119018554688,Leave_One_experiments/all_year_offline_schedule_search/daily_outputs/FQA/FQA_2005_FQA2005_stress_grid_S0001_daily.csv
FQA,FQA,Fengqiu,2005,Leave_One_experiments\wth_generated_qc\FQA\FQA2005.WTH,wet_year;water_stress_year;nitrogen_stress_year,water_stress,FQA2005_stress_grid_S0001,low_input_within_10pct_yield,2005-08-16,228,72,67,"{""sim_day"": 72.0, ""doy"": 228.0, ""topwt"": 3326.166076660156, ""grnwt"": 306.47172927856445, ""xlai"": 0.6991269588470459, ""totir"": 0.0, ""tofer"": NaN, ""swfac"": 0.0, ""nstres"": 0.270183265209198}",0.0,0.270183265209198,3326.166076660156,306.47172927856445,0.6991269588470459,0.0,,0.0,0.0,0.0,0.0,26.825119018554688,26.825119018554688,Leave_One_experiments/all_year_offline_schedule_search/daily_outputs/FQA/FQA_2005_FQA2005_stress_grid_S0001_daily.csv
FQA,FQA,Fengqiu,2005,Leave_One_experiments\wth_generated_qc\FQA\FQA2005.WTH,wet_year;water_stress_year;nitrogen_stress_year,water_stress,FQA2005_stress_grid_S0001,low_input_within_10pct_yield,2005-08-17,229,73,68,"{""sim_day"": 73.0, ""doy"": 229.0, ""topwt"": 3439.5486450195312, ""grnwt"": 410.40653228759766, ""xlai"": 0.6791661977767944, ""totir"": 0.0, ""tofer"": NaN, ""swfac"": 0.0, ""nstres"": 0.2852222919464111}",0.0,0.2852222919464111,3439.5486450195312,410.40653228759766,0.6791661977767944,0.0,,0.0,0.0,0.0,0.0,26.825119018554688,26.825119018554688,Leave_One_experiments/all_year_offline_schedule_search/daily_outputs/FQA/FQA_2005_FQA2005_stress_grid_S0001_daily.csv
FQA,FQA,Fengqiu,2005,Leave_One_experiments\wth_generated_qc\FQA\FQA2005.WTH,wet_year;water_stress_year;nitrogen_stress_year,water_stress,FQA2005_stress_grid_S0001,low_input_within_10pct_yield,2005-08-18,230,74,69,"{""sim_day"": 74.0, ""doy"": 230.0, ""topwt"": 3541.957092285156, ""grnwt"": 514.3413543701172, ""xlai"": 0.6604066491127014, ""totir"": 0.0, ""tofer"": NaN, ""swfac"": 0.0, ""nstres"": 0.2629145979881286}",0.0,0.2629145979881286,3541.957092285156,514.3413543701172,0.6604066491127014,0.0,,0.0,0.0,0.0,0.0,26.825119018554688,26.825119018554688,Leave_One_experiments/all_year_offline_schedule_search/daily_outputs/FQA/FQA_2005_FQA2005_stress_grid_S0001_daily.csv
FQA,FQA,Fengqiu,2005,Leave_One_experiments\wth_generated_qc\FQA\FQA2005.WTH,wet_year;water_stress_year;nitrogen_stress_year,water_stress,FQA2005_stress_grid_S0001,low_input_within_10pct_yield,2005-08-19,231,75,70,"{""sim_day"": 75.0, ""doy"": 231.0, ""topwt"": 3578.418884277344, ""grnwt"": 618.2761383056641, ""xlai"": 0.6416826248168945, ""totir"": 0.0, ""tofer"": NaN, ""swfac"": 0.0, ""nstres"": 0.2804523706436157}",0.0,0.2804523706436157,3578.418884277344,618.2761383056641,0.6416826248168945,0.0,,0.0,0.0,0.0,0.0,26.825119018554688,26.825119018554688,Leave_One_experiments/all_year_offline_schedule_search/daily_outputs/FQA/FQA_2005_FQA2005_stress_grid_S0001_daily.csv
FQA,FQA,Fengqiu,2005,Leave_One_experiments\wth_generated_qc\FQA\FQA2005.WTH,wet_year;water_stress_year;nitrogen_stress_year,water_stress,FQA2005_stress_grid_S0001,low_input_within_10pct_yield,2005-08-20,232,76,71,"{""sim_day"": 76.0, ""doy"": 232.0, ""topwt"": 3613.5903930664062, ""grnwt"": 722.2109222412109, ""xlai"": 0.6232386827468872, ""totir"": 0.0, ""tofer"": NaN, ""swfac"": 0.0, ""nstres"": 0.2898353338241577}",0.0,0.2898353338241577,3613.5903930664062,722.2109222412109,0.6232386827468872,0.0,,0.0,0.0,0.0,0.0,26.825119018554688,26.825119018554688,Leave_One_experiments/all_year_offline_schedule_search/daily_outputs/FQA/FQA_2005_FQA2005_stress_grid_S0001_daily.csv
FQA,FQA,Fengqiu,2005,Leave_One_experiments\wth_generated_qc\FQA\FQA2005.WTH,wet_year;water_stress_year;nitrogen_stress_year,water_stress,FQA2005_stress_grid_S0001,low_input_within_10pct_yield,2005-08-21,233,77,72,"{""sim_day"": 77.0, ""doy"": 233.0, ""topwt"": 3631.5728759765625, ""grnwt"": 826.1457061767578, ""xlai"": 0.6056187152862549, ""totir"": 0.0, ""tofer"": NaN, ""swfac"": 0.0, ""nstres"": 0.278517484664917}",0.0,0.278517484664917,3631.5728759765625,826.1457061767578,0.6056187152862549,0.0,,0.0,0.0,0.0,0.0,26.825119018554688,26.825119018554688,Leave_One_experiments/all_year_offline_schedule_search/daily_outputs/FQA/FQA_2005_FQA2005_stress_grid_S0001_daily.csv
FQA,FQA,Fengqiu,2005,Leave_One_experiments\wth_generated_qc\FQA\FQA2005.WTH,wet_year;water_stress_year;nitrogen_stress_year,water_stress,FQA2005_stress_grid_S0001,low_input_within_10pct_yield,2005-08-22,234,78,73,"{""sim_day"": 78.0, ""doy"": 234.0, ""topwt"": 3653.590087890625, ""grnwt"": 930.0804901123048, ""xlai"": 0.5887584090232849, ""totir"": 0.0, ""tofer"": NaN, ""swfac"": 0.0, ""nstres"": 0.2681565880775451}",0.0,0.2681565880775451,3653.590087890625,930.0804901123048,0.5887584090232849,0.0,,0.0,0.0,0.0,0.0,26.825119018554688,26.825119018554688,Leave_One_experiments/all_year_offline_schedule_search/daily_outputs/FQA/FQA_2005_FQA2005_stress_grid_S0001_daily.csv
FQA,FQA,Fengqiu,2005,Leave_One_experiments\wth_generated_qc\FQA\FQA2005.WTH,wet_year;water_stress_year;nitrogen_stress_year,water_stress,FQA2005_stress_grid_S0001,low_input_within_10pct_yield,2005-08-23,235,79,74,"{""sim_day"": 79.0, ""doy"": 235.0, ""topwt"": 3765.4129028320312, ""grnwt"": 1034.0152740478516, ""xlai"": 0.5728934407234192, ""totir"": 0.0, ""tofer"": NaN, ""swfac"": 0.0, ""nstres"": 0.2467154264450073}",0.0,0.2467154264450073,3765.4129028320312,1034.0152740478516,0.5728934407234192,0.0,,0.0,0.0,0.0,0.0,26.825119018554688,26.825119018554688,Leave_One_experiments/all_year_offline_schedule_search/daily_outputs/FQA/FQA_2005_FQA2005_stress_grid_S0001_daily.csv
FQA,FQA,Fengqiu,2005,Leave_One_experiments\wth_generated_qc\FQA\FQA2005.WTH,wet_year;water_stress_year;nitrogen_stress_year,water_stress,FQA2005_stress_grid_S0001,low_input_within_10pct_yield,2005-08-24,236,80,75,"{""sim_day"": 80.0, ""doy"": 236.0, ""topwt"": 3867.193603515625, ""grnwt"": 1137.9500579833984, ""xlai"": 0.5578615069389343, ""totir"": 0.0, ""tofer"": NaN, ""swfac"": 0.0, ""nstres"": 0.2297269701957702}",0.0,0.2297269701957702,3867.193603515625,1137.9500579833984,0.5578615069389343,0.0,,0.0,0.0,0.0,0.0,26.825119018554688,26.825119018554688,Leave_One_experiments/all_year_offline_schedule_search/daily_outputs/FQA/FQA_2005_FQA2005_stress_grid_S0001_daily.csv
FQA,FQA,Fengqiu,2005,Leave_One_experiments\wth_generated_qc\FQA\FQA2005.WTH,wet_year;water_stress_year;nitrogen_stress_year,water_stress,FQA2005_stress_grid_S0001,low_input_within_10pct_yield,2005-08-25,237,81,76,"{""sim_day"": 81.0, ""doy"": 237.0, ""topwt"": 3971.512451171875, ""grnwt"": 1241.8848419189453, ""xlai"": 0.5425384640693665, ""totir"": 0.0, ""tofer"": NaN, ""swfac"": 0.0, ""nstres"": 0.2592192888259887}",0.0,0.2592192888259887,3971.512451171875,1241.8848419189453,0.5425384640693665,0.0,,0.0,0.0,0.0,0.0,26.825119018554688,26.825119018554688,Leave_One_experiments/all_year_offline_schedule_search/daily_outputs/FQA/FQA_2005_FQA2005_stress_grid_S0001_daily.csv
FQA,FQA,Fengqiu,2005,Leave_One_experiments\wth_generated_qc\FQA\FQA2005.WTH,wet_year;water_stress_year;nitrogen_stress_year,water_stress,FQA2005_stress_grid_S0001,low_input_within_10pct_yield,2005-08-26,238,82,77,"{""sim_day"": 82.0, ""doy"": 238.0, ""topwt"": 4069.113159179688, ""grnwt"": 1345.8197021484375, ""xlai"": 0.5271721482276917, ""totir"": 0.0, ""tofer"": NaN, ""swfac"": 0.0, ""nstres"": 0.2797537446022033}",0.0,0.2797537446022033,4069.113159179688,1345.8197021484375,0.5271721482276917,0.0,,0.0,0.0,0.0,0.0,26.825119018554688,26.825119018554688,Leave_One_experiments/all_year_offline_schedule_search/daily_outputs/FQA/FQA_2005_FQA2005_stress_grid_S0001_daily.csv
FQA,FQA,Fengqiu,2005,Leave_One_experiments\wth_generated_qc\FQA\FQA2005.WTH,wet_year;water_stress_year;nitrogen_stress_year,water_stress,FQA2005_stress_grid_S0001,low_input_within_10pct_yield,2005-08-27,239,83,78,"{""sim_day"": 83.0, ""doy"": 239.0, ""topwt"": 4126.98486328125, ""grnwt"": 1449.7544860839844, ""xlai"": 0.5117177367210388, ""totir"": 0.0, ""tofer"": NaN, ""swfac"": 0.0, ""nstres"": 0.3035765886306762}",0.0,0.3035765886306762,4126.98486328125,1449.7544860839844,0.5117177367210388,0.0,,0.0,0.0,0.0,0.0,26.825119018554688,26.825119018554688,Leave_One_experiments/all_year_offline_schedule_search/daily_outputs/FQA/FQA_2005_FQA2005_stress_grid_S0001_daily.csv
FQA,FQA,Fengqiu,2005,Leave_One_experiments\wth_generated_qc\FQA\FQA2005.WTH,wet_year;water_stress_year;nitrogen_stress_year,water_stress,FQA2005_stress_grid_S0001,low_input_within_10pct_yield,2005-08-28,240,84,79,"{""sim_day"": 84.0, ""doy"": 240.0, ""topwt"": 4137.9498291015625, ""grnwt"": 1553.6892700195312, ""xlai"": 0.4962881803512573, ""totir"": 0.0, ""tofer"": NaN, ""swfac"": 0.0, ""nstres"": 0.3236615657806396}",0.0,0.3236615657806396,4137.9498291015625,1553.6892700195312,0.4962881803512573,0.0,,0.0,0.0,0.0,0.0,26.825119018554688,26.825119018554688,Leave_One_experiments/all_year_offline_schedule_search/daily_outputs/FQA/FQA_2005_FQA2005_stress_grid_S0001_daily.csv
FQA,FQA,Fengqiu,2005,Leave_One_experiments\wth_generated_qc\FQA\FQA2005.WTH,wet_year;water_stress_year;nitrogen_stress_year,water_stress,FQA2005_stress_grid_S0001,low_input_within_10pct_yield,2005-08-29,241,85,80,"{""sim_day"": 85.0, ""doy"": 241.0, ""topwt"": 4227.901306152344, ""grnwt"": 1657.624053955078, ""xlai"": 0.4815081059932709, ""totir"": 0.0, ""tofer"": NaN, ""swfac"": 0.0, ""nstres"": 0.3147503733634949}",0.0,0.3147503733634949,4227.901306152344,1657.624053955078,0.4815081059932709,0.0,,0.0,0.0,0.0,0.0,26.825119018554688,26.825119018554688,Leave_One_experiments/all_year_offline_schedule_search/daily_outputs/FQA/FQA_2005_FQA2005_stress_grid_S0001_daily.csv
FQA,FQA,Fengqiu,2005,Leave_One_experiments\wth_generated_qc\FQA\FQA2005.WTH,wet_year;water_stress_year;nitrogen_stress_year,water_stress,FQA2005_stress_grid_S0001,low_input_within_10pct_yield,2005-08-30,242,86,81,"{""sim_day"": 86.0, ""doy"": 242.0, ""topwt"": 4322.999877929688, ""grnwt"": 1761.558837890625, ""xlai"": 0.4676077961921692, ""totir"": 0.0, ""tofer"": NaN, ""swfac"": 0.0, ""nstres"": 0.2928375601768493}",0.0,0.2928375601768493,4322.999877929688,1761.558837890625,0.4676077961921692,0.0,,0.0,0.0,0.0,0.0,26.825119018554688,26.825119018554688,Leave_One_experiments/all_year_offline_schedule_search/daily_outputs/FQA/FQA_2005_FQA2005_stress_grid_S0001_daily.csv
FQA,FQA,Fengqiu,2005,Leave_One_experiments\wth_generated_qc\FQA\FQA2005.WTH,wet_year;water_stress_year;nitrogen_stress_year,water_stress,FQA2005_stress_grid_S0001,low_input_within_10pct_yield,2005-08-31,243,87,82,"{""sim_day"": 87.0, ""doy"": 243.0, ""topwt"": 4407.272033691406, ""grnwt"": 1865.493621826172, ""xlai"": 0.4536077082157135, ""totir"": 0.0, ""tofer"": NaN, ""swfac"": 0.0, ""nstres"": 0.3185560703277588}",0.0,0.3185560703277588,4407.272033691406,1865.493621826172,0.4536077082157135,0.0,,0.0,0.0,0.0,0.0,26.825119018554688,26.825119018554688,Leave_One_experiments/all_year_offline_schedule_search/daily_outputs/FQA/FQA_2005_FQA2005_stress_grid_S0001_daily.csv
FQA,FQA,Fengqiu,2005,Leave_One_experiments\wth_generated_qc\FQA\FQA2005.WTH,wet_year;water_stress_year;nitrogen_stress_year,water_stress,FQA2005_stress_grid_S0001,low_input_within_10pct_yield,2005-09-01,244,88,83,"{""sim_day"": 88.0, ""doy"": 244.0, ""topwt"": 4419.0277099609375, ""grnwt"": 1969.4284057617188, ""xlai"": 0.4394778311252594, ""totir"": 0.0, ""tofer"": NaN, ""swfac"": 0.0, ""nstres"": 0.3475998044013977}",0.0,0.3475998044013977,4419.0277099609375,1969.4284057617188,0.4394778311252594,0.0,,0.0,0.0,0.0,0.0,26.825119018554688,26.825119018554688,Leave_One_experiments/all_year_offline_schedule_search/daily_outputs/FQA/FQA_2005_FQA2005_stress_grid_S0001_daily.csv
FQA,FQA,Fengqiu,2005,Leave_One_experiments\wth_generated_qc\FQA\FQA2005.WTH,wet_year;water_stress_year;nitrogen_stress_year,water_stress,FQA2005_stress_grid_S0001,low_input_within_10pct_yield,2005-09-02,245,89,84,"{""sim_day"": 89.0, ""doy"": 245.0, ""topwt"": 4476.872863769531, ""grnwt"": 2073.3631896972656, ""xlai"": 0.4254148304462433, ""totir"": 0.0, ""tofer"": NaN, ""swfac"": 0.0, ""nstres"": 0.367983341217041}",0.0,0.367983341217041,4476.872863769531,2073.3631896972656,0.4254148304462433,0.0,,0.0,0.0,0.0,0.0,26.825119018554688,26.825119018554688,Leave_One_experiments/all_year_offline_schedule_search/daily_outputs/FQA/FQA_2005_FQA2005_stress_grid_S0001_daily.csv
FQA,FQA,Fengqiu,2005,Leave_One_experiments\wth_generated_qc\FQA\FQA2005.WTH,wet_year;water_stress_year;nitrogen_stress_year,water_stress,FQA2005_stress_grid_S0001,low_input_within_10pct_yield,2005-09-03,246,90,85,"{""sim_day"": 90.0, ""doy"": 246.0, ""topwt"": 4550.010986328125, ""grnwt"": 2177.2979736328125, ""xlai"": 0.4121643304824829, ""totir"": 0.0, ""tofer"": NaN, ""swfac"": 0.0, ""nstres"": 0.3475323915481567}",0.0,0.3475323915481567,4550.010986328125,2177.2979736328125,0.4121643304824829,0.0,,0.0,0.0,0.0,0.0,26.825119018554688,26.825119018554688,Leave_One_experiments/all_year_offline_schedule_search/daily_outputs/FQA/FQA_2005_FQA2005_stress_grid_S0001_daily.csv
FQA,FQA,Fengqiu,2005,Leave_One_experiments\wth_generated_qc\FQA\FQA2005.WTH,wet_year;water_stress_year;nitrogen_stress_year,water_stress,FQA2005_stress_grid_S0001,low_input_within_10pct_yield,2005-09-04,247,91,86,"{""sim_day"": 91.0, ""doy"": 247.0, ""topwt"": 4601.7327880859375, ""grnwt"": 2281.2327575683594, ""xlai"": 0.3991806507110595, ""totir"": 0.0, ""tofer"": NaN, ""swfac"": 0.0, ""nstres"": 0.3560301065444946}",0.0,0.3560301065444946,4601.7327880859375,2281.2327575683594,0.3991806507110595,0.0,,0.0,0.0,0.0,0.0,26.825119018554688,26.825119018554688,Leave_One_experiments/all_year_offline_schedule_search/daily_outputs/FQA/FQA_2005_FQA2005_stress_grid_S0001_daily.csv
FQA,FQA,Fengqiu,2005,Leave_One_experiments\wth_generated_qc\FQA\FQA2005.WTH,wet_year;water_stress_year;nitrogen_stress_year,water_stress,FQA2005_stress_grid_S0001,low_input_within_10pct_yield,2005-09-05,248,92,87,"{""sim_day"": 92.0, ""doy"": 248.0, ""topwt"": 4657.9144287109375, ""grnwt"": 2348.6529541015625, ""xlai"": 0.3863344490528106, ""totir"": 0.0, ""tofer"": NaN, ""swfac"": 0.0, ""nstres"": 0.372353196144104}",0.0,0.372353196144104,4657.9144287109375,2348.6529541015625,0.3863344490528106,0.0,,0.0,0.0,0.0,0.0,26.825119018554688,26.825119018554688,Leave_One_experiments/all_year_offline_schedule_search/daily_outputs/FQA/FQA_2005_FQA2005_stress_grid_S0001_daily.csv
FQA,FQA,Fengqiu,2005,Leave_One_experiments\wth_generated_qc\FQA\FQA2005.WTH,wet_year;water_stress_year;nitrogen_stress_year,water_stress,FQA2005_stress_grid_S0001,low_input_within_10pct_yield,2005-09-06,249,93,88,"{""sim_day"": 93.0, ""doy"": 249.0, ""topwt"": 4714.669799804688, ""grnwt"": 2405.408477783203, ""xlai"": 0.3743897378444671, ""totir"": 0.0, ""tofer"": NaN, ""swfac"": 0.0, ""nstres"": 0.342036485671997}",0.0,0.342036485671997,4714.669799804688,2405.408477783203,0.3743897378444671,0.0,,0.0,0.0,0.0,0.0,26.825119018554688,26.825119018554688,Leave_One_experiments/all_year_offline_schedule_search/daily_outputs/FQA/FQA_2005_FQA2005_stress_grid_S0001_daily.csv
FQA,FQA,Fengqiu,2005,Leave_One_experiments\wth_generated_qc\FQA\FQA2005.WTH,wet_year;water_stress_year;nitrogen_stress_year,water_stress,FQA2005_stress_grid_S0001,low_input_within_10pct_yield,2005-09-07,250,94,89,"{""sim_day"": 94.0, ""doy"": 250.0, ""topwt"": 4770.103759765625, ""grnwt"": 2460.8421325683594, ""xlai"": 0.3629735112190246, ""totir"": 0.0, ""tofer"": NaN, ""swfac"": 0.0, ""nstres"": 0.3318260312080383}",0.0,0.3318260312080383,4770.103759765625,2460.8421325683594,0.3629735112190246,0.0,,0.0,0.0,0.0,0.0,26.825119018554688,26.825119018554688,Leave_One_experiments/all_year_offline_schedule_search/daily_outputs/FQA/FQA_2005_FQA2005_stress_grid_S0001_daily.csv
FQA,FQA,Fengqiu,2005,Leave_One_experiments\wth_generated_qc\FQA\FQA2005.WTH,wet_year;water_stress_year;nitrogen_stress_year,water_stress,FQA2005_stress_grid_S0001,low_input_within_10pct_yield,2005-09-08,251,95,90,"{""sim_day"": 95.0, ""doy"": 251.0, ""topwt"": 4824.9456787109375, ""grnwt"": 2515.683898925781, ""xlai"": 0.3520152270793915, ""totir"": 0.0, ""tofer"": NaN, ""swfac"": 0.0, ""nstres"": 0.32457035779953}",0.0,0.32457035779953,4824.9456787109375,2515.683898925781,0.3520152270793915,0.0,,0.0,0.0,0.0,0.0,26.825119018554688,26.825119018554688,Leave_One_experiments/all_year_offline_schedule_search/daily_outputs/FQA/FQA_2005_FQA2005_stress_grid_S0001_daily.csv
FQA,FQA,Fengqiu,2005,Leave_One_experiments\wth_generated_qc\FQA\FQA2005.WTH,wet_year;water_stress_year;nitrogen_stress_year,water_stress,FQA2005_stress_grid_S0001,low_input_within_10pct_yield,2005-09-09,252,96,91,"{""sim_day"": 96.0, ""doy"": 252.0, ""topwt"": 4885.70556640625, ""grnwt"": 2576.444091796875, ""xlai"": 0.3415499925613403, ""totir"": 0.0, ""tofer"": NaN, ""swfac"": 0.0, ""nstres"": 0.3135058879852295}",0.0,0.3135058879852295,4885.70556640625,2576.444091796875,0.3415499925613403,0.0,,0.0,0.0,0.0,0.0,26.825119018554688,26.825119018554688,Leave_One_experiments/all_year_offline_schedule_search/daily_outputs/FQA/FQA_2005_FQA2005_stress_grid_S0001_daily.csv
FQA,FQA,Fengqiu,2005,Leave_One_experiments\wth_generated_qc\FQA\FQA2005.WTH,wet_year;water_stress_year;nitrogen_stress_year,water_stress,FQA2005_stress_grid_S0001,low_input_within_10pct_yield,2005-09-10,253,97,92,"{""sim_day"": 97.0, ""doy"": 253.0, ""topwt"": 4942.91748046875, ""grnwt"": 2633.656005859375, ""xlai"": 0.3314249813556671, ""totir"": 0.0, ""tofer"": NaN, ""swfac"": 0.0, ""nstres"": 0.3114634752273559}",0.0,0.3114634752273559,4942.91748046875,2633.656005859375,0.3314249813556671,0.0,,0.0,0.0,0.0,0.0,26.825119018554688,26.825119018554688,Leave_One_experiments/all_year_offline_schedule_search/daily_outputs/FQA/FQA_2005_FQA2005_stress_grid_S0001_daily.csv
FQA,FQA,Fengqiu,2005,Leave_One_experiments\wth_generated_qc\FQA\FQA2005.WTH,wet_year;water_stress_year;nitrogen_stress_year,water_stress,FQA2005_stress_grid_S0001,low_input_within_10pct_yield,2005-09-11,254,98,93,"{""sim_day"": 98.0, ""doy"": 254.0, ""topwt"": 4991.773681640625, ""grnwt"": 2682.5119018554688, ""xlai"": 0.3217622935771942, ""totir"": 0.0, ""tofer"": NaN, ""swfac"": 0.0, ""nstres"": 0.2997236847877502}",0.0,0.2997236847877502,4991.773681640625,2682.5119018554688,0.3217622935771942,0.0,,0.0,0.0,0.0,0.0,26.825119018554688,26.825119018554688,Leave_One_experiments/all_year_offline_schedule_search/daily_outputs/FQA/FQA_2005_FQA2005_stress_grid_S0001_daily.csv
FQA,FQA,Fengqiu,2005,Leave_One_experiments\wth_generated_qc\FQA\FQA2005.WTH,wet_year;water_stress_year;nitrogen_stress_year,water_stress,FQA2005_stress_grid_S0001,low_input_within_10pct_yield,2005-09-12,255,99,94,"{""sim_day"": 99.0, ""doy"": 255.0, ""topwt"": 4991.773681640625, ""grnwt"": 2682.5119018554688, ""xlai"": 0.3217622935771942, ""totir"": 0.0, ""tofer"": NaN, ""swfac"": 0.0, ""nstres"": 0.2761171460151672}",0.0,0.2761171460151672,4991.773681640625,2682.5119018554688,0.3217622935771942,0.0,,0.0,0.0,0.0,0.0,26.825119018554688,26.825119018554688,Leave_One_experiments/all_year_offline_schedule_search/daily_outputs/FQA/FQA_2005_FQA2005_stress_grid_S0001_daily.csv
FQA,FQA,Fengqiu,2005,Leave_One_experiments\wth_generated_qc\FQA\FQA2005.WTH,wet_year;water_stress_year;nitrogen_stress_year,water_stress,FQA2005_stress_grid_S0001,low_input_within_10pct_yield,2005-09-13,256,100,95,"{""sim_day"": 100.0, ""doy"": 256.0, ""topwt"": 4991.773681640625, ""grnwt"": 2682.5119018554688, ""xlai"": 0.3217622935771942, ""totir"": 0.0, ""tofer"": NaN, ""swfac"": 0.0, ""nstres"": 0.2761171460151672}",0.0,0.2761171460151672,4991.773681640625,2682.5119018554688,0.3217622935771942,0.0,,0.0,0.0,0.0,0.0,26.825119018554688,26.825119018554688,Leave_One_experiments/all_year_offline_schedule_search/daily_outputs/FQA/FQA_2005_FQA2005_stress_grid_S0001_daily.csv
FQA,FQA,Fengqiu,2005,Leave_One_experiments\wth_generated_qc\FQA\FQA2005.WTH,wet_year;water_stress_year;nitrogen_stress_year,water_stress,FQA2005_stress_grid_S0001,low_input_within_10pct_yield,2005-09-14,257,101,96,"{""sim_day"": 101.0, ""doy"": 257.0, ""topwt"": 4991.773681640625, ""grnwt"": 2682.5119018554688, ""xlai"": 0.3217622935771942, ""totir"": 0.0, ""tofer"": NaN, ""swfac"": 0.0, ""nstres"": 0.2761171460151672}",0.0,0.2761171460151672,4991.773681640625,2682.5119018554688,0.3217622935771942,0.0,,0.0,0.0,0.0,0.0,26.825119018554688,26.825119018554688,Leave_One_experiments/all_year_offline_schedule_search/daily_outputs/FQA/FQA_2005_FQA2005_stress_grid_S0001_daily.csv
FQA,FQA,Fengqiu,2006,Leave_One_experiments\wth_generated_qc\FQA\FQA2006.WTH,wet_year;nitrogen_stress_year;low_response_year,wet,FQA2006_normal_grid_S0013,irrigation_positive_candidate,2006-06-11,162,1,1,"{""sim_day"": 1.0, ""doy"": 162.0, ""topwt"": 0.0, ""grnwt"": 0.0, ""xlai"": 0.0, ""totir"": 0.0, ""tofer"": NaN, ""swfac"": 0.0, ""nstres"": 0.0}",0.0,0.0,0.0,0.0,0.0,0.0,,0.0,50.0,30.0,150.0,14.107995605468744,26.107995605468744,Leave_One_experiments/all_year_offline_schedule_search/daily_outputs/FQA/FQA_2006_FQA2006_normal_grid_S0013_daily.csv
FQA,FQA,Fengqiu,2006,Leave_One_experiments\wth_generated_qc\FQA\FQA2006.WTH,wet_year;nitrogen_stress_year;low_response_year,wet,FQA2006_normal_grid_S0013,irrigation_positive_candidate,2006-06-12,163,2,2,"{""sim_day"": 2.0, ""doy"": 163.0, ""topwt"": 0.0, ""grnwt"": 0.0, ""xlai"": 0.0, ""totir"": 0.0, ""tofer"": NaN, ""swfac"": 0.0, ""nstres"": 0.0}",0.0,0.0,0.0,0.0,0.0,0.0,,0.0,0.0,30.0,150.0,14.107995605468744,26.107995605468744,Leave_One_experiments/all_year_offline_schedule_search/daily_outputs/FQA/FQA_2006_FQA2006_normal_grid_S0013_daily.csv
FQA,FQA,Fengqiu,2006,Leave_One_experiments\wth_generated_qc\FQA\FQA2006.WTH,wet_year;nitrogen_stress_year;low_response_year,wet,FQA2006_normal_grid_S0013,irrigation_positive_candidate,2006-06-13,164,3,3,"{""sim_day"": 3.0, ""doy"": 164.0, ""topwt"": 0.0, ""grnwt"": 0.0, ""xlai"": 0.0, ""totir"": 0.0, ""tofer"": NaN, ""swfac"": 0.0, ""nstres"": 0.0}",0.0,0.0,0.0,0.0,0.0,0.0,,0.0,0.0,30.0,150.0,14.107995605468744,26.107995605468744,Leave_One_experiments/all_year_offline_schedule_search/daily_outputs/FQA/FQA_2006_FQA2006_normal_grid_S0013_daily.csv
FQA,FQA,Fengqiu,2006,Leave_One_experiments\wth_generated_qc\FQA\FQA2006.WTH,wet_year;nitrogen_stress_year;low_response_year,wet,FQA2006_normal_grid_S0013,irrigation_positive_candidate,2006-06-14,165,4,4,"{""sim_day"": 4.0, ""doy"": 165.0, ""topwt"": 0.0, ""grnwt"": 0.0, ""xlai"": 0.0, ""totir"": 0.0, ""tofer"": NaN, ""swfac"": 0.0, ""nstres"": 0.0}",0.0,0.0,0.0,0.0,0.0,0.0,,0.0,0.0,30.0,150.0,14.107995605468744,26.107995605468744,Leave_One_experiments/all_year_offline_schedule_search/daily_outputs/FQA/FQA_2006_FQA2006_normal_grid_S0013_daily.csv
FQA,FQA,Fengqiu,2006,Leave_One_experiments\wth_generated_qc\FQA\FQA2006.WTH,wet_year;nitrogen_stress_year;low_response_year,wet,FQA2006_normal_grid_S0013,irrigation_positive_candidate,2006-06-15,166,5,5,"{""sim_day"": 5.0, ""doy"": 166.0, ""topwt"": 0.0, ""grnwt"": 0.0, ""xlai"": 0.0, ""totir"": 0.0, ""tofer"": NaN, ""swfac"": 0.0, ""nstres"": 0.0}",0.0,0.0,0.0,0.0,0.0,0.0,,0.0,0.0,30.0,150.0,14.107995605468744,26.107995605468744,Leave_One_experiments/all_year_offline_schedule_search/daily_outputs/FQA/FQA_2006_FQA2006_normal_grid_S0013_daily.csv
FQA,FQA,Fengqiu,2006,Leave_One_experiments\wth_generated_qc\FQA\FQA2006.WTH,wet_year;nitrogen_stress_year;low_response_year,wet,FQA2006_normal_grid_S0013,irrigation_positive_candidate,2006-06-11,162,6,1,"{""sim_day"": 6.0, ""doy"": 162.0, ""topwt"": 0.0, ""grnwt"": 0.0, ""xlai"": 0.0, ""totir"": 0.0, ""tofer"": NaN, ""swfac"": 0.0, ""nstres"": 0.0}",0.0,0.0,0.0,0.0,0.0,0.0,,0.0,0.0,30.0,150.0,14.107995605468744,26.107995605468744,Leave_One_experiments/all_year_offline_schedule_search/daily_outputs/FQA/FQA_2006_FQA2006_normal_grid_S0013_daily.csv
FQA,FQA,Fengqiu,2006,Leave_One_experiments\wth_generated_qc\FQA\FQA2006.WTH,wet_year;nitrogen_stress_year;low_response_year,wet,FQA2006_normal_grid_S0013,irrigation_positive_candidate,2006-06-12,163,7,2,"{""sim_day"": 7.0, ""doy"": 163.0, ""topwt"": 0.0, ""grnwt"": 0.0, ""xlai"": 0.0, ""totir"": 0.0, ""tofer"": NaN, ""swfac"": 0.0, ""nstres"": 0.0}",0.0,0.0,0.0,0.0,0.0,0.0,,0.0,0.0,30.0,150.0,14.107995605468744,26.107995605468744,Leave_One_experiments/all_year_offline_schedule_search/daily_outputs/FQA/FQA_2006_FQA2006_normal_grid_S0013_daily.csv
FQA,FQA,Fengqiu,2006,Leave_One_experiments\wth_generated_qc\FQA\FQA2006.WTH,wet_year;nitrogen_stress_year;low_response_year,wet,FQA2006_normal_grid_S0013,irrigation_positive_candidate,2006-06-13,164,8,3,"{""sim_day"": 8.0, ""doy"": 164.0, ""topwt"": 0.0, ""grnwt"": 0.0, ""xlai"": 0.0, ""totir"": 0.0, ""tofer"": NaN, ""swfac"": 0.0, ""nstres"": 0.0}",0.0,0.0,0.0,0.0,0.0,0.0,,0.0,0.0,30.0,150.0,14.107995605468744,26.107995605468744,Leave_One_experiments/all_year_offline_schedule_search/daily_outputs/FQA/FQA_2006_FQA2006_normal_grid_S0013_daily.csv
FQA,FQA,Fengqiu,2006,Leave_One_experiments\wth_generated_qc\FQA\FQA2006.WTH,wet_year;nitrogen_stress_year;low_response_year,wet,FQA2006_normal_grid_S0013,irrigation_positive_candidate,2006-06-14,165,9,4,"{""sim_day"": 9.0, ""doy"": 165.0, ""topwt"": 0.0, ""grnwt"": 0.0, ""xlai"": 0.0, ""totir"": 0.0, ""tofer"": NaN, ""swfac"": 0.0, ""nstres"": 0.0}",0.0,0.0,0.0,0.0,0.0,0.0,,0.0,0.0,30.0,150.0,14.107995605468744,26.107995605468744,Leave_One_experiments/all_year_offline_schedule_search/daily_outputs/FQA/FQA_2006_FQA2006_normal_grid_S0013_daily.csv
FQA,FQA,Fengqiu,2006,Leave_One_experiments\wth_generated_qc\FQA\FQA2006.WTH,wet_year;nitrogen_stress_year;low_response_year,wet,FQA2006_normal_grid_S0013,irrigation_positive_candidate,2006-06-15,166,10,5,"{""sim_day"": 10.0, ""doy"": 166.0, ""topwt"": 32.00000047683716, ""grnwt"": 0.0, ""xlai"": 0.0035421377979218, ""totir"": 0.0, ""tofer"": NaN, ""swfac"": 0.0, ""nstres"": 0.0121910572052001}",0.0,0.0121910572052001,32.00000047683716,0.0,0.0035421377979218,0.0,,0.0,0.0,30.0,150.0,14.107995605468744,26.107995605468744,Leave_One_experiments/all_year_offline_schedule_search/daily_outputs/FQA/FQA_2006_FQA2006_normal_grid_S0013_daily.csv
FQA,FQA,Fengqiu,2006,Leave_One_experiments\wth_generated_qc\FQA\FQA2006.WTH,wet_year;nitrogen_stress_year;low_response_year,wet,FQA2006_normal_grid_S0013,irrigation_positive_candidate,2006-06-16,167,11,6,"{""sim_day"": 11.0, ""doy"": 167.0, ""topwt"": 32.00000047683716, ""grnwt"": 0.0, ""xlai"": 0.0064413854852318, ""totir"": 0.0, ""tofer"": NaN, ""swfac"": 0.0, ""nstres"": 0.0007585287094116}",0.0,0.0007585287094116,32.00000047683716,0.0,0.0064413854852318,0.0,,0.0,0.0,30.0,150.0,14.107995605468744,26.107995605468744,Leave_One_experiments/all_year_offline_schedule_search/daily_outputs/FQA/FQA_2006_FQA2006_normal_grid_S0013_daily.csv
FQA,FQA,Fengqiu,2006,Leave_One_experiments\wth_generated_qc\FQA\FQA2006.WTH,wet_year;nitrogen_stress_year;low_response_year,wet,FQA2006_normal_grid_S0013,irrigation_positive_candidate,2006-06-17,168,12,7,"{""sim_day"": 12.0, ""doy"": 168.0, ""topwt"": 32.00000047683716, ""grnwt"": 0.0, ""xlai"": 0.0100333029404282, ""totir"": 0.0, ""tofer"": NaN, ""swfac"": 0.0, ""nstres"": 0.0}",0.0,0.0,32.00000047683716,0.0,0.0100333029404282,0.0,,0.0,0.0,30.0,150.0,14.107995605468744,26.107995605468744,Leave_One_experiments/all_year_offline_schedule_search/daily_outputs/FQA/FQA_2006_FQA2006_normal_grid_S0013_daily.csv
FQA,FQA,Fengqiu,2006,Leave_One_experiments\wth_generated_qc\FQA\FQA2006.WTH,wet_year;nitrogen_stress_year;low_response_year,wet,FQA2006_normal_grid_S0013,irrigation_positive_candidate,2006-06-18,169,13,8,"{""sim_day"": 13.0, ""doy"": 169.0, ""topwt"": 32.00000047683716, ""grnwt"": 0.0, ""xlai"": 0.0142218330875039, ""totir"": 0.0, ""tofer"": NaN, ""swfac"": 0.0, ""nstres"": 0.0}",0.0,0.0,32.00000047683716,0.0,0.0142218330875039,0.0,,0.0,0.0,30.0,150.0,14.107995605468744,26.107995605468744,Leave_One_experiments/all_year_offline_schedule_search/daily_outputs/FQA/FQA_2006_FQA2006_normal_grid_S0013_daily.csv
FQA,FQA,Fengqiu,2006,Leave_One_experiments\wth_generated_qc\FQA\FQA2006.WTH,wet_year;nitrogen_stress_year;low_response_year,wet,FQA2006_normal_grid_S0013,irrigation_positive_candidate,2006-06-19,170,14,9,"{""sim_day"": 14.0, ""doy"": 170.0, ""topwt"": 32.00000047683716, ""grnwt"": 0.0, ""xlai"": 0.0186154060065746, ""totir"": 0.0, ""tofer"": NaN, ""swfac"": 0.0, ""nstres"": 0.0}",0.0,0.0,32.00000047683716,0.0,0.0186154060065746,0.0,,0.0,0.0,30.0,150.0,14.107995605468744,26.107995605468744,Leave_One_experiments/all_year_offline_schedule_search/daily_outputs/FQA/FQA_2006_FQA2006_normal_grid_S0013_daily.csv
FQA,FQA,Fengqiu,2006,Leave_One_experiments\wth_generated_qc\FQA\FQA2006.WTH,wet_year;nitrogen_stress_year;low_response_year,wet,FQA2006_normal_grid_S0013,irrigation_positive_candidate,2006-06-20,171,15,10,"{""sim_day"": 15.0, ""doy"": 171.0, ""topwt"": 32.00000047683716, ""grnwt"": 0.0, ""xlai"": 0.0219479352235794, ""totir"": 0.0, ""tofer"": NaN, ""swfac"": 0.0, ""nstres"": 0.0}",0.0,0.0,32.00000047683716,0.0,0.0219479352235794,0.0,,0.0,0.0,30.0,150.0,14.107995605468744,26.107995605468744,Leave_One_experiments/all_year_offline_schedule_search/daily_outputs/FQA/FQA_2006_FQA2006_normal_grid_S0013_daily.csv
FQA,FQA,Fengqiu,2006,Leave_One_experiments\wth_generated_qc\FQA\FQA2006.WTH,wet_year;nitrogen_stress_year;low_response_year,wet,FQA2006_normal_grid_S0013,irrigation_positive_candidate,2006-06-21,172,16,11,"{""sim_day"": 16.0, ""doy"": 172.0, ""topwt"": 23.20487260818481, ""grnwt"": 0.0, ""xlai"": 0.0309608504176139, ""totir"": 0.0, ""tofer"": NaN, ""swfac"": 0.0, ""nstres"": 0.0}",0.0,0.0,23.20487260818481,0.0,0.0309608504176139,0.0,,0.0,0.0,30.0,150.0,14.107995605468744,26.107995605468744,Leave_One_experiments/all_year_offline_schedule_search/daily_outputs/FQA/FQA_2006_FQA2006_normal_grid_S0013_daily.csv
FQA,FQA,Fengqiu,2006,Leave_One_experiments\wth_generated_qc\FQA\FQA2006.WTH,wet_year;nitrogen_stress_year;low_response_year,wet,FQA2006_normal_grid_S0013,irrigation_positive_candidate,2006-06-22,173,17,12,"{""sim_day"": 17.0, ""doy"": 173.0, ""topwt"": 27.344579696655277, ""grnwt"": 0.0, ""xlai"": 0.0444523729383945, ""totir"": 0.0, ""tofer"": NaN, ""swfac"": 0.0, ""nstres"": 0.0}",0.0,0.0,27.344579696655277,0.0,0.0444523729383945,0.0,,0.0,0.0,30.0,150.0,14.107995605468744,26.107995605468744,Leave_One_experiments/all_year_offline_schedule_search/daily_outputs/FQA/FQA_2006_FQA2006_normal_grid_S0013_daily.csv
FQA,FQA,Fengqiu,2006,Leave_One_experiments\wth_generated_qc\FQA\FQA2006.WTH,wet_year;nitrogen_stress_year;low_response_year,wet,FQA2006_normal_grid_S0013,irrigation_positive_candidate,2006-06-23,174,18,13,"{""sim_day"": 18.0, ""doy"": 174.0, ""topwt"": 32.7966570854187, ""grnwt"": 0.0, ""xlai"": 0.0607515014708042, ""totir"": 0.0, ""tofer"": NaN, ""swfac"": 0.0, ""nstres"": 0.0}",0.0,0.0,32.7966570854187,0.0,0.0607515014708042,0.0,,0.0,0.0,30.0,150.0,14.107995605468744,26.107995605468744,Leave_One_experiments/all_year_offline_schedule_search/daily_outputs/FQA/FQA_2006_FQA2006_normal_grid_S0013_daily.csv
FQA,FQA,Fengqiu,2006,Leave_One_experiments\wth_generated_qc\FQA\FQA2006.WTH,wet_year;nitrogen_stress_year;low_response_year,wet,FQA2006_normal_grid_S0013,irrigation_positive_candidate,2006-06-24,175,19,14,"{""sim_day"": 19.0, ""doy"": 175.0, ""topwt"": 39.68492031097412, ""grnwt"": 0.0, ""xlai"": 0.0798428580164909, ""totir"": 0.0, ""tofer"": NaN, ""swfac"": 0.0, ""nstres"": 0.0}",0.0,0.0,39.68492031097412,0.0,0.0798428580164909,0.0,,0.0,0.0,30.0,150.0,14.107995605468744,26.107995605468744,Leave_One_experiments/all_year_offline_schedule_search/daily_outputs/FQA/FQA_2006_FQA2006_normal_grid_S0013_daily.csv
FQA,FQA,Fengqiu,2006,Leave_One_experiments\wth_generated_qc\FQA\FQA2006.WTH,wet_year;nitrogen_stress_year;low_response_year,wet,FQA2006_normal_grid_S0013,irrigation_positive_candidate,2006-06-25,176,20,15,"{""sim_day"": 20.0, ""doy"": 176.0, ""topwt"": 47.56396770477295, ""grnwt"": 0.0, ""xlai"": 0.1003010496497154, ""totir"": 0.0, ""tofer"": NaN, ""swfac"": 0.0, ""nstres"": 0.0}",0.0,0.0,47.56396770477295,0.0,0.1003010496497154,0.0,,0.0,0.0,30.0,150.0,14.107995605468744,26.107995605468744,Leave_One_experiments/all_year_offline_schedule_search/daily_outputs/FQA/FQA_2006_FQA2006_normal_grid_S0013_daily.csv
FQA,FQA,Fengqiu,2006,Leave_One_experiments\wth_generated_qc\FQA\FQA2006.WTH,wet_year;nitrogen_stress_year;low_response_year,wet,FQA2006_normal_grid_S0013,irrigation_positive_candidate,2006-06-26,177,21,16,"{""sim_day"": 21.0, ""doy"": 177.0, ""topwt"": 56.05433464050293, ""grnwt"": 0.0, ""xlai"": 0.1211717724800109, ""totir"": 0.0, ""tofer"": NaN, ""swfac"": 0.0, ""nstres"": 0.0}",0.0,0.0,56.05433464050293,0.0,0.1211717724800109,0.0,,0.0,0.0,30.0,150.0,14.107995605468744,26.107995605468744,Leave_One_experiments/all_year_offline_schedule_search/daily_outputs/FQA/FQA_2006_FQA2006_normal_grid_S0013_daily.csv
FQA,FQA,Fengqiu,2006,Leave_One_experiments\wth_generated_qc\FQA\FQA2006.WTH,wet_year;nitrogen_stress_year;low_response_year,wet,FQA2006_normal_grid_S0013,irrigation_positive_candidate,2006-06-27,178,22,17,"{""sim_day"": 22.0, ""doy"": 178.0, ""topwt"": 65.79002857208252, ""grnwt"": 0.0, ""xlai"": 0.1439826488494873, ""totir"": 0.0, ""tofer"": NaN, ""swfac"": 0.0, ""nstres"": 0.0}",0.0,0.0,65.79002857208252,0.0,0.1439826488494873,0.0,,0.0,0.0,30.0,150.0,14.107995605468744,26.107995605468744,Leave_One_experiments/all_year_offline_schedule_search/daily_outputs/FQA/FQA_2006_FQA2006_normal_grid_S0013_daily.csv
FQA,FQA,Fengqiu,2006,Leave_One_experiments\wth_generated_qc\FQA\FQA2006.WTH,wet_year;nitrogen_stress_year;low_response_year,wet,FQA2006_normal_grid_S0013,irrigation_positive_candidate,2006-06-28,179,23,18,"{""sim_day"": 23.0, ""doy"": 179.0, ""topwt"": 76.66819095611572, ""grnwt"": 0.0, ""xlai"": 0.1683739274740219, ""totir"": 0.0, ""tofer"": NaN, ""swfac"": 0.0, ""nstres"": 0.0}",0.0,0.0,76.66819095611572,0.0,0.1683739274740219,0.0,,0.0,0.0,30.0,150.0,14.107995605468744,26.107995605468744,Leave_One_experiments/all_year_offline_schedule_search/daily_outputs/FQA/FQA_2006_FQA2006_normal_grid_S0013_daily.csv
FQA,FQA,Fengqiu,2006,Leave_One_experiments\wth_generated_qc\FQA\FQA2006.WTH,wet_year;nitrogen_stress_year;low_response_year,wet,FQA2006_normal_grid_S0013,irrigation_positive_candidate,2006-06-29,180,24,19,"{""sim_day"": 24.0, ""doy"": 180.0, ""topwt"": 88.72458457946777, ""grnwt"": 0.0, ""xlai"": 0.1943371891975402, ""totir"": 0.0, ""tofer"": NaN, ""swfac"": 0.0, ""nstres"": 0.0}",0.0,0.0,88.72458457946777,0.0,0.1943371891975402,0.0,,0.0,0.0,30.0,150.0,14.107995605468744,26.107995605468744,Leave_One_experiments/all_year_offline_schedule_search/daily_outputs/FQA/FQA_2006_FQA2006_normal_grid_S0013_daily.csv
FQA,FQA,Fengqiu,2006,Leave_One_experiments\wth_generated_qc\FQA\FQA2006.WTH,wet_year;nitrogen_stress_year;low_response_year,wet,FQA2006_normal_grid_S0013,irrigation_positive_candidate,2006-06-30,181,25,20,"{""sim_day"": 25.0, ""doy"": 181.0, ""topwt"": 102.20175743103027, ""grnwt"": 0.0, ""xlai"": 0.2211813628673553, ""totir"": 0.0, ""tofer"": NaN, ""swfac"": 0.0, ""nstres"": 0.0}",0.0,0.0,102.20175743103027,0.0,0.2211813628673553,0.0,,0.0,0.0,30.0,150.0,14.107995605468744,26.107995605468744,Leave_One_experiments/all_year_offline_schedule_search/daily_outputs/FQA/FQA_2006_FQA2006_normal_grid_S0013_daily.csv
FQA,FQA,Fengqiu,2006,Leave_One_experiments\wth_generated_qc\FQA\FQA2006.WTH,wet_year;nitrogen_stress_year;low_response_year,wet,FQA2006_normal_grid_S0013,irrigation_positive_candidate,2006-07-01,182,26,21,"{""sim_day"": 26.0, ""doy"": 182.0, ""topwt"": 118.46184730529784, ""grnwt"": 0.0, ""xlai"": 0.254633218050003, ""totir"": 0.0, ""tofer"": NaN, ""swfac"": 0.0, ""nstres"": 0.0}",0.0,0.0,118.46184730529784,0.0,0.254633218050003,0.0,,0.0,0.0,30.0,150.0,14.107995605468744,26.107995605468744,Leave_One_experiments/all_year_offline_schedule_search/daily_outputs/FQA/FQA_2006_FQA2006_normal_grid_S0013_daily.csv
FQA,FQA,Fengqiu,2006,Leave_One_experiments\wth_generated_qc\FQA\FQA2006.WTH,wet_year;nitrogen_stress_year;low_response_year,wet,FQA2006_normal_grid_S0013,irrigation_positive_candidate,2006-07-02,183,27,22,"{""sim_day"": 27.0, ""doy"": 183.0, ""topwt"": 136.7822265625, ""grnwt"": 0.0, ""xlai"": 0.290846049785614, ""totir"": 0.0, ""tofer"": NaN, ""swfac"": 0.0, ""nstres"": 0.0}",0.0,0.0,136.7822265625,0.0,0.290846049785614,0.0,,0.0,0.0,30.0,150.0,14.107995605468744,26.107995605468744,Leave_One_experiments/all_year_offline_schedule_search/daily_outputs/FQA/FQA_2006_FQA2006_normal_grid_S0013_daily.csv
FQA,FQA,Fengqiu,2006,Leave_One_experiments\wth_generated_qc\FQA\FQA2006.WTH,wet_year;nitrogen_stress_year;low_response_year,wet,FQA2006_normal_grid_S0013,irrigation_positive_candidate,2006-07-03,184,28,23,"{""sim_day"": 28.0, ""doy"": 184.0, ""topwt"": 157.37788200378418, ""grnwt"": 0.0, ""xlai"": 0.3299275934696197, ""totir"": 0.0, ""tofer"": NaN, ""swfac"": 0.0, ""nstres"": 0.0}",0.0,0.0,157.37788200378418,0.0,0.3299275934696197,0.0,,0.0,0.0,30.0,150.0,14.107995605468744,26.107995605468744,Leave_One_experiments/all_year_offline_schedule_search/daily_outputs/FQA/FQA_2006_FQA2006_normal_grid_S0013_daily.csv
FQA,FQA,Fengqiu,2006,Leave_One_experiments\wth_generated_qc\FQA\FQA2006.WTH,wet_year;nitrogen_stress_year;low_response_year,wet,FQA2006_normal_grid_S0013,irrigation_positive_candidate,2006-07-04,185,29,24,"{""sim_day"": 29.0, ""doy"": 185.0, ""topwt"": 176.15463256835938, ""grnwt"": 0.0, ""xlai"": 0.3641917407512665, ""totir"": 0.0, ""tofer"": NaN, ""swfac"": 0.0, ""nstres"": 0.0}",0.0,0.0,176.15463256835938,0.0,0.3641917407512665,0.0,,0.0,0.0,30.0,150.0,14.107995605468744,26.107995605468744,Leave_One_experiments/all_year_offline_schedule_search/daily_outputs/FQA/FQA_2006_FQA2006_normal_grid_S0013_daily.csv
FQA,FQA,Fengqiu,2006,Leave_One_experiments\wth_generated_qc\FQA\FQA2006.WTH,wet_year;nitrogen_stress_year;low_response_year,wet,FQA2006_normal_grid_S0013,irrigation_positive_candidate,2006-07-05,186,30,25,"{""sim_day"": 30.0, ""doy"": 186.0, ""topwt"": 176.5119171142578, ""grnwt"": 0.0, ""xlai"": 0.3648222684860229, ""totir"": 0.0, ""tofer"": NaN, ""swfac"": 0.0, ""nstres"": 0.0}",0.0,0.0,176.5119171142578,0.0,0.3648222684860229,0.0,,0.0,0.0,30.0,150.0,14.107995605468744,26.107995605468744,Leave_One_experiments/all_year_offline_schedule_search/daily_outputs/FQA/FQA_2006_FQA2006_normal_grid_S0013_daily.csv
FQA,FQA,Fengqiu,2006,Leave_One_experiments\wth_generated_qc\FQA\FQA2006.WTH,wet_year;nitrogen_stress_year;low_response_year,wet,FQA2006_normal_grid_S0013,irrigation_positive_candidate,2006-07-06,187,31,26,"{""sim_day"": 31.0, ""doy"": 187.0, ""topwt"": 202.88108825683597, ""grnwt"": 0.0, ""xlai"": 0.4102815389633178, ""totir"": 0.0, ""tofer"": NaN, ""swfac"": 0.0, ""nstres"": 0.0}",0.0,0.0,202.88108825683597,0.0,0.4102815389633178,0.0,,0.0,0.0,30.0,150.0,14.107995605468744,26.107995605468744,Leave_One_experiments/all_year_offline_schedule_search/daily_outputs/FQA/FQA_2006_FQA2006_normal_grid_S0013_daily.csv
FQA,FQA,Fengqiu,2006,Leave_One_experiments\wth_generated_qc\FQA\FQA2006.WTH,wet_year;nitrogen_stress_year;low_response_year,wet,FQA2006_normal_grid_S0013,irrigation_positive_candidate,2006-07-07,188,32,27,"{""sim_day"": 32.0, ""doy"": 188.0, ""topwt"": 234.17184829711917, ""grnwt"": 0.0, ""xlai"": 0.4616974592208862, ""totir"": 0.0, ""tofer"": NaN, ""swfac"": 0.0, ""nstres"": 0.0}",0.0,0.0,234.17184829711917,0.0,0.4616974592208862,0.0,,0.0,0.0,30.0,150.0,14.107995605468744,26.107995605468744,Leave_One_experiments/all_year_offline_schedule_search/daily_outputs/FQA/FQA_2006_FQA2006_normal_grid_S0013_daily.csv
FQA,FQA,Fengqiu,2006,Leave_One_experiments\wth_generated_qc\FQA\FQA2006.WTH,wet_year;nitrogen_stress_year;low_response_year,wet,FQA2006_normal_grid_S0013,irrigation_positive_candidate,2006-07-08,189,33,28,"{""sim_day"": 33.0, ""doy"": 189.0, ""topwt"": 268.3656120300293, ""grnwt"": 0.0, ""xlai"": 0.5152192115783691, ""totir"": 0.0, ""tofer"": NaN, ""swfac"": 0.0, ""nstres"": 0.0}",0.0,0.0,268.3656120300293,0.0,0.5152192115783691,0.0,,0.0,0.0,30.0,150.0,14.107995605468744,26.107995605468744,Leave_One_experiments/all_year_offline_schedule_search/daily_outputs/FQA/FQA_2006_FQA2006_normal_grid_S0013_daily.csv
FQA,FQA,Fengqiu,2006,Leave_One_experiments\wth_generated_qc\FQA\FQA2006.WTH,wet_year;nitrogen_stress_year;low_response_year,wet,FQA2006_normal_grid_S0013,irrigation_positive_candidate,2006-07-09,190,34,29,"{""sim_day"": 34.0, ""doy"": 190.0, ""topwt"": 308.898868560791, ""grnwt"": 0.0, ""xlai"": 0.5755282044410706, ""totir"": 0.0, ""tofer"": NaN, ""swfac"": 0.0, ""nstres"": 0.0}",0.0,0.0,308.898868560791,0.0,0.5755282044410706,0.0,,0.0,0.0,30.0,150.0,14.107995605468744,26.107995605468744,Leave_One_experiments/all_year_offline_schedule_search/daily_outputs/FQA/FQA_2006_FQA2006_normal_grid_S0013_daily.csv
FQA,FQA,Fengqiu,2006,Leave_One_experiments\wth_generated_qc\FQA\FQA2006.WTH,wet_year;nitrogen_stress_year;low_response_year,wet,FQA2006_normal_grid_S0013,irrigation_positive_candidate,2006-07-10,191,35,30,"{""sim_day"": 35.0, ""doy"": 191.0, ""topwt"": 359.00428771972656, ""grnwt"": 0.0, ""xlai"": 0.6460558772087097, ""totir"": 0.0, ""tofer"": NaN, ""swfac"": 0.0, ""nstres"": 0.0}",0.0,0.0,359.00428771972656,0.0,0.6460558772087097,0.0,,0.0,50.0,30.0,150.0,14.107995605468744,26.107995605468744,Leave_One_experiments/all_year_offline_schedule_search/daily_outputs/FQA/FQA_2006_FQA2006_normal_grid_S0013_daily.csv
FQA,FQA,Fengqiu,2006,Leave_One_experiments\wth_generated_qc\FQA\FQA2006.WTH,wet_year;nitrogen_stress_year;low_response_year,wet,FQA2006_normal_grid_S0013,irrigation_positive_candidate,2006-07-11,192,36,31,"{""sim_day"": 36.0, ""doy"": 192.0, ""topwt"": 417.951774597168, ""grnwt"": 0.0, ""xlai"": 0.7242691516876221, ""totir"": 0.0, ""tofer"": NaN, ""swfac"": 0.0, ""nstres"": 0.0}",0.0,0.0,417.951774597168,0.0,0.7242691516876221,0.0,,0.0,0.0,30.0,150.0,14.107995605468744,26.107995605468744,Leave_One_experiments/all_year_offline_schedule_search/daily_outputs/FQA/FQA_2006_FQA2006_normal_grid_S0013_daily.csv
FQA,FQA,Fengqiu,2006,Leave_One_experiments\wth_generated_qc\FQA\FQA2006.WTH,wet_year;nitrogen_stress_year;low_response_year,wet,FQA2006_normal_grid_S0013,irrigation_positive_candidate,2006-07-12,193,37,32,"{""sim_day"": 37.0, ""doy"": 193.0, ""topwt"": 486.697883605957, ""grnwt"": 0.0, ""xlai"": 0.8100424408912659, ""totir"": 0.0, ""tofer"": NaN, ""swfac"": 0.0, ""nstres"": 0.0}",0.0,0.0,486.697883605957,0.0,0.8100424408912659,0.0,,0.0,0.0,30.0,150.0,14.107995605468744,26.107995605468744,Leave_One_experiments/all_year_offline_schedule_search/daily_outputs/FQA/FQA_2006_FQA2006_normal_grid_S0013_daily.csv
FQA,FQA,Fengqiu,2006,Leave_One_experiments\wth_generated_qc\FQA\FQA2006.WTH,wet_year;nitrogen_stress_year;low_response_year,wet,FQA2006_normal_grid_S0013,irrigation_positive_candidate,2006-07-13,194,38,33,"{""sim_day"": 38.0, ""doy"": 194.0, ""topwt"": 564.9272155761719, ""grnwt"": 0.0, ""xlai"": 0.901728093624115, ""totir"": 0.0, ""tofer"": NaN, ""swfac"": 0.0, ""nstres"": 0.0}",0.0,0.0,564.9272155761719,0.0,0.901728093624115,0.0,,0.0,0.0,30.0,150.0,14.107995605468744,26.107995605468744,Leave_One_experiments/all_year_offline_schedule_search/daily_outputs/FQA/FQA_2006_FQA2006_normal_grid_S0013_daily.csv
FQA,FQA,Fengqiu,2006,Leave_One_experiments\wth_generated_qc\FQA\FQA2006.WTH,wet_year;nitrogen_stress_year;low_response_year,wet,FQA2006_normal_grid_S0013,irrigation_positive_candidate,2006-07-14,195,39,34,"{""sim_day"": 39.0, ""doy"": 195.0, ""topwt"": 644.3215942382812, ""grnwt"": 0.0, ""xlai"": 0.989514708518982, ""totir"": 0.0, ""tofer"": NaN, ""swfac"": 0.0, ""nstres"": 0.0}",0.0,0.0,644.3215942382812,0.0,0.989514708518982,0.0,,0.0,0.0,30.0,150.0,14.107995605468744,26.107995605468744,Leave_One_experiments/all_year_offline_schedule_search/daily_outputs/FQA/FQA_2006_FQA2006_normal_grid_S0013_daily.csv
FQA,FQA,Fengqiu,2006,Leave_One_experiments\wth_generated_qc\FQA\FQA2006.WTH,wet_year;nitrogen_stress_year;low_response_year,wet,FQA2006_normal_grid_S0013,irrigation_positive_candidate,2006-07-15,196,40,35,"{""sim_day"": 40.0, ""doy"": 196.0, ""topwt"": 727.6442718505859, ""grnwt"": 0.0, ""xlai"": 1.0767484903335571, ""totir"": 0.0, ""tofer"": NaN, ""swfac"": 0.0, ""nstres"": 0.0}",0.0,0.0,727.6442718505859,0.0,1.0767484903335571,0.0,,0.0,0.0,30.0,150.0,14.107995605468744,26.107995605468744,Leave_One_experiments/all_year_offline_schedule_search/daily_outputs/FQA/FQA_2006_FQA2006_normal_grid_S0013_daily.csv
FQA,FQA,Fengqiu,2006,Leave_One_experiments\wth_generated_qc\FQA\FQA2006.WTH,wet_year;nitrogen_stress_year;low_response_year,wet,FQA2006_normal_grid_S0013,irrigation_positive_candidate,2006-07-16,197,41,36,"{""sim_day"": 41.0, ""doy"": 197.0, ""topwt"": 808.2711791992188, ""grnwt"": 0.0, ""xlai"": 1.157128095626831, ""totir"": 0.0, ""tofer"": NaN, ""swfac"": 0.0, ""nstres"": 0.0}",0.0,0.0,808.2711791992188,0.0,1.157128095626831,0.0,,0.0,0.0,30.0,150.0,14.107995605468744,26.107995605468744,Leave_One_experiments/all_year_offline_schedule_search/daily_outputs/FQA/FQA_2006_FQA2006_normal_grid_S0013_daily.csv
FQA,FQA,Fengqiu,2006,Leave_One_experiments\wth_generated_qc\FQA\FQA2006.WTH,wet_year;nitrogen_stress_year;low_response_year,wet,FQA2006_normal_grid_S0013,irrigation_positive_candidate,2006-07-17,198,42,37,"{""sim_day"": 42.0, ""doy"": 198.0, ""topwt"": 910.0649261474608, ""grnwt"": 0.0, ""xlai"": 1.2533624172210691, ""totir"": 0.0, ""tofer"": NaN, ""swfac"": 0.0, ""nstres"": 0.0}",0.0,0.0,910.0649261474608,0.0,1.2533624172210691,0.0,,0.0,0.0,30.0,150.0,14.107995605468744,26.107995605468744,Leave_One_experiments/all_year_offline_schedule_search/daily_outputs/FQA/FQA_2006_FQA2006_normal_grid_S0013_daily.csv
FQA,FQA,Fengqiu,2006,Leave_One_experiments\wth_generated_qc\FQA\FQA2006.WTH,wet_year;nitrogen_stress_year;low_response_year,wet,FQA2006_normal_grid_S0013,irrigation_positive_candidate,2006-07-18,199,43,38,"{""sim_day"": 43.0, ""doy"": 199.0, ""topwt"": 993.204345703125, ""grnwt"": 0.0, ""xlai"": 1.328255295753479, ""totir"": 0.0, ""tofer"": NaN, ""swfac"": 0.0, ""nstres"": 0.0}",0.0,0.0,993.204345703125,0.0,1.328255295753479,0.0,,0.0,0.0,30.0,150.0,14.107995605468744,26.107995605468744,Leave_One_experiments/all_year_offline_schedule_search/daily_outputs/FQA/FQA_2006_FQA2006_normal_grid_S0013_daily.csv
FQA,FQA,Fengqiu,2006,Leave_One_experiments\wth_generated_qc\FQA\FQA2006.WTH,wet_year;nitrogen_stress_year;low_response_year,wet,FQA2006_normal_grid_S0013,irrigation_positive_candidate,2006-07-19,200,44,39,"{""sim_day"": 44.0, ""doy"": 200.0, ""topwt"": 1107.361068725586, ""grnwt"": 0.0, ""xlai"": 1.4261795282363892, ""totir"": 0.0, ""tofer"": NaN, ""swfac"": 0.0, ""nstres"": 0.0}",0.0,0.0,1107.361068725586,0.0,1.4261795282363892,0.0,,0.0,0.0,30.0,150.0,14.107995605468744,26.107995605468744,Leave_One_experiments/all_year_offline_schedule_search/daily_outputs/FQA/FQA_2006_FQA2006_normal_grid_S0013_daily.csv
FQA,FQA,Fengqiu,2006,Leave_One_experiments\wth_generated_qc\FQA\FQA2006.WTH,wet_year;nitrogen_stress_year;low_response_year,wet,FQA2006_normal_grid_S0013,irrigation_positive_candidate,2006-07-20,201,45,40,"{""sim_day"": 45.0, ""doy"": 201.0, ""topwt"": 1209.2425537109375, ""grnwt"": 0.0, ""xlai"": 1.4603040218353271, ""totir"": 0.0, ""tofer"": NaN, ""swfac"": 0.0, ""nstres"": 0.0}",0.0,0.0,1209.2425537109375,0.0,1.4603040218353271,0.0,,0.0,0.0,30.0,150.0,14.107995605468744,26.107995605468744,Leave_One_experiments/all_year_offline_schedule_search/daily_outputs/FQA/FQA_2006_FQA2006_normal_grid_S0013_daily.csv
FQA,FQA,Fengqiu,2006,Leave_One_experiments\wth_generated_qc\FQA\FQA2006.WTH,wet_year;nitrogen_stress_year;low_response_year,wet,FQA2006_normal_grid_S0013,irrigation_positive_candidate,2006-07-21,202,46,41,"{""sim_day"": 46.0, ""doy"": 202.0, ""topwt"": 1284.8580932617188, ""grnwt"": 0.0, ""xlai"": 1.4844871759414673, ""totir"": 0.0, ""tofer"": NaN, ""swfac"": 0.0, ""nstres"": 0.0}",0.0,0.0,1284.8580932617188,0.0,1.4844871759414673,0.0,,0.0,0.0,30.0,150.0,14.107995605468744,26.107995605468744,Leave_One_experiments/all_year_offline_schedule_search/daily_outputs/FQA/FQA_2006_FQA2006_normal_grid_S0013_daily.csv
FQA,FQA,Fengqiu,2006,Leave_One_experiments\wth_generated_qc\FQA\FQA2006.WTH,wet_year;nitrogen_stress_year;low_response_year,wet,FQA2006_normal_grid_S0013,irrigation_positive_candidate,2006-07-22,203,47,42,"{""sim_day"": 47.0, ""doy"": 203.0, ""topwt"": 1443.8681030273438, ""grnwt"": 0.0, ""xlai"": 1.5337222814559937, ""totir"": 0.0, ""tofer"": NaN, ""swfac"": 0.0, ""nstres"": 0.0}",0.0,0.0,1443.8681030273438,0.0,1.5337222814559937,0.0,,0.0,0.0,30.0,150.0,14.107995605468744,26.107995605468744,Leave_One_experiments/all_year_offline_schedule_search/daily_outputs/FQA/FQA_2006_FQA2006_normal_grid_S0013_daily.csv
FQA,FQA,Fengqiu,2006,Leave_One_experiments\wth_generated_qc\FQA\FQA2006.WTH,wet_year;nitrogen_stress_year;low_response_year,wet,FQA2006_normal_grid_S0013,irrigation_positive_candidate,2006-07-23,204,48,43,"{""sim_day"": 48.0, ""doy"": 204.0, ""topwt"": 1664.88037109375, ""grnwt"": 0.0, ""xlai"": 1.5997231006622314, ""totir"": 0.0, ""tofer"": NaN, ""swfac"": 0.0, ""nstres"": 0.0}",0.0,0.0,1664.88037109375,0.0,1.5997231006622314,0.0,,0.0,0.0,30.0,150.0,14.107995605468744,26.107995605468744,Leave_One_experiments/all_year_offline_schedule_search/daily_outputs/FQA/FQA_2006_FQA2006_normal_grid_S0013_daily.csv
FQA,FQA,Fengqiu,2006,Leave_One_experiments\wth_generated_qc\FQA\FQA2006.WTH,wet_year;nitrogen_stress_year;low_response_year,wet,FQA2006_normal_grid_S0013,irrigation_positive_candidate,2006-07-24,205,49,44,"{""sim_day"": 49.0, ""doy"": 205.0, ""topwt"": 1870.0942993164065, ""grnwt"": 0.0, ""xlai"": 1.6588655710220337, ""totir"": 0.0, ""tofer"": NaN, ""swfac"": 0.0, ""nstres"": 0.0}",0.0,0.0,1870.0942993164065,0.0,1.6588655710220337,0.0,,0.0,0.0,30.0,150.0,14.107995605468744,26.107995605468744,Leave_One_experiments/all_year_offline_schedule_search/daily_outputs/FQA/FQA_2006_FQA2006_normal_grid_S0013_daily.csv
FQA,FQA,Fengqiu,2006,Leave_One_experiments\wth_generated_qc\FQA\FQA2006.WTH,wet_year;nitrogen_stress_year;low_response_year,wet,FQA2006_normal_grid_S0013,irrigation_positive_candidate,2006-07-25,206,50,45,"{""sim_day"": 50.0, ""doy"": 206.0, ""topwt"": 2082.3614501953125, ""grnwt"": 0.0, ""xlai"": 1.7181956768035889, ""totir"": 0.0, ""tofer"": NaN, ""swfac"": 0.0, ""nstres"": 0.0}",0.0,0.0,2082.3614501953125,0.0,1.7181956768035889,0.0,,0.0,0.0,30.0,150.0,14.107995605468744,26.107995605468744,Leave_One_experiments/all_year_offline_schedule_search/daily_outputs/FQA/FQA_2006_FQA2006_normal_grid_S0013_daily.csv
FQA,FQA,Fengqiu,2006,Leave_One_experiments\wth_generated_qc\FQA\FQA2006.WTH,wet_year;nitrogen_stress_year;low_response_year,wet,FQA2006_normal_grid_S0013,irrigation_positive_candidate,2006-07-26,207,51,46,"{""sim_day"": 51.0, ""doy"": 207.0, ""topwt"": 2229.7413635253906, ""grnwt"": 0.0, ""xlai"": 1.7581732273101809, ""totir"": 0.0, ""tofer"": NaN, ""swfac"": 0.0, ""nstres"": 0.0}",0.0,0.0,2229.7413635253906,0.0,1.7581732273101809,0.0,,0.0,0.0,30.0,150.0,14.107995605468744,26.107995605468744,Leave_One_experiments/all_year_offline_schedule_search/daily_outputs/FQA/FQA_2006_FQA2006_normal_grid_S0013_daily.csv
FQA,FQA,Fengqiu,2006,Leave_One_experiments\wth_generated_qc\FQA\FQA2006.WTH,wet_year;nitrogen_stress_year;low_response_year,wet,FQA2006_normal_grid_S0013,irrigation_positive_candidate,2006-07-27,208,52,47,"{""sim_day"": 52.0, ""doy"": 208.0, ""topwt"": 2441.626892089844, ""grnwt"": 0.0, ""xlai"": 1.8140206336975095, ""totir"": 0.0, ""tofer"": NaN, ""swfac"": 0.0, ""nstres"": 0.0}",0.0,0.0,2441.626892089844,0.0,1.8140206336975095,0.0,,0.0,0.0,30.0,150.0,14.107995605468744,26.107995605468744,Leave_One_experiments/all_year_offline_schedule_search/daily_outputs/FQA/FQA_2006_FQA2006_normal_grid_S0013_daily.csv
FQA,FQA,Fengqiu,2006,Leave_One_experiments\wth_generated_qc\FQA\FQA2006.WTH,wet_year;nitrogen_stress_year;low_response_year,wet,FQA2006_normal_grid_S0013,irrigation_positive_candidate,2006-07-28,209,53,48,"{""sim_day"": 53.0, ""doy"": 209.0, ""topwt"": 2579.6466064453125, ""grnwt"": 0.0, ""xlai"": 1.8493120670318604, ""totir"": 0.0, ""tofer"": NaN, ""swfac"": 0.0, ""nstres"": 0.0}",0.0,0.0,2579.6466064453125,0.0,1.8493120670318604,0.0,,0.0,0.0,30.0,150.0,14.107995605468744,26.107995605468744,Leave_One_experiments/all_year_offline_schedule_search/daily_outputs/FQA/FQA_2006_FQA2006_normal_grid_S0013_daily.csv
FQA,FQA,Fengqiu,2006,Leave_One_experiments\wth_generated_qc\FQA\FQA2006.WTH,wet_year;nitrogen_stress_year;low_response_year,wet,FQA2006_normal_grid_S0013,irrigation_positive_candidate,2006-07-29,210,54,49,"{""sim_day"": 54.0, ""doy"": 210.0, ""topwt"": 2841.57470703125, ""grnwt"": 0.0, ""xlai"": 1.916346788406372, ""totir"": 0.0, ""tofer"": NaN, ""swfac"": 0.0, ""nstres"": 0.0}",0.0,0.0,2841.57470703125,0.0,1.916346788406372,0.0,,0.0,0.0,30.0,150.0,14.107995605468744,26.107995605468744,Leave_One_experiments/all_year_offline_schedule_search/daily_outputs/FQA/FQA_2006_FQA2006_normal_grid_S0013_daily.csv
FQA,FQA,Fengqiu,2006,Leave_One_experiments\wth_generated_qc\FQA\FQA2006.WTH,wet_year;nitrogen_stress_year;low_response_year,wet,FQA2006_normal_grid_S0013,irrigation_positive_candidate,2006-07-30,211,55,50,"{""sim_day"": 55.0, ""doy"": 211.0, ""topwt"": 3011.285400390625, ""grnwt"": 0.0, ""xlai"": 1.959657907485962, ""totir"": 0.0, ""tofer"": NaN, ""swfac"": 0.0, ""nstres"": 0.0}",0.0,0.0,3011.285400390625,0.0,1.959657907485962,0.0,,0.0,0.0,30.0,150.0,14.107995605468744,26.107995605468744,Leave_One_experiments/all_year_offline_schedule_search/daily_outputs/FQA/FQA_2006_FQA2006_normal_grid_S0013_daily.csv
FQA,FQA,Fengqiu,2006,Leave_One_experiments\wth_generated_qc\FQA\FQA2006.WTH,wet_year;nitrogen_stress_year;low_response_year,wet,FQA2006_normal_grid_S0013,irrigation_positive_candidate,2006-07-31,212,56,51,"{""sim_day"": 56.0, ""doy"": 212.0, ""topwt"": 3253.6962890625, ""grnwt"": 0.0, ""xlai"": 2.021510124206543, ""totir"": 0.0, ""tofer"": NaN, ""swfac"": 0.0, ""nstres"": 0.0}",0.0,0.0,3253.6962890625,0.0,2.021510124206543,0.0,,0.0,0.0,30.0,150.0,14.107995605468744,26.107995605468744,Leave_One_experiments/all_year_offline_schedule_search/daily_outputs/FQA/FQA_2006_FQA2006_normal_grid_S0013_daily.csv
FQA,FQA,Fengqiu,2006,Leave_One_experiments\wth_generated_qc\FQA\FQA2006.WTH,wet_year;nitrogen_stress_year;low_response_year,wet,FQA2006_normal_grid_S0013,irrigation_positive_candidate,2006-08-01,213,57,52,"{""sim_day"": 57.0, ""doy"": 213.0, ""topwt"": 3472.1246337890625, ""grnwt"": 0.0, ""xlai"": 2.077141046524048, ""totir"": 0.0, ""tofer"": NaN, ""swfac"": 0.0, ""nstres"": 0.0}",0.0,0.0,3472.1246337890625,0.0,2.077141046524048,0.0,,0.0,0.0,30.0,150.0,14.107995605468744,26.107995605468744,Leave_One_experiments/all_year_offline_schedule_search/daily_outputs/FQA/FQA_2006_FQA2006_normal_grid_S0013_daily.csv
FQA,FQA,Fengqiu,2006,Leave_One_experiments\wth_generated_qc\FQA\FQA2006.WTH,wet_year;nitrogen_stress_year;low_response_year,wet,FQA2006_normal_grid_S0013,irrigation_positive_candidate,2006-08-02,214,58,53,"{""sim_day"": 58.0, ""doy"": 214.0, ""topwt"": 3571.6726684570312, ""grnwt"": 0.0, ""xlai"": 2.1023240089416504, ""totir"": 0.0, ""tofer"": NaN, ""swfac"": 0.0, ""nstres"": 0.0}",0.0,0.0,3571.6726684570312,0.0,2.1023240089416504,0.0,,0.0,0.0,30.0,150.0,14.107995605468744,26.107995605468744,Leave_One_experiments/all_year_offline_schedule_search/daily_outputs/FQA/FQA_2006_FQA2006_normal_grid_S0013_daily.csv
FQA,FQA,Fengqiu,2006,Leave_One_experiments\wth_generated_qc\FQA\FQA2006.WTH,wet_year;nitrogen_stress_year;low_response_year,wet,FQA2006_normal_grid_S0013,irrigation_positive_candidate,2006-08-03,215,59,54,"{""sim_day"": 59.0, ""doy"": 215.0, ""topwt"": 3756.7474365234375, ""grnwt"": 0.0, ""xlai"": 2.149333953857422, ""totir"": 0.0, ""tofer"": NaN, ""swfac"": 0.0, ""nstres"": 0.0}",0.0,0.0,3756.7474365234375,0.0,2.149333953857422,0.0,,0.0,0.0,30.0,150.0,14.107995605468744,26.107995605468744,Leave_One_experiments/all_year_offline_schedule_search/daily_outputs/FQA/FQA_2006_FQA2006_normal_grid_S0013_daily.csv
FQA,FQA,Fengqiu,2006,Leave_One_experiments\wth_generated_qc\FQA\FQA2006.WTH,wet_year;nitrogen_stress_year;low_response_year,wet,FQA2006_normal_grid_S0013,irrigation_positive_candidate,2006-08-04,216,60,55,"{""sim_day"": 60.0, ""doy"": 216.0, ""topwt"": 3945.269775390625, ""grnwt"": 0.0, ""xlai"": 2.197164297103882, ""totir"": 0.0, ""tofer"": NaN, ""swfac"": 0.0, ""nstres"": 0.0}",0.0,0.0,3945.269775390625,0.0,2.197164297103882,0.0,,0.0,0.0,30.0,150.0,14.107995605468744,26.107995605468744,Leave_One_experiments/all_year_offline_schedule_search/daily_outputs/FQA/FQA_2006_FQA2006_normal_grid_S0013_daily.csv
FQA,FQA,Fengqiu,2006,Leave_One_experiments\wth_generated_qc\FQA\FQA2006.WTH,wet_year;nitrogen_stress_year;low_response_year,wet,FQA2006_normal_grid_S0013,irrigation_positive_candidate,2006-08-05,217,61,56,"{""sim_day"": 61.0, ""doy"": 217.0, ""topwt"": 4162.094421386719, ""grnwt"": 0.0, ""xlai"": 2.2521369457244877, ""totir"": 0.0, ""tofer"": NaN, ""swfac"": 0.0, ""nstres"": 0.0}",0.0,0.0,4162.094421386719,0.0,2.2521369457244877,0.0,,0.0,0.0,30.0,150.0,14.107995605468744,26.107995605468744,Leave_One_experiments/all_year_offline_schedule_search/daily_outputs/FQA/FQA_2006_FQA2006_normal_grid_S0013_daily.csv
FQA,FQA,Fengqiu,2006,Leave_One_experiments\wth_generated_qc\FQA\FQA2006.WTH,wet_year;nitrogen_stress_year;low_response_year,wet,FQA2006_normal_grid_S0013,irrigation_positive_candidate,2006-08-06,218,62,57,"{""sim_day"": 62.0, ""doy"": 218.0, ""topwt"": 4405.672912597656, ""grnwt"": 0.0, ""xlai"": 2.136463165283203, ""totir"": 0.0, ""tofer"": NaN, ""swfac"": 0.0, ""nstres"": 0.0}",0.0,0.0,4405.672912597656,0.0,2.136463165283203,0.0,,0.0,0.0,30.0,150.0,14.107995605468744,26.107995605468744,Leave_One_experiments/all_year_offline_schedule_search/daily_outputs/FQA/FQA_2006_FQA2006_normal_grid_S0013_daily.csv
FQA,FQA,Fengqiu,2006,Leave_One_experiments\wth_generated_qc\FQA\FQA2006.WTH,wet_year;nitrogen_stress_year;low_response_year,wet,FQA2006_normal_grid_S0013,irrigation_positive_candidate,2006-08-07,219,63,58,"{""sim_day"": 63.0, ""doy"": 219.0, ""topwt"": 4710.325622558594, ""grnwt"": 0.0, ""xlai"": 2.1250898838043213, ""totir"": 0.0, ""tofer"": NaN, ""swfac"": 0.0, ""nstres"": 0.0}",0.0,0.0,4710.325622558594,0.0,2.1250898838043213,0.0,,0.0,0.0,30.0,150.0,14.107995605468744,26.107995605468744,Leave_One_experiments/all_year_offline_schedule_search/daily_outputs/FQA/FQA_2006_FQA2006_normal_grid_S0013_daily.csv
FQA,FQA,Fengqiu,2006,Leave_One_experiments\wth_generated_qc\FQA\FQA2006.WTH,wet_year;nitrogen_stress_year;low_response_year,wet,FQA2006_normal_grid_S0013,irrigation_positive_candidate,2006-08-08,220,64,59,"{""sim_day"": 64.0, ""doy"": 220.0, ""topwt"": 5030.206298828125, ""grnwt"": 0.0, ""xlai"": 2.113462448120117, ""totir"": 0.0, ""tofer"": NaN, ""swfac"": 0.0, ""nstres"": 0.0}",0.0,0.0,5030.206298828125,0.0,2.113462448120117,0.0,,0.0,0.0,30.0,150.0,14.107995605468744,26.107995605468744,Leave_One_experiments/all_year_offline_schedule_search/daily_outputs/FQA/FQA_2006_FQA2006_normal_grid_S0013_daily.csv
FQA,FQA,Fengqiu,2006,Leave_One_experiments\wth_generated_qc\FQA\FQA2006.WTH,wet_year;nitrogen_stress_year;low_response_year,wet,FQA2006_normal_grid_S0013,irrigation_positive_candidate,2006-08-09,221,65,60,"{""sim_day"": 65.0, ""doy"": 221.0, ""topwt"": 5308.5491943359375, ""grnwt"": 0.0, ""xlai"": 2.1020045280456543, ""totir"": 0.0, ""tofer"": NaN, ""swfac"": 0.0, ""nstres"": 0.0}",0.0,0.0,5308.5491943359375,0.0,2.1020045280456543,0.0,,0.0,50.0,30.0,150.0,14.107995605468744,26.107995605468744,Leave_One_experiments/all_year_offline_schedule_search/daily_outputs/FQA/FQA_2006_FQA2006_normal_grid_S0013_daily.csv
FQA,FQA,Fengqiu,2006,Leave_One_experiments\wth_generated_qc\FQA\FQA2006.WTH,wet_year;nitrogen_stress_year;low_response_year,wet,FQA2006_normal_grid_S0013,irrigation_positive_candidate,2006-08-10,222,66,61,"{""sim_day"": 66.0, ""doy"": 222.0, ""topwt"": 5552.9791259765625, ""grnwt"": 0.0, ""xlai"": 2.0904901027679443, ""totir"": 0.0, ""tofer"": NaN, ""swfac"": 0.0, ""nstres"": 0.0}",0.0,0.0,5552.9791259765625,0.0,2.0904901027679443,0.0,,0.0,0.0,30.0,150.0,14.107995605468744,26.107995605468744,Leave_One_experiments/all_year_offline_schedule_search/daily_outputs/FQA/FQA_2006_FQA2006_normal_grid_S0013_daily.csv
FQA,FQA,Fengqiu,2006,Leave_One_experiments\wth_generated_qc\FQA\FQA2006.WTH,wet_year;nitrogen_stress_year;low_response_year,wet,FQA2006_normal_grid_S0013,irrigation_positive_candidate,2006-08-11,223,67,62,"{""sim_day"": 67.0, ""doy"": 223.0, ""topwt"": 5781.385498046875, ""grnwt"": 0.0, ""xlai"": 2.0785577297210693, ""totir"": 0.0, ""tofer"": NaN, ""swfac"": 0.0, ""nstres"": 0.0}",0.0,0.0,5781.385498046875,0.0,2.0785577297210693,0.0,,0.0,0.0,30.0,150.0,14.107995605468744,26.107995605468744,Leave_One_experiments/all_year_offline_schedule_search/daily_outputs/FQA/FQA_2006_FQA2006_normal_grid_S0013_daily.csv
FQA,FQA,Fengqiu,2006,Leave_One_experiments\wth_generated_qc\FQA\FQA2006.WTH,wet_year;nitrogen_stress_year;low_response_year,wet,FQA2006_normal_grid_S0013,irrigation_positive_candidate,2006-08-12,224,68,63,"{""sim_day"": 68.0, ""doy"": 224.0, ""topwt"": 6002.6556396484375, ""grnwt"": 0.0, ""xlai"": 2.066422462463379, ""totir"": 0.0, ""tofer"": NaN, ""swfac"": 0.0, ""nstres"": 0.0}",0.0,0.0,6002.6556396484375,0.0,2.066422462463379,0.0,,0.0,0.0,30.0,150.0,14.107995605468744,26.107995605468744,Leave_One_experiments/all_year_offline_schedule_search/daily_outputs/FQA/FQA_2006_FQA2006_normal_grid_S0013_daily.csv
FQA,FQA,Fengqiu,2006,Leave_One_experiments\wth_generated_qc\FQA\FQA2006.WTH,wet_year;nitrogen_stress_year;low_response_year,wet,FQA2006_normal_grid_S0013,irrigation_positive_candidate,2006-08-13,225,69,64,"{""sim_day"": 69.0, ""doy"": 225.0, ""topwt"": 6119.503173828125, ""grnwt"": 0.0, ""xlai"": 2.05521821975708, ""totir"": 0.0, ""tofer"": NaN, ""swfac"": 0.0, ""nstres"": 0.0}",0.0,0.0,6119.503173828125,0.0,2.05521821975708,0.0,,0.0,0.0,30.0,150.0,14.107995605468744,26.107995605468744,Leave_One_experiments/all_year_offline_schedule_search/daily_outputs/FQA/FQA_2006_FQA2006_normal_grid_S0013_daily.csv
FQA,FQA,Fengqiu,2006,Leave_One_experiments\wth_generated_qc\FQA\FQA2006.WTH,wet_year;nitrogen_stress_year;low_response_year,wet,FQA2006_normal_grid_S0013,irrigation_positive_candidate,2006-08-14,226,70,65,"{""sim_day"": 70.0, ""doy"": 226.0, ""topwt"": 6316.419677734375, ""grnwt"": 456.22974395751953, ""xlai"": 2.00474214553833, ""totir"": 30.0, ""tofer"": NaN, ""swfac"": 0.0, ""nstres"": 0.0}",0.0,0.0,6316.419677734375,456.22974395751953,2.00474214553833,30.0,,30.0,0.0,30.0,150.0,14.107995605468744,26.107995605468744,Leave_One_experiments/all_year_offline_schedule_search/daily_outputs/FQA/FQA_2006_FQA2006_normal_grid_S0013_daily.csv
FQA,FQA,Fengqiu,2006,Leave_One_experiments\wth_generated_qc\FQA\FQA2006.WTH,wet_year;nitrogen_stress_year;low_response_year,wet,FQA2006_normal_grid_S0013,irrigation_positive_candidate,2006-08-15,227,71,66,"{""sim_day"": 71.0, ""doy"": 227.0, ""topwt"": 6674.068603515625, ""grnwt"": 895.3507995605469, ""xlai"": 1.994817137718201, ""totir"": 30.0, ""tofer"": NaN, ""swfac"": 0.0, ""nstres"": 0.0}",0.0,0.0,6674.068603515625,895.3507995605469,1.994817137718201,30.0,,0.0,0.0,30.0,150.0,14.107995605468744,26.107995605468744,Leave_One_experiments/all_year_offline_schedule_search/daily_outputs/FQA/FQA_2006_FQA2006_normal_grid_S0013_daily.csv
FQA,FQA,Fengqiu,2006,Leave_One_experiments\wth_generated_qc\FQA\FQA2006.WTH,wet_year;nitrogen_stress_year;low_response_year,wet,FQA2006_normal_grid_S0013,irrigation_positive_candidate,2006-08-16,228,72,67,"{""sim_day"": 72.0, ""doy"": 228.0, ""topwt"": 7052.984619140625, ""grnwt"": 1351.5805053710938, ""xlai"": 1.9830751419067385, ""totir"": 30.0, ""tofer"": NaN, ""swfac"": 0.0, ""nstres"": 0.0}",0.0,0.0,7052.984619140625,1351.5805053710938,1.9830751419067385,30.0,,0.0,0.0,30.0,150.0,14.107995605468744,26.107995605468744,Leave_One_experiments/all_year_offline_schedule_search/daily_outputs/FQA/FQA_2006_FQA2006_normal_grid_S0013_daily.csv
FQA,FQA,Fengqiu,2006,Leave_One_experiments\wth_generated_qc\FQA\FQA2006.WTH,wet_year;nitrogen_stress_year;low_response_year,wet,FQA2006_normal_grid_S0013,irrigation_positive_candidate,2006-08-17,229,73,68,"{""sim_day"": 73.0, ""doy"": 229.0, ""topwt"": 7429.268798828125, ""grnwt"": 1807.8102111816409, ""xlai"": 1.9696112871170044, ""totir"": 30.0, ""tofer"": NaN, ""swfac"": 0.0, ""nstres"": 0.0}",0.0,0.0,7429.268798828125,1807.8102111816409,1.9696112871170044,30.0,,0.0,0.0,30.0,150.0,14.107995605468744,26.107995605468744,Leave_One_experiments/all_year_offline_schedule_search/daily_outputs/FQA/FQA_2006_FQA2006_normal_grid_S0013_daily.csv
FQA,FQA,Fengqiu,2006,Leave_One_experiments\wth_generated_qc\FQA\FQA2006.WTH,wet_year;nitrogen_stress_year;low_response_year,wet,FQA2006_normal_grid_S0013,irrigation_positive_candidate,2006-08-18,230,74,69,"{""sim_day"": 74.0, ""doy"": 230.0, ""topwt"": 7820.027465820312, ""grnwt"": 2264.0399169921875, ""xlai"": 1.955084562301636, ""totir"": 30.0, ""tofer"": NaN, ""swfac"": 0.0, ""nstres"": 0.0}",0.0,0.0,7820.027465820312,2264.0399169921875,1.955084562301636,30.0,,0.0,0.0,30.0,150.0,14.107995605468744,26.107995605468744,Leave_One_experiments/all_year_offline_schedule_search/daily_outputs/FQA/FQA_2006_FQA2006_normal_grid_S0013_daily.csv
FQA,FQA,Fengqiu,2006,Leave_One_experiments\wth_generated_qc\FQA\FQA2006.WTH,wet_year;nitrogen_stress_year;low_response_year,wet,FQA2006_normal_grid_S0013,irrigation_positive_candidate,2006-08-19,231,75,70,"{""sim_day"": 75.0, ""doy"": 231.0, ""topwt"": 8153.396606445312, ""grnwt"": 2720.269775390625, ""xlai"": 1.9385132789611816, ""totir"": 30.0, ""tofer"": NaN, ""swfac"": 0.0, ""nstres"": 0.0}",0.0,0.0,8153.396606445312,2720.269775390625,1.9385132789611816,30.0,,0.0,0.0,30.0,150.0,14.107995605468744,26.107995605468744,Leave_One_experiments/all_year_offline_schedule_search/daily_outputs/FQA/FQA_2006_FQA2006_normal_grid_S0013_daily.csv
FQA,FQA,Fengqiu,2006,Leave_One_experiments\wth_generated_qc\FQA\FQA2006.WTH,wet_year;nitrogen_stress_year;low_response_year,wet,FQA2006_normal_grid_S0013,irrigation_positive_candidate,2006-08-20,232,76,71,"{""sim_day"": 76.0, ""doy"": 232.0, ""topwt"": 8112.420654296875, ""grnwt"": 2779.449462890625, ""xlai"": 1.9217242002487185, ""totir"": 30.0, ""tofer"": NaN, ""swfac"": 0.0, ""nstres"": 0.0}",0.0,0.0,8112.420654296875,2779.449462890625,1.9217242002487185,30.0,,0.0,0.0,30.0,150.0,14.107995605468744,26.107995605468744,Leave_One_experiments/all_year_offline_schedule_search/daily_outputs/FQA/FQA_2006_FQA2006_normal_grid_S0013_daily.csv
FQA,FQA,Fengqiu,2006,Leave_One_experiments\wth_generated_qc\FQA\FQA2006.WTH,wet_year;nitrogen_stress_year;low_response_year,wet,FQA2006_normal_grid_S0013,irrigation_positive_candidate,2006-08-21,233,77,72,"{""sim_day"": 77.0, ""doy"": 233.0, ""topwt"": 8362.099609375, ""grnwt"": 3029.1287231445312, ""xlai"": 1.902449131011963, ""totir"": 30.0, ""tofer"": NaN, ""swfac"": 0.0, ""nstres"": 0.0}",0.0,0.0,8362.099609375,3029.1287231445312,1.902449131011963,30.0,,0.0,0.0,30.0,150.0,14.107995605468744,26.107995605468744,Leave_One_experiments/all_year_offline_schedule_search/daily_outputs/FQA/FQA_2006_FQA2006_normal_grid_S0013_daily.csv
FQA,FQA,Fengqiu,2006,Leave_One_experiments\wth_generated_qc\FQA\FQA2006.WTH,wet_year;nitrogen_stress_year;low_response_year,wet,FQA2006_normal_grid_S0013,irrigation_positive_candidate,2006-08-22,234,78,73,"{""sim_day"": 78.0, ""doy"": 234.0, ""topwt"": 8681.5380859375, ""grnwt"": 3348.5671997070312, ""xlai"": 1.8784292936325075, ""totir"": 30.0, ""tofer"": NaN, ""swfac"": 0.0, ""nstres"": 0.0}",0.0,0.0,8681.5380859375,3348.5671997070312,1.8784292936325075,30.0,,0.0,0.0,30.0,150.0,14.107995605468744,26.107995605468744,Leave_One_experiments/all_year_offline_schedule_search/daily_outputs/FQA/FQA_2006_FQA2006_normal_grid_S0013_daily.csv
FQA,FQA,Fengqiu,2006,Leave_One_experiments\wth_generated_qc\FQA\FQA2006.WTH,wet_year;nitrogen_stress_year;low_response_year,wet,FQA2006_normal_grid_S0013,irrigation_positive_candidate,2006-08-23,235,79,74,"{""sim_day"": 79.0, ""doy"": 235.0, ""topwt"": 8859.429931640625, ""grnwt"": 3526.4581298828125, ""xlai"": 1.8499751091003416, ""totir"": 30.0, ""tofer"": NaN, ""swfac"": 0.0, ""nstres"": 0.0}",0.0,0.0,8859.429931640625,3526.4581298828125,1.8499751091003416,30.0,,0.0,0.0,30.0,150.0,14.107995605468744,26.107995605468744,Leave_One_experiments/all_year_offline_schedule_search/daily_outputs/FQA/FQA_2006_FQA2006_normal_grid_S0013_daily.csv
FQA,FQA,Fengqiu,2006,Leave_One_experiments\wth_generated_qc\FQA\FQA2006.WTH,wet_year;nitrogen_stress_year;low_response_year,wet,FQA2006_normal_grid_S0013,irrigation_positive_candidate,2006-08-24,236,80,75,"{""sim_day"": 80.0, ""doy"": 236.0, ""topwt"": 8985.74951171875, ""grnwt"": 3652.7777099609375, ""xlai"": 1.8162845373153689, ""totir"": 30.0, ""tofer"": NaN, ""swfac"": 0.0, ""nstres"": 0.0}",0.0,0.0,8985.74951171875,3652.7777099609375,1.8162845373153689,30.0,,0.0,0.0,30.0,150.0,14.107995605468744,26.107995605468744,Leave_One_experiments/all_year_offline_schedule_search/daily_outputs/FQA/FQA_2006_FQA2006_normal_grid_S0013_daily.csv
FQA,FQA,Fengqiu,2006,Leave_One_experiments\wth_generated_qc\FQA\FQA2006.WTH,wet_year;nitrogen_stress_year;low_response_year,wet,FQA2006_normal_grid_S0013,irrigation_positive_candidate,2006-08-25,237,81,76,"{""sim_day"": 81.0, ""doy"": 237.0, ""topwt"": 9133.5205078125, ""grnwt"": 3800.548706054688, ""xlai"": 1.7813204526901243, ""totir"": 30.0, ""tofer"": NaN, ""swfac"": 0.0, ""nstres"": 0.0}",0.0,0.0,9133.5205078125,3800.548706054688,1.7813204526901243,30.0,,0.0,0.0,30.0,150.0,14.107995605468744,26.107995605468744,Leave_One_experiments/all_year_offline_schedule_search/daily_outputs/FQA/FQA_2006_FQA2006_normal_grid_S0013_daily.csv
FQA,FQA,Fengqiu,2006,Leave_One_experiments\wth_generated_qc\FQA\FQA2006.WTH,wet_year;nitrogen_stress_year;low_response_year,wet,FQA2006_normal_grid_S0013,irrigation_positive_candidate,2006-08-26,238,82,77,"{""sim_day"": 82.0, ""doy"": 238.0, ""topwt"": 9348.50341796875, ""grnwt"": 4015.5322265625, ""xlai"": 1.740081548690796, ""totir"": 30.0, ""tofer"": NaN, ""swfac"": 0.0, ""nstres"": 0.0}",0.0,0.0,9348.50341796875,4015.5322265625,1.740081548690796,30.0,,0.0,0.0,30.0,150.0,14.107995605468744,26.107995605468744,Leave_One_experiments/all_year_offline_schedule_search/daily_outputs/FQA/FQA_2006_FQA2006_normal_grid_S0013_daily.csv
FQA,FQA,Fengqiu,2006,Leave_One_experiments\wth_generated_qc\FQA\FQA2006.WTH,wet_year;nitrogen_stress_year;low_response_year,wet,FQA2006_normal_grid_S0013,irrigation_positive_candidate,2006-08-27,239,83,78,"{""sim_day"": 83.0, ""doy"": 239.0, ""topwt"": 9467.96875, ""grnwt"": 4134.997253417969, ""xlai"": 1.6946741342544556, ""totir"": 30.0, ""tofer"": NaN, ""swfac"": 0.0, ""nstres"": 0.0}",0.0,0.0,9467.96875,4134.997253417969,1.6946741342544556,30.0,,0.0,0.0,30.0,150.0,14.107995605468744,26.107995605468744,Leave_One_experiments/all_year_offline_schedule_search/daily_outputs/FQA/FQA_2006_FQA2006_normal_grid_S0013_daily.csv
FQA,FQA,Fengqiu,2006,Leave_One_experiments\wth_generated_qc\FQA\FQA2006.WTH,wet_year;nitrogen_stress_year;low_response_year,wet,FQA2006_normal_grid_S0013,irrigation_positive_candidate,2006-08-28,240,84,79,"{""sim_day"": 84.0, ""doy"": 240.0, ""topwt"": 9545.05126953125, ""grnwt"": 4212.080078125, ""xlai"": 1.6563293933868408, ""totir"": 30.0, ""tofer"": NaN, ""swfac"": 0.0, ""nstres"": 0.0}",0.0,0.0,9545.05126953125,4212.080078125,1.6563293933868408,30.0,,0.0,0.0,30.0,150.0,14.107995605468744,26.107995605468744,Leave_One_experiments/all_year_offline_schedule_search/daily_outputs/FQA/FQA_2006_FQA2006_normal_grid_S0013_daily.csv
FQA,FQA,Fengqiu,2006,Leave_One_experiments\wth_generated_qc\FQA\FQA2006.WTH,wet_year;nitrogen_stress_year;low_response_year,wet,FQA2006_normal_grid_S0013,irrigation_positive_candidate,2006-08-29,241,85,80,"{""sim_day"": 85.0, ""doy"": 241.0, ""topwt"": 9576.656494140623, ""grnwt"": 4243.685302734375, ""xlai"": 1.6198651790618896, ""totir"": 30.0, ""tofer"": NaN, ""swfac"": 0.0, ""nstres"": 0.0}",0.0,0.0,9576.656494140623,4243.685302734375,1.6198651790618896,30.0,,0.0,0.0,30.0,150.0,14.107995605468744,26.107995605468744,Leave_One_experiments/all_year_offline_schedule_search/daily_outputs/FQA/FQA_2006_FQA2006_normal_grid_S0013_daily.csv
FQA,FQA,Fengqiu,2006,Leave_One_experiments\wth_generated_qc\FQA\FQA2006.WTH,wet_year;nitrogen_stress_year;low_response_year,wet,FQA2006_normal_grid_S0013,irrigation_positive_candidate,2006-08-30,242,86,81,"{""sim_day"": 86.0, ""doy"": 242.0, ""topwt"": 9654.71435546875, ""grnwt"": 4321.743469238281, ""xlai"": 1.581264615058899, ""totir"": 30.0, ""tofer"": NaN, ""swfac"": 0.0, ""nstres"": 0.0}",0.0,0.0,9654.71435546875,4321.743469238281,1.581264615058899,30.0,,0.0,0.0,30.0,150.0,14.107995605468744,26.107995605468744,Leave_One_experiments/all_year_offline_schedule_search/daily_outputs/FQA/FQA_2006_FQA2006_normal_grid_S0013_daily.csv
FQA,FQA,Fengqiu,2006,Leave_One_experiments\wth_generated_qc\FQA\FQA2006.WTH,wet_year;nitrogen_stress_year;low_response_year,wet,FQA2006_normal_grid_S0013,irrigation_positive_candidate,2006-08-31,243,87,82,"{""sim_day"": 87.0, ""doy"": 243.0, ""topwt"": 9762.5439453125, ""grnwt"": 4429.573669433594, ""xlai"": 1.5291128158569336, ""totir"": 30.0, ""tofer"": NaN, ""swfac"": 0.0, ""nstres"": 0.0}",0.0,0.0,9762.5439453125,4429.573669433594,1.5291128158569336,30.0,,0.0,0.0,30.0,150.0,14.107995605468744,26.107995605468744,Leave_One_experiments/all_year_offline_schedule_search/daily_outputs/FQA/FQA_2006_FQA2006_normal_grid_S0013_daily.csv
FQA,FQA,Fengqiu,2006,Leave_One_experiments\wth_generated_qc\FQA\FQA2006.WTH,wet_year;nitrogen_stress_year;low_response_year,wet,FQA2006_normal_grid_S0013,irrigation_positive_candidate,2006-09-01,244,88,83,"{""sim_day"": 88.0, ""doy"": 244.0, ""topwt"": 9909.576416015623, ""grnwt"": 4576.606140136719, ""xlai"": 1.4718724489212036, ""totir"": 30.0, ""tofer"": NaN, ""swfac"": 0.0, ""nstres"": 0.0}",0.0,0.0,9909.576416015623,4576.606140136719,1.4718724489212036,30.0,,0.0,0.0,30.0,150.0,14.107995605468744,26.107995605468744,Leave_One_experiments/all_year_offline_schedule_search/daily_outputs/FQA/FQA_2006_FQA2006_normal_grid_S0013_daily.csv
FQA,FQA,Fengqiu,2006,Leave_One_experiments\wth_generated_qc\FQA\FQA2006.WTH,wet_year;nitrogen_stress_year;low_response_year,wet,FQA2006_normal_grid_S0013,irrigation_positive_candidate,2006-09-02,245,89,84,"{""sim_day"": 89.0, ""doy"": 245.0, ""topwt"": 10073.572998046877, ""grnwt"": 4740.602111816406, ""xlai"": 1.4076528549194336, ""totir"": 30.0, ""tofer"": NaN, ""swfac"": 0.0, ""nstres"": 0.0}",0.0,0.0,10073.572998046877,4740.602111816406,1.4076528549194336,30.0,,0.0,0.0,30.0,150.0,14.107995605468744,26.107995605468744,Leave_One_experiments/all_year_offline_schedule_search/daily_outputs/FQA/FQA_2006_FQA2006_normal_grid_S0013_daily.csv
FQA,FQA,Fengqiu,2006,Leave_One_experiments\wth_generated_qc\FQA\FQA2006.WTH,wet_year;nitrogen_stress_year;low_response_year,wet,FQA2006_normal_grid_S0013,irrigation_positive_candidate,2006-09-03,246,90,85,"{""sim_day"": 90.0, ""doy"": 246.0, ""topwt"": 10098.448486328123, ""grnwt"": 4765.478210449219, ""xlai"": 1.3639792203903198, ""totir"": 30.0, ""tofer"": NaN, ""swfac"": 0.0, ""nstres"": 0.0}",0.0,0.0,10098.448486328123,4765.478210449219,1.3639792203903198,30.0,,0.0,0.0,30.0,150.0,14.107995605468744,26.107995605468744,Leave_One_experiments/all_year_offline_schedule_search/daily_outputs/FQA/FQA_2006_FQA2006_normal_grid_S0013_daily.csv
FQA,FQA,Fengqiu,2006,Leave_One_experiments\wth_generated_qc\FQA\FQA2006.WTH,wet_year;nitrogen_stress_year;low_response_year,wet,FQA2006_normal_grid_S0013,irrigation_positive_candidate,2006-09-04,247,91,86,"{""sim_day"": 91.0, ""doy"": 247.0, ""topwt"": 10345.093994140623, ""grnwt"": 5012.123107910156, ""xlai"": 1.3201473951339722, ""totir"": 30.0, ""tofer"": NaN, ""swfac"": 0.0, ""nstres"": 0.0}",0.0,0.0,10345.093994140623,5012.123107910156,1.3201473951339722,30.0,,0.0,0.0,30.0,150.0,14.107995605468744,26.107995605468744,Leave_One_experiments/all_year_offline_schedule_search/daily_outputs/FQA/FQA_2006_FQA2006_normal_grid_S0013_daily.csv
FQA,FQA,Fengqiu,2006,Leave_One_experiments\wth_generated_qc\FQA\FQA2006.WTH,wet_year;nitrogen_stress_year;low_response_year,wet,FQA2006_normal_grid_S0013,irrigation_positive_candidate,2006-09-05,248,92,87,"{""sim_day"": 92.0, ""doy"": 248.0, ""topwt"": 10627.135009765623, ""grnwt"": 5294.1650390625, ""xlai"": 1.265068769454956, ""totir"": 30.0, ""tofer"": NaN, ""swfac"": 0.0, ""nstres"": 0.0}",0.0,0.0,10627.135009765623,5294.1650390625,1.265068769454956,30.0,,0.0,0.0,30.0,150.0,14.107995605468744,26.107995605468744,Leave_One_experiments/all_year_offline_schedule_search/daily_outputs/FQA/FQA_2006_FQA2006_normal_grid_S0013_daily.csv
FQA,FQA,Fengqiu,2006,Leave_One_experiments\wth_generated_qc\FQA\FQA2006.WTH,wet_year;nitrogen_stress_year;low_response_year,wet,FQA2006_normal_grid_S0013,irrigation_positive_candidate,2006-09-06,249,93,88,"{""sim_day"": 93.0, ""doy"": 249.0, ""topwt"": 10749.73388671875, ""grnwt"": 5416.763916015625, ""xlai"": 1.2083414793014526, ""totir"": 30.0, ""tofer"": NaN, ""swfac"": 0.0, ""nstres"": 0.0}",0.0,0.0,10749.73388671875,5416.763916015625,1.2083414793014526,30.0,,0.0,0.0,30.0,150.0,14.107995605468744,26.107995605468744,Leave_One_experiments/all_year_offline_schedule_search/daily_outputs/FQA/FQA_2006_FQA2006_normal_grid_S0013_daily.csv
FQA,FQA,Fengqiu,2006,Leave_One_experiments\wth_generated_qc\FQA\FQA2006.WTH,wet_year;nitrogen_stress_year;low_response_year,wet,FQA2006_normal_grid_S0013,irrigation_positive_candidate,2006-09-07,250,94,89,"{""sim_day"": 94.0, ""doy"": 250.0, ""topwt"": 10902.125244140623, ""grnwt"": 5569.1552734375, ""xlai"": 1.1514651775360107, ""totir"": 30.0, ""tofer"": NaN, ""swfac"": 0.0, ""nstres"": 0.0}",0.0,0.0,10902.125244140623,5569.1552734375,1.1514651775360107,30.0,,0.0,0.0,30.0,150.0,14.107995605468744,26.107995605468744,Leave_One_experiments/all_year_offline_schedule_search/daily_outputs/FQA/FQA_2006_FQA2006_normal_grid_S0013_daily.csv
FQA,FQA,Fengqiu,2006,Leave_One_experiments\wth_generated_qc\FQA\FQA2006.WTH,wet_year;nitrogen_stress_year;low_response_year,wet,FQA2006_normal_grid_S0013,irrigation_positive_candidate,2006-09-08,251,95,90,"{""sim_day"": 95.0, ""doy"": 251.0, ""topwt"": 11164.00146484375, ""grnwt"": 5831.031494140625, ""xlai"": 1.110403060913086, ""totir"": 30.0, ""tofer"": NaN, ""swfac"": 0.0, ""nstres"": 0.0}",0.0,0.0,11164.00146484375,5831.031494140625,1.110403060913086,30.0,,0.0,0.0,30.0,150.0,14.107995605468744,26.107995605468744,Leave_One_experiments/all_year_offline_schedule_search/daily_outputs/FQA/FQA_2006_FQA2006_normal_grid_S0013_daily.csv
FQA,FQA,Fengqiu,2006,Leave_One_experiments\wth_generated_qc\FQA\FQA2006.WTH,wet_year;nitrogen_stress_year;low_response_year,wet,FQA2006_normal_grid_S0013,irrigation_positive_candidate,2006-09-09,252,96,91,"{""sim_day"": 96.0, ""doy"": 252.0, ""topwt"": 11407.237548828123, ""grnwt"": 6074.2669677734375, ""xlai"": 1.0614639520645142, ""totir"": 30.0, ""tofer"": NaN, ""swfac"": 0.0, ""nstres"": 0.0}",0.0,0.0,11407.237548828123,6074.2669677734375,1.0614639520645142,30.0,,0.0,0.0,30.0,150.0,14.107995605468744,26.107995605468744,Leave_One_experiments/all_year_offline_schedule_search/daily_outputs/FQA/FQA_2006_FQA2006_normal_grid_S0013_daily.csv
FQA,FQA,Fengqiu,2006,Leave_One_experiments\wth_generated_qc\FQA\FQA2006.WTH,wet_year;nitrogen_stress_year;low_response_year,wet,FQA2006_normal_grid_S0013,irrigation_positive_candidate,2006-09-10,253,97,92,"{""sim_day"": 97.0, ""doy"": 253.0, ""topwt"": 11647.529296875, ""grnwt"": 6314.559326171875, ""xlai"": 0.9993918538093568, ""totir"": 30.0, ""tofer"": NaN, ""swfac"": 0.0, ""nstres"": 0.0}",0.0,0.0,11647.529296875,6314.559326171875,0.9993918538093568,30.0,,0.0,0.0,30.0,150.0,14.107995605468744,26.107995605468744,Leave_One_experiments/all_year_offline_schedule_search/daily_outputs/FQA/FQA_2006_FQA2006_normal_grid_S0013_daily.csv
FQA,FQA,Fengqiu,2006,Leave_One_experiments\wth_generated_qc\FQA\FQA2006.WTH,wet_year;nitrogen_stress_year;low_response_year,wet,FQA2006_normal_grid_S0013,irrigation_positive_candidate,2006-09-11,254,98,93,"{""sim_day"": 98.0, ""doy"": 254.0, ""topwt"": 11846.58447265625, ""grnwt"": 6513.614501953125, ""xlai"": 0.9374409914016724, ""totir"": 30.0, ""tofer"": NaN, ""swfac"": 0.0, ""nstres"": 0.0}",0.0,0.0,11846.58447265625,6513.614501953125,0.9374409914016724,30.0,,0.0,0.0,30.0,150.0,14.107995605468744,26.107995605468744,Leave_One_experiments/all_year_offline_schedule_search/daily_outputs/FQA/FQA_2006_FQA2006_normal_grid_S0013_daily.csv
FQA,FQA,Fengqiu,2006,Leave_One_experiments\wth_generated_qc\FQA\FQA2006.WTH,wet_year;nitrogen_stress_year;low_response_year,wet,FQA2006_normal_grid_S0013,irrigation_positive_candidate,2006-09-12,255,99,94,"{""sim_day"": 99.0, ""doy"": 255.0, ""topwt"": 11993.76953125, ""grnwt"": 6660.799560546875, ""xlai"": 0.8716519474983215, ""totir"": 30.0, ""tofer"": NaN, ""swfac"": 0.0, ""nstres"": 0.0}",0.0,0.0,11993.76953125,6660.799560546875,0.8716519474983215,30.0,,0.0,0.0,30.0,150.0,14.107995605468744,26.107995605468744,Leave_One_experiments/all_year_offline_schedule_search/daily_outputs/FQA/FQA_2006_FQA2006_normal_grid_S0013_daily.csv
FQA,FQA,Fengqiu,2006,Leave_One_experiments\wth_generated_qc\FQA\FQA2006.WTH,wet_year;nitrogen_stress_year;low_response_year,wet,FQA2006_normal_grid_S0013,irrigation_positive_candidate,2006-09-13,256,100,95,"{""sim_day"": 100.0, ""doy"": 256.0, ""topwt"": 11993.76953125, ""grnwt"": 6660.799560546875, ""xlai"": 0.8716519474983215, ""totir"": 30.0, ""tofer"": NaN, ""swfac"": 0.0, ""nstres"": 0.0}",0.0,0.0,11993.76953125,6660.799560546875,0.8716519474983215,30.0,,0.0,0.0,30.0,150.0,14.107995605468744,26.107995605468744,Leave_One_experiments/all_year_offline_schedule_search/daily_outputs/FQA/FQA_2006_FQA2006_normal_grid_S0013_daily.csv
FQA,FQA,Fengqiu,2006,Leave_One_experiments\wth_generated_qc\FQA\FQA2006.WTH,wet_year;nitrogen_stress_year;low_response_year,wet,FQA2006_normal_grid_S0013,irrigation_positive_candidate,2006-09-14,257,101,96,"{""sim_day"": 101.0, ""doy"": 257.0, ""topwt"": 11993.76953125, ""grnwt"": 6660.799560546875, ""xlai"": 0.8716519474983215, ""totir"": 30.0, ""tofer"": NaN, ""swfac"": 0.0, ""nstres"": 0.0}",0.0,0.0,11993.76953125,6660.799560546875,0.8716519474983215,30.0,,0.0,0.0,30.0,150.0,14.107995605468744,26.107995605468744,Leave_One_experiments/all_year_offline_schedule_search/daily_outputs/FQA/FQA_2006_FQA2006_normal_grid_S0013_daily.csv
FQA,FQA,Fengqiu,2006,Leave_One_experiments\wth_generated_qc\FQA\FQA2006.WTH,wet_year;nitrogen_stress_year;low_response_year,wet,FQA2006_normal_grid_S0013,irrigation_positive_candidate,2006-09-15,258,102,97,"{""sim_day"": 102.0, ""doy"": 258.0, ""topwt"": 11993.76953125, ""grnwt"": 6660.799560546875, ""xlai"": 0.8716519474983215, ""totir"": 30.0, ""tofer"": NaN, ""swfac"": 0.0, ""nstres"": 0.0}",0.0,0.0,11993.76953125,6660.799560546875,0.8716519474983215,30.0,,0.0,0.0,30.0,150.0,14.107995605468744,26.107995605468744,Leave_One_experiments/all_year_offline_schedule_search/daily_outputs/FQA/FQA_2006_FQA2006_normal_grid_S0013_daily.csv
FQA,FQA,Fengqiu,2006,Leave_One_experiments\wth_generated_qc\FQA\FQA2006.WTH,wet_year;nitrogen_stress_year;low_response_year,wet,FQA2006_normal_grid_S0010,low_input_within_10pct_yield,2006-06-11,162,1,1,"{""sim_day"": 1.0, ""doy"": 162.0, ""topwt"": 0.0, ""grnwt"": 0.0, ""xlai"": 0.0, ""totir"": 0.0, ""tofer"": NaN, ""swfac"": 0.0, ""nstres"": 0.0}",0.0,0.0,0.0,0.0,0.0,0.0,,0.0,50.0,0.0,150.0,29.107995605468744,29.107995605468744,Leave_One_experiments/all_year_offline_schedule_search/daily_outputs/FQA/FQA_2006_FQA2006_normal_grid_S0010_daily.csv
FQA,FQA,Fengqiu,2006,Leave_One_experiments\wth_generated_qc\FQA\FQA2006.WTH,wet_year;nitrogen_stress_year;low_response_year,wet,FQA2006_normal_grid_S0010,low_input_within_10pct_yield,2006-06-12,163,2,2,"{""sim_day"": 2.0, ""doy"": 163.0, ""topwt"": 0.0, ""grnwt"": 0.0, ""xlai"": 0.0, ""totir"": 0.0, ""tofer"": NaN, ""swfac"": 0.0, ""nstres"": 0.0}",0.0,0.0,0.0,0.0,0.0,0.0,,0.0,0.0,0.0,150.0,29.107995605468744,29.107995605468744,Leave_One_experiments/all_year_offline_schedule_search/daily_outputs/FQA/FQA_2006_FQA2006_normal_grid_S0010_daily.csv
FQA,FQA,Fengqiu,2006,Leave_One_experiments\wth_generated_qc\FQA\FQA2006.WTH,wet_year;nitrogen_stress_year;low_response_year,wet,FQA2006_normal_grid_S0010,low_input_within_10pct_yield,2006-06-13,164,3,3,"{""sim_day"": 3.0, ""doy"": 164.0, ""topwt"": 0.0, ""grnwt"": 0.0, ""xlai"": 0.0, ""totir"": 0.0, ""tofer"": NaN, ""swfac"": 0.0, ""nstres"": 0.0}",0.0,0.0,0.0,0.0,0.0,0.0,,0.0,0.0,0.0,150.0,29.107995605468744,29.107995605468744,Leave_One_experiments/all_year_offline_schedule_search/daily_outputs/FQA/FQA_2006_FQA2006_normal_grid_S0010_daily.csv
FQA,FQA,Fengqiu,2006,Leave_One_experiments\wth_generated_qc\FQA\FQA2006.WTH,wet_year;nitrogen_stress_year;low_response_year,wet,FQA2006_normal_grid_S0010,low_input_within_10pct_yield,2006-06-14,165,4,4,"{""sim_day"": 4.0, ""doy"": 165.0, ""topwt"": 0.0, ""grnwt"": 0.0, ""xlai"": 0.0, ""totir"": 0.0, ""tofer"": NaN, ""swfac"": 0.0, ""nstres"": 0.0}",0.0,0.0,0.0,0.0,0.0,0.0,,0.0,0.0,0.0,150.0,29.107995605468744,29.107995605468744,Leave_One_experiments/all_year_offline_schedule_search/daily_outputs/FQA/FQA_2006_FQA2006_normal_grid_S0010_daily.csv
FQA,FQA,Fengqiu,2006,Leave_One_experiments\wth_generated_qc\FQA\FQA2006.WTH,wet_year;nitrogen_stress_year;low_response_year,wet,FQA2006_normal_grid_S0010,low_input_within_10pct_yield,2006-06-15,166,5,5,"{""sim_day"": 5.0, ""doy"": 166.0, ""topwt"": 0.0, ""grnwt"": 0.0, ""xlai"": 0.0, ""totir"": 0.0, ""tofer"": NaN, ""swfac"": 0.0, ""nstres"": 0.0}",0.0,0.0,0.0,0.0,0.0,0.0,,0.0,0.0,0.0,150.0,29.107995605468744,29.107995605468744,Leave_One_experiments/all_year_offline_schedule_search/daily_outputs/FQA/FQA_2006_FQA2006_normal_grid_S0010_daily.csv
FQA,FQA,Fengqiu,2006,Leave_One_experiments\wth_generated_qc\FQA\FQA2006.WTH,wet_year;nitrogen_stress_year;low_response_year,wet,FQA2006_normal_grid_S0010,low_input_within_10pct_yield,2006-06-11,162,6,1,"{""sim_day"": 6.0, ""doy"": 162.0, ""topwt"": 0.0, ""grnwt"": 0.0, ""xlai"": 0.0, ""totir"": 0.0, ""tofer"": NaN, ""swfac"": 0.0, ""nstres"": 0.0}",0.0,0.0,0.0,0.0,0.0,0.0,,0.0,0.0,0.0,150.0,29.107995605468744,29.107995605468744,Leave_One_experiments/all_year_offline_schedule_search/daily_outputs/FQA/FQA_2006_FQA2006_normal_grid_S0010_daily.csv
FQA,FQA,Fengqiu,2006,Leave_One_experiments\wth_generated_qc\FQA\FQA2006.WTH,wet_year;nitrogen_stress_year;low_response_year,wet,FQA2006_normal_grid_S0010,low_input_within_10pct_yield,2006-06-12,163,7,2,"{""sim_day"": 7.0, ""doy"": 163.0, ""topwt"": 0.0, ""grnwt"": 0.0, ""xlai"": 0.0, ""totir"": 0.0, ""tofer"": NaN, ""swfac"": 0.0, ""nstres"": 0.0}",0.0,0.0,0.0,0.0,0.0,0.0,,0.0,0.0,0.0,150.0,29.107995605468744,29.107995605468744,Leave_One_experiments/all_year_offline_schedule_search/daily_outputs/FQA/FQA_2006_FQA2006_normal_grid_S0010_daily.csv
FQA,FQA,Fengqiu,2006,Leave_One_experiments\wth_generated_qc\FQA\FQA2006.WTH,wet_year;nitrogen_stress_year;low_response_year,wet,FQA2006_normal_grid_S0010,low_input_within_10pct_yield,2006-06-13,164,8,3,"{""sim_day"": 8.0, ""doy"": 164.0, ""topwt"": 0.0, ""grnwt"": 0.0, ""xlai"": 0.0, ""totir"": 0.0, ""tofer"": NaN, ""swfac"": 0.0, ""nstres"": 0.0}",0.0,0.0,0.0,0.0,0.0,0.0,,0.0,0.0,0.0,150.0,29.107995605468744,29.107995605468744,Leave_One_experiments/all_year_offline_schedule_search/daily_outputs/FQA/FQA_2006_FQA2006_normal_grid_S0010_daily.csv
FQA,FQA,Fengqiu,2006,Leave_One_experiments\wth_generated_qc\FQA\FQA2006.WTH,wet_year;nitrogen_stress_year;low_response_year,wet,FQA2006_normal_grid_S0010,low_input_within_10pct_yield,2006-06-14,165,9,4,"{""sim_day"": 9.0, ""doy"": 165.0, ""topwt"": 0.0, ""grnwt"": 0.0, ""xlai"": 0.0, ""totir"": 0.0, ""tofer"": NaN, ""swfac"": 0.0, ""nstres"": 0.0}",0.0,0.0,0.0,0.0,0.0,0.0,,0.0,0.0,0.0,150.0,29.107995605468744,29.107995605468744,Leave_One_experiments/all_year_offline_schedule_search/daily_outputs/FQA/FQA_2006_FQA2006_normal_grid_S0010_daily.csv
FQA,FQA,Fengqiu,2006,Leave_One_experiments\wth_generated_qc\FQA\FQA2006.WTH,wet_year;nitrogen_stress_year;low_response_year,wet,FQA2006_normal_grid_S0010,low_input_within_10pct_yield,2006-06-15,166,10,5,"{""sim_day"": 10.0, ""doy"": 166.0, ""topwt"": 32.00000047683716, ""grnwt"": 0.0, ""xlai"": 0.0035421377979218, ""totir"": 0.0, ""tofer"": NaN, ""swfac"": 0.0, ""nstres"": 0.0121910572052001}",0.0,0.0121910572052001,32.00000047683716,0.0,0.0035421377979218,0.0,,0.0,0.0,0.0,150.0,29.107995605468744,29.107995605468744,Leave_One_experiments/all_year_offline_schedule_search/daily_outputs/FQA/FQA_2006_FQA2006_normal_grid_S0010_daily.csv
FQA,FQA,Fengqiu,2006,Leave_One_experiments\wth_generated_qc\FQA\FQA2006.WTH,wet_year;nitrogen_stress_year;low_response_year,wet,FQA2006_normal_grid_S0010,low_input_within_10pct_yield,2006-06-16,167,11,6,"{""sim_day"": 11.0, ""doy"": 167.0, ""topwt"": 32.00000047683716, ""grnwt"": 0.0, ""xlai"": 0.0064413854852318, ""totir"": 0.0, ""tofer"": NaN, ""swfac"": 0.0, ""nstres"": 0.0007585287094116}",0.0,0.0007585287094116,32.00000047683716,0.0,0.0064413854852318,0.0,,0.0,0.0,0.0,150.0,29.107995605468744,29.107995605468744,Leave_One_experiments/all_year_offline_schedule_search/daily_outputs/FQA/FQA_2006_FQA2006_normal_grid_S0010_daily.csv
FQA,FQA,Fengqiu,2006,Leave_One_experiments\wth_generated_qc\FQA\FQA2006.WTH,wet_year;nitrogen_stress_year;low_response_year,wet,FQA2006_normal_grid_S0010,low_input_within_10pct_yield,2006-06-17,168,12,7,"{""sim_day"": 12.0, ""doy"": 168.0, ""topwt"": 32.00000047683716, ""grnwt"": 0.0, ""xlai"": 0.0100333029404282, ""totir"": 0.0, ""tofer"": NaN, ""swfac"": 0.0, ""nstres"": 0.0}",0.0,0.0,32.00000047683716,0.0,0.0100333029404282,0.0,,0.0,0.0,0.0,150.0,29.107995605468744,29.107995605468744,Leave_One_experiments/all_year_offline_schedule_search/daily_outputs/FQA/FQA_2006_FQA2006_normal_grid_S0010_daily.csv
FQA,FQA,Fengqiu,2006,Leave_One_experiments\wth_generated_qc\FQA\FQA2006.WTH,wet_year;nitrogen_stress_year;low_response_year,wet,FQA2006_normal_grid_S0010,low_input_within_10pct_yield,2006-06-18,169,13,8,"{""sim_day"": 13.0, ""doy"": 169.0, ""topwt"": 32.00000047683716, ""grnwt"": 0.0, ""xlai"": 0.0142218330875039, ""totir"": 0.0, ""tofer"": NaN, ""swfac"": 0.0, ""nstres"": 0.0}",0.0,0.0,32.00000047683716,0.0,0.0142218330875039,0.0,,0.0,0.0,0.0,150.0,29.107995605468744,29.107995605468744,Leave_One_experiments/all_year_offline_schedule_search/daily_outputs/FQA/FQA_2006_FQA2006_normal_grid_S0010_daily.csv
FQA,FQA,Fengqiu,2006,Leave_One_experiments\wth_generated_qc\FQA\FQA2006.WTH,wet_year;nitrogen_stress_year;low_response_year,wet,FQA2006_normal_grid_S0010,low_input_within_10pct_yield,2006-06-19,170,14,9,"{""sim_day"": 14.0, ""doy"": 170.0, ""topwt"": 32.00000047683716, ""grnwt"": 0.0, ""xlai"": 0.0186154060065746, ""totir"": 0.0, ""tofer"": NaN, ""swfac"": 0.0, ""nstres"": 0.0}",0.0,0.0,32.00000047683716,0.0,0.0186154060065746,0.0,,0.0,0.0,0.0,150.0,29.107995605468744,29.107995605468744,Leave_One_experiments/all_year_offline_schedule_search/daily_outputs/FQA/FQA_2006_FQA2006_normal_grid_S0010_daily.csv
FQA,FQA,Fengqiu,2006,Leave_One_experiments\wth_generated_qc\FQA\FQA2006.WTH,wet_year;nitrogen_stress_year;low_response_year,wet,FQA2006_normal_grid_S0010,low_input_within_10pct_yield,2006-06-20,171,15,10,"{""sim_day"": 15.0, ""doy"": 171.0, ""topwt"": 32.00000047683716, ""grnwt"": 0.0, ""xlai"": 0.0219479352235794, ""totir"": 0.0, ""tofer"": NaN, ""swfac"": 0.0, ""nstres"": 0.0}",0.0,0.0,32.00000047683716,0.0,0.0219479352235794,0.0,,0.0,0.0,0.0,150.0,29.107995605468744,29.107995605468744,Leave_One_experiments/all_year_offline_schedule_search/daily_outputs/FQA/FQA_2006_FQA2006_normal_grid_S0010_daily.csv
FQA,FQA,Fengqiu,2006,Leave_One_experiments\wth_generated_qc\FQA\FQA2006.WTH,wet_year;nitrogen_stress_year;low_response_year,wet,FQA2006_normal_grid_S0010,low_input_within_10pct_yield,2006-06-21,172,16,11,"{""sim_day"": 16.0, ""doy"": 172.0, ""topwt"": 23.20487260818481, ""grnwt"": 0.0, ""xlai"": 0.0309608504176139, ""totir"": 0.0, ""tofer"": NaN, ""swfac"": 0.0, ""nstres"": 0.0}",0.0,0.0,23.20487260818481,0.0,0.0309608504176139,0.0,,0.0,0.0,0.0,150.0,29.107995605468744,29.107995605468744,Leave_One_experiments/all_year_offline_schedule_search/daily_outputs/FQA/FQA_2006_FQA2006_normal_grid_S0010_daily.csv
FQA,FQA,Fengqiu,2006,Leave_One_experiments\wth_generated_qc\FQA\FQA2006.WTH,wet_year;nitrogen_stress_year;low_response_year,wet,FQA2006_normal_grid_S0010,low_input_within_10pct_yield,2006-06-22,173,17,12,"{""sim_day"": 17.0, ""doy"": 173.0, ""topwt"": 27.344579696655277, ""grnwt"": 0.0, ""xlai"": 0.0444523729383945, ""totir"": 0.0, ""tofer"": NaN, ""swfac"": 0.0, ""nstres"": 0.0}",0.0,0.0,27.344579696655277,0.0,0.0444523729383945,0.0,,0.0,0.0,0.0,150.0,29.107995605468744,29.107995605468744,Leave_One_experiments/all_year_offline_schedule_search/daily_outputs/FQA/FQA_2006_FQA2006_normal_grid_S0010_daily.csv
FQA,FQA,Fengqiu,2006,Leave_One_experiments\wth_generated_qc\FQA\FQA2006.WTH,wet_year;nitrogen_stress_year;low_response_year,wet,FQA2006_normal_grid_S0010,low_input_within_10pct_yield,2006-06-23,174,18,13,"{""sim_day"": 18.0, ""doy"": 174.0, ""topwt"": 32.7966570854187, ""grnwt"": 0.0, ""xlai"": 0.0607515014708042, ""totir"": 0.0, ""tofer"": NaN, ""swfac"": 0.0, ""nstres"": 0.0}",0.0,0.0,32.7966570854187,0.0,0.0607515014708042,0.0,,0.0,0.0,0.0,150.0,29.107995605468744,29.107995605468744,Leave_One_experiments/all_year_offline_schedule_search/daily_outputs/FQA/FQA_2006_FQA2006_normal_grid_S0010_daily.csv
FQA,FQA,Fengqiu,2006,Leave_One_experiments\wth_generated_qc\FQA\FQA2006.WTH,wet_year;nitrogen_stress_year;low_response_year,wet,FQA2006_normal_grid_S0010,low_input_within_10pct_yield,2006-06-24,175,19,14,"{""sim_day"": 19.0, ""doy"": 175.0, ""topwt"": 39.68492031097412, ""grnwt"": 0.0, ""xlai"": 0.0798428580164909, ""totir"": 0.0, ""tofer"": NaN, ""swfac"": 0.0, ""nstres"": 0.0}",0.0,0.0,39.68492031097412,0.0,0.0798428580164909,0.0,,0.0,0.0,0.0,150.0,29.107995605468744,29.107995605468744,Leave_One_experiments/all_year_offline_schedule_search/daily_outputs/FQA/FQA_2006_FQA2006_normal_grid_S0010_daily.csv
FQA,FQA,Fengqiu,2006,Leave_One_experiments\wth_generated_qc\FQA\FQA2006.WTH,wet_year;nitrogen_stress_year;low_response_year,wet,FQA2006_normal_grid_S0010,low_input_within_10pct_yield,2006-06-25,176,20,15,"{""sim_day"": 20.0, ""doy"": 176.0, ""topwt"": 47.56396770477295, ""grnwt"": 0.0, ""xlai"": 0.1003010496497154, ""totir"": 0.0, ""tofer"": NaN, ""swfac"": 0.0, ""nstres"": 0.0}",0.0,0.0,47.56396770477295,0.0,0.1003010496497154,0.0,,0.0,0.0,0.0,150.0,29.107995605468744,29.107995605468744,Leave_One_experiments/all_year_offline_schedule_search/daily_outputs/FQA/FQA_2006_FQA2006_normal_grid_S0010_daily.csv
FQA,FQA,Fengqiu,2006,Leave_One_experiments\wth_generated_qc\FQA\FQA2006.WTH,wet_year;nitrogen_stress_year;low_response_year,wet,FQA2006_normal_grid_S0010,low_input_within_10pct_yield,2006-06-26,177,21,16,"{""sim_day"": 21.0, ""doy"": 177.0, ""topwt"": 56.05433464050293, ""grnwt"": 0.0, ""xlai"": 0.1211717724800109, ""totir"": 0.0, ""tofer"": NaN, ""swfac"": 0.0, ""nstres"": 0.0}",0.0,0.0,56.05433464050293,0.0,0.1211717724800109,0.0,,0.0,0.0,0.0,150.0,29.107995605468744,29.107995605468744,Leave_One_experiments/all_year_offline_schedule_search/daily_outputs/FQA/FQA_2006_FQA2006_normal_grid_S0010_daily.csv
FQA,FQA,Fengqiu,2006,Leave_One_experiments\wth_generated_qc\FQA\FQA2006.WTH,wet_year;nitrogen_stress_year;low_response_year,wet,FQA2006_normal_grid_S0010,low_input_within_10pct_yield,2006-06-27,178,22,17,"{""sim_day"": 22.0, ""doy"": 178.0, ""topwt"": 65.79002857208252, ""grnwt"": 0.0, ""xlai"": 0.1439826488494873, ""totir"": 0.0, ""tofer"": NaN, ""swfac"": 0.0, ""nstres"": 0.0}",0.0,0.0,65.79002857208252,0.0,0.1439826488494873,0.0,,0.0,0.0,0.0,150.0,29.107995605468744,29.107995605468744,Leave_One_experiments/all_year_offline_schedule_search/daily_outputs/FQA/FQA_2006_FQA2006_normal_grid_S0010_daily.csv
FQA,FQA,Fengqiu,2006,Leave_One_experiments\wth_generated_qc\FQA\FQA2006.WTH,wet_year;nitrogen_stress_year;low_response_year,wet,FQA2006_normal_grid_S0010,low_input_within_10pct_yield,2006-06-28,179,23,18,"{""sim_day"": 23.0, ""doy"": 179.0, ""topwt"": 76.66819095611572, ""grnwt"": 0.0, ""xlai"": 0.1683739274740219, ""totir"": 0.0, ""tofer"": NaN, ""swfac"": 0.0, ""nstres"": 0.0}",0.0,0.0,76.66819095611572,0.0,0.1683739274740219,0.0,,0.0,0.0,0.0,150.0,29.107995605468744,29.107995605468744,Leave_One_experiments/all_year_offline_schedule_search/daily_outputs/FQA/FQA_2006_FQA2006_normal_grid_S0010_daily.csv
FQA,FQA,Fengqiu,2006,Leave_One_experiments\wth_generated_qc\FQA\FQA2006.WTH,wet_year;nitrogen_stress_year;low_response_year,wet,FQA2006_normal_grid_S0010,low_input_within_10pct_yield,2006-06-29,180,24,19,"{""sim_day"": 24.0, ""doy"": 180.0, ""topwt"": 88.72458457946777, ""grnwt"": 0.0, ""xlai"": 0.1943371891975402, ""totir"": 0.0, ""tofer"": NaN, ""swfac"": 0.0, ""nstres"": 0.0}",0.0,0.0,88.72458457946777,0.0,0.1943371891975402,0.0,,0.0,0.0,0.0,150.0,29.107995605468744,29.107995605468744,Leave_One_experiments/all_year_offline_schedule_search/daily_outputs/FQA/FQA_2006_FQA2006_normal_grid_S0010_daily.csv
FQA,FQA,Fengqiu,2006,Leave_One_experiments\wth_generated_qc\FQA\FQA2006.WTH,wet_year;nitrogen_stress_year;low_response_year,wet,FQA2006_normal_grid_S0010,low_input_within_10pct_yield,2006-06-30,181,25,20,"{""sim_day"": 25.0, ""doy"": 181.0, ""topwt"": 102.20175743103027, ""grnwt"": 0.0, ""xlai"": 0.2211813628673553, ""totir"": 0.0, ""tofer"": NaN, ""swfac"": 0.0, ""nstres"": 0.0}",0.0,0.0,102.20175743103027,0.0,0.2211813628673553,0.0,,0.0,0.0,0.0,150.0,29.107995605468744,29.107995605468744,Leave_One_experiments/all_year_offline_schedule_search/daily_outputs/FQA/FQA_2006_FQA2006_normal_grid_S0010_daily.csv
FQA,FQA,Fengqiu,2006,Leave_One_experiments\wth_generated_qc\FQA\FQA2006.WTH,wet_year;nitrogen_stress_year;low_response_year,wet,FQA2006_normal_grid_S0010,low_input_within_10pct_yield,2006-07-01,182,26,21,"{""sim_day"": 26.0, ""doy"": 182.0, ""topwt"": 118.46184730529784, ""grnwt"": 0.0, ""xlai"": 0.254633218050003, ""totir"": 0.0, ""tofer"": NaN, ""swfac"": 0.0, ""nstres"": 0.0}",0.0,0.0,118.46184730529784,0.0,0.254633218050003,0.0,,0.0,0.0,0.0,150.0,29.107995605468744,29.107995605468744,Leave_One_experiments/all_year_offline_schedule_search/daily_outputs/FQA/FQA_2006_FQA2006_normal_grid_S0010_daily.csv
FQA,FQA,Fengqiu,2006,Leave_One_experiments\wth_generated_qc\FQA\FQA2006.WTH,wet_year;nitrogen_stress_year;low_response_year,wet,FQA2006_normal_grid_S0010,low_input_within_10pct_yield,2006-07-02,183,27,22,"{""sim_day"": 27.0, ""doy"": 183.0, ""topwt"": 136.7822265625, ""grnwt"": 0.0, ""xlai"": 0.290846049785614, ""totir"": 0.0, ""tofer"": NaN, ""swfac"": 0.0, ""nstres"": 0.0}",0.0,0.0,136.7822265625,0.0,0.290846049785614,0.0,,0.0,0.0,0.0,150.0,29.107995605468744,29.107995605468744,Leave_One_experiments/all_year_offline_schedule_search/daily_outputs/FQA/FQA_2006_FQA2006_normal_grid_S0010_daily.csv
FQA,FQA,Fengqiu,2006,Leave_One_experiments\wth_generated_qc\FQA\FQA2006.WTH,wet_year;nitrogen_stress_year;low_response_year,wet,FQA2006_normal_grid_S0010,low_input_within_10pct_yield,2006-07-03,184,28,23,"{""sim_day"": 28.0, ""doy"": 184.0, ""topwt"": 157.37788200378418, ""grnwt"": 0.0, ""xlai"": 0.3299275934696197, ""totir"": 0.0, ""tofer"": NaN, ""swfac"": 0.0, ""nstres"": 0.0}",0.0,0.0,157.37788200378418,0.0,0.3299275934696197,0.0,,0.0,0.0,0.0,150.0,29.107995605468744,29.107995605468744,Leave_One_experiments/all_year_offline_schedule_search/daily_outputs/FQA/FQA_2006_FQA2006_normal_grid_S0010_daily.csv
FQA,FQA,Fengqiu,2006,Leave_One_experiments\wth_generated_qc\FQA\FQA2006.WTH,wet_year;nitrogen_stress_year;low_response_year,wet,FQA2006_normal_grid_S0010,low_input_within_10pct_yield,2006-07-04,185,29,24,"{""sim_day"": 29.0, ""doy"": 185.0, ""topwt"": 176.15463256835938, ""grnwt"": 0.0, ""xlai"": 0.3641917407512665, ""totir"": 0.0, ""tofer"": NaN, ""swfac"": 0.0, ""nstres"": 0.0}",0.0,0.0,176.15463256835938,0.0,0.3641917407512665,0.0,,0.0,0.0,0.0,150.0,29.107995605468744,29.107995605468744,Leave_One_experiments/all_year_offline_schedule_search/daily_outputs/FQA/FQA_2006_FQA2006_normal_grid_S0010_daily.csv
FQA,FQA,Fengqiu,2006,Leave_One_experiments\wth_generated_qc\FQA\FQA2006.WTH,wet_year;nitrogen_stress_year;low_response_year,wet,FQA2006_normal_grid_S0010,low_input_within_10pct_yield,2006-07-05,186,30,25,"{""sim_day"": 30.0, ""doy"": 186.0, ""topwt"": 176.5119171142578, ""grnwt"": 0.0, ""xlai"": 0.3648222684860229, ""totir"": 0.0, ""tofer"": NaN, ""swfac"": 0.0, ""nstres"": 0.0}",0.0,0.0,176.5119171142578,0.0,0.3648222684860229,0.0,,0.0,0.0,0.0,150.0,29.107995605468744,29.107995605468744,Leave_One_experiments/all_year_offline_schedule_search/daily_outputs/FQA/FQA_2006_FQA2006_normal_grid_S0010_daily.csv
FQA,FQA,Fengqiu,2006,Leave_One_experiments\wth_generated_qc\FQA\FQA2006.WTH,wet_year;nitrogen_stress_year;low_response_year,wet,FQA2006_normal_grid_S0010,low_input_within_10pct_yield,2006-07-06,187,31,26,"{""sim_day"": 31.0, ""doy"": 187.0, ""topwt"": 202.88108825683597, ""grnwt"": 0.0, ""xlai"": 0.4102815389633178, ""totir"": 0.0, ""tofer"": NaN, ""swfac"": 0.0, ""nstres"": 0.0}",0.0,0.0,202.88108825683597,0.0,0.4102815389633178,0.0,,0.0,0.0,0.0,150.0,29.107995605468744,29.107995605468744,Leave_One_experiments/all_year_offline_schedule_search/daily_outputs/FQA/FQA_2006_FQA2006_normal_grid_S0010_daily.csv
FQA,FQA,Fengqiu,2006,Leave_One_experiments\wth_generated_qc\FQA\FQA2006.WTH,wet_year;nitrogen_stress_year;low_response_year,wet,FQA2006_normal_grid_S0010,low_input_within_10pct_yield,2006-07-07,188,32,27,"{""sim_day"": 32.0, ""doy"": 188.0, ""topwt"": 234.17184829711917, ""grnwt"": 0.0, ""xlai"": 0.4616974592208862, ""totir"": 0.0, ""tofer"": NaN, ""swfac"": 0.0, ""nstres"": 0.0}",0.0,0.0,234.17184829711917,0.0,0.4616974592208862,0.0,,0.0,0.0,0.0,150.0,29.107995605468744,29.107995605468744,Leave_One_experiments/all_year_offline_schedule_search/daily_outputs/FQA/FQA_2006_FQA2006_normal_grid_S0010_daily.csv
FQA,FQA,Fengqiu,2006,Leave_One_experiments\wth_generated_qc\FQA\FQA2006.WTH,wet_year;nitrogen_stress_year;low_response_year,wet,FQA2006_normal_grid_S0010,low_input_within_10pct_yield,2006-07-08,189,33,28,"{""sim_day"": 33.0, ""doy"": 189.0, ""topwt"": 268.3656120300293, ""grnwt"": 0.0, ""xlai"": 0.5152192115783691, ""totir"": 0.0, ""tofer"": NaN, ""swfac"": 0.0, ""nstres"": 0.0}",0.0,0.0,268.3656120300293,0.0,0.5152192115783691,0.0,,0.0,0.0,0.0,150.0,29.107995605468744,29.107995605468744,Leave_One_experiments/all_year_offline_schedule_search/daily_outputs/FQA/FQA_2006_FQA2006_normal_grid_S0010_daily.csv
FQA,FQA,Fengqiu,2006,Leave_One_experiments\wth_generated_qc\FQA\FQA2006.WTH,wet_year;nitrogen_stress_year;low_response_year,wet,FQA2006_normal_grid_S0010,low_input_within_10pct_yield,2006-07-09,190,34,29,"{""sim_day"": 34.0, ""doy"": 190.0, ""topwt"": 308.898868560791, ""grnwt"": 0.0, ""xlai"": 0.5755282044410706, ""totir"": 0.0, ""tofer"": NaN, ""swfac"": 0.0, ""nstres"": 0.0}",0.0,0.0,308.898868560791,0.0,0.5755282044410706,0.0,,0.0,0.0,0.0,150.0,29.107995605468744,29.107995605468744,Leave_One_experiments/all_year_offline_schedule_search/daily_outputs/FQA/FQA_2006_FQA2006_normal_grid_S0010_daily.csv
FQA,FQA,Fengqiu,2006,Leave_One_experiments\wth_generated_qc\FQA\FQA2006.WTH,wet_year;nitrogen_stress_year;low_response_year,wet,FQA2006_normal_grid_S0010,low_input_within_10pct_yield,2006-07-10,191,35,30,"{""sim_day"": 35.0, ""doy"": 191.0, ""topwt"": 359.00428771972656, ""grnwt"": 0.0, ""xlai"": 0.6460558772087097, ""totir"": 0.0, ""tofer"": NaN, ""swfac"": 0.0, ""nstres"": 0.0}",0.0,0.0,359.00428771972656,0.0,0.6460558772087097,0.0,,0.0,50.0,0.0,150.0,29.107995605468744,29.107995605468744,Leave_One_experiments/all_year_offline_schedule_search/daily_outputs/FQA/FQA_2006_FQA2006_normal_grid_S0010_daily.csv
FQA,FQA,Fengqiu,2006,Leave_One_experiments\wth_generated_qc\FQA\FQA2006.WTH,wet_year;nitrogen_stress_year;low_response_year,wet,FQA2006_normal_grid_S0010,low_input_within_10pct_yield,2006-07-11,192,36,31,"{""sim_day"": 36.0, ""doy"": 192.0, ""topwt"": 417.951774597168, ""grnwt"": 0.0, ""xlai"": 0.7242691516876221, ""totir"": 0.0, ""tofer"": NaN, ""swfac"": 0.0, ""nstres"": 0.0}",0.0,0.0,417.951774597168,0.0,0.7242691516876221,0.0,,0.0,0.0,0.0,150.0,29.107995605468744,29.107995605468744,Leave_One_experiments/all_year_offline_schedule_search/daily_outputs/FQA/FQA_2006_FQA2006_normal_grid_S0010_daily.csv
FQA,FQA,Fengqiu,2006,Leave_One_experiments\wth_generated_qc\FQA\FQA2006.WTH,wet_year;nitrogen_stress_year;low_response_year,wet,FQA2006_normal_grid_S0010,low_input_within_10pct_yield,2006-07-12,193,37,32,"{""sim_day"": 37.0, ""doy"": 193.0, ""topwt"": 486.697883605957, ""grnwt"": 0.0, ""xlai"": 0.8100424408912659, ""totir"": 0.0, ""tofer"": NaN, ""swfac"": 0.0, ""nstres"": 0.0}",0.0,0.0,486.697883605957,0.0,0.8100424408912659,0.0,,0.0,0.0,0.0,150.0,29.107995605468744,29.107995605468744,Leave_One_experiments/all_year_offline_schedule_search/daily_outputs/FQA/FQA_2006_FQA2006_normal_grid_S0010_daily.csv
FQA,FQA,Fengqiu,2006,Leave_One_experiments\wth_generated_qc\FQA\FQA2006.WTH,wet_year;nitrogen_stress_year;low_response_year,wet,FQA2006_normal_grid_S0010,low_input_within_10pct_yield,2006-07-13,194,38,33,"{""sim_day"": 38.0, ""doy"": 194.0, ""topwt"": 564.9272155761719, ""grnwt"": 0.0, ""xlai"": 0.901728093624115, ""totir"": 0.0, ""tofer"": NaN, ""swfac"": 0.0, ""nstres"": 0.0}",0.0,0.0,564.9272155761719,0.0,0.901728093624115,0.0,,0.0,0.0,0.0,150.0,29.107995605468744,29.107995605468744,Leave_One_experiments/all_year_offline_schedule_search/daily_outputs/FQA/FQA_2006_FQA2006_normal_grid_S0010_daily.csv
FQA,FQA,Fengqiu,2006,Leave_One_experiments\wth_generated_qc\FQA\FQA2006.WTH,wet_year;nitrogen_stress_year;low_response_year,wet,FQA2006_normal_grid_S0010,low_input_within_10pct_yield,2006-07-14,195,39,34,"{""sim_day"": 39.0, ""doy"": 195.0, ""topwt"": 644.3215942382812, ""grnwt"": 0.0, ""xlai"": 0.989514708518982, ""totir"": 0.0, ""tofer"": NaN, ""swfac"": 0.0, ""nstres"": 0.0}",0.0,0.0,644.3215942382812,0.0,0.989514708518982,0.0,,0.0,0.0,0.0,150.0,29.107995605468744,29.107995605468744,Leave_One_experiments/all_year_offline_schedule_search/daily_outputs/FQA/FQA_2006_FQA2006_normal_grid_S0010_daily.csv
FQA,FQA,Fengqiu,2006,Leave_One_experiments\wth_generated_qc\FQA\FQA2006.WTH,wet_year;nitrogen_stress_year;low_response_year,wet,FQA2006_normal_grid_S0010,low_input_within_10pct_yield,2006-07-15,196,40,35,"{""sim_day"": 40.0, ""doy"": 196.0, ""topwt"": 727.6442718505859, ""grnwt"": 0.0, ""xlai"": 1.0767484903335571, ""totir"": 0.0, ""tofer"": NaN, ""swfac"": 0.0, ""nstres"": 0.0}",0.0,0.0,727.6442718505859,0.0,1.0767484903335571,0.0,,0.0,0.0,0.0,150.0,29.107995605468744,29.107995605468744,Leave_One_experiments/all_year_offline_schedule_search/daily_outputs/FQA/FQA_2006_FQA2006_normal_grid_S0010_daily.csv
FQA,FQA,Fengqiu,2006,Leave_One_experiments\wth_generated_qc\FQA\FQA2006.WTH,wet_year;nitrogen_stress_year;low_response_year,wet,FQA2006_normal_grid_S0010,low_input_within_10pct_yield,2006-07-16,197,41,36,"{""sim_day"": 41.0, ""doy"": 197.0, ""topwt"": 808.2711791992188, ""grnwt"": 0.0, ""xlai"": 1.157128095626831, ""totir"": 0.0, ""tofer"": NaN, ""swfac"": 0.0, ""nstres"": 0.0}",0.0,0.0,808.2711791992188,0.0,1.157128095626831,0.0,,0.0,0.0,0.0,150.0,29.107995605468744,29.107995605468744,Leave_One_experiments/all_year_offline_schedule_search/daily_outputs/FQA/FQA_2006_FQA2006_normal_grid_S0010_daily.csv
FQA,FQA,Fengqiu,2006,Leave_One_experiments\wth_generated_qc\FQA\FQA2006.WTH,wet_year;nitrogen_stress_year;low_response_year,wet,FQA2006_normal_grid_S0010,low_input_within_10pct_yield,2006-07-17,198,42,37,"{""sim_day"": 42.0, ""doy"": 198.0, ""topwt"": 910.0649261474608, ""grnwt"": 0.0, ""xlai"": 1.2533624172210691, ""totir"": 0.0, ""tofer"": NaN, ""swfac"": 0.0, ""nstres"": 0.0}",0.0,0.0,910.0649261474608,0.0,1.2533624172210691,0.0,,0.0,0.0,0.0,150.0,29.107995605468744,29.107995605468744,Leave_One_experiments/all_year_offline_schedule_search/daily_outputs/FQA/FQA_2006_FQA2006_normal_grid_S0010_daily.csv
FQA,FQA,Fengqiu,2006,Leave_One_experiments\wth_generated_qc\FQA\FQA2006.WTH,wet_year;nitrogen_stress_year;low_response_year,wet,FQA2006_normal_grid_S0010,low_input_within_10pct_yield,2006-07-18,199,43,38,"{""sim_day"": 43.0, ""doy"": 199.0, ""topwt"": 993.204345703125, ""grnwt"": 0.0, ""xlai"": 1.328255295753479, ""totir"": 0.0, ""tofer"": NaN, ""swfac"": 0.0, ""nstres"": 0.0}",0.0,0.0,993.204345703125,0.0,1.328255295753479,0.0,,0.0,0.0,0.0,150.0,29.107995605468744,29.107995605468744,Leave_One_experiments/all_year_offline_schedule_search/daily_outputs/FQA/FQA_2006_FQA2006_normal_grid_S0010_daily.csv
FQA,FQA,Fengqiu,2006,Leave_One_experiments\wth_generated_qc\FQA\FQA2006.WTH,wet_year;nitrogen_stress_year;low_response_year,wet,FQA2006_normal_grid_S0010,low_input_within_10pct_yield,2006-07-19,200,44,39,"{""sim_day"": 44.0, ""doy"": 200.0, ""topwt"": 1107.361068725586, ""grnwt"": 0.0, ""xlai"": 1.4261795282363892, ""totir"": 0.0, ""tofer"": NaN, ""swfac"": 0.0, ""nstres"": 0.0}",0.0,0.0,1107.361068725586,0.0,1.4261795282363892,0.0,,0.0,0.0,0.0,150.0,29.107995605468744,29.107995605468744,Leave_One_experiments/all_year_offline_schedule_search/daily_outputs/FQA/FQA_2006_FQA2006_normal_grid_S0010_daily.csv
FQA,FQA,Fengqiu,2006,Leave_One_experiments\wth_generated_qc\FQA\FQA2006.WTH,wet_year;nitrogen_stress_year;low_response_year,wet,FQA2006_normal_grid_S0010,low_input_within_10pct_yield,2006-07-20,201,45,40,"{""sim_day"": 45.0, ""doy"": 201.0, ""topwt"": 1209.2425537109375, ""grnwt"": 0.0, ""xlai"": 1.4603040218353271, ""totir"": 0.0, ""tofer"": NaN, ""swfac"": 0.0, ""nstres"": 0.0}",0.0,0.0,1209.2425537109375,0.0,1.4603040218353271,0.0,,0.0,0.0,0.0,150.0,29.107995605468744,29.107995605468744,Leave_One_experiments/all_year_offline_schedule_search/daily_outputs/FQA/FQA_2006_FQA2006_normal_grid_S0010_daily.csv
FQA,FQA,Fengqiu,2006,Leave_One_experiments\wth_generated_qc\FQA\FQA2006.WTH,wet_year;nitrogen_stress_year;low_response_year,wet,FQA2006_normal_grid_S0010,low_input_within_10pct_yield,2006-07-21,202,46,41,"{""sim_day"": 46.0, ""doy"": 202.0, ""topwt"": 1284.8580932617188, ""grnwt"": 0.0, ""xlai"": 1.4844871759414673, ""totir"": 0.0, ""tofer"": NaN, ""swfac"": 0.0, ""nstres"": 0.0}",0.0,0.0,1284.8580932617188,0.0,1.4844871759414673,0.0,,0.0,0.0,0.0,150.0,29.107995605468744,29.107995605468744,Leave_One_experiments/all_year_offline_schedule_search/daily_outputs/FQA/FQA_2006_FQA2006_normal_grid_S0010_daily.csv
FQA,FQA,Fengqiu,2006,Leave_One_experiments\wth_generated_qc\FQA\FQA2006.WTH,wet_year;nitrogen_stress_year;low_response_year,wet,FQA2006_normal_grid_S0010,low_input_within_10pct_yield,2006-07-22,203,47,42,"{""sim_day"": 47.0, ""doy"": 203.0, ""topwt"": 1443.8681030273438, ""grnwt"": 0.0, ""xlai"": 1.5337222814559937, ""totir"": 0.0, ""tofer"": NaN, ""swfac"": 0.0, ""nstres"": 0.0}",0.0,0.0,1443.8681030273438,0.0,1.5337222814559937,0.0,,0.0,0.0,0.0,150.0,29.107995605468744,29.107995605468744,Leave_One_experiments/all_year_offline_schedule_search/daily_outputs/FQA/FQA_2006_FQA2006_normal_grid_S0010_daily.csv
FQA,FQA,Fengqiu,2006,Leave_One_experiments\wth_generated_qc\FQA\FQA2006.WTH,wet_year;nitrogen_stress_year;low_response_year,wet,FQA2006_normal_grid_S0010,low_input_within_10pct_yield,2006-07-23,204,48,43,"{""sim_day"": 48.0, ""doy"": 204.0, ""topwt"": 1664.88037109375, ""grnwt"": 0.0, ""xlai"": 1.5997231006622314, ""totir"": 0.0, ""tofer"": NaN, ""swfac"": 0.0, ""nstres"": 0.0}",0.0,0.0,1664.88037109375,0.0,1.5997231006622314,0.0,,0.0,0.0,0.0,150.0,29.107995605468744,29.107995605468744,Leave_One_experiments/all_year_offline_schedule_search/daily_outputs/FQA/FQA_2006_FQA2006_normal_grid_S0010_daily.csv
FQA,FQA,Fengqiu,2006,Leave_One_experiments\wth_generated_qc\FQA\FQA2006.WTH,wet_year;nitrogen_stress_year;low_response_year,wet,FQA2006_normal_grid_S0010,low_input_within_10pct_yield,2006-07-24,205,49,44,"{""sim_day"": 49.0, ""doy"": 205.0, ""topwt"": 1870.0942993164065, ""grnwt"": 0.0, ""xlai"": 1.6588655710220337, ""totir"": 0.0, ""tofer"": NaN, ""swfac"": 0.0, ""nstres"": 0.0}",0.0,0.0,1870.0942993164065,0.0,1.6588655710220337,0.0,,0.0,0.0,0.0,150.0,29.107995605468744,29.107995605468744,Leave_One_experiments/all_year_offline_schedule_search/daily_outputs/FQA/FQA_2006_FQA2006_normal_grid_S0010_daily.csv
FQA,FQA,Fengqiu,2006,Leave_One_experiments\wth_generated_qc\FQA\FQA2006.WTH,wet_year;nitrogen_stress_year;low_response_year,wet,FQA2006_normal_grid_S0010,low_input_within_10pct_yield,2006-07-25,206,50,45,"{""sim_day"": 50.0, ""doy"": 206.0, ""topwt"": 2082.3614501953125, ""grnwt"": 0.0, ""xlai"": 1.7181956768035889, ""totir"": 0.0, ""tofer"": NaN, ""swfac"": 0.0, ""nstres"": 0.0}",0.0,0.0,2082.3614501953125,0.0,1.7181956768035889,0.0,,0.0,0.0,0.0,150.0,29.107995605468744,29.107995605468744,Leave_One_experiments/all_year_offline_schedule_search/daily_outputs/FQA/FQA_2006_FQA2006_normal_grid_S0010_daily.csv
FQA,FQA,Fengqiu,2006,Leave_One_experiments\wth_generated_qc\FQA\FQA2006.WTH,wet_year;nitrogen_stress_year;low_response_year,wet,FQA2006_normal_grid_S0010,low_input_within_10pct_yield,2006-07-26,207,51,46,"{""sim_day"": 51.0, ""doy"": 207.0, ""topwt"": 2229.7413635253906, ""grnwt"": 0.0, ""xlai"": 1.7581732273101809, ""totir"": 0.0, ""tofer"": NaN, ""swfac"": 0.0, ""nstres"": 0.0}",0.0,0.0,2229.7413635253906,0.0,1.7581732273101809,0.0,,0.0,0.0,0.0,150.0,29.107995605468744,29.107995605468744,Leave_One_experiments/all_year_offline_schedule_search/daily_outputs/FQA/FQA_2006_FQA2006_normal_grid_S0010_daily.csv
FQA,FQA,Fengqiu,2006,Leave_One_experiments\wth_generated_qc\FQA\FQA2006.WTH,wet_year;nitrogen_stress_year;low_response_year,wet,FQA2006_normal_grid_S0010,low_input_within_10pct_yield,2006-07-27,208,52,47,"{""sim_day"": 52.0, ""doy"": 208.0, ""topwt"": 2441.626892089844, ""grnwt"": 0.0, ""xlai"": 1.8140206336975095, ""totir"": 0.0, ""tofer"": NaN, ""swfac"": 0.0, ""nstres"": 0.0}",0.0,0.0,2441.626892089844,0.0,1.8140206336975095,0.0,,0.0,0.0,0.0,150.0,29.107995605468744,29.107995605468744,Leave_One_experiments/all_year_offline_schedule_search/daily_outputs/FQA/FQA_2006_FQA2006_normal_grid_S0010_daily.csv
FQA,FQA,Fengqiu,2006,Leave_One_experiments\wth_generated_qc\FQA\FQA2006.WTH,wet_year;nitrogen_stress_year;low_response_year,wet,FQA2006_normal_grid_S0010,low_input_within_10pct_yield,2006-07-28,209,53,48,"{""sim_day"": 53.0, ""doy"": 209.0, ""topwt"": 2579.6466064453125, ""grnwt"": 0.0, ""xlai"": 1.8493120670318604, ""totir"": 0.0, ""tofer"": NaN, ""swfac"": 0.0, ""nstres"": 0.0}",0.0,0.0,2579.6466064453125,0.0,1.8493120670318604,0.0,,0.0,0.0,0.0,150.0,29.107995605468744,29.107995605468744,Leave_One_experiments/all_year_offline_schedule_search/daily_outputs/FQA/FQA_2006_FQA2006_normal_grid_S0010_daily.csv
FQA,FQA,Fengqiu,2006,Leave_One_experiments\wth_generated_qc\FQA\FQA2006.WTH,wet_year;nitrogen_stress_year;low_response_year,wet,FQA2006_normal_grid_S0010,low_input_within_10pct_yield,2006-07-29,210,54,49,"{""sim_day"": 54.0, ""doy"": 210.0, ""topwt"": 2841.57470703125, ""grnwt"": 0.0, ""xlai"": 1.916346788406372, ""totir"": 0.0, ""tofer"": NaN, ""swfac"": 0.0, ""nstres"": 0.0}",0.0,0.0,2841.57470703125,0.0,1.916346788406372,0.0,,0.0,0.0,0.0,150.0,29.107995605468744,29.107995605468744,Leave_One_experiments/all_year_offline_schedule_search/daily_outputs/FQA/FQA_2006_FQA2006_normal_grid_S0010_daily.csv
FQA,FQA,Fengqiu,2006,Leave_One_experiments\wth_generated_qc\FQA\FQA2006.WTH,wet_year;nitrogen_stress_year;low_response_year,wet,FQA2006_normal_grid_S0010,low_input_within_10pct_yield,2006-07-30,211,55,50,"{""sim_day"": 55.0, ""doy"": 211.0, ""topwt"": 3011.285400390625, ""grnwt"": 0.0, ""xlai"": 1.959657907485962, ""totir"": 0.0, ""tofer"": NaN, ""swfac"": 0.0, ""nstres"": 0.0}",0.0,0.0,3011.285400390625,0.0,1.959657907485962,0.0,,0.0,0.0,0.0,150.0,29.107995605468744,29.107995605468744,Leave_One_experiments/all_year_offline_schedule_search/daily_outputs/FQA/FQA_2006_FQA2006_normal_grid_S0010_daily.csv
FQA,FQA,Fengqiu,2006,Leave_One_experiments\wth_generated_qc\FQA\FQA2006.WTH,wet_year;nitrogen_stress_year;low_response_year,wet,FQA2006_normal_grid_S0010,low_input_within_10pct_yield,2006-07-31,212,56,51,"{""sim_day"": 56.0, ""doy"": 212.0, ""topwt"": 3253.6962890625, ""grnwt"": 0.0, ""xlai"": 2.021510124206543, ""totir"": 0.0, ""tofer"": NaN, ""swfac"": 0.0, ""nstres"": 0.0}",0.0,0.0,3253.6962890625,0.0,2.021510124206543,0.0,,0.0,0.0,0.0,150.0,29.107995605468744,29.107995605468744,Leave_One_experiments/all_year_offline_schedule_search/daily_outputs/FQA/FQA_2006_FQA2006_normal_grid_S0010_daily.csv
FQA,FQA,Fengqiu,2006,Leave_One_experiments\wth_generated_qc\FQA\FQA2006.WTH,wet_year;nitrogen_stress_year;low_response_year,wet,FQA2006_normal_grid_S0010,low_input_within_10pct_yield,2006-08-01,213,57,52,"{""sim_day"": 57.0, ""doy"": 213.0, ""topwt"": 3472.1246337890625, ""grnwt"": 0.0, ""xlai"": 2.077141046524048, ""totir"": 0.0, ""tofer"": NaN, ""swfac"": 0.0, ""nstres"": 0.0}",0.0,0.0,3472.1246337890625,0.0,2.077141046524048,0.0,,0.0,0.0,0.0,150.0,29.107995605468744,29.107995605468744,Leave_One_experiments/all_year_offline_schedule_search/daily_outputs/FQA/FQA_2006_FQA2006_normal_grid_S0010_daily.csv
FQA,FQA,Fengqiu,2006,Leave_One_experiments\wth_generated_qc\FQA\FQA2006.WTH,wet_year;nitrogen_stress_year;low_response_year,wet,FQA2006_normal_grid_S0010,low_input_within_10pct_yield,2006-08-02,214,58,53,"{""sim_day"": 58.0, ""doy"": 214.0, ""topwt"": 3571.6726684570312, ""grnwt"": 0.0, ""xlai"": 2.1023240089416504, ""totir"": 0.0, ""tofer"": NaN, ""swfac"": 0.0, ""nstres"": 0.0}",0.0,0.0,3571.6726684570312,0.0,2.1023240089416504,0.0,,0.0,0.0,0.0,150.0,29.107995605468744,29.107995605468744,Leave_One_experiments/all_year_offline_schedule_search/daily_outputs/FQA/FQA_2006_FQA2006_normal_grid_S0010_daily.csv
FQA,FQA,Fengqiu,2006,Leave_One_experiments\wth_generated_qc\FQA\FQA2006.WTH,wet_year;nitrogen_stress_year;low_response_year,wet,FQA2006_normal_grid_S0010,low_input_within_10pct_yield,2006-08-03,215,59,54,"{""sim_day"": 59.0, ""doy"": 215.0, ""topwt"": 3756.7474365234375, ""grnwt"": 0.0, ""xlai"": 2.149333953857422, ""totir"": 0.0, ""tofer"": NaN, ""swfac"": 0.0, ""nstres"": 0.0}",0.0,0.0,3756.7474365234375,0.0,2.149333953857422,0.0,,0.0,0.0,0.0,150.0,29.107995605468744,29.107995605468744,Leave_One_experiments/all_year_offline_schedule_search/daily_outputs/FQA/FQA_2006_FQA2006_normal_grid_S0010_daily.csv
FQA,FQA,Fengqiu,2006,Leave_One_experiments\wth_generated_qc\FQA\FQA2006.WTH,wet_year;nitrogen_stress_year;low_response_year,wet,FQA2006_normal_grid_S0010,low_input_within_10pct_yield,2006-08-04,216,60,55,"{""sim_day"": 60.0, ""doy"": 216.0, ""topwt"": 3945.269775390625, ""grnwt"": 0.0, ""xlai"": 2.197164297103882, ""totir"": 0.0, ""tofer"": NaN, ""swfac"": 0.0, ""nstres"": 0.0}",0.0,0.0,3945.269775390625,0.0,2.197164297103882,0.0,,0.0,0.0,0.0,150.0,29.107995605468744,29.107995605468744,Leave_One_experiments/all_year_offline_schedule_search/daily_outputs/FQA/FQA_2006_FQA2006_normal_grid_S0010_daily.csv
FQA,FQA,Fengqiu,2006,Leave_One_experiments\wth_generated_qc\FQA\FQA2006.WTH,wet_year;nitrogen_stress_year;low_response_year,wet,FQA2006_normal_grid_S0010,low_input_within_10pct_yield,2006-08-05,217,61,56,"{""sim_day"": 61.0, ""doy"": 217.0, ""topwt"": 4162.094421386719, ""grnwt"": 0.0, ""xlai"": 2.2521369457244877, ""totir"": 0.0, ""tofer"": NaN, ""swfac"": 0.0, ""nstres"": 0.0}",0.0,0.0,4162.094421386719,0.0,2.2521369457244877,0.0,,0.0,0.0,0.0,150.0,29.107995605468744,29.107995605468744,Leave_One_experiments/all_year_offline_schedule_search/daily_outputs/FQA/FQA_2006_FQA2006_normal_grid_S0010_daily.csv
FQA,FQA,Fengqiu,2006,Leave_One_experiments\wth_generated_qc\FQA\FQA2006.WTH,wet_year;nitrogen_stress_year;low_response_year,wet,FQA2006_normal_grid_S0010,low_input_within_10pct_yield,2006-08-06,218,62,57,"{""sim_day"": 62.0, ""doy"": 218.0, ""topwt"": 4405.672912597656, ""grnwt"": 0.0, ""xlai"": 2.136463165283203, ""totir"": 0.0, ""tofer"": NaN, ""swfac"": 0.0, ""nstres"": 0.0}",0.0,0.0,4405.672912597656,0.0,2.136463165283203,0.0,,0.0,0.0,0.0,150.0,29.107995605468744,29.107995605468744,Leave_One_experiments/all_year_offline_schedule_search/daily_outputs/FQA/FQA_2006_FQA2006_normal_grid_S0010_daily.csv
FQA,FQA,Fengqiu,2006,Leave_One_experiments\wth_generated_qc\FQA\FQA2006.WTH,wet_year;nitrogen_stress_year;low_response_year,wet,FQA2006_normal_grid_S0010,low_input_within_10pct_yield,2006-08-07,219,63,58,"{""sim_day"": 63.0, ""doy"": 219.0, ""topwt"": 4710.325622558594, ""grnwt"": 0.0, ""xlai"": 2.1250898838043213, ""totir"": 0.0, ""tofer"": NaN, ""swfac"": 0.0, ""nstres"": 0.0}",0.0,0.0,4710.325622558594,0.0,2.1250898838043213,0.0,,0.0,0.0,0.0,150.0,29.107995605468744,29.107995605468744,Leave_One_experiments/all_year_offline_schedule_search/daily_outputs/FQA/FQA_2006_FQA2006_normal_grid_S0010_daily.csv
FQA,FQA,Fengqiu,2006,Leave_One_experiments\wth_generated_qc\FQA\FQA2006.WTH,wet_year;nitrogen_stress_year;low_response_year,wet,FQA2006_normal_grid_S0010,low_input_within_10pct_yield,2006-08-08,220,64,59,"{""sim_day"": 64.0, ""doy"": 220.0, ""topwt"": 5030.206298828125, ""grnwt"": 0.0, ""xlai"": 2.113462448120117, ""totir"": 0.0, ""tofer"": NaN, ""swfac"": 0.0, ""nstres"": 0.0}",0.0,0.0,5030.206298828125,0.0,2.113462448120117,0.0,,0.0,0.0,0.0,150.0,29.107995605468744,29.107995605468744,Leave_One_experiments/all_year_offline_schedule_search/daily_outputs/FQA/FQA_2006_FQA2006_normal_grid_S0010_daily.csv
FQA,FQA,Fengqiu,2006,Leave_One_experiments\wth_generated_qc\FQA\FQA2006.WTH,wet_year;nitrogen_stress_year;low_response_year,wet,FQA2006_normal_grid_S0010,low_input_within_10pct_yield,2006-08-09,221,65,60,"{""sim_day"": 65.0, ""doy"": 221.0, ""topwt"": 5308.5491943359375, ""grnwt"": 0.0, ""xlai"": 2.1020045280456543, ""totir"": 0.0, ""tofer"": NaN, ""swfac"": 0.0, ""nstres"": 0.0}",0.0,0.0,5308.5491943359375,0.0,2.1020045280456543,0.0,,0.0,50.0,0.0,150.0,29.107995605468744,29.107995605468744,Leave_One_experiments/all_year_offline_schedule_search/daily_outputs/FQA/FQA_2006_FQA2006_normal_grid_S0010_daily.csv
FQA,FQA,Fengqiu,2006,Leave_One_experiments\wth_generated_qc\FQA\FQA2006.WTH,wet_year;nitrogen_stress_year;low_response_year,wet,FQA2006_normal_grid_S0010,low_input_within_10pct_yield,2006-08-10,222,66,61,"{""sim_day"": 66.0, ""doy"": 222.0, ""topwt"": 5552.9791259765625, ""grnwt"": 0.0, ""xlai"": 2.0904901027679443, ""totir"": 0.0, ""tofer"": NaN, ""swfac"": 0.0, ""nstres"": 0.0}",0.0,0.0,5552.9791259765625,0.0,2.0904901027679443,0.0,,0.0,0.0,0.0,150.0,29.107995605468744,29.107995605468744,Leave_One_experiments/all_year_offline_schedule_search/daily_outputs/FQA/FQA_2006_FQA2006_normal_grid_S0010_daily.csv
FQA,FQA,Fengqiu,2006,Leave_One_experiments\wth_generated_qc\FQA\FQA2006.WTH,wet_year;nitrogen_stress_year;low_response_year,wet,FQA2006_normal_grid_S0010,low_input_within_10pct_yield,2006-08-11,223,67,62,"{""sim_day"": 67.0, ""doy"": 223.0, ""topwt"": 5781.385498046875, ""grnwt"": 0.0, ""xlai"": 2.0785577297210693, ""totir"": 0.0, ""tofer"": NaN, ""swfac"": 0.0, ""nstres"": 0.0}",0.0,0.0,5781.385498046875,0.0,2.0785577297210693,0.0,,0.0,0.0,0.0,150.0,29.107995605468744,29.107995605468744,Leave_One_experiments/all_year_offline_schedule_search/daily_outputs/FQA/FQA_2006_FQA2006_normal_grid_S0010_daily.csv
FQA,FQA,Fengqiu,2006,Leave_One_experiments\wth_generated_qc\FQA\FQA2006.WTH,wet_year;nitrogen_stress_year;low_response_year,wet,FQA2006_normal_grid_S0010,low_input_within_10pct_yield,2006-08-12,224,68,63,"{""sim_day"": 68.0, ""doy"": 224.0, ""topwt"": 6002.6556396484375, ""grnwt"": 0.0, ""xlai"": 2.066422462463379, ""totir"": 0.0, ""tofer"": NaN, ""swfac"": 0.0, ""nstres"": 0.0}",0.0,0.0,6002.6556396484375,0.0,2.066422462463379,0.0,,0.0,0.0,0.0,150.0,29.107995605468744,29.107995605468744,Leave_One_experiments/all_year_offline_schedule_search/daily_outputs/FQA/FQA_2006_FQA2006_normal_grid_S0010_daily.csv
FQA,FQA,Fengqiu,2006,Leave_One_experiments\wth_generated_qc\FQA\FQA2006.WTH,wet_year;nitrogen_stress_year;low_response_year,wet,FQA2006_normal_grid_S0010,low_input_within_10pct_yield,2006-08-13,225,69,64,"{""sim_day"": 69.0, ""doy"": 225.0, ""topwt"": 6119.503173828125, ""grnwt"": 0.0, ""xlai"": 2.05521821975708, ""totir"": 0.0, ""tofer"": NaN, ""swfac"": 0.0, ""nstres"": 0.0}",0.0,0.0,6119.503173828125,0.0,2.05521821975708,0.0,,0.0,0.0,0.0,150.0,29.107995605468744,29.107995605468744,Leave_One_experiments/all_year_offline_schedule_search/daily_outputs/FQA/FQA_2006_FQA2006_normal_grid_S0010_daily.csv
FQA,FQA,Fengqiu,2006,Leave_One_experiments\wth_generated_qc\FQA\FQA2006.WTH,wet_year;nitrogen_stress_year;low_response_year,wet,FQA2006_normal_grid_S0010,low_input_within_10pct_yield,2006-08-14,226,70,65,"{""sim_day"": 70.0, ""doy"": 226.0, ""topwt"": 6316.419677734375, ""grnwt"": 456.22974395751953, ""xlai"": 2.00474214553833, ""totir"": 0.0, ""tofer"": NaN, ""swfac"": 0.0, ""nstres"": 0.0}",0.0,0.0,6316.419677734375,456.22974395751953,2.00474214553833,0.0,,0.0,0.0,0.0,150.0,29.107995605468744,29.107995605468744,Leave_One_experiments/all_year_offline_schedule_search/daily_outputs/FQA/FQA_2006_FQA2006_normal_grid_S0010_daily.csv
FQA,FQA,Fengqiu,2006,Leave_One_experiments\wth_generated_qc\FQA\FQA2006.WTH,wet_year;nitrogen_stress_year;low_response_year,wet,FQA2006_normal_grid_S0010,low_input_within_10pct_yield,2006-08-15,227,71,66,"{""sim_day"": 71.0, ""doy"": 227.0, ""topwt"": 6674.068603515625, ""grnwt"": 895.3507995605469, ""xlai"": 1.994817137718201, ""totir"": 0.0, ""tofer"": NaN, ""swfac"": 0.0, ""nstres"": 0.0}",0.0,0.0,6674.068603515625,895.3507995605469,1.994817137718201,0.0,,0.0,0.0,0.0,150.0,29.107995605468744,29.107995605468744,Leave_One_experiments/all_year_offline_schedule_search/daily_outputs/FQA/FQA_2006_FQA2006_normal_grid_S0010_daily.csv
FQA,FQA,Fengqiu,2006,Leave_One_experiments\wth_generated_qc\FQA\FQA2006.WTH,wet_year;nitrogen_stress_year;low_response_year,wet,FQA2006_normal_grid_S0010,low_input_within_10pct_yield,2006-08-16,228,72,67,"{""sim_day"": 72.0, ""doy"": 228.0, ""topwt"": 7052.984619140625, ""grnwt"": 1351.5805053710938, ""xlai"": 1.9830751419067385, ""totir"": 0.0, ""tofer"": NaN, ""swfac"": 0.0, ""nstres"": 0.0}",0.0,0.0,7052.984619140625,1351.5805053710938,1.9830751419067385,0.0,,0.0,0.0,0.0,150.0,29.107995605468744,29.107995605468744,Leave_One_experiments/all_year_offline_schedule_search/daily_outputs/FQA/FQA_2006_FQA2006_normal_grid_S0010_daily.csv
FQA,FQA,Fengqiu,2006,Leave_One_experiments\wth_generated_qc\FQA\FQA2006.WTH,wet_year;nitrogen_stress_year;low_response_year,wet,FQA2006_normal_grid_S0010,low_input_within_10pct_yield,2006-08-17,229,73,68,"{""sim_day"": 73.0, ""doy"": 229.0, ""topwt"": 7429.268798828125, ""grnwt"": 1807.8102111816409, ""xlai"": 1.9696112871170044, ""totir"": 0.0, ""tofer"": NaN, ""swfac"": 0.0, ""nstres"": 0.0}",0.0,0.0,7429.268798828125,1807.8102111816409,1.9696112871170044,0.0,,0.0,0.0,0.0,150.0,29.107995605468744,29.107995605468744,Leave_One_experiments/all_year_offline_schedule_search/daily_outputs/FQA/FQA_2006_FQA2006_normal_grid_S0010_daily.csv
FQA,FQA,Fengqiu,2006,Leave_One_experiments\wth_generated_qc\FQA\FQA2006.WTH,wet_year;nitrogen_stress_year;low_response_year,wet,FQA2006_normal_grid_S0010,low_input_within_10pct_yield,2006-08-18,230,74,69,"{""sim_day"": 74.0, ""doy"": 230.0, ""topwt"": 7820.027465820312, ""grnwt"": 2264.0399169921875, ""xlai"": 1.955084562301636, ""totir"": 0.0, ""tofer"": NaN, ""swfac"": 0.0, ""nstres"": 0.0}",0.0,0.0,7820.027465820312,2264.0399169921875,1.955084562301636,0.0,,0.0,0.0,0.0,150.0,29.107995605468744,29.107995605468744,Leave_One_experiments/all_year_offline_schedule_search/daily_outputs/FQA/FQA_2006_FQA2006_normal_grid_S0010_daily.csv
FQA,FQA,Fengqiu,2006,Leave_One_experiments\wth_generated_qc\FQA\FQA2006.WTH,wet_year;nitrogen_stress_year;low_response_year,wet,FQA2006_normal_grid_S0010,low_input_within_10pct_yield,2006-08-19,231,75,70,"{""sim_day"": 75.0, ""doy"": 231.0, ""topwt"": 8153.396606445312, ""grnwt"": 2720.269775390625, ""xlai"": 1.9385132789611816, ""totir"": 0.0, ""tofer"": NaN, ""swfac"": 0.0, ""nstres"": 0.0}",0.0,0.0,8153.396606445312,2720.269775390625,1.9385132789611816,0.0,,0.0,0.0,0.0,150.0,29.107995605468744,29.107995605468744,Leave_One_experiments/all_year_offline_schedule_search/daily_outputs/FQA/FQA_2006_FQA2006_normal_grid_S0010_daily.csv
FQA,FQA,Fengqiu,2006,Leave_One_experiments\wth_generated_qc\FQA\FQA2006.WTH,wet_year;nitrogen_stress_year;low_response_year,wet,FQA2006_normal_grid_S0010,low_input_within_10pct_yield,2006-08-20,232,76,71,"{""sim_day"": 76.0, ""doy"": 232.0, ""topwt"": 8112.420654296875, ""grnwt"": 2779.449462890625, ""xlai"": 1.9217242002487185, ""totir"": 0.0, ""tofer"": NaN, ""swfac"": 0.0, ""nstres"": 0.0}",0.0,0.0,8112.420654296875,2779.449462890625,1.9217242002487185,0.0,,0.0,0.0,0.0,150.0,29.107995605468744,29.107995605468744,Leave_One_experiments/all_year_offline_schedule_search/daily_outputs/FQA/FQA_2006_FQA2006_normal_grid_S0010_daily.csv
FQA,FQA,Fengqiu,2006,Leave_One_experiments\wth_generated_qc\FQA\FQA2006.WTH,wet_year;nitrogen_stress_year;low_response_year,wet,FQA2006_normal_grid_S0010,low_input_within_10pct_yield,2006-08-21,233,77,72,"{""sim_day"": 77.0, ""doy"": 233.0, ""topwt"": 8362.099609375, ""grnwt"": 3029.1287231445312, ""xlai"": 1.902449131011963, ""totir"": 0.0, ""tofer"": NaN, ""swfac"": 0.0, ""nstres"": 0.0}",0.0,0.0,8362.099609375,3029.1287231445312,1.902449131011963,0.0,,0.0,0.0,0.0,150.0,29.107995605468744,29.107995605468744,Leave_One_experiments/all_year_offline_schedule_search/daily_outputs/FQA/FQA_2006_FQA2006_normal_grid_S0010_daily.csv
FQA,FQA,Fengqiu,2006,Leave_One_experiments\wth_generated_qc\FQA\FQA2006.WTH,wet_year;nitrogen_stress_year;low_response_year,wet,FQA2006_normal_grid_S0010,low_input_within_10pct_yield,2006-08-22,234,78,73,"{""sim_day"": 78.0, ""doy"": 234.0, ""topwt"": 8681.5380859375, ""grnwt"": 3348.5671997070312, ""xlai"": 1.8784292936325075, ""totir"": 0.0, ""tofer"": NaN, ""swfac"": 0.0, ""nstres"": 0.0}",0.0,0.0,8681.5380859375,3348.5671997070312,1.8784292936325075,0.0,,0.0,0.0,0.0,150.0,29.107995605468744,29.107995605468744,Leave_One_experiments/all_year_offline_schedule_search/daily_outputs/FQA/FQA_2006_FQA2006_normal_grid_S0010_daily.csv
FQA,FQA,Fengqiu,2006,Leave_One_experiments\wth_generated_qc\FQA\FQA2006.WTH,wet_year;nitrogen_stress_year;low_response_year,wet,FQA2006_normal_grid_S0010,low_input_within_10pct_yield,2006-08-23,235,79,74,"{""sim_day"": 79.0, ""doy"": 235.0, ""topwt"": 8859.429931640625, ""grnwt"": 3526.4581298828125, ""xlai"": 1.8499751091003416, ""totir"": 0.0, ""tofer"": NaN, ""swfac"": 0.0, ""nstres"": 0.0}",0.0,0.0,8859.429931640625,3526.4581298828125,1.8499751091003416,0.0,,0.0,0.0,0.0,150.0,29.107995605468744,29.107995605468744,Leave_One_experiments/all_year_offline_schedule_search/daily_outputs/FQA/FQA_2006_FQA2006_normal_grid_S0010_daily.csv
FQA,FQA,Fengqiu,2006,Leave_One_experiments\wth_generated_qc\FQA\FQA2006.WTH,wet_year;nitrogen_stress_year;low_response_year,wet,FQA2006_normal_grid_S0010,low_input_within_10pct_yield,2006-08-24,236,80,75,"{""sim_day"": 80.0, ""doy"": 236.0, ""topwt"": 8985.74951171875, ""grnwt"": 3652.7777099609375, ""xlai"": 1.8162845373153689, ""totir"": 0.0, ""tofer"": NaN, ""swfac"": 0.0, ""nstres"": 0.0}",0.0,0.0,8985.74951171875,3652.7777099609375,1.8162845373153689,0.0,,0.0,0.0,0.0,150.0,29.107995605468744,29.107995605468744,Leave_One_experiments/all_year_offline_schedule_search/daily_outputs/FQA/FQA_2006_FQA2006_normal_grid_S0010_daily.csv
FQA,FQA,Fengqiu,2006,Leave_One_experiments\wth_generated_qc\FQA\FQA2006.WTH,wet_year;nitrogen_stress_year;low_response_year,wet,FQA2006_normal_grid_S0010,low_input_within_10pct_yield,2006-08-25,237,81,76,"{""sim_day"": 81.0, ""doy"": 237.0, ""topwt"": 9133.5205078125, ""grnwt"": 3800.548706054688, ""xlai"": 1.7813204526901243, ""totir"": 0.0, ""tofer"": NaN, ""swfac"": 0.0, ""nstres"": 0.0}",0.0,0.0,9133.5205078125,3800.548706054688,1.7813204526901243,0.0,,0.0,0.0,0.0,150.0,29.107995605468744,29.107995605468744,Leave_One_experiments/all_year_offline_schedule_search/daily_outputs/FQA/FQA_2006_FQA2006_normal_grid_S0010_daily.csv
FQA,FQA,Fengqiu,2006,Leave_One_experiments\wth_generated_qc\FQA\FQA2006.WTH,wet_year;nitrogen_stress_year;low_response_year,wet,FQA2006_normal_grid_S0010,low_input_within_10pct_yield,2006-08-26,238,82,77,"{""sim_day"": 82.0, ""doy"": 238.0, ""topwt"": 9348.50341796875, ""grnwt"": 4015.5322265625, ""xlai"": 1.740081548690796, ""totir"": 0.0, ""tofer"": NaN, ""swfac"": 0.0, ""nstres"": 0.0}",0.0,0.0,9348.50341796875,4015.5322265625,1.740081548690796,0.0,,0.0,0.0,0.0,150.0,29.107995605468744,29.107995605468744,Leave_One_experiments/all_year_offline_schedule_search/daily_outputs/FQA/FQA_2006_FQA2006_normal_grid_S0010_daily.csv
FQA,FQA,Fengqiu,2006,Leave_One_experiments\wth_generated_qc\FQA\FQA2006.WTH,wet_year;nitrogen_stress_year;low_response_year,wet,FQA2006_normal_grid_S0010,low_input_within_10pct_yield,2006-08-27,239,83,78,"{""sim_day"": 83.0, ""doy"": 239.0, ""topwt"": 9467.96875, ""grnwt"": 4134.997253417969, ""xlai"": 1.6946741342544556, ""totir"": 0.0, ""tofer"": NaN, ""swfac"": 0.0, ""nstres"": 0.0}",0.0,0.0,9467.96875,4134.997253417969,1.6946741342544556,0.0,,0.0,0.0,0.0,150.0,29.107995605468744,29.107995605468744,Leave_One_experiments/all_year_offline_schedule_search/daily_outputs/FQA/FQA_2006_FQA2006_normal_grid_S0010_daily.csv
FQA,FQA,Fengqiu,2006,Leave_One_experiments\wth_generated_qc\FQA\FQA2006.WTH,wet_year;nitrogen_stress_year;low_response_year,wet,FQA2006_normal_grid_S0010,low_input_within_10pct_yield,2006-08-28,240,84,79,"{""sim_day"": 84.0, ""doy"": 240.0, ""topwt"": 9545.05126953125, ""grnwt"": 4212.080078125, ""xlai"": 1.6563293933868408, ""totir"": 0.0, ""tofer"": NaN, ""swfac"": 0.0, ""nstres"": 0.0}",0.0,0.0,9545.05126953125,4212.080078125,1.6563293933868408,0.0,,0.0,0.0,0.0,150.0,29.107995605468744,29.107995605468744,Leave_One_experiments/all_year_offline_schedule_search/daily_outputs/FQA/FQA_2006_FQA2006_normal_grid_S0010_daily.csv
FQA,FQA,Fengqiu,2006,Leave_One_experiments\wth_generated_qc\FQA\FQA2006.WTH,wet_year;nitrogen_stress_year;low_response_year,wet,FQA2006_normal_grid_S0010,low_input_within_10pct_yield,2006-08-29,241,85,80,"{""sim_day"": 85.0, ""doy"": 241.0, ""topwt"": 9576.656494140623, ""grnwt"": 4243.685302734375, ""xlai"": 1.6198651790618896, ""totir"": 0.0, ""tofer"": NaN, ""swfac"": 0.0, ""nstres"": 0.0}",0.0,0.0,9576.656494140623,4243.685302734375,1.6198651790618896,0.0,,0.0,0.0,0.0,150.0,29.107995605468744,29.107995605468744,Leave_One_experiments/all_year_offline_schedule_search/daily_outputs/FQA/FQA_2006_FQA2006_normal_grid_S0010_daily.csv
FQA,FQA,Fengqiu,2006,Leave_One_experiments\wth_generated_qc\FQA\FQA2006.WTH,wet_year;nitrogen_stress_year;low_response_year,wet,FQA2006_normal_grid_S0010,low_input_within_10pct_yield,2006-08-30,242,86,81,"{""sim_day"": 86.0, ""doy"": 242.0, ""topwt"": 9654.71435546875, ""grnwt"": 4321.743469238281, ""xlai"": 1.581264615058899, ""totir"": 0.0, ""tofer"": NaN, ""swfac"": 0.0, ""nstres"": 0.0}",0.0,0.0,9654.71435546875,4321.743469238281,1.581264615058899,0.0,,0.0,0.0,0.0,150.0,29.107995605468744,29.107995605468744,Leave_One_experiments/all_year_offline_schedule_search/daily_outputs/FQA/FQA_2006_FQA2006_normal_grid_S0010_daily.csv
FQA,FQA,Fengqiu,2006,Leave_One_experiments\wth_generated_qc\FQA\FQA2006.WTH,wet_year;nitrogen_stress_year;low_response_year,wet,FQA2006_normal_grid_S0010,low_input_within_10pct_yield,2006-08-31,243,87,82,"{""sim_day"": 87.0, ""doy"": 243.0, ""topwt"": 9762.5439453125, ""grnwt"": 4429.573669433594, ""xlai"": 1.5291128158569336, ""totir"": 0.0, ""tofer"": NaN, ""swfac"": 0.0, ""nstres"": 0.0}",0.0,0.0,9762.5439453125,4429.573669433594,1.5291128158569336,0.0,,0.0,0.0,0.0,150.0,29.107995605468744,29.107995605468744,Leave_One_experiments/all_year_offline_schedule_search/daily_outputs/FQA/FQA_2006_FQA2006_normal_grid_S0010_daily.csv
FQA,FQA,Fengqiu,2006,Leave_One_experiments\wth_generated_qc\FQA\FQA2006.WTH,wet_year;nitrogen_stress_year;low_response_year,wet,FQA2006_normal_grid_S0010,low_input_within_10pct_yield,2006-09-01,244,88,83,"{""sim_day"": 88.0, ""doy"": 244.0, ""topwt"": 9909.576416015623, ""grnwt"": 4576.606140136719, ""xlai"": 1.4718724489212036, ""totir"": 0.0, ""tofer"": NaN, ""swfac"": 0.0, ""nstres"": 0.0}",0.0,0.0,9909.576416015623,4576.606140136719,1.4718724489212036,0.0,,0.0,0.0,0.0,150.0,29.107995605468744,29.107995605468744,Leave_One_experiments/all_year_offline_schedule_search/daily_outputs/FQA/FQA_2006_FQA2006_normal_grid_S0010_daily.csv
FQA,FQA,Fengqiu,2006,Leave_One_experiments\wth_generated_qc\FQA\FQA2006.WTH,wet_year;nitrogen_stress_year;low_response_year,wet,FQA2006_normal_grid_S0010,low_input_within_10pct_yield,2006-09-02,245,89,84,"{""sim_day"": 89.0, ""doy"": 245.0, ""topwt"": 10073.572998046877, ""grnwt"": 4740.602111816406, ""xlai"": 1.4076528549194336, ""totir"": 0.0, ""tofer"": NaN, ""swfac"": 0.0, ""nstres"": 0.0}",0.0,0.0,10073.572998046877,4740.602111816406,1.4076528549194336,0.0,,0.0,0.0,0.0,150.0,29.107995605468744,29.107995605468744,Leave_One_experiments/all_year_offline_schedule_search/daily_outputs/FQA/FQA_2006_FQA2006_normal_grid_S0010_daily.csv
FQA,FQA,Fengqiu,2006,Leave_One_experiments\wth_generated_qc\FQA\FQA2006.WTH,wet_year;nitrogen_stress_year;low_response_year,wet,FQA2006_normal_grid_S0010,low_input_within_10pct_yield,2006-09-03,246,90,85,"{""sim_day"": 90.0, ""doy"": 246.0, ""topwt"": 10098.448486328123, ""grnwt"": 4765.478210449219, ""xlai"": 1.3639792203903198, ""totir"": 0.0, ""tofer"": NaN, ""swfac"": 0.0, ""nstres"": 0.0}",0.0,0.0,10098.448486328123,4765.478210449219,1.3639792203903198,0.0,,0.0,0.0,0.0,150.0,29.107995605468744,29.107995605468744,Leave_One_experiments/all_year_offline_schedule_search/daily_outputs/FQA/FQA_2006_FQA2006_normal_grid_S0010_daily.csv
FQA,FQA,Fengqiu,2006,Leave_One_experiments\wth_generated_qc\FQA\FQA2006.WTH,wet_year;nitrogen_stress_year;low_response_year,wet,FQA2006_normal_grid_S0010,low_input_within_10pct_yield,2006-09-04,247,91,86,"{""sim_day"": 91.0, ""doy"": 247.0, ""topwt"": 10345.093994140623, ""grnwt"": 5012.123107910156, ""xlai"": 1.3201473951339722, ""totir"": 0.0, ""tofer"": NaN, ""swfac"": 0.0, ""nstres"": 0.0}",0.0,0.0,10345.093994140623,5012.123107910156,1.3201473951339722,0.0,,0.0,0.0,0.0,150.0,29.107995605468744,29.107995605468744,Leave_One_experiments/all_year_offline_schedule_search/daily_outputs/FQA/FQA_2006_FQA2006_normal_grid_S0010_daily.csv
FQA,FQA,Fengqiu,2006,Leave_One_experiments\wth_generated_qc\FQA\FQA2006.WTH,wet_year;nitrogen_stress_year;low_response_year,wet,FQA2006_normal_grid_S0010,low_input_within_10pct_yield,2006-09-05,248,92,87,"{""sim_day"": 92.0, ""doy"": 248.0, ""topwt"": 10627.135009765623, ""grnwt"": 5294.1650390625, ""xlai"": 1.265068769454956, ""totir"": 0.0, ""tofer"": NaN, ""swfac"": 0.0, ""nstres"": 0.0}",0.0,0.0,10627.135009765623,5294.1650390625,1.265068769454956,0.0,,0.0,0.0,0.0,150.0,29.107995605468744,29.107995605468744,Leave_One_experiments/all_year_offline_schedule_search/daily_outputs/FQA/FQA_2006_FQA2006_normal_grid_S0010_daily.csv
FQA,FQA,Fengqiu,2006,Leave_One_experiments\wth_generated_qc\FQA\FQA2006.WTH,wet_year;nitrogen_stress_year;low_response_year,wet,FQA2006_normal_grid_S0010,low_input_within_10pct_yield,2006-09-06,249,93,88,"{""sim_day"": 93.0, ""doy"": 249.0, ""topwt"": 10749.73388671875, ""grnwt"": 5416.763916015625, ""xlai"": 1.2083414793014526, ""totir"": 0.0, ""tofer"": NaN, ""swfac"": 0.0, ""nstres"": 0.0}",0.0,0.0,10749.73388671875,5416.763916015625,1.2083414793014526,0.0,,0.0,0.0,0.0,150.0,29.107995605468744,29.107995605468744,Leave_One_experiments/all_year_offline_schedule_search/daily_outputs/FQA/FQA_2006_FQA2006_normal_grid_S0010_daily.csv
FQA,FQA,Fengqiu,2006,Leave_One_experiments\wth_generated_qc\FQA\FQA2006.WTH,wet_year;nitrogen_stress_year;low_response_year,wet,FQA2006_normal_grid_S0010,low_input_within_10pct_yield,2006-09-07,250,94,89,"{""sim_day"": 94.0, ""doy"": 250.0, ""topwt"": 10902.125244140623, ""grnwt"": 5569.1552734375, ""xlai"": 1.1514651775360107, ""totir"": 0.0, ""tofer"": NaN, ""swfac"": 0.0, ""nstres"": 0.0}",0.0,0.0,10902.125244140623,5569.1552734375,1.1514651775360107,0.0,,0.0,0.0,0.0,150.0,29.107995605468744,29.107995605468744,Leave_One_experiments/all_year_offline_schedule_search/daily_outputs/FQA/FQA_2006_FQA2006_normal_grid_S0010_daily.csv
FQA,FQA,Fengqiu,2006,Leave_One_experiments\wth_generated_qc\FQA\FQA2006.WTH,wet_year;nitrogen_stress_year;low_response_year,wet,FQA2006_normal_grid_S0010,low_input_within_10pct_yield,2006-09-08,251,95,90,"{""sim_day"": 95.0, ""doy"": 251.0, ""topwt"": 11164.00146484375, ""grnwt"": 5831.031494140625, ""xlai"": 1.110403060913086, ""totir"": 0.0, ""tofer"": NaN, ""swfac"": 0.0, ""nstres"": 0.0}",0.0,0.0,11164.00146484375,5831.031494140625,1.110403060913086,0.0,,0.0,0.0,0.0,150.0,29.107995605468744,29.107995605468744,Leave_One_experiments/all_year_offline_schedule_search/daily_outputs/FQA/FQA_2006_FQA2006_normal_grid_S0010_daily.csv
FQA,FQA,Fengqiu,2006,Leave_One_experiments\wth_generated_qc\FQA\FQA2006.WTH,wet_year;nitrogen_stress_year;low_response_year,wet,FQA2006_normal_grid_S0010,low_input_within_10pct_yield,2006-09-09,252,96,91,"{""sim_day"": 96.0, ""doy"": 252.0, ""topwt"": 11407.237548828123, ""grnwt"": 6074.2669677734375, ""xlai"": 1.0614639520645142, ""totir"": 0.0, ""tofer"": NaN, ""swfac"": 0.0, ""nstres"": 0.0}",0.0,0.0,11407.237548828123,6074.2669677734375,1.0614639520645142,0.0,,0.0,0.0,0.0,150.0,29.107995605468744,29.107995605468744,Leave_One_experiments/all_year_offline_schedule_search/daily_outputs/FQA/FQA_2006_FQA2006_normal_grid_S0010_daily.csv
FQA,FQA,Fengqiu,2006,Leave_One_experiments\wth_generated_qc\FQA\FQA2006.WTH,wet_year;nitrogen_stress_year;low_response_year,wet,FQA2006_normal_grid_S0010,low_input_within_10pct_yield,2006-09-10,253,97,92,"{""sim_day"": 97.0, ""doy"": 253.0, ""topwt"": 11647.529296875, ""grnwt"": 6314.559326171875, ""xlai"": 0.9993918538093568, ""totir"": 0.0, ""tofer"": NaN, ""swfac"": 0.0, ""nstres"": 0.0}",0.0,0.0,11647.529296875,6314.559326171875,0.9993918538093568,0.0,,0.0,0.0,0.0,150.0,29.107995605468744,29.107995605468744,Leave_One_experiments/all_year_offline_schedule_search/daily_outputs/FQA/FQA_2006_FQA2006_normal_grid_S0010_daily.csv
FQA,FQA,Fengqiu,2006,Leave_One_experiments\wth_generated_qc\FQA\FQA2006.WTH,wet_year;nitrogen_stress_year;low_response_year,wet,FQA2006_normal_grid_S0010,low_input_within_10pct_yield,2006-09-11,254,98,93,"{""sim_day"": 98.0, ""doy"": 254.0, ""topwt"": 11846.58447265625, ""grnwt"": 6513.614501953125, ""xlai"": 0.9374409914016724, ""totir"": 0.0, ""tofer"": NaN, ""swfac"": 0.0, ""nstres"": 0.0}",0.0,0.0,11846.58447265625,6513.614501953125,0.9374409914016724,0.0,,0.0,0.0,0.0,150.0,29.107995605468744,29.107995605468744,Leave_One_experiments/all_year_offline_schedule_search/daily_outputs/FQA/FQA_2006_FQA2006_normal_grid_S0010_daily.csv
FQA,FQA,Fengqiu,2006,Leave_One_experiments\wth_generated_qc\FQA\FQA2006.WTH,wet_year;nitrogen_stress_year;low_response_year,wet,FQA2006_normal_grid_S0010,low_input_within_10pct_yield,2006-09-12,255,99,94,"{""sim_day"": 99.0, ""doy"": 255.0, ""topwt"": 11993.76953125, ""grnwt"": 6660.799560546875, ""xlai"": 0.8716519474983215, ""totir"": 0.0, ""tofer"": NaN, ""swfac"": 0.0, ""nstres"": 0.0}",0.0,0.0,11993.76953125,6660.799560546875,0.8716519474983215,0.0,,0.0,0.0,0.0,150.0,29.107995605468744,29.107995605468744,Leave_One_experiments/all_year_offline_schedule_search/daily_outputs/FQA/FQA_2006_FQA2006_normal_grid_S0010_daily.csv
FQA,FQA,Fengqiu,2006,Leave_One_experiments\wth_generated_qc\FQA\FQA2006.WTH,wet_year;nitrogen_stress_year;low_response_year,wet,FQA2006_normal_grid_S0010,low_input_within_10pct_yield,2006-09-13,256,100,95,"{""sim_day"": 100.0, ""doy"": 256.0, ""topwt"": 11993.76953125, ""grnwt"": 6660.799560546875, ""xlai"": 0.8716519474983215, ""totir"": 0.0, ""tofer"": NaN, ""swfac"": 0.0, ""nstres"": 0.0}",0.0,0.0,11993.76953125,6660.799560546875,0.8716519474983215,0.0,,0.0,0.0,0.0,150.0,29.107995605468744,29.107995605468744,Leave_One_experiments/all_year_offline_schedule_search/daily_outputs/FQA/FQA_2006_FQA2006_normal_grid_S0010_daily.csv
FQA,FQA,Fengqiu,2006,Leave_One_experiments\wth_generated_qc\FQA\FQA2006.WTH,wet_year;nitrogen_stress_year;low_response_year,wet,FQA2006_normal_grid_S0010,low_input_within_10pct_yield,2006-09-14,257,101,96,"{""sim_day"": 101.0, ""doy"": 257.0, ""topwt"": 11993.76953125, ""grnwt"": 6660.799560546875, ""xlai"": 0.8716519474983215, ""totir"": 0.0, ""tofer"": NaN, ""swfac"": 0.0, ""nstres"": 0.0}",0.0,0.0,11993.76953125,6660.799560546875,0.8716519474983215,0.0,,0.0,0.0,0.0,150.0,29.107995605468744,29.107995605468744,Leave_One_experiments/all_year_offline_schedule_search/daily_outputs/FQA/FQA_2006_FQA2006_normal_grid_S0010_daily.csv
FQA,FQA,Fengqiu,2006,Leave_One_experiments\wth_generated_qc\FQA\FQA2006.WTH,wet_year;nitrogen_stress_year;low_response_year,wet,FQA2006_normal_grid_S0010,low_input_within_10pct_yield,2006-09-15,258,102,97,"{""sim_day"": 102.0, ""doy"": 258.0, ""topwt"": 11993.76953125, ""grnwt"": 6660.799560546875, ""xlai"": 0.8716519474983215, ""totir"": 0.0, ""tofer"": NaN, ""swfac"": 0.0, ""nstres"": 0.0}",0.0,0.0,11993.76953125,6660.799560546875,0.8716519474983215,0.0,,0.0,0.0,0.0,150.0,29.107995605468744,29.107995605468744,Leave_One_experiments/all_year_offline_schedule_search/daily_outputs/FQA/FQA_2006_FQA2006_normal_grid_S0010_daily.csv
FQA,FQA,Fengqiu,2006,Leave_One_experiments\wth_generated_qc\FQA\FQA2006.WTH,wet_year;nitrogen_stress_year;low_response_year,wet,FQA2006_normal_grid_S0001,pareto_balanced,2006-06-11,162,1,1,"{""sim_day"": 1.0, ""doy"": 162.0, ""topwt"": 0.0, ""grnwt"": 0.0, ""xlai"": 0.0, ""totir"": 0.0, ""tofer"": NaN, ""swfac"": 0.0, ""nstres"": 0.0}",0.0,0.0,0.0,0.0,0.0,0.0,,0.0,0.0,0.0,0.0,26.306744384765626,26.306744384765626,Leave_One_experiments/all_year_offline_schedule_search/daily_outputs/FQA/FQA_2006_FQA2006_normal_grid_S0001_daily.csv
FQA,FQA,Fengqiu,2006,Leave_One_experiments\wth_generated_qc\FQA\FQA2006.WTH,wet_year;nitrogen_stress_year;low_response_year,wet,FQA2006_normal_grid_S0001,pareto_balanced,2006-06-12,163,2,2,"{""sim_day"": 2.0, ""doy"": 163.0, ""topwt"": 0.0, ""grnwt"": 0.0, ""xlai"": 0.0, ""totir"": 0.0, ""tofer"": NaN, ""swfac"": 0.0, ""nstres"": 0.0}",0.0,0.0,0.0,0.0,0.0,0.0,,0.0,0.0,0.0,0.0,26.306744384765626,26.306744384765626,Leave_One_experiments/all_year_offline_schedule_search/daily_outputs/FQA/FQA_2006_FQA2006_normal_grid_S0001_daily.csv
FQA,FQA,Fengqiu,2006,Leave_One_experiments\wth_generated_qc\FQA\FQA2006.WTH,wet_year;nitrogen_stress_year;low_response_year,wet,FQA2006_normal_grid_S0001,pareto_balanced,2006-06-13,164,3,3,"{""sim_day"": 3.0, ""doy"": 164.0, ""topwt"": 0.0, ""grnwt"": 0.0, ""xlai"": 0.0, ""totir"": 0.0, ""tofer"": NaN, ""swfac"": 0.0, ""nstres"": 0.0}",0.0,0.0,0.0,0.0,0.0,0.0,,0.0,0.0,0.0,0.0,26.306744384765626,26.306744384765626,Leave_One_experiments/all_year_offline_schedule_search/daily_outputs/FQA/FQA_2006_FQA2006_normal_grid_S0001_daily.csv
FQA,FQA,Fengqiu,2006,Leave_One_experiments\wth_generated_qc\FQA\FQA2006.WTH,wet_year;nitrogen_stress_year;low_response_year,wet,FQA2006_normal_grid_S0001,pareto_balanced,2006-06-14,165,4,4,"{""sim_day"": 4.0, ""doy"": 165.0, ""topwt"": 0.0, ""grnwt"": 0.0, ""xlai"": 0.0, ""totir"": 0.0, ""tofer"": NaN, ""swfac"": 0.0, ""nstres"": 0.0}",0.0,0.0,0.0,0.0,0.0,0.0,,0.0,0.0,0.0,0.0,26.306744384765626,26.306744384765626,Leave_One_experiments/all_year_offline_schedule_search/daily_outputs/FQA/FQA_2006_FQA2006_normal_grid_S0001_daily.csv
FQA,FQA,Fengqiu,2006,Leave_One_experiments\wth_generated_qc\FQA\FQA2006.WTH,wet_year;nitrogen_stress_year;low_response_year,wet,FQA2006_normal_grid_S0001,pareto_balanced,2006-06-15,166,5,5,"{""sim_day"": 5.0, ""doy"": 166.0, ""topwt"": 0.0, ""grnwt"": 0.0, ""xlai"": 0.0, ""totir"": 0.0, ""tofer"": NaN, ""swfac"": 0.0, ""nstres"": 0.0}",0.0,0.0,0.0,0.0,0.0,0.0,,0.0,0.0,0.0,0.0,26.306744384765626,26.306744384765626,Leave_One_experiments/all_year_offline_schedule_search/daily_outputs/FQA/FQA_2006_FQA2006_normal_grid_S0001_daily.csv
FQA,FQA,Fengqiu,2006,Leave_One_experiments\wth_generated_qc\FQA\FQA2006.WTH,wet_year;nitrogen_stress_year;low_response_year,wet,FQA2006_normal_grid_S0001,pareto_balanced,2006-06-11,162,6,1,"{""sim_day"": 6.0, ""doy"": 162.0, ""topwt"": 0.0, ""grnwt"": 0.0, ""xlai"": 0.0, ""totir"": 0.0, ""tofer"": NaN, ""swfac"": 0.0, ""nstres"": 0.0}",0.0,0.0,0.0,0.0,0.0,0.0,,0.0,0.0,0.0,0.0,26.306744384765626,26.306744384765626,Leave_One_experiments/all_year_offline_schedule_search/daily_outputs/FQA/FQA_2006_FQA2006_normal_grid_S0001_daily.csv
FQA,FQA,Fengqiu,2006,Leave_One_experiments\wth_generated_qc\FQA\FQA2006.WTH,wet_year;nitrogen_stress_year;low_response_year,wet,FQA2006_normal_grid_S0001,pareto_balanced,2006-06-12,163,7,2,"{""sim_day"": 7.0, ""doy"": 163.0, ""topwt"": 0.0, ""grnwt"": 0.0, ""xlai"": 0.0, ""totir"": 0.0, ""tofer"": NaN, ""swfac"": 0.0, ""nstres"": 0.0}",0.0,0.0,0.0,0.0,0.0,0.0,,0.0,0.0,0.0,0.0,26.306744384765626,26.306744384765626,Leave_One_experiments/all_year_offline_schedule_search/daily_outputs/FQA/FQA_2006_FQA2006_normal_grid_S0001_daily.csv
FQA,FQA,Fengqiu,2006,Leave_One_experiments\wth_generated_qc\FQA\FQA2006.WTH,wet_year;nitrogen_stress_year;low_response_year,wet,FQA2006_normal_grid_S0001,pareto_balanced,2006-06-13,164,8,3,"{""sim_day"": 8.0, ""doy"": 164.0, ""topwt"": 0.0, ""grnwt"": 0.0, ""xlai"": 0.0, ""totir"": 0.0, ""tofer"": NaN, ""swfac"": 0.0, ""nstres"": 0.0}",0.0,0.0,0.0,0.0,0.0,0.0,,0.0,0.0,0.0,0.0,26.306744384765626,26.306744384765626,Leave_One_experiments/all_year_offline_schedule_search/daily_outputs/FQA/FQA_2006_FQA2006_normal_grid_S0001_daily.csv
FQA,FQA,Fengqiu,2006,Leave_One_experiments\wth_generated_qc\FQA\FQA2006.WTH,wet_year;nitrogen_stress_year;low_response_year,wet,FQA2006_normal_grid_S0001,pareto_balanced,2006-06-14,165,9,4,"{""sim_day"": 9.0, ""doy"": 165.0, ""topwt"": 0.0, ""grnwt"": 0.0, ""xlai"": 0.0, ""totir"": 0.0, ""tofer"": NaN, ""swfac"": 0.0, ""nstres"": 0.0}",0.0,0.0,0.0,0.0,0.0,0.0,,0.0,0.0,0.0,0.0,26.306744384765626,26.306744384765626,Leave_One_experiments/all_year_offline_schedule_search/daily_outputs/FQA/FQA_2006_FQA2006_normal_grid_S0001_daily.csv
FQA,FQA,Fengqiu,2006,Leave_One_experiments\wth_generated_qc\FQA\FQA2006.WTH,wet_year;nitrogen_stress_year;low_response_year,wet,FQA2006_normal_grid_S0001,pareto_balanced,2006-06-15,166,10,5,"{""sim_day"": 10.0, ""doy"": 166.0, ""topwt"": 32.00000047683716, ""grnwt"": 0.0, ""xlai"": 0.0035421377979218, ""totir"": 0.0, ""tofer"": NaN, ""swfac"": 0.0, ""nstres"": 0.0121910572052001}",0.0,0.0121910572052001,32.00000047683716,0.0,0.0035421377979218,0.0,,0.0,0.0,0.0,0.0,26.306744384765626,26.306744384765626,Leave_One_experiments/all_year_offline_schedule_search/daily_outputs/FQA/FQA_2006_FQA2006_normal_grid_S0001_daily.csv
FQA,FQA,Fengqiu,2006,Leave_One_experiments\wth_generated_qc\FQA\FQA2006.WTH,wet_year;nitrogen_stress_year;low_response_year,wet,FQA2006_normal_grid_S0001,pareto_balanced,2006-06-16,167,11,6,"{""sim_day"": 11.0, ""doy"": 167.0, ""topwt"": 32.00000047683716, ""grnwt"": 0.0, ""xlai"": 0.0064413854852318, ""totir"": 0.0, ""tofer"": NaN, ""swfac"": 0.0, ""nstres"": 0.0007585287094116}",0.0,0.0007585287094116,32.00000047683716,0.0,0.0064413854852318,0.0,,0.0,0.0,0.0,0.0,26.306744384765626,26.306744384765626,Leave_One_experiments/all_year_offline_schedule_search/daily_outputs/FQA/FQA_2006_FQA2006_normal_grid_S0001_daily.csv
FQA,FQA,Fengqiu,2006,Leave_One_experiments\wth_generated_qc\FQA\FQA2006.WTH,wet_year;nitrogen_stress_year;low_response_year,wet,FQA2006_normal_grid_S0001,pareto_balanced,2006-06-17,168,12,7,"{""sim_day"": 12.0, ""doy"": 168.0, ""topwt"": 32.00000047683716, ""grnwt"": 0.0, ""xlai"": 0.0100333029404282, ""totir"": 0.0, ""tofer"": NaN, ""swfac"": 0.0, ""nstres"": 0.0}",0.0,0.0,32.00000047683716,0.0,0.0100333029404282,0.0,,0.0,0.0,0.0,0.0,26.306744384765626,26.306744384765626,Leave_One_experiments/all_year_offline_schedule_search/daily_outputs/FQA/FQA_2006_FQA2006_normal_grid_S0001_daily.csv
FQA,FQA,Fengqiu,2006,Leave_One_experiments\wth_generated_qc\FQA\FQA2006.WTH,wet_year;nitrogen_stress_year;low_response_year,wet,FQA2006_normal_grid_S0001,pareto_balanced,2006-06-18,169,13,8,"{""sim_day"": 13.0, ""doy"": 169.0, ""topwt"": 32.00000047683716, ""grnwt"": 0.0, ""xlai"": 0.0142218330875039, ""totir"": 0.0, ""tofer"": NaN, ""swfac"": 0.0, ""nstres"": 0.0}",0.0,0.0,32.00000047683716,0.0,0.0142218330875039,0.0,,0.0,0.0,0.0,0.0,26.306744384765626,26.306744384765626,Leave_One_experiments/all_year_offline_schedule_search/daily_outputs/FQA/FQA_2006_FQA2006_normal_grid_S0001_daily.csv
FQA,FQA,Fengqiu,2006,Leave_One_experiments\wth_generated_qc\FQA\FQA2006.WTH,wet_year;nitrogen_stress_year;low_response_year,wet,FQA2006_normal_grid_S0001,pareto_balanced,2006-06-19,170,14,9,"{""sim_day"": 14.0, ""doy"": 170.0, ""topwt"": 32.00000047683716, ""grnwt"": 0.0, ""xlai"": 0.0186154060065746, ""totir"": 0.0, ""tofer"": NaN, ""swfac"": 0.0, ""nstres"": 0.0}",0.0,0.0,32.00000047683716,0.0,0.0186154060065746,0.0,,0.0,0.0,0.0,0.0,26.306744384765626,26.306744384765626,Leave_One_experiments/all_year_offline_schedule_search/daily_outputs/FQA/FQA_2006_FQA2006_normal_grid_S0001_daily.csv
FQA,FQA,Fengqiu,2006,Leave_One_experiments\wth_generated_qc\FQA\FQA2006.WTH,wet_year;nitrogen_stress_year;low_response_year,wet,FQA2006_normal_grid_S0001,pareto_balanced,2006-06-20,171,15,10,"{""sim_day"": 15.0, ""doy"": 171.0, ""topwt"": 32.00000047683716, ""grnwt"": 0.0, ""xlai"": 0.0219479352235794, ""totir"": 0.0, ""tofer"": NaN, ""swfac"": 0.0, ""nstres"": 0.0}",0.0,0.0,32.00000047683716,0.0,0.0219479352235794,0.0,,0.0,0.0,0.0,0.0,26.306744384765626,26.306744384765626,Leave_One_experiments/all_year_offline_schedule_search/daily_outputs/FQA/FQA_2006_FQA2006_normal_grid_S0001_daily.csv
FQA,FQA,Fengqiu,2006,Leave_One_experiments\wth_generated_qc\FQA\FQA2006.WTH,wet_year;nitrogen_stress_year;low_response_year,wet,FQA2006_normal_grid_S0001,pareto_balanced,2006-06-21,172,16,11,"{""sim_day"": 16.0, ""doy"": 172.0, ""topwt"": 23.20487260818481, ""grnwt"": 0.0, ""xlai"": 0.0309608504176139, ""totir"": 0.0, ""tofer"": NaN, ""swfac"": 0.0, ""nstres"": 0.0}",0.0,0.0,23.20487260818481,0.0,0.0309608504176139,0.0,,0.0,0.0,0.0,0.0,26.306744384765626,26.306744384765626,Leave_One_experiments/all_year_offline_schedule_search/daily_outputs/FQA/FQA_2006_FQA2006_normal_grid_S0001_daily.csv
FQA,FQA,Fengqiu,2006,Leave_One_experiments\wth_generated_qc\FQA\FQA2006.WTH,wet_year;nitrogen_stress_year;low_response_year,wet,FQA2006_normal_grid_S0001,pareto_balanced,2006-06-22,173,17,12,"{""sim_day"": 17.0, ""doy"": 173.0, ""topwt"": 27.344579696655277, ""grnwt"": 0.0, ""xlai"": 0.0444523729383945, ""totir"": 0.0, ""tofer"": NaN, ""swfac"": 0.0, ""nstres"": 0.0}",0.0,0.0,27.344579696655277,0.0,0.0444523729383945,0.0,,0.0,0.0,0.0,0.0,26.306744384765626,26.306744384765626,Leave_One_experiments/all_year_offline_schedule_search/daily_outputs/FQA/FQA_2006_FQA2006_normal_grid_S0001_daily.csv
FQA,FQA,Fengqiu,2006,Leave_One_experiments\wth_generated_qc\FQA\FQA2006.WTH,wet_year;nitrogen_stress_year;low_response_year,wet,FQA2006_normal_grid_S0001,pareto_balanced,2006-06-23,174,18,13,"{""sim_day"": 18.0, ""doy"": 174.0, ""topwt"": 32.7966570854187, ""grnwt"": 0.0, ""xlai"": 0.0607515014708042, ""totir"": 0.0, ""tofer"": NaN, ""swfac"": 0.0, ""nstres"": 0.0}",0.0,0.0,32.7966570854187,0.0,0.0607515014708042,0.0,,0.0,0.0,0.0,0.0,26.306744384765626,26.306744384765626,Leave_One_experiments/all_year_offline_schedule_search/daily_outputs/FQA/FQA_2006_FQA2006_normal_grid_S0001_daily.csv
FQA,FQA,Fengqiu,2006,Leave_One_experiments\wth_generated_qc\FQA\FQA2006.WTH,wet_year;nitrogen_stress_year;low_response_year,wet,FQA2006_normal_grid_S0001,pareto_balanced,2006-06-24,175,19,14,"{""sim_day"": 19.0, ""doy"": 175.0, ""topwt"": 39.68492031097412, ""grnwt"": 0.0, ""xlai"": 0.0798428580164909, ""totir"": 0.0, ""tofer"": NaN, ""swfac"": 0.0, ""nstres"": 0.0}",0.0,0.0,39.68492031097412,0.0,0.0798428580164909,0.0,,0.0,0.0,0.0,0.0,26.306744384765626,26.306744384765626,Leave_One_experiments/all_year_offline_schedule_search/daily_outputs/FQA/FQA_2006_FQA2006_normal_grid_S0001_daily.csv
FQA,FQA,Fengqiu,2006,Leave_One_experiments\wth_generated_qc\FQA\FQA2006.WTH,wet_year;nitrogen_stress_year;low_response_year,wet,FQA2006_normal_grid_S0001,pareto_balanced,2006-06-25,176,20,15,"{""sim_day"": 20.0, ""doy"": 176.0, ""topwt"": 47.56396770477295, ""grnwt"": 0.0, ""xlai"": 0.1003010496497154, ""totir"": 0.0, ""tofer"": NaN, ""swfac"": 0.0, ""nstres"": 0.0}",0.0,0.0,47.56396770477295,0.0,0.1003010496497154,0.0,,0.0,0.0,0.0,0.0,26.306744384765626,26.306744384765626,Leave_One_experiments/all_year_offline_schedule_search/daily_outputs/FQA/FQA_2006_FQA2006_normal_grid_S0001_daily.csv
FQA,FQA,Fengqiu,2006,Leave_One_experiments\wth_generated_qc\FQA\FQA2006.WTH,wet_year;nitrogen_stress_year;low_response_year,wet,FQA2006_normal_grid_S0001,pareto_balanced,2006-06-26,177,21,16,"{""sim_day"": 21.0, ""doy"": 177.0, ""topwt"": 56.05433464050293, ""grnwt"": 0.0, ""xlai"": 0.1211717724800109, ""totir"": 0.0, ""tofer"": NaN, ""swfac"": 0.0, ""nstres"": 0.0}",0.0,0.0,56.05433464050293,0.0,0.1211717724800109,0.0,,0.0,0.0,0.0,0.0,26.306744384765626,26.306744384765626,Leave_One_experiments/all_year_offline_schedule_search/daily_outputs/FQA/FQA_2006_FQA2006_normal_grid_S0001_daily.csv
FQA,FQA,Fengqiu,2006,Leave_One_experiments\wth_generated_qc\FQA\FQA2006.WTH,wet_year;nitrogen_stress_year;low_response_year,wet,FQA2006_normal_grid_S0001,pareto_balanced,2006-06-27,178,22,17,"{""sim_day"": 22.0, ""doy"": 178.0, ""topwt"": 65.79002857208252, ""grnwt"": 0.0, ""xlai"": 0.1439826488494873, ""totir"": 0.0, ""tofer"": NaN, ""swfac"": 0.0, ""nstres"": 0.0}",0.0,0.0,65.79002857208252,0.0,0.1439826488494873,0.0,,0.0,0.0,0.0,0.0,26.306744384765626,26.306744384765626,Leave_One_experiments/all_year_offline_schedule_search/daily_outputs/FQA/FQA_2006_FQA2006_normal_grid_S0001_daily.csv
FQA,FQA,Fengqiu,2006,Leave_One_experiments\wth_generated_qc\FQA\FQA2006.WTH,wet_year;nitrogen_stress_year;low_response_year,wet,FQA2006_normal_grid_S0001,pareto_balanced,2006-06-28,179,23,18,"{""sim_day"": 23.0, ""doy"": 179.0, ""topwt"": 76.66819095611572, ""grnwt"": 0.0, ""xlai"": 0.1683739274740219, ""totir"": 0.0, ""tofer"": NaN, ""swfac"": 0.0, ""nstres"": 0.0}",0.0,0.0,76.66819095611572,0.0,0.1683739274740219,0.0,,0.0,0.0,0.0,0.0,26.306744384765626,26.306744384765626,Leave_One_experiments/all_year_offline_schedule_search/daily_outputs/FQA/FQA_2006_FQA2006_normal_grid_S0001_daily.csv
FQA,FQA,Fengqiu,2006,Leave_One_experiments\wth_generated_qc\FQA\FQA2006.WTH,wet_year;nitrogen_stress_year;low_response_year,wet,FQA2006_normal_grid_S0001,pareto_balanced,2006-06-29,180,24,19,"{""sim_day"": 24.0, ""doy"": 180.0, ""topwt"": 88.72458457946777, ""grnwt"": 0.0, ""xlai"": 0.1943371891975402, ""totir"": 0.0, ""tofer"": NaN, ""swfac"": 0.0, ""nstres"": 0.0}",0.0,0.0,88.72458457946777,0.0,0.1943371891975402,0.0,,0.0,0.0,0.0,0.0,26.306744384765626,26.306744384765626,Leave_One_experiments/all_year_offline_schedule_search/daily_outputs/FQA/FQA_2006_FQA2006_normal_grid_S0001_daily.csv
FQA,FQA,Fengqiu,2006,Leave_One_experiments\wth_generated_qc\FQA\FQA2006.WTH,wet_year;nitrogen_stress_year;low_response_year,wet,FQA2006_normal_grid_S0001,pareto_balanced,2006-06-30,181,25,20,"{""sim_day"": 25.0, ""doy"": 181.0, ""topwt"": 102.3048210144043, ""grnwt"": 0.0, ""xlai"": 0.2213980108499527, ""totir"": 0.0, ""tofer"": NaN, ""swfac"": 0.0, ""nstres"": 0.0}",0.0,0.0,102.3048210144043,0.0,0.2213980108499527,0.0,,0.0,0.0,0.0,0.0,26.306744384765626,26.306744384765626,Leave_One_experiments/all_year_offline_schedule_search/daily_outputs/FQA/FQA_2006_FQA2006_normal_grid_S0001_daily.csv
FQA,FQA,Fengqiu,2006,Leave_One_experiments\wth_generated_qc\FQA\FQA2006.WTH,wet_year;nitrogen_stress_year;low_response_year,wet,FQA2006_normal_grid_S0001,pareto_balanced,2006-07-01,182,26,21,"{""sim_day"": 26.0, ""doy"": 182.0, ""topwt"": 118.34134101867676, ""grnwt"": 0.0, ""xlai"": 0.2543902099132538, ""totir"": 0.0, ""tofer"": NaN, ""swfac"": 0.0, ""nstres"": 0.0}",0.0,0.0,118.34134101867676,0.0,0.2543902099132538,0.0,,0.0,0.0,0.0,0.0,26.306744384765626,26.306744384765626,Leave_One_experiments/all_year_offline_schedule_search/daily_outputs/FQA/FQA_2006_FQA2006_normal_grid_S0001_daily.csv
FQA,FQA,Fengqiu,2006,Leave_One_experiments\wth_generated_qc\FQA\FQA2006.WTH,wet_year;nitrogen_stress_year;low_response_year,wet,FQA2006_normal_grid_S0001,pareto_balanced,2006-07-02,183,27,22,"{""sim_day"": 27.0, ""doy"": 183.0, ""topwt"": 132.74210929870603, ""grnwt"": 0.0, ""xlai"": 0.2829587161540985, ""totir"": 0.0, ""tofer"": NaN, ""swfac"": 0.0, ""nstres"": 0.0}",0.0,0.0,132.74210929870603,0.0,0.2829587161540985,0.0,,0.0,0.0,0.0,0.0,26.306744384765626,26.306744384765626,Leave_One_experiments/all_year_offline_schedule_search/daily_outputs/FQA/FQA_2006_FQA2006_normal_grid_S0001_daily.csv
FQA,FQA,Fengqiu,2006,Leave_One_experiments\wth_generated_qc\FQA\FQA2006.WTH,wet_year;nitrogen_stress_year;low_response_year,wet,FQA2006_normal_grid_S0001,pareto_balanced,2006-07-03,184,28,23,"{""sim_day"": 28.0, ""doy"": 184.0, ""topwt"": 150.42316436767578, ""grnwt"": 0.0, ""xlai"": 0.3167936503887176, ""totir"": 0.0, ""tofer"": NaN, ""swfac"": 0.0, ""nstres"": 0.0}",0.0,0.0,150.42316436767578,0.0,0.3167936503887176,0.0,,0.0,0.0,0.0,0.0,26.306744384765626,26.306744384765626,Leave_One_experiments/all_year_offline_schedule_search/daily_outputs/FQA/FQA_2006_FQA2006_normal_grid_S0001_daily.csv
FQA,FQA,Fengqiu,2006,Leave_One_experiments\wth_generated_qc\FQA\FQA2006.WTH,wet_year;nitrogen_stress_year;low_response_year,wet,FQA2006_normal_grid_S0001,pareto_balanced,2006-07-04,185,29,24,"{""sim_day"": 29.0, ""doy"": 185.0, ""topwt"": 168.30724716186523, ""grnwt"": 0.0, ""xlai"": 0.3497558236122131, ""totir"": 0.0, ""tofer"": NaN, ""swfac"": 0.0, ""nstres"": 0.0}",0.0,0.0,168.30724716186523,0.0,0.3497558236122131,0.0,,0.0,0.0,0.0,0.0,26.306744384765626,26.306744384765626,Leave_One_experiments/all_year_offline_schedule_search/daily_outputs/FQA/FQA_2006_FQA2006_normal_grid_S0001_daily.csv
FQA,FQA,Fengqiu,2006,Leave_One_experiments\wth_generated_qc\FQA\FQA2006.WTH,wet_year;nitrogen_stress_year;low_response_year,wet,FQA2006_normal_grid_S0001,pareto_balanced,2006-07-05,186,30,25,"{""sim_day"": 30.0, ""doy"": 186.0, ""topwt"": 168.65222930908203, ""grnwt"": 0.0, ""xlai"": 0.3503707647323608, ""totir"": 0.0, ""tofer"": NaN, ""swfac"": 0.0, ""nstres"": 0.0}",0.0,0.0,168.65222930908203,0.0,0.3503707647323608,0.0,,0.0,0.0,0.0,0.0,26.306744384765626,26.306744384765626,Leave_One_experiments/all_year_offline_schedule_search/daily_outputs/FQA/FQA_2006_FQA2006_normal_grid_S0001_daily.csv
FQA,FQA,Fengqiu,2006,Leave_One_experiments\wth_generated_qc\FQA\FQA2006.WTH,wet_year;nitrogen_stress_year;low_response_year,wet,FQA2006_normal_grid_S0001,pareto_balanced,2006-07-06,187,31,26,"{""sim_day"": 31.0, ""doy"": 187.0, ""topwt"": 194.09616470336917, ""grnwt"": 0.0, ""xlai"": 0.3946649432182312, ""totir"": 0.0, ""tofer"": NaN, ""swfac"": 0.0, ""nstres"": 0.0}",0.0,0.0,194.09616470336917,0.0,0.3946649432182312,0.0,,0.0,0.0,0.0,0.0,26.306744384765626,26.306744384765626,Leave_One_experiments/all_year_offline_schedule_search/daily_outputs/FQA/FQA_2006_FQA2006_normal_grid_S0001_daily.csv
FQA,FQA,Fengqiu,2006,Leave_One_experiments\wth_generated_qc\FQA\FQA2006.WTH,wet_year;nitrogen_stress_year;low_response_year,wet,FQA2006_normal_grid_S0001,pareto_balanced,2006-07-07,188,32,27,"{""sim_day"": 32.0, ""doy"": 188.0, ""topwt"": 224.89208221435547, ""grnwt"": 0.0, ""xlai"": 0.4457311332225799, ""totir"": 0.0, ""tofer"": NaN, ""swfac"": 0.0, ""nstres"": 0.0}",0.0,0.0,224.89208221435547,0.0,0.4457311332225799,0.0,,0.0,0.0,0.0,0.0,26.306744384765626,26.306744384765626,Leave_One_experiments/all_year_offline_schedule_search/daily_outputs/FQA/FQA_2006_FQA2006_normal_grid_S0001_daily.csv
FQA,FQA,Fengqiu,2006,Leave_One_experiments\wth_generated_qc\FQA\FQA2006.WTH,wet_year;nitrogen_stress_year;low_response_year,wet,FQA2006_normal_grid_S0001,pareto_balanced,2006-07-08,189,33,28,"{""sim_day"": 33.0, ""doy"": 189.0, ""topwt"": 258.9736557006836, ""grnwt"": 0.0, ""xlai"": 0.4995144307613373, ""totir"": 0.0, ""tofer"": NaN, ""swfac"": 0.0, ""nstres"": 0.0}",0.0,0.0,258.9736557006836,0.0,0.4995144307613373,0.0,,0.0,0.0,0.0,0.0,26.306744384765626,26.306744384765626,Leave_One_experiments/all_year_offline_schedule_search/daily_outputs/FQA/FQA_2006_FQA2006_normal_grid_S0001_daily.csv
FQA,FQA,Fengqiu,2006,Leave_One_experiments\wth_generated_qc\FQA\FQA2006.WTH,wet_year;nitrogen_stress_year;low_response_year,wet,FQA2006_normal_grid_S0001,pareto_balanced,2006-07-09,190,34,29,"{""sim_day"": 34.0, ""doy"": 190.0, ""topwt"": 299.6975326538086, ""grnwt"": 0.0, ""xlai"": 0.5605376958847046, ""totir"": 0.0, ""tofer"": NaN, ""swfac"": 0.0, ""nstres"": 0.0}",0.0,0.0,299.6975326538086,0.0,0.5605376958847046,0.0,,0.0,0.0,0.0,0.0,26.306744384765626,26.306744384765626,Leave_One_experiments/all_year_offline_schedule_search/daily_outputs/FQA/FQA_2006_FQA2006_normal_grid_S0001_daily.csv
FQA,FQA,Fengqiu,2006,Leave_One_experiments\wth_generated_qc\FQA\FQA2006.WTH,wet_year;nitrogen_stress_year;low_response_year,wet,FQA2006_normal_grid_S0001,pareto_balanced,2006-07-10,191,35,30,"{""sim_day"": 35.0, ""doy"": 191.0, ""topwt"": 349.534912109375, ""grnwt"": 0.0, ""xlai"": 0.6311213970184326, ""totir"": 0.0, ""tofer"": NaN, ""swfac"": 0.0, ""nstres"": 0.0}",0.0,0.0,349.534912109375,0.0,0.6311213970184326,0.0,,0.0,0.0,0.0,0.0,26.306744384765626,26.306744384765626,Leave_One_experiments/all_year_offline_schedule_search/daily_outputs/FQA/FQA_2006_FQA2006_normal_grid_S0001_daily.csv
FQA,FQA,Fengqiu,2006,Leave_One_experiments\wth_generated_qc\FQA\FQA2006.WTH,wet_year;nitrogen_stress_year;low_response_year,wet,FQA2006_normal_grid_S0001,pareto_balanced,2006-07-11,192,36,31,"{""sim_day"": 36.0, ""doy"": 192.0, ""topwt"": 408.1435012817383, ""grnwt"": 0.0, ""xlai"": 0.7093122601509094, ""totir"": 0.0, ""tofer"": NaN, ""swfac"": 0.0, ""nstres"": 0.0}",0.0,0.0,408.1435012817383,0.0,0.7093122601509094,0.0,,0.0,0.0,0.0,0.0,26.306744384765626,26.306744384765626,Leave_One_experiments/all_year_offline_schedule_search/daily_outputs/FQA/FQA_2006_FQA2006_normal_grid_S0001_daily.csv
FQA,FQA,Fengqiu,2006,Leave_One_experiments\wth_generated_qc\FQA\FQA2006.WTH,wet_year;nitrogen_stress_year;low_response_year,wet,FQA2006_normal_grid_S0001,pareto_balanced,2006-07-12,193,37,32,"{""sim_day"": 37.0, ""doy"": 193.0, ""topwt"": 476.5365219116211, ""grnwt"": 0.0, ""xlai"": 0.7950642704963684, ""totir"": 0.0, ""tofer"": NaN, ""swfac"": 0.0, ""nstres"": 0.0}",0.0,0.0,476.5365219116211,0.0,0.7950642704963684,0.0,,0.0,0.0,0.0,0.0,26.306744384765626,26.306744384765626,Leave_One_experiments/all_year_offline_schedule_search/daily_outputs/FQA/FQA_2006_FQA2006_normal_grid_S0001_daily.csv
FQA,FQA,Fengqiu,2006,Leave_One_experiments\wth_generated_qc\FQA\FQA2006.WTH,wet_year;nitrogen_stress_year;low_response_year,wet,FQA2006_normal_grid_S0001,pareto_balanced,2006-07-13,194,38,33,"{""sim_day"": 38.0, ""doy"": 194.0, ""topwt"": 550.1853179931641, ""grnwt"": 0.0, ""xlai"": 0.8794358968734741, ""totir"": 0.0, ""tofer"": NaN, ""swfac"": 0.0, ""nstres"": 0.0216438770294189}",0.0,0.0216438770294189,550.1853179931641,0.0,0.8794358968734741,0.0,,0.0,0.0,0.0,0.0,26.306744384765626,26.306744384765626,Leave_One_experiments/all_year_offline_schedule_search/daily_outputs/FQA/FQA_2006_FQA2006_normal_grid_S0001_daily.csv
FQA,FQA,Fengqiu,2006,Leave_One_experiments\wth_generated_qc\FQA\FQA2006.WTH,wet_year;nitrogen_stress_year;low_response_year,wet,FQA2006_normal_grid_S0001,pareto_balanced,2006-07-14,195,39,34,"{""sim_day"": 39.0, ""doy"": 195.0, ""topwt"": 615.2703094482422, ""grnwt"": 0.0, ""xlai"": 0.943574607372284, ""totir"": 0.0, ""tofer"": NaN, ""swfac"": 0.0, ""nstres"": 0.0701476335525512}",0.0,0.0701476335525512,615.2703094482422,0.0,0.943574607372284,0.0,,0.0,0.0,0.0,0.0,26.306744384765626,26.306744384765626,Leave_One_experiments/all_year_offline_schedule_search/daily_outputs/FQA/FQA_2006_FQA2006_normal_grid_S0001_daily.csv
FQA,FQA,Fengqiu,2006,Leave_One_experiments\wth_generated_qc\FQA\FQA2006.WTH,wet_year;nitrogen_stress_year;low_response_year,wet,FQA2006_normal_grid_S0001,pareto_balanced,2006-07-15,196,40,35,"{""sim_day"": 40.0, ""doy"": 196.0, ""topwt"": 676.3461303710938, ""grnwt"": 0.0, ""xlai"": 0.9951349496841432, ""totir"": 0.0, ""tofer"": NaN, ""swfac"": 0.0, ""nstres"": 0.1039599180221557}",0.0,0.1039599180221557,676.3461303710938,0.0,0.9951349496841432,0.0,,0.0,0.0,0.0,0.0,26.306744384765626,26.306744384765626,Leave_One_experiments/all_year_offline_schedule_search/daily_outputs/FQA/FQA_2006_FQA2006_normal_grid_S0001_daily.csv
FQA,FQA,Fengqiu,2006,Leave_One_experiments\wth_generated_qc\FQA\FQA2006.WTH,wet_year;nitrogen_stress_year;low_response_year,wet,FQA2006_normal_grid_S0001,pareto_balanced,2006-07-16,197,41,36,"{""sim_day"": 41.0, ""doy"": 197.0, ""topwt"": 730.3960418701172, ""grnwt"": 0.0, ""xlai"": 1.0330947637557983, ""totir"": 0.0, ""tofer"": NaN, ""swfac"": 0.0, ""nstres"": 0.1278979778289795}",0.0,0.1278979778289795,730.3960418701172,0.0,1.0330947637557983,0.0,,0.0,0.0,0.0,0.0,26.306744384765626,26.306744384765626,Leave_One_experiments/all_year_offline_schedule_search/daily_outputs/FQA/FQA_2006_FQA2006_normal_grid_S0001_daily.csv
FQA,FQA,Fengqiu,2006,Leave_One_experiments\wth_generated_qc\FQA\FQA2006.WTH,wet_year;nitrogen_stress_year;low_response_year,wet,FQA2006_normal_grid_S0001,pareto_balanced,2006-07-17,198,42,37,"{""sim_day"": 42.0, ""doy"": 198.0, ""topwt"": 794.1244506835938, ""grnwt"": 0.0, ""xlai"": 1.0748471021652222, ""totir"": 0.0, ""tofer"": NaN, ""swfac"": 0.0, ""nstres"": 0.1446394920349121}",0.0,0.1446394920349121,794.1244506835938,0.0,1.0748471021652222,0.0,,0.0,0.0,0.0,0.0,26.306744384765626,26.306744384765626,Leave_One_experiments/all_year_offline_schedule_search/daily_outputs/FQA/FQA_2006_FQA2006_normal_grid_S0001_daily.csv
FQA,FQA,Fengqiu,2006,Leave_One_experiments\wth_generated_qc\FQA\FQA2006.WTH,wet_year;nitrogen_stress_year;low_response_year,wet,FQA2006_normal_grid_S0001,pareto_balanced,2006-07-18,199,43,38,"{""sim_day"": 43.0, ""doy"": 199.0, ""topwt"": 852.548828125, ""grnwt"": 0.0, ""xlai"": 1.1066776514053345, ""totir"": 0.0, ""tofer"": NaN, ""swfac"": 0.0, ""nstres"": 0.1571173667907714}",0.0,0.1571173667907714,852.548828125,0.0,1.1066776514053345,0.0,,0.0,0.0,0.0,0.0,26.306744384765626,26.306744384765626,Leave_One_experiments/all_year_offline_schedule_search/daily_outputs/FQA/FQA_2006_FQA2006_normal_grid_S0001_daily.csv
FQA,FQA,Fengqiu,2006,Leave_One_experiments\wth_generated_qc\FQA\FQA2006.WTH,wet_year;nitrogen_stress_year;low_response_year,wet,FQA2006_normal_grid_S0001,pareto_balanced,2006-07-19,200,44,39,"{""sim_day"": 44.0, ""doy"": 200.0, ""topwt"": 916.6326904296876, ""grnwt"": 0.0, ""xlai"": 1.1387594938278198, ""totir"": 0.0, ""tofer"": NaN, ""swfac"": 0.0, ""nstres"": 0.1689215898513794}",0.0,0.1689215898513794,916.6326904296876,0.0,1.1387594938278198,0.0,,0.0,0.0,0.0,0.0,26.306744384765626,26.306744384765626,Leave_One_experiments/all_year_offline_schedule_search/daily_outputs/FQA/FQA_2006_FQA2006_normal_grid_S0001_daily.csv
FQA,FQA,Fengqiu,2006,Leave_One_experiments\wth_generated_qc\FQA\FQA2006.WTH,wet_year;nitrogen_stress_year;low_response_year,wet,FQA2006_normal_grid_S0001,pareto_balanced,2006-07-20,201,45,40,"{""sim_day"": 45.0, ""doy"": 201.0, ""topwt"": 989.0510559082032, ""grnwt"": 0.0, ""xlai"": 1.136936068534851, ""totir"": 0.0, ""tofer"": NaN, ""swfac"": 0.0, ""nstres"": 0.1805565953254699}",0.0,0.1805565953254699,989.0510559082032,0.0,1.136936068534851,0.0,,0.0,0.0,0.0,0.0,26.306744384765626,26.306744384765626,Leave_One_experiments/all_year_offline_schedule_search/daily_outputs/FQA/FQA_2006_FQA2006_normal_grid_S0001_daily.csv
FQA,FQA,Fengqiu,2006,Leave_One_experiments\wth_generated_qc\FQA\FQA2006.WTH,wet_year;nitrogen_stress_year;low_response_year,wet,FQA2006_normal_grid_S0001,pareto_balanced,2006-07-21,202,46,41,"{""sim_day"": 46.0, ""doy"": 202.0, ""topwt"": 1041.2247467041016, ""grnwt"": 0.0, ""xlai"": 1.125987887382507, ""totir"": 0.0, ""tofer"": NaN, ""swfac"": 0.0, ""nstres"": 0.1922850012779235}",0.0,0.1922850012779235,1041.2247467041016,0.0,1.125987887382507,0.0,,0.0,0.0,0.0,0.0,26.306744384765626,26.306744384765626,Leave_One_experiments/all_year_offline_schedule_search/daily_outputs/FQA/FQA_2006_FQA2006_normal_grid_S0001_daily.csv
FQA,FQA,Fengqiu,2006,Leave_One_experiments\wth_generated_qc\FQA\FQA2006.WTH,wet_year;nitrogen_stress_year;low_response_year,wet,FQA2006_normal_grid_S0001,pareto_balanced,2006-07-22,203,47,42,"{""sim_day"": 47.0, ""doy"": 203.0, ""topwt"": 1140.9115600585938, ""grnwt"": 0.0, ""xlai"": 1.127481460571289, ""totir"": 0.0, ""tofer"": NaN, ""swfac"": 0.0, ""nstres"": 0.21390962600708}",0.0,0.21390962600708,1140.9115600585938,0.0,1.127481460571289,0.0,,0.0,0.0,0.0,0.0,26.306744384765626,26.306744384765626,Leave_One_experiments/all_year_offline_schedule_search/daily_outputs/FQA/FQA_2006_FQA2006_normal_grid_S0001_daily.csv
FQA,FQA,Fengqiu,2006,Leave_One_experiments\wth_generated_qc\FQA\FQA2006.WTH,wet_year;nitrogen_stress_year;low_response_year,wet,FQA2006_normal_grid_S0001,pareto_balanced,2006-07-23,204,48,43,"{""sim_day"": 48.0, ""doy"": 204.0, ""topwt"": 1245.8077239990234, ""grnwt"": 0.0, ""xlai"": 1.1288588047027588, ""totir"": 0.0, ""tofer"": NaN, ""swfac"": 0.0, ""nstres"": 0.2250046133995056}",0.0,0.2250046133995056,1245.8077239990234,0.0,1.1288588047027588,0.0,,0.0,0.0,0.0,0.0,26.306744384765626,26.306744384765626,Leave_One_experiments/all_year_offline_schedule_search/daily_outputs/FQA/FQA_2006_FQA2006_normal_grid_S0001_daily.csv
FQA,FQA,Fengqiu,2006,Leave_One_experiments\wth_generated_qc\FQA\FQA2006.WTH,wet_year;nitrogen_stress_year;low_response_year,wet,FQA2006_normal_grid_S0001,pareto_balanced,2006-07-24,205,49,44,"{""sim_day"": 49.0, ""doy"": 205.0, ""topwt"": 1346.2956237792969, ""grnwt"": 0.0, ""xlai"": 1.125605583190918, ""totir"": 0.0, ""tofer"": NaN, ""swfac"": 0.0, ""nstres"": 0.2722299695014953}",0.0,0.2722299695014953,1346.2956237792969,0.0,1.125605583190918,0.0,,0.0,0.0,0.0,0.0,26.306744384765626,26.306744384765626,Leave_One_experiments/all_year_offline_schedule_search/daily_outputs/FQA/FQA_2006_FQA2006_normal_grid_S0001_daily.csv
FQA,FQA,Fengqiu,2006,Leave_One_experiments\wth_generated_qc\FQA\FQA2006.WTH,wet_year;nitrogen_stress_year;low_response_year,wet,FQA2006_normal_grid_S0001,pareto_balanced,2006-07-25,206,50,45,"{""sim_day"": 50.0, ""doy"": 206.0, ""topwt"": 1432.1533203125, ""grnwt"": 0.0, ""xlai"": 1.1157983541488647, ""totir"": 0.0, ""tofer"": NaN, ""swfac"": 0.0, ""nstres"": 0.3090829849243164}",0.0,0.3090829849243164,1432.1533203125,0.0,1.1157983541488647,0.0,,0.0,0.0,0.0,0.0,26.306744384765626,26.306744384765626,Leave_One_experiments/all_year_offline_schedule_search/daily_outputs/FQA/FQA_2006_FQA2006_normal_grid_S0001_daily.csv
FQA,FQA,Fengqiu,2006,Leave_One_experiments\wth_generated_qc\FQA\FQA2006.WTH,wet_year;nitrogen_stress_year;low_response_year,wet,FQA2006_normal_grid_S0001,pareto_balanced,2006-07-26,207,51,46,"{""sim_day"": 51.0, ""doy"": 207.0, ""topwt"": 1507.4679565429688, ""grnwt"": 0.0, ""xlai"": 1.101495385169983, ""totir"": 0.0, ""tofer"": NaN, ""swfac"": 0.0, ""nstres"": 0.3365252017974853}",0.0,0.3365252017974853,1507.4679565429688,0.0,1.101495385169983,0.0,,0.0,0.0,0.0,0.0,26.306744384765626,26.306744384765626,Leave_One_experiments/all_year_offline_schedule_search/daily_outputs/FQA/FQA_2006_FQA2006_normal_grid_S0001_daily.csv
FQA,FQA,Fengqiu,2006,Leave_One_experiments\wth_generated_qc\FQA\FQA2006.WTH,wet_year;nitrogen_stress_year;low_response_year,wet,FQA2006_normal_grid_S0001,pareto_balanced,2006-07-27,208,52,47,"{""sim_day"": 52.0, ""doy"": 208.0, ""topwt"": 1595.1852416992188, ""grnwt"": 0.0, ""xlai"": 1.089641809463501, ""totir"": 0.0, ""tofer"": NaN, ""swfac"": 0.0, ""nstres"": 0.3498128652572632}",0.0,0.3498128652572632,1595.1852416992188,0.0,1.089641809463501,0.0,,0.0,0.0,0.0,0.0,26.306744384765626,26.306744384765626,Leave_One_experiments/all_year_offline_schedule_search/daily_outputs/FQA/FQA_2006_FQA2006_normal_grid_S0001_daily.csv
FQA,FQA,Fengqiu,2006,Leave_One_experiments\wth_generated_qc\FQA\FQA2006.WTH,wet_year;nitrogen_stress_year;low_response_year,wet,FQA2006_normal_grid_S0001,pareto_balanced,2006-07-28,209,53,48,"{""sim_day"": 53.0, ""doy"": 209.0, ""topwt"": 1660.6480407714844, ""grnwt"": 0.0, ""xlai"": 1.0716122388839722, ""totir"": 0.0, ""tofer"": NaN, ""swfac"": 0.0, ""nstres"": 0.3562166690826416}",0.0,0.3562166690826416,1660.6480407714844,0.0,1.0716122388839722,0.0,,0.0,0.0,0.0,0.0,26.306744384765626,26.306744384765626,Leave_One_experiments/all_year_offline_schedule_search/daily_outputs/FQA/FQA_2006_FQA2006_normal_grid_S0001_daily.csv
FQA,FQA,Fengqiu,2006,Leave_One_experiments\wth_generated_qc\FQA\FQA2006.WTH,wet_year;nitrogen_stress_year;low_response_year,wet,FQA2006_normal_grid_S0001,pareto_balanced,2006-07-29,210,54,49,"{""sim_day"": 54.0, ""doy"": 210.0, ""topwt"": 1754.9957275390625, ""grnwt"": 0.0, ""xlai"": 1.0611600875854492, ""totir"": 0.0, ""tofer"": NaN, ""swfac"": 0.0, ""nstres"": 0.3620012402534485}",0.0,0.3620012402534485,1754.9957275390625,0.0,1.0611600875854492,0.0,,0.0,0.0,0.0,0.0,26.306744384765626,26.306744384765626,Leave_One_experiments/all_year_offline_schedule_search/daily_outputs/FQA/FQA_2006_FQA2006_normal_grid_S0001_daily.csv
FQA,FQA,Fengqiu,2006,Leave_One_experiments\wth_generated_qc\FQA\FQA2006.WTH,wet_year;nitrogen_stress_year;low_response_year,wet,FQA2006_normal_grid_S0001,pareto_balanced,2006-07-30,211,55,50,"{""sim_day"": 55.0, ""doy"": 211.0, ""topwt"": 1830.8033752441409, ""grnwt"": 0.0, ""xlai"": 1.046184539794922, ""totir"": 0.0, ""tofer"": NaN, ""swfac"": 0.0, ""nstres"": 0.3656350970268249}",0.0,0.3656350970268249,1830.8033752441409,0.0,1.046184539794922,0.0,,0.0,0.0,0.0,0.0,26.306744384765626,26.306744384765626,Leave_One_experiments/all_year_offline_schedule_search/daily_outputs/FQA/FQA_2006_FQA2006_normal_grid_S0001_daily.csv
FQA,FQA,Fengqiu,2006,Leave_One_experiments\wth_generated_qc\FQA\FQA2006.WTH,wet_year;nitrogen_stress_year;low_response_year,wet,FQA2006_normal_grid_S0001,pareto_balanced,2006-07-31,212,56,51,"{""sim_day"": 56.0, ""doy"": 212.0, ""topwt"": 1917.0240783691409, ""grnwt"": 0.0, ""xlai"": 1.033885478973389, ""totir"": 0.0, ""tofer"": NaN, ""swfac"": 0.0, ""nstres"": 0.3748118877410888}",0.0,0.3748118877410888,1917.0240783691409,0.0,1.033885478973389,0.0,,0.0,0.0,0.0,0.0,26.306744384765626,26.306744384765626,Leave_One_experiments/all_year_offline_schedule_search/daily_outputs/FQA/FQA_2006_FQA2006_normal_grid_S0001_daily.csv
FQA,FQA,Fengqiu,2006,Leave_One_experiments\wth_generated_qc\FQA\FQA2006.WTH,wet_year;nitrogen_stress_year;low_response_year,wet,FQA2006_normal_grid_S0001,pareto_balanced,2006-08-01,213,57,52,"{""sim_day"": 57.0, ""doy"": 213.0, ""topwt"": 1994.3380737304688, ""grnwt"": 0.0, ""xlai"": 1.019423246383667, ""totir"": 0.0, ""tofer"": NaN, ""swfac"": 0.0, ""nstres"": 0.3817086815834045}",0.0,0.3817086815834045,1994.3380737304688,0.0,1.019423246383667,0.0,,0.0,0.0,0.0,0.0,26.306744384765626,26.306744384765626,Leave_One_experiments/all_year_offline_schedule_search/daily_outputs/FQA/FQA_2006_FQA2006_normal_grid_S0001_daily.csv
FQA,FQA,Fengqiu,2006,Leave_One_experiments\wth_generated_qc\FQA\FQA2006.WTH,wet_year;nitrogen_stress_year;low_response_year,wet,FQA2006_normal_grid_S0001,pareto_balanced,2006-08-02,214,58,53,"{""sim_day"": 58.0, ""doy"": 214.0, ""topwt"": 2034.50439453125, ""grnwt"": 0.0, ""xlai"": 0.9958435297012328, ""totir"": 0.0, ""tofer"": NaN, ""swfac"": 0.0, ""nstres"": 0.3871198892593384}",0.0,0.3871198892593384,2034.50439453125,0.0,0.9958435297012328,0.0,,0.0,0.0,0.0,0.0,26.306744384765626,26.306744384765626,Leave_One_experiments/all_year_offline_schedule_search/daily_outputs/FQA/FQA_2006_FQA2006_normal_grid_S0001_daily.csv
FQA,FQA,Fengqiu,2006,Leave_One_experiments\wth_generated_qc\FQA\FQA2006.WTH,wet_year;nitrogen_stress_year;low_response_year,wet,FQA2006_normal_grid_S0001,pareto_balanced,2006-08-03,215,59,54,"{""sim_day"": 59.0, ""doy"": 215.0, ""topwt"": 2110.542755126953, ""grnwt"": 0.0, ""xlai"": 0.9821176528930664, ""totir"": 0.0, ""tofer"": NaN, ""swfac"": 0.0, ""nstres"": 0.3854957818984985}",0.0,0.3854957818984985,2110.542755126953,0.0,0.9821176528930664,0.0,,0.0,0.0,0.0,0.0,26.306744384765626,26.306744384765626,Leave_One_experiments/all_year_offline_schedule_search/daily_outputs/FQA/FQA_2006_FQA2006_normal_grid_S0001_daily.csv
FQA,FQA,Fengqiu,2006,Leave_One_experiments\wth_generated_qc\FQA\FQA2006.WTH,wet_year;nitrogen_stress_year;low_response_year,wet,FQA2006_normal_grid_S0001,pareto_balanced,2006-08-04,216,60,55,"{""sim_day"": 60.0, ""doy"": 216.0, ""topwt"": 2191.625061035156, ""grnwt"": 0.0, ""xlai"": 0.9704851508140564, ""totir"": 0.0, ""tofer"": NaN, ""swfac"": 0.0, ""nstres"": 0.3761210441589355}",0.0,0.3761210441589355,2191.625061035156,0.0,0.9704851508140564,0.0,,0.0,0.0,0.0,0.0,26.306744384765626,26.306744384765626,Leave_One_experiments/all_year_offline_schedule_search/daily_outputs/FQA/FQA_2006_FQA2006_normal_grid_S0001_daily.csv
FQA,FQA,Fengqiu,2006,Leave_One_experiments\wth_generated_qc\FQA\FQA2006.WTH,wet_year;nitrogen_stress_year;low_response_year,wet,FQA2006_normal_grid_S0001,pareto_balanced,2006-08-05,217,61,56,"{""sim_day"": 61.0, ""doy"": 217.0, ""topwt"": 2276.587829589844, ""grnwt"": 0.0, ""xlai"": 0.9604333639144896, ""totir"": 0.0, ""tofer"": NaN, ""swfac"": 0.0, ""nstres"": 0.3701657056808471}",0.0,0.3701657056808471,2276.587829589844,0.0,0.9604333639144896,0.0,,0.0,0.0,0.0,0.0,26.306744384765626,26.306744384765626,Leave_One_experiments/all_year_offline_schedule_search/daily_outputs/FQA/FQA_2006_FQA2006_normal_grid_S0001_daily.csv
FQA,FQA,Fengqiu,2006,Leave_One_experiments\wth_generated_qc\FQA\FQA2006.WTH,wet_year;nitrogen_stress_year;low_response_year,wet,FQA2006_normal_grid_S0001,pareto_balanced,2006-08-06,218,62,57,"{""sim_day"": 62.0, ""doy"": 218.0, ""topwt"": 2363.726501464844, ""grnwt"": 0.0, ""xlai"": 0.9296589493751526, ""totir"": 0.0, ""tofer"": NaN, ""swfac"": 0.0, ""nstres"": 0.3690148591995239}",0.0,0.3690148591995239,2363.726501464844,0.0,0.9296589493751526,0.0,,0.0,0.0,0.0,0.0,26.306744384765626,26.306744384765626,Leave_One_experiments/all_year_offline_schedule_search/daily_outputs/FQA/FQA_2006_FQA2006_normal_grid_S0001_daily.csv
FQA,FQA,Fengqiu,2006,Leave_One_experiments\wth_generated_qc\FQA\FQA2006.WTH,wet_year;nitrogen_stress_year;low_response_year,wet,FQA2006_normal_grid_S0001,pareto_balanced,2006-08-07,219,63,58,"{""sim_day"": 63.0, ""doy"": 219.0, ""topwt"": 2476.3433837890625, ""grnwt"": 0.0, ""xlai"": 0.9003763198852539, ""totir"": 0.0, ""tofer"": NaN, ""swfac"": 0.0, ""nstres"": 0.3559577465057373}",0.0,0.3559577465057373,2476.3433837890625,0.0,0.9003763198852539,0.0,,0.0,0.0,0.0,0.0,26.306744384765626,26.306744384765626,Leave_One_experiments/all_year_offline_schedule_search/daily_outputs/FQA/FQA_2006_FQA2006_normal_grid_S0001_daily.csv
FQA,FQA,Fengqiu,2006,Leave_One_experiments\wth_generated_qc\FQA\FQA2006.WTH,wet_year;nitrogen_stress_year;low_response_year,wet,FQA2006_normal_grid_S0001,pareto_balanced,2006-08-08,220,64,59,"{""sim_day"": 64.0, ""doy"": 220.0, ""topwt"": 2593.002319335937, ""grnwt"": 0.0, ""xlai"": 0.8722823858261108, ""totir"": 0.0, ""tofer"": NaN, ""swfac"": 0.0, ""nstres"": 0.348857045173645}",0.0,0.348857045173645,2593.002319335937,0.0,0.8722823858261108,0.0,,0.0,0.0,0.0,0.0,26.306744384765626,26.306744384765626,Leave_One_experiments/all_year_offline_schedule_search/daily_outputs/FQA/FQA_2006_FQA2006_normal_grid_S0001_daily.csv
FQA,FQA,Fengqiu,2006,Leave_One_experiments\wth_generated_qc\FQA\FQA2006.WTH,wet_year;nitrogen_stress_year;low_response_year,wet,FQA2006_normal_grid_S0001,pareto_balanced,2006-08-09,221,65,60,"{""sim_day"": 65.0, ""doy"": 221.0, ""topwt"": 2691.15966796875, ""grnwt"": 0.0, ""xlai"": 0.8452159762382507, ""totir"": 0.0, ""tofer"": NaN, ""swfac"": 0.0, ""nstres"": 0.3447045087814331}",0.0,0.3447045087814331,2691.15966796875,0.0,0.8452159762382507,0.0,,0.0,0.0,0.0,0.0,26.306744384765626,26.306744384765626,Leave_One_experiments/all_year_offline_schedule_search/daily_outputs/FQA/FQA_2006_FQA2006_normal_grid_S0001_daily.csv
FQA,FQA,Fengqiu,2006,Leave_One_experiments\wth_generated_qc\FQA\FQA2006.WTH,wet_year;nitrogen_stress_year;low_response_year,wet,FQA2006_normal_grid_S0001,pareto_balanced,2006-08-10,222,66,61,"{""sim_day"": 66.0, ""doy"": 222.0, ""topwt"": 2774.627685546875, ""grnwt"": 0.0, ""xlai"": 0.819244921207428, ""totir"": 0.0, ""tofer"": NaN, ""swfac"": 0.0, ""nstres"": 0.33745276927948}",0.0,0.33745276927948,2774.627685546875,0.0,0.819244921207428,0.0,,0.0,0.0,0.0,0.0,26.306744384765626,26.306744384765626,Leave_One_experiments/all_year_offline_schedule_search/daily_outputs/FQA/FQA_2006_FQA2006_normal_grid_S0001_daily.csv
FQA,FQA,Fengqiu,2006,Leave_One_experiments\wth_generated_qc\FQA\FQA2006.WTH,wet_year;nitrogen_stress_year;low_response_year,wet,FQA2006_normal_grid_S0001,pareto_balanced,2006-08-11,223,67,62,"{""sim_day"": 67.0, ""doy"": 223.0, ""topwt"": 2851.478271484375, ""grnwt"": 0.0, ""xlai"": 0.794582188129425, ""totir"": 0.0, ""tofer"": NaN, ""swfac"": 0.0, ""nstres"": 0.3225000500679016}",0.0,0.3225000500679016,2851.478271484375,0.0,0.794582188129425,0.0,,0.0,0.0,0.0,0.0,26.306744384765626,26.306744384765626,Leave_One_experiments/all_year_offline_schedule_search/daily_outputs/FQA/FQA_2006_FQA2006_normal_grid_S0001_daily.csv
FQA,FQA,Fengqiu,2006,Leave_One_experiments\wth_generated_qc\FQA\FQA2006.WTH,wet_year;nitrogen_stress_year;low_response_year,wet,FQA2006_normal_grid_S0001,pareto_balanced,2006-08-12,224,68,63,"{""sim_day"": 68.0, ""doy"": 224.0, ""topwt"": 2925.772705078125, ""grnwt"": 0.0, ""xlai"": 0.7713252902030945, ""totir"": 0.0, ""tofer"": NaN, ""swfac"": 0.0, ""nstres"": 0.3024646639823913}",0.0,0.3024646639823913,2925.772705078125,0.0,0.7713252902030945,0.0,,0.0,0.0,0.0,0.0,26.306744384765626,26.306744384765626,Leave_One_experiments/all_year_offline_schedule_search/daily_outputs/FQA/FQA_2006_FQA2006_normal_grid_S0001_daily.csv
FQA,FQA,Fengqiu,2006,Leave_One_experiments\wth_generated_qc\FQA\FQA2006.WTH,wet_year;nitrogen_stress_year;low_response_year,wet,FQA2006_normal_grid_S0001,pareto_balanced,2006-08-13,225,69,64,"{""sim_day"": 69.0, ""doy"": 225.0, ""topwt"": 2959.9853515625, ""grnwt"": 0.0, ""xlai"": 0.749464750289917, ""totir"": 0.0, ""tofer"": NaN, ""swfac"": 0.0, ""nstres"": 0.2801958918571472}",0.0,0.2801958918571472,2959.9853515625,0.0,0.749464750289917,0.0,,0.0,0.0,0.0,0.0,26.306744384765626,26.306744384765626,Leave_One_experiments/all_year_offline_schedule_search/daily_outputs/FQA/FQA_2006_FQA2006_normal_grid_S0001_daily.csv
FQA,FQA,Fengqiu,2006,Leave_One_experiments\wth_generated_qc\FQA\FQA2006.WTH,wet_year;nitrogen_stress_year;low_response_year,wet,FQA2006_normal_grid_S0001,pareto_balanced,2006-08-14,226,70,65,"{""sim_day"": 70.0, ""doy"": 226.0, ""topwt"": 3037.5369262695312, ""grnwt"": 216.2987327575684, ""xlai"": 0.7289655804634094, ""totir"": 0.0, ""tofer"": NaN, ""swfac"": 0.0, ""nstres"": 0.2564392685890198}",0.0,0.2564392685890198,3037.5369262695312,216.2987327575684,0.7289655804634094,0.0,,0.0,0.0,0.0,0.0,26.306744384765626,26.306744384765626,Leave_One_experiments/all_year_offline_schedule_search/daily_outputs/FQA/FQA_2006_FQA2006_normal_grid_S0001_daily.csv
FQA,FQA,Fengqiu,2006,Leave_One_experiments\wth_generated_qc\FQA\FQA2006.WTH,wet_year;nitrogen_stress_year;low_response_year,wet,FQA2006_normal_grid_S0001,pareto_balanced,2006-08-15,227,71,66,"{""sim_day"": 71.0, ""doy"": 227.0, ""topwt"": 3151.6293334960938, ""grnwt"": 315.7853698730469, ""xlai"": 0.7072814106941223, ""totir"": 0.0, ""tofer"": NaN, ""swfac"": 0.0, ""nstres"": 0.3139146566390991}",0.0,0.3139146566390991,3151.6293334960938,315.7853698730469,0.7072814106941223,0.0,,0.0,0.0,0.0,0.0,26.306744384765626,26.306744384765626,Leave_One_experiments/all_year_offline_schedule_search/daily_outputs/FQA/FQA_2006_FQA2006_normal_grid_S0001_daily.csv
FQA,FQA,Fengqiu,2006,Leave_One_experiments\wth_generated_qc\FQA\FQA2006.WTH,wet_year;nitrogen_stress_year;low_response_year,wet,FQA2006_normal_grid_S0001,pareto_balanced,2006-08-16,228,72,67,"{""sim_day"": 72.0, ""doy"": 228.0, ""topwt"": 3275.2508544921875, ""grnwt"": 419.1481399536133, ""xlai"": 0.6878140568733215, ""totir"": 0.0, ""tofer"": NaN, ""swfac"": 0.0, ""nstres"": 0.2605831623077392}",0.0,0.2605831623077392,3275.2508544921875,419.1481399536133,0.6878140568733215,0.0,,0.0,0.0,0.0,0.0,26.306744384765626,26.306744384765626,Leave_One_experiments/all_year_offline_schedule_search/daily_outputs/FQA/FQA_2006_FQA2006_normal_grid_S0001_daily.csv
FQA,FQA,Fengqiu,2006,Leave_One_experiments\wth_generated_qc\FQA\FQA2006.WTH,wet_year;nitrogen_stress_year;low_response_year,wet,FQA2006_normal_grid_S0001,pareto_balanced,2006-08-17,229,73,68,"{""sim_day"": 73.0, ""doy"": 229.0, ""topwt"": 3395.9429931640625, ""grnwt"": 522.5109100341797, ""xlai"": 0.6685552597045898, ""totir"": 0.0, ""tofer"": NaN, ""swfac"": 0.0, ""nstres"": 0.2720013260841369}",0.0,0.2720013260841369,3395.9429931640625,522.5109100341797,0.6685552597045898,0.0,,0.0,0.0,0.0,0.0,26.306744384765626,26.306744384765626,Leave_One_experiments/all_year_offline_schedule_search/daily_outputs/FQA/FQA_2006_FQA2006_normal_grid_S0001_daily.csv
FQA,FQA,Fengqiu,2006,Leave_One_experiments\wth_generated_qc\FQA\FQA2006.WTH,wet_year;nitrogen_stress_year;low_response_year,wet,FQA2006_normal_grid_S0001,pareto_balanced,2006-08-18,230,74,69,"{""sim_day"": 74.0, ""doy"": 230.0, ""topwt"": 3516.38671875, ""grnwt"": 625.8736801147461, ""xlai"": 0.6493902206420898, ""totir"": 0.0, ""tofer"": NaN, ""swfac"": 0.0, ""nstres"": 0.2879924178123474}",0.0,0.2879924178123474,3516.38671875,625.8736801147461,0.6493902206420898,0.0,,0.0,0.0,0.0,0.0,26.306744384765626,26.306744384765626,Leave_One_experiments/all_year_offline_schedule_search/daily_outputs/FQA/FQA_2006_FQA2006_normal_grid_S0001_daily.csv
FQA,FQA,Fengqiu,2006,Leave_One_experiments\wth_generated_qc\FQA\FQA2006.WTH,wet_year;nitrogen_stress_year;low_response_year,wet,FQA2006_normal_grid_S0001,pareto_balanced,2006-08-19,231,75,70,"{""sim_day"": 75.0, ""doy"": 231.0, ""topwt"": 3623.2681274414062, ""grnwt"": 729.2364501953125, ""xlai"": 0.6303648352622986, ""totir"": 0.0, ""tofer"": NaN, ""swfac"": 0.0, ""nstres"": 0.3031364679336548}",0.0,0.3031364679336548,3623.2681274414062,729.2364501953125,0.6303648352622986,0.0,,0.0,0.0,0.0,0.0,26.306744384765626,26.306744384765626,Leave_One_experiments/all_year_offline_schedule_search/daily_outputs/FQA/FQA_2006_FQA2006_normal_grid_S0001_daily.csv
FQA,FQA,Fengqiu,2006,Leave_One_experiments\wth_generated_qc\FQA\FQA2006.WTH,wet_year;nitrogen_stress_year;low_response_year,wet,FQA2006_normal_grid_S0001,pareto_balanced,2006-08-20,232,76,71,"{""sim_day"": 76.0, ""doy"": 232.0, ""topwt"": 3642.400512695313, ""grnwt"": 832.5991821289062, ""xlai"": 0.6114588975906372, ""totir"": 0.0, ""tofer"": NaN, ""swfac"": 0.0, ""nstres"": 0.3198104500770569}",0.0,0.3198104500770569,3642.400512695313,832.5991821289062,0.6114588975906372,0.0,,0.0,0.0,0.0,0.0,26.306744384765626,26.306744384765626,Leave_One_experiments/all_year_offline_schedule_search/daily_outputs/FQA/FQA_2006_FQA2006_normal_grid_S0001_daily.csv
FQA,FQA,Fengqiu,2006,Leave_One_experiments\wth_generated_qc\FQA\FQA2006.WTH,wet_year;nitrogen_stress_year;low_response_year,wet,FQA2006_normal_grid_S0001,pareto_balanced,2006-08-21,233,77,72,"{""sim_day"": 77.0, ""doy"": 233.0, ""topwt"": 3720.306701660156, ""grnwt"": 935.9619140625, ""xlai"": 0.5928585529327393, ""totir"": 0.0, ""tofer"": NaN, ""swfac"": 0.0, ""nstres"": 0.3300701379776001}",0.0,0.3300701379776001,3720.306701660156,935.9619140625,0.5928585529327393,0.0,,0.0,0.0,0.0,0.0,26.306744384765626,26.306744384765626,Leave_One_experiments/all_year_offline_schedule_search/daily_outputs/FQA/FQA_2006_FQA2006_normal_grid_S0001_daily.csv
FQA,FQA,Fengqiu,2006,Leave_One_experiments\wth_generated_qc\FQA\FQA2006.WTH,wet_year;nitrogen_stress_year;low_response_year,wet,FQA2006_normal_grid_S0001,pareto_balanced,2006-08-22,234,78,73,"{""sim_day"": 78.0, ""doy"": 234.0, ""topwt"": 3821.9293212890634, ""grnwt"": 1039.3246459960938, ""xlai"": 0.5754902958869934, ""totir"": 0.0, ""tofer"": NaN, ""swfac"": 0.0, ""nstres"": 0.3030991554260254}",0.0,0.3030991554260254,3821.9293212890634,1039.3246459960938,0.5754902958869934,0.0,,0.0,0.0,0.0,0.0,26.306744384765626,26.306744384765626,Leave_One_experiments/all_year_offline_schedule_search/daily_outputs/FQA/FQA_2006_FQA2006_normal_grid_S0001_daily.csv
FQA,FQA,Fengqiu,2006,Leave_One_experiments\wth_generated_qc\FQA\FQA2006.WTH,wet_year;nitrogen_stress_year;low_response_year,wet,FQA2006_normal_grid_S0001,pareto_balanced,2006-08-23,235,79,74,"{""sim_day"": 79.0, ""doy"": 235.0, ""topwt"": 3877.441711425781, ""grnwt"": 1142.6873779296875, ""xlai"": 0.5586093664169312, ""totir"": 0.0, ""tofer"": NaN, ""swfac"": 0.0, ""nstres"": 0.3039975762367248}",0.0,0.3039975762367248,3877.441711425781,1142.6873779296875,0.5586093664169312,0.0,,0.0,0.0,0.0,0.0,26.306744384765626,26.306744384765626,Leave_One_experiments/all_year_offline_schedule_search/daily_outputs/FQA/FQA_2006_FQA2006_normal_grid_S0001_daily.csv
FQA,FQA,Fengqiu,2006,Leave_One_experiments\wth_generated_qc\FQA\FQA2006.WTH,wet_year;nitrogen_stress_year;low_response_year,wet,FQA2006_normal_grid_S0001,pareto_balanced,2006-08-24,236,80,75,"{""sim_day"": 80.0, ""doy"": 236.0, ""topwt"": 3915.506896972656, ""grnwt"": 1240.8819580078125, ""xlai"": 0.5419325232505798, ""totir"": 0.0, ""tofer"": NaN, ""swfac"": 0.0, ""nstres"": 0.31650310754776}",0.0,0.31650310754776,3915.506896972656,1240.8819580078125,0.5419325232505798,0.0,,0.0,0.0,0.0,0.0,26.306744384765626,26.306744384765626,Leave_One_experiments/all_year_offline_schedule_search/daily_outputs/FQA/FQA_2006_FQA2006_normal_grid_S0001_daily.csv
FQA,FQA,Fengqiu,2006,Leave_One_experiments\wth_generated_qc\FQA\FQA2006.WTH,wet_year;nitrogen_stress_year;low_response_year,wet,FQA2006_normal_grid_S0001,pareto_balanced,2006-08-25,237,81,76,"{""sim_day"": 81.0, ""doy"": 237.0, ""topwt"": 3960.03662109375, ""grnwt"": 1344.2446899414062, ""xlai"": 0.5259983539581299, ""totir"": 0.0, ""tofer"": NaN, ""swfac"": 0.0, ""nstres"": 0.3056579232215881}",0.0,0.3056579232215881,3960.03662109375,1344.2446899414062,0.5259983539581299,0.0,,0.0,0.0,0.0,0.0,26.306744384765626,26.306744384765626,Leave_One_experiments/all_year_offline_schedule_search/daily_outputs/FQA/FQA_2006_FQA2006_normal_grid_S0001_daily.csv
FQA,FQA,Fengqiu,2006,Leave_One_experiments\wth_generated_qc\FQA\FQA2006.WTH,wet_year;nitrogen_stress_year;low_response_year,wet,FQA2006_normal_grid_S0001,pareto_balanced,2006-08-26,238,82,77,"{""sim_day"": 82.0, ""doy"": 238.0, ""topwt"": 4025.77392578125, ""grnwt"": 1443.7313842773438, ""xlai"": 0.510987401008606, ""totir"": 0.0, ""tofer"": NaN, ""swfac"": 0.0, ""nstres"": 0.2849127054214477}",0.0,0.2849127054214477,4025.77392578125,1443.7313842773438,0.510987401008606,0.0,,0.0,0.0,0.0,0.0,26.306744384765626,26.306744384765626,Leave_One_experiments/all_year_offline_schedule_search/daily_outputs/FQA/FQA_2006_FQA2006_normal_grid_S0001_daily.csv
FQA,FQA,Fengqiu,2006,Leave_One_experiments\wth_generated_qc\FQA\FQA2006.WTH,wet_year;nitrogen_stress_year;low_response_year,wet,FQA2006_normal_grid_S0001,pareto_balanced,2006-08-27,239,83,78,"{""sim_day"": 83.0, ""doy"": 239.0, ""topwt"": 4062.828979492188, ""grnwt"": 1543.8641357421875, ""xlai"": 0.4968099594116211, ""totir"": 0.0, ""tofer"": NaN, ""swfac"": 0.0, ""nstres"": 0.2658827900886535}",0.0,0.2658827900886535,4062.828979492188,1543.8641357421875,0.4968099594116211,0.0,,0.0,0.0,0.0,0.0,26.306744384765626,26.306744384765626,Leave_One_experiments/all_year_offline_schedule_search/daily_outputs/FQA/FQA_2006_FQA2006_normal_grid_S0001_daily.csv
FQA,FQA,Fengqiu,2006,Leave_One_experiments\wth_generated_qc\FQA\FQA2006.WTH,wet_year;nitrogen_stress_year;low_response_year,wet,FQA2006_normal_grid_S0001,pareto_balanced,2006-08-28,240,84,79,"{""sim_day"": 84.0, ""doy"": 240.0, ""topwt"": 4086.4535522460938, ""grnwt"": 1647.2268676757812, ""xlai"": 0.4829905033111572, ""totir"": 0.0, ""tofer"": NaN, ""swfac"": 0.0, ""nstres"": 0.2675940990447998}",0.0,0.2675940990447998,4086.4535522460938,1647.2268676757812,0.4829905033111572,0.0,,0.0,0.0,0.0,0.0,26.306744384765626,26.306744384765626,Leave_One_experiments/all_year_offline_schedule_search/daily_outputs/FQA/FQA_2006_FQA2006_normal_grid_S0001_daily.csv
FQA,FQA,Fengqiu,2006,Leave_One_experiments\wth_generated_qc\FQA\FQA2006.WTH,wet_year;nitrogen_stress_year;low_response_year,wet,FQA2006_normal_grid_S0001,pareto_balanced,2006-08-29,241,85,80,"{""sim_day"": 85.0, ""doy"": 241.0, ""topwt"": 4096.220703125, ""grnwt"": 1750.589599609375, ""xlai"": 0.4698497056961059, ""totir"": 0.0, ""tofer"": NaN, ""swfac"": 0.0, ""nstres"": 0.2529703378677368}",0.0,0.2529703378677368,4096.220703125,1750.589599609375,0.4698497056961059,0.0,,0.0,0.0,0.0,0.0,26.306744384765626,26.306744384765626,Leave_One_experiments/all_year_offline_schedule_search/daily_outputs/FQA/FQA_2006_FQA2006_normal_grid_S0001_daily.csv
FQA,FQA,Fengqiu,2006,Leave_One_experiments\wth_generated_qc\FQA\FQA2006.WTH,wet_year;nitrogen_stress_year;low_response_year,wet,FQA2006_normal_grid_S0001,pareto_balanced,2006-08-30,242,86,81,"{""sim_day"": 86.0, ""doy"": 242.0, ""topwt"": 4124.822998046875, ""grnwt"": 1853.9523315429688, ""xlai"": 0.4573506712913513, ""totir"": 0.0, ""tofer"": NaN, ""swfac"": 0.0, ""nstres"": 0.2384538054466247}",0.0,0.2384538054466247,4124.822998046875,1853.9523315429688,0.4573506712913513,0.0,,0.0,0.0,0.0,0.0,26.306744384765626,26.306744384765626,Leave_One_experiments/all_year_offline_schedule_search/daily_outputs/FQA/FQA_2006_FQA2006_normal_grid_S0001_daily.csv
FQA,FQA,Fengqiu,2006,Leave_One_experiments\wth_generated_qc\FQA\FQA2006.WTH,wet_year;nitrogen_stress_year;low_response_year,wet,FQA2006_normal_grid_S0001,pareto_balanced,2006-08-31,243,87,82,"{""sim_day"": 87.0, ""doy"": 243.0, ""topwt"": 4107.622680664063, ""grnwt"": 1888.3773803710935, ""xlai"": 0.4456872045993805, ""totir"": 0.0, ""tofer"": NaN, ""swfac"": 0.0, ""nstres"": 0.2120549082756042}",0.0,0.2120549082756042,4107.622680664063,1888.3773803710935,0.4456872045993805,0.0,,0.0,0.0,0.0,0.0,26.306744384765626,26.306744384765626,Leave_One_experiments/all_year_offline_schedule_search/daily_outputs/FQA/FQA_2006_FQA2006_normal_grid_S0001_daily.csv
FQA,FQA,Fengqiu,2006,Leave_One_experiments\wth_generated_qc\FQA\FQA2006.WTH,wet_year;nitrogen_stress_year;low_response_year,wet,FQA2006_normal_grid_S0001,pareto_balanced,2006-09-01,244,88,83,"{""sim_day"": 88.0, ""doy"": 244.0, ""topwt"": 4156.413269042969, ""grnwt"": 1937.16796875, ""xlai"": 0.4357479512691498, ""totir"": 0.0, ""tofer"": NaN, ""swfac"": 0.0, ""nstres"": 0.1784069538116455}",0.0,0.1784069538116455,4156.413269042969,1937.16796875,0.4357479512691498,0.0,,0.0,0.0,0.0,0.0,26.306744384765626,26.306744384765626,Leave_One_experiments/all_year_offline_schedule_search/daily_outputs/FQA/FQA_2006_FQA2006_normal_grid_S0001_daily.csv
FQA,FQA,Fengqiu,2006,Leave_One_experiments\wth_generated_qc\FQA\FQA2006.WTH,wet_year;nitrogen_stress_year;low_response_year,wet,FQA2006_normal_grid_S0001,pareto_balanced,2006-09-02,245,89,84,"{""sim_day"": 89.0, ""doy"": 245.0, ""topwt"": 4212.029113769531, ""grnwt"": 1992.7838134765625, ""xlai"": 0.4268931448459625, ""totir"": 0.0, ""tofer"": NaN, ""swfac"": 0.0, ""nstres"": 0.1625672578811645}",0.0,0.1625672578811645,4212.029113769531,1992.7838134765625,0.4268931448459625,0.0,,0.0,0.0,0.0,0.0,26.306744384765626,26.306744384765626,Leave_One_experiments/all_year_offline_schedule_search/daily_outputs/FQA/FQA_2006_FQA2006_normal_grid_S0001_daily.csv
FQA,FQA,Fengqiu,2006,Leave_One_experiments\wth_generated_qc\FQA\FQA2006.WTH,wet_year;nitrogen_stress_year;low_response_year,wet,FQA2006_normal_grid_S0001,pareto_balanced,2006-09-03,246,90,85,"{""sim_day"": 90.0, ""doy"": 246.0, ""topwt"": 4220.4974365234375, ""grnwt"": 2001.2522888183596, ""xlai"": 0.4180014431476593, ""totir"": 0.0, ""tofer"": NaN, ""swfac"": 0.0, ""nstres"": 0.1666314005851745}",0.0,0.1666314005851745,4220.4974365234375,2001.2522888183596,0.4180014431476593,0.0,,0.0,0.0,0.0,0.0,26.306744384765626,26.306744384765626,Leave_One_experiments/all_year_offline_schedule_search/daily_outputs/FQA/FQA_2006_FQA2006_normal_grid_S0001_daily.csv
FQA,FQA,Fengqiu,2006,Leave_One_experiments\wth_generated_qc\FQA\FQA2006.WTH,wet_year;nitrogen_stress_year;low_response_year,wet,FQA2006_normal_grid_S0001,pareto_balanced,2006-09-04,247,91,86,"{""sim_day"": 91.0, ""doy"": 247.0, ""topwt"": 4306.2188720703125, ""grnwt"": 2086.973571777344, ""xlai"": 0.4101695120334625, ""totir"": 0.0, ""tofer"": NaN, ""swfac"": 0.0, ""nstres"": 0.1498935222625732}",0.0,0.1498935222625732,4306.2188720703125,2086.973571777344,0.4101695120334625,0.0,,0.0,0.0,0.0,0.0,26.306744384765626,26.306744384765626,Leave_One_experiments/all_year_offline_schedule_search/daily_outputs/FQA/FQA_2006_FQA2006_normal_grid_S0001_daily.csv
FQA,FQA,Fengqiu,2006,Leave_One_experiments\wth_generated_qc\FQA\FQA2006.WTH,wet_year;nitrogen_stress_year;low_response_year,wet,FQA2006_normal_grid_S0001,pareto_balanced,2006-09-05,248,92,87,"{""sim_day"": 92.0, ""doy"": 248.0, ""topwt"": 4402.6611328125, ""grnwt"": 2183.4156799316406, ""xlai"": 0.4016247093677521, ""totir"": 0.0, ""tofer"": NaN, ""swfac"": 0.0, ""nstres"": 0.1666603088378906}",0.0,0.1666603088378906,4402.6611328125,2183.4156799316406,0.4016247093677521,0.0,,0.0,0.0,0.0,0.0,26.306744384765626,26.306744384765626,Leave_One_experiments/all_year_offline_schedule_search/daily_outputs/FQA/FQA_2006_FQA2006_normal_grid_S0001_daily.csv
FQA,FQA,Fengqiu,2006,Leave_One_experiments\wth_generated_qc\FQA\FQA2006.WTH,wet_year;nitrogen_stress_year;low_response_year,wet,FQA2006_normal_grid_S0001,pareto_balanced,2006-09-06,249,93,88,"{""sim_day"": 93.0, ""doy"": 249.0, ""topwt"": 4443.819885253906, ""grnwt"": 2224.574432373047, ""xlai"": 0.3921540975570678, ""totir"": 0.0, ""tofer"": NaN, ""swfac"": 0.0, ""nstres"": 0.1886460185050964}",0.0,0.1886460185050964,4443.819885253906,2224.574432373047,0.3921540975570678,0.0,,0.0,0.0,0.0,0.0,26.306744384765626,26.306744384765626,Leave_One_experiments/all_year_offline_schedule_search/daily_outputs/FQA/FQA_2006_FQA2006_normal_grid_S0001_daily.csv
FQA,FQA,Fengqiu,2006,Leave_One_experiments\wth_generated_qc\FQA\FQA2006.WTH,wet_year;nitrogen_stress_year;low_response_year,wet,FQA2006_normal_grid_S0001,pareto_balanced,2006-09-07,250,94,89,"{""sim_day"": 94.0, ""doy"": 250.0, ""topwt"": 4495.750427246094, ""grnwt"": 2276.505126953125, ""xlai"": 0.3831626772880554, ""totir"": 0.0, ""tofer"": NaN, ""swfac"": 0.0, ""nstres"": 0.183426022529602}",0.0,0.183426022529602,4495.750427246094,2276.505126953125,0.3831626772880554,0.0,,0.0,0.0,0.0,0.0,26.306744384765626,26.306744384765626,Leave_One_experiments/all_year_offline_schedule_search/daily_outputs/FQA/FQA_2006_FQA2006_normal_grid_S0001_daily.csv
FQA,FQA,Fengqiu,2006,Leave_One_experiments\wth_generated_qc\FQA\FQA2006.WTH,wet_year;nitrogen_stress_year;low_response_year,wet,FQA2006_normal_grid_S0001,pareto_balanced,2006-09-08,251,95,90,"{""sim_day"": 95.0, ""doy"": 251.0, ""topwt"": 4585.674133300781, ""grnwt"": 2366.4288330078125, ""xlai"": 0.3742374777793884, ""totir"": 0.0, ""tofer"": NaN, ""swfac"": 0.0, ""nstres"": 0.18634694814682}",0.0,0.18634694814682,4585.674133300781,2366.4288330078125,0.3742374777793884,0.0,,0.0,0.0,0.0,0.0,26.306744384765626,26.306744384765626,Leave_One_experiments/all_year_offline_schedule_search/daily_outputs/FQA/FQA_2006_FQA2006_normal_grid_S0001_daily.csv
FQA,FQA,Fengqiu,2006,Leave_One_experiments\wth_generated_qc\FQA\FQA2006.WTH,wet_year;nitrogen_stress_year;low_response_year,wet,FQA2006_normal_grid_S0001,pareto_balanced,2006-09-09,252,96,91,"{""sim_day"": 96.0, ""doy"": 252.0, ""topwt"": 4666.022033691406, ""grnwt"": 2446.776733398437, ""xlai"": 0.3645696341991424, ""totir"": 0.0, ""tofer"": NaN, ""swfac"": 0.0, ""nstres"": 0.2200049757957458}",0.0,0.2200049757957458,4666.022033691406,2446.776733398437,0.3645696341991424,0.0,,0.0,0.0,0.0,0.0,26.306744384765626,26.306744384765626,Leave_One_experiments/all_year_offline_schedule_search/daily_outputs/FQA/FQA_2006_FQA2006_normal_grid_S0001_daily.csv
FQA,FQA,Fengqiu,2006,Leave_One_experiments\wth_generated_qc\FQA\FQA2006.WTH,wet_year;nitrogen_stress_year;low_response_year,wet,FQA2006_normal_grid_S0001,pareto_balanced,2006-09-10,253,97,92,"{""sim_day"": 97.0, ""doy"": 253.0, ""topwt"": 4742.177429199219, ""grnwt"": 2522.93212890625, ""xlai"": 0.3545860350131988, ""totir"": 0.0, ""tofer"": NaN, ""swfac"": 0.0, ""nstres"": 0.2572296261787414}",0.0,0.2572296261787414,4742.177429199219,2522.93212890625,0.3545860350131988,0.0,,0.0,0.0,0.0,0.0,26.306744384765626,26.306744384765626,Leave_One_experiments/all_year_offline_schedule_search/daily_outputs/FQA/FQA_2006_FQA2006_normal_grid_S0001_daily.csv
FQA,FQA,Fengqiu,2006,Leave_One_experiments\wth_generated_qc\FQA\FQA2006.WTH,wet_year;nitrogen_stress_year;low_response_year,wet,FQA2006_normal_grid_S0001,pareto_balanced,2006-09-11,254,98,93,"{""sim_day"": 98.0, ""doy"": 254.0, ""topwt"": 4803.918762207031, ""grnwt"": 2584.6734619140625, ""xlai"": 0.3444592654705047, ""totir"": 0.0, ""tofer"": NaN, ""swfac"": 0.0, ""nstres"": 0.2854232788085937}",0.0,0.2854232788085937,4803.918762207031,2584.6734619140625,0.3444592654705047,0.0,,0.0,0.0,0.0,0.0,26.306744384765626,26.306744384765626,Leave_One_experiments/all_year_offline_schedule_search/daily_outputs/FQA/FQA_2006_FQA2006_normal_grid_S0001_daily.csv
FQA,FQA,Fengqiu,2006,Leave_One_experiments\wth_generated_qc\FQA\FQA2006.WTH,wet_year;nitrogen_stress_year;low_response_year,wet,FQA2006_normal_grid_S0001,pareto_balanced,2006-09-12,255,99,94,"{""sim_day"": 99.0, ""doy"": 255.0, ""topwt"": 4849.919738769531, ""grnwt"": 2630.6744384765625, ""xlai"": 0.3344992101192474, ""totir"": 0.0, ""tofer"": NaN, ""swfac"": 0.0, ""nstres"": 0.2939595580101013}",0.0,0.2939595580101013,4849.919738769531,2630.6744384765625,0.3344992101192474,0.0,,0.0,0.0,0.0,0.0,26.306744384765626,26.306744384765626,Leave_One_experiments/all_year_offline_schedule_search/daily_outputs/FQA/FQA_2006_FQA2006_normal_grid_S0001_daily.csv
FQA,FQA,Fengqiu,2006,Leave_One_experiments\wth_generated_qc\FQA\FQA2006.WTH,wet_year;nitrogen_stress_year;low_response_year,wet,FQA2006_normal_grid_S0001,pareto_balanced,2006-09-13,256,100,95,"{""sim_day"": 100.0, ""doy"": 256.0, ""topwt"": 4849.919738769531, ""grnwt"": 2630.6744384765625, ""xlai"": 0.3344992101192474, ""totir"": 0.0, ""tofer"": NaN, ""swfac"": 0.0, ""nstres"": 0.2794898152351379}",0.0,0.2794898152351379,4849.919738769531,2630.6744384765625,0.3344992101192474,0.0,,0.0,0.0,0.0,0.0,26.306744384765626,26.306744384765626,Leave_One_experiments/all_year_offline_schedule_search/daily_outputs/FQA/FQA_2006_FQA2006_normal_grid_S0001_daily.csv
FQA,FQA,Fengqiu,2006,Leave_One_experiments\wth_generated_qc\FQA\FQA2006.WTH,wet_year;nitrogen_stress_year;low_response_year,wet,FQA2006_normal_grid_S0001,pareto_balanced,2006-09-14,257,101,96,"{""sim_day"": 101.0, ""doy"": 257.0, ""topwt"": 4849.919738769531, ""grnwt"": 2630.6744384765625, ""xlai"": 0.3344992101192474, ""totir"": 0.0, ""tofer"": NaN, ""swfac"": 0.0, ""nstres"": 0.2794898152351379}",0.0,0.2794898152351379,4849.919738769531,2630.6744384765625,0.3344992101192474,0.0,,0.0,0.0,0.0,0.0,26.306744384765626,26.306744384765626,Leave_One_experiments/all_year_offline_schedule_search/daily_outputs/FQA/FQA_2006_FQA2006_normal_grid_S0001_daily.csv
FQA,FQA,Fengqiu,2006,Leave_One_experiments\wth_generated_qc\FQA\FQA2006.WTH,wet_year;nitrogen_stress_year;low_response_year,wet,FQA2006_normal_grid_S0001,pareto_balanced,2006-09-15,258,102,97,"{""sim_day"": 102.0, ""doy"": 258.0, ""topwt"": 4849.919738769531, ""grnwt"": 2630.6744384765625, ""xlai"": 0.3344992101192474, ""totir"": 0.0, ""tofer"": NaN, ""swfac"": 0.0, ""nstres"": 0.2794898152351379}",0.0,0.2794898152351379,4849.919738769531,2630.6744384765625,0.3344992101192474,0.0,,0.0,0.0,0.0,0.0,26.306744384765626,26.306744384765626,Leave_One_experiments/all_year_offline_schedule_search/daily_outputs/FQA/FQA_2006_FQA2006_normal_grid_S0001_daily.csv
FQA,FQA,Fengqiu,2006,Leave_One_experiments\wth_generated_qc\FQA\FQA2006.WTH,wet_year;nitrogen_stress_year;low_response_year,wet,FQA2006_normal_grid_S0014,top_yield,2006-06-11,162,1,1,"{""sim_day"": 1.0, ""doy"": 162.0, ""topwt"": 0.0, ""grnwt"": 0.0, ""xlai"": 0.0, ""totir"": 0.0, ""tofer"": NaN, ""swfac"": 0.0, ""nstres"": 0.0}",0.0,0.0,0.0,0.0,0.0,0.0,,0.0,50.0,40.0,150.0,9.107995605468744,25.107995605468744,Leave_One_experiments/all_year_offline_schedule_search/daily_outputs/FQA/FQA_2006_FQA2006_normal_grid_S0014_daily.csv
FQA,FQA,Fengqiu,2006,Leave_One_experiments\wth_generated_qc\FQA\FQA2006.WTH,wet_year;nitrogen_stress_year;low_response_year,wet,FQA2006_normal_grid_S0014,top_yield,2006-06-12,163,2,2,"{""sim_day"": 2.0, ""doy"": 163.0, ""topwt"": 0.0, ""grnwt"": 0.0, ""xlai"": 0.0, ""totir"": 0.0, ""tofer"": NaN, ""swfac"": 0.0, ""nstres"": 0.0}",0.0,0.0,0.0,0.0,0.0,0.0,,0.0,0.0,40.0,150.0,9.107995605468744,25.107995605468744,Leave_One_experiments/all_year_offline_schedule_search/daily_outputs/FQA/FQA_2006_FQA2006_normal_grid_S0014_daily.csv
FQA,FQA,Fengqiu,2006,Leave_One_experiments\wth_generated_qc\FQA\FQA2006.WTH,wet_year;nitrogen_stress_year;low_response_year,wet,FQA2006_normal_grid_S0014,top_yield,2006-06-13,164,3,3,"{""sim_day"": 3.0, ""doy"": 164.0, ""topwt"": 0.0, ""grnwt"": 0.0, ""xlai"": 0.0, ""totir"": 0.0, ""tofer"": NaN, ""swfac"": 0.0, ""nstres"": 0.0}",0.0,0.0,0.0,0.0,0.0,0.0,,0.0,0.0,40.0,150.0,9.107995605468744,25.107995605468744,Leave_One_experiments/all_year_offline_schedule_search/daily_outputs/FQA/FQA_2006_FQA2006_normal_grid_S0014_daily.csv
FQA,FQA,Fengqiu,2006,Leave_One_experiments\wth_generated_qc\FQA\FQA2006.WTH,wet_year;nitrogen_stress_year;low_response_year,wet,FQA2006_normal_grid_S0014,top_yield,2006-06-14,165,4,4,"{""sim_day"": 4.0, ""doy"": 165.0, ""topwt"": 0.0, ""grnwt"": 0.0, ""xlai"": 0.0, ""totir"": 0.0, ""tofer"": NaN, ""swfac"": 0.0, ""nstres"": 0.0}",0.0,0.0,0.0,0.0,0.0,0.0,,0.0,0.0,40.0,150.0,9.107995605468744,25.107995605468744,Leave_One_experiments/all_year_offline_schedule_search/daily_outputs/FQA/FQA_2006_FQA2006_normal_grid_S0014_daily.csv
FQA,FQA,Fengqiu,2006,Leave_One_experiments\wth_generated_qc\FQA\FQA2006.WTH,wet_year;nitrogen_stress_year;low_response_year,wet,FQA2006_normal_grid_S0014,top_yield,2006-06-15,166,5,5,"{""sim_day"": 5.0, ""doy"": 166.0, ""topwt"": 0.0, ""grnwt"": 0.0, ""xlai"": 0.0, ""totir"": 0.0, ""tofer"": NaN, ""swfac"": 0.0, ""nstres"": 0.0}",0.0,0.0,0.0,0.0,0.0,0.0,,0.0,0.0,40.0,150.0,9.107995605468744,25.107995605468744,Leave_One_experiments/all_year_offline_schedule_search/daily_outputs/FQA/FQA_2006_FQA2006_normal_grid_S0014_daily.csv
FQA,FQA,Fengqiu,2006,Leave_One_experiments\wth_generated_qc\FQA\FQA2006.WTH,wet_year;nitrogen_stress_year;low_response_year,wet,FQA2006_normal_grid_S0014,top_yield,2006-06-11,162,6,1,"{""sim_day"": 6.0, ""doy"": 162.0, ""topwt"": 0.0, ""grnwt"": 0.0, ""xlai"": 0.0, ""totir"": 0.0, ""tofer"": NaN, ""swfac"": 0.0, ""nstres"": 0.0}",0.0,0.0,0.0,0.0,0.0,0.0,,0.0,0.0,40.0,150.0,9.107995605468744,25.107995605468744,Leave_One_experiments/all_year_offline_schedule_search/daily_outputs/FQA/FQA_2006_FQA2006_normal_grid_S0014_daily.csv
FQA,FQA,Fengqiu,2006,Leave_One_experiments\wth_generated_qc\FQA\FQA2006.WTH,wet_year;nitrogen_stress_year;low_response_year,wet,FQA2006_normal_grid_S0014,top_yield,2006-06-12,163,7,2,"{""sim_day"": 7.0, ""doy"": 163.0, ""topwt"": 0.0, ""grnwt"": 0.0, ""xlai"": 0.0, ""totir"": 0.0, ""tofer"": NaN, ""swfac"": 0.0, ""nstres"": 0.0}",0.0,0.0,0.0,0.0,0.0,0.0,,0.0,0.0,40.0,150.0,9.107995605468744,25.107995605468744,Leave_One_experiments/all_year_offline_schedule_search/daily_outputs/FQA/FQA_2006_FQA2006_normal_grid_S0014_daily.csv
FQA,FQA,Fengqiu,2006,Leave_One_experiments\wth_generated_qc\FQA\FQA2006.WTH,wet_year;nitrogen_stress_year;low_response_year,wet,FQA2006_normal_grid_S0014,top_yield,2006-06-13,164,8,3,"{""sim_day"": 8.0, ""doy"": 164.0, ""topwt"": 0.0, ""grnwt"": 0.0, ""xlai"": 0.0, ""totir"": 0.0, ""tofer"": NaN, ""swfac"": 0.0, ""nstres"": 0.0}",0.0,0.0,0.0,0.0,0.0,0.0,,0.0,0.0,40.0,150.0,9.107995605468744,25.107995605468744,Leave_One_experiments/all_year_offline_schedule_search/daily_outputs/FQA/FQA_2006_FQA2006_normal_grid_S0014_daily.csv
FQA,FQA,Fengqiu,2006,Leave_One_experiments\wth_generated_qc\FQA\FQA2006.WTH,wet_year;nitrogen_stress_year;low_response_year,wet,FQA2006_normal_grid_S0014,top_yield,2006-06-14,165,9,4,"{""sim_day"": 9.0, ""doy"": 165.0, ""topwt"": 0.0, ""grnwt"": 0.0, ""xlai"": 0.0, ""totir"": 0.0, ""tofer"": NaN, ""swfac"": 0.0, ""nstres"": 0.0}",0.0,0.0,0.0,0.0,0.0,0.0,,0.0,0.0,40.0,150.0,9.107995605468744,25.107995605468744,Leave_One_experiments/all_year_offline_schedule_search/daily_outputs/FQA/FQA_2006_FQA2006_normal_grid_S0014_daily.csv
FQA,FQA,Fengqiu,2006,Leave_One_experiments\wth_generated_qc\FQA\FQA2006.WTH,wet_year;nitrogen_stress_year;low_response_year,wet,FQA2006_normal_grid_S0014,top_yield,2006-06-15,166,10,5,"{""sim_day"": 10.0, ""doy"": 166.0, ""topwt"": 32.00000047683716, ""grnwt"": 0.0, ""xlai"": 0.0035421377979218, ""totir"": 0.0, ""tofer"": NaN, ""swfac"": 0.0, ""nstres"": 0.0121910572052001}",0.0,0.0121910572052001,32.00000047683716,0.0,0.0035421377979218,0.0,,0.0,0.0,40.0,150.0,9.107995605468744,25.107995605468744,Leave_One_experiments/all_year_offline_schedule_search/daily_outputs/FQA/FQA_2006_FQA2006_normal_grid_S0014_daily.csv
FQA,FQA,Fengqiu,2006,Leave_One_experiments\wth_generated_qc\FQA\FQA2006.WTH,wet_year;nitrogen_stress_year;low_response_year,wet,FQA2006_normal_grid_S0014,top_yield,2006-06-16,167,11,6,"{""sim_day"": 11.0, ""doy"": 167.0, ""topwt"": 32.00000047683716, ""grnwt"": 0.0, ""xlai"": 0.0064413854852318, ""totir"": 0.0, ""tofer"": NaN, ""swfac"": 0.0, ""nstres"": 0.0007585287094116}",0.0,0.0007585287094116,32.00000047683716,0.0,0.0064413854852318,0.0,,0.0,0.0,40.0,150.0,9.107995605468744,25.107995605468744,Leave_One_experiments/all_year_offline_schedule_search/daily_outputs/FQA/FQA_2006_FQA2006_normal_grid_S0014_daily.csv
FQA,FQA,Fengqiu,2006,Leave_One_experiments\wth_generated_qc\FQA\FQA2006.WTH,wet_year;nitrogen_stress_year;low_response_year,wet,FQA2006_normal_grid_S0014,top_yield,2006-06-17,168,12,7,"{""sim_day"": 12.0, ""doy"": 168.0, ""topwt"": 32.00000047683716, ""grnwt"": 0.0, ""xlai"": 0.0100333029404282, ""totir"": 0.0, ""tofer"": NaN, ""swfac"": 0.0, ""nstres"": 0.0}",0.0,0.0,32.00000047683716,0.0,0.0100333029404282,0.0,,0.0,0.0,40.0,150.0,9.107995605468744,25.107995605468744,Leave_One_experiments/all_year_offline_schedule_search/daily_outputs/FQA/FQA_2006_FQA2006_normal_grid_S0014_daily.csv
FQA,FQA,Fengqiu,2006,Leave_One_experiments\wth_generated_qc\FQA\FQA2006.WTH,wet_year;nitrogen_stress_year;low_response_year,wet,FQA2006_normal_grid_S0014,top_yield,2006-06-18,169,13,8,"{""sim_day"": 13.0, ""doy"": 169.0, ""topwt"": 32.00000047683716, ""grnwt"": 0.0, ""xlai"": 0.0142218330875039, ""totir"": 0.0, ""tofer"": NaN, ""swfac"": 0.0, ""nstres"": 0.0}",0.0,0.0,32.00000047683716,0.0,0.0142218330875039,0.0,,0.0,0.0,40.0,150.0,9.107995605468744,25.107995605468744,Leave_One_experiments/all_year_offline_schedule_search/daily_outputs/FQA/FQA_2006_FQA2006_normal_grid_S0014_daily.csv
FQA,FQA,Fengqiu,2006,Leave_One_experiments\wth_generated_qc\FQA\FQA2006.WTH,wet_year;nitrogen_stress_year;low_response_year,wet,FQA2006_normal_grid_S0014,top_yield,2006-06-19,170,14,9,"{""sim_day"": 14.0, ""doy"": 170.0, ""topwt"": 32.00000047683716, ""grnwt"": 0.0, ""xlai"": 0.0186154060065746, ""totir"": 0.0, ""tofer"": NaN, ""swfac"": 0.0, ""nstres"": 0.0}",0.0,0.0,32.00000047683716,0.0,0.0186154060065746,0.0,,0.0,0.0,40.0,150.0,9.107995605468744,25.107995605468744,Leave_One_experiments/all_year_offline_schedule_search/daily_outputs/FQA/FQA_2006_FQA2006_normal_grid_S0014_daily.csv
FQA,FQA,Fengqiu,2006,Leave_One_experiments\wth_generated_qc\FQA\FQA2006.WTH,wet_year;nitrogen_stress_year;low_response_year,wet,FQA2006_normal_grid_S0014,top_yield,2006-06-20,171,15,10,"{""sim_day"": 15.0, ""doy"": 171.0, ""topwt"": 32.00000047683716, ""grnwt"": 0.0, ""xlai"": 0.0219479352235794, ""totir"": 0.0, ""tofer"": NaN, ""swfac"": 0.0, ""nstres"": 0.0}",0.0,0.0,32.00000047683716,0.0,0.0219479352235794,0.0,,0.0,0.0,40.0,150.0,9.107995605468744,25.107995605468744,Leave_One_experiments/all_year_offline_schedule_search/daily_outputs/FQA/FQA_2006_FQA2006_normal_grid_S0014_daily.csv
FQA,FQA,Fengqiu,2006,Leave_One_experiments\wth_generated_qc\FQA\FQA2006.WTH,wet_year;nitrogen_stress_year;low_response_year,wet,FQA2006_normal_grid_S0014,top_yield,2006-06-21,172,16,11,"{""sim_day"": 16.0, ""doy"": 172.0, ""topwt"": 23.20487260818481, ""grnwt"": 0.0, ""xlai"": 0.0309608504176139, ""totir"": 0.0, ""tofer"": NaN, ""swfac"": 0.0, ""nstres"": 0.0}",0.0,0.0,23.20487260818481,0.0,0.0309608504176139,0.0,,0.0,0.0,40.0,150.0,9.107995605468744,25.107995605468744,Leave_One_experiments/all_year_offline_schedule_search/daily_outputs/FQA/FQA_2006_FQA2006_normal_grid_S0014_daily.csv
FQA,FQA,Fengqiu,2006,Leave_One_experiments\wth_generated_qc\FQA\FQA2006.WTH,wet_year;nitrogen_stress_year;low_response_year,wet,FQA2006_normal_grid_S0014,top_yield,2006-06-22,173,17,12,"{""sim_day"": 17.0, ""doy"": 173.0, ""topwt"": 27.344579696655277, ""grnwt"": 0.0, ""xlai"": 0.0444523729383945, ""totir"": 0.0, ""tofer"": NaN, ""swfac"": 0.0, ""nstres"": 0.0}",0.0,0.0,27.344579696655277,0.0,0.0444523729383945,0.0,,0.0,0.0,40.0,150.0,9.107995605468744,25.107995605468744,Leave_One_experiments/all_year_offline_schedule_search/daily_outputs/FQA/FQA_2006_FQA2006_normal_grid_S0014_daily.csv
FQA,FQA,Fengqiu,2006,Leave_One_experiments\wth_generated_qc\FQA\FQA2006.WTH,wet_year;nitrogen_stress_year;low_response_year,wet,FQA2006_normal_grid_S0014,top_yield,2006-06-23,174,18,13,"{""sim_day"": 18.0, ""doy"": 174.0, ""topwt"": 32.7966570854187, ""grnwt"": 0.0, ""xlai"": 0.0607515014708042, ""totir"": 0.0, ""tofer"": NaN, ""swfac"": 0.0, ""nstres"": 0.0}",0.0,0.0,32.7966570854187,0.0,0.0607515014708042,0.0,,0.0,0.0,40.0,150.0,9.107995605468744,25.107995605468744,Leave_One_experiments/all_year_offline_schedule_search/daily_outputs/FQA/FQA_2006_FQA2006_normal_grid_S0014_daily.csv
FQA,FQA,Fengqiu,2006,Leave_One_experiments\wth_generated_qc\FQA\FQA2006.WTH,wet_year;nitrogen_stress_year;low_response_year,wet,FQA2006_normal_grid_S0014,top_yield,2006-06-24,175,19,14,"{""sim_day"": 19.0, ""doy"": 175.0, ""topwt"": 39.68492031097412, ""grnwt"": 0.0, ""xlai"": 0.0798428580164909, ""totir"": 0.0, ""tofer"": NaN, ""swfac"": 0.0, ""nstres"": 0.0}",0.0,0.0,39.68492031097412,0.0,0.0798428580164909,0.0,,0.0,0.0,40.0,150.0,9.107995605468744,25.107995605468744,Leave_One_experiments/all_year_offline_schedule_search/daily_outputs/FQA/FQA_2006_FQA2006_normal_grid_S0014_daily.csv
FQA,FQA,Fengqiu,2006,Leave_One_experiments\wth_generated_qc\FQA\FQA2006.WTH,wet_year;nitrogen_stress_year;low_response_year,wet,FQA2006_normal_grid_S0014,top_yield,2006-06-25,176,20,15,"{""sim_day"": 20.0, ""doy"": 176.0, ""topwt"": 47.56396770477295, ""grnwt"": 0.0, ""xlai"": 0.1003010496497154, ""totir"": 0.0, ""tofer"": NaN, ""swfac"": 0.0, ""nstres"": 0.0}",0.0,0.0,47.56396770477295,0.0,0.1003010496497154,0.0,,0.0,0.0,40.0,150.0,9.107995605468744,25.107995605468744,Leave_One_experiments/all_year_offline_schedule_search/daily_outputs/FQA/FQA_2006_FQA2006_normal_grid_S0014_daily.csv
FQA,FQA,Fengqiu,2006,Leave_One_experiments\wth_generated_qc\FQA\FQA2006.WTH,wet_year;nitrogen_stress_year;low_response_year,wet,FQA2006_normal_grid_S0014,top_yield,2006-06-26,177,21,16,"{""sim_day"": 21.0, ""doy"": 177.0, ""topwt"": 56.05433464050293, ""grnwt"": 0.0, ""xlai"": 0.1211717724800109, ""totir"": 0.0, ""tofer"": NaN, ""swfac"": 0.0, ""nstres"": 0.0}",0.0,0.0,56.05433464050293,0.0,0.1211717724800109,0.0,,0.0,0.0,40.0,150.0,9.107995605468744,25.107995605468744,Leave_One_experiments/all_year_offline_schedule_search/daily_outputs/FQA/FQA_2006_FQA2006_normal_grid_S0014_daily.csv
FQA,FQA,Fengqiu,2006,Leave_One_experiments\wth_generated_qc\FQA\FQA2006.WTH,wet_year;nitrogen_stress_year;low_response_year,wet,FQA2006_normal_grid_S0014,top_yield,2006-06-27,178,22,17,"{""sim_day"": 22.0, ""doy"": 178.0, ""topwt"": 65.79002857208252, ""grnwt"": 0.0, ""xlai"": 0.1439826488494873, ""totir"": 0.0, ""tofer"": NaN, ""swfac"": 0.0, ""nstres"": 0.0}",0.0,0.0,65.79002857208252,0.0,0.1439826488494873,0.0,,0.0,0.0,40.0,150.0,9.107995605468744,25.107995605468744,Leave_One_experiments/all_year_offline_schedule_search/daily_outputs/FQA/FQA_2006_FQA2006_normal_grid_S0014_daily.csv
FQA,FQA,Fengqiu,2006,Leave_One_experiments\wth_generated_qc\FQA\FQA2006.WTH,wet_year;nitrogen_stress_year;low_response_year,wet,FQA2006_normal_grid_S0014,top_yield,2006-06-28,179,23,18,"{""sim_day"": 23.0, ""doy"": 179.0, ""topwt"": 76.66819095611572, ""grnwt"": 0.0, ""xlai"": 0.1683739274740219, ""totir"": 0.0, ""tofer"": NaN, ""swfac"": 0.0, ""nstres"": 0.0}",0.0,0.0,76.66819095611572,0.0,0.1683739274740219,0.0,,0.0,0.0,40.0,150.0,9.107995605468744,25.107995605468744,Leave_One_experiments/all_year_offline_schedule_search/daily_outputs/FQA/FQA_2006_FQA2006_normal_grid_S0014_daily.csv
FQA,FQA,Fengqiu,2006,Leave_One_experiments\wth_generated_qc\FQA\FQA2006.WTH,wet_year;nitrogen_stress_year;low_response_year,wet,FQA2006_normal_grid_S0014,top_yield,2006-06-29,180,24,19,"{""sim_day"": 24.0, ""doy"": 180.0, ""topwt"": 88.72458457946777, ""grnwt"": 0.0, ""xlai"": 0.1943371891975402, ""totir"": 0.0, ""tofer"": NaN, ""swfac"": 0.0, ""nstres"": 0.0}",0.0,0.0,88.72458457946777,0.0,0.1943371891975402,0.0,,0.0,0.0,40.0,150.0,9.107995605468744,25.107995605468744,Leave_One_experiments/all_year_offline_schedule_search/daily_outputs/FQA/FQA_2006_FQA2006_normal_grid_S0014_daily.csv
FQA,FQA,Fengqiu,2006,Leave_One_experiments\wth_generated_qc\FQA\FQA2006.WTH,wet_year;nitrogen_stress_year;low_response_year,wet,FQA2006_normal_grid_S0014,top_yield,2006-06-30,181,25,20,"{""sim_day"": 25.0, ""doy"": 181.0, ""topwt"": 102.20175743103027, ""grnwt"": 0.0, ""xlai"": 0.2211813628673553, ""totir"": 0.0, ""tofer"": NaN, ""swfac"": 0.0, ""nstres"": 0.0}",0.0,0.0,102.20175743103027,0.0,0.2211813628673553,0.0,,0.0,0.0,40.0,150.0,9.107995605468744,25.107995605468744,Leave_One_experiments/all_year_offline_schedule_search/daily_outputs/FQA/FQA_2006_FQA2006_normal_grid_S0014_daily.csv
FQA,FQA,Fengqiu,2006,Leave_One_experiments\wth_generated_qc\FQA\FQA2006.WTH,wet_year;nitrogen_stress_year;low_response_year,wet,FQA2006_normal_grid_S0014,top_yield,2006-07-01,182,26,21,"{""sim_day"": 26.0, ""doy"": 182.0, ""topwt"": 118.46184730529784, ""grnwt"": 0.0, ""xlai"": 0.254633218050003, ""totir"": 0.0, ""tofer"": NaN, ""swfac"": 0.0, ""nstres"": 0.0}",0.0,0.0,118.46184730529784,0.0,0.254633218050003,0.0,,0.0,0.0,40.0,150.0,9.107995605468744,25.107995605468744,Leave_One_experiments/all_year_offline_schedule_search/daily_outputs/FQA/FQA_2006_FQA2006_normal_grid_S0014_daily.csv
FQA,FQA,Fengqiu,2006,Leave_One_experiments\wth_generated_qc\FQA\FQA2006.WTH,wet_year;nitrogen_stress_year;low_response_year,wet,FQA2006_normal_grid_S0014,top_yield,2006-07-02,183,27,22,"{""sim_day"": 27.0, ""doy"": 183.0, ""topwt"": 136.7822265625, ""grnwt"": 0.0, ""xlai"": 0.290846049785614, ""totir"": 0.0, ""tofer"": NaN, ""swfac"": 0.0, ""nstres"": 0.0}",0.0,0.0,136.7822265625,0.0,0.290846049785614,0.0,,0.0,0.0,40.0,150.0,9.107995605468744,25.107995605468744,Leave_One_experiments/all_year_offline_schedule_search/daily_outputs/FQA/FQA_2006_FQA2006_normal_grid_S0014_daily.csv
FQA,FQA,Fengqiu,2006,Leave_One_experiments\wth_generated_qc\FQA\FQA2006.WTH,wet_year;nitrogen_stress_year;low_response_year,wet,FQA2006_normal_grid_S0014,top_yield,2006-07-03,184,28,23,"{""sim_day"": 28.0, ""doy"": 184.0, ""topwt"": 157.37788200378418, ""grnwt"": 0.0, ""xlai"": 0.3299275934696197, ""totir"": 0.0, ""tofer"": NaN, ""swfac"": 0.0, ""nstres"": 0.0}",0.0,0.0,157.37788200378418,0.0,0.3299275934696197,0.0,,0.0,0.0,40.0,150.0,9.107995605468744,25.107995605468744,Leave_One_experiments/all_year_offline_schedule_search/daily_outputs/FQA/FQA_2006_FQA2006_normal_grid_S0014_daily.csv
FQA,FQA,Fengqiu,2006,Leave_One_experiments\wth_generated_qc\FQA\FQA2006.WTH,wet_year;nitrogen_stress_year;low_response_year,wet,FQA2006_normal_grid_S0014,top_yield,2006-07-04,185,29,24,"{""sim_day"": 29.0, ""doy"": 185.0, ""topwt"": 176.15463256835938, ""grnwt"": 0.0, ""xlai"": 0.3641917407512665, ""totir"": 0.0, ""tofer"": NaN, ""swfac"": 0.0, ""nstres"": 0.0}",0.0,0.0,176.15463256835938,0.0,0.3641917407512665,0.0,,0.0,0.0,40.0,150.0,9.107995605468744,25.107995605468744,Leave_One_experiments/all_year_offline_schedule_search/daily_outputs/FQA/FQA_2006_FQA2006_normal_grid_S0014_daily.csv
FQA,FQA,Fengqiu,2006,Leave_One_experiments\wth_generated_qc\FQA\FQA2006.WTH,wet_year;nitrogen_stress_year;low_response_year,wet,FQA2006_normal_grid_S0014,top_yield,2006-07-05,186,30,25,"{""sim_day"": 30.0, ""doy"": 186.0, ""topwt"": 176.5119171142578, ""grnwt"": 0.0, ""xlai"": 0.3648222684860229, ""totir"": 0.0, ""tofer"": NaN, ""swfac"": 0.0, ""nstres"": 0.0}",0.0,0.0,176.5119171142578,0.0,0.3648222684860229,0.0,,0.0,0.0,40.0,150.0,9.107995605468744,25.107995605468744,Leave_One_experiments/all_year_offline_schedule_search/daily_outputs/FQA/FQA_2006_FQA2006_normal_grid_S0014_daily.csv
FQA,FQA,Fengqiu,2006,Leave_One_experiments\wth_generated_qc\FQA\FQA2006.WTH,wet_year;nitrogen_stress_year;low_response_year,wet,FQA2006_normal_grid_S0014,top_yield,2006-07-06,187,31,26,"{""sim_day"": 31.0, ""doy"": 187.0, ""topwt"": 202.88108825683597, ""grnwt"": 0.0, ""xlai"": 0.4102815389633178, ""totir"": 0.0, ""tofer"": NaN, ""swfac"": 0.0, ""nstres"": 0.0}",0.0,0.0,202.88108825683597,0.0,0.4102815389633178,0.0,,0.0,0.0,40.0,150.0,9.107995605468744,25.107995605468744,Leave_One_experiments/all_year_offline_schedule_search/daily_outputs/FQA/FQA_2006_FQA2006_normal_grid_S0014_daily.csv
FQA,FQA,Fengqiu,2006,Leave_One_experiments\wth_generated_qc\FQA\FQA2006.WTH,wet_year;nitrogen_stress_year;low_response_year,wet,FQA2006_normal_grid_S0014,top_yield,2006-07-07,188,32,27,"{""sim_day"": 32.0, ""doy"": 188.0, ""topwt"": 234.17184829711917, ""grnwt"": 0.0, ""xlai"": 0.4616974592208862, ""totir"": 0.0, ""tofer"": NaN, ""swfac"": 0.0, ""nstres"": 0.0}",0.0,0.0,234.17184829711917,0.0,0.4616974592208862,0.0,,0.0,0.0,40.0,150.0,9.107995605468744,25.107995605468744,Leave_One_experiments/all_year_offline_schedule_search/daily_outputs/FQA/FQA_2006_FQA2006_normal_grid_S0014_daily.csv
FQA,FQA,Fengqiu,2006,Leave_One_experiments\wth_generated_qc\FQA\FQA2006.WTH,wet_year;nitrogen_stress_year;low_response_year,wet,FQA2006_normal_grid_S0014,top_yield,2006-07-08,189,33,28,"{""sim_day"": 33.0, ""doy"": 189.0, ""topwt"": 268.3656120300293, ""grnwt"": 0.0, ""xlai"": 0.5152192115783691, ""totir"": 0.0, ""tofer"": NaN, ""swfac"": 0.0, ""nstres"": 0.0}",0.0,0.0,268.3656120300293,0.0,0.5152192115783691,0.0,,0.0,0.0,40.0,150.0,9.107995605468744,25.107995605468744,Leave_One_experiments/all_year_offline_schedule_search/daily_outputs/FQA/FQA_2006_FQA2006_normal_grid_S0014_daily.csv
FQA,FQA,Fengqiu,2006,Leave_One_experiments\wth_generated_qc\FQA\FQA2006.WTH,wet_year;nitrogen_stress_year;low_response_year,wet,FQA2006_normal_grid_S0014,top_yield,2006-07-09,190,34,29,"{""sim_day"": 34.0, ""doy"": 190.0, ""topwt"": 308.898868560791, ""grnwt"": 0.0, ""xlai"": 0.5755282044410706, ""totir"": 0.0, ""tofer"": NaN, ""swfac"": 0.0, ""nstres"": 0.0}",0.0,0.0,308.898868560791,0.0,0.5755282044410706,0.0,,0.0,0.0,40.0,150.0,9.107995605468744,25.107995605468744,Leave_One_experiments/all_year_offline_schedule_search/daily_outputs/FQA/FQA_2006_FQA2006_normal_grid_S0014_daily.csv
FQA,FQA,Fengqiu,2006,Leave_One_experiments\wth_generated_qc\FQA\FQA2006.WTH,wet_year;nitrogen_stress_year;low_response_year,wet,FQA2006_normal_grid_S0014,top_yield,2006-07-10,191,35,30,"{""sim_day"": 35.0, ""doy"": 191.0, ""topwt"": 359.00428771972656, ""grnwt"": 0.0, ""xlai"": 0.6460558772087097, ""totir"": 0.0, ""tofer"": NaN, ""swfac"": 0.0, ""nstres"": 0.0}",0.0,0.0,359.00428771972656,0.0,0.6460558772087097,0.0,,0.0,50.0,40.0,150.0,9.107995605468744,25.107995605468744,Leave_One_experiments/all_year_offline_schedule_search/daily_outputs/FQA/FQA_2006_FQA2006_normal_grid_S0014_daily.csv
FQA,FQA,Fengqiu,2006,Leave_One_experiments\wth_generated_qc\FQA\FQA2006.WTH,wet_year;nitrogen_stress_year;low_response_year,wet,FQA2006_normal_grid_S0014,top_yield,2006-07-11,192,36,31,"{""sim_day"": 36.0, ""doy"": 192.0, ""topwt"": 417.951774597168, ""grnwt"": 0.0, ""xlai"": 0.7242691516876221, ""totir"": 0.0, ""tofer"": NaN, ""swfac"": 0.0, ""nstres"": 0.0}",0.0,0.0,417.951774597168,0.0,0.7242691516876221,0.0,,0.0,0.0,40.0,150.0,9.107995605468744,25.107995605468744,Leave_One_experiments/all_year_offline_schedule_search/daily_outputs/FQA/FQA_2006_FQA2006_normal_grid_S0014_daily.csv
FQA,FQA,Fengqiu,2006,Leave_One_experiments\wth_generated_qc\FQA\FQA2006.WTH,wet_year;nitrogen_stress_year;low_response_year,wet,FQA2006_normal_grid_S0014,top_yield,2006-07-12,193,37,32,"{""sim_day"": 37.0, ""doy"": 193.0, ""topwt"": 486.697883605957, ""grnwt"": 0.0, ""xlai"": 0.8100424408912659, ""totir"": 0.0, ""tofer"": NaN, ""swfac"": 0.0, ""nstres"": 0.0}",0.0,0.0,486.697883605957,0.0,0.8100424408912659,0.0,,0.0,0.0,40.0,150.0,9.107995605468744,25.107995605468744,Leave_One_experiments/all_year_offline_schedule_search/daily_outputs/FQA/FQA_2006_FQA2006_normal_grid_S0014_daily.csv
FQA,FQA,Fengqiu,2006,Leave_One_experiments\wth_generated_qc\FQA\FQA2006.WTH,wet_year;nitrogen_stress_year;low_response_year,wet,FQA2006_normal_grid_S0014,top_yield,2006-07-13,194,38,33,"{""sim_day"": 38.0, ""doy"": 194.0, ""topwt"": 564.9272155761719, ""grnwt"": 0.0, ""xlai"": 0.901728093624115, ""totir"": 0.0, ""tofer"": NaN, ""swfac"": 0.0, ""nstres"": 0.0}",0.0,0.0,564.9272155761719,0.0,0.901728093624115,0.0,,0.0,0.0,40.0,150.0,9.107995605468744,25.107995605468744,Leave_One_experiments/all_year_offline_schedule_search/daily_outputs/FQA/FQA_2006_FQA2006_normal_grid_S0014_daily.csv
FQA,FQA,Fengqiu,2006,Leave_One_experiments\wth_generated_qc\FQA\FQA2006.WTH,wet_year;nitrogen_stress_year;low_response_year,wet,FQA2006_normal_grid_S0014,top_yield,2006-07-14,195,39,34,"{""sim_day"": 39.0, ""doy"": 195.0, ""topwt"": 644.3215942382812, ""grnwt"": 0.0, ""xlai"": 0.989514708518982, ""totir"": 0.0, ""tofer"": NaN, ""swfac"": 0.0, ""nstres"": 0.0}",0.0,0.0,644.3215942382812,0.0,0.989514708518982,0.0,,0.0,0.0,40.0,150.0,9.107995605468744,25.107995605468744,Leave_One_experiments/all_year_offline_schedule_search/daily_outputs/FQA/FQA_2006_FQA2006_normal_grid_S0014_daily.csv
FQA,FQA,Fengqiu,2006,Leave_One_experiments\wth_generated_qc\FQA\FQA2006.WTH,wet_year;nitrogen_stress_year;low_response_year,wet,FQA2006_normal_grid_S0014,top_yield,2006-07-15,196,40,35,"{""sim_day"": 40.0, ""doy"": 196.0, ""topwt"": 727.6442718505859, ""grnwt"": 0.0, ""xlai"": 1.0767484903335571, ""totir"": 0.0, ""tofer"": NaN, ""swfac"": 0.0, ""nstres"": 0.0}",0.0,0.0,727.6442718505859,0.0,1.0767484903335571,0.0,,0.0,0.0,40.0,150.0,9.107995605468744,25.107995605468744,Leave_One_experiments/all_year_offline_schedule_search/daily_outputs/FQA/FQA_2006_FQA2006_normal_grid_S0014_daily.csv
FQA,FQA,Fengqiu,2006,Leave_One_experiments\wth_generated_qc\FQA\FQA2006.WTH,wet_year;nitrogen_stress_year;low_response_year,wet,FQA2006_normal_grid_S0014,top_yield,2006-07-16,197,41,36,"{""sim_day"": 41.0, ""doy"": 197.0, ""topwt"": 808.2711791992188, ""grnwt"": 0.0, ""xlai"": 1.157128095626831, ""totir"": 0.0, ""tofer"": NaN, ""swfac"": 0.0, ""nstres"": 0.0}",0.0,0.0,808.2711791992188,0.0,1.157128095626831,0.0,,0.0,0.0,40.0,150.0,9.107995605468744,25.107995605468744,Leave_One_experiments/all_year_offline_schedule_search/daily_outputs/FQA/FQA_2006_FQA2006_normal_grid_S0014_daily.csv
FQA,FQA,Fengqiu,2006,Leave_One_experiments\wth_generated_qc\FQA\FQA2006.WTH,wet_year;nitrogen_stress_year;low_response_year,wet,FQA2006_normal_grid_S0014,top_yield,2006-07-17,198,42,37,"{""sim_day"": 42.0, ""doy"": 198.0, ""topwt"": 910.0649261474608, ""grnwt"": 0.0, ""xlai"": 1.2533624172210691, ""totir"": 0.0, ""tofer"": NaN, ""swfac"": 0.0, ""nstres"": 0.0}",0.0,0.0,910.0649261474608,0.0,1.2533624172210691,0.0,,0.0,0.0,40.0,150.0,9.107995605468744,25.107995605468744,Leave_One_experiments/all_year_offline_schedule_search/daily_outputs/FQA/FQA_2006_FQA2006_normal_grid_S0014_daily.csv
FQA,FQA,Fengqiu,2006,Leave_One_experiments\wth_generated_qc\FQA\FQA2006.WTH,wet_year;nitrogen_stress_year;low_response_year,wet,FQA2006_normal_grid_S0014,top_yield,2006-07-18,199,43,38,"{""sim_day"": 43.0, ""doy"": 199.0, ""topwt"": 993.204345703125, ""grnwt"": 0.0, ""xlai"": 1.328255295753479, ""totir"": 0.0, ""tofer"": NaN, ""swfac"": 0.0, ""nstres"": 0.0}",0.0,0.0,993.204345703125,0.0,1.328255295753479,0.0,,0.0,0.0,40.0,150.0,9.107995605468744,25.107995605468744,Leave_One_experiments/all_year_offline_schedule_search/daily_outputs/FQA/FQA_2006_FQA2006_normal_grid_S0014_daily.csv
FQA,FQA,Fengqiu,2006,Leave_One_experiments\wth_generated_qc\FQA\FQA2006.WTH,wet_year;nitrogen_stress_year;low_response_year,wet,FQA2006_normal_grid_S0014,top_yield,2006-07-19,200,44,39,"{""sim_day"": 44.0, ""doy"": 200.0, ""topwt"": 1107.361068725586, ""grnwt"": 0.0, ""xlai"": 1.4261795282363892, ""totir"": 0.0, ""tofer"": NaN, ""swfac"": 0.0, ""nstres"": 0.0}",0.0,0.0,1107.361068725586,0.0,1.4261795282363892,0.0,,0.0,0.0,40.0,150.0,9.107995605468744,25.107995605468744,Leave_One_experiments/all_year_offline_schedule_search/daily_outputs/FQA/FQA_2006_FQA2006_normal_grid_S0014_daily.csv
FQA,FQA,Fengqiu,2006,Leave_One_experiments\wth_generated_qc\FQA\FQA2006.WTH,wet_year;nitrogen_stress_year;low_response_year,wet,FQA2006_normal_grid_S0014,top_yield,2006-07-20,201,45,40,"{""sim_day"": 45.0, ""doy"": 201.0, ""topwt"": 1209.2425537109375, ""grnwt"": 0.0, ""xlai"": 1.4603040218353271, ""totir"": 0.0, ""tofer"": NaN, ""swfac"": 0.0, ""nstres"": 0.0}",0.0,0.0,1209.2425537109375,0.0,1.4603040218353271,0.0,,0.0,0.0,40.0,150.0,9.107995605468744,25.107995605468744,Leave_One_experiments/all_year_offline_schedule_search/daily_outputs/FQA/FQA_2006_FQA2006_normal_grid_S0014_daily.csv
FQA,FQA,Fengqiu,2006,Leave_One_experiments\wth_generated_qc\FQA\FQA2006.WTH,wet_year;nitrogen_stress_year;low_response_year,wet,FQA2006_normal_grid_S0014,top_yield,2006-07-21,202,46,41,"{""sim_day"": 46.0, ""doy"": 202.0, ""topwt"": 1284.8580932617188, ""grnwt"": 0.0, ""xlai"": 1.4844871759414673, ""totir"": 0.0, ""tofer"": NaN, ""swfac"": 0.0, ""nstres"": 0.0}",0.0,0.0,1284.8580932617188,0.0,1.4844871759414673,0.0,,0.0,0.0,40.0,150.0,9.107995605468744,25.107995605468744,Leave_One_experiments/all_year_offline_schedule_search/daily_outputs/FQA/FQA_2006_FQA2006_normal_grid_S0014_daily.csv
FQA,FQA,Fengqiu,2006,Leave_One_experiments\wth_generated_qc\FQA\FQA2006.WTH,wet_year;nitrogen_stress_year;low_response_year,wet,FQA2006_normal_grid_S0014,top_yield,2006-07-22,203,47,42,"{""sim_day"": 47.0, ""doy"": 203.0, ""topwt"": 1443.8681030273438, ""grnwt"": 0.0, ""xlai"": 1.5337222814559937, ""totir"": 0.0, ""tofer"": NaN, ""swfac"": 0.0, ""nstres"": 0.0}",0.0,0.0,1443.8681030273438,0.0,1.5337222814559937,0.0,,0.0,0.0,40.0,150.0,9.107995605468744,25.107995605468744,Leave_One_experiments/all_year_offline_schedule_search/daily_outputs/FQA/FQA_2006_FQA2006_normal_grid_S0014_daily.csv
FQA,FQA,Fengqiu,2006,Leave_One_experiments\wth_generated_qc\FQA\FQA2006.WTH,wet_year;nitrogen_stress_year;low_response_year,wet,FQA2006_normal_grid_S0014,top_yield,2006-07-23,204,48,43,"{""sim_day"": 48.0, ""doy"": 204.0, ""topwt"": 1664.88037109375, ""grnwt"": 0.0, ""xlai"": 1.5997231006622314, ""totir"": 0.0, ""tofer"": NaN, ""swfac"": 0.0, ""nstres"": 0.0}",0.0,0.0,1664.88037109375,0.0,1.5997231006622314,0.0,,0.0,0.0,40.0,150.0,9.107995605468744,25.107995605468744,Leave_One_experiments/all_year_offline_schedule_search/daily_outputs/FQA/FQA_2006_FQA2006_normal_grid_S0014_daily.csv
FQA,FQA,Fengqiu,2006,Leave_One_experiments\wth_generated_qc\FQA\FQA2006.WTH,wet_year;nitrogen_stress_year;low_response_year,wet,FQA2006_normal_grid_S0014,top_yield,2006-07-24,205,49,44,"{""sim_day"": 49.0, ""doy"": 205.0, ""topwt"": 1870.0942993164065, ""grnwt"": 0.0, ""xlai"": 1.6588655710220337, ""totir"": 0.0, ""tofer"": NaN, ""swfac"": 0.0, ""nstres"": 0.0}",0.0,0.0,1870.0942993164065,0.0,1.6588655710220337,0.0,,0.0,0.0,40.0,150.0,9.107995605468744,25.107995605468744,Leave_One_experiments/all_year_offline_schedule_search/daily_outputs/FQA/FQA_2006_FQA2006_normal_grid_S0014_daily.csv
FQA,FQA,Fengqiu,2006,Leave_One_experiments\wth_generated_qc\FQA\FQA2006.WTH,wet_year;nitrogen_stress_year;low_response_year,wet,FQA2006_normal_grid_S0014,top_yield,2006-07-25,206,50,45,"{""sim_day"": 50.0, ""doy"": 206.0, ""topwt"": 2082.3614501953125, ""grnwt"": 0.0, ""xlai"": 1.7181956768035889, ""totir"": 0.0, ""tofer"": NaN, ""swfac"": 0.0, ""nstres"": 0.0}",0.0,0.0,2082.3614501953125,0.0,1.7181956768035889,0.0,,0.0,0.0,40.0,150.0,9.107995605468744,25.107995605468744,Leave_One_experiments/all_year_offline_schedule_search/daily_outputs/FQA/FQA_2006_FQA2006_normal_grid_S0014_daily.csv
FQA,FQA,Fengqiu,2006,Leave_One_experiments\wth_generated_qc\FQA\FQA2006.WTH,wet_year;nitrogen_stress_year;low_response_year,wet,FQA2006_normal_grid_S0014,top_yield,2006-07-26,207,51,46,"{""sim_day"": 51.0, ""doy"": 207.0, ""topwt"": 2229.7413635253906, ""grnwt"": 0.0, ""xlai"": 1.7581732273101809, ""totir"": 0.0, ""tofer"": NaN, ""swfac"": 0.0, ""nstres"": 0.0}",0.0,0.0,2229.7413635253906,0.0,1.7581732273101809,0.0,,0.0,0.0,40.0,150.0,9.107995605468744,25.107995605468744,Leave_One_experiments/all_year_offline_schedule_search/daily_outputs/FQA/FQA_2006_FQA2006_normal_grid_S0014_daily.csv
FQA,FQA,Fengqiu,2006,Leave_One_experiments\wth_generated_qc\FQA\FQA2006.WTH,wet_year;nitrogen_stress_year;low_response_year,wet,FQA2006_normal_grid_S0014,top_yield,2006-07-27,208,52,47,"{""sim_day"": 52.0, ""doy"": 208.0, ""topwt"": 2441.626892089844, ""grnwt"": 0.0, ""xlai"": 1.8140206336975095, ""totir"": 0.0, ""tofer"": NaN, ""swfac"": 0.0, ""nstres"": 0.0}",0.0,0.0,2441.626892089844,0.0,1.8140206336975095,0.0,,0.0,0.0,40.0,150.0,9.107995605468744,25.107995605468744,Leave_One_experiments/all_year_offline_schedule_search/daily_outputs/FQA/FQA_2006_FQA2006_normal_grid_S0014_daily.csv
FQA,FQA,Fengqiu,2006,Leave_One_experiments\wth_generated_qc\FQA\FQA2006.WTH,wet_year;nitrogen_stress_year;low_response_year,wet,FQA2006_normal_grid_S0014,top_yield,2006-07-28,209,53,48,"{""sim_day"": 53.0, ""doy"": 209.0, ""topwt"": 2579.6466064453125, ""grnwt"": 0.0, ""xlai"": 1.8493120670318604, ""totir"": 0.0, ""tofer"": NaN, ""swfac"": 0.0, ""nstres"": 0.0}",0.0,0.0,2579.6466064453125,0.0,1.8493120670318604,0.0,,0.0,0.0,40.0,150.0,9.107995605468744,25.107995605468744,Leave_One_experiments/all_year_offline_schedule_search/daily_outputs/FQA/FQA_2006_FQA2006_normal_grid_S0014_daily.csv
FQA,FQA,Fengqiu,2006,Leave_One_experiments\wth_generated_qc\FQA\FQA2006.WTH,wet_year;nitrogen_stress_year;low_response_year,wet,FQA2006_normal_grid_S0014,top_yield,2006-07-29,210,54,49,"{""sim_day"": 54.0, ""doy"": 210.0, ""topwt"": 2841.57470703125, ""grnwt"": 0.0, ""xlai"": 1.916346788406372, ""totir"": 0.0, ""tofer"": NaN, ""swfac"": 0.0, ""nstres"": 0.0}",0.0,0.0,2841.57470703125,0.0,1.916346788406372,0.0,,0.0,0.0,40.0,150.0,9.107995605468744,25.107995605468744,Leave_One_experiments/all_year_offline_schedule_search/daily_outputs/FQA/FQA_2006_FQA2006_normal_grid_S0014_daily.csv
FQA,FQA,Fengqiu,2006,Leave_One_experiments\wth_generated_qc\FQA\FQA2006.WTH,wet_year;nitrogen_stress_year;low_response_year,wet,FQA2006_normal_grid_S0014,top_yield,2006-07-30,211,55,50,"{""sim_day"": 55.0, ""doy"": 211.0, ""topwt"": 3011.285400390625, ""grnwt"": 0.0, ""xlai"": 1.959657907485962, ""totir"": 0.0, ""tofer"": NaN, ""swfac"": 0.0, ""nstres"": 0.0}",0.0,0.0,3011.285400390625,0.0,1.959657907485962,0.0,,0.0,0.0,40.0,150.0,9.107995605468744,25.107995605468744,Leave_One_experiments/all_year_offline_schedule_search/daily_outputs/FQA/FQA_2006_FQA2006_normal_grid_S0014_daily.csv
FQA,FQA,Fengqiu,2006,Leave_One_experiments\wth_generated_qc\FQA\FQA2006.WTH,wet_year;nitrogen_stress_year;low_response_year,wet,FQA2006_normal_grid_S0014,top_yield,2006-07-31,212,56,51,"{""sim_day"": 56.0, ""doy"": 212.0, ""topwt"": 3253.6962890625, ""grnwt"": 0.0, ""xlai"": 2.021510124206543, ""totir"": 0.0, ""tofer"": NaN, ""swfac"": 0.0, ""nstres"": 0.0}",0.0,0.0,3253.6962890625,0.0,2.021510124206543,0.0,,0.0,0.0,40.0,150.0,9.107995605468744,25.107995605468744,Leave_One_experiments/all_year_offline_schedule_search/daily_outputs/FQA/FQA_2006_FQA2006_normal_grid_S0014_daily.csv
FQA,FQA,Fengqiu,2006,Leave_One_experiments\wth_generated_qc\FQA\FQA2006.WTH,wet_year;nitrogen_stress_year;low_response_year,wet,FQA2006_normal_grid_S0014,top_yield,2006-08-01,213,57,52,"{""sim_day"": 57.0, ""doy"": 213.0, ""topwt"": 3472.1246337890625, ""grnwt"": 0.0, ""xlai"": 2.077141046524048, ""totir"": 0.0, ""tofer"": NaN, ""swfac"": 0.0, ""nstres"": 0.0}",0.0,0.0,3472.1246337890625,0.0,2.077141046524048,0.0,,0.0,0.0,40.0,150.0,9.107995605468744,25.107995605468744,Leave_One_experiments/all_year_offline_schedule_search/daily_outputs/FQA/FQA_2006_FQA2006_normal_grid_S0014_daily.csv
FQA,FQA,Fengqiu,2006,Leave_One_experiments\wth_generated_qc\FQA\FQA2006.WTH,wet_year;nitrogen_stress_year;low_response_year,wet,FQA2006_normal_grid_S0014,top_yield,2006-08-02,214,58,53,"{""sim_day"": 58.0, ""doy"": 214.0, ""topwt"": 3571.6726684570312, ""grnwt"": 0.0, ""xlai"": 2.1023240089416504, ""totir"": 0.0, ""tofer"": NaN, ""swfac"": 0.0, ""nstres"": 0.0}",0.0,0.0,3571.6726684570312,0.0,2.1023240089416504,0.0,,0.0,0.0,40.0,150.0,9.107995605468744,25.107995605468744,Leave_One_experiments/all_year_offline_schedule_search/daily_outputs/FQA/FQA_2006_FQA2006_normal_grid_S0014_daily.csv
FQA,FQA,Fengqiu,2006,Leave_One_experiments\wth_generated_qc\FQA\FQA2006.WTH,wet_year;nitrogen_stress_year;low_response_year,wet,FQA2006_normal_grid_S0014,top_yield,2006-08-03,215,59,54,"{""sim_day"": 59.0, ""doy"": 215.0, ""topwt"": 3756.7474365234375, ""grnwt"": 0.0, ""xlai"": 2.149333953857422, ""totir"": 0.0, ""tofer"": NaN, ""swfac"": 0.0, ""nstres"": 0.0}",0.0,0.0,3756.7474365234375,0.0,2.149333953857422,0.0,,0.0,0.0,40.0,150.0,9.107995605468744,25.107995605468744,Leave_One_experiments/all_year_offline_schedule_search/daily_outputs/FQA/FQA_2006_FQA2006_normal_grid_S0014_daily.csv
FQA,FQA,Fengqiu,2006,Leave_One_experiments\wth_generated_qc\FQA\FQA2006.WTH,wet_year;nitrogen_stress_year;low_response_year,wet,FQA2006_normal_grid_S0014,top_yield,2006-08-04,216,60,55,"{""sim_day"": 60.0, ""doy"": 216.0, ""topwt"": 3945.269775390625, ""grnwt"": 0.0, ""xlai"": 2.197164297103882, ""totir"": 0.0, ""tofer"": NaN, ""swfac"": 0.0, ""nstres"": 0.0}",0.0,0.0,3945.269775390625,0.0,2.197164297103882,0.0,,0.0,0.0,40.0,150.0,9.107995605468744,25.107995605468744,Leave_One_experiments/all_year_offline_schedule_search/daily_outputs/FQA/FQA_2006_FQA2006_normal_grid_S0014_daily.csv
FQA,FQA,Fengqiu,2006,Leave_One_experiments\wth_generated_qc\FQA\FQA2006.WTH,wet_year;nitrogen_stress_year;low_response_year,wet,FQA2006_normal_grid_S0014,top_yield,2006-08-05,217,61,56,"{""sim_day"": 61.0, ""doy"": 217.0, ""topwt"": 4162.094421386719, ""grnwt"": 0.0, ""xlai"": 2.2521369457244877, ""totir"": 0.0, ""tofer"": NaN, ""swfac"": 0.0, ""nstres"": 0.0}",0.0,0.0,4162.094421386719,0.0,2.2521369457244877,0.0,,0.0,0.0,40.0,150.0,9.107995605468744,25.107995605468744,Leave_One_experiments/all_year_offline_schedule_search/daily_outputs/FQA/FQA_2006_FQA2006_normal_grid_S0014_daily.csv
FQA,FQA,Fengqiu,2006,Leave_One_experiments\wth_generated_qc\FQA\FQA2006.WTH,wet_year;nitrogen_stress_year;low_response_year,wet,FQA2006_normal_grid_S0014,top_yield,2006-08-06,218,62,57,"{""sim_day"": 62.0, ""doy"": 218.0, ""topwt"": 4405.672912597656, ""grnwt"": 0.0, ""xlai"": 2.136463165283203, ""totir"": 0.0, ""tofer"": NaN, ""swfac"": 0.0, ""nstres"": 0.0}",0.0,0.0,4405.672912597656,0.0,2.136463165283203,0.0,,0.0,0.0,40.0,150.0,9.107995605468744,25.107995605468744,Leave_One_experiments/all_year_offline_schedule_search/daily_outputs/FQA/FQA_2006_FQA2006_normal_grid_S0014_daily.csv
FQA,FQA,Fengqiu,2006,Leave_One_experiments\wth_generated_qc\FQA\FQA2006.WTH,wet_year;nitrogen_stress_year;low_response_year,wet,FQA2006_normal_grid_S0014,top_yield,2006-08-07,219,63,58,"{""sim_day"": 63.0, ""doy"": 219.0, ""topwt"": 4710.325622558594, ""grnwt"": 0.0, ""xlai"": 2.1250898838043213, ""totir"": 0.0, ""tofer"": NaN, ""swfac"": 0.0, ""nstres"": 0.0}",0.0,0.0,4710.325622558594,0.0,2.1250898838043213,0.0,,0.0,0.0,40.0,150.0,9.107995605468744,25.107995605468744,Leave_One_experiments/all_year_offline_schedule_search/daily_outputs/FQA/FQA_2006_FQA2006_normal_grid_S0014_daily.csv
FQA,FQA,Fengqiu,2006,Leave_One_experiments\wth_generated_qc\FQA\FQA2006.WTH,wet_year;nitrogen_stress_year;low_response_year,wet,FQA2006_normal_grid_S0014,top_yield,2006-08-08,220,64,59,"{""sim_day"": 64.0, ""doy"": 220.0, ""topwt"": 5030.206298828125, ""grnwt"": 0.0, ""xlai"": 2.113462448120117, ""totir"": 0.0, ""tofer"": NaN, ""swfac"": 0.0, ""nstres"": 0.0}",0.0,0.0,5030.206298828125,0.0,2.113462448120117,0.0,,0.0,0.0,40.0,150.0,9.107995605468744,25.107995605468744,Leave_One_experiments/all_year_offline_schedule_search/daily_outputs/FQA/FQA_2006_FQA2006_normal_grid_S0014_daily.csv
FQA,FQA,Fengqiu,2006,Leave_One_experiments\wth_generated_qc\FQA\FQA2006.WTH,wet_year;nitrogen_stress_year;low_response_year,wet,FQA2006_normal_grid_S0014,top_yield,2006-08-09,221,65,60,"{""sim_day"": 65.0, ""doy"": 221.0, ""topwt"": 5308.5491943359375, ""grnwt"": 0.0, ""xlai"": 2.1020045280456543, ""totir"": 0.0, ""tofer"": NaN, ""swfac"": 0.0, ""nstres"": 0.0}",0.0,0.0,5308.5491943359375,0.0,2.1020045280456543,0.0,,0.0,50.0,40.0,150.0,9.107995605468744,25.107995605468744,Leave_One_experiments/all_year_offline_schedule_search/daily_outputs/FQA/FQA_2006_FQA2006_normal_grid_S0014_daily.csv
FQA,FQA,Fengqiu,2006,Leave_One_experiments\wth_generated_qc\FQA\FQA2006.WTH,wet_year;nitrogen_stress_year;low_response_year,wet,FQA2006_normal_grid_S0014,top_yield,2006-08-10,222,66,61,"{""sim_day"": 66.0, ""doy"": 222.0, ""topwt"": 5552.9791259765625, ""grnwt"": 0.0, ""xlai"": 2.0904901027679443, ""totir"": 0.0, ""tofer"": NaN, ""swfac"": 0.0, ""nstres"": 0.0}",0.0,0.0,5552.9791259765625,0.0,2.0904901027679443,0.0,,0.0,0.0,40.0,150.0,9.107995605468744,25.107995605468744,Leave_One_experiments/all_year_offline_schedule_search/daily_outputs/FQA/FQA_2006_FQA2006_normal_grid_S0014_daily.csv
FQA,FQA,Fengqiu,2006,Leave_One_experiments\wth_generated_qc\FQA\FQA2006.WTH,wet_year;nitrogen_stress_year;low_response_year,wet,FQA2006_normal_grid_S0014,top_yield,2006-08-11,223,67,62,"{""sim_day"": 67.0, ""doy"": 223.0, ""topwt"": 5781.385498046875, ""grnwt"": 0.0, ""xlai"": 2.0785577297210693, ""totir"": 0.0, ""tofer"": NaN, ""swfac"": 0.0, ""nstres"": 0.0}",0.0,0.0,5781.385498046875,0.0,2.0785577297210693,0.0,,0.0,0.0,40.0,150.0,9.107995605468744,25.107995605468744,Leave_One_experiments/all_year_offline_schedule_search/daily_outputs/FQA/FQA_2006_FQA2006_normal_grid_S0014_daily.csv
FQA,FQA,Fengqiu,2006,Leave_One_experiments\wth_generated_qc\FQA\FQA2006.WTH,wet_year;nitrogen_stress_year;low_response_year,wet,FQA2006_normal_grid_S0014,top_yield,2006-08-12,224,68,63,"{""sim_day"": 68.0, ""doy"": 224.0, ""topwt"": 6002.6556396484375, ""grnwt"": 0.0, ""xlai"": 2.066422462463379, ""totir"": 0.0, ""tofer"": NaN, ""swfac"": 0.0, ""nstres"": 0.0}",0.0,0.0,6002.6556396484375,0.0,2.066422462463379,0.0,,0.0,0.0,40.0,150.0,9.107995605468744,25.107995605468744,Leave_One_experiments/all_year_offline_schedule_search/daily_outputs/FQA/FQA_2006_FQA2006_normal_grid_S0014_daily.csv
FQA,FQA,Fengqiu,2006,Leave_One_experiments\wth_generated_qc\FQA\FQA2006.WTH,wet_year;nitrogen_stress_year;low_response_year,wet,FQA2006_normal_grid_S0014,top_yield,2006-08-13,225,69,64,"{""sim_day"": 69.0, ""doy"": 225.0, ""topwt"": 6119.503173828125, ""grnwt"": 0.0, ""xlai"": 2.05521821975708, ""totir"": 0.0, ""tofer"": NaN, ""swfac"": 0.0, ""nstres"": 0.0}",0.0,0.0,6119.503173828125,0.0,2.05521821975708,0.0,,0.0,0.0,40.0,150.0,9.107995605468744,25.107995605468744,Leave_One_experiments/all_year_offline_schedule_search/daily_outputs/FQA/FQA_2006_FQA2006_normal_grid_S0014_daily.csv
FQA,FQA,Fengqiu,2006,Leave_One_experiments\wth_generated_qc\FQA\FQA2006.WTH,wet_year;nitrogen_stress_year;low_response_year,wet,FQA2006_normal_grid_S0014,top_yield,2006-08-14,226,70,65,"{""sim_day"": 70.0, ""doy"": 226.0, ""topwt"": 6316.419677734375, ""grnwt"": 456.22974395751953, ""xlai"": 2.00474214553833, ""totir"": 40.0, ""tofer"": NaN, ""swfac"": 0.0, ""nstres"": 0.0}",0.0,0.0,6316.419677734375,456.22974395751953,2.00474214553833,40.0,,40.0,0.0,40.0,150.0,9.107995605468744,25.107995605468744,Leave_One_experiments/all_year_offline_schedule_search/daily_outputs/FQA/FQA_2006_FQA2006_normal_grid_S0014_daily.csv
FQA,FQA,Fengqiu,2006,Leave_One_experiments\wth_generated_qc\FQA\FQA2006.WTH,wet_year;nitrogen_stress_year;low_response_year,wet,FQA2006_normal_grid_S0014,top_yield,2006-08-15,227,71,66,"{""sim_day"": 71.0, ""doy"": 227.0, ""topwt"": 6674.068603515625, ""grnwt"": 895.3507995605469, ""xlai"": 1.994817137718201, ""totir"": 40.0, ""tofer"": NaN, ""swfac"": 0.0, ""nstres"": 0.0}",0.0,0.0,6674.068603515625,895.3507995605469,1.994817137718201,40.0,,0.0,0.0,40.0,150.0,9.107995605468744,25.107995605468744,Leave_One_experiments/all_year_offline_schedule_search/daily_outputs/FQA/FQA_2006_FQA2006_normal_grid_S0014_daily.csv
FQA,FQA,Fengqiu,2006,Leave_One_experiments\wth_generated_qc\FQA\FQA2006.WTH,wet_year;nitrogen_stress_year;low_response_year,wet,FQA2006_normal_grid_S0014,top_yield,2006-08-16,228,72,67,"{""sim_day"": 72.0, ""doy"": 228.0, ""topwt"": 7052.984619140625, ""grnwt"": 1351.5805053710938, ""xlai"": 1.9830751419067385, ""totir"": 40.0, ""tofer"": NaN, ""swfac"": 0.0, ""nstres"": 0.0}",0.0,0.0,7052.984619140625,1351.5805053710938,1.9830751419067385,40.0,,0.0,0.0,40.0,150.0,9.107995605468744,25.107995605468744,Leave_One_experiments/all_year_offline_schedule_search/daily_outputs/FQA/FQA_2006_FQA2006_normal_grid_S0014_daily.csv
FQA,FQA,Fengqiu,2006,Leave_One_experiments\wth_generated_qc\FQA\FQA2006.WTH,wet_year;nitrogen_stress_year;low_response_year,wet,FQA2006_normal_grid_S0014,top_yield,2006-08-17,229,73,68,"{""sim_day"": 73.0, ""doy"": 229.0, ""topwt"": 7429.268798828125, ""grnwt"": 1807.8102111816409, ""xlai"": 1.9696112871170044, ""totir"": 40.0, ""tofer"": NaN, ""swfac"": 0.0, ""nstres"": 0.0}",0.0,0.0,7429.268798828125,1807.8102111816409,1.9696112871170044,40.0,,0.0,0.0,40.0,150.0,9.107995605468744,25.107995605468744,Leave_One_experiments/all_year_offline_schedule_search/daily_outputs/FQA/FQA_2006_FQA2006_normal_grid_S0014_daily.csv
FQA,FQA,Fengqiu,2006,Leave_One_experiments\wth_generated_qc\FQA\FQA2006.WTH,wet_year;nitrogen_stress_year;low_response_year,wet,FQA2006_normal_grid_S0014,top_yield,2006-08-18,230,74,69,"{""sim_day"": 74.0, ""doy"": 230.0, ""topwt"": 7820.027465820312, ""grnwt"": 2264.0399169921875, ""xlai"": 1.955084562301636, ""totir"": 40.0, ""tofer"": NaN, ""swfac"": 0.0, ""nstres"": 0.0}",0.0,0.0,7820.027465820312,2264.0399169921875,1.955084562301636,40.0,,0.0,0.0,40.0,150.0,9.107995605468744,25.107995605468744,Leave_One_experiments/all_year_offline_schedule_search/daily_outputs/FQA/FQA_2006_FQA2006_normal_grid_S0014_daily.csv
FQA,FQA,Fengqiu,2006,Leave_One_experiments\wth_generated_qc\FQA\FQA2006.WTH,wet_year;nitrogen_stress_year;low_response_year,wet,FQA2006_normal_grid_S0014,top_yield,2006-08-19,231,75,70,"{""sim_day"": 75.0, ""doy"": 231.0, ""topwt"": 8153.396606445312, ""grnwt"": 2720.269775390625, ""xlai"": 1.9385132789611816, ""totir"": 40.0, ""tofer"": NaN, ""swfac"": 0.0, ""nstres"": 0.0}",0.0,0.0,8153.396606445312,2720.269775390625,1.9385132789611816,40.0,,0.0,0.0,40.0,150.0,9.107995605468744,25.107995605468744,Leave_One_experiments/all_year_offline_schedule_search/daily_outputs/FQA/FQA_2006_FQA2006_normal_grid_S0014_daily.csv
FQA,FQA,Fengqiu,2006,Leave_One_experiments\wth_generated_qc\FQA\FQA2006.WTH,wet_year;nitrogen_stress_year;low_response_year,wet,FQA2006_normal_grid_S0014,top_yield,2006-08-20,232,76,71,"{""sim_day"": 76.0, ""doy"": 232.0, ""topwt"": 8112.420654296875, ""grnwt"": 2779.449462890625, ""xlai"": 1.9217242002487185, ""totir"": 40.0, ""tofer"": NaN, ""swfac"": 0.0, ""nstres"": 0.0}",0.0,0.0,8112.420654296875,2779.449462890625,1.9217242002487185,40.0,,0.0,0.0,40.0,150.0,9.107995605468744,25.107995605468744,Leave_One_experiments/all_year_offline_schedule_search/daily_outputs/FQA/FQA_2006_FQA2006_normal_grid_S0014_daily.csv
FQA,FQA,Fengqiu,2006,Leave_One_experiments\wth_generated_qc\FQA\FQA2006.WTH,wet_year;nitrogen_stress_year;low_response_year,wet,FQA2006_normal_grid_S0014,top_yield,2006-08-21,233,77,72,"{""sim_day"": 77.0, ""doy"": 233.0, ""topwt"": 8362.099609375, ""grnwt"": 3029.1287231445312, ""xlai"": 1.902449131011963, ""totir"": 40.0, ""tofer"": NaN, ""swfac"": 0.0, ""nstres"": 0.0}",0.0,0.0,8362.099609375,3029.1287231445312,1.902449131011963,40.0,,0.0,0.0,40.0,150.0,9.107995605468744,25.107995605468744,Leave_One_experiments/all_year_offline_schedule_search/daily_outputs/FQA/FQA_2006_FQA2006_normal_grid_S0014_daily.csv
FQA,FQA,Fengqiu,2006,Leave_One_experiments\wth_generated_qc\FQA\FQA2006.WTH,wet_year;nitrogen_stress_year;low_response_year,wet,FQA2006_normal_grid_S0014,top_yield,2006-08-22,234,78,73,"{""sim_day"": 78.0, ""doy"": 234.0, ""topwt"": 8681.5380859375, ""grnwt"": 3348.5671997070312, ""xlai"": 1.8784292936325075, ""totir"": 40.0, ""tofer"": NaN, ""swfac"": 0.0, ""nstres"": 0.0}",0.0,0.0,8681.5380859375,3348.5671997070312,1.8784292936325075,40.0,,0.0,0.0,40.0,150.0,9.107995605468744,25.107995605468744,Leave_One_experiments/all_year_offline_schedule_search/daily_outputs/FQA/FQA_2006_FQA2006_normal_grid_S0014_daily.csv
FQA,FQA,Fengqiu,2006,Leave_One_experiments\wth_generated_qc\FQA\FQA2006.WTH,wet_year;nitrogen_stress_year;low_response_year,wet,FQA2006_normal_grid_S0014,top_yield,2006-08-23,235,79,74,"{""sim_day"": 79.0, ""doy"": 235.0, ""topwt"": 8859.429931640625, ""grnwt"": 3526.4581298828125, ""xlai"": 1.8499751091003416, ""totir"": 40.0, ""tofer"": NaN, ""swfac"": 0.0, ""nstres"": 0.0}",0.0,0.0,8859.429931640625,3526.4581298828125,1.8499751091003416,40.0,,0.0,0.0,40.0,150.0,9.107995605468744,25.107995605468744,Leave_One_experiments/all_year_offline_schedule_search/daily_outputs/FQA/FQA_2006_FQA2006_normal_grid_S0014_daily.csv
FQA,FQA,Fengqiu,2006,Leave_One_experiments\wth_generated_qc\FQA\FQA2006.WTH,wet_year;nitrogen_stress_year;low_response_year,wet,FQA2006_normal_grid_S0014,top_yield,2006-08-24,236,80,75,"{""sim_day"": 80.0, ""doy"": 236.0, ""topwt"": 8985.74951171875, ""grnwt"": 3652.7777099609375, ""xlai"": 1.8162845373153689, ""totir"": 40.0, ""tofer"": NaN, ""swfac"": 0.0, ""nstres"": 0.0}",0.0,0.0,8985.74951171875,3652.7777099609375,1.8162845373153689,40.0,,0.0,0.0,40.0,150.0,9.107995605468744,25.107995605468744,Leave_One_experiments/all_year_offline_schedule_search/daily_outputs/FQA/FQA_2006_FQA2006_normal_grid_S0014_daily.csv
FQA,FQA,Fengqiu,2006,Leave_One_experiments\wth_generated_qc\FQA\FQA2006.WTH,wet_year;nitrogen_stress_year;low_response_year,wet,FQA2006_normal_grid_S0014,top_yield,2006-08-25,237,81,76,"{""sim_day"": 81.0, ""doy"": 237.0, ""topwt"": 9133.5205078125, ""grnwt"": 3800.548706054688, ""xlai"": 1.7813204526901243, ""totir"": 40.0, ""tofer"": NaN, ""swfac"": 0.0, ""nstres"": 0.0}",0.0,0.0,9133.5205078125,3800.548706054688,1.7813204526901243,40.0,,0.0,0.0,40.0,150.0,9.107995605468744,25.107995605468744,Leave_One_experiments/all_year_offline_schedule_search/daily_outputs/FQA/FQA_2006_FQA2006_normal_grid_S0014_daily.csv
FQA,FQA,Fengqiu,2006,Leave_One_experiments\wth_generated_qc\FQA\FQA2006.WTH,wet_year;nitrogen_stress_year;low_response_year,wet,FQA2006_normal_grid_S0014,top_yield,2006-08-26,238,82,77,"{""sim_day"": 82.0, ""doy"": 238.0, ""topwt"": 9348.50341796875, ""grnwt"": 4015.5322265625, ""xlai"": 1.740081548690796, ""totir"": 40.0, ""tofer"": NaN, ""swfac"": 0.0, ""nstres"": 0.0}",0.0,0.0,9348.50341796875,4015.5322265625,1.740081548690796,40.0,,0.0,0.0,40.0,150.0,9.107995605468744,25.107995605468744,Leave_One_experiments/all_year_offline_schedule_search/daily_outputs/FQA/FQA_2006_FQA2006_normal_grid_S0014_daily.csv
FQA,FQA,Fengqiu,2006,Leave_One_experiments\wth_generated_qc\FQA\FQA2006.WTH,wet_year;nitrogen_stress_year;low_response_year,wet,FQA2006_normal_grid_S0014,top_yield,2006-08-27,239,83,78,"{""sim_day"": 83.0, ""doy"": 239.0, ""topwt"": 9467.96875, ""grnwt"": 4134.997253417969, ""xlai"": 1.6946741342544556, ""totir"": 40.0, ""tofer"": NaN, ""swfac"": 0.0, ""nstres"": 0.0}",0.0,0.0,9467.96875,4134.997253417969,1.6946741342544556,40.0,,0.0,0.0,40.0,150.0,9.107995605468744,25.107995605468744,Leave_One_experiments/all_year_offline_schedule_search/daily_outputs/FQA/FQA_2006_FQA2006_normal_grid_S0014_daily.csv
FQA,FQA,Fengqiu,2006,Leave_One_experiments\wth_generated_qc\FQA\FQA2006.WTH,wet_year;nitrogen_stress_year;low_response_year,wet,FQA2006_normal_grid_S0014,top_yield,2006-08-28,240,84,79,"{""sim_day"": 84.0, ""doy"": 240.0, ""topwt"": 9545.05126953125, ""grnwt"": 4212.080078125, ""xlai"": 1.6563293933868408, ""totir"": 40.0, ""tofer"": NaN, ""swfac"": 0.0, ""nstres"": 0.0}",0.0,0.0,9545.05126953125,4212.080078125,1.6563293933868408,40.0,,0.0,0.0,40.0,150.0,9.107995605468744,25.107995605468744,Leave_One_experiments/all_year_offline_schedule_search/daily_outputs/FQA/FQA_2006_FQA2006_normal_grid_S0014_daily.csv
FQA,FQA,Fengqiu,2006,Leave_One_experiments\wth_generated_qc\FQA\FQA2006.WTH,wet_year;nitrogen_stress_year;low_response_year,wet,FQA2006_normal_grid_S0014,top_yield,2006-08-29,241,85,80,"{""sim_day"": 85.0, ""doy"": 241.0, ""topwt"": 9576.656494140623, ""grnwt"": 4243.685302734375, ""xlai"": 1.6198651790618896, ""totir"": 40.0, ""tofer"": NaN, ""swfac"": 0.0, ""nstres"": 0.0}",0.0,0.0,9576.656494140623,4243.685302734375,1.6198651790618896,40.0,,0.0,0.0,40.0,150.0,9.107995605468744,25.107995605468744,Leave_One_experiments/all_year_offline_schedule_search/daily_outputs/FQA/FQA_2006_FQA2006_normal_grid_S0014_daily.csv
FQA,FQA,Fengqiu,2006,Leave_One_experiments\wth_generated_qc\FQA\FQA2006.WTH,wet_year;nitrogen_stress_year;low_response_year,wet,FQA2006_normal_grid_S0014,top_yield,2006-08-30,242,86,81,"{""sim_day"": 86.0, ""doy"": 242.0, ""topwt"": 9654.71435546875, ""grnwt"": 4321.743469238281, ""xlai"": 1.581264615058899, ""totir"": 40.0, ""tofer"": NaN, ""swfac"": 0.0, ""nstres"": 0.0}",0.0,0.0,9654.71435546875,4321.743469238281,1.581264615058899,40.0,,0.0,0.0,40.0,150.0,9.107995605468744,25.107995605468744,Leave_One_experiments/all_year_offline_schedule_search/daily_outputs/FQA/FQA_2006_FQA2006_normal_grid_S0014_daily.csv
FQA,FQA,Fengqiu,2006,Leave_One_experiments\wth_generated_qc\FQA\FQA2006.WTH,wet_year;nitrogen_stress_year;low_response_year,wet,FQA2006_normal_grid_S0014,top_yield,2006-08-31,243,87,82,"{""sim_day"": 87.0, ""doy"": 243.0, ""topwt"": 9762.5439453125, ""grnwt"": 4429.573669433594, ""xlai"": 1.5291128158569336, ""totir"": 40.0, ""tofer"": NaN, ""swfac"": 0.0, ""nstres"": 0.0}",0.0,0.0,9762.5439453125,4429.573669433594,1.5291128158569336,40.0,,0.0,0.0,40.0,150.0,9.107995605468744,25.107995605468744,Leave_One_experiments/all_year_offline_schedule_search/daily_outputs/FQA/FQA_2006_FQA2006_normal_grid_S0014_daily.csv
FQA,FQA,Fengqiu,2006,Leave_One_experiments\wth_generated_qc\FQA\FQA2006.WTH,wet_year;nitrogen_stress_year;low_response_year,wet,FQA2006_normal_grid_S0014,top_yield,2006-09-01,244,88,83,"{""sim_day"": 88.0, ""doy"": 244.0, ""topwt"": 9909.576416015623, ""grnwt"": 4576.606140136719, ""xlai"": 1.4718724489212036, ""totir"": 40.0, ""tofer"": NaN, ""swfac"": 0.0, ""nstres"": 0.0}",0.0,0.0,9909.576416015623,4576.606140136719,1.4718724489212036,40.0,,0.0,0.0,40.0,150.0,9.107995605468744,25.107995605468744,Leave_One_experiments/all_year_offline_schedule_search/daily_outputs/FQA/FQA_2006_FQA2006_normal_grid_S0014_daily.csv
FQA,FQA,Fengqiu,2006,Leave_One_experiments\wth_generated_qc\FQA\FQA2006.WTH,wet_year;nitrogen_stress_year;low_response_year,wet,FQA2006_normal_grid_S0014,top_yield,2006-09-02,245,89,84,"{""sim_day"": 89.0, ""doy"": 245.0, ""topwt"": 10073.572998046877, ""grnwt"": 4740.602111816406, ""xlai"": 1.4076528549194336, ""totir"": 40.0, ""tofer"": NaN, ""swfac"": 0.0, ""nstres"": 0.0}",0.0,0.0,10073.572998046877,4740.602111816406,1.4076528549194336,40.0,,0.0,0.0,40.0,150.0,9.107995605468744,25.107995605468744,Leave_One_experiments/all_year_offline_schedule_search/daily_outputs/FQA/FQA_2006_FQA2006_normal_grid_S0014_daily.csv
FQA,FQA,Fengqiu,2006,Leave_One_experiments\wth_generated_qc\FQA\FQA2006.WTH,wet_year;nitrogen_stress_year;low_response_year,wet,FQA2006_normal_grid_S0014,top_yield,2006-09-03,246,90,85,"{""sim_day"": 90.0, ""doy"": 246.0, ""topwt"": 10098.448486328123, ""grnwt"": 4765.478210449219, ""xlai"": 1.3639792203903198, ""totir"": 40.0, ""tofer"": NaN, ""swfac"": 0.0, ""nstres"": 0.0}",0.0,0.0,10098.448486328123,4765.478210449219,1.3639792203903198,40.0,,0.0,0.0,40.0,150.0,9.107995605468744,25.107995605468744,Leave_One_experiments/all_year_offline_schedule_search/daily_outputs/FQA/FQA_2006_FQA2006_normal_grid_S0014_daily.csv
FQA,FQA,Fengqiu,2006,Leave_One_experiments\wth_generated_qc\FQA\FQA2006.WTH,wet_year;nitrogen_stress_year;low_response_year,wet,FQA2006_normal_grid_S0014,top_yield,2006-09-04,247,91,86,"{""sim_day"": 91.0, ""doy"": 247.0, ""topwt"": 10345.093994140623, ""grnwt"": 5012.123107910156, ""xlai"": 1.3201473951339722, ""totir"": 40.0, ""tofer"": NaN, ""swfac"": 0.0, ""nstres"": 0.0}",0.0,0.0,10345.093994140623,5012.123107910156,1.3201473951339722,40.0,,0.0,0.0,40.0,150.0,9.107995605468744,25.107995605468744,Leave_One_experiments/all_year_offline_schedule_search/daily_outputs/FQA/FQA_2006_FQA2006_normal_grid_S0014_daily.csv
FQA,FQA,Fengqiu,2006,Leave_One_experiments\wth_generated_qc\FQA\FQA2006.WTH,wet_year;nitrogen_stress_year;low_response_year,wet,FQA2006_normal_grid_S0014,top_yield,2006-09-05,248,92,87,"{""sim_day"": 92.0, ""doy"": 248.0, ""topwt"": 10627.135009765623, ""grnwt"": 5294.1650390625, ""xlai"": 1.265068769454956, ""totir"": 40.0, ""tofer"": NaN, ""swfac"": 0.0, ""nstres"": 0.0}",0.0,0.0,10627.135009765623,5294.1650390625,1.265068769454956,40.0,,0.0,0.0,40.0,150.0,9.107995605468744,25.107995605468744,Leave_One_experiments/all_year_offline_schedule_search/daily_outputs/FQA/FQA_2006_FQA2006_normal_grid_S0014_daily.csv
FQA,FQA,Fengqiu,2006,Leave_One_experiments\wth_generated_qc\FQA\FQA2006.WTH,wet_year;nitrogen_stress_year;low_response_year,wet,FQA2006_normal_grid_S0014,top_yield,2006-09-06,249,93,88,"{""sim_day"": 93.0, ""doy"": 249.0, ""topwt"": 10749.73388671875, ""grnwt"": 5416.763916015625, ""xlai"": 1.2083414793014526, ""totir"": 40.0, ""tofer"": NaN, ""swfac"": 0.0, ""nstres"": 0.0}",0.0,0.0,10749.73388671875,5416.763916015625,1.2083414793014526,40.0,,0.0,0.0,40.0,150.0,9.107995605468744,25.107995605468744,Leave_One_experiments/all_year_offline_schedule_search/daily_outputs/FQA/FQA_2006_FQA2006_normal_grid_S0014_daily.csv
FQA,FQA,Fengqiu,2006,Leave_One_experiments\wth_generated_qc\FQA\FQA2006.WTH,wet_year;nitrogen_stress_year;low_response_year,wet,FQA2006_normal_grid_S0014,top_yield,2006-09-07,250,94,89,"{""sim_day"": 94.0, ""doy"": 250.0, ""topwt"": 10902.125244140623, ""grnwt"": 5569.1552734375, ""xlai"": 1.1514651775360107, ""totir"": 40.0, ""tofer"": NaN, ""swfac"": 0.0, ""nstres"": 0.0}",0.0,0.0,10902.125244140623,5569.1552734375,1.1514651775360107,40.0,,0.0,0.0,40.0,150.0,9.107995605468744,25.107995605468744,Leave_One_experiments/all_year_offline_schedule_search/daily_outputs/FQA/FQA_2006_FQA2006_normal_grid_S0014_daily.csv
FQA,FQA,Fengqiu,2006,Leave_One_experiments\wth_generated_qc\FQA\FQA2006.WTH,wet_year;nitrogen_stress_year;low_response_year,wet,FQA2006_normal_grid_S0014,top_yield,2006-09-08,251,95,90,"{""sim_day"": 95.0, ""doy"": 251.0, ""topwt"": 11164.00146484375, ""grnwt"": 5831.031494140625, ""xlai"": 1.110403060913086, ""totir"": 40.0, ""tofer"": NaN, ""swfac"": 0.0, ""nstres"": 0.0}",0.0,0.0,11164.00146484375,5831.031494140625,1.110403060913086,40.0,,0.0,0.0,40.0,150.0,9.107995605468744,25.107995605468744,Leave_One_experiments/all_year_offline_schedule_search/daily_outputs/FQA/FQA_2006_FQA2006_normal_grid_S0014_daily.csv
FQA,FQA,Fengqiu,2006,Leave_One_experiments\wth_generated_qc\FQA\FQA2006.WTH,wet_year;nitrogen_stress_year;low_response_year,wet,FQA2006_normal_grid_S0014,top_yield,2006-09-09,252,96,91,"{""sim_day"": 96.0, ""doy"": 252.0, ""topwt"": 11407.237548828123, ""grnwt"": 6074.2669677734375, ""xlai"": 1.0614639520645142, ""totir"": 40.0, ""tofer"": NaN, ""swfac"": 0.0, ""nstres"": 0.0}",0.0,0.0,11407.237548828123,6074.2669677734375,1.0614639520645142,40.0,,0.0,0.0,40.0,150.0,9.107995605468744,25.107995605468744,Leave_One_experiments/all_year_offline_schedule_search/daily_outputs/FQA/FQA_2006_FQA2006_normal_grid_S0014_daily.csv
FQA,FQA,Fengqiu,2006,Leave_One_experiments\wth_generated_qc\FQA\FQA2006.WTH,wet_year;nitrogen_stress_year;low_response_year,wet,FQA2006_normal_grid_S0014,top_yield,2006-09-10,253,97,92,"{""sim_day"": 97.0, ""doy"": 253.0, ""topwt"": 11647.529296875, ""grnwt"": 6314.559326171875, ""xlai"": 0.9993918538093568, ""totir"": 40.0, ""tofer"": NaN, ""swfac"": 0.0, ""nstres"": 0.0}",0.0,0.0,11647.529296875,6314.559326171875,0.9993918538093568,40.0,,0.0,0.0,40.0,150.0,9.107995605468744,25.107995605468744,Leave_One_experiments/all_year_offline_schedule_search/daily_outputs/FQA/FQA_2006_FQA2006_normal_grid_S0014_daily.csv
FQA,FQA,Fengqiu,2006,Leave_One_experiments\wth_generated_qc\FQA\FQA2006.WTH,wet_year;nitrogen_stress_year;low_response_year,wet,FQA2006_normal_grid_S0014,top_yield,2006-09-11,254,98,93,"{""sim_day"": 98.0, ""doy"": 254.0, ""topwt"": 11846.58447265625, ""grnwt"": 6513.614501953125, ""xlai"": 0.9374409914016724, ""totir"": 40.0, ""tofer"": NaN, ""swfac"": 0.0, ""nstres"": 0.0}",0.0,0.0,11846.58447265625,6513.614501953125,0.9374409914016724,40.0,,0.0,0.0,40.0,150.0,9.107995605468744,25.107995605468744,Leave_One_experiments/all_year_offline_schedule_search/daily_outputs/FQA/FQA_2006_FQA2006_normal_grid_S0014_daily.csv
FQA,FQA,Fengqiu,2006,Leave_One_experiments\wth_generated_qc\FQA\FQA2006.WTH,wet_year;nitrogen_stress_year;low_response_year,wet,FQA2006_normal_grid_S0014,top_yield,2006-09-12,255,99,94,"{""sim_day"": 99.0, ""doy"": 255.0, ""topwt"": 11993.76953125, ""grnwt"": 6660.799560546875, ""xlai"": 0.8716519474983215, ""totir"": 40.0, ""tofer"": NaN, ""swfac"": 0.0, ""nstres"": 0.0}",0.0,0.0,11993.76953125,6660.799560546875,0.8716519474983215,40.0,,0.0,0.0,40.0,150.0,9.107995605468744,25.107995605468744,Leave_One_experiments/all_year_offline_schedule_search/daily_outputs/FQA/FQA_2006_FQA2006_normal_grid_S0014_daily.csv
FQA,FQA,Fengqiu,2006,Leave_One_experiments\wth_generated_qc\FQA\FQA2006.WTH,wet_year;nitrogen_stress_year;low_response_year,wet,FQA2006_normal_grid_S0014,top_yield,2006-09-13,256,100,95,"{""sim_day"": 100.0, ""doy"": 256.0, ""topwt"": 11993.76953125, ""grnwt"": 6660.799560546875, ""xlai"": 0.8716519474983215, ""totir"": 40.0, ""tofer"": NaN, ""swfac"": 0.0, ""nstres"": 0.0}",0.0,0.0,11993.76953125,6660.799560546875,0.8716519474983215,40.0,,0.0,0.0,40.0,150.0,9.107995605468744,25.107995605468744,Leave_One_experiments/all_year_offline_schedule_search/daily_outputs/FQA/FQA_2006_FQA2006_normal_grid_S0014_daily.csv
FQA,FQA,Fengqiu,2006,Leave_One_experiments\wth_generated_qc\FQA\FQA2006.WTH,wet_year;nitrogen_stress_year;low_response_year,wet,FQA2006_normal_grid_S0014,top_yield,2006-09-14,257,101,96,"{""sim_day"": 101.0, ""doy"": 257.0, ""topwt"": 11993.76953125, ""grnwt"": 6660.799560546875, ""xlai"": 0.8716519474983215, ""totir"": 40.0, ""tofer"": NaN, ""swfac"": 0.0, ""nstres"": 0.0}",0.0,0.0,11993.76953125,6660.799560546875,0.8716519474983215,40.0,,0.0,0.0,40.0,150.0,9.107995605468744,25.107995605468744,Leave_One_experiments/all_year_offline_schedule_search/daily_outputs/FQA/FQA_2006_FQA2006_normal_grid_S0014_daily.csv
FQA,FQA,Fengqiu,2006,Leave_One_experiments\wth_generated_qc\FQA\FQA2006.WTH,wet_year;nitrogen_stress_year;low_response_year,wet,FQA2006_normal_grid_S0014,top_yield,2006-09-15,258,102,97,"{""sim_day"": 102.0, ""doy"": 258.0, ""topwt"": 11993.76953125, ""grnwt"": 6660.799560546875, ""xlai"": 0.8716519474983215, ""totir"": 40.0, ""tofer"": NaN, ""swfac"": 0.0, ""nstres"": 0.0}",0.0,0.0,11993.76953125,6660.799560546875,0.8716519474983215,40.0,,0.0,0.0,40.0,150.0,9.107995605468744,25.107995605468744,Leave_One_experiments/all_year_offline_schedule_search/daily_outputs/FQA/FQA_2006_FQA2006_normal_grid_S0014_daily.csv
FQA,FQA,Fengqiu,2007,Leave_One_experiments\wth_generated_qc\FQA\FQA2007.WTH,normal_year;water_stress_year;nitrogen_stress_year;irrigation_responsive_year,irrigation_responsive,FQA2007_stress_grid_S0012,irrigation_positive_candidate,2007-06-11,162,1,1,"{""sim_day"": 1.0, ""doy"": 162.0, ""topwt"": 0.0, ""grnwt"": 0.0, ""xlai"": 0.0, ""totir"": 0.0, ""tofer"": NaN, ""swfac"": 0.0, ""nstres"": 0.0}",0.0,0.0,0.0,0.0,0.0,0.0,,0.0,0.0,20.0,0.0,16.567059326171876,24.56705932617188,Leave_One_experiments/all_year_offline_schedule_search/daily_outputs/FQA/FQA_2007_FQA2007_stress_grid_S0012_daily.csv
FQA,FQA,Fengqiu,2007,Leave_One_experiments\wth_generated_qc\FQA\FQA2007.WTH,normal_year;water_stress_year;nitrogen_stress_year;irrigation_responsive_year,irrigation_responsive,FQA2007_stress_grid_S0012,irrigation_positive_candidate,2007-06-12,163,2,2,"{""sim_day"": 2.0, ""doy"": 163.0, ""topwt"": 0.0, ""grnwt"": 0.0, ""xlai"": 0.0, ""totir"": 0.0, ""tofer"": NaN, ""swfac"": 0.0, ""nstres"": 0.0}",0.0,0.0,0.0,0.0,0.0,0.0,,0.0,0.0,20.0,0.0,16.567059326171876,24.56705932617188,Leave_One_experiments/all_year_offline_schedule_search/daily_outputs/FQA/FQA_2007_FQA2007_stress_grid_S0012_daily.csv
FQA,FQA,Fengqiu,2007,Leave_One_experiments\wth_generated_qc\FQA\FQA2007.WTH,normal_year;water_stress_year;nitrogen_stress_year;irrigation_responsive_year,irrigation_responsive,FQA2007_stress_grid_S0012,irrigation_positive_candidate,2007-06-13,164,3,3,"{""sim_day"": 3.0, ""doy"": 164.0, ""topwt"": 0.0, ""grnwt"": 0.0, ""xlai"": 0.0, ""totir"": 0.0, ""tofer"": NaN, ""swfac"": 0.0, ""nstres"": 0.0}",0.0,0.0,0.0,0.0,0.0,0.0,,0.0,0.0,20.0,0.0,16.567059326171876,24.56705932617188,Leave_One_experiments/all_year_offline_schedule_search/daily_outputs/FQA/FQA_2007_FQA2007_stress_grid_S0012_daily.csv
FQA,FQA,Fengqiu,2007,Leave_One_experiments\wth_generated_qc\FQA\FQA2007.WTH,normal_year;water_stress_year;nitrogen_stress_year;irrigation_responsive_year,irrigation_responsive,FQA2007_stress_grid_S0012,irrigation_positive_candidate,2007-06-14,165,4,4,"{""sim_day"": 4.0, ""doy"": 165.0, ""topwt"": 0.0, ""grnwt"": 0.0, ""xlai"": 0.0, ""totir"": 0.0, ""tofer"": NaN, ""swfac"": 0.0, ""nstres"": 0.0}",0.0,0.0,0.0,0.0,0.0,0.0,,0.0,0.0,20.0,0.0,16.567059326171876,24.56705932617188,Leave_One_experiments/all_year_offline_schedule_search/daily_outputs/FQA/FQA_2007_FQA2007_stress_grid_S0012_daily.csv
FQA,FQA,Fengqiu,2007,Leave_One_experiments\wth_generated_qc\FQA\FQA2007.WTH,normal_year;water_stress_year;nitrogen_stress_year;irrigation_responsive_year,irrigation_responsive,FQA2007_stress_grid_S0012,irrigation_positive_candidate,2007-06-15,166,5,5,"{""sim_day"": 5.0, ""doy"": 166.0, ""topwt"": 0.0, ""grnwt"": 0.0, ""xlai"": 0.0, ""totir"": 0.0, ""tofer"": NaN, ""swfac"": 0.0, ""nstres"": 0.0}",0.0,0.0,0.0,0.0,0.0,0.0,,0.0,0.0,20.0,0.0,16.567059326171876,24.56705932617188,Leave_One_experiments/all_year_offline_schedule_search/daily_outputs/FQA/FQA_2007_FQA2007_stress_grid_S0012_daily.csv
FQA,FQA,Fengqiu,2007,Leave_One_experiments\wth_generated_qc\FQA\FQA2007.WTH,normal_year;water_stress_year;nitrogen_stress_year;irrigation_responsive_year,irrigation_responsive,FQA2007_stress_grid_S0012,irrigation_positive_candidate,2007-06-11,162,6,1,"{""sim_day"": 6.0, ""doy"": 162.0, ""topwt"": 0.0, ""grnwt"": 0.0, ""xlai"": 0.0, ""totir"": 0.0, ""tofer"": NaN, ""swfac"": 0.0, ""nstres"": 0.0}",0.0,0.0,0.0,0.0,0.0,0.0,,0.0,0.0,20.0,0.0,16.567059326171876,24.56705932617188,Leave_One_experiments/all_year_offline_schedule_search/daily_outputs/FQA/FQA_2007_FQA2007_stress_grid_S0012_daily.csv
FQA,FQA,Fengqiu,2007,Leave_One_experiments\wth_generated_qc\FQA\FQA2007.WTH,normal_year;water_stress_year;nitrogen_stress_year;irrigation_responsive_year,irrigation_responsive,FQA2007_stress_grid_S0012,irrigation_positive_candidate,2007-06-12,163,7,2,"{""sim_day"": 7.0, ""doy"": 163.0, ""topwt"": 0.0, ""grnwt"": 0.0, ""xlai"": 0.0, ""totir"": 0.0, ""tofer"": NaN, ""swfac"": 0.0, ""nstres"": 0.0}",0.0,0.0,0.0,0.0,0.0,0.0,,0.0,0.0,20.0,0.0,16.567059326171876,24.56705932617188,Leave_One_experiments/all_year_offline_schedule_search/daily_outputs/FQA/FQA_2007_FQA2007_stress_grid_S0012_daily.csv
FQA,FQA,Fengqiu,2007,Leave_One_experiments\wth_generated_qc\FQA\FQA2007.WTH,normal_year;water_stress_year;nitrogen_stress_year;irrigation_responsive_year,irrigation_responsive,FQA2007_stress_grid_S0012,irrigation_positive_candidate,2007-06-13,164,8,3,"{""sim_day"": 8.0, ""doy"": 164.0, ""topwt"": 0.0, ""grnwt"": 0.0, ""xlai"": 0.0, ""totir"": 0.0, ""tofer"": NaN, ""swfac"": 0.0, ""nstres"": 0.0}",0.0,0.0,0.0,0.0,0.0,0.0,,0.0,0.0,20.0,0.0,16.567059326171876,24.56705932617188,Leave_One_experiments/all_year_offline_schedule_search/daily_outputs/FQA/FQA_2007_FQA2007_stress_grid_S0012_daily.csv
FQA,FQA,Fengqiu,2007,Leave_One_experiments\wth_generated_qc\FQA\FQA2007.WTH,normal_year;water_stress_year;nitrogen_stress_year;irrigation_responsive_year,irrigation_responsive,FQA2007_stress_grid_S0012,irrigation_positive_candidate,2007-06-14,165,9,4,"{""sim_day"": 9.0, ""doy"": 165.0, ""topwt"": 0.0, ""grnwt"": 0.0, ""xlai"": 0.0, ""totir"": 0.0, ""tofer"": NaN, ""swfac"": 0.0, ""nstres"": 0.0}",0.0,0.0,0.0,0.0,0.0,0.0,,0.0,0.0,20.0,0.0,16.567059326171876,24.56705932617188,Leave_One_experiments/all_year_offline_schedule_search/daily_outputs/FQA/FQA_2007_FQA2007_stress_grid_S0012_daily.csv
FQA,FQA,Fengqiu,2007,Leave_One_experiments\wth_generated_qc\FQA\FQA2007.WTH,normal_year;water_stress_year;nitrogen_stress_year;irrigation_responsive_year,irrigation_responsive,FQA2007_stress_grid_S0012,irrigation_positive_candidate,2007-06-15,166,10,5,"{""sim_day"": 10.0, ""doy"": 166.0, ""topwt"": 32.00000047683716, ""grnwt"": 0.0, ""xlai"": 0.0031338033732026, ""totir"": 0.0, ""tofer"": NaN, ""swfac"": 0.0, ""nstres"": 0.0121910572052001}",0.0,0.0121910572052001,32.00000047683716,0.0,0.0031338033732026,0.0,,0.0,0.0,20.0,0.0,16.567059326171876,24.56705932617188,Leave_One_experiments/all_year_offline_schedule_search/daily_outputs/FQA/FQA_2007_FQA2007_stress_grid_S0012_daily.csv
FQA,FQA,Fengqiu,2007,Leave_One_experiments\wth_generated_qc\FQA\FQA2007.WTH,normal_year;water_stress_year;nitrogen_stress_year;irrigation_responsive_year,irrigation_responsive,FQA2007_stress_grid_S0012,irrigation_positive_candidate,2007-06-16,167,11,6,"{""sim_day"": 11.0, ""doy"": 167.0, ""topwt"": 32.00000047683716, ""grnwt"": 0.0, ""xlai"": 0.0057468404993414, ""totir"": 0.0, ""tofer"": NaN, ""swfac"": 0.0, ""nstres"": 0.0068503618240356}",0.0,0.0068503618240356,32.00000047683716,0.0,0.0057468404993414,0.0,,0.0,0.0,20.0,0.0,16.567059326171876,24.56705932617188,Leave_One_experiments/all_year_offline_schedule_search/daily_outputs/FQA/FQA_2007_FQA2007_stress_grid_S0012_daily.csv
FQA,FQA,Fengqiu,2007,Leave_One_experiments\wth_generated_qc\FQA\FQA2007.WTH,normal_year;water_stress_year;nitrogen_stress_year;irrigation_responsive_year,irrigation_responsive,FQA2007_stress_grid_S0012,irrigation_positive_candidate,2007-06-17,168,12,7,"{""sim_day"": 12.0, ""doy"": 168.0, ""topwt"": 32.00000047683716, ""grnwt"": 0.0, ""xlai"": 0.0085093667730689, ""totir"": 0.0, ""tofer"": NaN, ""swfac"": 0.0, ""nstres"": 0.0}",0.0,0.0,32.00000047683716,0.0,0.0085093667730689,0.0,,0.0,0.0,20.0,0.0,16.567059326171876,24.56705932617188,Leave_One_experiments/all_year_offline_schedule_search/daily_outputs/FQA/FQA_2007_FQA2007_stress_grid_S0012_daily.csv
FQA,FQA,Fengqiu,2007,Leave_One_experiments\wth_generated_qc\FQA\FQA2007.WTH,normal_year;water_stress_year;nitrogen_stress_year;irrigation_responsive_year,irrigation_responsive,FQA2007_stress_grid_S0012,irrigation_positive_candidate,2007-06-18,169,13,8,"{""sim_day"": 13.0, ""doy"": 169.0, ""topwt"": 32.00000047683716, ""grnwt"": 0.0, ""xlai"": 0.0106130335479974, ""totir"": 0.0, ""tofer"": NaN, ""swfac"": 0.0, ""nstres"": 0.0}",0.0,0.0,32.00000047683716,0.0,0.0106130335479974,0.0,,0.0,0.0,20.0,0.0,16.567059326171876,24.56705932617188,Leave_One_experiments/all_year_offline_schedule_search/daily_outputs/FQA/FQA_2007_FQA2007_stress_grid_S0012_daily.csv
FQA,FQA,Fengqiu,2007,Leave_One_experiments\wth_generated_qc\FQA\FQA2007.WTH,normal_year;water_stress_year;nitrogen_stress_year;irrigation_responsive_year,irrigation_responsive,FQA2007_stress_grid_S0012,irrigation_positive_candidate,2007-06-19,170,14,9,"{""sim_day"": 14.0, ""doy"": 170.0, ""topwt"": 32.00000047683716, ""grnwt"": 0.0, ""xlai"": 0.0127478763461112, ""totir"": 0.0, ""tofer"": NaN, ""swfac"": 0.0, ""nstres"": 0.0}",0.0,0.0,32.00000047683716,0.0,0.0127478763461112,0.0,,0.0,0.0,20.0,0.0,16.567059326171876,24.56705932617188,Leave_One_experiments/all_year_offline_schedule_search/daily_outputs/FQA/FQA_2007_FQA2007_stress_grid_S0012_daily.csv
FQA,FQA,Fengqiu,2007,Leave_One_experiments\wth_generated_qc\FQA\FQA2007.WTH,normal_year;water_stress_year;nitrogen_stress_year;irrigation_responsive_year,irrigation_responsive,FQA2007_stress_grid_S0012,irrigation_positive_candidate,2007-06-20,171,15,10,"{""sim_day"": 15.0, ""doy"": 171.0, ""topwt"": 32.00000047683716, ""grnwt"": 0.0, ""xlai"": 0.0152436653152108, ""totir"": 0.0, ""tofer"": NaN, ""swfac"": 0.0, ""nstres"": 0.0}",0.0,0.0,32.00000047683716,0.0,0.0152436653152108,0.0,,0.0,0.0,20.0,0.0,16.567059326171876,24.56705932617188,Leave_One_experiments/all_year_offline_schedule_search/daily_outputs/FQA/FQA_2007_FQA2007_stress_grid_S0012_daily.csv
FQA,FQA,Fengqiu,2007,Leave_One_experiments\wth_generated_qc\FQA\FQA2007.WTH,normal_year;water_stress_year;nitrogen_stress_year;irrigation_responsive_year,irrigation_responsive,FQA2007_stress_grid_S0012,irrigation_positive_candidate,2007-06-21,172,16,11,"{""sim_day"": 16.0, ""doy"": 172.0, ""topwt"": 32.00000047683716, ""grnwt"": 0.0, ""xlai"": 0.0179740693420171, ""totir"": 0.0, ""tofer"": NaN, ""swfac"": 0.0, ""nstres"": 0.0}",0.0,0.0,32.00000047683716,0.0,0.0179740693420171,0.0,,0.0,0.0,20.0,0.0,16.567059326171876,24.56705932617188,Leave_One_experiments/all_year_offline_schedule_search/daily_outputs/FQA/FQA_2007_FQA2007_stress_grid_S0012_daily.csv
FQA,FQA,Fengqiu,2007,Leave_One_experiments\wth_generated_qc\FQA\FQA2007.WTH,normal_year;water_stress_year;nitrogen_stress_year;irrigation_responsive_year,irrigation_responsive,FQA2007_stress_grid_S0012,irrigation_positive_candidate,2007-06-22,173,17,12,"{""sim_day"": 17.0, ""doy"": 173.0, ""topwt"": 32.00000047683716, ""grnwt"": 0.0, ""xlai"": 0.0217721499502658, ""totir"": 0.0, ""tofer"": NaN, ""swfac"": 0.0, ""nstres"": 0.0}",0.0,0.0,32.00000047683716,0.0,0.0217721499502658,0.0,,0.0,0.0,20.0,0.0,16.567059326171876,24.56705932617188,Leave_One_experiments/all_year_offline_schedule_search/daily_outputs/FQA/FQA_2007_FQA2007_stress_grid_S0012_daily.csv
FQA,FQA,Fengqiu,2007,Leave_One_experiments\wth_generated_qc\FQA\FQA2007.WTH,normal_year;water_stress_year;nitrogen_stress_year;irrigation_responsive_year,irrigation_responsive,FQA2007_stress_grid_S0012,irrigation_positive_candidate,2007-06-23,174,18,13,"{""sim_day"": 18.0, ""doy"": 174.0, ""topwt"": 25.125632286071777, ""grnwt"": 0.0, ""xlai"": 0.0373829677700996, ""totir"": 0.0, ""tofer"": NaN, ""swfac"": 0.0, ""nstres"": 0.0}",0.0,0.0,25.125632286071777,0.0,0.0373829677700996,0.0,,0.0,0.0,20.0,0.0,16.567059326171876,24.56705932617188,Leave_One_experiments/all_year_offline_schedule_search/daily_outputs/FQA/FQA_2007_FQA2007_stress_grid_S0012_daily.csv
FQA,FQA,Fengqiu,2007,Leave_One_experiments\wth_generated_qc\FQA\FQA2007.WTH,normal_year;water_stress_year;nitrogen_stress_year;irrigation_responsive_year,irrigation_responsive,FQA2007_stress_grid_S0012,irrigation_positive_candidate,2007-06-24,175,19,14,"{""sim_day"": 19.0, ""doy"": 175.0, ""topwt"": 31.240439414978027, ""grnwt"": 0.0, ""xlai"": 0.0562403351068496, ""totir"": 0.0, ""tofer"": NaN, ""swfac"": 0.0, ""nstres"": 0.0}",0.0,0.0,31.240439414978027,0.0,0.0562403351068496,0.0,,0.0,0.0,20.0,0.0,16.567059326171876,24.56705932617188,Leave_One_experiments/all_year_offline_schedule_search/daily_outputs/FQA/FQA_2007_FQA2007_stress_grid_S0012_daily.csv
FQA,FQA,Fengqiu,2007,Leave_One_experiments\wth_generated_qc\FQA\FQA2007.WTH,normal_year;water_stress_year;nitrogen_stress_year;irrigation_responsive_year,irrigation_responsive,FQA2007_stress_grid_S0012,irrigation_positive_candidate,2007-06-25,176,20,15,"{""sim_day"": 20.0, ""doy"": 176.0, ""topwt"": 38.52898120880127, ""grnwt"": 0.0, ""xlai"": 0.0767474547028541, ""totir"": 0.0, ""tofer"": NaN, ""swfac"": 0.0, ""nstres"": 0.0}",0.0,0.0,38.52898120880127,0.0,0.0767474547028541,0.0,,0.0,0.0,20.0,0.0,16.567059326171876,24.56705932617188,Leave_One_experiments/all_year_offline_schedule_search/daily_outputs/FQA/FQA_2007_FQA2007_stress_grid_S0012_daily.csv
FQA,FQA,Fengqiu,2007,Leave_One_experiments\wth_generated_qc\FQA\FQA2007.WTH,normal_year;water_stress_year;nitrogen_stress_year;irrigation_responsive_year,irrigation_responsive,FQA2007_stress_grid_S0012,irrigation_positive_candidate,2007-06-26,177,21,16,"{""sim_day"": 21.0, ""doy"": 177.0, ""topwt"": 45.93924045562744, ""grnwt"": 0.0, ""xlai"": 0.0962023437023162, ""totir"": 0.0, ""tofer"": NaN, ""swfac"": 0.0, ""nstres"": 0.0}",0.0,0.0,45.93924045562744,0.0,0.0962023437023162,0.0,,0.0,0.0,20.0,0.0,16.567059326171876,24.56705932617188,Leave_One_experiments/all_year_offline_schedule_search/daily_outputs/FQA/FQA_2007_FQA2007_stress_grid_S0012_daily.csv
FQA,FQA,Fengqiu,2007,Leave_One_experiments\wth_generated_qc\FQA\FQA2007.WTH,normal_year;water_stress_year;nitrogen_stress_year;irrigation_responsive_year,irrigation_responsive,FQA2007_stress_grid_S0012,irrigation_positive_candidate,2007-06-27,178,22,17,"{""sim_day"": 22.0, ""doy"": 178.0, ""topwt"": 55.15679359436035, ""grnwt"": 0.0, ""xlai"": 0.1190433204174041, ""totir"": 0.0, ""tofer"": NaN, ""swfac"": 0.0, ""nstres"": 0.0}",0.0,0.0,55.15679359436035,0.0,0.1190433204174041,0.0,,0.0,0.0,20.0,0.0,16.567059326171876,24.56705932617188,Leave_One_experiments/all_year_offline_schedule_search/daily_outputs/FQA/FQA_2007_FQA2007_stress_grid_S0012_daily.csv
FQA,FQA,Fengqiu,2007,Leave_One_experiments\wth_generated_qc\FQA\FQA2007.WTH,normal_year;water_stress_year;nitrogen_stress_year;irrigation_responsive_year,irrigation_responsive,FQA2007_stress_grid_S0012,irrigation_positive_candidate,2007-06-28,179,23,18,"{""sim_day"": 23.0, ""doy"": 179.0, ""topwt"": 65.66776752471924, ""grnwt"": 0.0, ""xlai"": 0.1437227576971054, ""totir"": 0.0, ""tofer"": NaN, ""swfac"": 0.0, ""nstres"": 0.0}",0.0,0.0,65.66776752471924,0.0,0.1437227576971054,0.0,,0.0,0.0,20.0,0.0,16.567059326171876,24.56705932617188,Leave_One_experiments/all_year_offline_schedule_search/daily_outputs/FQA/FQA_2007_FQA2007_stress_grid_S0012_daily.csv
FQA,FQA,Fengqiu,2007,Leave_One_experiments\wth_generated_qc\FQA\FQA2007.WTH,normal_year;water_stress_year;nitrogen_stress_year;irrigation_responsive_year,irrigation_responsive,FQA2007_stress_grid_S0012,irrigation_positive_candidate,2007-06-29,180,24,19,"{""sim_day"": 24.0, ""doy"": 180.0, ""topwt"": 76.23202800750732, ""grnwt"": 0.0, ""xlai"": 0.1674369871616363, ""totir"": 0.0, ""tofer"": NaN, ""swfac"": 0.0, ""nstres"": 0.0}",0.0,0.0,76.23202800750732,0.0,0.1674369871616363,0.0,,0.0,0.0,20.0,0.0,16.567059326171876,24.56705932617188,Leave_One_experiments/all_year_offline_schedule_search/daily_outputs/FQA/FQA_2007_FQA2007_stress_grid_S0012_daily.csv
FQA,FQA,Fengqiu,2007,Leave_One_experiments\wth_generated_qc\FQA\FQA2007.WTH,normal_year;water_stress_year;nitrogen_stress_year;irrigation_responsive_year,irrigation_responsive,FQA2007_stress_grid_S0012,irrigation_positive_candidate,2007-06-30,181,25,20,"{""sim_day"": 25.0, ""doy"": 181.0, ""topwt"": 89.16464805603027, ""grnwt"": 0.0, ""xlai"": 0.1952953189611435, ""totir"": 0.0, ""tofer"": NaN, ""swfac"": 0.0, ""nstres"": 0.0}",0.0,0.0,89.16464805603027,0.0,0.1952953189611435,0.0,,0.0,0.0,20.0,0.0,16.567059326171876,24.56705932617188,Leave_One_experiments/all_year_offline_schedule_search/daily_outputs/FQA/FQA_2007_FQA2007_stress_grid_S0012_daily.csv
FQA,FQA,Fengqiu,2007,Leave_One_experiments\wth_generated_qc\FQA\FQA2007.WTH,normal_year;water_stress_year;nitrogen_stress_year;irrigation_responsive_year,irrigation_responsive,FQA2007_stress_grid_S0012,irrigation_positive_candidate,2007-07-01,182,26,21,"{""sim_day"": 26.0, ""doy"": 182.0, ""topwt"": 103.72443199157716, ""grnwt"": 0.0, ""xlai"": 0.2254241853952407, ""totir"": 0.0, ""tofer"": NaN, ""swfac"": 0.0, ""nstres"": 0.0}",0.0,0.0,103.72443199157716,0.0,0.2254241853952407,0.0,,0.0,0.0,20.0,0.0,16.567059326171876,24.56705932617188,Leave_One_experiments/all_year_offline_schedule_search/daily_outputs/FQA/FQA_2007_FQA2007_stress_grid_S0012_daily.csv
FQA,FQA,Fengqiu,2007,Leave_One_experiments\wth_generated_qc\FQA\FQA2007.WTH,normal_year;water_stress_year;nitrogen_stress_year;irrigation_responsive_year,irrigation_responsive,FQA2007_stress_grid_S0012,irrigation_positive_candidate,2007-07-02,183,27,22,"{""sim_day"": 27.0, ""doy"": 183.0, ""topwt"": 120.54812431335448, ""grnwt"": 0.0, ""xlai"": 0.2576916217803955, ""totir"": 0.0, ""tofer"": NaN, ""swfac"": 0.0, ""nstres"": 0.0}",0.0,0.0,120.54812431335448,0.0,0.2576916217803955,0.0,,0.0,0.0,20.0,0.0,16.567059326171876,24.56705932617188,Leave_One_experiments/all_year_offline_schedule_search/daily_outputs/FQA/FQA_2007_FQA2007_stress_grid_S0012_daily.csv
FQA,FQA,Fengqiu,2007,Leave_One_experiments\wth_generated_qc\FQA\FQA2007.WTH,normal_year;water_stress_year;nitrogen_stress_year;irrigation_responsive_year,irrigation_responsive,FQA2007_stress_grid_S0012,irrigation_positive_candidate,2007-07-03,184,28,23,"{""sim_day"": 28.0, ""doy"": 184.0, ""topwt"": 137.45789527893066, ""grnwt"": 0.0, ""xlai"": 0.2912526726722717, ""totir"": 0.0, ""tofer"": NaN, ""swfac"": 0.0, ""nstres"": 0.0}",0.0,0.0,137.45789527893066,0.0,0.2912526726722717,0.0,,0.0,0.0,20.0,0.0,16.567059326171876,24.56705932617188,Leave_One_experiments/all_year_offline_schedule_search/daily_outputs/FQA/FQA_2007_FQA2007_stress_grid_S0012_daily.csv
FQA,FQA,Fengqiu,2007,Leave_One_experiments\wth_generated_qc\FQA\FQA2007.WTH,normal_year;water_stress_year;nitrogen_stress_year;irrigation_responsive_year,irrigation_responsive,FQA2007_stress_grid_S0012,irrigation_positive_candidate,2007-07-04,185,29,24,"{""sim_day"": 29.0, ""doy"": 185.0, ""topwt"": 152.95411109924316, ""grnwt"": 0.0, ""xlai"": 0.3210567831993103, ""totir"": 0.0, ""tofer"": NaN, ""swfac"": 0.0, ""nstres"": 0.0}",0.0,0.0,152.95411109924316,0.0,0.3210567831993103,0.0,,0.0,0.0,20.0,0.0,16.567059326171876,24.56705932617188,Leave_One_experiments/all_year_offline_schedule_search/daily_outputs/FQA/FQA_2007_FQA2007_stress_grid_S0012_daily.csv
FQA,FQA,Fengqiu,2007,Leave_One_experiments\wth_generated_qc\FQA\FQA2007.WTH,normal_year;water_stress_year;nitrogen_stress_year;irrigation_responsive_year,irrigation_responsive,FQA2007_stress_grid_S0012,irrigation_positive_candidate,2007-07-05,186,30,25,"{""sim_day"": 30.0, ""doy"": 186.0, ""topwt"": 172.6561737060547, ""grnwt"": 0.0, ""xlai"": 0.3577374219894409, ""totir"": 0.0, ""tofer"": NaN, ""swfac"": 0.0, ""nstres"": 0.0}",0.0,0.0,172.6561737060547,0.0,0.3577374219894409,0.0,,0.0,0.0,20.0,0.0,16.567059326171876,24.56705932617188,Leave_One_experiments/all_year_offline_schedule_search/daily_outputs/FQA/FQA_2007_FQA2007_stress_grid_S0012_daily.csv
FQA,FQA,Fengqiu,2007,Leave_One_experiments\wth_generated_qc\FQA\FQA2007.WTH,normal_year;water_stress_year;nitrogen_stress_year;irrigation_responsive_year,irrigation_responsive,FQA2007_stress_grid_S0012,irrigation_positive_candidate,2007-07-06,187,31,26,"{""sim_day"": 31.0, ""doy"": 187.0, ""topwt"": 197.06354141235352, ""grnwt"": 0.0, ""xlai"": 0.4014874994754791, ""totir"": 0.0, ""tofer"": NaN, ""swfac"": 0.0, ""nstres"": 0.0}",0.0,0.0,197.06354141235352,0.0,0.4014874994754791,0.0,,0.0,0.0,20.0,0.0,16.567059326171876,24.56705932617188,Leave_One_experiments/all_year_offline_schedule_search/daily_outputs/FQA/FQA_2007_FQA2007_stress_grid_S0012_daily.csv
FQA,FQA,Fengqiu,2007,Leave_One_experiments\wth_generated_qc\FQA\FQA2007.WTH,normal_year;water_stress_year;nitrogen_stress_year;irrigation_responsive_year,irrigation_responsive,FQA2007_stress_grid_S0012,irrigation_positive_candidate,2007-07-07,188,32,27,"{""sim_day"": 32.0, ""doy"": 188.0, ""topwt"": 221.58830642700195, ""grnwt"": 0.0, ""xlai"": 0.4438091218471527, ""totir"": 0.0, ""tofer"": NaN, ""swfac"": 0.0, ""nstres"": 0.0}",0.0,0.0,221.58830642700195,0.0,0.4438091218471527,0.0,,0.0,0.0,20.0,0.0,16.567059326171876,24.56705932617188,Leave_One_experiments/all_year_offline_schedule_search/daily_outputs/FQA/FQA_2007_FQA2007_stress_grid_S0012_daily.csv
FQA,FQA,Fengqiu,2007,Leave_One_experiments\wth_generated_qc\FQA\FQA2007.WTH,normal_year;water_stress_year;nitrogen_stress_year;irrigation_responsive_year,irrigation_responsive,FQA2007_stress_grid_S0012,irrigation_positive_candidate,2007-07-08,189,33,28,"{""sim_day"": 33.0, ""doy"": 189.0, ""topwt"": 251.78241729736328, ""grnwt"": 0.0, ""xlai"": 0.4938451051712036, ""totir"": 0.0, ""tofer"": NaN, ""swfac"": 0.0, ""nstres"": 0.0}",0.0,0.0,251.78241729736328,0.0,0.4938451051712036,0.0,,0.0,0.0,20.0,0.0,16.567059326171876,24.56705932617188,Leave_One_experiments/all_year_offline_schedule_search/daily_outputs/FQA/FQA_2007_FQA2007_stress_grid_S0012_daily.csv
FQA,FQA,Fengqiu,2007,Leave_One_experiments\wth_generated_qc\FQA\FQA2007.WTH,normal_year;water_stress_year;nitrogen_stress_year;irrigation_responsive_year,irrigation_responsive,FQA2007_stress_grid_S0012,irrigation_positive_candidate,2007-07-09,190,34,29,"{""sim_day"": 34.0, ""doy"": 190.0, ""topwt"": 288.40959548950195, ""grnwt"": 0.0, ""xlai"": 0.5518361926078796, ""totir"": 0.0, ""tofer"": NaN, ""swfac"": 0.0, ""nstres"": 0.0}",0.0,0.0,288.40959548950195,0.0,0.5518361926078796,0.0,,0.0,0.0,20.0,0.0,16.567059326171876,24.56705932617188,Leave_One_experiments/all_year_offline_schedule_search/daily_outputs/FQA/FQA_2007_FQA2007_stress_grid_S0012_daily.csv
FQA,FQA,Fengqiu,2007,Leave_One_experiments\wth_generated_qc\FQA\FQA2007.WTH,normal_year;water_stress_year;nitrogen_stress_year;irrigation_responsive_year,irrigation_responsive,FQA2007_stress_grid_S0012,irrigation_positive_candidate,2007-07-10,191,35,30,"{""sim_day"": 35.0, ""doy"": 191.0, ""topwt"": 332.13573455810547, ""grnwt"": 0.0, ""xlai"": 0.6176839470863342, ""totir"": 0.0, ""tofer"": NaN, ""swfac"": 0.0, ""nstres"": 0.0}",0.0,0.0,332.13573455810547,0.0,0.6176839470863342,0.0,,0.0,0.0,20.0,0.0,16.567059326171876,24.56705932617188,Leave_One_experiments/all_year_offline_schedule_search/daily_outputs/FQA/FQA_2007_FQA2007_stress_grid_S0012_daily.csv
FQA,FQA,Fengqiu,2007,Leave_One_experiments\wth_generated_qc\FQA\FQA2007.WTH,normal_year;water_stress_year;nitrogen_stress_year;irrigation_responsive_year,irrigation_responsive,FQA2007_stress_grid_S0012,irrigation_positive_candidate,2007-07-11,192,36,31,"{""sim_day"": 36.0, ""doy"": 192.0, ""topwt"": 375.3358459472656, ""grnwt"": 0.0, ""xlai"": 0.6797067523002625, ""totir"": 0.0, ""tofer"": NaN, ""swfac"": 0.0, ""nstres"": 0.0}",0.0,0.0,375.3358459472656,0.0,0.6797067523002625,0.0,,0.0,0.0,20.0,0.0,16.567059326171876,24.56705932617188,Leave_One_experiments/all_year_offline_schedule_search/daily_outputs/FQA/FQA_2007_FQA2007_stress_grid_S0012_daily.csv
FQA,FQA,Fengqiu,2007,Leave_One_experiments\wth_generated_qc\FQA\FQA2007.WTH,normal_year;water_stress_year;nitrogen_stress_year;irrigation_responsive_year,irrigation_responsive,FQA2007_stress_grid_S0012,irrigation_positive_candidate,2007-07-12,193,37,32,"{""sim_day"": 37.0, ""doy"": 193.0, ""topwt"": 409.1790771484375, ""grnwt"": 0.0, ""xlai"": 0.72642582654953, ""totir"": 0.0, ""tofer"": NaN, ""swfac"": 0.0, ""nstres"": 0.0}",0.0,0.0,409.1790771484375,0.0,0.72642582654953,0.0,,0.0,0.0,20.0,0.0,16.567059326171876,24.56705932617188,Leave_One_experiments/all_year_offline_schedule_search/daily_outputs/FQA/FQA_2007_FQA2007_stress_grid_S0012_daily.csv
FQA,FQA,Fengqiu,2007,Leave_One_experiments\wth_generated_qc\FQA\FQA2007.WTH,normal_year;water_stress_year;nitrogen_stress_year;irrigation_responsive_year,irrigation_responsive,FQA2007_stress_grid_S0012,irrigation_positive_candidate,2007-07-13,194,38,33,"{""sim_day"": 38.0, ""doy"": 194.0, ""topwt"": 435.8823013305664, ""grnwt"": 0.0, ""xlai"": 0.7621163725852966, ""totir"": 0.0, ""tofer"": NaN, ""swfac"": 0.0, ""nstres"": 0.0}",0.0,0.0,435.8823013305664,0.0,0.7621163725852966,0.0,,0.0,0.0,20.0,0.0,16.567059326171876,24.56705932617188,Leave_One_experiments/all_year_offline_schedule_search/daily_outputs/FQA/FQA_2007_FQA2007_stress_grid_S0012_daily.csv
FQA,FQA,Fengqiu,2007,Leave_One_experiments\wth_generated_qc\FQA\FQA2007.WTH,normal_year;water_stress_year;nitrogen_stress_year;irrigation_responsive_year,irrigation_responsive,FQA2007_stress_grid_S0012,irrigation_positive_candidate,2007-07-14,195,39,34,"{""sim_day"": 39.0, ""doy"": 195.0, ""topwt"": 484.3071746826172, ""grnwt"": 0.0, ""xlai"": 0.8239735960960388, ""totir"": 0.0, ""tofer"": NaN, ""swfac"": 0.0, ""nstres"": 0.0039752125740051}",0.0,0.0039752125740051,484.3071746826172,0.0,0.8239735960960388,0.0,,0.0,0.0,20.0,0.0,16.567059326171876,24.56705932617188,Leave_One_experiments/all_year_offline_schedule_search/daily_outputs/FQA/FQA_2007_FQA2007_stress_grid_S0012_daily.csv
FQA,FQA,Fengqiu,2007,Leave_One_experiments\wth_generated_qc\FQA\FQA2007.WTH,normal_year;water_stress_year;nitrogen_stress_year;irrigation_responsive_year,irrigation_responsive,FQA2007_stress_grid_S0012,irrigation_positive_candidate,2007-07-15,196,40,35,"{""sim_day"": 40.0, ""doy"": 196.0, ""topwt"": 540.8564376831055, ""grnwt"": 0.0, ""xlai"": 0.8913682103157043, ""totir"": 0.0, ""tofer"": NaN, ""swfac"": 0.0, ""nstres"": 0.0180122852325439}",0.0,0.0180122852325439,540.8564376831055,0.0,0.8913682103157043,0.0,,0.0,0.0,20.0,0.0,16.567059326171876,24.56705932617188,Leave_One_experiments/all_year_offline_schedule_search/daily_outputs/FQA/FQA_2007_FQA2007_stress_grid_S0012_daily.csv
FQA,FQA,Fengqiu,2007,Leave_One_experiments\wth_generated_qc\FQA\FQA2007.WTH,normal_year;water_stress_year;nitrogen_stress_year;irrigation_responsive_year,irrigation_responsive,FQA2007_stress_grid_S0012,irrigation_positive_candidate,2007-07-16,197,41,36,"{""sim_day"": 41.0, ""doy"": 197.0, ""topwt"": 606.6302871704102, ""grnwt"": 0.0, ""xlai"": 0.961553394794464, ""totir"": 0.0, ""tofer"": NaN, ""swfac"": 0.0, ""nstres"": 0.053013801574707}",0.0,0.053013801574707,606.6302871704102,0.0,0.961553394794464,0.0,,0.0,0.0,20.0,0.0,16.567059326171876,24.56705932617188,Leave_One_experiments/all_year_offline_schedule_search/daily_outputs/FQA/FQA_2007_FQA2007_stress_grid_S0012_daily.csv
FQA,FQA,Fengqiu,2007,Leave_One_experiments\wth_generated_qc\FQA\FQA2007.WTH,normal_year;water_stress_year;nitrogen_stress_year;irrigation_responsive_year,irrigation_responsive,FQA2007_stress_grid_S0012,irrigation_positive_candidate,2007-07-17,198,42,37,"{""sim_day"": 42.0, ""doy"": 198.0, ""topwt"": 677.5757598876953, ""grnwt"": 0.0, ""xlai"": 1.028470516204834, ""totir"": 0.0, ""tofer"": NaN, ""swfac"": 0.0, ""nstres"": 0.0863797068595886}",0.0,0.0863797068595886,677.5757598876953,0.0,1.028470516204834,0.0,,0.0,0.0,20.0,0.0,16.567059326171876,24.56705932617188,Leave_One_experiments/all_year_offline_schedule_search/daily_outputs/FQA/FQA_2007_FQA2007_stress_grid_S0012_daily.csv
FQA,FQA,Fengqiu,2007,Leave_One_experiments\wth_generated_qc\FQA\FQA2007.WTH,normal_year;water_stress_year;nitrogen_stress_year;irrigation_responsive_year,irrigation_responsive,FQA2007_stress_grid_S0012,irrigation_positive_candidate,2007-07-18,199,43,38,"{""sim_day"": 43.0, ""doy"": 199.0, ""topwt"": 735.0511169433594, ""grnwt"": 0.0, ""xlai"": 1.072648286819458, ""totir"": 0.0, ""tofer"": NaN, ""swfac"": 0.0, ""nstres"": 0.1190253496170044}",0.0,0.1190253496170044,735.0511169433594,0.0,1.072648286819458,0.0,,0.0,0.0,20.0,0.0,16.567059326171876,24.56705932617188,Leave_One_experiments/all_year_offline_schedule_search/daily_outputs/FQA/FQA_2007_FQA2007_stress_grid_S0012_daily.csv
FQA,FQA,Fengqiu,2007,Leave_One_experiments\wth_generated_qc\FQA\FQA2007.WTH,normal_year;water_stress_year;nitrogen_stress_year;irrigation_responsive_year,irrigation_responsive,FQA2007_stress_grid_S0012,irrigation_positive_candidate,2007-07-19,200,44,39,"{""sim_day"": 44.0, ""doy"": 200.0, ""topwt"": 763.5781860351562, ""grnwt"": 0.0, ""xlai"": 1.081356406211853, ""totir"": 0.0, ""tofer"": NaN, ""swfac"": 0.0, ""nstres"": 0.1472858190536499}",0.0,0.1472858190536499,763.5781860351562,0.0,1.081356406211853,0.0,,0.0,0.0,20.0,0.0,16.567059326171876,24.56705932617188,Leave_One_experiments/all_year_offline_schedule_search/daily_outputs/FQA/FQA_2007_FQA2007_stress_grid_S0012_daily.csv
FQA,FQA,Fengqiu,2007,Leave_One_experiments\wth_generated_qc\FQA\FQA2007.WTH,normal_year;water_stress_year;nitrogen_stress_year;irrigation_responsive_year,irrigation_responsive,FQA2007_stress_grid_S0012,irrigation_positive_candidate,2007-07-20,201,45,40,"{""sim_day"": 45.0, ""doy"": 201.0, ""topwt"": 807.2461700439453, ""grnwt"": 0.0, ""xlai"": 1.1015620231628418, ""totir"": 0.0, ""tofer"": NaN, ""swfac"": 0.0, ""nstres"": 0.1620107293128967}",0.0,0.1620107293128967,807.2461700439453,0.0,1.1015620231628418,0.0,,0.0,0.0,20.0,0.0,16.567059326171876,24.56705932617188,Leave_One_experiments/all_year_offline_schedule_search/daily_outputs/FQA/FQA_2007_FQA2007_stress_grid_S0012_daily.csv
FQA,FQA,Fengqiu,2007,Leave_One_experiments\wth_generated_qc\FQA\FQA2007.WTH,normal_year;water_stress_year;nitrogen_stress_year;irrigation_responsive_year,irrigation_responsive,FQA2007_stress_grid_S0012,irrigation_positive_candidate,2007-07-21,202,46,41,"{""sim_day"": 46.0, ""doy"": 202.0, ""topwt"": 853.4308624267578, ""grnwt"": 0.0, ""xlai"": 1.1218938827514648, ""totir"": 0.0, ""tofer"": NaN, ""swfac"": 0.0, ""nstres"": 0.1646509170532226}",0.0,0.1646509170532226,853.4308624267578,0.0,1.1218938827514648,0.0,,0.0,0.0,20.0,0.0,16.567059326171876,24.56705932617188,Leave_One_experiments/all_year_offline_schedule_search/daily_outputs/FQA/FQA_2007_FQA2007_stress_grid_S0012_daily.csv
FQA,FQA,Fengqiu,2007,Leave_One_experiments\wth_generated_qc\FQA\FQA2007.WTH,normal_year;water_stress_year;nitrogen_stress_year;irrigation_responsive_year,irrigation_responsive,FQA2007_stress_grid_S0012,irrigation_positive_candidate,2007-07-22,203,47,42,"{""sim_day"": 47.0, ""doy"": 203.0, ""topwt"": 905.2161407470704, ""grnwt"": 0.0, ""xlai"": 1.144160509109497, ""totir"": 0.0, ""tofer"": NaN, ""swfac"": 0.0, ""nstres"": 0.1722675561904907}",0.0,0.1722675561904907,905.2161407470704,0.0,1.144160509109497,0.0,,0.0,0.0,20.0,0.0,16.567059326171876,24.56705932617188,Leave_One_experiments/all_year_offline_schedule_search/daily_outputs/FQA/FQA_2007_FQA2007_stress_grid_S0012_daily.csv
FQA,FQA,Fengqiu,2007,Leave_One_experiments\wth_generated_qc\FQA\FQA2007.WTH,normal_year;water_stress_year;nitrogen_stress_year;irrigation_responsive_year,irrigation_responsive,FQA2007_stress_grid_S0012,irrigation_positive_candidate,2007-07-23,204,48,43,"{""sim_day"": 48.0, ""doy"": 204.0, ""topwt"": 961.833038330078, ""grnwt"": 0.0, ""xlai"": 1.1672334671020508, ""totir"": 0.0, ""tofer"": NaN, ""swfac"": 0.0, ""nstres"": 0.1796985268592834}",0.0,0.1796985268592834,961.833038330078,0.0,1.1672334671020508,0.0,,0.0,0.0,20.0,0.0,16.567059326171876,24.56705932617188,Leave_One_experiments/all_year_offline_schedule_search/daily_outputs/FQA/FQA_2007_FQA2007_stress_grid_S0012_daily.csv
FQA,FQA,Fengqiu,2007,Leave_One_experiments\wth_generated_qc\FQA\FQA2007.WTH,normal_year;water_stress_year;nitrogen_stress_year;irrigation_responsive_year,irrigation_responsive,FQA2007_stress_grid_S0012,irrigation_positive_candidate,2007-07-24,205,49,44,"{""sim_day"": 49.0, ""doy"": 205.0, ""topwt"": 1080.960922241211, ""grnwt"": 0.0, ""xlai"": 1.1820096969604492, ""totir"": 0.0, ""tofer"": NaN, ""swfac"": 0.0, ""nstres"": 0.1878839135169983}",0.0,0.1878839135169983,1080.960922241211,0.0,1.1820096969604492,0.0,,0.0,0.0,20.0,0.0,16.567059326171876,24.56705932617188,Leave_One_experiments/all_year_offline_schedule_search/daily_outputs/FQA/FQA_2007_FQA2007_stress_grid_S0012_daily.csv
FQA,FQA,Fengqiu,2007,Leave_One_experiments\wth_generated_qc\FQA\FQA2007.WTH,normal_year;water_stress_year;nitrogen_stress_year;irrigation_responsive_year,irrigation_responsive,FQA2007_stress_grid_S0012,irrigation_positive_candidate,2007-07-25,206,50,45,"{""sim_day"": 50.0, ""doy"": 206.0, ""topwt"": 1198.9111328125, ""grnwt"": 0.0, ""xlai"": 1.1927152872085571, ""totir"": 0.0, ""tofer"": NaN, ""swfac"": 0.0, ""nstres"": 0.1959526538848877}",0.0,0.1959526538848877,1198.9111328125,0.0,1.1927152872085571,0.0,,0.0,0.0,20.0,0.0,16.567059326171876,24.56705932617188,Leave_One_experiments/all_year_offline_schedule_search/daily_outputs/FQA/FQA_2007_FQA2007_stress_grid_S0012_daily.csv
FQA,FQA,Fengqiu,2007,Leave_One_experiments\wth_generated_qc\FQA\FQA2007.WTH,normal_year;water_stress_year;nitrogen_stress_year;irrigation_responsive_year,irrigation_responsive,FQA2007_stress_grid_S0012,irrigation_positive_candidate,2007-07-26,207,51,46,"{""sim_day"": 51.0, ""doy"": 207.0, ""topwt"": 1312.1420288085938, ""grnwt"": 0.0, ""xlai"": 1.1960973739624023, ""totir"": 0.0, ""tofer"": NaN, ""swfac"": 0.0, ""nstres"": 0.2585303783416748}",0.0,0.2585303783416748,1312.1420288085938,0.0,1.1960973739624023,0.0,,0.0,0.0,20.0,0.0,16.567059326171876,24.56705932617188,Leave_One_experiments/all_year_offline_schedule_search/daily_outputs/FQA/FQA_2007_FQA2007_stress_grid_S0012_daily.csv
FQA,FQA,Fengqiu,2007,Leave_One_experiments\wth_generated_qc\FQA\FQA2007.WTH,normal_year;water_stress_year;nitrogen_stress_year;irrigation_responsive_year,irrigation_responsive,FQA2007_stress_grid_S0012,irrigation_positive_candidate,2007-07-27,208,52,47,"{""sim_day"": 52.0, ""doy"": 208.0, ""topwt"": 1414.6551513671875, ""grnwt"": 0.0, ""xlai"": 1.1919447183609009, ""totir"": 0.0, ""tofer"": NaN, ""swfac"": 0.0, ""nstres"": 0.3086993098258972}",0.0,0.3086993098258972,1414.6551513671875,0.0,1.1919447183609009,0.0,,0.0,0.0,20.0,0.0,16.567059326171876,24.56705932617188,Leave_One_experiments/all_year_offline_schedule_search/daily_outputs/FQA/FQA_2007_FQA2007_stress_grid_S0012_daily.csv
FQA,FQA,Fengqiu,2007,Leave_One_experiments\wth_generated_qc\FQA\FQA2007.WTH,normal_year;water_stress_year;nitrogen_stress_year;irrigation_responsive_year,irrigation_responsive,FQA2007_stress_grid_S0012,irrigation_positive_candidate,2007-07-28,209,53,48,"{""sim_day"": 53.0, ""doy"": 209.0, ""topwt"": 1516.1326599121094, ""grnwt"": 0.0, ""xlai"": 1.1841570138931274, ""totir"": 0.0, ""tofer"": NaN, ""swfac"": 0.0, ""nstres"": 0.3499243855476379}",0.0,0.3499243855476379,1516.1326599121094,0.0,1.1841570138931274,0.0,,0.0,0.0,20.0,0.0,16.567059326171876,24.56705932617188,Leave_One_experiments/all_year_offline_schedule_search/daily_outputs/FQA/FQA_2007_FQA2007_stress_grid_S0012_daily.csv
FQA,FQA,Fengqiu,2007,Leave_One_experiments\wth_generated_qc\FQA\FQA2007.WTH,normal_year;water_stress_year;nitrogen_stress_year;irrigation_responsive_year,irrigation_responsive,FQA2007_stress_grid_S0012,irrigation_positive_candidate,2007-07-29,210,54,49,"{""sim_day"": 54.0, ""doy"": 210.0, ""topwt"": 1603.6219787597656, ""grnwt"": 0.0, ""xlai"": 1.1700011491775513, ""totir"": 0.0, ""tofer"": NaN, ""swfac"": 0.0, ""nstres"": 0.3812147974967956}",0.0,0.3812147974967956,1603.6219787597656,0.0,1.1700011491775513,0.0,,0.0,0.0,20.0,0.0,16.567059326171876,24.56705932617188,Leave_One_experiments/all_year_offline_schedule_search/daily_outputs/FQA/FQA_2007_FQA2007_stress_grid_S0012_daily.csv
FQA,FQA,Fengqiu,2007,Leave_One_experiments\wth_generated_qc\FQA\FQA2007.WTH,normal_year;water_stress_year;nitrogen_stress_year;irrigation_responsive_year,irrigation_responsive,FQA2007_stress_grid_S0012,irrigation_positive_candidate,2007-07-30,211,55,50,"{""sim_day"": 55.0, ""doy"": 211.0, ""topwt"": 1686.7897033691406, ""grnwt"": 0.0, ""xlai"": 1.153181076049805, ""totir"": 0.0, ""tofer"": NaN, ""swfac"": 0.0, ""nstres"": 0.4033882617950439}",0.0,0.4033882617950439,1686.7897033691406,0.0,1.153181076049805,0.0,,0.0,0.0,20.0,0.0,16.567059326171876,24.56705932617188,Leave_One_experiments/all_year_offline_schedule_search/daily_outputs/FQA/FQA_2007_FQA2007_stress_grid_S0012_daily.csv
FQA,FQA,Fengqiu,2007,Leave_One_experiments\wth_generated_qc\FQA\FQA2007.WTH,normal_year;water_stress_year;nitrogen_stress_year;irrigation_responsive_year,irrigation_responsive,FQA2007_stress_grid_S0012,irrigation_positive_candidate,2007-07-31,212,56,51,"{""sim_day"": 56.0, ""doy"": 212.0, ""topwt"": 1777.8727722167969, ""grnwt"": 0.0, ""xlai"": 1.1377791166305542, ""totir"": 0.0, ""tofer"": NaN, ""swfac"": 0.0, ""nstres"": 0.4116785526275635}",0.0,0.4116785526275635,1777.8727722167969,0.0,1.1377791166305542,0.0,,0.0,0.0,20.0,0.0,16.567059326171876,24.56705932617188,Leave_One_experiments/all_year_offline_schedule_search/daily_outputs/FQA/FQA_2007_FQA2007_stress_grid_S0012_daily.csv
FQA,FQA,Fengqiu,2007,Leave_One_experiments\wth_generated_qc\FQA\FQA2007.WTH,normal_year;water_stress_year;nitrogen_stress_year;irrigation_responsive_year,irrigation_responsive,FQA2007_stress_grid_S0012,irrigation_positive_candidate,2007-08-01,213,57,52,"{""sim_day"": 57.0, ""doy"": 213.0, ""topwt"": 1793.7629699707031, ""grnwt"": 0.0, ""xlai"": 1.1027250289916992, ""totir"": 0.0, ""tofer"": NaN, ""swfac"": 0.0, ""nstres"": 0.4194145202636719}",0.0,0.4194145202636719,1793.7629699707031,0.0,1.1027250289916992,0.0,,0.0,0.0,20.0,0.0,16.567059326171876,24.56705932617188,Leave_One_experiments/all_year_offline_schedule_search/daily_outputs/FQA/FQA_2007_FQA2007_stress_grid_S0012_daily.csv
FQA,FQA,Fengqiu,2007,Leave_One_experiments\wth_generated_qc\FQA\FQA2007.WTH,normal_year;water_stress_year;nitrogen_stress_year;irrigation_responsive_year,irrigation_responsive,FQA2007_stress_grid_S0012,irrigation_positive_candidate,2007-08-02,214,58,53,"{""sim_day"": 58.0, ""doy"": 214.0, ""topwt"": 1861.6346740722656, ""grnwt"": 0.0, ""xlai"": 1.0813297033309937, ""totir"": 0.0, ""tofer"": NaN, ""swfac"": 0.0, ""nstres"": 0.4271513223648071}",0.0,0.4271513223648071,1861.6346740722656,0.0,1.0813297033309937,0.0,,0.0,0.0,20.0,0.0,16.567059326171876,24.56705932617188,Leave_One_experiments/all_year_offline_schedule_search/daily_outputs/FQA/FQA_2007_FQA2007_stress_grid_S0012_daily.csv
FQA,FQA,Fengqiu,2007,Leave_One_experiments\wth_generated_qc\FQA\FQA2007.WTH,normal_year;water_stress_year;nitrogen_stress_year;irrigation_responsive_year,irrigation_responsive,FQA2007_stress_grid_S0012,irrigation_positive_candidate,2007-08-03,215,59,54,"{""sim_day"": 59.0, ""doy"": 215.0, ""topwt"": 1931.9635009765625, ""grnwt"": 0.0, ""xlai"": 1.0621312856674194, ""totir"": 0.0, ""tofer"": NaN, ""swfac"": 0.0, ""nstres"": 0.4083648920059204}",0.0,0.4083648920059204,1931.9635009765625,0.0,1.0621312856674194,0.0,,0.0,0.0,20.0,0.0,16.567059326171876,24.56705932617188,Leave_One_experiments/all_year_offline_schedule_search/daily_outputs/FQA/FQA_2007_FQA2007_stress_grid_S0012_daily.csv
FQA,FQA,Fengqiu,2007,Leave_One_experiments\wth_generated_qc\FQA\FQA2007.WTH,normal_year;water_stress_year;nitrogen_stress_year;irrigation_responsive_year,irrigation_responsive,FQA2007_stress_grid_S0012,irrigation_positive_candidate,2007-08-04,216,60,55,"{""sim_day"": 60.0, ""doy"": 216.0, ""topwt"": 2010.4719543457031, ""grnwt"": 0.0, ""xlai"": 1.0456089973449707, ""totir"": 0.0, ""tofer"": NaN, ""swfac"": 0.0, ""nstres"": 0.4081268906593323}",0.0,0.4081268906593323,2010.4719543457031,0.0,1.0456089973449707,0.0,,0.0,0.0,20.0,0.0,16.567059326171876,24.56705932617188,Leave_One_experiments/all_year_offline_schedule_search/daily_outputs/FQA/FQA_2007_FQA2007_stress_grid_S0012_daily.csv
FQA,FQA,Fengqiu,2007,Leave_One_experiments\wth_generated_qc\FQA\FQA2007.WTH,normal_year;water_stress_year;nitrogen_stress_year;irrigation_responsive_year,irrigation_responsive,FQA2007_stress_grid_S0012,irrigation_positive_candidate,2007-08-05,217,61,56,"{""sim_day"": 61.0, ""doy"": 217.0, ""topwt"": 2067.892303466797, ""grnwt"": 0.0, ""xlai"": 1.02443528175354, ""totir"": 0.0, ""tofer"": NaN, ""swfac"": 0.0, ""nstres"": 0.4072576761245727}",0.0,0.4072576761245727,2067.892303466797,0.0,1.02443528175354,0.0,,0.0,0.0,20.0,0.0,16.567059326171876,24.56705932617188,Leave_One_experiments/all_year_offline_schedule_search/daily_outputs/FQA/FQA_2007_FQA2007_stress_grid_S0012_daily.csv
FQA,FQA,Fengqiu,2007,Leave_One_experiments\wth_generated_qc\FQA\FQA2007.WTH,normal_year;water_stress_year;nitrogen_stress_year;irrigation_responsive_year,irrigation_responsive,FQA2007_stress_grid_S0012,irrigation_positive_candidate,2007-08-06,218,62,57,"{""sim_day"": 62.0, ""doy"": 218.0, ""topwt"": 2150.9959411621094, ""grnwt"": 0.0, ""xlai"": 1.0103505849838257, ""totir"": 0.0, ""tofer"": NaN, ""swfac"": 0.0, ""nstres"": 0.4068989157676697}",0.0,0.4068989157676697,2150.9959411621094,0.0,1.0103505849838257,0.0,,0.0,0.0,20.0,0.0,16.567059326171876,24.56705932617188,Leave_One_experiments/all_year_offline_schedule_search/daily_outputs/FQA/FQA_2007_FQA2007_stress_grid_S0012_daily.csv
FQA,FQA,Fengqiu,2007,Leave_One_experiments\wth_generated_qc\FQA\FQA2007.WTH,normal_year;water_stress_year;nitrogen_stress_year;irrigation_responsive_year,irrigation_responsive,FQA2007_stress_grid_S0012,irrigation_positive_candidate,2007-08-07,219,63,58,"{""sim_day"": 63.0, ""doy"": 219.0, ""topwt"": 2238.289031982422, ""grnwt"": 0.0, ""xlai"": 0.9979531168937684, ""totir"": 0.0, ""tofer"": NaN, ""swfac"": 0.0, ""nstres"": 0.4024658203125}",0.0,0.4024658203125,2238.289031982422,0.0,0.9979531168937684,0.0,,0.0,0.0,20.0,0.0,16.567059326171876,24.56705932617188,Leave_One_experiments/all_year_offline_schedule_search/daily_outputs/FQA/FQA_2007_FQA2007_stress_grid_S0012_daily.csv
FQA,FQA,Fengqiu,2007,Leave_One_experiments\wth_generated_qc\FQA\FQA2007.WTH,normal_year;water_stress_year;nitrogen_stress_year;irrigation_responsive_year,irrigation_responsive,FQA2007_stress_grid_S0012,irrigation_positive_candidate,2007-08-08,220,64,59,"{""sim_day"": 64.0, ""doy"": 220.0, ""topwt"": 2301.9558715820312, ""grnwt"": 0.0, ""xlai"": 0.980229675769806, ""totir"": 0.0, ""tofer"": NaN, ""swfac"": 0.0, ""nstres"": 0.3994425535202026}",0.0,0.3994425535202026,2301.9558715820312,0.0,0.980229675769806,0.0,,0.0,0.0,20.0,0.0,16.567059326171876,24.56705932617188,Leave_One_experiments/all_year_offline_schedule_search/daily_outputs/FQA/FQA_2007_FQA2007_stress_grid_S0012_daily.csv
FQA,FQA,Fengqiu,2007,Leave_One_experiments\wth_generated_qc\FQA\FQA2007.WTH,normal_year;water_stress_year;nitrogen_stress_year;irrigation_responsive_year,irrigation_responsive,FQA2007_stress_grid_S0012,irrigation_positive_candidate,2007-08-09,221,65,60,"{""sim_day"": 65.0, ""doy"": 221.0, ""topwt"": 2322.4635314941406, ""grnwt"": 0.0, ""xlai"": 0.9525262713432312, ""totir"": 0.0, ""tofer"": NaN, ""swfac"": 0.0, ""nstres"": 0.3960676193237304}",0.0,0.3960676193237304,2322.4635314941406,0.0,0.9525262713432312,0.0,,0.0,0.0,20.0,0.0,16.567059326171876,24.56705932617188,Leave_One_experiments/all_year_offline_schedule_search/daily_outputs/FQA/FQA_2007_FQA2007_stress_grid_S0012_daily.csv
FQA,FQA,Fengqiu,2007,Leave_One_experiments\wth_generated_qc\FQA\FQA2007.WTH,normal_year;water_stress_year;nitrogen_stress_year;irrigation_responsive_year,irrigation_responsive,FQA2007_stress_grid_S0012,irrigation_positive_candidate,2007-08-10,222,66,61,"{""sim_day"": 66.0, ""doy"": 222.0, ""topwt"": 2434.964141845703, ""grnwt"": 0.0, ""xlai"": 0.9213298559188844, ""totir"": 0.0, ""tofer"": NaN, ""swfac"": 0.0, ""nstres"": 0.3860276341438293}",0.0,0.3860276341438293,2434.964141845703,0.0,0.9213298559188844,0.0,,0.0,0.0,20.0,0.0,16.567059326171876,24.56705932617188,Leave_One_experiments/all_year_offline_schedule_search/daily_outputs/FQA/FQA_2007_FQA2007_stress_grid_S0012_daily.csv
FQA,FQA,Fengqiu,2007,Leave_One_experiments\wth_generated_qc\FQA\FQA2007.WTH,normal_year;water_stress_year;nitrogen_stress_year;irrigation_responsive_year,irrigation_responsive,FQA2007_stress_grid_S0012,irrigation_positive_candidate,2007-08-11,223,67,62,"{""sim_day"": 67.0, ""doy"": 223.0, ""topwt"": 2551.059875488281, ""grnwt"": 0.0, ""xlai"": 0.8920109868049622, ""totir"": 0.0, ""tofer"": NaN, ""swfac"": 0.0, ""nstres"": 0.3637374639511108}",0.0,0.3637374639511108,2551.059875488281,0.0,0.8920109868049622,0.0,,0.0,0.0,20.0,0.0,16.567059326171876,24.56705932617188,Leave_One_experiments/all_year_offline_schedule_search/daily_outputs/FQA/FQA_2007_FQA2007_stress_grid_S0012_daily.csv
FQA,FQA,Fengqiu,2007,Leave_One_experiments\wth_generated_qc\FQA\FQA2007.WTH,normal_year;water_stress_year;nitrogen_stress_year;irrigation_responsive_year,irrigation_responsive,FQA2007_stress_grid_S0012,irrigation_positive_candidate,2007-08-12,224,68,63,"{""sim_day"": 68.0, ""doy"": 224.0, ""topwt"": 2663.211975097656, ""grnwt"": 0.0, ""xlai"": 0.8636201024055481, ""totir"": 0.0, ""tofer"": NaN, ""swfac"": 0.0, ""nstres"": 0.3638730049133301}",0.0,0.3638730049133301,2663.211975097656,0.0,0.8636201024055481,0.0,,0.0,0.0,20.0,0.0,16.567059326171876,24.56705932617188,Leave_One_experiments/all_year_offline_schedule_search/daily_outputs/FQA/FQA_2007_FQA2007_stress_grid_S0012_daily.csv
FQA,FQA,Fengqiu,2007,Leave_One_experiments\wth_generated_qc\FQA\FQA2007.WTH,normal_year;water_stress_year;nitrogen_stress_year;irrigation_responsive_year,irrigation_responsive,FQA2007_stress_grid_S0012,irrigation_positive_candidate,2007-08-13,225,69,64,"{""sim_day"": 69.0, ""doy"": 225.0, ""topwt"": 2761.216125488281, ""grnwt"": 0.0, ""xlai"": 0.836288332939148, ""totir"": 0.0, ""tofer"": NaN, ""swfac"": 0.0, ""nstres"": 0.3595502972602844}",0.0,0.3595502972602844,2761.216125488281,0.0,0.836288332939148,0.0,,0.0,0.0,20.0,0.0,16.567059326171876,24.56705932617188,Leave_One_experiments/all_year_offline_schedule_search/daily_outputs/FQA/FQA_2007_FQA2007_stress_grid_S0012_daily.csv
FQA,FQA,Fengqiu,2007,Leave_One_experiments\wth_generated_qc\FQA\FQA2007.WTH,normal_year;water_stress_year;nitrogen_stress_year;irrigation_responsive_year,irrigation_responsive,FQA2007_stress_grid_S0012,irrigation_positive_candidate,2007-08-14,226,70,65,"{""sim_day"": 70.0, ""doy"": 226.0, ""topwt"": 2824.320068359375, ""grnwt"": 0.0, ""xlai"": 0.8099976181983948, ""totir"": 20.0, ""tofer"": NaN, ""swfac"": 0.0, ""nstres"": 0.3544967770576477}",0.0,0.3544967770576477,2824.320068359375,0.0,0.8099976181983948,20.0,,20.0,0.0,20.0,0.0,16.567059326171876,24.56705932617188,Leave_One_experiments/all_year_offline_schedule_search/daily_outputs/FQA/FQA_2007_FQA2007_stress_grid_S0012_daily.csv
FQA,FQA,Fengqiu,2007,Leave_One_experiments\wth_generated_qc\FQA\FQA2007.WTH,normal_year;water_stress_year;nitrogen_stress_year;irrigation_responsive_year,irrigation_responsive,FQA2007_stress_grid_S0012,irrigation_positive_candidate,2007-08-15,227,71,66,"{""sim_day"": 71.0, ""doy"": 227.0, ""topwt"": 2921.753234863281, ""grnwt"": 0.0, ""xlai"": 0.7848507761955261, ""totir"": 20.0, ""tofer"": NaN, ""swfac"": 0.0, ""nstres"": 0.3450952768325805}",0.0,0.3450952768325805,2921.753234863281,0.0,0.7848507761955261,20.0,,0.0,0.0,20.0,0.0,16.567059326171876,24.56705932617188,Leave_One_experiments/all_year_offline_schedule_search/daily_outputs/FQA/FQA_2007_FQA2007_stress_grid_S0012_daily.csv
FQA,FQA,Fengqiu,2007,Leave_One_experiments\wth_generated_qc\FQA\FQA2007.WTH,normal_year;water_stress_year;nitrogen_stress_year;irrigation_responsive_year,irrigation_responsive,FQA2007_stress_grid_S0012,irrigation_positive_candidate,2007-08-16,228,72,67,"{""sim_day"": 72.0, ""doy"": 228.0, ""topwt"": 2946.895446777344, ""grnwt"": 0.0, ""xlai"": 0.7609602212905884, ""totir"": 20.0, ""tofer"": NaN, ""swfac"": 0.0, ""nstres"": 0.3305509090423584}",0.0,0.3305509090423584,2946.895446777344,0.0,0.7609602212905884,20.0,,0.0,0.0,20.0,0.0,16.567059326171876,24.56705932617188,Leave_One_experiments/all_year_offline_schedule_search/daily_outputs/FQA/FQA_2007_FQA2007_stress_grid_S0012_daily.csv
FQA,FQA,Fengqiu,2007,Leave_One_experiments\wth_generated_qc\FQA\FQA2007.WTH,normal_year;water_stress_year;nitrogen_stress_year;irrigation_responsive_year,irrigation_responsive,FQA2007_stress_grid_S0012,irrigation_positive_candidate,2007-08-17,229,73,68,"{""sim_day"": 73.0, ""doy"": 229.0, ""topwt"": 3031.2213134765625, ""grnwt"": 0.0, ""xlai"": 0.7381923794746399, ""totir"": 20.0, ""tofer"": NaN, ""swfac"": 0.0, ""nstres"": 0.3180797696113586}",0.0,0.3180797696113586,3031.2213134765625,0.0,0.7381923794746399,20.0,,0.0,0.0,20.0,0.0,16.567059326171876,24.56705932617188,Leave_One_experiments/all_year_offline_schedule_search/daily_outputs/FQA/FQA_2007_FQA2007_stress_grid_S0012_daily.csv
FQA,FQA,Fengqiu,2007,Leave_One_experiments\wth_generated_qc\FQA\FQA2007.WTH,normal_year;water_stress_year;nitrogen_stress_year;irrigation_responsive_year,irrigation_responsive,FQA2007_stress_grid_S0012,irrigation_positive_candidate,2007-08-18,230,74,69,"{""sim_day"": 74.0, ""doy"": 230.0, ""topwt"": 3138.714599609375, ""grnwt"": 0.0, ""xlai"": 0.7169970273971558, ""totir"": 20.0, ""tofer"": NaN, ""swfac"": 0.0, ""nstres"": 0.289097249507904}",0.0,0.289097249507904,3138.714599609375,0.0,0.7169970273971558,20.0,,0.0,0.0,20.0,0.0,16.567059326171876,24.56705932617188,Leave_One_experiments/all_year_offline_schedule_search/daily_outputs/FQA/FQA_2007_FQA2007_stress_grid_S0012_daily.csv
FQA,FQA,Fengqiu,2007,Leave_One_experiments\wth_generated_qc\FQA\FQA2007.WTH,normal_year;water_stress_year;nitrogen_stress_year;irrigation_responsive_year,irrigation_responsive,FQA2007_stress_grid_S0012,irrigation_positive_candidate,2007-08-19,231,75,70,"{""sim_day"": 75.0, ""doy"": 231.0, ""topwt"": 3249.849853515625, ""grnwt"": 204.98085021972656, ""xlai"": 0.6969447135925293, ""totir"": 20.0, ""tofer"": NaN, ""swfac"": 0.0, ""nstres"": 0.271211564540863}",0.0,0.271211564540863,3249.849853515625,204.98085021972656,0.6969447135925293,20.0,,0.0,0.0,20.0,0.0,16.567059326171876,24.56705932617188,Leave_One_experiments/all_year_offline_schedule_search/daily_outputs/FQA/FQA_2007_FQA2007_stress_grid_S0012_daily.csv
FQA,FQA,Fengqiu,2007,Leave_One_experiments\wth_generated_qc\FQA\FQA2007.WTH,normal_year;water_stress_year;nitrogen_stress_year;irrigation_responsive_year,irrigation_responsive,FQA2007_stress_grid_S0012,irrigation_positive_candidate,2007-08-20,232,76,71,"{""sim_day"": 76.0, ""doy"": 232.0, ""topwt"": 3331.5835571289062, ""grnwt"": 283.58449935913086, ""xlai"": 0.6754965782165527, ""totir"": 20.0, ""tofer"": NaN, ""swfac"": 0.0, ""nstres"": 0.3385887742042541}",0.0,0.3385887742042541,3331.5835571289062,283.58449935913086,0.6754965782165527,20.0,,0.0,0.0,20.0,0.0,16.567059326171876,24.56705932617188,Leave_One_experiments/all_year_offline_schedule_search/daily_outputs/FQA/FQA_2007_FQA2007_stress_grid_S0012_daily.csv
FQA,FQA,Fengqiu,2007,Leave_One_experiments\wth_generated_qc\FQA\FQA2007.WTH,normal_year;water_stress_year;nitrogen_stress_year;irrigation_responsive_year,irrigation_responsive,FQA2007_stress_grid_S0012,irrigation_positive_candidate,2007-08-21,233,77,72,"{""sim_day"": 77.0, ""doy"": 233.0, ""topwt"": 3410.1119995117188, ""grnwt"": 370.7751083374024, ""xlai"": 0.6558457612991333, ""totir"": 20.0, ""tofer"": NaN, ""swfac"": 0.0, ""nstres"": 0.2981810569763183}",0.0,0.2981810569763183,3410.1119995117188,370.7751083374024,0.6558457612991333,20.0,,0.0,0.0,20.0,0.0,16.567059326171876,24.56705932617188,Leave_One_experiments/all_year_offline_schedule_search/daily_outputs/FQA/FQA_2007_FQA2007_stress_grid_S0012_daily.csv
FQA,FQA,Fengqiu,2007,Leave_One_experiments\wth_generated_qc\FQA\FQA2007.WTH,normal_year;water_stress_year;nitrogen_stress_year;irrigation_responsive_year,irrigation_responsive,FQA2007_stress_grid_S0012,irrigation_positive_candidate,2007-08-22,234,78,73,"{""sim_day"": 78.0, ""doy"": 234.0, ""topwt"": 3491.2188720703125, ""grnwt"": 476.4607238769531, ""xlai"": 0.63679039478302, ""totir"": 20.0, ""tofer"": NaN, ""swfac"": 0.0, ""nstres"": 0.2973108291625976}",0.0,0.2973108291625976,3491.2188720703125,476.4607238769531,0.63679039478302,20.0,,0.0,0.0,20.0,0.0,16.567059326171876,24.56705932617188,Leave_One_experiments/all_year_offline_schedule_search/daily_outputs/FQA/FQA_2007_FQA2007_stress_grid_S0012_daily.csv
FQA,FQA,Fengqiu,2007,Leave_One_experiments\wth_generated_qc\FQA\FQA2007.WTH,normal_year;water_stress_year;nitrogen_stress_year;irrigation_responsive_year,irrigation_responsive,FQA2007_stress_grid_S0012,irrigation_positive_candidate,2007-08-23,235,79,74,"{""sim_day"": 79.0, ""doy"": 235.0, ""topwt"": 3576.8701171875, ""grnwt"": 548.4590530395508, ""xlai"": 0.6183159947395325, ""totir"": 20.0, ""tofer"": NaN, ""swfac"": 0.0, ""nstres"": 0.2962813973426819}",0.0,0.2962813973426819,3576.8701171875,548.4590530395508,0.6183159947395325,20.0,,0.0,0.0,20.0,0.0,16.567059326171876,24.56705932617188,Leave_One_experiments/all_year_offline_schedule_search/daily_outputs/FQA/FQA_2007_FQA2007_stress_grid_S0012_daily.csv
FQA,FQA,Fengqiu,2007,Leave_One_experiments\wth_generated_qc\FQA\FQA2007.WTH,normal_year;water_stress_year;nitrogen_stress_year;irrigation_responsive_year,irrigation_responsive,FQA2007_stress_grid_S0012,irrigation_positive_candidate,2007-08-24,236,80,75,"{""sim_day"": 80.0, ""doy"": 236.0, ""topwt"": 3639.544982910156, ""grnwt"": 623.7600708007812, ""xlai"": 0.6008555293083191, ""totir"": 20.0, ""tofer"": NaN, ""swfac"": 0.0, ""nstres"": 0.2777302861213684}",0.0,0.2777302861213684,3639.544982910156,623.7600708007812,0.6008555293083191,20.0,,0.0,0.0,20.0,0.0,16.567059326171876,24.56705932617188,Leave_One_experiments/all_year_offline_schedule_search/daily_outputs/FQA/FQA_2007_FQA2007_stress_grid_S0012_daily.csv
FQA,FQA,Fengqiu,2007,Leave_One_experiments\wth_generated_qc\FQA\FQA2007.WTH,normal_year;water_stress_year;nitrogen_stress_year;irrigation_responsive_year,irrigation_responsive,FQA2007_stress_grid_S0012,irrigation_positive_candidate,2007-08-25,237,81,76,"{""sim_day"": 81.0, ""doy"": 237.0, ""topwt"": 3719.8794555664062, ""grnwt"": 716.2349700927734, ""xlai"": 0.5838999152183533, ""totir"": 20.0, ""tofer"": NaN, ""swfac"": 0.0, ""nstres"": 0.2772597670555115}",0.0,0.2772597670555115,3719.8794555664062,716.2349700927734,0.5838999152183533,20.0,,0.0,0.0,20.0,0.0,16.567059326171876,24.56705932617188,Leave_One_experiments/all_year_offline_schedule_search/daily_outputs/FQA/FQA_2007_FQA2007_stress_grid_S0012_daily.csv
FQA,FQA,Fengqiu,2007,Leave_One_experiments\wth_generated_qc\FQA\FQA2007.WTH,normal_year;water_stress_year;nitrogen_stress_year;irrigation_responsive_year,irrigation_responsive,FQA2007_stress_grid_S0012,irrigation_positive_candidate,2007-08-26,238,82,77,"{""sim_day"": 82.0, ""doy"": 238.0, ""topwt"": 3775.081787109375, ""grnwt"": 821.9205474853516, ""xlai"": 0.5673779249191284, ""totir"": 20.0, ""tofer"": NaN, ""swfac"": 0.0, ""nstres"": 0.2790988087654114}",0.0,0.2790988087654114,3775.081787109375,821.9205474853516,0.5673779249191284,20.0,,0.0,0.0,20.0,0.0,16.567059326171876,24.56705932617188,Leave_One_experiments/all_year_offline_schedule_search/daily_outputs/FQA/FQA_2007_FQA2007_stress_grid_S0012_daily.csv
FQA,FQA,Fengqiu,2007,Leave_One_experiments\wth_generated_qc\FQA\FQA2007.WTH,normal_year;water_stress_year;nitrogen_stress_year;irrigation_responsive_year,irrigation_responsive,FQA2007_stress_grid_S0012,irrigation_positive_candidate,2007-08-27,239,83,78,"{""sim_day"": 83.0, ""doy"": 239.0, ""topwt"": 3864.639892578125, ""grnwt"": 927.6061248779296, ""xlai"": 0.5512028336524963, ""totir"": 20.0, ""tofer"": NaN, ""swfac"": 0.0, ""nstres"": 0.2842035889625549}",0.0,0.2842035889625549,3864.639892578125,927.6061248779296,0.5512028336524963,20.0,,0.0,0.0,20.0,0.0,16.567059326171876,24.56705932617188,Leave_One_experiments/all_year_offline_schedule_search/daily_outputs/FQA/FQA_2007_FQA2007_stress_grid_S0012_daily.csv
FQA,FQA,Fengqiu,2007,Leave_One_experiments\wth_generated_qc\FQA\FQA2007.WTH,normal_year;water_stress_year;nitrogen_stress_year;irrigation_responsive_year,irrigation_responsive,FQA2007_stress_grid_S0012,irrigation_positive_candidate,2007-08-28,240,84,79,"{""sim_day"": 84.0, ""doy"": 240.0, ""topwt"": 3907.353515625, ""grnwt"": 1033.2917022705078, ""xlai"": 0.5356495976448059, ""totir"": 20.0, ""tofer"": NaN, ""swfac"": 0.0, ""nstres"": 0.2772054076194763}",0.0,0.2772054076194763,3907.353515625,1033.2917022705078,0.5356495976448059,20.0,,0.0,0.0,20.0,0.0,16.567059326171876,24.56705932617188,Leave_One_experiments/all_year_offline_schedule_search/daily_outputs/FQA/FQA_2007_FQA2007_stress_grid_S0012_daily.csv
FQA,FQA,Fengqiu,2007,Leave_One_experiments\wth_generated_qc\FQA\FQA2007.WTH,normal_year;water_stress_year;nitrogen_stress_year;irrigation_responsive_year,irrigation_responsive,FQA2007_stress_grid_S0012,irrigation_positive_candidate,2007-08-29,241,85,80,"{""sim_day"": 85.0, ""doy"": 241.0, ""topwt"": 3915.6353759765625, ""grnwt"": 1138.977279663086, ""xlai"": 0.5202390551567078, ""totir"": 20.0, ""tofer"": NaN, ""swfac"": 0.0, ""nstres"": 0.2904772162437439}",0.0,0.2904772162437439,3915.6353759765625,1138.977279663086,0.5202390551567078,20.0,,0.0,0.0,20.0,0.0,16.567059326171876,24.56705932617188,Leave_One_experiments/all_year_offline_schedule_search/daily_outputs/FQA/FQA_2007_FQA2007_stress_grid_S0012_daily.csv
FQA,FQA,Fengqiu,2007,Leave_One_experiments\wth_generated_qc\FQA\FQA2007.WTH,normal_year;water_stress_year;nitrogen_stress_year;irrigation_responsive_year,irrigation_responsive,FQA2007_stress_grid_S0012,irrigation_positive_candidate,2007-08-30,242,86,81,"{""sim_day"": 86.0, ""doy"": 242.0, ""topwt"": 3928.049926757813, ""grnwt"": 1244.662857055664, ""xlai"": 0.5056400299072266, ""totir"": 20.0, ""tofer"": NaN, ""swfac"": 0.0, ""nstres"": 0.2734909653663635}",0.0,0.2734909653663635,3928.049926757813,1244.662857055664,0.5056400299072266,20.0,,0.0,0.0,20.0,0.0,16.567059326171876,24.56705932617188,Leave_One_experiments/all_year_offline_schedule_search/daily_outputs/FQA/FQA_2007_FQA2007_stress_grid_S0012_daily.csv
FQA,FQA,Fengqiu,2007,Leave_One_experiments\wth_generated_qc\FQA\FQA2007.WTH,normal_year;water_stress_year;nitrogen_stress_year;irrigation_responsive_year,irrigation_responsive,FQA2007_stress_grid_S0012,irrigation_positive_candidate,2007-08-31,243,87,82,"{""sim_day"": 87.0, ""doy"": 243.0, ""topwt"": 4014.869079589844, ""grnwt"": 1350.3485107421875, ""xlai"": 0.4918876886367798, ""totir"": 20.0, ""tofer"": NaN, ""swfac"": 0.0, ""nstres"": 0.2527490854263305}",0.0,0.2527490854263305,4014.869079589844,1350.3485107421875,0.4918876886367798,20.0,,0.0,0.0,20.0,0.0,16.567059326171876,24.56705932617188,Leave_One_experiments/all_year_offline_schedule_search/daily_outputs/FQA/FQA_2007_FQA2007_stress_grid_S0012_daily.csv
FQA,FQA,Fengqiu,2007,Leave_One_experiments\wth_generated_qc\FQA\FQA2007.WTH,normal_year;water_stress_year;nitrogen_stress_year;irrigation_responsive_year,irrigation_responsive,FQA2007_stress_grid_S0012,irrigation_positive_candidate,2007-09-01,244,88,83,"{""sim_day"": 88.0, ""doy"": 244.0, ""topwt"": 4116.029968261719, ""grnwt"": 1456.0340881347656, ""xlai"": 0.478872537612915, ""totir"": 20.0, ""tofer"": NaN, ""swfac"": 0.0, ""nstres"": 0.2350292205810547}",0.0,0.2350292205810547,4116.029968261719,1456.0340881347656,0.478872537612915,20.0,,0.0,0.0,20.0,0.0,16.567059326171876,24.56705932617188,Leave_One_experiments/all_year_offline_schedule_search/daily_outputs/FQA/FQA_2007_FQA2007_stress_grid_S0012_daily.csv
FQA,FQA,Fengqiu,2007,Leave_One_experiments\wth_generated_qc\FQA\FQA2007.WTH,normal_year;water_stress_year;nitrogen_stress_year;irrigation_responsive_year,irrigation_responsive,FQA2007_stress_grid_S0012,irrigation_positive_candidate,2007-09-02,245,89,84,"{""sim_day"": 89.0, ""doy"": 245.0, ""topwt"": 4181.263427734375, ""grnwt"": 1561.7196655273438, ""xlai"": 0.4657364189624786, ""totir"": 20.0, ""tofer"": NaN, ""swfac"": 0.0, ""nstres"": 0.2583518624305725}",0.0,0.2583518624305725,4181.263427734375,1561.7196655273438,0.4657364189624786,20.0,,0.0,0.0,20.0,0.0,16.567059326171876,24.56705932617188,Leave_One_experiments/all_year_offline_schedule_search/daily_outputs/FQA/FQA_2007_FQA2007_stress_grid_S0012_daily.csv
FQA,FQA,Fengqiu,2007,Leave_One_experiments\wth_generated_qc\FQA\FQA2007.WTH,normal_year;water_stress_year;nitrogen_stress_year;irrigation_responsive_year,irrigation_responsive,FQA2007_stress_grid_S0012,irrigation_positive_candidate,2007-09-03,246,90,85,"{""sim_day"": 90.0, ""doy"": 246.0, ""topwt"": 4237.389526367188, ""grnwt"": 1667.405242919922, ""xlai"": 0.4523576200008392, ""totir"": 20.0, ""tofer"": NaN, ""swfac"": 0.0, ""nstres"": 0.2894272208213806}",0.0,0.2894272208213806,4237.389526367188,1667.405242919922,0.4523576200008392,20.0,,0.0,0.0,20.0,0.0,16.567059326171876,24.56705932617188,Leave_One_experiments/all_year_offline_schedule_search/daily_outputs/FQA/FQA_2007_FQA2007_stress_grid_S0012_daily.csv
FQA,FQA,Fengqiu,2007,Leave_One_experiments\wth_generated_qc\FQA\FQA2007.WTH,normal_year;water_stress_year;nitrogen_stress_year;irrigation_responsive_year,irrigation_responsive,FQA2007_stress_grid_S0012,irrigation_positive_candidate,2007-09-04,247,91,86,"{""sim_day"": 91.0, ""doy"": 247.0, ""topwt"": 4304.765930175781, ""grnwt"": 1773.0908203125, ""xlai"": 0.4391751885414123, ""totir"": 20.0, ""tofer"": NaN, ""swfac"": 0.0, ""nstres"": 0.2993971705436706}",0.0,0.2993971705436706,4304.765930175781,1773.0908203125,0.4391751885414123,20.0,,0.0,0.0,20.0,0.0,16.567059326171876,24.56705932617188,Leave_One_experiments/all_year_offline_schedule_search/daily_outputs/FQA/FQA_2007_FQA2007_stress_grid_S0012_daily.csv
FQA,FQA,Fengqiu,2007,Leave_One_experiments\wth_generated_qc\FQA\FQA2007.WTH,normal_year;water_stress_year;nitrogen_stress_year;irrigation_responsive_year,irrigation_responsive,FQA2007_stress_grid_S0012,irrigation_positive_candidate,2007-09-05,248,92,87,"{""sim_day"": 92.0, ""doy"": 248.0, ""topwt"": 4382.481384277344, ""grnwt"": 1878.776397705078, ""xlai"": 0.4263328015804291, ""totir"": 20.0, ""tofer"": NaN, ""swfac"": 0.0, ""nstres"": 0.3018087148666382}",0.0,0.3018087148666382,4382.481384277344,1878.776397705078,0.4263328015804291,20.0,,0.0,0.0,20.0,0.0,16.567059326171876,24.56705932617188,Leave_One_experiments/all_year_offline_schedule_search/daily_outputs/FQA/FQA_2007_FQA2007_stress_grid_S0012_daily.csv
FQA,FQA,Fengqiu,2007,Leave_One_experiments\wth_generated_qc\FQA\FQA2007.WTH,normal_year;water_stress_year;nitrogen_stress_year;irrigation_responsive_year,irrigation_responsive,FQA2007_stress_grid_S0012,irrigation_positive_candidate,2007-09-06,249,93,88,"{""sim_day"": 93.0, ""doy"": 249.0, ""topwt"": 4429.010009765625, ""grnwt"": 1984.461975097656, ""xlai"": 0.4137361347675323, ""totir"": 20.0, ""tofer"": NaN, ""swfac"": 0.0, ""nstres"": 0.3091150522232055}",0.0,0.3091150522232055,4429.010009765625,1984.461975097656,0.4137361347675323,20.0,,0.0,0.0,20.0,0.0,16.567059326171876,24.56705932617188,Leave_One_experiments/all_year_offline_schedule_search/daily_outputs/FQA/FQA_2007_FQA2007_stress_grid_S0012_daily.csv
FQA,FQA,Fengqiu,2007,Leave_One_experiments\wth_generated_qc\FQA\FQA2007.WTH,normal_year;water_stress_year;nitrogen_stress_year;irrigation_responsive_year,irrigation_responsive,FQA2007_stress_grid_S0012,irrigation_positive_candidate,2007-09-07,250,94,89,"{""sim_day"": 94.0, ""doy"": 250.0, ""topwt"": 4479.498291015625, ""grnwt"": 2090.1475524902344, ""xlai"": 0.4012880623340606, ""totir"": 20.0, ""tofer"": NaN, ""swfac"": 0.0, ""nstres"": 0.3220871686935425}",0.0,0.3220871686935425,4479.498291015625,2090.1475524902344,0.4012880623340606,20.0,,0.0,0.0,20.0,0.0,16.567059326171876,24.56705932617188,Leave_One_experiments/all_year_offline_schedule_search/daily_outputs/FQA/FQA_2007_FQA2007_stress_grid_S0012_daily.csv
FQA,FQA,Fengqiu,2007,Leave_One_experiments\wth_generated_qc\FQA\FQA2007.WTH,normal_year;water_stress_year;nitrogen_stress_year;irrigation_responsive_year,irrigation_responsive,FQA2007_stress_grid_S0012,irrigation_positive_candidate,2007-09-08,251,95,90,"{""sim_day"": 95.0, ""doy"": 251.0, ""topwt"": 4553.448486328125, ""grnwt"": 2195.8331298828125, ""xlai"": 0.3892188370227813, ""totir"": 20.0, ""tofer"": NaN, ""swfac"": 0.0, ""nstres"": 0.3218280673027038}",0.0,0.3218280673027038,4553.448486328125,2195.8331298828125,0.3892188370227813,20.0,,0.0,0.0,20.0,0.0,16.567059326171876,24.56705932617188,Leave_One_experiments/all_year_offline_schedule_search/daily_outputs/FQA/FQA_2007_FQA2007_stress_grid_S0012_daily.csv
FQA,FQA,Fengqiu,2007,Leave_One_experiments\wth_generated_qc\FQA\FQA2007.WTH,normal_year;water_stress_year;nitrogen_stress_year;irrigation_responsive_year,irrigation_responsive,FQA2007_stress_grid_S0012,irrigation_positive_candidate,2007-09-09,252,96,91,"{""sim_day"": 96.0, ""doy"": 252.0, ""topwt"": 4621.5826416015625, ""grnwt"": 2301.5187072753906, ""xlai"": 0.3775061368942261, ""totir"": 20.0, ""tofer"": NaN, ""swfac"": 0.0, ""nstres"": 0.322226881980896}",0.0,0.322226881980896,4621.5826416015625,2301.5187072753906,0.3775061368942261,20.0,,0.0,0.0,20.0,0.0,16.567059326171876,24.56705932617188,Leave_One_experiments/all_year_offline_schedule_search/daily_outputs/FQA/FQA_2007_FQA2007_stress_grid_S0012_daily.csv
FQA,FQA,Fengqiu,2007,Leave_One_experiments\wth_generated_qc\FQA\FQA2007.WTH,normal_year;water_stress_year;nitrogen_stress_year;irrigation_responsive_year,irrigation_responsive,FQA2007_stress_grid_S0012,irrigation_positive_candidate,2007-09-10,253,97,92,"{""sim_day"": 97.0, ""doy"": 253.0, ""topwt"": 4686.572265625, ""grnwt"": 2407.2042846679688, ""xlai"": 0.3658937513828277, ""totir"": 20.0, ""tofer"": NaN, ""swfac"": 0.0, ""nstres"": 0.3382592797279358}",0.0,0.3382592797279358,4686.572265625,2407.2042846679688,0.3658937513828277,20.0,,0.0,0.0,20.0,0.0,16.567059326171876,24.56705932617188,Leave_One_experiments/all_year_offline_schedule_search/daily_outputs/FQA/FQA_2007_FQA2007_stress_grid_S0012_daily.csv
FQA,FQA,Fengqiu,2007,Leave_One_experiments\wth_generated_qc\FQA\FQA2007.WTH,normal_year;water_stress_year;nitrogen_stress_year;irrigation_responsive_year,irrigation_responsive,FQA2007_stress_grid_S0012,irrigation_positive_candidate,2007-09-11,254,98,93,"{""sim_day"": 98.0, ""doy"": 254.0, ""topwt"": 4710.556640625, ""grnwt"": 2438.553771972656, ""xlai"": 0.3544697165489197, ""totir"": 20.0, ""tofer"": NaN, ""swfac"": 0.0, ""nstres"": 0.3493354320526123}",0.0,0.3493354320526123,4710.556640625,2438.553771972656,0.3544697165489197,20.0,,0.0,0.0,20.0,0.0,16.567059326171876,24.56705932617188,Leave_One_experiments/all_year_offline_schedule_search/daily_outputs/FQA/FQA_2007_FQA2007_stress_grid_S0012_daily.csv
FQA,FQA,Fengqiu,2007,Leave_One_experiments\wth_generated_qc\FQA\FQA2007.WTH,normal_year;water_stress_year;nitrogen_stress_year;irrigation_responsive_year,irrigation_responsive,FQA2007_stress_grid_S0012,irrigation_positive_candidate,2007-09-12,255,99,94,"{""sim_day"": 99.0, ""doy"": 255.0, ""topwt"": 4725.7720947265625, ""grnwt"": 2453.7692260742188, ""xlai"": 0.3443042933940887, ""totir"": 20.0, ""tofer"": NaN, ""swfac"": 0.0, ""nstres"": 0.2882704138755798}",0.0,0.2882704138755798,4725.7720947265625,2453.7692260742188,0.3443042933940887,20.0,,0.0,0.0,20.0,0.0,16.567059326171876,24.56705932617188,Leave_One_experiments/all_year_offline_schedule_search/daily_outputs/FQA/FQA_2007_FQA2007_stress_grid_S0012_daily.csv
FQA,FQA,Fengqiu,2007,Leave_One_experiments\wth_generated_qc\FQA\FQA2007.WTH,normal_year;water_stress_year;nitrogen_stress_year;irrigation_responsive_year,irrigation_responsive,FQA2007_stress_grid_S0012,irrigation_positive_candidate,2007-09-13,256,100,95,"{""sim_day"": 100.0, ""doy"": 256.0, ""topwt"": 4783.242492675781, ""grnwt"": 2511.239624023437, ""xlai"": 0.3352255821228027, ""totir"": 20.0, ""tofer"": NaN, ""swfac"": 0.0, ""nstres"": 0.2328382134437561}",0.0,0.2328382134437561,4783.242492675781,2511.239624023437,0.3352255821228027,20.0,,0.0,0.0,20.0,0.0,16.567059326171876,24.56705932617188,Leave_One_experiments/all_year_offline_schedule_search/daily_outputs/FQA/FQA_2007_FQA2007_stress_grid_S0012_daily.csv
FQA,FQA,Fengqiu,2007,Leave_One_experiments\wth_generated_qc\FQA\FQA2007.WTH,normal_year;water_stress_year;nitrogen_stress_year;irrigation_responsive_year,irrigation_responsive,FQA2007_stress_grid_S0012,irrigation_positive_candidate,2007-09-14,257,101,96,"{""sim_day"": 101.0, ""doy"": 257.0, ""topwt"": 4837.6251220703125, ""grnwt"": 2565.6222534179688, ""xlai"": 0.326370507478714, ""totir"": 20.0, ""tofer"": NaN, ""swfac"": 0.0, ""nstres"": 0.2339695692062378}",0.0,0.2339695692062378,4837.6251220703125,2565.6222534179688,0.326370507478714,20.0,,0.0,0.0,20.0,0.0,16.567059326171876,24.56705932617188,Leave_One_experiments/all_year_offline_schedule_search/daily_outputs/FQA/FQA_2007_FQA2007_stress_grid_S0012_daily.csv
FQA,FQA,Fengqiu,2007,Leave_One_experiments\wth_generated_qc\FQA\FQA2007.WTH,normal_year;water_stress_year;nitrogen_stress_year;irrigation_responsive_year,irrigation_responsive,FQA2007_stress_grid_S0012,irrigation_positive_candidate,2007-09-15,258,102,97,"{""sim_day"": 102.0, ""doy"": 258.0, ""topwt"": 4898.098449707031, ""grnwt"": 2626.0955810546875, ""xlai"": 0.3177927732467651, ""totir"": 20.0, ""tofer"": NaN, ""swfac"": 0.0, ""nstres"": 0.2307724952697754}",0.0,0.2307724952697754,4898.098449707031,2626.0955810546875,0.3177927732467651,20.0,,0.0,0.0,20.0,0.0,16.567059326171876,24.56705932617188,Leave_One_experiments/all_year_offline_schedule_search/daily_outputs/FQA/FQA_2007_FQA2007_stress_grid_S0012_daily.csv
FQA,FQA,Fengqiu,2007,Leave_One_experiments\wth_generated_qc\FQA\FQA2007.WTH,normal_year;water_stress_year;nitrogen_stress_year;irrigation_responsive_year,irrigation_responsive,FQA2007_stress_grid_S0012,irrigation_positive_candidate,2007-09-16,259,103,98,"{""sim_day"": 103.0, ""doy"": 259.0, ""topwt"": 4928.708801269531, ""grnwt"": 2656.7059326171875, ""xlai"": 0.3093796670436859, ""totir"": 20.0, ""tofer"": NaN, ""swfac"": 0.0, ""nstres"": 0.2353661060333252}",0.0,0.2353661060333252,4928.708801269531,2656.7059326171875,0.3093796670436859,20.0,,0.0,0.0,20.0,0.0,16.567059326171876,24.56705932617188,Leave_One_experiments/all_year_offline_schedule_search/daily_outputs/FQA/FQA_2007_FQA2007_stress_grid_S0012_daily.csv
FQA,FQA,Fengqiu,2007,Leave_One_experiments\wth_generated_qc\FQA\FQA2007.WTH,normal_year;water_stress_year;nitrogen_stress_year;irrigation_responsive_year,irrigation_responsive,FQA2007_stress_grid_S0012,irrigation_positive_candidate,2007-09-17,260,104,99,"{""sim_day"": 104.0, ""doy"": 260.0, ""topwt"": 4928.708801269531, ""grnwt"": 2656.7059326171875, ""xlai"": 0.3093796670436859, ""totir"": 20.0, ""tofer"": NaN, ""swfac"": 0.0, ""nstres"": 0.2025105953216552}",0.0,0.2025105953216552,4928.708801269531,2656.7059326171875,0.3093796670436859,20.0,,0.0,0.0,20.0,0.0,16.567059326171876,24.56705932617188,Leave_One_experiments/all_year_offline_schedule_search/daily_outputs/FQA/FQA_2007_FQA2007_stress_grid_S0012_daily.csv
FQA,FQA,Fengqiu,2007,Leave_One_experiments\wth_generated_qc\FQA\FQA2007.WTH,normal_year;water_stress_year;nitrogen_stress_year;irrigation_responsive_year,irrigation_responsive,FQA2007_stress_grid_S0012,irrigation_positive_candidate,2007-09-18,261,105,100,"{""sim_day"": 105.0, ""doy"": 261.0, ""topwt"": 4928.708801269531, ""grnwt"": 2656.7059326171875, ""xlai"": 0.3093796670436859, ""totir"": 20.0, ""tofer"": NaN, ""swfac"": 0.0, ""nstres"": 0.2025105953216552}",0.0,0.2025105953216552,4928.708801269531,2656.7059326171875,0.3093796670436859,20.0,,0.0,0.0,20.0,0.0,16.567059326171876,24.56705932617188,Leave_One_experiments/all_year_offline_schedule_search/daily_outputs/FQA/FQA_2007_FQA2007_stress_grid_S0012_daily.csv
FQA,FQA,Fengqiu,2007,Leave_One_experiments\wth_generated_qc\FQA\FQA2007.WTH,normal_year;water_stress_year;nitrogen_stress_year;irrigation_responsive_year,irrigation_responsive,FQA2007_stress_grid_S0012,irrigation_positive_candidate,2007-09-19,262,106,101,"{""sim_day"": 106.0, ""doy"": 262.0, ""topwt"": 4928.708801269531, ""grnwt"": 2656.7059326171875, ""xlai"": 0.3093796670436859, ""totir"": 20.0, ""tofer"": NaN, ""swfac"": 0.0, ""nstres"": 0.2025105953216552}",0.0,0.2025105953216552,4928.708801269531,2656.7059326171875,0.3093796670436859,20.0,,0.0,0.0,20.0,0.0,16.567059326171876,24.56705932617188,Leave_One_experiments/all_year_offline_schedule_search/daily_outputs/FQA/FQA_2007_FQA2007_stress_grid_S0012_daily.csv
FQA,FQA,Fengqiu,2007,Leave_One_experiments\wth_generated_qc\FQA\FQA2007.WTH,normal_year;water_stress_year;nitrogen_stress_year;irrigation_responsive_year,irrigation_responsive,FQA2007_stress_grid_S0001,low_input_within_10pct_yield,2007-06-11,162,1,1,"{""sim_day"": 1.0, ""doy"": 162.0, ""topwt"": 0.0, ""grnwt"": 0.0, ""xlai"": 0.0, ""totir"": 0.0, ""tofer"": NaN, ""swfac"": 0.0, ""nstres"": 0.0}",0.0,0.0,0.0,0.0,0.0,0.0,,0.0,0.0,0.0,0.0,26.536175537109376,26.536175537109376,Leave_One_experiments/all_year_offline_schedule_search/daily_outputs/FQA/FQA_2007_FQA2007_stress_grid_S0001_daily.csv
FQA,FQA,Fengqiu,2007,Leave_One_experiments\wth_generated_qc\FQA\FQA2007.WTH,normal_year;water_stress_year;nitrogen_stress_year;irrigation_responsive_year,irrigation_responsive,FQA2007_stress_grid_S0001,low_input_within_10pct_yield,2007-06-12,163,2,2,"{""sim_day"": 2.0, ""doy"": 163.0, ""topwt"": 0.0, ""grnwt"": 0.0, ""xlai"": 0.0, ""totir"": 0.0, ""tofer"": NaN, ""swfac"": 0.0, ""nstres"": 0.0}",0.0,0.0,0.0,0.0,0.0,0.0,,0.0,0.0,0.0,0.0,26.536175537109376,26.536175537109376,Leave_One_experiments/all_year_offline_schedule_search/daily_outputs/FQA/FQA_2007_FQA2007_stress_grid_S0001_daily.csv
FQA,FQA,Fengqiu,2007,Leave_One_experiments\wth_generated_qc\FQA\FQA2007.WTH,normal_year;water_stress_year;nitrogen_stress_year;irrigation_responsive_year,irrigation_responsive,FQA2007_stress_grid_S0001,low_input_within_10pct_yield,2007-06-13,164,3,3,"{""sim_day"": 3.0, ""doy"": 164.0, ""topwt"": 0.0, ""grnwt"": 0.0, ""xlai"": 0.0, ""totir"": 0.0, ""tofer"": NaN, ""swfac"": 0.0, ""nstres"": 0.0}",0.0,0.0,0.0,0.0,0.0,0.0,,0.0,0.0,0.0,0.0,26.536175537109376,26.536175537109376,Leave_One_experiments/all_year_offline_schedule_search/daily_outputs/FQA/FQA_2007_FQA2007_stress_grid_S0001_daily.csv
FQA,FQA,Fengqiu,2007,Leave_One_experiments\wth_generated_qc\FQA\FQA2007.WTH,normal_year;water_stress_year;nitrogen_stress_year;irrigation_responsive_year,irrigation_responsive,FQA2007_stress_grid_S0001,low_input_within_10pct_yield,2007-06-14,165,4,4,"{""sim_day"": 4.0, ""doy"": 165.0, ""topwt"": 0.0, ""grnwt"": 0.0, ""xlai"": 0.0, ""totir"": 0.0, ""tofer"": NaN, ""swfac"": 0.0, ""nstres"": 0.0}",0.0,0.0,0.0,0.0,0.0,0.0,,0.0,0.0,0.0,0.0,26.536175537109376,26.536175537109376,Leave_One_experiments/all_year_offline_schedule_search/daily_outputs/FQA/FQA_2007_FQA2007_stress_grid_S0001_daily.csv
FQA,FQA,Fengqiu,2007,Leave_One_experiments\wth_generated_qc\FQA\FQA2007.WTH,normal_year;water_stress_year;nitrogen_stress_year;irrigation_responsive_year,irrigation_responsive,FQA2007_stress_grid_S0001,low_input_within_10pct_yield,2007-06-15,166,5,5,"{""sim_day"": 5.0, ""doy"": 166.0, ""topwt"": 0.0, ""grnwt"": 0.0, ""xlai"": 0.0, ""totir"": 0.0, ""tofer"": NaN, ""swfac"": 0.0, ""nstres"": 0.0}",0.0,0.0,0.0,0.0,0.0,0.0,,0.0,0.0,0.0,0.0,26.536175537109376,26.536175537109376,Leave_One_experiments/all_year_offline_schedule_search/daily_outputs/FQA/FQA_2007_FQA2007_stress_grid_S0001_daily.csv
FQA,FQA,Fengqiu,2007,Leave_One_experiments\wth_generated_qc\FQA\FQA2007.WTH,normal_year;water_stress_year;nitrogen_stress_year;irrigation_responsive_year,irrigation_responsive,FQA2007_stress_grid_S0001,low_input_within_10pct_yield,2007-06-11,162,6,1,"{""sim_day"": 6.0, ""doy"": 162.0, ""topwt"": 0.0, ""grnwt"": 0.0, ""xlai"": 0.0, ""totir"": 0.0, ""tofer"": NaN, ""swfac"": 0.0, ""nstres"": 0.0}",0.0,0.0,0.0,0.0,0.0,0.0,,0.0,0.0,0.0,0.0,26.536175537109376,26.536175537109376,Leave_One_experiments/all_year_offline_schedule_search/daily_outputs/FQA/FQA_2007_FQA2007_stress_grid_S0001_daily.csv
FQA,FQA,Fengqiu,2007,Leave_One_experiments\wth_generated_qc\FQA\FQA2007.WTH,normal_year;water_stress_year;nitrogen_stress_year;irrigation_responsive_year,irrigation_responsive,FQA2007_stress_grid_S0001,low_input_within_10pct_yield,2007-06-12,163,7,2,"{""sim_day"": 7.0, ""doy"": 163.0, ""topwt"": 0.0, ""grnwt"": 0.0, ""xlai"": 0.0, ""totir"": 0.0, ""tofer"": NaN, ""swfac"": 0.0, ""nstres"": 0.0}",0.0,0.0,0.0,0.0,0.0,0.0,,0.0,0.0,0.0,0.0,26.536175537109376,26.536175537109376,Leave_One_experiments/all_year_offline_schedule_search/daily_outputs/FQA/FQA_2007_FQA2007_stress_grid_S0001_daily.csv
FQA,FQA,Fengqiu,2007,Leave_One_experiments\wth_generated_qc\FQA\FQA2007.WTH,normal_year;water_stress_year;nitrogen_stress_year;irrigation_responsive_year,irrigation_responsive,FQA2007_stress_grid_S0001,low_input_within_10pct_yield,2007-06-13,164,8,3,"{""sim_day"": 8.0, ""doy"": 164.0, ""topwt"": 0.0, ""grnwt"": 0.0, ""xlai"": 0.0, ""totir"": 0.0, ""tofer"": NaN, ""swfac"": 0.0, ""nstres"": 0.0}",0.0,0.0,0.0,0.0,0.0,0.0,,0.0,0.0,0.0,0.0,26.536175537109376,26.536175537109376,Leave_One_experiments/all_year_offline_schedule_search/daily_outputs/FQA/FQA_2007_FQA2007_stress_grid_S0001_daily.csv
FQA,FQA,Fengqiu,2007,Leave_One_experiments\wth_generated_qc\FQA\FQA2007.WTH,normal_year;water_stress_year;nitrogen_stress_year;irrigation_responsive_year,irrigation_responsive,FQA2007_stress_grid_S0001,low_input_within_10pct_yield,2007-06-14,165,9,4,"{""sim_day"": 9.0, ""doy"": 165.0, ""topwt"": 0.0, ""grnwt"": 0.0, ""xlai"": 0.0, ""totir"": 0.0, ""tofer"": NaN, ""swfac"": 0.0, ""nstres"": 0.0}",0.0,0.0,0.0,0.0,0.0,0.0,,0.0,0.0,0.0,0.0,26.536175537109376,26.536175537109376,Leave_One_experiments/all_year_offline_schedule_search/daily_outputs/FQA/FQA_2007_FQA2007_stress_grid_S0001_daily.csv
FQA,FQA,Fengqiu,2007,Leave_One_experiments\wth_generated_qc\FQA\FQA2007.WTH,normal_year;water_stress_year;nitrogen_stress_year;irrigation_responsive_year,irrigation_responsive,FQA2007_stress_grid_S0001,low_input_within_10pct_yield,2007-06-15,166,10,5,"{""sim_day"": 10.0, ""doy"": 166.0, ""topwt"": 32.00000047683716, ""grnwt"": 0.0, ""xlai"": 0.0031338033732026, ""totir"": 0.0, ""tofer"": NaN, ""swfac"": 0.0, ""nstres"": 0.0121910572052001}",0.0,0.0121910572052001,32.00000047683716,0.0,0.0031338033732026,0.0,,0.0,0.0,0.0,0.0,26.536175537109376,26.536175537109376,Leave_One_experiments/all_year_offline_schedule_search/daily_outputs/FQA/FQA_2007_FQA2007_stress_grid_S0001_daily.csv
FQA,FQA,Fengqiu,2007,Leave_One_experiments\wth_generated_qc\FQA\FQA2007.WTH,normal_year;water_stress_year;nitrogen_stress_year;irrigation_responsive_year,irrigation_responsive,FQA2007_stress_grid_S0001,low_input_within_10pct_yield,2007-06-16,167,11,6,"{""sim_day"": 11.0, ""doy"": 167.0, ""topwt"": 32.00000047683716, ""grnwt"": 0.0, ""xlai"": 0.0057468404993414, ""totir"": 0.0, ""tofer"": NaN, ""swfac"": 0.0, ""nstres"": 0.0068503618240356}",0.0,0.0068503618240356,32.00000047683716,0.0,0.0057468404993414,0.0,,0.0,0.0,0.0,0.0,26.536175537109376,26.536175537109376,Leave_One_experiments/all_year_offline_schedule_search/daily_outputs/FQA/FQA_2007_FQA2007_stress_grid_S0001_daily.csv
FQA,FQA,Fengqiu,2007,Leave_One_experiments\wth_generated_qc\FQA\FQA2007.WTH,normal_year;water_stress_year;nitrogen_stress_year;irrigation_responsive_year,irrigation_responsive,FQA2007_stress_grid_S0001,low_input_within_10pct_yield,2007-06-17,168,12,7,"{""sim_day"": 12.0, ""doy"": 168.0, ""topwt"": 32.00000047683716, ""grnwt"": 0.0, ""xlai"": 0.0085093667730689, ""totir"": 0.0, ""tofer"": NaN, ""swfac"": 0.0, ""nstres"": 0.0}",0.0,0.0,32.00000047683716,0.0,0.0085093667730689,0.0,,0.0,0.0,0.0,0.0,26.536175537109376,26.536175537109376,Leave_One_experiments/all_year_offline_schedule_search/daily_outputs/FQA/FQA_2007_FQA2007_stress_grid_S0001_daily.csv
FQA,FQA,Fengqiu,2007,Leave_One_experiments\wth_generated_qc\FQA\FQA2007.WTH,normal_year;water_stress_year;nitrogen_stress_year;irrigation_responsive_year,irrigation_responsive,FQA2007_stress_grid_S0001,low_input_within_10pct_yield,2007-06-18,169,13,8,"{""sim_day"": 13.0, ""doy"": 169.0, ""topwt"": 32.00000047683716, ""grnwt"": 0.0, ""xlai"": 0.0106130335479974, ""totir"": 0.0, ""tofer"": NaN, ""swfac"": 0.0, ""nstres"": 0.0}",0.0,0.0,32.00000047683716,0.0,0.0106130335479974,0.0,,0.0,0.0,0.0,0.0,26.536175537109376,26.536175537109376,Leave_One_experiments/all_year_offline_schedule_search/daily_outputs/FQA/FQA_2007_FQA2007_stress_grid_S0001_daily.csv
FQA,FQA,Fengqiu,2007,Leave_One_experiments\wth_generated_qc\FQA\FQA2007.WTH,normal_year;water_stress_year;nitrogen_stress_year;irrigation_responsive_year,irrigation_responsive,FQA2007_stress_grid_S0001,low_input_within_10pct_yield,2007-06-19,170,14,9,"{""sim_day"": 14.0, ""doy"": 170.0, ""topwt"": 32.00000047683716, ""grnwt"": 0.0, ""xlai"": 0.0127478763461112, ""totir"": 0.0, ""tofer"": NaN, ""swfac"": 0.0, ""nstres"": 0.0}",0.0,0.0,32.00000047683716,0.0,0.0127478763461112,0.0,,0.0,0.0,0.0,0.0,26.536175537109376,26.536175537109376,Leave_One_experiments/all_year_offline_schedule_search/daily_outputs/FQA/FQA_2007_FQA2007_stress_grid_S0001_daily.csv
FQA,FQA,Fengqiu,2007,Leave_One_experiments\wth_generated_qc\FQA\FQA2007.WTH,normal_year;water_stress_year;nitrogen_stress_year;irrigation_responsive_year,irrigation_responsive,FQA2007_stress_grid_S0001,low_input_within_10pct_yield,2007-06-20,171,15,10,"{""sim_day"": 15.0, ""doy"": 171.0, ""topwt"": 32.00000047683716, ""grnwt"": 0.0, ""xlai"": 0.0152436653152108, ""totir"": 0.0, ""tofer"": NaN, ""swfac"": 0.0, ""nstres"": 0.0}",0.0,0.0,32.00000047683716,0.0,0.0152436653152108,0.0,,0.0,0.0,0.0,0.0,26.536175537109376,26.536175537109376,Leave_One_experiments/all_year_offline_schedule_search/daily_outputs/FQA/FQA_2007_FQA2007_stress_grid_S0001_daily.csv
FQA,FQA,Fengqiu,2007,Leave_One_experiments\wth_generated_qc\FQA\FQA2007.WTH,normal_year;water_stress_year;nitrogen_stress_year;irrigation_responsive_year,irrigation_responsive,FQA2007_stress_grid_S0001,low_input_within_10pct_yield,2007-06-21,172,16,11,"{""sim_day"": 16.0, ""doy"": 172.0, ""topwt"": 32.00000047683716, ""grnwt"": 0.0, ""xlai"": 0.0179740693420171, ""totir"": 0.0, ""tofer"": NaN, ""swfac"": 0.0, ""nstres"": 0.0}",0.0,0.0,32.00000047683716,0.0,0.0179740693420171,0.0,,0.0,0.0,0.0,0.0,26.536175537109376,26.536175537109376,Leave_One_experiments/all_year_offline_schedule_search/daily_outputs/FQA/FQA_2007_FQA2007_stress_grid_S0001_daily.csv
FQA,FQA,Fengqiu,2007,Leave_One_experiments\wth_generated_qc\FQA\FQA2007.WTH,normal_year;water_stress_year;nitrogen_stress_year;irrigation_responsive_year,irrigation_responsive,FQA2007_stress_grid_S0001,low_input_within_10pct_yield,2007-06-22,173,17,12,"{""sim_day"": 17.0, ""doy"": 173.0, ""topwt"": 32.00000047683716, ""grnwt"": 0.0, ""xlai"": 0.0217721499502658, ""totir"": 0.0, ""tofer"": NaN, ""swfac"": 0.0, ""nstres"": 0.0}",0.0,0.0,32.00000047683716,0.0,0.0217721499502658,0.0,,0.0,0.0,0.0,0.0,26.536175537109376,26.536175537109376,Leave_One_experiments/all_year_offline_schedule_search/daily_outputs/FQA/FQA_2007_FQA2007_stress_grid_S0001_daily.csv
FQA,FQA,Fengqiu,2007,Leave_One_experiments\wth_generated_qc\FQA\FQA2007.WTH,normal_year;water_stress_year;nitrogen_stress_year;irrigation_responsive_year,irrigation_responsive,FQA2007_stress_grid_S0001,low_input_within_10pct_yield,2007-06-23,174,18,13,"{""sim_day"": 18.0, ""doy"": 174.0, ""topwt"": 25.125632286071777, ""grnwt"": 0.0, ""xlai"": 0.0373829677700996, ""totir"": 0.0, ""tofer"": NaN, ""swfac"": 0.0, ""nstres"": 0.0}",0.0,0.0,25.125632286071777,0.0,0.0373829677700996,0.0,,0.0,0.0,0.0,0.0,26.536175537109376,26.536175537109376,Leave_One_experiments/all_year_offline_schedule_search/daily_outputs/FQA/FQA_2007_FQA2007_stress_grid_S0001_daily.csv
FQA,FQA,Fengqiu,2007,Leave_One_experiments\wth_generated_qc\FQA\FQA2007.WTH,normal_year;water_stress_year;nitrogen_stress_year;irrigation_responsive_year,irrigation_responsive,FQA2007_stress_grid_S0001,low_input_within_10pct_yield,2007-06-24,175,19,14,"{""sim_day"": 19.0, ""doy"": 175.0, ""topwt"": 31.240439414978027, ""grnwt"": 0.0, ""xlai"": 0.0562403351068496, ""totir"": 0.0, ""tofer"": NaN, ""swfac"": 0.0, ""nstres"": 0.0}",0.0,0.0,31.240439414978027,0.0,0.0562403351068496,0.0,,0.0,0.0,0.0,0.0,26.536175537109376,26.536175537109376,Leave_One_experiments/all_year_offline_schedule_search/daily_outputs/FQA/FQA_2007_FQA2007_stress_grid_S0001_daily.csv
FQA,FQA,Fengqiu,2007,Leave_One_experiments\wth_generated_qc\FQA\FQA2007.WTH,normal_year;water_stress_year;nitrogen_stress_year;irrigation_responsive_year,irrigation_responsive,FQA2007_stress_grid_S0001,low_input_within_10pct_yield,2007-06-25,176,20,15,"{""sim_day"": 20.0, ""doy"": 176.0, ""topwt"": 38.52898120880127, ""grnwt"": 0.0, ""xlai"": 0.0767474547028541, ""totir"": 0.0, ""tofer"": NaN, ""swfac"": 0.0, ""nstres"": 0.0}",0.0,0.0,38.52898120880127,0.0,0.0767474547028541,0.0,,0.0,0.0,0.0,0.0,26.536175537109376,26.536175537109376,Leave_One_experiments/all_year_offline_schedule_search/daily_outputs/FQA/FQA_2007_FQA2007_stress_grid_S0001_daily.csv
FQA,FQA,Fengqiu,2007,Leave_One_experiments\wth_generated_qc\FQA\FQA2007.WTH,normal_year;water_stress_year;nitrogen_stress_year;irrigation_responsive_year,irrigation_responsive,FQA2007_stress_grid_S0001,low_input_within_10pct_yield,2007-06-26,177,21,16,"{""sim_day"": 21.0, ""doy"": 177.0, ""topwt"": 45.93924045562744, ""grnwt"": 0.0, ""xlai"": 0.0962023437023162, ""totir"": 0.0, ""tofer"": NaN, ""swfac"": 0.0, ""nstres"": 0.0}",0.0,0.0,45.93924045562744,0.0,0.0962023437023162,0.0,,0.0,0.0,0.0,0.0,26.536175537109376,26.536175537109376,Leave_One_experiments/all_year_offline_schedule_search/daily_outputs/FQA/FQA_2007_FQA2007_stress_grid_S0001_daily.csv
FQA,FQA,Fengqiu,2007,Leave_One_experiments\wth_generated_qc\FQA\FQA2007.WTH,normal_year;water_stress_year;nitrogen_stress_year;irrigation_responsive_year,irrigation_responsive,FQA2007_stress_grid_S0001,low_input_within_10pct_yield,2007-06-27,178,22,17,"{""sim_day"": 22.0, ""doy"": 178.0, ""topwt"": 55.15679359436035, ""grnwt"": 0.0, ""xlai"": 0.1190433204174041, ""totir"": 0.0, ""tofer"": NaN, ""swfac"": 0.0, ""nstres"": 0.0}",0.0,0.0,55.15679359436035,0.0,0.1190433204174041,0.0,,0.0,0.0,0.0,0.0,26.536175537109376,26.536175537109376,Leave_One_experiments/all_year_offline_schedule_search/daily_outputs/FQA/FQA_2007_FQA2007_stress_grid_S0001_daily.csv
FQA,FQA,Fengqiu,2007,Leave_One_experiments\wth_generated_qc\FQA\FQA2007.WTH,normal_year;water_stress_year;nitrogen_stress_year;irrigation_responsive_year,irrigation_responsive,FQA2007_stress_grid_S0001,low_input_within_10pct_yield,2007-06-28,179,23,18,"{""sim_day"": 23.0, ""doy"": 179.0, ""topwt"": 65.66776752471924, ""grnwt"": 0.0, ""xlai"": 0.1437227576971054, ""totir"": 0.0, ""tofer"": NaN, ""swfac"": 0.0, ""nstres"": 0.0}",0.0,0.0,65.66776752471924,0.0,0.1437227576971054,0.0,,0.0,0.0,0.0,0.0,26.536175537109376,26.536175537109376,Leave_One_experiments/all_year_offline_schedule_search/daily_outputs/FQA/FQA_2007_FQA2007_stress_grid_S0001_daily.csv
FQA,FQA,Fengqiu,2007,Leave_One_experiments\wth_generated_qc\FQA\FQA2007.WTH,normal_year;water_stress_year;nitrogen_stress_year;irrigation_responsive_year,irrigation_responsive,FQA2007_stress_grid_S0001,low_input_within_10pct_yield,2007-06-29,180,24,19,"{""sim_day"": 24.0, ""doy"": 180.0, ""topwt"": 76.23202800750732, ""grnwt"": 0.0, ""xlai"": 0.1674369871616363, ""totir"": 0.0, ""tofer"": NaN, ""swfac"": 0.0, ""nstres"": 0.0}",0.0,0.0,76.23202800750732,0.0,0.1674369871616363,0.0,,0.0,0.0,0.0,0.0,26.536175537109376,26.536175537109376,Leave_One_experiments/all_year_offline_schedule_search/daily_outputs/FQA/FQA_2007_FQA2007_stress_grid_S0001_daily.csv
FQA,FQA,Fengqiu,2007,Leave_One_experiments\wth_generated_qc\FQA\FQA2007.WTH,normal_year;water_stress_year;nitrogen_stress_year;irrigation_responsive_year,irrigation_responsive,FQA2007_stress_grid_S0001,low_input_within_10pct_yield,2007-06-30,181,25,20,"{""sim_day"": 25.0, ""doy"": 181.0, ""topwt"": 89.16464805603027, ""grnwt"": 0.0, ""xlai"": 0.1952953189611435, ""totir"": 0.0, ""tofer"": NaN, ""swfac"": 0.0, ""nstres"": 0.0}",0.0,0.0,89.16464805603027,0.0,0.1952953189611435,0.0,,0.0,0.0,0.0,0.0,26.536175537109376,26.536175537109376,Leave_One_experiments/all_year_offline_schedule_search/daily_outputs/FQA/FQA_2007_FQA2007_stress_grid_S0001_daily.csv
FQA,FQA,Fengqiu,2007,Leave_One_experiments\wth_generated_qc\FQA\FQA2007.WTH,normal_year;water_stress_year;nitrogen_stress_year;irrigation_responsive_year,irrigation_responsive,FQA2007_stress_grid_S0001,low_input_within_10pct_yield,2007-07-01,182,26,21,"{""sim_day"": 26.0, ""doy"": 182.0, ""topwt"": 103.72443199157716, ""grnwt"": 0.0, ""xlai"": 0.2254241853952407, ""totir"": 0.0, ""tofer"": NaN, ""swfac"": 0.0, ""nstres"": 0.0}",0.0,0.0,103.72443199157716,0.0,0.2254241853952407,0.0,,0.0,0.0,0.0,0.0,26.536175537109376,26.536175537109376,Leave_One_experiments/all_year_offline_schedule_search/daily_outputs/FQA/FQA_2007_FQA2007_stress_grid_S0001_daily.csv
FQA,FQA,Fengqiu,2007,Leave_One_experiments\wth_generated_qc\FQA\FQA2007.WTH,normal_year;water_stress_year;nitrogen_stress_year;irrigation_responsive_year,irrigation_responsive,FQA2007_stress_grid_S0001,low_input_within_10pct_yield,2007-07-02,183,27,22,"{""sim_day"": 27.0, ""doy"": 183.0, ""topwt"": 120.54812431335448, ""grnwt"": 0.0, ""xlai"": 0.2576916217803955, ""totir"": 0.0, ""tofer"": NaN, ""swfac"": 0.0, ""nstres"": 0.0}",0.0,0.0,120.54812431335448,0.0,0.2576916217803955,0.0,,0.0,0.0,0.0,0.0,26.536175537109376,26.536175537109376,Leave_One_experiments/all_year_offline_schedule_search/daily_outputs/FQA/FQA_2007_FQA2007_stress_grid_S0001_daily.csv
FQA,FQA,Fengqiu,2007,Leave_One_experiments\wth_generated_qc\FQA\FQA2007.WTH,normal_year;water_stress_year;nitrogen_stress_year;irrigation_responsive_year,irrigation_responsive,FQA2007_stress_grid_S0001,low_input_within_10pct_yield,2007-07-03,184,28,23,"{""sim_day"": 28.0, ""doy"": 184.0, ""topwt"": 137.45789527893066, ""grnwt"": 0.0, ""xlai"": 0.2912526726722717, ""totir"": 0.0, ""tofer"": NaN, ""swfac"": 0.0, ""nstres"": 0.0}",0.0,0.0,137.45789527893066,0.0,0.2912526726722717,0.0,,0.0,0.0,0.0,0.0,26.536175537109376,26.536175537109376,Leave_One_experiments/all_year_offline_schedule_search/daily_outputs/FQA/FQA_2007_FQA2007_stress_grid_S0001_daily.csv
FQA,FQA,Fengqiu,2007,Leave_One_experiments\wth_generated_qc\FQA\FQA2007.WTH,normal_year;water_stress_year;nitrogen_stress_year;irrigation_responsive_year,irrigation_responsive,FQA2007_stress_grid_S0001,low_input_within_10pct_yield,2007-07-04,185,29,24,"{""sim_day"": 29.0, ""doy"": 185.0, ""topwt"": 152.95411109924316, ""grnwt"": 0.0, ""xlai"": 0.3210567831993103, ""totir"": 0.0, ""tofer"": NaN, ""swfac"": 0.0, ""nstres"": 0.0}",0.0,0.0,152.95411109924316,0.0,0.3210567831993103,0.0,,0.0,0.0,0.0,0.0,26.536175537109376,26.536175537109376,Leave_One_experiments/all_year_offline_schedule_search/daily_outputs/FQA/FQA_2007_FQA2007_stress_grid_S0001_daily.csv
FQA,FQA,Fengqiu,2007,Leave_One_experiments\wth_generated_qc\FQA\FQA2007.WTH,normal_year;water_stress_year;nitrogen_stress_year;irrigation_responsive_year,irrigation_responsive,FQA2007_stress_grid_S0001,low_input_within_10pct_yield,2007-07-05,186,30,25,"{""sim_day"": 30.0, ""doy"": 186.0, ""topwt"": 172.6561737060547, ""grnwt"": 0.0, ""xlai"": 0.3577374219894409, ""totir"": 0.0, ""tofer"": NaN, ""swfac"": 0.0, ""nstres"": 0.0}",0.0,0.0,172.6561737060547,0.0,0.3577374219894409,0.0,,0.0,0.0,0.0,0.0,26.536175537109376,26.536175537109376,Leave_One_experiments/all_year_offline_schedule_search/daily_outputs/FQA/FQA_2007_FQA2007_stress_grid_S0001_daily.csv
FQA,FQA,Fengqiu,2007,Leave_One_experiments\wth_generated_qc\FQA\FQA2007.WTH,normal_year;water_stress_year;nitrogen_stress_year;irrigation_responsive_year,irrigation_responsive,FQA2007_stress_grid_S0001,low_input_within_10pct_yield,2007-07-06,187,31,26,"{""sim_day"": 31.0, ""doy"": 187.0, ""topwt"": 197.06354141235352, ""grnwt"": 0.0, ""xlai"": 0.4014874994754791, ""totir"": 0.0, ""tofer"": NaN, ""swfac"": 0.0, ""nstres"": 0.0}",0.0,0.0,197.06354141235352,0.0,0.4014874994754791,0.0,,0.0,0.0,0.0,0.0,26.536175537109376,26.536175537109376,Leave_One_experiments/all_year_offline_schedule_search/daily_outputs/FQA/FQA_2007_FQA2007_stress_grid_S0001_daily.csv
FQA,FQA,Fengqiu,2007,Leave_One_experiments\wth_generated_qc\FQA\FQA2007.WTH,normal_year;water_stress_year;nitrogen_stress_year;irrigation_responsive_year,irrigation_responsive,FQA2007_stress_grid_S0001,low_input_within_10pct_yield,2007-07-07,188,32,27,"{""sim_day"": 32.0, ""doy"": 188.0, ""topwt"": 221.58830642700195, ""grnwt"": 0.0, ""xlai"": 0.4438091218471527, ""totir"": 0.0, ""tofer"": NaN, ""swfac"": 0.0, ""nstres"": 0.0}",0.0,0.0,221.58830642700195,0.0,0.4438091218471527,0.0,,0.0,0.0,0.0,0.0,26.536175537109376,26.536175537109376,Leave_One_experiments/all_year_offline_schedule_search/daily_outputs/FQA/FQA_2007_FQA2007_stress_grid_S0001_daily.csv
FQA,FQA,Fengqiu,2007,Leave_One_experiments\wth_generated_qc\FQA\FQA2007.WTH,normal_year;water_stress_year;nitrogen_stress_year;irrigation_responsive_year,irrigation_responsive,FQA2007_stress_grid_S0001,low_input_within_10pct_yield,2007-07-08,189,33,28,"{""sim_day"": 33.0, ""doy"": 189.0, ""topwt"": 251.78241729736328, ""grnwt"": 0.0, ""xlai"": 0.4938451051712036, ""totir"": 0.0, ""tofer"": NaN, ""swfac"": 0.0, ""nstres"": 0.0}",0.0,0.0,251.78241729736328,0.0,0.4938451051712036,0.0,,0.0,0.0,0.0,0.0,26.536175537109376,26.536175537109376,Leave_One_experiments/all_year_offline_schedule_search/daily_outputs/FQA/FQA_2007_FQA2007_stress_grid_S0001_daily.csv
FQA,FQA,Fengqiu,2007,Leave_One_experiments\wth_generated_qc\FQA\FQA2007.WTH,normal_year;water_stress_year;nitrogen_stress_year;irrigation_responsive_year,irrigation_responsive,FQA2007_stress_grid_S0001,low_input_within_10pct_yield,2007-07-09,190,34,29,"{""sim_day"": 34.0, ""doy"": 190.0, ""topwt"": 288.40959548950195, ""grnwt"": 0.0, ""xlai"": 0.5518361926078796, ""totir"": 0.0, ""tofer"": NaN, ""swfac"": 0.0, ""nstres"": 0.0}",0.0,0.0,288.40959548950195,0.0,0.5518361926078796,0.0,,0.0,0.0,0.0,0.0,26.536175537109376,26.536175537109376,Leave_One_experiments/all_year_offline_schedule_search/daily_outputs/FQA/FQA_2007_FQA2007_stress_grid_S0001_daily.csv
FQA,FQA,Fengqiu,2007,Leave_One_experiments\wth_generated_qc\FQA\FQA2007.WTH,normal_year;water_stress_year;nitrogen_stress_year;irrigation_responsive_year,irrigation_responsive,FQA2007_stress_grid_S0001,low_input_within_10pct_yield,2007-07-10,191,35,30,"{""sim_day"": 35.0, ""doy"": 191.0, ""topwt"": 332.13573455810547, ""grnwt"": 0.0, ""xlai"": 0.6176839470863342, ""totir"": 0.0, ""tofer"": NaN, ""swfac"": 0.0, ""nstres"": 0.0}",0.0,0.0,332.13573455810547,0.0,0.6176839470863342,0.0,,0.0,0.0,0.0,0.0,26.536175537109376,26.536175537109376,Leave_One_experiments/all_year_offline_schedule_search/daily_outputs/FQA/FQA_2007_FQA2007_stress_grid_S0001_daily.csv
FQA,FQA,Fengqiu,2007,Leave_One_experiments\wth_generated_qc\FQA\FQA2007.WTH,normal_year;water_stress_year;nitrogen_stress_year;irrigation_responsive_year,irrigation_responsive,FQA2007_stress_grid_S0001,low_input_within_10pct_yield,2007-07-11,192,36,31,"{""sim_day"": 36.0, ""doy"": 192.0, ""topwt"": 375.3358459472656, ""grnwt"": 0.0, ""xlai"": 0.6797067523002625, ""totir"": 0.0, ""tofer"": NaN, ""swfac"": 0.0, ""nstres"": 0.0}",0.0,0.0,375.3358459472656,0.0,0.6797067523002625,0.0,,0.0,0.0,0.0,0.0,26.536175537109376,26.536175537109376,Leave_One_experiments/all_year_offline_schedule_search/daily_outputs/FQA/FQA_2007_FQA2007_stress_grid_S0001_daily.csv
FQA,FQA,Fengqiu,2007,Leave_One_experiments\wth_generated_qc\FQA\FQA2007.WTH,normal_year;water_stress_year;nitrogen_stress_year;irrigation_responsive_year,irrigation_responsive,FQA2007_stress_grid_S0001,low_input_within_10pct_yield,2007-07-12,193,37,32,"{""sim_day"": 37.0, ""doy"": 193.0, ""topwt"": 409.1790771484375, ""grnwt"": 0.0, ""xlai"": 0.72642582654953, ""totir"": 0.0, ""tofer"": NaN, ""swfac"": 0.0, ""nstres"": 0.0}",0.0,0.0,409.1790771484375,0.0,0.72642582654953,0.0,,0.0,0.0,0.0,0.0,26.536175537109376,26.536175537109376,Leave_One_experiments/all_year_offline_schedule_search/daily_outputs/FQA/FQA_2007_FQA2007_stress_grid_S0001_daily.csv
FQA,FQA,Fengqiu,2007,Leave_One_experiments\wth_generated_qc\FQA\FQA2007.WTH,normal_year;water_stress_year;nitrogen_stress_year;irrigation_responsive_year,irrigation_responsive,FQA2007_stress_grid_S0001,low_input_within_10pct_yield,2007-07-13,194,38,33,"{""sim_day"": 38.0, ""doy"": 194.0, ""topwt"": 435.8823013305664, ""grnwt"": 0.0, ""xlai"": 0.7621163725852966, ""totir"": 0.0, ""tofer"": NaN, ""swfac"": 0.0, ""nstres"": 0.0}",0.0,0.0,435.8823013305664,0.0,0.7621163725852966,0.0,,0.0,0.0,0.0,0.0,26.536175537109376,26.536175537109376,Leave_One_experiments/all_year_offline_schedule_search/daily_outputs/FQA/FQA_2007_FQA2007_stress_grid_S0001_daily.csv
FQA,FQA,Fengqiu,2007,Leave_One_experiments\wth_generated_qc\FQA\FQA2007.WTH,normal_year;water_stress_year;nitrogen_stress_year;irrigation_responsive_year,irrigation_responsive,FQA2007_stress_grid_S0001,low_input_within_10pct_yield,2007-07-14,195,39,34,"{""sim_day"": 39.0, ""doy"": 195.0, ""topwt"": 484.3071746826172, ""grnwt"": 0.0, ""xlai"": 0.8239735960960388, ""totir"": 0.0, ""tofer"": NaN, ""swfac"": 0.0, ""nstres"": 0.0039752125740051}",0.0,0.0039752125740051,484.3071746826172,0.0,0.8239735960960388,0.0,,0.0,0.0,0.0,0.0,26.536175537109376,26.536175537109376,Leave_One_experiments/all_year_offline_schedule_search/daily_outputs/FQA/FQA_2007_FQA2007_stress_grid_S0001_daily.csv
FQA,FQA,Fengqiu,2007,Leave_One_experiments\wth_generated_qc\FQA\FQA2007.WTH,normal_year;water_stress_year;nitrogen_stress_year;irrigation_responsive_year,irrigation_responsive,FQA2007_stress_grid_S0001,low_input_within_10pct_yield,2007-07-15,196,40,35,"{""sim_day"": 40.0, ""doy"": 196.0, ""topwt"": 540.8564376831055, ""grnwt"": 0.0, ""xlai"": 0.8913682103157043, ""totir"": 0.0, ""tofer"": NaN, ""swfac"": 0.0, ""nstres"": 0.0180122852325439}",0.0,0.0180122852325439,540.8564376831055,0.0,0.8913682103157043,0.0,,0.0,0.0,0.0,0.0,26.536175537109376,26.536175537109376,Leave_One_experiments/all_year_offline_schedule_search/daily_outputs/FQA/FQA_2007_FQA2007_stress_grid_S0001_daily.csv
FQA,FQA,Fengqiu,2007,Leave_One_experiments\wth_generated_qc\FQA\FQA2007.WTH,normal_year;water_stress_year;nitrogen_stress_year;irrigation_responsive_year,irrigation_responsive,FQA2007_stress_grid_S0001,low_input_within_10pct_yield,2007-07-16,197,41,36,"{""sim_day"": 41.0, ""doy"": 197.0, ""topwt"": 606.6302871704102, ""grnwt"": 0.0, ""xlai"": 0.961553394794464, ""totir"": 0.0, ""tofer"": NaN, ""swfac"": 0.0, ""nstres"": 0.053013801574707}",0.0,0.053013801574707,606.6302871704102,0.0,0.961553394794464,0.0,,0.0,0.0,0.0,0.0,26.536175537109376,26.536175537109376,Leave_One_experiments/all_year_offline_schedule_search/daily_outputs/FQA/FQA_2007_FQA2007_stress_grid_S0001_daily.csv
FQA,FQA,Fengqiu,2007,Leave_One_experiments\wth_generated_qc\FQA\FQA2007.WTH,normal_year;water_stress_year;nitrogen_stress_year;irrigation_responsive_year,irrigation_responsive,FQA2007_stress_grid_S0001,low_input_within_10pct_yield,2007-07-17,198,42,37,"{""sim_day"": 42.0, ""doy"": 198.0, ""topwt"": 677.5757598876953, ""grnwt"": 0.0, ""xlai"": 1.028470516204834, ""totir"": 0.0, ""tofer"": NaN, ""swfac"": 0.0, ""nstres"": 0.0863797068595886}",0.0,0.0863797068595886,677.5757598876953,0.0,1.028470516204834,0.0,,0.0,0.0,0.0,0.0,26.536175537109376,26.536175537109376,Leave_One_experiments/all_year_offline_schedule_search/daily_outputs/FQA/FQA_2007_FQA2007_stress_grid_S0001_daily.csv
FQA,FQA,Fengqiu,2007,Leave_One_experiments\wth_generated_qc\FQA\FQA2007.WTH,normal_year;water_stress_year;nitrogen_stress_year;irrigation_responsive_year,irrigation_responsive,FQA2007_stress_grid_S0001,low_input_within_10pct_yield,2007-07-18,199,43,38,"{""sim_day"": 43.0, ""doy"": 199.0, ""topwt"": 735.0511169433594, ""grnwt"": 0.0, ""xlai"": 1.072648286819458, ""totir"": 0.0, ""tofer"": NaN, ""swfac"": 0.0, ""nstres"": 0.1190253496170044}",0.0,0.1190253496170044,735.0511169433594,0.0,1.072648286819458,0.0,,0.0,0.0,0.0,0.0,26.536175537109376,26.536175537109376,Leave_One_experiments/all_year_offline_schedule_search/daily_outputs/FQA/FQA_2007_FQA2007_stress_grid_S0001_daily.csv
FQA,FQA,Fengqiu,2007,Leave_One_experiments\wth_generated_qc\FQA\FQA2007.WTH,normal_year;water_stress_year;nitrogen_stress_year;irrigation_responsive_year,irrigation_responsive,FQA2007_stress_grid_S0001,low_input_within_10pct_yield,2007-07-19,200,44,39,"{""sim_day"": 44.0, ""doy"": 200.0, ""topwt"": 763.5781860351562, ""grnwt"": 0.0, ""xlai"": 1.081356406211853, ""totir"": 0.0, ""tofer"": NaN, ""swfac"": 0.0, ""nstres"": 0.1472858190536499}",0.0,0.1472858190536499,763.5781860351562,0.0,1.081356406211853,0.0,,0.0,0.0,0.0,0.0,26.536175537109376,26.536175537109376,Leave_One_experiments/all_year_offline_schedule_search/daily_outputs/FQA/FQA_2007_FQA2007_stress_grid_S0001_daily.csv
FQA,FQA,Fengqiu,2007,Leave_One_experiments\wth_generated_qc\FQA\FQA2007.WTH,normal_year;water_stress_year;nitrogen_stress_year;irrigation_responsive_year,irrigation_responsive,FQA2007_stress_grid_S0001,low_input_within_10pct_yield,2007-07-20,201,45,40,"{""sim_day"": 45.0, ""doy"": 201.0, ""topwt"": 807.2461700439453, ""grnwt"": 0.0, ""xlai"": 1.1015620231628418, ""totir"": 0.0, ""tofer"": NaN, ""swfac"": 0.0, ""nstres"": 0.1620107293128967}",0.0,0.1620107293128967,807.2461700439453,0.0,1.1015620231628418,0.0,,0.0,0.0,0.0,0.0,26.536175537109376,26.536175537109376,Leave_One_experiments/all_year_offline_schedule_search/daily_outputs/FQA/FQA_2007_FQA2007_stress_grid_S0001_daily.csv
FQA,FQA,Fengqiu,2007,Leave_One_experiments\wth_generated_qc\FQA\FQA2007.WTH,normal_year;water_stress_year;nitrogen_stress_year;irrigation_responsive_year,irrigation_responsive,FQA2007_stress_grid_S0001,low_input_within_10pct_yield,2007-07-21,202,46,41,"{""sim_day"": 46.0, ""doy"": 202.0, ""topwt"": 853.4308624267578, ""grnwt"": 0.0, ""xlai"": 1.1218938827514648, ""totir"": 0.0, ""tofer"": NaN, ""swfac"": 0.0, ""nstres"": 0.1646509170532226}",0.0,0.1646509170532226,853.4308624267578,0.0,1.1218938827514648,0.0,,0.0,0.0,0.0,0.0,26.536175537109376,26.536175537109376,Leave_One_experiments/all_year_offline_schedule_search/daily_outputs/FQA/FQA_2007_FQA2007_stress_grid_S0001_daily.csv
FQA,FQA,Fengqiu,2007,Leave_One_experiments\wth_generated_qc\FQA\FQA2007.WTH,normal_year;water_stress_year;nitrogen_stress_year;irrigation_responsive_year,irrigation_responsive,FQA2007_stress_grid_S0001,low_input_within_10pct_yield,2007-07-22,203,47,42,"{""sim_day"": 47.0, ""doy"": 203.0, ""topwt"": 905.2161407470704, ""grnwt"": 0.0, ""xlai"": 1.144160509109497, ""totir"": 0.0, ""tofer"": NaN, ""swfac"": 0.0, ""nstres"": 0.1722675561904907}",0.0,0.1722675561904907,905.2161407470704,0.0,1.144160509109497,0.0,,0.0,0.0,0.0,0.0,26.536175537109376,26.536175537109376,Leave_One_experiments/all_year_offline_schedule_search/daily_outputs/FQA/FQA_2007_FQA2007_stress_grid_S0001_daily.csv
FQA,FQA,Fengqiu,2007,Leave_One_experiments\wth_generated_qc\FQA\FQA2007.WTH,normal_year;water_stress_year;nitrogen_stress_year;irrigation_responsive_year,irrigation_responsive,FQA2007_stress_grid_S0001,low_input_within_10pct_yield,2007-07-23,204,48,43,"{""sim_day"": 48.0, ""doy"": 204.0, ""topwt"": 961.833038330078, ""grnwt"": 0.0, ""xlai"": 1.1672334671020508, ""totir"": 0.0, ""tofer"": NaN, ""swfac"": 0.0, ""nstres"": 0.1796985268592834}",0.0,0.1796985268592834,961.833038330078,0.0,1.1672334671020508,0.0,,0.0,0.0,0.0,0.0,26.536175537109376,26.536175537109376,Leave_One_experiments/all_year_offline_schedule_search/daily_outputs/FQA/FQA_2007_FQA2007_stress_grid_S0001_daily.csv
FQA,FQA,Fengqiu,2007,Leave_One_experiments\wth_generated_qc\FQA\FQA2007.WTH,normal_year;water_stress_year;nitrogen_stress_year;irrigation_responsive_year,irrigation_responsive,FQA2007_stress_grid_S0001,low_input_within_10pct_yield,2007-07-24,205,49,44,"{""sim_day"": 49.0, ""doy"": 205.0, ""topwt"": 1080.960922241211, ""grnwt"": 0.0, ""xlai"": 1.1820096969604492, ""totir"": 0.0, ""tofer"": NaN, ""swfac"": 0.0, ""nstres"": 0.1878839135169983}",0.0,0.1878839135169983,1080.960922241211,0.0,1.1820096969604492,0.0,,0.0,0.0,0.0,0.0,26.536175537109376,26.536175537109376,Leave_One_experiments/all_year_offline_schedule_search/daily_outputs/FQA/FQA_2007_FQA2007_stress_grid_S0001_daily.csv
FQA,FQA,Fengqiu,2007,Leave_One_experiments\wth_generated_qc\FQA\FQA2007.WTH,normal_year;water_stress_year;nitrogen_stress_year;irrigation_responsive_year,irrigation_responsive,FQA2007_stress_grid_S0001,low_input_within_10pct_yield,2007-07-25,206,50,45,"{""sim_day"": 50.0, ""doy"": 206.0, ""topwt"": 1198.9111328125, ""grnwt"": 0.0, ""xlai"": 1.1927152872085571, ""totir"": 0.0, ""tofer"": NaN, ""swfac"": 0.0, ""nstres"": 0.1959526538848877}",0.0,0.1959526538848877,1198.9111328125,0.0,1.1927152872085571,0.0,,0.0,0.0,0.0,0.0,26.536175537109376,26.536175537109376,Leave_One_experiments/all_year_offline_schedule_search/daily_outputs/FQA/FQA_2007_FQA2007_stress_grid_S0001_daily.csv
FQA,FQA,Fengqiu,2007,Leave_One_experiments\wth_generated_qc\FQA\FQA2007.WTH,normal_year;water_stress_year;nitrogen_stress_year;irrigation_responsive_year,irrigation_responsive,FQA2007_stress_grid_S0001,low_input_within_10pct_yield,2007-07-26,207,51,46,"{""sim_day"": 51.0, ""doy"": 207.0, ""topwt"": 1312.1420288085938, ""grnwt"": 0.0, ""xlai"": 1.1960973739624023, ""totir"": 0.0, ""tofer"": NaN, ""swfac"": 0.0, ""nstres"": 0.2585303783416748}",0.0,0.2585303783416748,1312.1420288085938,0.0,1.1960973739624023,0.0,,0.0,0.0,0.0,0.0,26.536175537109376,26.536175537109376,Leave_One_experiments/all_year_offline_schedule_search/daily_outputs/FQA/FQA_2007_FQA2007_stress_grid_S0001_daily.csv
FQA,FQA,Fengqiu,2007,Leave_One_experiments\wth_generated_qc\FQA\FQA2007.WTH,normal_year;water_stress_year;nitrogen_stress_year;irrigation_responsive_year,irrigation_responsive,FQA2007_stress_grid_S0001,low_input_within_10pct_yield,2007-07-27,208,52,47,"{""sim_day"": 52.0, ""doy"": 208.0, ""topwt"": 1414.6551513671875, ""grnwt"": 0.0, ""xlai"": 1.1919447183609009, ""totir"": 0.0, ""tofer"": NaN, ""swfac"": 0.0, ""nstres"": 0.3086993098258972}",0.0,0.3086993098258972,1414.6551513671875,0.0,1.1919447183609009,0.0,,0.0,0.0,0.0,0.0,26.536175537109376,26.536175537109376,Leave_One_experiments/all_year_offline_schedule_search/daily_outputs/FQA/FQA_2007_FQA2007_stress_grid_S0001_daily.csv
FQA,FQA,Fengqiu,2007,Leave_One_experiments\wth_generated_qc\FQA\FQA2007.WTH,normal_year;water_stress_year;nitrogen_stress_year;irrigation_responsive_year,irrigation_responsive,FQA2007_stress_grid_S0001,low_input_within_10pct_yield,2007-07-28,209,53,48,"{""sim_day"": 53.0, ""doy"": 209.0, ""topwt"": 1516.1326599121094, ""grnwt"": 0.0, ""xlai"": 1.1841570138931274, ""totir"": 0.0, ""tofer"": NaN, ""swfac"": 0.0, ""nstres"": 0.3499243855476379}",0.0,0.3499243855476379,1516.1326599121094,0.0,1.1841570138931274,0.0,,0.0,0.0,0.0,0.0,26.536175537109376,26.536175537109376,Leave_One_experiments/all_year_offline_schedule_search/daily_outputs/FQA/FQA_2007_FQA2007_stress_grid_S0001_daily.csv
FQA,FQA,Fengqiu,2007,Leave_One_experiments\wth_generated_qc\FQA\FQA2007.WTH,normal_year;water_stress_year;nitrogen_stress_year;irrigation_responsive_year,irrigation_responsive,FQA2007_stress_grid_S0001,low_input_within_10pct_yield,2007-07-29,210,54,49,"{""sim_day"": 54.0, ""doy"": 210.0, ""topwt"": 1603.6219787597656, ""grnwt"": 0.0, ""xlai"": 1.1700011491775513, ""totir"": 0.0, ""tofer"": NaN, ""swfac"": 0.0, ""nstres"": 0.3812147974967956}",0.0,0.3812147974967956,1603.6219787597656,0.0,1.1700011491775513,0.0,,0.0,0.0,0.0,0.0,26.536175537109376,26.536175537109376,Leave_One_experiments/all_year_offline_schedule_search/daily_outputs/FQA/FQA_2007_FQA2007_stress_grid_S0001_daily.csv
FQA,FQA,Fengqiu,2007,Leave_One_experiments\wth_generated_qc\FQA\FQA2007.WTH,normal_year;water_stress_year;nitrogen_stress_year;irrigation_responsive_year,irrigation_responsive,FQA2007_stress_grid_S0001,low_input_within_10pct_yield,2007-07-30,211,55,50,"{""sim_day"": 55.0, ""doy"": 211.0, ""topwt"": 1686.7897033691406, ""grnwt"": 0.0, ""xlai"": 1.153181076049805, ""totir"": 0.0, ""tofer"": NaN, ""swfac"": 0.0, ""nstres"": 0.4033882617950439}",0.0,0.4033882617950439,1686.7897033691406,0.0,1.153181076049805,0.0,,0.0,0.0,0.0,0.0,26.536175537109376,26.536175537109376,Leave_One_experiments/all_year_offline_schedule_search/daily_outputs/FQA/FQA_2007_FQA2007_stress_grid_S0001_daily.csv
FQA,FQA,Fengqiu,2007,Leave_One_experiments\wth_generated_qc\FQA\FQA2007.WTH,normal_year;water_stress_year;nitrogen_stress_year;irrigation_responsive_year,irrigation_responsive,FQA2007_stress_grid_S0001,low_input_within_10pct_yield,2007-07-31,212,56,51,"{""sim_day"": 56.0, ""doy"": 212.0, ""topwt"": 1777.8727722167969, ""grnwt"": 0.0, ""xlai"": 1.1377791166305542, ""totir"": 0.0, ""tofer"": NaN, ""swfac"": 0.0, ""nstres"": 0.4116785526275635}",0.0,0.4116785526275635,1777.8727722167969,0.0,1.1377791166305542,0.0,,0.0,0.0,0.0,0.0,26.536175537109376,26.536175537109376,Leave_One_experiments/all_year_offline_schedule_search/daily_outputs/FQA/FQA_2007_FQA2007_stress_grid_S0001_daily.csv
FQA,FQA,Fengqiu,2007,Leave_One_experiments\wth_generated_qc\FQA\FQA2007.WTH,normal_year;water_stress_year;nitrogen_stress_year;irrigation_responsive_year,irrigation_responsive,FQA2007_stress_grid_S0001,low_input_within_10pct_yield,2007-08-01,213,57,52,"{""sim_day"": 57.0, ""doy"": 213.0, ""topwt"": 1793.7629699707031, ""grnwt"": 0.0, ""xlai"": 1.1027250289916992, ""totir"": 0.0, ""tofer"": NaN, ""swfac"": 0.0, ""nstres"": 0.4194145202636719}",0.0,0.4194145202636719,1793.7629699707031,0.0,1.1027250289916992,0.0,,0.0,0.0,0.0,0.0,26.536175537109376,26.536175537109376,Leave_One_experiments/all_year_offline_schedule_search/daily_outputs/FQA/FQA_2007_FQA2007_stress_grid_S0001_daily.csv
FQA,FQA,Fengqiu,2007,Leave_One_experiments\wth_generated_qc\FQA\FQA2007.WTH,normal_year;water_stress_year;nitrogen_stress_year;irrigation_responsive_year,irrigation_responsive,FQA2007_stress_grid_S0001,low_input_within_10pct_yield,2007-08-02,214,58,53,"{""sim_day"": 58.0, ""doy"": 214.0, ""topwt"": 1861.6346740722656, ""grnwt"": 0.0, ""xlai"": 1.0813297033309937, ""totir"": 0.0, ""tofer"": NaN, ""swfac"": 0.0, ""nstres"": 0.4271513223648071}",0.0,0.4271513223648071,1861.6346740722656,0.0,1.0813297033309937,0.0,,0.0,0.0,0.0,0.0,26.536175537109376,26.536175537109376,Leave_One_experiments/all_year_offline_schedule_search/daily_outputs/FQA/FQA_2007_FQA2007_stress_grid_S0001_daily.csv
FQA,FQA,Fengqiu,2007,Leave_One_experiments\wth_generated_qc\FQA\FQA2007.WTH,normal_year;water_stress_year;nitrogen_stress_year;irrigation_responsive_year,irrigation_responsive,FQA2007_stress_grid_S0001,low_input_within_10pct_yield,2007-08-03,215,59,54,"{""sim_day"": 59.0, ""doy"": 215.0, ""topwt"": 1931.9635009765625, ""grnwt"": 0.0, ""xlai"": 1.0621312856674194, ""totir"": 0.0, ""tofer"": NaN, ""swfac"": 0.0, ""nstres"": 0.4083648920059204}",0.0,0.4083648920059204,1931.9635009765625,0.0,1.0621312856674194,0.0,,0.0,0.0,0.0,0.0,26.536175537109376,26.536175537109376,Leave_One_experiments/all_year_offline_schedule_search/daily_outputs/FQA/FQA_2007_FQA2007_stress_grid_S0001_daily.csv
FQA,FQA,Fengqiu,2007,Leave_One_experiments\wth_generated_qc\FQA\FQA2007.WTH,normal_year;water_stress_year;nitrogen_stress_year;irrigation_responsive_year,irrigation_responsive,FQA2007_stress_grid_S0001,low_input_within_10pct_yield,2007-08-04,216,60,55,"{""sim_day"": 60.0, ""doy"": 216.0, ""topwt"": 2010.4719543457031, ""grnwt"": 0.0, ""xlai"": 1.0456089973449707, ""totir"": 0.0, ""tofer"": NaN, ""swfac"": 0.0, ""nstres"": 0.4081268906593323}",0.0,0.4081268906593323,2010.4719543457031,0.0,1.0456089973449707,0.0,,0.0,0.0,0.0,0.0,26.536175537109376,26.536175537109376,Leave_One_experiments/all_year_offline_schedule_search/daily_outputs/FQA/FQA_2007_FQA2007_stress_grid_S0001_daily.csv
FQA,FQA,Fengqiu,2007,Leave_One_experiments\wth_generated_qc\FQA\FQA2007.WTH,normal_year;water_stress_year;nitrogen_stress_year;irrigation_responsive_year,irrigation_responsive,FQA2007_stress_grid_S0001,low_input_within_10pct_yield,2007-08-05,217,61,56,"{""sim_day"": 61.0, ""doy"": 217.0, ""topwt"": 2067.892303466797, ""grnwt"": 0.0, ""xlai"": 1.02443528175354, ""totir"": 0.0, ""tofer"": NaN, ""swfac"": 0.0, ""nstres"": 0.4072576761245727}",0.0,0.4072576761245727,2067.892303466797,0.0,1.02443528175354,0.0,,0.0,0.0,0.0,0.0,26.536175537109376,26.536175537109376,Leave_One_experiments/all_year_offline_schedule_search/daily_outputs/FQA/FQA_2007_FQA2007_stress_grid_S0001_daily.csv
FQA,FQA,Fengqiu,2007,Leave_One_experiments\wth_generated_qc\FQA\FQA2007.WTH,normal_year;water_stress_year;nitrogen_stress_year;irrigation_responsive_year,irrigation_responsive,FQA2007_stress_grid_S0001,low_input_within_10pct_yield,2007-08-06,218,62,57,"{""sim_day"": 62.0, ""doy"": 218.0, ""topwt"": 2150.9959411621094, ""grnwt"": 0.0, ""xlai"": 1.0103505849838257, ""totir"": 0.0, ""tofer"": NaN, ""swfac"": 0.0, ""nstres"": 0.4068989157676697}",0.0,0.4068989157676697,2150.9959411621094,0.0,1.0103505849838257,0.0,,0.0,0.0,0.0,0.0,26.536175537109376,26.536175537109376,Leave_One_experiments/all_year_offline_schedule_search/daily_outputs/FQA/FQA_2007_FQA2007_stress_grid_S0001_daily.csv
FQA,FQA,Fengqiu,2007,Leave_One_experiments\wth_generated_qc\FQA\FQA2007.WTH,normal_year;water_stress_year;nitrogen_stress_year;irrigation_responsive_year,irrigation_responsive,FQA2007_stress_grid_S0001,low_input_within_10pct_yield,2007-08-07,219,63,58,"{""sim_day"": 63.0, ""doy"": 219.0, ""topwt"": 2238.289031982422, ""grnwt"": 0.0, ""xlai"": 0.9979531168937684, ""totir"": 0.0, ""tofer"": NaN, ""swfac"": 0.0, ""nstres"": 0.4024658203125}",0.0,0.4024658203125,2238.289031982422,0.0,0.9979531168937684,0.0,,0.0,0.0,0.0,0.0,26.536175537109376,26.536175537109376,Leave_One_experiments/all_year_offline_schedule_search/daily_outputs/FQA/FQA_2007_FQA2007_stress_grid_S0001_daily.csv
FQA,FQA,Fengqiu,2007,Leave_One_experiments\wth_generated_qc\FQA\FQA2007.WTH,normal_year;water_stress_year;nitrogen_stress_year;irrigation_responsive_year,irrigation_responsive,FQA2007_stress_grid_S0001,low_input_within_10pct_yield,2007-08-08,220,64,59,"{""sim_day"": 64.0, ""doy"": 220.0, ""topwt"": 2301.9558715820312, ""grnwt"": 0.0, ""xlai"": 0.980229675769806, ""totir"": 0.0, ""tofer"": NaN, ""swfac"": 0.0, ""nstres"": 0.3994425535202026}",0.0,0.3994425535202026,2301.9558715820312,0.0,0.980229675769806,0.0,,0.0,0.0,0.0,0.0,26.536175537109376,26.536175537109376,Leave_One_experiments/all_year_offline_schedule_search/daily_outputs/FQA/FQA_2007_FQA2007_stress_grid_S0001_daily.csv
FQA,FQA,Fengqiu,2007,Leave_One_experiments\wth_generated_qc\FQA\FQA2007.WTH,normal_year;water_stress_year;nitrogen_stress_year;irrigation_responsive_year,irrigation_responsive,FQA2007_stress_grid_S0001,low_input_within_10pct_yield,2007-08-09,221,65,60,"{""sim_day"": 65.0, ""doy"": 221.0, ""topwt"": 2322.4635314941406, ""grnwt"": 0.0, ""xlai"": 0.9525262713432312, ""totir"": 0.0, ""tofer"": NaN, ""swfac"": 0.0, ""nstres"": 0.3960676193237304}",0.0,0.3960676193237304,2322.4635314941406,0.0,0.9525262713432312,0.0,,0.0,0.0,0.0,0.0,26.536175537109376,26.536175537109376,Leave_One_experiments/all_year_offline_schedule_search/daily_outputs/FQA/FQA_2007_FQA2007_stress_grid_S0001_daily.csv
FQA,FQA,Fengqiu,2007,Leave_One_experiments\wth_generated_qc\FQA\FQA2007.WTH,normal_year;water_stress_year;nitrogen_stress_year;irrigation_responsive_year,irrigation_responsive,FQA2007_stress_grid_S0001,low_input_within_10pct_yield,2007-08-10,222,66,61,"{""sim_day"": 66.0, ""doy"": 222.0, ""topwt"": 2434.964141845703, ""grnwt"": 0.0, ""xlai"": 0.9213298559188844, ""totir"": 0.0, ""tofer"": NaN, ""swfac"": 0.0, ""nstres"": 0.3860276341438293}",0.0,0.3860276341438293,2434.964141845703,0.0,0.9213298559188844,0.0,,0.0,0.0,0.0,0.0,26.536175537109376,26.536175537109376,Leave_One_experiments/all_year_offline_schedule_search/daily_outputs/FQA/FQA_2007_FQA2007_stress_grid_S0001_daily.csv
FQA,FQA,Fengqiu,2007,Leave_One_experiments\wth_generated_qc\FQA\FQA2007.WTH,normal_year;water_stress_year;nitrogen_stress_year;irrigation_responsive_year,irrigation_responsive,FQA2007_stress_grid_S0001,low_input_within_10pct_yield,2007-08-11,223,67,62,"{""sim_day"": 67.0, ""doy"": 223.0, ""topwt"": 2551.059875488281, ""grnwt"": 0.0, ""xlai"": 0.8920109868049622, ""totir"": 0.0, ""tofer"": NaN, ""swfac"": 0.0, ""nstres"": 0.3637374639511108}",0.0,0.3637374639511108,2551.059875488281,0.0,0.8920109868049622,0.0,,0.0,0.0,0.0,0.0,26.536175537109376,26.536175537109376,Leave_One_experiments/all_year_offline_schedule_search/daily_outputs/FQA/FQA_2007_FQA2007_stress_grid_S0001_daily.csv
FQA,FQA,Fengqiu,2007,Leave_One_experiments\wth_generated_qc\FQA\FQA2007.WTH,normal_year;water_stress_year;nitrogen_stress_year;irrigation_responsive_year,irrigation_responsive,FQA2007_stress_grid_S0001,low_input_within_10pct_yield,2007-08-12,224,68,63,"{""sim_day"": 68.0, ""doy"": 224.0, ""topwt"": 2663.211975097656, ""grnwt"": 0.0, ""xlai"": 0.8636201024055481, ""totir"": 0.0, ""tofer"": NaN, ""swfac"": 0.0, ""nstres"": 0.3638730049133301}",0.0,0.3638730049133301,2663.211975097656,0.0,0.8636201024055481,0.0,,0.0,0.0,0.0,0.0,26.536175537109376,26.536175537109376,Leave_One_experiments/all_year_offline_schedule_search/daily_outputs/FQA/FQA_2007_FQA2007_stress_grid_S0001_daily.csv
FQA,FQA,Fengqiu,2007,Leave_One_experiments\wth_generated_qc\FQA\FQA2007.WTH,normal_year;water_stress_year;nitrogen_stress_year;irrigation_responsive_year,irrigation_responsive,FQA2007_stress_grid_S0001,low_input_within_10pct_yield,2007-08-13,225,69,64,"{""sim_day"": 69.0, ""doy"": 225.0, ""topwt"": 2761.216125488281, ""grnwt"": 0.0, ""xlai"": 0.836288332939148, ""totir"": 0.0, ""tofer"": NaN, ""swfac"": 0.0, ""nstres"": 0.3595502972602844}",0.0,0.3595502972602844,2761.216125488281,0.0,0.836288332939148,0.0,,0.0,0.0,0.0,0.0,26.536175537109376,26.536175537109376,Leave_One_experiments/all_year_offline_schedule_search/daily_outputs/FQA/FQA_2007_FQA2007_stress_grid_S0001_daily.csv
FQA,FQA,Fengqiu,2007,Leave_One_experiments\wth_generated_qc\FQA\FQA2007.WTH,normal_year;water_stress_year;nitrogen_stress_year;irrigation_responsive_year,irrigation_responsive,FQA2007_stress_grid_S0001,low_input_within_10pct_yield,2007-08-14,226,70,65,"{""sim_day"": 70.0, ""doy"": 226.0, ""topwt"": 2824.320068359375, ""grnwt"": 0.0, ""xlai"": 0.8099976181983948, ""totir"": 0.0, ""tofer"": NaN, ""swfac"": 0.0, ""nstres"": 0.3544967770576477}",0.0,0.3544967770576477,2824.320068359375,0.0,0.8099976181983948,0.0,,0.0,0.0,0.0,0.0,26.536175537109376,26.536175537109376,Leave_One_experiments/all_year_offline_schedule_search/daily_outputs/FQA/FQA_2007_FQA2007_stress_grid_S0001_daily.csv
FQA,FQA,Fengqiu,2007,Leave_One_experiments\wth_generated_qc\FQA\FQA2007.WTH,normal_year;water_stress_year;nitrogen_stress_year;irrigation_responsive_year,irrigation_responsive,FQA2007_stress_grid_S0001,low_input_within_10pct_yield,2007-08-15,227,71,66,"{""sim_day"": 71.0, ""doy"": 227.0, ""topwt"": 2921.537475585937, ""grnwt"": 0.0, ""xlai"": 0.7848105430603027, ""totir"": 0.0, ""tofer"": NaN, ""swfac"": 0.0, ""nstres"": 0.3462859392166137}",0.0,0.3462859392166137,2921.537475585937,0.0,0.7848105430603027,0.0,,0.0,0.0,0.0,0.0,26.536175537109376,26.536175537109376,Leave_One_experiments/all_year_offline_schedule_search/daily_outputs/FQA/FQA_2007_FQA2007_stress_grid_S0001_daily.csv
FQA,FQA,Fengqiu,2007,Leave_One_experiments\wth_generated_qc\FQA\FQA2007.WTH,normal_year;water_stress_year;nitrogen_stress_year;irrigation_responsive_year,irrigation_responsive,FQA2007_stress_grid_S0001,low_input_within_10pct_yield,2007-08-16,228,72,67,"{""sim_day"": 72.0, ""doy"": 228.0, ""topwt"": 2946.815490722656, ""grnwt"": 0.0, ""xlai"": 0.7609845399856567, ""totir"": 0.0, ""tofer"": NaN, ""swfac"": 0.0, ""nstres"": 0.3286114931106567}",0.0,0.3286114931106567,2946.815490722656,0.0,0.7609845399856567,0.0,,0.0,0.0,0.0,0.0,26.536175537109376,26.536175537109376,Leave_One_experiments/all_year_offline_schedule_search/daily_outputs/FQA/FQA_2007_FQA2007_stress_grid_S0001_daily.csv
FQA,FQA,Fengqiu,2007,Leave_One_experiments\wth_generated_qc\FQA\FQA2007.WTH,normal_year;water_stress_year;nitrogen_stress_year;irrigation_responsive_year,irrigation_responsive,FQA2007_stress_grid_S0001,low_input_within_10pct_yield,2007-08-17,229,73,68,"{""sim_day"": 73.0, ""doy"": 229.0, ""topwt"": 3031.4669799804688, ""grnwt"": 0.0, ""xlai"": 0.7382803559303284, ""totir"": 0.0, ""tofer"": NaN, ""swfac"": 0.0, ""nstres"": 0.316045880317688}",0.0,0.316045880317688,3031.4669799804688,0.0,0.7382803559303284,0.0,,0.0,0.0,0.0,0.0,26.536175537109376,26.536175537109376,Leave_One_experiments/all_year_offline_schedule_search/daily_outputs/FQA/FQA_2007_FQA2007_stress_grid_S0001_daily.csv
FQA,FQA,Fengqiu,2007,Leave_One_experiments\wth_generated_qc\FQA\FQA2007.WTH,normal_year;water_stress_year;nitrogen_stress_year;irrigation_responsive_year,irrigation_responsive,FQA2007_stress_grid_S0001,low_input_within_10pct_yield,2007-08-18,230,74,69,"{""sim_day"": 74.0, ""doy"": 230.0, ""topwt"": 3139.145812988281, ""grnwt"": 0.0, ""xlai"": 0.7171111106872559, ""totir"": 0.0, ""tofer"": NaN, ""swfac"": 0.0, ""nstres"": 0.2881701588630676}",0.0,0.2881701588630676,3139.145812988281,0.0,0.7171111106872559,0.0,,0.0,0.0,0.0,0.0,26.536175537109376,26.536175537109376,Leave_One_experiments/all_year_offline_schedule_search/daily_outputs/FQA/FQA_2007_FQA2007_stress_grid_S0001_daily.csv
FQA,FQA,Fengqiu,2007,Leave_One_experiments\wth_generated_qc\FQA\FQA2007.WTH,normal_year;water_stress_year;nitrogen_stress_year;irrigation_responsive_year,irrigation_responsive,FQA2007_stress_grid_S0001,low_input_within_10pct_yield,2007-08-19,231,75,70,"{""sim_day"": 75.0, ""doy"": 231.0, ""topwt"": 3250.243530273437, ""grnwt"": 205.0436973571777, ""xlai"": 0.6970455050468445, ""totir"": 0.0, ""tofer"": NaN, ""swfac"": 0.0, ""nstres"": 0.2715476751327514}",0.0,0.2715476751327514,3250.243530273437,205.0436973571777,0.6970455050468445,0.0,,0.0,0.0,0.0,0.0,26.536175537109376,26.536175537109376,Leave_One_experiments/all_year_offline_schedule_search/daily_outputs/FQA/FQA_2007_FQA2007_stress_grid_S0001_daily.csv
FQA,FQA,Fengqiu,2007,Leave_One_experiments\wth_generated_qc\FQA\FQA2007.WTH,normal_year;water_stress_year;nitrogen_stress_year;irrigation_responsive_year,irrigation_responsive,FQA2007_stress_grid_S0001,low_input_within_10pct_yield,2007-08-20,232,76,71,"{""sim_day"": 76.0, ""doy"": 232.0, ""topwt"": 3331.8377685546875, ""grnwt"": 283.5755920410156, ""xlai"": 0.6755452156066895, ""totir"": 0.0, ""tofer"": NaN, ""swfac"": 0.0, ""nstres"": 0.340278148651123}",0.0,0.340278148651123,3331.8377685546875,283.5755920410156,0.6755452156066895,0.0,,0.0,0.0,0.0,0.0,26.536175537109376,26.536175537109376,Leave_One_experiments/all_year_offline_schedule_search/daily_outputs/FQA/FQA_2007_FQA2007_stress_grid_S0001_daily.csv
FQA,FQA,Fengqiu,2007,Leave_One_experiments\wth_generated_qc\FQA\FQA2007.WTH,normal_year;water_stress_year;nitrogen_stress_year;irrigation_responsive_year,irrigation_responsive,FQA2007_stress_grid_S0001,low_input_within_10pct_yield,2007-08-21,233,77,72,"{""sim_day"": 77.0, ""doy"": 233.0, ""topwt"": 3410.005798339844, ""grnwt"": 370.6865692138672, ""xlai"": 0.6558012366294861, ""totir"": 0.0, ""tofer"": NaN, ""swfac"": 0.0, ""nstres"": 0.3014405369758606}",0.0,0.3014405369758606,3410.005798339844,370.6865692138672,0.6558012366294861,0.0,,0.0,0.0,0.0,0.0,26.536175537109376,26.536175537109376,Leave_One_experiments/all_year_offline_schedule_search/daily_outputs/FQA/FQA_2007_FQA2007_stress_grid_S0001_daily.csv
FQA,FQA,Fengqiu,2007,Leave_One_experiments\wth_generated_qc\FQA\FQA2007.WTH,normal_year;water_stress_year;nitrogen_stress_year;irrigation_responsive_year,irrigation_responsive,FQA2007_stress_grid_S0001,low_input_within_10pct_yield,2007-08-22,234,78,73,"{""sim_day"": 78.0, ""doy"": 234.0, ""topwt"": 3490.6304931640625, ""grnwt"": 476.27567291259766, ""xlai"": 0.6366341710090637, ""totir"": 0.0, ""tofer"": NaN, ""swfac"": 0.0, ""nstres"": 0.3014484643936157}",0.0,0.3014484643936157,3490.6304931640625,476.27567291259766,0.6366341710090637,0.0,,0.0,0.0,0.0,0.0,26.536175537109376,26.536175537109376,Leave_One_experiments/all_year_offline_schedule_search/daily_outputs/FQA/FQA_2007_FQA2007_stress_grid_S0001_daily.csv
FQA,FQA,Fengqiu,2007,Leave_One_experiments\wth_generated_qc\FQA\FQA2007.WTH,normal_year;water_stress_year;nitrogen_stress_year;irrigation_responsive_year,irrigation_responsive,FQA2007_stress_grid_S0001,low_input_within_10pct_yield,2007-08-23,235,79,74,"{""sim_day"": 79.0, ""doy"": 235.0, ""topwt"": 3575.928955078125, ""grnwt"": 548.2082748413086, ""xlai"": 0.6180475354194641, ""totir"": 0.0, ""tofer"": NaN, ""swfac"": 0.0, ""nstres"": 0.3006848096847534}",0.0,0.3006848096847534,3575.928955078125,548.2082748413086,0.6180475354194641,0.0,,0.0,0.0,0.0,0.0,26.536175537109376,26.536175537109376,Leave_One_experiments/all_year_offline_schedule_search/daily_outputs/FQA/FQA_2007_FQA2007_stress_grid_S0001_daily.csv
FQA,FQA,Fengqiu,2007,Leave_One_experiments\wth_generated_qc\FQA\FQA2007.WTH,normal_year;water_stress_year;nitrogen_stress_year;irrigation_responsive_year,irrigation_responsive,FQA2007_stress_grid_S0001,low_input_within_10pct_yield,2007-08-24,236,80,75,"{""sim_day"": 80.0, ""doy"": 236.0, ""topwt"": 3638.1869506835938, ""grnwt"": 623.4405136108398, ""xlai"": 0.600477397441864, ""totir"": 0.0, ""tofer"": NaN, ""swfac"": 0.0, ""nstres"": 0.2822828888893127}",0.0,0.2822828888893127,3638.1869506835938,623.4405136108398,0.600477397441864,0.0,,0.0,0.0,0.0,0.0,26.536175537109376,26.536175537109376,Leave_One_experiments/all_year_offline_schedule_search/daily_outputs/FQA/FQA_2007_FQA2007_stress_grid_S0001_daily.csv
FQA,FQA,Fengqiu,2007,Leave_One_experiments\wth_generated_qc\FQA\FQA2007.WTH,normal_year;water_stress_year;nitrogen_stress_year;irrigation_responsive_year,irrigation_responsive,FQA2007_stress_grid_S0001,low_input_within_10pct_yield,2007-08-25,237,81,76,"{""sim_day"": 81.0, ""doy"": 237.0, ""topwt"": 3717.9644775390634, ""grnwt"": 715.8309936523438, ""xlai"": 0.583416223526001, ""totir"": 0.0, ""tofer"": NaN, ""swfac"": 0.0, ""nstres"": 0.2819047570228576}",0.0,0.2819047570228576,3717.9644775390634,715.8309936523438,0.583416223526001,0.0,,0.0,0.0,0.0,0.0,26.536175537109376,26.536175537109376,Leave_One_experiments/all_year_offline_schedule_search/daily_outputs/FQA/FQA_2007_FQA2007_stress_grid_S0001_daily.csv
FQA,FQA,Fengqiu,2007,Leave_One_experiments\wth_generated_qc\FQA\FQA2007.WTH,normal_year;water_stress_year;nitrogen_stress_year;irrigation_responsive_year,irrigation_responsive,FQA2007_stress_grid_S0001,low_input_within_10pct_yield,2007-08-26,238,82,77,"{""sim_day"": 82.0, ""doy"": 238.0, ""topwt"": 3772.7838134765625, ""grnwt"": 821.4201354980469, ""xlai"": 0.5667980313301086, ""totir"": 0.0, ""tofer"": NaN, ""swfac"": 0.0, ""nstres"": 0.2836204171180725}",0.0,0.2836204171180725,3772.7838134765625,821.4201354980469,0.5667980313301086,0.0,,0.0,0.0,0.0,0.0,26.536175537109376,26.536175537109376,Leave_One_experiments/all_year_offline_schedule_search/daily_outputs/FQA/FQA_2007_FQA2007_stress_grid_S0001_daily.csv
FQA,FQA,Fengqiu,2007,Leave_One_experiments\wth_generated_qc\FQA\FQA2007.WTH,normal_year;water_stress_year;nitrogen_stress_year;irrigation_responsive_year,irrigation_responsive,FQA2007_stress_grid_S0001,low_input_within_10pct_yield,2007-08-27,239,83,78,"{""sim_day"": 83.0, ""doy"": 239.0, ""topwt"": 3861.735229492188, ""grnwt"": 927.00927734375, ""xlai"": 0.5505391359329224, ""totir"": 0.0, ""tofer"": NaN, ""swfac"": 0.0, ""nstres"": 0.288451611995697}",0.0,0.288451611995697,3861.735229492188,927.00927734375,0.5505391359329224,0.0,,0.0,0.0,0.0,0.0,26.536175537109376,26.536175537109376,Leave_One_experiments/all_year_offline_schedule_search/daily_outputs/FQA/FQA_2007_FQA2007_stress_grid_S0001_daily.csv
FQA,FQA,Fengqiu,2007,Leave_One_experiments\wth_generated_qc\FQA\FQA2007.WTH,normal_year;water_stress_year;nitrogen_stress_year;irrigation_responsive_year,irrigation_responsive,FQA2007_stress_grid_S0001,low_input_within_10pct_yield,2007-08-28,240,84,79,"{""sim_day"": 84.0, ""doy"": 240.0, ""topwt"": 3904.1656494140634, ""grnwt"": 1032.5984191894531, ""xlai"": 0.5349110960960388, ""totir"": 0.0, ""tofer"": NaN, ""swfac"": 0.0, ""nstres"": 0.2812836766242981}",0.0,0.2812836766242981,3904.1656494140634,1032.5984191894531,0.5349110960960388,0.0,,0.0,0.0,0.0,0.0,26.536175537109376,26.536175537109376,Leave_One_experiments/all_year_offline_schedule_search/daily_outputs/FQA/FQA_2007_FQA2007_stress_grid_S0001_daily.csv
FQA,FQA,Fengqiu,2007,Leave_One_experiments\wth_generated_qc\FQA\FQA2007.WTH,normal_year;water_stress_year;nitrogen_stress_year;irrigation_responsive_year,irrigation_responsive,FQA2007_stress_grid_S0001,low_input_within_10pct_yield,2007-08-29,241,85,80,"{""sim_day"": 85.0, ""doy"": 241.0, ""topwt"": 3912.394104003906, ""grnwt"": 1138.1875610351562, ""xlai"": 0.519437849521637, ""totir"": 0.0, ""tofer"": NaN, ""swfac"": 0.0, ""nstres"": 0.2942402958869934}",0.0,0.2942402958869934,3912.394104003906,1138.1875610351562,0.519437849521637,0.0,,0.0,0.0,0.0,0.0,26.536175537109376,26.536175537109376,Leave_One_experiments/all_year_offline_schedule_search/daily_outputs/FQA/FQA_2007_FQA2007_stress_grid_S0001_daily.csv
FQA,FQA,Fengqiu,2007,Leave_One_experiments\wth_generated_qc\FQA\FQA2007.WTH,normal_year;water_stress_year;nitrogen_stress_year;irrigation_responsive_year,irrigation_responsive,FQA2007_stress_grid_S0001,low_input_within_10pct_yield,2007-08-30,242,86,81,"{""sim_day"": 86.0, ""doy"": 242.0, ""topwt"": 3924.768676757813, ""grnwt"": 1243.7767028808594, ""xlai"": 0.5048306584358215, ""totir"": 0.0, ""tofer"": NaN, ""swfac"": 0.0, ""nstres"": 0.2749104499816894}",0.0,0.2749104499816894,3924.768676757813,1243.7767028808594,0.5048306584358215,0.0,,0.0,0.0,0.0,0.0,26.536175537109376,26.536175537109376,Leave_One_experiments/all_year_offline_schedule_search/daily_outputs/FQA/FQA_2007_FQA2007_stress_grid_S0001_daily.csv
FQA,FQA,Fengqiu,2007,Leave_One_experiments\wth_generated_qc\FQA\FQA2007.WTH,normal_year;water_stress_year;nitrogen_stress_year;irrigation_responsive_year,irrigation_responsive,FQA2007_stress_grid_S0001,low_input_within_10pct_yield,2007-08-31,243,87,82,"{""sim_day"": 87.0, ""doy"": 243.0, ""topwt"": 4011.4968872070312, ""grnwt"": 1349.3658447265625, ""xlai"": 0.4911049604415893, ""totir"": 0.0, ""tofer"": NaN, ""swfac"": 0.0, ""nstres"": 0.2525279521942138}",0.0,0.2525279521942138,4011.4968872070312,1349.3658447265625,0.4911049604415893,0.0,,0.0,0.0,0.0,0.0,26.536175537109376,26.536175537109376,Leave_One_experiments/all_year_offline_schedule_search/daily_outputs/FQA/FQA_2007_FQA2007_stress_grid_S0001_daily.csv
FQA,FQA,Fengqiu,2007,Leave_One_experiments\wth_generated_qc\FQA\FQA2007.WTH,normal_year;water_stress_year;nitrogen_stress_year;irrigation_responsive_year,irrigation_responsive,FQA2007_stress_grid_S0001,low_input_within_10pct_yield,2007-09-01,244,88,83,"{""sim_day"": 88.0, ""doy"": 244.0, ""topwt"": 4112.71728515625, ""grnwt"": 1454.9549865722656, ""xlai"": 0.4781408011913299, ""totir"": 0.0, ""tofer"": NaN, ""swfac"": 0.0, ""nstres"": 0.2335509061813354}",0.0,0.2335509061813354,4112.71728515625,1454.9549865722656,0.4781408011913299,0.0,,0.0,0.0,0.0,0.0,26.536175537109376,26.536175537109376,Leave_One_experiments/all_year_offline_schedule_search/daily_outputs/FQA/FQA_2007_FQA2007_stress_grid_S0001_daily.csv
FQA,FQA,Fengqiu,2007,Leave_One_experiments\wth_generated_qc\FQA\FQA2007.WTH,normal_year;water_stress_year;nitrogen_stress_year;irrigation_responsive_year,irrigation_responsive,FQA2007_stress_grid_S0001,low_input_within_10pct_yield,2007-09-02,245,89,84,"{""sim_day"": 89.0, ""doy"": 245.0, ""topwt"": 4177.986145019531, ""grnwt"": 1560.5441284179688, ""xlai"": 0.4650519490242004, ""totir"": 0.0, ""tofer"": NaN, ""swfac"": 0.0, ""nstres"": 0.2569881081581116}",0.0,0.2569881081581116,4177.986145019531,1560.5441284179688,0.4650519490242004,0.0,,0.0,0.0,0.0,0.0,26.536175537109376,26.536175537109376,Leave_One_experiments/all_year_offline_schedule_search/daily_outputs/FQA/FQA_2007_FQA2007_stress_grid_S0001_daily.csv
FQA,FQA,Fengqiu,2007,Leave_One_experiments\wth_generated_qc\FQA\FQA2007.WTH,normal_year;water_stress_year;nitrogen_stress_year;irrigation_responsive_year,irrigation_responsive,FQA2007_stress_grid_S0001,low_input_within_10pct_yield,2007-09-03,246,90,85,"{""sim_day"": 90.0, ""doy"": 246.0, ""topwt"": 4234.1510009765625, ""grnwt"": 1666.133270263672, ""xlai"": 0.4517196118831634, ""totir"": 0.0, ""tofer"": NaN, ""swfac"": 0.0, ""nstres"": 0.288043737411499}",0.0,0.288043737411499,4234.1510009765625,1666.133270263672,0.4517196118831634,0.0,,0.0,0.0,0.0,0.0,26.536175537109376,26.536175537109376,Leave_One_experiments/all_year_offline_schedule_search/daily_outputs/FQA/FQA_2007_FQA2007_stress_grid_S0001_daily.csv
FQA,FQA,Fengqiu,2007,Leave_One_experiments\wth_generated_qc\FQA\FQA2007.WTH,normal_year;water_stress_year;nitrogen_stress_year;irrigation_responsive_year,irrigation_responsive,FQA2007_stress_grid_S0001,low_input_within_10pct_yield,2007-09-04,247,91,86,"{""sim_day"": 91.0, ""doy"": 247.0, ""topwt"": 4301.6192626953125, ""grnwt"": 1771.722412109375, ""xlai"": 0.4385896325111389, ""totir"": 0.0, ""tofer"": NaN, ""swfac"": 0.0, ""nstres"": 0.2975966930389404}",0.0,0.2975966930389404,4301.6192626953125,1771.722412109375,0.4385896325111389,0.0,,0.0,0.0,0.0,0.0,26.536175537109376,26.536175537109376,Leave_One_experiments/all_year_offline_schedule_search/daily_outputs/FQA/FQA_2007_FQA2007_stress_grid_S0001_daily.csv
FQA,FQA,Fengqiu,2007,Leave_One_experiments\wth_generated_qc\FQA\FQA2007.WTH,normal_year;water_stress_year;nitrogen_stress_year;irrigation_responsive_year,irrigation_responsive,FQA2007_stress_grid_S0001,low_input_within_10pct_yield,2007-09-05,248,92,87,"{""sim_day"": 92.0, ""doy"": 248.0, ""topwt"": 4379.439086914063, ""grnwt"": 1877.311553955078, ""xlai"": 0.4257961809635162, ""totir"": 0.0, ""tofer"": NaN, ""swfac"": 0.0, ""nstres"": 0.3000705242156982}",0.0,0.3000705242156982,4379.439086914063,1877.311553955078,0.4257961809635162,0.0,,0.0,0.0,0.0,0.0,26.536175537109376,26.536175537109376,Leave_One_experiments/all_year_offline_schedule_search/daily_outputs/FQA/FQA_2007_FQA2007_stress_grid_S0001_daily.csv
FQA,FQA,Fengqiu,2007,Leave_One_experiments\wth_generated_qc\FQA\FQA2007.WTH,normal_year;water_stress_year;nitrogen_stress_year;irrigation_responsive_year,irrigation_responsive,FQA2007_stress_grid_S0001,low_input_within_10pct_yield,2007-09-06,249,93,88,"{""sim_day"": 93.0, ""doy"": 249.0, ""topwt"": 4426.00830078125, ""grnwt"": 1982.9006958007808, ""xlai"": 0.413239449262619, ""totir"": 0.0, ""tofer"": NaN, ""swfac"": 0.0, ""nstres"": 0.3077607750892639}",0.0,0.3077607750892639,4426.00830078125,1982.9006958007808,0.413239449262619,0.0,,0.0,0.0,0.0,0.0,26.536175537109376,26.536175537109376,Leave_One_experiments/all_year_offline_schedule_search/daily_outputs/FQA/FQA_2007_FQA2007_stress_grid_S0001_daily.csv
FQA,FQA,Fengqiu,2007,Leave_One_experiments\wth_generated_qc\FQA\FQA2007.WTH,normal_year;water_stress_year;nitrogen_stress_year;irrigation_responsive_year,irrigation_responsive,FQA2007_stress_grid_S0001,low_input_within_10pct_yield,2007-09-07,250,94,89,"{""sim_day"": 94.0, ""doy"": 250.0, ""topwt"": 4476.504821777344, ""grnwt"": 2088.4898376464844, ""xlai"": 0.4008204042911529, ""totir"": 0.0, ""tofer"": NaN, ""swfac"": 0.0, ""nstres"": 0.3212710618972778}",0.0,0.3212710618972778,4476.504821777344,2088.4898376464844,0.4008204042911529,0.0,,0.0,0.0,0.0,0.0,26.536175537109376,26.536175537109376,Leave_One_experiments/all_year_offline_schedule_search/daily_outputs/FQA/FQA_2007_FQA2007_stress_grid_S0001_daily.csv
FQA,FQA,Fengqiu,2007,Leave_One_experiments\wth_generated_qc\FQA\FQA2007.WTH,normal_year;water_stress_year;nitrogen_stress_year;irrigation_responsive_year,irrigation_responsive,FQA2007_stress_grid_S0001,low_input_within_10pct_yield,2007-09-08,251,95,90,"{""sim_day"": 95.0, ""doy"": 251.0, ""topwt"": 4550.430908203125, ""grnwt"": 2194.0789794921875, ""xlai"": 0.3887730240821838, ""totir"": 0.0, ""tofer"": NaN, ""swfac"": 0.0, ""nstres"": 0.3213595151901245}",0.0,0.3213595151901245,4550.430908203125,2194.0789794921875,0.3887730240821838,0.0,,0.0,0.0,0.0,0.0,26.536175537109376,26.536175537109376,Leave_One_experiments/all_year_offline_schedule_search/daily_outputs/FQA/FQA_2007_FQA2007_stress_grid_S0001_daily.csv
FQA,FQA,Fengqiu,2007,Leave_One_experiments\wth_generated_qc\FQA\FQA2007.WTH,normal_year;water_stress_year;nitrogen_stress_year;irrigation_responsive_year,irrigation_responsive,FQA2007_stress_grid_S0001,low_input_within_10pct_yield,2007-09-09,252,96,91,"{""sim_day"": 96.0, ""doy"": 252.0, ""topwt"": 4618.504638671875, ""grnwt"": 2299.6681213378906, ""xlai"": 0.3770743906497955, ""totir"": 0.0, ""tofer"": NaN, ""swfac"": 0.0, ""nstres"": 0.3221861720085144}",0.0,0.3221861720085144,4618.504638671875,2299.6681213378906,0.3770743906497955,0.0,,0.0,0.0,0.0,0.0,26.536175537109376,26.536175537109376,Leave_One_experiments/all_year_offline_schedule_search/daily_outputs/FQA/FQA_2007_FQA2007_stress_grid_S0001_daily.csv
FQA,FQA,Fengqiu,2007,Leave_One_experiments\wth_generated_qc\FQA\FQA2007.WTH,normal_year;water_stress_year;nitrogen_stress_year;irrigation_responsive_year,irrigation_responsive,FQA2007_stress_grid_S0001,low_input_within_10pct_yield,2007-09-10,253,97,92,"{""sim_day"": 97.0, ""doy"": 253.0, ""topwt"": 4683.373718261719, ""grnwt"": 2405.2572631835938, ""xlai"": 0.3654650151729584, ""totir"": 0.0, ""tofer"": NaN, ""swfac"": 0.0, ""nstres"": 0.3389148116111755}",0.0,0.3389148116111755,4683.373718261719,2405.2572631835938,0.3654650151729584,0.0,,0.0,0.0,0.0,0.0,26.536175537109376,26.536175537109376,Leave_One_experiments/all_year_offline_schedule_search/daily_outputs/FQA/FQA_2007_FQA2007_stress_grid_S0001_daily.csv
FQA,FQA,Fengqiu,2007,Leave_One_experiments\wth_generated_qc\FQA\FQA2007.WTH,normal_year;water_stress_year;nitrogen_stress_year;irrigation_responsive_year,irrigation_responsive,FQA2007_stress_grid_S0001,low_input_within_10pct_yield,2007-09-11,254,98,93,"{""sim_day"": 98.0, ""doy"": 254.0, ""topwt"": 4708.882446289063, ""grnwt"": 2436.510162353516, ""xlai"": 0.3540340662002563, ""totir"": 0.0, ""tofer"": NaN, ""swfac"": 0.0, ""nstres"": 0.3506703972816467}",0.0,0.3506703972816467,4708.882446289063,2436.510162353516,0.3540340662002563,0.0,,0.0,0.0,0.0,0.0,26.536175537109376,26.536175537109376,Leave_One_experiments/all_year_offline_schedule_search/daily_outputs/FQA/FQA_2007_FQA2007_stress_grid_S0001_daily.csv
FQA,FQA,Fengqiu,2007,Leave_One_experiments\wth_generated_qc\FQA\FQA2007.WTH,normal_year;water_stress_year;nitrogen_stress_year;irrigation_responsive_year,irrigation_responsive,FQA2007_stress_grid_S0001,low_input_within_10pct_yield,2007-09-12,255,99,94,"{""sim_day"": 99.0, ""doy"": 255.0, ""topwt"": 4724.045715332031, ""grnwt"": 2451.6734313964844, ""xlai"": 0.3438564240932464, ""totir"": 0.0, ""tofer"": NaN, ""swfac"": 0.0, ""nstres"": 0.2899404168128967}",0.0,0.2899404168128967,4724.045715332031,2451.6734313964844,0.3438564240932464,0.0,,0.0,0.0,0.0,0.0,26.536175537109376,26.536175537109376,Leave_One_experiments/all_year_offline_schedule_search/daily_outputs/FQA/FQA_2007_FQA2007_stress_grid_S0001_daily.csv
FQA,FQA,Fengqiu,2007,Leave_One_experiments\wth_generated_qc\FQA\FQA2007.WTH,normal_year;water_stress_year;nitrogen_stress_year;irrigation_responsive_year,irrigation_responsive,FQA2007_stress_grid_S0001,low_input_within_10pct_yield,2007-09-13,256,100,95,"{""sim_day"": 100.0, ""doy"": 256.0, ""topwt"": 4781.2103271484375, ""grnwt"": 2508.838195800781, ""xlai"": 0.3347437381744385, ""totir"": 0.0, ""tofer"": NaN, ""swfac"": 0.0, ""nstres"": 0.2360362410545349}",0.0,0.2360362410545349,4781.2103271484375,2508.838195800781,0.3347437381744385,0.0,,0.0,0.0,0.0,0.0,26.536175537109376,26.536175537109376,Leave_One_experiments/all_year_offline_schedule_search/daily_outputs/FQA/FQA_2007_FQA2007_stress_grid_S0001_daily.csv
FQA,FQA,Fengqiu,2007,Leave_One_experiments\wth_generated_qc\FQA\FQA2007.WTH,normal_year;water_stress_year;nitrogen_stress_year;irrigation_responsive_year,irrigation_responsive,FQA2007_stress_grid_S0001,low_input_within_10pct_yield,2007-09-14,257,101,96,"{""sim_day"": 101.0, ""doy"": 257.0, ""topwt"": 4835.3216552734375, ""grnwt"": 2562.949523925781, ""xlai"": 0.3258617222309112, ""totir"": 0.0, ""tofer"": NaN, ""swfac"": 0.0, ""nstres"": 0.2368127107620239}",0.0,0.2368127107620239,4835.3216552734375,2562.949523925781,0.3258617222309112,0.0,,0.0,0.0,0.0,0.0,26.536175537109376,26.536175537109376,Leave_One_experiments/all_year_offline_schedule_search/daily_outputs/FQA/FQA_2007_FQA2007_stress_grid_S0001_daily.csv
FQA,FQA,Fengqiu,2007,Leave_One_experiments\wth_generated_qc\FQA\FQA2007.WTH,normal_year;water_stress_year;nitrogen_stress_year;irrigation_responsive_year,irrigation_responsive,FQA2007_stress_grid_S0001,low_input_within_10pct_yield,2007-09-15,258,102,97,"{""sim_day"": 102.0, ""doy"": 258.0, ""topwt"": 4895.5120849609375, ""grnwt"": 2623.139953613281, ""xlai"": 0.3172629773616791, ""totir"": 0.0, ""tofer"": NaN, ""swfac"": 0.0, ""nstres"": 0.2333030700683593}",0.0,0.2333030700683593,4895.5120849609375,2623.139953613281,0.3172629773616791,0.0,,0.0,0.0,0.0,0.0,26.536175537109376,26.536175537109376,Leave_One_experiments/all_year_offline_schedule_search/daily_outputs/FQA/FQA_2007_FQA2007_stress_grid_S0001_daily.csv
FQA,FQA,Fengqiu,2007,Leave_One_experiments\wth_generated_qc\FQA\FQA2007.WTH,normal_year;water_stress_year;nitrogen_stress_year;irrigation_responsive_year,irrigation_responsive,FQA2007_stress_grid_S0001,low_input_within_10pct_yield,2007-09-16,259,103,98,"{""sim_day"": 103.0, ""doy"": 259.0, ""topwt"": 4925.989685058594, ""grnwt"": 2653.617553710937, ""xlai"": 0.3088350594043731, ""totir"": 0.0, ""tofer"": NaN, ""swfac"": 0.0, ""nstres"": 0.2375466227531433}",0.0,0.2375466227531433,4925.989685058594,2653.617553710937,0.3088350594043731,0.0,,0.0,0.0,0.0,0.0,26.536175537109376,26.536175537109376,Leave_One_experiments/all_year_offline_schedule_search/daily_outputs/FQA/FQA_2007_FQA2007_stress_grid_S0001_daily.csv
FQA,FQA,Fengqiu,2007,Leave_One_experiments\wth_generated_qc\FQA\FQA2007.WTH,normal_year;water_stress_year;nitrogen_stress_year;irrigation_responsive_year,irrigation_responsive,FQA2007_stress_grid_S0001,low_input_within_10pct_yield,2007-09-17,260,104,99,"{""sim_day"": 104.0, ""doy"": 260.0, ""topwt"": 4925.989685058594, ""grnwt"": 2653.617553710937, ""xlai"": 0.3088350594043731, ""totir"": 0.0, ""tofer"": NaN, ""swfac"": 0.0, ""nstres"": 0.2046449780464172}",0.0,0.2046449780464172,4925.989685058594,2653.617553710937,0.3088350594043731,0.0,,0.0,0.0,0.0,0.0,26.536175537109376,26.536175537109376,Leave_One_experiments/all_year_offline_schedule_search/daily_outputs/FQA/FQA_2007_FQA2007_stress_grid_S0001_daily.csv
FQA,FQA,Fengqiu,2007,Leave_One_experiments\wth_generated_qc\FQA\FQA2007.WTH,normal_year;water_stress_year;nitrogen_stress_year;irrigation_responsive_year,irrigation_responsive,FQA2007_stress_grid_S0001,low_input_within_10pct_yield,2007-09-18,261,105,100,"{""sim_day"": 105.0, ""doy"": 261.0, ""topwt"": 4925.989685058594, ""grnwt"": 2653.617553710937, ""xlai"": 0.3088350594043731, ""totir"": 0.0, ""tofer"": NaN, ""swfac"": 0.0, ""nstres"": 0.2046449780464172}",0.0,0.2046449780464172,4925.989685058594,2653.617553710937,0.3088350594043731,0.0,,0.0,0.0,0.0,0.0,26.536175537109376,26.536175537109376,Leave_One_experiments/all_year_offline_schedule_search/daily_outputs/FQA/FQA_2007_FQA2007_stress_grid_S0001_daily.csv
FQA,FQA,Fengqiu,2007,Leave_One_experiments\wth_generated_qc\FQA\FQA2007.WTH,normal_year;water_stress_year;nitrogen_stress_year;irrigation_responsive_year,irrigation_responsive,FQA2007_stress_grid_S0001,low_input_within_10pct_yield,2007-09-19,262,106,101,"{""sim_day"": 106.0, ""doy"": 262.0, ""topwt"": 4925.989685058594, ""grnwt"": 2653.617553710937, ""xlai"": 0.3088350594043731, ""totir"": 0.0, ""tofer"": NaN, ""swfac"": 0.0, ""nstres"": 0.2046449780464172}",0.0,0.2046449780464172,4925.989685058594,2653.617553710937,0.3088350594043731,0.0,,0.0,0.0,0.0,0.0,26.536175537109376,26.536175537109376,Leave_One_experiments/all_year_offline_schedule_search/daily_outputs/FQA/FQA_2007_FQA2007_stress_grid_S0001_daily.csv
FQA,FQA,Fengqiu,2007,Leave_One_experiments\wth_generated_qc\FQA\FQA2007.WTH,normal_year;water_stress_year;nitrogen_stress_year;irrigation_responsive_year,irrigation_responsive,FQA2007_stress_grid_S0031,pareto_balanced,2007-06-11,162,1,1,"{""sim_day"": 1.0, ""doy"": 162.0, ""topwt"": 0.0, ""grnwt"": 0.0, ""xlai"": 0.0, ""totir"": 0.0, ""tofer"": NaN, ""swfac"": 0.0, ""nstres"": 0.0}",0.0,0.0,0.0,0.0,0.0,0.0,,0.0,0.0,60.0,0.0,-3.405447387695311,20.59455261230469,Leave_One_experiments/all_year_offline_schedule_search/daily_outputs/FQA/FQA_2007_FQA2007_stress_grid_S0031_daily.csv
FQA,FQA,Fengqiu,2007,Leave_One_experiments\wth_generated_qc\FQA\FQA2007.WTH,normal_year;water_stress_year;nitrogen_stress_year;irrigation_responsive_year,irrigation_responsive,FQA2007_stress_grid_S0031,pareto_balanced,2007-06-12,163,2,2,"{""sim_day"": 2.0, ""doy"": 163.0, ""topwt"": 0.0, ""grnwt"": 0.0, ""xlai"": 0.0, ""totir"": 0.0, ""tofer"": NaN, ""swfac"": 0.0, ""nstres"": 0.0}",0.0,0.0,0.0,0.0,0.0,0.0,,0.0,0.0,60.0,0.0,-3.405447387695311,20.59455261230469,Leave_One_experiments/all_year_offline_schedule_search/daily_outputs/FQA/FQA_2007_FQA2007_stress_grid_S0031_daily.csv
FQA,FQA,Fengqiu,2007,Leave_One_experiments\wth_generated_qc\FQA\FQA2007.WTH,normal_year;water_stress_year;nitrogen_stress_year;irrigation_responsive_year,irrigation_responsive,FQA2007_stress_grid_S0031,pareto_balanced,2007-06-13,164,3,3,"{""sim_day"": 3.0, ""doy"": 164.0, ""topwt"": 0.0, ""grnwt"": 0.0, ""xlai"": 0.0, ""totir"": 0.0, ""tofer"": NaN, ""swfac"": 0.0, ""nstres"": 0.0}",0.0,0.0,0.0,0.0,0.0,0.0,,0.0,0.0,60.0,0.0,-3.405447387695311,20.59455261230469,Leave_One_experiments/all_year_offline_schedule_search/daily_outputs/FQA/FQA_2007_FQA2007_stress_grid_S0031_daily.csv
FQA,FQA,Fengqiu,2007,Leave_One_experiments\wth_generated_qc\FQA\FQA2007.WTH,normal_year;water_stress_year;nitrogen_stress_year;irrigation_responsive_year,irrigation_responsive,FQA2007_stress_grid_S0031,pareto_balanced,2007-06-14,165,4,4,"{""sim_day"": 4.0, ""doy"": 165.0, ""topwt"": 0.0, ""grnwt"": 0.0, ""xlai"": 0.0, ""totir"": 0.0, ""tofer"": NaN, ""swfac"": 0.0, ""nstres"": 0.0}",0.0,0.0,0.0,0.0,0.0,0.0,,0.0,0.0,60.0,0.0,-3.405447387695311,20.59455261230469,Leave_One_experiments/all_year_offline_schedule_search/daily_outputs/FQA/FQA_2007_FQA2007_stress_grid_S0031_daily.csv
FQA,FQA,Fengqiu,2007,Leave_One_experiments\wth_generated_qc\FQA\FQA2007.WTH,normal_year;water_stress_year;nitrogen_stress_year;irrigation_responsive_year,irrigation_responsive,FQA2007_stress_grid_S0031,pareto_balanced,2007-06-15,166,5,5,"{""sim_day"": 5.0, ""doy"": 166.0, ""topwt"": 0.0, ""grnwt"": 0.0, ""xlai"": 0.0, ""totir"": 0.0, ""tofer"": NaN, ""swfac"": 0.0, ""nstres"": 0.0}",0.0,0.0,0.0,0.0,0.0,0.0,,0.0,0.0,60.0,0.0,-3.405447387695311,20.59455261230469,Leave_One_experiments/all_year_offline_schedule_search/daily_outputs/FQA/FQA_2007_FQA2007_stress_grid_S0031_daily.csv
FQA,FQA,Fengqiu,2007,Leave_One_experiments\wth_generated_qc\FQA\FQA2007.WTH,normal_year;water_stress_year;nitrogen_stress_year;irrigation_responsive_year,irrigation_responsive,FQA2007_stress_grid_S0031,pareto_balanced,2007-06-11,162,6,1,"{""sim_day"": 6.0, ""doy"": 162.0, ""topwt"": 0.0, ""grnwt"": 0.0, ""xlai"": 0.0, ""totir"": 0.0, ""tofer"": NaN, ""swfac"": 0.0, ""nstres"": 0.0}",0.0,0.0,0.0,0.0,0.0,0.0,,0.0,0.0,60.0,0.0,-3.405447387695311,20.59455261230469,Leave_One_experiments/all_year_offline_schedule_search/daily_outputs/FQA/FQA_2007_FQA2007_stress_grid_S0031_daily.csv
FQA,FQA,Fengqiu,2007,Leave_One_experiments\wth_generated_qc\FQA\FQA2007.WTH,normal_year;water_stress_year;nitrogen_stress_year;irrigation_responsive_year,irrigation_responsive,FQA2007_stress_grid_S0031,pareto_balanced,2007-06-12,163,7,2,"{""sim_day"": 7.0, ""doy"": 163.0, ""topwt"": 0.0, ""grnwt"": 0.0, ""xlai"": 0.0, ""totir"": 0.0, ""tofer"": NaN, ""swfac"": 0.0, ""nstres"": 0.0}",0.0,0.0,0.0,0.0,0.0,0.0,,0.0,0.0,60.0,0.0,-3.405447387695311,20.59455261230469,Leave_One_experiments/all_year_offline_schedule_search/daily_outputs/FQA/FQA_2007_FQA2007_stress_grid_S0031_daily.csv
FQA,FQA,Fengqiu,2007,Leave_One_experiments\wth_generated_qc\FQA\FQA2007.WTH,normal_year;water_stress_year;nitrogen_stress_year;irrigation_responsive_year,irrigation_responsive,FQA2007_stress_grid_S0031,pareto_balanced,2007-06-13,164,8,3,"{""sim_day"": 8.0, ""doy"": 164.0, ""topwt"": 0.0, ""grnwt"": 0.0, ""xlai"": 0.0, ""totir"": 0.0, ""tofer"": NaN, ""swfac"": 0.0, ""nstres"": 0.0}",0.0,0.0,0.0,0.0,0.0,0.0,,0.0,0.0,60.0,0.0,-3.405447387695311,20.59455261230469,Leave_One_experiments/all_year_offline_schedule_search/daily_outputs/FQA/FQA_2007_FQA2007_stress_grid_S0031_daily.csv
FQA,FQA,Fengqiu,2007,Leave_One_experiments\wth_generated_qc\FQA\FQA2007.WTH,normal_year;water_stress_year;nitrogen_stress_year;irrigation_responsive_year,irrigation_responsive,FQA2007_stress_grid_S0031,pareto_balanced,2007-06-14,165,9,4,"{""sim_day"": 9.0, ""doy"": 165.0, ""topwt"": 0.0, ""grnwt"": 0.0, ""xlai"": 0.0, ""totir"": 0.0, ""tofer"": NaN, ""swfac"": 0.0, ""nstres"": 0.0}",0.0,0.0,0.0,0.0,0.0,0.0,,0.0,0.0,60.0,0.0,-3.405447387695311,20.59455261230469,Leave_One_experiments/all_year_offline_schedule_search/daily_outputs/FQA/FQA_2007_FQA2007_stress_grid_S0031_daily.csv
FQA,FQA,Fengqiu,2007,Leave_One_experiments\wth_generated_qc\FQA\FQA2007.WTH,normal_year;water_stress_year;nitrogen_stress_year;irrigation_responsive_year,irrigation_responsive,FQA2007_stress_grid_S0031,pareto_balanced,2007-06-15,166,10,5,"{""sim_day"": 10.0, ""doy"": 166.0, ""topwt"": 32.00000047683716, ""grnwt"": 0.0, ""xlai"": 0.0031338033732026, ""totir"": 0.0, ""tofer"": NaN, ""swfac"": 0.0, ""nstres"": 0.0121910572052001}",0.0,0.0121910572052001,32.00000047683716,0.0,0.0031338033732026,0.0,,0.0,0.0,60.0,0.0,-3.405447387695311,20.59455261230469,Leave_One_experiments/all_year_offline_schedule_search/daily_outputs/FQA/FQA_2007_FQA2007_stress_grid_S0031_daily.csv
FQA,FQA,Fengqiu,2007,Leave_One_experiments\wth_generated_qc\FQA\FQA2007.WTH,normal_year;water_stress_year;nitrogen_stress_year;irrigation_responsive_year,irrigation_responsive,FQA2007_stress_grid_S0031,pareto_balanced,2007-06-16,167,11,6,"{""sim_day"": 11.0, ""doy"": 167.0, ""topwt"": 32.00000047683716, ""grnwt"": 0.0, ""xlai"": 0.0057468404993414, ""totir"": 0.0, ""tofer"": NaN, ""swfac"": 0.0, ""nstres"": 0.0068503618240356}",0.0,0.0068503618240356,32.00000047683716,0.0,0.0057468404993414,0.0,,0.0,0.0,60.0,0.0,-3.405447387695311,20.59455261230469,Leave_One_experiments/all_year_offline_schedule_search/daily_outputs/FQA/FQA_2007_FQA2007_stress_grid_S0031_daily.csv
FQA,FQA,Fengqiu,2007,Leave_One_experiments\wth_generated_qc\FQA\FQA2007.WTH,normal_year;water_stress_year;nitrogen_stress_year;irrigation_responsive_year,irrigation_responsive,FQA2007_stress_grid_S0031,pareto_balanced,2007-06-17,168,12,7,"{""sim_day"": 12.0, ""doy"": 168.0, ""topwt"": 32.00000047683716, ""grnwt"": 0.0, ""xlai"": 0.0085093667730689, ""totir"": 0.0, ""tofer"": NaN, ""swfac"": 0.0, ""nstres"": 0.0}",0.0,0.0,32.00000047683716,0.0,0.0085093667730689,0.0,,0.0,0.0,60.0,0.0,-3.405447387695311,20.59455261230469,Leave_One_experiments/all_year_offline_schedule_search/daily_outputs/FQA/FQA_2007_FQA2007_stress_grid_S0031_daily.csv
FQA,FQA,Fengqiu,2007,Leave_One_experiments\wth_generated_qc\FQA\FQA2007.WTH,normal_year;water_stress_year;nitrogen_stress_year;irrigation_responsive_year,irrigation_responsive,FQA2007_stress_grid_S0031,pareto_balanced,2007-06-18,169,13,8,"{""sim_day"": 13.0, ""doy"": 169.0, ""topwt"": 32.00000047683716, ""grnwt"": 0.0, ""xlai"": 0.0106130335479974, ""totir"": 0.0, ""tofer"": NaN, ""swfac"": 0.0, ""nstres"": 0.0}",0.0,0.0,32.00000047683716,0.0,0.0106130335479974,0.0,,0.0,0.0,60.0,0.0,-3.405447387695311,20.59455261230469,Leave_One_experiments/all_year_offline_schedule_search/daily_outputs/FQA/FQA_2007_FQA2007_stress_grid_S0031_daily.csv
FQA,FQA,Fengqiu,2007,Leave_One_experiments\wth_generated_qc\FQA\FQA2007.WTH,normal_year;water_stress_year;nitrogen_stress_year;irrigation_responsive_year,irrigation_responsive,FQA2007_stress_grid_S0031,pareto_balanced,2007-06-19,170,14,9,"{""sim_day"": 14.0, ""doy"": 170.0, ""topwt"": 32.00000047683716, ""grnwt"": 0.0, ""xlai"": 0.0127478763461112, ""totir"": 0.0, ""tofer"": NaN, ""swfac"": 0.0, ""nstres"": 0.0}",0.0,0.0,32.00000047683716,0.0,0.0127478763461112,0.0,,0.0,0.0,60.0,0.0,-3.405447387695311,20.59455261230469,Leave_One_experiments/all_year_offline_schedule_search/daily_outputs/FQA/FQA_2007_FQA2007_stress_grid_S0031_daily.csv
FQA,FQA,Fengqiu,2007,Leave_One_experiments\wth_generated_qc\FQA\FQA2007.WTH,normal_year;water_stress_year;nitrogen_stress_year;irrigation_responsive_year,irrigation_responsive,FQA2007_stress_grid_S0031,pareto_balanced,2007-06-20,171,15,10,"{""sim_day"": 15.0, ""doy"": 171.0, ""topwt"": 32.00000047683716, ""grnwt"": 0.0, ""xlai"": 0.0152436653152108, ""totir"": 0.0, ""tofer"": NaN, ""swfac"": 0.0, ""nstres"": 0.0}",0.0,0.0,32.00000047683716,0.0,0.0152436653152108,0.0,,0.0,0.0,60.0,0.0,-3.405447387695311,20.59455261230469,Leave_One_experiments/all_year_offline_schedule_search/daily_outputs/FQA/FQA_2007_FQA2007_stress_grid_S0031_daily.csv
FQA,FQA,Fengqiu,2007,Leave_One_experiments\wth_generated_qc\FQA\FQA2007.WTH,normal_year;water_stress_year;nitrogen_stress_year;irrigation_responsive_year,irrigation_responsive,FQA2007_stress_grid_S0031,pareto_balanced,2007-06-21,172,16,11,"{""sim_day"": 16.0, ""doy"": 172.0, ""topwt"": 32.00000047683716, ""grnwt"": 0.0, ""xlai"": 0.0179740693420171, ""totir"": 0.0, ""tofer"": NaN, ""swfac"": 0.0, ""nstres"": 0.0}",0.0,0.0,32.00000047683716,0.0,0.0179740693420171,0.0,,0.0,0.0,60.0,0.0,-3.405447387695311,20.59455261230469,Leave_One_experiments/all_year_offline_schedule_search/daily_outputs/FQA/FQA_2007_FQA2007_stress_grid_S0031_daily.csv
FQA,FQA,Fengqiu,2007,Leave_One_experiments\wth_generated_qc\FQA\FQA2007.WTH,normal_year;water_stress_year;nitrogen_stress_year;irrigation_responsive_year,irrigation_responsive,FQA2007_stress_grid_S0031,pareto_balanced,2007-06-22,173,17,12,"{""sim_day"": 17.0, ""doy"": 173.0, ""topwt"": 32.00000047683716, ""grnwt"": 0.0, ""xlai"": 0.0217721499502658, ""totir"": 0.0, ""tofer"": NaN, ""swfac"": 0.0, ""nstres"": 0.0}",0.0,0.0,32.00000047683716,0.0,0.0217721499502658,0.0,,0.0,0.0,60.0,0.0,-3.405447387695311,20.59455261230469,Leave_One_experiments/all_year_offline_schedule_search/daily_outputs/FQA/FQA_2007_FQA2007_stress_grid_S0031_daily.csv
FQA,FQA,Fengqiu,2007,Leave_One_experiments\wth_generated_qc\FQA\FQA2007.WTH,normal_year;water_stress_year;nitrogen_stress_year;irrigation_responsive_year,irrigation_responsive,FQA2007_stress_grid_S0031,pareto_balanced,2007-06-23,174,18,13,"{""sim_day"": 18.0, ""doy"": 174.0, ""topwt"": 25.125632286071777, ""grnwt"": 0.0, ""xlai"": 0.0373829677700996, ""totir"": 0.0, ""tofer"": NaN, ""swfac"": 0.0, ""nstres"": 0.0}",0.0,0.0,25.125632286071777,0.0,0.0373829677700996,0.0,,0.0,0.0,60.0,0.0,-3.405447387695311,20.59455261230469,Leave_One_experiments/all_year_offline_schedule_search/daily_outputs/FQA/FQA_2007_FQA2007_stress_grid_S0031_daily.csv
FQA,FQA,Fengqiu,2007,Leave_One_experiments\wth_generated_qc\FQA\FQA2007.WTH,normal_year;water_stress_year;nitrogen_stress_year;irrigation_responsive_year,irrigation_responsive,FQA2007_stress_grid_S0031,pareto_balanced,2007-06-24,175,19,14,"{""sim_day"": 19.0, ""doy"": 175.0, ""topwt"": 31.240439414978027, ""grnwt"": 0.0, ""xlai"": 0.0562403351068496, ""totir"": 0.0, ""tofer"": NaN, ""swfac"": 0.0, ""nstres"": 0.0}",0.0,0.0,31.240439414978027,0.0,0.0562403351068496,0.0,,0.0,0.0,60.0,0.0,-3.405447387695311,20.59455261230469,Leave_One_experiments/all_year_offline_schedule_search/daily_outputs/FQA/FQA_2007_FQA2007_stress_grid_S0031_daily.csv
FQA,FQA,Fengqiu,2007,Leave_One_experiments\wth_generated_qc\FQA\FQA2007.WTH,normal_year;water_stress_year;nitrogen_stress_year;irrigation_responsive_year,irrigation_responsive,FQA2007_stress_grid_S0031,pareto_balanced,2007-06-25,176,20,15,"{""sim_day"": 20.0, ""doy"": 176.0, ""topwt"": 38.52898120880127, ""grnwt"": 0.0, ""xlai"": 0.0767474547028541, ""totir"": 0.0, ""tofer"": NaN, ""swfac"": 0.0, ""nstres"": 0.0}",0.0,0.0,38.52898120880127,0.0,0.0767474547028541,0.0,,0.0,0.0,60.0,0.0,-3.405447387695311,20.59455261230469,Leave_One_experiments/all_year_offline_schedule_search/daily_outputs/FQA/FQA_2007_FQA2007_stress_grid_S0031_daily.csv
FQA,FQA,Fengqiu,2007,Leave_One_experiments\wth_generated_qc\FQA\FQA2007.WTH,normal_year;water_stress_year;nitrogen_stress_year;irrigation_responsive_year,irrigation_responsive,FQA2007_stress_grid_S0031,pareto_balanced,2007-06-26,177,21,16,"{""sim_day"": 21.0, ""doy"": 177.0, ""topwt"": 45.93924045562744, ""grnwt"": 0.0, ""xlai"": 0.0962023437023162, ""totir"": 0.0, ""tofer"": NaN, ""swfac"": 0.0, ""nstres"": 0.0}",0.0,0.0,45.93924045562744,0.0,0.0962023437023162,0.0,,0.0,0.0,60.0,0.0,-3.405447387695311,20.59455261230469,Leave_One_experiments/all_year_offline_schedule_search/daily_outputs/FQA/FQA_2007_FQA2007_stress_grid_S0031_daily.csv
FQA,FQA,Fengqiu,2007,Leave_One_experiments\wth_generated_qc\FQA\FQA2007.WTH,normal_year;water_stress_year;nitrogen_stress_year;irrigation_responsive_year,irrigation_responsive,FQA2007_stress_grid_S0031,pareto_balanced,2007-06-27,178,22,17,"{""sim_day"": 22.0, ""doy"": 178.0, ""topwt"": 55.15679359436035, ""grnwt"": 0.0, ""xlai"": 0.1190433204174041, ""totir"": 0.0, ""tofer"": NaN, ""swfac"": 0.0, ""nstres"": 0.0}",0.0,0.0,55.15679359436035,0.0,0.1190433204174041,0.0,,0.0,0.0,60.0,0.0,-3.405447387695311,20.59455261230469,Leave_One_experiments/all_year_offline_schedule_search/daily_outputs/FQA/FQA_2007_FQA2007_stress_grid_S0031_daily.csv
FQA,FQA,Fengqiu,2007,Leave_One_experiments\wth_generated_qc\FQA\FQA2007.WTH,normal_year;water_stress_year;nitrogen_stress_year;irrigation_responsive_year,irrigation_responsive,FQA2007_stress_grid_S0031,pareto_balanced,2007-06-28,179,23,18,"{""sim_day"": 23.0, ""doy"": 179.0, ""topwt"": 65.66776752471924, ""grnwt"": 0.0, ""xlai"": 0.1437227576971054, ""totir"": 0.0, ""tofer"": NaN, ""swfac"": 0.0, ""nstres"": 0.0}",0.0,0.0,65.66776752471924,0.0,0.1437227576971054,0.0,,0.0,0.0,60.0,0.0,-3.405447387695311,20.59455261230469,Leave_One_experiments/all_year_offline_schedule_search/daily_outputs/FQA/FQA_2007_FQA2007_stress_grid_S0031_daily.csv
FQA,FQA,Fengqiu,2007,Leave_One_experiments\wth_generated_qc\FQA\FQA2007.WTH,normal_year;water_stress_year;nitrogen_stress_year;irrigation_responsive_year,irrigation_responsive,FQA2007_stress_grid_S0031,pareto_balanced,2007-06-29,180,24,19,"{""sim_day"": 24.0, ""doy"": 180.0, ""topwt"": 76.23202800750732, ""grnwt"": 0.0, ""xlai"": 0.1674369871616363, ""totir"": 0.0, ""tofer"": NaN, ""swfac"": 0.0, ""nstres"": 0.0}",0.0,0.0,76.23202800750732,0.0,0.1674369871616363,0.0,,0.0,0.0,60.0,0.0,-3.405447387695311,20.59455261230469,Leave_One_experiments/all_year_offline_schedule_search/daily_outputs/FQA/FQA_2007_FQA2007_stress_grid_S0031_daily.csv
FQA,FQA,Fengqiu,2007,Leave_One_experiments\wth_generated_qc\FQA\FQA2007.WTH,normal_year;water_stress_year;nitrogen_stress_year;irrigation_responsive_year,irrigation_responsive,FQA2007_stress_grid_S0031,pareto_balanced,2007-06-30,181,25,20,"{""sim_day"": 25.0, ""doy"": 181.0, ""topwt"": 89.16464805603027, ""grnwt"": 0.0, ""xlai"": 0.1952953189611435, ""totir"": 0.0, ""tofer"": NaN, ""swfac"": 0.0, ""nstres"": 0.0}",0.0,0.0,89.16464805603027,0.0,0.1952953189611435,0.0,,0.0,0.0,60.0,0.0,-3.405447387695311,20.59455261230469,Leave_One_experiments/all_year_offline_schedule_search/daily_outputs/FQA/FQA_2007_FQA2007_stress_grid_S0031_daily.csv
FQA,FQA,Fengqiu,2007,Leave_One_experiments\wth_generated_qc\FQA\FQA2007.WTH,normal_year;water_stress_year;nitrogen_stress_year;irrigation_responsive_year,irrigation_responsive,FQA2007_stress_grid_S0031,pareto_balanced,2007-07-01,182,26,21,"{""sim_day"": 26.0, ""doy"": 182.0, ""topwt"": 103.72443199157716, ""grnwt"": 0.0, ""xlai"": 0.2254241853952407, ""totir"": 0.0, ""tofer"": NaN, ""swfac"": 0.0, ""nstres"": 0.0}",0.0,0.0,103.72443199157716,0.0,0.2254241853952407,0.0,,0.0,0.0,60.0,0.0,-3.405447387695311,20.59455261230469,Leave_One_experiments/all_year_offline_schedule_search/daily_outputs/FQA/FQA_2007_FQA2007_stress_grid_S0031_daily.csv
FQA,FQA,Fengqiu,2007,Leave_One_experiments\wth_generated_qc\FQA\FQA2007.WTH,normal_year;water_stress_year;nitrogen_stress_year;irrigation_responsive_year,irrigation_responsive,FQA2007_stress_grid_S0031,pareto_balanced,2007-07-02,183,27,22,"{""sim_day"": 27.0, ""doy"": 183.0, ""topwt"": 120.54812431335448, ""grnwt"": 0.0, ""xlai"": 0.2576916217803955, ""totir"": 0.0, ""tofer"": NaN, ""swfac"": 0.0, ""nstres"": 0.0}",0.0,0.0,120.54812431335448,0.0,0.2576916217803955,0.0,,0.0,0.0,60.0,0.0,-3.405447387695311,20.59455261230469,Leave_One_experiments/all_year_offline_schedule_search/daily_outputs/FQA/FQA_2007_FQA2007_stress_grid_S0031_daily.csv
FQA,FQA,Fengqiu,2007,Leave_One_experiments\wth_generated_qc\FQA\FQA2007.WTH,normal_year;water_stress_year;nitrogen_stress_year;irrigation_responsive_year,irrigation_responsive,FQA2007_stress_grid_S0031,pareto_balanced,2007-07-03,184,28,23,"{""sim_day"": 28.0, ""doy"": 184.0, ""topwt"": 137.45789527893066, ""grnwt"": 0.0, ""xlai"": 0.2912526726722717, ""totir"": 0.0, ""tofer"": NaN, ""swfac"": 0.0, ""nstres"": 0.0}",0.0,0.0,137.45789527893066,0.0,0.2912526726722717,0.0,,0.0,0.0,60.0,0.0,-3.405447387695311,20.59455261230469,Leave_One_experiments/all_year_offline_schedule_search/daily_outputs/FQA/FQA_2007_FQA2007_stress_grid_S0031_daily.csv
FQA,FQA,Fengqiu,2007,Leave_One_experiments\wth_generated_qc\FQA\FQA2007.WTH,normal_year;water_stress_year;nitrogen_stress_year;irrigation_responsive_year,irrigation_responsive,FQA2007_stress_grid_S0031,pareto_balanced,2007-07-04,185,29,24,"{""sim_day"": 29.0, ""doy"": 185.0, ""topwt"": 152.95411109924316, ""grnwt"": 0.0, ""xlai"": 0.3210567831993103, ""totir"": 0.0, ""tofer"": NaN, ""swfac"": 0.0, ""nstres"": 0.0}",0.0,0.0,152.95411109924316,0.0,0.3210567831993103,0.0,,0.0,0.0,60.0,0.0,-3.405447387695311,20.59455261230469,Leave_One_experiments/all_year_offline_schedule_search/daily_outputs/FQA/FQA_2007_FQA2007_stress_grid_S0031_daily.csv
FQA,FQA,Fengqiu,2007,Leave_One_experiments\wth_generated_qc\FQA\FQA2007.WTH,normal_year;water_stress_year;nitrogen_stress_year;irrigation_responsive_year,irrigation_responsive,FQA2007_stress_grid_S0031,pareto_balanced,2007-07-05,186,30,25,"{""sim_day"": 30.0, ""doy"": 186.0, ""topwt"": 172.6561737060547, ""grnwt"": 0.0, ""xlai"": 0.3577374219894409, ""totir"": 0.0, ""tofer"": NaN, ""swfac"": 0.0, ""nstres"": 0.0}",0.0,0.0,172.6561737060547,0.0,0.3577374219894409,0.0,,0.0,0.0,60.0,0.0,-3.405447387695311,20.59455261230469,Leave_One_experiments/all_year_offline_schedule_search/daily_outputs/FQA/FQA_2007_FQA2007_stress_grid_S0031_daily.csv
FQA,FQA,Fengqiu,2007,Leave_One_experiments\wth_generated_qc\FQA\FQA2007.WTH,normal_year;water_stress_year;nitrogen_stress_year;irrigation_responsive_year,irrigation_responsive,FQA2007_stress_grid_S0031,pareto_balanced,2007-07-06,187,31,26,"{""sim_day"": 31.0, ""doy"": 187.0, ""topwt"": 197.06354141235352, ""grnwt"": 0.0, ""xlai"": 0.4014874994754791, ""totir"": 0.0, ""tofer"": NaN, ""swfac"": 0.0, ""nstres"": 0.0}",0.0,0.0,197.06354141235352,0.0,0.4014874994754791,0.0,,0.0,0.0,60.0,0.0,-3.405447387695311,20.59455261230469,Leave_One_experiments/all_year_offline_schedule_search/daily_outputs/FQA/FQA_2007_FQA2007_stress_grid_S0031_daily.csv
FQA,FQA,Fengqiu,2007,Leave_One_experiments\wth_generated_qc\FQA\FQA2007.WTH,normal_year;water_stress_year;nitrogen_stress_year;irrigation_responsive_year,irrigation_responsive,FQA2007_stress_grid_S0031,pareto_balanced,2007-07-07,188,32,27,"{""sim_day"": 32.0, ""doy"": 188.0, ""topwt"": 221.58830642700195, ""grnwt"": 0.0, ""xlai"": 0.4438091218471527, ""totir"": 0.0, ""tofer"": NaN, ""swfac"": 0.0, ""nstres"": 0.0}",0.0,0.0,221.58830642700195,0.0,0.4438091218471527,0.0,,0.0,0.0,60.0,0.0,-3.405447387695311,20.59455261230469,Leave_One_experiments/all_year_offline_schedule_search/daily_outputs/FQA/FQA_2007_FQA2007_stress_grid_S0031_daily.csv
FQA,FQA,Fengqiu,2007,Leave_One_experiments\wth_generated_qc\FQA\FQA2007.WTH,normal_year;water_stress_year;nitrogen_stress_year;irrigation_responsive_year,irrigation_responsive,FQA2007_stress_grid_S0031,pareto_balanced,2007-07-08,189,33,28,"{""sim_day"": 33.0, ""doy"": 189.0, ""topwt"": 251.78241729736328, ""grnwt"": 0.0, ""xlai"": 0.4938451051712036, ""totir"": 0.0, ""tofer"": NaN, ""swfac"": 0.0, ""nstres"": 0.0}",0.0,0.0,251.78241729736328,0.0,0.4938451051712036,0.0,,0.0,0.0,60.0,0.0,-3.405447387695311,20.59455261230469,Leave_One_experiments/all_year_offline_schedule_search/daily_outputs/FQA/FQA_2007_FQA2007_stress_grid_S0031_daily.csv
FQA,FQA,Fengqiu,2007,Leave_One_experiments\wth_generated_qc\FQA\FQA2007.WTH,normal_year;water_stress_year;nitrogen_stress_year;irrigation_responsive_year,irrigation_responsive,FQA2007_stress_grid_S0031,pareto_balanced,2007-07-09,190,34,29,"{""sim_day"": 34.0, ""doy"": 190.0, ""topwt"": 288.40959548950195, ""grnwt"": 0.0, ""xlai"": 0.5518361926078796, ""totir"": 0.0, ""tofer"": NaN, ""swfac"": 0.0, ""nstres"": 0.0}",0.0,0.0,288.40959548950195,0.0,0.5518361926078796,0.0,,0.0,0.0,60.0,0.0,-3.405447387695311,20.59455261230469,Leave_One_experiments/all_year_offline_schedule_search/daily_outputs/FQA/FQA_2007_FQA2007_stress_grid_S0031_daily.csv
FQA,FQA,Fengqiu,2007,Leave_One_experiments\wth_generated_qc\FQA\FQA2007.WTH,normal_year;water_stress_year;nitrogen_stress_year;irrigation_responsive_year,irrigation_responsive,FQA2007_stress_grid_S0031,pareto_balanced,2007-07-10,191,35,30,"{""sim_day"": 35.0, ""doy"": 191.0, ""topwt"": 332.13573455810547, ""grnwt"": 0.0, ""xlai"": 0.6176839470863342, ""totir"": 0.0, ""tofer"": NaN, ""swfac"": 0.0, ""nstres"": 0.0}",0.0,0.0,332.13573455810547,0.0,0.6176839470863342,0.0,,0.0,0.0,60.0,0.0,-3.405447387695311,20.59455261230469,Leave_One_experiments/all_year_offline_schedule_search/daily_outputs/FQA/FQA_2007_FQA2007_stress_grid_S0031_daily.csv
FQA,FQA,Fengqiu,2007,Leave_One_experiments\wth_generated_qc\FQA\FQA2007.WTH,normal_year;water_stress_year;nitrogen_stress_year;irrigation_responsive_year,irrigation_responsive,FQA2007_stress_grid_S0031,pareto_balanced,2007-07-11,192,36,31,"{""sim_day"": 36.0, ""doy"": 192.0, ""topwt"": 375.3358459472656, ""grnwt"": 0.0, ""xlai"": 0.6797067523002625, ""totir"": 0.0, ""tofer"": NaN, ""swfac"": 0.0, ""nstres"": 0.0}",0.0,0.0,375.3358459472656,0.0,0.6797067523002625,0.0,,0.0,0.0,60.0,0.0,-3.405447387695311,20.59455261230469,Leave_One_experiments/all_year_offline_schedule_search/daily_outputs/FQA/FQA_2007_FQA2007_stress_grid_S0031_daily.csv
FQA,FQA,Fengqiu,2007,Leave_One_experiments\wth_generated_qc\FQA\FQA2007.WTH,normal_year;water_stress_year;nitrogen_stress_year;irrigation_responsive_year,irrigation_responsive,FQA2007_stress_grid_S0031,pareto_balanced,2007-07-12,193,37,32,"{""sim_day"": 37.0, ""doy"": 193.0, ""topwt"": 409.1790771484375, ""grnwt"": 0.0, ""xlai"": 0.72642582654953, ""totir"": 0.0, ""tofer"": NaN, ""swfac"": 0.0, ""nstres"": 0.0}",0.0,0.0,409.1790771484375,0.0,0.72642582654953,0.0,,0.0,0.0,60.0,0.0,-3.405447387695311,20.59455261230469,Leave_One_experiments/all_year_offline_schedule_search/daily_outputs/FQA/FQA_2007_FQA2007_stress_grid_S0031_daily.csv
FQA,FQA,Fengqiu,2007,Leave_One_experiments\wth_generated_qc\FQA\FQA2007.WTH,normal_year;water_stress_year;nitrogen_stress_year;irrigation_responsive_year,irrigation_responsive,FQA2007_stress_grid_S0031,pareto_balanced,2007-07-13,194,38,33,"{""sim_day"": 38.0, ""doy"": 194.0, ""topwt"": 435.8823013305664, ""grnwt"": 0.0, ""xlai"": 0.7621163725852966, ""totir"": 0.0, ""tofer"": NaN, ""swfac"": 0.0, ""nstres"": 0.0}",0.0,0.0,435.8823013305664,0.0,0.7621163725852966,0.0,,0.0,0.0,60.0,0.0,-3.405447387695311,20.59455261230469,Leave_One_experiments/all_year_offline_schedule_search/daily_outputs/FQA/FQA_2007_FQA2007_stress_grid_S0031_daily.csv
FQA,FQA,Fengqiu,2007,Leave_One_experiments\wth_generated_qc\FQA\FQA2007.WTH,normal_year;water_stress_year;nitrogen_stress_year;irrigation_responsive_year,irrigation_responsive,FQA2007_stress_grid_S0031,pareto_balanced,2007-07-14,195,39,34,"{""sim_day"": 39.0, ""doy"": 195.0, ""topwt"": 484.3071746826172, ""grnwt"": 0.0, ""xlai"": 0.8239735960960388, ""totir"": 0.0, ""tofer"": NaN, ""swfac"": 0.0, ""nstres"": 0.0039752125740051}",0.0,0.0039752125740051,484.3071746826172,0.0,0.8239735960960388,0.0,,0.0,0.0,60.0,0.0,-3.405447387695311,20.59455261230469,Leave_One_experiments/all_year_offline_schedule_search/daily_outputs/FQA/FQA_2007_FQA2007_stress_grid_S0031_daily.csv
FQA,FQA,Fengqiu,2007,Leave_One_experiments\wth_generated_qc\FQA\FQA2007.WTH,normal_year;water_stress_year;nitrogen_stress_year;irrigation_responsive_year,irrigation_responsive,FQA2007_stress_grid_S0031,pareto_balanced,2007-07-15,196,40,35,"{""sim_day"": 40.0, ""doy"": 196.0, ""topwt"": 540.8564376831055, ""grnwt"": 0.0, ""xlai"": 0.8913682103157043, ""totir"": 0.0, ""tofer"": NaN, ""swfac"": 0.0, ""nstres"": 0.0180122852325439}",0.0,0.0180122852325439,540.8564376831055,0.0,0.8913682103157043,0.0,,0.0,0.0,60.0,0.0,-3.405447387695311,20.59455261230469,Leave_One_experiments/all_year_offline_schedule_search/daily_outputs/FQA/FQA_2007_FQA2007_stress_grid_S0031_daily.csv
FQA,FQA,Fengqiu,2007,Leave_One_experiments\wth_generated_qc\FQA\FQA2007.WTH,normal_year;water_stress_year;nitrogen_stress_year;irrigation_responsive_year,irrigation_responsive,FQA2007_stress_grid_S0031,pareto_balanced,2007-07-16,197,41,36,"{""sim_day"": 41.0, ""doy"": 197.0, ""topwt"": 606.6302871704102, ""grnwt"": 0.0, ""xlai"": 0.961553394794464, ""totir"": 0.0, ""tofer"": NaN, ""swfac"": 0.0, ""nstres"": 0.053013801574707}",0.0,0.053013801574707,606.6302871704102,0.0,0.961553394794464,0.0,,0.0,0.0,60.0,0.0,-3.405447387695311,20.59455261230469,Leave_One_experiments/all_year_offline_schedule_search/daily_outputs/FQA/FQA_2007_FQA2007_stress_grid_S0031_daily.csv
FQA,FQA,Fengqiu,2007,Leave_One_experiments\wth_generated_qc\FQA\FQA2007.WTH,normal_year;water_stress_year;nitrogen_stress_year;irrigation_responsive_year,irrigation_responsive,FQA2007_stress_grid_S0031,pareto_balanced,2007-07-17,198,42,37,"{""sim_day"": 42.0, ""doy"": 198.0, ""topwt"": 677.5757598876953, ""grnwt"": 0.0, ""xlai"": 1.028470516204834, ""totir"": 0.0, ""tofer"": NaN, ""swfac"": 0.0, ""nstres"": 0.0863797068595886}",0.0,0.0863797068595886,677.5757598876953,0.0,1.028470516204834,0.0,,0.0,0.0,60.0,0.0,-3.405447387695311,20.59455261230469,Leave_One_experiments/all_year_offline_schedule_search/daily_outputs/FQA/FQA_2007_FQA2007_stress_grid_S0031_daily.csv
FQA,FQA,Fengqiu,2007,Leave_One_experiments\wth_generated_qc\FQA\FQA2007.WTH,normal_year;water_stress_year;nitrogen_stress_year;irrigation_responsive_year,irrigation_responsive,FQA2007_stress_grid_S0031,pareto_balanced,2007-07-18,199,43,38,"{""sim_day"": 43.0, ""doy"": 199.0, ""topwt"": 735.0511169433594, ""grnwt"": 0.0, ""xlai"": 1.072648286819458, ""totir"": 0.0, ""tofer"": NaN, ""swfac"": 0.0, ""nstres"": 0.1190253496170044}",0.0,0.1190253496170044,735.0511169433594,0.0,1.072648286819458,0.0,,0.0,0.0,60.0,0.0,-3.405447387695311,20.59455261230469,Leave_One_experiments/all_year_offline_schedule_search/daily_outputs/FQA/FQA_2007_FQA2007_stress_grid_S0031_daily.csv
FQA,FQA,Fengqiu,2007,Leave_One_experiments\wth_generated_qc\FQA\FQA2007.WTH,normal_year;water_stress_year;nitrogen_stress_year;irrigation_responsive_year,irrigation_responsive,FQA2007_stress_grid_S0031,pareto_balanced,2007-07-19,200,44,39,"{""sim_day"": 44.0, ""doy"": 200.0, ""topwt"": 763.5781860351562, ""grnwt"": 0.0, ""xlai"": 1.081356406211853, ""totir"": 0.0, ""tofer"": NaN, ""swfac"": 0.0, ""nstres"": 0.1472858190536499}",0.0,0.1472858190536499,763.5781860351562,0.0,1.081356406211853,0.0,,0.0,0.0,60.0,0.0,-3.405447387695311,20.59455261230469,Leave_One_experiments/all_year_offline_schedule_search/daily_outputs/FQA/FQA_2007_FQA2007_stress_grid_S0031_daily.csv
FQA,FQA,Fengqiu,2007,Leave_One_experiments\wth_generated_qc\FQA\FQA2007.WTH,normal_year;water_stress_year;nitrogen_stress_year;irrigation_responsive_year,irrigation_responsive,FQA2007_stress_grid_S0031,pareto_balanced,2007-07-20,201,45,40,"{""sim_day"": 45.0, ""doy"": 201.0, ""topwt"": 807.2461700439453, ""grnwt"": 0.0, ""xlai"": 1.1015620231628418, ""totir"": 0.0, ""tofer"": NaN, ""swfac"": 0.0, ""nstres"": 0.1620107293128967}",0.0,0.1620107293128967,807.2461700439453,0.0,1.1015620231628418,0.0,,0.0,0.0,60.0,0.0,-3.405447387695311,20.59455261230469,Leave_One_experiments/all_year_offline_schedule_search/daily_outputs/FQA/FQA_2007_FQA2007_stress_grid_S0031_daily.csv
FQA,FQA,Fengqiu,2007,Leave_One_experiments\wth_generated_qc\FQA\FQA2007.WTH,normal_year;water_stress_year;nitrogen_stress_year;irrigation_responsive_year,irrigation_responsive,FQA2007_stress_grid_S0031,pareto_balanced,2007-07-21,202,46,41,"{""sim_day"": 46.0, ""doy"": 202.0, ""topwt"": 853.4308624267578, ""grnwt"": 0.0, ""xlai"": 1.1218938827514648, ""totir"": 0.0, ""tofer"": NaN, ""swfac"": 0.0, ""nstres"": 0.1646509170532226}",0.0,0.1646509170532226,853.4308624267578,0.0,1.1218938827514648,0.0,,0.0,0.0,60.0,0.0,-3.405447387695311,20.59455261230469,Leave_One_experiments/all_year_offline_schedule_search/daily_outputs/FQA/FQA_2007_FQA2007_stress_grid_S0031_daily.csv
FQA,FQA,Fengqiu,2007,Leave_One_experiments\wth_generated_qc\FQA\FQA2007.WTH,normal_year;water_stress_year;nitrogen_stress_year;irrigation_responsive_year,irrigation_responsive,FQA2007_stress_grid_S0031,pareto_balanced,2007-07-22,203,47,42,"{""sim_day"": 47.0, ""doy"": 203.0, ""topwt"": 905.2161407470704, ""grnwt"": 0.0, ""xlai"": 1.144160509109497, ""totir"": 0.0, ""tofer"": NaN, ""swfac"": 0.0, ""nstres"": 0.1722675561904907}",0.0,0.1722675561904907,905.2161407470704,0.0,1.144160509109497,0.0,,0.0,0.0,60.0,0.0,-3.405447387695311,20.59455261230469,Leave_One_experiments/all_year_offline_schedule_search/daily_outputs/FQA/FQA_2007_FQA2007_stress_grid_S0031_daily.csv
FQA,FQA,Fengqiu,2007,Leave_One_experiments\wth_generated_qc\FQA\FQA2007.WTH,normal_year;water_stress_year;nitrogen_stress_year;irrigation_responsive_year,irrigation_responsive,FQA2007_stress_grid_S0031,pareto_balanced,2007-07-23,204,48,43,"{""sim_day"": 48.0, ""doy"": 204.0, ""topwt"": 961.833038330078, ""grnwt"": 0.0, ""xlai"": 1.1672334671020508, ""totir"": 0.0, ""tofer"": NaN, ""swfac"": 0.0, ""nstres"": 0.1796985268592834}",0.0,0.1796985268592834,961.833038330078,0.0,1.1672334671020508,0.0,,0.0,0.0,60.0,0.0,-3.405447387695311,20.59455261230469,Leave_One_experiments/all_year_offline_schedule_search/daily_outputs/FQA/FQA_2007_FQA2007_stress_grid_S0031_daily.csv
FQA,FQA,Fengqiu,2007,Leave_One_experiments\wth_generated_qc\FQA\FQA2007.WTH,normal_year;water_stress_year;nitrogen_stress_year;irrigation_responsive_year,irrigation_responsive,FQA2007_stress_grid_S0031,pareto_balanced,2007-07-24,205,49,44,"{""sim_day"": 49.0, ""doy"": 205.0, ""topwt"": 1080.960922241211, ""grnwt"": 0.0, ""xlai"": 1.1820096969604492, ""totir"": 0.0, ""tofer"": NaN, ""swfac"": 0.0, ""nstres"": 0.1878839135169983}",0.0,0.1878839135169983,1080.960922241211,0.0,1.1820096969604492,0.0,,0.0,0.0,60.0,0.0,-3.405447387695311,20.59455261230469,Leave_One_experiments/all_year_offline_schedule_search/daily_outputs/FQA/FQA_2007_FQA2007_stress_grid_S0031_daily.csv
FQA,FQA,Fengqiu,2007,Leave_One_experiments\wth_generated_qc\FQA\FQA2007.WTH,normal_year;water_stress_year;nitrogen_stress_year;irrigation_responsive_year,irrigation_responsive,FQA2007_stress_grid_S0031,pareto_balanced,2007-07-25,206,50,45,"{""sim_day"": 50.0, ""doy"": 206.0, ""topwt"": 1198.9111328125, ""grnwt"": 0.0, ""xlai"": 1.1927152872085571, ""totir"": 0.0, ""tofer"": NaN, ""swfac"": 0.0, ""nstres"": 0.1959526538848877}",0.0,0.1959526538848877,1198.9111328125,0.0,1.1927152872085571,0.0,,0.0,0.0,60.0,0.0,-3.405447387695311,20.59455261230469,Leave_One_experiments/all_year_offline_schedule_search/daily_outputs/FQA/FQA_2007_FQA2007_stress_grid_S0031_daily.csv
FQA,FQA,Fengqiu,2007,Leave_One_experiments\wth_generated_qc\FQA\FQA2007.WTH,normal_year;water_stress_year;nitrogen_stress_year;irrigation_responsive_year,irrigation_responsive,FQA2007_stress_grid_S0031,pareto_balanced,2007-07-26,207,51,46,"{""sim_day"": 51.0, ""doy"": 207.0, ""topwt"": 1312.1420288085938, ""grnwt"": 0.0, ""xlai"": 1.1960973739624023, ""totir"": 0.0, ""tofer"": NaN, ""swfac"": 0.0, ""nstres"": 0.2585303783416748}",0.0,0.2585303783416748,1312.1420288085938,0.0,1.1960973739624023,0.0,,0.0,0.0,60.0,0.0,-3.405447387695311,20.59455261230469,Leave_One_experiments/all_year_offline_schedule_search/daily_outputs/FQA/FQA_2007_FQA2007_stress_grid_S0031_daily.csv
FQA,FQA,Fengqiu,2007,Leave_One_experiments\wth_generated_qc\FQA\FQA2007.WTH,normal_year;water_stress_year;nitrogen_stress_year;irrigation_responsive_year,irrigation_responsive,FQA2007_stress_grid_S0031,pareto_balanced,2007-07-27,208,52,47,"{""sim_day"": 52.0, ""doy"": 208.0, ""topwt"": 1414.6551513671875, ""grnwt"": 0.0, ""xlai"": 1.1919447183609009, ""totir"": 0.0, ""tofer"": NaN, ""swfac"": 0.0, ""nstres"": 0.3086993098258972}",0.0,0.3086993098258972,1414.6551513671875,0.0,1.1919447183609009,0.0,,0.0,0.0,60.0,0.0,-3.405447387695311,20.59455261230469,Leave_One_experiments/all_year_offline_schedule_search/daily_outputs/FQA/FQA_2007_FQA2007_stress_grid_S0031_daily.csv
FQA,FQA,Fengqiu,2007,Leave_One_experiments\wth_generated_qc\FQA\FQA2007.WTH,normal_year;water_stress_year;nitrogen_stress_year;irrigation_responsive_year,irrigation_responsive,FQA2007_stress_grid_S0031,pareto_balanced,2007-07-28,209,53,48,"{""sim_day"": 53.0, ""doy"": 209.0, ""topwt"": 1516.1326599121094, ""grnwt"": 0.0, ""xlai"": 1.1841570138931274, ""totir"": 0.0, ""tofer"": NaN, ""swfac"": 0.0, ""nstres"": 0.3499243855476379}",0.0,0.3499243855476379,1516.1326599121094,0.0,1.1841570138931274,0.0,,0.0,0.0,60.0,0.0,-3.405447387695311,20.59455261230469,Leave_One_experiments/all_year_offline_schedule_search/daily_outputs/FQA/FQA_2007_FQA2007_stress_grid_S0031_daily.csv
FQA,FQA,Fengqiu,2007,Leave_One_experiments\wth_generated_qc\FQA\FQA2007.WTH,normal_year;water_stress_year;nitrogen_stress_year;irrigation_responsive_year,irrigation_responsive,FQA2007_stress_grid_S0031,pareto_balanced,2007-07-29,210,54,49,"{""sim_day"": 54.0, ""doy"": 210.0, ""topwt"": 1603.6219787597656, ""grnwt"": 0.0, ""xlai"": 1.1700011491775513, ""totir"": 0.0, ""tofer"": NaN, ""swfac"": 0.0, ""nstres"": 0.3812147974967956}",0.0,0.3812147974967956,1603.6219787597656,0.0,1.1700011491775513,0.0,,0.0,0.0,60.0,0.0,-3.405447387695311,20.59455261230469,Leave_One_experiments/all_year_offline_schedule_search/daily_outputs/FQA/FQA_2007_FQA2007_stress_grid_S0031_daily.csv
FQA,FQA,Fengqiu,2007,Leave_One_experiments\wth_generated_qc\FQA\FQA2007.WTH,normal_year;water_stress_year;nitrogen_stress_year;irrigation_responsive_year,irrigation_responsive,FQA2007_stress_grid_S0031,pareto_balanced,2007-07-30,211,55,50,"{""sim_day"": 55.0, ""doy"": 211.0, ""topwt"": 1686.7897033691406, ""grnwt"": 0.0, ""xlai"": 1.153181076049805, ""totir"": 0.0, ""tofer"": NaN, ""swfac"": 0.0, ""nstres"": 0.4033882617950439}",0.0,0.4033882617950439,1686.7897033691406,0.0,1.153181076049805,0.0,,0.0,0.0,60.0,0.0,-3.405447387695311,20.59455261230469,Leave_One_experiments/all_year_offline_schedule_search/daily_outputs/FQA/FQA_2007_FQA2007_stress_grid_S0031_daily.csv
FQA,FQA,Fengqiu,2007,Leave_One_experiments\wth_generated_qc\FQA\FQA2007.WTH,normal_year;water_stress_year;nitrogen_stress_year;irrigation_responsive_year,irrigation_responsive,FQA2007_stress_grid_S0031,pareto_balanced,2007-07-31,212,56,51,"{""sim_day"": 56.0, ""doy"": 212.0, ""topwt"": 1777.8727722167969, ""grnwt"": 0.0, ""xlai"": 1.1377791166305542, ""totir"": 0.0, ""tofer"": NaN, ""swfac"": 0.0, ""nstres"": 0.4116785526275635}",0.0,0.4116785526275635,1777.8727722167969,0.0,1.1377791166305542,0.0,,0.0,0.0,60.0,0.0,-3.405447387695311,20.59455261230469,Leave_One_experiments/all_year_offline_schedule_search/daily_outputs/FQA/FQA_2007_FQA2007_stress_grid_S0031_daily.csv
FQA,FQA,Fengqiu,2007,Leave_One_experiments\wth_generated_qc\FQA\FQA2007.WTH,normal_year;water_stress_year;nitrogen_stress_year;irrigation_responsive_year,irrigation_responsive,FQA2007_stress_grid_S0031,pareto_balanced,2007-08-01,213,57,52,"{""sim_day"": 57.0, ""doy"": 213.0, ""topwt"": 1793.7629699707031, ""grnwt"": 0.0, ""xlai"": 1.1027250289916992, ""totir"": 0.0, ""tofer"": NaN, ""swfac"": 0.0, ""nstres"": 0.4194145202636719}",0.0,0.4194145202636719,1793.7629699707031,0.0,1.1027250289916992,0.0,,0.0,0.0,60.0,0.0,-3.405447387695311,20.59455261230469,Leave_One_experiments/all_year_offline_schedule_search/daily_outputs/FQA/FQA_2007_FQA2007_stress_grid_S0031_daily.csv
FQA,FQA,Fengqiu,2007,Leave_One_experiments\wth_generated_qc\FQA\FQA2007.WTH,normal_year;water_stress_year;nitrogen_stress_year;irrigation_responsive_year,irrigation_responsive,FQA2007_stress_grid_S0031,pareto_balanced,2007-08-02,214,58,53,"{""sim_day"": 58.0, ""doy"": 214.0, ""topwt"": 1861.6346740722656, ""grnwt"": 0.0, ""xlai"": 1.0813297033309937, ""totir"": 0.0, ""tofer"": NaN, ""swfac"": 0.0, ""nstres"": 0.4271513223648071}",0.0,0.4271513223648071,1861.6346740722656,0.0,1.0813297033309937,0.0,,0.0,0.0,60.0,0.0,-3.405447387695311,20.59455261230469,Leave_One_experiments/all_year_offline_schedule_search/daily_outputs/FQA/FQA_2007_FQA2007_stress_grid_S0031_daily.csv
FQA,FQA,Fengqiu,2007,Leave_One_experiments\wth_generated_qc\FQA\FQA2007.WTH,normal_year;water_stress_year;nitrogen_stress_year;irrigation_responsive_year,irrigation_responsive,FQA2007_stress_grid_S0031,pareto_balanced,2007-08-03,215,59,54,"{""sim_day"": 59.0, ""doy"": 215.0, ""topwt"": 1931.9635009765625, ""grnwt"": 0.0, ""xlai"": 1.0621312856674194, ""totir"": 0.0, ""tofer"": NaN, ""swfac"": 0.0, ""nstres"": 0.4083648920059204}",0.0,0.4083648920059204,1931.9635009765625,0.0,1.0621312856674194,0.0,,0.0,0.0,60.0,0.0,-3.405447387695311,20.59455261230469,Leave_One_experiments/all_year_offline_schedule_search/daily_outputs/FQA/FQA_2007_FQA2007_stress_grid_S0031_daily.csv
FQA,FQA,Fengqiu,2007,Leave_One_experiments\wth_generated_qc\FQA\FQA2007.WTH,normal_year;water_stress_year;nitrogen_stress_year;irrigation_responsive_year,irrigation_responsive,FQA2007_stress_grid_S0031,pareto_balanced,2007-08-04,216,60,55,"{""sim_day"": 60.0, ""doy"": 216.0, ""topwt"": 2010.4719543457031, ""grnwt"": 0.0, ""xlai"": 1.0456089973449707, ""totir"": 0.0, ""tofer"": NaN, ""swfac"": 0.0, ""nstres"": 0.4081268906593323}",0.0,0.4081268906593323,2010.4719543457031,0.0,1.0456089973449707,0.0,,0.0,0.0,60.0,0.0,-3.405447387695311,20.59455261230469,Leave_One_experiments/all_year_offline_schedule_search/daily_outputs/FQA/FQA_2007_FQA2007_stress_grid_S0031_daily.csv
FQA,FQA,Fengqiu,2007,Leave_One_experiments\wth_generated_qc\FQA\FQA2007.WTH,normal_year;water_stress_year;nitrogen_stress_year;irrigation_responsive_year,irrigation_responsive,FQA2007_stress_grid_S0031,pareto_balanced,2007-08-05,217,61,56,"{""sim_day"": 61.0, ""doy"": 217.0, ""topwt"": 2067.892303466797, ""grnwt"": 0.0, ""xlai"": 1.02443528175354, ""totir"": 0.0, ""tofer"": NaN, ""swfac"": 0.0, ""nstres"": 0.4072576761245727}",0.0,0.4072576761245727,2067.892303466797,0.0,1.02443528175354,0.0,,0.0,0.0,60.0,0.0,-3.405447387695311,20.59455261230469,Leave_One_experiments/all_year_offline_schedule_search/daily_outputs/FQA/FQA_2007_FQA2007_stress_grid_S0031_daily.csv
FQA,FQA,Fengqiu,2007,Leave_One_experiments\wth_generated_qc\FQA\FQA2007.WTH,normal_year;water_stress_year;nitrogen_stress_year;irrigation_responsive_year,irrigation_responsive,FQA2007_stress_grid_S0031,pareto_balanced,2007-08-06,218,62,57,"{""sim_day"": 62.0, ""doy"": 218.0, ""topwt"": 2150.9959411621094, ""grnwt"": 0.0, ""xlai"": 1.0103505849838257, ""totir"": 0.0, ""tofer"": NaN, ""swfac"": 0.0, ""nstres"": 0.4068989157676697}",0.0,0.4068989157676697,2150.9959411621094,0.0,1.0103505849838257,0.0,,0.0,0.0,60.0,0.0,-3.405447387695311,20.59455261230469,Leave_One_experiments/all_year_offline_schedule_search/daily_outputs/FQA/FQA_2007_FQA2007_stress_grid_S0031_daily.csv
FQA,FQA,Fengqiu,2007,Leave_One_experiments\wth_generated_qc\FQA\FQA2007.WTH,normal_year;water_stress_year;nitrogen_stress_year;irrigation_responsive_year,irrigation_responsive,FQA2007_stress_grid_S0031,pareto_balanced,2007-08-07,219,63,58,"{""sim_day"": 63.0, ""doy"": 219.0, ""topwt"": 2238.289031982422, ""grnwt"": 0.0, ""xlai"": 0.9979531168937684, ""totir"": 0.0, ""tofer"": NaN, ""swfac"": 0.0, ""nstres"": 0.4024658203125}",0.0,0.4024658203125,2238.289031982422,0.0,0.9979531168937684,0.0,,0.0,0.0,60.0,0.0,-3.405447387695311,20.59455261230469,Leave_One_experiments/all_year_offline_schedule_search/daily_outputs/FQA/FQA_2007_FQA2007_stress_grid_S0031_daily.csv
FQA,FQA,Fengqiu,2007,Leave_One_experiments\wth_generated_qc\FQA\FQA2007.WTH,normal_year;water_stress_year;nitrogen_stress_year;irrigation_responsive_year,irrigation_responsive,FQA2007_stress_grid_S0031,pareto_balanced,2007-08-08,220,64,59,"{""sim_day"": 64.0, ""doy"": 220.0, ""topwt"": 2301.9558715820312, ""grnwt"": 0.0, ""xlai"": 0.980229675769806, ""totir"": 0.0, ""tofer"": NaN, ""swfac"": 0.0, ""nstres"": 0.3994425535202026}",0.0,0.3994425535202026,2301.9558715820312,0.0,0.980229675769806,0.0,,0.0,0.0,60.0,0.0,-3.405447387695311,20.59455261230469,Leave_One_experiments/all_year_offline_schedule_search/daily_outputs/FQA/FQA_2007_FQA2007_stress_grid_S0031_daily.csv
FQA,FQA,Fengqiu,2007,Leave_One_experiments\wth_generated_qc\FQA\FQA2007.WTH,normal_year;water_stress_year;nitrogen_stress_year;irrigation_responsive_year,irrigation_responsive,FQA2007_stress_grid_S0031,pareto_balanced,2007-08-09,221,65,60,"{""sim_day"": 65.0, ""doy"": 221.0, ""topwt"": 2322.4635314941406, ""grnwt"": 0.0, ""xlai"": 0.9525262713432312, ""totir"": 0.0, ""tofer"": NaN, ""swfac"": 0.0, ""nstres"": 0.3960676193237304}",0.0,0.3960676193237304,2322.4635314941406,0.0,0.9525262713432312,0.0,,0.0,0.0,60.0,0.0,-3.405447387695311,20.59455261230469,Leave_One_experiments/all_year_offline_schedule_search/daily_outputs/FQA/FQA_2007_FQA2007_stress_grid_S0031_daily.csv
FQA,FQA,Fengqiu,2007,Leave_One_experiments\wth_generated_qc\FQA\FQA2007.WTH,normal_year;water_stress_year;nitrogen_stress_year;irrigation_responsive_year,irrigation_responsive,FQA2007_stress_grid_S0031,pareto_balanced,2007-08-10,222,66,61,"{""sim_day"": 66.0, ""doy"": 222.0, ""topwt"": 2434.964141845703, ""grnwt"": 0.0, ""xlai"": 0.9213298559188844, ""totir"": 0.0, ""tofer"": NaN, ""swfac"": 0.0, ""nstres"": 0.3860276341438293}",0.0,0.3860276341438293,2434.964141845703,0.0,0.9213298559188844,0.0,,0.0,0.0,60.0,0.0,-3.405447387695311,20.59455261230469,Leave_One_experiments/all_year_offline_schedule_search/daily_outputs/FQA/FQA_2007_FQA2007_stress_grid_S0031_daily.csv
FQA,FQA,Fengqiu,2007,Leave_One_experiments\wth_generated_qc\FQA\FQA2007.WTH,normal_year;water_stress_year;nitrogen_stress_year;irrigation_responsive_year,irrigation_responsive,FQA2007_stress_grid_S0031,pareto_balanced,2007-08-11,223,67,62,"{""sim_day"": 67.0, ""doy"": 223.0, ""topwt"": 2551.059875488281, ""grnwt"": 0.0, ""xlai"": 0.8920109868049622, ""totir"": 0.0, ""tofer"": NaN, ""swfac"": 0.0, ""nstres"": 0.3637374639511108}",0.0,0.3637374639511108,2551.059875488281,0.0,0.8920109868049622,0.0,,0.0,0.0,60.0,0.0,-3.405447387695311,20.59455261230469,Leave_One_experiments/all_year_offline_schedule_search/daily_outputs/FQA/FQA_2007_FQA2007_stress_grid_S0031_daily.csv
FQA,FQA,Fengqiu,2007,Leave_One_experiments\wth_generated_qc\FQA\FQA2007.WTH,normal_year;water_stress_year;nitrogen_stress_year;irrigation_responsive_year,irrigation_responsive,FQA2007_stress_grid_S0031,pareto_balanced,2007-08-12,224,68,63,"{""sim_day"": 68.0, ""doy"": 224.0, ""topwt"": 2663.211975097656, ""grnwt"": 0.0, ""xlai"": 0.8636201024055481, ""totir"": 0.0, ""tofer"": NaN, ""swfac"": 0.0, ""nstres"": 0.3638730049133301}",0.0,0.3638730049133301,2663.211975097656,0.0,0.8636201024055481,0.0,,0.0,0.0,60.0,0.0,-3.405447387695311,20.59455261230469,Leave_One_experiments/all_year_offline_schedule_search/daily_outputs/FQA/FQA_2007_FQA2007_stress_grid_S0031_daily.csv
FQA,FQA,Fengqiu,2007,Leave_One_experiments\wth_generated_qc\FQA\FQA2007.WTH,normal_year;water_stress_year;nitrogen_stress_year;irrigation_responsive_year,irrigation_responsive,FQA2007_stress_grid_S0031,pareto_balanced,2007-08-13,225,69,64,"{""sim_day"": 69.0, ""doy"": 225.0, ""topwt"": 2761.216125488281, ""grnwt"": 0.0, ""xlai"": 0.836288332939148, ""totir"": 0.0, ""tofer"": NaN, ""swfac"": 0.0, ""nstres"": 0.3595502972602844}",0.0,0.3595502972602844,2761.216125488281,0.0,0.836288332939148,0.0,,0.0,0.0,60.0,0.0,-3.405447387695311,20.59455261230469,Leave_One_experiments/all_year_offline_schedule_search/daily_outputs/FQA/FQA_2007_FQA2007_stress_grid_S0031_daily.csv
FQA,FQA,Fengqiu,2007,Leave_One_experiments\wth_generated_qc\FQA\FQA2007.WTH,normal_year;water_stress_year;nitrogen_stress_year;irrigation_responsive_year,irrigation_responsive,FQA2007_stress_grid_S0031,pareto_balanced,2007-08-14,226,70,65,"{""sim_day"": 70.0, ""doy"": 226.0, ""topwt"": 2824.320068359375, ""grnwt"": 0.0, ""xlai"": 0.8099976181983948, ""totir"": 20.0, ""tofer"": NaN, ""swfac"": 0.0, ""nstres"": 0.3544967770576477}",0.0,0.3544967770576477,2824.320068359375,0.0,0.8099976181983948,20.0,,20.0,0.0,60.0,0.0,-3.405447387695311,20.59455261230469,Leave_One_experiments/all_year_offline_schedule_search/daily_outputs/FQA/FQA_2007_FQA2007_stress_grid_S0031_daily.csv
FQA,FQA,Fengqiu,2007,Leave_One_experiments\wth_generated_qc\FQA\FQA2007.WTH,normal_year;water_stress_year;nitrogen_stress_year;irrigation_responsive_year,irrigation_responsive,FQA2007_stress_grid_S0031,pareto_balanced,2007-08-15,227,71,66,"{""sim_day"": 71.0, ""doy"": 227.0, ""topwt"": 2921.753234863281, ""grnwt"": 0.0, ""xlai"": 0.7848507761955261, ""totir"": 20.0, ""tofer"": NaN, ""swfac"": 0.0, ""nstres"": 0.3450952768325805}",0.0,0.3450952768325805,2921.753234863281,0.0,0.7848507761955261,20.0,,0.0,0.0,60.0,0.0,-3.405447387695311,20.59455261230469,Leave_One_experiments/all_year_offline_schedule_search/daily_outputs/FQA/FQA_2007_FQA2007_stress_grid_S0031_daily.csv
FQA,FQA,Fengqiu,2007,Leave_One_experiments\wth_generated_qc\FQA\FQA2007.WTH,normal_year;water_stress_year;nitrogen_stress_year;irrigation_responsive_year,irrigation_responsive,FQA2007_stress_grid_S0031,pareto_balanced,2007-08-16,228,72,67,"{""sim_day"": 72.0, ""doy"": 228.0, ""topwt"": 2946.895446777344, ""grnwt"": 0.0, ""xlai"": 0.7609602212905884, ""totir"": 20.0, ""tofer"": NaN, ""swfac"": 0.0, ""nstres"": 0.3305509090423584}",0.0,0.3305509090423584,2946.895446777344,0.0,0.7609602212905884,20.0,,0.0,0.0,60.0,0.0,-3.405447387695311,20.59455261230469,Leave_One_experiments/all_year_offline_schedule_search/daily_outputs/FQA/FQA_2007_FQA2007_stress_grid_S0031_daily.csv
FQA,FQA,Fengqiu,2007,Leave_One_experiments\wth_generated_qc\FQA\FQA2007.WTH,normal_year;water_stress_year;nitrogen_stress_year;irrigation_responsive_year,irrigation_responsive,FQA2007_stress_grid_S0031,pareto_balanced,2007-08-17,229,73,68,"{""sim_day"": 73.0, ""doy"": 229.0, ""topwt"": 3031.2213134765625, ""grnwt"": 0.0, ""xlai"": 0.7381923794746399, ""totir"": 20.0, ""tofer"": NaN, ""swfac"": 0.0, ""nstres"": 0.3180797696113586}",0.0,0.3180797696113586,3031.2213134765625,0.0,0.7381923794746399,20.0,,0.0,0.0,60.0,0.0,-3.405447387695311,20.59455261230469,Leave_One_experiments/all_year_offline_schedule_search/daily_outputs/FQA/FQA_2007_FQA2007_stress_grid_S0031_daily.csv
FQA,FQA,Fengqiu,2007,Leave_One_experiments\wth_generated_qc\FQA\FQA2007.WTH,normal_year;water_stress_year;nitrogen_stress_year;irrigation_responsive_year,irrigation_responsive,FQA2007_stress_grid_S0031,pareto_balanced,2007-08-18,230,74,69,"{""sim_day"": 74.0, ""doy"": 230.0, ""topwt"": 3138.714599609375, ""grnwt"": 0.0, ""xlai"": 0.7169970273971558, ""totir"": 20.0, ""tofer"": NaN, ""swfac"": 0.0, ""nstres"": 0.289097249507904}",0.0,0.289097249507904,3138.714599609375,0.0,0.7169970273971558,20.0,,0.0,0.0,60.0,0.0,-3.405447387695311,20.59455261230469,Leave_One_experiments/all_year_offline_schedule_search/daily_outputs/FQA/FQA_2007_FQA2007_stress_grid_S0031_daily.csv
FQA,FQA,Fengqiu,2007,Leave_One_experiments\wth_generated_qc\FQA\FQA2007.WTH,normal_year;water_stress_year;nitrogen_stress_year;irrigation_responsive_year,irrigation_responsive,FQA2007_stress_grid_S0031,pareto_balanced,2007-08-19,231,75,70,"{""sim_day"": 75.0, ""doy"": 231.0, ""topwt"": 3249.849853515625, ""grnwt"": 204.98085021972656, ""xlai"": 0.6969447135925293, ""totir"": 20.0, ""tofer"": NaN, ""swfac"": 0.0, ""nstres"": 0.271211564540863}",0.0,0.271211564540863,3249.849853515625,204.98085021972656,0.6969447135925293,20.0,,0.0,0.0,60.0,0.0,-3.405447387695311,20.59455261230469,Leave_One_experiments/all_year_offline_schedule_search/daily_outputs/FQA/FQA_2007_FQA2007_stress_grid_S0031_daily.csv
FQA,FQA,Fengqiu,2007,Leave_One_experiments\wth_generated_qc\FQA\FQA2007.WTH,normal_year;water_stress_year;nitrogen_stress_year;irrigation_responsive_year,irrigation_responsive,FQA2007_stress_grid_S0031,pareto_balanced,2007-08-20,232,76,71,"{""sim_day"": 76.0, ""doy"": 232.0, ""topwt"": 3331.5835571289062, ""grnwt"": 283.58449935913086, ""xlai"": 0.6754965782165527, ""totir"": 20.0, ""tofer"": NaN, ""swfac"": 0.0, ""nstres"": 0.3385887742042541}",0.0,0.3385887742042541,3331.5835571289062,283.58449935913086,0.6754965782165527,20.0,,0.0,0.0,60.0,0.0,-3.405447387695311,20.59455261230469,Leave_One_experiments/all_year_offline_schedule_search/daily_outputs/FQA/FQA_2007_FQA2007_stress_grid_S0031_daily.csv
FQA,FQA,Fengqiu,2007,Leave_One_experiments\wth_generated_qc\FQA\FQA2007.WTH,normal_year;water_stress_year;nitrogen_stress_year;irrigation_responsive_year,irrigation_responsive,FQA2007_stress_grid_S0031,pareto_balanced,2007-08-21,233,77,72,"{""sim_day"": 77.0, ""doy"": 233.0, ""topwt"": 3410.1119995117188, ""grnwt"": 370.7751083374024, ""xlai"": 0.6558457612991333, ""totir"": 20.0, ""tofer"": NaN, ""swfac"": 0.0, ""nstres"": 0.2981810569763183}",0.0,0.2981810569763183,3410.1119995117188,370.7751083374024,0.6558457612991333,20.0,,0.0,0.0,60.0,0.0,-3.405447387695311,20.59455261230469,Leave_One_experiments/all_year_offline_schedule_search/daily_outputs/FQA/FQA_2007_FQA2007_stress_grid_S0031_daily.csv
FQA,FQA,Fengqiu,2007,Leave_One_experiments\wth_generated_qc\FQA\FQA2007.WTH,normal_year;water_stress_year;nitrogen_stress_year;irrigation_responsive_year,irrigation_responsive,FQA2007_stress_grid_S0031,pareto_balanced,2007-08-22,234,78,73,"{""sim_day"": 78.0, ""doy"": 234.0, ""topwt"": 3491.2188720703125, ""grnwt"": 476.4607238769531, ""xlai"": 0.63679039478302, ""totir"": 20.0, ""tofer"": NaN, ""swfac"": 0.0, ""nstres"": 0.2973108291625976}",0.0,0.2973108291625976,3491.2188720703125,476.4607238769531,0.63679039478302,20.0,,0.0,0.0,60.0,0.0,-3.405447387695311,20.59455261230469,Leave_One_experiments/all_year_offline_schedule_search/daily_outputs/FQA/FQA_2007_FQA2007_stress_grid_S0031_daily.csv
FQA,FQA,Fengqiu,2007,Leave_One_experiments\wth_generated_qc\FQA\FQA2007.WTH,normal_year;water_stress_year;nitrogen_stress_year;irrigation_responsive_year,irrigation_responsive,FQA2007_stress_grid_S0031,pareto_balanced,2007-08-23,235,79,74,"{""sim_day"": 79.0, ""doy"": 235.0, ""topwt"": 3576.8701171875, ""grnwt"": 548.4590530395508, ""xlai"": 0.6183159947395325, ""totir"": 20.0, ""tofer"": NaN, ""swfac"": 0.0, ""nstres"": 0.2962813973426819}",0.0,0.2962813973426819,3576.8701171875,548.4590530395508,0.6183159947395325,20.0,,0.0,0.0,60.0,0.0,-3.405447387695311,20.59455261230469,Leave_One_experiments/all_year_offline_schedule_search/daily_outputs/FQA/FQA_2007_FQA2007_stress_grid_S0031_daily.csv
FQA,FQA,Fengqiu,2007,Leave_One_experiments\wth_generated_qc\FQA\FQA2007.WTH,normal_year;water_stress_year;nitrogen_stress_year;irrigation_responsive_year,irrigation_responsive,FQA2007_stress_grid_S0031,pareto_balanced,2007-08-24,236,80,75,"{""sim_day"": 80.0, ""doy"": 236.0, ""topwt"": 3639.544982910156, ""grnwt"": 623.7600708007812, ""xlai"": 0.6008555293083191, ""totir"": 20.0, ""tofer"": NaN, ""swfac"": 0.0, ""nstres"": 0.2777302861213684}",0.0,0.2777302861213684,3639.544982910156,623.7600708007812,0.6008555293083191,20.0,,0.0,0.0,60.0,0.0,-3.405447387695311,20.59455261230469,Leave_One_experiments/all_year_offline_schedule_search/daily_outputs/FQA/FQA_2007_FQA2007_stress_grid_S0031_daily.csv
FQA,FQA,Fengqiu,2007,Leave_One_experiments\wth_generated_qc\FQA\FQA2007.WTH,normal_year;water_stress_year;nitrogen_stress_year;irrigation_responsive_year,irrigation_responsive,FQA2007_stress_grid_S0031,pareto_balanced,2007-08-25,237,81,76,"{""sim_day"": 81.0, ""doy"": 237.0, ""topwt"": 3719.8794555664062, ""grnwt"": 716.2349700927734, ""xlai"": 0.5838999152183533, ""totir"": 20.0, ""tofer"": NaN, ""swfac"": 0.0, ""nstres"": 0.2772597670555115}",0.0,0.2772597670555115,3719.8794555664062,716.2349700927734,0.5838999152183533,20.0,,0.0,0.0,60.0,0.0,-3.405447387695311,20.59455261230469,Leave_One_experiments/all_year_offline_schedule_search/daily_outputs/FQA/FQA_2007_FQA2007_stress_grid_S0031_daily.csv
FQA,FQA,Fengqiu,2007,Leave_One_experiments\wth_generated_qc\FQA\FQA2007.WTH,normal_year;water_stress_year;nitrogen_stress_year;irrigation_responsive_year,irrigation_responsive,FQA2007_stress_grid_S0031,pareto_balanced,2007-08-26,238,82,77,"{""sim_day"": 82.0, ""doy"": 238.0, ""topwt"": 3775.081787109375, ""grnwt"": 821.9205474853516, ""xlai"": 0.5673779249191284, ""totir"": 20.0, ""tofer"": NaN, ""swfac"": 0.0, ""nstres"": 0.2790988087654114}",0.0,0.2790988087654114,3775.081787109375,821.9205474853516,0.5673779249191284,20.0,,0.0,0.0,60.0,0.0,-3.405447387695311,20.59455261230469,Leave_One_experiments/all_year_offline_schedule_search/daily_outputs/FQA/FQA_2007_FQA2007_stress_grid_S0031_daily.csv
FQA,FQA,Fengqiu,2007,Leave_One_experiments\wth_generated_qc\FQA\FQA2007.WTH,normal_year;water_stress_year;nitrogen_stress_year;irrigation_responsive_year,irrigation_responsive,FQA2007_stress_grid_S0031,pareto_balanced,2007-08-27,239,83,78,"{""sim_day"": 83.0, ""doy"": 239.0, ""topwt"": 3864.639892578125, ""grnwt"": 927.6061248779296, ""xlai"": 0.5512028336524963, ""totir"": 20.0, ""tofer"": NaN, ""swfac"": 0.0, ""nstres"": 0.2842035889625549}",0.0,0.2842035889625549,3864.639892578125,927.6061248779296,0.5512028336524963,20.0,,0.0,0.0,60.0,0.0,-3.405447387695311,20.59455261230469,Leave_One_experiments/all_year_offline_schedule_search/daily_outputs/FQA/FQA_2007_FQA2007_stress_grid_S0031_daily.csv
FQA,FQA,Fengqiu,2007,Leave_One_experiments\wth_generated_qc\FQA\FQA2007.WTH,normal_year;water_stress_year;nitrogen_stress_year;irrigation_responsive_year,irrigation_responsive,FQA2007_stress_grid_S0031,pareto_balanced,2007-08-28,240,84,79,"{""sim_day"": 84.0, ""doy"": 240.0, ""topwt"": 3907.353515625, ""grnwt"": 1033.2917022705078, ""xlai"": 0.5356495976448059, ""totir"": 20.0, ""tofer"": NaN, ""swfac"": 0.0, ""nstres"": 0.2772054076194763}",0.0,0.2772054076194763,3907.353515625,1033.2917022705078,0.5356495976448059,20.0,,0.0,0.0,60.0,0.0,-3.405447387695311,20.59455261230469,Leave_One_experiments/all_year_offline_schedule_search/daily_outputs/FQA/FQA_2007_FQA2007_stress_grid_S0031_daily.csv
FQA,FQA,Fengqiu,2007,Leave_One_experiments\wth_generated_qc\FQA\FQA2007.WTH,normal_year;water_stress_year;nitrogen_stress_year;irrigation_responsive_year,irrigation_responsive,FQA2007_stress_grid_S0031,pareto_balanced,2007-08-29,241,85,80,"{""sim_day"": 85.0, ""doy"": 241.0, ""topwt"": 3915.6353759765625, ""grnwt"": 1138.977279663086, ""xlai"": 0.5202390551567078, ""totir"": 20.0, ""tofer"": NaN, ""swfac"": 0.0, ""nstres"": 0.2904772162437439}",0.0,0.2904772162437439,3915.6353759765625,1138.977279663086,0.5202390551567078,20.0,,0.0,0.0,60.0,0.0,-3.405447387695311,20.59455261230469,Leave_One_experiments/all_year_offline_schedule_search/daily_outputs/FQA/FQA_2007_FQA2007_stress_grid_S0031_daily.csv
FQA,FQA,Fengqiu,2007,Leave_One_experiments\wth_generated_qc\FQA\FQA2007.WTH,normal_year;water_stress_year;nitrogen_stress_year;irrigation_responsive_year,irrigation_responsive,FQA2007_stress_grid_S0031,pareto_balanced,2007-08-30,242,86,81,"{""sim_day"": 86.0, ""doy"": 242.0, ""topwt"": 3928.049926757813, ""grnwt"": 1244.662857055664, ""xlai"": 0.5056400299072266, ""totir"": 20.0, ""tofer"": NaN, ""swfac"": 0.0, ""nstres"": 0.2734909653663635}",0.0,0.2734909653663635,3928.049926757813,1244.662857055664,0.5056400299072266,20.0,,0.0,0.0,60.0,0.0,-3.405447387695311,20.59455261230469,Leave_One_experiments/all_year_offline_schedule_search/daily_outputs/FQA/FQA_2007_FQA2007_stress_grid_S0031_daily.csv
FQA,FQA,Fengqiu,2007,Leave_One_experiments\wth_generated_qc\FQA\FQA2007.WTH,normal_year;water_stress_year;nitrogen_stress_year;irrigation_responsive_year,irrigation_responsive,FQA2007_stress_grid_S0031,pareto_balanced,2007-08-31,243,87,82,"{""sim_day"": 87.0, ""doy"": 243.0, ""topwt"": 4014.869079589844, ""grnwt"": 1350.3485107421875, ""xlai"": 0.4918876886367798, ""totir"": 20.0, ""tofer"": NaN, ""swfac"": 0.0, ""nstres"": 0.2527490854263305}",0.0,0.2527490854263305,4014.869079589844,1350.3485107421875,0.4918876886367798,20.0,,0.0,0.0,60.0,0.0,-3.405447387695311,20.59455261230469,Leave_One_experiments/all_year_offline_schedule_search/daily_outputs/FQA/FQA_2007_FQA2007_stress_grid_S0031_daily.csv
FQA,FQA,Fengqiu,2007,Leave_One_experiments\wth_generated_qc\FQA\FQA2007.WTH,normal_year;water_stress_year;nitrogen_stress_year;irrigation_responsive_year,irrigation_responsive,FQA2007_stress_grid_S0031,pareto_balanced,2007-09-01,244,88,83,"{""sim_day"": 88.0, ""doy"": 244.0, ""topwt"": 4116.029968261719, ""grnwt"": 1456.0340881347656, ""xlai"": 0.478872537612915, ""totir"": 20.0, ""tofer"": NaN, ""swfac"": 0.0, ""nstres"": 0.2350292205810547}",0.0,0.2350292205810547,4116.029968261719,1456.0340881347656,0.478872537612915,20.0,,0.0,0.0,60.0,0.0,-3.405447387695311,20.59455261230469,Leave_One_experiments/all_year_offline_schedule_search/daily_outputs/FQA/FQA_2007_FQA2007_stress_grid_S0031_daily.csv
FQA,FQA,Fengqiu,2007,Leave_One_experiments\wth_generated_qc\FQA\FQA2007.WTH,normal_year;water_stress_year;nitrogen_stress_year;irrigation_responsive_year,irrigation_responsive,FQA2007_stress_grid_S0031,pareto_balanced,2007-09-02,245,89,84,"{""sim_day"": 89.0, ""doy"": 245.0, ""topwt"": 4181.263427734375, ""grnwt"": 1561.7196655273438, ""xlai"": 0.4657364189624786, ""totir"": 20.0, ""tofer"": NaN, ""swfac"": 0.0, ""nstres"": 0.2583518624305725}",0.0,0.2583518624305725,4181.263427734375,1561.7196655273438,0.4657364189624786,20.0,,0.0,0.0,60.0,0.0,-3.405447387695311,20.59455261230469,Leave_One_experiments/all_year_offline_schedule_search/daily_outputs/FQA/FQA_2007_FQA2007_stress_grid_S0031_daily.csv
FQA,FQA,Fengqiu,2007,Leave_One_experiments\wth_generated_qc\FQA\FQA2007.WTH,normal_year;water_stress_year;nitrogen_stress_year;irrigation_responsive_year,irrigation_responsive,FQA2007_stress_grid_S0031,pareto_balanced,2007-09-03,246,90,85,"{""sim_day"": 90.0, ""doy"": 246.0, ""topwt"": 4237.389526367188, ""grnwt"": 1667.405242919922, ""xlai"": 0.4523576200008392, ""totir"": 20.0, ""tofer"": NaN, ""swfac"": 0.0, ""nstres"": 0.2894272208213806}",0.0,0.2894272208213806,4237.389526367188,1667.405242919922,0.4523576200008392,20.0,,0.0,0.0,60.0,0.0,-3.405447387695311,20.59455261230469,Leave_One_experiments/all_year_offline_schedule_search/daily_outputs/FQA/FQA_2007_FQA2007_stress_grid_S0031_daily.csv
FQA,FQA,Fengqiu,2007,Leave_One_experiments\wth_generated_qc\FQA\FQA2007.WTH,normal_year;water_stress_year;nitrogen_stress_year;irrigation_responsive_year,irrigation_responsive,FQA2007_stress_grid_S0031,pareto_balanced,2007-09-04,247,91,86,"{""sim_day"": 91.0, ""doy"": 247.0, ""topwt"": 4304.765930175781, ""grnwt"": 1773.0908203125, ""xlai"": 0.4391751885414123, ""totir"": 20.0, ""tofer"": NaN, ""swfac"": 0.0, ""nstres"": 0.2993971705436706}",0.0,0.2993971705436706,4304.765930175781,1773.0908203125,0.4391751885414123,20.0,,0.0,0.0,60.0,0.0,-3.405447387695311,20.59455261230469,Leave_One_experiments/all_year_offline_schedule_search/daily_outputs/FQA/FQA_2007_FQA2007_stress_grid_S0031_daily.csv
FQA,FQA,Fengqiu,2007,Leave_One_experiments\wth_generated_qc\FQA\FQA2007.WTH,normal_year;water_stress_year;nitrogen_stress_year;irrigation_responsive_year,irrigation_responsive,FQA2007_stress_grid_S0031,pareto_balanced,2007-09-05,248,92,87,"{""sim_day"": 92.0, ""doy"": 248.0, ""topwt"": 4382.481384277344, ""grnwt"": 1878.776397705078, ""xlai"": 0.4263328015804291, ""totir"": 20.0, ""tofer"": NaN, ""swfac"": 0.0, ""nstres"": 0.3018087148666382}",0.0,0.3018087148666382,4382.481384277344,1878.776397705078,0.4263328015804291,20.0,,0.0,0.0,60.0,0.0,-3.405447387695311,20.59455261230469,Leave_One_experiments/all_year_offline_schedule_search/daily_outputs/FQA/FQA_2007_FQA2007_stress_grid_S0031_daily.csv
FQA,FQA,Fengqiu,2007,Leave_One_experiments\wth_generated_qc\FQA\FQA2007.WTH,normal_year;water_stress_year;nitrogen_stress_year;irrigation_responsive_year,irrigation_responsive,FQA2007_stress_grid_S0031,pareto_balanced,2007-09-06,249,93,88,"{""sim_day"": 93.0, ""doy"": 249.0, ""topwt"": 4429.010009765625, ""grnwt"": 1984.461975097656, ""xlai"": 0.4137361347675323, ""totir"": 20.0, ""tofer"": NaN, ""swfac"": 0.0, ""nstres"": 0.3091150522232055}",0.0,0.3091150522232055,4429.010009765625,1984.461975097656,0.4137361347675323,20.0,,0.0,0.0,60.0,0.0,-3.405447387695311,20.59455261230469,Leave_One_experiments/all_year_offline_schedule_search/daily_outputs/FQA/FQA_2007_FQA2007_stress_grid_S0031_daily.csv
FQA,FQA,Fengqiu,2007,Leave_One_experiments\wth_generated_qc\FQA\FQA2007.WTH,normal_year;water_stress_year;nitrogen_stress_year;irrigation_responsive_year,irrigation_responsive,FQA2007_stress_grid_S0031,pareto_balanced,2007-09-07,250,94,89,"{""sim_day"": 94.0, ""doy"": 250.0, ""topwt"": 4479.498291015625, ""grnwt"": 2090.1475524902344, ""xlai"": 0.4012880623340606, ""totir"": 20.0, ""tofer"": NaN, ""swfac"": 0.0, ""nstres"": 0.3220871686935425}",0.0,0.3220871686935425,4479.498291015625,2090.1475524902344,0.4012880623340606,20.0,,0.0,0.0,60.0,0.0,-3.405447387695311,20.59455261230469,Leave_One_experiments/all_year_offline_schedule_search/daily_outputs/FQA/FQA_2007_FQA2007_stress_grid_S0031_daily.csv
FQA,FQA,Fengqiu,2007,Leave_One_experiments\wth_generated_qc\FQA\FQA2007.WTH,normal_year;water_stress_year;nitrogen_stress_year;irrigation_responsive_year,irrigation_responsive,FQA2007_stress_grid_S0031,pareto_balanced,2007-09-08,251,95,90,"{""sim_day"": 95.0, ""doy"": 251.0, ""topwt"": 4553.448486328125, ""grnwt"": 2195.8331298828125, ""xlai"": 0.3892188370227813, ""totir"": 20.0, ""tofer"": NaN, ""swfac"": 0.0, ""nstres"": 0.3218280673027038}",0.0,0.3218280673027038,4553.448486328125,2195.8331298828125,0.3892188370227813,20.0,,0.0,0.0,60.0,0.0,-3.405447387695311,20.59455261230469,Leave_One_experiments/all_year_offline_schedule_search/daily_outputs/FQA/FQA_2007_FQA2007_stress_grid_S0031_daily.csv
FQA,FQA,Fengqiu,2007,Leave_One_experiments\wth_generated_qc\FQA\FQA2007.WTH,normal_year;water_stress_year;nitrogen_stress_year;irrigation_responsive_year,irrigation_responsive,FQA2007_stress_grid_S0031,pareto_balanced,2007-09-09,252,96,91,"{""sim_day"": 96.0, ""doy"": 252.0, ""topwt"": 4621.5826416015625, ""grnwt"": 2301.5187072753906, ""xlai"": 0.3775061368942261, ""totir"": 20.0, ""tofer"": NaN, ""swfac"": 0.0, ""nstres"": 0.322226881980896}",0.0,0.322226881980896,4621.5826416015625,2301.5187072753906,0.3775061368942261,20.0,,0.0,0.0,60.0,0.0,-3.405447387695311,20.59455261230469,Leave_One_experiments/all_year_offline_schedule_search/daily_outputs/FQA/FQA_2007_FQA2007_stress_grid_S0031_daily.csv
FQA,FQA,Fengqiu,2007,Leave_One_experiments\wth_generated_qc\FQA\FQA2007.WTH,normal_year;water_stress_year;nitrogen_stress_year;irrigation_responsive_year,irrigation_responsive,FQA2007_stress_grid_S0031,pareto_balanced,2007-09-10,253,97,92,"{""sim_day"": 97.0, ""doy"": 253.0, ""topwt"": 4686.572265625, ""grnwt"": 2407.2042846679688, ""xlai"": 0.3658937513828277, ""totir"": 20.0, ""tofer"": NaN, ""swfac"": 0.0, ""nstres"": 0.3382592797279358}",0.0,0.3382592797279358,4686.572265625,2407.2042846679688,0.3658937513828277,20.0,,0.0,0.0,60.0,0.0,-3.405447387695311,20.59455261230469,Leave_One_experiments/all_year_offline_schedule_search/daily_outputs/FQA/FQA_2007_FQA2007_stress_grid_S0031_daily.csv
FQA,FQA,Fengqiu,2007,Leave_One_experiments\wth_generated_qc\FQA\FQA2007.WTH,normal_year;water_stress_year;nitrogen_stress_year;irrigation_responsive_year,irrigation_responsive,FQA2007_stress_grid_S0031,pareto_balanced,2007-09-11,254,98,93,"{""sim_day"": 98.0, ""doy"": 254.0, ""topwt"": 4710.556640625, ""grnwt"": 2438.553771972656, ""xlai"": 0.3544697165489197, ""totir"": 20.0, ""tofer"": NaN, ""swfac"": 0.0, ""nstres"": 0.3493354320526123}",0.0,0.3493354320526123,4710.556640625,2438.553771972656,0.3544697165489197,20.0,,0.0,0.0,60.0,0.0,-3.405447387695311,20.59455261230469,Leave_One_experiments/all_year_offline_schedule_search/daily_outputs/FQA/FQA_2007_FQA2007_stress_grid_S0031_daily.csv
FQA,FQA,Fengqiu,2007,Leave_One_experiments\wth_generated_qc\FQA\FQA2007.WTH,normal_year;water_stress_year;nitrogen_stress_year;irrigation_responsive_year,irrigation_responsive,FQA2007_stress_grid_S0031,pareto_balanced,2007-09-12,255,99,94,"{""sim_day"": 99.0, ""doy"": 255.0, ""topwt"": 4725.7720947265625, ""grnwt"": 2453.7692260742188, ""xlai"": 0.3443042933940887, ""totir"": 20.0, ""tofer"": NaN, ""swfac"": 0.0, ""nstres"": 0.2882704138755798}",0.0,0.2882704138755798,4725.7720947265625,2453.7692260742188,0.3443042933940887,20.0,,0.0,0.0,60.0,0.0,-3.405447387695311,20.59455261230469,Leave_One_experiments/all_year_offline_schedule_search/daily_outputs/FQA/FQA_2007_FQA2007_stress_grid_S0031_daily.csv
FQA,FQA,Fengqiu,2007,Leave_One_experiments\wth_generated_qc\FQA\FQA2007.WTH,normal_year;water_stress_year;nitrogen_stress_year;irrigation_responsive_year,irrigation_responsive,FQA2007_stress_grid_S0031,pareto_balanced,2007-09-13,256,100,95,"{""sim_day"": 100.0, ""doy"": 256.0, ""topwt"": 4783.242492675781, ""grnwt"": 2511.239624023437, ""xlai"": 0.3352255821228027, ""totir"": 60.0, ""tofer"": NaN, ""swfac"": 0.0, ""nstres"": 0.2328382134437561}",0.0,0.2328382134437561,4783.242492675781,2511.239624023437,0.3352255821228027,60.0,,40.0,0.0,60.0,0.0,-3.405447387695311,20.59455261230469,Leave_One_experiments/all_year_offline_schedule_search/daily_outputs/FQA/FQA_2007_FQA2007_stress_grid_S0031_daily.csv
FQA,FQA,Fengqiu,2007,Leave_One_experiments\wth_generated_qc\FQA\FQA2007.WTH,normal_year;water_stress_year;nitrogen_stress_year;irrigation_responsive_year,irrigation_responsive,FQA2007_stress_grid_S0031,pareto_balanced,2007-09-14,257,101,96,"{""sim_day"": 101.0, ""doy"": 257.0, ""topwt"": 4838.658752441406, ""grnwt"": 2566.6558837890625, ""xlai"": 0.3265738189220428, ""totir"": 60.0, ""tofer"": NaN, ""swfac"": 0.0, ""nstres"": 0.219407320022583}",0.0,0.219407320022583,4838.658752441406,2566.6558837890625,0.3265738189220428,60.0,,0.0,0.0,60.0,0.0,-3.405447387695311,20.59455261230469,Leave_One_experiments/all_year_offline_schedule_search/daily_outputs/FQA/FQA_2007_FQA2007_stress_grid_S0031_daily.csv
FQA,FQA,Fengqiu,2007,Leave_One_experiments\wth_generated_qc\FQA\FQA2007.WTH,normal_year;water_stress_year;nitrogen_stress_year;irrigation_responsive_year,irrigation_responsive,FQA2007_stress_grid_S0031,pareto_balanced,2007-09-15,258,102,97,"{""sim_day"": 102.0, ""doy"": 258.0, ""topwt"": 4900.438232421875, ""grnwt"": 2628.4353637695312, ""xlai"": 0.3182108402252197, ""totir"": 60.0, ""tofer"": NaN, ""swfac"": 0.0, ""nstres"": 0.2145944237709045}",0.0,0.2145944237709045,4900.438232421875,2628.4353637695312,0.3182108402252197,60.0,,0.0,0.0,60.0,0.0,-3.405447387695311,20.59455261230469,Leave_One_experiments/all_year_offline_schedule_search/daily_outputs/FQA/FQA_2007_FQA2007_stress_grid_S0031_daily.csv
FQA,FQA,Fengqiu,2007,Leave_One_experiments\wth_generated_qc\FQA\FQA2007.WTH,normal_year;water_stress_year;nitrogen_stress_year;irrigation_responsive_year,irrigation_responsive,FQA2007_stress_grid_S0031,pareto_balanced,2007-09-16,259,103,98,"{""sim_day"": 103.0, ""doy"": 259.0, ""topwt"": 4931.4581298828125, ""grnwt"": 2659.4552612304688, ""xlai"": 0.3099101483821869, ""totir"": 60.0, ""tofer"": NaN, ""swfac"": 0.0, ""nstres"": 0.2260489463806152}",0.0,0.2260489463806152,4931.4581298828125,2659.4552612304688,0.3099101483821869,60.0,,0.0,0.0,60.0,0.0,-3.405447387695311,20.59455261230469,Leave_One_experiments/all_year_offline_schedule_search/daily_outputs/FQA/FQA_2007_FQA2007_stress_grid_S0031_daily.csv
FQA,FQA,Fengqiu,2007,Leave_One_experiments\wth_generated_qc\FQA\FQA2007.WTH,normal_year;water_stress_year;nitrogen_stress_year;irrigation_responsive_year,irrigation_responsive,FQA2007_stress_grid_S0031,pareto_balanced,2007-09-17,260,104,99,"{""sim_day"": 104.0, ""doy"": 260.0, ""topwt"": 4931.4581298828125, ""grnwt"": 2659.4552612304688, ""xlai"": 0.3099101483821869, ""totir"": 60.0, ""tofer"": NaN, ""swfac"": 0.0, ""nstres"": 0.1992775201797485}",0.0,0.1992775201797485,4931.4581298828125,2659.4552612304688,0.3099101483821869,60.0,,0.0,0.0,60.0,0.0,-3.405447387695311,20.59455261230469,Leave_One_experiments/all_year_offline_schedule_search/daily_outputs/FQA/FQA_2007_FQA2007_stress_grid_S0031_daily.csv
FQA,FQA,Fengqiu,2007,Leave_One_experiments\wth_generated_qc\FQA\FQA2007.WTH,normal_year;water_stress_year;nitrogen_stress_year;irrigation_responsive_year,irrigation_responsive,FQA2007_stress_grid_S0031,pareto_balanced,2007-09-18,261,105,100,"{""sim_day"": 105.0, ""doy"": 261.0, ""topwt"": 4931.4581298828125, ""grnwt"": 2659.4552612304688, ""xlai"": 0.3099101483821869, ""totir"": 60.0, ""tofer"": NaN, ""swfac"": 0.0, ""nstres"": 0.1992775201797485}",0.0,0.1992775201797485,4931.4581298828125,2659.4552612304688,0.3099101483821869,60.0,,0.0,0.0,60.0,0.0,-3.405447387695311,20.59455261230469,Leave_One_experiments/all_year_offline_schedule_search/daily_outputs/FQA/FQA_2007_FQA2007_stress_grid_S0031_daily.csv
FQA,FQA,Fengqiu,2007,Leave_One_experiments\wth_generated_qc\FQA\FQA2007.WTH,normal_year;water_stress_year;nitrogen_stress_year;irrigation_responsive_year,irrigation_responsive,FQA2007_stress_grid_S0031,pareto_balanced,2007-09-19,262,106,101,"{""sim_day"": 106.0, ""doy"": 262.0, ""topwt"": 4931.4581298828125, ""grnwt"": 2659.4552612304688, ""xlai"": 0.3099101483821869, ""totir"": 60.0, ""tofer"": NaN, ""swfac"": 0.0, ""nstres"": 0.1992775201797485}",0.0,0.1992775201797485,4931.4581298828125,2659.4552612304688,0.3099101483821869,60.0,,0.0,0.0,60.0,0.0,-3.405447387695311,20.59455261230469,Leave_One_experiments/all_year_offline_schedule_search/daily_outputs/FQA/FQA_2007_FQA2007_stress_grid_S0031_daily.csv
FQA,FQA,Fengqiu,2007,Leave_One_experiments\wth_generated_qc\FQA\FQA2007.WTH,normal_year;water_stress_year;nitrogen_stress_year;irrigation_responsive_year,irrigation_responsive,FQA2007_stress_grid_S0032,pareto_balanced,2007-06-11,162,1,1,"{""sim_day"": 1.0, ""doy"": 162.0, ""topwt"": 0.0, ""grnwt"": 0.0, ""xlai"": 0.0, ""totir"": 0.0, ""tofer"": NaN, ""swfac"": 0.0, ""nstres"": 0.0}",0.0,0.0,0.0,0.0,0.0,0.0,,0.0,0.0,60.0,0.0,-3.405447387695311,20.59455261230469,Leave_One_experiments/all_year_offline_schedule_search/daily_outputs/FQA/FQA_2007_FQA2007_stress_grid_S0032_daily.csv
FQA,FQA,Fengqiu,2007,Leave_One_experiments\wth_generated_qc\FQA\FQA2007.WTH,normal_year;water_stress_year;nitrogen_stress_year;irrigation_responsive_year,irrigation_responsive,FQA2007_stress_grid_S0032,pareto_balanced,2007-06-12,163,2,2,"{""sim_day"": 2.0, ""doy"": 163.0, ""topwt"": 0.0, ""grnwt"": 0.0, ""xlai"": 0.0, ""totir"": 0.0, ""tofer"": NaN, ""swfac"": 0.0, ""nstres"": 0.0}",0.0,0.0,0.0,0.0,0.0,0.0,,0.0,0.0,60.0,0.0,-3.405447387695311,20.59455261230469,Leave_One_experiments/all_year_offline_schedule_search/daily_outputs/FQA/FQA_2007_FQA2007_stress_grid_S0032_daily.csv
FQA,FQA,Fengqiu,2007,Leave_One_experiments\wth_generated_qc\FQA\FQA2007.WTH,normal_year;water_stress_year;nitrogen_stress_year;irrigation_responsive_year,irrigation_responsive,FQA2007_stress_grid_S0032,pareto_balanced,2007-06-13,164,3,3,"{""sim_day"": 3.0, ""doy"": 164.0, ""topwt"": 0.0, ""grnwt"": 0.0, ""xlai"": 0.0, ""totir"": 0.0, ""tofer"": NaN, ""swfac"": 0.0, ""nstres"": 0.0}",0.0,0.0,0.0,0.0,0.0,0.0,,0.0,0.0,60.0,0.0,-3.405447387695311,20.59455261230469,Leave_One_experiments/all_year_offline_schedule_search/daily_outputs/FQA/FQA_2007_FQA2007_stress_grid_S0032_daily.csv
FQA,FQA,Fengqiu,2007,Leave_One_experiments\wth_generated_qc\FQA\FQA2007.WTH,normal_year;water_stress_year;nitrogen_stress_year;irrigation_responsive_year,irrigation_responsive,FQA2007_stress_grid_S0032,pareto_balanced,2007-06-14,165,4,4,"{""sim_day"": 4.0, ""doy"": 165.0, ""topwt"": 0.0, ""grnwt"": 0.0, ""xlai"": 0.0, ""totir"": 0.0, ""tofer"": NaN, ""swfac"": 0.0, ""nstres"": 0.0}",0.0,0.0,0.0,0.0,0.0,0.0,,0.0,0.0,60.0,0.0,-3.405447387695311,20.59455261230469,Leave_One_experiments/all_year_offline_schedule_search/daily_outputs/FQA/FQA_2007_FQA2007_stress_grid_S0032_daily.csv
FQA,FQA,Fengqiu,2007,Leave_One_experiments\wth_generated_qc\FQA\FQA2007.WTH,normal_year;water_stress_year;nitrogen_stress_year;irrigation_responsive_year,irrigation_responsive,FQA2007_stress_grid_S0032,pareto_balanced,2007-06-15,166,5,5,"{""sim_day"": 5.0, ""doy"": 166.0, ""topwt"": 0.0, ""grnwt"": 0.0, ""xlai"": 0.0, ""totir"": 0.0, ""tofer"": NaN, ""swfac"": 0.0, ""nstres"": 0.0}",0.0,0.0,0.0,0.0,0.0,0.0,,0.0,0.0,60.0,0.0,-3.405447387695311,20.59455261230469,Leave_One_experiments/all_year_offline_schedule_search/daily_outputs/FQA/FQA_2007_FQA2007_stress_grid_S0032_daily.csv
FQA,FQA,Fengqiu,2007,Leave_One_experiments\wth_generated_qc\FQA\FQA2007.WTH,normal_year;water_stress_year;nitrogen_stress_year;irrigation_responsive_year,irrigation_responsive,FQA2007_stress_grid_S0032,pareto_balanced,2007-06-11,162,6,1,"{""sim_day"": 6.0, ""doy"": 162.0, ""topwt"": 0.0, ""grnwt"": 0.0, ""xlai"": 0.0, ""totir"": 0.0, ""tofer"": NaN, ""swfac"": 0.0, ""nstres"": 0.0}",0.0,0.0,0.0,0.0,0.0,0.0,,0.0,0.0,60.0,0.0,-3.405447387695311,20.59455261230469,Leave_One_experiments/all_year_offline_schedule_search/daily_outputs/FQA/FQA_2007_FQA2007_stress_grid_S0032_daily.csv
FQA,FQA,Fengqiu,2007,Leave_One_experiments\wth_generated_qc\FQA\FQA2007.WTH,normal_year;water_stress_year;nitrogen_stress_year;irrigation_responsive_year,irrigation_responsive,FQA2007_stress_grid_S0032,pareto_balanced,2007-06-12,163,7,2,"{""sim_day"": 7.0, ""doy"": 163.0, ""topwt"": 0.0, ""grnwt"": 0.0, ""xlai"": 0.0, ""totir"": 0.0, ""tofer"": NaN, ""swfac"": 0.0, ""nstres"": 0.0}",0.0,0.0,0.0,0.0,0.0,0.0,,0.0,0.0,60.0,0.0,-3.405447387695311,20.59455261230469,Leave_One_experiments/all_year_offline_schedule_search/daily_outputs/FQA/FQA_2007_FQA2007_stress_grid_S0032_daily.csv
FQA,FQA,Fengqiu,2007,Leave_One_experiments\wth_generated_qc\FQA\FQA2007.WTH,normal_year;water_stress_year;nitrogen_stress_year;irrigation_responsive_year,irrigation_responsive,FQA2007_stress_grid_S0032,pareto_balanced,2007-06-13,164,8,3,"{""sim_day"": 8.0, ""doy"": 164.0, ""topwt"": 0.0, ""grnwt"": 0.0, ""xlai"": 0.0, ""totir"": 0.0, ""tofer"": NaN, ""swfac"": 0.0, ""nstres"": 0.0}",0.0,0.0,0.0,0.0,0.0,0.0,,0.0,0.0,60.0,0.0,-3.405447387695311,20.59455261230469,Leave_One_experiments/all_year_offline_schedule_search/daily_outputs/FQA/FQA_2007_FQA2007_stress_grid_S0032_daily.csv
FQA,FQA,Fengqiu,2007,Leave_One_experiments\wth_generated_qc\FQA\FQA2007.WTH,normal_year;water_stress_year;nitrogen_stress_year;irrigation_responsive_year,irrigation_responsive,FQA2007_stress_grid_S0032,pareto_balanced,2007-06-14,165,9,4,"{""sim_day"": 9.0, ""doy"": 165.0, ""topwt"": 0.0, ""grnwt"": 0.0, ""xlai"": 0.0, ""totir"": 0.0, ""tofer"": NaN, ""swfac"": 0.0, ""nstres"": 0.0}",0.0,0.0,0.0,0.0,0.0,0.0,,0.0,0.0,60.0,0.0,-3.405447387695311,20.59455261230469,Leave_One_experiments/all_year_offline_schedule_search/daily_outputs/FQA/FQA_2007_FQA2007_stress_grid_S0032_daily.csv
FQA,FQA,Fengqiu,2007,Leave_One_experiments\wth_generated_qc\FQA\FQA2007.WTH,normal_year;water_stress_year;nitrogen_stress_year;irrigation_responsive_year,irrigation_responsive,FQA2007_stress_grid_S0032,pareto_balanced,2007-06-15,166,10,5,"{""sim_day"": 10.0, ""doy"": 166.0, ""topwt"": 32.00000047683716, ""grnwt"": 0.0, ""xlai"": 0.0031338033732026, ""totir"": 0.0, ""tofer"": NaN, ""swfac"": 0.0, ""nstres"": 0.0121910572052001}",0.0,0.0121910572052001,32.00000047683716,0.0,0.0031338033732026,0.0,,0.0,0.0,60.0,0.0,-3.405447387695311,20.59455261230469,Leave_One_experiments/all_year_offline_schedule_search/daily_outputs/FQA/FQA_2007_FQA2007_stress_grid_S0032_daily.csv
FQA,FQA,Fengqiu,2007,Leave_One_experiments\wth_generated_qc\FQA\FQA2007.WTH,normal_year;water_stress_year;nitrogen_stress_year;irrigation_responsive_year,irrigation_responsive,FQA2007_stress_grid_S0032,pareto_balanced,2007-06-16,167,11,6,"{""sim_day"": 11.0, ""doy"": 167.0, ""topwt"": 32.00000047683716, ""grnwt"": 0.0, ""xlai"": 0.0057468404993414, ""totir"": 0.0, ""tofer"": NaN, ""swfac"": 0.0, ""nstres"": 0.0068503618240356}",0.0,0.0068503618240356,32.00000047683716,0.0,0.0057468404993414,0.0,,0.0,0.0,60.0,0.0,-3.405447387695311,20.59455261230469,Leave_One_experiments/all_year_offline_schedule_search/daily_outputs/FQA/FQA_2007_FQA2007_stress_grid_S0032_daily.csv
FQA,FQA,Fengqiu,2007,Leave_One_experiments\wth_generated_qc\FQA\FQA2007.WTH,normal_year;water_stress_year;nitrogen_stress_year;irrigation_responsive_year,irrigation_responsive,FQA2007_stress_grid_S0032,pareto_balanced,2007-06-17,168,12,7,"{""sim_day"": 12.0, ""doy"": 168.0, ""topwt"": 32.00000047683716, ""grnwt"": 0.0, ""xlai"": 0.0085093667730689, ""totir"": 0.0, ""tofer"": NaN, ""swfac"": 0.0, ""nstres"": 0.0}",0.0,0.0,32.00000047683716,0.0,0.0085093667730689,0.0,,0.0,0.0,60.0,0.0,-3.405447387695311,20.59455261230469,Leave_One_experiments/all_year_offline_schedule_search/daily_outputs/FQA/FQA_2007_FQA2007_stress_grid_S0032_daily.csv
FQA,FQA,Fengqiu,2007,Leave_One_experiments\wth_generated_qc\FQA\FQA2007.WTH,normal_year;water_stress_year;nitrogen_stress_year;irrigation_responsive_year,irrigation_responsive,FQA2007_stress_grid_S0032,pareto_balanced,2007-06-18,169,13,8,"{""sim_day"": 13.0, ""doy"": 169.0, ""topwt"": 32.00000047683716, ""grnwt"": 0.0, ""xlai"": 0.0106130335479974, ""totir"": 0.0, ""tofer"": NaN, ""swfac"": 0.0, ""nstres"": 0.0}",0.0,0.0,32.00000047683716,0.0,0.0106130335479974,0.0,,0.0,0.0,60.0,0.0,-3.405447387695311,20.59455261230469,Leave_One_experiments/all_year_offline_schedule_search/daily_outputs/FQA/FQA_2007_FQA2007_stress_grid_S0032_daily.csv
FQA,FQA,Fengqiu,2007,Leave_One_experiments\wth_generated_qc\FQA\FQA2007.WTH,normal_year;water_stress_year;nitrogen_stress_year;irrigation_responsive_year,irrigation_responsive,FQA2007_stress_grid_S0032,pareto_balanced,2007-06-19,170,14,9,"{""sim_day"": 14.0, ""doy"": 170.0, ""topwt"": 32.00000047683716, ""grnwt"": 0.0, ""xlai"": 0.0127478763461112, ""totir"": 0.0, ""tofer"": NaN, ""swfac"": 0.0, ""nstres"": 0.0}",0.0,0.0,32.00000047683716,0.0,0.0127478763461112,0.0,,0.0,0.0,60.0,0.0,-3.405447387695311,20.59455261230469,Leave_One_experiments/all_year_offline_schedule_search/daily_outputs/FQA/FQA_2007_FQA2007_stress_grid_S0032_daily.csv
FQA,FQA,Fengqiu,2007,Leave_One_experiments\wth_generated_qc\FQA\FQA2007.WTH,normal_year;water_stress_year;nitrogen_stress_year;irrigation_responsive_year,irrigation_responsive,FQA2007_stress_grid_S0032,pareto_balanced,2007-06-20,171,15,10,"{""sim_day"": 15.0, ""doy"": 171.0, ""topwt"": 32.00000047683716, ""grnwt"": 0.0, ""xlai"": 0.0152436653152108, ""totir"": 0.0, ""tofer"": NaN, ""swfac"": 0.0, ""nstres"": 0.0}",0.0,0.0,32.00000047683716,0.0,0.0152436653152108,0.0,,0.0,0.0,60.0,0.0,-3.405447387695311,20.59455261230469,Leave_One_experiments/all_year_offline_schedule_search/daily_outputs/FQA/FQA_2007_FQA2007_stress_grid_S0032_daily.csv
FQA,FQA,Fengqiu,2007,Leave_One_experiments\wth_generated_qc\FQA\FQA2007.WTH,normal_year;water_stress_year;nitrogen_stress_year;irrigation_responsive_year,irrigation_responsive,FQA2007_stress_grid_S0032,pareto_balanced,2007-06-21,172,16,11,"{""sim_day"": 16.0, ""doy"": 172.0, ""topwt"": 32.00000047683716, ""grnwt"": 0.0, ""xlai"": 0.0179740693420171, ""totir"": 0.0, ""tofer"": NaN, ""swfac"": 0.0, ""nstres"": 0.0}",0.0,0.0,32.00000047683716,0.0,0.0179740693420171,0.0,,0.0,0.0,60.0,0.0,-3.405447387695311,20.59455261230469,Leave_One_experiments/all_year_offline_schedule_search/daily_outputs/FQA/FQA_2007_FQA2007_stress_grid_S0032_daily.csv
FQA,FQA,Fengqiu,2007,Leave_One_experiments\wth_generated_qc\FQA\FQA2007.WTH,normal_year;water_stress_year;nitrogen_stress_year;irrigation_responsive_year,irrigation_responsive,FQA2007_stress_grid_S0032,pareto_balanced,2007-06-22,173,17,12,"{""sim_day"": 17.0, ""doy"": 173.0, ""topwt"": 32.00000047683716, ""grnwt"": 0.0, ""xlai"": 0.0217721499502658, ""totir"": 0.0, ""tofer"": NaN, ""swfac"": 0.0, ""nstres"": 0.0}",0.0,0.0,32.00000047683716,0.0,0.0217721499502658,0.0,,0.0,0.0,60.0,0.0,-3.405447387695311,20.59455261230469,Leave_One_experiments/all_year_offline_schedule_search/daily_outputs/FQA/FQA_2007_FQA2007_stress_grid_S0032_daily.csv
FQA,FQA,Fengqiu,2007,Leave_One_experiments\wth_generated_qc\FQA\FQA2007.WTH,normal_year;water_stress_year;nitrogen_stress_year;irrigation_responsive_year,irrigation_responsive,FQA2007_stress_grid_S0032,pareto_balanced,2007-06-23,174,18,13,"{""sim_day"": 18.0, ""doy"": 174.0, ""topwt"": 25.125632286071777, ""grnwt"": 0.0, ""xlai"": 0.0373829677700996, ""totir"": 0.0, ""tofer"": NaN, ""swfac"": 0.0, ""nstres"": 0.0}",0.0,0.0,25.125632286071777,0.0,0.0373829677700996,0.0,,0.0,0.0,60.0,0.0,-3.405447387695311,20.59455261230469,Leave_One_experiments/all_year_offline_schedule_search/daily_outputs/FQA/FQA_2007_FQA2007_stress_grid_S0032_daily.csv
FQA,FQA,Fengqiu,2007,Leave_One_experiments\wth_generated_qc\FQA\FQA2007.WTH,normal_year;water_stress_year;nitrogen_stress_year;irrigation_responsive_year,irrigation_responsive,FQA2007_stress_grid_S0032,pareto_balanced,2007-06-24,175,19,14,"{""sim_day"": 19.0, ""doy"": 175.0, ""topwt"": 31.240439414978027, ""grnwt"": 0.0, ""xlai"": 0.0562403351068496, ""totir"": 0.0, ""tofer"": NaN, ""swfac"": 0.0, ""nstres"": 0.0}",0.0,0.0,31.240439414978027,0.0,0.0562403351068496,0.0,,0.0,0.0,60.0,0.0,-3.405447387695311,20.59455261230469,Leave_One_experiments/all_year_offline_schedule_search/daily_outputs/FQA/FQA_2007_FQA2007_stress_grid_S0032_daily.csv
FQA,FQA,Fengqiu,2007,Leave_One_experiments\wth_generated_qc\FQA\FQA2007.WTH,normal_year;water_stress_year;nitrogen_stress_year;irrigation_responsive_year,irrigation_responsive,FQA2007_stress_grid_S0032,pareto_balanced,2007-06-25,176,20,15,"{""sim_day"": 20.0, ""doy"": 176.0, ""topwt"": 38.52898120880127, ""grnwt"": 0.0, ""xlai"": 0.0767474547028541, ""totir"": 0.0, ""tofer"": NaN, ""swfac"": 0.0, ""nstres"": 0.0}",0.0,0.0,38.52898120880127,0.0,0.0767474547028541,0.0,,0.0,0.0,60.0,0.0,-3.405447387695311,20.59455261230469,Leave_One_experiments/all_year_offline_schedule_search/daily_outputs/FQA/FQA_2007_FQA2007_stress_grid_S0032_daily.csv
FQA,FQA,Fengqiu,2007,Leave_One_experiments\wth_generated_qc\FQA\FQA2007.WTH,normal_year;water_stress_year;nitrogen_stress_year;irrigation_responsive_year,irrigation_responsive,FQA2007_stress_grid_S0032,pareto_balanced,2007-06-26,177,21,16,"{""sim_day"": 21.0, ""doy"": 177.0, ""topwt"": 45.93924045562744, ""grnwt"": 0.0, ""xlai"": 0.0962023437023162, ""totir"": 0.0, ""tofer"": NaN, ""swfac"": 0.0, ""nstres"": 0.0}",0.0,0.0,45.93924045562744,0.0,0.0962023437023162,0.0,,0.0,0.0,60.0,0.0,-3.405447387695311,20.59455261230469,Leave_One_experiments/all_year_offline_schedule_search/daily_outputs/FQA/FQA_2007_FQA2007_stress_grid_S0032_daily.csv
FQA,FQA,Fengqiu,2007,Leave_One_experiments\wth_generated_qc\FQA\FQA2007.WTH,normal_year;water_stress_year;nitrogen_stress_year;irrigation_responsive_year,irrigation_responsive,FQA2007_stress_grid_S0032,pareto_balanced,2007-06-27,178,22,17,"{""sim_day"": 22.0, ""doy"": 178.0, ""topwt"": 55.15679359436035, ""grnwt"": 0.0, ""xlai"": 0.1190433204174041, ""totir"": 0.0, ""tofer"": NaN, ""swfac"": 0.0, ""nstres"": 0.0}",0.0,0.0,55.15679359436035,0.0,0.1190433204174041,0.0,,0.0,0.0,60.0,0.0,-3.405447387695311,20.59455261230469,Leave_One_experiments/all_year_offline_schedule_search/daily_outputs/FQA/FQA_2007_FQA2007_stress_grid_S0032_daily.csv
FQA,FQA,Fengqiu,2007,Leave_One_experiments\wth_generated_qc\FQA\FQA2007.WTH,normal_year;water_stress_year;nitrogen_stress_year;irrigation_responsive_year,irrigation_responsive,FQA2007_stress_grid_S0032,pareto_balanced,2007-06-28,179,23,18,"{""sim_day"": 23.0, ""doy"": 179.0, ""topwt"": 65.66776752471924, ""grnwt"": 0.0, ""xlai"": 0.1437227576971054, ""totir"": 0.0, ""tofer"": NaN, ""swfac"": 0.0, ""nstres"": 0.0}",0.0,0.0,65.66776752471924,0.0,0.1437227576971054,0.0,,0.0,0.0,60.0,0.0,-3.405447387695311,20.59455261230469,Leave_One_experiments/all_year_offline_schedule_search/daily_outputs/FQA/FQA_2007_FQA2007_stress_grid_S0032_daily.csv
FQA,FQA,Fengqiu,2007,Leave_One_experiments\wth_generated_qc\FQA\FQA2007.WTH,normal_year;water_stress_year;nitrogen_stress_year;irrigation_responsive_year,irrigation_responsive,FQA2007_stress_grid_S0032,pareto_balanced,2007-06-29,180,24,19,"{""sim_day"": 24.0, ""doy"": 180.0, ""topwt"": 76.23202800750732, ""grnwt"": 0.0, ""xlai"": 0.1674369871616363, ""totir"": 0.0, ""tofer"": NaN, ""swfac"": 0.0, ""nstres"": 0.0}",0.0,0.0,76.23202800750732,0.0,0.1674369871616363,0.0,,0.0,0.0,60.0,0.0,-3.405447387695311,20.59455261230469,Leave_One_experiments/all_year_offline_schedule_search/daily_outputs/FQA/FQA_2007_FQA2007_stress_grid_S0032_daily.csv
FQA,FQA,Fengqiu,2007,Leave_One_experiments\wth_generated_qc\FQA\FQA2007.WTH,normal_year;water_stress_year;nitrogen_stress_year;irrigation_responsive_year,irrigation_responsive,FQA2007_stress_grid_S0032,pareto_balanced,2007-06-30,181,25,20,"{""sim_day"": 25.0, ""doy"": 181.0, ""topwt"": 89.16464805603027, ""grnwt"": 0.0, ""xlai"": 0.1952953189611435, ""totir"": 0.0, ""tofer"": NaN, ""swfac"": 0.0, ""nstres"": 0.0}",0.0,0.0,89.16464805603027,0.0,0.1952953189611435,0.0,,0.0,0.0,60.0,0.0,-3.405447387695311,20.59455261230469,Leave_One_experiments/all_year_offline_schedule_search/daily_outputs/FQA/FQA_2007_FQA2007_stress_grid_S0032_daily.csv
FQA,FQA,Fengqiu,2007,Leave_One_experiments\wth_generated_qc\FQA\FQA2007.WTH,normal_year;water_stress_year;nitrogen_stress_year;irrigation_responsive_year,irrigation_responsive,FQA2007_stress_grid_S0032,pareto_balanced,2007-07-01,182,26,21,"{""sim_day"": 26.0, ""doy"": 182.0, ""topwt"": 103.72443199157716, ""grnwt"": 0.0, ""xlai"": 0.2254241853952407, ""totir"": 0.0, ""tofer"": NaN, ""swfac"": 0.0, ""nstres"": 0.0}",0.0,0.0,103.72443199157716,0.0,0.2254241853952407,0.0,,0.0,0.0,60.0,0.0,-3.405447387695311,20.59455261230469,Leave_One_experiments/all_year_offline_schedule_search/daily_outputs/FQA/FQA_2007_FQA2007_stress_grid_S0032_daily.csv
FQA,FQA,Fengqiu,2007,Leave_One_experiments\wth_generated_qc\FQA\FQA2007.WTH,normal_year;water_stress_year;nitrogen_stress_year;irrigation_responsive_year,irrigation_responsive,FQA2007_stress_grid_S0032,pareto_balanced,2007-07-02,183,27,22,"{""sim_day"": 27.0, ""doy"": 183.0, ""topwt"": 120.54812431335448, ""grnwt"": 0.0, ""xlai"": 0.2576916217803955, ""totir"": 0.0, ""tofer"": NaN, ""swfac"": 0.0, ""nstres"": 0.0}",0.0,0.0,120.54812431335448,0.0,0.2576916217803955,0.0,,0.0,0.0,60.0,0.0,-3.405447387695311,20.59455261230469,Leave_One_experiments/all_year_offline_schedule_search/daily_outputs/FQA/FQA_2007_FQA2007_stress_grid_S0032_daily.csv
FQA,FQA,Fengqiu,2007,Leave_One_experiments\wth_generated_qc\FQA\FQA2007.WTH,normal_year;water_stress_year;nitrogen_stress_year;irrigation_responsive_year,irrigation_responsive,FQA2007_stress_grid_S0032,pareto_balanced,2007-07-03,184,28,23,"{""sim_day"": 28.0, ""doy"": 184.0, ""topwt"": 137.45789527893066, ""grnwt"": 0.0, ""xlai"": 0.2912526726722717, ""totir"": 0.0, ""tofer"": NaN, ""swfac"": 0.0, ""nstres"": 0.0}",0.0,0.0,137.45789527893066,0.0,0.2912526726722717,0.0,,0.0,0.0,60.0,0.0,-3.405447387695311,20.59455261230469,Leave_One_experiments/all_year_offline_schedule_search/daily_outputs/FQA/FQA_2007_FQA2007_stress_grid_S0032_daily.csv
FQA,FQA,Fengqiu,2007,Leave_One_experiments\wth_generated_qc\FQA\FQA2007.WTH,normal_year;water_stress_year;nitrogen_stress_year;irrigation_responsive_year,irrigation_responsive,FQA2007_stress_grid_S0032,pareto_balanced,2007-07-04,185,29,24,"{""sim_day"": 29.0, ""doy"": 185.0, ""topwt"": 152.95411109924316, ""grnwt"": 0.0, ""xlai"": 0.3210567831993103, ""totir"": 0.0, ""tofer"": NaN, ""swfac"": 0.0, ""nstres"": 0.0}",0.0,0.0,152.95411109924316,0.0,0.3210567831993103,0.0,,0.0,0.0,60.0,0.0,-3.405447387695311,20.59455261230469,Leave_One_experiments/all_year_offline_schedule_search/daily_outputs/FQA/FQA_2007_FQA2007_stress_grid_S0032_daily.csv
FQA,FQA,Fengqiu,2007,Leave_One_experiments\wth_generated_qc\FQA\FQA2007.WTH,normal_year;water_stress_year;nitrogen_stress_year;irrigation_responsive_year,irrigation_responsive,FQA2007_stress_grid_S0032,pareto_balanced,2007-07-05,186,30,25,"{""sim_day"": 30.0, ""doy"": 186.0, ""topwt"": 172.6561737060547, ""grnwt"": 0.0, ""xlai"": 0.3577374219894409, ""totir"": 0.0, ""tofer"": NaN, ""swfac"": 0.0, ""nstres"": 0.0}",0.0,0.0,172.6561737060547,0.0,0.3577374219894409,0.0,,0.0,0.0,60.0,0.0,-3.405447387695311,20.59455261230469,Leave_One_experiments/all_year_offline_schedule_search/daily_outputs/FQA/FQA_2007_FQA2007_stress_grid_S0032_daily.csv
FQA,FQA,Fengqiu,2007,Leave_One_experiments\wth_generated_qc\FQA\FQA2007.WTH,normal_year;water_stress_year;nitrogen_stress_year;irrigation_responsive_year,irrigation_responsive,FQA2007_stress_grid_S0032,pareto_balanced,2007-07-06,187,31,26,"{""sim_day"": 31.0, ""doy"": 187.0, ""topwt"": 197.06354141235352, ""grnwt"": 0.0, ""xlai"": 0.4014874994754791, ""totir"": 0.0, ""tofer"": NaN, ""swfac"": 0.0, ""nstres"": 0.0}",0.0,0.0,197.06354141235352,0.0,0.4014874994754791,0.0,,0.0,0.0,60.0,0.0,-3.405447387695311,20.59455261230469,Leave_One_experiments/all_year_offline_schedule_search/daily_outputs/FQA/FQA_2007_FQA2007_stress_grid_S0032_daily.csv
FQA,FQA,Fengqiu,2007,Leave_One_experiments\wth_generated_qc\FQA\FQA2007.WTH,normal_year;water_stress_year;nitrogen_stress_year;irrigation_responsive_year,irrigation_responsive,FQA2007_stress_grid_S0032,pareto_balanced,2007-07-07,188,32,27,"{""sim_day"": 32.0, ""doy"": 188.0, ""topwt"": 221.58830642700195, ""grnwt"": 0.0, ""xlai"": 0.4438091218471527, ""totir"": 0.0, ""tofer"": NaN, ""swfac"": 0.0, ""nstres"": 0.0}",0.0,0.0,221.58830642700195,0.0,0.4438091218471527,0.0,,0.0,0.0,60.0,0.0,-3.405447387695311,20.59455261230469,Leave_One_experiments/all_year_offline_schedule_search/daily_outputs/FQA/FQA_2007_FQA2007_stress_grid_S0032_daily.csv
FQA,FQA,Fengqiu,2007,Leave_One_experiments\wth_generated_qc\FQA\FQA2007.WTH,normal_year;water_stress_year;nitrogen_stress_year;irrigation_responsive_year,irrigation_responsive,FQA2007_stress_grid_S0032,pareto_balanced,2007-07-08,189,33,28,"{""sim_day"": 33.0, ""doy"": 189.0, ""topwt"": 251.78241729736328, ""grnwt"": 0.0, ""xlai"": 0.4938451051712036, ""totir"": 0.0, ""tofer"": NaN, ""swfac"": 0.0, ""nstres"": 0.0}",0.0,0.0,251.78241729736328,0.0,0.4938451051712036,0.0,,0.0,0.0,60.0,0.0,-3.405447387695311,20.59455261230469,Leave_One_experiments/all_year_offline_schedule_search/daily_outputs/FQA/FQA_2007_FQA2007_stress_grid_S0032_daily.csv
FQA,FQA,Fengqiu,2007,Leave_One_experiments\wth_generated_qc\FQA\FQA2007.WTH,normal_year;water_stress_year;nitrogen_stress_year;irrigation_responsive_year,irrigation_responsive,FQA2007_stress_grid_S0032,pareto_balanced,2007-07-09,190,34,29,"{""sim_day"": 34.0, ""doy"": 190.0, ""topwt"": 288.40959548950195, ""grnwt"": 0.0, ""xlai"": 0.5518361926078796, ""totir"": 0.0, ""tofer"": NaN, ""swfac"": 0.0, ""nstres"": 0.0}",0.0,0.0,288.40959548950195,0.0,0.5518361926078796,0.0,,0.0,0.0,60.0,0.0,-3.405447387695311,20.59455261230469,Leave_One_experiments/all_year_offline_schedule_search/daily_outputs/FQA/FQA_2007_FQA2007_stress_grid_S0032_daily.csv
FQA,FQA,Fengqiu,2007,Leave_One_experiments\wth_generated_qc\FQA\FQA2007.WTH,normal_year;water_stress_year;nitrogen_stress_year;irrigation_responsive_year,irrigation_responsive,FQA2007_stress_grid_S0032,pareto_balanced,2007-07-10,191,35,30,"{""sim_day"": 35.0, ""doy"": 191.0, ""topwt"": 332.13573455810547, ""grnwt"": 0.0, ""xlai"": 0.6176839470863342, ""totir"": 0.0, ""tofer"": NaN, ""swfac"": 0.0, ""nstres"": 0.0}",0.0,0.0,332.13573455810547,0.0,0.6176839470863342,0.0,,0.0,0.0,60.0,0.0,-3.405447387695311,20.59455261230469,Leave_One_experiments/all_year_offline_schedule_search/daily_outputs/FQA/FQA_2007_FQA2007_stress_grid_S0032_daily.csv
FQA,FQA,Fengqiu,2007,Leave_One_experiments\wth_generated_qc\FQA\FQA2007.WTH,normal_year;water_stress_year;nitrogen_stress_year;irrigation_responsive_year,irrigation_responsive,FQA2007_stress_grid_S0032,pareto_balanced,2007-07-11,192,36,31,"{""sim_day"": 36.0, ""doy"": 192.0, ""topwt"": 375.3358459472656, ""grnwt"": 0.0, ""xlai"": 0.6797067523002625, ""totir"": 0.0, ""tofer"": NaN, ""swfac"": 0.0, ""nstres"": 0.0}",0.0,0.0,375.3358459472656,0.0,0.6797067523002625,0.0,,0.0,0.0,60.0,0.0,-3.405447387695311,20.59455261230469,Leave_One_experiments/all_year_offline_schedule_search/daily_outputs/FQA/FQA_2007_FQA2007_stress_grid_S0032_daily.csv
FQA,FQA,Fengqiu,2007,Leave_One_experiments\wth_generated_qc\FQA\FQA2007.WTH,normal_year;water_stress_year;nitrogen_stress_year;irrigation_responsive_year,irrigation_responsive,FQA2007_stress_grid_S0032,pareto_balanced,2007-07-12,193,37,32,"{""sim_day"": 37.0, ""doy"": 193.0, ""topwt"": 409.1790771484375, ""grnwt"": 0.0, ""xlai"": 0.72642582654953, ""totir"": 0.0, ""tofer"": NaN, ""swfac"": 0.0, ""nstres"": 0.0}",0.0,0.0,409.1790771484375,0.0,0.72642582654953,0.0,,0.0,0.0,60.0,0.0,-3.405447387695311,20.59455261230469,Leave_One_experiments/all_year_offline_schedule_search/daily_outputs/FQA/FQA_2007_FQA2007_stress_grid_S0032_daily.csv
FQA,FQA,Fengqiu,2007,Leave_One_experiments\wth_generated_qc\FQA\FQA2007.WTH,normal_year;water_stress_year;nitrogen_stress_year;irrigation_responsive_year,irrigation_responsive,FQA2007_stress_grid_S0032,pareto_balanced,2007-07-13,194,38,33,"{""sim_day"": 38.0, ""doy"": 194.0, ""topwt"": 435.8823013305664, ""grnwt"": 0.0, ""xlai"": 0.7621163725852966, ""totir"": 0.0, ""tofer"": NaN, ""swfac"": 0.0, ""nstres"": 0.0}",0.0,0.0,435.8823013305664,0.0,0.7621163725852966,0.0,,0.0,0.0,60.0,0.0,-3.405447387695311,20.59455261230469,Leave_One_experiments/all_year_offline_schedule_search/daily_outputs/FQA/FQA_2007_FQA2007_stress_grid_S0032_daily.csv
FQA,FQA,Fengqiu,2007,Leave_One_experiments\wth_generated_qc\FQA\FQA2007.WTH,normal_year;water_stress_year;nitrogen_stress_year;irrigation_responsive_year,irrigation_responsive,FQA2007_stress_grid_S0032,pareto_balanced,2007-07-14,195,39,34,"{""sim_day"": 39.0, ""doy"": 195.0, ""topwt"": 484.3071746826172, ""grnwt"": 0.0, ""xlai"": 0.8239735960960388, ""totir"": 0.0, ""tofer"": NaN, ""swfac"": 0.0, ""nstres"": 0.0039752125740051}",0.0,0.0039752125740051,484.3071746826172,0.0,0.8239735960960388,0.0,,0.0,0.0,60.0,0.0,-3.405447387695311,20.59455261230469,Leave_One_experiments/all_year_offline_schedule_search/daily_outputs/FQA/FQA_2007_FQA2007_stress_grid_S0032_daily.csv
FQA,FQA,Fengqiu,2007,Leave_One_experiments\wth_generated_qc\FQA\FQA2007.WTH,normal_year;water_stress_year;nitrogen_stress_year;irrigation_responsive_year,irrigation_responsive,FQA2007_stress_grid_S0032,pareto_balanced,2007-07-15,196,40,35,"{""sim_day"": 40.0, ""doy"": 196.0, ""topwt"": 540.8564376831055, ""grnwt"": 0.0, ""xlai"": 0.8913682103157043, ""totir"": 0.0, ""tofer"": NaN, ""swfac"": 0.0, ""nstres"": 0.0180122852325439}",0.0,0.0180122852325439,540.8564376831055,0.0,0.8913682103157043,0.0,,0.0,0.0,60.0,0.0,-3.405447387695311,20.59455261230469,Leave_One_experiments/all_year_offline_schedule_search/daily_outputs/FQA/FQA_2007_FQA2007_stress_grid_S0032_daily.csv
FQA,FQA,Fengqiu,2007,Leave_One_experiments\wth_generated_qc\FQA\FQA2007.WTH,normal_year;water_stress_year;nitrogen_stress_year;irrigation_responsive_year,irrigation_responsive,FQA2007_stress_grid_S0032,pareto_balanced,2007-07-16,197,41,36,"{""sim_day"": 41.0, ""doy"": 197.0, ""topwt"": 606.6302871704102, ""grnwt"": 0.0, ""xlai"": 0.961553394794464, ""totir"": 0.0, ""tofer"": NaN, ""swfac"": 0.0, ""nstres"": 0.053013801574707}",0.0,0.053013801574707,606.6302871704102,0.0,0.961553394794464,0.0,,0.0,0.0,60.0,0.0,-3.405447387695311,20.59455261230469,Leave_One_experiments/all_year_offline_schedule_search/daily_outputs/FQA/FQA_2007_FQA2007_stress_grid_S0032_daily.csv
FQA,FQA,Fengqiu,2007,Leave_One_experiments\wth_generated_qc\FQA\FQA2007.WTH,normal_year;water_stress_year;nitrogen_stress_year;irrigation_responsive_year,irrigation_responsive,FQA2007_stress_grid_S0032,pareto_balanced,2007-07-17,198,42,37,"{""sim_day"": 42.0, ""doy"": 198.0, ""topwt"": 677.5757598876953, ""grnwt"": 0.0, ""xlai"": 1.028470516204834, ""totir"": 0.0, ""tofer"": NaN, ""swfac"": 0.0, ""nstres"": 0.0863797068595886}",0.0,0.0863797068595886,677.5757598876953,0.0,1.028470516204834,0.0,,0.0,0.0,60.0,0.0,-3.405447387695311,20.59455261230469,Leave_One_experiments/all_year_offline_schedule_search/daily_outputs/FQA/FQA_2007_FQA2007_stress_grid_S0032_daily.csv
FQA,FQA,Fengqiu,2007,Leave_One_experiments\wth_generated_qc\FQA\FQA2007.WTH,normal_year;water_stress_year;nitrogen_stress_year;irrigation_responsive_year,irrigation_responsive,FQA2007_stress_grid_S0032,pareto_balanced,2007-07-18,199,43,38,"{""sim_day"": 43.0, ""doy"": 199.0, ""topwt"": 735.0511169433594, ""grnwt"": 0.0, ""xlai"": 1.072648286819458, ""totir"": 0.0, ""tofer"": NaN, ""swfac"": 0.0, ""nstres"": 0.1190253496170044}",0.0,0.1190253496170044,735.0511169433594,0.0,1.072648286819458,0.0,,0.0,0.0,60.0,0.0,-3.405447387695311,20.59455261230469,Leave_One_experiments/all_year_offline_schedule_search/daily_outputs/FQA/FQA_2007_FQA2007_stress_grid_S0032_daily.csv
FQA,FQA,Fengqiu,2007,Leave_One_experiments\wth_generated_qc\FQA\FQA2007.WTH,normal_year;water_stress_year;nitrogen_stress_year;irrigation_responsive_year,irrigation_responsive,FQA2007_stress_grid_S0032,pareto_balanced,2007-07-19,200,44,39,"{""sim_day"": 44.0, ""doy"": 200.0, ""topwt"": 763.5781860351562, ""grnwt"": 0.0, ""xlai"": 1.081356406211853, ""totir"": 0.0, ""tofer"": NaN, ""swfac"": 0.0, ""nstres"": 0.1472858190536499}",0.0,0.1472858190536499,763.5781860351562,0.0,1.081356406211853,0.0,,0.0,0.0,60.0,0.0,-3.405447387695311,20.59455261230469,Leave_One_experiments/all_year_offline_schedule_search/daily_outputs/FQA/FQA_2007_FQA2007_stress_grid_S0032_daily.csv
FQA,FQA,Fengqiu,2007,Leave_One_experiments\wth_generated_qc\FQA\FQA2007.WTH,normal_year;water_stress_year;nitrogen_stress_year;irrigation_responsive_year,irrigation_responsive,FQA2007_stress_grid_S0032,pareto_balanced,2007-07-20,201,45,40,"{""sim_day"": 45.0, ""doy"": 201.0, ""topwt"": 807.2461700439453, ""grnwt"": 0.0, ""xlai"": 1.1015620231628418, ""totir"": 0.0, ""tofer"": NaN, ""swfac"": 0.0, ""nstres"": 0.1620107293128967}",0.0,0.1620107293128967,807.2461700439453,0.0,1.1015620231628418,0.0,,0.0,0.0,60.0,0.0,-3.405447387695311,20.59455261230469,Leave_One_experiments/all_year_offline_schedule_search/daily_outputs/FQA/FQA_2007_FQA2007_stress_grid_S0032_daily.csv
FQA,FQA,Fengqiu,2007,Leave_One_experiments\wth_generated_qc\FQA\FQA2007.WTH,normal_year;water_stress_year;nitrogen_stress_year;irrigation_responsive_year,irrigation_responsive,FQA2007_stress_grid_S0032,pareto_balanced,2007-07-21,202,46,41,"{""sim_day"": 46.0, ""doy"": 202.0, ""topwt"": 853.4308624267578, ""grnwt"": 0.0, ""xlai"": 1.1218938827514648, ""totir"": 0.0, ""tofer"": NaN, ""swfac"": 0.0, ""nstres"": 0.1646509170532226}",0.0,0.1646509170532226,853.4308624267578,0.0,1.1218938827514648,0.0,,0.0,0.0,60.0,0.0,-3.405447387695311,20.59455261230469,Leave_One_experiments/all_year_offline_schedule_search/daily_outputs/FQA/FQA_2007_FQA2007_stress_grid_S0032_daily.csv
FQA,FQA,Fengqiu,2007,Leave_One_experiments\wth_generated_qc\FQA\FQA2007.WTH,normal_year;water_stress_year;nitrogen_stress_year;irrigation_responsive_year,irrigation_responsive,FQA2007_stress_grid_S0032,pareto_balanced,2007-07-22,203,47,42,"{""sim_day"": 47.0, ""doy"": 203.0, ""topwt"": 905.2161407470704, ""grnwt"": 0.0, ""xlai"": 1.144160509109497, ""totir"": 0.0, ""tofer"": NaN, ""swfac"": 0.0, ""nstres"": 0.1722675561904907}",0.0,0.1722675561904907,905.2161407470704,0.0,1.144160509109497,0.0,,0.0,0.0,60.0,0.0,-3.405447387695311,20.59455261230469,Leave_One_experiments/all_year_offline_schedule_search/daily_outputs/FQA/FQA_2007_FQA2007_stress_grid_S0032_daily.csv
FQA,FQA,Fengqiu,2007,Leave_One_experiments\wth_generated_qc\FQA\FQA2007.WTH,normal_year;water_stress_year;nitrogen_stress_year;irrigation_responsive_year,irrigation_responsive,FQA2007_stress_grid_S0032,pareto_balanced,2007-07-23,204,48,43,"{""sim_day"": 48.0, ""doy"": 204.0, ""topwt"": 961.833038330078, ""grnwt"": 0.0, ""xlai"": 1.1672334671020508, ""totir"": 0.0, ""tofer"": NaN, ""swfac"": 0.0, ""nstres"": 0.1796985268592834}",0.0,0.1796985268592834,961.833038330078,0.0,1.1672334671020508,0.0,,0.0,0.0,60.0,0.0,-3.405447387695311,20.59455261230469,Leave_One_experiments/all_year_offline_schedule_search/daily_outputs/FQA/FQA_2007_FQA2007_stress_grid_S0032_daily.csv
FQA,FQA,Fengqiu,2007,Leave_One_experiments\wth_generated_qc\FQA\FQA2007.WTH,normal_year;water_stress_year;nitrogen_stress_year;irrigation_responsive_year,irrigation_responsive,FQA2007_stress_grid_S0032,pareto_balanced,2007-07-24,205,49,44,"{""sim_day"": 49.0, ""doy"": 205.0, ""topwt"": 1080.960922241211, ""grnwt"": 0.0, ""xlai"": 1.1820096969604492, ""totir"": 0.0, ""tofer"": NaN, ""swfac"": 0.0, ""nstres"": 0.1878839135169983}",0.0,0.1878839135169983,1080.960922241211,0.0,1.1820096969604492,0.0,,0.0,0.0,60.0,0.0,-3.405447387695311,20.59455261230469,Leave_One_experiments/all_year_offline_schedule_search/daily_outputs/FQA/FQA_2007_FQA2007_stress_grid_S0032_daily.csv
FQA,FQA,Fengqiu,2007,Leave_One_experiments\wth_generated_qc\FQA\FQA2007.WTH,normal_year;water_stress_year;nitrogen_stress_year;irrigation_responsive_year,irrigation_responsive,FQA2007_stress_grid_S0032,pareto_balanced,2007-07-25,206,50,45,"{""sim_day"": 50.0, ""doy"": 206.0, ""topwt"": 1198.9111328125, ""grnwt"": 0.0, ""xlai"": 1.1927152872085571, ""totir"": 0.0, ""tofer"": NaN, ""swfac"": 0.0, ""nstres"": 0.1959526538848877}",0.0,0.1959526538848877,1198.9111328125,0.0,1.1927152872085571,0.0,,0.0,0.0,60.0,0.0,-3.405447387695311,20.59455261230469,Leave_One_experiments/all_year_offline_schedule_search/daily_outputs/FQA/FQA_2007_FQA2007_stress_grid_S0032_daily.csv
FQA,FQA,Fengqiu,2007,Leave_One_experiments\wth_generated_qc\FQA\FQA2007.WTH,normal_year;water_stress_year;nitrogen_stress_year;irrigation_responsive_year,irrigation_responsive,FQA2007_stress_grid_S0032,pareto_balanced,2007-07-26,207,51,46,"{""sim_day"": 51.0, ""doy"": 207.0, ""topwt"": 1312.1420288085938, ""grnwt"": 0.0, ""xlai"": 1.1960973739624023, ""totir"": 0.0, ""tofer"": NaN, ""swfac"": 0.0, ""nstres"": 0.2585303783416748}",0.0,0.2585303783416748,1312.1420288085938,0.0,1.1960973739624023,0.0,,0.0,0.0,60.0,0.0,-3.405447387695311,20.59455261230469,Leave_One_experiments/all_year_offline_schedule_search/daily_outputs/FQA/FQA_2007_FQA2007_stress_grid_S0032_daily.csv
FQA,FQA,Fengqiu,2007,Leave_One_experiments\wth_generated_qc\FQA\FQA2007.WTH,normal_year;water_stress_year;nitrogen_stress_year;irrigation_responsive_year,irrigation_responsive,FQA2007_stress_grid_S0032,pareto_balanced,2007-07-27,208,52,47,"{""sim_day"": 52.0, ""doy"": 208.0, ""topwt"": 1414.6551513671875, ""grnwt"": 0.0, ""xlai"": 1.1919447183609009, ""totir"": 0.0, ""tofer"": NaN, ""swfac"": 0.0, ""nstres"": 0.3086993098258972}",0.0,0.3086993098258972,1414.6551513671875,0.0,1.1919447183609009,0.0,,0.0,0.0,60.0,0.0,-3.405447387695311,20.59455261230469,Leave_One_experiments/all_year_offline_schedule_search/daily_outputs/FQA/FQA_2007_FQA2007_stress_grid_S0032_daily.csv
FQA,FQA,Fengqiu,2007,Leave_One_experiments\wth_generated_qc\FQA\FQA2007.WTH,normal_year;water_stress_year;nitrogen_stress_year;irrigation_responsive_year,irrigation_responsive,FQA2007_stress_grid_S0032,pareto_balanced,2007-07-28,209,53,48,"{""sim_day"": 53.0, ""doy"": 209.0, ""topwt"": 1516.1326599121094, ""grnwt"": 0.0, ""xlai"": 1.1841570138931274, ""totir"": 0.0, ""tofer"": NaN, ""swfac"": 0.0, ""nstres"": 0.3499243855476379}",0.0,0.3499243855476379,1516.1326599121094,0.0,1.1841570138931274,0.0,,0.0,0.0,60.0,0.0,-3.405447387695311,20.59455261230469,Leave_One_experiments/all_year_offline_schedule_search/daily_outputs/FQA/FQA_2007_FQA2007_stress_grid_S0032_daily.csv
FQA,FQA,Fengqiu,2007,Leave_One_experiments\wth_generated_qc\FQA\FQA2007.WTH,normal_year;water_stress_year;nitrogen_stress_year;irrigation_responsive_year,irrigation_responsive,FQA2007_stress_grid_S0032,pareto_balanced,2007-07-29,210,54,49,"{""sim_day"": 54.0, ""doy"": 210.0, ""topwt"": 1603.6219787597656, ""grnwt"": 0.0, ""xlai"": 1.1700011491775513, ""totir"": 0.0, ""tofer"": NaN, ""swfac"": 0.0, ""nstres"": 0.3812147974967956}",0.0,0.3812147974967956,1603.6219787597656,0.0,1.1700011491775513,0.0,,0.0,0.0,60.0,0.0,-3.405447387695311,20.59455261230469,Leave_One_experiments/all_year_offline_schedule_search/daily_outputs/FQA/FQA_2007_FQA2007_stress_grid_S0032_daily.csv
FQA,FQA,Fengqiu,2007,Leave_One_experiments\wth_generated_qc\FQA\FQA2007.WTH,normal_year;water_stress_year;nitrogen_stress_year;irrigation_responsive_year,irrigation_responsive,FQA2007_stress_grid_S0032,pareto_balanced,2007-07-30,211,55,50,"{""sim_day"": 55.0, ""doy"": 211.0, ""topwt"": 1686.7897033691406, ""grnwt"": 0.0, ""xlai"": 1.153181076049805, ""totir"": 0.0, ""tofer"": NaN, ""swfac"": 0.0, ""nstres"": 0.4033882617950439}",0.0,0.4033882617950439,1686.7897033691406,0.0,1.153181076049805,0.0,,0.0,0.0,60.0,0.0,-3.405447387695311,20.59455261230469,Leave_One_experiments/all_year_offline_schedule_search/daily_outputs/FQA/FQA_2007_FQA2007_stress_grid_S0032_daily.csv
FQA,FQA,Fengqiu,2007,Leave_One_experiments\wth_generated_qc\FQA\FQA2007.WTH,normal_year;water_stress_year;nitrogen_stress_year;irrigation_responsive_year,irrigation_responsive,FQA2007_stress_grid_S0032,pareto_balanced,2007-07-31,212,56,51,"{""sim_day"": 56.0, ""doy"": 212.0, ""topwt"": 1777.8727722167969, ""grnwt"": 0.0, ""xlai"": 1.1377791166305542, ""totir"": 0.0, ""tofer"": NaN, ""swfac"": 0.0, ""nstres"": 0.4116785526275635}",0.0,0.4116785526275635,1777.8727722167969,0.0,1.1377791166305542,0.0,,0.0,0.0,60.0,0.0,-3.405447387695311,20.59455261230469,Leave_One_experiments/all_year_offline_schedule_search/daily_outputs/FQA/FQA_2007_FQA2007_stress_grid_S0032_daily.csv
FQA,FQA,Fengqiu,2007,Leave_One_experiments\wth_generated_qc\FQA\FQA2007.WTH,normal_year;water_stress_year;nitrogen_stress_year;irrigation_responsive_year,irrigation_responsive,FQA2007_stress_grid_S0032,pareto_balanced,2007-08-01,213,57,52,"{""sim_day"": 57.0, ""doy"": 213.0, ""topwt"": 1793.7629699707031, ""grnwt"": 0.0, ""xlai"": 1.1027250289916992, ""totir"": 0.0, ""tofer"": NaN, ""swfac"": 0.0, ""nstres"": 0.4194145202636719}",0.0,0.4194145202636719,1793.7629699707031,0.0,1.1027250289916992,0.0,,0.0,0.0,60.0,0.0,-3.405447387695311,20.59455261230469,Leave_One_experiments/all_year_offline_schedule_search/daily_outputs/FQA/FQA_2007_FQA2007_stress_grid_S0032_daily.csv
FQA,FQA,Fengqiu,2007,Leave_One_experiments\wth_generated_qc\FQA\FQA2007.WTH,normal_year;water_stress_year;nitrogen_stress_year;irrigation_responsive_year,irrigation_responsive,FQA2007_stress_grid_S0032,pareto_balanced,2007-08-02,214,58,53,"{""sim_day"": 58.0, ""doy"": 214.0, ""topwt"": 1861.6346740722656, ""grnwt"": 0.0, ""xlai"": 1.0813297033309937, ""totir"": 0.0, ""tofer"": NaN, ""swfac"": 0.0, ""nstres"": 0.4271513223648071}",0.0,0.4271513223648071,1861.6346740722656,0.0,1.0813297033309937,0.0,,0.0,0.0,60.0,0.0,-3.405447387695311,20.59455261230469,Leave_One_experiments/all_year_offline_schedule_search/daily_outputs/FQA/FQA_2007_FQA2007_stress_grid_S0032_daily.csv
FQA,FQA,Fengqiu,2007,Leave_One_experiments\wth_generated_qc\FQA\FQA2007.WTH,normal_year;water_stress_year;nitrogen_stress_year;irrigation_responsive_year,irrigation_responsive,FQA2007_stress_grid_S0032,pareto_balanced,2007-08-03,215,59,54,"{""sim_day"": 59.0, ""doy"": 215.0, ""topwt"": 1931.9635009765625, ""grnwt"": 0.0, ""xlai"": 1.0621312856674194, ""totir"": 0.0, ""tofer"": NaN, ""swfac"": 0.0, ""nstres"": 0.4083648920059204}",0.0,0.4083648920059204,1931.9635009765625,0.0,1.0621312856674194,0.0,,0.0,0.0,60.0,0.0,-3.405447387695311,20.59455261230469,Leave_One_experiments/all_year_offline_schedule_search/daily_outputs/FQA/FQA_2007_FQA2007_stress_grid_S0032_daily.csv
FQA,FQA,Fengqiu,2007,Leave_One_experiments\wth_generated_qc\FQA\FQA2007.WTH,normal_year;water_stress_year;nitrogen_stress_year;irrigation_responsive_year,irrigation_responsive,FQA2007_stress_grid_S0032,pareto_balanced,2007-08-04,216,60,55,"{""sim_day"": 60.0, ""doy"": 216.0, ""topwt"": 2010.4719543457031, ""grnwt"": 0.0, ""xlai"": 1.0456089973449707, ""totir"": 0.0, ""tofer"": NaN, ""swfac"": 0.0, ""nstres"": 0.4081268906593323}",0.0,0.4081268906593323,2010.4719543457031,0.0,1.0456089973449707,0.0,,0.0,0.0,60.0,0.0,-3.405447387695311,20.59455261230469,Leave_One_experiments/all_year_offline_schedule_search/daily_outputs/FQA/FQA_2007_FQA2007_stress_grid_S0032_daily.csv
FQA,FQA,Fengqiu,2007,Leave_One_experiments\wth_generated_qc\FQA\FQA2007.WTH,normal_year;water_stress_year;nitrogen_stress_year;irrigation_responsive_year,irrigation_responsive,FQA2007_stress_grid_S0032,pareto_balanced,2007-08-05,217,61,56,"{""sim_day"": 61.0, ""doy"": 217.0, ""topwt"": 2067.892303466797, ""grnwt"": 0.0, ""xlai"": 1.02443528175354, ""totir"": 0.0, ""tofer"": NaN, ""swfac"": 0.0, ""nstres"": 0.4072576761245727}",0.0,0.4072576761245727,2067.892303466797,0.0,1.02443528175354,0.0,,0.0,0.0,60.0,0.0,-3.405447387695311,20.59455261230469,Leave_One_experiments/all_year_offline_schedule_search/daily_outputs/FQA/FQA_2007_FQA2007_stress_grid_S0032_daily.csv
FQA,FQA,Fengqiu,2007,Leave_One_experiments\wth_generated_qc\FQA\FQA2007.WTH,normal_year;water_stress_year;nitrogen_stress_year;irrigation_responsive_year,irrigation_responsive,FQA2007_stress_grid_S0032,pareto_balanced,2007-08-06,218,62,57,"{""sim_day"": 62.0, ""doy"": 218.0, ""topwt"": 2150.9959411621094, ""grnwt"": 0.0, ""xlai"": 1.0103505849838257, ""totir"": 0.0, ""tofer"": NaN, ""swfac"": 0.0, ""nstres"": 0.4068989157676697}",0.0,0.4068989157676697,2150.9959411621094,0.0,1.0103505849838257,0.0,,0.0,0.0,60.0,0.0,-3.405447387695311,20.59455261230469,Leave_One_experiments/all_year_offline_schedule_search/daily_outputs/FQA/FQA_2007_FQA2007_stress_grid_S0032_daily.csv
FQA,FQA,Fengqiu,2007,Leave_One_experiments\wth_generated_qc\FQA\FQA2007.WTH,normal_year;water_stress_year;nitrogen_stress_year;irrigation_responsive_year,irrigation_responsive,FQA2007_stress_grid_S0032,pareto_balanced,2007-08-07,219,63,58,"{""sim_day"": 63.0, ""doy"": 219.0, ""topwt"": 2238.289031982422, ""grnwt"": 0.0, ""xlai"": 0.9979531168937684, ""totir"": 0.0, ""tofer"": NaN, ""swfac"": 0.0, ""nstres"": 0.4024658203125}",0.0,0.4024658203125,2238.289031982422,0.0,0.9979531168937684,0.0,,0.0,0.0,60.0,0.0,-3.405447387695311,20.59455261230469,Leave_One_experiments/all_year_offline_schedule_search/daily_outputs/FQA/FQA_2007_FQA2007_stress_grid_S0032_daily.csv
FQA,FQA,Fengqiu,2007,Leave_One_experiments\wth_generated_qc\FQA\FQA2007.WTH,normal_year;water_stress_year;nitrogen_stress_year;irrigation_responsive_year,irrigation_responsive,FQA2007_stress_grid_S0032,pareto_balanced,2007-08-08,220,64,59,"{""sim_day"": 64.0, ""doy"": 220.0, ""topwt"": 2301.9558715820312, ""grnwt"": 0.0, ""xlai"": 0.980229675769806, ""totir"": 0.0, ""tofer"": NaN, ""swfac"": 0.0, ""nstres"": 0.3994425535202026}",0.0,0.3994425535202026,2301.9558715820312,0.0,0.980229675769806,0.0,,0.0,0.0,60.0,0.0,-3.405447387695311,20.59455261230469,Leave_One_experiments/all_year_offline_schedule_search/daily_outputs/FQA/FQA_2007_FQA2007_stress_grid_S0032_daily.csv
FQA,FQA,Fengqiu,2007,Leave_One_experiments\wth_generated_qc\FQA\FQA2007.WTH,normal_year;water_stress_year;nitrogen_stress_year;irrigation_responsive_year,irrigation_responsive,FQA2007_stress_grid_S0032,pareto_balanced,2007-08-09,221,65,60,"{""sim_day"": 65.0, ""doy"": 221.0, ""topwt"": 2322.4635314941406, ""grnwt"": 0.0, ""xlai"": 0.9525262713432312, ""totir"": 0.0, ""tofer"": NaN, ""swfac"": 0.0, ""nstres"": 0.3960676193237304}",0.0,0.3960676193237304,2322.4635314941406,0.0,0.9525262713432312,0.0,,0.0,0.0,60.0,0.0,-3.405447387695311,20.59455261230469,Leave_One_experiments/all_year_offline_schedule_search/daily_outputs/FQA/FQA_2007_FQA2007_stress_grid_S0032_daily.csv
FQA,FQA,Fengqiu,2007,Leave_One_experiments\wth_generated_qc\FQA\FQA2007.WTH,normal_year;water_stress_year;nitrogen_stress_year;irrigation_responsive_year,irrigation_responsive,FQA2007_stress_grid_S0032,pareto_balanced,2007-08-10,222,66,61,"{""sim_day"": 66.0, ""doy"": 222.0, ""topwt"": 2434.964141845703, ""grnwt"": 0.0, ""xlai"": 0.9213298559188844, ""totir"": 0.0, ""tofer"": NaN, ""swfac"": 0.0, ""nstres"": 0.3860276341438293}",0.0,0.3860276341438293,2434.964141845703,0.0,0.9213298559188844,0.0,,0.0,0.0,60.0,0.0,-3.405447387695311,20.59455261230469,Leave_One_experiments/all_year_offline_schedule_search/daily_outputs/FQA/FQA_2007_FQA2007_stress_grid_S0032_daily.csv
FQA,FQA,Fengqiu,2007,Leave_One_experiments\wth_generated_qc\FQA\FQA2007.WTH,normal_year;water_stress_year;nitrogen_stress_year;irrigation_responsive_year,irrigation_responsive,FQA2007_stress_grid_S0032,pareto_balanced,2007-08-11,223,67,62,"{""sim_day"": 67.0, ""doy"": 223.0, ""topwt"": 2551.059875488281, ""grnwt"": 0.0, ""xlai"": 0.8920109868049622, ""totir"": 0.0, ""tofer"": NaN, ""swfac"": 0.0, ""nstres"": 0.3637374639511108}",0.0,0.3637374639511108,2551.059875488281,0.0,0.8920109868049622,0.0,,0.0,0.0,60.0,0.0,-3.405447387695311,20.59455261230469,Leave_One_experiments/all_year_offline_schedule_search/daily_outputs/FQA/FQA_2007_FQA2007_stress_grid_S0032_daily.csv
FQA,FQA,Fengqiu,2007,Leave_One_experiments\wth_generated_qc\FQA\FQA2007.WTH,normal_year;water_stress_year;nitrogen_stress_year;irrigation_responsive_year,irrigation_responsive,FQA2007_stress_grid_S0032,pareto_balanced,2007-08-12,224,68,63,"{""sim_day"": 68.0, ""doy"": 224.0, ""topwt"": 2663.211975097656, ""grnwt"": 0.0, ""xlai"": 0.8636201024055481, ""totir"": 0.0, ""tofer"": NaN, ""swfac"": 0.0, ""nstres"": 0.3638730049133301}",0.0,0.3638730049133301,2663.211975097656,0.0,0.8636201024055481,0.0,,0.0,0.0,60.0,0.0,-3.405447387695311,20.59455261230469,Leave_One_experiments/all_year_offline_schedule_search/daily_outputs/FQA/FQA_2007_FQA2007_stress_grid_S0032_daily.csv
FQA,FQA,Fengqiu,2007,Leave_One_experiments\wth_generated_qc\FQA\FQA2007.WTH,normal_year;water_stress_year;nitrogen_stress_year;irrigation_responsive_year,irrigation_responsive,FQA2007_stress_grid_S0032,pareto_balanced,2007-08-13,225,69,64,"{""sim_day"": 69.0, ""doy"": 225.0, ""topwt"": 2761.216125488281, ""grnwt"": 0.0, ""xlai"": 0.836288332939148, ""totir"": 0.0, ""tofer"": NaN, ""swfac"": 0.0, ""nstres"": 0.3595502972602844}",0.0,0.3595502972602844,2761.216125488281,0.0,0.836288332939148,0.0,,0.0,0.0,60.0,0.0,-3.405447387695311,20.59455261230469,Leave_One_experiments/all_year_offline_schedule_search/daily_outputs/FQA/FQA_2007_FQA2007_stress_grid_S0032_daily.csv
FQA,FQA,Fengqiu,2007,Leave_One_experiments\wth_generated_qc\FQA\FQA2007.WTH,normal_year;water_stress_year;nitrogen_stress_year;irrigation_responsive_year,irrigation_responsive,FQA2007_stress_grid_S0032,pareto_balanced,2007-08-14,226,70,65,"{""sim_day"": 70.0, ""doy"": 226.0, ""topwt"": 2824.320068359375, ""grnwt"": 0.0, ""xlai"": 0.8099976181983948, ""totir"": 20.0, ""tofer"": NaN, ""swfac"": 0.0, ""nstres"": 0.3544967770576477}",0.0,0.3544967770576477,2824.320068359375,0.0,0.8099976181983948,20.0,,20.0,0.0,60.0,0.0,-3.405447387695311,20.59455261230469,Leave_One_experiments/all_year_offline_schedule_search/daily_outputs/FQA/FQA_2007_FQA2007_stress_grid_S0032_daily.csv
FQA,FQA,Fengqiu,2007,Leave_One_experiments\wth_generated_qc\FQA\FQA2007.WTH,normal_year;water_stress_year;nitrogen_stress_year;irrigation_responsive_year,irrigation_responsive,FQA2007_stress_grid_S0032,pareto_balanced,2007-08-15,227,71,66,"{""sim_day"": 71.0, ""doy"": 227.0, ""topwt"": 2921.753234863281, ""grnwt"": 0.0, ""xlai"": 0.7848507761955261, ""totir"": 20.0, ""tofer"": NaN, ""swfac"": 0.0, ""nstres"": 0.3450952768325805}",0.0,0.3450952768325805,2921.753234863281,0.0,0.7848507761955261,20.0,,0.0,0.0,60.0,0.0,-3.405447387695311,20.59455261230469,Leave_One_experiments/all_year_offline_schedule_search/daily_outputs/FQA/FQA_2007_FQA2007_stress_grid_S0032_daily.csv
FQA,FQA,Fengqiu,2007,Leave_One_experiments\wth_generated_qc\FQA\FQA2007.WTH,normal_year;water_stress_year;nitrogen_stress_year;irrigation_responsive_year,irrigation_responsive,FQA2007_stress_grid_S0032,pareto_balanced,2007-08-16,228,72,67,"{""sim_day"": 72.0, ""doy"": 228.0, ""topwt"": 2946.895446777344, ""grnwt"": 0.0, ""xlai"": 0.7609602212905884, ""totir"": 20.0, ""tofer"": NaN, ""swfac"": 0.0, ""nstres"": 0.3305509090423584}",0.0,0.3305509090423584,2946.895446777344,0.0,0.7609602212905884,20.0,,0.0,0.0,60.0,0.0,-3.405447387695311,20.59455261230469,Leave_One_experiments/all_year_offline_schedule_search/daily_outputs/FQA/FQA_2007_FQA2007_stress_grid_S0032_daily.csv
FQA,FQA,Fengqiu,2007,Leave_One_experiments\wth_generated_qc\FQA\FQA2007.WTH,normal_year;water_stress_year;nitrogen_stress_year;irrigation_responsive_year,irrigation_responsive,FQA2007_stress_grid_S0032,pareto_balanced,2007-08-17,229,73,68,"{""sim_day"": 73.0, ""doy"": 229.0, ""topwt"": 3031.2213134765625, ""grnwt"": 0.0, ""xlai"": 0.7381923794746399, ""totir"": 20.0, ""tofer"": NaN, ""swfac"": 0.0, ""nstres"": 0.3180797696113586}",0.0,0.3180797696113586,3031.2213134765625,0.0,0.7381923794746399,20.0,,0.0,0.0,60.0,0.0,-3.405447387695311,20.59455261230469,Leave_One_experiments/all_year_offline_schedule_search/daily_outputs/FQA/FQA_2007_FQA2007_stress_grid_S0032_daily.csv
FQA,FQA,Fengqiu,2007,Leave_One_experiments\wth_generated_qc\FQA\FQA2007.WTH,normal_year;water_stress_year;nitrogen_stress_year;irrigation_responsive_year,irrigation_responsive,FQA2007_stress_grid_S0032,pareto_balanced,2007-08-18,230,74,69,"{""sim_day"": 74.0, ""doy"": 230.0, ""topwt"": 3138.714599609375, ""grnwt"": 0.0, ""xlai"": 0.7169970273971558, ""totir"": 20.0, ""tofer"": NaN, ""swfac"": 0.0, ""nstres"": 0.289097249507904}",0.0,0.289097249507904,3138.714599609375,0.0,0.7169970273971558,20.0,,0.0,0.0,60.0,0.0,-3.405447387695311,20.59455261230469,Leave_One_experiments/all_year_offline_schedule_search/daily_outputs/FQA/FQA_2007_FQA2007_stress_grid_S0032_daily.csv
FQA,FQA,Fengqiu,2007,Leave_One_experiments\wth_generated_qc\FQA\FQA2007.WTH,normal_year;water_stress_year;nitrogen_stress_year;irrigation_responsive_year,irrigation_responsive,FQA2007_stress_grid_S0032,pareto_balanced,2007-08-19,231,75,70,"{""sim_day"": 75.0, ""doy"": 231.0, ""topwt"": 3249.849853515625, ""grnwt"": 204.98085021972656, ""xlai"": 0.6969447135925293, ""totir"": 20.0, ""tofer"": NaN, ""swfac"": 0.0, ""nstres"": 0.271211564540863}",0.0,0.271211564540863,3249.849853515625,204.98085021972656,0.6969447135925293,20.0,,0.0,0.0,60.0,0.0,-3.405447387695311,20.59455261230469,Leave_One_experiments/all_year_offline_schedule_search/daily_outputs/FQA/FQA_2007_FQA2007_stress_grid_S0032_daily.csv
FQA,FQA,Fengqiu,2007,Leave_One_experiments\wth_generated_qc\FQA\FQA2007.WTH,normal_year;water_stress_year;nitrogen_stress_year;irrigation_responsive_year,irrigation_responsive,FQA2007_stress_grid_S0032,pareto_balanced,2007-08-20,232,76,71,"{""sim_day"": 76.0, ""doy"": 232.0, ""topwt"": 3331.5835571289062, ""grnwt"": 283.58449935913086, ""xlai"": 0.6754965782165527, ""totir"": 20.0, ""tofer"": NaN, ""swfac"": 0.0, ""nstres"": 0.3385887742042541}",0.0,0.3385887742042541,3331.5835571289062,283.58449935913086,0.6754965782165527,20.0,,0.0,0.0,60.0,0.0,-3.405447387695311,20.59455261230469,Leave_One_experiments/all_year_offline_schedule_search/daily_outputs/FQA/FQA_2007_FQA2007_stress_grid_S0032_daily.csv
FQA,FQA,Fengqiu,2007,Leave_One_experiments\wth_generated_qc\FQA\FQA2007.WTH,normal_year;water_stress_year;nitrogen_stress_year;irrigation_responsive_year,irrigation_responsive,FQA2007_stress_grid_S0032,pareto_balanced,2007-08-21,233,77,72,"{""sim_day"": 77.0, ""doy"": 233.0, ""topwt"": 3410.1119995117188, ""grnwt"": 370.7751083374024, ""xlai"": 0.6558457612991333, ""totir"": 20.0, ""tofer"": NaN, ""swfac"": 0.0, ""nstres"": 0.2981810569763183}",0.0,0.2981810569763183,3410.1119995117188,370.7751083374024,0.6558457612991333,20.0,,0.0,0.0,60.0,0.0,-3.405447387695311,20.59455261230469,Leave_One_experiments/all_year_offline_schedule_search/daily_outputs/FQA/FQA_2007_FQA2007_stress_grid_S0032_daily.csv
FQA,FQA,Fengqiu,2007,Leave_One_experiments\wth_generated_qc\FQA\FQA2007.WTH,normal_year;water_stress_year;nitrogen_stress_year;irrigation_responsive_year,irrigation_responsive,FQA2007_stress_grid_S0032,pareto_balanced,2007-08-22,234,78,73,"{""sim_day"": 78.0, ""doy"": 234.0, ""topwt"": 3491.2188720703125, ""grnwt"": 476.4607238769531, ""xlai"": 0.63679039478302, ""totir"": 20.0, ""tofer"": NaN, ""swfac"": 0.0, ""nstres"": 0.2973108291625976}",0.0,0.2973108291625976,3491.2188720703125,476.4607238769531,0.63679039478302,20.0,,0.0,0.0,60.0,0.0,-3.405447387695311,20.59455261230469,Leave_One_experiments/all_year_offline_schedule_search/daily_outputs/FQA/FQA_2007_FQA2007_stress_grid_S0032_daily.csv
FQA,FQA,Fengqiu,2007,Leave_One_experiments\wth_generated_qc\FQA\FQA2007.WTH,normal_year;water_stress_year;nitrogen_stress_year;irrigation_responsive_year,irrigation_responsive,FQA2007_stress_grid_S0032,pareto_balanced,2007-08-23,235,79,74,"{""sim_day"": 79.0, ""doy"": 235.0, ""topwt"": 3576.8701171875, ""grnwt"": 548.4590530395508, ""xlai"": 0.6183159947395325, ""totir"": 20.0, ""tofer"": NaN, ""swfac"": 0.0, ""nstres"": 0.2962813973426819}",0.0,0.2962813973426819,3576.8701171875,548.4590530395508,0.6183159947395325,20.0,,0.0,0.0,60.0,0.0,-3.405447387695311,20.59455261230469,Leave_One_experiments/all_year_offline_schedule_search/daily_outputs/FQA/FQA_2007_FQA2007_stress_grid_S0032_daily.csv
FQA,FQA,Fengqiu,2007,Leave_One_experiments\wth_generated_qc\FQA\FQA2007.WTH,normal_year;water_stress_year;nitrogen_stress_year;irrigation_responsive_year,irrigation_responsive,FQA2007_stress_grid_S0032,pareto_balanced,2007-08-24,236,80,75,"{""sim_day"": 80.0, ""doy"": 236.0, ""topwt"": 3639.544982910156, ""grnwt"": 623.7600708007812, ""xlai"": 0.6008555293083191, ""totir"": 20.0, ""tofer"": NaN, ""swfac"": 0.0, ""nstres"": 0.2777302861213684}",0.0,0.2777302861213684,3639.544982910156,623.7600708007812,0.6008555293083191,20.0,,0.0,0.0,60.0,0.0,-3.405447387695311,20.59455261230469,Leave_One_experiments/all_year_offline_schedule_search/daily_outputs/FQA/FQA_2007_FQA2007_stress_grid_S0032_daily.csv
FQA,FQA,Fengqiu,2007,Leave_One_experiments\wth_generated_qc\FQA\FQA2007.WTH,normal_year;water_stress_year;nitrogen_stress_year;irrigation_responsive_year,irrigation_responsive,FQA2007_stress_grid_S0032,pareto_balanced,2007-08-25,237,81,76,"{""sim_day"": 81.0, ""doy"": 237.0, ""topwt"": 3719.8794555664062, ""grnwt"": 716.2349700927734, ""xlai"": 0.5838999152183533, ""totir"": 20.0, ""tofer"": NaN, ""swfac"": 0.0, ""nstres"": 0.2772597670555115}",0.0,0.2772597670555115,3719.8794555664062,716.2349700927734,0.5838999152183533,20.0,,0.0,0.0,60.0,0.0,-3.405447387695311,20.59455261230469,Leave_One_experiments/all_year_offline_schedule_search/daily_outputs/FQA/FQA_2007_FQA2007_stress_grid_S0032_daily.csv
FQA,FQA,Fengqiu,2007,Leave_One_experiments\wth_generated_qc\FQA\FQA2007.WTH,normal_year;water_stress_year;nitrogen_stress_year;irrigation_responsive_year,irrigation_responsive,FQA2007_stress_grid_S0032,pareto_balanced,2007-08-26,238,82,77,"{""sim_day"": 82.0, ""doy"": 238.0, ""topwt"": 3775.081787109375, ""grnwt"": 821.9205474853516, ""xlai"": 0.5673779249191284, ""totir"": 20.0, ""tofer"": NaN, ""swfac"": 0.0, ""nstres"": 0.2790988087654114}",0.0,0.2790988087654114,3775.081787109375,821.9205474853516,0.5673779249191284,20.0,,0.0,0.0,60.0,0.0,-3.405447387695311,20.59455261230469,Leave_One_experiments/all_year_offline_schedule_search/daily_outputs/FQA/FQA_2007_FQA2007_stress_grid_S0032_daily.csv
FQA,FQA,Fengqiu,2007,Leave_One_experiments\wth_generated_qc\FQA\FQA2007.WTH,normal_year;water_stress_year;nitrogen_stress_year;irrigation_responsive_year,irrigation_responsive,FQA2007_stress_grid_S0032,pareto_balanced,2007-08-27,239,83,78,"{""sim_day"": 83.0, ""doy"": 239.0, ""topwt"": 3864.639892578125, ""grnwt"": 927.6061248779296, ""xlai"": 0.5512028336524963, ""totir"": 20.0, ""tofer"": NaN, ""swfac"": 0.0, ""nstres"": 0.2842035889625549}",0.0,0.2842035889625549,3864.639892578125,927.6061248779296,0.5512028336524963,20.0,,0.0,0.0,60.0,0.0,-3.405447387695311,20.59455261230469,Leave_One_experiments/all_year_offline_schedule_search/daily_outputs/FQA/FQA_2007_FQA2007_stress_grid_S0032_daily.csv
FQA,FQA,Fengqiu,2007,Leave_One_experiments\wth_generated_qc\FQA\FQA2007.WTH,normal_year;water_stress_year;nitrogen_stress_year;irrigation_responsive_year,irrigation_responsive,FQA2007_stress_grid_S0032,pareto_balanced,2007-08-28,240,84,79,"{""sim_day"": 84.0, ""doy"": 240.0, ""topwt"": 3907.353515625, ""grnwt"": 1033.2917022705078, ""xlai"": 0.5356495976448059, ""totir"": 20.0, ""tofer"": NaN, ""swfac"": 0.0, ""nstres"": 0.2772054076194763}",0.0,0.2772054076194763,3907.353515625,1033.2917022705078,0.5356495976448059,20.0,,0.0,0.0,60.0,0.0,-3.405447387695311,20.59455261230469,Leave_One_experiments/all_year_offline_schedule_search/daily_outputs/FQA/FQA_2007_FQA2007_stress_grid_S0032_daily.csv
FQA,FQA,Fengqiu,2007,Leave_One_experiments\wth_generated_qc\FQA\FQA2007.WTH,normal_year;water_stress_year;nitrogen_stress_year;irrigation_responsive_year,irrigation_responsive,FQA2007_stress_grid_S0032,pareto_balanced,2007-08-29,241,85,80,"{""sim_day"": 85.0, ""doy"": 241.0, ""topwt"": 3915.6353759765625, ""grnwt"": 1138.977279663086, ""xlai"": 0.5202390551567078, ""totir"": 20.0, ""tofer"": NaN, ""swfac"": 0.0, ""nstres"": 0.2904772162437439}",0.0,0.2904772162437439,3915.6353759765625,1138.977279663086,0.5202390551567078,20.0,,0.0,0.0,60.0,0.0,-3.405447387695311,20.59455261230469,Leave_One_experiments/all_year_offline_schedule_search/daily_outputs/FQA/FQA_2007_FQA2007_stress_grid_S0032_daily.csv
FQA,FQA,Fengqiu,2007,Leave_One_experiments\wth_generated_qc\FQA\FQA2007.WTH,normal_year;water_stress_year;nitrogen_stress_year;irrigation_responsive_year,irrigation_responsive,FQA2007_stress_grid_S0032,pareto_balanced,2007-08-30,242,86,81,"{""sim_day"": 86.0, ""doy"": 242.0, ""topwt"": 3928.049926757813, ""grnwt"": 1244.662857055664, ""xlai"": 0.5056400299072266, ""totir"": 20.0, ""tofer"": NaN, ""swfac"": 0.0, ""nstres"": 0.2734909653663635}",0.0,0.2734909653663635,3928.049926757813,1244.662857055664,0.5056400299072266,20.0,,0.0,0.0,60.0,0.0,-3.405447387695311,20.59455261230469,Leave_One_experiments/all_year_offline_schedule_search/daily_outputs/FQA/FQA_2007_FQA2007_stress_grid_S0032_daily.csv
FQA,FQA,Fengqiu,2007,Leave_One_experiments\wth_generated_qc\FQA\FQA2007.WTH,normal_year;water_stress_year;nitrogen_stress_year;irrigation_responsive_year,irrigation_responsive,FQA2007_stress_grid_S0032,pareto_balanced,2007-08-31,243,87,82,"{""sim_day"": 87.0, ""doy"": 243.0, ""topwt"": 4014.869079589844, ""grnwt"": 1350.3485107421875, ""xlai"": 0.4918876886367798, ""totir"": 20.0, ""tofer"": NaN, ""swfac"": 0.0, ""nstres"": 0.2527490854263305}",0.0,0.2527490854263305,4014.869079589844,1350.3485107421875,0.4918876886367798,20.0,,0.0,0.0,60.0,0.0,-3.405447387695311,20.59455261230469,Leave_One_experiments/all_year_offline_schedule_search/daily_outputs/FQA/FQA_2007_FQA2007_stress_grid_S0032_daily.csv
FQA,FQA,Fengqiu,2007,Leave_One_experiments\wth_generated_qc\FQA\FQA2007.WTH,normal_year;water_stress_year;nitrogen_stress_year;irrigation_responsive_year,irrigation_responsive,FQA2007_stress_grid_S0032,pareto_balanced,2007-09-01,244,88,83,"{""sim_day"": 88.0, ""doy"": 244.0, ""topwt"": 4116.029968261719, ""grnwt"": 1456.0340881347656, ""xlai"": 0.478872537612915, ""totir"": 20.0, ""tofer"": NaN, ""swfac"": 0.0, ""nstres"": 0.2350292205810547}",0.0,0.2350292205810547,4116.029968261719,1456.0340881347656,0.478872537612915,20.0,,0.0,0.0,60.0,0.0,-3.405447387695311,20.59455261230469,Leave_One_experiments/all_year_offline_schedule_search/daily_outputs/FQA/FQA_2007_FQA2007_stress_grid_S0032_daily.csv
FQA,FQA,Fengqiu,2007,Leave_One_experiments\wth_generated_qc\FQA\FQA2007.WTH,normal_year;water_stress_year;nitrogen_stress_year;irrigation_responsive_year,irrigation_responsive,FQA2007_stress_grid_S0032,pareto_balanced,2007-09-02,245,89,84,"{""sim_day"": 89.0, ""doy"": 245.0, ""topwt"": 4181.263427734375, ""grnwt"": 1561.7196655273438, ""xlai"": 0.4657364189624786, ""totir"": 20.0, ""tofer"": NaN, ""swfac"": 0.0, ""nstres"": 0.2583518624305725}",0.0,0.2583518624305725,4181.263427734375,1561.7196655273438,0.4657364189624786,20.0,,0.0,0.0,60.0,0.0,-3.405447387695311,20.59455261230469,Leave_One_experiments/all_year_offline_schedule_search/daily_outputs/FQA/FQA_2007_FQA2007_stress_grid_S0032_daily.csv
FQA,FQA,Fengqiu,2007,Leave_One_experiments\wth_generated_qc\FQA\FQA2007.WTH,normal_year;water_stress_year;nitrogen_stress_year;irrigation_responsive_year,irrigation_responsive,FQA2007_stress_grid_S0032,pareto_balanced,2007-09-03,246,90,85,"{""sim_day"": 90.0, ""doy"": 246.0, ""topwt"": 4237.389526367188, ""grnwt"": 1667.405242919922, ""xlai"": 0.4523576200008392, ""totir"": 20.0, ""tofer"": NaN, ""swfac"": 0.0, ""nstres"": 0.2894272208213806}",0.0,0.2894272208213806,4237.389526367188,1667.405242919922,0.4523576200008392,20.0,,0.0,0.0,60.0,0.0,-3.405447387695311,20.59455261230469,Leave_One_experiments/all_year_offline_schedule_search/daily_outputs/FQA/FQA_2007_FQA2007_stress_grid_S0032_daily.csv
FQA,FQA,Fengqiu,2007,Leave_One_experiments\wth_generated_qc\FQA\FQA2007.WTH,normal_year;water_stress_year;nitrogen_stress_year;irrigation_responsive_year,irrigation_responsive,FQA2007_stress_grid_S0032,pareto_balanced,2007-09-04,247,91,86,"{""sim_day"": 91.0, ""doy"": 247.0, ""topwt"": 4304.765930175781, ""grnwt"": 1773.0908203125, ""xlai"": 0.4391751885414123, ""totir"": 20.0, ""tofer"": NaN, ""swfac"": 0.0, ""nstres"": 0.2993971705436706}",0.0,0.2993971705436706,4304.765930175781,1773.0908203125,0.4391751885414123,20.0,,0.0,0.0,60.0,0.0,-3.405447387695311,20.59455261230469,Leave_One_experiments/all_year_offline_schedule_search/daily_outputs/FQA/FQA_2007_FQA2007_stress_grid_S0032_daily.csv
FQA,FQA,Fengqiu,2007,Leave_One_experiments\wth_generated_qc\FQA\FQA2007.WTH,normal_year;water_stress_year;nitrogen_stress_year;irrigation_responsive_year,irrigation_responsive,FQA2007_stress_grid_S0032,pareto_balanced,2007-09-05,248,92,87,"{""sim_day"": 92.0, ""doy"": 248.0, ""topwt"": 4382.481384277344, ""grnwt"": 1878.776397705078, ""xlai"": 0.4263328015804291, ""totir"": 20.0, ""tofer"": NaN, ""swfac"": 0.0, ""nstres"": 0.3018087148666382}",0.0,0.3018087148666382,4382.481384277344,1878.776397705078,0.4263328015804291,20.0,,0.0,0.0,60.0,0.0,-3.405447387695311,20.59455261230469,Leave_One_experiments/all_year_offline_schedule_search/daily_outputs/FQA/FQA_2007_FQA2007_stress_grid_S0032_daily.csv
FQA,FQA,Fengqiu,2007,Leave_One_experiments\wth_generated_qc\FQA\FQA2007.WTH,normal_year;water_stress_year;nitrogen_stress_year;irrigation_responsive_year,irrigation_responsive,FQA2007_stress_grid_S0032,pareto_balanced,2007-09-06,249,93,88,"{""sim_day"": 93.0, ""doy"": 249.0, ""topwt"": 4429.010009765625, ""grnwt"": 1984.461975097656, ""xlai"": 0.4137361347675323, ""totir"": 20.0, ""tofer"": NaN, ""swfac"": 0.0, ""nstres"": 0.3091150522232055}",0.0,0.3091150522232055,4429.010009765625,1984.461975097656,0.4137361347675323,20.0,,0.0,0.0,60.0,0.0,-3.405447387695311,20.59455261230469,Leave_One_experiments/all_year_offline_schedule_search/daily_outputs/FQA/FQA_2007_FQA2007_stress_grid_S0032_daily.csv
FQA,FQA,Fengqiu,2007,Leave_One_experiments\wth_generated_qc\FQA\FQA2007.WTH,normal_year;water_stress_year;nitrogen_stress_year;irrigation_responsive_year,irrigation_responsive,FQA2007_stress_grid_S0032,pareto_balanced,2007-09-07,250,94,89,"{""sim_day"": 94.0, ""doy"": 250.0, ""topwt"": 4479.498291015625, ""grnwt"": 2090.1475524902344, ""xlai"": 0.4012880623340606, ""totir"": 20.0, ""tofer"": NaN, ""swfac"": 0.0, ""nstres"": 0.3220871686935425}",0.0,0.3220871686935425,4479.498291015625,2090.1475524902344,0.4012880623340606,20.0,,0.0,0.0,60.0,0.0,-3.405447387695311,20.59455261230469,Leave_One_experiments/all_year_offline_schedule_search/daily_outputs/FQA/FQA_2007_FQA2007_stress_grid_S0032_daily.csv
FQA,FQA,Fengqiu,2007,Leave_One_experiments\wth_generated_qc\FQA\FQA2007.WTH,normal_year;water_stress_year;nitrogen_stress_year;irrigation_responsive_year,irrigation_responsive,FQA2007_stress_grid_S0032,pareto_balanced,2007-09-08,251,95,90,"{""sim_day"": 95.0, ""doy"": 251.0, ""topwt"": 4553.448486328125, ""grnwt"": 2195.8331298828125, ""xlai"": 0.3892188370227813, ""totir"": 20.0, ""tofer"": NaN, ""swfac"": 0.0, ""nstres"": 0.3218280673027038}",0.0,0.3218280673027038,4553.448486328125,2195.8331298828125,0.3892188370227813,20.0,,0.0,0.0,60.0,0.0,-3.405447387695311,20.59455261230469,Leave_One_experiments/all_year_offline_schedule_search/daily_outputs/FQA/FQA_2007_FQA2007_stress_grid_S0032_daily.csv
FQA,FQA,Fengqiu,2007,Leave_One_experiments\wth_generated_qc\FQA\FQA2007.WTH,normal_year;water_stress_year;nitrogen_stress_year;irrigation_responsive_year,irrigation_responsive,FQA2007_stress_grid_S0032,pareto_balanced,2007-09-09,252,96,91,"{""sim_day"": 96.0, ""doy"": 252.0, ""topwt"": 4621.5826416015625, ""grnwt"": 2301.5187072753906, ""xlai"": 0.3775061368942261, ""totir"": 20.0, ""tofer"": NaN, ""swfac"": 0.0, ""nstres"": 0.322226881980896}",0.0,0.322226881980896,4621.5826416015625,2301.5187072753906,0.3775061368942261,20.0,,0.0,0.0,60.0,0.0,-3.405447387695311,20.59455261230469,Leave_One_experiments/all_year_offline_schedule_search/daily_outputs/FQA/FQA_2007_FQA2007_stress_grid_S0032_daily.csv
FQA,FQA,Fengqiu,2007,Leave_One_experiments\wth_generated_qc\FQA\FQA2007.WTH,normal_year;water_stress_year;nitrogen_stress_year;irrigation_responsive_year,irrigation_responsive,FQA2007_stress_grid_S0032,pareto_balanced,2007-09-10,253,97,92,"{""sim_day"": 97.0, ""doy"": 253.0, ""topwt"": 4686.572265625, ""grnwt"": 2407.2042846679688, ""xlai"": 0.3658937513828277, ""totir"": 20.0, ""tofer"": NaN, ""swfac"": 0.0, ""nstres"": 0.3382592797279358}",0.0,0.3382592797279358,4686.572265625,2407.2042846679688,0.3658937513828277,20.0,,0.0,0.0,60.0,0.0,-3.405447387695311,20.59455261230469,Leave_One_experiments/all_year_offline_schedule_search/daily_outputs/FQA/FQA_2007_FQA2007_stress_grid_S0032_daily.csv
FQA,FQA,Fengqiu,2007,Leave_One_experiments\wth_generated_qc\FQA\FQA2007.WTH,normal_year;water_stress_year;nitrogen_stress_year;irrigation_responsive_year,irrigation_responsive,FQA2007_stress_grid_S0032,pareto_balanced,2007-09-11,254,98,93,"{""sim_day"": 98.0, ""doy"": 254.0, ""topwt"": 4710.556640625, ""grnwt"": 2438.553771972656, ""xlai"": 0.3544697165489197, ""totir"": 20.0, ""tofer"": NaN, ""swfac"": 0.0, ""nstres"": 0.3493354320526123}",0.0,0.3493354320526123,4710.556640625,2438.553771972656,0.3544697165489197,20.0,,0.0,0.0,60.0,0.0,-3.405447387695311,20.59455261230469,Leave_One_experiments/all_year_offline_schedule_search/daily_outputs/FQA/FQA_2007_FQA2007_stress_grid_S0032_daily.csv
FQA,FQA,Fengqiu,2007,Leave_One_experiments\wth_generated_qc\FQA\FQA2007.WTH,normal_year;water_stress_year;nitrogen_stress_year;irrigation_responsive_year,irrigation_responsive,FQA2007_stress_grid_S0032,pareto_balanced,2007-09-12,255,99,94,"{""sim_day"": 99.0, ""doy"": 255.0, ""topwt"": 4725.7720947265625, ""grnwt"": 2453.7692260742188, ""xlai"": 0.3443042933940887, ""totir"": 20.0, ""tofer"": NaN, ""swfac"": 0.0, ""nstres"": 0.2882704138755798}",0.0,0.2882704138755798,4725.7720947265625,2453.7692260742188,0.3443042933940887,20.0,,0.0,0.0,60.0,0.0,-3.405447387695311,20.59455261230469,Leave_One_experiments/all_year_offline_schedule_search/daily_outputs/FQA/FQA_2007_FQA2007_stress_grid_S0032_daily.csv
FQA,FQA,Fengqiu,2007,Leave_One_experiments\wth_generated_qc\FQA\FQA2007.WTH,normal_year;water_stress_year;nitrogen_stress_year;irrigation_responsive_year,irrigation_responsive,FQA2007_stress_grid_S0032,pareto_balanced,2007-09-13,256,100,95,"{""sim_day"": 100.0, ""doy"": 256.0, ""topwt"": 4783.242492675781, ""grnwt"": 2511.239624023437, ""xlai"": 0.3352255821228027, ""totir"": 60.0, ""tofer"": NaN, ""swfac"": 0.0, ""nstres"": 0.2328382134437561}",0.0,0.2328382134437561,4783.242492675781,2511.239624023437,0.3352255821228027,60.0,,40.0,0.0,60.0,0.0,-3.405447387695311,20.59455261230469,Leave_One_experiments/all_year_offline_schedule_search/daily_outputs/FQA/FQA_2007_FQA2007_stress_grid_S0032_daily.csv
FQA,FQA,Fengqiu,2007,Leave_One_experiments\wth_generated_qc\FQA\FQA2007.WTH,normal_year;water_stress_year;nitrogen_stress_year;irrigation_responsive_year,irrigation_responsive,FQA2007_stress_grid_S0032,pareto_balanced,2007-09-14,257,101,96,"{""sim_day"": 101.0, ""doy"": 257.0, ""topwt"": 4838.658752441406, ""grnwt"": 2566.6558837890625, ""xlai"": 0.3265738189220428, ""totir"": 60.0, ""tofer"": NaN, ""swfac"": 0.0, ""nstres"": 0.219407320022583}",0.0,0.219407320022583,4838.658752441406,2566.6558837890625,0.3265738189220428,60.0,,0.0,0.0,60.0,0.0,-3.405447387695311,20.59455261230469,Leave_One_experiments/all_year_offline_schedule_search/daily_outputs/FQA/FQA_2007_FQA2007_stress_grid_S0032_daily.csv
FQA,FQA,Fengqiu,2007,Leave_One_experiments\wth_generated_qc\FQA\FQA2007.WTH,normal_year;water_stress_year;nitrogen_stress_year;irrigation_responsive_year,irrigation_responsive,FQA2007_stress_grid_S0032,pareto_balanced,2007-09-15,258,102,97,"{""sim_day"": 102.0, ""doy"": 258.0, ""topwt"": 4900.438232421875, ""grnwt"": 2628.4353637695312, ""xlai"": 0.3182108402252197, ""totir"": 60.0, ""tofer"": NaN, ""swfac"": 0.0, ""nstres"": 0.2145944237709045}",0.0,0.2145944237709045,4900.438232421875,2628.4353637695312,0.3182108402252197,60.0,,0.0,0.0,60.0,0.0,-3.405447387695311,20.59455261230469,Leave_One_experiments/all_year_offline_schedule_search/daily_outputs/FQA/FQA_2007_FQA2007_stress_grid_S0032_daily.csv
FQA,FQA,Fengqiu,2007,Leave_One_experiments\wth_generated_qc\FQA\FQA2007.WTH,normal_year;water_stress_year;nitrogen_stress_year;irrigation_responsive_year,irrigation_responsive,FQA2007_stress_grid_S0032,pareto_balanced,2007-09-16,259,103,98,"{""sim_day"": 103.0, ""doy"": 259.0, ""topwt"": 4931.4581298828125, ""grnwt"": 2659.4552612304688, ""xlai"": 0.3099101483821869, ""totir"": 60.0, ""tofer"": NaN, ""swfac"": 0.0, ""nstres"": 0.2260489463806152}",0.0,0.2260489463806152,4931.4581298828125,2659.4552612304688,0.3099101483821869,60.0,,0.0,0.0,60.0,0.0,-3.405447387695311,20.59455261230469,Leave_One_experiments/all_year_offline_schedule_search/daily_outputs/FQA/FQA_2007_FQA2007_stress_grid_S0032_daily.csv
FQA,FQA,Fengqiu,2007,Leave_One_experiments\wth_generated_qc\FQA\FQA2007.WTH,normal_year;water_stress_year;nitrogen_stress_year;irrigation_responsive_year,irrigation_responsive,FQA2007_stress_grid_S0032,pareto_balanced,2007-09-17,260,104,99,"{""sim_day"": 104.0, ""doy"": 260.0, ""topwt"": 4931.4581298828125, ""grnwt"": 2659.4552612304688, ""xlai"": 0.3099101483821869, ""totir"": 60.0, ""tofer"": NaN, ""swfac"": 0.0, ""nstres"": 0.1992775201797485}",0.0,0.1992775201797485,4931.4581298828125,2659.4552612304688,0.3099101483821869,60.0,,0.0,0.0,60.0,0.0,-3.405447387695311,20.59455261230469,Leave_One_experiments/all_year_offline_schedule_search/daily_outputs/FQA/FQA_2007_FQA2007_stress_grid_S0032_daily.csv
FQA,FQA,Fengqiu,2007,Leave_One_experiments\wth_generated_qc\FQA\FQA2007.WTH,normal_year;water_stress_year;nitrogen_stress_year;irrigation_responsive_year,irrigation_responsive,FQA2007_stress_grid_S0032,pareto_balanced,2007-09-18,261,105,100,"{""sim_day"": 105.0, ""doy"": 261.0, ""topwt"": 4931.4581298828125, ""grnwt"": 2659.4552612304688, ""xlai"": 0.3099101483821869, ""totir"": 60.0, ""tofer"": NaN, ""swfac"": 0.0, ""nstres"": 0.1992775201797485}",0.0,0.1992775201797485,4931.4581298828125,2659.4552612304688,0.3099101483821869,60.0,,0.0,0.0,60.0,0.0,-3.405447387695311,20.59455261230469,Leave_One_experiments/all_year_offline_schedule_search/daily_outputs/FQA/FQA_2007_FQA2007_stress_grid_S0032_daily.csv
FQA,FQA,Fengqiu,2007,Leave_One_experiments\wth_generated_qc\FQA\FQA2007.WTH,normal_year;water_stress_year;nitrogen_stress_year;irrigation_responsive_year,irrigation_responsive,FQA2007_stress_grid_S0032,pareto_balanced,2007-09-19,262,106,101,"{""sim_day"": 106.0, ""doy"": 262.0, ""topwt"": 4931.4581298828125, ""grnwt"": 2659.4552612304688, ""xlai"": 0.3099101483821869, ""totir"": 60.0, ""tofer"": NaN, ""swfac"": 0.0, ""nstres"": 0.1992775201797485}",0.0,0.1992775201797485,4931.4581298828125,2659.4552612304688,0.3099101483821869,60.0,,0.0,0.0,60.0,0.0,-3.405447387695311,20.59455261230469,Leave_One_experiments/all_year_offline_schedule_search/daily_outputs/FQA/FQA_2007_FQA2007_stress_grid_S0032_daily.csv
FQA,FQA,Fengqiu,2008,Leave_One_experiments\wth_generated_qc\FQA\FQA2008.WTH,normal_year;water_stress_year;nitrogen_stress_year;irrigation_responsive_year,irrigation_responsive,FQA2008_stress_grid_S0003,irrigation_positive_candidate,2008-06-10,162,1,1,"{""sim_day"": 1.0, ""doy"": 162.0, ""topwt"": 0.0, ""grnwt"": 0.0, ""xlai"": 0.0, ""totir"": 0.0, ""tofer"": NaN, ""swfac"": 0.0, ""nstres"": 0.0}",0.0,0.0,0.0,0.0,0.0,0.0,,0.0,0.0,20.0,0.0,17.525970458984375,25.52597045898437,Leave_One_experiments/all_year_offline_schedule_search/daily_outputs/FQA/FQA_2008_FQA2008_stress_grid_S0003_daily.csv
FQA,FQA,Fengqiu,2008,Leave_One_experiments\wth_generated_qc\FQA\FQA2008.WTH,normal_year;water_stress_year;nitrogen_stress_year;irrigation_responsive_year,irrigation_responsive,FQA2008_stress_grid_S0003,irrigation_positive_candidate,2008-06-11,163,2,2,"{""sim_day"": 2.0, ""doy"": 163.0, ""topwt"": 0.0, ""grnwt"": 0.0, ""xlai"": 0.0, ""totir"": 0.0, ""tofer"": NaN, ""swfac"": 0.0, ""nstres"": 0.0}",0.0,0.0,0.0,0.0,0.0,0.0,,0.0,0.0,20.0,0.0,17.525970458984375,25.52597045898437,Leave_One_experiments/all_year_offline_schedule_search/daily_outputs/FQA/FQA_2008_FQA2008_stress_grid_S0003_daily.csv
FQA,FQA,Fengqiu,2008,Leave_One_experiments\wth_generated_qc\FQA\FQA2008.WTH,normal_year;water_stress_year;nitrogen_stress_year;irrigation_responsive_year,irrigation_responsive,FQA2008_stress_grid_S0003,irrigation_positive_candidate,2008-06-12,164,3,3,"{""sim_day"": 3.0, ""doy"": 164.0, ""topwt"": 0.0, ""grnwt"": 0.0, ""xlai"": 0.0, ""totir"": 0.0, ""tofer"": NaN, ""swfac"": 0.0, ""nstres"": 0.0}",0.0,0.0,0.0,0.0,0.0,0.0,,0.0,0.0,20.0,0.0,17.525970458984375,25.52597045898437,Leave_One_experiments/all_year_offline_schedule_search/daily_outputs/FQA/FQA_2008_FQA2008_stress_grid_S0003_daily.csv
FQA,FQA,Fengqiu,2008,Leave_One_experiments\wth_generated_qc\FQA\FQA2008.WTH,normal_year;water_stress_year;nitrogen_stress_year;irrigation_responsive_year,irrigation_responsive,FQA2008_stress_grid_S0003,irrigation_positive_candidate,2008-06-13,165,4,4,"{""sim_day"": 4.0, ""doy"": 165.0, ""topwt"": 0.0, ""grnwt"": 0.0, ""xlai"": 0.0, ""totir"": 0.0, ""tofer"": NaN, ""swfac"": 0.0, ""nstres"": 0.0}",0.0,0.0,0.0,0.0,0.0,0.0,,0.0,0.0,20.0,0.0,17.525970458984375,25.52597045898437,Leave_One_experiments/all_year_offline_schedule_search/daily_outputs/FQA/FQA_2008_FQA2008_stress_grid_S0003_daily.csv
FQA,FQA,Fengqiu,2008,Leave_One_experiments\wth_generated_qc\FQA\FQA2008.WTH,normal_year;water_stress_year;nitrogen_stress_year;irrigation_responsive_year,irrigation_responsive,FQA2008_stress_grid_S0003,irrigation_positive_candidate,2008-06-14,166,5,5,"{""sim_day"": 5.0, ""doy"": 166.0, ""topwt"": 0.0, ""grnwt"": 0.0, ""xlai"": 0.0, ""totir"": 0.0, ""tofer"": NaN, ""swfac"": 0.0, ""nstres"": 0.0}",0.0,0.0,0.0,0.0,0.0,0.0,,0.0,0.0,20.0,0.0,17.525970458984375,25.52597045898437,Leave_One_experiments/all_year_offline_schedule_search/daily_outputs/FQA/FQA_2008_FQA2008_stress_grid_S0003_daily.csv
FQA,FQA,Fengqiu,2008,Leave_One_experiments\wth_generated_qc\FQA\FQA2008.WTH,normal_year;water_stress_year;nitrogen_stress_year;irrigation_responsive_year,irrigation_responsive,FQA2008_stress_grid_S0003,irrigation_positive_candidate,2008-06-10,162,6,1,"{""sim_day"": 6.0, ""doy"": 162.0, ""topwt"": 0.0, ""grnwt"": 0.0, ""xlai"": 0.0, ""totir"": 0.0, ""tofer"": NaN, ""swfac"": 0.0, ""nstres"": 0.0}",0.0,0.0,0.0,0.0,0.0,0.0,,0.0,0.0,20.0,0.0,17.525970458984375,25.52597045898437,Leave_One_experiments/all_year_offline_schedule_search/daily_outputs/FQA/FQA_2008_FQA2008_stress_grid_S0003_daily.csv
FQA,FQA,Fengqiu,2008,Leave_One_experiments\wth_generated_qc\FQA\FQA2008.WTH,normal_year;water_stress_year;nitrogen_stress_year;irrigation_responsive_year,irrigation_responsive,FQA2008_stress_grid_S0003,irrigation_positive_candidate,2008-06-11,163,7,2,"{""sim_day"": 7.0, ""doy"": 163.0, ""topwt"": 0.0, ""grnwt"": 0.0, ""xlai"": 0.0, ""totir"": 0.0, ""tofer"": NaN, ""swfac"": 0.0, ""nstres"": 0.0}",0.0,0.0,0.0,0.0,0.0,0.0,,0.0,0.0,20.0,0.0,17.525970458984375,25.52597045898437,Leave_One_experiments/all_year_offline_schedule_search/daily_outputs/FQA/FQA_2008_FQA2008_stress_grid_S0003_daily.csv
FQA,FQA,Fengqiu,2008,Leave_One_experiments\wth_generated_qc\FQA\FQA2008.WTH,normal_year;water_stress_year;nitrogen_stress_year;irrigation_responsive_year,irrigation_responsive,FQA2008_stress_grid_S0003,irrigation_positive_candidate,2008-06-12,164,8,3,"{""sim_day"": 8.0, ""doy"": 164.0, ""topwt"": 0.0, ""grnwt"": 0.0, ""xlai"": 0.0, ""totir"": 0.0, ""tofer"": NaN, ""swfac"": 0.0, ""nstres"": 0.0}",0.0,0.0,0.0,0.0,0.0,0.0,,0.0,0.0,20.0,0.0,17.525970458984375,25.52597045898437,Leave_One_experiments/all_year_offline_schedule_search/daily_outputs/FQA/FQA_2008_FQA2008_stress_grid_S0003_daily.csv
FQA,FQA,Fengqiu,2008,Leave_One_experiments\wth_generated_qc\FQA\FQA2008.WTH,normal_year;water_stress_year;nitrogen_stress_year;irrigation_responsive_year,irrigation_responsive,FQA2008_stress_grid_S0003,irrigation_positive_candidate,2008-06-13,165,9,4,"{""sim_day"": 9.0, ""doy"": 165.0, ""topwt"": 0.0, ""grnwt"": 0.0, ""xlai"": 0.0, ""totir"": 0.0, ""tofer"": NaN, ""swfac"": 0.0, ""nstres"": 0.0}",0.0,0.0,0.0,0.0,0.0,0.0,,0.0,0.0,20.0,0.0,17.525970458984375,25.52597045898437,Leave_One_experiments/all_year_offline_schedule_search/daily_outputs/FQA/FQA_2008_FQA2008_stress_grid_S0003_daily.csv
FQA,FQA,Fengqiu,2008,Leave_One_experiments\wth_generated_qc\FQA\FQA2008.WTH,normal_year;water_stress_year;nitrogen_stress_year;irrigation_responsive_year,irrigation_responsive,FQA2008_stress_grid_S0003,irrigation_positive_candidate,2008-06-14,166,10,5,"{""sim_day"": 10.0, ""doy"": 166.0, ""topwt"": 0.0, ""grnwt"": 0.0, ""xlai"": 0.0, ""totir"": 0.0, ""tofer"": NaN, ""swfac"": 0.0, ""nstres"": 0.0}",0.0,0.0,0.0,0.0,0.0,0.0,,0.0,0.0,20.0,0.0,17.525970458984375,25.52597045898437,Leave_One_experiments/all_year_offline_schedule_search/daily_outputs/FQA/FQA_2008_FQA2008_stress_grid_S0003_daily.csv
FQA,FQA,Fengqiu,2008,Leave_One_experiments\wth_generated_qc\FQA\FQA2008.WTH,normal_year;water_stress_year;nitrogen_stress_year;irrigation_responsive_year,irrigation_responsive,FQA2008_stress_grid_S0003,irrigation_positive_candidate,2008-06-15,167,11,6,"{""sim_day"": 11.0, ""doy"": 167.0, ""topwt"": 32.00000047683716, ""grnwt"": 0.0, ""xlai"": 0.0021261305082589, ""totir"": 0.0, ""tofer"": NaN, ""swfac"": 0.0, ""nstres"": 0.0121910572052001}",0.0,0.0121910572052001,32.00000047683716,0.0,0.0021261305082589,0.0,,0.0,0.0,20.0,0.0,17.525970458984375,25.52597045898437,Leave_One_experiments/all_year_offline_schedule_search/daily_outputs/FQA/FQA_2008_FQA2008_stress_grid_S0003_daily.csv
FQA,FQA,Fengqiu,2008,Leave_One_experiments\wth_generated_qc\FQA\FQA2008.WTH,normal_year;water_stress_year;nitrogen_stress_year;irrigation_responsive_year,irrigation_responsive,FQA2008_stress_grid_S0003,irrigation_positive_candidate,2008-06-16,168,12,7,"{""sim_day"": 12.0, ""doy"": 168.0, ""topwt"": 32.00000047683716, ""grnwt"": 0.0, ""xlai"": 0.0036666626110672, ""totir"": 0.0, ""tofer"": NaN, ""swfac"": 0.0, ""nstres"": 0.0069057941436767}",0.0,0.0069057941436767,32.00000047683716,0.0,0.0036666626110672,0.0,,0.0,0.0,20.0,0.0,17.525970458984375,25.52597045898437,Leave_One_experiments/all_year_offline_schedule_search/daily_outputs/FQA/FQA_2008_FQA2008_stress_grid_S0003_daily.csv
FQA,FQA,Fengqiu,2008,Leave_One_experiments\wth_generated_qc\FQA\FQA2008.WTH,normal_year;water_stress_year;nitrogen_stress_year;irrigation_responsive_year,irrigation_responsive,FQA2008_stress_grid_S0003,irrigation_positive_candidate,2008-06-17,169,13,8,"{""sim_day"": 13.0, ""doy"": 169.0, ""topwt"": 32.00000047683716, ""grnwt"": 0.0, ""xlai"": 0.0057223690673708, ""totir"": 0.0, ""tofer"": NaN, ""swfac"": 0.0, ""nstres"": 0.0}",0.0,0.0,32.00000047683716,0.0,0.0057223690673708,0.0,,0.0,0.0,20.0,0.0,17.525970458984375,25.52597045898437,Leave_One_experiments/all_year_offline_schedule_search/daily_outputs/FQA/FQA_2008_FQA2008_stress_grid_S0003_daily.csv
FQA,FQA,Fengqiu,2008,Leave_One_experiments\wth_generated_qc\FQA\FQA2008.WTH,normal_year;water_stress_year;nitrogen_stress_year;irrigation_responsive_year,irrigation_responsive,FQA2008_stress_grid_S0003,irrigation_positive_candidate,2008-06-18,170,14,9,"{""sim_day"": 14.0, ""doy"": 170.0, ""topwt"": 32.00000047683716, ""grnwt"": 0.0, ""xlai"": 0.0083634089678525, ""totir"": 0.0, ""tofer"": NaN, ""swfac"": 0.0, ""nstres"": 0.0}",0.0,0.0,32.00000047683716,0.0,0.0083634089678525,0.0,,0.0,0.0,20.0,0.0,17.525970458984375,25.52597045898437,Leave_One_experiments/all_year_offline_schedule_search/daily_outputs/FQA/FQA_2008_FQA2008_stress_grid_S0003_daily.csv
FQA,FQA,Fengqiu,2008,Leave_One_experiments\wth_generated_qc\FQA\FQA2008.WTH,normal_year;water_stress_year;nitrogen_stress_year;irrigation_responsive_year,irrigation_responsive,FQA2008_stress_grid_S0003,irrigation_positive_candidate,2008-06-19,171,15,10,"{""sim_day"": 15.0, ""doy"": 171.0, ""topwt"": 32.00000047683716, ""grnwt"": 0.0, ""xlai"": 0.0115837436169385, ""totir"": 0.0, ""tofer"": NaN, ""swfac"": 0.0, ""nstres"": 0.0}",0.0,0.0,32.00000047683716,0.0,0.0115837436169385,0.0,,0.0,0.0,20.0,0.0,17.525970458984375,25.52597045898437,Leave_One_experiments/all_year_offline_schedule_search/daily_outputs/FQA/FQA_2008_FQA2008_stress_grid_S0003_daily.csv
FQA,FQA,Fengqiu,2008,Leave_One_experiments\wth_generated_qc\FQA\FQA2008.WTH,normal_year;water_stress_year;nitrogen_stress_year;irrigation_responsive_year,irrigation_responsive,FQA2008_stress_grid_S0003,irrigation_positive_candidate,2008-06-20,172,16,11,"{""sim_day"": 16.0, ""doy"": 172.0, ""topwt"": 32.00000047683716, ""grnwt"": 0.0, ""xlai"": 0.0150151317939162, ""totir"": 0.0, ""tofer"": NaN, ""swfac"": 0.0, ""nstres"": 0.0}",0.0,0.0,32.00000047683716,0.0,0.0150151317939162,0.0,,0.0,0.0,20.0,0.0,17.525970458984375,25.52597045898437,Leave_One_experiments/all_year_offline_schedule_search/daily_outputs/FQA/FQA_2008_FQA2008_stress_grid_S0003_daily.csv
FQA,FQA,Fengqiu,2008,Leave_One_experiments\wth_generated_qc\FQA\FQA2008.WTH,normal_year;water_stress_year;nitrogen_stress_year;irrigation_responsive_year,irrigation_responsive,FQA2008_stress_grid_S0003,irrigation_positive_candidate,2008-06-21,173,17,12,"{""sim_day"": 17.0, ""doy"": 173.0, ""topwt"": 32.00000047683716, ""grnwt"": 0.0, ""xlai"": 0.0189855564385652, ""totir"": 0.0, ""tofer"": NaN, ""swfac"": 0.0, ""nstres"": 0.0}",0.0,0.0,32.00000047683716,0.0,0.0189855564385652,0.0,,0.0,0.0,20.0,0.0,17.525970458984375,25.52597045898437,Leave_One_experiments/all_year_offline_schedule_search/daily_outputs/FQA/FQA_2008_FQA2008_stress_grid_S0003_daily.csv
FQA,FQA,Fengqiu,2008,Leave_One_experiments\wth_generated_qc\FQA\FQA2008.WTH,normal_year;water_stress_year;nitrogen_stress_year;irrigation_responsive_year,irrigation_responsive,FQA2008_stress_grid_S0003,irrigation_positive_candidate,2008-06-22,174,18,13,"{""sim_day"": 18.0, ""doy"": 174.0, ""topwt"": 23.652806282043457, ""grnwt"": 0.0, ""xlai"": 0.0324826911091804, ""totir"": 0.0, ""tofer"": NaN, ""swfac"": 0.0, ""nstres"": 0.0}",0.0,0.0,23.652806282043457,0.0,0.0324826911091804,0.0,,0.0,0.0,20.0,0.0,17.525970458984375,25.52597045898437,Leave_One_experiments/all_year_offline_schedule_search/daily_outputs/FQA/FQA_2008_FQA2008_stress_grid_S0003_daily.csv
FQA,FQA,Fengqiu,2008,Leave_One_experiments\wth_generated_qc\FQA\FQA2008.WTH,normal_year;water_stress_year;nitrogen_stress_year;irrigation_responsive_year,irrigation_responsive,FQA2008_stress_grid_S0003,irrigation_positive_candidate,2008-06-23,175,19,14,"{""sim_day"": 19.0, ""doy"": 175.0, ""topwt"": 27.607693672180176, ""grnwt"": 0.0, ""xlai"": 0.0452644899487495, ""totir"": 0.0, ""tofer"": NaN, ""swfac"": 0.0, ""nstres"": 0.0}",0.0,0.0,27.607693672180176,0.0,0.0452644899487495,0.0,,0.0,0.0,20.0,0.0,17.525970458984375,25.52597045898437,Leave_One_experiments/all_year_offline_schedule_search/daily_outputs/FQA/FQA_2008_FQA2008_stress_grid_S0003_daily.csv
FQA,FQA,Fengqiu,2008,Leave_One_experiments\wth_generated_qc\FQA\FQA2008.WTH,normal_year;water_stress_year;nitrogen_stress_year;irrigation_responsive_year,irrigation_responsive,FQA2008_stress_grid_S0003,irrigation_positive_candidate,2008-06-24,176,20,15,"{""sim_day"": 20.0, ""doy"": 176.0, ""topwt"": 33.92127513885498, ""grnwt"": 0.0, ""xlai"": 0.0639530569314956, ""totir"": 0.0, ""tofer"": NaN, ""swfac"": 0.0, ""nstres"": 0.0}",0.0,0.0,33.92127513885498,0.0,0.0639530569314956,0.0,,0.0,0.0,20.0,0.0,17.525970458984375,25.52597045898437,Leave_One_experiments/all_year_offline_schedule_search/daily_outputs/FQA/FQA_2008_FQA2008_stress_grid_S0003_daily.csv
FQA,FQA,Fengqiu,2008,Leave_One_experiments\wth_generated_qc\FQA\FQA2008.WTH,normal_year;water_stress_year;nitrogen_stress_year;irrigation_responsive_year,irrigation_responsive,FQA2008_stress_grid_S0003,irrigation_positive_candidate,2008-06-25,177,21,16,"{""sim_day"": 21.0, ""doy"": 177.0, ""topwt"": 40.21195888519287, ""grnwt"": 0.0, ""xlai"": 0.0812315791845321, ""totir"": 0.0, ""tofer"": NaN, ""swfac"": 0.0, ""nstres"": 0.0}",0.0,0.0,40.21195888519287,0.0,0.0812315791845321,0.0,,0.0,0.0,20.0,0.0,17.525970458984375,25.52597045898437,Leave_One_experiments/all_year_offline_schedule_search/daily_outputs/FQA/FQA_2008_FQA2008_stress_grid_S0003_daily.csv
FQA,FQA,Fengqiu,2008,Leave_One_experiments\wth_generated_qc\FQA\FQA2008.WTH,normal_year;water_stress_year;nitrogen_stress_year;irrigation_responsive_year,irrigation_responsive,FQA2008_stress_grid_S0003,irrigation_positive_candidate,2008-06-26,178,22,17,"{""sim_day"": 22.0, ""doy"": 178.0, ""topwt"": 48.21322917938232, ""grnwt"": 0.0, ""xlai"": 0.1019063144922256, ""totir"": 0.0, ""tofer"": NaN, ""swfac"": 0.0, ""nstres"": 0.0}",0.0,0.0,48.21322917938232,0.0,0.1019063144922256,0.0,,0.0,0.0,20.0,0.0,17.525970458984375,25.52597045898437,Leave_One_experiments/all_year_offline_schedule_search/daily_outputs/FQA/FQA_2008_FQA2008_stress_grid_S0003_daily.csv
FQA,FQA,Fengqiu,2008,Leave_One_experiments\wth_generated_qc\FQA\FQA2008.WTH,normal_year;water_stress_year;nitrogen_stress_year;irrigation_responsive_year,irrigation_responsive,FQA2008_stress_grid_S0003,irrigation_positive_candidate,2008-06-27,179,23,18,"{""sim_day"": 23.0, ""doy"": 179.0, ""topwt"": 57.38840103149414, ""grnwt"": 0.0, ""xlai"": 0.1243219673633575, ""totir"": 0.0, ""tofer"": NaN, ""swfac"": 0.0, ""nstres"": 0.0}",0.0,0.0,57.38840103149414,0.0,0.1243219673633575,0.0,,0.0,0.0,20.0,0.0,17.525970458984375,25.52597045898437,Leave_One_experiments/all_year_offline_schedule_search/daily_outputs/FQA/FQA_2008_FQA2008_stress_grid_S0003_daily.csv
FQA,FQA,Fengqiu,2008,Leave_One_experiments\wth_generated_qc\FQA\FQA2008.WTH,normal_year;water_stress_year;nitrogen_stress_year;irrigation_responsive_year,irrigation_responsive,FQA2008_stress_grid_S0003,irrigation_positive_candidate,2008-06-28,180,24,19,"{""sim_day"": 24.0, ""doy"": 180.0, ""topwt"": 68.89780521392822, ""grnwt"": 0.0, ""xlai"": 0.1510054767131805, ""totir"": 0.0, ""tofer"": NaN, ""swfac"": 0.0, ""nstres"": 0.0}",0.0,0.0,68.89780521392822,0.0,0.1510054767131805,0.0,,0.0,0.0,20.0,0.0,17.525970458984375,25.52597045898437,Leave_One_experiments/all_year_offline_schedule_search/daily_outputs/FQA/FQA_2008_FQA2008_stress_grid_S0003_daily.csv
FQA,FQA,Fengqiu,2008,Leave_One_experiments\wth_generated_qc\FQA\FQA2008.WTH,normal_year;water_stress_year;nitrogen_stress_year;irrigation_responsive_year,irrigation_responsive,FQA2008_stress_grid_S0003,irrigation_positive_candidate,2008-06-29,181,25,20,"{""sim_day"": 25.0, ""doy"": 181.0, ""topwt"": 81.78180694580078, ""grnwt"": 0.0, ""xlai"": 0.1794438660144806, ""totir"": 20.0, ""tofer"": NaN, ""swfac"": 0.0, ""nstres"": 0.0}",0.0,0.0,81.78180694580078,0.0,0.1794438660144806,20.0,,20.0,0.0,20.0,0.0,17.525970458984375,25.52597045898437,Leave_One_experiments/all_year_offline_schedule_search/daily_outputs/FQA/FQA_2008_FQA2008_stress_grid_S0003_daily.csv
FQA,FQA,Fengqiu,2008,Leave_One_experiments\wth_generated_qc\FQA\FQA2008.WTH,normal_year;water_stress_year;nitrogen_stress_year;irrigation_responsive_year,irrigation_responsive,FQA2008_stress_grid_S0003,irrigation_positive_candidate,2008-06-30,182,26,21,"{""sim_day"": 26.0, ""doy"": 182.0, ""topwt"": 89.94613647460938, ""grnwt"": 0.0, ""xlai"": 0.1967922747135162, ""totir"": 20.0, ""tofer"": NaN, ""swfac"": 0.0, ""nstres"": 0.0}",0.0,0.0,89.94613647460938,0.0,0.1967922747135162,20.0,,0.0,0.0,20.0,0.0,17.525970458984375,25.52597045898437,Leave_One_experiments/all_year_offline_schedule_search/daily_outputs/FQA/FQA_2008_FQA2008_stress_grid_S0003_daily.csv
FQA,FQA,Fengqiu,2008,Leave_One_experiments\wth_generated_qc\FQA\FQA2008.WTH,normal_year;water_stress_year;nitrogen_stress_year;irrigation_responsive_year,irrigation_responsive,FQA2008_stress_grid_S0003,irrigation_positive_candidate,2008-07-01,183,27,22,"{""sim_day"": 27.0, ""doy"": 183.0, ""topwt"": 103.76584053039552, ""grnwt"": 0.0, ""xlai"": 0.2241681069135666, ""totir"": 20.0, ""tofer"": NaN, ""swfac"": 0.0, ""nstres"": 0.0}",0.0,0.0,103.76584053039552,0.0,0.2241681069135666,20.0,,0.0,0.0,20.0,0.0,17.525970458984375,25.52597045898437,Leave_One_experiments/all_year_offline_schedule_search/daily_outputs/FQA/FQA_2008_FQA2008_stress_grid_S0003_daily.csv
FQA,FQA,Fengqiu,2008,Leave_One_experiments\wth_generated_qc\FQA\FQA2008.WTH,normal_year;water_stress_year;nitrogen_stress_year;irrigation_responsive_year,irrigation_responsive,FQA2008_stress_grid_S0003,irrigation_positive_candidate,2008-07-02,184,28,23,"{""sim_day"": 28.0, ""doy"": 184.0, ""topwt"": 122.70838737487792, ""grnwt"": 0.0, ""xlai"": 0.2628859877586365, ""totir"": 20.0, ""tofer"": NaN, ""swfac"": 0.0, ""nstres"": 0.0}",0.0,0.0,122.70838737487792,0.0,0.2628859877586365,20.0,,0.0,0.0,20.0,0.0,17.525970458984375,25.52597045898437,Leave_One_experiments/all_year_offline_schedule_search/daily_outputs/FQA/FQA_2008_FQA2008_stress_grid_S0003_daily.csv
FQA,FQA,Fengqiu,2008,Leave_One_experiments\wth_generated_qc\FQA\FQA2008.WTH,normal_year;water_stress_year;nitrogen_stress_year;irrigation_responsive_year,irrigation_responsive,FQA2008_stress_grid_S0003,irrigation_positive_candidate,2008-07-03,185,29,24,"{""sim_day"": 29.0, ""doy"": 185.0, ""topwt"": 145.0035572052002, ""grnwt"": 0.0, ""xlai"": 0.3063895106315613, ""totir"": 20.0, ""tofer"": NaN, ""swfac"": 0.0, ""nstres"": 0.0}",0.0,0.0,145.0035572052002,0.0,0.3063895106315613,20.0,,0.0,0.0,20.0,0.0,17.525970458984375,25.52597045898437,Leave_One_experiments/all_year_offline_schedule_search/daily_outputs/FQA/FQA_2008_FQA2008_stress_grid_S0003_daily.csv
FQA,FQA,Fengqiu,2008,Leave_One_experiments\wth_generated_qc\FQA\FQA2008.WTH,normal_year;water_stress_year;nitrogen_stress_year;irrigation_responsive_year,irrigation_responsive,FQA2008_stress_grid_S0003,irrigation_positive_candidate,2008-07-04,186,30,25,"{""sim_day"": 30.0, ""doy"": 186.0, ""topwt"": 164.483642578125, ""grnwt"": 0.0, ""xlai"": 0.3428657650947571, ""totir"": 20.0, ""tofer"": NaN, ""swfac"": 0.0, ""nstres"": 0.0}",0.0,0.0,164.483642578125,0.0,0.3428657650947571,20.0,,0.0,0.0,20.0,0.0,17.525970458984375,25.52597045898437,Leave_One_experiments/all_year_offline_schedule_search/daily_outputs/FQA/FQA_2008_FQA2008_stress_grid_S0003_daily.csv
FQA,FQA,Fengqiu,2008,Leave_One_experiments\wth_generated_qc\FQA\FQA2008.WTH,normal_year;water_stress_year;nitrogen_stress_year;irrigation_responsive_year,irrigation_responsive,FQA2008_stress_grid_S0003,irrigation_positive_candidate,2008-07-05,187,31,26,"{""sim_day"": 31.0, ""doy"": 187.0, ""topwt"": 187.70177841186523, ""grnwt"": 0.0, ""xlai"": 0.3846487402915954, ""totir"": 20.0, ""tofer"": NaN, ""swfac"": 0.0, ""nstres"": 0.0}",0.0,0.0,187.70177841186523,0.0,0.3846487402915954,20.0,,0.0,0.0,20.0,0.0,17.525970458984375,25.52597045898437,Leave_One_experiments/all_year_offline_schedule_search/daily_outputs/FQA/FQA_2008_FQA2008_stress_grid_S0003_daily.csv
FQA,FQA,Fengqiu,2008,Leave_One_experiments\wth_generated_qc\FQA\FQA2008.WTH,normal_year;water_stress_year;nitrogen_stress_year;irrigation_responsive_year,irrigation_responsive,FQA2008_stress_grid_S0003,irrigation_positive_candidate,2008-07-06,188,32,27,"{""sim_day"": 32.0, ""doy"": 188.0, ""topwt"": 208.67677688598636, ""grnwt"": 0.0, ""xlai"": 0.4210401177406311, ""totir"": 20.0, ""tofer"": NaN, ""swfac"": 0.0, ""nstres"": 0.0}",0.0,0.0,208.67677688598636,0.0,0.4210401177406311,20.0,,0.0,0.0,20.0,0.0,17.525970458984375,25.52597045898437,Leave_One_experiments/all_year_offline_schedule_search/daily_outputs/FQA/FQA_2008_FQA2008_stress_grid_S0003_daily.csv
FQA,FQA,Fengqiu,2008,Leave_One_experiments\wth_generated_qc\FQA\FQA2008.WTH,normal_year;water_stress_year;nitrogen_stress_year;irrigation_responsive_year,irrigation_responsive,FQA2008_stress_grid_S0003,irrigation_positive_candidate,2008-07-07,189,33,28,"{""sim_day"": 33.0, ""doy"": 189.0, ""topwt"": 232.44647979736328, ""grnwt"": 0.0, ""xlai"": 0.4608390927314758, ""totir"": 20.0, ""tofer"": NaN, ""swfac"": 0.0, ""nstres"": 0.0}",0.0,0.0,232.44647979736328,0.0,0.4608390927314758,20.0,,0.0,0.0,20.0,0.0,17.525970458984375,25.52597045898437,Leave_One_experiments/all_year_offline_schedule_search/daily_outputs/FQA/FQA_2008_FQA2008_stress_grid_S0003_daily.csv
FQA,FQA,Fengqiu,2008,Leave_One_experiments\wth_generated_qc\FQA\FQA2008.WTH,normal_year;water_stress_year;nitrogen_stress_year;irrigation_responsive_year,irrigation_responsive,FQA2008_stress_grid_S0003,irrigation_positive_candidate,2008-07-08,190,34,29,"{""sim_day"": 34.0, ""doy"": 190.0, ""topwt"": 262.27569580078125, ""grnwt"": 0.0, ""xlai"": 0.5088114142417908, ""totir"": 20.0, ""tofer"": NaN, ""swfac"": 0.0, ""nstres"": 0.0}",0.0,0.0,262.27569580078125,0.0,0.5088114142417908,20.0,,0.0,0.0,20.0,0.0,17.525970458984375,25.52597045898437,Leave_One_experiments/all_year_offline_schedule_search/daily_outputs/FQA/FQA_2008_FQA2008_stress_grid_S0003_daily.csv
FQA,FQA,Fengqiu,2008,Leave_One_experiments\wth_generated_qc\FQA\FQA2008.WTH,normal_year;water_stress_year;nitrogen_stress_year;irrigation_responsive_year,irrigation_responsive,FQA2008_stress_grid_S0003,irrigation_positive_candidate,2008-07-09,191,35,30,"{""sim_day"": 35.0, ""doy"": 191.0, ""topwt"": 300.1603889465332, ""grnwt"": 0.0, ""xlai"": 0.5669415593147278, ""totir"": 20.0, ""tofer"": NaN, ""swfac"": 0.0, ""nstres"": 0.0}",0.0,0.0,300.1603889465332,0.0,0.5669415593147278,20.0,,0.0,0.0,20.0,0.0,17.525970458984375,25.52597045898437,Leave_One_experiments/all_year_offline_schedule_search/daily_outputs/FQA/FQA_2008_FQA2008_stress_grid_S0003_daily.csv
FQA,FQA,Fengqiu,2008,Leave_One_experiments\wth_generated_qc\FQA\FQA2008.WTH,normal_year;water_stress_year;nitrogen_stress_year;irrigation_responsive_year,irrigation_responsive,FQA2008_stress_grid_S0003,irrigation_positive_candidate,2008-07-10,192,36,31,"{""sim_day"": 36.0, ""doy"": 192.0, ""topwt"": 345.73131561279297, ""grnwt"": 0.0, ""xlai"": 0.6333047747612, ""totir"": 20.0, ""tofer"": NaN, ""swfac"": 0.0, ""nstres"": 0.0}",0.0,0.0,345.73131561279297,0.0,0.6333047747612,20.0,,0.0,0.0,20.0,0.0,17.525970458984375,25.52597045898437,Leave_One_experiments/all_year_offline_schedule_search/daily_outputs/FQA/FQA_2008_FQA2008_stress_grid_S0003_daily.csv
FQA,FQA,Fengqiu,2008,Leave_One_experiments\wth_generated_qc\FQA\FQA2008.WTH,normal_year;water_stress_year;nitrogen_stress_year;irrigation_responsive_year,irrigation_responsive,FQA2008_stress_grid_S0003,irrigation_positive_candidate,2008-07-11,193,37,32,"{""sim_day"": 37.0, ""doy"": 193.0, ""topwt"": 388.7106704711914, ""grnwt"": 0.0, ""xlai"": 0.6929619312286377, ""totir"": 20.0, ""tofer"": NaN, ""swfac"": 0.0, ""nstres"": 0.0}",0.0,0.0,388.7106704711914,0.0,0.6929619312286377,20.0,,0.0,0.0,20.0,0.0,17.525970458984375,25.52597045898437,Leave_One_experiments/all_year_offline_schedule_search/daily_outputs/FQA/FQA_2008_FQA2008_stress_grid_S0003_daily.csv
FQA,FQA,Fengqiu,2008,Leave_One_experiments\wth_generated_qc\FQA\FQA2008.WTH,normal_year;water_stress_year;nitrogen_stress_year;irrigation_responsive_year,irrigation_responsive,FQA2008_stress_grid_S0003,irrigation_positive_candidate,2008-07-12,194,38,33,"{""sim_day"": 38.0, ""doy"": 194.0, ""topwt"": 436.6242980957031, ""grnwt"": 0.0, ""xlai"": 0.7564246654510498, ""totir"": 20.0, ""tofer"": NaN, ""swfac"": 0.0, ""nstres"": 0.0}",0.0,0.0,436.6242980957031,0.0,0.7564246654510498,20.0,,0.0,0.0,20.0,0.0,17.525970458984375,25.52597045898437,Leave_One_experiments/all_year_offline_schedule_search/daily_outputs/FQA/FQA_2008_FQA2008_stress_grid_S0003_daily.csv
FQA,FQA,Fengqiu,2008,Leave_One_experiments\wth_generated_qc\FQA\FQA2008.WTH,normal_year;water_stress_year;nitrogen_stress_year;irrigation_responsive_year,irrigation_responsive,FQA2008_stress_grid_S0003,irrigation_positive_candidate,2008-07-13,195,39,34,"{""sim_day"": 39.0, ""doy"": 195.0, ""topwt"": 474.9546051025391, ""grnwt"": 0.0, ""xlai"": 0.8050081133842468, ""totir"": 20.0, ""tofer"": NaN, ""swfac"": 0.0, ""nstres"": 0.0}",0.0,0.0,474.9546051025391,0.0,0.8050081133842468,20.0,,0.0,0.0,20.0,0.0,17.525970458984375,25.52597045898437,Leave_One_experiments/all_year_offline_schedule_search/daily_outputs/FQA/FQA_2008_FQA2008_stress_grid_S0003_daily.csv
FQA,FQA,Fengqiu,2008,Leave_One_experiments\wth_generated_qc\FQA\FQA2008.WTH,normal_year;water_stress_year;nitrogen_stress_year;irrigation_responsive_year,irrigation_responsive,FQA2008_stress_grid_S0003,irrigation_positive_candidate,2008-07-14,196,40,35,"{""sim_day"": 40.0, ""doy"": 196.0, ""topwt"": 524.9578857421875, ""grnwt"": 0.0, ""xlai"": 0.8644648194313049, ""totir"": 20.0, ""tofer"": NaN, ""swfac"": 0.0, ""nstres"": 0.0125883221626281}",0.0,0.0125883221626281,524.9578857421875,0.0,0.8644648194313049,20.0,,0.0,0.0,20.0,0.0,17.525970458984375,25.52597045898437,Leave_One_experiments/all_year_offline_schedule_search/daily_outputs/FQA/FQA_2008_FQA2008_stress_grid_S0003_daily.csv
FQA,FQA,Fengqiu,2008,Leave_One_experiments\wth_generated_qc\FQA\FQA2008.WTH,normal_year;water_stress_year;nitrogen_stress_year;irrigation_responsive_year,irrigation_responsive,FQA2008_stress_grid_S0003,irrigation_positive_candidate,2008-07-15,197,41,36,"{""sim_day"": 41.0, ""doy"": 197.0, ""topwt"": 585.9859085083008, ""grnwt"": 0.0, ""xlai"": 0.9317737221717834, ""totir"": 20.0, ""tofer"": NaN, ""swfac"": 0.0, ""nstres"": 0.0293033123016357}",0.0,0.0293033123016357,585.9859085083008,0.0,0.9317737221717834,20.0,,0.0,0.0,20.0,0.0,17.525970458984375,25.52597045898437,Leave_One_experiments/all_year_offline_schedule_search/daily_outputs/FQA/FQA_2008_FQA2008_stress_grid_S0003_daily.csv
FQA,FQA,Fengqiu,2008,Leave_One_experiments\wth_generated_qc\FQA\FQA2008.WTH,normal_year;water_stress_year;nitrogen_stress_year;irrigation_responsive_year,irrigation_responsive,FQA2008_stress_grid_S0003,irrigation_positive_candidate,2008-07-16,198,42,37,"{""sim_day"": 42.0, ""doy"": 198.0, ""topwt"": 637.3175430297852, ""grnwt"": 0.0, ""xlai"": 0.9812936186790466, ""totir"": 20.0, ""tofer"": NaN, ""swfac"": 0.0, ""nstres"": 0.0599979162216186}",0.0,0.0599979162216186,637.3175430297852,0.0,0.9812936186790466,20.0,,0.0,0.0,20.0,0.0,17.525970458984375,25.52597045898437,Leave_One_experiments/all_year_offline_schedule_search/daily_outputs/FQA/FQA_2008_FQA2008_stress_grid_S0003_daily.csv
FQA,FQA,Fengqiu,2008,Leave_One_experiments\wth_generated_qc\FQA\FQA2008.WTH,normal_year;water_stress_year;nitrogen_stress_year;irrigation_responsive_year,irrigation_responsive,FQA2008_stress_grid_S0003,irrigation_positive_candidate,2008-07-17,199,43,38,"{""sim_day"": 43.0, ""doy"": 199.0, ""topwt"": 679.3462371826172, ""grnwt"": 0.0, ""xlai"": 1.0146113634109497, ""totir"": 20.0, ""tofer"": NaN, ""swfac"": 0.0, ""nstres"": 0.0911040902137756}",0.0,0.0911040902137756,679.3462371826172,0.0,1.0146113634109497,20.0,,0.0,0.0,20.0,0.0,17.525970458984375,25.52597045898437,Leave_One_experiments/all_year_offline_schedule_search/daily_outputs/FQA/FQA_2008_FQA2008_stress_grid_S0003_daily.csv
FQA,FQA,Fengqiu,2008,Leave_One_experiments\wth_generated_qc\FQA\FQA2008.WTH,normal_year;water_stress_year;nitrogen_stress_year;irrigation_responsive_year,irrigation_responsive,FQA2008_stress_grid_S0003,irrigation_positive_candidate,2008-07-18,200,44,39,"{""sim_day"": 44.0, ""doy"": 200.0, ""topwt"": 729.9880981445312, ""grnwt"": 0.0, ""xlai"": 1.0523858070373535, ""totir"": 20.0, ""tofer"": NaN, ""swfac"": 0.0, ""nstres"": 0.1082162857055664}",0.0,0.1082162857055664,729.9880981445312,0.0,1.0523858070373535,20.0,,0.0,0.0,20.0,0.0,17.525970458984375,25.52597045898437,Leave_One_experiments/all_year_offline_schedule_search/daily_outputs/FQA/FQA_2008_FQA2008_stress_grid_S0003_daily.csv
FQA,FQA,Fengqiu,2008,Leave_One_experiments\wth_generated_qc\FQA\FQA2008.WTH,normal_year;water_stress_year;nitrogen_stress_year;irrigation_responsive_year,irrigation_responsive,FQA2008_stress_grid_S0003,irrigation_positive_candidate,2008-07-19,201,45,40,"{""sim_day"": 45.0, ""doy"": 201.0, ""topwt"": 783.6734771728516, ""grnwt"": 0.0, ""xlai"": 1.0888004302978516, ""totir"": 20.0, ""tofer"": NaN, ""swfac"": 0.0, ""nstres"": 0.1213347911834716}",0.0,0.1213347911834716,783.6734771728516,0.0,1.0888004302978516,20.0,,0.0,0.0,20.0,0.0,17.525970458984375,25.52597045898437,Leave_One_experiments/all_year_offline_schedule_search/daily_outputs/FQA/FQA_2008_FQA2008_stress_grid_S0003_daily.csv
FQA,FQA,Fengqiu,2008,Leave_One_experiments\wth_generated_qc\FQA\FQA2008.WTH,normal_year;water_stress_year;nitrogen_stress_year;irrigation_responsive_year,irrigation_responsive,FQA2008_stress_grid_S0003,irrigation_positive_candidate,2008-07-20,202,46,41,"{""sim_day"": 46.0, ""doy"": 202.0, ""topwt"": 838.0715942382812, ""grnwt"": 0.0, ""xlai"": 1.1210753917694092, ""totir"": 20.0, ""tofer"": NaN, ""swfac"": 0.0, ""nstres"": 0.1369341015815735}",0.0,0.1369341015815735,838.0715942382812,0.0,1.1210753917694092,20.0,,0.0,0.0,20.0,0.0,17.525970458984375,25.52597045898437,Leave_One_experiments/all_year_offline_schedule_search/daily_outputs/FQA/FQA_2008_FQA2008_stress_grid_S0003_daily.csv
FQA,FQA,Fengqiu,2008,Leave_One_experiments\wth_generated_qc\FQA\FQA2008.WTH,normal_year;water_stress_year;nitrogen_stress_year;irrigation_responsive_year,irrigation_responsive,FQA2008_stress_grid_S0003,irrigation_positive_candidate,2008-07-21,203,47,42,"{""sim_day"": 47.0, ""doy"": 203.0, ""topwt"": 880.3169250488281, ""grnwt"": 0.0, ""xlai"": 1.1379495859146118, ""totir"": 20.0, ""tofer"": NaN, ""swfac"": 0.0, ""nstres"": 0.1514588594436645}",0.0,0.1514588594436645,880.3169250488281,0.0,1.1379495859146118,20.0,,0.0,0.0,20.0,0.0,17.525970458984375,25.52597045898437,Leave_One_experiments/all_year_offline_schedule_search/daily_outputs/FQA/FQA_2008_FQA2008_stress_grid_S0003_daily.csv
FQA,FQA,Fengqiu,2008,Leave_One_experiments\wth_generated_qc\FQA\FQA2008.WTH,normal_year;water_stress_year;nitrogen_stress_year;irrigation_responsive_year,irrigation_responsive,FQA2008_stress_grid_S0003,irrigation_positive_candidate,2008-07-22,204,48,43,"{""sim_day"": 48.0, ""doy"": 204.0, ""topwt"": 932.7549743652344, ""grnwt"": 0.0, ""xlai"": 1.1603426933288574, ""totir"": 20.0, ""tofer"": NaN, ""swfac"": 0.0, ""nstres"": 0.1629745364189148}",0.0,0.1629745364189148,932.7549743652344,0.0,1.1603426933288574,20.0,,0.0,0.0,20.0,0.0,17.525970458984375,25.52597045898437,Leave_One_experiments/all_year_offline_schedule_search/daily_outputs/FQA/FQA_2008_FQA2008_stress_grid_S0003_daily.csv
FQA,FQA,Fengqiu,2008,Leave_One_experiments\wth_generated_qc\FQA\FQA2008.WTH,normal_year;water_stress_year;nitrogen_stress_year;irrigation_responsive_year,irrigation_responsive,FQA2008_stress_grid_S0003,irrigation_positive_candidate,2008-07-23,205,49,44,"{""sim_day"": 49.0, ""doy"": 205.0, ""topwt"": 994.6987152099608, ""grnwt"": 0.0, ""xlai"": 1.1876437664031982, ""totir"": 20.0, ""tofer"": NaN, ""swfac"": 0.0, ""nstres"": 0.1682690978050232}",0.0,0.1682690978050232,994.6987152099608,0.0,1.1876437664031982,20.0,,0.0,0.0,20.0,0.0,17.525970458984375,25.52597045898437,Leave_One_experiments/all_year_offline_schedule_search/daily_outputs/FQA/FQA_2008_FQA2008_stress_grid_S0003_daily.csv
FQA,FQA,Fengqiu,2008,Leave_One_experiments\wth_generated_qc\FQA\FQA2008.WTH,normal_year;water_stress_year;nitrogen_stress_year;irrigation_responsive_year,irrigation_responsive,FQA2008_stress_grid_S0003,irrigation_positive_candidate,2008-07-24,206,50,45,"{""sim_day"": 50.0, ""doy"": 206.0, ""topwt"": 1128.746109008789, ""grnwt"": 0.0, ""xlai"": 1.206828474998474, ""totir"": 20.0, ""tofer"": NaN, ""swfac"": 0.0, ""nstres"": 0.1772568821907043}",0.0,0.1772568821907043,1128.746109008789,0.0,1.206828474998474,20.0,,0.0,0.0,20.0,0.0,17.525970458984375,25.52597045898437,Leave_One_experiments/all_year_offline_schedule_search/daily_outputs/FQA/FQA_2008_FQA2008_stress_grid_S0003_daily.csv
FQA,FQA,Fengqiu,2008,Leave_One_experiments\wth_generated_qc\FQA\FQA2008.WTH,normal_year;water_stress_year;nitrogen_stress_year;irrigation_responsive_year,irrigation_responsive,FQA2008_stress_grid_S0003,irrigation_positive_candidate,2008-07-25,207,51,46,"{""sim_day"": 51.0, ""doy"": 207.0, ""topwt"": 1227.0511627197266, ""grnwt"": 0.0, ""xlai"": 1.2104508876800537, ""totir"": 20.0, ""tofer"": NaN, ""swfac"": 0.0, ""nstres"": 0.186295747756958}",0.0,0.186295747756958,1227.0511627197266,0.0,1.2104508876800537,20.0,,0.0,0.0,20.0,0.0,17.525970458984375,25.52597045898437,Leave_One_experiments/all_year_offline_schedule_search/daily_outputs/FQA/FQA_2008_FQA2008_stress_grid_S0003_daily.csv
FQA,FQA,Fengqiu,2008,Leave_One_experiments\wth_generated_qc\FQA\FQA2008.WTH,normal_year;water_stress_year;nitrogen_stress_year;irrigation_responsive_year,irrigation_responsive,FQA2008_stress_grid_S0003,irrigation_positive_candidate,2008-07-26,208,52,47,"{""sim_day"": 52.0, ""doy"": 208.0, ""topwt"": 1347.7032470703125, ""grnwt"": 0.0, ""xlai"": 1.2153170108795166, ""totir"": 20.0, ""tofer"": NaN, ""swfac"": 0.0, ""nstres"": 0.2382168173789978}",0.0,0.2382168173789978,1347.7032470703125,0.0,1.2153170108795166,20.0,,0.0,0.0,20.0,0.0,17.525970458984375,25.52597045898437,Leave_One_experiments/all_year_offline_schedule_search/daily_outputs/FQA/FQA_2008_FQA2008_stress_grid_S0003_daily.csv
FQA,FQA,Fengqiu,2008,Leave_One_experiments\wth_generated_qc\FQA\FQA2008.WTH,normal_year;water_stress_year;nitrogen_stress_year;irrigation_responsive_year,irrigation_responsive,FQA2008_stress_grid_S0003,irrigation_positive_candidate,2008-07-27,209,53,48,"{""sim_day"": 53.0, ""doy"": 209.0, ""topwt"": 1466.3020324707031, ""grnwt"": 0.0, ""xlai"": 1.215933322906494, ""totir"": 20.0, ""tofer"": NaN, ""swfac"": 0.0, ""nstres"": 0.2742800712585449}",0.0,0.2742800712585449,1466.3020324707031,0.0,1.215933322906494,20.0,,0.0,0.0,20.0,0.0,17.525970458984375,25.52597045898437,Leave_One_experiments/all_year_offline_schedule_search/daily_outputs/FQA/FQA_2008_FQA2008_stress_grid_S0003_daily.csv
FQA,FQA,Fengqiu,2008,Leave_One_experiments\wth_generated_qc\FQA\FQA2008.WTH,normal_year;water_stress_year;nitrogen_stress_year;irrigation_responsive_year,irrigation_responsive,FQA2008_stress_grid_S0003,irrigation_positive_candidate,2008-07-28,210,54,49,"{""sim_day"": 54.0, ""doy"": 210.0, ""topwt"": 1573.4324645996094, ""grnwt"": 0.0, ""xlai"": 1.2097530364990234, ""totir"": 20.0, ""tofer"": NaN, ""swfac"": 0.0, ""nstres"": 0.3156942129135132}",0.0,0.3156942129135132,1573.4324645996094,0.0,1.2097530364990234,20.0,,0.0,0.0,20.0,0.0,17.525970458984375,25.52597045898437,Leave_One_experiments/all_year_offline_schedule_search/daily_outputs/FQA/FQA_2008_FQA2008_stress_grid_S0003_daily.csv
FQA,FQA,Fengqiu,2008,Leave_One_experiments\wth_generated_qc\FQA\FQA2008.WTH,normal_year;water_stress_year;nitrogen_stress_year;irrigation_responsive_year,irrigation_responsive,FQA2008_stress_grid_S0003,irrigation_positive_candidate,2008-07-29,211,55,50,"{""sim_day"": 55.0, ""doy"": 211.0, ""topwt"": 1641.9216918945312, ""grnwt"": 0.0, ""xlai"": 1.1906276941299438, ""totir"": 20.0, ""tofer"": NaN, ""swfac"": 0.0, ""nstres"": 0.3464630246162414}",0.0,0.3464630246162414,1641.9216918945312,0.0,1.1906276941299438,20.0,,0.0,0.0,20.0,0.0,17.525970458984375,25.52597045898437,Leave_One_experiments/all_year_offline_schedule_search/daily_outputs/FQA/FQA_2008_FQA2008_stress_grid_S0003_daily.csv
FQA,FQA,Fengqiu,2008,Leave_One_experiments\wth_generated_qc\FQA\FQA2008.WTH,normal_year;water_stress_year;nitrogen_stress_year;irrigation_responsive_year,irrigation_responsive,FQA2008_stress_grid_S0003,irrigation_positive_candidate,2008-07-30,212,56,51,"{""sim_day"": 56.0, ""doy"": 212.0, ""topwt"": 1713.3210754394531, ""grnwt"": 0.0, ""xlai"": 1.1714129447937012, ""totir"": 20.0, ""tofer"": NaN, ""swfac"": 0.0, ""nstres"": 0.3636425733566284}",0.0,0.3636425733566284,1713.3210754394531,0.0,1.1714129447937012,20.0,,0.0,0.0,20.0,0.0,17.525970458984375,25.52597045898437,Leave_One_experiments/all_year_offline_schedule_search/daily_outputs/FQA/FQA_2008_FQA2008_stress_grid_S0003_daily.csv
FQA,FQA,Fengqiu,2008,Leave_One_experiments\wth_generated_qc\FQA\FQA2008.WTH,normal_year;water_stress_year;nitrogen_stress_year;irrigation_responsive_year,irrigation_responsive,FQA2008_stress_grid_S0003,irrigation_positive_candidate,2008-07-31,213,57,52,"{""sim_day"": 57.0, ""doy"": 213.0, ""topwt"": 1803.9273071289065, ""grnwt"": 0.0, ""xlai"": 1.1570922136306765, ""totir"": 20.0, ""tofer"": NaN, ""swfac"": 0.0, ""nstres"": 0.3650673627853393}",0.0,0.3650673627853393,1803.9273071289065,0.0,1.1570922136306765,20.0,,0.0,0.0,20.0,0.0,17.525970458984375,25.52597045898437,Leave_One_experiments/all_year_offline_schedule_search/daily_outputs/FQA/FQA_2008_FQA2008_stress_grid_S0003_daily.csv
FQA,FQA,Fengqiu,2008,Leave_One_experiments\wth_generated_qc\FQA\FQA2008.WTH,normal_year;water_stress_year;nitrogen_stress_year;irrigation_responsive_year,irrigation_responsive,FQA2008_stress_grid_S0003,irrigation_positive_candidate,2008-08-01,214,58,53,"{""sim_day"": 58.0, ""doy"": 214.0, ""topwt"": 1893.7384033203125, ""grnwt"": 0.0, ""xlai"": 1.142960786819458, ""totir"": 20.0, ""tofer"": NaN, ""swfac"": 0.0, ""nstres"": 0.3659486174583435}",0.0,0.3659486174583435,1893.7384033203125,0.0,1.142960786819458,20.0,,0.0,0.0,20.0,0.0,17.525970458984375,25.52597045898437,Leave_One_experiments/all_year_offline_schedule_search/daily_outputs/FQA/FQA_2008_FQA2008_stress_grid_S0003_daily.csv
FQA,FQA,Fengqiu,2008,Leave_One_experiments\wth_generated_qc\FQA\FQA2008.WTH,normal_year;water_stress_year;nitrogen_stress_year;irrigation_responsive_year,irrigation_responsive,FQA2008_stress_grid_S0003,irrigation_positive_candidate,2008-08-02,215,59,54,"{""sim_day"": 59.0, ""doy"": 215.0, ""topwt"": 1976.3554382324216, ""grnwt"": 0.0, ""xlai"": 1.1271837949752808, ""totir"": 20.0, ""tofer"": NaN, ""swfac"": 0.0, ""nstres"": 0.370778739452362}",0.0,0.370778739452362,1976.3554382324216,0.0,1.1271837949752808,20.0,,0.0,0.0,20.0,0.0,17.525970458984375,25.52597045898437,Leave_One_experiments/all_year_offline_schedule_search/daily_outputs/FQA/FQA_2008_FQA2008_stress_grid_S0003_daily.csv
FQA,FQA,Fengqiu,2008,Leave_One_experiments\wth_generated_qc\FQA\FQA2008.WTH,normal_year;water_stress_year;nitrogen_stress_year;irrigation_responsive_year,irrigation_responsive,FQA2008_stress_grid_S0003,irrigation_positive_candidate,2008-08-03,216,60,55,"{""sim_day"": 60.0, ""doy"": 216.0, ""topwt"": 2054.107360839844, ""grnwt"": 0.0, ""xlai"": 1.1104084253311155, ""totir"": 20.0, ""tofer"": NaN, ""swfac"": 0.0, ""nstres"": 0.3758596777915954}",0.0,0.3758596777915954,2054.107360839844,0.0,1.1104084253311155,20.0,,0.0,0.0,20.0,0.0,17.525970458984375,25.52597045898437,Leave_One_experiments/all_year_offline_schedule_search/daily_outputs/FQA/FQA_2008_FQA2008_stress_grid_S0003_daily.csv
FQA,FQA,Fengqiu,2008,Leave_One_experiments\wth_generated_qc\FQA\FQA2008.WTH,normal_year;water_stress_year;nitrogen_stress_year;irrigation_responsive_year,irrigation_responsive,FQA2008_stress_grid_S0003,irrigation_positive_candidate,2008-08-04,217,61,56,"{""sim_day"": 61.0, ""doy"": 217.0, ""topwt"": 2134.1717529296875, ""grnwt"": 0.0, ""xlai"": 1.0947260856628418, ""totir"": 20.0, ""tofer"": NaN, ""swfac"": 0.0, ""nstres"": 0.3764171004295349}",0.0,0.3764171004295349,2134.1717529296875,0.0,1.0947260856628418,20.0,,0.0,0.0,20.0,0.0,17.525970458984375,25.52597045898437,Leave_One_experiments/all_year_offline_schedule_search/daily_outputs/FQA/FQA_2008_FQA2008_stress_grid_S0003_daily.csv
FQA,FQA,Fengqiu,2008,Leave_One_experiments\wth_generated_qc\FQA\FQA2008.WTH,normal_year;water_stress_year;nitrogen_stress_year;irrigation_responsive_year,irrigation_responsive,FQA2008_stress_grid_S0003,irrigation_positive_candidate,2008-08-05,218,62,57,"{""sim_day"": 62.0, ""doy"": 218.0, ""topwt"": 2225.9408569335938, ""grnwt"": 0.0, ""xlai"": 1.082511305809021, ""totir"": 20.0, ""tofer"": NaN, ""swfac"": 0.0, ""nstres"": 0.3767509460449219}",0.0,0.3767509460449219,2225.9408569335938,0.0,1.082511305809021,20.0,,0.0,0.0,20.0,0.0,17.525970458984375,25.52597045898437,Leave_One_experiments/all_year_offline_schedule_search/daily_outputs/FQA/FQA_2008_FQA2008_stress_grid_S0003_daily.csv
FQA,FQA,Fengqiu,2008,Leave_One_experiments\wth_generated_qc\FQA\FQA2008.WTH,normal_year;water_stress_year;nitrogen_stress_year;irrigation_responsive_year,irrigation_responsive,FQA2008_stress_grid_S0003,irrigation_positive_candidate,2008-08-06,219,63,58,"{""sim_day"": 63.0, ""doy"": 219.0, ""topwt"": 2315.6808471679688, ""grnwt"": 0.0, ""xlai"": 1.0701797008514404, ""totir"": 20.0, ""tofer"": NaN, ""swfac"": 0.0, ""nstres"": 0.3762054443359375}",0.0,0.3762054443359375,2315.6808471679688,0.0,1.0701797008514404,20.0,,0.0,0.0,20.0,0.0,17.525970458984375,25.52597045898437,Leave_One_experiments/all_year_offline_schedule_search/daily_outputs/FQA/FQA_2008_FQA2008_stress_grid_S0003_daily.csv
FQA,FQA,Fengqiu,2008,Leave_One_experiments\wth_generated_qc\FQA\FQA2008.WTH,normal_year;water_stress_year;nitrogen_stress_year;irrigation_responsive_year,irrigation_responsive,FQA2008_stress_grid_S0003,irrigation_positive_candidate,2008-08-07,220,64,59,"{""sim_day"": 64.0, ""doy"": 220.0, ""topwt"": 2406.5760803222656, ""grnwt"": 0.0, ""xlai"": 1.0585405826568604, ""totir"": 20.0, ""tofer"": NaN, ""swfac"": 0.0, ""nstres"": 0.37581467628479}",0.0,0.37581467628479,2406.5760803222656,0.0,1.0585405826568604,20.0,,0.0,0.0,20.0,0.0,17.525970458984375,25.52597045898437,Leave_One_experiments/all_year_offline_schedule_search/daily_outputs/FQA/FQA_2008_FQA2008_stress_grid_S0003_daily.csv
FQA,FQA,Fengqiu,2008,Leave_One_experiments\wth_generated_qc\FQA\FQA2008.WTH,normal_year;water_stress_year;nitrogen_stress_year;irrigation_responsive_year,irrigation_responsive,FQA2008_stress_grid_S0003,irrigation_positive_candidate,2008-08-08,221,65,60,"{""sim_day"": 65.0, ""doy"": 221.0, ""topwt"": 2498.8995361328125, ""grnwt"": 0.0, ""xlai"": 1.047842502593994, ""totir"": 20.0, ""tofer"": NaN, ""swfac"": 0.0, ""nstres"": 0.3709557652473449}",0.0,0.3709557652473449,2498.8995361328125,0.0,1.047842502593994,20.0,,0.0,0.0,20.0,0.0,17.525970458984375,25.52597045898437,Leave_One_experiments/all_year_offline_schedule_search/daily_outputs/FQA/FQA_2008_FQA2008_stress_grid_S0003_daily.csv
FQA,FQA,Fengqiu,2008,Leave_One_experiments\wth_generated_qc\FQA\FQA2008.WTH,normal_year;water_stress_year;nitrogen_stress_year;irrigation_responsive_year,irrigation_responsive,FQA2008_stress_grid_S0003,irrigation_positive_candidate,2008-08-09,222,66,61,"{""sim_day"": 66.0, ""doy"": 222.0, ""topwt"": 2580.3143310546875, ""grnwt"": 0.0, ""xlai"": 1.014259934425354, ""totir"": 20.0, ""tofer"": NaN, ""swfac"": 0.0, ""nstres"": 0.3691831827163696}",0.0,0.3691831827163696,2580.3143310546875,0.0,1.014259934425354,20.0,,0.0,0.0,20.0,0.0,17.525970458984375,25.52597045898437,Leave_One_experiments/all_year_offline_schedule_search/daily_outputs/FQA/FQA_2008_FQA2008_stress_grid_S0003_daily.csv
FQA,FQA,Fengqiu,2008,Leave_One_experiments\wth_generated_qc\FQA\FQA2008.WTH,normal_year;water_stress_year;nitrogen_stress_year;irrigation_responsive_year,irrigation_responsive,FQA2008_stress_grid_S0003,irrigation_positive_candidate,2008-08-10,223,67,62,"{""sim_day"": 67.0, ""doy"": 223.0, ""topwt"": 2661.6094970703125, ""grnwt"": 0.0, ""xlai"": 0.9825862050056458, ""totir"": 20.0, ""tofer"": NaN, ""swfac"": 0.0, ""nstres"": 0.3494821786880493}",0.0,0.3494821786880493,2661.6094970703125,0.0,0.9825862050056458,20.0,,0.0,0.0,20.0,0.0,17.525970458984375,25.52597045898437,Leave_One_experiments/all_year_offline_schedule_search/daily_outputs/FQA/FQA_2008_FQA2008_stress_grid_S0003_daily.csv
FQA,FQA,Fengqiu,2008,Leave_One_experiments\wth_generated_qc\FQA\FQA2008.WTH,normal_year;water_stress_year;nitrogen_stress_year;irrigation_responsive_year,irrigation_responsive,FQA2008_stress_grid_S0003,irrigation_positive_candidate,2008-08-11,224,68,63,"{""sim_day"": 68.0, ""doy"": 224.0, ""topwt"": 2759.8248291015625, ""grnwt"": 0.0, ""xlai"": 0.9523589611053468, ""totir"": 20.0, ""tofer"": NaN, ""swfac"": 0.0, ""nstres"": 0.3383111953735351}",0.0,0.3383111953735351,2759.8248291015625,0.0,0.9523589611053468,20.0,,0.0,0.0,20.0,0.0,17.525970458984375,25.52597045898437,Leave_One_experiments/all_year_offline_schedule_search/daily_outputs/FQA/FQA_2008_FQA2008_stress_grid_S0003_daily.csv
FQA,FQA,Fengqiu,2008,Leave_One_experiments\wth_generated_qc\FQA\FQA2008.WTH,normal_year;water_stress_year;nitrogen_stress_year;irrigation_responsive_year,irrigation_responsive,FQA2008_stress_grid_S0003,irrigation_positive_candidate,2008-08-12,225,69,64,"{""sim_day"": 69.0, ""doy"": 225.0, ""topwt"": 2769.5291137695312, ""grnwt"": 0.0, ""xlai"": 0.9234535098075868, ""totir"": 20.0, ""tofer"": NaN, ""swfac"": 0.0, ""nstres"": 0.3284347057342529}",0.0,0.3284347057342529,2769.5291137695312,0.0,0.9234535098075868,20.0,,0.0,0.0,20.0,0.0,17.525970458984375,25.52597045898437,Leave_One_experiments/all_year_offline_schedule_search/daily_outputs/FQA/FQA_2008_FQA2008_stress_grid_S0003_daily.csv
FQA,FQA,Fengqiu,2008,Leave_One_experiments\wth_generated_qc\FQA\FQA2008.WTH,normal_year;water_stress_year;nitrogen_stress_year;irrigation_responsive_year,irrigation_responsive,FQA2008_stress_grid_S0003,irrigation_positive_candidate,2008-08-13,226,70,65,"{""sim_day"": 70.0, ""doy"": 226.0, ""topwt"": 2813.8937377929688, ""grnwt"": 0.0, ""xlai"": 0.8958839774131775, ""totir"": 20.0, ""tofer"": NaN, ""swfac"": 0.0, ""nstres"": 0.3165162205696106}",0.0,0.3165162205696106,2813.8937377929688,0.0,0.8958839774131775,20.0,,0.0,0.0,20.0,0.0,17.525970458984375,25.52597045898437,Leave_One_experiments/all_year_offline_schedule_search/daily_outputs/FQA/FQA_2008_FQA2008_stress_grid_S0003_daily.csv
FQA,FQA,Fengqiu,2008,Leave_One_experiments\wth_generated_qc\FQA\FQA2008.WTH,normal_year;water_stress_year;nitrogen_stress_year;irrigation_responsive_year,irrigation_responsive,FQA2008_stress_grid_S0003,irrigation_positive_candidate,2008-08-14,227,71,66,"{""sim_day"": 71.0, ""doy"": 227.0, ""topwt"": 2875.0485229492188, ""grnwt"": 0.0, ""xlai"": 0.8702908158302307, ""totir"": 20.0, ""tofer"": NaN, ""swfac"": 0.0, ""nstres"": 0.2856201529502868}",0.0,0.2856201529502868,2875.0485229492188,0.0,0.8702908158302307,20.0,,0.0,0.0,20.0,0.0,17.525970458984375,25.52597045898437,Leave_One_experiments/all_year_offline_schedule_search/daily_outputs/FQA/FQA_2008_FQA2008_stress_grid_S0003_daily.csv
FQA,FQA,Fengqiu,2008,Leave_One_experiments\wth_generated_qc\FQA\FQA2008.WTH,normal_year;water_stress_year;nitrogen_stress_year;irrigation_responsive_year,irrigation_responsive,FQA2008_stress_grid_S0003,irrigation_positive_candidate,2008-08-15,228,72,67,"{""sim_day"": 72.0, ""doy"": 228.0, ""topwt"": 2933.5519409179688, ""grnwt"": 0.0, ""xlai"": 0.8460961580276489, ""totir"": 20.0, ""tofer"": NaN, ""swfac"": 0.0, ""nstres"": 0.2672151923179626}",0.0,0.2672151923179626,2933.5519409179688,0.0,0.8460961580276489,20.0,,0.0,0.0,20.0,0.0,17.525970458984375,25.52597045898437,Leave_One_experiments/all_year_offline_schedule_search/daily_outputs/FQA/FQA_2008_FQA2008_stress_grid_S0003_daily.csv
FQA,FQA,Fengqiu,2008,Leave_One_experiments\wth_generated_qc\FQA\FQA2008.WTH,normal_year;water_stress_year;nitrogen_stress_year;irrigation_responsive_year,irrigation_responsive,FQA2008_stress_grid_S0003,irrigation_positive_candidate,2008-08-16,229,73,68,"{""sim_day"": 73.0, ""doy"": 229.0, ""topwt"": 3010.184936523437, ""grnwt"": 0.0, ""xlai"": 0.8231181502342224, ""totir"": 20.0, ""tofer"": NaN, ""swfac"": 0.0, ""nstres"": 0.2517839074134826}",0.0,0.2517839074134826,3010.184936523437,0.0,0.8231181502342224,20.0,,0.0,0.0,20.0,0.0,17.525970458984375,25.52597045898437,Leave_One_experiments/all_year_offline_schedule_search/daily_outputs/FQA/FQA_2008_FQA2008_stress_grid_S0003_daily.csv
FQA,FQA,Fengqiu,2008,Leave_One_experiments\wth_generated_qc\FQA\FQA2008.WTH,normal_year;water_stress_year;nitrogen_stress_year;irrigation_responsive_year,irrigation_responsive,FQA2008_stress_grid_S0003,irrigation_positive_candidate,2008-08-17,230,74,69,"{""sim_day"": 74.0, ""doy"": 230.0, ""topwt"": 3136.357421875, ""grnwt"": 0.0, ""xlai"": 0.8014315366744995, ""totir"": 20.0, ""tofer"": NaN, ""swfac"": 0.0, ""nstres"": 0.2323243021965026}",0.0,0.2323243021965026,3136.357421875,0.0,0.8014315366744995,20.0,,0.0,0.0,20.0,0.0,17.525970458984375,25.52597045898437,Leave_One_experiments/all_year_offline_schedule_search/daily_outputs/FQA/FQA_2008_FQA2008_stress_grid_S0003_daily.csv
FQA,FQA,Fengqiu,2008,Leave_One_experiments\wth_generated_qc\FQA\FQA2008.WTH,normal_year;water_stress_year;nitrogen_stress_year;irrigation_responsive_year,irrigation_responsive,FQA2008_stress_grid_S0003,irrigation_positive_candidate,2008-08-18,231,75,70,"{""sim_day"": 75.0, ""doy"": 231.0, ""topwt"": 3185.9698486328125, ""grnwt"": 198.27075958251956, ""xlai"": 0.780804455280304, ""totir"": 20.0, ""tofer"": NaN, ""swfac"": 0.0, ""nstres"": 0.2177056670188903}",0.0,0.2177056670188903,3185.9698486328125,198.27075958251956,0.780804455280304,20.0,,0.0,0.0,20.0,0.0,17.525970458984375,25.52597045898437,Leave_One_experiments/all_year_offline_schedule_search/daily_outputs/FQA/FQA_2008_FQA2008_stress_grid_S0003_daily.csv
FQA,FQA,Fengqiu,2008,Leave_One_experiments\wth_generated_qc\FQA\FQA2008.WTH,normal_year;water_stress_year;nitrogen_stress_year;irrigation_responsive_year,irrigation_responsive,FQA2008_stress_grid_S0003,irrigation_positive_candidate,2008-08-19,232,76,71,"{""sim_day"": 76.0, ""doy"": 232.0, ""topwt"": 3252.0135498046875, ""grnwt"": 315.5424690246582, ""xlai"": 0.7581860423088074, ""totir"": 20.0, ""tofer"": NaN, ""swfac"": 0.0, ""nstres"": 0.2952337861061096}",0.0,0.2952337861061096,3252.0135498046875,315.5424690246582,0.7581860423088074,20.0,,0.0,0.0,20.0,0.0,17.525970458984375,25.52597045898437,Leave_One_experiments/all_year_offline_schedule_search/daily_outputs/FQA/FQA_2008_FQA2008_stress_grid_S0003_daily.csv
FQA,FQA,Fengqiu,2008,Leave_One_experiments\wth_generated_qc\FQA\FQA2008.WTH,normal_year;water_stress_year;nitrogen_stress_year;irrigation_responsive_year,irrigation_responsive,FQA2008_stress_grid_S0003,irrigation_positive_candidate,2008-08-20,233,77,72,"{""sim_day"": 77.0, ""doy"": 233.0, ""topwt"": 3287.862548828125, ""grnwt"": 432.8141784667969, ""xlai"": 0.7375731468200684, ""totir"": 20.0, ""tofer"": NaN, ""swfac"": 0.0, ""nstres"": 0.2524899840354919}",0.0,0.2524899840354919,3287.862548828125,432.8141784667969,0.7375731468200684,20.0,,0.0,0.0,20.0,0.0,17.525970458984375,25.52597045898437,Leave_One_experiments/all_year_offline_schedule_search/daily_outputs/FQA/FQA_2008_FQA2008_stress_grid_S0003_daily.csv
FQA,FQA,Fengqiu,2008,Leave_One_experiments\wth_generated_qc\FQA\FQA2008.WTH,normal_year;water_stress_year;nitrogen_stress_year;irrigation_responsive_year,irrigation_responsive,FQA2008_stress_grid_S0003,irrigation_positive_candidate,2008-08-21,234,78,73,"{""sim_day"": 78.0, ""doy"": 234.0, ""topwt"": 3419.4097900390625, ""grnwt"": 550.0859069824219, ""xlai"": 0.7176862359046936, ""totir"": 20.0, ""tofer"": NaN, ""swfac"": 0.0, ""nstres"": 0.2471020817756652}",0.0,0.2471020817756652,3419.4097900390625,550.0859069824219,0.7176862359046936,20.0,,0.0,0.0,20.0,0.0,17.525970458984375,25.52597045898437,Leave_One_experiments/all_year_offline_schedule_search/daily_outputs/FQA/FQA_2008_FQA2008_stress_grid_S0003_daily.csv
FQA,FQA,Fengqiu,2008,Leave_One_experiments\wth_generated_qc\FQA\FQA2008.WTH,normal_year;water_stress_year;nitrogen_stress_year;irrigation_responsive_year,irrigation_responsive,FQA2008_stress_grid_S0003,irrigation_positive_candidate,2008-08-22,235,79,74,"{""sim_day"": 79.0, ""doy"": 235.0, ""topwt"": 3555.316772460937, ""grnwt"": 667.3576354980469, ""xlai"": 0.6988936066627502, ""totir"": 20.0, ""tofer"": NaN, ""swfac"": 0.0, ""nstres"": 0.2284396290779113}",0.0,0.2284396290779113,3555.316772460937,667.3576354980469,0.6988936066627502,20.0,,0.0,0.0,20.0,0.0,17.525970458984375,25.52597045898437,Leave_One_experiments/all_year_offline_schedule_search/daily_outputs/FQA/FQA_2008_FQA2008_stress_grid_S0003_daily.csv
FQA,FQA,Fengqiu,2008,Leave_One_experiments\wth_generated_qc\FQA\FQA2008.WTH,normal_year;water_stress_year;nitrogen_stress_year;irrigation_responsive_year,irrigation_responsive,FQA2008_stress_grid_S0003,irrigation_positive_candidate,2008-08-23,236,80,75,"{""sim_day"": 80.0, ""doy"": 236.0, ""topwt"": 3661.23291015625, ""grnwt"": 784.6293640136719, ""xlai"": 0.6799189448356628, ""totir"": 20.0, ""tofer"": NaN, ""swfac"": 0.0, ""nstres"": 0.2515905499458313}",0.0,0.2515905499458313,3661.23291015625,784.6293640136719,0.6799189448356628,20.0,,0.0,0.0,20.0,0.0,17.525970458984375,25.52597045898437,Leave_One_experiments/all_year_offline_schedule_search/daily_outputs/FQA/FQA_2008_FQA2008_stress_grid_S0003_daily.csv
FQA,FQA,Fengqiu,2008,Leave_One_experiments\wth_generated_qc\FQA\FQA2008.WTH,normal_year;water_stress_year;nitrogen_stress_year;irrigation_responsive_year,irrigation_responsive,FQA2008_stress_grid_S0003,irrigation_positive_candidate,2008-08-24,237,81,76,"{""sim_day"": 81.0, ""doy"": 237.0, ""topwt"": 3775.792236328125, ""grnwt"": 901.9010925292968, ""xlai"": 0.6607758402824402, ""totir"": 20.0, ""tofer"": NaN, ""swfac"": 0.0, ""nstres"": 0.2757179737091064}",0.0,0.2757179737091064,3775.792236328125,901.9010925292968,0.6607758402824402,20.0,,0.0,0.0,20.0,0.0,17.525970458984375,25.52597045898437,Leave_One_experiments/all_year_offline_schedule_search/daily_outputs/FQA/FQA_2008_FQA2008_stress_grid_S0003_daily.csv
FQA,FQA,Fengqiu,2008,Leave_One_experiments\wth_generated_qc\FQA\FQA2008.WTH,normal_year;water_stress_year;nitrogen_stress_year;irrigation_responsive_year,irrigation_responsive,FQA2008_stress_grid_S0003,irrigation_positive_candidate,2008-08-25,238,82,77,"{""sim_day"": 82.0, ""doy"": 238.0, ""topwt"": 3876.641845703125, ""grnwt"": 1019.172821044922, ""xlai"": 0.6418449282646179, ""totir"": 20.0, ""tofer"": NaN, ""swfac"": 0.0, ""nstres"": 0.2875897884368896}",0.0,0.2875897884368896,3876.641845703125,1019.172821044922,0.6418449282646179,20.0,,0.0,0.0,20.0,0.0,17.525970458984375,25.52597045898437,Leave_One_experiments/all_year_offline_schedule_search/daily_outputs/FQA/FQA_2008_FQA2008_stress_grid_S0003_daily.csv
FQA,FQA,Fengqiu,2008,Leave_One_experiments\wth_generated_qc\FQA\FQA2008.WTH,normal_year;water_stress_year;nitrogen_stress_year;irrigation_responsive_year,irrigation_responsive,FQA2008_stress_grid_S0003,irrigation_positive_candidate,2008-08-26,239,83,78,"{""sim_day"": 83.0, ""doy"": 239.0, ""topwt"": 3964.0435791015625, ""grnwt"": 1136.4445495605469, ""xlai"": 0.6230222582817078, ""totir"": 20.0, ""tofer"": NaN, ""swfac"": 0.0, ""nstres"": 0.3038205504417419}",0.0,0.3038205504417419,3964.0435791015625,1136.4445495605469,0.6230222582817078,20.0,,0.0,0.0,20.0,0.0,17.525970458984375,25.52597045898437,Leave_One_experiments/all_year_offline_schedule_search/daily_outputs/FQA/FQA_2008_FQA2008_stress_grid_S0003_daily.csv
FQA,FQA,Fengqiu,2008,Leave_One_experiments\wth_generated_qc\FQA\FQA2008.WTH,normal_year;water_stress_year;nitrogen_stress_year;irrigation_responsive_year,irrigation_responsive,FQA2008_stress_grid_S0003,irrigation_positive_candidate,2008-08-27,240,84,79,"{""sim_day"": 84.0, ""doy"": 240.0, ""topwt"": 4049.45068359375, ""grnwt"": 1253.716278076172, ""xlai"": 0.604446291923523, ""totir"": 20.0, ""tofer"": NaN, ""swfac"": 0.0, ""nstres"": 0.3155810236930847}",0.0,0.3155810236930847,4049.45068359375,1253.716278076172,0.604446291923523,20.0,,0.0,0.0,20.0,0.0,17.525970458984375,25.52597045898437,Leave_One_experiments/all_year_offline_schedule_search/daily_outputs/FQA/FQA_2008_FQA2008_stress_grid_S0003_daily.csv
FQA,FQA,Fengqiu,2008,Leave_One_experiments\wth_generated_qc\FQA\FQA2008.WTH,normal_year;water_stress_year;nitrogen_stress_year;irrigation_responsive_year,irrigation_responsive,FQA2008_stress_grid_S0003,irrigation_positive_candidate,2008-08-28,241,85,80,"{""sim_day"": 85.0, ""doy"": 241.0, ""topwt"": 4106.346435546875, ""grnwt"": 1370.9880065917969, ""xlai"": 0.586283802986145, ""totir"": 20.0, ""tofer"": NaN, ""swfac"": 0.0, ""nstres"": 0.3211551308631897}",0.0,0.3211551308631897,4106.346435546875,1370.9880065917969,0.586283802986145,20.0,,0.0,0.0,20.0,0.0,17.525970458984375,25.52597045898437,Leave_One_experiments/all_year_offline_schedule_search/daily_outputs/FQA/FQA_2008_FQA2008_stress_grid_S0003_daily.csv
FQA,FQA,Fengqiu,2008,Leave_One_experiments\wth_generated_qc\FQA\FQA2008.WTH,normal_year;water_stress_year;nitrogen_stress_year;irrigation_responsive_year,irrigation_responsive,FQA2008_stress_grid_S0003,irrigation_positive_candidate,2008-08-29,242,86,81,"{""sim_day"": 86.0, ""doy"": 242.0, ""topwt"": 4133.375244140625, ""grnwt"": 1488.259735107422, ""xlai"": 0.5683745741844177, ""totir"": 20.0, ""tofer"": NaN, ""swfac"": 0.0, ""nstres"": 0.3331258893013}",0.0,0.3331258893013,4133.375244140625,1488.259735107422,0.5683745741844177,20.0,,0.0,0.0,20.0,0.0,17.525970458984375,25.52597045898437,Leave_One_experiments/all_year_offline_schedule_search/daily_outputs/FQA/FQA_2008_FQA2008_stress_grid_S0003_daily.csv
FQA,FQA,Fengqiu,2008,Leave_One_experiments\wth_generated_qc\FQA\FQA2008.WTH,normal_year;water_stress_year;nitrogen_stress_year;irrigation_responsive_year,irrigation_responsive,FQA2008_stress_grid_S0003,irrigation_positive_candidate,2008-08-30,243,87,82,"{""sim_day"": 87.0, ""doy"": 243.0, ""topwt"": 4235.504760742188, ""grnwt"": 1605.5314636230469, ""xlai"": 0.5510674715042114, ""totir"": 20.0, ""tofer"": NaN, ""swfac"": 0.0, ""nstres"": 0.3308055400848388}",0.0,0.3308055400848388,4235.504760742188,1605.5314636230469,0.5510674715042114,20.0,,0.0,0.0,20.0,0.0,17.525970458984375,25.52597045898437,Leave_One_experiments/all_year_offline_schedule_search/daily_outputs/FQA/FQA_2008_FQA2008_stress_grid_S0003_daily.csv
FQA,FQA,Fengqiu,2008,Leave_One_experiments\wth_generated_qc\FQA\FQA2008.WTH,normal_year;water_stress_year;nitrogen_stress_year;irrigation_responsive_year,irrigation_responsive,FQA2008_stress_grid_S0003,irrigation_positive_candidate,2008-08-31,244,88,83,"{""sim_day"": 88.0, ""doy"": 244.0, ""topwt"": 4342.941284179688, ""grnwt"": 1722.803192138672, ""xlai"": 0.5345927476882935, ""totir"": 20.0, ""tofer"": NaN, ""swfac"": 0.0, ""nstres"": 0.3175022602081299}",0.0,0.3175022602081299,4342.941284179688,1722.803192138672,0.5345927476882935,20.0,,0.0,0.0,20.0,0.0,17.525970458984375,25.52597045898437,Leave_One_experiments/all_year_offline_schedule_search/daily_outputs/FQA/FQA_2008_FQA2008_stress_grid_S0003_daily.csv
FQA,FQA,Fengqiu,2008,Leave_One_experiments\wth_generated_qc\FQA\FQA2008.WTH,normal_year;water_stress_year;nitrogen_stress_year;irrigation_responsive_year,irrigation_responsive,FQA2008_stress_grid_S0003,irrigation_positive_candidate,2008-09-01,245,89,84,"{""sim_day"": 89.0, ""doy"": 245.0, ""topwt"": 4432.07275390625, ""grnwt"": 1840.0749206542969, ""xlai"": 0.5180040001869202, ""totir"": 20.0, ""tofer"": NaN, ""swfac"": 0.0, ""nstres"": 0.3447350263595581}",0.0,0.3447350263595581,4432.07275390625,1840.0749206542969,0.5180040001869202,20.0,,0.0,0.0,20.0,0.0,17.525970458984375,25.52597045898437,Leave_One_experiments/all_year_offline_schedule_search/daily_outputs/FQA/FQA_2008_FQA2008_stress_grid_S0003_daily.csv
FQA,FQA,Fengqiu,2008,Leave_One_experiments\wth_generated_qc\FQA\FQA2008.WTH,normal_year;water_stress_year;nitrogen_stress_year;irrigation_responsive_year,irrigation_responsive,FQA2008_stress_grid_S0003,irrigation_positive_candidate,2008-09-02,246,90,85,"{""sim_day"": 90.0, ""doy"": 246.0, ""topwt"": 4503.6566162109375, ""grnwt"": 1957.3466491699216, ""xlai"": 0.5013158917427063, ""totir"": 20.0, ""tofer"": NaN, ""swfac"": 0.0, ""nstres"": 0.3731871247291565}",0.0,0.3731871247291565,4503.6566162109375,1957.3466491699216,0.5013158917427063,20.0,,0.0,0.0,20.0,0.0,17.525970458984375,25.52597045898437,Leave_One_experiments/all_year_offline_schedule_search/daily_outputs/FQA/FQA_2008_FQA2008_stress_grid_S0003_daily.csv
FQA,FQA,Fengqiu,2008,Leave_One_experiments\wth_generated_qc\FQA\FQA2008.WTH,normal_year;water_stress_year;nitrogen_stress_year;irrigation_responsive_year,irrigation_responsive,FQA2008_stress_grid_S0003,irrigation_positive_candidate,2008-09-03,247,91,86,"{""sim_day"": 91.0, ""doy"": 247.0, ""topwt"": 4581.313781738281, ""grnwt"": 2074.618377685547, ""xlai"": 0.4847761690616607, ""totir"": 20.0, ""tofer"": NaN, ""swfac"": 0.0, ""nstres"": 0.391824722290039}",0.0,0.391824722290039,4581.313781738281,2074.618377685547,0.4847761690616607,20.0,,0.0,0.0,20.0,0.0,17.525970458984375,25.52597045898437,Leave_One_experiments/all_year_offline_schedule_search/daily_outputs/FQA/FQA_2008_FQA2008_stress_grid_S0003_daily.csv
FQA,FQA,Fengqiu,2008,Leave_One_experiments\wth_generated_qc\FQA\FQA2008.WTH,normal_year;water_stress_year;nitrogen_stress_year;irrigation_responsive_year,irrigation_responsive,FQA2008_stress_grid_S0003,irrigation_positive_candidate,2008-09-04,248,92,87,"{""sim_day"": 92.0, ""doy"": 248.0, ""topwt"": 4664.112548828125, ""grnwt"": 2191.890106201172, ""xlai"": 0.4685763418674469, ""totir"": 20.0, ""tofer"": NaN, ""swfac"": 0.0, ""nstres"": 0.4020101428031921}",0.0,0.4020101428031921,4664.112548828125,2191.890106201172,0.4685763418674469,20.0,,0.0,0.0,20.0,0.0,17.525970458984375,25.52597045898437,Leave_One_experiments/all_year_offline_schedule_search/daily_outputs/FQA/FQA_2008_FQA2008_stress_grid_S0003_daily.csv
FQA,FQA,Fengqiu,2008,Leave_One_experiments\wth_generated_qc\FQA\FQA2008.WTH,normal_year;water_stress_year;nitrogen_stress_year;irrigation_responsive_year,irrigation_responsive,FQA2008_stress_grid_S0003,irrigation_positive_candidate,2008-09-05,249,93,88,"{""sim_day"": 93.0, ""doy"": 249.0, ""topwt"": 4733.638610839844, ""grnwt"": 2309.161834716797, ""xlai"": 0.4526807367801666, ""totir"": 20.0, ""tofer"": NaN, ""swfac"": 0.0, ""nstres"": 0.4141565561294555}",0.0,0.4141565561294555,4733.638610839844,2309.161834716797,0.4526807367801666,20.0,,0.0,0.0,20.0,0.0,17.525970458984375,25.52597045898437,Leave_One_experiments/all_year_offline_schedule_search/daily_outputs/FQA/FQA_2008_FQA2008_stress_grid_S0003_daily.csv
FQA,FQA,Fengqiu,2008,Leave_One_experiments\wth_generated_qc\FQA\FQA2008.WTH,normal_year;water_stress_year;nitrogen_stress_year;irrigation_responsive_year,irrigation_responsive,FQA2008_stress_grid_S0003,irrigation_positive_candidate,2008-09-06,250,94,89,"{""sim_day"": 94.0, ""doy"": 250.0, ""topwt"": 4752.511901855469, ""grnwt"": 2335.7638549804688, ""xlai"": 0.4370114207267761, ""totir"": 20.0, ""tofer"": NaN, ""swfac"": 0.0, ""nstres"": 0.4307507276535034}",0.0,0.4307507276535034,4752.511901855469,2335.7638549804688,0.4370114207267761,20.0,,0.0,0.0,20.0,0.0,17.525970458984375,25.52597045898437,Leave_One_experiments/all_year_offline_schedule_search/daily_outputs/FQA/FQA_2008_FQA2008_stress_grid_S0003_daily.csv
FQA,FQA,Fengqiu,2008,Leave_One_experiments\wth_generated_qc\FQA\FQA2008.WTH,normal_year;water_stress_year;nitrogen_stress_year;irrigation_responsive_year,irrigation_responsive,FQA2008_stress_grid_S0003,irrigation_positive_candidate,2008-09-07,251,95,90,"{""sim_day"": 95.0, ""doy"": 251.0, ""topwt"": 4776.5264892578125, ""grnwt"": 2359.778289794922, ""xlai"": 0.4229539930820465, ""totir"": 20.0, ""tofer"": NaN, ""swfac"": 0.0, ""nstres"": 0.3720104098320007}",0.0,0.3720104098320007,4776.5264892578125,2359.778289794922,0.4229539930820465,20.0,,0.0,0.0,20.0,0.0,17.525970458984375,25.52597045898437,Leave_One_experiments/all_year_offline_schedule_search/daily_outputs/FQA/FQA_2008_FQA2008_stress_grid_S0003_daily.csv
FQA,FQA,Fengqiu,2008,Leave_One_experiments\wth_generated_qc\FQA\FQA2008.WTH,normal_year;water_stress_year;nitrogen_stress_year;irrigation_responsive_year,irrigation_responsive,FQA2008_stress_grid_S0003,irrigation_positive_candidate,2008-09-08,252,96,91,"{""sim_day"": 96.0, ""doy"": 252.0, ""topwt"": 4817.492370605469, ""grnwt"": 2400.7443237304688, ""xlai"": 0.4099997878074646, ""totir"": 20.0, ""tofer"": NaN, ""swfac"": 0.0, ""nstres"": 0.3350692987442016}",0.0,0.3350692987442016,4817.492370605469,2400.7443237304688,0.4099997878074646,20.0,,0.0,0.0,20.0,0.0,17.525970458984375,25.52597045898437,Leave_One_experiments/all_year_offline_schedule_search/daily_outputs/FQA/FQA_2008_FQA2008_stress_grid_S0003_daily.csv
FQA,FQA,Fengqiu,2008,Leave_One_experiments\wth_generated_qc\FQA\FQA2008.WTH,normal_year;water_stress_year;nitrogen_stress_year;irrigation_responsive_year,irrigation_responsive,FQA2008_stress_grid_S0003,irrigation_positive_candidate,2008-09-09,253,97,92,"{""sim_day"": 97.0, ""doy"": 253.0, ""topwt"": 4831.480407714844, ""grnwt"": 2414.732360839844, ""xlai"": 0.3976382613182068, ""totir"": 20.0, ""tofer"": NaN, ""swfac"": 0.0, ""nstres"": 0.3235990405082702}",0.0,0.3235990405082702,4831.480407714844,2414.732360839844,0.3976382613182068,20.0,,0.0,0.0,20.0,0.0,17.525970458984375,25.52597045898437,Leave_One_experiments/all_year_offline_schedule_search/daily_outputs/FQA/FQA_2008_FQA2008_stress_grid_S0003_daily.csv
FQA,FQA,Fengqiu,2008,Leave_One_experiments\wth_generated_qc\FQA\FQA2008.WTH,normal_year;water_stress_year;nitrogen_stress_year;irrigation_responsive_year,irrigation_responsive,FQA2008_stress_grid_S0003,irrigation_positive_candidate,2008-09-10,254,98,93,"{""sim_day"": 98.0, ""doy"": 254.0, ""topwt"": 4911.884765625, ""grnwt"": 2495.13671875, ""xlai"": 0.3865258693695068, ""totir"": 20.0, ""tofer"": NaN, ""swfac"": 0.0, ""nstres"": 0.2707064747810364}",0.0,0.2707064747810364,4911.884765625,2495.13671875,0.3865258693695068,20.0,,0.0,0.0,20.0,0.0,17.525970458984375,25.52597045898437,Leave_One_experiments/all_year_offline_schedule_search/daily_outputs/FQA/FQA_2008_FQA2008_stress_grid_S0003_daily.csv
FQA,FQA,Fengqiu,2008,Leave_One_experiments\wth_generated_qc\FQA\FQA2008.WTH,normal_year;water_stress_year;nitrogen_stress_year;irrigation_responsive_year,irrigation_responsive,FQA2008_stress_grid_S0003,irrigation_positive_candidate,2008-09-11,255,99,94,"{""sim_day"": 99.0, ""doy"": 255.0, ""topwt"": 4987.031555175781, ""grnwt"": 2570.283508300781, ""xlai"": 0.375334769487381, ""totir"": 20.0, ""tofer"": NaN, ""swfac"": 0.0, ""nstres"": 0.2948749661445617}",0.0,0.2948749661445617,4987.031555175781,2570.283508300781,0.375334769487381,20.0,,0.0,0.0,20.0,0.0,17.525970458984375,25.52597045898437,Leave_One_experiments/all_year_offline_schedule_search/daily_outputs/FQA/FQA_2008_FQA2008_stress_grid_S0003_daily.csv
FQA,FQA,Fengqiu,2008,Leave_One_experiments\wth_generated_qc\FQA\FQA2008.WTH,normal_year;water_stress_year;nitrogen_stress_year;irrigation_responsive_year,irrigation_responsive,FQA2008_stress_grid_S0003,irrigation_positive_candidate,2008-09-12,256,100,95,"{""sim_day"": 100.0, ""doy"": 256.0, ""topwt"": 5049.791259765625, ""grnwt"": 2633.043212890625, ""xlai"": 0.364120602607727, ""totir"": 20.0, ""tofer"": NaN, ""swfac"": 0.0, ""nstres"": 0.3170633316040039}",0.0,0.3170633316040039,5049.791259765625,2633.043212890625,0.364120602607727,20.0,,0.0,0.0,20.0,0.0,17.525970458984375,25.52597045898437,Leave_One_experiments/all_year_offline_schedule_search/daily_outputs/FQA/FQA_2008_FQA2008_stress_grid_S0003_daily.csv
FQA,FQA,Fengqiu,2008,Leave_One_experiments\wth_generated_qc\FQA\FQA2008.WTH,normal_year;water_stress_year;nitrogen_stress_year;irrigation_responsive_year,irrigation_responsive,FQA2008_stress_grid_S0003,irrigation_positive_candidate,2008-09-13,257,101,96,"{""sim_day"": 101.0, ""doy"": 257.0, ""topwt"": 5105.694885253906, ""grnwt"": 2688.9468383789062, ""xlai"": 0.3531625866889953, ""totir"": 20.0, ""tofer"": NaN, ""swfac"": 0.0, ""nstres"": 0.3222628831863403}",0.0,0.3222628831863403,5105.694885253906,2688.9468383789062,0.3531625866889953,20.0,,0.0,0.0,20.0,0.0,17.525970458984375,25.52597045898437,Leave_One_experiments/all_year_offline_schedule_search/daily_outputs/FQA/FQA_2008_FQA2008_stress_grid_S0003_daily.csv
FQA,FQA,Fengqiu,2008,Leave_One_experiments\wth_generated_qc\FQA\FQA2008.WTH,normal_year;water_stress_year;nitrogen_stress_year;irrigation_responsive_year,irrigation_responsive,FQA2008_stress_grid_S0003,irrigation_positive_candidate,2008-09-14,258,102,97,"{""sim_day"": 102.0, ""doy"": 258.0, ""topwt"": 5169.3450927734375, ""grnwt"": 2752.597045898437, ""xlai"": 0.3425843715667724, ""totir"": 20.0, ""tofer"": NaN, ""swfac"": 0.0, ""nstres"": 0.3188686370849609}",0.0,0.3188686370849609,5169.3450927734375,2752.597045898437,0.3425843715667724,20.0,,0.0,0.0,20.0,0.0,17.525970458984375,25.52597045898437,Leave_One_experiments/all_year_offline_schedule_search/daily_outputs/FQA/FQA_2008_FQA2008_stress_grid_S0003_daily.csv
FQA,FQA,Fengqiu,2008,Leave_One_experiments\wth_generated_qc\FQA\FQA2008.WTH,normal_year;water_stress_year;nitrogen_stress_year;irrigation_responsive_year,irrigation_responsive,FQA2008_stress_grid_S0003,irrigation_positive_candidate,2008-09-15,259,103,98,"{""sim_day"": 103.0, ""doy"": 259.0, ""topwt"": 5169.3450927734375, ""grnwt"": 2752.597045898437, ""xlai"": 0.3425843715667724, ""totir"": 20.0, ""tofer"": NaN, ""swfac"": 0.0, ""nstres"": 0.3253571391105652}",0.0,0.3253571391105652,5169.3450927734375,2752.597045898437,0.3425843715667724,20.0,,0.0,0.0,20.0,0.0,17.525970458984375,25.52597045898437,Leave_One_experiments/all_year_offline_schedule_search/daily_outputs/FQA/FQA_2008_FQA2008_stress_grid_S0003_daily.csv
FQA,FQA,Fengqiu,2008,Leave_One_experiments\wth_generated_qc\FQA\FQA2008.WTH,normal_year;water_stress_year;nitrogen_stress_year;irrigation_responsive_year,irrigation_responsive,FQA2008_stress_grid_S0003,irrigation_positive_candidate,2008-09-16,260,104,99,"{""sim_day"": 104.0, ""doy"": 260.0, ""topwt"": 5169.3450927734375, ""grnwt"": 2752.597045898437, ""xlai"": 0.3425843715667724, ""totir"": 20.0, ""tofer"": NaN, ""swfac"": 0.0, ""nstres"": 0.3253571391105652}",0.0,0.3253571391105652,5169.3450927734375,2752.597045898437,0.3425843715667724,20.0,,0.0,0.0,20.0,0.0,17.525970458984375,25.52597045898437,Leave_One_experiments/all_year_offline_schedule_search/daily_outputs/FQA/FQA_2008_FQA2008_stress_grid_S0003_daily.csv
FQA,FQA,Fengqiu,2008,Leave_One_experiments\wth_generated_qc\FQA\FQA2008.WTH,normal_year;water_stress_year;nitrogen_stress_year;irrigation_responsive_year,irrigation_responsive,FQA2008_stress_grid_S0003,irrigation_positive_candidate,2008-09-17,261,105,100,"{""sim_day"": 105.0, ""doy"": 261.0, ""topwt"": 5169.3450927734375, ""grnwt"": 2752.597045898437, ""xlai"": 0.3425843715667724, ""totir"": 20.0, ""tofer"": NaN, ""swfac"": 0.0, ""nstres"": 0.3253571391105652}",0.0,0.3253571391105652,5169.3450927734375,2752.597045898437,0.3425843715667724,20.0,,0.0,0.0,20.0,0.0,17.525970458984375,25.52597045898437,Leave_One_experiments/all_year_offline_schedule_search/daily_outputs/FQA/FQA_2008_FQA2008_stress_grid_S0003_daily.csv
FQA,FQA,Fengqiu,2008,Leave_One_experiments\wth_generated_qc\FQA\FQA2008.WTH,normal_year;water_stress_year;nitrogen_stress_year;irrigation_responsive_year,irrigation_responsive,FQA2008_stress_grid_S0001,low_input_within_10pct_yield,2008-06-10,162,1,1,"{""sim_day"": 1.0, ""doy"": 162.0, ""topwt"": 0.0, ""grnwt"": 0.0, ""xlai"": 0.0, ""totir"": 0.0, ""tofer"": NaN, ""swfac"": 0.0, ""nstres"": 0.0}",0.0,0.0,0.0,0.0,0.0,0.0,,0.0,0.0,0.0,0.0,26.43572998046875,26.43572998046875,Leave_One_experiments/all_year_offline_schedule_search/daily_outputs/FQA/FQA_2008_FQA2008_stress_grid_S0001_daily.csv
FQA,FQA,Fengqiu,2008,Leave_One_experiments\wth_generated_qc\FQA\FQA2008.WTH,normal_year;water_stress_year;nitrogen_stress_year;irrigation_responsive_year,irrigation_responsive,FQA2008_stress_grid_S0001,low_input_within_10pct_yield,2008-06-11,163,2,2,"{""sim_day"": 2.0, ""doy"": 163.0, ""topwt"": 0.0, ""grnwt"": 0.0, ""xlai"": 0.0, ""totir"": 0.0, ""tofer"": NaN, ""swfac"": 0.0, ""nstres"": 0.0}",0.0,0.0,0.0,0.0,0.0,0.0,,0.0,0.0,0.0,0.0,26.43572998046875,26.43572998046875,Leave_One_experiments/all_year_offline_schedule_search/daily_outputs/FQA/FQA_2008_FQA2008_stress_grid_S0001_daily.csv
FQA,FQA,Fengqiu,2008,Leave_One_experiments\wth_generated_qc\FQA\FQA2008.WTH,normal_year;water_stress_year;nitrogen_stress_year;irrigation_responsive_year,irrigation_responsive,FQA2008_stress_grid_S0001,low_input_within_10pct_yield,2008-06-12,164,3,3,"{""sim_day"": 3.0, ""doy"": 164.0, ""topwt"": 0.0, ""grnwt"": 0.0, ""xlai"": 0.0, ""totir"": 0.0, ""tofer"": NaN, ""swfac"": 0.0, ""nstres"": 0.0}",0.0,0.0,0.0,0.0,0.0,0.0,,0.0,0.0,0.0,0.0,26.43572998046875,26.43572998046875,Leave_One_experiments/all_year_offline_schedule_search/daily_outputs/FQA/FQA_2008_FQA2008_stress_grid_S0001_daily.csv
FQA,FQA,Fengqiu,2008,Leave_One_experiments\wth_generated_qc\FQA\FQA2008.WTH,normal_year;water_stress_year;nitrogen_stress_year;irrigation_responsive_year,irrigation_responsive,FQA2008_stress_grid_S0001,low_input_within_10pct_yield,2008-06-13,165,4,4,"{""sim_day"": 4.0, ""doy"": 165.0, ""topwt"": 0.0, ""grnwt"": 0.0, ""xlai"": 0.0, ""totir"": 0.0, ""tofer"": NaN, ""swfac"": 0.0, ""nstres"": 0.0}",0.0,0.0,0.0,0.0,0.0,0.0,,0.0,0.0,0.0,0.0,26.43572998046875,26.43572998046875,Leave_One_experiments/all_year_offline_schedule_search/daily_outputs/FQA/FQA_2008_FQA2008_stress_grid_S0001_daily.csv
FQA,FQA,Fengqiu,2008,Leave_One_experiments\wth_generated_qc\FQA\FQA2008.WTH,normal_year;water_stress_year;nitrogen_stress_year;irrigation_responsive_year,irrigation_responsive,FQA2008_stress_grid_S0001,low_input_within_10pct_yield,2008-06-14,166,5,5,"{""sim_day"": 5.0, ""doy"": 166.0, ""topwt"": 0.0, ""grnwt"": 0.0, ""xlai"": 0.0, ""totir"": 0.0, ""tofer"": NaN, ""swfac"": 0.0, ""nstres"": 0.0}",0.0,0.0,0.0,0.0,0.0,0.0,,0.0,0.0,0.0,0.0,26.43572998046875,26.43572998046875,Leave_One_experiments/all_year_offline_schedule_search/daily_outputs/FQA/FQA_2008_FQA2008_stress_grid_S0001_daily.csv
FQA,FQA,Fengqiu,2008,Leave_One_experiments\wth_generated_qc\FQA\FQA2008.WTH,normal_year;water_stress_year;nitrogen_stress_year;irrigation_responsive_year,irrigation_responsive,FQA2008_stress_grid_S0001,low_input_within_10pct_yield,2008-06-10,162,6,1,"{""sim_day"": 6.0, ""doy"": 162.0, ""topwt"": 0.0, ""grnwt"": 0.0, ""xlai"": 0.0, ""totir"": 0.0, ""tofer"": NaN, ""swfac"": 0.0, ""nstres"": 0.0}",0.0,0.0,0.0,0.0,0.0,0.0,,0.0,0.0,0.0,0.0,26.43572998046875,26.43572998046875,Leave_One_experiments/all_year_offline_schedule_search/daily_outputs/FQA/FQA_2008_FQA2008_stress_grid_S0001_daily.csv
FQA,FQA,Fengqiu,2008,Leave_One_experiments\wth_generated_qc\FQA\FQA2008.WTH,normal_year;water_stress_year;nitrogen_stress_year;irrigation_responsive_year,irrigation_responsive,FQA2008_stress_grid_S0001,low_input_within_10pct_yield,2008-06-11,163,7,2,"{""sim_day"": 7.0, ""doy"": 163.0, ""topwt"": 0.0, ""grnwt"": 0.0, ""xlai"": 0.0, ""totir"": 0.0, ""tofer"": NaN, ""swfac"": 0.0, ""nstres"": 0.0}",0.0,0.0,0.0,0.0,0.0,0.0,,0.0,0.0,0.0,0.0,26.43572998046875,26.43572998046875,Leave_One_experiments/all_year_offline_schedule_search/daily_outputs/FQA/FQA_2008_FQA2008_stress_grid_S0001_daily.csv
FQA,FQA,Fengqiu,2008,Leave_One_experiments\wth_generated_qc\FQA\FQA2008.WTH,normal_year;water_stress_year;nitrogen_stress_year;irrigation_responsive_year,irrigation_responsive,FQA2008_stress_grid_S0001,low_input_within_10pct_yield,2008-06-12,164,8,3,"{""sim_day"": 8.0, ""doy"": 164.0, ""topwt"": 0.0, ""grnwt"": 0.0, ""xlai"": 0.0, ""totir"": 0.0, ""tofer"": NaN, ""swfac"": 0.0, ""nstres"": 0.0}",0.0,0.0,0.0,0.0,0.0,0.0,,0.0,0.0,0.0,0.0,26.43572998046875,26.43572998046875,Leave_One_experiments/all_year_offline_schedule_search/daily_outputs/FQA/FQA_2008_FQA2008_stress_grid_S0001_daily.csv
FQA,FQA,Fengqiu,2008,Leave_One_experiments\wth_generated_qc\FQA\FQA2008.WTH,normal_year;water_stress_year;nitrogen_stress_year;irrigation_responsive_year,irrigation_responsive,FQA2008_stress_grid_S0001,low_input_within_10pct_yield,2008-06-13,165,9,4,"{""sim_day"": 9.0, ""doy"": 165.0, ""topwt"": 0.0, ""grnwt"": 0.0, ""xlai"": 0.0, ""totir"": 0.0, ""tofer"": NaN, ""swfac"": 0.0, ""nstres"": 0.0}",0.0,0.0,0.0,0.0,0.0,0.0,,0.0,0.0,0.0,0.0,26.43572998046875,26.43572998046875,Leave_One_experiments/all_year_offline_schedule_search/daily_outputs/FQA/FQA_2008_FQA2008_stress_grid_S0001_daily.csv
FQA,FQA,Fengqiu,2008,Leave_One_experiments\wth_generated_qc\FQA\FQA2008.WTH,normal_year;water_stress_year;nitrogen_stress_year;irrigation_responsive_year,irrigation_responsive,FQA2008_stress_grid_S0001,low_input_within_10pct_yield,2008-06-14,166,10,5,"{""sim_day"": 10.0, ""doy"": 166.0, ""topwt"": 0.0, ""grnwt"": 0.0, ""xlai"": 0.0, ""totir"": 0.0, ""tofer"": NaN, ""swfac"": 0.0, ""nstres"": 0.0}",0.0,0.0,0.0,0.0,0.0,0.0,,0.0,0.0,0.0,0.0,26.43572998046875,26.43572998046875,Leave_One_experiments/all_year_offline_schedule_search/daily_outputs/FQA/FQA_2008_FQA2008_stress_grid_S0001_daily.csv
FQA,FQA,Fengqiu,2008,Leave_One_experiments\wth_generated_qc\FQA\FQA2008.WTH,normal_year;water_stress_year;nitrogen_stress_year;irrigation_responsive_year,irrigation_responsive,FQA2008_stress_grid_S0001,low_input_within_10pct_yield,2008-06-15,167,11,6,"{""sim_day"": 11.0, ""doy"": 167.0, ""topwt"": 32.00000047683716, ""grnwt"": 0.0, ""xlai"": 0.0021261305082589, ""totir"": 0.0, ""tofer"": NaN, ""swfac"": 0.0, ""nstres"": 0.0121910572052001}",0.0,0.0121910572052001,32.00000047683716,0.0,0.0021261305082589,0.0,,0.0,0.0,0.0,0.0,26.43572998046875,26.43572998046875,Leave_One_experiments/all_year_offline_schedule_search/daily_outputs/FQA/FQA_2008_FQA2008_stress_grid_S0001_daily.csv
FQA,FQA,Fengqiu,2008,Leave_One_experiments\wth_generated_qc\FQA\FQA2008.WTH,normal_year;water_stress_year;nitrogen_stress_year;irrigation_responsive_year,irrigation_responsive,FQA2008_stress_grid_S0001,low_input_within_10pct_yield,2008-06-16,168,12,7,"{""sim_day"": 12.0, ""doy"": 168.0, ""topwt"": 32.00000047683716, ""grnwt"": 0.0, ""xlai"": 0.0036666626110672, ""totir"": 0.0, ""tofer"": NaN, ""swfac"": 0.0, ""nstres"": 0.0069057941436767}",0.0,0.0069057941436767,32.00000047683716,0.0,0.0036666626110672,0.0,,0.0,0.0,0.0,0.0,26.43572998046875,26.43572998046875,Leave_One_experiments/all_year_offline_schedule_search/daily_outputs/FQA/FQA_2008_FQA2008_stress_grid_S0001_daily.csv
FQA,FQA,Fengqiu,2008,Leave_One_experiments\wth_generated_qc\FQA\FQA2008.WTH,normal_year;water_stress_year;nitrogen_stress_year;irrigation_responsive_year,irrigation_responsive,FQA2008_stress_grid_S0001,low_input_within_10pct_yield,2008-06-17,169,13,8,"{""sim_day"": 13.0, ""doy"": 169.0, ""topwt"": 32.00000047683716, ""grnwt"": 0.0, ""xlai"": 0.0057223690673708, ""totir"": 0.0, ""tofer"": NaN, ""swfac"": 0.0, ""nstres"": 0.0}",0.0,0.0,32.00000047683716,0.0,0.0057223690673708,0.0,,0.0,0.0,0.0,0.0,26.43572998046875,26.43572998046875,Leave_One_experiments/all_year_offline_schedule_search/daily_outputs/FQA/FQA_2008_FQA2008_stress_grid_S0001_daily.csv
FQA,FQA,Fengqiu,2008,Leave_One_experiments\wth_generated_qc\FQA\FQA2008.WTH,normal_year;water_stress_year;nitrogen_stress_year;irrigation_responsive_year,irrigation_responsive,FQA2008_stress_grid_S0001,low_input_within_10pct_yield,2008-06-18,170,14,9,"{""sim_day"": 14.0, ""doy"": 170.0, ""topwt"": 32.00000047683716, ""grnwt"": 0.0, ""xlai"": 0.0083634089678525, ""totir"": 0.0, ""tofer"": NaN, ""swfac"": 0.0, ""nstres"": 0.0}",0.0,0.0,32.00000047683716,0.0,0.0083634089678525,0.0,,0.0,0.0,0.0,0.0,26.43572998046875,26.43572998046875,Leave_One_experiments/all_year_offline_schedule_search/daily_outputs/FQA/FQA_2008_FQA2008_stress_grid_S0001_daily.csv
FQA,FQA,Fengqiu,2008,Leave_One_experiments\wth_generated_qc\FQA\FQA2008.WTH,normal_year;water_stress_year;nitrogen_stress_year;irrigation_responsive_year,irrigation_responsive,FQA2008_stress_grid_S0001,low_input_within_10pct_yield,2008-06-19,171,15,10,"{""sim_day"": 15.0, ""doy"": 171.0, ""topwt"": 32.00000047683716, ""grnwt"": 0.0, ""xlai"": 0.0115837436169385, ""totir"": 0.0, ""tofer"": NaN, ""swfac"": 0.0, ""nstres"": 0.0}",0.0,0.0,32.00000047683716,0.0,0.0115837436169385,0.0,,0.0,0.0,0.0,0.0,26.43572998046875,26.43572998046875,Leave_One_experiments/all_year_offline_schedule_search/daily_outputs/FQA/FQA_2008_FQA2008_stress_grid_S0001_daily.csv
FQA,FQA,Fengqiu,2008,Leave_One_experiments\wth_generated_qc\FQA\FQA2008.WTH,normal_year;water_stress_year;nitrogen_stress_year;irrigation_responsive_year,irrigation_responsive,FQA2008_stress_grid_S0001,low_input_within_10pct_yield,2008-06-20,172,16,11,"{""sim_day"": 16.0, ""doy"": 172.0, ""topwt"": 32.00000047683716, ""grnwt"": 0.0, ""xlai"": 0.0150151317939162, ""totir"": 0.0, ""tofer"": NaN, ""swfac"": 0.0, ""nstres"": 0.0}",0.0,0.0,32.00000047683716,0.0,0.0150151317939162,0.0,,0.0,0.0,0.0,0.0,26.43572998046875,26.43572998046875,Leave_One_experiments/all_year_offline_schedule_search/daily_outputs/FQA/FQA_2008_FQA2008_stress_grid_S0001_daily.csv
FQA,FQA,Fengqiu,2008,Leave_One_experiments\wth_generated_qc\FQA\FQA2008.WTH,normal_year;water_stress_year;nitrogen_stress_year;irrigation_responsive_year,irrigation_responsive,FQA2008_stress_grid_S0001,low_input_within_10pct_yield,2008-06-21,173,17,12,"{""sim_day"": 17.0, ""doy"": 173.0, ""topwt"": 32.00000047683716, ""grnwt"": 0.0, ""xlai"": 0.0189855564385652, ""totir"": 0.0, ""tofer"": NaN, ""swfac"": 0.0, ""nstres"": 0.0}",0.0,0.0,32.00000047683716,0.0,0.0189855564385652,0.0,,0.0,0.0,0.0,0.0,26.43572998046875,26.43572998046875,Leave_One_experiments/all_year_offline_schedule_search/daily_outputs/FQA/FQA_2008_FQA2008_stress_grid_S0001_daily.csv
FQA,FQA,Fengqiu,2008,Leave_One_experiments\wth_generated_qc\FQA\FQA2008.WTH,normal_year;water_stress_year;nitrogen_stress_year;irrigation_responsive_year,irrigation_responsive,FQA2008_stress_grid_S0001,low_input_within_10pct_yield,2008-06-22,174,18,13,"{""sim_day"": 18.0, ""doy"": 174.0, ""topwt"": 23.652806282043457, ""grnwt"": 0.0, ""xlai"": 0.0324826911091804, ""totir"": 0.0, ""tofer"": NaN, ""swfac"": 0.0, ""nstres"": 0.0}",0.0,0.0,23.652806282043457,0.0,0.0324826911091804,0.0,,0.0,0.0,0.0,0.0,26.43572998046875,26.43572998046875,Leave_One_experiments/all_year_offline_schedule_search/daily_outputs/FQA/FQA_2008_FQA2008_stress_grid_S0001_daily.csv
FQA,FQA,Fengqiu,2008,Leave_One_experiments\wth_generated_qc\FQA\FQA2008.WTH,normal_year;water_stress_year;nitrogen_stress_year;irrigation_responsive_year,irrigation_responsive,FQA2008_stress_grid_S0001,low_input_within_10pct_yield,2008-06-23,175,19,14,"{""sim_day"": 19.0, ""doy"": 175.0, ""topwt"": 27.607693672180176, ""grnwt"": 0.0, ""xlai"": 0.0452644899487495, ""totir"": 0.0, ""tofer"": NaN, ""swfac"": 0.0, ""nstres"": 0.0}",0.0,0.0,27.607693672180176,0.0,0.0452644899487495,0.0,,0.0,0.0,0.0,0.0,26.43572998046875,26.43572998046875,Leave_One_experiments/all_year_offline_schedule_search/daily_outputs/FQA/FQA_2008_FQA2008_stress_grid_S0001_daily.csv
FQA,FQA,Fengqiu,2008,Leave_One_experiments\wth_generated_qc\FQA\FQA2008.WTH,normal_year;water_stress_year;nitrogen_stress_year;irrigation_responsive_year,irrigation_responsive,FQA2008_stress_grid_S0001,low_input_within_10pct_yield,2008-06-24,176,20,15,"{""sim_day"": 20.0, ""doy"": 176.0, ""topwt"": 33.92127513885498, ""grnwt"": 0.0, ""xlai"": 0.0639530569314956, ""totir"": 0.0, ""tofer"": NaN, ""swfac"": 0.0, ""nstres"": 0.0}",0.0,0.0,33.92127513885498,0.0,0.0639530569314956,0.0,,0.0,0.0,0.0,0.0,26.43572998046875,26.43572998046875,Leave_One_experiments/all_year_offline_schedule_search/daily_outputs/FQA/FQA_2008_FQA2008_stress_grid_S0001_daily.csv
FQA,FQA,Fengqiu,2008,Leave_One_experiments\wth_generated_qc\FQA\FQA2008.WTH,normal_year;water_stress_year;nitrogen_stress_year;irrigation_responsive_year,irrigation_responsive,FQA2008_stress_grid_S0001,low_input_within_10pct_yield,2008-06-25,177,21,16,"{""sim_day"": 21.0, ""doy"": 177.0, ""topwt"": 40.21195888519287, ""grnwt"": 0.0, ""xlai"": 0.0812315791845321, ""totir"": 0.0, ""tofer"": NaN, ""swfac"": 0.0, ""nstres"": 0.0}",0.0,0.0,40.21195888519287,0.0,0.0812315791845321,0.0,,0.0,0.0,0.0,0.0,26.43572998046875,26.43572998046875,Leave_One_experiments/all_year_offline_schedule_search/daily_outputs/FQA/FQA_2008_FQA2008_stress_grid_S0001_daily.csv
FQA,FQA,Fengqiu,2008,Leave_One_experiments\wth_generated_qc\FQA\FQA2008.WTH,normal_year;water_stress_year;nitrogen_stress_year;irrigation_responsive_year,irrigation_responsive,FQA2008_stress_grid_S0001,low_input_within_10pct_yield,2008-06-26,178,22,17,"{""sim_day"": 22.0, ""doy"": 178.0, ""topwt"": 48.21322917938232, ""grnwt"": 0.0, ""xlai"": 0.1019063144922256, ""totir"": 0.0, ""tofer"": NaN, ""swfac"": 0.0, ""nstres"": 0.0}",0.0,0.0,48.21322917938232,0.0,0.1019063144922256,0.0,,0.0,0.0,0.0,0.0,26.43572998046875,26.43572998046875,Leave_One_experiments/all_year_offline_schedule_search/daily_outputs/FQA/FQA_2008_FQA2008_stress_grid_S0001_daily.csv
FQA,FQA,Fengqiu,2008,Leave_One_experiments\wth_generated_qc\FQA\FQA2008.WTH,normal_year;water_stress_year;nitrogen_stress_year;irrigation_responsive_year,irrigation_responsive,FQA2008_stress_grid_S0001,low_input_within_10pct_yield,2008-06-27,179,23,18,"{""sim_day"": 23.0, ""doy"": 179.0, ""topwt"": 57.38840103149414, ""grnwt"": 0.0, ""xlai"": 0.1243219673633575, ""totir"": 0.0, ""tofer"": NaN, ""swfac"": 0.0, ""nstres"": 0.0}",0.0,0.0,57.38840103149414,0.0,0.1243219673633575,0.0,,0.0,0.0,0.0,0.0,26.43572998046875,26.43572998046875,Leave_One_experiments/all_year_offline_schedule_search/daily_outputs/FQA/FQA_2008_FQA2008_stress_grid_S0001_daily.csv
FQA,FQA,Fengqiu,2008,Leave_One_experiments\wth_generated_qc\FQA\FQA2008.WTH,normal_year;water_stress_year;nitrogen_stress_year;irrigation_responsive_year,irrigation_responsive,FQA2008_stress_grid_S0001,low_input_within_10pct_yield,2008-06-28,180,24,19,"{""sim_day"": 24.0, ""doy"": 180.0, ""topwt"": 68.89780521392822, ""grnwt"": 0.0, ""xlai"": 0.1510054767131805, ""totir"": 0.0, ""tofer"": NaN, ""swfac"": 0.0, ""nstres"": 0.0}",0.0,0.0,68.89780521392822,0.0,0.1510054767131805,0.0,,0.0,0.0,0.0,0.0,26.43572998046875,26.43572998046875,Leave_One_experiments/all_year_offline_schedule_search/daily_outputs/FQA/FQA_2008_FQA2008_stress_grid_S0001_daily.csv
FQA,FQA,Fengqiu,2008,Leave_One_experiments\wth_generated_qc\FQA\FQA2008.WTH,normal_year;water_stress_year;nitrogen_stress_year;irrigation_responsive_year,irrigation_responsive,FQA2008_stress_grid_S0001,low_input_within_10pct_yield,2008-06-29,181,25,20,"{""sim_day"": 25.0, ""doy"": 181.0, ""topwt"": 81.78180694580078, ""grnwt"": 0.0, ""xlai"": 0.1794438660144806, ""totir"": 0.0, ""tofer"": NaN, ""swfac"": 0.0, ""nstres"": 0.0}",0.0,0.0,81.78180694580078,0.0,0.1794438660144806,0.0,,0.0,0.0,0.0,0.0,26.43572998046875,26.43572998046875,Leave_One_experiments/all_year_offline_schedule_search/daily_outputs/FQA/FQA_2008_FQA2008_stress_grid_S0001_daily.csv
FQA,FQA,Fengqiu,2008,Leave_One_experiments\wth_generated_qc\FQA\FQA2008.WTH,normal_year;water_stress_year;nitrogen_stress_year;irrigation_responsive_year,irrigation_responsive,FQA2008_stress_grid_S0001,low_input_within_10pct_yield,2008-06-30,182,26,21,"{""sim_day"": 26.0, ""doy"": 182.0, ""topwt"": 89.94613647460938, ""grnwt"": 0.0, ""xlai"": 0.1967922747135162, ""totir"": 0.0, ""tofer"": NaN, ""swfac"": 0.0, ""nstres"": 0.0}",0.0,0.0,89.94613647460938,0.0,0.1967922747135162,0.0,,0.0,0.0,0.0,0.0,26.43572998046875,26.43572998046875,Leave_One_experiments/all_year_offline_schedule_search/daily_outputs/FQA/FQA_2008_FQA2008_stress_grid_S0001_daily.csv
FQA,FQA,Fengqiu,2008,Leave_One_experiments\wth_generated_qc\FQA\FQA2008.WTH,normal_year;water_stress_year;nitrogen_stress_year;irrigation_responsive_year,irrigation_responsive,FQA2008_stress_grid_S0001,low_input_within_10pct_yield,2008-07-01,183,27,22,"{""sim_day"": 27.0, ""doy"": 183.0, ""topwt"": 103.76584053039552, ""grnwt"": 0.0, ""xlai"": 0.2241681069135666, ""totir"": 0.0, ""tofer"": NaN, ""swfac"": 0.0, ""nstres"": 0.0}",0.0,0.0,103.76584053039552,0.0,0.2241681069135666,0.0,,0.0,0.0,0.0,0.0,26.43572998046875,26.43572998046875,Leave_One_experiments/all_year_offline_schedule_search/daily_outputs/FQA/FQA_2008_FQA2008_stress_grid_S0001_daily.csv
FQA,FQA,Fengqiu,2008,Leave_One_experiments\wth_generated_qc\FQA\FQA2008.WTH,normal_year;water_stress_year;nitrogen_stress_year;irrigation_responsive_year,irrigation_responsive,FQA2008_stress_grid_S0001,low_input_within_10pct_yield,2008-07-02,184,28,23,"{""sim_day"": 28.0, ""doy"": 184.0, ""topwt"": 122.70838737487792, ""grnwt"": 0.0, ""xlai"": 0.2628859877586365, ""totir"": 0.0, ""tofer"": NaN, ""swfac"": 0.0, ""nstres"": 0.0}",0.0,0.0,122.70838737487792,0.0,0.2628859877586365,0.0,,0.0,0.0,0.0,0.0,26.43572998046875,26.43572998046875,Leave_One_experiments/all_year_offline_schedule_search/daily_outputs/FQA/FQA_2008_FQA2008_stress_grid_S0001_daily.csv
FQA,FQA,Fengqiu,2008,Leave_One_experiments\wth_generated_qc\FQA\FQA2008.WTH,normal_year;water_stress_year;nitrogen_stress_year;irrigation_responsive_year,irrigation_responsive,FQA2008_stress_grid_S0001,low_input_within_10pct_yield,2008-07-03,185,29,24,"{""sim_day"": 29.0, ""doy"": 185.0, ""topwt"": 145.0035572052002, ""grnwt"": 0.0, ""xlai"": 0.3063895106315613, ""totir"": 0.0, ""tofer"": NaN, ""swfac"": 0.0, ""nstres"": 0.0}",0.0,0.0,145.0035572052002,0.0,0.3063895106315613,0.0,,0.0,0.0,0.0,0.0,26.43572998046875,26.43572998046875,Leave_One_experiments/all_year_offline_schedule_search/daily_outputs/FQA/FQA_2008_FQA2008_stress_grid_S0001_daily.csv
FQA,FQA,Fengqiu,2008,Leave_One_experiments\wth_generated_qc\FQA\FQA2008.WTH,normal_year;water_stress_year;nitrogen_stress_year;irrigation_responsive_year,irrigation_responsive,FQA2008_stress_grid_S0001,low_input_within_10pct_yield,2008-07-04,186,30,25,"{""sim_day"": 30.0, ""doy"": 186.0, ""topwt"": 164.483642578125, ""grnwt"": 0.0, ""xlai"": 0.3428657650947571, ""totir"": 0.0, ""tofer"": NaN, ""swfac"": 0.0, ""nstres"": 0.0}",0.0,0.0,164.483642578125,0.0,0.3428657650947571,0.0,,0.0,0.0,0.0,0.0,26.43572998046875,26.43572998046875,Leave_One_experiments/all_year_offline_schedule_search/daily_outputs/FQA/FQA_2008_FQA2008_stress_grid_S0001_daily.csv
FQA,FQA,Fengqiu,2008,Leave_One_experiments\wth_generated_qc\FQA\FQA2008.WTH,normal_year;water_stress_year;nitrogen_stress_year;irrigation_responsive_year,irrigation_responsive,FQA2008_stress_grid_S0001,low_input_within_10pct_yield,2008-07-05,187,31,26,"{""sim_day"": 31.0, ""doy"": 187.0, ""topwt"": 187.70177841186523, ""grnwt"": 0.0, ""xlai"": 0.3846487402915954, ""totir"": 0.0, ""tofer"": NaN, ""swfac"": 0.0, ""nstres"": 0.0}",0.0,0.0,187.70177841186523,0.0,0.3846487402915954,0.0,,0.0,0.0,0.0,0.0,26.43572998046875,26.43572998046875,Leave_One_experiments/all_year_offline_schedule_search/daily_outputs/FQA/FQA_2008_FQA2008_stress_grid_S0001_daily.csv
FQA,FQA,Fengqiu,2008,Leave_One_experiments\wth_generated_qc\FQA\FQA2008.WTH,normal_year;water_stress_year;nitrogen_stress_year;irrigation_responsive_year,irrigation_responsive,FQA2008_stress_grid_S0001,low_input_within_10pct_yield,2008-07-06,188,32,27,"{""sim_day"": 32.0, ""doy"": 188.0, ""topwt"": 208.67677688598636, ""grnwt"": 0.0, ""xlai"": 0.4210401177406311, ""totir"": 0.0, ""tofer"": NaN, ""swfac"": 0.0, ""nstres"": 0.0}",0.0,0.0,208.67677688598636,0.0,0.4210401177406311,0.0,,0.0,0.0,0.0,0.0,26.43572998046875,26.43572998046875,Leave_One_experiments/all_year_offline_schedule_search/daily_outputs/FQA/FQA_2008_FQA2008_stress_grid_S0001_daily.csv
FQA,FQA,Fengqiu,2008,Leave_One_experiments\wth_generated_qc\FQA\FQA2008.WTH,normal_year;water_stress_year;nitrogen_stress_year;irrigation_responsive_year,irrigation_responsive,FQA2008_stress_grid_S0001,low_input_within_10pct_yield,2008-07-07,189,33,28,"{""sim_day"": 33.0, ""doy"": 189.0, ""topwt"": 232.44647979736328, ""grnwt"": 0.0, ""xlai"": 0.4608390927314758, ""totir"": 0.0, ""tofer"": NaN, ""swfac"": 0.0, ""nstres"": 0.0}",0.0,0.0,232.44647979736328,0.0,0.4608390927314758,0.0,,0.0,0.0,0.0,0.0,26.43572998046875,26.43572998046875,Leave_One_experiments/all_year_offline_schedule_search/daily_outputs/FQA/FQA_2008_FQA2008_stress_grid_S0001_daily.csv
FQA,FQA,Fengqiu,2008,Leave_One_experiments\wth_generated_qc\FQA\FQA2008.WTH,normal_year;water_stress_year;nitrogen_stress_year;irrigation_responsive_year,irrigation_responsive,FQA2008_stress_grid_S0001,low_input_within_10pct_yield,2008-07-08,190,34,29,"{""sim_day"": 34.0, ""doy"": 190.0, ""topwt"": 262.27569580078125, ""grnwt"": 0.0, ""xlai"": 0.5088114142417908, ""totir"": 0.0, ""tofer"": NaN, ""swfac"": 0.0, ""nstres"": 0.0}",0.0,0.0,262.27569580078125,0.0,0.5088114142417908,0.0,,0.0,0.0,0.0,0.0,26.43572998046875,26.43572998046875,Leave_One_experiments/all_year_offline_schedule_search/daily_outputs/FQA/FQA_2008_FQA2008_stress_grid_S0001_daily.csv
FQA,FQA,Fengqiu,2008,Leave_One_experiments\wth_generated_qc\FQA\FQA2008.WTH,normal_year;water_stress_year;nitrogen_stress_year;irrigation_responsive_year,irrigation_responsive,FQA2008_stress_grid_S0001,low_input_within_10pct_yield,2008-07-09,191,35,30,"{""sim_day"": 35.0, ""doy"": 191.0, ""topwt"": 300.1603889465332, ""grnwt"": 0.0, ""xlai"": 0.5669415593147278, ""totir"": 0.0, ""tofer"": NaN, ""swfac"": 0.0, ""nstres"": 0.0}",0.0,0.0,300.1603889465332,0.0,0.5669415593147278,0.0,,0.0,0.0,0.0,0.0,26.43572998046875,26.43572998046875,Leave_One_experiments/all_year_offline_schedule_search/daily_outputs/FQA/FQA_2008_FQA2008_stress_grid_S0001_daily.csv
FQA,FQA,Fengqiu,2008,Leave_One_experiments\wth_generated_qc\FQA\FQA2008.WTH,normal_year;water_stress_year;nitrogen_stress_year;irrigation_responsive_year,irrigation_responsive,FQA2008_stress_grid_S0001,low_input_within_10pct_yield,2008-07-10,192,36,31,"{""sim_day"": 36.0, ""doy"": 192.0, ""topwt"": 345.73131561279297, ""grnwt"": 0.0, ""xlai"": 0.6333047747612, ""totir"": 0.0, ""tofer"": NaN, ""swfac"": 0.0, ""nstres"": 0.0}",0.0,0.0,345.73131561279297,0.0,0.6333047747612,0.0,,0.0,0.0,0.0,0.0,26.43572998046875,26.43572998046875,Leave_One_experiments/all_year_offline_schedule_search/daily_outputs/FQA/FQA_2008_FQA2008_stress_grid_S0001_daily.csv
FQA,FQA,Fengqiu,2008,Leave_One_experiments\wth_generated_qc\FQA\FQA2008.WTH,normal_year;water_stress_year;nitrogen_stress_year;irrigation_responsive_year,irrigation_responsive,FQA2008_stress_grid_S0001,low_input_within_10pct_yield,2008-07-11,193,37,32,"{""sim_day"": 37.0, ""doy"": 193.0, ""topwt"": 388.7106704711914, ""grnwt"": 0.0, ""xlai"": 0.6929619312286377, ""totir"": 0.0, ""tofer"": NaN, ""swfac"": 0.0, ""nstres"": 0.0}",0.0,0.0,388.7106704711914,0.0,0.6929619312286377,0.0,,0.0,0.0,0.0,0.0,26.43572998046875,26.43572998046875,Leave_One_experiments/all_year_offline_schedule_search/daily_outputs/FQA/FQA_2008_FQA2008_stress_grid_S0001_daily.csv
FQA,FQA,Fengqiu,2008,Leave_One_experiments\wth_generated_qc\FQA\FQA2008.WTH,normal_year;water_stress_year;nitrogen_stress_year;irrigation_responsive_year,irrigation_responsive,FQA2008_stress_grid_S0001,low_input_within_10pct_yield,2008-07-12,194,38,33,"{""sim_day"": 38.0, ""doy"": 194.0, ""topwt"": 436.6242980957031, ""grnwt"": 0.0, ""xlai"": 0.7564246654510498, ""totir"": 0.0, ""tofer"": NaN, ""swfac"": 0.0, ""nstres"": 0.0}",0.0,0.0,436.6242980957031,0.0,0.7564246654510498,0.0,,0.0,0.0,0.0,0.0,26.43572998046875,26.43572998046875,Leave_One_experiments/all_year_offline_schedule_search/daily_outputs/FQA/FQA_2008_FQA2008_stress_grid_S0001_daily.csv
FQA,FQA,Fengqiu,2008,Leave_One_experiments\wth_generated_qc\FQA\FQA2008.WTH,normal_year;water_stress_year;nitrogen_stress_year;irrigation_responsive_year,irrigation_responsive,FQA2008_stress_grid_S0001,low_input_within_10pct_yield,2008-07-13,195,39,34,"{""sim_day"": 39.0, ""doy"": 195.0, ""topwt"": 474.9546051025391, ""grnwt"": 0.0, ""xlai"": 0.8050081133842468, ""totir"": 0.0, ""tofer"": NaN, ""swfac"": 0.0, ""nstres"": 0.0}",0.0,0.0,474.9546051025391,0.0,0.8050081133842468,0.0,,0.0,0.0,0.0,0.0,26.43572998046875,26.43572998046875,Leave_One_experiments/all_year_offline_schedule_search/daily_outputs/FQA/FQA_2008_FQA2008_stress_grid_S0001_daily.csv
FQA,FQA,Fengqiu,2008,Leave_One_experiments\wth_generated_qc\FQA\FQA2008.WTH,normal_year;water_stress_year;nitrogen_stress_year;irrigation_responsive_year,irrigation_responsive,FQA2008_stress_grid_S0001,low_input_within_10pct_yield,2008-07-14,196,40,35,"{""sim_day"": 40.0, ""doy"": 196.0, ""topwt"": 524.6682357788086, ""grnwt"": 0.0, ""xlai"": 0.8638737797737122, ""totir"": 0.0, ""tofer"": NaN, ""swfac"": 0.0, ""nstres"": 0.0148265361785888}",0.0,0.0148265361785888,524.6682357788086,0.0,0.8638737797737122,0.0,,0.0,0.0,0.0,0.0,26.43572998046875,26.43572998046875,Leave_One_experiments/all_year_offline_schedule_search/daily_outputs/FQA/FQA_2008_FQA2008_stress_grid_S0001_daily.csv
FQA,FQA,Fengqiu,2008,Leave_One_experiments\wth_generated_qc\FQA\FQA2008.WTH,normal_year;water_stress_year;nitrogen_stress_year;irrigation_responsive_year,irrigation_responsive,FQA2008_stress_grid_S0001,low_input_within_10pct_yield,2008-07-15,197,41,36,"{""sim_day"": 41.0, ""doy"": 197.0, ""topwt"": 585.1946640014648, ""grnwt"": 0.0, ""xlai"": 0.930266797542572, ""totir"": 0.0, ""tofer"": NaN, ""swfac"": 0.0, ""nstres"": 0.032306432723999}",0.0,0.032306432723999,585.1946640014648,0.0,0.930266797542572,0.0,,0.0,0.0,0.0,0.0,26.43572998046875,26.43572998046875,Leave_One_experiments/all_year_offline_schedule_search/daily_outputs/FQA/FQA_2008_FQA2008_stress_grid_S0001_daily.csv
FQA,FQA,Fengqiu,2008,Leave_One_experiments\wth_generated_qc\FQA\FQA2008.WTH,normal_year;water_stress_year;nitrogen_stress_year;irrigation_responsive_year,irrigation_responsive,FQA2008_stress_grid_S0001,low_input_within_10pct_yield,2008-07-16,198,42,37,"{""sim_day"": 42.0, ""doy"": 198.0, ""topwt"": 636.3068389892578, ""grnwt"": 0.0, ""xlai"": 0.9792107939720154, ""totir"": 0.0, ""tofer"": NaN, ""swfac"": 0.0, ""nstres"": 0.0629186630249023}",0.0,0.0629186630249023,636.3068389892578,0.0,0.9792107939720154,0.0,,0.0,0.0,0.0,0.0,26.43572998046875,26.43572998046875,Leave_One_experiments/all_year_offline_schedule_search/daily_outputs/FQA/FQA_2008_FQA2008_stress_grid_S0001_daily.csv
FQA,FQA,Fengqiu,2008,Leave_One_experiments\wth_generated_qc\FQA\FQA2008.WTH,normal_year;water_stress_year;nitrogen_stress_year;irrigation_responsive_year,irrigation_responsive,FQA2008_stress_grid_S0001,low_input_within_10pct_yield,2008-07-17,199,43,38,"{""sim_day"": 43.0, ""doy"": 199.0, ""topwt"": 677.9307556152344, ""grnwt"": 0.0, ""xlai"": 1.0117698907852173, ""totir"": 0.0, ""tofer"": NaN, ""swfac"": 0.0, ""nstres"": 0.0939809083938598}",0.0,0.0939809083938598,677.9307556152344,0.0,1.0117698907852173,0.0,,0.0,0.0,0.0,0.0,26.43572998046875,26.43572998046875,Leave_One_experiments/all_year_offline_schedule_search/daily_outputs/FQA/FQA_2008_FQA2008_stress_grid_S0001_daily.csv
FQA,FQA,Fengqiu,2008,Leave_One_experiments\wth_generated_qc\FQA\FQA2008.WTH,normal_year;water_stress_year;nitrogen_stress_year;irrigation_responsive_year,irrigation_responsive,FQA2008_stress_grid_S0001,low_input_within_10pct_yield,2008-07-18,200,44,39,"{""sim_day"": 44.0, ""doy"": 200.0, ""topwt"": 728.0127716064453, ""grnwt"": 0.0, ""xlai"": 1.0486215353012085, ""totir"": 0.0, ""tofer"": NaN, ""swfac"": 0.0, ""nstres"": 0.1113239526748657}",0.0,0.1113239526748657,728.0127716064453,0.0,1.0486215353012085,0.0,,0.0,0.0,0.0,0.0,26.43572998046875,26.43572998046875,Leave_One_experiments/all_year_offline_schedule_search/daily_outputs/FQA/FQA_2008_FQA2008_stress_grid_S0001_daily.csv
FQA,FQA,Fengqiu,2008,Leave_One_experiments\wth_generated_qc\FQA\FQA2008.WTH,normal_year;water_stress_year;nitrogen_stress_year;irrigation_responsive_year,irrigation_responsive,FQA2008_stress_grid_S0001,low_input_within_10pct_yield,2008-07-19,201,45,40,"{""sim_day"": 45.0, ""doy"": 201.0, ""topwt"": 781.1653900146484, ""grnwt"": 0.0, ""xlai"": 1.08423912525177, ""totir"": 0.0, ""tofer"": NaN, ""swfac"": 0.0, ""nstres"": 0.1239590644836425}",0.0,0.1239590644836425,781.1653900146484,0.0,1.08423912525177,0.0,,0.0,0.0,0.0,0.0,26.43572998046875,26.43572998046875,Leave_One_experiments/all_year_offline_schedule_search/daily_outputs/FQA/FQA_2008_FQA2008_stress_grid_S0001_daily.csv
FQA,FQA,Fengqiu,2008,Leave_One_experiments\wth_generated_qc\FQA\FQA2008.WTH,normal_year;water_stress_year;nitrogen_stress_year;irrigation_responsive_year,irrigation_responsive,FQA2008_stress_grid_S0001,low_input_within_10pct_yield,2008-07-20,202,46,41,"{""sim_day"": 46.0, ""doy"": 202.0, ""topwt"": 835.0970458984375, ""grnwt"": 0.0, ""xlai"": 1.1158870458602903, ""totir"": 0.0, ""tofer"": NaN, ""swfac"": 0.0, ""nstres"": 0.1390354633331298}",0.0,0.1390354633331298,835.0970458984375,0.0,1.1158870458602903,0.0,,0.0,0.0,0.0,0.0,26.43572998046875,26.43572998046875,Leave_One_experiments/all_year_offline_schedule_search/daily_outputs/FQA/FQA_2008_FQA2008_stress_grid_S0001_daily.csv
FQA,FQA,Fengqiu,2008,Leave_One_experiments\wth_generated_qc\FQA\FQA2008.WTH,normal_year;water_stress_year;nitrogen_stress_year;irrigation_responsive_year,irrigation_responsive,FQA2008_stress_grid_S0001,low_input_within_10pct_yield,2008-07-21,203,47,42,"{""sim_day"": 47.0, ""doy"": 203.0, ""topwt"": 877.1240234375, ""grnwt"": 0.0, ""xlai"": 1.1324342489242554, ""totir"": 0.0, ""tofer"": NaN, ""swfac"": 0.0, ""nstres"": 0.1532079577445984}",0.0,0.1532079577445984,877.1240234375,0.0,1.1324342489242554,0.0,,0.0,0.0,0.0,0.0,26.43572998046875,26.43572998046875,Leave_One_experiments/all_year_offline_schedule_search/daily_outputs/FQA/FQA_2008_FQA2008_stress_grid_S0001_daily.csv
FQA,FQA,Fengqiu,2008,Leave_One_experiments\wth_generated_qc\FQA\FQA2008.WTH,normal_year;water_stress_year;nitrogen_stress_year;irrigation_responsive_year,irrigation_responsive,FQA2008_stress_grid_S0001,low_input_within_10pct_yield,2008-07-22,204,48,43,"{""sim_day"": 48.0, ""doy"": 204.0, ""topwt"": 929.2935943603516, ""grnwt"": 0.0, ""xlai"": 1.1545027494430542, ""totir"": 0.0, ""tofer"": NaN, ""swfac"": 0.0, ""nstres"": 0.1645576357841491}",0.0,0.1645576357841491,929.2935943603516,0.0,1.1545027494430542,0.0,,0.0,0.0,0.0,0.0,26.43572998046875,26.43572998046875,Leave_One_experiments/all_year_offline_schedule_search/daily_outputs/FQA/FQA_2008_FQA2008_stress_grid_S0001_daily.csv
FQA,FQA,Fengqiu,2008,Leave_One_experiments\wth_generated_qc\FQA\FQA2008.WTH,normal_year;water_stress_year;nitrogen_stress_year;irrigation_responsive_year,irrigation_responsive,FQA2008_stress_grid_S0001,low_input_within_10pct_yield,2008-07-23,205,49,44,"{""sim_day"": 49.0, ""doy"": 205.0, ""topwt"": 990.7592010498048, ""grnwt"": 0.0, ""xlai"": 1.1813158988952637, ""totir"": 0.0, ""tofer"": NaN, ""swfac"": 0.0, ""nstres"": 0.1699012517929077}",0.0,0.1699012517929077,990.7592010498048,0.0,1.1813158988952637,0.0,,0.0,0.0,0.0,0.0,26.43572998046875,26.43572998046875,Leave_One_experiments/all_year_offline_schedule_search/daily_outputs/FQA/FQA_2008_FQA2008_stress_grid_S0001_daily.csv
FQA,FQA,Fengqiu,2008,Leave_One_experiments\wth_generated_qc\FQA\FQA2008.WTH,normal_year;water_stress_year;nitrogen_stress_year;irrigation_responsive_year,irrigation_responsive,FQA2008_stress_grid_S0001,low_input_within_10pct_yield,2008-07-24,206,50,45,"{""sim_day"": 50.0, ""doy"": 206.0, ""topwt"": 1123.8441467285156, ""grnwt"": 0.0, ""xlai"": 1.2000832557678225, ""totir"": 0.0, ""tofer"": NaN, ""swfac"": 0.0, ""nstres"": 0.1788139343261718}",0.0,0.1788139343261718,1123.8441467285156,0.0,1.2000832557678225,0.0,,0.0,0.0,0.0,0.0,26.43572998046875,26.43572998046875,Leave_One_experiments/all_year_offline_schedule_search/daily_outputs/FQA/FQA_2008_FQA2008_stress_grid_S0001_daily.csv
FQA,FQA,Fengqiu,2008,Leave_One_experiments\wth_generated_qc\FQA\FQA2008.WTH,normal_year;water_stress_year;nitrogen_stress_year;irrigation_responsive_year,irrigation_responsive,FQA2008_stress_grid_S0001,low_input_within_10pct_yield,2008-07-25,207,51,46,"{""sim_day"": 51.0, ""doy"": 207.0, ""topwt"": 1221.6122436523438, ""grnwt"": 0.0, ""xlai"": 1.2034642696380615, ""totir"": 0.0, ""tofer"": NaN, ""swfac"": 0.0, ""nstres"": 0.1877931952476501}",0.0,0.1877931952476501,1221.6122436523438,0.0,1.2034642696380615,0.0,,0.0,0.0,0.0,0.0,26.43572998046875,26.43572998046875,Leave_One_experiments/all_year_offline_schedule_search/daily_outputs/FQA/FQA_2008_FQA2008_stress_grid_S0001_daily.csv
FQA,FQA,Fengqiu,2008,Leave_One_experiments\wth_generated_qc\FQA\FQA2008.WTH,normal_year;water_stress_year;nitrogen_stress_year;irrigation_responsive_year,irrigation_responsive,FQA2008_stress_grid_S0001,low_input_within_10pct_yield,2008-07-26,208,52,47,"{""sim_day"": 52.0, ""doy"": 208.0, ""topwt"": 1341.2960815429688, ""grnwt"": 0.0, ""xlai"": 1.2080010175704956, ""totir"": 0.0, ""tofer"": NaN, ""swfac"": 0.0, ""nstres"": 0.2425368428230285}",0.0,0.2425368428230285,1341.2960815429688,0.0,1.2080010175704956,0.0,,0.0,0.0,0.0,0.0,26.43572998046875,26.43572998046875,Leave_One_experiments/all_year_offline_schedule_search/daily_outputs/FQA/FQA_2008_FQA2008_stress_grid_S0001_daily.csv
FQA,FQA,Fengqiu,2008,Leave_One_experiments\wth_generated_qc\FQA\FQA2008.WTH,normal_year;water_stress_year;nitrogen_stress_year;irrigation_responsive_year,irrigation_responsive,FQA2008_stress_grid_S0001,low_input_within_10pct_yield,2008-07-27,209,53,48,"{""sim_day"": 53.0, ""doy"": 209.0, ""topwt"": 1458.8015747070312, ""grnwt"": 0.0, ""xlai"": 1.2082619667053225, ""totir"": 0.0, ""tofer"": NaN, ""swfac"": 0.0, ""nstres"": 0.2790247797966003}",0.0,0.2790247797966003,1458.8015747070312,0.0,1.2082619667053225,0.0,,0.0,0.0,0.0,0.0,26.43572998046875,26.43572998046875,Leave_One_experiments/all_year_offline_schedule_search/daily_outputs/FQA/FQA_2008_FQA2008_stress_grid_S0001_daily.csv
FQA,FQA,Fengqiu,2008,Leave_One_experiments\wth_generated_qc\FQA\FQA2008.WTH,normal_year;water_stress_year;nitrogen_stress_year;irrigation_responsive_year,irrigation_responsive,FQA2008_stress_grid_S0001,low_input_within_10pct_yield,2008-07-28,210,54,49,"{""sim_day"": 54.0, ""doy"": 210.0, ""topwt"": 1564.814910888672, ""grnwt"": 0.0, ""xlai"": 1.2017452716827393, ""totir"": 0.0, ""tofer"": NaN, ""swfac"": 0.0, ""nstres"": 0.3206480741500854}",0.0,0.3206480741500854,1564.814910888672,0.0,1.2017452716827393,0.0,,0.0,0.0,0.0,0.0,26.43572998046875,26.43572998046875,Leave_One_experiments/all_year_offline_schedule_search/daily_outputs/FQA/FQA_2008_FQA2008_stress_grid_S0001_daily.csv
FQA,FQA,Fengqiu,2008,Leave_One_experiments\wth_generated_qc\FQA\FQA2008.WTH,normal_year;water_stress_year;nitrogen_stress_year;irrigation_responsive_year,irrigation_responsive,FQA2008_stress_grid_S0001,low_input_within_10pct_yield,2008-07-29,211,55,50,"{""sim_day"": 55.0, ""doy"": 211.0, ""topwt"": 1632.4588012695312, ""grnwt"": 0.0, ""xlai"": 1.1823738813400269, ""totir"": 0.0, ""tofer"": NaN, ""swfac"": 0.0, ""nstres"": 0.3517283797264099}",0.0,0.3517283797264099,1632.4588012695312,0.0,1.1823738813400269,0.0,,0.0,0.0,0.0,0.0,26.43572998046875,26.43572998046875,Leave_One_experiments/all_year_offline_schedule_search/daily_outputs/FQA/FQA_2008_FQA2008_stress_grid_S0001_daily.csv
FQA,FQA,Fengqiu,2008,Leave_One_experiments\wth_generated_qc\FQA\FQA2008.WTH,normal_year;water_stress_year;nitrogen_stress_year;irrigation_responsive_year,irrigation_responsive,FQA2008_stress_grid_S0001,low_input_within_10pct_yield,2008-07-30,212,56,51,"{""sim_day"": 56.0, ""doy"": 212.0, ""topwt"": 1702.905731201172, ""grnwt"": 0.0, ""xlai"": 1.1628925800323486, ""totir"": 0.0, ""tofer"": NaN, ""swfac"": 0.0, ""nstres"": 0.3692572116851806}",0.0,0.3692572116851806,1702.905731201172,0.0,1.1628925800323486,0.0,,0.0,0.0,0.0,0.0,26.43572998046875,26.43572998046875,Leave_One_experiments/all_year_offline_schedule_search/daily_outputs/FQA/FQA_2008_FQA2008_stress_grid_S0001_daily.csv
FQA,FQA,Fengqiu,2008,Leave_One_experiments\wth_generated_qc\FQA\FQA2008.WTH,normal_year;water_stress_year;nitrogen_stress_year;irrigation_responsive_year,irrigation_responsive,FQA2008_stress_grid_S0001,low_input_within_10pct_yield,2008-07-31,213,57,52,"{""sim_day"": 57.0, ""doy"": 213.0, ""topwt"": 1792.3541259765625, ""grnwt"": 0.0, ""xlai"": 1.1482810974121094, ""totir"": 0.0, ""tofer"": NaN, ""swfac"": 0.0, ""nstres"": 0.3705326318740845}",0.0,0.3705326318740845,1792.3541259765625,0.0,1.1482810974121094,0.0,,0.0,0.0,0.0,0.0,26.43572998046875,26.43572998046875,Leave_One_experiments/all_year_offline_schedule_search/daily_outputs/FQA/FQA_2008_FQA2008_stress_grid_S0001_daily.csv
FQA,FQA,Fengqiu,2008,Leave_One_experiments\wth_generated_qc\FQA\FQA2008.WTH,normal_year;water_stress_year;nitrogen_stress_year;irrigation_responsive_year,irrigation_responsive,FQA2008_stress_grid_S0001,low_input_within_10pct_yield,2008-08-01,214,58,53,"{""sim_day"": 58.0, ""doy"": 214.0, ""topwt"": 1881.012115478516, ""grnwt"": 0.0, ""xlai"": 1.1338728666305542, ""totir"": 0.0, ""tofer"": NaN, ""swfac"": 0.0, ""nstres"": 0.3714268207550049}",0.0,0.3714268207550049,1881.012115478516,0.0,1.1338728666305542,0.0,,0.0,0.0,0.0,0.0,26.43572998046875,26.43572998046875,Leave_One_experiments/all_year_offline_schedule_search/daily_outputs/FQA/FQA_2008_FQA2008_stress_grid_S0001_daily.csv
FQA,FQA,Fengqiu,2008,Leave_One_experiments\wth_generated_qc\FQA\FQA2008.WTH,normal_year;water_stress_year;nitrogen_stress_year;irrigation_responsive_year,irrigation_responsive,FQA2008_stress_grid_S0001,low_input_within_10pct_yield,2008-08-02,215,59,54,"{""sim_day"": 59.0, ""doy"": 215.0, ""topwt"": 1962.5112915039065, ""grnwt"": 0.0, ""xlai"": 1.117831468582153, ""totir"": 0.0, ""tofer"": NaN, ""swfac"": 0.0, ""nstres"": 0.3764864802360534}",0.0,0.3764864802360534,1962.5112915039065,0.0,1.117831468582153,0.0,,0.0,0.0,0.0,0.0,26.43572998046875,26.43572998046875,Leave_One_experiments/all_year_offline_schedule_search/daily_outputs/FQA/FQA_2008_FQA2008_stress_grid_S0001_daily.csv
FQA,FQA,Fengqiu,2008,Leave_One_experiments\wth_generated_qc\FQA\FQA2008.WTH,normal_year;water_stress_year;nitrogen_stress_year;irrigation_responsive_year,irrigation_responsive,FQA2008_stress_grid_S0001,low_input_within_10pct_yield,2008-08-03,216,60,55,"{""sim_day"": 60.0, ""doy"": 216.0, ""topwt"": 2039.061279296875, ""grnwt"": 0.0, ""xlai"": 1.100761890411377, ""totir"": 0.0, ""tofer"": NaN, ""swfac"": 0.0, ""nstres"": 0.382056176662445}",0.0,0.382056176662445,2039.061279296875,0.0,1.100761890411377,0.0,,0.0,0.0,0.0,0.0,26.43572998046875,26.43572998046875,Leave_One_experiments/all_year_offline_schedule_search/daily_outputs/FQA/FQA_2008_FQA2008_stress_grid_S0001_daily.csv
FQA,FQA,Fengqiu,2008,Leave_One_experiments\wth_generated_qc\FQA\FQA2008.WTH,normal_year;water_stress_year;nitrogen_stress_year;irrigation_responsive_year,irrigation_responsive,FQA2008_stress_grid_S0001,low_input_within_10pct_yield,2008-08-04,217,61,56,"{""sim_day"": 61.0, ""doy"": 217.0, ""topwt"": 2117.7749633789062, ""grnwt"": 0.0, ""xlai"": 1.0847293138504028, ""totir"": 0.0, ""tofer"": NaN, ""swfac"": 0.0, ""nstres"": 0.3833041191101074}",0.0,0.3833041191101074,2117.7749633789062,0.0,1.0847293138504028,0.0,,0.0,0.0,0.0,0.0,26.43572998046875,26.43572998046875,Leave_One_experiments/all_year_offline_schedule_search/daily_outputs/FQA/FQA_2008_FQA2008_stress_grid_S0001_daily.csv
FQA,FQA,Fengqiu,2008,Leave_One_experiments\wth_generated_qc\FQA\FQA2008.WTH,normal_year;water_stress_year;nitrogen_stress_year;irrigation_responsive_year,irrigation_responsive,FQA2008_stress_grid_S0001,low_input_within_10pct_yield,2008-08-05,218,62,57,"{""sim_day"": 62.0, ""doy"": 218.0, ""topwt"": 2207.853546142578, ""grnwt"": 0.0, ""xlai"": 1.0720572471618652, ""totir"": 0.0, ""tofer"": NaN, ""swfac"": 0.0, ""nstres"": 0.38443523645401}",0.0,0.38443523645401,2207.853546142578,0.0,1.0720572471618652,0.0,,0.0,0.0,0.0,0.0,26.43572998046875,26.43572998046875,Leave_One_experiments/all_year_offline_schedule_search/daily_outputs/FQA/FQA_2008_FQA2008_stress_grid_S0001_daily.csv
FQA,FQA,Fengqiu,2008,Leave_One_experiments\wth_generated_qc\FQA\FQA2008.WTH,normal_year;water_stress_year;nitrogen_stress_year;irrigation_responsive_year,irrigation_responsive,FQA2008_stress_grid_S0001,low_input_within_10pct_yield,2008-08-06,219,63,58,"{""sim_day"": 63.0, ""doy"": 219.0, ""topwt"": 2295.737762451172, ""grnwt"": 0.0, ""xlai"": 1.0592010021209717, ""totir"": 0.0, ""tofer"": NaN, ""swfac"": 0.0, ""nstres"": 0.3848510980606079}",0.0,0.3848510980606079,2295.737762451172,0.0,1.0592010021209717,0.0,,0.0,0.0,0.0,0.0,26.43572998046875,26.43572998046875,Leave_One_experiments/all_year_offline_schedule_search/daily_outputs/FQA/FQA_2008_FQA2008_stress_grid_S0001_daily.csv
FQA,FQA,Fengqiu,2008,Leave_One_experiments\wth_generated_qc\FQA\FQA2008.WTH,normal_year;water_stress_year;nitrogen_stress_year;irrigation_responsive_year,irrigation_responsive,FQA2008_stress_grid_S0001,low_input_within_10pct_yield,2008-08-07,220,64,59,"{""sim_day"": 64.0, ""doy"": 220.0, ""topwt"": 2384.5957946777344, ""grnwt"": 0.0, ""xlai"": 1.046980619430542, ""totir"": 0.0, ""tofer"": NaN, ""swfac"": 0.0, ""nstres"": 0.3851946592330932}",0.0,0.3851946592330932,2384.5957946777344,0.0,1.046980619430542,0.0,,0.0,0.0,0.0,0.0,26.43572998046875,26.43572998046875,Leave_One_experiments/all_year_offline_schedule_search/daily_outputs/FQA/FQA_2008_FQA2008_stress_grid_S0001_daily.csv
FQA,FQA,Fengqiu,2008,Leave_One_experiments\wth_generated_qc\FQA\FQA2008.WTH,normal_year;water_stress_year;nitrogen_stress_year;irrigation_responsive_year,irrigation_responsive,FQA2008_stress_grid_S0001,low_input_within_10pct_yield,2008-08-08,221,65,60,"{""sim_day"": 65.0, ""doy"": 221.0, ""topwt"": 2474.686737060547, ""grnwt"": 0.0, ""xlai"": 1.0356347560882568, ""totir"": 0.0, ""tofer"": NaN, ""swfac"": 0.0, ""nstres"": 0.3811944723129272}",0.0,0.3811944723129272,2474.686737060547,0.0,1.0356347560882568,0.0,,0.0,0.0,0.0,0.0,26.43572998046875,26.43572998046875,Leave_One_experiments/all_year_offline_schedule_search/daily_outputs/FQA/FQA_2008_FQA2008_stress_grid_S0001_daily.csv
FQA,FQA,Fengqiu,2008,Leave_One_experiments\wth_generated_qc\FQA\FQA2008.WTH,normal_year;water_stress_year;nitrogen_stress_year;irrigation_responsive_year,irrigation_responsive,FQA2008_stress_grid_S0001,low_input_within_10pct_yield,2008-08-09,222,66,61,"{""sim_day"": 66.0, ""doy"": 222.0, ""topwt"": 2553.697662353516, ""grnwt"": 0.0, ""xlai"": 1.001963496208191, ""totir"": 0.0, ""tofer"": NaN, ""swfac"": 0.0, ""nstres"": 0.3803064227104187}",0.0,0.3803064227104187,2553.697662353516,0.0,1.001963496208191,0.0,,0.0,0.0,0.0,0.0,26.43572998046875,26.43572998046875,Leave_One_experiments/all_year_offline_schedule_search/daily_outputs/FQA/FQA_2008_FQA2008_stress_grid_S0001_daily.csv
FQA,FQA,Fengqiu,2008,Leave_One_experiments\wth_generated_qc\FQA\FQA2008.WTH,normal_year;water_stress_year;nitrogen_stress_year;irrigation_responsive_year,irrigation_responsive,FQA2008_stress_grid_S0001,low_input_within_10pct_yield,2008-08-10,223,67,62,"{""sim_day"": 67.0, ""doy"": 223.0, ""topwt"": 2632.3275756835938, ""grnwt"": 0.0, ""xlai"": 0.9701417684555054, ""totir"": 0.0, ""tofer"": NaN, ""swfac"": 0.0, ""nstres"": 0.3622200489044189}",0.0,0.3622200489044189,2632.3275756835938,0.0,0.9701417684555054,0.0,,0.0,0.0,0.0,0.0,26.43572998046875,26.43572998046875,Leave_One_experiments/all_year_offline_schedule_search/daily_outputs/FQA/FQA_2008_FQA2008_stress_grid_S0001_daily.csv
FQA,FQA,Fengqiu,2008,Leave_One_experiments\wth_generated_qc\FQA\FQA2008.WTH,normal_year;water_stress_year;nitrogen_stress_year;irrigation_responsive_year,irrigation_responsive,FQA2008_stress_grid_S0001,low_input_within_10pct_yield,2008-08-11,224,68,63,"{""sim_day"": 68.0, ""doy"": 224.0, ""topwt"": 2727.0526123046875, ""grnwt"": 0.0, ""xlai"": 0.9397130608558656, ""totir"": 0.0, ""tofer"": NaN, ""swfac"": 0.0, ""nstres"": 0.352765679359436}",0.0,0.352765679359436,2727.0526123046875,0.0,0.9397130608558656,0.0,,0.0,0.0,0.0,0.0,26.43572998046875,26.43572998046875,Leave_One_experiments/all_year_offline_schedule_search/daily_outputs/FQA/FQA_2008_FQA2008_stress_grid_S0001_daily.csv
FQA,FQA,Fengqiu,2008,Leave_One_experiments\wth_generated_qc\FQA\FQA2008.WTH,normal_year;water_stress_year;nitrogen_stress_year;irrigation_responsive_year,irrigation_responsive,FQA2008_stress_grid_S0001,low_input_within_10pct_yield,2008-08-12,225,69,64,"{""sim_day"": 69.0, ""doy"": 225.0, ""topwt"": 2735.853271484375, ""grnwt"": 0.0, ""xlai"": 0.9105508327484132, ""totir"": 0.0, ""tofer"": NaN, ""swfac"": 0.0, ""nstres"": 0.3447942733764648}",0.0,0.3447942733764648,2735.853271484375,0.0,0.9105508327484132,0.0,,0.0,0.0,0.0,0.0,26.43572998046875,26.43572998046875,Leave_One_experiments/all_year_offline_schedule_search/daily_outputs/FQA/FQA_2008_FQA2008_stress_grid_S0001_daily.csv
FQA,FQA,Fengqiu,2008,Leave_One_experiments\wth_generated_qc\FQA\FQA2008.WTH,normal_year;water_stress_year;nitrogen_stress_year;irrigation_responsive_year,irrigation_responsive,FQA2008_stress_grid_S0001,low_input_within_10pct_yield,2008-08-13,226,70,65,"{""sim_day"": 70.0, ""doy"": 226.0, ""topwt"": 2777.772521972656, ""grnwt"": 0.0, ""xlai"": 0.8826164603233337, ""totir"": 0.0, ""tofer"": NaN, ""swfac"": 0.0, ""nstres"": 0.3362859487533569}",0.0,0.3362859487533569,2777.772521972656,0.0,0.8826164603233337,0.0,,0.0,0.0,0.0,0.0,26.43572998046875,26.43572998046875,Leave_One_experiments/all_year_offline_schedule_search/daily_outputs/FQA/FQA_2008_FQA2008_stress_grid_S0001_daily.csv
FQA,FQA,Fengqiu,2008,Leave_One_experiments\wth_generated_qc\FQA\FQA2008.WTH,normal_year;water_stress_year;nitrogen_stress_year;irrigation_responsive_year,irrigation_responsive,FQA2008_stress_grid_S0001,low_input_within_10pct_yield,2008-08-14,227,71,66,"{""sim_day"": 71.0, ""doy"": 227.0, ""topwt"": 2835.6198120117188, ""grnwt"": 0.0, ""xlai"": 0.8566073775291443, ""totir"": 0.0, ""tofer"": NaN, ""swfac"": 0.0, ""nstres"": 0.3072344064712524}",0.0,0.3072344064712524,2835.6198120117188,0.0,0.8566073775291443,0.0,,0.0,0.0,0.0,0.0,26.43572998046875,26.43572998046875,Leave_One_experiments/all_year_offline_schedule_search/daily_outputs/FQA/FQA_2008_FQA2008_stress_grid_S0001_daily.csv
FQA,FQA,Fengqiu,2008,Leave_One_experiments\wth_generated_qc\FQA\FQA2008.WTH,normal_year;water_stress_year;nitrogen_stress_year;irrigation_responsive_year,irrigation_responsive,FQA2008_stress_grid_S0001,low_input_within_10pct_yield,2008-08-15,228,72,67,"{""sim_day"": 72.0, ""doy"": 228.0, ""topwt"": 2890.8126831054688, ""grnwt"": 0.0, ""xlai"": 0.8319987058639526, ""totir"": 0.0, ""tofer"": NaN, ""swfac"": 0.0, ""nstres"": 0.2894734144210815}",0.0,0.2894734144210815,2890.8126831054688,0.0,0.8319987058639526,0.0,,0.0,0.0,0.0,0.0,26.43572998046875,26.43572998046875,Leave_One_experiments/all_year_offline_schedule_search/daily_outputs/FQA/FQA_2008_FQA2008_stress_grid_S0001_daily.csv
FQA,FQA,Fengqiu,2008,Leave_One_experiments\wth_generated_qc\FQA\FQA2008.WTH,normal_year;water_stress_year;nitrogen_stress_year;irrigation_responsive_year,irrigation_responsive,FQA2008_stress_grid_S0001,low_input_within_10pct_yield,2008-08-16,229,73,68,"{""sim_day"": 73.0, ""doy"": 229.0, ""topwt"": 2963.133544921875, ""grnwt"": 0.0, ""xlai"": 0.8085827231407166, ""totir"": 0.0, ""tofer"": NaN, ""swfac"": 0.0, ""nstres"": 0.2754635214805603}",0.0,0.2754635214805603,2963.133544921875,0.0,0.8085827231407166,0.0,,0.0,0.0,0.0,0.0,26.43572998046875,26.43572998046875,Leave_One_experiments/all_year_offline_schedule_search/daily_outputs/FQA/FQA_2008_FQA2008_stress_grid_S0001_daily.csv
FQA,FQA,Fengqiu,2008,Leave_One_experiments\wth_generated_qc\FQA\FQA2008.WTH,normal_year;water_stress_year;nitrogen_stress_year;irrigation_responsive_year,irrigation_responsive,FQA2008_stress_grid_S0001,low_input_within_10pct_yield,2008-08-17,230,74,69,"{""sim_day"": 74.0, ""doy"": 230.0, ""topwt"": 3082.5192260742188, ""grnwt"": 0.0, ""xlai"": 0.7864366173744202, ""totir"": 0.0, ""tofer"": NaN, ""swfac"": 0.0, ""nstres"": 0.2573311924934387}",0.0,0.2573311924934387,3082.5192260742188,0.0,0.7864366173744202,0.0,,0.0,0.0,0.0,0.0,26.43572998046875,26.43572998046875,Leave_One_experiments/all_year_offline_schedule_search/daily_outputs/FQA/FQA_2008_FQA2008_stress_grid_S0001_daily.csv
FQA,FQA,Fengqiu,2008,Leave_One_experiments\wth_generated_qc\FQA\FQA2008.WTH,normal_year;water_stress_year;nitrogen_stress_year;irrigation_responsive_year,irrigation_responsive,FQA2008_stress_grid_S0001,low_input_within_10pct_yield,2008-08-18,231,75,70,"{""sim_day"": 75.0, ""doy"": 231.0, ""topwt"": 3129.796142578125, ""grnwt"": 193.37213516235352, ""xlai"": 0.7653396129608154, ""totir"": 0.0, ""tofer"": NaN, ""swfac"": 0.0, ""nstres"": 0.2438240051269531}",0.0,0.2438240051269531,3129.796142578125,193.37213516235352,0.7653396129608154,0.0,,0.0,0.0,0.0,0.0,26.43572998046875,26.43572998046875,Leave_One_experiments/all_year_offline_schedule_search/daily_outputs/FQA/FQA_2008_FQA2008_stress_grid_S0001_daily.csv
FQA,FQA,Fengqiu,2008,Leave_One_experiments\wth_generated_qc\FQA\FQA2008.WTH,normal_year;water_stress_year;nitrogen_stress_year;irrigation_responsive_year,irrigation_responsive,FQA2008_stress_grid_S0001,low_input_within_10pct_yield,2008-08-19,232,76,71,"{""sim_day"": 76.0, ""doy"": 232.0, ""topwt"": 3192.669982910156, ""grnwt"": 301.9055938720703, ""xlai"": 0.7424188256263733, ""totir"": 0.0, ""tofer"": NaN, ""swfac"": 0.0, ""nstres"": 0.3187642693519592}",0.0,0.3187642693519592,3192.669982910156,301.9055938720703,0.7424188256263733,0.0,,0.0,0.0,0.0,0.0,26.43572998046875,26.43572998046875,Leave_One_experiments/all_year_offline_schedule_search/daily_outputs/FQA/FQA_2008_FQA2008_stress_grid_S0001_daily.csv
FQA,FQA,Fengqiu,2008,Leave_One_experiments\wth_generated_qc\FQA\FQA2008.WTH,normal_year;water_stress_year;nitrogen_stress_year;irrigation_responsive_year,irrigation_responsive,FQA2008_stress_grid_S0001,low_input_within_10pct_yield,2008-08-20,233,77,72,"{""sim_day"": 77.0, ""doy"": 233.0, ""topwt"": 3226.865539550781, ""grnwt"": 410.43907165527344, ""xlai"": 0.7215268611907959, ""totir"": 0.0, ""tofer"": NaN, ""swfac"": 0.0, ""nstres"": 0.2753710746765136}",0.0,0.2753710746765136,3226.865539550781,410.43907165527344,0.7215268611907959,0.0,,0.0,0.0,0.0,0.0,26.43572998046875,26.43572998046875,Leave_One_experiments/all_year_offline_schedule_search/daily_outputs/FQA/FQA_2008_FQA2008_stress_grid_S0001_daily.csv
FQA,FQA,Fengqiu,2008,Leave_One_experiments\wth_generated_qc\FQA\FQA2008.WTH,normal_year;water_stress_year;nitrogen_stress_year;irrigation_responsive_year,irrigation_responsive,FQA2008_stress_grid_S0001,low_input_within_10pct_yield,2008-08-21,234,78,73,"{""sim_day"": 78.0, ""doy"": 234.0, ""topwt"": 3350.6573486328125, ""grnwt"": 518.9725494384766, ""xlai"": 0.7013916969299316, ""totir"": 0.0, ""tofer"": NaN, ""swfac"": 0.0, ""nstres"": 0.2697528600692749}",0.0,0.2697528600692749,3350.6573486328125,518.9725494384766,0.7013916969299316,0.0,,0.0,0.0,0.0,0.0,26.43572998046875,26.43572998046875,Leave_One_experiments/all_year_offline_schedule_search/daily_outputs/FQA/FQA_2008_FQA2008_stress_grid_S0001_daily.csv
FQA,FQA,Fengqiu,2008,Leave_One_experiments\wth_generated_qc\FQA\FQA2008.WTH,normal_year;water_stress_year;nitrogen_stress_year;irrigation_responsive_year,irrigation_responsive,FQA2008_stress_grid_S0001,low_input_within_10pct_yield,2008-08-22,235,79,74,"{""sim_day"": 79.0, ""doy"": 235.0, ""topwt"": 3478.622436523437, ""grnwt"": 627.5060272216797, ""xlai"": 0.6823712587356567, ""totir"": 0.0, ""tofer"": NaN, ""swfac"": 0.0, ""nstres"": 0.2508347630500793}",0.0,0.2508347630500793,3478.622436523437,627.5060272216797,0.6823712587356567,0.0,,0.0,0.0,0.0,0.0,26.43572998046875,26.43572998046875,Leave_One_experiments/all_year_offline_schedule_search/daily_outputs/FQA/FQA_2008_FQA2008_stress_grid_S0001_daily.csv
FQA,FQA,Fengqiu,2008,Leave_One_experiments\wth_generated_qc\FQA\FQA2008.WTH,normal_year;water_stress_year;nitrogen_stress_year;irrigation_responsive_year,irrigation_responsive,FQA2008_stress_grid_S0001,low_input_within_10pct_yield,2008-08-23,236,80,75,"{""sim_day"": 80.0, ""doy"": 236.0, ""topwt"": 3579.8211669921875, ""grnwt"": 736.0395050048828, ""xlai"": 0.6632826924324036, ""totir"": 0.0, ""tofer"": NaN, ""swfac"": 0.0, ""nstres"": 0.2713750004768371}",0.0,0.2713750004768371,3579.8211669921875,736.0395050048828,0.6632826924324036,0.0,,0.0,0.0,0.0,0.0,26.43572998046875,26.43572998046875,Leave_One_experiments/all_year_offline_schedule_search/daily_outputs/FQA/FQA_2008_FQA2008_stress_grid_S0001_daily.csv
FQA,FQA,Fengqiu,2008,Leave_One_experiments\wth_generated_qc\FQA\FQA2008.WTH,normal_year;water_stress_year;nitrogen_stress_year;irrigation_responsive_year,irrigation_responsive,FQA2008_stress_grid_S0001,low_input_within_10pct_yield,2008-08-24,237,81,76,"{""sim_day"": 81.0, ""doy"": 237.0, ""topwt"": 3688.934631347656, ""grnwt"": 844.5729827880859, ""xlai"": 0.6441364884376526, ""totir"": 0.0, ""tofer"": NaN, ""swfac"": 0.0, ""nstres"": 0.2927796244621277}",0.0,0.2927796244621277,3688.934631347656,844.5729827880859,0.6441364884376526,0.0,,0.0,0.0,0.0,0.0,26.43572998046875,26.43572998046875,Leave_One_experiments/all_year_offline_schedule_search/daily_outputs/FQA/FQA_2008_FQA2008_stress_grid_S0001_daily.csv
FQA,FQA,Fengqiu,2008,Leave_One_experiments\wth_generated_qc\FQA\FQA2008.WTH,normal_year;water_stress_year;nitrogen_stress_year;irrigation_responsive_year,irrigation_responsive,FQA2008_stress_grid_S0001,low_input_within_10pct_yield,2008-08-25,238,82,77,"{""sim_day"": 82.0, ""doy"": 238.0, ""topwt"": 3785.538330078125, ""grnwt"": 953.1064605712892, ""xlai"": 0.6252526044845581, ""totir"": 0.0, ""tofer"": NaN, ""swfac"": 0.0, ""nstres"": 0.3035993576049804}",0.0,0.3035993576049804,3785.538330078125,953.1064605712892,0.6252526044845581,0.0,,0.0,0.0,0.0,0.0,26.43572998046875,26.43572998046875,Leave_One_experiments/all_year_offline_schedule_search/daily_outputs/FQA/FQA_2008_FQA2008_stress_grid_S0001_daily.csv
FQA,FQA,Fengqiu,2008,Leave_One_experiments\wth_generated_qc\FQA\FQA2008.WTH,normal_year;water_stress_year;nitrogen_stress_year;irrigation_responsive_year,irrigation_responsive,FQA2008_stress_grid_S0001,low_input_within_10pct_yield,2008-08-26,239,83,78,"{""sim_day"": 83.0, ""doy"": 239.0, ""topwt"": 3869.33349609375, ""grnwt"": 1061.6399383544922, ""xlai"": 0.6065368056297302, ""totir"": 0.0, ""tofer"": NaN, ""swfac"": 0.0, ""nstres"": 0.3183965682983398}",0.0,0.3183965682983398,3869.33349609375,1061.6399383544922,0.6065368056297302,0.0,,0.0,0.0,0.0,0.0,26.43572998046875,26.43572998046875,Leave_One_experiments/all_year_offline_schedule_search/daily_outputs/FQA/FQA_2008_FQA2008_stress_grid_S0001_daily.csv
FQA,FQA,Fengqiu,2008,Leave_One_experiments\wth_generated_qc\FQA\FQA2008.WTH,normal_year;water_stress_year;nitrogen_stress_year;irrigation_responsive_year,irrigation_responsive,FQA2008_stress_grid_S0001,low_input_within_10pct_yield,2008-08-27,240,84,79,"{""sim_day"": 84.0, ""doy"": 240.0, ""topwt"": 3951.2619018554688, ""grnwt"": 1170.1734161376953, ""xlai"": 0.5881104469299316, ""totir"": 0.0, ""tofer"": NaN, ""swfac"": 0.0, ""nstres"": 0.3291096687316894}",0.0,0.3291096687316894,3951.2619018554688,1170.1734161376953,0.5881104469299316,0.0,,0.0,0.0,0.0,0.0,26.43572998046875,26.43572998046875,Leave_One_experiments/all_year_offline_schedule_search/daily_outputs/FQA/FQA_2008_FQA2008_stress_grid_S0001_daily.csv
FQA,FQA,Fengqiu,2008,Leave_One_experiments\wth_generated_qc\FQA\FQA2008.WTH,normal_year;water_stress_year;nitrogen_stress_year;irrigation_responsive_year,irrigation_responsive,FQA2008_stress_grid_S0001,low_input_within_10pct_yield,2008-08-28,241,85,80,"{""sim_day"": 85.0, ""doy"": 241.0, ""topwt"": 4005.8517456054688, ""grnwt"": 1278.7068939208984, ""xlai"": 0.5701237320899963, ""totir"": 0.0, ""tofer"": NaN, ""swfac"": 0.0, ""nstres"": 0.3340145945549011}",0.0,0.3340145945549011,4005.8517456054688,1278.7068939208984,0.5701237320899963,0.0,,0.0,0.0,0.0,0.0,26.43572998046875,26.43572998046875,Leave_One_experiments/all_year_offline_schedule_search/daily_outputs/FQA/FQA_2008_FQA2008_stress_grid_S0001_daily.csv
FQA,FQA,Fengqiu,2008,Leave_One_experiments\wth_generated_qc\FQA\FQA2008.WTH,normal_year;water_stress_year;nitrogen_stress_year;irrigation_responsive_year,irrigation_responsive,FQA2008_stress_grid_S0001,low_input_within_10pct_yield,2008-08-29,242,86,81,"{""sim_day"": 86.0, ""doy"": 242.0, ""topwt"": 4031.799926757813, ""grnwt"": 1387.2402954101562, ""xlai"": 0.5524259805679321, ""totir"": 0.0, ""tofer"": NaN, ""swfac"": 0.0, ""nstres"": 0.3450067639350891}",0.0,0.3450067639350891,4031.799926757813,1387.2402954101562,0.5524259805679321,0.0,,0.0,0.0,0.0,0.0,26.43572998046875,26.43572998046875,Leave_One_experiments/all_year_offline_schedule_search/daily_outputs/FQA/FQA_2008_FQA2008_stress_grid_S0001_daily.csv
FQA,FQA,Fengqiu,2008,Leave_One_experiments\wth_generated_qc\FQA\FQA2008.WTH,normal_year;water_stress_year;nitrogen_stress_year;irrigation_responsive_year,irrigation_responsive,FQA2008_stress_grid_S0001,low_input_within_10pct_yield,2008-08-30,243,87,82,"{""sim_day"": 87.0, ""doy"": 243.0, ""topwt"": 4129.815368652344, ""grnwt"": 1495.7737731933594, ""xlai"": 0.535334050655365, ""totir"": 0.0, ""tofer"": NaN, ""swfac"": 0.0, ""nstres"": 0.3425515294075012}",0.0,0.3425515294075012,4129.815368652344,1495.7737731933594,0.535334050655365,0.0,,0.0,0.0,0.0,0.0,26.43572998046875,26.43572998046875,Leave_One_experiments/all_year_offline_schedule_search/daily_outputs/FQA/FQA_2008_FQA2008_stress_grid_S0001_daily.csv
FQA,FQA,Fengqiu,2008,Leave_One_experiments\wth_generated_qc\FQA\FQA2008.WTH,normal_year;water_stress_year;nitrogen_stress_year;irrigation_responsive_year,irrigation_responsive,FQA2008_stress_grid_S0001,low_input_within_10pct_yield,2008-08-31,244,88,83,"{""sim_day"": 88.0, ""doy"": 244.0, ""topwt"": 4232.81494140625, ""grnwt"": 1604.3072509765625, ""xlai"": 0.5190550684928894, ""totir"": 0.0, ""tofer"": NaN, ""swfac"": 0.0, ""nstres"": 0.3298171162605285}",0.0,0.3298171162605285,4232.81494140625,1604.3072509765625,0.5190550684928894,0.0,,0.0,0.0,0.0,0.0,26.43572998046875,26.43572998046875,Leave_One_experiments/all_year_offline_schedule_search/daily_outputs/FQA/FQA_2008_FQA2008_stress_grid_S0001_daily.csv
FQA,FQA,Fengqiu,2008,Leave_One_experiments\wth_generated_qc\FQA\FQA2008.WTH,normal_year;water_stress_year;nitrogen_stress_year;irrigation_responsive_year,irrigation_responsive,FQA2008_stress_grid_S0001,low_input_within_10pct_yield,2008-09-01,245,89,84,"{""sim_day"": 89.0, ""doy"": 245.0, ""topwt"": 4318.434448242188, ""grnwt"": 1712.8407287597656, ""xlai"": 0.502728283405304, ""totir"": 0.0, ""tofer"": NaN, ""swfac"": 0.0, ""nstres"": 0.3549131155014038}",0.0,0.3549131155014038,4318.434448242188,1712.8407287597656,0.502728283405304,0.0,,0.0,0.0,0.0,0.0,26.43572998046875,26.43572998046875,Leave_One_experiments/all_year_offline_schedule_search/daily_outputs/FQA/FQA_2008_FQA2008_stress_grid_S0001_daily.csv
FQA,FQA,Fengqiu,2008,Leave_One_experiments\wth_generated_qc\FQA\FQA2008.WTH,normal_year;water_stress_year;nitrogen_stress_year;irrigation_responsive_year,irrigation_responsive,FQA2008_stress_grid_S0001,low_input_within_10pct_yield,2008-09-02,246,90,85,"{""sim_day"": 90.0, ""doy"": 246.0, ""topwt"": 4387.352294921875, ""grnwt"": 1821.3742065429688, ""xlai"": 0.4863641560077667, ""totir"": 0.0, ""tofer"": NaN, ""swfac"": 0.0, ""nstres"": 0.3812155723571777}",0.0,0.3812155723571777,4387.352294921875,1821.3742065429688,0.4863641560077667,0.0,,0.0,0.0,0.0,0.0,26.43572998046875,26.43572998046875,Leave_One_experiments/all_year_offline_schedule_search/daily_outputs/FQA/FQA_2008_FQA2008_stress_grid_S0001_daily.csv
FQA,FQA,Fengqiu,2008,Leave_One_experiments\wth_generated_qc\FQA\FQA2008.WTH,normal_year;water_stress_year;nitrogen_stress_year;irrigation_responsive_year,irrigation_responsive,FQA2008_stress_grid_S0001,low_input_within_10pct_yield,2008-09-03,247,91,86,"{""sim_day"": 91.0, ""doy"": 247.0, ""topwt"": 4462.2210693359375, ""grnwt"": 1929.907684326172, ""xlai"": 0.4701820313930511, ""totir"": 0.0, ""tofer"": NaN, ""swfac"": 0.0, ""nstres"": 0.3985174298286438}",0.0,0.3985174298286438,4462.2210693359375,1929.907684326172,0.4701820313930511,0.0,,0.0,0.0,0.0,0.0,26.43572998046875,26.43572998046875,Leave_One_experiments/all_year_offline_schedule_search/daily_outputs/FQA/FQA_2008_FQA2008_stress_grid_S0001_daily.csv
FQA,FQA,Fengqiu,2008,Leave_One_experiments\wth_generated_qc\FQA\FQA2008.WTH,normal_year;water_stress_year;nitrogen_stress_year;irrigation_responsive_year,irrigation_responsive,FQA2008_stress_grid_S0001,low_input_within_10pct_yield,2008-09-04,248,92,87,"{""sim_day"": 92.0, ""doy"": 248.0, ""topwt"": 4537.6055908203125, ""grnwt"": 2038.441162109375, ""xlai"": 0.4543510675430298, ""totir"": 0.0, ""tofer"": NaN, ""swfac"": 0.0, ""nstres"": 0.408074676990509}",0.0,0.408074676990509,4537.6055908203125,2038.441162109375,0.4543510675430298,0.0,,0.0,0.0,0.0,0.0,26.43572998046875,26.43572998046875,Leave_One_experiments/all_year_offline_schedule_search/daily_outputs/FQA/FQA_2008_FQA2008_stress_grid_S0001_daily.csv
FQA,FQA,Fengqiu,2008,Leave_One_experiments\wth_generated_qc\FQA\FQA2008.WTH,normal_year;water_stress_year;nitrogen_stress_year;irrigation_responsive_year,irrigation_responsive,FQA2008_stress_grid_S0001,low_input_within_10pct_yield,2008-09-05,249,93,88,"{""sim_day"": 93.0, ""doy"": 249.0, ""topwt"": 4600.2130126953125, ""grnwt"": 2146.974639892578, ""xlai"": 0.4388340711593628, ""totir"": 0.0, ""tofer"": NaN, ""swfac"": 0.0, ""nstres"": 0.4196467995643616}",0.0,0.4196467995643616,4600.2130126953125,2146.974639892578,0.4388340711593628,0.0,,0.0,0.0,0.0,0.0,26.43572998046875,26.43572998046875,Leave_One_experiments/all_year_offline_schedule_search/daily_outputs/FQA/FQA_2008_FQA2008_stress_grid_S0001_daily.csv
FQA,FQA,Fengqiu,2008,Leave_One_experiments\wth_generated_qc\FQA\FQA2008.WTH,normal_year;water_stress_year;nitrogen_stress_year;irrigation_responsive_year,irrigation_responsive,FQA2008_stress_grid_S0001,low_input_within_10pct_yield,2008-09-06,250,94,89,"{""sim_day"": 94.0, ""doy"": 250.0, ""topwt"": 4630.62744140625, ""grnwt"": 2255.508117675781, ""xlai"": 0.4236032962799072, ""totir"": 0.0, ""tofer"": NaN, ""swfac"": 0.0, ""nstres"": 0.4329766631126404}",0.0,0.4329766631126404,4630.62744140625,2255.508117675781,0.4236032962799072,0.0,,0.0,0.0,0.0,0.0,26.43572998046875,26.43572998046875,Leave_One_experiments/all_year_offline_schedule_search/daily_outputs/FQA/FQA_2008_FQA2008_stress_grid_S0001_daily.csv
FQA,FQA,Fengqiu,2008,Leave_One_experiments\wth_generated_qc\FQA\FQA2008.WTH,normal_year;water_stress_year;nitrogen_stress_year;irrigation_responsive_year,irrigation_responsive,FQA2008_stress_grid_S0001,low_input_within_10pct_yield,2008-09-07,251,95,90,"{""sim_day"": 95.0, ""doy"": 251.0, ""topwt"": 4650.7330322265625, ""grnwt"": 2276.3677978515625, ""xlai"": 0.4087829887866974, ""totir"": 0.0, ""tofer"": NaN, ""swfac"": 0.0, ""nstres"": 0.4396697878837585}",0.0,0.4396697878837585,4650.7330322265625,2276.3677978515625,0.4087829887866974,0.0,,0.0,0.0,0.0,0.0,26.43572998046875,26.43572998046875,Leave_One_experiments/all_year_offline_schedule_search/daily_outputs/FQA/FQA_2008_FQA2008_stress_grid_S0001_daily.csv
FQA,FQA,Fengqiu,2008,Leave_One_experiments\wth_generated_qc\FQA\FQA2008.WTH,normal_year;water_stress_year;nitrogen_stress_year;irrigation_responsive_year,irrigation_responsive,FQA2008_stress_grid_S0001,low_input_within_10pct_yield,2008-09-08,252,96,91,"{""sim_day"": 96.0, ""doy"": 252.0, ""topwt"": 4689.0655517578125, ""grnwt"": 2314.7003173828125, ""xlai"": 0.3958521485328674, ""totir"": 0.0, ""tofer"": NaN, ""swfac"": 0.0, ""nstres"": 0.3591808676719665}",0.0,0.3591808676719665,4689.0655517578125,2314.7003173828125,0.3958521485328674,0.0,,0.0,0.0,0.0,0.0,26.43572998046875,26.43572998046875,Leave_One_experiments/all_year_offline_schedule_search/daily_outputs/FQA/FQA_2008_FQA2008_stress_grid_S0001_daily.csv
FQA,FQA,Fengqiu,2008,Leave_One_experiments\wth_generated_qc\FQA\FQA2008.WTH,normal_year;water_stress_year;nitrogen_stress_year;irrigation_responsive_year,irrigation_responsive,FQA2008_stress_grid_S0001,low_input_within_10pct_yield,2008-09-09,253,97,92,"{""sim_day"": 97.0, ""doy"": 253.0, ""topwt"": 4702.143859863281, ""grnwt"": 2327.7784729003906, ""xlai"": 0.3835150301456451, ""totir"": 0.0, ""tofer"": NaN, ""swfac"": 0.0, ""nstres"": 0.3479833006858825}",0.0,0.3479833006858825,4702.143859863281,2327.7784729003906,0.3835150301456451,0.0,,0.0,0.0,0.0,0.0,26.43572998046875,26.43572998046875,Leave_One_experiments/all_year_offline_schedule_search/daily_outputs/FQA/FQA_2008_FQA2008_stress_grid_S0001_daily.csv
FQA,FQA,Fengqiu,2008,Leave_One_experiments\wth_generated_qc\FQA\FQA2008.WTH,normal_year;water_stress_year;nitrogen_stress_year;irrigation_responsive_year,irrigation_responsive,FQA2008_stress_grid_S0001,low_input_within_10pct_yield,2008-09-10,254,98,93,"{""sim_day"": 98.0, ""doy"": 254.0, ""topwt"": 4777.117919921875, ""grnwt"": 2402.7523803710938, ""xlai"": 0.3723589777946472, ""totir"": 0.0, ""tofer"": NaN, ""swfac"": 0.0, ""nstres"": 0.2981337904930115}",0.0,0.2981337904930115,4777.117919921875,2402.7523803710938,0.3723589777946472,0.0,,0.0,0.0,0.0,0.0,26.43572998046875,26.43572998046875,Leave_One_experiments/all_year_offline_schedule_search/daily_outputs/FQA/FQA_2008_FQA2008_stress_grid_S0001_daily.csv
FQA,FQA,Fengqiu,2008,Leave_One_experiments\wth_generated_qc\FQA\FQA2008.WTH,normal_year;water_stress_year;nitrogen_stress_year;irrigation_responsive_year,irrigation_responsive,FQA2008_stress_grid_S0001,low_input_within_10pct_yield,2008-09-11,255,99,94,"{""sim_day"": 99.0, ""doy"": 255.0, ""topwt"": 4847.345275878906, ""grnwt"": 2472.979736328125, ""xlai"": 0.3612022399902344, ""totir"": 0.0, ""tofer"": NaN, ""swfac"": 0.0, ""nstres"": 0.3190975785255432}",0.0,0.3190975785255432,4847.345275878906,2472.979736328125,0.3612022399902344,0.0,,0.0,0.0,0.0,0.0,26.43572998046875,26.43572998046875,Leave_One_experiments/all_year_offline_schedule_search/daily_outputs/FQA/FQA_2008_FQA2008_stress_grid_S0001_daily.csv
FQA,FQA,Fengqiu,2008,Leave_One_experiments\wth_generated_qc\FQA\FQA2008.WTH,normal_year;water_stress_year;nitrogen_stress_year;irrigation_responsive_year,irrigation_responsive,FQA2008_stress_grid_S0001,low_input_within_10pct_yield,2008-09-12,256,100,95,"{""sim_day"": 100.0, ""doy"": 256.0, ""topwt"": 4906.114501953125, ""grnwt"": 2531.7491149902344, ""xlai"": 0.3500876724720001, ""totir"": 0.0, ""tofer"": NaN, ""swfac"": 0.0, ""nstres"": 0.3385028839111328}",0.0,0.3385028839111328,4906.114501953125,2531.7491149902344,0.3500876724720001,0.0,,0.0,0.0,0.0,0.0,26.43572998046875,26.43572998046875,Leave_One_experiments/all_year_offline_schedule_search/daily_outputs/FQA/FQA_2008_FQA2008_stress_grid_S0001_daily.csv
FQA,FQA,Fengqiu,2008,Leave_One_experiments\wth_generated_qc\FQA\FQA2008.WTH,normal_year;water_stress_year;nitrogen_stress_year;irrigation_responsive_year,irrigation_responsive,FQA2008_stress_grid_S0001,low_input_within_10pct_yield,2008-09-13,257,101,96,"{""sim_day"": 101.0, ""doy"": 257.0, ""topwt"": 4958.449401855469, ""grnwt"": 2584.0838623046875, ""xlai"": 0.3392481505870819, ""totir"": 0.0, ""tofer"": NaN, ""swfac"": 0.0, ""nstres"": 0.3430972695350647}",0.0,0.3430972695350647,4958.449401855469,2584.0838623046875,0.3392481505870819,0.0,,0.0,0.0,0.0,0.0,26.43572998046875,26.43572998046875,Leave_One_experiments/all_year_offline_schedule_search/daily_outputs/FQA/FQA_2008_FQA2008_stress_grid_S0001_daily.csv
FQA,FQA,Fengqiu,2008,Leave_One_experiments\wth_generated_qc\FQA\FQA2008.WTH,normal_year;water_stress_year;nitrogen_stress_year;irrigation_responsive_year,irrigation_responsive,FQA2008_stress_grid_S0001,low_input_within_10pct_yield,2008-09-14,258,102,97,"{""sim_day"": 102.0, ""doy"": 258.0, ""topwt"": 5017.938537597656, ""grnwt"": 2643.572998046875, ""xlai"": 0.3287840783596039, ""totir"": 0.0, ""tofer"": NaN, ""swfac"": 0.0, ""nstres"": 0.340276837348938}",0.0,0.340276837348938,5017.938537597656,2643.572998046875,0.3287840783596039,0.0,,0.0,0.0,0.0,0.0,26.43572998046875,26.43572998046875,Leave_One_experiments/all_year_offline_schedule_search/daily_outputs/FQA/FQA_2008_FQA2008_stress_grid_S0001_daily.csv
FQA,FQA,Fengqiu,2008,Leave_One_experiments\wth_generated_qc\FQA\FQA2008.WTH,normal_year;water_stress_year;nitrogen_stress_year;irrigation_responsive_year,irrigation_responsive,FQA2008_stress_grid_S0001,low_input_within_10pct_yield,2008-09-15,259,103,98,"{""sim_day"": 103.0, ""doy"": 259.0, ""topwt"": 5017.938537597656, ""grnwt"": 2643.572998046875, ""xlai"": 0.3287840783596039, ""totir"": 0.0, ""tofer"": NaN, ""swfac"": 0.0, ""nstres"": 0.3465771675109863}",0.0,0.3465771675109863,5017.938537597656,2643.572998046875,0.3287840783596039,0.0,,0.0,0.0,0.0,0.0,26.43572998046875,26.43572998046875,Leave_One_experiments/all_year_offline_schedule_search/daily_outputs/FQA/FQA_2008_FQA2008_stress_grid_S0001_daily.csv
FQA,FQA,Fengqiu,2008,Leave_One_experiments\wth_generated_qc\FQA\FQA2008.WTH,normal_year;water_stress_year;nitrogen_stress_year;irrigation_responsive_year,irrigation_responsive,FQA2008_stress_grid_S0001,low_input_within_10pct_yield,2008-09-16,260,104,99,"{""sim_day"": 104.0, ""doy"": 260.0, ""topwt"": 5017.938537597656, ""grnwt"": 2643.572998046875, ""xlai"": 0.3287840783596039, ""totir"": 0.0, ""tofer"": NaN, ""swfac"": 0.0, ""nstres"": 0.3465771675109863}",0.0,0.3465771675109863,5017.938537597656,2643.572998046875,0.3287840783596039,0.0,,0.0,0.0,0.0,0.0,26.43572998046875,26.43572998046875,Leave_One_experiments/all_year_offline_schedule_search/daily_outputs/FQA/FQA_2008_FQA2008_stress_grid_S0001_daily.csv
FQA,FQA,Fengqiu,2008,Leave_One_experiments\wth_generated_qc\FQA\FQA2008.WTH,normal_year;water_stress_year;nitrogen_stress_year;irrigation_responsive_year,irrigation_responsive,FQA2008_stress_grid_S0001,low_input_within_10pct_yield,2008-09-17,261,105,100,"{""sim_day"": 105.0, ""doy"": 261.0, ""topwt"": 5017.938537597656, ""grnwt"": 2643.572998046875, ""xlai"": 0.3287840783596039, ""totir"": 0.0, ""tofer"": NaN, ""swfac"": 0.0, ""nstres"": 0.3465771675109863}",0.0,0.3465771675109863,5017.938537597656,2643.572998046875,0.3287840783596039,0.0,,0.0,0.0,0.0,0.0,26.43572998046875,26.43572998046875,Leave_One_experiments/all_year_offline_schedule_search/daily_outputs/FQA/FQA_2008_FQA2008_stress_grid_S0001_daily.csv
FQA,FQA,Fengqiu,2008,Leave_One_experiments\wth_generated_qc\FQA\FQA2008.WTH,normal_year;water_stress_year;nitrogen_stress_year;irrigation_responsive_year,irrigation_responsive,FQA2008_stress_grid_S0007,pareto_balanced,2008-06-10,162,1,1,"{""sim_day"": 1.0, ""doy"": 162.0, ""topwt"": 0.0, ""grnwt"": 0.0, ""xlai"": 0.0, ""totir"": 0.0, ""tofer"": NaN, ""swfac"": 0.0, ""nstres"": 0.0}",0.0,0.0,0.0,0.0,0.0,0.0,,0.0,0.0,40.0,0.0,7.689755249023438,23.68975524902344,Leave_One_experiments/all_year_offline_schedule_search/daily_outputs/FQA/FQA_2008_FQA2008_stress_grid_S0007_daily.csv
FQA,FQA,Fengqiu,2008,Leave_One_experiments\wth_generated_qc\FQA\FQA2008.WTH,normal_year;water_stress_year;nitrogen_stress_year;irrigation_responsive_year,irrigation_responsive,FQA2008_stress_grid_S0007,pareto_balanced,2008-06-11,163,2,2,"{""sim_day"": 2.0, ""doy"": 163.0, ""topwt"": 0.0, ""grnwt"": 0.0, ""xlai"": 0.0, ""totir"": 0.0, ""tofer"": NaN, ""swfac"": 0.0, ""nstres"": 0.0}",0.0,0.0,0.0,0.0,0.0,0.0,,0.0,0.0,40.0,0.0,7.689755249023438,23.68975524902344,Leave_One_experiments/all_year_offline_schedule_search/daily_outputs/FQA/FQA_2008_FQA2008_stress_grid_S0007_daily.csv
FQA,FQA,Fengqiu,2008,Leave_One_experiments\wth_generated_qc\FQA\FQA2008.WTH,normal_year;water_stress_year;nitrogen_stress_year;irrigation_responsive_year,irrigation_responsive,FQA2008_stress_grid_S0007,pareto_balanced,2008-06-12,164,3,3,"{""sim_day"": 3.0, ""doy"": 164.0, ""topwt"": 0.0, ""grnwt"": 0.0, ""xlai"": 0.0, ""totir"": 0.0, ""tofer"": NaN, ""swfac"": 0.0, ""nstres"": 0.0}",0.0,0.0,0.0,0.0,0.0,0.0,,0.0,0.0,40.0,0.0,7.689755249023438,23.68975524902344,Leave_One_experiments/all_year_offline_schedule_search/daily_outputs/FQA/FQA_2008_FQA2008_stress_grid_S0007_daily.csv
FQA,FQA,Fengqiu,2008,Leave_One_experiments\wth_generated_qc\FQA\FQA2008.WTH,normal_year;water_stress_year;nitrogen_stress_year;irrigation_responsive_year,irrigation_responsive,FQA2008_stress_grid_S0007,pareto_balanced,2008-06-13,165,4,4,"{""sim_day"": 4.0, ""doy"": 165.0, ""topwt"": 0.0, ""grnwt"": 0.0, ""xlai"": 0.0, ""totir"": 0.0, ""tofer"": NaN, ""swfac"": 0.0, ""nstres"": 0.0}",0.0,0.0,0.0,0.0,0.0,0.0,,0.0,0.0,40.0,0.0,7.689755249023438,23.68975524902344,Leave_One_experiments/all_year_offline_schedule_search/daily_outputs/FQA/FQA_2008_FQA2008_stress_grid_S0007_daily.csv
FQA,FQA,Fengqiu,2008,Leave_One_experiments\wth_generated_qc\FQA\FQA2008.WTH,normal_year;water_stress_year;nitrogen_stress_year;irrigation_responsive_year,irrigation_responsive,FQA2008_stress_grid_S0007,pareto_balanced,2008-06-14,166,5,5,"{""sim_day"": 5.0, ""doy"": 166.0, ""topwt"": 0.0, ""grnwt"": 0.0, ""xlai"": 0.0, ""totir"": 0.0, ""tofer"": NaN, ""swfac"": 0.0, ""nstres"": 0.0}",0.0,0.0,0.0,0.0,0.0,0.0,,0.0,0.0,40.0,0.0,7.689755249023438,23.68975524902344,Leave_One_experiments/all_year_offline_schedule_search/daily_outputs/FQA/FQA_2008_FQA2008_stress_grid_S0007_daily.csv
FQA,FQA,Fengqiu,2008,Leave_One_experiments\wth_generated_qc\FQA\FQA2008.WTH,normal_year;water_stress_year;nitrogen_stress_year;irrigation_responsive_year,irrigation_responsive,FQA2008_stress_grid_S0007,pareto_balanced,2008-06-10,162,6,1,"{""sim_day"": 6.0, ""doy"": 162.0, ""topwt"": 0.0, ""grnwt"": 0.0, ""xlai"": 0.0, ""totir"": 0.0, ""tofer"": NaN, ""swfac"": 0.0, ""nstres"": 0.0}",0.0,0.0,0.0,0.0,0.0,0.0,,0.0,0.0,40.0,0.0,7.689755249023438,23.68975524902344,Leave_One_experiments/all_year_offline_schedule_search/daily_outputs/FQA/FQA_2008_FQA2008_stress_grid_S0007_daily.csv
FQA,FQA,Fengqiu,2008,Leave_One_experiments\wth_generated_qc\FQA\FQA2008.WTH,normal_year;water_stress_year;nitrogen_stress_year;irrigation_responsive_year,irrigation_responsive,FQA2008_stress_grid_S0007,pareto_balanced,2008-06-11,163,7,2,"{""sim_day"": 7.0, ""doy"": 163.0, ""topwt"": 0.0, ""grnwt"": 0.0, ""xlai"": 0.0, ""totir"": 0.0, ""tofer"": NaN, ""swfac"": 0.0, ""nstres"": 0.0}",0.0,0.0,0.0,0.0,0.0,0.0,,0.0,0.0,40.0,0.0,7.689755249023438,23.68975524902344,Leave_One_experiments/all_year_offline_schedule_search/daily_outputs/FQA/FQA_2008_FQA2008_stress_grid_S0007_daily.csv
FQA,FQA,Fengqiu,2008,Leave_One_experiments\wth_generated_qc\FQA\FQA2008.WTH,normal_year;water_stress_year;nitrogen_stress_year;irrigation_responsive_year,irrigation_responsive,FQA2008_stress_grid_S0007,pareto_balanced,2008-06-12,164,8,3,"{""sim_day"": 8.0, ""doy"": 164.0, ""topwt"": 0.0, ""grnwt"": 0.0, ""xlai"": 0.0, ""totir"": 0.0, ""tofer"": NaN, ""swfac"": 0.0, ""nstres"": 0.0}",0.0,0.0,0.0,0.0,0.0,0.0,,0.0,0.0,40.0,0.0,7.689755249023438,23.68975524902344,Leave_One_experiments/all_year_offline_schedule_search/daily_outputs/FQA/FQA_2008_FQA2008_stress_grid_S0007_daily.csv
FQA,FQA,Fengqiu,2008,Leave_One_experiments\wth_generated_qc\FQA\FQA2008.WTH,normal_year;water_stress_year;nitrogen_stress_year;irrigation_responsive_year,irrigation_responsive,FQA2008_stress_grid_S0007,pareto_balanced,2008-06-13,165,9,4,"{""sim_day"": 9.0, ""doy"": 165.0, ""topwt"": 0.0, ""grnwt"": 0.0, ""xlai"": 0.0, ""totir"": 0.0, ""tofer"": NaN, ""swfac"": 0.0, ""nstres"": 0.0}",0.0,0.0,0.0,0.0,0.0,0.0,,0.0,0.0,40.0,0.0,7.689755249023438,23.68975524902344,Leave_One_experiments/all_year_offline_schedule_search/daily_outputs/FQA/FQA_2008_FQA2008_stress_grid_S0007_daily.csv
FQA,FQA,Fengqiu,2008,Leave_One_experiments\wth_generated_qc\FQA\FQA2008.WTH,normal_year;water_stress_year;nitrogen_stress_year;irrigation_responsive_year,irrigation_responsive,FQA2008_stress_grid_S0007,pareto_balanced,2008-06-14,166,10,5,"{""sim_day"": 10.0, ""doy"": 166.0, ""topwt"": 0.0, ""grnwt"": 0.0, ""xlai"": 0.0, ""totir"": 0.0, ""tofer"": NaN, ""swfac"": 0.0, ""nstres"": 0.0}",0.0,0.0,0.0,0.0,0.0,0.0,,0.0,0.0,40.0,0.0,7.689755249023438,23.68975524902344,Leave_One_experiments/all_year_offline_schedule_search/daily_outputs/FQA/FQA_2008_FQA2008_stress_grid_S0007_daily.csv
FQA,FQA,Fengqiu,2008,Leave_One_experiments\wth_generated_qc\FQA\FQA2008.WTH,normal_year;water_stress_year;nitrogen_stress_year;irrigation_responsive_year,irrigation_responsive,FQA2008_stress_grid_S0007,pareto_balanced,2008-06-15,167,11,6,"{""sim_day"": 11.0, ""doy"": 167.0, ""topwt"": 32.00000047683716, ""grnwt"": 0.0, ""xlai"": 0.0021261305082589, ""totir"": 0.0, ""tofer"": NaN, ""swfac"": 0.0, ""nstres"": 0.0121910572052001}",0.0,0.0121910572052001,32.00000047683716,0.0,0.0021261305082589,0.0,,0.0,0.0,40.0,0.0,7.689755249023438,23.68975524902344,Leave_One_experiments/all_year_offline_schedule_search/daily_outputs/FQA/FQA_2008_FQA2008_stress_grid_S0007_daily.csv
FQA,FQA,Fengqiu,2008,Leave_One_experiments\wth_generated_qc\FQA\FQA2008.WTH,normal_year;water_stress_year;nitrogen_stress_year;irrigation_responsive_year,irrigation_responsive,FQA2008_stress_grid_S0007,pareto_balanced,2008-06-16,168,12,7,"{""sim_day"": 12.0, ""doy"": 168.0, ""topwt"": 32.00000047683716, ""grnwt"": 0.0, ""xlai"": 0.0036666626110672, ""totir"": 0.0, ""tofer"": NaN, ""swfac"": 0.0, ""nstres"": 0.0069057941436767}",0.0,0.0069057941436767,32.00000047683716,0.0,0.0036666626110672,0.0,,0.0,0.0,40.0,0.0,7.689755249023438,23.68975524902344,Leave_One_experiments/all_year_offline_schedule_search/daily_outputs/FQA/FQA_2008_FQA2008_stress_grid_S0007_daily.csv
FQA,FQA,Fengqiu,2008,Leave_One_experiments\wth_generated_qc\FQA\FQA2008.WTH,normal_year;water_stress_year;nitrogen_stress_year;irrigation_responsive_year,irrigation_responsive,FQA2008_stress_grid_S0007,pareto_balanced,2008-06-17,169,13,8,"{""sim_day"": 13.0, ""doy"": 169.0, ""topwt"": 32.00000047683716, ""grnwt"": 0.0, ""xlai"": 0.0057223690673708, ""totir"": 0.0, ""tofer"": NaN, ""swfac"": 0.0, ""nstres"": 0.0}",0.0,0.0,32.00000047683716,0.0,0.0057223690673708,0.0,,0.0,0.0,40.0,0.0,7.689755249023438,23.68975524902344,Leave_One_experiments/all_year_offline_schedule_search/daily_outputs/FQA/FQA_2008_FQA2008_stress_grid_S0007_daily.csv
FQA,FQA,Fengqiu,2008,Leave_One_experiments\wth_generated_qc\FQA\FQA2008.WTH,normal_year;water_stress_year;nitrogen_stress_year;irrigation_responsive_year,irrigation_responsive,FQA2008_stress_grid_S0007,pareto_balanced,2008-06-18,170,14,9,"{""sim_day"": 14.0, ""doy"": 170.0, ""topwt"": 32.00000047683716, ""grnwt"": 0.0, ""xlai"": 0.0083634089678525, ""totir"": 0.0, ""tofer"": NaN, ""swfac"": 0.0, ""nstres"": 0.0}",0.0,0.0,32.00000047683716,0.0,0.0083634089678525,0.0,,0.0,0.0,40.0,0.0,7.689755249023438,23.68975524902344,Leave_One_experiments/all_year_offline_schedule_search/daily_outputs/FQA/FQA_2008_FQA2008_stress_grid_S0007_daily.csv
FQA,FQA,Fengqiu,2008,Leave_One_experiments\wth_generated_qc\FQA\FQA2008.WTH,normal_year;water_stress_year;nitrogen_stress_year;irrigation_responsive_year,irrigation_responsive,FQA2008_stress_grid_S0007,pareto_balanced,2008-06-19,171,15,10,"{""sim_day"": 15.0, ""doy"": 171.0, ""topwt"": 32.00000047683716, ""grnwt"": 0.0, ""xlai"": 0.0115837436169385, ""totir"": 0.0, ""tofer"": NaN, ""swfac"": 0.0, ""nstres"": 0.0}",0.0,0.0,32.00000047683716,0.0,0.0115837436169385,0.0,,0.0,0.0,40.0,0.0,7.689755249023438,23.68975524902344,Leave_One_experiments/all_year_offline_schedule_search/daily_outputs/FQA/FQA_2008_FQA2008_stress_grid_S0007_daily.csv
FQA,FQA,Fengqiu,2008,Leave_One_experiments\wth_generated_qc\FQA\FQA2008.WTH,normal_year;water_stress_year;nitrogen_stress_year;irrigation_responsive_year,irrigation_responsive,FQA2008_stress_grid_S0007,pareto_balanced,2008-06-20,172,16,11,"{""sim_day"": 16.0, ""doy"": 172.0, ""topwt"": 32.00000047683716, ""grnwt"": 0.0, ""xlai"": 0.0150151317939162, ""totir"": 0.0, ""tofer"": NaN, ""swfac"": 0.0, ""nstres"": 0.0}",0.0,0.0,32.00000047683716,0.0,0.0150151317939162,0.0,,0.0,0.0,40.0,0.0,7.689755249023438,23.68975524902344,Leave_One_experiments/all_year_offline_schedule_search/daily_outputs/FQA/FQA_2008_FQA2008_stress_grid_S0007_daily.csv
FQA,FQA,Fengqiu,2008,Leave_One_experiments\wth_generated_qc\FQA\FQA2008.WTH,normal_year;water_stress_year;nitrogen_stress_year;irrigation_responsive_year,irrigation_responsive,FQA2008_stress_grid_S0007,pareto_balanced,2008-06-21,173,17,12,"{""sim_day"": 17.0, ""doy"": 173.0, ""topwt"": 32.00000047683716, ""grnwt"": 0.0, ""xlai"": 0.0189855564385652, ""totir"": 0.0, ""tofer"": NaN, ""swfac"": 0.0, ""nstres"": 0.0}",0.0,0.0,32.00000047683716,0.0,0.0189855564385652,0.0,,0.0,0.0,40.0,0.0,7.689755249023438,23.68975524902344,Leave_One_experiments/all_year_offline_schedule_search/daily_outputs/FQA/FQA_2008_FQA2008_stress_grid_S0007_daily.csv
FQA,FQA,Fengqiu,2008,Leave_One_experiments\wth_generated_qc\FQA\FQA2008.WTH,normal_year;water_stress_year;nitrogen_stress_year;irrigation_responsive_year,irrigation_responsive,FQA2008_stress_grid_S0007,pareto_balanced,2008-06-22,174,18,13,"{""sim_day"": 18.0, ""doy"": 174.0, ""topwt"": 23.652806282043457, ""grnwt"": 0.0, ""xlai"": 0.0324826911091804, ""totir"": 0.0, ""tofer"": NaN, ""swfac"": 0.0, ""nstres"": 0.0}",0.0,0.0,23.652806282043457,0.0,0.0324826911091804,0.0,,0.0,0.0,40.0,0.0,7.689755249023438,23.68975524902344,Leave_One_experiments/all_year_offline_schedule_search/daily_outputs/FQA/FQA_2008_FQA2008_stress_grid_S0007_daily.csv
FQA,FQA,Fengqiu,2008,Leave_One_experiments\wth_generated_qc\FQA\FQA2008.WTH,normal_year;water_stress_year;nitrogen_stress_year;irrigation_responsive_year,irrigation_responsive,FQA2008_stress_grid_S0007,pareto_balanced,2008-06-23,175,19,14,"{""sim_day"": 19.0, ""doy"": 175.0, ""topwt"": 27.607693672180176, ""grnwt"": 0.0, ""xlai"": 0.0452644899487495, ""totir"": 0.0, ""tofer"": NaN, ""swfac"": 0.0, ""nstres"": 0.0}",0.0,0.0,27.607693672180176,0.0,0.0452644899487495,0.0,,0.0,0.0,40.0,0.0,7.689755249023438,23.68975524902344,Leave_One_experiments/all_year_offline_schedule_search/daily_outputs/FQA/FQA_2008_FQA2008_stress_grid_S0007_daily.csv
FQA,FQA,Fengqiu,2008,Leave_One_experiments\wth_generated_qc\FQA\FQA2008.WTH,normal_year;water_stress_year;nitrogen_stress_year;irrigation_responsive_year,irrigation_responsive,FQA2008_stress_grid_S0007,pareto_balanced,2008-06-24,176,20,15,"{""sim_day"": 20.0, ""doy"": 176.0, ""topwt"": 33.92127513885498, ""grnwt"": 0.0, ""xlai"": 0.0639530569314956, ""totir"": 0.0, ""tofer"": NaN, ""swfac"": 0.0, ""nstres"": 0.0}",0.0,0.0,33.92127513885498,0.0,0.0639530569314956,0.0,,0.0,0.0,40.0,0.0,7.689755249023438,23.68975524902344,Leave_One_experiments/all_year_offline_schedule_search/daily_outputs/FQA/FQA_2008_FQA2008_stress_grid_S0007_daily.csv
FQA,FQA,Fengqiu,2008,Leave_One_experiments\wth_generated_qc\FQA\FQA2008.WTH,normal_year;water_stress_year;nitrogen_stress_year;irrigation_responsive_year,irrigation_responsive,FQA2008_stress_grid_S0007,pareto_balanced,2008-06-25,177,21,16,"{""sim_day"": 21.0, ""doy"": 177.0, ""topwt"": 40.21195888519287, ""grnwt"": 0.0, ""xlai"": 0.0812315791845321, ""totir"": 0.0, ""tofer"": NaN, ""swfac"": 0.0, ""nstres"": 0.0}",0.0,0.0,40.21195888519287,0.0,0.0812315791845321,0.0,,0.0,0.0,40.0,0.0,7.689755249023438,23.68975524902344,Leave_One_experiments/all_year_offline_schedule_search/daily_outputs/FQA/FQA_2008_FQA2008_stress_grid_S0007_daily.csv
FQA,FQA,Fengqiu,2008,Leave_One_experiments\wth_generated_qc\FQA\FQA2008.WTH,normal_year;water_stress_year;nitrogen_stress_year;irrigation_responsive_year,irrigation_responsive,FQA2008_stress_grid_S0007,pareto_balanced,2008-06-26,178,22,17,"{""sim_day"": 22.0, ""doy"": 178.0, ""topwt"": 48.21322917938232, ""grnwt"": 0.0, ""xlai"": 0.1019063144922256, ""totir"": 0.0, ""tofer"": NaN, ""swfac"": 0.0, ""nstres"": 0.0}",0.0,0.0,48.21322917938232,0.0,0.1019063144922256,0.0,,0.0,0.0,40.0,0.0,7.689755249023438,23.68975524902344,Leave_One_experiments/all_year_offline_schedule_search/daily_outputs/FQA/FQA_2008_FQA2008_stress_grid_S0007_daily.csv
FQA,FQA,Fengqiu,2008,Leave_One_experiments\wth_generated_qc\FQA\FQA2008.WTH,normal_year;water_stress_year;nitrogen_stress_year;irrigation_responsive_year,irrigation_responsive,FQA2008_stress_grid_S0007,pareto_balanced,2008-06-27,179,23,18,"{""sim_day"": 23.0, ""doy"": 179.0, ""topwt"": 57.38840103149414, ""grnwt"": 0.0, ""xlai"": 0.1243219673633575, ""totir"": 0.0, ""tofer"": NaN, ""swfac"": 0.0, ""nstres"": 0.0}",0.0,0.0,57.38840103149414,0.0,0.1243219673633575,0.0,,0.0,0.0,40.0,0.0,7.689755249023438,23.68975524902344,Leave_One_experiments/all_year_offline_schedule_search/daily_outputs/FQA/FQA_2008_FQA2008_stress_grid_S0007_daily.csv
FQA,FQA,Fengqiu,2008,Leave_One_experiments\wth_generated_qc\FQA\FQA2008.WTH,normal_year;water_stress_year;nitrogen_stress_year;irrigation_responsive_year,irrigation_responsive,FQA2008_stress_grid_S0007,pareto_balanced,2008-06-28,180,24,19,"{""sim_day"": 24.0, ""doy"": 180.0, ""topwt"": 68.89780521392822, ""grnwt"": 0.0, ""xlai"": 0.1510054767131805, ""totir"": 0.0, ""tofer"": NaN, ""swfac"": 0.0, ""nstres"": 0.0}",0.0,0.0,68.89780521392822,0.0,0.1510054767131805,0.0,,0.0,0.0,40.0,0.0,7.689755249023438,23.68975524902344,Leave_One_experiments/all_year_offline_schedule_search/daily_outputs/FQA/FQA_2008_FQA2008_stress_grid_S0007_daily.csv
FQA,FQA,Fengqiu,2008,Leave_One_experiments\wth_generated_qc\FQA\FQA2008.WTH,normal_year;water_stress_year;nitrogen_stress_year;irrigation_responsive_year,irrigation_responsive,FQA2008_stress_grid_S0007,pareto_balanced,2008-06-29,181,25,20,"{""sim_day"": 25.0, ""doy"": 181.0, ""topwt"": 81.78180694580078, ""grnwt"": 0.0, ""xlai"": 0.1794438660144806, ""totir"": 0.0, ""tofer"": NaN, ""swfac"": 0.0, ""nstres"": 0.0}",0.0,0.0,81.78180694580078,0.0,0.1794438660144806,0.0,,0.0,0.0,40.0,0.0,7.689755249023438,23.68975524902344,Leave_One_experiments/all_year_offline_schedule_search/daily_outputs/FQA/FQA_2008_FQA2008_stress_grid_S0007_daily.csv
FQA,FQA,Fengqiu,2008,Leave_One_experiments\wth_generated_qc\FQA\FQA2008.WTH,normal_year;water_stress_year;nitrogen_stress_year;irrigation_responsive_year,irrigation_responsive,FQA2008_stress_grid_S0007,pareto_balanced,2008-06-30,182,26,21,"{""sim_day"": 26.0, ""doy"": 182.0, ""topwt"": 89.94613647460938, ""grnwt"": 0.0, ""xlai"": 0.1967922747135162, ""totir"": 0.0, ""tofer"": NaN, ""swfac"": 0.0, ""nstres"": 0.0}",0.0,0.0,89.94613647460938,0.0,0.1967922747135162,0.0,,0.0,0.0,40.0,0.0,7.689755249023438,23.68975524902344,Leave_One_experiments/all_year_offline_schedule_search/daily_outputs/FQA/FQA_2008_FQA2008_stress_grid_S0007_daily.csv
FQA,FQA,Fengqiu,2008,Leave_One_experiments\wth_generated_qc\FQA\FQA2008.WTH,normal_year;water_stress_year;nitrogen_stress_year;irrigation_responsive_year,irrigation_responsive,FQA2008_stress_grid_S0007,pareto_balanced,2008-07-01,183,27,22,"{""sim_day"": 27.0, ""doy"": 183.0, ""topwt"": 103.76584053039552, ""grnwt"": 0.0, ""xlai"": 0.2241681069135666, ""totir"": 0.0, ""tofer"": NaN, ""swfac"": 0.0, ""nstres"": 0.0}",0.0,0.0,103.76584053039552,0.0,0.2241681069135666,0.0,,0.0,0.0,40.0,0.0,7.689755249023438,23.68975524902344,Leave_One_experiments/all_year_offline_schedule_search/daily_outputs/FQA/FQA_2008_FQA2008_stress_grid_S0007_daily.csv
FQA,FQA,Fengqiu,2008,Leave_One_experiments\wth_generated_qc\FQA\FQA2008.WTH,normal_year;water_stress_year;nitrogen_stress_year;irrigation_responsive_year,irrigation_responsive,FQA2008_stress_grid_S0007,pareto_balanced,2008-07-02,184,28,23,"{""sim_day"": 28.0, ""doy"": 184.0, ""topwt"": 122.70838737487792, ""grnwt"": 0.0, ""xlai"": 0.2628859877586365, ""totir"": 0.0, ""tofer"": NaN, ""swfac"": 0.0, ""nstres"": 0.0}",0.0,0.0,122.70838737487792,0.0,0.2628859877586365,0.0,,0.0,0.0,40.0,0.0,7.689755249023438,23.68975524902344,Leave_One_experiments/all_year_offline_schedule_search/daily_outputs/FQA/FQA_2008_FQA2008_stress_grid_S0007_daily.csv
FQA,FQA,Fengqiu,2008,Leave_One_experiments\wth_generated_qc\FQA\FQA2008.WTH,normal_year;water_stress_year;nitrogen_stress_year;irrigation_responsive_year,irrigation_responsive,FQA2008_stress_grid_S0007,pareto_balanced,2008-07-03,185,29,24,"{""sim_day"": 29.0, ""doy"": 185.0, ""topwt"": 145.0035572052002, ""grnwt"": 0.0, ""xlai"": 0.3063895106315613, ""totir"": 0.0, ""tofer"": NaN, ""swfac"": 0.0, ""nstres"": 0.0}",0.0,0.0,145.0035572052002,0.0,0.3063895106315613,0.0,,0.0,0.0,40.0,0.0,7.689755249023438,23.68975524902344,Leave_One_experiments/all_year_offline_schedule_search/daily_outputs/FQA/FQA_2008_FQA2008_stress_grid_S0007_daily.csv
FQA,FQA,Fengqiu,2008,Leave_One_experiments\wth_generated_qc\FQA\FQA2008.WTH,normal_year;water_stress_year;nitrogen_stress_year;irrigation_responsive_year,irrigation_responsive,FQA2008_stress_grid_S0007,pareto_balanced,2008-07-04,186,30,25,"{""sim_day"": 30.0, ""doy"": 186.0, ""topwt"": 164.483642578125, ""grnwt"": 0.0, ""xlai"": 0.3428657650947571, ""totir"": 0.0, ""tofer"": NaN, ""swfac"": 0.0, ""nstres"": 0.0}",0.0,0.0,164.483642578125,0.0,0.3428657650947571,0.0,,0.0,0.0,40.0,0.0,7.689755249023438,23.68975524902344,Leave_One_experiments/all_year_offline_schedule_search/daily_outputs/FQA/FQA_2008_FQA2008_stress_grid_S0007_daily.csv
FQA,FQA,Fengqiu,2008,Leave_One_experiments\wth_generated_qc\FQA\FQA2008.WTH,normal_year;water_stress_year;nitrogen_stress_year;irrigation_responsive_year,irrigation_responsive,FQA2008_stress_grid_S0007,pareto_balanced,2008-07-05,187,31,26,"{""sim_day"": 31.0, ""doy"": 187.0, ""topwt"": 187.70177841186523, ""grnwt"": 0.0, ""xlai"": 0.3846487402915954, ""totir"": 0.0, ""tofer"": NaN, ""swfac"": 0.0, ""nstres"": 0.0}",0.0,0.0,187.70177841186523,0.0,0.3846487402915954,0.0,,0.0,0.0,40.0,0.0,7.689755249023438,23.68975524902344,Leave_One_experiments/all_year_offline_schedule_search/daily_outputs/FQA/FQA_2008_FQA2008_stress_grid_S0007_daily.csv
FQA,FQA,Fengqiu,2008,Leave_One_experiments\wth_generated_qc\FQA\FQA2008.WTH,normal_year;water_stress_year;nitrogen_stress_year;irrigation_responsive_year,irrigation_responsive,FQA2008_stress_grid_S0007,pareto_balanced,2008-07-06,188,32,27,"{""sim_day"": 32.0, ""doy"": 188.0, ""topwt"": 208.67677688598636, ""grnwt"": 0.0, ""xlai"": 0.4210401177406311, ""totir"": 0.0, ""tofer"": NaN, ""swfac"": 0.0, ""nstres"": 0.0}",0.0,0.0,208.67677688598636,0.0,0.4210401177406311,0.0,,0.0,0.0,40.0,0.0,7.689755249023438,23.68975524902344,Leave_One_experiments/all_year_offline_schedule_search/daily_outputs/FQA/FQA_2008_FQA2008_stress_grid_S0007_daily.csv
FQA,FQA,Fengqiu,2008,Leave_One_experiments\wth_generated_qc\FQA\FQA2008.WTH,normal_year;water_stress_year;nitrogen_stress_year;irrigation_responsive_year,irrigation_responsive,FQA2008_stress_grid_S0007,pareto_balanced,2008-07-07,189,33,28,"{""sim_day"": 33.0, ""doy"": 189.0, ""topwt"": 232.44647979736328, ""grnwt"": 0.0, ""xlai"": 0.4608390927314758, ""totir"": 0.0, ""tofer"": NaN, ""swfac"": 0.0, ""nstres"": 0.0}",0.0,0.0,232.44647979736328,0.0,0.4608390927314758,0.0,,0.0,0.0,40.0,0.0,7.689755249023438,23.68975524902344,Leave_One_experiments/all_year_offline_schedule_search/daily_outputs/FQA/FQA_2008_FQA2008_stress_grid_S0007_daily.csv
FQA,FQA,Fengqiu,2008,Leave_One_experiments\wth_generated_qc\FQA\FQA2008.WTH,normal_year;water_stress_year;nitrogen_stress_year;irrigation_responsive_year,irrigation_responsive,FQA2008_stress_grid_S0007,pareto_balanced,2008-07-08,190,34,29,"{""sim_day"": 34.0, ""doy"": 190.0, ""topwt"": 262.27569580078125, ""grnwt"": 0.0, ""xlai"": 0.5088114142417908, ""totir"": 0.0, ""tofer"": NaN, ""swfac"": 0.0, ""nstres"": 0.0}",0.0,0.0,262.27569580078125,0.0,0.5088114142417908,0.0,,0.0,0.0,40.0,0.0,7.689755249023438,23.68975524902344,Leave_One_experiments/all_year_offline_schedule_search/daily_outputs/FQA/FQA_2008_FQA2008_stress_grid_S0007_daily.csv
FQA,FQA,Fengqiu,2008,Leave_One_experiments\wth_generated_qc\FQA\FQA2008.WTH,normal_year;water_stress_year;nitrogen_stress_year;irrigation_responsive_year,irrigation_responsive,FQA2008_stress_grid_S0007,pareto_balanced,2008-07-09,191,35,30,"{""sim_day"": 35.0, ""doy"": 191.0, ""topwt"": 300.1603889465332, ""grnwt"": 0.0, ""xlai"": 0.5669415593147278, ""totir"": 0.0, ""tofer"": NaN, ""swfac"": 0.0, ""nstres"": 0.0}",0.0,0.0,300.1603889465332,0.0,0.5669415593147278,0.0,,0.0,0.0,40.0,0.0,7.689755249023438,23.68975524902344,Leave_One_experiments/all_year_offline_schedule_search/daily_outputs/FQA/FQA_2008_FQA2008_stress_grid_S0007_daily.csv
FQA,FQA,Fengqiu,2008,Leave_One_experiments\wth_generated_qc\FQA\FQA2008.WTH,normal_year;water_stress_year;nitrogen_stress_year;irrigation_responsive_year,irrigation_responsive,FQA2008_stress_grid_S0007,pareto_balanced,2008-07-10,192,36,31,"{""sim_day"": 36.0, ""doy"": 192.0, ""topwt"": 345.73131561279297, ""grnwt"": 0.0, ""xlai"": 0.6333047747612, ""totir"": 0.0, ""tofer"": NaN, ""swfac"": 0.0, ""nstres"": 0.0}",0.0,0.0,345.73131561279297,0.0,0.6333047747612,0.0,,0.0,0.0,40.0,0.0,7.689755249023438,23.68975524902344,Leave_One_experiments/all_year_offline_schedule_search/daily_outputs/FQA/FQA_2008_FQA2008_stress_grid_S0007_daily.csv
FQA,FQA,Fengqiu,2008,Leave_One_experiments\wth_generated_qc\FQA\FQA2008.WTH,normal_year;water_stress_year;nitrogen_stress_year;irrigation_responsive_year,irrigation_responsive,FQA2008_stress_grid_S0007,pareto_balanced,2008-07-11,193,37,32,"{""sim_day"": 37.0, ""doy"": 193.0, ""topwt"": 388.7106704711914, ""grnwt"": 0.0, ""xlai"": 0.6929619312286377, ""totir"": 0.0, ""tofer"": NaN, ""swfac"": 0.0, ""nstres"": 0.0}",0.0,0.0,388.7106704711914,0.0,0.6929619312286377,0.0,,0.0,0.0,40.0,0.0,7.689755249023438,23.68975524902344,Leave_One_experiments/all_year_offline_schedule_search/daily_outputs/FQA/FQA_2008_FQA2008_stress_grid_S0007_daily.csv
FQA,FQA,Fengqiu,2008,Leave_One_experiments\wth_generated_qc\FQA\FQA2008.WTH,normal_year;water_stress_year;nitrogen_stress_year;irrigation_responsive_year,irrigation_responsive,FQA2008_stress_grid_S0007,pareto_balanced,2008-07-12,194,38,33,"{""sim_day"": 38.0, ""doy"": 194.0, ""topwt"": 436.6242980957031, ""grnwt"": 0.0, ""xlai"": 0.7564246654510498, ""totir"": 0.0, ""tofer"": NaN, ""swfac"": 0.0, ""nstres"": 0.0}",0.0,0.0,436.6242980957031,0.0,0.7564246654510498,0.0,,0.0,0.0,40.0,0.0,7.689755249023438,23.68975524902344,Leave_One_experiments/all_year_offline_schedule_search/daily_outputs/FQA/FQA_2008_FQA2008_stress_grid_S0007_daily.csv
FQA,FQA,Fengqiu,2008,Leave_One_experiments\wth_generated_qc\FQA\FQA2008.WTH,normal_year;water_stress_year;nitrogen_stress_year;irrigation_responsive_year,irrigation_responsive,FQA2008_stress_grid_S0007,pareto_balanced,2008-07-13,195,39,34,"{""sim_day"": 39.0, ""doy"": 195.0, ""topwt"": 474.9546051025391, ""grnwt"": 0.0, ""xlai"": 0.8050081133842468, ""totir"": 0.0, ""tofer"": NaN, ""swfac"": 0.0, ""nstres"": 0.0}",0.0,0.0,474.9546051025391,0.0,0.8050081133842468,0.0,,0.0,0.0,40.0,0.0,7.689755249023438,23.68975524902344,Leave_One_experiments/all_year_offline_schedule_search/daily_outputs/FQA/FQA_2008_FQA2008_stress_grid_S0007_daily.csv
FQA,FQA,Fengqiu,2008,Leave_One_experiments\wth_generated_qc\FQA\FQA2008.WTH,normal_year;water_stress_year;nitrogen_stress_year;irrigation_responsive_year,irrigation_responsive,FQA2008_stress_grid_S0007,pareto_balanced,2008-07-14,196,40,35,"{""sim_day"": 40.0, ""doy"": 196.0, ""topwt"": 524.6682357788086, ""grnwt"": 0.0, ""xlai"": 0.8638737797737122, ""totir"": 40.0, ""tofer"": NaN, ""swfac"": 0.0, ""nstres"": 0.0148265361785888}",0.0,0.0148265361785888,524.6682357788086,0.0,0.8638737797737122,40.0,,40.0,0.0,40.0,0.0,7.689755249023438,23.68975524902344,Leave_One_experiments/all_year_offline_schedule_search/daily_outputs/FQA/FQA_2008_FQA2008_stress_grid_S0007_daily.csv
FQA,FQA,Fengqiu,2008,Leave_One_experiments\wth_generated_qc\FQA\FQA2008.WTH,normal_year;water_stress_year;nitrogen_stress_year;irrigation_responsive_year,irrigation_responsive,FQA2008_stress_grid_S0007,pareto_balanced,2008-07-15,197,41,36,"{""sim_day"": 41.0, ""doy"": 197.0, ""topwt"": 585.8042526245117, ""grnwt"": 0.0, ""xlai"": 0.931395947933197, ""totir"": 40.0, ""tofer"": NaN, ""swfac"": 0.0, ""nstres"": 0.0286121368408203}",0.0,0.0286121368408203,585.8042526245117,0.0,0.931395947933197,40.0,,0.0,0.0,40.0,0.0,7.689755249023438,23.68975524902344,Leave_One_experiments/all_year_offline_schedule_search/daily_outputs/FQA/FQA_2008_FQA2008_stress_grid_S0007_daily.csv
FQA,FQA,Fengqiu,2008,Leave_One_experiments\wth_generated_qc\FQA\FQA2008.WTH,normal_year;water_stress_year;nitrogen_stress_year;irrigation_responsive_year,irrigation_responsive,FQA2008_stress_grid_S0007,pareto_balanced,2008-07-16,198,42,37,"{""sim_day"": 42.0, ""doy"": 198.0, ""topwt"": 637.0344161987305, ""grnwt"": 0.0, ""xlai"": 0.9806157946586608, ""totir"": 40.0, ""tofer"": NaN, ""swfac"": 0.0, ""nstres"": 0.0615771412849426}",0.0,0.0615771412849426,637.0344161987305,0.0,0.9806157946586608,40.0,,0.0,0.0,40.0,0.0,7.689755249023438,23.68975524902344,Leave_One_experiments/all_year_offline_schedule_search/daily_outputs/FQA/FQA_2008_FQA2008_stress_grid_S0007_daily.csv
FQA,FQA,Fengqiu,2008,Leave_One_experiments\wth_generated_qc\FQA\FQA2008.WTH,normal_year;water_stress_year;nitrogen_stress_year;irrigation_responsive_year,irrigation_responsive,FQA2008_stress_grid_S0007,pareto_balanced,2008-07-17,199,43,38,"{""sim_day"": 43.0, ""doy"": 199.0, ""topwt"": 678.4963226318359, ""grnwt"": 0.0, ""xlai"": 1.012818694114685, ""totir"": 40.0, ""tofer"": NaN, ""swfac"": 0.0, ""nstres"": 0.0952287316322326}",0.0,0.0952287316322326,678.4963226318359,0.0,1.012818694114685,40.0,,0.0,0.0,40.0,0.0,7.689755249023438,23.68975524902344,Leave_One_experiments/all_year_offline_schedule_search/daily_outputs/FQA/FQA_2008_FQA2008_stress_grid_S0007_daily.csv
FQA,FQA,Fengqiu,2008,Leave_One_experiments\wth_generated_qc\FQA\FQA2008.WTH,normal_year;water_stress_year;nitrogen_stress_year;irrigation_responsive_year,irrigation_responsive,FQA2008_stress_grid_S0007,pareto_balanced,2008-07-18,200,44,39,"{""sim_day"": 44.0, ""doy"": 200.0, ""topwt"": 728.0864715576172, ""grnwt"": 0.0, ""xlai"": 1.0487689971923828, ""totir"": 40.0, ""tofer"": NaN, ""swfac"": 0.0, ""nstres"": 0.1141923666000366}",0.0,0.1141923666000366,728.0864715576172,0.0,1.0487689971923828,40.0,,0.0,0.0,40.0,0.0,7.689755249023438,23.68975524902344,Leave_One_experiments/all_year_offline_schedule_search/daily_outputs/FQA/FQA_2008_FQA2008_stress_grid_S0007_daily.csv
FQA,FQA,Fengqiu,2008,Leave_One_experiments\wth_generated_qc\FQA\FQA2008.WTH,normal_year;water_stress_year;nitrogen_stress_year;irrigation_responsive_year,irrigation_responsive,FQA2008_stress_grid_S0007,pareto_balanced,2008-07-19,201,45,40,"{""sim_day"": 45.0, ""doy"": 201.0, ""topwt"": 780.5271148681641, ""grnwt"": 0.0, ""xlai"": 1.08318293094635, ""totir"": 40.0, ""tofer"": NaN, ""swfac"": 0.0, ""nstres"": 0.1276519298553466}",0.0,0.1276519298553466,780.5271148681641,0.0,1.08318293094635,40.0,,0.0,0.0,40.0,0.0,7.689755249023438,23.68975524902344,Leave_One_experiments/all_year_offline_schedule_search/daily_outputs/FQA/FQA_2008_FQA2008_stress_grid_S0007_daily.csv
FQA,FQA,Fengqiu,2008,Leave_One_experiments\wth_generated_qc\FQA\FQA2008.WTH,normal_year;water_stress_year;nitrogen_stress_year;irrigation_responsive_year,irrigation_responsive,FQA2008_stress_grid_S0007,pareto_balanced,2008-07-20,202,46,41,"{""sim_day"": 46.0, ""doy"": 202.0, ""topwt"": 833.6309051513672, ""grnwt"": 0.0, ""xlai"": 1.1135220527648926, ""totir"": 40.0, ""tofer"": NaN, ""swfac"": 0.0, ""nstres"": 0.1429948806762695}",0.0,0.1429948806762695,833.6309051513672,0.0,1.1135220527648926,40.0,,0.0,0.0,40.0,0.0,7.689755249023438,23.68975524902344,Leave_One_experiments/all_year_offline_schedule_search/daily_outputs/FQA/FQA_2008_FQA2008_stress_grid_S0007_daily.csv
FQA,FQA,Fengqiu,2008,Leave_One_experiments\wth_generated_qc\FQA\FQA2008.WTH,normal_year;water_stress_year;nitrogen_stress_year;irrigation_responsive_year,irrigation_responsive,FQA2008_stress_grid_S0007,pareto_balanced,2008-07-21,203,47,42,"{""sim_day"": 47.0, ""doy"": 203.0, ""topwt"": 875.3912353515625, ""grnwt"": 0.0, ""xlai"": 1.1292860507965088, ""totir"": 40.0, ""tofer"": NaN, ""swfac"": 0.0, ""nstres"": 0.157366931438446}",0.0,0.157366931438446,875.3912353515625,0.0,1.1292860507965088,40.0,,0.0,0.0,40.0,0.0,7.689755249023438,23.68975524902344,Leave_One_experiments/all_year_offline_schedule_search/daily_outputs/FQA/FQA_2008_FQA2008_stress_grid_S0007_daily.csv
FQA,FQA,Fengqiu,2008,Leave_One_experiments\wth_generated_qc\FQA\FQA2008.WTH,normal_year;water_stress_year;nitrogen_stress_year;irrigation_responsive_year,irrigation_responsive,FQA2008_stress_grid_S0007,pareto_balanced,2008-07-22,204,48,43,"{""sim_day"": 48.0, ""doy"": 204.0, ""topwt"": 927.2697448730468, ""grnwt"": 0.0, ""xlai"": 1.15072500705719, ""totir"": 40.0, ""tofer"": NaN, ""swfac"": 0.0, ""nstres"": 0.1676628589630127}",0.0,0.1676628589630127,927.2697448730468,0.0,1.15072500705719,40.0,,0.0,0.0,40.0,0.0,7.689755249023438,23.68975524902344,Leave_One_experiments/all_year_offline_schedule_search/daily_outputs/FQA/FQA_2008_FQA2008_stress_grid_S0007_daily.csv
FQA,FQA,Fengqiu,2008,Leave_One_experiments\wth_generated_qc\FQA\FQA2008.WTH,normal_year;water_stress_year;nitrogen_stress_year;irrigation_responsive_year,irrigation_responsive,FQA2008_stress_grid_S0007,pareto_balanced,2008-07-23,205,49,44,"{""sim_day"": 49.0, ""doy"": 205.0, ""topwt"": 987.8971862792968, ""grnwt"": 0.0, ""xlai"": 1.1764802932739258, ""totir"": 40.0, ""tofer"": NaN, ""swfac"": 0.0, ""nstres"": 0.1729477643966674}",0.0,0.1729477643966674,987.8971862792968,0.0,1.1764802932739258,40.0,,0.0,0.0,40.0,0.0,7.689755249023438,23.68975524902344,Leave_One_experiments/all_year_offline_schedule_search/daily_outputs/FQA/FQA_2008_FQA2008_stress_grid_S0007_daily.csv
FQA,FQA,Fengqiu,2008,Leave_One_experiments\wth_generated_qc\FQA\FQA2008.WTH,normal_year;water_stress_year;nitrogen_stress_year;irrigation_responsive_year,irrigation_responsive,FQA2008_stress_grid_S0007,pareto_balanced,2008-07-24,206,50,45,"{""sim_day"": 50.0, ""doy"": 206.0, ""topwt"": 1119.1253662109375, ""grnwt"": 0.0, ""xlai"": 1.194263935089111, ""totir"": 40.0, ""tofer"": NaN, ""swfac"": 0.0, ""nstres"": 0.181868314743042}",0.0,0.181868314743042,1119.1253662109375,0.0,1.194263935089111,40.0,,0.0,0.0,40.0,0.0,7.689755249023438,23.68975524902344,Leave_One_experiments/all_year_offline_schedule_search/daily_outputs/FQA/FQA_2008_FQA2008_stress_grid_S0007_daily.csv
FQA,FQA,Fengqiu,2008,Leave_One_experiments\wth_generated_qc\FQA\FQA2008.WTH,normal_year;water_stress_year;nitrogen_stress_year;irrigation_responsive_year,irrigation_responsive,FQA2008_stress_grid_S0007,pareto_balanced,2008-07-25,207,51,46,"{""sim_day"": 51.0, ""doy"": 207.0, ""topwt"": 1216.2814331054688, ""grnwt"": 0.0, ""xlai"": 1.1972002983093262, ""totir"": 40.0, ""tofer"": NaN, ""swfac"": 0.0, ""nstres"": 0.1903204917907714}",0.0,0.1903204917907714,1216.2814331054688,0.0,1.1972002983093262,40.0,,0.0,0.0,40.0,0.0,7.689755249023438,23.68975524902344,Leave_One_experiments/all_year_offline_schedule_search/daily_outputs/FQA/FQA_2008_FQA2008_stress_grid_S0007_daily.csv
FQA,FQA,Fengqiu,2008,Leave_One_experiments\wth_generated_qc\FQA\FQA2008.WTH,normal_year;water_stress_year;nitrogen_stress_year;irrigation_responsive_year,irrigation_responsive,FQA2008_stress_grid_S0007,pareto_balanced,2008-07-26,208,52,47,"{""sim_day"": 52.0, ""doy"": 208.0, ""topwt"": 1334.8793029785156, ""grnwt"": 0.0, ""xlai"": 1.2013533115386963, ""totir"": 40.0, ""tofer"": NaN, ""swfac"": 0.0, ""nstres"": 0.2468570470809936}",0.0,0.2468570470809936,1334.8793029785156,0.0,1.2013533115386963,40.0,,0.0,0.0,40.0,0.0,7.689755249023438,23.68975524902344,Leave_One_experiments/all_year_offline_schedule_search/daily_outputs/FQA/FQA_2008_FQA2008_stress_grid_S0007_daily.csv
FQA,FQA,Fengqiu,2008,Leave_One_experiments\wth_generated_qc\FQA\FQA2008.WTH,normal_year;water_stress_year;nitrogen_stress_year;irrigation_responsive_year,irrigation_responsive,FQA2008_stress_grid_S0007,pareto_balanced,2008-07-27,209,53,48,"{""sim_day"": 53.0, ""doy"": 209.0, ""topwt"": 1452.0614624023438, ""grnwt"": 0.0, ""xlai"": 1.2016425132751465, ""totir"": 40.0, ""tofer"": NaN, ""swfac"": 0.0, ""nstres"": 0.2803813815116882}",0.0,0.2803813815116882,1452.0614624023438,0.0,1.2016425132751465,40.0,,0.0,0.0,40.0,0.0,7.689755249023438,23.68975524902344,Leave_One_experiments/all_year_offline_schedule_search/daily_outputs/FQA/FQA_2008_FQA2008_stress_grid_S0007_daily.csv
FQA,FQA,Fengqiu,2008,Leave_One_experiments\wth_generated_qc\FQA\FQA2008.WTH,normal_year;water_stress_year;nitrogen_stress_year;irrigation_responsive_year,irrigation_responsive,FQA2008_stress_grid_S0007,pareto_balanced,2008-07-28,210,54,49,"{""sim_day"": 54.0, ""doy"": 210.0, ""topwt"": 1558.2858276367188, ""grnwt"": 0.0, ""xlai"": 1.1954407691955566, ""totir"": 40.0, ""tofer"": NaN, ""swfac"": 0.0, ""nstres"": 0.3196308016777038}",0.0,0.3196308016777038,1558.2858276367188,0.0,1.1954407691955566,40.0,,0.0,0.0,40.0,0.0,7.689755249023438,23.68975524902344,Leave_One_experiments/all_year_offline_schedule_search/daily_outputs/FQA/FQA_2008_FQA2008_stress_grid_S0007_daily.csv
FQA,FQA,Fengqiu,2008,Leave_One_experiments\wth_generated_qc\FQA\FQA2008.WTH,normal_year;water_stress_year;nitrogen_stress_year;irrigation_responsive_year,irrigation_responsive,FQA2008_stress_grid_S0007,pareto_balanced,2008-07-29,211,55,50,"{""sim_day"": 55.0, ""doy"": 211.0, ""topwt"": 1625.9622192382812, ""grnwt"": 0.0, ""xlai"": 1.1764060258865356, ""totir"": 40.0, ""tofer"": NaN, ""swfac"": 0.0, ""nstres"": 0.3492081761360168}",0.0,0.3492081761360168,1625.9622192382812,0.0,1.1764060258865356,40.0,,0.0,0.0,40.0,0.0,7.689755249023438,23.68975524902344,Leave_One_experiments/all_year_offline_schedule_search/daily_outputs/FQA/FQA_2008_FQA2008_stress_grid_S0007_daily.csv
FQA,FQA,Fengqiu,2008,Leave_One_experiments\wth_generated_qc\FQA\FQA2008.WTH,normal_year;water_stress_year;nitrogen_stress_year;irrigation_responsive_year,irrigation_responsive,FQA2008_stress_grid_S0007,pareto_balanced,2008-07-30,212,56,51,"{""sim_day"": 56.0, ""doy"": 212.0, ""topwt"": 1696.5679931640625, ""grnwt"": 0.0, ""xlai"": 1.157335638999939, ""totir"": 40.0, ""tofer"": NaN, ""swfac"": 0.0, ""nstres"": 0.3657512068748474}",0.0,0.3657512068748474,1696.5679931640625,0.0,1.157335638999939,40.0,,0.0,0.0,40.0,0.0,7.689755249023438,23.68975524902344,Leave_One_experiments/all_year_offline_schedule_search/daily_outputs/FQA/FQA_2008_FQA2008_stress_grid_S0007_daily.csv
FQA,FQA,Fengqiu,2008,Leave_One_experiments\wth_generated_qc\FQA\FQA2008.WTH,normal_year;water_stress_year;nitrogen_stress_year;irrigation_responsive_year,irrigation_responsive,FQA2008_stress_grid_S0007,pareto_balanced,2008-07-31,213,57,52,"{""sim_day"": 57.0, ""doy"": 213.0, ""topwt"": 1786.759796142578, ""grnwt"": 0.0, ""xlai"": 1.143273949623108, ""totir"": 40.0, ""tofer"": NaN, ""swfac"": 0.0, ""nstres"": 0.3669242262840271}",0.0,0.3669242262840271,1786.759796142578,0.0,1.143273949623108,40.0,,0.0,0.0,40.0,0.0,7.689755249023438,23.68975524902344,Leave_One_experiments/all_year_offline_schedule_search/daily_outputs/FQA/FQA_2008_FQA2008_stress_grid_S0007_daily.csv
FQA,FQA,Fengqiu,2008,Leave_One_experiments\wth_generated_qc\FQA\FQA2008.WTH,normal_year;water_stress_year;nitrogen_stress_year;irrigation_responsive_year,irrigation_responsive,FQA2008_stress_grid_S0007,pareto_balanced,2008-08-01,214,58,53,"{""sim_day"": 58.0, ""doy"": 214.0, ""topwt"": 1876.1766052246091, ""grnwt"": 0.0, ""xlai"": 1.129403829574585, ""totir"": 40.0, ""tofer"": NaN, ""swfac"": 0.0, ""nstres"": 0.3677236437797546}",0.0,0.3677236437797546,1876.1766052246091,0.0,1.129403829574585,40.0,,0.0,0.0,40.0,0.0,7.689755249023438,23.68975524902344,Leave_One_experiments/all_year_offline_schedule_search/daily_outputs/FQA/FQA_2008_FQA2008_stress_grid_S0007_daily.csv
FQA,FQA,Fengqiu,2008,Leave_One_experiments\wth_generated_qc\FQA\FQA2008.WTH,normal_year;water_stress_year;nitrogen_stress_year;irrigation_responsive_year,irrigation_responsive,FQA2008_stress_grid_S0007,pareto_balanced,2008-08-02,215,59,54,"{""sim_day"": 59.0, ""doy"": 215.0, ""topwt"": 1958.4214782714844, ""grnwt"": 0.0, ""xlai"": 1.113887906074524, ""totir"": 40.0, ""tofer"": NaN, ""swfac"": 0.0, ""nstres"": 0.3725818395614624}",0.0,0.3725818395614624,1958.4214782714844,0.0,1.113887906074524,40.0,,0.0,0.0,40.0,0.0,7.689755249023438,23.68975524902344,Leave_One_experiments/all_year_offline_schedule_search/daily_outputs/FQA/FQA_2008_FQA2008_stress_grid_S0007_daily.csv
FQA,FQA,Fengqiu,2008,Leave_One_experiments\wth_generated_qc\FQA\FQA2008.WTH,normal_year;water_stress_year;nitrogen_stress_year;irrigation_responsive_year,irrigation_responsive,FQA2008_stress_grid_S0007,pareto_balanced,2008-08-03,216,60,55,"{""sim_day"": 60.0, ""doy"": 216.0, ""topwt"": 2035.3347778320312, ""grnwt"": 0.0, ""xlai"": 1.0972496271133425, ""totir"": 40.0, ""tofer"": NaN, ""swfac"": 0.0, ""nstres"": 0.3776659965515136}",0.0,0.3776659965515136,2035.3347778320312,0.0,1.0972496271133425,40.0,,0.0,0.0,40.0,0.0,7.689755249023438,23.68975524902344,Leave_One_experiments/all_year_offline_schedule_search/daily_outputs/FQA/FQA_2008_FQA2008_stress_grid_S0007_daily.csv
FQA,FQA,Fengqiu,2008,Leave_One_experiments\wth_generated_qc\FQA\FQA2008.WTH,normal_year;water_stress_year;nitrogen_stress_year;irrigation_responsive_year,irrigation_responsive,FQA2008_stress_grid_S0007,pareto_balanced,2008-08-04,217,61,56,"{""sim_day"": 61.0, ""doy"": 217.0, ""topwt"": 2114.5411682128906, ""grnwt"": 0.0, ""xlai"": 1.0817009210586548, ""totir"": 40.0, ""tofer"": NaN, ""swfac"": 0.0, ""nstres"": 0.3781230449676513}",0.0,0.3781230449676513,2114.5411682128906,0.0,1.0817009210586548,40.0,,0.0,0.0,40.0,0.0,7.689755249023438,23.68975524902344,Leave_One_experiments/all_year_offline_schedule_search/daily_outputs/FQA/FQA_2008_FQA2008_stress_grid_S0007_daily.csv
FQA,FQA,Fengqiu,2008,Leave_One_experiments\wth_generated_qc\FQA\FQA2008.WTH,normal_year;water_stress_year;nitrogen_stress_year;irrigation_responsive_year,irrigation_responsive,FQA2008_stress_grid_S0007,pareto_balanced,2008-08-05,218,62,57,"{""sim_day"": 62.0, ""doy"": 218.0, ""topwt"": 2205.9727478027344, ""grnwt"": 0.0, ""xlai"": 1.069764256477356, ""totir"": 40.0, ""tofer"": NaN, ""swfac"": 0.0, ""nstres"": 0.3781777024269104}",0.0,0.3781777024269104,2205.9727478027344,0.0,1.069764256477356,40.0,,0.0,0.0,40.0,0.0,7.689755249023438,23.68975524902344,Leave_One_experiments/all_year_offline_schedule_search/daily_outputs/FQA/FQA_2008_FQA2008_stress_grid_S0007_daily.csv
FQA,FQA,Fengqiu,2008,Leave_One_experiments\wth_generated_qc\FQA\FQA2008.WTH,normal_year;water_stress_year;nitrogen_stress_year;irrigation_responsive_year,irrigation_responsive,FQA2008_stress_grid_S0007,pareto_balanced,2008-08-06,219,63,58,"{""sim_day"": 63.0, ""doy"": 219.0, ""topwt"": 2295.455017089844, ""grnwt"": 0.0, ""xlai"": 1.0577372312545776, ""totir"": 40.0, ""tofer"": NaN, ""swfac"": 0.0, ""nstres"": 0.3772948384284973}",0.0,0.3772948384284973,2295.455017089844,0.0,1.0577372312545776,40.0,,0.0,0.0,40.0,0.0,7.689755249023438,23.68975524902344,Leave_One_experiments/all_year_offline_schedule_search/daily_outputs/FQA/FQA_2008_FQA2008_stress_grid_S0007_daily.csv
FQA,FQA,Fengqiu,2008,Leave_One_experiments\wth_generated_qc\FQA\FQA2008.WTH,normal_year;water_stress_year;nitrogen_stress_year;irrigation_responsive_year,irrigation_responsive,FQA2008_stress_grid_S0007,pareto_balanced,2008-08-07,220,64,59,"{""sim_day"": 64.0, ""doy"": 220.0, ""topwt"": 2386.1355590820312, ""grnwt"": 0.0, ""xlai"": 1.0464143753051758, ""totir"": 40.0, ""tofer"": NaN, ""swfac"": 0.0, ""nstres"": 0.3766896724700928}",0.0,0.3766896724700928,2386.1355590820312,0.0,1.0464143753051758,40.0,,0.0,0.0,40.0,0.0,7.689755249023438,23.68975524902344,Leave_One_experiments/all_year_offline_schedule_search/daily_outputs/FQA/FQA_2008_FQA2008_stress_grid_S0007_daily.csv
FQA,FQA,Fengqiu,2008,Leave_One_experiments\wth_generated_qc\FQA\FQA2008.WTH,normal_year;water_stress_year;nitrogen_stress_year;irrigation_responsive_year,irrigation_responsive,FQA2008_stress_grid_S0007,pareto_balanced,2008-08-08,221,65,60,"{""sim_day"": 65.0, ""doy"": 221.0, ""topwt"": 2478.287353515625, ""grnwt"": 0.0, ""xlai"": 1.036040425300598, ""totir"": 40.0, ""tofer"": NaN, ""swfac"": 0.0, ""nstres"": 0.3716262578964233}",0.0,0.3716262578964233,2478.287353515625,0.0,1.036040425300598,40.0,,0.0,0.0,40.0,0.0,7.689755249023438,23.68975524902344,Leave_One_experiments/all_year_offline_schedule_search/daily_outputs/FQA/FQA_2008_FQA2008_stress_grid_S0007_daily.csv
FQA,FQA,Fengqiu,2008,Leave_One_experiments\wth_generated_qc\FQA\FQA2008.WTH,normal_year;water_stress_year;nitrogen_stress_year;irrigation_responsive_year,irrigation_responsive,FQA2008_stress_grid_S0007,pareto_balanced,2008-08-09,222,66,61,"{""sim_day"": 66.0, ""doy"": 222.0, ""topwt"": 2558.9744567871094, ""grnwt"": 0.0, ""xlai"": 1.0028177499771118, ""totir"": 40.0, ""tofer"": NaN, ""swfac"": 0.0, ""nstres"": 0.3696043491363525}",0.0,0.3696043491363525,2558.9744567871094,0.0,1.0028177499771118,40.0,,0.0,0.0,40.0,0.0,7.689755249023438,23.68975524902344,Leave_One_experiments/all_year_offline_schedule_search/daily_outputs/FQA/FQA_2008_FQA2008_stress_grid_S0007_daily.csv
FQA,FQA,Fengqiu,2008,Leave_One_experiments\wth_generated_qc\FQA\FQA2008.WTH,normal_year;water_stress_year;nitrogen_stress_year;irrigation_responsive_year,irrigation_responsive,FQA2008_stress_grid_S0007,pareto_balanced,2008-08-10,223,67,62,"{""sim_day"": 67.0, ""doy"": 223.0, ""topwt"": 2639.560852050781, ""grnwt"": 0.0, ""xlai"": 0.9714922308921814, ""totir"": 40.0, ""tofer"": NaN, ""swfac"": 0.0, ""nstres"": 0.3496999740600586}",0.0,0.3496999740600586,2639.560852050781,0.0,0.9714922308921814,40.0,,0.0,0.0,40.0,0.0,7.689755249023438,23.68975524902344,Leave_One_experiments/all_year_offline_schedule_search/daily_outputs/FQA/FQA_2008_FQA2008_stress_grid_S0007_daily.csv
FQA,FQA,Fengqiu,2008,Leave_One_experiments\wth_generated_qc\FQA\FQA2008.WTH,normal_year;water_stress_year;nitrogen_stress_year;irrigation_responsive_year,irrigation_responsive,FQA2008_stress_grid_S0007,pareto_balanced,2008-08-11,224,68,63,"{""sim_day"": 68.0, ""doy"": 224.0, ""topwt"": 2736.988525390625, ""grnwt"": 0.0, ""xlai"": 0.9416147470474244, ""totir"": 40.0, ""tofer"": NaN, ""swfac"": 0.0, ""nstres"": 0.3381015062332153}",0.0,0.3381015062332153,2736.988525390625,0.0,0.9416147470474244,40.0,,0.0,0.0,40.0,0.0,7.689755249023438,23.68975524902344,Leave_One_experiments/all_year_offline_schedule_search/daily_outputs/FQA/FQA_2008_FQA2008_stress_grid_S0007_daily.csv
FQA,FQA,Fengqiu,2008,Leave_One_experiments\wth_generated_qc\FQA\FQA2008.WTH,normal_year;water_stress_year;nitrogen_stress_year;irrigation_responsive_year,irrigation_responsive,FQA2008_stress_grid_S0007,pareto_balanced,2008-08-12,225,69,64,"{""sim_day"": 69.0, ""doy"": 225.0, ""topwt"": 2746.605529785156, ""grnwt"": 0.0, ""xlai"": 0.9130670428276062, ""totir"": 40.0, ""tofer"": NaN, ""swfac"": 0.0, ""nstres"": 0.3276258707046509}",0.0,0.3276258707046509,2746.605529785156,0.0,0.9130670428276062,40.0,,0.0,0.0,40.0,0.0,7.689755249023438,23.68975524902344,Leave_One_experiments/all_year_offline_schedule_search/daily_outputs/FQA/FQA_2008_FQA2008_stress_grid_S0007_daily.csv
FQA,FQA,Fengqiu,2008,Leave_One_experiments\wth_generated_qc\FQA\FQA2008.WTH,normal_year;water_stress_year;nitrogen_stress_year;irrigation_responsive_year,irrigation_responsive,FQA2008_stress_grid_S0007,pareto_balanced,2008-08-13,226,70,65,"{""sim_day"": 70.0, ""doy"": 226.0, ""topwt"": 2790.78125, ""grnwt"": 0.0, ""xlai"": 0.885895311832428, ""totir"": 40.0, ""tofer"": NaN, ""swfac"": 0.0, ""nstres"": 0.3142108917236328}",0.0,0.3142108917236328,2790.78125,0.0,0.885895311832428,40.0,,0.0,0.0,40.0,0.0,7.689755249023438,23.68975524902344,Leave_One_experiments/all_year_offline_schedule_search/daily_outputs/FQA/FQA_2008_FQA2008_stress_grid_S0007_daily.csv
FQA,FQA,Fengqiu,2008,Leave_One_experiments\wth_generated_qc\FQA\FQA2008.WTH,normal_year;water_stress_year;nitrogen_stress_year;irrigation_responsive_year,irrigation_responsive,FQA2008_stress_grid_S0007,pareto_balanced,2008-08-14,227,71,66,"{""sim_day"": 71.0, ""doy"": 227.0, ""topwt"": 2851.7205810546875, ""grnwt"": 0.0, ""xlai"": 0.8606931567192078, ""totir"": 40.0, ""tofer"": NaN, ""swfac"": 0.0, ""nstres"": 0.2827563881874084}",0.0,0.2827563881874084,2851.7205810546875,0.0,0.8606931567192078,40.0,,0.0,0.0,40.0,0.0,7.689755249023438,23.68975524902344,Leave_One_experiments/all_year_offline_schedule_search/daily_outputs/FQA/FQA_2008_FQA2008_stress_grid_S0007_daily.csv
FQA,FQA,Fengqiu,2008,Leave_One_experiments\wth_generated_qc\FQA\FQA2008.WTH,normal_year;water_stress_year;nitrogen_stress_year;irrigation_responsive_year,irrigation_responsive,FQA2008_stress_grid_S0007,pareto_balanced,2008-08-15,228,72,67,"{""sim_day"": 72.0, ""doy"": 228.0, ""topwt"": 2910.0259399414062, ""grnwt"": 0.0, ""xlai"": 0.8368717432022095, ""totir"": 40.0, ""tofer"": NaN, ""swfac"": 0.0, ""nstres"": 0.264247715473175}",0.0,0.264247715473175,2910.0259399414062,0.0,0.8368717432022095,40.0,,0.0,0.0,40.0,0.0,7.689755249023438,23.68975524902344,Leave_One_experiments/all_year_offline_schedule_search/daily_outputs/FQA/FQA_2008_FQA2008_stress_grid_S0007_daily.csv
FQA,FQA,Fengqiu,2008,Leave_One_experiments\wth_generated_qc\FQA\FQA2008.WTH,normal_year;water_stress_year;nitrogen_stress_year;irrigation_responsive_year,irrigation_responsive,FQA2008_stress_grid_S0007,pareto_balanced,2008-08-16,229,73,68,"{""sim_day"": 73.0, ""doy"": 229.0, ""topwt"": 2986.4501953125, ""grnwt"": 0.0, ""xlai"": 0.8142654299736023, ""totir"": 40.0, ""tofer"": NaN, ""swfac"": 0.0, ""nstres"": 0.2483107447624206}",0.0,0.2483107447624206,2986.4501953125,0.0,0.8142654299736023,40.0,,0.0,0.0,40.0,0.0,7.689755249023438,23.68975524902344,Leave_One_experiments/all_year_offline_schedule_search/daily_outputs/FQA/FQA_2008_FQA2008_stress_grid_S0007_daily.csv
FQA,FQA,Fengqiu,2008,Leave_One_experiments\wth_generated_qc\FQA\FQA2008.WTH,normal_year;water_stress_year;nitrogen_stress_year;irrigation_responsive_year,irrigation_responsive,FQA2008_stress_grid_S0007,pareto_balanced,2008-08-17,230,74,69,"{""sim_day"": 74.0, ""doy"": 230.0, ""topwt"": 3112.3403930664062, ""grnwt"": 0.0, ""xlai"": 0.7929486036300659, ""totir"": 40.0, ""tofer"": NaN, ""swfac"": 0.0, ""nstres"": 0.228300929069519}",0.0,0.228300929069519,3112.3403930664062,0.0,0.7929486036300659,40.0,,0.0,0.0,40.0,0.0,7.689755249023438,23.68975524902344,Leave_One_experiments/all_year_offline_schedule_search/daily_outputs/FQA/FQA_2008_FQA2008_stress_grid_S0007_daily.csv
FQA,FQA,Fengqiu,2008,Leave_One_experiments\wth_generated_qc\FQA\FQA2008.WTH,normal_year;water_stress_year;nitrogen_stress_year;irrigation_responsive_year,irrigation_responsive,FQA2008_stress_grid_S0007,pareto_balanced,2008-08-18,231,75,70,"{""sim_day"": 75.0, ""doy"": 231.0, ""topwt"": 3161.810302734375, ""grnwt"": 197.5454139709473, ""xlai"": 0.7726734280586243, ""totir"": 40.0, ""tofer"": NaN, ""swfac"": 0.0, ""nstres"": 0.2136633992195129}",0.0,0.2136633992195129,3161.810302734375,197.5454139709473,0.7726734280586243,40.0,,0.0,0.0,40.0,0.0,7.689755249023438,23.68975524902344,Leave_One_experiments/all_year_offline_schedule_search/daily_outputs/FQA/FQA_2008_FQA2008_stress_grid_S0007_daily.csv
FQA,FQA,Fengqiu,2008,Leave_One_experiments\wth_generated_qc\FQA\FQA2008.WTH,normal_year;water_stress_year;nitrogen_stress_year;irrigation_responsive_year,irrigation_responsive,FQA2008_stress_grid_S0007,pareto_balanced,2008-08-19,232,76,71,"{""sim_day"": 76.0, ""doy"": 232.0, ""topwt"": 3227.728881835937, ""grnwt"": 315.03780364990234, ""xlai"": 0.7504284977912903, ""totir"": 40.0, ""tofer"": NaN, ""swfac"": 0.0, ""nstres"": 0.2909497618675232}",0.0,0.2909497618675232,3227.728881835937,315.03780364990234,0.7504284977912903,40.0,,0.0,0.0,40.0,0.0,7.689755249023438,23.68975524902344,Leave_One_experiments/all_year_offline_schedule_search/daily_outputs/FQA/FQA_2008_FQA2008_stress_grid_S0007_daily.csv
FQA,FQA,Fengqiu,2008,Leave_One_experiments\wth_generated_qc\FQA\FQA2008.WTH,normal_year;water_stress_year;nitrogen_stress_year;irrigation_responsive_year,irrigation_responsive,FQA2008_stress_grid_S0007,pareto_balanced,2008-08-20,233,77,72,"{""sim_day"": 77.0, ""doy"": 233.0, ""topwt"": 3263.5406494140625, ""grnwt"": 432.5301742553711, ""xlai"": 0.730187177658081, ""totir"": 40.0, ""tofer"": NaN, ""swfac"": 0.0, ""nstres"": 0.2473506331443786}",0.0,0.2473506331443786,3263.5406494140625,432.5301742553711,0.730187177658081,40.0,,0.0,0.0,40.0,0.0,7.689755249023438,23.68975524902344,Leave_One_experiments/all_year_offline_schedule_search/daily_outputs/FQA/FQA_2008_FQA2008_stress_grid_S0007_daily.csv
FQA,FQA,Fengqiu,2008,Leave_One_experiments\wth_generated_qc\FQA\FQA2008.WTH,normal_year;water_stress_year;nitrogen_stress_year;irrigation_responsive_year,irrigation_responsive,FQA2008_stress_grid_S0007,pareto_balanced,2008-08-21,234,78,73,"{""sim_day"": 78.0, ""doy"": 234.0, ""topwt"": 3395.1141357421875, ""grnwt"": 550.0225448608398, ""xlai"": 0.7106515169143677, ""totir"": 40.0, ""tofer"": NaN, ""swfac"": 0.0, ""nstres"": 0.2421035766601562}",0.0,0.2421035766601562,3395.1141357421875,550.0225448608398,0.7106515169143677,40.0,,0.0,0.0,40.0,0.0,7.689755249023438,23.68975524902344,Leave_One_experiments/all_year_offline_schedule_search/daily_outputs/FQA/FQA_2008_FQA2008_stress_grid_S0007_daily.csv
FQA,FQA,Fengqiu,2008,Leave_One_experiments\wth_generated_qc\FQA\FQA2008.WTH,normal_year;water_stress_year;nitrogen_stress_year;irrigation_responsive_year,irrigation_responsive,FQA2008_stress_grid_S0007,pareto_balanced,2008-08-22,235,79,74,"{""sim_day"": 79.0, ""doy"": 235.0, ""topwt"": 3531.146240234375, ""grnwt"": 667.5149536132812, ""xlai"": 0.6922230124473572, ""totir"": 40.0, ""tofer"": NaN, ""swfac"": 0.0, ""nstres"": 0.2223641872406005}",0.0,0.2223641872406005,3531.146240234375,667.5149536132812,0.6922230124473572,40.0,,0.0,0.0,40.0,0.0,7.689755249023438,23.68975524902344,Leave_One_experiments/all_year_offline_schedule_search/daily_outputs/FQA/FQA_2008_FQA2008_stress_grid_S0007_daily.csv
FQA,FQA,Fengqiu,2008,Leave_One_experiments\wth_generated_qc\FQA\FQA2008.WTH,normal_year;water_stress_year;nitrogen_stress_year;irrigation_responsive_year,irrigation_responsive,FQA2008_stress_grid_S0007,pareto_balanced,2008-08-23,236,80,75,"{""sim_day"": 80.0, ""doy"": 236.0, ""topwt"": 3637.034301757813, ""grnwt"": 785.00732421875, ""xlai"": 0.6735864877700806, ""totir"": 40.0, ""tofer"": NaN, ""swfac"": 0.0, ""nstres"": 0.2461447119712829}",0.0,0.2461447119712829,3637.034301757813,785.00732421875,0.6735864877700806,40.0,,0.0,0.0,40.0,0.0,7.689755249023438,23.68975524902344,Leave_One_experiments/all_year_offline_schedule_search/daily_outputs/FQA/FQA_2008_FQA2008_stress_grid_S0007_daily.csv
FQA,FQA,Fengqiu,2008,Leave_One_experiments\wth_generated_qc\FQA\FQA2008.WTH,normal_year;water_stress_year;nitrogen_stress_year;irrigation_responsive_year,irrigation_responsive,FQA2008_stress_grid_S0007,pareto_balanced,2008-08-24,237,81,76,"{""sim_day"": 81.0, ""doy"": 237.0, ""topwt"": 3751.766357421875, ""grnwt"": 902.4996948242188, ""xlai"": 0.6548030376434326, ""totir"": 40.0, ""tofer"": NaN, ""swfac"": 0.0, ""nstres"": 0.2692582607269287}",0.0,0.2692582607269287,3751.766357421875,902.4996948242188,0.6548030376434326,40.0,,0.0,0.0,40.0,0.0,7.689755249023438,23.68975524902344,Leave_One_experiments/all_year_offline_schedule_search/daily_outputs/FQA/FQA_2008_FQA2008_stress_grid_S0007_daily.csv
FQA,FQA,Fengqiu,2008,Leave_One_experiments\wth_generated_qc\FQA\FQA2008.WTH,normal_year;water_stress_year;nitrogen_stress_year;irrigation_responsive_year,irrigation_responsive,FQA2008_stress_grid_S0007,pareto_balanced,2008-08-25,238,82,77,"{""sim_day"": 82.0, ""doy"": 238.0, ""topwt"": 3852.90771484375, ""grnwt"": 1019.9920654296876, ""xlai"": 0.6362404227256775, ""totir"": 40.0, ""tofer"": NaN, ""swfac"": 0.0, ""nstres"": 0.2803606986999511}",0.0,0.2803606986999511,3852.90771484375,1019.9920654296876,0.6362404227256775,40.0,,0.0,0.0,40.0,0.0,7.689755249023438,23.68975524902344,Leave_One_experiments/all_year_offline_schedule_search/daily_outputs/FQA/FQA_2008_FQA2008_stress_grid_S0007_daily.csv
FQA,FQA,Fengqiu,2008,Leave_One_experiments\wth_generated_qc\FQA\FQA2008.WTH,normal_year;water_stress_year;nitrogen_stress_year;irrigation_responsive_year,irrigation_responsive,FQA2008_stress_grid_S0007,pareto_balanced,2008-08-26,239,83,78,"{""sim_day"": 83.0, ""doy"": 239.0, ""topwt"": 3940.655517578125, ""grnwt"": 1137.4844360351562, ""xlai"": 0.617785632610321, ""totir"": 40.0, ""tofer"": NaN, ""swfac"": 0.0, ""nstres"": 0.2961453199386596}",0.0,0.2961453199386596,3940.655517578125,1137.4844360351562,0.617785632610321,40.0,,0.0,0.0,40.0,0.0,7.689755249023438,23.68975524902344,Leave_One_experiments/all_year_offline_schedule_search/daily_outputs/FQA/FQA_2008_FQA2008_stress_grid_S0007_daily.csv
FQA,FQA,Fengqiu,2008,Leave_One_experiments\wth_generated_qc\FQA\FQA2008.WTH,normal_year;water_stress_year;nitrogen_stress_year;irrigation_responsive_year,irrigation_responsive,FQA2008_stress_grid_S0007,pareto_balanced,2008-08-27,240,84,79,"{""sim_day"": 84.0, ""doy"": 240.0, ""topwt"": 4026.494140625, ""grnwt"": 1254.976806640625, ""xlai"": 0.5995754599571228, ""totir"": 40.0, ""tofer"": NaN, ""swfac"": 0.0, ""nstres"": 0.3074360489845276}",0.0,0.3074360489845276,4026.494140625,1254.976806640625,0.5995754599571228,40.0,,0.0,0.0,40.0,0.0,7.689755249023438,23.68975524902344,Leave_One_experiments/all_year_offline_schedule_search/daily_outputs/FQA/FQA_2008_FQA2008_stress_grid_S0007_daily.csv
FQA,FQA,Fengqiu,2008,Leave_One_experiments\wth_generated_qc\FQA\FQA2008.WTH,normal_year;water_stress_year;nitrogen_stress_year;irrigation_responsive_year,irrigation_responsive,FQA2008_stress_grid_S0007,pareto_balanced,2008-08-28,241,85,80,"{""sim_day"": 85.0, ""doy"": 241.0, ""topwt"": 4083.7451171875, ""grnwt"": 1372.4691772460938, ""xlai"": 0.5817774534225464, ""totir"": 40.0, ""tofer"": NaN, ""swfac"": 0.0, ""nstres"": 0.3124260902404785}",0.0,0.3124260902404785,4083.7451171875,1372.4691772460938,0.5817774534225464,40.0,,0.0,0.0,40.0,0.0,7.689755249023438,23.68975524902344,Leave_One_experiments/all_year_offline_schedule_search/daily_outputs/FQA/FQA_2008_FQA2008_stress_grid_S0007_daily.csv
FQA,FQA,Fengqiu,2008,Leave_One_experiments\wth_generated_qc\FQA\FQA2008.WTH,normal_year;water_stress_year;nitrogen_stress_year;irrigation_responsive_year,irrigation_responsive,FQA2008_stress_grid_S0007,pareto_balanced,2008-08-29,242,86,81,"{""sim_day"": 86.0, ""doy"": 242.0, ""topwt"": 4110.972900390625, ""grnwt"": 1489.9615478515625, ""xlai"": 0.5642277002334595, ""totir"": 40.0, ""tofer"": NaN, ""swfac"": 0.0, ""nstres"": 0.3239778876304626}",0.0,0.3239778876304626,4110.972900390625,1489.9615478515625,0.5642277002334595,40.0,,0.0,0.0,40.0,0.0,7.689755249023438,23.68975524902344,Leave_One_experiments/all_year_offline_schedule_search/daily_outputs/FQA/FQA_2008_FQA2008_stress_grid_S0007_daily.csv
FQA,FQA,Fengqiu,2008,Leave_One_experiments\wth_generated_qc\FQA\FQA2008.WTH,normal_year;water_stress_year;nitrogen_stress_year;irrigation_responsive_year,irrigation_responsive,FQA2008_stress_grid_S0007,pareto_balanced,2008-08-30,243,87,82,"{""sim_day"": 87.0, ""doy"": 243.0, ""topwt"": 4213.9947509765625, ""grnwt"": 1607.4539184570312, ""xlai"": 0.547279953956604, ""totir"": 40.0, ""tofer"": NaN, ""swfac"": 0.0, ""nstres"": 0.3208901286125183}",0.0,0.3208901286125183,4213.9947509765625,1607.4539184570312,0.547279953956604,40.0,,0.0,0.0,40.0,0.0,7.689755249023438,23.68975524902344,Leave_One_experiments/all_year_offline_schedule_search/daily_outputs/FQA/FQA_2008_FQA2008_stress_grid_S0007_daily.csv
FQA,FQA,Fengqiu,2008,Leave_One_experiments\wth_generated_qc\FQA\FQA2008.WTH,normal_year;water_stress_year;nitrogen_stress_year;irrigation_responsive_year,irrigation_responsive,FQA2008_stress_grid_S0007,pareto_balanced,2008-08-31,244,88,83,"{""sim_day"": 88.0, ""doy"": 244.0, ""topwt"": 4322.5390625, ""grnwt"": 1724.9462890625, ""xlai"": 0.5311687588691711, ""totir"": 40.0, ""tofer"": NaN, ""swfac"": 0.0, ""nstres"": 0.3065285682678222}",0.0,0.3065285682678222,4322.5390625,1724.9462890625,0.5311687588691711,40.0,,0.0,0.0,40.0,0.0,7.689755249023438,23.68975524902344,Leave_One_experiments/all_year_offline_schedule_search/daily_outputs/FQA/FQA_2008_FQA2008_stress_grid_S0007_daily.csv
FQA,FQA,Fengqiu,2008,Leave_One_experiments\wth_generated_qc\FQA\FQA2008.WTH,normal_year;water_stress_year;nitrogen_stress_year;irrigation_responsive_year,irrigation_responsive,FQA2008_stress_grid_S0007,pareto_balanced,2008-09-01,245,89,84,"{""sim_day"": 89.0, ""doy"": 245.0, ""topwt"": 4412.665100097656, ""grnwt"": 1842.4386596679688, ""xlai"": 0.514926552772522, ""totir"": 40.0, ""tofer"": NaN, ""swfac"": 0.0, ""nstres"": 0.3338768482208252}",0.0,0.3338768482208252,4412.665100097656,1842.4386596679688,0.514926552772522,40.0,,0.0,0.0,40.0,0.0,7.689755249023438,23.68975524902344,Leave_One_experiments/all_year_offline_schedule_search/daily_outputs/FQA/FQA_2008_FQA2008_stress_grid_S0007_daily.csv
FQA,FQA,Fengqiu,2008,Leave_One_experiments\wth_generated_qc\FQA\FQA2008.WTH,normal_year;water_stress_year;nitrogen_stress_year;irrigation_responsive_year,irrigation_responsive,FQA2008_stress_grid_S0007,pareto_balanced,2008-09-02,246,90,85,"{""sim_day"": 90.0, ""doy"": 246.0, ""topwt"": 4485.1202392578125, ""grnwt"": 1959.9310302734373, ""xlai"": 0.4985692203044891, ""totir"": 40.0, ""tofer"": NaN, ""swfac"": 0.0, ""nstres"": 0.3623934984207153}",0.0,0.3623934984207153,4485.1202392578125,1959.9310302734373,0.4985692203044891,40.0,,0.0,0.0,40.0,0.0,7.689755249023438,23.68975524902344,Leave_One_experiments/all_year_offline_schedule_search/daily_outputs/FQA/FQA_2008_FQA2008_stress_grid_S0007_daily.csv
FQA,FQA,Fengqiu,2008,Leave_One_experiments\wth_generated_qc\FQA\FQA2008.WTH,normal_year;water_stress_year;nitrogen_stress_year;irrigation_responsive_year,irrigation_responsive,FQA2008_stress_grid_S0007,pareto_balanced,2008-09-03,247,91,86,"{""sim_day"": 91.0, ""doy"": 247.0, ""topwt"": 4563.828430175781, ""grnwt"": 2077.4234008789062, ""xlai"": 0.4823503792285919, ""totir"": 40.0, ""tofer"": NaN, ""swfac"": 0.0, ""nstres"": 0.3807401061058044}",0.0,0.3807401061058044,4563.828430175781,2077.4234008789062,0.4823503792285919,40.0,,0.0,0.0,40.0,0.0,7.689755249023438,23.68975524902344,Leave_One_experiments/all_year_offline_schedule_search/daily_outputs/FQA/FQA_2008_FQA2008_stress_grid_S0007_daily.csv
FQA,FQA,Fengqiu,2008,Leave_One_experiments\wth_generated_qc\FQA\FQA2008.WTH,normal_year;water_stress_year;nitrogen_stress_year;irrigation_responsive_year,irrigation_responsive,FQA2008_stress_grid_S0007,pareto_balanced,2008-09-04,248,92,87,"{""sim_day"": 92.0, ""doy"": 248.0, ""topwt"": 4647.783203125, ""grnwt"": 2194.915771484375, ""xlai"": 0.4664666950702667, ""totir"": 40.0, ""tofer"": NaN, ""swfac"": 0.0, ""nstres"": 0.3903146386146545}",0.0,0.3903146386146545,4647.783203125,2194.915771484375,0.4664666950702667,40.0,,0.0,0.0,40.0,0.0,7.689755249023438,23.68975524902344,Leave_One_experiments/all_year_offline_schedule_search/daily_outputs/FQA/FQA_2008_FQA2008_stress_grid_S0007_daily.csv
FQA,FQA,Fengqiu,2008,Leave_One_experiments\wth_generated_qc\FQA\FQA2008.WTH,normal_year;water_stress_year;nitrogen_stress_year;irrigation_responsive_year,irrigation_responsive,FQA2008_stress_grid_S0007,pareto_balanced,2008-09-05,249,93,88,"{""sim_day"": 93.0, ""doy"": 249.0, ""topwt"": 4718.392028808594, ""grnwt"": 2312.408142089844, ""xlai"": 0.4508833885192871, ""totir"": 40.0, ""tofer"": NaN, ""swfac"": 0.0, ""nstres"": 0.4017708301544189}",0.0,0.4017708301544189,4718.392028808594,2312.408142089844,0.4508833885192871,40.0,,0.0,0.0,40.0,0.0,7.689755249023438,23.68975524902344,Leave_One_experiments/all_year_offline_schedule_search/daily_outputs/FQA/FQA_2008_FQA2008_stress_grid_S0007_daily.csv
FQA,FQA,Fengqiu,2008,Leave_One_experiments\wth_generated_qc\FQA\FQA2008.WTH,normal_year;water_stress_year;nitrogen_stress_year;irrigation_responsive_year,irrigation_responsive,FQA2008_stress_grid_S0007,pareto_balanced,2008-09-06,250,94,89,"{""sim_day"": 94.0, ""doy"": 250.0, ""topwt"": 4738.0279541015625, ""grnwt"": 2339.528350830078, ""xlai"": 0.43552166223526, ""totir"": 40.0, ""tofer"": NaN, ""swfac"": 0.0, ""nstres"": 0.4176850318908691}",0.0,0.4176850318908691,4738.0279541015625,2339.528350830078,0.43552166223526,40.0,,0.0,0.0,40.0,0.0,7.689755249023438,23.68975524902344,Leave_One_experiments/all_year_offline_schedule_search/daily_outputs/FQA/FQA_2008_FQA2008_stress_grid_S0007_daily.csv
FQA,FQA,Fengqiu,2008,Leave_One_experiments\wth_generated_qc\FQA\FQA2008.WTH,normal_year;water_stress_year;nitrogen_stress_year;irrigation_responsive_year,irrigation_responsive,FQA2008_stress_grid_S0007,pareto_balanced,2008-09-07,251,95,90,"{""sim_day"": 95.0, ""doy"": 251.0, ""topwt"": 4762.567138671875, ""grnwt"": 2364.0672302246094, ""xlai"": 0.4217951893806457, ""totir"": 40.0, ""tofer"": NaN, ""swfac"": 0.0, ""nstres"": 0.3564121723175049}",0.0,0.3564121723175049,4762.567138671875,2364.0672302246094,0.4217951893806457,40.0,,0.0,0.0,40.0,0.0,7.689755249023438,23.68975524902344,Leave_One_experiments/all_year_offline_schedule_search/daily_outputs/FQA/FQA_2008_FQA2008_stress_grid_S0007_daily.csv
FQA,FQA,Fengqiu,2008,Leave_One_experiments\wth_generated_qc\FQA\FQA2008.WTH,normal_year;water_stress_year;nitrogen_stress_year;irrigation_responsive_year,irrigation_responsive,FQA2008_stress_grid_S0007,pareto_balanced,2008-09-08,252,96,91,"{""sim_day"": 96.0, ""doy"": 252.0, ""topwt"": 4804.5489501953125, ""grnwt"": 2406.049194335937, ""xlai"": 0.4091947078704834, ""totir"": 40.0, ""tofer"": NaN, ""swfac"": 0.0, ""nstres"": 0.3169618248939514}",0.0,0.3169618248939514,4804.5489501953125,2406.049194335937,0.4091947078704834,40.0,,0.0,0.0,40.0,0.0,7.689755249023438,23.68975524902344,Leave_One_experiments/all_year_offline_schedule_search/daily_outputs/FQA/FQA_2008_FQA2008_stress_grid_S0007_daily.csv
FQA,FQA,Fengqiu,2008,Leave_One_experiments\wth_generated_qc\FQA\FQA2008.WTH,normal_year;water_stress_year;nitrogen_stress_year;irrigation_responsive_year,irrigation_responsive,FQA2008_stress_grid_S0007,pareto_balanced,2008-09-09,253,97,92,"{""sim_day"": 97.0, ""doy"": 253.0, ""topwt"": 4818.917846679688, ""grnwt"": 2420.4180908203125, ""xlai"": 0.3971917033195495, ""totir"": 40.0, ""tofer"": NaN, ""swfac"": 0.0, ""nstres"": 0.3040004372596741}",0.0,0.3040004372596741,4818.917846679688,2420.4180908203125,0.3971917033195495,40.0,,0.0,0.0,40.0,0.0,7.689755249023438,23.68975524902344,Leave_One_experiments/all_year_offline_schedule_search/daily_outputs/FQA/FQA_2008_FQA2008_stress_grid_S0007_daily.csv
FQA,FQA,Fengqiu,2008,Leave_One_experiments\wth_generated_qc\FQA\FQA2008.WTH,normal_year;water_stress_year;nitrogen_stress_year;irrigation_responsive_year,irrigation_responsive,FQA2008_stress_grid_S0007,pareto_balanced,2008-09-10,254,98,93,"{""sim_day"": 98.0, ""doy"": 254.0, ""topwt"": 4901.76513671875, ""grnwt"": 2503.265380859375, ""xlai"": 0.3864705860614776, ""totir"": 40.0, ""tofer"": NaN, ""swfac"": 0.0, ""nstres"": 0.2478126287460327}",0.0,0.2478126287460327,4901.76513671875,2503.265380859375,0.3864705860614776,40.0,,0.0,0.0,40.0,0.0,7.689755249023438,23.68975524902344,Leave_One_experiments/all_year_offline_schedule_search/daily_outputs/FQA/FQA_2008_FQA2008_stress_grid_S0007_daily.csv
FQA,FQA,Fengqiu,2008,Leave_One_experiments\wth_generated_qc\FQA\FQA2008.WTH,normal_year;water_stress_year;nitrogen_stress_year;irrigation_responsive_year,irrigation_responsive,FQA2008_stress_grid_S0007,pareto_balanced,2008-09-11,255,99,94,"{""sim_day"": 99.0, ""doy"": 255.0, ""topwt"": 4979.195556640625, ""grnwt"": 2580.6954956054688, ""xlai"": 0.3756275177001953, ""totir"": 40.0, ""tofer"": NaN, ""swfac"": 0.0, ""nstres"": 0.2733602523803711}",0.0,0.2733602523803711,4979.195556640625,2580.6954956054688,0.3756275177001953,40.0,,0.0,0.0,40.0,0.0,7.689755249023438,23.68975524902344,Leave_One_experiments/all_year_offline_schedule_search/daily_outputs/FQA/FQA_2008_FQA2008_stress_grid_S0007_daily.csv
FQA,FQA,Fengqiu,2008,Leave_One_experiments\wth_generated_qc\FQA\FQA2008.WTH,normal_year;water_stress_year;nitrogen_stress_year;irrigation_responsive_year,irrigation_responsive,FQA2008_stress_grid_S0007,pareto_balanced,2008-09-12,256,100,95,"{""sim_day"": 100.0, ""doy"": 256.0, ""topwt"": 5043.873291015625, ""grnwt"": 2645.37353515625, ""xlai"": 0.3647238314151764, ""totir"": 40.0, ""tofer"": NaN, ""swfac"": 0.0, ""nstres"": 0.2966704368591308}",0.0,0.2966704368591308,5043.873291015625,2645.37353515625,0.3647238314151764,40.0,,0.0,0.0,40.0,0.0,7.689755249023438,23.68975524902344,Leave_One_experiments/all_year_offline_schedule_search/daily_outputs/FQA/FQA_2008_FQA2008_stress_grid_S0007_daily.csv
FQA,FQA,Fengqiu,2008,Leave_One_experiments\wth_generated_qc\FQA\FQA2008.WTH,normal_year;water_stress_year;nitrogen_stress_year;irrigation_responsive_year,irrigation_responsive,FQA2008_stress_grid_S0007,pareto_balanced,2008-09-13,257,101,96,"{""sim_day"": 101.0, ""doy"": 257.0, ""topwt"": 5101.583251953125, ""grnwt"": 2703.08349609375, ""xlai"": 0.3540650308132171, ""totir"": 40.0, ""tofer"": NaN, ""swfac"": 0.0, ""nstres"": 0.3013831973075866}",0.0,0.3013831973075866,5101.583251953125,2703.08349609375,0.3540650308132171,40.0,,0.0,0.0,40.0,0.0,7.689755249023438,23.68975524902344,Leave_One_experiments/all_year_offline_schedule_search/daily_outputs/FQA/FQA_2008_FQA2008_stress_grid_S0007_daily.csv
FQA,FQA,Fengqiu,2008,Leave_One_experiments\wth_generated_qc\FQA\FQA2008.WTH,normal_year;water_stress_year;nitrogen_stress_year;irrigation_responsive_year,irrigation_responsive,FQA2008_stress_grid_S0007,pareto_balanced,2008-09-14,258,102,97,"{""sim_day"": 102.0, ""doy"": 258.0, ""topwt"": 5167.4755859375, ""grnwt"": 2768.975524902344, ""xlai"": 0.3437902331352234, ""totir"": 40.0, ""tofer"": NaN, ""swfac"": 0.0, ""nstres"": 0.2964692711830139}",0.0,0.2964692711830139,5167.4755859375,2768.975524902344,0.3437902331352234,40.0,,0.0,0.0,40.0,0.0,7.689755249023438,23.68975524902344,Leave_One_experiments/all_year_offline_schedule_search/daily_outputs/FQA/FQA_2008_FQA2008_stress_grid_S0007_daily.csv
FQA,FQA,Fengqiu,2008,Leave_One_experiments\wth_generated_qc\FQA\FQA2008.WTH,normal_year;water_stress_year;nitrogen_stress_year;irrigation_responsive_year,irrigation_responsive,FQA2008_stress_grid_S0007,pareto_balanced,2008-09-15,259,103,98,"{""sim_day"": 103.0, ""doy"": 259.0, ""topwt"": 5167.4755859375, ""grnwt"": 2768.975524902344, ""xlai"": 0.3437902331352234, ""totir"": 40.0, ""tofer"": NaN, ""swfac"": 0.0, ""nstres"": 0.3020755052566528}",0.0,0.3020755052566528,5167.4755859375,2768.975524902344,0.3437902331352234,40.0,,0.0,0.0,40.0,0.0,7.689755249023438,23.68975524902344,Leave_One_experiments/all_year_offline_schedule_search/daily_outputs/FQA/FQA_2008_FQA2008_stress_grid_S0007_daily.csv
FQA,FQA,Fengqiu,2008,Leave_One_experiments\wth_generated_qc\FQA\FQA2008.WTH,normal_year;water_stress_year;nitrogen_stress_year;irrigation_responsive_year,irrigation_responsive,FQA2008_stress_grid_S0007,pareto_balanced,2008-09-16,260,104,99,"{""sim_day"": 104.0, ""doy"": 260.0, ""topwt"": 5167.4755859375, ""grnwt"": 2768.975524902344, ""xlai"": 0.3437902331352234, ""totir"": 40.0, ""tofer"": NaN, ""swfac"": 0.0, ""nstres"": 0.3020755052566528}",0.0,0.3020755052566528,5167.4755859375,2768.975524902344,0.3437902331352234,40.0,,0.0,0.0,40.0,0.0,7.689755249023438,23.68975524902344,Leave_One_experiments/all_year_offline_schedule_search/daily_outputs/FQA/FQA_2008_FQA2008_stress_grid_S0007_daily.csv
FQA,FQA,Fengqiu,2008,Leave_One_experiments\wth_generated_qc\FQA\FQA2008.WTH,normal_year;water_stress_year;nitrogen_stress_year;irrigation_responsive_year,irrigation_responsive,FQA2008_stress_grid_S0007,pareto_balanced,2008-09-17,261,105,100,"{""sim_day"": 105.0, ""doy"": 261.0, ""topwt"": 5167.4755859375, ""grnwt"": 2768.975524902344, ""xlai"": 0.3437902331352234, ""totir"": 40.0, ""tofer"": NaN, ""swfac"": 0.0, ""nstres"": 0.3020755052566528}",0.0,0.3020755052566528,5167.4755859375,2768.975524902344,0.3437902331352234,40.0,,0.0,0.0,40.0,0.0,7.689755249023438,23.68975524902344,Leave_One_experiments/all_year_offline_schedule_search/daily_outputs/FQA/FQA_2008_FQA2008_stress_grid_S0007_daily.csv
FQA,FQA,Fengqiu,2008,Leave_One_experiments\wth_generated_qc\FQA\FQA2008.WTH,normal_year;water_stress_year;nitrogen_stress_year;irrigation_responsive_year,irrigation_responsive,FQA2008_stress_grid_S0008,pareto_balanced,2008-06-10,162,1,1,"{""sim_day"": 1.0, ""doy"": 162.0, ""topwt"": 0.0, ""grnwt"": 0.0, ""xlai"": 0.0, ""totir"": 0.0, ""tofer"": NaN, ""swfac"": 0.0, ""nstres"": 0.0}",0.0,0.0,0.0,0.0,0.0,0.0,,0.0,0.0,40.0,0.0,7.689755249023438,23.68975524902344,Leave_One_experiments/all_year_offline_schedule_search/daily_outputs/FQA/FQA_2008_FQA2008_stress_grid_S0008_daily.csv
FQA,FQA,Fengqiu,2008,Leave_One_experiments\wth_generated_qc\FQA\FQA2008.WTH,normal_year;water_stress_year;nitrogen_stress_year;irrigation_responsive_year,irrigation_responsive,FQA2008_stress_grid_S0008,pareto_balanced,2008-06-11,163,2,2,"{""sim_day"": 2.0, ""doy"": 163.0, ""topwt"": 0.0, ""grnwt"": 0.0, ""xlai"": 0.0, ""totir"": 0.0, ""tofer"": NaN, ""swfac"": 0.0, ""nstres"": 0.0}",0.0,0.0,0.0,0.0,0.0,0.0,,0.0,0.0,40.0,0.0,7.689755249023438,23.68975524902344,Leave_One_experiments/all_year_offline_schedule_search/daily_outputs/FQA/FQA_2008_FQA2008_stress_grid_S0008_daily.csv
FQA,FQA,Fengqiu,2008,Leave_One_experiments\wth_generated_qc\FQA\FQA2008.WTH,normal_year;water_stress_year;nitrogen_stress_year;irrigation_responsive_year,irrigation_responsive,FQA2008_stress_grid_S0008,pareto_balanced,2008-06-12,164,3,3,"{""sim_day"": 3.0, ""doy"": 164.0, ""topwt"": 0.0, ""grnwt"": 0.0, ""xlai"": 0.0, ""totir"": 0.0, ""tofer"": NaN, ""swfac"": 0.0, ""nstres"": 0.0}",0.0,0.0,0.0,0.0,0.0,0.0,,0.0,0.0,40.0,0.0,7.689755249023438,23.68975524902344,Leave_One_experiments/all_year_offline_schedule_search/daily_outputs/FQA/FQA_2008_FQA2008_stress_grid_S0008_daily.csv
FQA,FQA,Fengqiu,2008,Leave_One_experiments\wth_generated_qc\FQA\FQA2008.WTH,normal_year;water_stress_year;nitrogen_stress_year;irrigation_responsive_year,irrigation_responsive,FQA2008_stress_grid_S0008,pareto_balanced,2008-06-13,165,4,4,"{""sim_day"": 4.0, ""doy"": 165.0, ""topwt"": 0.0, ""grnwt"": 0.0, ""xlai"": 0.0, ""totir"": 0.0, ""tofer"": NaN, ""swfac"": 0.0, ""nstres"": 0.0}",0.0,0.0,0.0,0.0,0.0,0.0,,0.0,0.0,40.0,0.0,7.689755249023438,23.68975524902344,Leave_One_experiments/all_year_offline_schedule_search/daily_outputs/FQA/FQA_2008_FQA2008_stress_grid_S0008_daily.csv
FQA,FQA,Fengqiu,2008,Leave_One_experiments\wth_generated_qc\FQA\FQA2008.WTH,normal_year;water_stress_year;nitrogen_stress_year;irrigation_responsive_year,irrigation_responsive,FQA2008_stress_grid_S0008,pareto_balanced,2008-06-14,166,5,5,"{""sim_day"": 5.0, ""doy"": 166.0, ""topwt"": 0.0, ""grnwt"": 0.0, ""xlai"": 0.0, ""totir"": 0.0, ""tofer"": NaN, ""swfac"": 0.0, ""nstres"": 0.0}",0.0,0.0,0.0,0.0,0.0,0.0,,0.0,0.0,40.0,0.0,7.689755249023438,23.68975524902344,Leave_One_experiments/all_year_offline_schedule_search/daily_outputs/FQA/FQA_2008_FQA2008_stress_grid_S0008_daily.csv
FQA,FQA,Fengqiu,2008,Leave_One_experiments\wth_generated_qc\FQA\FQA2008.WTH,normal_year;water_stress_year;nitrogen_stress_year;irrigation_responsive_year,irrigation_responsive,FQA2008_stress_grid_S0008,pareto_balanced,2008-06-10,162,6,1,"{""sim_day"": 6.0, ""doy"": 162.0, ""topwt"": 0.0, ""grnwt"": 0.0, ""xlai"": 0.0, ""totir"": 0.0, ""tofer"": NaN, ""swfac"": 0.0, ""nstres"": 0.0}",0.0,0.0,0.0,0.0,0.0,0.0,,0.0,0.0,40.0,0.0,7.689755249023438,23.68975524902344,Leave_One_experiments/all_year_offline_schedule_search/daily_outputs/FQA/FQA_2008_FQA2008_stress_grid_S0008_daily.csv
FQA,FQA,Fengqiu,2008,Leave_One_experiments\wth_generated_qc\FQA\FQA2008.WTH,normal_year;water_stress_year;nitrogen_stress_year;irrigation_responsive_year,irrigation_responsive,FQA2008_stress_grid_S0008,pareto_balanced,2008-06-11,163,7,2,"{""sim_day"": 7.0, ""doy"": 163.0, ""topwt"": 0.0, ""grnwt"": 0.0, ""xlai"": 0.0, ""totir"": 0.0, ""tofer"": NaN, ""swfac"": 0.0, ""nstres"": 0.0}",0.0,0.0,0.0,0.0,0.0,0.0,,0.0,0.0,40.0,0.0,7.689755249023438,23.68975524902344,Leave_One_experiments/all_year_offline_schedule_search/daily_outputs/FQA/FQA_2008_FQA2008_stress_grid_S0008_daily.csv
FQA,FQA,Fengqiu,2008,Leave_One_experiments\wth_generated_qc\FQA\FQA2008.WTH,normal_year;water_stress_year;nitrogen_stress_year;irrigation_responsive_year,irrigation_responsive,FQA2008_stress_grid_S0008,pareto_balanced,2008-06-12,164,8,3,"{""sim_day"": 8.0, ""doy"": 164.0, ""topwt"": 0.0, ""grnwt"": 0.0, ""xlai"": 0.0, ""totir"": 0.0, ""tofer"": NaN, ""swfac"": 0.0, ""nstres"": 0.0}",0.0,0.0,0.0,0.0,0.0,0.0,,0.0,0.0,40.0,0.0,7.689755249023438,23.68975524902344,Leave_One_experiments/all_year_offline_schedule_search/daily_outputs/FQA/FQA_2008_FQA2008_stress_grid_S0008_daily.csv
FQA,FQA,Fengqiu,2008,Leave_One_experiments\wth_generated_qc\FQA\FQA2008.WTH,normal_year;water_stress_year;nitrogen_stress_year;irrigation_responsive_year,irrigation_responsive,FQA2008_stress_grid_S0008,pareto_balanced,2008-06-13,165,9,4,"{""sim_day"": 9.0, ""doy"": 165.0, ""topwt"": 0.0, ""grnwt"": 0.0, ""xlai"": 0.0, ""totir"": 0.0, ""tofer"": NaN, ""swfac"": 0.0, ""nstres"": 0.0}",0.0,0.0,0.0,0.0,0.0,0.0,,0.0,0.0,40.0,0.0,7.689755249023438,23.68975524902344,Leave_One_experiments/all_year_offline_schedule_search/daily_outputs/FQA/FQA_2008_FQA2008_stress_grid_S0008_daily.csv
FQA,FQA,Fengqiu,2008,Leave_One_experiments\wth_generated_qc\FQA\FQA2008.WTH,normal_year;water_stress_year;nitrogen_stress_year;irrigation_responsive_year,irrigation_responsive,FQA2008_stress_grid_S0008,pareto_balanced,2008-06-14,166,10,5,"{""sim_day"": 10.0, ""doy"": 166.0, ""topwt"": 0.0, ""grnwt"": 0.0, ""xlai"": 0.0, ""totir"": 0.0, ""tofer"": NaN, ""swfac"": 0.0, ""nstres"": 0.0}",0.0,0.0,0.0,0.0,0.0,0.0,,0.0,0.0,40.0,0.0,7.689755249023438,23.68975524902344,Leave_One_experiments/all_year_offline_schedule_search/daily_outputs/FQA/FQA_2008_FQA2008_stress_grid_S0008_daily.csv
FQA,FQA,Fengqiu,2008,Leave_One_experiments\wth_generated_qc\FQA\FQA2008.WTH,normal_year;water_stress_year;nitrogen_stress_year;irrigation_responsive_year,irrigation_responsive,FQA2008_stress_grid_S0008,pareto_balanced,2008-06-15,167,11,6,"{""sim_day"": 11.0, ""doy"": 167.0, ""topwt"": 32.00000047683716, ""grnwt"": 0.0, ""xlai"": 0.0021261305082589, ""totir"": 0.0, ""tofer"": NaN, ""swfac"": 0.0, ""nstres"": 0.0121910572052001}",0.0,0.0121910572052001,32.00000047683716,0.0,0.0021261305082589,0.0,,0.0,0.0,40.0,0.0,7.689755249023438,23.68975524902344,Leave_One_experiments/all_year_offline_schedule_search/daily_outputs/FQA/FQA_2008_FQA2008_stress_grid_S0008_daily.csv
FQA,FQA,Fengqiu,2008,Leave_One_experiments\wth_generated_qc\FQA\FQA2008.WTH,normal_year;water_stress_year;nitrogen_stress_year;irrigation_responsive_year,irrigation_responsive,FQA2008_stress_grid_S0008,pareto_balanced,2008-06-16,168,12,7,"{""sim_day"": 12.0, ""doy"": 168.0, ""topwt"": 32.00000047683716, ""grnwt"": 0.0, ""xlai"": 0.0036666626110672, ""totir"": 0.0, ""tofer"": NaN, ""swfac"": 0.0, ""nstres"": 0.0069057941436767}",0.0,0.0069057941436767,32.00000047683716,0.0,0.0036666626110672,0.0,,0.0,0.0,40.0,0.0,7.689755249023438,23.68975524902344,Leave_One_experiments/all_year_offline_schedule_search/daily_outputs/FQA/FQA_2008_FQA2008_stress_grid_S0008_daily.csv
FQA,FQA,Fengqiu,2008,Leave_One_experiments\wth_generated_qc\FQA\FQA2008.WTH,normal_year;water_stress_year;nitrogen_stress_year;irrigation_responsive_year,irrigation_responsive,FQA2008_stress_grid_S0008,pareto_balanced,2008-06-17,169,13,8,"{""sim_day"": 13.0, ""doy"": 169.0, ""topwt"": 32.00000047683716, ""grnwt"": 0.0, ""xlai"": 0.0057223690673708, ""totir"": 0.0, ""tofer"": NaN, ""swfac"": 0.0, ""nstres"": 0.0}",0.0,0.0,32.00000047683716,0.0,0.0057223690673708,0.0,,0.0,0.0,40.0,0.0,7.689755249023438,23.68975524902344,Leave_One_experiments/all_year_offline_schedule_search/daily_outputs/FQA/FQA_2008_FQA2008_stress_grid_S0008_daily.csv
FQA,FQA,Fengqiu,2008,Leave_One_experiments\wth_generated_qc\FQA\FQA2008.WTH,normal_year;water_stress_year;nitrogen_stress_year;irrigation_responsive_year,irrigation_responsive,FQA2008_stress_grid_S0008,pareto_balanced,2008-06-18,170,14,9,"{""sim_day"": 14.0, ""doy"": 170.0, ""topwt"": 32.00000047683716, ""grnwt"": 0.0, ""xlai"": 0.0083634089678525, ""totir"": 0.0, ""tofer"": NaN, ""swfac"": 0.0, ""nstres"": 0.0}",0.0,0.0,32.00000047683716,0.0,0.0083634089678525,0.0,,0.0,0.0,40.0,0.0,7.689755249023438,23.68975524902344,Leave_One_experiments/all_year_offline_schedule_search/daily_outputs/FQA/FQA_2008_FQA2008_stress_grid_S0008_daily.csv
FQA,FQA,Fengqiu,2008,Leave_One_experiments\wth_generated_qc\FQA\FQA2008.WTH,normal_year;water_stress_year;nitrogen_stress_year;irrigation_responsive_year,irrigation_responsive,FQA2008_stress_grid_S0008,pareto_balanced,2008-06-19,171,15,10,"{""sim_day"": 15.0, ""doy"": 171.0, ""topwt"": 32.00000047683716, ""grnwt"": 0.0, ""xlai"": 0.0115837436169385, ""totir"": 0.0, ""tofer"": NaN, ""swfac"": 0.0, ""nstres"": 0.0}",0.0,0.0,32.00000047683716,0.0,0.0115837436169385,0.0,,0.0,0.0,40.0,0.0,7.689755249023438,23.68975524902344,Leave_One_experiments/all_year_offline_schedule_search/daily_outputs/FQA/FQA_2008_FQA2008_stress_grid_S0008_daily.csv
FQA,FQA,Fengqiu,2008,Leave_One_experiments\wth_generated_qc\FQA\FQA2008.WTH,normal_year;water_stress_year;nitrogen_stress_year;irrigation_responsive_year,irrigation_responsive,FQA2008_stress_grid_S0008,pareto_balanced,2008-06-20,172,16,11,"{""sim_day"": 16.0, ""doy"": 172.0, ""topwt"": 32.00000047683716, ""grnwt"": 0.0, ""xlai"": 0.0150151317939162, ""totir"": 0.0, ""tofer"": NaN, ""swfac"": 0.0, ""nstres"": 0.0}",0.0,0.0,32.00000047683716,0.0,0.0150151317939162,0.0,,0.0,0.0,40.0,0.0,7.689755249023438,23.68975524902344,Leave_One_experiments/all_year_offline_schedule_search/daily_outputs/FQA/FQA_2008_FQA2008_stress_grid_S0008_daily.csv
FQA,FQA,Fengqiu,2008,Leave_One_experiments\wth_generated_qc\FQA\FQA2008.WTH,normal_year;water_stress_year;nitrogen_stress_year;irrigation_responsive_year,irrigation_responsive,FQA2008_stress_grid_S0008,pareto_balanced,2008-06-21,173,17,12,"{""sim_day"": 17.0, ""doy"": 173.0, ""topwt"": 32.00000047683716, ""grnwt"": 0.0, ""xlai"": 0.0189855564385652, ""totir"": 0.0, ""tofer"": NaN, ""swfac"": 0.0, ""nstres"": 0.0}",0.0,0.0,32.00000047683716,0.0,0.0189855564385652,0.0,,0.0,0.0,40.0,0.0,7.689755249023438,23.68975524902344,Leave_One_experiments/all_year_offline_schedule_search/daily_outputs/FQA/FQA_2008_FQA2008_stress_grid_S0008_daily.csv
FQA,FQA,Fengqiu,2008,Leave_One_experiments\wth_generated_qc\FQA\FQA2008.WTH,normal_year;water_stress_year;nitrogen_stress_year;irrigation_responsive_year,irrigation_responsive,FQA2008_stress_grid_S0008,pareto_balanced,2008-06-22,174,18,13,"{""sim_day"": 18.0, ""doy"": 174.0, ""topwt"": 23.652806282043457, ""grnwt"": 0.0, ""xlai"": 0.0324826911091804, ""totir"": 0.0, ""tofer"": NaN, ""swfac"": 0.0, ""nstres"": 0.0}",0.0,0.0,23.652806282043457,0.0,0.0324826911091804,0.0,,0.0,0.0,40.0,0.0,7.689755249023438,23.68975524902344,Leave_One_experiments/all_year_offline_schedule_search/daily_outputs/FQA/FQA_2008_FQA2008_stress_grid_S0008_daily.csv
FQA,FQA,Fengqiu,2008,Leave_One_experiments\wth_generated_qc\FQA\FQA2008.WTH,normal_year;water_stress_year;nitrogen_stress_year;irrigation_responsive_year,irrigation_responsive,FQA2008_stress_grid_S0008,pareto_balanced,2008-06-23,175,19,14,"{""sim_day"": 19.0, ""doy"": 175.0, ""topwt"": 27.607693672180176, ""grnwt"": 0.0, ""xlai"": 0.0452644899487495, ""totir"": 0.0, ""tofer"": NaN, ""swfac"": 0.0, ""nstres"": 0.0}",0.0,0.0,27.607693672180176,0.0,0.0452644899487495,0.0,,0.0,0.0,40.0,0.0,7.689755249023438,23.68975524902344,Leave_One_experiments/all_year_offline_schedule_search/daily_outputs/FQA/FQA_2008_FQA2008_stress_grid_S0008_daily.csv
FQA,FQA,Fengqiu,2008,Leave_One_experiments\wth_generated_qc\FQA\FQA2008.WTH,normal_year;water_stress_year;nitrogen_stress_year;irrigation_responsive_year,irrigation_responsive,FQA2008_stress_grid_S0008,pareto_balanced,2008-06-24,176,20,15,"{""sim_day"": 20.0, ""doy"": 176.0, ""topwt"": 33.92127513885498, ""grnwt"": 0.0, ""xlai"": 0.0639530569314956, ""totir"": 0.0, ""tofer"": NaN, ""swfac"": 0.0, ""nstres"": 0.0}",0.0,0.0,33.92127513885498,0.0,0.0639530569314956,0.0,,0.0,0.0,40.0,0.0,7.689755249023438,23.68975524902344,Leave_One_experiments/all_year_offline_schedule_search/daily_outputs/FQA/FQA_2008_FQA2008_stress_grid_S0008_daily.csv
FQA,FQA,Fengqiu,2008,Leave_One_experiments\wth_generated_qc\FQA\FQA2008.WTH,normal_year;water_stress_year;nitrogen_stress_year;irrigation_responsive_year,irrigation_responsive,FQA2008_stress_grid_S0008,pareto_balanced,2008-06-25,177,21,16,"{""sim_day"": 21.0, ""doy"": 177.0, ""topwt"": 40.21195888519287, ""grnwt"": 0.0, ""xlai"": 0.0812315791845321, ""totir"": 0.0, ""tofer"": NaN, ""swfac"": 0.0, ""nstres"": 0.0}",0.0,0.0,40.21195888519287,0.0,0.0812315791845321,0.0,,0.0,0.0,40.0,0.0,7.689755249023438,23.68975524902344,Leave_One_experiments/all_year_offline_schedule_search/daily_outputs/FQA/FQA_2008_FQA2008_stress_grid_S0008_daily.csv
FQA,FQA,Fengqiu,2008,Leave_One_experiments\wth_generated_qc\FQA\FQA2008.WTH,normal_year;water_stress_year;nitrogen_stress_year;irrigation_responsive_year,irrigation_responsive,FQA2008_stress_grid_S0008,pareto_balanced,2008-06-26,178,22,17,"{""sim_day"": 22.0, ""doy"": 178.0, ""topwt"": 48.21322917938232, ""grnwt"": 0.0, ""xlai"": 0.1019063144922256, ""totir"": 0.0, ""tofer"": NaN, ""swfac"": 0.0, ""nstres"": 0.0}",0.0,0.0,48.21322917938232,0.0,0.1019063144922256,0.0,,0.0,0.0,40.0,0.0,7.689755249023438,23.68975524902344,Leave_One_experiments/all_year_offline_schedule_search/daily_outputs/FQA/FQA_2008_FQA2008_stress_grid_S0008_daily.csv
FQA,FQA,Fengqiu,2008,Leave_One_experiments\wth_generated_qc\FQA\FQA2008.WTH,normal_year;water_stress_year;nitrogen_stress_year;irrigation_responsive_year,irrigation_responsive,FQA2008_stress_grid_S0008,pareto_balanced,2008-06-27,179,23,18,"{""sim_day"": 23.0, ""doy"": 179.0, ""topwt"": 57.38840103149414, ""grnwt"": 0.0, ""xlai"": 0.1243219673633575, ""totir"": 0.0, ""tofer"": NaN, ""swfac"": 0.0, ""nstres"": 0.0}",0.0,0.0,57.38840103149414,0.0,0.1243219673633575,0.0,,0.0,0.0,40.0,0.0,7.689755249023438,23.68975524902344,Leave_One_experiments/all_year_offline_schedule_search/daily_outputs/FQA/FQA_2008_FQA2008_stress_grid_S0008_daily.csv
FQA,FQA,Fengqiu,2008,Leave_One_experiments\wth_generated_qc\FQA\FQA2008.WTH,normal_year;water_stress_year;nitrogen_stress_year;irrigation_responsive_year,irrigation_responsive,FQA2008_stress_grid_S0008,pareto_balanced,2008-06-28,180,24,19,"{""sim_day"": 24.0, ""doy"": 180.0, ""topwt"": 68.89780521392822, ""grnwt"": 0.0, ""xlai"": 0.1510054767131805, ""totir"": 0.0, ""tofer"": NaN, ""swfac"": 0.0, ""nstres"": 0.0}",0.0,0.0,68.89780521392822,0.0,0.1510054767131805,0.0,,0.0,0.0,40.0,0.0,7.689755249023438,23.68975524902344,Leave_One_experiments/all_year_offline_schedule_search/daily_outputs/FQA/FQA_2008_FQA2008_stress_grid_S0008_daily.csv
FQA,FQA,Fengqiu,2008,Leave_One_experiments\wth_generated_qc\FQA\FQA2008.WTH,normal_year;water_stress_year;nitrogen_stress_year;irrigation_responsive_year,irrigation_responsive,FQA2008_stress_grid_S0008,pareto_balanced,2008-06-29,181,25,20,"{""sim_day"": 25.0, ""doy"": 181.0, ""topwt"": 81.78180694580078, ""grnwt"": 0.0, ""xlai"": 0.1794438660144806, ""totir"": 0.0, ""tofer"": NaN, ""swfac"": 0.0, ""nstres"": 0.0}",0.0,0.0,81.78180694580078,0.0,0.1794438660144806,0.0,,0.0,0.0,40.0,0.0,7.689755249023438,23.68975524902344,Leave_One_experiments/all_year_offline_schedule_search/daily_outputs/FQA/FQA_2008_FQA2008_stress_grid_S0008_daily.csv
FQA,FQA,Fengqiu,2008,Leave_One_experiments\wth_generated_qc\FQA\FQA2008.WTH,normal_year;water_stress_year;nitrogen_stress_year;irrigation_responsive_year,irrigation_responsive,FQA2008_stress_grid_S0008,pareto_balanced,2008-06-30,182,26,21,"{""sim_day"": 26.0, ""doy"": 182.0, ""topwt"": 89.94613647460938, ""grnwt"": 0.0, ""xlai"": 0.1967922747135162, ""totir"": 0.0, ""tofer"": NaN, ""swfac"": 0.0, ""nstres"": 0.0}",0.0,0.0,89.94613647460938,0.0,0.1967922747135162,0.0,,0.0,0.0,40.0,0.0,7.689755249023438,23.68975524902344,Leave_One_experiments/all_year_offline_schedule_search/daily_outputs/FQA/FQA_2008_FQA2008_stress_grid_S0008_daily.csv
FQA,FQA,Fengqiu,2008,Leave_One_experiments\wth_generated_qc\FQA\FQA2008.WTH,normal_year;water_stress_year;nitrogen_stress_year;irrigation_responsive_year,irrigation_responsive,FQA2008_stress_grid_S0008,pareto_balanced,2008-07-01,183,27,22,"{""sim_day"": 27.0, ""doy"": 183.0, ""topwt"": 103.76584053039552, ""grnwt"": 0.0, ""xlai"": 0.2241681069135666, ""totir"": 0.0, ""tofer"": NaN, ""swfac"": 0.0, ""nstres"": 0.0}",0.0,0.0,103.76584053039552,0.0,0.2241681069135666,0.0,,0.0,0.0,40.0,0.0,7.689755249023438,23.68975524902344,Leave_One_experiments/all_year_offline_schedule_search/daily_outputs/FQA/FQA_2008_FQA2008_stress_grid_S0008_daily.csv
FQA,FQA,Fengqiu,2008,Leave_One_experiments\wth_generated_qc\FQA\FQA2008.WTH,normal_year;water_stress_year;nitrogen_stress_year;irrigation_responsive_year,irrigation_responsive,FQA2008_stress_grid_S0008,pareto_balanced,2008-07-02,184,28,23,"{""sim_day"": 28.0, ""doy"": 184.0, ""topwt"": 122.70838737487792, ""grnwt"": 0.0, ""xlai"": 0.2628859877586365, ""totir"": 0.0, ""tofer"": NaN, ""swfac"": 0.0, ""nstres"": 0.0}",0.0,0.0,122.70838737487792,0.0,0.2628859877586365,0.0,,0.0,0.0,40.0,0.0,7.689755249023438,23.68975524902344,Leave_One_experiments/all_year_offline_schedule_search/daily_outputs/FQA/FQA_2008_FQA2008_stress_grid_S0008_daily.csv
FQA,FQA,Fengqiu,2008,Leave_One_experiments\wth_generated_qc\FQA\FQA2008.WTH,normal_year;water_stress_year;nitrogen_stress_year;irrigation_responsive_year,irrigation_responsive,FQA2008_stress_grid_S0008,pareto_balanced,2008-07-03,185,29,24,"{""sim_day"": 29.0, ""doy"": 185.0, ""topwt"": 145.0035572052002, ""grnwt"": 0.0, ""xlai"": 0.3063895106315613, ""totir"": 0.0, ""tofer"": NaN, ""swfac"": 0.0, ""nstres"": 0.0}",0.0,0.0,145.0035572052002,0.0,0.3063895106315613,0.0,,0.0,0.0,40.0,0.0,7.689755249023438,23.68975524902344,Leave_One_experiments/all_year_offline_schedule_search/daily_outputs/FQA/FQA_2008_FQA2008_stress_grid_S0008_daily.csv
FQA,FQA,Fengqiu,2008,Leave_One_experiments\wth_generated_qc\FQA\FQA2008.WTH,normal_year;water_stress_year;nitrogen_stress_year;irrigation_responsive_year,irrigation_responsive,FQA2008_stress_grid_S0008,pareto_balanced,2008-07-04,186,30,25,"{""sim_day"": 30.0, ""doy"": 186.0, ""topwt"": 164.483642578125, ""grnwt"": 0.0, ""xlai"": 0.3428657650947571, ""totir"": 0.0, ""tofer"": NaN, ""swfac"": 0.0, ""nstres"": 0.0}",0.0,0.0,164.483642578125,0.0,0.3428657650947571,0.0,,0.0,0.0,40.0,0.0,7.689755249023438,23.68975524902344,Leave_One_experiments/all_year_offline_schedule_search/daily_outputs/FQA/FQA_2008_FQA2008_stress_grid_S0008_daily.csv
FQA,FQA,Fengqiu,2008,Leave_One_experiments\wth_generated_qc\FQA\FQA2008.WTH,normal_year;water_stress_year;nitrogen_stress_year;irrigation_responsive_year,irrigation_responsive,FQA2008_stress_grid_S0008,pareto_balanced,2008-07-05,187,31,26,"{""sim_day"": 31.0, ""doy"": 187.0, ""topwt"": 187.70177841186523, ""grnwt"": 0.0, ""xlai"": 0.3846487402915954, ""totir"": 0.0, ""tofer"": NaN, ""swfac"": 0.0, ""nstres"": 0.0}",0.0,0.0,187.70177841186523,0.0,0.3846487402915954,0.0,,0.0,0.0,40.0,0.0,7.689755249023438,23.68975524902344,Leave_One_experiments/all_year_offline_schedule_search/daily_outputs/FQA/FQA_2008_FQA2008_stress_grid_S0008_daily.csv
FQA,FQA,Fengqiu,2008,Leave_One_experiments\wth_generated_qc\FQA\FQA2008.WTH,normal_year;water_stress_year;nitrogen_stress_year;irrigation_responsive_year,irrigation_responsive,FQA2008_stress_grid_S0008,pareto_balanced,2008-07-06,188,32,27,"{""sim_day"": 32.0, ""doy"": 188.0, ""topwt"": 208.67677688598636, ""grnwt"": 0.0, ""xlai"": 0.4210401177406311, ""totir"": 0.0, ""tofer"": NaN, ""swfac"": 0.0, ""nstres"": 0.0}",0.0,0.0,208.67677688598636,0.0,0.4210401177406311,0.0,,0.0,0.0,40.0,0.0,7.689755249023438,23.68975524902344,Leave_One_experiments/all_year_offline_schedule_search/daily_outputs/FQA/FQA_2008_FQA2008_stress_grid_S0008_daily.csv
FQA,FQA,Fengqiu,2008,Leave_One_experiments\wth_generated_qc\FQA\FQA2008.WTH,normal_year;water_stress_year;nitrogen_stress_year;irrigation_responsive_year,irrigation_responsive,FQA2008_stress_grid_S0008,pareto_balanced,2008-07-07,189,33,28,"{""sim_day"": 33.0, ""doy"": 189.0, ""topwt"": 232.44647979736328, ""grnwt"": 0.0, ""xlai"": 0.4608390927314758, ""totir"": 0.0, ""tofer"": NaN, ""swfac"": 0.0, ""nstres"": 0.0}",0.0,0.0,232.44647979736328,0.0,0.4608390927314758,0.0,,0.0,0.0,40.0,0.0,7.689755249023438,23.68975524902344,Leave_One_experiments/all_year_offline_schedule_search/daily_outputs/FQA/FQA_2008_FQA2008_stress_grid_S0008_daily.csv
FQA,FQA,Fengqiu,2008,Leave_One_experiments\wth_generated_qc\FQA\FQA2008.WTH,normal_year;water_stress_year;nitrogen_stress_year;irrigation_responsive_year,irrigation_responsive,FQA2008_stress_grid_S0008,pareto_balanced,2008-07-08,190,34,29,"{""sim_day"": 34.0, ""doy"": 190.0, ""topwt"": 262.27569580078125, ""grnwt"": 0.0, ""xlai"": 0.5088114142417908, ""totir"": 0.0, ""tofer"": NaN, ""swfac"": 0.0, ""nstres"": 0.0}",0.0,0.0,262.27569580078125,0.0,0.5088114142417908,0.0,,0.0,0.0,40.0,0.0,7.689755249023438,23.68975524902344,Leave_One_experiments/all_year_offline_schedule_search/daily_outputs/FQA/FQA_2008_FQA2008_stress_grid_S0008_daily.csv
FQA,FQA,Fengqiu,2008,Leave_One_experiments\wth_generated_qc\FQA\FQA2008.WTH,normal_year;water_stress_year;nitrogen_stress_year;irrigation_responsive_year,irrigation_responsive,FQA2008_stress_grid_S0008,pareto_balanced,2008-07-09,191,35,30,"{""sim_day"": 35.0, ""doy"": 191.0, ""topwt"": 300.1603889465332, ""grnwt"": 0.0, ""xlai"": 0.5669415593147278, ""totir"": 0.0, ""tofer"": NaN, ""swfac"": 0.0, ""nstres"": 0.0}",0.0,0.0,300.1603889465332,0.0,0.5669415593147278,0.0,,0.0,0.0,40.0,0.0,7.689755249023438,23.68975524902344,Leave_One_experiments/all_year_offline_schedule_search/daily_outputs/FQA/FQA_2008_FQA2008_stress_grid_S0008_daily.csv
FQA,FQA,Fengqiu,2008,Leave_One_experiments\wth_generated_qc\FQA\FQA2008.WTH,normal_year;water_stress_year;nitrogen_stress_year;irrigation_responsive_year,irrigation_responsive,FQA2008_stress_grid_S0008,pareto_balanced,2008-07-10,192,36,31,"{""sim_day"": 36.0, ""doy"": 192.0, ""topwt"": 345.73131561279297, ""grnwt"": 0.0, ""xlai"": 0.6333047747612, ""totir"": 0.0, ""tofer"": NaN, ""swfac"": 0.0, ""nstres"": 0.0}",0.0,0.0,345.73131561279297,0.0,0.6333047747612,0.0,,0.0,0.0,40.0,0.0,7.689755249023438,23.68975524902344,Leave_One_experiments/all_year_offline_schedule_search/daily_outputs/FQA/FQA_2008_FQA2008_stress_grid_S0008_daily.csv
FQA,FQA,Fengqiu,2008,Leave_One_experiments\wth_generated_qc\FQA\FQA2008.WTH,normal_year;water_stress_year;nitrogen_stress_year;irrigation_responsive_year,irrigation_responsive,FQA2008_stress_grid_S0008,pareto_balanced,2008-07-11,193,37,32,"{""sim_day"": 37.0, ""doy"": 193.0, ""topwt"": 388.7106704711914, ""grnwt"": 0.0, ""xlai"": 0.6929619312286377, ""totir"": 0.0, ""tofer"": NaN, ""swfac"": 0.0, ""nstres"": 0.0}",0.0,0.0,388.7106704711914,0.0,0.6929619312286377,0.0,,0.0,0.0,40.0,0.0,7.689755249023438,23.68975524902344,Leave_One_experiments/all_year_offline_schedule_search/daily_outputs/FQA/FQA_2008_FQA2008_stress_grid_S0008_daily.csv
FQA,FQA,Fengqiu,2008,Leave_One_experiments\wth_generated_qc\FQA\FQA2008.WTH,normal_year;water_stress_year;nitrogen_stress_year;irrigation_responsive_year,irrigation_responsive,FQA2008_stress_grid_S0008,pareto_balanced,2008-07-12,194,38,33,"{""sim_day"": 38.0, ""doy"": 194.0, ""topwt"": 436.6242980957031, ""grnwt"": 0.0, ""xlai"": 0.7564246654510498, ""totir"": 0.0, ""tofer"": NaN, ""swfac"": 0.0, ""nstres"": 0.0}",0.0,0.0,436.6242980957031,0.0,0.7564246654510498,0.0,,0.0,0.0,40.0,0.0,7.689755249023438,23.68975524902344,Leave_One_experiments/all_year_offline_schedule_search/daily_outputs/FQA/FQA_2008_FQA2008_stress_grid_S0008_daily.csv
FQA,FQA,Fengqiu,2008,Leave_One_experiments\wth_generated_qc\FQA\FQA2008.WTH,normal_year;water_stress_year;nitrogen_stress_year;irrigation_responsive_year,irrigation_responsive,FQA2008_stress_grid_S0008,pareto_balanced,2008-07-13,195,39,34,"{""sim_day"": 39.0, ""doy"": 195.0, ""topwt"": 474.9546051025391, ""grnwt"": 0.0, ""xlai"": 0.8050081133842468, ""totir"": 0.0, ""tofer"": NaN, ""swfac"": 0.0, ""nstres"": 0.0}",0.0,0.0,474.9546051025391,0.0,0.8050081133842468,0.0,,0.0,0.0,40.0,0.0,7.689755249023438,23.68975524902344,Leave_One_experiments/all_year_offline_schedule_search/daily_outputs/FQA/FQA_2008_FQA2008_stress_grid_S0008_daily.csv
FQA,FQA,Fengqiu,2008,Leave_One_experiments\wth_generated_qc\FQA\FQA2008.WTH,normal_year;water_stress_year;nitrogen_stress_year;irrigation_responsive_year,irrigation_responsive,FQA2008_stress_grid_S0008,pareto_balanced,2008-07-14,196,40,35,"{""sim_day"": 40.0, ""doy"": 196.0, ""topwt"": 524.6682357788086, ""grnwt"": 0.0, ""xlai"": 0.8638737797737122, ""totir"": 40.0, ""tofer"": NaN, ""swfac"": 0.0, ""nstres"": 0.0148265361785888}",0.0,0.0148265361785888,524.6682357788086,0.0,0.8638737797737122,40.0,,40.0,0.0,40.0,0.0,7.689755249023438,23.68975524902344,Leave_One_experiments/all_year_offline_schedule_search/daily_outputs/FQA/FQA_2008_FQA2008_stress_grid_S0008_daily.csv
FQA,FQA,Fengqiu,2008,Leave_One_experiments\wth_generated_qc\FQA\FQA2008.WTH,normal_year;water_stress_year;nitrogen_stress_year;irrigation_responsive_year,irrigation_responsive,FQA2008_stress_grid_S0008,pareto_balanced,2008-07-15,197,41,36,"{""sim_day"": 41.0, ""doy"": 197.0, ""topwt"": 585.8042526245117, ""grnwt"": 0.0, ""xlai"": 0.931395947933197, ""totir"": 40.0, ""tofer"": NaN, ""swfac"": 0.0, ""nstres"": 0.0286121368408203}",0.0,0.0286121368408203,585.8042526245117,0.0,0.931395947933197,40.0,,0.0,0.0,40.0,0.0,7.689755249023438,23.68975524902344,Leave_One_experiments/all_year_offline_schedule_search/daily_outputs/FQA/FQA_2008_FQA2008_stress_grid_S0008_daily.csv
FQA,FQA,Fengqiu,2008,Leave_One_experiments\wth_generated_qc\FQA\FQA2008.WTH,normal_year;water_stress_year;nitrogen_stress_year;irrigation_responsive_year,irrigation_responsive,FQA2008_stress_grid_S0008,pareto_balanced,2008-07-16,198,42,37,"{""sim_day"": 42.0, ""doy"": 198.0, ""topwt"": 637.0344161987305, ""grnwt"": 0.0, ""xlai"": 0.9806157946586608, ""totir"": 40.0, ""tofer"": NaN, ""swfac"": 0.0, ""nstres"": 0.0615771412849426}",0.0,0.0615771412849426,637.0344161987305,0.0,0.9806157946586608,40.0,,0.0,0.0,40.0,0.0,7.689755249023438,23.68975524902344,Leave_One_experiments/all_year_offline_schedule_search/daily_outputs/FQA/FQA_2008_FQA2008_stress_grid_S0008_daily.csv
FQA,FQA,Fengqiu,2008,Leave_One_experiments\wth_generated_qc\FQA\FQA2008.WTH,normal_year;water_stress_year;nitrogen_stress_year;irrigation_responsive_year,irrigation_responsive,FQA2008_stress_grid_S0008,pareto_balanced,2008-07-17,199,43,38,"{""sim_day"": 43.0, ""doy"": 199.0, ""topwt"": 678.4963226318359, ""grnwt"": 0.0, ""xlai"": 1.012818694114685, ""totir"": 40.0, ""tofer"": NaN, ""swfac"": 0.0, ""nstres"": 0.0952287316322326}",0.0,0.0952287316322326,678.4963226318359,0.0,1.012818694114685,40.0,,0.0,0.0,40.0,0.0,7.689755249023438,23.68975524902344,Leave_One_experiments/all_year_offline_schedule_search/daily_outputs/FQA/FQA_2008_FQA2008_stress_grid_S0008_daily.csv
FQA,FQA,Fengqiu,2008,Leave_One_experiments\wth_generated_qc\FQA\FQA2008.WTH,normal_year;water_stress_year;nitrogen_stress_year;irrigation_responsive_year,irrigation_responsive,FQA2008_stress_grid_S0008,pareto_balanced,2008-07-18,200,44,39,"{""sim_day"": 44.0, ""doy"": 200.0, ""topwt"": 728.0864715576172, ""grnwt"": 0.0, ""xlai"": 1.0487689971923828, ""totir"": 40.0, ""tofer"": NaN, ""swfac"": 0.0, ""nstres"": 0.1141923666000366}",0.0,0.1141923666000366,728.0864715576172,0.0,1.0487689971923828,40.0,,0.0,0.0,40.0,0.0,7.689755249023438,23.68975524902344,Leave_One_experiments/all_year_offline_schedule_search/daily_outputs/FQA/FQA_2008_FQA2008_stress_grid_S0008_daily.csv
FQA,FQA,Fengqiu,2008,Leave_One_experiments\wth_generated_qc\FQA\FQA2008.WTH,normal_year;water_stress_year;nitrogen_stress_year;irrigation_responsive_year,irrigation_responsive,FQA2008_stress_grid_S0008,pareto_balanced,2008-07-19,201,45,40,"{""sim_day"": 45.0, ""doy"": 201.0, ""topwt"": 780.5271148681641, ""grnwt"": 0.0, ""xlai"": 1.08318293094635, ""totir"": 40.0, ""tofer"": NaN, ""swfac"": 0.0, ""nstres"": 0.1276519298553466}",0.0,0.1276519298553466,780.5271148681641,0.0,1.08318293094635,40.0,,0.0,0.0,40.0,0.0,7.689755249023438,23.68975524902344,Leave_One_experiments/all_year_offline_schedule_search/daily_outputs/FQA/FQA_2008_FQA2008_stress_grid_S0008_daily.csv
FQA,FQA,Fengqiu,2008,Leave_One_experiments\wth_generated_qc\FQA\FQA2008.WTH,normal_year;water_stress_year;nitrogen_stress_year;irrigation_responsive_year,irrigation_responsive,FQA2008_stress_grid_S0008,pareto_balanced,2008-07-20,202,46,41,"{""sim_day"": 46.0, ""doy"": 202.0, ""topwt"": 833.6309051513672, ""grnwt"": 0.0, ""xlai"": 1.1135220527648926, ""totir"": 40.0, ""tofer"": NaN, ""swfac"": 0.0, ""nstres"": 0.1429948806762695}",0.0,0.1429948806762695,833.6309051513672,0.0,1.1135220527648926,40.0,,0.0,0.0,40.0,0.0,7.689755249023438,23.68975524902344,Leave_One_experiments/all_year_offline_schedule_search/daily_outputs/FQA/FQA_2008_FQA2008_stress_grid_S0008_daily.csv
FQA,FQA,Fengqiu,2008,Leave_One_experiments\wth_generated_qc\FQA\FQA2008.WTH,normal_year;water_stress_year;nitrogen_stress_year;irrigation_responsive_year,irrigation_responsive,FQA2008_stress_grid_S0008,pareto_balanced,2008-07-21,203,47,42,"{""sim_day"": 47.0, ""doy"": 203.0, ""topwt"": 875.3912353515625, ""grnwt"": 0.0, ""xlai"": 1.1292860507965088, ""totir"": 40.0, ""tofer"": NaN, ""swfac"": 0.0, ""nstres"": 0.157366931438446}",0.0,0.157366931438446,875.3912353515625,0.0,1.1292860507965088,40.0,,0.0,0.0,40.0,0.0,7.689755249023438,23.68975524902344,Leave_One_experiments/all_year_offline_schedule_search/daily_outputs/FQA/FQA_2008_FQA2008_stress_grid_S0008_daily.csv
FQA,FQA,Fengqiu,2008,Leave_One_experiments\wth_generated_qc\FQA\FQA2008.WTH,normal_year;water_stress_year;nitrogen_stress_year;irrigation_responsive_year,irrigation_responsive,FQA2008_stress_grid_S0008,pareto_balanced,2008-07-22,204,48,43,"{""sim_day"": 48.0, ""doy"": 204.0, ""topwt"": 927.2697448730468, ""grnwt"": 0.0, ""xlai"": 1.15072500705719, ""totir"": 40.0, ""tofer"": NaN, ""swfac"": 0.0, ""nstres"": 0.1676628589630127}",0.0,0.1676628589630127,927.2697448730468,0.0,1.15072500705719,40.0,,0.0,0.0,40.0,0.0,7.689755249023438,23.68975524902344,Leave_One_experiments/all_year_offline_schedule_search/daily_outputs/FQA/FQA_2008_FQA2008_stress_grid_S0008_daily.csv
FQA,FQA,Fengqiu,2008,Leave_One_experiments\wth_generated_qc\FQA\FQA2008.WTH,normal_year;water_stress_year;nitrogen_stress_year;irrigation_responsive_year,irrigation_responsive,FQA2008_stress_grid_S0008,pareto_balanced,2008-07-23,205,49,44,"{""sim_day"": 49.0, ""doy"": 205.0, ""topwt"": 987.8971862792968, ""grnwt"": 0.0, ""xlai"": 1.1764802932739258, ""totir"": 40.0, ""tofer"": NaN, ""swfac"": 0.0, ""nstres"": 0.1729477643966674}",0.0,0.1729477643966674,987.8971862792968,0.0,1.1764802932739258,40.0,,0.0,0.0,40.0,0.0,7.689755249023438,23.68975524902344,Leave_One_experiments/all_year_offline_schedule_search/daily_outputs/FQA/FQA_2008_FQA2008_stress_grid_S0008_daily.csv
FQA,FQA,Fengqiu,2008,Leave_One_experiments\wth_generated_qc\FQA\FQA2008.WTH,normal_year;water_stress_year;nitrogen_stress_year;irrigation_responsive_year,irrigation_responsive,FQA2008_stress_grid_S0008,pareto_balanced,2008-07-24,206,50,45,"{""sim_day"": 50.0, ""doy"": 206.0, ""topwt"": 1119.1253662109375, ""grnwt"": 0.0, ""xlai"": 1.194263935089111, ""totir"": 40.0, ""tofer"": NaN, ""swfac"": 0.0, ""nstres"": 0.181868314743042}",0.0,0.181868314743042,1119.1253662109375,0.0,1.194263935089111,40.0,,0.0,0.0,40.0,0.0,7.689755249023438,23.68975524902344,Leave_One_experiments/all_year_offline_schedule_search/daily_outputs/FQA/FQA_2008_FQA2008_stress_grid_S0008_daily.csv
FQA,FQA,Fengqiu,2008,Leave_One_experiments\wth_generated_qc\FQA\FQA2008.WTH,normal_year;water_stress_year;nitrogen_stress_year;irrigation_responsive_year,irrigation_responsive,FQA2008_stress_grid_S0008,pareto_balanced,2008-07-25,207,51,46,"{""sim_day"": 51.0, ""doy"": 207.0, ""topwt"": 1216.2814331054688, ""grnwt"": 0.0, ""xlai"": 1.1972002983093262, ""totir"": 40.0, ""tofer"": NaN, ""swfac"": 0.0, ""nstres"": 0.1903204917907714}",0.0,0.1903204917907714,1216.2814331054688,0.0,1.1972002983093262,40.0,,0.0,0.0,40.0,0.0,7.689755249023438,23.68975524902344,Leave_One_experiments/all_year_offline_schedule_search/daily_outputs/FQA/FQA_2008_FQA2008_stress_grid_S0008_daily.csv
FQA,FQA,Fengqiu,2008,Leave_One_experiments\wth_generated_qc\FQA\FQA2008.WTH,normal_year;water_stress_year;nitrogen_stress_year;irrigation_responsive_year,irrigation_responsive,FQA2008_stress_grid_S0008,pareto_balanced,2008-07-26,208,52,47,"{""sim_day"": 52.0, ""doy"": 208.0, ""topwt"": 1334.8793029785156, ""grnwt"": 0.0, ""xlai"": 1.2013533115386963, ""totir"": 40.0, ""tofer"": NaN, ""swfac"": 0.0, ""nstres"": 0.2468570470809936}",0.0,0.2468570470809936,1334.8793029785156,0.0,1.2013533115386963,40.0,,0.0,0.0,40.0,0.0,7.689755249023438,23.68975524902344,Leave_One_experiments/all_year_offline_schedule_search/daily_outputs/FQA/FQA_2008_FQA2008_stress_grid_S0008_daily.csv
FQA,FQA,Fengqiu,2008,Leave_One_experiments\wth_generated_qc\FQA\FQA2008.WTH,normal_year;water_stress_year;nitrogen_stress_year;irrigation_responsive_year,irrigation_responsive,FQA2008_stress_grid_S0008,pareto_balanced,2008-07-27,209,53,48,"{""sim_day"": 53.0, ""doy"": 209.0, ""topwt"": 1452.0614624023438, ""grnwt"": 0.0, ""xlai"": 1.2016425132751465, ""totir"": 40.0, ""tofer"": NaN, ""swfac"": 0.0, ""nstres"": 0.2803813815116882}",0.0,0.2803813815116882,1452.0614624023438,0.0,1.2016425132751465,40.0,,0.0,0.0,40.0,0.0,7.689755249023438,23.68975524902344,Leave_One_experiments/all_year_offline_schedule_search/daily_outputs/FQA/FQA_2008_FQA2008_stress_grid_S0008_daily.csv
FQA,FQA,Fengqiu,2008,Leave_One_experiments\wth_generated_qc\FQA\FQA2008.WTH,normal_year;water_stress_year;nitrogen_stress_year;irrigation_responsive_year,irrigation_responsive,FQA2008_stress_grid_S0008,pareto_balanced,2008-07-28,210,54,49,"{""sim_day"": 54.0, ""doy"": 210.0, ""topwt"": 1558.2858276367188, ""grnwt"": 0.0, ""xlai"": 1.1954407691955566, ""totir"": 40.0, ""tofer"": NaN, ""swfac"": 0.0, ""nstres"": 0.3196308016777038}",0.0,0.3196308016777038,1558.2858276367188,0.0,1.1954407691955566,40.0,,0.0,0.0,40.0,0.0,7.689755249023438,23.68975524902344,Leave_One_experiments/all_year_offline_schedule_search/daily_outputs/FQA/FQA_2008_FQA2008_stress_grid_S0008_daily.csv
FQA,FQA,Fengqiu,2008,Leave_One_experiments\wth_generated_qc\FQA\FQA2008.WTH,normal_year;water_stress_year;nitrogen_stress_year;irrigation_responsive_year,irrigation_responsive,FQA2008_stress_grid_S0008,pareto_balanced,2008-07-29,211,55,50,"{""sim_day"": 55.0, ""doy"": 211.0, ""topwt"": 1625.9622192382812, ""grnwt"": 0.0, ""xlai"": 1.1764060258865356, ""totir"": 40.0, ""tofer"": NaN, ""swfac"": 0.0, ""nstres"": 0.3492081761360168}",0.0,0.3492081761360168,1625.9622192382812,0.0,1.1764060258865356,40.0,,0.0,0.0,40.0,0.0,7.689755249023438,23.68975524902344,Leave_One_experiments/all_year_offline_schedule_search/daily_outputs/FQA/FQA_2008_FQA2008_stress_grid_S0008_daily.csv
FQA,FQA,Fengqiu,2008,Leave_One_experiments\wth_generated_qc\FQA\FQA2008.WTH,normal_year;water_stress_year;nitrogen_stress_year;irrigation_responsive_year,irrigation_responsive,FQA2008_stress_grid_S0008,pareto_balanced,2008-07-30,212,56,51,"{""sim_day"": 56.0, ""doy"": 212.0, ""topwt"": 1696.5679931640625, ""grnwt"": 0.0, ""xlai"": 1.157335638999939, ""totir"": 40.0, ""tofer"": NaN, ""swfac"": 0.0, ""nstres"": 0.3657512068748474}",0.0,0.3657512068748474,1696.5679931640625,0.0,1.157335638999939,40.0,,0.0,0.0,40.0,0.0,7.689755249023438,23.68975524902344,Leave_One_experiments/all_year_offline_schedule_search/daily_outputs/FQA/FQA_2008_FQA2008_stress_grid_S0008_daily.csv
FQA,FQA,Fengqiu,2008,Leave_One_experiments\wth_generated_qc\FQA\FQA2008.WTH,normal_year;water_stress_year;nitrogen_stress_year;irrigation_responsive_year,irrigation_responsive,FQA2008_stress_grid_S0008,pareto_balanced,2008-07-31,213,57,52,"{""sim_day"": 57.0, ""doy"": 213.0, ""topwt"": 1786.759796142578, ""grnwt"": 0.0, ""xlai"": 1.143273949623108, ""totir"": 40.0, ""tofer"": NaN, ""swfac"": 0.0, ""nstres"": 0.3669242262840271}",0.0,0.3669242262840271,1786.759796142578,0.0,1.143273949623108,40.0,,0.0,0.0,40.0,0.0,7.689755249023438,23.68975524902344,Leave_One_experiments/all_year_offline_schedule_search/daily_outputs/FQA/FQA_2008_FQA2008_stress_grid_S0008_daily.csv
FQA,FQA,Fengqiu,2008,Leave_One_experiments\wth_generated_qc\FQA\FQA2008.WTH,normal_year;water_stress_year;nitrogen_stress_year;irrigation_responsive_year,irrigation_responsive,FQA2008_stress_grid_S0008,pareto_balanced,2008-08-01,214,58,53,"{""sim_day"": 58.0, ""doy"": 214.0, ""topwt"": 1876.1766052246091, ""grnwt"": 0.0, ""xlai"": 1.129403829574585, ""totir"": 40.0, ""tofer"": NaN, ""swfac"": 0.0, ""nstres"": 0.3677236437797546}",0.0,0.3677236437797546,1876.1766052246091,0.0,1.129403829574585,40.0,,0.0,0.0,40.0,0.0,7.689755249023438,23.68975524902344,Leave_One_experiments/all_year_offline_schedule_search/daily_outputs/FQA/FQA_2008_FQA2008_stress_grid_S0008_daily.csv
FQA,FQA,Fengqiu,2008,Leave_One_experiments\wth_generated_qc\FQA\FQA2008.WTH,normal_year;water_stress_year;nitrogen_stress_year;irrigation_responsive_year,irrigation_responsive,FQA2008_stress_grid_S0008,pareto_balanced,2008-08-02,215,59,54,"{""sim_day"": 59.0, ""doy"": 215.0, ""topwt"": 1958.4214782714844, ""grnwt"": 0.0, ""xlai"": 1.113887906074524, ""totir"": 40.0, ""tofer"": NaN, ""swfac"": 0.0, ""nstres"": 0.3725818395614624}",0.0,0.3725818395614624,1958.4214782714844,0.0,1.113887906074524,40.0,,0.0,0.0,40.0,0.0,7.689755249023438,23.68975524902344,Leave_One_experiments/all_year_offline_schedule_search/daily_outputs/FQA/FQA_2008_FQA2008_stress_grid_S0008_daily.csv
FQA,FQA,Fengqiu,2008,Leave_One_experiments\wth_generated_qc\FQA\FQA2008.WTH,normal_year;water_stress_year;nitrogen_stress_year;irrigation_responsive_year,irrigation_responsive,FQA2008_stress_grid_S0008,pareto_balanced,2008-08-03,216,60,55,"{""sim_day"": 60.0, ""doy"": 216.0, ""topwt"": 2035.3347778320312, ""grnwt"": 0.0, ""xlai"": 1.0972496271133425, ""totir"": 40.0, ""tofer"": NaN, ""swfac"": 0.0, ""nstres"": 0.3776659965515136}",0.0,0.3776659965515136,2035.3347778320312,0.0,1.0972496271133425,40.0,,0.0,0.0,40.0,0.0,7.689755249023438,23.68975524902344,Leave_One_experiments/all_year_offline_schedule_search/daily_outputs/FQA/FQA_2008_FQA2008_stress_grid_S0008_daily.csv
FQA,FQA,Fengqiu,2008,Leave_One_experiments\wth_generated_qc\FQA\FQA2008.WTH,normal_year;water_stress_year;nitrogen_stress_year;irrigation_responsive_year,irrigation_responsive,FQA2008_stress_grid_S0008,pareto_balanced,2008-08-04,217,61,56,"{""sim_day"": 61.0, ""doy"": 217.0, ""topwt"": 2114.5411682128906, ""grnwt"": 0.0, ""xlai"": 1.0817009210586548, ""totir"": 40.0, ""tofer"": NaN, ""swfac"": 0.0, ""nstres"": 0.3781230449676513}",0.0,0.3781230449676513,2114.5411682128906,0.0,1.0817009210586548,40.0,,0.0,0.0,40.0,0.0,7.689755249023438,23.68975524902344,Leave_One_experiments/all_year_offline_schedule_search/daily_outputs/FQA/FQA_2008_FQA2008_stress_grid_S0008_daily.csv
FQA,FQA,Fengqiu,2008,Leave_One_experiments\wth_generated_qc\FQA\FQA2008.WTH,normal_year;water_stress_year;nitrogen_stress_year;irrigation_responsive_year,irrigation_responsive,FQA2008_stress_grid_S0008,pareto_balanced,2008-08-05,218,62,57,"{""sim_day"": 62.0, ""doy"": 218.0, ""topwt"": 2205.9727478027344, ""grnwt"": 0.0, ""xlai"": 1.069764256477356, ""totir"": 40.0, ""tofer"": NaN, ""swfac"": 0.0, ""nstres"": 0.3781777024269104}",0.0,0.3781777024269104,2205.9727478027344,0.0,1.069764256477356,40.0,,0.0,0.0,40.0,0.0,7.689755249023438,23.68975524902344,Leave_One_experiments/all_year_offline_schedule_search/daily_outputs/FQA/FQA_2008_FQA2008_stress_grid_S0008_daily.csv
FQA,FQA,Fengqiu,2008,Leave_One_experiments\wth_generated_qc\FQA\FQA2008.WTH,normal_year;water_stress_year;nitrogen_stress_year;irrigation_responsive_year,irrigation_responsive,FQA2008_stress_grid_S0008,pareto_balanced,2008-08-06,219,63,58,"{""sim_day"": 63.0, ""doy"": 219.0, ""topwt"": 2295.455017089844, ""grnwt"": 0.0, ""xlai"": 1.0577372312545776, ""totir"": 40.0, ""tofer"": NaN, ""swfac"": 0.0, ""nstres"": 0.3772948384284973}",0.0,0.3772948384284973,2295.455017089844,0.0,1.0577372312545776,40.0,,0.0,0.0,40.0,0.0,7.689755249023438,23.68975524902344,Leave_One_experiments/all_year_offline_schedule_search/daily_outputs/FQA/FQA_2008_FQA2008_stress_grid_S0008_daily.csv
FQA,FQA,Fengqiu,2008,Leave_One_experiments\wth_generated_qc\FQA\FQA2008.WTH,normal_year;water_stress_year;nitrogen_stress_year;irrigation_responsive_year,irrigation_responsive,FQA2008_stress_grid_S0008,pareto_balanced,2008-08-07,220,64,59,"{""sim_day"": 64.0, ""doy"": 220.0, ""topwt"": 2386.1355590820312, ""grnwt"": 0.0, ""xlai"": 1.0464143753051758, ""totir"": 40.0, ""tofer"": NaN, ""swfac"": 0.0, ""nstres"": 0.3766896724700928}",0.0,0.3766896724700928,2386.1355590820312,0.0,1.0464143753051758,40.0,,0.0,0.0,40.0,0.0,7.689755249023438,23.68975524902344,Leave_One_experiments/all_year_offline_schedule_search/daily_outputs/FQA/FQA_2008_FQA2008_stress_grid_S0008_daily.csv
FQA,FQA,Fengqiu,2008,Leave_One_experiments\wth_generated_qc\FQA\FQA2008.WTH,normal_year;water_stress_year;nitrogen_stress_year;irrigation_responsive_year,irrigation_responsive,FQA2008_stress_grid_S0008,pareto_balanced,2008-08-08,221,65,60,"{""sim_day"": 65.0, ""doy"": 221.0, ""topwt"": 2478.287353515625, ""grnwt"": 0.0, ""xlai"": 1.036040425300598, ""totir"": 40.0, ""tofer"": NaN, ""swfac"": 0.0, ""nstres"": 0.3716262578964233}",0.0,0.3716262578964233,2478.287353515625,0.0,1.036040425300598,40.0,,0.0,0.0,40.0,0.0,7.689755249023438,23.68975524902344,Leave_One_experiments/all_year_offline_schedule_search/daily_outputs/FQA/FQA_2008_FQA2008_stress_grid_S0008_daily.csv
FQA,FQA,Fengqiu,2008,Leave_One_experiments\wth_generated_qc\FQA\FQA2008.WTH,normal_year;water_stress_year;nitrogen_stress_year;irrigation_responsive_year,irrigation_responsive,FQA2008_stress_grid_S0008,pareto_balanced,2008-08-09,222,66,61,"{""sim_day"": 66.0, ""doy"": 222.0, ""topwt"": 2558.9744567871094, ""grnwt"": 0.0, ""xlai"": 1.0028177499771118, ""totir"": 40.0, ""tofer"": NaN, ""swfac"": 0.0, ""nstres"": 0.3696043491363525}",0.0,0.3696043491363525,2558.9744567871094,0.0,1.0028177499771118,40.0,,0.0,0.0,40.0,0.0,7.689755249023438,23.68975524902344,Leave_One_experiments/all_year_offline_schedule_search/daily_outputs/FQA/FQA_2008_FQA2008_stress_grid_S0008_daily.csv
FQA,FQA,Fengqiu,2008,Leave_One_experiments\wth_generated_qc\FQA\FQA2008.WTH,normal_year;water_stress_year;nitrogen_stress_year;irrigation_responsive_year,irrigation_responsive,FQA2008_stress_grid_S0008,pareto_balanced,2008-08-10,223,67,62,"{""sim_day"": 67.0, ""doy"": 223.0, ""topwt"": 2639.560852050781, ""grnwt"": 0.0, ""xlai"": 0.9714922308921814, ""totir"": 40.0, ""tofer"": NaN, ""swfac"": 0.0, ""nstres"": 0.3496999740600586}",0.0,0.3496999740600586,2639.560852050781,0.0,0.9714922308921814,40.0,,0.0,0.0,40.0,0.0,7.689755249023438,23.68975524902344,Leave_One_experiments/all_year_offline_schedule_search/daily_outputs/FQA/FQA_2008_FQA2008_stress_grid_S0008_daily.csv
FQA,FQA,Fengqiu,2008,Leave_One_experiments\wth_generated_qc\FQA\FQA2008.WTH,normal_year;water_stress_year;nitrogen_stress_year;irrigation_responsive_year,irrigation_responsive,FQA2008_stress_grid_S0008,pareto_balanced,2008-08-11,224,68,63,"{""sim_day"": 68.0, ""doy"": 224.0, ""topwt"": 2736.988525390625, ""grnwt"": 0.0, ""xlai"": 0.9416147470474244, ""totir"": 40.0, ""tofer"": NaN, ""swfac"": 0.0, ""nstres"": 0.3381015062332153}",0.0,0.3381015062332153,2736.988525390625,0.0,0.9416147470474244,40.0,,0.0,0.0,40.0,0.0,7.689755249023438,23.68975524902344,Leave_One_experiments/all_year_offline_schedule_search/daily_outputs/FQA/FQA_2008_FQA2008_stress_grid_S0008_daily.csv
FQA,FQA,Fengqiu,2008,Leave_One_experiments\wth_generated_qc\FQA\FQA2008.WTH,normal_year;water_stress_year;nitrogen_stress_year;irrigation_responsive_year,irrigation_responsive,FQA2008_stress_grid_S0008,pareto_balanced,2008-08-12,225,69,64,"{""sim_day"": 69.0, ""doy"": 225.0, ""topwt"": 2746.605529785156, ""grnwt"": 0.0, ""xlai"": 0.9130670428276062, ""totir"": 40.0, ""tofer"": NaN, ""swfac"": 0.0, ""nstres"": 0.3276258707046509}",0.0,0.3276258707046509,2746.605529785156,0.0,0.9130670428276062,40.0,,0.0,0.0,40.0,0.0,7.689755249023438,23.68975524902344,Leave_One_experiments/all_year_offline_schedule_search/daily_outputs/FQA/FQA_2008_FQA2008_stress_grid_S0008_daily.csv
FQA,FQA,Fengqiu,2008,Leave_One_experiments\wth_generated_qc\FQA\FQA2008.WTH,normal_year;water_stress_year;nitrogen_stress_year;irrigation_responsive_year,irrigation_responsive,FQA2008_stress_grid_S0008,pareto_balanced,2008-08-13,226,70,65,"{""sim_day"": 70.0, ""doy"": 226.0, ""topwt"": 2790.78125, ""grnwt"": 0.0, ""xlai"": 0.885895311832428, ""totir"": 40.0, ""tofer"": NaN, ""swfac"": 0.0, ""nstres"": 0.3142108917236328}",0.0,0.3142108917236328,2790.78125,0.0,0.885895311832428,40.0,,0.0,0.0,40.0,0.0,7.689755249023438,23.68975524902344,Leave_One_experiments/all_year_offline_schedule_search/daily_outputs/FQA/FQA_2008_FQA2008_stress_grid_S0008_daily.csv
FQA,FQA,Fengqiu,2008,Leave_One_experiments\wth_generated_qc\FQA\FQA2008.WTH,normal_year;water_stress_year;nitrogen_stress_year;irrigation_responsive_year,irrigation_responsive,FQA2008_stress_grid_S0008,pareto_balanced,2008-08-14,227,71,66,"{""sim_day"": 71.0, ""doy"": 227.0, ""topwt"": 2851.7205810546875, ""grnwt"": 0.0, ""xlai"": 0.8606931567192078, ""totir"": 40.0, ""tofer"": NaN, ""swfac"": 0.0, ""nstres"": 0.2827563881874084}",0.0,0.2827563881874084,2851.7205810546875,0.0,0.8606931567192078,40.0,,0.0,0.0,40.0,0.0,7.689755249023438,23.68975524902344,Leave_One_experiments/all_year_offline_schedule_search/daily_outputs/FQA/FQA_2008_FQA2008_stress_grid_S0008_daily.csv
FQA,FQA,Fengqiu,2008,Leave_One_experiments\wth_generated_qc\FQA\FQA2008.WTH,normal_year;water_stress_year;nitrogen_stress_year;irrigation_responsive_year,irrigation_responsive,FQA2008_stress_grid_S0008,pareto_balanced,2008-08-15,228,72,67,"{""sim_day"": 72.0, ""doy"": 228.0, ""topwt"": 2910.0259399414062, ""grnwt"": 0.0, ""xlai"": 0.8368717432022095, ""totir"": 40.0, ""tofer"": NaN, ""swfac"": 0.0, ""nstres"": 0.264247715473175}",0.0,0.264247715473175,2910.0259399414062,0.0,0.8368717432022095,40.0,,0.0,0.0,40.0,0.0,7.689755249023438,23.68975524902344,Leave_One_experiments/all_year_offline_schedule_search/daily_outputs/FQA/FQA_2008_FQA2008_stress_grid_S0008_daily.csv
FQA,FQA,Fengqiu,2008,Leave_One_experiments\wth_generated_qc\FQA\FQA2008.WTH,normal_year;water_stress_year;nitrogen_stress_year;irrigation_responsive_year,irrigation_responsive,FQA2008_stress_grid_S0008,pareto_balanced,2008-08-16,229,73,68,"{""sim_day"": 73.0, ""doy"": 229.0, ""topwt"": 2986.4501953125, ""grnwt"": 0.0, ""xlai"": 0.8142654299736023, ""totir"": 40.0, ""tofer"": NaN, ""swfac"": 0.0, ""nstres"": 0.2483107447624206}",0.0,0.2483107447624206,2986.4501953125,0.0,0.8142654299736023,40.0,,0.0,0.0,40.0,0.0,7.689755249023438,23.68975524902344,Leave_One_experiments/all_year_offline_schedule_search/daily_outputs/FQA/FQA_2008_FQA2008_stress_grid_S0008_daily.csv
FQA,FQA,Fengqiu,2008,Leave_One_experiments\wth_generated_qc\FQA\FQA2008.WTH,normal_year;water_stress_year;nitrogen_stress_year;irrigation_responsive_year,irrigation_responsive,FQA2008_stress_grid_S0008,pareto_balanced,2008-08-17,230,74,69,"{""sim_day"": 74.0, ""doy"": 230.0, ""topwt"": 3112.3403930664062, ""grnwt"": 0.0, ""xlai"": 0.7929486036300659, ""totir"": 40.0, ""tofer"": NaN, ""swfac"": 0.0, ""nstres"": 0.228300929069519}",0.0,0.228300929069519,3112.3403930664062,0.0,0.7929486036300659,40.0,,0.0,0.0,40.0,0.0,7.689755249023438,23.68975524902344,Leave_One_experiments/all_year_offline_schedule_search/daily_outputs/FQA/FQA_2008_FQA2008_stress_grid_S0008_daily.csv
FQA,FQA,Fengqiu,2008,Leave_One_experiments\wth_generated_qc\FQA\FQA2008.WTH,normal_year;water_stress_year;nitrogen_stress_year;irrigation_responsive_year,irrigation_responsive,FQA2008_stress_grid_S0008,pareto_balanced,2008-08-18,231,75,70,"{""sim_day"": 75.0, ""doy"": 231.0, ""topwt"": 3161.810302734375, ""grnwt"": 197.5454139709473, ""xlai"": 0.7726734280586243, ""totir"": 40.0, ""tofer"": NaN, ""swfac"": 0.0, ""nstres"": 0.2136633992195129}",0.0,0.2136633992195129,3161.810302734375,197.5454139709473,0.7726734280586243,40.0,,0.0,0.0,40.0,0.0,7.689755249023438,23.68975524902344,Leave_One_experiments/all_year_offline_schedule_search/daily_outputs/FQA/FQA_2008_FQA2008_stress_grid_S0008_daily.csv
FQA,FQA,Fengqiu,2008,Leave_One_experiments\wth_generated_qc\FQA\FQA2008.WTH,normal_year;water_stress_year;nitrogen_stress_year;irrigation_responsive_year,irrigation_responsive,FQA2008_stress_grid_S0008,pareto_balanced,2008-08-19,232,76,71,"{""sim_day"": 76.0, ""doy"": 232.0, ""topwt"": 3227.728881835937, ""grnwt"": 315.03780364990234, ""xlai"": 0.7504284977912903, ""totir"": 40.0, ""tofer"": NaN, ""swfac"": 0.0, ""nstres"": 0.2909497618675232}",0.0,0.2909497618675232,3227.728881835937,315.03780364990234,0.7504284977912903,40.0,,0.0,0.0,40.0,0.0,7.689755249023438,23.68975524902344,Leave_One_experiments/all_year_offline_schedule_search/daily_outputs/FQA/FQA_2008_FQA2008_stress_grid_S0008_daily.csv
FQA,FQA,Fengqiu,2008,Leave_One_experiments\wth_generated_qc\FQA\FQA2008.WTH,normal_year;water_stress_year;nitrogen_stress_year;irrigation_responsive_year,irrigation_responsive,FQA2008_stress_grid_S0008,pareto_balanced,2008-08-20,233,77,72,"{""sim_day"": 77.0, ""doy"": 233.0, ""topwt"": 3263.5406494140625, ""grnwt"": 432.5301742553711, ""xlai"": 0.730187177658081, ""totir"": 40.0, ""tofer"": NaN, ""swfac"": 0.0, ""nstres"": 0.2473506331443786}",0.0,0.2473506331443786,3263.5406494140625,432.5301742553711,0.730187177658081,40.0,,0.0,0.0,40.0,0.0,7.689755249023438,23.68975524902344,Leave_One_experiments/all_year_offline_schedule_search/daily_outputs/FQA/FQA_2008_FQA2008_stress_grid_S0008_daily.csv
FQA,FQA,Fengqiu,2008,Leave_One_experiments\wth_generated_qc\FQA\FQA2008.WTH,normal_year;water_stress_year;nitrogen_stress_year;irrigation_responsive_year,irrigation_responsive,FQA2008_stress_grid_S0008,pareto_balanced,2008-08-21,234,78,73,"{""sim_day"": 78.0, ""doy"": 234.0, ""topwt"": 3395.1141357421875, ""grnwt"": 550.0225448608398, ""xlai"": 0.7106515169143677, ""totir"": 40.0, ""tofer"": NaN, ""swfac"": 0.0, ""nstres"": 0.2421035766601562}",0.0,0.2421035766601562,3395.1141357421875,550.0225448608398,0.7106515169143677,40.0,,0.0,0.0,40.0,0.0,7.689755249023438,23.68975524902344,Leave_One_experiments/all_year_offline_schedule_search/daily_outputs/FQA/FQA_2008_FQA2008_stress_grid_S0008_daily.csv
FQA,FQA,Fengqiu,2008,Leave_One_experiments\wth_generated_qc\FQA\FQA2008.WTH,normal_year;water_stress_year;nitrogen_stress_year;irrigation_responsive_year,irrigation_responsive,FQA2008_stress_grid_S0008,pareto_balanced,2008-08-22,235,79,74,"{""sim_day"": 79.0, ""doy"": 235.0, ""topwt"": 3531.146240234375, ""grnwt"": 667.5149536132812, ""xlai"": 0.6922230124473572, ""totir"": 40.0, ""tofer"": NaN, ""swfac"": 0.0, ""nstres"": 0.2223641872406005}",0.0,0.2223641872406005,3531.146240234375,667.5149536132812,0.6922230124473572,40.0,,0.0,0.0,40.0,0.0,7.689755249023438,23.68975524902344,Leave_One_experiments/all_year_offline_schedule_search/daily_outputs/FQA/FQA_2008_FQA2008_stress_grid_S0008_daily.csv
FQA,FQA,Fengqiu,2008,Leave_One_experiments\wth_generated_qc\FQA\FQA2008.WTH,normal_year;water_stress_year;nitrogen_stress_year;irrigation_responsive_year,irrigation_responsive,FQA2008_stress_grid_S0008,pareto_balanced,2008-08-23,236,80,75,"{""sim_day"": 80.0, ""doy"": 236.0, ""topwt"": 3637.034301757813, ""grnwt"": 785.00732421875, ""xlai"": 0.6735864877700806, ""totir"": 40.0, ""tofer"": NaN, ""swfac"": 0.0, ""nstres"": 0.2461447119712829}",0.0,0.2461447119712829,3637.034301757813,785.00732421875,0.6735864877700806,40.0,,0.0,0.0,40.0,0.0,7.689755249023438,23.68975524902344,Leave_One_experiments/all_year_offline_schedule_search/daily_outputs/FQA/FQA_2008_FQA2008_stress_grid_S0008_daily.csv
FQA,FQA,Fengqiu,2008,Leave_One_experiments\wth_generated_qc\FQA\FQA2008.WTH,normal_year;water_stress_year;nitrogen_stress_year;irrigation_responsive_year,irrigation_responsive,FQA2008_stress_grid_S0008,pareto_balanced,2008-08-24,237,81,76,"{""sim_day"": 81.0, ""doy"": 237.0, ""topwt"": 3751.766357421875, ""grnwt"": 902.4996948242188, ""xlai"": 0.6548030376434326, ""totir"": 40.0, ""tofer"": NaN, ""swfac"": 0.0, ""nstres"": 0.2692582607269287}",0.0,0.2692582607269287,3751.766357421875,902.4996948242188,0.6548030376434326,40.0,,0.0,0.0,40.0,0.0,7.689755249023438,23.68975524902344,Leave_One_experiments/all_year_offline_schedule_search/daily_outputs/FQA/FQA_2008_FQA2008_stress_grid_S0008_daily.csv
FQA,FQA,Fengqiu,2008,Leave_One_experiments\wth_generated_qc\FQA\FQA2008.WTH,normal_year;water_stress_year;nitrogen_stress_year;irrigation_responsive_year,irrigation_responsive,FQA2008_stress_grid_S0008,pareto_balanced,2008-08-25,238,82,77,"{""sim_day"": 82.0, ""doy"": 238.0, ""topwt"": 3852.90771484375, ""grnwt"": 1019.9920654296876, ""xlai"": 0.6362404227256775, ""totir"": 40.0, ""tofer"": NaN, ""swfac"": 0.0, ""nstres"": 0.2803606986999511}",0.0,0.2803606986999511,3852.90771484375,1019.9920654296876,0.6362404227256775,40.0,,0.0,0.0,40.0,0.0,7.689755249023438,23.68975524902344,Leave_One_experiments/all_year_offline_schedule_search/daily_outputs/FQA/FQA_2008_FQA2008_stress_grid_S0008_daily.csv
FQA,FQA,Fengqiu,2008,Leave_One_experiments\wth_generated_qc\FQA\FQA2008.WTH,normal_year;water_stress_year;nitrogen_stress_year;irrigation_responsive_year,irrigation_responsive,FQA2008_stress_grid_S0008,pareto_balanced,2008-08-26,239,83,78,"{""sim_day"": 83.0, ""doy"": 239.0, ""topwt"": 3940.655517578125, ""grnwt"": 1137.4844360351562, ""xlai"": 0.617785632610321, ""totir"": 40.0, ""tofer"": NaN, ""swfac"": 0.0, ""nstres"": 0.2961453199386596}",0.0,0.2961453199386596,3940.655517578125,1137.4844360351562,0.617785632610321,40.0,,0.0,0.0,40.0,0.0,7.689755249023438,23.68975524902344,Leave_One_experiments/all_year_offline_schedule_search/daily_outputs/FQA/FQA_2008_FQA2008_stress_grid_S0008_daily.csv
FQA,FQA,Fengqiu,2008,Leave_One_experiments\wth_generated_qc\FQA\FQA2008.WTH,normal_year;water_stress_year;nitrogen_stress_year;irrigation_responsive_year,irrigation_responsive,FQA2008_stress_grid_S0008,pareto_balanced,2008-08-27,240,84,79,"{""sim_day"": 84.0, ""doy"": 240.0, ""topwt"": 4026.494140625, ""grnwt"": 1254.976806640625, ""xlai"": 0.5995754599571228, ""totir"": 40.0, ""tofer"": NaN, ""swfac"": 0.0, ""nstres"": 0.3074360489845276}",0.0,0.3074360489845276,4026.494140625,1254.976806640625,0.5995754599571228,40.0,,0.0,0.0,40.0,0.0,7.689755249023438,23.68975524902344,Leave_One_experiments/all_year_offline_schedule_search/daily_outputs/FQA/FQA_2008_FQA2008_stress_grid_S0008_daily.csv
FQA,FQA,Fengqiu,2008,Leave_One_experiments\wth_generated_qc\FQA\FQA2008.WTH,normal_year;water_stress_year;nitrogen_stress_year;irrigation_responsive_year,irrigation_responsive,FQA2008_stress_grid_S0008,pareto_balanced,2008-08-28,241,85,80,"{""sim_day"": 85.0, ""doy"": 241.0, ""topwt"": 4083.7451171875, ""grnwt"": 1372.4691772460938, ""xlai"": 0.5817774534225464, ""totir"": 40.0, ""tofer"": NaN, ""swfac"": 0.0, ""nstres"": 0.3124260902404785}",0.0,0.3124260902404785,4083.7451171875,1372.4691772460938,0.5817774534225464,40.0,,0.0,0.0,40.0,0.0,7.689755249023438,23.68975524902344,Leave_One_experiments/all_year_offline_schedule_search/daily_outputs/FQA/FQA_2008_FQA2008_stress_grid_S0008_daily.csv
FQA,FQA,Fengqiu,2008,Leave_One_experiments\wth_generated_qc\FQA\FQA2008.WTH,normal_year;water_stress_year;nitrogen_stress_year;irrigation_responsive_year,irrigation_responsive,FQA2008_stress_grid_S0008,pareto_balanced,2008-08-29,242,86,81,"{""sim_day"": 86.0, ""doy"": 242.0, ""topwt"": 4110.972900390625, ""grnwt"": 1489.9615478515625, ""xlai"": 0.5642277002334595, ""totir"": 40.0, ""tofer"": NaN, ""swfac"": 0.0, ""nstres"": 0.3239778876304626}",0.0,0.3239778876304626,4110.972900390625,1489.9615478515625,0.5642277002334595,40.0,,0.0,0.0,40.0,0.0,7.689755249023438,23.68975524902344,Leave_One_experiments/all_year_offline_schedule_search/daily_outputs/FQA/FQA_2008_FQA2008_stress_grid_S0008_daily.csv
FQA,FQA,Fengqiu,2008,Leave_One_experiments\wth_generated_qc\FQA\FQA2008.WTH,normal_year;water_stress_year;nitrogen_stress_year;irrigation_responsive_year,irrigation_responsive,FQA2008_stress_grid_S0008,pareto_balanced,2008-08-30,243,87,82,"{""sim_day"": 87.0, ""doy"": 243.0, ""topwt"": 4213.9947509765625, ""grnwt"": 1607.4539184570312, ""xlai"": 0.547279953956604, ""totir"": 40.0, ""tofer"": NaN, ""swfac"": 0.0, ""nstres"": 0.3208901286125183}",0.0,0.3208901286125183,4213.9947509765625,1607.4539184570312,0.547279953956604,40.0,,0.0,0.0,40.0,0.0,7.689755249023438,23.68975524902344,Leave_One_experiments/all_year_offline_schedule_search/daily_outputs/FQA/FQA_2008_FQA2008_stress_grid_S0008_daily.csv
FQA,FQA,Fengqiu,2008,Leave_One_experiments\wth_generated_qc\FQA\FQA2008.WTH,normal_year;water_stress_year;nitrogen_stress_year;irrigation_responsive_year,irrigation_responsive,FQA2008_stress_grid_S0008,pareto_balanced,2008-08-31,244,88,83,"{""sim_day"": 88.0, ""doy"": 244.0, ""topwt"": 4322.5390625, ""grnwt"": 1724.9462890625, ""xlai"": 0.5311687588691711, ""totir"": 40.0, ""tofer"": NaN, ""swfac"": 0.0, ""nstres"": 0.3065285682678222}",0.0,0.3065285682678222,4322.5390625,1724.9462890625,0.5311687588691711,40.0,,0.0,0.0,40.0,0.0,7.689755249023438,23.68975524902344,Leave_One_experiments/all_year_offline_schedule_search/daily_outputs/FQA/FQA_2008_FQA2008_stress_grid_S0008_daily.csv
FQA,FQA,Fengqiu,2008,Leave_One_experiments\wth_generated_qc\FQA\FQA2008.WTH,normal_year;water_stress_year;nitrogen_stress_year;irrigation_responsive_year,irrigation_responsive,FQA2008_stress_grid_S0008,pareto_balanced,2008-09-01,245,89,84,"{""sim_day"": 89.0, ""doy"": 245.0, ""topwt"": 4412.665100097656, ""grnwt"": 1842.4386596679688, ""xlai"": 0.514926552772522, ""totir"": 40.0, ""tofer"": NaN, ""swfac"": 0.0, ""nstres"": 0.3338768482208252}",0.0,0.3338768482208252,4412.665100097656,1842.4386596679688,0.514926552772522,40.0,,0.0,0.0,40.0,0.0,7.689755249023438,23.68975524902344,Leave_One_experiments/all_year_offline_schedule_search/daily_outputs/FQA/FQA_2008_FQA2008_stress_grid_S0008_daily.csv
FQA,FQA,Fengqiu,2008,Leave_One_experiments\wth_generated_qc\FQA\FQA2008.WTH,normal_year;water_stress_year;nitrogen_stress_year;irrigation_responsive_year,irrigation_responsive,FQA2008_stress_grid_S0008,pareto_balanced,2008-09-02,246,90,85,"{""sim_day"": 90.0, ""doy"": 246.0, ""topwt"": 4485.1202392578125, ""grnwt"": 1959.9310302734373, ""xlai"": 0.4985692203044891, ""totir"": 40.0, ""tofer"": NaN, ""swfac"": 0.0, ""nstres"": 0.3623934984207153}",0.0,0.3623934984207153,4485.1202392578125,1959.9310302734373,0.4985692203044891,40.0,,0.0,0.0,40.0,0.0,7.689755249023438,23.68975524902344,Leave_One_experiments/all_year_offline_schedule_search/daily_outputs/FQA/FQA_2008_FQA2008_stress_grid_S0008_daily.csv
FQA,FQA,Fengqiu,2008,Leave_One_experiments\wth_generated_qc\FQA\FQA2008.WTH,normal_year;water_stress_year;nitrogen_stress_year;irrigation_responsive_year,irrigation_responsive,FQA2008_stress_grid_S0008,pareto_balanced,2008-09-03,247,91,86,"{""sim_day"": 91.0, ""doy"": 247.0, ""topwt"": 4563.828430175781, ""grnwt"": 2077.4234008789062, ""xlai"": 0.4823503792285919, ""totir"": 40.0, ""tofer"": NaN, ""swfac"": 0.0, ""nstres"": 0.3807401061058044}",0.0,0.3807401061058044,4563.828430175781,2077.4234008789062,0.4823503792285919,40.0,,0.0,0.0,40.0,0.0,7.689755249023438,23.68975524902344,Leave_One_experiments/all_year_offline_schedule_search/daily_outputs/FQA/FQA_2008_FQA2008_stress_grid_S0008_daily.csv
FQA,FQA,Fengqiu,2008,Leave_One_experiments\wth_generated_qc\FQA\FQA2008.WTH,normal_year;water_stress_year;nitrogen_stress_year;irrigation_responsive_year,irrigation_responsive,FQA2008_stress_grid_S0008,pareto_balanced,2008-09-04,248,92,87,"{""sim_day"": 92.0, ""doy"": 248.0, ""topwt"": 4647.783203125, ""grnwt"": 2194.915771484375, ""xlai"": 0.4664666950702667, ""totir"": 40.0, ""tofer"": NaN, ""swfac"": 0.0, ""nstres"": 0.3903146386146545}",0.0,0.3903146386146545,4647.783203125,2194.915771484375,0.4664666950702667,40.0,,0.0,0.0,40.0,0.0,7.689755249023438,23.68975524902344,Leave_One_experiments/all_year_offline_schedule_search/daily_outputs/FQA/FQA_2008_FQA2008_stress_grid_S0008_daily.csv
FQA,FQA,Fengqiu,2008,Leave_One_experiments\wth_generated_qc\FQA\FQA2008.WTH,normal_year;water_stress_year;nitrogen_stress_year;irrigation_responsive_year,irrigation_responsive,FQA2008_stress_grid_S0008,pareto_balanced,2008-09-05,249,93,88,"{""sim_day"": 93.0, ""doy"": 249.0, ""topwt"": 4718.392028808594, ""grnwt"": 2312.408142089844, ""xlai"": 0.4508833885192871, ""totir"": 40.0, ""tofer"": NaN, ""swfac"": 0.0, ""nstres"": 0.4017708301544189}",0.0,0.4017708301544189,4718.392028808594,2312.408142089844,0.4508833885192871,40.0,,0.0,0.0,40.0,0.0,7.689755249023438,23.68975524902344,Leave_One_experiments/all_year_offline_schedule_search/daily_outputs/FQA/FQA_2008_FQA2008_stress_grid_S0008_daily.csv
FQA,FQA,Fengqiu,2008,Leave_One_experiments\wth_generated_qc\FQA\FQA2008.WTH,normal_year;water_stress_year;nitrogen_stress_year;irrigation_responsive_year,irrigation_responsive,FQA2008_stress_grid_S0008,pareto_balanced,2008-09-06,250,94,89,"{""sim_day"": 94.0, ""doy"": 250.0, ""topwt"": 4738.0279541015625, ""grnwt"": 2339.528350830078, ""xlai"": 0.43552166223526, ""totir"": 40.0, ""tofer"": NaN, ""swfac"": 0.0, ""nstres"": 0.4176850318908691}",0.0,0.4176850318908691,4738.0279541015625,2339.528350830078,0.43552166223526,40.0,,0.0,0.0,40.0,0.0,7.689755249023438,23.68975524902344,Leave_One_experiments/all_year_offline_schedule_search/daily_outputs/FQA/FQA_2008_FQA2008_stress_grid_S0008_daily.csv
FQA,FQA,Fengqiu,2008,Leave_One_experiments\wth_generated_qc\FQA\FQA2008.WTH,normal_year;water_stress_year;nitrogen_stress_year;irrigation_responsive_year,irrigation_responsive,FQA2008_stress_grid_S0008,pareto_balanced,2008-09-07,251,95,90,"{""sim_day"": 95.0, ""doy"": 251.0, ""topwt"": 4762.567138671875, ""grnwt"": 2364.0672302246094, ""xlai"": 0.4217951893806457, ""totir"": 40.0, ""tofer"": NaN, ""swfac"": 0.0, ""nstres"": 0.3564121723175049}",0.0,0.3564121723175049,4762.567138671875,2364.0672302246094,0.4217951893806457,40.0,,0.0,0.0,40.0,0.0,7.689755249023438,23.68975524902344,Leave_One_experiments/all_year_offline_schedule_search/daily_outputs/FQA/FQA_2008_FQA2008_stress_grid_S0008_daily.csv
FQA,FQA,Fengqiu,2008,Leave_One_experiments\wth_generated_qc\FQA\FQA2008.WTH,normal_year;water_stress_year;nitrogen_stress_year;irrigation_responsive_year,irrigation_responsive,FQA2008_stress_grid_S0008,pareto_balanced,2008-09-08,252,96,91,"{""sim_day"": 96.0, ""doy"": 252.0, ""topwt"": 4804.5489501953125, ""grnwt"": 2406.049194335937, ""xlai"": 0.4091947078704834, ""totir"": 40.0, ""tofer"": NaN, ""swfac"": 0.0, ""nstres"": 0.3169618248939514}",0.0,0.3169618248939514,4804.5489501953125,2406.049194335937,0.4091947078704834,40.0,,0.0,0.0,40.0,0.0,7.689755249023438,23.68975524902344,Leave_One_experiments/all_year_offline_schedule_search/daily_outputs/FQA/FQA_2008_FQA2008_stress_grid_S0008_daily.csv
FQA,FQA,Fengqiu,2008,Leave_One_experiments\wth_generated_qc\FQA\FQA2008.WTH,normal_year;water_stress_year;nitrogen_stress_year;irrigation_responsive_year,irrigation_responsive,FQA2008_stress_grid_S0008,pareto_balanced,2008-09-09,253,97,92,"{""sim_day"": 97.0, ""doy"": 253.0, ""topwt"": 4818.917846679688, ""grnwt"": 2420.4180908203125, ""xlai"": 0.3971917033195495, ""totir"": 40.0, ""tofer"": NaN, ""swfac"": 0.0, ""nstres"": 0.3040004372596741}",0.0,0.3040004372596741,4818.917846679688,2420.4180908203125,0.3971917033195495,40.0,,0.0,0.0,40.0,0.0,7.689755249023438,23.68975524902344,Leave_One_experiments/all_year_offline_schedule_search/daily_outputs/FQA/FQA_2008_FQA2008_stress_grid_S0008_daily.csv
FQA,FQA,Fengqiu,2008,Leave_One_experiments\wth_generated_qc\FQA\FQA2008.WTH,normal_year;water_stress_year;nitrogen_stress_year;irrigation_responsive_year,irrigation_responsive,FQA2008_stress_grid_S0008,pareto_balanced,2008-09-10,254,98,93,"{""sim_day"": 98.0, ""doy"": 254.0, ""topwt"": 4901.76513671875, ""grnwt"": 2503.265380859375, ""xlai"": 0.3864705860614776, ""totir"": 40.0, ""tofer"": NaN, ""swfac"": 0.0, ""nstres"": 0.2478126287460327}",0.0,0.2478126287460327,4901.76513671875,2503.265380859375,0.3864705860614776,40.0,,0.0,0.0,40.0,0.0,7.689755249023438,23.68975524902344,Leave_One_experiments/all_year_offline_schedule_search/daily_outputs/FQA/FQA_2008_FQA2008_stress_grid_S0008_daily.csv
FQA,FQA,Fengqiu,2008,Leave_One_experiments\wth_generated_qc\FQA\FQA2008.WTH,normal_year;water_stress_year;nitrogen_stress_year;irrigation_responsive_year,irrigation_responsive,FQA2008_stress_grid_S0008,pareto_balanced,2008-09-11,255,99,94,"{""sim_day"": 99.0, ""doy"": 255.0, ""topwt"": 4979.195556640625, ""grnwt"": 2580.6954956054688, ""xlai"": 0.3756275177001953, ""totir"": 40.0, ""tofer"": NaN, ""swfac"": 0.0, ""nstres"": 0.2733602523803711}",0.0,0.2733602523803711,4979.195556640625,2580.6954956054688,0.3756275177001953,40.0,,0.0,0.0,40.0,0.0,7.689755249023438,23.68975524902344,Leave_One_experiments/all_year_offline_schedule_search/daily_outputs/FQA/FQA_2008_FQA2008_stress_grid_S0008_daily.csv
FQA,FQA,Fengqiu,2008,Leave_One_experiments\wth_generated_qc\FQA\FQA2008.WTH,normal_year;water_stress_year;nitrogen_stress_year;irrigation_responsive_year,irrigation_responsive,FQA2008_stress_grid_S0008,pareto_balanced,2008-09-12,256,100,95,"{""sim_day"": 100.0, ""doy"": 256.0, ""topwt"": 5043.873291015625, ""grnwt"": 2645.37353515625, ""xlai"": 0.3647238314151764, ""totir"": 40.0, ""tofer"": NaN, ""swfac"": 0.0, ""nstres"": 0.2966704368591308}",0.0,0.2966704368591308,5043.873291015625,2645.37353515625,0.3647238314151764,40.0,,0.0,0.0,40.0,0.0,7.689755249023438,23.68975524902344,Leave_One_experiments/all_year_offline_schedule_search/daily_outputs/FQA/FQA_2008_FQA2008_stress_grid_S0008_daily.csv
FQA,FQA,Fengqiu,2008,Leave_One_experiments\wth_generated_qc\FQA\FQA2008.WTH,normal_year;water_stress_year;nitrogen_stress_year;irrigation_responsive_year,irrigation_responsive,FQA2008_stress_grid_S0008,pareto_balanced,2008-09-13,257,101,96,"{""sim_day"": 101.0, ""doy"": 257.0, ""topwt"": 5101.583251953125, ""grnwt"": 2703.08349609375, ""xlai"": 0.3540650308132171, ""totir"": 40.0, ""tofer"": NaN, ""swfac"": 0.0, ""nstres"": 0.3013831973075866}",0.0,0.3013831973075866,5101.583251953125,2703.08349609375,0.3540650308132171,40.0,,0.0,0.0,40.0,0.0,7.689755249023438,23.68975524902344,Leave_One_experiments/all_year_offline_schedule_search/daily_outputs/FQA/FQA_2008_FQA2008_stress_grid_S0008_daily.csv
FQA,FQA,Fengqiu,2008,Leave_One_experiments\wth_generated_qc\FQA\FQA2008.WTH,normal_year;water_stress_year;nitrogen_stress_year;irrigation_responsive_year,irrigation_responsive,FQA2008_stress_grid_S0008,pareto_balanced,2008-09-14,258,102,97,"{""sim_day"": 102.0, ""doy"": 258.0, ""topwt"": 5167.4755859375, ""grnwt"": 2768.975524902344, ""xlai"": 0.3437902331352234, ""totir"": 40.0, ""tofer"": NaN, ""swfac"": 0.0, ""nstres"": 0.2964692711830139}",0.0,0.2964692711830139,5167.4755859375,2768.975524902344,0.3437902331352234,40.0,,0.0,0.0,40.0,0.0,7.689755249023438,23.68975524902344,Leave_One_experiments/all_year_offline_schedule_search/daily_outputs/FQA/FQA_2008_FQA2008_stress_grid_S0008_daily.csv
FQA,FQA,Fengqiu,2008,Leave_One_experiments\wth_generated_qc\FQA\FQA2008.WTH,normal_year;water_stress_year;nitrogen_stress_year;irrigation_responsive_year,irrigation_responsive,FQA2008_stress_grid_S0008,pareto_balanced,2008-09-15,259,103,98,"{""sim_day"": 103.0, ""doy"": 259.0, ""topwt"": 5167.4755859375, ""grnwt"": 2768.975524902344, ""xlai"": 0.3437902331352234, ""totir"": 40.0, ""tofer"": NaN, ""swfac"": 0.0, ""nstres"": 0.3020755052566528}",0.0,0.3020755052566528,5167.4755859375,2768.975524902344,0.3437902331352234,40.0,,0.0,0.0,40.0,0.0,7.689755249023438,23.68975524902344,Leave_One_experiments/all_year_offline_schedule_search/daily_outputs/FQA/FQA_2008_FQA2008_stress_grid_S0008_daily.csv
FQA,FQA,Fengqiu,2008,Leave_One_experiments\wth_generated_qc\FQA\FQA2008.WTH,normal_year;water_stress_year;nitrogen_stress_year;irrigation_responsive_year,irrigation_responsive,FQA2008_stress_grid_S0008,pareto_balanced,2008-09-16,260,104,99,"{""sim_day"": 104.0, ""doy"": 260.0, ""topwt"": 5167.4755859375, ""grnwt"": 2768.975524902344, ""xlai"": 0.3437902331352234, ""totir"": 40.0, ""tofer"": NaN, ""swfac"": 0.0, ""nstres"": 0.3020755052566528}",0.0,0.3020755052566528,5167.4755859375,2768.975524902344,0.3437902331352234,40.0,,0.0,0.0,40.0,0.0,7.689755249023438,23.68975524902344,Leave_One_experiments/all_year_offline_schedule_search/daily_outputs/FQA/FQA_2008_FQA2008_stress_grid_S0008_daily.csv
FQA,FQA,Fengqiu,2008,Leave_One_experiments\wth_generated_qc\FQA\FQA2008.WTH,normal_year;water_stress_year;nitrogen_stress_year;irrigation_responsive_year,irrigation_responsive,FQA2008_stress_grid_S0008,pareto_balanced,2008-09-17,261,105,100,"{""sim_day"": 105.0, ""doy"": 261.0, ""topwt"": 5167.4755859375, ""grnwt"": 2768.975524902344, ""xlai"": 0.3437902331352234, ""totir"": 40.0, ""tofer"": NaN, ""swfac"": 0.0, ""nstres"": 0.3020755052566528}",0.0,0.3020755052566528,5167.4755859375,2768.975524902344,0.3437902331352234,40.0,,0.0,0.0,40.0,0.0,7.689755249023438,23.68975524902344,Leave_One_experiments/all_year_offline_schedule_search/daily_outputs/FQA/FQA_2008_FQA2008_stress_grid_S0008_daily.csv
FQA,FQA,Fengqiu,2009,Leave_One_experiments\wth_generated_qc\FQA\FQA2009.WTH,normal_year;nitrogen_stress_year;low_response_year,normal,FQA2009_normal_grid_S0013,irrigation_positive_candidate,2009-06-11,162,1,1,"{""sim_day"": 1.0, ""doy"": 162.0, ""topwt"": 0.0, ""grnwt"": 0.0, ""xlai"": 0.0, ""totir"": 0.0, ""tofer"": NaN, ""swfac"": 0.0, ""nstres"": 0.0}",0.0,0.0,0.0,0.0,0.0,0.0,,0.0,50.0,30.0,150.0,16.898547363281253,28.898547363281253,Leave_One_experiments/all_year_offline_schedule_search/daily_outputs/FQA/FQA_2009_FQA2009_normal_grid_S0013_daily.csv
FQA,FQA,Fengqiu,2009,Leave_One_experiments\wth_generated_qc\FQA\FQA2009.WTH,normal_year;nitrogen_stress_year;low_response_year,normal,FQA2009_normal_grid_S0013,irrigation_positive_candidate,2009-06-12,163,2,2,"{""sim_day"": 2.0, ""doy"": 163.0, ""topwt"": 0.0, ""grnwt"": 0.0, ""xlai"": 0.0, ""totir"": 0.0, ""tofer"": NaN, ""swfac"": 0.0, ""nstres"": 0.0}",0.0,0.0,0.0,0.0,0.0,0.0,,0.0,0.0,30.0,150.0,16.898547363281253,28.898547363281253,Leave_One_experiments/all_year_offline_schedule_search/daily_outputs/FQA/FQA_2009_FQA2009_normal_grid_S0013_daily.csv
FQA,FQA,Fengqiu,2009,Leave_One_experiments\wth_generated_qc\FQA\FQA2009.WTH,normal_year;nitrogen_stress_year;low_response_year,normal,FQA2009_normal_grid_S0013,irrigation_positive_candidate,2009-06-13,164,3,3,"{""sim_day"": 3.0, ""doy"": 164.0, ""topwt"": 0.0, ""grnwt"": 0.0, ""xlai"": 0.0, ""totir"": 0.0, ""tofer"": NaN, ""swfac"": 0.0, ""nstres"": 0.0}",0.0,0.0,0.0,0.0,0.0,0.0,,0.0,0.0,30.0,150.0,16.898547363281253,28.898547363281253,Leave_One_experiments/all_year_offline_schedule_search/daily_outputs/FQA/FQA_2009_FQA2009_normal_grid_S0013_daily.csv
FQA,FQA,Fengqiu,2009,Leave_One_experiments\wth_generated_qc\FQA\FQA2009.WTH,normal_year;nitrogen_stress_year;low_response_year,normal,FQA2009_normal_grid_S0013,irrigation_positive_candidate,2009-06-14,165,4,4,"{""sim_day"": 4.0, ""doy"": 165.0, ""topwt"": 0.0, ""grnwt"": 0.0, ""xlai"": 0.0, ""totir"": 0.0, ""tofer"": NaN, ""swfac"": 0.0, ""nstres"": 0.0}",0.0,0.0,0.0,0.0,0.0,0.0,,0.0,0.0,30.0,150.0,16.898547363281253,28.898547363281253,Leave_One_experiments/all_year_offline_schedule_search/daily_outputs/FQA/FQA_2009_FQA2009_normal_grid_S0013_daily.csv
FQA,FQA,Fengqiu,2009,Leave_One_experiments\wth_generated_qc\FQA\FQA2009.WTH,normal_year;nitrogen_stress_year;low_response_year,normal,FQA2009_normal_grid_S0013,irrigation_positive_candidate,2009-06-15,166,5,5,"{""sim_day"": 5.0, ""doy"": 166.0, ""topwt"": 0.0, ""grnwt"": 0.0, ""xlai"": 0.0, ""totir"": 0.0, ""tofer"": NaN, ""swfac"": 0.0, ""nstres"": 0.0}",0.0,0.0,0.0,0.0,0.0,0.0,,0.0,0.0,30.0,150.0,16.898547363281253,28.898547363281253,Leave_One_experiments/all_year_offline_schedule_search/daily_outputs/FQA/FQA_2009_FQA2009_normal_grid_S0013_daily.csv
FQA,FQA,Fengqiu,2009,Leave_One_experiments\wth_generated_qc\FQA\FQA2009.WTH,normal_year;nitrogen_stress_year;low_response_year,normal,FQA2009_normal_grid_S0013,irrigation_positive_candidate,2009-06-11,162,6,1,"{""sim_day"": 6.0, ""doy"": 162.0, ""topwt"": 0.0, ""grnwt"": 0.0, ""xlai"": 0.0, ""totir"": 0.0, ""tofer"": NaN, ""swfac"": 0.0, ""nstres"": 0.0}",0.0,0.0,0.0,0.0,0.0,0.0,,0.0,0.0,30.0,150.0,16.898547363281253,28.898547363281253,Leave_One_experiments/all_year_offline_schedule_search/daily_outputs/FQA/FQA_2009_FQA2009_normal_grid_S0013_daily.csv
FQA,FQA,Fengqiu,2009,Leave_One_experiments\wth_generated_qc\FQA\FQA2009.WTH,normal_year;nitrogen_stress_year;low_response_year,normal,FQA2009_normal_grid_S0013,irrigation_positive_candidate,2009-06-12,163,7,2,"{""sim_day"": 7.0, ""doy"": 163.0, ""topwt"": 0.0, ""grnwt"": 0.0, ""xlai"": 0.0, ""totir"": 0.0, ""tofer"": NaN, ""swfac"": 0.0, ""nstres"": 0.0}",0.0,0.0,0.0,0.0,0.0,0.0,,0.0,0.0,30.0,150.0,16.898547363281253,28.898547363281253,Leave_One_experiments/all_year_offline_schedule_search/daily_outputs/FQA/FQA_2009_FQA2009_normal_grid_S0013_daily.csv
FQA,FQA,Fengqiu,2009,Leave_One_experiments\wth_generated_qc\FQA\FQA2009.WTH,normal_year;nitrogen_stress_year;low_response_year,normal,FQA2009_normal_grid_S0013,irrigation_positive_candidate,2009-06-13,164,8,3,"{""sim_day"": 8.0, ""doy"": 164.0, ""topwt"": 0.0, ""grnwt"": 0.0, ""xlai"": 0.0, ""totir"": 0.0, ""tofer"": NaN, ""swfac"": 0.0, ""nstres"": 0.0}",0.0,0.0,0.0,0.0,0.0,0.0,,0.0,0.0,30.0,150.0,16.898547363281253,28.898547363281253,Leave_One_experiments/all_year_offline_schedule_search/daily_outputs/FQA/FQA_2009_FQA2009_normal_grid_S0013_daily.csv
FQA,FQA,Fengqiu,2009,Leave_One_experiments\wth_generated_qc\FQA\FQA2009.WTH,normal_year;nitrogen_stress_year;low_response_year,normal,FQA2009_normal_grid_S0013,irrigation_positive_candidate,2009-06-14,165,9,4,"{""sim_day"": 9.0, ""doy"": 165.0, ""topwt"": 0.0, ""grnwt"": 0.0, ""xlai"": 0.0, ""totir"": 0.0, ""tofer"": NaN, ""swfac"": 0.0, ""nstres"": 0.0}",0.0,0.0,0.0,0.0,0.0,0.0,,0.0,0.0,30.0,150.0,16.898547363281253,28.898547363281253,Leave_One_experiments/all_year_offline_schedule_search/daily_outputs/FQA/FQA_2009_FQA2009_normal_grid_S0013_daily.csv
FQA,FQA,Fengqiu,2009,Leave_One_experiments\wth_generated_qc\FQA\FQA2009.WTH,normal_year;nitrogen_stress_year;low_response_year,normal,FQA2009_normal_grid_S0013,irrigation_positive_candidate,2009-06-15,166,10,5,"{""sim_day"": 10.0, ""doy"": 166.0, ""topwt"": 32.00000047683716, ""grnwt"": 0.0, ""xlai"": 0.0035310343373566, ""totir"": 0.0, ""tofer"": NaN, ""swfac"": 0.0, ""nstres"": 0.0121910572052001}",0.0,0.0121910572052001,32.00000047683716,0.0,0.0035310343373566,0.0,,0.0,0.0,30.0,150.0,16.898547363281253,28.898547363281253,Leave_One_experiments/all_year_offline_schedule_search/daily_outputs/FQA/FQA_2009_FQA2009_normal_grid_S0013_daily.csv
FQA,FQA,Fengqiu,2009,Leave_One_experiments\wth_generated_qc\FQA\FQA2009.WTH,normal_year;nitrogen_stress_year;low_response_year,normal,FQA2009_normal_grid_S0013,irrigation_positive_candidate,2009-06-16,167,11,6,"{""sim_day"": 11.0, ""doy"": 167.0, ""topwt"": 32.00000047683716, ""grnwt"": 0.0, ""xlai"": 0.0063448059372603, ""totir"": 0.0, ""tofer"": NaN, ""swfac"": 0.0, ""nstres"": 0.0031632184982299}",0.0,0.0031632184982299,32.00000047683716,0.0,0.0063448059372603,0.0,,0.0,0.0,30.0,150.0,16.898547363281253,28.898547363281253,Leave_One_experiments/all_year_offline_schedule_search/daily_outputs/FQA/FQA_2009_FQA2009_normal_grid_S0013_daily.csv
FQA,FQA,Fengqiu,2009,Leave_One_experiments\wth_generated_qc\FQA\FQA2009.WTH,normal_year;nitrogen_stress_year;low_response_year,normal,FQA2009_normal_grid_S0013,irrigation_positive_candidate,2009-06-17,168,12,7,"{""sim_day"": 12.0, ""doy"": 168.0, ""topwt"": 32.00000047683716, ""grnwt"": 0.0, ""xlai"": 0.0090406984090805, ""totir"": 0.0, ""tofer"": NaN, ""swfac"": 0.0, ""nstres"": 0.0}",0.0,0.0,32.00000047683716,0.0,0.0090406984090805,0.0,,0.0,0.0,30.0,150.0,16.898547363281253,28.898547363281253,Leave_One_experiments/all_year_offline_schedule_search/daily_outputs/FQA/FQA_2009_FQA2009_normal_grid_S0013_daily.csv
FQA,FQA,Fengqiu,2009,Leave_One_experiments\wth_generated_qc\FQA\FQA2009.WTH,normal_year;nitrogen_stress_year;low_response_year,normal,FQA2009_normal_grid_S0013,irrigation_positive_candidate,2009-06-18,169,13,8,"{""sim_day"": 13.0, ""doy"": 169.0, ""topwt"": 32.00000047683716, ""grnwt"": 0.0, ""xlai"": 0.0124647449702024, ""totir"": 0.0, ""tofer"": NaN, ""swfac"": 0.0, ""nstres"": 0.0}",0.0,0.0,32.00000047683716,0.0,0.0124647449702024,0.0,,0.0,0.0,30.0,150.0,16.898547363281253,28.898547363281253,Leave_One_experiments/all_year_offline_schedule_search/daily_outputs/FQA/FQA_2009_FQA2009_normal_grid_S0013_daily.csv
FQA,FQA,Fengqiu,2009,Leave_One_experiments\wth_generated_qc\FQA\FQA2009.WTH,normal_year;nitrogen_stress_year;low_response_year,normal,FQA2009_normal_grid_S0013,irrigation_positive_candidate,2009-06-19,170,14,9,"{""sim_day"": 14.0, ""doy"": 170.0, ""topwt"": 32.00000047683716, ""grnwt"": 0.0, ""xlai"": 0.0164253544062376, ""totir"": 0.0, ""tofer"": NaN, ""swfac"": 0.0, ""nstres"": 0.0}",0.0,0.0,32.00000047683716,0.0,0.0164253544062376,0.0,,0.0,0.0,30.0,150.0,16.898547363281253,28.898547363281253,Leave_One_experiments/all_year_offline_schedule_search/daily_outputs/FQA/FQA_2009_FQA2009_normal_grid_S0013_daily.csv
FQA,FQA,Fengqiu,2009,Leave_One_experiments\wth_generated_qc\FQA\FQA2009.WTH,normal_year;nitrogen_stress_year;low_response_year,normal,FQA2009_normal_grid_S0013,irrigation_positive_candidate,2009-06-20,171,15,10,"{""sim_day"": 15.0, ""doy"": 171.0, ""topwt"": 32.00000047683716, ""grnwt"": 0.0, ""xlai"": 0.0206653233617544, ""totir"": 0.0, ""tofer"": NaN, ""swfac"": 0.0, ""nstres"": 0.0}",0.0,0.0,32.00000047683716,0.0,0.0206653233617544,0.0,,0.0,0.0,30.0,150.0,16.898547363281253,28.898547363281253,Leave_One_experiments/all_year_offline_schedule_search/daily_outputs/FQA/FQA_2009_FQA2009_normal_grid_S0013_daily.csv
FQA,FQA,Fengqiu,2009,Leave_One_experiments\wth_generated_qc\FQA\FQA2009.WTH,normal_year;nitrogen_stress_year;low_response_year,normal,FQA2009_normal_grid_S0013,irrigation_positive_candidate,2009-06-21,172,16,11,"{""sim_day"": 16.0, ""doy"": 172.0, ""topwt"": 24.71344947814941, ""grnwt"": 0.0, ""xlai"": 0.0360368937253952, ""totir"": 0.0, ""tofer"": NaN, ""swfac"": 0.0, ""nstres"": 0.0}",0.0,0.0,24.71344947814941,0.0,0.0360368937253952,0.0,,0.0,0.0,30.0,150.0,16.898547363281253,28.898547363281253,Leave_One_experiments/all_year_offline_schedule_search/daily_outputs/FQA/FQA_2009_FQA2009_normal_grid_S0013_daily.csv
FQA,FQA,Fengqiu,2009,Leave_One_experiments\wth_generated_qc\FQA\FQA2009.WTH,normal_year;nitrogen_stress_year;low_response_year,normal,FQA2009_normal_grid_S0013,irrigation_positive_candidate,2009-06-22,173,17,12,"{""sim_day"": 17.0, ""doy"": 173.0, ""topwt"": 29.98960494995117, ""grnwt"": 0.0, ""xlai"": 0.0525420531630516, ""totir"": 0.0, ""tofer"": NaN, ""swfac"": 0.0, ""nstres"": 0.0}",0.0,0.0,29.98960494995117,0.0,0.0525420531630516,0.0,,0.0,0.0,30.0,150.0,16.898547363281253,28.898547363281253,Leave_One_experiments/all_year_offline_schedule_search/daily_outputs/FQA/FQA_2009_FQA2009_normal_grid_S0013_daily.csv
FQA,FQA,Fengqiu,2009,Leave_One_experiments\wth_generated_qc\FQA\FQA2009.WTH,normal_year;nitrogen_stress_year;low_response_year,normal,FQA2009_normal_grid_S0013,irrigation_positive_candidate,2009-06-23,174,18,13,"{""sim_day"": 18.0, ""doy"": 174.0, ""topwt"": 37.112417221069336, ""grnwt"": 0.0, ""xlai"": 0.0728953182697296, ""totir"": 0.0, ""tofer"": NaN, ""swfac"": 0.0, ""nstres"": 0.0}",0.0,0.0,37.112417221069336,0.0,0.0728953182697296,0.0,,0.0,0.0,30.0,150.0,16.898547363281253,28.898547363281253,Leave_One_experiments/all_year_offline_schedule_search/daily_outputs/FQA/FQA_2009_FQA2009_normal_grid_S0013_daily.csv
FQA,FQA,Fengqiu,2009,Leave_One_experiments\wth_generated_qc\FQA\FQA2009.WTH,normal_year;nitrogen_stress_year;low_response_year,normal,FQA2009_normal_grid_S0013,irrigation_positive_candidate,2009-06-24,175,19,14,"{""sim_day"": 19.0, ""doy"": 175.0, ""topwt"": 45.96994400024414, ""grnwt"": 0.0, ""xlai"": 0.0962938666343689, ""totir"": 0.0, ""tofer"": NaN, ""swfac"": 0.0, ""nstres"": 0.0}",0.0,0.0,45.96994400024414,0.0,0.0962938666343689,0.0,,0.0,0.0,30.0,150.0,16.898547363281253,28.898547363281253,Leave_One_experiments/all_year_offline_schedule_search/daily_outputs/FQA/FQA_2009_FQA2009_normal_grid_S0013_daily.csv
FQA,FQA,Fengqiu,2009,Leave_One_experiments\wth_generated_qc\FQA\FQA2009.WTH,normal_year;nitrogen_stress_year;low_response_year,normal,FQA2009_normal_grid_S0013,irrigation_positive_candidate,2009-06-25,176,20,15,"{""sim_day"": 20.0, ""doy"": 176.0, ""topwt"": 56.93683624267578, ""grnwt"": 0.0, ""xlai"": 0.1233331859111785, ""totir"": 0.0, ""tofer"": NaN, ""swfac"": 0.0, ""nstres"": 0.0}",0.0,0.0,56.93683624267578,0.0,0.1233331859111785,0.0,,0.0,0.0,30.0,150.0,16.898547363281253,28.898547363281253,Leave_One_experiments/all_year_offline_schedule_search/daily_outputs/FQA/FQA_2009_FQA2009_normal_grid_S0013_daily.csv
FQA,FQA,Fengqiu,2009,Leave_One_experiments\wth_generated_qc\FQA\FQA2009.WTH,normal_year;nitrogen_stress_year;low_response_year,normal,FQA2009_normal_grid_S0013,irrigation_positive_candidate,2009-06-26,177,21,16,"{""sim_day"": 21.0, ""doy"": 177.0, ""topwt"": 69.62921619415283, ""grnwt"": 0.0, ""xlai"": 0.1527726948261261, ""totir"": 0.0, ""tofer"": NaN, ""swfac"": 0.0, ""nstres"": 0.0}",0.0,0.0,69.62921619415283,0.0,0.1527726948261261,0.0,,0.0,0.0,30.0,150.0,16.898547363281253,28.898547363281253,Leave_One_experiments/all_year_offline_schedule_search/daily_outputs/FQA/FQA_2009_FQA2009_normal_grid_S0013_daily.csv
FQA,FQA,Fengqiu,2009,Leave_One_experiments\wth_generated_qc\FQA\FQA2009.WTH,normal_year;nitrogen_stress_year;low_response_year,normal,FQA2009_normal_grid_S0013,irrigation_positive_candidate,2009-06-27,178,22,17,"{""sim_day"": 22.0, ""doy"": 178.0, ""topwt"": 82.71098136901855, ""grnwt"": 0.0, ""xlai"": 0.1815893203020095, ""totir"": 0.0, ""tofer"": NaN, ""swfac"": 0.0, ""nstres"": 0.0}",0.0,0.0,82.71098136901855,0.0,0.1815893203020095,0.0,,0.0,0.0,30.0,150.0,16.898547363281253,28.898547363281253,Leave_One_experiments/all_year_offline_schedule_search/daily_outputs/FQA/FQA_2009_FQA2009_normal_grid_S0013_daily.csv
FQA,FQA,Fengqiu,2009,Leave_One_experiments\wth_generated_qc\FQA\FQA2009.WTH,normal_year;nitrogen_stress_year;low_response_year,normal,FQA2009_normal_grid_S0013,irrigation_positive_candidate,2009-06-28,179,23,18,"{""sim_day"": 23.0, ""doy"": 179.0, ""topwt"": 97.89243698120116, ""grnwt"": 0.0, ""xlai"": 0.2135519683361053, ""totir"": 0.0, ""tofer"": NaN, ""swfac"": 0.0, ""nstres"": 0.0}",0.0,0.0,97.89243698120116,0.0,0.2135519683361053,0.0,,0.0,0.0,30.0,150.0,16.898547363281253,28.898547363281253,Leave_One_experiments/all_year_offline_schedule_search/daily_outputs/FQA/FQA_2009_FQA2009_normal_grid_S0013_daily.csv
FQA,FQA,Fengqiu,2009,Leave_One_experiments\wth_generated_qc\FQA\FQA2009.WTH,normal_year;nitrogen_stress_year;low_response_year,normal,FQA2009_normal_grid_S0013,irrigation_positive_candidate,2009-06-29,180,24,19,"{""sim_day"": 24.0, ""doy"": 180.0, ""topwt"": 116.12041473388672, ""grnwt"": 0.0, ""xlai"": 0.2502947151660919, ""totir"": 0.0, ""tofer"": NaN, ""swfac"": 0.0, ""nstres"": 0.0}",0.0,0.0,116.12041473388672,0.0,0.2502947151660919,0.0,,0.0,0.0,30.0,150.0,16.898547363281253,28.898547363281253,Leave_One_experiments/all_year_offline_schedule_search/daily_outputs/FQA/FQA_2009_FQA2009_normal_grid_S0013_daily.csv
FQA,FQA,Fengqiu,2009,Leave_One_experiments\wth_generated_qc\FQA\FQA2009.WTH,normal_year;nitrogen_stress_year;low_response_year,normal,FQA2009_normal_grid_S0013,irrigation_positive_candidate,2009-06-30,181,25,20,"{""sim_day"": 25.0, ""doy"": 181.0, ""topwt"": 135.93780517578125, ""grnwt"": 0.0, ""xlai"": 0.2873285412788391, ""totir"": 0.0, ""tofer"": NaN, ""swfac"": 0.0, ""nstres"": 0.0}",0.0,0.0,135.93780517578125,0.0,0.2873285412788391,0.0,,0.0,0.0,30.0,150.0,16.898547363281253,28.898547363281253,Leave_One_experiments/all_year_offline_schedule_search/daily_outputs/FQA/FQA_2009_FQA2009_normal_grid_S0013_daily.csv
FQA,FQA,Fengqiu,2009,Leave_One_experiments\wth_generated_qc\FQA\FQA2009.WTH,normal_year;nitrogen_stress_year;low_response_year,normal,FQA2009_normal_grid_S0013,irrigation_positive_candidate,2009-07-01,182,26,21,"{""sim_day"": 26.0, ""doy"": 182.0, ""topwt"": 158.4933090209961, ""grnwt"": 0.0, ""xlai"": 0.33071169257164, ""totir"": 0.0, ""tofer"": NaN, ""swfac"": 0.0, ""nstres"": 0.0}",0.0,0.0,158.4933090209961,0.0,0.33071169257164,0.0,,0.0,0.0,30.0,150.0,16.898547363281253,28.898547363281253,Leave_One_experiments/all_year_offline_schedule_search/daily_outputs/FQA/FQA_2009_FQA2009_normal_grid_S0013_daily.csv
FQA,FQA,Fengqiu,2009,Leave_One_experiments\wth_generated_qc\FQA\FQA2009.WTH,normal_year;nitrogen_stress_year;low_response_year,normal,FQA2009_normal_grid_S0013,irrigation_positive_candidate,2009-07-02,183,27,22,"{""sim_day"": 27.0, ""doy"": 183.0, ""topwt"": 183.9059066772461, ""grnwt"": 0.0, ""xlai"": 0.3776055872440338, ""totir"": 0.0, ""tofer"": NaN, ""swfac"": 0.0, ""nstres"": 0.0}",0.0,0.0,183.9059066772461,0.0,0.3776055872440338,0.0,,0.0,0.0,30.0,150.0,16.898547363281253,28.898547363281253,Leave_One_experiments/all_year_offline_schedule_search/daily_outputs/FQA/FQA_2009_FQA2009_normal_grid_S0013_daily.csv
FQA,FQA,Fengqiu,2009,Leave_One_experiments\wth_generated_qc\FQA\FQA2009.WTH,normal_year;nitrogen_stress_year;low_response_year,normal,FQA2009_normal_grid_S0013,irrigation_positive_candidate,2009-07-03,184,28,23,"{""sim_day"": 28.0, ""doy"": 184.0, ""topwt"": 211.3829040527344, ""grnwt"": 0.0, ""xlai"": 0.4262336790561676, ""totir"": 0.0, ""tofer"": NaN, ""swfac"": 0.0, ""nstres"": 0.0}",0.0,0.0,211.3829040527344,0.0,0.4262336790561676,0.0,,0.0,0.0,30.0,150.0,16.898547363281253,28.898547363281253,Leave_One_experiments/all_year_offline_schedule_search/daily_outputs/FQA/FQA_2009_FQA2009_normal_grid_S0013_daily.csv
FQA,FQA,Fengqiu,2009,Leave_One_experiments\wth_generated_qc\FQA\FQA2009.WTH,normal_year;nitrogen_stress_year;low_response_year,normal,FQA2009_normal_grid_S0013,irrigation_positive_candidate,2009-07-04,185,29,24,"{""sim_day"": 29.0, ""doy"": 185.0, ""topwt"": 241.48504257202148, ""grnwt"": 0.0, ""xlai"": 0.4773172736167907, ""totir"": 0.0, ""tofer"": NaN, ""swfac"": 0.0, ""nstres"": 0.0}",0.0,0.0,241.48504257202148,0.0,0.4773172736167907,0.0,,0.0,0.0,30.0,150.0,16.898547363281253,28.898547363281253,Leave_One_experiments/all_year_offline_schedule_search/daily_outputs/FQA/FQA_2009_FQA2009_normal_grid_S0013_daily.csv
FQA,FQA,Fengqiu,2009,Leave_One_experiments\wth_generated_qc\FQA\FQA2009.WTH,normal_year;nitrogen_stress_year;low_response_year,normal,FQA2009_normal_grid_S0013,irrigation_positive_candidate,2009-07-05,186,30,25,"{""sim_day"": 30.0, ""doy"": 186.0, ""topwt"": 274.41123962402344, ""grnwt"": 0.0, ""xlai"": 0.5308701992034912, ""totir"": 0.0, ""tofer"": NaN, ""swfac"": 0.0, ""nstres"": 0.0}",0.0,0.0,274.41123962402344,0.0,0.5308701992034912,0.0,,0.0,0.0,30.0,150.0,16.898547363281253,28.898547363281253,Leave_One_experiments/all_year_offline_schedule_search/daily_outputs/FQA/FQA_2009_FQA2009_normal_grid_S0013_daily.csv
FQA,FQA,Fengqiu,2009,Leave_One_experiments\wth_generated_qc\FQA\FQA2009.WTH,normal_year;nitrogen_stress_year;low_response_year,normal,FQA2009_normal_grid_S0013,irrigation_positive_candidate,2009-07-06,187,31,26,"{""sim_day"": 31.0, ""doy"": 187.0, ""topwt"": 312.6792907714844, ""grnwt"": 0.0, ""xlai"": 0.5903857946395874, ""totir"": 0.0, ""tofer"": NaN, ""swfac"": 0.0, ""nstres"": 0.0}",0.0,0.0,312.6792907714844,0.0,0.5903857946395874,0.0,,0.0,0.0,30.0,150.0,16.898547363281253,28.898547363281253,Leave_One_experiments/all_year_offline_schedule_search/daily_outputs/FQA/FQA_2009_FQA2009_normal_grid_S0013_daily.csv
FQA,FQA,Fengqiu,2009,Leave_One_experiments\wth_generated_qc\FQA\FQA2009.WTH,normal_year;nitrogen_stress_year;low_response_year,normal,FQA2009_normal_grid_S0013,irrigation_positive_candidate,2009-07-07,188,32,27,"{""sim_day"": 32.0, ""doy"": 188.0, ""topwt"": 351.87225341796875, ""grnwt"": 0.0, ""xlai"": 0.6487175822257996, ""totir"": 0.0, ""tofer"": NaN, ""swfac"": 0.0, ""nstres"": 0.0}",0.0,0.0,351.87225341796875,0.0,0.6487175822257996,0.0,,0.0,0.0,30.0,150.0,16.898547363281253,28.898547363281253,Leave_One_experiments/all_year_offline_schedule_search/daily_outputs/FQA/FQA_2009_FQA2009_normal_grid_S0013_daily.csv
FQA,FQA,Fengqiu,2009,Leave_One_experiments\wth_generated_qc\FQA\FQA2009.WTH,normal_year;nitrogen_stress_year;low_response_year,normal,FQA2009_normal_grid_S0013,irrigation_positive_candidate,2009-07-08,189,33,28,"{""sim_day"": 33.0, ""doy"": 189.0, ""topwt"": 392.0704650878906, ""grnwt"": 0.0, ""xlai"": 0.7056400775909424, ""totir"": 0.0, ""tofer"": NaN, ""swfac"": 0.0, ""nstres"": 0.005037784576416}",0.0,0.005037784576416,392.0704650878906,0.0,0.7056400775909424,0.0,,0.0,0.0,30.0,150.0,16.898547363281253,28.898547363281253,Leave_One_experiments/all_year_offline_schedule_search/daily_outputs/FQA/FQA_2009_FQA2009_normal_grid_S0013_daily.csv
FQA,FQA,Fengqiu,2009,Leave_One_experiments\wth_generated_qc\FQA\FQA2009.WTH,normal_year;nitrogen_stress_year;low_response_year,normal,FQA2009_normal_grid_S0013,irrigation_positive_candidate,2009-07-09,190,34,29,"{""sim_day"": 34.0, ""doy"": 190.0, ""topwt"": 435.59024810791016, ""grnwt"": 0.0, ""xlai"": 0.7652283310890198, ""totir"": 0.0, ""tofer"": NaN, ""swfac"": 0.0, ""nstres"": 0.0}",0.0,0.0,435.59024810791016,0.0,0.7652283310890198,0.0,,0.0,0.0,30.0,150.0,16.898547363281253,28.898547363281253,Leave_One_experiments/all_year_offline_schedule_search/daily_outputs/FQA/FQA_2009_FQA2009_normal_grid_S0013_daily.csv
FQA,FQA,Fengqiu,2009,Leave_One_experiments\wth_generated_qc\FQA\FQA2009.WTH,normal_year;nitrogen_stress_year;low_response_year,normal,FQA2009_normal_grid_S0013,irrigation_positive_candidate,2009-07-10,191,35,30,"{""sim_day"": 35.0, ""doy"": 191.0, ""topwt"": 474.9282836914063, ""grnwt"": 0.0, ""xlai"": 0.8171492218971252, ""totir"": 0.0, ""tofer"": NaN, ""swfac"": 0.0, ""nstres"": 0.0}",0.0,0.0,474.9282836914063,0.0,0.8171492218971252,0.0,,0.0,50.0,30.0,150.0,16.898547363281253,28.898547363281253,Leave_One_experiments/all_year_offline_schedule_search/daily_outputs/FQA/FQA_2009_FQA2009_normal_grid_S0013_daily.csv
FQA,FQA,Fengqiu,2009,Leave_One_experiments\wth_generated_qc\FQA\FQA2009.WTH,normal_year;nitrogen_stress_year;low_response_year,normal,FQA2009_normal_grid_S0013,irrigation_positive_candidate,2009-07-11,192,36,31,"{""sim_day"": 36.0, ""doy"": 192.0, ""topwt"": 530.4244995117188, ""grnwt"": 0.0, ""xlai"": 0.8872884511947632, ""totir"": 0.0, ""tofer"": NaN, ""swfac"": 0.0, ""nstres"": 0.0}",0.0,0.0,530.4244995117188,0.0,0.8872884511947632,0.0,,0.0,0.0,30.0,150.0,16.898547363281253,28.898547363281253,Leave_One_experiments/all_year_offline_schedule_search/daily_outputs/FQA/FQA_2009_FQA2009_normal_grid_S0013_daily.csv
FQA,FQA,Fengqiu,2009,Leave_One_experiments\wth_generated_qc\FQA\FQA2009.WTH,normal_year;nitrogen_stress_year;low_response_year,normal,FQA2009_normal_grid_S0013,irrigation_positive_candidate,2009-07-12,193,37,32,"{""sim_day"": 37.0, ""doy"": 193.0, ""topwt"": 574.4994354248047, ""grnwt"": 0.0, ""xlai"": 0.9408301711082458, ""totir"": 0.0, ""tofer"": NaN, ""swfac"": 0.0, ""nstres"": 0.0}",0.0,0.0,574.4994354248047,0.0,0.9408301711082458,0.0,,0.0,0.0,30.0,150.0,16.898547363281253,28.898547363281253,Leave_One_experiments/all_year_offline_schedule_search/daily_outputs/FQA/FQA_2009_FQA2009_normal_grid_S0013_daily.csv
FQA,FQA,Fengqiu,2009,Leave_One_experiments\wth_generated_qc\FQA\FQA2009.WTH,normal_year;nitrogen_stress_year;low_response_year,normal,FQA2009_normal_grid_S0013,irrigation_positive_candidate,2009-07-13,194,38,33,"{""sim_day"": 38.0, ""doy"": 194.0, ""topwt"": 640.7882690429688, ""grnwt"": 0.0, ""xlai"": 1.0178585052490234, ""totir"": 0.0, ""tofer"": NaN, ""swfac"": 0.0, ""nstres"": 0.0}",0.0,0.0,640.7882690429688,0.0,1.0178585052490234,0.0,,0.0,0.0,30.0,150.0,16.898547363281253,28.898547363281253,Leave_One_experiments/all_year_offline_schedule_search/daily_outputs/FQA/FQA_2009_FQA2009_normal_grid_S0013_daily.csv
FQA,FQA,Fengqiu,2009,Leave_One_experiments\wth_generated_qc\FQA\FQA2009.WTH,normal_year;nitrogen_stress_year;low_response_year,normal,FQA2009_normal_grid_S0013,irrigation_positive_candidate,2009-07-14,195,39,34,"{""sim_day"": 39.0, ""doy"": 195.0, ""topwt"": 715.2774810791016, ""grnwt"": 0.0, ""xlai"": 1.100211262702942, ""totir"": 0.0, ""tofer"": NaN, ""swfac"": 0.0, ""nstres"": 0.0}",0.0,0.0,715.2774810791016,0.0,1.100211262702942,0.0,,0.0,0.0,30.0,150.0,16.898547363281253,28.898547363281253,Leave_One_experiments/all_year_offline_schedule_search/daily_outputs/FQA/FQA_2009_FQA2009_normal_grid_S0013_daily.csv
FQA,FQA,Fengqiu,2009,Leave_One_experiments\wth_generated_qc\FQA\FQA2009.WTH,normal_year;nitrogen_stress_year;low_response_year,normal,FQA2009_normal_grid_S0013,irrigation_positive_candidate,2009-07-15,196,40,35,"{""sim_day"": 40.0, ""doy"": 196.0, ""topwt"": 808.7251281738281, ""grnwt"": 0.0, ""xlai"": 1.1980648040771484, ""totir"": 0.0, ""tofer"": NaN, ""swfac"": 0.0, ""nstres"": 0.0}",0.0,0.0,808.7251281738281,0.0,1.1980648040771484,0.0,,0.0,0.0,30.0,150.0,16.898547363281253,28.898547363281253,Leave_One_experiments/all_year_offline_schedule_search/daily_outputs/FQA/FQA_2009_FQA2009_normal_grid_S0013_daily.csv
FQA,FQA,Fengqiu,2009,Leave_One_experiments\wth_generated_qc\FQA\FQA2009.WTH,normal_year;nitrogen_stress_year;low_response_year,normal,FQA2009_normal_grid_S0013,irrigation_positive_candidate,2009-07-16,197,41,36,"{""sim_day"": 41.0, ""doy"": 197.0, ""topwt"": 919.834442138672, ""grnwt"": 0.0, ""xlai"": 1.3077621459960938, ""totir"": 0.0, ""tofer"": NaN, ""swfac"": 0.0, ""nstres"": 0.0}",0.0,0.0,919.834442138672,0.0,1.3077621459960938,0.0,,0.0,0.0,30.0,150.0,16.898547363281253,28.898547363281253,Leave_One_experiments/all_year_offline_schedule_search/daily_outputs/FQA/FQA_2009_FQA2009_normal_grid_S0013_daily.csv
FQA,FQA,Fengqiu,2009,Leave_One_experiments\wth_generated_qc\FQA\FQA2009.WTH,normal_year;nitrogen_stress_year;low_response_year,normal,FQA2009_normal_grid_S0013,irrigation_positive_candidate,2009-07-17,198,42,37,"{""sim_day"": 42.0, ""doy"": 198.0, ""topwt"": 1014.8116302490234, ""grnwt"": 0.0, ""xlai"": 1.3970338106155396, ""totir"": 0.0, ""tofer"": NaN, ""swfac"": 0.0, ""nstres"": 0.0}",0.0,0.0,1014.8116302490234,0.0,1.3970338106155396,0.0,,0.0,0.0,30.0,150.0,16.898547363281253,28.898547363281253,Leave_One_experiments/all_year_offline_schedule_search/daily_outputs/FQA/FQA_2009_FQA2009_normal_grid_S0013_daily.csv
FQA,FQA,Fengqiu,2009,Leave_One_experiments\wth_generated_qc\FQA\FQA2009.WTH,normal_year;nitrogen_stress_year;low_response_year,normal,FQA2009_normal_grid_S0013,irrigation_positive_candidate,2009-07-18,199,43,38,"{""sim_day"": 43.0, ""doy"": 199.0, ""topwt"": 1124.7462463378906, ""grnwt"": 0.0, ""xlai"": 1.4954380989074707, ""totir"": 0.0, ""tofer"": NaN, ""swfac"": 0.0, ""nstres"": 0.0}",0.0,0.0,1124.7462463378906,0.0,1.4954380989074707,0.0,,0.0,0.0,30.0,150.0,16.898547363281253,28.898547363281253,Leave_One_experiments/all_year_offline_schedule_search/daily_outputs/FQA/FQA_2009_FQA2009_normal_grid_S0013_daily.csv
FQA,FQA,Fengqiu,2009,Leave_One_experiments\wth_generated_qc\FQA\FQA2009.WTH,normal_year;nitrogen_stress_year;low_response_year,normal,FQA2009_normal_grid_S0013,irrigation_positive_candidate,2009-07-19,200,44,39,"{""sim_day"": 44.0, ""doy"": 200.0, ""topwt"": 1294.08203125, ""grnwt"": 0.0, ""xlai"": 1.5640292167663574, ""totir"": 0.0, ""tofer"": NaN, ""swfac"": 0.0, ""nstres"": 0.0}",0.0,0.0,1294.08203125,0.0,1.5640292167663574,0.0,,0.0,0.0,30.0,150.0,16.898547363281253,28.898547363281253,Leave_One_experiments/all_year_offline_schedule_search/daily_outputs/FQA/FQA_2009_FQA2009_normal_grid_S0013_daily.csv
FQA,FQA,Fengqiu,2009,Leave_One_experiments\wth_generated_qc\FQA\FQA2009.WTH,normal_year;nitrogen_stress_year;low_response_year,normal,FQA2009_normal_grid_S0013,irrigation_positive_candidate,2009-07-20,201,45,40,"{""sim_day"": 45.0, ""doy"": 201.0, ""topwt"": 1485.7585144042969, ""grnwt"": 0.0, ""xlai"": 1.6359262466430664, ""totir"": 0.0, ""tofer"": NaN, ""swfac"": 0.0, ""nstres"": 0.0}",0.0,0.0,1485.7585144042969,0.0,1.6359262466430664,0.0,,0.0,0.0,30.0,150.0,16.898547363281253,28.898547363281253,Leave_One_experiments/all_year_offline_schedule_search/daily_outputs/FQA/FQA_2009_FQA2009_normal_grid_S0013_daily.csv
FQA,FQA,Fengqiu,2009,Leave_One_experiments\wth_generated_qc\FQA\FQA2009.WTH,normal_year;nitrogen_stress_year;low_response_year,normal,FQA2009_normal_grid_S0013,irrigation_positive_candidate,2009-07-21,202,46,41,"{""sim_day"": 46.0, ""doy"": 202.0, ""topwt"": 1544.6478271484375, ""grnwt"": 0.0, ""xlai"": 1.656628131866455, ""totir"": 0.0, ""tofer"": NaN, ""swfac"": 0.0, ""nstres"": 0.0}",0.0,0.0,1544.6478271484375,0.0,1.656628131866455,0.0,,0.0,0.0,30.0,150.0,16.898547363281253,28.898547363281253,Leave_One_experiments/all_year_offline_schedule_search/daily_outputs/FQA/FQA_2009_FQA2009_normal_grid_S0013_daily.csv
FQA,FQA,Fengqiu,2009,Leave_One_experiments\wth_generated_qc\FQA\FQA2009.WTH,normal_year;nitrogen_stress_year;low_response_year,normal,FQA2009_normal_grid_S0013,irrigation_positive_candidate,2009-07-22,203,47,42,"{""sim_day"": 47.0, ""doy"": 203.0, ""topwt"": 1802.010803222656, ""grnwt"": 0.0, ""xlai"": 1.7428820133209229, ""totir"": 0.0, ""tofer"": NaN, ""swfac"": 0.0, ""nstres"": 0.0}",0.0,0.0,1802.010803222656,0.0,1.7428820133209229,0.0,,0.0,0.0,30.0,150.0,16.898547363281253,28.898547363281253,Leave_One_experiments/all_year_offline_schedule_search/daily_outputs/FQA/FQA_2009_FQA2009_normal_grid_S0013_daily.csv
FQA,FQA,Fengqiu,2009,Leave_One_experiments\wth_generated_qc\FQA\FQA2009.WTH,normal_year;nitrogen_stress_year;low_response_year,normal,FQA2009_normal_grid_S0013,irrigation_positive_candidate,2009-07-23,204,48,43,"{""sim_day"": 48.0, ""doy"": 204.0, ""topwt"": 2021.250915527344, ""grnwt"": 0.0, ""xlai"": 1.8132325410842896, ""totir"": 0.0, ""tofer"": NaN, ""swfac"": 0.0, ""nstres"": 0.0}",0.0,0.0,2021.250915527344,0.0,1.8132325410842896,0.0,,0.0,0.0,30.0,150.0,16.898547363281253,28.898547363281253,Leave_One_experiments/all_year_offline_schedule_search/daily_outputs/FQA/FQA_2009_FQA2009_normal_grid_S0013_daily.csv
FQA,FQA,Fengqiu,2009,Leave_One_experiments\wth_generated_qc\FQA\FQA2009.WTH,normal_year;nitrogen_stress_year;low_response_year,normal,FQA2009_normal_grid_S0013,irrigation_positive_candidate,2009-07-24,205,49,44,"{""sim_day"": 49.0, ""doy"": 205.0, ""topwt"": 2248.07373046875, ""grnwt"": 0.0, ""xlai"": 1.8831589221954343, ""totir"": 0.0, ""tofer"": NaN, ""swfac"": 0.0, ""nstres"": 0.0}",0.0,0.0,2248.07373046875,0.0,1.8831589221954343,0.0,,0.0,0.0,30.0,150.0,16.898547363281253,28.898547363281253,Leave_One_experiments/all_year_offline_schedule_search/daily_outputs/FQA/FQA_2009_FQA2009_normal_grid_S0013_daily.csv
FQA,FQA,Fengqiu,2009,Leave_One_experiments\wth_generated_qc\FQA\FQA2009.WTH,normal_year;nitrogen_stress_year;low_response_year,normal,FQA2009_normal_grid_S0013,irrigation_positive_candidate,2009-07-25,206,50,45,"{""sim_day"": 50.0, ""doy"": 206.0, ""topwt"": 2458.617553710937, ""grnwt"": 0.0, ""xlai"": 1.945854663848877, ""totir"": 0.0, ""tofer"": NaN, ""swfac"": 0.0, ""nstres"": 0.0}",0.0,0.0,2458.617553710937,0.0,1.945854663848877,0.0,,0.0,0.0,30.0,150.0,16.898547363281253,28.898547363281253,Leave_One_experiments/all_year_offline_schedule_search/daily_outputs/FQA/FQA_2009_FQA2009_normal_grid_S0013_daily.csv
FQA,FQA,Fengqiu,2009,Leave_One_experiments\wth_generated_qc\FQA\FQA2009.WTH,normal_year;nitrogen_stress_year;low_response_year,normal,FQA2009_normal_grid_S0013,irrigation_positive_candidate,2009-07-26,207,51,46,"{""sim_day"": 51.0, ""doy"": 207.0, ""topwt"": 2676.2677001953125, ""grnwt"": 0.0, ""xlai"": 2.00849986076355, ""totir"": 0.0, ""tofer"": NaN, ""swfac"": 0.0, ""nstres"": 0.0}",0.0,0.0,2676.2677001953125,0.0,2.00849986076355,0.0,,0.0,0.0,30.0,150.0,16.898547363281253,28.898547363281253,Leave_One_experiments/all_year_offline_schedule_search/daily_outputs/FQA/FQA_2009_FQA2009_normal_grid_S0013_daily.csv
FQA,FQA,Fengqiu,2009,Leave_One_experiments\wth_generated_qc\FQA\FQA2009.WTH,normal_year;nitrogen_stress_year;low_response_year,normal,FQA2009_normal_grid_S0013,irrigation_positive_candidate,2009-07-27,208,52,47,"{""sim_day"": 52.0, ""doy"": 208.0, ""topwt"": 2920.75927734375, ""grnwt"": 0.0, ""xlai"": 2.076479911804199, ""totir"": 0.0, ""tofer"": NaN, ""swfac"": 0.0, ""nstres"": 0.0}",0.0,0.0,2920.75927734375,0.0,2.076479911804199,0.0,,0.0,0.0,30.0,150.0,16.898547363281253,28.898547363281253,Leave_One_experiments/all_year_offline_schedule_search/daily_outputs/FQA/FQA_2009_FQA2009_normal_grid_S0013_daily.csv
FQA,FQA,Fengqiu,2009,Leave_One_experiments\wth_generated_qc\FQA\FQA2009.WTH,normal_year;nitrogen_stress_year;low_response_year,normal,FQA2009_normal_grid_S0013,irrigation_positive_candidate,2009-07-28,209,53,48,"{""sim_day"": 53.0, ""doy"": 209.0, ""topwt"": 3149.554443359375, ""grnwt"": 0.0, ""xlai"": 2.138170957565308, ""totir"": 0.0, ""tofer"": NaN, ""swfac"": 0.0, ""nstres"": 0.0}",0.0,0.0,3149.554443359375,0.0,2.138170957565308,0.0,,0.0,0.0,30.0,150.0,16.898547363281253,28.898547363281253,Leave_One_experiments/all_year_offline_schedule_search/daily_outputs/FQA/FQA_2009_FQA2009_normal_grid_S0013_daily.csv
FQA,FQA,Fengqiu,2009,Leave_One_experiments\wth_generated_qc\FQA\FQA2009.WTH,normal_year;nitrogen_stress_year;low_response_year,normal,FQA2009_normal_grid_S0013,irrigation_positive_candidate,2009-07-29,210,54,49,"{""sim_day"": 54.0, ""doy"": 210.0, ""topwt"": 3378.212890625, ""grnwt"": 0.0, ""xlai"": 2.1980772018432617, ""totir"": 0.0, ""tofer"": NaN, ""swfac"": 0.0, ""nstres"": 0.0}",0.0,0.0,3378.212890625,0.0,2.1980772018432617,0.0,,0.0,0.0,30.0,150.0,16.898547363281253,28.898547363281253,Leave_One_experiments/all_year_offline_schedule_search/daily_outputs/FQA/FQA_2009_FQA2009_normal_grid_S0013_daily.csv
FQA,FQA,Fengqiu,2009,Leave_One_experiments\wth_generated_qc\FQA\FQA2009.WTH,normal_year;nitrogen_stress_year;low_response_year,normal,FQA2009_normal_grid_S0013,irrigation_positive_candidate,2009-07-30,211,55,50,"{""sim_day"": 55.0, ""doy"": 211.0, ""topwt"": 3611.3156127929688, ""grnwt"": 0.0, ""xlai"": 2.2574799060821533, ""totir"": 0.0, ""tofer"": NaN, ""swfac"": 0.0, ""nstres"": 0.0}",0.0,0.0,3611.3156127929688,0.0,2.2574799060821533,0.0,,0.0,0.0,30.0,150.0,16.898547363281253,28.898547363281253,Leave_One_experiments/all_year_offline_schedule_search/daily_outputs/FQA/FQA_2009_FQA2009_normal_grid_S0013_daily.csv
FQA,FQA,Fengqiu,2009,Leave_One_experiments\wth_generated_qc\FQA\FQA2009.WTH,normal_year;nitrogen_stress_year;low_response_year,normal,FQA2009_normal_grid_S0013,irrigation_positive_candidate,2009-07-31,212,56,51,"{""sim_day"": 56.0, ""doy"": 212.0, ""topwt"": 3846.5484619140634, ""grnwt"": 0.0, ""xlai"": 2.3170223236083984, ""totir"": 0.0, ""tofer"": NaN, ""swfac"": 0.0, ""nstres"": 0.0010966062545776}",0.0,0.0010966062545776,3846.5484619140634,0.0,2.3170223236083984,0.0,,0.0,0.0,30.0,150.0,16.898547363281253,28.898547363281253,Leave_One_experiments/all_year_offline_schedule_search/daily_outputs/FQA/FQA_2009_FQA2009_normal_grid_S0013_daily.csv
FQA,FQA,Fengqiu,2009,Leave_One_experiments\wth_generated_qc\FQA\FQA2009.WTH,normal_year;nitrogen_stress_year;low_response_year,normal,FQA2009_normal_grid_S0013,irrigation_positive_candidate,2009-08-01,213,57,52,"{""sim_day"": 57.0, ""doy"": 213.0, ""topwt"": 4078.907775878906, ""grnwt"": 0.0, ""xlai"": 2.3701956272125244, ""totir"": 0.0, ""tofer"": NaN, ""swfac"": 0.0, ""nstres"": 0.019755482673645}",0.0,0.019755482673645,4078.907775878906,0.0,2.3701956272125244,0.0,,0.0,0.0,30.0,150.0,16.898547363281253,28.898547363281253,Leave_One_experiments/all_year_offline_schedule_search/daily_outputs/FQA/FQA_2009_FQA2009_normal_grid_S0013_daily.csv
FQA,FQA,Fengqiu,2009,Leave_One_experiments\wth_generated_qc\FQA\FQA2009.WTH,normal_year;nitrogen_stress_year;low_response_year,normal,FQA2009_normal_grid_S0013,irrigation_positive_candidate,2009-08-02,214,58,53,"{""sim_day"": 58.0, ""doy"": 214.0, ""topwt"": 4175.202331542969, ""grnwt"": 0.0, ""xlai"": 2.394461154937744, ""totir"": 0.0, ""tofer"": NaN, ""swfac"": 0.0, ""nstres"": 0.0}",0.0,0.0,4175.202331542969,0.0,2.394461154937744,0.0,,0.0,0.0,30.0,150.0,16.898547363281253,28.898547363281253,Leave_One_experiments/all_year_offline_schedule_search/daily_outputs/FQA/FQA_2009_FQA2009_normal_grid_S0013_daily.csv
FQA,FQA,Fengqiu,2009,Leave_One_experiments\wth_generated_qc\FQA\FQA2009.WTH,normal_year;nitrogen_stress_year;low_response_year,normal,FQA2009_normal_grid_S0013,irrigation_positive_candidate,2009-08-03,215,59,54,"{""sim_day"": 59.0, ""doy"": 215.0, ""topwt"": 4411.8499755859375, ""grnwt"": 0.0, ""xlai"": 2.454476833343506, ""totir"": 0.0, ""tofer"": NaN, ""swfac"": 0.0, ""nstres"": 0.0}",0.0,0.0,4411.8499755859375,0.0,2.454476833343506,0.0,,0.0,0.0,30.0,150.0,16.898547363281253,28.898547363281253,Leave_One_experiments/all_year_offline_schedule_search/daily_outputs/FQA/FQA_2009_FQA2009_normal_grid_S0013_daily.csv
FQA,FQA,Fengqiu,2009,Leave_One_experiments\wth_generated_qc\FQA\FQA2009.WTH,normal_year;nitrogen_stress_year;low_response_year,normal,FQA2009_normal_grid_S0013,irrigation_positive_candidate,2009-08-04,216,60,55,"{""sim_day"": 60.0, ""doy"": 216.0, ""topwt"": 4462.79296875, ""grnwt"": 0.0, ""xlai"": 2.4671177864074707, ""totir"": 0.0, ""tofer"": NaN, ""swfac"": 0.0, ""nstres"": 0.0}",0.0,0.0,4462.79296875,0.0,2.4671177864074707,0.0,,0.0,0.0,30.0,150.0,16.898547363281253,28.898547363281253,Leave_One_experiments/all_year_offline_schedule_search/daily_outputs/FQA/FQA_2009_FQA2009_normal_grid_S0013_daily.csv
FQA,FQA,Fengqiu,2009,Leave_One_experiments\wth_generated_qc\FQA\FQA2009.WTH,normal_year;nitrogen_stress_year;low_response_year,normal,FQA2009_normal_grid_S0013,irrigation_positive_candidate,2009-08-05,217,61,56,"{""sim_day"": 61.0, ""doy"": 217.0, ""topwt"": 4643.258972167969, ""grnwt"": 0.0, ""xlai"": 2.5127525329589844, ""totir"": 0.0, ""tofer"": NaN, ""swfac"": 0.0, ""nstres"": 0.0}",0.0,0.0,4643.258972167969,0.0,2.5127525329589844,0.0,,0.0,0.0,30.0,150.0,16.898547363281253,28.898547363281253,Leave_One_experiments/all_year_offline_schedule_search/daily_outputs/FQA/FQA_2009_FQA2009_normal_grid_S0013_daily.csv
FQA,FQA,Fengqiu,2009,Leave_One_experiments\wth_generated_qc\FQA\FQA2009.WTH,normal_year;nitrogen_stress_year;low_response_year,normal,FQA2009_normal_grid_S0013,irrigation_positive_candidate,2009-08-06,218,62,57,"{""sim_day"": 62.0, ""doy"": 218.0, ""topwt"": 4865.221862792969, ""grnwt"": 0.0, ""xlai"": 2.568878173828125, ""totir"": 0.0, ""tofer"": NaN, ""swfac"": 0.0, ""nstres"": 0.0}",0.0,0.0,4865.221862792969,0.0,2.568878173828125,0.0,,0.0,0.0,30.0,150.0,16.898547363281253,28.898547363281253,Leave_One_experiments/all_year_offline_schedule_search/daily_outputs/FQA/FQA_2009_FQA2009_normal_grid_S0013_daily.csv
FQA,FQA,Fengqiu,2009,Leave_One_experiments\wth_generated_qc\FQA\FQA2009.WTH,normal_year;nitrogen_stress_year;low_response_year,normal,FQA2009_normal_grid_S0013,irrigation_positive_candidate,2009-08-07,219,63,58,"{""sim_day"": 63.0, ""doy"": 219.0, ""topwt"": 5015.212097167969, ""grnwt"": 0.0, ""xlai"": 2.60666561126709, ""totir"": 0.0, ""tofer"": NaN, ""swfac"": 0.0, ""nstres"": 0.0}",0.0,0.0,5015.212097167969,0.0,2.60666561126709,0.0,,0.0,0.0,30.0,150.0,16.898547363281253,28.898547363281253,Leave_One_experiments/all_year_offline_schedule_search/daily_outputs/FQA/FQA_2009_FQA2009_normal_grid_S0013_daily.csv
FQA,FQA,Fengqiu,2009,Leave_One_experiments\wth_generated_qc\FQA\FQA2009.WTH,normal_year;nitrogen_stress_year;low_response_year,normal,FQA2009_normal_grid_S0013,irrigation_positive_candidate,2009-08-08,220,64,59,"{""sim_day"": 64.0, ""doy"": 220.0, ""topwt"": 5322.0904541015625, ""grnwt"": 0.0, ""xlai"": 2.4902470111846924, ""totir"": 0.0, ""tofer"": NaN, ""swfac"": 0.0, ""nstres"": 0.0}",0.0,0.0,5322.0904541015625,0.0,2.4902470111846924,0.0,,0.0,0.0,30.0,150.0,16.898547363281253,28.898547363281253,Leave_One_experiments/all_year_offline_schedule_search/daily_outputs/FQA/FQA_2009_FQA2009_normal_grid_S0013_daily.csv
FQA,FQA,Fengqiu,2009,Leave_One_experiments\wth_generated_qc\FQA\FQA2009.WTH,normal_year;nitrogen_stress_year;low_response_year,normal,FQA2009_normal_grid_S0013,irrigation_positive_candidate,2009-08-09,221,65,60,"{""sim_day"": 65.0, ""doy"": 221.0, ""topwt"": 5554.100341796875, ""grnwt"": 0.0, ""xlai"": 2.4775991439819336, ""totir"": 0.0, ""tofer"": NaN, ""swfac"": 0.0, ""nstres"": 0.0}",0.0,0.0,5554.100341796875,0.0,2.4775991439819336,0.0,,0.0,50.0,30.0,150.0,16.898547363281253,28.898547363281253,Leave_One_experiments/all_year_offline_schedule_search/daily_outputs/FQA/FQA_2009_FQA2009_normal_grid_S0013_daily.csv
FQA,FQA,Fengqiu,2009,Leave_One_experiments\wth_generated_qc\FQA\FQA2009.WTH,normal_year;nitrogen_stress_year;low_response_year,normal,FQA2009_normal_grid_S0013,irrigation_positive_candidate,2009-08-10,222,66,61,"{""sim_day"": 66.0, ""doy"": 222.0, ""topwt"": 5858.4283447265625, ""grnwt"": 0.0, ""xlai"": 2.4642629623413086, ""totir"": 0.0, ""tofer"": NaN, ""swfac"": 0.0, ""nstres"": 0.0}",0.0,0.0,5858.4283447265625,0.0,2.4642629623413086,0.0,,0.0,0.0,30.0,150.0,16.898547363281253,28.898547363281253,Leave_One_experiments/all_year_offline_schedule_search/daily_outputs/FQA/FQA_2009_FQA2009_normal_grid_S0013_daily.csv
FQA,FQA,Fengqiu,2009,Leave_One_experiments\wth_generated_qc\FQA\FQA2009.WTH,normal_year;nitrogen_stress_year;low_response_year,normal,FQA2009_normal_grid_S0013,irrigation_positive_candidate,2009-08-11,223,67,62,"{""sim_day"": 67.0, ""doy"": 223.0, ""topwt"": 6232.4072265625, ""grnwt"": 0.0, ""xlai"": 2.451242208480835, ""totir"": 0.0, ""tofer"": NaN, ""swfac"": 0.0, ""nstres"": 0.0}",0.0,0.0,6232.4072265625,0.0,2.451242208480835,0.0,,0.0,0.0,30.0,150.0,16.898547363281253,28.898547363281253,Leave_One_experiments/all_year_offline_schedule_search/daily_outputs/FQA/FQA_2009_FQA2009_normal_grid_S0013_daily.csv
FQA,FQA,Fengqiu,2009,Leave_One_experiments\wth_generated_qc\FQA\FQA2009.WTH,normal_year;nitrogen_stress_year;low_response_year,normal,FQA2009_normal_grid_S0013,irrigation_positive_candidate,2009-08-12,224,68,63,"{""sim_day"": 68.0, ""doy"": 224.0, ""topwt"": 6604.33349609375, ""grnwt"": 0.0, ""xlai"": 2.439209461212158, ""totir"": 0.0, ""tofer"": NaN, ""swfac"": 0.0, ""nstres"": 0.0}",0.0,0.0,6604.33349609375,0.0,2.439209461212158,0.0,,0.0,0.0,30.0,150.0,16.898547363281253,28.898547363281253,Leave_One_experiments/all_year_offline_schedule_search/daily_outputs/FQA/FQA_2009_FQA2009_normal_grid_S0013_daily.csv
FQA,FQA,Fengqiu,2009,Leave_One_experiments\wth_generated_qc\FQA\FQA2009.WTH,normal_year;nitrogen_stress_year;low_response_year,normal,FQA2009_normal_grid_S0013,irrigation_positive_candidate,2009-08-13,225,69,64,"{""sim_day"": 69.0, ""doy"": 225.0, ""topwt"": 6946.42333984375, ""grnwt"": 0.0, ""xlai"": 2.426703691482544, ""totir"": 0.0, ""tofer"": NaN, ""swfac"": 0.0, ""nstres"": 0.0}",0.0,0.0,6946.42333984375,0.0,2.426703691482544,0.0,,0.0,0.0,30.0,150.0,16.898547363281253,28.898547363281253,Leave_One_experiments/all_year_offline_schedule_search/daily_outputs/FQA/FQA_2009_FQA2009_normal_grid_S0013_daily.csv
FQA,FQA,Fengqiu,2009,Leave_One_experiments\wth_generated_qc\FQA\FQA2009.WTH,normal_year;nitrogen_stress_year;low_response_year,normal,FQA2009_normal_grid_S0013,irrigation_positive_candidate,2009-08-14,226,70,65,"{""sim_day"": 70.0, ""doy"": 226.0, ""topwt"": 7231.79931640625, ""grnwt"": 0.0, ""xlai"": 2.413928270339966, ""totir"": 30.0, ""tofer"": NaN, ""swfac"": 0.0, ""nstres"": 0.0}",0.0,0.0,7231.79931640625,0.0,2.413928270339966,30.0,,30.0,0.0,30.0,150.0,16.898547363281253,28.898547363281253,Leave_One_experiments/all_year_offline_schedule_search/daily_outputs/FQA/FQA_2009_FQA2009_normal_grid_S0013_daily.csv
FQA,FQA,Fengqiu,2009,Leave_One_experiments\wth_generated_qc\FQA\FQA2009.WTH,normal_year;nitrogen_stress_year;low_response_year,normal,FQA2009_normal_grid_S0013,irrigation_positive_candidate,2009-08-15,227,71,66,"{""sim_day"": 71.0, ""doy"": 227.0, ""topwt"": 7488.8934326171875, ""grnwt"": 0.0, ""xlai"": 2.399972677230835, ""totir"": 30.0, ""tofer"": NaN, ""swfac"": 0.0, ""nstres"": 0.0}",0.0,0.0,7488.8934326171875,0.0,2.399972677230835,30.0,,0.0,0.0,30.0,150.0,16.898547363281253,28.898547363281253,Leave_One_experiments/all_year_offline_schedule_search/daily_outputs/FQA/FQA_2009_FQA2009_normal_grid_S0013_daily.csv
FQA,FQA,Fengqiu,2009,Leave_One_experiments\wth_generated_qc\FQA\FQA2009.WTH,normal_year;nitrogen_stress_year;low_response_year,normal,FQA2009_normal_grid_S0013,irrigation_positive_candidate,2009-08-16,228,72,67,"{""sim_day"": 72.0, ""doy"": 228.0, ""topwt"": 7492.667846679687, ""grnwt"": 0.0, ""xlai"": 2.3885045051574707, ""totir"": 30.0, ""tofer"": NaN, ""swfac"": 0.0, ""nstres"": 0.0}",0.0,0.0,7492.667846679687,0.0,2.3885045051574707,30.0,,0.0,0.0,30.0,150.0,16.898547363281253,28.898547363281253,Leave_One_experiments/all_year_offline_schedule_search/daily_outputs/FQA/FQA_2009_FQA2009_normal_grid_S0013_daily.csv
FQA,FQA,Fengqiu,2009,Leave_One_experiments\wth_generated_qc\FQA\FQA2009.WTH,normal_year;nitrogen_stress_year;low_response_year,normal,FQA2009_normal_grid_S0013,irrigation_positive_candidate,2009-08-17,229,73,68,"{""sim_day"": 73.0, ""doy"": 229.0, ""topwt"": 7776.6571044921875, ""grnwt"": 505.1542663574219, ""xlai"": 2.329414129257202, ""totir"": 30.0, ""tofer"": NaN, ""swfac"": 0.0, ""nstres"": 0.0}",0.0,0.0,7776.6571044921875,505.1542663574219,2.329414129257202,30.0,,0.0,0.0,30.0,150.0,16.898547363281253,28.898547363281253,Leave_One_experiments/all_year_offline_schedule_search/daily_outputs/FQA/FQA_2009_FQA2009_normal_grid_S0013_daily.csv
FQA,FQA,Fengqiu,2009,Leave_One_experiments\wth_generated_qc\FQA\FQA2009.WTH,normal_year;nitrogen_stress_year;low_response_year,normal,FQA2009_normal_grid_S0013,irrigation_positive_candidate,2009-08-18,230,74,69,"{""sim_day"": 74.0, ""doy"": 230.0, ""topwt"": 8100.1123046875, ""grnwt"": 937.6924896240234, ""xlai"": 2.317775249481201, ""totir"": 30.0, ""tofer"": NaN, ""swfac"": 0.0, ""nstres"": 0.0}",0.0,0.0,8100.1123046875,937.6924896240234,2.317775249481201,30.0,,0.0,0.0,30.0,150.0,16.898547363281253,28.898547363281253,Leave_One_experiments/all_year_offline_schedule_search/daily_outputs/FQA/FQA_2009_FQA2009_normal_grid_S0013_daily.csv
FQA,FQA,Fengqiu,2009,Leave_One_experiments\wth_generated_qc\FQA\FQA2009.WTH,normal_year;nitrogen_stress_year;low_response_year,normal,FQA2009_normal_grid_S0013,irrigation_positive_candidate,2009-08-19,231,75,70,"{""sim_day"": 75.0, ""doy"": 231.0, ""topwt"": 8427.970581054688, ""grnwt"": 1386.016845703125, ""xlai"": 2.303636074066162, ""totir"": 30.0, ""tofer"": NaN, ""swfac"": 0.0, ""nstres"": 0.0}",0.0,0.0,8427.970581054688,1386.016845703125,2.303636074066162,30.0,,0.0,0.0,30.0,150.0,16.898547363281253,28.898547363281253,Leave_One_experiments/all_year_offline_schedule_search/daily_outputs/FQA/FQA_2009_FQA2009_normal_grid_S0013_daily.csv
FQA,FQA,Fengqiu,2009,Leave_One_experiments\wth_generated_qc\FQA\FQA2009.WTH,normal_year;nitrogen_stress_year;low_response_year,normal,FQA2009_normal_grid_S0013,irrigation_positive_candidate,2009-08-20,232,76,71,"{""sim_day"": 76.0, ""doy"": 232.0, ""topwt"": 8551.02783203125, ""grnwt"": 1891.1711120605469, ""xlai"": 2.2908079624176025, ""totir"": 30.0, ""tofer"": NaN, ""swfac"": 0.0, ""nstres"": 0.0}",0.0,0.0,8551.02783203125,1891.1711120605469,2.2908079624176025,30.0,,0.0,0.0,30.0,150.0,16.898547363281253,28.898547363281253,Leave_One_experiments/all_year_offline_schedule_search/daily_outputs/FQA/FQA_2009_FQA2009_normal_grid_S0013_daily.csv
FQA,FQA,Fengqiu,2009,Leave_One_experiments\wth_generated_qc\FQA\FQA2009.WTH,normal_year;nitrogen_stress_year;low_response_year,normal,FQA2009_normal_grid_S0013,irrigation_positive_candidate,2009-08-21,233,77,72,"{""sim_day"": 77.0, ""doy"": 233.0, ""topwt"": 8360.28564453125, ""grnwt"": 1948.3523559570312, ""xlai"": 2.280900001525879, ""totir"": 30.0, ""tofer"": NaN, ""swfac"": 0.0, ""nstres"": 0.0}",0.0,0.0,8360.28564453125,1948.3523559570312,2.280900001525879,30.0,,0.0,0.0,30.0,150.0,16.898547363281253,28.898547363281253,Leave_One_experiments/all_year_offline_schedule_search/daily_outputs/FQA/FQA_2009_FQA2009_normal_grid_S0013_daily.csv
FQA,FQA,Fengqiu,2009,Leave_One_experiments\wth_generated_qc\FQA\FQA2009.WTH,normal_year;nitrogen_stress_year;low_response_year,normal,FQA2009_normal_grid_S0013,irrigation_positive_candidate,2009-08-22,234,78,73,"{""sim_day"": 78.0, ""doy"": 234.0, ""topwt"": 8709.466552734375, ""grnwt"": 2297.533569335937, ""xlai"": 2.2652299404144287, ""totir"": 30.0, ""tofer"": NaN, ""swfac"": 0.0, ""nstres"": 0.0}",0.0,0.0,8709.466552734375,2297.533569335937,2.2652299404144287,30.0,,0.0,0.0,30.0,150.0,16.898547363281253,28.898547363281253,Leave_One_experiments/all_year_offline_schedule_search/daily_outputs/FQA/FQA_2009_FQA2009_normal_grid_S0013_daily.csv
FQA,FQA,Fengqiu,2009,Leave_One_experiments\wth_generated_qc\FQA\FQA2009.WTH,normal_year;nitrogen_stress_year;low_response_year,normal,FQA2009_normal_grid_S0013,irrigation_positive_candidate,2009-08-23,235,79,74,"{""sim_day"": 79.0, ""doy"": 235.0, ""topwt"": 8953.855590820312, ""grnwt"": 2541.9223022460938, ""xlai"": 2.246098279953003, ""totir"": 30.0, ""tofer"": NaN, ""swfac"": 0.0, ""nstres"": 0.0}",0.0,0.0,8953.855590820312,2541.9223022460938,2.246098279953003,30.0,,0.0,0.0,30.0,150.0,16.898547363281253,28.898547363281253,Leave_One_experiments/all_year_offline_schedule_search/daily_outputs/FQA/FQA_2009_FQA2009_normal_grid_S0013_daily.csv
FQA,FQA,Fengqiu,2009,Leave_One_experiments\wth_generated_qc\FQA\FQA2009.WTH,normal_year;nitrogen_stress_year;low_response_year,normal,FQA2009_normal_grid_S0013,irrigation_positive_candidate,2009-08-24,236,80,75,"{""sim_day"": 80.0, ""doy"": 236.0, ""topwt"": 9220.718383789062, ""grnwt"": 2808.7847900390625, ""xlai"": 2.2221920490264893, ""totir"": 30.0, ""tofer"": NaN, ""swfac"": 0.0, ""nstres"": 0.0}",0.0,0.0,9220.718383789062,2808.7847900390625,2.2221920490264893,30.0,,0.0,0.0,30.0,150.0,16.898547363281253,28.898547363281253,Leave_One_experiments/all_year_offline_schedule_search/daily_outputs/FQA/FQA_2009_FQA2009_normal_grid_S0013_daily.csv
FQA,FQA,Fengqiu,2009,Leave_One_experiments\wth_generated_qc\FQA\FQA2009.WTH,normal_year;nitrogen_stress_year;low_response_year,normal,FQA2009_normal_grid_S0013,irrigation_positive_candidate,2009-08-25,237,81,76,"{""sim_day"": 81.0, ""doy"": 237.0, ""topwt"": 9458.137817382812, ""grnwt"": 3046.2045288085938, ""xlai"": 2.195134401321411, ""totir"": 30.0, ""tofer"": NaN, ""swfac"": 0.0, ""nstres"": 0.0}",0.0,0.0,9458.137817382812,3046.2045288085938,2.195134401321411,30.0,,0.0,0.0,30.0,150.0,16.898547363281253,28.898547363281253,Leave_One_experiments/all_year_offline_schedule_search/daily_outputs/FQA/FQA_2009_FQA2009_normal_grid_S0013_daily.csv
FQA,FQA,Fengqiu,2009,Leave_One_experiments\wth_generated_qc\FQA\FQA2009.WTH,normal_year;nitrogen_stress_year;low_response_year,normal,FQA2009_normal_grid_S0013,irrigation_positive_candidate,2009-08-26,238,82,77,"{""sim_day"": 82.0, ""doy"": 238.0, ""topwt"": 9819.818725585938, ""grnwt"": 3407.885131835937, ""xlai"": 2.164034366607666, ""totir"": 30.0, ""tofer"": NaN, ""swfac"": 0.0, ""nstres"": 0.0}",0.0,0.0,9819.818725585938,3407.885131835937,2.164034366607666,30.0,,0.0,0.0,30.0,150.0,16.898547363281253,28.898547363281253,Leave_One_experiments/all_year_offline_schedule_search/daily_outputs/FQA/FQA_2009_FQA2009_normal_grid_S0013_daily.csv
FQA,FQA,Fengqiu,2009,Leave_One_experiments\wth_generated_qc\FQA\FQA2009.WTH,normal_year;nitrogen_stress_year;low_response_year,normal,FQA2009_normal_grid_S0013,irrigation_positive_candidate,2009-08-27,239,83,78,"{""sim_day"": 83.0, ""doy"": 239.0, ""topwt"": 10021.690063476562, ""grnwt"": 3609.756774902344, ""xlai"": 2.1321120262146, ""totir"": 30.0, ""tofer"": NaN, ""swfac"": 0.0, ""nstres"": 0.0}",0.0,0.0,10021.690063476562,3609.756774902344,2.1321120262146,30.0,,0.0,0.0,30.0,150.0,16.898547363281253,28.898547363281253,Leave_One_experiments/all_year_offline_schedule_search/daily_outputs/FQA/FQA_2009_FQA2009_normal_grid_S0013_daily.csv
FQA,FQA,Fengqiu,2009,Leave_One_experiments\wth_generated_qc\FQA\FQA2009.WTH,normal_year;nitrogen_stress_year;low_response_year,normal,FQA2009_normal_grid_S0013,irrigation_positive_candidate,2009-08-28,240,84,79,"{""sim_day"": 84.0, ""doy"": 240.0, ""topwt"": 10111.365356445312, ""grnwt"": 3699.431762695313, ""xlai"": 2.107617855072021, ""totir"": 30.0, ""tofer"": NaN, ""swfac"": 0.0, ""nstres"": 0.0}",0.0,0.0,10111.365356445312,3699.431762695313,2.107617855072021,30.0,,0.0,0.0,30.0,150.0,16.898547363281253,28.898547363281253,Leave_One_experiments/all_year_offline_schedule_search/daily_outputs/FQA/FQA_2009_FQA2009_normal_grid_S0013_daily.csv
FQA,FQA,Fengqiu,2009,Leave_One_experiments\wth_generated_qc\FQA\FQA2009.WTH,normal_year;nitrogen_stress_year;low_response_year,normal,FQA2009_normal_grid_S0013,irrigation_positive_candidate,2009-08-29,241,85,80,"{""sim_day"": 85.0, ""doy"": 241.0, ""topwt"": 10505.517578125, ""grnwt"": 4093.5845947265625, ""xlai"": 2.085626602172852, ""totir"": 30.0, ""tofer"": NaN, ""swfac"": 0.0, ""nstres"": 0.0}",0.0,0.0,10505.517578125,4093.5845947265625,2.085626602172852,30.0,,0.0,0.0,30.0,150.0,16.898547363281253,28.898547363281253,Leave_One_experiments/all_year_offline_schedule_search/daily_outputs/FQA/FQA_2009_FQA2009_normal_grid_S0013_daily.csv
FQA,FQA,Fengqiu,2009,Leave_One_experiments\wth_generated_qc\FQA\FQA2009.WTH,normal_year;nitrogen_stress_year;low_response_year,normal,FQA2009_normal_grid_S0013,irrigation_positive_candidate,2009-08-30,242,86,81,"{""sim_day"": 86.0, ""doy"": 242.0, ""topwt"": 10892.960205078123, ""grnwt"": 4481.026611328125, ""xlai"": 2.0587947368621826, ""totir"": 30.0, ""tofer"": NaN, ""swfac"": 0.0, ""nstres"": 0.0}",0.0,0.0,10892.960205078123,4481.026611328125,2.0587947368621826,30.0,,0.0,0.0,30.0,150.0,16.898547363281253,28.898547363281253,Leave_One_experiments/all_year_offline_schedule_search/daily_outputs/FQA/FQA_2009_FQA2009_normal_grid_S0013_daily.csv
FQA,FQA,Fengqiu,2009,Leave_One_experiments\wth_generated_qc\FQA\FQA2009.WTH,normal_year;nitrogen_stress_year;low_response_year,normal,FQA2009_normal_grid_S0013,irrigation_positive_candidate,2009-08-31,243,87,82,"{""sim_day"": 87.0, ""doy"": 243.0, ""topwt"": 11181.826171875, ""grnwt"": 4769.891662597656, ""xlai"": 2.029239654541016, ""totir"": 30.0, ""tofer"": NaN, ""swfac"": 0.0, ""nstres"": 0.0}",0.0,0.0,11181.826171875,4769.891662597656,2.029239654541016,30.0,,0.0,0.0,30.0,150.0,16.898547363281253,28.898547363281253,Leave_One_experiments/all_year_offline_schedule_search/daily_outputs/FQA/FQA_2009_FQA2009_normal_grid_S0013_daily.csv
FQA,FQA,Fengqiu,2009,Leave_One_experiments\wth_generated_qc\FQA\FQA2009.WTH,normal_year;nitrogen_stress_year;low_response_year,normal,FQA2009_normal_grid_S0013,irrigation_positive_candidate,2009-09-01,244,88,83,"{""sim_day"": 88.0, ""doy"": 244.0, ""topwt"": 11471.951904296877, ""grnwt"": 5060.018005371094, ""xlai"": 1.9893031120300293, ""totir"": 30.0, ""tofer"": NaN, ""swfac"": 0.0, ""nstres"": 0.0}",0.0,0.0,11471.951904296877,5060.018005371094,1.9893031120300293,30.0,,0.0,0.0,30.0,150.0,16.898547363281253,28.898547363281253,Leave_One_experiments/all_year_offline_schedule_search/daily_outputs/FQA/FQA_2009_FQA2009_normal_grid_S0013_daily.csv
FQA,FQA,Fengqiu,2009,Leave_One_experiments\wth_generated_qc\FQA\FQA2009.WTH,normal_year;nitrogen_stress_year;low_response_year,normal,FQA2009_normal_grid_S0013,irrigation_positive_candidate,2009-09-02,245,89,84,"{""sim_day"": 89.0, ""doy"": 245.0, ""topwt"": 11629.88037109375, ""grnwt"": 5217.9473876953125, ""xlai"": 1.9425374269485476, ""totir"": 30.0, ""tofer"": NaN, ""swfac"": 0.0, ""nstres"": 0.0}",0.0,0.0,11629.88037109375,5217.9473876953125,1.9425374269485476,30.0,,0.0,0.0,30.0,150.0,16.898547363281253,28.898547363281253,Leave_One_experiments/all_year_offline_schedule_search/daily_outputs/FQA/FQA_2009_FQA2009_normal_grid_S0013_daily.csv
FQA,FQA,Fengqiu,2009,Leave_One_experiments\wth_generated_qc\FQA\FQA2009.WTH,normal_year;nitrogen_stress_year;low_response_year,normal,FQA2009_normal_grid_S0013,irrigation_positive_candidate,2009-09-03,246,90,85,"{""sim_day"": 90.0, ""doy"": 246.0, ""topwt"": 11873.46435546875, ""grnwt"": 5461.53076171875, ""xlai"": 1.8854972124099727, ""totir"": 30.0, ""tofer"": NaN, ""swfac"": 0.0, ""nstres"": 0.0}",0.0,0.0,11873.46435546875,5461.53076171875,1.8854972124099727,30.0,,0.0,0.0,30.0,150.0,16.898547363281253,28.898547363281253,Leave_One_experiments/all_year_offline_schedule_search/daily_outputs/FQA/FQA_2009_FQA2009_normal_grid_S0013_daily.csv
FQA,FQA,Fengqiu,2009,Leave_One_experiments\wth_generated_qc\FQA\FQA2009.WTH,normal_year;nitrogen_stress_year;low_response_year,normal,FQA2009_normal_grid_S0013,irrigation_positive_candidate,2009-09-04,247,91,86,"{""sim_day"": 91.0, ""doy"": 247.0, ""topwt"": 12090.4443359375, ""grnwt"": 5678.511352539063, ""xlai"": 1.818149209022522, ""totir"": 30.0, ""tofer"": NaN, ""swfac"": 0.0, ""nstres"": 0.0}",0.0,0.0,12090.4443359375,5678.511352539063,1.818149209022522,30.0,,0.0,0.0,30.0,150.0,16.898547363281253,28.898547363281253,Leave_One_experiments/all_year_offline_schedule_search/daily_outputs/FQA/FQA_2009_FQA2009_normal_grid_S0013_daily.csv
FQA,FQA,Fengqiu,2009,Leave_One_experiments\wth_generated_qc\FQA\FQA2009.WTH,normal_year;nitrogen_stress_year;low_response_year,normal,FQA2009_normal_grid_S0013,irrigation_positive_candidate,2009-09-05,248,92,87,"{""sim_day"": 92.0, ""doy"": 248.0, ""topwt"": 12162.977294921877, ""grnwt"": 5751.043701171875, ""xlai"": 1.7688096761703491, ""totir"": 30.0, ""tofer"": NaN, ""swfac"": 0.0, ""nstres"": 0.0}",0.0,0.0,12162.977294921877,5751.043701171875,1.7688096761703491,30.0,,0.0,0.0,30.0,150.0,16.898547363281253,28.898547363281253,Leave_One_experiments/all_year_offline_schedule_search/daily_outputs/FQA/FQA_2009_FQA2009_normal_grid_S0013_daily.csv
FQA,FQA,Fengqiu,2009,Leave_One_experiments\wth_generated_qc\FQA\FQA2009.WTH,normal_year;nitrogen_stress_year;low_response_year,normal,FQA2009_normal_grid_S0013,irrigation_positive_candidate,2009-09-06,249,93,88,"{""sim_day"": 93.0, ""doy"": 249.0, ""topwt"": 12199.55322265625, ""grnwt"": 5787.619018554688, ""xlai"": 1.7398425340652466, ""totir"": 30.0, ""tofer"": NaN, ""swfac"": 0.0, ""nstres"": 0.0}",0.0,0.0,12199.55322265625,5787.619018554688,1.7398425340652466,30.0,,0.0,0.0,30.0,150.0,16.898547363281253,28.898547363281253,Leave_One_experiments/all_year_offline_schedule_search/daily_outputs/FQA/FQA_2009_FQA2009_normal_grid_S0013_daily.csv
FQA,FQA,Fengqiu,2009,Leave_One_experiments\wth_generated_qc\FQA\FQA2009.WTH,normal_year;nitrogen_stress_year;low_response_year,normal,FQA2009_normal_grid_S0013,irrigation_positive_candidate,2009-09-07,250,94,89,"{""sim_day"": 94.0, ""doy"": 250.0, ""topwt"": 12292.6123046875, ""grnwt"": 5880.679321289063, ""xlai"": 1.7051042318344116, ""totir"": 30.0, ""tofer"": NaN, ""swfac"": 0.0, ""nstres"": 0.0}",0.0,0.0,12292.6123046875,5880.679321289063,1.7051042318344116,30.0,,0.0,0.0,30.0,150.0,16.898547363281253,28.898547363281253,Leave_One_experiments/all_year_offline_schedule_search/daily_outputs/FQA/FQA_2009_FQA2009_normal_grid_S0013_daily.csv
FQA,FQA,Fengqiu,2009,Leave_One_experiments\wth_generated_qc\FQA\FQA2009.WTH,normal_year;nitrogen_stress_year;low_response_year,normal,FQA2009_normal_grid_S0013,irrigation_positive_candidate,2009-09-08,251,95,90,"{""sim_day"": 95.0, ""doy"": 251.0, ""topwt"": 12586.37451171875, ""grnwt"": 6174.44091796875, ""xlai"": 1.6583518981933594, ""totir"": 30.0, ""tofer"": NaN, ""swfac"": 0.0, ""nstres"": 0.0}",0.0,0.0,12586.37451171875,6174.44091796875,1.6583518981933594,30.0,,0.0,0.0,30.0,150.0,16.898547363281253,28.898547363281253,Leave_One_experiments/all_year_offline_schedule_search/daily_outputs/FQA/FQA_2009_FQA2009_normal_grid_S0013_daily.csv
FQA,FQA,Fengqiu,2009,Leave_One_experiments\wth_generated_qc\FQA\FQA2009.WTH,normal_year;nitrogen_stress_year;low_response_year,normal,FQA2009_normal_grid_S0013,irrigation_positive_candidate,2009-09-09,252,96,91,"{""sim_day"": 96.0, ""doy"": 252.0, ""topwt"": 12631.0107421875, ""grnwt"": 6219.0765380859375, ""xlai"": 1.6151647567749023, ""totir"": 30.0, ""tofer"": NaN, ""swfac"": 0.0, ""nstres"": 0.0}",0.0,0.0,12631.0107421875,6219.0765380859375,1.6151647567749023,30.0,,0.0,0.0,30.0,150.0,16.898547363281253,28.898547363281253,Leave_One_experiments/all_year_offline_schedule_search/daily_outputs/FQA/FQA_2009_FQA2009_normal_grid_S0013_daily.csv
FQA,FQA,Fengqiu,2009,Leave_One_experiments\wth_generated_qc\FQA\FQA2009.WTH,normal_year;nitrogen_stress_year;low_response_year,normal,FQA2009_normal_grid_S0013,irrigation_positive_candidate,2009-09-10,253,97,92,"{""sim_day"": 97.0, ""doy"": 253.0, ""topwt"": 12689.19921875, ""grnwt"": 6277.265625, ""xlai"": 1.5647287368774414, ""totir"": 30.0, ""tofer"": NaN, ""swfac"": 0.0, ""nstres"": 0.0}",0.0,0.0,12689.19921875,6277.265625,1.5647287368774414,30.0,,0.0,0.0,30.0,150.0,16.898547363281253,28.898547363281253,Leave_One_experiments/all_year_offline_schedule_search/daily_outputs/FQA/FQA_2009_FQA2009_normal_grid_S0013_daily.csv
FQA,FQA,Fengqiu,2009,Leave_One_experiments\wth_generated_qc\FQA\FQA2009.WTH,normal_year;nitrogen_stress_year;low_response_year,normal,FQA2009_normal_grid_S0013,irrigation_positive_candidate,2009-09-11,254,98,93,"{""sim_day"": 98.0, ""doy"": 254.0, ""topwt"": 12825.85205078125, ""grnwt"": 6413.917846679688, ""xlai"": 1.5108623504638672, ""totir"": 30.0, ""tofer"": NaN, ""swfac"": 0.0, ""nstres"": 0.0}",0.0,0.0,12825.85205078125,6413.917846679688,1.5108623504638672,30.0,,0.0,0.0,30.0,150.0,16.898547363281253,28.898547363281253,Leave_One_experiments/all_year_offline_schedule_search/daily_outputs/FQA/FQA_2009_FQA2009_normal_grid_S0013_daily.csv
FQA,FQA,Fengqiu,2009,Leave_One_experiments\wth_generated_qc\FQA\FQA2009.WTH,normal_year;nitrogen_stress_year;low_response_year,normal,FQA2009_normal_grid_S0013,irrigation_positive_candidate,2009-09-12,255,99,94,"{""sim_day"": 99.0, ""doy"": 255.0, ""topwt"": 12872.32666015625, ""grnwt"": 6460.39306640625, ""xlai"": 1.4601231813430786, ""totir"": 30.0, ""tofer"": NaN, ""swfac"": 0.0, ""nstres"": 0.0}",0.0,0.0,12872.32666015625,6460.39306640625,1.4601231813430786,30.0,,0.0,0.0,30.0,150.0,16.898547363281253,28.898547363281253,Leave_One_experiments/all_year_offline_schedule_search/daily_outputs/FQA/FQA_2009_FQA2009_normal_grid_S0013_daily.csv
FQA,FQA,Fengqiu,2009,Leave_One_experiments\wth_generated_qc\FQA\FQA2009.WTH,normal_year;nitrogen_stress_year;low_response_year,normal,FQA2009_normal_grid_S0013,irrigation_positive_candidate,2009-09-13,256,100,95,"{""sim_day"": 100.0, ""doy"": 256.0, ""topwt"": 12944.6923828125, ""grnwt"": 6532.7587890625, ""xlai"": 1.4066212177276611, ""totir"": 30.0, ""tofer"": NaN, ""swfac"": 0.0, ""nstres"": 0.0}",0.0,0.0,12944.6923828125,6532.7587890625,1.4066212177276611,30.0,,0.0,0.0,30.0,150.0,16.898547363281253,28.898547363281253,Leave_One_experiments/all_year_offline_schedule_search/daily_outputs/FQA/FQA_2009_FQA2009_normal_grid_S0013_daily.csv
FQA,FQA,Fengqiu,2009,Leave_One_experiments\wth_generated_qc\FQA\FQA2009.WTH,normal_year;nitrogen_stress_year;low_response_year,normal,FQA2009_normal_grid_S0013,irrigation_positive_candidate,2009-09-14,257,101,96,"{""sim_day"": 101.0, ""doy"": 257.0, ""topwt"": 13172.784423828123, ""grnwt"": 6760.851440429688, ""xlai"": 1.334496259689331, ""totir"": 30.0, ""tofer"": NaN, ""swfac"": 0.0, ""nstres"": 0.0}",0.0,0.0,13172.784423828123,6760.851440429688,1.334496259689331,30.0,,0.0,0.0,30.0,150.0,16.898547363281253,28.898547363281253,Leave_One_experiments/all_year_offline_schedule_search/daily_outputs/FQA/FQA_2009_FQA2009_normal_grid_S0013_daily.csv
FQA,FQA,Fengqiu,2009,Leave_One_experiments\wth_generated_qc\FQA\FQA2009.WTH,normal_year;nitrogen_stress_year;low_response_year,normal,FQA2009_normal_grid_S0013,irrigation_positive_candidate,2009-09-15,258,102,97,"{""sim_day"": 102.0, ""doy"": 258.0, ""topwt"": 13219.761962890623, ""grnwt"": 6807.828979492188, ""xlai"": 1.2690802812576294, ""totir"": 30.0, ""tofer"": NaN, ""swfac"": 0.0, ""nstres"": 0.0}",0.0,0.0,13219.761962890623,6807.828979492188,1.2690802812576294,30.0,,0.0,0.0,30.0,150.0,16.898547363281253,28.898547363281253,Leave_One_experiments/all_year_offline_schedule_search/daily_outputs/FQA/FQA_2009_FQA2009_normal_grid_S0013_daily.csv
FQA,FQA,Fengqiu,2009,Leave_One_experiments\wth_generated_qc\FQA\FQA2009.WTH,normal_year;nitrogen_stress_year;low_response_year,normal,FQA2009_normal_grid_S0013,irrigation_positive_candidate,2009-09-16,259,103,98,"{""sim_day"": 103.0, ""doy"": 259.0, ""topwt"": 13264.06005859375, ""grnwt"": 6852.1270751953125, ""xlai"": 1.196197509765625, ""totir"": 30.0, ""tofer"": NaN, ""swfac"": 0.0, ""nstres"": 0.0}",0.0,0.0,13264.06005859375,6852.1270751953125,1.196197509765625,30.0,,0.0,0.0,30.0,150.0,16.898547363281253,28.898547363281253,Leave_One_experiments/all_year_offline_schedule_search/daily_outputs/FQA/FQA_2009_FQA2009_normal_grid_S0013_daily.csv
FQA,FQA,Fengqiu,2009,Leave_One_experiments\wth_generated_qc\FQA\FQA2009.WTH,normal_year;nitrogen_stress_year;low_response_year,normal,FQA2009_normal_grid_S0013,irrigation_positive_candidate,2009-09-17,260,104,99,"{""sim_day"": 104.0, ""doy"": 260.0, ""topwt"": 13293.67919921875, ""grnwt"": 6881.7462158203125, ""xlai"": 1.1272400617599487, ""totir"": 30.0, ""tofer"": NaN, ""swfac"": 0.0, ""nstres"": 0.0}",0.0,0.0,13293.67919921875,6881.7462158203125,1.1272400617599487,30.0,,0.0,0.0,30.0,150.0,16.898547363281253,28.898547363281253,Leave_One_experiments/all_year_offline_schedule_search/daily_outputs/FQA/FQA_2009_FQA2009_normal_grid_S0013_daily.csv
FQA,FQA,Fengqiu,2009,Leave_One_experiments\wth_generated_qc\FQA\FQA2009.WTH,normal_year;nitrogen_stress_year;low_response_year,normal,FQA2009_normal_grid_S0013,irrigation_positive_candidate,2009-09-18,261,105,100,"{""sim_day"": 105.0, ""doy"": 261.0, ""topwt"": 13351.787109375, ""grnwt"": 6939.854736328125, ""xlai"": 1.040829300880432, ""totir"": 30.0, ""tofer"": NaN, ""swfac"": 0.0, ""nstres"": 0.0}",0.0,0.0,13351.787109375,6939.854736328125,1.040829300880432,30.0,,0.0,0.0,30.0,150.0,16.898547363281253,28.898547363281253,Leave_One_experiments/all_year_offline_schedule_search/daily_outputs/FQA/FQA_2009_FQA2009_normal_grid_S0013_daily.csv
FQA,FQA,Fengqiu,2009,Leave_One_experiments\wth_generated_qc\FQA\FQA2009.WTH,normal_year;nitrogen_stress_year;low_response_year,normal,FQA2009_normal_grid_S0013,irrigation_positive_candidate,2009-09-19,262,106,101,"{""sim_day"": 106.0, ""doy"": 262.0, ""topwt"": 13351.787109375, ""grnwt"": 6939.854736328125, ""xlai"": 1.040829300880432, ""totir"": 30.0, ""tofer"": NaN, ""swfac"": 0.0, ""nstres"": 0.0}",0.0,0.0,13351.787109375,6939.854736328125,1.040829300880432,30.0,,0.0,0.0,30.0,150.0,16.898547363281253,28.898547363281253,Leave_One_experiments/all_year_offline_schedule_search/daily_outputs/FQA/FQA_2009_FQA2009_normal_grid_S0013_daily.csv
FQA,FQA,Fengqiu,2009,Leave_One_experiments\wth_generated_qc\FQA\FQA2009.WTH,normal_year;nitrogen_stress_year;low_response_year,normal,FQA2009_normal_grid_S0013,irrigation_positive_candidate,2009-09-20,263,107,102,"{""sim_day"": 107.0, ""doy"": 263.0, ""topwt"": 13351.787109375, ""grnwt"": 6939.854736328125, ""xlai"": 1.040829300880432, ""totir"": 30.0, ""tofer"": NaN, ""swfac"": 0.0, ""nstres"": 0.0}",0.0,0.0,13351.787109375,6939.854736328125,1.040829300880432,30.0,,0.0,0.0,30.0,150.0,16.898547363281253,28.898547363281253,Leave_One_experiments/all_year_offline_schedule_search/daily_outputs/FQA/FQA_2009_FQA2009_normal_grid_S0013_daily.csv
FQA,FQA,Fengqiu,2009,Leave_One_experiments\wth_generated_qc\FQA\FQA2009.WTH,normal_year;nitrogen_stress_year;low_response_year,normal,FQA2009_normal_grid_S0013,irrigation_positive_candidate,2009-09-21,264,108,103,"{""sim_day"": 108.0, ""doy"": 264.0, ""topwt"": 13351.787109375, ""grnwt"": 6939.854736328125, ""xlai"": 1.040829300880432, ""totir"": 30.0, ""tofer"": NaN, ""swfac"": 0.0, ""nstres"": 0.0}",0.0,0.0,13351.787109375,6939.854736328125,1.040829300880432,30.0,,0.0,0.0,30.0,150.0,16.898547363281253,28.898547363281253,Leave_One_experiments/all_year_offline_schedule_search/daily_outputs/FQA/FQA_2009_FQA2009_normal_grid_S0013_daily.csv
FQA,FQA,Fengqiu,2009,Leave_One_experiments\wth_generated_qc\FQA\FQA2009.WTH,normal_year;nitrogen_stress_year;low_response_year,normal,FQA2009_normal_grid_S0013,irrigation_positive_candidate,2009-09-22,265,109,104,"{""sim_day"": 109.0, ""doy"": 265.0, ""topwt"": 13351.787109375, ""grnwt"": 6939.854736328125, ""xlai"": 1.040829300880432, ""totir"": 30.0, ""tofer"": NaN, ""swfac"": 0.0, ""nstres"": 0.0}",0.0,0.0,13351.787109375,6939.854736328125,1.040829300880432,30.0,,0.0,0.0,30.0,150.0,16.898547363281253,28.898547363281253,Leave_One_experiments/all_year_offline_schedule_search/daily_outputs/FQA/FQA_2009_FQA2009_normal_grid_S0013_daily.csv
FQA,FQA,Fengqiu,2009,Leave_One_experiments\wth_generated_qc\FQA\FQA2009.WTH,normal_year;nitrogen_stress_year;low_response_year,normal,FQA2009_normal_grid_S0010,low_input_within_10pct_yield,2009-06-11,162,1,1,"{""sim_day"": 1.0, ""doy"": 162.0, ""topwt"": 0.0, ""grnwt"": 0.0, ""xlai"": 0.0, ""totir"": 0.0, ""tofer"": NaN, ""swfac"": 0.0, ""nstres"": 0.0}",0.0,0.0,0.0,0.0,0.0,0.0,,0.0,50.0,0.0,150.0,31.898547363281253,31.898547363281253,Leave_One_experiments/all_year_offline_schedule_search/daily_outputs/FQA/FQA_2009_FQA2009_normal_grid_S0010_daily.csv
FQA,FQA,Fengqiu,2009,Leave_One_experiments\wth_generated_qc\FQA\FQA2009.WTH,normal_year;nitrogen_stress_year;low_response_year,normal,FQA2009_normal_grid_S0010,low_input_within_10pct_yield,2009-06-12,163,2,2,"{""sim_day"": 2.0, ""doy"": 163.0, ""topwt"": 0.0, ""grnwt"": 0.0, ""xlai"": 0.0, ""totir"": 0.0, ""tofer"": NaN, ""swfac"": 0.0, ""nstres"": 0.0}",0.0,0.0,0.0,0.0,0.0,0.0,,0.0,0.0,0.0,150.0,31.898547363281253,31.898547363281253,Leave_One_experiments/all_year_offline_schedule_search/daily_outputs/FQA/FQA_2009_FQA2009_normal_grid_S0010_daily.csv
FQA,FQA,Fengqiu,2009,Leave_One_experiments\wth_generated_qc\FQA\FQA2009.WTH,normal_year;nitrogen_stress_year;low_response_year,normal,FQA2009_normal_grid_S0010,low_input_within_10pct_yield,2009-06-13,164,3,3,"{""sim_day"": 3.0, ""doy"": 164.0, ""topwt"": 0.0, ""grnwt"": 0.0, ""xlai"": 0.0, ""totir"": 0.0, ""tofer"": NaN, ""swfac"": 0.0, ""nstres"": 0.0}",0.0,0.0,0.0,0.0,0.0,0.0,,0.0,0.0,0.0,150.0,31.898547363281253,31.898547363281253,Leave_One_experiments/all_year_offline_schedule_search/daily_outputs/FQA/FQA_2009_FQA2009_normal_grid_S0010_daily.csv
FQA,FQA,Fengqiu,2009,Leave_One_experiments\wth_generated_qc\FQA\FQA2009.WTH,normal_year;nitrogen_stress_year;low_response_year,normal,FQA2009_normal_grid_S0010,low_input_within_10pct_yield,2009-06-14,165,4,4,"{""sim_day"": 4.0, ""doy"": 165.0, ""topwt"": 0.0, ""grnwt"": 0.0, ""xlai"": 0.0, ""totir"": 0.0, ""tofer"": NaN, ""swfac"": 0.0, ""nstres"": 0.0}",0.0,0.0,0.0,0.0,0.0,0.0,,0.0,0.0,0.0,150.0,31.898547363281253,31.898547363281253,Leave_One_experiments/all_year_offline_schedule_search/daily_outputs/FQA/FQA_2009_FQA2009_normal_grid_S0010_daily.csv
FQA,FQA,Fengqiu,2009,Leave_One_experiments\wth_generated_qc\FQA\FQA2009.WTH,normal_year;nitrogen_stress_year;low_response_year,normal,FQA2009_normal_grid_S0010,low_input_within_10pct_yield,2009-06-15,166,5,5,"{""sim_day"": 5.0, ""doy"": 166.0, ""topwt"": 0.0, ""grnwt"": 0.0, ""xlai"": 0.0, ""totir"": 0.0, ""tofer"": NaN, ""swfac"": 0.0, ""nstres"": 0.0}",0.0,0.0,0.0,0.0,0.0,0.0,,0.0,0.0,0.0,150.0,31.898547363281253,31.898547363281253,Leave_One_experiments/all_year_offline_schedule_search/daily_outputs/FQA/FQA_2009_FQA2009_normal_grid_S0010_daily.csv
FQA,FQA,Fengqiu,2009,Leave_One_experiments\wth_generated_qc\FQA\FQA2009.WTH,normal_year;nitrogen_stress_year;low_response_year,normal,FQA2009_normal_grid_S0010,low_input_within_10pct_yield,2009-06-11,162,6,1,"{""sim_day"": 6.0, ""doy"": 162.0, ""topwt"": 0.0, ""grnwt"": 0.0, ""xlai"": 0.0, ""totir"": 0.0, ""tofer"": NaN, ""swfac"": 0.0, ""nstres"": 0.0}",0.0,0.0,0.0,0.0,0.0,0.0,,0.0,0.0,0.0,150.0,31.898547363281253,31.898547363281253,Leave_One_experiments/all_year_offline_schedule_search/daily_outputs/FQA/FQA_2009_FQA2009_normal_grid_S0010_daily.csv
FQA,FQA,Fengqiu,2009,Leave_One_experiments\wth_generated_qc\FQA\FQA2009.WTH,normal_year;nitrogen_stress_year;low_response_year,normal,FQA2009_normal_grid_S0010,low_input_within_10pct_yield,2009-06-12,163,7,2,"{""sim_day"": 7.0, ""doy"": 163.0, ""topwt"": 0.0, ""grnwt"": 0.0, ""xlai"": 0.0, ""totir"": 0.0, ""tofer"": NaN, ""swfac"": 0.0, ""nstres"": 0.0}",0.0,0.0,0.0,0.0,0.0,0.0,,0.0,0.0,0.0,150.0,31.898547363281253,31.898547363281253,Leave_One_experiments/all_year_offline_schedule_search/daily_outputs/FQA/FQA_2009_FQA2009_normal_grid_S0010_daily.csv
FQA,FQA,Fengqiu,2009,Leave_One_experiments\wth_generated_qc\FQA\FQA2009.WTH,normal_year;nitrogen_stress_year;low_response_year,normal,FQA2009_normal_grid_S0010,low_input_within_10pct_yield,2009-06-13,164,8,3,"{""sim_day"": 8.0, ""doy"": 164.0, ""topwt"": 0.0, ""grnwt"": 0.0, ""xlai"": 0.0, ""totir"": 0.0, ""tofer"": NaN, ""swfac"": 0.0, ""nstres"": 0.0}",0.0,0.0,0.0,0.0,0.0,0.0,,0.0,0.0,0.0,150.0,31.898547363281253,31.898547363281253,Leave_One_experiments/all_year_offline_schedule_search/daily_outputs/FQA/FQA_2009_FQA2009_normal_grid_S0010_daily.csv
FQA,FQA,Fengqiu,2009,Leave_One_experiments\wth_generated_qc\FQA\FQA2009.WTH,normal_year;nitrogen_stress_year;low_response_year,normal,FQA2009_normal_grid_S0010,low_input_within_10pct_yield,2009-06-14,165,9,4,"{""sim_day"": 9.0, ""doy"": 165.0, ""topwt"": 0.0, ""grnwt"": 0.0, ""xlai"": 0.0, ""totir"": 0.0, ""tofer"": NaN, ""swfac"": 0.0, ""nstres"": 0.0}",0.0,0.0,0.0,0.0,0.0,0.0,,0.0,0.0,0.0,150.0,31.898547363281253,31.898547363281253,Leave_One_experiments/all_year_offline_schedule_search/daily_outputs/FQA/FQA_2009_FQA2009_normal_grid_S0010_daily.csv
FQA,FQA,Fengqiu,2009,Leave_One_experiments\wth_generated_qc\FQA\FQA2009.WTH,normal_year;nitrogen_stress_year;low_response_year,normal,FQA2009_normal_grid_S0010,low_input_within_10pct_yield,2009-06-15,166,10,5,"{""sim_day"": 10.0, ""doy"": 166.0, ""topwt"": 32.00000047683716, ""grnwt"": 0.0, ""xlai"": 0.0035310343373566, ""totir"": 0.0, ""tofer"": NaN, ""swfac"": 0.0, ""nstres"": 0.0121910572052001}",0.0,0.0121910572052001,32.00000047683716,0.0,0.0035310343373566,0.0,,0.0,0.0,0.0,150.0,31.898547363281253,31.898547363281253,Leave_One_experiments/all_year_offline_schedule_search/daily_outputs/FQA/FQA_2009_FQA2009_normal_grid_S0010_daily.csv
FQA,FQA,Fengqiu,2009,Leave_One_experiments\wth_generated_qc\FQA\FQA2009.WTH,normal_year;nitrogen_stress_year;low_response_year,normal,FQA2009_normal_grid_S0010,low_input_within_10pct_yield,2009-06-16,167,11,6,"{""sim_day"": 11.0, ""doy"": 167.0, ""topwt"": 32.00000047683716, ""grnwt"": 0.0, ""xlai"": 0.0063448059372603, ""totir"": 0.0, ""tofer"": NaN, ""swfac"": 0.0, ""nstres"": 0.0031632184982299}",0.0,0.0031632184982299,32.00000047683716,0.0,0.0063448059372603,0.0,,0.0,0.0,0.0,150.0,31.898547363281253,31.898547363281253,Leave_One_experiments/all_year_offline_schedule_search/daily_outputs/FQA/FQA_2009_FQA2009_normal_grid_S0010_daily.csv
FQA,FQA,Fengqiu,2009,Leave_One_experiments\wth_generated_qc\FQA\FQA2009.WTH,normal_year;nitrogen_stress_year;low_response_year,normal,FQA2009_normal_grid_S0010,low_input_within_10pct_yield,2009-06-17,168,12,7,"{""sim_day"": 12.0, ""doy"": 168.0, ""topwt"": 32.00000047683716, ""grnwt"": 0.0, ""xlai"": 0.0090406984090805, ""totir"": 0.0, ""tofer"": NaN, ""swfac"": 0.0, ""nstres"": 0.0}",0.0,0.0,32.00000047683716,0.0,0.0090406984090805,0.0,,0.0,0.0,0.0,150.0,31.898547363281253,31.898547363281253,Leave_One_experiments/all_year_offline_schedule_search/daily_outputs/FQA/FQA_2009_FQA2009_normal_grid_S0010_daily.csv
FQA,FQA,Fengqiu,2009,Leave_One_experiments\wth_generated_qc\FQA\FQA2009.WTH,normal_year;nitrogen_stress_year;low_response_year,normal,FQA2009_normal_grid_S0010,low_input_within_10pct_yield,2009-06-18,169,13,8,"{""sim_day"": 13.0, ""doy"": 169.0, ""topwt"": 32.00000047683716, ""grnwt"": 0.0, ""xlai"": 0.0124647449702024, ""totir"": 0.0, ""tofer"": NaN, ""swfac"": 0.0, ""nstres"": 0.0}",0.0,0.0,32.00000047683716,0.0,0.0124647449702024,0.0,,0.0,0.0,0.0,150.0,31.898547363281253,31.898547363281253,Leave_One_experiments/all_year_offline_schedule_search/daily_outputs/FQA/FQA_2009_FQA2009_normal_grid_S0010_daily.csv
FQA,FQA,Fengqiu,2009,Leave_One_experiments\wth_generated_qc\FQA\FQA2009.WTH,normal_year;nitrogen_stress_year;low_response_year,normal,FQA2009_normal_grid_S0010,low_input_within_10pct_yield,2009-06-19,170,14,9,"{""sim_day"": 14.0, ""doy"": 170.0, ""topwt"": 32.00000047683716, ""grnwt"": 0.0, ""xlai"": 0.0164253544062376, ""totir"": 0.0, ""tofer"": NaN, ""swfac"": 0.0, ""nstres"": 0.0}",0.0,0.0,32.00000047683716,0.0,0.0164253544062376,0.0,,0.0,0.0,0.0,150.0,31.898547363281253,31.898547363281253,Leave_One_experiments/all_year_offline_schedule_search/daily_outputs/FQA/FQA_2009_FQA2009_normal_grid_S0010_daily.csv
FQA,FQA,Fengqiu,2009,Leave_One_experiments\wth_generated_qc\FQA\FQA2009.WTH,normal_year;nitrogen_stress_year;low_response_year,normal,FQA2009_normal_grid_S0010,low_input_within_10pct_yield,2009-06-20,171,15,10,"{""sim_day"": 15.0, ""doy"": 171.0, ""topwt"": 32.00000047683716, ""grnwt"": 0.0, ""xlai"": 0.0206653233617544, ""totir"": 0.0, ""tofer"": NaN, ""swfac"": 0.0, ""nstres"": 0.0}",0.0,0.0,32.00000047683716,0.0,0.0206653233617544,0.0,,0.0,0.0,0.0,150.0,31.898547363281253,31.898547363281253,Leave_One_experiments/all_year_offline_schedule_search/daily_outputs/FQA/FQA_2009_FQA2009_normal_grid_S0010_daily.csv
FQA,FQA,Fengqiu,2009,Leave_One_experiments\wth_generated_qc\FQA\FQA2009.WTH,normal_year;nitrogen_stress_year;low_response_year,normal,FQA2009_normal_grid_S0010,low_input_within_10pct_yield,2009-06-21,172,16,11,"{""sim_day"": 16.0, ""doy"": 172.0, ""topwt"": 24.71344947814941, ""grnwt"": 0.0, ""xlai"": 0.0360368937253952, ""totir"": 0.0, ""tofer"": NaN, ""swfac"": 0.0, ""nstres"": 0.0}",0.0,0.0,24.71344947814941,0.0,0.0360368937253952,0.0,,0.0,0.0,0.0,150.0,31.898547363281253,31.898547363281253,Leave_One_experiments/all_year_offline_schedule_search/daily_outputs/FQA/FQA_2009_FQA2009_normal_grid_S0010_daily.csv
FQA,FQA,Fengqiu,2009,Leave_One_experiments\wth_generated_qc\FQA\FQA2009.WTH,normal_year;nitrogen_stress_year;low_response_year,normal,FQA2009_normal_grid_S0010,low_input_within_10pct_yield,2009-06-22,173,17,12,"{""sim_day"": 17.0, ""doy"": 173.0, ""topwt"": 29.98960494995117, ""grnwt"": 0.0, ""xlai"": 0.0525420531630516, ""totir"": 0.0, ""tofer"": NaN, ""swfac"": 0.0, ""nstres"": 0.0}",0.0,0.0,29.98960494995117,0.0,0.0525420531630516,0.0,,0.0,0.0,0.0,150.0,31.898547363281253,31.898547363281253,Leave_One_experiments/all_year_offline_schedule_search/daily_outputs/FQA/FQA_2009_FQA2009_normal_grid_S0010_daily.csv
FQA,FQA,Fengqiu,2009,Leave_One_experiments\wth_generated_qc\FQA\FQA2009.WTH,normal_year;nitrogen_stress_year;low_response_year,normal,FQA2009_normal_grid_S0010,low_input_within_10pct_yield,2009-06-23,174,18,13,"{""sim_day"": 18.0, ""doy"": 174.0, ""topwt"": 37.112417221069336, ""grnwt"": 0.0, ""xlai"": 0.0728953182697296, ""totir"": 0.0, ""tofer"": NaN, ""swfac"": 0.0, ""nstres"": 0.0}",0.0,0.0,37.112417221069336,0.0,0.0728953182697296,0.0,,0.0,0.0,0.0,150.0,31.898547363281253,31.898547363281253,Leave_One_experiments/all_year_offline_schedule_search/daily_outputs/FQA/FQA_2009_FQA2009_normal_grid_S0010_daily.csv
FQA,FQA,Fengqiu,2009,Leave_One_experiments\wth_generated_qc\FQA\FQA2009.WTH,normal_year;nitrogen_stress_year;low_response_year,normal,FQA2009_normal_grid_S0010,low_input_within_10pct_yield,2009-06-24,175,19,14,"{""sim_day"": 19.0, ""doy"": 175.0, ""topwt"": 45.96994400024414, ""grnwt"": 0.0, ""xlai"": 0.0962938666343689, ""totir"": 0.0, ""tofer"": NaN, ""swfac"": 0.0, ""nstres"": 0.0}",0.0,0.0,45.96994400024414,0.0,0.0962938666343689,0.0,,0.0,0.0,0.0,150.0,31.898547363281253,31.898547363281253,Leave_One_experiments/all_year_offline_schedule_search/daily_outputs/FQA/FQA_2009_FQA2009_normal_grid_S0010_daily.csv
FQA,FQA,Fengqiu,2009,Leave_One_experiments\wth_generated_qc\FQA\FQA2009.WTH,normal_year;nitrogen_stress_year;low_response_year,normal,FQA2009_normal_grid_S0010,low_input_within_10pct_yield,2009-06-25,176,20,15,"{""sim_day"": 20.0, ""doy"": 176.0, ""topwt"": 56.93683624267578, ""grnwt"": 0.0, ""xlai"": 0.1233331859111785, ""totir"": 0.0, ""tofer"": NaN, ""swfac"": 0.0, ""nstres"": 0.0}",0.0,0.0,56.93683624267578,0.0,0.1233331859111785,0.0,,0.0,0.0,0.0,150.0,31.898547363281253,31.898547363281253,Leave_One_experiments/all_year_offline_schedule_search/daily_outputs/FQA/FQA_2009_FQA2009_normal_grid_S0010_daily.csv
FQA,FQA,Fengqiu,2009,Leave_One_experiments\wth_generated_qc\FQA\FQA2009.WTH,normal_year;nitrogen_stress_year;low_response_year,normal,FQA2009_normal_grid_S0010,low_input_within_10pct_yield,2009-06-26,177,21,16,"{""sim_day"": 21.0, ""doy"": 177.0, ""topwt"": 69.62921619415283, ""grnwt"": 0.0, ""xlai"": 0.1527726948261261, ""totir"": 0.0, ""tofer"": NaN, ""swfac"": 0.0, ""nstres"": 0.0}",0.0,0.0,69.62921619415283,0.0,0.1527726948261261,0.0,,0.0,0.0,0.0,150.0,31.898547363281253,31.898547363281253,Leave_One_experiments/all_year_offline_schedule_search/daily_outputs/FQA/FQA_2009_FQA2009_normal_grid_S0010_daily.csv
FQA,FQA,Fengqiu,2009,Leave_One_experiments\wth_generated_qc\FQA\FQA2009.WTH,normal_year;nitrogen_stress_year;low_response_year,normal,FQA2009_normal_grid_S0010,low_input_within_10pct_yield,2009-06-27,178,22,17,"{""sim_day"": 22.0, ""doy"": 178.0, ""topwt"": 82.71098136901855, ""grnwt"": 0.0, ""xlai"": 0.1815893203020095, ""totir"": 0.0, ""tofer"": NaN, ""swfac"": 0.0, ""nstres"": 0.0}",0.0,0.0,82.71098136901855,0.0,0.1815893203020095,0.0,,0.0,0.0,0.0,150.0,31.898547363281253,31.898547363281253,Leave_One_experiments/all_year_offline_schedule_search/daily_outputs/FQA/FQA_2009_FQA2009_normal_grid_S0010_daily.csv
FQA,FQA,Fengqiu,2009,Leave_One_experiments\wth_generated_qc\FQA\FQA2009.WTH,normal_year;nitrogen_stress_year;low_response_year,normal,FQA2009_normal_grid_S0010,low_input_within_10pct_yield,2009-06-28,179,23,18,"{""sim_day"": 23.0, ""doy"": 179.0, ""topwt"": 97.89243698120116, ""grnwt"": 0.0, ""xlai"": 0.2135519683361053, ""totir"": 0.0, ""tofer"": NaN, ""swfac"": 0.0, ""nstres"": 0.0}",0.0,0.0,97.89243698120116,0.0,0.2135519683361053,0.0,,0.0,0.0,0.0,150.0,31.898547363281253,31.898547363281253,Leave_One_experiments/all_year_offline_schedule_search/daily_outputs/FQA/FQA_2009_FQA2009_normal_grid_S0010_daily.csv
FQA,FQA,Fengqiu,2009,Leave_One_experiments\wth_generated_qc\FQA\FQA2009.WTH,normal_year;nitrogen_stress_year;low_response_year,normal,FQA2009_normal_grid_S0010,low_input_within_10pct_yield,2009-06-29,180,24,19,"{""sim_day"": 24.0, ""doy"": 180.0, ""topwt"": 116.12041473388672, ""grnwt"": 0.0, ""xlai"": 0.2502947151660919, ""totir"": 0.0, ""tofer"": NaN, ""swfac"": 0.0, ""nstres"": 0.0}",0.0,0.0,116.12041473388672,0.0,0.2502947151660919,0.0,,0.0,0.0,0.0,150.0,31.898547363281253,31.898547363281253,Leave_One_experiments/all_year_offline_schedule_search/daily_outputs/FQA/FQA_2009_FQA2009_normal_grid_S0010_daily.csv
FQA,FQA,Fengqiu,2009,Leave_One_experiments\wth_generated_qc\FQA\FQA2009.WTH,normal_year;nitrogen_stress_year;low_response_year,normal,FQA2009_normal_grid_S0010,low_input_within_10pct_yield,2009-06-30,181,25,20,"{""sim_day"": 25.0, ""doy"": 181.0, ""topwt"": 135.93780517578125, ""grnwt"": 0.0, ""xlai"": 0.2873285412788391, ""totir"": 0.0, ""tofer"": NaN, ""swfac"": 0.0, ""nstres"": 0.0}",0.0,0.0,135.93780517578125,0.0,0.2873285412788391,0.0,,0.0,0.0,0.0,150.0,31.898547363281253,31.898547363281253,Leave_One_experiments/all_year_offline_schedule_search/daily_outputs/FQA/FQA_2009_FQA2009_normal_grid_S0010_daily.csv
FQA,FQA,Fengqiu,2009,Leave_One_experiments\wth_generated_qc\FQA\FQA2009.WTH,normal_year;nitrogen_stress_year;low_response_year,normal,FQA2009_normal_grid_S0010,low_input_within_10pct_yield,2009-07-01,182,26,21,"{""sim_day"": 26.0, ""doy"": 182.0, ""topwt"": 158.4933090209961, ""grnwt"": 0.0, ""xlai"": 0.33071169257164, ""totir"": 0.0, ""tofer"": NaN, ""swfac"": 0.0, ""nstres"": 0.0}",0.0,0.0,158.4933090209961,0.0,0.33071169257164,0.0,,0.0,0.0,0.0,150.0,31.898547363281253,31.898547363281253,Leave_One_experiments/all_year_offline_schedule_search/daily_outputs/FQA/FQA_2009_FQA2009_normal_grid_S0010_daily.csv
FQA,FQA,Fengqiu,2009,Leave_One_experiments\wth_generated_qc\FQA\FQA2009.WTH,normal_year;nitrogen_stress_year;low_response_year,normal,FQA2009_normal_grid_S0010,low_input_within_10pct_yield,2009-07-02,183,27,22,"{""sim_day"": 27.0, ""doy"": 183.0, ""topwt"": 183.9059066772461, ""grnwt"": 0.0, ""xlai"": 0.3776055872440338, ""totir"": 0.0, ""tofer"": NaN, ""swfac"": 0.0, ""nstres"": 0.0}",0.0,0.0,183.9059066772461,0.0,0.3776055872440338,0.0,,0.0,0.0,0.0,150.0,31.898547363281253,31.898547363281253,Leave_One_experiments/all_year_offline_schedule_search/daily_outputs/FQA/FQA_2009_FQA2009_normal_grid_S0010_daily.csv
FQA,FQA,Fengqiu,2009,Leave_One_experiments\wth_generated_qc\FQA\FQA2009.WTH,normal_year;nitrogen_stress_year;low_response_year,normal,FQA2009_normal_grid_S0010,low_input_within_10pct_yield,2009-07-03,184,28,23,"{""sim_day"": 28.0, ""doy"": 184.0, ""topwt"": 211.3829040527344, ""grnwt"": 0.0, ""xlai"": 0.4262336790561676, ""totir"": 0.0, ""tofer"": NaN, ""swfac"": 0.0, ""nstres"": 0.0}",0.0,0.0,211.3829040527344,0.0,0.4262336790561676,0.0,,0.0,0.0,0.0,150.0,31.898547363281253,31.898547363281253,Leave_One_experiments/all_year_offline_schedule_search/daily_outputs/FQA/FQA_2009_FQA2009_normal_grid_S0010_daily.csv
FQA,FQA,Fengqiu,2009,Leave_One_experiments\wth_generated_qc\FQA\FQA2009.WTH,normal_year;nitrogen_stress_year;low_response_year,normal,FQA2009_normal_grid_S0010,low_input_within_10pct_yield,2009-07-04,185,29,24,"{""sim_day"": 29.0, ""doy"": 185.0, ""topwt"": 241.48504257202148, ""grnwt"": 0.0, ""xlai"": 0.4773172736167907, ""totir"": 0.0, ""tofer"": NaN, ""swfac"": 0.0, ""nstres"": 0.0}",0.0,0.0,241.48504257202148,0.0,0.4773172736167907,0.0,,0.0,0.0,0.0,150.0,31.898547363281253,31.898547363281253,Leave_One_experiments/all_year_offline_schedule_search/daily_outputs/FQA/FQA_2009_FQA2009_normal_grid_S0010_daily.csv
FQA,FQA,Fengqiu,2009,Leave_One_experiments\wth_generated_qc\FQA\FQA2009.WTH,normal_year;nitrogen_stress_year;low_response_year,normal,FQA2009_normal_grid_S0010,low_input_within_10pct_yield,2009-07-05,186,30,25,"{""sim_day"": 30.0, ""doy"": 186.0, ""topwt"": 274.41123962402344, ""grnwt"": 0.0, ""xlai"": 0.5308701992034912, ""totir"": 0.0, ""tofer"": NaN, ""swfac"": 0.0, ""nstres"": 0.0}",0.0,0.0,274.41123962402344,0.0,0.5308701992034912,0.0,,0.0,0.0,0.0,150.0,31.898547363281253,31.898547363281253,Leave_One_experiments/all_year_offline_schedule_search/daily_outputs/FQA/FQA_2009_FQA2009_normal_grid_S0010_daily.csv
FQA,FQA,Fengqiu,2009,Leave_One_experiments\wth_generated_qc\FQA\FQA2009.WTH,normal_year;nitrogen_stress_year;low_response_year,normal,FQA2009_normal_grid_S0010,low_input_within_10pct_yield,2009-07-06,187,31,26,"{""sim_day"": 31.0, ""doy"": 187.0, ""topwt"": 312.6792907714844, ""grnwt"": 0.0, ""xlai"": 0.5903857946395874, ""totir"": 0.0, ""tofer"": NaN, ""swfac"": 0.0, ""nstres"": 0.0}",0.0,0.0,312.6792907714844,0.0,0.5903857946395874,0.0,,0.0,0.0,0.0,150.0,31.898547363281253,31.898547363281253,Leave_One_experiments/all_year_offline_schedule_search/daily_outputs/FQA/FQA_2009_FQA2009_normal_grid_S0010_daily.csv
FQA,FQA,Fengqiu,2009,Leave_One_experiments\wth_generated_qc\FQA\FQA2009.WTH,normal_year;nitrogen_stress_year;low_response_year,normal,FQA2009_normal_grid_S0010,low_input_within_10pct_yield,2009-07-07,188,32,27,"{""sim_day"": 32.0, ""doy"": 188.0, ""topwt"": 351.87225341796875, ""grnwt"": 0.0, ""xlai"": 0.6487175822257996, ""totir"": 0.0, ""tofer"": NaN, ""swfac"": 0.0, ""nstres"": 0.0}",0.0,0.0,351.87225341796875,0.0,0.6487175822257996,0.0,,0.0,0.0,0.0,150.0,31.898547363281253,31.898547363281253,Leave_One_experiments/all_year_offline_schedule_search/daily_outputs/FQA/FQA_2009_FQA2009_normal_grid_S0010_daily.csv
FQA,FQA,Fengqiu,2009,Leave_One_experiments\wth_generated_qc\FQA\FQA2009.WTH,normal_year;nitrogen_stress_year;low_response_year,normal,FQA2009_normal_grid_S0010,low_input_within_10pct_yield,2009-07-08,189,33,28,"{""sim_day"": 33.0, ""doy"": 189.0, ""topwt"": 392.0704650878906, ""grnwt"": 0.0, ""xlai"": 0.7056400775909424, ""totir"": 0.0, ""tofer"": NaN, ""swfac"": 0.0, ""nstres"": 0.005037784576416}",0.0,0.005037784576416,392.0704650878906,0.0,0.7056400775909424,0.0,,0.0,0.0,0.0,150.0,31.898547363281253,31.898547363281253,Leave_One_experiments/all_year_offline_schedule_search/daily_outputs/FQA/FQA_2009_FQA2009_normal_grid_S0010_daily.csv
FQA,FQA,Fengqiu,2009,Leave_One_experiments\wth_generated_qc\FQA\FQA2009.WTH,normal_year;nitrogen_stress_year;low_response_year,normal,FQA2009_normal_grid_S0010,low_input_within_10pct_yield,2009-07-09,190,34,29,"{""sim_day"": 34.0, ""doy"": 190.0, ""topwt"": 435.59024810791016, ""grnwt"": 0.0, ""xlai"": 0.7652283310890198, ""totir"": 0.0, ""tofer"": NaN, ""swfac"": 0.0, ""nstres"": 0.0}",0.0,0.0,435.59024810791016,0.0,0.7652283310890198,0.0,,0.0,0.0,0.0,150.0,31.898547363281253,31.898547363281253,Leave_One_experiments/all_year_offline_schedule_search/daily_outputs/FQA/FQA_2009_FQA2009_normal_grid_S0010_daily.csv
FQA,FQA,Fengqiu,2009,Leave_One_experiments\wth_generated_qc\FQA\FQA2009.WTH,normal_year;nitrogen_stress_year;low_response_year,normal,FQA2009_normal_grid_S0010,low_input_within_10pct_yield,2009-07-10,191,35,30,"{""sim_day"": 35.0, ""doy"": 191.0, ""topwt"": 474.9282836914063, ""grnwt"": 0.0, ""xlai"": 0.8171492218971252, ""totir"": 0.0, ""tofer"": NaN, ""swfac"": 0.0, ""nstres"": 0.0}",0.0,0.0,474.9282836914063,0.0,0.8171492218971252,0.0,,0.0,50.0,0.0,150.0,31.898547363281253,31.898547363281253,Leave_One_experiments/all_year_offline_schedule_search/daily_outputs/FQA/FQA_2009_FQA2009_normal_grid_S0010_daily.csv
FQA,FQA,Fengqiu,2009,Leave_One_experiments\wth_generated_qc\FQA\FQA2009.WTH,normal_year;nitrogen_stress_year;low_response_year,normal,FQA2009_normal_grid_S0010,low_input_within_10pct_yield,2009-07-11,192,36,31,"{""sim_day"": 36.0, ""doy"": 192.0, ""topwt"": 530.4244995117188, ""grnwt"": 0.0, ""xlai"": 0.8872884511947632, ""totir"": 0.0, ""tofer"": NaN, ""swfac"": 0.0, ""nstres"": 0.0}",0.0,0.0,530.4244995117188,0.0,0.8872884511947632,0.0,,0.0,0.0,0.0,150.0,31.898547363281253,31.898547363281253,Leave_One_experiments/all_year_offline_schedule_search/daily_outputs/FQA/FQA_2009_FQA2009_normal_grid_S0010_daily.csv
FQA,FQA,Fengqiu,2009,Leave_One_experiments\wth_generated_qc\FQA\FQA2009.WTH,normal_year;nitrogen_stress_year;low_response_year,normal,FQA2009_normal_grid_S0010,low_input_within_10pct_yield,2009-07-12,193,37,32,"{""sim_day"": 37.0, ""doy"": 193.0, ""topwt"": 574.4994354248047, ""grnwt"": 0.0, ""xlai"": 0.9408301711082458, ""totir"": 0.0, ""tofer"": NaN, ""swfac"": 0.0, ""nstres"": 0.0}",0.0,0.0,574.4994354248047,0.0,0.9408301711082458,0.0,,0.0,0.0,0.0,150.0,31.898547363281253,31.898547363281253,Leave_One_experiments/all_year_offline_schedule_search/daily_outputs/FQA/FQA_2009_FQA2009_normal_grid_S0010_daily.csv
FQA,FQA,Fengqiu,2009,Leave_One_experiments\wth_generated_qc\FQA\FQA2009.WTH,normal_year;nitrogen_stress_year;low_response_year,normal,FQA2009_normal_grid_S0010,low_input_within_10pct_yield,2009-07-13,194,38,33,"{""sim_day"": 38.0, ""doy"": 194.0, ""topwt"": 640.7882690429688, ""grnwt"": 0.0, ""xlai"": 1.0178585052490234, ""totir"": 0.0, ""tofer"": NaN, ""swfac"": 0.0, ""nstres"": 0.0}",0.0,0.0,640.7882690429688,0.0,1.0178585052490234,0.0,,0.0,0.0,0.0,150.0,31.898547363281253,31.898547363281253,Leave_One_experiments/all_year_offline_schedule_search/daily_outputs/FQA/FQA_2009_FQA2009_normal_grid_S0010_daily.csv
FQA,FQA,Fengqiu,2009,Leave_One_experiments\wth_generated_qc\FQA\FQA2009.WTH,normal_year;nitrogen_stress_year;low_response_year,normal,FQA2009_normal_grid_S0010,low_input_within_10pct_yield,2009-07-14,195,39,34,"{""sim_day"": 39.0, ""doy"": 195.0, ""topwt"": 715.2774810791016, ""grnwt"": 0.0, ""xlai"": 1.100211262702942, ""totir"": 0.0, ""tofer"": NaN, ""swfac"": 0.0, ""nstres"": 0.0}",0.0,0.0,715.2774810791016,0.0,1.100211262702942,0.0,,0.0,0.0,0.0,150.0,31.898547363281253,31.898547363281253,Leave_One_experiments/all_year_offline_schedule_search/daily_outputs/FQA/FQA_2009_FQA2009_normal_grid_S0010_daily.csv
FQA,FQA,Fengqiu,2009,Leave_One_experiments\wth_generated_qc\FQA\FQA2009.WTH,normal_year;nitrogen_stress_year;low_response_year,normal,FQA2009_normal_grid_S0010,low_input_within_10pct_yield,2009-07-15,196,40,35,"{""sim_day"": 40.0, ""doy"": 196.0, ""topwt"": 808.7251281738281, ""grnwt"": 0.0, ""xlai"": 1.1980648040771484, ""totir"": 0.0, ""tofer"": NaN, ""swfac"": 0.0, ""nstres"": 0.0}",0.0,0.0,808.7251281738281,0.0,1.1980648040771484,0.0,,0.0,0.0,0.0,150.0,31.898547363281253,31.898547363281253,Leave_One_experiments/all_year_offline_schedule_search/daily_outputs/FQA/FQA_2009_FQA2009_normal_grid_S0010_daily.csv
FQA,FQA,Fengqiu,2009,Leave_One_experiments\wth_generated_qc\FQA\FQA2009.WTH,normal_year;nitrogen_stress_year;low_response_year,normal,FQA2009_normal_grid_S0010,low_input_within_10pct_yield,2009-07-16,197,41,36,"{""sim_day"": 41.0, ""doy"": 197.0, ""topwt"": 919.834442138672, ""grnwt"": 0.0, ""xlai"": 1.3077621459960938, ""totir"": 0.0, ""tofer"": NaN, ""swfac"": 0.0, ""nstres"": 0.0}",0.0,0.0,919.834442138672,0.0,1.3077621459960938,0.0,,0.0,0.0,0.0,150.0,31.898547363281253,31.898547363281253,Leave_One_experiments/all_year_offline_schedule_search/daily_outputs/FQA/FQA_2009_FQA2009_normal_grid_S0010_daily.csv
FQA,FQA,Fengqiu,2009,Leave_One_experiments\wth_generated_qc\FQA\FQA2009.WTH,normal_year;nitrogen_stress_year;low_response_year,normal,FQA2009_normal_grid_S0010,low_input_within_10pct_yield,2009-07-17,198,42,37,"{""sim_day"": 42.0, ""doy"": 198.0, ""topwt"": 1014.8116302490234, ""grnwt"": 0.0, ""xlai"": 1.3970338106155396, ""totir"": 0.0, ""tofer"": NaN, ""swfac"": 0.0, ""nstres"": 0.0}",0.0,0.0,1014.8116302490234,0.0,1.3970338106155396,0.0,,0.0,0.0,0.0,150.0,31.898547363281253,31.898547363281253,Leave_One_experiments/all_year_offline_schedule_search/daily_outputs/FQA/FQA_2009_FQA2009_normal_grid_S0010_daily.csv
FQA,FQA,Fengqiu,2009,Leave_One_experiments\wth_generated_qc\FQA\FQA2009.WTH,normal_year;nitrogen_stress_year;low_response_year,normal,FQA2009_normal_grid_S0010,low_input_within_10pct_yield,2009-07-18,199,43,38,"{""sim_day"": 43.0, ""doy"": 199.0, ""topwt"": 1124.7462463378906, ""grnwt"": 0.0, ""xlai"": 1.4954380989074707, ""totir"": 0.0, ""tofer"": NaN, ""swfac"": 0.0, ""nstres"": 0.0}",0.0,0.0,1124.7462463378906,0.0,1.4954380989074707,0.0,,0.0,0.0,0.0,150.0,31.898547363281253,31.898547363281253,Leave_One_experiments/all_year_offline_schedule_search/daily_outputs/FQA/FQA_2009_FQA2009_normal_grid_S0010_daily.csv
FQA,FQA,Fengqiu,2009,Leave_One_experiments\wth_generated_qc\FQA\FQA2009.WTH,normal_year;nitrogen_stress_year;low_response_year,normal,FQA2009_normal_grid_S0010,low_input_within_10pct_yield,2009-07-19,200,44,39,"{""sim_day"": 44.0, ""doy"": 200.0, ""topwt"": 1294.08203125, ""grnwt"": 0.0, ""xlai"": 1.5640292167663574, ""totir"": 0.0, ""tofer"": NaN, ""swfac"": 0.0, ""nstres"": 0.0}",0.0,0.0,1294.08203125,0.0,1.5640292167663574,0.0,,0.0,0.0,0.0,150.0,31.898547363281253,31.898547363281253,Leave_One_experiments/all_year_offline_schedule_search/daily_outputs/FQA/FQA_2009_FQA2009_normal_grid_S0010_daily.csv
FQA,FQA,Fengqiu,2009,Leave_One_experiments\wth_generated_qc\FQA\FQA2009.WTH,normal_year;nitrogen_stress_year;low_response_year,normal,FQA2009_normal_grid_S0010,low_input_within_10pct_yield,2009-07-20,201,45,40,"{""sim_day"": 45.0, ""doy"": 201.0, ""topwt"": 1485.7585144042969, ""grnwt"": 0.0, ""xlai"": 1.6359262466430664, ""totir"": 0.0, ""tofer"": NaN, ""swfac"": 0.0, ""nstres"": 0.0}",0.0,0.0,1485.7585144042969,0.0,1.6359262466430664,0.0,,0.0,0.0,0.0,150.0,31.898547363281253,31.898547363281253,Leave_One_experiments/all_year_offline_schedule_search/daily_outputs/FQA/FQA_2009_FQA2009_normal_grid_S0010_daily.csv
FQA,FQA,Fengqiu,2009,Leave_One_experiments\wth_generated_qc\FQA\FQA2009.WTH,normal_year;nitrogen_stress_year;low_response_year,normal,FQA2009_normal_grid_S0010,low_input_within_10pct_yield,2009-07-21,202,46,41,"{""sim_day"": 46.0, ""doy"": 202.0, ""topwt"": 1544.6478271484375, ""grnwt"": 0.0, ""xlai"": 1.656628131866455, ""totir"": 0.0, ""tofer"": NaN, ""swfac"": 0.0, ""nstres"": 0.0}",0.0,0.0,1544.6478271484375,0.0,1.656628131866455,0.0,,0.0,0.0,0.0,150.0,31.898547363281253,31.898547363281253,Leave_One_experiments/all_year_offline_schedule_search/daily_outputs/FQA/FQA_2009_FQA2009_normal_grid_S0010_daily.csv
FQA,FQA,Fengqiu,2009,Leave_One_experiments\wth_generated_qc\FQA\FQA2009.WTH,normal_year;nitrogen_stress_year;low_response_year,normal,FQA2009_normal_grid_S0010,low_input_within_10pct_yield,2009-07-22,203,47,42,"{""sim_day"": 47.0, ""doy"": 203.0, ""topwt"": 1802.010803222656, ""grnwt"": 0.0, ""xlai"": 1.7428820133209229, ""totir"": 0.0, ""tofer"": NaN, ""swfac"": 0.0, ""nstres"": 0.0}",0.0,0.0,1802.010803222656,0.0,1.7428820133209229,0.0,,0.0,0.0,0.0,150.0,31.898547363281253,31.898547363281253,Leave_One_experiments/all_year_offline_schedule_search/daily_outputs/FQA/FQA_2009_FQA2009_normal_grid_S0010_daily.csv
FQA,FQA,Fengqiu,2009,Leave_One_experiments\wth_generated_qc\FQA\FQA2009.WTH,normal_year;nitrogen_stress_year;low_response_year,normal,FQA2009_normal_grid_S0010,low_input_within_10pct_yield,2009-07-23,204,48,43,"{""sim_day"": 48.0, ""doy"": 204.0, ""topwt"": 2021.250915527344, ""grnwt"": 0.0, ""xlai"": 1.8132325410842896, ""totir"": 0.0, ""tofer"": NaN, ""swfac"": 0.0, ""nstres"": 0.0}",0.0,0.0,2021.250915527344,0.0,1.8132325410842896,0.0,,0.0,0.0,0.0,150.0,31.898547363281253,31.898547363281253,Leave_One_experiments/all_year_offline_schedule_search/daily_outputs/FQA/FQA_2009_FQA2009_normal_grid_S0010_daily.csv
FQA,FQA,Fengqiu,2009,Leave_One_experiments\wth_generated_qc\FQA\FQA2009.WTH,normal_year;nitrogen_stress_year;low_response_year,normal,FQA2009_normal_grid_S0010,low_input_within_10pct_yield,2009-07-24,205,49,44,"{""sim_day"": 49.0, ""doy"": 205.0, ""topwt"": 2248.07373046875, ""grnwt"": 0.0, ""xlai"": 1.8831589221954343, ""totir"": 0.0, ""tofer"": NaN, ""swfac"": 0.0, ""nstres"": 0.0}",0.0,0.0,2248.07373046875,0.0,1.8831589221954343,0.0,,0.0,0.0,0.0,150.0,31.898547363281253,31.898547363281253,Leave_One_experiments/all_year_offline_schedule_search/daily_outputs/FQA/FQA_2009_FQA2009_normal_grid_S0010_daily.csv
FQA,FQA,Fengqiu,2009,Leave_One_experiments\wth_generated_qc\FQA\FQA2009.WTH,normal_year;nitrogen_stress_year;low_response_year,normal,FQA2009_normal_grid_S0010,low_input_within_10pct_yield,2009-07-25,206,50,45,"{""sim_day"": 50.0, ""doy"": 206.0, ""topwt"": 2458.617553710937, ""grnwt"": 0.0, ""xlai"": 1.945854663848877, ""totir"": 0.0, ""tofer"": NaN, ""swfac"": 0.0, ""nstres"": 0.0}",0.0,0.0,2458.617553710937,0.0,1.945854663848877,0.0,,0.0,0.0,0.0,150.0,31.898547363281253,31.898547363281253,Leave_One_experiments/all_year_offline_schedule_search/daily_outputs/FQA/FQA_2009_FQA2009_normal_grid_S0010_daily.csv
FQA,FQA,Fengqiu,2009,Leave_One_experiments\wth_generated_qc\FQA\FQA2009.WTH,normal_year;nitrogen_stress_year;low_response_year,normal,FQA2009_normal_grid_S0010,low_input_within_10pct_yield,2009-07-26,207,51,46,"{""sim_day"": 51.0, ""doy"": 207.0, ""topwt"": 2676.2677001953125, ""grnwt"": 0.0, ""xlai"": 2.00849986076355, ""totir"": 0.0, ""tofer"": NaN, ""swfac"": 0.0, ""nstres"": 0.0}",0.0,0.0,2676.2677001953125,0.0,2.00849986076355,0.0,,0.0,0.0,0.0,150.0,31.898547363281253,31.898547363281253,Leave_One_experiments/all_year_offline_schedule_search/daily_outputs/FQA/FQA_2009_FQA2009_normal_grid_S0010_daily.csv
FQA,FQA,Fengqiu,2009,Leave_One_experiments\wth_generated_qc\FQA\FQA2009.WTH,normal_year;nitrogen_stress_year;low_response_year,normal,FQA2009_normal_grid_S0010,low_input_within_10pct_yield,2009-07-27,208,52,47,"{""sim_day"": 52.0, ""doy"": 208.0, ""topwt"": 2920.75927734375, ""grnwt"": 0.0, ""xlai"": 2.076479911804199, ""totir"": 0.0, ""tofer"": NaN, ""swfac"": 0.0, ""nstres"": 0.0}",0.0,0.0,2920.75927734375,0.0,2.076479911804199,0.0,,0.0,0.0,0.0,150.0,31.898547363281253,31.898547363281253,Leave_One_experiments/all_year_offline_schedule_search/daily_outputs/FQA/FQA_2009_FQA2009_normal_grid_S0010_daily.csv
FQA,FQA,Fengqiu,2009,Leave_One_experiments\wth_generated_qc\FQA\FQA2009.WTH,normal_year;nitrogen_stress_year;low_response_year,normal,FQA2009_normal_grid_S0010,low_input_within_10pct_yield,2009-07-28,209,53,48,"{""sim_day"": 53.0, ""doy"": 209.0, ""topwt"": 3149.554443359375, ""grnwt"": 0.0, ""xlai"": 2.138170957565308, ""totir"": 0.0, ""tofer"": NaN, ""swfac"": 0.0, ""nstres"": 0.0}",0.0,0.0,3149.554443359375,0.0,2.138170957565308,0.0,,0.0,0.0,0.0,150.0,31.898547363281253,31.898547363281253,Leave_One_experiments/all_year_offline_schedule_search/daily_outputs/FQA/FQA_2009_FQA2009_normal_grid_S0010_daily.csv
FQA,FQA,Fengqiu,2009,Leave_One_experiments\wth_generated_qc\FQA\FQA2009.WTH,normal_year;nitrogen_stress_year;low_response_year,normal,FQA2009_normal_grid_S0010,low_input_within_10pct_yield,2009-07-29,210,54,49,"{""sim_day"": 54.0, ""doy"": 210.0, ""topwt"": 3378.212890625, ""grnwt"": 0.0, ""xlai"": 2.1980772018432617, ""totir"": 0.0, ""tofer"": NaN, ""swfac"": 0.0, ""nstres"": 0.0}",0.0,0.0,3378.212890625,0.0,2.1980772018432617,0.0,,0.0,0.0,0.0,150.0,31.898547363281253,31.898547363281253,Leave_One_experiments/all_year_offline_schedule_search/daily_outputs/FQA/FQA_2009_FQA2009_normal_grid_S0010_daily.csv
FQA,FQA,Fengqiu,2009,Leave_One_experiments\wth_generated_qc\FQA\FQA2009.WTH,normal_year;nitrogen_stress_year;low_response_year,normal,FQA2009_normal_grid_S0010,low_input_within_10pct_yield,2009-07-30,211,55,50,"{""sim_day"": 55.0, ""doy"": 211.0, ""topwt"": 3611.3156127929688, ""grnwt"": 0.0, ""xlai"": 2.2574799060821533, ""totir"": 0.0, ""tofer"": NaN, ""swfac"": 0.0, ""nstres"": 0.0}",0.0,0.0,3611.3156127929688,0.0,2.2574799060821533,0.0,,0.0,0.0,0.0,150.0,31.898547363281253,31.898547363281253,Leave_One_experiments/all_year_offline_schedule_search/daily_outputs/FQA/FQA_2009_FQA2009_normal_grid_S0010_daily.csv
FQA,FQA,Fengqiu,2009,Leave_One_experiments\wth_generated_qc\FQA\FQA2009.WTH,normal_year;nitrogen_stress_year;low_response_year,normal,FQA2009_normal_grid_S0010,low_input_within_10pct_yield,2009-07-31,212,56,51,"{""sim_day"": 56.0, ""doy"": 212.0, ""topwt"": 3846.5484619140634, ""grnwt"": 0.0, ""xlai"": 2.3170223236083984, ""totir"": 0.0, ""tofer"": NaN, ""swfac"": 0.0, ""nstres"": 0.0010966062545776}",0.0,0.0010966062545776,3846.5484619140634,0.0,2.3170223236083984,0.0,,0.0,0.0,0.0,150.0,31.898547363281253,31.898547363281253,Leave_One_experiments/all_year_offline_schedule_search/daily_outputs/FQA/FQA_2009_FQA2009_normal_grid_S0010_daily.csv
FQA,FQA,Fengqiu,2009,Leave_One_experiments\wth_generated_qc\FQA\FQA2009.WTH,normal_year;nitrogen_stress_year;low_response_year,normal,FQA2009_normal_grid_S0010,low_input_within_10pct_yield,2009-08-01,213,57,52,"{""sim_day"": 57.0, ""doy"": 213.0, ""topwt"": 4078.907775878906, ""grnwt"": 0.0, ""xlai"": 2.3701956272125244, ""totir"": 0.0, ""tofer"": NaN, ""swfac"": 0.0, ""nstres"": 0.019755482673645}",0.0,0.019755482673645,4078.907775878906,0.0,2.3701956272125244,0.0,,0.0,0.0,0.0,150.0,31.898547363281253,31.898547363281253,Leave_One_experiments/all_year_offline_schedule_search/daily_outputs/FQA/FQA_2009_FQA2009_normal_grid_S0010_daily.csv
FQA,FQA,Fengqiu,2009,Leave_One_experiments\wth_generated_qc\FQA\FQA2009.WTH,normal_year;nitrogen_stress_year;low_response_year,normal,FQA2009_normal_grid_S0010,low_input_within_10pct_yield,2009-08-02,214,58,53,"{""sim_day"": 58.0, ""doy"": 214.0, ""topwt"": 4175.202331542969, ""grnwt"": 0.0, ""xlai"": 2.394461154937744, ""totir"": 0.0, ""tofer"": NaN, ""swfac"": 0.0, ""nstres"": 0.0}",0.0,0.0,4175.202331542969,0.0,2.394461154937744,0.0,,0.0,0.0,0.0,150.0,31.898547363281253,31.898547363281253,Leave_One_experiments/all_year_offline_schedule_search/daily_outputs/FQA/FQA_2009_FQA2009_normal_grid_S0010_daily.csv
FQA,FQA,Fengqiu,2009,Leave_One_experiments\wth_generated_qc\FQA\FQA2009.WTH,normal_year;nitrogen_stress_year;low_response_year,normal,FQA2009_normal_grid_S0010,low_input_within_10pct_yield,2009-08-03,215,59,54,"{""sim_day"": 59.0, ""doy"": 215.0, ""topwt"": 4411.8499755859375, ""grnwt"": 0.0, ""xlai"": 2.454476833343506, ""totir"": 0.0, ""tofer"": NaN, ""swfac"": 0.0, ""nstres"": 0.0}",0.0,0.0,4411.8499755859375,0.0,2.454476833343506,0.0,,0.0,0.0,0.0,150.0,31.898547363281253,31.898547363281253,Leave_One_experiments/all_year_offline_schedule_search/daily_outputs/FQA/FQA_2009_FQA2009_normal_grid_S0010_daily.csv
FQA,FQA,Fengqiu,2009,Leave_One_experiments\wth_generated_qc\FQA\FQA2009.WTH,normal_year;nitrogen_stress_year;low_response_year,normal,FQA2009_normal_grid_S0010,low_input_within_10pct_yield,2009-08-04,216,60,55,"{""sim_day"": 60.0, ""doy"": 216.0, ""topwt"": 4462.79296875, ""grnwt"": 0.0, ""xlai"": 2.4671177864074707, ""totir"": 0.0, ""tofer"": NaN, ""swfac"": 0.0, ""nstres"": 0.0}",0.0,0.0,4462.79296875,0.0,2.4671177864074707,0.0,,0.0,0.0,0.0,150.0,31.898547363281253,31.898547363281253,Leave_One_experiments/all_year_offline_schedule_search/daily_outputs/FQA/FQA_2009_FQA2009_normal_grid_S0010_daily.csv
FQA,FQA,Fengqiu,2009,Leave_One_experiments\wth_generated_qc\FQA\FQA2009.WTH,normal_year;nitrogen_stress_year;low_response_year,normal,FQA2009_normal_grid_S0010,low_input_within_10pct_yield,2009-08-05,217,61,56,"{""sim_day"": 61.0, ""doy"": 217.0, ""topwt"": 4643.258972167969, ""grnwt"": 0.0, ""xlai"": 2.5127525329589844, ""totir"": 0.0, ""tofer"": NaN, ""swfac"": 0.0, ""nstres"": 0.0}",0.0,0.0,4643.258972167969,0.0,2.5127525329589844,0.0,,0.0,0.0,0.0,150.0,31.898547363281253,31.898547363281253,Leave_One_experiments/all_year_offline_schedule_search/daily_outputs/FQA/FQA_2009_FQA2009_normal_grid_S0010_daily.csv
FQA,FQA,Fengqiu,2009,Leave_One_experiments\wth_generated_qc\FQA\FQA2009.WTH,normal_year;nitrogen_stress_year;low_response_year,normal,FQA2009_normal_grid_S0010,low_input_within_10pct_yield,2009-08-06,218,62,57,"{""sim_day"": 62.0, ""doy"": 218.0, ""topwt"": 4865.221862792969, ""grnwt"": 0.0, ""xlai"": 2.568878173828125, ""totir"": 0.0, ""tofer"": NaN, ""swfac"": 0.0, ""nstres"": 0.0}",0.0,0.0,4865.221862792969,0.0,2.568878173828125,0.0,,0.0,0.0,0.0,150.0,31.898547363281253,31.898547363281253,Leave_One_experiments/all_year_offline_schedule_search/daily_outputs/FQA/FQA_2009_FQA2009_normal_grid_S0010_daily.csv
FQA,FQA,Fengqiu,2009,Leave_One_experiments\wth_generated_qc\FQA\FQA2009.WTH,normal_year;nitrogen_stress_year;low_response_year,normal,FQA2009_normal_grid_S0010,low_input_within_10pct_yield,2009-08-07,219,63,58,"{""sim_day"": 63.0, ""doy"": 219.0, ""topwt"": 5015.212097167969, ""grnwt"": 0.0, ""xlai"": 2.60666561126709, ""totir"": 0.0, ""tofer"": NaN, ""swfac"": 0.0, ""nstres"": 0.0}",0.0,0.0,5015.212097167969,0.0,2.60666561126709,0.0,,0.0,0.0,0.0,150.0,31.898547363281253,31.898547363281253,Leave_One_experiments/all_year_offline_schedule_search/daily_outputs/FQA/FQA_2009_FQA2009_normal_grid_S0010_daily.csv
FQA,FQA,Fengqiu,2009,Leave_One_experiments\wth_generated_qc\FQA\FQA2009.WTH,normal_year;nitrogen_stress_year;low_response_year,normal,FQA2009_normal_grid_S0010,low_input_within_10pct_yield,2009-08-08,220,64,59,"{""sim_day"": 64.0, ""doy"": 220.0, ""topwt"": 5322.0904541015625, ""grnwt"": 0.0, ""xlai"": 2.4902470111846924, ""totir"": 0.0, ""tofer"": NaN, ""swfac"": 0.0, ""nstres"": 0.0}",0.0,0.0,5322.0904541015625,0.0,2.4902470111846924,0.0,,0.0,0.0,0.0,150.0,31.898547363281253,31.898547363281253,Leave_One_experiments/all_year_offline_schedule_search/daily_outputs/FQA/FQA_2009_FQA2009_normal_grid_S0010_daily.csv
FQA,FQA,Fengqiu,2009,Leave_One_experiments\wth_generated_qc\FQA\FQA2009.WTH,normal_year;nitrogen_stress_year;low_response_year,normal,FQA2009_normal_grid_S0010,low_input_within_10pct_yield,2009-08-09,221,65,60,"{""sim_day"": 65.0, ""doy"": 221.0, ""topwt"": 5554.100341796875, ""grnwt"": 0.0, ""xlai"": 2.4775991439819336, ""totir"": 0.0, ""tofer"": NaN, ""swfac"": 0.0, ""nstres"": 0.0}",0.0,0.0,5554.100341796875,0.0,2.4775991439819336,0.0,,0.0,50.0,0.0,150.0,31.898547363281253,31.898547363281253,Leave_One_experiments/all_year_offline_schedule_search/daily_outputs/FQA/FQA_2009_FQA2009_normal_grid_S0010_daily.csv
FQA,FQA,Fengqiu,2009,Leave_One_experiments\wth_generated_qc\FQA\FQA2009.WTH,normal_year;nitrogen_stress_year;low_response_year,normal,FQA2009_normal_grid_S0010,low_input_within_10pct_yield,2009-08-10,222,66,61,"{""sim_day"": 66.0, ""doy"": 222.0, ""topwt"": 5858.4283447265625, ""grnwt"": 0.0, ""xlai"": 2.4642629623413086, ""totir"": 0.0, ""tofer"": NaN, ""swfac"": 0.0, ""nstres"": 0.0}",0.0,0.0,5858.4283447265625,0.0,2.4642629623413086,0.0,,0.0,0.0,0.0,150.0,31.898547363281253,31.898547363281253,Leave_One_experiments/all_year_offline_schedule_search/daily_outputs/FQA/FQA_2009_FQA2009_normal_grid_S0010_daily.csv
FQA,FQA,Fengqiu,2009,Leave_One_experiments\wth_generated_qc\FQA\FQA2009.WTH,normal_year;nitrogen_stress_year;low_response_year,normal,FQA2009_normal_grid_S0010,low_input_within_10pct_yield,2009-08-11,223,67,62,"{""sim_day"": 67.0, ""doy"": 223.0, ""topwt"": 6232.4072265625, ""grnwt"": 0.0, ""xlai"": 2.451242208480835, ""totir"": 0.0, ""tofer"": NaN, ""swfac"": 0.0, ""nstres"": 0.0}",0.0,0.0,6232.4072265625,0.0,2.451242208480835,0.0,,0.0,0.0,0.0,150.0,31.898547363281253,31.898547363281253,Leave_One_experiments/all_year_offline_schedule_search/daily_outputs/FQA/FQA_2009_FQA2009_normal_grid_S0010_daily.csv
FQA,FQA,Fengqiu,2009,Leave_One_experiments\wth_generated_qc\FQA\FQA2009.WTH,normal_year;nitrogen_stress_year;low_response_year,normal,FQA2009_normal_grid_S0010,low_input_within_10pct_yield,2009-08-12,224,68,63,"{""sim_day"": 68.0, ""doy"": 224.0, ""topwt"": 6604.33349609375, ""grnwt"": 0.0, ""xlai"": 2.439209461212158, ""totir"": 0.0, ""tofer"": NaN, ""swfac"": 0.0, ""nstres"": 0.0}",0.0,0.0,6604.33349609375,0.0,2.439209461212158,0.0,,0.0,0.0,0.0,150.0,31.898547363281253,31.898547363281253,Leave_One_experiments/all_year_offline_schedule_search/daily_outputs/FQA/FQA_2009_FQA2009_normal_grid_S0010_daily.csv
FQA,FQA,Fengqiu,2009,Leave_One_experiments\wth_generated_qc\FQA\FQA2009.WTH,normal_year;nitrogen_stress_year;low_response_year,normal,FQA2009_normal_grid_S0010,low_input_within_10pct_yield,2009-08-13,225,69,64,"{""sim_day"": 69.0, ""doy"": 225.0, ""topwt"": 6946.42333984375, ""grnwt"": 0.0, ""xlai"": 2.426703691482544, ""totir"": 0.0, ""tofer"": NaN, ""swfac"": 0.0, ""nstres"": 0.0}",0.0,0.0,6946.42333984375,0.0,2.426703691482544,0.0,,0.0,0.0,0.0,150.0,31.898547363281253,31.898547363281253,Leave_One_experiments/all_year_offline_schedule_search/daily_outputs/FQA/FQA_2009_FQA2009_normal_grid_S0010_daily.csv
FQA,FQA,Fengqiu,2009,Leave_One_experiments\wth_generated_qc\FQA\FQA2009.WTH,normal_year;nitrogen_stress_year;low_response_year,normal,FQA2009_normal_grid_S0010,low_input_within_10pct_yield,2009-08-14,226,70,65,"{""sim_day"": 70.0, ""doy"": 226.0, ""topwt"": 7231.79931640625, ""grnwt"": 0.0, ""xlai"": 2.413928270339966, ""totir"": 0.0, ""tofer"": NaN, ""swfac"": 0.0, ""nstres"": 0.0}",0.0,0.0,7231.79931640625,0.0,2.413928270339966,0.0,,0.0,0.0,0.0,150.0,31.898547363281253,31.898547363281253,Leave_One_experiments/all_year_offline_schedule_search/daily_outputs/FQA/FQA_2009_FQA2009_normal_grid_S0010_daily.csv
FQA,FQA,Fengqiu,2009,Leave_One_experiments\wth_generated_qc\FQA\FQA2009.WTH,normal_year;nitrogen_stress_year;low_response_year,normal,FQA2009_normal_grid_S0010,low_input_within_10pct_yield,2009-08-15,227,71,66,"{""sim_day"": 71.0, ""doy"": 227.0, ""topwt"": 7488.8934326171875, ""grnwt"": 0.0, ""xlai"": 2.399972677230835, ""totir"": 0.0, ""tofer"": NaN, ""swfac"": 0.0, ""nstres"": 0.0}",0.0,0.0,7488.8934326171875,0.0,2.399972677230835,0.0,,0.0,0.0,0.0,150.0,31.898547363281253,31.898547363281253,Leave_One_experiments/all_year_offline_schedule_search/daily_outputs/FQA/FQA_2009_FQA2009_normal_grid_S0010_daily.csv
FQA,FQA,Fengqiu,2009,Leave_One_experiments\wth_generated_qc\FQA\FQA2009.WTH,normal_year;nitrogen_stress_year;low_response_year,normal,FQA2009_normal_grid_S0010,low_input_within_10pct_yield,2009-08-16,228,72,67,"{""sim_day"": 72.0, ""doy"": 228.0, ""topwt"": 7492.667846679687, ""grnwt"": 0.0, ""xlai"": 2.3885045051574707, ""totir"": 0.0, ""tofer"": NaN, ""swfac"": 0.0, ""nstres"": 0.0}",0.0,0.0,7492.667846679687,0.0,2.3885045051574707,0.0,,0.0,0.0,0.0,150.0,31.898547363281253,31.898547363281253,Leave_One_experiments/all_year_offline_schedule_search/daily_outputs/FQA/FQA_2009_FQA2009_normal_grid_S0010_daily.csv
FQA,FQA,Fengqiu,2009,Leave_One_experiments\wth_generated_qc\FQA\FQA2009.WTH,normal_year;nitrogen_stress_year;low_response_year,normal,FQA2009_normal_grid_S0010,low_input_within_10pct_yield,2009-08-17,229,73,68,"{""sim_day"": 73.0, ""doy"": 229.0, ""topwt"": 7776.6571044921875, ""grnwt"": 505.1542663574219, ""xlai"": 2.329414129257202, ""totir"": 0.0, ""tofer"": NaN, ""swfac"": 0.0, ""nstres"": 0.0}",0.0,0.0,7776.6571044921875,505.1542663574219,2.329414129257202,0.0,,0.0,0.0,0.0,150.0,31.898547363281253,31.898547363281253,Leave_One_experiments/all_year_offline_schedule_search/daily_outputs/FQA/FQA_2009_FQA2009_normal_grid_S0010_daily.csv
FQA,FQA,Fengqiu,2009,Leave_One_experiments\wth_generated_qc\FQA\FQA2009.WTH,normal_year;nitrogen_stress_year;low_response_year,normal,FQA2009_normal_grid_S0010,low_input_within_10pct_yield,2009-08-18,230,74,69,"{""sim_day"": 74.0, ""doy"": 230.0, ""topwt"": 8100.1123046875, ""grnwt"": 937.6924896240234, ""xlai"": 2.317775249481201, ""totir"": 0.0, ""tofer"": NaN, ""swfac"": 0.0, ""nstres"": 0.0}",0.0,0.0,8100.1123046875,937.6924896240234,2.317775249481201,0.0,,0.0,0.0,0.0,150.0,31.898547363281253,31.898547363281253,Leave_One_experiments/all_year_offline_schedule_search/daily_outputs/FQA/FQA_2009_FQA2009_normal_grid_S0010_daily.csv
FQA,FQA,Fengqiu,2009,Leave_One_experiments\wth_generated_qc\FQA\FQA2009.WTH,normal_year;nitrogen_stress_year;low_response_year,normal,FQA2009_normal_grid_S0010,low_input_within_10pct_yield,2009-08-19,231,75,70,"{""sim_day"": 75.0, ""doy"": 231.0, ""topwt"": 8427.970581054688, ""grnwt"": 1386.016845703125, ""xlai"": 2.303636074066162, ""totir"": 0.0, ""tofer"": NaN, ""swfac"": 0.0, ""nstres"": 0.0}",0.0,0.0,8427.970581054688,1386.016845703125,2.303636074066162,0.0,,0.0,0.0,0.0,150.0,31.898547363281253,31.898547363281253,Leave_One_experiments/all_year_offline_schedule_search/daily_outputs/FQA/FQA_2009_FQA2009_normal_grid_S0010_daily.csv
FQA,FQA,Fengqiu,2009,Leave_One_experiments\wth_generated_qc\FQA\FQA2009.WTH,normal_year;nitrogen_stress_year;low_response_year,normal,FQA2009_normal_grid_S0010,low_input_within_10pct_yield,2009-08-20,232,76,71,"{""sim_day"": 76.0, ""doy"": 232.0, ""topwt"": 8551.02783203125, ""grnwt"": 1891.1711120605469, ""xlai"": 2.2908079624176025, ""totir"": 0.0, ""tofer"": NaN, ""swfac"": 0.0, ""nstres"": 0.0}",0.0,0.0,8551.02783203125,1891.1711120605469,2.2908079624176025,0.0,,0.0,0.0,0.0,150.0,31.898547363281253,31.898547363281253,Leave_One_experiments/all_year_offline_schedule_search/daily_outputs/FQA/FQA_2009_FQA2009_normal_grid_S0010_daily.csv
FQA,FQA,Fengqiu,2009,Leave_One_experiments\wth_generated_qc\FQA\FQA2009.WTH,normal_year;nitrogen_stress_year;low_response_year,normal,FQA2009_normal_grid_S0010,low_input_within_10pct_yield,2009-08-21,233,77,72,"{""sim_day"": 77.0, ""doy"": 233.0, ""topwt"": 8360.28564453125, ""grnwt"": 1948.3523559570312, ""xlai"": 2.280900001525879, ""totir"": 0.0, ""tofer"": NaN, ""swfac"": 0.0, ""nstres"": 0.0}",0.0,0.0,8360.28564453125,1948.3523559570312,2.280900001525879,0.0,,0.0,0.0,0.0,150.0,31.898547363281253,31.898547363281253,Leave_One_experiments/all_year_offline_schedule_search/daily_outputs/FQA/FQA_2009_FQA2009_normal_grid_S0010_daily.csv
FQA,FQA,Fengqiu,2009,Leave_One_experiments\wth_generated_qc\FQA\FQA2009.WTH,normal_year;nitrogen_stress_year;low_response_year,normal,FQA2009_normal_grid_S0010,low_input_within_10pct_yield,2009-08-22,234,78,73,"{""sim_day"": 78.0, ""doy"": 234.0, ""topwt"": 8709.466552734375, ""grnwt"": 2297.533569335937, ""xlai"": 2.2652299404144287, ""totir"": 0.0, ""tofer"": NaN, ""swfac"": 0.0, ""nstres"": 0.0}",0.0,0.0,8709.466552734375,2297.533569335937,2.2652299404144287,0.0,,0.0,0.0,0.0,150.0,31.898547363281253,31.898547363281253,Leave_One_experiments/all_year_offline_schedule_search/daily_outputs/FQA/FQA_2009_FQA2009_normal_grid_S0010_daily.csv
FQA,FQA,Fengqiu,2009,Leave_One_experiments\wth_generated_qc\FQA\FQA2009.WTH,normal_year;nitrogen_stress_year;low_response_year,normal,FQA2009_normal_grid_S0010,low_input_within_10pct_yield,2009-08-23,235,79,74,"{""sim_day"": 79.0, ""doy"": 235.0, ""topwt"": 8953.855590820312, ""grnwt"": 2541.9223022460938, ""xlai"": 2.246098279953003, ""totir"": 0.0, ""tofer"": NaN, ""swfac"": 0.0, ""nstres"": 0.0}",0.0,0.0,8953.855590820312,2541.9223022460938,2.246098279953003,0.0,,0.0,0.0,0.0,150.0,31.898547363281253,31.898547363281253,Leave_One_experiments/all_year_offline_schedule_search/daily_outputs/FQA/FQA_2009_FQA2009_normal_grid_S0010_daily.csv
FQA,FQA,Fengqiu,2009,Leave_One_experiments\wth_generated_qc\FQA\FQA2009.WTH,normal_year;nitrogen_stress_year;low_response_year,normal,FQA2009_normal_grid_S0010,low_input_within_10pct_yield,2009-08-24,236,80,75,"{""sim_day"": 80.0, ""doy"": 236.0, ""topwt"": 9220.718383789062, ""grnwt"": 2808.7847900390625, ""xlai"": 2.2221920490264893, ""totir"": 0.0, ""tofer"": NaN, ""swfac"": 0.0, ""nstres"": 0.0}",0.0,0.0,9220.718383789062,2808.7847900390625,2.2221920490264893,0.0,,0.0,0.0,0.0,150.0,31.898547363281253,31.898547363281253,Leave_One_experiments/all_year_offline_schedule_search/daily_outputs/FQA/FQA_2009_FQA2009_normal_grid_S0010_daily.csv
FQA,FQA,Fengqiu,2009,Leave_One_experiments\wth_generated_qc\FQA\FQA2009.WTH,normal_year;nitrogen_stress_year;low_response_year,normal,FQA2009_normal_grid_S0010,low_input_within_10pct_yield,2009-08-25,237,81,76,"{""sim_day"": 81.0, ""doy"": 237.0, ""topwt"": 9458.137817382812, ""grnwt"": 3046.2045288085938, ""xlai"": 2.195134401321411, ""totir"": 0.0, ""tofer"": NaN, ""swfac"": 0.0, ""nstres"": 0.0}",0.0,0.0,9458.137817382812,3046.2045288085938,2.195134401321411,0.0,,0.0,0.0,0.0,150.0,31.898547363281253,31.898547363281253,Leave_One_experiments/all_year_offline_schedule_search/daily_outputs/FQA/FQA_2009_FQA2009_normal_grid_S0010_daily.csv
FQA,FQA,Fengqiu,2009,Leave_One_experiments\wth_generated_qc\FQA\FQA2009.WTH,normal_year;nitrogen_stress_year;low_response_year,normal,FQA2009_normal_grid_S0010,low_input_within_10pct_yield,2009-08-26,238,82,77,"{""sim_day"": 82.0, ""doy"": 238.0, ""topwt"": 9819.818725585938, ""grnwt"": 3407.885131835937, ""xlai"": 2.164034366607666, ""totir"": 0.0, ""tofer"": NaN, ""swfac"": 0.0, ""nstres"": 0.0}",0.0,0.0,9819.818725585938,3407.885131835937,2.164034366607666,0.0,,0.0,0.0,0.0,150.0,31.898547363281253,31.898547363281253,Leave_One_experiments/all_year_offline_schedule_search/daily_outputs/FQA/FQA_2009_FQA2009_normal_grid_S0010_daily.csv
FQA,FQA,Fengqiu,2009,Leave_One_experiments\wth_generated_qc\FQA\FQA2009.WTH,normal_year;nitrogen_stress_year;low_response_year,normal,FQA2009_normal_grid_S0010,low_input_within_10pct_yield,2009-08-27,239,83,78,"{""sim_day"": 83.0, ""doy"": 239.0, ""topwt"": 10021.690063476562, ""grnwt"": 3609.756774902344, ""xlai"": 2.1321120262146, ""totir"": 0.0, ""tofer"": NaN, ""swfac"": 0.0, ""nstres"": 0.0}",0.0,0.0,10021.690063476562,3609.756774902344,2.1321120262146,0.0,,0.0,0.0,0.0,150.0,31.898547363281253,31.898547363281253,Leave_One_experiments/all_year_offline_schedule_search/daily_outputs/FQA/FQA_2009_FQA2009_normal_grid_S0010_daily.csv
FQA,FQA,Fengqiu,2009,Leave_One_experiments\wth_generated_qc\FQA\FQA2009.WTH,normal_year;nitrogen_stress_year;low_response_year,normal,FQA2009_normal_grid_S0010,low_input_within_10pct_yield,2009-08-28,240,84,79,"{""sim_day"": 84.0, ""doy"": 240.0, ""topwt"": 10111.365356445312, ""grnwt"": 3699.431762695313, ""xlai"": 2.107617855072021, ""totir"": 0.0, ""tofer"": NaN, ""swfac"": 0.0, ""nstres"": 0.0}",0.0,0.0,10111.365356445312,3699.431762695313,2.107617855072021,0.0,,0.0,0.0,0.0,150.0,31.898547363281253,31.898547363281253,Leave_One_experiments/all_year_offline_schedule_search/daily_outputs/FQA/FQA_2009_FQA2009_normal_grid_S0010_daily.csv
FQA,FQA,Fengqiu,2009,Leave_One_experiments\wth_generated_qc\FQA\FQA2009.WTH,normal_year;nitrogen_stress_year;low_response_year,normal,FQA2009_normal_grid_S0010,low_input_within_10pct_yield,2009-08-29,241,85,80,"{""sim_day"": 85.0, ""doy"": 241.0, ""topwt"": 10505.517578125, ""grnwt"": 4093.5845947265625, ""xlai"": 2.085626602172852, ""totir"": 0.0, ""tofer"": NaN, ""swfac"": 0.0, ""nstres"": 0.0}",0.0,0.0,10505.517578125,4093.5845947265625,2.085626602172852,0.0,,0.0,0.0,0.0,150.0,31.898547363281253,31.898547363281253,Leave_One_experiments/all_year_offline_schedule_search/daily_outputs/FQA/FQA_2009_FQA2009_normal_grid_S0010_daily.csv
FQA,FQA,Fengqiu,2009,Leave_One_experiments\wth_generated_qc\FQA\FQA2009.WTH,normal_year;nitrogen_stress_year;low_response_year,normal,FQA2009_normal_grid_S0010,low_input_within_10pct_yield,2009-08-30,242,86,81,"{""sim_day"": 86.0, ""doy"": 242.0, ""topwt"": 10892.960205078123, ""grnwt"": 4481.026611328125, ""xlai"": 2.0587947368621826, ""totir"": 0.0, ""tofer"": NaN, ""swfac"": 0.0, ""nstres"": 0.0}",0.0,0.0,10892.960205078123,4481.026611328125,2.0587947368621826,0.0,,0.0,0.0,0.0,150.0,31.898547363281253,31.898547363281253,Leave_One_experiments/all_year_offline_schedule_search/daily_outputs/FQA/FQA_2009_FQA2009_normal_grid_S0010_daily.csv
FQA,FQA,Fengqiu,2009,Leave_One_experiments\wth_generated_qc\FQA\FQA2009.WTH,normal_year;nitrogen_stress_year;low_response_year,normal,FQA2009_normal_grid_S0010,low_input_within_10pct_yield,2009-08-31,243,87,82,"{""sim_day"": 87.0, ""doy"": 243.0, ""topwt"": 11181.826171875, ""grnwt"": 4769.891662597656, ""xlai"": 2.029239654541016, ""totir"": 0.0, ""tofer"": NaN, ""swfac"": 0.0, ""nstres"": 0.0}",0.0,0.0,11181.826171875,4769.891662597656,2.029239654541016,0.0,,0.0,0.0,0.0,150.0,31.898547363281253,31.898547363281253,Leave_One_experiments/all_year_offline_schedule_search/daily_outputs/FQA/FQA_2009_FQA2009_normal_grid_S0010_daily.csv
FQA,FQA,Fengqiu,2009,Leave_One_experiments\wth_generated_qc\FQA\FQA2009.WTH,normal_year;nitrogen_stress_year;low_response_year,normal,FQA2009_normal_grid_S0010,low_input_within_10pct_yield,2009-09-01,244,88,83,"{""sim_day"": 88.0, ""doy"": 244.0, ""topwt"": 11471.951904296877, ""grnwt"": 5060.018005371094, ""xlai"": 1.9893031120300293, ""totir"": 0.0, ""tofer"": NaN, ""swfac"": 0.0, ""nstres"": 0.0}",0.0,0.0,11471.951904296877,5060.018005371094,1.9893031120300293,0.0,,0.0,0.0,0.0,150.0,31.898547363281253,31.898547363281253,Leave_One_experiments/all_year_offline_schedule_search/daily_outputs/FQA/FQA_2009_FQA2009_normal_grid_S0010_daily.csv
FQA,FQA,Fengqiu,2009,Leave_One_experiments\wth_generated_qc\FQA\FQA2009.WTH,normal_year;nitrogen_stress_year;low_response_year,normal,FQA2009_normal_grid_S0010,low_input_within_10pct_yield,2009-09-02,245,89,84,"{""sim_day"": 89.0, ""doy"": 245.0, ""topwt"": 11629.88037109375, ""grnwt"": 5217.9473876953125, ""xlai"": 1.9425374269485476, ""totir"": 0.0, ""tofer"": NaN, ""swfac"": 0.0, ""nstres"": 0.0}",0.0,0.0,11629.88037109375,5217.9473876953125,1.9425374269485476,0.0,,0.0,0.0,0.0,150.0,31.898547363281253,31.898547363281253,Leave_One_experiments/all_year_offline_schedule_search/daily_outputs/FQA/FQA_2009_FQA2009_normal_grid_S0010_daily.csv
FQA,FQA,Fengqiu,2009,Leave_One_experiments\wth_generated_qc\FQA\FQA2009.WTH,normal_year;nitrogen_stress_year;low_response_year,normal,FQA2009_normal_grid_S0010,low_input_within_10pct_yield,2009-09-03,246,90,85,"{""sim_day"": 90.0, ""doy"": 246.0, ""topwt"": 11873.46435546875, ""grnwt"": 5461.53076171875, ""xlai"": 1.8854972124099727, ""totir"": 0.0, ""tofer"": NaN, ""swfac"": 0.0, ""nstres"": 0.0}",0.0,0.0,11873.46435546875,5461.53076171875,1.8854972124099727,0.0,,0.0,0.0,0.0,150.0,31.898547363281253,31.898547363281253,Leave_One_experiments/all_year_offline_schedule_search/daily_outputs/FQA/FQA_2009_FQA2009_normal_grid_S0010_daily.csv
FQA,FQA,Fengqiu,2009,Leave_One_experiments\wth_generated_qc\FQA\FQA2009.WTH,normal_year;nitrogen_stress_year;low_response_year,normal,FQA2009_normal_grid_S0010,low_input_within_10pct_yield,2009-09-04,247,91,86,"{""sim_day"": 91.0, ""doy"": 247.0, ""topwt"": 12090.4443359375, ""grnwt"": 5678.511352539063, ""xlai"": 1.818149209022522, ""totir"": 0.0, ""tofer"": NaN, ""swfac"": 0.0, ""nstres"": 0.0}",0.0,0.0,12090.4443359375,5678.511352539063,1.818149209022522,0.0,,0.0,0.0,0.0,150.0,31.898547363281253,31.898547363281253,Leave_One_experiments/all_year_offline_schedule_search/daily_outputs/FQA/FQA_2009_FQA2009_normal_grid_S0010_daily.csv
FQA,FQA,Fengqiu,2009,Leave_One_experiments\wth_generated_qc\FQA\FQA2009.WTH,normal_year;nitrogen_stress_year;low_response_year,normal,FQA2009_normal_grid_S0010,low_input_within_10pct_yield,2009-09-05,248,92,87,"{""sim_day"": 92.0, ""doy"": 248.0, ""topwt"": 12162.977294921877, ""grnwt"": 5751.043701171875, ""xlai"": 1.7688096761703491, ""totir"": 0.0, ""tofer"": NaN, ""swfac"": 0.0, ""nstres"": 0.0}",0.0,0.0,12162.977294921877,5751.043701171875,1.7688096761703491,0.0,,0.0,0.0,0.0,150.0,31.898547363281253,31.898547363281253,Leave_One_experiments/all_year_offline_schedule_search/daily_outputs/FQA/FQA_2009_FQA2009_normal_grid_S0010_daily.csv
FQA,FQA,Fengqiu,2009,Leave_One_experiments\wth_generated_qc\FQA\FQA2009.WTH,normal_year;nitrogen_stress_year;low_response_year,normal,FQA2009_normal_grid_S0010,low_input_within_10pct_yield,2009-09-06,249,93,88,"{""sim_day"": 93.0, ""doy"": 249.0, ""topwt"": 12199.55322265625, ""grnwt"": 5787.619018554688, ""xlai"": 1.7398425340652466, ""totir"": 0.0, ""tofer"": NaN, ""swfac"": 0.0, ""nstres"": 0.0}",0.0,0.0,12199.55322265625,5787.619018554688,1.7398425340652466,0.0,,0.0,0.0,0.0,150.0,31.898547363281253,31.898547363281253,Leave_One_experiments/all_year_offline_schedule_search/daily_outputs/FQA/FQA_2009_FQA2009_normal_grid_S0010_daily.csv
FQA,FQA,Fengqiu,2009,Leave_One_experiments\wth_generated_qc\FQA\FQA2009.WTH,normal_year;nitrogen_stress_year;low_response_year,normal,FQA2009_normal_grid_S0010,low_input_within_10pct_yield,2009-09-07,250,94,89,"{""sim_day"": 94.0, ""doy"": 250.0, ""topwt"": 12292.6123046875, ""grnwt"": 5880.679321289063, ""xlai"": 1.7051042318344116, ""totir"": 0.0, ""tofer"": NaN, ""swfac"": 0.0, ""nstres"": 0.0}",0.0,0.0,12292.6123046875,5880.679321289063,1.7051042318344116,0.0,,0.0,0.0,0.0,150.0,31.898547363281253,31.898547363281253,Leave_One_experiments/all_year_offline_schedule_search/daily_outputs/FQA/FQA_2009_FQA2009_normal_grid_S0010_daily.csv
FQA,FQA,Fengqiu,2009,Leave_One_experiments\wth_generated_qc\FQA\FQA2009.WTH,normal_year;nitrogen_stress_year;low_response_year,normal,FQA2009_normal_grid_S0010,low_input_within_10pct_yield,2009-09-08,251,95,90,"{""sim_day"": 95.0, ""doy"": 251.0, ""topwt"": 12586.37451171875, ""grnwt"": 6174.44091796875, ""xlai"": 1.6583518981933594, ""totir"": 0.0, ""tofer"": NaN, ""swfac"": 0.0, ""nstres"": 0.0}",0.0,0.0,12586.37451171875,6174.44091796875,1.6583518981933594,0.0,,0.0,0.0,0.0,150.0,31.898547363281253,31.898547363281253,Leave_One_experiments/all_year_offline_schedule_search/daily_outputs/FQA/FQA_2009_FQA2009_normal_grid_S0010_daily.csv
FQA,FQA,Fengqiu,2009,Leave_One_experiments\wth_generated_qc\FQA\FQA2009.WTH,normal_year;nitrogen_stress_year;low_response_year,normal,FQA2009_normal_grid_S0010,low_input_within_10pct_yield,2009-09-09,252,96,91,"{""sim_day"": 96.0, ""doy"": 252.0, ""topwt"": 12631.0107421875, ""grnwt"": 6219.0765380859375, ""xlai"": 1.6151647567749023, ""totir"": 0.0, ""tofer"": NaN, ""swfac"": 0.0, ""nstres"": 0.0}",0.0,0.0,12631.0107421875,6219.0765380859375,1.6151647567749023,0.0,,0.0,0.0,0.0,150.0,31.898547363281253,31.898547363281253,Leave_One_experiments/all_year_offline_schedule_search/daily_outputs/FQA/FQA_2009_FQA2009_normal_grid_S0010_daily.csv
FQA,FQA,Fengqiu,2009,Leave_One_experiments\wth_generated_qc\FQA\FQA2009.WTH,normal_year;nitrogen_stress_year;low_response_year,normal,FQA2009_normal_grid_S0010,low_input_within_10pct_yield,2009-09-10,253,97,92,"{""sim_day"": 97.0, ""doy"": 253.0, ""topwt"": 12689.19921875, ""grnwt"": 6277.265625, ""xlai"": 1.5647287368774414, ""totir"": 0.0, ""tofer"": NaN, ""swfac"": 0.0, ""nstres"": 0.0}",0.0,0.0,12689.19921875,6277.265625,1.5647287368774414,0.0,,0.0,0.0,0.0,150.0,31.898547363281253,31.898547363281253,Leave_One_experiments/all_year_offline_schedule_search/daily_outputs/FQA/FQA_2009_FQA2009_normal_grid_S0010_daily.csv
FQA,FQA,Fengqiu,2009,Leave_One_experiments\wth_generated_qc\FQA\FQA2009.WTH,normal_year;nitrogen_stress_year;low_response_year,normal,FQA2009_normal_grid_S0010,low_input_within_10pct_yield,2009-09-11,254,98,93,"{""sim_day"": 98.0, ""doy"": 254.0, ""topwt"": 12825.85205078125, ""grnwt"": 6413.917846679688, ""xlai"": 1.5108623504638672, ""totir"": 0.0, ""tofer"": NaN, ""swfac"": 0.0, ""nstres"": 0.0}",0.0,0.0,12825.85205078125,6413.917846679688,1.5108623504638672,0.0,,0.0,0.0,0.0,150.0,31.898547363281253,31.898547363281253,Leave_One_experiments/all_year_offline_schedule_search/daily_outputs/FQA/FQA_2009_FQA2009_normal_grid_S0010_daily.csv
FQA,FQA,Fengqiu,2009,Leave_One_experiments\wth_generated_qc\FQA\FQA2009.WTH,normal_year;nitrogen_stress_year;low_response_year,normal,FQA2009_normal_grid_S0010,low_input_within_10pct_yield,2009-09-12,255,99,94,"{""sim_day"": 99.0, ""doy"": 255.0, ""topwt"": 12872.32666015625, ""grnwt"": 6460.39306640625, ""xlai"": 1.4601231813430786, ""totir"": 0.0, ""tofer"": NaN, ""swfac"": 0.0, ""nstres"": 0.0}",0.0,0.0,12872.32666015625,6460.39306640625,1.4601231813430786,0.0,,0.0,0.0,0.0,150.0,31.898547363281253,31.898547363281253,Leave_One_experiments/all_year_offline_schedule_search/daily_outputs/FQA/FQA_2009_FQA2009_normal_grid_S0010_daily.csv
FQA,FQA,Fengqiu,2009,Leave_One_experiments\wth_generated_qc\FQA\FQA2009.WTH,normal_year;nitrogen_stress_year;low_response_year,normal,FQA2009_normal_grid_S0010,low_input_within_10pct_yield,2009-09-13,256,100,95,"{""sim_day"": 100.0, ""doy"": 256.0, ""topwt"": 12944.6923828125, ""grnwt"": 6532.7587890625, ""xlai"": 1.4066212177276611, ""totir"": 0.0, ""tofer"": NaN, ""swfac"": 0.0, ""nstres"": 0.0}",0.0,0.0,12944.6923828125,6532.7587890625,1.4066212177276611,0.0,,0.0,0.0,0.0,150.0,31.898547363281253,31.898547363281253,Leave_One_experiments/all_year_offline_schedule_search/daily_outputs/FQA/FQA_2009_FQA2009_normal_grid_S0010_daily.csv
FQA,FQA,Fengqiu,2009,Leave_One_experiments\wth_generated_qc\FQA\FQA2009.WTH,normal_year;nitrogen_stress_year;low_response_year,normal,FQA2009_normal_grid_S0010,low_input_within_10pct_yield,2009-09-14,257,101,96,"{""sim_day"": 101.0, ""doy"": 257.0, ""topwt"": 13172.784423828123, ""grnwt"": 6760.851440429688, ""xlai"": 1.334496259689331, ""totir"": 0.0, ""tofer"": NaN, ""swfac"": 0.0, ""nstres"": 0.0}",0.0,0.0,13172.784423828123,6760.851440429688,1.334496259689331,0.0,,0.0,0.0,0.0,150.0,31.898547363281253,31.898547363281253,Leave_One_experiments/all_year_offline_schedule_search/daily_outputs/FQA/FQA_2009_FQA2009_normal_grid_S0010_daily.csv
FQA,FQA,Fengqiu,2009,Leave_One_experiments\wth_generated_qc\FQA\FQA2009.WTH,normal_year;nitrogen_stress_year;low_response_year,normal,FQA2009_normal_grid_S0010,low_input_within_10pct_yield,2009-09-15,258,102,97,"{""sim_day"": 102.0, ""doy"": 258.0, ""topwt"": 13219.761962890623, ""grnwt"": 6807.828979492188, ""xlai"": 1.2690802812576294, ""totir"": 0.0, ""tofer"": NaN, ""swfac"": 0.0, ""nstres"": 0.0}",0.0,0.0,13219.761962890623,6807.828979492188,1.2690802812576294,0.0,,0.0,0.0,0.0,150.0,31.898547363281253,31.898547363281253,Leave_One_experiments/all_year_offline_schedule_search/daily_outputs/FQA/FQA_2009_FQA2009_normal_grid_S0010_daily.csv
FQA,FQA,Fengqiu,2009,Leave_One_experiments\wth_generated_qc\FQA\FQA2009.WTH,normal_year;nitrogen_stress_year;low_response_year,normal,FQA2009_normal_grid_S0010,low_input_within_10pct_yield,2009-09-16,259,103,98,"{""sim_day"": 103.0, ""doy"": 259.0, ""topwt"": 13264.06005859375, ""grnwt"": 6852.1270751953125, ""xlai"": 1.196197509765625, ""totir"": 0.0, ""tofer"": NaN, ""swfac"": 0.0, ""nstres"": 0.0}",0.0,0.0,13264.06005859375,6852.1270751953125,1.196197509765625,0.0,,0.0,0.0,0.0,150.0,31.898547363281253,31.898547363281253,Leave_One_experiments/all_year_offline_schedule_search/daily_outputs/FQA/FQA_2009_FQA2009_normal_grid_S0010_daily.csv
FQA,FQA,Fengqiu,2009,Leave_One_experiments\wth_generated_qc\FQA\FQA2009.WTH,normal_year;nitrogen_stress_year;low_response_year,normal,FQA2009_normal_grid_S0010,low_input_within_10pct_yield,2009-09-17,260,104,99,"{""sim_day"": 104.0, ""doy"": 260.0, ""topwt"": 13293.67919921875, ""grnwt"": 6881.7462158203125, ""xlai"": 1.1272400617599487, ""totir"": 0.0, ""tofer"": NaN, ""swfac"": 0.0, ""nstres"": 0.0}",0.0,0.0,13293.67919921875,6881.7462158203125,1.1272400617599487,0.0,,0.0,0.0,0.0,150.0,31.898547363281253,31.898547363281253,Leave_One_experiments/all_year_offline_schedule_search/daily_outputs/FQA/FQA_2009_FQA2009_normal_grid_S0010_daily.csv
FQA,FQA,Fengqiu,2009,Leave_One_experiments\wth_generated_qc\FQA\FQA2009.WTH,normal_year;nitrogen_stress_year;low_response_year,normal,FQA2009_normal_grid_S0010,low_input_within_10pct_yield,2009-09-18,261,105,100,"{""sim_day"": 105.0, ""doy"": 261.0, ""topwt"": 13351.787109375, ""grnwt"": 6939.854736328125, ""xlai"": 1.040829300880432, ""totir"": 0.0, ""tofer"": NaN, ""swfac"": 0.0, ""nstres"": 0.0}",0.0,0.0,13351.787109375,6939.854736328125,1.040829300880432,0.0,,0.0,0.0,0.0,150.0,31.898547363281253,31.898547363281253,Leave_One_experiments/all_year_offline_schedule_search/daily_outputs/FQA/FQA_2009_FQA2009_normal_grid_S0010_daily.csv
FQA,FQA,Fengqiu,2009,Leave_One_experiments\wth_generated_qc\FQA\FQA2009.WTH,normal_year;nitrogen_stress_year;low_response_year,normal,FQA2009_normal_grid_S0010,low_input_within_10pct_yield,2009-09-19,262,106,101,"{""sim_day"": 106.0, ""doy"": 262.0, ""topwt"": 13351.787109375, ""grnwt"": 6939.854736328125, ""xlai"": 1.040829300880432, ""totir"": 0.0, ""tofer"": NaN, ""swfac"": 0.0, ""nstres"": 0.0}",0.0,0.0,13351.787109375,6939.854736328125,1.040829300880432,0.0,,0.0,0.0,0.0,150.0,31.898547363281253,31.898547363281253,Leave_One_experiments/all_year_offline_schedule_search/daily_outputs/FQA/FQA_2009_FQA2009_normal_grid_S0010_daily.csv
FQA,FQA,Fengqiu,2009,Leave_One_experiments\wth_generated_qc\FQA\FQA2009.WTH,normal_year;nitrogen_stress_year;low_response_year,normal,FQA2009_normal_grid_S0010,low_input_within_10pct_yield,2009-09-20,263,107,102,"{""sim_day"": 107.0, ""doy"": 263.0, ""topwt"": 13351.787109375, ""grnwt"": 6939.854736328125, ""xlai"": 1.040829300880432, ""totir"": 0.0, ""tofer"": NaN, ""swfac"": 0.0, ""nstres"": 0.0}",0.0,0.0,13351.787109375,6939.854736328125,1.040829300880432,0.0,,0.0,0.0,0.0,150.0,31.898547363281253,31.898547363281253,Leave_One_experiments/all_year_offline_schedule_search/daily_outputs/FQA/FQA_2009_FQA2009_normal_grid_S0010_daily.csv
FQA,FQA,Fengqiu,2009,Leave_One_experiments\wth_generated_qc\FQA\FQA2009.WTH,normal_year;nitrogen_stress_year;low_response_year,normal,FQA2009_normal_grid_S0010,low_input_within_10pct_yield,2009-09-21,264,108,103,"{""sim_day"": 108.0, ""doy"": 264.0, ""topwt"": 13351.787109375, ""grnwt"": 6939.854736328125, ""xlai"": 1.040829300880432, ""totir"": 0.0, ""tofer"": NaN, ""swfac"": 0.0, ""nstres"": 0.0}",0.0,0.0,13351.787109375,6939.854736328125,1.040829300880432,0.0,,0.0,0.0,0.0,150.0,31.898547363281253,31.898547363281253,Leave_One_experiments/all_year_offline_schedule_search/daily_outputs/FQA/FQA_2009_FQA2009_normal_grid_S0010_daily.csv
FQA,FQA,Fengqiu,2009,Leave_One_experiments\wth_generated_qc\FQA\FQA2009.WTH,normal_year;nitrogen_stress_year;low_response_year,normal,FQA2009_normal_grid_S0010,low_input_within_10pct_yield,2009-09-22,265,109,104,"{""sim_day"": 109.0, ""doy"": 265.0, ""topwt"": 13351.787109375, ""grnwt"": 6939.854736328125, ""xlai"": 1.040829300880432, ""totir"": 0.0, ""tofer"": NaN, ""swfac"": 0.0, ""nstres"": 0.0}",0.0,0.0,13351.787109375,6939.854736328125,1.040829300880432,0.0,,0.0,0.0,0.0,150.0,31.898547363281253,31.898547363281253,Leave_One_experiments/all_year_offline_schedule_search/daily_outputs/FQA/FQA_2009_FQA2009_normal_grid_S0010_daily.csv
FQA,FQA,Fengqiu,2009,Leave_One_experiments\wth_generated_qc\FQA\FQA2009.WTH,normal_year;nitrogen_stress_year;low_response_year,normal,FQA2009_normal_grid_S0028,pareto_balanced,2009-06-11,162,1,1,"{""sim_day"": 1.0, ""doy"": 162.0, ""topwt"": 0.0, ""grnwt"": 0.0, ""xlai"": 0.0, ""totir"": 0.0, ""tofer"": NaN, ""swfac"": 0.0, ""nstres"": 0.0}",0.0,0.0,0.0,0.0,0.0,0.0,,0.0,80.0,0.0,180.0,30.32257080078125,30.32257080078125,Leave_One_experiments/all_year_offline_schedule_search/daily_outputs/FQA/FQA_2009_FQA2009_normal_grid_S0028_daily.csv
FQA,FQA,Fengqiu,2009,Leave_One_experiments\wth_generated_qc\FQA\FQA2009.WTH,normal_year;nitrogen_stress_year;low_response_year,normal,FQA2009_normal_grid_S0028,pareto_balanced,2009-06-12,163,2,2,"{""sim_day"": 2.0, ""doy"": 163.0, ""topwt"": 0.0, ""grnwt"": 0.0, ""xlai"": 0.0, ""totir"": 0.0, ""tofer"": NaN, ""swfac"": 0.0, ""nstres"": 0.0}",0.0,0.0,0.0,0.0,0.0,0.0,,0.0,0.0,0.0,180.0,30.32257080078125,30.32257080078125,Leave_One_experiments/all_year_offline_schedule_search/daily_outputs/FQA/FQA_2009_FQA2009_normal_grid_S0028_daily.csv
FQA,FQA,Fengqiu,2009,Leave_One_experiments\wth_generated_qc\FQA\FQA2009.WTH,normal_year;nitrogen_stress_year;low_response_year,normal,FQA2009_normal_grid_S0028,pareto_balanced,2009-06-13,164,3,3,"{""sim_day"": 3.0, ""doy"": 164.0, ""topwt"": 0.0, ""grnwt"": 0.0, ""xlai"": 0.0, ""totir"": 0.0, ""tofer"": NaN, ""swfac"": 0.0, ""nstres"": 0.0}",0.0,0.0,0.0,0.0,0.0,0.0,,0.0,0.0,0.0,180.0,30.32257080078125,30.32257080078125,Leave_One_experiments/all_year_offline_schedule_search/daily_outputs/FQA/FQA_2009_FQA2009_normal_grid_S0028_daily.csv
FQA,FQA,Fengqiu,2009,Leave_One_experiments\wth_generated_qc\FQA\FQA2009.WTH,normal_year;nitrogen_stress_year;low_response_year,normal,FQA2009_normal_grid_S0028,pareto_balanced,2009-06-14,165,4,4,"{""sim_day"": 4.0, ""doy"": 165.0, ""topwt"": 0.0, ""grnwt"": 0.0, ""xlai"": 0.0, ""totir"": 0.0, ""tofer"": NaN, ""swfac"": 0.0, ""nstres"": 0.0}",0.0,0.0,0.0,0.0,0.0,0.0,,0.0,0.0,0.0,180.0,30.32257080078125,30.32257080078125,Leave_One_experiments/all_year_offline_schedule_search/daily_outputs/FQA/FQA_2009_FQA2009_normal_grid_S0028_daily.csv
FQA,FQA,Fengqiu,2009,Leave_One_experiments\wth_generated_qc\FQA\FQA2009.WTH,normal_year;nitrogen_stress_year;low_response_year,normal,FQA2009_normal_grid_S0028,pareto_balanced,2009-06-15,166,5,5,"{""sim_day"": 5.0, ""doy"": 166.0, ""topwt"": 0.0, ""grnwt"": 0.0, ""xlai"": 0.0, ""totir"": 0.0, ""tofer"": NaN, ""swfac"": 0.0, ""nstres"": 0.0}",0.0,0.0,0.0,0.0,0.0,0.0,,0.0,0.0,0.0,180.0,30.32257080078125,30.32257080078125,Leave_One_experiments/all_year_offline_schedule_search/daily_outputs/FQA/FQA_2009_FQA2009_normal_grid_S0028_daily.csv
FQA,FQA,Fengqiu,2009,Leave_One_experiments\wth_generated_qc\FQA\FQA2009.WTH,normal_year;nitrogen_stress_year;low_response_year,normal,FQA2009_normal_grid_S0028,pareto_balanced,2009-06-11,162,6,1,"{""sim_day"": 6.0, ""doy"": 162.0, ""topwt"": 0.0, ""grnwt"": 0.0, ""xlai"": 0.0, ""totir"": 0.0, ""tofer"": NaN, ""swfac"": 0.0, ""nstres"": 0.0}",0.0,0.0,0.0,0.0,0.0,0.0,,0.0,0.0,0.0,180.0,30.32257080078125,30.32257080078125,Leave_One_experiments/all_year_offline_schedule_search/daily_outputs/FQA/FQA_2009_FQA2009_normal_grid_S0028_daily.csv
FQA,FQA,Fengqiu,2009,Leave_One_experiments\wth_generated_qc\FQA\FQA2009.WTH,normal_year;nitrogen_stress_year;low_response_year,normal,FQA2009_normal_grid_S0028,pareto_balanced,2009-06-12,163,7,2,"{""sim_day"": 7.0, ""doy"": 163.0, ""topwt"": 0.0, ""grnwt"": 0.0, ""xlai"": 0.0, ""totir"": 0.0, ""tofer"": NaN, ""swfac"": 0.0, ""nstres"": 0.0}",0.0,0.0,0.0,0.0,0.0,0.0,,0.0,0.0,0.0,180.0,30.32257080078125,30.32257080078125,Leave_One_experiments/all_year_offline_schedule_search/daily_outputs/FQA/FQA_2009_FQA2009_normal_grid_S0028_daily.csv
FQA,FQA,Fengqiu,2009,Leave_One_experiments\wth_generated_qc\FQA\FQA2009.WTH,normal_year;nitrogen_stress_year;low_response_year,normal,FQA2009_normal_grid_S0028,pareto_balanced,2009-06-13,164,8,3,"{""sim_day"": 8.0, ""doy"": 164.0, ""topwt"": 0.0, ""grnwt"": 0.0, ""xlai"": 0.0, ""totir"": 0.0, ""tofer"": NaN, ""swfac"": 0.0, ""nstres"": 0.0}",0.0,0.0,0.0,0.0,0.0,0.0,,0.0,0.0,0.0,180.0,30.32257080078125,30.32257080078125,Leave_One_experiments/all_year_offline_schedule_search/daily_outputs/FQA/FQA_2009_FQA2009_normal_grid_S0028_daily.csv
FQA,FQA,Fengqiu,2009,Leave_One_experiments\wth_generated_qc\FQA\FQA2009.WTH,normal_year;nitrogen_stress_year;low_response_year,normal,FQA2009_normal_grid_S0028,pareto_balanced,2009-06-14,165,9,4,"{""sim_day"": 9.0, ""doy"": 165.0, ""topwt"": 0.0, ""grnwt"": 0.0, ""xlai"": 0.0, ""totir"": 0.0, ""tofer"": NaN, ""swfac"": 0.0, ""nstres"": 0.0}",0.0,0.0,0.0,0.0,0.0,0.0,,0.0,0.0,0.0,180.0,30.32257080078125,30.32257080078125,Leave_One_experiments/all_year_offline_schedule_search/daily_outputs/FQA/FQA_2009_FQA2009_normal_grid_S0028_daily.csv
FQA,FQA,Fengqiu,2009,Leave_One_experiments\wth_generated_qc\FQA\FQA2009.WTH,normal_year;nitrogen_stress_year;low_response_year,normal,FQA2009_normal_grid_S0028,pareto_balanced,2009-06-15,166,10,5,"{""sim_day"": 10.0, ""doy"": 166.0, ""topwt"": 32.00000047683716, ""grnwt"": 0.0, ""xlai"": 0.0035310343373566, ""totir"": 0.0, ""tofer"": NaN, ""swfac"": 0.0, ""nstres"": 0.0121910572052001}",0.0,0.0121910572052001,32.00000047683716,0.0,0.0035310343373566,0.0,,0.0,0.0,0.0,180.0,30.32257080078125,30.32257080078125,Leave_One_experiments/all_year_offline_schedule_search/daily_outputs/FQA/FQA_2009_FQA2009_normal_grid_S0028_daily.csv
FQA,FQA,Fengqiu,2009,Leave_One_experiments\wth_generated_qc\FQA\FQA2009.WTH,normal_year;nitrogen_stress_year;low_response_year,normal,FQA2009_normal_grid_S0028,pareto_balanced,2009-06-16,167,11,6,"{""sim_day"": 11.0, ""doy"": 167.0, ""topwt"": 32.00000047683716, ""grnwt"": 0.0, ""xlai"": 0.0063448059372603, ""totir"": 0.0, ""tofer"": NaN, ""swfac"": 0.0, ""nstres"": 0.0031632184982299}",0.0,0.0031632184982299,32.00000047683716,0.0,0.0063448059372603,0.0,,0.0,0.0,0.0,180.0,30.32257080078125,30.32257080078125,Leave_One_experiments/all_year_offline_schedule_search/daily_outputs/FQA/FQA_2009_FQA2009_normal_grid_S0028_daily.csv
FQA,FQA,Fengqiu,2009,Leave_One_experiments\wth_generated_qc\FQA\FQA2009.WTH,normal_year;nitrogen_stress_year;low_response_year,normal,FQA2009_normal_grid_S0028,pareto_balanced,2009-06-17,168,12,7,"{""sim_day"": 12.0, ""doy"": 168.0, ""topwt"": 32.00000047683716, ""grnwt"": 0.0, ""xlai"": 0.0090406984090805, ""totir"": 0.0, ""tofer"": NaN, ""swfac"": 0.0, ""nstres"": 0.0}",0.0,0.0,32.00000047683716,0.0,0.0090406984090805,0.0,,0.0,0.0,0.0,180.0,30.32257080078125,30.32257080078125,Leave_One_experiments/all_year_offline_schedule_search/daily_outputs/FQA/FQA_2009_FQA2009_normal_grid_S0028_daily.csv
FQA,FQA,Fengqiu,2009,Leave_One_experiments\wth_generated_qc\FQA\FQA2009.WTH,normal_year;nitrogen_stress_year;low_response_year,normal,FQA2009_normal_grid_S0028,pareto_balanced,2009-06-18,169,13,8,"{""sim_day"": 13.0, ""doy"": 169.0, ""topwt"": 32.00000047683716, ""grnwt"": 0.0, ""xlai"": 0.0124647449702024, ""totir"": 0.0, ""tofer"": NaN, ""swfac"": 0.0, ""nstres"": 0.0}",0.0,0.0,32.00000047683716,0.0,0.0124647449702024,0.0,,0.0,0.0,0.0,180.0,30.32257080078125,30.32257080078125,Leave_One_experiments/all_year_offline_schedule_search/daily_outputs/FQA/FQA_2009_FQA2009_normal_grid_S0028_daily.csv
FQA,FQA,Fengqiu,2009,Leave_One_experiments\wth_generated_qc\FQA\FQA2009.WTH,normal_year;nitrogen_stress_year;low_response_year,normal,FQA2009_normal_grid_S0028,pareto_balanced,2009-06-19,170,14,9,"{""sim_day"": 14.0, ""doy"": 170.0, ""topwt"": 32.00000047683716, ""grnwt"": 0.0, ""xlai"": 0.0164253544062376, ""totir"": 0.0, ""tofer"": NaN, ""swfac"": 0.0, ""nstres"": 0.0}",0.0,0.0,32.00000047683716,0.0,0.0164253544062376,0.0,,0.0,0.0,0.0,180.0,30.32257080078125,30.32257080078125,Leave_One_experiments/all_year_offline_schedule_search/daily_outputs/FQA/FQA_2009_FQA2009_normal_grid_S0028_daily.csv
FQA,FQA,Fengqiu,2009,Leave_One_experiments\wth_generated_qc\FQA\FQA2009.WTH,normal_year;nitrogen_stress_year;low_response_year,normal,FQA2009_normal_grid_S0028,pareto_balanced,2009-06-20,171,15,10,"{""sim_day"": 15.0, ""doy"": 171.0, ""topwt"": 32.00000047683716, ""grnwt"": 0.0, ""xlai"": 0.0206653233617544, ""totir"": 0.0, ""tofer"": NaN, ""swfac"": 0.0, ""nstres"": 0.0}",0.0,0.0,32.00000047683716,0.0,0.0206653233617544,0.0,,0.0,0.0,0.0,180.0,30.32257080078125,30.32257080078125,Leave_One_experiments/all_year_offline_schedule_search/daily_outputs/FQA/FQA_2009_FQA2009_normal_grid_S0028_daily.csv
FQA,FQA,Fengqiu,2009,Leave_One_experiments\wth_generated_qc\FQA\FQA2009.WTH,normal_year;nitrogen_stress_year;low_response_year,normal,FQA2009_normal_grid_S0028,pareto_balanced,2009-06-21,172,16,11,"{""sim_day"": 16.0, ""doy"": 172.0, ""topwt"": 24.71344947814941, ""grnwt"": 0.0, ""xlai"": 0.0360368937253952, ""totir"": 0.0, ""tofer"": NaN, ""swfac"": 0.0, ""nstres"": 0.0}",0.0,0.0,24.71344947814941,0.0,0.0360368937253952,0.0,,0.0,0.0,0.0,180.0,30.32257080078125,30.32257080078125,Leave_One_experiments/all_year_offline_schedule_search/daily_outputs/FQA/FQA_2009_FQA2009_normal_grid_S0028_daily.csv
FQA,FQA,Fengqiu,2009,Leave_One_experiments\wth_generated_qc\FQA\FQA2009.WTH,normal_year;nitrogen_stress_year;low_response_year,normal,FQA2009_normal_grid_S0028,pareto_balanced,2009-06-22,173,17,12,"{""sim_day"": 17.0, ""doy"": 173.0, ""topwt"": 29.98960494995117, ""grnwt"": 0.0, ""xlai"": 0.0525420531630516, ""totir"": 0.0, ""tofer"": NaN, ""swfac"": 0.0, ""nstres"": 0.0}",0.0,0.0,29.98960494995117,0.0,0.0525420531630516,0.0,,0.0,0.0,0.0,180.0,30.32257080078125,30.32257080078125,Leave_One_experiments/all_year_offline_schedule_search/daily_outputs/FQA/FQA_2009_FQA2009_normal_grid_S0028_daily.csv
FQA,FQA,Fengqiu,2009,Leave_One_experiments\wth_generated_qc\FQA\FQA2009.WTH,normal_year;nitrogen_stress_year;low_response_year,normal,FQA2009_normal_grid_S0028,pareto_balanced,2009-06-23,174,18,13,"{""sim_day"": 18.0, ""doy"": 174.0, ""topwt"": 37.112417221069336, ""grnwt"": 0.0, ""xlai"": 0.0728953182697296, ""totir"": 0.0, ""tofer"": NaN, ""swfac"": 0.0, ""nstres"": 0.0}",0.0,0.0,37.112417221069336,0.0,0.0728953182697296,0.0,,0.0,0.0,0.0,180.0,30.32257080078125,30.32257080078125,Leave_One_experiments/all_year_offline_schedule_search/daily_outputs/FQA/FQA_2009_FQA2009_normal_grid_S0028_daily.csv
FQA,FQA,Fengqiu,2009,Leave_One_experiments\wth_generated_qc\FQA\FQA2009.WTH,normal_year;nitrogen_stress_year;low_response_year,normal,FQA2009_normal_grid_S0028,pareto_balanced,2009-06-24,175,19,14,"{""sim_day"": 19.0, ""doy"": 175.0, ""topwt"": 45.96994400024414, ""grnwt"": 0.0, ""xlai"": 0.0962938666343689, ""totir"": 0.0, ""tofer"": NaN, ""swfac"": 0.0, ""nstres"": 0.0}",0.0,0.0,45.96994400024414,0.0,0.0962938666343689,0.0,,0.0,0.0,0.0,180.0,30.32257080078125,30.32257080078125,Leave_One_experiments/all_year_offline_schedule_search/daily_outputs/FQA/FQA_2009_FQA2009_normal_grid_S0028_daily.csv
FQA,FQA,Fengqiu,2009,Leave_One_experiments\wth_generated_qc\FQA\FQA2009.WTH,normal_year;nitrogen_stress_year;low_response_year,normal,FQA2009_normal_grid_S0028,pareto_balanced,2009-06-25,176,20,15,"{""sim_day"": 20.0, ""doy"": 176.0, ""topwt"": 56.93683624267578, ""grnwt"": 0.0, ""xlai"": 0.1233331859111785, ""totir"": 0.0, ""tofer"": NaN, ""swfac"": 0.0, ""nstres"": 0.0}",0.0,0.0,56.93683624267578,0.0,0.1233331859111785,0.0,,0.0,0.0,0.0,180.0,30.32257080078125,30.32257080078125,Leave_One_experiments/all_year_offline_schedule_search/daily_outputs/FQA/FQA_2009_FQA2009_normal_grid_S0028_daily.csv
FQA,FQA,Fengqiu,2009,Leave_One_experiments\wth_generated_qc\FQA\FQA2009.WTH,normal_year;nitrogen_stress_year;low_response_year,normal,FQA2009_normal_grid_S0028,pareto_balanced,2009-06-26,177,21,16,"{""sim_day"": 21.0, ""doy"": 177.0, ""topwt"": 69.62921619415283, ""grnwt"": 0.0, ""xlai"": 0.1527726948261261, ""totir"": 0.0, ""tofer"": NaN, ""swfac"": 0.0, ""nstres"": 0.0}",0.0,0.0,69.62921619415283,0.0,0.1527726948261261,0.0,,0.0,0.0,0.0,180.0,30.32257080078125,30.32257080078125,Leave_One_experiments/all_year_offline_schedule_search/daily_outputs/FQA/FQA_2009_FQA2009_normal_grid_S0028_daily.csv
FQA,FQA,Fengqiu,2009,Leave_One_experiments\wth_generated_qc\FQA\FQA2009.WTH,normal_year;nitrogen_stress_year;low_response_year,normal,FQA2009_normal_grid_S0028,pareto_balanced,2009-06-27,178,22,17,"{""sim_day"": 22.0, ""doy"": 178.0, ""topwt"": 82.71098136901855, ""grnwt"": 0.0, ""xlai"": 0.1815893203020095, ""totir"": 0.0, ""tofer"": NaN, ""swfac"": 0.0, ""nstres"": 0.0}",0.0,0.0,82.71098136901855,0.0,0.1815893203020095,0.0,,0.0,0.0,0.0,180.0,30.32257080078125,30.32257080078125,Leave_One_experiments/all_year_offline_schedule_search/daily_outputs/FQA/FQA_2009_FQA2009_normal_grid_S0028_daily.csv
FQA,FQA,Fengqiu,2009,Leave_One_experiments\wth_generated_qc\FQA\FQA2009.WTH,normal_year;nitrogen_stress_year;low_response_year,normal,FQA2009_normal_grid_S0028,pareto_balanced,2009-06-28,179,23,18,"{""sim_day"": 23.0, ""doy"": 179.0, ""topwt"": 97.89243698120116, ""grnwt"": 0.0, ""xlai"": 0.2135519683361053, ""totir"": 0.0, ""tofer"": NaN, ""swfac"": 0.0, ""nstres"": 0.0}",0.0,0.0,97.89243698120116,0.0,0.2135519683361053,0.0,,0.0,0.0,0.0,180.0,30.32257080078125,30.32257080078125,Leave_One_experiments/all_year_offline_schedule_search/daily_outputs/FQA/FQA_2009_FQA2009_normal_grid_S0028_daily.csv
FQA,FQA,Fengqiu,2009,Leave_One_experiments\wth_generated_qc\FQA\FQA2009.WTH,normal_year;nitrogen_stress_year;low_response_year,normal,FQA2009_normal_grid_S0028,pareto_balanced,2009-06-29,180,24,19,"{""sim_day"": 24.0, ""doy"": 180.0, ""topwt"": 116.12041473388672, ""grnwt"": 0.0, ""xlai"": 0.2502947151660919, ""totir"": 0.0, ""tofer"": NaN, ""swfac"": 0.0, ""nstres"": 0.0}",0.0,0.0,116.12041473388672,0.0,0.2502947151660919,0.0,,0.0,0.0,0.0,180.0,30.32257080078125,30.32257080078125,Leave_One_experiments/all_year_offline_schedule_search/daily_outputs/FQA/FQA_2009_FQA2009_normal_grid_S0028_daily.csv
FQA,FQA,Fengqiu,2009,Leave_One_experiments\wth_generated_qc\FQA\FQA2009.WTH,normal_year;nitrogen_stress_year;low_response_year,normal,FQA2009_normal_grid_S0028,pareto_balanced,2009-06-30,181,25,20,"{""sim_day"": 25.0, ""doy"": 181.0, ""topwt"": 135.93780517578125, ""grnwt"": 0.0, ""xlai"": 0.2873285412788391, ""totir"": 0.0, ""tofer"": NaN, ""swfac"": 0.0, ""nstres"": 0.0}",0.0,0.0,135.93780517578125,0.0,0.2873285412788391,0.0,,0.0,0.0,0.0,180.0,30.32257080078125,30.32257080078125,Leave_One_experiments/all_year_offline_schedule_search/daily_outputs/FQA/FQA_2009_FQA2009_normal_grid_S0028_daily.csv
FQA,FQA,Fengqiu,2009,Leave_One_experiments\wth_generated_qc\FQA\FQA2009.WTH,normal_year;nitrogen_stress_year;low_response_year,normal,FQA2009_normal_grid_S0028,pareto_balanced,2009-07-01,182,26,21,"{""sim_day"": 26.0, ""doy"": 182.0, ""topwt"": 158.4933090209961, ""grnwt"": 0.0, ""xlai"": 0.33071169257164, ""totir"": 0.0, ""tofer"": NaN, ""swfac"": 0.0, ""nstres"": 0.0}",0.0,0.0,158.4933090209961,0.0,0.33071169257164,0.0,,0.0,0.0,0.0,180.0,30.32257080078125,30.32257080078125,Leave_One_experiments/all_year_offline_schedule_search/daily_outputs/FQA/FQA_2009_FQA2009_normal_grid_S0028_daily.csv
FQA,FQA,Fengqiu,2009,Leave_One_experiments\wth_generated_qc\FQA\FQA2009.WTH,normal_year;nitrogen_stress_year;low_response_year,normal,FQA2009_normal_grid_S0028,pareto_balanced,2009-07-02,183,27,22,"{""sim_day"": 27.0, ""doy"": 183.0, ""topwt"": 183.9059066772461, ""grnwt"": 0.0, ""xlai"": 0.3776055872440338, ""totir"": 0.0, ""tofer"": NaN, ""swfac"": 0.0, ""nstres"": 0.0}",0.0,0.0,183.9059066772461,0.0,0.3776055872440338,0.0,,0.0,0.0,0.0,180.0,30.32257080078125,30.32257080078125,Leave_One_experiments/all_year_offline_schedule_search/daily_outputs/FQA/FQA_2009_FQA2009_normal_grid_S0028_daily.csv
FQA,FQA,Fengqiu,2009,Leave_One_experiments\wth_generated_qc\FQA\FQA2009.WTH,normal_year;nitrogen_stress_year;low_response_year,normal,FQA2009_normal_grid_S0028,pareto_balanced,2009-07-03,184,28,23,"{""sim_day"": 28.0, ""doy"": 184.0, ""topwt"": 211.3829040527344, ""grnwt"": 0.0, ""xlai"": 0.4262336790561676, ""totir"": 0.0, ""tofer"": NaN, ""swfac"": 0.0, ""nstres"": 0.0}",0.0,0.0,211.3829040527344,0.0,0.4262336790561676,0.0,,0.0,0.0,0.0,180.0,30.32257080078125,30.32257080078125,Leave_One_experiments/all_year_offline_schedule_search/daily_outputs/FQA/FQA_2009_FQA2009_normal_grid_S0028_daily.csv
FQA,FQA,Fengqiu,2009,Leave_One_experiments\wth_generated_qc\FQA\FQA2009.WTH,normal_year;nitrogen_stress_year;low_response_year,normal,FQA2009_normal_grid_S0028,pareto_balanced,2009-07-04,185,29,24,"{""sim_day"": 29.0, ""doy"": 185.0, ""topwt"": 241.48504257202148, ""grnwt"": 0.0, ""xlai"": 0.4773172736167907, ""totir"": 0.0, ""tofer"": NaN, ""swfac"": 0.0, ""nstres"": 0.0}",0.0,0.0,241.48504257202148,0.0,0.4773172736167907,0.0,,0.0,0.0,0.0,180.0,30.32257080078125,30.32257080078125,Leave_One_experiments/all_year_offline_schedule_search/daily_outputs/FQA/FQA_2009_FQA2009_normal_grid_S0028_daily.csv
FQA,FQA,Fengqiu,2009,Leave_One_experiments\wth_generated_qc\FQA\FQA2009.WTH,normal_year;nitrogen_stress_year;low_response_year,normal,FQA2009_normal_grid_S0028,pareto_balanced,2009-07-05,186,30,25,"{""sim_day"": 30.0, ""doy"": 186.0, ""topwt"": 274.41123962402344, ""grnwt"": 0.0, ""xlai"": 0.5308701992034912, ""totir"": 0.0, ""tofer"": NaN, ""swfac"": 0.0, ""nstres"": 0.0}",0.0,0.0,274.41123962402344,0.0,0.5308701992034912,0.0,,0.0,0.0,0.0,180.0,30.32257080078125,30.32257080078125,Leave_One_experiments/all_year_offline_schedule_search/daily_outputs/FQA/FQA_2009_FQA2009_normal_grid_S0028_daily.csv
FQA,FQA,Fengqiu,2009,Leave_One_experiments\wth_generated_qc\FQA\FQA2009.WTH,normal_year;nitrogen_stress_year;low_response_year,normal,FQA2009_normal_grid_S0028,pareto_balanced,2009-07-06,187,31,26,"{""sim_day"": 31.0, ""doy"": 187.0, ""topwt"": 312.6792907714844, ""grnwt"": 0.0, ""xlai"": 0.5903857946395874, ""totir"": 0.0, ""tofer"": NaN, ""swfac"": 0.0, ""nstres"": 0.0}",0.0,0.0,312.6792907714844,0.0,0.5903857946395874,0.0,,0.0,0.0,0.0,180.0,30.32257080078125,30.32257080078125,Leave_One_experiments/all_year_offline_schedule_search/daily_outputs/FQA/FQA_2009_FQA2009_normal_grid_S0028_daily.csv
FQA,FQA,Fengqiu,2009,Leave_One_experiments\wth_generated_qc\FQA\FQA2009.WTH,normal_year;nitrogen_stress_year;low_response_year,normal,FQA2009_normal_grid_S0028,pareto_balanced,2009-07-07,188,32,27,"{""sim_day"": 32.0, ""doy"": 188.0, ""topwt"": 351.87225341796875, ""grnwt"": 0.0, ""xlai"": 0.6487175822257996, ""totir"": 0.0, ""tofer"": NaN, ""swfac"": 0.0, ""nstres"": 0.0}",0.0,0.0,351.87225341796875,0.0,0.6487175822257996,0.0,,0.0,0.0,0.0,180.0,30.32257080078125,30.32257080078125,Leave_One_experiments/all_year_offline_schedule_search/daily_outputs/FQA/FQA_2009_FQA2009_normal_grid_S0028_daily.csv
FQA,FQA,Fengqiu,2009,Leave_One_experiments\wth_generated_qc\FQA\FQA2009.WTH,normal_year;nitrogen_stress_year;low_response_year,normal,FQA2009_normal_grid_S0028,pareto_balanced,2009-07-08,189,33,28,"{""sim_day"": 33.0, ""doy"": 189.0, ""topwt"": 392.0704650878906, ""grnwt"": 0.0, ""xlai"": 0.7056400775909424, ""totir"": 0.0, ""tofer"": NaN, ""swfac"": 0.0, ""nstres"": 0.005037784576416}",0.0,0.005037784576416,392.0704650878906,0.0,0.7056400775909424,0.0,,0.0,0.0,0.0,180.0,30.32257080078125,30.32257080078125,Leave_One_experiments/all_year_offline_schedule_search/daily_outputs/FQA/FQA_2009_FQA2009_normal_grid_S0028_daily.csv
FQA,FQA,Fengqiu,2009,Leave_One_experiments\wth_generated_qc\FQA\FQA2009.WTH,normal_year;nitrogen_stress_year;low_response_year,normal,FQA2009_normal_grid_S0028,pareto_balanced,2009-07-09,190,34,29,"{""sim_day"": 34.0, ""doy"": 190.0, ""topwt"": 435.59024810791016, ""grnwt"": 0.0, ""xlai"": 0.7652283310890198, ""totir"": 0.0, ""tofer"": NaN, ""swfac"": 0.0, ""nstres"": 0.0}",0.0,0.0,435.59024810791016,0.0,0.7652283310890198,0.0,,0.0,0.0,0.0,180.0,30.32257080078125,30.32257080078125,Leave_One_experiments/all_year_offline_schedule_search/daily_outputs/FQA/FQA_2009_FQA2009_normal_grid_S0028_daily.csv
FQA,FQA,Fengqiu,2009,Leave_One_experiments\wth_generated_qc\FQA\FQA2009.WTH,normal_year;nitrogen_stress_year;low_response_year,normal,FQA2009_normal_grid_S0028,pareto_balanced,2009-07-10,191,35,30,"{""sim_day"": 35.0, ""doy"": 191.0, ""topwt"": 474.9282836914063, ""grnwt"": 0.0, ""xlai"": 0.8171492218971252, ""totir"": 0.0, ""tofer"": NaN, ""swfac"": 0.0, ""nstres"": 0.0}",0.0,0.0,474.9282836914063,0.0,0.8171492218971252,0.0,,0.0,50.0,0.0,180.0,30.32257080078125,30.32257080078125,Leave_One_experiments/all_year_offline_schedule_search/daily_outputs/FQA/FQA_2009_FQA2009_normal_grid_S0028_daily.csv
FQA,FQA,Fengqiu,2009,Leave_One_experiments\wth_generated_qc\FQA\FQA2009.WTH,normal_year;nitrogen_stress_year;low_response_year,normal,FQA2009_normal_grid_S0028,pareto_balanced,2009-07-11,192,36,31,"{""sim_day"": 36.0, ""doy"": 192.0, ""topwt"": 530.4244995117188, ""grnwt"": 0.0, ""xlai"": 0.8872884511947632, ""totir"": 0.0, ""tofer"": NaN, ""swfac"": 0.0, ""nstres"": 0.0}",0.0,0.0,530.4244995117188,0.0,0.8872884511947632,0.0,,0.0,0.0,0.0,180.0,30.32257080078125,30.32257080078125,Leave_One_experiments/all_year_offline_schedule_search/daily_outputs/FQA/FQA_2009_FQA2009_normal_grid_S0028_daily.csv
FQA,FQA,Fengqiu,2009,Leave_One_experiments\wth_generated_qc\FQA\FQA2009.WTH,normal_year;nitrogen_stress_year;low_response_year,normal,FQA2009_normal_grid_S0028,pareto_balanced,2009-07-12,193,37,32,"{""sim_day"": 37.0, ""doy"": 193.0, ""topwt"": 574.4994354248047, ""grnwt"": 0.0, ""xlai"": 0.9408301711082458, ""totir"": 0.0, ""tofer"": NaN, ""swfac"": 0.0, ""nstres"": 0.0}",0.0,0.0,574.4994354248047,0.0,0.9408301711082458,0.0,,0.0,0.0,0.0,180.0,30.32257080078125,30.32257080078125,Leave_One_experiments/all_year_offline_schedule_search/daily_outputs/FQA/FQA_2009_FQA2009_normal_grid_S0028_daily.csv
FQA,FQA,Fengqiu,2009,Leave_One_experiments\wth_generated_qc\FQA\FQA2009.WTH,normal_year;nitrogen_stress_year;low_response_year,normal,FQA2009_normal_grid_S0028,pareto_balanced,2009-07-13,194,38,33,"{""sim_day"": 38.0, ""doy"": 194.0, ""topwt"": 640.7882690429688, ""grnwt"": 0.0, ""xlai"": 1.0178585052490234, ""totir"": 0.0, ""tofer"": NaN, ""swfac"": 0.0, ""nstres"": 0.0}",0.0,0.0,640.7882690429688,0.0,1.0178585052490234,0.0,,0.0,0.0,0.0,180.0,30.32257080078125,30.32257080078125,Leave_One_experiments/all_year_offline_schedule_search/daily_outputs/FQA/FQA_2009_FQA2009_normal_grid_S0028_daily.csv
FQA,FQA,Fengqiu,2009,Leave_One_experiments\wth_generated_qc\FQA\FQA2009.WTH,normal_year;nitrogen_stress_year;low_response_year,normal,FQA2009_normal_grid_S0028,pareto_balanced,2009-07-14,195,39,34,"{""sim_day"": 39.0, ""doy"": 195.0, ""topwt"": 715.2646636962891, ""grnwt"": 0.0, ""xlai"": 1.1001973152160645, ""totir"": 0.0, ""tofer"": NaN, ""swfac"": 0.0, ""nstres"": 0.0}",0.0,0.0,715.2646636962891,0.0,1.1001973152160645,0.0,,0.0,0.0,0.0,180.0,30.32257080078125,30.32257080078125,Leave_One_experiments/all_year_offline_schedule_search/daily_outputs/FQA/FQA_2009_FQA2009_normal_grid_S0028_daily.csv
FQA,FQA,Fengqiu,2009,Leave_One_experiments\wth_generated_qc\FQA\FQA2009.WTH,normal_year;nitrogen_stress_year;low_response_year,normal,FQA2009_normal_grid_S0028,pareto_balanced,2009-07-15,196,40,35,"{""sim_day"": 40.0, ""doy"": 196.0, ""topwt"": 808.7120056152344, ""grnwt"": 0.0, ""xlai"": 1.1980507373809814, ""totir"": 0.0, ""tofer"": NaN, ""swfac"": 0.0, ""nstres"": 0.0}",0.0,0.0,808.7120056152344,0.0,1.1980507373809814,0.0,,0.0,0.0,0.0,180.0,30.32257080078125,30.32257080078125,Leave_One_experiments/all_year_offline_schedule_search/daily_outputs/FQA/FQA_2009_FQA2009_normal_grid_S0028_daily.csv
FQA,FQA,Fengqiu,2009,Leave_One_experiments\wth_generated_qc\FQA\FQA2009.WTH,normal_year;nitrogen_stress_year;low_response_year,normal,FQA2009_normal_grid_S0028,pareto_balanced,2009-07-16,197,41,36,"{""sim_day"": 41.0, ""doy"": 197.0, ""topwt"": 919.8210144042968, ""grnwt"": 0.0, ""xlai"": 1.3077480792999268, ""totir"": 0.0, ""tofer"": NaN, ""swfac"": 0.0, ""nstres"": 0.0}",0.0,0.0,919.8210144042968,0.0,1.3077480792999268,0.0,,0.0,0.0,0.0,180.0,30.32257080078125,30.32257080078125,Leave_One_experiments/all_year_offline_schedule_search/daily_outputs/FQA/FQA_2009_FQA2009_normal_grid_S0028_daily.csv
FQA,FQA,Fengqiu,2009,Leave_One_experiments\wth_generated_qc\FQA\FQA2009.WTH,normal_year;nitrogen_stress_year;low_response_year,normal,FQA2009_normal_grid_S0028,pareto_balanced,2009-07-17,198,42,37,"{""sim_day"": 42.0, ""doy"": 198.0, ""topwt"": 1014.7978973388672, ""grnwt"": 0.0, ""xlai"": 1.3970197439193726, ""totir"": 0.0, ""tofer"": NaN, ""swfac"": 0.0, ""nstres"": 0.0}",0.0,0.0,1014.7978973388672,0.0,1.3970197439193726,0.0,,0.0,0.0,0.0,180.0,30.32257080078125,30.32257080078125,Leave_One_experiments/all_year_offline_schedule_search/daily_outputs/FQA/FQA_2009_FQA2009_normal_grid_S0028_daily.csv
FQA,FQA,Fengqiu,2009,Leave_One_experiments\wth_generated_qc\FQA\FQA2009.WTH,normal_year;nitrogen_stress_year;low_response_year,normal,FQA2009_normal_grid_S0028,pareto_balanced,2009-07-18,199,43,38,"{""sim_day"": 43.0, ""doy"": 199.0, ""topwt"": 1124.7322082519531, ""grnwt"": 0.0, ""xlai"": 1.4954240322113037, ""totir"": 0.0, ""tofer"": NaN, ""swfac"": 0.0, ""nstres"": 0.0}",0.0,0.0,1124.7322082519531,0.0,1.4954240322113037,0.0,,0.0,0.0,0.0,180.0,30.32257080078125,30.32257080078125,Leave_One_experiments/all_year_offline_schedule_search/daily_outputs/FQA/FQA_2009_FQA2009_normal_grid_S0028_daily.csv
FQA,FQA,Fengqiu,2009,Leave_One_experiments\wth_generated_qc\FQA\FQA2009.WTH,normal_year;nitrogen_stress_year;low_response_year,normal,FQA2009_normal_grid_S0028,pareto_balanced,2009-07-19,200,44,39,"{""sim_day"": 44.0, ""doy"": 200.0, ""topwt"": 1294.0670776367188, ""grnwt"": 0.0, ""xlai"": 1.5640147924423218, ""totir"": 0.0, ""tofer"": NaN, ""swfac"": 0.0, ""nstres"": 0.0}",0.0,0.0,1294.0670776367188,0.0,1.5640147924423218,0.0,,0.0,0.0,0.0,180.0,30.32257080078125,30.32257080078125,Leave_One_experiments/all_year_offline_schedule_search/daily_outputs/FQA/FQA_2009_FQA2009_normal_grid_S0028_daily.csv
FQA,FQA,Fengqiu,2009,Leave_One_experiments\wth_generated_qc\FQA\FQA2009.WTH,normal_year;nitrogen_stress_year;low_response_year,normal,FQA2009_normal_grid_S0028,pareto_balanced,2009-07-20,201,45,40,"{""sim_day"": 45.0, ""doy"": 201.0, ""topwt"": 1485.742645263672, ""grnwt"": 0.0, ""xlai"": 1.6359115839004517, ""totir"": 0.0, ""tofer"": NaN, ""swfac"": 0.0, ""nstres"": 0.0}",0.0,0.0,1485.742645263672,0.0,1.6359115839004517,0.0,,0.0,0.0,0.0,180.0,30.32257080078125,30.32257080078125,Leave_One_experiments/all_year_offline_schedule_search/daily_outputs/FQA/FQA_2009_FQA2009_normal_grid_S0028_daily.csv
FQA,FQA,Fengqiu,2009,Leave_One_experiments\wth_generated_qc\FQA\FQA2009.WTH,normal_year;nitrogen_stress_year;low_response_year,normal,FQA2009_normal_grid_S0028,pareto_balanced,2009-07-21,202,46,41,"{""sim_day"": 46.0, ""doy"": 202.0, ""topwt"": 1544.6316528320312, ""grnwt"": 0.0, ""xlai"": 1.6566132307052612, ""totir"": 0.0, ""tofer"": NaN, ""swfac"": 0.0, ""nstres"": 0.0}",0.0,0.0,1544.6316528320312,0.0,1.6566132307052612,0.0,,0.0,0.0,0.0,180.0,30.32257080078125,30.32257080078125,Leave_One_experiments/all_year_offline_schedule_search/daily_outputs/FQA/FQA_2009_FQA2009_normal_grid_S0028_daily.csv
FQA,FQA,Fengqiu,2009,Leave_One_experiments\wth_generated_qc\FQA\FQA2009.WTH,normal_year;nitrogen_stress_year;low_response_year,normal,FQA2009_normal_grid_S0028,pareto_balanced,2009-07-22,203,47,42,"{""sim_day"": 47.0, ""doy"": 203.0, ""topwt"": 1801.9943237304688, ""grnwt"": 0.0, ""xlai"": 1.7428669929504397, ""totir"": 0.0, ""tofer"": NaN, ""swfac"": 0.0, ""nstres"": 0.0}",0.0,0.0,1801.9943237304688,0.0,1.7428669929504397,0.0,,0.0,0.0,0.0,180.0,30.32257080078125,30.32257080078125,Leave_One_experiments/all_year_offline_schedule_search/daily_outputs/FQA/FQA_2009_FQA2009_normal_grid_S0028_daily.csv
FQA,FQA,Fengqiu,2009,Leave_One_experiments\wth_generated_qc\FQA\FQA2009.WTH,normal_year;nitrogen_stress_year;low_response_year,normal,FQA2009_normal_grid_S0028,pareto_balanced,2009-07-23,204,48,43,"{""sim_day"": 48.0, ""doy"": 204.0, ""topwt"": 2021.2333679199216, ""grnwt"": 0.0, ""xlai"": 1.813217282295227, ""totir"": 0.0, ""tofer"": NaN, ""swfac"": 0.0, ""nstres"": 0.0}",0.0,0.0,2021.2333679199216,0.0,1.813217282295227,0.0,,0.0,0.0,0.0,180.0,30.32257080078125,30.32257080078125,Leave_One_experiments/all_year_offline_schedule_search/daily_outputs/FQA/FQA_2009_FQA2009_normal_grid_S0028_daily.csv
FQA,FQA,Fengqiu,2009,Leave_One_experiments\wth_generated_qc\FQA\FQA2009.WTH,normal_year;nitrogen_stress_year;low_response_year,normal,FQA2009_normal_grid_S0028,pareto_balanced,2009-07-24,205,49,44,"{""sim_day"": 49.0, ""doy"": 205.0, ""topwt"": 2248.056030273437, ""grnwt"": 0.0, ""xlai"": 1.883143663406372, ""totir"": 0.0, ""tofer"": NaN, ""swfac"": 0.0, ""nstres"": 0.0}",0.0,0.0,2248.056030273437,0.0,1.883143663406372,0.0,,0.0,0.0,0.0,180.0,30.32257080078125,30.32257080078125,Leave_One_experiments/all_year_offline_schedule_search/daily_outputs/FQA/FQA_2009_FQA2009_normal_grid_S0028_daily.csv
FQA,FQA,Fengqiu,2009,Leave_One_experiments\wth_generated_qc\FQA\FQA2009.WTH,normal_year;nitrogen_stress_year;low_response_year,normal,FQA2009_normal_grid_S0028,pareto_balanced,2009-07-25,206,50,45,"{""sim_day"": 50.0, ""doy"": 206.0, ""topwt"": 2458.599853515625, ""grnwt"": 0.0, ""xlai"": 1.9458391666412356, ""totir"": 0.0, ""tofer"": NaN, ""swfac"": 0.0, ""nstres"": 0.0}",0.0,0.0,2458.599853515625,0.0,1.9458391666412356,0.0,,0.0,0.0,0.0,180.0,30.32257080078125,30.32257080078125,Leave_One_experiments/all_year_offline_schedule_search/daily_outputs/FQA/FQA_2009_FQA2009_normal_grid_S0028_daily.csv
FQA,FQA,Fengqiu,2009,Leave_One_experiments\wth_generated_qc\FQA\FQA2009.WTH,normal_year;nitrogen_stress_year;low_response_year,normal,FQA2009_normal_grid_S0028,pareto_balanced,2009-07-26,207,51,46,"{""sim_day"": 51.0, ""doy"": 207.0, ""topwt"": 2676.249084472656, ""grnwt"": 0.0, ""xlai"": 2.008484125137329, ""totir"": 0.0, ""tofer"": NaN, ""swfac"": 0.0, ""nstres"": 0.0}",0.0,0.0,2676.249084472656,0.0,2.008484125137329,0.0,,0.0,0.0,0.0,180.0,30.32257080078125,30.32257080078125,Leave_One_experiments/all_year_offline_schedule_search/daily_outputs/FQA/FQA_2009_FQA2009_normal_grid_S0028_daily.csv
FQA,FQA,Fengqiu,2009,Leave_One_experiments\wth_generated_qc\FQA\FQA2009.WTH,normal_year;nitrogen_stress_year;low_response_year,normal,FQA2009_normal_grid_S0028,pareto_balanced,2009-07-27,208,52,47,"{""sim_day"": 52.0, ""doy"": 208.0, ""topwt"": 2920.7406616210938, ""grnwt"": 0.0, ""xlai"": 2.0764639377593994, ""totir"": 0.0, ""tofer"": NaN, ""swfac"": 0.0, ""nstres"": 0.0}",0.0,0.0,2920.7406616210938,0.0,2.0764639377593994,0.0,,0.0,0.0,0.0,180.0,30.32257080078125,30.32257080078125,Leave_One_experiments/all_year_offline_schedule_search/daily_outputs/FQA/FQA_2009_FQA2009_normal_grid_S0028_daily.csv
FQA,FQA,Fengqiu,2009,Leave_One_experiments\wth_generated_qc\FQA\FQA2009.WTH,normal_year;nitrogen_stress_year;low_response_year,normal,FQA2009_normal_grid_S0028,pareto_balanced,2009-07-28,209,53,48,"{""sim_day"": 53.0, ""doy"": 209.0, ""topwt"": 3149.535217285156, ""grnwt"": 0.0, ""xlai"": 2.138154983520508, ""totir"": 0.0, ""tofer"": NaN, ""swfac"": 0.0, ""nstres"": 0.0}",0.0,0.0,3149.535217285156,0.0,2.138154983520508,0.0,,0.0,0.0,0.0,180.0,30.32257080078125,30.32257080078125,Leave_One_experiments/all_year_offline_schedule_search/daily_outputs/FQA/FQA_2009_FQA2009_normal_grid_S0028_daily.csv
FQA,FQA,Fengqiu,2009,Leave_One_experiments\wth_generated_qc\FQA\FQA2009.WTH,normal_year;nitrogen_stress_year;low_response_year,normal,FQA2009_normal_grid_S0028,pareto_balanced,2009-07-29,210,54,49,"{""sim_day"": 54.0, ""doy"": 210.0, ""topwt"": 3378.1939697265625, ""grnwt"": 0.0, ""xlai"": 2.198061227798462, ""totir"": 0.0, ""tofer"": NaN, ""swfac"": 0.0, ""nstres"": 0.0}",0.0,0.0,3378.1939697265625,0.0,2.198061227798462,0.0,,0.0,0.0,0.0,180.0,30.32257080078125,30.32257080078125,Leave_One_experiments/all_year_offline_schedule_search/daily_outputs/FQA/FQA_2009_FQA2009_normal_grid_S0028_daily.csv
FQA,FQA,Fengqiu,2009,Leave_One_experiments\wth_generated_qc\FQA\FQA2009.WTH,normal_year;nitrogen_stress_year;low_response_year,normal,FQA2009_normal_grid_S0028,pareto_balanced,2009-07-30,211,55,50,"{""sim_day"": 55.0, ""doy"": 211.0, ""topwt"": 3611.295776367188, ""grnwt"": 0.0, ""xlai"": 2.257463932037353, ""totir"": 0.0, ""tofer"": NaN, ""swfac"": 0.0, ""nstres"": 0.0}",0.0,0.0,3611.295776367188,0.0,2.257463932037353,0.0,,0.0,0.0,0.0,180.0,30.32257080078125,30.32257080078125,Leave_One_experiments/all_year_offline_schedule_search/daily_outputs/FQA/FQA_2009_FQA2009_normal_grid_S0028_daily.csv
FQA,FQA,Fengqiu,2009,Leave_One_experiments\wth_generated_qc\FQA\FQA2009.WTH,normal_year;nitrogen_stress_year;low_response_year,normal,FQA2009_normal_grid_S0028,pareto_balanced,2009-07-31,212,56,51,"{""sim_day"": 56.0, ""doy"": 212.0, ""topwt"": 3847.176513671875, ""grnwt"": 0.0, ""xlai"": 2.3174889087677, ""totir"": 0.0, ""tofer"": NaN, ""swfac"": 0.0, ""nstres"": 0.0}",0.0,0.0,3847.176513671875,0.0,2.3174889087677,0.0,,0.0,0.0,0.0,180.0,30.32257080078125,30.32257080078125,Leave_One_experiments/all_year_offline_schedule_search/daily_outputs/FQA/FQA_2009_FQA2009_normal_grid_S0028_daily.csv
FQA,FQA,Fengqiu,2009,Leave_One_experiments\wth_generated_qc\FQA\FQA2009.WTH,normal_year;nitrogen_stress_year;low_response_year,normal,FQA2009_normal_grid_S0028,pareto_balanced,2009-08-01,213,57,52,"{""sim_day"": 57.0, ""doy"": 213.0, ""topwt"": 4091.6287231445312, ""grnwt"": 0.0, ""xlai"": 2.379610776901245, ""totir"": 0.0, ""tofer"": NaN, ""swfac"": 0.0, ""nstres"": 0.0}",0.0,0.0,4091.6287231445312,0.0,2.379610776901245,0.0,,0.0,0.0,0.0,180.0,30.32257080078125,30.32257080078125,Leave_One_experiments/all_year_offline_schedule_search/daily_outputs/FQA/FQA_2009_FQA2009_normal_grid_S0028_daily.csv
FQA,FQA,Fengqiu,2009,Leave_One_experiments\wth_generated_qc\FQA\FQA2009.WTH,normal_year;nitrogen_stress_year;low_response_year,normal,FQA2009_normal_grid_S0028,pareto_balanced,2009-08-02,214,58,53,"{""sim_day"": 58.0, ""doy"": 214.0, ""topwt"": 4188.0767822265625, ""grnwt"": 0.0, ""xlai"": 2.4039132595062256, ""totir"": 0.0, ""tofer"": NaN, ""swfac"": 0.0, ""nstres"": 0.0}",0.0,0.0,4188.0767822265625,0.0,2.4039132595062256,0.0,,0.0,0.0,0.0,180.0,30.32257080078125,30.32257080078125,Leave_One_experiments/all_year_offline_schedule_search/daily_outputs/FQA/FQA_2009_FQA2009_normal_grid_S0028_daily.csv
FQA,FQA,Fengqiu,2009,Leave_One_experiments\wth_generated_qc\FQA\FQA2009.WTH,normal_year;nitrogen_stress_year;low_response_year,normal,FQA2009_normal_grid_S0028,pareto_balanced,2009-08-03,215,59,54,"{""sim_day"": 59.0, ""doy"": 215.0, ""topwt"": 4424.741516113281, ""grnwt"": 0.0, ""xlai"": 2.463928699493408, ""totir"": 0.0, ""tofer"": NaN, ""swfac"": 0.0, ""nstres"": 0.0}",0.0,0.0,4424.741516113281,0.0,2.463928699493408,0.0,,0.0,0.0,0.0,180.0,30.32257080078125,30.32257080078125,Leave_One_experiments/all_year_offline_schedule_search/daily_outputs/FQA/FQA_2009_FQA2009_normal_grid_S0028_daily.csv
FQA,FQA,Fengqiu,2009,Leave_One_experiments\wth_generated_qc\FQA\FQA2009.WTH,normal_year;nitrogen_stress_year;low_response_year,normal,FQA2009_normal_grid_S0028,pareto_balanced,2009-08-04,216,60,55,"{""sim_day"": 60.0, ""doy"": 216.0, ""topwt"": 4475.7611083984375, ""grnwt"": 0.0, ""xlai"": 2.4765875339508057, ""totir"": 0.0, ""tofer"": NaN, ""swfac"": 0.0, ""nstres"": 0.0}",0.0,0.0,4475.7611083984375,0.0,2.4765875339508057,0.0,,0.0,0.0,0.0,180.0,30.32257080078125,30.32257080078125,Leave_One_experiments/all_year_offline_schedule_search/daily_outputs/FQA/FQA_2009_FQA2009_normal_grid_S0028_daily.csv
FQA,FQA,Fengqiu,2009,Leave_One_experiments\wth_generated_qc\FQA\FQA2009.WTH,normal_year;nitrogen_stress_year;low_response_year,normal,FQA2009_normal_grid_S0028,pareto_balanced,2009-08-05,217,61,56,"{""sim_day"": 61.0, ""doy"": 217.0, ""topwt"": 4656.494445800781, ""grnwt"": 0.0, ""xlai"": 2.522287130355835, ""totir"": 0.0, ""tofer"": NaN, ""swfac"": 0.0, ""nstres"": 0.0}",0.0,0.0,4656.494445800781,0.0,2.522287130355835,0.0,,0.0,0.0,0.0,180.0,30.32257080078125,30.32257080078125,Leave_One_experiments/all_year_offline_schedule_search/daily_outputs/FQA/FQA_2009_FQA2009_normal_grid_S0028_daily.csv
FQA,FQA,Fengqiu,2009,Leave_One_experiments\wth_generated_qc\FQA\FQA2009.WTH,normal_year;nitrogen_stress_year;low_response_year,normal,FQA2009_normal_grid_S0028,pareto_balanced,2009-08-06,218,62,57,"{""sim_day"": 62.0, ""doy"": 218.0, ""topwt"": 4878.472900390625, ""grnwt"": 0.0, ""xlai"": 2.5784125328063965, ""totir"": 0.0, ""tofer"": NaN, ""swfac"": 0.0, ""nstres"": 0.0}",0.0,0.0,4878.472900390625,0.0,2.5784125328063965,0.0,,0.0,0.0,0.0,180.0,30.32257080078125,30.32257080078125,Leave_One_experiments/all_year_offline_schedule_search/daily_outputs/FQA/FQA_2009_FQA2009_normal_grid_S0028_daily.csv
FQA,FQA,Fengqiu,2009,Leave_One_experiments\wth_generated_qc\FQA\FQA2009.WTH,normal_year;nitrogen_stress_year;low_response_year,normal,FQA2009_normal_grid_S0028,pareto_balanced,2009-08-07,219,63,58,"{""sim_day"": 63.0, ""doy"": 219.0, ""topwt"": 5028.668823242188, ""grnwt"": 0.0, ""xlai"": 2.616249322891236, ""totir"": 0.0, ""tofer"": NaN, ""swfac"": 0.0, ""nstres"": 0.0}",0.0,0.0,5028.668823242188,0.0,2.616249322891236,0.0,,0.0,0.0,0.0,180.0,30.32257080078125,30.32257080078125,Leave_One_experiments/all_year_offline_schedule_search/daily_outputs/FQA/FQA_2009_FQA2009_normal_grid_S0028_daily.csv
FQA,FQA,Fengqiu,2009,Leave_One_experiments\wth_generated_qc\FQA\FQA2009.WTH,normal_year;nitrogen_stress_year;low_response_year,normal,FQA2009_normal_grid_S0028,pareto_balanced,2009-08-08,220,64,59,"{""sim_day"": 64.0, ""doy"": 220.0, ""topwt"": 5335.958251953125, ""grnwt"": 0.0, ""xlai"": 2.4934756755828857, ""totir"": 0.0, ""tofer"": NaN, ""swfac"": 0.0, ""nstres"": 0.0}",0.0,0.0,5335.958251953125,0.0,2.4934756755828857,0.0,,0.0,0.0,0.0,180.0,30.32257080078125,30.32257080078125,Leave_One_experiments/all_year_offline_schedule_search/daily_outputs/FQA/FQA_2009_FQA2009_normal_grid_S0028_daily.csv
FQA,FQA,Fengqiu,2009,Leave_One_experiments\wth_generated_qc\FQA\FQA2009.WTH,normal_year;nitrogen_stress_year;low_response_year,normal,FQA2009_normal_grid_S0028,pareto_balanced,2009-08-09,221,65,60,"{""sim_day"": 65.0, ""doy"": 221.0, ""topwt"": 5568.06396484375, ""grnwt"": 0.0, ""xlai"": 2.480811357498169, ""totir"": 0.0, ""tofer"": NaN, ""swfac"": 0.0, ""nstres"": 0.0}",0.0,0.0,5568.06396484375,0.0,2.480811357498169,0.0,,0.0,50.0,0.0,180.0,30.32257080078125,30.32257080078125,Leave_One_experiments/all_year_offline_schedule_search/daily_outputs/FQA/FQA_2009_FQA2009_normal_grid_S0028_daily.csv
FQA,FQA,Fengqiu,2009,Leave_One_experiments\wth_generated_qc\FQA\FQA2009.WTH,normal_year;nitrogen_stress_year;low_response_year,normal,FQA2009_normal_grid_S0028,pareto_balanced,2009-08-10,222,66,61,"{""sim_day"": 66.0, ""doy"": 222.0, ""topwt"": 5872.523193359375, ""grnwt"": 0.0, ""xlai"": 2.467458248138428, ""totir"": 0.0, ""tofer"": NaN, ""swfac"": 0.0, ""nstres"": 0.0}",0.0,0.0,5872.523193359375,0.0,2.467458248138428,0.0,,0.0,0.0,0.0,180.0,30.32257080078125,30.32257080078125,Leave_One_experiments/all_year_offline_schedule_search/daily_outputs/FQA/FQA_2009_FQA2009_normal_grid_S0028_daily.csv
FQA,FQA,Fengqiu,2009,Leave_One_experiments\wth_generated_qc\FQA\FQA2009.WTH,normal_year;nitrogen_stress_year;low_response_year,normal,FQA2009_normal_grid_S0028,pareto_balanced,2009-08-11,223,67,62,"{""sim_day"": 67.0, ""doy"": 223.0, ""topwt"": 6246.66748046875, ""grnwt"": 0.0, ""xlai"": 2.454420328140259, ""totir"": 0.0, ""tofer"": NaN, ""swfac"": 0.0, ""nstres"": 0.0}",0.0,0.0,6246.66748046875,0.0,2.454420328140259,0.0,,0.0,0.0,0.0,180.0,30.32257080078125,30.32257080078125,Leave_One_experiments/all_year_offline_schedule_search/daily_outputs/FQA/FQA_2009_FQA2009_normal_grid_S0028_daily.csv
FQA,FQA,Fengqiu,2009,Leave_One_experiments\wth_generated_qc\FQA\FQA2009.WTH,normal_year;nitrogen_stress_year;low_response_year,normal,FQA2009_normal_grid_S0028,pareto_balanced,2009-08-12,224,68,63,"{""sim_day"": 68.0, ""doy"": 224.0, ""topwt"": 6613.018798828125, ""grnwt"": 0.0, ""xlai"": 2.4423723220825195, ""totir"": 0.0, ""tofer"": NaN, ""swfac"": 0.0142586231231689, ""nstres"": 0.0}",0.0142586231231689,0.0,6613.018798828125,0.0,2.4423723220825195,0.0,,0.0,0.0,0.0,180.0,30.32257080078125,30.32257080078125,Leave_One_experiments/all_year_offline_schedule_search/daily_outputs/FQA/FQA_2009_FQA2009_normal_grid_S0028_daily.csv
FQA,FQA,Fengqiu,2009,Leave_One_experiments\wth_generated_qc\FQA\FQA2009.WTH,normal_year;nitrogen_stress_year;low_response_year,normal,FQA2009_normal_grid_S0028,pareto_balanced,2009-08-13,225,69,64,"{""sim_day"": 69.0, ""doy"": 225.0, ""topwt"": 6943.5986328125, ""grnwt"": 0.0, ""xlai"": 2.429849863052368, ""totir"": 0.0, ""tofer"": NaN, ""swfac"": 0.0311127305030822, ""nstres"": 0.0}",0.0311127305030822,0.0,6943.5986328125,0.0,2.429849863052368,0.0,,0.0,0.0,0.0,180.0,30.32257080078125,30.32257080078125,Leave_One_experiments/all_year_offline_schedule_search/daily_outputs/FQA/FQA_2009_FQA2009_normal_grid_S0028_daily.csv
FQA,FQA,Fengqiu,2009,Leave_One_experiments\wth_generated_qc\FQA\FQA2009.WTH,normal_year;nitrogen_stress_year;low_response_year,normal,FQA2009_normal_grid_S0028,pareto_balanced,2009-08-14,226,70,65,"{""sim_day"": 70.0, ""doy"": 226.0, ""topwt"": 7229.093017578125, ""grnwt"": 0.0, ""xlai"": 2.417057991027832, ""totir"": 0.0, ""tofer"": NaN, ""swfac"": 0.0, ""nstres"": 0.0}",0.0,0.0,7229.093017578125,0.0,2.417057991027832,0.0,,0.0,0.0,0.0,180.0,30.32257080078125,30.32257080078125,Leave_One_experiments/all_year_offline_schedule_search/daily_outputs/FQA/FQA_2009_FQA2009_normal_grid_S0028_daily.csv
FQA,FQA,Fengqiu,2009,Leave_One_experiments\wth_generated_qc\FQA\FQA2009.WTH,normal_year;nitrogen_stress_year;low_response_year,normal,FQA2009_normal_grid_S0028,pareto_balanced,2009-08-15,227,71,66,"{""sim_day"": 71.0, ""doy"": 227.0, ""topwt"": 7486.290283203125, ""grnwt"": 0.0, ""xlai"": 2.403084278106689, ""totir"": 0.0, ""tofer"": NaN, ""swfac"": 0.0, ""nstres"": 0.0}",0.0,0.0,7486.290283203125,0.0,2.403084278106689,0.0,,0.0,0.0,0.0,180.0,30.32257080078125,30.32257080078125,Leave_One_experiments/all_year_offline_schedule_search/daily_outputs/FQA/FQA_2009_FQA2009_normal_grid_S0028_daily.csv
FQA,FQA,Fengqiu,2009,Leave_One_experiments\wth_generated_qc\FQA\FQA2009.WTH,normal_year;nitrogen_stress_year;low_response_year,normal,FQA2009_normal_grid_S0028,pareto_balanced,2009-08-16,228,72,67,"{""sim_day"": 72.0, ""doy"": 228.0, ""topwt"": 7490.0360107421875, ""grnwt"": 0.0, ""xlai"": 2.391601085662842, ""totir"": 0.0, ""tofer"": NaN, ""swfac"": 0.0, ""nstres"": 0.0}",0.0,0.0,7490.0360107421875,0.0,2.391601085662842,0.0,,0.0,0.0,0.0,180.0,30.32257080078125,30.32257080078125,Leave_One_experiments/all_year_offline_schedule_search/daily_outputs/FQA/FQA_2009_FQA2009_normal_grid_S0028_daily.csv
FQA,FQA,Fengqiu,2009,Leave_One_experiments\wth_generated_qc\FQA\FQA2009.WTH,normal_year;nitrogen_stress_year;low_response_year,normal,FQA2009_normal_grid_S0028,pareto_balanced,2009-08-17,229,73,68,"{""sim_day"": 73.0, ""doy"": 229.0, ""topwt"": 7774.17236328125, ""grnwt"": 502.6390838623047, ""xlai"": 2.3324344158172607, ""totir"": 0.0, ""tofer"": NaN, ""swfac"": 0.0, ""nstres"": 0.0}",0.0,0.0,7774.17236328125,502.6390838623047,2.3324344158172607,0.0,,0.0,0.0,0.0,180.0,30.32257080078125,30.32257080078125,Leave_One_experiments/all_year_offline_schedule_search/daily_outputs/FQA/FQA_2009_FQA2009_normal_grid_S0028_daily.csv
FQA,FQA,Fengqiu,2009,Leave_One_experiments\wth_generated_qc\FQA\FQA2009.WTH,normal_year;nitrogen_stress_year;low_response_year,normal,FQA2009_normal_grid_S0028,pareto_balanced,2009-08-18,230,74,69,"{""sim_day"": 74.0, ""doy"": 230.0, ""topwt"": 8097.7996826171875, ""grnwt"": 933.023681640625, ""xlai"": 2.3207802772521973, ""totir"": 0.0, ""tofer"": NaN, ""swfac"": 0.0, ""nstres"": 0.0}",0.0,0.0,8097.7996826171875,933.023681640625,2.3207802772521973,0.0,,0.0,0.0,0.0,180.0,30.32257080078125,30.32257080078125,Leave_One_experiments/all_year_offline_schedule_search/daily_outputs/FQA/FQA_2009_FQA2009_normal_grid_S0028_daily.csv
FQA,FQA,Fengqiu,2009,Leave_One_experiments\wth_generated_qc\FQA\FQA2009.WTH,normal_year;nitrogen_stress_year;low_response_year,normal,FQA2009_normal_grid_S0028,pareto_balanced,2009-08-19,231,75,70,"{""sim_day"": 75.0, ""doy"": 231.0, ""topwt"": 8425.833740234375, ""grnwt"": 1379.1159057617188, ""xlai"": 2.3066227436065674, ""totir"": 0.0, ""tofer"": NaN, ""swfac"": 0.0, ""nstres"": 0.0}",0.0,0.0,8425.833740234375,1379.1159057617188,2.3066227436065674,0.0,,0.0,0.0,0.0,180.0,30.32257080078125,30.32257080078125,Leave_One_experiments/all_year_offline_schedule_search/daily_outputs/FQA/FQA_2009_FQA2009_normal_grid_S0028_daily.csv
FQA,FQA,Fengqiu,2009,Leave_One_experiments\wth_generated_qc\FQA\FQA2009.WTH,normal_year;nitrogen_stress_year;low_response_year,normal,FQA2009_normal_grid_S0028,pareto_balanced,2009-08-20,232,76,71,"{""sim_day"": 76.0, ""doy"": 232.0, ""topwt"": 8548.956298828125, ""grnwt"": 1881.7550659179688, ""xlai"": 2.29377818107605, ""totir"": 0.0, ""tofer"": NaN, ""swfac"": 0.0, ""nstres"": 0.0}",0.0,0.0,8548.956298828125,1881.7550659179688,2.29377818107605,0.0,,0.0,0.0,0.0,180.0,30.32257080078125,30.32257080078125,Leave_One_experiments/all_year_offline_schedule_search/daily_outputs/FQA/FQA_2009_FQA2009_normal_grid_S0028_daily.csv
FQA,FQA,Fengqiu,2009,Leave_One_experiments\wth_generated_qc\FQA\FQA2009.WTH,normal_year;nitrogen_stress_year;low_response_year,normal,FQA2009_normal_grid_S0028,pareto_balanced,2009-08-21,233,77,72,"{""sim_day"": 77.0, ""doy"": 233.0, ""topwt"": 8606.16943359375, ""grnwt"": 2384.3942260742188, ""xlai"": 2.283857107162476, ""totir"": 0.0, ""tofer"": NaN, ""swfac"": 0.0, ""nstres"": 0.0}",0.0,0.0,8606.16943359375,2384.3942260742188,2.283857107162476,0.0,,0.0,0.0,0.0,180.0,30.32257080078125,30.32257080078125,Leave_One_experiments/all_year_offline_schedule_search/daily_outputs/FQA/FQA_2009_FQA2009_normal_grid_S0028_daily.csv
FQA,FQA,Fengqiu,2009,Leave_One_experiments\wth_generated_qc\FQA\FQA2009.WTH,normal_year;nitrogen_stress_year;low_response_year,normal,FQA2009_normal_grid_S0028,pareto_balanced,2009-08-22,234,78,73,"{""sim_day"": 78.0, ""doy"": 234.0, ""topwt"": 8963.37158203125, ""grnwt"": 2887.0333862304688, ""xlai"": 2.2681667804718018, ""totir"": 0.0, ""tofer"": NaN, ""swfac"": 0.0, ""nstres"": 0.0}",0.0,0.0,8963.37158203125,2887.0333862304688,2.2681667804718018,0.0,,0.0,0.0,0.0,180.0,30.32257080078125,30.32257080078125,Leave_One_experiments/all_year_offline_schedule_search/daily_outputs/FQA/FQA_2009_FQA2009_normal_grid_S0028_daily.csv
FQA,FQA,Fengqiu,2009,Leave_One_experiments\wth_generated_qc\FQA\FQA2009.WTH,normal_year;nitrogen_stress_year;low_response_year,normal,FQA2009_normal_grid_S0028,pareto_balanced,2009-08-23,235,79,74,"{""sim_day"": 79.0, ""doy"": 235.0, ""topwt"": 9188.21533203125, ""grnwt"": 3131.5557861328125, ""xlai"": 2.2490103244781494, ""totir"": 0.0, ""tofer"": NaN, ""swfac"": 0.0, ""nstres"": 0.0}",0.0,0.0,9188.21533203125,3131.5557861328125,2.2490103244781494,0.0,,0.0,0.0,0.0,180.0,30.32257080078125,30.32257080078125,Leave_One_experiments/all_year_offline_schedule_search/daily_outputs/FQA/FQA_2009_FQA2009_normal_grid_S0028_daily.csv
FQA,FQA,Fengqiu,2009,Leave_One_experiments\wth_generated_qc\FQA\FQA2009.WTH,normal_year;nitrogen_stress_year;low_response_year,normal,FQA2009_normal_grid_S0028,pareto_balanced,2009-08-24,236,80,75,"{""sim_day"": 80.0, ""doy"": 236.0, ""topwt"": 9455.224609375, ""grnwt"": 3398.565368652344, ""xlai"": 2.225073337554932, ""totir"": 0.0, ""tofer"": NaN, ""swfac"": 0.0, ""nstres"": 0.0}",0.0,0.0,9455.224609375,3398.565368652344,2.225073337554932,0.0,,0.0,0.0,0.0,180.0,30.32257080078125,30.32257080078125,Leave_One_experiments/all_year_offline_schedule_search/daily_outputs/FQA/FQA_2009_FQA2009_normal_grid_S0028_daily.csv
FQA,FQA,Fengqiu,2009,Leave_One_experiments\wth_generated_qc\FQA\FQA2009.WTH,normal_year;nitrogen_stress_year;low_response_year,normal,FQA2009_normal_grid_S0028,pareto_balanced,2009-08-25,237,81,76,"{""sim_day"": 81.0, ""doy"": 237.0, ""topwt"": 9692.776489257812, ""grnwt"": 3636.117248535156, ""xlai"": 2.1979804039001465, ""totir"": 0.0, ""tofer"": NaN, ""swfac"": 0.0, ""nstres"": 0.0}",0.0,0.0,9692.776489257812,3636.117248535156,2.1979804039001465,0.0,,0.0,0.0,0.0,180.0,30.32257080078125,30.32257080078125,Leave_One_experiments/all_year_offline_schedule_search/daily_outputs/FQA/FQA_2009_FQA2009_normal_grid_S0028_daily.csv
FQA,FQA,Fengqiu,2009,Leave_One_experiments\wth_generated_qc\FQA\FQA2009.WTH,normal_year;nitrogen_stress_year;low_response_year,normal,FQA2009_normal_grid_S0028,pareto_balanced,2009-08-26,238,82,77,"{""sim_day"": 82.0, ""doy"": 238.0, ""topwt"": 10054.66064453125, ""grnwt"": 3998.0014038085938, ""xlai"": 2.166840076446533, ""totir"": 0.0, ""tofer"": NaN, ""swfac"": 0.0, ""nstres"": 0.0}",0.0,0.0,10054.66064453125,3998.0014038085938,2.166840076446533,0.0,,0.0,0.0,0.0,180.0,30.32257080078125,30.32257080078125,Leave_One_experiments/all_year_offline_schedule_search/daily_outputs/FQA/FQA_2009_FQA2009_normal_grid_S0028_daily.csv
FQA,FQA,Fengqiu,2009,Leave_One_experiments\wth_generated_qc\FQA\FQA2009.WTH,normal_year;nitrogen_stress_year;low_response_year,normal,FQA2009_normal_grid_S0028,pareto_balanced,2009-08-27,239,83,78,"{""sim_day"": 83.0, ""doy"": 239.0, ""topwt"": 10256.64794921875, ""grnwt"": 4199.988098144531, ""xlai"": 2.1348764896392822, ""totir"": 0.0, ""tofer"": NaN, ""swfac"": 0.0, ""nstres"": 0.0}",0.0,0.0,10256.64794921875,4199.988098144531,2.1348764896392822,0.0,,0.0,0.0,0.0,180.0,30.32257080078125,30.32257080078125,Leave_One_experiments/all_year_offline_schedule_search/daily_outputs/FQA/FQA_2009_FQA2009_normal_grid_S0028_daily.csv
FQA,FQA,Fengqiu,2009,Leave_One_experiments\wth_generated_qc\FQA\FQA2009.WTH,normal_year;nitrogen_stress_year;low_response_year,normal,FQA2009_normal_grid_S0028,pareto_balanced,2009-08-28,240,84,79,"{""sim_day"": 84.0, ""doy"": 240.0, ""topwt"": 10346.37451171875, ""grnwt"": 4289.7149658203125, ""xlai"": 2.110350608825684, ""totir"": 0.0, ""tofer"": NaN, ""swfac"": 0.0, ""nstres"": 0.0}",0.0,0.0,10346.37451171875,4289.7149658203125,2.110350608825684,0.0,,0.0,0.0,0.0,180.0,30.32257080078125,30.32257080078125,Leave_One_experiments/all_year_offline_schedule_search/daily_outputs/FQA/FQA_2009_FQA2009_normal_grid_S0028_daily.csv
FQA,FQA,Fengqiu,2009,Leave_One_experiments\wth_generated_qc\FQA\FQA2009.WTH,normal_year;nitrogen_stress_year;low_response_year,normal,FQA2009_normal_grid_S0028,pareto_balanced,2009-08-29,241,85,80,"{""sim_day"": 85.0, ""doy"": 241.0, ""topwt"": 10740.7568359375, ""grnwt"": 4684.097900390625, ""xlai"": 2.088330745697021, ""totir"": 0.0, ""tofer"": NaN, ""swfac"": 0.0, ""nstres"": 0.0}",0.0,0.0,10740.7568359375,4684.097900390625,2.088330745697021,0.0,,0.0,0.0,0.0,180.0,30.32257080078125,30.32257080078125,Leave_One_experiments/all_year_offline_schedule_search/daily_outputs/FQA/FQA_2009_FQA2009_normal_grid_S0028_daily.csv
FQA,FQA,Fengqiu,2009,Leave_One_experiments\wth_generated_qc\FQA\FQA2009.WTH,normal_year;nitrogen_stress_year;low_response_year,normal,FQA2009_normal_grid_S0028,pareto_balanced,2009-08-30,242,86,81,"{""sim_day"": 86.0, ""doy"": 242.0, ""topwt"": 11128.427734375, ""grnwt"": 5071.7681884765625, ""xlai"": 2.061464071273804, ""totir"": 0.0, ""tofer"": NaN, ""swfac"": 0.0, ""nstres"": 0.0}",0.0,0.0,11128.427734375,5071.7681884765625,2.061464071273804,0.0,,0.0,0.0,0.0,180.0,30.32257080078125,30.32257080078125,Leave_One_experiments/all_year_offline_schedule_search/daily_outputs/FQA/FQA_2009_FQA2009_normal_grid_S0028_daily.csv
FQA,FQA,Fengqiu,2009,Leave_One_experiments\wth_generated_qc\FQA\FQA2009.WTH,normal_year;nitrogen_stress_year;low_response_year,normal,FQA2009_normal_grid_S0028,pareto_balanced,2009-08-31,243,87,82,"{""sim_day"": 87.0, ""doy"": 243.0, ""topwt"": 11417.4658203125, ""grnwt"": 5360.8056640625, ""xlai"": 2.0318706035614014, ""totir"": 0.0, ""tofer"": NaN, ""swfac"": 0.0, ""nstres"": 0.0}",0.0,0.0,11417.4658203125,5360.8056640625,2.0318706035614014,0.0,,0.0,0.0,0.0,180.0,30.32257080078125,30.32257080078125,Leave_One_experiments/all_year_offline_schedule_search/daily_outputs/FQA/FQA_2009_FQA2009_normal_grid_S0028_daily.csv
FQA,FQA,Fengqiu,2009,Leave_One_experiments\wth_generated_qc\FQA\FQA2009.WTH,normal_year;nitrogen_stress_year;low_response_year,normal,FQA2009_normal_grid_S0028,pareto_balanced,2009-09-01,244,88,83,"{""sim_day"": 88.0, ""doy"": 244.0, ""topwt"": 11707.76611328125, ""grnwt"": 5651.107177734375, ""xlai"": 1.99188232421875, ""totir"": 0.0, ""tofer"": NaN, ""swfac"": 0.0, ""nstres"": 0.0}",0.0,0.0,11707.76611328125,5651.107177734375,1.99188232421875,0.0,,0.0,0.0,0.0,180.0,30.32257080078125,30.32257080078125,Leave_One_experiments/all_year_offline_schedule_search/daily_outputs/FQA/FQA_2009_FQA2009_normal_grid_S0028_daily.csv
FQA,FQA,Fengqiu,2009,Leave_One_experiments\wth_generated_qc\FQA\FQA2009.WTH,normal_year;nitrogen_stress_year;low_response_year,normal,FQA2009_normal_grid_S0028,pareto_balanced,2009-09-02,245,89,84,"{""sim_day"": 89.0, ""doy"": 245.0, ""topwt"": 11865.79345703125, ""grnwt"": 5809.13330078125, ""xlai"": 1.9450562000274656, ""totir"": 0.0, ""tofer"": NaN, ""swfac"": 0.0, ""nstres"": 0.0}",0.0,0.0,11865.79345703125,5809.13330078125,1.9450562000274656,0.0,,0.0,0.0,0.0,180.0,30.32257080078125,30.32257080078125,Leave_One_experiments/all_year_offline_schedule_search/daily_outputs/FQA/FQA_2009_FQA2009_normal_grid_S0028_daily.csv
FQA,FQA,Fengqiu,2009,Leave_One_experiments\wth_generated_qc\FQA\FQA2009.WTH,normal_year;nitrogen_stress_year;low_response_year,normal,FQA2009_normal_grid_S0028,pareto_balanced,2009-09-03,246,90,85,"{""sim_day"": 90.0, ""doy"": 246.0, ""topwt"": 12109.52880859375, ""grnwt"": 6052.8692626953125, ""xlai"": 1.8879417181015012, ""totir"": 0.0, ""tofer"": NaN, ""swfac"": 0.0, ""nstres"": 0.0}",0.0,0.0,12109.52880859375,6052.8692626953125,1.8879417181015012,0.0,,0.0,0.0,0.0,180.0,30.32257080078125,30.32257080078125,Leave_One_experiments/all_year_offline_schedule_search/daily_outputs/FQA/FQA_2009_FQA2009_normal_grid_S0028_daily.csv
FQA,FQA,Fengqiu,2009,Leave_One_experiments\wth_generated_qc\FQA\FQA2009.WTH,normal_year;nitrogen_stress_year;low_response_year,normal,FQA2009_normal_grid_S0028,pareto_balanced,2009-09-04,247,91,86,"{""sim_day"": 91.0, ""doy"": 247.0, ""topwt"": 12326.64794921875, ""grnwt"": 6269.989013671875, ""xlai"": 1.820506572723389, ""totir"": 0.0, ""tofer"": NaN, ""swfac"": 0.0, ""nstres"": 0.0}",0.0,0.0,12326.64794921875,6269.989013671875,1.820506572723389,0.0,,0.0,0.0,0.0,180.0,30.32257080078125,30.32257080078125,Leave_One_experiments/all_year_offline_schedule_search/daily_outputs/FQA/FQA_2009_FQA2009_normal_grid_S0028_daily.csv
FQA,FQA,Fengqiu,2009,Leave_One_experiments\wth_generated_qc\FQA\FQA2009.WTH,normal_year;nitrogen_stress_year;low_response_year,normal,FQA2009_normal_grid_S0028,pareto_balanced,2009-09-05,248,92,87,"{""sim_day"": 92.0, ""doy"": 248.0, ""topwt"": 12399.228515625, ""grnwt"": 6342.5689697265625, ""xlai"": 1.7711029052734375, ""totir"": 0.0, ""tofer"": NaN, ""swfac"": 0.0, ""nstres"": 0.0}",0.0,0.0,12399.228515625,6342.5689697265625,1.7711029052734375,0.0,,0.0,0.0,0.0,180.0,30.32257080078125,30.32257080078125,Leave_One_experiments/all_year_offline_schedule_search/daily_outputs/FQA/FQA_2009_FQA2009_normal_grid_S0028_daily.csv
FQA,FQA,Fengqiu,2009,Leave_One_experiments\wth_generated_qc\FQA\FQA2009.WTH,normal_year;nitrogen_stress_year;low_response_year,normal,FQA2009_normal_grid_S0028,pareto_balanced,2009-09-06,249,93,88,"{""sim_day"": 93.0, ""doy"": 249.0, ""topwt"": 12435.82763671875, ""grnwt"": 6379.168701171875, ""xlai"": 1.7420984506607056, ""totir"": 0.0, ""tofer"": NaN, ""swfac"": 0.0, ""nstres"": 0.0}",0.0,0.0,12435.82763671875,6379.168701171875,1.7420984506607056,0.0,,0.0,0.0,0.0,180.0,30.32257080078125,30.32257080078125,Leave_One_experiments/all_year_offline_schedule_search/daily_outputs/FQA/FQA_2009_FQA2009_normal_grid_S0028_daily.csv
FQA,FQA,Fengqiu,2009,Leave_One_experiments\wth_generated_qc\FQA\FQA2009.WTH,normal_year;nitrogen_stress_year;low_response_year,normal,FQA2009_normal_grid_S0028,pareto_balanced,2009-09-07,250,94,89,"{""sim_day"": 94.0, ""doy"": 250.0, ""topwt"": 12528.951416015623, ""grnwt"": 6472.291870117188, ""xlai"": 1.7073148488998413, ""totir"": 0.0, ""tofer"": NaN, ""swfac"": 0.0, ""nstres"": 0.0}",0.0,0.0,12528.951416015623,6472.291870117188,1.7073148488998413,0.0,,0.0,0.0,0.0,180.0,30.32257080078125,30.32257080078125,Leave_One_experiments/all_year_offline_schedule_search/daily_outputs/FQA/FQA_2009_FQA2009_normal_grid_S0028_daily.csv
FQA,FQA,Fengqiu,2009,Leave_One_experiments\wth_generated_qc\FQA\FQA2009.WTH,normal_year;nitrogen_stress_year;low_response_year,normal,FQA2009_normal_grid_S0028,pareto_balanced,2009-09-08,251,95,90,"{""sim_day"": 95.0, ""doy"": 251.0, ""topwt"": 12822.9150390625, ""grnwt"": 6766.256103515625, ""xlai"": 1.6605020761489868, ""totir"": 0.0, ""tofer"": NaN, ""swfac"": 0.0, ""nstres"": 0.0}",0.0,0.0,12822.9150390625,6766.256103515625,1.6605020761489868,0.0,,0.0,0.0,0.0,180.0,30.32257080078125,30.32257080078125,Leave_One_experiments/all_year_offline_schedule_search/daily_outputs/FQA/FQA_2009_FQA2009_normal_grid_S0028_daily.csv
FQA,FQA,Fengqiu,2009,Leave_One_experiments\wth_generated_qc\FQA\FQA2009.WTH,normal_year;nitrogen_stress_year;low_response_year,normal,FQA2009_normal_grid_S0028,pareto_balanced,2009-09-09,252,96,91,"{""sim_day"": 96.0, ""doy"": 252.0, ""topwt"": 12867.5830078125, ""grnwt"": 6810.9228515625, ""xlai"": 1.6172587871551514, ""totir"": 0.0, ""tofer"": NaN, ""swfac"": 0.0, ""nstres"": 0.0}",0.0,0.0,12867.5830078125,6810.9228515625,1.6172587871551514,0.0,,0.0,0.0,0.0,180.0,30.32257080078125,30.32257080078125,Leave_One_experiments/all_year_offline_schedule_search/daily_outputs/FQA/FQA_2009_FQA2009_normal_grid_S0028_daily.csv
FQA,FQA,Fengqiu,2009,Leave_One_experiments\wth_generated_qc\FQA\FQA2009.WTH,normal_year;nitrogen_stress_year;low_response_year,normal,FQA2009_normal_grid_S0028,pareto_balanced,2009-09-10,253,97,92,"{""sim_day"": 97.0, ""doy"": 253.0, ""topwt"": 12925.81298828125, ""grnwt"": 6869.1534423828125, ""xlai"": 1.5667574405670166, ""totir"": 0.0, ""tofer"": NaN, ""swfac"": 0.0, ""nstres"": 0.0}",0.0,0.0,12925.81298828125,6869.1534423828125,1.5667574405670166,0.0,,0.0,0.0,0.0,180.0,30.32257080078125,30.32257080078125,Leave_One_experiments/all_year_offline_schedule_search/daily_outputs/FQA/FQA_2009_FQA2009_normal_grid_S0028_daily.csv
FQA,FQA,Fengqiu,2009,Leave_One_experiments\wth_generated_qc\FQA\FQA2009.WTH,normal_year;nitrogen_stress_year;low_response_year,normal,FQA2009_normal_grid_S0028,pareto_balanced,2009-09-11,254,98,93,"{""sim_day"": 98.0, ""doy"": 254.0, ""topwt"": 13062.564697265623, ""grnwt"": 7005.905151367188, ""xlai"": 1.5128211975097656, ""totir"": 0.0, ""tofer"": NaN, ""swfac"": 0.0, ""nstres"": 0.0}",0.0,0.0,13062.564697265623,7005.905151367188,1.5128211975097656,0.0,,0.0,0.0,0.0,180.0,30.32257080078125,30.32257080078125,Leave_One_experiments/all_year_offline_schedule_search/daily_outputs/FQA/FQA_2009_FQA2009_normal_grid_S0028_daily.csv
FQA,FQA,Fengqiu,2009,Leave_One_experiments\wth_generated_qc\FQA\FQA2009.WTH,normal_year;nitrogen_stress_year;low_response_year,normal,FQA2009_normal_grid_S0028,pareto_balanced,2009-09-12,255,99,94,"{""sim_day"": 99.0, ""doy"": 255.0, ""topwt"": 13109.07470703125, ""grnwt"": 7052.4151611328125, ""xlai"": 1.4620163440704346, ""totir"": 0.0, ""tofer"": NaN, ""swfac"": 0.0, ""nstres"": 0.0}",0.0,0.0,13109.07470703125,7052.4151611328125,1.4620163440704346,0.0,,0.0,0.0,0.0,180.0,30.32257080078125,30.32257080078125,Leave_One_experiments/all_year_offline_schedule_search/daily_outputs/FQA/FQA_2009_FQA2009_normal_grid_S0028_daily.csv
FQA,FQA,Fengqiu,2009,Leave_One_experiments\wth_generated_qc\FQA\FQA2009.WTH,normal_year;nitrogen_stress_year;low_response_year,normal,FQA2009_normal_grid_S0028,pareto_balanced,2009-09-13,256,100,95,"{""sim_day"": 100.0, ""doy"": 256.0, ""topwt"": 13181.495361328123, ""grnwt"": 7124.835815429688, ""xlai"": 1.4084450006484983, ""totir"": 0.0, ""tofer"": NaN, ""swfac"": 0.0, ""nstres"": 0.0}",0.0,0.0,13181.495361328123,7124.835815429688,1.4084450006484983,0.0,,0.0,0.0,0.0,180.0,30.32257080078125,30.32257080078125,Leave_One_experiments/all_year_offline_schedule_search/daily_outputs/FQA/FQA_2009_FQA2009_normal_grid_S0028_daily.csv
FQA,FQA,Fengqiu,2009,Leave_One_experiments\wth_generated_qc\FQA\FQA2009.WTH,normal_year;nitrogen_stress_year;low_response_year,normal,FQA2009_normal_grid_S0028,pareto_balanced,2009-09-14,257,101,96,"{""sim_day"": 101.0, ""doy"": 257.0, ""topwt"": 13409.765625, ""grnwt"": 7353.10546875, ""xlai"": 1.336226463317871, ""totir"": 0.0, ""tofer"": NaN, ""swfac"": 0.0, ""nstres"": 0.0}",0.0,0.0,13409.765625,7353.10546875,1.336226463317871,0.0,,0.0,0.0,0.0,180.0,30.32257080078125,30.32257080078125,Leave_One_experiments/all_year_offline_schedule_search/daily_outputs/FQA/FQA_2009_FQA2009_normal_grid_S0028_daily.csv
FQA,FQA,Fengqiu,2009,Leave_One_experiments\wth_generated_qc\FQA\FQA2009.WTH,normal_year;nitrogen_stress_year;low_response_year,normal,FQA2009_normal_grid_S0028,pareto_balanced,2009-09-15,258,102,97,"{""sim_day"": 102.0, ""doy"": 258.0, ""topwt"": 13456.77978515625, ""grnwt"": 7400.120239257812, ""xlai"": 1.2707256078720093, ""totir"": 0.0, ""tofer"": NaN, ""swfac"": 0.0, ""nstres"": 0.0}",0.0,0.0,13456.77978515625,7400.120239257812,1.2707256078720093,0.0,,0.0,0.0,0.0,180.0,30.32257080078125,30.32257080078125,Leave_One_experiments/all_year_offline_schedule_search/daily_outputs/FQA/FQA_2009_FQA2009_normal_grid_S0028_daily.csv
FQA,FQA,Fengqiu,2009,Leave_One_experiments\wth_generated_qc\FQA\FQA2009.WTH,normal_year;nitrogen_stress_year;low_response_year,normal,FQA2009_normal_grid_S0028,pareto_balanced,2009-09-16,259,103,98,"{""sim_day"": 103.0, ""doy"": 259.0, ""topwt"": 13501.11328125, ""grnwt"": 7444.454345703125, ""xlai"": 1.1977484226226809, ""totir"": 0.0, ""tofer"": NaN, ""swfac"": 0.0, ""nstres"": 0.0}",0.0,0.0,13501.11328125,7444.454345703125,1.1977484226226809,0.0,,0.0,0.0,0.0,180.0,30.32257080078125,30.32257080078125,Leave_One_experiments/all_year_offline_schedule_search/daily_outputs/FQA/FQA_2009_FQA2009_normal_grid_S0028_daily.csv
FQA,FQA,Fengqiu,2009,Leave_One_experiments\wth_generated_qc\FQA\FQA2009.WTH,normal_year;nitrogen_stress_year;low_response_year,normal,FQA2009_normal_grid_S0028,pareto_balanced,2009-09-17,260,104,99,"{""sim_day"": 104.0, ""doy"": 260.0, ""topwt"": 13530.758056640623, ""grnwt"": 7474.0985107421875, ""xlai"": 1.1287015676498413, ""totir"": 0.0, ""tofer"": NaN, ""swfac"": 0.0, ""nstres"": 0.0}",0.0,0.0,13530.758056640623,7474.0985107421875,1.1287015676498413,0.0,,0.0,0.0,0.0,180.0,30.32257080078125,30.32257080078125,Leave_One_experiments/all_year_offline_schedule_search/daily_outputs/FQA/FQA_2009_FQA2009_normal_grid_S0028_daily.csv
FQA,FQA,Fengqiu,2009,Leave_One_experiments\wth_generated_qc\FQA\FQA2009.WTH,normal_year;nitrogen_stress_year;low_response_year,normal,FQA2009_normal_grid_S0028,pareto_balanced,2009-09-18,261,105,100,"{""sim_day"": 105.0, ""doy"": 261.0, ""topwt"": 13588.916015625, ""grnwt"": 7532.257080078125, ""xlai"": 1.0421786308288574, ""totir"": 0.0, ""tofer"": NaN, ""swfac"": 0.0, ""nstres"": 0.0}",0.0,0.0,13588.916015625,7532.257080078125,1.0421786308288574,0.0,,0.0,0.0,0.0,180.0,30.32257080078125,30.32257080078125,Leave_One_experiments/all_year_offline_schedule_search/daily_outputs/FQA/FQA_2009_FQA2009_normal_grid_S0028_daily.csv
FQA,FQA,Fengqiu,2009,Leave_One_experiments\wth_generated_qc\FQA\FQA2009.WTH,normal_year;nitrogen_stress_year;low_response_year,normal,FQA2009_normal_grid_S0028,pareto_balanced,2009-09-19,262,106,101,"{""sim_day"": 106.0, ""doy"": 262.0, ""topwt"": 13588.916015625, ""grnwt"": 7532.257080078125, ""xlai"": 1.0421786308288574, ""totir"": 0.0, ""tofer"": NaN, ""swfac"": 0.0, ""nstres"": 0.0}",0.0,0.0,13588.916015625,7532.257080078125,1.0421786308288574,0.0,,0.0,0.0,0.0,180.0,30.32257080078125,30.32257080078125,Leave_One_experiments/all_year_offline_schedule_search/daily_outputs/FQA/FQA_2009_FQA2009_normal_grid_S0028_daily.csv
FQA,FQA,Fengqiu,2009,Leave_One_experiments\wth_generated_qc\FQA\FQA2009.WTH,normal_year;nitrogen_stress_year;low_response_year,normal,FQA2009_normal_grid_S0028,pareto_balanced,2009-09-20,263,107,102,"{""sim_day"": 107.0, ""doy"": 263.0, ""topwt"": 13588.916015625, ""grnwt"": 7532.257080078125, ""xlai"": 1.0421786308288574, ""totir"": 0.0, ""tofer"": NaN, ""swfac"": 0.0, ""nstres"": 0.0}",0.0,0.0,13588.916015625,7532.257080078125,1.0421786308288574,0.0,,0.0,0.0,0.0,180.0,30.32257080078125,30.32257080078125,Leave_One_experiments/all_year_offline_schedule_search/daily_outputs/FQA/FQA_2009_FQA2009_normal_grid_S0028_daily.csv
FQA,FQA,Fengqiu,2009,Leave_One_experiments\wth_generated_qc\FQA\FQA2009.WTH,normal_year;nitrogen_stress_year;low_response_year,normal,FQA2009_normal_grid_S0028,pareto_balanced,2009-09-21,264,108,103,"{""sim_day"": 108.0, ""doy"": 264.0, ""topwt"": 13588.916015625, ""grnwt"": 7532.257080078125, ""xlai"": 1.0421786308288574, ""totir"": 0.0, ""tofer"": NaN, ""swfac"": 0.0, ""nstres"": 0.0}",0.0,0.0,13588.916015625,7532.257080078125,1.0421786308288574,0.0,,0.0,0.0,0.0,180.0,30.32257080078125,30.32257080078125,Leave_One_experiments/all_year_offline_schedule_search/daily_outputs/FQA/FQA_2009_FQA2009_normal_grid_S0028_daily.csv
FQA,FQA,Fengqiu,2009,Leave_One_experiments\wth_generated_qc\FQA\FQA2009.WTH,normal_year;nitrogen_stress_year;low_response_year,normal,FQA2009_normal_grid_S0028,pareto_balanced,2009-09-22,265,109,104,"{""sim_day"": 109.0, ""doy"": 265.0, ""topwt"": 13588.916015625, ""grnwt"": 7532.257080078125, ""xlai"": 1.0421786308288574, ""totir"": 0.0, ""tofer"": NaN, ""swfac"": 0.0, ""nstres"": 0.0}",0.0,0.0,13588.916015625,7532.257080078125,1.0421786308288574,0.0,,0.0,0.0,0.0,180.0,30.32257080078125,30.32257080078125,Leave_One_experiments/all_year_offline_schedule_search/daily_outputs/FQA/FQA_2009_FQA2009_normal_grid_S0028_daily.csv
FQA,FQA,Fengqiu,2010,Leave_One_experiments\wth_generated_qc\FQA\FQA2010.WTH,normal_year;nitrogen_stress_year;low_response_year,normal,FQA2010_normal_grid_S0006,irrigation_positive_candidate,2010-06-11,162,1,1,"{""sim_day"": 1.0, ""doy"": 162.0, ""topwt"": 0.0, ""grnwt"": 0.0, ""xlai"": 0.0, ""totir"": 0.0, ""tofer"": NaN, ""swfac"": 0.0, ""nstres"": 0.0}",0.0,0.0,0.0,0.0,0.0,0.0,,0.0,0.0,30.0,0.0,5.57155456542969,17.57155456542969,Leave_One_experiments/all_year_offline_schedule_search/daily_outputs/FQA/FQA_2010_FQA2010_normal_grid_S0006_daily.csv
FQA,FQA,Fengqiu,2010,Leave_One_experiments\wth_generated_qc\FQA\FQA2010.WTH,normal_year;nitrogen_stress_year;low_response_year,normal,FQA2010_normal_grid_S0006,irrigation_positive_candidate,2010-06-12,163,2,2,"{""sim_day"": 2.0, ""doy"": 163.0, ""topwt"": 0.0, ""grnwt"": 0.0, ""xlai"": 0.0, ""totir"": 0.0, ""tofer"": NaN, ""swfac"": 0.0, ""nstres"": 0.0}",0.0,0.0,0.0,0.0,0.0,0.0,,0.0,0.0,30.0,0.0,5.57155456542969,17.57155456542969,Leave_One_experiments/all_year_offline_schedule_search/daily_outputs/FQA/FQA_2010_FQA2010_normal_grid_S0006_daily.csv
FQA,FQA,Fengqiu,2010,Leave_One_experiments\wth_generated_qc\FQA\FQA2010.WTH,normal_year;nitrogen_stress_year;low_response_year,normal,FQA2010_normal_grid_S0006,irrigation_positive_candidate,2010-06-13,164,3,3,"{""sim_day"": 3.0, ""doy"": 164.0, ""topwt"": 0.0, ""grnwt"": 0.0, ""xlai"": 0.0, ""totir"": 0.0, ""tofer"": NaN, ""swfac"": 0.0, ""nstres"": 0.0}",0.0,0.0,0.0,0.0,0.0,0.0,,0.0,0.0,30.0,0.0,5.57155456542969,17.57155456542969,Leave_One_experiments/all_year_offline_schedule_search/daily_outputs/FQA/FQA_2010_FQA2010_normal_grid_S0006_daily.csv
FQA,FQA,Fengqiu,2010,Leave_One_experiments\wth_generated_qc\FQA\FQA2010.WTH,normal_year;nitrogen_stress_year;low_response_year,normal,FQA2010_normal_grid_S0006,irrigation_positive_candidate,2010-06-14,165,4,4,"{""sim_day"": 4.0, ""doy"": 165.0, ""topwt"": 0.0, ""grnwt"": 0.0, ""xlai"": 0.0, ""totir"": 0.0, ""tofer"": NaN, ""swfac"": 0.0, ""nstres"": 0.0}",0.0,0.0,0.0,0.0,0.0,0.0,,0.0,0.0,30.0,0.0,5.57155456542969,17.57155456542969,Leave_One_experiments/all_year_offline_schedule_search/daily_outputs/FQA/FQA_2010_FQA2010_normal_grid_S0006_daily.csv
FQA,FQA,Fengqiu,2010,Leave_One_experiments\wth_generated_qc\FQA\FQA2010.WTH,normal_year;nitrogen_stress_year;low_response_year,normal,FQA2010_normal_grid_S0006,irrigation_positive_candidate,2010-06-15,166,5,5,"{""sim_day"": 5.0, ""doy"": 166.0, ""topwt"": 0.0, ""grnwt"": 0.0, ""xlai"": 0.0, ""totir"": 0.0, ""tofer"": NaN, ""swfac"": 0.0, ""nstres"": 0.0}",0.0,0.0,0.0,0.0,0.0,0.0,,0.0,0.0,30.0,0.0,5.57155456542969,17.57155456542969,Leave_One_experiments/all_year_offline_schedule_search/daily_outputs/FQA/FQA_2010_FQA2010_normal_grid_S0006_daily.csv
FQA,FQA,Fengqiu,2010,Leave_One_experiments\wth_generated_qc\FQA\FQA2010.WTH,normal_year;nitrogen_stress_year;low_response_year,normal,FQA2010_normal_grid_S0006,irrigation_positive_candidate,2010-06-11,162,6,1,"{""sim_day"": 6.0, ""doy"": 162.0, ""topwt"": 0.0, ""grnwt"": 0.0, ""xlai"": 0.0, ""totir"": 0.0, ""tofer"": NaN, ""swfac"": 0.0, ""nstres"": 0.0}",0.0,0.0,0.0,0.0,0.0,0.0,,0.0,0.0,30.0,0.0,5.57155456542969,17.57155456542969,Leave_One_experiments/all_year_offline_schedule_search/daily_outputs/FQA/FQA_2010_FQA2010_normal_grid_S0006_daily.csv
FQA,FQA,Fengqiu,2010,Leave_One_experiments\wth_generated_qc\FQA\FQA2010.WTH,normal_year;nitrogen_stress_year;low_response_year,normal,FQA2010_normal_grid_S0006,irrigation_positive_candidate,2010-06-12,163,7,2,"{""sim_day"": 7.0, ""doy"": 163.0, ""topwt"": 0.0, ""grnwt"": 0.0, ""xlai"": 0.0, ""totir"": 0.0, ""tofer"": NaN, ""swfac"": 0.0, ""nstres"": 0.0}",0.0,0.0,0.0,0.0,0.0,0.0,,0.0,0.0,30.0,0.0,5.57155456542969,17.57155456542969,Leave_One_experiments/all_year_offline_schedule_search/daily_outputs/FQA/FQA_2010_FQA2010_normal_grid_S0006_daily.csv
FQA,FQA,Fengqiu,2010,Leave_One_experiments\wth_generated_qc\FQA\FQA2010.WTH,normal_year;nitrogen_stress_year;low_response_year,normal,FQA2010_normal_grid_S0006,irrigation_positive_candidate,2010-06-13,164,8,3,"{""sim_day"": 8.0, ""doy"": 164.0, ""topwt"": 0.0, ""grnwt"": 0.0, ""xlai"": 0.0, ""totir"": 0.0, ""tofer"": NaN, ""swfac"": 0.0, ""nstres"": 0.0}",0.0,0.0,0.0,0.0,0.0,0.0,,0.0,0.0,30.0,0.0,5.57155456542969,17.57155456542969,Leave_One_experiments/all_year_offline_schedule_search/daily_outputs/FQA/FQA_2010_FQA2010_normal_grid_S0006_daily.csv
FQA,FQA,Fengqiu,2010,Leave_One_experiments\wth_generated_qc\FQA\FQA2010.WTH,normal_year;nitrogen_stress_year;low_response_year,normal,FQA2010_normal_grid_S0006,irrigation_positive_candidate,2010-06-14,165,9,4,"{""sim_day"": 9.0, ""doy"": 165.0, ""topwt"": 0.0, ""grnwt"": 0.0, ""xlai"": 0.0, ""totir"": 0.0, ""tofer"": NaN, ""swfac"": 0.0, ""nstres"": 0.0}",0.0,0.0,0.0,0.0,0.0,0.0,,0.0,0.0,30.0,0.0,5.57155456542969,17.57155456542969,Leave_One_experiments/all_year_offline_schedule_search/daily_outputs/FQA/FQA_2010_FQA2010_normal_grid_S0006_daily.csv
FQA,FQA,Fengqiu,2010,Leave_One_experiments\wth_generated_qc\FQA\FQA2010.WTH,normal_year;nitrogen_stress_year;low_response_year,normal,FQA2010_normal_grid_S0006,irrigation_positive_candidate,2010-06-15,166,10,5,"{""sim_day"": 10.0, ""doy"": 166.0, ""topwt"": 32.00000047683716, ""grnwt"": 0.0, ""xlai"": 0.0033887808676809, ""totir"": 0.0, ""tofer"": NaN, ""swfac"": 0.0, ""nstres"": 0.0121910572052001}",0.0,0.0121910572052001,32.00000047683716,0.0,0.0033887808676809,0.0,,0.0,0.0,30.0,0.0,5.57155456542969,17.57155456542969,Leave_One_experiments/all_year_offline_schedule_search/daily_outputs/FQA/FQA_2010_FQA2010_normal_grid_S0006_daily.csv
FQA,FQA,Fengqiu,2010,Leave_One_experiments\wth_generated_qc\FQA\FQA2010.WTH,normal_year;nitrogen_stress_year;low_response_year,normal,FQA2010_normal_grid_S0006,irrigation_positive_candidate,2010-06-16,167,11,6,"{""sim_day"": 11.0, ""doy"": 167.0, ""topwt"": 32.00000047683716, ""grnwt"": 0.0, ""xlai"": 0.0065094730816781, ""totir"": 0.0, ""tofer"": NaN, ""swfac"": 0.0, ""nstres"": 0.0}",0.0,0.0,32.00000047683716,0.0,0.0065094730816781,0.0,,0.0,0.0,30.0,0.0,5.57155456542969,17.57155456542969,Leave_One_experiments/all_year_offline_schedule_search/daily_outputs/FQA/FQA_2010_FQA2010_normal_grid_S0006_daily.csv
FQA,FQA,Fengqiu,2010,Leave_One_experiments\wth_generated_qc\FQA\FQA2010.WTH,normal_year;nitrogen_stress_year;low_response_year,normal,FQA2010_normal_grid_S0006,irrigation_positive_candidate,2010-06-17,168,12,7,"{""sim_day"": 12.0, ""doy"": 168.0, ""topwt"": 32.00000047683716, ""grnwt"": 0.0, ""xlai"": 0.0093221608549356, ""totir"": 0.0, ""tofer"": NaN, ""swfac"": 0.0, ""nstres"": 0.0}",0.0,0.0,32.00000047683716,0.0,0.0093221608549356,0.0,,0.0,0.0,30.0,0.0,5.57155456542969,17.57155456542969,Leave_One_experiments/all_year_offline_schedule_search/daily_outputs/FQA/FQA_2010_FQA2010_normal_grid_S0006_daily.csv
FQA,FQA,Fengqiu,2010,Leave_One_experiments\wth_generated_qc\FQA\FQA2010.WTH,normal_year;nitrogen_stress_year;low_response_year,normal,FQA2010_normal_grid_S0006,irrigation_positive_candidate,2010-06-18,169,13,8,"{""sim_day"": 13.0, ""doy"": 169.0, ""topwt"": 32.00000047683716, ""grnwt"": 0.0, ""xlai"": 0.0127370366826653, ""totir"": 0.0, ""tofer"": NaN, ""swfac"": 0.0, ""nstres"": 0.0}",0.0,0.0,32.00000047683716,0.0,0.0127370366826653,0.0,,0.0,0.0,30.0,0.0,5.57155456542969,17.57155456542969,Leave_One_experiments/all_year_offline_schedule_search/daily_outputs/FQA/FQA_2010_FQA2010_normal_grid_S0006_daily.csv
FQA,FQA,Fengqiu,2010,Leave_One_experiments\wth_generated_qc\FQA\FQA2010.WTH,normal_year;nitrogen_stress_year;low_response_year,normal,FQA2010_normal_grid_S0006,irrigation_positive_candidate,2010-06-19,170,14,9,"{""sim_day"": 14.0, ""doy"": 170.0, ""topwt"": 32.00000047683716, ""grnwt"": 0.0, ""xlai"": 0.0165773220360279, ""totir"": 0.0, ""tofer"": NaN, ""swfac"": 0.0, ""nstres"": 0.0}",0.0,0.0,32.00000047683716,0.0,0.0165773220360279,0.0,,0.0,0.0,30.0,0.0,5.57155456542969,17.57155456542969,Leave_One_experiments/all_year_offline_schedule_search/daily_outputs/FQA/FQA_2010_FQA2010_normal_grid_S0006_daily.csv
FQA,FQA,Fengqiu,2010,Leave_One_experiments\wth_generated_qc\FQA\FQA2010.WTH,normal_year;nitrogen_stress_year;low_response_year,normal,FQA2010_normal_grid_S0006,irrigation_positive_candidate,2010-06-20,171,15,10,"{""sim_day"": 15.0, ""doy"": 171.0, ""topwt"": 32.00000047683716, ""grnwt"": 0.0, ""xlai"": 0.0209615137428045, ""totir"": 0.0, ""tofer"": NaN, ""swfac"": 0.0, ""nstres"": 0.0}",0.0,0.0,32.00000047683716,0.0,0.0209615137428045,0.0,,0.0,0.0,30.0,0.0,5.57155456542969,17.57155456542969,Leave_One_experiments/all_year_offline_schedule_search/daily_outputs/FQA/FQA_2010_FQA2010_normal_grid_S0006_daily.csv
FQA,FQA,Fengqiu,2010,Leave_One_experiments\wth_generated_qc\FQA\FQA2010.WTH,normal_year;nitrogen_stress_year;low_response_year,normal,FQA2010_normal_grid_S0006,irrigation_positive_candidate,2010-06-21,172,16,11,"{""sim_day"": 16.0, ""doy"": 172.0, ""topwt"": 25.24570941925049, ""grnwt"": 0.0, ""xlai"": 0.0377690009772777, ""totir"": 0.0, ""tofer"": NaN, ""swfac"": 0.0, ""nstres"": 0.0}",0.0,0.0,25.24570941925049,0.0,0.0377690009772777,0.0,,0.0,0.0,30.0,0.0,5.57155456542969,17.57155456542969,Leave_One_experiments/all_year_offline_schedule_search/daily_outputs/FQA/FQA_2010_FQA2010_normal_grid_S0006_daily.csv
FQA,FQA,Fengqiu,2010,Leave_One_experiments\wth_generated_qc\FQA\FQA2010.WTH,normal_year;nitrogen_stress_year;low_response_year,normal,FQA2010_normal_grid_S0006,irrigation_positive_candidate,2010-06-22,173,17,12,"{""sim_day"": 17.0, ""doy"": 173.0, ""topwt"": 29.983177185058597, ""grnwt"": 0.0, ""xlai"": 0.0525054074823856, ""totir"": 0.0, ""tofer"": NaN, ""swfac"": 0.0, ""nstres"": 0.0}",0.0,0.0,29.983177185058597,0.0,0.0525054074823856,0.0,,0.0,0.0,30.0,0.0,5.57155456542969,17.57155456542969,Leave_One_experiments/all_year_offline_schedule_search/daily_outputs/FQA/FQA_2010_FQA2010_normal_grid_S0006_daily.csv
FQA,FQA,Fengqiu,2010,Leave_One_experiments\wth_generated_qc\FQA\FQA2010.WTH,normal_year;nitrogen_stress_year;low_response_year,normal,FQA2010_normal_grid_S0006,irrigation_positive_candidate,2010-06-23,174,18,13,"{""sim_day"": 18.0, ""doy"": 174.0, ""topwt"": 35.41168689727783, ""grnwt"": 0.0, ""xlai"": 0.0681610703468322, ""totir"": 0.0, ""tofer"": NaN, ""swfac"": 0.0, ""nstres"": 0.0}",0.0,0.0,35.41168689727783,0.0,0.0681610703468322,0.0,,0.0,0.0,30.0,0.0,5.57155456542969,17.57155456542969,Leave_One_experiments/all_year_offline_schedule_search/daily_outputs/FQA/FQA_2010_FQA2010_normal_grid_S0006_daily.csv
FQA,FQA,Fengqiu,2010,Leave_One_experiments\wth_generated_qc\FQA\FQA2010.WTH,normal_year;nitrogen_stress_year;low_response_year,normal,FQA2010_normal_grid_S0006,irrigation_positive_candidate,2010-06-24,175,19,14,"{""sim_day"": 19.0, ""doy"": 175.0, ""topwt"": 42.08553791046143, ""grnwt"": 0.0, ""xlai"": 0.0862063840031623, ""totir"": 0.0, ""tofer"": NaN, ""swfac"": 0.0, ""nstres"": 0.0}",0.0,0.0,42.08553791046143,0.0,0.0862063840031623,0.0,,0.0,0.0,30.0,0.0,5.57155456542969,17.57155456542969,Leave_One_experiments/all_year_offline_schedule_search/daily_outputs/FQA/FQA_2010_FQA2010_normal_grid_S0006_daily.csv
FQA,FQA,Fengqiu,2010,Leave_One_experiments\wth_generated_qc\FQA\FQA2010.WTH,normal_year;nitrogen_stress_year;low_response_year,normal,FQA2010_normal_grid_S0006,irrigation_positive_candidate,2010-06-25,176,20,15,"{""sim_day"": 20.0, ""doy"": 176.0, ""topwt"": 50.0956916809082, ""grnwt"": 0.0, ""xlai"": 0.1066313534975051, ""totir"": 0.0, ""tofer"": NaN, ""swfac"": 0.0, ""nstres"": 0.0}",0.0,0.0,50.0956916809082,0.0,0.1066313534975051,0.0,,0.0,0.0,30.0,0.0,5.57155456542969,17.57155456542969,Leave_One_experiments/all_year_offline_schedule_search/daily_outputs/FQA/FQA_2010_FQA2010_normal_grid_S0006_daily.csv
FQA,FQA,Fengqiu,2010,Leave_One_experiments\wth_generated_qc\FQA\FQA2010.WTH,normal_year;nitrogen_stress_year;low_response_year,normal,FQA2010_normal_grid_S0006,irrigation_positive_candidate,2010-06-26,177,21,16,"{""sim_day"": 21.0, ""doy"": 177.0, ""topwt"": 60.29807567596436, ""grnwt"": 0.0, ""xlai"": 0.1312386840581894, ""totir"": 0.0, ""tofer"": NaN, ""swfac"": 0.0, ""nstres"": 0.0}",0.0,0.0,60.29807567596436,0.0,0.1312386840581894,0.0,,0.0,0.0,30.0,0.0,5.57155456542969,17.57155456542969,Leave_One_experiments/all_year_offline_schedule_search/daily_outputs/FQA/FQA_2010_FQA2010_normal_grid_S0006_daily.csv
FQA,FQA,Fengqiu,2010,Leave_One_experiments\wth_generated_qc\FQA\FQA2010.WTH,normal_year;nitrogen_stress_year;low_response_year,normal,FQA2010_normal_grid_S0006,irrigation_positive_candidate,2010-06-27,178,22,17,"{""sim_day"": 22.0, ""doy"": 178.0, ""topwt"": 72.388596534729, ""grnwt"": 0.0, ""xlai"": 0.1588921993970871, ""totir"": 0.0, ""tofer"": NaN, ""swfac"": 0.0, ""nstres"": 0.0}",0.0,0.0,72.388596534729,0.0,0.1588921993970871,0.0,,0.0,0.0,30.0,0.0,5.57155456542969,17.57155456542969,Leave_One_experiments/all_year_offline_schedule_search/daily_outputs/FQA/FQA_2010_FQA2010_normal_grid_S0006_daily.csv
FQA,FQA,Fengqiu,2010,Leave_One_experiments\wth_generated_qc\FQA\FQA2010.WTH,normal_year;nitrogen_stress_year;low_response_year,normal,FQA2010_normal_grid_S0006,irrigation_positive_candidate,2010-06-28,179,23,18,"{""sim_day"": 23.0, ""doy"": 179.0, ""topwt"": 87.05996513366699, ""grnwt"": 0.0, ""xlai"": 0.1908033043146133, ""totir"": 0.0, ""tofer"": NaN, ""swfac"": 0.0, ""nstres"": 0.0}",0.0,0.0,87.05996513366699,0.0,0.1908033043146133,0.0,,0.0,0.0,30.0,0.0,5.57155456542969,17.57155456542969,Leave_One_experiments/all_year_offline_schedule_search/daily_outputs/FQA/FQA_2010_FQA2010_normal_grid_S0006_daily.csv
FQA,FQA,Fengqiu,2010,Leave_One_experiments\wth_generated_qc\FQA\FQA2010.WTH,normal_year;nitrogen_stress_year;low_response_year,normal,FQA2010_normal_grid_S0006,irrigation_positive_candidate,2010-06-29,180,24,19,"{""sim_day"": 24.0, ""doy"": 180.0, ""topwt"": 104.7609519958496, ""grnwt"": 0.0, ""xlai"": 0.2274803668260574, ""totir"": 0.0, ""tofer"": NaN, ""swfac"": 0.0, ""nstres"": 0.0}",0.0,0.0,104.7609519958496,0.0,0.2274803668260574,0.0,,0.0,0.0,30.0,0.0,5.57155456542969,17.57155456542969,Leave_One_experiments/all_year_offline_schedule_search/daily_outputs/FQA/FQA_2010_FQA2010_normal_grid_S0006_daily.csv
FQA,FQA,Fengqiu,2010,Leave_One_experiments\wth_generated_qc\FQA\FQA2010.WTH,normal_year;nitrogen_stress_year;low_response_year,normal,FQA2010_normal_grid_S0006,irrigation_positive_candidate,2010-06-30,181,25,20,"{""sim_day"": 25.0, ""doy"": 181.0, ""topwt"": 121.36353492736816, ""grnwt"": 0.0, ""xlai"": 0.2591754496097564, ""totir"": 0.0, ""tofer"": NaN, ""swfac"": 0.0, ""nstres"": 0.0}",0.0,0.0,121.36353492736816,0.0,0.2591754496097564,0.0,,0.0,0.0,30.0,0.0,5.57155456542969,17.57155456542969,Leave_One_experiments/all_year_offline_schedule_search/daily_outputs/FQA/FQA_2010_FQA2010_normal_grid_S0006_daily.csv
FQA,FQA,Fengqiu,2010,Leave_One_experiments\wth_generated_qc\FQA\FQA2010.WTH,normal_year;nitrogen_stress_year;low_response_year,normal,FQA2010_normal_grid_S0006,irrigation_positive_candidate,2010-07-01,182,26,21,"{""sim_day"": 26.0, ""doy"": 182.0, ""topwt"": 140.48537254333496, ""grnwt"": 0.0, ""xlai"": 0.296979010105133, ""totir"": 0.0, ""tofer"": NaN, ""swfac"": 0.0, ""nstres"": 0.0}",0.0,0.0,140.48537254333496,0.0,0.296979010105133,0.0,,0.0,0.0,30.0,0.0,5.57155456542969,17.57155456542969,Leave_One_experiments/all_year_offline_schedule_search/daily_outputs/FQA/FQA_2010_FQA2010_normal_grid_S0006_daily.csv
FQA,FQA,Fengqiu,2010,Leave_One_experiments\wth_generated_qc\FQA\FQA2010.WTH,normal_year;nitrogen_stress_year;low_response_year,normal,FQA2010_normal_grid_S0006,irrigation_positive_candidate,2010-07-02,183,27,22,"{""sim_day"": 27.0, ""doy"": 183.0, ""topwt"": 163.12175750732422, ""grnwt"": 0.0, ""xlai"": 0.3399529457092285, ""totir"": 0.0, ""tofer"": NaN, ""swfac"": 0.0, ""nstres"": 0.0}",0.0,0.0,163.12175750732422,0.0,0.3399529457092285,0.0,,0.0,0.0,30.0,0.0,5.57155456542969,17.57155456542969,Leave_One_experiments/all_year_offline_schedule_search/daily_outputs/FQA/FQA_2010_FQA2010_normal_grid_S0006_daily.csv
FQA,FQA,Fengqiu,2010,Leave_One_experiments\wth_generated_qc\FQA\FQA2010.WTH,normal_year;nitrogen_stress_year;low_response_year,normal,FQA2010_normal_grid_S0006,irrigation_positive_candidate,2010-07-03,184,28,23,"{""sim_day"": 28.0, ""doy"": 184.0, ""topwt"": 189.96957778930664, ""grnwt"": 0.0, ""xlai"": 0.3887311816215515, ""totir"": 0.0, ""tofer"": NaN, ""swfac"": 0.0, ""nstres"": 0.0}",0.0,0.0,189.96957778930664,0.0,0.3887311816215515,0.0,,0.0,0.0,30.0,0.0,5.57155456542969,17.57155456542969,Leave_One_experiments/all_year_offline_schedule_search/daily_outputs/FQA/FQA_2010_FQA2010_normal_grid_S0006_daily.csv
FQA,FQA,Fengqiu,2010,Leave_One_experiments\wth_generated_qc\FQA\FQA2010.WTH,normal_year;nitrogen_stress_year;low_response_year,normal,FQA2010_normal_grid_S0006,irrigation_positive_candidate,2010-07-04,185,29,24,"{""sim_day"": 29.0, ""doy"": 185.0, ""topwt"": 220.3292465209961, ""grnwt"": 0.0, ""xlai"": 0.4414030015468597, ""totir"": 0.0, ""tofer"": NaN, ""swfac"": 0.0, ""nstres"": 0.0}",0.0,0.0,220.3292465209961,0.0,0.4414030015468597,0.0,,0.0,0.0,30.0,0.0,5.57155456542969,17.57155456542969,Leave_One_experiments/all_year_offline_schedule_search/daily_outputs/FQA/FQA_2010_FQA2010_normal_grid_S0006_daily.csv
FQA,FQA,Fengqiu,2010,Leave_One_experiments\wth_generated_qc\FQA\FQA2010.WTH,normal_year;nitrogen_stress_year;low_response_year,normal,FQA2010_normal_grid_S0006,irrigation_positive_candidate,2010-07-05,186,30,25,"{""sim_day"": 30.0, ""doy"": 186.0, ""topwt"": 255.35070419311523, ""grnwt"": 0.0, ""xlai"": 0.4993011653423309, ""totir"": 0.0, ""tofer"": NaN, ""swfac"": 0.0, ""nstres"": 0.0}",0.0,0.0,255.35070419311523,0.0,0.4993011653423309,0.0,,0.0,0.0,30.0,0.0,5.57155456542969,17.57155456542969,Leave_One_experiments/all_year_offline_schedule_search/daily_outputs/FQA/FQA_2010_FQA2010_normal_grid_S0006_daily.csv
FQA,FQA,Fengqiu,2010,Leave_One_experiments\wth_generated_qc\FQA\FQA2010.WTH,normal_year;nitrogen_stress_year;low_response_year,normal,FQA2010_normal_grid_S0006,irrigation_positive_candidate,2010-07-06,187,31,26,"{""sim_day"": 31.0, ""doy"": 187.0, ""topwt"": 294.1512489318848, ""grnwt"": 0.0, ""xlai"": 0.5603570342063904, ""totir"": 0.0, ""tofer"": NaN, ""swfac"": 0.0, ""nstres"": 0.0}",0.0,0.0,294.1512489318848,0.0,0.5603570342063904,0.0,,0.0,0.0,30.0,0.0,5.57155456542969,17.57155456542969,Leave_One_experiments/all_year_offline_schedule_search/daily_outputs/FQA/FQA_2010_FQA2010_normal_grid_S0006_daily.csv
FQA,FQA,Fengqiu,2010,Leave_One_experiments\wth_generated_qc\FQA\FQA2010.WTH,normal_year;nitrogen_stress_year;low_response_year,normal,FQA2010_normal_grid_S0006,irrigation_positive_candidate,2010-07-07,188,32,27,"{""sim_day"": 32.0, ""doy"": 188.0, ""topwt"": 332.62962341308594, ""grnwt"": 0.0, ""xlai"": 0.6181654930114746, ""totir"": 0.0, ""tofer"": NaN, ""swfac"": 0.0, ""nstres"": 0.0}",0.0,0.0,332.62962341308594,0.0,0.6181654930114746,0.0,,0.0,0.0,30.0,0.0,5.57155456542969,17.57155456542969,Leave_One_experiments/all_year_offline_schedule_search/daily_outputs/FQA/FQA_2010_FQA2010_normal_grid_S0006_daily.csv
FQA,FQA,Fengqiu,2010,Leave_One_experiments\wth_generated_qc\FQA\FQA2010.WTH,normal_year;nitrogen_stress_year;low_response_year,normal,FQA2010_normal_grid_S0006,irrigation_positive_candidate,2010-07-08,189,33,28,"{""sim_day"": 33.0, ""doy"": 189.0, ""topwt"": 377.90523529052734, ""grnwt"": 0.0, ""xlai"": 0.6830196380615234, ""totir"": 0.0, ""tofer"": NaN, ""swfac"": 0.0, ""nstres"": 0.0}",0.0,0.0,377.90523529052734,0.0,0.6830196380615234,0.0,,0.0,0.0,30.0,0.0,5.57155456542969,17.57155456542969,Leave_One_experiments/all_year_offline_schedule_search/daily_outputs/FQA/FQA_2010_FQA2010_normal_grid_S0006_daily.csv
FQA,FQA,Fengqiu,2010,Leave_One_experiments\wth_generated_qc\FQA\FQA2010.WTH,normal_year;nitrogen_stress_year;low_response_year,normal,FQA2010_normal_grid_S0006,irrigation_positive_candidate,2010-07-09,190,34,29,"{""sim_day"": 34.0, ""doy"": 190.0, ""topwt"": 416.8853759765625, ""grnwt"": 0.0, ""xlai"": 0.7365944981575012, ""totir"": 0.0, ""tofer"": NaN, ""swfac"": 0.0, ""nstres"": 0.0}",0.0,0.0,416.8853759765625,0.0,0.7365944981575012,0.0,,0.0,0.0,30.0,0.0,5.57155456542969,17.57155456542969,Leave_One_experiments/all_year_offline_schedule_search/daily_outputs/FQA/FQA_2010_FQA2010_normal_grid_S0006_daily.csv
FQA,FQA,Fengqiu,2010,Leave_One_experiments\wth_generated_qc\FQA\FQA2010.WTH,normal_year;nitrogen_stress_year;low_response_year,normal,FQA2010_normal_grid_S0006,irrigation_positive_candidate,2010-07-10,191,35,30,"{""sim_day"": 35.0, ""doy"": 191.0, ""topwt"": 463.6507034301758, ""grnwt"": 0.0, ""xlai"": 0.7959821820259094, ""totir"": 0.0, ""tofer"": NaN, ""swfac"": 0.0, ""nstres"": 0.0216587781906127}",0.0,0.0216587781906127,463.6507034301758,0.0,0.7959821820259094,0.0,,0.0,0.0,30.0,0.0,5.57155456542969,17.57155456542969,Leave_One_experiments/all_year_offline_schedule_search/daily_outputs/FQA/FQA_2010_FQA2010_normal_grid_S0006_daily.csv
FQA,FQA,Fengqiu,2010,Leave_One_experiments\wth_generated_qc\FQA\FQA2010.WTH,normal_year;nitrogen_stress_year;low_response_year,normal,FQA2010_normal_grid_S0006,irrigation_positive_candidate,2010-07-11,192,36,31,"{""sim_day"": 36.0, ""doy"": 192.0, ""topwt"": 516.0736465454102, ""grnwt"": 0.0, ""xlai"": 0.8562077879905701, ""totir"": 0.0, ""tofer"": NaN, ""swfac"": 0.0, ""nstres"": 0.0515421032905578}",0.0,0.0515421032905578,516.0736465454102,0.0,0.8562077879905701,0.0,,0.0,0.0,30.0,0.0,5.57155456542969,17.57155456542969,Leave_One_experiments/all_year_offline_schedule_search/daily_outputs/FQA/FQA_2010_FQA2010_normal_grid_S0006_daily.csv
FQA,FQA,Fengqiu,2010,Leave_One_experiments\wth_generated_qc\FQA\FQA2010.WTH,normal_year;nitrogen_stress_year;low_response_year,normal,FQA2010_normal_grid_S0006,irrigation_positive_candidate,2010-07-12,193,37,32,"{""sim_day"": 37.0, ""doy"": 193.0, ""topwt"": 568.4468841552734, ""grnwt"": 0.0, ""xlai"": 0.9092069864273072, ""totir"": 0.0, ""tofer"": NaN, ""swfac"": 0.0, ""nstres"": 0.0839748382568359}",0.0,0.0839748382568359,568.4468841552734,0.0,0.9092069864273072,0.0,,0.0,0.0,30.0,0.0,5.57155456542969,17.57155456542969,Leave_One_experiments/all_year_offline_schedule_search/daily_outputs/FQA/FQA_2010_FQA2010_normal_grid_S0006_daily.csv
FQA,FQA,Fengqiu,2010,Leave_One_experiments\wth_generated_qc\FQA\FQA2010.WTH,normal_year;nitrogen_stress_year;low_response_year,normal,FQA2010_normal_grid_S0006,irrigation_positive_candidate,2010-07-13,194,38,33,"{""sim_day"": 38.0, ""doy"": 194.0, ""topwt"": 621.0130310058594, ""grnwt"": 0.0, ""xlai"": 0.9553544521331788, ""totir"": 0.0, ""tofer"": NaN, ""swfac"": 0.0, ""nstres"": 0.1141069531440734}",0.0,0.1141069531440734,621.0130310058594,0.0,0.9553544521331788,0.0,,0.0,0.0,30.0,0.0,5.57155456542969,17.57155456542969,Leave_One_experiments/all_year_offline_schedule_search/daily_outputs/FQA/FQA_2010_FQA2010_normal_grid_S0006_daily.csv
FQA,FQA,Fengqiu,2010,Leave_One_experiments\wth_generated_qc\FQA\FQA2010.WTH,normal_year;nitrogen_stress_year;low_response_year,normal,FQA2010_normal_grid_S0006,irrigation_positive_candidate,2010-07-14,195,39,34,"{""sim_day"": 39.0, ""doy"": 195.0, ""topwt"": 667.471923828125, ""grnwt"": 0.0, ""xlai"": 0.9886519312858582, ""totir"": 0.0, ""tofer"": NaN, ""swfac"": 0.0, ""nstres"": 0.1391584873199463}",0.0,0.1391584873199463,667.471923828125,0.0,0.9886519312858582,0.0,,0.0,0.0,30.0,0.0,5.57155456542969,17.57155456542969,Leave_One_experiments/all_year_offline_schedule_search/daily_outputs/FQA/FQA_2010_FQA2010_normal_grid_S0006_daily.csv
FQA,FQA,Fengqiu,2010,Leave_One_experiments\wth_generated_qc\FQA\FQA2010.WTH,normal_year;nitrogen_stress_year;low_response_year,normal,FQA2010_normal_grid_S0006,irrigation_positive_candidate,2010-07-15,196,40,35,"{""sim_day"": 40.0, ""doy"": 196.0, ""topwt"": 713.9543151855469, ""grnwt"": 0.0, ""xlai"": 1.016876459121704, ""totir"": 30.0, ""tofer"": NaN, ""swfac"": 0.0, ""nstres"": 0.1585588455200195}",0.0,0.1585588455200195,713.9543151855469,0.0,1.016876459121704,30.0,,30.0,0.0,30.0,0.0,5.57155456542969,17.57155456542969,Leave_One_experiments/all_year_offline_schedule_search/daily_outputs/FQA/FQA_2010_FQA2010_normal_grid_S0006_daily.csv
FQA,FQA,Fengqiu,2010,Leave_One_experiments\wth_generated_qc\FQA\FQA2010.WTH,normal_year;nitrogen_stress_year;low_response_year,normal,FQA2010_normal_grid_S0006,irrigation_positive_candidate,2010-07-16,197,41,36,"{""sim_day"": 41.0, ""doy"": 197.0, ""topwt"": 745.7586669921875, ""grnwt"": 0.0, ""xlai"": 1.0275722742080688, ""totir"": 30.0, ""tofer"": NaN, ""swfac"": 0.0, ""nstres"": 0.1638423800468444}",0.0,0.1638423800468444,745.7586669921875,0.0,1.0275722742080688,30.0,,0.0,0.0,30.0,0.0,5.57155456542969,17.57155456542969,Leave_One_experiments/all_year_offline_schedule_search/daily_outputs/FQA/FQA_2010_FQA2010_normal_grid_S0006_daily.csv
FQA,FQA,Fengqiu,2010,Leave_One_experiments\wth_generated_qc\FQA\FQA2010.WTH,normal_year;nitrogen_stress_year;low_response_year,normal,FQA2010_normal_grid_S0006,irrigation_positive_candidate,2010-07-17,198,42,37,"{""sim_day"": 42.0, ""doy"": 198.0, ""topwt"": 794.5982360839844, ""grnwt"": 0.0, ""xlai"": 1.0518547296524048, ""totir"": 30.0, ""tofer"": NaN, ""swfac"": 0.0, ""nstres"": 0.1736087799072265}",0.0,0.1736087799072265,794.5982360839844,0.0,1.0518547296524048,30.0,,0.0,0.0,30.0,0.0,5.57155456542969,17.57155456542969,Leave_One_experiments/all_year_offline_schedule_search/daily_outputs/FQA/FQA_2010_FQA2010_normal_grid_S0006_daily.csv
FQA,FQA,Fengqiu,2010,Leave_One_experiments\wth_generated_qc\FQA\FQA2010.WTH,normal_year;nitrogen_stress_year;low_response_year,normal,FQA2010_normal_grid_S0006,irrigation_positive_candidate,2010-07-18,199,43,38,"{""sim_day"": 43.0, ""doy"": 199.0, ""topwt"": 841.0606384277344, ""grnwt"": 0.0, ""xlai"": 1.0711668729782104, ""totir"": 30.0, ""tofer"": NaN, ""swfac"": 0.0, ""nstres"": 0.1778719425201416}",0.0,0.1778719425201416,841.0606384277344,0.0,1.0711668729782104,30.0,,0.0,0.0,30.0,0.0,5.57155456542969,17.57155456542969,Leave_One_experiments/all_year_offline_schedule_search/daily_outputs/FQA/FQA_2010_FQA2010_normal_grid_S0006_daily.csv
FQA,FQA,Fengqiu,2010,Leave_One_experiments\wth_generated_qc\FQA\FQA2010.WTH,normal_year;nitrogen_stress_year;low_response_year,normal,FQA2010_normal_grid_S0006,irrigation_positive_candidate,2010-07-19,200,44,39,"{""sim_day"": 44.0, ""doy"": 200.0, ""topwt"": 890.6779479980469, ""grnwt"": 0.0, ""xlai"": 1.0901857614517212, ""totir"": 30.0, ""tofer"": NaN, ""swfac"": 0.0, ""nstres"": 0.1858372092247009}",0.0,0.1858372092247009,890.6779479980469,0.0,1.0901857614517212,30.0,,0.0,0.0,30.0,0.0,5.57155456542969,17.57155456542969,Leave_One_experiments/all_year_offline_schedule_search/daily_outputs/FQA/FQA_2010_FQA2010_normal_grid_S0006_daily.csv
FQA,FQA,Fengqiu,2010,Leave_One_experiments\wth_generated_qc\FQA\FQA2010.WTH,normal_year;nitrogen_stress_year;low_response_year,normal,FQA2010_normal_grid_S0006,irrigation_positive_candidate,2010-07-20,201,45,40,"{""sim_day"": 45.0, ""doy"": 201.0, ""topwt"": 1028.407974243164, ""grnwt"": 0.0, ""xlai"": 1.1152191162109375, ""totir"": 30.0, ""tofer"": NaN, ""swfac"": 0.0, ""nstres"": 0.1948698163032531}",0.0,0.1948698163032531,1028.407974243164,0.0,1.1152191162109375,30.0,,0.0,0.0,30.0,0.0,5.57155456542969,17.57155456542969,Leave_One_experiments/all_year_offline_schedule_search/daily_outputs/FQA/FQA_2010_FQA2010_normal_grid_S0006_daily.csv
FQA,FQA,Fengqiu,2010,Leave_One_experiments\wth_generated_qc\FQA\FQA2010.WTH,normal_year;nitrogen_stress_year;low_response_year,normal,FQA2010_normal_grid_S0006,irrigation_positive_candidate,2010-07-21,202,46,41,"{""sim_day"": 46.0, ""doy"": 202.0, ""topwt"": 1162.267074584961, ""grnwt"": 0.0, ""xlai"": 1.1338956356048584, ""totir"": 30.0, ""tofer"": NaN, ""swfac"": 0.0, ""nstres"": 0.2073757648468017}",0.0,0.2073757648468017,1162.267074584961,0.0,1.1338956356048584,30.0,,0.0,0.0,30.0,0.0,5.57155456542969,17.57155456542969,Leave_One_experiments/all_year_offline_schedule_search/daily_outputs/FQA/FQA_2010_FQA2010_normal_grid_S0006_daily.csv
FQA,FQA,Fengqiu,2010,Leave_One_experiments\wth_generated_qc\FQA\FQA2010.WTH,normal_year;nitrogen_stress_year;low_response_year,normal,FQA2010_normal_grid_S0006,irrigation_positive_candidate,2010-07-22,203,47,42,"{""sim_day"": 47.0, ""doy"": 203.0, ""topwt"": 1268.7508392333984, ""grnwt"": 0.0, ""xlai"": 1.1358118057250977, ""totir"": 30.0, ""tofer"": NaN, ""swfac"": 0.0, ""nstres"": 0.3032106757164001}",0.0,0.3032106757164001,1268.7508392333984,0.0,1.1358118057250977,30.0,,0.0,0.0,30.0,0.0,5.57155456542969,17.57155456542969,Leave_One_experiments/all_year_offline_schedule_search/daily_outputs/FQA/FQA_2010_FQA2010_normal_grid_S0006_daily.csv
FQA,FQA,Fengqiu,2010,Leave_One_experiments\wth_generated_qc\FQA\FQA2010.WTH,normal_year;nitrogen_stress_year;low_response_year,normal,FQA2010_normal_grid_S0006,irrigation_positive_candidate,2010-07-23,204,48,43,"{""sim_day"": 48.0, ""doy"": 204.0, ""topwt"": 1363.22021484375, ""grnwt"": 0.0, ""xlai"": 1.1291593313217163, ""totir"": 30.0, ""tofer"": NaN, ""swfac"": 0.0, ""nstres"": 0.365069031715393}",0.0,0.365069031715393,1363.22021484375,0.0,1.1291593313217163,30.0,,0.0,0.0,30.0,0.0,5.57155456542969,17.57155456542969,Leave_One_experiments/all_year_offline_schedule_search/daily_outputs/FQA/FQA_2010_FQA2010_normal_grid_S0006_daily.csv
FQA,FQA,Fengqiu,2010,Leave_One_experiments\wth_generated_qc\FQA\FQA2010.WTH,normal_year;nitrogen_stress_year;low_response_year,normal,FQA2010_normal_grid_S0006,irrigation_positive_candidate,2010-07-24,205,49,44,"{""sim_day"": 49.0, ""doy"": 205.0, ""topwt"": 1454.4869995117188, ""grnwt"": 0.0, ""xlai"": 1.118923902511597, ""totir"": 30.0, ""tofer"": NaN, ""swfac"": 0.0, ""nstres"": 0.3955802321434021}",0.0,0.3955802321434021,1454.4869995117188,0.0,1.118923902511597,30.0,,0.0,0.0,30.0,0.0,5.57155456542969,17.57155456542969,Leave_One_experiments/all_year_offline_schedule_search/daily_outputs/FQA/FQA_2010_FQA2010_normal_grid_S0006_daily.csv
FQA,FQA,Fengqiu,2010,Leave_One_experiments\wth_generated_qc\FQA\FQA2010.WTH,normal_year;nitrogen_stress_year;low_response_year,normal,FQA2010_normal_grid_S0006,irrigation_positive_candidate,2010-07-25,206,50,45,"{""sim_day"": 50.0, ""doy"": 206.0, ""topwt"": 1540.975341796875, ""grnwt"": 0.0, ""xlai"": 1.1056946516036987, ""totir"": 30.0, ""tofer"": NaN, ""swfac"": 0.0, ""nstres"": 0.4128055572509765}",0.0,0.4128055572509765,1540.975341796875,0.0,1.1056946516036987,30.0,,0.0,0.0,30.0,0.0,5.57155456542969,17.57155456542969,Leave_One_experiments/all_year_offline_schedule_search/daily_outputs/FQA/FQA_2010_FQA2010_normal_grid_S0006_daily.csv
FQA,FQA,Fengqiu,2010,Leave_One_experiments\wth_generated_qc\FQA\FQA2010.WTH,normal_year;nitrogen_stress_year;low_response_year,normal,FQA2010_normal_grid_S0006,irrigation_positive_candidate,2010-07-26,207,51,46,"{""sim_day"": 51.0, ""doy"": 207.0, ""topwt"": 1625.2326965332031, ""grnwt"": 0.0, ""xlai"": 1.090847730636597, ""totir"": 30.0, ""tofer"": NaN, ""swfac"": 0.0, ""nstres"": 0.4233196973800659}",0.0,0.4233196973800659,1625.2326965332031,0.0,1.090847730636597,30.0,,0.0,0.0,30.0,0.0,5.57155456542969,17.57155456542969,Leave_One_experiments/all_year_offline_schedule_search/daily_outputs/FQA/FQA_2010_FQA2010_normal_grid_S0006_daily.csv
FQA,FQA,Fengqiu,2010,Leave_One_experiments\wth_generated_qc\FQA\FQA2010.WTH,normal_year;nitrogen_stress_year;low_response_year,normal,FQA2010_normal_grid_S0006,irrigation_positive_candidate,2010-07-27,208,52,47,"{""sim_day"": 52.0, ""doy"": 208.0, ""topwt"": 1708.1491088867188, ""grnwt"": 0.0, ""xlai"": 1.0750677585601809, ""totir"": 30.0, ""tofer"": NaN, ""swfac"": 0.0, ""nstres"": 0.4288451075553894}",0.0,0.4288451075553894,1708.1491088867188,0.0,1.0750677585601809,30.0,,0.0,0.0,30.0,0.0,5.57155456542969,17.57155456542969,Leave_One_experiments/all_year_offline_schedule_search/daily_outputs/FQA/FQA_2010_FQA2010_normal_grid_S0006_daily.csv
FQA,FQA,Fengqiu,2010,Leave_One_experiments\wth_generated_qc\FQA\FQA2010.WTH,normal_year;nitrogen_stress_year;low_response_year,normal,FQA2010_normal_grid_S0006,irrigation_positive_candidate,2010-07-28,209,53,48,"{""sim_day"": 53.0, ""doy"": 209.0, ""topwt"": 1794.159698486328, ""grnwt"": 0.0, ""xlai"": 1.059746265411377, ""totir"": 30.0, ""tofer"": NaN, ""swfac"": 0.0, ""nstres"": 0.4314311146736145}",0.0,0.4314311146736145,1794.159698486328,0.0,1.059746265411377,30.0,,0.0,0.0,30.0,0.0,5.57155456542969,17.57155456542969,Leave_One_experiments/all_year_offline_schedule_search/daily_outputs/FQA/FQA_2010_FQA2010_normal_grid_S0006_daily.csv
FQA,FQA,Fengqiu,2010,Leave_One_experiments\wth_generated_qc\FQA\FQA2010.WTH,normal_year;nitrogen_stress_year;low_response_year,normal,FQA2010_normal_grid_S0006,irrigation_positive_candidate,2010-07-29,210,54,49,"{""sim_day"": 54.0, ""doy"": 210.0, ""topwt"": 1885.0340270996091, ""grnwt"": 0.0, ""xlai"": 1.0462342500686646, ""totir"": 30.0, ""tofer"": NaN, ""swfac"": 0.0, ""nstres"": 0.4304021596908569}",0.0,0.4304021596908569,1885.0340270996091,0.0,1.0462342500686646,30.0,,0.0,0.0,30.0,0.0,5.57155456542969,17.57155456542969,Leave_One_experiments/all_year_offline_schedule_search/daily_outputs/FQA/FQA_2010_FQA2010_normal_grid_S0006_daily.csv
FQA,FQA,Fengqiu,2010,Leave_One_experiments\wth_generated_qc\FQA\FQA2010.WTH,normal_year;nitrogen_stress_year;low_response_year,normal,FQA2010_normal_grid_S0006,irrigation_positive_candidate,2010-07-30,211,55,50,"{""sim_day"": 55.0, ""doy"": 211.0, ""topwt"": 1976.1697387695312, ""grnwt"": 0.0, ""xlai"": 1.0333433151245115, ""totir"": 30.0, ""tofer"": NaN, ""swfac"": 0.0, ""nstres"": 0.4280028343200683}",0.0,0.4280028343200683,1976.1697387695312,0.0,1.0333433151245115,30.0,,0.0,0.0,30.0,0.0,5.57155456542969,17.57155456542969,Leave_One_experiments/all_year_offline_schedule_search/daily_outputs/FQA/FQA_2010_FQA2010_normal_grid_S0006_daily.csv
FQA,FQA,Fengqiu,2010,Leave_One_experiments\wth_generated_qc\FQA\FQA2010.WTH,normal_year;nitrogen_stress_year;low_response_year,normal,FQA2010_normal_grid_S0006,irrigation_positive_candidate,2010-07-31,212,56,51,"{""sim_day"": 56.0, ""doy"": 212.0, ""topwt"": 2033.8847351074216, ""grnwt"": 0.0, ""xlai"": 1.0120069980621338, ""totir"": 30.0, ""tofer"": NaN, ""swfac"": 0.0, ""nstres"": 0.4344424605369568}",0.0,0.4344424605369568,2033.8847351074216,0.0,1.0120069980621338,30.0,,0.0,0.0,30.0,0.0,5.57155456542969,17.57155456542969,Leave_One_experiments/all_year_offline_schedule_search/daily_outputs/FQA/FQA_2010_FQA2010_normal_grid_S0006_daily.csv
FQA,FQA,Fengqiu,2010,Leave_One_experiments\wth_generated_qc\FQA\FQA2010.WTH,normal_year;nitrogen_stress_year;low_response_year,normal,FQA2010_normal_grid_S0006,irrigation_positive_candidate,2010-08-01,213,57,52,"{""sim_day"": 57.0, ""doy"": 213.0, ""topwt"": 2103.6302185058594, ""grnwt"": 0.0, ""xlai"": 0.9943421483039856, ""totir"": 30.0, ""tofer"": NaN, ""swfac"": 0.0, ""nstres"": 0.4379892945289612}",0.0,0.4379892945289612,2103.6302185058594,0.0,0.9943421483039856,30.0,,0.0,0.0,30.0,0.0,5.57155456542969,17.57155456542969,Leave_One_experiments/all_year_offline_schedule_search/daily_outputs/FQA/FQA_2010_FQA2010_normal_grid_S0006_daily.csv
FQA,FQA,Fengqiu,2010,Leave_One_experiments\wth_generated_qc\FQA\FQA2010.WTH,normal_year;nitrogen_stress_year;low_response_year,normal,FQA2010_normal_grid_S0006,irrigation_positive_candidate,2010-08-02,214,58,53,"{""sim_day"": 58.0, ""doy"": 214.0, ""topwt"": 2181.920166015625, ""grnwt"": 0.0, ""xlai"": 0.9796625971794128, ""totir"": 30.0, ""tofer"": NaN, ""swfac"": 0.0, ""nstres"": 0.4335420727729797}",0.0,0.4335420727729797,2181.920166015625,0.0,0.9796625971794128,30.0,,0.0,0.0,30.0,0.0,5.57155456542969,17.57155456542969,Leave_One_experiments/all_year_offline_schedule_search/daily_outputs/FQA/FQA_2010_FQA2010_normal_grid_S0006_daily.csv
FQA,FQA,Fengqiu,2010,Leave_One_experiments\wth_generated_qc\FQA\FQA2010.WTH,normal_year;nitrogen_stress_year;low_response_year,normal,FQA2010_normal_grid_S0006,irrigation_positive_candidate,2010-08-03,215,59,54,"{""sim_day"": 59.0, ""doy"": 215.0, ""topwt"": 2266.2030029296875, ""grnwt"": 0.0, ""xlai"": 0.9671931266784668, ""totir"": 30.0, ""tofer"": NaN, ""swfac"": 0.0, ""nstres"": 0.4292583465576172}",0.0,0.4292583465576172,2266.2030029296875,0.0,0.9671931266784668,30.0,,0.0,0.0,30.0,0.0,5.57155456542969,17.57155456542969,Leave_One_experiments/all_year_offline_schedule_search/daily_outputs/FQA/FQA_2010_FQA2010_normal_grid_S0006_daily.csv
FQA,FQA,Fengqiu,2010,Leave_One_experiments\wth_generated_qc\FQA\FQA2010.WTH,normal_year;nitrogen_stress_year;low_response_year,normal,FQA2010_normal_grid_S0006,irrigation_positive_candidate,2010-08-04,216,60,55,"{""sim_day"": 60.0, ""doy"": 216.0, ""topwt"": 2348.16162109375, ""grnwt"": 0.0, ""xlai"": 0.9547653794288636, ""totir"": 30.0, ""tofer"": NaN, ""swfac"": 0.0, ""nstres"": 0.4238364100456238}",0.0,0.4238364100456238,2348.16162109375,0.0,0.9547653794288636,30.0,,0.0,0.0,30.0,0.0,5.57155456542969,17.57155456542969,Leave_One_experiments/all_year_offline_schedule_search/daily_outputs/FQA/FQA_2010_FQA2010_normal_grid_S0006_daily.csv
FQA,FQA,Fengqiu,2010,Leave_One_experiments\wth_generated_qc\FQA\FQA2010.WTH,normal_year;nitrogen_stress_year;low_response_year,normal,FQA2010_normal_grid_S0006,irrigation_positive_candidate,2010-08-05,217,61,56,"{""sim_day"": 61.0, ""doy"": 217.0, ""topwt"": 2426.391143798828, ""grnwt"": 0.0, ""xlai"": 0.9422802329063416, ""totir"": 30.0, ""tofer"": NaN, ""swfac"": 0.0, ""nstres"": 0.4118430018424988}",0.0,0.4118430018424988,2426.391143798828,0.0,0.9422802329063416,30.0,,0.0,0.0,30.0,0.0,5.57155456542969,17.57155456542969,Leave_One_experiments/all_year_offline_schedule_search/daily_outputs/FQA/FQA_2010_FQA2010_normal_grid_S0006_daily.csv
FQA,FQA,Fengqiu,2010,Leave_One_experiments\wth_generated_qc\FQA\FQA2010.WTH,normal_year;nitrogen_stress_year;low_response_year,normal,FQA2010_normal_grid_S0006,irrigation_positive_candidate,2010-08-06,218,62,57,"{""sim_day"": 62.0, ""doy"": 218.0, ""topwt"": 2478.6865234375, ""grnwt"": 0.0, ""xlai"": 0.9108230471611024, ""totir"": 30.0, ""tofer"": NaN, ""swfac"": 0.0, ""nstres"": 0.4012184143066406}",0.0,0.4012184143066406,2478.6865234375,0.0,0.9108230471611024,30.0,,0.0,0.0,30.0,0.0,5.57155456542969,17.57155456542969,Leave_One_experiments/all_year_offline_schedule_search/daily_outputs/FQA/FQA_2010_FQA2010_normal_grid_S0006_daily.csv
FQA,FQA,Fengqiu,2010,Leave_One_experiments\wth_generated_qc\FQA\FQA2010.WTH,normal_year;nitrogen_stress_year;low_response_year,normal,FQA2010_normal_grid_S0006,irrigation_positive_candidate,2010-08-07,219,63,58,"{""sim_day"": 63.0, ""doy"": 219.0, ""topwt"": 2563.0587768554688, ""grnwt"": 0.0, ""xlai"": 0.8811757564544678, ""totir"": 30.0, ""tofer"": NaN, ""swfac"": 0.0, ""nstres"": 0.3812001347541809}",0.0,0.3812001347541809,2563.0587768554688,0.0,0.8811757564544678,30.0,,0.0,0.0,30.0,0.0,5.57155456542969,17.57155456542969,Leave_One_experiments/all_year_offline_schedule_search/daily_outputs/FQA/FQA_2010_FQA2010_normal_grid_S0006_daily.csv
FQA,FQA,Fengqiu,2010,Leave_One_experiments\wth_generated_qc\FQA\FQA2010.WTH,normal_year;nitrogen_stress_year;low_response_year,normal,FQA2010_normal_grid_S0006,irrigation_positive_candidate,2010-08-08,220,64,59,"{""sim_day"": 64.0, ""doy"": 220.0, ""topwt"": 2639.28955078125, ""grnwt"": 0.0, ""xlai"": 0.8532195091247559, ""totir"": 30.0, ""tofer"": NaN, ""swfac"": 0.0, ""nstres"": 0.361425518989563}",0.0,0.361425518989563,2639.28955078125,0.0,0.8532195091247559,30.0,,0.0,0.0,30.0,0.0,5.57155456542969,17.57155456542969,Leave_One_experiments/all_year_offline_schedule_search/daily_outputs/FQA/FQA_2010_FQA2010_normal_grid_S0006_daily.csv
FQA,FQA,Fengqiu,2010,Leave_One_experiments\wth_generated_qc\FQA\FQA2010.WTH,normal_year;nitrogen_stress_year;low_response_year,normal,FQA2010_normal_grid_S0006,irrigation_positive_candidate,2010-08-09,221,65,60,"{""sim_day"": 65.0, ""doy"": 221.0, ""topwt"": 2689.481506347656, ""grnwt"": 0.0, ""xlai"": 0.8265916705131531, ""totir"": 30.0, ""tofer"": NaN, ""swfac"": 0.0, ""nstres"": 0.3490084409713745}",0.0,0.3490084409713745,2689.481506347656,0.0,0.8265916705131531,30.0,,0.0,0.0,30.0,0.0,5.57155456542969,17.57155456542969,Leave_One_experiments/all_year_offline_schedule_search/daily_outputs/FQA/FQA_2010_FQA2010_normal_grid_S0006_daily.csv
FQA,FQA,Fengqiu,2010,Leave_One_experiments\wth_generated_qc\FQA\FQA2010.WTH,normal_year;nitrogen_stress_year;low_response_year,normal,FQA2010_normal_grid_S0006,irrigation_positive_candidate,2010-08-10,222,66,61,"{""sim_day"": 66.0, ""doy"": 222.0, ""topwt"": 2732.0181274414062, ""grnwt"": 0.0, ""xlai"": 0.8013436198234558, ""totir"": 30.0, ""tofer"": NaN, ""swfac"": 0.0, ""nstres"": 0.3330731391906738}",0.0,0.3330731391906738,2732.0181274414062,0.0,0.8013436198234558,30.0,,0.0,0.0,30.0,0.0,5.57155456542969,17.57155456542969,Leave_One_experiments/all_year_offline_schedule_search/daily_outputs/FQA/FQA_2010_FQA2010_normal_grid_S0006_daily.csv
FQA,FQA,Fengqiu,2010,Leave_One_experiments\wth_generated_qc\FQA\FQA2010.WTH,normal_year;nitrogen_stress_year;low_response_year,normal,FQA2010_normal_grid_S0006,irrigation_positive_candidate,2010-08-11,223,67,62,"{""sim_day"": 67.0, ""doy"": 223.0, ""topwt"": 2745.443115234375, ""grnwt"": 0.0, ""xlai"": 0.7775698304176331, ""totir"": 30.0, ""tofer"": NaN, ""swfac"": 0.0, ""nstres"": 0.3120202422142029}",0.0,0.3120202422142029,2745.443115234375,0.0,0.7775698304176331,30.0,,0.0,0.0,30.0,0.0,5.57155456542969,17.57155456542969,Leave_One_experiments/all_year_offline_schedule_search/daily_outputs/FQA/FQA_2010_FQA2010_normal_grid_S0006_daily.csv
FQA,FQA,Fengqiu,2010,Leave_One_experiments\wth_generated_qc\FQA\FQA2010.WTH,normal_year;nitrogen_stress_year;low_response_year,normal,FQA2010_normal_grid_S0006,irrigation_positive_candidate,2010-08-12,224,68,63,"{""sim_day"": 68.0, ""doy"": 224.0, ""topwt"": 2800.5679321289062, ""grnwt"": 0.0, ""xlai"": 0.7554244995117188, ""totir"": 30.0, ""tofer"": NaN, ""swfac"": 0.0, ""nstres"": 0.2835221886634826}",0.0,0.2835221886634826,2800.5679321289062,0.0,0.7554244995117188,30.0,,0.0,0.0,30.0,0.0,5.57155456542969,17.57155456542969,Leave_One_experiments/all_year_offline_schedule_search/daily_outputs/FQA/FQA_2010_FQA2010_normal_grid_S0006_daily.csv
FQA,FQA,Fengqiu,2010,Leave_One_experiments\wth_generated_qc\FQA\FQA2010.WTH,normal_year;nitrogen_stress_year;low_response_year,normal,FQA2010_normal_grid_S0006,irrigation_positive_candidate,2010-08-13,225,69,64,"{""sim_day"": 69.0, ""doy"": 225.0, ""topwt"": 2832.0806884765625, ""grnwt"": 0.0, ""xlai"": 0.7349562048912048, ""totir"": 30.0, ""tofer"": NaN, ""swfac"": 0.0, ""nstres"": 0.2502815127372741}",0.0,0.2502815127372741,2832.0806884765625,0.0,0.7349562048912048,30.0,,0.0,0.0,30.0,0.0,5.57155456542969,17.57155456542969,Leave_One_experiments/all_year_offline_schedule_search/daily_outputs/FQA/FQA_2010_FQA2010_normal_grid_S0006_daily.csv
FQA,FQA,Fengqiu,2010,Leave_One_experiments\wth_generated_qc\FQA\FQA2010.WTH,normal_year;nitrogen_stress_year;low_response_year,normal,FQA2010_normal_grid_S0006,irrigation_positive_candidate,2010-08-14,226,70,65,"{""sim_day"": 70.0, ""doy"": 226.0, ""topwt"": 2886.626281738281, ""grnwt"": 168.0590057373047, ""xlai"": 0.7158355116844177, ""totir"": 30.0, ""tofer"": NaN, ""swfac"": 0.0, ""nstres"": 0.2243851423263549}",0.0,0.2243851423263549,2886.626281738281,168.0590057373047,0.7158355116844177,30.0,,0.0,0.0,30.0,0.0,5.57155456542969,17.57155456542969,Leave_One_experiments/all_year_offline_schedule_search/daily_outputs/FQA/FQA_2010_FQA2010_normal_grid_S0006_daily.csv
FQA,FQA,Fengqiu,2010,Leave_One_experiments\wth_generated_qc\FQA\FQA2010.WTH,normal_year;nitrogen_stress_year;low_response_year,normal,FQA2010_normal_grid_S0006,irrigation_positive_candidate,2010-08-15,227,71,66,"{""sim_day"": 71.0, ""doy"": 227.0, ""topwt"": 3014.198608398437, ""grnwt"": 278.7593650817871, ""xlai"": 0.6957789063453674, ""totir"": 30.0, ""tofer"": NaN, ""swfac"": 0.0, ""nstres"": 0.2724449038505554}",0.0,0.2724449038505554,3014.198608398437,278.7593650817871,0.6957789063453674,30.0,,0.0,0.0,30.0,0.0,5.57155456542969,17.57155456542969,Leave_One_experiments/all_year_offline_schedule_search/daily_outputs/FQA/FQA_2010_FQA2010_normal_grid_S0006_daily.csv
FQA,FQA,Fengqiu,2010,Leave_One_experiments\wth_generated_qc\FQA\FQA2010.WTH,normal_year;nitrogen_stress_year;low_response_year,normal,FQA2010_normal_grid_S0006,irrigation_positive_candidate,2010-08-16,228,72,67,"{""sim_day"": 72.0, ""doy"": 228.0, ""topwt"": 3137.939758300781, ""grnwt"": 389.45972442626953, ""xlai"": 0.6772539019584656, ""totir"": 30.0, ""tofer"": NaN, ""swfac"": 0.0, ""nstres"": 0.2389967441558838}",0.0,0.2389967441558838,3137.939758300781,389.45972442626953,0.6772539019584656,30.0,,0.0,0.0,30.0,0.0,5.57155456542969,17.57155456542969,Leave_One_experiments/all_year_offline_schedule_search/daily_outputs/FQA/FQA_2010_FQA2010_normal_grid_S0006_daily.csv
FQA,FQA,Fengqiu,2010,Leave_One_experiments\wth_generated_qc\FQA\FQA2010.WTH,normal_year;nitrogen_stress_year;low_response_year,normal,FQA2010_normal_grid_S0006,irrigation_positive_candidate,2010-08-17,229,73,68,"{""sim_day"": 73.0, ""doy"": 229.0, ""topwt"": 3241.287841796875, ""grnwt"": 498.7763214111328, ""xlai"": 0.6586063504219055, ""totir"": 30.0, ""tofer"": NaN, ""swfac"": 0.0, ""nstres"": 0.2608177065849304}",0.0,0.2608177065849304,3241.287841796875,498.7763214111328,0.6586063504219055,30.0,,0.0,0.0,30.0,0.0,5.57155456542969,17.57155456542969,Leave_One_experiments/all_year_offline_schedule_search/daily_outputs/FQA/FQA_2010_FQA2010_normal_grid_S0006_daily.csv
FQA,FQA,Fengqiu,2010,Leave_One_experiments\wth_generated_qc\FQA\FQA2010.WTH,normal_year;nitrogen_stress_year;low_response_year,normal,FQA2010_normal_grid_S0006,irrigation_positive_candidate,2010-08-18,230,74,69,"{""sim_day"": 74.0, ""doy"": 230.0, ""topwt"": 3306.1395263671875, ""grnwt"": 595.6391143798828, ""xlai"": 0.6399851441383362, ""totir"": 30.0, ""tofer"": NaN, ""swfac"": 0.0, ""nstres"": 0.2785690426826477}",0.0,0.2785690426826477,3306.1395263671875,595.6391143798828,0.6399851441383362,30.0,,0.0,0.0,30.0,0.0,5.57155456542969,17.57155456542969,Leave_One_experiments/all_year_offline_schedule_search/daily_outputs/FQA/FQA_2010_FQA2010_normal_grid_S0006_daily.csv
FQA,FQA,Fengqiu,2010,Leave_One_experiments\wth_generated_qc\FQA\FQA2010.WTH,normal_year;nitrogen_stress_year;low_response_year,normal,FQA2010_normal_grid_S0006,irrigation_positive_candidate,2010-08-19,231,75,70,"{""sim_day"": 75.0, ""doy"": 231.0, ""topwt"": 3332.4087524414062, ""grnwt"": 706.3394165039062, ""xlai"": 0.6216892600059509, ""totir"": 30.0, ""tofer"": NaN, ""swfac"": 0.0, ""nstres"": 0.2861108183860779}",0.0,0.2861108183860779,3332.4087524414062,706.3394165039062,0.6216892600059509,30.0,,0.0,0.0,30.0,0.0,5.57155456542969,17.57155456542969,Leave_One_experiments/all_year_offline_schedule_search/daily_outputs/FQA/FQA_2010_FQA2010_normal_grid_S0006_daily.csv
FQA,FQA,Fengqiu,2010,Leave_One_experiments\wth_generated_qc\FQA\FQA2010.WTH,normal_year;nitrogen_stress_year;low_response_year,normal,FQA2010_normal_grid_S0006,irrigation_positive_candidate,2010-08-20,232,76,71,"{""sim_day"": 76.0, ""doy"": 232.0, ""topwt"": 3422.93701171875, ""grnwt"": 804.5860290527344, ""xlai"": 0.6040061116218567, ""totir"": 30.0, ""tofer"": NaN, ""swfac"": 0.0, ""nstres"": 0.2826475501060486}",0.0,0.2826475501060486,3422.93701171875,804.5860290527344,0.6040061116218567,30.0,,0.0,0.0,30.0,0.0,5.57155456542969,17.57155456542969,Leave_One_experiments/all_year_offline_schedule_search/daily_outputs/FQA/FQA_2010_FQA2010_normal_grid_S0006_daily.csv
FQA,FQA,Fengqiu,2010,Leave_One_experiments\wth_generated_qc\FQA\FQA2010.WTH,normal_year;nitrogen_stress_year;low_response_year,normal,FQA2010_normal_grid_S0006,irrigation_positive_candidate,2010-08-21,233,77,72,"{""sim_day"": 77.0, ""doy"": 233.0, ""topwt"": 3449.8553466796875, ""grnwt"": 915.2863311767578, ""xlai"": 0.5873034000396729, ""totir"": 30.0, ""tofer"": NaN, ""swfac"": 0.0, ""nstres"": 0.2636776566505432}",0.0,0.2636776566505432,3449.8553466796875,915.2863311767578,0.5873034000396729,30.0,,0.0,0.0,30.0,0.0,5.57155456542969,17.57155456542969,Leave_One_experiments/all_year_offline_schedule_search/daily_outputs/FQA/FQA_2010_FQA2010_normal_grid_S0006_daily.csv
FQA,FQA,Fengqiu,2010,Leave_One_experiments\wth_generated_qc\FQA\FQA2010.WTH,normal_year;nitrogen_stress_year;low_response_year,normal,FQA2010_normal_grid_S0006,irrigation_positive_candidate,2010-08-22,234,78,73,"{""sim_day"": 78.0, ""doy"": 234.0, ""topwt"": 3474.8410034179688, ""grnwt"": 1025.9866333007812, ""xlai"": 0.5704962015151978, ""totir"": 30.0, ""tofer"": NaN, ""swfac"": 0.0, ""nstres"": 0.2868216037750244}",0.0,0.2868216037750244,3474.8410034179688,1025.9866333007812,0.5704962015151978,30.0,,0.0,0.0,30.0,0.0,5.57155456542969,17.57155456542969,Leave_One_experiments/all_year_offline_schedule_search/daily_outputs/FQA/FQA_2010_FQA2010_normal_grid_S0006_daily.csv
FQA,FQA,Fengqiu,2010,Leave_One_experiments\wth_generated_qc\FQA\FQA2010.WTH,normal_year;nitrogen_stress_year;low_response_year,normal,FQA2010_normal_grid_S0006,irrigation_positive_candidate,2010-08-23,235,79,74,"{""sim_day"": 79.0, ""doy"": 235.0, ""topwt"": 3491.6070556640625, ""grnwt"": 1136.6869354248047, ""xlai"": 0.5543477535247803, ""totir"": 30.0, ""tofer"": NaN, ""swfac"": 0.0, ""nstres"": 0.2793422937393188}",0.0,0.2793422937393188,3491.6070556640625,1136.6869354248047,0.5543477535247803,30.0,,0.0,0.0,30.0,0.0,5.57155456542969,17.57155456542969,Leave_One_experiments/all_year_offline_schedule_search/daily_outputs/FQA/FQA_2010_FQA2010_normal_grid_S0006_daily.csv
FQA,FQA,Fengqiu,2010,Leave_One_experiments\wth_generated_qc\FQA\FQA2010.WTH,normal_year;nitrogen_stress_year;low_response_year,normal,FQA2010_normal_grid_S0006,irrigation_positive_candidate,2010-08-24,236,80,75,"{""sim_day"": 80.0, ""doy"": 236.0, ""topwt"": 3425.404663085937, ""grnwt"": 1155.695571899414, ""xlai"": 0.538858950138092, ""totir"": 30.0, ""tofer"": NaN, ""swfac"": 0.0, ""nstres"": 0.2705737948417663}",0.0,0.2705737948417663,3425.404663085937,1155.695571899414,0.538858950138092,30.0,,0.0,0.0,30.0,0.0,5.57155456542969,17.57155456542969,Leave_One_experiments/all_year_offline_schedule_search/daily_outputs/FQA/FQA_2010_FQA2010_normal_grid_S0006_daily.csv
FQA,FQA,Fengqiu,2010,Leave_One_experiments\wth_generated_qc\FQA\FQA2010.WTH,normal_year;nitrogen_stress_year;low_response_year,normal,FQA2010_normal_grid_S0006,irrigation_positive_candidate,2010-08-25,237,81,76,"{""sim_day"": 81.0, ""doy"": 237.0, ""topwt"": 3447.769775390625, ""grnwt"": 1178.0572509765625, ""xlai"": 0.525313675403595, ""totir"": 30.0, ""tofer"": NaN, ""swfac"": 0.0, ""nstres"": 0.2032889723777771}",0.0,0.2032889723777771,3447.769775390625,1178.0572509765625,0.525313675403595,30.0,,0.0,0.0,30.0,0.0,5.57155456542969,17.57155456542969,Leave_One_experiments/all_year_offline_schedule_search/daily_outputs/FQA/FQA_2010_FQA2010_normal_grid_S0006_daily.csv
FQA,FQA,Fengqiu,2010,Leave_One_experiments\wth_generated_qc\FQA\FQA2010.WTH,normal_year;nitrogen_stress_year;low_response_year,normal,FQA2010_normal_grid_S0006,irrigation_positive_candidate,2010-08-26,238,82,77,"{""sim_day"": 82.0, ""doy"": 238.0, ""topwt"": 3562.1240234375, ""grnwt"": 1288.7576293945312, ""xlai"": 0.5136019587516785, ""totir"": 30.0, ""tofer"": NaN, ""swfac"": 0.0, ""nstres"": 0.1783581376075744}",0.0,0.1783581376075744,3562.1240234375,1288.7576293945312,0.5136019587516785,30.0,,0.0,0.0,30.0,0.0,5.57155456542969,17.57155456542969,Leave_One_experiments/all_year_offline_schedule_search/daily_outputs/FQA/FQA_2010_FQA2010_normal_grid_S0006_daily.csv
FQA,FQA,Fengqiu,2010,Leave_One_experiments\wth_generated_qc\FQA\FQA2010.WTH,normal_year;nitrogen_stress_year;low_response_year,normal,FQA2010_normal_grid_S0006,irrigation_positive_candidate,2010-08-27,239,83,78,"{""sim_day"": 83.0, ""doy"": 239.0, ""topwt"": 3672.6632690429688, ""grnwt"": 1399.4578552246094, ""xlai"": 0.5007931590080261, ""totir"": 30.0, ""tofer"": NaN, ""swfac"": 0.0, ""nstres"": 0.1995132565498352}",0.0,0.1995132565498352,3672.6632690429688,1399.4578552246094,0.5007931590080261,30.0,,0.0,0.0,30.0,0.0,5.57155456542969,17.57155456542969,Leave_One_experiments/all_year_offline_schedule_search/daily_outputs/FQA/FQA_2010_FQA2010_normal_grid_S0006_daily.csv
FQA,FQA,Fengqiu,2010,Leave_One_experiments\wth_generated_qc\FQA\FQA2010.WTH,normal_year;nitrogen_stress_year;low_response_year,normal,FQA2010_normal_grid_S0006,irrigation_positive_candidate,2010-08-28,240,84,79,"{""sim_day"": 84.0, ""doy"": 240.0, ""topwt"": 3763.673706054688, ""grnwt"": 1493.9105224609375, ""xlai"": 0.4870119094848633, ""totir"": 30.0, ""tofer"": NaN, ""swfac"": 0.0, ""nstres"": 0.2604545950889587}",0.0,0.2604545950889587,3763.673706054688,1493.9105224609375,0.4870119094848633,30.0,,0.0,0.0,30.0,0.0,5.57155456542969,17.57155456542969,Leave_One_experiments/all_year_offline_schedule_search/daily_outputs/FQA/FQA_2010_FQA2010_normal_grid_S0006_daily.csv
FQA,FQA,Fengqiu,2010,Leave_One_experiments\wth_generated_qc\FQA\FQA2010.WTH,normal_year;nitrogen_stress_year;low_response_year,normal,FQA2010_normal_grid_S0006,irrigation_positive_candidate,2010-08-29,241,85,80,"{""sim_day"": 85.0, ""doy"": 241.0, ""topwt"": 3826.7800903320312, ""grnwt"": 1557.0065307617188, ""xlai"": 0.4728346467018127, ""totir"": 30.0, ""tofer"": NaN, ""swfac"": 0.0, ""nstres"": 0.2986551523208618}",0.0,0.2986551523208618,3826.7800903320312,1557.0065307617188,0.4728346467018127,30.0,,0.0,0.0,30.0,0.0,5.57155456542969,17.57155456542969,Leave_One_experiments/all_year_offline_schedule_search/daily_outputs/FQA/FQA_2010_FQA2010_normal_grid_S0006_daily.csv
FQA,FQA,Fengqiu,2010,Leave_One_experiments\wth_generated_qc\FQA\FQA2010.WTH,normal_year;nitrogen_stress_year;low_response_year,normal,FQA2010_normal_grid_S0006,irrigation_positive_candidate,2010-08-30,242,86,81,"{""sim_day"": 86.0, ""doy"": 242.0, ""topwt"": 3864.3072509765625, ""grnwt"": 1594.5278930664062, ""xlai"": 0.4589888453483581, ""totir"": 30.0, ""tofer"": NaN, ""swfac"": 0.0, ""nstres"": 0.3027811646461487}",0.0,0.3027811646461487,3864.3072509765625,1594.5278930664062,0.4589888453483581,30.0,,0.0,0.0,30.0,0.0,5.57155456542969,17.57155456542969,Leave_One_experiments/all_year_offline_schedule_search/daily_outputs/FQA/FQA_2010_FQA2010_normal_grid_S0006_daily.csv
FQA,FQA,Fengqiu,2010,Leave_One_experiments\wth_generated_qc\FQA\FQA2010.WTH,normal_year;nitrogen_stress_year;low_response_year,normal,FQA2010_normal_grid_S0006,irrigation_positive_candidate,2010-08-31,243,87,82,"{""sim_day"": 87.0, ""doy"": 243.0, ""topwt"": 3933.2882690429688, ""grnwt"": 1663.4976196289062, ""xlai"": 0.4458988308906555, ""totir"": 30.0, ""tofer"": NaN, ""swfac"": 0.0, ""nstres"": 0.2844657301902771}",0.0,0.2844657301902771,3933.2882690429688,1663.4976196289062,0.4458988308906555,30.0,,0.0,0.0,30.0,0.0,5.57155456542969,17.57155456542969,Leave_One_experiments/all_year_offline_schedule_search/daily_outputs/FQA/FQA_2010_FQA2010_normal_grid_S0006_daily.csv
FQA,FQA,Fengqiu,2010,Leave_One_experiments\wth_generated_qc\FQA\FQA2010.WTH,normal_year;nitrogen_stress_year;low_response_year,normal,FQA2010_normal_grid_S0006,irrigation_positive_candidate,2010-09-01,244,88,83,"{""sim_day"": 88.0, ""doy"": 244.0, ""topwt"": 3960.662231445313, ""grnwt"": 1690.8673095703125, ""xlai"": 0.4331327080726623, ""totir"": 30.0, ""tofer"": NaN, ""swfac"": 0.0, ""nstres"": 0.2871181964874267}",0.0,0.2871181964874267,3960.662231445313,1690.8673095703125,0.4331327080726623,30.0,,0.0,0.0,30.0,0.0,5.57155456542969,17.57155456542969,Leave_One_experiments/all_year_offline_schedule_search/daily_outputs/FQA/FQA_2010_FQA2010_normal_grid_S0006_daily.csv
FQA,FQA,Fengqiu,2010,Leave_One_experiments\wth_generated_qc\FQA\FQA2010.WTH,normal_year;nitrogen_stress_year;low_response_year,normal,FQA2010_normal_grid_S0006,irrigation_positive_candidate,2010-09-02,245,89,84,"{""sim_day"": 89.0, ""doy"": 245.0, ""topwt"": 4024.5730590820312, ""grnwt"": 1754.7677612304688, ""xlai"": 0.4213155210018158, ""totir"": 30.0, ""tofer"": NaN, ""swfac"": 0.0, ""nstres"": 0.2547920942306518}",0.0,0.2547920942306518,4024.5730590820312,1754.7677612304688,0.4213155210018158,30.0,,0.0,0.0,30.0,0.0,5.57155456542969,17.57155456542969,Leave_One_experiments/all_year_offline_schedule_search/daily_outputs/FQA/FQA_2010_FQA2010_normal_grid_S0006_daily.csv
FQA,FQA,Fengqiu,2010,Leave_One_experiments\wth_generated_qc\FQA\FQA2010.WTH,normal_year;nitrogen_stress_year;low_response_year,normal,FQA2010_normal_grid_S0006,irrigation_positive_candidate,2010-09-03,246,90,85,"{""sim_day"": 90.0, ""doy"": 246.0, ""topwt"": 4088.4674072265625, ""grnwt"": 1818.6517333984373, ""xlai"": 0.4098023474216461, ""totir"": 30.0, ""tofer"": NaN, ""swfac"": 0.0, ""nstres"": 0.2558397650718689}",0.0,0.2558397650718689,4088.4674072265625,1818.6517333984373,0.4098023474216461,30.0,,0.0,0.0,30.0,0.0,5.57155456542969,17.57155456542969,Leave_One_experiments/all_year_offline_schedule_search/daily_outputs/FQA/FQA_2010_FQA2010_normal_grid_S0006_daily.csv
FQA,FQA,Fengqiu,2010,Leave_One_experiments\wth_generated_qc\FQA\FQA2010.WTH,normal_year;nitrogen_stress_year;low_response_year,normal,FQA2010_normal_grid_S0006,irrigation_positive_candidate,2010-09-04,247,91,86,"{""sim_day"": 91.0, ""doy"": 247.0, ""topwt"": 4122.125854492188, ""grnwt"": 1852.3049926757808, ""xlai"": 0.398518830537796, ""totir"": 30.0, ""tofer"": NaN, ""swfac"": 0.0, ""nstres"": 0.2608128190040588}",0.0,0.2608128190040588,4122.125854492188,1852.3049926757808,0.398518830537796,30.0,,0.0,0.0,30.0,0.0,5.57155456542969,17.57155456542969,Leave_One_experiments/all_year_offline_schedule_search/daily_outputs/FQA/FQA_2010_FQA2010_normal_grid_S0006_daily.csv
FQA,FQA,Fengqiu,2010,Leave_One_experiments\wth_generated_qc\FQA\FQA2010.WTH,normal_year;nitrogen_stress_year;low_response_year,normal,FQA2010_normal_grid_S0006,irrigation_positive_candidate,2010-09-05,248,92,87,"{""sim_day"": 92.0, ""doy"": 248.0, ""topwt"": 4128.296813964844, ""grnwt"": 1858.4748840332031, ""xlai"": 0.3879530131816864, ""totir"": 30.0, ""tofer"": NaN, ""swfac"": 0.0, ""nstres"": 0.2363060712814331}",0.0,0.2363060712814331,4128.296813964844,1858.4748840332031,0.3879530131816864,30.0,,0.0,0.0,30.0,0.0,5.57155456542969,17.57155456542969,Leave_One_experiments/all_year_offline_schedule_search/daily_outputs/FQA/FQA_2010_FQA2010_normal_grid_S0006_daily.csv
FQA,FQA,Fengqiu,2010,Leave_One_experiments\wth_generated_qc\FQA\FQA2010.WTH,normal_year;nitrogen_stress_year;low_response_year,normal,FQA2010_normal_grid_S0006,irrigation_positive_candidate,2010-09-06,249,93,88,"{""sim_day"": 93.0, ""doy"": 249.0, ""topwt"": 4135.8526611328125, ""grnwt"": 1866.0296630859373, ""xlai"": 0.3785519301891327, ""totir"": 30.0, ""tofer"": NaN, ""swfac"": 0.0, ""nstres"": 0.1938593387603759}",0.0,0.1938593387603759,4135.8526611328125,1866.0296630859373,0.3785519301891327,30.0,,0.0,0.0,30.0,0.0,5.57155456542969,17.57155456542969,Leave_One_experiments/all_year_offline_schedule_search/daily_outputs/FQA/FQA_2010_FQA2010_normal_grid_S0006_daily.csv
FQA,FQA,Fengqiu,2010,Leave_One_experiments\wth_generated_qc\FQA\FQA2010.WTH,normal_year;nitrogen_stress_year;low_response_year,normal,FQA2010_normal_grid_S0006,irrigation_positive_candidate,2010-09-07,250,94,89,"{""sim_day"": 94.0, ""doy"": 250.0, ""topwt"": 4153.293151855469, ""grnwt"": 1883.467254638672, ""xlai"": 0.3700780272483825, ""totir"": 30.0, ""tofer"": NaN, ""swfac"": 0.0, ""nstres"": 0.1790796518325805}",0.0,0.1790796518325805,4153.293151855469,1883.467254638672,0.3700780272483825,30.0,,0.0,0.0,30.0,0.0,5.57155456542969,17.57155456542969,Leave_One_experiments/all_year_offline_schedule_search/daily_outputs/FQA/FQA_2010_FQA2010_normal_grid_S0006_daily.csv
FQA,FQA,Fengqiu,2010,Leave_One_experiments\wth_generated_qc\FQA\FQA2010.WTH,normal_year;nitrogen_stress_year;low_response_year,normal,FQA2010_normal_grid_S0006,irrigation_positive_candidate,2010-09-08,251,95,90,"{""sim_day"": 95.0, ""doy"": 251.0, ""topwt"": 4189.88525390625, ""grnwt"": 1920.0537109375, ""xlai"": 0.3622729480266571, ""totir"": 30.0, ""tofer"": NaN, ""swfac"": 0.0, ""nstres"": 0.1687226295471191}",0.0,0.1687226295471191,4189.88525390625,1920.0537109375,0.3622729480266571,30.0,,0.0,0.0,30.0,0.0,5.57155456542969,17.57155456542969,Leave_One_experiments/all_year_offline_schedule_search/daily_outputs/FQA/FQA_2010_FQA2010_normal_grid_S0006_daily.csv
FQA,FQA,Fengqiu,2010,Leave_One_experiments\wth_generated_qc\FQA\FQA2010.WTH,normal_year;nitrogen_stress_year;low_response_year,normal,FQA2010_normal_grid_S0006,irrigation_positive_candidate,2010-09-09,252,96,91,"{""sim_day"": 96.0, ""doy"": 252.0, ""topwt"": 4258.559875488281, ""grnwt"": 1988.717041015625, ""xlai"": 0.3546001017093658, ""totir"": 30.0, ""tofer"": NaN, ""swfac"": 0.0, ""nstres"": 0.1694380640983581}",0.0,0.1694380640983581,4258.559875488281,1988.717041015625,0.3546001017093658,30.0,,0.0,0.0,30.0,0.0,5.57155456542969,17.57155456542969,Leave_One_experiments/all_year_offline_schedule_search/daily_outputs/FQA/FQA_2010_FQA2010_normal_grid_S0006_daily.csv
FQA,FQA,Fengqiu,2010,Leave_One_experiments\wth_generated_qc\FQA\FQA2010.WTH,normal_year;nitrogen_stress_year;low_response_year,normal,FQA2010_normal_grid_S0006,irrigation_positive_candidate,2010-09-10,253,97,92,"{""sim_day"": 97.0, ""doy"": 253.0, ""topwt"": 4327.00927734375, ""grnwt"": 2057.1554565429688, ""xlai"": 0.3464503884315491, ""totir"": 30.0, ""tofer"": NaN, ""swfac"": 0.0, ""nstres"": 0.1838622689247131}",0.0,0.1838622689247131,4327.00927734375,2057.1554565429688,0.3464503884315491,30.0,,0.0,0.0,30.0,0.0,5.57155456542969,17.57155456542969,Leave_One_experiments/all_year_offline_schedule_search/daily_outputs/FQA/FQA_2010_FQA2010_normal_grid_S0006_daily.csv
FQA,FQA,Fengqiu,2010,Leave_One_experiments\wth_generated_qc\FQA\FQA2010.WTH,normal_year;nitrogen_stress_year;low_response_year,normal,FQA2010_normal_grid_S0006,irrigation_positive_candidate,2010-09-11,254,98,93,"{""sim_day"": 98.0, ""doy"": 254.0, ""topwt"": 4327.00927734375, ""grnwt"": 2057.1554565429688, ""xlai"": 0.3464503884315491, ""totir"": 30.0, ""tofer"": NaN, ""swfac"": 0.0, ""nstres"": 0.197079062461853}",0.0,0.197079062461853,4327.00927734375,2057.1554565429688,0.3464503884315491,30.0,,0.0,0.0,30.0,0.0,5.57155456542969,17.57155456542969,Leave_One_experiments/all_year_offline_schedule_search/daily_outputs/FQA/FQA_2010_FQA2010_normal_grid_S0006_daily.csv
FQA,FQA,Fengqiu,2010,Leave_One_experiments\wth_generated_qc\FQA\FQA2010.WTH,normal_year;nitrogen_stress_year;low_response_year,normal,FQA2010_normal_grid_S0006,irrigation_positive_candidate,2010-09-12,255,99,94,"{""sim_day"": 99.0, ""doy"": 255.0, ""topwt"": 4327.00927734375, ""grnwt"": 2057.1554565429688, ""xlai"": 0.3464503884315491, ""totir"": 30.0, ""tofer"": NaN, ""swfac"": 0.0, ""nstres"": 0.197079062461853}",0.0,0.197079062461853,4327.00927734375,2057.1554565429688,0.3464503884315491,30.0,,0.0,0.0,30.0,0.0,5.57155456542969,17.57155456542969,Leave_One_experiments/all_year_offline_schedule_search/daily_outputs/FQA/FQA_2010_FQA2010_normal_grid_S0006_daily.csv
FQA,FQA,Fengqiu,2010,Leave_One_experiments\wth_generated_qc\FQA\FQA2010.WTH,normal_year;nitrogen_stress_year;low_response_year,normal,FQA2010_normal_grid_S0006,irrigation_positive_candidate,2010-09-13,256,100,95,"{""sim_day"": 100.0, ""doy"": 256.0, ""topwt"": 4327.00927734375, ""grnwt"": 2057.1554565429688, ""xlai"": 0.3464503884315491, ""totir"": 30.0, ""tofer"": NaN, ""swfac"": 0.0, ""nstres"": 0.197079062461853}",0.0,0.197079062461853,4327.00927734375,2057.1554565429688,0.3464503884315491,30.0,,0.0,0.0,30.0,0.0,5.57155456542969,17.57155456542969,Leave_One_experiments/all_year_offline_schedule_search/daily_outputs/FQA/FQA_2010_FQA2010_normal_grid_S0006_daily.csv
FQA,FQA,Fengqiu,2010,Leave_One_experiments\wth_generated_qc\FQA\FQA2010.WTH,normal_year;nitrogen_stress_year;low_response_year,normal,FQA2010_normal_grid_S0010,low_input_within_10pct_yield,2010-06-11,162,1,1,"{""sim_day"": 1.0, ""doy"": 162.0, ""topwt"": 0.0, ""grnwt"": 0.0, ""xlai"": 0.0, ""totir"": 0.0, ""tofer"": NaN, ""swfac"": 0.0, ""nstres"": 0.0}",0.0,0.0,0.0,0.0,0.0,0.0,,0.0,50.0,0.0,150.0,20.39896850585938,20.39896850585938,Leave_One_experiments/all_year_offline_schedule_search/daily_outputs/FQA/FQA_2010_FQA2010_normal_grid_S0010_daily.csv
FQA,FQA,Fengqiu,2010,Leave_One_experiments\wth_generated_qc\FQA\FQA2010.WTH,normal_year;nitrogen_stress_year;low_response_year,normal,FQA2010_normal_grid_S0010,low_input_within_10pct_yield,2010-06-12,163,2,2,"{""sim_day"": 2.0, ""doy"": 163.0, ""topwt"": 0.0, ""grnwt"": 0.0, ""xlai"": 0.0, ""totir"": 0.0, ""tofer"": NaN, ""swfac"": 0.0, ""nstres"": 0.0}",0.0,0.0,0.0,0.0,0.0,0.0,,0.0,0.0,0.0,150.0,20.39896850585938,20.39896850585938,Leave_One_experiments/all_year_offline_schedule_search/daily_outputs/FQA/FQA_2010_FQA2010_normal_grid_S0010_daily.csv
FQA,FQA,Fengqiu,2010,Leave_One_experiments\wth_generated_qc\FQA\FQA2010.WTH,normal_year;nitrogen_stress_year;low_response_year,normal,FQA2010_normal_grid_S0010,low_input_within_10pct_yield,2010-06-13,164,3,3,"{""sim_day"": 3.0, ""doy"": 164.0, ""topwt"": 0.0, ""grnwt"": 0.0, ""xlai"": 0.0, ""totir"": 0.0, ""tofer"": NaN, ""swfac"": 0.0, ""nstres"": 0.0}",0.0,0.0,0.0,0.0,0.0,0.0,,0.0,0.0,0.0,150.0,20.39896850585938,20.39896850585938,Leave_One_experiments/all_year_offline_schedule_search/daily_outputs/FQA/FQA_2010_FQA2010_normal_grid_S0010_daily.csv
FQA,FQA,Fengqiu,2010,Leave_One_experiments\wth_generated_qc\FQA\FQA2010.WTH,normal_year;nitrogen_stress_year;low_response_year,normal,FQA2010_normal_grid_S0010,low_input_within_10pct_yield,2010-06-14,165,4,4,"{""sim_day"": 4.0, ""doy"": 165.0, ""topwt"": 0.0, ""grnwt"": 0.0, ""xlai"": 0.0, ""totir"": 0.0, ""tofer"": NaN, ""swfac"": 0.0, ""nstres"": 0.0}",0.0,0.0,0.0,0.0,0.0,0.0,,0.0,0.0,0.0,150.0,20.39896850585938,20.39896850585938,Leave_One_experiments/all_year_offline_schedule_search/daily_outputs/FQA/FQA_2010_FQA2010_normal_grid_S0010_daily.csv
FQA,FQA,Fengqiu,2010,Leave_One_experiments\wth_generated_qc\FQA\FQA2010.WTH,normal_year;nitrogen_stress_year;low_response_year,normal,FQA2010_normal_grid_S0010,low_input_within_10pct_yield,2010-06-15,166,5,5,"{""sim_day"": 5.0, ""doy"": 166.0, ""topwt"": 0.0, ""grnwt"": 0.0, ""xlai"": 0.0, ""totir"": 0.0, ""tofer"": NaN, ""swfac"": 0.0, ""nstres"": 0.0}",0.0,0.0,0.0,0.0,0.0,0.0,,0.0,0.0,0.0,150.0,20.39896850585938,20.39896850585938,Leave_One_experiments/all_year_offline_schedule_search/daily_outputs/FQA/FQA_2010_FQA2010_normal_grid_S0010_daily.csv
FQA,FQA,Fengqiu,2010,Leave_One_experiments\wth_generated_qc\FQA\FQA2010.WTH,normal_year;nitrogen_stress_year;low_response_year,normal,FQA2010_normal_grid_S0010,low_input_within_10pct_yield,2010-06-11,162,6,1,"{""sim_day"": 6.0, ""doy"": 162.0, ""topwt"": 0.0, ""grnwt"": 0.0, ""xlai"": 0.0, ""totir"": 0.0, ""tofer"": NaN, ""swfac"": 0.0, ""nstres"": 0.0}",0.0,0.0,0.0,0.0,0.0,0.0,,0.0,0.0,0.0,150.0,20.39896850585938,20.39896850585938,Leave_One_experiments/all_year_offline_schedule_search/daily_outputs/FQA/FQA_2010_FQA2010_normal_grid_S0010_daily.csv
FQA,FQA,Fengqiu,2010,Leave_One_experiments\wth_generated_qc\FQA\FQA2010.WTH,normal_year;nitrogen_stress_year;low_response_year,normal,FQA2010_normal_grid_S0010,low_input_within_10pct_yield,2010-06-12,163,7,2,"{""sim_day"": 7.0, ""doy"": 163.0, ""topwt"": 0.0, ""grnwt"": 0.0, ""xlai"": 0.0, ""totir"": 0.0, ""tofer"": NaN, ""swfac"": 0.0, ""nstres"": 0.0}",0.0,0.0,0.0,0.0,0.0,0.0,,0.0,0.0,0.0,150.0,20.39896850585938,20.39896850585938,Leave_One_experiments/all_year_offline_schedule_search/daily_outputs/FQA/FQA_2010_FQA2010_normal_grid_S0010_daily.csv
FQA,FQA,Fengqiu,2010,Leave_One_experiments\wth_generated_qc\FQA\FQA2010.WTH,normal_year;nitrogen_stress_year;low_response_year,normal,FQA2010_normal_grid_S0010,low_input_within_10pct_yield,2010-06-13,164,8,3,"{""sim_day"": 8.0, ""doy"": 164.0, ""topwt"": 0.0, ""grnwt"": 0.0, ""xlai"": 0.0, ""totir"": 0.0, ""tofer"": NaN, ""swfac"": 0.0, ""nstres"": 0.0}",0.0,0.0,0.0,0.0,0.0,0.0,,0.0,0.0,0.0,150.0,20.39896850585938,20.39896850585938,Leave_One_experiments/all_year_offline_schedule_search/daily_outputs/FQA/FQA_2010_FQA2010_normal_grid_S0010_daily.csv
FQA,FQA,Fengqiu,2010,Leave_One_experiments\wth_generated_qc\FQA\FQA2010.WTH,normal_year;nitrogen_stress_year;low_response_year,normal,FQA2010_normal_grid_S0010,low_input_within_10pct_yield,2010-06-14,165,9,4,"{""sim_day"": 9.0, ""doy"": 165.0, ""topwt"": 0.0, ""grnwt"": 0.0, ""xlai"": 0.0, ""totir"": 0.0, ""tofer"": NaN, ""swfac"": 0.0, ""nstres"": 0.0}",0.0,0.0,0.0,0.0,0.0,0.0,,0.0,0.0,0.0,150.0,20.39896850585938,20.39896850585938,Leave_One_experiments/all_year_offline_schedule_search/daily_outputs/FQA/FQA_2010_FQA2010_normal_grid_S0010_daily.csv
FQA,FQA,Fengqiu,2010,Leave_One_experiments\wth_generated_qc\FQA\FQA2010.WTH,normal_year;nitrogen_stress_year;low_response_year,normal,FQA2010_normal_grid_S0010,low_input_within_10pct_yield,2010-06-15,166,10,5,"{""sim_day"": 10.0, ""doy"": 166.0, ""topwt"": 32.00000047683716, ""grnwt"": 0.0, ""xlai"": 0.0033887808676809, ""totir"": 0.0, ""tofer"": NaN, ""swfac"": 0.0, ""nstres"": 0.0121910572052001}",0.0,0.0121910572052001,32.00000047683716,0.0,0.0033887808676809,0.0,,0.0,0.0,0.0,150.0,20.39896850585938,20.39896850585938,Leave_One_experiments/all_year_offline_schedule_search/daily_outputs/FQA/FQA_2010_FQA2010_normal_grid_S0010_daily.csv
FQA,FQA,Fengqiu,2010,Leave_One_experiments\wth_generated_qc\FQA\FQA2010.WTH,normal_year;nitrogen_stress_year;low_response_year,normal,FQA2010_normal_grid_S0010,low_input_within_10pct_yield,2010-06-16,167,11,6,"{""sim_day"": 11.0, ""doy"": 167.0, ""topwt"": 32.00000047683716, ""grnwt"": 0.0, ""xlai"": 0.0065094730816781, ""totir"": 0.0, ""tofer"": NaN, ""swfac"": 0.0, ""nstres"": 0.0}",0.0,0.0,32.00000047683716,0.0,0.0065094730816781,0.0,,0.0,0.0,0.0,150.0,20.39896850585938,20.39896850585938,Leave_One_experiments/all_year_offline_schedule_search/daily_outputs/FQA/FQA_2010_FQA2010_normal_grid_S0010_daily.csv
FQA,FQA,Fengqiu,2010,Leave_One_experiments\wth_generated_qc\FQA\FQA2010.WTH,normal_year;nitrogen_stress_year;low_response_year,normal,FQA2010_normal_grid_S0010,low_input_within_10pct_yield,2010-06-17,168,12,7,"{""sim_day"": 12.0, ""doy"": 168.0, ""topwt"": 32.00000047683716, ""grnwt"": 0.0, ""xlai"": 0.0093221608549356, ""totir"": 0.0, ""tofer"": NaN, ""swfac"": 0.0, ""nstres"": 0.0}",0.0,0.0,32.00000047683716,0.0,0.0093221608549356,0.0,,0.0,0.0,0.0,150.0,20.39896850585938,20.39896850585938,Leave_One_experiments/all_year_offline_schedule_search/daily_outputs/FQA/FQA_2010_FQA2010_normal_grid_S0010_daily.csv
FQA,FQA,Fengqiu,2010,Leave_One_experiments\wth_generated_qc\FQA\FQA2010.WTH,normal_year;nitrogen_stress_year;low_response_year,normal,FQA2010_normal_grid_S0010,low_input_within_10pct_yield,2010-06-18,169,13,8,"{""sim_day"": 13.0, ""doy"": 169.0, ""topwt"": 32.00000047683716, ""grnwt"": 0.0, ""xlai"": 0.0127370366826653, ""totir"": 0.0, ""tofer"": NaN, ""swfac"": 0.0, ""nstres"": 0.0}",0.0,0.0,32.00000047683716,0.0,0.0127370366826653,0.0,,0.0,0.0,0.0,150.0,20.39896850585938,20.39896850585938,Leave_One_experiments/all_year_offline_schedule_search/daily_outputs/FQA/FQA_2010_FQA2010_normal_grid_S0010_daily.csv
FQA,FQA,Fengqiu,2010,Leave_One_experiments\wth_generated_qc\FQA\FQA2010.WTH,normal_year;nitrogen_stress_year;low_response_year,normal,FQA2010_normal_grid_S0010,low_input_within_10pct_yield,2010-06-19,170,14,9,"{""sim_day"": 14.0, ""doy"": 170.0, ""topwt"": 32.00000047683716, ""grnwt"": 0.0, ""xlai"": 0.0165773220360279, ""totir"": 0.0, ""tofer"": NaN, ""swfac"": 0.0, ""nstres"": 0.0}",0.0,0.0,32.00000047683716,0.0,0.0165773220360279,0.0,,0.0,0.0,0.0,150.0,20.39896850585938,20.39896850585938,Leave_One_experiments/all_year_offline_schedule_search/daily_outputs/FQA/FQA_2010_FQA2010_normal_grid_S0010_daily.csv
FQA,FQA,Fengqiu,2010,Leave_One_experiments\wth_generated_qc\FQA\FQA2010.WTH,normal_year;nitrogen_stress_year;low_response_year,normal,FQA2010_normal_grid_S0010,low_input_within_10pct_yield,2010-06-20,171,15,10,"{""sim_day"": 15.0, ""doy"": 171.0, ""topwt"": 32.00000047683716, ""grnwt"": 0.0, ""xlai"": 0.0209615137428045, ""totir"": 0.0, ""tofer"": NaN, ""swfac"": 0.0, ""nstres"": 0.0}",0.0,0.0,32.00000047683716,0.0,0.0209615137428045,0.0,,0.0,0.0,0.0,150.0,20.39896850585938,20.39896850585938,Leave_One_experiments/all_year_offline_schedule_search/daily_outputs/FQA/FQA_2010_FQA2010_normal_grid_S0010_daily.csv
FQA,FQA,Fengqiu,2010,Leave_One_experiments\wth_generated_qc\FQA\FQA2010.WTH,normal_year;nitrogen_stress_year;low_response_year,normal,FQA2010_normal_grid_S0010,low_input_within_10pct_yield,2010-06-21,172,16,11,"{""sim_day"": 16.0, ""doy"": 172.0, ""topwt"": 25.24570941925049, ""grnwt"": 0.0, ""xlai"": 0.0377690009772777, ""totir"": 0.0, ""tofer"": NaN, ""swfac"": 0.0, ""nstres"": 0.0}",0.0,0.0,25.24570941925049,0.0,0.0377690009772777,0.0,,0.0,0.0,0.0,150.0,20.39896850585938,20.39896850585938,Leave_One_experiments/all_year_offline_schedule_search/daily_outputs/FQA/FQA_2010_FQA2010_normal_grid_S0010_daily.csv
FQA,FQA,Fengqiu,2010,Leave_One_experiments\wth_generated_qc\FQA\FQA2010.WTH,normal_year;nitrogen_stress_year;low_response_year,normal,FQA2010_normal_grid_S0010,low_input_within_10pct_yield,2010-06-22,173,17,12,"{""sim_day"": 17.0, ""doy"": 173.0, ""topwt"": 29.983177185058597, ""grnwt"": 0.0, ""xlai"": 0.0525054074823856, ""totir"": 0.0, ""tofer"": NaN, ""swfac"": 0.0, ""nstres"": 0.0}",0.0,0.0,29.983177185058597,0.0,0.0525054074823856,0.0,,0.0,0.0,0.0,150.0,20.39896850585938,20.39896850585938,Leave_One_experiments/all_year_offline_schedule_search/daily_outputs/FQA/FQA_2010_FQA2010_normal_grid_S0010_daily.csv
FQA,FQA,Fengqiu,2010,Leave_One_experiments\wth_generated_qc\FQA\FQA2010.WTH,normal_year;nitrogen_stress_year;low_response_year,normal,FQA2010_normal_grid_S0010,low_input_within_10pct_yield,2010-06-23,174,18,13,"{""sim_day"": 18.0, ""doy"": 174.0, ""topwt"": 35.41168689727783, ""grnwt"": 0.0, ""xlai"": 0.0681610703468322, ""totir"": 0.0, ""tofer"": NaN, ""swfac"": 0.0, ""nstres"": 0.0}",0.0,0.0,35.41168689727783,0.0,0.0681610703468322,0.0,,0.0,0.0,0.0,150.0,20.39896850585938,20.39896850585938,Leave_One_experiments/all_year_offline_schedule_search/daily_outputs/FQA/FQA_2010_FQA2010_normal_grid_S0010_daily.csv
FQA,FQA,Fengqiu,2010,Leave_One_experiments\wth_generated_qc\FQA\FQA2010.WTH,normal_year;nitrogen_stress_year;low_response_year,normal,FQA2010_normal_grid_S0010,low_input_within_10pct_yield,2010-06-24,175,19,14,"{""sim_day"": 19.0, ""doy"": 175.0, ""topwt"": 42.08553791046143, ""grnwt"": 0.0, ""xlai"": 0.0862063840031623, ""totir"": 0.0, ""tofer"": NaN, ""swfac"": 0.0, ""nstres"": 0.0}",0.0,0.0,42.08553791046143,0.0,0.0862063840031623,0.0,,0.0,0.0,0.0,150.0,20.39896850585938,20.39896850585938,Leave_One_experiments/all_year_offline_schedule_search/daily_outputs/FQA/FQA_2010_FQA2010_normal_grid_S0010_daily.csv
FQA,FQA,Fengqiu,2010,Leave_One_experiments\wth_generated_qc\FQA\FQA2010.WTH,normal_year;nitrogen_stress_year;low_response_year,normal,FQA2010_normal_grid_S0010,low_input_within_10pct_yield,2010-06-25,176,20,15,"{""sim_day"": 20.0, ""doy"": 176.0, ""topwt"": 50.0956916809082, ""grnwt"": 0.0, ""xlai"": 0.1066313534975051, ""totir"": 0.0, ""tofer"": NaN, ""swfac"": 0.0, ""nstres"": 0.0}",0.0,0.0,50.0956916809082,0.0,0.1066313534975051,0.0,,0.0,0.0,0.0,150.0,20.39896850585938,20.39896850585938,Leave_One_experiments/all_year_offline_schedule_search/daily_outputs/FQA/FQA_2010_FQA2010_normal_grid_S0010_daily.csv
FQA,FQA,Fengqiu,2010,Leave_One_experiments\wth_generated_qc\FQA\FQA2010.WTH,normal_year;nitrogen_stress_year;low_response_year,normal,FQA2010_normal_grid_S0010,low_input_within_10pct_yield,2010-06-26,177,21,16,"{""sim_day"": 21.0, ""doy"": 177.0, ""topwt"": 60.29807567596436, ""grnwt"": 0.0, ""xlai"": 0.1312386840581894, ""totir"": 0.0, ""tofer"": NaN, ""swfac"": 0.0, ""nstres"": 0.0}",0.0,0.0,60.29807567596436,0.0,0.1312386840581894,0.0,,0.0,0.0,0.0,150.0,20.39896850585938,20.39896850585938,Leave_One_experiments/all_year_offline_schedule_search/daily_outputs/FQA/FQA_2010_FQA2010_normal_grid_S0010_daily.csv
FQA,FQA,Fengqiu,2010,Leave_One_experiments\wth_generated_qc\FQA\FQA2010.WTH,normal_year;nitrogen_stress_year;low_response_year,normal,FQA2010_normal_grid_S0010,low_input_within_10pct_yield,2010-06-27,178,22,17,"{""sim_day"": 22.0, ""doy"": 178.0, ""topwt"": 72.388596534729, ""grnwt"": 0.0, ""xlai"": 0.1588921993970871, ""totir"": 0.0, ""tofer"": NaN, ""swfac"": 0.0, ""nstres"": 0.0}",0.0,0.0,72.388596534729,0.0,0.1588921993970871,0.0,,0.0,0.0,0.0,150.0,20.39896850585938,20.39896850585938,Leave_One_experiments/all_year_offline_schedule_search/daily_outputs/FQA/FQA_2010_FQA2010_normal_grid_S0010_daily.csv
FQA,FQA,Fengqiu,2010,Leave_One_experiments\wth_generated_qc\FQA\FQA2010.WTH,normal_year;nitrogen_stress_year;low_response_year,normal,FQA2010_normal_grid_S0010,low_input_within_10pct_yield,2010-06-28,179,23,18,"{""sim_day"": 23.0, ""doy"": 179.0, ""topwt"": 87.05996513366699, ""grnwt"": 0.0, ""xlai"": 0.1908033043146133, ""totir"": 0.0, ""tofer"": NaN, ""swfac"": 0.0, ""nstres"": 0.0}",0.0,0.0,87.05996513366699,0.0,0.1908033043146133,0.0,,0.0,0.0,0.0,150.0,20.39896850585938,20.39896850585938,Leave_One_experiments/all_year_offline_schedule_search/daily_outputs/FQA/FQA_2010_FQA2010_normal_grid_S0010_daily.csv
FQA,FQA,Fengqiu,2010,Leave_One_experiments\wth_generated_qc\FQA\FQA2010.WTH,normal_year;nitrogen_stress_year;low_response_year,normal,FQA2010_normal_grid_S0010,low_input_within_10pct_yield,2010-06-29,180,24,19,"{""sim_day"": 24.0, ""doy"": 180.0, ""topwt"": 104.7609519958496, ""grnwt"": 0.0, ""xlai"": 0.2274803668260574, ""totir"": 0.0, ""tofer"": NaN, ""swfac"": 0.0, ""nstres"": 0.0}",0.0,0.0,104.7609519958496,0.0,0.2274803668260574,0.0,,0.0,0.0,0.0,150.0,20.39896850585938,20.39896850585938,Leave_One_experiments/all_year_offline_schedule_search/daily_outputs/FQA/FQA_2010_FQA2010_normal_grid_S0010_daily.csv
FQA,FQA,Fengqiu,2010,Leave_One_experiments\wth_generated_qc\FQA\FQA2010.WTH,normal_year;nitrogen_stress_year;low_response_year,normal,FQA2010_normal_grid_S0010,low_input_within_10pct_yield,2010-06-30,181,25,20,"{""sim_day"": 25.0, ""doy"": 181.0, ""topwt"": 121.36353492736816, ""grnwt"": 0.0, ""xlai"": 0.2591754496097564, ""totir"": 0.0, ""tofer"": NaN, ""swfac"": 0.0, ""nstres"": 0.0}",0.0,0.0,121.36353492736816,0.0,0.2591754496097564,0.0,,0.0,0.0,0.0,150.0,20.39896850585938,20.39896850585938,Leave_One_experiments/all_year_offline_schedule_search/daily_outputs/FQA/FQA_2010_FQA2010_normal_grid_S0010_daily.csv
FQA,FQA,Fengqiu,2010,Leave_One_experiments\wth_generated_qc\FQA\FQA2010.WTH,normal_year;nitrogen_stress_year;low_response_year,normal,FQA2010_normal_grid_S0010,low_input_within_10pct_yield,2010-07-01,182,26,21,"{""sim_day"": 26.0, ""doy"": 182.0, ""topwt"": 140.48537254333496, ""grnwt"": 0.0, ""xlai"": 0.296979010105133, ""totir"": 0.0, ""tofer"": NaN, ""swfac"": 0.0, ""nstres"": 0.0}",0.0,0.0,140.48537254333496,0.0,0.296979010105133,0.0,,0.0,0.0,0.0,150.0,20.39896850585938,20.39896850585938,Leave_One_experiments/all_year_offline_schedule_search/daily_outputs/FQA/FQA_2010_FQA2010_normal_grid_S0010_daily.csv
FQA,FQA,Fengqiu,2010,Leave_One_experiments\wth_generated_qc\FQA\FQA2010.WTH,normal_year;nitrogen_stress_year;low_response_year,normal,FQA2010_normal_grid_S0010,low_input_within_10pct_yield,2010-07-02,183,27,22,"{""sim_day"": 27.0, ""doy"": 183.0, ""topwt"": 163.12175750732422, ""grnwt"": 0.0, ""xlai"": 0.3399529457092285, ""totir"": 0.0, ""tofer"": NaN, ""swfac"": 0.0, ""nstres"": 0.0}",0.0,0.0,163.12175750732422,0.0,0.3399529457092285,0.0,,0.0,0.0,0.0,150.0,20.39896850585938,20.39896850585938,Leave_One_experiments/all_year_offline_schedule_search/daily_outputs/FQA/FQA_2010_FQA2010_normal_grid_S0010_daily.csv
FQA,FQA,Fengqiu,2010,Leave_One_experiments\wth_generated_qc\FQA\FQA2010.WTH,normal_year;nitrogen_stress_year;low_response_year,normal,FQA2010_normal_grid_S0010,low_input_within_10pct_yield,2010-07-03,184,28,23,"{""sim_day"": 28.0, ""doy"": 184.0, ""topwt"": 189.96957778930664, ""grnwt"": 0.0, ""xlai"": 0.3887311816215515, ""totir"": 0.0, ""tofer"": NaN, ""swfac"": 0.0, ""nstres"": 0.0}",0.0,0.0,189.96957778930664,0.0,0.3887311816215515,0.0,,0.0,0.0,0.0,150.0,20.39896850585938,20.39896850585938,Leave_One_experiments/all_year_offline_schedule_search/daily_outputs/FQA/FQA_2010_FQA2010_normal_grid_S0010_daily.csv
FQA,FQA,Fengqiu,2010,Leave_One_experiments\wth_generated_qc\FQA\FQA2010.WTH,normal_year;nitrogen_stress_year;low_response_year,normal,FQA2010_normal_grid_S0010,low_input_within_10pct_yield,2010-07-04,185,29,24,"{""sim_day"": 29.0, ""doy"": 185.0, ""topwt"": 220.3292465209961, ""grnwt"": 0.0, ""xlai"": 0.4414030015468597, ""totir"": 0.0, ""tofer"": NaN, ""swfac"": 0.0, ""nstres"": 0.0}",0.0,0.0,220.3292465209961,0.0,0.4414030015468597,0.0,,0.0,0.0,0.0,150.0,20.39896850585938,20.39896850585938,Leave_One_experiments/all_year_offline_schedule_search/daily_outputs/FQA/FQA_2010_FQA2010_normal_grid_S0010_daily.csv
FQA,FQA,Fengqiu,2010,Leave_One_experiments\wth_generated_qc\FQA\FQA2010.WTH,normal_year;nitrogen_stress_year;low_response_year,normal,FQA2010_normal_grid_S0010,low_input_within_10pct_yield,2010-07-05,186,30,25,"{""sim_day"": 30.0, ""doy"": 186.0, ""topwt"": 255.35070419311523, ""grnwt"": 0.0, ""xlai"": 0.4993011653423309, ""totir"": 0.0, ""tofer"": NaN, ""swfac"": 0.0, ""nstres"": 0.0}",0.0,0.0,255.35070419311523,0.0,0.4993011653423309,0.0,,0.0,0.0,0.0,150.0,20.39896850585938,20.39896850585938,Leave_One_experiments/all_year_offline_schedule_search/daily_outputs/FQA/FQA_2010_FQA2010_normal_grid_S0010_daily.csv
FQA,FQA,Fengqiu,2010,Leave_One_experiments\wth_generated_qc\FQA\FQA2010.WTH,normal_year;nitrogen_stress_year;low_response_year,normal,FQA2010_normal_grid_S0010,low_input_within_10pct_yield,2010-07-06,187,31,26,"{""sim_day"": 31.0, ""doy"": 187.0, ""topwt"": 294.1512489318848, ""grnwt"": 0.0, ""xlai"": 0.5603570342063904, ""totir"": 0.0, ""tofer"": NaN, ""swfac"": 0.0, ""nstres"": 0.0}",0.0,0.0,294.1512489318848,0.0,0.5603570342063904,0.0,,0.0,0.0,0.0,150.0,20.39896850585938,20.39896850585938,Leave_One_experiments/all_year_offline_schedule_search/daily_outputs/FQA/FQA_2010_FQA2010_normal_grid_S0010_daily.csv
FQA,FQA,Fengqiu,2010,Leave_One_experiments\wth_generated_qc\FQA\FQA2010.WTH,normal_year;nitrogen_stress_year;low_response_year,normal,FQA2010_normal_grid_S0010,low_input_within_10pct_yield,2010-07-07,188,32,27,"{""sim_day"": 32.0, ""doy"": 188.0, ""topwt"": 332.62962341308594, ""grnwt"": 0.0, ""xlai"": 0.6181654930114746, ""totir"": 0.0, ""tofer"": NaN, ""swfac"": 0.0, ""nstres"": 0.0}",0.0,0.0,332.62962341308594,0.0,0.6181654930114746,0.0,,0.0,0.0,0.0,150.0,20.39896850585938,20.39896850585938,Leave_One_experiments/all_year_offline_schedule_search/daily_outputs/FQA/FQA_2010_FQA2010_normal_grid_S0010_daily.csv
FQA,FQA,Fengqiu,2010,Leave_One_experiments\wth_generated_qc\FQA\FQA2010.WTH,normal_year;nitrogen_stress_year;low_response_year,normal,FQA2010_normal_grid_S0010,low_input_within_10pct_yield,2010-07-08,189,33,28,"{""sim_day"": 33.0, ""doy"": 189.0, ""topwt"": 377.90523529052734, ""grnwt"": 0.0, ""xlai"": 0.6830196380615234, ""totir"": 0.0, ""tofer"": NaN, ""swfac"": 0.0, ""nstres"": 0.0}",0.0,0.0,377.90523529052734,0.0,0.6830196380615234,0.0,,0.0,0.0,0.0,150.0,20.39896850585938,20.39896850585938,Leave_One_experiments/all_year_offline_schedule_search/daily_outputs/FQA/FQA_2010_FQA2010_normal_grid_S0010_daily.csv
FQA,FQA,Fengqiu,2010,Leave_One_experiments\wth_generated_qc\FQA\FQA2010.WTH,normal_year;nitrogen_stress_year;low_response_year,normal,FQA2010_normal_grid_S0010,low_input_within_10pct_yield,2010-07-09,190,34,29,"{""sim_day"": 34.0, ""doy"": 190.0, ""topwt"": 416.8853759765625, ""grnwt"": 0.0, ""xlai"": 0.7365944981575012, ""totir"": 0.0, ""tofer"": NaN, ""swfac"": 0.0, ""nstres"": 0.0}",0.0,0.0,416.8853759765625,0.0,0.7365944981575012,0.0,,0.0,0.0,0.0,150.0,20.39896850585938,20.39896850585938,Leave_One_experiments/all_year_offline_schedule_search/daily_outputs/FQA/FQA_2010_FQA2010_normal_grid_S0010_daily.csv
FQA,FQA,Fengqiu,2010,Leave_One_experiments\wth_generated_qc\FQA\FQA2010.WTH,normal_year;nitrogen_stress_year;low_response_year,normal,FQA2010_normal_grid_S0010,low_input_within_10pct_yield,2010-07-10,191,35,30,"{""sim_day"": 35.0, ""doy"": 191.0, ""topwt"": 466.3349533081055, ""grnwt"": 0.0, ""xlai"": 0.8016411662101746, ""totir"": 0.0, ""tofer"": NaN, ""swfac"": 0.0, ""nstres"": 0.0}",0.0,0.0,466.3349533081055,0.0,0.8016411662101746,0.0,,0.0,50.0,0.0,150.0,20.39896850585938,20.39896850585938,Leave_One_experiments/all_year_offline_schedule_search/daily_outputs/FQA/FQA_2010_FQA2010_normal_grid_S0010_daily.csv
FQA,FQA,Fengqiu,2010,Leave_One_experiments\wth_generated_qc\FQA\FQA2010.WTH,normal_year;nitrogen_stress_year;low_response_year,normal,FQA2010_normal_grid_S0010,low_input_within_10pct_yield,2010-07-11,192,36,31,"{""sim_day"": 36.0, ""doy"": 192.0, ""topwt"": 526.596794128418, ""grnwt"": 0.0, ""xlai"": 0.8770741820335388, ""totir"": 0.0, ""tofer"": NaN, ""swfac"": 0.0, ""nstres"": 0.0}",0.0,0.0,526.596794128418,0.0,0.8770741820335388,0.0,,0.0,0.0,0.0,150.0,20.39896850585938,20.39896850585938,Leave_One_experiments/all_year_offline_schedule_search/daily_outputs/FQA/FQA_2010_FQA2010_normal_grid_S0010_daily.csv
FQA,FQA,Fengqiu,2010,Leave_One_experiments\wth_generated_qc\FQA\FQA2010.WTH,normal_year;nitrogen_stress_year;low_response_year,normal,FQA2010_normal_grid_S0010,low_input_within_10pct_yield,2010-07-12,193,37,32,"{""sim_day"": 37.0, ""doy"": 193.0, ""topwt"": 593.1727600097656, ""grnwt"": 0.0, ""xlai"": 0.9562529921531676, ""totir"": 0.0, ""tofer"": NaN, ""swfac"": 0.0, ""nstres"": 0.0}",0.0,0.0,593.1727600097656,0.0,0.9562529921531676,0.0,,0.0,0.0,0.0,150.0,20.39896850585938,20.39896850585938,Leave_One_experiments/all_year_offline_schedule_search/daily_outputs/FQA/FQA_2010_FQA2010_normal_grid_S0010_daily.csv
FQA,FQA,Fengqiu,2010,Leave_One_experiments\wth_generated_qc\FQA\FQA2010.WTH,normal_year;nitrogen_stress_year;low_response_year,normal,FQA2010_normal_grid_S0010,low_input_within_10pct_yield,2010-07-13,194,38,33,"{""sim_day"": 38.0, ""doy"": 194.0, ""topwt"": 661.9167327880859, ""grnwt"": 0.0, ""xlai"": 1.0301485061645508, ""totir"": 0.0, ""tofer"": NaN, ""swfac"": 0.0, ""nstres"": 0.0292662382125854}",0.0,0.0292662382125854,661.9167327880859,0.0,1.0301485061645508,0.0,,0.0,0.0,0.0,150.0,20.39896850585938,20.39896850585938,Leave_One_experiments/all_year_offline_schedule_search/daily_outputs/FQA/FQA_2010_FQA2010_normal_grid_S0010_daily.csv
FQA,FQA,Fengqiu,2010,Leave_One_experiments\wth_generated_qc\FQA\FQA2010.WTH,normal_year;nitrogen_stress_year;low_response_year,normal,FQA2010_normal_grid_S0010,low_input_within_10pct_yield,2010-07-14,195,39,34,"{""sim_day"": 39.0, ""doy"": 195.0, ""topwt"": 721.4247894287109, ""grnwt"": 0.0, ""xlai"": 1.0848206281661987, ""totir"": 0.0, ""tofer"": NaN, ""swfac"": 0.0, ""nstres"": 0.0699784159660339}",0.0,0.0699784159660339,721.4247894287109,0.0,1.0848206281661987,0.0,,0.0,0.0,0.0,150.0,20.39896850585938,20.39896850585938,Leave_One_experiments/all_year_offline_schedule_search/daily_outputs/FQA/FQA_2010_FQA2010_normal_grid_S0010_daily.csv
FQA,FQA,Fengqiu,2010,Leave_One_experiments\wth_generated_qc\FQA\FQA2010.WTH,normal_year;nitrogen_stress_year;low_response_year,normal,FQA2010_normal_grid_S0010,low_input_within_10pct_yield,2010-07-15,196,40,35,"{""sim_day"": 40.0, ""doy"": 196.0, ""topwt"": 779.6859741210938, ""grnwt"": 0.0, ""xlai"": 1.130494236946106, ""totir"": 0.0, ""tofer"": NaN, ""swfac"": 0.0, ""nstres"": 0.1018037796020507}",0.0,0.1018037796020507,779.6859741210938,0.0,1.130494236946106,0.0,,0.0,0.0,0.0,150.0,20.39896850585938,20.39896850585938,Leave_One_experiments/all_year_offline_schedule_search/daily_outputs/FQA/FQA_2010_FQA2010_normal_grid_S0010_daily.csv
FQA,FQA,Fengqiu,2010,Leave_One_experiments\wth_generated_qc\FQA\FQA2010.WTH,normal_year;nitrogen_stress_year;low_response_year,normal,FQA2010_normal_grid_S0010,low_input_within_10pct_yield,2010-07-16,197,41,36,"{""sim_day"": 41.0, ""doy"": 197.0, ""topwt"": 815.5476379394531, ""grnwt"": 0.0, ""xlai"": 1.1482701301574707, ""totir"": 0.0, ""tofer"": NaN, ""swfac"": 0.0, ""nstres"": 0.1230185627937316}",0.0,0.1230185627937316,815.5476379394531,0.0,1.1482701301574707,0.0,,0.0,0.0,0.0,150.0,20.39896850585938,20.39896850585938,Leave_One_experiments/all_year_offline_schedule_search/daily_outputs/FQA/FQA_2010_FQA2010_normal_grid_S0010_daily.csv
FQA,FQA,Fengqiu,2010,Leave_One_experiments\wth_generated_qc\FQA\FQA2010.WTH,normal_year;nitrogen_stress_year;low_response_year,normal,FQA2010_normal_grid_S0010,low_input_within_10pct_yield,2010-07-17,198,42,37,"{""sim_day"": 42.0, ""doy"": 198.0, ""topwt"": 903.3951568603516, ""grnwt"": 0.0, ""xlai"": 1.232306718826294, ""totir"": 0.0, ""tofer"": NaN, ""swfac"": 0.0, ""nstres"": 0.0}",0.0,0.0,903.3951568603516,0.0,1.232306718826294,0.0,,0.0,0.0,0.0,150.0,20.39896850585938,20.39896850585938,Leave_One_experiments/all_year_offline_schedule_search/daily_outputs/FQA/FQA_2010_FQA2010_normal_grid_S0010_daily.csv
FQA,FQA,Fengqiu,2010,Leave_One_experiments\wth_generated_qc\FQA\FQA2010.WTH,normal_year;nitrogen_stress_year;low_response_year,normal,FQA2010_normal_grid_S0010,low_input_within_10pct_yield,2010-07-18,199,43,38,"{""sim_day"": 43.0, ""doy"": 199.0, ""topwt"": 967.3378753662108, ""grnwt"": 0.0, ""xlai"": 1.2910125255584717, ""totir"": 0.0, ""tofer"": NaN, ""swfac"": 0.0, ""nstres"": 0.0}",0.0,0.0,967.3378753662108,0.0,1.2910125255584717,0.0,,0.0,0.0,0.0,150.0,20.39896850585938,20.39896850585938,Leave_One_experiments/all_year_offline_schedule_search/daily_outputs/FQA/FQA_2010_FQA2010_normal_grid_S0010_daily.csv
FQA,FQA,Fengqiu,2010,Leave_One_experiments\wth_generated_qc\FQA\FQA2010.WTH,normal_year;nitrogen_stress_year;low_response_year,normal,FQA2010_normal_grid_S0010,low_input_within_10pct_yield,2010-07-19,200,44,39,"{""sim_day"": 44.0, ""doy"": 200.0, ""topwt"": 1062.5086212158203, ""grnwt"": 0.0, ""xlai"": 1.3749200105667114, ""totir"": 0.0, ""tofer"": NaN, ""swfac"": 0.0, ""nstres"": 0.0}",0.0,0.0,1062.5086212158203,0.0,1.3749200105667114,0.0,,0.0,0.0,0.0,150.0,20.39896850585938,20.39896850585938,Leave_One_experiments/all_year_offline_schedule_search/daily_outputs/FQA/FQA_2010_FQA2010_normal_grid_S0010_daily.csv
FQA,FQA,Fengqiu,2010,Leave_One_experiments\wth_generated_qc\FQA\FQA2010.WTH,normal_year;nitrogen_stress_year;low_response_year,normal,FQA2010_normal_grid_S0010,low_input_within_10pct_yield,2010-07-20,201,45,40,"{""sim_day"": 45.0, ""doy"": 201.0, ""topwt"": 1326.5701293945312, ""grnwt"": 0.0, ""xlai"": 1.4752283096313477, ""totir"": 0.0, ""tofer"": NaN, ""swfac"": 0.0, ""nstres"": 0.0}",0.0,0.0,1326.5701293945312,0.0,1.4752283096313477,0.0,,0.0,0.0,0.0,150.0,20.39896850585938,20.39896850585938,Leave_One_experiments/all_year_offline_schedule_search/daily_outputs/FQA/FQA_2010_FQA2010_normal_grid_S0010_daily.csv
FQA,FQA,Fengqiu,2010,Leave_One_experiments\wth_generated_qc\FQA\FQA2010.WTH,normal_year;nitrogen_stress_year;low_response_year,normal,FQA2010_normal_grid_S0010,low_input_within_10pct_yield,2010-07-21,202,46,41,"{""sim_day"": 46.0, ""doy"": 202.0, ""topwt"": 1600.5958557128906, ""grnwt"": 0.0, ""xlai"": 1.5726081132888794, ""totir"": 0.0, ""tofer"": NaN, ""swfac"": 0.0, ""nstres"": 0.0}",0.0,0.0,1600.5958557128906,0.0,1.5726081132888794,0.0,,0.0,0.0,0.0,150.0,20.39896850585938,20.39896850585938,Leave_One_experiments/all_year_offline_schedule_search/daily_outputs/FQA/FQA_2010_FQA2010_normal_grid_S0010_daily.csv
FQA,FQA,Fengqiu,2010,Leave_One_experiments\wth_generated_qc\FQA\FQA2010.WTH,normal_year;nitrogen_stress_year;low_response_year,normal,FQA2010_normal_grid_S0010,low_input_within_10pct_yield,2010-07-22,203,47,42,"{""sim_day"": 47.0, ""doy"": 203.0, ""topwt"": 1789.212646484375, ""grnwt"": 0.0, ""xlai"": 1.636044979095459, ""totir"": 0.0, ""tofer"": NaN, ""swfac"": 0.0, ""nstres"": 0.0}",0.0,0.0,1789.212646484375,0.0,1.636044979095459,0.0,,0.0,0.0,0.0,150.0,20.39896850585938,20.39896850585938,Leave_One_experiments/all_year_offline_schedule_search/daily_outputs/FQA/FQA_2010_FQA2010_normal_grid_S0010_daily.csv
FQA,FQA,Fengqiu,2010,Leave_One_experiments\wth_generated_qc\FQA\FQA2010.WTH,normal_year;nitrogen_stress_year;low_response_year,normal,FQA2010_normal_grid_S0010,low_input_within_10pct_yield,2010-07-23,204,48,43,"{""sim_day"": 48.0, ""doy"": 204.0, ""topwt"": 1992.296295166016, ""grnwt"": 0.0, ""xlai"": 1.7010055780410769, ""totir"": 0.0, ""tofer"": NaN, ""swfac"": 0.0, ""nstres"": 0.0}",0.0,0.0,1992.296295166016,0.0,1.7010055780410769,0.0,,0.0,0.0,0.0,150.0,20.39896850585938,20.39896850585938,Leave_One_experiments/all_year_offline_schedule_search/daily_outputs/FQA/FQA_2010_FQA2010_normal_grid_S0010_daily.csv
FQA,FQA,Fengqiu,2010,Leave_One_experiments\wth_generated_qc\FQA\FQA2010.WTH,normal_year;nitrogen_stress_year;low_response_year,normal,FQA2010_normal_grid_S0010,low_input_within_10pct_yield,2010-07-24,205,49,44,"{""sim_day"": 49.0, ""doy"": 205.0, ""topwt"": 2189.171142578125, ""grnwt"": 0.0, ""xlai"": 1.7610712051391602, ""totir"": 0.0, ""tofer"": NaN, ""swfac"": 0.0, ""nstres"": 0.0}",0.0,0.0,2189.171142578125,0.0,1.7610712051391602,0.0,,0.0,0.0,0.0,150.0,20.39896850585938,20.39896850585938,Leave_One_experiments/all_year_offline_schedule_search/daily_outputs/FQA/FQA_2010_FQA2010_normal_grid_S0010_daily.csv
FQA,FQA,Fengqiu,2010,Leave_One_experiments\wth_generated_qc\FQA\FQA2010.WTH,normal_year;nitrogen_stress_year;low_response_year,normal,FQA2010_normal_grid_S0010,low_input_within_10pct_yield,2010-07-25,206,50,45,"{""sim_day"": 50.0, ""doy"": 206.0, ""topwt"": 2461.084289550781, ""grnwt"": 0.0, ""xlai"": 1.8405523300170896, ""totir"": 0.0, ""tofer"": NaN, ""swfac"": 0.0, ""nstres"": 0.0}",0.0,0.0,2461.084289550781,0.0,1.8405523300170896,0.0,,0.0,0.0,0.0,150.0,20.39896850585938,20.39896850585938,Leave_One_experiments/all_year_offline_schedule_search/daily_outputs/FQA/FQA_2010_FQA2010_normal_grid_S0010_daily.csv
FQA,FQA,Fengqiu,2010,Leave_One_experiments\wth_generated_qc\FQA\FQA2010.WTH,normal_year;nitrogen_stress_year;low_response_year,normal,FQA2010_normal_grid_S0010,low_input_within_10pct_yield,2010-07-26,207,51,46,"{""sim_day"": 51.0, ""doy"": 207.0, ""topwt"": 2733.6788940429688, ""grnwt"": 0.0, ""xlai"": 1.9171189069747925, ""totir"": 0.0, ""tofer"": NaN, ""swfac"": 0.0, ""nstres"": 0.0}",0.0,0.0,2733.6788940429688,0.0,1.9171189069747925,0.0,,0.0,0.0,0.0,150.0,20.39896850585938,20.39896850585938,Leave_One_experiments/all_year_offline_schedule_search/daily_outputs/FQA/FQA_2010_FQA2010_normal_grid_S0010_daily.csv
FQA,FQA,Fengqiu,2010,Leave_One_experiments\wth_generated_qc\FQA\FQA2010.WTH,normal_year;nitrogen_stress_year;low_response_year,normal,FQA2010_normal_grid_S0010,low_input_within_10pct_yield,2010-07-27,208,52,47,"{""sim_day"": 52.0, ""doy"": 208.0, ""topwt"": 3006.18408203125, ""grnwt"": 0.0, ""xlai"": 1.9908900260925293, ""totir"": 0.0, ""tofer"": NaN, ""swfac"": 0.0, ""nstres"": 0.0}",0.0,0.0,3006.18408203125,0.0,1.9908900260925293,0.0,,0.0,0.0,0.0,150.0,20.39896850585938,20.39896850585938,Leave_One_experiments/all_year_offline_schedule_search/daily_outputs/FQA/FQA_2010_FQA2010_normal_grid_S0010_daily.csv
FQA,FQA,Fengqiu,2010,Leave_One_experiments\wth_generated_qc\FQA\FQA2010.WTH,normal_year;nitrogen_stress_year;low_response_year,normal,FQA2010_normal_grid_S0010,low_input_within_10pct_yield,2010-07-28,209,53,48,"{""sim_day"": 53.0, ""doy"": 209.0, ""topwt"": 3291.034240722656, ""grnwt"": 0.0, ""xlai"": 2.0652976036071777, ""totir"": 0.0, ""tofer"": NaN, ""swfac"": 0.0, ""nstres"": 0.0}",0.0,0.0,3291.034240722656,0.0,2.0652976036071777,0.0,,0.0,0.0,0.0,150.0,20.39896850585938,20.39896850585938,Leave_One_experiments/all_year_offline_schedule_search/daily_outputs/FQA/FQA_2010_FQA2010_normal_grid_S0010_daily.csv
FQA,FQA,Fengqiu,2010,Leave_One_experiments\wth_generated_qc\FQA\FQA2010.WTH,normal_year;nitrogen_stress_year;low_response_year,normal,FQA2010_normal_grid_S0010,low_input_within_10pct_yield,2010-07-29,210,54,49,"{""sim_day"": 54.0, ""doy"": 210.0, ""topwt"": 3557.192687988281, ""grnwt"": 0.0, ""xlai"": 2.134688138961792, ""totir"": 0.0, ""tofer"": NaN, ""swfac"": 0.0, ""nstres"": 0.0}",0.0,0.0,3557.192687988281,0.0,2.134688138961792,0.0,,0.0,0.0,0.0,150.0,20.39896850585938,20.39896850585938,Leave_One_experiments/all_year_offline_schedule_search/daily_outputs/FQA/FQA_2010_FQA2010_normal_grid_S0010_daily.csv
FQA,FQA,Fengqiu,2010,Leave_One_experiments\wth_generated_qc\FQA\FQA2010.WTH,normal_year;nitrogen_stress_year;low_response_year,normal,FQA2010_normal_grid_S0010,low_input_within_10pct_yield,2010-07-30,211,55,50,"{""sim_day"": 55.0, ""doy"": 211.0, ""topwt"": 3856.8539428710938, ""grnwt"": 0.0, ""xlai"": 2.212681531906128, ""totir"": 0.0, ""tofer"": NaN, ""swfac"": 0.0, ""nstres"": 0.0}",0.0,0.0,3856.8539428710938,0.0,2.212681531906128,0.0,,0.0,0.0,0.0,150.0,20.39896850585938,20.39896850585938,Leave_One_experiments/all_year_offline_schedule_search/daily_outputs/FQA/FQA_2010_FQA2010_normal_grid_S0010_daily.csv
FQA,FQA,Fengqiu,2010,Leave_One_experiments\wth_generated_qc\FQA\FQA2010.WTH,normal_year;nitrogen_stress_year;low_response_year,normal,FQA2010_normal_grid_S0010,low_input_within_10pct_yield,2010-07-31,212,56,51,"{""sim_day"": 56.0, ""doy"": 212.0, ""topwt"": 4014.669494628906, ""grnwt"": 0.0, ""xlai"": 2.253596544265747, ""totir"": 0.0, ""tofer"": NaN, ""swfac"": 0.0, ""nstres"": 0.0}",0.0,0.0,4014.669494628906,0.0,2.253596544265747,0.0,,0.0,0.0,0.0,150.0,20.39896850585938,20.39896850585938,Leave_One_experiments/all_year_offline_schedule_search/daily_outputs/FQA/FQA_2010_FQA2010_normal_grid_S0010_daily.csv
FQA,FQA,Fengqiu,2010,Leave_One_experiments\wth_generated_qc\FQA\FQA2010.WTH,normal_year;nitrogen_stress_year;low_response_year,normal,FQA2010_normal_grid_S0010,low_input_within_10pct_yield,2010-08-01,213,57,52,"{""sim_day"": 57.0, ""doy"": 213.0, ""topwt"": 4239.904479980469, ""grnwt"": 0.0, ""xlai"": 2.3120243549346924, ""totir"": 0.0, ""tofer"": NaN, ""swfac"": 0.0, ""nstres"": 0.0}",0.0,0.0,4239.904479980469,0.0,2.3120243549346924,0.0,,0.0,0.0,0.0,150.0,20.39896850585938,20.39896850585938,Leave_One_experiments/all_year_offline_schedule_search/daily_outputs/FQA/FQA_2010_FQA2010_normal_grid_S0010_daily.csv
FQA,FQA,Fengqiu,2010,Leave_One_experiments\wth_generated_qc\FQA\FQA2010.WTH,normal_year;nitrogen_stress_year;low_response_year,normal,FQA2010_normal_grid_S0010,low_input_within_10pct_yield,2010-08-02,214,58,53,"{""sim_day"": 58.0, ""doy"": 214.0, ""topwt"": 4501.944580078125, ""grnwt"": 0.0, ""xlai"": 2.379927396774292, ""totir"": 0.0, ""tofer"": NaN, ""swfac"": 0.0, ""nstres"": 0.0}",0.0,0.0,4501.944580078125,0.0,2.379927396774292,0.0,,0.0,0.0,0.0,150.0,20.39896850585938,20.39896850585938,Leave_One_experiments/all_year_offline_schedule_search/daily_outputs/FQA/FQA_2010_FQA2010_normal_grid_S0010_daily.csv
FQA,FQA,Fengqiu,2010,Leave_One_experiments\wth_generated_qc\FQA\FQA2010.WTH,normal_year;nitrogen_stress_year;low_response_year,normal,FQA2010_normal_grid_S0010,low_input_within_10pct_yield,2010-08-03,215,59,54,"{""sim_day"": 59.0, ""doy"": 215.0, ""topwt"": 4774.004211425781, ""grnwt"": 0.0, ""xlai"": 2.450319290161133, ""totir"": 0.0, ""tofer"": NaN, ""swfac"": 0.0, ""nstres"": 0.0}",0.0,0.0,4774.004211425781,0.0,2.450319290161133,0.0,,0.0,0.0,0.0,150.0,20.39896850585938,20.39896850585938,Leave_One_experiments/all_year_offline_schedule_search/daily_outputs/FQA/FQA_2010_FQA2010_normal_grid_S0010_daily.csv
FQA,FQA,Fengqiu,2010,Leave_One_experiments\wth_generated_qc\FQA\FQA2010.WTH,normal_year;nitrogen_stress_year;low_response_year,normal,FQA2010_normal_grid_S0010,low_input_within_10pct_yield,2010-08-04,216,60,55,"{""sim_day"": 60.0, ""doy"": 216.0, ""topwt"": 5041.705932617188, ""grnwt"": 0.0, ""xlai"": 2.519469976425171, ""totir"": 0.0, ""tofer"": NaN, ""swfac"": 0.0, ""nstres"": 0.0}",0.0,0.0,5041.705932617188,0.0,2.519469976425171,0.0,,0.0,0.0,0.0,150.0,20.39896850585938,20.39896850585938,Leave_One_experiments/all_year_offline_schedule_search/daily_outputs/FQA/FQA_2010_FQA2010_normal_grid_S0010_daily.csv
FQA,FQA,Fengqiu,2010,Leave_One_experiments\wth_generated_qc\FQA\FQA2010.WTH,normal_year;nitrogen_stress_year;low_response_year,normal,FQA2010_normal_grid_S0010,low_input_within_10pct_yield,2010-08-05,217,61,56,"{""sim_day"": 61.0, ""doy"": 217.0, ""topwt"": 5289.5587158203125, ""grnwt"": 0.0, ""xlai"": 2.5833816528320312, ""totir"": 0.0, ""tofer"": NaN, ""swfac"": 0.0, ""nstres"": 0.0}",0.0,0.0,5289.5587158203125,0.0,2.5833816528320312,0.0,,0.0,0.0,0.0,150.0,20.39896850585938,20.39896850585938,Leave_One_experiments/all_year_offline_schedule_search/daily_outputs/FQA/FQA_2010_FQA2010_normal_grid_S0010_daily.csv
FQA,FQA,Fengqiu,2010,Leave_One_experiments\wth_generated_qc\FQA\FQA2010.WTH,normal_year;nitrogen_stress_year;low_response_year,normal,FQA2010_normal_grid_S0010,low_input_within_10pct_yield,2010-08-06,218,62,57,"{""sim_day"": 62.0, ""doy"": 218.0, ""topwt"": 5463.961791992188, ""grnwt"": 0.0, ""xlai"": 2.4946322441101074, ""totir"": 0.0, ""tofer"": NaN, ""swfac"": 0.0, ""nstres"": 0.0}",0.0,0.0,5463.961791992188,0.0,2.4946322441101074,0.0,,0.0,0.0,0.0,150.0,20.39896850585938,20.39896850585938,Leave_One_experiments/all_year_offline_schedule_search/daily_outputs/FQA/FQA_2010_FQA2010_normal_grid_S0010_daily.csv
FQA,FQA,Fengqiu,2010,Leave_One_experiments\wth_generated_qc\FQA\FQA2010.WTH,normal_year;nitrogen_stress_year;low_response_year,normal,FQA2010_normal_grid_S0010,low_input_within_10pct_yield,2010-08-07,219,63,58,"{""sim_day"": 63.0, ""doy"": 219.0, ""topwt"": 5727.97607421875, ""grnwt"": 0.0, ""xlai"": 2.4806957244873047, ""totir"": 0.0, ""tofer"": NaN, ""swfac"": 0.0, ""nstres"": 0.0}",0.0,0.0,5727.97607421875,0.0,2.4806957244873047,0.0,,0.0,0.0,0.0,150.0,20.39896850585938,20.39896850585938,Leave_One_experiments/all_year_offline_schedule_search/daily_outputs/FQA/FQA_2010_FQA2010_normal_grid_S0010_daily.csv
FQA,FQA,Fengqiu,2010,Leave_One_experiments\wth_generated_qc\FQA\FQA2010.WTH,normal_year;nitrogen_stress_year;low_response_year,normal,FQA2010_normal_grid_S0010,low_input_within_10pct_yield,2010-08-08,220,64,59,"{""sim_day"": 64.0, ""doy"": 220.0, ""topwt"": 5968.185424804688, ""grnwt"": 0.0, ""xlai"": 2.466294288635254, ""totir"": 0.0, ""tofer"": NaN, ""swfac"": 0.0, ""nstres"": 0.0}",0.0,0.0,5968.185424804688,0.0,2.466294288635254,0.0,,0.0,0.0,0.0,150.0,20.39896850585938,20.39896850585938,Leave_One_experiments/all_year_offline_schedule_search/daily_outputs/FQA/FQA_2010_FQA2010_normal_grid_S0010_daily.csv
FQA,FQA,Fengqiu,2010,Leave_One_experiments\wth_generated_qc\FQA\FQA2010.WTH,normal_year;nitrogen_stress_year;low_response_year,normal,FQA2010_normal_grid_S0010,low_input_within_10pct_yield,2010-08-09,221,65,60,"{""sim_day"": 65.0, ""doy"": 221.0, ""topwt"": 6136.930541992188, ""grnwt"": 0.0, ""xlai"": 2.452618360519409, ""totir"": 0.0, ""tofer"": NaN, ""swfac"": 0.0, ""nstres"": 0.0}",0.0,0.0,6136.930541992188,0.0,2.452618360519409,0.0,,0.0,50.0,0.0,150.0,20.39896850585938,20.39896850585938,Leave_One_experiments/all_year_offline_schedule_search/daily_outputs/FQA/FQA_2010_FQA2010_normal_grid_S0010_daily.csv
FQA,FQA,Fengqiu,2010,Leave_One_experiments\wth_generated_qc\FQA\FQA2010.WTH,normal_year;nitrogen_stress_year;low_response_year,normal,FQA2010_normal_grid_S0010,low_input_within_10pct_yield,2010-08-10,222,66,61,"{""sim_day"": 66.0, ""doy"": 222.0, ""topwt"": 6285.4010009765625, ""grnwt"": 0.0, ""xlai"": 2.4385952949523926, ""totir"": 0.0, ""tofer"": NaN, ""swfac"": 0.0, ""nstres"": 0.0}",0.0,0.0,6285.4010009765625,0.0,2.4385952949523926,0.0,,0.0,0.0,0.0,150.0,20.39896850585938,20.39896850585938,Leave_One_experiments/all_year_offline_schedule_search/daily_outputs/FQA/FQA_2010_FQA2010_normal_grid_S0010_daily.csv
FQA,FQA,Fengqiu,2010,Leave_One_experiments\wth_generated_qc\FQA\FQA2010.WTH,normal_year;nitrogen_stress_year;low_response_year,normal,FQA2010_normal_grid_S0010,low_input_within_10pct_yield,2010-08-11,223,67,62,"{""sim_day"": 67.0, ""doy"": 223.0, ""topwt"": 6352.05322265625, ""grnwt"": 0.0, ""xlai"": 2.4265007972717285, ""totir"": 0.0, ""tofer"": NaN, ""swfac"": 0.0, ""nstres"": 0.0}",0.0,0.0,6352.05322265625,0.0,2.4265007972717285,0.0,,0.0,0.0,0.0,150.0,20.39896850585938,20.39896850585938,Leave_One_experiments/all_year_offline_schedule_search/daily_outputs/FQA/FQA_2010_FQA2010_normal_grid_S0010_daily.csv
FQA,FQA,Fengqiu,2010,Leave_One_experiments\wth_generated_qc\FQA\FQA2010.WTH,normal_year;nitrogen_stress_year;low_response_year,normal,FQA2010_normal_grid_S0010,low_input_within_10pct_yield,2010-08-12,224,68,63,"{""sim_day"": 68.0, ""doy"": 224.0, ""topwt"": 6525.3955078125, ""grnwt"": 0.0, ""xlai"": 2.4118869304656982, ""totir"": 0.0, ""tofer"": NaN, ""swfac"": 0.0, ""nstres"": 0.0}",0.0,0.0,6525.3955078125,0.0,2.4118869304656982,0.0,,0.0,0.0,0.0,150.0,20.39896850585938,20.39896850585938,Leave_One_experiments/all_year_offline_schedule_search/daily_outputs/FQA/FQA_2010_FQA2010_normal_grid_S0010_daily.csv
FQA,FQA,Fengqiu,2010,Leave_One_experiments\wth_generated_qc\FQA\FQA2010.WTH,normal_year;nitrogen_stress_year;low_response_year,normal,FQA2010_normal_grid_S0010,low_input_within_10pct_yield,2010-08-13,225,69,64,"{""sim_day"": 69.0, ""doy"": 225.0, ""topwt"": 6639.342041015625, ""grnwt"": 0.0, ""xlai"": 2.3998587131500244, ""totir"": 0.0, ""tofer"": NaN, ""swfac"": 0.0, ""nstres"": 0.0}",0.0,0.0,6639.342041015625,0.0,2.3998587131500244,0.0,,0.0,0.0,0.0,150.0,20.39896850585938,20.39896850585938,Leave_One_experiments/all_year_offline_schedule_search/daily_outputs/FQA/FQA_2010_FQA2010_normal_grid_S0010_daily.csv
FQA,FQA,Fengqiu,2010,Leave_One_experiments\wth_generated_qc\FQA\FQA2010.WTH,normal_year;nitrogen_stress_year;low_response_year,normal,FQA2010_normal_grid_S0010,low_input_within_10pct_yield,2010-08-14,226,70,65,"{""sim_day"": 70.0, ""doy"": 226.0, ""topwt"": 6783.419799804688, ""grnwt"": 353.7198638916016, ""xlai"": 2.3415355682373047, ""totir"": 0.0, ""tofer"": NaN, ""swfac"": 0.0, ""nstres"": 0.0}",0.0,0.0,6783.419799804688,353.7198638916016,2.3415355682373047,0.0,,0.0,0.0,0.0,150.0,20.39896850585938,20.39896850585938,Leave_One_experiments/all_year_offline_schedule_search/daily_outputs/FQA/FQA_2010_FQA2010_normal_grid_S0010_daily.csv
FQA,FQA,Fengqiu,2010,Leave_One_experiments\wth_generated_qc\FQA\FQA2010.WTH,normal_year;nitrogen_stress_year;low_response_year,normal,FQA2010_normal_grid_S0010,low_input_within_10pct_yield,2010-08-15,227,71,66,"{""sim_day"": 71.0, ""doy"": 227.0, ""topwt"": 7165.7696533203125, ""grnwt"": 707.4397277832031, ""xlai"": 2.3309996128082275, ""totir"": 0.0, ""tofer"": NaN, ""swfac"": 0.0, ""nstres"": 0.0}",0.0,0.0,7165.7696533203125,707.4397277832031,2.3309996128082275,0.0,,0.0,0.0,0.0,150.0,20.39896850585938,20.39896850585938,Leave_One_experiments/all_year_offline_schedule_search/daily_outputs/FQA/FQA_2010_FQA2010_normal_grid_S0010_daily.csv
FQA,FQA,Fengqiu,2010,Leave_One_experiments\wth_generated_qc\FQA\FQA2010.WTH,normal_year;nitrogen_stress_year;low_response_year,normal,FQA2010_normal_grid_S0010,low_input_within_10pct_yield,2010-08-16,228,72,67,"{""sim_day"": 72.0, ""doy"": 228.0, ""topwt"": 7532.484130859375, ""grnwt"": 1061.1595916748047, ""xlai"": 2.318361282348633, ""totir"": 0.0, ""tofer"": NaN, ""swfac"": 0.0, ""nstres"": 0.0}",0.0,0.0,7532.484130859375,1061.1595916748047,2.318361282348633,0.0,,0.0,0.0,0.0,150.0,20.39896850585938,20.39896850585938,Leave_One_experiments/all_year_offline_schedule_search/daily_outputs/FQA/FQA_2010_FQA2010_normal_grid_S0010_daily.csv
FQA,FQA,Fengqiu,2010,Leave_One_experiments\wth_generated_qc\FQA\FQA2010.WTH,normal_year;nitrogen_stress_year;low_response_year,normal,FQA2010_normal_grid_S0010,low_input_within_10pct_yield,2010-08-17,229,73,68,"{""sim_day"": 73.0, ""doy"": 229.0, ""topwt"": 7833.543090820312, ""grnwt"": 1410.4580688476562, ""xlai"": 2.302257776260376, ""totir"": 0.0, ""tofer"": NaN, ""swfac"": 0.0, ""nstres"": 0.0}",0.0,0.0,7833.543090820312,1410.4580688476562,2.302257776260376,0.0,,0.0,0.0,0.0,150.0,20.39896850585938,20.39896850585938,Leave_One_experiments/all_year_offline_schedule_search/daily_outputs/FQA/FQA_2010_FQA2010_normal_grid_S0010_daily.csv
FQA,FQA,Fengqiu,2010,Leave_One_experiments\wth_generated_qc\FQA\FQA2010.WTH,normal_year;nitrogen_stress_year;low_response_year,normal,FQA2010_normal_grid_S0010,low_input_within_10pct_yield,2010-08-18,230,74,69,"{""sim_day"": 74.0, ""doy"": 230.0, ""topwt"": 8030.859985351562, ""grnwt"": 1719.962921142578, ""xlai"": 2.2822811603546143, ""totir"": 0.0, ""tofer"": NaN, ""swfac"": 0.0, ""nstres"": 0.0}",0.0,0.0,8030.859985351562,1719.962921142578,2.2822811603546143,0.0,,0.0,0.0,0.0,150.0,20.39896850585938,20.39896850585938,Leave_One_experiments/all_year_offline_schedule_search/daily_outputs/FQA/FQA_2010_FQA2010_normal_grid_S0010_daily.csv
FQA,FQA,Fengqiu,2010,Leave_One_experiments\wth_generated_qc\FQA\FQA2010.WTH,normal_year;nitrogen_stress_year;low_response_year,normal,FQA2010_normal_grid_S0010,low_input_within_10pct_yield,2010-08-19,231,75,70,"{""sim_day"": 75.0, ""doy"": 231.0, ""topwt"": 8121.181640625, ""grnwt"": 2073.682861328125, ""xlai"": 2.263761520385742, ""totir"": 0.0, ""tofer"": NaN, ""swfac"": 0.0, ""nstres"": 0.0}",0.0,0.0,8121.181640625,2073.682861328125,2.263761520385742,0.0,,0.0,0.0,0.0,150.0,20.39896850585938,20.39896850585938,Leave_One_experiments/all_year_offline_schedule_search/daily_outputs/FQA/FQA_2010_FQA2010_normal_grid_S0010_daily.csv
FQA,FQA,Fengqiu,2010,Leave_One_experiments\wth_generated_qc\FQA\FQA2010.WTH,normal_year;nitrogen_stress_year;low_response_year,normal,FQA2010_normal_grid_S0010,low_input_within_10pct_yield,2010-08-20,232,76,71,"{""sim_day"": 76.0, ""doy"": 232.0, ""topwt"": 8417.197875976562, ""grnwt"": 2387.6092529296875, ""xlai"": 2.237492799758911, ""totir"": 0.0, ""tofer"": NaN, ""swfac"": 0.0, ""nstres"": 0.0}",0.0,0.0,8417.197875976562,2387.6092529296875,2.237492799758911,0.0,,0.0,0.0,0.0,150.0,20.39896850585938,20.39896850585938,Leave_One_experiments/all_year_offline_schedule_search/daily_outputs/FQA/FQA_2010_FQA2010_normal_grid_S0010_daily.csv
FQA,FQA,Fengqiu,2010,Leave_One_experiments\wth_generated_qc\FQA\FQA2010.WTH,normal_year;nitrogen_stress_year;low_response_year,normal,FQA2010_normal_grid_S0010,low_input_within_10pct_yield,2010-08-21,233,77,72,"{""sim_day"": 77.0, ""doy"": 233.0, ""topwt"": 8348.997802734375, ""grnwt"": 2472.591552734375, ""xlai"": 2.214648485183716, ""totir"": 0.0, ""tofer"": NaN, ""swfac"": 0.0, ""nstres"": 0.0}",0.0,0.0,8348.997802734375,2472.591552734375,2.214648485183716,0.0,,0.0,0.0,0.0,150.0,20.39896850585938,20.39896850585938,Leave_One_experiments/all_year_offline_schedule_search/daily_outputs/FQA/FQA_2010_FQA2010_normal_grid_S0010_daily.csv
FQA,FQA,Fengqiu,2010,Leave_One_experiments\wth_generated_qc\FQA\FQA2010.WTH,normal_year;nitrogen_stress_year;low_response_year,normal,FQA2010_normal_grid_S0010,low_input_within_10pct_yield,2010-08-22,234,78,73,"{""sim_day"": 78.0, ""doy"": 234.0, ""topwt"": 8431.947631835938, ""grnwt"": 2555.541534423828, ""xlai"": 2.191009283065796, ""totir"": 0.0, ""tofer"": NaN, ""swfac"": 0.0, ""nstres"": 0.0}",0.0,0.0,8431.947631835938,2555.541534423828,2.191009283065796,0.0,,0.0,0.0,0.0,150.0,20.39896850585938,20.39896850585938,Leave_One_experiments/all_year_offline_schedule_search/daily_outputs/FQA/FQA_2010_FQA2010_normal_grid_S0010_daily.csv
FQA,FQA,Fengqiu,2010,Leave_One_experiments\wth_generated_qc\FQA\FQA2010.WTH,normal_year;nitrogen_stress_year;low_response_year,normal,FQA2010_normal_grid_S0010,low_input_within_10pct_yield,2010-08-23,235,79,74,"{""sim_day"": 79.0, ""doy"": 235.0, ""topwt"": 8488.092041015625, ""grnwt"": 2611.685791015625, ""xlai"": 2.1733055114746094, ""totir"": 0.0, ""tofer"": NaN, ""swfac"": 0.0, ""nstres"": 0.0}",0.0,0.0,8488.092041015625,2611.685791015625,2.1733055114746094,0.0,,0.0,0.0,0.0,150.0,20.39896850585938,20.39896850585938,Leave_One_experiments/all_year_offline_schedule_search/daily_outputs/FQA/FQA_2010_FQA2010_normal_grid_S0010_daily.csv
FQA,FQA,Fengqiu,2010,Leave_One_experiments\wth_generated_qc\FQA\FQA2010.WTH,normal_year;nitrogen_stress_year;low_response_year,normal,FQA2010_normal_grid_S0010,low_input_within_10pct_yield,2010-08-24,236,80,75,"{""sim_day"": 80.0, ""doy"": 236.0, ""topwt"": 8552.265014648438, ""grnwt"": 2675.858764648437, ""xlai"": 2.1507647037506104, ""totir"": 0.0, ""tofer"": NaN, ""swfac"": 0.0, ""nstres"": 0.0}",0.0,0.0,8552.265014648438,2675.858764648437,2.1507647037506104,0.0,,0.0,0.0,0.0,150.0,20.39896850585938,20.39896850585938,Leave_One_experiments/all_year_offline_schedule_search/daily_outputs/FQA/FQA_2010_FQA2010_normal_grid_S0010_daily.csv
FQA,FQA,Fengqiu,2010,Leave_One_experiments\wth_generated_qc\FQA\FQA2010.WTH,normal_year;nitrogen_stress_year;low_response_year,normal,FQA2010_normal_grid_S0010,low_input_within_10pct_yield,2010-08-25,237,81,76,"{""sim_day"": 81.0, ""doy"": 237.0, ""topwt"": 8622.6953125, ""grnwt"": 2746.289367675781, ""xlai"": 2.124575138092041, ""totir"": 0.0, ""tofer"": NaN, ""swfac"": 0.0, ""nstres"": 0.0}",0.0,0.0,8622.6953125,2746.289367675781,2.124575138092041,0.0,,0.0,0.0,0.0,150.0,20.39896850585938,20.39896850585938,Leave_One_experiments/all_year_offline_schedule_search/daily_outputs/FQA/FQA_2010_FQA2010_normal_grid_S0010_daily.csv
FQA,FQA,Fengqiu,2010,Leave_One_experiments\wth_generated_qc\FQA\FQA2010.WTH,normal_year;nitrogen_stress_year;low_response_year,normal,FQA2010_normal_grid_S0010,low_input_within_10pct_yield,2010-08-26,238,82,77,"{""sim_day"": 82.0, ""doy"": 238.0, ""topwt"": 8963.157958984375, ""grnwt"": 3086.752014160156, ""xlai"": 2.0893890857696533, ""totir"": 0.0, ""tofer"": NaN, ""swfac"": 0.0, ""nstres"": 0.0}",0.0,0.0,8963.157958984375,3086.752014160156,2.0893890857696533,0.0,,0.0,0.0,0.0,150.0,20.39896850585938,20.39896850585938,Leave_One_experiments/all_year_offline_schedule_search/daily_outputs/FQA/FQA_2010_FQA2010_normal_grid_S0010_daily.csv
FQA,FQA,Fengqiu,2010,Leave_One_experiments\wth_generated_qc\FQA\FQA2010.WTH,normal_year;nitrogen_stress_year;low_response_year,normal,FQA2010_normal_grid_S0010,low_input_within_10pct_yield,2010-08-27,239,83,78,"{""sim_day"": 83.0, ""doy"": 239.0, ""topwt"": 9304.299926757812, ""grnwt"": 3427.8939819335938, ""xlai"": 2.0534162521362305, ""totir"": 0.0, ""tofer"": NaN, ""swfac"": 0.0, ""nstres"": 0.0}",0.0,0.0,9304.299926757812,3427.8939819335938,2.0534162521362305,0.0,,0.0,0.0,0.0,150.0,20.39896850585938,20.39896850585938,Leave_One_experiments/all_year_offline_schedule_search/daily_outputs/FQA/FQA_2010_FQA2010_normal_grid_S0010_daily.csv
FQA,FQA,Fengqiu,2010,Leave_One_experiments\wth_generated_qc\FQA\FQA2010.WTH,normal_year;nitrogen_stress_year;low_response_year,normal,FQA2010_normal_grid_S0010,low_input_within_10pct_yield,2010-08-28,240,84,79,"{""sim_day"": 84.0, ""doy"": 240.0, ""topwt"": 9637.929077148438, ""grnwt"": 3761.5231323242183, ""xlai"": 2.01193904876709, ""totir"": 0.0, ""tofer"": NaN, ""swfac"": 0.0, ""nstres"": 0.0}",0.0,0.0,9637.929077148438,3761.5231323242183,2.01193904876709,0.0,,0.0,0.0,0.0,150.0,20.39896850585938,20.39896850585938,Leave_One_experiments/all_year_offline_schedule_search/daily_outputs/FQA/FQA_2010_FQA2010_normal_grid_S0010_daily.csv
FQA,FQA,Fengqiu,2010,Leave_One_experiments\wth_generated_qc\FQA\FQA2010.WTH,normal_year;nitrogen_stress_year;low_response_year,normal,FQA2010_normal_grid_S0010,low_input_within_10pct_yield,2010-08-29,241,85,80,"{""sim_day"": 85.0, ""doy"": 241.0, ""topwt"": 9876.2548828125, ""grnwt"": 3999.8486328125, ""xlai"": 1.9643598794937132, ""totir"": 0.0, ""tofer"": NaN, ""swfac"": 0.0, ""nstres"": 0.0}",0.0,0.0,9876.2548828125,3999.8486328125,1.9643598794937132,0.0,,0.0,0.0,0.0,150.0,20.39896850585938,20.39896850585938,Leave_One_experiments/all_year_offline_schedule_search/daily_outputs/FQA/FQA_2010_FQA2010_normal_grid_S0010_daily.csv
FQA,FQA,Fengqiu,2010,Leave_One_experiments\wth_generated_qc\FQA\FQA2010.WTH,normal_year;nitrogen_stress_year;low_response_year,normal,FQA2010_normal_grid_S0010,low_input_within_10pct_yield,2010-08-30,242,86,81,"{""sim_day"": 86.0, ""doy"": 242.0, ""topwt"": 10020.780029296877, ""grnwt"": 4144.373779296875, ""xlai"": 1.913091778755188, ""totir"": 0.0, ""tofer"": NaN, ""swfac"": 0.0, ""nstres"": 0.0}",0.0,0.0,10020.780029296877,4144.373779296875,1.913091778755188,0.0,,0.0,0.0,0.0,150.0,20.39896850585938,20.39896850585938,Leave_One_experiments/all_year_offline_schedule_search/daily_outputs/FQA/FQA_2010_FQA2010_normal_grid_S0010_daily.csv
FQA,FQA,Fengqiu,2010,Leave_One_experiments\wth_generated_qc\FQA\FQA2010.WTH,normal_year;nitrogen_stress_year;low_response_year,normal,FQA2010_normal_grid_S0010,low_input_within_10pct_yield,2010-08-31,243,87,82,"{""sim_day"": 87.0, ""doy"": 243.0, ""topwt"": 10282.89306640625, ""grnwt"": 4406.487731933594, ""xlai"": 1.8571845293045044, ""totir"": 0.0, ""tofer"": NaN, ""swfac"": 0.0, ""nstres"": 0.0}",0.0,0.0,10282.89306640625,4406.487731933594,1.8571845293045044,0.0,,0.0,0.0,0.0,150.0,20.39896850585938,20.39896850585938,Leave_One_experiments/all_year_offline_schedule_search/daily_outputs/FQA/FQA_2010_FQA2010_normal_grid_S0010_daily.csv
FQA,FQA,Fengqiu,2010,Leave_One_experiments\wth_generated_qc\FQA\FQA2010.WTH,normal_year;nitrogen_stress_year;low_response_year,normal,FQA2010_normal_grid_S0010,low_input_within_10pct_yield,2010-09-01,244,88,83,"{""sim_day"": 88.0, ""doy"": 244.0, ""topwt"": 10388.353271484377, ""grnwt"": 4511.9476318359375, ""xlai"": 1.7958011627197266, ""totir"": 0.0, ""tofer"": NaN, ""swfac"": 0.0, ""nstres"": 0.0}",0.0,0.0,10388.353271484377,4511.9476318359375,1.7958011627197266,0.0,,0.0,0.0,0.0,150.0,20.39896850585938,20.39896850585938,Leave_One_experiments/all_year_offline_schedule_search/daily_outputs/FQA/FQA_2010_FQA2010_normal_grid_S0010_daily.csv
FQA,FQA,Fengqiu,2010,Leave_One_experiments\wth_generated_qc\FQA\FQA2010.WTH,normal_year;nitrogen_stress_year;low_response_year,normal,FQA2010_normal_grid_S0010,low_input_within_10pct_yield,2010-09-02,245,89,84,"{""sim_day"": 89.0, ""doy"": 245.0, ""topwt"": 10625.767822265623, ""grnwt"": 4749.362182617188, ""xlai"": 1.73172926902771, ""totir"": 0.0, ""tofer"": NaN, ""swfac"": 0.0, ""nstres"": 0.0}",0.0,0.0,10625.767822265623,4749.362182617188,1.73172926902771,0.0,,0.0,0.0,0.0,150.0,20.39896850585938,20.39896850585938,Leave_One_experiments/all_year_offline_schedule_search/daily_outputs/FQA/FQA_2010_FQA2010_normal_grid_S0010_daily.csv
FQA,FQA,Fengqiu,2010,Leave_One_experiments\wth_generated_qc\FQA\FQA2010.WTH,normal_year;nitrogen_stress_year;low_response_year,normal,FQA2010_normal_grid_S0010,low_input_within_10pct_yield,2010-09-03,246,90,85,"{""sim_day"": 90.0, ""doy"": 246.0, ""topwt"": 10864.6435546875, ""grnwt"": 4988.238830566406, ""xlai"": 1.6600831747055054, ""totir"": 0.0, ""tofer"": NaN, ""swfac"": 0.0, ""nstres"": 0.0}",0.0,0.0,10864.6435546875,4988.238830566406,1.6600831747055054,0.0,,0.0,0.0,0.0,150.0,20.39896850585938,20.39896850585938,Leave_One_experiments/all_year_offline_schedule_search/daily_outputs/FQA/FQA_2010_FQA2010_normal_grid_S0010_daily.csv
FQA,FQA,Fengqiu,2010,Leave_One_experiments\wth_generated_qc\FQA\FQA2010.WTH,normal_year;nitrogen_stress_year;low_response_year,normal,FQA2010_normal_grid_S0010,low_input_within_10pct_yield,2010-09-04,247,91,86,"{""sim_day"": 91.0, ""doy"": 247.0, ""topwt"": 10991.51123046875, ""grnwt"": 5115.106201171875, ""xlai"": 1.5867263078689575, ""totir"": 0.0, ""tofer"": NaN, ""swfac"": 0.0, ""nstres"": 0.0}",0.0,0.0,10991.51123046875,5115.106201171875,1.5867263078689575,0.0,,0.0,0.0,0.0,150.0,20.39896850585938,20.39896850585938,Leave_One_experiments/all_year_offline_schedule_search/daily_outputs/FQA/FQA_2010_FQA2010_normal_grid_S0010_daily.csv
FQA,FQA,Fengqiu,2010,Leave_One_experiments\wth_generated_qc\FQA\FQA2010.WTH,normal_year;nitrogen_stress_year;low_response_year,normal,FQA2010_normal_grid_S0010,low_input_within_10pct_yield,2010-09-05,248,92,87,"{""sim_day"": 92.0, ""doy"": 248.0, ""topwt"": 11014.013671875, ""grnwt"": 5137.607421875, ""xlai"": 1.5208768844604492, ""totir"": 0.0, ""tofer"": NaN, ""swfac"": 0.0, ""nstres"": 0.0}",0.0,0.0,11014.013671875,5137.607421875,1.5208768844604492,0.0,,0.0,0.0,0.0,150.0,20.39896850585938,20.39896850585938,Leave_One_experiments/all_year_offline_schedule_search/daily_outputs/FQA/FQA_2010_FQA2010_normal_grid_S0010_daily.csv
FQA,FQA,Fengqiu,2010,Leave_One_experiments\wth_generated_qc\FQA\FQA2010.WTH,normal_year;nitrogen_stress_year;low_response_year,normal,FQA2010_normal_grid_S0010,low_input_within_10pct_yield,2010-09-06,249,93,88,"{""sim_day"": 93.0, ""doy"": 249.0, ""topwt"": 11040.101318359377, ""grnwt"": 5163.6956787109375, ""xlai"": 1.4580490589141846, ""totir"": 0.0, ""tofer"": NaN, ""swfac"": 0.0, ""nstres"": 0.0}",0.0,0.0,11040.101318359377,5163.6956787109375,1.4580490589141846,0.0,,0.0,0.0,0.0,150.0,20.39896850585938,20.39896850585938,Leave_One_experiments/all_year_offline_schedule_search/daily_outputs/FQA/FQA_2010_FQA2010_normal_grid_S0010_daily.csv
FQA,FQA,Fengqiu,2010,Leave_One_experiments\wth_generated_qc\FQA\FQA2010.WTH,normal_year;nitrogen_stress_year;low_response_year,normal,FQA2010_normal_grid_S0010,low_input_within_10pct_yield,2010-09-07,250,94,89,"{""sim_day"": 94.0, ""doy"": 250.0, ""topwt"": 11099.0576171875, ""grnwt"": 5222.651977539063, ""xlai"": 1.3940612077713013, ""totir"": 0.0, ""tofer"": NaN, ""swfac"": 0.0, ""nstres"": 0.0}",0.0,0.0,11099.0576171875,5222.651977539063,1.3940612077713013,0.0,,0.0,0.0,0.0,150.0,20.39896850585938,20.39896850585938,Leave_One_experiments/all_year_offline_schedule_search/daily_outputs/FQA/FQA_2010_FQA2010_normal_grid_S0010_daily.csv
FQA,FQA,Fengqiu,2010,Leave_One_experiments\wth_generated_qc\FQA\FQA2010.WTH,normal_year;nitrogen_stress_year;low_response_year,normal,FQA2010_normal_grid_S0010,low_input_within_10pct_yield,2010-09-08,251,95,90,"{""sim_day"": 95.0, ""doy"": 251.0, ""topwt"": 11220.39306640625, ""grnwt"": 5343.98681640625, ""xlai"": 1.3160430192947388, ""totir"": 0.0, ""tofer"": NaN, ""swfac"": 0.0, ""nstres"": 0.0}",0.0,0.0,11220.39306640625,5343.98681640625,1.3160430192947388,0.0,,0.0,0.0,0.0,150.0,20.39896850585938,20.39896850585938,Leave_One_experiments/all_year_offline_schedule_search/daily_outputs/FQA/FQA_2010_FQA2010_normal_grid_S0010_daily.csv
FQA,FQA,Fengqiu,2010,Leave_One_experiments\wth_generated_qc\FQA\FQA2010.WTH,normal_year;nitrogen_stress_year;low_response_year,normal,FQA2010_normal_grid_S0010,low_input_within_10pct_yield,2010-09-09,252,96,91,"{""sim_day"": 96.0, ""doy"": 252.0, ""topwt"": 11444.599609375, ""grnwt"": 5568.193359375, ""xlai"": 1.2266422510147097, ""totir"": 0.0, ""tofer"": NaN, ""swfac"": 0.0, ""nstres"": 0.0}",0.0,0.0,11444.599609375,5568.193359375,1.2266422510147097,0.0,,0.0,0.0,0.0,150.0,20.39896850585938,20.39896850585938,Leave_One_experiments/all_year_offline_schedule_search/daily_outputs/FQA/FQA_2010_FQA2010_normal_grid_S0010_daily.csv
FQA,FQA,Fengqiu,2010,Leave_One_experiments\wth_generated_qc\FQA\FQA2010.WTH,normal_year;nitrogen_stress_year;low_response_year,normal,FQA2010_normal_grid_S0010,low_input_within_10pct_yield,2010-09-10,253,97,92,"{""sim_day"": 97.0, ""doy"": 253.0, ""topwt"": 11666.302490234377, ""grnwt"": 5789.8968505859375, ""xlai"": 1.1258087158203125, ""totir"": 0.0, ""tofer"": NaN, ""swfac"": 0.0, ""nstres"": 0.0}",0.0,0.0,11666.302490234377,5789.8968505859375,1.1258087158203125,0.0,,0.0,0.0,0.0,150.0,20.39896850585938,20.39896850585938,Leave_One_experiments/all_year_offline_schedule_search/daily_outputs/FQA/FQA_2010_FQA2010_normal_grid_S0010_daily.csv
FQA,FQA,Fengqiu,2010,Leave_One_experiments\wth_generated_qc\FQA\FQA2010.WTH,normal_year;nitrogen_stress_year;low_response_year,normal,FQA2010_normal_grid_S0010,low_input_within_10pct_yield,2010-09-11,254,98,93,"{""sim_day"": 98.0, ""doy"": 254.0, ""topwt"": 11666.302490234377, ""grnwt"": 5789.8968505859375, ""xlai"": 1.1258087158203125, ""totir"": 0.0, ""tofer"": NaN, ""swfac"": 0.0, ""nstres"": 0.0}",0.0,0.0,11666.302490234377,5789.8968505859375,1.1258087158203125,0.0,,0.0,0.0,0.0,150.0,20.39896850585938,20.39896850585938,Leave_One_experiments/all_year_offline_schedule_search/daily_outputs/FQA/FQA_2010_FQA2010_normal_grid_S0010_daily.csv
FQA,FQA,Fengqiu,2010,Leave_One_experiments\wth_generated_qc\FQA\FQA2010.WTH,normal_year;nitrogen_stress_year;low_response_year,normal,FQA2010_normal_grid_S0010,low_input_within_10pct_yield,2010-09-12,255,99,94,"{""sim_day"": 99.0, ""doy"": 255.0, ""topwt"": 11666.302490234377, ""grnwt"": 5789.8968505859375, ""xlai"": 1.1258087158203125, ""totir"": 0.0, ""tofer"": NaN, ""swfac"": 0.0, ""nstres"": 0.0}",0.0,0.0,11666.302490234377,5789.8968505859375,1.1258087158203125,0.0,,0.0,0.0,0.0,150.0,20.39896850585938,20.39896850585938,Leave_One_experiments/all_year_offline_schedule_search/daily_outputs/FQA/FQA_2010_FQA2010_normal_grid_S0010_daily.csv
FQA,FQA,Fengqiu,2010,Leave_One_experiments\wth_generated_qc\FQA\FQA2010.WTH,normal_year;nitrogen_stress_year;low_response_year,normal,FQA2010_normal_grid_S0010,low_input_within_10pct_yield,2010-09-13,256,100,95,"{""sim_day"": 100.0, ""doy"": 256.0, ""topwt"": 11666.302490234377, ""grnwt"": 5789.8968505859375, ""xlai"": 1.1258087158203125, ""totir"": 0.0, ""tofer"": NaN, ""swfac"": 0.0, ""nstres"": 0.0}",0.0,0.0,11666.302490234377,5789.8968505859375,1.1258087158203125,0.0,,0.0,0.0,0.0,150.0,20.39896850585938,20.39896850585938,Leave_One_experiments/all_year_offline_schedule_search/daily_outputs/FQA/FQA_2010_FQA2010_normal_grid_S0010_daily.csv
FQA,FQA,Fengqiu,2010,Leave_One_experiments\wth_generated_qc\FQA\FQA2010.WTH,normal_year;nitrogen_stress_year;low_response_year,normal,FQA2010_normal_grid_S0015,pareto_balanced,2010-06-11,162,1,1,"{""sim_day"": 1.0, ""doy"": 162.0, ""topwt"": 0.0, ""grnwt"": 0.0, ""xlai"": 0.0, ""totir"": 0.0, ""tofer"": NaN, ""swfac"": 0.0, ""nstres"": 0.0}",0.0,0.0,0.0,0.0,0.0,0.0,,0.0,50.0,30.0,150.0,5.492327880859378,17.492327880859378,Leave_One_experiments/all_year_offline_schedule_search/daily_outputs/FQA/FQA_2010_FQA2010_normal_grid_S0015_daily.csv
FQA,FQA,Fengqiu,2010,Leave_One_experiments\wth_generated_qc\FQA\FQA2010.WTH,normal_year;nitrogen_stress_year;low_response_year,normal,FQA2010_normal_grid_S0015,pareto_balanced,2010-06-12,163,2,2,"{""sim_day"": 2.0, ""doy"": 163.0, ""topwt"": 0.0, ""grnwt"": 0.0, ""xlai"": 0.0, ""totir"": 0.0, ""tofer"": NaN, ""swfac"": 0.0, ""nstres"": 0.0}",0.0,0.0,0.0,0.0,0.0,0.0,,0.0,0.0,30.0,150.0,5.492327880859378,17.492327880859378,Leave_One_experiments/all_year_offline_schedule_search/daily_outputs/FQA/FQA_2010_FQA2010_normal_grid_S0015_daily.csv
FQA,FQA,Fengqiu,2010,Leave_One_experiments\wth_generated_qc\FQA\FQA2010.WTH,normal_year;nitrogen_stress_year;low_response_year,normal,FQA2010_normal_grid_S0015,pareto_balanced,2010-06-13,164,3,3,"{""sim_day"": 3.0, ""doy"": 164.0, ""topwt"": 0.0, ""grnwt"": 0.0, ""xlai"": 0.0, ""totir"": 0.0, ""tofer"": NaN, ""swfac"": 0.0, ""nstres"": 0.0}",0.0,0.0,0.0,0.0,0.0,0.0,,0.0,0.0,30.0,150.0,5.492327880859378,17.492327880859378,Leave_One_experiments/all_year_offline_schedule_search/daily_outputs/FQA/FQA_2010_FQA2010_normal_grid_S0015_daily.csv
FQA,FQA,Fengqiu,2010,Leave_One_experiments\wth_generated_qc\FQA\FQA2010.WTH,normal_year;nitrogen_stress_year;low_response_year,normal,FQA2010_normal_grid_S0015,pareto_balanced,2010-06-14,165,4,4,"{""sim_day"": 4.0, ""doy"": 165.0, ""topwt"": 0.0, ""grnwt"": 0.0, ""xlai"": 0.0, ""totir"": 0.0, ""tofer"": NaN, ""swfac"": 0.0, ""nstres"": 0.0}",0.0,0.0,0.0,0.0,0.0,0.0,,0.0,0.0,30.0,150.0,5.492327880859378,17.492327880859378,Leave_One_experiments/all_year_offline_schedule_search/daily_outputs/FQA/FQA_2010_FQA2010_normal_grid_S0015_daily.csv
FQA,FQA,Fengqiu,2010,Leave_One_experiments\wth_generated_qc\FQA\FQA2010.WTH,normal_year;nitrogen_stress_year;low_response_year,normal,FQA2010_normal_grid_S0015,pareto_balanced,2010-06-15,166,5,5,"{""sim_day"": 5.0, ""doy"": 166.0, ""topwt"": 0.0, ""grnwt"": 0.0, ""xlai"": 0.0, ""totir"": 0.0, ""tofer"": NaN, ""swfac"": 0.0, ""nstres"": 0.0}",0.0,0.0,0.0,0.0,0.0,0.0,,0.0,0.0,30.0,150.0,5.492327880859378,17.492327880859378,Leave_One_experiments/all_year_offline_schedule_search/daily_outputs/FQA/FQA_2010_FQA2010_normal_grid_S0015_daily.csv
FQA,FQA,Fengqiu,2010,Leave_One_experiments\wth_generated_qc\FQA\FQA2010.WTH,normal_year;nitrogen_stress_year;low_response_year,normal,FQA2010_normal_grid_S0015,pareto_balanced,2010-06-11,162,6,1,"{""sim_day"": 6.0, ""doy"": 162.0, ""topwt"": 0.0, ""grnwt"": 0.0, ""xlai"": 0.0, ""totir"": 0.0, ""tofer"": NaN, ""swfac"": 0.0, ""nstres"": 0.0}",0.0,0.0,0.0,0.0,0.0,0.0,,0.0,0.0,30.0,150.0,5.492327880859378,17.492327880859378,Leave_One_experiments/all_year_offline_schedule_search/daily_outputs/FQA/FQA_2010_FQA2010_normal_grid_S0015_daily.csv
FQA,FQA,Fengqiu,2010,Leave_One_experiments\wth_generated_qc\FQA\FQA2010.WTH,normal_year;nitrogen_stress_year;low_response_year,normal,FQA2010_normal_grid_S0015,pareto_balanced,2010-06-12,163,7,2,"{""sim_day"": 7.0, ""doy"": 163.0, ""topwt"": 0.0, ""grnwt"": 0.0, ""xlai"": 0.0, ""totir"": 0.0, ""tofer"": NaN, ""swfac"": 0.0, ""nstres"": 0.0}",0.0,0.0,0.0,0.0,0.0,0.0,,0.0,0.0,30.0,150.0,5.492327880859378,17.492327880859378,Leave_One_experiments/all_year_offline_schedule_search/daily_outputs/FQA/FQA_2010_FQA2010_normal_grid_S0015_daily.csv
FQA,FQA,Fengqiu,2010,Leave_One_experiments\wth_generated_qc\FQA\FQA2010.WTH,normal_year;nitrogen_stress_year;low_response_year,normal,FQA2010_normal_grid_S0015,pareto_balanced,2010-06-13,164,8,3,"{""sim_day"": 8.0, ""doy"": 164.0, ""topwt"": 0.0, ""grnwt"": 0.0, ""xlai"": 0.0, ""totir"": 0.0, ""tofer"": NaN, ""swfac"": 0.0, ""nstres"": 0.0}",0.0,0.0,0.0,0.0,0.0,0.0,,0.0,0.0,30.0,150.0,5.492327880859378,17.492327880859378,Leave_One_experiments/all_year_offline_schedule_search/daily_outputs/FQA/FQA_2010_FQA2010_normal_grid_S0015_daily.csv
FQA,FQA,Fengqiu,2010,Leave_One_experiments\wth_generated_qc\FQA\FQA2010.WTH,normal_year;nitrogen_stress_year;low_response_year,normal,FQA2010_normal_grid_S0015,pareto_balanced,2010-06-14,165,9,4,"{""sim_day"": 9.0, ""doy"": 165.0, ""topwt"": 0.0, ""grnwt"": 0.0, ""xlai"": 0.0, ""totir"": 0.0, ""tofer"": NaN, ""swfac"": 0.0, ""nstres"": 0.0}",0.0,0.0,0.0,0.0,0.0,0.0,,0.0,0.0,30.0,150.0,5.492327880859378,17.492327880859378,Leave_One_experiments/all_year_offline_schedule_search/daily_outputs/FQA/FQA_2010_FQA2010_normal_grid_S0015_daily.csv
FQA,FQA,Fengqiu,2010,Leave_One_experiments\wth_generated_qc\FQA\FQA2010.WTH,normal_year;nitrogen_stress_year;low_response_year,normal,FQA2010_normal_grid_S0015,pareto_balanced,2010-06-15,166,10,5,"{""sim_day"": 10.0, ""doy"": 166.0, ""topwt"": 32.00000047683716, ""grnwt"": 0.0, ""xlai"": 0.0033887808676809, ""totir"": 0.0, ""tofer"": NaN, ""swfac"": 0.0, ""nstres"": 0.0121910572052001}",0.0,0.0121910572052001,32.00000047683716,0.0,0.0033887808676809,0.0,,0.0,0.0,30.0,150.0,5.492327880859378,17.492327880859378,Leave_One_experiments/all_year_offline_schedule_search/daily_outputs/FQA/FQA_2010_FQA2010_normal_grid_S0015_daily.csv
FQA,FQA,Fengqiu,2010,Leave_One_experiments\wth_generated_qc\FQA\FQA2010.WTH,normal_year;nitrogen_stress_year;low_response_year,normal,FQA2010_normal_grid_S0015,pareto_balanced,2010-06-16,167,11,6,"{""sim_day"": 11.0, ""doy"": 167.0, ""topwt"": 32.00000047683716, ""grnwt"": 0.0, ""xlai"": 0.0065094730816781, ""totir"": 0.0, ""tofer"": NaN, ""swfac"": 0.0, ""nstres"": 0.0}",0.0,0.0,32.00000047683716,0.0,0.0065094730816781,0.0,,0.0,0.0,30.0,150.0,5.492327880859378,17.492327880859378,Leave_One_experiments/all_year_offline_schedule_search/daily_outputs/FQA/FQA_2010_FQA2010_normal_grid_S0015_daily.csv
FQA,FQA,Fengqiu,2010,Leave_One_experiments\wth_generated_qc\FQA\FQA2010.WTH,normal_year;nitrogen_stress_year;low_response_year,normal,FQA2010_normal_grid_S0015,pareto_balanced,2010-06-17,168,12,7,"{""sim_day"": 12.0, ""doy"": 168.0, ""topwt"": 32.00000047683716, ""grnwt"": 0.0, ""xlai"": 0.0093221608549356, ""totir"": 0.0, ""tofer"": NaN, ""swfac"": 0.0, ""nstres"": 0.0}",0.0,0.0,32.00000047683716,0.0,0.0093221608549356,0.0,,0.0,0.0,30.0,150.0,5.492327880859378,17.492327880859378,Leave_One_experiments/all_year_offline_schedule_search/daily_outputs/FQA/FQA_2010_FQA2010_normal_grid_S0015_daily.csv
FQA,FQA,Fengqiu,2010,Leave_One_experiments\wth_generated_qc\FQA\FQA2010.WTH,normal_year;nitrogen_stress_year;low_response_year,normal,FQA2010_normal_grid_S0015,pareto_balanced,2010-06-18,169,13,8,"{""sim_day"": 13.0, ""doy"": 169.0, ""topwt"": 32.00000047683716, ""grnwt"": 0.0, ""xlai"": 0.0127370366826653, ""totir"": 0.0, ""tofer"": NaN, ""swfac"": 0.0, ""nstres"": 0.0}",0.0,0.0,32.00000047683716,0.0,0.0127370366826653,0.0,,0.0,0.0,30.0,150.0,5.492327880859378,17.492327880859378,Leave_One_experiments/all_year_offline_schedule_search/daily_outputs/FQA/FQA_2010_FQA2010_normal_grid_S0015_daily.csv
FQA,FQA,Fengqiu,2010,Leave_One_experiments\wth_generated_qc\FQA\FQA2010.WTH,normal_year;nitrogen_stress_year;low_response_year,normal,FQA2010_normal_grid_S0015,pareto_balanced,2010-06-19,170,14,9,"{""sim_day"": 14.0, ""doy"": 170.0, ""topwt"": 32.00000047683716, ""grnwt"": 0.0, ""xlai"": 0.0165773220360279, ""totir"": 0.0, ""tofer"": NaN, ""swfac"": 0.0, ""nstres"": 0.0}",0.0,0.0,32.00000047683716,0.0,0.0165773220360279,0.0,,0.0,0.0,30.0,150.0,5.492327880859378,17.492327880859378,Leave_One_experiments/all_year_offline_schedule_search/daily_outputs/FQA/FQA_2010_FQA2010_normal_grid_S0015_daily.csv
FQA,FQA,Fengqiu,2010,Leave_One_experiments\wth_generated_qc\FQA\FQA2010.WTH,normal_year;nitrogen_stress_year;low_response_year,normal,FQA2010_normal_grid_S0015,pareto_balanced,2010-06-20,171,15,10,"{""sim_day"": 15.0, ""doy"": 171.0, ""topwt"": 32.00000047683716, ""grnwt"": 0.0, ""xlai"": 0.0209615137428045, ""totir"": 0.0, ""tofer"": NaN, ""swfac"": 0.0, ""nstres"": 0.0}",0.0,0.0,32.00000047683716,0.0,0.0209615137428045,0.0,,0.0,0.0,30.0,150.0,5.492327880859378,17.492327880859378,Leave_One_experiments/all_year_offline_schedule_search/daily_outputs/FQA/FQA_2010_FQA2010_normal_grid_S0015_daily.csv
FQA,FQA,Fengqiu,2010,Leave_One_experiments\wth_generated_qc\FQA\FQA2010.WTH,normal_year;nitrogen_stress_year;low_response_year,normal,FQA2010_normal_grid_S0015,pareto_balanced,2010-06-21,172,16,11,"{""sim_day"": 16.0, ""doy"": 172.0, ""topwt"": 25.24570941925049, ""grnwt"": 0.0, ""xlai"": 0.0377690009772777, ""totir"": 0.0, ""tofer"": NaN, ""swfac"": 0.0, ""nstres"": 0.0}",0.0,0.0,25.24570941925049,0.0,0.0377690009772777,0.0,,0.0,0.0,30.0,150.0,5.492327880859378,17.492327880859378,Leave_One_experiments/all_year_offline_schedule_search/daily_outputs/FQA/FQA_2010_FQA2010_normal_grid_S0015_daily.csv
FQA,FQA,Fengqiu,2010,Leave_One_experiments\wth_generated_qc\FQA\FQA2010.WTH,normal_year;nitrogen_stress_year;low_response_year,normal,FQA2010_normal_grid_S0015,pareto_balanced,2010-06-22,173,17,12,"{""sim_day"": 17.0, ""doy"": 173.0, ""topwt"": 29.983177185058597, ""grnwt"": 0.0, ""xlai"": 0.0525054074823856, ""totir"": 0.0, ""tofer"": NaN, ""swfac"": 0.0, ""nstres"": 0.0}",0.0,0.0,29.983177185058597,0.0,0.0525054074823856,0.0,,0.0,0.0,30.0,150.0,5.492327880859378,17.492327880859378,Leave_One_experiments/all_year_offline_schedule_search/daily_outputs/FQA/FQA_2010_FQA2010_normal_grid_S0015_daily.csv
FQA,FQA,Fengqiu,2010,Leave_One_experiments\wth_generated_qc\FQA\FQA2010.WTH,normal_year;nitrogen_stress_year;low_response_year,normal,FQA2010_normal_grid_S0015,pareto_balanced,2010-06-23,174,18,13,"{""sim_day"": 18.0, ""doy"": 174.0, ""topwt"": 35.41168689727783, ""grnwt"": 0.0, ""xlai"": 0.0681610703468322, ""totir"": 0.0, ""tofer"": NaN, ""swfac"": 0.0, ""nstres"": 0.0}",0.0,0.0,35.41168689727783,0.0,0.0681610703468322,0.0,,0.0,0.0,30.0,150.0,5.492327880859378,17.492327880859378,Leave_One_experiments/all_year_offline_schedule_search/daily_outputs/FQA/FQA_2010_FQA2010_normal_grid_S0015_daily.csv
FQA,FQA,Fengqiu,2010,Leave_One_experiments\wth_generated_qc\FQA\FQA2010.WTH,normal_year;nitrogen_stress_year;low_response_year,normal,FQA2010_normal_grid_S0015,pareto_balanced,2010-06-24,175,19,14,"{""sim_day"": 19.0, ""doy"": 175.0, ""topwt"": 42.08553791046143, ""grnwt"": 0.0, ""xlai"": 0.0862063840031623, ""totir"": 0.0, ""tofer"": NaN, ""swfac"": 0.0, ""nstres"": 0.0}",0.0,0.0,42.08553791046143,0.0,0.0862063840031623,0.0,,0.0,0.0,30.0,150.0,5.492327880859378,17.492327880859378,Leave_One_experiments/all_year_offline_schedule_search/daily_outputs/FQA/FQA_2010_FQA2010_normal_grid_S0015_daily.csv
FQA,FQA,Fengqiu,2010,Leave_One_experiments\wth_generated_qc\FQA\FQA2010.WTH,normal_year;nitrogen_stress_year;low_response_year,normal,FQA2010_normal_grid_S0015,pareto_balanced,2010-06-25,176,20,15,"{""sim_day"": 20.0, ""doy"": 176.0, ""topwt"": 50.0956916809082, ""grnwt"": 0.0, ""xlai"": 0.1066313534975051, ""totir"": 0.0, ""tofer"": NaN, ""swfac"": 0.0, ""nstres"": 0.0}",0.0,0.0,50.0956916809082,0.0,0.1066313534975051,0.0,,0.0,0.0,30.0,150.0,5.492327880859378,17.492327880859378,Leave_One_experiments/all_year_offline_schedule_search/daily_outputs/FQA/FQA_2010_FQA2010_normal_grid_S0015_daily.csv
FQA,FQA,Fengqiu,2010,Leave_One_experiments\wth_generated_qc\FQA\FQA2010.WTH,normal_year;nitrogen_stress_year;low_response_year,normal,FQA2010_normal_grid_S0015,pareto_balanced,2010-06-26,177,21,16,"{""sim_day"": 21.0, ""doy"": 177.0, ""topwt"": 60.29807567596436, ""grnwt"": 0.0, ""xlai"": 0.1312386840581894, ""totir"": 0.0, ""tofer"": NaN, ""swfac"": 0.0, ""nstres"": 0.0}",0.0,0.0,60.29807567596436,0.0,0.1312386840581894,0.0,,0.0,0.0,30.0,150.0,5.492327880859378,17.492327880859378,Leave_One_experiments/all_year_offline_schedule_search/daily_outputs/FQA/FQA_2010_FQA2010_normal_grid_S0015_daily.csv
FQA,FQA,Fengqiu,2010,Leave_One_experiments\wth_generated_qc\FQA\FQA2010.WTH,normal_year;nitrogen_stress_year;low_response_year,normal,FQA2010_normal_grid_S0015,pareto_balanced,2010-06-27,178,22,17,"{""sim_day"": 22.0, ""doy"": 178.0, ""topwt"": 72.388596534729, ""grnwt"": 0.0, ""xlai"": 0.1588921993970871, ""totir"": 0.0, ""tofer"": NaN, ""swfac"": 0.0, ""nstres"": 0.0}",0.0,0.0,72.388596534729,0.0,0.1588921993970871,0.0,,0.0,0.0,30.0,150.0,5.492327880859378,17.492327880859378,Leave_One_experiments/all_year_offline_schedule_search/daily_outputs/FQA/FQA_2010_FQA2010_normal_grid_S0015_daily.csv
FQA,FQA,Fengqiu,2010,Leave_One_experiments\wth_generated_qc\FQA\FQA2010.WTH,normal_year;nitrogen_stress_year;low_response_year,normal,FQA2010_normal_grid_S0015,pareto_balanced,2010-06-28,179,23,18,"{""sim_day"": 23.0, ""doy"": 179.0, ""topwt"": 87.05996513366699, ""grnwt"": 0.0, ""xlai"": 0.1908033043146133, ""totir"": 0.0, ""tofer"": NaN, ""swfac"": 0.0, ""nstres"": 0.0}",0.0,0.0,87.05996513366699,0.0,0.1908033043146133,0.0,,0.0,0.0,30.0,150.0,5.492327880859378,17.492327880859378,Leave_One_experiments/all_year_offline_schedule_search/daily_outputs/FQA/FQA_2010_FQA2010_normal_grid_S0015_daily.csv
FQA,FQA,Fengqiu,2010,Leave_One_experiments\wth_generated_qc\FQA\FQA2010.WTH,normal_year;nitrogen_stress_year;low_response_year,normal,FQA2010_normal_grid_S0015,pareto_balanced,2010-06-29,180,24,19,"{""sim_day"": 24.0, ""doy"": 180.0, ""topwt"": 104.7609519958496, ""grnwt"": 0.0, ""xlai"": 0.2274803668260574, ""totir"": 0.0, ""tofer"": NaN, ""swfac"": 0.0, ""nstres"": 0.0}",0.0,0.0,104.7609519958496,0.0,0.2274803668260574,0.0,,0.0,0.0,30.0,150.0,5.492327880859378,17.492327880859378,Leave_One_experiments/all_year_offline_schedule_search/daily_outputs/FQA/FQA_2010_FQA2010_normal_grid_S0015_daily.csv
FQA,FQA,Fengqiu,2010,Leave_One_experiments\wth_generated_qc\FQA\FQA2010.WTH,normal_year;nitrogen_stress_year;low_response_year,normal,FQA2010_normal_grid_S0015,pareto_balanced,2010-06-30,181,25,20,"{""sim_day"": 25.0, ""doy"": 181.0, ""topwt"": 121.36353492736816, ""grnwt"": 0.0, ""xlai"": 0.2591754496097564, ""totir"": 0.0, ""tofer"": NaN, ""swfac"": 0.0, ""nstres"": 0.0}",0.0,0.0,121.36353492736816,0.0,0.2591754496097564,0.0,,0.0,0.0,30.0,150.0,5.492327880859378,17.492327880859378,Leave_One_experiments/all_year_offline_schedule_search/daily_outputs/FQA/FQA_2010_FQA2010_normal_grid_S0015_daily.csv
FQA,FQA,Fengqiu,2010,Leave_One_experiments\wth_generated_qc\FQA\FQA2010.WTH,normal_year;nitrogen_stress_year;low_response_year,normal,FQA2010_normal_grid_S0015,pareto_balanced,2010-07-01,182,26,21,"{""sim_day"": 26.0, ""doy"": 182.0, ""topwt"": 140.48537254333496, ""grnwt"": 0.0, ""xlai"": 0.296979010105133, ""totir"": 0.0, ""tofer"": NaN, ""swfac"": 0.0, ""nstres"": 0.0}",0.0,0.0,140.48537254333496,0.0,0.296979010105133,0.0,,0.0,0.0,30.0,150.0,5.492327880859378,17.492327880859378,Leave_One_experiments/all_year_offline_schedule_search/daily_outputs/FQA/FQA_2010_FQA2010_normal_grid_S0015_daily.csv
FQA,FQA,Fengqiu,2010,Leave_One_experiments\wth_generated_qc\FQA\FQA2010.WTH,normal_year;nitrogen_stress_year;low_response_year,normal,FQA2010_normal_grid_S0015,pareto_balanced,2010-07-02,183,27,22,"{""sim_day"": 27.0, ""doy"": 183.0, ""topwt"": 163.12175750732422, ""grnwt"": 0.0, ""xlai"": 0.3399529457092285, ""totir"": 0.0, ""tofer"": NaN, ""swfac"": 0.0, ""nstres"": 0.0}",0.0,0.0,163.12175750732422,0.0,0.3399529457092285,0.0,,0.0,0.0,30.0,150.0,5.492327880859378,17.492327880859378,Leave_One_experiments/all_year_offline_schedule_search/daily_outputs/FQA/FQA_2010_FQA2010_normal_grid_S0015_daily.csv
FQA,FQA,Fengqiu,2010,Leave_One_experiments\wth_generated_qc\FQA\FQA2010.WTH,normal_year;nitrogen_stress_year;low_response_year,normal,FQA2010_normal_grid_S0015,pareto_balanced,2010-07-03,184,28,23,"{""sim_day"": 28.0, ""doy"": 184.0, ""topwt"": 189.96957778930664, ""grnwt"": 0.0, ""xlai"": 0.3887311816215515, ""totir"": 0.0, ""tofer"": NaN, ""swfac"": 0.0, ""nstres"": 0.0}",0.0,0.0,189.96957778930664,0.0,0.3887311816215515,0.0,,0.0,0.0,30.0,150.0,5.492327880859378,17.492327880859378,Leave_One_experiments/all_year_offline_schedule_search/daily_outputs/FQA/FQA_2010_FQA2010_normal_grid_S0015_daily.csv
FQA,FQA,Fengqiu,2010,Leave_One_experiments\wth_generated_qc\FQA\FQA2010.WTH,normal_year;nitrogen_stress_year;low_response_year,normal,FQA2010_normal_grid_S0015,pareto_balanced,2010-07-04,185,29,24,"{""sim_day"": 29.0, ""doy"": 185.0, ""topwt"": 220.3292465209961, ""grnwt"": 0.0, ""xlai"": 0.4414030015468597, ""totir"": 0.0, ""tofer"": NaN, ""swfac"": 0.0, ""nstres"": 0.0}",0.0,0.0,220.3292465209961,0.0,0.4414030015468597,0.0,,0.0,0.0,30.0,150.0,5.492327880859378,17.492327880859378,Leave_One_experiments/all_year_offline_schedule_search/daily_outputs/FQA/FQA_2010_FQA2010_normal_grid_S0015_daily.csv
FQA,FQA,Fengqiu,2010,Leave_One_experiments\wth_generated_qc\FQA\FQA2010.WTH,normal_year;nitrogen_stress_year;low_response_year,normal,FQA2010_normal_grid_S0015,pareto_balanced,2010-07-05,186,30,25,"{""sim_day"": 30.0, ""doy"": 186.0, ""topwt"": 255.35070419311523, ""grnwt"": 0.0, ""xlai"": 0.4993011653423309, ""totir"": 0.0, ""tofer"": NaN, ""swfac"": 0.0, ""nstres"": 0.0}",0.0,0.0,255.35070419311523,0.0,0.4993011653423309,0.0,,0.0,0.0,30.0,150.0,5.492327880859378,17.492327880859378,Leave_One_experiments/all_year_offline_schedule_search/daily_outputs/FQA/FQA_2010_FQA2010_normal_grid_S0015_daily.csv
FQA,FQA,Fengqiu,2010,Leave_One_experiments\wth_generated_qc\FQA\FQA2010.WTH,normal_year;nitrogen_stress_year;low_response_year,normal,FQA2010_normal_grid_S0015,pareto_balanced,2010-07-06,187,31,26,"{""sim_day"": 31.0, ""doy"": 187.0, ""topwt"": 294.1512489318848, ""grnwt"": 0.0, ""xlai"": 0.5603570342063904, ""totir"": 0.0, ""tofer"": NaN, ""swfac"": 0.0, ""nstres"": 0.0}",0.0,0.0,294.1512489318848,0.0,0.5603570342063904,0.0,,0.0,0.0,30.0,150.0,5.492327880859378,17.492327880859378,Leave_One_experiments/all_year_offline_schedule_search/daily_outputs/FQA/FQA_2010_FQA2010_normal_grid_S0015_daily.csv
FQA,FQA,Fengqiu,2010,Leave_One_experiments\wth_generated_qc\FQA\FQA2010.WTH,normal_year;nitrogen_stress_year;low_response_year,normal,FQA2010_normal_grid_S0015,pareto_balanced,2010-07-07,188,32,27,"{""sim_day"": 32.0, ""doy"": 188.0, ""topwt"": 332.62962341308594, ""grnwt"": 0.0, ""xlai"": 0.6181654930114746, ""totir"": 0.0, ""tofer"": NaN, ""swfac"": 0.0, ""nstres"": 0.0}",0.0,0.0,332.62962341308594,0.0,0.6181654930114746,0.0,,0.0,0.0,30.0,150.0,5.492327880859378,17.492327880859378,Leave_One_experiments/all_year_offline_schedule_search/daily_outputs/FQA/FQA_2010_FQA2010_normal_grid_S0015_daily.csv
FQA,FQA,Fengqiu,2010,Leave_One_experiments\wth_generated_qc\FQA\FQA2010.WTH,normal_year;nitrogen_stress_year;low_response_year,normal,FQA2010_normal_grid_S0015,pareto_balanced,2010-07-08,189,33,28,"{""sim_day"": 33.0, ""doy"": 189.0, ""topwt"": 377.90523529052734, ""grnwt"": 0.0, ""xlai"": 0.6830196380615234, ""totir"": 0.0, ""tofer"": NaN, ""swfac"": 0.0, ""nstres"": 0.0}",0.0,0.0,377.90523529052734,0.0,0.6830196380615234,0.0,,0.0,0.0,30.0,150.0,5.492327880859378,17.492327880859378,Leave_One_experiments/all_year_offline_schedule_search/daily_outputs/FQA/FQA_2010_FQA2010_normal_grid_S0015_daily.csv
FQA,FQA,Fengqiu,2010,Leave_One_experiments\wth_generated_qc\FQA\FQA2010.WTH,normal_year;nitrogen_stress_year;low_response_year,normal,FQA2010_normal_grid_S0015,pareto_balanced,2010-07-09,190,34,29,"{""sim_day"": 34.0, ""doy"": 190.0, ""topwt"": 416.8853759765625, ""grnwt"": 0.0, ""xlai"": 0.7365944981575012, ""totir"": 0.0, ""tofer"": NaN, ""swfac"": 0.0, ""nstres"": 0.0}",0.0,0.0,416.8853759765625,0.0,0.7365944981575012,0.0,,0.0,0.0,30.0,150.0,5.492327880859378,17.492327880859378,Leave_One_experiments/all_year_offline_schedule_search/daily_outputs/FQA/FQA_2010_FQA2010_normal_grid_S0015_daily.csv
FQA,FQA,Fengqiu,2010,Leave_One_experiments\wth_generated_qc\FQA\FQA2010.WTH,normal_year;nitrogen_stress_year;low_response_year,normal,FQA2010_normal_grid_S0015,pareto_balanced,2010-07-10,191,35,30,"{""sim_day"": 35.0, ""doy"": 191.0, ""topwt"": 466.3349533081055, ""grnwt"": 0.0, ""xlai"": 0.8016411662101746, ""totir"": 0.0, ""tofer"": NaN, ""swfac"": 0.0, ""nstres"": 0.0}",0.0,0.0,466.3349533081055,0.0,0.8016411662101746,0.0,,0.0,50.0,30.0,150.0,5.492327880859378,17.492327880859378,Leave_One_experiments/all_year_offline_schedule_search/daily_outputs/FQA/FQA_2010_FQA2010_normal_grid_S0015_daily.csv
FQA,FQA,Fengqiu,2010,Leave_One_experiments\wth_generated_qc\FQA\FQA2010.WTH,normal_year;nitrogen_stress_year;low_response_year,normal,FQA2010_normal_grid_S0015,pareto_balanced,2010-07-11,192,36,31,"{""sim_day"": 36.0, ""doy"": 192.0, ""topwt"": 526.596794128418, ""grnwt"": 0.0, ""xlai"": 0.8770741820335388, ""totir"": 0.0, ""tofer"": NaN, ""swfac"": 0.0, ""nstres"": 0.0}",0.0,0.0,526.596794128418,0.0,0.8770741820335388,0.0,,0.0,0.0,30.0,150.0,5.492327880859378,17.492327880859378,Leave_One_experiments/all_year_offline_schedule_search/daily_outputs/FQA/FQA_2010_FQA2010_normal_grid_S0015_daily.csv
FQA,FQA,Fengqiu,2010,Leave_One_experiments\wth_generated_qc\FQA\FQA2010.WTH,normal_year;nitrogen_stress_year;low_response_year,normal,FQA2010_normal_grid_S0015,pareto_balanced,2010-07-12,193,37,32,"{""sim_day"": 37.0, ""doy"": 193.0, ""topwt"": 593.1727600097656, ""grnwt"": 0.0, ""xlai"": 0.9562529921531676, ""totir"": 0.0, ""tofer"": NaN, ""swfac"": 0.0, ""nstres"": 0.0}",0.0,0.0,593.1727600097656,0.0,0.9562529921531676,0.0,,0.0,0.0,30.0,150.0,5.492327880859378,17.492327880859378,Leave_One_experiments/all_year_offline_schedule_search/daily_outputs/FQA/FQA_2010_FQA2010_normal_grid_S0015_daily.csv
FQA,FQA,Fengqiu,2010,Leave_One_experiments\wth_generated_qc\FQA\FQA2010.WTH,normal_year;nitrogen_stress_year;low_response_year,normal,FQA2010_normal_grid_S0015,pareto_balanced,2010-07-13,194,38,33,"{""sim_day"": 38.0, ""doy"": 194.0, ""topwt"": 661.9167327880859, ""grnwt"": 0.0, ""xlai"": 1.0301485061645508, ""totir"": 0.0, ""tofer"": NaN, ""swfac"": 0.0, ""nstres"": 0.0292662382125854}",0.0,0.0292662382125854,661.9167327880859,0.0,1.0301485061645508,0.0,,0.0,0.0,30.0,150.0,5.492327880859378,17.492327880859378,Leave_One_experiments/all_year_offline_schedule_search/daily_outputs/FQA/FQA_2010_FQA2010_normal_grid_S0015_daily.csv
FQA,FQA,Fengqiu,2010,Leave_One_experiments\wth_generated_qc\FQA\FQA2010.WTH,normal_year;nitrogen_stress_year;low_response_year,normal,FQA2010_normal_grid_S0015,pareto_balanced,2010-07-14,195,39,34,"{""sim_day"": 39.0, ""doy"": 195.0, ""topwt"": 721.4247894287109, ""grnwt"": 0.0, ""xlai"": 1.0848206281661987, ""totir"": 0.0, ""tofer"": NaN, ""swfac"": 0.0, ""nstres"": 0.0699784159660339}",0.0,0.0699784159660339,721.4247894287109,0.0,1.0848206281661987,0.0,,0.0,0.0,30.0,150.0,5.492327880859378,17.492327880859378,Leave_One_experiments/all_year_offline_schedule_search/daily_outputs/FQA/FQA_2010_FQA2010_normal_grid_S0015_daily.csv
FQA,FQA,Fengqiu,2010,Leave_One_experiments\wth_generated_qc\FQA\FQA2010.WTH,normal_year;nitrogen_stress_year;low_response_year,normal,FQA2010_normal_grid_S0015,pareto_balanced,2010-07-15,196,40,35,"{""sim_day"": 40.0, ""doy"": 196.0, ""topwt"": 779.6859741210938, ""grnwt"": 0.0, ""xlai"": 1.130494236946106, ""totir"": 30.0, ""tofer"": NaN, ""swfac"": 0.0, ""nstres"": 0.1018037796020507}",0.0,0.1018037796020507,779.6859741210938,0.0,1.130494236946106,30.0,,30.0,0.0,30.0,150.0,5.492327880859378,17.492327880859378,Leave_One_experiments/all_year_offline_schedule_search/daily_outputs/FQA/FQA_2010_FQA2010_normal_grid_S0015_daily.csv
FQA,FQA,Fengqiu,2010,Leave_One_experiments\wth_generated_qc\FQA\FQA2010.WTH,normal_year;nitrogen_stress_year;low_response_year,normal,FQA2010_normal_grid_S0015,pareto_balanced,2010-07-16,197,41,36,"{""sim_day"": 41.0, ""doy"": 197.0, ""topwt"": 820.6053924560547, ""grnwt"": 0.0, ""xlai"": 1.1712286472320557, ""totir"": 30.0, ""tofer"": NaN, ""swfac"": 0.0, ""nstres"": 0.0}",0.0,0.0,820.6053924560547,0.0,1.1712286472320557,30.0,,0.0,0.0,30.0,150.0,5.492327880859378,17.492327880859378,Leave_One_experiments/all_year_offline_schedule_search/daily_outputs/FQA/FQA_2010_FQA2010_normal_grid_S0015_daily.csv
FQA,FQA,Fengqiu,2010,Leave_One_experiments\wth_generated_qc\FQA\FQA2010.WTH,normal_year;nitrogen_stress_year;low_response_year,normal,FQA2010_normal_grid_S0015,pareto_balanced,2010-07-17,198,42,37,"{""sim_day"": 42.0, ""doy"": 198.0, ""topwt"": 908.5440063476562, ""grnwt"": 0.0, ""xlai"": 1.2552673816680908, ""totir"": 30.0, ""tofer"": NaN, ""swfac"": 0.0, ""nstres"": 0.0}",0.0,0.0,908.5440063476562,0.0,1.2552673816680908,30.0,,0.0,0.0,30.0,150.0,5.492327880859378,17.492327880859378,Leave_One_experiments/all_year_offline_schedule_search/daily_outputs/FQA/FQA_2010_FQA2010_normal_grid_S0015_daily.csv
FQA,FQA,Fengqiu,2010,Leave_One_experiments\wth_generated_qc\FQA\FQA2010.WTH,normal_year;nitrogen_stress_year;low_response_year,normal,FQA2010_normal_grid_S0015,pareto_balanced,2010-07-18,199,43,38,"{""sim_day"": 43.0, ""doy"": 199.0, ""topwt"": 973.2453918457032, ""grnwt"": 0.0, ""xlai"": 1.3146100044250488, ""totir"": 30.0, ""tofer"": NaN, ""swfac"": 0.0, ""nstres"": 0.0}",0.0,0.0,973.2453918457032,0.0,1.3146100044250488,30.0,,0.0,0.0,30.0,150.0,5.492327880859378,17.492327880859378,Leave_One_experiments/all_year_offline_schedule_search/daily_outputs/FQA/FQA_2010_FQA2010_normal_grid_S0015_daily.csv
FQA,FQA,Fengqiu,2010,Leave_One_experiments\wth_generated_qc\FQA\FQA2010.WTH,normal_year;nitrogen_stress_year;low_response_year,normal,FQA2010_normal_grid_S0015,pareto_balanced,2010-07-19,200,44,39,"{""sim_day"": 44.0, ""doy"": 200.0, ""topwt"": 1068.515396118164, ""grnwt"": 0.0, ""xlai"": 1.3985192775726318, ""totir"": 30.0, ""tofer"": NaN, ""swfac"": 0.0, ""nstres"": 0.0}",0.0,0.0,1068.515396118164,0.0,1.3985192775726318,30.0,,0.0,0.0,30.0,150.0,5.492327880859378,17.492327880859378,Leave_One_experiments/all_year_offline_schedule_search/daily_outputs/FQA/FQA_2010_FQA2010_normal_grid_S0015_daily.csv
FQA,FQA,Fengqiu,2010,Leave_One_experiments\wth_generated_qc\FQA\FQA2010.WTH,normal_year;nitrogen_stress_year;low_response_year,normal,FQA2010_normal_grid_S0015,pareto_balanced,2010-07-20,201,45,40,"{""sim_day"": 45.0, ""doy"": 201.0, ""topwt"": 1335.3024291992188, ""grnwt"": 0.0, ""xlai"": 1.4998302459716797, ""totir"": 30.0, ""tofer"": NaN, ""swfac"": 0.0, ""nstres"": 0.0}",0.0,0.0,1335.3024291992188,0.0,1.4998302459716797,30.0,,0.0,0.0,30.0,150.0,5.492327880859378,17.492327880859378,Leave_One_experiments/all_year_offline_schedule_search/daily_outputs/FQA/FQA_2010_FQA2010_normal_grid_S0015_daily.csv
FQA,FQA,Fengqiu,2010,Leave_One_experiments\wth_generated_qc\FQA\FQA2010.WTH,normal_year;nitrogen_stress_year;low_response_year,normal,FQA2010_normal_grid_S0015,pareto_balanced,2010-07-21,202,46,41,"{""sim_day"": 46.0, ""doy"": 202.0, ""topwt"": 1609.4090270996094, ""grnwt"": 0.0, ""xlai"": 1.5972121953964231, ""totir"": 30.0, ""tofer"": NaN, ""swfac"": 0.0, ""nstres"": 0.0}",0.0,0.0,1609.4090270996094,0.0,1.5972121953964231,30.0,,0.0,0.0,30.0,150.0,5.492327880859378,17.492327880859378,Leave_One_experiments/all_year_offline_schedule_search/daily_outputs/FQA/FQA_2010_FQA2010_normal_grid_S0015_daily.csv
FQA,FQA,Fengqiu,2010,Leave_One_experiments\wth_generated_qc\FQA\FQA2010.WTH,normal_year;nitrogen_stress_year;low_response_year,normal,FQA2010_normal_grid_S0015,pareto_balanced,2010-07-22,203,47,42,"{""sim_day"": 47.0, ""doy"": 203.0, ""topwt"": 1799.6673583984375, ""grnwt"": 0.0, ""xlai"": 1.6611839532852173, ""totir"": 30.0, ""tofer"": NaN, ""swfac"": 0.0, ""nstres"": 0.0}",0.0,0.0,1799.6673583984375,0.0,1.6611839532852173,30.0,,0.0,0.0,30.0,150.0,5.492327880859378,17.492327880859378,Leave_One_experiments/all_year_offline_schedule_search/daily_outputs/FQA/FQA_2010_FQA2010_normal_grid_S0015_daily.csv
FQA,FQA,Fengqiu,2010,Leave_One_experiments\wth_generated_qc\FQA\FQA2010.WTH,normal_year;nitrogen_stress_year;low_response_year,normal,FQA2010_normal_grid_S0015,pareto_balanced,2010-07-23,204,48,43,"{""sim_day"": 48.0, ""doy"": 204.0, ""topwt"": 2004.4430541992188, ""grnwt"": 0.0, ""xlai"": 1.726668119430542, ""totir"": 30.0, ""tofer"": NaN, ""swfac"": 0.0, ""nstres"": 0.0}",0.0,0.0,2004.4430541992188,0.0,1.726668119430542,30.0,,0.0,0.0,30.0,150.0,5.492327880859378,17.492327880859378,Leave_One_experiments/all_year_offline_schedule_search/daily_outputs/FQA/FQA_2010_FQA2010_normal_grid_S0015_daily.csv
FQA,FQA,Fengqiu,2010,Leave_One_experiments\wth_generated_qc\FQA\FQA2010.WTH,normal_year;nitrogen_stress_year;low_response_year,normal,FQA2010_normal_grid_S0015,pareto_balanced,2010-07-24,205,49,44,"{""sim_day"": 49.0, ""doy"": 205.0, ""topwt"": 2202.886505126953, ""grnwt"": 0.0, ""xlai"": 1.7871966361999512, ""totir"": 30.0, ""tofer"": NaN, ""swfac"": 0.0, ""nstres"": 0.0}",0.0,0.0,2202.886505126953,0.0,1.7871966361999512,30.0,,0.0,0.0,30.0,150.0,5.492327880859378,17.492327880859378,Leave_One_experiments/all_year_offline_schedule_search/daily_outputs/FQA/FQA_2010_FQA2010_normal_grid_S0015_daily.csv
FQA,FQA,Fengqiu,2010,Leave_One_experiments\wth_generated_qc\FQA\FQA2010.WTH,normal_year;nitrogen_stress_year;low_response_year,normal,FQA2010_normal_grid_S0015,pareto_balanced,2010-07-25,206,50,45,"{""sim_day"": 50.0, ""doy"": 206.0, ""topwt"": 2474.8707580566406, ""grnwt"": 0.0, ""xlai"": 1.8666784763336184, ""totir"": 30.0, ""tofer"": NaN, ""swfac"": 0.0, ""nstres"": 0.0}",0.0,0.0,2474.8707580566406,0.0,1.8666784763336184,30.0,,0.0,0.0,30.0,150.0,5.492327880859378,17.492327880859378,Leave_One_experiments/all_year_offline_schedule_search/daily_outputs/FQA/FQA_2010_FQA2010_normal_grid_S0015_daily.csv
FQA,FQA,Fengqiu,2010,Leave_One_experiments\wth_generated_qc\FQA\FQA2010.WTH,normal_year;nitrogen_stress_year;low_response_year,normal,FQA2010_normal_grid_S0015,pareto_balanced,2010-07-26,207,51,46,"{""sim_day"": 51.0, ""doy"": 207.0, ""topwt"": 2747.5314331054688, ""grnwt"": 0.0, ""xlai"": 1.9432452917099, ""totir"": 30.0, ""tofer"": NaN, ""swfac"": 0.0, ""nstres"": 0.0}",0.0,0.0,2747.5314331054688,0.0,1.9432452917099,30.0,,0.0,0.0,30.0,150.0,5.492327880859378,17.492327880859378,Leave_One_experiments/all_year_offline_schedule_search/daily_outputs/FQA/FQA_2010_FQA2010_normal_grid_S0015_daily.csv
FQA,FQA,Fengqiu,2010,Leave_One_experiments\wth_generated_qc\FQA\FQA2010.WTH,normal_year;nitrogen_stress_year;low_response_year,normal,FQA2010_normal_grid_S0015,pareto_balanced,2010-07-27,208,52,47,"{""sim_day"": 52.0, ""doy"": 208.0, ""topwt"": 3020.098571777344, ""grnwt"": 0.0, ""xlai"": 2.017016649246216, ""totir"": 30.0, ""tofer"": NaN, ""swfac"": 0.0, ""nstres"": 0.0}",0.0,0.0,3020.098571777344,0.0,2.017016649246216,30.0,,0.0,0.0,30.0,150.0,5.492327880859378,17.492327880859378,Leave_One_experiments/all_year_offline_schedule_search/daily_outputs/FQA/FQA_2010_FQA2010_normal_grid_S0015_daily.csv
FQA,FQA,Fengqiu,2010,Leave_One_experiments\wth_generated_qc\FQA\FQA2010.WTH,normal_year;nitrogen_stress_year;low_response_year,normal,FQA2010_normal_grid_S0015,pareto_balanced,2010-07-28,209,53,48,"{""sim_day"": 53.0, ""doy"": 209.0, ""topwt"": 3305.0094604492188, ""grnwt"": 0.0, ""xlai"": 2.091424465179444, ""totir"": 30.0, ""tofer"": NaN, ""swfac"": 0.0, ""nstres"": 0.0}",0.0,0.0,3305.0094604492188,0.0,2.091424465179444,30.0,,0.0,0.0,30.0,150.0,5.492327880859378,17.492327880859378,Leave_One_experiments/all_year_offline_schedule_search/daily_outputs/FQA/FQA_2010_FQA2010_normal_grid_S0015_daily.csv
FQA,FQA,Fengqiu,2010,Leave_One_experiments\wth_generated_qc\FQA\FQA2010.WTH,normal_year;nitrogen_stress_year;low_response_year,normal,FQA2010_normal_grid_S0015,pareto_balanced,2010-07-29,210,54,49,"{""sim_day"": 54.0, ""doy"": 210.0, ""topwt"": 3572.699584960937, ""grnwt"": 0.0, ""xlai"": 2.161200046539306, ""totir"": 30.0, ""tofer"": NaN, ""swfac"": 0.0, ""nstres"": 0.0}",0.0,0.0,3572.699584960937,0.0,2.161200046539306,30.0,,0.0,0.0,30.0,150.0,5.492327880859378,17.492327880859378,Leave_One_experiments/all_year_offline_schedule_search/daily_outputs/FQA/FQA_2010_FQA2010_normal_grid_S0015_daily.csv
FQA,FQA,Fengqiu,2010,Leave_One_experiments\wth_generated_qc\FQA\FQA2010.WTH,normal_year;nitrogen_stress_year;low_response_year,normal,FQA2010_normal_grid_S0015,pareto_balanced,2010-07-30,211,55,50,"{""sim_day"": 55.0, ""doy"": 211.0, ""topwt"": 3872.423706054688, ""grnwt"": 0.0, ""xlai"": 2.2391934394836426, ""totir"": 30.0, ""tofer"": NaN, ""swfac"": 0.0, ""nstres"": 0.0}",0.0,0.0,3872.423706054688,0.0,2.2391934394836426,30.0,,0.0,0.0,30.0,150.0,5.492327880859378,17.492327880859378,Leave_One_experiments/all_year_offline_schedule_search/daily_outputs/FQA/FQA_2010_FQA2010_normal_grid_S0015_daily.csv
FQA,FQA,Fengqiu,2010,Leave_One_experiments\wth_generated_qc\FQA\FQA2010.WTH,normal_year;nitrogen_stress_year;low_response_year,normal,FQA2010_normal_grid_S0015,pareto_balanced,2010-07-31,212,56,51,"{""sim_day"": 56.0, ""doy"": 212.0, ""topwt"": 4031.0482788085938, ""grnwt"": 0.0, ""xlai"": 2.28031063079834, ""totir"": 30.0, ""tofer"": NaN, ""swfac"": 0.0, ""nstres"": 0.0}",0.0,0.0,4031.0482788085938,0.0,2.28031063079834,30.0,,0.0,0.0,30.0,150.0,5.492327880859378,17.492327880859378,Leave_One_experiments/all_year_offline_schedule_search/daily_outputs/FQA/FQA_2010_FQA2010_normal_grid_S0015_daily.csv
FQA,FQA,Fengqiu,2010,Leave_One_experiments\wth_generated_qc\FQA\FQA2010.WTH,normal_year;nitrogen_stress_year;low_response_year,normal,FQA2010_normal_grid_S0015,pareto_balanced,2010-08-01,213,57,52,"{""sim_day"": 57.0, ""doy"": 213.0, ""topwt"": 4257.406005859375, ""grnwt"": 0.0, ""xlai"": 2.339017629623413, ""totir"": 30.0, ""tofer"": NaN, ""swfac"": 0.0, ""nstres"": 0.0}",0.0,0.0,4257.406005859375,0.0,2.339017629623413,30.0,,0.0,0.0,30.0,150.0,5.492327880859378,17.492327880859378,Leave_One_experiments/all_year_offline_schedule_search/daily_outputs/FQA/FQA_2010_FQA2010_normal_grid_S0015_daily.csv
FQA,FQA,Fengqiu,2010,Leave_One_experiments\wth_generated_qc\FQA\FQA2010.WTH,normal_year;nitrogen_stress_year;low_response_year,normal,FQA2010_normal_grid_S0015,pareto_balanced,2010-08-02,214,58,53,"{""sim_day"": 58.0, ""doy"": 214.0, ""topwt"": 4519.500732421875, ""grnwt"": 0.0, ""xlai"": 2.4069201946258545, ""totir"": 30.0, ""tofer"": NaN, ""swfac"": 0.0, ""nstres"": 0.0}",0.0,0.0,4519.500732421875,0.0,2.4069201946258545,30.0,,0.0,0.0,30.0,150.0,5.492327880859378,17.492327880859378,Leave_One_experiments/all_year_offline_schedule_search/daily_outputs/FQA/FQA_2010_FQA2010_normal_grid_S0015_daily.csv
FQA,FQA,Fengqiu,2010,Leave_One_experiments\wth_generated_qc\FQA\FQA2010.WTH,normal_year;nitrogen_stress_year;low_response_year,normal,FQA2010_normal_grid_S0015,pareto_balanced,2010-08-03,215,59,54,"{""sim_day"": 59.0, ""doy"": 215.0, ""topwt"": 4792.789916992188, ""grnwt"": 0.0, ""xlai"": 2.47761607170105, ""totir"": 30.0, ""tofer"": NaN, ""swfac"": 0.0, ""nstres"": 0.0}",0.0,0.0,4792.789916992188,0.0,2.47761607170105,30.0,,0.0,0.0,30.0,150.0,5.492327880859378,17.492327880859378,Leave_One_experiments/all_year_offline_schedule_search/daily_outputs/FQA/FQA_2010_FQA2010_normal_grid_S0015_daily.csv
FQA,FQA,Fengqiu,2010,Leave_One_experiments\wth_generated_qc\FQA\FQA2010.WTH,normal_year;nitrogen_stress_year;low_response_year,normal,FQA2010_normal_grid_S0015,pareto_balanced,2010-08-04,216,60,55,"{""sim_day"": 60.0, ""doy"": 216.0, ""topwt"": 5060.546875, ""grnwt"": 0.0, ""xlai"": 2.5467662811279297, ""totir"": 30.0, ""tofer"": NaN, ""swfac"": 0.0, ""nstres"": 0.0}",0.0,0.0,5060.546875,0.0,2.5467662811279297,30.0,,0.0,0.0,30.0,150.0,5.492327880859378,17.492327880859378,Leave_One_experiments/all_year_offline_schedule_search/daily_outputs/FQA/FQA_2010_FQA2010_normal_grid_S0015_daily.csv
FQA,FQA,Fengqiu,2010,Leave_One_experiments\wth_generated_qc\FQA\FQA2010.WTH,normal_year;nitrogen_stress_year;low_response_year,normal,FQA2010_normal_grid_S0015,pareto_balanced,2010-08-05,217,61,56,"{""sim_day"": 61.0, ""doy"": 217.0, ""topwt"": 5308.44970703125, ""grnwt"": 0.0, ""xlai"": 2.6106772422790527, ""totir"": 30.0, ""tofer"": NaN, ""swfac"": 0.0, ""nstres"": 0.0}",0.0,0.0,5308.44970703125,0.0,2.6106772422790527,30.0,,0.0,0.0,30.0,150.0,5.492327880859378,17.492327880859378,Leave_One_experiments/all_year_offline_schedule_search/daily_outputs/FQA/FQA_2010_FQA2010_normal_grid_S0015_daily.csv
FQA,FQA,Fengqiu,2010,Leave_One_experiments\wth_generated_qc\FQA\FQA2010.WTH,normal_year;nitrogen_stress_year;low_response_year,normal,FQA2010_normal_grid_S0015,pareto_balanced,2010-08-06,218,62,57,"{""sim_day"": 62.0, ""doy"": 218.0, ""topwt"": 5483.53271484375, ""grnwt"": 0.0, ""xlai"": 2.5034916400909424, ""totir"": 30.0, ""tofer"": NaN, ""swfac"": 0.0, ""nstres"": 0.0}",0.0,0.0,5483.53271484375,0.0,2.5034916400909424,30.0,,0.0,0.0,30.0,150.0,5.492327880859378,17.492327880859378,Leave_One_experiments/all_year_offline_schedule_search/daily_outputs/FQA/FQA_2010_FQA2010_normal_grid_S0015_daily.csv
FQA,FQA,Fengqiu,2010,Leave_One_experiments\wth_generated_qc\FQA\FQA2010.WTH,normal_year;nitrogen_stress_year;low_response_year,normal,FQA2010_normal_grid_S0015,pareto_balanced,2010-08-07,219,63,58,"{""sim_day"": 63.0, ""doy"": 219.0, ""topwt"": 5747.8466796875, ""grnwt"": 0.0, ""xlai"": 2.4895052909851074, ""totir"": 30.0, ""tofer"": NaN, ""swfac"": 0.0, ""nstres"": 0.0}",0.0,0.0,5747.8466796875,0.0,2.4895052909851074,30.0,,0.0,0.0,30.0,150.0,5.492327880859378,17.492327880859378,Leave_One_experiments/all_year_offline_schedule_search/daily_outputs/FQA/FQA_2010_FQA2010_normal_grid_S0015_daily.csv
FQA,FQA,Fengqiu,2010,Leave_One_experiments\wth_generated_qc\FQA\FQA2010.WTH,normal_year;nitrogen_stress_year;low_response_year,normal,FQA2010_normal_grid_S0015,pareto_balanced,2010-08-08,220,64,59,"{""sim_day"": 64.0, ""doy"": 220.0, ""topwt"": 5988.322143554688, ""grnwt"": 0.0, ""xlai"": 2.475053071975708, ""totir"": 30.0, ""tofer"": NaN, ""swfac"": 0.0, ""nstres"": 0.0}",0.0,0.0,5988.322143554688,0.0,2.475053071975708,30.0,,0.0,0.0,30.0,150.0,5.492327880859378,17.492327880859378,Leave_One_experiments/all_year_offline_schedule_search/daily_outputs/FQA/FQA_2010_FQA2010_normal_grid_S0015_daily.csv
FQA,FQA,Fengqiu,2010,Leave_One_experiments\wth_generated_qc\FQA\FQA2010.WTH,normal_year;nitrogen_stress_year;low_response_year,normal,FQA2010_normal_grid_S0015,pareto_balanced,2010-08-09,221,65,60,"{""sim_day"": 65.0, ""doy"": 221.0, ""topwt"": 6157.2314453125, ""grnwt"": 0.0, ""xlai"": 2.4613285064697266, ""totir"": 30.0, ""tofer"": NaN, ""swfac"": 0.0, ""nstres"": 0.0}",0.0,0.0,6157.2314453125,0.0,2.4613285064697266,30.0,,0.0,50.0,30.0,150.0,5.492327880859378,17.492327880859378,Leave_One_experiments/all_year_offline_schedule_search/daily_outputs/FQA/FQA_2010_FQA2010_normal_grid_S0015_daily.csv
FQA,FQA,Fengqiu,2010,Leave_One_experiments\wth_generated_qc\FQA\FQA2010.WTH,normal_year;nitrogen_stress_year;low_response_year,normal,FQA2010_normal_grid_S0015,pareto_balanced,2010-08-10,222,66,61,"{""sim_day"": 66.0, ""doy"": 222.0, ""topwt"": 6305.8349609375, ""grnwt"": 0.0, ""xlai"": 2.4472556114196777, ""totir"": 30.0, ""tofer"": NaN, ""swfac"": 0.0, ""nstres"": 0.0}",0.0,0.0,6305.8349609375,0.0,2.4472556114196777,30.0,,0.0,0.0,30.0,150.0,5.492327880859378,17.492327880859378,Leave_One_experiments/all_year_offline_schedule_search/daily_outputs/FQA/FQA_2010_FQA2010_normal_grid_S0015_daily.csv
FQA,FQA,Fengqiu,2010,Leave_One_experiments\wth_generated_qc\FQA\FQA2010.WTH,normal_year;nitrogen_stress_year;low_response_year,normal,FQA2010_normal_grid_S0015,pareto_balanced,2010-08-11,223,67,62,"{""sim_day"": 67.0, ""doy"": 223.0, ""topwt"": 6372.5042724609375, ""grnwt"": 0.0, ""xlai"": 2.4351181983947754, ""totir"": 30.0, ""tofer"": NaN, ""swfac"": 0.0, ""nstres"": 0.0}",0.0,0.0,6372.5042724609375,0.0,2.4351181983947754,30.0,,0.0,0.0,30.0,150.0,5.492327880859378,17.492327880859378,Leave_One_experiments/all_year_offline_schedule_search/daily_outputs/FQA/FQA_2010_FQA2010_normal_grid_S0015_daily.csv
FQA,FQA,Fengqiu,2010,Leave_One_experiments\wth_generated_qc\FQA\FQA2010.WTH,normal_year;nitrogen_stress_year;low_response_year,normal,FQA2010_normal_grid_S0015,pareto_balanced,2010-08-12,224,68,63,"{""sim_day"": 68.0, ""doy"": 224.0, ""topwt"": 6546.00830078125, ""grnwt"": 0.0, ""xlai"": 2.42045259475708, ""totir"": 30.0, ""tofer"": NaN, ""swfac"": 0.0, ""nstres"": 0.0}",0.0,0.0,6546.00830078125,0.0,2.42045259475708,30.0,,0.0,0.0,30.0,150.0,5.492327880859378,17.492327880859378,Leave_One_experiments/all_year_offline_schedule_search/daily_outputs/FQA/FQA_2010_FQA2010_normal_grid_S0015_daily.csv
FQA,FQA,Fengqiu,2010,Leave_One_experiments\wth_generated_qc\FQA\FQA2010.WTH,normal_year;nitrogen_stress_year;low_response_year,normal,FQA2010_normal_grid_S0015,pareto_balanced,2010-08-13,225,69,64,"{""sim_day"": 69.0, ""doy"": 225.0, ""topwt"": 6660.0299072265625, ""grnwt"": 0.0, ""xlai"": 2.408381462097168, ""totir"": 30.0, ""tofer"": NaN, ""swfac"": 0.0, ""nstres"": 0.0}",0.0,0.0,6660.0299072265625,0.0,2.408381462097168,30.0,,0.0,0.0,30.0,150.0,5.492327880859378,17.492327880859378,Leave_One_experiments/all_year_offline_schedule_search/daily_outputs/FQA/FQA_2010_FQA2010_normal_grid_S0015_daily.csv
FQA,FQA,Fengqiu,2010,Leave_One_experiments\wth_generated_qc\FQA\FQA2010.WTH,normal_year;nitrogen_stress_year;low_response_year,normal,FQA2010_normal_grid_S0015,pareto_balanced,2010-08-14,226,70,65,"{""sim_day"": 70.0, ""doy"": 226.0, ""topwt"": 6804.3109130859375, ""grnwt"": 354.20482635498047, ""xlai"": 2.349851369857788, ""totir"": 30.0, ""tofer"": NaN, ""swfac"": 0.0, ""nstres"": 0.0}",0.0,0.0,6804.3109130859375,354.20482635498047,2.349851369857788,30.0,,0.0,0.0,30.0,150.0,5.492327880859378,17.492327880859378,Leave_One_experiments/all_year_offline_schedule_search/daily_outputs/FQA/FQA_2010_FQA2010_normal_grid_S0015_daily.csv
FQA,FQA,Fengqiu,2010,Leave_One_experiments\wth_generated_qc\FQA\FQA2010.WTH,normal_year;nitrogen_stress_year;low_response_year,normal,FQA2010_normal_grid_S0015,pareto_balanced,2010-08-15,227,71,66,"{""sim_day"": 71.0, ""doy"": 227.0, ""topwt"": 7187.200927734375, ""grnwt"": 708.4096527099609, ""xlai"": 2.339277982711792, ""totir"": 30.0, ""tofer"": NaN, ""swfac"": 0.0, ""nstres"": 0.0}",0.0,0.0,7187.200927734375,708.4096527099609,2.339277982711792,30.0,,0.0,0.0,30.0,150.0,5.492327880859378,17.492327880859378,Leave_One_experiments/all_year_offline_schedule_search/daily_outputs/FQA/FQA_2010_FQA2010_normal_grid_S0015_daily.csv
FQA,FQA,Fengqiu,2010,Leave_One_experiments\wth_generated_qc\FQA\FQA2010.WTH,normal_year;nitrogen_stress_year;low_response_year,normal,FQA2010_normal_grid_S0015,pareto_balanced,2010-08-16,228,72,67,"{""sim_day"": 72.0, ""doy"": 228.0, ""topwt"": 7554.43359375, ""grnwt"": 1062.6144409179688, ""xlai"": 2.326594591140747, ""totir"": 30.0, ""tofer"": NaN, ""swfac"": 0.0, ""nstres"": 0.0}",0.0,0.0,7554.43359375,1062.6144409179688,2.326594591140747,30.0,,0.0,0.0,30.0,150.0,5.492327880859378,17.492327880859378,Leave_One_experiments/all_year_offline_schedule_search/daily_outputs/FQA/FQA_2010_FQA2010_normal_grid_S0015_daily.csv
FQA,FQA,Fengqiu,2010,Leave_One_experiments\wth_generated_qc\FQA\FQA2010.WTH,normal_year;nitrogen_stress_year;low_response_year,normal,FQA2010_normal_grid_S0015,pareto_balanced,2010-08-17,229,73,68,"{""sim_day"": 73.0, ""doy"": 229.0, ""topwt"": 7855.9326171875, ""grnwt"": 1412.3918151855469, ""xlai"": 2.310434103012085, ""totir"": 30.0, ""tofer"": NaN, ""swfac"": 0.0, ""nstres"": 0.0}",0.0,0.0,7855.9326171875,1412.3918151855469,2.310434103012085,30.0,,0.0,0.0,30.0,150.0,5.492327880859378,17.492327880859378,Leave_One_experiments/all_year_offline_schedule_search/daily_outputs/FQA/FQA_2010_FQA2010_normal_grid_S0015_daily.csv
FQA,FQA,Fengqiu,2010,Leave_One_experiments\wth_generated_qc\FQA\FQA2010.WTH,normal_year;nitrogen_stress_year;low_response_year,normal,FQA2010_normal_grid_S0015,pareto_balanced,2010-08-18,230,74,69,"{""sim_day"": 74.0, ""doy"": 230.0, ""topwt"": 8053.5400390625, ""grnwt"": 1722.3210144042969, ""xlai"": 2.290386199951172, ""totir"": 30.0, ""tofer"": NaN, ""swfac"": 0.0, ""nstres"": 0.0}",0.0,0.0,8053.5400390625,1722.3210144042969,2.290386199951172,30.0,,0.0,0.0,30.0,150.0,5.492327880859378,17.492327880859378,Leave_One_experiments/all_year_offline_schedule_search/daily_outputs/FQA/FQA_2010_FQA2010_normal_grid_S0015_daily.csv
FQA,FQA,Fengqiu,2010,Leave_One_experiments\wth_generated_qc\FQA\FQA2010.WTH,normal_year;nitrogen_stress_year;low_response_year,normal,FQA2010_normal_grid_S0015,pareto_balanced,2010-08-19,231,75,70,"{""sim_day"": 75.0, ""doy"": 231.0, ""topwt"": 8144.019775390625, ""grnwt"": 2076.52587890625, ""xlai"": 2.271801233291626, ""totir"": 30.0, ""tofer"": NaN, ""swfac"": 0.0, ""nstres"": 0.0}",0.0,0.0,8144.019775390625,2076.52587890625,2.271801233291626,30.0,,0.0,0.0,30.0,150.0,5.492327880859378,17.492327880859378,Leave_One_experiments/all_year_offline_schedule_search/daily_outputs/FQA/FQA_2010_FQA2010_normal_grid_S0015_daily.csv
FQA,FQA,Fengqiu,2010,Leave_One_experiments\wth_generated_qc\FQA\FQA2010.WTH,normal_year;nitrogen_stress_year;low_response_year,normal,FQA2010_normal_grid_S0015,pareto_balanced,2010-08-20,232,76,71,"{""sim_day"": 76.0, ""doy"": 232.0, ""topwt"": 8440.5029296875, ""grnwt"": 2390.8827209472656, ""xlai"": 2.245439291000366, ""totir"": 30.0, ""tofer"": NaN, ""swfac"": 0.0, ""nstres"": 0.0}",0.0,0.0,8440.5029296875,2390.8827209472656,2.245439291000366,30.0,,0.0,0.0,30.0,150.0,5.492327880859378,17.492327880859378,Leave_One_experiments/all_year_offline_schedule_search/daily_outputs/FQA/FQA_2010_FQA2010_normal_grid_S0015_daily.csv
FQA,FQA,Fengqiu,2010,Leave_One_experiments\wth_generated_qc\FQA\FQA2010.WTH,normal_year;nitrogen_stress_year;low_response_year,normal,FQA2010_normal_grid_S0015,pareto_balanced,2010-08-21,233,77,72,"{""sim_day"": 77.0, ""doy"": 233.0, ""topwt"": 8371.39892578125, ""grnwt"": 2475.9934997558594, ""xlai"": 2.2225136756896973, ""totir"": 30.0, ""tofer"": NaN, ""swfac"": 0.0, ""nstres"": 0.0}",0.0,0.0,8371.39892578125,2475.9934997558594,2.2225136756896973,30.0,,0.0,0.0,30.0,150.0,5.492327880859378,17.492327880859378,Leave_One_experiments/all_year_offline_schedule_search/daily_outputs/FQA/FQA_2010_FQA2010_normal_grid_S0015_daily.csv
FQA,FQA,Fengqiu,2010,Leave_One_experiments\wth_generated_qc\FQA\FQA2010.WTH,normal_year;nitrogen_stress_year;low_response_year,normal,FQA2010_normal_grid_S0015,pareto_balanced,2010-08-22,234,78,73,"{""sim_day"": 78.0, ""doy"": 234.0, ""topwt"": 8454.475708007812, ""grnwt"": 2559.0701293945312, ""xlai"": 2.1987903118133545, ""totir"": 30.0, ""tofer"": NaN, ""swfac"": 0.0, ""nstres"": 0.0}",0.0,0.0,8454.475708007812,2559.0701293945312,2.1987903118133545,30.0,,0.0,0.0,30.0,150.0,5.492327880859378,17.492327880859378,Leave_One_experiments/all_year_offline_schedule_search/daily_outputs/FQA/FQA_2010_FQA2010_normal_grid_S0015_daily.csv
FQA,FQA,Fengqiu,2010,Leave_One_experiments\wth_generated_qc\FQA\FQA2010.WTH,normal_year;nitrogen_stress_year;low_response_year,normal,FQA2010_normal_grid_S0015,pareto_balanced,2010-08-23,235,79,74,"{""sim_day"": 79.0, ""doy"": 235.0, ""topwt"": 8510.706787109375, ""grnwt"": 2615.3012084960938, ""xlai"": 2.181023597717285, ""totir"": 30.0, ""tofer"": NaN, ""swfac"": 0.0, ""nstres"": 0.0}",0.0,0.0,8510.706787109375,2615.3012084960938,2.181023597717285,30.0,,0.0,0.0,30.0,150.0,5.492327880859378,17.492327880859378,Leave_One_experiments/all_year_offline_schedule_search/daily_outputs/FQA/FQA_2010_FQA2010_normal_grid_S0015_daily.csv
FQA,FQA,Fengqiu,2010,Leave_One_experiments\wth_generated_qc\FQA\FQA2010.WTH,normal_year;nitrogen_stress_year;low_response_year,normal,FQA2010_normal_grid_S0015,pareto_balanced,2010-08-24,236,80,75,"{""sim_day"": 80.0, ""doy"": 236.0, ""topwt"": 8574.979248046875, ""grnwt"": 2679.573974609375, ""xlai"": 2.158402681350708, ""totir"": 30.0, ""tofer"": NaN, ""swfac"": 0.0, ""nstres"": 0.0}",0.0,0.0,8574.979248046875,2679.573974609375,2.158402681350708,30.0,,0.0,0.0,30.0,150.0,5.492327880859378,17.492327880859378,Leave_One_experiments/all_year_offline_schedule_search/daily_outputs/FQA/FQA_2010_FQA2010_normal_grid_S0015_daily.csv
FQA,FQA,Fengqiu,2010,Leave_One_experiments\wth_generated_qc\FQA\FQA2010.WTH,normal_year;nitrogen_stress_year;low_response_year,normal,FQA2010_normal_grid_S0015,pareto_balanced,2010-08-25,237,81,76,"{""sim_day"": 81.0, ""doy"": 237.0, ""topwt"": 8645.520629882812, ""grnwt"": 2750.1150512695312, ""xlai"": 2.132120370864868, ""totir"": 30.0, ""tofer"": NaN, ""swfac"": 0.0, ""nstres"": 0.0}",0.0,0.0,8645.520629882812,2750.1150512695312,2.132120370864868,30.0,,0.0,0.0,30.0,150.0,5.492327880859378,17.492327880859378,Leave_One_experiments/all_year_offline_schedule_search/daily_outputs/FQA/FQA_2010_FQA2010_normal_grid_S0015_daily.csv
FQA,FQA,Fengqiu,2010,Leave_One_experiments\wth_generated_qc\FQA\FQA2010.WTH,normal_year;nitrogen_stress_year;low_response_year,normal,FQA2010_normal_grid_S0015,pareto_balanced,2010-08-26,238,82,77,"{""sim_day"": 82.0, ""doy"": 238.0, ""topwt"": 8986.5234375, ""grnwt"": 3091.117553710937, ""xlai"": 2.0968093872070312, ""totir"": 30.0, ""tofer"": NaN, ""swfac"": 0.0, ""nstres"": 0.0}",0.0,0.0,8986.5234375,3091.117553710937,2.0968093872070312,30.0,,0.0,0.0,30.0,150.0,5.492327880859378,17.492327880859378,Leave_One_experiments/all_year_offline_schedule_search/daily_outputs/FQA/FQA_2010_FQA2010_normal_grid_S0015_daily.csv
FQA,FQA,Fengqiu,2010,Leave_One_experiments\wth_generated_qc\FQA\FQA2010.WTH,normal_year;nitrogen_stress_year;low_response_year,normal,FQA2010_normal_grid_S0015,pareto_balanced,2010-08-27,239,83,78,"{""sim_day"": 83.0, ""doy"": 239.0, ""topwt"": 9328.214111328123, ""grnwt"": 3432.808532714844, ""xlai"": 2.060708999633789, ""totir"": 30.0, ""tofer"": NaN, ""swfac"": 0.0, ""nstres"": 0.0}",0.0,0.0,9328.214111328123,3432.808532714844,2.060708999633789,30.0,,0.0,0.0,30.0,150.0,5.492327880859378,17.492327880859378,Leave_One_experiments/all_year_offline_schedule_search/daily_outputs/FQA/FQA_2010_FQA2010_normal_grid_S0015_daily.csv
FQA,FQA,Fengqiu,2010,Leave_One_experiments\wth_generated_qc\FQA\FQA2010.WTH,normal_year;nitrogen_stress_year;low_response_year,normal,FQA2010_normal_grid_S0015,pareto_balanced,2010-08-28,240,84,79,"{""sim_day"": 84.0, ""doy"": 240.0, ""topwt"": 9662.388305664062, ""grnwt"": 3766.982727050781, ""xlai"": 2.019084215164185, ""totir"": 30.0, ""tofer"": NaN, ""swfac"": 0.0, ""nstres"": 0.0}",0.0,0.0,9662.388305664062,3766.982727050781,2.019084215164185,30.0,,0.0,0.0,30.0,150.0,5.492327880859378,17.492327880859378,Leave_One_experiments/all_year_offline_schedule_search/daily_outputs/FQA/FQA_2010_FQA2010_normal_grid_S0015_daily.csv
FQA,FQA,Fengqiu,2010,Leave_One_experiments\wth_generated_qc\FQA\FQA2010.WTH,normal_year;nitrogen_stress_year;low_response_year,normal,FQA2010_normal_grid_S0015,pareto_balanced,2010-08-29,241,85,80,"{""sim_day"": 85.0, ""doy"": 241.0, ""topwt"": 9901.109619140623, ""grnwt"": 4005.704345703125, ""xlai"": 1.9713361263275144, ""totir"": 30.0, ""tofer"": NaN, ""swfac"": 0.0, ""nstres"": 0.0}",0.0,0.0,9901.109619140623,4005.704345703125,1.9713361263275144,30.0,,0.0,0.0,30.0,150.0,5.492327880859378,17.492327880859378,Leave_One_experiments/all_year_offline_schedule_search/daily_outputs/FQA/FQA_2010_FQA2010_normal_grid_S0015_daily.csv
FQA,FQA,Fengqiu,2010,Leave_One_experiments\wth_generated_qc\FQA\FQA2010.WTH,normal_year;nitrogen_stress_year;low_response_year,normal,FQA2010_normal_grid_S0015,pareto_balanced,2010-08-30,242,86,81,"{""sim_day"": 86.0, ""doy"": 242.0, ""topwt"": 10045.879516601562, ""grnwt"": 4150.474548339844, ""xlai"": 1.919885873794556, ""totir"": 30.0, ""tofer"": NaN, ""swfac"": 0.0, ""nstres"": 0.0}",0.0,0.0,10045.879516601562,4150.474548339844,1.919885873794556,30.0,,0.0,0.0,30.0,150.0,5.492327880859378,17.492327880859378,Leave_One_experiments/all_year_offline_schedule_search/daily_outputs/FQA/FQA_2010_FQA2010_normal_grid_S0015_daily.csv
FQA,FQA,Fengqiu,2010,Leave_One_experiments\wth_generated_qc\FQA\FQA2010.WTH,normal_year;nitrogen_stress_year;low_response_year,normal,FQA2010_normal_grid_S0015,pareto_balanced,2010-08-31,243,87,82,"{""sim_day"": 87.0, ""doy"": 243.0, ""topwt"": 10308.447265625, ""grnwt"": 4413.0419921875, ""xlai"": 1.8637800216674805, ""totir"": 30.0, ""tofer"": NaN, ""swfac"": 0.0, ""nstres"": 0.0}",0.0,0.0,10308.447265625,4413.0419921875,1.8637800216674805,30.0,,0.0,0.0,30.0,150.0,5.492327880859378,17.492327880859378,Leave_One_experiments/all_year_offline_schedule_search/daily_outputs/FQA/FQA_2010_FQA2010_normal_grid_S0015_daily.csv
FQA,FQA,Fengqiu,2010,Leave_One_experiments\wth_generated_qc\FQA\FQA2010.WTH,normal_year;nitrogen_stress_year;low_response_year,normal,FQA2010_normal_grid_S0015,pareto_balanced,2010-09-01,244,88,83,"{""sim_day"": 88.0, ""doy"": 244.0, ""topwt"": 10414.09423828125, ""grnwt"": 4518.688659667969, ""xlai"": 1.8021786212921145, ""totir"": 30.0, ""tofer"": NaN, ""swfac"": 0.0, ""nstres"": 0.0}",0.0,0.0,10414.09423828125,4518.688659667969,1.8021786212921145,30.0,,0.0,0.0,30.0,150.0,5.492327880859378,17.492327880859378,Leave_One_experiments/all_year_offline_schedule_search/daily_outputs/FQA/FQA_2010_FQA2010_normal_grid_S0015_daily.csv
FQA,FQA,Fengqiu,2010,Leave_One_experiments\wth_generated_qc\FQA\FQA2010.WTH,normal_year;nitrogen_stress_year;low_response_year,normal,FQA2010_normal_grid_S0015,pareto_balanced,2010-09-02,245,89,84,"{""sim_day"": 89.0, ""doy"": 245.0, ""topwt"": 10651.9384765625, ""grnwt"": 4756.534118652344, ""xlai"": 1.7378792762756348, ""totir"": 30.0, ""tofer"": NaN, ""swfac"": 0.0, ""nstres"": 0.0}",0.0,0.0,10651.9384765625,4756.534118652344,1.7378792762756348,30.0,,0.0,0.0,30.0,150.0,5.492327880859378,17.492327880859378,Leave_One_experiments/all_year_offline_schedule_search/daily_outputs/FQA/FQA_2010_FQA2010_normal_grid_S0015_daily.csv
FQA,FQA,Fengqiu,2010,Leave_One_experiments\wth_generated_qc\FQA\FQA2010.WTH,normal_year;nitrogen_stress_year;low_response_year,normal,FQA2010_normal_grid_S0015,pareto_balanced,2010-09-03,246,90,85,"{""sim_day"": 90.0, ""doy"": 246.0, ""topwt"": 10891.260986328123, ""grnwt"": 4995.856018066406, ""xlai"": 1.6659789085388184, ""totir"": 30.0, ""tofer"": NaN, ""swfac"": 0.0, ""nstres"": 0.0}",0.0,0.0,10891.260986328123,4995.856018066406,1.6659789085388184,30.0,,0.0,0.0,30.0,150.0,5.492327880859378,17.492327880859378,Leave_One_experiments/all_year_offline_schedule_search/daily_outputs/FQA/FQA_2010_FQA2010_normal_grid_S0015_daily.csv
FQA,FQA,Fengqiu,2010,Leave_One_experiments\wth_generated_qc\FQA\FQA2010.WTH,normal_year;nitrogen_stress_year;low_response_year,normal,FQA2010_normal_grid_S0015,pareto_balanced,2010-09-04,247,91,86,"{""sim_day"": 91.0, ""doy"": 247.0, ""topwt"": 11018.37158203125, ""grnwt"": 5122.9669189453125, ""xlai"": 1.592361330986023, ""totir"": 30.0, ""tofer"": NaN, ""swfac"": 0.0, ""nstres"": 0.0}",0.0,0.0,11018.37158203125,5122.9669189453125,1.592361330986023,30.0,,0.0,0.0,30.0,150.0,5.492327880859378,17.492327880859378,Leave_One_experiments/all_year_offline_schedule_search/daily_outputs/FQA/FQA_2010_FQA2010_normal_grid_S0015_daily.csv
FQA,FQA,Fengqiu,2010,Leave_One_experiments\wth_generated_qc\FQA\FQA2010.WTH,normal_year;nitrogen_stress_year;low_response_year,normal,FQA2010_normal_grid_S0015,pareto_balanced,2010-09-05,248,92,87,"{""sim_day"": 92.0, ""doy"": 248.0, ""topwt"": 11040.91796875, ""grnwt"": 5145.5126953125, ""xlai"": 1.5262781381607056, ""totir"": 30.0, ""tofer"": NaN, ""swfac"": 0.0, ""nstres"": 0.0}",0.0,0.0,11040.91796875,5145.5126953125,1.5262781381607056,30.0,,0.0,0.0,30.0,150.0,5.492327880859378,17.492327880859378,Leave_One_experiments/all_year_offline_schedule_search/daily_outputs/FQA/FQA_2010_FQA2010_normal_grid_S0015_daily.csv
FQA,FQA,Fengqiu,2010,Leave_One_experiments\wth_generated_qc\FQA\FQA2010.WTH,normal_year;nitrogen_stress_year;low_response_year,normal,FQA2010_normal_grid_S0015,pareto_balanced,2010-09-06,249,93,88,"{""sim_day"": 93.0, ""doy"": 249.0, ""topwt"": 11067.05810546875, ""grnwt"": 5171.654052734375, ""xlai"": 1.463227152824402, ""totir"": 30.0, ""tofer"": NaN, ""swfac"": 0.0, ""nstres"": 0.0}",0.0,0.0,11067.05810546875,5171.654052734375,1.463227152824402,30.0,,0.0,0.0,30.0,150.0,5.492327880859378,17.492327880859378,Leave_One_experiments/all_year_offline_schedule_search/daily_outputs/FQA/FQA_2010_FQA2010_normal_grid_S0015_daily.csv
FQA,FQA,Fengqiu,2010,Leave_One_experiments\wth_generated_qc\FQA\FQA2010.WTH,normal_year;nitrogen_stress_year;low_response_year,normal,FQA2010_normal_grid_S0015,pareto_balanced,2010-09-07,250,94,89,"{""sim_day"": 94.0, ""doy"": 250.0, ""topwt"": 11126.1376953125, ""grnwt"": 5230.7330322265625, ""xlai"": 1.3990120887756348, ""totir"": 30.0, ""tofer"": NaN, ""swfac"": 0.0, ""nstres"": 0.0}",0.0,0.0,11126.1376953125,5230.7330322265625,1.3990120887756348,30.0,,0.0,0.0,30.0,150.0,5.492327880859378,17.492327880859378,Leave_One_experiments/all_year_offline_schedule_search/daily_outputs/FQA/FQA_2010_FQA2010_normal_grid_S0015_daily.csv
FQA,FQA,Fengqiu,2010,Leave_One_experiments\wth_generated_qc\FQA\FQA2010.WTH,normal_year;nitrogen_stress_year;low_response_year,normal,FQA2010_normal_grid_S0015,pareto_balanced,2010-09-08,251,95,90,"{""sim_day"": 95.0, ""doy"": 251.0, ""topwt"": 11247.730712890623, ""grnwt"": 5352.326049804688, ""xlai"": 1.3207167387008667, ""totir"": 30.0, ""tofer"": NaN, ""swfac"": 0.0, ""nstres"": 0.0}",0.0,0.0,11247.730712890623,5352.326049804688,1.3207167387008667,30.0,,0.0,0.0,30.0,150.0,5.492327880859378,17.492327880859378,Leave_One_experiments/all_year_offline_schedule_search/daily_outputs/FQA/FQA_2010_FQA2010_normal_grid_S0015_daily.csv
FQA,FQA,Fengqiu,2010,Leave_One_experiments\wth_generated_qc\FQA\FQA2010.WTH,normal_year;nitrogen_stress_year;low_response_year,normal,FQA2010_normal_grid_S0015,pareto_balanced,2010-09-09,252,96,91,"{""sim_day"": 96.0, ""doy"": 252.0, ""topwt"": 11472.42919921875, ""grnwt"": 5577.025146484375, ""xlai"": 1.2309985160827637, ""totir"": 30.0, ""tofer"": NaN, ""swfac"": 0.0, ""nstres"": 0.0}",0.0,0.0,11472.42919921875,5577.025146484375,1.2309985160827637,30.0,,0.0,0.0,30.0,150.0,5.492327880859378,17.492327880859378,Leave_One_experiments/all_year_offline_schedule_search/daily_outputs/FQA/FQA_2010_FQA2010_normal_grid_S0015_daily.csv
FQA,FQA,Fengqiu,2010,Leave_One_experiments\wth_generated_qc\FQA\FQA2010.WTH,normal_year;nitrogen_stress_year;low_response_year,normal,FQA2010_normal_grid_S0015,pareto_balanced,2010-09-10,253,97,92,"{""sim_day"": 97.0, ""doy"": 253.0, ""topwt"": 11694.637451171877, ""grnwt"": 5799.2327880859375, ""xlai"": 1.1298069953918457, ""totir"": 30.0, ""tofer"": NaN, ""swfac"": 0.0, ""nstres"": 0.0}",0.0,0.0,11694.637451171877,5799.2327880859375,1.1298069953918457,30.0,,0.0,0.0,30.0,150.0,5.492327880859378,17.492327880859378,Leave_One_experiments/all_year_offline_schedule_search/daily_outputs/FQA/FQA_2010_FQA2010_normal_grid_S0015_daily.csv
FQA,FQA,Fengqiu,2010,Leave_One_experiments\wth_generated_qc\FQA\FQA2010.WTH,normal_year;nitrogen_stress_year;low_response_year,normal,FQA2010_normal_grid_S0015,pareto_balanced,2010-09-11,254,98,93,"{""sim_day"": 98.0, ""doy"": 254.0, ""topwt"": 11694.637451171877, ""grnwt"": 5799.2327880859375, ""xlai"": 1.1298069953918457, ""totir"": 30.0, ""tofer"": NaN, ""swfac"": 0.0, ""nstres"": 0.0}",0.0,0.0,11694.637451171877,5799.2327880859375,1.1298069953918457,30.0,,0.0,0.0,30.0,150.0,5.492327880859378,17.492327880859378,Leave_One_experiments/all_year_offline_schedule_search/daily_outputs/FQA/FQA_2010_FQA2010_normal_grid_S0015_daily.csv
FQA,FQA,Fengqiu,2010,Leave_One_experiments\wth_generated_qc\FQA\FQA2010.WTH,normal_year;nitrogen_stress_year;low_response_year,normal,FQA2010_normal_grid_S0015,pareto_balanced,2010-09-12,255,99,94,"{""sim_day"": 99.0, ""doy"": 255.0, ""topwt"": 11694.637451171877, ""grnwt"": 5799.2327880859375, ""xlai"": 1.1298069953918457, ""totir"": 30.0, ""tofer"": NaN, ""swfac"": 0.0, ""nstres"": 0.0}",0.0,0.0,11694.637451171877,5799.2327880859375,1.1298069953918457,30.0,,0.0,0.0,30.0,150.0,5.492327880859378,17.492327880859378,Leave_One_experiments/all_year_offline_schedule_search/daily_outputs/FQA/FQA_2010_FQA2010_normal_grid_S0015_daily.csv
FQA,FQA,Fengqiu,2010,Leave_One_experiments\wth_generated_qc\FQA\FQA2010.WTH,normal_year;nitrogen_stress_year;low_response_year,normal,FQA2010_normal_grid_S0015,pareto_balanced,2010-09-13,256,100,95,"{""sim_day"": 100.0, ""doy"": 256.0, ""topwt"": 11694.637451171877, ""grnwt"": 5799.2327880859375, ""xlai"": 1.1298069953918457, ""totir"": 30.0, ""tofer"": NaN, ""swfac"": 0.0, ""nstres"": 0.0}",0.0,0.0,11694.637451171877,5799.2327880859375,1.1298069953918457,30.0,,0.0,0.0,30.0,150.0,5.492327880859378,17.492327880859378,Leave_One_experiments/all_year_offline_schedule_search/daily_outputs/FQA/FQA_2010_FQA2010_normal_grid_S0015_daily.csv
FQA,FQA,Fengqiu,2010,Leave_One_experiments\wth_generated_qc\FQA\FQA2010.WTH,normal_year;nitrogen_stress_year;low_response_year,normal,FQA2010_normal_grid_S0011,top_yield,2010-06-11,162,1,1,"{""sim_day"": 1.0, ""doy"": 162.0, ""topwt"": 0.0, ""grnwt"": 0.0, ""xlai"": 0.0, ""totir"": 0.0, ""tofer"": NaN, ""swfac"": 0.0, ""nstres"": 0.0}",0.0,0.0,0.0,0.0,0.0,0.0,,0.0,50.0,60.0,150.0,-9.507672119140622,14.492327880859378,Leave_One_experiments/all_year_offline_schedule_search/daily_outputs/FQA/FQA_2010_FQA2010_normal_grid_S0011_daily.csv
FQA,FQA,Fengqiu,2010,Leave_One_experiments\wth_generated_qc\FQA\FQA2010.WTH,normal_year;nitrogen_stress_year;low_response_year,normal,FQA2010_normal_grid_S0011,top_yield,2010-06-12,163,2,2,"{""sim_day"": 2.0, ""doy"": 163.0, ""topwt"": 0.0, ""grnwt"": 0.0, ""xlai"": 0.0, ""totir"": 0.0, ""tofer"": NaN, ""swfac"": 0.0, ""nstres"": 0.0}",0.0,0.0,0.0,0.0,0.0,0.0,,0.0,0.0,60.0,150.0,-9.507672119140622,14.492327880859378,Leave_One_experiments/all_year_offline_schedule_search/daily_outputs/FQA/FQA_2010_FQA2010_normal_grid_S0011_daily.csv
FQA,FQA,Fengqiu,2010,Leave_One_experiments\wth_generated_qc\FQA\FQA2010.WTH,normal_year;nitrogen_stress_year;low_response_year,normal,FQA2010_normal_grid_S0011,top_yield,2010-06-13,164,3,3,"{""sim_day"": 3.0, ""doy"": 164.0, ""topwt"": 0.0, ""grnwt"": 0.0, ""xlai"": 0.0, ""totir"": 0.0, ""tofer"": NaN, ""swfac"": 0.0, ""nstres"": 0.0}",0.0,0.0,0.0,0.0,0.0,0.0,,0.0,0.0,60.0,150.0,-9.507672119140622,14.492327880859378,Leave_One_experiments/all_year_offline_schedule_search/daily_outputs/FQA/FQA_2010_FQA2010_normal_grid_S0011_daily.csv
FQA,FQA,Fengqiu,2010,Leave_One_experiments\wth_generated_qc\FQA\FQA2010.WTH,normal_year;nitrogen_stress_year;low_response_year,normal,FQA2010_normal_grid_S0011,top_yield,2010-06-14,165,4,4,"{""sim_day"": 4.0, ""doy"": 165.0, ""topwt"": 0.0, ""grnwt"": 0.0, ""xlai"": 0.0, ""totir"": 0.0, ""tofer"": NaN, ""swfac"": 0.0, ""nstres"": 0.0}",0.0,0.0,0.0,0.0,0.0,0.0,,0.0,0.0,60.0,150.0,-9.507672119140622,14.492327880859378,Leave_One_experiments/all_year_offline_schedule_search/daily_outputs/FQA/FQA_2010_FQA2010_normal_grid_S0011_daily.csv
FQA,FQA,Fengqiu,2010,Leave_One_experiments\wth_generated_qc\FQA\FQA2010.WTH,normal_year;nitrogen_stress_year;low_response_year,normal,FQA2010_normal_grid_S0011,top_yield,2010-06-15,166,5,5,"{""sim_day"": 5.0, ""doy"": 166.0, ""topwt"": 0.0, ""grnwt"": 0.0, ""xlai"": 0.0, ""totir"": 0.0, ""tofer"": NaN, ""swfac"": 0.0, ""nstres"": 0.0}",0.0,0.0,0.0,0.0,0.0,0.0,,0.0,0.0,60.0,150.0,-9.507672119140622,14.492327880859378,Leave_One_experiments/all_year_offline_schedule_search/daily_outputs/FQA/FQA_2010_FQA2010_normal_grid_S0011_daily.csv
FQA,FQA,Fengqiu,2010,Leave_One_experiments\wth_generated_qc\FQA\FQA2010.WTH,normal_year;nitrogen_stress_year;low_response_year,normal,FQA2010_normal_grid_S0011,top_yield,2010-06-11,162,6,1,"{""sim_day"": 6.0, ""doy"": 162.0, ""topwt"": 0.0, ""grnwt"": 0.0, ""xlai"": 0.0, ""totir"": 0.0, ""tofer"": NaN, ""swfac"": 0.0, ""nstres"": 0.0}",0.0,0.0,0.0,0.0,0.0,0.0,,0.0,0.0,60.0,150.0,-9.507672119140622,14.492327880859378,Leave_One_experiments/all_year_offline_schedule_search/daily_outputs/FQA/FQA_2010_FQA2010_normal_grid_S0011_daily.csv
FQA,FQA,Fengqiu,2010,Leave_One_experiments\wth_generated_qc\FQA\FQA2010.WTH,normal_year;nitrogen_stress_year;low_response_year,normal,FQA2010_normal_grid_S0011,top_yield,2010-06-12,163,7,2,"{""sim_day"": 7.0, ""doy"": 163.0, ""topwt"": 0.0, ""grnwt"": 0.0, ""xlai"": 0.0, ""totir"": 0.0, ""tofer"": NaN, ""swfac"": 0.0, ""nstres"": 0.0}",0.0,0.0,0.0,0.0,0.0,0.0,,0.0,0.0,60.0,150.0,-9.507672119140622,14.492327880859378,Leave_One_experiments/all_year_offline_schedule_search/daily_outputs/FQA/FQA_2010_FQA2010_normal_grid_S0011_daily.csv
FQA,FQA,Fengqiu,2010,Leave_One_experiments\wth_generated_qc\FQA\FQA2010.WTH,normal_year;nitrogen_stress_year;low_response_year,normal,FQA2010_normal_grid_S0011,top_yield,2010-06-13,164,8,3,"{""sim_day"": 8.0, ""doy"": 164.0, ""topwt"": 0.0, ""grnwt"": 0.0, ""xlai"": 0.0, ""totir"": 0.0, ""tofer"": NaN, ""swfac"": 0.0, ""nstres"": 0.0}",0.0,0.0,0.0,0.0,0.0,0.0,,0.0,0.0,60.0,150.0,-9.507672119140622,14.492327880859378,Leave_One_experiments/all_year_offline_schedule_search/daily_outputs/FQA/FQA_2010_FQA2010_normal_grid_S0011_daily.csv
FQA,FQA,Fengqiu,2010,Leave_One_experiments\wth_generated_qc\FQA\FQA2010.WTH,normal_year;nitrogen_stress_year;low_response_year,normal,FQA2010_normal_grid_S0011,top_yield,2010-06-14,165,9,4,"{""sim_day"": 9.0, ""doy"": 165.0, ""topwt"": 0.0, ""grnwt"": 0.0, ""xlai"": 0.0, ""totir"": 0.0, ""tofer"": NaN, ""swfac"": 0.0, ""nstres"": 0.0}",0.0,0.0,0.0,0.0,0.0,0.0,,0.0,0.0,60.0,150.0,-9.507672119140622,14.492327880859378,Leave_One_experiments/all_year_offline_schedule_search/daily_outputs/FQA/FQA_2010_FQA2010_normal_grid_S0011_daily.csv
FQA,FQA,Fengqiu,2010,Leave_One_experiments\wth_generated_qc\FQA\FQA2010.WTH,normal_year;nitrogen_stress_year;low_response_year,normal,FQA2010_normal_grid_S0011,top_yield,2010-06-15,166,10,5,"{""sim_day"": 10.0, ""doy"": 166.0, ""topwt"": 32.00000047683716, ""grnwt"": 0.0, ""xlai"": 0.0033887808676809, ""totir"": 0.0, ""tofer"": NaN, ""swfac"": 0.0, ""nstres"": 0.0121910572052001}",0.0,0.0121910572052001,32.00000047683716,0.0,0.0033887808676809,0.0,,0.0,0.0,60.0,150.0,-9.507672119140622,14.492327880859378,Leave_One_experiments/all_year_offline_schedule_search/daily_outputs/FQA/FQA_2010_FQA2010_normal_grid_S0011_daily.csv
FQA,FQA,Fengqiu,2010,Leave_One_experiments\wth_generated_qc\FQA\FQA2010.WTH,normal_year;nitrogen_stress_year;low_response_year,normal,FQA2010_normal_grid_S0011,top_yield,2010-06-16,167,11,6,"{""sim_day"": 11.0, ""doy"": 167.0, ""topwt"": 32.00000047683716, ""grnwt"": 0.0, ""xlai"": 0.0065094730816781, ""totir"": 0.0, ""tofer"": NaN, ""swfac"": 0.0, ""nstres"": 0.0}",0.0,0.0,32.00000047683716,0.0,0.0065094730816781,0.0,,0.0,0.0,60.0,150.0,-9.507672119140622,14.492327880859378,Leave_One_experiments/all_year_offline_schedule_search/daily_outputs/FQA/FQA_2010_FQA2010_normal_grid_S0011_daily.csv
FQA,FQA,Fengqiu,2010,Leave_One_experiments\wth_generated_qc\FQA\FQA2010.WTH,normal_year;nitrogen_stress_year;low_response_year,normal,FQA2010_normal_grid_S0011,top_yield,2010-06-17,168,12,7,"{""sim_day"": 12.0, ""doy"": 168.0, ""topwt"": 32.00000047683716, ""grnwt"": 0.0, ""xlai"": 0.0093221608549356, ""totir"": 0.0, ""tofer"": NaN, ""swfac"": 0.0, ""nstres"": 0.0}",0.0,0.0,32.00000047683716,0.0,0.0093221608549356,0.0,,0.0,0.0,60.0,150.0,-9.507672119140622,14.492327880859378,Leave_One_experiments/all_year_offline_schedule_search/daily_outputs/FQA/FQA_2010_FQA2010_normal_grid_S0011_daily.csv
FQA,FQA,Fengqiu,2010,Leave_One_experiments\wth_generated_qc\FQA\FQA2010.WTH,normal_year;nitrogen_stress_year;low_response_year,normal,FQA2010_normal_grid_S0011,top_yield,2010-06-18,169,13,8,"{""sim_day"": 13.0, ""doy"": 169.0, ""topwt"": 32.00000047683716, ""grnwt"": 0.0, ""xlai"": 0.0127370366826653, ""totir"": 0.0, ""tofer"": NaN, ""swfac"": 0.0, ""nstres"": 0.0}",0.0,0.0,32.00000047683716,0.0,0.0127370366826653,0.0,,0.0,0.0,60.0,150.0,-9.507672119140622,14.492327880859378,Leave_One_experiments/all_year_offline_schedule_search/daily_outputs/FQA/FQA_2010_FQA2010_normal_grid_S0011_daily.csv
FQA,FQA,Fengqiu,2010,Leave_One_experiments\wth_generated_qc\FQA\FQA2010.WTH,normal_year;nitrogen_stress_year;low_response_year,normal,FQA2010_normal_grid_S0011,top_yield,2010-06-19,170,14,9,"{""sim_day"": 14.0, ""doy"": 170.0, ""topwt"": 32.00000047683716, ""grnwt"": 0.0, ""xlai"": 0.0165773220360279, ""totir"": 0.0, ""tofer"": NaN, ""swfac"": 0.0, ""nstres"": 0.0}",0.0,0.0,32.00000047683716,0.0,0.0165773220360279,0.0,,0.0,0.0,60.0,150.0,-9.507672119140622,14.492327880859378,Leave_One_experiments/all_year_offline_schedule_search/daily_outputs/FQA/FQA_2010_FQA2010_normal_grid_S0011_daily.csv
FQA,FQA,Fengqiu,2010,Leave_One_experiments\wth_generated_qc\FQA\FQA2010.WTH,normal_year;nitrogen_stress_year;low_response_year,normal,FQA2010_normal_grid_S0011,top_yield,2010-06-20,171,15,10,"{""sim_day"": 15.0, ""doy"": 171.0, ""topwt"": 32.00000047683716, ""grnwt"": 0.0, ""xlai"": 0.0209615137428045, ""totir"": 0.0, ""tofer"": NaN, ""swfac"": 0.0, ""nstres"": 0.0}",0.0,0.0,32.00000047683716,0.0,0.0209615137428045,0.0,,0.0,0.0,60.0,150.0,-9.507672119140622,14.492327880859378,Leave_One_experiments/all_year_offline_schedule_search/daily_outputs/FQA/FQA_2010_FQA2010_normal_grid_S0011_daily.csv
FQA,FQA,Fengqiu,2010,Leave_One_experiments\wth_generated_qc\FQA\FQA2010.WTH,normal_year;nitrogen_stress_year;low_response_year,normal,FQA2010_normal_grid_S0011,top_yield,2010-06-21,172,16,11,"{""sim_day"": 16.0, ""doy"": 172.0, ""topwt"": 25.24570941925049, ""grnwt"": 0.0, ""xlai"": 0.0377690009772777, ""totir"": 0.0, ""tofer"": NaN, ""swfac"": 0.0, ""nstres"": 0.0}",0.0,0.0,25.24570941925049,0.0,0.0377690009772777,0.0,,0.0,0.0,60.0,150.0,-9.507672119140622,14.492327880859378,Leave_One_experiments/all_year_offline_schedule_search/daily_outputs/FQA/FQA_2010_FQA2010_normal_grid_S0011_daily.csv
FQA,FQA,Fengqiu,2010,Leave_One_experiments\wth_generated_qc\FQA\FQA2010.WTH,normal_year;nitrogen_stress_year;low_response_year,normal,FQA2010_normal_grid_S0011,top_yield,2010-06-22,173,17,12,"{""sim_day"": 17.0, ""doy"": 173.0, ""topwt"": 29.983177185058597, ""grnwt"": 0.0, ""xlai"": 0.0525054074823856, ""totir"": 0.0, ""tofer"": NaN, ""swfac"": 0.0, ""nstres"": 0.0}",0.0,0.0,29.983177185058597,0.0,0.0525054074823856,0.0,,0.0,0.0,60.0,150.0,-9.507672119140622,14.492327880859378,Leave_One_experiments/all_year_offline_schedule_search/daily_outputs/FQA/FQA_2010_FQA2010_normal_grid_S0011_daily.csv
FQA,FQA,Fengqiu,2010,Leave_One_experiments\wth_generated_qc\FQA\FQA2010.WTH,normal_year;nitrogen_stress_year;low_response_year,normal,FQA2010_normal_grid_S0011,top_yield,2010-06-23,174,18,13,"{""sim_day"": 18.0, ""doy"": 174.0, ""topwt"": 35.41168689727783, ""grnwt"": 0.0, ""xlai"": 0.0681610703468322, ""totir"": 0.0, ""tofer"": NaN, ""swfac"": 0.0, ""nstres"": 0.0}",0.0,0.0,35.41168689727783,0.0,0.0681610703468322,0.0,,0.0,0.0,60.0,150.0,-9.507672119140622,14.492327880859378,Leave_One_experiments/all_year_offline_schedule_search/daily_outputs/FQA/FQA_2010_FQA2010_normal_grid_S0011_daily.csv
FQA,FQA,Fengqiu,2010,Leave_One_experiments\wth_generated_qc\FQA\FQA2010.WTH,normal_year;nitrogen_stress_year;low_response_year,normal,FQA2010_normal_grid_S0011,top_yield,2010-06-24,175,19,14,"{""sim_day"": 19.0, ""doy"": 175.0, ""topwt"": 42.08553791046143, ""grnwt"": 0.0, ""xlai"": 0.0862063840031623, ""totir"": 0.0, ""tofer"": NaN, ""swfac"": 0.0, ""nstres"": 0.0}",0.0,0.0,42.08553791046143,0.0,0.0862063840031623,0.0,,0.0,0.0,60.0,150.0,-9.507672119140622,14.492327880859378,Leave_One_experiments/all_year_offline_schedule_search/daily_outputs/FQA/FQA_2010_FQA2010_normal_grid_S0011_daily.csv
FQA,FQA,Fengqiu,2010,Leave_One_experiments\wth_generated_qc\FQA\FQA2010.WTH,normal_year;nitrogen_stress_year;low_response_year,normal,FQA2010_normal_grid_S0011,top_yield,2010-06-25,176,20,15,"{""sim_day"": 20.0, ""doy"": 176.0, ""topwt"": 50.0956916809082, ""grnwt"": 0.0, ""xlai"": 0.1066313534975051, ""totir"": 0.0, ""tofer"": NaN, ""swfac"": 0.0, ""nstres"": 0.0}",0.0,0.0,50.0956916809082,0.0,0.1066313534975051,0.0,,0.0,0.0,60.0,150.0,-9.507672119140622,14.492327880859378,Leave_One_experiments/all_year_offline_schedule_search/daily_outputs/FQA/FQA_2010_FQA2010_normal_grid_S0011_daily.csv
FQA,FQA,Fengqiu,2010,Leave_One_experiments\wth_generated_qc\FQA\FQA2010.WTH,normal_year;nitrogen_stress_year;low_response_year,normal,FQA2010_normal_grid_S0011,top_yield,2010-06-26,177,21,16,"{""sim_day"": 21.0, ""doy"": 177.0, ""topwt"": 60.29807567596436, ""grnwt"": 0.0, ""xlai"": 0.1312386840581894, ""totir"": 0.0, ""tofer"": NaN, ""swfac"": 0.0, ""nstres"": 0.0}",0.0,0.0,60.29807567596436,0.0,0.1312386840581894,0.0,,0.0,0.0,60.0,150.0,-9.507672119140622,14.492327880859378,Leave_One_experiments/all_year_offline_schedule_search/daily_outputs/FQA/FQA_2010_FQA2010_normal_grid_S0011_daily.csv
FQA,FQA,Fengqiu,2010,Leave_One_experiments\wth_generated_qc\FQA\FQA2010.WTH,normal_year;nitrogen_stress_year;low_response_year,normal,FQA2010_normal_grid_S0011,top_yield,2010-06-27,178,22,17,"{""sim_day"": 22.0, ""doy"": 178.0, ""topwt"": 72.388596534729, ""grnwt"": 0.0, ""xlai"": 0.1588921993970871, ""totir"": 0.0, ""tofer"": NaN, ""swfac"": 0.0, ""nstres"": 0.0}",0.0,0.0,72.388596534729,0.0,0.1588921993970871,0.0,,0.0,0.0,60.0,150.0,-9.507672119140622,14.492327880859378,Leave_One_experiments/all_year_offline_schedule_search/daily_outputs/FQA/FQA_2010_FQA2010_normal_grid_S0011_daily.csv
FQA,FQA,Fengqiu,2010,Leave_One_experiments\wth_generated_qc\FQA\FQA2010.WTH,normal_year;nitrogen_stress_year;low_response_year,normal,FQA2010_normal_grid_S0011,top_yield,2010-06-28,179,23,18,"{""sim_day"": 23.0, ""doy"": 179.0, ""topwt"": 87.05996513366699, ""grnwt"": 0.0, ""xlai"": 0.1908033043146133, ""totir"": 0.0, ""tofer"": NaN, ""swfac"": 0.0, ""nstres"": 0.0}",0.0,0.0,87.05996513366699,0.0,0.1908033043146133,0.0,,0.0,0.0,60.0,150.0,-9.507672119140622,14.492327880859378,Leave_One_experiments/all_year_offline_schedule_search/daily_outputs/FQA/FQA_2010_FQA2010_normal_grid_S0011_daily.csv
FQA,FQA,Fengqiu,2010,Leave_One_experiments\wth_generated_qc\FQA\FQA2010.WTH,normal_year;nitrogen_stress_year;low_response_year,normal,FQA2010_normal_grid_S0011,top_yield,2010-06-29,180,24,19,"{""sim_day"": 24.0, ""doy"": 180.0, ""topwt"": 104.7609519958496, ""grnwt"": 0.0, ""xlai"": 0.2274803668260574, ""totir"": 0.0, ""tofer"": NaN, ""swfac"": 0.0, ""nstres"": 0.0}",0.0,0.0,104.7609519958496,0.0,0.2274803668260574,0.0,,0.0,0.0,60.0,150.0,-9.507672119140622,14.492327880859378,Leave_One_experiments/all_year_offline_schedule_search/daily_outputs/FQA/FQA_2010_FQA2010_normal_grid_S0011_daily.csv
FQA,FQA,Fengqiu,2010,Leave_One_experiments\wth_generated_qc\FQA\FQA2010.WTH,normal_year;nitrogen_stress_year;low_response_year,normal,FQA2010_normal_grid_S0011,top_yield,2010-06-30,181,25,20,"{""sim_day"": 25.0, ""doy"": 181.0, ""topwt"": 121.36353492736816, ""grnwt"": 0.0, ""xlai"": 0.2591754496097564, ""totir"": 0.0, ""tofer"": NaN, ""swfac"": 0.0, ""nstres"": 0.0}",0.0,0.0,121.36353492736816,0.0,0.2591754496097564,0.0,,0.0,0.0,60.0,150.0,-9.507672119140622,14.492327880859378,Leave_One_experiments/all_year_offline_schedule_search/daily_outputs/FQA/FQA_2010_FQA2010_normal_grid_S0011_daily.csv
FQA,FQA,Fengqiu,2010,Leave_One_experiments\wth_generated_qc\FQA\FQA2010.WTH,normal_year;nitrogen_stress_year;low_response_year,normal,FQA2010_normal_grid_S0011,top_yield,2010-07-01,182,26,21,"{""sim_day"": 26.0, ""doy"": 182.0, ""topwt"": 140.48537254333496, ""grnwt"": 0.0, ""xlai"": 0.296979010105133, ""totir"": 0.0, ""tofer"": NaN, ""swfac"": 0.0, ""nstres"": 0.0}",0.0,0.0,140.48537254333496,0.0,0.296979010105133,0.0,,0.0,0.0,60.0,150.0,-9.507672119140622,14.492327880859378,Leave_One_experiments/all_year_offline_schedule_search/daily_outputs/FQA/FQA_2010_FQA2010_normal_grid_S0011_daily.csv
FQA,FQA,Fengqiu,2010,Leave_One_experiments\wth_generated_qc\FQA\FQA2010.WTH,normal_year;nitrogen_stress_year;low_response_year,normal,FQA2010_normal_grid_S0011,top_yield,2010-07-02,183,27,22,"{""sim_day"": 27.0, ""doy"": 183.0, ""topwt"": 163.12175750732422, ""grnwt"": 0.0, ""xlai"": 0.3399529457092285, ""totir"": 0.0, ""tofer"": NaN, ""swfac"": 0.0, ""nstres"": 0.0}",0.0,0.0,163.12175750732422,0.0,0.3399529457092285,0.0,,0.0,0.0,60.0,150.0,-9.507672119140622,14.492327880859378,Leave_One_experiments/all_year_offline_schedule_search/daily_outputs/FQA/FQA_2010_FQA2010_normal_grid_S0011_daily.csv
FQA,FQA,Fengqiu,2010,Leave_One_experiments\wth_generated_qc\FQA\FQA2010.WTH,normal_year;nitrogen_stress_year;low_response_year,normal,FQA2010_normal_grid_S0011,top_yield,2010-07-03,184,28,23,"{""sim_day"": 28.0, ""doy"": 184.0, ""topwt"": 189.96957778930664, ""grnwt"": 0.0, ""xlai"": 0.3887311816215515, ""totir"": 0.0, ""tofer"": NaN, ""swfac"": 0.0, ""nstres"": 0.0}",0.0,0.0,189.96957778930664,0.0,0.3887311816215515,0.0,,0.0,0.0,60.0,150.0,-9.507672119140622,14.492327880859378,Leave_One_experiments/all_year_offline_schedule_search/daily_outputs/FQA/FQA_2010_FQA2010_normal_grid_S0011_daily.csv
FQA,FQA,Fengqiu,2010,Leave_One_experiments\wth_generated_qc\FQA\FQA2010.WTH,normal_year;nitrogen_stress_year;low_response_year,normal,FQA2010_normal_grid_S0011,top_yield,2010-07-04,185,29,24,"{""sim_day"": 29.0, ""doy"": 185.0, ""topwt"": 220.3292465209961, ""grnwt"": 0.0, ""xlai"": 0.4414030015468597, ""totir"": 0.0, ""tofer"": NaN, ""swfac"": 0.0, ""nstres"": 0.0}",0.0,0.0,220.3292465209961,0.0,0.4414030015468597,0.0,,0.0,0.0,60.0,150.0,-9.507672119140622,14.492327880859378,Leave_One_experiments/all_year_offline_schedule_search/daily_outputs/FQA/FQA_2010_FQA2010_normal_grid_S0011_daily.csv
FQA,FQA,Fengqiu,2010,Leave_One_experiments\wth_generated_qc\FQA\FQA2010.WTH,normal_year;nitrogen_stress_year;low_response_year,normal,FQA2010_normal_grid_S0011,top_yield,2010-07-05,186,30,25,"{""sim_day"": 30.0, ""doy"": 186.0, ""topwt"": 255.35070419311523, ""grnwt"": 0.0, ""xlai"": 0.4993011653423309, ""totir"": 0.0, ""tofer"": NaN, ""swfac"": 0.0, ""nstres"": 0.0}",0.0,0.0,255.35070419311523,0.0,0.4993011653423309,0.0,,0.0,0.0,60.0,150.0,-9.507672119140622,14.492327880859378,Leave_One_experiments/all_year_offline_schedule_search/daily_outputs/FQA/FQA_2010_FQA2010_normal_grid_S0011_daily.csv
FQA,FQA,Fengqiu,2010,Leave_One_experiments\wth_generated_qc\FQA\FQA2010.WTH,normal_year;nitrogen_stress_year;low_response_year,normal,FQA2010_normal_grid_S0011,top_yield,2010-07-06,187,31,26,"{""sim_day"": 31.0, ""doy"": 187.0, ""topwt"": 294.1512489318848, ""grnwt"": 0.0, ""xlai"": 0.5603570342063904, ""totir"": 0.0, ""tofer"": NaN, ""swfac"": 0.0, ""nstres"": 0.0}",0.0,0.0,294.1512489318848,0.0,0.5603570342063904,0.0,,0.0,0.0,60.0,150.0,-9.507672119140622,14.492327880859378,Leave_One_experiments/all_year_offline_schedule_search/daily_outputs/FQA/FQA_2010_FQA2010_normal_grid_S0011_daily.csv
FQA,FQA,Fengqiu,2010,Leave_One_experiments\wth_generated_qc\FQA\FQA2010.WTH,normal_year;nitrogen_stress_year;low_response_year,normal,FQA2010_normal_grid_S0011,top_yield,2010-07-07,188,32,27,"{""sim_day"": 32.0, ""doy"": 188.0, ""topwt"": 332.62962341308594, ""grnwt"": 0.0, ""xlai"": 0.6181654930114746, ""totir"": 0.0, ""tofer"": NaN, ""swfac"": 0.0, ""nstres"": 0.0}",0.0,0.0,332.62962341308594,0.0,0.6181654930114746,0.0,,0.0,0.0,60.0,150.0,-9.507672119140622,14.492327880859378,Leave_One_experiments/all_year_offline_schedule_search/daily_outputs/FQA/FQA_2010_FQA2010_normal_grid_S0011_daily.csv
FQA,FQA,Fengqiu,2010,Leave_One_experiments\wth_generated_qc\FQA\FQA2010.WTH,normal_year;nitrogen_stress_year;low_response_year,normal,FQA2010_normal_grid_S0011,top_yield,2010-07-08,189,33,28,"{""sim_day"": 33.0, ""doy"": 189.0, ""topwt"": 377.90523529052734, ""grnwt"": 0.0, ""xlai"": 0.6830196380615234, ""totir"": 0.0, ""tofer"": NaN, ""swfac"": 0.0, ""nstres"": 0.0}",0.0,0.0,377.90523529052734,0.0,0.6830196380615234,0.0,,0.0,0.0,60.0,150.0,-9.507672119140622,14.492327880859378,Leave_One_experiments/all_year_offline_schedule_search/daily_outputs/FQA/FQA_2010_FQA2010_normal_grid_S0011_daily.csv
FQA,FQA,Fengqiu,2010,Leave_One_experiments\wth_generated_qc\FQA\FQA2010.WTH,normal_year;nitrogen_stress_year;low_response_year,normal,FQA2010_normal_grid_S0011,top_yield,2010-07-09,190,34,29,"{""sim_day"": 34.0, ""doy"": 190.0, ""topwt"": 416.8853759765625, ""grnwt"": 0.0, ""xlai"": 0.7365944981575012, ""totir"": 0.0, ""tofer"": NaN, ""swfac"": 0.0, ""nstres"": 0.0}",0.0,0.0,416.8853759765625,0.0,0.7365944981575012,0.0,,0.0,0.0,60.0,150.0,-9.507672119140622,14.492327880859378,Leave_One_experiments/all_year_offline_schedule_search/daily_outputs/FQA/FQA_2010_FQA2010_normal_grid_S0011_daily.csv
FQA,FQA,Fengqiu,2010,Leave_One_experiments\wth_generated_qc\FQA\FQA2010.WTH,normal_year;nitrogen_stress_year;low_response_year,normal,FQA2010_normal_grid_S0011,top_yield,2010-07-10,191,35,30,"{""sim_day"": 35.0, ""doy"": 191.0, ""topwt"": 466.3349533081055, ""grnwt"": 0.0, ""xlai"": 0.8016411662101746, ""totir"": 0.0, ""tofer"": NaN, ""swfac"": 0.0, ""nstres"": 0.0}",0.0,0.0,466.3349533081055,0.0,0.8016411662101746,0.0,,0.0,50.0,60.0,150.0,-9.507672119140622,14.492327880859378,Leave_One_experiments/all_year_offline_schedule_search/daily_outputs/FQA/FQA_2010_FQA2010_normal_grid_S0011_daily.csv
FQA,FQA,Fengqiu,2010,Leave_One_experiments\wth_generated_qc\FQA\FQA2010.WTH,normal_year;nitrogen_stress_year;low_response_year,normal,FQA2010_normal_grid_S0011,top_yield,2010-07-11,192,36,31,"{""sim_day"": 36.0, ""doy"": 192.0, ""topwt"": 526.596794128418, ""grnwt"": 0.0, ""xlai"": 0.8770741820335388, ""totir"": 0.0, ""tofer"": NaN, ""swfac"": 0.0, ""nstres"": 0.0}",0.0,0.0,526.596794128418,0.0,0.8770741820335388,0.0,,0.0,0.0,60.0,150.0,-9.507672119140622,14.492327880859378,Leave_One_experiments/all_year_offline_schedule_search/daily_outputs/FQA/FQA_2010_FQA2010_normal_grid_S0011_daily.csv
FQA,FQA,Fengqiu,2010,Leave_One_experiments\wth_generated_qc\FQA\FQA2010.WTH,normal_year;nitrogen_stress_year;low_response_year,normal,FQA2010_normal_grid_S0011,top_yield,2010-07-12,193,37,32,"{""sim_day"": 37.0, ""doy"": 193.0, ""topwt"": 593.1727600097656, ""grnwt"": 0.0, ""xlai"": 0.9562529921531676, ""totir"": 0.0, ""tofer"": NaN, ""swfac"": 0.0, ""nstres"": 0.0}",0.0,0.0,593.1727600097656,0.0,0.9562529921531676,0.0,,0.0,0.0,60.0,150.0,-9.507672119140622,14.492327880859378,Leave_One_experiments/all_year_offline_schedule_search/daily_outputs/FQA/FQA_2010_FQA2010_normal_grid_S0011_daily.csv
FQA,FQA,Fengqiu,2010,Leave_One_experiments\wth_generated_qc\FQA\FQA2010.WTH,normal_year;nitrogen_stress_year;low_response_year,normal,FQA2010_normal_grid_S0011,top_yield,2010-07-13,194,38,33,"{""sim_day"": 38.0, ""doy"": 194.0, ""topwt"": 661.9167327880859, ""grnwt"": 0.0, ""xlai"": 1.0301485061645508, ""totir"": 0.0, ""tofer"": NaN, ""swfac"": 0.0, ""nstres"": 0.0292662382125854}",0.0,0.0292662382125854,661.9167327880859,0.0,1.0301485061645508,0.0,,0.0,0.0,60.0,150.0,-9.507672119140622,14.492327880859378,Leave_One_experiments/all_year_offline_schedule_search/daily_outputs/FQA/FQA_2010_FQA2010_normal_grid_S0011_daily.csv
FQA,FQA,Fengqiu,2010,Leave_One_experiments\wth_generated_qc\FQA\FQA2010.WTH,normal_year;nitrogen_stress_year;low_response_year,normal,FQA2010_normal_grid_S0011,top_yield,2010-07-14,195,39,34,"{""sim_day"": 39.0, ""doy"": 195.0, ""topwt"": 721.4247894287109, ""grnwt"": 0.0, ""xlai"": 1.0848206281661987, ""totir"": 0.0, ""tofer"": NaN, ""swfac"": 0.0, ""nstres"": 0.0699784159660339}",0.0,0.0699784159660339,721.4247894287109,0.0,1.0848206281661987,0.0,,0.0,0.0,60.0,150.0,-9.507672119140622,14.492327880859378,Leave_One_experiments/all_year_offline_schedule_search/daily_outputs/FQA/FQA_2010_FQA2010_normal_grid_S0011_daily.csv
FQA,FQA,Fengqiu,2010,Leave_One_experiments\wth_generated_qc\FQA\FQA2010.WTH,normal_year;nitrogen_stress_year;low_response_year,normal,FQA2010_normal_grid_S0011,top_yield,2010-07-15,196,40,35,"{""sim_day"": 40.0, ""doy"": 196.0, ""topwt"": 779.6859741210938, ""grnwt"": 0.0, ""xlai"": 1.130494236946106, ""totir"": 30.0, ""tofer"": NaN, ""swfac"": 0.0, ""nstres"": 0.1018037796020507}",0.0,0.1018037796020507,779.6859741210938,0.0,1.130494236946106,30.0,,30.0,0.0,60.0,150.0,-9.507672119140622,14.492327880859378,Leave_One_experiments/all_year_offline_schedule_search/daily_outputs/FQA/FQA_2010_FQA2010_normal_grid_S0011_daily.csv
FQA,FQA,Fengqiu,2010,Leave_One_experiments\wth_generated_qc\FQA\FQA2010.WTH,normal_year;nitrogen_stress_year;low_response_year,normal,FQA2010_normal_grid_S0011,top_yield,2010-07-16,197,41,36,"{""sim_day"": 41.0, ""doy"": 197.0, ""topwt"": 820.6053924560547, ""grnwt"": 0.0, ""xlai"": 1.1712286472320557, ""totir"": 30.0, ""tofer"": NaN, ""swfac"": 0.0, ""nstres"": 0.0}",0.0,0.0,820.6053924560547,0.0,1.1712286472320557,30.0,,0.0,0.0,60.0,150.0,-9.507672119140622,14.492327880859378,Leave_One_experiments/all_year_offline_schedule_search/daily_outputs/FQA/FQA_2010_FQA2010_normal_grid_S0011_daily.csv
FQA,FQA,Fengqiu,2010,Leave_One_experiments\wth_generated_qc\FQA\FQA2010.WTH,normal_year;nitrogen_stress_year;low_response_year,normal,FQA2010_normal_grid_S0011,top_yield,2010-07-17,198,42,37,"{""sim_day"": 42.0, ""doy"": 198.0, ""topwt"": 908.5440063476562, ""grnwt"": 0.0, ""xlai"": 1.2552673816680908, ""totir"": 30.0, ""tofer"": NaN, ""swfac"": 0.0, ""nstres"": 0.0}",0.0,0.0,908.5440063476562,0.0,1.2552673816680908,30.0,,0.0,0.0,60.0,150.0,-9.507672119140622,14.492327880859378,Leave_One_experiments/all_year_offline_schedule_search/daily_outputs/FQA/FQA_2010_FQA2010_normal_grid_S0011_daily.csv
FQA,FQA,Fengqiu,2010,Leave_One_experiments\wth_generated_qc\FQA\FQA2010.WTH,normal_year;nitrogen_stress_year;low_response_year,normal,FQA2010_normal_grid_S0011,top_yield,2010-07-18,199,43,38,"{""sim_day"": 43.0, ""doy"": 199.0, ""topwt"": 973.2453918457032, ""grnwt"": 0.0, ""xlai"": 1.3146100044250488, ""totir"": 30.0, ""tofer"": NaN, ""swfac"": 0.0, ""nstres"": 0.0}",0.0,0.0,973.2453918457032,0.0,1.3146100044250488,30.0,,0.0,0.0,60.0,150.0,-9.507672119140622,14.492327880859378,Leave_One_experiments/all_year_offline_schedule_search/daily_outputs/FQA/FQA_2010_FQA2010_normal_grid_S0011_daily.csv
FQA,FQA,Fengqiu,2010,Leave_One_experiments\wth_generated_qc\FQA\FQA2010.WTH,normal_year;nitrogen_stress_year;low_response_year,normal,FQA2010_normal_grid_S0011,top_yield,2010-07-19,200,44,39,"{""sim_day"": 44.0, ""doy"": 200.0, ""topwt"": 1068.515396118164, ""grnwt"": 0.0, ""xlai"": 1.3985192775726318, ""totir"": 30.0, ""tofer"": NaN, ""swfac"": 0.0, ""nstres"": 0.0}",0.0,0.0,1068.515396118164,0.0,1.3985192775726318,30.0,,0.0,0.0,60.0,150.0,-9.507672119140622,14.492327880859378,Leave_One_experiments/all_year_offline_schedule_search/daily_outputs/FQA/FQA_2010_FQA2010_normal_grid_S0011_daily.csv
FQA,FQA,Fengqiu,2010,Leave_One_experiments\wth_generated_qc\FQA\FQA2010.WTH,normal_year;nitrogen_stress_year;low_response_year,normal,FQA2010_normal_grid_S0011,top_yield,2010-07-20,201,45,40,"{""sim_day"": 45.0, ""doy"": 201.0, ""topwt"": 1335.3024291992188, ""grnwt"": 0.0, ""xlai"": 1.4998302459716797, ""totir"": 30.0, ""tofer"": NaN, ""swfac"": 0.0, ""nstres"": 0.0}",0.0,0.0,1335.3024291992188,0.0,1.4998302459716797,30.0,,0.0,0.0,60.0,150.0,-9.507672119140622,14.492327880859378,Leave_One_experiments/all_year_offline_schedule_search/daily_outputs/FQA/FQA_2010_FQA2010_normal_grid_S0011_daily.csv
FQA,FQA,Fengqiu,2010,Leave_One_experiments\wth_generated_qc\FQA\FQA2010.WTH,normal_year;nitrogen_stress_year;low_response_year,normal,FQA2010_normal_grid_S0011,top_yield,2010-07-21,202,46,41,"{""sim_day"": 46.0, ""doy"": 202.0, ""topwt"": 1609.4090270996094, ""grnwt"": 0.0, ""xlai"": 1.5972121953964231, ""totir"": 30.0, ""tofer"": NaN, ""swfac"": 0.0, ""nstres"": 0.0}",0.0,0.0,1609.4090270996094,0.0,1.5972121953964231,30.0,,0.0,0.0,60.0,150.0,-9.507672119140622,14.492327880859378,Leave_One_experiments/all_year_offline_schedule_search/daily_outputs/FQA/FQA_2010_FQA2010_normal_grid_S0011_daily.csv
FQA,FQA,Fengqiu,2010,Leave_One_experiments\wth_generated_qc\FQA\FQA2010.WTH,normal_year;nitrogen_stress_year;low_response_year,normal,FQA2010_normal_grid_S0011,top_yield,2010-07-22,203,47,42,"{""sim_day"": 47.0, ""doy"": 203.0, ""topwt"": 1799.6673583984375, ""grnwt"": 0.0, ""xlai"": 1.6611839532852173, ""totir"": 30.0, ""tofer"": NaN, ""swfac"": 0.0, ""nstres"": 0.0}",0.0,0.0,1799.6673583984375,0.0,1.6611839532852173,30.0,,0.0,0.0,60.0,150.0,-9.507672119140622,14.492327880859378,Leave_One_experiments/all_year_offline_schedule_search/daily_outputs/FQA/FQA_2010_FQA2010_normal_grid_S0011_daily.csv
FQA,FQA,Fengqiu,2010,Leave_One_experiments\wth_generated_qc\FQA\FQA2010.WTH,normal_year;nitrogen_stress_year;low_response_year,normal,FQA2010_normal_grid_S0011,top_yield,2010-07-23,204,48,43,"{""sim_day"": 48.0, ""doy"": 204.0, ""topwt"": 2004.4430541992188, ""grnwt"": 0.0, ""xlai"": 1.726668119430542, ""totir"": 30.0, ""tofer"": NaN, ""swfac"": 0.0, ""nstres"": 0.0}",0.0,0.0,2004.4430541992188,0.0,1.726668119430542,30.0,,0.0,0.0,60.0,150.0,-9.507672119140622,14.492327880859378,Leave_One_experiments/all_year_offline_schedule_search/daily_outputs/FQA/FQA_2010_FQA2010_normal_grid_S0011_daily.csv
FQA,FQA,Fengqiu,2010,Leave_One_experiments\wth_generated_qc\FQA\FQA2010.WTH,normal_year;nitrogen_stress_year;low_response_year,normal,FQA2010_normal_grid_S0011,top_yield,2010-07-24,205,49,44,"{""sim_day"": 49.0, ""doy"": 205.0, ""topwt"": 2202.886505126953, ""grnwt"": 0.0, ""xlai"": 1.7871966361999512, ""totir"": 30.0, ""tofer"": NaN, ""swfac"": 0.0, ""nstres"": 0.0}",0.0,0.0,2202.886505126953,0.0,1.7871966361999512,30.0,,0.0,0.0,60.0,150.0,-9.507672119140622,14.492327880859378,Leave_One_experiments/all_year_offline_schedule_search/daily_outputs/FQA/FQA_2010_FQA2010_normal_grid_S0011_daily.csv
FQA,FQA,Fengqiu,2010,Leave_One_experiments\wth_generated_qc\FQA\FQA2010.WTH,normal_year;nitrogen_stress_year;low_response_year,normal,FQA2010_normal_grid_S0011,top_yield,2010-07-25,206,50,45,"{""sim_day"": 50.0, ""doy"": 206.0, ""topwt"": 2474.8707580566406, ""grnwt"": 0.0, ""xlai"": 1.8666784763336184, ""totir"": 30.0, ""tofer"": NaN, ""swfac"": 0.0, ""nstres"": 0.0}",0.0,0.0,2474.8707580566406,0.0,1.8666784763336184,30.0,,0.0,0.0,60.0,150.0,-9.507672119140622,14.492327880859378,Leave_One_experiments/all_year_offline_schedule_search/daily_outputs/FQA/FQA_2010_FQA2010_normal_grid_S0011_daily.csv
FQA,FQA,Fengqiu,2010,Leave_One_experiments\wth_generated_qc\FQA\FQA2010.WTH,normal_year;nitrogen_stress_year;low_response_year,normal,FQA2010_normal_grid_S0011,top_yield,2010-07-26,207,51,46,"{""sim_day"": 51.0, ""doy"": 207.0, ""topwt"": 2747.5314331054688, ""grnwt"": 0.0, ""xlai"": 1.9432452917099, ""totir"": 30.0, ""tofer"": NaN, ""swfac"": 0.0, ""nstres"": 0.0}",0.0,0.0,2747.5314331054688,0.0,1.9432452917099,30.0,,0.0,0.0,60.0,150.0,-9.507672119140622,14.492327880859378,Leave_One_experiments/all_year_offline_schedule_search/daily_outputs/FQA/FQA_2010_FQA2010_normal_grid_S0011_daily.csv
FQA,FQA,Fengqiu,2010,Leave_One_experiments\wth_generated_qc\FQA\FQA2010.WTH,normal_year;nitrogen_stress_year;low_response_year,normal,FQA2010_normal_grid_S0011,top_yield,2010-07-27,208,52,47,"{""sim_day"": 52.0, ""doy"": 208.0, ""topwt"": 3020.098571777344, ""grnwt"": 0.0, ""xlai"": 2.017016649246216, ""totir"": 30.0, ""tofer"": NaN, ""swfac"": 0.0, ""nstres"": 0.0}",0.0,0.0,3020.098571777344,0.0,2.017016649246216,30.0,,0.0,0.0,60.0,150.0,-9.507672119140622,14.492327880859378,Leave_One_experiments/all_year_offline_schedule_search/daily_outputs/FQA/FQA_2010_FQA2010_normal_grid_S0011_daily.csv
FQA,FQA,Fengqiu,2010,Leave_One_experiments\wth_generated_qc\FQA\FQA2010.WTH,normal_year;nitrogen_stress_year;low_response_year,normal,FQA2010_normal_grid_S0011,top_yield,2010-07-28,209,53,48,"{""sim_day"": 53.0, ""doy"": 209.0, ""topwt"": 3305.0094604492188, ""grnwt"": 0.0, ""xlai"": 2.091424465179444, ""totir"": 30.0, ""tofer"": NaN, ""swfac"": 0.0, ""nstres"": 0.0}",0.0,0.0,3305.0094604492188,0.0,2.091424465179444,30.0,,0.0,0.0,60.0,150.0,-9.507672119140622,14.492327880859378,Leave_One_experiments/all_year_offline_schedule_search/daily_outputs/FQA/FQA_2010_FQA2010_normal_grid_S0011_daily.csv
FQA,FQA,Fengqiu,2010,Leave_One_experiments\wth_generated_qc\FQA\FQA2010.WTH,normal_year;nitrogen_stress_year;low_response_year,normal,FQA2010_normal_grid_S0011,top_yield,2010-07-29,210,54,49,"{""sim_day"": 54.0, ""doy"": 210.0, ""topwt"": 3572.699584960937, ""grnwt"": 0.0, ""xlai"": 2.161200046539306, ""totir"": 30.0, ""tofer"": NaN, ""swfac"": 0.0, ""nstres"": 0.0}",0.0,0.0,3572.699584960937,0.0,2.161200046539306,30.0,,0.0,0.0,60.0,150.0,-9.507672119140622,14.492327880859378,Leave_One_experiments/all_year_offline_schedule_search/daily_outputs/FQA/FQA_2010_FQA2010_normal_grid_S0011_daily.csv
FQA,FQA,Fengqiu,2010,Leave_One_experiments\wth_generated_qc\FQA\FQA2010.WTH,normal_year;nitrogen_stress_year;low_response_year,normal,FQA2010_normal_grid_S0011,top_yield,2010-07-30,211,55,50,"{""sim_day"": 55.0, ""doy"": 211.0, ""topwt"": 3872.423706054688, ""grnwt"": 0.0, ""xlai"": 2.2391934394836426, ""totir"": 30.0, ""tofer"": NaN, ""swfac"": 0.0, ""nstres"": 0.0}",0.0,0.0,3872.423706054688,0.0,2.2391934394836426,30.0,,0.0,0.0,60.0,150.0,-9.507672119140622,14.492327880859378,Leave_One_experiments/all_year_offline_schedule_search/daily_outputs/FQA/FQA_2010_FQA2010_normal_grid_S0011_daily.csv
FQA,FQA,Fengqiu,2010,Leave_One_experiments\wth_generated_qc\FQA\FQA2010.WTH,normal_year;nitrogen_stress_year;low_response_year,normal,FQA2010_normal_grid_S0011,top_yield,2010-07-31,212,56,51,"{""sim_day"": 56.0, ""doy"": 212.0, ""topwt"": 4031.0482788085938, ""grnwt"": 0.0, ""xlai"": 2.28031063079834, ""totir"": 30.0, ""tofer"": NaN, ""swfac"": 0.0, ""nstres"": 0.0}",0.0,0.0,4031.0482788085938,0.0,2.28031063079834,30.0,,0.0,0.0,60.0,150.0,-9.507672119140622,14.492327880859378,Leave_One_experiments/all_year_offline_schedule_search/daily_outputs/FQA/FQA_2010_FQA2010_normal_grid_S0011_daily.csv
FQA,FQA,Fengqiu,2010,Leave_One_experiments\wth_generated_qc\FQA\FQA2010.WTH,normal_year;nitrogen_stress_year;low_response_year,normal,FQA2010_normal_grid_S0011,top_yield,2010-08-01,213,57,52,"{""sim_day"": 57.0, ""doy"": 213.0, ""topwt"": 4257.406005859375, ""grnwt"": 0.0, ""xlai"": 2.339017629623413, ""totir"": 30.0, ""tofer"": NaN, ""swfac"": 0.0, ""nstres"": 0.0}",0.0,0.0,4257.406005859375,0.0,2.339017629623413,30.0,,0.0,0.0,60.0,150.0,-9.507672119140622,14.492327880859378,Leave_One_experiments/all_year_offline_schedule_search/daily_outputs/FQA/FQA_2010_FQA2010_normal_grid_S0011_daily.csv
FQA,FQA,Fengqiu,2010,Leave_One_experiments\wth_generated_qc\FQA\FQA2010.WTH,normal_year;nitrogen_stress_year;low_response_year,normal,FQA2010_normal_grid_S0011,top_yield,2010-08-02,214,58,53,"{""sim_day"": 58.0, ""doy"": 214.0, ""topwt"": 4519.500732421875, ""grnwt"": 0.0, ""xlai"": 2.4069201946258545, ""totir"": 30.0, ""tofer"": NaN, ""swfac"": 0.0, ""nstres"": 0.0}",0.0,0.0,4519.500732421875,0.0,2.4069201946258545,30.0,,0.0,0.0,60.0,150.0,-9.507672119140622,14.492327880859378,Leave_One_experiments/all_year_offline_schedule_search/daily_outputs/FQA/FQA_2010_FQA2010_normal_grid_S0011_daily.csv
FQA,FQA,Fengqiu,2010,Leave_One_experiments\wth_generated_qc\FQA\FQA2010.WTH,normal_year;nitrogen_stress_year;low_response_year,normal,FQA2010_normal_grid_S0011,top_yield,2010-08-03,215,59,54,"{""sim_day"": 59.0, ""doy"": 215.0, ""topwt"": 4792.789916992188, ""grnwt"": 0.0, ""xlai"": 2.47761607170105, ""totir"": 30.0, ""tofer"": NaN, ""swfac"": 0.0, ""nstres"": 0.0}",0.0,0.0,4792.789916992188,0.0,2.47761607170105,30.0,,0.0,0.0,60.0,150.0,-9.507672119140622,14.492327880859378,Leave_One_experiments/all_year_offline_schedule_search/daily_outputs/FQA/FQA_2010_FQA2010_normal_grid_S0011_daily.csv
FQA,FQA,Fengqiu,2010,Leave_One_experiments\wth_generated_qc\FQA\FQA2010.WTH,normal_year;nitrogen_stress_year;low_response_year,normal,FQA2010_normal_grid_S0011,top_yield,2010-08-04,216,60,55,"{""sim_day"": 60.0, ""doy"": 216.0, ""topwt"": 5060.546875, ""grnwt"": 0.0, ""xlai"": 2.5467662811279297, ""totir"": 30.0, ""tofer"": NaN, ""swfac"": 0.0, ""nstres"": 0.0}",0.0,0.0,5060.546875,0.0,2.5467662811279297,30.0,,0.0,0.0,60.0,150.0,-9.507672119140622,14.492327880859378,Leave_One_experiments/all_year_offline_schedule_search/daily_outputs/FQA/FQA_2010_FQA2010_normal_grid_S0011_daily.csv
FQA,FQA,Fengqiu,2010,Leave_One_experiments\wth_generated_qc\FQA\FQA2010.WTH,normal_year;nitrogen_stress_year;low_response_year,normal,FQA2010_normal_grid_S0011,top_yield,2010-08-05,217,61,56,"{""sim_day"": 61.0, ""doy"": 217.0, ""topwt"": 5308.44970703125, ""grnwt"": 0.0, ""xlai"": 2.6106772422790527, ""totir"": 30.0, ""tofer"": NaN, ""swfac"": 0.0, ""nstres"": 0.0}",0.0,0.0,5308.44970703125,0.0,2.6106772422790527,30.0,,0.0,0.0,60.0,150.0,-9.507672119140622,14.492327880859378,Leave_One_experiments/all_year_offline_schedule_search/daily_outputs/FQA/FQA_2010_FQA2010_normal_grid_S0011_daily.csv
FQA,FQA,Fengqiu,2010,Leave_One_experiments\wth_generated_qc\FQA\FQA2010.WTH,normal_year;nitrogen_stress_year;low_response_year,normal,FQA2010_normal_grid_S0011,top_yield,2010-08-06,218,62,57,"{""sim_day"": 62.0, ""doy"": 218.0, ""topwt"": 5483.53271484375, ""grnwt"": 0.0, ""xlai"": 2.5034916400909424, ""totir"": 30.0, ""tofer"": NaN, ""swfac"": 0.0, ""nstres"": 0.0}",0.0,0.0,5483.53271484375,0.0,2.5034916400909424,30.0,,0.0,0.0,60.0,150.0,-9.507672119140622,14.492327880859378,Leave_One_experiments/all_year_offline_schedule_search/daily_outputs/FQA/FQA_2010_FQA2010_normal_grid_S0011_daily.csv
FQA,FQA,Fengqiu,2010,Leave_One_experiments\wth_generated_qc\FQA\FQA2010.WTH,normal_year;nitrogen_stress_year;low_response_year,normal,FQA2010_normal_grid_S0011,top_yield,2010-08-07,219,63,58,"{""sim_day"": 63.0, ""doy"": 219.0, ""topwt"": 5747.8466796875, ""grnwt"": 0.0, ""xlai"": 2.4895052909851074, ""totir"": 30.0, ""tofer"": NaN, ""swfac"": 0.0, ""nstres"": 0.0}",0.0,0.0,5747.8466796875,0.0,2.4895052909851074,30.0,,0.0,0.0,60.0,150.0,-9.507672119140622,14.492327880859378,Leave_One_experiments/all_year_offline_schedule_search/daily_outputs/FQA/FQA_2010_FQA2010_normal_grid_S0011_daily.csv
FQA,FQA,Fengqiu,2010,Leave_One_experiments\wth_generated_qc\FQA\FQA2010.WTH,normal_year;nitrogen_stress_year;low_response_year,normal,FQA2010_normal_grid_S0011,top_yield,2010-08-08,220,64,59,"{""sim_day"": 64.0, ""doy"": 220.0, ""topwt"": 5988.322143554688, ""grnwt"": 0.0, ""xlai"": 2.475053071975708, ""totir"": 30.0, ""tofer"": NaN, ""swfac"": 0.0, ""nstres"": 0.0}",0.0,0.0,5988.322143554688,0.0,2.475053071975708,30.0,,0.0,0.0,60.0,150.0,-9.507672119140622,14.492327880859378,Leave_One_experiments/all_year_offline_schedule_search/daily_outputs/FQA/FQA_2010_FQA2010_normal_grid_S0011_daily.csv
FQA,FQA,Fengqiu,2010,Leave_One_experiments\wth_generated_qc\FQA\FQA2010.WTH,normal_year;nitrogen_stress_year;low_response_year,normal,FQA2010_normal_grid_S0011,top_yield,2010-08-09,221,65,60,"{""sim_day"": 65.0, ""doy"": 221.0, ""topwt"": 6157.2314453125, ""grnwt"": 0.0, ""xlai"": 2.4613285064697266, ""totir"": 30.0, ""tofer"": NaN, ""swfac"": 0.0, ""nstres"": 0.0}",0.0,0.0,6157.2314453125,0.0,2.4613285064697266,30.0,,0.0,50.0,60.0,150.0,-9.507672119140622,14.492327880859378,Leave_One_experiments/all_year_offline_schedule_search/daily_outputs/FQA/FQA_2010_FQA2010_normal_grid_S0011_daily.csv
FQA,FQA,Fengqiu,2010,Leave_One_experiments\wth_generated_qc\FQA\FQA2010.WTH,normal_year;nitrogen_stress_year;low_response_year,normal,FQA2010_normal_grid_S0011,top_yield,2010-08-10,222,66,61,"{""sim_day"": 66.0, ""doy"": 222.0, ""topwt"": 6305.8349609375, ""grnwt"": 0.0, ""xlai"": 2.4472556114196777, ""totir"": 30.0, ""tofer"": NaN, ""swfac"": 0.0, ""nstres"": 0.0}",0.0,0.0,6305.8349609375,0.0,2.4472556114196777,30.0,,0.0,0.0,60.0,150.0,-9.507672119140622,14.492327880859378,Leave_One_experiments/all_year_offline_schedule_search/daily_outputs/FQA/FQA_2010_FQA2010_normal_grid_S0011_daily.csv
FQA,FQA,Fengqiu,2010,Leave_One_experiments\wth_generated_qc\FQA\FQA2010.WTH,normal_year;nitrogen_stress_year;low_response_year,normal,FQA2010_normal_grid_S0011,top_yield,2010-08-11,223,67,62,"{""sim_day"": 67.0, ""doy"": 223.0, ""topwt"": 6372.5042724609375, ""grnwt"": 0.0, ""xlai"": 2.4351181983947754, ""totir"": 30.0, ""tofer"": NaN, ""swfac"": 0.0, ""nstres"": 0.0}",0.0,0.0,6372.5042724609375,0.0,2.4351181983947754,30.0,,0.0,0.0,60.0,150.0,-9.507672119140622,14.492327880859378,Leave_One_experiments/all_year_offline_schedule_search/daily_outputs/FQA/FQA_2010_FQA2010_normal_grid_S0011_daily.csv
FQA,FQA,Fengqiu,2010,Leave_One_experiments\wth_generated_qc\FQA\FQA2010.WTH,normal_year;nitrogen_stress_year;low_response_year,normal,FQA2010_normal_grid_S0011,top_yield,2010-08-12,224,68,63,"{""sim_day"": 68.0, ""doy"": 224.0, ""topwt"": 6546.00830078125, ""grnwt"": 0.0, ""xlai"": 2.42045259475708, ""totir"": 30.0, ""tofer"": NaN, ""swfac"": 0.0, ""nstres"": 0.0}",0.0,0.0,6546.00830078125,0.0,2.42045259475708,30.0,,0.0,0.0,60.0,150.0,-9.507672119140622,14.492327880859378,Leave_One_experiments/all_year_offline_schedule_search/daily_outputs/FQA/FQA_2010_FQA2010_normal_grid_S0011_daily.csv
FQA,FQA,Fengqiu,2010,Leave_One_experiments\wth_generated_qc\FQA\FQA2010.WTH,normal_year;nitrogen_stress_year;low_response_year,normal,FQA2010_normal_grid_S0011,top_yield,2010-08-13,225,69,64,"{""sim_day"": 69.0, ""doy"": 225.0, ""topwt"": 6660.0299072265625, ""grnwt"": 0.0, ""xlai"": 2.408381462097168, ""totir"": 30.0, ""tofer"": NaN, ""swfac"": 0.0, ""nstres"": 0.0}",0.0,0.0,6660.0299072265625,0.0,2.408381462097168,30.0,,0.0,0.0,60.0,150.0,-9.507672119140622,14.492327880859378,Leave_One_experiments/all_year_offline_schedule_search/daily_outputs/FQA/FQA_2010_FQA2010_normal_grid_S0011_daily.csv
FQA,FQA,Fengqiu,2010,Leave_One_experiments\wth_generated_qc\FQA\FQA2010.WTH,normal_year;nitrogen_stress_year;low_response_year,normal,FQA2010_normal_grid_S0011,top_yield,2010-08-14,226,70,65,"{""sim_day"": 70.0, ""doy"": 226.0, ""topwt"": 6804.3109130859375, ""grnwt"": 354.20482635498047, ""xlai"": 2.349851369857788, ""totir"": 60.0, ""tofer"": NaN, ""swfac"": 0.0, ""nstres"": 0.0}",0.0,0.0,6804.3109130859375,354.20482635498047,2.349851369857788,60.0,,30.0,0.0,60.0,150.0,-9.507672119140622,14.492327880859378,Leave_One_experiments/all_year_offline_schedule_search/daily_outputs/FQA/FQA_2010_FQA2010_normal_grid_S0011_daily.csv
FQA,FQA,Fengqiu,2010,Leave_One_experiments\wth_generated_qc\FQA\FQA2010.WTH,normal_year;nitrogen_stress_year;low_response_year,normal,FQA2010_normal_grid_S0011,top_yield,2010-08-15,227,71,66,"{""sim_day"": 71.0, ""doy"": 227.0, ""topwt"": 7187.200927734375, ""grnwt"": 708.4096527099609, ""xlai"": 2.339277982711792, ""totir"": 60.0, ""tofer"": NaN, ""swfac"": 0.0, ""nstres"": 0.0}",0.0,0.0,7187.200927734375,708.4096527099609,2.339277982711792,60.0,,0.0,0.0,60.0,150.0,-9.507672119140622,14.492327880859378,Leave_One_experiments/all_year_offline_schedule_search/daily_outputs/FQA/FQA_2010_FQA2010_normal_grid_S0011_daily.csv
FQA,FQA,Fengqiu,2010,Leave_One_experiments\wth_generated_qc\FQA\FQA2010.WTH,normal_year;nitrogen_stress_year;low_response_year,normal,FQA2010_normal_grid_S0011,top_yield,2010-08-16,228,72,67,"{""sim_day"": 72.0, ""doy"": 228.0, ""topwt"": 7554.43359375, ""grnwt"": 1062.6144409179688, ""xlai"": 2.326594591140747, ""totir"": 60.0, ""tofer"": NaN, ""swfac"": 0.0, ""nstres"": 0.0}",0.0,0.0,7554.43359375,1062.6144409179688,2.326594591140747,60.0,,0.0,0.0,60.0,150.0,-9.507672119140622,14.492327880859378,Leave_One_experiments/all_year_offline_schedule_search/daily_outputs/FQA/FQA_2010_FQA2010_normal_grid_S0011_daily.csv
FQA,FQA,Fengqiu,2010,Leave_One_experiments\wth_generated_qc\FQA\FQA2010.WTH,normal_year;nitrogen_stress_year;low_response_year,normal,FQA2010_normal_grid_S0011,top_yield,2010-08-17,229,73,68,"{""sim_day"": 73.0, ""doy"": 229.0, ""topwt"": 7855.9326171875, ""grnwt"": 1412.3918151855469, ""xlai"": 2.310434103012085, ""totir"": 60.0, ""tofer"": NaN, ""swfac"": 0.0, ""nstres"": 0.0}",0.0,0.0,7855.9326171875,1412.3918151855469,2.310434103012085,60.0,,0.0,0.0,60.0,150.0,-9.507672119140622,14.492327880859378,Leave_One_experiments/all_year_offline_schedule_search/daily_outputs/FQA/FQA_2010_FQA2010_normal_grid_S0011_daily.csv
FQA,FQA,Fengqiu,2010,Leave_One_experiments\wth_generated_qc\FQA\FQA2010.WTH,normal_year;nitrogen_stress_year;low_response_year,normal,FQA2010_normal_grid_S0011,top_yield,2010-08-18,230,74,69,"{""sim_day"": 74.0, ""doy"": 230.0, ""topwt"": 8053.5400390625, ""grnwt"": 1722.3210144042969, ""xlai"": 2.290386199951172, ""totir"": 60.0, ""tofer"": NaN, ""swfac"": 0.0, ""nstres"": 0.0}",0.0,0.0,8053.5400390625,1722.3210144042969,2.290386199951172,60.0,,0.0,0.0,60.0,150.0,-9.507672119140622,14.492327880859378,Leave_One_experiments/all_year_offline_schedule_search/daily_outputs/FQA/FQA_2010_FQA2010_normal_grid_S0011_daily.csv
FQA,FQA,Fengqiu,2010,Leave_One_experiments\wth_generated_qc\FQA\FQA2010.WTH,normal_year;nitrogen_stress_year;low_response_year,normal,FQA2010_normal_grid_S0011,top_yield,2010-08-19,231,75,70,"{""sim_day"": 75.0, ""doy"": 231.0, ""topwt"": 8144.019775390625, ""grnwt"": 2076.52587890625, ""xlai"": 2.271801233291626, ""totir"": 60.0, ""tofer"": NaN, ""swfac"": 0.0, ""nstres"": 0.0}",0.0,0.0,8144.019775390625,2076.52587890625,2.271801233291626,60.0,,0.0,0.0,60.0,150.0,-9.507672119140622,14.492327880859378,Leave_One_experiments/all_year_offline_schedule_search/daily_outputs/FQA/FQA_2010_FQA2010_normal_grid_S0011_daily.csv
FQA,FQA,Fengqiu,2010,Leave_One_experiments\wth_generated_qc\FQA\FQA2010.WTH,normal_year;nitrogen_stress_year;low_response_year,normal,FQA2010_normal_grid_S0011,top_yield,2010-08-20,232,76,71,"{""sim_day"": 76.0, ""doy"": 232.0, ""topwt"": 8440.5029296875, ""grnwt"": 2390.8827209472656, ""xlai"": 2.245439291000366, ""totir"": 60.0, ""tofer"": NaN, ""swfac"": 0.0, ""nstres"": 0.0}",0.0,0.0,8440.5029296875,2390.8827209472656,2.245439291000366,60.0,,0.0,0.0,60.0,150.0,-9.507672119140622,14.492327880859378,Leave_One_experiments/all_year_offline_schedule_search/daily_outputs/FQA/FQA_2010_FQA2010_normal_grid_S0011_daily.csv
FQA,FQA,Fengqiu,2010,Leave_One_experiments\wth_generated_qc\FQA\FQA2010.WTH,normal_year;nitrogen_stress_year;low_response_year,normal,FQA2010_normal_grid_S0011,top_yield,2010-08-21,233,77,72,"{""sim_day"": 77.0, ""doy"": 233.0, ""topwt"": 8371.39892578125, ""grnwt"": 2475.9934997558594, ""xlai"": 2.2225136756896973, ""totir"": 60.0, ""tofer"": NaN, ""swfac"": 0.0, ""nstres"": 0.0}",0.0,0.0,8371.39892578125,2475.9934997558594,2.2225136756896973,60.0,,0.0,0.0,60.0,150.0,-9.507672119140622,14.492327880859378,Leave_One_experiments/all_year_offline_schedule_search/daily_outputs/FQA/FQA_2010_FQA2010_normal_grid_S0011_daily.csv
FQA,FQA,Fengqiu,2010,Leave_One_experiments\wth_generated_qc\FQA\FQA2010.WTH,normal_year;nitrogen_stress_year;low_response_year,normal,FQA2010_normal_grid_S0011,top_yield,2010-08-22,234,78,73,"{""sim_day"": 78.0, ""doy"": 234.0, ""topwt"": 8454.475708007812, ""grnwt"": 2559.0701293945312, ""xlai"": 2.1987903118133545, ""totir"": 60.0, ""tofer"": NaN, ""swfac"": 0.0, ""nstres"": 0.0}",0.0,0.0,8454.475708007812,2559.0701293945312,2.1987903118133545,60.0,,0.0,0.0,60.0,150.0,-9.507672119140622,14.492327880859378,Leave_One_experiments/all_year_offline_schedule_search/daily_outputs/FQA/FQA_2010_FQA2010_normal_grid_S0011_daily.csv
FQA,FQA,Fengqiu,2010,Leave_One_experiments\wth_generated_qc\FQA\FQA2010.WTH,normal_year;nitrogen_stress_year;low_response_year,normal,FQA2010_normal_grid_S0011,top_yield,2010-08-23,235,79,74,"{""sim_day"": 79.0, ""doy"": 235.0, ""topwt"": 8510.706787109375, ""grnwt"": 2615.3012084960938, ""xlai"": 2.181023597717285, ""totir"": 60.0, ""tofer"": NaN, ""swfac"": 0.0, ""nstres"": 0.0}",0.0,0.0,8510.706787109375,2615.3012084960938,2.181023597717285,60.0,,0.0,0.0,60.0,150.0,-9.507672119140622,14.492327880859378,Leave_One_experiments/all_year_offline_schedule_search/daily_outputs/FQA/FQA_2010_FQA2010_normal_grid_S0011_daily.csv
FQA,FQA,Fengqiu,2010,Leave_One_experiments\wth_generated_qc\FQA\FQA2010.WTH,normal_year;nitrogen_stress_year;low_response_year,normal,FQA2010_normal_grid_S0011,top_yield,2010-08-24,236,80,75,"{""sim_day"": 80.0, ""doy"": 236.0, ""topwt"": 8574.979248046875, ""grnwt"": 2679.573974609375, ""xlai"": 2.158402681350708, ""totir"": 60.0, ""tofer"": NaN, ""swfac"": 0.0, ""nstres"": 0.0}",0.0,0.0,8574.979248046875,2679.573974609375,2.158402681350708,60.0,,0.0,0.0,60.0,150.0,-9.507672119140622,14.492327880859378,Leave_One_experiments/all_year_offline_schedule_search/daily_outputs/FQA/FQA_2010_FQA2010_normal_grid_S0011_daily.csv
FQA,FQA,Fengqiu,2010,Leave_One_experiments\wth_generated_qc\FQA\FQA2010.WTH,normal_year;nitrogen_stress_year;low_response_year,normal,FQA2010_normal_grid_S0011,top_yield,2010-08-25,237,81,76,"{""sim_day"": 81.0, ""doy"": 237.0, ""topwt"": 8645.520629882812, ""grnwt"": 2750.1150512695312, ""xlai"": 2.132120370864868, ""totir"": 60.0, ""tofer"": NaN, ""swfac"": 0.0, ""nstres"": 0.0}",0.0,0.0,8645.520629882812,2750.1150512695312,2.132120370864868,60.0,,0.0,0.0,60.0,150.0,-9.507672119140622,14.492327880859378,Leave_One_experiments/all_year_offline_schedule_search/daily_outputs/FQA/FQA_2010_FQA2010_normal_grid_S0011_daily.csv
FQA,FQA,Fengqiu,2010,Leave_One_experiments\wth_generated_qc\FQA\FQA2010.WTH,normal_year;nitrogen_stress_year;low_response_year,normal,FQA2010_normal_grid_S0011,top_yield,2010-08-26,238,82,77,"{""sim_day"": 82.0, ""doy"": 238.0, ""topwt"": 8986.5234375, ""grnwt"": 3091.117553710937, ""xlai"": 2.0968093872070312, ""totir"": 60.0, ""tofer"": NaN, ""swfac"": 0.0, ""nstres"": 0.0}",0.0,0.0,8986.5234375,3091.117553710937,2.0968093872070312,60.0,,0.0,0.0,60.0,150.0,-9.507672119140622,14.492327880859378,Leave_One_experiments/all_year_offline_schedule_search/daily_outputs/FQA/FQA_2010_FQA2010_normal_grid_S0011_daily.csv
FQA,FQA,Fengqiu,2010,Leave_One_experiments\wth_generated_qc\FQA\FQA2010.WTH,normal_year;nitrogen_stress_year;low_response_year,normal,FQA2010_normal_grid_S0011,top_yield,2010-08-27,239,83,78,"{""sim_day"": 83.0, ""doy"": 239.0, ""topwt"": 9328.214111328123, ""grnwt"": 3432.808532714844, ""xlai"": 2.060708999633789, ""totir"": 60.0, ""tofer"": NaN, ""swfac"": 0.0, ""nstres"": 0.0}",0.0,0.0,9328.214111328123,3432.808532714844,2.060708999633789,60.0,,0.0,0.0,60.0,150.0,-9.507672119140622,14.492327880859378,Leave_One_experiments/all_year_offline_schedule_search/daily_outputs/FQA/FQA_2010_FQA2010_normal_grid_S0011_daily.csv
FQA,FQA,Fengqiu,2010,Leave_One_experiments\wth_generated_qc\FQA\FQA2010.WTH,normal_year;nitrogen_stress_year;low_response_year,normal,FQA2010_normal_grid_S0011,top_yield,2010-08-28,240,84,79,"{""sim_day"": 84.0, ""doy"": 240.0, ""topwt"": 9662.388305664062, ""grnwt"": 3766.982727050781, ""xlai"": 2.019084215164185, ""totir"": 60.0, ""tofer"": NaN, ""swfac"": 0.0, ""nstres"": 0.0}",0.0,0.0,9662.388305664062,3766.982727050781,2.019084215164185,60.0,,0.0,0.0,60.0,150.0,-9.507672119140622,14.492327880859378,Leave_One_experiments/all_year_offline_schedule_search/daily_outputs/FQA/FQA_2010_FQA2010_normal_grid_S0011_daily.csv
FQA,FQA,Fengqiu,2010,Leave_One_experiments\wth_generated_qc\FQA\FQA2010.WTH,normal_year;nitrogen_stress_year;low_response_year,normal,FQA2010_normal_grid_S0011,top_yield,2010-08-29,241,85,80,"{""sim_day"": 85.0, ""doy"": 241.0, ""topwt"": 9901.109619140623, ""grnwt"": 4005.704345703125, ""xlai"": 1.9713361263275144, ""totir"": 60.0, ""tofer"": NaN, ""swfac"": 0.0, ""nstres"": 0.0}",0.0,0.0,9901.109619140623,4005.704345703125,1.9713361263275144,60.0,,0.0,0.0,60.0,150.0,-9.507672119140622,14.492327880859378,Leave_One_experiments/all_year_offline_schedule_search/daily_outputs/FQA/FQA_2010_FQA2010_normal_grid_S0011_daily.csv
FQA,FQA,Fengqiu,2010,Leave_One_experiments\wth_generated_qc\FQA\FQA2010.WTH,normal_year;nitrogen_stress_year;low_response_year,normal,FQA2010_normal_grid_S0011,top_yield,2010-08-30,242,86,81,"{""sim_day"": 86.0, ""doy"": 242.0, ""topwt"": 10045.879516601562, ""grnwt"": 4150.474548339844, ""xlai"": 1.919885873794556, ""totir"": 60.0, ""tofer"": NaN, ""swfac"": 0.0, ""nstres"": 0.0}",0.0,0.0,10045.879516601562,4150.474548339844,1.919885873794556,60.0,,0.0,0.0,60.0,150.0,-9.507672119140622,14.492327880859378,Leave_One_experiments/all_year_offline_schedule_search/daily_outputs/FQA/FQA_2010_FQA2010_normal_grid_S0011_daily.csv
FQA,FQA,Fengqiu,2010,Leave_One_experiments\wth_generated_qc\FQA\FQA2010.WTH,normal_year;nitrogen_stress_year;low_response_year,normal,FQA2010_normal_grid_S0011,top_yield,2010-08-31,243,87,82,"{""sim_day"": 87.0, ""doy"": 243.0, ""topwt"": 10308.447265625, ""grnwt"": 4413.0419921875, ""xlai"": 1.8637800216674805, ""totir"": 60.0, ""tofer"": NaN, ""swfac"": 0.0, ""nstres"": 0.0}",0.0,0.0,10308.447265625,4413.0419921875,1.8637800216674805,60.0,,0.0,0.0,60.0,150.0,-9.507672119140622,14.492327880859378,Leave_One_experiments/all_year_offline_schedule_search/daily_outputs/FQA/FQA_2010_FQA2010_normal_grid_S0011_daily.csv
FQA,FQA,Fengqiu,2010,Leave_One_experiments\wth_generated_qc\FQA\FQA2010.WTH,normal_year;nitrogen_stress_year;low_response_year,normal,FQA2010_normal_grid_S0011,top_yield,2010-09-01,244,88,83,"{""sim_day"": 88.0, ""doy"": 244.0, ""topwt"": 10414.09423828125, ""grnwt"": 4518.688659667969, ""xlai"": 1.8021786212921145, ""totir"": 60.0, ""tofer"": NaN, ""swfac"": 0.0, ""nstres"": 0.0}",0.0,0.0,10414.09423828125,4518.688659667969,1.8021786212921145,60.0,,0.0,0.0,60.0,150.0,-9.507672119140622,14.492327880859378,Leave_One_experiments/all_year_offline_schedule_search/daily_outputs/FQA/FQA_2010_FQA2010_normal_grid_S0011_daily.csv
FQA,FQA,Fengqiu,2010,Leave_One_experiments\wth_generated_qc\FQA\FQA2010.WTH,normal_year;nitrogen_stress_year;low_response_year,normal,FQA2010_normal_grid_S0011,top_yield,2010-09-02,245,89,84,"{""sim_day"": 89.0, ""doy"": 245.0, ""topwt"": 10651.9384765625, ""grnwt"": 4756.534118652344, ""xlai"": 1.7378792762756348, ""totir"": 60.0, ""tofer"": NaN, ""swfac"": 0.0, ""nstres"": 0.0}",0.0,0.0,10651.9384765625,4756.534118652344,1.7378792762756348,60.0,,0.0,0.0,60.0,150.0,-9.507672119140622,14.492327880859378,Leave_One_experiments/all_year_offline_schedule_search/daily_outputs/FQA/FQA_2010_FQA2010_normal_grid_S0011_daily.csv
FQA,FQA,Fengqiu,2010,Leave_One_experiments\wth_generated_qc\FQA\FQA2010.WTH,normal_year;nitrogen_stress_year;low_response_year,normal,FQA2010_normal_grid_S0011,top_yield,2010-09-03,246,90,85,"{""sim_day"": 90.0, ""doy"": 246.0, ""topwt"": 10891.260986328123, ""grnwt"": 4995.856018066406, ""xlai"": 1.6659789085388184, ""totir"": 60.0, ""tofer"": NaN, ""swfac"": 0.0, ""nstres"": 0.0}",0.0,0.0,10891.260986328123,4995.856018066406,1.6659789085388184,60.0,,0.0,0.0,60.0,150.0,-9.507672119140622,14.492327880859378,Leave_One_experiments/all_year_offline_schedule_search/daily_outputs/FQA/FQA_2010_FQA2010_normal_grid_S0011_daily.csv
FQA,FQA,Fengqiu,2010,Leave_One_experiments\wth_generated_qc\FQA\FQA2010.WTH,normal_year;nitrogen_stress_year;low_response_year,normal,FQA2010_normal_grid_S0011,top_yield,2010-09-04,247,91,86,"{""sim_day"": 91.0, ""doy"": 247.0, ""topwt"": 11018.37158203125, ""grnwt"": 5122.9669189453125, ""xlai"": 1.592361330986023, ""totir"": 60.0, ""tofer"": NaN, ""swfac"": 0.0, ""nstres"": 0.0}",0.0,0.0,11018.37158203125,5122.9669189453125,1.592361330986023,60.0,,0.0,0.0,60.0,150.0,-9.507672119140622,14.492327880859378,Leave_One_experiments/all_year_offline_schedule_search/daily_outputs/FQA/FQA_2010_FQA2010_normal_grid_S0011_daily.csv
FQA,FQA,Fengqiu,2010,Leave_One_experiments\wth_generated_qc\FQA\FQA2010.WTH,normal_year;nitrogen_stress_year;low_response_year,normal,FQA2010_normal_grid_S0011,top_yield,2010-09-05,248,92,87,"{""sim_day"": 92.0, ""doy"": 248.0, ""topwt"": 11040.91796875, ""grnwt"": 5145.5126953125, ""xlai"": 1.5262781381607056, ""totir"": 60.0, ""tofer"": NaN, ""swfac"": 0.0, ""nstres"": 0.0}",0.0,0.0,11040.91796875,5145.5126953125,1.5262781381607056,60.0,,0.0,0.0,60.0,150.0,-9.507672119140622,14.492327880859378,Leave_One_experiments/all_year_offline_schedule_search/daily_outputs/FQA/FQA_2010_FQA2010_normal_grid_S0011_daily.csv
FQA,FQA,Fengqiu,2010,Leave_One_experiments\wth_generated_qc\FQA\FQA2010.WTH,normal_year;nitrogen_stress_year;low_response_year,normal,FQA2010_normal_grid_S0011,top_yield,2010-09-06,249,93,88,"{""sim_day"": 93.0, ""doy"": 249.0, ""topwt"": 11067.05810546875, ""grnwt"": 5171.654052734375, ""xlai"": 1.463227152824402, ""totir"": 60.0, ""tofer"": NaN, ""swfac"": 0.0, ""nstres"": 0.0}",0.0,0.0,11067.05810546875,5171.654052734375,1.463227152824402,60.0,,0.0,0.0,60.0,150.0,-9.507672119140622,14.492327880859378,Leave_One_experiments/all_year_offline_schedule_search/daily_outputs/FQA/FQA_2010_FQA2010_normal_grid_S0011_daily.csv
FQA,FQA,Fengqiu,2010,Leave_One_experiments\wth_generated_qc\FQA\FQA2010.WTH,normal_year;nitrogen_stress_year;low_response_year,normal,FQA2010_normal_grid_S0011,top_yield,2010-09-07,250,94,89,"{""sim_day"": 94.0, ""doy"": 250.0, ""topwt"": 11126.1376953125, ""grnwt"": 5230.7330322265625, ""xlai"": 1.3990120887756348, ""totir"": 60.0, ""tofer"": NaN, ""swfac"": 0.0, ""nstres"": 0.0}",0.0,0.0,11126.1376953125,5230.7330322265625,1.3990120887756348,60.0,,0.0,0.0,60.0,150.0,-9.507672119140622,14.492327880859378,Leave_One_experiments/all_year_offline_schedule_search/daily_outputs/FQA/FQA_2010_FQA2010_normal_grid_S0011_daily.csv
FQA,FQA,Fengqiu,2010,Leave_One_experiments\wth_generated_qc\FQA\FQA2010.WTH,normal_year;nitrogen_stress_year;low_response_year,normal,FQA2010_normal_grid_S0011,top_yield,2010-09-08,251,95,90,"{""sim_day"": 95.0, ""doy"": 251.0, ""topwt"": 11247.730712890623, ""grnwt"": 5352.326049804688, ""xlai"": 1.3207167387008667, ""totir"": 60.0, ""tofer"": NaN, ""swfac"": 0.0, ""nstres"": 0.0}",0.0,0.0,11247.730712890623,5352.326049804688,1.3207167387008667,60.0,,0.0,0.0,60.0,150.0,-9.507672119140622,14.492327880859378,Leave_One_experiments/all_year_offline_schedule_search/daily_outputs/FQA/FQA_2010_FQA2010_normal_grid_S0011_daily.csv
FQA,FQA,Fengqiu,2010,Leave_One_experiments\wth_generated_qc\FQA\FQA2010.WTH,normal_year;nitrogen_stress_year;low_response_year,normal,FQA2010_normal_grid_S0011,top_yield,2010-09-09,252,96,91,"{""sim_day"": 96.0, ""doy"": 252.0, ""topwt"": 11472.42919921875, ""grnwt"": 5577.025146484375, ""xlai"": 1.2309985160827637, ""totir"": 60.0, ""tofer"": NaN, ""swfac"": 0.0, ""nstres"": 0.0}",0.0,0.0,11472.42919921875,5577.025146484375,1.2309985160827637,60.0,,0.0,0.0,60.0,150.0,-9.507672119140622,14.492327880859378,Leave_One_experiments/all_year_offline_schedule_search/daily_outputs/FQA/FQA_2010_FQA2010_normal_grid_S0011_daily.csv
FQA,FQA,Fengqiu,2010,Leave_One_experiments\wth_generated_qc\FQA\FQA2010.WTH,normal_year;nitrogen_stress_year;low_response_year,normal,FQA2010_normal_grid_S0011,top_yield,2010-09-10,253,97,92,"{""sim_day"": 97.0, ""doy"": 253.0, ""topwt"": 11694.637451171877, ""grnwt"": 5799.2327880859375, ""xlai"": 1.1298069953918457, ""totir"": 60.0, ""tofer"": NaN, ""swfac"": 0.0, ""nstres"": 0.0}",0.0,0.0,11694.637451171877,5799.2327880859375,1.1298069953918457,60.0,,0.0,0.0,60.0,150.0,-9.507672119140622,14.492327880859378,Leave_One_experiments/all_year_offline_schedule_search/daily_outputs/FQA/FQA_2010_FQA2010_normal_grid_S0011_daily.csv
FQA,FQA,Fengqiu,2010,Leave_One_experiments\wth_generated_qc\FQA\FQA2010.WTH,normal_year;nitrogen_stress_year;low_response_year,normal,FQA2010_normal_grid_S0011,top_yield,2010-09-11,254,98,93,"{""sim_day"": 98.0, ""doy"": 254.0, ""topwt"": 11694.637451171877, ""grnwt"": 5799.2327880859375, ""xlai"": 1.1298069953918457, ""totir"": 60.0, ""tofer"": NaN, ""swfac"": 0.0, ""nstres"": 0.0}",0.0,0.0,11694.637451171877,5799.2327880859375,1.1298069953918457,60.0,,0.0,0.0,60.0,150.0,-9.507672119140622,14.492327880859378,Leave_One_experiments/all_year_offline_schedule_search/daily_outputs/FQA/FQA_2010_FQA2010_normal_grid_S0011_daily.csv
FQA,FQA,Fengqiu,2010,Leave_One_experiments\wth_generated_qc\FQA\FQA2010.WTH,normal_year;nitrogen_stress_year;low_response_year,normal,FQA2010_normal_grid_S0011,top_yield,2010-09-12,255,99,94,"{""sim_day"": 99.0, ""doy"": 255.0, ""topwt"": 11694.637451171877, ""grnwt"": 5799.2327880859375, ""xlai"": 1.1298069953918457, ""totir"": 60.0, ""tofer"": NaN, ""swfac"": 0.0, ""nstres"": 0.0}",0.0,0.0,11694.637451171877,5799.2327880859375,1.1298069953918457,60.0,,0.0,0.0,60.0,150.0,-9.507672119140622,14.492327880859378,Leave_One_experiments/all_year_offline_schedule_search/daily_outputs/FQA/FQA_2010_FQA2010_normal_grid_S0011_daily.csv
FQA,FQA,Fengqiu,2010,Leave_One_experiments\wth_generated_qc\FQA\FQA2010.WTH,normal_year;nitrogen_stress_year;low_response_year,normal,FQA2010_normal_grid_S0011,top_yield,2010-09-13,256,100,95,"{""sim_day"": 100.0, ""doy"": 256.0, ""topwt"": 11694.637451171877, ""grnwt"": 5799.2327880859375, ""xlai"": 1.1298069953918457, ""totir"": 60.0, ""tofer"": NaN, ""swfac"": 0.0, ""nstres"": 0.0}",0.0,0.0,11694.637451171877,5799.2327880859375,1.1298069953918457,60.0,,0.0,0.0,60.0,150.0,-9.507672119140622,14.492327880859378,Leave_One_experiments/all_year_offline_schedule_search/daily_outputs/FQA/FQA_2010_FQA2010_normal_grid_S0011_daily.csv
FQA,FQA,Fengqiu,2011,Leave_One_experiments\wth_generated_qc\FQA\FQA2011.WTH,wet_year;water_stress_year;nitrogen_stress_year,water_stress,FQA2011_stress_grid_S0006,irrigation_positive_candidate,2011-06-11,162,1,1,"{""sim_day"": 1.0, ""doy"": 162.0, ""topwt"": 0.0, ""grnwt"": 0.0, ""xlai"": 0.0, ""totir"": 0.0, ""tofer"": NaN, ""swfac"": 0.0, ""nstres"": 0.0}",0.0,0.0,0.0,0.0,0.0,0.0,,0.0,0.0,20.0,0.0,11.202590942382812,19.20259094238281,Leave_One_experiments/all_year_offline_schedule_search/daily_outputs/FQA/FQA_2011_FQA2011_stress_grid_S0006_daily.csv
FQA,FQA,Fengqiu,2011,Leave_One_experiments\wth_generated_qc\FQA\FQA2011.WTH,wet_year;water_stress_year;nitrogen_stress_year,water_stress,FQA2011_stress_grid_S0006,irrigation_positive_candidate,2011-06-12,163,2,2,"{""sim_day"": 2.0, ""doy"": 163.0, ""topwt"": 0.0, ""grnwt"": 0.0, ""xlai"": 0.0, ""totir"": 0.0, ""tofer"": NaN, ""swfac"": 0.0, ""nstres"": 0.0}",0.0,0.0,0.0,0.0,0.0,0.0,,0.0,0.0,20.0,0.0,11.202590942382812,19.20259094238281,Leave_One_experiments/all_year_offline_schedule_search/daily_outputs/FQA/FQA_2011_FQA2011_stress_grid_S0006_daily.csv
FQA,FQA,Fengqiu,2011,Leave_One_experiments\wth_generated_qc\FQA\FQA2011.WTH,wet_year;water_stress_year;nitrogen_stress_year,water_stress,FQA2011_stress_grid_S0006,irrigation_positive_candidate,2011-06-13,164,3,3,"{""sim_day"": 3.0, ""doy"": 164.0, ""topwt"": 0.0, ""grnwt"": 0.0, ""xlai"": 0.0, ""totir"": 0.0, ""tofer"": NaN, ""swfac"": 0.0, ""nstres"": 0.0}",0.0,0.0,0.0,0.0,0.0,0.0,,0.0,0.0,20.0,0.0,11.202590942382812,19.20259094238281,Leave_One_experiments/all_year_offline_schedule_search/daily_outputs/FQA/FQA_2011_FQA2011_stress_grid_S0006_daily.csv
FQA,FQA,Fengqiu,2011,Leave_One_experiments\wth_generated_qc\FQA\FQA2011.WTH,wet_year;water_stress_year;nitrogen_stress_year,water_stress,FQA2011_stress_grid_S0006,irrigation_positive_candidate,2011-06-14,165,4,4,"{""sim_day"": 4.0, ""doy"": 165.0, ""topwt"": 0.0, ""grnwt"": 0.0, ""xlai"": 0.0, ""totir"": 0.0, ""tofer"": NaN, ""swfac"": 0.0, ""nstres"": 0.0}",0.0,0.0,0.0,0.0,0.0,0.0,,0.0,0.0,20.0,0.0,11.202590942382812,19.20259094238281,Leave_One_experiments/all_year_offline_schedule_search/daily_outputs/FQA/FQA_2011_FQA2011_stress_grid_S0006_daily.csv
FQA,FQA,Fengqiu,2011,Leave_One_experiments\wth_generated_qc\FQA\FQA2011.WTH,wet_year;water_stress_year;nitrogen_stress_year,water_stress,FQA2011_stress_grid_S0006,irrigation_positive_candidate,2011-06-15,166,5,5,"{""sim_day"": 5.0, ""doy"": 166.0, ""topwt"": 0.0, ""grnwt"": 0.0, ""xlai"": 0.0, ""totir"": 0.0, ""tofer"": NaN, ""swfac"": 0.0, ""nstres"": 0.0}",0.0,0.0,0.0,0.0,0.0,0.0,,0.0,0.0,20.0,0.0,11.202590942382812,19.20259094238281,Leave_One_experiments/all_year_offline_schedule_search/daily_outputs/FQA/FQA_2011_FQA2011_stress_grid_S0006_daily.csv
FQA,FQA,Fengqiu,2011,Leave_One_experiments\wth_generated_qc\FQA\FQA2011.WTH,wet_year;water_stress_year;nitrogen_stress_year,water_stress,FQA2011_stress_grid_S0006,irrigation_positive_candidate,2011-06-11,162,6,1,"{""sim_day"": 6.0, ""doy"": 162.0, ""topwt"": 0.0, ""grnwt"": 0.0, ""xlai"": 0.0, ""totir"": 0.0, ""tofer"": NaN, ""swfac"": 0.0, ""nstres"": 0.0}",0.0,0.0,0.0,0.0,0.0,0.0,,0.0,0.0,20.0,0.0,11.202590942382812,19.20259094238281,Leave_One_experiments/all_year_offline_schedule_search/daily_outputs/FQA/FQA_2011_FQA2011_stress_grid_S0006_daily.csv
FQA,FQA,Fengqiu,2011,Leave_One_experiments\wth_generated_qc\FQA\FQA2011.WTH,wet_year;water_stress_year;nitrogen_stress_year,water_stress,FQA2011_stress_grid_S0006,irrigation_positive_candidate,2011-06-12,163,7,2,"{""sim_day"": 7.0, ""doy"": 163.0, ""topwt"": 0.0, ""grnwt"": 0.0, ""xlai"": 0.0, ""totir"": 0.0, ""tofer"": NaN, ""swfac"": 0.0, ""nstres"": 0.0}",0.0,0.0,0.0,0.0,0.0,0.0,,0.0,0.0,20.0,0.0,11.202590942382812,19.20259094238281,Leave_One_experiments/all_year_offline_schedule_search/daily_outputs/FQA/FQA_2011_FQA2011_stress_grid_S0006_daily.csv
FQA,FQA,Fengqiu,2011,Leave_One_experiments\wth_generated_qc\FQA\FQA2011.WTH,wet_year;water_stress_year;nitrogen_stress_year,water_stress,FQA2011_stress_grid_S0006,irrigation_positive_candidate,2011-06-13,164,8,3,"{""sim_day"": 8.0, ""doy"": 164.0, ""topwt"": 0.0, ""grnwt"": 0.0, ""xlai"": 0.0, ""totir"": 0.0, ""tofer"": NaN, ""swfac"": 0.0, ""nstres"": 0.0}",0.0,0.0,0.0,0.0,0.0,0.0,,0.0,0.0,20.0,0.0,11.202590942382812,19.20259094238281,Leave_One_experiments/all_year_offline_schedule_search/daily_outputs/FQA/FQA_2011_FQA2011_stress_grid_S0006_daily.csv
FQA,FQA,Fengqiu,2011,Leave_One_experiments\wth_generated_qc\FQA\FQA2011.WTH,wet_year;water_stress_year;nitrogen_stress_year,water_stress,FQA2011_stress_grid_S0006,irrigation_positive_candidate,2011-06-14,165,9,4,"{""sim_day"": 9.0, ""doy"": 165.0, ""topwt"": 0.0, ""grnwt"": 0.0, ""xlai"": 0.0, ""totir"": 0.0, ""tofer"": NaN, ""swfac"": 0.0, ""nstres"": 0.0}",0.0,0.0,0.0,0.0,0.0,0.0,,0.0,0.0,20.0,0.0,11.202590942382812,19.20259094238281,Leave_One_experiments/all_year_offline_schedule_search/daily_outputs/FQA/FQA_2011_FQA2011_stress_grid_S0006_daily.csv
FQA,FQA,Fengqiu,2011,Leave_One_experiments\wth_generated_qc\FQA\FQA2011.WTH,wet_year;water_stress_year;nitrogen_stress_year,water_stress,FQA2011_stress_grid_S0006,irrigation_positive_candidate,2011-06-15,166,10,5,"{""sim_day"": 10.0, ""doy"": 166.0, ""topwt"": 0.0, ""grnwt"": 0.0, ""xlai"": 0.0, ""totir"": 0.0, ""tofer"": NaN, ""swfac"": 0.0, ""nstres"": 0.0}",0.0,0.0,0.0,0.0,0.0,0.0,,0.0,0.0,20.0,0.0,11.202590942382812,19.20259094238281,Leave_One_experiments/all_year_offline_schedule_search/daily_outputs/FQA/FQA_2011_FQA2011_stress_grid_S0006_daily.csv
FQA,FQA,Fengqiu,2011,Leave_One_experiments\wth_generated_qc\FQA\FQA2011.WTH,wet_year;water_stress_year;nitrogen_stress_year,water_stress,FQA2011_stress_grid_S0006,irrigation_positive_candidate,2011-06-16,167,11,6,"{""sim_day"": 11.0, ""doy"": 167.0, ""topwt"": 32.00000047683716, ""grnwt"": 0.0, ""xlai"": 0.0026254835538566, ""totir"": 0.0, ""tofer"": NaN, ""swfac"": 0.0, ""nstres"": 0.0121910572052001}",0.0,0.0121910572052001,32.00000047683716,0.0,0.0026254835538566,0.0,,0.0,0.0,20.0,0.0,11.202590942382812,19.20259094238281,Leave_One_experiments/all_year_offline_schedule_search/daily_outputs/FQA/FQA_2011_FQA2011_stress_grid_S0006_daily.csv
FQA,FQA,Fengqiu,2011,Leave_One_experiments\wth_generated_qc\FQA\FQA2011.WTH,wet_year;water_stress_year;nitrogen_stress_year,water_stress,FQA2011_stress_grid_S0006,irrigation_positive_candidate,2011-06-17,168,12,7,"{""sim_day"": 12.0, ""doy"": 168.0, ""topwt"": 32.00000047683716, ""grnwt"": 0.0, ""xlai"": 0.0052135330624878, ""totir"": 0.0, ""tofer"": NaN, ""swfac"": 0.0, ""nstres"": 0.0}",0.0,0.0,32.00000047683716,0.0,0.0052135330624878,0.0,,0.0,0.0,20.0,0.0,11.202590942382812,19.20259094238281,Leave_One_experiments/all_year_offline_schedule_search/daily_outputs/FQA/FQA_2011_FQA2011_stress_grid_S0006_daily.csv
FQA,FQA,Fengqiu,2011,Leave_One_experiments\wth_generated_qc\FQA\FQA2011.WTH,wet_year;water_stress_year;nitrogen_stress_year,water_stress,FQA2011_stress_grid_S0006,irrigation_positive_candidate,2011-06-18,169,13,8,"{""sim_day"": 13.0, ""doy"": 169.0, ""topwt"": 32.00000047683716, ""grnwt"": 0.0, ""xlai"": 0.0082874912768602, ""totir"": 0.0, ""tofer"": NaN, ""swfac"": 0.0, ""nstres"": 0.0}",0.0,0.0,32.00000047683716,0.0,0.0082874912768602,0.0,,0.0,0.0,20.0,0.0,11.202590942382812,19.20259094238281,Leave_One_experiments/all_year_offline_schedule_search/daily_outputs/FQA/FQA_2011_FQA2011_stress_grid_S0006_daily.csv
FQA,FQA,Fengqiu,2011,Leave_One_experiments\wth_generated_qc\FQA\FQA2011.WTH,wet_year;water_stress_year;nitrogen_stress_year,water_stress,FQA2011_stress_grid_S0006,irrigation_positive_candidate,2011-06-19,170,14,9,"{""sim_day"": 14.0, ""doy"": 170.0, ""topwt"": 32.00000047683716, ""grnwt"": 0.0, ""xlai"": 0.0115563441067934, ""totir"": 0.0, ""tofer"": NaN, ""swfac"": 0.0, ""nstres"": 0.0}",0.0,0.0,32.00000047683716,0.0,0.0115563441067934,0.0,,0.0,0.0,20.0,0.0,11.202590942382812,19.20259094238281,Leave_One_experiments/all_year_offline_schedule_search/daily_outputs/FQA/FQA_2011_FQA2011_stress_grid_S0006_daily.csv
FQA,FQA,Fengqiu,2011,Leave_One_experiments\wth_generated_qc\FQA\FQA2011.WTH,wet_year;water_stress_year;nitrogen_stress_year,water_stress,FQA2011_stress_grid_S0006,irrigation_positive_candidate,2011-06-20,171,15,10,"{""sim_day"": 15.0, ""doy"": 171.0, ""topwt"": 32.00000047683716, ""grnwt"": 0.0, ""xlai"": 0.0151954162865877, ""totir"": 0.0, ""tofer"": NaN, ""swfac"": 0.0, ""nstres"": 0.0}",0.0,0.0,32.00000047683716,0.0,0.0151954162865877,0.0,,0.0,0.0,20.0,0.0,11.202590942382812,19.20259094238281,Leave_One_experiments/all_year_offline_schedule_search/daily_outputs/FQA/FQA_2011_FQA2011_stress_grid_S0006_daily.csv
FQA,FQA,Fengqiu,2011,Leave_One_experiments\wth_generated_qc\FQA\FQA2011.WTH,wet_year;water_stress_year;nitrogen_stress_year,water_stress,FQA2011_stress_grid_S0006,irrigation_positive_candidate,2011-06-21,172,16,11,"{""sim_day"": 16.0, ""doy"": 172.0, ""topwt"": 32.00000047683716, ""grnwt"": 0.0, ""xlai"": 0.0191501285880804, ""totir"": 0.0, ""tofer"": NaN, ""swfac"": 0.0, ""nstres"": 0.0}",0.0,0.0,32.00000047683716,0.0,0.0191501285880804,0.0,,0.0,0.0,20.0,0.0,11.202590942382812,19.20259094238281,Leave_One_experiments/all_year_offline_schedule_search/daily_outputs/FQA/FQA_2011_FQA2011_stress_grid_S0006_daily.csv
FQA,FQA,Fengqiu,2011,Leave_One_experiments\wth_generated_qc\FQA\FQA2011.WTH,wet_year;water_stress_year;nitrogen_stress_year,water_stress,FQA2011_stress_grid_S0006,irrigation_positive_candidate,2011-06-22,173,17,12,"{""sim_day"": 17.0, ""doy"": 173.0, ""topwt"": 23.07124137878418, ""grnwt"": 0.0, ""xlai"": 0.0304963309317827, ""totir"": 0.0, ""tofer"": NaN, ""swfac"": 0.0, ""nstres"": 0.0}",0.0,0.0,23.07124137878418,0.0,0.0304963309317827,0.0,,0.0,0.0,20.0,0.0,11.202590942382812,19.20259094238281,Leave_One_experiments/all_year_offline_schedule_search/daily_outputs/FQA/FQA_2011_FQA2011_stress_grid_S0006_daily.csv
FQA,FQA,Fengqiu,2011,Leave_One_experiments\wth_generated_qc\FQA\FQA2011.WTH,wet_year;water_stress_year;nitrogen_stress_year,water_stress,FQA2011_stress_grid_S0006,irrigation_positive_candidate,2011-06-23,174,18,13,"{""sim_day"": 18.0, ""doy"": 174.0, ""topwt"": 27.337136268615723, ""grnwt"": 0.0, ""xlai"": 0.0444177277386188, ""totir"": 0.0, ""tofer"": NaN, ""swfac"": 0.0, ""nstres"": 0.0}",0.0,0.0,27.337136268615723,0.0,0.0444177277386188,0.0,,0.0,0.0,20.0,0.0,11.202590942382812,19.20259094238281,Leave_One_experiments/all_year_offline_schedule_search/daily_outputs/FQA/FQA_2011_FQA2011_stress_grid_S0006_daily.csv
FQA,FQA,Fengqiu,2011,Leave_One_experiments\wth_generated_qc\FQA\FQA2011.WTH,wet_year;water_stress_year;nitrogen_stress_year,water_stress,FQA2011_stress_grid_S0006,irrigation_positive_candidate,2011-06-24,175,19,14,"{""sim_day"": 19.0, ""doy"": 175.0, ""topwt"": 31.58668041229248, ""grnwt"": 0.0, ""xlai"": 0.0572249069809913, ""totir"": 0.0, ""tofer"": NaN, ""swfac"": 0.0, ""nstres"": 0.0}",0.0,0.0,31.58668041229248,0.0,0.0572249069809913,0.0,,0.0,0.0,20.0,0.0,11.202590942382812,19.20259094238281,Leave_One_experiments/all_year_offline_schedule_search/daily_outputs/FQA/FQA_2011_FQA2011_stress_grid_S0006_daily.csv
FQA,FQA,Fengqiu,2011,Leave_One_experiments\wth_generated_qc\FQA\FQA2011.WTH,wet_year;water_stress_year;nitrogen_stress_year,water_stress,FQA2011_stress_grid_S0006,irrigation_positive_candidate,2011-06-25,176,20,15,"{""sim_day"": 20.0, ""doy"": 176.0, ""topwt"": 37.67095565795898, ""grnwt"": 0.0, ""xlai"": 0.0743698254227638, ""totir"": 0.0, ""tofer"": NaN, ""swfac"": 0.0, ""nstres"": 0.0}",0.0,0.0,37.67095565795898,0.0,0.0743698254227638,0.0,,0.0,0.0,20.0,0.0,11.202590942382812,19.20259094238281,Leave_One_experiments/all_year_offline_schedule_search/daily_outputs/FQA/FQA_2011_FQA2011_stress_grid_S0006_daily.csv
FQA,FQA,Fengqiu,2011,Leave_One_experiments\wth_generated_qc\FQA\FQA2011.WTH,wet_year;water_stress_year;nitrogen_stress_year,water_stress,FQA2011_stress_grid_S0006,irrigation_positive_candidate,2011-06-26,177,21,16,"{""sim_day"": 21.0, ""doy"": 177.0, ""topwt"": 43.659982681274414, ""grnwt"": 0.0, ""xlai"": 0.0902787670493125, ""totir"": 0.0, ""tofer"": NaN, ""swfac"": 0.0, ""nstres"": 0.0}",0.0,0.0,43.659982681274414,0.0,0.0902787670493125,0.0,,0.0,0.0,20.0,0.0,11.202590942382812,19.20259094238281,Leave_One_experiments/all_year_offline_schedule_search/daily_outputs/FQA/FQA_2011_FQA2011_stress_grid_S0006_daily.csv
FQA,FQA,Fengqiu,2011,Leave_One_experiments\wth_generated_qc\FQA\FQA2011.WTH,wet_year;water_stress_year;nitrogen_stress_year,water_stress,FQA2011_stress_grid_S0006,irrigation_positive_candidate,2011-06-27,178,22,17,"{""sim_day"": 22.0, ""doy"": 178.0, ""topwt"": 52.6888370513916, ""grnwt"": 0.0, ""xlai"": 0.112969733774662, ""totir"": 0.0, ""tofer"": NaN, ""swfac"": 0.0, ""nstres"": 0.0}",0.0,0.0,52.6888370513916,0.0,0.112969733774662,0.0,,0.0,0.0,20.0,0.0,11.202590942382812,19.20259094238281,Leave_One_experiments/all_year_offline_schedule_search/daily_outputs/FQA/FQA_2011_FQA2011_stress_grid_S0006_daily.csv
FQA,FQA,Fengqiu,2011,Leave_One_experiments\wth_generated_qc\FQA\FQA2011.WTH,wet_year;water_stress_year;nitrogen_stress_year,water_stress,FQA2011_stress_grid_S0006,irrigation_positive_candidate,2011-06-28,179,23,18,"{""sim_day"": 23.0, ""doy"": 179.0, ""topwt"": 63.52643013000488, ""grnwt"": 0.0, ""xlai"": 0.1387011110782623, ""totir"": 0.0, ""tofer"": NaN, ""swfac"": 0.0, ""nstres"": 0.0}",0.0,0.0,63.52643013000488,0.0,0.1387011110782623,0.0,,0.0,0.0,20.0,0.0,11.202590942382812,19.20259094238281,Leave_One_experiments/all_year_offline_schedule_search/daily_outputs/FQA/FQA_2011_FQA2011_stress_grid_S0006_daily.csv
FQA,FQA,Fengqiu,2011,Leave_One_experiments\wth_generated_qc\FQA\FQA2011.WTH,wet_year;water_stress_year;nitrogen_stress_year,water_stress,FQA2011_stress_grid_S0006,irrigation_positive_candidate,2011-06-29,180,24,19,"{""sim_day"": 24.0, ""doy"": 180.0, ""topwt"": 76.76846981048584, ""grnwt"": 0.0, ""xlai"": 0.1685055643320083, ""totir"": 0.0, ""tofer"": NaN, ""swfac"": 0.0, ""nstres"": 0.0}",0.0,0.0,76.76846981048584,0.0,0.1685055643320083,0.0,,0.0,0.0,20.0,0.0,11.202590942382812,19.20259094238281,Leave_One_experiments/all_year_offline_schedule_search/daily_outputs/FQA/FQA_2011_FQA2011_stress_grid_S0006_daily.csv
FQA,FQA,Fengqiu,2011,Leave_One_experiments\wth_generated_qc\FQA\FQA2011.WTH,wet_year;water_stress_year;nitrogen_stress_year,water_stress,FQA2011_stress_grid_S0006,irrigation_positive_candidate,2011-06-30,181,25,20,"{""sim_day"": 25.0, ""doy"": 181.0, ""topwt"": 92.14715003967284, ""grnwt"": 0.0, ""xlai"": 0.2014235556125641, ""totir"": 0.0, ""tofer"": NaN, ""swfac"": 0.0, ""nstres"": 0.0}",0.0,0.0,92.14715003967284,0.0,0.2014235556125641,0.0,,0.0,0.0,20.0,0.0,11.202590942382812,19.20259094238281,Leave_One_experiments/all_year_offline_schedule_search/daily_outputs/FQA/FQA_2011_FQA2011_stress_grid_S0006_daily.csv
FQA,FQA,Fengqiu,2011,Leave_One_experiments\wth_generated_qc\FQA\FQA2011.WTH,wet_year;water_stress_year;nitrogen_stress_year,water_stress,FQA2011_stress_grid_S0006,irrigation_positive_candidate,2011-07-01,182,26,21,"{""sim_day"": 26.0, ""doy"": 182.0, ""topwt"": 109.75464820861816, ""grnwt"": 0.0, ""xlai"": 0.236428216099739, ""totir"": 0.0, ""tofer"": NaN, ""swfac"": 0.0, ""nstres"": 0.0}",0.0,0.0,109.75464820861816,0.0,0.236428216099739,0.0,,0.0,0.0,20.0,0.0,11.202590942382812,19.20259094238281,Leave_One_experiments/all_year_offline_schedule_search/daily_outputs/FQA/FQA_2011_FQA2011_stress_grid_S0006_daily.csv
FQA,FQA,Fengqiu,2011,Leave_One_experiments\wth_generated_qc\FQA\FQA2011.WTH,wet_year;water_stress_year;nitrogen_stress_year,water_stress,FQA2011_stress_grid_S0006,irrigation_positive_candidate,2011-07-02,183,27,22,"{""sim_day"": 27.0, ""doy"": 183.0, ""topwt"": 118.52821350097656, ""grnwt"": 0.0, ""xlai"": 0.2543304562568664, ""totir"": 0.0, ""tofer"": NaN, ""swfac"": 0.0, ""nstres"": 0.0}",0.0,0.0,118.52821350097656,0.0,0.2543304562568664,0.0,,0.0,0.0,20.0,0.0,11.202590942382812,19.20259094238281,Leave_One_experiments/all_year_offline_schedule_search/daily_outputs/FQA/FQA_2011_FQA2011_stress_grid_S0006_daily.csv
FQA,FQA,Fengqiu,2011,Leave_One_experiments\wth_generated_qc\FQA\FQA2011.WTH,wet_year;water_stress_year;nitrogen_stress_year,water_stress,FQA2011_stress_grid_S0006,irrigation_positive_candidate,2011-07-03,184,28,23,"{""sim_day"": 28.0, ""doy"": 184.0, ""topwt"": 135.33514976501465, ""grnwt"": 0.0, ""xlai"": 0.287607342004776, ""totir"": 0.0, ""tofer"": NaN, ""swfac"": 0.0, ""nstres"": 0.0}",0.0,0.0,135.33514976501465,0.0,0.287607342004776,0.0,,0.0,0.0,20.0,0.0,11.202590942382812,19.20259094238281,Leave_One_experiments/all_year_offline_schedule_search/daily_outputs/FQA/FQA_2011_FQA2011_stress_grid_S0006_daily.csv
FQA,FQA,Fengqiu,2011,Leave_One_experiments\wth_generated_qc\FQA\FQA2011.WTH,wet_year;water_stress_year;nitrogen_stress_year,water_stress,FQA2011_stress_grid_S0006,irrigation_positive_candidate,2011-07-04,185,29,24,"{""sim_day"": 29.0, ""doy"": 185.0, ""topwt"": 155.3254795074463, ""grnwt"": 0.0, ""xlai"": 0.3256737887859344, ""totir"": 0.0, ""tofer"": NaN, ""swfac"": 0.0, ""nstres"": 0.0}",0.0,0.0,155.3254795074463,0.0,0.3256737887859344,0.0,,0.0,0.0,20.0,0.0,11.202590942382812,19.20259094238281,Leave_One_experiments/all_year_offline_schedule_search/daily_outputs/FQA/FQA_2011_FQA2011_stress_grid_S0006_daily.csv
FQA,FQA,Fengqiu,2011,Leave_One_experiments\wth_generated_qc\FQA\FQA2011.WTH,wet_year;water_stress_year;nitrogen_stress_year,water_stress,FQA2011_stress_grid_S0006,irrigation_positive_candidate,2011-07-05,186,30,25,"{""sim_day"": 30.0, ""doy"": 186.0, ""topwt"": 176.11042022705078, ""grnwt"": 0.0, ""xlai"": 0.3637381494045257, ""totir"": 0.0, ""tofer"": NaN, ""swfac"": 0.0, ""nstres"": 0.0}",0.0,0.0,176.11042022705078,0.0,0.3637381494045257,0.0,,0.0,0.0,20.0,0.0,11.202590942382812,19.20259094238281,Leave_One_experiments/all_year_offline_schedule_search/daily_outputs/FQA/FQA_2011_FQA2011_stress_grid_S0006_daily.csv
FQA,FQA,Fengqiu,2011,Leave_One_experiments\wth_generated_qc\FQA\FQA2011.WTH,wet_year;water_stress_year;nitrogen_stress_year,water_stress,FQA2011_stress_grid_S0006,irrigation_positive_candidate,2011-07-06,187,31,26,"{""sim_day"": 31.0, ""doy"": 187.0, ""topwt"": 202.96794891357425, ""grnwt"": 0.0, ""xlai"": 0.4108561873435974, ""totir"": 0.0, ""tofer"": NaN, ""swfac"": 0.0, ""nstres"": 0.0}",0.0,0.0,202.96794891357425,0.0,0.4108561873435974,0.0,,0.0,0.0,20.0,0.0,11.202590942382812,19.20259094238281,Leave_One_experiments/all_year_offline_schedule_search/daily_outputs/FQA/FQA_2011_FQA2011_stress_grid_S0006_daily.csv
FQA,FQA,Fengqiu,2011,Leave_One_experiments\wth_generated_qc\FQA\FQA2011.WTH,wet_year;water_stress_year;nitrogen_stress_year,water_stress,FQA2011_stress_grid_S0006,irrigation_positive_candidate,2011-07-07,188,32,27,"{""sim_day"": 32.0, ""doy"": 188.0, ""topwt"": 233.77740859985352, ""grnwt"": 0.0, ""xlai"": 0.462439090013504, ""totir"": 0.0, ""tofer"": NaN, ""swfac"": 0.0, ""nstres"": 0.0}",0.0,0.0,233.77740859985352,0.0,0.462439090013504,0.0,,0.0,0.0,20.0,0.0,11.202590942382812,19.20259094238281,Leave_One_experiments/all_year_offline_schedule_search/daily_outputs/FQA/FQA_2011_FQA2011_stress_grid_S0006_daily.csv
FQA,FQA,Fengqiu,2011,Leave_One_experiments\wth_generated_qc\FQA\FQA2011.WTH,wet_year;water_stress_year;nitrogen_stress_year,water_stress,FQA2011_stress_grid_S0006,irrigation_positive_candidate,2011-07-08,189,33,28,"{""sim_day"": 33.0, ""doy"": 189.0, ""topwt"": 268.1319236755371, ""grnwt"": 0.0, ""xlai"": 0.5172678828239441, ""totir"": 0.0, ""tofer"": NaN, ""swfac"": 0.0, ""nstres"": 0.0}",0.0,0.0,268.1319236755371,0.0,0.5172678828239441,0.0,,0.0,0.0,20.0,0.0,11.202590942382812,19.20259094238281,Leave_One_experiments/all_year_offline_schedule_search/daily_outputs/FQA/FQA_2011_FQA2011_stress_grid_S0006_daily.csv
FQA,FQA,Fengqiu,2011,Leave_One_experiments\wth_generated_qc\FQA\FQA2011.WTH,wet_year;water_stress_year;nitrogen_stress_year,water_stress,FQA2011_stress_grid_S0006,irrigation_positive_candidate,2011-07-09,190,34,29,"{""sim_day"": 34.0, ""doy"": 190.0, ""topwt"": 310.0921440124512, ""grnwt"": 0.0, ""xlai"": 0.5808543562889099, ""totir"": 0.0, ""tofer"": NaN, ""swfac"": 0.0, ""nstres"": 0.0}",0.0,0.0,310.0921440124512,0.0,0.5808543562889099,0.0,,0.0,0.0,20.0,0.0,11.202590942382812,19.20259094238281,Leave_One_experiments/all_year_offline_schedule_search/daily_outputs/FQA/FQA_2011_FQA2011_stress_grid_S0006_daily.csv
FQA,FQA,Fengqiu,2011,Leave_One_experiments\wth_generated_qc\FQA\FQA2011.WTH,wet_year;water_stress_year;nitrogen_stress_year,water_stress,FQA2011_stress_grid_S0006,irrigation_positive_candidate,2011-07-10,191,35,30,"{""sim_day"": 35.0, ""doy"": 191.0, ""topwt"": 354.91016387939453, ""grnwt"": 0.0, ""xlai"": 0.6453284621238708, ""totir"": 0.0, ""tofer"": NaN, ""swfac"": 0.0, ""nstres"": 0.0}",0.0,0.0,354.91016387939453,0.0,0.6453284621238708,0.0,,0.0,0.0,20.0,0.0,11.202590942382812,19.20259094238281,Leave_One_experiments/all_year_offline_schedule_search/daily_outputs/FQA/FQA_2011_FQA2011_stress_grid_S0006_daily.csv
FQA,FQA,Fengqiu,2011,Leave_One_experiments\wth_generated_qc\FQA\FQA2011.WTH,wet_year;water_stress_year;nitrogen_stress_year,water_stress,FQA2011_stress_grid_S0006,irrigation_positive_candidate,2011-07-11,192,36,31,"{""sim_day"": 36.0, ""doy"": 192.0, ""topwt"": 403.5883331298828, ""grnwt"": 0.0, ""xlai"": 0.7118686437606812, ""totir"": 0.0, ""tofer"": NaN, ""swfac"": 0.0, ""nstres"": 0.0}",0.0,0.0,403.5883331298828,0.0,0.7118686437606812,0.0,,0.0,0.0,20.0,0.0,11.202590942382812,19.20259094238281,Leave_One_experiments/all_year_offline_schedule_search/daily_outputs/FQA/FQA_2011_FQA2011_stress_grid_S0006_daily.csv
FQA,FQA,Fengqiu,2011,Leave_One_experiments\wth_generated_qc\FQA\FQA2011.WTH,wet_year;water_stress_year;nitrogen_stress_year,water_stress,FQA2011_stress_grid_S0006,irrigation_positive_candidate,2011-07-12,193,37,32,"{""sim_day"": 37.0, ""doy"": 193.0, ""topwt"": 458.2660675048828, ""grnwt"": 0.0, ""xlai"": 0.7828423976898193, ""totir"": 0.0, ""tofer"": NaN, ""swfac"": 0.0, ""nstres"": 0.0}",0.0,0.0,458.2660675048828,0.0,0.7828423976898193,0.0,,0.0,0.0,20.0,0.0,11.202590942382812,19.20259094238281,Leave_One_experiments/all_year_offline_schedule_search/daily_outputs/FQA/FQA_2011_FQA2011_stress_grid_S0006_daily.csv
FQA,FQA,Fengqiu,2011,Leave_One_experiments\wth_generated_qc\FQA\FQA2011.WTH,wet_year;water_stress_year;nitrogen_stress_year,water_stress,FQA2011_stress_grid_S0006,irrigation_positive_candidate,2011-07-13,194,38,33,"{""sim_day"": 38.0, ""doy"": 194.0, ""topwt"": 518.0952453613281, ""grnwt"": 0.0, ""xlai"": 0.8565845489501953, ""totir"": 0.0, ""tofer"": NaN, ""swfac"": 0.0, ""nstres"": 0.0}",0.0,0.0,518.0952453613281,0.0,0.8565845489501953,0.0,,0.0,0.0,20.0,0.0,11.202590942382812,19.20259094238281,Leave_One_experiments/all_year_offline_schedule_search/daily_outputs/FQA/FQA_2011_FQA2011_stress_grid_S0006_daily.csv
FQA,FQA,Fengqiu,2011,Leave_One_experiments\wth_generated_qc\FQA\FQA2011.WTH,wet_year;water_stress_year;nitrogen_stress_year,water_stress,FQA2011_stress_grid_S0006,irrigation_positive_candidate,2011-07-14,195,39,34,"{""sim_day"": 39.0, ""doy"": 195.0, ""topwt"": 579.2369842529297, ""grnwt"": 0.0, ""xlai"": 0.9242332577705384, ""totir"": 0.0, ""tofer"": NaN, ""swfac"": 0.0, ""nstres"": 0.033893346786499}",0.0,0.033893346786499,579.2369842529297,0.0,0.9242332577705384,0.0,,0.0,0.0,20.0,0.0,11.202590942382812,19.20259094238281,Leave_One_experiments/all_year_offline_schedule_search/daily_outputs/FQA/FQA_2011_FQA2011_stress_grid_S0006_daily.csv
FQA,FQA,Fengqiu,2011,Leave_One_experiments\wth_generated_qc\FQA\FQA2011.WTH,wet_year;water_stress_year;nitrogen_stress_year,water_stress,FQA2011_stress_grid_S0006,irrigation_positive_candidate,2011-07-15,196,40,35,"{""sim_day"": 40.0, ""doy"": 196.0, ""topwt"": 635.3153228759766, ""grnwt"": 0.0, ""xlai"": 0.9778323769569396, ""totir"": 20.0, ""tofer"": NaN, ""swfac"": 0.0, ""nstres"": 0.0730375051498413}",0.0,0.0730375051498413,635.3153228759766,0.0,0.9778323769569396,20.0,,20.0,0.0,20.0,0.0,11.202590942382812,19.20259094238281,Leave_One_experiments/all_year_offline_schedule_search/daily_outputs/FQA/FQA_2011_FQA2011_stress_grid_S0006_daily.csv
FQA,FQA,Fengqiu,2011,Leave_One_experiments\wth_generated_qc\FQA\FQA2011.WTH,wet_year;water_stress_year;nitrogen_stress_year,water_stress,FQA2011_stress_grid_S0006,irrigation_positive_candidate,2011-07-16,197,41,36,"{""sim_day"": 41.0, ""doy"": 197.0, ""topwt"": 692.2063446044922, ""grnwt"": 0.0, ""xlai"": 1.025279879570007, ""totir"": 20.0, ""tofer"": NaN, ""swfac"": 0.0, ""nstres"": 0.1017168760299682}",0.0,0.1017168760299682,692.2063446044922,0.0,1.025279879570007,20.0,,0.0,0.0,20.0,0.0,11.202590942382812,19.20259094238281,Leave_One_experiments/all_year_offline_schedule_search/daily_outputs/FQA/FQA_2011_FQA2011_stress_grid_S0006_daily.csv
FQA,FQA,Fengqiu,2011,Leave_One_experiments\wth_generated_qc\FQA\FQA2011.WTH,wet_year;water_stress_year;nitrogen_stress_year,water_stress,FQA2011_stress_grid_S0006,irrigation_positive_candidate,2011-07-17,198,42,37,"{""sim_day"": 42.0, ""doy"": 198.0, ""topwt"": 745.7490539550781, ""grnwt"": 0.0, ""xlai"": 1.0632253885269165, ""totir"": 20.0, ""tofer"": NaN, ""swfac"": 0.0, ""nstres"": 0.1239184141159057}",0.0,0.1239184141159057,745.7490539550781,0.0,1.0632253885269165,20.0,,0.0,0.0,20.0,0.0,11.202590942382812,19.20259094238281,Leave_One_experiments/all_year_offline_schedule_search/daily_outputs/FQA/FQA_2011_FQA2011_stress_grid_S0006_daily.csv
FQA,FQA,Fengqiu,2011,Leave_One_experiments\wth_generated_qc\FQA\FQA2011.WTH,wet_year;water_stress_year;nitrogen_stress_year,water_stress,FQA2011_stress_grid_S0006,irrigation_positive_candidate,2011-07-18,199,43,38,"{""sim_day"": 43.0, ""doy"": 199.0, ""topwt"": 803.7870788574219, ""grnwt"": 0.0, ""xlai"": 1.1001313924789429, ""totir"": 20.0, ""tofer"": NaN, ""swfac"": 0.0, ""nstres"": 0.1414141654968261}",0.0,0.1414141654968261,803.7870788574219,0.0,1.1001313924789429,20.0,,0.0,0.0,20.0,0.0,11.202590942382812,19.20259094238281,Leave_One_experiments/all_year_offline_schedule_search/daily_outputs/FQA/FQA_2011_FQA2011_stress_grid_S0006_daily.csv
FQA,FQA,Fengqiu,2011,Leave_One_experiments\wth_generated_qc\FQA\FQA2011.WTH,wet_year;water_stress_year;nitrogen_stress_year,water_stress,FQA2011_stress_grid_S0006,irrigation_positive_candidate,2011-07-19,200,44,39,"{""sim_day"": 44.0, ""doy"": 200.0, ""topwt"": 864.1807556152344, ""grnwt"": 0.0, ""xlai"": 1.1342304944992063, ""totir"": 20.0, ""tofer"": NaN, ""swfac"": 0.0, ""nstres"": 0.1544979214668274}",0.0,0.1544979214668274,864.1807556152344,0.0,1.1342304944992063,20.0,,0.0,0.0,20.0,0.0,11.202590942382812,19.20259094238281,Leave_One_experiments/all_year_offline_schedule_search/daily_outputs/FQA/FQA_2011_FQA2011_stress_grid_S0006_daily.csv
FQA,FQA,Fengqiu,2011,Leave_One_experiments\wth_generated_qc\FQA\FQA2011.WTH,wet_year;water_stress_year;nitrogen_stress_year,water_stress,FQA2011_stress_grid_S0006,irrigation_positive_candidate,2011-07-20,201,45,40,"{""sim_day"": 45.0, ""doy"": 201.0, ""topwt"": 927.7996826171876, ""grnwt"": 0.0, ""xlai"": 1.1661345958709717, ""totir"": 20.0, ""tofer"": NaN, ""swfac"": 0.0, ""nstres"": 0.1674197912216186}",0.0,0.1674197912216186,927.7996826171876,0.0,1.1661345958709717,20.0,,0.0,0.0,20.0,0.0,11.202590942382812,19.20259094238281,Leave_One_experiments/all_year_offline_schedule_search/daily_outputs/FQA/FQA_2011_FQA2011_stress_grid_S0006_daily.csv
FQA,FQA,Fengqiu,2011,Leave_One_experiments\wth_generated_qc\FQA\FQA2011.WTH,wet_year;water_stress_year;nitrogen_stress_year,water_stress,FQA2011_stress_grid_S0006,irrigation_positive_candidate,2011-07-21,202,46,41,"{""sim_day"": 46.0, ""doy"": 202.0, ""topwt"": 1001.3040924072266, ""grnwt"": 0.0, ""xlai"": 1.201261043548584, ""totir"": 20.0, ""tofer"": NaN, ""swfac"": 0.0, ""nstres"": 0.17842698097229}",0.0,0.17842698097229,1001.3040924072266,0.0,1.201261043548584,20.0,,0.0,0.0,20.0,0.0,11.202590942382812,19.20259094238281,Leave_One_experiments/all_year_offline_schedule_search/daily_outputs/FQA/FQA_2011_FQA2011_stress_grid_S0006_daily.csv
FQA,FQA,Fengqiu,2011,Leave_One_experiments\wth_generated_qc\FQA\FQA2011.WTH,wet_year;water_stress_year;nitrogen_stress_year,water_stress,FQA2011_stress_grid_S0006,irrigation_positive_candidate,2011-07-22,203,47,42,"{""sim_day"": 47.0, ""doy"": 203.0, ""topwt"": 1159.4587707519531, ""grnwt"": 0.0, ""xlai"": 1.2278163433074951, ""totir"": 20.0, ""tofer"": NaN, ""swfac"": 0.0, ""nstres"": 0.1884129047393798}",0.0,0.1884129047393798,1159.4587707519531,0.0,1.2278163433074951,20.0,,0.0,0.0,20.0,0.0,11.202590942382812,19.20259094238281,Leave_One_experiments/all_year_offline_schedule_search/daily_outputs/FQA/FQA_2011_FQA2011_stress_grid_S0006_daily.csv
FQA,FQA,Fengqiu,2011,Leave_One_experiments\wth_generated_qc\FQA\FQA2011.WTH,wet_year;water_stress_year;nitrogen_stress_year,water_stress,FQA2011_stress_grid_S0006,irrigation_positive_candidate,2011-07-23,204,48,43,"{""sim_day"": 48.0, ""doy"": 204.0, ""topwt"": 1303.6849975585938, ""grnwt"": 0.0, ""xlai"": 1.244286298751831, ""totir"": 20.0, ""tofer"": NaN, ""swfac"": 0.0, ""nstres"": 0.1991673707962036}",0.0,0.1991673707962036,1303.6849975585938,0.0,1.244286298751831,20.0,,0.0,0.0,20.0,0.0,11.202590942382812,19.20259094238281,Leave_One_experiments/all_year_offline_schedule_search/daily_outputs/FQA/FQA_2011_FQA2011_stress_grid_S0006_daily.csv
FQA,FQA,Fengqiu,2011,Leave_One_experiments\wth_generated_qc\FQA\FQA2011.WTH,wet_year;water_stress_year;nitrogen_stress_year,water_stress,FQA2011_stress_grid_S0006,irrigation_positive_candidate,2011-07-24,205,49,44,"{""sim_day"": 49.0, ""doy"": 205.0, ""topwt"": 1425.5685424804688, ""grnwt"": 0.0, ""xlai"": 1.246121525764465, ""totir"": 20.0, ""tofer"": NaN, ""swfac"": 0.0, ""nstres"": 0.2885027527809143}",0.0,0.2885027527809143,1425.5685424804688,0.0,1.246121525764465,20.0,,0.0,0.0,20.0,0.0,11.202590942382812,19.20259094238281,Leave_One_experiments/all_year_offline_schedule_search/daily_outputs/FQA/FQA_2011_FQA2011_stress_grid_S0006_daily.csv
FQA,FQA,Fengqiu,2011,Leave_One_experiments\wth_generated_qc\FQA\FQA2011.WTH,wet_year;water_stress_year;nitrogen_stress_year,water_stress,FQA2011_stress_grid_S0006,irrigation_positive_candidate,2011-07-25,206,50,45,"{""sim_day"": 50.0, ""doy"": 206.0, ""topwt"": 1533.74755859375, ""grnwt"": 0.0, ""xlai"": 1.2390434741973877, ""totir"": 20.0, ""tofer"": NaN, ""swfac"": 0.0, ""nstres"": 0.3460340499877929}",0.0,0.3460340499877929,1533.74755859375,0.0,1.2390434741973877,20.0,,0.0,0.0,20.0,0.0,11.202590942382812,19.20259094238281,Leave_One_experiments/all_year_offline_schedule_search/daily_outputs/FQA/FQA_2011_FQA2011_stress_grid_S0006_daily.csv
FQA,FQA,Fengqiu,2011,Leave_One_experiments\wth_generated_qc\FQA\FQA2011.WTH,wet_year;water_stress_year;nitrogen_stress_year,water_stress,FQA2011_stress_grid_S0006,irrigation_positive_candidate,2011-07-26,207,51,46,"{""sim_day"": 51.0, ""doy"": 207.0, ""topwt"": 1626.0897827148438, ""grnwt"": 0.0, ""xlai"": 1.2247620820999146, ""totir"": 20.0, ""tofer"": NaN, ""swfac"": 0.0, ""nstres"": 0.3781436681747436}",0.0,0.3781436681747436,1626.0897827148438,0.0,1.2247620820999146,20.0,,0.0,0.0,20.0,0.0,11.202590942382812,19.20259094238281,Leave_One_experiments/all_year_offline_schedule_search/daily_outputs/FQA/FQA_2011_FQA2011_stress_grid_S0006_daily.csv
FQA,FQA,Fengqiu,2011,Leave_One_experiments\wth_generated_qc\FQA\FQA2011.WTH,wet_year;water_stress_year;nitrogen_stress_year,water_stress,FQA2011_stress_grid_S0006,irrigation_positive_candidate,2011-07-27,208,52,47,"{""sim_day"": 52.0, ""doy"": 208.0, ""topwt"": 1714.1049194335938, ""grnwt"": 0.0, ""xlai"": 1.2078139781951904, ""totir"": 20.0, ""tofer"": NaN, ""swfac"": 0.0, ""nstres"": 0.3974325656890869}",0.0,0.3974325656890869,1714.1049194335938,0.0,1.2078139781951904,20.0,,0.0,0.0,20.0,0.0,11.202590942382812,19.20259094238281,Leave_One_experiments/all_year_offline_schedule_search/daily_outputs/FQA/FQA_2011_FQA2011_stress_grid_S0006_daily.csv
FQA,FQA,Fengqiu,2011,Leave_One_experiments\wth_generated_qc\FQA\FQA2011.WTH,wet_year;water_stress_year;nitrogen_stress_year,water_stress,FQA2011_stress_grid_S0006,irrigation_positive_candidate,2011-07-28,209,53,48,"{""sim_day"": 53.0, ""doy"": 209.0, ""topwt"": 1762.2482299804688, ""grnwt"": 0.0, ""xlai"": 1.1796472072601318, ""totir"": 20.0, ""tofer"": NaN, ""swfac"": 0.0, ""nstres"": 0.4070310592651367}",0.0,0.4070310592651367,1762.2482299804688,0.0,1.1796472072601318,20.0,,0.0,0.0,20.0,0.0,11.202590942382812,19.20259094238281,Leave_One_experiments/all_year_offline_schedule_search/daily_outputs/FQA/FQA_2011_FQA2011_stress_grid_S0006_daily.csv
FQA,FQA,Fengqiu,2011,Leave_One_experiments\wth_generated_qc\FQA\FQA2011.WTH,wet_year;water_stress_year;nitrogen_stress_year,water_stress,FQA2011_stress_grid_S0006,irrigation_positive_candidate,2011-07-29,210,54,49,"{""sim_day"": 54.0, ""doy"": 210.0, ""topwt"": 1837.90283203125, ""grnwt"": 0.0, ""xlai"": 1.15877366065979, ""totir"": 20.0, ""tofer"": NaN, ""swfac"": 0.0, ""nstres"": 0.4138199090957641}",0.0,0.4138199090957641,1837.90283203125,0.0,1.15877366065979,20.0,,0.0,0.0,20.0,0.0,11.202590942382812,19.20259094238281,Leave_One_experiments/all_year_offline_schedule_search/daily_outputs/FQA/FQA_2011_FQA2011_stress_grid_S0006_daily.csv
FQA,FQA,Fengqiu,2011,Leave_One_experiments\wth_generated_qc\FQA\FQA2011.WTH,wet_year;water_stress_year;nitrogen_stress_year,water_stress,FQA2011_stress_grid_S0006,irrigation_positive_candidate,2011-07-30,211,55,50,"{""sim_day"": 55.0, ""doy"": 211.0, ""topwt"": 1888.2566833496091, ""grnwt"": 0.0, ""xlai"": 1.1326866149902344, ""totir"": 20.0, ""tofer"": NaN, ""swfac"": 0.0, ""nstres"": 0.4022149443626404}",0.0,0.4022149443626404,1888.2566833496091,0.0,1.1326866149902344,20.0,,0.0,0.0,20.0,0.0,11.202590942382812,19.20259094238281,Leave_One_experiments/all_year_offline_schedule_search/daily_outputs/FQA/FQA_2011_FQA2011_stress_grid_S0006_daily.csv
FQA,FQA,Fengqiu,2011,Leave_One_experiments\wth_generated_qc\FQA\FQA2011.WTH,wet_year;water_stress_year;nitrogen_stress_year,water_stress,FQA2011_stress_grid_S0006,irrigation_positive_candidate,2011-07-31,212,56,51,"{""sim_day"": 56.0, ""doy"": 212.0, ""topwt"": 1922.8190612792969, ""grnwt"": 0.0, ""xlai"": 1.1032116413116455, ""totir"": 20.0, ""tofer"": NaN, ""swfac"": 0.0, ""nstres"": 0.4066028594970703}",0.0,0.4066028594970703,1922.8190612792969,0.0,1.1032116413116455,20.0,,0.0,0.0,20.0,0.0,11.202590942382812,19.20259094238281,Leave_One_experiments/all_year_offline_schedule_search/daily_outputs/FQA/FQA_2011_FQA2011_stress_grid_S0006_daily.csv
FQA,FQA,Fengqiu,2011,Leave_One_experiments\wth_generated_qc\FQA\FQA2011.WTH,wet_year;water_stress_year;nitrogen_stress_year,water_stress,FQA2011_stress_grid_S0006,irrigation_positive_candidate,2011-08-01,213,57,52,"{""sim_day"": 57.0, ""doy"": 213.0, ""topwt"": 1936.3319396972656, ""grnwt"": 0.0, ""xlai"": 1.0692806243896484, ""totir"": 20.0, ""tofer"": NaN, ""swfac"": 0.0, ""nstres"": 0.4077008962631225}",0.0,0.4077008962631225,1936.3319396972656,0.0,1.0692806243896484,20.0,,0.0,0.0,20.0,0.0,11.202590942382812,19.20259094238281,Leave_One_experiments/all_year_offline_schedule_search/daily_outputs/FQA/FQA_2011_FQA2011_stress_grid_S0006_daily.csv
FQA,FQA,Fengqiu,2011,Leave_One_experiments\wth_generated_qc\FQA\FQA2011.WTH,wet_year;water_stress_year;nitrogen_stress_year,water_stress,FQA2011_stress_grid_S0006,irrigation_positive_candidate,2011-08-02,214,58,53,"{""sim_day"": 58.0, ""doy"": 214.0, ""topwt"": 2003.0986022949216, ""grnwt"": 0.0, ""xlai"": 1.050459384918213, ""totir"": 20.0, ""tofer"": NaN, ""swfac"": 0.0, ""nstres"": 0.4002639055252075}",0.0,0.4002639055252075,2003.0986022949216,0.0,1.050459384918213,20.0,,0.0,0.0,20.0,0.0,11.202590942382812,19.20259094238281,Leave_One_experiments/all_year_offline_schedule_search/daily_outputs/FQA/FQA_2011_FQA2011_stress_grid_S0006_daily.csv
FQA,FQA,Fengqiu,2011,Leave_One_experiments\wth_generated_qc\FQA\FQA2011.WTH,wet_year;water_stress_year;nitrogen_stress_year,water_stress,FQA2011_stress_grid_S0006,irrigation_positive_candidate,2011-08-03,215,59,54,"{""sim_day"": 59.0, ""doy"": 215.0, ""topwt"": 2070.309600830078, ""grnwt"": 0.0, ""xlai"": 1.032645344734192, ""totir"": 20.0, ""tofer"": NaN, ""swfac"": 0.0, ""nstres"": 0.3940357565879822}",0.0,0.3940357565879822,2070.309600830078,0.0,1.032645344734192,20.0,,0.0,0.0,20.0,0.0,11.202590942382812,19.20259094238281,Leave_One_experiments/all_year_offline_schedule_search/daily_outputs/FQA/FQA_2011_FQA2011_stress_grid_S0006_daily.csv
FQA,FQA,Fengqiu,2011,Leave_One_experiments\wth_generated_qc\FQA\FQA2011.WTH,wet_year;water_stress_year;nitrogen_stress_year,water_stress,FQA2011_stress_grid_S0006,irrigation_positive_candidate,2011-08-04,216,60,55,"{""sim_day"": 60.0, ""doy"": 216.0, ""topwt"": 2110.117645263672, ""grnwt"": 0.0, ""xlai"": 1.008170485496521, ""totir"": 20.0, ""tofer"": NaN, ""swfac"": 0.0, ""nstres"": 0.3993604779243469}",0.0,0.3993604779243469,2110.117645263672,0.0,1.008170485496521,20.0,,0.0,0.0,20.0,0.0,11.202590942382812,19.20259094238281,Leave_One_experiments/all_year_offline_schedule_search/daily_outputs/FQA/FQA_2011_FQA2011_stress_grid_S0006_daily.csv
FQA,FQA,Fengqiu,2011,Leave_One_experiments\wth_generated_qc\FQA\FQA2011.WTH,wet_year;water_stress_year;nitrogen_stress_year,water_stress,FQA2011_stress_grid_S0006,irrigation_positive_candidate,2011-08-05,217,61,56,"{""sim_day"": 61.0, ""doy"": 217.0, ""topwt"": 2183.794860839844, ""grnwt"": 0.0, ""xlai"": 0.993051052093506, ""totir"": 20.0, ""tofer"": NaN, ""swfac"": 0.0, ""nstres"": 0.4019491672515869}",0.0,0.4019491672515869,2183.794860839844,0.0,0.993051052093506,20.0,,0.0,0.0,20.0,0.0,11.202590942382812,19.20259094238281,Leave_One_experiments/all_year_offline_schedule_search/daily_outputs/FQA/FQA_2011_FQA2011_stress_grid_S0006_daily.csv
FQA,FQA,Fengqiu,2011,Leave_One_experiments\wth_generated_qc\FQA\FQA2011.WTH,wet_year;water_stress_year;nitrogen_stress_year,water_stress,FQA2011_stress_grid_S0006,irrigation_positive_candidate,2011-08-06,218,62,57,"{""sim_day"": 62.0, ""doy"": 218.0, ""topwt"": 2253.8003540039062, ""grnwt"": 0.0, ""xlai"": 0.9776625037193298, ""totir"": 20.0, ""tofer"": NaN, ""swfac"": 0.0, ""nstres"": 0.3977785110473633}",0.0,0.3977785110473633,2253.8003540039062,0.0,0.9776625037193298,20.0,,0.0,0.0,20.0,0.0,11.202590942382812,19.20259094238281,Leave_One_experiments/all_year_offline_schedule_search/daily_outputs/FQA/FQA_2011_FQA2011_stress_grid_S0006_daily.csv
FQA,FQA,Fengqiu,2011,Leave_One_experiments\wth_generated_qc\FQA\FQA2011.WTH,wet_year;water_stress_year;nitrogen_stress_year,water_stress,FQA2011_stress_grid_S0006,irrigation_positive_candidate,2011-08-07,219,63,58,"{""sim_day"": 63.0, ""doy"": 219.0, ""topwt"": 2332.9893493652344, ""grnwt"": 0.0, ""xlai"": 0.9649588465690612, ""totir"": 20.0, ""tofer"": NaN, ""swfac"": 0.0, ""nstres"": 0.4015677571296692}",0.0,0.4015677571296692,2332.9893493652344,0.0,0.9649588465690612,20.0,,0.0,0.0,20.0,0.0,11.202590942382812,19.20259094238281,Leave_One_experiments/all_year_offline_schedule_search/daily_outputs/FQA/FQA_2011_FQA2011_stress_grid_S0006_daily.csv
FQA,FQA,Fengqiu,2011,Leave_One_experiments\wth_generated_qc\FQA\FQA2011.WTH,wet_year;water_stress_year;nitrogen_stress_year,water_stress,FQA2011_stress_grid_S0006,irrigation_positive_candidate,2011-08-08,220,64,59,"{""sim_day"": 64.0, ""doy"": 220.0, ""topwt"": 2430.468139648437, ""grnwt"": 0.0, ""xlai"": 0.9327302575111388, ""totir"": 20.0, ""tofer"": NaN, ""swfac"": 0.0, ""nstres"": 0.4015738368034363}",0.0,0.4015738368034363,2430.468139648437,0.0,0.9327302575111388,20.0,,0.0,0.0,20.0,0.0,11.202590942382812,19.20259094238281,Leave_One_experiments/all_year_offline_schedule_search/daily_outputs/FQA/FQA_2011_FQA2011_stress_grid_S0006_daily.csv
FQA,FQA,Fengqiu,2011,Leave_One_experiments\wth_generated_qc\FQA\FQA2011.WTH,wet_year;water_stress_year;nitrogen_stress_year,water_stress,FQA2011_stress_grid_S0006,irrigation_positive_candidate,2011-08-09,221,65,60,"{""sim_day"": 65.0, ""doy"": 221.0, ""topwt"": 2529.2947387695312, ""grnwt"": 0.0, ""xlai"": 0.9020175337791444, ""totir"": 20.0, ""tofer"": NaN, ""swfac"": 0.0, ""nstres"": 0.3902640342712402}",0.0,0.3902640342712402,2529.2947387695312,0.0,0.9020175337791444,20.0,,0.0,0.0,20.0,0.0,11.202590942382812,19.20259094238281,Leave_One_experiments/all_year_offline_schedule_search/daily_outputs/FQA/FQA_2011_FQA2011_stress_grid_S0006_daily.csv
FQA,FQA,Fengqiu,2011,Leave_One_experiments\wth_generated_qc\FQA\FQA2011.WTH,wet_year;water_stress_year;nitrogen_stress_year,water_stress,FQA2011_stress_grid_S0006,irrigation_positive_candidate,2011-08-10,222,66,61,"{""sim_day"": 66.0, ""doy"": 222.0, ""topwt"": 2611.8588256835938, ""grnwt"": 0.0, ""xlai"": 0.8724496960639954, ""totir"": 20.0, ""tofer"": NaN, ""swfac"": 0.0, ""nstres"": 0.3867133855819702}",0.0,0.3867133855819702,2611.8588256835938,0.0,0.8724496960639954,20.0,,0.0,0.0,20.0,0.0,11.202590942382812,19.20259094238281,Leave_One_experiments/all_year_offline_schedule_search/daily_outputs/FQA/FQA_2011_FQA2011_stress_grid_S0006_daily.csv
FQA,FQA,Fengqiu,2011,Leave_One_experiments\wth_generated_qc\FQA\FQA2011.WTH,wet_year;water_stress_year;nitrogen_stress_year,water_stress,FQA2011_stress_grid_S0006,irrigation_positive_candidate,2011-08-11,223,67,62,"{""sim_day"": 67.0, ""doy"": 223.0, ""topwt"": 2689.47998046875, ""grnwt"": 0.0, ""xlai"": 0.844109058380127, ""totir"": 20.0, ""tofer"": NaN, ""swfac"": 0.0, ""nstres"": 0.379615306854248}",0.0,0.379615306854248,2689.47998046875,0.0,0.844109058380127,20.0,,0.0,0.0,20.0,0.0,11.202590942382812,19.20259094238281,Leave_One_experiments/all_year_offline_schedule_search/daily_outputs/FQA/FQA_2011_FQA2011_stress_grid_S0006_daily.csv
FQA,FQA,Fengqiu,2011,Leave_One_experiments\wth_generated_qc\FQA\FQA2011.WTH,wet_year;water_stress_year;nitrogen_stress_year,water_stress,FQA2011_stress_grid_S0006,irrigation_positive_candidate,2011-08-12,224,68,63,"{""sim_day"": 68.0, ""doy"": 224.0, ""topwt"": 2769.8141479492188, ""grnwt"": 0.0, ""xlai"": 0.8172012567520142, ""totir"": 20.0, ""tofer"": NaN, ""swfac"": 0.0, ""nstres"": 0.3650514483451843}",0.0,0.3650514483451843,2769.8141479492188,0.0,0.8172012567520142,20.0,,0.0,0.0,20.0,0.0,11.202590942382812,19.20259094238281,Leave_One_experiments/all_year_offline_schedule_search/daily_outputs/FQA/FQA_2011_FQA2011_stress_grid_S0006_daily.csv
FQA,FQA,Fengqiu,2011,Leave_One_experiments\wth_generated_qc\FQA\FQA2011.WTH,wet_year;water_stress_year;nitrogen_stress_year,water_stress,FQA2011_stress_grid_S0006,irrigation_positive_candidate,2011-08-13,225,69,64,"{""sim_day"": 69.0, ""doy"": 225.0, ""topwt"": 2834.852905273437, ""grnwt"": 0.0, ""xlai"": 0.7917843461036682, ""totir"": 20.0, ""tofer"": NaN, ""swfac"": 0.0, ""nstres"": 0.3464564681053161}",0.0,0.3464564681053161,2834.852905273437,0.0,0.7917843461036682,20.0,,0.0,0.0,20.0,0.0,11.202590942382812,19.20259094238281,Leave_One_experiments/all_year_offline_schedule_search/daily_outputs/FQA/FQA_2011_FQA2011_stress_grid_S0006_daily.csv
FQA,FQA,Fengqiu,2011,Leave_One_experiments\wth_generated_qc\FQA\FQA2011.WTH,wet_year;water_stress_year;nitrogen_stress_year,water_stress,FQA2011_stress_grid_S0006,irrigation_positive_candidate,2011-08-14,226,70,65,"{""sim_day"": 70.0, ""doy"": 226.0, ""topwt"": 2906.5557861328125, ""grnwt"": 0.0, ""xlai"": 0.767827033996582, ""totir"": 20.0, ""tofer"": NaN, ""swfac"": 0.0, ""nstres"": 0.326176643371582}",0.0,0.326176643371582,2906.5557861328125,0.0,0.767827033996582,20.0,,0.0,0.0,20.0,0.0,11.202590942382812,19.20259094238281,Leave_One_experiments/all_year_offline_schedule_search/daily_outputs/FQA/FQA_2011_FQA2011_stress_grid_S0006_daily.csv
FQA,FQA,Fengqiu,2011,Leave_One_experiments\wth_generated_qc\FQA\FQA2011.WTH,wet_year;water_stress_year;nitrogen_stress_year,water_stress,FQA2011_stress_grid_S0006,irrigation_positive_candidate,2011-08-15,227,71,66,"{""sim_day"": 71.0, ""doy"": 227.0, ""topwt"": 2919.507141113281, ""grnwt"": 0.0, ""xlai"": 0.7453281879425049, ""totir"": 20.0, ""tofer"": NaN, ""swfac"": 0.0, ""nstres"": 0.3032465577125549}",0.0,0.3032465577125549,2919.507141113281,0.0,0.7453281879425049,20.0,,0.0,0.0,20.0,0.0,11.202590942382812,19.20259094238281,Leave_One_experiments/all_year_offline_schedule_search/daily_outputs/FQA/FQA_2011_FQA2011_stress_grid_S0006_daily.csv
FQA,FQA,Fengqiu,2011,Leave_One_experiments\wth_generated_qc\FQA\FQA2011.WTH,wet_year;water_stress_year;nitrogen_stress_year,water_stress,FQA2011_stress_grid_S0006,irrigation_positive_candidate,2011-08-16,228,72,67,"{""sim_day"": 72.0, ""doy"": 228.0, ""topwt"": 2985.205078125, ""grnwt"": 200.5299186706543, ""xlai"": 0.7241619825363159, ""totir"": 20.0, ""tofer"": NaN, ""swfac"": 0.0, ""nstres"": 0.2815634608268738}",0.0,0.2815634608268738,2985.205078125,200.5299186706543,0.7241619825363159,20.0,,0.0,0.0,20.0,0.0,11.202590942382812,19.20259094238281,Leave_One_experiments/all_year_offline_schedule_search/daily_outputs/FQA/FQA_2011_FQA2011_stress_grid_S0006_daily.csv
FQA,FQA,Fengqiu,2011,Leave_One_experiments\wth_generated_qc\FQA\FQA2011.WTH,wet_year;water_stress_year;nitrogen_stress_year,water_stress,FQA2011_stress_grid_S0006,irrigation_positive_candidate,2011-08-17,229,73,68,"{""sim_day"": 73.0, ""doy"": 229.0, ""topwt"": 3001.2322998046875, ""grnwt"": 300.6339645385742, ""xlai"": 0.7020564079284668, ""totir"": 20.0, ""tofer"": NaN, ""swfac"": 0.0, ""nstres"": 0.3326160311698913}",0.0,0.3326160311698913,3001.2322998046875,300.6339645385742,0.7020564079284668,20.0,,0.0,0.0,20.0,0.0,11.202590942382812,19.20259094238281,Leave_One_experiments/all_year_offline_schedule_search/daily_outputs/FQA/FQA_2011_FQA2011_stress_grid_S0006_daily.csv
FQA,FQA,Fengqiu,2011,Leave_One_experiments\wth_generated_qc\FQA\FQA2011.WTH,wet_year;water_stress_year;nitrogen_stress_year,water_stress,FQA2011_stress_grid_S0006,irrigation_positive_candidate,2011-08-18,230,74,69,"{""sim_day"": 74.0, ""doy"": 230.0, ""topwt"": 3022.59765625, ""grnwt"": 400.7379913330078, ""xlai"": 0.6819992065429688, ""totir"": 20.0, ""tofer"": NaN, ""swfac"": 0.0, ""nstres"": 0.2856615781784057}",0.0,0.2856615781784057,3022.59765625,400.7379913330078,0.6819992065429688,20.0,,0.0,0.0,20.0,0.0,11.202590942382812,19.20259094238281,Leave_One_experiments/all_year_offline_schedule_search/daily_outputs/FQA/FQA_2011_FQA2011_stress_grid_S0006_daily.csv
FQA,FQA,Fengqiu,2011,Leave_One_experiments\wth_generated_qc\FQA\FQA2011.WTH,wet_year;water_stress_year;nitrogen_stress_year,water_stress,FQA2011_stress_grid_S0006,irrigation_positive_candidate,2011-08-19,231,75,70,"{""sim_day"": 75.0, ""doy"": 231.0, ""topwt"": 3039.4937133789062, ""grnwt"": 500.84205627441406, ""xlai"": 0.6631677746772766, ""totir"": 20.0, ""tofer"": NaN, ""swfac"": 0.0, ""nstres"": 0.2626910209655761}",0.0,0.2626910209655761,3039.4937133789062,500.84205627441406,0.6631677746772766,20.0,,0.0,0.0,20.0,0.0,11.202590942382812,19.20259094238281,Leave_One_experiments/all_year_offline_schedule_search/daily_outputs/FQA/FQA_2011_FQA2011_stress_grid_S0006_daily.csv
FQA,FQA,Fengqiu,2011,Leave_One_experiments\wth_generated_qc\FQA\FQA2011.WTH,wet_year;water_stress_year;nitrogen_stress_year,water_stress,FQA2011_stress_grid_S0006,irrigation_positive_candidate,2011-08-20,232,76,71,"{""sim_day"": 76.0, ""doy"": 232.0, ""topwt"": 3055.8331298828125, ""grnwt"": 600.9461212158203, ""xlai"": 0.6453447937965393, ""totir"": 20.0, ""tofer"": NaN, ""swfac"": 0.0, ""nstres"": 0.2450111508369445}",0.0,0.2450111508369445,3055.8331298828125,600.9461212158203,0.6453447937965393,20.0,,0.0,0.0,20.0,0.0,11.202590942382812,19.20259094238281,Leave_One_experiments/all_year_offline_schedule_search/daily_outputs/FQA/FQA_2011_FQA2011_stress_grid_S0006_daily.csv
FQA,FQA,Fengqiu,2011,Leave_One_experiments\wth_generated_qc\FQA\FQA2011.WTH,wet_year;water_stress_year;nitrogen_stress_year,water_stress,FQA2011_stress_grid_S0006,irrigation_positive_candidate,2011-08-21,233,77,72,"{""sim_day"": 77.0, ""doy"": 233.0, ""topwt"": 3131.024475097656, ""grnwt"": 701.0501861572266, ""xlai"": 0.6285833716392517, ""totir"": 20.0, ""tofer"": NaN, ""swfac"": 0.0, ""nstres"": 0.2233472466468811}",0.0,0.2233472466468811,3131.024475097656,701.0501861572266,0.6285833716392517,20.0,,0.0,0.0,20.0,0.0,11.202590942382812,19.20259094238281,Leave_One_experiments/all_year_offline_schedule_search/daily_outputs/FQA/FQA_2011_FQA2011_stress_grid_S0006_daily.csv
FQA,FQA,Fengqiu,2011,Leave_One_experiments\wth_generated_qc\FQA\FQA2011.WTH,wet_year;water_stress_year;nitrogen_stress_year,water_stress,FQA2011_stress_grid_S0006,irrigation_positive_candidate,2011-08-22,234,78,73,"{""sim_day"": 78.0, ""doy"": 234.0, ""topwt"": 3203.960876464844, ""grnwt"": 801.1542510986328, ""xlai"": 0.612550675868988, ""totir"": 20.0, ""tofer"": NaN, ""swfac"": 0.0, ""nstres"": 0.2121450901031494}",0.0,0.2121450901031494,3203.960876464844,801.1542510986328,0.612550675868988,20.0,,0.0,0.0,20.0,0.0,11.202590942382812,19.20259094238281,Leave_One_experiments/all_year_offline_schedule_search/daily_outputs/FQA/FQA_2011_FQA2011_stress_grid_S0006_daily.csv
FQA,FQA,Fengqiu,2011,Leave_One_experiments\wth_generated_qc\FQA\FQA2011.WTH,wet_year;water_stress_year;nitrogen_stress_year,water_stress,FQA2011_stress_grid_S0006,irrigation_positive_candidate,2011-08-23,235,79,74,"{""sim_day"": 79.0, ""doy"": 235.0, ""topwt"": 3317.047119140625, ""grnwt"": 901.2583160400392, ""xlai"": 0.5964462757110596, ""totir"": 20.0, ""tofer"": NaN, ""swfac"": 0.0, ""nstres"": 0.2309772372245788}",0.0,0.2309772372245788,3317.047119140625,901.2583160400392,0.5964462757110596,20.0,,0.0,0.0,20.0,0.0,11.202590942382812,19.20259094238281,Leave_One_experiments/all_year_offline_schedule_search/daily_outputs/FQA/FQA_2011_FQA2011_stress_grid_S0006_daily.csv
FQA,FQA,Fengqiu,2011,Leave_One_experiments\wth_generated_qc\FQA\FQA2011.WTH,wet_year;water_stress_year;nitrogen_stress_year,water_stress,FQA2011_stress_grid_S0006,irrigation_positive_candidate,2011-08-24,236,80,75,"{""sim_day"": 80.0, ""doy"": 236.0, ""topwt"": 3403.0825805664062, ""grnwt"": 1001.3623809814452, ""xlai"": 0.5801315307617188, ""totir"": 20.0, ""tofer"": NaN, ""swfac"": 0.0, ""nstres"": 0.2564783096313476}",0.0,0.2564783096313476,3403.0825805664062,1001.3623809814452,0.5801315307617188,20.0,,0.0,0.0,20.0,0.0,11.202590942382812,19.20259094238281,Leave_One_experiments/all_year_offline_schedule_search/daily_outputs/FQA/FQA_2011_FQA2011_stress_grid_S0006_daily.csv
FQA,FQA,Fengqiu,2011,Leave_One_experiments\wth_generated_qc\FQA\FQA2011.WTH,wet_year;water_stress_year;nitrogen_stress_year,water_stress,FQA2011_stress_grid_S0006,irrigation_positive_candidate,2011-08-25,237,81,76,"{""sim_day"": 81.0, ""doy"": 237.0, ""topwt"": 3489.03564453125, ""grnwt"": 1101.4664459228516, ""xlai"": 0.5631082057952881, ""totir"": 20.0, ""tofer"": NaN, ""swfac"": 0.0, ""nstres"": 0.3042541742324829}",0.0,0.3042541742324829,3489.03564453125,1101.4664459228516,0.5631082057952881,20.0,,0.0,0.0,20.0,0.0,11.202590942382812,19.20259094238281,Leave_One_experiments/all_year_offline_schedule_search/daily_outputs/FQA/FQA_2011_FQA2011_stress_grid_S0006_daily.csv
FQA,FQA,Fengqiu,2011,Leave_One_experiments\wth_generated_qc\FQA\FQA2011.WTH,wet_year;water_stress_year;nitrogen_stress_year,water_stress,FQA2011_stress_grid_S0006,irrigation_positive_candidate,2011-08-26,238,82,77,"{""sim_day"": 82.0, ""doy"": 238.0, ""topwt"": 3540.214233398437, ""grnwt"": 1201.5705108642578, ""xlai"": 0.5458115935325623, ""totir"": 20.0, ""tofer"": NaN, ""swfac"": 0.0, ""nstres"": 0.3371888995170593}",0.0,0.3371888995170593,3540.214233398437,1201.5705108642578,0.5458115935325623,20.0,,0.0,0.0,20.0,0.0,11.202590942382812,19.20259094238281,Leave_One_experiments/all_year_offline_schedule_search/daily_outputs/FQA/FQA_2011_FQA2011_stress_grid_S0006_daily.csv
FQA,FQA,Fengqiu,2011,Leave_One_experiments\wth_generated_qc\FQA\FQA2011.WTH,wet_year;water_stress_year;nitrogen_stress_year,water_stress,FQA2011_stress_grid_S0006,irrigation_positive_candidate,2011-08-27,239,83,78,"{""sim_day"": 83.0, ""doy"": 239.0, ""topwt"": 3602.899169921875, ""grnwt"": 1301.6744995117188, ""xlai"": 0.5284662246704102, ""totir"": 20.0, ""tofer"": NaN, ""swfac"": 0.0, ""nstres"": 0.3626998662948608}",0.0,0.3626998662948608,3602.899169921875,1301.6744995117188,0.5284662246704102,20.0,,0.0,0.0,20.0,0.0,11.202590942382812,19.20259094238281,Leave_One_experiments/all_year_offline_schedule_search/daily_outputs/FQA/FQA_2011_FQA2011_stress_grid_S0006_daily.csv
FQA,FQA,Fengqiu,2011,Leave_One_experiments\wth_generated_qc\FQA\FQA2011.WTH,wet_year;water_stress_year;nitrogen_stress_year,water_stress,FQA2011_stress_grid_S0006,irrigation_positive_candidate,2011-08-28,240,84,79,"{""sim_day"": 84.0, ""doy"": 240.0, ""topwt"": 3684.26513671875, ""grnwt"": 1401.778564453125, ""xlai"": 0.5116194486618042, ""totir"": 20.0, ""tofer"": NaN, ""swfac"": 0.0, ""nstres"": 0.3650853037834167}",0.0,0.3650853037834167,3684.26513671875,1401.778564453125,0.5116194486618042,20.0,,0.0,0.0,20.0,0.0,11.202590942382812,19.20259094238281,Leave_One_experiments/all_year_offline_schedule_search/daily_outputs/FQA/FQA_2011_FQA2011_stress_grid_S0006_daily.csv
FQA,FQA,Fengqiu,2011,Leave_One_experiments\wth_generated_qc\FQA\FQA2011.WTH,wet_year;water_stress_year;nitrogen_stress_year,water_stress,FQA2011_stress_grid_S0006,irrigation_positive_candidate,2011-08-29,241,85,80,"{""sim_day"": 85.0, ""doy"": 241.0, ""topwt"": 3762.9290771484375, ""grnwt"": 1501.8826293945312, ""xlai"": 0.49526247382164, ""totir"": 20.0, ""tofer"": NaN, ""swfac"": 0.0, ""nstres"": 0.3673004508018493}",0.0,0.3673004508018493,3762.9290771484375,1501.8826293945312,0.49526247382164,20.0,,0.0,0.0,20.0,0.0,11.202590942382812,19.20259094238281,Leave_One_experiments/all_year_offline_schedule_search/daily_outputs/FQA/FQA_2011_FQA2011_stress_grid_S0006_daily.csv
FQA,FQA,Fengqiu,2011,Leave_One_experiments\wth_generated_qc\FQA\FQA2011.WTH,wet_year;water_stress_year;nitrogen_stress_year,water_stress,FQA2011_stress_grid_S0006,irrigation_positive_candidate,2011-08-30,242,86,81,"{""sim_day"": 86.0, ""doy"": 242.0, ""topwt"": 3843.507080078125, ""grnwt"": 1601.9866943359375, ""xlai"": 0.4791778326034546, ""totir"": 20.0, ""tofer"": NaN, ""swfac"": 0.0, ""nstres"": 0.3794504404067993}",0.0,0.3794504404067993,3843.507080078125,1601.9866943359375,0.4791778326034546,20.0,,0.0,0.0,20.0,0.0,11.202590942382812,19.20259094238281,Leave_One_experiments/all_year_offline_schedule_search/daily_outputs/FQA/FQA_2011_FQA2011_stress_grid_S0006_daily.csv
FQA,FQA,Fengqiu,2011,Leave_One_experiments\wth_generated_qc\FQA\FQA2011.WTH,wet_year;water_stress_year;nitrogen_stress_year,water_stress,FQA2011_stress_grid_S0006,irrigation_positive_candidate,2011-08-31,243,87,82,"{""sim_day"": 87.0, ""doy"": 243.0, ""topwt"": 3894.9392700195312, ""grnwt"": 1674.4178771972656, ""xlai"": 0.4634400308132171, ""totir"": 20.0, ""tofer"": NaN, ""swfac"": 0.0, ""nstres"": 0.388238787651062}",0.0,0.388238787651062,3894.9392700195312,1674.4178771972656,0.4634400308132171,20.0,,0.0,0.0,20.0,0.0,11.202590942382812,19.20259094238281,Leave_One_experiments/all_year_offline_schedule_search/daily_outputs/FQA/FQA_2011_FQA2011_stress_grid_S0006_daily.csv
FQA,FQA,Fengqiu,2011,Leave_One_experiments\wth_generated_qc\FQA\FQA2011.WTH,wet_year;water_stress_year;nitrogen_stress_year,water_stress,FQA2011_stress_grid_S0006,irrigation_positive_candidate,2011-09-01,244,88,83,"{""sim_day"": 88.0, ""doy"": 244.0, ""topwt"": 3947.5244140625, ""grnwt"": 1727.003173828125, ""xlai"": 0.4484100341796875, ""totir"": 20.0, ""tofer"": NaN, ""swfac"": 0.0, ""nstres"": 0.3783500790596008}",0.0,0.3783500790596008,3947.5244140625,1727.003173828125,0.4484100341796875,20.0,,0.0,0.0,20.0,0.0,11.202590942382812,19.20259094238281,Leave_One_experiments/all_year_offline_schedule_search/daily_outputs/FQA/FQA_2011_FQA2011_stress_grid_S0006_daily.csv
FQA,FQA,Fengqiu,2011,Leave_One_experiments\wth_generated_qc\FQA\FQA2011.WTH,wet_year;water_stress_year;nitrogen_stress_year,water_stress,FQA2011_stress_grid_S0006,irrigation_positive_candidate,2011-09-02,245,89,84,"{""sim_day"": 89.0, ""doy"": 245.0, ""topwt"": 3968.892517089844, ""grnwt"": 1748.371124267578, ""xlai"": 0.434347540140152, ""totir"": 20.0, ""tofer"": NaN, ""swfac"": 0.0, ""nstres"": 0.3526589274406433}",0.0,0.3526589274406433,3968.892517089844,1748.371124267578,0.434347540140152,20.0,,0.0,0.0,20.0,0.0,11.202590942382812,19.20259094238281,Leave_One_experiments/all_year_offline_schedule_search/daily_outputs/FQA/FQA_2011_FQA2011_stress_grid_S0006_daily.csv
FQA,FQA,Fengqiu,2011,Leave_One_experiments\wth_generated_qc\FQA\FQA2011.WTH,wet_year;water_stress_year;nitrogen_stress_year,water_stress,FQA2011_stress_grid_S0006,irrigation_positive_candidate,2011-09-03,246,90,85,"{""sim_day"": 90.0, ""doy"": 246.0, ""topwt"": 3975.182495117188, ""grnwt"": 1754.6609497070312, ""xlai"": 0.4213108420372009, ""totir"": 20.0, ""tofer"": NaN, ""swfac"": 0.0, ""nstres"": 0.3203474879264831}",0.0,0.3203474879264831,3975.182495117188,1754.6609497070312,0.4213108420372009,20.0,,0.0,0.0,20.0,0.0,11.202590942382812,19.20259094238281,Leave_One_experiments/all_year_offline_schedule_search/daily_outputs/FQA/FQA_2011_FQA2011_stress_grid_S0006_daily.csv
FQA,FQA,Fengqiu,2011,Leave_One_experiments\wth_generated_qc\FQA\FQA2011.WTH,wet_year;water_stress_year;nitrogen_stress_year,water_stress,FQA2011_stress_grid_S0006,irrigation_positive_candidate,2011-09-04,247,91,86,"{""sim_day"": 91.0, ""doy"": 247.0, ""topwt"": 3999.701232910156, ""grnwt"": 1779.1798400878906, ""xlai"": 0.4096185564994812, ""totir"": 20.0, ""tofer"": NaN, ""swfac"": 0.0, ""nstres"": 0.266049325466156}",0.0,0.266049325466156,3999.701232910156,1779.1798400878906,0.4096185564994812,20.0,,0.0,0.0,20.0,0.0,11.202590942382812,19.20259094238281,Leave_One_experiments/all_year_offline_schedule_search/daily_outputs/FQA/FQA_2011_FQA2011_stress_grid_S0006_daily.csv
FQA,FQA,Fengqiu,2011,Leave_One_experiments\wth_generated_qc\FQA\FQA2011.WTH,wet_year;water_stress_year;nitrogen_stress_year,water_stress,FQA2011_stress_grid_S0006,irrigation_positive_candidate,2011-09-05,248,92,87,"{""sim_day"": 92.0, ""doy"": 248.0, ""topwt"": 4021.2847900390634, ""grnwt"": 1800.7632446289062, ""xlai"": 0.3986665904521942, ""totir"": 20.0, ""tofer"": NaN, ""swfac"": 0.0, ""nstres"": 0.2416866421699524}",0.0,0.2416866421699524,4021.2847900390634,1800.7632446289062,0.3986665904521942,20.0,,0.0,0.0,20.0,0.0,11.202590942382812,19.20259094238281,Leave_One_experiments/all_year_offline_schedule_search/daily_outputs/FQA/FQA_2011_FQA2011_stress_grid_S0006_daily.csv
FQA,FQA,Fengqiu,2011,Leave_One_experiments\wth_generated_qc\FQA\FQA2011.WTH,wet_year;water_stress_year;nitrogen_stress_year,water_stress,FQA2011_stress_grid_S0006,irrigation_positive_candidate,2011-09-06,249,93,88,"{""sim_day"": 93.0, ""doy"": 249.0, ""topwt"": 4034.2230224609375, ""grnwt"": 1813.7014770507808, ""xlai"": 0.388295978307724, ""totir"": 20.0, ""tofer"": NaN, ""swfac"": 0.0, ""nstres"": 0.224316120147705}",0.0,0.224316120147705,4034.2230224609375,1813.7014770507808,0.388295978307724,20.0,,0.0,0.0,20.0,0.0,11.202590942382812,19.20259094238281,Leave_One_experiments/all_year_offline_schedule_search/daily_outputs/FQA/FQA_2011_FQA2011_stress_grid_S0006_daily.csv
FQA,FQA,Fengqiu,2011,Leave_One_experiments\wth_generated_qc\FQA\FQA2011.WTH,wet_year;water_stress_year;nitrogen_stress_year,water_stress,FQA2011_stress_grid_S0006,irrigation_positive_candidate,2011-09-07,250,94,89,"{""sim_day"": 94.0, ""doy"": 250.0, ""topwt"": 4048.0838012695312, ""grnwt"": 1827.5624084472656, ""xlai"": 0.3786737322807312, ""totir"": 20.0, ""tofer"": NaN, ""swfac"": 0.0, ""nstres"": 0.1982467174530029}",0.0,0.1982467174530029,4048.0838012695312,1827.5624084472656,0.3786737322807312,20.0,,0.0,0.0,20.0,0.0,11.202590942382812,19.20259094238281,Leave_One_experiments/all_year_offline_schedule_search/daily_outputs/FQA/FQA_2011_FQA2011_stress_grid_S0006_daily.csv
FQA,FQA,Fengqiu,2011,Leave_One_experiments\wth_generated_qc\FQA\FQA2011.WTH,wet_year;water_stress_year;nitrogen_stress_year,water_stress,FQA2011_stress_grid_S0006,irrigation_positive_candidate,2011-09-08,251,95,90,"{""sim_day"": 95.0, ""doy"": 251.0, ""topwt"": 4080.509643554688, ""grnwt"": 1859.9882507324216, ""xlai"": 0.3696084916591644, ""totir"": 20.0, ""tofer"": NaN, ""swfac"": 0.0, ""nstres"": 0.191514253616333}",0.0,0.191514253616333,4080.509643554688,1859.9882507324216,0.3696084916591644,20.0,,0.0,0.0,20.0,0.0,11.202590942382812,19.20259094238281,Leave_One_experiments/all_year_offline_schedule_search/daily_outputs/FQA/FQA_2011_FQA2011_stress_grid_S0006_daily.csv
FQA,FQA,Fengqiu,2011,Leave_One_experiments\wth_generated_qc\FQA\FQA2011.WTH,wet_year;water_stress_year;nitrogen_stress_year,water_stress,FQA2011_stress_grid_S0006,irrigation_positive_candidate,2011-09-09,252,96,91,"{""sim_day"": 96.0, ""doy"": 252.0, ""topwt"": 4107.236328125, ""grnwt"": 1886.7149353027344, ""xlai"": 0.3606985211372375, ""totir"": 20.0, ""tofer"": NaN, ""swfac"": 0.0, ""nstres"": 0.1928524374961853}",0.0,0.1928524374961853,4107.236328125,1886.7149353027344,0.3606985211372375,20.0,,0.0,0.0,20.0,0.0,11.202590942382812,19.20259094238281,Leave_One_experiments/all_year_offline_schedule_search/daily_outputs/FQA/FQA_2011_FQA2011_stress_grid_S0006_daily.csv
FQA,FQA,Fengqiu,2011,Leave_One_experiments\wth_generated_qc\FQA\FQA2011.WTH,wet_year;water_stress_year;nitrogen_stress_year,water_stress,FQA2011_stress_grid_S0006,irrigation_positive_candidate,2011-09-10,253,97,92,"{""sim_day"": 97.0, ""doy"": 253.0, ""topwt"": 4113.590087890625, ""grnwt"": 1893.06884765625, ""xlai"": 0.3520106375217438, ""totir"": 20.0, ""tofer"": NaN, ""swfac"": 0.0, ""nstres"": 0.1926907300949096}",0.0,0.1926907300949096,4113.590087890625,1893.06884765625,0.3520106375217438,20.0,,0.0,0.0,20.0,0.0,11.202590942382812,19.20259094238281,Leave_One_experiments/all_year_offline_schedule_search/daily_outputs/FQA/FQA_2011_FQA2011_stress_grid_S0006_daily.csv
FQA,FQA,Fengqiu,2011,Leave_One_experiments\wth_generated_qc\FQA\FQA2011.WTH,wet_year;water_stress_year;nitrogen_stress_year,water_stress,FQA2011_stress_grid_S0006,irrigation_positive_candidate,2011-09-11,254,98,93,"{""sim_day"": 98.0, ""doy"": 254.0, ""topwt"": 4120.6298828125, ""grnwt"": 1900.108337402344, ""xlai"": 0.3439899384975433, ""totir"": 20.0, ""tofer"": NaN, ""swfac"": 0.0, ""nstres"": 0.1822836399078369}",0.0,0.1822836399078369,4120.6298828125,1900.108337402344,0.3439899384975433,20.0,,0.0,0.0,20.0,0.0,11.202590942382812,19.20259094238281,Leave_One_experiments/all_year_offline_schedule_search/daily_outputs/FQA/FQA_2011_FQA2011_stress_grid_S0006_daily.csv
FQA,FQA,Fengqiu,2011,Leave_One_experiments\wth_generated_qc\FQA\FQA2011.WTH,wet_year;water_stress_year;nitrogen_stress_year,water_stress,FQA2011_stress_grid_S0006,irrigation_positive_candidate,2011-09-12,255,99,94,"{""sim_day"": 99.0, ""doy"": 255.0, ""topwt"": 4126.1517333984375, ""grnwt"": 1905.6304931640625, ""xlai"": 0.3366492986679077, ""totir"": 20.0, ""tofer"": NaN, ""swfac"": 0.0, ""nstres"": 0.1707160472869873}",0.0,0.1707160472869873,4126.1517333984375,1905.6304931640625,0.3366492986679077,20.0,,0.0,0.0,20.0,0.0,11.202590942382812,19.20259094238281,Leave_One_experiments/all_year_offline_schedule_search/daily_outputs/FQA/FQA_2011_FQA2011_stress_grid_S0006_daily.csv
FQA,FQA,Fengqiu,2011,Leave_One_experiments\wth_generated_qc\FQA\FQA2011.WTH,wet_year;water_stress_year;nitrogen_stress_year,water_stress,FQA2011_stress_grid_S0006,irrigation_positive_candidate,2011-09-13,256,100,95,"{""sim_day"": 100.0, ""doy"": 256.0, ""topwt"": 4137.7838134765625, ""grnwt"": 1917.2624206542969, ""xlai"": 0.3296925723552704, ""totir"": 20.0, ""tofer"": NaN, ""swfac"": 0.0, ""nstres"": 0.1653169989585876}",0.0,0.1653169989585876,4137.7838134765625,1917.2624206542969,0.3296925723552704,20.0,,0.0,0.0,20.0,0.0,11.202590942382812,19.20259094238281,Leave_One_experiments/all_year_offline_schedule_search/daily_outputs/FQA/FQA_2011_FQA2011_stress_grid_S0006_daily.csv
FQA,FQA,Fengqiu,2011,Leave_One_experiments\wth_generated_qc\FQA\FQA2011.WTH,wet_year;water_stress_year;nitrogen_stress_year,water_stress,FQA2011_stress_grid_S0006,irrigation_positive_candidate,2011-09-14,257,101,96,"{""sim_day"": 101.0, ""doy"": 257.0, ""topwt"": 4157.481994628906, ""grnwt"": 1936.9606018066409, ""xlai"": 0.3230084776878357, ""totir"": 20.0, ""tofer"": NaN, ""swfac"": 0.0, ""nstres"": 0.1621890068054199}",0.0,0.1621890068054199,4157.481994628906,1936.9606018066409,0.3230084776878357,20.0,,0.0,0.0,20.0,0.0,11.202590942382812,19.20259094238281,Leave_One_experiments/all_year_offline_schedule_search/daily_outputs/FQA/FQA_2011_FQA2011_stress_grid_S0006_daily.csv
FQA,FQA,Fengqiu,2011,Leave_One_experiments\wth_generated_qc\FQA\FQA2011.WTH,wet_year;water_stress_year;nitrogen_stress_year,water_stress,FQA2011_stress_grid_S0006,irrigation_positive_candidate,2011-09-15,258,102,97,"{""sim_day"": 102.0, ""doy"": 258.0, ""topwt"": 4203.4503173828125, ""grnwt"": 1982.9289245605469, ""xlai"": 0.3163876831531524, ""totir"": 20.0, ""tofer"": NaN, ""swfac"": 0.0, ""nstres"": 0.163978099822998}",0.0,0.163978099822998,4203.4503173828125,1982.9289245605469,0.3163876831531524,20.0,,0.0,0.0,20.0,0.0,11.202590942382812,19.20259094238281,Leave_One_experiments/all_year_offline_schedule_search/daily_outputs/FQA/FQA_2011_FQA2011_stress_grid_S0006_daily.csv
FQA,FQA,Fengqiu,2011,Leave_One_experiments\wth_generated_qc\FQA\FQA2011.WTH,wet_year;water_stress_year;nitrogen_stress_year,water_stress,FQA2011_stress_grid_S0006,irrigation_positive_candidate,2011-09-16,259,103,98,"{""sim_day"": 103.0, ""doy"": 259.0, ""topwt"": 4209.860534667969, ""grnwt"": 1989.3391418457031, ""xlai"": 0.3092232346534729, ""totir"": 20.0, ""tofer"": NaN, ""swfac"": 0.0, ""nstres"": 0.1811566948890686}",0.0,0.1811566948890686,4209.860534667969,1989.3391418457031,0.3092232346534729,20.0,,0.0,0.0,20.0,0.0,11.202590942382812,19.20259094238281,Leave_One_experiments/all_year_offline_schedule_search/daily_outputs/FQA/FQA_2011_FQA2011_stress_grid_S0006_daily.csv
FQA,FQA,Fengqiu,2011,Leave_One_experiments\wth_generated_qc\FQA\FQA2011.WTH,wet_year;water_stress_year;nitrogen_stress_year,water_stress,FQA2011_stress_grid_S0006,irrigation_positive_candidate,2011-09-17,260,104,99,"{""sim_day"": 104.0, ""doy"": 260.0, ""topwt"": 4220.034484863281, ""grnwt"": 1999.513092041016, ""xlai"": 0.3022436499595642, ""totir"": 20.0, ""tofer"": NaN, ""swfac"": 0.0, ""nstres"": 0.1805699467658996}",0.0,0.1805699467658996,4220.034484863281,1999.513092041016,0.3022436499595642,20.0,,0.0,0.0,20.0,0.0,11.202590942382812,19.20259094238281,Leave_One_experiments/all_year_offline_schedule_search/daily_outputs/FQA/FQA_2011_FQA2011_stress_grid_S0006_daily.csv
FQA,FQA,Fengqiu,2011,Leave_One_experiments\wth_generated_qc\FQA\FQA2011.WTH,wet_year;water_stress_year;nitrogen_stress_year,water_stress,FQA2011_stress_grid_S0006,irrigation_positive_candidate,2011-09-18,261,105,100,"{""sim_day"": 105.0, ""doy"": 261.0, ""topwt"": 4280.796203613281, ""grnwt"": 2060.274810791016, ""xlai"": 0.2953435480594635, ""totir"": 20.0, ""tofer"": NaN, ""swfac"": 0.0, ""nstres"": 0.1826371550559997}",0.0,0.1826371550559997,4280.796203613281,2060.274810791016,0.2953435480594635,20.0,,0.0,0.0,20.0,0.0,11.202590942382812,19.20259094238281,Leave_One_experiments/all_year_offline_schedule_search/daily_outputs/FQA/FQA_2011_FQA2011_stress_grid_S0006_daily.csv
FQA,FQA,Fengqiu,2011,Leave_One_experiments\wth_generated_qc\FQA\FQA2011.WTH,wet_year;water_stress_year;nitrogen_stress_year,water_stress,FQA2011_stress_grid_S0006,irrigation_positive_candidate,2011-09-19,262,106,101,"{""sim_day"": 106.0, ""doy"": 262.0, ""topwt"": 4340.7806396484375, ""grnwt"": 2120.259094238281, ""xlai"": 0.2877418994903564, ""totir"": 20.0, ""tofer"": NaN, ""swfac"": 0.0, ""nstres"": 0.2177167534828186}",0.0,0.2177167534828186,4340.7806396484375,2120.259094238281,0.2877418994903564,20.0,,0.0,0.0,20.0,0.0,11.202590942382812,19.20259094238281,Leave_One_experiments/all_year_offline_schedule_search/daily_outputs/FQA/FQA_2011_FQA2011_stress_grid_S0006_daily.csv
FQA,FQA,Fengqiu,2011,Leave_One_experiments\wth_generated_qc\FQA\FQA2011.WTH,wet_year;water_stress_year;nitrogen_stress_year,water_stress,FQA2011_stress_grid_S0006,irrigation_positive_candidate,2011-09-20,263,107,102,"{""sim_day"": 107.0, ""doy"": 263.0, ""topwt"": 4340.7806396484375, ""grnwt"": 2120.259094238281, ""xlai"": 0.2877418994903564, ""totir"": 20.0, ""tofer"": NaN, ""swfac"": 0.0, ""nstres"": 0.2881588935852051}",0.0,0.2881588935852051,4340.7806396484375,2120.259094238281,0.2877418994903564,20.0,,0.0,0.0,20.0,0.0,11.202590942382812,19.20259094238281,Leave_One_experiments/all_year_offline_schedule_search/daily_outputs/FQA/FQA_2011_FQA2011_stress_grid_S0006_daily.csv
FQA,FQA,Fengqiu,2011,Leave_One_experiments\wth_generated_qc\FQA\FQA2011.WTH,wet_year;water_stress_year;nitrogen_stress_year,water_stress,FQA2011_stress_grid_S0006,irrigation_positive_candidate,2011-09-21,264,108,103,"{""sim_day"": 108.0, ""doy"": 264.0, ""topwt"": 4340.7806396484375, ""grnwt"": 2120.259094238281, ""xlai"": 0.2877418994903564, ""totir"": 20.0, ""tofer"": NaN, ""swfac"": 0.0, ""nstres"": 0.2881588935852051}",0.0,0.2881588935852051,4340.7806396484375,2120.259094238281,0.2877418994903564,20.0,,0.0,0.0,20.0,0.0,11.202590942382812,19.20259094238281,Leave_One_experiments/all_year_offline_schedule_search/daily_outputs/FQA/FQA_2011_FQA2011_stress_grid_S0006_daily.csv
FQA,FQA,Fengqiu,2011,Leave_One_experiments\wth_generated_qc\FQA\FQA2011.WTH,wet_year;water_stress_year;nitrogen_stress_year,water_stress,FQA2011_stress_grid_S0006,irrigation_positive_candidate,2011-09-22,265,109,104,"{""sim_day"": 109.0, ""doy"": 265.0, ""topwt"": 4340.7806396484375, ""grnwt"": 2120.259094238281, ""xlai"": 0.2877418994903564, ""totir"": 20.0, ""tofer"": NaN, ""swfac"": 0.0, ""nstres"": 0.2881588935852051}",0.0,0.2881588935852051,4340.7806396484375,2120.259094238281,0.2877418994903564,20.0,,0.0,0.0,20.0,0.0,11.202590942382812,19.20259094238281,Leave_One_experiments/all_year_offline_schedule_search/daily_outputs/FQA/FQA_2011_FQA2011_stress_grid_S0006_daily.csv
FQA,FQA,Fengqiu,2011,Leave_One_experiments\wth_generated_qc\FQA\FQA2011.WTH,wet_year;water_stress_year;nitrogen_stress_year,water_stress,FQA2011_stress_grid_S0006,irrigation_positive_candidate,2011-09-23,266,110,105,"{""sim_day"": 110.0, ""doy"": 266.0, ""topwt"": 4340.7806396484375, ""grnwt"": 2120.259094238281, ""xlai"": 0.2877418994903564, ""totir"": 20.0, ""tofer"": NaN, ""swfac"": 0.0, ""nstres"": 0.2881588935852051}",0.0,0.2881588935852051,4340.7806396484375,2120.259094238281,0.2877418994903564,20.0,,0.0,0.0,20.0,0.0,11.202590942382812,19.20259094238281,Leave_One_experiments/all_year_offline_schedule_search/daily_outputs/FQA/FQA_2011_FQA2011_stress_grid_S0006_daily.csv
FQA,FQA,Fengqiu,2011,Leave_One_experiments\wth_generated_qc\FQA\FQA2011.WTH,wet_year;water_stress_year;nitrogen_stress_year,water_stress,FQA2011_stress_grid_S0001,low_input_within_10pct_yield,2011-06-11,162,1,1,"{""sim_day"": 1.0, ""doy"": 162.0, ""topwt"": 0.0, ""grnwt"": 0.0, ""xlai"": 0.0, ""totir"": 0.0, ""tofer"": NaN, ""swfac"": 0.0, ""nstres"": 0.0}",0.0,0.0,0.0,0.0,0.0,0.0,,0.0,0.0,0.0,0.0,21.12666778564453,21.12666778564453,Leave_One_experiments/all_year_offline_schedule_search/daily_outputs/FQA/FQA_2011_FQA2011_stress_grid_S0001_daily.csv
FQA,FQA,Fengqiu,2011,Leave_One_experiments\wth_generated_qc\FQA\FQA2011.WTH,wet_year;water_stress_year;nitrogen_stress_year,water_stress,FQA2011_stress_grid_S0001,low_input_within_10pct_yield,2011-06-12,163,2,2,"{""sim_day"": 2.0, ""doy"": 163.0, ""topwt"": 0.0, ""grnwt"": 0.0, ""xlai"": 0.0, ""totir"": 0.0, ""tofer"": NaN, ""swfac"": 0.0, ""nstres"": 0.0}",0.0,0.0,0.0,0.0,0.0,0.0,,0.0,0.0,0.0,0.0,21.12666778564453,21.12666778564453,Leave_One_experiments/all_year_offline_schedule_search/daily_outputs/FQA/FQA_2011_FQA2011_stress_grid_S0001_daily.csv
FQA,FQA,Fengqiu,2011,Leave_One_experiments\wth_generated_qc\FQA\FQA2011.WTH,wet_year;water_stress_year;nitrogen_stress_year,water_stress,FQA2011_stress_grid_S0001,low_input_within_10pct_yield,2011-06-13,164,3,3,"{""sim_day"": 3.0, ""doy"": 164.0, ""topwt"": 0.0, ""grnwt"": 0.0, ""xlai"": 0.0, ""totir"": 0.0, ""tofer"": NaN, ""swfac"": 0.0, ""nstres"": 0.0}",0.0,0.0,0.0,0.0,0.0,0.0,,0.0,0.0,0.0,0.0,21.12666778564453,21.12666778564453,Leave_One_experiments/all_year_offline_schedule_search/daily_outputs/FQA/FQA_2011_FQA2011_stress_grid_S0001_daily.csv
FQA,FQA,Fengqiu,2011,Leave_One_experiments\wth_generated_qc\FQA\FQA2011.WTH,wet_year;water_stress_year;nitrogen_stress_year,water_stress,FQA2011_stress_grid_S0001,low_input_within_10pct_yield,2011-06-14,165,4,4,"{""sim_day"": 4.0, ""doy"": 165.0, ""topwt"": 0.0, ""grnwt"": 0.0, ""xlai"": 0.0, ""totir"": 0.0, ""tofer"": NaN, ""swfac"": 0.0, ""nstres"": 0.0}",0.0,0.0,0.0,0.0,0.0,0.0,,0.0,0.0,0.0,0.0,21.12666778564453,21.12666778564453,Leave_One_experiments/all_year_offline_schedule_search/daily_outputs/FQA/FQA_2011_FQA2011_stress_grid_S0001_daily.csv
FQA,FQA,Fengqiu,2011,Leave_One_experiments\wth_generated_qc\FQA\FQA2011.WTH,wet_year;water_stress_year;nitrogen_stress_year,water_stress,FQA2011_stress_grid_S0001,low_input_within_10pct_yield,2011-06-15,166,5,5,"{""sim_day"": 5.0, ""doy"": 166.0, ""topwt"": 0.0, ""grnwt"": 0.0, ""xlai"": 0.0, ""totir"": 0.0, ""tofer"": NaN, ""swfac"": 0.0, ""nstres"": 0.0}",0.0,0.0,0.0,0.0,0.0,0.0,,0.0,0.0,0.0,0.0,21.12666778564453,21.12666778564453,Leave_One_experiments/all_year_offline_schedule_search/daily_outputs/FQA/FQA_2011_FQA2011_stress_grid_S0001_daily.csv
FQA,FQA,Fengqiu,2011,Leave_One_experiments\wth_generated_qc\FQA\FQA2011.WTH,wet_year;water_stress_year;nitrogen_stress_year,water_stress,FQA2011_stress_grid_S0001,low_input_within_10pct_yield,2011-06-11,162,6,1,"{""sim_day"": 6.0, ""doy"": 162.0, ""topwt"": 0.0, ""grnwt"": 0.0, ""xlai"": 0.0, ""totir"": 0.0, ""tofer"": NaN, ""swfac"": 0.0, ""nstres"": 0.0}",0.0,0.0,0.0,0.0,0.0,0.0,,0.0,0.0,0.0,0.0,21.12666778564453,21.12666778564453,Leave_One_experiments/all_year_offline_schedule_search/daily_outputs/FQA/FQA_2011_FQA2011_stress_grid_S0001_daily.csv
FQA,FQA,Fengqiu,2011,Leave_One_experiments\wth_generated_qc\FQA\FQA2011.WTH,wet_year;water_stress_year;nitrogen_stress_year,water_stress,FQA2011_stress_grid_S0001,low_input_within_10pct_yield,2011-06-12,163,7,2,"{""sim_day"": 7.0, ""doy"": 163.0, ""topwt"": 0.0, ""grnwt"": 0.0, ""xlai"": 0.0, ""totir"": 0.0, ""tofer"": NaN, ""swfac"": 0.0, ""nstres"": 0.0}",0.0,0.0,0.0,0.0,0.0,0.0,,0.0,0.0,0.0,0.0,21.12666778564453,21.12666778564453,Leave_One_experiments/all_year_offline_schedule_search/daily_outputs/FQA/FQA_2011_FQA2011_stress_grid_S0001_daily.csv
FQA,FQA,Fengqiu,2011,Leave_One_experiments\wth_generated_qc\FQA\FQA2011.WTH,wet_year;water_stress_year;nitrogen_stress_year,water_stress,FQA2011_stress_grid_S0001,low_input_within_10pct_yield,2011-06-13,164,8,3,"{""sim_day"": 8.0, ""doy"": 164.0, ""topwt"": 0.0, ""grnwt"": 0.0, ""xlai"": 0.0, ""totir"": 0.0, ""tofer"": NaN, ""swfac"": 0.0, ""nstres"": 0.0}",0.0,0.0,0.0,0.0,0.0,0.0,,0.0,0.0,0.0,0.0,21.12666778564453,21.12666778564453,Leave_One_experiments/all_year_offline_schedule_search/daily_outputs/FQA/FQA_2011_FQA2011_stress_grid_S0001_daily.csv
FQA,FQA,Fengqiu,2011,Leave_One_experiments\wth_generated_qc\FQA\FQA2011.WTH,wet_year;water_stress_year;nitrogen_stress_year,water_stress,FQA2011_stress_grid_S0001,low_input_within_10pct_yield,2011-06-14,165,9,4,"{""sim_day"": 9.0, ""doy"": 165.0, ""topwt"": 0.0, ""grnwt"": 0.0, ""xlai"": 0.0, ""totir"": 0.0, ""tofer"": NaN, ""swfac"": 0.0, ""nstres"": 0.0}",0.0,0.0,0.0,0.0,0.0,0.0,,0.0,0.0,0.0,0.0,21.12666778564453,21.12666778564453,Leave_One_experiments/all_year_offline_schedule_search/daily_outputs/FQA/FQA_2011_FQA2011_stress_grid_S0001_daily.csv
FQA,FQA,Fengqiu,2011,Leave_One_experiments\wth_generated_qc\FQA\FQA2011.WTH,wet_year;water_stress_year;nitrogen_stress_year,water_stress,FQA2011_stress_grid_S0001,low_input_within_10pct_yield,2011-06-15,166,10,5,"{""sim_day"": 10.0, ""doy"": 166.0, ""topwt"": 0.0, ""grnwt"": 0.0, ""xlai"": 0.0, ""totir"": 0.0, ""tofer"": NaN, ""swfac"": 0.0, ""nstres"": 0.0}",0.0,0.0,0.0,0.0,0.0,0.0,,0.0,0.0,0.0,0.0,21.12666778564453,21.12666778564453,Leave_One_experiments/all_year_offline_schedule_search/daily_outputs/FQA/FQA_2011_FQA2011_stress_grid_S0001_daily.csv
FQA,FQA,Fengqiu,2011,Leave_One_experiments\wth_generated_qc\FQA\FQA2011.WTH,wet_year;water_stress_year;nitrogen_stress_year,water_stress,FQA2011_stress_grid_S0001,low_input_within_10pct_yield,2011-06-16,167,11,6,"{""sim_day"": 11.0, ""doy"": 167.0, ""topwt"": 32.00000047683716, ""grnwt"": 0.0, ""xlai"": 0.0026254835538566, ""totir"": 0.0, ""tofer"": NaN, ""swfac"": 0.0, ""nstres"": 0.0121910572052001}",0.0,0.0121910572052001,32.00000047683716,0.0,0.0026254835538566,0.0,,0.0,0.0,0.0,0.0,21.12666778564453,21.12666778564453,Leave_One_experiments/all_year_offline_schedule_search/daily_outputs/FQA/FQA_2011_FQA2011_stress_grid_S0001_daily.csv
FQA,FQA,Fengqiu,2011,Leave_One_experiments\wth_generated_qc\FQA\FQA2011.WTH,wet_year;water_stress_year;nitrogen_stress_year,water_stress,FQA2011_stress_grid_S0001,low_input_within_10pct_yield,2011-06-17,168,12,7,"{""sim_day"": 12.0, ""doy"": 168.0, ""topwt"": 32.00000047683716, ""grnwt"": 0.0, ""xlai"": 0.0052135330624878, ""totir"": 0.0, ""tofer"": NaN, ""swfac"": 0.0, ""nstres"": 0.0}",0.0,0.0,32.00000047683716,0.0,0.0052135330624878,0.0,,0.0,0.0,0.0,0.0,21.12666778564453,21.12666778564453,Leave_One_experiments/all_year_offline_schedule_search/daily_outputs/FQA/FQA_2011_FQA2011_stress_grid_S0001_daily.csv
FQA,FQA,Fengqiu,2011,Leave_One_experiments\wth_generated_qc\FQA\FQA2011.WTH,wet_year;water_stress_year;nitrogen_stress_year,water_stress,FQA2011_stress_grid_S0001,low_input_within_10pct_yield,2011-06-18,169,13,8,"{""sim_day"": 13.0, ""doy"": 169.0, ""topwt"": 32.00000047683716, ""grnwt"": 0.0, ""xlai"": 0.0082874912768602, ""totir"": 0.0, ""tofer"": NaN, ""swfac"": 0.0, ""nstres"": 0.0}",0.0,0.0,32.00000047683716,0.0,0.0082874912768602,0.0,,0.0,0.0,0.0,0.0,21.12666778564453,21.12666778564453,Leave_One_experiments/all_year_offline_schedule_search/daily_outputs/FQA/FQA_2011_FQA2011_stress_grid_S0001_daily.csv
FQA,FQA,Fengqiu,2011,Leave_One_experiments\wth_generated_qc\FQA\FQA2011.WTH,wet_year;water_stress_year;nitrogen_stress_year,water_stress,FQA2011_stress_grid_S0001,low_input_within_10pct_yield,2011-06-19,170,14,9,"{""sim_day"": 14.0, ""doy"": 170.0, ""topwt"": 32.00000047683716, ""grnwt"": 0.0, ""xlai"": 0.0115563441067934, ""totir"": 0.0, ""tofer"": NaN, ""swfac"": 0.0, ""nstres"": 0.0}",0.0,0.0,32.00000047683716,0.0,0.0115563441067934,0.0,,0.0,0.0,0.0,0.0,21.12666778564453,21.12666778564453,Leave_One_experiments/all_year_offline_schedule_search/daily_outputs/FQA/FQA_2011_FQA2011_stress_grid_S0001_daily.csv
FQA,FQA,Fengqiu,2011,Leave_One_experiments\wth_generated_qc\FQA\FQA2011.WTH,wet_year;water_stress_year;nitrogen_stress_year,water_stress,FQA2011_stress_grid_S0001,low_input_within_10pct_yield,2011-06-20,171,15,10,"{""sim_day"": 15.0, ""doy"": 171.0, ""topwt"": 32.00000047683716, ""grnwt"": 0.0, ""xlai"": 0.0151954162865877, ""totir"": 0.0, ""tofer"": NaN, ""swfac"": 0.0, ""nstres"": 0.0}",0.0,0.0,32.00000047683716,0.0,0.0151954162865877,0.0,,0.0,0.0,0.0,0.0,21.12666778564453,21.12666778564453,Leave_One_experiments/all_year_offline_schedule_search/daily_outputs/FQA/FQA_2011_FQA2011_stress_grid_S0001_daily.csv
FQA,FQA,Fengqiu,2011,Leave_One_experiments\wth_generated_qc\FQA\FQA2011.WTH,wet_year;water_stress_year;nitrogen_stress_year,water_stress,FQA2011_stress_grid_S0001,low_input_within_10pct_yield,2011-06-21,172,16,11,"{""sim_day"": 16.0, ""doy"": 172.0, ""topwt"": 32.00000047683716, ""grnwt"": 0.0, ""xlai"": 0.0191501285880804, ""totir"": 0.0, ""tofer"": NaN, ""swfac"": 0.0, ""nstres"": 0.0}",0.0,0.0,32.00000047683716,0.0,0.0191501285880804,0.0,,0.0,0.0,0.0,0.0,21.12666778564453,21.12666778564453,Leave_One_experiments/all_year_offline_schedule_search/daily_outputs/FQA/FQA_2011_FQA2011_stress_grid_S0001_daily.csv
FQA,FQA,Fengqiu,2011,Leave_One_experiments\wth_generated_qc\FQA\FQA2011.WTH,wet_year;water_stress_year;nitrogen_stress_year,water_stress,FQA2011_stress_grid_S0001,low_input_within_10pct_yield,2011-06-22,173,17,12,"{""sim_day"": 17.0, ""doy"": 173.0, ""topwt"": 23.07124137878418, ""grnwt"": 0.0, ""xlai"": 0.0304963309317827, ""totir"": 0.0, ""tofer"": NaN, ""swfac"": 0.0, ""nstres"": 0.0}",0.0,0.0,23.07124137878418,0.0,0.0304963309317827,0.0,,0.0,0.0,0.0,0.0,21.12666778564453,21.12666778564453,Leave_One_experiments/all_year_offline_schedule_search/daily_outputs/FQA/FQA_2011_FQA2011_stress_grid_S0001_daily.csv
FQA,FQA,Fengqiu,2011,Leave_One_experiments\wth_generated_qc\FQA\FQA2011.WTH,wet_year;water_stress_year;nitrogen_stress_year,water_stress,FQA2011_stress_grid_S0001,low_input_within_10pct_yield,2011-06-23,174,18,13,"{""sim_day"": 18.0, ""doy"": 174.0, ""topwt"": 27.337136268615723, ""grnwt"": 0.0, ""xlai"": 0.0444177277386188, ""totir"": 0.0, ""tofer"": NaN, ""swfac"": 0.0, ""nstres"": 0.0}",0.0,0.0,27.337136268615723,0.0,0.0444177277386188,0.0,,0.0,0.0,0.0,0.0,21.12666778564453,21.12666778564453,Leave_One_experiments/all_year_offline_schedule_search/daily_outputs/FQA/FQA_2011_FQA2011_stress_grid_S0001_daily.csv
FQA,FQA,Fengqiu,2011,Leave_One_experiments\wth_generated_qc\FQA\FQA2011.WTH,wet_year;water_stress_year;nitrogen_stress_year,water_stress,FQA2011_stress_grid_S0001,low_input_within_10pct_yield,2011-06-24,175,19,14,"{""sim_day"": 19.0, ""doy"": 175.0, ""topwt"": 31.58668041229248, ""grnwt"": 0.0, ""xlai"": 0.0572249069809913, ""totir"": 0.0, ""tofer"": NaN, ""swfac"": 0.0, ""nstres"": 0.0}",0.0,0.0,31.58668041229248,0.0,0.0572249069809913,0.0,,0.0,0.0,0.0,0.0,21.12666778564453,21.12666778564453,Leave_One_experiments/all_year_offline_schedule_search/daily_outputs/FQA/FQA_2011_FQA2011_stress_grid_S0001_daily.csv
FQA,FQA,Fengqiu,2011,Leave_One_experiments\wth_generated_qc\FQA\FQA2011.WTH,wet_year;water_stress_year;nitrogen_stress_year,water_stress,FQA2011_stress_grid_S0001,low_input_within_10pct_yield,2011-06-25,176,20,15,"{""sim_day"": 20.0, ""doy"": 176.0, ""topwt"": 37.67095565795898, ""grnwt"": 0.0, ""xlai"": 0.0743698254227638, ""totir"": 0.0, ""tofer"": NaN, ""swfac"": 0.0, ""nstres"": 0.0}",0.0,0.0,37.67095565795898,0.0,0.0743698254227638,0.0,,0.0,0.0,0.0,0.0,21.12666778564453,21.12666778564453,Leave_One_experiments/all_year_offline_schedule_search/daily_outputs/FQA/FQA_2011_FQA2011_stress_grid_S0001_daily.csv
FQA,FQA,Fengqiu,2011,Leave_One_experiments\wth_generated_qc\FQA\FQA2011.WTH,wet_year;water_stress_year;nitrogen_stress_year,water_stress,FQA2011_stress_grid_S0001,low_input_within_10pct_yield,2011-06-26,177,21,16,"{""sim_day"": 21.0, ""doy"": 177.0, ""topwt"": 43.659982681274414, ""grnwt"": 0.0, ""xlai"": 0.0902787670493125, ""totir"": 0.0, ""tofer"": NaN, ""swfac"": 0.0, ""nstres"": 0.0}",0.0,0.0,43.659982681274414,0.0,0.0902787670493125,0.0,,0.0,0.0,0.0,0.0,21.12666778564453,21.12666778564453,Leave_One_experiments/all_year_offline_schedule_search/daily_outputs/FQA/FQA_2011_FQA2011_stress_grid_S0001_daily.csv
FQA,FQA,Fengqiu,2011,Leave_One_experiments\wth_generated_qc\FQA\FQA2011.WTH,wet_year;water_stress_year;nitrogen_stress_year,water_stress,FQA2011_stress_grid_S0001,low_input_within_10pct_yield,2011-06-27,178,22,17,"{""sim_day"": 22.0, ""doy"": 178.0, ""topwt"": 52.6888370513916, ""grnwt"": 0.0, ""xlai"": 0.112969733774662, ""totir"": 0.0, ""tofer"": NaN, ""swfac"": 0.0, ""nstres"": 0.0}",0.0,0.0,52.6888370513916,0.0,0.112969733774662,0.0,,0.0,0.0,0.0,0.0,21.12666778564453,21.12666778564453,Leave_One_experiments/all_year_offline_schedule_search/daily_outputs/FQA/FQA_2011_FQA2011_stress_grid_S0001_daily.csv
FQA,FQA,Fengqiu,2011,Leave_One_experiments\wth_generated_qc\FQA\FQA2011.WTH,wet_year;water_stress_year;nitrogen_stress_year,water_stress,FQA2011_stress_grid_S0001,low_input_within_10pct_yield,2011-06-28,179,23,18,"{""sim_day"": 23.0, ""doy"": 179.0, ""topwt"": 63.52643013000488, ""grnwt"": 0.0, ""xlai"": 0.1387011110782623, ""totir"": 0.0, ""tofer"": NaN, ""swfac"": 0.0, ""nstres"": 0.0}",0.0,0.0,63.52643013000488,0.0,0.1387011110782623,0.0,,0.0,0.0,0.0,0.0,21.12666778564453,21.12666778564453,Leave_One_experiments/all_year_offline_schedule_search/daily_outputs/FQA/FQA_2011_FQA2011_stress_grid_S0001_daily.csv
FQA,FQA,Fengqiu,2011,Leave_One_experiments\wth_generated_qc\FQA\FQA2011.WTH,wet_year;water_stress_year;nitrogen_stress_year,water_stress,FQA2011_stress_grid_S0001,low_input_within_10pct_yield,2011-06-29,180,24,19,"{""sim_day"": 24.0, ""doy"": 180.0, ""topwt"": 76.76846981048584, ""grnwt"": 0.0, ""xlai"": 0.1685055643320083, ""totir"": 0.0, ""tofer"": NaN, ""swfac"": 0.0, ""nstres"": 0.0}",0.0,0.0,76.76846981048584,0.0,0.1685055643320083,0.0,,0.0,0.0,0.0,0.0,21.12666778564453,21.12666778564453,Leave_One_experiments/all_year_offline_schedule_search/daily_outputs/FQA/FQA_2011_FQA2011_stress_grid_S0001_daily.csv
FQA,FQA,Fengqiu,2011,Leave_One_experiments\wth_generated_qc\FQA\FQA2011.WTH,wet_year;water_stress_year;nitrogen_stress_year,water_stress,FQA2011_stress_grid_S0001,low_input_within_10pct_yield,2011-06-30,181,25,20,"{""sim_day"": 25.0, ""doy"": 181.0, ""topwt"": 92.14715003967284, ""grnwt"": 0.0, ""xlai"": 0.2014235556125641, ""totir"": 0.0, ""tofer"": NaN, ""swfac"": 0.0, ""nstres"": 0.0}",0.0,0.0,92.14715003967284,0.0,0.2014235556125641,0.0,,0.0,0.0,0.0,0.0,21.12666778564453,21.12666778564453,Leave_One_experiments/all_year_offline_schedule_search/daily_outputs/FQA/FQA_2011_FQA2011_stress_grid_S0001_daily.csv
FQA,FQA,Fengqiu,2011,Leave_One_experiments\wth_generated_qc\FQA\FQA2011.WTH,wet_year;water_stress_year;nitrogen_stress_year,water_stress,FQA2011_stress_grid_S0001,low_input_within_10pct_yield,2011-07-01,182,26,21,"{""sim_day"": 26.0, ""doy"": 182.0, ""topwt"": 109.75464820861816, ""grnwt"": 0.0, ""xlai"": 0.236428216099739, ""totir"": 0.0, ""tofer"": NaN, ""swfac"": 0.0, ""nstres"": 0.0}",0.0,0.0,109.75464820861816,0.0,0.236428216099739,0.0,,0.0,0.0,0.0,0.0,21.12666778564453,21.12666778564453,Leave_One_experiments/all_year_offline_schedule_search/daily_outputs/FQA/FQA_2011_FQA2011_stress_grid_S0001_daily.csv
FQA,FQA,Fengqiu,2011,Leave_One_experiments\wth_generated_qc\FQA\FQA2011.WTH,wet_year;water_stress_year;nitrogen_stress_year,water_stress,FQA2011_stress_grid_S0001,low_input_within_10pct_yield,2011-07-02,183,27,22,"{""sim_day"": 27.0, ""doy"": 183.0, ""topwt"": 118.52821350097656, ""grnwt"": 0.0, ""xlai"": 0.2543304562568664, ""totir"": 0.0, ""tofer"": NaN, ""swfac"": 0.0, ""nstres"": 0.0}",0.0,0.0,118.52821350097656,0.0,0.2543304562568664,0.0,,0.0,0.0,0.0,0.0,21.12666778564453,21.12666778564453,Leave_One_experiments/all_year_offline_schedule_search/daily_outputs/FQA/FQA_2011_FQA2011_stress_grid_S0001_daily.csv
FQA,FQA,Fengqiu,2011,Leave_One_experiments\wth_generated_qc\FQA\FQA2011.WTH,wet_year;water_stress_year;nitrogen_stress_year,water_stress,FQA2011_stress_grid_S0001,low_input_within_10pct_yield,2011-07-03,184,28,23,"{""sim_day"": 28.0, ""doy"": 184.0, ""topwt"": 135.33514976501465, ""grnwt"": 0.0, ""xlai"": 0.287607342004776, ""totir"": 0.0, ""tofer"": NaN, ""swfac"": 0.0, ""nstres"": 0.0}",0.0,0.0,135.33514976501465,0.0,0.287607342004776,0.0,,0.0,0.0,0.0,0.0,21.12666778564453,21.12666778564453,Leave_One_experiments/all_year_offline_schedule_search/daily_outputs/FQA/FQA_2011_FQA2011_stress_grid_S0001_daily.csv
FQA,FQA,Fengqiu,2011,Leave_One_experiments\wth_generated_qc\FQA\FQA2011.WTH,wet_year;water_stress_year;nitrogen_stress_year,water_stress,FQA2011_stress_grid_S0001,low_input_within_10pct_yield,2011-07-04,185,29,24,"{""sim_day"": 29.0, ""doy"": 185.0, ""topwt"": 155.3254795074463, ""grnwt"": 0.0, ""xlai"": 0.3256737887859344, ""totir"": 0.0, ""tofer"": NaN, ""swfac"": 0.0, ""nstres"": 0.0}",0.0,0.0,155.3254795074463,0.0,0.3256737887859344,0.0,,0.0,0.0,0.0,0.0,21.12666778564453,21.12666778564453,Leave_One_experiments/all_year_offline_schedule_search/daily_outputs/FQA/FQA_2011_FQA2011_stress_grid_S0001_daily.csv
FQA,FQA,Fengqiu,2011,Leave_One_experiments\wth_generated_qc\FQA\FQA2011.WTH,wet_year;water_stress_year;nitrogen_stress_year,water_stress,FQA2011_stress_grid_S0001,low_input_within_10pct_yield,2011-07-05,186,30,25,"{""sim_day"": 30.0, ""doy"": 186.0, ""topwt"": 176.11042022705078, ""grnwt"": 0.0, ""xlai"": 0.3637381494045257, ""totir"": 0.0, ""tofer"": NaN, ""swfac"": 0.0, ""nstres"": 0.0}",0.0,0.0,176.11042022705078,0.0,0.3637381494045257,0.0,,0.0,0.0,0.0,0.0,21.12666778564453,21.12666778564453,Leave_One_experiments/all_year_offline_schedule_search/daily_outputs/FQA/FQA_2011_FQA2011_stress_grid_S0001_daily.csv
FQA,FQA,Fengqiu,2011,Leave_One_experiments\wth_generated_qc\FQA\FQA2011.WTH,wet_year;water_stress_year;nitrogen_stress_year,water_stress,FQA2011_stress_grid_S0001,low_input_within_10pct_yield,2011-07-06,187,31,26,"{""sim_day"": 31.0, ""doy"": 187.0, ""topwt"": 202.96794891357425, ""grnwt"": 0.0, ""xlai"": 0.4108561873435974, ""totir"": 0.0, ""tofer"": NaN, ""swfac"": 0.0, ""nstres"": 0.0}",0.0,0.0,202.96794891357425,0.0,0.4108561873435974,0.0,,0.0,0.0,0.0,0.0,21.12666778564453,21.12666778564453,Leave_One_experiments/all_year_offline_schedule_search/daily_outputs/FQA/FQA_2011_FQA2011_stress_grid_S0001_daily.csv
FQA,FQA,Fengqiu,2011,Leave_One_experiments\wth_generated_qc\FQA\FQA2011.WTH,wet_year;water_stress_year;nitrogen_stress_year,water_stress,FQA2011_stress_grid_S0001,low_input_within_10pct_yield,2011-07-07,188,32,27,"{""sim_day"": 32.0, ""doy"": 188.0, ""topwt"": 233.77740859985352, ""grnwt"": 0.0, ""xlai"": 0.462439090013504, ""totir"": 0.0, ""tofer"": NaN, ""swfac"": 0.0, ""nstres"": 0.0}",0.0,0.0,233.77740859985352,0.0,0.462439090013504,0.0,,0.0,0.0,0.0,0.0,21.12666778564453,21.12666778564453,Leave_One_experiments/all_year_offline_schedule_search/daily_outputs/FQA/FQA_2011_FQA2011_stress_grid_S0001_daily.csv
FQA,FQA,Fengqiu,2011,Leave_One_experiments\wth_generated_qc\FQA\FQA2011.WTH,wet_year;water_stress_year;nitrogen_stress_year,water_stress,FQA2011_stress_grid_S0001,low_input_within_10pct_yield,2011-07-08,189,33,28,"{""sim_day"": 33.0, ""doy"": 189.0, ""topwt"": 268.1319236755371, ""grnwt"": 0.0, ""xlai"": 0.5172678828239441, ""totir"": 0.0, ""tofer"": NaN, ""swfac"": 0.0, ""nstres"": 0.0}",0.0,0.0,268.1319236755371,0.0,0.5172678828239441,0.0,,0.0,0.0,0.0,0.0,21.12666778564453,21.12666778564453,Leave_One_experiments/all_year_offline_schedule_search/daily_outputs/FQA/FQA_2011_FQA2011_stress_grid_S0001_daily.csv
FQA,FQA,Fengqiu,2011,Leave_One_experiments\wth_generated_qc\FQA\FQA2011.WTH,wet_year;water_stress_year;nitrogen_stress_year,water_stress,FQA2011_stress_grid_S0001,low_input_within_10pct_yield,2011-07-09,190,34,29,"{""sim_day"": 34.0, ""doy"": 190.0, ""topwt"": 310.0921440124512, ""grnwt"": 0.0, ""xlai"": 0.5808543562889099, ""totir"": 0.0, ""tofer"": NaN, ""swfac"": 0.0, ""nstres"": 0.0}",0.0,0.0,310.0921440124512,0.0,0.5808543562889099,0.0,,0.0,0.0,0.0,0.0,21.12666778564453,21.12666778564453,Leave_One_experiments/all_year_offline_schedule_search/daily_outputs/FQA/FQA_2011_FQA2011_stress_grid_S0001_daily.csv
FQA,FQA,Fengqiu,2011,Leave_One_experiments\wth_generated_qc\FQA\FQA2011.WTH,wet_year;water_stress_year;nitrogen_stress_year,water_stress,FQA2011_stress_grid_S0001,low_input_within_10pct_yield,2011-07-10,191,35,30,"{""sim_day"": 35.0, ""doy"": 191.0, ""topwt"": 354.91016387939453, ""grnwt"": 0.0, ""xlai"": 0.6453284621238708, ""totir"": 0.0, ""tofer"": NaN, ""swfac"": 0.0, ""nstres"": 0.0}",0.0,0.0,354.91016387939453,0.0,0.6453284621238708,0.0,,0.0,0.0,0.0,0.0,21.12666778564453,21.12666778564453,Leave_One_experiments/all_year_offline_schedule_search/daily_outputs/FQA/FQA_2011_FQA2011_stress_grid_S0001_daily.csv
FQA,FQA,Fengqiu,2011,Leave_One_experiments\wth_generated_qc\FQA\FQA2011.WTH,wet_year;water_stress_year;nitrogen_stress_year,water_stress,FQA2011_stress_grid_S0001,low_input_within_10pct_yield,2011-07-11,192,36,31,"{""sim_day"": 36.0, ""doy"": 192.0, ""topwt"": 403.5883331298828, ""grnwt"": 0.0, ""xlai"": 0.7118686437606812, ""totir"": 0.0, ""tofer"": NaN, ""swfac"": 0.0, ""nstres"": 0.0}",0.0,0.0,403.5883331298828,0.0,0.7118686437606812,0.0,,0.0,0.0,0.0,0.0,21.12666778564453,21.12666778564453,Leave_One_experiments/all_year_offline_schedule_search/daily_outputs/FQA/FQA_2011_FQA2011_stress_grid_S0001_daily.csv
FQA,FQA,Fengqiu,2011,Leave_One_experiments\wth_generated_qc\FQA\FQA2011.WTH,wet_year;water_stress_year;nitrogen_stress_year,water_stress,FQA2011_stress_grid_S0001,low_input_within_10pct_yield,2011-07-12,193,37,32,"{""sim_day"": 37.0, ""doy"": 193.0, ""topwt"": 458.2660675048828, ""grnwt"": 0.0, ""xlai"": 0.7828423976898193, ""totir"": 0.0, ""tofer"": NaN, ""swfac"": 0.0, ""nstres"": 0.0}",0.0,0.0,458.2660675048828,0.0,0.7828423976898193,0.0,,0.0,0.0,0.0,0.0,21.12666778564453,21.12666778564453,Leave_One_experiments/all_year_offline_schedule_search/daily_outputs/FQA/FQA_2011_FQA2011_stress_grid_S0001_daily.csv
FQA,FQA,Fengqiu,2011,Leave_One_experiments\wth_generated_qc\FQA\FQA2011.WTH,wet_year;water_stress_year;nitrogen_stress_year,water_stress,FQA2011_stress_grid_S0001,low_input_within_10pct_yield,2011-07-13,194,38,33,"{""sim_day"": 38.0, ""doy"": 194.0, ""topwt"": 518.0952453613281, ""grnwt"": 0.0, ""xlai"": 0.8565845489501953, ""totir"": 0.0, ""tofer"": NaN, ""swfac"": 0.0, ""nstres"": 0.0}",0.0,0.0,518.0952453613281,0.0,0.8565845489501953,0.0,,0.0,0.0,0.0,0.0,21.12666778564453,21.12666778564453,Leave_One_experiments/all_year_offline_schedule_search/daily_outputs/FQA/FQA_2011_FQA2011_stress_grid_S0001_daily.csv
FQA,FQA,Fengqiu,2011,Leave_One_experiments\wth_generated_qc\FQA\FQA2011.WTH,wet_year;water_stress_year;nitrogen_stress_year,water_stress,FQA2011_stress_grid_S0001,low_input_within_10pct_yield,2011-07-14,195,39,34,"{""sim_day"": 39.0, ""doy"": 195.0, ""topwt"": 579.2369842529297, ""grnwt"": 0.0, ""xlai"": 0.9242332577705384, ""totir"": 0.0, ""tofer"": NaN, ""swfac"": 0.0, ""nstres"": 0.033893346786499}",0.0,0.033893346786499,579.2369842529297,0.0,0.9242332577705384,0.0,,0.0,0.0,0.0,0.0,21.12666778564453,21.12666778564453,Leave_One_experiments/all_year_offline_schedule_search/daily_outputs/FQA/FQA_2011_FQA2011_stress_grid_S0001_daily.csv
FQA,FQA,Fengqiu,2011,Leave_One_experiments\wth_generated_qc\FQA\FQA2011.WTH,wet_year;water_stress_year;nitrogen_stress_year,water_stress,FQA2011_stress_grid_S0001,low_input_within_10pct_yield,2011-07-15,196,40,35,"{""sim_day"": 40.0, ""doy"": 196.0, ""topwt"": 635.3153228759766, ""grnwt"": 0.0, ""xlai"": 0.9778323769569396, ""totir"": 0.0, ""tofer"": NaN, ""swfac"": 0.0, ""nstres"": 0.0730375051498413}",0.0,0.0730375051498413,635.3153228759766,0.0,0.9778323769569396,0.0,,0.0,0.0,0.0,0.0,21.12666778564453,21.12666778564453,Leave_One_experiments/all_year_offline_schedule_search/daily_outputs/FQA/FQA_2011_FQA2011_stress_grid_S0001_daily.csv
FQA,FQA,Fengqiu,2011,Leave_One_experiments\wth_generated_qc\FQA\FQA2011.WTH,wet_year;water_stress_year;nitrogen_stress_year,water_stress,FQA2011_stress_grid_S0001,low_input_within_10pct_yield,2011-07-16,197,41,36,"{""sim_day"": 41.0, ""doy"": 197.0, ""topwt"": 691.5878295898438, ""grnwt"": 0.0, ""xlai"": 1.0242133140563965, ""totir"": 0.0, ""tofer"": NaN, ""swfac"": 0.0, ""nstres"": 0.1049503087997436}",0.0,0.1049503087997436,691.5878295898438,0.0,1.0242133140563965,0.0,,0.0,0.0,0.0,0.0,21.12666778564453,21.12666778564453,Leave_One_experiments/all_year_offline_schedule_search/daily_outputs/FQA/FQA_2011_FQA2011_stress_grid_S0001_daily.csv
FQA,FQA,Fengqiu,2011,Leave_One_experiments\wth_generated_qc\FQA\FQA2011.WTH,wet_year;water_stress_year;nitrogen_stress_year,water_stress,FQA2011_stress_grid_S0001,low_input_within_10pct_yield,2011-07-17,198,42,37,"{""sim_day"": 42.0, ""doy"": 198.0, ""topwt"": 744.5362854003906, ""grnwt"": 0.0, ""xlai"": 1.0611830949783323, ""totir"": 0.0, ""tofer"": NaN, ""swfac"": 0.0, ""nstres"": 0.1269303560256958}",0.0,0.1269303560256958,744.5362854003906,0.0,1.0611830949783323,0.0,,0.0,0.0,0.0,0.0,21.12666778564453,21.12666778564453,Leave_One_experiments/all_year_offline_schedule_search/daily_outputs/FQA/FQA_2011_FQA2011_stress_grid_S0001_daily.csv
FQA,FQA,Fengqiu,2011,Leave_One_experiments\wth_generated_qc\FQA\FQA2011.WTH,wet_year;water_stress_year;nitrogen_stress_year,water_stress,FQA2011_stress_grid_S0001,low_input_within_10pct_yield,2011-07-18,199,43,38,"{""sim_day"": 43.0, ""doy"": 199.0, ""topwt"": 801.8480682373047, ""grnwt"": 0.0, ""xlai"": 1.0970059633255005, ""totir"": 0.0, ""tofer"": NaN, ""swfac"": 0.0, ""nstres"": 0.1445686817169189}",0.0,0.1445686817169189,801.8480682373047,0.0,1.0970059633255005,0.0,,0.0,0.0,0.0,0.0,21.12666778564453,21.12666778564453,Leave_One_experiments/all_year_offline_schedule_search/daily_outputs/FQA/FQA_2011_FQA2011_stress_grid_S0001_daily.csv
FQA,FQA,Fengqiu,2011,Leave_One_experiments\wth_generated_qc\FQA\FQA2011.WTH,wet_year;water_stress_year;nitrogen_stress_year,water_stress,FQA2011_stress_grid_S0001,low_input_within_10pct_yield,2011-07-19,200,44,39,"{""sim_day"": 44.0, ""doy"": 200.0, ""topwt"": 861.3251495361328, ""grnwt"": 0.0, ""xlai"": 1.1298301219940186, ""totir"": 0.0, ""tofer"": NaN, ""swfac"": 0.0, ""nstres"": 0.1581125855445861}",0.0,0.1581125855445861,861.3251495361328,0.0,1.1298301219940186,0.0,,0.0,0.0,0.0,0.0,21.12666778564453,21.12666778564453,Leave_One_experiments/all_year_offline_schedule_search/daily_outputs/FQA/FQA_2011_FQA2011_stress_grid_S0001_daily.csv
FQA,FQA,Fengqiu,2011,Leave_One_experiments\wth_generated_qc\FQA\FQA2011.WTH,wet_year;water_stress_year;nitrogen_stress_year,water_stress,FQA2011_stress_grid_S0001,low_input_within_10pct_yield,2011-07-20,201,45,40,"{""sim_day"": 45.0, ""doy"": 201.0, ""topwt"": 923.808135986328, ""grnwt"": 0.0, ""xlai"": 1.1602725982666016, ""totir"": 0.0, ""tofer"": NaN, ""swfac"": 0.0, ""nstres"": 0.171431303024292}",0.0,0.171431303024292,923.808135986328,0.0,1.1602725982666016,0.0,,0.0,0.0,0.0,0.0,21.12666778564453,21.12666778564453,Leave_One_experiments/all_year_offline_schedule_search/daily_outputs/FQA/FQA_2011_FQA2011_stress_grid_S0001_daily.csv
FQA,FQA,Fengqiu,2011,Leave_One_experiments\wth_generated_qc\FQA\FQA2011.WTH,wet_year;water_stress_year;nitrogen_stress_year,water_stress,FQA2011_stress_grid_S0001,low_input_within_10pct_yield,2011-07-21,202,46,41,"{""sim_day"": 46.0, ""doy"": 202.0, ""topwt"": 995.82763671875, ""grnwt"": 0.0, ""xlai"": 1.1936851739883425, ""totir"": 0.0, ""tofer"": NaN, ""swfac"": 0.0, ""nstres"": 0.1827331781387329}",0.0,0.1827331781387329,995.82763671875,0.0,1.1936851739883425,0.0,,0.0,0.0,0.0,0.0,21.12666778564453,21.12666778564453,Leave_One_experiments/all_year_offline_schedule_search/daily_outputs/FQA/FQA_2011_FQA2011_stress_grid_S0001_daily.csv
FQA,FQA,Fengqiu,2011,Leave_One_experiments\wth_generated_qc\FQA\FQA2011.WTH,wet_year;water_stress_year;nitrogen_stress_year,water_stress,FQA2011_stress_grid_S0001,low_input_within_10pct_yield,2011-07-22,203,47,42,"{""sim_day"": 47.0, ""doy"": 203.0, ""topwt"": 1150.519561767578, ""grnwt"": 0.0, ""xlai"": 1.2185176610946655, ""totir"": 0.0, ""tofer"": NaN, ""swfac"": 0.0, ""nstres"": 0.1929891109466552}",0.0,0.1929891109466552,1150.519561767578,0.0,1.2185176610946655,0.0,,0.0,0.0,0.0,0.0,21.12666778564453,21.12666778564453,Leave_One_experiments/all_year_offline_schedule_search/daily_outputs/FQA/FQA_2011_FQA2011_stress_grid_S0001_daily.csv
FQA,FQA,Fengqiu,2011,Leave_One_experiments\wth_generated_qc\FQA\FQA2011.WTH,wet_year;water_stress_year;nitrogen_stress_year,water_stress,FQA2011_stress_grid_S0001,low_input_within_10pct_yield,2011-07-23,204,48,43,"{""sim_day"": 48.0, ""doy"": 204.0, ""topwt"": 1291.374053955078, ""grnwt"": 0.0, ""xlai"": 1.233398199081421, ""totir"": 0.0, ""tofer"": NaN, ""swfac"": 0.0, ""nstres"": 0.2114048600196838}",0.0,0.2114048600196838,1291.374053955078,0.0,1.233398199081421,0.0,,0.0,0.0,0.0,0.0,21.12666778564453,21.12666778564453,Leave_One_experiments/all_year_offline_schedule_search/daily_outputs/FQA/FQA_2011_FQA2011_stress_grid_S0001_daily.csv
FQA,FQA,Fengqiu,2011,Leave_One_experiments\wth_generated_qc\FQA\FQA2011.WTH,wet_year;water_stress_year;nitrogen_stress_year,water_stress,FQA2011_stress_grid_S0001,low_input_within_10pct_yield,2011-07-24,205,49,44,"{""sim_day"": 49.0, ""doy"": 205.0, ""topwt"": 1410.4652404785156, ""grnwt"": 0.0, ""xlai"": 1.2340831756591797, ""totir"": 0.0, ""tofer"": NaN, ""swfac"": 0.0, ""nstres"": 0.3000504970550537}",0.0,0.3000504970550537,1410.4652404785156,0.0,1.2340831756591797,0.0,,0.0,0.0,0.0,0.0,21.12666778564453,21.12666778564453,Leave_One_experiments/all_year_offline_schedule_search/daily_outputs/FQA/FQA_2011_FQA2011_stress_grid_S0001_daily.csv
FQA,FQA,Fengqiu,2011,Leave_One_experiments\wth_generated_qc\FQA\FQA2011.WTH,wet_year;water_stress_year;nitrogen_stress_year,water_stress,FQA2011_stress_grid_S0001,low_input_within_10pct_yield,2011-07-25,206,50,45,"{""sim_day"": 50.0, ""doy"": 206.0, ""topwt"": 1515.8905029296875, ""grnwt"": 0.0, ""xlai"": 1.2259787321090698, ""totir"": 0.0, ""tofer"": NaN, ""swfac"": 0.0, ""nstres"": 0.357427716255188}",0.0,0.357427716255188,1515.8905029296875,0.0,1.2259787321090698,0.0,,0.0,0.0,0.0,0.0,21.12666778564453,21.12666778564453,Leave_One_experiments/all_year_offline_schedule_search/daily_outputs/FQA/FQA_2011_FQA2011_stress_grid_S0001_daily.csv
FQA,FQA,Fengqiu,2011,Leave_One_experiments\wth_generated_qc\FQA\FQA2011.WTH,wet_year;water_stress_year;nitrogen_stress_year,water_stress,FQA2011_stress_grid_S0001,low_input_within_10pct_yield,2011-07-26,207,51,46,"{""sim_day"": 51.0, ""doy"": 207.0, ""topwt"": 1606.690673828125, ""grnwt"": 0.0, ""xlai"": 1.2113348245620728, ""totir"": 0.0, ""tofer"": NaN, ""swfac"": 0.0, ""nstres"": 0.3850382566452026}",0.0,0.3850382566452026,1606.690673828125,0.0,1.2113348245620728,0.0,,0.0,0.0,0.0,0.0,21.12666778564453,21.12666778564453,Leave_One_experiments/all_year_offline_schedule_search/daily_outputs/FQA/FQA_2011_FQA2011_stress_grid_S0001_daily.csv
FQA,FQA,Fengqiu,2011,Leave_One_experiments\wth_generated_qc\FQA\FQA2011.WTH,wet_year;water_stress_year;nitrogen_stress_year,water_stress,FQA2011_stress_grid_S0001,low_input_within_10pct_yield,2011-07-27,208,52,47,"{""sim_day"": 52.0, ""doy"": 208.0, ""topwt"": 1693.500518798828, ""grnwt"": 0.0, ""xlai"": 1.1942369937896729, ""totir"": 0.0, ""tofer"": NaN, ""swfac"": 0.0, ""nstres"": 0.4028043746948242}",0.0,0.4028043746948242,1693.500518798828,0.0,1.1942369937896729,0.0,,0.0,0.0,0.0,0.0,21.12666778564453,21.12666778564453,Leave_One_experiments/all_year_offline_schedule_search/daily_outputs/FQA/FQA_2011_FQA2011_stress_grid_S0001_daily.csv
FQA,FQA,Fengqiu,2011,Leave_One_experiments\wth_generated_qc\FQA\FQA2011.WTH,wet_year;water_stress_year;nitrogen_stress_year,water_stress,FQA2011_stress_grid_S0001,low_input_within_10pct_yield,2011-07-28,209,53,48,"{""sim_day"": 53.0, ""doy"": 209.0, ""topwt"": 1740.8456420898438, ""grnwt"": 0.0, ""xlai"": 1.1660445928573608, ""totir"": 0.0, ""tofer"": NaN, ""swfac"": 0.0, ""nstres"": 0.4125412702560425}",0.0,0.4125412702560425,1740.8456420898438,0.0,1.1660445928573608,0.0,,0.0,0.0,0.0,0.0,21.12666778564453,21.12666778564453,Leave_One_experiments/all_year_offline_schedule_search/daily_outputs/FQA/FQA_2011_FQA2011_stress_grid_S0001_daily.csv
FQA,FQA,Fengqiu,2011,Leave_One_experiments\wth_generated_qc\FQA\FQA2011.WTH,wet_year;water_stress_year;nitrogen_stress_year,water_stress,FQA2011_stress_grid_S0001,low_input_within_10pct_yield,2011-07-29,210,54,49,"{""sim_day"": 54.0, ""doy"": 210.0, ""topwt"": 1815.326232910156, ""grnwt"": 0.0, ""xlai"": 1.1450495719909668, ""totir"": 0.0, ""tofer"": NaN, ""swfac"": 0.0, ""nstres"": 0.4196778535842895}",0.0,0.4196778535842895,1815.326232910156,0.0,1.1450495719909668,0.0,,0.0,0.0,0.0,0.0,21.12666778564453,21.12666778564453,Leave_One_experiments/all_year_offline_schedule_search/daily_outputs/FQA/FQA_2011_FQA2011_stress_grid_S0001_daily.csv
FQA,FQA,Fengqiu,2011,Leave_One_experiments\wth_generated_qc\FQA\FQA2011.WTH,wet_year;water_stress_year;nitrogen_stress_year,water_stress,FQA2011_stress_grid_S0001,low_input_within_10pct_yield,2011-07-30,211,55,50,"{""sim_day"": 55.0, ""doy"": 211.0, ""topwt"": 1864.796295166016, ""grnwt"": 0.0, ""xlai"": 1.1189193725585938, ""totir"": 0.0, ""tofer"": NaN, ""swfac"": 0.0, ""nstres"": 0.408034086227417}",0.0,0.408034086227417,1864.796295166016,0.0,1.1189193725585938,0.0,,0.0,0.0,0.0,0.0,21.12666778564453,21.12666778564453,Leave_One_experiments/all_year_offline_schedule_search/daily_outputs/FQA/FQA_2011_FQA2011_stress_grid_S0001_daily.csv
FQA,FQA,Fengqiu,2011,Leave_One_experiments\wth_generated_qc\FQA\FQA2011.WTH,wet_year;water_stress_year;nitrogen_stress_year,water_stress,FQA2011_stress_grid_S0001,low_input_within_10pct_yield,2011-07-31,212,56,51,"{""sim_day"": 56.0, ""doy"": 212.0, ""topwt"": 1898.6883544921875, ""grnwt"": 0.0, ""xlai"": 1.0894252061843872, ""totir"": 0.0, ""tofer"": NaN, ""swfac"": 0.0, ""nstres"": 0.4132895469665527}",0.0,0.4132895469665527,1898.6883544921875,0.0,1.0894252061843872,0.0,,0.0,0.0,0.0,0.0,21.12666778564453,21.12666778564453,Leave_One_experiments/all_year_offline_schedule_search/daily_outputs/FQA/FQA_2011_FQA2011_stress_grid_S0001_daily.csv
FQA,FQA,Fengqiu,2011,Leave_One_experiments\wth_generated_qc\FQA\FQA2011.WTH,wet_year;water_stress_year;nitrogen_stress_year,water_stress,FQA2011_stress_grid_S0001,low_input_within_10pct_yield,2011-08-01,213,57,52,"{""sim_day"": 57.0, ""doy"": 213.0, ""topwt"": 1911.9253540039065, ""grnwt"": 0.0, ""xlai"": 1.055572509765625, ""totir"": 0.0, ""tofer"": NaN, ""swfac"": 0.0, ""nstres"": 0.4146715402603149}",0.0,0.4146715402603149,1911.9253540039065,0.0,1.055572509765625,0.0,,0.0,0.0,0.0,0.0,21.12666778564453,21.12666778564453,Leave_One_experiments/all_year_offline_schedule_search/daily_outputs/FQA/FQA_2011_FQA2011_stress_grid_S0001_daily.csv
FQA,FQA,Fengqiu,2011,Leave_One_experiments\wth_generated_qc\FQA\FQA2011.WTH,wet_year;water_stress_year;nitrogen_stress_year,water_stress,FQA2011_stress_grid_S0001,low_input_within_10pct_yield,2011-08-02,214,58,53,"{""sim_day"": 58.0, ""doy"": 214.0, ""topwt"": 1977.451629638672, ""grnwt"": 0.0, ""xlai"": 1.0365725755691528, ""totir"": 0.0, ""tofer"": NaN, ""swfac"": 0.0, ""nstres"": 0.4075369834899902}",0.0,0.4075369834899902,1977.451629638672,0.0,1.0365725755691528,0.0,,0.0,0.0,0.0,0.0,21.12666778564453,21.12666778564453,Leave_One_experiments/all_year_offline_schedule_search/daily_outputs/FQA/FQA_2011_FQA2011_stress_grid_S0001_daily.csv
FQA,FQA,Fengqiu,2011,Leave_One_experiments\wth_generated_qc\FQA\FQA2011.WTH,wet_year;water_stress_year;nitrogen_stress_year,water_stress,FQA2011_stress_grid_S0001,low_input_within_10pct_yield,2011-08-03,215,59,54,"{""sim_day"": 59.0, ""doy"": 215.0, ""topwt"": 2043.4359741210935, ""grnwt"": 0.0, ""xlai"": 1.0185929536819458, ""totir"": 0.0, ""tofer"": NaN, ""swfac"": 0.0, ""nstres"": 0.4012875556945801}",0.0,0.4012875556945801,2043.4359741210935,0.0,1.0185929536819458,0.0,,0.0,0.0,0.0,0.0,21.12666778564453,21.12666778564453,Leave_One_experiments/all_year_offline_schedule_search/daily_outputs/FQA/FQA_2011_FQA2011_stress_grid_S0001_daily.csv
FQA,FQA,Fengqiu,2011,Leave_One_experiments\wth_generated_qc\FQA\FQA2011.WTH,wet_year;water_stress_year;nitrogen_stress_year,water_stress,FQA2011_stress_grid_S0001,low_input_within_10pct_yield,2011-08-04,216,60,55,"{""sim_day"": 60.0, ""doy"": 216.0, ""topwt"": 2082.3936462402344, ""grnwt"": 0.0, ""xlai"": 0.9940661787986756, ""totir"": 0.0, ""tofer"": NaN, ""swfac"": 0.0, ""nstres"": 0.4065250754356384}",0.0,0.4065250754356384,2082.3936462402344,0.0,0.9940661787986756,0.0,,0.0,0.0,0.0,0.0,21.12666778564453,21.12666778564453,Leave_One_experiments/all_year_offline_schedule_search/daily_outputs/FQA/FQA_2011_FQA2011_stress_grid_S0001_daily.csv
FQA,FQA,Fengqiu,2011,Leave_One_experiments\wth_generated_qc\FQA\FQA2011.WTH,wet_year;water_stress_year;nitrogen_stress_year,water_stress,FQA2011_stress_grid_S0001,low_input_within_10pct_yield,2011-08-05,217,61,56,"{""sim_day"": 61.0, ""doy"": 217.0, ""topwt"": 2154.4773864746094, ""grnwt"": 0.0, ""xlai"": 0.9787192344665528, ""totir"": 0.0, ""tofer"": NaN, ""swfac"": 0.0, ""nstres"": 0.4090557694435119}",0.0,0.4090557694435119,2154.4773864746094,0.0,0.9787192344665528,0.0,,0.0,0.0,0.0,0.0,21.12666778564453,21.12666778564453,Leave_One_experiments/all_year_offline_schedule_search/daily_outputs/FQA/FQA_2011_FQA2011_stress_grid_S0001_daily.csv
FQA,FQA,Fengqiu,2011,Leave_One_experiments\wth_generated_qc\FQA\FQA2011.WTH,wet_year;water_stress_year;nitrogen_stress_year,water_stress,FQA2011_stress_grid_S0001,low_input_within_10pct_yield,2011-08-06,218,62,57,"{""sim_day"": 62.0, ""doy"": 218.0, ""topwt"": 2222.9222106933594, ""grnwt"": 0.0, ""xlai"": 0.9631112217903136, ""totir"": 0.0, ""tofer"": NaN, ""swfac"": 0.0, ""nstres"": 0.4051195383071899}",0.0,0.4051195383071899,2222.9222106933594,0.0,0.9631112217903136,0.0,,0.0,0.0,0.0,0.0,21.12666778564453,21.12666778564453,Leave_One_experiments/all_year_offline_schedule_search/daily_outputs/FQA/FQA_2011_FQA2011_stress_grid_S0001_daily.csv
FQA,FQA,Fengqiu,2011,Leave_One_experiments\wth_generated_qc\FQA\FQA2011.WTH,wet_year;water_stress_year;nitrogen_stress_year,water_stress,FQA2011_stress_grid_S0001,low_input_within_10pct_yield,2011-08-07,219,63,58,"{""sim_day"": 63.0, ""doy"": 219.0, ""topwt"": 2300.701446533203, ""grnwt"": 0.0, ""xlai"": 0.95025897026062, ""totir"": 0.0, ""tofer"": NaN, ""swfac"": 0.0, ""nstres"": 0.4084963202476501}",0.0,0.4084963202476501,2300.701446533203,0.0,0.95025897026062,0.0,,0.0,0.0,0.0,0.0,21.12666778564453,21.12666778564453,Leave_One_experiments/all_year_offline_schedule_search/daily_outputs/FQA/FQA_2011_FQA2011_stress_grid_S0001_daily.csv
FQA,FQA,Fengqiu,2011,Leave_One_experiments\wth_generated_qc\FQA\FQA2011.WTH,wet_year;water_stress_year;nitrogen_stress_year,water_stress,FQA2011_stress_grid_S0001,low_input_within_10pct_yield,2011-08-08,220,64,59,"{""sim_day"": 64.0, ""doy"": 220.0, ""topwt"": 2395.783233642578, ""grnwt"": 0.0, ""xlai"": 0.9182482361793518, ""totir"": 0.0, ""tofer"": NaN, ""swfac"": 0.0, ""nstres"": 0.4084686040878296}",0.0,0.4084686040878296,2395.783233642578,0.0,0.9182482361793518,0.0,,0.0,0.0,0.0,0.0,21.12666778564453,21.12666778564453,Leave_One_experiments/all_year_offline_schedule_search/daily_outputs/FQA/FQA_2011_FQA2011_stress_grid_S0001_daily.csv
FQA,FQA,Fengqiu,2011,Leave_One_experiments\wth_generated_qc\FQA\FQA2011.WTH,wet_year;water_stress_year;nitrogen_stress_year,water_stress,FQA2011_stress_grid_S0001,low_input_within_10pct_yield,2011-08-09,221,65,60,"{""sim_day"": 65.0, ""doy"": 221.0, ""topwt"": 2494.11376953125, ""grnwt"": 0.0, ""xlai"": 0.8881500959396362, ""totir"": 0.0, ""tofer"": NaN, ""swfac"": 0.0, ""nstres"": 0.3866678476333618}",0.0,0.3866678476333618,2494.11376953125,0.0,0.8881500959396362,0.0,,0.0,0.0,0.0,0.0,21.12666778564453,21.12666778564453,Leave_One_experiments/all_year_offline_schedule_search/daily_outputs/FQA/FQA_2011_FQA2011_stress_grid_S0001_daily.csv
FQA,FQA,Fengqiu,2011,Leave_One_experiments\wth_generated_qc\FQA\FQA2011.WTH,wet_year;water_stress_year;nitrogen_stress_year,water_stress,FQA2011_stress_grid_S0001,low_input_within_10pct_yield,2011-08-10,222,66,61,"{""sim_day"": 66.0, ""doy"": 222.0, ""topwt"": 2576.2478637695312, ""grnwt"": 0.0, ""xlai"": 0.8591653108596802, ""totir"": 0.0, ""tofer"": NaN, ""swfac"": 0.0, ""nstres"": 0.383238673210144}",0.0,0.383238673210144,2576.2478637695312,0.0,0.8591653108596802,0.0,,0.0,0.0,0.0,0.0,21.12666778564453,21.12666778564453,Leave_One_experiments/all_year_offline_schedule_search/daily_outputs/FQA/FQA_2011_FQA2011_stress_grid_S0001_daily.csv
FQA,FQA,Fengqiu,2011,Leave_One_experiments\wth_generated_qc\FQA\FQA2011.WTH,wet_year;water_stress_year;nitrogen_stress_year,water_stress,FQA2011_stress_grid_S0001,low_input_within_10pct_yield,2011-08-11,223,67,62,"{""sim_day"": 67.0, ""doy"": 223.0, ""topwt"": 2653.408203125, ""grnwt"": 0.0, ""xlai"": 0.8313683271408081, ""totir"": 0.0, ""tofer"": NaN, ""swfac"": 0.0, ""nstres"": 0.3764828443527221}",0.0,0.3764828443527221,2653.408203125,0.0,0.8313683271408081,0.0,,0.0,0.0,0.0,0.0,21.12666778564453,21.12666778564453,Leave_One_experiments/all_year_offline_schedule_search/daily_outputs/FQA/FQA_2011_FQA2011_stress_grid_S0001_daily.csv
FQA,FQA,Fengqiu,2011,Leave_One_experiments\wth_generated_qc\FQA\FQA2011.WTH,wet_year;water_stress_year;nitrogen_stress_year,water_stress,FQA2011_stress_grid_S0001,low_input_within_10pct_yield,2011-08-12,224,68,63,"{""sim_day"": 68.0, ""doy"": 224.0, ""topwt"": 2733.252868652344, ""grnwt"": 0.0, ""xlai"": 0.8049750924110413, ""totir"": 0.0, ""tofer"": NaN, ""swfac"": 0.0, ""nstres"": 0.361920952796936}",0.0,0.361920952796936,2733.252868652344,0.0,0.8049750924110413,0.0,,0.0,0.0,0.0,0.0,21.12666778564453,21.12666778564453,Leave_One_experiments/all_year_offline_schedule_search/daily_outputs/FQA/FQA_2011_FQA2011_stress_grid_S0001_daily.csv
FQA,FQA,Fengqiu,2011,Leave_One_experiments\wth_generated_qc\FQA\FQA2011.WTH,wet_year;water_stress_year;nitrogen_stress_year,water_stress,FQA2011_stress_grid_S0001,low_input_within_10pct_yield,2011-08-13,225,69,64,"{""sim_day"": 69.0, ""doy"": 225.0, ""topwt"": 2797.9229736328125, ""grnwt"": 0.0, ""xlai"": 0.7800522446632385, ""totir"": 0.0, ""tofer"": NaN, ""swfac"": 0.0, ""nstres"": 0.3430651426315307}",0.0,0.3430651426315307,2797.9229736328125,0.0,0.7800522446632385,0.0,,0.0,0.0,0.0,0.0,21.12666778564453,21.12666778564453,Leave_One_experiments/all_year_offline_schedule_search/daily_outputs/FQA/FQA_2011_FQA2011_stress_grid_S0001_daily.csv
FQA,FQA,Fengqiu,2011,Leave_One_experiments\wth_generated_qc\FQA\FQA2011.WTH,wet_year;water_stress_year;nitrogen_stress_year,water_stress,FQA2011_stress_grid_S0001,low_input_within_10pct_yield,2011-08-14,226,70,65,"{""sim_day"": 70.0, ""doy"": 226.0, ""topwt"": 2869.2166137695312, ""grnwt"": 0.0, ""xlai"": 0.7565630674362183, ""totir"": 0.0, ""tofer"": NaN, ""swfac"": 0.0, ""nstres"": 0.3226948976516723}",0.0,0.3226948976516723,2869.2166137695312,0.0,0.7565630674362183,0.0,,0.0,0.0,0.0,0.0,21.12666778564453,21.12666778564453,Leave_One_experiments/all_year_offline_schedule_search/daily_outputs/FQA/FQA_2011_FQA2011_stress_grid_S0001_daily.csv
FQA,FQA,Fengqiu,2011,Leave_One_experiments\wth_generated_qc\FQA\FQA2011.WTH,wet_year;water_stress_year;nitrogen_stress_year,water_stress,FQA2011_stress_grid_S0001,low_input_within_10pct_yield,2011-08-15,227,71,66,"{""sim_day"": 71.0, ""doy"": 227.0, ""topwt"": 2882.1209716796875, ""grnwt"": 0.0, ""xlai"": 0.7345077991485596, ""totir"": 0.0, ""tofer"": NaN, ""swfac"": 0.0, ""nstres"": 0.2996463179588318}",0.0,0.2996463179588318,2882.1209716796875,0.0,0.7345077991485596,0.0,,0.0,0.0,0.0,0.0,21.12666778564453,21.12666778564453,Leave_One_experiments/all_year_offline_schedule_search/daily_outputs/FQA/FQA_2011_FQA2011_stress_grid_S0001_daily.csv
FQA,FQA,Fengqiu,2011,Leave_One_experiments\wth_generated_qc\FQA\FQA2011.WTH,wet_year;water_stress_year;nitrogen_stress_year,water_stress,FQA2011_stress_grid_S0001,low_input_within_10pct_yield,2011-08-16,228,72,67,"{""sim_day"": 72.0, ""doy"": 228.0, ""topwt"": 2947.418212890625, ""grnwt"": 199.39441680908203, ""xlai"": 0.7137624025344849, ""totir"": 0.0, ""tofer"": NaN, ""swfac"": 0.0, ""nstres"": 0.2778565287590027}",0.0,0.2778565287590027,2947.418212890625,199.39441680908203,0.7137624025344849,0.0,,0.0,0.0,0.0,0.0,21.12666778564453,21.12666778564453,Leave_One_experiments/all_year_offline_schedule_search/daily_outputs/FQA/FQA_2011_FQA2011_stress_grid_S0001_daily.csv
FQA,FQA,Fengqiu,2011,Leave_One_experiments\wth_generated_qc\FQA\FQA2011.WTH,wet_year;water_stress_year;nitrogen_stress_year,water_stress,FQA2011_stress_grid_S0001,low_input_within_10pct_yield,2011-08-17,229,73,68,"{""sim_day"": 73.0, ""doy"": 229.0, ""topwt"": 2963.3203125, ""grnwt"": 297.9834747314453, ""xlai"": 0.6920413970947266, ""totir"": 0.0, ""tofer"": NaN, ""swfac"": 0.0, ""nstres"": 0.3303589820861816}",0.0,0.3303589820861816,2963.3203125,297.9834747314453,0.6920413970947266,0.0,,0.0,0.0,0.0,0.0,21.12666778564453,21.12666778564453,Leave_One_experiments/all_year_offline_schedule_search/daily_outputs/FQA/FQA_2011_FQA2011_stress_grid_S0001_daily.csv
FQA,FQA,Fengqiu,2011,Leave_One_experiments\wth_generated_qc\FQA\FQA2011.WTH,wet_year;water_stress_year;nitrogen_stress_year,water_stress,FQA2011_stress_grid_S0001,low_input_within_10pct_yield,2011-08-18,230,74,69,"{""sim_day"": 74.0, ""doy"": 230.0, ""topwt"": 2984.5538330078125, ""grnwt"": 396.5725326538086, ""xlai"": 0.6723747849464417, ""totir"": 0.0, ""tofer"": NaN, ""swfac"": 0.0, ""nstres"": 0.282037615776062}",0.0,0.282037615776062,2984.5538330078125,396.5725326538086,0.6723747849464417,0.0,,0.0,0.0,0.0,0.0,21.12666778564453,21.12666778564453,Leave_One_experiments/all_year_offline_schedule_search/daily_outputs/FQA/FQA_2011_FQA2011_stress_grid_S0001_daily.csv
FQA,FQA,Fengqiu,2011,Leave_One_experiments\wth_generated_qc\FQA\FQA2011.WTH,wet_year;water_stress_year;nitrogen_stress_year,water_stress,FQA2011_stress_grid_S0001,low_input_within_10pct_yield,2011-08-19,231,75,70,"{""sim_day"": 75.0, ""doy"": 231.0, ""topwt"": 3001.34765625, ""grnwt"": 495.1615905761719, ""xlai"": 0.653915286064148, ""totir"": 0.0, ""tofer"": NaN, ""swfac"": 0.0, ""nstres"": 0.2588971257209778}",0.0,0.2588971257209778,3001.34765625,495.1615905761719,0.653915286064148,0.0,,0.0,0.0,0.0,0.0,21.12666778564453,21.12666778564453,Leave_One_experiments/all_year_offline_schedule_search/daily_outputs/FQA/FQA_2011_FQA2011_stress_grid_S0001_daily.csv
FQA,FQA,Fengqiu,2011,Leave_One_experiments\wth_generated_qc\FQA\FQA2011.WTH,wet_year;water_stress_year;nitrogen_stress_year,water_stress,FQA2011_stress_grid_S0001,low_input_within_10pct_yield,2011-08-20,232,76,71,"{""sim_day"": 76.0, ""doy"": 232.0, ""topwt"": 3017.5894165039062, ""grnwt"": 593.7506484985352, ""xlai"": 0.636447548866272, ""totir"": 0.0, ""tofer"": NaN, ""swfac"": 0.0, ""nstres"": 0.2411031723022461}",0.0,0.2411031723022461,3017.5894165039062,593.7506484985352,0.636447548866272,0.0,,0.0,0.0,0.0,0.0,21.12666778564453,21.12666778564453,Leave_One_experiments/all_year_offline_schedule_search/daily_outputs/FQA/FQA_2011_FQA2011_stress_grid_S0001_daily.csv
FQA,FQA,Fengqiu,2011,Leave_One_experiments\wth_generated_qc\FQA\FQA2011.WTH,wet_year;water_stress_year;nitrogen_stress_year,water_stress,FQA2011_stress_grid_S0001,low_input_within_10pct_yield,2011-08-21,233,77,72,"{""sim_day"": 77.0, ""doy"": 233.0, ""topwt"": 3092.34130859375, ""grnwt"": 692.3397064208984, ""xlai"": 0.6200252771377563, ""totir"": 0.0, ""tofer"": NaN, ""swfac"": 0.0, ""nstres"": 0.2192743420600891}",0.0,0.2192743420600891,3092.34130859375,692.3397064208984,0.6200252771377563,0.0,,0.0,0.0,0.0,0.0,21.12666778564453,21.12666778564453,Leave_One_experiments/all_year_offline_schedule_search/daily_outputs/FQA/FQA_2011_FQA2011_stress_grid_S0001_daily.csv
FQA,FQA,Fengqiu,2011,Leave_One_experiments\wth_generated_qc\FQA\FQA2011.WTH,wet_year;water_stress_year;nitrogen_stress_year,water_stress,FQA2011_stress_grid_S0001,low_input_within_10pct_yield,2011-08-22,234,78,73,"{""sim_day"": 78.0, ""doy"": 234.0, ""topwt"": 3164.871826171875, ""grnwt"": 790.9288024902344, ""xlai"": 0.6043216586112976, ""totir"": 0.0, ""tofer"": NaN, ""swfac"": 0.0, ""nstres"": 0.2078558802604675}",0.0,0.2078558802604675,3164.871826171875,790.9288024902344,0.6043216586112976,0.0,,0.0,0.0,0.0,0.0,21.12666778564453,21.12666778564453,Leave_One_experiments/all_year_offline_schedule_search/daily_outputs/FQA/FQA_2011_FQA2011_stress_grid_S0001_daily.csv
FQA,FQA,Fengqiu,2011,Leave_One_experiments\wth_generated_qc\FQA\FQA2011.WTH,wet_year;water_stress_year;nitrogen_stress_year,water_stress,FQA2011_stress_grid_S0001,low_input_within_10pct_yield,2011-08-23,235,79,74,"{""sim_day"": 79.0, ""doy"": 235.0, ""topwt"": 3276.8209838867188, ""grnwt"": 889.5178985595703, ""xlai"": 0.5885285139083862, ""totir"": 0.0, ""tofer"": NaN, ""swfac"": 0.0, ""nstres"": 0.2272095084190368}",0.0,0.2272095084190368,3276.8209838867188,889.5178985595703,0.5885285139083862,0.0,,0.0,0.0,0.0,0.0,21.12666778564453,21.12666778564453,Leave_One_experiments/all_year_offline_schedule_search/daily_outputs/FQA/FQA_2011_FQA2011_stress_grid_S0001_daily.csv
FQA,FQA,Fengqiu,2011,Leave_One_experiments\wth_generated_qc\FQA\FQA2011.WTH,wet_year;water_stress_year;nitrogen_stress_year,water_stress,FQA2011_stress_grid_S0001,low_input_within_10pct_yield,2011-08-24,236,80,75,"{""sim_day"": 80.0, ""doy"": 236.0, ""topwt"": 3362.283935546875, ""grnwt"": 988.1069946289062, ""xlai"": 0.5725069046020508, ""totir"": 0.0, ""tofer"": NaN, ""swfac"": 0.0, ""nstres"": 0.2533563375473022}",0.0,0.2533563375473022,3362.283935546875,988.1069946289062,0.5725069046020508,0.0,,0.0,0.0,0.0,0.0,21.12666778564453,21.12666778564453,Leave_One_experiments/all_year_offline_schedule_search/daily_outputs/FQA/FQA_2011_FQA2011_stress_grid_S0001_daily.csv
FQA,FQA,Fengqiu,2011,Leave_One_experiments\wth_generated_qc\FQA\FQA2011.WTH,wet_year;water_stress_year;nitrogen_stress_year,water_stress,FQA2011_stress_grid_S0001,low_input_within_10pct_yield,2011-08-25,237,81,76,"{""sim_day"": 81.0, ""doy"": 237.0, ""topwt"": 3447.5933837890625, ""grnwt"": 1086.6960906982422, ""xlai"": 0.5557621717453003, ""totir"": 0.0, ""tofer"": NaN, ""swfac"": 0.0, ""nstres"": 0.3019537329673767}",0.0,0.3019537329673767,3447.5933837890625,1086.6960906982422,0.5557621717453003,0.0,,0.0,0.0,0.0,0.0,21.12666778564453,21.12666778564453,Leave_One_experiments/all_year_offline_schedule_search/daily_outputs/FQA/FQA_2011_FQA2011_stress_grid_S0001_daily.csv
FQA,FQA,Fengqiu,2011,Leave_One_experiments\wth_generated_qc\FQA\FQA2011.WTH,wet_year;water_stress_year;nitrogen_stress_year,water_stress,FQA2011_stress_grid_S0001,low_input_within_10pct_yield,2011-08-26,238,82,77,"{""sim_day"": 82.0, ""doy"": 238.0, ""topwt"": 3498.3599853515625, ""grnwt"": 1185.285186767578, ""xlai"": 0.5387328863143921, ""totir"": 0.0, ""tofer"": NaN, ""swfac"": 0.0, ""nstres"": 0.3353899717330932}",0.0,0.3353899717330932,3498.3599853515625,1185.285186767578,0.5387328863143921,0.0,,0.0,0.0,0.0,0.0,21.12666778564453,21.12666778564453,Leave_One_experiments/all_year_offline_schedule_search/daily_outputs/FQA/FQA_2011_FQA2011_stress_grid_S0001_daily.csv
FQA,FQA,Fengqiu,2011,Leave_One_experiments\wth_generated_qc\FQA\FQA2011.WTH,wet_year;water_stress_year;nitrogen_stress_year,water_stress,FQA2011_stress_grid_S0001,low_input_within_10pct_yield,2011-08-27,239,83,78,"{""sim_day"": 83.0, ""doy"": 239.0, ""topwt"": 3560.511474609375, ""grnwt"": 1283.8742065429688, ""xlai"": 0.5216448903083801, ""totir"": 0.0, ""tofer"": NaN, ""swfac"": 0.0, ""nstres"": 0.3612536191940307}",0.0,0.3612536191940307,3560.511474609375,1283.8742065429688,0.5216448903083801,0.0,,0.0,0.0,0.0,0.0,21.12666778564453,21.12666778564453,Leave_One_experiments/all_year_offline_schedule_search/daily_outputs/FQA/FQA_2011_FQA2011_stress_grid_S0001_daily.csv
FQA,FQA,Fengqiu,2011,Leave_One_experiments\wth_generated_qc\FQA\FQA2011.WTH,wet_year;water_stress_year;nitrogen_stress_year,water_stress,FQA2011_stress_grid_S0001,low_input_within_10pct_yield,2011-08-28,240,84,79,"{""sim_day"": 84.0, ""doy"": 240.0, ""topwt"": 3641.221923828125, ""grnwt"": 1382.4632263183594, ""xlai"": 0.5050545930862427, ""totir"": 0.0, ""tofer"": NaN, ""swfac"": 0.0, ""nstres"": 0.3632928729057312}",0.0,0.3632928729057312,3641.221923828125,1382.4632263183594,0.5050545930862427,0.0,,0.0,0.0,0.0,0.0,21.12666778564453,21.12666778564453,Leave_One_experiments/all_year_offline_schedule_search/daily_outputs/FQA/FQA_2011_FQA2011_stress_grid_S0001_daily.csv
FQA,FQA,Fengqiu,2011,Leave_One_experiments\wth_generated_qc\FQA\FQA2011.WTH,wet_year;water_stress_year;nitrogen_stress_year,water_stress,FQA2011_stress_grid_S0001,low_input_within_10pct_yield,2011-08-29,241,85,80,"{""sim_day"": 85.0, ""doy"": 241.0, ""topwt"": 3719.31884765625, ""grnwt"": 1481.05224609375, ""xlai"": 0.488957405090332, ""totir"": 0.0, ""tofer"": NaN, ""swfac"": 0.0, ""nstres"": 0.3649314641952514}",0.0,0.3649314641952514,3719.31884765625,1481.05224609375,0.488957405090332,0.0,,0.0,0.0,0.0,0.0,21.12666778564453,21.12666778564453,Leave_One_experiments/all_year_offline_schedule_search/daily_outputs/FQA/FQA_2011_FQA2011_stress_grid_S0001_daily.csv
FQA,FQA,Fengqiu,2011,Leave_One_experiments\wth_generated_qc\FQA\FQA2011.WTH,wet_year;water_stress_year;nitrogen_stress_year,water_stress,FQA2011_stress_grid_S0001,low_input_within_10pct_yield,2011-08-30,242,86,81,"{""sim_day"": 86.0, ""doy"": 242.0, ""topwt"": 3799.375, ""grnwt"": 1579.6412658691406, ""xlai"": 0.4731343686580658, ""totir"": 0.0, ""tofer"": NaN, ""swfac"": 0.0, ""nstres"": 0.3766592144966125}",0.0,0.3766592144966125,3799.375,1579.6412658691406,0.4731343686580658,0.0,,0.0,0.0,0.0,0.0,21.12666778564453,21.12666778564453,Leave_One_experiments/all_year_offline_schedule_search/daily_outputs/FQA/FQA_2011_FQA2011_stress_grid_S0001_daily.csv
FQA,FQA,Fengqiu,2011,Leave_One_experiments\wth_generated_qc\FQA\FQA2011.WTH,wet_year;water_stress_year;nitrogen_stress_year,water_stress,FQA2011_stress_grid_S0001,low_input_within_10pct_yield,2011-08-31,243,87,82,"{""sim_day"": 87.0, ""doy"": 243.0, ""topwt"": 3875.9500122070312, ""grnwt"": 1678.2302856445312, ""xlai"": 0.457647442817688, ""totir"": 0.0, ""tofer"": NaN, ""swfac"": 0.0, ""nstres"": 0.3855813145637512}",0.0,0.3855813145637512,3875.9500122070312,1678.2302856445312,0.457647442817688,0.0,,0.0,0.0,0.0,0.0,21.12666778564453,21.12666778564453,Leave_One_experiments/all_year_offline_schedule_search/daily_outputs/FQA/FQA_2011_FQA2011_stress_grid_S0001_daily.csv
FQA,FQA,Fengqiu,2011,Leave_One_experiments\wth_generated_qc\FQA\FQA2011.WTH,wet_year;water_stress_year;nitrogen_stress_year,water_stress,FQA2011_stress_grid_S0001,low_input_within_10pct_yield,2011-09-01,244,88,83,"{""sim_day"": 88.0, ""doy"": 244.0, ""topwt"": 3924.99267578125, ""grnwt"": 1728.8455200195312, ""xlai"": 0.4424842596054077, ""totir"": 0.0, ""tofer"": NaN, ""swfac"": 0.0, ""nstres"": 0.3951905369758606}",0.0,0.3951905369758606,3924.99267578125,1728.8455200195312,0.4424842596054077,0.0,,0.0,0.0,0.0,0.0,21.12666778564453,21.12666778564453,Leave_One_experiments/all_year_offline_schedule_search/daily_outputs/FQA/FQA_2011_FQA2011_stress_grid_S0001_daily.csv
FQA,FQA,Fengqiu,2011,Leave_One_experiments\wth_generated_qc\FQA\FQA2011.WTH,wet_year;water_stress_year;nitrogen_stress_year,water_stress,FQA2011_stress_grid_S0001,low_input_within_10pct_yield,2011-09-02,245,89,84,"{""sim_day"": 89.0, ""doy"": 245.0, ""topwt"": 3945.6527709960938, ""grnwt"": 1749.505615234375, ""xlai"": 0.4283445179462433, ""totir"": 0.0, ""tofer"": NaN, ""swfac"": 0.0, ""nstres"": 0.3669304251670837}",0.0,0.3669304251670837,3945.6527709960938,1749.505615234375,0.4283445179462433,0.0,,0.0,0.0,0.0,0.0,21.12666778564453,21.12666778564453,Leave_One_experiments/all_year_offline_schedule_search/daily_outputs/FQA/FQA_2011_FQA2011_stress_grid_S0001_daily.csv
FQA,FQA,Fengqiu,2011,Leave_One_experiments\wth_generated_qc\FQA\FQA2011.WTH,wet_year;water_stress_year;nitrogen_stress_year,water_stress,FQA2011_stress_grid_S0001,low_input_within_10pct_yield,2011-09-03,246,90,85,"{""sim_day"": 90.0, ""doy"": 246.0, ""topwt"": 3951.75537109375, ""grnwt"": 1755.6082153320312, ""xlai"": 0.4152687489986419, ""totir"": 0.0, ""tofer"": NaN, ""swfac"": 0.0, ""nstres"": 0.3326307535171509}",0.0,0.3326307535171509,3951.75537109375,1755.6082153320312,0.4152687489986419,0.0,,0.0,0.0,0.0,0.0,21.12666778564453,21.12666778564453,Leave_One_experiments/all_year_offline_schedule_search/daily_outputs/FQA/FQA_2011_FQA2011_stress_grid_S0001_daily.csv
FQA,FQA,Fengqiu,2011,Leave_One_experiments\wth_generated_qc\FQA\FQA2011.WTH,wet_year;water_stress_year;nitrogen_stress_year,water_stress,FQA2011_stress_grid_S0001,low_input_within_10pct_yield,2011-09-04,247,91,86,"{""sim_day"": 91.0, ""doy"": 247.0, ""topwt"": 3975.572509765625, ""grnwt"": 1779.4252014160156, ""xlai"": 0.4035357236862182, ""totir"": 0.0, ""tofer"": NaN, ""swfac"": 0.0, ""nstres"": 0.2780943512916565}",0.0,0.2780943512916565,3975.572509765625,1779.4252014160156,0.4035357236862182,0.0,,0.0,0.0,0.0,0.0,21.12666778564453,21.12666778564453,Leave_One_experiments/all_year_offline_schedule_search/daily_outputs/FQA/FQA_2011_FQA2011_stress_grid_S0001_daily.csv
FQA,FQA,Fengqiu,2011,Leave_One_experiments\wth_generated_qc\FQA\FQA2011.WTH,wet_year;water_stress_year;nitrogen_stress_year,water_stress,FQA2011_stress_grid_S0001,low_input_within_10pct_yield,2011-09-05,248,92,87,"{""sim_day"": 92.0, ""doy"": 248.0, ""topwt"": 3996.5609741210938, ""grnwt"": 1800.413818359375, ""xlai"": 0.3925572037696838, ""totir"": 0.0, ""tofer"": NaN, ""swfac"": 0.0, ""nstres"": 0.2529364228248596}",0.0,0.2529364228248596,3996.5609741210938,1800.413818359375,0.3925572037696838,0.0,,0.0,0.0,0.0,0.0,21.12666778564453,21.12666778564453,Leave_One_experiments/all_year_offline_schedule_search/daily_outputs/FQA/FQA_2011_FQA2011_stress_grid_S0001_daily.csv
FQA,FQA,Fengqiu,2011,Leave_One_experiments\wth_generated_qc\FQA\FQA2011.WTH,wet_year;water_stress_year;nitrogen_stress_year,water_stress,FQA2011_stress_grid_S0001,low_input_within_10pct_yield,2011-09-06,249,93,88,"{""sim_day"": 93.0, ""doy"": 249.0, ""topwt"": 4009.14794921875, ""grnwt"": 1813.0007934570312, ""xlai"": 0.3821684420108795, ""totir"": 0.0, ""tofer"": NaN, ""swfac"": 0.0, ""nstres"": 0.2351429462432861}",0.0,0.2351429462432861,4009.14794921875,1813.0007934570312,0.3821684420108795,0.0,,0.0,0.0,0.0,0.0,21.12666778564453,21.12666778564453,Leave_One_experiments/all_year_offline_schedule_search/daily_outputs/FQA/FQA_2011_FQA2011_stress_grid_S0001_daily.csv
FQA,FQA,Fengqiu,2011,Leave_One_experiments\wth_generated_qc\FQA\FQA2011.WTH,wet_year;water_stress_year;nitrogen_stress_year,water_stress,FQA2011_stress_grid_S0001,low_input_within_10pct_yield,2011-09-07,250,94,89,"{""sim_day"": 94.0, ""doy"": 250.0, ""topwt"": 4022.703857421875, ""grnwt"": 1826.556701660156, ""xlai"": 0.3725362122058868, ""totir"": 0.0, ""tofer"": NaN, ""swfac"": 0.0, ""nstres"": 0.2048991918563842}",0.0,0.2048991918563842,4022.703857421875,1826.556701660156,0.3725362122058868,0.0,,0.0,0.0,0.0,0.0,21.12666778564453,21.12666778564453,Leave_One_experiments/all_year_offline_schedule_search/daily_outputs/FQA/FQA_2011_FQA2011_stress_grid_S0001_daily.csv
FQA,FQA,Fengqiu,2011,Leave_One_experiments\wth_generated_qc\FQA\FQA2011.WTH,wet_year;water_stress_year;nitrogen_stress_year,water_stress,FQA2011_stress_grid_S0001,low_input_within_10pct_yield,2011-09-08,251,95,90,"{""sim_day"": 95.0, ""doy"": 251.0, ""topwt"": 4054.532470703125, ""grnwt"": 1858.385162353516, ""xlai"": 0.3634585738182068, ""totir"": 0.0, ""tofer"": NaN, ""swfac"": 0.0, ""nstres"": 0.1949365139007568}",0.0,0.1949365139007568,4054.532470703125,1858.385162353516,0.3634585738182068,0.0,,0.0,0.0,0.0,0.0,21.12666778564453,21.12666778564453,Leave_One_experiments/all_year_offline_schedule_search/daily_outputs/FQA/FQA_2011_FQA2011_stress_grid_S0001_daily.csv
FQA,FQA,Fengqiu,2011,Leave_One_experiments\wth_generated_qc\FQA\FQA2011.WTH,wet_year;water_stress_year;nitrogen_stress_year,water_stress,FQA2011_stress_grid_S0001,low_input_within_10pct_yield,2011-09-09,252,96,91,"{""sim_day"": 96.0, ""doy"": 252.0, ""topwt"": 4080.755920410156, ""grnwt"": 1884.6087646484373, ""xlai"": 0.3545425832271576, ""totir"": 0.0, ""tofer"": NaN, ""swfac"": 0.0, ""nstres"": 0.1962483525276184}",0.0,0.1962483525276184,4080.755920410156,1884.6087646484373,0.3545425832271576,0.0,,0.0,0.0,0.0,0.0,21.12666778564453,21.12666778564453,Leave_One_experiments/all_year_offline_schedule_search/daily_outputs/FQA/FQA_2011_FQA2011_stress_grid_S0001_daily.csv
FQA,FQA,Fengqiu,2011,Leave_One_experiments\wth_generated_qc\FQA\FQA2011.WTH,wet_year;water_stress_year;nitrogen_stress_year,water_stress,FQA2011_stress_grid_S0001,low_input_within_10pct_yield,2011-09-10,253,97,92,"{""sim_day"": 97.0, ""doy"": 253.0, ""topwt"": 4086.988220214844, ""grnwt"": 1890.841064453125, ""xlai"": 0.345856249332428, ""totir"": 0.0, ""tofer"": NaN, ""swfac"": 0.0, ""nstres"": 0.1960002183914184}",0.0,0.1960002183914184,4086.988220214844,1890.841064453125,0.345856249332428,0.0,,0.0,0.0,0.0,0.0,21.12666778564453,21.12666778564453,Leave_One_experiments/all_year_offline_schedule_search/daily_outputs/FQA/FQA_2011_FQA2011_stress_grid_S0001_daily.csv
FQA,FQA,Fengqiu,2011,Leave_One_experiments\wth_generated_qc\FQA\FQA2011.WTH,wet_year;water_stress_year;nitrogen_stress_year,water_stress,FQA2011_stress_grid_S0001,low_input_within_10pct_yield,2011-09-11,254,98,93,"{""sim_day"": 98.0, ""doy"": 254.0, ""topwt"": 4093.8922119140634, ""grnwt"": 1897.744903564453, ""xlai"": 0.3378409147262573, ""totir"": 0.0, ""tofer"": NaN, ""swfac"": 0.0, ""nstres"": 0.1854018568992614}",0.0,0.1854018568992614,4093.8922119140634,1897.744903564453,0.3378409147262573,0.0,,0.0,0.0,0.0,0.0,21.12666778564453,21.12666778564453,Leave_One_experiments/all_year_offline_schedule_search/daily_outputs/FQA/FQA_2011_FQA2011_stress_grid_S0001_daily.csv
FQA,FQA,Fengqiu,2011,Leave_One_experiments\wth_generated_qc\FQA\FQA2011.WTH,wet_year;water_stress_year;nitrogen_stress_year,water_stress,FQA2011_stress_grid_S0001,low_input_within_10pct_yield,2011-09-12,255,99,94,"{""sim_day"": 99.0, ""doy"": 255.0, ""topwt"": 4099.306945800781, ""grnwt"": 1903.1597900390625, ""xlai"": 0.3305062353610992, ""totir"": 0.0, ""tofer"": NaN, ""swfac"": 0.0, ""nstres"": 0.1736831068992614}",0.0,0.1736831068992614,4099.306945800781,1903.1597900390625,0.3305062353610992,0.0,,0.0,0.0,0.0,0.0,21.12666778564453,21.12666778564453,Leave_One_experiments/all_year_offline_schedule_search/daily_outputs/FQA/FQA_2011_FQA2011_stress_grid_S0001_daily.csv
FQA,FQA,Fengqiu,2011,Leave_One_experiments\wth_generated_qc\FQA\FQA2011.WTH,wet_year;water_stress_year;nitrogen_stress_year,water_stress,FQA2011_stress_grid_S0001,low_input_within_10pct_yield,2011-09-13,256,100,95,"{""sim_day"": 100.0, ""doy"": 256.0, ""topwt"": 4110.708312988281, ""grnwt"": 1914.5611572265625, ""xlai"": 0.3235522508621216, ""totir"": 0.0, ""tofer"": NaN, ""swfac"": 0.0, ""nstres"": 0.1683230996131897}",0.0,0.1683230996131897,4110.708312988281,1914.5611572265625,0.3235522508621216,0.0,,0.0,0.0,0.0,0.0,21.12666778564453,21.12666778564453,Leave_One_experiments/all_year_offline_schedule_search/daily_outputs/FQA/FQA_2011_FQA2011_stress_grid_S0001_daily.csv
FQA,FQA,Fengqiu,2011,Leave_One_experiments\wth_generated_qc\FQA\FQA2011.WTH,wet_year;water_stress_year;nitrogen_stress_year,water_stress,FQA2011_stress_grid_S0001,low_input_within_10pct_yield,2011-09-14,257,101,96,"{""sim_day"": 101.0, ""doy"": 257.0, ""topwt"": 4130.00732421875, ""grnwt"": 1933.8601684570312, ""xlai"": 0.3168683648109436, ""totir"": 0.0, ""tofer"": NaN, ""swfac"": 0.0, ""nstres"": 0.1652619838714599}",0.0,0.1652619838714599,4130.00732421875,1933.8601684570312,0.3168683648109436,0.0,,0.0,0.0,0.0,0.0,21.12666778564453,21.12666778564453,Leave_One_experiments/all_year_offline_schedule_search/daily_outputs/FQA/FQA_2011_FQA2011_stress_grid_S0001_daily.csv
FQA,FQA,Fengqiu,2011,Leave_One_experiments\wth_generated_qc\FQA\FQA2011.WTH,wet_year;water_stress_year;nitrogen_stress_year,water_stress,FQA2011_stress_grid_S0001,low_input_within_10pct_yield,2011-09-15,258,102,97,"{""sim_day"": 102.0, ""doy"": 258.0, ""topwt"": 4175.028381347656, ""grnwt"": 1978.8812255859373, ""xlai"": 0.3102533221244812, ""totir"": 0.0, ""tofer"": NaN, ""swfac"": 0.0, ""nstres"": 0.1670109629631042}",0.0,0.1670109629631042,4175.028381347656,1978.8812255859373,0.3102533221244812,0.0,,0.0,0.0,0.0,0.0,21.12666778564453,21.12666778564453,Leave_One_experiments/all_year_offline_schedule_search/daily_outputs/FQA/FQA_2011_FQA2011_stress_grid_S0001_daily.csv
FQA,FQA,Fengqiu,2011,Leave_One_experiments\wth_generated_qc\FQA\FQA2011.WTH,wet_year;water_stress_year;nitrogen_stress_year,water_stress,FQA2011_stress_grid_S0001,low_input_within_10pct_yield,2011-09-16,259,103,98,"{""sim_day"": 103.0, ""doy"": 259.0, ""topwt"": 4181.302490234375, ""grnwt"": 1985.1554870605469, ""xlai"": 0.3031056523323059, ""totir"": 0.0, ""tofer"": NaN, ""swfac"": 0.0, ""nstres"": 0.1843042969703674}",0.0,0.1843042969703674,4181.302490234375,1985.1554870605469,0.3031056523323059,0.0,,0.0,0.0,0.0,0.0,21.12666778564453,21.12666778564453,Leave_One_experiments/all_year_offline_schedule_search/daily_outputs/FQA/FQA_2011_FQA2011_stress_grid_S0001_daily.csv
FQA,FQA,Fengqiu,2011,Leave_One_experiments\wth_generated_qc\FQA\FQA2011.WTH,wet_year;water_stress_year;nitrogen_stress_year,water_stress,FQA2011_stress_grid_S0001,low_input_within_10pct_yield,2011-09-17,260,104,99,"{""sim_day"": 104.0, ""doy"": 260.0, ""topwt"": 4191.295166015625, ""grnwt"": 1995.1481628417969, ""xlai"": 0.2961419820785522, ""totir"": 0.0, ""tofer"": NaN, ""swfac"": 0.0, ""nstres"": 0.1837960481643676}",0.0,0.1837960481643676,4191.295166015625,1995.1481628417969,0.2961419820785522,0.0,,0.0,0.0,0.0,0.0,21.12666778564453,21.12666778564453,Leave_One_experiments/all_year_offline_schedule_search/daily_outputs/FQA/FQA_2011_FQA2011_stress_grid_S0001_daily.csv
FQA,FQA,Fengqiu,2011,Leave_One_experiments\wth_generated_qc\FQA\FQA2011.WTH,wet_year;water_stress_year;nitrogen_stress_year,water_stress,FQA2011_stress_grid_S0001,low_input_within_10pct_yield,2011-09-18,261,105,100,"{""sim_day"": 105.0, ""doy"": 261.0, ""topwt"": 4250.704956054688, ""grnwt"": 2054.557647705078, ""xlai"": 0.2892571091651916, ""totir"": 0.0, ""tofer"": NaN, ""swfac"": 0.0, ""nstres"": 0.1859888434410095}",0.0,0.1859888434410095,4250.704956054688,2054.557647705078,0.2892571091651916,0.0,,0.0,0.0,0.0,0.0,21.12666778564453,21.12666778564453,Leave_One_experiments/all_year_offline_schedule_search/daily_outputs/FQA/FQA_2011_FQA2011_stress_grid_S0001_daily.csv
FQA,FQA,Fengqiu,2011,Leave_One_experiments\wth_generated_qc\FQA\FQA2011.WTH,wet_year;water_stress_year;nitrogen_stress_year,water_stress,FQA2011_stress_grid_S0001,low_input_within_10pct_yield,2011-09-19,262,106,101,"{""sim_day"": 106.0, ""doy"": 262.0, ""topwt"": 4308.814086914063, ""grnwt"": 2112.666778564453, ""xlai"": 0.2816910147666931, ""totir"": 0.0, ""tofer"": NaN, ""swfac"": 0.0, ""nstres"": 0.2277653813362121}",0.0,0.2277653813362121,4308.814086914063,2112.666778564453,0.2816910147666931,0.0,,0.0,0.0,0.0,0.0,21.12666778564453,21.12666778564453,Leave_One_experiments/all_year_offline_schedule_search/daily_outputs/FQA/FQA_2011_FQA2011_stress_grid_S0001_daily.csv
FQA,FQA,Fengqiu,2011,Leave_One_experiments\wth_generated_qc\FQA\FQA2011.WTH,wet_year;water_stress_year;nitrogen_stress_year,water_stress,FQA2011_stress_grid_S0001,low_input_within_10pct_yield,2011-09-20,263,107,102,"{""sim_day"": 107.0, ""doy"": 263.0, ""topwt"": 4308.814086914063, ""grnwt"": 2112.666778564453, ""xlai"": 0.2816910147666931, ""totir"": 0.0, ""tofer"": NaN, ""swfac"": 0.0, ""nstres"": 0.2974852919578552}",0.0,0.2974852919578552,4308.814086914063,2112.666778564453,0.2816910147666931,0.0,,0.0,0.0,0.0,0.0,21.12666778564453,21.12666778564453,Leave_One_experiments/all_year_offline_schedule_search/daily_outputs/FQA/FQA_2011_FQA2011_stress_grid_S0001_daily.csv
FQA,FQA,Fengqiu,2011,Leave_One_experiments\wth_generated_qc\FQA\FQA2011.WTH,wet_year;water_stress_year;nitrogen_stress_year,water_stress,FQA2011_stress_grid_S0001,low_input_within_10pct_yield,2011-09-21,264,108,103,"{""sim_day"": 108.0, ""doy"": 264.0, ""topwt"": 4308.814086914063, ""grnwt"": 2112.666778564453, ""xlai"": 0.2816910147666931, ""totir"": 0.0, ""tofer"": NaN, ""swfac"": 0.0, ""nstres"": 0.2974852919578552}",0.0,0.2974852919578552,4308.814086914063,2112.666778564453,0.2816910147666931,0.0,,0.0,0.0,0.0,0.0,21.12666778564453,21.12666778564453,Leave_One_experiments/all_year_offline_schedule_search/daily_outputs/FQA/FQA_2011_FQA2011_stress_grid_S0001_daily.csv
FQA,FQA,Fengqiu,2011,Leave_One_experiments\wth_generated_qc\FQA\FQA2011.WTH,wet_year;water_stress_year;nitrogen_stress_year,water_stress,FQA2011_stress_grid_S0001,low_input_within_10pct_yield,2011-09-22,265,109,104,"{""sim_day"": 109.0, ""doy"": 265.0, ""topwt"": 4308.814086914063, ""grnwt"": 2112.666778564453, ""xlai"": 0.2816910147666931, ""totir"": 0.0, ""tofer"": NaN, ""swfac"": 0.0, ""nstres"": 0.2974852919578552}",0.0,0.2974852919578552,4308.814086914063,2112.666778564453,0.2816910147666931,0.0,,0.0,0.0,0.0,0.0,21.12666778564453,21.12666778564453,Leave_One_experiments/all_year_offline_schedule_search/daily_outputs/FQA/FQA_2011_FQA2011_stress_grid_S0001_daily.csv
FQA,FQA,Fengqiu,2011,Leave_One_experiments\wth_generated_qc\FQA\FQA2011.WTH,wet_year;water_stress_year;nitrogen_stress_year,water_stress,FQA2011_stress_grid_S0001,low_input_within_10pct_yield,2011-09-23,266,110,105,"{""sim_day"": 110.0, ""doy"": 266.0, ""topwt"": 4308.814086914063, ""grnwt"": 2112.666778564453, ""xlai"": 0.2816910147666931, ""totir"": 0.0, ""tofer"": NaN, ""swfac"": 0.0, ""nstres"": 0.2974852919578552}",0.0,0.2974852919578552,4308.814086914063,2112.666778564453,0.2816910147666931,0.0,,0.0,0.0,0.0,0.0,21.12666778564453,21.12666778564453,Leave_One_experiments/all_year_offline_schedule_search/daily_outputs/FQA/FQA_2011_FQA2011_stress_grid_S0001_daily.csv
FQA,FQA,Fengqiu,2011,Leave_One_experiments\wth_generated_qc\FQA\FQA2011.WTH,wet_year;water_stress_year;nitrogen_stress_year,water_stress,FQA2011_stress_grid_S0007,pareto_balanced,2011-06-11,162,1,1,"{""sim_day"": 1.0, ""doy"": 162.0, ""topwt"": 0.0, ""grnwt"": 0.0, ""xlai"": 0.0, ""totir"": 0.0, ""tofer"": NaN, ""swfac"": 0.0, ""nstres"": 0.0}",0.0,0.0,0.0,0.0,0.0,0.0,,0.0,0.0,40.0,0.0,1.5036682128906271,17.503668212890627,Leave_One_experiments/all_year_offline_schedule_search/daily_outputs/FQA/FQA_2011_FQA2011_stress_grid_S0007_daily.csv
FQA,FQA,Fengqiu,2011,Leave_One_experiments\wth_generated_qc\FQA\FQA2011.WTH,wet_year;water_stress_year;nitrogen_stress_year,water_stress,FQA2011_stress_grid_S0007,pareto_balanced,2011-06-12,163,2,2,"{""sim_day"": 2.0, ""doy"": 163.0, ""topwt"": 0.0, ""grnwt"": 0.0, ""xlai"": 0.0, ""totir"": 0.0, ""tofer"": NaN, ""swfac"": 0.0, ""nstres"": 0.0}",0.0,0.0,0.0,0.0,0.0,0.0,,0.0,0.0,40.0,0.0,1.5036682128906271,17.503668212890627,Leave_One_experiments/all_year_offline_schedule_search/daily_outputs/FQA/FQA_2011_FQA2011_stress_grid_S0007_daily.csv
FQA,FQA,Fengqiu,2011,Leave_One_experiments\wth_generated_qc\FQA\FQA2011.WTH,wet_year;water_stress_year;nitrogen_stress_year,water_stress,FQA2011_stress_grid_S0007,pareto_balanced,2011-06-13,164,3,3,"{""sim_day"": 3.0, ""doy"": 164.0, ""topwt"": 0.0, ""grnwt"": 0.0, ""xlai"": 0.0, ""totir"": 0.0, ""tofer"": NaN, ""swfac"": 0.0, ""nstres"": 0.0}",0.0,0.0,0.0,0.0,0.0,0.0,,0.0,0.0,40.0,0.0,1.5036682128906271,17.503668212890627,Leave_One_experiments/all_year_offline_schedule_search/daily_outputs/FQA/FQA_2011_FQA2011_stress_grid_S0007_daily.csv
FQA,FQA,Fengqiu,2011,Leave_One_experiments\wth_generated_qc\FQA\FQA2011.WTH,wet_year;water_stress_year;nitrogen_stress_year,water_stress,FQA2011_stress_grid_S0007,pareto_balanced,2011-06-14,165,4,4,"{""sim_day"": 4.0, ""doy"": 165.0, ""topwt"": 0.0, ""grnwt"": 0.0, ""xlai"": 0.0, ""totir"": 0.0, ""tofer"": NaN, ""swfac"": 0.0, ""nstres"": 0.0}",0.0,0.0,0.0,0.0,0.0,0.0,,0.0,0.0,40.0,0.0,1.5036682128906271,17.503668212890627,Leave_One_experiments/all_year_offline_schedule_search/daily_outputs/FQA/FQA_2011_FQA2011_stress_grid_S0007_daily.csv
FQA,FQA,Fengqiu,2011,Leave_One_experiments\wth_generated_qc\FQA\FQA2011.WTH,wet_year;water_stress_year;nitrogen_stress_year,water_stress,FQA2011_stress_grid_S0007,pareto_balanced,2011-06-15,166,5,5,"{""sim_day"": 5.0, ""doy"": 166.0, ""topwt"": 0.0, ""grnwt"": 0.0, ""xlai"": 0.0, ""totir"": 0.0, ""tofer"": NaN, ""swfac"": 0.0, ""nstres"": 0.0}",0.0,0.0,0.0,0.0,0.0,0.0,,0.0,0.0,40.0,0.0,1.5036682128906271,17.503668212890627,Leave_One_experiments/all_year_offline_schedule_search/daily_outputs/FQA/FQA_2011_FQA2011_stress_grid_S0007_daily.csv
FQA,FQA,Fengqiu,2011,Leave_One_experiments\wth_generated_qc\FQA\FQA2011.WTH,wet_year;water_stress_year;nitrogen_stress_year,water_stress,FQA2011_stress_grid_S0007,pareto_balanced,2011-06-11,162,6,1,"{""sim_day"": 6.0, ""doy"": 162.0, ""topwt"": 0.0, ""grnwt"": 0.0, ""xlai"": 0.0, ""totir"": 0.0, ""tofer"": NaN, ""swfac"": 0.0, ""nstres"": 0.0}",0.0,0.0,0.0,0.0,0.0,0.0,,0.0,0.0,40.0,0.0,1.5036682128906271,17.503668212890627,Leave_One_experiments/all_year_offline_schedule_search/daily_outputs/FQA/FQA_2011_FQA2011_stress_grid_S0007_daily.csv
FQA,FQA,Fengqiu,2011,Leave_One_experiments\wth_generated_qc\FQA\FQA2011.WTH,wet_year;water_stress_year;nitrogen_stress_year,water_stress,FQA2011_stress_grid_S0007,pareto_balanced,2011-06-12,163,7,2,"{""sim_day"": 7.0, ""doy"": 163.0, ""topwt"": 0.0, ""grnwt"": 0.0, ""xlai"": 0.0, ""totir"": 0.0, ""tofer"": NaN, ""swfac"": 0.0, ""nstres"": 0.0}",0.0,0.0,0.0,0.0,0.0,0.0,,0.0,0.0,40.0,0.0,1.5036682128906271,17.503668212890627,Leave_One_experiments/all_year_offline_schedule_search/daily_outputs/FQA/FQA_2011_FQA2011_stress_grid_S0007_daily.csv
FQA,FQA,Fengqiu,2011,Leave_One_experiments\wth_generated_qc\FQA\FQA2011.WTH,wet_year;water_stress_year;nitrogen_stress_year,water_stress,FQA2011_stress_grid_S0007,pareto_balanced,2011-06-13,164,8,3,"{""sim_day"": 8.0, ""doy"": 164.0, ""topwt"": 0.0, ""grnwt"": 0.0, ""xlai"": 0.0, ""totir"": 0.0, ""tofer"": NaN, ""swfac"": 0.0, ""nstres"": 0.0}",0.0,0.0,0.0,0.0,0.0,0.0,,0.0,0.0,40.0,0.0,1.5036682128906271,17.503668212890627,Leave_One_experiments/all_year_offline_schedule_search/daily_outputs/FQA/FQA_2011_FQA2011_stress_grid_S0007_daily.csv
FQA,FQA,Fengqiu,2011,Leave_One_experiments\wth_generated_qc\FQA\FQA2011.WTH,wet_year;water_stress_year;nitrogen_stress_year,water_stress,FQA2011_stress_grid_S0007,pareto_balanced,2011-06-14,165,9,4,"{""sim_day"": 9.0, ""doy"": 165.0, ""topwt"": 0.0, ""grnwt"": 0.0, ""xlai"": 0.0, ""totir"": 0.0, ""tofer"": NaN, ""swfac"": 0.0, ""nstres"": 0.0}",0.0,0.0,0.0,0.0,0.0,0.0,,0.0,0.0,40.0,0.0,1.5036682128906271,17.503668212890627,Leave_One_experiments/all_year_offline_schedule_search/daily_outputs/FQA/FQA_2011_FQA2011_stress_grid_S0007_daily.csv
FQA,FQA,Fengqiu,2011,Leave_One_experiments\wth_generated_qc\FQA\FQA2011.WTH,wet_year;water_stress_year;nitrogen_stress_year,water_stress,FQA2011_stress_grid_S0007,pareto_balanced,2011-06-15,166,10,5,"{""sim_day"": 10.0, ""doy"": 166.0, ""topwt"": 0.0, ""grnwt"": 0.0, ""xlai"": 0.0, ""totir"": 0.0, ""tofer"": NaN, ""swfac"": 0.0, ""nstres"": 0.0}",0.0,0.0,0.0,0.0,0.0,0.0,,0.0,0.0,40.0,0.0,1.5036682128906271,17.503668212890627,Leave_One_experiments/all_year_offline_schedule_search/daily_outputs/FQA/FQA_2011_FQA2011_stress_grid_S0007_daily.csv
FQA,FQA,Fengqiu,2011,Leave_One_experiments\wth_generated_qc\FQA\FQA2011.WTH,wet_year;water_stress_year;nitrogen_stress_year,water_stress,FQA2011_stress_grid_S0007,pareto_balanced,2011-06-16,167,11,6,"{""sim_day"": 11.0, ""doy"": 167.0, ""topwt"": 32.00000047683716, ""grnwt"": 0.0, ""xlai"": 0.0026254835538566, ""totir"": 0.0, ""tofer"": NaN, ""swfac"": 0.0, ""nstres"": 0.0121910572052001}",0.0,0.0121910572052001,32.00000047683716,0.0,0.0026254835538566,0.0,,0.0,0.0,40.0,0.0,1.5036682128906271,17.503668212890627,Leave_One_experiments/all_year_offline_schedule_search/daily_outputs/FQA/FQA_2011_FQA2011_stress_grid_S0007_daily.csv
FQA,FQA,Fengqiu,2011,Leave_One_experiments\wth_generated_qc\FQA\FQA2011.WTH,wet_year;water_stress_year;nitrogen_stress_year,water_stress,FQA2011_stress_grid_S0007,pareto_balanced,2011-06-17,168,12,7,"{""sim_day"": 12.0, ""doy"": 168.0, ""topwt"": 32.00000047683716, ""grnwt"": 0.0, ""xlai"": 0.0052135330624878, ""totir"": 0.0, ""tofer"": NaN, ""swfac"": 0.0, ""nstres"": 0.0}",0.0,0.0,32.00000047683716,0.0,0.0052135330624878,0.0,,0.0,0.0,40.0,0.0,1.5036682128906271,17.503668212890627,Leave_One_experiments/all_year_offline_schedule_search/daily_outputs/FQA/FQA_2011_FQA2011_stress_grid_S0007_daily.csv
FQA,FQA,Fengqiu,2011,Leave_One_experiments\wth_generated_qc\FQA\FQA2011.WTH,wet_year;water_stress_year;nitrogen_stress_year,water_stress,FQA2011_stress_grid_S0007,pareto_balanced,2011-06-18,169,13,8,"{""sim_day"": 13.0, ""doy"": 169.0, ""topwt"": 32.00000047683716, ""grnwt"": 0.0, ""xlai"": 0.0082874912768602, ""totir"": 0.0, ""tofer"": NaN, ""swfac"": 0.0, ""nstres"": 0.0}",0.0,0.0,32.00000047683716,0.0,0.0082874912768602,0.0,,0.0,0.0,40.0,0.0,1.5036682128906271,17.503668212890627,Leave_One_experiments/all_year_offline_schedule_search/daily_outputs/FQA/FQA_2011_FQA2011_stress_grid_S0007_daily.csv
FQA,FQA,Fengqiu,2011,Leave_One_experiments\wth_generated_qc\FQA\FQA2011.WTH,wet_year;water_stress_year;nitrogen_stress_year,water_stress,FQA2011_stress_grid_S0007,pareto_balanced,2011-06-19,170,14,9,"{""sim_day"": 14.0, ""doy"": 170.0, ""topwt"": 32.00000047683716, ""grnwt"": 0.0, ""xlai"": 0.0115563441067934, ""totir"": 0.0, ""tofer"": NaN, ""swfac"": 0.0, ""nstres"": 0.0}",0.0,0.0,32.00000047683716,0.0,0.0115563441067934,0.0,,0.0,0.0,40.0,0.0,1.5036682128906271,17.503668212890627,Leave_One_experiments/all_year_offline_schedule_search/daily_outputs/FQA/FQA_2011_FQA2011_stress_grid_S0007_daily.csv
FQA,FQA,Fengqiu,2011,Leave_One_experiments\wth_generated_qc\FQA\FQA2011.WTH,wet_year;water_stress_year;nitrogen_stress_year,water_stress,FQA2011_stress_grid_S0007,pareto_balanced,2011-06-20,171,15,10,"{""sim_day"": 15.0, ""doy"": 171.0, ""topwt"": 32.00000047683716, ""grnwt"": 0.0, ""xlai"": 0.0151954162865877, ""totir"": 0.0, ""tofer"": NaN, ""swfac"": 0.0, ""nstres"": 0.0}",0.0,0.0,32.00000047683716,0.0,0.0151954162865877,0.0,,0.0,0.0,40.0,0.0,1.5036682128906271,17.503668212890627,Leave_One_experiments/all_year_offline_schedule_search/daily_outputs/FQA/FQA_2011_FQA2011_stress_grid_S0007_daily.csv
FQA,FQA,Fengqiu,2011,Leave_One_experiments\wth_generated_qc\FQA\FQA2011.WTH,wet_year;water_stress_year;nitrogen_stress_year,water_stress,FQA2011_stress_grid_S0007,pareto_balanced,2011-06-21,172,16,11,"{""sim_day"": 16.0, ""doy"": 172.0, ""topwt"": 32.00000047683716, ""grnwt"": 0.0, ""xlai"": 0.0191501285880804, ""totir"": 0.0, ""tofer"": NaN, ""swfac"": 0.0, ""nstres"": 0.0}",0.0,0.0,32.00000047683716,0.0,0.0191501285880804,0.0,,0.0,0.0,40.0,0.0,1.5036682128906271,17.503668212890627,Leave_One_experiments/all_year_offline_schedule_search/daily_outputs/FQA/FQA_2011_FQA2011_stress_grid_S0007_daily.csv
FQA,FQA,Fengqiu,2011,Leave_One_experiments\wth_generated_qc\FQA\FQA2011.WTH,wet_year;water_stress_year;nitrogen_stress_year,water_stress,FQA2011_stress_grid_S0007,pareto_balanced,2011-06-22,173,17,12,"{""sim_day"": 17.0, ""doy"": 173.0, ""topwt"": 23.07124137878418, ""grnwt"": 0.0, ""xlai"": 0.0304963309317827, ""totir"": 0.0, ""tofer"": NaN, ""swfac"": 0.0, ""nstres"": 0.0}",0.0,0.0,23.07124137878418,0.0,0.0304963309317827,0.0,,0.0,0.0,40.0,0.0,1.5036682128906271,17.503668212890627,Leave_One_experiments/all_year_offline_schedule_search/daily_outputs/FQA/FQA_2011_FQA2011_stress_grid_S0007_daily.csv
FQA,FQA,Fengqiu,2011,Leave_One_experiments\wth_generated_qc\FQA\FQA2011.WTH,wet_year;water_stress_year;nitrogen_stress_year,water_stress,FQA2011_stress_grid_S0007,pareto_balanced,2011-06-23,174,18,13,"{""sim_day"": 18.0, ""doy"": 174.0, ""topwt"": 27.337136268615723, ""grnwt"": 0.0, ""xlai"": 0.0444177277386188, ""totir"": 0.0, ""tofer"": NaN, ""swfac"": 0.0, ""nstres"": 0.0}",0.0,0.0,27.337136268615723,0.0,0.0444177277386188,0.0,,0.0,0.0,40.0,0.0,1.5036682128906271,17.503668212890627,Leave_One_experiments/all_year_offline_schedule_search/daily_outputs/FQA/FQA_2011_FQA2011_stress_grid_S0007_daily.csv
FQA,FQA,Fengqiu,2011,Leave_One_experiments\wth_generated_qc\FQA\FQA2011.WTH,wet_year;water_stress_year;nitrogen_stress_year,water_stress,FQA2011_stress_grid_S0007,pareto_balanced,2011-06-24,175,19,14,"{""sim_day"": 19.0, ""doy"": 175.0, ""topwt"": 31.58668041229248, ""grnwt"": 0.0, ""xlai"": 0.0572249069809913, ""totir"": 0.0, ""tofer"": NaN, ""swfac"": 0.0, ""nstres"": 0.0}",0.0,0.0,31.58668041229248,0.0,0.0572249069809913,0.0,,0.0,0.0,40.0,0.0,1.5036682128906271,17.503668212890627,Leave_One_experiments/all_year_offline_schedule_search/daily_outputs/FQA/FQA_2011_FQA2011_stress_grid_S0007_daily.csv
FQA,FQA,Fengqiu,2011,Leave_One_experiments\wth_generated_qc\FQA\FQA2011.WTH,wet_year;water_stress_year;nitrogen_stress_year,water_stress,FQA2011_stress_grid_S0007,pareto_balanced,2011-06-25,176,20,15,"{""sim_day"": 20.0, ""doy"": 176.0, ""topwt"": 37.67095565795898, ""grnwt"": 0.0, ""xlai"": 0.0743698254227638, ""totir"": 0.0, ""tofer"": NaN, ""swfac"": 0.0, ""nstres"": 0.0}",0.0,0.0,37.67095565795898,0.0,0.0743698254227638,0.0,,0.0,0.0,40.0,0.0,1.5036682128906271,17.503668212890627,Leave_One_experiments/all_year_offline_schedule_search/daily_outputs/FQA/FQA_2011_FQA2011_stress_grid_S0007_daily.csv
FQA,FQA,Fengqiu,2011,Leave_One_experiments\wth_generated_qc\FQA\FQA2011.WTH,wet_year;water_stress_year;nitrogen_stress_year,water_stress,FQA2011_stress_grid_S0007,pareto_balanced,2011-06-26,177,21,16,"{""sim_day"": 21.0, ""doy"": 177.0, ""topwt"": 43.659982681274414, ""grnwt"": 0.0, ""xlai"": 0.0902787670493125, ""totir"": 0.0, ""tofer"": NaN, ""swfac"": 0.0, ""nstres"": 0.0}",0.0,0.0,43.659982681274414,0.0,0.0902787670493125,0.0,,0.0,0.0,40.0,0.0,1.5036682128906271,17.503668212890627,Leave_One_experiments/all_year_offline_schedule_search/daily_outputs/FQA/FQA_2011_FQA2011_stress_grid_S0007_daily.csv
FQA,FQA,Fengqiu,2011,Leave_One_experiments\wth_generated_qc\FQA\FQA2011.WTH,wet_year;water_stress_year;nitrogen_stress_year,water_stress,FQA2011_stress_grid_S0007,pareto_balanced,2011-06-27,178,22,17,"{""sim_day"": 22.0, ""doy"": 178.0, ""topwt"": 52.6888370513916, ""grnwt"": 0.0, ""xlai"": 0.112969733774662, ""totir"": 0.0, ""tofer"": NaN, ""swfac"": 0.0, ""nstres"": 0.0}",0.0,0.0,52.6888370513916,0.0,0.112969733774662,0.0,,0.0,0.0,40.0,0.0,1.5036682128906271,17.503668212890627,Leave_One_experiments/all_year_offline_schedule_search/daily_outputs/FQA/FQA_2011_FQA2011_stress_grid_S0007_daily.csv
FQA,FQA,Fengqiu,2011,Leave_One_experiments\wth_generated_qc\FQA\FQA2011.WTH,wet_year;water_stress_year;nitrogen_stress_year,water_stress,FQA2011_stress_grid_S0007,pareto_balanced,2011-06-28,179,23,18,"{""sim_day"": 23.0, ""doy"": 179.0, ""topwt"": 63.52643013000488, ""grnwt"": 0.0, ""xlai"": 0.1387011110782623, ""totir"": 0.0, ""tofer"": NaN, ""swfac"": 0.0, ""nstres"": 0.0}",0.0,0.0,63.52643013000488,0.0,0.1387011110782623,0.0,,0.0,0.0,40.0,0.0,1.5036682128906271,17.503668212890627,Leave_One_experiments/all_year_offline_schedule_search/daily_outputs/FQA/FQA_2011_FQA2011_stress_grid_S0007_daily.csv
FQA,FQA,Fengqiu,2011,Leave_One_experiments\wth_generated_qc\FQA\FQA2011.WTH,wet_year;water_stress_year;nitrogen_stress_year,water_stress,FQA2011_stress_grid_S0007,pareto_balanced,2011-06-29,180,24,19,"{""sim_day"": 24.0, ""doy"": 180.0, ""topwt"": 76.76846981048584, ""grnwt"": 0.0, ""xlai"": 0.1685055643320083, ""totir"": 0.0, ""tofer"": NaN, ""swfac"": 0.0, ""nstres"": 0.0}",0.0,0.0,76.76846981048584,0.0,0.1685055643320083,0.0,,0.0,0.0,40.0,0.0,1.5036682128906271,17.503668212890627,Leave_One_experiments/all_year_offline_schedule_search/daily_outputs/FQA/FQA_2011_FQA2011_stress_grid_S0007_daily.csv
FQA,FQA,Fengqiu,2011,Leave_One_experiments\wth_generated_qc\FQA\FQA2011.WTH,wet_year;water_stress_year;nitrogen_stress_year,water_stress,FQA2011_stress_grid_S0007,pareto_balanced,2011-06-30,181,25,20,"{""sim_day"": 25.0, ""doy"": 181.0, ""topwt"": 92.14715003967284, ""grnwt"": 0.0, ""xlai"": 0.2014235556125641, ""totir"": 0.0, ""tofer"": NaN, ""swfac"": 0.0, ""nstres"": 0.0}",0.0,0.0,92.14715003967284,0.0,0.2014235556125641,0.0,,0.0,0.0,40.0,0.0,1.5036682128906271,17.503668212890627,Leave_One_experiments/all_year_offline_schedule_search/daily_outputs/FQA/FQA_2011_FQA2011_stress_grid_S0007_daily.csv
FQA,FQA,Fengqiu,2011,Leave_One_experiments\wth_generated_qc\FQA\FQA2011.WTH,wet_year;water_stress_year;nitrogen_stress_year,water_stress,FQA2011_stress_grid_S0007,pareto_balanced,2011-07-01,182,26,21,"{""sim_day"": 26.0, ""doy"": 182.0, ""topwt"": 109.75464820861816, ""grnwt"": 0.0, ""xlai"": 0.236428216099739, ""totir"": 0.0, ""tofer"": NaN, ""swfac"": 0.0, ""nstres"": 0.0}",0.0,0.0,109.75464820861816,0.0,0.236428216099739,0.0,,0.0,0.0,40.0,0.0,1.5036682128906271,17.503668212890627,Leave_One_experiments/all_year_offline_schedule_search/daily_outputs/FQA/FQA_2011_FQA2011_stress_grid_S0007_daily.csv
FQA,FQA,Fengqiu,2011,Leave_One_experiments\wth_generated_qc\FQA\FQA2011.WTH,wet_year;water_stress_year;nitrogen_stress_year,water_stress,FQA2011_stress_grid_S0007,pareto_balanced,2011-07-02,183,27,22,"{""sim_day"": 27.0, ""doy"": 183.0, ""topwt"": 118.52821350097656, ""grnwt"": 0.0, ""xlai"": 0.2543304562568664, ""totir"": 0.0, ""tofer"": NaN, ""swfac"": 0.0, ""nstres"": 0.0}",0.0,0.0,118.52821350097656,0.0,0.2543304562568664,0.0,,0.0,0.0,40.0,0.0,1.5036682128906271,17.503668212890627,Leave_One_experiments/all_year_offline_schedule_search/daily_outputs/FQA/FQA_2011_FQA2011_stress_grid_S0007_daily.csv
FQA,FQA,Fengqiu,2011,Leave_One_experiments\wth_generated_qc\FQA\FQA2011.WTH,wet_year;water_stress_year;nitrogen_stress_year,water_stress,FQA2011_stress_grid_S0007,pareto_balanced,2011-07-03,184,28,23,"{""sim_day"": 28.0, ""doy"": 184.0, ""topwt"": 135.33514976501465, ""grnwt"": 0.0, ""xlai"": 0.287607342004776, ""totir"": 0.0, ""tofer"": NaN, ""swfac"": 0.0, ""nstres"": 0.0}",0.0,0.0,135.33514976501465,0.0,0.287607342004776,0.0,,0.0,0.0,40.0,0.0,1.5036682128906271,17.503668212890627,Leave_One_experiments/all_year_offline_schedule_search/daily_outputs/FQA/FQA_2011_FQA2011_stress_grid_S0007_daily.csv
FQA,FQA,Fengqiu,2011,Leave_One_experiments\wth_generated_qc\FQA\FQA2011.WTH,wet_year;water_stress_year;nitrogen_stress_year,water_stress,FQA2011_stress_grid_S0007,pareto_balanced,2011-07-04,185,29,24,"{""sim_day"": 29.0, ""doy"": 185.0, ""topwt"": 155.3254795074463, ""grnwt"": 0.0, ""xlai"": 0.3256737887859344, ""totir"": 0.0, ""tofer"": NaN, ""swfac"": 0.0, ""nstres"": 0.0}",0.0,0.0,155.3254795074463,0.0,0.3256737887859344,0.0,,0.0,0.0,40.0,0.0,1.5036682128906271,17.503668212890627,Leave_One_experiments/all_year_offline_schedule_search/daily_outputs/FQA/FQA_2011_FQA2011_stress_grid_S0007_daily.csv
FQA,FQA,Fengqiu,2011,Leave_One_experiments\wth_generated_qc\FQA\FQA2011.WTH,wet_year;water_stress_year;nitrogen_stress_year,water_stress,FQA2011_stress_grid_S0007,pareto_balanced,2011-07-05,186,30,25,"{""sim_day"": 30.0, ""doy"": 186.0, ""topwt"": 176.11042022705078, ""grnwt"": 0.0, ""xlai"": 0.3637381494045257, ""totir"": 0.0, ""tofer"": NaN, ""swfac"": 0.0, ""nstres"": 0.0}",0.0,0.0,176.11042022705078,0.0,0.3637381494045257,0.0,,0.0,0.0,40.0,0.0,1.5036682128906271,17.503668212890627,Leave_One_experiments/all_year_offline_schedule_search/daily_outputs/FQA/FQA_2011_FQA2011_stress_grid_S0007_daily.csv
FQA,FQA,Fengqiu,2011,Leave_One_experiments\wth_generated_qc\FQA\FQA2011.WTH,wet_year;water_stress_year;nitrogen_stress_year,water_stress,FQA2011_stress_grid_S0007,pareto_balanced,2011-07-06,187,31,26,"{""sim_day"": 31.0, ""doy"": 187.0, ""topwt"": 202.96794891357425, ""grnwt"": 0.0, ""xlai"": 0.4108561873435974, ""totir"": 0.0, ""tofer"": NaN, ""swfac"": 0.0, ""nstres"": 0.0}",0.0,0.0,202.96794891357425,0.0,0.4108561873435974,0.0,,0.0,0.0,40.0,0.0,1.5036682128906271,17.503668212890627,Leave_One_experiments/all_year_offline_schedule_search/daily_outputs/FQA/FQA_2011_FQA2011_stress_grid_S0007_daily.csv
FQA,FQA,Fengqiu,2011,Leave_One_experiments\wth_generated_qc\FQA\FQA2011.WTH,wet_year;water_stress_year;nitrogen_stress_year,water_stress,FQA2011_stress_grid_S0007,pareto_balanced,2011-07-07,188,32,27,"{""sim_day"": 32.0, ""doy"": 188.0, ""topwt"": 233.77740859985352, ""grnwt"": 0.0, ""xlai"": 0.462439090013504, ""totir"": 0.0, ""tofer"": NaN, ""swfac"": 0.0, ""nstres"": 0.0}",0.0,0.0,233.77740859985352,0.0,0.462439090013504,0.0,,0.0,0.0,40.0,0.0,1.5036682128906271,17.503668212890627,Leave_One_experiments/all_year_offline_schedule_search/daily_outputs/FQA/FQA_2011_FQA2011_stress_grid_S0007_daily.csv
FQA,FQA,Fengqiu,2011,Leave_One_experiments\wth_generated_qc\FQA\FQA2011.WTH,wet_year;water_stress_year;nitrogen_stress_year,water_stress,FQA2011_stress_grid_S0007,pareto_balanced,2011-07-08,189,33,28,"{""sim_day"": 33.0, ""doy"": 189.0, ""topwt"": 268.1319236755371, ""grnwt"": 0.0, ""xlai"": 0.5172678828239441, ""totir"": 0.0, ""tofer"": NaN, ""swfac"": 0.0, ""nstres"": 0.0}",0.0,0.0,268.1319236755371,0.0,0.5172678828239441,0.0,,0.0,0.0,40.0,0.0,1.5036682128906271,17.503668212890627,Leave_One_experiments/all_year_offline_schedule_search/daily_outputs/FQA/FQA_2011_FQA2011_stress_grid_S0007_daily.csv
FQA,FQA,Fengqiu,2011,Leave_One_experiments\wth_generated_qc\FQA\FQA2011.WTH,wet_year;water_stress_year;nitrogen_stress_year,water_stress,FQA2011_stress_grid_S0007,pareto_balanced,2011-07-09,190,34,29,"{""sim_day"": 34.0, ""doy"": 190.0, ""topwt"": 310.0921440124512, ""grnwt"": 0.0, ""xlai"": 0.5808543562889099, ""totir"": 0.0, ""tofer"": NaN, ""swfac"": 0.0, ""nstres"": 0.0}",0.0,0.0,310.0921440124512,0.0,0.5808543562889099,0.0,,0.0,0.0,40.0,0.0,1.5036682128906271,17.503668212890627,Leave_One_experiments/all_year_offline_schedule_search/daily_outputs/FQA/FQA_2011_FQA2011_stress_grid_S0007_daily.csv
FQA,FQA,Fengqiu,2011,Leave_One_experiments\wth_generated_qc\FQA\FQA2011.WTH,wet_year;water_stress_year;nitrogen_stress_year,water_stress,FQA2011_stress_grid_S0007,pareto_balanced,2011-07-10,191,35,30,"{""sim_day"": 35.0, ""doy"": 191.0, ""topwt"": 354.91016387939453, ""grnwt"": 0.0, ""xlai"": 0.6453284621238708, ""totir"": 0.0, ""tofer"": NaN, ""swfac"": 0.0, ""nstres"": 0.0}",0.0,0.0,354.91016387939453,0.0,0.6453284621238708,0.0,,0.0,0.0,40.0,0.0,1.5036682128906271,17.503668212890627,Leave_One_experiments/all_year_offline_schedule_search/daily_outputs/FQA/FQA_2011_FQA2011_stress_grid_S0007_daily.csv
FQA,FQA,Fengqiu,2011,Leave_One_experiments\wth_generated_qc\FQA\FQA2011.WTH,wet_year;water_stress_year;nitrogen_stress_year,water_stress,FQA2011_stress_grid_S0007,pareto_balanced,2011-07-11,192,36,31,"{""sim_day"": 36.0, ""doy"": 192.0, ""topwt"": 403.5883331298828, ""grnwt"": 0.0, ""xlai"": 0.7118686437606812, ""totir"": 0.0, ""tofer"": NaN, ""swfac"": 0.0, ""nstres"": 0.0}",0.0,0.0,403.5883331298828,0.0,0.7118686437606812,0.0,,0.0,0.0,40.0,0.0,1.5036682128906271,17.503668212890627,Leave_One_experiments/all_year_offline_schedule_search/daily_outputs/FQA/FQA_2011_FQA2011_stress_grid_S0007_daily.csv
FQA,FQA,Fengqiu,2011,Leave_One_experiments\wth_generated_qc\FQA\FQA2011.WTH,wet_year;water_stress_year;nitrogen_stress_year,water_stress,FQA2011_stress_grid_S0007,pareto_balanced,2011-07-12,193,37,32,"{""sim_day"": 37.0, ""doy"": 193.0, ""topwt"": 458.2660675048828, ""grnwt"": 0.0, ""xlai"": 0.7828423976898193, ""totir"": 0.0, ""tofer"": NaN, ""swfac"": 0.0, ""nstres"": 0.0}",0.0,0.0,458.2660675048828,0.0,0.7828423976898193,0.0,,0.0,0.0,40.0,0.0,1.5036682128906271,17.503668212890627,Leave_One_experiments/all_year_offline_schedule_search/daily_outputs/FQA/FQA_2011_FQA2011_stress_grid_S0007_daily.csv
FQA,FQA,Fengqiu,2011,Leave_One_experiments\wth_generated_qc\FQA\FQA2011.WTH,wet_year;water_stress_year;nitrogen_stress_year,water_stress,FQA2011_stress_grid_S0007,pareto_balanced,2011-07-13,194,38,33,"{""sim_day"": 38.0, ""doy"": 194.0, ""topwt"": 518.0952453613281, ""grnwt"": 0.0, ""xlai"": 0.8565845489501953, ""totir"": 0.0, ""tofer"": NaN, ""swfac"": 0.0, ""nstres"": 0.0}",0.0,0.0,518.0952453613281,0.0,0.8565845489501953,0.0,,0.0,0.0,40.0,0.0,1.5036682128906271,17.503668212890627,Leave_One_experiments/all_year_offline_schedule_search/daily_outputs/FQA/FQA_2011_FQA2011_stress_grid_S0007_daily.csv
FQA,FQA,Fengqiu,2011,Leave_One_experiments\wth_generated_qc\FQA\FQA2011.WTH,wet_year;water_stress_year;nitrogen_stress_year,water_stress,FQA2011_stress_grid_S0007,pareto_balanced,2011-07-14,195,39,34,"{""sim_day"": 39.0, ""doy"": 195.0, ""topwt"": 579.2369842529297, ""grnwt"": 0.0, ""xlai"": 0.9242332577705384, ""totir"": 0.0, ""tofer"": NaN, ""swfac"": 0.0, ""nstres"": 0.033893346786499}",0.0,0.033893346786499,579.2369842529297,0.0,0.9242332577705384,0.0,,0.0,0.0,40.0,0.0,1.5036682128906271,17.503668212890627,Leave_One_experiments/all_year_offline_schedule_search/daily_outputs/FQA/FQA_2011_FQA2011_stress_grid_S0007_daily.csv
FQA,FQA,Fengqiu,2011,Leave_One_experiments\wth_generated_qc\FQA\FQA2011.WTH,wet_year;water_stress_year;nitrogen_stress_year,water_stress,FQA2011_stress_grid_S0007,pareto_balanced,2011-07-15,196,40,35,"{""sim_day"": 40.0, ""doy"": 196.0, ""topwt"": 635.3153228759766, ""grnwt"": 0.0, ""xlai"": 0.9778323769569396, ""totir"": 40.0, ""tofer"": NaN, ""swfac"": 0.0, ""nstres"": 0.0730375051498413}",0.0,0.0730375051498413,635.3153228759766,0.0,0.9778323769569396,40.0,,40.0,0.0,40.0,0.0,1.5036682128906271,17.503668212890627,Leave_One_experiments/all_year_offline_schedule_search/daily_outputs/FQA/FQA_2011_FQA2011_stress_grid_S0007_daily.csv
FQA,FQA,Fengqiu,2011,Leave_One_experiments\wth_generated_qc\FQA\FQA2011.WTH,wet_year;water_stress_year;nitrogen_stress_year,water_stress,FQA2011_stress_grid_S0007,pareto_balanced,2011-07-16,197,41,36,"{""sim_day"": 41.0, ""doy"": 197.0, ""topwt"": 692.2356414794922, ""grnwt"": 0.0, ""xlai"": 1.0253305435180664, ""totir"": 40.0, ""tofer"": NaN, ""swfac"": 0.0, ""nstres"": 0.1015633344650268}",0.0,0.1015633344650268,692.2356414794922,0.0,1.0253305435180664,40.0,,0.0,0.0,40.0,0.0,1.5036682128906271,17.503668212890627,Leave_One_experiments/all_year_offline_schedule_search/daily_outputs/FQA/FQA_2011_FQA2011_stress_grid_S0007_daily.csv
FQA,FQA,Fengqiu,2011,Leave_One_experiments\wth_generated_qc\FQA\FQA2011.WTH,wet_year;water_stress_year;nitrogen_stress_year,water_stress,FQA2011_stress_grid_S0007,pareto_balanced,2011-07-17,198,42,37,"{""sim_day"": 42.0, ""doy"": 198.0, ""topwt"": 745.8834838867188, ""grnwt"": 0.0, ""xlai"": 1.0634526014328003, ""totir"": 40.0, ""tofer"": NaN, ""swfac"": 0.0, ""nstres"": 0.1233799457550048}",0.0,0.1233799457550048,745.8834838867188,0.0,1.0634526014328003,40.0,,0.0,0.0,40.0,0.0,1.5036682128906271,17.503668212890627,Leave_One_experiments/all_year_offline_schedule_search/daily_outputs/FQA/FQA_2011_FQA2011_stress_grid_S0007_daily.csv
FQA,FQA,Fengqiu,2011,Leave_One_experiments\wth_generated_qc\FQA\FQA2011.WTH,wet_year;water_stress_year;nitrogen_stress_year,water_stress,FQA2011_stress_grid_S0007,pareto_balanced,2011-07-18,199,43,38,"{""sim_day"": 43.0, ""doy"": 199.0, ""topwt"": 803.6796569824219, ""grnwt"": 0.0, ""xlai"": 1.099970459938049, ""totir"": 40.0, ""tofer"": NaN, ""swfac"": 0.0, ""nstres"": 0.1424965858459472}",0.0,0.1424965858459472,803.6796569824219,0.0,1.099970459938049,40.0,,0.0,0.0,40.0,0.0,1.5036682128906271,17.503668212890627,Leave_One_experiments/all_year_offline_schedule_search/daily_outputs/FQA/FQA_2011_FQA2011_stress_grid_S0007_daily.csv
FQA,FQA,Fengqiu,2011,Leave_One_experiments\wth_generated_qc\FQA\FQA2011.WTH,wet_year;water_stress_year;nitrogen_stress_year,water_stress,FQA2011_stress_grid_S0007,pareto_balanced,2011-07-19,200,44,39,"{""sim_day"": 44.0, ""doy"": 200.0, ""topwt"": 863.4722137451172, ""grnwt"": 0.0, ""xlai"": 1.133173942565918, ""totir"": 40.0, ""tofer"": NaN, ""swfac"": 0.0, ""nstres"": 0.1569287180900573}",0.0,0.1569287180900573,863.4722137451172,0.0,1.133173942565918,40.0,,0.0,0.0,40.0,0.0,1.5036682128906271,17.503668212890627,Leave_One_experiments/all_year_offline_schedule_search/daily_outputs/FQA/FQA_2011_FQA2011_stress_grid_S0007_daily.csv
FQA,FQA,Fengqiu,2011,Leave_One_experiments\wth_generated_qc\FQA\FQA2011.WTH,wet_year;water_stress_year;nitrogen_stress_year,water_stress,FQA2011_stress_grid_S0007,pareto_balanced,2011-07-20,201,45,40,"{""sim_day"": 45.0, ""doy"": 201.0, ""topwt"": 926.336669921875, ""grnwt"": 0.0, ""xlai"": 1.1640459299087524, ""totir"": 40.0, ""tofer"": NaN, ""swfac"": 0.0, ""nstres"": 0.1701387763023376}",0.0,0.1701387763023376,926.336669921875,0.0,1.1640459299087524,40.0,,0.0,0.0,40.0,0.0,1.5036682128906271,17.503668212890627,Leave_One_experiments/all_year_offline_schedule_search/daily_outputs/FQA/FQA_2011_FQA2011_stress_grid_S0007_daily.csv
FQA,FQA,Fengqiu,2011,Leave_One_experiments\wth_generated_qc\FQA\FQA2011.WTH,wet_year;water_stress_year;nitrogen_stress_year,water_stress,FQA2011_stress_grid_S0007,pareto_balanced,2011-07-21,202,46,41,"{""sim_day"": 46.0, ""doy"": 202.0, ""topwt"": 999.0380859375, ""grnwt"": 0.0, ""xlai"": 1.1982078552246094, ""totir"": 40.0, ""tofer"": NaN, ""swfac"": 0.0, ""nstres"": 0.1807847023010254}",0.0,0.1807847023010254,999.0380859375,0.0,1.1982078552246094,40.0,,0.0,0.0,40.0,0.0,1.5036682128906271,17.503668212890627,Leave_One_experiments/all_year_offline_schedule_search/daily_outputs/FQA/FQA_2011_FQA2011_stress_grid_S0007_daily.csv
FQA,FQA,Fengqiu,2011,Leave_One_experiments\wth_generated_qc\FQA\FQA2011.WTH,wet_year;water_stress_year;nitrogen_stress_year,water_stress,FQA2011_stress_grid_S0007,pareto_balanced,2011-07-22,203,47,42,"{""sim_day"": 47.0, ""doy"": 203.0, ""topwt"": 1155.781707763672, ""grnwt"": 0.0, ""xlai"": 1.2240591049194336, ""totir"": 40.0, ""tofer"": NaN, ""swfac"": 0.0, ""nstres"": 0.1902779936790466}",0.0,0.1902779936790466,1155.781707763672,0.0,1.2240591049194336,40.0,,0.0,0.0,40.0,0.0,1.5036682128906271,17.503668212890627,Leave_One_experiments/all_year_offline_schedule_search/daily_outputs/FQA/FQA_2011_FQA2011_stress_grid_S0007_daily.csv
FQA,FQA,Fengqiu,2011,Leave_One_experiments\wth_generated_qc\FQA\FQA2011.WTH,wet_year;water_stress_year;nitrogen_stress_year,water_stress,FQA2011_stress_grid_S0007,pareto_balanced,2011-07-23,204,48,43,"{""sim_day"": 48.0, ""doy"": 204.0, ""topwt"": 1299.091796875, ""grnwt"": 0.0, ""xlai"": 1.2401297092437744, ""totir"": 40.0, ""tofer"": NaN, ""swfac"": 0.0, ""nstres"": 0.2012580633163452}",0.0,0.2012580633163452,1299.091796875,0.0,1.2401297092437744,40.0,,0.0,0.0,40.0,0.0,1.5036682128906271,17.503668212890627,Leave_One_experiments/all_year_offline_schedule_search/daily_outputs/FQA/FQA_2011_FQA2011_stress_grid_S0007_daily.csv
FQA,FQA,Fengqiu,2011,Leave_One_experiments\wth_generated_qc\FQA\FQA2011.WTH,wet_year;water_stress_year;nitrogen_stress_year,water_stress,FQA2011_stress_grid_S0007,pareto_balanced,2011-07-24,205,49,44,"{""sim_day"": 49.0, ""doy"": 205.0, ""topwt"": 1420.6497192382812, ""grnwt"": 0.0, ""xlai"": 1.2419185638427734, ""totir"": 40.0, ""tofer"": NaN, ""swfac"": 0.0, ""nstres"": 0.2898086309432983}",0.0,0.2898086309432983,1420.6497192382812,0.0,1.2419185638427734,40.0,,0.0,0.0,40.0,0.0,1.5036682128906271,17.503668212890627,Leave_One_experiments/all_year_offline_schedule_search/daily_outputs/FQA/FQA_2011_FQA2011_stress_grid_S0007_daily.csv
FQA,FQA,Fengqiu,2011,Leave_One_experiments\wth_generated_qc\FQA\FQA2011.WTH,wet_year;water_stress_year;nitrogen_stress_year,water_stress,FQA2011_stress_grid_S0007,pareto_balanced,2011-07-25,206,50,45,"{""sim_day"": 50.0, ""doy"": 206.0, ""topwt"": 1528.9559936523438, ""grnwt"": 0.0, ""xlai"": 1.2350432872772217, ""totir"": 40.0, ""tofer"": NaN, ""swfac"": 0.0, ""nstres"": 0.3454514741897583}",0.0,0.3454514741897583,1528.9559936523438,0.0,1.2350432872772217,40.0,,0.0,0.0,40.0,0.0,1.5036682128906271,17.503668212890627,Leave_One_experiments/all_year_offline_schedule_search/daily_outputs/FQA/FQA_2011_FQA2011_stress_grid_S0007_daily.csv
FQA,FQA,Fengqiu,2011,Leave_One_experiments\wth_generated_qc\FQA\FQA2011.WTH,wet_year;water_stress_year;nitrogen_stress_year,water_stress,FQA2011_stress_grid_S0007,pareto_balanced,2011-07-26,207,51,46,"{""sim_day"": 51.0, ""doy"": 207.0, ""topwt"": 1621.6926574707031, ""grnwt"": 0.0, ""xlai"": 1.2211024761199951, ""totir"": 40.0, ""tofer"": NaN, ""swfac"": 0.0, ""nstres"": 0.3763054609298706}",0.0,0.3763054609298706,1621.6926574707031,0.0,1.2211024761199951,40.0,,0.0,0.0,40.0,0.0,1.5036682128906271,17.503668212890627,Leave_One_experiments/all_year_offline_schedule_search/daily_outputs/FQA/FQA_2011_FQA2011_stress_grid_S0007_daily.csv
FQA,FQA,Fengqiu,2011,Leave_One_experiments\wth_generated_qc\FQA\FQA2011.WTH,wet_year;water_stress_year;nitrogen_stress_year,water_stress,FQA2011_stress_grid_S0007,pareto_balanced,2011-07-27,208,52,47,"{""sim_day"": 52.0, ""doy"": 208.0, ""topwt"": 1710.4156494140625, ""grnwt"": 0.0, ""xlai"": 1.2046407461166382, ""totir"": 40.0, ""tofer"": NaN, ""swfac"": 0.0, ""nstres"": 0.3941670060157776}",0.0,0.3941670060157776,1710.4156494140625,0.0,1.2046407461166382,40.0,,0.0,0.0,40.0,0.0,1.5036682128906271,17.503668212890627,Leave_One_experiments/all_year_offline_schedule_search/daily_outputs/FQA/FQA_2011_FQA2011_stress_grid_S0007_daily.csv
FQA,FQA,Fengqiu,2011,Leave_One_experiments\wth_generated_qc\FQA\FQA2011.WTH,wet_year;water_stress_year;nitrogen_stress_year,water_stress,FQA2011_stress_grid_S0007,pareto_balanced,2011-07-28,209,53,48,"{""sim_day"": 53.0, ""doy"": 209.0, ""topwt"": 1758.8780212402344, ""grnwt"": 0.0, ""xlai"": 1.1769157648086548, ""totir"": 40.0, ""tofer"": NaN, ""swfac"": 0.0, ""nstres"": 0.4021124839782715}",0.0,0.4021124839782715,1758.8780212402344,0.0,1.1769157648086548,40.0,,0.0,0.0,40.0,0.0,1.5036682128906271,17.503668212890627,Leave_One_experiments/all_year_offline_schedule_search/daily_outputs/FQA/FQA_2011_FQA2011_stress_grid_S0007_daily.csv
FQA,FQA,Fengqiu,2011,Leave_One_experiments\wth_generated_qc\FQA\FQA2011.WTH,wet_year;water_stress_year;nitrogen_stress_year,water_stress,FQA2011_stress_grid_S0007,pareto_balanced,2011-07-29,210,54,49,"{""sim_day"": 54.0, ""doy"": 210.0, ""topwt"": 1835.9033203125, ""grnwt"": 0.0, ""xlai"": 1.1568365097045898, ""totir"": 40.0, ""tofer"": NaN, ""swfac"": 0.0, ""nstres"": 0.4068197011947632}",0.0,0.4068197011947632,1835.9033203125,0.0,1.1568365097045898,40.0,,0.0,0.0,40.0,0.0,1.5036682128906271,17.503668212890627,Leave_One_experiments/all_year_offline_schedule_search/daily_outputs/FQA/FQA_2011_FQA2011_stress_grid_S0007_daily.csv
FQA,FQA,Fengqiu,2011,Leave_One_experiments\wth_generated_qc\FQA\FQA2011.WTH,wet_year;water_stress_year;nitrogen_stress_year,water_stress,FQA2011_stress_grid_S0007,pareto_balanced,2011-07-30,211,55,50,"{""sim_day"": 55.0, ""doy"": 211.0, ""topwt"": 1886.8240356445312, ""grnwt"": 0.0, ""xlai"": 1.1313191652297974, ""totir"": 40.0, ""tofer"": NaN, ""swfac"": 0.0, ""nstres"": 0.3948571681976318}",0.0,0.3948571681976318,1886.8240356445312,0.0,1.1313191652297974,40.0,,0.0,0.0,40.0,0.0,1.5036682128906271,17.503668212890627,Leave_One_experiments/all_year_offline_schedule_search/daily_outputs/FQA/FQA_2011_FQA2011_stress_grid_S0007_daily.csv
FQA,FQA,Fengqiu,2011,Leave_One_experiments\wth_generated_qc\FQA\FQA2011.WTH,wet_year;water_stress_year;nitrogen_stress_year,water_stress,FQA2011_stress_grid_S0007,pareto_balanced,2011-07-31,212,56,51,"{""sim_day"": 56.0, ""doy"": 212.0, ""topwt"": 1921.894989013672, ""grnwt"": 0.0, ""xlai"": 1.102455496788025, ""totir"": 40.0, ""tofer"": NaN, ""swfac"": 0.0, ""nstres"": 0.397462785243988}",0.0,0.397462785243988,1921.894989013672,0.0,1.102455496788025,40.0,,0.0,0.0,40.0,0.0,1.5036682128906271,17.503668212890627,Leave_One_experiments/all_year_offline_schedule_search/daily_outputs/FQA/FQA_2011_FQA2011_stress_grid_S0007_daily.csv
FQA,FQA,Fengqiu,2011,Leave_One_experiments\wth_generated_qc\FQA\FQA2011.WTH,wet_year;water_stress_year;nitrogen_stress_year,water_stress,FQA2011_stress_grid_S0007,pareto_balanced,2011-08-01,213,57,52,"{""sim_day"": 57.0, ""doy"": 213.0, ""topwt"": 1935.6446838378904, ""grnwt"": 0.0, ""xlai"": 1.0690927505493164, ""totir"": 40.0, ""tofer"": NaN, ""swfac"": 0.0, ""nstres"": 0.3972485661506653}",0.0,0.3972485661506653,1935.6446838378904,0.0,1.0690927505493164,40.0,,0.0,0.0,40.0,0.0,1.5036682128906271,17.503668212890627,Leave_One_experiments/all_year_offline_schedule_search/daily_outputs/FQA/FQA_2011_FQA2011_stress_grid_S0007_daily.csv
FQA,FQA,Fengqiu,2011,Leave_One_experiments\wth_generated_qc\FQA\FQA2011.WTH,wet_year;water_stress_year;nitrogen_stress_year,water_stress,FQA2011_stress_grid_S0007,pareto_balanced,2011-08-02,214,58,53,"{""sim_day"": 58.0, ""doy"": 214.0, ""topwt"": 2003.7081909179688, ""grnwt"": 0.0, ""xlai"": 1.0509614944458008, ""totir"": 40.0, ""tofer"": NaN, ""swfac"": 0.0, ""nstres"": 0.3925111889839172}",0.0,0.3925111889839172,2003.7081909179688,0.0,1.0509614944458008,40.0,,0.0,0.0,40.0,0.0,1.5036682128906271,17.503668212890627,Leave_One_experiments/all_year_offline_schedule_search/daily_outputs/FQA/FQA_2011_FQA2011_stress_grid_S0007_daily.csv
FQA,FQA,Fengqiu,2011,Leave_One_experiments\wth_generated_qc\FQA\FQA2011.WTH,wet_year;water_stress_year;nitrogen_stress_year,water_stress,FQA2011_stress_grid_S0007,pareto_balanced,2011-08-03,215,59,54,"{""sim_day"": 59.0, ""doy"": 215.0, ""topwt"": 2072.329864501953, ""grnwt"": 0.0, ""xlai"": 1.0338711738586426, ""totir"": 40.0, ""tofer"": NaN, ""swfac"": 0.0, ""nstres"": 0.385534405708313}",0.0,0.385534405708313,2072.329864501953,0.0,1.0338711738586426,40.0,,0.0,0.0,40.0,0.0,1.5036682128906271,17.503668212890627,Leave_One_experiments/all_year_offline_schedule_search/daily_outputs/FQA/FQA_2011_FQA2011_stress_grid_S0007_daily.csv
FQA,FQA,Fengqiu,2011,Leave_One_experiments\wth_generated_qc\FQA\FQA2011.WTH,wet_year;water_stress_year;nitrogen_stress_year,water_stress,FQA2011_stress_grid_S0007,pareto_balanced,2011-08-04,216,60,55,"{""sim_day"": 60.0, ""doy"": 216.0, ""topwt"": 2112.709197998047, ""grnwt"": 0.0, ""xlai"": 1.0098527669906616, ""totir"": 40.0, ""tofer"": NaN, ""swfac"": 0.0, ""nstres"": 0.3913016319274902}",0.0,0.3913016319274902,2112.709197998047,0.0,1.0098527669906616,40.0,,0.0,0.0,40.0,0.0,1.5036682128906271,17.503668212890627,Leave_One_experiments/all_year_offline_schedule_search/daily_outputs/FQA/FQA_2011_FQA2011_stress_grid_S0007_daily.csv
FQA,FQA,Fengqiu,2011,Leave_One_experiments\wth_generated_qc\FQA\FQA2011.WTH,wet_year;water_stress_year;nitrogen_stress_year,water_stress,FQA2011_stress_grid_S0007,pareto_balanced,2011-08-05,217,61,56,"{""sim_day"": 61.0, ""doy"": 217.0, ""topwt"": 2187.3159790039062, ""grnwt"": 0.0, ""xlai"": 0.995207130908966, ""totir"": 40.0, ""tofer"": NaN, ""swfac"": 0.0, ""nstres"": 0.3951355218887329}",0.0,0.3951355218887329,2187.3159790039062,0.0,0.995207130908966,40.0,,0.0,0.0,40.0,0.0,1.5036682128906271,17.503668212890627,Leave_One_experiments/all_year_offline_schedule_search/daily_outputs/FQA/FQA_2011_FQA2011_stress_grid_S0007_daily.csv
FQA,FQA,Fengqiu,2011,Leave_One_experiments\wth_generated_qc\FQA\FQA2011.WTH,wet_year;water_stress_year;nitrogen_stress_year,water_stress,FQA2011_stress_grid_S0007,pareto_balanced,2011-08-06,218,62,57,"{""sim_day"": 62.0, ""doy"": 218.0, ""topwt"": 2257.958526611328, ""grnwt"": 0.0, ""xlai"": 0.9801013469696044, ""totir"": 40.0, ""tofer"": NaN, ""swfac"": 0.0, ""nstres"": 0.3932451009750366}",0.0,0.3932451009750366,2257.958526611328,0.0,0.9801013469696044,40.0,,0.0,0.0,40.0,0.0,1.5036682128906271,17.503668212890627,Leave_One_experiments/all_year_offline_schedule_search/daily_outputs/FQA/FQA_2011_FQA2011_stress_grid_S0007_daily.csv
FQA,FQA,Fengqiu,2011,Leave_One_experiments\wth_generated_qc\FQA\FQA2011.WTH,wet_year;water_stress_year;nitrogen_stress_year,water_stress,FQA2011_stress_grid_S0007,pareto_balanced,2011-08-07,219,63,58,"{""sim_day"": 63.0, ""doy"": 219.0, ""topwt"": 2338.1002807617188, ""grnwt"": 0.0, ""xlai"": 0.9677590727806092, ""totir"": 40.0, ""tofer"": NaN, ""swfac"": 0.0, ""nstres"": 0.3967846632003784}",0.0,0.3967846632003784,2338.1002807617188,0.0,0.9677590727806092,40.0,,0.0,0.0,40.0,0.0,1.5036682128906271,17.503668212890627,Leave_One_experiments/all_year_offline_schedule_search/daily_outputs/FQA/FQA_2011_FQA2011_stress_grid_S0007_daily.csv
FQA,FQA,Fengqiu,2011,Leave_One_experiments\wth_generated_qc\FQA\FQA2011.WTH,wet_year;water_stress_year;nitrogen_stress_year,water_stress,FQA2011_stress_grid_S0007,pareto_balanced,2011-08-08,220,64,59,"{""sim_day"": 64.0, ""doy"": 220.0, ""topwt"": 2436.539459228516, ""grnwt"": 0.0, ""xlai"": 0.935591995716095, ""totir"": 40.0, ""tofer"": NaN, ""swfac"": 0.0, ""nstres"": 0.3977281451225281}",0.0,0.3977281451225281,2436.539459228516,0.0,0.935591995716095,40.0,,0.0,0.0,40.0,0.0,1.5036682128906271,17.503668212890627,Leave_One_experiments/all_year_offline_schedule_search/daily_outputs/FQA/FQA_2011_FQA2011_stress_grid_S0007_daily.csv
FQA,FQA,Fengqiu,2011,Leave_One_experiments\wth_generated_qc\FQA\FQA2011.WTH,wet_year;water_stress_year;nitrogen_stress_year,water_stress,FQA2011_stress_grid_S0007,pareto_balanced,2011-08-09,221,65,60,"{""sim_day"": 65.0, ""doy"": 221.0, ""topwt"": 2538.285369873047, ""grnwt"": 0.0, ""xlai"": 0.9053316116333008, ""totir"": 40.0, ""tofer"": NaN, ""swfac"": 0.0, ""nstres"": 0.3762462735176086}",0.0,0.3762462735176086,2538.285369873047,0.0,0.9053316116333008,40.0,,0.0,0.0,40.0,0.0,1.5036682128906271,17.503668212890627,Leave_One_experiments/all_year_offline_schedule_search/daily_outputs/FQA/FQA_2011_FQA2011_stress_grid_S0007_daily.csv
FQA,FQA,Fengqiu,2011,Leave_One_experiments\wth_generated_qc\FQA\FQA2011.WTH,wet_year;water_stress_year;nitrogen_stress_year,water_stress,FQA2011_stress_grid_S0007,pareto_balanced,2011-08-10,222,66,61,"{""sim_day"": 66.0, ""doy"": 222.0, ""topwt"": 2623.291931152344, ""grnwt"": 0.0, ""xlai"": 0.8761520385742188, ""totir"": 40.0, ""tofer"": NaN, ""swfac"": 0.0, ""nstres"": 0.3735394477844238}",0.0,0.3735394477844238,2623.291931152344,0.0,0.8761520385742188,40.0,,0.0,0.0,40.0,0.0,1.5036682128906271,17.503668212890627,Leave_One_experiments/all_year_offline_schedule_search/daily_outputs/FQA/FQA_2011_FQA2011_stress_grid_S0007_daily.csv
FQA,FQA,Fengqiu,2011,Leave_One_experiments\wth_generated_qc\FQA\FQA2011.WTH,wet_year;water_stress_year;nitrogen_stress_year,water_stress,FQA2011_stress_grid_S0007,pareto_balanced,2011-08-11,223,67,62,"{""sim_day"": 67.0, ""doy"": 223.0, ""topwt"": 2703.245849609375, ""grnwt"": 0.0, ""xlai"": 0.8481613993644714, ""totir"": 40.0, ""tofer"": NaN, ""swfac"": 0.0, ""nstres"": 0.3667328953742981}",0.0,0.3667328953742981,2703.245849609375,0.0,0.8481613993644714,40.0,,0.0,0.0,40.0,0.0,1.5036682128906271,17.503668212890627,Leave_One_experiments/all_year_offline_schedule_search/daily_outputs/FQA/FQA_2011_FQA2011_stress_grid_S0007_daily.csv
FQA,FQA,Fengqiu,2011,Leave_One_experiments\wth_generated_qc\FQA\FQA2011.WTH,wet_year;water_stress_year;nitrogen_stress_year,water_stress,FQA2011_stress_grid_S0007,pareto_balanced,2011-08-12,224,68,63,"{""sim_day"": 68.0, ""doy"": 224.0, ""topwt"": 2785.8953857421875, ""grnwt"": 0.0, ""xlai"": 0.8215540051460266, ""totir"": 40.0, ""tofer"": NaN, ""swfac"": 0.0, ""nstres"": 0.3528974056243896}",0.0,0.3528974056243896,2785.8953857421875,0.0,0.8215540051460266,40.0,,0.0,0.0,40.0,0.0,1.5036682128906271,17.503668212890627,Leave_One_experiments/all_year_offline_schedule_search/daily_outputs/FQA/FQA_2011_FQA2011_stress_grid_S0007_daily.csv
FQA,FQA,Fengqiu,2011,Leave_One_experiments\wth_generated_qc\FQA\FQA2011.WTH,wet_year;water_stress_year;nitrogen_stress_year,water_stress,FQA2011_stress_grid_S0007,pareto_balanced,2011-08-13,225,69,64,"{""sim_day"": 69.0, ""doy"": 225.0, ""topwt"": 2852.8451538085938, ""grnwt"": 0.0, ""xlai"": 0.7963969707489014, ""totir"": 40.0, ""tofer"": NaN, ""swfac"": 0.0, ""nstres"": 0.3349112868309021}",0.0,0.3349112868309021,2852.8451538085938,0.0,0.7963969707489014,40.0,,0.0,0.0,40.0,0.0,1.5036682128906271,17.503668212890627,Leave_One_experiments/all_year_offline_schedule_search/daily_outputs/FQA/FQA_2011_FQA2011_stress_grid_S0007_daily.csv
FQA,FQA,Fengqiu,2011,Leave_One_experiments\wth_generated_qc\FQA\FQA2011.WTH,wet_year;water_stress_year;nitrogen_stress_year,water_stress,FQA2011_stress_grid_S0007,pareto_balanced,2011-08-14,226,70,65,"{""sim_day"": 70.0, ""doy"": 226.0, ""topwt"": 2926.5792846679688, ""grnwt"": 0.0, ""xlai"": 0.772671639919281, ""totir"": 40.0, ""tofer"": NaN, ""swfac"": 0.0, ""nstres"": 0.3149780035018921}",0.0,0.3149780035018921,2926.5792846679688,0.0,0.772671639919281,40.0,,0.0,0.0,40.0,0.0,1.5036682128906271,17.503668212890627,Leave_One_experiments/all_year_offline_schedule_search/daily_outputs/FQA/FQA_2011_FQA2011_stress_grid_S0007_daily.csv
FQA,FQA,Fengqiu,2011,Leave_One_experiments\wth_generated_qc\FQA\FQA2011.WTH,wet_year;water_stress_year;nitrogen_stress_year,water_stress,FQA2011_stress_grid_S0007,pareto_balanced,2011-08-15,227,71,66,"{""sim_day"": 71.0, ""doy"": 227.0, ""topwt"": 2940.3414916992188, ""grnwt"": 0.0, ""xlai"": 0.7503877878189087, ""totir"": 40.0, ""tofer"": NaN, ""swfac"": 0.0, ""nstres"": 0.2921603322029114}",0.0,0.2921603322029114,2940.3414916992188,0.0,0.7503877878189087,40.0,,0.0,0.0,40.0,0.0,1.5036682128906271,17.503668212890627,Leave_One_experiments/all_year_offline_schedule_search/daily_outputs/FQA/FQA_2011_FQA2011_stress_grid_S0007_daily.csv
FQA,FQA,Fengqiu,2011,Leave_One_experiments\wth_generated_qc\FQA\FQA2011.WTH,wet_year;water_stress_year;nitrogen_stress_year,water_stress,FQA2011_stress_grid_S0007,pareto_balanced,2011-08-16,228,72,67,"{""sim_day"": 72.0, ""doy"": 228.0, ""topwt"": 3007.401428222656, ""grnwt"": 203.35430145263672, ""xlai"": 0.729424774646759, ""totir"": 40.0, ""tofer"": NaN, ""swfac"": 0.0, ""nstres"": 0.2704676985740661}",0.0,0.2704676985740661,3007.401428222656,203.35430145263672,0.729424774646759,40.0,,0.0,0.0,40.0,0.0,1.5036682128906271,17.503668212890627,Leave_One_experiments/all_year_offline_schedule_search/daily_outputs/FQA/FQA_2011_FQA2011_stress_grid_S0007_daily.csv
FQA,FQA,Fengqiu,2011,Leave_One_experiments\wth_generated_qc\FQA\FQA2011.WTH,wet_year;water_stress_year;nitrogen_stress_year,water_stress,FQA2011_stress_grid_S0007,pareto_balanced,2011-08-17,229,73,68,"{""sim_day"": 73.0, ""doy"": 229.0, ""topwt"": 3023.724365234375, ""grnwt"": 305.57626724243164, ""xlai"": 0.7074174880981445, ""totir"": 40.0, ""tofer"": NaN, ""swfac"": 0.0, ""nstres"": 0.3240979313850403}",0.0,0.3240979313850403,3023.724365234375,305.57626724243164,0.7074174880981445,40.0,,0.0,0.0,40.0,0.0,1.5036682128906271,17.503668212890627,Leave_One_experiments/all_year_offline_schedule_search/daily_outputs/FQA/FQA_2011_FQA2011_stress_grid_S0007_daily.csv
FQA,FQA,Fengqiu,2011,Leave_One_experiments\wth_generated_qc\FQA\FQA2011.WTH,wet_year;water_stress_year;nitrogen_stress_year,water_stress,FQA2011_stress_grid_S0007,pareto_balanced,2011-08-18,230,74,69,"{""sim_day"": 74.0, ""doy"": 230.0, ""topwt"": 3045.49560546875, ""grnwt"": 407.79823303222656, ""xlai"": 0.6874798536300659, ""totir"": 40.0, ""tofer"": NaN, ""swfac"": 0.0, ""nstres"": 0.2764054536819458}",0.0,0.2764054536819458,3045.49560546875,407.79823303222656,0.6874798536300659,40.0,,0.0,0.0,40.0,0.0,1.5036682128906271,17.503668212890627,Leave_One_experiments/all_year_offline_schedule_search/daily_outputs/FQA/FQA_2011_FQA2011_stress_grid_S0007_daily.csv
FQA,FQA,Fengqiu,2011,Leave_One_experiments\wth_generated_qc\FQA\FQA2011.WTH,wet_year;water_stress_year;nitrogen_stress_year,water_stress,FQA2011_stress_grid_S0007,pareto_balanced,2011-08-19,231,75,70,"{""sim_day"": 75.0, ""doy"": 231.0, ""topwt"": 3062.7023315429688, ""grnwt"": 510.0202178955078, ""xlai"": 0.6687504649162292, ""totir"": 40.0, ""tofer"": NaN, ""swfac"": 0.0, ""nstres"": 0.2538447380065918}",0.0,0.2538447380065918,3062.7023315429688,510.0202178955078,0.6687504649162292,40.0,,0.0,0.0,40.0,0.0,1.5036682128906271,17.503668212890627,Leave_One_experiments/all_year_offline_schedule_search/daily_outputs/FQA/FQA_2011_FQA2011_stress_grid_S0007_daily.csv
FQA,FQA,Fengqiu,2011,Leave_One_experiments\wth_generated_qc\FQA\FQA2011.WTH,wet_year;water_stress_year;nitrogen_stress_year,water_stress,FQA2011_stress_grid_S0007,pareto_balanced,2011-08-20,232,76,71,"{""sim_day"": 76.0, ""doy"": 232.0, ""topwt"": 3079.3328857421875, ""grnwt"": 612.2422027587891, ""xlai"": 0.6510111093521118, ""totir"": 40.0, ""tofer"": NaN, ""swfac"": 0.0, ""nstres"": 0.2366256713867187}",0.0,0.2366256713867187,3079.3328857421875,612.2422027587891,0.6510111093521118,40.0,,0.0,0.0,40.0,0.0,1.5036682128906271,17.503668212890627,Leave_One_experiments/all_year_offline_schedule_search/daily_outputs/FQA/FQA_2011_FQA2011_stress_grid_S0007_daily.csv
FQA,FQA,Fengqiu,2011,Leave_One_experiments\wth_generated_qc\FQA\FQA2011.WTH,wet_year;water_stress_year;nitrogen_stress_year,water_stress,FQA2011_stress_grid_S0007,pareto_balanced,2011-08-21,233,77,72,"{""sim_day"": 77.0, ""doy"": 233.0, ""topwt"": 3155.919189453125, ""grnwt"": 714.4641876220703, ""xlai"": 0.6343443393707275, ""totir"": 40.0, ""tofer"": NaN, ""swfac"": 0.0, ""nstres"": 0.2144309878349304}",0.0,0.2144309878349304,3155.919189453125,714.4641876220703,0.6343443393707275,40.0,,0.0,0.0,40.0,0.0,1.5036682128906271,17.503668212890627,Leave_One_experiments/all_year_offline_schedule_search/daily_outputs/FQA/FQA_2011_FQA2011_stress_grid_S0007_daily.csv
FQA,FQA,Fengqiu,2011,Leave_One_experiments\wth_generated_qc\FQA\FQA2011.WTH,wet_year;water_stress_year;nitrogen_stress_year,water_stress,FQA2011_stress_grid_S0007,pareto_balanced,2011-08-22,234,78,73,"{""sim_day"": 78.0, ""doy"": 234.0, ""topwt"": 3230.1104736328125, ""grnwt"": 816.6861724853516, ""xlai"": 0.6183686256408691, ""totir"": 40.0, ""tofer"": NaN, ""swfac"": 0.0, ""nstres"": 0.2044280767440796}",0.0,0.2044280767440796,3230.1104736328125,816.6861724853516,0.6183686256408691,40.0,,0.0,0.0,40.0,0.0,1.5036682128906271,17.503668212890627,Leave_One_experiments/all_year_offline_schedule_search/daily_outputs/FQA/FQA_2011_FQA2011_stress_grid_S0007_daily.csv
FQA,FQA,Fengqiu,2011,Leave_One_experiments\wth_generated_qc\FQA\FQA2011.WTH,wet_year;water_stress_year;nitrogen_stress_year,water_stress,FQA2011_stress_grid_S0007,pareto_balanced,2011-08-23,235,79,74,"{""sim_day"": 79.0, ""doy"": 235.0, ""topwt"": 3344.9240112304688, ""grnwt"": 918.9081573486328, ""xlai"": 0.6021692156791687, ""totir"": 40.0, ""tofer"": NaN, ""swfac"": 0.0, ""nstres"": 0.228727102279663}",0.0,0.228727102279663,3344.9240112304688,918.9081573486328,0.6021692156791687,40.0,,0.0,0.0,40.0,0.0,1.5036682128906271,17.503668212890627,Leave_One_experiments/all_year_offline_schedule_search/daily_outputs/FQA/FQA_2011_FQA2011_stress_grid_S0007_daily.csv
FQA,FQA,Fengqiu,2011,Leave_One_experiments\wth_generated_qc\FQA\FQA2011.WTH,wet_year;water_stress_year;nitrogen_stress_year,water_stress,FQA2011_stress_grid_S0007,pareto_balanced,2011-08-24,236,80,75,"{""sim_day"": 80.0, ""doy"": 236.0, ""topwt"": 3431.8911743164062, ""grnwt"": 1021.130142211914, ""xlai"": 0.5857544541358948, ""totir"": 40.0, ""tofer"": NaN, ""swfac"": 0.0, ""nstres"": 0.2542223930358886}",0.0,0.2542223930358886,3431.8911743164062,1021.130142211914,0.5857544541358948,40.0,,0.0,0.0,40.0,0.0,1.5036682128906271,17.503668212890627,Leave_One_experiments/all_year_offline_schedule_search/daily_outputs/FQA/FQA_2011_FQA2011_stress_grid_S0007_daily.csv
FQA,FQA,Fengqiu,2011,Leave_One_experiments\wth_generated_qc\FQA\FQA2011.WTH,wet_year;water_stress_year;nitrogen_stress_year,water_stress,FQA2011_stress_grid_S0007,pareto_balanced,2011-08-25,237,81,76,"{""sim_day"": 81.0, ""doy"": 237.0, ""topwt"": 3518.541259765625, ""grnwt"": 1123.3521270751953, ""xlai"": 0.5685697197914124, ""totir"": 40.0, ""tofer"": NaN, ""swfac"": 0.0, ""nstres"": 0.3041065335273742}",0.0,0.3041065335273742,3518.541259765625,1123.3521270751953,0.5685697197914124,40.0,,0.0,0.0,40.0,0.0,1.5036682128906271,17.503668212890627,Leave_One_experiments/all_year_offline_schedule_search/daily_outputs/FQA/FQA_2011_FQA2011_stress_grid_S0007_daily.csv
FQA,FQA,Fengqiu,2011,Leave_One_experiments\wth_generated_qc\FQA\FQA2011.WTH,wet_year;water_stress_year;nitrogen_stress_year,water_stress,FQA2011_stress_grid_S0007,pareto_balanced,2011-08-26,238,82,77,"{""sim_day"": 82.0, ""doy"": 238.0, ""topwt"": 3570.047607421875, ""grnwt"": 1225.5741119384766, ""xlai"": 0.5510812401771545, ""totir"": 40.0, ""tofer"": NaN, ""swfac"": 0.0, ""nstres"": 0.3382108211517334}",0.0,0.3382108211517334,3570.047607421875,1225.5741119384766,0.5510812401771545,40.0,,0.0,0.0,40.0,0.0,1.5036682128906271,17.503668212890627,Leave_One_experiments/all_year_offline_schedule_search/daily_outputs/FQA/FQA_2011_FQA2011_stress_grid_S0007_daily.csv
FQA,FQA,Fengqiu,2011,Leave_One_experiments\wth_generated_qc\FQA\FQA2011.WTH,wet_year;water_stress_year;nitrogen_stress_year,water_stress,FQA2011_stress_grid_S0007,pareto_balanced,2011-08-27,239,83,78,"{""sim_day"": 83.0, ""doy"": 239.0, ""topwt"": 3633.073120117188, ""grnwt"": 1327.7960205078125, ""xlai"": 0.5335315465927124, ""totir"": 40.0, ""tofer"": NaN, ""swfac"": 0.0, ""nstres"": 0.3643012046813965}",0.0,0.3643012046813965,3633.073120117188,1327.7960205078125,0.5335315465927124,40.0,,0.0,0.0,40.0,0.0,1.5036682128906271,17.503668212890627,Leave_One_experiments/all_year_offline_schedule_search/daily_outputs/FQA/FQA_2011_FQA2011_stress_grid_S0007_daily.csv
FQA,FQA,Fengqiu,2011,Leave_One_experiments\wth_generated_qc\FQA\FQA2011.WTH,wet_year;water_stress_year;nitrogen_stress_year,water_stress,FQA2011_stress_grid_S0007,pareto_balanced,2011-08-28,240,84,79,"{""sim_day"": 84.0, ""doy"": 240.0, ""topwt"": 3714.82177734375, ""grnwt"": 1430.0180053710938, ""xlai"": 0.5164818167686462, ""totir"": 40.0, ""tofer"": NaN, ""swfac"": 0.0, ""nstres"": 0.3669496178627014}",0.0,0.3669496178627014,3714.82177734375,1430.0180053710938,0.5164818167686462,40.0,,0.0,0.0,40.0,0.0,1.5036682128906271,17.503668212890627,Leave_One_experiments/all_year_offline_schedule_search/daily_outputs/FQA/FQA_2011_FQA2011_stress_grid_S0007_daily.csv
FQA,FQA,Fengqiu,2011,Leave_One_experiments\wth_generated_qc\FQA\FQA2011.WTH,wet_year;water_stress_year;nitrogen_stress_year,water_stress,FQA2011_stress_grid_S0007,pareto_balanced,2011-08-29,241,85,80,"{""sim_day"": 85.0, ""doy"": 241.0, ""topwt"": 3793.79150390625, ""grnwt"": 1532.239990234375, ""xlai"": 0.4999181628227234, ""totir"": 40.0, ""tofer"": NaN, ""swfac"": 0.0, ""nstres"": 0.3696862459182739}",0.0,0.3696862459182739,3793.79150390625,1532.239990234375,0.4999181628227234,40.0,,0.0,0.0,40.0,0.0,1.5036682128906271,17.503668212890627,Leave_One_experiments/all_year_offline_schedule_search/daily_outputs/FQA/FQA_2011_FQA2011_stress_grid_S0007_daily.csv
FQA,FQA,Fengqiu,2011,Leave_One_experiments\wth_generated_qc\FQA\FQA2011.WTH,wet_year;water_stress_year;nitrogen_stress_year,water_stress,FQA2011_stress_grid_S0007,pareto_balanced,2011-08-30,242,86,81,"{""sim_day"": 86.0, ""doy"": 242.0, ""topwt"": 3874.541931152344, ""grnwt"": 1634.4619750976562, ""xlai"": 0.4836101531982422, ""totir"": 40.0, ""tofer"": NaN, ""swfac"": 0.0, ""nstres"": 0.3829137086868286}",0.0,0.3829137086868286,3874.541931152344,1634.4619750976562,0.4836101531982422,40.0,,0.0,0.0,40.0,0.0,1.5036682128906271,17.503668212890627,Leave_One_experiments/all_year_offline_schedule_search/daily_outputs/FQA/FQA_2011_FQA2011_stress_grid_S0007_daily.csv
FQA,FQA,Fengqiu,2011,Leave_One_experiments\wth_generated_qc\FQA\FQA2011.WTH,wet_year;water_stress_year;nitrogen_stress_year,water_stress,FQA2011_stress_grid_S0007,pareto_balanced,2011-08-31,243,87,82,"{""sim_day"": 87.0, ""doy"": 243.0, ""topwt"": 3946.97509765625, ""grnwt"": 1706.976318359375, ""xlai"": 0.4676451981067657, ""totir"": 40.0, ""tofer"": NaN, ""swfac"": 0.0, ""nstres"": 0.3922886848449707}",0.0,0.3922886848449707,3946.97509765625,1706.976318359375,0.4676451981067657,40.0,,0.0,0.0,40.0,0.0,1.5036682128906271,17.503668212890627,Leave_One_experiments/all_year_offline_schedule_search/daily_outputs/FQA/FQA_2011_FQA2011_stress_grid_S0007_daily.csv
FQA,FQA,Fengqiu,2011,Leave_One_experiments\wth_generated_qc\FQA\FQA2011.WTH,wet_year;water_stress_year;nitrogen_stress_year,water_stress,FQA2011_stress_grid_S0007,pareto_balanced,2011-09-01,244,88,83,"{""sim_day"": 88.0, ""doy"": 244.0, ""topwt"": 3999.72900390625, ""grnwt"": 1759.7299194335938, ""xlai"": 0.4524245858192444, ""totir"": 40.0, ""tofer"": NaN, ""swfac"": 0.0, ""nstres"": 0.3811346292495727}",0.0,0.3811346292495727,3999.72900390625,1759.7299194335938,0.4524245858192444,40.0,,0.0,0.0,40.0,0.0,1.5036682128906271,17.503668212890627,Leave_One_experiments/all_year_offline_schedule_search/daily_outputs/FQA/FQA_2011_FQA2011_stress_grid_S0007_daily.csv
FQA,FQA,Fengqiu,2011,Leave_One_experiments\wth_generated_qc\FQA\FQA2011.WTH,wet_year;water_stress_year;nitrogen_stress_year,water_stress,FQA2011_stress_grid_S0007,pareto_balanced,2011-09-02,245,89,84,"{""sim_day"": 89.0, ""doy"": 245.0, ""topwt"": 4020.745239257813, ""grnwt"": 1780.7464599609375, ""xlai"": 0.4379443228244781, ""totir"": 40.0, ""tofer"": NaN, ""swfac"": 0.0, ""nstres"": 0.3681423664093017}",0.0,0.3681423664093017,4020.745239257813,1780.7464599609375,0.4379443228244781,40.0,,0.0,0.0,40.0,0.0,1.5036682128906271,17.503668212890627,Leave_One_experiments/all_year_offline_schedule_search/daily_outputs/FQA/FQA_2011_FQA2011_stress_grid_S0007_daily.csv
FQA,FQA,Fengqiu,2011,Leave_One_experiments\wth_generated_qc\FQA\FQA2011.WTH,wet_year;water_stress_year;nitrogen_stress_year,water_stress,FQA2011_stress_grid_S0007,pareto_balanced,2011-09-03,246,90,85,"{""sim_day"": 90.0, ""doy"": 246.0, ""topwt"": 4026.943359375, ""grnwt"": 1786.944580078125, ""xlai"": 0.424532413482666, ""totir"": 40.0, ""tofer"": NaN, ""swfac"": 0.0, ""nstres"": 0.3349941968917846}",0.0,0.3349941968917846,4026.943359375,1786.944580078125,0.424532413482666,40.0,,0.0,0.0,40.0,0.0,1.5036682128906271,17.503668212890627,Leave_One_experiments/all_year_offline_schedule_search/daily_outputs/FQA/FQA_2011_FQA2011_stress_grid_S0007_daily.csv
FQA,FQA,Fengqiu,2011,Leave_One_experiments\wth_generated_qc\FQA\FQA2011.WTH,wet_year;water_stress_year;nitrogen_stress_year,water_stress,FQA2011_stress_grid_S0007,pareto_balanced,2011-09-04,247,91,86,"{""sim_day"": 91.0, ""doy"": 247.0, ""topwt"": 4051.166076660156, ""grnwt"": 1811.1671447753904, ""xlai"": 0.4125097692012787, ""totir"": 40.0, ""tofer"": NaN, ""swfac"": 0.0, ""nstres"": 0.2796759009361267}",0.0,0.2796759009361267,4051.166076660156,1811.1671447753904,0.4125097692012787,40.0,,0.0,0.0,40.0,0.0,1.5036682128906271,17.503668212890627,Leave_One_experiments/all_year_offline_schedule_search/daily_outputs/FQA/FQA_2011_FQA2011_stress_grid_S0007_daily.csv
FQA,FQA,Fengqiu,2011,Leave_One_experiments\wth_generated_qc\FQA\FQA2011.WTH,wet_year;water_stress_year;nitrogen_stress_year,water_stress,FQA2011_stress_grid_S0007,pareto_balanced,2011-09-05,248,92,87,"{""sim_day"": 92.0, ""doy"": 248.0, ""topwt"": 4072.503662109375, ""grnwt"": 1832.5047302246091, ""xlai"": 0.4012537002563476, ""totir"": 40.0, ""tofer"": NaN, ""swfac"": 0.0, ""nstres"": 0.2548827528953552}",0.0,0.2548827528953552,4072.503662109375,1832.5047302246091,0.4012537002563476,40.0,,0.0,0.0,40.0,0.0,1.5036682128906271,17.503668212890627,Leave_One_experiments/all_year_offline_schedule_search/daily_outputs/FQA/FQA_2011_FQA2011_stress_grid_S0007_daily.csv
FQA,FQA,Fengqiu,2011,Leave_One_experiments\wth_generated_qc\FQA\FQA2011.WTH,wet_year;water_stress_year;nitrogen_stress_year,water_stress,FQA2011_stress_grid_S0007,pareto_balanced,2011-09-06,249,93,88,"{""sim_day"": 93.0, ""doy"": 249.0, ""topwt"": 4085.3070068359375, ""grnwt"": 1845.308074951172, ""xlai"": 0.3906085789203644, ""totir"": 40.0, ""tofer"": NaN, ""swfac"": 0.0, ""nstres"": 0.2367125749588012}",0.0,0.2367125749588012,4085.3070068359375,1845.308074951172,0.3906085789203644,40.0,,0.0,0.0,40.0,0.0,1.5036682128906271,17.503668212890627,Leave_One_experiments/all_year_offline_schedule_search/daily_outputs/FQA/FQA_2011_FQA2011_stress_grid_S0007_daily.csv
FQA,FQA,Fengqiu,2011,Leave_One_experiments\wth_generated_qc\FQA\FQA2011.WTH,wet_year;water_stress_year;nitrogen_stress_year,water_stress,FQA2011_stress_grid_S0007,pareto_balanced,2011-09-07,250,94,89,"{""sim_day"": 94.0, ""doy"": 250.0, ""topwt"": 4099.088134765625, ""grnwt"": 1859.0890502929688, ""xlai"": 0.3807294964790344, ""totir"": 40.0, ""tofer"": NaN, ""swfac"": 0.0, ""nstres"": 0.206999123096466}",0.0,0.206999123096466,4099.088134765625,1859.0890502929688,0.3807294964790344,40.0,,0.0,0.0,40.0,0.0,1.5036682128906271,17.503668212890627,Leave_One_experiments/all_year_offline_schedule_search/daily_outputs/FQA/FQA_2011_FQA2011_stress_grid_S0007_daily.csv
FQA,FQA,Fengqiu,2011,Leave_One_experiments\wth_generated_qc\FQA\FQA2011.WTH,wet_year;water_stress_year;nitrogen_stress_year,water_stress,FQA2011_stress_grid_S0007,pareto_balanced,2011-09-08,251,95,90,"{""sim_day"": 95.0, ""doy"": 251.0, ""topwt"": 4131.512756347656, ""grnwt"": 1891.5138244628904, ""xlai"": 0.3714316189289093, ""totir"": 40.0, ""tofer"": NaN, ""swfac"": 0.0, ""nstres"": 0.1953701376914978}",0.0,0.1953701376914978,4131.512756347656,1891.5138244628904,0.3714316189289093,40.0,,0.0,0.0,40.0,0.0,1.5036682128906271,17.503668212890627,Leave_One_experiments/all_year_offline_schedule_search/daily_outputs/FQA/FQA_2011_FQA2011_stress_grid_S0007_daily.csv
FQA,FQA,Fengqiu,2011,Leave_One_experiments\wth_generated_qc\FQA\FQA2011.WTH,wet_year;water_stress_year;nitrogen_stress_year,water_stress,FQA2011_stress_grid_S0007,pareto_balanced,2011-09-09,252,96,91,"{""sim_day"": 96.0, ""doy"": 252.0, ""topwt"": 4158.22998046875, ""grnwt"": 1918.2308959960935, ""xlai"": 0.3623025417327881, ""totir"": 40.0, ""tofer"": NaN, ""swfac"": 0.0, ""nstres"": 0.1966262459754943}",0.0,0.1966262459754943,4158.22998046875,1918.2308959960935,0.3623025417327881,40.0,,0.0,0.0,40.0,0.0,1.5036682128906271,17.503668212890627,Leave_One_experiments/all_year_offline_schedule_search/daily_outputs/FQA/FQA_2011_FQA2011_stress_grid_S0007_daily.csv
FQA,FQA,Fengqiu,2011,Leave_One_experiments\wth_generated_qc\FQA\FQA2011.WTH,wet_year;water_stress_year;nitrogen_stress_year,water_stress,FQA2011_stress_grid_S0007,pareto_balanced,2011-09-10,253,97,92,"{""sim_day"": 97.0, ""doy"": 253.0, ""topwt"": 4164.5794677734375, ""grnwt"": 1924.5806884765625, ""xlai"": 0.3534096479415893, ""totir"": 40.0, ""tofer"": NaN, ""swfac"": 0.0, ""nstres"": 0.1963640451431274}",0.0,0.1963640451431274,4164.5794677734375,1924.5806884765625,0.3534096479415893,40.0,,0.0,0.0,40.0,0.0,1.5036682128906271,17.503668212890627,Leave_One_experiments/all_year_offline_schedule_search/daily_outputs/FQA/FQA_2011_FQA2011_stress_grid_S0007_daily.csv
FQA,FQA,Fengqiu,2011,Leave_One_experiments\wth_generated_qc\FQA\FQA2011.WTH,wet_year;water_stress_year;nitrogen_stress_year,water_stress,FQA2011_stress_grid_S0007,pareto_balanced,2011-09-11,254,98,93,"{""sim_day"": 98.0, ""doy"": 254.0, ""topwt"": 4171.611328125, ""grnwt"": 1931.612548828125, ""xlai"": 0.3451909124851227, ""totir"": 40.0, ""tofer"": NaN, ""swfac"": 0.0, ""nstres"": 0.1860442757606506}",0.0,0.1860442757606506,4171.611328125,1931.612548828125,0.3451909124851227,40.0,,0.0,0.0,40.0,0.0,1.5036682128906271,17.503668212890627,Leave_One_experiments/all_year_offline_schedule_search/daily_outputs/FQA/FQA_2011_FQA2011_stress_grid_S0007_daily.csv
FQA,FQA,Fengqiu,2011,Leave_One_experiments\wth_generated_qc\FQA\FQA2011.WTH,wet_year;water_stress_year;nitrogen_stress_year,water_stress,FQA2011_stress_grid_S0007,pareto_balanced,2011-09-12,255,99,94,"{""sim_day"": 99.0, ""doy"": 255.0, ""topwt"": 4177.125549316406, ""grnwt"": 1937.1266174316409, ""xlai"": 0.337662011384964, ""totir"": 40.0, ""tofer"": NaN, ""swfac"": 0.0, ""nstres"": 0.1744856834411621}",0.0,0.1744856834411621,4177.125549316406,1937.1266174316409,0.337662011384964,40.0,,0.0,0.0,40.0,0.0,1.5036682128906271,17.503668212890627,Leave_One_experiments/all_year_offline_schedule_search/daily_outputs/FQA/FQA_2011_FQA2011_stress_grid_S0007_daily.csv
FQA,FQA,Fengqiu,2011,Leave_One_experiments\wth_generated_qc\FQA\FQA2011.WTH,wet_year;water_stress_year;nitrogen_stress_year,water_stress,FQA2011_stress_grid_S0007,pareto_balanced,2011-09-13,256,100,95,"{""sim_day"": 100.0, ""doy"": 256.0, ""topwt"": 4188.737182617188, ""grnwt"": 1948.7382507324216, ""xlai"": 0.3305290937423706, ""totir"": 40.0, ""tofer"": NaN, ""swfac"": 0.0, ""nstres"": 0.1689954400062561}",0.0,0.1689954400062561,4188.737182617188,1948.7382507324216,0.3305290937423706,40.0,,0.0,0.0,40.0,0.0,1.5036682128906271,17.503668212890627,Leave_One_experiments/all_year_offline_schedule_search/daily_outputs/FQA/FQA_2011_FQA2011_stress_grid_S0007_daily.csv
FQA,FQA,Fengqiu,2011,Leave_One_experiments\wth_generated_qc\FQA\FQA2011.WTH,wet_year;water_stress_year;nitrogen_stress_year,water_stress,FQA2011_stress_grid_S0007,pareto_balanced,2011-09-14,257,101,96,"{""sim_day"": 101.0, ""doy"": 257.0, ""topwt"": 4208.390502929688, ""grnwt"": 1968.3917236328125, ""xlai"": 0.323671281337738, ""totir"": 40.0, ""tofer"": NaN, ""swfac"": 0.0, ""nstres"": 0.1659824252128601}",0.0,0.1659824252128601,4208.390502929688,1968.3917236328125,0.323671281337738,40.0,,0.0,0.0,40.0,0.0,1.5036682128906271,17.503668212890627,Leave_One_experiments/all_year_offline_schedule_search/daily_outputs/FQA/FQA_2011_FQA2011_stress_grid_S0007_daily.csv
FQA,FQA,Fengqiu,2011,Leave_One_experiments\wth_generated_qc\FQA\FQA2011.WTH,wet_year;water_stress_year;nitrogen_stress_year,water_stress,FQA2011_stress_grid_S0007,pareto_balanced,2011-09-15,258,102,97,"{""sim_day"": 102.0, ""doy"": 258.0, ""topwt"": 4254.229431152344, ""grnwt"": 2014.230499267578, ""xlai"": 0.3168797791004181, ""totir"": 40.0, ""tofer"": NaN, ""swfac"": 0.0, ""nstres"": 0.1678624153137207}",0.0,0.1678624153137207,4254.229431152344,2014.230499267578,0.3168797791004181,40.0,,0.0,0.0,40.0,0.0,1.5036682128906271,17.503668212890627,Leave_One_experiments/all_year_offline_schedule_search/daily_outputs/FQA/FQA_2011_FQA2011_stress_grid_S0007_daily.csv
FQA,FQA,Fengqiu,2011,Leave_One_experiments\wth_generated_qc\FQA\FQA2011.WTH,wet_year;water_stress_year;nitrogen_stress_year,water_stress,FQA2011_stress_grid_S0007,pareto_balanced,2011-09-16,259,103,98,"{""sim_day"": 103.0, ""doy"": 259.0, ""topwt"": 4260.61767578125, ""grnwt"": 2020.6185913085935, ""xlai"": 0.3095478415489197, ""totir"": 40.0, ""tofer"": NaN, ""swfac"": 0.0, ""nstres"": 0.185103178024292}",0.0,0.185103178024292,4260.61767578125,2020.6185913085935,0.3095478415489197,40.0,,0.0,0.0,40.0,0.0,1.5036682128906271,17.503668212890627,Leave_One_experiments/all_year_offline_schedule_search/daily_outputs/FQA/FQA_2011_FQA2011_stress_grid_S0007_daily.csv
FQA,FQA,Fengqiu,2011,Leave_One_experiments\wth_generated_qc\FQA\FQA2011.WTH,wet_year;water_stress_year;nitrogen_stress_year,water_stress,FQA2011_stress_grid_S0007,pareto_balanced,2011-09-17,260,104,99,"{""sim_day"": 104.0, ""doy"": 260.0, ""topwt"": 4270.801086425781, ""grnwt"": 2030.802154541016, ""xlai"": 0.3024088740348816, ""totir"": 40.0, ""tofer"": NaN, ""swfac"": 0.0, ""nstres"": 0.1844990253448486}",0.0,0.1844990253448486,4270.801086425781,2030.802154541016,0.3024088740348816,40.0,,0.0,0.0,40.0,0.0,1.5036682128906271,17.503668212890627,Leave_One_experiments/all_year_offline_schedule_search/daily_outputs/FQA/FQA_2011_FQA2011_stress_grid_S0007_daily.csv
FQA,FQA,Fengqiu,2011,Leave_One_experiments\wth_generated_qc\FQA\FQA2011.WTH,wet_year;water_stress_year;nitrogen_stress_year,water_stress,FQA2011_stress_grid_S0007,pareto_balanced,2011-09-18,261,105,100,"{""sim_day"": 105.0, ""doy"": 261.0, ""topwt"": 4331.294860839844, ""grnwt"": 2091.295928955078, ""xlai"": 0.2953535914421081, ""totir"": 40.0, ""tofer"": NaN, ""swfac"": 0.0, ""nstres"": 0.1866425275802612}",0.0,0.1866425275802612,4331.294860839844,2091.295928955078,0.2953535914421081,40.0,,0.0,0.0,40.0,0.0,1.5036682128906271,17.503668212890627,Leave_One_experiments/all_year_offline_schedule_search/daily_outputs/FQA/FQA_2011_FQA2011_stress_grid_S0007_daily.csv
FQA,FQA,Fengqiu,2011,Leave_One_experiments\wth_generated_qc\FQA\FQA2011.WTH,wet_year;water_stress_year;nitrogen_stress_year,water_stress,FQA2011_stress_grid_S0007,pareto_balanced,2011-09-19,262,106,101,"{""sim_day"": 106.0, ""doy"": 262.0, ""topwt"": 4390.3656005859375, ""grnwt"": 2150.3668212890625, ""xlai"": 0.2876048684120178, ""totir"": 40.0, ""tofer"": NaN, ""swfac"": 0.0, ""nstres"": 0.2296527028083801}",0.0,0.2296527028083801,4390.3656005859375,2150.3668212890625,0.2876048684120178,40.0,,0.0,0.0,40.0,0.0,1.5036682128906271,17.503668212890627,Leave_One_experiments/all_year_offline_schedule_search/daily_outputs/FQA/FQA_2011_FQA2011_stress_grid_S0007_daily.csv
FQA,FQA,Fengqiu,2011,Leave_One_experiments\wth_generated_qc\FQA\FQA2011.WTH,wet_year;water_stress_year;nitrogen_stress_year,water_stress,FQA2011_stress_grid_S0007,pareto_balanced,2011-09-20,263,107,102,"{""sim_day"": 107.0, ""doy"": 263.0, ""topwt"": 4390.3656005859375, ""grnwt"": 2150.3668212890625, ""xlai"": 0.2876048684120178, ""totir"": 40.0, ""tofer"": NaN, ""swfac"": 0.0, ""nstres"": 0.2991827726364136}",0.0,0.2991827726364136,4390.3656005859375,2150.3668212890625,0.2876048684120178,40.0,,0.0,0.0,40.0,0.0,1.5036682128906271,17.503668212890627,Leave_One_experiments/all_year_offline_schedule_search/daily_outputs/FQA/FQA_2011_FQA2011_stress_grid_S0007_daily.csv
FQA,FQA,Fengqiu,2011,Leave_One_experiments\wth_generated_qc\FQA\FQA2011.WTH,wet_year;water_stress_year;nitrogen_stress_year,water_stress,FQA2011_stress_grid_S0007,pareto_balanced,2011-09-21,264,108,103,"{""sim_day"": 108.0, ""doy"": 264.0, ""topwt"": 4390.3656005859375, ""grnwt"": 2150.3668212890625, ""xlai"": 0.2876048684120178, ""totir"": 40.0, ""tofer"": NaN, ""swfac"": 0.0, ""nstres"": 0.2991827726364136}",0.0,0.2991827726364136,4390.3656005859375,2150.3668212890625,0.2876048684120178,40.0,,0.0,0.0,40.0,0.0,1.5036682128906271,17.503668212890627,Leave_One_experiments/all_year_offline_schedule_search/daily_outputs/FQA/FQA_2011_FQA2011_stress_grid_S0007_daily.csv
FQA,FQA,Fengqiu,2011,Leave_One_experiments\wth_generated_qc\FQA\FQA2011.WTH,wet_year;water_stress_year;nitrogen_stress_year,water_stress,FQA2011_stress_grid_S0007,pareto_balanced,2011-09-22,265,109,104,"{""sim_day"": 109.0, ""doy"": 265.0, ""topwt"": 4390.3656005859375, ""grnwt"": 2150.3668212890625, ""xlai"": 0.2876048684120178, ""totir"": 40.0, ""tofer"": NaN, ""swfac"": 0.0, ""nstres"": 0.2991827726364136}",0.0,0.2991827726364136,4390.3656005859375,2150.3668212890625,0.2876048684120178,40.0,,0.0,0.0,40.0,0.0,1.5036682128906271,17.503668212890627,Leave_One_experiments/all_year_offline_schedule_search/daily_outputs/FQA/FQA_2011_FQA2011_stress_grid_S0007_daily.csv
FQA,FQA,Fengqiu,2011,Leave_One_experiments\wth_generated_qc\FQA\FQA2011.WTH,wet_year;water_stress_year;nitrogen_stress_year,water_stress,FQA2011_stress_grid_S0007,pareto_balanced,2011-09-23,266,110,105,"{""sim_day"": 110.0, ""doy"": 266.0, ""topwt"": 4390.3656005859375, ""grnwt"": 2150.3668212890625, ""xlai"": 0.2876048684120178, ""totir"": 40.0, ""tofer"": NaN, ""swfac"": 0.0, ""nstres"": 0.2991827726364136}",0.0,0.2991827726364136,4390.3656005859375,2150.3668212890625,0.2876048684120178,40.0,,0.0,0.0,40.0,0.0,1.5036682128906271,17.503668212890627,Leave_One_experiments/all_year_offline_schedule_search/daily_outputs/FQA/FQA_2011_FQA2011_stress_grid_S0007_daily.csv
FQA,FQA,Fengqiu,2011,Leave_One_experiments\wth_generated_qc\FQA\FQA2011.WTH,wet_year;water_stress_year;nitrogen_stress_year,water_stress,FQA2011_stress_grid_S0008,pareto_balanced,2011-06-11,162,1,1,"{""sim_day"": 1.0, ""doy"": 162.0, ""topwt"": 0.0, ""grnwt"": 0.0, ""xlai"": 0.0, ""totir"": 0.0, ""tofer"": NaN, ""swfac"": 0.0, ""nstres"": 0.0}",0.0,0.0,0.0,0.0,0.0,0.0,,0.0,0.0,40.0,0.0,1.5036682128906271,17.503668212890627,Leave_One_experiments/all_year_offline_schedule_search/daily_outputs/FQA/FQA_2011_FQA2011_stress_grid_S0008_daily.csv
FQA,FQA,Fengqiu,2011,Leave_One_experiments\wth_generated_qc\FQA\FQA2011.WTH,wet_year;water_stress_year;nitrogen_stress_year,water_stress,FQA2011_stress_grid_S0008,pareto_balanced,2011-06-12,163,2,2,"{""sim_day"": 2.0, ""doy"": 163.0, ""topwt"": 0.0, ""grnwt"": 0.0, ""xlai"": 0.0, ""totir"": 0.0, ""tofer"": NaN, ""swfac"": 0.0, ""nstres"": 0.0}",0.0,0.0,0.0,0.0,0.0,0.0,,0.0,0.0,40.0,0.0,1.5036682128906271,17.503668212890627,Leave_One_experiments/all_year_offline_schedule_search/daily_outputs/FQA/FQA_2011_FQA2011_stress_grid_S0008_daily.csv
FQA,FQA,Fengqiu,2011,Leave_One_experiments\wth_generated_qc\FQA\FQA2011.WTH,wet_year;water_stress_year;nitrogen_stress_year,water_stress,FQA2011_stress_grid_S0008,pareto_balanced,2011-06-13,164,3,3,"{""sim_day"": 3.0, ""doy"": 164.0, ""topwt"": 0.0, ""grnwt"": 0.0, ""xlai"": 0.0, ""totir"": 0.0, ""tofer"": NaN, ""swfac"": 0.0, ""nstres"": 0.0}",0.0,0.0,0.0,0.0,0.0,0.0,,0.0,0.0,40.0,0.0,1.5036682128906271,17.503668212890627,Leave_One_experiments/all_year_offline_schedule_search/daily_outputs/FQA/FQA_2011_FQA2011_stress_grid_S0008_daily.csv
FQA,FQA,Fengqiu,2011,Leave_One_experiments\wth_generated_qc\FQA\FQA2011.WTH,wet_year;water_stress_year;nitrogen_stress_year,water_stress,FQA2011_stress_grid_S0008,pareto_balanced,2011-06-14,165,4,4,"{""sim_day"": 4.0, ""doy"": 165.0, ""topwt"": 0.0, ""grnwt"": 0.0, ""xlai"": 0.0, ""totir"": 0.0, ""tofer"": NaN, ""swfac"": 0.0, ""nstres"": 0.0}",0.0,0.0,0.0,0.0,0.0,0.0,,0.0,0.0,40.0,0.0,1.5036682128906271,17.503668212890627,Leave_One_experiments/all_year_offline_schedule_search/daily_outputs/FQA/FQA_2011_FQA2011_stress_grid_S0008_daily.csv
FQA,FQA,Fengqiu,2011,Leave_One_experiments\wth_generated_qc\FQA\FQA2011.WTH,wet_year;water_stress_year;nitrogen_stress_year,water_stress,FQA2011_stress_grid_S0008,pareto_balanced,2011-06-15,166,5,5,"{""sim_day"": 5.0, ""doy"": 166.0, ""topwt"": 0.0, ""grnwt"": 0.0, ""xlai"": 0.0, ""totir"": 0.0, ""tofer"": NaN, ""swfac"": 0.0, ""nstres"": 0.0}",0.0,0.0,0.0,0.0,0.0,0.0,,0.0,0.0,40.0,0.0,1.5036682128906271,17.503668212890627,Leave_One_experiments/all_year_offline_schedule_search/daily_outputs/FQA/FQA_2011_FQA2011_stress_grid_S0008_daily.csv
FQA,FQA,Fengqiu,2011,Leave_One_experiments\wth_generated_qc\FQA\FQA2011.WTH,wet_year;water_stress_year;nitrogen_stress_year,water_stress,FQA2011_stress_grid_S0008,pareto_balanced,2011-06-11,162,6,1,"{""sim_day"": 6.0, ""doy"": 162.0, ""topwt"": 0.0, ""grnwt"": 0.0, ""xlai"": 0.0, ""totir"": 0.0, ""tofer"": NaN, ""swfac"": 0.0, ""nstres"": 0.0}",0.0,0.0,0.0,0.0,0.0,0.0,,0.0,0.0,40.0,0.0,1.5036682128906271,17.503668212890627,Leave_One_experiments/all_year_offline_schedule_search/daily_outputs/FQA/FQA_2011_FQA2011_stress_grid_S0008_daily.csv
FQA,FQA,Fengqiu,2011,Leave_One_experiments\wth_generated_qc\FQA\FQA2011.WTH,wet_year;water_stress_year;nitrogen_stress_year,water_stress,FQA2011_stress_grid_S0008,pareto_balanced,2011-06-12,163,7,2,"{""sim_day"": 7.0, ""doy"": 163.0, ""topwt"": 0.0, ""grnwt"": 0.0, ""xlai"": 0.0, ""totir"": 0.0, ""tofer"": NaN, ""swfac"": 0.0, ""nstres"": 0.0}",0.0,0.0,0.0,0.0,0.0,0.0,,0.0,0.0,40.0,0.0,1.5036682128906271,17.503668212890627,Leave_One_experiments/all_year_offline_schedule_search/daily_outputs/FQA/FQA_2011_FQA2011_stress_grid_S0008_daily.csv
FQA,FQA,Fengqiu,2011,Leave_One_experiments\wth_generated_qc\FQA\FQA2011.WTH,wet_year;water_stress_year;nitrogen_stress_year,water_stress,FQA2011_stress_grid_S0008,pareto_balanced,2011-06-13,164,8,3,"{""sim_day"": 8.0, ""doy"": 164.0, ""topwt"": 0.0, ""grnwt"": 0.0, ""xlai"": 0.0, ""totir"": 0.0, ""tofer"": NaN, ""swfac"": 0.0, ""nstres"": 0.0}",0.0,0.0,0.0,0.0,0.0,0.0,,0.0,0.0,40.0,0.0,1.5036682128906271,17.503668212890627,Leave_One_experiments/all_year_offline_schedule_search/daily_outputs/FQA/FQA_2011_FQA2011_stress_grid_S0008_daily.csv
FQA,FQA,Fengqiu,2011,Leave_One_experiments\wth_generated_qc\FQA\FQA2011.WTH,wet_year;water_stress_year;nitrogen_stress_year,water_stress,FQA2011_stress_grid_S0008,pareto_balanced,2011-06-14,165,9,4,"{""sim_day"": 9.0, ""doy"": 165.0, ""topwt"": 0.0, ""grnwt"": 0.0, ""xlai"": 0.0, ""totir"": 0.0, ""tofer"": NaN, ""swfac"": 0.0, ""nstres"": 0.0}",0.0,0.0,0.0,0.0,0.0,0.0,,0.0,0.0,40.0,0.0,1.5036682128906271,17.503668212890627,Leave_One_experiments/all_year_offline_schedule_search/daily_outputs/FQA/FQA_2011_FQA2011_stress_grid_S0008_daily.csv
FQA,FQA,Fengqiu,2011,Leave_One_experiments\wth_generated_qc\FQA\FQA2011.WTH,wet_year;water_stress_year;nitrogen_stress_year,water_stress,FQA2011_stress_grid_S0008,pareto_balanced,2011-06-15,166,10,5,"{""sim_day"": 10.0, ""doy"": 166.0, ""topwt"": 0.0, ""grnwt"": 0.0, ""xlai"": 0.0, ""totir"": 0.0, ""tofer"": NaN, ""swfac"": 0.0, ""nstres"": 0.0}",0.0,0.0,0.0,0.0,0.0,0.0,,0.0,0.0,40.0,0.0,1.5036682128906271,17.503668212890627,Leave_One_experiments/all_year_offline_schedule_search/daily_outputs/FQA/FQA_2011_FQA2011_stress_grid_S0008_daily.csv
FQA,FQA,Fengqiu,2011,Leave_One_experiments\wth_generated_qc\FQA\FQA2011.WTH,wet_year;water_stress_year;nitrogen_stress_year,water_stress,FQA2011_stress_grid_S0008,pareto_balanced,2011-06-16,167,11,6,"{""sim_day"": 11.0, ""doy"": 167.0, ""topwt"": 32.00000047683716, ""grnwt"": 0.0, ""xlai"": 0.0026254835538566, ""totir"": 0.0, ""tofer"": NaN, ""swfac"": 0.0, ""nstres"": 0.0121910572052001}",0.0,0.0121910572052001,32.00000047683716,0.0,0.0026254835538566,0.0,,0.0,0.0,40.0,0.0,1.5036682128906271,17.503668212890627,Leave_One_experiments/all_year_offline_schedule_search/daily_outputs/FQA/FQA_2011_FQA2011_stress_grid_S0008_daily.csv
FQA,FQA,Fengqiu,2011,Leave_One_experiments\wth_generated_qc\FQA\FQA2011.WTH,wet_year;water_stress_year;nitrogen_stress_year,water_stress,FQA2011_stress_grid_S0008,pareto_balanced,2011-06-17,168,12,7,"{""sim_day"": 12.0, ""doy"": 168.0, ""topwt"": 32.00000047683716, ""grnwt"": 0.0, ""xlai"": 0.0052135330624878, ""totir"": 0.0, ""tofer"": NaN, ""swfac"": 0.0, ""nstres"": 0.0}",0.0,0.0,32.00000047683716,0.0,0.0052135330624878,0.0,,0.0,0.0,40.0,0.0,1.5036682128906271,17.503668212890627,Leave_One_experiments/all_year_offline_schedule_search/daily_outputs/FQA/FQA_2011_FQA2011_stress_grid_S0008_daily.csv
FQA,FQA,Fengqiu,2011,Leave_One_experiments\wth_generated_qc\FQA\FQA2011.WTH,wet_year;water_stress_year;nitrogen_stress_year,water_stress,FQA2011_stress_grid_S0008,pareto_balanced,2011-06-18,169,13,8,"{""sim_day"": 13.0, ""doy"": 169.0, ""topwt"": 32.00000047683716, ""grnwt"": 0.0, ""xlai"": 0.0082874912768602, ""totir"": 0.0, ""tofer"": NaN, ""swfac"": 0.0, ""nstres"": 0.0}",0.0,0.0,32.00000047683716,0.0,0.0082874912768602,0.0,,0.0,0.0,40.0,0.0,1.5036682128906271,17.503668212890627,Leave_One_experiments/all_year_offline_schedule_search/daily_outputs/FQA/FQA_2011_FQA2011_stress_grid_S0008_daily.csv
FQA,FQA,Fengqiu,2011,Leave_One_experiments\wth_generated_qc\FQA\FQA2011.WTH,wet_year;water_stress_year;nitrogen_stress_year,water_stress,FQA2011_stress_grid_S0008,pareto_balanced,2011-06-19,170,14,9,"{""sim_day"": 14.0, ""doy"": 170.0, ""topwt"": 32.00000047683716, ""grnwt"": 0.0, ""xlai"": 0.0115563441067934, ""totir"": 0.0, ""tofer"": NaN, ""swfac"": 0.0, ""nstres"": 0.0}",0.0,0.0,32.00000047683716,0.0,0.0115563441067934,0.0,,0.0,0.0,40.0,0.0,1.5036682128906271,17.503668212890627,Leave_One_experiments/all_year_offline_schedule_search/daily_outputs/FQA/FQA_2011_FQA2011_stress_grid_S0008_daily.csv
FQA,FQA,Fengqiu,2011,Leave_One_experiments\wth_generated_qc\FQA\FQA2011.WTH,wet_year;water_stress_year;nitrogen_stress_year,water_stress,FQA2011_stress_grid_S0008,pareto_balanced,2011-06-20,171,15,10,"{""sim_day"": 15.0, ""doy"": 171.0, ""topwt"": 32.00000047683716, ""grnwt"": 0.0, ""xlai"": 0.0151954162865877, ""totir"": 0.0, ""tofer"": NaN, ""swfac"": 0.0, ""nstres"": 0.0}",0.0,0.0,32.00000047683716,0.0,0.0151954162865877,0.0,,0.0,0.0,40.0,0.0,1.5036682128906271,17.503668212890627,Leave_One_experiments/all_year_offline_schedule_search/daily_outputs/FQA/FQA_2011_FQA2011_stress_grid_S0008_daily.csv
FQA,FQA,Fengqiu,2011,Leave_One_experiments\wth_generated_qc\FQA\FQA2011.WTH,wet_year;water_stress_year;nitrogen_stress_year,water_stress,FQA2011_stress_grid_S0008,pareto_balanced,2011-06-21,172,16,11,"{""sim_day"": 16.0, ""doy"": 172.0, ""topwt"": 32.00000047683716, ""grnwt"": 0.0, ""xlai"": 0.0191501285880804, ""totir"": 0.0, ""tofer"": NaN, ""swfac"": 0.0, ""nstres"": 0.0}",0.0,0.0,32.00000047683716,0.0,0.0191501285880804,0.0,,0.0,0.0,40.0,0.0,1.5036682128906271,17.503668212890627,Leave_One_experiments/all_year_offline_schedule_search/daily_outputs/FQA/FQA_2011_FQA2011_stress_grid_S0008_daily.csv
FQA,FQA,Fengqiu,2011,Leave_One_experiments\wth_generated_qc\FQA\FQA2011.WTH,wet_year;water_stress_year;nitrogen_stress_year,water_stress,FQA2011_stress_grid_S0008,pareto_balanced,2011-06-22,173,17,12,"{""sim_day"": 17.0, ""doy"": 173.0, ""topwt"": 23.07124137878418, ""grnwt"": 0.0, ""xlai"": 0.0304963309317827, ""totir"": 0.0, ""tofer"": NaN, ""swfac"": 0.0, ""nstres"": 0.0}",0.0,0.0,23.07124137878418,0.0,0.0304963309317827,0.0,,0.0,0.0,40.0,0.0,1.5036682128906271,17.503668212890627,Leave_One_experiments/all_year_offline_schedule_search/daily_outputs/FQA/FQA_2011_FQA2011_stress_grid_S0008_daily.csv
FQA,FQA,Fengqiu,2011,Leave_One_experiments\wth_generated_qc\FQA\FQA2011.WTH,wet_year;water_stress_year;nitrogen_stress_year,water_stress,FQA2011_stress_grid_S0008,pareto_balanced,2011-06-23,174,18,13,"{""sim_day"": 18.0, ""doy"": 174.0, ""topwt"": 27.337136268615723, ""grnwt"": 0.0, ""xlai"": 0.0444177277386188, ""totir"": 0.0, ""tofer"": NaN, ""swfac"": 0.0, ""nstres"": 0.0}",0.0,0.0,27.337136268615723,0.0,0.0444177277386188,0.0,,0.0,0.0,40.0,0.0,1.5036682128906271,17.503668212890627,Leave_One_experiments/all_year_offline_schedule_search/daily_outputs/FQA/FQA_2011_FQA2011_stress_grid_S0008_daily.csv
FQA,FQA,Fengqiu,2011,Leave_One_experiments\wth_generated_qc\FQA\FQA2011.WTH,wet_year;water_stress_year;nitrogen_stress_year,water_stress,FQA2011_stress_grid_S0008,pareto_balanced,2011-06-24,175,19,14,"{""sim_day"": 19.0, ""doy"": 175.0, ""topwt"": 31.58668041229248, ""grnwt"": 0.0, ""xlai"": 0.0572249069809913, ""totir"": 0.0, ""tofer"": NaN, ""swfac"": 0.0, ""nstres"": 0.0}",0.0,0.0,31.58668041229248,0.0,0.0572249069809913,0.0,,0.0,0.0,40.0,0.0,1.5036682128906271,17.503668212890627,Leave_One_experiments/all_year_offline_schedule_search/daily_outputs/FQA/FQA_2011_FQA2011_stress_grid_S0008_daily.csv
FQA,FQA,Fengqiu,2011,Leave_One_experiments\wth_generated_qc\FQA\FQA2011.WTH,wet_year;water_stress_year;nitrogen_stress_year,water_stress,FQA2011_stress_grid_S0008,pareto_balanced,2011-06-25,176,20,15,"{""sim_day"": 20.0, ""doy"": 176.0, ""topwt"": 37.67095565795898, ""grnwt"": 0.0, ""xlai"": 0.0743698254227638, ""totir"": 0.0, ""tofer"": NaN, ""swfac"": 0.0, ""nstres"": 0.0}",0.0,0.0,37.67095565795898,0.0,0.0743698254227638,0.0,,0.0,0.0,40.0,0.0,1.5036682128906271,17.503668212890627,Leave_One_experiments/all_year_offline_schedule_search/daily_outputs/FQA/FQA_2011_FQA2011_stress_grid_S0008_daily.csv
FQA,FQA,Fengqiu,2011,Leave_One_experiments\wth_generated_qc\FQA\FQA2011.WTH,wet_year;water_stress_year;nitrogen_stress_year,water_stress,FQA2011_stress_grid_S0008,pareto_balanced,2011-06-26,177,21,16,"{""sim_day"": 21.0, ""doy"": 177.0, ""topwt"": 43.659982681274414, ""grnwt"": 0.0, ""xlai"": 0.0902787670493125, ""totir"": 0.0, ""tofer"": NaN, ""swfac"": 0.0, ""nstres"": 0.0}",0.0,0.0,43.659982681274414,0.0,0.0902787670493125,0.0,,0.0,0.0,40.0,0.0,1.5036682128906271,17.503668212890627,Leave_One_experiments/all_year_offline_schedule_search/daily_outputs/FQA/FQA_2011_FQA2011_stress_grid_S0008_daily.csv
FQA,FQA,Fengqiu,2011,Leave_One_experiments\wth_generated_qc\FQA\FQA2011.WTH,wet_year;water_stress_year;nitrogen_stress_year,water_stress,FQA2011_stress_grid_S0008,pareto_balanced,2011-06-27,178,22,17,"{""sim_day"": 22.0, ""doy"": 178.0, ""topwt"": 52.6888370513916, ""grnwt"": 0.0, ""xlai"": 0.112969733774662, ""totir"": 0.0, ""tofer"": NaN, ""swfac"": 0.0, ""nstres"": 0.0}",0.0,0.0,52.6888370513916,0.0,0.112969733774662,0.0,,0.0,0.0,40.0,0.0,1.5036682128906271,17.503668212890627,Leave_One_experiments/all_year_offline_schedule_search/daily_outputs/FQA/FQA_2011_FQA2011_stress_grid_S0008_daily.csv
FQA,FQA,Fengqiu,2011,Leave_One_experiments\wth_generated_qc\FQA\FQA2011.WTH,wet_year;water_stress_year;nitrogen_stress_year,water_stress,FQA2011_stress_grid_S0008,pareto_balanced,2011-06-28,179,23,18,"{""sim_day"": 23.0, ""doy"": 179.0, ""topwt"": 63.52643013000488, ""grnwt"": 0.0, ""xlai"": 0.1387011110782623, ""totir"": 0.0, ""tofer"": NaN, ""swfac"": 0.0, ""nstres"": 0.0}",0.0,0.0,63.52643013000488,0.0,0.1387011110782623,0.0,,0.0,0.0,40.0,0.0,1.5036682128906271,17.503668212890627,Leave_One_experiments/all_year_offline_schedule_search/daily_outputs/FQA/FQA_2011_FQA2011_stress_grid_S0008_daily.csv
FQA,FQA,Fengqiu,2011,Leave_One_experiments\wth_generated_qc\FQA\FQA2011.WTH,wet_year;water_stress_year;nitrogen_stress_year,water_stress,FQA2011_stress_grid_S0008,pareto_balanced,2011-06-29,180,24,19,"{""sim_day"": 24.0, ""doy"": 180.0, ""topwt"": 76.76846981048584, ""grnwt"": 0.0, ""xlai"": 0.1685055643320083, ""totir"": 0.0, ""tofer"": NaN, ""swfac"": 0.0, ""nstres"": 0.0}",0.0,0.0,76.76846981048584,0.0,0.1685055643320083,0.0,,0.0,0.0,40.0,0.0,1.5036682128906271,17.503668212890627,Leave_One_experiments/all_year_offline_schedule_search/daily_outputs/FQA/FQA_2011_FQA2011_stress_grid_S0008_daily.csv
FQA,FQA,Fengqiu,2011,Leave_One_experiments\wth_generated_qc\FQA\FQA2011.WTH,wet_year;water_stress_year;nitrogen_stress_year,water_stress,FQA2011_stress_grid_S0008,pareto_balanced,2011-06-30,181,25,20,"{""sim_day"": 25.0, ""doy"": 181.0, ""topwt"": 92.14715003967284, ""grnwt"": 0.0, ""xlai"": 0.2014235556125641, ""totir"": 0.0, ""tofer"": NaN, ""swfac"": 0.0, ""nstres"": 0.0}",0.0,0.0,92.14715003967284,0.0,0.2014235556125641,0.0,,0.0,0.0,40.0,0.0,1.5036682128906271,17.503668212890627,Leave_One_experiments/all_year_offline_schedule_search/daily_outputs/FQA/FQA_2011_FQA2011_stress_grid_S0008_daily.csv
FQA,FQA,Fengqiu,2011,Leave_One_experiments\wth_generated_qc\FQA\FQA2011.WTH,wet_year;water_stress_year;nitrogen_stress_year,water_stress,FQA2011_stress_grid_S0008,pareto_balanced,2011-07-01,182,26,21,"{""sim_day"": 26.0, ""doy"": 182.0, ""topwt"": 109.75464820861816, ""grnwt"": 0.0, ""xlai"": 0.236428216099739, ""totir"": 0.0, ""tofer"": NaN, ""swfac"": 0.0, ""nstres"": 0.0}",0.0,0.0,109.75464820861816,0.0,0.236428216099739,0.0,,0.0,0.0,40.0,0.0,1.5036682128906271,17.503668212890627,Leave_One_experiments/all_year_offline_schedule_search/daily_outputs/FQA/FQA_2011_FQA2011_stress_grid_S0008_daily.csv
FQA,FQA,Fengqiu,2011,Leave_One_experiments\wth_generated_qc\FQA\FQA2011.WTH,wet_year;water_stress_year;nitrogen_stress_year,water_stress,FQA2011_stress_grid_S0008,pareto_balanced,2011-07-02,183,27,22,"{""sim_day"": 27.0, ""doy"": 183.0, ""topwt"": 118.52821350097656, ""grnwt"": 0.0, ""xlai"": 0.2543304562568664, ""totir"": 0.0, ""tofer"": NaN, ""swfac"": 0.0, ""nstres"": 0.0}",0.0,0.0,118.52821350097656,0.0,0.2543304562568664,0.0,,0.0,0.0,40.0,0.0,1.5036682128906271,17.503668212890627,Leave_One_experiments/all_year_offline_schedule_search/daily_outputs/FQA/FQA_2011_FQA2011_stress_grid_S0008_daily.csv
FQA,FQA,Fengqiu,2011,Leave_One_experiments\wth_generated_qc\FQA\FQA2011.WTH,wet_year;water_stress_year;nitrogen_stress_year,water_stress,FQA2011_stress_grid_S0008,pareto_balanced,2011-07-03,184,28,23,"{""sim_day"": 28.0, ""doy"": 184.0, ""topwt"": 135.33514976501465, ""grnwt"": 0.0, ""xlai"": 0.287607342004776, ""totir"": 0.0, ""tofer"": NaN, ""swfac"": 0.0, ""nstres"": 0.0}",0.0,0.0,135.33514976501465,0.0,0.287607342004776,0.0,,0.0,0.0,40.0,0.0,1.5036682128906271,17.503668212890627,Leave_One_experiments/all_year_offline_schedule_search/daily_outputs/FQA/FQA_2011_FQA2011_stress_grid_S0008_daily.csv
FQA,FQA,Fengqiu,2011,Leave_One_experiments\wth_generated_qc\FQA\FQA2011.WTH,wet_year;water_stress_year;nitrogen_stress_year,water_stress,FQA2011_stress_grid_S0008,pareto_balanced,2011-07-04,185,29,24,"{""sim_day"": 29.0, ""doy"": 185.0, ""topwt"": 155.3254795074463, ""grnwt"": 0.0, ""xlai"": 0.3256737887859344, ""totir"": 0.0, ""tofer"": NaN, ""swfac"": 0.0, ""nstres"": 0.0}",0.0,0.0,155.3254795074463,0.0,0.3256737887859344,0.0,,0.0,0.0,40.0,0.0,1.5036682128906271,17.503668212890627,Leave_One_experiments/all_year_offline_schedule_search/daily_outputs/FQA/FQA_2011_FQA2011_stress_grid_S0008_daily.csv
FQA,FQA,Fengqiu,2011,Leave_One_experiments\wth_generated_qc\FQA\FQA2011.WTH,wet_year;water_stress_year;nitrogen_stress_year,water_stress,FQA2011_stress_grid_S0008,pareto_balanced,2011-07-05,186,30,25,"{""sim_day"": 30.0, ""doy"": 186.0, ""topwt"": 176.11042022705078, ""grnwt"": 0.0, ""xlai"": 0.3637381494045257, ""totir"": 0.0, ""tofer"": NaN, ""swfac"": 0.0, ""nstres"": 0.0}",0.0,0.0,176.11042022705078,0.0,0.3637381494045257,0.0,,0.0,0.0,40.0,0.0,1.5036682128906271,17.503668212890627,Leave_One_experiments/all_year_offline_schedule_search/daily_outputs/FQA/FQA_2011_FQA2011_stress_grid_S0008_daily.csv
FQA,FQA,Fengqiu,2011,Leave_One_experiments\wth_generated_qc\FQA\FQA2011.WTH,wet_year;water_stress_year;nitrogen_stress_year,water_stress,FQA2011_stress_grid_S0008,pareto_balanced,2011-07-06,187,31,26,"{""sim_day"": 31.0, ""doy"": 187.0, ""topwt"": 202.96794891357425, ""grnwt"": 0.0, ""xlai"": 0.4108561873435974, ""totir"": 0.0, ""tofer"": NaN, ""swfac"": 0.0, ""nstres"": 0.0}",0.0,0.0,202.96794891357425,0.0,0.4108561873435974,0.0,,0.0,0.0,40.0,0.0,1.5036682128906271,17.503668212890627,Leave_One_experiments/all_year_offline_schedule_search/daily_outputs/FQA/FQA_2011_FQA2011_stress_grid_S0008_daily.csv
FQA,FQA,Fengqiu,2011,Leave_One_experiments\wth_generated_qc\FQA\FQA2011.WTH,wet_year;water_stress_year;nitrogen_stress_year,water_stress,FQA2011_stress_grid_S0008,pareto_balanced,2011-07-07,188,32,27,"{""sim_day"": 32.0, ""doy"": 188.0, ""topwt"": 233.77740859985352, ""grnwt"": 0.0, ""xlai"": 0.462439090013504, ""totir"": 0.0, ""tofer"": NaN, ""swfac"": 0.0, ""nstres"": 0.0}",0.0,0.0,233.77740859985352,0.0,0.462439090013504,0.0,,0.0,0.0,40.0,0.0,1.5036682128906271,17.503668212890627,Leave_One_experiments/all_year_offline_schedule_search/daily_outputs/FQA/FQA_2011_FQA2011_stress_grid_S0008_daily.csv
FQA,FQA,Fengqiu,2011,Leave_One_experiments\wth_generated_qc\FQA\FQA2011.WTH,wet_year;water_stress_year;nitrogen_stress_year,water_stress,FQA2011_stress_grid_S0008,pareto_balanced,2011-07-08,189,33,28,"{""sim_day"": 33.0, ""doy"": 189.0, ""topwt"": 268.1319236755371, ""grnwt"": 0.0, ""xlai"": 0.5172678828239441, ""totir"": 0.0, ""tofer"": NaN, ""swfac"": 0.0, ""nstres"": 0.0}",0.0,0.0,268.1319236755371,0.0,0.5172678828239441,0.0,,0.0,0.0,40.0,0.0,1.5036682128906271,17.503668212890627,Leave_One_experiments/all_year_offline_schedule_search/daily_outputs/FQA/FQA_2011_FQA2011_stress_grid_S0008_daily.csv
FQA,FQA,Fengqiu,2011,Leave_One_experiments\wth_generated_qc\FQA\FQA2011.WTH,wet_year;water_stress_year;nitrogen_stress_year,water_stress,FQA2011_stress_grid_S0008,pareto_balanced,2011-07-09,190,34,29,"{""sim_day"": 34.0, ""doy"": 190.0, ""topwt"": 310.0921440124512, ""grnwt"": 0.0, ""xlai"": 0.5808543562889099, ""totir"": 0.0, ""tofer"": NaN, ""swfac"": 0.0, ""nstres"": 0.0}",0.0,0.0,310.0921440124512,0.0,0.5808543562889099,0.0,,0.0,0.0,40.0,0.0,1.5036682128906271,17.503668212890627,Leave_One_experiments/all_year_offline_schedule_search/daily_outputs/FQA/FQA_2011_FQA2011_stress_grid_S0008_daily.csv
FQA,FQA,Fengqiu,2011,Leave_One_experiments\wth_generated_qc\FQA\FQA2011.WTH,wet_year;water_stress_year;nitrogen_stress_year,water_stress,FQA2011_stress_grid_S0008,pareto_balanced,2011-07-10,191,35,30,"{""sim_day"": 35.0, ""doy"": 191.0, ""topwt"": 354.91016387939453, ""grnwt"": 0.0, ""xlai"": 0.6453284621238708, ""totir"": 0.0, ""tofer"": NaN, ""swfac"": 0.0, ""nstres"": 0.0}",0.0,0.0,354.91016387939453,0.0,0.6453284621238708,0.0,,0.0,0.0,40.0,0.0,1.5036682128906271,17.503668212890627,Leave_One_experiments/all_year_offline_schedule_search/daily_outputs/FQA/FQA_2011_FQA2011_stress_grid_S0008_daily.csv
FQA,FQA,Fengqiu,2011,Leave_One_experiments\wth_generated_qc\FQA\FQA2011.WTH,wet_year;water_stress_year;nitrogen_stress_year,water_stress,FQA2011_stress_grid_S0008,pareto_balanced,2011-07-11,192,36,31,"{""sim_day"": 36.0, ""doy"": 192.0, ""topwt"": 403.5883331298828, ""grnwt"": 0.0, ""xlai"": 0.7118686437606812, ""totir"": 0.0, ""tofer"": NaN, ""swfac"": 0.0, ""nstres"": 0.0}",0.0,0.0,403.5883331298828,0.0,0.7118686437606812,0.0,,0.0,0.0,40.0,0.0,1.5036682128906271,17.503668212890627,Leave_One_experiments/all_year_offline_schedule_search/daily_outputs/FQA/FQA_2011_FQA2011_stress_grid_S0008_daily.csv
FQA,FQA,Fengqiu,2011,Leave_One_experiments\wth_generated_qc\FQA\FQA2011.WTH,wet_year;water_stress_year;nitrogen_stress_year,water_stress,FQA2011_stress_grid_S0008,pareto_balanced,2011-07-12,193,37,32,"{""sim_day"": 37.0, ""doy"": 193.0, ""topwt"": 458.2660675048828, ""grnwt"": 0.0, ""xlai"": 0.7828423976898193, ""totir"": 0.0, ""tofer"": NaN, ""swfac"": 0.0, ""nstres"": 0.0}",0.0,0.0,458.2660675048828,0.0,0.7828423976898193,0.0,,0.0,0.0,40.0,0.0,1.5036682128906271,17.503668212890627,Leave_One_experiments/all_year_offline_schedule_search/daily_outputs/FQA/FQA_2011_FQA2011_stress_grid_S0008_daily.csv
FQA,FQA,Fengqiu,2011,Leave_One_experiments\wth_generated_qc\FQA\FQA2011.WTH,wet_year;water_stress_year;nitrogen_stress_year,water_stress,FQA2011_stress_grid_S0008,pareto_balanced,2011-07-13,194,38,33,"{""sim_day"": 38.0, ""doy"": 194.0, ""topwt"": 518.0952453613281, ""grnwt"": 0.0, ""xlai"": 0.8565845489501953, ""totir"": 0.0, ""tofer"": NaN, ""swfac"": 0.0, ""nstres"": 0.0}",0.0,0.0,518.0952453613281,0.0,0.8565845489501953,0.0,,0.0,0.0,40.0,0.0,1.5036682128906271,17.503668212890627,Leave_One_experiments/all_year_offline_schedule_search/daily_outputs/FQA/FQA_2011_FQA2011_stress_grid_S0008_daily.csv
FQA,FQA,Fengqiu,2011,Leave_One_experiments\wth_generated_qc\FQA\FQA2011.WTH,wet_year;water_stress_year;nitrogen_stress_year,water_stress,FQA2011_stress_grid_S0008,pareto_balanced,2011-07-14,195,39,34,"{""sim_day"": 39.0, ""doy"": 195.0, ""topwt"": 579.2369842529297, ""grnwt"": 0.0, ""xlai"": 0.9242332577705384, ""totir"": 0.0, ""tofer"": NaN, ""swfac"": 0.0, ""nstres"": 0.033893346786499}",0.0,0.033893346786499,579.2369842529297,0.0,0.9242332577705384,0.0,,0.0,0.0,40.0,0.0,1.5036682128906271,17.503668212890627,Leave_One_experiments/all_year_offline_schedule_search/daily_outputs/FQA/FQA_2011_FQA2011_stress_grid_S0008_daily.csv
FQA,FQA,Fengqiu,2011,Leave_One_experiments\wth_generated_qc\FQA\FQA2011.WTH,wet_year;water_stress_year;nitrogen_stress_year,water_stress,FQA2011_stress_grid_S0008,pareto_balanced,2011-07-15,196,40,35,"{""sim_day"": 40.0, ""doy"": 196.0, ""topwt"": 635.3153228759766, ""grnwt"": 0.0, ""xlai"": 0.9778323769569396, ""totir"": 40.0, ""tofer"": NaN, ""swfac"": 0.0, ""nstres"": 0.0730375051498413}",0.0,0.0730375051498413,635.3153228759766,0.0,0.9778323769569396,40.0,,40.0,0.0,40.0,0.0,1.5036682128906271,17.503668212890627,Leave_One_experiments/all_year_offline_schedule_search/daily_outputs/FQA/FQA_2011_FQA2011_stress_grid_S0008_daily.csv
FQA,FQA,Fengqiu,2011,Leave_One_experiments\wth_generated_qc\FQA\FQA2011.WTH,wet_year;water_stress_year;nitrogen_stress_year,water_stress,FQA2011_stress_grid_S0008,pareto_balanced,2011-07-16,197,41,36,"{""sim_day"": 41.0, ""doy"": 197.0, ""topwt"": 692.2356414794922, ""grnwt"": 0.0, ""xlai"": 1.0253305435180664, ""totir"": 40.0, ""tofer"": NaN, ""swfac"": 0.0, ""nstres"": 0.1015633344650268}",0.0,0.1015633344650268,692.2356414794922,0.0,1.0253305435180664,40.0,,0.0,0.0,40.0,0.0,1.5036682128906271,17.503668212890627,Leave_One_experiments/all_year_offline_schedule_search/daily_outputs/FQA/FQA_2011_FQA2011_stress_grid_S0008_daily.csv
FQA,FQA,Fengqiu,2011,Leave_One_experiments\wth_generated_qc\FQA\FQA2011.WTH,wet_year;water_stress_year;nitrogen_stress_year,water_stress,FQA2011_stress_grid_S0008,pareto_balanced,2011-07-17,198,42,37,"{""sim_day"": 42.0, ""doy"": 198.0, ""topwt"": 745.8834838867188, ""grnwt"": 0.0, ""xlai"": 1.0634526014328003, ""totir"": 40.0, ""tofer"": NaN, ""swfac"": 0.0, ""nstres"": 0.1233799457550048}",0.0,0.1233799457550048,745.8834838867188,0.0,1.0634526014328003,40.0,,0.0,0.0,40.0,0.0,1.5036682128906271,17.503668212890627,Leave_One_experiments/all_year_offline_schedule_search/daily_outputs/FQA/FQA_2011_FQA2011_stress_grid_S0008_daily.csv
FQA,FQA,Fengqiu,2011,Leave_One_experiments\wth_generated_qc\FQA\FQA2011.WTH,wet_year;water_stress_year;nitrogen_stress_year,water_stress,FQA2011_stress_grid_S0008,pareto_balanced,2011-07-18,199,43,38,"{""sim_day"": 43.0, ""doy"": 199.0, ""topwt"": 803.6796569824219, ""grnwt"": 0.0, ""xlai"": 1.099970459938049, ""totir"": 40.0, ""tofer"": NaN, ""swfac"": 0.0, ""nstres"": 0.1424965858459472}",0.0,0.1424965858459472,803.6796569824219,0.0,1.099970459938049,40.0,,0.0,0.0,40.0,0.0,1.5036682128906271,17.503668212890627,Leave_One_experiments/all_year_offline_schedule_search/daily_outputs/FQA/FQA_2011_FQA2011_stress_grid_S0008_daily.csv
FQA,FQA,Fengqiu,2011,Leave_One_experiments\wth_generated_qc\FQA\FQA2011.WTH,wet_year;water_stress_year;nitrogen_stress_year,water_stress,FQA2011_stress_grid_S0008,pareto_balanced,2011-07-19,200,44,39,"{""sim_day"": 44.0, ""doy"": 200.0, ""topwt"": 863.4722137451172, ""grnwt"": 0.0, ""xlai"": 1.133173942565918, ""totir"": 40.0, ""tofer"": NaN, ""swfac"": 0.0, ""nstres"": 0.1569287180900573}",0.0,0.1569287180900573,863.4722137451172,0.0,1.133173942565918,40.0,,0.0,0.0,40.0,0.0,1.5036682128906271,17.503668212890627,Leave_One_experiments/all_year_offline_schedule_search/daily_outputs/FQA/FQA_2011_FQA2011_stress_grid_S0008_daily.csv
FQA,FQA,Fengqiu,2011,Leave_One_experiments\wth_generated_qc\FQA\FQA2011.WTH,wet_year;water_stress_year;nitrogen_stress_year,water_stress,FQA2011_stress_grid_S0008,pareto_balanced,2011-07-20,201,45,40,"{""sim_day"": 45.0, ""doy"": 201.0, ""topwt"": 926.336669921875, ""grnwt"": 0.0, ""xlai"": 1.1640459299087524, ""totir"": 40.0, ""tofer"": NaN, ""swfac"": 0.0, ""nstres"": 0.1701387763023376}",0.0,0.1701387763023376,926.336669921875,0.0,1.1640459299087524,40.0,,0.0,0.0,40.0,0.0,1.5036682128906271,17.503668212890627,Leave_One_experiments/all_year_offline_schedule_search/daily_outputs/FQA/FQA_2011_FQA2011_stress_grid_S0008_daily.csv
FQA,FQA,Fengqiu,2011,Leave_One_experiments\wth_generated_qc\FQA\FQA2011.WTH,wet_year;water_stress_year;nitrogen_stress_year,water_stress,FQA2011_stress_grid_S0008,pareto_balanced,2011-07-21,202,46,41,"{""sim_day"": 46.0, ""doy"": 202.0, ""topwt"": 999.0380859375, ""grnwt"": 0.0, ""xlai"": 1.1982078552246094, ""totir"": 40.0, ""tofer"": NaN, ""swfac"": 0.0, ""nstres"": 0.1807847023010254}",0.0,0.1807847023010254,999.0380859375,0.0,1.1982078552246094,40.0,,0.0,0.0,40.0,0.0,1.5036682128906271,17.503668212890627,Leave_One_experiments/all_year_offline_schedule_search/daily_outputs/FQA/FQA_2011_FQA2011_stress_grid_S0008_daily.csv
FQA,FQA,Fengqiu,2011,Leave_One_experiments\wth_generated_qc\FQA\FQA2011.WTH,wet_year;water_stress_year;nitrogen_stress_year,water_stress,FQA2011_stress_grid_S0008,pareto_balanced,2011-07-22,203,47,42,"{""sim_day"": 47.0, ""doy"": 203.0, ""topwt"": 1155.781707763672, ""grnwt"": 0.0, ""xlai"": 1.2240591049194336, ""totir"": 40.0, ""tofer"": NaN, ""swfac"": 0.0, ""nstres"": 0.1902779936790466}",0.0,0.1902779936790466,1155.781707763672,0.0,1.2240591049194336,40.0,,0.0,0.0,40.0,0.0,1.5036682128906271,17.503668212890627,Leave_One_experiments/all_year_offline_schedule_search/daily_outputs/FQA/FQA_2011_FQA2011_stress_grid_S0008_daily.csv
FQA,FQA,Fengqiu,2011,Leave_One_experiments\wth_generated_qc\FQA\FQA2011.WTH,wet_year;water_stress_year;nitrogen_stress_year,water_stress,FQA2011_stress_grid_S0008,pareto_balanced,2011-07-23,204,48,43,"{""sim_day"": 48.0, ""doy"": 204.0, ""topwt"": 1299.091796875, ""grnwt"": 0.0, ""xlai"": 1.2401297092437744, ""totir"": 40.0, ""tofer"": NaN, ""swfac"": 0.0, ""nstres"": 0.2012580633163452}",0.0,0.2012580633163452,1299.091796875,0.0,1.2401297092437744,40.0,,0.0,0.0,40.0,0.0,1.5036682128906271,17.503668212890627,Leave_One_experiments/all_year_offline_schedule_search/daily_outputs/FQA/FQA_2011_FQA2011_stress_grid_S0008_daily.csv
FQA,FQA,Fengqiu,2011,Leave_One_experiments\wth_generated_qc\FQA\FQA2011.WTH,wet_year;water_stress_year;nitrogen_stress_year,water_stress,FQA2011_stress_grid_S0008,pareto_balanced,2011-07-24,205,49,44,"{""sim_day"": 49.0, ""doy"": 205.0, ""topwt"": 1420.6497192382812, ""grnwt"": 0.0, ""xlai"": 1.2419185638427734, ""totir"": 40.0, ""tofer"": NaN, ""swfac"": 0.0, ""nstres"": 0.2898086309432983}",0.0,0.2898086309432983,1420.6497192382812,0.0,1.2419185638427734,40.0,,0.0,0.0,40.0,0.0,1.5036682128906271,17.503668212890627,Leave_One_experiments/all_year_offline_schedule_search/daily_outputs/FQA/FQA_2011_FQA2011_stress_grid_S0008_daily.csv
FQA,FQA,Fengqiu,2011,Leave_One_experiments\wth_generated_qc\FQA\FQA2011.WTH,wet_year;water_stress_year;nitrogen_stress_year,water_stress,FQA2011_stress_grid_S0008,pareto_balanced,2011-07-25,206,50,45,"{""sim_day"": 50.0, ""doy"": 206.0, ""topwt"": 1528.9559936523438, ""grnwt"": 0.0, ""xlai"": 1.2350432872772217, ""totir"": 40.0, ""tofer"": NaN, ""swfac"": 0.0, ""nstres"": 0.3454514741897583}",0.0,0.3454514741897583,1528.9559936523438,0.0,1.2350432872772217,40.0,,0.0,0.0,40.0,0.0,1.5036682128906271,17.503668212890627,Leave_One_experiments/all_year_offline_schedule_search/daily_outputs/FQA/FQA_2011_FQA2011_stress_grid_S0008_daily.csv
FQA,FQA,Fengqiu,2011,Leave_One_experiments\wth_generated_qc\FQA\FQA2011.WTH,wet_year;water_stress_year;nitrogen_stress_year,water_stress,FQA2011_stress_grid_S0008,pareto_balanced,2011-07-26,207,51,46,"{""sim_day"": 51.0, ""doy"": 207.0, ""topwt"": 1621.6926574707031, ""grnwt"": 0.0, ""xlai"": 1.2211024761199951, ""totir"": 40.0, ""tofer"": NaN, ""swfac"": 0.0, ""nstres"": 0.3763054609298706}",0.0,0.3763054609298706,1621.6926574707031,0.0,1.2211024761199951,40.0,,0.0,0.0,40.0,0.0,1.5036682128906271,17.503668212890627,Leave_One_experiments/all_year_offline_schedule_search/daily_outputs/FQA/FQA_2011_FQA2011_stress_grid_S0008_daily.csv
FQA,FQA,Fengqiu,2011,Leave_One_experiments\wth_generated_qc\FQA\FQA2011.WTH,wet_year;water_stress_year;nitrogen_stress_year,water_stress,FQA2011_stress_grid_S0008,pareto_balanced,2011-07-27,208,52,47,"{""sim_day"": 52.0, ""doy"": 208.0, ""topwt"": 1710.4156494140625, ""grnwt"": 0.0, ""xlai"": 1.2046407461166382, ""totir"": 40.0, ""tofer"": NaN, ""swfac"": 0.0, ""nstres"": 0.3941670060157776}",0.0,0.3941670060157776,1710.4156494140625,0.0,1.2046407461166382,40.0,,0.0,0.0,40.0,0.0,1.5036682128906271,17.503668212890627,Leave_One_experiments/all_year_offline_schedule_search/daily_outputs/FQA/FQA_2011_FQA2011_stress_grid_S0008_daily.csv
FQA,FQA,Fengqiu,2011,Leave_One_experiments\wth_generated_qc\FQA\FQA2011.WTH,wet_year;water_stress_year;nitrogen_stress_year,water_stress,FQA2011_stress_grid_S0008,pareto_balanced,2011-07-28,209,53,48,"{""sim_day"": 53.0, ""doy"": 209.0, ""topwt"": 1758.8780212402344, ""grnwt"": 0.0, ""xlai"": 1.1769157648086548, ""totir"": 40.0, ""tofer"": NaN, ""swfac"": 0.0, ""nstres"": 0.4021124839782715}",0.0,0.4021124839782715,1758.8780212402344,0.0,1.1769157648086548,40.0,,0.0,0.0,40.0,0.0,1.5036682128906271,17.503668212890627,Leave_One_experiments/all_year_offline_schedule_search/daily_outputs/FQA/FQA_2011_FQA2011_stress_grid_S0008_daily.csv
FQA,FQA,Fengqiu,2011,Leave_One_experiments\wth_generated_qc\FQA\FQA2011.WTH,wet_year;water_stress_year;nitrogen_stress_year,water_stress,FQA2011_stress_grid_S0008,pareto_balanced,2011-07-29,210,54,49,"{""sim_day"": 54.0, ""doy"": 210.0, ""topwt"": 1835.9033203125, ""grnwt"": 0.0, ""xlai"": 1.1568365097045898, ""totir"": 40.0, ""tofer"": NaN, ""swfac"": 0.0, ""nstres"": 0.4068197011947632}",0.0,0.4068197011947632,1835.9033203125,0.0,1.1568365097045898,40.0,,0.0,0.0,40.0,0.0,1.5036682128906271,17.503668212890627,Leave_One_experiments/all_year_offline_schedule_search/daily_outputs/FQA/FQA_2011_FQA2011_stress_grid_S0008_daily.csv
FQA,FQA,Fengqiu,2011,Leave_One_experiments\wth_generated_qc\FQA\FQA2011.WTH,wet_year;water_stress_year;nitrogen_stress_year,water_stress,FQA2011_stress_grid_S0008,pareto_balanced,2011-07-30,211,55,50,"{""sim_day"": 55.0, ""doy"": 211.0, ""topwt"": 1886.8240356445312, ""grnwt"": 0.0, ""xlai"": 1.1313191652297974, ""totir"": 40.0, ""tofer"": NaN, ""swfac"": 0.0, ""nstres"": 0.3948571681976318}",0.0,0.3948571681976318,1886.8240356445312,0.0,1.1313191652297974,40.0,,0.0,0.0,40.0,0.0,1.5036682128906271,17.503668212890627,Leave_One_experiments/all_year_offline_schedule_search/daily_outputs/FQA/FQA_2011_FQA2011_stress_grid_S0008_daily.csv
FQA,FQA,Fengqiu,2011,Leave_One_experiments\wth_generated_qc\FQA\FQA2011.WTH,wet_year;water_stress_year;nitrogen_stress_year,water_stress,FQA2011_stress_grid_S0008,pareto_balanced,2011-07-31,212,56,51,"{""sim_day"": 56.0, ""doy"": 212.0, ""topwt"": 1921.894989013672, ""grnwt"": 0.0, ""xlai"": 1.102455496788025, ""totir"": 40.0, ""tofer"": NaN, ""swfac"": 0.0, ""nstres"": 0.397462785243988}",0.0,0.397462785243988,1921.894989013672,0.0,1.102455496788025,40.0,,0.0,0.0,40.0,0.0,1.5036682128906271,17.503668212890627,Leave_One_experiments/all_year_offline_schedule_search/daily_outputs/FQA/FQA_2011_FQA2011_stress_grid_S0008_daily.csv
FQA,FQA,Fengqiu,2011,Leave_One_experiments\wth_generated_qc\FQA\FQA2011.WTH,wet_year;water_stress_year;nitrogen_stress_year,water_stress,FQA2011_stress_grid_S0008,pareto_balanced,2011-08-01,213,57,52,"{""sim_day"": 57.0, ""doy"": 213.0, ""topwt"": 1935.6446838378904, ""grnwt"": 0.0, ""xlai"": 1.0690927505493164, ""totir"": 40.0, ""tofer"": NaN, ""swfac"": 0.0, ""nstres"": 0.3972485661506653}",0.0,0.3972485661506653,1935.6446838378904,0.0,1.0690927505493164,40.0,,0.0,0.0,40.0,0.0,1.5036682128906271,17.503668212890627,Leave_One_experiments/all_year_offline_schedule_search/daily_outputs/FQA/FQA_2011_FQA2011_stress_grid_S0008_daily.csv
FQA,FQA,Fengqiu,2011,Leave_One_experiments\wth_generated_qc\FQA\FQA2011.WTH,wet_year;water_stress_year;nitrogen_stress_year,water_stress,FQA2011_stress_grid_S0008,pareto_balanced,2011-08-02,214,58,53,"{""sim_day"": 58.0, ""doy"": 214.0, ""topwt"": 2003.7081909179688, ""grnwt"": 0.0, ""xlai"": 1.0509614944458008, ""totir"": 40.0, ""tofer"": NaN, ""swfac"": 0.0, ""nstres"": 0.3925111889839172}",0.0,0.3925111889839172,2003.7081909179688,0.0,1.0509614944458008,40.0,,0.0,0.0,40.0,0.0,1.5036682128906271,17.503668212890627,Leave_One_experiments/all_year_offline_schedule_search/daily_outputs/FQA/FQA_2011_FQA2011_stress_grid_S0008_daily.csv
FQA,FQA,Fengqiu,2011,Leave_One_experiments\wth_generated_qc\FQA\FQA2011.WTH,wet_year;water_stress_year;nitrogen_stress_year,water_stress,FQA2011_stress_grid_S0008,pareto_balanced,2011-08-03,215,59,54,"{""sim_day"": 59.0, ""doy"": 215.0, ""topwt"": 2072.329864501953, ""grnwt"": 0.0, ""xlai"": 1.0338711738586426, ""totir"": 40.0, ""tofer"": NaN, ""swfac"": 0.0, ""nstres"": 0.385534405708313}",0.0,0.385534405708313,2072.329864501953,0.0,1.0338711738586426,40.0,,0.0,0.0,40.0,0.0,1.5036682128906271,17.503668212890627,Leave_One_experiments/all_year_offline_schedule_search/daily_outputs/FQA/FQA_2011_FQA2011_stress_grid_S0008_daily.csv
FQA,FQA,Fengqiu,2011,Leave_One_experiments\wth_generated_qc\FQA\FQA2011.WTH,wet_year;water_stress_year;nitrogen_stress_year,water_stress,FQA2011_stress_grid_S0008,pareto_balanced,2011-08-04,216,60,55,"{""sim_day"": 60.0, ""doy"": 216.0, ""topwt"": 2112.709197998047, ""grnwt"": 0.0, ""xlai"": 1.0098527669906616, ""totir"": 40.0, ""tofer"": NaN, ""swfac"": 0.0, ""nstres"": 0.3913016319274902}",0.0,0.3913016319274902,2112.709197998047,0.0,1.0098527669906616,40.0,,0.0,0.0,40.0,0.0,1.5036682128906271,17.503668212890627,Leave_One_experiments/all_year_offline_schedule_search/daily_outputs/FQA/FQA_2011_FQA2011_stress_grid_S0008_daily.csv
FQA,FQA,Fengqiu,2011,Leave_One_experiments\wth_generated_qc\FQA\FQA2011.WTH,wet_year;water_stress_year;nitrogen_stress_year,water_stress,FQA2011_stress_grid_S0008,pareto_balanced,2011-08-05,217,61,56,"{""sim_day"": 61.0, ""doy"": 217.0, ""topwt"": 2187.3159790039062, ""grnwt"": 0.0, ""xlai"": 0.995207130908966, ""totir"": 40.0, ""tofer"": NaN, ""swfac"": 0.0, ""nstres"": 0.3951355218887329}",0.0,0.3951355218887329,2187.3159790039062,0.0,0.995207130908966,40.0,,0.0,0.0,40.0,0.0,1.5036682128906271,17.503668212890627,Leave_One_experiments/all_year_offline_schedule_search/daily_outputs/FQA/FQA_2011_FQA2011_stress_grid_S0008_daily.csv
FQA,FQA,Fengqiu,2011,Leave_One_experiments\wth_generated_qc\FQA\FQA2011.WTH,wet_year;water_stress_year;nitrogen_stress_year,water_stress,FQA2011_stress_grid_S0008,pareto_balanced,2011-08-06,218,62,57,"{""sim_day"": 62.0, ""doy"": 218.0, ""topwt"": 2257.958526611328, ""grnwt"": 0.0, ""xlai"": 0.9801013469696044, ""totir"": 40.0, ""tofer"": NaN, ""swfac"": 0.0, ""nstres"": 0.3932451009750366}",0.0,0.3932451009750366,2257.958526611328,0.0,0.9801013469696044,40.0,,0.0,0.0,40.0,0.0,1.5036682128906271,17.503668212890627,Leave_One_experiments/all_year_offline_schedule_search/daily_outputs/FQA/FQA_2011_FQA2011_stress_grid_S0008_daily.csv
FQA,FQA,Fengqiu,2011,Leave_One_experiments\wth_generated_qc\FQA\FQA2011.WTH,wet_year;water_stress_year;nitrogen_stress_year,water_stress,FQA2011_stress_grid_S0008,pareto_balanced,2011-08-07,219,63,58,"{""sim_day"": 63.0, ""doy"": 219.0, ""topwt"": 2338.1002807617188, ""grnwt"": 0.0, ""xlai"": 0.9677590727806092, ""totir"": 40.0, ""tofer"": NaN, ""swfac"": 0.0, ""nstres"": 0.3967846632003784}",0.0,0.3967846632003784,2338.1002807617188,0.0,0.9677590727806092,40.0,,0.0,0.0,40.0,0.0,1.5036682128906271,17.503668212890627,Leave_One_experiments/all_year_offline_schedule_search/daily_outputs/FQA/FQA_2011_FQA2011_stress_grid_S0008_daily.csv
FQA,FQA,Fengqiu,2011,Leave_One_experiments\wth_generated_qc\FQA\FQA2011.WTH,wet_year;water_stress_year;nitrogen_stress_year,water_stress,FQA2011_stress_grid_S0008,pareto_balanced,2011-08-08,220,64,59,"{""sim_day"": 64.0, ""doy"": 220.0, ""topwt"": 2436.539459228516, ""grnwt"": 0.0, ""xlai"": 0.935591995716095, ""totir"": 40.0, ""tofer"": NaN, ""swfac"": 0.0, ""nstres"": 0.3977281451225281}",0.0,0.3977281451225281,2436.539459228516,0.0,0.935591995716095,40.0,,0.0,0.0,40.0,0.0,1.5036682128906271,17.503668212890627,Leave_One_experiments/all_year_offline_schedule_search/daily_outputs/FQA/FQA_2011_FQA2011_stress_grid_S0008_daily.csv
FQA,FQA,Fengqiu,2011,Leave_One_experiments\wth_generated_qc\FQA\FQA2011.WTH,wet_year;water_stress_year;nitrogen_stress_year,water_stress,FQA2011_stress_grid_S0008,pareto_balanced,2011-08-09,221,65,60,"{""sim_day"": 65.0, ""doy"": 221.0, ""topwt"": 2538.285369873047, ""grnwt"": 0.0, ""xlai"": 0.9053316116333008, ""totir"": 40.0, ""tofer"": NaN, ""swfac"": 0.0, ""nstres"": 0.3762462735176086}",0.0,0.3762462735176086,2538.285369873047,0.0,0.9053316116333008,40.0,,0.0,0.0,40.0,0.0,1.5036682128906271,17.503668212890627,Leave_One_experiments/all_year_offline_schedule_search/daily_outputs/FQA/FQA_2011_FQA2011_stress_grid_S0008_daily.csv
FQA,FQA,Fengqiu,2011,Leave_One_experiments\wth_generated_qc\FQA\FQA2011.WTH,wet_year;water_stress_year;nitrogen_stress_year,water_stress,FQA2011_stress_grid_S0008,pareto_balanced,2011-08-10,222,66,61,"{""sim_day"": 66.0, ""doy"": 222.0, ""topwt"": 2623.291931152344, ""grnwt"": 0.0, ""xlai"": 0.8761520385742188, ""totir"": 40.0, ""tofer"": NaN, ""swfac"": 0.0, ""nstres"": 0.3735394477844238}",0.0,0.3735394477844238,2623.291931152344,0.0,0.8761520385742188,40.0,,0.0,0.0,40.0,0.0,1.5036682128906271,17.503668212890627,Leave_One_experiments/all_year_offline_schedule_search/daily_outputs/FQA/FQA_2011_FQA2011_stress_grid_S0008_daily.csv
FQA,FQA,Fengqiu,2011,Leave_One_experiments\wth_generated_qc\FQA\FQA2011.WTH,wet_year;water_stress_year;nitrogen_stress_year,water_stress,FQA2011_stress_grid_S0008,pareto_balanced,2011-08-11,223,67,62,"{""sim_day"": 67.0, ""doy"": 223.0, ""topwt"": 2703.245849609375, ""grnwt"": 0.0, ""xlai"": 0.8481613993644714, ""totir"": 40.0, ""tofer"": NaN, ""swfac"": 0.0, ""nstres"": 0.3667328953742981}",0.0,0.3667328953742981,2703.245849609375,0.0,0.8481613993644714,40.0,,0.0,0.0,40.0,0.0,1.5036682128906271,17.503668212890627,Leave_One_experiments/all_year_offline_schedule_search/daily_outputs/FQA/FQA_2011_FQA2011_stress_grid_S0008_daily.csv
FQA,FQA,Fengqiu,2011,Leave_One_experiments\wth_generated_qc\FQA\FQA2011.WTH,wet_year;water_stress_year;nitrogen_stress_year,water_stress,FQA2011_stress_grid_S0008,pareto_balanced,2011-08-12,224,68,63,"{""sim_day"": 68.0, ""doy"": 224.0, ""topwt"": 2785.8953857421875, ""grnwt"": 0.0, ""xlai"": 0.8215540051460266, ""totir"": 40.0, ""tofer"": NaN, ""swfac"": 0.0, ""nstres"": 0.3528974056243896}",0.0,0.3528974056243896,2785.8953857421875,0.0,0.8215540051460266,40.0,,0.0,0.0,40.0,0.0,1.5036682128906271,17.503668212890627,Leave_One_experiments/all_year_offline_schedule_search/daily_outputs/FQA/FQA_2011_FQA2011_stress_grid_S0008_daily.csv
FQA,FQA,Fengqiu,2011,Leave_One_experiments\wth_generated_qc\FQA\FQA2011.WTH,wet_year;water_stress_year;nitrogen_stress_year,water_stress,FQA2011_stress_grid_S0008,pareto_balanced,2011-08-13,225,69,64,"{""sim_day"": 69.0, ""doy"": 225.0, ""topwt"": 2852.8451538085938, ""grnwt"": 0.0, ""xlai"": 0.7963969707489014, ""totir"": 40.0, ""tofer"": NaN, ""swfac"": 0.0, ""nstres"": 0.3349112868309021}",0.0,0.3349112868309021,2852.8451538085938,0.0,0.7963969707489014,40.0,,0.0,0.0,40.0,0.0,1.5036682128906271,17.503668212890627,Leave_One_experiments/all_year_offline_schedule_search/daily_outputs/FQA/FQA_2011_FQA2011_stress_grid_S0008_daily.csv
FQA,FQA,Fengqiu,2011,Leave_One_experiments\wth_generated_qc\FQA\FQA2011.WTH,wet_year;water_stress_year;nitrogen_stress_year,water_stress,FQA2011_stress_grid_S0008,pareto_balanced,2011-08-14,226,70,65,"{""sim_day"": 70.0, ""doy"": 226.0, ""topwt"": 2926.5792846679688, ""grnwt"": 0.0, ""xlai"": 0.772671639919281, ""totir"": 40.0, ""tofer"": NaN, ""swfac"": 0.0, ""nstres"": 0.3149780035018921}",0.0,0.3149780035018921,2926.5792846679688,0.0,0.772671639919281,40.0,,0.0,0.0,40.0,0.0,1.5036682128906271,17.503668212890627,Leave_One_experiments/all_year_offline_schedule_search/daily_outputs/FQA/FQA_2011_FQA2011_stress_grid_S0008_daily.csv
FQA,FQA,Fengqiu,2011,Leave_One_experiments\wth_generated_qc\FQA\FQA2011.WTH,wet_year;water_stress_year;nitrogen_stress_year,water_stress,FQA2011_stress_grid_S0008,pareto_balanced,2011-08-15,227,71,66,"{""sim_day"": 71.0, ""doy"": 227.0, ""topwt"": 2940.3414916992188, ""grnwt"": 0.0, ""xlai"": 0.7503877878189087, ""totir"": 40.0, ""tofer"": NaN, ""swfac"": 0.0, ""nstres"": 0.2921603322029114}",0.0,0.2921603322029114,2940.3414916992188,0.0,0.7503877878189087,40.0,,0.0,0.0,40.0,0.0,1.5036682128906271,17.503668212890627,Leave_One_experiments/all_year_offline_schedule_search/daily_outputs/FQA/FQA_2011_FQA2011_stress_grid_S0008_daily.csv
FQA,FQA,Fengqiu,2011,Leave_One_experiments\wth_generated_qc\FQA\FQA2011.WTH,wet_year;water_stress_year;nitrogen_stress_year,water_stress,FQA2011_stress_grid_S0008,pareto_balanced,2011-08-16,228,72,67,"{""sim_day"": 72.0, ""doy"": 228.0, ""topwt"": 3007.401428222656, ""grnwt"": 203.35430145263672, ""xlai"": 0.729424774646759, ""totir"": 40.0, ""tofer"": NaN, ""swfac"": 0.0, ""nstres"": 0.2704676985740661}",0.0,0.2704676985740661,3007.401428222656,203.35430145263672,0.729424774646759,40.0,,0.0,0.0,40.0,0.0,1.5036682128906271,17.503668212890627,Leave_One_experiments/all_year_offline_schedule_search/daily_outputs/FQA/FQA_2011_FQA2011_stress_grid_S0008_daily.csv
FQA,FQA,Fengqiu,2011,Leave_One_experiments\wth_generated_qc\FQA\FQA2011.WTH,wet_year;water_stress_year;nitrogen_stress_year,water_stress,FQA2011_stress_grid_S0008,pareto_balanced,2011-08-17,229,73,68,"{""sim_day"": 73.0, ""doy"": 229.0, ""topwt"": 3023.724365234375, ""grnwt"": 305.57626724243164, ""xlai"": 0.7074174880981445, ""totir"": 40.0, ""tofer"": NaN, ""swfac"": 0.0, ""nstres"": 0.3240979313850403}",0.0,0.3240979313850403,3023.724365234375,305.57626724243164,0.7074174880981445,40.0,,0.0,0.0,40.0,0.0,1.5036682128906271,17.503668212890627,Leave_One_experiments/all_year_offline_schedule_search/daily_outputs/FQA/FQA_2011_FQA2011_stress_grid_S0008_daily.csv
FQA,FQA,Fengqiu,2011,Leave_One_experiments\wth_generated_qc\FQA\FQA2011.WTH,wet_year;water_stress_year;nitrogen_stress_year,water_stress,FQA2011_stress_grid_S0008,pareto_balanced,2011-08-18,230,74,69,"{""sim_day"": 74.0, ""doy"": 230.0, ""topwt"": 3045.49560546875, ""grnwt"": 407.79823303222656, ""xlai"": 0.6874798536300659, ""totir"": 40.0, ""tofer"": NaN, ""swfac"": 0.0, ""nstres"": 0.2764054536819458}",0.0,0.2764054536819458,3045.49560546875,407.79823303222656,0.6874798536300659,40.0,,0.0,0.0,40.0,0.0,1.5036682128906271,17.503668212890627,Leave_One_experiments/all_year_offline_schedule_search/daily_outputs/FQA/FQA_2011_FQA2011_stress_grid_S0008_daily.csv
FQA,FQA,Fengqiu,2011,Leave_One_experiments\wth_generated_qc\FQA\FQA2011.WTH,wet_year;water_stress_year;nitrogen_stress_year,water_stress,FQA2011_stress_grid_S0008,pareto_balanced,2011-08-19,231,75,70,"{""sim_day"": 75.0, ""doy"": 231.0, ""topwt"": 3062.7023315429688, ""grnwt"": 510.0202178955078, ""xlai"": 0.6687504649162292, ""totir"": 40.0, ""tofer"": NaN, ""swfac"": 0.0, ""nstres"": 0.2538447380065918}",0.0,0.2538447380065918,3062.7023315429688,510.0202178955078,0.6687504649162292,40.0,,0.0,0.0,40.0,0.0,1.5036682128906271,17.503668212890627,Leave_One_experiments/all_year_offline_schedule_search/daily_outputs/FQA/FQA_2011_FQA2011_stress_grid_S0008_daily.csv
FQA,FQA,Fengqiu,2011,Leave_One_experiments\wth_generated_qc\FQA\FQA2011.WTH,wet_year;water_stress_year;nitrogen_stress_year,water_stress,FQA2011_stress_grid_S0008,pareto_balanced,2011-08-20,232,76,71,"{""sim_day"": 76.0, ""doy"": 232.0, ""topwt"": 3079.3328857421875, ""grnwt"": 612.2422027587891, ""xlai"": 0.6510111093521118, ""totir"": 40.0, ""tofer"": NaN, ""swfac"": 0.0, ""nstres"": 0.2366256713867187}",0.0,0.2366256713867187,3079.3328857421875,612.2422027587891,0.6510111093521118,40.0,,0.0,0.0,40.0,0.0,1.5036682128906271,17.503668212890627,Leave_One_experiments/all_year_offline_schedule_search/daily_outputs/FQA/FQA_2011_FQA2011_stress_grid_S0008_daily.csv
FQA,FQA,Fengqiu,2011,Leave_One_experiments\wth_generated_qc\FQA\FQA2011.WTH,wet_year;water_stress_year;nitrogen_stress_year,water_stress,FQA2011_stress_grid_S0008,pareto_balanced,2011-08-21,233,77,72,"{""sim_day"": 77.0, ""doy"": 233.0, ""topwt"": 3155.919189453125, ""grnwt"": 714.4641876220703, ""xlai"": 0.6343443393707275, ""totir"": 40.0, ""tofer"": NaN, ""swfac"": 0.0, ""nstres"": 0.2144309878349304}",0.0,0.2144309878349304,3155.919189453125,714.4641876220703,0.6343443393707275,40.0,,0.0,0.0,40.0,0.0,1.5036682128906271,17.503668212890627,Leave_One_experiments/all_year_offline_schedule_search/daily_outputs/FQA/FQA_2011_FQA2011_stress_grid_S0008_daily.csv
FQA,FQA,Fengqiu,2011,Leave_One_experiments\wth_generated_qc\FQA\FQA2011.WTH,wet_year;water_stress_year;nitrogen_stress_year,water_stress,FQA2011_stress_grid_S0008,pareto_balanced,2011-08-22,234,78,73,"{""sim_day"": 78.0, ""doy"": 234.0, ""topwt"": 3230.1104736328125, ""grnwt"": 816.6861724853516, ""xlai"": 0.6183686256408691, ""totir"": 40.0, ""tofer"": NaN, ""swfac"": 0.0, ""nstres"": 0.2044280767440796}",0.0,0.2044280767440796,3230.1104736328125,816.6861724853516,0.6183686256408691,40.0,,0.0,0.0,40.0,0.0,1.5036682128906271,17.503668212890627,Leave_One_experiments/all_year_offline_schedule_search/daily_outputs/FQA/FQA_2011_FQA2011_stress_grid_S0008_daily.csv
FQA,FQA,Fengqiu,2011,Leave_One_experiments\wth_generated_qc\FQA\FQA2011.WTH,wet_year;water_stress_year;nitrogen_stress_year,water_stress,FQA2011_stress_grid_S0008,pareto_balanced,2011-08-23,235,79,74,"{""sim_day"": 79.0, ""doy"": 235.0, ""topwt"": 3344.9240112304688, ""grnwt"": 918.9081573486328, ""xlai"": 0.6021692156791687, ""totir"": 40.0, ""tofer"": NaN, ""swfac"": 0.0, ""nstres"": 0.228727102279663}",0.0,0.228727102279663,3344.9240112304688,918.9081573486328,0.6021692156791687,40.0,,0.0,0.0,40.0,0.0,1.5036682128906271,17.503668212890627,Leave_One_experiments/all_year_offline_schedule_search/daily_outputs/FQA/FQA_2011_FQA2011_stress_grid_S0008_daily.csv
FQA,FQA,Fengqiu,2011,Leave_One_experiments\wth_generated_qc\FQA\FQA2011.WTH,wet_year;water_stress_year;nitrogen_stress_year,water_stress,FQA2011_stress_grid_S0008,pareto_balanced,2011-08-24,236,80,75,"{""sim_day"": 80.0, ""doy"": 236.0, ""topwt"": 3431.8911743164062, ""grnwt"": 1021.130142211914, ""xlai"": 0.5857544541358948, ""totir"": 40.0, ""tofer"": NaN, ""swfac"": 0.0, ""nstres"": 0.2542223930358886}",0.0,0.2542223930358886,3431.8911743164062,1021.130142211914,0.5857544541358948,40.0,,0.0,0.0,40.0,0.0,1.5036682128906271,17.503668212890627,Leave_One_experiments/all_year_offline_schedule_search/daily_outputs/FQA/FQA_2011_FQA2011_stress_grid_S0008_daily.csv
FQA,FQA,Fengqiu,2011,Leave_One_experiments\wth_generated_qc\FQA\FQA2011.WTH,wet_year;water_stress_year;nitrogen_stress_year,water_stress,FQA2011_stress_grid_S0008,pareto_balanced,2011-08-25,237,81,76,"{""sim_day"": 81.0, ""doy"": 237.0, ""topwt"": 3518.541259765625, ""grnwt"": 1123.3521270751953, ""xlai"": 0.5685697197914124, ""totir"": 40.0, ""tofer"": NaN, ""swfac"": 0.0, ""nstres"": 0.3041065335273742}",0.0,0.3041065335273742,3518.541259765625,1123.3521270751953,0.5685697197914124,40.0,,0.0,0.0,40.0,0.0,1.5036682128906271,17.503668212890627,Leave_One_experiments/all_year_offline_schedule_search/daily_outputs/FQA/FQA_2011_FQA2011_stress_grid_S0008_daily.csv
FQA,FQA,Fengqiu,2011,Leave_One_experiments\wth_generated_qc\FQA\FQA2011.WTH,wet_year;water_stress_year;nitrogen_stress_year,water_stress,FQA2011_stress_grid_S0008,pareto_balanced,2011-08-26,238,82,77,"{""sim_day"": 82.0, ""doy"": 238.0, ""topwt"": 3570.047607421875, ""grnwt"": 1225.5741119384766, ""xlai"": 0.5510812401771545, ""totir"": 40.0, ""tofer"": NaN, ""swfac"": 0.0, ""nstres"": 0.3382108211517334}",0.0,0.3382108211517334,3570.047607421875,1225.5741119384766,0.5510812401771545,40.0,,0.0,0.0,40.0,0.0,1.5036682128906271,17.503668212890627,Leave_One_experiments/all_year_offline_schedule_search/daily_outputs/FQA/FQA_2011_FQA2011_stress_grid_S0008_daily.csv
FQA,FQA,Fengqiu,2011,Leave_One_experiments\wth_generated_qc\FQA\FQA2011.WTH,wet_year;water_stress_year;nitrogen_stress_year,water_stress,FQA2011_stress_grid_S0008,pareto_balanced,2011-08-27,239,83,78,"{""sim_day"": 83.0, ""doy"": 239.0, ""topwt"": 3633.073120117188, ""grnwt"": 1327.7960205078125, ""xlai"": 0.5335315465927124, ""totir"": 40.0, ""tofer"": NaN, ""swfac"": 0.0, ""nstres"": 0.3643012046813965}",0.0,0.3643012046813965,3633.073120117188,1327.7960205078125,0.5335315465927124,40.0,,0.0,0.0,40.0,0.0,1.5036682128906271,17.503668212890627,Leave_One_experiments/all_year_offline_schedule_search/daily_outputs/FQA/FQA_2011_FQA2011_stress_grid_S0008_daily.csv
FQA,FQA,Fengqiu,2011,Leave_One_experiments\wth_generated_qc\FQA\FQA2011.WTH,wet_year;water_stress_year;nitrogen_stress_year,water_stress,FQA2011_stress_grid_S0008,pareto_balanced,2011-08-28,240,84,79,"{""sim_day"": 84.0, ""doy"": 240.0, ""topwt"": 3714.82177734375, ""grnwt"": 1430.0180053710938, ""xlai"": 0.5164818167686462, ""totir"": 40.0, ""tofer"": NaN, ""swfac"": 0.0, ""nstres"": 0.3669496178627014}",0.0,0.3669496178627014,3714.82177734375,1430.0180053710938,0.5164818167686462,40.0,,0.0,0.0,40.0,0.0,1.5036682128906271,17.503668212890627,Leave_One_experiments/all_year_offline_schedule_search/daily_outputs/FQA/FQA_2011_FQA2011_stress_grid_S0008_daily.csv
FQA,FQA,Fengqiu,2011,Leave_One_experiments\wth_generated_qc\FQA\FQA2011.WTH,wet_year;water_stress_year;nitrogen_stress_year,water_stress,FQA2011_stress_grid_S0008,pareto_balanced,2011-08-29,241,85,80,"{""sim_day"": 85.0, ""doy"": 241.0, ""topwt"": 3793.79150390625, ""grnwt"": 1532.239990234375, ""xlai"": 0.4999181628227234, ""totir"": 40.0, ""tofer"": NaN, ""swfac"": 0.0, ""nstres"": 0.3696862459182739}",0.0,0.3696862459182739,3793.79150390625,1532.239990234375,0.4999181628227234,40.0,,0.0,0.0,40.0,0.0,1.5036682128906271,17.503668212890627,Leave_One_experiments/all_year_offline_schedule_search/daily_outputs/FQA/FQA_2011_FQA2011_stress_grid_S0008_daily.csv
FQA,FQA,Fengqiu,2011,Leave_One_experiments\wth_generated_qc\FQA\FQA2011.WTH,wet_year;water_stress_year;nitrogen_stress_year,water_stress,FQA2011_stress_grid_S0008,pareto_balanced,2011-08-30,242,86,81,"{""sim_day"": 86.0, ""doy"": 242.0, ""topwt"": 3874.541931152344, ""grnwt"": 1634.4619750976562, ""xlai"": 0.4836101531982422, ""totir"": 40.0, ""tofer"": NaN, ""swfac"": 0.0, ""nstres"": 0.3829137086868286}",0.0,0.3829137086868286,3874.541931152344,1634.4619750976562,0.4836101531982422,40.0,,0.0,0.0,40.0,0.0,1.5036682128906271,17.503668212890627,Leave_One_experiments/all_year_offline_schedule_search/daily_outputs/FQA/FQA_2011_FQA2011_stress_grid_S0008_daily.csv
FQA,FQA,Fengqiu,2011,Leave_One_experiments\wth_generated_qc\FQA\FQA2011.WTH,wet_year;water_stress_year;nitrogen_stress_year,water_stress,FQA2011_stress_grid_S0008,pareto_balanced,2011-08-31,243,87,82,"{""sim_day"": 87.0, ""doy"": 243.0, ""topwt"": 3946.97509765625, ""grnwt"": 1706.976318359375, ""xlai"": 0.4676451981067657, ""totir"": 40.0, ""tofer"": NaN, ""swfac"": 0.0, ""nstres"": 0.3922886848449707}",0.0,0.3922886848449707,3946.97509765625,1706.976318359375,0.4676451981067657,40.0,,0.0,0.0,40.0,0.0,1.5036682128906271,17.503668212890627,Leave_One_experiments/all_year_offline_schedule_search/daily_outputs/FQA/FQA_2011_FQA2011_stress_grid_S0008_daily.csv
FQA,FQA,Fengqiu,2011,Leave_One_experiments\wth_generated_qc\FQA\FQA2011.WTH,wet_year;water_stress_year;nitrogen_stress_year,water_stress,FQA2011_stress_grid_S0008,pareto_balanced,2011-09-01,244,88,83,"{""sim_day"": 88.0, ""doy"": 244.0, ""topwt"": 3999.72900390625, ""grnwt"": 1759.7299194335938, ""xlai"": 0.4524245858192444, ""totir"": 40.0, ""tofer"": NaN, ""swfac"": 0.0, ""nstres"": 0.3811346292495727}",0.0,0.3811346292495727,3999.72900390625,1759.7299194335938,0.4524245858192444,40.0,,0.0,0.0,40.0,0.0,1.5036682128906271,17.503668212890627,Leave_One_experiments/all_year_offline_schedule_search/daily_outputs/FQA/FQA_2011_FQA2011_stress_grid_S0008_daily.csv
FQA,FQA,Fengqiu,2011,Leave_One_experiments\wth_generated_qc\FQA\FQA2011.WTH,wet_year;water_stress_year;nitrogen_stress_year,water_stress,FQA2011_stress_grid_S0008,pareto_balanced,2011-09-02,245,89,84,"{""sim_day"": 89.0, ""doy"": 245.0, ""topwt"": 4020.745239257813, ""grnwt"": 1780.7464599609375, ""xlai"": 0.4379443228244781, ""totir"": 40.0, ""tofer"": NaN, ""swfac"": 0.0, ""nstres"": 0.3681423664093017}",0.0,0.3681423664093017,4020.745239257813,1780.7464599609375,0.4379443228244781,40.0,,0.0,0.0,40.0,0.0,1.5036682128906271,17.503668212890627,Leave_One_experiments/all_year_offline_schedule_search/daily_outputs/FQA/FQA_2011_FQA2011_stress_grid_S0008_daily.csv
FQA,FQA,Fengqiu,2011,Leave_One_experiments\wth_generated_qc\FQA\FQA2011.WTH,wet_year;water_stress_year;nitrogen_stress_year,water_stress,FQA2011_stress_grid_S0008,pareto_balanced,2011-09-03,246,90,85,"{""sim_day"": 90.0, ""doy"": 246.0, ""topwt"": 4026.943359375, ""grnwt"": 1786.944580078125, ""xlai"": 0.424532413482666, ""totir"": 40.0, ""tofer"": NaN, ""swfac"": 0.0, ""nstres"": 0.3349941968917846}",0.0,0.3349941968917846,4026.943359375,1786.944580078125,0.424532413482666,40.0,,0.0,0.0,40.0,0.0,1.5036682128906271,17.503668212890627,Leave_One_experiments/all_year_offline_schedule_search/daily_outputs/FQA/FQA_2011_FQA2011_stress_grid_S0008_daily.csv
FQA,FQA,Fengqiu,2011,Leave_One_experiments\wth_generated_qc\FQA\FQA2011.WTH,wet_year;water_stress_year;nitrogen_stress_year,water_stress,FQA2011_stress_grid_S0008,pareto_balanced,2011-09-04,247,91,86,"{""sim_day"": 91.0, ""doy"": 247.0, ""topwt"": 4051.166076660156, ""grnwt"": 1811.1671447753904, ""xlai"": 0.4125097692012787, ""totir"": 40.0, ""tofer"": NaN, ""swfac"": 0.0, ""nstres"": 0.2796759009361267}",0.0,0.2796759009361267,4051.166076660156,1811.1671447753904,0.4125097692012787,40.0,,0.0,0.0,40.0,0.0,1.5036682128906271,17.503668212890627,Leave_One_experiments/all_year_offline_schedule_search/daily_outputs/FQA/FQA_2011_FQA2011_stress_grid_S0008_daily.csv
FQA,FQA,Fengqiu,2011,Leave_One_experiments\wth_generated_qc\FQA\FQA2011.WTH,wet_year;water_stress_year;nitrogen_stress_year,water_stress,FQA2011_stress_grid_S0008,pareto_balanced,2011-09-05,248,92,87,"{""sim_day"": 92.0, ""doy"": 248.0, ""topwt"": 4072.503662109375, ""grnwt"": 1832.5047302246091, ""xlai"": 0.4012537002563476, ""totir"": 40.0, ""tofer"": NaN, ""swfac"": 0.0, ""nstres"": 0.2548827528953552}",0.0,0.2548827528953552,4072.503662109375,1832.5047302246091,0.4012537002563476,40.0,,0.0,0.0,40.0,0.0,1.5036682128906271,17.503668212890627,Leave_One_experiments/all_year_offline_schedule_search/daily_outputs/FQA/FQA_2011_FQA2011_stress_grid_S0008_daily.csv
FQA,FQA,Fengqiu,2011,Leave_One_experiments\wth_generated_qc\FQA\FQA2011.WTH,wet_year;water_stress_year;nitrogen_stress_year,water_stress,FQA2011_stress_grid_S0008,pareto_balanced,2011-09-06,249,93,88,"{""sim_day"": 93.0, ""doy"": 249.0, ""topwt"": 4085.3070068359375, ""grnwt"": 1845.308074951172, ""xlai"": 0.3906085789203644, ""totir"": 40.0, ""tofer"": NaN, ""swfac"": 0.0, ""nstres"": 0.2367125749588012}",0.0,0.2367125749588012,4085.3070068359375,1845.308074951172,0.3906085789203644,40.0,,0.0,0.0,40.0,0.0,1.5036682128906271,17.503668212890627,Leave_One_experiments/all_year_offline_schedule_search/daily_outputs/FQA/FQA_2011_FQA2011_stress_grid_S0008_daily.csv
FQA,FQA,Fengqiu,2011,Leave_One_experiments\wth_generated_qc\FQA\FQA2011.WTH,wet_year;water_stress_year;nitrogen_stress_year,water_stress,FQA2011_stress_grid_S0008,pareto_balanced,2011-09-07,250,94,89,"{""sim_day"": 94.0, ""doy"": 250.0, ""topwt"": 4099.088134765625, ""grnwt"": 1859.0890502929688, ""xlai"": 0.3807294964790344, ""totir"": 40.0, ""tofer"": NaN, ""swfac"": 0.0, ""nstres"": 0.206999123096466}",0.0,0.206999123096466,4099.088134765625,1859.0890502929688,0.3807294964790344,40.0,,0.0,0.0,40.0,0.0,1.5036682128906271,17.503668212890627,Leave_One_experiments/all_year_offline_schedule_search/daily_outputs/FQA/FQA_2011_FQA2011_stress_grid_S0008_daily.csv
FQA,FQA,Fengqiu,2011,Leave_One_experiments\wth_generated_qc\FQA\FQA2011.WTH,wet_year;water_stress_year;nitrogen_stress_year,water_stress,FQA2011_stress_grid_S0008,pareto_balanced,2011-09-08,251,95,90,"{""sim_day"": 95.0, ""doy"": 251.0, ""topwt"": 4131.512756347656, ""grnwt"": 1891.5138244628904, ""xlai"": 0.3714316189289093, ""totir"": 40.0, ""tofer"": NaN, ""swfac"": 0.0, ""nstres"": 0.1953701376914978}",0.0,0.1953701376914978,4131.512756347656,1891.5138244628904,0.3714316189289093,40.0,,0.0,0.0,40.0,0.0,1.5036682128906271,17.503668212890627,Leave_One_experiments/all_year_offline_schedule_search/daily_outputs/FQA/FQA_2011_FQA2011_stress_grid_S0008_daily.csv
FQA,FQA,Fengqiu,2011,Leave_One_experiments\wth_generated_qc\FQA\FQA2011.WTH,wet_year;water_stress_year;nitrogen_stress_year,water_stress,FQA2011_stress_grid_S0008,pareto_balanced,2011-09-09,252,96,91,"{""sim_day"": 96.0, ""doy"": 252.0, ""topwt"": 4158.22998046875, ""grnwt"": 1918.2308959960935, ""xlai"": 0.3623025417327881, ""totir"": 40.0, ""tofer"": NaN, ""swfac"": 0.0, ""nstres"": 0.1966262459754943}",0.0,0.1966262459754943,4158.22998046875,1918.2308959960935,0.3623025417327881,40.0,,0.0,0.0,40.0,0.0,1.5036682128906271,17.503668212890627,Leave_One_experiments/all_year_offline_schedule_search/daily_outputs/FQA/FQA_2011_FQA2011_stress_grid_S0008_daily.csv
FQA,FQA,Fengqiu,2011,Leave_One_experiments\wth_generated_qc\FQA\FQA2011.WTH,wet_year;water_stress_year;nitrogen_stress_year,water_stress,FQA2011_stress_grid_S0008,pareto_balanced,2011-09-10,253,97,92,"{""sim_day"": 97.0, ""doy"": 253.0, ""topwt"": 4164.5794677734375, ""grnwt"": 1924.5806884765625, ""xlai"": 0.3534096479415893, ""totir"": 40.0, ""tofer"": NaN, ""swfac"": 0.0, ""nstres"": 0.1963640451431274}",0.0,0.1963640451431274,4164.5794677734375,1924.5806884765625,0.3534096479415893,40.0,,0.0,0.0,40.0,0.0,1.5036682128906271,17.503668212890627,Leave_One_experiments/all_year_offline_schedule_search/daily_outputs/FQA/FQA_2011_FQA2011_stress_grid_S0008_daily.csv
FQA,FQA,Fengqiu,2011,Leave_One_experiments\wth_generated_qc\FQA\FQA2011.WTH,wet_year;water_stress_year;nitrogen_stress_year,water_stress,FQA2011_stress_grid_S0008,pareto_balanced,2011-09-11,254,98,93,"{""sim_day"": 98.0, ""doy"": 254.0, ""topwt"": 4171.611328125, ""grnwt"": 1931.612548828125, ""xlai"": 0.3451909124851227, ""totir"": 40.0, ""tofer"": NaN, ""swfac"": 0.0, ""nstres"": 0.1860442757606506}",0.0,0.1860442757606506,4171.611328125,1931.612548828125,0.3451909124851227,40.0,,0.0,0.0,40.0,0.0,1.5036682128906271,17.503668212890627,Leave_One_experiments/all_year_offline_schedule_search/daily_outputs/FQA/FQA_2011_FQA2011_stress_grid_S0008_daily.csv
FQA,FQA,Fengqiu,2011,Leave_One_experiments\wth_generated_qc\FQA\FQA2011.WTH,wet_year;water_stress_year;nitrogen_stress_year,water_stress,FQA2011_stress_grid_S0008,pareto_balanced,2011-09-12,255,99,94,"{""sim_day"": 99.0, ""doy"": 255.0, ""topwt"": 4177.125549316406, ""grnwt"": 1937.1266174316409, ""xlai"": 0.337662011384964, ""totir"": 40.0, ""tofer"": NaN, ""swfac"": 0.0, ""nstres"": 0.1744856834411621}",0.0,0.1744856834411621,4177.125549316406,1937.1266174316409,0.337662011384964,40.0,,0.0,0.0,40.0,0.0,1.5036682128906271,17.503668212890627,Leave_One_experiments/all_year_offline_schedule_search/daily_outputs/FQA/FQA_2011_FQA2011_stress_grid_S0008_daily.csv
FQA,FQA,Fengqiu,2011,Leave_One_experiments\wth_generated_qc\FQA\FQA2011.WTH,wet_year;water_stress_year;nitrogen_stress_year,water_stress,FQA2011_stress_grid_S0008,pareto_balanced,2011-09-13,256,100,95,"{""sim_day"": 100.0, ""doy"": 256.0, ""topwt"": 4188.737182617188, ""grnwt"": 1948.7382507324216, ""xlai"": 0.3305290937423706, ""totir"": 40.0, ""tofer"": NaN, ""swfac"": 0.0, ""nstres"": 0.1689954400062561}",0.0,0.1689954400062561,4188.737182617188,1948.7382507324216,0.3305290937423706,40.0,,0.0,0.0,40.0,0.0,1.5036682128906271,17.503668212890627,Leave_One_experiments/all_year_offline_schedule_search/daily_outputs/FQA/FQA_2011_FQA2011_stress_grid_S0008_daily.csv
FQA,FQA,Fengqiu,2011,Leave_One_experiments\wth_generated_qc\FQA\FQA2011.WTH,wet_year;water_stress_year;nitrogen_stress_year,water_stress,FQA2011_stress_grid_S0008,pareto_balanced,2011-09-14,257,101,96,"{""sim_day"": 101.0, ""doy"": 257.0, ""topwt"": 4208.390502929688, ""grnwt"": 1968.3917236328125, ""xlai"": 0.323671281337738, ""totir"": 40.0, ""tofer"": NaN, ""swfac"": 0.0, ""nstres"": 0.1659824252128601}",0.0,0.1659824252128601,4208.390502929688,1968.3917236328125,0.323671281337738,40.0,,0.0,0.0,40.0,0.0,1.5036682128906271,17.503668212890627,Leave_One_experiments/all_year_offline_schedule_search/daily_outputs/FQA/FQA_2011_FQA2011_stress_grid_S0008_daily.csv
FQA,FQA,Fengqiu,2011,Leave_One_experiments\wth_generated_qc\FQA\FQA2011.WTH,wet_year;water_stress_year;nitrogen_stress_year,water_stress,FQA2011_stress_grid_S0008,pareto_balanced,2011-09-15,258,102,97,"{""sim_day"": 102.0, ""doy"": 258.0, ""topwt"": 4254.229431152344, ""grnwt"": 2014.230499267578, ""xlai"": 0.3168797791004181, ""totir"": 40.0, ""tofer"": NaN, ""swfac"": 0.0, ""nstres"": 0.1678624153137207}",0.0,0.1678624153137207,4254.229431152344,2014.230499267578,0.3168797791004181,40.0,,0.0,0.0,40.0,0.0,1.5036682128906271,17.503668212890627,Leave_One_experiments/all_year_offline_schedule_search/daily_outputs/FQA/FQA_2011_FQA2011_stress_grid_S0008_daily.csv
FQA,FQA,Fengqiu,2011,Leave_One_experiments\wth_generated_qc\FQA\FQA2011.WTH,wet_year;water_stress_year;nitrogen_stress_year,water_stress,FQA2011_stress_grid_S0008,pareto_balanced,2011-09-16,259,103,98,"{""sim_day"": 103.0, ""doy"": 259.0, ""topwt"": 4260.61767578125, ""grnwt"": 2020.6185913085935, ""xlai"": 0.3095478415489197, ""totir"": 40.0, ""tofer"": NaN, ""swfac"": 0.0, ""nstres"": 0.185103178024292}",0.0,0.185103178024292,4260.61767578125,2020.6185913085935,0.3095478415489197,40.0,,0.0,0.0,40.0,0.0,1.5036682128906271,17.503668212890627,Leave_One_experiments/all_year_offline_schedule_search/daily_outputs/FQA/FQA_2011_FQA2011_stress_grid_S0008_daily.csv
FQA,FQA,Fengqiu,2011,Leave_One_experiments\wth_generated_qc\FQA\FQA2011.WTH,wet_year;water_stress_year;nitrogen_stress_year,water_stress,FQA2011_stress_grid_S0008,pareto_balanced,2011-09-17,260,104,99,"{""sim_day"": 104.0, ""doy"": 260.0, ""topwt"": 4270.801086425781, ""grnwt"": 2030.802154541016, ""xlai"": 0.3024088740348816, ""totir"": 40.0, ""tofer"": NaN, ""swfac"": 0.0, ""nstres"": 0.1844990253448486}",0.0,0.1844990253448486,4270.801086425781,2030.802154541016,0.3024088740348816,40.0,,0.0,0.0,40.0,0.0,1.5036682128906271,17.503668212890627,Leave_One_experiments/all_year_offline_schedule_search/daily_outputs/FQA/FQA_2011_FQA2011_stress_grid_S0008_daily.csv
FQA,FQA,Fengqiu,2011,Leave_One_experiments\wth_generated_qc\FQA\FQA2011.WTH,wet_year;water_stress_year;nitrogen_stress_year,water_stress,FQA2011_stress_grid_S0008,pareto_balanced,2011-09-18,261,105,100,"{""sim_day"": 105.0, ""doy"": 261.0, ""topwt"": 4331.294860839844, ""grnwt"": 2091.295928955078, ""xlai"": 0.2953535914421081, ""totir"": 40.0, ""tofer"": NaN, ""swfac"": 0.0, ""nstres"": 0.1866425275802612}",0.0,0.1866425275802612,4331.294860839844,2091.295928955078,0.2953535914421081,40.0,,0.0,0.0,40.0,0.0,1.5036682128906271,17.503668212890627,Leave_One_experiments/all_year_offline_schedule_search/daily_outputs/FQA/FQA_2011_FQA2011_stress_grid_S0008_daily.csv
FQA,FQA,Fengqiu,2011,Leave_One_experiments\wth_generated_qc\FQA\FQA2011.WTH,wet_year;water_stress_year;nitrogen_stress_year,water_stress,FQA2011_stress_grid_S0008,pareto_balanced,2011-09-19,262,106,101,"{""sim_day"": 106.0, ""doy"": 262.0, ""topwt"": 4390.3656005859375, ""grnwt"": 2150.3668212890625, ""xlai"": 0.2876048684120178, ""totir"": 40.0, ""tofer"": NaN, ""swfac"": 0.0, ""nstres"": 0.2296527028083801}",0.0,0.2296527028083801,4390.3656005859375,2150.3668212890625,0.2876048684120178,40.0,,0.0,0.0,40.0,0.0,1.5036682128906271,17.503668212890627,Leave_One_experiments/all_year_offline_schedule_search/daily_outputs/FQA/FQA_2011_FQA2011_stress_grid_S0008_daily.csv
FQA,FQA,Fengqiu,2011,Leave_One_experiments\wth_generated_qc\FQA\FQA2011.WTH,wet_year;water_stress_year;nitrogen_stress_year,water_stress,FQA2011_stress_grid_S0008,pareto_balanced,2011-09-20,263,107,102,"{""sim_day"": 107.0, ""doy"": 263.0, ""topwt"": 4390.3656005859375, ""grnwt"": 2150.3668212890625, ""xlai"": 0.2876048684120178, ""totir"": 40.0, ""tofer"": NaN, ""swfac"": 0.0, ""nstres"": 0.2991827726364136}",0.0,0.2991827726364136,4390.3656005859375,2150.3668212890625,0.2876048684120178,40.0,,0.0,0.0,40.0,0.0,1.5036682128906271,17.503668212890627,Leave_One_experiments/all_year_offline_schedule_search/daily_outputs/FQA/FQA_2011_FQA2011_stress_grid_S0008_daily.csv
FQA,FQA,Fengqiu,2011,Leave_One_experiments\wth_generated_qc\FQA\FQA2011.WTH,wet_year;water_stress_year;nitrogen_stress_year,water_stress,FQA2011_stress_grid_S0008,pareto_balanced,2011-09-21,264,108,103,"{""sim_day"": 108.0, ""doy"": 264.0, ""topwt"": 4390.3656005859375, ""grnwt"": 2150.3668212890625, ""xlai"": 0.2876048684120178, ""totir"": 40.0, ""tofer"": NaN, ""swfac"": 0.0, ""nstres"": 0.2991827726364136}",0.0,0.2991827726364136,4390.3656005859375,2150.3668212890625,0.2876048684120178,40.0,,0.0,0.0,40.0,0.0,1.5036682128906271,17.503668212890627,Leave_One_experiments/all_year_offline_schedule_search/daily_outputs/FQA/FQA_2011_FQA2011_stress_grid_S0008_daily.csv
FQA,FQA,Fengqiu,2011,Leave_One_experiments\wth_generated_qc\FQA\FQA2011.WTH,wet_year;water_stress_year;nitrogen_stress_year,water_stress,FQA2011_stress_grid_S0008,pareto_balanced,2011-09-22,265,109,104,"{""sim_day"": 109.0, ""doy"": 265.0, ""topwt"": 4390.3656005859375, ""grnwt"": 2150.3668212890625, ""xlai"": 0.2876048684120178, ""totir"": 40.0, ""tofer"": NaN, ""swfac"": 0.0, ""nstres"": 0.2991827726364136}",0.0,0.2991827726364136,4390.3656005859375,2150.3668212890625,0.2876048684120178,40.0,,0.0,0.0,40.0,0.0,1.5036682128906271,17.503668212890627,Leave_One_experiments/all_year_offline_schedule_search/daily_outputs/FQA/FQA_2011_FQA2011_stress_grid_S0008_daily.csv
FQA,FQA,Fengqiu,2011,Leave_One_experiments\wth_generated_qc\FQA\FQA2011.WTH,wet_year;water_stress_year;nitrogen_stress_year,water_stress,FQA2011_stress_grid_S0008,pareto_balanced,2011-09-23,266,110,105,"{""sim_day"": 110.0, ""doy"": 266.0, ""topwt"": 4390.3656005859375, ""grnwt"": 2150.3668212890625, ""xlai"": 0.2876048684120178, ""totir"": 40.0, ""tofer"": NaN, ""swfac"": 0.0, ""nstres"": 0.2991827726364136}",0.0,0.2991827726364136,4390.3656005859375,2150.3668212890625,0.2876048684120178,40.0,,0.0,0.0,40.0,0.0,1.5036682128906271,17.503668212890627,Leave_One_experiments/all_year_offline_schedule_search/daily_outputs/FQA/FQA_2011_FQA2011_stress_grid_S0008_daily.csv
FQA,FQA,Fengqiu,2013,Leave_One_experiments\wth_generated_qc\FQA\FQA2013.WTH,wet_year;nitrogen_stress_year;low_response_year,wet,FQA2013_normal_grid_S0013,irrigation_positive_candidate,2013-06-11,162,1,1,"{""sim_day"": 1.0, ""doy"": 162.0, ""topwt"": 0.0, ""grnwt"": 0.0, ""xlai"": 0.0, ""totir"": 0.0, ""tofer"": NaN, ""swfac"": 0.0, ""nstres"": 0.0}",0.0,0.0,0.0,0.0,0.0,0.0,,0.0,50.0,30.0,150.0,21.416607666015626,33.41660766601562,Leave_One_experiments/all_year_offline_schedule_search/daily_outputs/FQA/FQA_2013_FQA2013_normal_grid_S0013_daily.csv
FQA,FQA,Fengqiu,2013,Leave_One_experiments\wth_generated_qc\FQA\FQA2013.WTH,wet_year;nitrogen_stress_year;low_response_year,wet,FQA2013_normal_grid_S0013,irrigation_positive_candidate,2013-06-12,163,2,2,"{""sim_day"": 2.0, ""doy"": 163.0, ""topwt"": 0.0, ""grnwt"": 0.0, ""xlai"": 0.0, ""totir"": 0.0, ""tofer"": NaN, ""swfac"": 0.0, ""nstres"": 0.0}",0.0,0.0,0.0,0.0,0.0,0.0,,0.0,0.0,30.0,150.0,21.416607666015626,33.41660766601562,Leave_One_experiments/all_year_offline_schedule_search/daily_outputs/FQA/FQA_2013_FQA2013_normal_grid_S0013_daily.csv
FQA,FQA,Fengqiu,2013,Leave_One_experiments\wth_generated_qc\FQA\FQA2013.WTH,wet_year;nitrogen_stress_year;low_response_year,wet,FQA2013_normal_grid_S0013,irrigation_positive_candidate,2013-06-13,164,3,3,"{""sim_day"": 3.0, ""doy"": 164.0, ""topwt"": 0.0, ""grnwt"": 0.0, ""xlai"": 0.0, ""totir"": 0.0, ""tofer"": NaN, ""swfac"": 0.0, ""nstres"": 0.0}",0.0,0.0,0.0,0.0,0.0,0.0,,0.0,0.0,30.0,150.0,21.416607666015626,33.41660766601562,Leave_One_experiments/all_year_offline_schedule_search/daily_outputs/FQA/FQA_2013_FQA2013_normal_grid_S0013_daily.csv
FQA,FQA,Fengqiu,2013,Leave_One_experiments\wth_generated_qc\FQA\FQA2013.WTH,wet_year;nitrogen_stress_year;low_response_year,wet,FQA2013_normal_grid_S0013,irrigation_positive_candidate,2013-06-14,165,4,4,"{""sim_day"": 4.0, ""doy"": 165.0, ""topwt"": 0.0, ""grnwt"": 0.0, ""xlai"": 0.0, ""totir"": 0.0, ""tofer"": NaN, ""swfac"": 0.0, ""nstres"": 0.0}",0.0,0.0,0.0,0.0,0.0,0.0,,0.0,0.0,30.0,150.0,21.416607666015626,33.41660766601562,Leave_One_experiments/all_year_offline_schedule_search/daily_outputs/FQA/FQA_2013_FQA2013_normal_grid_S0013_daily.csv
FQA,FQA,Fengqiu,2013,Leave_One_experiments\wth_generated_qc\FQA\FQA2013.WTH,wet_year;nitrogen_stress_year;low_response_year,wet,FQA2013_normal_grid_S0013,irrigation_positive_candidate,2013-06-15,166,5,5,"{""sim_day"": 5.0, ""doy"": 166.0, ""topwt"": 0.0, ""grnwt"": 0.0, ""xlai"": 0.0, ""totir"": 0.0, ""tofer"": NaN, ""swfac"": 0.0, ""nstres"": 0.0}",0.0,0.0,0.0,0.0,0.0,0.0,,0.0,0.0,30.0,150.0,21.416607666015626,33.41660766601562,Leave_One_experiments/all_year_offline_schedule_search/daily_outputs/FQA/FQA_2013_FQA2013_normal_grid_S0013_daily.csv
FQA,FQA,Fengqiu,2013,Leave_One_experiments\wth_generated_qc\FQA\FQA2013.WTH,wet_year;nitrogen_stress_year;low_response_year,wet,FQA2013_normal_grid_S0013,irrigation_positive_candidate,2013-06-11,162,6,1,"{""sim_day"": 6.0, ""doy"": 162.0, ""topwt"": 0.0, ""grnwt"": 0.0, ""xlai"": 0.0, ""totir"": 0.0, ""tofer"": NaN, ""swfac"": 0.0, ""nstres"": 0.0}",0.0,0.0,0.0,0.0,0.0,0.0,,0.0,0.0,30.0,150.0,21.416607666015626,33.41660766601562,Leave_One_experiments/all_year_offline_schedule_search/daily_outputs/FQA/FQA_2013_FQA2013_normal_grid_S0013_daily.csv
FQA,FQA,Fengqiu,2013,Leave_One_experiments\wth_generated_qc\FQA\FQA2013.WTH,wet_year;nitrogen_stress_year;low_response_year,wet,FQA2013_normal_grid_S0013,irrigation_positive_candidate,2013-06-12,163,7,2,"{""sim_day"": 7.0, ""doy"": 163.0, ""topwt"": 0.0, ""grnwt"": 0.0, ""xlai"": 0.0, ""totir"": 0.0, ""tofer"": NaN, ""swfac"": 0.0, ""nstres"": 0.0}",0.0,0.0,0.0,0.0,0.0,0.0,,0.0,0.0,30.0,150.0,21.416607666015626,33.41660766601562,Leave_One_experiments/all_year_offline_schedule_search/daily_outputs/FQA/FQA_2013_FQA2013_normal_grid_S0013_daily.csv
FQA,FQA,Fengqiu,2013,Leave_One_experiments\wth_generated_qc\FQA\FQA2013.WTH,wet_year;nitrogen_stress_year;low_response_year,wet,FQA2013_normal_grid_S0013,irrigation_positive_candidate,2013-06-13,164,8,3,"{""sim_day"": 8.0, ""doy"": 164.0, ""topwt"": 0.0, ""grnwt"": 0.0, ""xlai"": 0.0, ""totir"": 0.0, ""tofer"": NaN, ""swfac"": 0.0, ""nstres"": 0.0}",0.0,0.0,0.0,0.0,0.0,0.0,,0.0,0.0,30.0,150.0,21.416607666015626,33.41660766601562,Leave_One_experiments/all_year_offline_schedule_search/daily_outputs/FQA/FQA_2013_FQA2013_normal_grid_S0013_daily.csv
FQA,FQA,Fengqiu,2013,Leave_One_experiments\wth_generated_qc\FQA\FQA2013.WTH,wet_year;nitrogen_stress_year;low_response_year,wet,FQA2013_normal_grid_S0013,irrigation_positive_candidate,2013-06-14,165,9,4,"{""sim_day"": 9.0, ""doy"": 165.0, ""topwt"": 0.0, ""grnwt"": 0.0, ""xlai"": 0.0, ""totir"": 0.0, ""tofer"": NaN, ""swfac"": 0.0, ""nstres"": 0.0}",0.0,0.0,0.0,0.0,0.0,0.0,,0.0,0.0,30.0,150.0,21.416607666015626,33.41660766601562,Leave_One_experiments/all_year_offline_schedule_search/daily_outputs/FQA/FQA_2013_FQA2013_normal_grid_S0013_daily.csv
FQA,FQA,Fengqiu,2013,Leave_One_experiments\wth_generated_qc\FQA\FQA2013.WTH,wet_year;nitrogen_stress_year;low_response_year,wet,FQA2013_normal_grid_S0013,irrigation_positive_candidate,2013-06-15,166,10,5,"{""sim_day"": 10.0, ""doy"": 166.0, ""topwt"": 32.00000047683716, ""grnwt"": 0.0, ""xlai"": 0.003542817896232, ""totir"": 0.0, ""tofer"": NaN, ""swfac"": 0.0, ""nstres"": 0.0121910572052001}",0.0,0.0121910572052001,32.00000047683716,0.0,0.003542817896232,0.0,,0.0,0.0,30.0,150.0,21.416607666015626,33.41660766601562,Leave_One_experiments/all_year_offline_schedule_search/daily_outputs/FQA/FQA_2013_FQA2013_normal_grid_S0013_daily.csv
FQA,FQA,Fengqiu,2013,Leave_One_experiments\wth_generated_qc\FQA\FQA2013.WTH,wet_year;nitrogen_stress_year;low_response_year,wet,FQA2013_normal_grid_S0013,irrigation_positive_candidate,2013-06-16,167,11,6,"{""sim_day"": 11.0, ""doy"": 167.0, ""topwt"": 32.00000047683716, ""grnwt"": 0.0, ""xlai"": 0.0068104299716651, ""totir"": 0.0, ""tofer"": NaN, ""swfac"": 0.0, ""nstres"": 0.0}",0.0,0.0,32.00000047683716,0.0,0.0068104299716651,0.0,,0.0,0.0,30.0,150.0,21.416607666015626,33.41660766601562,Leave_One_experiments/all_year_offline_schedule_search/daily_outputs/FQA/FQA_2013_FQA2013_normal_grid_S0013_daily.csv
FQA,FQA,Fengqiu,2013,Leave_One_experiments\wth_generated_qc\FQA\FQA2013.WTH,wet_year;nitrogen_stress_year;low_response_year,wet,FQA2013_normal_grid_S0013,irrigation_positive_candidate,2013-06-17,168,12,7,"{""sim_day"": 12.0, ""doy"": 168.0, ""topwt"": 32.00000047683716, ""grnwt"": 0.0, ""xlai"": 0.0098160924389958, ""totir"": 0.0, ""tofer"": NaN, ""swfac"": 0.0, ""nstres"": 0.0}",0.0,0.0,32.00000047683716,0.0,0.0098160924389958,0.0,,0.0,0.0,30.0,150.0,21.416607666015626,33.41660766601562,Leave_One_experiments/all_year_offline_schedule_search/daily_outputs/FQA/FQA_2013_FQA2013_normal_grid_S0013_daily.csv
FQA,FQA,Fengqiu,2013,Leave_One_experiments\wth_generated_qc\FQA\FQA2013.WTH,wet_year;nitrogen_stress_year;low_response_year,wet,FQA2013_normal_grid_S0013,irrigation_positive_candidate,2013-06-18,169,13,8,"{""sim_day"": 13.0, ""doy"": 169.0, ""topwt"": 32.00000047683716, ""grnwt"": 0.0, ""xlai"": 0.0133564453572034, ""totir"": 0.0, ""tofer"": NaN, ""swfac"": 0.0, ""nstres"": 0.0}",0.0,0.0,32.00000047683716,0.0,0.0133564453572034,0.0,,0.0,0.0,30.0,150.0,21.416607666015626,33.41660766601562,Leave_One_experiments/all_year_offline_schedule_search/daily_outputs/FQA/FQA_2013_FQA2013_normal_grid_S0013_daily.csv
FQA,FQA,Fengqiu,2013,Leave_One_experiments\wth_generated_qc\FQA\FQA2013.WTH,wet_year;nitrogen_stress_year;low_response_year,wet,FQA2013_normal_grid_S0013,irrigation_positive_candidate,2013-06-19,170,14,9,"{""sim_day"": 14.0, ""doy"": 170.0, ""topwt"": 32.00000047683716, ""grnwt"": 0.0, ""xlai"": 0.0173755548894405, ""totir"": 0.0, ""tofer"": NaN, ""swfac"": 0.0, ""nstres"": 0.0}",0.0,0.0,32.00000047683716,0.0,0.0173755548894405,0.0,,0.0,0.0,30.0,150.0,21.416607666015626,33.41660766601562,Leave_One_experiments/all_year_offline_schedule_search/daily_outputs/FQA/FQA_2013_FQA2013_normal_grid_S0013_daily.csv
FQA,FQA,Fengqiu,2013,Leave_One_experiments\wth_generated_qc\FQA\FQA2013.WTH,wet_year;nitrogen_stress_year;low_response_year,wet,FQA2013_normal_grid_S0013,irrigation_positive_candidate,2013-06-20,171,15,10,"{""sim_day"": 15.0, ""doy"": 171.0, ""topwt"": 32.00000047683716, ""grnwt"": 0.0, ""xlai"": 0.0208528526127338, ""totir"": 0.0, ""tofer"": NaN, ""swfac"": 0.0, ""nstres"": 0.0}",0.0,0.0,32.00000047683716,0.0,0.0208528526127338,0.0,,0.0,0.0,30.0,150.0,21.416607666015626,33.41660766601562,Leave_One_experiments/all_year_offline_schedule_search/daily_outputs/FQA/FQA_2013_FQA2013_normal_grid_S0013_daily.csv
FQA,FQA,Fengqiu,2013,Leave_One_experiments\wth_generated_qc\FQA\FQA2013.WTH,wet_year;nitrogen_stress_year;low_response_year,wet,FQA2013_normal_grid_S0013,irrigation_positive_candidate,2013-06-21,172,16,11,"{""sim_day"": 16.0, ""doy"": 172.0, ""topwt"": 23.84869337081909, ""grnwt"": 0.0, ""xlai"": 0.0331518873572349, ""totir"": 0.0, ""tofer"": NaN, ""swfac"": 0.0, ""nstres"": 0.0}",0.0,0.0,23.84869337081909,0.0,0.0331518873572349,0.0,,0.0,0.0,30.0,150.0,21.416607666015626,33.41660766601562,Leave_One_experiments/all_year_offline_schedule_search/daily_outputs/FQA/FQA_2013_FQA2013_normal_grid_S0013_daily.csv
FQA,FQA,Fengqiu,2013,Leave_One_experiments\wth_generated_qc\FQA\FQA2013.WTH,wet_year;nitrogen_stress_year;low_response_year,wet,FQA2013_normal_grid_S0013,irrigation_positive_candidate,2013-06-22,173,17,12,"{""sim_day"": 17.0, ""doy"": 173.0, ""topwt"": 28.248732089996334, ""grnwt"": 0.0, ""xlai"": 0.0472590774297714, ""totir"": 0.0, ""tofer"": NaN, ""swfac"": 0.0, ""nstres"": 0.0}",0.0,0.0,28.248732089996334,0.0,0.0472590774297714,0.0,,0.0,0.0,30.0,150.0,21.416607666015626,33.41660766601562,Leave_One_experiments/all_year_offline_schedule_search/daily_outputs/FQA/FQA_2013_FQA2013_normal_grid_S0013_daily.csv
FQA,FQA,Fengqiu,2013,Leave_One_experiments\wth_generated_qc\FQA\FQA2013.WTH,wet_year;nitrogen_stress_year;low_response_year,wet,FQA2013_normal_grid_S0013,irrigation_positive_candidate,2013-06-23,174,18,13,"{""sim_day"": 18.0, ""doy"": 174.0, ""topwt"": 33.70046615600586, ""grnwt"": 0.0, ""xlai"": 0.0633482336997985, ""totir"": 0.0, ""tofer"": NaN, ""swfac"": 0.0, ""nstres"": 0.0}",0.0,0.0,33.70046615600586,0.0,0.0633482336997985,0.0,,0.0,0.0,30.0,150.0,21.416607666015626,33.41660766601562,Leave_One_experiments/all_year_offline_schedule_search/daily_outputs/FQA/FQA_2013_FQA2013_normal_grid_S0013_daily.csv
FQA,FQA,Fengqiu,2013,Leave_One_experiments\wth_generated_qc\FQA\FQA2013.WTH,wet_year;nitrogen_stress_year;low_response_year,wet,FQA2013_normal_grid_S0013,irrigation_positive_candidate,2013-06-24,175,19,14,"{""sim_day"": 19.0, ""doy"": 175.0, ""topwt"": 40.98158836364746, ""grnwt"": 0.0, ""xlai"": 0.0833106562495231, ""totir"": 0.0, ""tofer"": NaN, ""swfac"": 0.0, ""nstres"": 0.0}",0.0,0.0,40.98158836364746,0.0,0.0833106562495231,0.0,,0.0,0.0,30.0,150.0,21.416607666015626,33.41660766601562,Leave_One_experiments/all_year_offline_schedule_search/daily_outputs/FQA/FQA_2013_FQA2013_normal_grid_S0013_daily.csv
FQA,FQA,Fengqiu,2013,Leave_One_experiments\wth_generated_qc\FQA\FQA2013.WTH,wet_year;nitrogen_stress_year;low_response_year,wet,FQA2013_normal_grid_S0013,irrigation_positive_candidate,2013-06-25,176,20,15,"{""sim_day"": 20.0, ""doy"": 176.0, ""topwt"": 48.29512596130371, ""grnwt"": 0.0, ""xlai"": 0.1021565049886703, ""totir"": 0.0, ""tofer"": NaN, ""swfac"": 0.0, ""nstres"": 0.0}",0.0,0.0,48.29512596130371,0.0,0.1021565049886703,0.0,,0.0,0.0,30.0,150.0,21.416607666015626,33.41660766601562,Leave_One_experiments/all_year_offline_schedule_search/daily_outputs/FQA/FQA_2013_FQA2013_normal_grid_S0013_daily.csv
FQA,FQA,Fengqiu,2013,Leave_One_experiments\wth_generated_qc\FQA\FQA2013.WTH,wet_year;nitrogen_stress_year;low_response_year,wet,FQA2013_normal_grid_S0013,irrigation_positive_candidate,2013-06-26,177,21,16,"{""sim_day"": 21.0, ""doy"": 177.0, ""topwt"": 58.70063304901123, ""grnwt"": 0.0, ""xlai"": 0.1274983137845993, ""totir"": 0.0, ""tofer"": NaN, ""swfac"": 0.0, ""nstres"": 0.0}",0.0,0.0,58.70063304901123,0.0,0.1274983137845993,0.0,,0.0,0.0,30.0,150.0,21.416607666015626,33.41660766601562,Leave_One_experiments/all_year_offline_schedule_search/daily_outputs/FQA/FQA_2013_FQA2013_normal_grid_S0013_daily.csv
FQA,FQA,Fengqiu,2013,Leave_One_experiments\wth_generated_qc\FQA\FQA2013.WTH,wet_year;nitrogen_stress_year;low_response_year,wet,FQA2013_normal_grid_S0013,irrigation_positive_candidate,2013-06-27,178,22,17,"{""sim_day"": 22.0, ""doy"": 178.0, ""topwt"": 71.35904788970947, ""grnwt"": 0.0, ""xlai"": 0.1566244214773178, ""totir"": 0.0, ""tofer"": NaN, ""swfac"": 0.0, ""nstres"": 0.0}",0.0,0.0,71.35904788970947,0.0,0.1566244214773178,0.0,,0.0,0.0,30.0,150.0,21.416607666015626,33.41660766601562,Leave_One_experiments/all_year_offline_schedule_search/daily_outputs/FQA/FQA_2013_FQA2013_normal_grid_S0013_daily.csv
FQA,FQA,Fengqiu,2013,Leave_One_experiments\wth_generated_qc\FQA\FQA2013.WTH,wet_year;nitrogen_stress_year;low_response_year,wet,FQA2013_normal_grid_S0013,irrigation_positive_candidate,2013-06-28,179,23,18,"{""sim_day"": 23.0, ""doy"": 179.0, ""topwt"": 84.37240600585938, ""grnwt"": 0.0, ""xlai"": 0.1851120293140411, ""totir"": 0.0, ""tofer"": NaN, ""swfac"": 0.0, ""nstres"": 0.0}",0.0,0.0,84.37240600585938,0.0,0.1851120293140411,0.0,,0.0,0.0,30.0,150.0,21.416607666015626,33.41660766601562,Leave_One_experiments/all_year_offline_schedule_search/daily_outputs/FQA/FQA_2013_FQA2013_normal_grid_S0013_daily.csv
FQA,FQA,Fengqiu,2013,Leave_One_experiments\wth_generated_qc\FQA\FQA2013.WTH,wet_year;nitrogen_stress_year;low_response_year,wet,FQA2013_normal_grid_S0013,irrigation_positive_candidate,2013-06-29,180,24,19,"{""sim_day"": 24.0, ""doy"": 180.0, ""topwt"": 99.85020637512208, ""grnwt"": 0.0, ""xlai"": 0.2175229489803314, ""totir"": 0.0, ""tofer"": NaN, ""swfac"": 0.0, ""nstres"": 0.0}",0.0,0.0,99.85020637512208,0.0,0.2175229489803314,0.0,,0.0,0.0,30.0,150.0,21.416607666015626,33.41660766601562,Leave_One_experiments/all_year_offline_schedule_search/daily_outputs/FQA/FQA_2013_FQA2013_normal_grid_S0013_daily.csv
FQA,FQA,Fengqiu,2013,Leave_One_experiments\wth_generated_qc\FQA\FQA2013.WTH,wet_year;nitrogen_stress_year;low_response_year,wet,FQA2013_normal_grid_S0013,irrigation_positive_candidate,2013-06-30,181,25,20,"{""sim_day"": 25.0, ""doy"": 181.0, ""topwt"": 118.67403984069824, ""grnwt"": 0.0, ""xlai"": 0.2542327046394348, ""totir"": 0.0, ""tofer"": NaN, ""swfac"": 0.0, ""nstres"": 0.0}",0.0,0.0,118.67403984069824,0.0,0.2542327046394348,0.0,,0.0,0.0,30.0,150.0,21.416607666015626,33.41660766601562,Leave_One_experiments/all_year_offline_schedule_search/daily_outputs/FQA/FQA_2013_FQA2013_normal_grid_S0013_daily.csv
FQA,FQA,Fengqiu,2013,Leave_One_experiments\wth_generated_qc\FQA\FQA2013.WTH,wet_year;nitrogen_stress_year;low_response_year,wet,FQA2013_normal_grid_S0013,irrigation_positive_candidate,2013-07-01,182,26,21,"{""sim_day"": 26.0, ""doy"": 182.0, ""topwt"": 137.1714210510254, ""grnwt"": 0.0, ""xlai"": 0.2909667789936065, ""totir"": 0.0, ""tofer"": NaN, ""swfac"": 0.0, ""nstres"": 0.0}",0.0,0.0,137.1714210510254,0.0,0.2909667789936065,0.0,,0.0,0.0,30.0,150.0,21.416607666015626,33.41660766601562,Leave_One_experiments/all_year_offline_schedule_search/daily_outputs/FQA/FQA_2013_FQA2013_normal_grid_S0013_daily.csv
FQA,FQA,Fengqiu,2013,Leave_One_experiments\wth_generated_qc\FQA\FQA2013.WTH,wet_year;nitrogen_stress_year;low_response_year,wet,FQA2013_normal_grid_S0013,irrigation_positive_candidate,2013-07-02,183,27,22,"{""sim_day"": 27.0, ""doy"": 183.0, ""topwt"": 157.43685722351074, ""grnwt"": 0.0, ""xlai"": 0.3296810388565063, ""totir"": 0.0, ""tofer"": NaN, ""swfac"": 0.0, ""nstres"": 0.0}",0.0,0.0,157.43685722351074,0.0,0.3296810388565063,0.0,,0.0,0.0,30.0,150.0,21.416607666015626,33.41660766601562,Leave_One_experiments/all_year_offline_schedule_search/daily_outputs/FQA/FQA_2013_FQA2013_normal_grid_S0013_daily.csv
FQA,FQA,Fengqiu,2013,Leave_One_experiments\wth_generated_qc\FQA\FQA2013.WTH,wet_year;nitrogen_stress_year;low_response_year,wet,FQA2013_normal_grid_S0013,irrigation_positive_candidate,2013-07-03,184,28,23,"{""sim_day"": 28.0, ""doy"": 184.0, ""topwt"": 170.68618774414062, ""grnwt"": 0.0, ""xlai"": 0.3541584014892578, ""totir"": 0.0, ""tofer"": NaN, ""swfac"": 0.0, ""nstres"": 0.0}",0.0,0.0,170.68618774414062,0.0,0.3541584014892578,0.0,,0.0,0.0,30.0,150.0,21.416607666015626,33.41660766601562,Leave_One_experiments/all_year_offline_schedule_search/daily_outputs/FQA/FQA_2013_FQA2013_normal_grid_S0013_daily.csv
FQA,FQA,Fengqiu,2013,Leave_One_experiments\wth_generated_qc\FQA\FQA2013.WTH,wet_year;nitrogen_stress_year;low_response_year,wet,FQA2013_normal_grid_S0013,irrigation_positive_candidate,2013-07-04,185,29,24,"{""sim_day"": 29.0, ""doy"": 185.0, ""topwt"": 190.39352416992188, ""grnwt"": 0.0, ""xlai"": 0.389399766921997, ""totir"": 0.0, ""tofer"": NaN, ""swfac"": 0.0, ""nstres"": 0.0}",0.0,0.0,190.39352416992188,0.0,0.389399766921997,0.0,,0.0,0.0,30.0,150.0,21.416607666015626,33.41660766601562,Leave_One_experiments/all_year_offline_schedule_search/daily_outputs/FQA/FQA_2013_FQA2013_normal_grid_S0013_daily.csv
FQA,FQA,Fengqiu,2013,Leave_One_experiments\wth_generated_qc\FQA\FQA2013.WTH,wet_year;nitrogen_stress_year;low_response_year,wet,FQA2013_normal_grid_S0013,irrigation_positive_candidate,2013-07-05,186,30,25,"{""sim_day"": 30.0, ""doy"": 186.0, ""topwt"": 213.62348556518555, ""grnwt"": 0.0, ""xlai"": 0.429386168718338, ""totir"": 0.0, ""tofer"": NaN, ""swfac"": 0.0, ""nstres"": 0.0}",0.0,0.0,213.62348556518555,0.0,0.429386168718338,0.0,,0.0,0.0,30.0,150.0,21.416607666015626,33.41660766601562,Leave_One_experiments/all_year_offline_schedule_search/daily_outputs/FQA/FQA_2013_FQA2013_normal_grid_S0013_daily.csv
FQA,FQA,Fengqiu,2013,Leave_One_experiments\wth_generated_qc\FQA\FQA2013.WTH,wet_year;nitrogen_stress_year;low_response_year,wet,FQA2013_normal_grid_S0013,irrigation_positive_candidate,2013-07-06,187,31,26,"{""sim_day"": 31.0, ""doy"": 187.0, ""topwt"": 242.64801025390625, ""grnwt"": 0.0, ""xlai"": 0.4773018062114715, ""totir"": 0.0, ""tofer"": NaN, ""swfac"": 0.0, ""nstres"": 0.0}",0.0,0.0,242.64801025390625,0.0,0.4773018062114715,0.0,,0.0,0.0,30.0,150.0,21.416607666015626,33.41660766601562,Leave_One_experiments/all_year_offline_schedule_search/daily_outputs/FQA/FQA_2013_FQA2013_normal_grid_S0013_daily.csv
FQA,FQA,Fengqiu,2013,Leave_One_experiments\wth_generated_qc\FQA\FQA2013.WTH,wet_year;nitrogen_stress_year;low_response_year,wet,FQA2013_normal_grid_S0013,irrigation_positive_candidate,2013-07-07,188,32,27,"{""sim_day"": 32.0, ""doy"": 188.0, ""topwt"": 275.13208389282227, ""grnwt"": 0.0, ""xlai"": 0.5285956263542175, ""totir"": 0.0, ""tofer"": NaN, ""swfac"": 0.0, ""nstres"": 0.0}",0.0,0.0,275.13208389282227,0.0,0.5285956263542175,0.0,,0.0,0.0,30.0,150.0,21.416607666015626,33.41660766601562,Leave_One_experiments/all_year_offline_schedule_search/daily_outputs/FQA/FQA_2013_FQA2013_normal_grid_S0013_daily.csv
FQA,FQA,Fengqiu,2013,Leave_One_experiments\wth_generated_qc\FQA\FQA2013.WTH,wet_year;nitrogen_stress_year;low_response_year,wet,FQA2013_normal_grid_S0013,irrigation_positive_candidate,2013-07-08,189,33,28,"{""sim_day"": 33.0, ""doy"": 189.0, ""topwt"": 311.68996810913086, ""grnwt"": 0.0, ""xlai"": 0.5837414264678955, ""totir"": 0.0, ""tofer"": NaN, ""swfac"": 0.0, ""nstres"": 0.0}",0.0,0.0,311.68996810913086,0.0,0.5837414264678955,0.0,,0.0,0.0,30.0,150.0,21.416607666015626,33.41660766601562,Leave_One_experiments/all_year_offline_schedule_search/daily_outputs/FQA/FQA_2013_FQA2013_normal_grid_S0013_daily.csv
FQA,FQA,Fengqiu,2013,Leave_One_experiments\wth_generated_qc\FQA\FQA2013.WTH,wet_year;nitrogen_stress_year;low_response_year,wet,FQA2013_normal_grid_S0013,irrigation_positive_candidate,2013-07-09,190,34,29,"{""sim_day"": 34.0, ""doy"": 190.0, ""topwt"": 353.005485534668, ""grnwt"": 0.0, ""xlai"": 0.6432003378868103, ""totir"": 0.0, ""tofer"": NaN, ""swfac"": 0.0, ""nstres"": 0.0}",0.0,0.0,353.005485534668,0.0,0.6432003378868103,0.0,,0.0,0.0,30.0,150.0,21.416607666015626,33.41660766601562,Leave_One_experiments/all_year_offline_schedule_search/daily_outputs/FQA/FQA_2013_FQA2013_normal_grid_S0013_daily.csv
FQA,FQA,Fengqiu,2013,Leave_One_experiments\wth_generated_qc\FQA\FQA2013.WTH,wet_year;nitrogen_stress_year;low_response_year,wet,FQA2013_normal_grid_S0013,irrigation_positive_candidate,2013-07-10,191,35,30,"{""sim_day"": 35.0, ""doy"": 191.0, ""topwt"": 398.5026550292969, ""grnwt"": 0.0, ""xlai"": 0.7056085467338562, ""totir"": 0.0, ""tofer"": NaN, ""swfac"": 0.0, ""nstres"": 0.0}",0.0,0.0,398.5026550292969,0.0,0.7056085467338562,0.0,,0.0,50.0,30.0,150.0,21.416607666015626,33.41660766601562,Leave_One_experiments/all_year_offline_schedule_search/daily_outputs/FQA/FQA_2013_FQA2013_normal_grid_S0013_daily.csv
FQA,FQA,Fengqiu,2013,Leave_One_experiments\wth_generated_qc\FQA\FQA2013.WTH,wet_year;nitrogen_stress_year;low_response_year,wet,FQA2013_normal_grid_S0013,irrigation_positive_candidate,2013-07-11,192,36,31,"{""sim_day"": 36.0, ""doy"": 192.0, ""topwt"": 449.9274444580078, ""grnwt"": 0.0, ""xlai"": 0.7727815508842468, ""totir"": 0.0, ""tofer"": NaN, ""swfac"": 0.0, ""nstres"": 0.0}",0.0,0.0,449.9274444580078,0.0,0.7727815508842468,0.0,,0.0,0.0,30.0,150.0,21.416607666015626,33.41660766601562,Leave_One_experiments/all_year_offline_schedule_search/daily_outputs/FQA/FQA_2013_FQA2013_normal_grid_S0013_daily.csv
FQA,FQA,Fengqiu,2013,Leave_One_experiments\wth_generated_qc\FQA\FQA2013.WTH,wet_year;nitrogen_stress_year;low_response_year,wet,FQA2013_normal_grid_S0013,irrigation_positive_candidate,2013-07-12,193,37,32,"{""sim_day"": 37.0, ""doy"": 193.0, ""topwt"": 508.12408447265625, ""grnwt"": 0.0, ""xlai"": 0.8450927734375, ""totir"": 0.0, ""tofer"": NaN, ""swfac"": 0.0, ""nstres"": 0.0}",0.0,0.0,508.12408447265625,0.0,0.8450927734375,0.0,,0.0,0.0,30.0,150.0,21.416607666015626,33.41660766601562,Leave_One_experiments/all_year_offline_schedule_search/daily_outputs/FQA/FQA_2013_FQA2013_normal_grid_S0013_daily.csv
FQA,FQA,Fengqiu,2013,Leave_One_experiments\wth_generated_qc\FQA\FQA2013.WTH,wet_year;nitrogen_stress_year;low_response_year,wet,FQA2013_normal_grid_S0013,irrigation_positive_candidate,2013-07-13,194,38,33,"{""sim_day"": 38.0, ""doy"": 194.0, ""topwt"": 573.5143280029297, ""grnwt"": 0.0, ""xlai"": 0.922307789325714, ""totir"": 0.0, ""tofer"": NaN, ""swfac"": 0.0, ""nstres"": 0.0}",0.0,0.0,573.5143280029297,0.0,0.922307789325714,0.0,,0.0,0.0,30.0,150.0,21.416607666015626,33.41660766601562,Leave_One_experiments/all_year_offline_schedule_search/daily_outputs/FQA/FQA_2013_FQA2013_normal_grid_S0013_daily.csv
FQA,FQA,Fengqiu,2013,Leave_One_experiments\wth_generated_qc\FQA\FQA2013.WTH,wet_year;nitrogen_stress_year;low_response_year,wet,FQA2013_normal_grid_S0013,irrigation_positive_candidate,2013-07-14,195,39,34,"{""sim_day"": 39.0, ""doy"": 195.0, ""topwt"": 646.0701751708984, ""grnwt"": 0.0, ""xlai"": 1.003679871559143, ""totir"": 0.0, ""tofer"": NaN, ""swfac"": 0.0, ""nstres"": 0.0}",0.0,0.0,646.0701751708984,0.0,1.003679871559143,0.0,,0.0,0.0,30.0,150.0,21.416607666015626,33.41660766601562,Leave_One_experiments/all_year_offline_schedule_search/daily_outputs/FQA/FQA_2013_FQA2013_normal_grid_S0013_daily.csv
FQA,FQA,Fengqiu,2013,Leave_One_experiments\wth_generated_qc\FQA\FQA2013.WTH,wet_year;nitrogen_stress_year;low_response_year,wet,FQA2013_normal_grid_S0013,irrigation_positive_candidate,2013-07-15,196,40,35,"{""sim_day"": 40.0, ""doy"": 196.0, ""topwt"": 726.5007019042969, ""grnwt"": 0.0, ""xlai"": 1.0893172025680542, ""totir"": 0.0, ""tofer"": NaN, ""swfac"": 0.0, ""nstres"": 0.0}",0.0,0.0,726.5007019042969,0.0,1.0893172025680542,0.0,,0.0,0.0,30.0,150.0,21.416607666015626,33.41660766601562,Leave_One_experiments/all_year_offline_schedule_search/daily_outputs/FQA/FQA_2013_FQA2013_normal_grid_S0013_daily.csv
FQA,FQA,Fengqiu,2013,Leave_One_experiments\wth_generated_qc\FQA\FQA2013.WTH,wet_year;nitrogen_stress_year;low_response_year,wet,FQA2013_normal_grid_S0013,irrigation_positive_candidate,2013-07-16,197,41,36,"{""sim_day"": 41.0, ""doy"": 197.0, ""topwt"": 815.5754852294922, ""grnwt"": 0.0, ""xlai"": 1.179328203201294, ""totir"": 0.0, ""tofer"": NaN, ""swfac"": 0.0, ""nstres"": 0.0}",0.0,0.0,815.5754852294922,0.0,1.179328203201294,0.0,,0.0,0.0,30.0,150.0,21.416607666015626,33.41660766601562,Leave_One_experiments/all_year_offline_schedule_search/daily_outputs/FQA/FQA_2013_FQA2013_normal_grid_S0013_daily.csv
FQA,FQA,Fengqiu,2013,Leave_One_experiments\wth_generated_qc\FQA\FQA2013.WTH,wet_year;nitrogen_stress_year;low_response_year,wet,FQA2013_normal_grid_S0013,irrigation_positive_candidate,2013-07-17,198,42,37,"{""sim_day"": 42.0, ""doy"": 198.0, ""topwt"": 874.6781158447266, ""grnwt"": 0.0, ""xlai"": 1.2364085912704468, ""totir"": 0.0, ""tofer"": NaN, ""swfac"": 0.0, ""nstres"": 0.0}",0.0,0.0,874.6781158447266,0.0,1.2364085912704468,0.0,,0.0,0.0,30.0,150.0,21.416607666015626,33.41660766601562,Leave_One_experiments/all_year_offline_schedule_search/daily_outputs/FQA/FQA_2013_FQA2013_normal_grid_S0013_daily.csv
FQA,FQA,Fengqiu,2013,Leave_One_experiments\wth_generated_qc\FQA\FQA2013.WTH,wet_year;nitrogen_stress_year;low_response_year,wet,FQA2013_normal_grid_S0013,irrigation_positive_candidate,2013-07-18,199,43,38,"{""sim_day"": 43.0, ""doy"": 199.0, ""topwt"": 961.234130859375, ""grnwt"": 0.0, ""xlai"": 1.3166470527648926, ""totir"": 0.0, ""tofer"": NaN, ""swfac"": 0.0, ""nstres"": 0.0}",0.0,0.0,961.234130859375,0.0,1.3166470527648926,0.0,,0.0,0.0,30.0,150.0,21.416607666015626,33.41660766601562,Leave_One_experiments/all_year_offline_schedule_search/daily_outputs/FQA/FQA_2013_FQA2013_normal_grid_S0013_daily.csv
FQA,FQA,Fengqiu,2013,Leave_One_experiments\wth_generated_qc\FQA\FQA2013.WTH,wet_year;nitrogen_stress_year;low_response_year,wet,FQA2013_normal_grid_S0013,irrigation_positive_candidate,2013-07-19,200,44,39,"{""sim_day"": 44.0, ""doy"": 200.0, ""topwt"": 1061.5875244140625, ""grnwt"": 0.0, ""xlai"": 1.4052536487579346, ""totir"": 0.0, ""tofer"": NaN, ""swfac"": 0.0, ""nstres"": 0.0}",0.0,0.0,1061.5875244140625,0.0,1.4052536487579346,0.0,,0.0,0.0,30.0,150.0,21.416607666015626,33.41660766601562,Leave_One_experiments/all_year_offline_schedule_search/daily_outputs/FQA/FQA_2013_FQA2013_normal_grid_S0013_daily.csv
FQA,FQA,Fengqiu,2013,Leave_One_experiments\wth_generated_qc\FQA\FQA2013.WTH,wet_year;nitrogen_stress_year;low_response_year,wet,FQA2013_normal_grid_S0013,irrigation_positive_candidate,2013-07-20,201,45,40,"{""sim_day"": 45.0, ""doy"": 201.0, ""topwt"": 1184.616241455078, ""grnwt"": 0.0, ""xlai"": 1.5085313320159912, ""totir"": 0.0, ""tofer"": NaN, ""swfac"": 0.0, ""nstres"": 0.0}",0.0,0.0,1184.616241455078,0.0,1.5085313320159912,0.0,,0.0,0.0,30.0,150.0,21.416607666015626,33.41660766601562,Leave_One_experiments/all_year_offline_schedule_search/daily_outputs/FQA/FQA_2013_FQA2013_normal_grid_S0013_daily.csv
FQA,FQA,Fengqiu,2013,Leave_One_experiments\wth_generated_qc\FQA\FQA2013.WTH,wet_year;nitrogen_stress_year;low_response_year,wet,FQA2013_normal_grid_S0013,irrigation_positive_candidate,2013-07-21,202,46,41,"{""sim_day"": 46.0, ""doy"": 202.0, ""topwt"": 1313.744659423828, ""grnwt"": 0.0, ""xlai"": 1.5536552667617798, ""totir"": 0.0, ""tofer"": NaN, ""swfac"": 0.0, ""nstres"": 0.0}",0.0,0.0,1313.744659423828,0.0,1.5536552667617798,0.0,,0.0,0.0,30.0,150.0,21.416607666015626,33.41660766601562,Leave_One_experiments/all_year_offline_schedule_search/daily_outputs/FQA/FQA_2013_FQA2013_normal_grid_S0013_daily.csv
FQA,FQA,Fengqiu,2013,Leave_One_experiments\wth_generated_qc\FQA\FQA2013.WTH,wet_year;nitrogen_stress_year;low_response_year,wet,FQA2013_normal_grid_S0013,irrigation_positive_candidate,2013-07-22,203,47,42,"{""sim_day"": 47.0, ""doy"": 203.0, ""topwt"": 1484.8721313476562, ""grnwt"": 0.0, ""xlai"": 1.6109424829483032, ""totir"": 0.0, ""tofer"": NaN, ""swfac"": 0.0, ""nstres"": 0.0}",0.0,0.0,1484.8721313476562,0.0,1.6109424829483032,0.0,,0.0,0.0,30.0,150.0,21.416607666015626,33.41660766601562,Leave_One_experiments/all_year_offline_schedule_search/daily_outputs/FQA/FQA_2013_FQA2013_normal_grid_S0013_daily.csv
FQA,FQA,Fengqiu,2013,Leave_One_experiments\wth_generated_qc\FQA\FQA2013.WTH,wet_year;nitrogen_stress_year;low_response_year,wet,FQA2013_normal_grid_S0013,irrigation_positive_candidate,2013-07-23,204,48,43,"{""sim_day"": 48.0, ""doy"": 204.0, ""topwt"": 1642.520751953125, ""grnwt"": 0.0, ""xlai"": 1.6612344980239868, ""totir"": 0.0, ""tofer"": NaN, ""swfac"": 0.0, ""nstres"": 0.0}",0.0,0.0,1642.520751953125,0.0,1.6612344980239868,0.0,,0.0,0.0,30.0,150.0,21.416607666015626,33.41660766601562,Leave_One_experiments/all_year_offline_schedule_search/daily_outputs/FQA/FQA_2013_FQA2013_normal_grid_S0013_daily.csv
FQA,FQA,Fengqiu,2013,Leave_One_experiments\wth_generated_qc\FQA\FQA2013.WTH,wet_year;nitrogen_stress_year;low_response_year,wet,FQA2013_normal_grid_S0013,irrigation_positive_candidate,2013-07-24,205,49,44,"{""sim_day"": 49.0, ""doy"": 205.0, ""topwt"": 1861.9987487792969, ""grnwt"": 0.0, ""xlai"": 1.727892279624939, ""totir"": 0.0, ""tofer"": NaN, ""swfac"": 0.0, ""nstres"": 0.0}",0.0,0.0,1861.9987487792969,0.0,1.727892279624939,0.0,,0.0,0.0,30.0,150.0,21.416607666015626,33.41660766601562,Leave_One_experiments/all_year_offline_schedule_search/daily_outputs/FQA/FQA_2013_FQA2013_normal_grid_S0013_daily.csv
FQA,FQA,Fengqiu,2013,Leave_One_experiments\wth_generated_qc\FQA\FQA2013.WTH,wet_year;nitrogen_stress_year;low_response_year,wet,FQA2013_normal_grid_S0013,irrigation_positive_candidate,2013-07-25,206,50,45,"{""sim_day"": 50.0, ""doy"": 206.0, ""topwt"": 2128.0679321289062, ""grnwt"": 0.0, ""xlai"": 1.805073976516724, ""totir"": 0.0, ""tofer"": NaN, ""swfac"": 0.0, ""nstres"": 0.0}",0.0,0.0,2128.0679321289062,0.0,1.805073976516724,0.0,,0.0,0.0,30.0,150.0,21.416607666015626,33.41660766601562,Leave_One_experiments/all_year_offline_schedule_search/daily_outputs/FQA/FQA_2013_FQA2013_normal_grid_S0013_daily.csv
FQA,FQA,Fengqiu,2013,Leave_One_experiments\wth_generated_qc\FQA\FQA2013.WTH,wet_year;nitrogen_stress_year;low_response_year,wet,FQA2013_normal_grid_S0013,irrigation_positive_candidate,2013-07-26,207,51,46,"{""sim_day"": 51.0, ""doy"": 207.0, ""topwt"": 2404.6337890625, ""grnwt"": 0.0, ""xlai"": 1.882034182548523, ""totir"": 0.0, ""tofer"": NaN, ""swfac"": 0.0, ""nstres"": 0.0}",0.0,0.0,2404.6337890625,0.0,1.882034182548523,0.0,,0.0,0.0,30.0,150.0,21.416607666015626,33.41660766601562,Leave_One_experiments/all_year_offline_schedule_search/daily_outputs/FQA/FQA_2013_FQA2013_normal_grid_S0013_daily.csv
FQA,FQA,Fengqiu,2013,Leave_One_experiments\wth_generated_qc\FQA\FQA2013.WTH,wet_year;nitrogen_stress_year;low_response_year,wet,FQA2013_normal_grid_S0013,irrigation_positive_candidate,2013-07-27,208,52,47,"{""sim_day"": 52.0, ""doy"": 208.0, ""topwt"": 2629.150390625, ""grnwt"": 0.0, ""xlai"": 1.9421448707580569, ""totir"": 0.0, ""tofer"": NaN, ""swfac"": 0.0, ""nstres"": 0.0}",0.0,0.0,2629.150390625,0.0,1.9421448707580569,0.0,,0.0,0.0,30.0,150.0,21.416607666015626,33.41660766601562,Leave_One_experiments/all_year_offline_schedule_search/daily_outputs/FQA/FQA_2013_FQA2013_normal_grid_S0013_daily.csv
FQA,FQA,Fengqiu,2013,Leave_One_experiments\wth_generated_qc\FQA\FQA2013.WTH,wet_year;nitrogen_stress_year;low_response_year,wet,FQA2013_normal_grid_S0013,irrigation_positive_candidate,2013-07-28,209,53,48,"{""sim_day"": 53.0, ""doy"": 209.0, ""topwt"": 2909.8550415039062, ""grnwt"": 0.0, ""xlai"": 2.0146918296813965, ""totir"": 0.0, ""tofer"": NaN, ""swfac"": 0.0, ""nstres"": 0.0}",0.0,0.0,2909.8550415039062,0.0,2.0146918296813965,0.0,,0.0,0.0,30.0,150.0,21.416607666015626,33.41660766601562,Leave_One_experiments/all_year_offline_schedule_search/daily_outputs/FQA/FQA_2013_FQA2013_normal_grid_S0013_daily.csv
FQA,FQA,Fengqiu,2013,Leave_One_experiments\wth_generated_qc\FQA\FQA2013.WTH,wet_year;nitrogen_stress_year;low_response_year,wet,FQA2013_normal_grid_S0013,irrigation_positive_candidate,2013-07-29,210,54,49,"{""sim_day"": 54.0, ""doy"": 210.0, ""topwt"": 3178.062744140625, ""grnwt"": 0.0, ""xlai"": 2.083876848220825, ""totir"": 0.0, ""tofer"": NaN, ""swfac"": 0.0, ""nstres"": 0.0}",0.0,0.0,3178.062744140625,0.0,2.083876848220825,0.0,,0.0,0.0,30.0,150.0,21.416607666015626,33.41660766601562,Leave_One_experiments/all_year_offline_schedule_search/daily_outputs/FQA/FQA_2013_FQA2013_normal_grid_S0013_daily.csv
FQA,FQA,Fengqiu,2013,Leave_One_experiments\wth_generated_qc\FQA\FQA2013.WTH,wet_year;nitrogen_stress_year;low_response_year,wet,FQA2013_normal_grid_S0013,irrigation_positive_candidate,2013-07-30,211,55,50,"{""sim_day"": 55.0, ""doy"": 211.0, ""topwt"": 3438.8165283203125, ""grnwt"": 0.0, ""xlai"": 2.151018619537353, ""totir"": 0.0, ""tofer"": NaN, ""swfac"": 0.0, ""nstres"": 0.0}",0.0,0.0,3438.8165283203125,0.0,2.151018619537353,0.0,,0.0,0.0,30.0,150.0,21.416607666015626,33.41660766601562,Leave_One_experiments/all_year_offline_schedule_search/daily_outputs/FQA/FQA_2013_FQA2013_normal_grid_S0013_daily.csv
FQA,FQA,Fengqiu,2013,Leave_One_experiments\wth_generated_qc\FQA\FQA2013.WTH,wet_year;nitrogen_stress_year;low_response_year,wet,FQA2013_normal_grid_S0013,irrigation_positive_candidate,2013-07-31,212,56,51,"{""sim_day"": 56.0, ""doy"": 212.0, ""topwt"": 3684.6868896484375, ""grnwt"": 0.0, ""xlai"": 2.2142152786254883, ""totir"": 0.0, ""tofer"": NaN, ""swfac"": 0.0, ""nstres"": 0.0}",0.0,0.0,3684.6868896484375,0.0,2.2142152786254883,0.0,,0.0,0.0,30.0,150.0,21.416607666015626,33.41660766601562,Leave_One_experiments/all_year_offline_schedule_search/daily_outputs/FQA/FQA_2013_FQA2013_normal_grid_S0013_daily.csv
FQA,FQA,Fengqiu,2013,Leave_One_experiments\wth_generated_qc\FQA\FQA2013.WTH,wet_year;nitrogen_stress_year;low_response_year,wet,FQA2013_normal_grid_S0013,irrigation_positive_candidate,2013-08-01,213,57,52,"{""sim_day"": 57.0, ""doy"": 213.0, ""topwt"": 3949.3185424804688, ""grnwt"": 0.0, ""xlai"": 2.282135009765625, ""totir"": 0.0, ""tofer"": NaN, ""swfac"": 0.0, ""nstres"": 0.0}",0.0,0.0,3949.3185424804688,0.0,2.282135009765625,0.0,,0.0,0.0,30.0,150.0,21.416607666015626,33.41660766601562,Leave_One_experiments/all_year_offline_schedule_search/daily_outputs/FQA/FQA_2013_FQA2013_normal_grid_S0013_daily.csv
FQA,FQA,Fengqiu,2013,Leave_One_experiments\wth_generated_qc\FQA\FQA2013.WTH,wet_year;nitrogen_stress_year;low_response_year,wet,FQA2013_normal_grid_S0013,irrigation_positive_candidate,2013-08-02,214,58,53,"{""sim_day"": 58.0, ""doy"": 214.0, ""topwt"": 4207.389526367188, ""grnwt"": 0.0, ""xlai"": 2.348259449005127, ""totir"": 0.0, ""tofer"": NaN, ""swfac"": 0.0, ""nstres"": 0.0}",0.0,0.0,4207.389526367188,0.0,2.348259449005127,0.0,,0.0,0.0,30.0,150.0,21.416607666015626,33.41660766601562,Leave_One_experiments/all_year_offline_schedule_search/daily_outputs/FQA/FQA_2013_FQA2013_normal_grid_S0013_daily.csv
FQA,FQA,Fengqiu,2013,Leave_One_experiments\wth_generated_qc\FQA\FQA2013.WTH,wet_year;nitrogen_stress_year;low_response_year,wet,FQA2013_normal_grid_S0013,irrigation_positive_candidate,2013-08-03,215,59,54,"{""sim_day"": 59.0, ""doy"": 215.0, ""topwt"": 4478.918151855469, ""grnwt"": 0.0, ""xlai"": 2.417729139328003, ""totir"": 0.0, ""tofer"": NaN, ""swfac"": 0.0, ""nstres"": 0.0}",0.0,0.0,4478.918151855469,0.0,2.417729139328003,0.0,,0.0,0.0,30.0,150.0,21.416607666015626,33.41660766601562,Leave_One_experiments/all_year_offline_schedule_search/daily_outputs/FQA/FQA_2013_FQA2013_normal_grid_S0013_daily.csv
FQA,FQA,Fengqiu,2013,Leave_One_experiments\wth_generated_qc\FQA\FQA2013.WTH,wet_year;nitrogen_stress_year;low_response_year,wet,FQA2013_normal_grid_S0013,irrigation_positive_candidate,2013-08-04,216,60,55,"{""sim_day"": 60.0, ""doy"": 216.0, ""topwt"": 4758.9263916015625, ""grnwt"": 0.0, ""xlai"": 2.4892566204071045, ""totir"": 0.0, ""tofer"": NaN, ""swfac"": 0.0, ""nstres"": 0.0}",0.0,0.0,4758.9263916015625,0.0,2.4892566204071045,0.0,,0.0,0.0,30.0,150.0,21.416607666015626,33.41660766601562,Leave_One_experiments/all_year_offline_schedule_search/daily_outputs/FQA/FQA_2013_FQA2013_normal_grid_S0013_daily.csv
FQA,FQA,Fengqiu,2013,Leave_One_experiments\wth_generated_qc\FQA\FQA2013.WTH,wet_year;nitrogen_stress_year;low_response_year,wet,FQA2013_normal_grid_S0013,irrigation_positive_candidate,2013-08-05,217,61,56,"{""sim_day"": 61.0, ""doy"": 217.0, ""topwt"": 5090.869140625, ""grnwt"": 0.0, ""xlai"": 2.3689582347869877, ""totir"": 0.0, ""tofer"": NaN, ""swfac"": 0.0, ""nstres"": 0.0}",0.0,0.0,5090.869140625,0.0,2.3689582347869877,0.0,,0.0,0.0,30.0,150.0,21.416607666015626,33.41660766601562,Leave_One_experiments/all_year_offline_schedule_search/daily_outputs/FQA/FQA_2013_FQA2013_normal_grid_S0013_daily.csv
FQA,FQA,Fengqiu,2013,Leave_One_experiments\wth_generated_qc\FQA\FQA2013.WTH,wet_year;nitrogen_stress_year;low_response_year,wet,FQA2013_normal_grid_S0013,irrigation_positive_candidate,2013-08-06,218,62,57,"{""sim_day"": 62.0, ""doy"": 218.0, ""topwt"": 5417.3321533203125, ""grnwt"": 0.0, ""xlai"": 2.354417324066162, ""totir"": 0.0, ""tofer"": NaN, ""swfac"": 0.0, ""nstres"": 0.0}",0.0,0.0,5417.3321533203125,0.0,2.354417324066162,0.0,,0.0,0.0,30.0,150.0,21.416607666015626,33.41660766601562,Leave_One_experiments/all_year_offline_schedule_search/daily_outputs/FQA/FQA_2013_FQA2013_normal_grid_S0013_daily.csv
FQA,FQA,Fengqiu,2013,Leave_One_experiments\wth_generated_qc\FQA\FQA2013.WTH,wet_year;nitrogen_stress_year;low_response_year,wet,FQA2013_normal_grid_S0013,irrigation_positive_candidate,2013-08-07,219,63,58,"{""sim_day"": 63.0, ""doy"": 219.0, ""topwt"": 5722.6165771484375, ""grnwt"": 0.0, ""xlai"": 2.341439008712769, ""totir"": 0.0, ""tofer"": NaN, ""swfac"": 0.0, ""nstres"": 0.0}",0.0,0.0,5722.6165771484375,0.0,2.341439008712769,0.0,,0.0,0.0,30.0,150.0,21.416607666015626,33.41660766601562,Leave_One_experiments/all_year_offline_schedule_search/daily_outputs/FQA/FQA_2013_FQA2013_normal_grid_S0013_daily.csv
FQA,FQA,Fengqiu,2013,Leave_One_experiments\wth_generated_qc\FQA\FQA2013.WTH,wet_year;nitrogen_stress_year;low_response_year,wet,FQA2013_normal_grid_S0013,irrigation_positive_candidate,2013-08-08,220,64,59,"{""sim_day"": 64.0, ""doy"": 220.0, ""topwt"": 5938.948974609375, ""grnwt"": 0.0, ""xlai"": 2.3287415504455566, ""totir"": 0.0, ""tofer"": NaN, ""swfac"": 0.0, ""nstres"": 0.0}",0.0,0.0,5938.948974609375,0.0,2.3287415504455566,0.0,,0.0,0.0,30.0,150.0,21.416607666015626,33.41660766601562,Leave_One_experiments/all_year_offline_schedule_search/daily_outputs/FQA/FQA_2013_FQA2013_normal_grid_S0013_daily.csv
FQA,FQA,Fengqiu,2013,Leave_One_experiments\wth_generated_qc\FQA\FQA2013.WTH,wet_year;nitrogen_stress_year;low_response_year,wet,FQA2013_normal_grid_S0013,irrigation_positive_candidate,2013-08-09,221,65,60,"{""sim_day"": 65.0, ""doy"": 221.0, ""topwt"": 6260.042724609375, ""grnwt"": 0.0, ""xlai"": 2.3151371479034424, ""totir"": 0.0, ""tofer"": NaN, ""swfac"": 0.0, ""nstres"": 0.0}",0.0,0.0,6260.042724609375,0.0,2.3151371479034424,0.0,,0.0,50.0,30.0,150.0,21.416607666015626,33.41660766601562,Leave_One_experiments/all_year_offline_schedule_search/daily_outputs/FQA/FQA_2013_FQA2013_normal_grid_S0013_daily.csv
FQA,FQA,Fengqiu,2013,Leave_One_experiments\wth_generated_qc\FQA\FQA2013.WTH,wet_year;nitrogen_stress_year;low_response_year,wet,FQA2013_normal_grid_S0013,irrigation_positive_candidate,2013-08-10,222,66,61,"{""sim_day"": 66.0, ""doy"": 222.0, ""topwt"": 6539.835205078125, ""grnwt"": 0.0, ""xlai"": 2.3005919456481934, ""totir"": 0.0, ""tofer"": NaN, ""swfac"": 0.0, ""nstres"": 0.0}",0.0,0.0,6539.835205078125,0.0,2.3005919456481934,0.0,,0.0,0.0,30.0,150.0,21.416607666015626,33.41660766601562,Leave_One_experiments/all_year_offline_schedule_search/daily_outputs/FQA/FQA_2013_FQA2013_normal_grid_S0013_daily.csv
FQA,FQA,Fengqiu,2013,Leave_One_experiments\wth_generated_qc\FQA\FQA2013.WTH,wet_year;nitrogen_stress_year;low_response_year,wet,FQA2013_normal_grid_S0013,irrigation_positive_candidate,2013-08-11,223,67,62,"{""sim_day"": 67.0, ""doy"": 223.0, ""topwt"": 6851.707763671875, ""grnwt"": 0.0, ""xlai"": 2.287879943847656, ""totir"": 0.0, ""tofer"": NaN, ""swfac"": 0.0, ""nstres"": 0.0}",0.0,0.0,6851.707763671875,0.0,2.287879943847656,0.0,,0.0,0.0,30.0,150.0,21.416607666015626,33.41660766601562,Leave_One_experiments/all_year_offline_schedule_search/daily_outputs/FQA/FQA_2013_FQA2013_normal_grid_S0013_daily.csv
FQA,FQA,Fengqiu,2013,Leave_One_experiments\wth_generated_qc\FQA\FQA2013.WTH,wet_year;nitrogen_stress_year;low_response_year,wet,FQA2013_normal_grid_S0013,irrigation_positive_candidate,2013-08-12,224,68,63,"{""sim_day"": 68.0, ""doy"": 224.0, ""topwt"": 7148.321533203125, ""grnwt"": 0.0, ""xlai"": 2.274289846420288, ""totir"": 0.0, ""tofer"": NaN, ""swfac"": 0.0, ""nstres"": 0.0}",0.0,0.0,7148.321533203125,0.0,2.274289846420288,0.0,,0.0,0.0,30.0,150.0,21.416607666015626,33.41660766601562,Leave_One_experiments/all_year_offline_schedule_search/daily_outputs/FQA/FQA_2013_FQA2013_normal_grid_S0013_daily.csv
FQA,FQA,Fengqiu,2013,Leave_One_experiments\wth_generated_qc\FQA\FQA2013.WTH,wet_year;nitrogen_stress_year;low_response_year,wet,FQA2013_normal_grid_S0013,irrigation_positive_candidate,2013-08-13,225,69,64,"{""sim_day"": 69.0, ""doy"": 225.0, ""topwt"": 7383.232421875, ""grnwt"": 234.91132736206052, ""xlai"": 2.215786933898926, ""totir"": 0.0, ""tofer"": NaN, ""swfac"": 0.0, ""nstres"": 0.0}",0.0,0.0,7383.232421875,234.91132736206052,2.215786933898926,0.0,,0.0,0.0,30.0,150.0,21.416607666015626,33.41660766601562,Leave_One_experiments/all_year_offline_schedule_search/daily_outputs/FQA/FQA_2013_FQA2013_normal_grid_S0013_daily.csv
FQA,FQA,Fengqiu,2013,Leave_One_experiments\wth_generated_qc\FQA\FQA2013.WTH,wet_year;nitrogen_stress_year;low_response_year,wet,FQA2013_normal_grid_S0013,irrigation_positive_candidate,2013-08-14,226,70,65,"{""sim_day"": 70.0, ""doy"": 226.0, ""topwt"": 7591.29638671875, ""grnwt"": 442.9756546020508, ""xlai"": 2.2025156021118164, ""totir"": 30.0, ""tofer"": NaN, ""swfac"": 0.0, ""nstres"": 0.0}",0.0,0.0,7591.29638671875,442.9756546020508,2.2025156021118164,30.0,,30.0,0.0,30.0,150.0,21.416607666015626,33.41660766601562,Leave_One_experiments/all_year_offline_schedule_search/daily_outputs/FQA/FQA_2013_FQA2013_normal_grid_S0013_daily.csv
FQA,FQA,Fengqiu,2013,Leave_One_experiments\wth_generated_qc\FQA\FQA2013.WTH,wet_year;nitrogen_stress_year;low_response_year,wet,FQA2013_normal_grid_S0013,irrigation_positive_candidate,2013-08-15,227,71,66,"{""sim_day"": 71.0, ""doy"": 227.0, ""topwt"": 7792.64892578125, ""grnwt"": 644.3282318115234, ""xlai"": 2.18571400642395, ""totir"": 30.0, ""tofer"": NaN, ""swfac"": 0.0, ""nstres"": 0.0}",0.0,0.0,7792.64892578125,644.3282318115234,2.18571400642395,30.0,,0.0,0.0,30.0,150.0,21.416607666015626,33.41660766601562,Leave_One_experiments/all_year_offline_schedule_search/daily_outputs/FQA/FQA_2013_FQA2013_normal_grid_S0013_daily.csv
FQA,FQA,Fengqiu,2013,Leave_One_experiments\wth_generated_qc\FQA\FQA2013.WTH,wet_year;nitrogen_stress_year;low_response_year,wet,FQA2013_normal_grid_S0013,irrigation_positive_candidate,2013-08-16,228,72,67,"{""sim_day"": 72.0, ""doy"": 228.0, ""topwt"": 8017.49267578125, ""grnwt"": 869.1718292236328, ""xlai"": 2.1651084423065186, ""totir"": 30.0, ""tofer"": NaN, ""swfac"": 0.0, ""nstres"": 0.0}",0.0,0.0,8017.49267578125,869.1718292236328,2.1651084423065186,30.0,,0.0,0.0,30.0,150.0,21.416607666015626,33.41660766601562,Leave_One_experiments/all_year_offline_schedule_search/daily_outputs/FQA/FQA_2013_FQA2013_normal_grid_S0013_daily.csv
FQA,FQA,Fengqiu,2013,Leave_One_experiments\wth_generated_qc\FQA\FQA2013.WTH,wet_year;nitrogen_stress_year;low_response_year,wet,FQA2013_normal_grid_S0013,irrigation_positive_candidate,2013-08-17,229,73,68,"{""sim_day"": 73.0, ""doy"": 229.0, ""topwt"": 8381.22802734375, ""grnwt"": 1241.6740417480469, ""xlai"": 2.141985893249512, ""totir"": 30.0, ""tofer"": NaN, ""swfac"": 0.0, ""nstres"": 0.0}",0.0,0.0,8381.22802734375,1241.6740417480469,2.141985893249512,30.0,,0.0,0.0,30.0,150.0,21.416607666015626,33.41660766601562,Leave_One_experiments/all_year_offline_schedule_search/daily_outputs/FQA/FQA_2013_FQA2013_normal_grid_S0013_daily.csv
FQA,FQA,Fengqiu,2013,Leave_One_experiments\wth_generated_qc\FQA\FQA2013.WTH,wet_year;nitrogen_stress_year;low_response_year,wet,FQA2013_normal_grid_S0013,irrigation_positive_candidate,2013-08-18,230,74,69,"{""sim_day"": 74.0, ""doy"": 230.0, ""topwt"": 8785.828857421875, ""grnwt"": 1778.6141967773438, ""xlai"": 2.1181557178497314, ""totir"": 30.0, ""tofer"": NaN, ""swfac"": 0.0, ""nstres"": 0.0}",0.0,0.0,8785.828857421875,1778.6141967773438,2.1181557178497314,30.0,,0.0,0.0,30.0,150.0,21.416607666015626,33.41660766601562,Leave_One_experiments/all_year_offline_schedule_search/daily_outputs/FQA/FQA_2013_FQA2013_normal_grid_S0013_daily.csv
FQA,FQA,Fengqiu,2013,Leave_One_experiments\wth_generated_qc\FQA\FQA2013.WTH,wet_year;nitrogen_stress_year;low_response_year,wet,FQA2013_normal_grid_S0013,irrigation_positive_candidate,2013-08-19,231,75,70,"{""sim_day"": 75.0, ""doy"": 231.0, ""topwt"": 9152.55615234375, ""grnwt"": 2315.5543518066406, ""xlai"": 2.091644763946533, ""totir"": 30.0, ""tofer"": NaN, ""swfac"": 0.0, ""nstres"": 0.0}",0.0,0.0,9152.55615234375,2315.5543518066406,2.091644763946533,30.0,,0.0,0.0,30.0,150.0,21.416607666015626,33.41660766601562,Leave_One_experiments/all_year_offline_schedule_search/daily_outputs/FQA/FQA_2013_FQA2013_normal_grid_S0013_daily.csv
FQA,FQA,Fengqiu,2013,Leave_One_experiments\wth_generated_qc\FQA\FQA2013.WTH,wet_year;nitrogen_stress_year;low_response_year,wet,FQA2013_normal_grid_S0013,irrigation_positive_candidate,2013-08-20,232,76,71,"{""sim_day"": 76.0, ""doy"": 232.0, ""topwt"": 9513.963623046877, ""grnwt"": 2842.4267578125, ""xlai"": 2.0607988834381104, ""totir"": 30.0, ""tofer"": NaN, ""swfac"": 0.0, ""nstres"": 0.0}",0.0,0.0,9513.963623046877,2842.4267578125,2.0607988834381104,30.0,,0.0,0.0,30.0,150.0,21.416607666015626,33.41660766601562,Leave_One_experiments/all_year_offline_schedule_search/daily_outputs/FQA/FQA_2013_FQA2013_normal_grid_S0013_daily.csv
FQA,FQA,Fengqiu,2013,Leave_One_experiments\wth_generated_qc\FQA\FQA2013.WTH,wet_year;nitrogen_stress_year;low_response_year,wet,FQA2013_normal_grid_S0013,irrigation_positive_candidate,2013-08-21,233,77,72,"{""sim_day"": 77.0, ""doy"": 233.0, ""topwt"": 9879.364624023438, ""grnwt"": 3359.2315673828125, ""xlai"": 2.025789737701416, ""totir"": 30.0, ""tofer"": NaN, ""swfac"": 0.0, ""nstres"": 0.0}",0.0,0.0,9879.364624023438,3359.2315673828125,2.025789737701416,30.0,,0.0,0.0,30.0,150.0,21.416607666015626,33.41660766601562,Leave_One_experiments/all_year_offline_schedule_search/daily_outputs/FQA/FQA_2013_FQA2013_normal_grid_S0013_daily.csv
FQA,FQA,Fengqiu,2013,Leave_One_experiments\wth_generated_qc\FQA\FQA2013.WTH,wet_year;nitrogen_stress_year;low_response_year,wet,FQA2013_normal_grid_S0013,irrigation_positive_candidate,2013-08-22,234,78,73,"{""sim_day"": 78.0, ""doy"": 234.0, ""topwt"": 10150.343017578123, ""grnwt"": 3788.7835693359375, ""xlai"": 1.9836833477020264, ""totir"": 30.0, ""tofer"": NaN, ""swfac"": 0.0, ""nstres"": 0.0}",0.0,0.0,10150.343017578123,3788.7835693359375,1.9836833477020264,30.0,,0.0,0.0,30.0,150.0,21.416607666015626,33.41660766601562,Leave_One_experiments/all_year_offline_schedule_search/daily_outputs/FQA/FQA_2013_FQA2013_normal_grid_S0013_daily.csv
FQA,FQA,Fengqiu,2013,Leave_One_experiments\wth_generated_qc\FQA\FQA2013.WTH,wet_year;nitrogen_stress_year;low_response_year,wet,FQA2013_normal_grid_S0013,irrigation_positive_candidate,2013-08-23,235,79,74,"{""sim_day"": 79.0, ""doy"": 235.0, ""topwt"": 10207.791137695312, ""grnwt"": 3986.44287109375, ""xlai"": 1.9388201236724851, ""totir"": 30.0, ""tofer"": NaN, ""swfac"": 0.0, ""nstres"": 0.0}",0.0,0.0,10207.791137695312,3986.44287109375,1.9388201236724851,30.0,,0.0,0.0,30.0,150.0,21.416607666015626,33.41660766601562,Leave_One_experiments/all_year_offline_schedule_search/daily_outputs/FQA/FQA_2013_FQA2013_normal_grid_S0013_daily.csv
FQA,FQA,Fengqiu,2013,Leave_One_experiments\wth_generated_qc\FQA\FQA2013.WTH,wet_year;nitrogen_stress_year;low_response_year,wet,FQA2013_normal_grid_S0013,irrigation_positive_candidate,2013-08-24,236,80,75,"{""sim_day"": 80.0, ""doy"": 236.0, ""topwt"": 10425.19287109375, ""grnwt"": 4203.844909667969, ""xlai"": 1.8909738063812256, ""totir"": 30.0, ""tofer"": NaN, ""swfac"": 0.0, ""nstres"": 0.0}",0.0,0.0,10425.19287109375,4203.844909667969,1.8909738063812256,30.0,,0.0,0.0,30.0,150.0,21.416607666015626,33.41660766601562,Leave_One_experiments/all_year_offline_schedule_search/daily_outputs/FQA/FQA_2013_FQA2013_normal_grid_S0013_daily.csv
FQA,FQA,Fengqiu,2013,Leave_One_experiments\wth_generated_qc\FQA\FQA2013.WTH,wet_year;nitrogen_stress_year;low_response_year,wet,FQA2013_normal_grid_S0013,irrigation_positive_candidate,2013-08-25,237,81,76,"{""sim_day"": 81.0, ""doy"": 237.0, ""topwt"": 10763.56689453125, ""grnwt"": 4542.217712402344, ""xlai"": 1.8404325246810915, ""totir"": 30.0, ""tofer"": NaN, ""swfac"": 0.0, ""nstres"": 0.0}",0.0,0.0,10763.56689453125,4542.217712402344,1.8404325246810915,30.0,,0.0,0.0,30.0,150.0,21.416607666015626,33.41660766601562,Leave_One_experiments/all_year_offline_schedule_search/daily_outputs/FQA/FQA_2013_FQA2013_normal_grid_S0013_daily.csv
FQA,FQA,Fengqiu,2013,Leave_One_experiments\wth_generated_qc\FQA\FQA2013.WTH,wet_year;nitrogen_stress_year;low_response_year,wet,FQA2013_normal_grid_S0013,irrigation_positive_candidate,2013-08-26,238,82,77,"{""sim_day"": 82.0, ""doy"": 238.0, ""topwt"": 10989.17236328125, ""grnwt"": 4767.82470703125, ""xlai"": 1.7840511798858645, ""totir"": 30.0, ""tofer"": NaN, ""swfac"": 0.0, ""nstres"": 0.0}",0.0,0.0,10989.17236328125,4767.82470703125,1.7840511798858645,30.0,,0.0,0.0,30.0,150.0,21.416607666015626,33.41660766601562,Leave_One_experiments/all_year_offline_schedule_search/daily_outputs/FQA/FQA_2013_FQA2013_normal_grid_S0013_daily.csv
FQA,FQA,Fengqiu,2013,Leave_One_experiments\wth_generated_qc\FQA\FQA2013.WTH,wet_year;nitrogen_stress_year;low_response_year,wet,FQA2013_normal_grid_S0013,irrigation_positive_candidate,2013-08-27,239,83,78,"{""sim_day"": 83.0, ""doy"": 239.0, ""topwt"": 11211.2353515625, ""grnwt"": 4989.886474609375, ""xlai"": 1.714307188987732, ""totir"": 30.0, ""tofer"": NaN, ""swfac"": 0.0, ""nstres"": 0.0}",0.0,0.0,11211.2353515625,4989.886474609375,1.714307188987732,30.0,,0.0,0.0,30.0,150.0,21.416607666015626,33.41660766601562,Leave_One_experiments/all_year_offline_schedule_search/daily_outputs/FQA/FQA_2013_FQA2013_normal_grid_S0013_daily.csv
FQA,FQA,Fengqiu,2013,Leave_One_experiments\wth_generated_qc\FQA\FQA2013.WTH,wet_year;nitrogen_stress_year;low_response_year,wet,FQA2013_normal_grid_S0013,irrigation_positive_candidate,2013-08-28,240,84,79,"{""sim_day"": 84.0, ""doy"": 240.0, ""topwt"": 11488.192138671877, ""grnwt"": 5244.932861328125, ""xlai"": 1.6334497928619385, ""totir"": 30.0, ""tofer"": NaN, ""swfac"": 0.0, ""nstres"": 0.0}",0.0,0.0,11488.192138671877,5244.932861328125,1.6334497928619385,30.0,,0.0,0.0,30.0,150.0,21.416607666015626,33.41660766601562,Leave_One_experiments/all_year_offline_schedule_search/daily_outputs/FQA/FQA_2013_FQA2013_normal_grid_S0013_daily.csv
FQA,FQA,Fengqiu,2013,Leave_One_experiments\wth_generated_qc\FQA\FQA2013.WTH,wet_year;nitrogen_stress_year;low_response_year,wet,FQA2013_normal_grid_S0013,irrigation_positive_candidate,2013-08-29,241,85,80,"{""sim_day"": 85.0, ""doy"": 241.0, ""topwt"": 11801.3134765625, ""grnwt"": 5579.9658203125, ""xlai"": 1.5719048976898191, ""totir"": 30.0, ""tofer"": NaN, ""swfac"": 0.0, ""nstres"": 0.0}",0.0,0.0,11801.3134765625,5579.9658203125,1.5719048976898191,30.0,,0.0,0.0,30.0,150.0,21.416607666015626,33.41660766601562,Leave_One_experiments/all_year_offline_schedule_search/daily_outputs/FQA/FQA_2013_FQA2013_normal_grid_S0013_daily.csv
FQA,FQA,Fengqiu,2013,Leave_One_experiments\wth_generated_qc\FQA\FQA2013.WTH,wet_year;nitrogen_stress_year;low_response_year,wet,FQA2013_normal_grid_S0013,irrigation_positive_candidate,2013-08-30,242,86,81,"{""sim_day"": 86.0, ""doy"": 242.0, ""topwt"": 12137.705078125, ""grnwt"": 5916.357421875, ""xlai"": 1.5162570476531982, ""totir"": 30.0, ""tofer"": NaN, ""swfac"": 0.0, ""nstres"": 0.0}",0.0,0.0,12137.705078125,5916.357421875,1.5162570476531982,30.0,,0.0,0.0,30.0,150.0,21.416607666015626,33.41660766601562,Leave_One_experiments/all_year_offline_schedule_search/daily_outputs/FQA/FQA_2013_FQA2013_normal_grid_S0013_daily.csv
FQA,FQA,Fengqiu,2013,Leave_One_experiments\wth_generated_qc\FQA\FQA2013.WTH,wet_year;nitrogen_stress_year;low_response_year,wet,FQA2013_normal_grid_S0013,irrigation_positive_candidate,2013-08-31,243,87,82,"{""sim_day"": 87.0, ""doy"": 243.0, ""topwt"": 12443.94775390625, ""grnwt"": 6222.599487304688, ""xlai"": 1.4567277431488037, ""totir"": 30.0, ""tofer"": NaN, ""swfac"": 0.0, ""nstres"": 0.0}",0.0,0.0,12443.94775390625,6222.599487304688,1.4567277431488037,30.0,,0.0,0.0,30.0,150.0,21.416607666015626,33.41660766601562,Leave_One_experiments/all_year_offline_schedule_search/daily_outputs/FQA/FQA_2013_FQA2013_normal_grid_S0013_daily.csv
FQA,FQA,Fengqiu,2013,Leave_One_experiments\wth_generated_qc\FQA\FQA2013.WTH,wet_year;nitrogen_stress_year;low_response_year,wet,FQA2013_normal_grid_S0013,irrigation_positive_candidate,2013-09-01,244,88,83,"{""sim_day"": 88.0, ""doy"": 244.0, ""topwt"": 12629.10888671875, ""grnwt"": 6407.76123046875, ""xlai"": 1.3945215940475464, ""totir"": 30.0, ""tofer"": NaN, ""swfac"": 0.0, ""nstres"": 0.0}",0.0,0.0,12629.10888671875,6407.76123046875,1.3945215940475464,30.0,,0.0,0.0,30.0,150.0,21.416607666015626,33.41660766601562,Leave_One_experiments/all_year_offline_schedule_search/daily_outputs/FQA/FQA_2013_FQA2013_normal_grid_S0013_daily.csv
FQA,FQA,Fengqiu,2013,Leave_One_experiments\wth_generated_qc\FQA\FQA2013.WTH,wet_year;nitrogen_stress_year;low_response_year,wet,FQA2013_normal_grid_S0013,irrigation_positive_candidate,2013-09-02,245,89,84,"{""sim_day"": 89.0, ""doy"": 245.0, ""topwt"": 12921.97021484375, ""grnwt"": 6700.62255859375, ""xlai"": 1.3263877630233765, ""totir"": 30.0, ""tofer"": NaN, ""swfac"": 0.0, ""nstres"": 0.0}",0.0,0.0,12921.97021484375,6700.62255859375,1.3263877630233765,30.0,,0.0,0.0,30.0,150.0,21.416607666015626,33.41660766601562,Leave_One_experiments/all_year_offline_schedule_search/daily_outputs/FQA/FQA_2013_FQA2013_normal_grid_S0013_daily.csv
FQA,FQA,Fengqiu,2013,Leave_One_experiments\wth_generated_qc\FQA\FQA2013.WTH,wet_year;nitrogen_stress_year;low_response_year,wet,FQA2013_normal_grid_S0013,irrigation_positive_candidate,2013-09-03,246,90,85,"{""sim_day"": 90.0, ""doy"": 246.0, ""topwt"": 13086.475830078123, ""grnwt"": 6865.1275634765625, ""xlai"": 1.2455016374588013, ""totir"": 30.0, ""tofer"": NaN, ""swfac"": 0.0, ""nstres"": 0.0021197795867919}",0.0,0.0021197795867919,13086.475830078123,6865.1275634765625,1.2455016374588013,30.0,,0.0,0.0,30.0,150.0,21.416607666015626,33.41660766601562,Leave_One_experiments/all_year_offline_schedule_search/daily_outputs/FQA/FQA_2013_FQA2013_normal_grid_S0013_daily.csv
FQA,FQA,Fengqiu,2013,Leave_One_experiments\wth_generated_qc\FQA\FQA2013.WTH,wet_year;nitrogen_stress_year;low_response_year,wet,FQA2013_normal_grid_S0013,irrigation_positive_candidate,2013-09-04,247,91,86,"{""sim_day"": 91.0, ""doy"": 247.0, ""topwt"": 13208.6376953125, ""grnwt"": 6987.2900390625, ""xlai"": 1.1758248805999756, ""totir"": 30.0, ""tofer"": NaN, ""swfac"": 0.0, ""nstres"": 0.0175287723541259}",0.0,0.0175287723541259,13208.6376953125,6987.2900390625,1.1758248805999756,30.0,,0.0,0.0,30.0,150.0,21.416607666015626,33.41660766601562,Leave_One_experiments/all_year_offline_schedule_search/daily_outputs/FQA/FQA_2013_FQA2013_normal_grid_S0013_daily.csv
FQA,FQA,Fengqiu,2013,Leave_One_experiments\wth_generated_qc\FQA\FQA2013.WTH,wet_year;nitrogen_stress_year;low_response_year,wet,FQA2013_normal_grid_S0013,irrigation_positive_candidate,2013-09-05,248,92,87,"{""sim_day"": 92.0, ""doy"": 248.0, ""topwt"": 13432.6953125, ""grnwt"": 7211.346435546875, ""xlai"": 1.092568039894104, ""totir"": 30.0, ""tofer"": NaN, ""swfac"": 0.0, ""nstres"": 0.0217514038085937}",0.0,0.0217514038085937,13432.6953125,7211.346435546875,1.092568039894104,30.0,,0.0,0.0,30.0,150.0,21.416607666015626,33.41660766601562,Leave_One_experiments/all_year_offline_schedule_search/daily_outputs/FQA/FQA_2013_FQA2013_normal_grid_S0013_daily.csv
FQA,FQA,Fengqiu,2013,Leave_One_experiments\wth_generated_qc\FQA\FQA2013.WTH,wet_year;nitrogen_stress_year;low_response_year,wet,FQA2013_normal_grid_S0013,irrigation_positive_candidate,2013-09-06,249,93,88,"{""sim_day"": 93.0, ""doy"": 249.0, ""topwt"": 13613.009033203123, ""grnwt"": 7391.660766601562, ""xlai"": 0.9980796575546264, ""totir"": 30.0, ""tofer"": NaN, ""swfac"": 0.0, ""nstres"": 0.0682113170623779}",0.0,0.0682113170623779,13613.009033203123,7391.660766601562,0.9980796575546264,30.0,,0.0,0.0,30.0,150.0,21.416607666015626,33.41660766601562,Leave_One_experiments/all_year_offline_schedule_search/daily_outputs/FQA/FQA_2013_FQA2013_normal_grid_S0013_daily.csv
FQA,FQA,Fengqiu,2013,Leave_One_experiments\wth_generated_qc\FQA\FQA2013.WTH,wet_year;nitrogen_stress_year;low_response_year,wet,FQA2013_normal_grid_S0013,irrigation_positive_candidate,2013-09-07,250,94,89,"{""sim_day"": 94.0, ""doy"": 250.0, ""topwt"": 13613.009033203123, ""grnwt"": 7391.660766601562, ""xlai"": 0.9980796575546264, ""totir"": 30.0, ""tofer"": NaN, ""swfac"": 0.0, ""nstres"": 0.1021407842636108}",0.0,0.1021407842636108,13613.009033203123,7391.660766601562,0.9980796575546264,30.0,,0.0,0.0,30.0,150.0,21.416607666015626,33.41660766601562,Leave_One_experiments/all_year_offline_schedule_search/daily_outputs/FQA/FQA_2013_FQA2013_normal_grid_S0013_daily.csv
FQA,FQA,Fengqiu,2013,Leave_One_experiments\wth_generated_qc\FQA\FQA2013.WTH,wet_year;nitrogen_stress_year;low_response_year,wet,FQA2013_normal_grid_S0013,irrigation_positive_candidate,2013-09-08,251,95,90,"{""sim_day"": 95.0, ""doy"": 251.0, ""topwt"": 13613.009033203123, ""grnwt"": 7391.660766601562, ""xlai"": 0.9980796575546264, ""totir"": 30.0, ""tofer"": NaN, ""swfac"": 0.0, ""nstres"": 0.1021407842636108}",0.0,0.1021407842636108,13613.009033203123,7391.660766601562,0.9980796575546264,30.0,,0.0,0.0,30.0,150.0,21.416607666015626,33.41660766601562,Leave_One_experiments/all_year_offline_schedule_search/daily_outputs/FQA/FQA_2013_FQA2013_normal_grid_S0013_daily.csv
FQA,FQA,Fengqiu,2013,Leave_One_experiments\wth_generated_qc\FQA\FQA2013.WTH,wet_year;nitrogen_stress_year;low_response_year,wet,FQA2013_normal_grid_S0013,irrigation_positive_candidate,2013-09-09,252,96,91,"{""sim_day"": 96.0, ""doy"": 252.0, ""topwt"": 13613.009033203123, ""grnwt"": 7391.660766601562, ""xlai"": 0.9980796575546264, ""totir"": 30.0, ""tofer"": NaN, ""swfac"": 0.0, ""nstres"": 0.1021407842636108}",0.0,0.1021407842636108,13613.009033203123,7391.660766601562,0.9980796575546264,30.0,,0.0,0.0,30.0,150.0,21.416607666015626,33.41660766601562,Leave_One_experiments/all_year_offline_schedule_search/daily_outputs/FQA/FQA_2013_FQA2013_normal_grid_S0013_daily.csv
FQA,FQA,Fengqiu,2013,Leave_One_experiments\wth_generated_qc\FQA\FQA2013.WTH,wet_year;nitrogen_stress_year;low_response_year,wet,FQA2013_normal_grid_S0010,low_input_within_10pct_yield,2013-06-11,162,1,1,"{""sim_day"": 1.0, ""doy"": 162.0, ""topwt"": 0.0, ""grnwt"": 0.0, ""xlai"": 0.0, ""totir"": 0.0, ""tofer"": NaN, ""swfac"": 0.0, ""nstres"": 0.0}",0.0,0.0,0.0,0.0,0.0,0.0,,0.0,50.0,0.0,150.0,35.61907958984375,35.61907958984375,Leave_One_experiments/all_year_offline_schedule_search/daily_outputs/FQA/FQA_2013_FQA2013_normal_grid_S0010_daily.csv
FQA,FQA,Fengqiu,2013,Leave_One_experiments\wth_generated_qc\FQA\FQA2013.WTH,wet_year;nitrogen_stress_year;low_response_year,wet,FQA2013_normal_grid_S0010,low_input_within_10pct_yield,2013-06-12,163,2,2,"{""sim_day"": 2.0, ""doy"": 163.0, ""topwt"": 0.0, ""grnwt"": 0.0, ""xlai"": 0.0, ""totir"": 0.0, ""tofer"": NaN, ""swfac"": 0.0, ""nstres"": 0.0}",0.0,0.0,0.0,0.0,0.0,0.0,,0.0,0.0,0.0,150.0,35.61907958984375,35.61907958984375,Leave_One_experiments/all_year_offline_schedule_search/daily_outputs/FQA/FQA_2013_FQA2013_normal_grid_S0010_daily.csv
FQA,FQA,Fengqiu,2013,Leave_One_experiments\wth_generated_qc\FQA\FQA2013.WTH,wet_year;nitrogen_stress_year;low_response_year,wet,FQA2013_normal_grid_S0010,low_input_within_10pct_yield,2013-06-13,164,3,3,"{""sim_day"": 3.0, ""doy"": 164.0, ""topwt"": 0.0, ""grnwt"": 0.0, ""xlai"": 0.0, ""totir"": 0.0, ""tofer"": NaN, ""swfac"": 0.0, ""nstres"": 0.0}",0.0,0.0,0.0,0.0,0.0,0.0,,0.0,0.0,0.0,150.0,35.61907958984375,35.61907958984375,Leave_One_experiments/all_year_offline_schedule_search/daily_outputs/FQA/FQA_2013_FQA2013_normal_grid_S0010_daily.csv
FQA,FQA,Fengqiu,2013,Leave_One_experiments\wth_generated_qc\FQA\FQA2013.WTH,wet_year;nitrogen_stress_year;low_response_year,wet,FQA2013_normal_grid_S0010,low_input_within_10pct_yield,2013-06-14,165,4,4,"{""sim_day"": 4.0, ""doy"": 165.0, ""topwt"": 0.0, ""grnwt"": 0.0, ""xlai"": 0.0, ""totir"": 0.0, ""tofer"": NaN, ""swfac"": 0.0, ""nstres"": 0.0}",0.0,0.0,0.0,0.0,0.0,0.0,,0.0,0.0,0.0,150.0,35.61907958984375,35.61907958984375,Leave_One_experiments/all_year_offline_schedule_search/daily_outputs/FQA/FQA_2013_FQA2013_normal_grid_S0010_daily.csv
FQA,FQA,Fengqiu,2013,Leave_One_experiments\wth_generated_qc\FQA\FQA2013.WTH,wet_year;nitrogen_stress_year;low_response_year,wet,FQA2013_normal_grid_S0010,low_input_within_10pct_yield,2013-06-15,166,5,5,"{""sim_day"": 5.0, ""doy"": 166.0, ""topwt"": 0.0, ""grnwt"": 0.0, ""xlai"": 0.0, ""totir"": 0.0, ""tofer"": NaN, ""swfac"": 0.0, ""nstres"": 0.0}",0.0,0.0,0.0,0.0,0.0,0.0,,0.0,0.0,0.0,150.0,35.61907958984375,35.61907958984375,Leave_One_experiments/all_year_offline_schedule_search/daily_outputs/FQA/FQA_2013_FQA2013_normal_grid_S0010_daily.csv
FQA,FQA,Fengqiu,2013,Leave_One_experiments\wth_generated_qc\FQA\FQA2013.WTH,wet_year;nitrogen_stress_year;low_response_year,wet,FQA2013_normal_grid_S0010,low_input_within_10pct_yield,2013-06-11,162,6,1,"{""sim_day"": 6.0, ""doy"": 162.0, ""topwt"": 0.0, ""grnwt"": 0.0, ""xlai"": 0.0, ""totir"": 0.0, ""tofer"": NaN, ""swfac"": 0.0, ""nstres"": 0.0}",0.0,0.0,0.0,0.0,0.0,0.0,,0.0,0.0,0.0,150.0,35.61907958984375,35.61907958984375,Leave_One_experiments/all_year_offline_schedule_search/daily_outputs/FQA/FQA_2013_FQA2013_normal_grid_S0010_daily.csv
FQA,FQA,Fengqiu,2013,Leave_One_experiments\wth_generated_qc\FQA\FQA2013.WTH,wet_year;nitrogen_stress_year;low_response_year,wet,FQA2013_normal_grid_S0010,low_input_within_10pct_yield,2013-06-12,163,7,2,"{""sim_day"": 7.0, ""doy"": 163.0, ""topwt"": 0.0, ""grnwt"": 0.0, ""xlai"": 0.0, ""totir"": 0.0, ""tofer"": NaN, ""swfac"": 0.0, ""nstres"": 0.0}",0.0,0.0,0.0,0.0,0.0,0.0,,0.0,0.0,0.0,150.0,35.61907958984375,35.61907958984375,Leave_One_experiments/all_year_offline_schedule_search/daily_outputs/FQA/FQA_2013_FQA2013_normal_grid_S0010_daily.csv
FQA,FQA,Fengqiu,2013,Leave_One_experiments\wth_generated_qc\FQA\FQA2013.WTH,wet_year;nitrogen_stress_year;low_response_year,wet,FQA2013_normal_grid_S0010,low_input_within_10pct_yield,2013-06-13,164,8,3,"{""sim_day"": 8.0, ""doy"": 164.0, ""topwt"": 0.0, ""grnwt"": 0.0, ""xlai"": 0.0, ""totir"": 0.0, ""tofer"": NaN, ""swfac"": 0.0, ""nstres"": 0.0}",0.0,0.0,0.0,0.0,0.0,0.0,,0.0,0.0,0.0,150.0,35.61907958984375,35.61907958984375,Leave_One_experiments/all_year_offline_schedule_search/daily_outputs/FQA/FQA_2013_FQA2013_normal_grid_S0010_daily.csv
FQA,FQA,Fengqiu,2013,Leave_One_experiments\wth_generated_qc\FQA\FQA2013.WTH,wet_year;nitrogen_stress_year;low_response_year,wet,FQA2013_normal_grid_S0010,low_input_within_10pct_yield,2013-06-14,165,9,4,"{""sim_day"": 9.0, ""doy"": 165.0, ""topwt"": 0.0, ""grnwt"": 0.0, ""xlai"": 0.0, ""totir"": 0.0, ""tofer"": NaN, ""swfac"": 0.0, ""nstres"": 0.0}",0.0,0.0,0.0,0.0,0.0,0.0,,0.0,0.0,0.0,150.0,35.61907958984375,35.61907958984375,Leave_One_experiments/all_year_offline_schedule_search/daily_outputs/FQA/FQA_2013_FQA2013_normal_grid_S0010_daily.csv
FQA,FQA,Fengqiu,2013,Leave_One_experiments\wth_generated_qc\FQA\FQA2013.WTH,wet_year;nitrogen_stress_year;low_response_year,wet,FQA2013_normal_grid_S0010,low_input_within_10pct_yield,2013-06-15,166,10,5,"{""sim_day"": 10.0, ""doy"": 166.0, ""topwt"": 32.00000047683716, ""grnwt"": 0.0, ""xlai"": 0.003542817896232, ""totir"": 0.0, ""tofer"": NaN, ""swfac"": 0.0, ""nstres"": 0.0121910572052001}",0.0,0.0121910572052001,32.00000047683716,0.0,0.003542817896232,0.0,,0.0,0.0,0.0,150.0,35.61907958984375,35.61907958984375,Leave_One_experiments/all_year_offline_schedule_search/daily_outputs/FQA/FQA_2013_FQA2013_normal_grid_S0010_daily.csv
FQA,FQA,Fengqiu,2013,Leave_One_experiments\wth_generated_qc\FQA\FQA2013.WTH,wet_year;nitrogen_stress_year;low_response_year,wet,FQA2013_normal_grid_S0010,low_input_within_10pct_yield,2013-06-16,167,11,6,"{""sim_day"": 11.0, ""doy"": 167.0, ""topwt"": 32.00000047683716, ""grnwt"": 0.0, ""xlai"": 0.0068104299716651, ""totir"": 0.0, ""tofer"": NaN, ""swfac"": 0.0, ""nstres"": 0.0}",0.0,0.0,32.00000047683716,0.0,0.0068104299716651,0.0,,0.0,0.0,0.0,150.0,35.61907958984375,35.61907958984375,Leave_One_experiments/all_year_offline_schedule_search/daily_outputs/FQA/FQA_2013_FQA2013_normal_grid_S0010_daily.csv
FQA,FQA,Fengqiu,2013,Leave_One_experiments\wth_generated_qc\FQA\FQA2013.WTH,wet_year;nitrogen_stress_year;low_response_year,wet,FQA2013_normal_grid_S0010,low_input_within_10pct_yield,2013-06-17,168,12,7,"{""sim_day"": 12.0, ""doy"": 168.0, ""topwt"": 32.00000047683716, ""grnwt"": 0.0, ""xlai"": 0.0098160924389958, ""totir"": 0.0, ""tofer"": NaN, ""swfac"": 0.0, ""nstres"": 0.0}",0.0,0.0,32.00000047683716,0.0,0.0098160924389958,0.0,,0.0,0.0,0.0,150.0,35.61907958984375,35.61907958984375,Leave_One_experiments/all_year_offline_schedule_search/daily_outputs/FQA/FQA_2013_FQA2013_normal_grid_S0010_daily.csv
FQA,FQA,Fengqiu,2013,Leave_One_experiments\wth_generated_qc\FQA\FQA2013.WTH,wet_year;nitrogen_stress_year;low_response_year,wet,FQA2013_normal_grid_S0010,low_input_within_10pct_yield,2013-06-18,169,13,8,"{""sim_day"": 13.0, ""doy"": 169.0, ""topwt"": 32.00000047683716, ""grnwt"": 0.0, ""xlai"": 0.0133564453572034, ""totir"": 0.0, ""tofer"": NaN, ""swfac"": 0.0, ""nstres"": 0.0}",0.0,0.0,32.00000047683716,0.0,0.0133564453572034,0.0,,0.0,0.0,0.0,150.0,35.61907958984375,35.61907958984375,Leave_One_experiments/all_year_offline_schedule_search/daily_outputs/FQA/FQA_2013_FQA2013_normal_grid_S0010_daily.csv
FQA,FQA,Fengqiu,2013,Leave_One_experiments\wth_generated_qc\FQA\FQA2013.WTH,wet_year;nitrogen_stress_year;low_response_year,wet,FQA2013_normal_grid_S0010,low_input_within_10pct_yield,2013-06-19,170,14,9,"{""sim_day"": 14.0, ""doy"": 170.0, ""topwt"": 32.00000047683716, ""grnwt"": 0.0, ""xlai"": 0.0173755548894405, ""totir"": 0.0, ""tofer"": NaN, ""swfac"": 0.0, ""nstres"": 0.0}",0.0,0.0,32.00000047683716,0.0,0.0173755548894405,0.0,,0.0,0.0,0.0,150.0,35.61907958984375,35.61907958984375,Leave_One_experiments/all_year_offline_schedule_search/daily_outputs/FQA/FQA_2013_FQA2013_normal_grid_S0010_daily.csv
FQA,FQA,Fengqiu,2013,Leave_One_experiments\wth_generated_qc\FQA\FQA2013.WTH,wet_year;nitrogen_stress_year;low_response_year,wet,FQA2013_normal_grid_S0010,low_input_within_10pct_yield,2013-06-20,171,15,10,"{""sim_day"": 15.0, ""doy"": 171.0, ""topwt"": 32.00000047683716, ""grnwt"": 0.0, ""xlai"": 0.0208528526127338, ""totir"": 0.0, ""tofer"": NaN, ""swfac"": 0.0, ""nstres"": 0.0}",0.0,0.0,32.00000047683716,0.0,0.0208528526127338,0.0,,0.0,0.0,0.0,150.0,35.61907958984375,35.61907958984375,Leave_One_experiments/all_year_offline_schedule_search/daily_outputs/FQA/FQA_2013_FQA2013_normal_grid_S0010_daily.csv
FQA,FQA,Fengqiu,2013,Leave_One_experiments\wth_generated_qc\FQA\FQA2013.WTH,wet_year;nitrogen_stress_year;low_response_year,wet,FQA2013_normal_grid_S0010,low_input_within_10pct_yield,2013-06-21,172,16,11,"{""sim_day"": 16.0, ""doy"": 172.0, ""topwt"": 23.84869337081909, ""grnwt"": 0.0, ""xlai"": 0.0331518873572349, ""totir"": 0.0, ""tofer"": NaN, ""swfac"": 0.0, ""nstres"": 0.0}",0.0,0.0,23.84869337081909,0.0,0.0331518873572349,0.0,,0.0,0.0,0.0,150.0,35.61907958984375,35.61907958984375,Leave_One_experiments/all_year_offline_schedule_search/daily_outputs/FQA/FQA_2013_FQA2013_normal_grid_S0010_daily.csv
FQA,FQA,Fengqiu,2013,Leave_One_experiments\wth_generated_qc\FQA\FQA2013.WTH,wet_year;nitrogen_stress_year;low_response_year,wet,FQA2013_normal_grid_S0010,low_input_within_10pct_yield,2013-06-22,173,17,12,"{""sim_day"": 17.0, ""doy"": 173.0, ""topwt"": 28.248732089996334, ""grnwt"": 0.0, ""xlai"": 0.0472590774297714, ""totir"": 0.0, ""tofer"": NaN, ""swfac"": 0.0, ""nstres"": 0.0}",0.0,0.0,28.248732089996334,0.0,0.0472590774297714,0.0,,0.0,0.0,0.0,150.0,35.61907958984375,35.61907958984375,Leave_One_experiments/all_year_offline_schedule_search/daily_outputs/FQA/FQA_2013_FQA2013_normal_grid_S0010_daily.csv
FQA,FQA,Fengqiu,2013,Leave_One_experiments\wth_generated_qc\FQA\FQA2013.WTH,wet_year;nitrogen_stress_year;low_response_year,wet,FQA2013_normal_grid_S0010,low_input_within_10pct_yield,2013-06-23,174,18,13,"{""sim_day"": 18.0, ""doy"": 174.0, ""topwt"": 33.70046615600586, ""grnwt"": 0.0, ""xlai"": 0.0633482336997985, ""totir"": 0.0, ""tofer"": NaN, ""swfac"": 0.0, ""nstres"": 0.0}",0.0,0.0,33.70046615600586,0.0,0.0633482336997985,0.0,,0.0,0.0,0.0,150.0,35.61907958984375,35.61907958984375,Leave_One_experiments/all_year_offline_schedule_search/daily_outputs/FQA/FQA_2013_FQA2013_normal_grid_S0010_daily.csv
FQA,FQA,Fengqiu,2013,Leave_One_experiments\wth_generated_qc\FQA\FQA2013.WTH,wet_year;nitrogen_stress_year;low_response_year,wet,FQA2013_normal_grid_S0010,low_input_within_10pct_yield,2013-06-24,175,19,14,"{""sim_day"": 19.0, ""doy"": 175.0, ""topwt"": 40.98158836364746, ""grnwt"": 0.0, ""xlai"": 0.0833106562495231, ""totir"": 0.0, ""tofer"": NaN, ""swfac"": 0.0, ""nstres"": 0.0}",0.0,0.0,40.98158836364746,0.0,0.0833106562495231,0.0,,0.0,0.0,0.0,150.0,35.61907958984375,35.61907958984375,Leave_One_experiments/all_year_offline_schedule_search/daily_outputs/FQA/FQA_2013_FQA2013_normal_grid_S0010_daily.csv
FQA,FQA,Fengqiu,2013,Leave_One_experiments\wth_generated_qc\FQA\FQA2013.WTH,wet_year;nitrogen_stress_year;low_response_year,wet,FQA2013_normal_grid_S0010,low_input_within_10pct_yield,2013-06-25,176,20,15,"{""sim_day"": 20.0, ""doy"": 176.0, ""topwt"": 48.29512596130371, ""grnwt"": 0.0, ""xlai"": 0.1021565049886703, ""totir"": 0.0, ""tofer"": NaN, ""swfac"": 0.0, ""nstres"": 0.0}",0.0,0.0,48.29512596130371,0.0,0.1021565049886703,0.0,,0.0,0.0,0.0,150.0,35.61907958984375,35.61907958984375,Leave_One_experiments/all_year_offline_schedule_search/daily_outputs/FQA/FQA_2013_FQA2013_normal_grid_S0010_daily.csv
FQA,FQA,Fengqiu,2013,Leave_One_experiments\wth_generated_qc\FQA\FQA2013.WTH,wet_year;nitrogen_stress_year;low_response_year,wet,FQA2013_normal_grid_S0010,low_input_within_10pct_yield,2013-06-26,177,21,16,"{""sim_day"": 21.0, ""doy"": 177.0, ""topwt"": 58.70063304901123, ""grnwt"": 0.0, ""xlai"": 0.1274983137845993, ""totir"": 0.0, ""tofer"": NaN, ""swfac"": 0.0, ""nstres"": 0.0}",0.0,0.0,58.70063304901123,0.0,0.1274983137845993,0.0,,0.0,0.0,0.0,150.0,35.61907958984375,35.61907958984375,Leave_One_experiments/all_year_offline_schedule_search/daily_outputs/FQA/FQA_2013_FQA2013_normal_grid_S0010_daily.csv
FQA,FQA,Fengqiu,2013,Leave_One_experiments\wth_generated_qc\FQA\FQA2013.WTH,wet_year;nitrogen_stress_year;low_response_year,wet,FQA2013_normal_grid_S0010,low_input_within_10pct_yield,2013-06-27,178,22,17,"{""sim_day"": 22.0, ""doy"": 178.0, ""topwt"": 71.35904788970947, ""grnwt"": 0.0, ""xlai"": 0.1566244214773178, ""totir"": 0.0, ""tofer"": NaN, ""swfac"": 0.0, ""nstres"": 0.0}",0.0,0.0,71.35904788970947,0.0,0.1566244214773178,0.0,,0.0,0.0,0.0,150.0,35.61907958984375,35.61907958984375,Leave_One_experiments/all_year_offline_schedule_search/daily_outputs/FQA/FQA_2013_FQA2013_normal_grid_S0010_daily.csv
FQA,FQA,Fengqiu,2013,Leave_One_experiments\wth_generated_qc\FQA\FQA2013.WTH,wet_year;nitrogen_stress_year;low_response_year,wet,FQA2013_normal_grid_S0010,low_input_within_10pct_yield,2013-06-28,179,23,18,"{""sim_day"": 23.0, ""doy"": 179.0, ""topwt"": 84.37240600585938, ""grnwt"": 0.0, ""xlai"": 0.1851120293140411, ""totir"": 0.0, ""tofer"": NaN, ""swfac"": 0.0, ""nstres"": 0.0}",0.0,0.0,84.37240600585938,0.0,0.1851120293140411,0.0,,0.0,0.0,0.0,150.0,35.61907958984375,35.61907958984375,Leave_One_experiments/all_year_offline_schedule_search/daily_outputs/FQA/FQA_2013_FQA2013_normal_grid_S0010_daily.csv
FQA,FQA,Fengqiu,2013,Leave_One_experiments\wth_generated_qc\FQA\FQA2013.WTH,wet_year;nitrogen_stress_year;low_response_year,wet,FQA2013_normal_grid_S0010,low_input_within_10pct_yield,2013-06-29,180,24,19,"{""sim_day"": 24.0, ""doy"": 180.0, ""topwt"": 99.85020637512208, ""grnwt"": 0.0, ""xlai"": 0.2175229489803314, ""totir"": 0.0, ""tofer"": NaN, ""swfac"": 0.0, ""nstres"": 0.0}",0.0,0.0,99.85020637512208,0.0,0.2175229489803314,0.0,,0.0,0.0,0.0,150.0,35.61907958984375,35.61907958984375,Leave_One_experiments/all_year_offline_schedule_search/daily_outputs/FQA/FQA_2013_FQA2013_normal_grid_S0010_daily.csv
FQA,FQA,Fengqiu,2013,Leave_One_experiments\wth_generated_qc\FQA\FQA2013.WTH,wet_year;nitrogen_stress_year;low_response_year,wet,FQA2013_normal_grid_S0010,low_input_within_10pct_yield,2013-06-30,181,25,20,"{""sim_day"": 25.0, ""doy"": 181.0, ""topwt"": 118.67403984069824, ""grnwt"": 0.0, ""xlai"": 0.2542327046394348, ""totir"": 0.0, ""tofer"": NaN, ""swfac"": 0.0, ""nstres"": 0.0}",0.0,0.0,118.67403984069824,0.0,0.2542327046394348,0.0,,0.0,0.0,0.0,150.0,35.61907958984375,35.61907958984375,Leave_One_experiments/all_year_offline_schedule_search/daily_outputs/FQA/FQA_2013_FQA2013_normal_grid_S0010_daily.csv
FQA,FQA,Fengqiu,2013,Leave_One_experiments\wth_generated_qc\FQA\FQA2013.WTH,wet_year;nitrogen_stress_year;low_response_year,wet,FQA2013_normal_grid_S0010,low_input_within_10pct_yield,2013-07-01,182,26,21,"{""sim_day"": 26.0, ""doy"": 182.0, ""topwt"": 137.1714210510254, ""grnwt"": 0.0, ""xlai"": 0.2909667789936065, ""totir"": 0.0, ""tofer"": NaN, ""swfac"": 0.0, ""nstres"": 0.0}",0.0,0.0,137.1714210510254,0.0,0.2909667789936065,0.0,,0.0,0.0,0.0,150.0,35.61907958984375,35.61907958984375,Leave_One_experiments/all_year_offline_schedule_search/daily_outputs/FQA/FQA_2013_FQA2013_normal_grid_S0010_daily.csv
FQA,FQA,Fengqiu,2013,Leave_One_experiments\wth_generated_qc\FQA\FQA2013.WTH,wet_year;nitrogen_stress_year;low_response_year,wet,FQA2013_normal_grid_S0010,low_input_within_10pct_yield,2013-07-02,183,27,22,"{""sim_day"": 27.0, ""doy"": 183.0, ""topwt"": 157.43685722351074, ""grnwt"": 0.0, ""xlai"": 0.3296810388565063, ""totir"": 0.0, ""tofer"": NaN, ""swfac"": 0.0, ""nstres"": 0.0}",0.0,0.0,157.43685722351074,0.0,0.3296810388565063,0.0,,0.0,0.0,0.0,150.0,35.61907958984375,35.61907958984375,Leave_One_experiments/all_year_offline_schedule_search/daily_outputs/FQA/FQA_2013_FQA2013_normal_grid_S0010_daily.csv
FQA,FQA,Fengqiu,2013,Leave_One_experiments\wth_generated_qc\FQA\FQA2013.WTH,wet_year;nitrogen_stress_year;low_response_year,wet,FQA2013_normal_grid_S0010,low_input_within_10pct_yield,2013-07-03,184,28,23,"{""sim_day"": 28.0, ""doy"": 184.0, ""topwt"": 170.68618774414062, ""grnwt"": 0.0, ""xlai"": 0.3541584014892578, ""totir"": 0.0, ""tofer"": NaN, ""swfac"": 0.0, ""nstres"": 0.0}",0.0,0.0,170.68618774414062,0.0,0.3541584014892578,0.0,,0.0,0.0,0.0,150.0,35.61907958984375,35.61907958984375,Leave_One_experiments/all_year_offline_schedule_search/daily_outputs/FQA/FQA_2013_FQA2013_normal_grid_S0010_daily.csv
FQA,FQA,Fengqiu,2013,Leave_One_experiments\wth_generated_qc\FQA\FQA2013.WTH,wet_year;nitrogen_stress_year;low_response_year,wet,FQA2013_normal_grid_S0010,low_input_within_10pct_yield,2013-07-04,185,29,24,"{""sim_day"": 29.0, ""doy"": 185.0, ""topwt"": 190.39352416992188, ""grnwt"": 0.0, ""xlai"": 0.389399766921997, ""totir"": 0.0, ""tofer"": NaN, ""swfac"": 0.0, ""nstres"": 0.0}",0.0,0.0,190.39352416992188,0.0,0.389399766921997,0.0,,0.0,0.0,0.0,150.0,35.61907958984375,35.61907958984375,Leave_One_experiments/all_year_offline_schedule_search/daily_outputs/FQA/FQA_2013_FQA2013_normal_grid_S0010_daily.csv
FQA,FQA,Fengqiu,2013,Leave_One_experiments\wth_generated_qc\FQA\FQA2013.WTH,wet_year;nitrogen_stress_year;low_response_year,wet,FQA2013_normal_grid_S0010,low_input_within_10pct_yield,2013-07-05,186,30,25,"{""sim_day"": 30.0, ""doy"": 186.0, ""topwt"": 213.62348556518555, ""grnwt"": 0.0, ""xlai"": 0.429386168718338, ""totir"": 0.0, ""tofer"": NaN, ""swfac"": 0.0, ""nstres"": 0.0}",0.0,0.0,213.62348556518555,0.0,0.429386168718338,0.0,,0.0,0.0,0.0,150.0,35.61907958984375,35.61907958984375,Leave_One_experiments/all_year_offline_schedule_search/daily_outputs/FQA/FQA_2013_FQA2013_normal_grid_S0010_daily.csv
FQA,FQA,Fengqiu,2013,Leave_One_experiments\wth_generated_qc\FQA\FQA2013.WTH,wet_year;nitrogen_stress_year;low_response_year,wet,FQA2013_normal_grid_S0010,low_input_within_10pct_yield,2013-07-06,187,31,26,"{""sim_day"": 31.0, ""doy"": 187.0, ""topwt"": 242.64801025390625, ""grnwt"": 0.0, ""xlai"": 0.4773018062114715, ""totir"": 0.0, ""tofer"": NaN, ""swfac"": 0.0, ""nstres"": 0.0}",0.0,0.0,242.64801025390625,0.0,0.4773018062114715,0.0,,0.0,0.0,0.0,150.0,35.61907958984375,35.61907958984375,Leave_One_experiments/all_year_offline_schedule_search/daily_outputs/FQA/FQA_2013_FQA2013_normal_grid_S0010_daily.csv
FQA,FQA,Fengqiu,2013,Leave_One_experiments\wth_generated_qc\FQA\FQA2013.WTH,wet_year;nitrogen_stress_year;low_response_year,wet,FQA2013_normal_grid_S0010,low_input_within_10pct_yield,2013-07-07,188,32,27,"{""sim_day"": 32.0, ""doy"": 188.0, ""topwt"": 275.13208389282227, ""grnwt"": 0.0, ""xlai"": 0.5285956263542175, ""totir"": 0.0, ""tofer"": NaN, ""swfac"": 0.0, ""nstres"": 0.0}",0.0,0.0,275.13208389282227,0.0,0.5285956263542175,0.0,,0.0,0.0,0.0,150.0,35.61907958984375,35.61907958984375,Leave_One_experiments/all_year_offline_schedule_search/daily_outputs/FQA/FQA_2013_FQA2013_normal_grid_S0010_daily.csv
FQA,FQA,Fengqiu,2013,Leave_One_experiments\wth_generated_qc\FQA\FQA2013.WTH,wet_year;nitrogen_stress_year;low_response_year,wet,FQA2013_normal_grid_S0010,low_input_within_10pct_yield,2013-07-08,189,33,28,"{""sim_day"": 33.0, ""doy"": 189.0, ""topwt"": 311.68996810913086, ""grnwt"": 0.0, ""xlai"": 0.5837414264678955, ""totir"": 0.0, ""tofer"": NaN, ""swfac"": 0.0, ""nstres"": 0.0}",0.0,0.0,311.68996810913086,0.0,0.5837414264678955,0.0,,0.0,0.0,0.0,150.0,35.61907958984375,35.61907958984375,Leave_One_experiments/all_year_offline_schedule_search/daily_outputs/FQA/FQA_2013_FQA2013_normal_grid_S0010_daily.csv
FQA,FQA,Fengqiu,2013,Leave_One_experiments\wth_generated_qc\FQA\FQA2013.WTH,wet_year;nitrogen_stress_year;low_response_year,wet,FQA2013_normal_grid_S0010,low_input_within_10pct_yield,2013-07-09,190,34,29,"{""sim_day"": 34.0, ""doy"": 190.0, ""topwt"": 353.005485534668, ""grnwt"": 0.0, ""xlai"": 0.6432003378868103, ""totir"": 0.0, ""tofer"": NaN, ""swfac"": 0.0, ""nstres"": 0.0}",0.0,0.0,353.005485534668,0.0,0.6432003378868103,0.0,,0.0,0.0,0.0,150.0,35.61907958984375,35.61907958984375,Leave_One_experiments/all_year_offline_schedule_search/daily_outputs/FQA/FQA_2013_FQA2013_normal_grid_S0010_daily.csv
FQA,FQA,Fengqiu,2013,Leave_One_experiments\wth_generated_qc\FQA\FQA2013.WTH,wet_year;nitrogen_stress_year;low_response_year,wet,FQA2013_normal_grid_S0010,low_input_within_10pct_yield,2013-07-10,191,35,30,"{""sim_day"": 35.0, ""doy"": 191.0, ""topwt"": 398.5026550292969, ""grnwt"": 0.0, ""xlai"": 0.7056085467338562, ""totir"": 0.0, ""tofer"": NaN, ""swfac"": 0.0, ""nstres"": 0.0}",0.0,0.0,398.5026550292969,0.0,0.7056085467338562,0.0,,0.0,50.0,0.0,150.0,35.61907958984375,35.61907958984375,Leave_One_experiments/all_year_offline_schedule_search/daily_outputs/FQA/FQA_2013_FQA2013_normal_grid_S0010_daily.csv
FQA,FQA,Fengqiu,2013,Leave_One_experiments\wth_generated_qc\FQA\FQA2013.WTH,wet_year;nitrogen_stress_year;low_response_year,wet,FQA2013_normal_grid_S0010,low_input_within_10pct_yield,2013-07-11,192,36,31,"{""sim_day"": 36.0, ""doy"": 192.0, ""topwt"": 449.9274444580078, ""grnwt"": 0.0, ""xlai"": 0.7727815508842468, ""totir"": 0.0, ""tofer"": NaN, ""swfac"": 0.0, ""nstres"": 0.0}",0.0,0.0,449.9274444580078,0.0,0.7727815508842468,0.0,,0.0,0.0,0.0,150.0,35.61907958984375,35.61907958984375,Leave_One_experiments/all_year_offline_schedule_search/daily_outputs/FQA/FQA_2013_FQA2013_normal_grid_S0010_daily.csv
FQA,FQA,Fengqiu,2013,Leave_One_experiments\wth_generated_qc\FQA\FQA2013.WTH,wet_year;nitrogen_stress_year;low_response_year,wet,FQA2013_normal_grid_S0010,low_input_within_10pct_yield,2013-07-12,193,37,32,"{""sim_day"": 37.0, ""doy"": 193.0, ""topwt"": 508.12408447265625, ""grnwt"": 0.0, ""xlai"": 0.8450927734375, ""totir"": 0.0, ""tofer"": NaN, ""swfac"": 0.0, ""nstres"": 0.0}",0.0,0.0,508.12408447265625,0.0,0.8450927734375,0.0,,0.0,0.0,0.0,150.0,35.61907958984375,35.61907958984375,Leave_One_experiments/all_year_offline_schedule_search/daily_outputs/FQA/FQA_2013_FQA2013_normal_grid_S0010_daily.csv
FQA,FQA,Fengqiu,2013,Leave_One_experiments\wth_generated_qc\FQA\FQA2013.WTH,wet_year;nitrogen_stress_year;low_response_year,wet,FQA2013_normal_grid_S0010,low_input_within_10pct_yield,2013-07-13,194,38,33,"{""sim_day"": 38.0, ""doy"": 194.0, ""topwt"": 573.5143280029297, ""grnwt"": 0.0, ""xlai"": 0.922307789325714, ""totir"": 0.0, ""tofer"": NaN, ""swfac"": 0.0, ""nstres"": 0.0}",0.0,0.0,573.5143280029297,0.0,0.922307789325714,0.0,,0.0,0.0,0.0,150.0,35.61907958984375,35.61907958984375,Leave_One_experiments/all_year_offline_schedule_search/daily_outputs/FQA/FQA_2013_FQA2013_normal_grid_S0010_daily.csv
FQA,FQA,Fengqiu,2013,Leave_One_experiments\wth_generated_qc\FQA\FQA2013.WTH,wet_year;nitrogen_stress_year;low_response_year,wet,FQA2013_normal_grid_S0010,low_input_within_10pct_yield,2013-07-14,195,39,34,"{""sim_day"": 39.0, ""doy"": 195.0, ""topwt"": 646.0701751708984, ""grnwt"": 0.0, ""xlai"": 1.003679871559143, ""totir"": 0.0, ""tofer"": NaN, ""swfac"": 0.0, ""nstres"": 0.0}",0.0,0.0,646.0701751708984,0.0,1.003679871559143,0.0,,0.0,0.0,0.0,150.0,35.61907958984375,35.61907958984375,Leave_One_experiments/all_year_offline_schedule_search/daily_outputs/FQA/FQA_2013_FQA2013_normal_grid_S0010_daily.csv
FQA,FQA,Fengqiu,2013,Leave_One_experiments\wth_generated_qc\FQA\FQA2013.WTH,wet_year;nitrogen_stress_year;low_response_year,wet,FQA2013_normal_grid_S0010,low_input_within_10pct_yield,2013-07-15,196,40,35,"{""sim_day"": 40.0, ""doy"": 196.0, ""topwt"": 726.5007019042969, ""grnwt"": 0.0, ""xlai"": 1.0893172025680542, ""totir"": 0.0, ""tofer"": NaN, ""swfac"": 0.0, ""nstres"": 0.0}",0.0,0.0,726.5007019042969,0.0,1.0893172025680542,0.0,,0.0,0.0,0.0,150.0,35.61907958984375,35.61907958984375,Leave_One_experiments/all_year_offline_schedule_search/daily_outputs/FQA/FQA_2013_FQA2013_normal_grid_S0010_daily.csv
FQA,FQA,Fengqiu,2013,Leave_One_experiments\wth_generated_qc\FQA\FQA2013.WTH,wet_year;nitrogen_stress_year;low_response_year,wet,FQA2013_normal_grid_S0010,low_input_within_10pct_yield,2013-07-16,197,41,36,"{""sim_day"": 41.0, ""doy"": 197.0, ""topwt"": 815.5754852294922, ""grnwt"": 0.0, ""xlai"": 1.179328203201294, ""totir"": 0.0, ""tofer"": NaN, ""swfac"": 0.0, ""nstres"": 0.0}",0.0,0.0,815.5754852294922,0.0,1.179328203201294,0.0,,0.0,0.0,0.0,150.0,35.61907958984375,35.61907958984375,Leave_One_experiments/all_year_offline_schedule_search/daily_outputs/FQA/FQA_2013_FQA2013_normal_grid_S0010_daily.csv
FQA,FQA,Fengqiu,2013,Leave_One_experiments\wth_generated_qc\FQA\FQA2013.WTH,wet_year;nitrogen_stress_year;low_response_year,wet,FQA2013_normal_grid_S0010,low_input_within_10pct_yield,2013-07-17,198,42,37,"{""sim_day"": 42.0, ""doy"": 198.0, ""topwt"": 874.6781158447266, ""grnwt"": 0.0, ""xlai"": 1.2364085912704468, ""totir"": 0.0, ""tofer"": NaN, ""swfac"": 0.0, ""nstres"": 0.0}",0.0,0.0,874.6781158447266,0.0,1.2364085912704468,0.0,,0.0,0.0,0.0,150.0,35.61907958984375,35.61907958984375,Leave_One_experiments/all_year_offline_schedule_search/daily_outputs/FQA/FQA_2013_FQA2013_normal_grid_S0010_daily.csv
FQA,FQA,Fengqiu,2013,Leave_One_experiments\wth_generated_qc\FQA\FQA2013.WTH,wet_year;nitrogen_stress_year;low_response_year,wet,FQA2013_normal_grid_S0010,low_input_within_10pct_yield,2013-07-18,199,43,38,"{""sim_day"": 43.0, ""doy"": 199.0, ""topwt"": 961.234130859375, ""grnwt"": 0.0, ""xlai"": 1.3166470527648926, ""totir"": 0.0, ""tofer"": NaN, ""swfac"": 0.0, ""nstres"": 0.0}",0.0,0.0,961.234130859375,0.0,1.3166470527648926,0.0,,0.0,0.0,0.0,150.0,35.61907958984375,35.61907958984375,Leave_One_experiments/all_year_offline_schedule_search/daily_outputs/FQA/FQA_2013_FQA2013_normal_grid_S0010_daily.csv
FQA,FQA,Fengqiu,2013,Leave_One_experiments\wth_generated_qc\FQA\FQA2013.WTH,wet_year;nitrogen_stress_year;low_response_year,wet,FQA2013_normal_grid_S0010,low_input_within_10pct_yield,2013-07-19,200,44,39,"{""sim_day"": 44.0, ""doy"": 200.0, ""topwt"": 1061.5875244140625, ""grnwt"": 0.0, ""xlai"": 1.4052536487579346, ""totir"": 0.0, ""tofer"": NaN, ""swfac"": 0.0, ""nstres"": 0.0}",0.0,0.0,1061.5875244140625,0.0,1.4052536487579346,0.0,,0.0,0.0,0.0,150.0,35.61907958984375,35.61907958984375,Leave_One_experiments/all_year_offline_schedule_search/daily_outputs/FQA/FQA_2013_FQA2013_normal_grid_S0010_daily.csv
FQA,FQA,Fengqiu,2013,Leave_One_experiments\wth_generated_qc\FQA\FQA2013.WTH,wet_year;nitrogen_stress_year;low_response_year,wet,FQA2013_normal_grid_S0010,low_input_within_10pct_yield,2013-07-20,201,45,40,"{""sim_day"": 45.0, ""doy"": 201.0, ""topwt"": 1184.616241455078, ""grnwt"": 0.0, ""xlai"": 1.5085313320159912, ""totir"": 0.0, ""tofer"": NaN, ""swfac"": 0.0, ""nstres"": 0.0}",0.0,0.0,1184.616241455078,0.0,1.5085313320159912,0.0,,0.0,0.0,0.0,150.0,35.61907958984375,35.61907958984375,Leave_One_experiments/all_year_offline_schedule_search/daily_outputs/FQA/FQA_2013_FQA2013_normal_grid_S0010_daily.csv
FQA,FQA,Fengqiu,2013,Leave_One_experiments\wth_generated_qc\FQA\FQA2013.WTH,wet_year;nitrogen_stress_year;low_response_year,wet,FQA2013_normal_grid_S0010,low_input_within_10pct_yield,2013-07-21,202,46,41,"{""sim_day"": 46.0, ""doy"": 202.0, ""topwt"": 1313.744659423828, ""grnwt"": 0.0, ""xlai"": 1.5536552667617798, ""totir"": 0.0, ""tofer"": NaN, ""swfac"": 0.0, ""nstres"": 0.0}",0.0,0.0,1313.744659423828,0.0,1.5536552667617798,0.0,,0.0,0.0,0.0,150.0,35.61907958984375,35.61907958984375,Leave_One_experiments/all_year_offline_schedule_search/daily_outputs/FQA/FQA_2013_FQA2013_normal_grid_S0010_daily.csv
FQA,FQA,Fengqiu,2013,Leave_One_experiments\wth_generated_qc\FQA\FQA2013.WTH,wet_year;nitrogen_stress_year;low_response_year,wet,FQA2013_normal_grid_S0010,low_input_within_10pct_yield,2013-07-22,203,47,42,"{""sim_day"": 47.0, ""doy"": 203.0, ""topwt"": 1484.8721313476562, ""grnwt"": 0.0, ""xlai"": 1.6109424829483032, ""totir"": 0.0, ""tofer"": NaN, ""swfac"": 0.0, ""nstres"": 0.0}",0.0,0.0,1484.8721313476562,0.0,1.6109424829483032,0.0,,0.0,0.0,0.0,150.0,35.61907958984375,35.61907958984375,Leave_One_experiments/all_year_offline_schedule_search/daily_outputs/FQA/FQA_2013_FQA2013_normal_grid_S0010_daily.csv
FQA,FQA,Fengqiu,2013,Leave_One_experiments\wth_generated_qc\FQA\FQA2013.WTH,wet_year;nitrogen_stress_year;low_response_year,wet,FQA2013_normal_grid_S0010,low_input_within_10pct_yield,2013-07-23,204,48,43,"{""sim_day"": 48.0, ""doy"": 204.0, ""topwt"": 1642.520751953125, ""grnwt"": 0.0, ""xlai"": 1.6612344980239868, ""totir"": 0.0, ""tofer"": NaN, ""swfac"": 0.0, ""nstres"": 0.0}",0.0,0.0,1642.520751953125,0.0,1.6612344980239868,0.0,,0.0,0.0,0.0,150.0,35.61907958984375,35.61907958984375,Leave_One_experiments/all_year_offline_schedule_search/daily_outputs/FQA/FQA_2013_FQA2013_normal_grid_S0010_daily.csv
FQA,FQA,Fengqiu,2013,Leave_One_experiments\wth_generated_qc\FQA\FQA2013.WTH,wet_year;nitrogen_stress_year;low_response_year,wet,FQA2013_normal_grid_S0010,low_input_within_10pct_yield,2013-07-24,205,49,44,"{""sim_day"": 49.0, ""doy"": 205.0, ""topwt"": 1861.9987487792969, ""grnwt"": 0.0, ""xlai"": 1.727892279624939, ""totir"": 0.0, ""tofer"": NaN, ""swfac"": 0.0, ""nstres"": 0.0}",0.0,0.0,1861.9987487792969,0.0,1.727892279624939,0.0,,0.0,0.0,0.0,150.0,35.61907958984375,35.61907958984375,Leave_One_experiments/all_year_offline_schedule_search/daily_outputs/FQA/FQA_2013_FQA2013_normal_grid_S0010_daily.csv
FQA,FQA,Fengqiu,2013,Leave_One_experiments\wth_generated_qc\FQA\FQA2013.WTH,wet_year;nitrogen_stress_year;low_response_year,wet,FQA2013_normal_grid_S0010,low_input_within_10pct_yield,2013-07-25,206,50,45,"{""sim_day"": 50.0, ""doy"": 206.0, ""topwt"": 2128.0679321289062, ""grnwt"": 0.0, ""xlai"": 1.805073976516724, ""totir"": 0.0, ""tofer"": NaN, ""swfac"": 0.0, ""nstres"": 0.0}",0.0,0.0,2128.0679321289062,0.0,1.805073976516724,0.0,,0.0,0.0,0.0,150.0,35.61907958984375,35.61907958984375,Leave_One_experiments/all_year_offline_schedule_search/daily_outputs/FQA/FQA_2013_FQA2013_normal_grid_S0010_daily.csv
FQA,FQA,Fengqiu,2013,Leave_One_experiments\wth_generated_qc\FQA\FQA2013.WTH,wet_year;nitrogen_stress_year;low_response_year,wet,FQA2013_normal_grid_S0010,low_input_within_10pct_yield,2013-07-26,207,51,46,"{""sim_day"": 51.0, ""doy"": 207.0, ""topwt"": 2404.6337890625, ""grnwt"": 0.0, ""xlai"": 1.882034182548523, ""totir"": 0.0, ""tofer"": NaN, ""swfac"": 0.0, ""nstres"": 0.0}",0.0,0.0,2404.6337890625,0.0,1.882034182548523,0.0,,0.0,0.0,0.0,150.0,35.61907958984375,35.61907958984375,Leave_One_experiments/all_year_offline_schedule_search/daily_outputs/FQA/FQA_2013_FQA2013_normal_grid_S0010_daily.csv
FQA,FQA,Fengqiu,2013,Leave_One_experiments\wth_generated_qc\FQA\FQA2013.WTH,wet_year;nitrogen_stress_year;low_response_year,wet,FQA2013_normal_grid_S0010,low_input_within_10pct_yield,2013-07-27,208,52,47,"{""sim_day"": 52.0, ""doy"": 208.0, ""topwt"": 2629.150390625, ""grnwt"": 0.0, ""xlai"": 1.9421448707580569, ""totir"": 0.0, ""tofer"": NaN, ""swfac"": 0.0, ""nstres"": 0.0}",0.0,0.0,2629.150390625,0.0,1.9421448707580569,0.0,,0.0,0.0,0.0,150.0,35.61907958984375,35.61907958984375,Leave_One_experiments/all_year_offline_schedule_search/daily_outputs/FQA/FQA_2013_FQA2013_normal_grid_S0010_daily.csv
FQA,FQA,Fengqiu,2013,Leave_One_experiments\wth_generated_qc\FQA\FQA2013.WTH,wet_year;nitrogen_stress_year;low_response_year,wet,FQA2013_normal_grid_S0010,low_input_within_10pct_yield,2013-07-28,209,53,48,"{""sim_day"": 53.0, ""doy"": 209.0, ""topwt"": 2909.8550415039062, ""grnwt"": 0.0, ""xlai"": 2.0146918296813965, ""totir"": 0.0, ""tofer"": NaN, ""swfac"": 0.0, ""nstres"": 0.0}",0.0,0.0,2909.8550415039062,0.0,2.0146918296813965,0.0,,0.0,0.0,0.0,150.0,35.61907958984375,35.61907958984375,Leave_One_experiments/all_year_offline_schedule_search/daily_outputs/FQA/FQA_2013_FQA2013_normal_grid_S0010_daily.csv
FQA,FQA,Fengqiu,2013,Leave_One_experiments\wth_generated_qc\FQA\FQA2013.WTH,wet_year;nitrogen_stress_year;low_response_year,wet,FQA2013_normal_grid_S0010,low_input_within_10pct_yield,2013-07-29,210,54,49,"{""sim_day"": 54.0, ""doy"": 210.0, ""topwt"": 3178.062744140625, ""grnwt"": 0.0, ""xlai"": 2.083876848220825, ""totir"": 0.0, ""tofer"": NaN, ""swfac"": 0.0, ""nstres"": 0.0}",0.0,0.0,3178.062744140625,0.0,2.083876848220825,0.0,,0.0,0.0,0.0,150.0,35.61907958984375,35.61907958984375,Leave_One_experiments/all_year_offline_schedule_search/daily_outputs/FQA/FQA_2013_FQA2013_normal_grid_S0010_daily.csv
FQA,FQA,Fengqiu,2013,Leave_One_experiments\wth_generated_qc\FQA\FQA2013.WTH,wet_year;nitrogen_stress_year;low_response_year,wet,FQA2013_normal_grid_S0010,low_input_within_10pct_yield,2013-07-30,211,55,50,"{""sim_day"": 55.0, ""doy"": 211.0, ""topwt"": 3438.8165283203125, ""grnwt"": 0.0, ""xlai"": 2.151018619537353, ""totir"": 0.0, ""tofer"": NaN, ""swfac"": 0.0, ""nstres"": 0.0}",0.0,0.0,3438.8165283203125,0.0,2.151018619537353,0.0,,0.0,0.0,0.0,150.0,35.61907958984375,35.61907958984375,Leave_One_experiments/all_year_offline_schedule_search/daily_outputs/FQA/FQA_2013_FQA2013_normal_grid_S0010_daily.csv
FQA,FQA,Fengqiu,2013,Leave_One_experiments\wth_generated_qc\FQA\FQA2013.WTH,wet_year;nitrogen_stress_year;low_response_year,wet,FQA2013_normal_grid_S0010,low_input_within_10pct_yield,2013-07-31,212,56,51,"{""sim_day"": 56.0, ""doy"": 212.0, ""topwt"": 3684.6868896484375, ""grnwt"": 0.0, ""xlai"": 2.2142152786254883, ""totir"": 0.0, ""tofer"": NaN, ""swfac"": 0.0, ""nstres"": 0.0}",0.0,0.0,3684.6868896484375,0.0,2.2142152786254883,0.0,,0.0,0.0,0.0,150.0,35.61907958984375,35.61907958984375,Leave_One_experiments/all_year_offline_schedule_search/daily_outputs/FQA/FQA_2013_FQA2013_normal_grid_S0010_daily.csv
FQA,FQA,Fengqiu,2013,Leave_One_experiments\wth_generated_qc\FQA\FQA2013.WTH,wet_year;nitrogen_stress_year;low_response_year,wet,FQA2013_normal_grid_S0010,low_input_within_10pct_yield,2013-08-01,213,57,52,"{""sim_day"": 57.0, ""doy"": 213.0, ""topwt"": 3949.3185424804688, ""grnwt"": 0.0, ""xlai"": 2.282135009765625, ""totir"": 0.0, ""tofer"": NaN, ""swfac"": 0.0, ""nstres"": 0.0}",0.0,0.0,3949.3185424804688,0.0,2.282135009765625,0.0,,0.0,0.0,0.0,150.0,35.61907958984375,35.61907958984375,Leave_One_experiments/all_year_offline_schedule_search/daily_outputs/FQA/FQA_2013_FQA2013_normal_grid_S0010_daily.csv
FQA,FQA,Fengqiu,2013,Leave_One_experiments\wth_generated_qc\FQA\FQA2013.WTH,wet_year;nitrogen_stress_year;low_response_year,wet,FQA2013_normal_grid_S0010,low_input_within_10pct_yield,2013-08-02,214,58,53,"{""sim_day"": 58.0, ""doy"": 214.0, ""topwt"": 4207.389526367188, ""grnwt"": 0.0, ""xlai"": 2.348259449005127, ""totir"": 0.0, ""tofer"": NaN, ""swfac"": 0.0, ""nstres"": 0.0}",0.0,0.0,4207.389526367188,0.0,2.348259449005127,0.0,,0.0,0.0,0.0,150.0,35.61907958984375,35.61907958984375,Leave_One_experiments/all_year_offline_schedule_search/daily_outputs/FQA/FQA_2013_FQA2013_normal_grid_S0010_daily.csv
FQA,FQA,Fengqiu,2013,Leave_One_experiments\wth_generated_qc\FQA\FQA2013.WTH,wet_year;nitrogen_stress_year;low_response_year,wet,FQA2013_normal_grid_S0010,low_input_within_10pct_yield,2013-08-03,215,59,54,"{""sim_day"": 59.0, ""doy"": 215.0, ""topwt"": 4478.918151855469, ""grnwt"": 0.0, ""xlai"": 2.417729139328003, ""totir"": 0.0, ""tofer"": NaN, ""swfac"": 0.0, ""nstres"": 0.0}",0.0,0.0,4478.918151855469,0.0,2.417729139328003,0.0,,0.0,0.0,0.0,150.0,35.61907958984375,35.61907958984375,Leave_One_experiments/all_year_offline_schedule_search/daily_outputs/FQA/FQA_2013_FQA2013_normal_grid_S0010_daily.csv
FQA,FQA,Fengqiu,2013,Leave_One_experiments\wth_generated_qc\FQA\FQA2013.WTH,wet_year;nitrogen_stress_year;low_response_year,wet,FQA2013_normal_grid_S0010,low_input_within_10pct_yield,2013-08-04,216,60,55,"{""sim_day"": 60.0, ""doy"": 216.0, ""topwt"": 4758.9263916015625, ""grnwt"": 0.0, ""xlai"": 2.4892566204071045, ""totir"": 0.0, ""tofer"": NaN, ""swfac"": 0.0, ""nstres"": 0.0}",0.0,0.0,4758.9263916015625,0.0,2.4892566204071045,0.0,,0.0,0.0,0.0,150.0,35.61907958984375,35.61907958984375,Leave_One_experiments/all_year_offline_schedule_search/daily_outputs/FQA/FQA_2013_FQA2013_normal_grid_S0010_daily.csv
FQA,FQA,Fengqiu,2013,Leave_One_experiments\wth_generated_qc\FQA\FQA2013.WTH,wet_year;nitrogen_stress_year;low_response_year,wet,FQA2013_normal_grid_S0010,low_input_within_10pct_yield,2013-08-05,217,61,56,"{""sim_day"": 61.0, ""doy"": 217.0, ""topwt"": 5090.869140625, ""grnwt"": 0.0, ""xlai"": 2.3689582347869877, ""totir"": 0.0, ""tofer"": NaN, ""swfac"": 0.0, ""nstres"": 0.0}",0.0,0.0,5090.869140625,0.0,2.3689582347869877,0.0,,0.0,0.0,0.0,150.0,35.61907958984375,35.61907958984375,Leave_One_experiments/all_year_offline_schedule_search/daily_outputs/FQA/FQA_2013_FQA2013_normal_grid_S0010_daily.csv
FQA,FQA,Fengqiu,2013,Leave_One_experiments\wth_generated_qc\FQA\FQA2013.WTH,wet_year;nitrogen_stress_year;low_response_year,wet,FQA2013_normal_grid_S0010,low_input_within_10pct_yield,2013-08-06,218,62,57,"{""sim_day"": 62.0, ""doy"": 218.0, ""topwt"": 5417.3321533203125, ""grnwt"": 0.0, ""xlai"": 2.354417324066162, ""totir"": 0.0, ""tofer"": NaN, ""swfac"": 0.0, ""nstres"": 0.0}",0.0,0.0,5417.3321533203125,0.0,2.354417324066162,0.0,,0.0,0.0,0.0,150.0,35.61907958984375,35.61907958984375,Leave_One_experiments/all_year_offline_schedule_search/daily_outputs/FQA/FQA_2013_FQA2013_normal_grid_S0010_daily.csv
FQA,FQA,Fengqiu,2013,Leave_One_experiments\wth_generated_qc\FQA\FQA2013.WTH,wet_year;nitrogen_stress_year;low_response_year,wet,FQA2013_normal_grid_S0010,low_input_within_10pct_yield,2013-08-07,219,63,58,"{""sim_day"": 63.0, ""doy"": 219.0, ""topwt"": 5722.6165771484375, ""grnwt"": 0.0, ""xlai"": 2.341439008712769, ""totir"": 0.0, ""tofer"": NaN, ""swfac"": 0.0, ""nstres"": 0.0}",0.0,0.0,5722.6165771484375,0.0,2.341439008712769,0.0,,0.0,0.0,0.0,150.0,35.61907958984375,35.61907958984375,Leave_One_experiments/all_year_offline_schedule_search/daily_outputs/FQA/FQA_2013_FQA2013_normal_grid_S0010_daily.csv
FQA,FQA,Fengqiu,2013,Leave_One_experiments\wth_generated_qc\FQA\FQA2013.WTH,wet_year;nitrogen_stress_year;low_response_year,wet,FQA2013_normal_grid_S0010,low_input_within_10pct_yield,2013-08-08,220,64,59,"{""sim_day"": 64.0, ""doy"": 220.0, ""topwt"": 5938.948974609375, ""grnwt"": 0.0, ""xlai"": 2.3287415504455566, ""totir"": 0.0, ""tofer"": NaN, ""swfac"": 0.0, ""nstres"": 0.0}",0.0,0.0,5938.948974609375,0.0,2.3287415504455566,0.0,,0.0,0.0,0.0,150.0,35.61907958984375,35.61907958984375,Leave_One_experiments/all_year_offline_schedule_search/daily_outputs/FQA/FQA_2013_FQA2013_normal_grid_S0010_daily.csv
FQA,FQA,Fengqiu,2013,Leave_One_experiments\wth_generated_qc\FQA\FQA2013.WTH,wet_year;nitrogen_stress_year;low_response_year,wet,FQA2013_normal_grid_S0010,low_input_within_10pct_yield,2013-08-09,221,65,60,"{""sim_day"": 65.0, ""doy"": 221.0, ""topwt"": 6260.042724609375, ""grnwt"": 0.0, ""xlai"": 2.3151371479034424, ""totir"": 0.0, ""tofer"": NaN, ""swfac"": 0.0, ""nstres"": 0.0}",0.0,0.0,6260.042724609375,0.0,2.3151371479034424,0.0,,0.0,50.0,0.0,150.0,35.61907958984375,35.61907958984375,Leave_One_experiments/all_year_offline_schedule_search/daily_outputs/FQA/FQA_2013_FQA2013_normal_grid_S0010_daily.csv
FQA,FQA,Fengqiu,2013,Leave_One_experiments\wth_generated_qc\FQA\FQA2013.WTH,wet_year;nitrogen_stress_year;low_response_year,wet,FQA2013_normal_grid_S0010,low_input_within_10pct_yield,2013-08-10,222,66,61,"{""sim_day"": 66.0, ""doy"": 222.0, ""topwt"": 6539.835205078125, ""grnwt"": 0.0, ""xlai"": 2.3005919456481934, ""totir"": 0.0, ""tofer"": NaN, ""swfac"": 0.0, ""nstres"": 0.0}",0.0,0.0,6539.835205078125,0.0,2.3005919456481934,0.0,,0.0,0.0,0.0,150.0,35.61907958984375,35.61907958984375,Leave_One_experiments/all_year_offline_schedule_search/daily_outputs/FQA/FQA_2013_FQA2013_normal_grid_S0010_daily.csv
FQA,FQA,Fengqiu,2013,Leave_One_experiments\wth_generated_qc\FQA\FQA2013.WTH,wet_year;nitrogen_stress_year;low_response_year,wet,FQA2013_normal_grid_S0010,low_input_within_10pct_yield,2013-08-11,223,67,62,"{""sim_day"": 67.0, ""doy"": 223.0, ""topwt"": 6851.707763671875, ""grnwt"": 0.0, ""xlai"": 2.287879943847656, ""totir"": 0.0, ""tofer"": NaN, ""swfac"": 0.0, ""nstres"": 0.0}",0.0,0.0,6851.707763671875,0.0,2.287879943847656,0.0,,0.0,0.0,0.0,150.0,35.61907958984375,35.61907958984375,Leave_One_experiments/all_year_offline_schedule_search/daily_outputs/FQA/FQA_2013_FQA2013_normal_grid_S0010_daily.csv
FQA,FQA,Fengqiu,2013,Leave_One_experiments\wth_generated_qc\FQA\FQA2013.WTH,wet_year;nitrogen_stress_year;low_response_year,wet,FQA2013_normal_grid_S0010,low_input_within_10pct_yield,2013-08-12,224,68,63,"{""sim_day"": 68.0, ""doy"": 224.0, ""topwt"": 7148.321533203125, ""grnwt"": 0.0, ""xlai"": 2.274289846420288, ""totir"": 0.0, ""tofer"": NaN, ""swfac"": 0.0, ""nstres"": 0.0}",0.0,0.0,7148.321533203125,0.0,2.274289846420288,0.0,,0.0,0.0,0.0,150.0,35.61907958984375,35.61907958984375,Leave_One_experiments/all_year_offline_schedule_search/daily_outputs/FQA/FQA_2013_FQA2013_normal_grid_S0010_daily.csv
FQA,FQA,Fengqiu,2013,Leave_One_experiments\wth_generated_qc\FQA\FQA2013.WTH,wet_year;nitrogen_stress_year;low_response_year,wet,FQA2013_normal_grid_S0010,low_input_within_10pct_yield,2013-08-13,225,69,64,"{""sim_day"": 69.0, ""doy"": 225.0, ""topwt"": 7383.232421875, ""grnwt"": 234.91132736206052, ""xlai"": 2.215786933898926, ""totir"": 0.0, ""tofer"": NaN, ""swfac"": 0.0, ""nstres"": 0.0}",0.0,0.0,7383.232421875,234.91132736206052,2.215786933898926,0.0,,0.0,0.0,0.0,150.0,35.61907958984375,35.61907958984375,Leave_One_experiments/all_year_offline_schedule_search/daily_outputs/FQA/FQA_2013_FQA2013_normal_grid_S0010_daily.csv
FQA,FQA,Fengqiu,2013,Leave_One_experiments\wth_generated_qc\FQA\FQA2013.WTH,wet_year;nitrogen_stress_year;low_response_year,wet,FQA2013_normal_grid_S0010,low_input_within_10pct_yield,2013-08-14,226,70,65,"{""sim_day"": 70.0, ""doy"": 226.0, ""topwt"": 7591.29638671875, ""grnwt"": 442.9756546020508, ""xlai"": 2.2025156021118164, ""totir"": 0.0, ""tofer"": NaN, ""swfac"": 0.0, ""nstres"": 0.0}",0.0,0.0,7591.29638671875,442.9756546020508,2.2025156021118164,0.0,,0.0,0.0,0.0,150.0,35.61907958984375,35.61907958984375,Leave_One_experiments/all_year_offline_schedule_search/daily_outputs/FQA/FQA_2013_FQA2013_normal_grid_S0010_daily.csv
FQA,FQA,Fengqiu,2013,Leave_One_experiments\wth_generated_qc\FQA\FQA2013.WTH,wet_year;nitrogen_stress_year;low_response_year,wet,FQA2013_normal_grid_S0010,low_input_within_10pct_yield,2013-08-15,227,71,66,"{""sim_day"": 71.0, ""doy"": 227.0, ""topwt"": 7792.64892578125, ""grnwt"": 644.3282318115234, ""xlai"": 2.18571400642395, ""totir"": 0.0, ""tofer"": NaN, ""swfac"": 0.0, ""nstres"": 0.0}",0.0,0.0,7792.64892578125,644.3282318115234,2.18571400642395,0.0,,0.0,0.0,0.0,150.0,35.61907958984375,35.61907958984375,Leave_One_experiments/all_year_offline_schedule_search/daily_outputs/FQA/FQA_2013_FQA2013_normal_grid_S0010_daily.csv
FQA,FQA,Fengqiu,2013,Leave_One_experiments\wth_generated_qc\FQA\FQA2013.WTH,wet_year;nitrogen_stress_year;low_response_year,wet,FQA2013_normal_grid_S0010,low_input_within_10pct_yield,2013-08-16,228,72,67,"{""sim_day"": 72.0, ""doy"": 228.0, ""topwt"": 8017.49267578125, ""grnwt"": 869.1718292236328, ""xlai"": 2.1651084423065186, ""totir"": 0.0, ""tofer"": NaN, ""swfac"": 0.0, ""nstres"": 0.0}",0.0,0.0,8017.49267578125,869.1718292236328,2.1651084423065186,0.0,,0.0,0.0,0.0,150.0,35.61907958984375,35.61907958984375,Leave_One_experiments/all_year_offline_schedule_search/daily_outputs/FQA/FQA_2013_FQA2013_normal_grid_S0010_daily.csv
FQA,FQA,Fengqiu,2013,Leave_One_experiments\wth_generated_qc\FQA\FQA2013.WTH,wet_year;nitrogen_stress_year;low_response_year,wet,FQA2013_normal_grid_S0010,low_input_within_10pct_yield,2013-08-17,229,73,68,"{""sim_day"": 73.0, ""doy"": 229.0, ""topwt"": 8381.22802734375, ""grnwt"": 1241.6740417480469, ""xlai"": 2.141985893249512, ""totir"": 0.0, ""tofer"": NaN, ""swfac"": 0.0, ""nstres"": 0.0}",0.0,0.0,8381.22802734375,1241.6740417480469,2.141985893249512,0.0,,0.0,0.0,0.0,150.0,35.61907958984375,35.61907958984375,Leave_One_experiments/all_year_offline_schedule_search/daily_outputs/FQA/FQA_2013_FQA2013_normal_grid_S0010_daily.csv
FQA,FQA,Fengqiu,2013,Leave_One_experiments\wth_generated_qc\FQA\FQA2013.WTH,wet_year;nitrogen_stress_year;low_response_year,wet,FQA2013_normal_grid_S0010,low_input_within_10pct_yield,2013-08-18,230,74,69,"{""sim_day"": 74.0, ""doy"": 230.0, ""topwt"": 8785.828857421875, ""grnwt"": 1778.6141967773438, ""xlai"": 2.1181557178497314, ""totir"": 0.0, ""tofer"": NaN, ""swfac"": 0.0, ""nstres"": 0.0}",0.0,0.0,8785.828857421875,1778.6141967773438,2.1181557178497314,0.0,,0.0,0.0,0.0,150.0,35.61907958984375,35.61907958984375,Leave_One_experiments/all_year_offline_schedule_search/daily_outputs/FQA/FQA_2013_FQA2013_normal_grid_S0010_daily.csv
FQA,FQA,Fengqiu,2013,Leave_One_experiments\wth_generated_qc\FQA\FQA2013.WTH,wet_year;nitrogen_stress_year;low_response_year,wet,FQA2013_normal_grid_S0010,low_input_within_10pct_yield,2013-08-19,231,75,70,"{""sim_day"": 75.0, ""doy"": 231.0, ""topwt"": 9152.55615234375, ""grnwt"": 2315.5543518066406, ""xlai"": 2.091644763946533, ""totir"": 0.0, ""tofer"": NaN, ""swfac"": 0.0, ""nstres"": 0.0}",0.0,0.0,9152.55615234375,2315.5543518066406,2.091644763946533,0.0,,0.0,0.0,0.0,150.0,35.61907958984375,35.61907958984375,Leave_One_experiments/all_year_offline_schedule_search/daily_outputs/FQA/FQA_2013_FQA2013_normal_grid_S0010_daily.csv
FQA,FQA,Fengqiu,2013,Leave_One_experiments\wth_generated_qc\FQA\FQA2013.WTH,wet_year;nitrogen_stress_year;low_response_year,wet,FQA2013_normal_grid_S0010,low_input_within_10pct_yield,2013-08-20,232,76,71,"{""sim_day"": 76.0, ""doy"": 232.0, ""topwt"": 9513.963623046877, ""grnwt"": 2842.4267578125, ""xlai"": 2.0607988834381104, ""totir"": 0.0, ""tofer"": NaN, ""swfac"": 0.0, ""nstres"": 0.0}",0.0,0.0,9513.963623046877,2842.4267578125,2.0607988834381104,0.0,,0.0,0.0,0.0,150.0,35.61907958984375,35.61907958984375,Leave_One_experiments/all_year_offline_schedule_search/daily_outputs/FQA/FQA_2013_FQA2013_normal_grid_S0010_daily.csv
FQA,FQA,Fengqiu,2013,Leave_One_experiments\wth_generated_qc\FQA\FQA2013.WTH,wet_year;nitrogen_stress_year;low_response_year,wet,FQA2013_normal_grid_S0010,low_input_within_10pct_yield,2013-08-21,233,77,72,"{""sim_day"": 77.0, ""doy"": 233.0, ""topwt"": 9879.364624023438, ""grnwt"": 3359.2315673828125, ""xlai"": 2.025789737701416, ""totir"": 0.0, ""tofer"": NaN, ""swfac"": 0.0, ""nstres"": 0.0}",0.0,0.0,9879.364624023438,3359.2315673828125,2.025789737701416,0.0,,0.0,0.0,0.0,150.0,35.61907958984375,35.61907958984375,Leave_One_experiments/all_year_offline_schedule_search/daily_outputs/FQA/FQA_2013_FQA2013_normal_grid_S0010_daily.csv
FQA,FQA,Fengqiu,2013,Leave_One_experiments\wth_generated_qc\FQA\FQA2013.WTH,wet_year;nitrogen_stress_year;low_response_year,wet,FQA2013_normal_grid_S0010,low_input_within_10pct_yield,2013-08-22,234,78,73,"{""sim_day"": 78.0, ""doy"": 234.0, ""topwt"": 10150.343017578123, ""grnwt"": 3788.7835693359375, ""xlai"": 1.9836833477020264, ""totir"": 0.0, ""tofer"": NaN, ""swfac"": 0.0, ""nstres"": 0.0}",0.0,0.0,10150.343017578123,3788.7835693359375,1.9836833477020264,0.0,,0.0,0.0,0.0,150.0,35.61907958984375,35.61907958984375,Leave_One_experiments/all_year_offline_schedule_search/daily_outputs/FQA/FQA_2013_FQA2013_normal_grid_S0010_daily.csv
FQA,FQA,Fengqiu,2013,Leave_One_experiments\wth_generated_qc\FQA\FQA2013.WTH,wet_year;nitrogen_stress_year;low_response_year,wet,FQA2013_normal_grid_S0010,low_input_within_10pct_yield,2013-08-23,235,79,74,"{""sim_day"": 79.0, ""doy"": 235.0, ""topwt"": 10207.791137695312, ""grnwt"": 3986.44287109375, ""xlai"": 1.9388201236724851, ""totir"": 0.0, ""tofer"": NaN, ""swfac"": 0.0, ""nstres"": 0.0}",0.0,0.0,10207.791137695312,3986.44287109375,1.9388201236724851,0.0,,0.0,0.0,0.0,150.0,35.61907958984375,35.61907958984375,Leave_One_experiments/all_year_offline_schedule_search/daily_outputs/FQA/FQA_2013_FQA2013_normal_grid_S0010_daily.csv
FQA,FQA,Fengqiu,2013,Leave_One_experiments\wth_generated_qc\FQA\FQA2013.WTH,wet_year;nitrogen_stress_year;low_response_year,wet,FQA2013_normal_grid_S0010,low_input_within_10pct_yield,2013-08-24,236,80,75,"{""sim_day"": 80.0, ""doy"": 236.0, ""topwt"": 10425.19287109375, ""grnwt"": 4203.844909667969, ""xlai"": 1.8909738063812256, ""totir"": 0.0, ""tofer"": NaN, ""swfac"": 0.0, ""nstres"": 0.0}",0.0,0.0,10425.19287109375,4203.844909667969,1.8909738063812256,0.0,,0.0,0.0,0.0,150.0,35.61907958984375,35.61907958984375,Leave_One_experiments/all_year_offline_schedule_search/daily_outputs/FQA/FQA_2013_FQA2013_normal_grid_S0010_daily.csv
FQA,FQA,Fengqiu,2013,Leave_One_experiments\wth_generated_qc\FQA\FQA2013.WTH,wet_year;nitrogen_stress_year;low_response_year,wet,FQA2013_normal_grid_S0010,low_input_within_10pct_yield,2013-08-25,237,81,76,"{""sim_day"": 81.0, ""doy"": 237.0, ""topwt"": 10763.56689453125, ""grnwt"": 4542.217712402344, ""xlai"": 1.8404325246810915, ""totir"": 0.0, ""tofer"": NaN, ""swfac"": 0.0, ""nstres"": 0.0}",0.0,0.0,10763.56689453125,4542.217712402344,1.8404325246810915,0.0,,0.0,0.0,0.0,150.0,35.61907958984375,35.61907958984375,Leave_One_experiments/all_year_offline_schedule_search/daily_outputs/FQA/FQA_2013_FQA2013_normal_grid_S0010_daily.csv
FQA,FQA,Fengqiu,2013,Leave_One_experiments\wth_generated_qc\FQA\FQA2013.WTH,wet_year;nitrogen_stress_year;low_response_year,wet,FQA2013_normal_grid_S0010,low_input_within_10pct_yield,2013-08-26,238,82,77,"{""sim_day"": 82.0, ""doy"": 238.0, ""topwt"": 10989.17236328125, ""grnwt"": 4767.82470703125, ""xlai"": 1.7840511798858645, ""totir"": 0.0, ""tofer"": NaN, ""swfac"": 0.0, ""nstres"": 0.0}",0.0,0.0,10989.17236328125,4767.82470703125,1.7840511798858645,0.0,,0.0,0.0,0.0,150.0,35.61907958984375,35.61907958984375,Leave_One_experiments/all_year_offline_schedule_search/daily_outputs/FQA/FQA_2013_FQA2013_normal_grid_S0010_daily.csv
FQA,FQA,Fengqiu,2013,Leave_One_experiments\wth_generated_qc\FQA\FQA2013.WTH,wet_year;nitrogen_stress_year;low_response_year,wet,FQA2013_normal_grid_S0010,low_input_within_10pct_yield,2013-08-27,239,83,78,"{""sim_day"": 83.0, ""doy"": 239.0, ""topwt"": 11211.2353515625, ""grnwt"": 4989.886474609375, ""xlai"": 1.714307188987732, ""totir"": 0.0, ""tofer"": NaN, ""swfac"": 0.0, ""nstres"": 0.0}",0.0,0.0,11211.2353515625,4989.886474609375,1.714307188987732,0.0,,0.0,0.0,0.0,150.0,35.61907958984375,35.61907958984375,Leave_One_experiments/all_year_offline_schedule_search/daily_outputs/FQA/FQA_2013_FQA2013_normal_grid_S0010_daily.csv
FQA,FQA,Fengqiu,2013,Leave_One_experiments\wth_generated_qc\FQA\FQA2013.WTH,wet_year;nitrogen_stress_year;low_response_year,wet,FQA2013_normal_grid_S0010,low_input_within_10pct_yield,2013-08-28,240,84,79,"{""sim_day"": 84.0, ""doy"": 240.0, ""topwt"": 11488.192138671877, ""grnwt"": 5244.932861328125, ""xlai"": 1.6334497928619385, ""totir"": 0.0, ""tofer"": NaN, ""swfac"": 0.0, ""nstres"": 0.0}",0.0,0.0,11488.192138671877,5244.932861328125,1.6334497928619385,0.0,,0.0,0.0,0.0,150.0,35.61907958984375,35.61907958984375,Leave_One_experiments/all_year_offline_schedule_search/daily_outputs/FQA/FQA_2013_FQA2013_normal_grid_S0010_daily.csv
FQA,FQA,Fengqiu,2013,Leave_One_experiments\wth_generated_qc\FQA\FQA2013.WTH,wet_year;nitrogen_stress_year;low_response_year,wet,FQA2013_normal_grid_S0010,low_input_within_10pct_yield,2013-08-29,241,85,80,"{""sim_day"": 85.0, ""doy"": 241.0, ""topwt"": 11801.3134765625, ""grnwt"": 5579.9658203125, ""xlai"": 1.5719048976898191, ""totir"": 0.0, ""tofer"": NaN, ""swfac"": 0.0, ""nstres"": 0.0}",0.0,0.0,11801.3134765625,5579.9658203125,1.5719048976898191,0.0,,0.0,0.0,0.0,150.0,35.61907958984375,35.61907958984375,Leave_One_experiments/all_year_offline_schedule_search/daily_outputs/FQA/FQA_2013_FQA2013_normal_grid_S0010_daily.csv
FQA,FQA,Fengqiu,2013,Leave_One_experiments\wth_generated_qc\FQA\FQA2013.WTH,wet_year;nitrogen_stress_year;low_response_year,wet,FQA2013_normal_grid_S0010,low_input_within_10pct_yield,2013-08-30,242,86,81,"{""sim_day"": 86.0, ""doy"": 242.0, ""topwt"": 12137.705078125, ""grnwt"": 5916.357421875, ""xlai"": 1.5162570476531982, ""totir"": 0.0, ""tofer"": NaN, ""swfac"": 0.0, ""nstres"": 0.0}",0.0,0.0,12137.705078125,5916.357421875,1.5162570476531982,0.0,,0.0,0.0,0.0,150.0,35.61907958984375,35.61907958984375,Leave_One_experiments/all_year_offline_schedule_search/daily_outputs/FQA/FQA_2013_FQA2013_normal_grid_S0010_daily.csv
FQA,FQA,Fengqiu,2013,Leave_One_experiments\wth_generated_qc\FQA\FQA2013.WTH,wet_year;nitrogen_stress_year;low_response_year,wet,FQA2013_normal_grid_S0010,low_input_within_10pct_yield,2013-08-31,243,87,82,"{""sim_day"": 87.0, ""doy"": 243.0, ""topwt"": 12443.94775390625, ""grnwt"": 6222.599487304688, ""xlai"": 1.4567277431488037, ""totir"": 0.0, ""tofer"": NaN, ""swfac"": 0.0, ""nstres"": 0.0}",0.0,0.0,12443.94775390625,6222.599487304688,1.4567277431488037,0.0,,0.0,0.0,0.0,150.0,35.61907958984375,35.61907958984375,Leave_One_experiments/all_year_offline_schedule_search/daily_outputs/FQA/FQA_2013_FQA2013_normal_grid_S0010_daily.csv
FQA,FQA,Fengqiu,2013,Leave_One_experiments\wth_generated_qc\FQA\FQA2013.WTH,wet_year;nitrogen_stress_year;low_response_year,wet,FQA2013_normal_grid_S0010,low_input_within_10pct_yield,2013-09-01,244,88,83,"{""sim_day"": 88.0, ""doy"": 244.0, ""topwt"": 12623.154296875, ""grnwt"": 6401.8060302734375, ""xlai"": 1.3945215940475464, ""totir"": 0.0, ""tofer"": NaN, ""swfac"": 0.0, ""nstres"": 0.0321608781814575}",0.0,0.0321608781814575,12623.154296875,6401.8060302734375,1.3945215940475464,0.0,,0.0,0.0,0.0,150.0,35.61907958984375,35.61907958984375,Leave_One_experiments/all_year_offline_schedule_search/daily_outputs/FQA/FQA_2013_FQA2013_normal_grid_S0010_daily.csv
FQA,FQA,Fengqiu,2013,Leave_One_experiments\wth_generated_qc\FQA\FQA2013.WTH,wet_year;nitrogen_stress_year;low_response_year,wet,FQA2013_normal_grid_S0010,low_input_within_10pct_yield,2013-09-02,245,89,84,"{""sim_day"": 89.0, ""doy"": 245.0, ""topwt"": 12902.913818359377, ""grnwt"": 6681.5655517578125, ""xlai"": 1.3263877630233765, ""totir"": 0.0, ""tofer"": NaN, ""swfac"": 0.0, ""nstres"": 0.0447367429733276}",0.0,0.0447367429733276,12902.913818359377,6681.5655517578125,1.3263877630233765,0.0,,0.0,0.0,0.0,150.0,35.61907958984375,35.61907958984375,Leave_One_experiments/all_year_offline_schedule_search/daily_outputs/FQA/FQA_2013_FQA2013_normal_grid_S0010_daily.csv
FQA,FQA,Fengqiu,2013,Leave_One_experiments\wth_generated_qc\FQA\FQA2013.WTH,wet_year;nitrogen_stress_year;low_response_year,wet,FQA2013_normal_grid_S0010,low_input_within_10pct_yield,2013-09-03,246,90,85,"{""sim_day"": 90.0, ""doy"": 246.0, ""topwt"": 13052.24365234375, ""grnwt"": 6830.894775390625, ""xlai"": 1.2455016374588013, ""totir"": 0.0, ""tofer"": NaN, ""swfac"": 0.0, ""nstres"": 0.0941773653030395}",0.0,0.0941773653030395,13052.24365234375,6830.894775390625,1.2455016374588013,0.0,,0.0,0.0,0.0,150.0,35.61907958984375,35.61907958984375,Leave_One_experiments/all_year_offline_schedule_search/daily_outputs/FQA/FQA_2013_FQA2013_normal_grid_S0010_daily.csv
FQA,FQA,Fengqiu,2013,Leave_One_experiments\wth_generated_qc\FQA\FQA2013.WTH,wet_year;nitrogen_stress_year;low_response_year,wet,FQA2013_normal_grid_S0010,low_input_within_10pct_yield,2013-09-04,247,91,86,"{""sim_day"": 91.0, ""doy"": 247.0, ""topwt"": 13163.32275390625, ""grnwt"": 6941.974487304688, ""xlai"": 1.1758248805999756, ""totir"": 0.0, ""tofer"": NaN, ""swfac"": 0.0, ""nstres"": 0.1066594719886779}",0.0,0.1066594719886779,13163.32275390625,6941.974487304688,1.1758248805999756,0.0,,0.0,0.0,0.0,150.0,35.61907958984375,35.61907958984375,Leave_One_experiments/all_year_offline_schedule_search/daily_outputs/FQA/FQA_2013_FQA2013_normal_grid_S0010_daily.csv
FQA,FQA,Fengqiu,2013,Leave_One_experiments\wth_generated_qc\FQA\FQA2013.WTH,wet_year;nitrogen_stress_year;low_response_year,wet,FQA2013_normal_grid_S0010,low_input_within_10pct_yield,2013-09-05,248,92,87,"{""sim_day"": 92.0, ""doy"": 248.0, ""topwt"": 13367.33642578125, ""grnwt"": 7145.987548828125, ""xlai"": 1.092568039894104, ""totir"": 0.0, ""tofer"": NaN, ""swfac"": 0.0, ""nstres"": 0.109262466430664}",0.0,0.109262466430664,13367.33642578125,7145.987548828125,1.092568039894104,0.0,,0.0,0.0,0.0,150.0,35.61907958984375,35.61907958984375,Leave_One_experiments/all_year_offline_schedule_search/daily_outputs/FQA/FQA_2013_FQA2013_normal_grid_S0010_daily.csv
FQA,FQA,Fengqiu,2013,Leave_One_experiments\wth_generated_qc\FQA\FQA2013.WTH,wet_year;nitrogen_stress_year;low_response_year,wet,FQA2013_normal_grid_S0010,low_input_within_10pct_yield,2013-09-06,249,93,88,"{""sim_day"": 93.0, ""doy"": 249.0, ""topwt"": 13533.2568359375, ""grnwt"": 7311.907958984375, ""xlai"": 0.9980796575546264, ""totir"": 0.0, ""tofer"": NaN, ""swfac"": 0.0, ""nstres"": 0.1425932645797729}",0.0,0.1425932645797729,13533.2568359375,7311.907958984375,0.9980796575546264,0.0,,0.0,0.0,0.0,150.0,35.61907958984375,35.61907958984375,Leave_One_experiments/all_year_offline_schedule_search/daily_outputs/FQA/FQA_2013_FQA2013_normal_grid_S0010_daily.csv
FQA,FQA,Fengqiu,2013,Leave_One_experiments\wth_generated_qc\FQA\FQA2013.WTH,wet_year;nitrogen_stress_year;low_response_year,wet,FQA2013_normal_grid_S0010,low_input_within_10pct_yield,2013-09-07,250,94,89,"{""sim_day"": 94.0, ""doy"": 250.0, ""topwt"": 13533.2568359375, ""grnwt"": 7311.907958984375, ""xlai"": 0.9980796575546264, ""totir"": 0.0, ""tofer"": NaN, ""swfac"": 0.0, ""nstres"": 0.1671895980834961}",0.0,0.1671895980834961,13533.2568359375,7311.907958984375,0.9980796575546264,0.0,,0.0,0.0,0.0,150.0,35.61907958984375,35.61907958984375,Leave_One_experiments/all_year_offline_schedule_search/daily_outputs/FQA/FQA_2013_FQA2013_normal_grid_S0010_daily.csv
FQA,FQA,Fengqiu,2013,Leave_One_experiments\wth_generated_qc\FQA\FQA2013.WTH,wet_year;nitrogen_stress_year;low_response_year,wet,FQA2013_normal_grid_S0010,low_input_within_10pct_yield,2013-09-08,251,95,90,"{""sim_day"": 95.0, ""doy"": 251.0, ""topwt"": 13533.2568359375, ""grnwt"": 7311.907958984375, ""xlai"": 0.9980796575546264, ""totir"": 0.0, ""tofer"": NaN, ""swfac"": 0.0, ""nstres"": 0.1671895980834961}",0.0,0.1671895980834961,13533.2568359375,7311.907958984375,0.9980796575546264,0.0,,0.0,0.0,0.0,150.0,35.61907958984375,35.61907958984375,Leave_One_experiments/all_year_offline_schedule_search/daily_outputs/FQA/FQA_2013_FQA2013_normal_grid_S0010_daily.csv
FQA,FQA,Fengqiu,2013,Leave_One_experiments\wth_generated_qc\FQA\FQA2013.WTH,wet_year;nitrogen_stress_year;low_response_year,wet,FQA2013_normal_grid_S0010,low_input_within_10pct_yield,2013-09-09,252,96,91,"{""sim_day"": 96.0, ""doy"": 252.0, ""topwt"": 13533.2568359375, ""grnwt"": 7311.907958984375, ""xlai"": 0.9980796575546264, ""totir"": 0.0, ""tofer"": NaN, ""swfac"": 0.0, ""nstres"": 0.1671895980834961}",0.0,0.1671895980834961,13533.2568359375,7311.907958984375,0.9980796575546264,0.0,,0.0,0.0,0.0,150.0,35.61907958984375,35.61907958984375,Leave_One_experiments/all_year_offline_schedule_search/daily_outputs/FQA/FQA_2013_FQA2013_normal_grid_S0010_daily.csv
FQA,FQA,Fengqiu,2013,Leave_One_experiments\wth_generated_qc\FQA\FQA2013.WTH,wet_year;nitrogen_stress_year;low_response_year,wet,FQA2013_normal_grid_S0019,pareto_balanced,2013-06-11,162,1,1,"{""sim_day"": 1.0, ""doy"": 162.0, ""topwt"": 0.0, ""grnwt"": 0.0, ""xlai"": 0.0, ""totir"": 0.0, ""tofer"": NaN, ""swfac"": 0.0, ""nstres"": 0.0}",0.0,0.0,0.0,0.0,0.0,0.0,,0.0,75.0,0.0,225.0,17.871197509765622,17.871197509765622,Leave_One_experiments/all_year_offline_schedule_search/daily_outputs/FQA/FQA_2013_FQA2013_normal_grid_S0019_daily.csv
FQA,FQA,Fengqiu,2013,Leave_One_experiments\wth_generated_qc\FQA\FQA2013.WTH,wet_year;nitrogen_stress_year;low_response_year,wet,FQA2013_normal_grid_S0019,pareto_balanced,2013-06-12,163,2,2,"{""sim_day"": 2.0, ""doy"": 163.0, ""topwt"": 0.0, ""grnwt"": 0.0, ""xlai"": 0.0, ""totir"": 0.0, ""tofer"": NaN, ""swfac"": 0.0, ""nstres"": 0.0}",0.0,0.0,0.0,0.0,0.0,0.0,,0.0,0.0,0.0,225.0,17.871197509765622,17.871197509765622,Leave_One_experiments/all_year_offline_schedule_search/daily_outputs/FQA/FQA_2013_FQA2013_normal_grid_S0019_daily.csv
FQA,FQA,Fengqiu,2013,Leave_One_experiments\wth_generated_qc\FQA\FQA2013.WTH,wet_year;nitrogen_stress_year;low_response_year,wet,FQA2013_normal_grid_S0019,pareto_balanced,2013-06-13,164,3,3,"{""sim_day"": 3.0, ""doy"": 164.0, ""topwt"": 0.0, ""grnwt"": 0.0, ""xlai"": 0.0, ""totir"": 0.0, ""tofer"": NaN, ""swfac"": 0.0, ""nstres"": 0.0}",0.0,0.0,0.0,0.0,0.0,0.0,,0.0,0.0,0.0,225.0,17.871197509765622,17.871197509765622,Leave_One_experiments/all_year_offline_schedule_search/daily_outputs/FQA/FQA_2013_FQA2013_normal_grid_S0019_daily.csv
FQA,FQA,Fengqiu,2013,Leave_One_experiments\wth_generated_qc\FQA\FQA2013.WTH,wet_year;nitrogen_stress_year;low_response_year,wet,FQA2013_normal_grid_S0019,pareto_balanced,2013-06-14,165,4,4,"{""sim_day"": 4.0, ""doy"": 165.0, ""topwt"": 0.0, ""grnwt"": 0.0, ""xlai"": 0.0, ""totir"": 0.0, ""tofer"": NaN, ""swfac"": 0.0, ""nstres"": 0.0}",0.0,0.0,0.0,0.0,0.0,0.0,,0.0,0.0,0.0,225.0,17.871197509765622,17.871197509765622,Leave_One_experiments/all_year_offline_schedule_search/daily_outputs/FQA/FQA_2013_FQA2013_normal_grid_S0019_daily.csv
FQA,FQA,Fengqiu,2013,Leave_One_experiments\wth_generated_qc\FQA\FQA2013.WTH,wet_year;nitrogen_stress_year;low_response_year,wet,FQA2013_normal_grid_S0019,pareto_balanced,2013-06-15,166,5,5,"{""sim_day"": 5.0, ""doy"": 166.0, ""topwt"": 0.0, ""grnwt"": 0.0, ""xlai"": 0.0, ""totir"": 0.0, ""tofer"": NaN, ""swfac"": 0.0, ""nstres"": 0.0}",0.0,0.0,0.0,0.0,0.0,0.0,,0.0,0.0,0.0,225.0,17.871197509765622,17.871197509765622,Leave_One_experiments/all_year_offline_schedule_search/daily_outputs/FQA/FQA_2013_FQA2013_normal_grid_S0019_daily.csv
FQA,FQA,Fengqiu,2013,Leave_One_experiments\wth_generated_qc\FQA\FQA2013.WTH,wet_year;nitrogen_stress_year;low_response_year,wet,FQA2013_normal_grid_S0019,pareto_balanced,2013-06-11,162,6,1,"{""sim_day"": 6.0, ""doy"": 162.0, ""topwt"": 0.0, ""grnwt"": 0.0, ""xlai"": 0.0, ""totir"": 0.0, ""tofer"": NaN, ""swfac"": 0.0, ""nstres"": 0.0}",0.0,0.0,0.0,0.0,0.0,0.0,,0.0,0.0,0.0,225.0,17.871197509765622,17.871197509765622,Leave_One_experiments/all_year_offline_schedule_search/daily_outputs/FQA/FQA_2013_FQA2013_normal_grid_S0019_daily.csv
FQA,FQA,Fengqiu,2013,Leave_One_experiments\wth_generated_qc\FQA\FQA2013.WTH,wet_year;nitrogen_stress_year;low_response_year,wet,FQA2013_normal_grid_S0019,pareto_balanced,2013-06-12,163,7,2,"{""sim_day"": 7.0, ""doy"": 163.0, ""topwt"": 0.0, ""grnwt"": 0.0, ""xlai"": 0.0, ""totir"": 0.0, ""tofer"": NaN, ""swfac"": 0.0, ""nstres"": 0.0}",0.0,0.0,0.0,0.0,0.0,0.0,,0.0,0.0,0.0,225.0,17.871197509765622,17.871197509765622,Leave_One_experiments/all_year_offline_schedule_search/daily_outputs/FQA/FQA_2013_FQA2013_normal_grid_S0019_daily.csv
FQA,FQA,Fengqiu,2013,Leave_One_experiments\wth_generated_qc\FQA\FQA2013.WTH,wet_year;nitrogen_stress_year;low_response_year,wet,FQA2013_normal_grid_S0019,pareto_balanced,2013-06-13,164,8,3,"{""sim_day"": 8.0, ""doy"": 164.0, ""topwt"": 0.0, ""grnwt"": 0.0, ""xlai"": 0.0, ""totir"": 0.0, ""tofer"": NaN, ""swfac"": 0.0, ""nstres"": 0.0}",0.0,0.0,0.0,0.0,0.0,0.0,,0.0,0.0,0.0,225.0,17.871197509765622,17.871197509765622,Leave_One_experiments/all_year_offline_schedule_search/daily_outputs/FQA/FQA_2013_FQA2013_normal_grid_S0019_daily.csv
FQA,FQA,Fengqiu,2013,Leave_One_experiments\wth_generated_qc\FQA\FQA2013.WTH,wet_year;nitrogen_stress_year;low_response_year,wet,FQA2013_normal_grid_S0019,pareto_balanced,2013-06-14,165,9,4,"{""sim_day"": 9.0, ""doy"": 165.0, ""topwt"": 0.0, ""grnwt"": 0.0, ""xlai"": 0.0, ""totir"": 0.0, ""tofer"": NaN, ""swfac"": 0.0, ""nstres"": 0.0}",0.0,0.0,0.0,0.0,0.0,0.0,,0.0,0.0,0.0,225.0,17.871197509765622,17.871197509765622,Leave_One_experiments/all_year_offline_schedule_search/daily_outputs/FQA/FQA_2013_FQA2013_normal_grid_S0019_daily.csv
FQA,FQA,Fengqiu,2013,Leave_One_experiments\wth_generated_qc\FQA\FQA2013.WTH,wet_year;nitrogen_stress_year;low_response_year,wet,FQA2013_normal_grid_S0019,pareto_balanced,2013-06-15,166,10,5,"{""sim_day"": 10.0, ""doy"": 166.0, ""topwt"": 32.00000047683716, ""grnwt"": 0.0, ""xlai"": 0.003542817896232, ""totir"": 0.0, ""tofer"": NaN, ""swfac"": 0.0, ""nstres"": 0.0121910572052001}",0.0,0.0121910572052001,32.00000047683716,0.0,0.003542817896232,0.0,,0.0,0.0,0.0,225.0,17.871197509765622,17.871197509765622,Leave_One_experiments/all_year_offline_schedule_search/daily_outputs/FQA/FQA_2013_FQA2013_normal_grid_S0019_daily.csv
FQA,FQA,Fengqiu,2013,Leave_One_experiments\wth_generated_qc\FQA\FQA2013.WTH,wet_year;nitrogen_stress_year;low_response_year,wet,FQA2013_normal_grid_S0019,pareto_balanced,2013-06-16,167,11,6,"{""sim_day"": 11.0, ""doy"": 167.0, ""topwt"": 32.00000047683716, ""grnwt"": 0.0, ""xlai"": 0.0068104299716651, ""totir"": 0.0, ""tofer"": NaN, ""swfac"": 0.0, ""nstres"": 0.0}",0.0,0.0,32.00000047683716,0.0,0.0068104299716651,0.0,,0.0,0.0,0.0,225.0,17.871197509765622,17.871197509765622,Leave_One_experiments/all_year_offline_schedule_search/daily_outputs/FQA/FQA_2013_FQA2013_normal_grid_S0019_daily.csv
FQA,FQA,Fengqiu,2013,Leave_One_experiments\wth_generated_qc\FQA\FQA2013.WTH,wet_year;nitrogen_stress_year;low_response_year,wet,FQA2013_normal_grid_S0019,pareto_balanced,2013-06-17,168,12,7,"{""sim_day"": 12.0, ""doy"": 168.0, ""topwt"": 32.00000047683716, ""grnwt"": 0.0, ""xlai"": 0.0098160924389958, ""totir"": 0.0, ""tofer"": NaN, ""swfac"": 0.0, ""nstres"": 0.0}",0.0,0.0,32.00000047683716,0.0,0.0098160924389958,0.0,,0.0,0.0,0.0,225.0,17.871197509765622,17.871197509765622,Leave_One_experiments/all_year_offline_schedule_search/daily_outputs/FQA/FQA_2013_FQA2013_normal_grid_S0019_daily.csv
FQA,FQA,Fengqiu,2013,Leave_One_experiments\wth_generated_qc\FQA\FQA2013.WTH,wet_year;nitrogen_stress_year;low_response_year,wet,FQA2013_normal_grid_S0019,pareto_balanced,2013-06-18,169,13,8,"{""sim_day"": 13.0, ""doy"": 169.0, ""topwt"": 32.00000047683716, ""grnwt"": 0.0, ""xlai"": 0.0133564453572034, ""totir"": 0.0, ""tofer"": NaN, ""swfac"": 0.0, ""nstres"": 0.0}",0.0,0.0,32.00000047683716,0.0,0.0133564453572034,0.0,,0.0,0.0,0.0,225.0,17.871197509765622,17.871197509765622,Leave_One_experiments/all_year_offline_schedule_search/daily_outputs/FQA/FQA_2013_FQA2013_normal_grid_S0019_daily.csv
FQA,FQA,Fengqiu,2013,Leave_One_experiments\wth_generated_qc\FQA\FQA2013.WTH,wet_year;nitrogen_stress_year;low_response_year,wet,FQA2013_normal_grid_S0019,pareto_balanced,2013-06-19,170,14,9,"{""sim_day"": 14.0, ""doy"": 170.0, ""topwt"": 32.00000047683716, ""grnwt"": 0.0, ""xlai"": 0.0173755548894405, ""totir"": 0.0, ""tofer"": NaN, ""swfac"": 0.0, ""nstres"": 0.0}",0.0,0.0,32.00000047683716,0.0,0.0173755548894405,0.0,,0.0,0.0,0.0,225.0,17.871197509765622,17.871197509765622,Leave_One_experiments/all_year_offline_schedule_search/daily_outputs/FQA/FQA_2013_FQA2013_normal_grid_S0019_daily.csv
FQA,FQA,Fengqiu,2013,Leave_One_experiments\wth_generated_qc\FQA\FQA2013.WTH,wet_year;nitrogen_stress_year;low_response_year,wet,FQA2013_normal_grid_S0019,pareto_balanced,2013-06-20,171,15,10,"{""sim_day"": 15.0, ""doy"": 171.0, ""topwt"": 32.00000047683716, ""grnwt"": 0.0, ""xlai"": 0.0208528526127338, ""totir"": 0.0, ""tofer"": NaN, ""swfac"": 0.0, ""nstres"": 0.0}",0.0,0.0,32.00000047683716,0.0,0.0208528526127338,0.0,,0.0,0.0,0.0,225.0,17.871197509765622,17.871197509765622,Leave_One_experiments/all_year_offline_schedule_search/daily_outputs/FQA/FQA_2013_FQA2013_normal_grid_S0019_daily.csv
FQA,FQA,Fengqiu,2013,Leave_One_experiments\wth_generated_qc\FQA\FQA2013.WTH,wet_year;nitrogen_stress_year;low_response_year,wet,FQA2013_normal_grid_S0019,pareto_balanced,2013-06-21,172,16,11,"{""sim_day"": 16.0, ""doy"": 172.0, ""topwt"": 23.84869337081909, ""grnwt"": 0.0, ""xlai"": 0.0331518873572349, ""totir"": 0.0, ""tofer"": NaN, ""swfac"": 0.0, ""nstres"": 0.0}",0.0,0.0,23.84869337081909,0.0,0.0331518873572349,0.0,,0.0,0.0,0.0,225.0,17.871197509765622,17.871197509765622,Leave_One_experiments/all_year_offline_schedule_search/daily_outputs/FQA/FQA_2013_FQA2013_normal_grid_S0019_daily.csv
FQA,FQA,Fengqiu,2013,Leave_One_experiments\wth_generated_qc\FQA\FQA2013.WTH,wet_year;nitrogen_stress_year;low_response_year,wet,FQA2013_normal_grid_S0019,pareto_balanced,2013-06-22,173,17,12,"{""sim_day"": 17.0, ""doy"": 173.0, ""topwt"": 28.248732089996334, ""grnwt"": 0.0, ""xlai"": 0.0472590774297714, ""totir"": 0.0, ""tofer"": NaN, ""swfac"": 0.0, ""nstres"": 0.0}",0.0,0.0,28.248732089996334,0.0,0.0472590774297714,0.0,,0.0,0.0,0.0,225.0,17.871197509765622,17.871197509765622,Leave_One_experiments/all_year_offline_schedule_search/daily_outputs/FQA/FQA_2013_FQA2013_normal_grid_S0019_daily.csv
FQA,FQA,Fengqiu,2013,Leave_One_experiments\wth_generated_qc\FQA\FQA2013.WTH,wet_year;nitrogen_stress_year;low_response_year,wet,FQA2013_normal_grid_S0019,pareto_balanced,2013-06-23,174,18,13,"{""sim_day"": 18.0, ""doy"": 174.0, ""topwt"": 33.70046615600586, ""grnwt"": 0.0, ""xlai"": 0.0633482336997985, ""totir"": 0.0, ""tofer"": NaN, ""swfac"": 0.0, ""nstres"": 0.0}",0.0,0.0,33.70046615600586,0.0,0.0633482336997985,0.0,,0.0,0.0,0.0,225.0,17.871197509765622,17.871197509765622,Leave_One_experiments/all_year_offline_schedule_search/daily_outputs/FQA/FQA_2013_FQA2013_normal_grid_S0019_daily.csv
FQA,FQA,Fengqiu,2013,Leave_One_experiments\wth_generated_qc\FQA\FQA2013.WTH,wet_year;nitrogen_stress_year;low_response_year,wet,FQA2013_normal_grid_S0019,pareto_balanced,2013-06-24,175,19,14,"{""sim_day"": 19.0, ""doy"": 175.0, ""topwt"": 40.98158836364746, ""grnwt"": 0.0, ""xlai"": 0.0833106562495231, ""totir"": 0.0, ""tofer"": NaN, ""swfac"": 0.0, ""nstres"": 0.0}",0.0,0.0,40.98158836364746,0.0,0.0833106562495231,0.0,,0.0,0.0,0.0,225.0,17.871197509765622,17.871197509765622,Leave_One_experiments/all_year_offline_schedule_search/daily_outputs/FQA/FQA_2013_FQA2013_normal_grid_S0019_daily.csv
FQA,FQA,Fengqiu,2013,Leave_One_experiments\wth_generated_qc\FQA\FQA2013.WTH,wet_year;nitrogen_stress_year;low_response_year,wet,FQA2013_normal_grid_S0019,pareto_balanced,2013-06-25,176,20,15,"{""sim_day"": 20.0, ""doy"": 176.0, ""topwt"": 48.29512596130371, ""grnwt"": 0.0, ""xlai"": 0.1021565049886703, ""totir"": 0.0, ""tofer"": NaN, ""swfac"": 0.0, ""nstres"": 0.0}",0.0,0.0,48.29512596130371,0.0,0.1021565049886703,0.0,,0.0,0.0,0.0,225.0,17.871197509765622,17.871197509765622,Leave_One_experiments/all_year_offline_schedule_search/daily_outputs/FQA/FQA_2013_FQA2013_normal_grid_S0019_daily.csv
FQA,FQA,Fengqiu,2013,Leave_One_experiments\wth_generated_qc\FQA\FQA2013.WTH,wet_year;nitrogen_stress_year;low_response_year,wet,FQA2013_normal_grid_S0019,pareto_balanced,2013-06-26,177,21,16,"{""sim_day"": 21.0, ""doy"": 177.0, ""topwt"": 58.70063304901123, ""grnwt"": 0.0, ""xlai"": 0.1274983137845993, ""totir"": 0.0, ""tofer"": NaN, ""swfac"": 0.0, ""nstres"": 0.0}",0.0,0.0,58.70063304901123,0.0,0.1274983137845993,0.0,,0.0,0.0,0.0,225.0,17.871197509765622,17.871197509765622,Leave_One_experiments/all_year_offline_schedule_search/daily_outputs/FQA/FQA_2013_FQA2013_normal_grid_S0019_daily.csv
FQA,FQA,Fengqiu,2013,Leave_One_experiments\wth_generated_qc\FQA\FQA2013.WTH,wet_year;nitrogen_stress_year;low_response_year,wet,FQA2013_normal_grid_S0019,pareto_balanced,2013-06-27,178,22,17,"{""sim_day"": 22.0, ""doy"": 178.0, ""topwt"": 71.35904788970947, ""grnwt"": 0.0, ""xlai"": 0.1566244214773178, ""totir"": 0.0, ""tofer"": NaN, ""swfac"": 0.0, ""nstres"": 0.0}",0.0,0.0,71.35904788970947,0.0,0.1566244214773178,0.0,,0.0,0.0,0.0,225.0,17.871197509765622,17.871197509765622,Leave_One_experiments/all_year_offline_schedule_search/daily_outputs/FQA/FQA_2013_FQA2013_normal_grid_S0019_daily.csv
FQA,FQA,Fengqiu,2013,Leave_One_experiments\wth_generated_qc\FQA\FQA2013.WTH,wet_year;nitrogen_stress_year;low_response_year,wet,FQA2013_normal_grid_S0019,pareto_balanced,2013-06-28,179,23,18,"{""sim_day"": 23.0, ""doy"": 179.0, ""topwt"": 84.37240600585938, ""grnwt"": 0.0, ""xlai"": 0.1851120293140411, ""totir"": 0.0, ""tofer"": NaN, ""swfac"": 0.0, ""nstres"": 0.0}",0.0,0.0,84.37240600585938,0.0,0.1851120293140411,0.0,,0.0,0.0,0.0,225.0,17.871197509765622,17.871197509765622,Leave_One_experiments/all_year_offline_schedule_search/daily_outputs/FQA/FQA_2013_FQA2013_normal_grid_S0019_daily.csv
FQA,FQA,Fengqiu,2013,Leave_One_experiments\wth_generated_qc\FQA\FQA2013.WTH,wet_year;nitrogen_stress_year;low_response_year,wet,FQA2013_normal_grid_S0019,pareto_balanced,2013-06-29,180,24,19,"{""sim_day"": 24.0, ""doy"": 180.0, ""topwt"": 99.85020637512208, ""grnwt"": 0.0, ""xlai"": 0.2175229489803314, ""totir"": 0.0, ""tofer"": NaN, ""swfac"": 0.0, ""nstres"": 0.0}",0.0,0.0,99.85020637512208,0.0,0.2175229489803314,0.0,,0.0,0.0,0.0,225.0,17.871197509765622,17.871197509765622,Leave_One_experiments/all_year_offline_schedule_search/daily_outputs/FQA/FQA_2013_FQA2013_normal_grid_S0019_daily.csv
FQA,FQA,Fengqiu,2013,Leave_One_experiments\wth_generated_qc\FQA\FQA2013.WTH,wet_year;nitrogen_stress_year;low_response_year,wet,FQA2013_normal_grid_S0019,pareto_balanced,2013-06-30,181,25,20,"{""sim_day"": 25.0, ""doy"": 181.0, ""topwt"": 118.67403984069824, ""grnwt"": 0.0, ""xlai"": 0.2542327046394348, ""totir"": 0.0, ""tofer"": NaN, ""swfac"": 0.0, ""nstres"": 0.0}",0.0,0.0,118.67403984069824,0.0,0.2542327046394348,0.0,,0.0,0.0,0.0,225.0,17.871197509765622,17.871197509765622,Leave_One_experiments/all_year_offline_schedule_search/daily_outputs/FQA/FQA_2013_FQA2013_normal_grid_S0019_daily.csv
FQA,FQA,Fengqiu,2013,Leave_One_experiments\wth_generated_qc\FQA\FQA2013.WTH,wet_year;nitrogen_stress_year;low_response_year,wet,FQA2013_normal_grid_S0019,pareto_balanced,2013-07-01,182,26,21,"{""sim_day"": 26.0, ""doy"": 182.0, ""topwt"": 137.1714210510254, ""grnwt"": 0.0, ""xlai"": 0.2909667789936065, ""totir"": 0.0, ""tofer"": NaN, ""swfac"": 0.0, ""nstres"": 0.0}",0.0,0.0,137.1714210510254,0.0,0.2909667789936065,0.0,,0.0,0.0,0.0,225.0,17.871197509765622,17.871197509765622,Leave_One_experiments/all_year_offline_schedule_search/daily_outputs/FQA/FQA_2013_FQA2013_normal_grid_S0019_daily.csv
FQA,FQA,Fengqiu,2013,Leave_One_experiments\wth_generated_qc\FQA\FQA2013.WTH,wet_year;nitrogen_stress_year;low_response_year,wet,FQA2013_normal_grid_S0019,pareto_balanced,2013-07-02,183,27,22,"{""sim_day"": 27.0, ""doy"": 183.0, ""topwt"": 157.43685722351074, ""grnwt"": 0.0, ""xlai"": 0.3296810388565063, ""totir"": 0.0, ""tofer"": NaN, ""swfac"": 0.0, ""nstres"": 0.0}",0.0,0.0,157.43685722351074,0.0,0.3296810388565063,0.0,,0.0,0.0,0.0,225.0,17.871197509765622,17.871197509765622,Leave_One_experiments/all_year_offline_schedule_search/daily_outputs/FQA/FQA_2013_FQA2013_normal_grid_S0019_daily.csv
FQA,FQA,Fengqiu,2013,Leave_One_experiments\wth_generated_qc\FQA\FQA2013.WTH,wet_year;nitrogen_stress_year;low_response_year,wet,FQA2013_normal_grid_S0019,pareto_balanced,2013-07-03,184,28,23,"{""sim_day"": 28.0, ""doy"": 184.0, ""topwt"": 171.09678268432617, ""grnwt"": 0.0, ""xlai"": 0.3549102544784546, ""totir"": 0.0, ""tofer"": NaN, ""swfac"": 0.0, ""nstres"": 0.0}",0.0,0.0,171.09678268432617,0.0,0.3549102544784546,0.0,,0.0,0.0,0.0,225.0,17.871197509765622,17.871197509765622,Leave_One_experiments/all_year_offline_schedule_search/daily_outputs/FQA/FQA_2013_FQA2013_normal_grid_S0019_daily.csv
FQA,FQA,Fengqiu,2013,Leave_One_experiments\wth_generated_qc\FQA\FQA2013.WTH,wet_year;nitrogen_stress_year;low_response_year,wet,FQA2013_normal_grid_S0019,pareto_balanced,2013-07-04,185,29,24,"{""sim_day"": 29.0, ""doy"": 185.0, ""topwt"": 190.8980941772461, ""grnwt"": 0.0, ""xlai"": 0.3903003931045532, ""totir"": 0.0, ""tofer"": NaN, ""swfac"": 0.0, ""nstres"": 0.0}",0.0,0.0,190.8980941772461,0.0,0.3903003931045532,0.0,,0.0,0.0,0.0,225.0,17.871197509765622,17.871197509765622,Leave_One_experiments/all_year_offline_schedule_search/daily_outputs/FQA/FQA_2013_FQA2013_normal_grid_S0019_daily.csv
FQA,FQA,Fengqiu,2013,Leave_One_experiments\wth_generated_qc\FQA\FQA2013.WTH,wet_year;nitrogen_stress_year;low_response_year,wet,FQA2013_normal_grid_S0019,pareto_balanced,2013-07-05,186,30,25,"{""sim_day"": 30.0, ""doy"": 186.0, ""topwt"": 213.8216590881348, ""grnwt"": 0.0, ""xlai"": 0.4297442734241485, ""totir"": 0.0, ""tofer"": NaN, ""swfac"": 0.0, ""nstres"": 0.0}",0.0,0.0,213.8216590881348,0.0,0.4297442734241485,0.0,,0.0,0.0,0.0,225.0,17.871197509765622,17.871197509765622,Leave_One_experiments/all_year_offline_schedule_search/daily_outputs/FQA/FQA_2013_FQA2013_normal_grid_S0019_daily.csv
FQA,FQA,Fengqiu,2013,Leave_One_experiments\wth_generated_qc\FQA\FQA2013.WTH,wet_year;nitrogen_stress_year;low_response_year,wet,FQA2013_normal_grid_S0019,pareto_balanced,2013-07-06,187,31,26,"{""sim_day"": 31.0, ""doy"": 187.0, ""topwt"": 242.76782989501956, ""grnwt"": 0.0, ""xlai"": 0.477522999048233, ""totir"": 0.0, ""tofer"": NaN, ""swfac"": 0.0, ""nstres"": 0.0}",0.0,0.0,242.76782989501956,0.0,0.477522999048233,0.0,,0.0,0.0,0.0,225.0,17.871197509765622,17.871197509765622,Leave_One_experiments/all_year_offline_schedule_search/daily_outputs/FQA/FQA_2013_FQA2013_normal_grid_S0019_daily.csv
FQA,FQA,Fengqiu,2013,Leave_One_experiments\wth_generated_qc\FQA\FQA2013.WTH,wet_year;nitrogen_stress_year;low_response_year,wet,FQA2013_normal_grid_S0019,pareto_balanced,2013-07-07,188,32,27,"{""sim_day"": 32.0, ""doy"": 188.0, ""topwt"": 275.17553329467773, ""grnwt"": 0.0, ""xlai"": 0.5286921858787537, ""totir"": 0.0, ""tofer"": NaN, ""swfac"": 0.0, ""nstres"": 0.0}",0.0,0.0,275.17553329467773,0.0,0.5286921858787537,0.0,,0.0,0.0,0.0,225.0,17.871197509765622,17.871197509765622,Leave_One_experiments/all_year_offline_schedule_search/daily_outputs/FQA/FQA_2013_FQA2013_normal_grid_S0019_daily.csv
FQA,FQA,Fengqiu,2013,Leave_One_experiments\wth_generated_qc\FQA\FQA2013.WTH,wet_year;nitrogen_stress_year;low_response_year,wet,FQA2013_normal_grid_S0019,pareto_balanced,2013-07-08,189,33,28,"{""sim_day"": 33.0, ""doy"": 189.0, ""topwt"": 311.6752624511719, ""grnwt"": 0.0, ""xlai"": 0.5837489366531372, ""totir"": 0.0, ""tofer"": NaN, ""swfac"": 0.0, ""nstres"": 0.0}",0.0,0.0,311.6752624511719,0.0,0.5837489366531372,0.0,,0.0,0.0,0.0,225.0,17.871197509765622,17.871197509765622,Leave_One_experiments/all_year_offline_schedule_search/daily_outputs/FQA/FQA_2013_FQA2013_normal_grid_S0019_daily.csv
FQA,FQA,Fengqiu,2013,Leave_One_experiments\wth_generated_qc\FQA\FQA2013.WTH,wet_year;nitrogen_stress_year;low_response_year,wet,FQA2013_normal_grid_S0019,pareto_balanced,2013-07-09,190,34,29,"{""sim_day"": 34.0, ""doy"": 190.0, ""topwt"": 352.95703887939453, ""grnwt"": 0.0, ""xlai"": 0.6431596875190735, ""totir"": 0.0, ""tofer"": NaN, ""swfac"": 0.0, ""nstres"": 0.0}",0.0,0.0,352.95703887939453,0.0,0.6431596875190735,0.0,,0.0,0.0,0.0,225.0,17.871197509765622,17.871197509765622,Leave_One_experiments/all_year_offline_schedule_search/daily_outputs/FQA/FQA_2013_FQA2013_normal_grid_S0019_daily.csv
FQA,FQA,Fengqiu,2013,Leave_One_experiments\wth_generated_qc\FQA\FQA2013.WTH,wet_year;nitrogen_stress_year;low_response_year,wet,FQA2013_normal_grid_S0019,pareto_balanced,2013-07-10,191,35,30,"{""sim_day"": 35.0, ""doy"": 191.0, ""topwt"": 398.4275436401367, ""grnwt"": 0.0, ""xlai"": 0.7055326104164124, ""totir"": 0.0, ""tofer"": NaN, ""swfac"": 0.0, ""nstres"": 0.0}",0.0,0.0,398.4275436401367,0.0,0.7055326104164124,0.0,,0.0,75.0,0.0,225.0,17.871197509765622,17.871197509765622,Leave_One_experiments/all_year_offline_schedule_search/daily_outputs/FQA/FQA_2013_FQA2013_normal_grid_S0019_daily.csv
FQA,FQA,Fengqiu,2013,Leave_One_experiments\wth_generated_qc\FQA\FQA2013.WTH,wet_year;nitrogen_stress_year;low_response_year,wet,FQA2013_normal_grid_S0019,pareto_balanced,2013-07-11,192,36,31,"{""sim_day"": 36.0, ""doy"": 192.0, ""topwt"": 449.8708724975586, ""grnwt"": 0.0, ""xlai"": 0.772731363773346, ""totir"": 0.0, ""tofer"": NaN, ""swfac"": 0.0, ""nstres"": 0.0}",0.0,0.0,449.8708724975586,0.0,0.772731363773346,0.0,,0.0,0.0,0.0,225.0,17.871197509765622,17.871197509765622,Leave_One_experiments/all_year_offline_schedule_search/daily_outputs/FQA/FQA_2013_FQA2013_normal_grid_S0019_daily.csv
FQA,FQA,Fengqiu,2013,Leave_One_experiments\wth_generated_qc\FQA\FQA2013.WTH,wet_year;nitrogen_stress_year;low_response_year,wet,FQA2013_normal_grid_S0019,pareto_balanced,2013-07-12,193,37,32,"{""sim_day"": 37.0, ""doy"": 193.0, ""topwt"": 508.1587219238281, ""grnwt"": 0.0, ""xlai"": 0.8451557159423828, ""totir"": 0.0, ""tofer"": NaN, ""swfac"": 0.0, ""nstres"": 0.0}",0.0,0.0,508.1587219238281,0.0,0.8451557159423828,0.0,,0.0,0.0,0.0,225.0,17.871197509765622,17.871197509765622,Leave_One_experiments/all_year_offline_schedule_search/daily_outputs/FQA/FQA_2013_FQA2013_normal_grid_S0019_daily.csv
FQA,FQA,Fengqiu,2013,Leave_One_experiments\wth_generated_qc\FQA\FQA2013.WTH,wet_year;nitrogen_stress_year;low_response_year,wet,FQA2013_normal_grid_S0019,pareto_balanced,2013-07-13,194,38,33,"{""sim_day"": 38.0, ""doy"": 194.0, ""topwt"": 573.5501098632812, ""grnwt"": 0.0, ""xlai"": 0.9223708510398864, ""totir"": 0.0, ""tofer"": NaN, ""swfac"": 0.0, ""nstres"": 0.0}",0.0,0.0,573.5501098632812,0.0,0.9223708510398864,0.0,,0.0,0.0,0.0,225.0,17.871197509765622,17.871197509765622,Leave_One_experiments/all_year_offline_schedule_search/daily_outputs/FQA/FQA_2013_FQA2013_normal_grid_S0019_daily.csv
FQA,FQA,Fengqiu,2013,Leave_One_experiments\wth_generated_qc\FQA\FQA2013.WTH,wet_year;nitrogen_stress_year;low_response_year,wet,FQA2013_normal_grid_S0019,pareto_balanced,2013-07-14,195,39,34,"{""sim_day"": 39.0, ""doy"": 195.0, ""topwt"": 646.107177734375, ""grnwt"": 0.0, ""xlai"": 1.003742814064026, ""totir"": 0.0, ""tofer"": NaN, ""swfac"": 0.0, ""nstres"": 0.0}",0.0,0.0,646.107177734375,0.0,1.003742814064026,0.0,,0.0,0.0,0.0,225.0,17.871197509765622,17.871197509765622,Leave_One_experiments/all_year_offline_schedule_search/daily_outputs/FQA/FQA_2013_FQA2013_normal_grid_S0019_daily.csv
FQA,FQA,Fengqiu,2013,Leave_One_experiments\wth_generated_qc\FQA\FQA2013.WTH,wet_year;nitrogen_stress_year;low_response_year,wet,FQA2013_normal_grid_S0019,pareto_balanced,2013-07-15,196,40,35,"{""sim_day"": 40.0, ""doy"": 196.0, ""topwt"": 726.5390014648438, ""grnwt"": 0.0, ""xlai"": 1.089380383491516, ""totir"": 0.0, ""tofer"": NaN, ""swfac"": 0.0, ""nstres"": 0.0}",0.0,0.0,726.5390014648438,0.0,1.089380383491516,0.0,,0.0,0.0,0.0,225.0,17.871197509765622,17.871197509765622,Leave_One_experiments/all_year_offline_schedule_search/daily_outputs/FQA/FQA_2013_FQA2013_normal_grid_S0019_daily.csv
FQA,FQA,Fengqiu,2013,Leave_One_experiments\wth_generated_qc\FQA\FQA2013.WTH,wet_year;nitrogen_stress_year;low_response_year,wet,FQA2013_normal_grid_S0019,pareto_balanced,2013-07-16,197,41,36,"{""sim_day"": 41.0, ""doy"": 197.0, ""topwt"": 815.6150817871094, ""grnwt"": 0.0, ""xlai"": 1.179391384124756, ""totir"": 0.0, ""tofer"": NaN, ""swfac"": 0.0, ""nstres"": 0.0}",0.0,0.0,815.6150817871094,0.0,1.179391384124756,0.0,,0.0,0.0,0.0,225.0,17.871197509765622,17.871197509765622,Leave_One_experiments/all_year_offline_schedule_search/daily_outputs/FQA/FQA_2013_FQA2013_normal_grid_S0019_daily.csv
FQA,FQA,Fengqiu,2013,Leave_One_experiments\wth_generated_qc\FQA\FQA2013.WTH,wet_year;nitrogen_stress_year;low_response_year,wet,FQA2013_normal_grid_S0019,pareto_balanced,2013-07-17,198,42,37,"{""sim_day"": 42.0, ""doy"": 198.0, ""topwt"": 874.7197723388672, ""grnwt"": 0.0, ""xlai"": 1.2364729642868042, ""totir"": 0.0, ""tofer"": NaN, ""swfac"": 0.0, ""nstres"": 0.0}",0.0,0.0,874.7197723388672,0.0,1.2364729642868042,0.0,,0.0,0.0,0.0,225.0,17.871197509765622,17.871197509765622,Leave_One_experiments/all_year_offline_schedule_search/daily_outputs/FQA/FQA_2013_FQA2013_normal_grid_S0019_daily.csv
FQA,FQA,Fengqiu,2013,Leave_One_experiments\wth_generated_qc\FQA\FQA2013.WTH,wet_year;nitrogen_stress_year;low_response_year,wet,FQA2013_normal_grid_S0019,pareto_balanced,2013-07-18,199,43,38,"{""sim_day"": 43.0, ""doy"": 199.0, ""topwt"": 961.27685546875, ""grnwt"": 0.0, ""xlai"": 1.3167115449905396, ""totir"": 0.0, ""tofer"": NaN, ""swfac"": 0.0, ""nstres"": 0.0}",0.0,0.0,961.27685546875,0.0,1.3167115449905396,0.0,,0.0,0.0,0.0,225.0,17.871197509765622,17.871197509765622,Leave_One_experiments/all_year_offline_schedule_search/daily_outputs/FQA/FQA_2013_FQA2013_normal_grid_S0019_daily.csv
FQA,FQA,Fengqiu,2013,Leave_One_experiments\wth_generated_qc\FQA\FQA2013.WTH,wet_year;nitrogen_stress_year;low_response_year,wet,FQA2013_normal_grid_S0019,pareto_balanced,2013-07-19,200,44,39,"{""sim_day"": 44.0, ""doy"": 200.0, ""topwt"": 1061.702117919922, ""grnwt"": 0.0, ""xlai"": 1.4053800106048584, ""totir"": 0.0, ""tofer"": NaN, ""swfac"": 0.0, ""nstres"": 0.0}",0.0,0.0,1061.702117919922,0.0,1.4053800106048584,0.0,,0.0,0.0,0.0,225.0,17.871197509765622,17.871197509765622,Leave_One_experiments/all_year_offline_schedule_search/daily_outputs/FQA/FQA_2013_FQA2013_normal_grid_S0019_daily.csv
FQA,FQA,Fengqiu,2013,Leave_One_experiments\wth_generated_qc\FQA\FQA2013.WTH,wet_year;nitrogen_stress_year;low_response_year,wet,FQA2013_normal_grid_S0019,pareto_balanced,2013-07-20,201,45,40,"{""sim_day"": 45.0, ""doy"": 201.0, ""topwt"": 1184.4871520996094, ""grnwt"": 0.0, ""xlai"": 1.5084524154663086, ""totir"": 0.0, ""tofer"": NaN, ""swfac"": 0.0, ""nstres"": 0.0}",0.0,0.0,1184.4871520996094,0.0,1.5084524154663086,0.0,,0.0,0.0,0.0,225.0,17.871197509765622,17.871197509765622,Leave_One_experiments/all_year_offline_schedule_search/daily_outputs/FQA/FQA_2013_FQA2013_normal_grid_S0019_daily.csv
FQA,FQA,Fengqiu,2013,Leave_One_experiments\wth_generated_qc\FQA\FQA2013.WTH,wet_year;nitrogen_stress_year;low_response_year,wet,FQA2013_normal_grid_S0019,pareto_balanced,2013-07-21,202,46,41,"{""sim_day"": 46.0, ""doy"": 202.0, ""topwt"": 1313.6116027832031, ""grnwt"": 0.0, ""xlai"": 1.5535751581192017, ""totir"": 0.0, ""tofer"": NaN, ""swfac"": 0.0, ""nstres"": 0.0}",0.0,0.0,1313.6116027832031,0.0,1.5535751581192017,0.0,,0.0,0.0,0.0,225.0,17.871197509765622,17.871197509765622,Leave_One_experiments/all_year_offline_schedule_search/daily_outputs/FQA/FQA_2013_FQA2013_normal_grid_S0019_daily.csv
FQA,FQA,Fengqiu,2013,Leave_One_experiments\wth_generated_qc\FQA\FQA2013.WTH,wet_year;nitrogen_stress_year;low_response_year,wet,FQA2013_normal_grid_S0019,pareto_balanced,2013-07-22,203,47,42,"{""sim_day"": 47.0, ""doy"": 203.0, ""topwt"": 1485.5694580078125, ""grnwt"": 0.0, ""xlai"": 1.611140489578247, ""totir"": 0.0, ""tofer"": NaN, ""swfac"": 0.0, ""nstres"": 0.0}",0.0,0.0,1485.5694580078125,0.0,1.611140489578247,0.0,,0.0,0.0,0.0,225.0,17.871197509765622,17.871197509765622,Leave_One_experiments/all_year_offline_schedule_search/daily_outputs/FQA/FQA_2013_FQA2013_normal_grid_S0019_daily.csv
FQA,FQA,Fengqiu,2013,Leave_One_experiments\wth_generated_qc\FQA\FQA2013.WTH,wet_year;nitrogen_stress_year;low_response_year,wet,FQA2013_normal_grid_S0019,pareto_balanced,2013-07-23,204,48,43,"{""sim_day"": 48.0, ""doy"": 204.0, ""topwt"": 1640.9538269042969, ""grnwt"": 0.0, ""xlai"": 1.6607089042663574, ""totir"": 0.0, ""tofer"": NaN, ""swfac"": 0.0, ""nstres"": 0.0}",0.0,0.0,1640.9538269042969,0.0,1.6607089042663574,0.0,,0.0,0.0,0.0,225.0,17.871197509765622,17.871197509765622,Leave_One_experiments/all_year_offline_schedule_search/daily_outputs/FQA/FQA_2013_FQA2013_normal_grid_S0019_daily.csv
FQA,FQA,Fengqiu,2013,Leave_One_experiments\wth_generated_qc\FQA\FQA2013.WTH,wet_year;nitrogen_stress_year;low_response_year,wet,FQA2013_normal_grid_S0019,pareto_balanced,2013-07-24,205,49,44,"{""sim_day"": 49.0, ""doy"": 205.0, ""topwt"": 1860.3941345214844, ""grnwt"": 0.0, ""xlai"": 1.7273564338684082, ""totir"": 0.0, ""tofer"": NaN, ""swfac"": 0.0, ""nstres"": 0.0}",0.0,0.0,1860.3941345214844,0.0,1.7273564338684082,0.0,,0.0,0.0,0.0,225.0,17.871197509765622,17.871197509765622,Leave_One_experiments/all_year_offline_schedule_search/daily_outputs/FQA/FQA_2013_FQA2013_normal_grid_S0019_daily.csv
FQA,FQA,Fengqiu,2013,Leave_One_experiments\wth_generated_qc\FQA\FQA2013.WTH,wet_year;nitrogen_stress_year;low_response_year,wet,FQA2013_normal_grid_S0019,pareto_balanced,2013-07-25,206,50,45,"{""sim_day"": 50.0, ""doy"": 206.0, ""topwt"": 2126.344451904297, ""grnwt"": 0.0, ""xlai"": 1.804504871368408, ""totir"": 0.0, ""tofer"": NaN, ""swfac"": 0.0, ""nstres"": 0.0}",0.0,0.0,2126.344451904297,0.0,1.804504871368408,0.0,,0.0,0.0,0.0,225.0,17.871197509765622,17.871197509765622,Leave_One_experiments/all_year_offline_schedule_search/daily_outputs/FQA/FQA_2013_FQA2013_normal_grid_S0019_daily.csv
FQA,FQA,Fengqiu,2013,Leave_One_experiments\wth_generated_qc\FQA\FQA2013.WTH,wet_year;nitrogen_stress_year;low_response_year,wet,FQA2013_normal_grid_S0019,pareto_balanced,2013-07-26,207,51,46,"{""sim_day"": 51.0, ""doy"": 207.0, ""topwt"": 2404.298095703125, ""grnwt"": 0.0, ""xlai"": 1.8818522691726685, ""totir"": 0.0, ""tofer"": NaN, ""swfac"": 0.0, ""nstres"": 0.0}",0.0,0.0,2404.298095703125,0.0,1.8818522691726685,0.0,,0.0,0.0,0.0,225.0,17.871197509765622,17.871197509765622,Leave_One_experiments/all_year_offline_schedule_search/daily_outputs/FQA/FQA_2013_FQA2013_normal_grid_S0019_daily.csv
FQA,FQA,Fengqiu,2013,Leave_One_experiments\wth_generated_qc\FQA\FQA2013.WTH,wet_year;nitrogen_stress_year;low_response_year,wet,FQA2013_normal_grid_S0019,pareto_balanced,2013-07-27,208,52,47,"{""sim_day"": 52.0, ""doy"": 208.0, ""topwt"": 2628.804016113281, ""grnwt"": 0.0, ""xlai"": 1.941960334777832, ""totir"": 0.0, ""tofer"": NaN, ""swfac"": 0.0, ""nstres"": 0.0}",0.0,0.0,2628.804016113281,0.0,1.941960334777832,0.0,,0.0,0.0,0.0,225.0,17.871197509765622,17.871197509765622,Leave_One_experiments/all_year_offline_schedule_search/daily_outputs/FQA/FQA_2013_FQA2013_normal_grid_S0019_daily.csv
FQA,FQA,Fengqiu,2013,Leave_One_experiments\wth_generated_qc\FQA\FQA2013.WTH,wet_year;nitrogen_stress_year;low_response_year,wet,FQA2013_normal_grid_S0019,pareto_balanced,2013-07-28,209,53,48,"{""sim_day"": 53.0, ""doy"": 209.0, ""topwt"": 2909.496154785156, ""grnwt"": 0.0, ""xlai"": 2.014504194259644, ""totir"": 0.0, ""tofer"": NaN, ""swfac"": 0.0, ""nstres"": 0.0}",0.0,0.0,2909.496154785156,0.0,2.014504194259644,0.0,,0.0,0.0,0.0,225.0,17.871197509765622,17.871197509765622,Leave_One_experiments/all_year_offline_schedule_search/daily_outputs/FQA/FQA_2013_FQA2013_normal_grid_S0019_daily.csv
FQA,FQA,Fengqiu,2013,Leave_One_experiments\wth_generated_qc\FQA\FQA2013.WTH,wet_year;nitrogen_stress_year;low_response_year,wet,FQA2013_normal_grid_S0019,pareto_balanced,2013-07-29,210,54,49,"{""sim_day"": 54.0, ""doy"": 210.0, ""topwt"": 3177.7020263671875, ""grnwt"": 0.0, ""xlai"": 2.083689451217652, ""totir"": 0.0, ""tofer"": NaN, ""swfac"": 0.0, ""nstres"": 0.0}",0.0,0.0,3177.7020263671875,0.0,2.083689451217652,0.0,,0.0,0.0,0.0,225.0,17.871197509765622,17.871197509765622,Leave_One_experiments/all_year_offline_schedule_search/daily_outputs/FQA/FQA_2013_FQA2013_normal_grid_S0019_daily.csv
FQA,FQA,Fengqiu,2013,Leave_One_experiments\wth_generated_qc\FQA\FQA2013.WTH,wet_year;nitrogen_stress_year;low_response_year,wet,FQA2013_normal_grid_S0019,pareto_balanced,2013-07-30,211,55,50,"{""sim_day"": 55.0, ""doy"": 211.0, ""topwt"": 3438.45458984375, ""grnwt"": 0.0, ""xlai"": 2.150830745697021, ""totir"": 0.0, ""tofer"": NaN, ""swfac"": 0.0, ""nstres"": 0.0}",0.0,0.0,3438.45458984375,0.0,2.150830745697021,0.0,,0.0,0.0,0.0,225.0,17.871197509765622,17.871197509765622,Leave_One_experiments/all_year_offline_schedule_search/daily_outputs/FQA/FQA_2013_FQA2013_normal_grid_S0019_daily.csv
FQA,FQA,Fengqiu,2013,Leave_One_experiments\wth_generated_qc\FQA\FQA2013.WTH,wet_year;nitrogen_stress_year;low_response_year,wet,FQA2013_normal_grid_S0019,pareto_balanced,2013-07-31,212,56,51,"{""sim_day"": 56.0, ""doy"": 212.0, ""topwt"": 3684.324340820313, ""grnwt"": 0.0, ""xlai"": 2.214027404785156, ""totir"": 0.0, ""tofer"": NaN, ""swfac"": 0.0, ""nstres"": 0.0}",0.0,0.0,3684.324340820313,0.0,2.214027404785156,0.0,,0.0,0.0,0.0,225.0,17.871197509765622,17.871197509765622,Leave_One_experiments/all_year_offline_schedule_search/daily_outputs/FQA/FQA_2013_FQA2013_normal_grid_S0019_daily.csv
FQA,FQA,Fengqiu,2013,Leave_One_experiments\wth_generated_qc\FQA\FQA2013.WTH,wet_year;nitrogen_stress_year;low_response_year,wet,FQA2013_normal_grid_S0019,pareto_balanced,2013-08-01,213,57,52,"{""sim_day"": 57.0, ""doy"": 213.0, ""topwt"": 3948.9544677734375, ""grnwt"": 0.0, ""xlai"": 2.281947135925293, ""totir"": 0.0, ""tofer"": NaN, ""swfac"": 0.0, ""nstres"": 0.0}",0.0,0.0,3948.9544677734375,0.0,2.281947135925293,0.0,,0.0,0.0,0.0,225.0,17.871197509765622,17.871197509765622,Leave_One_experiments/all_year_offline_schedule_search/daily_outputs/FQA/FQA_2013_FQA2013_normal_grid_S0019_daily.csv
FQA,FQA,Fengqiu,2013,Leave_One_experiments\wth_generated_qc\FQA\FQA2013.WTH,wet_year;nitrogen_stress_year;low_response_year,wet,FQA2013_normal_grid_S0019,pareto_balanced,2013-08-02,214,58,53,"{""sim_day"": 58.0, ""doy"": 214.0, ""topwt"": 4207.024230957031, ""grnwt"": 0.0, ""xlai"": 2.348072052001953, ""totir"": 0.0, ""tofer"": NaN, ""swfac"": 0.0, ""nstres"": 0.0}",0.0,0.0,4207.024230957031,0.0,2.348072052001953,0.0,,0.0,0.0,0.0,225.0,17.871197509765622,17.871197509765622,Leave_One_experiments/all_year_offline_schedule_search/daily_outputs/FQA/FQA_2013_FQA2013_normal_grid_S0019_daily.csv
FQA,FQA,Fengqiu,2013,Leave_One_experiments\wth_generated_qc\FQA\FQA2013.WTH,wet_year;nitrogen_stress_year;low_response_year,wet,FQA2013_normal_grid_S0019,pareto_balanced,2013-08-03,215,59,54,"{""sim_day"": 59.0, ""doy"": 215.0, ""topwt"": 4478.551635742188, ""grnwt"": 0.0, ""xlai"": 2.417541265487671, ""totir"": 0.0, ""tofer"": NaN, ""swfac"": 0.0, ""nstres"": 0.0}",0.0,0.0,4478.551635742188,0.0,2.417541265487671,0.0,,0.0,0.0,0.0,225.0,17.871197509765622,17.871197509765622,Leave_One_experiments/all_year_offline_schedule_search/daily_outputs/FQA/FQA_2013_FQA2013_normal_grid_S0019_daily.csv
FQA,FQA,Fengqiu,2013,Leave_One_experiments\wth_generated_qc\FQA\FQA2013.WTH,wet_year;nitrogen_stress_year;low_response_year,wet,FQA2013_normal_grid_S0019,pareto_balanced,2013-08-04,216,60,55,"{""sim_day"": 60.0, ""doy"": 216.0, ""topwt"": 4758.558349609375, ""grnwt"": 0.0, ""xlai"": 2.4890687465667725, ""totir"": 0.0, ""tofer"": NaN, ""swfac"": 0.0, ""nstres"": 0.0}",0.0,0.0,4758.558349609375,0.0,2.4890687465667725,0.0,,0.0,0.0,0.0,225.0,17.871197509765622,17.871197509765622,Leave_One_experiments/all_year_offline_schedule_search/daily_outputs/FQA/FQA_2013_FQA2013_normal_grid_S0019_daily.csv
FQA,FQA,Fengqiu,2013,Leave_One_experiments\wth_generated_qc\FQA\FQA2013.WTH,wet_year;nitrogen_stress_year;low_response_year,wet,FQA2013_normal_grid_S0019,pareto_balanced,2013-08-05,217,61,56,"{""sim_day"": 61.0, ""doy"": 217.0, ""topwt"": 5090.492858886719, ""grnwt"": 0.0, ""xlai"": 2.36877989768982, ""totir"": 0.0, ""tofer"": NaN, ""swfac"": 0.0, ""nstres"": 0.0}",0.0,0.0,5090.492858886719,0.0,2.36877989768982,0.0,,0.0,0.0,0.0,225.0,17.871197509765622,17.871197509765622,Leave_One_experiments/all_year_offline_schedule_search/daily_outputs/FQA/FQA_2013_FQA2013_normal_grid_S0019_daily.csv
FQA,FQA,Fengqiu,2013,Leave_One_experiments\wth_generated_qc\FQA\FQA2013.WTH,wet_year;nitrogen_stress_year;low_response_year,wet,FQA2013_normal_grid_S0019,pareto_balanced,2013-08-06,218,62,57,"{""sim_day"": 62.0, ""doy"": 218.0, ""topwt"": 5416.9476318359375, ""grnwt"": 0.0, ""xlai"": 2.3542401790618896, ""totir"": 0.0, ""tofer"": NaN, ""swfac"": 0.0, ""nstres"": 0.0}",0.0,0.0,5416.9476318359375,0.0,2.3542401790618896,0.0,,0.0,0.0,0.0,225.0,17.871197509765622,17.871197509765622,Leave_One_experiments/all_year_offline_schedule_search/daily_outputs/FQA/FQA_2013_FQA2013_normal_grid_S0019_daily.csv
FQA,FQA,Fengqiu,2013,Leave_One_experiments\wth_generated_qc\FQA\FQA2013.WTH,wet_year;nitrogen_stress_year;low_response_year,wet,FQA2013_normal_grid_S0019,pareto_balanced,2013-08-07,219,63,58,"{""sim_day"": 63.0, ""doy"": 219.0, ""topwt"": 5722.222900390625, ""grnwt"": 0.0, ""xlai"": 2.3412628173828125, ""totir"": 0.0, ""tofer"": NaN, ""swfac"": 0.0, ""nstres"": 0.0}",0.0,0.0,5722.222900390625,0.0,2.3412628173828125,0.0,,0.0,0.0,0.0,225.0,17.871197509765622,17.871197509765622,Leave_One_experiments/all_year_offline_schedule_search/daily_outputs/FQA/FQA_2013_FQA2013_normal_grid_S0019_daily.csv
FQA,FQA,Fengqiu,2013,Leave_One_experiments\wth_generated_qc\FQA\FQA2013.WTH,wet_year;nitrogen_stress_year;low_response_year,wet,FQA2013_normal_grid_S0019,pareto_balanced,2013-08-08,220,64,59,"{""sim_day"": 64.0, ""doy"": 220.0, ""topwt"": 5938.550415039063, ""grnwt"": 0.0, ""xlai"": 2.328566074371338, ""totir"": 0.0, ""tofer"": NaN, ""swfac"": 0.0, ""nstres"": 0.0}",0.0,0.0,5938.550415039063,0.0,2.328566074371338,0.0,,0.0,0.0,0.0,225.0,17.871197509765622,17.871197509765622,Leave_One_experiments/all_year_offline_schedule_search/daily_outputs/FQA/FQA_2013_FQA2013_normal_grid_S0019_daily.csv
FQA,FQA,Fengqiu,2013,Leave_One_experiments\wth_generated_qc\FQA\FQA2013.WTH,wet_year;nitrogen_stress_year;low_response_year,wet,FQA2013_normal_grid_S0019,pareto_balanced,2013-08-09,221,65,60,"{""sim_day"": 65.0, ""doy"": 221.0, ""topwt"": 6259.635009765625, ""grnwt"": 0.0, ""xlai"": 2.314962863922119, ""totir"": 0.0, ""tofer"": NaN, ""swfac"": 0.0, ""nstres"": 0.0}",0.0,0.0,6259.635009765625,0.0,2.314962863922119,0.0,,0.0,75.0,0.0,225.0,17.871197509765622,17.871197509765622,Leave_One_experiments/all_year_offline_schedule_search/daily_outputs/FQA/FQA_2013_FQA2013_normal_grid_S0019_daily.csv
FQA,FQA,Fengqiu,2013,Leave_One_experiments\wth_generated_qc\FQA\FQA2013.WTH,wet_year;nitrogen_stress_year;low_response_year,wet,FQA2013_normal_grid_S0019,pareto_balanced,2013-08-10,222,66,61,"{""sim_day"": 66.0, ""doy"": 222.0, ""topwt"": 6539.420776367188, ""grnwt"": 0.0, ""xlai"": 2.3004188537597656, ""totir"": 0.0, ""tofer"": NaN, ""swfac"": 0.0, ""nstres"": 0.0}",0.0,0.0,6539.420776367188,0.0,2.3004188537597656,0.0,,0.0,0.0,0.0,225.0,17.871197509765622,17.871197509765622,Leave_One_experiments/all_year_offline_schedule_search/daily_outputs/FQA/FQA_2013_FQA2013_normal_grid_S0019_daily.csv
FQA,FQA,Fengqiu,2013,Leave_One_experiments\wth_generated_qc\FQA\FQA2013.WTH,wet_year;nitrogen_stress_year;low_response_year,wet,FQA2013_normal_grid_S0019,pareto_balanced,2013-08-11,223,67,62,"{""sim_day"": 67.0, ""doy"": 223.0, ""topwt"": 6851.285400390625, ""grnwt"": 0.0, ""xlai"": 2.287707805633545, ""totir"": 0.0, ""tofer"": NaN, ""swfac"": 0.0, ""nstres"": 0.0}",0.0,0.0,6851.285400390625,0.0,2.287707805633545,0.0,,0.0,0.0,0.0,225.0,17.871197509765622,17.871197509765622,Leave_One_experiments/all_year_offline_schedule_search/daily_outputs/FQA/FQA_2013_FQA2013_normal_grid_S0019_daily.csv
FQA,FQA,Fengqiu,2013,Leave_One_experiments\wth_generated_qc\FQA\FQA2013.WTH,wet_year;nitrogen_stress_year;low_response_year,wet,FQA2013_normal_grid_S0019,pareto_balanced,2013-08-12,224,68,63,"{""sim_day"": 68.0, ""doy"": 224.0, ""topwt"": 7147.890625, ""grnwt"": 0.0, ""xlai"": 2.274118661880493, ""totir"": 0.0, ""tofer"": NaN, ""swfac"": 0.0, ""nstres"": 0.0}",0.0,0.0,7147.890625,0.0,2.274118661880493,0.0,,0.0,0.0,0.0,225.0,17.871197509765622,17.871197509765622,Leave_One_experiments/all_year_offline_schedule_search/daily_outputs/FQA/FQA_2013_FQA2013_normal_grid_S0019_daily.csv
FQA,FQA,Fengqiu,2013,Leave_One_experiments\wth_generated_qc\FQA\FQA2013.WTH,wet_year;nitrogen_stress_year;low_response_year,wet,FQA2013_normal_grid_S0019,pareto_balanced,2013-08-13,225,69,64,"{""sim_day"": 69.0, ""doy"": 225.0, ""topwt"": 7382.79541015625, ""grnwt"": 234.9049949645996, ""xlai"": 2.2156200408935547, ""totir"": 0.0, ""tofer"": NaN, ""swfac"": 0.0, ""nstres"": 0.0}",0.0,0.0,7382.79541015625,234.9049949645996,2.2156200408935547,0.0,,0.0,0.0,0.0,225.0,17.871197509765622,17.871197509765622,Leave_One_experiments/all_year_offline_schedule_search/daily_outputs/FQA/FQA_2013_FQA2013_normal_grid_S0019_daily.csv
FQA,FQA,Fengqiu,2013,Leave_One_experiments\wth_generated_qc\FQA\FQA2013.WTH,wet_year;nitrogen_stress_year;low_response_year,wet,FQA2013_normal_grid_S0019,pareto_balanced,2013-08-14,226,70,65,"{""sim_day"": 70.0, ""doy"": 226.0, ""topwt"": 7590.8544921875, ""grnwt"": 442.9637145996094, ""xlai"": 2.2023496627807617, ""totir"": 0.0, ""tofer"": NaN, ""swfac"": 0.0, ""nstres"": 0.0}",0.0,0.0,7590.8544921875,442.9637145996094,2.2023496627807617,0.0,,0.0,0.0,0.0,225.0,17.871197509765622,17.871197509765622,Leave_One_experiments/all_year_offline_schedule_search/daily_outputs/FQA/FQA_2013_FQA2013_normal_grid_S0019_daily.csv
FQA,FQA,Fengqiu,2013,Leave_One_experiments\wth_generated_qc\FQA\FQA2013.WTH,wet_year;nitrogen_stress_year;low_response_year,wet,FQA2013_normal_grid_S0019,pareto_balanced,2013-08-15,227,71,66,"{""sim_day"": 71.0, ""doy"": 227.0, ""topwt"": 7792.200927734375, ""grnwt"": 644.3108367919922, ""xlai"": 2.18554949760437, ""totir"": 0.0, ""tofer"": NaN, ""swfac"": 0.0, ""nstres"": 0.0}",0.0,0.0,7792.200927734375,644.3108367919922,2.18554949760437,0.0,,0.0,0.0,0.0,225.0,17.871197509765622,17.871197509765622,Leave_One_experiments/all_year_offline_schedule_search/daily_outputs/FQA/FQA_2013_FQA2013_normal_grid_S0019_daily.csv
FQA,FQA,Fengqiu,2013,Leave_One_experiments\wth_generated_qc\FQA\FQA2013.WTH,wet_year;nitrogen_stress_year;low_response_year,wet,FQA2013_normal_grid_S0019,pareto_balanced,2013-08-16,228,72,67,"{""sim_day"": 72.0, ""doy"": 228.0, ""topwt"": 8017.03857421875, ""grnwt"": 869.1484069824219, ""xlai"": 2.164945363998413, ""totir"": 0.0, ""tofer"": NaN, ""swfac"": 0.0, ""nstres"": 0.0}",0.0,0.0,8017.03857421875,869.1484069824219,2.164945363998413,0.0,,0.0,0.0,0.0,225.0,17.871197509765622,17.871197509765622,Leave_One_experiments/all_year_offline_schedule_search/daily_outputs/FQA/FQA_2013_FQA2013_normal_grid_S0019_daily.csv
FQA,FQA,Fengqiu,2013,Leave_One_experiments\wth_generated_qc\FQA\FQA2013.WTH,wet_year;nitrogen_stress_year;low_response_year,wet,FQA2013_normal_grid_S0019,pareto_balanced,2013-08-17,229,73,68,"{""sim_day"": 73.0, ""doy"": 229.0, ""topwt"": 8380.76171875, ""grnwt"": 1241.640625, ""xlai"": 2.14182448387146, ""totir"": 0.0, ""tofer"": NaN, ""swfac"": 0.0, ""nstres"": 0.0}",0.0,0.0,8380.76171875,1241.640625,2.14182448387146,0.0,,0.0,0.0,0.0,225.0,17.871197509765622,17.871197509765622,Leave_One_experiments/all_year_offline_schedule_search/daily_outputs/FQA/FQA_2013_FQA2013_normal_grid_S0019_daily.csv
FQA,FQA,Fengqiu,2013,Leave_One_experiments\wth_generated_qc\FQA\FQA2013.WTH,wet_year;nitrogen_stress_year;low_response_year,wet,FQA2013_normal_grid_S0019,pareto_balanced,2013-08-18,230,74,69,"{""sim_day"": 74.0, ""doy"": 230.0, ""topwt"": 8785.350341796875, ""grnwt"": 1778.5662841796875, ""xlai"": 2.1179962158203125, ""totir"": 0.0, ""tofer"": NaN, ""swfac"": 0.0, ""nstres"": 0.0}",0.0,0.0,8785.350341796875,1778.5662841796875,2.1179962158203125,0.0,,0.0,0.0,0.0,225.0,17.871197509765622,17.871197509765622,Leave_One_experiments/all_year_offline_schedule_search/daily_outputs/FQA/FQA_2013_FQA2013_normal_grid_S0019_daily.csv
FQA,FQA,Fengqiu,2013,Leave_One_experiments\wth_generated_qc\FQA\FQA2013.WTH,wet_year;nitrogen_stress_year;low_response_year,wet,FQA2013_normal_grid_S0019,pareto_balanced,2013-08-19,231,75,70,"{""sim_day"": 75.0, ""doy"": 231.0, ""topwt"": 9152.064208984377, ""grnwt"": 2315.491943359375, ""xlai"": 2.091487169265747, ""totir"": 0.0, ""tofer"": NaN, ""swfac"": 0.0, ""nstres"": 0.0}",0.0,0.0,9152.064208984377,2315.491943359375,2.091487169265747,0.0,,0.0,0.0,0.0,225.0,17.871197509765622,17.871197509765622,Leave_One_experiments/all_year_offline_schedule_search/daily_outputs/FQA/FQA_2013_FQA2013_normal_grid_S0019_daily.csv
FQA,FQA,Fengqiu,2013,Leave_One_experiments\wth_generated_qc\FQA\FQA2013.WTH,wet_year;nitrogen_stress_year;low_response_year,wet,FQA2013_normal_grid_S0019,pareto_balanced,2013-08-20,232,76,71,"{""sim_day"": 76.0, ""doy"": 232.0, ""topwt"": 9513.45947265625, ""grnwt"": 2842.3504638671875, ""xlai"": 2.0606436729431152, ""totir"": 0.0, ""tofer"": NaN, ""swfac"": 0.0, ""nstres"": 0.0}",0.0,0.0,9513.45947265625,2842.3504638671875,2.0606436729431152,0.0,,0.0,0.0,0.0,225.0,17.871197509765622,17.871197509765622,Leave_One_experiments/all_year_offline_schedule_search/daily_outputs/FQA/FQA_2013_FQA2013_normal_grid_S0019_daily.csv
FQA,FQA,Fengqiu,2013,Leave_One_experiments\wth_generated_qc\FQA\FQA2013.WTH,wet_year;nitrogen_stress_year;low_response_year,wet,FQA2013_normal_grid_S0019,pareto_balanced,2013-08-21,233,77,72,"{""sim_day"": 77.0, ""doy"": 233.0, ""topwt"": 9878.84765625, ""grnwt"": 3359.141540527344, ""xlai"": 2.025637149810791, ""totir"": 0.0, ""tofer"": NaN, ""swfac"": 0.0, ""nstres"": 0.0}",0.0,0.0,9878.84765625,3359.141540527344,2.025637149810791,0.0,,0.0,0.0,0.0,225.0,17.871197509765622,17.871197509765622,Leave_One_experiments/all_year_offline_schedule_search/daily_outputs/FQA/FQA_2013_FQA2013_normal_grid_S0019_daily.csv
FQA,FQA,Fengqiu,2013,Leave_One_experiments\wth_generated_qc\FQA\FQA2013.WTH,wet_year;nitrogen_stress_year;low_response_year,wet,FQA2013_normal_grid_S0019,pareto_balanced,2013-08-22,234,78,73,"{""sim_day"": 78.0, ""doy"": 234.0, ""topwt"": 10149.815673828123, ""grnwt"": 3788.681945800781, ""xlai"": 1.9835339784622192, ""totir"": 0.0, ""tofer"": NaN, ""swfac"": 0.0, ""nstres"": 0.0}",0.0,0.0,10149.815673828123,3788.681945800781,1.9835339784622192,0.0,,0.0,0.0,0.0,225.0,17.871197509765622,17.871197509765622,Leave_One_experiments/all_year_offline_schedule_search/daily_outputs/FQA/FQA_2013_FQA2013_normal_grid_S0019_daily.csv
FQA,FQA,Fengqiu,2013,Leave_One_experiments\wth_generated_qc\FQA\FQA2013.WTH,wet_year;nitrogen_stress_year;low_response_year,wet,FQA2013_normal_grid_S0019,pareto_balanced,2013-08-23,235,79,74,"{""sim_day"": 79.0, ""doy"": 235.0, ""topwt"": 10207.285766601562, ""grnwt"": 3986.334228515625, ""xlai"": 1.9386742115020752, ""totir"": 0.0, ""tofer"": NaN, ""swfac"": 0.0, ""nstres"": 0.0}",0.0,0.0,10207.285766601562,3986.334228515625,1.9386742115020752,0.0,,0.0,0.0,0.0,225.0,17.871197509765622,17.871197509765622,Leave_One_experiments/all_year_offline_schedule_search/daily_outputs/FQA/FQA_2013_FQA2013_normal_grid_S0019_daily.csv
FQA,FQA,Fengqiu,2013,Leave_One_experiments\wth_generated_qc\FQA\FQA2013.WTH,wet_year;nitrogen_stress_year;low_response_year,wet,FQA2013_normal_grid_S0019,pareto_balanced,2013-08-24,236,80,75,"{""sim_day"": 80.0, ""doy"": 236.0, ""topwt"": 10424.68017578125, ""grnwt"": 4203.728332519531, ""xlai"": 1.8908313512802124, ""totir"": 0.0, ""tofer"": NaN, ""swfac"": 0.0, ""nstres"": 0.0}",0.0,0.0,10424.68017578125,4203.728332519531,1.8908313512802124,0.0,,0.0,0.0,0.0,225.0,17.871197509765622,17.871197509765622,Leave_One_experiments/all_year_offline_schedule_search/daily_outputs/FQA/FQA_2013_FQA2013_normal_grid_S0019_daily.csv
FQA,FQA,Fengqiu,2013,Leave_One_experiments\wth_generated_qc\FQA\FQA2013.WTH,wet_year;nitrogen_stress_year;low_response_year,wet,FQA2013_normal_grid_S0019,pareto_balanced,2013-08-25,237,81,76,"{""sim_day"": 81.0, ""doy"": 237.0, ""topwt"": 10763.03955078125, ""grnwt"": 4542.088623046875, ""xlai"": 1.8402941226959229, ""totir"": 0.0, ""tofer"": NaN, ""swfac"": 0.0, ""nstres"": 0.0}",0.0,0.0,10763.03955078125,4542.088623046875,1.8402941226959229,0.0,,0.0,0.0,0.0,225.0,17.871197509765622,17.871197509765622,Leave_One_experiments/all_year_offline_schedule_search/daily_outputs/FQA/FQA_2013_FQA2013_normal_grid_S0019_daily.csv
FQA,FQA,Fengqiu,2013,Leave_One_experiments\wth_generated_qc\FQA\FQA2013.WTH,wet_year;nitrogen_stress_year;low_response_year,wet,FQA2013_normal_grid_S0019,pareto_balanced,2013-08-26,238,82,77,"{""sim_day"": 82.0, ""doy"": 238.0, ""topwt"": 10988.6376953125, ""grnwt"": 4767.687072753906, ""xlai"": 1.78391695022583, ""totir"": 0.0, ""tofer"": NaN, ""swfac"": 0.0, ""nstres"": 0.0}",0.0,0.0,10988.6376953125,4767.687072753906,1.78391695022583,0.0,,0.0,0.0,0.0,225.0,17.871197509765622,17.871197509765622,Leave_One_experiments/all_year_offline_schedule_search/daily_outputs/FQA/FQA_2013_FQA2013_normal_grid_S0019_daily.csv
FQA,FQA,Fengqiu,2013,Leave_One_experiments\wth_generated_qc\FQA\FQA2013.WTH,wet_year;nitrogen_stress_year;low_response_year,wet,FQA2013_normal_grid_S0019,pareto_balanced,2013-08-27,239,83,78,"{""sim_day"": 83.0, ""doy"": 239.0, ""topwt"": 11210.69091796875, ""grnwt"": 4989.740295410156, ""xlai"": 1.7141780853271484, ""totir"": 0.0, ""tofer"": NaN, ""swfac"": 0.0, ""nstres"": 0.0}",0.0,0.0,11210.69091796875,4989.740295410156,1.7141780853271484,0.0,,0.0,0.0,0.0,225.0,17.871197509765622,17.871197509765622,Leave_One_experiments/all_year_offline_schedule_search/daily_outputs/FQA/FQA_2013_FQA2013_normal_grid_S0019_daily.csv
FQA,FQA,Fengqiu,2013,Leave_One_experiments\wth_generated_qc\FQA\FQA2013.WTH,wet_year;nitrogen_stress_year;low_response_year,wet,FQA2013_normal_grid_S0019,pareto_balanced,2013-08-28,240,84,79,"{""sim_day"": 84.0, ""doy"": 240.0, ""topwt"": 11487.63916015625, ""grnwt"": 5244.7796630859375, ""xlai"": 1.633326768875122, ""totir"": 0.0, ""tofer"": NaN, ""swfac"": 0.0, ""nstres"": 0.0}",0.0,0.0,11487.63916015625,5244.7796630859375,1.633326768875122,0.0,,0.0,0.0,0.0,225.0,17.871197509765622,17.871197509765622,Leave_One_experiments/all_year_offline_schedule_search/daily_outputs/FQA/FQA_2013_FQA2013_normal_grid_S0019_daily.csv
FQA,FQA,Fengqiu,2013,Leave_One_experiments\wth_generated_qc\FQA\FQA2013.WTH,wet_year;nitrogen_stress_year;low_response_year,wet,FQA2013_normal_grid_S0019,pareto_balanced,2013-08-29,241,85,80,"{""sim_day"": 85.0, ""doy"": 241.0, ""topwt"": 11800.74951171875, ""grnwt"": 5579.798583984375, ""xlai"": 1.5717865228652954, ""totir"": 0.0, ""tofer"": NaN, ""swfac"": 0.0, ""nstres"": 0.0}",0.0,0.0,11800.74951171875,5579.798583984375,1.5717865228652954,0.0,,0.0,0.0,0.0,225.0,17.871197509765622,17.871197509765622,Leave_One_experiments/all_year_offline_schedule_search/daily_outputs/FQA/FQA_2013_FQA2013_normal_grid_S0019_daily.csv
FQA,FQA,Fengqiu,2013,Leave_One_experiments\wth_generated_qc\FQA\FQA2013.WTH,wet_year;nitrogen_stress_year;low_response_year,wet,FQA2013_normal_grid_S0019,pareto_balanced,2013-08-30,242,86,81,"{""sim_day"": 86.0, ""doy"": 242.0, ""topwt"": 12137.12646484375, ""grnwt"": 5916.175537109375, ""xlai"": 1.5161428451538086, ""totir"": 0.0, ""tofer"": NaN, ""swfac"": 0.0, ""nstres"": 0.0}",0.0,0.0,12137.12646484375,5916.175537109375,1.5161428451538086,0.0,,0.0,0.0,0.0,225.0,17.871197509765622,17.871197509765622,Leave_One_experiments/all_year_offline_schedule_search/daily_outputs/FQA/FQA_2013_FQA2013_normal_grid_S0019_daily.csv
FQA,FQA,Fengqiu,2013,Leave_One_experiments\wth_generated_qc\FQA\FQA2013.WTH,wet_year;nitrogen_stress_year;low_response_year,wet,FQA2013_normal_grid_S0019,pareto_balanced,2013-08-31,243,87,82,"{""sim_day"": 87.0, ""doy"": 243.0, ""topwt"": 12443.355712890623, ""grnwt"": 6222.404174804688, ""xlai"": 1.4566181898117063, ""totir"": 0.0, ""tofer"": NaN, ""swfac"": 0.0, ""nstres"": 0.0}",0.0,0.0,12443.355712890623,6222.404174804688,1.4566181898117063,0.0,,0.0,0.0,0.0,225.0,17.871197509765622,17.871197509765622,Leave_One_experiments/all_year_offline_schedule_search/daily_outputs/FQA/FQA_2013_FQA2013_normal_grid_S0019_daily.csv
FQA,FQA,Fengqiu,2013,Leave_One_experiments\wth_generated_qc\FQA\FQA2013.WTH,wet_year;nitrogen_stress_year;low_response_year,wet,FQA2013_normal_grid_S0019,pareto_balanced,2013-09-01,244,88,83,"{""sim_day"": 88.0, ""doy"": 244.0, ""topwt"": 12628.509521484377, ""grnwt"": 6407.5579833984375, ""xlai"": 1.394416570663452, ""totir"": 0.0, ""tofer"": NaN, ""swfac"": 0.0, ""nstres"": 0.0}",0.0,0.0,12628.509521484377,6407.5579833984375,1.394416570663452,0.0,,0.0,0.0,0.0,225.0,17.871197509765622,17.871197509765622,Leave_One_experiments/all_year_offline_schedule_search/daily_outputs/FQA/FQA_2013_FQA2013_normal_grid_S0019_daily.csv
FQA,FQA,Fengqiu,2013,Leave_One_experiments\wth_generated_qc\FQA\FQA2013.WTH,wet_year;nitrogen_stress_year;low_response_year,wet,FQA2013_normal_grid_S0019,pareto_balanced,2013-09-02,245,89,84,"{""sim_day"": 89.0, ""doy"": 245.0, ""topwt"": 12921.357421875, ""grnwt"": 6700.405883789063, ""xlai"": 1.3262879848480225, ""totir"": 0.0, ""tofer"": NaN, ""swfac"": 0.0, ""nstres"": 0.0}",0.0,0.0,12921.357421875,6700.405883789063,1.3262879848480225,0.0,,0.0,0.0,0.0,225.0,17.871197509765622,17.871197509765622,Leave_One_experiments/all_year_offline_schedule_search/daily_outputs/FQA/FQA_2013_FQA2013_normal_grid_S0019_daily.csv
FQA,FQA,Fengqiu,2013,Leave_One_experiments\wth_generated_qc\FQA\FQA2013.WTH,wet_year;nitrogen_stress_year;low_response_year,wet,FQA2013_normal_grid_S0019,pareto_balanced,2013-09-03,246,90,85,"{""sim_day"": 90.0, ""doy"": 246.0, ""topwt"": 13086.20361328125, ""grnwt"": 6865.252685546875, ""xlai"": 1.2454078197479248, ""totir"": 0.0, ""tofer"": NaN, ""swfac"": 0.0, ""nstres"": 0.0}",0.0,0.0,13086.20361328125,6865.252685546875,1.2454078197479248,0.0,,0.0,0.0,0.0,225.0,17.871197509765622,17.871197509765622,Leave_One_experiments/all_year_offline_schedule_search/daily_outputs/FQA/FQA_2013_FQA2013_normal_grid_S0019_daily.csv
FQA,FQA,Fengqiu,2013,Leave_One_experiments\wth_generated_qc\FQA\FQA2013.WTH,wet_year;nitrogen_stress_year;low_response_year,wet,FQA2013_normal_grid_S0019,pareto_balanced,2013-09-04,247,91,86,"{""sim_day"": 91.0, ""doy"": 247.0, ""topwt"": 13210.53955078125, ""grnwt"": 6989.588623046875, ""xlai"": 1.1757363080978394, ""totir"": 0.0, ""tofer"": NaN, ""swfac"": 0.0, ""nstres"": 0.0}",0.0,0.0,13210.53955078125,6989.588623046875,1.1757363080978394,0.0,,0.0,0.0,0.0,225.0,17.871197509765622,17.871197509765622,Leave_One_experiments/all_year_offline_schedule_search/daily_outputs/FQA/FQA_2013_FQA2013_normal_grid_S0019_daily.csv
FQA,FQA,Fengqiu,2013,Leave_One_experiments\wth_generated_qc\FQA\FQA2013.WTH,wet_year;nitrogen_stress_year;low_response_year,wet,FQA2013_normal_grid_S0019,pareto_balanced,2013-09-05,248,92,87,"{""sim_day"": 92.0, ""doy"": 248.0, ""topwt"": 13439.56787109375, ""grnwt"": 7218.61572265625, ""xlai"": 1.092485785484314, ""totir"": 0.0, ""tofer"": NaN, ""swfac"": 0.0, ""nstres"": 0.0}",0.0,0.0,13439.56787109375,7218.61572265625,1.092485785484314,0.0,,0.0,0.0,0.0,225.0,17.871197509765622,17.871197509765622,Leave_One_experiments/all_year_offline_schedule_search/daily_outputs/FQA/FQA_2013_FQA2013_normal_grid_S0019_daily.csv
FQA,FQA,Fengqiu,2013,Leave_One_experiments\wth_generated_qc\FQA\FQA2013.WTH,wet_year;nitrogen_stress_year;low_response_year,wet,FQA2013_normal_grid_S0019,pareto_balanced,2013-09-06,249,93,88,"{""sim_day"": 93.0, ""doy"": 249.0, ""topwt"": 13633.0712890625, ""grnwt"": 7412.119750976562, ""xlai"": 0.9980044960975648, ""totir"": 0.0, ""tofer"": NaN, ""swfac"": 0.0, ""nstres"": 0.0}",0.0,0.0,13633.0712890625,7412.119750976562,0.9980044960975648,0.0,,0.0,0.0,0.0,225.0,17.871197509765622,17.871197509765622,Leave_One_experiments/all_year_offline_schedule_search/daily_outputs/FQA/FQA_2013_FQA2013_normal_grid_S0019_daily.csv
FQA,FQA,Fengqiu,2013,Leave_One_experiments\wth_generated_qc\FQA\FQA2013.WTH,wet_year;nitrogen_stress_year;low_response_year,wet,FQA2013_normal_grid_S0019,pareto_balanced,2013-09-07,250,94,89,"{""sim_day"": 94.0, ""doy"": 250.0, ""topwt"": 13633.0712890625, ""grnwt"": 7412.119750976562, ""xlai"": 0.9980044960975648, ""totir"": 0.0, ""tofer"": NaN, ""swfac"": 0.0, ""nstres"": 0.0}",0.0,0.0,13633.0712890625,7412.119750976562,0.9980044960975648,0.0,,0.0,0.0,0.0,225.0,17.871197509765622,17.871197509765622,Leave_One_experiments/all_year_offline_schedule_search/daily_outputs/FQA/FQA_2013_FQA2013_normal_grid_S0019_daily.csv
FQA,FQA,Fengqiu,2013,Leave_One_experiments\wth_generated_qc\FQA\FQA2013.WTH,wet_year;nitrogen_stress_year;low_response_year,wet,FQA2013_normal_grid_S0019,pareto_balanced,2013-09-08,251,95,90,"{""sim_day"": 95.0, ""doy"": 251.0, ""topwt"": 13633.0712890625, ""grnwt"": 7412.119750976562, ""xlai"": 0.9980044960975648, ""totir"": 0.0, ""tofer"": NaN, ""swfac"": 0.0, ""nstres"": 0.0}",0.0,0.0,13633.0712890625,7412.119750976562,0.9980044960975648,0.0,,0.0,0.0,0.0,225.0,17.871197509765622,17.871197509765622,Leave_One_experiments/all_year_offline_schedule_search/daily_outputs/FQA/FQA_2013_FQA2013_normal_grid_S0019_daily.csv
FQA,FQA,Fengqiu,2013,Leave_One_experiments\wth_generated_qc\FQA\FQA2013.WTH,wet_year;nitrogen_stress_year;low_response_year,wet,FQA2013_normal_grid_S0019,pareto_balanced,2013-09-09,252,96,91,"{""sim_day"": 96.0, ""doy"": 252.0, ""topwt"": 13633.0712890625, ""grnwt"": 7412.119750976562, ""xlai"": 0.9980044960975648, ""totir"": 0.0, ""tofer"": NaN, ""swfac"": 0.0, ""nstres"": 0.0}",0.0,0.0,13633.0712890625,7412.119750976562,0.9980044960975648,0.0,,0.0,0.0,0.0,225.0,17.871197509765622,17.871197509765622,Leave_One_experiments/all_year_offline_schedule_search/daily_outputs/FQA/FQA_2013_FQA2013_normal_grid_S0019_daily.csv
FQA,FQA,Fengqiu,2013,Leave_One_experiments\wth_generated_qc\FQA\FQA2013.WTH,wet_year;nitrogen_stress_year;low_response_year,wet,FQA2013_normal_grid_S0031,pareto_balanced,2013-06-11,162,1,1,"{""sim_day"": 1.0, ""doy"": 162.0, ""topwt"": 0.0, ""grnwt"": 0.0, ""xlai"": 0.0, ""totir"": 0.0, ""tofer"": NaN, ""swfac"": 0.0, ""nstres"": 0.0}",0.0,0.0,0.0,0.0,0.0,0.0,,0.0,80.0,30.0,180.0,14.121539306640628,26.121539306640628,Leave_One_experiments/all_year_offline_schedule_search/daily_outputs/FQA/FQA_2013_FQA2013_normal_grid_S0031_daily.csv
FQA,FQA,Fengqiu,2013,Leave_One_experiments\wth_generated_qc\FQA\FQA2013.WTH,wet_year;nitrogen_stress_year;low_response_year,wet,FQA2013_normal_grid_S0031,pareto_balanced,2013-06-12,163,2,2,"{""sim_day"": 2.0, ""doy"": 163.0, ""topwt"": 0.0, ""grnwt"": 0.0, ""xlai"": 0.0, ""totir"": 0.0, ""tofer"": NaN, ""swfac"": 0.0, ""nstres"": 0.0}",0.0,0.0,0.0,0.0,0.0,0.0,,0.0,0.0,30.0,180.0,14.121539306640628,26.121539306640628,Leave_One_experiments/all_year_offline_schedule_search/daily_outputs/FQA/FQA_2013_FQA2013_normal_grid_S0031_daily.csv
FQA,FQA,Fengqiu,2013,Leave_One_experiments\wth_generated_qc\FQA\FQA2013.WTH,wet_year;nitrogen_stress_year;low_response_year,wet,FQA2013_normal_grid_S0031,pareto_balanced,2013-06-13,164,3,3,"{""sim_day"": 3.0, ""doy"": 164.0, ""topwt"": 0.0, ""grnwt"": 0.0, ""xlai"": 0.0, ""totir"": 0.0, ""tofer"": NaN, ""swfac"": 0.0, ""nstres"": 0.0}",0.0,0.0,0.0,0.0,0.0,0.0,,0.0,0.0,30.0,180.0,14.121539306640628,26.121539306640628,Leave_One_experiments/all_year_offline_schedule_search/daily_outputs/FQA/FQA_2013_FQA2013_normal_grid_S0031_daily.csv
FQA,FQA,Fengqiu,2013,Leave_One_experiments\wth_generated_qc\FQA\FQA2013.WTH,wet_year;nitrogen_stress_year;low_response_year,wet,FQA2013_normal_grid_S0031,pareto_balanced,2013-06-14,165,4,4,"{""sim_day"": 4.0, ""doy"": 165.0, ""topwt"": 0.0, ""grnwt"": 0.0, ""xlai"": 0.0, ""totir"": 0.0, ""tofer"": NaN, ""swfac"": 0.0, ""nstres"": 0.0}",0.0,0.0,0.0,0.0,0.0,0.0,,0.0,0.0,30.0,180.0,14.121539306640628,26.121539306640628,Leave_One_experiments/all_year_offline_schedule_search/daily_outputs/FQA/FQA_2013_FQA2013_normal_grid_S0031_daily.csv
FQA,FQA,Fengqiu,2013,Leave_One_experiments\wth_generated_qc\FQA\FQA2013.WTH,wet_year;nitrogen_stress_year;low_response_year,wet,FQA2013_normal_grid_S0031,pareto_balanced,2013-06-15,166,5,5,"{""sim_day"": 5.0, ""doy"": 166.0, ""topwt"": 0.0, ""grnwt"": 0.0, ""xlai"": 0.0, ""totir"": 0.0, ""tofer"": NaN, ""swfac"": 0.0, ""nstres"": 0.0}",0.0,0.0,0.0,0.0,0.0,0.0,,0.0,0.0,30.0,180.0,14.121539306640628,26.121539306640628,Leave_One_experiments/all_year_offline_schedule_search/daily_outputs/FQA/FQA_2013_FQA2013_normal_grid_S0031_daily.csv
FQA,FQA,Fengqiu,2013,Leave_One_experiments\wth_generated_qc\FQA\FQA2013.WTH,wet_year;nitrogen_stress_year;low_response_year,wet,FQA2013_normal_grid_S0031,pareto_balanced,2013-06-11,162,6,1,"{""sim_day"": 6.0, ""doy"": 162.0, ""topwt"": 0.0, ""grnwt"": 0.0, ""xlai"": 0.0, ""totir"": 0.0, ""tofer"": NaN, ""swfac"": 0.0, ""nstres"": 0.0}",0.0,0.0,0.0,0.0,0.0,0.0,,0.0,0.0,30.0,180.0,14.121539306640628,26.121539306640628,Leave_One_experiments/all_year_offline_schedule_search/daily_outputs/FQA/FQA_2013_FQA2013_normal_grid_S0031_daily.csv
FQA,FQA,Fengqiu,2013,Leave_One_experiments\wth_generated_qc\FQA\FQA2013.WTH,wet_year;nitrogen_stress_year;low_response_year,wet,FQA2013_normal_grid_S0031,pareto_balanced,2013-06-12,163,7,2,"{""sim_day"": 7.0, ""doy"": 163.0, ""topwt"": 0.0, ""grnwt"": 0.0, ""xlai"": 0.0, ""totir"": 0.0, ""tofer"": NaN, ""swfac"": 0.0, ""nstres"": 0.0}",0.0,0.0,0.0,0.0,0.0,0.0,,0.0,0.0,30.0,180.0,14.121539306640628,26.121539306640628,Leave_One_experiments/all_year_offline_schedule_search/daily_outputs/FQA/FQA_2013_FQA2013_normal_grid_S0031_daily.csv
FQA,FQA,Fengqiu,2013,Leave_One_experiments\wth_generated_qc\FQA\FQA2013.WTH,wet_year;nitrogen_stress_year;low_response_year,wet,FQA2013_normal_grid_S0031,pareto_balanced,2013-06-13,164,8,3,"{""sim_day"": 8.0, ""doy"": 164.0, ""topwt"": 0.0, ""grnwt"": 0.0, ""xlai"": 0.0, ""totir"": 0.0, ""tofer"": NaN, ""swfac"": 0.0, ""nstres"": 0.0}",0.0,0.0,0.0,0.0,0.0,0.0,,0.0,0.0,30.0,180.0,14.121539306640628,26.121539306640628,Leave_One_experiments/all_year_offline_schedule_search/daily_outputs/FQA/FQA_2013_FQA2013_normal_grid_S0031_daily.csv
FQA,FQA,Fengqiu,2013,Leave_One_experiments\wth_generated_qc\FQA\FQA2013.WTH,wet_year;nitrogen_stress_year;low_response_year,wet,FQA2013_normal_grid_S0031,pareto_balanced,2013-06-14,165,9,4,"{""sim_day"": 9.0, ""doy"": 165.0, ""topwt"": 0.0, ""grnwt"": 0.0, ""xlai"": 0.0, ""totir"": 0.0, ""tofer"": NaN, ""swfac"": 0.0, ""nstres"": 0.0}",0.0,0.0,0.0,0.0,0.0,0.0,,0.0,0.0,30.0,180.0,14.121539306640628,26.121539306640628,Leave_One_experiments/all_year_offline_schedule_search/daily_outputs/FQA/FQA_2013_FQA2013_normal_grid_S0031_daily.csv
FQA,FQA,Fengqiu,2013,Leave_One_experiments\wth_generated_qc\FQA\FQA2013.WTH,wet_year;nitrogen_stress_year;low_response_year,wet,FQA2013_normal_grid_S0031,pareto_balanced,2013-06-15,166,10,5,"{""sim_day"": 10.0, ""doy"": 166.0, ""topwt"": 32.00000047683716, ""grnwt"": 0.0, ""xlai"": 0.003542817896232, ""totir"": 0.0, ""tofer"": NaN, ""swfac"": 0.0, ""nstres"": 0.0121910572052001}",0.0,0.0121910572052001,32.00000047683716,0.0,0.003542817896232,0.0,,0.0,0.0,30.0,180.0,14.121539306640628,26.121539306640628,Leave_One_experiments/all_year_offline_schedule_search/daily_outputs/FQA/FQA_2013_FQA2013_normal_grid_S0031_daily.csv
FQA,FQA,Fengqiu,2013,Leave_One_experiments\wth_generated_qc\FQA\FQA2013.WTH,wet_year;nitrogen_stress_year;low_response_year,wet,FQA2013_normal_grid_S0031,pareto_balanced,2013-06-16,167,11,6,"{""sim_day"": 11.0, ""doy"": 167.0, ""topwt"": 32.00000047683716, ""grnwt"": 0.0, ""xlai"": 0.0068104299716651, ""totir"": 0.0, ""tofer"": NaN, ""swfac"": 0.0, ""nstres"": 0.0}",0.0,0.0,32.00000047683716,0.0,0.0068104299716651,0.0,,0.0,0.0,30.0,180.0,14.121539306640628,26.121539306640628,Leave_One_experiments/all_year_offline_schedule_search/daily_outputs/FQA/FQA_2013_FQA2013_normal_grid_S0031_daily.csv
FQA,FQA,Fengqiu,2013,Leave_One_experiments\wth_generated_qc\FQA\FQA2013.WTH,wet_year;nitrogen_stress_year;low_response_year,wet,FQA2013_normal_grid_S0031,pareto_balanced,2013-06-17,168,12,7,"{""sim_day"": 12.0, ""doy"": 168.0, ""topwt"": 32.00000047683716, ""grnwt"": 0.0, ""xlai"": 0.0098160924389958, ""totir"": 0.0, ""tofer"": NaN, ""swfac"": 0.0, ""nstres"": 0.0}",0.0,0.0,32.00000047683716,0.0,0.0098160924389958,0.0,,0.0,0.0,30.0,180.0,14.121539306640628,26.121539306640628,Leave_One_experiments/all_year_offline_schedule_search/daily_outputs/FQA/FQA_2013_FQA2013_normal_grid_S0031_daily.csv
FQA,FQA,Fengqiu,2013,Leave_One_experiments\wth_generated_qc\FQA\FQA2013.WTH,wet_year;nitrogen_stress_year;low_response_year,wet,FQA2013_normal_grid_S0031,pareto_balanced,2013-06-18,169,13,8,"{""sim_day"": 13.0, ""doy"": 169.0, ""topwt"": 32.00000047683716, ""grnwt"": 0.0, ""xlai"": 0.0133564453572034, ""totir"": 0.0, ""tofer"": NaN, ""swfac"": 0.0, ""nstres"": 0.0}",0.0,0.0,32.00000047683716,0.0,0.0133564453572034,0.0,,0.0,0.0,30.0,180.0,14.121539306640628,26.121539306640628,Leave_One_experiments/all_year_offline_schedule_search/daily_outputs/FQA/FQA_2013_FQA2013_normal_grid_S0031_daily.csv
FQA,FQA,Fengqiu,2013,Leave_One_experiments\wth_generated_qc\FQA\FQA2013.WTH,wet_year;nitrogen_stress_year;low_response_year,wet,FQA2013_normal_grid_S0031,pareto_balanced,2013-06-19,170,14,9,"{""sim_day"": 14.0, ""doy"": 170.0, ""topwt"": 32.00000047683716, ""grnwt"": 0.0, ""xlai"": 0.0173755548894405, ""totir"": 0.0, ""tofer"": NaN, ""swfac"": 0.0, ""nstres"": 0.0}",0.0,0.0,32.00000047683716,0.0,0.0173755548894405,0.0,,0.0,0.0,30.0,180.0,14.121539306640628,26.121539306640628,Leave_One_experiments/all_year_offline_schedule_search/daily_outputs/FQA/FQA_2013_FQA2013_normal_grid_S0031_daily.csv
FQA,FQA,Fengqiu,2013,Leave_One_experiments\wth_generated_qc\FQA\FQA2013.WTH,wet_year;nitrogen_stress_year;low_response_year,wet,FQA2013_normal_grid_S0031,pareto_balanced,2013-06-20,171,15,10,"{""sim_day"": 15.0, ""doy"": 171.0, ""topwt"": 32.00000047683716, ""grnwt"": 0.0, ""xlai"": 0.0208528526127338, ""totir"": 0.0, ""tofer"": NaN, ""swfac"": 0.0, ""nstres"": 0.0}",0.0,0.0,32.00000047683716,0.0,0.0208528526127338,0.0,,0.0,0.0,30.0,180.0,14.121539306640628,26.121539306640628,Leave_One_experiments/all_year_offline_schedule_search/daily_outputs/FQA/FQA_2013_FQA2013_normal_grid_S0031_daily.csv
FQA,FQA,Fengqiu,2013,Leave_One_experiments\wth_generated_qc\FQA\FQA2013.WTH,wet_year;nitrogen_stress_year;low_response_year,wet,FQA2013_normal_grid_S0031,pareto_balanced,2013-06-21,172,16,11,"{""sim_day"": 16.0, ""doy"": 172.0, ""topwt"": 23.84869337081909, ""grnwt"": 0.0, ""xlai"": 0.0331518873572349, ""totir"": 0.0, ""tofer"": NaN, ""swfac"": 0.0, ""nstres"": 0.0}",0.0,0.0,23.84869337081909,0.0,0.0331518873572349,0.0,,0.0,0.0,30.0,180.0,14.121539306640628,26.121539306640628,Leave_One_experiments/all_year_offline_schedule_search/daily_outputs/FQA/FQA_2013_FQA2013_normal_grid_S0031_daily.csv
FQA,FQA,Fengqiu,2013,Leave_One_experiments\wth_generated_qc\FQA\FQA2013.WTH,wet_year;nitrogen_stress_year;low_response_year,wet,FQA2013_normal_grid_S0031,pareto_balanced,2013-06-22,173,17,12,"{""sim_day"": 17.0, ""doy"": 173.0, ""topwt"": 28.248732089996334, ""grnwt"": 0.0, ""xlai"": 0.0472590774297714, ""totir"": 0.0, ""tofer"": NaN, ""swfac"": 0.0, ""nstres"": 0.0}",0.0,0.0,28.248732089996334,0.0,0.0472590774297714,0.0,,0.0,0.0,30.0,180.0,14.121539306640628,26.121539306640628,Leave_One_experiments/all_year_offline_schedule_search/daily_outputs/FQA/FQA_2013_FQA2013_normal_grid_S0031_daily.csv
FQA,FQA,Fengqiu,2013,Leave_One_experiments\wth_generated_qc\FQA\FQA2013.WTH,wet_year;nitrogen_stress_year;low_response_year,wet,FQA2013_normal_grid_S0031,pareto_balanced,2013-06-23,174,18,13,"{""sim_day"": 18.0, ""doy"": 174.0, ""topwt"": 33.70046615600586, ""grnwt"": 0.0, ""xlai"": 0.0633482336997985, ""totir"": 0.0, ""tofer"": NaN, ""swfac"": 0.0, ""nstres"": 0.0}",0.0,0.0,33.70046615600586,0.0,0.0633482336997985,0.0,,0.0,0.0,30.0,180.0,14.121539306640628,26.121539306640628,Leave_One_experiments/all_year_offline_schedule_search/daily_outputs/FQA/FQA_2013_FQA2013_normal_grid_S0031_daily.csv
FQA,FQA,Fengqiu,2013,Leave_One_experiments\wth_generated_qc\FQA\FQA2013.WTH,wet_year;nitrogen_stress_year;low_response_year,wet,FQA2013_normal_grid_S0031,pareto_balanced,2013-06-24,175,19,14,"{""sim_day"": 19.0, ""doy"": 175.0, ""topwt"": 40.98158836364746, ""grnwt"": 0.0, ""xlai"": 0.0833106562495231, ""totir"": 0.0, ""tofer"": NaN, ""swfac"": 0.0, ""nstres"": 0.0}",0.0,0.0,40.98158836364746,0.0,0.0833106562495231,0.0,,0.0,0.0,30.0,180.0,14.121539306640628,26.121539306640628,Leave_One_experiments/all_year_offline_schedule_search/daily_outputs/FQA/FQA_2013_FQA2013_normal_grid_S0031_daily.csv
FQA,FQA,Fengqiu,2013,Leave_One_experiments\wth_generated_qc\FQA\FQA2013.WTH,wet_year;nitrogen_stress_year;low_response_year,wet,FQA2013_normal_grid_S0031,pareto_balanced,2013-06-25,176,20,15,"{""sim_day"": 20.0, ""doy"": 176.0, ""topwt"": 48.29512596130371, ""grnwt"": 0.0, ""xlai"": 0.1021565049886703, ""totir"": 0.0, ""tofer"": NaN, ""swfac"": 0.0, ""nstres"": 0.0}",0.0,0.0,48.29512596130371,0.0,0.1021565049886703,0.0,,0.0,0.0,30.0,180.0,14.121539306640628,26.121539306640628,Leave_One_experiments/all_year_offline_schedule_search/daily_outputs/FQA/FQA_2013_FQA2013_normal_grid_S0031_daily.csv
FQA,FQA,Fengqiu,2013,Leave_One_experiments\wth_generated_qc\FQA\FQA2013.WTH,wet_year;nitrogen_stress_year;low_response_year,wet,FQA2013_normal_grid_S0031,pareto_balanced,2013-06-26,177,21,16,"{""sim_day"": 21.0, ""doy"": 177.0, ""topwt"": 58.70063304901123, ""grnwt"": 0.0, ""xlai"": 0.1274983137845993, ""totir"": 0.0, ""tofer"": NaN, ""swfac"": 0.0, ""nstres"": 0.0}",0.0,0.0,58.70063304901123,0.0,0.1274983137845993,0.0,,0.0,0.0,30.0,180.0,14.121539306640628,26.121539306640628,Leave_One_experiments/all_year_offline_schedule_search/daily_outputs/FQA/FQA_2013_FQA2013_normal_grid_S0031_daily.csv
FQA,FQA,Fengqiu,2013,Leave_One_experiments\wth_generated_qc\FQA\FQA2013.WTH,wet_year;nitrogen_stress_year;low_response_year,wet,FQA2013_normal_grid_S0031,pareto_balanced,2013-06-27,178,22,17,"{""sim_day"": 22.0, ""doy"": 178.0, ""topwt"": 71.35904788970947, ""grnwt"": 0.0, ""xlai"": 0.1566244214773178, ""totir"": 0.0, ""tofer"": NaN, ""swfac"": 0.0, ""nstres"": 0.0}",0.0,0.0,71.35904788970947,0.0,0.1566244214773178,0.0,,0.0,0.0,30.0,180.0,14.121539306640628,26.121539306640628,Leave_One_experiments/all_year_offline_schedule_search/daily_outputs/FQA/FQA_2013_FQA2013_normal_grid_S0031_daily.csv
FQA,FQA,Fengqiu,2013,Leave_One_experiments\wth_generated_qc\FQA\FQA2013.WTH,wet_year;nitrogen_stress_year;low_response_year,wet,FQA2013_normal_grid_S0031,pareto_balanced,2013-06-28,179,23,18,"{""sim_day"": 23.0, ""doy"": 179.0, ""topwt"": 84.37240600585938, ""grnwt"": 0.0, ""xlai"": 0.1851120293140411, ""totir"": 0.0, ""tofer"": NaN, ""swfac"": 0.0, ""nstres"": 0.0}",0.0,0.0,84.37240600585938,0.0,0.1851120293140411,0.0,,0.0,0.0,30.0,180.0,14.121539306640628,26.121539306640628,Leave_One_experiments/all_year_offline_schedule_search/daily_outputs/FQA/FQA_2013_FQA2013_normal_grid_S0031_daily.csv
FQA,FQA,Fengqiu,2013,Leave_One_experiments\wth_generated_qc\FQA\FQA2013.WTH,wet_year;nitrogen_stress_year;low_response_year,wet,FQA2013_normal_grid_S0031,pareto_balanced,2013-06-29,180,24,19,"{""sim_day"": 24.0, ""doy"": 180.0, ""topwt"": 99.85020637512208, ""grnwt"": 0.0, ""xlai"": 0.2175229489803314, ""totir"": 0.0, ""tofer"": NaN, ""swfac"": 0.0, ""nstres"": 0.0}",0.0,0.0,99.85020637512208,0.0,0.2175229489803314,0.0,,0.0,0.0,30.0,180.0,14.121539306640628,26.121539306640628,Leave_One_experiments/all_year_offline_schedule_search/daily_outputs/FQA/FQA_2013_FQA2013_normal_grid_S0031_daily.csv
FQA,FQA,Fengqiu,2013,Leave_One_experiments\wth_generated_qc\FQA\FQA2013.WTH,wet_year;nitrogen_stress_year;low_response_year,wet,FQA2013_normal_grid_S0031,pareto_balanced,2013-06-30,181,25,20,"{""sim_day"": 25.0, ""doy"": 181.0, ""topwt"": 118.67403984069824, ""grnwt"": 0.0, ""xlai"": 0.2542327046394348, ""totir"": 0.0, ""tofer"": NaN, ""swfac"": 0.0, ""nstres"": 0.0}",0.0,0.0,118.67403984069824,0.0,0.2542327046394348,0.0,,0.0,0.0,30.0,180.0,14.121539306640628,26.121539306640628,Leave_One_experiments/all_year_offline_schedule_search/daily_outputs/FQA/FQA_2013_FQA2013_normal_grid_S0031_daily.csv
FQA,FQA,Fengqiu,2013,Leave_One_experiments\wth_generated_qc\FQA\FQA2013.WTH,wet_year;nitrogen_stress_year;low_response_year,wet,FQA2013_normal_grid_S0031,pareto_balanced,2013-07-01,182,26,21,"{""sim_day"": 26.0, ""doy"": 182.0, ""topwt"": 137.1714210510254, ""grnwt"": 0.0, ""xlai"": 0.2909667789936065, ""totir"": 0.0, ""tofer"": NaN, ""swfac"": 0.0, ""nstres"": 0.0}",0.0,0.0,137.1714210510254,0.0,0.2909667789936065,0.0,,0.0,0.0,30.0,180.0,14.121539306640628,26.121539306640628,Leave_One_experiments/all_year_offline_schedule_search/daily_outputs/FQA/FQA_2013_FQA2013_normal_grid_S0031_daily.csv
FQA,FQA,Fengqiu,2013,Leave_One_experiments\wth_generated_qc\FQA\FQA2013.WTH,wet_year;nitrogen_stress_year;low_response_year,wet,FQA2013_normal_grid_S0031,pareto_balanced,2013-07-02,183,27,22,"{""sim_day"": 27.0, ""doy"": 183.0, ""topwt"": 157.43685722351074, ""grnwt"": 0.0, ""xlai"": 0.3296810388565063, ""totir"": 0.0, ""tofer"": NaN, ""swfac"": 0.0, ""nstres"": 0.0}",0.0,0.0,157.43685722351074,0.0,0.3296810388565063,0.0,,0.0,0.0,30.0,180.0,14.121539306640628,26.121539306640628,Leave_One_experiments/all_year_offline_schedule_search/daily_outputs/FQA/FQA_2013_FQA2013_normal_grid_S0031_daily.csv
FQA,FQA,Fengqiu,2013,Leave_One_experiments\wth_generated_qc\FQA\FQA2013.WTH,wet_year;nitrogen_stress_year;low_response_year,wet,FQA2013_normal_grid_S0031,pareto_balanced,2013-07-03,184,28,23,"{""sim_day"": 28.0, ""doy"": 184.0, ""topwt"": 171.18885040283203, ""grnwt"": 0.0, ""xlai"": 0.355078786611557, ""totir"": 0.0, ""tofer"": NaN, ""swfac"": 0.0, ""nstres"": 0.0}",0.0,0.0,171.18885040283203,0.0,0.355078786611557,0.0,,0.0,0.0,30.0,180.0,14.121539306640628,26.121539306640628,Leave_One_experiments/all_year_offline_schedule_search/daily_outputs/FQA/FQA_2013_FQA2013_normal_grid_S0031_daily.csv
FQA,FQA,Fengqiu,2013,Leave_One_experiments\wth_generated_qc\FQA\FQA2013.WTH,wet_year;nitrogen_stress_year;low_response_year,wet,FQA2013_normal_grid_S0031,pareto_balanced,2013-07-04,185,29,24,"{""sim_day"": 29.0, ""doy"": 185.0, ""topwt"": 191.0153007507324, ""grnwt"": 0.0, ""xlai"": 0.3905094563961029, ""totir"": 0.0, ""tofer"": NaN, ""swfac"": 0.0, ""nstres"": 0.0}",0.0,0.0,191.0153007507324,0.0,0.3905094563961029,0.0,,0.0,0.0,30.0,180.0,14.121539306640628,26.121539306640628,Leave_One_experiments/all_year_offline_schedule_search/daily_outputs/FQA/FQA_2013_FQA2013_normal_grid_S0031_daily.csv
FQA,FQA,Fengqiu,2013,Leave_One_experiments\wth_generated_qc\FQA\FQA2013.WTH,wet_year;nitrogen_stress_year;low_response_year,wet,FQA2013_normal_grid_S0031,pareto_balanced,2013-07-05,186,30,25,"{""sim_day"": 30.0, ""doy"": 186.0, ""topwt"": 213.88687133789065, ""grnwt"": 0.0, ""xlai"": 0.4298600554466247, ""totir"": 0.0, ""tofer"": NaN, ""swfac"": 0.0, ""nstres"": 0.0}",0.0,0.0,213.88687133789065,0.0,0.4298600554466247,0.0,,0.0,0.0,30.0,180.0,14.121539306640628,26.121539306640628,Leave_One_experiments/all_year_offline_schedule_search/daily_outputs/FQA/FQA_2013_FQA2013_normal_grid_S0031_daily.csv
FQA,FQA,Fengqiu,2013,Leave_One_experiments\wth_generated_qc\FQA\FQA2013.WTH,wet_year;nitrogen_stress_year;low_response_year,wet,FQA2013_normal_grid_S0031,pareto_balanced,2013-07-06,187,31,26,"{""sim_day"": 31.0, ""doy"": 187.0, ""topwt"": 242.82567977905276, ""grnwt"": 0.0, ""xlai"": 0.4776237308979034, ""totir"": 0.0, ""tofer"": NaN, ""swfac"": 0.0, ""nstres"": 0.0}",0.0,0.0,242.82567977905276,0.0,0.4776237308979034,0.0,,0.0,0.0,30.0,180.0,14.121539306640628,26.121539306640628,Leave_One_experiments/all_year_offline_schedule_search/daily_outputs/FQA/FQA_2013_FQA2013_normal_grid_S0031_daily.csv
FQA,FQA,Fengqiu,2013,Leave_One_experiments\wth_generated_qc\FQA\FQA2013.WTH,wet_year;nitrogen_stress_year;low_response_year,wet,FQA2013_normal_grid_S0031,pareto_balanced,2013-07-07,188,32,27,"{""sim_day"": 32.0, ""doy"": 188.0, ""topwt"": 275.22483825683594, ""grnwt"": 0.0, ""xlai"": 0.5287771224975586, ""totir"": 0.0, ""tofer"": NaN, ""swfac"": 0.0, ""nstres"": 0.0}",0.0,0.0,275.22483825683594,0.0,0.5287771224975586,0.0,,0.0,0.0,30.0,180.0,14.121539306640628,26.121539306640628,Leave_One_experiments/all_year_offline_schedule_search/daily_outputs/FQA/FQA_2013_FQA2013_normal_grid_S0031_daily.csv
FQA,FQA,Fengqiu,2013,Leave_One_experiments\wth_generated_qc\FQA\FQA2013.WTH,wet_year;nitrogen_stress_year;low_response_year,wet,FQA2013_normal_grid_S0031,pareto_balanced,2013-07-08,189,33,28,"{""sim_day"": 33.0, ""doy"": 189.0, ""topwt"": 311.71804428100586, ""grnwt"": 0.0, ""xlai"": 0.5838221311569214, ""totir"": 0.0, ""tofer"": NaN, ""swfac"": 0.0, ""nstres"": 0.0}",0.0,0.0,311.71804428100586,0.0,0.5838221311569214,0.0,,0.0,0.0,30.0,180.0,14.121539306640628,26.121539306640628,Leave_One_experiments/all_year_offline_schedule_search/daily_outputs/FQA/FQA_2013_FQA2013_normal_grid_S0031_daily.csv
FQA,FQA,Fengqiu,2013,Leave_One_experiments\wth_generated_qc\FQA\FQA2013.WTH,wet_year;nitrogen_stress_year;low_response_year,wet,FQA2013_normal_grid_S0031,pareto_balanced,2013-07-09,190,34,29,"{""sim_day"": 34.0, ""doy"": 190.0, ""topwt"": 352.99503326416016, ""grnwt"": 0.0, ""xlai"": 0.64322429895401, ""totir"": 0.0, ""tofer"": NaN, ""swfac"": 0.0, ""nstres"": 0.0}",0.0,0.0,352.99503326416016,0.0,0.64322429895401,0.0,,0.0,0.0,30.0,180.0,14.121539306640628,26.121539306640628,Leave_One_experiments/all_year_offline_schedule_search/daily_outputs/FQA/FQA_2013_FQA2013_normal_grid_S0031_daily.csv
FQA,FQA,Fengqiu,2013,Leave_One_experiments\wth_generated_qc\FQA\FQA2013.WTH,wet_year;nitrogen_stress_year;low_response_year,wet,FQA2013_normal_grid_S0031,pareto_balanced,2013-07-10,191,35,30,"{""sim_day"": 35.0, ""doy"": 191.0, ""topwt"": 398.46309661865234, ""grnwt"": 0.0, ""xlai"": 0.7055925130844116, ""totir"": 0.0, ""tofer"": NaN, ""swfac"": 0.0, ""nstres"": 0.0}",0.0,0.0,398.46309661865234,0.0,0.7055925130844116,0.0,,0.0,50.0,30.0,180.0,14.121539306640628,26.121539306640628,Leave_One_experiments/all_year_offline_schedule_search/daily_outputs/FQA/FQA_2013_FQA2013_normal_grid_S0031_daily.csv
FQA,FQA,Fengqiu,2013,Leave_One_experiments\wth_generated_qc\FQA\FQA2013.WTH,wet_year;nitrogen_stress_year;low_response_year,wet,FQA2013_normal_grid_S0031,pareto_balanced,2013-07-11,192,36,31,"{""sim_day"": 36.0, ""doy"": 192.0, ""topwt"": 449.9106216430664, ""grnwt"": 0.0, ""xlai"": 0.7727953195571899, ""totir"": 0.0, ""tofer"": NaN, ""swfac"": 0.0, ""nstres"": 0.0}",0.0,0.0,449.9106216430664,0.0,0.7727953195571899,0.0,,0.0,0.0,30.0,180.0,14.121539306640628,26.121539306640628,Leave_One_experiments/all_year_offline_schedule_search/daily_outputs/FQA/FQA_2013_FQA2013_normal_grid_S0031_daily.csv
FQA,FQA,Fengqiu,2013,Leave_One_experiments\wth_generated_qc\FQA\FQA2013.WTH,wet_year;nitrogen_stress_year;low_response_year,wet,FQA2013_normal_grid_S0031,pareto_balanced,2013-07-12,193,37,32,"{""sim_day"": 37.0, ""doy"": 193.0, ""topwt"": 508.21285247802734, ""grnwt"": 0.0, ""xlai"": 0.8452360033988953, ""totir"": 0.0, ""tofer"": NaN, ""swfac"": 0.0, ""nstres"": 0.0}",0.0,0.0,508.21285247802734,0.0,0.8452360033988953,0.0,,0.0,0.0,30.0,180.0,14.121539306640628,26.121539306640628,Leave_One_experiments/all_year_offline_schedule_search/daily_outputs/FQA/FQA_2013_FQA2013_normal_grid_S0031_daily.csv
FQA,FQA,Fengqiu,2013,Leave_One_experiments\wth_generated_qc\FQA\FQA2013.WTH,wet_year;nitrogen_stress_year;low_response_year,wet,FQA2013_normal_grid_S0031,pareto_balanced,2013-07-13,194,38,33,"{""sim_day"": 38.0, ""doy"": 194.0, ""topwt"": 573.6058044433594, ""grnwt"": 0.0, ""xlai"": 0.9224511384963988, ""totir"": 0.0, ""tofer"": NaN, ""swfac"": 0.0, ""nstres"": 0.0}",0.0,0.0,573.6058044433594,0.0,0.9224511384963988,0.0,,0.0,0.0,30.0,180.0,14.121539306640628,26.121539306640628,Leave_One_experiments/all_year_offline_schedule_search/daily_outputs/FQA/FQA_2013_FQA2013_normal_grid_S0031_daily.csv
FQA,FQA,Fengqiu,2013,Leave_One_experiments\wth_generated_qc\FQA\FQA2013.WTH,wet_year;nitrogen_stress_year;low_response_year,wet,FQA2013_normal_grid_S0031,pareto_balanced,2013-07-14,195,39,34,"{""sim_day"": 39.0, ""doy"": 195.0, ""topwt"": 646.1643981933594, ""grnwt"": 0.0, ""xlai"": 1.003823161125183, ""totir"": 0.0, ""tofer"": NaN, ""swfac"": 0.0, ""nstres"": 0.0}",0.0,0.0,646.1643981933594,0.0,1.003823161125183,0.0,,0.0,0.0,30.0,180.0,14.121539306640628,26.121539306640628,Leave_One_experiments/all_year_offline_schedule_search/daily_outputs/FQA/FQA_2013_FQA2013_normal_grid_S0031_daily.csv
FQA,FQA,Fengqiu,2013,Leave_One_experiments\wth_generated_qc\FQA\FQA2013.WTH,wet_year;nitrogen_stress_year;low_response_year,wet,FQA2013_normal_grid_S0031,pareto_balanced,2013-07-15,196,40,35,"{""sim_day"": 40.0, ""doy"": 196.0, ""topwt"": 726.5978240966797, ""grnwt"": 0.0, ""xlai"": 1.0894606113433838, ""totir"": 0.0, ""tofer"": NaN, ""swfac"": 0.0, ""nstres"": 0.0}",0.0,0.0,726.5978240966797,0.0,1.0894606113433838,0.0,,0.0,0.0,30.0,180.0,14.121539306640628,26.121539306640628,Leave_One_experiments/all_year_offline_schedule_search/daily_outputs/FQA/FQA_2013_FQA2013_normal_grid_S0031_daily.csv
FQA,FQA,Fengqiu,2013,Leave_One_experiments\wth_generated_qc\FQA\FQA2013.WTH,wet_year;nitrogen_stress_year;low_response_year,wet,FQA2013_normal_grid_S0031,pareto_balanced,2013-07-16,197,41,36,"{""sim_day"": 41.0, ""doy"": 197.0, ""topwt"": 815.6755065917969, ""grnwt"": 0.0, ""xlai"": 1.1794718503952026, ""totir"": 0.0, ""tofer"": NaN, ""swfac"": 0.0, ""nstres"": 0.0}",0.0,0.0,815.6755065917969,0.0,1.1794718503952026,0.0,,0.0,0.0,30.0,180.0,14.121539306640628,26.121539306640628,Leave_One_experiments/all_year_offline_schedule_search/daily_outputs/FQA/FQA_2013_FQA2013_normal_grid_S0031_daily.csv
FQA,FQA,Fengqiu,2013,Leave_One_experiments\wth_generated_qc\FQA\FQA2013.WTH,wet_year;nitrogen_stress_year;low_response_year,wet,FQA2013_normal_grid_S0031,pareto_balanced,2013-07-17,198,42,37,"{""sim_day"": 42.0, ""doy"": 198.0, ""topwt"": 874.78271484375, ""grnwt"": 0.0, ""xlai"": 1.2365549802780151, ""totir"": 0.0, ""tofer"": NaN, ""swfac"": 0.0, ""nstres"": 0.0}",0.0,0.0,874.78271484375,0.0,1.2365549802780151,0.0,,0.0,0.0,30.0,180.0,14.121539306640628,26.121539306640628,Leave_One_experiments/all_year_offline_schedule_search/daily_outputs/FQA/FQA_2013_FQA2013_normal_grid_S0031_daily.csv
FQA,FQA,Fengqiu,2013,Leave_One_experiments\wth_generated_qc\FQA\FQA2013.WTH,wet_year;nitrogen_stress_year;low_response_year,wet,FQA2013_normal_grid_S0031,pareto_balanced,2013-07-18,199,43,38,"{""sim_day"": 43.0, ""doy"": 199.0, ""topwt"": 961.3412475585938, ""grnwt"": 0.0, ""xlai"": 1.316793441772461, ""totir"": 0.0, ""tofer"": NaN, ""swfac"": 0.0, ""nstres"": 0.0}",0.0,0.0,961.3412475585938,0.0,1.316793441772461,0.0,,0.0,0.0,30.0,180.0,14.121539306640628,26.121539306640628,Leave_One_experiments/all_year_offline_schedule_search/daily_outputs/FQA/FQA_2013_FQA2013_normal_grid_S0031_daily.csv
FQA,FQA,Fengqiu,2013,Leave_One_experiments\wth_generated_qc\FQA\FQA2013.WTH,wet_year;nitrogen_stress_year;low_response_year,wet,FQA2013_normal_grid_S0031,pareto_balanced,2013-07-19,200,44,39,"{""sim_day"": 44.0, ""doy"": 200.0, ""topwt"": 1061.779327392578, ""grnwt"": 0.0, ""xlai"": 1.405471920967102, ""totir"": 0.0, ""tofer"": NaN, ""swfac"": 0.0, ""nstres"": 0.0}",0.0,0.0,1061.779327392578,0.0,1.405471920967102,0.0,,0.0,0.0,30.0,180.0,14.121539306640628,26.121539306640628,Leave_One_experiments/all_year_offline_schedule_search/daily_outputs/FQA/FQA_2013_FQA2013_normal_grid_S0031_daily.csv
FQA,FQA,Fengqiu,2013,Leave_One_experiments\wth_generated_qc\FQA\FQA2013.WTH,wet_year;nitrogen_stress_year;low_response_year,wet,FQA2013_normal_grid_S0031,pareto_balanced,2013-07-20,201,45,40,"{""sim_day"": 45.0, ""doy"": 201.0, ""topwt"": 1184.5333099365234, ""grnwt"": 0.0, ""xlai"": 1.508516788482666, ""totir"": 0.0, ""tofer"": NaN, ""swfac"": 0.0, ""nstres"": 0.0}",0.0,0.0,1184.5333099365234,0.0,1.508516788482666,0.0,,0.0,0.0,30.0,180.0,14.121539306640628,26.121539306640628,Leave_One_experiments/all_year_offline_schedule_search/daily_outputs/FQA/FQA_2013_FQA2013_normal_grid_S0031_daily.csv
FQA,FQA,Fengqiu,2013,Leave_One_experiments\wth_generated_qc\FQA\FQA2013.WTH,wet_year;nitrogen_stress_year;low_response_year,wet,FQA2013_normal_grid_S0031,pareto_balanced,2013-07-21,202,46,41,"{""sim_day"": 46.0, ""doy"": 202.0, ""topwt"": 1313.6610412597656, ""grnwt"": 0.0, ""xlai"": 1.553640604019165, ""totir"": 0.0, ""tofer"": NaN, ""swfac"": 0.0, ""nstres"": 0.0}",0.0,0.0,1313.6610412597656,0.0,1.553640604019165,0.0,,0.0,0.0,30.0,180.0,14.121539306640628,26.121539306640628,Leave_One_experiments/all_year_offline_schedule_search/daily_outputs/FQA/FQA_2013_FQA2013_normal_grid_S0031_daily.csv
FQA,FQA,Fengqiu,2013,Leave_One_experiments\wth_generated_qc\FQA\FQA2013.WTH,wet_year;nitrogen_stress_year;low_response_year,wet,FQA2013_normal_grid_S0031,pareto_balanced,2013-07-22,203,47,42,"{""sim_day"": 47.0, ""doy"": 203.0, ""topwt"": 1485.7241821289062, ""grnwt"": 0.0, ""xlai"": 1.6112409830093384, ""totir"": 0.0, ""tofer"": NaN, ""swfac"": 0.0, ""nstres"": 0.0}",0.0,0.0,1485.7241821289062,0.0,1.6112409830093384,0.0,,0.0,0.0,30.0,180.0,14.121539306640628,26.121539306640628,Leave_One_experiments/all_year_offline_schedule_search/daily_outputs/FQA/FQA_2013_FQA2013_normal_grid_S0031_daily.csv
FQA,FQA,Fengqiu,2013,Leave_One_experiments\wth_generated_qc\FQA\FQA2013.WTH,wet_year;nitrogen_stress_year;low_response_year,wet,FQA2013_normal_grid_S0031,pareto_balanced,2013-07-23,204,48,43,"{""sim_day"": 48.0, ""doy"": 204.0, ""topwt"": 1640.5984497070312, ""grnwt"": 0.0, ""xlai"": 1.6606462001800537, ""totir"": 0.0, ""tofer"": NaN, ""swfac"": 0.0, ""nstres"": 0.0}",0.0,0.0,1640.5984497070312,0.0,1.6606462001800537,0.0,,0.0,0.0,30.0,180.0,14.121539306640628,26.121539306640628,Leave_One_experiments/all_year_offline_schedule_search/daily_outputs/FQA/FQA_2013_FQA2013_normal_grid_S0031_daily.csv
FQA,FQA,Fengqiu,2013,Leave_One_experiments\wth_generated_qc\FQA\FQA2013.WTH,wet_year;nitrogen_stress_year;low_response_year,wet,FQA2013_normal_grid_S0031,pareto_balanced,2013-07-24,205,49,44,"{""sim_day"": 49.0, ""doy"": 205.0, ""topwt"": 1860.0341796875, ""grnwt"": 0.0, ""xlai"": 1.727292537689209, ""totir"": 0.0, ""tofer"": NaN, ""swfac"": 0.0, ""nstres"": 0.0}",0.0,0.0,1860.0341796875,0.0,1.727292537689209,0.0,,0.0,0.0,30.0,180.0,14.121539306640628,26.121539306640628,Leave_One_experiments/all_year_offline_schedule_search/daily_outputs/FQA/FQA_2013_FQA2013_normal_grid_S0031_daily.csv
FQA,FQA,Fengqiu,2013,Leave_One_experiments\wth_generated_qc\FQA\FQA2013.WTH,wet_year;nitrogen_stress_year;low_response_year,wet,FQA2013_normal_grid_S0031,pareto_balanced,2013-07-25,206,50,45,"{""sim_day"": 50.0, ""doy"": 206.0, ""topwt"": 2125.9439086914062, ""grnwt"": 0.0, ""xlai"": 1.804429292678833, ""totir"": 0.0, ""tofer"": NaN, ""swfac"": 0.0, ""nstres"": 0.0}",0.0,0.0,2125.9439086914062,0.0,1.804429292678833,0.0,,0.0,0.0,30.0,180.0,14.121539306640628,26.121539306640628,Leave_One_experiments/all_year_offline_schedule_search/daily_outputs/FQA/FQA_2013_FQA2013_normal_grid_S0031_daily.csv
FQA,FQA,Fengqiu,2013,Leave_One_experiments\wth_generated_qc\FQA\FQA2013.WTH,wet_year;nitrogen_stress_year;low_response_year,wet,FQA2013_normal_grid_S0031,pareto_balanced,2013-07-26,207,51,46,"{""sim_day"": 51.0, ""doy"": 207.0, ""topwt"": 2404.258117675781, ""grnwt"": 0.0, ""xlai"": 1.8818769454956052, ""totir"": 0.0, ""tofer"": NaN, ""swfac"": 0.0, ""nstres"": 0.0}",0.0,0.0,2404.258117675781,0.0,1.8818769454956052,0.0,,0.0,0.0,30.0,180.0,14.121539306640628,26.121539306640628,Leave_One_experiments/all_year_offline_schedule_search/daily_outputs/FQA/FQA_2013_FQA2013_normal_grid_S0031_daily.csv
FQA,FQA,Fengqiu,2013,Leave_One_experiments\wth_generated_qc\FQA\FQA2013.WTH,wet_year;nitrogen_stress_year;low_response_year,wet,FQA2013_normal_grid_S0031,pareto_balanced,2013-07-27,208,52,47,"{""sim_day"": 52.0, ""doy"": 208.0, ""topwt"": 2628.7652587890625, ""grnwt"": 0.0, ""xlai"": 1.941985249519348, ""totir"": 0.0, ""tofer"": NaN, ""swfac"": 0.0, ""nstres"": 0.0}",0.0,0.0,2628.7652587890625,0.0,1.941985249519348,0.0,,0.0,0.0,30.0,180.0,14.121539306640628,26.121539306640628,Leave_One_experiments/all_year_offline_schedule_search/daily_outputs/FQA/FQA_2013_FQA2013_normal_grid_S0031_daily.csv
FQA,FQA,Fengqiu,2013,Leave_One_experiments\wth_generated_qc\FQA\FQA2013.WTH,wet_year;nitrogen_stress_year;low_response_year,wet,FQA2013_normal_grid_S0031,pareto_balanced,2013-07-28,209,53,48,"{""sim_day"": 53.0, ""doy"": 209.0, ""topwt"": 2909.458923339844, ""grnwt"": 0.0, ""xlai"": 2.0145297050476074, ""totir"": 0.0, ""tofer"": NaN, ""swfac"": 0.0, ""nstres"": 0.0}",0.0,0.0,2909.458923339844,0.0,2.0145297050476074,0.0,,0.0,0.0,30.0,180.0,14.121539306640628,26.121539306640628,Leave_One_experiments/all_year_offline_schedule_search/daily_outputs/FQA/FQA_2013_FQA2013_normal_grid_S0031_daily.csv
FQA,FQA,Fengqiu,2013,Leave_One_experiments\wth_generated_qc\FQA\FQA2013.WTH,wet_year;nitrogen_stress_year;low_response_year,wet,FQA2013_normal_grid_S0031,pareto_balanced,2013-07-29,210,54,49,"{""sim_day"": 54.0, ""doy"": 210.0, ""topwt"": 3177.664794921875, ""grnwt"": 0.0, ""xlai"": 2.083714723587036, ""totir"": 0.0, ""tofer"": NaN, ""swfac"": 0.0, ""nstres"": 0.0}",0.0,0.0,3177.664794921875,0.0,2.083714723587036,0.0,,0.0,0.0,30.0,180.0,14.121539306640628,26.121539306640628,Leave_One_experiments/all_year_offline_schedule_search/daily_outputs/FQA/FQA_2013_FQA2013_normal_grid_S0031_daily.csv
FQA,FQA,Fengqiu,2013,Leave_One_experiments\wth_generated_qc\FQA\FQA2013.WTH,wet_year;nitrogen_stress_year;low_response_year,wet,FQA2013_normal_grid_S0031,pareto_balanced,2013-07-30,211,55,50,"{""sim_day"": 55.0, ""doy"": 211.0, ""topwt"": 3438.4176635742188, ""grnwt"": 0.0, ""xlai"": 2.1508562564849854, ""totir"": 0.0, ""tofer"": NaN, ""swfac"": 0.0, ""nstres"": 0.0}",0.0,0.0,3438.4176635742188,0.0,2.1508562564849854,0.0,,0.0,0.0,30.0,180.0,14.121539306640628,26.121539306640628,Leave_One_experiments/all_year_offline_schedule_search/daily_outputs/FQA/FQA_2013_FQA2013_normal_grid_S0031_daily.csv
FQA,FQA,Fengqiu,2013,Leave_One_experiments\wth_generated_qc\FQA\FQA2013.WTH,wet_year;nitrogen_stress_year;low_response_year,wet,FQA2013_normal_grid_S0031,pareto_balanced,2013-07-31,212,56,51,"{""sim_day"": 56.0, ""doy"": 212.0, ""topwt"": 3684.287414550781, ""grnwt"": 0.0, ""xlai"": 2.21405291557312, ""totir"": 0.0, ""tofer"": NaN, ""swfac"": 0.0, ""nstres"": 0.0}",0.0,0.0,3684.287414550781,0.0,2.21405291557312,0.0,,0.0,0.0,30.0,180.0,14.121539306640628,26.121539306640628,Leave_One_experiments/all_year_offline_schedule_search/daily_outputs/FQA/FQA_2013_FQA2013_normal_grid_S0031_daily.csv
FQA,FQA,Fengqiu,2013,Leave_One_experiments\wth_generated_qc\FQA\FQA2013.WTH,wet_year;nitrogen_stress_year;low_response_year,wet,FQA2013_normal_grid_S0031,pareto_balanced,2013-08-01,213,57,52,"{""sim_day"": 57.0, ""doy"": 213.0, ""topwt"": 3948.917846679688, ""grnwt"": 0.0, ""xlai"": 2.281972646713257, ""totir"": 0.0, ""tofer"": NaN, ""swfac"": 0.0, ""nstres"": 0.0}",0.0,0.0,3948.917846679688,0.0,2.281972646713257,0.0,,0.0,0.0,30.0,180.0,14.121539306640628,26.121539306640628,Leave_One_experiments/all_year_offline_schedule_search/daily_outputs/FQA/FQA_2013_FQA2013_normal_grid_S0031_daily.csv
FQA,FQA,Fengqiu,2013,Leave_One_experiments\wth_generated_qc\FQA\FQA2013.WTH,wet_year;nitrogen_stress_year;low_response_year,wet,FQA2013_normal_grid_S0031,pareto_balanced,2013-08-02,214,58,53,"{""sim_day"": 58.0, ""doy"": 214.0, ""topwt"": 4206.987609863281, ""grnwt"": 0.0, ""xlai"": 2.348097324371338, ""totir"": 0.0, ""tofer"": NaN, ""swfac"": 0.0, ""nstres"": 0.0}",0.0,0.0,4206.987609863281,0.0,2.348097324371338,0.0,,0.0,0.0,30.0,180.0,14.121539306640628,26.121539306640628,Leave_One_experiments/all_year_offline_schedule_search/daily_outputs/FQA/FQA_2013_FQA2013_normal_grid_S0031_daily.csv
FQA,FQA,Fengqiu,2013,Leave_One_experiments\wth_generated_qc\FQA\FQA2013.WTH,wet_year;nitrogen_stress_year;low_response_year,wet,FQA2013_normal_grid_S0031,pareto_balanced,2013-08-03,215,59,54,"{""sim_day"": 59.0, ""doy"": 215.0, ""topwt"": 4478.515319824219, ""grnwt"": 0.0, ""xlai"": 2.4175667762756348, ""totir"": 0.0, ""tofer"": NaN, ""swfac"": 0.0, ""nstres"": 0.0}",0.0,0.0,4478.515319824219,0.0,2.4175667762756348,0.0,,0.0,0.0,30.0,180.0,14.121539306640628,26.121539306640628,Leave_One_experiments/all_year_offline_schedule_search/daily_outputs/FQA/FQA_2013_FQA2013_normal_grid_S0031_daily.csv
FQA,FQA,Fengqiu,2013,Leave_One_experiments\wth_generated_qc\FQA\FQA2013.WTH,wet_year;nitrogen_stress_year;low_response_year,wet,FQA2013_normal_grid_S0031,pareto_balanced,2013-08-04,216,60,55,"{""sim_day"": 60.0, ""doy"": 216.0, ""topwt"": 4758.522033691406, ""grnwt"": 0.0, ""xlai"": 2.489093780517578, ""totir"": 0.0, ""tofer"": NaN, ""swfac"": 0.0, ""nstres"": 0.0}",0.0,0.0,4758.522033691406,0.0,2.489093780517578,0.0,,0.0,0.0,30.0,180.0,14.121539306640628,26.121539306640628,Leave_One_experiments/all_year_offline_schedule_search/daily_outputs/FQA/FQA_2013_FQA2013_normal_grid_S0031_daily.csv
FQA,FQA,Fengqiu,2013,Leave_One_experiments\wth_generated_qc\FQA\FQA2013.WTH,wet_year;nitrogen_stress_year;low_response_year,wet,FQA2013_normal_grid_S0031,pareto_balanced,2013-08-05,217,61,56,"{""sim_day"": 61.0, ""doy"": 217.0, ""topwt"": 5090.457763671875, ""grnwt"": 0.0, ""xlai"": 2.368803739547729, ""totir"": 0.0, ""tofer"": NaN, ""swfac"": 0.0, ""nstres"": 0.0}",0.0,0.0,5090.457763671875,0.0,2.368803739547729,0.0,,0.0,0.0,30.0,180.0,14.121539306640628,26.121539306640628,Leave_One_experiments/all_year_offline_schedule_search/daily_outputs/FQA/FQA_2013_FQA2013_normal_grid_S0031_daily.csv
FQA,FQA,Fengqiu,2013,Leave_One_experiments\wth_generated_qc\FQA\FQA2013.WTH,wet_year;nitrogen_stress_year;low_response_year,wet,FQA2013_normal_grid_S0031,pareto_balanced,2013-08-06,218,62,57,"{""sim_day"": 62.0, ""doy"": 218.0, ""topwt"": 5416.9134521484375, ""grnwt"": 0.0, ""xlai"": 2.3542640209198, ""totir"": 0.0, ""tofer"": NaN, ""swfac"": 0.0, ""nstres"": 0.0}",0.0,0.0,5416.9134521484375,0.0,2.3542640209198,0.0,,0.0,0.0,30.0,180.0,14.121539306640628,26.121539306640628,Leave_One_experiments/all_year_offline_schedule_search/daily_outputs/FQA/FQA_2013_FQA2013_normal_grid_S0031_daily.csv
FQA,FQA,Fengqiu,2013,Leave_One_experiments\wth_generated_qc\FQA\FQA2013.WTH,wet_year;nitrogen_stress_year;low_response_year,wet,FQA2013_normal_grid_S0031,pareto_balanced,2013-08-07,219,63,58,"{""sim_day"": 63.0, ""doy"": 219.0, ""topwt"": 5722.18994140625, ""grnwt"": 0.0, ""xlai"": 2.341286420822144, ""totir"": 0.0, ""tofer"": NaN, ""swfac"": 0.0, ""nstres"": 0.0}",0.0,0.0,5722.18994140625,0.0,2.341286420822144,0.0,,0.0,0.0,30.0,180.0,14.121539306640628,26.121539306640628,Leave_One_experiments/all_year_offline_schedule_search/daily_outputs/FQA/FQA_2013_FQA2013_normal_grid_S0031_daily.csv
FQA,FQA,Fengqiu,2013,Leave_One_experiments\wth_generated_qc\FQA\FQA2013.WTH,wet_year;nitrogen_stress_year;low_response_year,wet,FQA2013_normal_grid_S0031,pareto_balanced,2013-08-08,220,64,59,"{""sim_day"": 64.0, ""doy"": 220.0, ""topwt"": 5938.51806640625, ""grnwt"": 0.0, ""xlai"": 2.328589677810669, ""totir"": 0.0, ""tofer"": NaN, ""swfac"": 0.0, ""nstres"": 0.0}",0.0,0.0,5938.51806640625,0.0,2.328589677810669,0.0,,0.0,0.0,30.0,180.0,14.121539306640628,26.121539306640628,Leave_One_experiments/all_year_offline_schedule_search/daily_outputs/FQA/FQA_2013_FQA2013_normal_grid_S0031_daily.csv
FQA,FQA,Fengqiu,2013,Leave_One_experiments\wth_generated_qc\FQA\FQA2013.WTH,wet_year;nitrogen_stress_year;low_response_year,wet,FQA2013_normal_grid_S0031,pareto_balanced,2013-08-09,221,65,60,"{""sim_day"": 65.0, ""doy"": 221.0, ""topwt"": 6259.6044921875, ""grnwt"": 0.0, ""xlai"": 2.314986228942871, ""totir"": 0.0, ""tofer"": NaN, ""swfac"": 0.0, ""nstres"": 0.0}",0.0,0.0,6259.6044921875,0.0,2.314986228942871,0.0,,0.0,50.0,30.0,180.0,14.121539306640628,26.121539306640628,Leave_One_experiments/all_year_offline_schedule_search/daily_outputs/FQA/FQA_2013_FQA2013_normal_grid_S0031_daily.csv
FQA,FQA,Fengqiu,2013,Leave_One_experiments\wth_generated_qc\FQA\FQA2013.WTH,wet_year;nitrogen_stress_year;low_response_year,wet,FQA2013_normal_grid_S0031,pareto_balanced,2013-08-10,222,66,61,"{""sim_day"": 66.0, ""doy"": 222.0, ""topwt"": 6539.390869140625, ""grnwt"": 0.0, ""xlai"": 2.3004422187805176, ""totir"": 0.0, ""tofer"": NaN, ""swfac"": 0.0, ""nstres"": 0.0}",0.0,0.0,6539.390869140625,0.0,2.3004422187805176,0.0,,0.0,0.0,30.0,180.0,14.121539306640628,26.121539306640628,Leave_One_experiments/all_year_offline_schedule_search/daily_outputs/FQA/FQA_2013_FQA2013_normal_grid_S0031_daily.csv
FQA,FQA,Fengqiu,2013,Leave_One_experiments\wth_generated_qc\FQA\FQA2013.WTH,wet_year;nitrogen_stress_year;low_response_year,wet,FQA2013_normal_grid_S0031,pareto_balanced,2013-08-11,223,67,62,"{""sim_day"": 67.0, ""doy"": 223.0, ""topwt"": 6851.256103515625, ""grnwt"": 0.0, ""xlai"": 2.2877306938171387, ""totir"": 0.0, ""tofer"": NaN, ""swfac"": 0.0, ""nstres"": 0.0}",0.0,0.0,6851.256103515625,0.0,2.2877306938171387,0.0,,0.0,0.0,30.0,180.0,14.121539306640628,26.121539306640628,Leave_One_experiments/all_year_offline_schedule_search/daily_outputs/FQA/FQA_2013_FQA2013_normal_grid_S0031_daily.csv
FQA,FQA,Fengqiu,2013,Leave_One_experiments\wth_generated_qc\FQA\FQA2013.WTH,wet_year;nitrogen_stress_year;low_response_year,wet,FQA2013_normal_grid_S0031,pareto_balanced,2013-08-12,224,68,63,"{""sim_day"": 68.0, ""doy"": 224.0, ""topwt"": 7147.862548828125, ""grnwt"": 0.0, ""xlai"": 2.274141550064087, ""totir"": 0.0, ""tofer"": NaN, ""swfac"": 0.0, ""nstres"": 0.0}",0.0,0.0,7147.862548828125,0.0,2.274141550064087,0.0,,0.0,0.0,30.0,180.0,14.121539306640628,26.121539306640628,Leave_One_experiments/all_year_offline_schedule_search/daily_outputs/FQA/FQA_2013_FQA2013_normal_grid_S0031_daily.csv
FQA,FQA,Fengqiu,2013,Leave_One_experiments\wth_generated_qc\FQA\FQA2013.WTH,wet_year;nitrogen_stress_year;low_response_year,wet,FQA2013_normal_grid_S0031,pareto_balanced,2013-08-13,225,69,64,"{""sim_day"": 69.0, ""doy"": 225.0, ""topwt"": 7382.7685546875, ""grnwt"": 234.9058532714844, ""xlai"": 2.215642213821411, ""totir"": 0.0, ""tofer"": NaN, ""swfac"": 0.0, ""nstres"": 0.0}",0.0,0.0,7382.7685546875,234.9058532714844,2.215642213821411,0.0,,0.0,0.0,30.0,180.0,14.121539306640628,26.121539306640628,Leave_One_experiments/all_year_offline_schedule_search/daily_outputs/FQA/FQA_2013_FQA2013_normal_grid_S0031_daily.csv
FQA,FQA,Fengqiu,2013,Leave_One_experiments\wth_generated_qc\FQA\FQA2013.WTH,wet_year;nitrogen_stress_year;low_response_year,wet,FQA2013_normal_grid_S0031,pareto_balanced,2013-08-14,226,70,65,"{""sim_day"": 70.0, ""doy"": 226.0, ""topwt"": 7590.828247070312, ""grnwt"": 442.9653549194336, ""xlai"": 2.2023720741271973, ""totir"": 30.0, ""tofer"": NaN, ""swfac"": 0.0, ""nstres"": 0.0}",0.0,0.0,7590.828247070312,442.9653549194336,2.2023720741271973,30.0,,30.0,0.0,30.0,180.0,14.121539306640628,26.121539306640628,Leave_One_experiments/all_year_offline_schedule_search/daily_outputs/FQA/FQA_2013_FQA2013_normal_grid_S0031_daily.csv
FQA,FQA,Fengqiu,2013,Leave_One_experiments\wth_generated_qc\FQA\FQA2013.WTH,wet_year;nitrogen_stress_year;low_response_year,wet,FQA2013_normal_grid_S0031,pareto_balanced,2013-08-15,227,71,66,"{""sim_day"": 71.0, ""doy"": 227.0, ""topwt"": 7792.176513671875, ""grnwt"": 644.3132019042969, ""xlai"": 2.1855716705322266, ""totir"": 30.0, ""tofer"": NaN, ""swfac"": 0.0, ""nstres"": 0.0}",0.0,0.0,7792.176513671875,644.3132019042969,2.1855716705322266,30.0,,0.0,0.0,30.0,180.0,14.121539306640628,26.121539306640628,Leave_One_experiments/all_year_offline_schedule_search/daily_outputs/FQA/FQA_2013_FQA2013_normal_grid_S0031_daily.csv
FQA,FQA,Fengqiu,2013,Leave_One_experiments\wth_generated_qc\FQA\FQA2013.WTH,wet_year;nitrogen_stress_year;low_response_year,wet,FQA2013_normal_grid_S0031,pareto_balanced,2013-08-16,228,72,67,"{""sim_day"": 72.0, ""doy"": 228.0, ""topwt"": 8017.01416015625, ""grnwt"": 869.151611328125, ""xlai"": 2.1649670600891118, ""totir"": 30.0, ""tofer"": NaN, ""swfac"": 0.0, ""nstres"": 0.0}",0.0,0.0,8017.01416015625,869.151611328125,2.1649670600891118,30.0,,0.0,0.0,30.0,180.0,14.121539306640628,26.121539306640628,Leave_One_experiments/all_year_offline_schedule_search/daily_outputs/FQA/FQA_2013_FQA2013_normal_grid_S0031_daily.csv
FQA,FQA,Fengqiu,2013,Leave_One_experiments\wth_generated_qc\FQA\FQA2013.WTH,wet_year;nitrogen_stress_year;low_response_year,wet,FQA2013_normal_grid_S0031,pareto_balanced,2013-08-17,229,73,68,"{""sim_day"": 73.0, ""doy"": 229.0, ""topwt"": 8380.739135742188, ""grnwt"": 1241.645050048828, ""xlai"": 2.141846179962158, ""totir"": 30.0, ""tofer"": NaN, ""swfac"": 0.0, ""nstres"": 0.0}",0.0,0.0,8380.739135742188,1241.645050048828,2.141846179962158,30.0,,0.0,0.0,30.0,180.0,14.121539306640628,26.121539306640628,Leave_One_experiments/all_year_offline_schedule_search/daily_outputs/FQA/FQA_2013_FQA2013_normal_grid_S0031_daily.csv
FQA,FQA,Fengqiu,2013,Leave_One_experiments\wth_generated_qc\FQA\FQA2013.WTH,wet_year;nitrogen_stress_year;low_response_year,wet,FQA2013_normal_grid_S0031,pareto_balanced,2013-08-18,230,74,69,"{""sim_day"": 74.0, ""doy"": 230.0, ""topwt"": 8785.328979492188, ""grnwt"": 1778.5726928710938, ""xlai"": 2.1180174350738525, ""totir"": 30.0, ""tofer"": NaN, ""swfac"": 0.0, ""nstres"": 0.0}",0.0,0.0,8785.328979492188,1778.5726928710938,2.1180174350738525,30.0,,0.0,0.0,30.0,180.0,14.121539306640628,26.121539306640628,Leave_One_experiments/all_year_offline_schedule_search/daily_outputs/FQA/FQA_2013_FQA2013_normal_grid_S0031_daily.csv
FQA,FQA,Fengqiu,2013,Leave_One_experiments\wth_generated_qc\FQA\FQA2013.WTH,wet_year;nitrogen_stress_year;low_response_year,wet,FQA2013_normal_grid_S0031,pareto_balanced,2013-08-19,231,75,70,"{""sim_day"": 75.0, ""doy"": 231.0, ""topwt"": 9152.045288085938, ""grnwt"": 2315.5003356933594, ""xlai"": 2.091508388519287, ""totir"": 30.0, ""tofer"": NaN, ""swfac"": 0.0, ""nstres"": 0.0}",0.0,0.0,9152.045288085938,2315.5003356933594,2.091508388519287,30.0,,0.0,0.0,30.0,180.0,14.121539306640628,26.121539306640628,Leave_One_experiments/all_year_offline_schedule_search/daily_outputs/FQA/FQA_2013_FQA2013_normal_grid_S0031_daily.csv
FQA,FQA,Fengqiu,2013,Leave_One_experiments\wth_generated_qc\FQA\FQA2013.WTH,wet_year;nitrogen_stress_year;low_response_year,wet,FQA2013_normal_grid_S0031,pareto_balanced,2013-08-20,232,76,71,"{""sim_day"": 76.0, ""doy"": 232.0, ""topwt"": 9513.441162109377, ""grnwt"": 2842.3605346679688, ""xlai"": 2.060664653778076, ""totir"": 30.0, ""tofer"": NaN, ""swfac"": 0.0, ""nstres"": 0.0}",0.0,0.0,9513.441162109377,2842.3605346679688,2.060664653778076,30.0,,0.0,0.0,30.0,180.0,14.121539306640628,26.121539306640628,Leave_One_experiments/all_year_offline_schedule_search/daily_outputs/FQA/FQA_2013_FQA2013_normal_grid_S0031_daily.csv
FQA,FQA,Fengqiu,2013,Leave_One_experiments\wth_generated_qc\FQA\FQA2013.WTH,wet_year;nitrogen_stress_year;low_response_year,wet,FQA2013_normal_grid_S0031,pareto_balanced,2013-08-21,233,77,72,"{""sim_day"": 77.0, ""doy"": 233.0, ""topwt"": 9878.831787109377, ""grnwt"": 3359.1534423828125, ""xlai"": 2.0256576538085938, ""totir"": 30.0, ""tofer"": NaN, ""swfac"": 0.0, ""nstres"": 0.0}",0.0,0.0,9878.831787109377,3359.1534423828125,2.0256576538085938,30.0,,0.0,0.0,30.0,180.0,14.121539306640628,26.121539306640628,Leave_One_experiments/all_year_offline_schedule_search/daily_outputs/FQA/FQA_2013_FQA2013_normal_grid_S0031_daily.csv
FQA,FQA,Fengqiu,2013,Leave_One_experiments\wth_generated_qc\FQA\FQA2013.WTH,wet_year;nitrogen_stress_year;low_response_year,wet,FQA2013_normal_grid_S0031,pareto_balanced,2013-08-22,234,78,73,"{""sim_day"": 78.0, ""doy"": 234.0, ""topwt"": 10149.801635742188, ""grnwt"": 3788.6956787109375, ""xlai"": 1.983554005622864, ""totir"": 30.0, ""tofer"": NaN, ""swfac"": 0.0, ""nstres"": 0.0}",0.0,0.0,10149.801635742188,3788.6956787109375,1.983554005622864,30.0,,0.0,0.0,30.0,180.0,14.121539306640628,26.121539306640628,Leave_One_experiments/all_year_offline_schedule_search/daily_outputs/FQA/FQA_2013_FQA2013_normal_grid_S0031_daily.csv
FQA,FQA,Fengqiu,2013,Leave_One_experiments\wth_generated_qc\FQA\FQA2013.WTH,wet_year;nitrogen_stress_year;low_response_year,wet,FQA2013_normal_grid_S0031,pareto_balanced,2013-08-23,235,79,74,"{""sim_day"": 79.0, ""doy"": 235.0, ""topwt"": 10207.276611328123, ""grnwt"": 3986.348876953125, ""xlai"": 1.938693642616272, ""totir"": 30.0, ""tofer"": NaN, ""swfac"": 0.0, ""nstres"": 0.0}",0.0,0.0,10207.276611328123,3986.348876953125,1.938693642616272,30.0,,0.0,0.0,30.0,180.0,14.121539306640628,26.121539306640628,Leave_One_experiments/all_year_offline_schedule_search/daily_outputs/FQA/FQA_2013_FQA2013_normal_grid_S0031_daily.csv
FQA,FQA,Fengqiu,2013,Leave_One_experiments\wth_generated_qc\FQA\FQA2013.WTH,wet_year;nitrogen_stress_year;low_response_year,wet,FQA2013_normal_grid_S0031,pareto_balanced,2013-08-24,236,80,75,"{""sim_day"": 80.0, ""doy"": 236.0, ""topwt"": 10424.671630859377, ""grnwt"": 4203.744201660156, ""xlai"": 1.89085054397583, ""totir"": 30.0, ""tofer"": NaN, ""swfac"": 0.0, ""nstres"": 0.0}",0.0,0.0,10424.671630859377,4203.744201660156,1.89085054397583,30.0,,0.0,0.0,30.0,180.0,14.121539306640628,26.121539306640628,Leave_One_experiments/all_year_offline_schedule_search/daily_outputs/FQA/FQA_2013_FQA2013_normal_grid_S0031_daily.csv
FQA,FQA,Fengqiu,2013,Leave_One_experiments\wth_generated_qc\FQA\FQA2013.WTH,wet_year;nitrogen_stress_year;low_response_year,wet,FQA2013_normal_grid_S0031,pareto_balanced,2013-08-25,237,81,76,"{""sim_day"": 81.0, ""doy"": 237.0, ""topwt"": 10763.033447265623, ""grnwt"": 4542.106018066406, ""xlai"": 1.8403126001358032, ""totir"": 30.0, ""tofer"": NaN, ""swfac"": 0.0, ""nstres"": 0.0}",0.0,0.0,10763.033447265623,4542.106018066406,1.8403126001358032,30.0,,0.0,0.0,30.0,180.0,14.121539306640628,26.121539306640628,Leave_One_experiments/all_year_offline_schedule_search/daily_outputs/FQA/FQA_2013_FQA2013_normal_grid_S0031_daily.csv
FQA,FQA,Fengqiu,2013,Leave_One_experiments\wth_generated_qc\FQA\FQA2013.WTH,wet_year;nitrogen_stress_year;low_response_year,wet,FQA2013_normal_grid_S0031,pareto_balanced,2013-08-26,238,82,77,"{""sim_day"": 82.0, ""doy"": 238.0, ""topwt"": 10988.6328125, ""grnwt"": 4767.7056884765625, ""xlai"": 1.7839349508285522, ""totir"": 30.0, ""tofer"": NaN, ""swfac"": 0.0, ""nstres"": 0.0}",0.0,0.0,10988.6328125,4767.7056884765625,1.7839349508285522,30.0,,0.0,0.0,30.0,180.0,14.121539306640628,26.121539306640628,Leave_One_experiments/all_year_offline_schedule_search/daily_outputs/FQA/FQA_2013_FQA2013_normal_grid_S0031_daily.csv
FQA,FQA,Fengqiu,2013,Leave_One_experiments\wth_generated_qc\FQA\FQA2013.WTH,wet_year;nitrogen_stress_year;low_response_year,wet,FQA2013_normal_grid_S0031,pareto_balanced,2013-08-27,239,83,78,"{""sim_day"": 83.0, ""doy"": 239.0, ""topwt"": 11210.687255859377, ""grnwt"": 4989.7601318359375, ""xlai"": 1.7141954898834229, ""totir"": 30.0, ""tofer"": NaN, ""swfac"": 0.0, ""nstres"": 0.0}",0.0,0.0,11210.687255859377,4989.7601318359375,1.7141954898834229,30.0,,0.0,0.0,30.0,180.0,14.121539306640628,26.121539306640628,Leave_One_experiments/all_year_offline_schedule_search/daily_outputs/FQA/FQA_2013_FQA2013_normal_grid_S0031_daily.csv
FQA,FQA,Fengqiu,2013,Leave_One_experiments\wth_generated_qc\FQA\FQA2013.WTH,wet_year;nitrogen_stress_year;low_response_year,wet,FQA2013_normal_grid_S0031,pareto_balanced,2013-08-28,240,84,79,"{""sim_day"": 84.0, ""doy"": 240.0, ""topwt"": 11487.63671875, ""grnwt"": 5244.800415039063, ""xlai"": 1.6333433389663696, ""totir"": 30.0, ""tofer"": NaN, ""swfac"": 0.0, ""nstres"": 0.0}",0.0,0.0,11487.63671875,5244.800415039063,1.6333433389663696,30.0,,0.0,0.0,30.0,180.0,14.121539306640628,26.121539306640628,Leave_One_experiments/all_year_offline_schedule_search/daily_outputs/FQA/FQA_2013_FQA2013_normal_grid_S0031_daily.csv
FQA,FQA,Fengqiu,2013,Leave_One_experiments\wth_generated_qc\FQA\FQA2013.WTH,wet_year;nitrogen_stress_year;low_response_year,wet,FQA2013_normal_grid_S0031,pareto_balanced,2013-08-29,241,85,80,"{""sim_day"": 85.0, ""doy"": 241.0, ""topwt"": 11800.748291015623, ""grnwt"": 5579.821166992188, ""xlai"": 1.571802258491516, ""totir"": 30.0, ""tofer"": NaN, ""swfac"": 0.0, ""nstres"": 0.0}",0.0,0.0,11800.748291015623,5579.821166992188,1.571802258491516,30.0,,0.0,0.0,30.0,180.0,14.121539306640628,26.121539306640628,Leave_One_experiments/all_year_offline_schedule_search/daily_outputs/FQA/FQA_2013_FQA2013_normal_grid_S0031_daily.csv
FQA,FQA,Fengqiu,2013,Leave_One_experiments\wth_generated_qc\FQA\FQA2013.WTH,wet_year;nitrogen_stress_year;low_response_year,wet,FQA2013_normal_grid_S0031,pareto_balanced,2013-08-30,242,86,81,"{""sim_day"": 86.0, ""doy"": 242.0, ""topwt"": 12137.127685546877, ""grnwt"": 5916.2005615234375, ""xlai"": 1.516158103942871, ""totir"": 30.0, ""tofer"": NaN, ""swfac"": 0.0, ""nstres"": 0.0}",0.0,0.0,12137.127685546877,5916.2005615234375,1.516158103942871,30.0,,0.0,0.0,30.0,180.0,14.121539306640628,26.121539306640628,Leave_One_experiments/all_year_offline_schedule_search/daily_outputs/FQA/FQA_2013_FQA2013_normal_grid_S0031_daily.csv
FQA,FQA,Fengqiu,2013,Leave_One_experiments\wth_generated_qc\FQA\FQA2013.WTH,wet_year;nitrogen_stress_year;low_response_year,wet,FQA2013_normal_grid_S0031,pareto_balanced,2013-08-31,243,87,82,"{""sim_day"": 87.0, ""doy"": 243.0, ""topwt"": 12443.358154296877, ""grnwt"": 6222.4310302734375, ""xlai"": 1.4566328525543213, ""totir"": 30.0, ""tofer"": NaN, ""swfac"": 0.0, ""nstres"": 0.0}",0.0,0.0,12443.358154296877,6222.4310302734375,1.4566328525543213,30.0,,0.0,0.0,30.0,180.0,14.121539306640628,26.121539306640628,Leave_One_experiments/all_year_offline_schedule_search/daily_outputs/FQA/FQA_2013_FQA2013_normal_grid_S0031_daily.csv
FQA,FQA,Fengqiu,2013,Leave_One_experiments\wth_generated_qc\FQA\FQA2013.WTH,wet_year;nitrogen_stress_year;low_response_year,wet,FQA2013_normal_grid_S0031,pareto_balanced,2013-09-01,244,88,83,"{""sim_day"": 88.0, ""doy"": 244.0, ""topwt"": 12628.51318359375, ""grnwt"": 6407.58544921875, ""xlai"": 1.3944307565689087, ""totir"": 30.0, ""tofer"": NaN, ""swfac"": 0.0, ""nstres"": 0.0}",0.0,0.0,12628.51318359375,6407.58544921875,1.3944307565689087,30.0,,0.0,0.0,30.0,180.0,14.121539306640628,26.121539306640628,Leave_One_experiments/all_year_offline_schedule_search/daily_outputs/FQA/FQA_2013_FQA2013_normal_grid_S0031_daily.csv
FQA,FQA,Fengqiu,2013,Leave_One_experiments\wth_generated_qc\FQA\FQA2013.WTH,wet_year;nitrogen_stress_year;low_response_year,wet,FQA2013_normal_grid_S0031,pareto_balanced,2013-09-02,245,89,84,"{""sim_day"": 89.0, ""doy"": 245.0, ""topwt"": 12921.3623046875, ""grnwt"": 6700.435180664063, ""xlai"": 1.326301336288452, ""totir"": 30.0, ""tofer"": NaN, ""swfac"": 0.0, ""nstres"": 0.0}",0.0,0.0,12921.3623046875,6700.435180664063,1.326301336288452,30.0,,0.0,0.0,30.0,180.0,14.121539306640628,26.121539306640628,Leave_One_experiments/all_year_offline_schedule_search/daily_outputs/FQA/FQA_2013_FQA2013_normal_grid_S0031_daily.csv
FQA,FQA,Fengqiu,2013,Leave_One_experiments\wth_generated_qc\FQA\FQA2013.WTH,wet_year;nitrogen_stress_year;low_response_year,wet,FQA2013_normal_grid_S0031,pareto_balanced,2013-09-03,246,90,85,"{""sim_day"": 90.0, ""doy"": 246.0, ""topwt"": 13086.2109375, ""grnwt"": 6865.283203125, ""xlai"": 1.2454204559326172, ""totir"": 30.0, ""tofer"": NaN, ""swfac"": 0.0, ""nstres"": 0.0}",0.0,0.0,13086.2109375,6865.283203125,1.2454204559326172,30.0,,0.0,0.0,30.0,180.0,14.121539306640628,26.121539306640628,Leave_One_experiments/all_year_offline_schedule_search/daily_outputs/FQA/FQA_2013_FQA2013_normal_grid_S0031_daily.csv
FQA,FQA,Fengqiu,2013,Leave_One_experiments\wth_generated_qc\FQA\FQA2013.WTH,wet_year;nitrogen_stress_year;low_response_year,wet,FQA2013_normal_grid_S0031,pareto_balanced,2013-09-04,247,91,86,"{""sim_day"": 91.0, ""doy"": 247.0, ""topwt"": 13210.546875, ""grnwt"": 6989.6197509765625, ""xlai"": 1.1757482290267944, ""totir"": 30.0, ""tofer"": NaN, ""swfac"": 0.0, ""nstres"": 0.0}",0.0,0.0,13210.546875,6989.6197509765625,1.1757482290267944,30.0,,0.0,0.0,30.0,180.0,14.121539306640628,26.121539306640628,Leave_One_experiments/all_year_offline_schedule_search/daily_outputs/FQA/FQA_2013_FQA2013_normal_grid_S0031_daily.csv
FQA,FQA,Fengqiu,2013,Leave_One_experiments\wth_generated_qc\FQA\FQA2013.WTH,wet_year;nitrogen_stress_year;low_response_year,wet,FQA2013_normal_grid_S0031,pareto_balanced,2013-09-05,248,92,87,"{""sim_day"": 92.0, ""doy"": 248.0, ""topwt"": 13439.5751953125, ""grnwt"": 7218.648681640625, ""xlai"": 1.0924968719482422, ""totir"": 30.0, ""tofer"": NaN, ""swfac"": 0.0, ""nstres"": 0.0}",0.0,0.0,13439.5751953125,7218.648681640625,1.0924968719482422,30.0,,0.0,0.0,30.0,180.0,14.121539306640628,26.121539306640628,Leave_One_experiments/all_year_offline_schedule_search/daily_outputs/FQA/FQA_2013_FQA2013_normal_grid_S0031_daily.csv
FQA,FQA,Fengqiu,2013,Leave_One_experiments\wth_generated_qc\FQA\FQA2013.WTH,wet_year;nitrogen_stress_year;low_response_year,wet,FQA2013_normal_grid_S0031,pareto_balanced,2013-09-06,249,93,88,"{""sim_day"": 93.0, ""doy"": 249.0, ""topwt"": 13633.0810546875, ""grnwt"": 7412.1539306640625, ""xlai"": 0.998014509677887, ""totir"": 30.0, ""tofer"": NaN, ""swfac"": 0.0, ""nstres"": 0.0}",0.0,0.0,13633.0810546875,7412.1539306640625,0.998014509677887,30.0,,0.0,0.0,30.0,180.0,14.121539306640628,26.121539306640628,Leave_One_experiments/all_year_offline_schedule_search/daily_outputs/FQA/FQA_2013_FQA2013_normal_grid_S0031_daily.csv
FQA,FQA,Fengqiu,2013,Leave_One_experiments\wth_generated_qc\FQA\FQA2013.WTH,wet_year;nitrogen_stress_year;low_response_year,wet,FQA2013_normal_grid_S0031,pareto_balanced,2013-09-07,250,94,89,"{""sim_day"": 94.0, ""doy"": 250.0, ""topwt"": 13633.0810546875, ""grnwt"": 7412.1539306640625, ""xlai"": 0.998014509677887, ""totir"": 30.0, ""tofer"": NaN, ""swfac"": 0.0, ""nstres"": 0.0}",0.0,0.0,13633.0810546875,7412.1539306640625,0.998014509677887,30.0,,0.0,0.0,30.0,180.0,14.121539306640628,26.121539306640628,Leave_One_experiments/all_year_offline_schedule_search/daily_outputs/FQA/FQA_2013_FQA2013_normal_grid_S0031_daily.csv
FQA,FQA,Fengqiu,2013,Leave_One_experiments\wth_generated_qc\FQA\FQA2013.WTH,wet_year;nitrogen_stress_year;low_response_year,wet,FQA2013_normal_grid_S0031,pareto_balanced,2013-09-08,251,95,90,"{""sim_day"": 95.0, ""doy"": 251.0, ""topwt"": 13633.0810546875, ""grnwt"": 7412.1539306640625, ""xlai"": 0.998014509677887, ""totir"": 30.0, ""tofer"": NaN, ""swfac"": 0.0, ""nstres"": 0.0}",0.0,0.0,13633.0810546875,7412.1539306640625,0.998014509677887,30.0,,0.0,0.0,30.0,180.0,14.121539306640628,26.121539306640628,Leave_One_experiments/all_year_offline_schedule_search/daily_outputs/FQA/FQA_2013_FQA2013_normal_grid_S0031_daily.csv
FQA,FQA,Fengqiu,2013,Leave_One_experiments\wth_generated_qc\FQA\FQA2013.WTH,wet_year;nitrogen_stress_year;low_response_year,wet,FQA2013_normal_grid_S0031,pareto_balanced,2013-09-09,252,96,91,"{""sim_day"": 96.0, ""doy"": 252.0, ""topwt"": 13633.0810546875, ""grnwt"": 7412.1539306640625, ""xlai"": 0.998014509677887, ""totir"": 30.0, ""tofer"": NaN, ""swfac"": 0.0, ""nstres"": 0.0}",0.0,0.0,13633.0810546875,7412.1539306640625,0.998014509677887,30.0,,0.0,0.0,30.0,180.0,14.121539306640628,26.121539306640628,Leave_One_experiments/all_year_offline_schedule_search/daily_outputs/FQA/FQA_2013_FQA2013_normal_grid_S0031_daily.csv
FQA,FQA,Fengqiu,2013,Leave_One_experiments\wth_generated_qc\FQA\FQA2013.WTH,wet_year;nitrogen_stress_year;low_response_year,wet,FQA2013_normal_grid_S0032,top_yield,2013-06-11,162,1,1,"{""sim_day"": 1.0, ""doy"": 162.0, ""topwt"": 0.0, ""grnwt"": 0.0, ""xlai"": 0.0, ""totir"": 0.0, ""tofer"": NaN, ""swfac"": 0.0, ""nstres"": 0.0}",0.0,0.0,0.0,0.0,0.0,0.0,,0.0,80.0,40.0,180.0,9.121539306640628,25.121539306640628,Leave_One_experiments/all_year_offline_schedule_search/daily_outputs/FQA/FQA_2013_FQA2013_normal_grid_S0032_daily.csv
FQA,FQA,Fengqiu,2013,Leave_One_experiments\wth_generated_qc\FQA\FQA2013.WTH,wet_year;nitrogen_stress_year;low_response_year,wet,FQA2013_normal_grid_S0032,top_yield,2013-06-12,163,2,2,"{""sim_day"": 2.0, ""doy"": 163.0, ""topwt"": 0.0, ""grnwt"": 0.0, ""xlai"": 0.0, ""totir"": 0.0, ""tofer"": NaN, ""swfac"": 0.0, ""nstres"": 0.0}",0.0,0.0,0.0,0.0,0.0,0.0,,0.0,0.0,40.0,180.0,9.121539306640628,25.121539306640628,Leave_One_experiments/all_year_offline_schedule_search/daily_outputs/FQA/FQA_2013_FQA2013_normal_grid_S0032_daily.csv
FQA,FQA,Fengqiu,2013,Leave_One_experiments\wth_generated_qc\FQA\FQA2013.WTH,wet_year;nitrogen_stress_year;low_response_year,wet,FQA2013_normal_grid_S0032,top_yield,2013-06-13,164,3,3,"{""sim_day"": 3.0, ""doy"": 164.0, ""topwt"": 0.0, ""grnwt"": 0.0, ""xlai"": 0.0, ""totir"": 0.0, ""tofer"": NaN, ""swfac"": 0.0, ""nstres"": 0.0}",0.0,0.0,0.0,0.0,0.0,0.0,,0.0,0.0,40.0,180.0,9.121539306640628,25.121539306640628,Leave_One_experiments/all_year_offline_schedule_search/daily_outputs/FQA/FQA_2013_FQA2013_normal_grid_S0032_daily.csv
FQA,FQA,Fengqiu,2013,Leave_One_experiments\wth_generated_qc\FQA\FQA2013.WTH,wet_year;nitrogen_stress_year;low_response_year,wet,FQA2013_normal_grid_S0032,top_yield,2013-06-14,165,4,4,"{""sim_day"": 4.0, ""doy"": 165.0, ""topwt"": 0.0, ""grnwt"": 0.0, ""xlai"": 0.0, ""totir"": 0.0, ""tofer"": NaN, ""swfac"": 0.0, ""nstres"": 0.0}",0.0,0.0,0.0,0.0,0.0,0.0,,0.0,0.0,40.0,180.0,9.121539306640628,25.121539306640628,Leave_One_experiments/all_year_offline_schedule_search/daily_outputs/FQA/FQA_2013_FQA2013_normal_grid_S0032_daily.csv
FQA,FQA,Fengqiu,2013,Leave_One_experiments\wth_generated_qc\FQA\FQA2013.WTH,wet_year;nitrogen_stress_year;low_response_year,wet,FQA2013_normal_grid_S0032,top_yield,2013-06-15,166,5,5,"{""sim_day"": 5.0, ""doy"": 166.0, ""topwt"": 0.0, ""grnwt"": 0.0, ""xlai"": 0.0, ""totir"": 0.0, ""tofer"": NaN, ""swfac"": 0.0, ""nstres"": 0.0}",0.0,0.0,0.0,0.0,0.0,0.0,,0.0,0.0,40.0,180.0,9.121539306640628,25.121539306640628,Leave_One_experiments/all_year_offline_schedule_search/daily_outputs/FQA/FQA_2013_FQA2013_normal_grid_S0032_daily.csv
FQA,FQA,Fengqiu,2013,Leave_One_experiments\wth_generated_qc\FQA\FQA2013.WTH,wet_year;nitrogen_stress_year;low_response_year,wet,FQA2013_normal_grid_S0032,top_yield,2013-06-11,162,6,1,"{""sim_day"": 6.0, ""doy"": 162.0, ""topwt"": 0.0, ""grnwt"": 0.0, ""xlai"": 0.0, ""totir"": 0.0, ""tofer"": NaN, ""swfac"": 0.0, ""nstres"": 0.0}",0.0,0.0,0.0,0.0,0.0,0.0,,0.0,0.0,40.0,180.0,9.121539306640628,25.121539306640628,Leave_One_experiments/all_year_offline_schedule_search/daily_outputs/FQA/FQA_2013_FQA2013_normal_grid_S0032_daily.csv
FQA,FQA,Fengqiu,2013,Leave_One_experiments\wth_generated_qc\FQA\FQA2013.WTH,wet_year;nitrogen_stress_year;low_response_year,wet,FQA2013_normal_grid_S0032,top_yield,2013-06-12,163,7,2,"{""sim_day"": 7.0, ""doy"": 163.0, ""topwt"": 0.0, ""grnwt"": 0.0, ""xlai"": 0.0, ""totir"": 0.0, ""tofer"": NaN, ""swfac"": 0.0, ""nstres"": 0.0}",0.0,0.0,0.0,0.0,0.0,0.0,,0.0,0.0,40.0,180.0,9.121539306640628,25.121539306640628,Leave_One_experiments/all_year_offline_schedule_search/daily_outputs/FQA/FQA_2013_FQA2013_normal_grid_S0032_daily.csv
FQA,FQA,Fengqiu,2013,Leave_One_experiments\wth_generated_qc\FQA\FQA2013.WTH,wet_year;nitrogen_stress_year;low_response_year,wet,FQA2013_normal_grid_S0032,top_yield,2013-06-13,164,8,3,"{""sim_day"": 8.0, ""doy"": 164.0, ""topwt"": 0.0, ""grnwt"": 0.0, ""xlai"": 0.0, ""totir"": 0.0, ""tofer"": NaN, ""swfac"": 0.0, ""nstres"": 0.0}",0.0,0.0,0.0,0.0,0.0,0.0,,0.0,0.0,40.0,180.0,9.121539306640628,25.121539306640628,Leave_One_experiments/all_year_offline_schedule_search/daily_outputs/FQA/FQA_2013_FQA2013_normal_grid_S0032_daily.csv
FQA,FQA,Fengqiu,2013,Leave_One_experiments\wth_generated_qc\FQA\FQA2013.WTH,wet_year;nitrogen_stress_year;low_response_year,wet,FQA2013_normal_grid_S0032,top_yield,2013-06-14,165,9,4,"{""sim_day"": 9.0, ""doy"": 165.0, ""topwt"": 0.0, ""grnwt"": 0.0, ""xlai"": 0.0, ""totir"": 0.0, ""tofer"": NaN, ""swfac"": 0.0, ""nstres"": 0.0}",0.0,0.0,0.0,0.0,0.0,0.0,,0.0,0.0,40.0,180.0,9.121539306640628,25.121539306640628,Leave_One_experiments/all_year_offline_schedule_search/daily_outputs/FQA/FQA_2013_FQA2013_normal_grid_S0032_daily.csv
FQA,FQA,Fengqiu,2013,Leave_One_experiments\wth_generated_qc\FQA\FQA2013.WTH,wet_year;nitrogen_stress_year;low_response_year,wet,FQA2013_normal_grid_S0032,top_yield,2013-06-15,166,10,5,"{""sim_day"": 10.0, ""doy"": 166.0, ""topwt"": 32.00000047683716, ""grnwt"": 0.0, ""xlai"": 0.003542817896232, ""totir"": 0.0, ""tofer"": NaN, ""swfac"": 0.0, ""nstres"": 0.0121910572052001}",0.0,0.0121910572052001,32.00000047683716,0.0,0.003542817896232,0.0,,0.0,0.0,40.0,180.0,9.121539306640628,25.121539306640628,Leave_One_experiments/all_year_offline_schedule_search/daily_outputs/FQA/FQA_2013_FQA2013_normal_grid_S0032_daily.csv
FQA,FQA,Fengqiu,2013,Leave_One_experiments\wth_generated_qc\FQA\FQA2013.WTH,wet_year;nitrogen_stress_year;low_response_year,wet,FQA2013_normal_grid_S0032,top_yield,2013-06-16,167,11,6,"{""sim_day"": 11.0, ""doy"": 167.0, ""topwt"": 32.00000047683716, ""grnwt"": 0.0, ""xlai"": 0.0068104299716651, ""totir"": 0.0, ""tofer"": NaN, ""swfac"": 0.0, ""nstres"": 0.0}",0.0,0.0,32.00000047683716,0.0,0.0068104299716651,0.0,,0.0,0.0,40.0,180.0,9.121539306640628,25.121539306640628,Leave_One_experiments/all_year_offline_schedule_search/daily_outputs/FQA/FQA_2013_FQA2013_normal_grid_S0032_daily.csv
FQA,FQA,Fengqiu,2013,Leave_One_experiments\wth_generated_qc\FQA\FQA2013.WTH,wet_year;nitrogen_stress_year;low_response_year,wet,FQA2013_normal_grid_S0032,top_yield,2013-06-17,168,12,7,"{""sim_day"": 12.0, ""doy"": 168.0, ""topwt"": 32.00000047683716, ""grnwt"": 0.0, ""xlai"": 0.0098160924389958, ""totir"": 0.0, ""tofer"": NaN, ""swfac"": 0.0, ""nstres"": 0.0}",0.0,0.0,32.00000047683716,0.0,0.0098160924389958,0.0,,0.0,0.0,40.0,180.0,9.121539306640628,25.121539306640628,Leave_One_experiments/all_year_offline_schedule_search/daily_outputs/FQA/FQA_2013_FQA2013_normal_grid_S0032_daily.csv
FQA,FQA,Fengqiu,2013,Leave_One_experiments\wth_generated_qc\FQA\FQA2013.WTH,wet_year;nitrogen_stress_year;low_response_year,wet,FQA2013_normal_grid_S0032,top_yield,2013-06-18,169,13,8,"{""sim_day"": 13.0, ""doy"": 169.0, ""topwt"": 32.00000047683716, ""grnwt"": 0.0, ""xlai"": 0.0133564453572034, ""totir"": 0.0, ""tofer"": NaN, ""swfac"": 0.0, ""nstres"": 0.0}",0.0,0.0,32.00000047683716,0.0,0.0133564453572034,0.0,,0.0,0.0,40.0,180.0,9.121539306640628,25.121539306640628,Leave_One_experiments/all_year_offline_schedule_search/daily_outputs/FQA/FQA_2013_FQA2013_normal_grid_S0032_daily.csv
FQA,FQA,Fengqiu,2013,Leave_One_experiments\wth_generated_qc\FQA\FQA2013.WTH,wet_year;nitrogen_stress_year;low_response_year,wet,FQA2013_normal_grid_S0032,top_yield,2013-06-19,170,14,9,"{""sim_day"": 14.0, ""doy"": 170.0, ""topwt"": 32.00000047683716, ""grnwt"": 0.0, ""xlai"": 0.0173755548894405, ""totir"": 0.0, ""tofer"": NaN, ""swfac"": 0.0, ""nstres"": 0.0}",0.0,0.0,32.00000047683716,0.0,0.0173755548894405,0.0,,0.0,0.0,40.0,180.0,9.121539306640628,25.121539306640628,Leave_One_experiments/all_year_offline_schedule_search/daily_outputs/FQA/FQA_2013_FQA2013_normal_grid_S0032_daily.csv
FQA,FQA,Fengqiu,2013,Leave_One_experiments\wth_generated_qc\FQA\FQA2013.WTH,wet_year;nitrogen_stress_year;low_response_year,wet,FQA2013_normal_grid_S0032,top_yield,2013-06-20,171,15,10,"{""sim_day"": 15.0, ""doy"": 171.0, ""topwt"": 32.00000047683716, ""grnwt"": 0.0, ""xlai"": 0.0208528526127338, ""totir"": 0.0, ""tofer"": NaN, ""swfac"": 0.0, ""nstres"": 0.0}",0.0,0.0,32.00000047683716,0.0,0.0208528526127338,0.0,,0.0,0.0,40.0,180.0,9.121539306640628,25.121539306640628,Leave_One_experiments/all_year_offline_schedule_search/daily_outputs/FQA/FQA_2013_FQA2013_normal_grid_S0032_daily.csv
FQA,FQA,Fengqiu,2013,Leave_One_experiments\wth_generated_qc\FQA\FQA2013.WTH,wet_year;nitrogen_stress_year;low_response_year,wet,FQA2013_normal_grid_S0032,top_yield,2013-06-21,172,16,11,"{""sim_day"": 16.0, ""doy"": 172.0, ""topwt"": 23.84869337081909, ""grnwt"": 0.0, ""xlai"": 0.0331518873572349, ""totir"": 0.0, ""tofer"": NaN, ""swfac"": 0.0, ""nstres"": 0.0}",0.0,0.0,23.84869337081909,0.0,0.0331518873572349,0.0,,0.0,0.0,40.0,180.0,9.121539306640628,25.121539306640628,Leave_One_experiments/all_year_offline_schedule_search/daily_outputs/FQA/FQA_2013_FQA2013_normal_grid_S0032_daily.csv
FQA,FQA,Fengqiu,2013,Leave_One_experiments\wth_generated_qc\FQA\FQA2013.WTH,wet_year;nitrogen_stress_year;low_response_year,wet,FQA2013_normal_grid_S0032,top_yield,2013-06-22,173,17,12,"{""sim_day"": 17.0, ""doy"": 173.0, ""topwt"": 28.248732089996334, ""grnwt"": 0.0, ""xlai"": 0.0472590774297714, ""totir"": 0.0, ""tofer"": NaN, ""swfac"": 0.0, ""nstres"": 0.0}",0.0,0.0,28.248732089996334,0.0,0.0472590774297714,0.0,,0.0,0.0,40.0,180.0,9.121539306640628,25.121539306640628,Leave_One_experiments/all_year_offline_schedule_search/daily_outputs/FQA/FQA_2013_FQA2013_normal_grid_S0032_daily.csv
FQA,FQA,Fengqiu,2013,Leave_One_experiments\wth_generated_qc\FQA\FQA2013.WTH,wet_year;nitrogen_stress_year;low_response_year,wet,FQA2013_normal_grid_S0032,top_yield,2013-06-23,174,18,13,"{""sim_day"": 18.0, ""doy"": 174.0, ""topwt"": 33.70046615600586, ""grnwt"": 0.0, ""xlai"": 0.0633482336997985, ""totir"": 0.0, ""tofer"": NaN, ""swfac"": 0.0, ""nstres"": 0.0}",0.0,0.0,33.70046615600586,0.0,0.0633482336997985,0.0,,0.0,0.0,40.0,180.0,9.121539306640628,25.121539306640628,Leave_One_experiments/all_year_offline_schedule_search/daily_outputs/FQA/FQA_2013_FQA2013_normal_grid_S0032_daily.csv
FQA,FQA,Fengqiu,2013,Leave_One_experiments\wth_generated_qc\FQA\FQA2013.WTH,wet_year;nitrogen_stress_year;low_response_year,wet,FQA2013_normal_grid_S0032,top_yield,2013-06-24,175,19,14,"{""sim_day"": 19.0, ""doy"": 175.0, ""topwt"": 40.98158836364746, ""grnwt"": 0.0, ""xlai"": 0.0833106562495231, ""totir"": 0.0, ""tofer"": NaN, ""swfac"": 0.0, ""nstres"": 0.0}",0.0,0.0,40.98158836364746,0.0,0.0833106562495231,0.0,,0.0,0.0,40.0,180.0,9.121539306640628,25.121539306640628,Leave_One_experiments/all_year_offline_schedule_search/daily_outputs/FQA/FQA_2013_FQA2013_normal_grid_S0032_daily.csv
FQA,FQA,Fengqiu,2013,Leave_One_experiments\wth_generated_qc\FQA\FQA2013.WTH,wet_year;nitrogen_stress_year;low_response_year,wet,FQA2013_normal_grid_S0032,top_yield,2013-06-25,176,20,15,"{""sim_day"": 20.0, ""doy"": 176.0, ""topwt"": 48.29512596130371, ""grnwt"": 0.0, ""xlai"": 0.1021565049886703, ""totir"": 0.0, ""tofer"": NaN, ""swfac"": 0.0, ""nstres"": 0.0}",0.0,0.0,48.29512596130371,0.0,0.1021565049886703,0.0,,0.0,0.0,40.0,180.0,9.121539306640628,25.121539306640628,Leave_One_experiments/all_year_offline_schedule_search/daily_outputs/FQA/FQA_2013_FQA2013_normal_grid_S0032_daily.csv
FQA,FQA,Fengqiu,2013,Leave_One_experiments\wth_generated_qc\FQA\FQA2013.WTH,wet_year;nitrogen_stress_year;low_response_year,wet,FQA2013_normal_grid_S0032,top_yield,2013-06-26,177,21,16,"{""sim_day"": 21.0, ""doy"": 177.0, ""topwt"": 58.70063304901123, ""grnwt"": 0.0, ""xlai"": 0.1274983137845993, ""totir"": 0.0, ""tofer"": NaN, ""swfac"": 0.0, ""nstres"": 0.0}",0.0,0.0,58.70063304901123,0.0,0.1274983137845993,0.0,,0.0,0.0,40.0,180.0,9.121539306640628,25.121539306640628,Leave_One_experiments/all_year_offline_schedule_search/daily_outputs/FQA/FQA_2013_FQA2013_normal_grid_S0032_daily.csv
FQA,FQA,Fengqiu,2013,Leave_One_experiments\wth_generated_qc\FQA\FQA2013.WTH,wet_year;nitrogen_stress_year;low_response_year,wet,FQA2013_normal_grid_S0032,top_yield,2013-06-27,178,22,17,"{""sim_day"": 22.0, ""doy"": 178.0, ""topwt"": 71.35904788970947, ""grnwt"": 0.0, ""xlai"": 0.1566244214773178, ""totir"": 0.0, ""tofer"": NaN, ""swfac"": 0.0, ""nstres"": 0.0}",0.0,0.0,71.35904788970947,0.0,0.1566244214773178,0.0,,0.0,0.0,40.0,180.0,9.121539306640628,25.121539306640628,Leave_One_experiments/all_year_offline_schedule_search/daily_outputs/FQA/FQA_2013_FQA2013_normal_grid_S0032_daily.csv
FQA,FQA,Fengqiu,2013,Leave_One_experiments\wth_generated_qc\FQA\FQA2013.WTH,wet_year;nitrogen_stress_year;low_response_year,wet,FQA2013_normal_grid_S0032,top_yield,2013-06-28,179,23,18,"{""sim_day"": 23.0, ""doy"": 179.0, ""topwt"": 84.37240600585938, ""grnwt"": 0.0, ""xlai"": 0.1851120293140411, ""totir"": 0.0, ""tofer"": NaN, ""swfac"": 0.0, ""nstres"": 0.0}",0.0,0.0,84.37240600585938,0.0,0.1851120293140411,0.0,,0.0,0.0,40.0,180.0,9.121539306640628,25.121539306640628,Leave_One_experiments/all_year_offline_schedule_search/daily_outputs/FQA/FQA_2013_FQA2013_normal_grid_S0032_daily.csv
FQA,FQA,Fengqiu,2013,Leave_One_experiments\wth_generated_qc\FQA\FQA2013.WTH,wet_year;nitrogen_stress_year;low_response_year,wet,FQA2013_normal_grid_S0032,top_yield,2013-06-29,180,24,19,"{""sim_day"": 24.0, ""doy"": 180.0, ""topwt"": 99.85020637512208, ""grnwt"": 0.0, ""xlai"": 0.2175229489803314, ""totir"": 0.0, ""tofer"": NaN, ""swfac"": 0.0, ""nstres"": 0.0}",0.0,0.0,99.85020637512208,0.0,0.2175229489803314,0.0,,0.0,0.0,40.0,180.0,9.121539306640628,25.121539306640628,Leave_One_experiments/all_year_offline_schedule_search/daily_outputs/FQA/FQA_2013_FQA2013_normal_grid_S0032_daily.csv
FQA,FQA,Fengqiu,2013,Leave_One_experiments\wth_generated_qc\FQA\FQA2013.WTH,wet_year;nitrogen_stress_year;low_response_year,wet,FQA2013_normal_grid_S0032,top_yield,2013-06-30,181,25,20,"{""sim_day"": 25.0, ""doy"": 181.0, ""topwt"": 118.67403984069824, ""grnwt"": 0.0, ""xlai"": 0.2542327046394348, ""totir"": 0.0, ""tofer"": NaN, ""swfac"": 0.0, ""nstres"": 0.0}",0.0,0.0,118.67403984069824,0.0,0.2542327046394348,0.0,,0.0,0.0,40.0,180.0,9.121539306640628,25.121539306640628,Leave_One_experiments/all_year_offline_schedule_search/daily_outputs/FQA/FQA_2013_FQA2013_normal_grid_S0032_daily.csv
FQA,FQA,Fengqiu,2013,Leave_One_experiments\wth_generated_qc\FQA\FQA2013.WTH,wet_year;nitrogen_stress_year;low_response_year,wet,FQA2013_normal_grid_S0032,top_yield,2013-07-01,182,26,21,"{""sim_day"": 26.0, ""doy"": 182.0, ""topwt"": 137.1714210510254, ""grnwt"": 0.0, ""xlai"": 0.2909667789936065, ""totir"": 0.0, ""tofer"": NaN, ""swfac"": 0.0, ""nstres"": 0.0}",0.0,0.0,137.1714210510254,0.0,0.2909667789936065,0.0,,0.0,0.0,40.0,180.0,9.121539306640628,25.121539306640628,Leave_One_experiments/all_year_offline_schedule_search/daily_outputs/FQA/FQA_2013_FQA2013_normal_grid_S0032_daily.csv
FQA,FQA,Fengqiu,2013,Leave_One_experiments\wth_generated_qc\FQA\FQA2013.WTH,wet_year;nitrogen_stress_year;low_response_year,wet,FQA2013_normal_grid_S0032,top_yield,2013-07-02,183,27,22,"{""sim_day"": 27.0, ""doy"": 183.0, ""topwt"": 157.43685722351074, ""grnwt"": 0.0, ""xlai"": 0.3296810388565063, ""totir"": 0.0, ""tofer"": NaN, ""swfac"": 0.0, ""nstres"": 0.0}",0.0,0.0,157.43685722351074,0.0,0.3296810388565063,0.0,,0.0,0.0,40.0,180.0,9.121539306640628,25.121539306640628,Leave_One_experiments/all_year_offline_schedule_search/daily_outputs/FQA/FQA_2013_FQA2013_normal_grid_S0032_daily.csv
FQA,FQA,Fengqiu,2013,Leave_One_experiments\wth_generated_qc\FQA\FQA2013.WTH,wet_year;nitrogen_stress_year;low_response_year,wet,FQA2013_normal_grid_S0032,top_yield,2013-07-03,184,28,23,"{""sim_day"": 28.0, ""doy"": 184.0, ""topwt"": 171.18885040283203, ""grnwt"": 0.0, ""xlai"": 0.355078786611557, ""totir"": 0.0, ""tofer"": NaN, ""swfac"": 0.0, ""nstres"": 0.0}",0.0,0.0,171.18885040283203,0.0,0.355078786611557,0.0,,0.0,0.0,40.0,180.0,9.121539306640628,25.121539306640628,Leave_One_experiments/all_year_offline_schedule_search/daily_outputs/FQA/FQA_2013_FQA2013_normal_grid_S0032_daily.csv
FQA,FQA,Fengqiu,2013,Leave_One_experiments\wth_generated_qc\FQA\FQA2013.WTH,wet_year;nitrogen_stress_year;low_response_year,wet,FQA2013_normal_grid_S0032,top_yield,2013-07-04,185,29,24,"{""sim_day"": 29.0, ""doy"": 185.0, ""topwt"": 191.0153007507324, ""grnwt"": 0.0, ""xlai"": 0.3905094563961029, ""totir"": 0.0, ""tofer"": NaN, ""swfac"": 0.0, ""nstres"": 0.0}",0.0,0.0,191.0153007507324,0.0,0.3905094563961029,0.0,,0.0,0.0,40.0,180.0,9.121539306640628,25.121539306640628,Leave_One_experiments/all_year_offline_schedule_search/daily_outputs/FQA/FQA_2013_FQA2013_normal_grid_S0032_daily.csv
FQA,FQA,Fengqiu,2013,Leave_One_experiments\wth_generated_qc\FQA\FQA2013.WTH,wet_year;nitrogen_stress_year;low_response_year,wet,FQA2013_normal_grid_S0032,top_yield,2013-07-05,186,30,25,"{""sim_day"": 30.0, ""doy"": 186.0, ""topwt"": 213.88687133789065, ""grnwt"": 0.0, ""xlai"": 0.4298600554466247, ""totir"": 0.0, ""tofer"": NaN, ""swfac"": 0.0, ""nstres"": 0.0}",0.0,0.0,213.88687133789065,0.0,0.4298600554466247,0.0,,0.0,0.0,40.0,180.0,9.121539306640628,25.121539306640628,Leave_One_experiments/all_year_offline_schedule_search/daily_outputs/FQA/FQA_2013_FQA2013_normal_grid_S0032_daily.csv
FQA,FQA,Fengqiu,2013,Leave_One_experiments\wth_generated_qc\FQA\FQA2013.WTH,wet_year;nitrogen_stress_year;low_response_year,wet,FQA2013_normal_grid_S0032,top_yield,2013-07-06,187,31,26,"{""sim_day"": 31.0, ""doy"": 187.0, ""topwt"": 242.82567977905276, ""grnwt"": 0.0, ""xlai"": 0.4776237308979034, ""totir"": 0.0, ""tofer"": NaN, ""swfac"": 0.0, ""nstres"": 0.0}",0.0,0.0,242.82567977905276,0.0,0.4776237308979034,0.0,,0.0,0.0,40.0,180.0,9.121539306640628,25.121539306640628,Leave_One_experiments/all_year_offline_schedule_search/daily_outputs/FQA/FQA_2013_FQA2013_normal_grid_S0032_daily.csv
FQA,FQA,Fengqiu,2013,Leave_One_experiments\wth_generated_qc\FQA\FQA2013.WTH,wet_year;nitrogen_stress_year;low_response_year,wet,FQA2013_normal_grid_S0032,top_yield,2013-07-07,188,32,27,"{""sim_day"": 32.0, ""doy"": 188.0, ""topwt"": 275.22483825683594, ""grnwt"": 0.0, ""xlai"": 0.5287771224975586, ""totir"": 0.0, ""tofer"": NaN, ""swfac"": 0.0, ""nstres"": 0.0}",0.0,0.0,275.22483825683594,0.0,0.5287771224975586,0.0,,0.0,0.0,40.0,180.0,9.121539306640628,25.121539306640628,Leave_One_experiments/all_year_offline_schedule_search/daily_outputs/FQA/FQA_2013_FQA2013_normal_grid_S0032_daily.csv
FQA,FQA,Fengqiu,2013,Leave_One_experiments\wth_generated_qc\FQA\FQA2013.WTH,wet_year;nitrogen_stress_year;low_response_year,wet,FQA2013_normal_grid_S0032,top_yield,2013-07-08,189,33,28,"{""sim_day"": 33.0, ""doy"": 189.0, ""topwt"": 311.71804428100586, ""grnwt"": 0.0, ""xlai"": 0.5838221311569214, ""totir"": 0.0, ""tofer"": NaN, ""swfac"": 0.0, ""nstres"": 0.0}",0.0,0.0,311.71804428100586,0.0,0.5838221311569214,0.0,,0.0,0.0,40.0,180.0,9.121539306640628,25.121539306640628,Leave_One_experiments/all_year_offline_schedule_search/daily_outputs/FQA/FQA_2013_FQA2013_normal_grid_S0032_daily.csv
FQA,FQA,Fengqiu,2013,Leave_One_experiments\wth_generated_qc\FQA\FQA2013.WTH,wet_year;nitrogen_stress_year;low_response_year,wet,FQA2013_normal_grid_S0032,top_yield,2013-07-09,190,34,29,"{""sim_day"": 34.0, ""doy"": 190.0, ""topwt"": 352.99503326416016, ""grnwt"": 0.0, ""xlai"": 0.64322429895401, ""totir"": 0.0, ""tofer"": NaN, ""swfac"": 0.0, ""nstres"": 0.0}",0.0,0.0,352.99503326416016,0.0,0.64322429895401,0.0,,0.0,0.0,40.0,180.0,9.121539306640628,25.121539306640628,Leave_One_experiments/all_year_offline_schedule_search/daily_outputs/FQA/FQA_2013_FQA2013_normal_grid_S0032_daily.csv
FQA,FQA,Fengqiu,2013,Leave_One_experiments\wth_generated_qc\FQA\FQA2013.WTH,wet_year;nitrogen_stress_year;low_response_year,wet,FQA2013_normal_grid_S0032,top_yield,2013-07-10,191,35,30,"{""sim_day"": 35.0, ""doy"": 191.0, ""topwt"": 398.46309661865234, ""grnwt"": 0.0, ""xlai"": 0.7055925130844116, ""totir"": 0.0, ""tofer"": NaN, ""swfac"": 0.0, ""nstres"": 0.0}",0.0,0.0,398.46309661865234,0.0,0.7055925130844116,0.0,,0.0,50.0,40.0,180.0,9.121539306640628,25.121539306640628,Leave_One_experiments/all_year_offline_schedule_search/daily_outputs/FQA/FQA_2013_FQA2013_normal_grid_S0032_daily.csv
FQA,FQA,Fengqiu,2013,Leave_One_experiments\wth_generated_qc\FQA\FQA2013.WTH,wet_year;nitrogen_stress_year;low_response_year,wet,FQA2013_normal_grid_S0032,top_yield,2013-07-11,192,36,31,"{""sim_day"": 36.0, ""doy"": 192.0, ""topwt"": 449.9106216430664, ""grnwt"": 0.0, ""xlai"": 0.7727953195571899, ""totir"": 0.0, ""tofer"": NaN, ""swfac"": 0.0, ""nstres"": 0.0}",0.0,0.0,449.9106216430664,0.0,0.7727953195571899,0.0,,0.0,0.0,40.0,180.0,9.121539306640628,25.121539306640628,Leave_One_experiments/all_year_offline_schedule_search/daily_outputs/FQA/FQA_2013_FQA2013_normal_grid_S0032_daily.csv
FQA,FQA,Fengqiu,2013,Leave_One_experiments\wth_generated_qc\FQA\FQA2013.WTH,wet_year;nitrogen_stress_year;low_response_year,wet,FQA2013_normal_grid_S0032,top_yield,2013-07-12,193,37,32,"{""sim_day"": 37.0, ""doy"": 193.0, ""topwt"": 508.21285247802734, ""grnwt"": 0.0, ""xlai"": 0.8452360033988953, ""totir"": 0.0, ""tofer"": NaN, ""swfac"": 0.0, ""nstres"": 0.0}",0.0,0.0,508.21285247802734,0.0,0.8452360033988953,0.0,,0.0,0.0,40.0,180.0,9.121539306640628,25.121539306640628,Leave_One_experiments/all_year_offline_schedule_search/daily_outputs/FQA/FQA_2013_FQA2013_normal_grid_S0032_daily.csv
FQA,FQA,Fengqiu,2013,Leave_One_experiments\wth_generated_qc\FQA\FQA2013.WTH,wet_year;nitrogen_stress_year;low_response_year,wet,FQA2013_normal_grid_S0032,top_yield,2013-07-13,194,38,33,"{""sim_day"": 38.0, ""doy"": 194.0, ""topwt"": 573.6058044433594, ""grnwt"": 0.0, ""xlai"": 0.9224511384963988, ""totir"": 0.0, ""tofer"": NaN, ""swfac"": 0.0, ""nstres"": 0.0}",0.0,0.0,573.6058044433594,0.0,0.9224511384963988,0.0,,0.0,0.0,40.0,180.0,9.121539306640628,25.121539306640628,Leave_One_experiments/all_year_offline_schedule_search/daily_outputs/FQA/FQA_2013_FQA2013_normal_grid_S0032_daily.csv
FQA,FQA,Fengqiu,2013,Leave_One_experiments\wth_generated_qc\FQA\FQA2013.WTH,wet_year;nitrogen_stress_year;low_response_year,wet,FQA2013_normal_grid_S0032,top_yield,2013-07-14,195,39,34,"{""sim_day"": 39.0, ""doy"": 195.0, ""topwt"": 646.1643981933594, ""grnwt"": 0.0, ""xlai"": 1.003823161125183, ""totir"": 0.0, ""tofer"": NaN, ""swfac"": 0.0, ""nstres"": 0.0}",0.0,0.0,646.1643981933594,0.0,1.003823161125183,0.0,,0.0,0.0,40.0,180.0,9.121539306640628,25.121539306640628,Leave_One_experiments/all_year_offline_schedule_search/daily_outputs/FQA/FQA_2013_FQA2013_normal_grid_S0032_daily.csv
FQA,FQA,Fengqiu,2013,Leave_One_experiments\wth_generated_qc\FQA\FQA2013.WTH,wet_year;nitrogen_stress_year;low_response_year,wet,FQA2013_normal_grid_S0032,top_yield,2013-07-15,196,40,35,"{""sim_day"": 40.0, ""doy"": 196.0, ""topwt"": 726.5978240966797, ""grnwt"": 0.0, ""xlai"": 1.0894606113433838, ""totir"": 0.0, ""tofer"": NaN, ""swfac"": 0.0, ""nstres"": 0.0}",0.0,0.0,726.5978240966797,0.0,1.0894606113433838,0.0,,0.0,0.0,40.0,180.0,9.121539306640628,25.121539306640628,Leave_One_experiments/all_year_offline_schedule_search/daily_outputs/FQA/FQA_2013_FQA2013_normal_grid_S0032_daily.csv
FQA,FQA,Fengqiu,2013,Leave_One_experiments\wth_generated_qc\FQA\FQA2013.WTH,wet_year;nitrogen_stress_year;low_response_year,wet,FQA2013_normal_grid_S0032,top_yield,2013-07-16,197,41,36,"{""sim_day"": 41.0, ""doy"": 197.0, ""topwt"": 815.6755065917969, ""grnwt"": 0.0, ""xlai"": 1.1794718503952026, ""totir"": 0.0, ""tofer"": NaN, ""swfac"": 0.0, ""nstres"": 0.0}",0.0,0.0,815.6755065917969,0.0,1.1794718503952026,0.0,,0.0,0.0,40.0,180.0,9.121539306640628,25.121539306640628,Leave_One_experiments/all_year_offline_schedule_search/daily_outputs/FQA/FQA_2013_FQA2013_normal_grid_S0032_daily.csv
FQA,FQA,Fengqiu,2013,Leave_One_experiments\wth_generated_qc\FQA\FQA2013.WTH,wet_year;nitrogen_stress_year;low_response_year,wet,FQA2013_normal_grid_S0032,top_yield,2013-07-17,198,42,37,"{""sim_day"": 42.0, ""doy"": 198.0, ""topwt"": 874.78271484375, ""grnwt"": 0.0, ""xlai"": 1.2365549802780151, ""totir"": 0.0, ""tofer"": NaN, ""swfac"": 0.0, ""nstres"": 0.0}",0.0,0.0,874.78271484375,0.0,1.2365549802780151,0.0,,0.0,0.0,40.0,180.0,9.121539306640628,25.121539306640628,Leave_One_experiments/all_year_offline_schedule_search/daily_outputs/FQA/FQA_2013_FQA2013_normal_grid_S0032_daily.csv
FQA,FQA,Fengqiu,2013,Leave_One_experiments\wth_generated_qc\FQA\FQA2013.WTH,wet_year;nitrogen_stress_year;low_response_year,wet,FQA2013_normal_grid_S0032,top_yield,2013-07-18,199,43,38,"{""sim_day"": 43.0, ""doy"": 199.0, ""topwt"": 961.3412475585938, ""grnwt"": 0.0, ""xlai"": 1.316793441772461, ""totir"": 0.0, ""tofer"": NaN, ""swfac"": 0.0, ""nstres"": 0.0}",0.0,0.0,961.3412475585938,0.0,1.316793441772461,0.0,,0.0,0.0,40.0,180.0,9.121539306640628,25.121539306640628,Leave_One_experiments/all_year_offline_schedule_search/daily_outputs/FQA/FQA_2013_FQA2013_normal_grid_S0032_daily.csv
FQA,FQA,Fengqiu,2013,Leave_One_experiments\wth_generated_qc\FQA\FQA2013.WTH,wet_year;nitrogen_stress_year;low_response_year,wet,FQA2013_normal_grid_S0032,top_yield,2013-07-19,200,44,39,"{""sim_day"": 44.0, ""doy"": 200.0, ""topwt"": 1061.779327392578, ""grnwt"": 0.0, ""xlai"": 1.405471920967102, ""totir"": 0.0, ""tofer"": NaN, ""swfac"": 0.0, ""nstres"": 0.0}",0.0,0.0,1061.779327392578,0.0,1.405471920967102,0.0,,0.0,0.0,40.0,180.0,9.121539306640628,25.121539306640628,Leave_One_experiments/all_year_offline_schedule_search/daily_outputs/FQA/FQA_2013_FQA2013_normal_grid_S0032_daily.csv
FQA,FQA,Fengqiu,2013,Leave_One_experiments\wth_generated_qc\FQA\FQA2013.WTH,wet_year;nitrogen_stress_year;low_response_year,wet,FQA2013_normal_grid_S0032,top_yield,2013-07-20,201,45,40,"{""sim_day"": 45.0, ""doy"": 201.0, ""topwt"": 1184.5333099365234, ""grnwt"": 0.0, ""xlai"": 1.508516788482666, ""totir"": 0.0, ""tofer"": NaN, ""swfac"": 0.0, ""nstres"": 0.0}",0.0,0.0,1184.5333099365234,0.0,1.508516788482666,0.0,,0.0,0.0,40.0,180.0,9.121539306640628,25.121539306640628,Leave_One_experiments/all_year_offline_schedule_search/daily_outputs/FQA/FQA_2013_FQA2013_normal_grid_S0032_daily.csv
FQA,FQA,Fengqiu,2013,Leave_One_experiments\wth_generated_qc\FQA\FQA2013.WTH,wet_year;nitrogen_stress_year;low_response_year,wet,FQA2013_normal_grid_S0032,top_yield,2013-07-21,202,46,41,"{""sim_day"": 46.0, ""doy"": 202.0, ""topwt"": 1313.6610412597656, ""grnwt"": 0.0, ""xlai"": 1.553640604019165, ""totir"": 0.0, ""tofer"": NaN, ""swfac"": 0.0, ""nstres"": 0.0}",0.0,0.0,1313.6610412597656,0.0,1.553640604019165,0.0,,0.0,0.0,40.0,180.0,9.121539306640628,25.121539306640628,Leave_One_experiments/all_year_offline_schedule_search/daily_outputs/FQA/FQA_2013_FQA2013_normal_grid_S0032_daily.csv
FQA,FQA,Fengqiu,2013,Leave_One_experiments\wth_generated_qc\FQA\FQA2013.WTH,wet_year;nitrogen_stress_year;low_response_year,wet,FQA2013_normal_grid_S0032,top_yield,2013-07-22,203,47,42,"{""sim_day"": 47.0, ""doy"": 203.0, ""topwt"": 1485.7241821289062, ""grnwt"": 0.0, ""xlai"": 1.6112409830093384, ""totir"": 0.0, ""tofer"": NaN, ""swfac"": 0.0, ""nstres"": 0.0}",0.0,0.0,1485.7241821289062,0.0,1.6112409830093384,0.0,,0.0,0.0,40.0,180.0,9.121539306640628,25.121539306640628,Leave_One_experiments/all_year_offline_schedule_search/daily_outputs/FQA/FQA_2013_FQA2013_normal_grid_S0032_daily.csv
FQA,FQA,Fengqiu,2013,Leave_One_experiments\wth_generated_qc\FQA\FQA2013.WTH,wet_year;nitrogen_stress_year;low_response_year,wet,FQA2013_normal_grid_S0032,top_yield,2013-07-23,204,48,43,"{""sim_day"": 48.0, ""doy"": 204.0, ""topwt"": 1640.5984497070312, ""grnwt"": 0.0, ""xlai"": 1.6606462001800537, ""totir"": 0.0, ""tofer"": NaN, ""swfac"": 0.0, ""nstres"": 0.0}",0.0,0.0,1640.5984497070312,0.0,1.6606462001800537,0.0,,0.0,0.0,40.0,180.0,9.121539306640628,25.121539306640628,Leave_One_experiments/all_year_offline_schedule_search/daily_outputs/FQA/FQA_2013_FQA2013_normal_grid_S0032_daily.csv
FQA,FQA,Fengqiu,2013,Leave_One_experiments\wth_generated_qc\FQA\FQA2013.WTH,wet_year;nitrogen_stress_year;low_response_year,wet,FQA2013_normal_grid_S0032,top_yield,2013-07-24,205,49,44,"{""sim_day"": 49.0, ""doy"": 205.0, ""topwt"": 1860.0341796875, ""grnwt"": 0.0, ""xlai"": 1.727292537689209, ""totir"": 0.0, ""tofer"": NaN, ""swfac"": 0.0, ""nstres"": 0.0}",0.0,0.0,1860.0341796875,0.0,1.727292537689209,0.0,,0.0,0.0,40.0,180.0,9.121539306640628,25.121539306640628,Leave_One_experiments/all_year_offline_schedule_search/daily_outputs/FQA/FQA_2013_FQA2013_normal_grid_S0032_daily.csv
FQA,FQA,Fengqiu,2013,Leave_One_experiments\wth_generated_qc\FQA\FQA2013.WTH,wet_year;nitrogen_stress_year;low_response_year,wet,FQA2013_normal_grid_S0032,top_yield,2013-07-25,206,50,45,"{""sim_day"": 50.0, ""doy"": 206.0, ""topwt"": 2125.9439086914062, ""grnwt"": 0.0, ""xlai"": 1.804429292678833, ""totir"": 0.0, ""tofer"": NaN, ""swfac"": 0.0, ""nstres"": 0.0}",0.0,0.0,2125.9439086914062,0.0,1.804429292678833,0.0,,0.0,0.0,40.0,180.0,9.121539306640628,25.121539306640628,Leave_One_experiments/all_year_offline_schedule_search/daily_outputs/FQA/FQA_2013_FQA2013_normal_grid_S0032_daily.csv
FQA,FQA,Fengqiu,2013,Leave_One_experiments\wth_generated_qc\FQA\FQA2013.WTH,wet_year;nitrogen_stress_year;low_response_year,wet,FQA2013_normal_grid_S0032,top_yield,2013-07-26,207,51,46,"{""sim_day"": 51.0, ""doy"": 207.0, ""topwt"": 2404.258117675781, ""grnwt"": 0.0, ""xlai"": 1.8818769454956052, ""totir"": 0.0, ""tofer"": NaN, ""swfac"": 0.0, ""nstres"": 0.0}",0.0,0.0,2404.258117675781,0.0,1.8818769454956052,0.0,,0.0,0.0,40.0,180.0,9.121539306640628,25.121539306640628,Leave_One_experiments/all_year_offline_schedule_search/daily_outputs/FQA/FQA_2013_FQA2013_normal_grid_S0032_daily.csv
FQA,FQA,Fengqiu,2013,Leave_One_experiments\wth_generated_qc\FQA\FQA2013.WTH,wet_year;nitrogen_stress_year;low_response_year,wet,FQA2013_normal_grid_S0032,top_yield,2013-07-27,208,52,47,"{""sim_day"": 52.0, ""doy"": 208.0, ""topwt"": 2628.7652587890625, ""grnwt"": 0.0, ""xlai"": 1.941985249519348, ""totir"": 0.0, ""tofer"": NaN, ""swfac"": 0.0, ""nstres"": 0.0}",0.0,0.0,2628.7652587890625,0.0,1.941985249519348,0.0,,0.0,0.0,40.0,180.0,9.121539306640628,25.121539306640628,Leave_One_experiments/all_year_offline_schedule_search/daily_outputs/FQA/FQA_2013_FQA2013_normal_grid_S0032_daily.csv
FQA,FQA,Fengqiu,2013,Leave_One_experiments\wth_generated_qc\FQA\FQA2013.WTH,wet_year;nitrogen_stress_year;low_response_year,wet,FQA2013_normal_grid_S0032,top_yield,2013-07-28,209,53,48,"{""sim_day"": 53.0, ""doy"": 209.0, ""topwt"": 2909.458923339844, ""grnwt"": 0.0, ""xlai"": 2.0145297050476074, ""totir"": 0.0, ""tofer"": NaN, ""swfac"": 0.0, ""nstres"": 0.0}",0.0,0.0,2909.458923339844,0.0,2.0145297050476074,0.0,,0.0,0.0,40.0,180.0,9.121539306640628,25.121539306640628,Leave_One_experiments/all_year_offline_schedule_search/daily_outputs/FQA/FQA_2013_FQA2013_normal_grid_S0032_daily.csv
FQA,FQA,Fengqiu,2013,Leave_One_experiments\wth_generated_qc\FQA\FQA2013.WTH,wet_year;nitrogen_stress_year;low_response_year,wet,FQA2013_normal_grid_S0032,top_yield,2013-07-29,210,54,49,"{""sim_day"": 54.0, ""doy"": 210.0, ""topwt"": 3177.664794921875, ""grnwt"": 0.0, ""xlai"": 2.083714723587036, ""totir"": 0.0, ""tofer"": NaN, ""swfac"": 0.0, ""nstres"": 0.0}",0.0,0.0,3177.664794921875,0.0,2.083714723587036,0.0,,0.0,0.0,40.0,180.0,9.121539306640628,25.121539306640628,Leave_One_experiments/all_year_offline_schedule_search/daily_outputs/FQA/FQA_2013_FQA2013_normal_grid_S0032_daily.csv
FQA,FQA,Fengqiu,2013,Leave_One_experiments\wth_generated_qc\FQA\FQA2013.WTH,wet_year;nitrogen_stress_year;low_response_year,wet,FQA2013_normal_grid_S0032,top_yield,2013-07-30,211,55,50,"{""sim_day"": 55.0, ""doy"": 211.0, ""topwt"": 3438.4176635742188, ""grnwt"": 0.0, ""xlai"": 2.1508562564849854, ""totir"": 0.0, ""tofer"": NaN, ""swfac"": 0.0, ""nstres"": 0.0}",0.0,0.0,3438.4176635742188,0.0,2.1508562564849854,0.0,,0.0,0.0,40.0,180.0,9.121539306640628,25.121539306640628,Leave_One_experiments/all_year_offline_schedule_search/daily_outputs/FQA/FQA_2013_FQA2013_normal_grid_S0032_daily.csv
FQA,FQA,Fengqiu,2013,Leave_One_experiments\wth_generated_qc\FQA\FQA2013.WTH,wet_year;nitrogen_stress_year;low_response_year,wet,FQA2013_normal_grid_S0032,top_yield,2013-07-31,212,56,51,"{""sim_day"": 56.0, ""doy"": 212.0, ""topwt"": 3684.287414550781, ""grnwt"": 0.0, ""xlai"": 2.21405291557312, ""totir"": 0.0, ""tofer"": NaN, ""swfac"": 0.0, ""nstres"": 0.0}",0.0,0.0,3684.287414550781,0.0,2.21405291557312,0.0,,0.0,0.0,40.0,180.0,9.121539306640628,25.121539306640628,Leave_One_experiments/all_year_offline_schedule_search/daily_outputs/FQA/FQA_2013_FQA2013_normal_grid_S0032_daily.csv
FQA,FQA,Fengqiu,2013,Leave_One_experiments\wth_generated_qc\FQA\FQA2013.WTH,wet_year;nitrogen_stress_year;low_response_year,wet,FQA2013_normal_grid_S0032,top_yield,2013-08-01,213,57,52,"{""sim_day"": 57.0, ""doy"": 213.0, ""topwt"": 3948.917846679688, ""grnwt"": 0.0, ""xlai"": 2.281972646713257, ""totir"": 0.0, ""tofer"": NaN, ""swfac"": 0.0, ""nstres"": 0.0}",0.0,0.0,3948.917846679688,0.0,2.281972646713257,0.0,,0.0,0.0,40.0,180.0,9.121539306640628,25.121539306640628,Leave_One_experiments/all_year_offline_schedule_search/daily_outputs/FQA/FQA_2013_FQA2013_normal_grid_S0032_daily.csv
FQA,FQA,Fengqiu,2013,Leave_One_experiments\wth_generated_qc\FQA\FQA2013.WTH,wet_year;nitrogen_stress_year;low_response_year,wet,FQA2013_normal_grid_S0032,top_yield,2013-08-02,214,58,53,"{""sim_day"": 58.0, ""doy"": 214.0, ""topwt"": 4206.987609863281, ""grnwt"": 0.0, ""xlai"": 2.348097324371338, ""totir"": 0.0, ""tofer"": NaN, ""swfac"": 0.0, ""nstres"": 0.0}",0.0,0.0,4206.987609863281,0.0,2.348097324371338,0.0,,0.0,0.0,40.0,180.0,9.121539306640628,25.121539306640628,Leave_One_experiments/all_year_offline_schedule_search/daily_outputs/FQA/FQA_2013_FQA2013_normal_grid_S0032_daily.csv
FQA,FQA,Fengqiu,2013,Leave_One_experiments\wth_generated_qc\FQA\FQA2013.WTH,wet_year;nitrogen_stress_year;low_response_year,wet,FQA2013_normal_grid_S0032,top_yield,2013-08-03,215,59,54,"{""sim_day"": 59.0, ""doy"": 215.0, ""topwt"": 4478.515319824219, ""grnwt"": 0.0, ""xlai"": 2.4175667762756348, ""totir"": 0.0, ""tofer"": NaN, ""swfac"": 0.0, ""nstres"": 0.0}",0.0,0.0,4478.515319824219,0.0,2.4175667762756348,0.0,,0.0,0.0,40.0,180.0,9.121539306640628,25.121539306640628,Leave_One_experiments/all_year_offline_schedule_search/daily_outputs/FQA/FQA_2013_FQA2013_normal_grid_S0032_daily.csv
FQA,FQA,Fengqiu,2013,Leave_One_experiments\wth_generated_qc\FQA\FQA2013.WTH,wet_year;nitrogen_stress_year;low_response_year,wet,FQA2013_normal_grid_S0032,top_yield,2013-08-04,216,60,55,"{""sim_day"": 60.0, ""doy"": 216.0, ""topwt"": 4758.522033691406, ""grnwt"": 0.0, ""xlai"": 2.489093780517578, ""totir"": 0.0, ""tofer"": NaN, ""swfac"": 0.0, ""nstres"": 0.0}",0.0,0.0,4758.522033691406,0.0,2.489093780517578,0.0,,0.0,0.0,40.0,180.0,9.121539306640628,25.121539306640628,Leave_One_experiments/all_year_offline_schedule_search/daily_outputs/FQA/FQA_2013_FQA2013_normal_grid_S0032_daily.csv
FQA,FQA,Fengqiu,2013,Leave_One_experiments\wth_generated_qc\FQA\FQA2013.WTH,wet_year;nitrogen_stress_year;low_response_year,wet,FQA2013_normal_grid_S0032,top_yield,2013-08-05,217,61,56,"{""sim_day"": 61.0, ""doy"": 217.0, ""topwt"": 5090.457763671875, ""grnwt"": 0.0, ""xlai"": 2.368803739547729, ""totir"": 0.0, ""tofer"": NaN, ""swfac"": 0.0, ""nstres"": 0.0}",0.0,0.0,5090.457763671875,0.0,2.368803739547729,0.0,,0.0,0.0,40.0,180.0,9.121539306640628,25.121539306640628,Leave_One_experiments/all_year_offline_schedule_search/daily_outputs/FQA/FQA_2013_FQA2013_normal_grid_S0032_daily.csv
FQA,FQA,Fengqiu,2013,Leave_One_experiments\wth_generated_qc\FQA\FQA2013.WTH,wet_year;nitrogen_stress_year;low_response_year,wet,FQA2013_normal_grid_S0032,top_yield,2013-08-06,218,62,57,"{""sim_day"": 62.0, ""doy"": 218.0, ""topwt"": 5416.9134521484375, ""grnwt"": 0.0, ""xlai"": 2.3542640209198, ""totir"": 0.0, ""tofer"": NaN, ""swfac"": 0.0, ""nstres"": 0.0}",0.0,0.0,5416.9134521484375,0.0,2.3542640209198,0.0,,0.0,0.0,40.0,180.0,9.121539306640628,25.121539306640628,Leave_One_experiments/all_year_offline_schedule_search/daily_outputs/FQA/FQA_2013_FQA2013_normal_grid_S0032_daily.csv
FQA,FQA,Fengqiu,2013,Leave_One_experiments\wth_generated_qc\FQA\FQA2013.WTH,wet_year;nitrogen_stress_year;low_response_year,wet,FQA2013_normal_grid_S0032,top_yield,2013-08-07,219,63,58,"{""sim_day"": 63.0, ""doy"": 219.0, ""topwt"": 5722.18994140625, ""grnwt"": 0.0, ""xlai"": 2.341286420822144, ""totir"": 0.0, ""tofer"": NaN, ""swfac"": 0.0, ""nstres"": 0.0}",0.0,0.0,5722.18994140625,0.0,2.341286420822144,0.0,,0.0,0.0,40.0,180.0,9.121539306640628,25.121539306640628,Leave_One_experiments/all_year_offline_schedule_search/daily_outputs/FQA/FQA_2013_FQA2013_normal_grid_S0032_daily.csv
FQA,FQA,Fengqiu,2013,Leave_One_experiments\wth_generated_qc\FQA\FQA2013.WTH,wet_year;nitrogen_stress_year;low_response_year,wet,FQA2013_normal_grid_S0032,top_yield,2013-08-08,220,64,59,"{""sim_day"": 64.0, ""doy"": 220.0, ""topwt"": 5938.51806640625, ""grnwt"": 0.0, ""xlai"": 2.328589677810669, ""totir"": 0.0, ""tofer"": NaN, ""swfac"": 0.0, ""nstres"": 0.0}",0.0,0.0,5938.51806640625,0.0,2.328589677810669,0.0,,0.0,0.0,40.0,180.0,9.121539306640628,25.121539306640628,Leave_One_experiments/all_year_offline_schedule_search/daily_outputs/FQA/FQA_2013_FQA2013_normal_grid_S0032_daily.csv
FQA,FQA,Fengqiu,2013,Leave_One_experiments\wth_generated_qc\FQA\FQA2013.WTH,wet_year;nitrogen_stress_year;low_response_year,wet,FQA2013_normal_grid_S0032,top_yield,2013-08-09,221,65,60,"{""sim_day"": 65.0, ""doy"": 221.0, ""topwt"": 6259.6044921875, ""grnwt"": 0.0, ""xlai"": 2.314986228942871, ""totir"": 0.0, ""tofer"": NaN, ""swfac"": 0.0, ""nstres"": 0.0}",0.0,0.0,6259.6044921875,0.0,2.314986228942871,0.0,,0.0,50.0,40.0,180.0,9.121539306640628,25.121539306640628,Leave_One_experiments/all_year_offline_schedule_search/daily_outputs/FQA/FQA_2013_FQA2013_normal_grid_S0032_daily.csv
FQA,FQA,Fengqiu,2013,Leave_One_experiments\wth_generated_qc\FQA\FQA2013.WTH,wet_year;nitrogen_stress_year;low_response_year,wet,FQA2013_normal_grid_S0032,top_yield,2013-08-10,222,66,61,"{""sim_day"": 66.0, ""doy"": 222.0, ""topwt"": 6539.390869140625, ""grnwt"": 0.0, ""xlai"": 2.3004422187805176, ""totir"": 0.0, ""tofer"": NaN, ""swfac"": 0.0, ""nstres"": 0.0}",0.0,0.0,6539.390869140625,0.0,2.3004422187805176,0.0,,0.0,0.0,40.0,180.0,9.121539306640628,25.121539306640628,Leave_One_experiments/all_year_offline_schedule_search/daily_outputs/FQA/FQA_2013_FQA2013_normal_grid_S0032_daily.csv
FQA,FQA,Fengqiu,2013,Leave_One_experiments\wth_generated_qc\FQA\FQA2013.WTH,wet_year;nitrogen_stress_year;low_response_year,wet,FQA2013_normal_grid_S0032,top_yield,2013-08-11,223,67,62,"{""sim_day"": 67.0, ""doy"": 223.0, ""topwt"": 6851.256103515625, ""grnwt"": 0.0, ""xlai"": 2.2877306938171387, ""totir"": 0.0, ""tofer"": NaN, ""swfac"": 0.0, ""nstres"": 0.0}",0.0,0.0,6851.256103515625,0.0,2.2877306938171387,0.0,,0.0,0.0,40.0,180.0,9.121539306640628,25.121539306640628,Leave_One_experiments/all_year_offline_schedule_search/daily_outputs/FQA/FQA_2013_FQA2013_normal_grid_S0032_daily.csv
FQA,FQA,Fengqiu,2013,Leave_One_experiments\wth_generated_qc\FQA\FQA2013.WTH,wet_year;nitrogen_stress_year;low_response_year,wet,FQA2013_normal_grid_S0032,top_yield,2013-08-12,224,68,63,"{""sim_day"": 68.0, ""doy"": 224.0, ""topwt"": 7147.862548828125, ""grnwt"": 0.0, ""xlai"": 2.274141550064087, ""totir"": 0.0, ""tofer"": NaN, ""swfac"": 0.0, ""nstres"": 0.0}",0.0,0.0,7147.862548828125,0.0,2.274141550064087,0.0,,0.0,0.0,40.0,180.0,9.121539306640628,25.121539306640628,Leave_One_experiments/all_year_offline_schedule_search/daily_outputs/FQA/FQA_2013_FQA2013_normal_grid_S0032_daily.csv
FQA,FQA,Fengqiu,2013,Leave_One_experiments\wth_generated_qc\FQA\FQA2013.WTH,wet_year;nitrogen_stress_year;low_response_year,wet,FQA2013_normal_grid_S0032,top_yield,2013-08-13,225,69,64,"{""sim_day"": 69.0, ""doy"": 225.0, ""topwt"": 7382.7685546875, ""grnwt"": 234.9058532714844, ""xlai"": 2.215642213821411, ""totir"": 0.0, ""tofer"": NaN, ""swfac"": 0.0, ""nstres"": 0.0}",0.0,0.0,7382.7685546875,234.9058532714844,2.215642213821411,0.0,,0.0,0.0,40.0,180.0,9.121539306640628,25.121539306640628,Leave_One_experiments/all_year_offline_schedule_search/daily_outputs/FQA/FQA_2013_FQA2013_normal_grid_S0032_daily.csv
FQA,FQA,Fengqiu,2013,Leave_One_experiments\wth_generated_qc\FQA\FQA2013.WTH,wet_year;nitrogen_stress_year;low_response_year,wet,FQA2013_normal_grid_S0032,top_yield,2013-08-14,226,70,65,"{""sim_day"": 70.0, ""doy"": 226.0, ""topwt"": 7590.828247070312, ""grnwt"": 442.9653549194336, ""xlai"": 2.2023720741271973, ""totir"": 40.0, ""tofer"": NaN, ""swfac"": 0.0, ""nstres"": 0.0}",0.0,0.0,7590.828247070312,442.9653549194336,2.2023720741271973,40.0,,40.0,0.0,40.0,180.0,9.121539306640628,25.121539306640628,Leave_One_experiments/all_year_offline_schedule_search/daily_outputs/FQA/FQA_2013_FQA2013_normal_grid_S0032_daily.csv
FQA,FQA,Fengqiu,2013,Leave_One_experiments\wth_generated_qc\FQA\FQA2013.WTH,wet_year;nitrogen_stress_year;low_response_year,wet,FQA2013_normal_grid_S0032,top_yield,2013-08-15,227,71,66,"{""sim_day"": 71.0, ""doy"": 227.0, ""topwt"": 7792.176513671875, ""grnwt"": 644.3132019042969, ""xlai"": 2.1855716705322266, ""totir"": 40.0, ""tofer"": NaN, ""swfac"": 0.0, ""nstres"": 0.0}",0.0,0.0,7792.176513671875,644.3132019042969,2.1855716705322266,40.0,,0.0,0.0,40.0,180.0,9.121539306640628,25.121539306640628,Leave_One_experiments/all_year_offline_schedule_search/daily_outputs/FQA/FQA_2013_FQA2013_normal_grid_S0032_daily.csv
FQA,FQA,Fengqiu,2013,Leave_One_experiments\wth_generated_qc\FQA\FQA2013.WTH,wet_year;nitrogen_stress_year;low_response_year,wet,FQA2013_normal_grid_S0032,top_yield,2013-08-16,228,72,67,"{""sim_day"": 72.0, ""doy"": 228.0, ""topwt"": 8017.01416015625, ""grnwt"": 869.151611328125, ""xlai"": 2.1649670600891118, ""totir"": 40.0, ""tofer"": NaN, ""swfac"": 0.0, ""nstres"": 0.0}",0.0,0.0,8017.01416015625,869.151611328125,2.1649670600891118,40.0,,0.0,0.0,40.0,180.0,9.121539306640628,25.121539306640628,Leave_One_experiments/all_year_offline_schedule_search/daily_outputs/FQA/FQA_2013_FQA2013_normal_grid_S0032_daily.csv
FQA,FQA,Fengqiu,2013,Leave_One_experiments\wth_generated_qc\FQA\FQA2013.WTH,wet_year;nitrogen_stress_year;low_response_year,wet,FQA2013_normal_grid_S0032,top_yield,2013-08-17,229,73,68,"{""sim_day"": 73.0, ""doy"": 229.0, ""topwt"": 8380.739135742188, ""grnwt"": 1241.645050048828, ""xlai"": 2.141846179962158, ""totir"": 40.0, ""tofer"": NaN, ""swfac"": 0.0, ""nstres"": 0.0}",0.0,0.0,8380.739135742188,1241.645050048828,2.141846179962158,40.0,,0.0,0.0,40.0,180.0,9.121539306640628,25.121539306640628,Leave_One_experiments/all_year_offline_schedule_search/daily_outputs/FQA/FQA_2013_FQA2013_normal_grid_S0032_daily.csv
FQA,FQA,Fengqiu,2013,Leave_One_experiments\wth_generated_qc\FQA\FQA2013.WTH,wet_year;nitrogen_stress_year;low_response_year,wet,FQA2013_normal_grid_S0032,top_yield,2013-08-18,230,74,69,"{""sim_day"": 74.0, ""doy"": 230.0, ""topwt"": 8785.328979492188, ""grnwt"": 1778.5726928710938, ""xlai"": 2.1180174350738525, ""totir"": 40.0, ""tofer"": NaN, ""swfac"": 0.0, ""nstres"": 0.0}",0.0,0.0,8785.328979492188,1778.5726928710938,2.1180174350738525,40.0,,0.0,0.0,40.0,180.0,9.121539306640628,25.121539306640628,Leave_One_experiments/all_year_offline_schedule_search/daily_outputs/FQA/FQA_2013_FQA2013_normal_grid_S0032_daily.csv
FQA,FQA,Fengqiu,2013,Leave_One_experiments\wth_generated_qc\FQA\FQA2013.WTH,wet_year;nitrogen_stress_year;low_response_year,wet,FQA2013_normal_grid_S0032,top_yield,2013-08-19,231,75,70,"{""sim_day"": 75.0, ""doy"": 231.0, ""topwt"": 9152.045288085938, ""grnwt"": 2315.5003356933594, ""xlai"": 2.091508388519287, ""totir"": 40.0, ""tofer"": NaN, ""swfac"": 0.0, ""nstres"": 0.0}",0.0,0.0,9152.045288085938,2315.5003356933594,2.091508388519287,40.0,,0.0,0.0,40.0,180.0,9.121539306640628,25.121539306640628,Leave_One_experiments/all_year_offline_schedule_search/daily_outputs/FQA/FQA_2013_FQA2013_normal_grid_S0032_daily.csv
FQA,FQA,Fengqiu,2013,Leave_One_experiments\wth_generated_qc\FQA\FQA2013.WTH,wet_year;nitrogen_stress_year;low_response_year,wet,FQA2013_normal_grid_S0032,top_yield,2013-08-20,232,76,71,"{""sim_day"": 76.0, ""doy"": 232.0, ""topwt"": 9513.441162109377, ""grnwt"": 2842.3605346679688, ""xlai"": 2.060664653778076, ""totir"": 40.0, ""tofer"": NaN, ""swfac"": 0.0, ""nstres"": 0.0}",0.0,0.0,9513.441162109377,2842.3605346679688,2.060664653778076,40.0,,0.0,0.0,40.0,180.0,9.121539306640628,25.121539306640628,Leave_One_experiments/all_year_offline_schedule_search/daily_outputs/FQA/FQA_2013_FQA2013_normal_grid_S0032_daily.csv
FQA,FQA,Fengqiu,2013,Leave_One_experiments\wth_generated_qc\FQA\FQA2013.WTH,wet_year;nitrogen_stress_year;low_response_year,wet,FQA2013_normal_grid_S0032,top_yield,2013-08-21,233,77,72,"{""sim_day"": 77.0, ""doy"": 233.0, ""topwt"": 9878.831787109377, ""grnwt"": 3359.1534423828125, ""xlai"": 2.0256576538085938, ""totir"": 40.0, ""tofer"": NaN, ""swfac"": 0.0, ""nstres"": 0.0}",0.0,0.0,9878.831787109377,3359.1534423828125,2.0256576538085938,40.0,,0.0,0.0,40.0,180.0,9.121539306640628,25.121539306640628,Leave_One_experiments/all_year_offline_schedule_search/daily_outputs/FQA/FQA_2013_FQA2013_normal_grid_S0032_daily.csv
FQA,FQA,Fengqiu,2013,Leave_One_experiments\wth_generated_qc\FQA\FQA2013.WTH,wet_year;nitrogen_stress_year;low_response_year,wet,FQA2013_normal_grid_S0032,top_yield,2013-08-22,234,78,73,"{""sim_day"": 78.0, ""doy"": 234.0, ""topwt"": 10149.801635742188, ""grnwt"": 3788.6956787109375, ""xlai"": 1.983554005622864, ""totir"": 40.0, ""tofer"": NaN, ""swfac"": 0.0, ""nstres"": 0.0}",0.0,0.0,10149.801635742188,3788.6956787109375,1.983554005622864,40.0,,0.0,0.0,40.0,180.0,9.121539306640628,25.121539306640628,Leave_One_experiments/all_year_offline_schedule_search/daily_outputs/FQA/FQA_2013_FQA2013_normal_grid_S0032_daily.csv
FQA,FQA,Fengqiu,2013,Leave_One_experiments\wth_generated_qc\FQA\FQA2013.WTH,wet_year;nitrogen_stress_year;low_response_year,wet,FQA2013_normal_grid_S0032,top_yield,2013-08-23,235,79,74,"{""sim_day"": 79.0, ""doy"": 235.0, ""topwt"": 10207.276611328123, ""grnwt"": 3986.348876953125, ""xlai"": 1.938693642616272, ""totir"": 40.0, ""tofer"": NaN, ""swfac"": 0.0, ""nstres"": 0.0}",0.0,0.0,10207.276611328123,3986.348876953125,1.938693642616272,40.0,,0.0,0.0,40.0,180.0,9.121539306640628,25.121539306640628,Leave_One_experiments/all_year_offline_schedule_search/daily_outputs/FQA/FQA_2013_FQA2013_normal_grid_S0032_daily.csv
FQA,FQA,Fengqiu,2013,Leave_One_experiments\wth_generated_qc\FQA\FQA2013.WTH,wet_year;nitrogen_stress_year;low_response_year,wet,FQA2013_normal_grid_S0032,top_yield,2013-08-24,236,80,75,"{""sim_day"": 80.0, ""doy"": 236.0, ""topwt"": 10424.671630859377, ""grnwt"": 4203.744201660156, ""xlai"": 1.89085054397583, ""totir"": 40.0, ""tofer"": NaN, ""swfac"": 0.0, ""nstres"": 0.0}",0.0,0.0,10424.671630859377,4203.744201660156,1.89085054397583,40.0,,0.0,0.0,40.0,180.0,9.121539306640628,25.121539306640628,Leave_One_experiments/all_year_offline_schedule_search/daily_outputs/FQA/FQA_2013_FQA2013_normal_grid_S0032_daily.csv
FQA,FQA,Fengqiu,2013,Leave_One_experiments\wth_generated_qc\FQA\FQA2013.WTH,wet_year;nitrogen_stress_year;low_response_year,wet,FQA2013_normal_grid_S0032,top_yield,2013-08-25,237,81,76,"{""sim_day"": 81.0, ""doy"": 237.0, ""topwt"": 10763.033447265623, ""grnwt"": 4542.106018066406, ""xlai"": 1.8403126001358032, ""totir"": 40.0, ""tofer"": NaN, ""swfac"": 0.0, ""nstres"": 0.0}",0.0,0.0,10763.033447265623,4542.106018066406,1.8403126001358032,40.0,,0.0,0.0,40.0,180.0,9.121539306640628,25.121539306640628,Leave_One_experiments/all_year_offline_schedule_search/daily_outputs/FQA/FQA_2013_FQA2013_normal_grid_S0032_daily.csv
FQA,FQA,Fengqiu,2013,Leave_One_experiments\wth_generated_qc\FQA\FQA2013.WTH,wet_year;nitrogen_stress_year;low_response_year,wet,FQA2013_normal_grid_S0032,top_yield,2013-08-26,238,82,77,"{""sim_day"": 82.0, ""doy"": 238.0, ""topwt"": 10988.6328125, ""grnwt"": 4767.7056884765625, ""xlai"": 1.7839349508285522, ""totir"": 40.0, ""tofer"": NaN, ""swfac"": 0.0, ""nstres"": 0.0}",0.0,0.0,10988.6328125,4767.7056884765625,1.7839349508285522,40.0,,0.0,0.0,40.0,180.0,9.121539306640628,25.121539306640628,Leave_One_experiments/all_year_offline_schedule_search/daily_outputs/FQA/FQA_2013_FQA2013_normal_grid_S0032_daily.csv
FQA,FQA,Fengqiu,2013,Leave_One_experiments\wth_generated_qc\FQA\FQA2013.WTH,wet_year;nitrogen_stress_year;low_response_year,wet,FQA2013_normal_grid_S0032,top_yield,2013-08-27,239,83,78,"{""sim_day"": 83.0, ""doy"": 239.0, ""topwt"": 11210.687255859377, ""grnwt"": 4989.7601318359375, ""xlai"": 1.7141954898834229, ""totir"": 40.0, ""tofer"": NaN, ""swfac"": 0.0, ""nstres"": 0.0}",0.0,0.0,11210.687255859377,4989.7601318359375,1.7141954898834229,40.0,,0.0,0.0,40.0,180.0,9.121539306640628,25.121539306640628,Leave_One_experiments/all_year_offline_schedule_search/daily_outputs/FQA/FQA_2013_FQA2013_normal_grid_S0032_daily.csv
FQA,FQA,Fengqiu,2013,Leave_One_experiments\wth_generated_qc\FQA\FQA2013.WTH,wet_year;nitrogen_stress_year;low_response_year,wet,FQA2013_normal_grid_S0032,top_yield,2013-08-28,240,84,79,"{""sim_day"": 84.0, ""doy"": 240.0, ""topwt"": 11487.63671875, ""grnwt"": 5244.800415039063, ""xlai"": 1.6333433389663696, ""totir"": 40.0, ""tofer"": NaN, ""swfac"": 0.0, ""nstres"": 0.0}",0.0,0.0,11487.63671875,5244.800415039063,1.6333433389663696,40.0,,0.0,0.0,40.0,180.0,9.121539306640628,25.121539306640628,Leave_One_experiments/all_year_offline_schedule_search/daily_outputs/FQA/FQA_2013_FQA2013_normal_grid_S0032_daily.csv
FQA,FQA,Fengqiu,2013,Leave_One_experiments\wth_generated_qc\FQA\FQA2013.WTH,wet_year;nitrogen_stress_year;low_response_year,wet,FQA2013_normal_grid_S0032,top_yield,2013-08-29,241,85,80,"{""sim_day"": 85.0, ""doy"": 241.0, ""topwt"": 11800.748291015623, ""grnwt"": 5579.821166992188, ""xlai"": 1.571802258491516, ""totir"": 40.0, ""tofer"": NaN, ""swfac"": 0.0, ""nstres"": 0.0}",0.0,0.0,11800.748291015623,5579.821166992188,1.571802258491516,40.0,,0.0,0.0,40.0,180.0,9.121539306640628,25.121539306640628,Leave_One_experiments/all_year_offline_schedule_search/daily_outputs/FQA/FQA_2013_FQA2013_normal_grid_S0032_daily.csv
FQA,FQA,Fengqiu,2013,Leave_One_experiments\wth_generated_qc\FQA\FQA2013.WTH,wet_year;nitrogen_stress_year;low_response_year,wet,FQA2013_normal_grid_S0032,top_yield,2013-08-30,242,86,81,"{""sim_day"": 86.0, ""doy"": 242.0, ""topwt"": 12137.127685546877, ""grnwt"": 5916.2005615234375, ""xlai"": 1.516158103942871, ""totir"": 40.0, ""tofer"": NaN, ""swfac"": 0.0, ""nstres"": 0.0}",0.0,0.0,12137.127685546877,5916.2005615234375,1.516158103942871,40.0,,0.0,0.0,40.0,180.0,9.121539306640628,25.121539306640628,Leave_One_experiments/all_year_offline_schedule_search/daily_outputs/FQA/FQA_2013_FQA2013_normal_grid_S0032_daily.csv
FQA,FQA,Fengqiu,2013,Leave_One_experiments\wth_generated_qc\FQA\FQA2013.WTH,wet_year;nitrogen_stress_year;low_response_year,wet,FQA2013_normal_grid_S0032,top_yield,2013-08-31,243,87,82,"{""sim_day"": 87.0, ""doy"": 243.0, ""topwt"": 12443.358154296877, ""grnwt"": 6222.4310302734375, ""xlai"": 1.4566328525543213, ""totir"": 40.0, ""tofer"": NaN, ""swfac"": 0.0, ""nstres"": 0.0}",0.0,0.0,12443.358154296877,6222.4310302734375,1.4566328525543213,40.0,,0.0,0.0,40.0,180.0,9.121539306640628,25.121539306640628,Leave_One_experiments/all_year_offline_schedule_search/daily_outputs/FQA/FQA_2013_FQA2013_normal_grid_S0032_daily.csv
FQA,FQA,Fengqiu,2013,Leave_One_experiments\wth_generated_qc\FQA\FQA2013.WTH,wet_year;nitrogen_stress_year;low_response_year,wet,FQA2013_normal_grid_S0032,top_yield,2013-09-01,244,88,83,"{""sim_day"": 88.0, ""doy"": 244.0, ""topwt"": 12628.51318359375, ""grnwt"": 6407.58544921875, ""xlai"": 1.3944307565689087, ""totir"": 40.0, ""tofer"": NaN, ""swfac"": 0.0, ""nstres"": 0.0}",0.0,0.0,12628.51318359375,6407.58544921875,1.3944307565689087,40.0,,0.0,0.0,40.0,180.0,9.121539306640628,25.121539306640628,Leave_One_experiments/all_year_offline_schedule_search/daily_outputs/FQA/FQA_2013_FQA2013_normal_grid_S0032_daily.csv
FQA,FQA,Fengqiu,2013,Leave_One_experiments\wth_generated_qc\FQA\FQA2013.WTH,wet_year;nitrogen_stress_year;low_response_year,wet,FQA2013_normal_grid_S0032,top_yield,2013-09-02,245,89,84,"{""sim_day"": 89.0, ""doy"": 245.0, ""topwt"": 12921.3623046875, ""grnwt"": 6700.435180664063, ""xlai"": 1.326301336288452, ""totir"": 40.0, ""tofer"": NaN, ""swfac"": 0.0, ""nstres"": 0.0}",0.0,0.0,12921.3623046875,6700.435180664063,1.326301336288452,40.0,,0.0,0.0,40.0,180.0,9.121539306640628,25.121539306640628,Leave_One_experiments/all_year_offline_schedule_search/daily_outputs/FQA/FQA_2013_FQA2013_normal_grid_S0032_daily.csv
FQA,FQA,Fengqiu,2013,Leave_One_experiments\wth_generated_qc\FQA\FQA2013.WTH,wet_year;nitrogen_stress_year;low_response_year,wet,FQA2013_normal_grid_S0032,top_yield,2013-09-03,246,90,85,"{""sim_day"": 90.0, ""doy"": 246.0, ""topwt"": 13086.2109375, ""grnwt"": 6865.283203125, ""xlai"": 1.2454204559326172, ""totir"": 40.0, ""tofer"": NaN, ""swfac"": 0.0, ""nstres"": 0.0}",0.0,0.0,13086.2109375,6865.283203125,1.2454204559326172,40.0,,0.0,0.0,40.0,180.0,9.121539306640628,25.121539306640628,Leave_One_experiments/all_year_offline_schedule_search/daily_outputs/FQA/FQA_2013_FQA2013_normal_grid_S0032_daily.csv
FQA,FQA,Fengqiu,2013,Leave_One_experiments\wth_generated_qc\FQA\FQA2013.WTH,wet_year;nitrogen_stress_year;low_response_year,wet,FQA2013_normal_grid_S0032,top_yield,2013-09-04,247,91,86,"{""sim_day"": 91.0, ""doy"": 247.0, ""topwt"": 13210.546875, ""grnwt"": 6989.6197509765625, ""xlai"": 1.1757482290267944, ""totir"": 40.0, ""tofer"": NaN, ""swfac"": 0.0, ""nstres"": 0.0}",0.0,0.0,13210.546875,6989.6197509765625,1.1757482290267944,40.0,,0.0,0.0,40.0,180.0,9.121539306640628,25.121539306640628,Leave_One_experiments/all_year_offline_schedule_search/daily_outputs/FQA/FQA_2013_FQA2013_normal_grid_S0032_daily.csv
FQA,FQA,Fengqiu,2013,Leave_One_experiments\wth_generated_qc\FQA\FQA2013.WTH,wet_year;nitrogen_stress_year;low_response_year,wet,FQA2013_normal_grid_S0032,top_yield,2013-09-05,248,92,87,"{""sim_day"": 92.0, ""doy"": 248.0, ""topwt"": 13439.5751953125, ""grnwt"": 7218.648681640625, ""xlai"": 1.0924968719482422, ""totir"": 40.0, ""tofer"": NaN, ""swfac"": 0.0, ""nstres"": 0.0}",0.0,0.0,13439.5751953125,7218.648681640625,1.0924968719482422,40.0,,0.0,0.0,40.0,180.0,9.121539306640628,25.121539306640628,Leave_One_experiments/all_year_offline_schedule_search/daily_outputs/FQA/FQA_2013_FQA2013_normal_grid_S0032_daily.csv
FQA,FQA,Fengqiu,2013,Leave_One_experiments\wth_generated_qc\FQA\FQA2013.WTH,wet_year;nitrogen_stress_year;low_response_year,wet,FQA2013_normal_grid_S0032,top_yield,2013-09-06,249,93,88,"{""sim_day"": 93.0, ""doy"": 249.0, ""topwt"": 13633.0810546875, ""grnwt"": 7412.1539306640625, ""xlai"": 0.998014509677887, ""totir"": 40.0, ""tofer"": NaN, ""swfac"": 0.0, ""nstres"": 0.0}",0.0,0.0,13633.0810546875,7412.1539306640625,0.998014509677887,40.0,,0.0,0.0,40.0,180.0,9.121539306640628,25.121539306640628,Leave_One_experiments/all_year_offline_schedule_search/daily_outputs/FQA/FQA_2013_FQA2013_normal_grid_S0032_daily.csv
FQA,FQA,Fengqiu,2013,Leave_One_experiments\wth_generated_qc\FQA\FQA2013.WTH,wet_year;nitrogen_stress_year;low_response_year,wet,FQA2013_normal_grid_S0032,top_yield,2013-09-07,250,94,89,"{""sim_day"": 94.0, ""doy"": 250.0, ""topwt"": 13633.0810546875, ""grnwt"": 7412.1539306640625, ""xlai"": 0.998014509677887, ""totir"": 40.0, ""tofer"": NaN, ""swfac"": 0.0, ""nstres"": 0.0}",0.0,0.0,13633.0810546875,7412.1539306640625,0.998014509677887,40.0,,0.0,0.0,40.0,180.0,9.121539306640628,25.121539306640628,Leave_One_experiments/all_year_offline_schedule_search/daily_outputs/FQA/FQA_2013_FQA2013_normal_grid_S0032_daily.csv
FQA,FQA,Fengqiu,2013,Leave_One_experiments\wth_generated_qc\FQA\FQA2013.WTH,wet_year;nitrogen_stress_year;low_response_year,wet,FQA2013_normal_grid_S0032,top_yield,2013-09-08,251,95,90,"{""sim_day"": 95.0, ""doy"": 251.0, ""topwt"": 13633.0810546875, ""grnwt"": 7412.1539306640625, ""xlai"": 0.998014509677887, ""totir"": 40.0, ""tofer"": NaN, ""swfac"": 0.0, ""nstres"": 0.0}",0.0,0.0,13633.0810546875,7412.1539306640625,0.998014509677887,40.0,,0.0,0.0,40.0,180.0,9.121539306640628,25.121539306640628,Leave_One_experiments/all_year_offline_schedule_search/daily_outputs/FQA/FQA_2013_FQA2013_normal_grid_S0032_daily.csv
FQA,FQA,Fengqiu,2013,Leave_One_experiments\wth_generated_qc\FQA\FQA2013.WTH,wet_year;nitrogen_stress_year;low_response_year,wet,FQA2013_normal_grid_S0032,top_yield,2013-09-09,252,96,91,"{""sim_day"": 96.0, ""doy"": 252.0, ""topwt"": 13633.0810546875, ""grnwt"": 7412.1539306640625, ""xlai"": 0.998014509677887, ""totir"": 40.0, ""tofer"": NaN, ""swfac"": 0.0, ""nstres"": 0.0}",0.0,0.0,13633.0810546875,7412.1539306640625,0.998014509677887,40.0,,0.0,0.0,40.0,180.0,9.121539306640628,25.121539306640628,Leave_One_experiments/all_year_offline_schedule_search/daily_outputs/FQA/FQA_2013_FQA2013_normal_grid_S0032_daily.csv
FQA,FQA,Fengqiu,2015,Leave_One_experiments\wth_generated_qc\FQA\FQA2015.WTH,normal_year;water_stress_year;nitrogen_stress_year,water_stress,FQA2015_stress_grid_S0006,irrigation_positive_candidate,2015-06-11,162,1,1,"{""sim_day"": 1.0, ""doy"": 162.0, ""topwt"": 0.0, ""grnwt"": 0.0, ""xlai"": 0.0, ""totir"": 0.0, ""tofer"": NaN, ""swfac"": 0.0, ""nstres"": 0.0}",0.0,0.0,0.0,0.0,0.0,0.0,,0.0,0.0,20.0,0.0,17.778356933593752,25.778356933593752,Leave_One_experiments/all_year_offline_schedule_search/daily_outputs/FQA/FQA_2015_FQA2015_stress_grid_S0006_daily.csv
FQA,FQA,Fengqiu,2015,Leave_One_experiments\wth_generated_qc\FQA\FQA2015.WTH,normal_year;water_stress_year;nitrogen_stress_year,water_stress,FQA2015_stress_grid_S0006,irrigation_positive_candidate,2015-06-12,163,2,2,"{""sim_day"": 2.0, ""doy"": 163.0, ""topwt"": 0.0, ""grnwt"": 0.0, ""xlai"": 0.0, ""totir"": 0.0, ""tofer"": NaN, ""swfac"": 0.0, ""nstres"": 0.0}",0.0,0.0,0.0,0.0,0.0,0.0,,0.0,0.0,20.0,0.0,17.778356933593752,25.778356933593752,Leave_One_experiments/all_year_offline_schedule_search/daily_outputs/FQA/FQA_2015_FQA2015_stress_grid_S0006_daily.csv
FQA,FQA,Fengqiu,2015,Leave_One_experiments\wth_generated_qc\FQA\FQA2015.WTH,normal_year;water_stress_year;nitrogen_stress_year,water_stress,FQA2015_stress_grid_S0006,irrigation_positive_candidate,2015-06-13,164,3,3,"{""sim_day"": 3.0, ""doy"": 164.0, ""topwt"": 0.0, ""grnwt"": 0.0, ""xlai"": 0.0, ""totir"": 0.0, ""tofer"": NaN, ""swfac"": 0.0, ""nstres"": 0.0}",0.0,0.0,0.0,0.0,0.0,0.0,,0.0,0.0,20.0,0.0,17.778356933593752,25.778356933593752,Leave_One_experiments/all_year_offline_schedule_search/daily_outputs/FQA/FQA_2015_FQA2015_stress_grid_S0006_daily.csv
FQA,FQA,Fengqiu,2015,Leave_One_experiments\wth_generated_qc\FQA\FQA2015.WTH,normal_year;water_stress_year;nitrogen_stress_year,water_stress,FQA2015_stress_grid_S0006,irrigation_positive_candidate,2015-06-14,165,4,4,"{""sim_day"": 4.0, ""doy"": 165.0, ""topwt"": 0.0, ""grnwt"": 0.0, ""xlai"": 0.0, ""totir"": 0.0, ""tofer"": NaN, ""swfac"": 0.0, ""nstres"": 0.0}",0.0,0.0,0.0,0.0,0.0,0.0,,0.0,0.0,20.0,0.0,17.778356933593752,25.778356933593752,Leave_One_experiments/all_year_offline_schedule_search/daily_outputs/FQA/FQA_2015_FQA2015_stress_grid_S0006_daily.csv
FQA,FQA,Fengqiu,2015,Leave_One_experiments\wth_generated_qc\FQA\FQA2015.WTH,normal_year;water_stress_year;nitrogen_stress_year,water_stress,FQA2015_stress_grid_S0006,irrigation_positive_candidate,2015-06-15,166,5,5,"{""sim_day"": 5.0, ""doy"": 166.0, ""topwt"": 0.0, ""grnwt"": 0.0, ""xlai"": 0.0, ""totir"": 0.0, ""tofer"": NaN, ""swfac"": 0.0, ""nstres"": 0.0}",0.0,0.0,0.0,0.0,0.0,0.0,,0.0,0.0,20.0,0.0,17.778356933593752,25.778356933593752,Leave_One_experiments/all_year_offline_schedule_search/daily_outputs/FQA/FQA_2015_FQA2015_stress_grid_S0006_daily.csv
FQA,FQA,Fengqiu,2015,Leave_One_experiments\wth_generated_qc\FQA\FQA2015.WTH,normal_year;water_stress_year;nitrogen_stress_year,water_stress,FQA2015_stress_grid_S0006,irrigation_positive_candidate,2015-06-11,162,6,1,"{""sim_day"": 6.0, ""doy"": 162.0, ""topwt"": 0.0, ""grnwt"": 0.0, ""xlai"": 0.0, ""totir"": 0.0, ""tofer"": NaN, ""swfac"": 0.0, ""nstres"": 0.0}",0.0,0.0,0.0,0.0,0.0,0.0,,0.0,0.0,20.0,0.0,17.778356933593752,25.778356933593752,Leave_One_experiments/all_year_offline_schedule_search/daily_outputs/FQA/FQA_2015_FQA2015_stress_grid_S0006_daily.csv
FQA,FQA,Fengqiu,2015,Leave_One_experiments\wth_generated_qc\FQA\FQA2015.WTH,normal_year;water_stress_year;nitrogen_stress_year,water_stress,FQA2015_stress_grid_S0006,irrigation_positive_candidate,2015-06-12,163,7,2,"{""sim_day"": 7.0, ""doy"": 163.0, ""topwt"": 0.0, ""grnwt"": 0.0, ""xlai"": 0.0, ""totir"": 0.0, ""tofer"": NaN, ""swfac"": 0.0, ""nstres"": 0.0}",0.0,0.0,0.0,0.0,0.0,0.0,,0.0,0.0,20.0,0.0,17.778356933593752,25.778356933593752,Leave_One_experiments/all_year_offline_schedule_search/daily_outputs/FQA/FQA_2015_FQA2015_stress_grid_S0006_daily.csv
FQA,FQA,Fengqiu,2015,Leave_One_experiments\wth_generated_qc\FQA\FQA2015.WTH,normal_year;water_stress_year;nitrogen_stress_year,water_stress,FQA2015_stress_grid_S0006,irrigation_positive_candidate,2015-06-13,164,8,3,"{""sim_day"": 8.0, ""doy"": 164.0, ""topwt"": 0.0, ""grnwt"": 0.0, ""xlai"": 0.0, ""totir"": 0.0, ""tofer"": NaN, ""swfac"": 0.0, ""nstres"": 0.0}",0.0,0.0,0.0,0.0,0.0,0.0,,0.0,0.0,20.0,0.0,17.778356933593752,25.778356933593752,Leave_One_experiments/all_year_offline_schedule_search/daily_outputs/FQA/FQA_2015_FQA2015_stress_grid_S0006_daily.csv
FQA,FQA,Fengqiu,2015,Leave_One_experiments\wth_generated_qc\FQA\FQA2015.WTH,normal_year;water_stress_year;nitrogen_stress_year,water_stress,FQA2015_stress_grid_S0006,irrigation_positive_candidate,2015-06-14,165,9,4,"{""sim_day"": 9.0, ""doy"": 165.0, ""topwt"": 0.0, ""grnwt"": 0.0, ""xlai"": 0.0, ""totir"": 0.0, ""tofer"": NaN, ""swfac"": 0.0, ""nstres"": 0.0}",0.0,0.0,0.0,0.0,0.0,0.0,,0.0,0.0,20.0,0.0,17.778356933593752,25.778356933593752,Leave_One_experiments/all_year_offline_schedule_search/daily_outputs/FQA/FQA_2015_FQA2015_stress_grid_S0006_daily.csv
FQA,FQA,Fengqiu,2015,Leave_One_experiments\wth_generated_qc\FQA\FQA2015.WTH,normal_year;water_stress_year;nitrogen_stress_year,water_stress,FQA2015_stress_grid_S0006,irrigation_positive_candidate,2015-06-15,166,10,5,"{""sim_day"": 10.0, ""doy"": 166.0, ""topwt"": 0.0, ""grnwt"": 0.0, ""xlai"": 0.0, ""totir"": 0.0, ""tofer"": NaN, ""swfac"": 0.0, ""nstres"": 0.0}",0.0,0.0,0.0,0.0,0.0,0.0,,0.0,0.0,20.0,0.0,17.778356933593752,25.778356933593752,Leave_One_experiments/all_year_offline_schedule_search/daily_outputs/FQA/FQA_2015_FQA2015_stress_grid_S0006_daily.csv
FQA,FQA,Fengqiu,2015,Leave_One_experiments\wth_generated_qc\FQA\FQA2015.WTH,normal_year;water_stress_year;nitrogen_stress_year,water_stress,FQA2015_stress_grid_S0006,irrigation_positive_candidate,2015-06-16,167,11,6,"{""sim_day"": 11.0, ""doy"": 167.0, ""topwt"": 32.00000047683716, ""grnwt"": 0.0, ""xlai"": 0.0029944737907499, ""totir"": 0.0, ""tofer"": NaN, ""swfac"": 0.0, ""nstres"": 0.0121910572052001}",0.0,0.0121910572052001,32.00000047683716,0.0,0.0029944737907499,0.0,,0.0,0.0,20.0,0.0,17.778356933593752,25.778356933593752,Leave_One_experiments/all_year_offline_schedule_search/daily_outputs/FQA/FQA_2015_FQA2015_stress_grid_S0006_daily.csv
FQA,FQA,Fengqiu,2015,Leave_One_experiments\wth_generated_qc\FQA\FQA2015.WTH,normal_year;water_stress_year;nitrogen_stress_year,water_stress,FQA2015_stress_grid_S0006,irrigation_positive_candidate,2015-06-17,168,12,7,"{""sim_day"": 12.0, ""doy"": 168.0, ""topwt"": 32.00000047683716, ""grnwt"": 0.0, ""xlai"": 0.0057682190090417, ""totir"": 0.0, ""tofer"": NaN, ""swfac"": 0.0, ""nstres"": 0.0}",0.0,0.0,32.00000047683716,0.0,0.0057682190090417,0.0,,0.0,0.0,20.0,0.0,17.778356933593752,25.778356933593752,Leave_One_experiments/all_year_offline_schedule_search/daily_outputs/FQA/FQA_2015_FQA2015_stress_grid_S0006_daily.csv
FQA,FQA,Fengqiu,2015,Leave_One_experiments\wth_generated_qc\FQA\FQA2015.WTH,normal_year;water_stress_year;nitrogen_stress_year,water_stress,FQA2015_stress_grid_S0006,irrigation_positive_candidate,2015-06-18,169,13,8,"{""sim_day"": 13.0, ""doy"": 169.0, ""topwt"": 32.00000047683716, ""grnwt"": 0.0, ""xlai"": 0.0091094421222805, ""totir"": 0.0, ""tofer"": NaN, ""swfac"": 0.0, ""nstres"": 0.0}",0.0,0.0,32.00000047683716,0.0,0.0091094421222805,0.0,,0.0,0.0,20.0,0.0,17.778356933593752,25.778356933593752,Leave_One_experiments/all_year_offline_schedule_search/daily_outputs/FQA/FQA_2015_FQA2015_stress_grid_S0006_daily.csv
FQA,FQA,Fengqiu,2015,Leave_One_experiments\wth_generated_qc\FQA\FQA2015.WTH,normal_year;water_stress_year;nitrogen_stress_year,water_stress,FQA2015_stress_grid_S0006,irrigation_positive_candidate,2015-06-19,170,14,9,"{""sim_day"": 14.0, ""doy"": 170.0, ""topwt"": 32.00000047683716, ""grnwt"": 0.0, ""xlai"": 0.0118614258244633, ""totir"": 0.0, ""tofer"": NaN, ""swfac"": 0.0, ""nstres"": 0.0}",0.0,0.0,32.00000047683716,0.0,0.0118614258244633,0.0,,0.0,0.0,20.0,0.0,17.778356933593752,25.778356933593752,Leave_One_experiments/all_year_offline_schedule_search/daily_outputs/FQA/FQA_2015_FQA2015_stress_grid_S0006_daily.csv
FQA,FQA,Fengqiu,2015,Leave_One_experiments\wth_generated_qc\FQA\FQA2015.WTH,normal_year;water_stress_year;nitrogen_stress_year,water_stress,FQA2015_stress_grid_S0006,irrigation_positive_candidate,2015-06-20,171,15,10,"{""sim_day"": 15.0, ""doy"": 171.0, ""topwt"": 32.00000047683716, ""grnwt"": 0.0, ""xlai"": 0.014996507205069, ""totir"": 0.0, ""tofer"": NaN, ""swfac"": 0.0, ""nstres"": 0.0}",0.0,0.0,32.00000047683716,0.0,0.014996507205069,0.0,,0.0,0.0,20.0,0.0,17.778356933593752,25.778356933593752,Leave_One_experiments/all_year_offline_schedule_search/daily_outputs/FQA/FQA_2015_FQA2015_stress_grid_S0006_daily.csv
FQA,FQA,Fengqiu,2015,Leave_One_experiments\wth_generated_qc\FQA\FQA2015.WTH,normal_year;water_stress_year;nitrogen_stress_year,water_stress,FQA2015_stress_grid_S0006,irrigation_positive_candidate,2015-06-21,172,16,11,"{""sim_day"": 16.0, ""doy"": 172.0, ""topwt"": 32.00000047683716, ""grnwt"": 0.0, ""xlai"": 0.0186259467154741, ""totir"": 0.0, ""tofer"": NaN, ""swfac"": 0.0, ""nstres"": 0.0}",0.0,0.0,32.00000047683716,0.0,0.0186259467154741,0.0,,0.0,0.0,20.0,0.0,17.778356933593752,25.778356933593752,Leave_One_experiments/all_year_offline_schedule_search/daily_outputs/FQA/FQA_2015_FQA2015_stress_grid_S0006_daily.csv
FQA,FQA,Fengqiu,2015,Leave_One_experiments\wth_generated_qc\FQA\FQA2015.WTH,normal_year;water_stress_year;nitrogen_stress_year,water_stress,FQA2015_stress_grid_S0006,irrigation_positive_candidate,2015-06-22,173,17,12,"{""sim_day"": 17.0, ""doy"": 173.0, ""topwt"": 23.089604377746586, ""grnwt"": 0.0, ""xlai"": 0.0305651854723691, ""totir"": 0.0, ""tofer"": NaN, ""swfac"": 0.0, ""nstres"": 0.0}",0.0,0.0,23.089604377746586,0.0,0.0305651854723691,0.0,,0.0,0.0,20.0,0.0,17.778356933593752,25.778356933593752,Leave_One_experiments/all_year_offline_schedule_search/daily_outputs/FQA/FQA_2015_FQA2015_stress_grid_S0006_daily.csv
FQA,FQA,Fengqiu,2015,Leave_One_experiments\wth_generated_qc\FQA\FQA2015.WTH,normal_year;water_stress_year;nitrogen_stress_year,water_stress,FQA2015_stress_grid_S0006,irrigation_positive_candidate,2015-06-23,174,18,13,"{""sim_day"": 18.0, ""doy"": 174.0, ""topwt"": 24.42030906677246, ""grnwt"": 0.0, ""xlai"": 0.0350460335612297, ""totir"": 0.0, ""tofer"": NaN, ""swfac"": 0.0, ""nstres"": 0.0}",0.0,0.0,24.42030906677246,0.0,0.0350460335612297,0.0,,0.0,0.0,20.0,0.0,17.778356933593752,25.778356933593752,Leave_One_experiments/all_year_offline_schedule_search/daily_outputs/FQA/FQA_2015_FQA2015_stress_grid_S0006_daily.csv
FQA,FQA,Fengqiu,2015,Leave_One_experiments\wth_generated_qc\FQA\FQA2015.WTH,normal_year;water_stress_year;nitrogen_stress_year,water_stress,FQA2015_stress_grid_S0006,irrigation_positive_candidate,2015-06-24,175,19,14,"{""sim_day"": 19.0, ""doy"": 175.0, ""topwt"": 27.39112377166748, ""grnwt"": 0.0, ""xlai"": 0.0445783175528049, ""totir"": 0.0, ""tofer"": NaN, ""swfac"": 0.0, ""nstres"": 0.0}",0.0,0.0,27.39112377166748,0.0,0.0445783175528049,0.0,,0.0,0.0,20.0,0.0,17.778356933593752,25.778356933593752,Leave_One_experiments/all_year_offline_schedule_search/daily_outputs/FQA/FQA_2015_FQA2015_stress_grid_S0006_daily.csv
FQA,FQA,Fengqiu,2015,Leave_One_experiments\wth_generated_qc\FQA\FQA2015.WTH,normal_year;water_stress_year;nitrogen_stress_year,water_stress,FQA2015_stress_grid_S0006,irrigation_positive_candidate,2015-06-25,176,20,15,"{""sim_day"": 20.0, ""doy"": 176.0, ""topwt"": 32.04607009887695, ""grnwt"": 0.0, ""xlai"": 0.0585535280406475, ""totir"": 0.0, ""tofer"": NaN, ""swfac"": 0.0, ""nstres"": 0.0}",0.0,0.0,32.04607009887695,0.0,0.0585535280406475,0.0,,0.0,0.0,20.0,0.0,17.778356933593752,25.778356933593752,Leave_One_experiments/all_year_offline_schedule_search/daily_outputs/FQA/FQA_2015_FQA2015_stress_grid_S0006_daily.csv
FQA,FQA,Fengqiu,2015,Leave_One_experiments\wth_generated_qc\FQA\FQA2015.WTH,normal_year;water_stress_year;nitrogen_stress_year,water_stress,FQA2015_stress_grid_S0006,irrigation_positive_candidate,2015-06-26,177,21,16,"{""sim_day"": 21.0, ""doy"": 177.0, ""topwt"": 36.29026412963867, ""grnwt"": 0.0, ""xlai"": 0.0705505982041359, ""totir"": 0.0, ""tofer"": NaN, ""swfac"": 0.0, ""nstres"": 0.0}",0.0,0.0,36.29026412963867,0.0,0.0705505982041359,0.0,,0.0,0.0,20.0,0.0,17.778356933593752,25.778356933593752,Leave_One_experiments/all_year_offline_schedule_search/daily_outputs/FQA/FQA_2015_FQA2015_stress_grid_S0006_daily.csv
FQA,FQA,Fengqiu,2015,Leave_One_experiments\wth_generated_qc\FQA\FQA2015.WTH,normal_year;water_stress_year;nitrogen_stress_year,water_stress,FQA2015_stress_grid_S0006,irrigation_positive_candidate,2015-06-27,178,22,17,"{""sim_day"": 22.0, ""doy"": 178.0, ""topwt"": 42.22851753234863, ""grnwt"": 0.0, ""xlai"": 0.0865022540092468, ""totir"": 0.0, ""tofer"": NaN, ""swfac"": 0.0, ""nstres"": 0.0}",0.0,0.0,42.22851753234863,0.0,0.0865022540092468,0.0,,0.0,0.0,20.0,0.0,17.778356933593752,25.778356933593752,Leave_One_experiments/all_year_offline_schedule_search/daily_outputs/FQA/FQA_2015_FQA2015_stress_grid_S0006_daily.csv
FQA,FQA,Fengqiu,2015,Leave_One_experiments\wth_generated_qc\FQA\FQA2015.WTH,normal_year;water_stress_year;nitrogen_stress_year,water_stress,FQA2015_stress_grid_S0006,irrigation_positive_candidate,2015-06-28,179,23,18,"{""sim_day"": 23.0, ""doy"": 179.0, ""topwt"": 44.43379878997803, ""grnwt"": 0.0, ""xlai"": 0.092175081372261, ""totir"": 0.0, ""tofer"": NaN, ""swfac"": 0.0, ""nstres"": 0.0}",0.0,0.0,44.43379878997803,0.0,0.092175081372261,0.0,,0.0,0.0,20.0,0.0,17.778356933593752,25.778356933593752,Leave_One_experiments/all_year_offline_schedule_search/daily_outputs/FQA/FQA_2015_FQA2015_stress_grid_S0006_daily.csv
FQA,FQA,Fengqiu,2015,Leave_One_experiments\wth_generated_qc\FQA\FQA2015.WTH,normal_year;water_stress_year;nitrogen_stress_year,water_stress,FQA2015_stress_grid_S0006,irrigation_positive_candidate,2015-06-29,180,24,19,"{""sim_day"": 24.0, ""doy"": 180.0, ""topwt"": 49.806861877441406, ""grnwt"": 0.0, ""xlai"": 0.1057277917861938, ""totir"": 0.0, ""tofer"": NaN, ""swfac"": 0.0, ""nstres"": 0.0}",0.0,0.0,49.806861877441406,0.0,0.1057277917861938,0.0,,0.0,0.0,20.0,0.0,17.778356933593752,25.778356933593752,Leave_One_experiments/all_year_offline_schedule_search/daily_outputs/FQA/FQA_2015_FQA2015_stress_grid_S0006_daily.csv
FQA,FQA,Fengqiu,2015,Leave_One_experiments\wth_generated_qc\FQA\FQA2015.WTH,normal_year;water_stress_year;nitrogen_stress_year,water_stress,FQA2015_stress_grid_S0006,irrigation_positive_candidate,2015-06-30,181,25,20,"{""sim_day"": 25.0, ""doy"": 181.0, ""topwt"": 59.02320861816406, ""grnwt"": 0.0, ""xlai"": 0.1279861629009246, ""totir"": 0.0, ""tofer"": NaN, ""swfac"": 0.0, ""nstres"": 0.0}",0.0,0.0,59.02320861816406,0.0,0.1279861629009246,0.0,,0.0,0.0,20.0,0.0,17.778356933593752,25.778356933593752,Leave_One_experiments/all_year_offline_schedule_search/daily_outputs/FQA/FQA_2015_FQA2015_stress_grid_S0006_daily.csv
FQA,FQA,Fengqiu,2015,Leave_One_experiments\wth_generated_qc\FQA\FQA2015.WTH,normal_year;water_stress_year;nitrogen_stress_year,water_stress,FQA2015_stress_grid_S0006,irrigation_positive_candidate,2015-07-01,182,26,21,"{""sim_day"": 26.0, ""doy"": 182.0, ""topwt"": 69.49834823608398, ""grnwt"": 0.0, ""xlai"": 0.1513942927122116, ""totir"": 0.0, ""tofer"": NaN, ""swfac"": 0.0, ""nstres"": 0.0}",0.0,0.0,69.49834823608398,0.0,0.1513942927122116,0.0,,0.0,0.0,20.0,0.0,17.778356933593752,25.778356933593752,Leave_One_experiments/all_year_offline_schedule_search/daily_outputs/FQA/FQA_2015_FQA2015_stress_grid_S0006_daily.csv
FQA,FQA,Fengqiu,2015,Leave_One_experiments\wth_generated_qc\FQA\FQA2015.WTH,normal_year;water_stress_year;nitrogen_stress_year,water_stress,FQA2015_stress_grid_S0006,irrigation_positive_candidate,2015-07-02,183,27,22,"{""sim_day"": 27.0, ""doy"": 183.0, ""topwt"": 81.71740531921387, ""grnwt"": 0.0, ""xlai"": 0.1789602190256118, ""totir"": 0.0, ""tofer"": NaN, ""swfac"": 0.0, ""nstres"": 0.0}",0.0,0.0,81.71740531921387,0.0,0.1789602190256118,0.0,,0.0,0.0,20.0,0.0,17.778356933593752,25.778356933593752,Leave_One_experiments/all_year_offline_schedule_search/daily_outputs/FQA/FQA_2015_FQA2015_stress_grid_S0006_daily.csv
FQA,FQA,Fengqiu,2015,Leave_One_experiments\wth_generated_qc\FQA\FQA2015.WTH,normal_year;water_stress_year;nitrogen_stress_year,water_stress,FQA2015_stress_grid_S0006,irrigation_positive_candidate,2015-07-03,184,28,23,"{""sim_day"": 28.0, ""doy"": 184.0, ""topwt"": 96.15229606628418, ""grnwt"": 0.0, ""xlai"": 0.2100505530834198, ""totir"": 0.0, ""tofer"": NaN, ""swfac"": 0.0, ""nstres"": 0.0}",0.0,0.0,96.15229606628418,0.0,0.2100505530834198,0.0,,0.0,0.0,20.0,0.0,17.778356933593752,25.778356933593752,Leave_One_experiments/all_year_offline_schedule_search/daily_outputs/FQA/FQA_2015_FQA2015_stress_grid_S0006_daily.csv
FQA,FQA,Fengqiu,2015,Leave_One_experiments\wth_generated_qc\FQA\FQA2015.WTH,normal_year;water_stress_year;nitrogen_stress_year,water_stress,FQA2015_stress_grid_S0006,irrigation_positive_candidate,2015-07-04,185,29,24,"{""sim_day"": 29.0, ""doy"": 185.0, ""topwt"": 112.35197067260742, ""grnwt"": 0.0, ""xlai"": 0.243364930152893, ""totir"": 0.0, ""tofer"": NaN, ""swfac"": 0.0, ""nstres"": 0.0}",0.0,0.0,112.35197067260742,0.0,0.243364930152893,0.0,,0.0,0.0,20.0,0.0,17.778356933593752,25.778356933593752,Leave_One_experiments/all_year_offline_schedule_search/daily_outputs/FQA/FQA_2015_FQA2015_stress_grid_S0006_daily.csv
FQA,FQA,Fengqiu,2015,Leave_One_experiments\wth_generated_qc\FQA\FQA2015.WTH,normal_year;water_stress_year;nitrogen_stress_year,water_stress,FQA2015_stress_grid_S0006,irrigation_positive_candidate,2015-07-05,186,30,25,"{""sim_day"": 30.0, ""doy"": 186.0, ""topwt"": 130.0790023803711, ""grnwt"": 0.0, ""xlai"": 0.2782142758369446, ""totir"": 0.0, ""tofer"": NaN, ""swfac"": 0.0, ""nstres"": 0.0}",0.0,0.0,130.0790023803711,0.0,0.2782142758369446,0.0,,0.0,0.0,20.0,0.0,17.778356933593752,25.778356933593752,Leave_One_experiments/all_year_offline_schedule_search/daily_outputs/FQA/FQA_2015_FQA2015_stress_grid_S0006_daily.csv
FQA,FQA,Fengqiu,2015,Leave_One_experiments\wth_generated_qc\FQA\FQA2015.WTH,normal_year;water_stress_year;nitrogen_stress_year,water_stress,FQA2015_stress_grid_S0006,irrigation_positive_candidate,2015-07-06,187,31,26,"{""sim_day"": 31.0, ""doy"": 187.0, ""topwt"": 149.008207321167, ""grnwt"": 0.0, ""xlai"": 0.3138489723205566, ""totir"": 0.0, ""tofer"": NaN, ""swfac"": 0.0, ""nstres"": 0.0}",0.0,0.0,149.008207321167,0.0,0.3138489723205566,0.0,,0.0,0.0,20.0,0.0,17.778356933593752,25.778356933593752,Leave_One_experiments/all_year_offline_schedule_search/daily_outputs/FQA/FQA_2015_FQA2015_stress_grid_S0006_daily.csv
FQA,FQA,Fengqiu,2015,Leave_One_experiments\wth_generated_qc\FQA\FQA2015.WTH,normal_year;water_stress_year;nitrogen_stress_year,water_stress,FQA2015_stress_grid_S0006,irrigation_positive_candidate,2015-07-07,188,32,27,"{""sim_day"": 32.0, ""doy"": 188.0, ""topwt"": 171.16817474365234, ""grnwt"": 0.0, ""xlai"": 0.3537605404853821, ""totir"": 0.0, ""tofer"": NaN, ""swfac"": 0.0, ""nstres"": 0.0}",0.0,0.0,171.16817474365234,0.0,0.3537605404853821,0.0,,0.0,0.0,20.0,0.0,17.778356933593752,25.778356933593752,Leave_One_experiments/all_year_offline_schedule_search/daily_outputs/FQA/FQA_2015_FQA2015_stress_grid_S0006_daily.csv
FQA,FQA,Fengqiu,2015,Leave_One_experiments\wth_generated_qc\FQA\FQA2015.WTH,normal_year;water_stress_year;nitrogen_stress_year,water_stress,FQA2015_stress_grid_S0006,irrigation_positive_candidate,2015-07-08,189,33,28,"{""sim_day"": 33.0, ""doy"": 189.0, ""topwt"": 197.0421028137207, ""grnwt"": 0.0, ""xlai"": 0.3982365727424621, ""totir"": 0.0, ""tofer"": NaN, ""swfac"": 0.0, ""nstres"": 0.0}",0.0,0.0,197.0421028137207,0.0,0.3982365727424621,0.0,,0.0,0.0,20.0,0.0,17.778356933593752,25.778356933593752,Leave_One_experiments/all_year_offline_schedule_search/daily_outputs/FQA/FQA_2015_FQA2015_stress_grid_S0006_daily.csv
FQA,FQA,Fengqiu,2015,Leave_One_experiments\wth_generated_qc\FQA\FQA2015.WTH,normal_year;water_stress_year;nitrogen_stress_year,water_stress,FQA2015_stress_grid_S0006,irrigation_positive_candidate,2015-07-09,190,34,29,"{""sim_day"": 34.0, ""doy"": 190.0, ""topwt"": 222.2428131103516, ""grnwt"": 0.0, ""xlai"": 0.4397056996822357, ""totir"": 0.0, ""tofer"": NaN, ""swfac"": 0.0, ""nstres"": 0.0}",0.0,0.0,222.2428131103516,0.0,0.4397056996822357,0.0,,0.0,0.0,20.0,0.0,17.778356933593752,25.778356933593752,Leave_One_experiments/all_year_offline_schedule_search/daily_outputs/FQA/FQA_2015_FQA2015_stress_grid_S0006_daily.csv
FQA,FQA,Fengqiu,2015,Leave_One_experiments\wth_generated_qc\FQA\FQA2015.WTH,normal_year;water_stress_year;nitrogen_stress_year,water_stress,FQA2015_stress_grid_S0006,irrigation_positive_candidate,2015-07-10,191,35,30,"{""sim_day"": 35.0, ""doy"": 191.0, ""topwt"": 256.03572845458984, ""grnwt"": 0.0, ""xlai"": 0.4926877915859222, ""totir"": 0.0, ""tofer"": NaN, ""swfac"": 0.0, ""nstres"": 0.0}",0.0,0.0,256.03572845458984,0.0,0.4926877915859222,0.0,,0.0,0.0,20.0,0.0,17.778356933593752,25.778356933593752,Leave_One_experiments/all_year_offline_schedule_search/daily_outputs/FQA/FQA_2015_FQA2015_stress_grid_S0006_daily.csv
FQA,FQA,Fengqiu,2015,Leave_One_experiments\wth_generated_qc\FQA\FQA2015.WTH,normal_year;water_stress_year;nitrogen_stress_year,water_stress,FQA2015_stress_grid_S0006,irrigation_positive_candidate,2015-07-11,192,36,31,"{""sim_day"": 36.0, ""doy"": 192.0, ""topwt"": 297.1929740905762, ""grnwt"": 0.0, ""xlai"": 0.5537985563278198, ""totir"": 0.0, ""tofer"": NaN, ""swfac"": 0.0, ""nstres"": 0.0}",0.0,0.0,297.1929740905762,0.0,0.5537985563278198,0.0,,0.0,0.0,20.0,0.0,17.778356933593752,25.778356933593752,Leave_One_experiments/all_year_offline_schedule_search/daily_outputs/FQA/FQA_2015_FQA2015_stress_grid_S0006_daily.csv
FQA,FQA,Fengqiu,2015,Leave_One_experiments\wth_generated_qc\FQA\FQA2015.WTH,normal_year;water_stress_year;nitrogen_stress_year,water_stress,FQA2015_stress_grid_S0006,irrigation_positive_candidate,2015-07-12,193,37,32,"{""sim_day"": 37.0, ""doy"": 193.0, ""topwt"": 346.29371643066406, ""grnwt"": 0.0, ""xlai"": 0.6225748658180237, ""totir"": 0.0, ""tofer"": NaN, ""swfac"": 0.0, ""nstres"": 0.0}",0.0,0.0,346.29371643066406,0.0,0.6225748658180237,0.0,,0.0,0.0,20.0,0.0,17.778356933593752,25.778356933593752,Leave_One_experiments/all_year_offline_schedule_search/daily_outputs/FQA/FQA_2015_FQA2015_stress_grid_S0006_daily.csv
FQA,FQA,Fengqiu,2015,Leave_One_experiments\wth_generated_qc\FQA\FQA2015.WTH,normal_year;water_stress_year;nitrogen_stress_year,water_stress,FQA2015_stress_grid_S0006,irrigation_positive_candidate,2015-07-13,194,38,33,"{""sim_day"": 38.0, ""doy"": 194.0, ""topwt"": 401.3577651977539, ""grnwt"": 0.0, ""xlai"": 0.6952734589576721, ""totir"": 0.0, ""tofer"": NaN, ""swfac"": 0.0, ""nstres"": 0.0}",0.0,0.0,401.3577651977539,0.0,0.6952734589576721,0.0,,0.0,0.0,20.0,0.0,17.778356933593752,25.778356933593752,Leave_One_experiments/all_year_offline_schedule_search/daily_outputs/FQA/FQA_2015_FQA2015_stress_grid_S0006_daily.csv
FQA,FQA,Fengqiu,2015,Leave_One_experiments\wth_generated_qc\FQA\FQA2015.WTH,normal_year;water_stress_year;nitrogen_stress_year,water_stress,FQA2015_stress_grid_S0006,irrigation_positive_candidate,2015-07-14,195,39,34,"{""sim_day"": 39.0, ""doy"": 195.0, ""topwt"": 435.25333404541016, ""grnwt"": 0.0, ""xlai"": 0.738189160823822, ""totir"": 0.0, ""tofer"": NaN, ""swfac"": 0.0, ""nstres"": 0.0}",0.0,0.0,435.25333404541016,0.0,0.738189160823822,0.0,,0.0,0.0,20.0,0.0,17.778356933593752,25.778356933593752,Leave_One_experiments/all_year_offline_schedule_search/daily_outputs/FQA/FQA_2015_FQA2015_stress_grid_S0006_daily.csv
FQA,FQA,Fengqiu,2015,Leave_One_experiments\wth_generated_qc\FQA\FQA2015.WTH,normal_year;water_stress_year;nitrogen_stress_year,water_stress,FQA2015_stress_grid_S0006,irrigation_positive_candidate,2015-07-15,196,40,35,"{""sim_day"": 40.0, ""doy"": 196.0, ""topwt"": 457.1157836914063, ""grnwt"": 0.0, ""xlai"": 0.7649902701377869, ""totir"": 20.0, ""tofer"": NaN, ""swfac"": 0.0, ""nstres"": 0.0}",0.0,0.0,457.1157836914063,0.0,0.7649902701377869,20.0,,20.0,0.0,20.0,0.0,17.778356933593752,25.778356933593752,Leave_One_experiments/all_year_offline_schedule_search/daily_outputs/FQA/FQA_2015_FQA2015_stress_grid_S0006_daily.csv
FQA,FQA,Fengqiu,2015,Leave_One_experiments\wth_generated_qc\FQA\FQA2015.WTH,normal_year;water_stress_year;nitrogen_stress_year,water_stress,FQA2015_stress_grid_S0006,irrigation_positive_candidate,2015-07-16,197,41,36,"{""sim_day"": 41.0, ""doy"": 197.0, ""topwt"": 503.9669799804688, ""grnwt"": 0.0, ""xlai"": 0.8196359872817993, ""totir"": 20.0, ""tofer"": NaN, ""swfac"": 0.0, ""nstres"": 0.0073831677436828}",0.0,0.0073831677436828,503.9669799804688,0.0,0.8196359872817993,20.0,,0.0,0.0,20.0,0.0,17.778356933593752,25.778356933593752,Leave_One_experiments/all_year_offline_schedule_search/daily_outputs/FQA/FQA_2015_FQA2015_stress_grid_S0006_daily.csv
FQA,FQA,Fengqiu,2015,Leave_One_experiments\wth_generated_qc\FQA\FQA2015.WTH,normal_year;water_stress_year;nitrogen_stress_year,water_stress,FQA2015_stress_grid_S0006,irrigation_positive_candidate,2015-07-17,198,42,37,"{""sim_day"": 42.0, ""doy"": 198.0, ""topwt"": 562.3858261108398, ""grnwt"": 0.0, ""xlai"": 0.8847720623016357, ""totir"": 20.0, ""tofer"": NaN, ""swfac"": 0.0, ""nstres"": 0.0069358348846435}",0.0,0.0069358348846435,562.3858261108398,0.0,0.8847720623016357,20.0,,0.0,0.0,20.0,0.0,17.778356933593752,25.778356933593752,Leave_One_experiments/all_year_offline_schedule_search/daily_outputs/FQA/FQA_2015_FQA2015_stress_grid_S0006_daily.csv
FQA,FQA,Fengqiu,2015,Leave_One_experiments\wth_generated_qc\FQA\FQA2015.WTH,normal_year;water_stress_year;nitrogen_stress_year,water_stress,FQA2015_stress_grid_S0006,irrigation_positive_candidate,2015-07-18,199,43,38,"{""sim_day"": 43.0, ""doy"": 199.0, ""topwt"": 621.3518905639648, ""grnwt"": 0.0, ""xlai"": 0.9437369108200072, ""totir"": 20.0, ""tofer"": NaN, ""swfac"": 0.0, ""nstres"": 0.0382513999938964}",0.0,0.0382513999938964,621.3518905639648,0.0,0.9437369108200072,20.0,,0.0,0.0,20.0,0.0,17.778356933593752,25.778356933593752,Leave_One_experiments/all_year_offline_schedule_search/daily_outputs/FQA/FQA_2015_FQA2015_stress_grid_S0006_daily.csv
FQA,FQA,Fengqiu,2015,Leave_One_experiments\wth_generated_qc\FQA\FQA2015.WTH,normal_year;water_stress_year;nitrogen_stress_year,water_stress,FQA2015_stress_grid_S0006,irrigation_positive_candidate,2015-07-19,200,44,39,"{""sim_day"": 44.0, ""doy"": 200.0, ""topwt"": 686.9926452636719, ""grnwt"": 0.0, ""xlai"": 1.0017207860946655, ""totir"": 20.0, ""tofer"": NaN, ""swfac"": 0.0, ""nstres"": 0.0735507607460022}",0.0,0.0735507607460022,686.9926452636719,0.0,1.0017207860946655,20.0,,0.0,0.0,20.0,0.0,17.778356933593752,25.778356933593752,Leave_One_experiments/all_year_offline_schedule_search/daily_outputs/FQA/FQA_2015_FQA2015_stress_grid_S0006_daily.csv
FQA,FQA,Fengqiu,2015,Leave_One_experiments\wth_generated_qc\FQA\FQA2015.WTH,normal_year;water_stress_year;nitrogen_stress_year,water_stress,FQA2015_stress_grid_S0006,irrigation_positive_candidate,2015-07-20,201,45,40,"{""sim_day"": 45.0, ""doy"": 201.0, ""topwt"": 754.75341796875, ""grnwt"": 0.0, ""xlai"": 1.0542231798171997, ""totir"": 20.0, ""tofer"": NaN, ""swfac"": 0.0, ""nstres"": 0.1015492677688598}",0.0,0.1015492677688598,754.75341796875,0.0,1.0542231798171997,20.0,,0.0,0.0,20.0,0.0,17.778356933593752,25.778356933593752,Leave_One_experiments/all_year_offline_schedule_search/daily_outputs/FQA/FQA_2015_FQA2015_stress_grid_S0006_daily.csv
FQA,FQA,Fengqiu,2015,Leave_One_experiments\wth_generated_qc\FQA\FQA2015.WTH,normal_year;water_stress_year;nitrogen_stress_year,water_stress,FQA2015_stress_grid_S0006,irrigation_positive_candidate,2015-07-21,202,46,41,"{""sim_day"": 46.0, ""doy"": 202.0, ""topwt"": 817.5074768066406, ""grnwt"": 0.0, ""xlai"": 1.0949738025665283, ""totir"": 20.0, ""tofer"": NaN, ""swfac"": 0.0, ""nstres"": 0.1269624233245849}",0.0,0.1269624233245849,817.5074768066406,0.0,1.0949738025665283,20.0,,0.0,0.0,20.0,0.0,17.778356933593752,25.778356933593752,Leave_One_experiments/all_year_offline_schedule_search/daily_outputs/FQA/FQA_2015_FQA2015_stress_grid_S0006_daily.csv
FQA,FQA,Fengqiu,2015,Leave_One_experiments\wth_generated_qc\FQA\FQA2015.WTH,normal_year;water_stress_year;nitrogen_stress_year,water_stress,FQA2015_stress_grid_S0006,irrigation_positive_candidate,2015-07-22,203,47,42,"{""sim_day"": 47.0, ""doy"": 203.0, ""topwt"": 880.5912780761719, ""grnwt"": 0.0, ""xlai"": 1.1300965547561646, ""totir"": 20.0, ""tofer"": NaN, ""swfac"": 0.0, ""nstres"": 0.1461992263793945}",0.0,0.1461992263793945,880.5912780761719,0.0,1.1300965547561646,20.0,,0.0,0.0,20.0,0.0,17.778356933593752,25.778356933593752,Leave_One_experiments/all_year_offline_schedule_search/daily_outputs/FQA/FQA_2015_FQA2015_stress_grid_S0006_daily.csv
FQA,FQA,Fengqiu,2015,Leave_One_experiments\wth_generated_qc\FQA\FQA2015.WTH,normal_year;water_stress_year;nitrogen_stress_year,water_stress,FQA2015_stress_grid_S0006,irrigation_positive_candidate,2015-07-23,204,48,43,"{""sim_day"": 48.0, ""doy"": 204.0, ""topwt"": 945.5476379394532, ""grnwt"": 0.0, ""xlai"": 1.1617710590362549, ""totir"": 20.0, ""tofer"": NaN, ""swfac"": 0.0, ""nstres"": 0.1597394943237304}",0.0,0.1597394943237304,945.5476379394532,0.0,1.1617710590362549,20.0,,0.0,0.0,20.0,0.0,17.778356933593752,25.778356933593752,Leave_One_experiments/all_year_offline_schedule_search/daily_outputs/FQA/FQA_2015_FQA2015_stress_grid_S0006_daily.csv
FQA,FQA,Fengqiu,2015,Leave_One_experiments\wth_generated_qc\FQA\FQA2015.WTH,normal_year;water_stress_year;nitrogen_stress_year,water_stress,FQA2015_stress_grid_S0006,irrigation_positive_candidate,2015-07-24,205,49,44,"{""sim_day"": 49.0, ""doy"": 205.0, ""topwt"": 1012.0470428466796, ""grnwt"": 0.0, ""xlai"": 1.1898573637008667, ""totir"": 20.0, ""tofer"": NaN, ""swfac"": 0.0, ""nstres"": 0.1721991300582885}",0.0,0.1721991300582885,1012.0470428466796,0.0,1.1898573637008667,20.0,,0.0,0.0,20.0,0.0,17.778356933593752,25.778356933593752,Leave_One_experiments/all_year_offline_schedule_search/daily_outputs/FQA/FQA_2015_FQA2015_stress_grid_S0006_daily.csv
FQA,FQA,Fengqiu,2015,Leave_One_experiments\wth_generated_qc\FQA\FQA2015.WTH,normal_year;water_stress_year;nitrogen_stress_year,water_stress,FQA2015_stress_grid_S0006,irrigation_positive_candidate,2015-07-25,206,50,45,"{""sim_day"": 50.0, ""doy"": 206.0, ""topwt"": 1156.3883209228516, ""grnwt"": 0.0, ""xlai"": 1.2054052352905271, ""totir"": 20.0, ""tofer"": NaN, ""swfac"": 0.0, ""nstres"": 0.1833013892173767}",0.0,0.1833013892173767,1156.3883209228516,0.0,1.2054052352905271,20.0,,0.0,0.0,20.0,0.0,17.778356933593752,25.778356933593752,Leave_One_experiments/all_year_offline_schedule_search/daily_outputs/FQA/FQA_2015_FQA2015_stress_grid_S0006_daily.csv
FQA,FQA,Fengqiu,2015,Leave_One_experiments\wth_generated_qc\FQA\FQA2015.WTH,normal_year;water_stress_year;nitrogen_stress_year,water_stress,FQA2015_stress_grid_S0006,irrigation_positive_candidate,2015-07-26,207,51,46,"{""sim_day"": 51.0, ""doy"": 207.0, ""topwt"": 1291.381378173828, ""grnwt"": 0.0, ""xlai"": 1.214688062667847, ""totir"": 20.0, ""tofer"": NaN, ""swfac"": 0.0, ""nstres"": 0.1931625604629516}",0.0,0.1931625604629516,1291.381378173828,0.0,1.214688062667847,20.0,,0.0,0.0,20.0,0.0,17.778356933593752,25.778356933593752,Leave_One_experiments/all_year_offline_schedule_search/daily_outputs/FQA/FQA_2015_FQA2015_stress_grid_S0006_daily.csv
FQA,FQA,Fengqiu,2015,Leave_One_experiments\wth_generated_qc\FQA\FQA2015.WTH,normal_year;water_stress_year;nitrogen_stress_year,water_stress,FQA2015_stress_grid_S0006,irrigation_positive_candidate,2015-07-27,208,52,47,"{""sim_day"": 52.0, ""doy"": 208.0, ""topwt"": 1415.1992797851562, ""grnwt"": 0.0, ""xlai"": 1.2151496410369873, ""totir"": 20.0, ""tofer"": NaN, ""swfac"": 0.0, ""nstres"": 0.2573513984680176}",0.0,0.2573513984680176,1415.1992797851562,0.0,1.2151496410369873,20.0,,0.0,0.0,20.0,0.0,17.778356933593752,25.778356933593752,Leave_One_experiments/all_year_offline_schedule_search/daily_outputs/FQA/FQA_2015_FQA2015_stress_grid_S0006_daily.csv
FQA,FQA,Fengqiu,2015,Leave_One_experiments\wth_generated_qc\FQA\FQA2015.WTH,normal_year;water_stress_year;nitrogen_stress_year,water_stress,FQA2015_stress_grid_S0006,irrigation_positive_candidate,2015-07-28,209,53,48,"{""sim_day"": 53.0, ""doy"": 209.0, ""topwt"": 1530.605010986328, ""grnwt"": 0.0, ""xlai"": 1.2096164226531982, ""totir"": 20.0, ""tofer"": NaN, ""swfac"": 0.0, ""nstres"": 0.3061242699623108}",0.0,0.3061242699623108,1530.605010986328,0.0,1.2096164226531982,20.0,,0.0,0.0,20.0,0.0,17.778356933593752,25.778356933593752,Leave_One_experiments/all_year_offline_schedule_search/daily_outputs/FQA/FQA_2015_FQA2015_stress_grid_S0006_daily.csv
FQA,FQA,Fengqiu,2015,Leave_One_experiments\wth_generated_qc\FQA\FQA2015.WTH,normal_year;water_stress_year;nitrogen_stress_year,water_stress,FQA2015_stress_grid_S0006,irrigation_positive_candidate,2015-07-29,210,54,49,"{""sim_day"": 54.0, ""doy"": 210.0, ""topwt"": 1638.7522888183594, ""grnwt"": 0.0, ""xlai"": 1.1998591423034668, ""totir"": 20.0, ""tofer"": NaN, ""swfac"": 0.0, ""nstres"": 0.3355069160461426}",0.0,0.3355069160461426,1638.7522888183594,0.0,1.1998591423034668,20.0,,0.0,0.0,20.0,0.0,17.778356933593752,25.778356933593752,Leave_One_experiments/all_year_offline_schedule_search/daily_outputs/FQA/FQA_2015_FQA2015_stress_grid_S0006_daily.csv
FQA,FQA,Fengqiu,2015,Leave_One_experiments\wth_generated_qc\FQA\FQA2015.WTH,normal_year;water_stress_year;nitrogen_stress_year,water_stress,FQA2015_stress_grid_S0006,irrigation_positive_candidate,2015-07-30,211,55,50,"{""sim_day"": 55.0, ""doy"": 211.0, ""topwt"": 1732.3448181152344, ""grnwt"": 0.0, ""xlai"": 1.185738205909729, ""totir"": 20.0, ""tofer"": NaN, ""swfac"": 0.0, ""nstres"": 0.3538576364517212}",0.0,0.3538576364517212,1732.3448181152344,0.0,1.185738205909729,20.0,,0.0,0.0,20.0,0.0,17.778356933593752,25.778356933593752,Leave_One_experiments/all_year_offline_schedule_search/daily_outputs/FQA/FQA_2015_FQA2015_stress_grid_S0006_daily.csv
FQA,FQA,Fengqiu,2015,Leave_One_experiments\wth_generated_qc\FQA\FQA2015.WTH,normal_year;water_stress_year;nitrogen_stress_year,water_stress,FQA2015_stress_grid_S0006,irrigation_positive_candidate,2015-07-31,212,56,51,"{""sim_day"": 56.0, ""doy"": 212.0, ""topwt"": 1827.1434020996091, ""grnwt"": 0.0, ""xlai"": 1.1714859008789062, ""totir"": 20.0, ""tofer"": NaN, ""swfac"": 0.0, ""nstres"": 0.370897114276886}",0.0,0.370897114276886,1827.1434020996091,0.0,1.1714859008789062,20.0,,0.0,0.0,20.0,0.0,17.778356933593752,25.778356933593752,Leave_One_experiments/all_year_offline_schedule_search/daily_outputs/FQA/FQA_2015_FQA2015_stress_grid_S0006_daily.csv
FQA,FQA,Fengqiu,2015,Leave_One_experiments\wth_generated_qc\FQA\FQA2015.WTH,normal_year;water_stress_year;nitrogen_stress_year,water_stress,FQA2015_stress_grid_S0006,irrigation_positive_candidate,2015-08-01,213,57,52,"{""sim_day"": 57.0, ""doy"": 213.0, ""topwt"": 1923.2843017578125, ""grnwt"": 0.0, ""xlai"": 1.1575745344161987, ""totir"": 20.0, ""tofer"": NaN, ""swfac"": 0.0, ""nstres"": 0.3796318769454956}",0.0,0.3796318769454956,1923.2843017578125,0.0,1.1575745344161987,20.0,,0.0,0.0,20.0,0.0,17.778356933593752,25.778356933593752,Leave_One_experiments/all_year_offline_schedule_search/daily_outputs/FQA/FQA_2015_FQA2015_stress_grid_S0006_daily.csv
FQA,FQA,Fengqiu,2015,Leave_One_experiments\wth_generated_qc\FQA\FQA2015.WTH,normal_year;water_stress_year;nitrogen_stress_year,water_stress,FQA2015_stress_grid_S0006,irrigation_positive_candidate,2015-08-02,214,58,53,"{""sim_day"": 58.0, ""doy"": 214.0, ""topwt"": 2014.8191833496091, ""grnwt"": 0.0, ""xlai"": 1.142541527748108, ""totir"": 20.0, ""tofer"": NaN, ""swfac"": 0.0, ""nstres"": 0.3874683380126953}",0.0,0.3874683380126953,2014.8191833496091,0.0,1.142541527748108,20.0,,0.0,0.0,20.0,0.0,17.778356933593752,25.778356933593752,Leave_One_experiments/all_year_offline_schedule_search/daily_outputs/FQA/FQA_2015_FQA2015_stress_grid_S0006_daily.csv
FQA,FQA,Fengqiu,2015,Leave_One_experiments\wth_generated_qc\FQA\FQA2015.WTH,normal_year;water_stress_year;nitrogen_stress_year,water_stress,FQA2015_stress_grid_S0006,irrigation_positive_candidate,2015-08-03,215,59,54,"{""sim_day"": 59.0, ""doy"": 215.0, ""topwt"": 2088.0514526367188, ""grnwt"": 0.0, ""xlai"": 1.1232149600982666, ""totir"": 20.0, ""tofer"": NaN, ""swfac"": 0.0, ""nstres"": 0.3902902603149414}",0.0,0.3902902603149414,2088.0514526367188,0.0,1.1232149600982666,20.0,,0.0,0.0,20.0,0.0,17.778356933593752,25.778356933593752,Leave_One_experiments/all_year_offline_schedule_search/daily_outputs/FQA/FQA_2015_FQA2015_stress_grid_S0006_daily.csv
FQA,FQA,Fengqiu,2015,Leave_One_experiments\wth_generated_qc\FQA\FQA2015.WTH,normal_year;water_stress_year;nitrogen_stress_year,water_stress,FQA2015_stress_grid_S0006,irrigation_positive_candidate,2015-08-04,216,60,55,"{""sim_day"": 60.0, ""doy"": 216.0, ""topwt"": 2143.4764099121094, ""grnwt"": 0.0, ""xlai"": 1.100325345993042, ""totir"": 20.0, ""tofer"": NaN, ""swfac"": 0.0, ""nstres"": 0.383561372756958}",0.0,0.383561372756958,2143.4764099121094,0.0,1.100325345993042,20.0,,0.0,0.0,20.0,0.0,17.778356933593752,25.778356933593752,Leave_One_experiments/all_year_offline_schedule_search/daily_outputs/FQA/FQA_2015_FQA2015_stress_grid_S0006_daily.csv
FQA,FQA,Fengqiu,2015,Leave_One_experiments\wth_generated_qc\FQA\FQA2015.WTH,normal_year;water_stress_year;nitrogen_stress_year,water_stress,FQA2015_stress_grid_S0006,irrigation_positive_candidate,2015-08-05,217,61,56,"{""sim_day"": 61.0, ""doy"": 217.0, ""topwt"": 2223.3004760742188, ""grnwt"": 0.0, ""xlai"": 1.084697961807251, ""totir"": 20.0, ""tofer"": NaN, ""swfac"": 0.0, ""nstres"": 0.3760381937026977}",0.0,0.3760381937026977,2223.3004760742188,0.0,1.084697961807251,20.0,,0.0,0.0,20.0,0.0,17.778356933593752,25.778356933593752,Leave_One_experiments/all_year_offline_schedule_search/daily_outputs/FQA/FQA_2015_FQA2015_stress_grid_S0006_daily.csv
FQA,FQA,Fengqiu,2015,Leave_One_experiments\wth_generated_qc\FQA\FQA2015.WTH,normal_year;water_stress_year;nitrogen_stress_year,water_stress,FQA2015_stress_grid_S0006,irrigation_positive_candidate,2015-08-06,218,62,57,"{""sim_day"": 62.0, ""doy"": 218.0, ""topwt"": 2334.994201660156, ""grnwt"": 0.0, ""xlai"": 1.0499730110168457, ""totir"": 20.0, ""tofer"": NaN, ""swfac"": 0.0, ""nstres"": 0.3683233857154846}",0.0,0.3683233857154846,2334.994201660156,0.0,1.0499730110168457,20.0,,0.0,0.0,20.0,0.0,17.778356933593752,25.778356933593752,Leave_One_experiments/all_year_offline_schedule_search/daily_outputs/FQA/FQA_2015_FQA2015_stress_grid_S0006_daily.csv
FQA,FQA,Fengqiu,2015,Leave_One_experiments\wth_generated_qc\FQA\FQA2015.WTH,normal_year;water_stress_year;nitrogen_stress_year,water_stress,FQA2015_stress_grid_S0006,irrigation_positive_candidate,2015-08-07,219,63,58,"{""sim_day"": 63.0, ""doy"": 219.0, ""topwt"": 2436.8605041503906, ""grnwt"": 0.0, ""xlai"": 1.016958713531494, ""totir"": 20.0, ""tofer"": NaN, ""swfac"": 0.0, ""nstres"": 0.3546326160430908}",0.0,0.3546326160430908,2436.8605041503906,0.0,1.016958713531494,20.0,,0.0,0.0,20.0,0.0,17.778356933593752,25.778356933593752,Leave_One_experiments/all_year_offline_schedule_search/daily_outputs/FQA/FQA_2015_FQA2015_stress_grid_S0006_daily.csv
FQA,FQA,Fengqiu,2015,Leave_One_experiments\wth_generated_qc\FQA\FQA2015.WTH,normal_year;water_stress_year;nitrogen_stress_year,water_stress,FQA2015_stress_grid_S0006,irrigation_positive_candidate,2015-08-08,220,64,59,"{""sim_day"": 64.0, ""doy"": 220.0, ""topwt"": 2531.560821533203, ""grnwt"": 0.0, ""xlai"": 0.9849673509597778, ""totir"": 20.0, ""tofer"": NaN, ""swfac"": 0.0, ""nstres"": 0.3549885749816894}",0.0,0.3549885749816894,2531.560821533203,0.0,0.9849673509597778,20.0,,0.0,0.0,20.0,0.0,17.778356933593752,25.778356933593752,Leave_One_experiments/all_year_offline_schedule_search/daily_outputs/FQA/FQA_2015_FQA2015_stress_grid_S0006_daily.csv
FQA,FQA,Fengqiu,2015,Leave_One_experiments\wth_generated_qc\FQA\FQA2015.WTH,normal_year;water_stress_year;nitrogen_stress_year,water_stress,FQA2015_stress_grid_S0006,irrigation_positive_candidate,2015-08-09,221,65,60,"{""sim_day"": 65.0, ""doy"": 221.0, ""topwt"": 2667.227783203125, ""grnwt"": 0.0, ""xlai"": 0.9541294574737548, ""totir"": 20.0, ""tofer"": NaN, ""swfac"": 0.0, ""nstres"": 0.3514043688774109}",0.0,0.3514043688774109,2667.227783203125,0.0,0.9541294574737548,20.0,,0.0,0.0,20.0,0.0,17.778356933593752,25.778356933593752,Leave_One_experiments/all_year_offline_schedule_search/daily_outputs/FQA/FQA_2015_FQA2015_stress_grid_S0006_daily.csv
FQA,FQA,Fengqiu,2015,Leave_One_experiments\wth_generated_qc\FQA\FQA2015.WTH,normal_year;water_stress_year;nitrogen_stress_year,water_stress,FQA2015_stress_grid_S0006,irrigation_positive_candidate,2015-08-10,222,66,61,"{""sim_day"": 66.0, ""doy"": 222.0, ""topwt"": 2762.3846435546875, ""grnwt"": 0.0, ""xlai"": 0.9245603084564208, ""totir"": 20.0, ""tofer"": NaN, ""swfac"": 0.0, ""nstres"": 0.3437772989273071}",0.0,0.3437772989273071,2762.3846435546875,0.0,0.9245603084564208,20.0,,0.0,0.0,20.0,0.0,17.778356933593752,25.778356933593752,Leave_One_experiments/all_year_offline_schedule_search/daily_outputs/FQA/FQA_2015_FQA2015_stress_grid_S0006_daily.csv
FQA,FQA,Fengqiu,2015,Leave_One_experiments\wth_generated_qc\FQA\FQA2015.WTH,normal_year;water_stress_year;nitrogen_stress_year,water_stress,FQA2015_stress_grid_S0006,irrigation_positive_candidate,2015-08-11,223,67,62,"{""sim_day"": 67.0, ""doy"": 223.0, ""topwt"": 2806.0272216796875, ""grnwt"": 0.0, ""xlai"": 0.895844042301178, ""totir"": 20.0, ""tofer"": NaN, ""swfac"": 0.0, ""nstres"": 0.3454250693321228}",0.0,0.3454250693321228,2806.0272216796875,0.0,0.895844042301178,20.0,,0.0,0.0,20.0,0.0,17.778356933593752,25.778356933593752,Leave_One_experiments/all_year_offline_schedule_search/daily_outputs/FQA/FQA_2015_FQA2015_stress_grid_S0006_daily.csv
FQA,FQA,Fengqiu,2015,Leave_One_experiments\wth_generated_qc\FQA\FQA2015.WTH,normal_year;water_stress_year;nitrogen_stress_year,water_stress,FQA2015_stress_grid_S0006,irrigation_positive_candidate,2015-08-12,224,68,63,"{""sim_day"": 68.0, ""doy"": 224.0, ""topwt"": 2918.717041015625, ""grnwt"": 0.0, ""xlai"": 0.8683875799179077, ""totir"": 20.0, ""tofer"": NaN, ""swfac"": 0.0, ""nstres"": 0.3355684280395508}",0.0,0.3355684280395508,2918.717041015625,0.0,0.8683875799179077,20.0,,0.0,0.0,20.0,0.0,17.778356933593752,25.778356933593752,Leave_One_experiments/all_year_offline_schedule_search/daily_outputs/FQA/FQA_2015_FQA2015_stress_grid_S0006_daily.csv
FQA,FQA,Fengqiu,2015,Leave_One_experiments\wth_generated_qc\FQA\FQA2015.WTH,normal_year;water_stress_year;nitrogen_stress_year,water_stress,FQA2015_stress_grid_S0006,irrigation_positive_candidate,2015-08-13,225,69,64,"{""sim_day"": 69.0, ""doy"": 225.0, ""topwt"": 2985.382080078125, ""grnwt"": 0.0, ""xlai"": 0.8426513671875, ""totir"": 20.0, ""tofer"": NaN, ""swfac"": 0.0, ""nstres"": 0.3112814426422119}",0.0,0.3112814426422119,2985.382080078125,0.0,0.8426513671875,20.0,,0.0,0.0,20.0,0.0,17.778356933593752,25.778356933593752,Leave_One_experiments/all_year_offline_schedule_search/daily_outputs/FQA/FQA_2015_FQA2015_stress_grid_S0006_daily.csv
FQA,FQA,Fengqiu,2015,Leave_One_experiments\wth_generated_qc\FQA\FQA2015.WTH,normal_year;water_stress_year;nitrogen_stress_year,water_stress,FQA2015_stress_grid_S0006,irrigation_positive_candidate,2015-08-14,226,70,65,"{""sim_day"": 70.0, ""doy"": 226.0, ""topwt"": 3085.5538940429688, ""grnwt"": 0.0, ""xlai"": 0.8179460763931274, ""totir"": 20.0, ""tofer"": NaN, ""swfac"": 0.0, ""nstres"": 0.3036434650421142}",0.0,0.3036434650421142,3085.5538940429688,0.0,0.8179460763931274,20.0,,0.0,0.0,20.0,0.0,17.778356933593752,25.778356933593752,Leave_One_experiments/all_year_offline_schedule_search/daily_outputs/FQA/FQA_2015_FQA2015_stress_grid_S0006_daily.csv
FQA,FQA,Fengqiu,2015,Leave_One_experiments\wth_generated_qc\FQA\FQA2015.WTH,normal_year;water_stress_year;nitrogen_stress_year,water_stress,FQA2015_stress_grid_S0006,irrigation_positive_candidate,2015-08-15,227,71,66,"{""sim_day"": 71.0, ""doy"": 227.0, ""topwt"": 3231.4547729492188, ""grnwt"": 230.97881317138672, ""xlai"": 0.7948214411735535, ""totir"": 20.0, ""tofer"": NaN, ""swfac"": 0.0, ""nstres"": 0.2785171270370483}",0.0,0.2785171270370483,3231.4547729492188,230.97881317138672,0.7948214411735535,20.0,,0.0,0.0,20.0,0.0,17.778356933593752,25.778356933593752,Leave_One_experiments/all_year_offline_schedule_search/daily_outputs/FQA/FQA_2015_FQA2015_stress_grid_S0006_daily.csv
FQA,FQA,Fengqiu,2015,Leave_One_experiments\wth_generated_qc\FQA\FQA2015.WTH,normal_year;water_stress_year;nitrogen_stress_year,water_stress,FQA2015_stress_grid_S0006,irrigation_positive_candidate,2015-08-16,228,72,67,"{""sim_day"": 72.0, ""doy"": 228.0, ""topwt"": 3312.256164550781, ""grnwt"": 327.2058868408203, ""xlai"": 0.7695953845977783, ""totir"": 20.0, ""tofer"": NaN, ""swfac"": 0.0, ""nstres"": 0.361712634563446}",0.0,0.361712634563446,3312.256164550781,327.2058868408203,0.7695953845977783,20.0,,0.0,0.0,20.0,0.0,17.778356933593752,25.778356933593752,Leave_One_experiments/all_year_offline_schedule_search/daily_outputs/FQA/FQA_2015_FQA2015_stress_grid_S0006_daily.csv
FQA,FQA,Fengqiu,2015,Leave_One_experiments\wth_generated_qc\FQA\FQA2015.WTH,normal_year;water_stress_year;nitrogen_stress_year,water_stress,FQA2015_stress_grid_S0006,irrigation_positive_candidate,2015-08-17,229,73,68,"{""sim_day"": 73.0, ""doy"": 229.0, ""topwt"": 3367.4118041992188, ""grnwt"": 423.43299865722656, ""xlai"": 0.7461029887199402, ""totir"": 20.0, ""tofer"": NaN, ""swfac"": 0.0, ""nstres"": 0.3326137661933899}",0.0,0.3326137661933899,3367.4118041992188,423.43299865722656,0.7461029887199402,20.0,,0.0,0.0,20.0,0.0,17.778356933593752,25.778356933593752,Leave_One_experiments/all_year_offline_schedule_search/daily_outputs/FQA/FQA_2015_FQA2015_stress_grid_S0006_daily.csv
FQA,FQA,Fengqiu,2015,Leave_One_experiments\wth_generated_qc\FQA\FQA2015.WTH,normal_year;water_stress_year;nitrogen_stress_year,water_stress,FQA2015_stress_grid_S0006,irrigation_positive_candidate,2015-08-18,230,74,69,"{""sim_day"": 74.0, ""doy"": 230.0, ""topwt"": 3420.2667236328125, ""grnwt"": 519.6601104736328, ""xlai"": 0.723377525806427, ""totir"": 20.0, ""tofer"": NaN, ""swfac"": 0.0, ""nstres"": 0.3310136795043945}",0.0,0.3310136795043945,3420.2667236328125,519.6601104736328,0.723377525806427,20.0,,0.0,0.0,20.0,0.0,17.778356933593752,25.778356933593752,Leave_One_experiments/all_year_offline_schedule_search/daily_outputs/FQA/FQA_2015_FQA2015_stress_grid_S0006_daily.csv
FQA,FQA,Fengqiu,2015,Leave_One_experiments\wth_generated_qc\FQA\FQA2015.WTH,normal_year;water_stress_year;nitrogen_stress_year,water_stress,FQA2015_stress_grid_S0006,irrigation_positive_candidate,2015-08-19,231,75,70,"{""sim_day"": 75.0, ""doy"": 231.0, ""topwt"": 3510.59814453125, ""grnwt"": 615.8872222900391, ""xlai"": 0.7016947865486145, ""totir"": 20.0, ""tofer"": NaN, ""swfac"": 0.0, ""nstres"": 0.3193820118904114}",0.0,0.3193820118904114,3510.59814453125,615.8872222900391,0.7016947865486145,20.0,,0.0,0.0,20.0,0.0,17.778356933593752,25.778356933593752,Leave_One_experiments/all_year_offline_schedule_search/daily_outputs/FQA/FQA_2015_FQA2015_stress_grid_S0006_daily.csv
FQA,FQA,Fengqiu,2015,Leave_One_experiments\wth_generated_qc\FQA\FQA2015.WTH,normal_year;water_stress_year;nitrogen_stress_year,water_stress,FQA2015_stress_grid_S0006,irrigation_positive_candidate,2015-08-20,232,76,71,"{""sim_day"": 76.0, ""doy"": 232.0, ""topwt"": 3603.7548828125, ""grnwt"": 712.1143341064453, ""xlai"": 0.6810166835784912, ""totir"": 20.0, ""tofer"": NaN, ""swfac"": 0.0, ""nstres"": 0.3072519898414612}",0.0,0.3072519898414612,3603.7548828125,712.1143341064453,0.6810166835784912,20.0,,0.0,0.0,20.0,0.0,17.778356933593752,25.778356933593752,Leave_One_experiments/all_year_offline_schedule_search/daily_outputs/FQA/FQA_2015_FQA2015_stress_grid_S0006_daily.csv
FQA,FQA,Fengqiu,2015,Leave_One_experiments\wth_generated_qc\FQA\FQA2015.WTH,normal_year;water_stress_year;nitrogen_stress_year,water_stress,FQA2015_stress_grid_S0006,irrigation_positive_candidate,2015-08-21,233,77,72,"{""sim_day"": 77.0, ""doy"": 233.0, ""topwt"": 3694.017333984375, ""grnwt"": 808.3414459228516, ""xlai"": 0.6607892513275146, ""totir"": 20.0, ""tofer"": NaN, ""swfac"": 0.0, ""nstres"": 0.3128420710563659}",0.0,0.3128420710563659,3694.017333984375,808.3414459228516,0.6607892513275146,20.0,,0.0,0.0,20.0,0.0,17.778356933593752,25.778356933593752,Leave_One_experiments/all_year_offline_schedule_search/daily_outputs/FQA/FQA_2015_FQA2015_stress_grid_S0006_daily.csv
FQA,FQA,Fengqiu,2015,Leave_One_experiments\wth_generated_qc\FQA\FQA2015.WTH,normal_year;water_stress_year;nitrogen_stress_year,water_stress,FQA2015_stress_grid_S0006,irrigation_positive_candidate,2015-08-22,234,78,73,"{""sim_day"": 78.0, ""doy"": 234.0, ""topwt"": 3781.448974609375, ""grnwt"": 904.5685577392578, ""xlai"": 0.641011118888855, ""totir"": 20.0, ""tofer"": NaN, ""swfac"": 0.0, ""nstres"": 0.3183445334434509}",0.0,0.3183445334434509,3781.448974609375,904.5685577392578,0.641011118888855,20.0,,0.0,0.0,20.0,0.0,17.778356933593752,25.778356933593752,Leave_One_experiments/all_year_offline_schedule_search/daily_outputs/FQA/FQA_2015_FQA2015_stress_grid_S0006_daily.csv
FQA,FQA,Fengqiu,2015,Leave_One_experiments\wth_generated_qc\FQA\FQA2015.WTH,normal_year;water_stress_year;nitrogen_stress_year,water_stress,FQA2015_stress_grid_S0006,irrigation_positive_candidate,2015-08-23,235,79,74,"{""sim_day"": 79.0, ""doy"": 235.0, ""topwt"": 3865.6549072265625, ""grnwt"": 1000.795669555664, ""xlai"": 0.6215823888778687, ""totir"": 20.0, ""tofer"": NaN, ""swfac"": 0.0, ""nstres"": 0.3274270296096802}",0.0,0.3274270296096802,3865.6549072265625,1000.795669555664,0.6215823888778687,20.0,,0.0,0.0,20.0,0.0,17.778356933593752,25.778356933593752,Leave_One_experiments/all_year_offline_schedule_search/daily_outputs/FQA/FQA_2015_FQA2015_stress_grid_S0006_daily.csv
FQA,FQA,Fengqiu,2015,Leave_One_experiments\wth_generated_qc\FQA\FQA2015.WTH,normal_year;water_stress_year;nitrogen_stress_year,water_stress,FQA2015_stress_grid_S0006,irrigation_positive_candidate,2015-08-24,236,80,75,"{""sim_day"": 80.0, ""doy"": 236.0, ""topwt"": 3946.9085693359375, ""grnwt"": 1097.0227813720703, ""xlai"": 0.6025516390800476, ""totir"": 20.0, ""tofer"": NaN, ""swfac"": 0.0, ""nstres"": 0.3347979784011841}",0.0,0.3347979784011841,3946.9085693359375,1097.0227813720703,0.6025516390800476,20.0,,0.0,0.0,20.0,0.0,17.778356933593752,25.778356933593752,Leave_One_experiments/all_year_offline_schedule_search/daily_outputs/FQA/FQA_2015_FQA2015_stress_grid_S0006_daily.csv
FQA,FQA,Fengqiu,2015,Leave_One_experiments\wth_generated_qc\FQA\FQA2015.WTH,normal_year;water_stress_year;nitrogen_stress_year,water_stress,FQA2015_stress_grid_S0006,irrigation_positive_candidate,2015-08-25,237,81,76,"{""sim_day"": 81.0, ""doy"": 237.0, ""topwt"": 4025.8544921875, ""grnwt"": 1193.2498931884766, ""xlai"": 0.5840416550636292, ""totir"": 20.0, ""tofer"": NaN, ""swfac"": 0.0, ""nstres"": 0.3372628688812256}",0.0,0.3372628688812256,4025.8544921875,1193.2498931884766,0.5840416550636292,20.0,,0.0,0.0,20.0,0.0,17.778356933593752,25.778356933593752,Leave_One_experiments/all_year_offline_schedule_search/daily_outputs/FQA/FQA_2015_FQA2015_stress_grid_S0006_daily.csv
FQA,FQA,Fengqiu,2015,Leave_One_experiments\wth_generated_qc\FQA\FQA2015.WTH,normal_year;water_stress_year;nitrogen_stress_year,water_stress,FQA2015_stress_grid_S0006,irrigation_positive_candidate,2015-08-26,238,82,77,"{""sim_day"": 82.0, ""doy"": 238.0, ""topwt"": 4112.9681396484375, ""grnwt"": 1289.4769287109375, ""xlai"": 0.5660045742988586, ""totir"": 20.0, ""tofer"": NaN, ""swfac"": 0.0, ""nstres"": 0.3411959409713745}",0.0,0.3411959409713745,4112.9681396484375,1289.4769287109375,0.5660045742988586,20.0,,0.0,0.0,20.0,0.0,17.778356933593752,25.778356933593752,Leave_One_experiments/all_year_offline_schedule_search/daily_outputs/FQA/FQA_2015_FQA2015_stress_grid_S0006_daily.csv
FQA,FQA,Fengqiu,2015,Leave_One_experiments\wth_generated_qc\FQA\FQA2015.WTH,normal_year;water_stress_year;nitrogen_stress_year,water_stress,FQA2015_stress_grid_S0006,irrigation_positive_candidate,2015-08-27,239,83,78,"{""sim_day"": 83.0, ""doy"": 239.0, ""topwt"": 4198.507080078125, ""grnwt"": 1385.7040405273438, ""xlai"": 0.5484763383865356, ""totir"": 20.0, ""tofer"": NaN, ""swfac"": 0.0, ""nstres"": 0.3432393670082092}",0.0,0.3432393670082092,4198.507080078125,1385.7040405273438,0.5484763383865356,20.0,,0.0,0.0,20.0,0.0,17.778356933593752,25.778356933593752,Leave_One_experiments/all_year_offline_schedule_search/daily_outputs/FQA/FQA_2015_FQA2015_stress_grid_S0006_daily.csv
FQA,FQA,Fengqiu,2015,Leave_One_experiments\wth_generated_qc\FQA\FQA2015.WTH,normal_year;water_stress_year;nitrogen_stress_year,water_stress,FQA2015_stress_grid_S0006,irrigation_positive_candidate,2015-08-28,240,84,79,"{""sim_day"": 84.0, ""doy"": 240.0, ""topwt"": 4272.710571289063, ""grnwt"": 1481.93115234375, ""xlai"": 0.5313194990158081, ""totir"": 20.0, ""tofer"": NaN, ""swfac"": 0.0, ""nstres"": 0.35073983669281}",0.0,0.35073983669281,4272.710571289063,1481.93115234375,0.5313194990158081,20.0,,0.0,0.0,20.0,0.0,17.778356933593752,25.778356933593752,Leave_One_experiments/all_year_offline_schedule_search/daily_outputs/FQA/FQA_2015_FQA2015_stress_grid_S0006_daily.csv
FQA,FQA,Fengqiu,2015,Leave_One_experiments\wth_generated_qc\FQA\FQA2015.WTH,normal_year;water_stress_year;nitrogen_stress_year,water_stress,FQA2015_stress_grid_S0006,irrigation_positive_candidate,2015-08-29,241,85,80,"{""sim_day"": 85.0, ""doy"": 241.0, ""topwt"": 4338.7677001953125, ""grnwt"": 1578.1582641601562, ""xlai"": 0.5145367980003357, ""totir"": 20.0, ""tofer"": NaN, ""swfac"": 0.0, ""nstres"": 0.3580850958824157}",0.0,0.3580850958824157,4338.7677001953125,1578.1582641601562,0.5145367980003357,20.0,,0.0,0.0,20.0,0.0,17.778356933593752,25.778356933593752,Leave_One_experiments/all_year_offline_schedule_search/daily_outputs/FQA/FQA_2015_FQA2015_stress_grid_S0006_daily.csv
FQA,FQA,Fengqiu,2015,Leave_One_experiments\wth_generated_qc\FQA\FQA2015.WTH,normal_year;water_stress_year;nitrogen_stress_year,water_stress,FQA2015_stress_grid_S0006,irrigation_positive_candidate,2015-08-30,242,86,81,"{""sim_day"": 86.0, ""doy"": 242.0, ""topwt"": 4406.3177490234375, ""grnwt"": 1674.3853759765625, ""xlai"": 0.4983673691749573, ""totir"": 20.0, ""tofer"": NaN, ""swfac"": 0.0, ""nstres"": 0.3542051315307617}",0.0,0.3542051315307617,4406.3177490234375,1674.3853759765625,0.4983673691749573,20.0,,0.0,0.0,20.0,0.0,17.778356933593752,25.778356933593752,Leave_One_experiments/all_year_offline_schedule_search/daily_outputs/FQA/FQA_2015_FQA2015_stress_grid_S0006_daily.csv
FQA,FQA,Fengqiu,2015,Leave_One_experiments\wth_generated_qc\FQA\FQA2015.WTH,normal_year;water_stress_year;nitrogen_stress_year,water_stress,FQA2015_stress_grid_S0006,irrigation_positive_candidate,2015-08-31,243,87,82,"{""sim_day"": 87.0, ""doy"": 243.0, ""topwt"": 4480.3228759765625, ""grnwt"": 1770.6124877929688, ""xlai"": 0.4826200902462005, ""totir"": 20.0, ""tofer"": NaN, ""swfac"": 0.0, ""nstres"": 0.3583447933197021}",0.0,0.3583447933197021,4480.3228759765625,1770.6124877929688,0.4826200902462005,20.0,,0.0,0.0,20.0,0.0,17.778356933593752,25.778356933593752,Leave_One_experiments/all_year_offline_schedule_search/daily_outputs/FQA/FQA_2015_FQA2015_stress_grid_S0006_daily.csv
FQA,FQA,Fengqiu,2015,Leave_One_experiments\wth_generated_qc\FQA\FQA2015.WTH,normal_year;water_stress_year;nitrogen_stress_year,water_stress,FQA2015_stress_grid_S0006,irrigation_positive_candidate,2015-09-01,244,88,83,"{""sim_day"": 88.0, ""doy"": 244.0, ""topwt"": 4560.0238037109375, ""grnwt"": 1866.839599609375, ""xlai"": 0.4671885669231415, ""totir"": 20.0, ""tofer"": NaN, ""swfac"": 0.0, ""nstres"": 0.3673874735832214}",0.0,0.3673874735832214,4560.0238037109375,1866.839599609375,0.4671885669231415,20.0,,0.0,0.0,20.0,0.0,17.778356933593752,25.778356933593752,Leave_One_experiments/all_year_offline_schedule_search/daily_outputs/FQA/FQA_2015_FQA2015_stress_grid_S0006_daily.csv
FQA,FQA,Fengqiu,2015,Leave_One_experiments\wth_generated_qc\FQA\FQA2015.WTH,normal_year;water_stress_year;nitrogen_stress_year,water_stress,FQA2015_stress_grid_S0006,irrigation_positive_candidate,2015-09-02,245,89,84,"{""sim_day"": 89.0, ""doy"": 245.0, ""topwt"": 4627.6544189453125, ""grnwt"": 1963.0667114257808, ""xlai"": 0.4519915878772735, ""totir"": 20.0, ""tofer"": NaN, ""swfac"": 0.0, ""nstres"": 0.3806862235069275}",0.0,0.3806862235069275,4627.6544189453125,1963.0667114257808,0.4519915878772735,20.0,,0.0,0.0,20.0,0.0,17.778356933593752,25.778356933593752,Leave_One_experiments/all_year_offline_schedule_search/daily_outputs/FQA/FQA_2015_FQA2015_stress_grid_S0006_daily.csv
FQA,FQA,Fengqiu,2015,Leave_One_experiments\wth_generated_qc\FQA\FQA2015.WTH,normal_year;water_stress_year;nitrogen_stress_year,water_stress,FQA2015_stress_grid_S0006,irrigation_positive_candidate,2015-09-03,246,90,85,"{""sim_day"": 90.0, ""doy"": 246.0, ""topwt"": 4638.501586914063, ""grnwt"": 2059.2938232421875, ""xlai"": 0.4369300603866577, ""totir"": 20.0, ""tofer"": NaN, ""swfac"": 0.0, ""nstres"": 0.3997417688369751}",0.0,0.3997417688369751,4638.501586914063,2059.2938232421875,0.4369300603866577,20.0,,0.0,0.0,20.0,0.0,17.778356933593752,25.778356933593752,Leave_One_experiments/all_year_offline_schedule_search/daily_outputs/FQA/FQA_2015_FQA2015_stress_grid_S0006_daily.csv
FQA,FQA,Fengqiu,2015,Leave_One_experiments\wth_generated_qc\FQA\FQA2015.WTH,normal_year;water_stress_year;nitrogen_stress_year,water_stress,FQA2015_stress_grid_S0006,irrigation_positive_candidate,2015-09-04,247,91,86,"{""sim_day"": 91.0, ""doy"": 247.0, ""topwt"": 4686.34033203125, ""grnwt"": 2155.5209350585938, ""xlai"": 0.422243058681488, ""totir"": 20.0, ""tofer"": NaN, ""swfac"": 0.0, ""nstres"": 0.4067389369010925}",0.0,0.4067389369010925,4686.34033203125,2155.5209350585938,0.422243058681488,20.0,,0.0,0.0,20.0,0.0,17.778356933593752,25.778356933593752,Leave_One_experiments/all_year_offline_schedule_search/daily_outputs/FQA/FQA_2015_FQA2015_stress_grid_S0006_daily.csv
FQA,FQA,Fengqiu,2015,Leave_One_experiments\wth_generated_qc\FQA\FQA2015.WTH,normal_year;water_stress_year;nitrogen_stress_year,water_stress,FQA2015_stress_grid_S0006,irrigation_positive_candidate,2015-09-05,248,92,87,"{""sim_day"": 92.0, ""doy"": 248.0, ""topwt"": 4723.8720703125, ""grnwt"": 2251.748046875, ""xlai"": 0.4084869921207428, ""totir"": 20.0, ""tofer"": NaN, ""swfac"": 0.0, ""nstres"": 0.3818815946578979}",0.0,0.3818815946578979,4723.8720703125,2251.748046875,0.4084869921207428,20.0,,0.0,0.0,20.0,0.0,17.778356933593752,25.778356933593752,Leave_One_experiments/all_year_offline_schedule_search/daily_outputs/FQA/FQA_2015_FQA2015_stress_grid_S0006_daily.csv
FQA,FQA,Fengqiu,2015,Leave_One_experiments\wth_generated_qc\FQA\FQA2015.WTH,normal_year;water_stress_year;nitrogen_stress_year,water_stress,FQA2015_stress_grid_S0006,irrigation_positive_candidate,2015-09-06,249,93,88,"{""sim_day"": 93.0, ""doy"": 249.0, ""topwt"": 4796.3470458984375, ""grnwt"": 2347.9751586914062, ""xlai"": 0.3951579928398132, ""totir"": 20.0, ""tofer"": NaN, ""swfac"": 0.0, ""nstres"": 0.3831243515014648}",0.0,0.3831243515014648,4796.3470458984375,2347.9751586914062,0.3951579928398132,20.0,,0.0,0.0,20.0,0.0,17.778356933593752,25.778356933593752,Leave_One_experiments/all_year_offline_schedule_search/daily_outputs/FQA/FQA_2015_FQA2015_stress_grid_S0006_daily.csv
FQA,FQA,Fengqiu,2015,Leave_One_experiments\wth_generated_qc\FQA\FQA2015.WTH,normal_year;water_stress_year;nitrogen_stress_year,water_stress,FQA2015_stress_grid_S0006,irrigation_positive_candidate,2015-09-07,250,94,89,"{""sim_day"": 94.0, ""doy"": 250.0, ""topwt"": 4841.952209472656, ""grnwt"": 2444.2022705078125, ""xlai"": 0.3823351562023163, ""totir"": 20.0, ""tofer"": NaN, ""swfac"": 0.0, ""nstres"": 0.3787985444068908}",0.0,0.3787985444068908,4841.952209472656,2444.2022705078125,0.3823351562023163,20.0,,0.0,0.0,20.0,0.0,17.778356933593752,25.778356933593752,Leave_One_experiments/all_year_offline_schedule_search/daily_outputs/FQA/FQA_2015_FQA2015_stress_grid_S0006_daily.csv
FQA,FQA,Fengqiu,2015,Leave_One_experiments\wth_generated_qc\FQA\FQA2015.WTH,normal_year;water_stress_year;nitrogen_stress_year,water_stress,FQA2015_stress_grid_S0006,irrigation_positive_candidate,2015-09-08,251,95,90,"{""sim_day"": 95.0, ""doy"": 251.0, ""topwt"": 4865.81298828125, ""grnwt"": 2540.4293823242188, ""xlai"": 0.3696379661560058, ""totir"": 20.0, ""tofer"": NaN, ""swfac"": 0.0, ""nstres"": 0.3970308303833008}",0.0,0.3970308303833008,4865.81298828125,2540.4293823242188,0.3696379661560058,20.0,,0.0,0.0,20.0,0.0,17.778356933593752,25.778356933593752,Leave_One_experiments/all_year_offline_schedule_search/daily_outputs/FQA/FQA_2015_FQA2015_stress_grid_S0006_daily.csv
FQA,FQA,Fengqiu,2015,Leave_One_experiments\wth_generated_qc\FQA\FQA2015.WTH,normal_year;water_stress_year;nitrogen_stress_year,water_stress,FQA2015_stress_grid_S0006,irrigation_positive_candidate,2015-09-09,252,96,91,"{""sim_day"": 96.0, ""doy"": 252.0, ""topwt"": 4906.696166992188, ""grnwt"": 2636.656494140625, ""xlai"": 0.3573720753192901, ""totir"": 20.0, ""tofer"": NaN, ""swfac"": 0.0, ""nstres"": 0.3964074254035949}",0.0,0.3964074254035949,4906.696166992188,2636.656494140625,0.3573720753192901,20.0,,0.0,0.0,20.0,0.0,17.778356933593752,25.778356933593752,Leave_One_experiments/all_year_offline_schedule_search/daily_outputs/FQA/FQA_2015_FQA2015_stress_grid_S0006_daily.csv
FQA,FQA,Fengqiu,2015,Leave_One_experiments\wth_generated_qc\FQA\FQA2015.WTH,normal_year;water_stress_year;nitrogen_stress_year,water_stress,FQA2015_stress_grid_S0006,irrigation_positive_candidate,2015-09-10,253,97,92,"{""sim_day"": 97.0, ""doy"": 253.0, ""topwt"": 4882.030029296875, ""grnwt"": 2667.719116210937, ""xlai"": 0.3457431495189667, ""totir"": 20.0, ""tofer"": NaN, ""swfac"": 0.0, ""nstres"": 0.3809618949890136}",0.0,0.3809618949890136,4882.030029296875,2667.719116210937,0.3457431495189667,20.0,,0.0,0.0,20.0,0.0,17.778356933593752,25.778356933593752,Leave_One_experiments/all_year_offline_schedule_search/daily_outputs/FQA/FQA_2015_FQA2015_stress_grid_S0006_daily.csv
FQA,FQA,Fengqiu,2015,Leave_One_experiments\wth_generated_qc\FQA\FQA2015.WTH,normal_year;water_stress_year;nitrogen_stress_year,water_stress,FQA2015_stress_grid_S0006,irrigation_positive_candidate,2015-09-11,254,98,93,"{""sim_day"": 98.0, ""doy"": 254.0, ""topwt"": 4954.0704345703125, ""grnwt"": 2739.7592163085938, ""xlai"": 0.3355377912521362, ""totir"": 20.0, ""tofer"": NaN, ""swfac"": 0.0, ""nstres"": 0.3084116578102112}",0.0,0.3084116578102112,4954.0704345703125,2739.7592163085938,0.3355377912521362,20.0,,0.0,0.0,20.0,0.0,17.778356933593752,25.778356933593752,Leave_One_experiments/all_year_offline_schedule_search/daily_outputs/FQA/FQA_2015_FQA2015_stress_grid_S0006_daily.csv
FQA,FQA,Fengqiu,2015,Leave_One_experiments\wth_generated_qc\FQA\FQA2015.WTH,normal_year;water_stress_year;nitrogen_stress_year,water_stress,FQA2015_stress_grid_S0006,irrigation_positive_candidate,2015-09-12,255,99,94,"{""sim_day"": 99.0, ""doy"": 255.0, ""topwt"": 4992.1466064453125, ""grnwt"": 2777.835693359375, ""xlai"": 0.3259069323539734, ""totir"": 20.0, ""tofer"": NaN, ""swfac"": 0.0, ""nstres"": 0.2888674139976501}",0.0,0.2888674139976501,4992.1466064453125,2777.835693359375,0.3259069323539734,20.0,,0.0,0.0,20.0,0.0,17.778356933593752,25.778356933593752,Leave_One_experiments/all_year_offline_schedule_search/daily_outputs/FQA/FQA_2015_FQA2015_stress_grid_S0006_daily.csv
FQA,FQA,Fengqiu,2015,Leave_One_experiments\wth_generated_qc\FQA\FQA2015.WTH,normal_year;water_stress_year;nitrogen_stress_year,water_stress,FQA2015_stress_grid_S0006,irrigation_positive_candidate,2015-09-13,256,100,95,"{""sim_day"": 100.0, ""doy"": 256.0, ""topwt"": 4992.1466064453125, ""grnwt"": 2777.835693359375, ""xlai"": 0.3259069323539734, ""totir"": 20.0, ""tofer"": NaN, ""swfac"": 0.0, ""nstres"": 0.2776305079460144}",0.0,0.2776305079460144,4992.1466064453125,2777.835693359375,0.3259069323539734,20.0,,0.0,0.0,20.0,0.0,17.778356933593752,25.778356933593752,Leave_One_experiments/all_year_offline_schedule_search/daily_outputs/FQA/FQA_2015_FQA2015_stress_grid_S0006_daily.csv
FQA,FQA,Fengqiu,2015,Leave_One_experiments\wth_generated_qc\FQA\FQA2015.WTH,normal_year;water_stress_year;nitrogen_stress_year,water_stress,FQA2015_stress_grid_S0006,irrigation_positive_candidate,2015-09-14,257,101,96,"{""sim_day"": 101.0, ""doy"": 257.0, ""topwt"": 4992.1466064453125, ""grnwt"": 2777.835693359375, ""xlai"": 0.3259069323539734, ""totir"": 20.0, ""tofer"": NaN, ""swfac"": 0.0, ""nstres"": 0.2776305079460144}",0.0,0.2776305079460144,4992.1466064453125,2777.835693359375,0.3259069323539734,20.0,,0.0,0.0,20.0,0.0,17.778356933593752,25.778356933593752,Leave_One_experiments/all_year_offline_schedule_search/daily_outputs/FQA/FQA_2015_FQA2015_stress_grid_S0006_daily.csv
FQA,FQA,Fengqiu,2015,Leave_One_experiments\wth_generated_qc\FQA\FQA2015.WTH,normal_year;water_stress_year;nitrogen_stress_year,water_stress,FQA2015_stress_grid_S0006,irrigation_positive_candidate,2015-09-15,258,102,97,"{""sim_day"": 102.0, ""doy"": 258.0, ""topwt"": 4992.1466064453125, ""grnwt"": 2777.835693359375, ""xlai"": 0.3259069323539734, ""totir"": 20.0, ""tofer"": NaN, ""swfac"": 0.0, ""nstres"": 0.2776305079460144}",0.0,0.2776305079460144,4992.1466064453125,2777.835693359375,0.3259069323539734,20.0,,0.0,0.0,20.0,0.0,17.778356933593752,25.778356933593752,Leave_One_experiments/all_year_offline_schedule_search/daily_outputs/FQA/FQA_2015_FQA2015_stress_grid_S0006_daily.csv
FQA,FQA,Fengqiu,2015,Leave_One_experiments\wth_generated_qc\FQA\FQA2015.WTH,normal_year;water_stress_year;nitrogen_stress_year,water_stress,FQA2015_stress_grid_S0006,irrigation_positive_candidate,2015-09-16,259,103,98,"{""sim_day"": 103.0, ""doy"": 259.0, ""topwt"": 4992.1466064453125, ""grnwt"": 2777.835693359375, ""xlai"": 0.3259069323539734, ""totir"": 20.0, ""tofer"": NaN, ""swfac"": 0.0, ""nstres"": 0.2776305079460144}",0.0,0.2776305079460144,4992.1466064453125,2777.835693359375,0.3259069323539734,20.0,,0.0,0.0,20.0,0.0,17.778356933593752,25.778356933593752,Leave_One_experiments/all_year_offline_schedule_search/daily_outputs/FQA/FQA_2015_FQA2015_stress_grid_S0006_daily.csv
FQA,FQA,Fengqiu,2015,Leave_One_experiments\wth_generated_qc\FQA\FQA2015.WTH,normal_year;water_stress_year;nitrogen_stress_year,water_stress,FQA2015_stress_grid_S0001,low_input_within_10pct_yield,2015-06-11,162,1,1,"{""sim_day"": 1.0, ""doy"": 162.0, ""topwt"": 0.0, ""grnwt"": 0.0, ""xlai"": 0.0, ""totir"": 0.0, ""tofer"": NaN, ""swfac"": 0.0, ""nstres"": 0.0}",0.0,0.0,0.0,0.0,0.0,0.0,,0.0,0.0,0.0,0.0,27.522311401367187,27.522311401367187,Leave_One_experiments/all_year_offline_schedule_search/daily_outputs/FQA/FQA_2015_FQA2015_stress_grid_S0001_daily.csv
FQA,FQA,Fengqiu,2015,Leave_One_experiments\wth_generated_qc\FQA\FQA2015.WTH,normal_year;water_stress_year;nitrogen_stress_year,water_stress,FQA2015_stress_grid_S0001,low_input_within_10pct_yield,2015-06-12,163,2,2,"{""sim_day"": 2.0, ""doy"": 163.0, ""topwt"": 0.0, ""grnwt"": 0.0, ""xlai"": 0.0, ""totir"": 0.0, ""tofer"": NaN, ""swfac"": 0.0, ""nstres"": 0.0}",0.0,0.0,0.0,0.0,0.0,0.0,,0.0,0.0,0.0,0.0,27.522311401367187,27.522311401367187,Leave_One_experiments/all_year_offline_schedule_search/daily_outputs/FQA/FQA_2015_FQA2015_stress_grid_S0001_daily.csv
FQA,FQA,Fengqiu,2015,Leave_One_experiments\wth_generated_qc\FQA\FQA2015.WTH,normal_year;water_stress_year;nitrogen_stress_year,water_stress,FQA2015_stress_grid_S0001,low_input_within_10pct_yield,2015-06-13,164,3,3,"{""sim_day"": 3.0, ""doy"": 164.0, ""topwt"": 0.0, ""grnwt"": 0.0, ""xlai"": 0.0, ""totir"": 0.0, ""tofer"": NaN, ""swfac"": 0.0, ""nstres"": 0.0}",0.0,0.0,0.0,0.0,0.0,0.0,,0.0,0.0,0.0,0.0,27.522311401367187,27.522311401367187,Leave_One_experiments/all_year_offline_schedule_search/daily_outputs/FQA/FQA_2015_FQA2015_stress_grid_S0001_daily.csv
FQA,FQA,Fengqiu,2015,Leave_One_experiments\wth_generated_qc\FQA\FQA2015.WTH,normal_year;water_stress_year;nitrogen_stress_year,water_stress,FQA2015_stress_grid_S0001,low_input_within_10pct_yield,2015-06-14,165,4,4,"{""sim_day"": 4.0, ""doy"": 165.0, ""topwt"": 0.0, ""grnwt"": 0.0, ""xlai"": 0.0, ""totir"": 0.0, ""tofer"": NaN, ""swfac"": 0.0, ""nstres"": 0.0}",0.0,0.0,0.0,0.0,0.0,0.0,,0.0,0.0,0.0,0.0,27.522311401367187,27.522311401367187,Leave_One_experiments/all_year_offline_schedule_search/daily_outputs/FQA/FQA_2015_FQA2015_stress_grid_S0001_daily.csv
FQA,FQA,Fengqiu,2015,Leave_One_experiments\wth_generated_qc\FQA\FQA2015.WTH,normal_year;water_stress_year;nitrogen_stress_year,water_stress,FQA2015_stress_grid_S0001,low_input_within_10pct_yield,2015-06-15,166,5,5,"{""sim_day"": 5.0, ""doy"": 166.0, ""topwt"": 0.0, ""grnwt"": 0.0, ""xlai"": 0.0, ""totir"": 0.0, ""tofer"": NaN, ""swfac"": 0.0, ""nstres"": 0.0}",0.0,0.0,0.0,0.0,0.0,0.0,,0.0,0.0,0.0,0.0,27.522311401367187,27.522311401367187,Leave_One_experiments/all_year_offline_schedule_search/daily_outputs/FQA/FQA_2015_FQA2015_stress_grid_S0001_daily.csv
FQA,FQA,Fengqiu,2015,Leave_One_experiments\wth_generated_qc\FQA\FQA2015.WTH,normal_year;water_stress_year;nitrogen_stress_year,water_stress,FQA2015_stress_grid_S0001,low_input_within_10pct_yield,2015-06-11,162,6,1,"{""sim_day"": 6.0, ""doy"": 162.0, ""topwt"": 0.0, ""grnwt"": 0.0, ""xlai"": 0.0, ""totir"": 0.0, ""tofer"": NaN, ""swfac"": 0.0, ""nstres"": 0.0}",0.0,0.0,0.0,0.0,0.0,0.0,,0.0,0.0,0.0,0.0,27.522311401367187,27.522311401367187,Leave_One_experiments/all_year_offline_schedule_search/daily_outputs/FQA/FQA_2015_FQA2015_stress_grid_S0001_daily.csv
FQA,FQA,Fengqiu,2015,Leave_One_experiments\wth_generated_qc\FQA\FQA2015.WTH,normal_year;water_stress_year;nitrogen_stress_year,water_stress,FQA2015_stress_grid_S0001,low_input_within_10pct_yield,2015-06-12,163,7,2,"{""sim_day"": 7.0, ""doy"": 163.0, ""topwt"": 0.0, ""grnwt"": 0.0, ""xlai"": 0.0, ""totir"": 0.0, ""tofer"": NaN, ""swfac"": 0.0, ""nstres"": 0.0}",0.0,0.0,0.0,0.0,0.0,0.0,,0.0,0.0,0.0,0.0,27.522311401367187,27.522311401367187,Leave_One_experiments/all_year_offline_schedule_search/daily_outputs/FQA/FQA_2015_FQA2015_stress_grid_S0001_daily.csv
FQA,FQA,Fengqiu,2015,Leave_One_experiments\wth_generated_qc\FQA\FQA2015.WTH,normal_year;water_stress_year;nitrogen_stress_year,water_stress,FQA2015_stress_grid_S0001,low_input_within_10pct_yield,2015-06-13,164,8,3,"{""sim_day"": 8.0, ""doy"": 164.0, ""topwt"": 0.0, ""grnwt"": 0.0, ""xlai"": 0.0, ""totir"": 0.0, ""tofer"": NaN, ""swfac"": 0.0, ""nstres"": 0.0}",0.0,0.0,0.0,0.0,0.0,0.0,,0.0,0.0,0.0,0.0,27.522311401367187,27.522311401367187,Leave_One_experiments/all_year_offline_schedule_search/daily_outputs/FQA/FQA_2015_FQA2015_stress_grid_S0001_daily.csv
FQA,FQA,Fengqiu,2015,Leave_One_experiments\wth_generated_qc\FQA\FQA2015.WTH,normal_year;water_stress_year;nitrogen_stress_year,water_stress,FQA2015_stress_grid_S0001,low_input_within_10pct_yield,2015-06-14,165,9,4,"{""sim_day"": 9.0, ""doy"": 165.0, ""topwt"": 0.0, ""grnwt"": 0.0, ""xlai"": 0.0, ""totir"": 0.0, ""tofer"": NaN, ""swfac"": 0.0, ""nstres"": 0.0}",0.0,0.0,0.0,0.0,0.0,0.0,,0.0,0.0,0.0,0.0,27.522311401367187,27.522311401367187,Leave_One_experiments/all_year_offline_schedule_search/daily_outputs/FQA/FQA_2015_FQA2015_stress_grid_S0001_daily.csv
FQA,FQA,Fengqiu,2015,Leave_One_experiments\wth_generated_qc\FQA\FQA2015.WTH,normal_year;water_stress_year;nitrogen_stress_year,water_stress,FQA2015_stress_grid_S0001,low_input_within_10pct_yield,2015-06-15,166,10,5,"{""sim_day"": 10.0, ""doy"": 166.0, ""topwt"": 0.0, ""grnwt"": 0.0, ""xlai"": 0.0, ""totir"": 0.0, ""tofer"": NaN, ""swfac"": 0.0, ""nstres"": 0.0}",0.0,0.0,0.0,0.0,0.0,0.0,,0.0,0.0,0.0,0.0,27.522311401367187,27.522311401367187,Leave_One_experiments/all_year_offline_schedule_search/daily_outputs/FQA/FQA_2015_FQA2015_stress_grid_S0001_daily.csv
FQA,FQA,Fengqiu,2015,Leave_One_experiments\wth_generated_qc\FQA\FQA2015.WTH,normal_year;water_stress_year;nitrogen_stress_year,water_stress,FQA2015_stress_grid_S0001,low_input_within_10pct_yield,2015-06-16,167,11,6,"{""sim_day"": 11.0, ""doy"": 167.0, ""topwt"": 32.00000047683716, ""grnwt"": 0.0, ""xlai"": 0.0029944737907499, ""totir"": 0.0, ""tofer"": NaN, ""swfac"": 0.0, ""nstres"": 0.0121910572052001}",0.0,0.0121910572052001,32.00000047683716,0.0,0.0029944737907499,0.0,,0.0,0.0,0.0,0.0,27.522311401367187,27.522311401367187,Leave_One_experiments/all_year_offline_schedule_search/daily_outputs/FQA/FQA_2015_FQA2015_stress_grid_S0001_daily.csv
FQA,FQA,Fengqiu,2015,Leave_One_experiments\wth_generated_qc\FQA\FQA2015.WTH,normal_year;water_stress_year;nitrogen_stress_year,water_stress,FQA2015_stress_grid_S0001,low_input_within_10pct_yield,2015-06-17,168,12,7,"{""sim_day"": 12.0, ""doy"": 168.0, ""topwt"": 32.00000047683716, ""grnwt"": 0.0, ""xlai"": 0.0057682190090417, ""totir"": 0.0, ""tofer"": NaN, ""swfac"": 0.0, ""nstres"": 0.0}",0.0,0.0,32.00000047683716,0.0,0.0057682190090417,0.0,,0.0,0.0,0.0,0.0,27.522311401367187,27.522311401367187,Leave_One_experiments/all_year_offline_schedule_search/daily_outputs/FQA/FQA_2015_FQA2015_stress_grid_S0001_daily.csv
FQA,FQA,Fengqiu,2015,Leave_One_experiments\wth_generated_qc\FQA\FQA2015.WTH,normal_year;water_stress_year;nitrogen_stress_year,water_stress,FQA2015_stress_grid_S0001,low_input_within_10pct_yield,2015-06-18,169,13,8,"{""sim_day"": 13.0, ""doy"": 169.0, ""topwt"": 32.00000047683716, ""grnwt"": 0.0, ""xlai"": 0.0091094421222805, ""totir"": 0.0, ""tofer"": NaN, ""swfac"": 0.0, ""nstres"": 0.0}",0.0,0.0,32.00000047683716,0.0,0.0091094421222805,0.0,,0.0,0.0,0.0,0.0,27.522311401367187,27.522311401367187,Leave_One_experiments/all_year_offline_schedule_search/daily_outputs/FQA/FQA_2015_FQA2015_stress_grid_S0001_daily.csv
FQA,FQA,Fengqiu,2015,Leave_One_experiments\wth_generated_qc\FQA\FQA2015.WTH,normal_year;water_stress_year;nitrogen_stress_year,water_stress,FQA2015_stress_grid_S0001,low_input_within_10pct_yield,2015-06-19,170,14,9,"{""sim_day"": 14.0, ""doy"": 170.0, ""topwt"": 32.00000047683716, ""grnwt"": 0.0, ""xlai"": 0.0118614258244633, ""totir"": 0.0, ""tofer"": NaN, ""swfac"": 0.0, ""nstres"": 0.0}",0.0,0.0,32.00000047683716,0.0,0.0118614258244633,0.0,,0.0,0.0,0.0,0.0,27.522311401367187,27.522311401367187,Leave_One_experiments/all_year_offline_schedule_search/daily_outputs/FQA/FQA_2015_FQA2015_stress_grid_S0001_daily.csv
FQA,FQA,Fengqiu,2015,Leave_One_experiments\wth_generated_qc\FQA\FQA2015.WTH,normal_year;water_stress_year;nitrogen_stress_year,water_stress,FQA2015_stress_grid_S0001,low_input_within_10pct_yield,2015-06-20,171,15,10,"{""sim_day"": 15.0, ""doy"": 171.0, ""topwt"": 32.00000047683716, ""grnwt"": 0.0, ""xlai"": 0.014996507205069, ""totir"": 0.0, ""tofer"": NaN, ""swfac"": 0.0, ""nstres"": 0.0}",0.0,0.0,32.00000047683716,0.0,0.014996507205069,0.0,,0.0,0.0,0.0,0.0,27.522311401367187,27.522311401367187,Leave_One_experiments/all_year_offline_schedule_search/daily_outputs/FQA/FQA_2015_FQA2015_stress_grid_S0001_daily.csv
FQA,FQA,Fengqiu,2015,Leave_One_experiments\wth_generated_qc\FQA\FQA2015.WTH,normal_year;water_stress_year;nitrogen_stress_year,water_stress,FQA2015_stress_grid_S0001,low_input_within_10pct_yield,2015-06-21,172,16,11,"{""sim_day"": 16.0, ""doy"": 172.0, ""topwt"": 32.00000047683716, ""grnwt"": 0.0, ""xlai"": 0.0186259467154741, ""totir"": 0.0, ""tofer"": NaN, ""swfac"": 0.0, ""nstres"": 0.0}",0.0,0.0,32.00000047683716,0.0,0.0186259467154741,0.0,,0.0,0.0,0.0,0.0,27.522311401367187,27.522311401367187,Leave_One_experiments/all_year_offline_schedule_search/daily_outputs/FQA/FQA_2015_FQA2015_stress_grid_S0001_daily.csv
FQA,FQA,Fengqiu,2015,Leave_One_experiments\wth_generated_qc\FQA\FQA2015.WTH,normal_year;water_stress_year;nitrogen_stress_year,water_stress,FQA2015_stress_grid_S0001,low_input_within_10pct_yield,2015-06-22,173,17,12,"{""sim_day"": 17.0, ""doy"": 173.0, ""topwt"": 23.089604377746586, ""grnwt"": 0.0, ""xlai"": 0.0305651854723691, ""totir"": 0.0, ""tofer"": NaN, ""swfac"": 0.0, ""nstres"": 0.0}",0.0,0.0,23.089604377746586,0.0,0.0305651854723691,0.0,,0.0,0.0,0.0,0.0,27.522311401367187,27.522311401367187,Leave_One_experiments/all_year_offline_schedule_search/daily_outputs/FQA/FQA_2015_FQA2015_stress_grid_S0001_daily.csv
FQA,FQA,Fengqiu,2015,Leave_One_experiments\wth_generated_qc\FQA\FQA2015.WTH,normal_year;water_stress_year;nitrogen_stress_year,water_stress,FQA2015_stress_grid_S0001,low_input_within_10pct_yield,2015-06-23,174,18,13,"{""sim_day"": 18.0, ""doy"": 174.0, ""topwt"": 24.42030906677246, ""grnwt"": 0.0, ""xlai"": 0.0350460335612297, ""totir"": 0.0, ""tofer"": NaN, ""swfac"": 0.0, ""nstres"": 0.0}",0.0,0.0,24.42030906677246,0.0,0.0350460335612297,0.0,,0.0,0.0,0.0,0.0,27.522311401367187,27.522311401367187,Leave_One_experiments/all_year_offline_schedule_search/daily_outputs/FQA/FQA_2015_FQA2015_stress_grid_S0001_daily.csv
FQA,FQA,Fengqiu,2015,Leave_One_experiments\wth_generated_qc\FQA\FQA2015.WTH,normal_year;water_stress_year;nitrogen_stress_year,water_stress,FQA2015_stress_grid_S0001,low_input_within_10pct_yield,2015-06-24,175,19,14,"{""sim_day"": 19.0, ""doy"": 175.0, ""topwt"": 27.39112377166748, ""grnwt"": 0.0, ""xlai"": 0.0445783175528049, ""totir"": 0.0, ""tofer"": NaN, ""swfac"": 0.0, ""nstres"": 0.0}",0.0,0.0,27.39112377166748,0.0,0.0445783175528049,0.0,,0.0,0.0,0.0,0.0,27.522311401367187,27.522311401367187,Leave_One_experiments/all_year_offline_schedule_search/daily_outputs/FQA/FQA_2015_FQA2015_stress_grid_S0001_daily.csv
FQA,FQA,Fengqiu,2015,Leave_One_experiments\wth_generated_qc\FQA\FQA2015.WTH,normal_year;water_stress_year;nitrogen_stress_year,water_stress,FQA2015_stress_grid_S0001,low_input_within_10pct_yield,2015-06-25,176,20,15,"{""sim_day"": 20.0, ""doy"": 176.0, ""topwt"": 32.04607009887695, ""grnwt"": 0.0, ""xlai"": 0.0585535280406475, ""totir"": 0.0, ""tofer"": NaN, ""swfac"": 0.0, ""nstres"": 0.0}",0.0,0.0,32.04607009887695,0.0,0.0585535280406475,0.0,,0.0,0.0,0.0,0.0,27.522311401367187,27.522311401367187,Leave_One_experiments/all_year_offline_schedule_search/daily_outputs/FQA/FQA_2015_FQA2015_stress_grid_S0001_daily.csv
FQA,FQA,Fengqiu,2015,Leave_One_experiments\wth_generated_qc\FQA\FQA2015.WTH,normal_year;water_stress_year;nitrogen_stress_year,water_stress,FQA2015_stress_grid_S0001,low_input_within_10pct_yield,2015-06-26,177,21,16,"{""sim_day"": 21.0, ""doy"": 177.0, ""topwt"": 36.29026412963867, ""grnwt"": 0.0, ""xlai"": 0.0705505982041359, ""totir"": 0.0, ""tofer"": NaN, ""swfac"": 0.0, ""nstres"": 0.0}",0.0,0.0,36.29026412963867,0.0,0.0705505982041359,0.0,,0.0,0.0,0.0,0.0,27.522311401367187,27.522311401367187,Leave_One_experiments/all_year_offline_schedule_search/daily_outputs/FQA/FQA_2015_FQA2015_stress_grid_S0001_daily.csv
FQA,FQA,Fengqiu,2015,Leave_One_experiments\wth_generated_qc\FQA\FQA2015.WTH,normal_year;water_stress_year;nitrogen_stress_year,water_stress,FQA2015_stress_grid_S0001,low_input_within_10pct_yield,2015-06-27,178,22,17,"{""sim_day"": 22.0, ""doy"": 178.0, ""topwt"": 42.22851753234863, ""grnwt"": 0.0, ""xlai"": 0.0865022540092468, ""totir"": 0.0, ""tofer"": NaN, ""swfac"": 0.0, ""nstres"": 0.0}",0.0,0.0,42.22851753234863,0.0,0.0865022540092468,0.0,,0.0,0.0,0.0,0.0,27.522311401367187,27.522311401367187,Leave_One_experiments/all_year_offline_schedule_search/daily_outputs/FQA/FQA_2015_FQA2015_stress_grid_S0001_daily.csv
FQA,FQA,Fengqiu,2015,Leave_One_experiments\wth_generated_qc\FQA\FQA2015.WTH,normal_year;water_stress_year;nitrogen_stress_year,water_stress,FQA2015_stress_grid_S0001,low_input_within_10pct_yield,2015-06-28,179,23,18,"{""sim_day"": 23.0, ""doy"": 179.0, ""topwt"": 44.43379878997803, ""grnwt"": 0.0, ""xlai"": 0.092175081372261, ""totir"": 0.0, ""tofer"": NaN, ""swfac"": 0.0, ""nstres"": 0.0}",0.0,0.0,44.43379878997803,0.0,0.092175081372261,0.0,,0.0,0.0,0.0,0.0,27.522311401367187,27.522311401367187,Leave_One_experiments/all_year_offline_schedule_search/daily_outputs/FQA/FQA_2015_FQA2015_stress_grid_S0001_daily.csv
FQA,FQA,Fengqiu,2015,Leave_One_experiments\wth_generated_qc\FQA\FQA2015.WTH,normal_year;water_stress_year;nitrogen_stress_year,water_stress,FQA2015_stress_grid_S0001,low_input_within_10pct_yield,2015-06-29,180,24,19,"{""sim_day"": 24.0, ""doy"": 180.0, ""topwt"": 49.806861877441406, ""grnwt"": 0.0, ""xlai"": 0.1057277917861938, ""totir"": 0.0, ""tofer"": NaN, ""swfac"": 0.0, ""nstres"": 0.0}",0.0,0.0,49.806861877441406,0.0,0.1057277917861938,0.0,,0.0,0.0,0.0,0.0,27.522311401367187,27.522311401367187,Leave_One_experiments/all_year_offline_schedule_search/daily_outputs/FQA/FQA_2015_FQA2015_stress_grid_S0001_daily.csv
FQA,FQA,Fengqiu,2015,Leave_One_experiments\wth_generated_qc\FQA\FQA2015.WTH,normal_year;water_stress_year;nitrogen_stress_year,water_stress,FQA2015_stress_grid_S0001,low_input_within_10pct_yield,2015-06-30,181,25,20,"{""sim_day"": 25.0, ""doy"": 181.0, ""topwt"": 59.02320861816406, ""grnwt"": 0.0, ""xlai"": 0.1279861629009246, ""totir"": 0.0, ""tofer"": NaN, ""swfac"": 0.0, ""nstres"": 0.0}",0.0,0.0,59.02320861816406,0.0,0.1279861629009246,0.0,,0.0,0.0,0.0,0.0,27.522311401367187,27.522311401367187,Leave_One_experiments/all_year_offline_schedule_search/daily_outputs/FQA/FQA_2015_FQA2015_stress_grid_S0001_daily.csv
FQA,FQA,Fengqiu,2015,Leave_One_experiments\wth_generated_qc\FQA\FQA2015.WTH,normal_year;water_stress_year;nitrogen_stress_year,water_stress,FQA2015_stress_grid_S0001,low_input_within_10pct_yield,2015-07-01,182,26,21,"{""sim_day"": 26.0, ""doy"": 182.0, ""topwt"": 69.49834823608398, ""grnwt"": 0.0, ""xlai"": 0.1513942927122116, ""totir"": 0.0, ""tofer"": NaN, ""swfac"": 0.0, ""nstres"": 0.0}",0.0,0.0,69.49834823608398,0.0,0.1513942927122116,0.0,,0.0,0.0,0.0,0.0,27.522311401367187,27.522311401367187,Leave_One_experiments/all_year_offline_schedule_search/daily_outputs/FQA/FQA_2015_FQA2015_stress_grid_S0001_daily.csv
FQA,FQA,Fengqiu,2015,Leave_One_experiments\wth_generated_qc\FQA\FQA2015.WTH,normal_year;water_stress_year;nitrogen_stress_year,water_stress,FQA2015_stress_grid_S0001,low_input_within_10pct_yield,2015-07-02,183,27,22,"{""sim_day"": 27.0, ""doy"": 183.0, ""topwt"": 81.71740531921387, ""grnwt"": 0.0, ""xlai"": 0.1789602190256118, ""totir"": 0.0, ""tofer"": NaN, ""swfac"": 0.0, ""nstres"": 0.0}",0.0,0.0,81.71740531921387,0.0,0.1789602190256118,0.0,,0.0,0.0,0.0,0.0,27.522311401367187,27.522311401367187,Leave_One_experiments/all_year_offline_schedule_search/daily_outputs/FQA/FQA_2015_FQA2015_stress_grid_S0001_daily.csv
FQA,FQA,Fengqiu,2015,Leave_One_experiments\wth_generated_qc\FQA\FQA2015.WTH,normal_year;water_stress_year;nitrogen_stress_year,water_stress,FQA2015_stress_grid_S0001,low_input_within_10pct_yield,2015-07-03,184,28,23,"{""sim_day"": 28.0, ""doy"": 184.0, ""topwt"": 96.15229606628418, ""grnwt"": 0.0, ""xlai"": 0.2100505530834198, ""totir"": 0.0, ""tofer"": NaN, ""swfac"": 0.0, ""nstres"": 0.0}",0.0,0.0,96.15229606628418,0.0,0.2100505530834198,0.0,,0.0,0.0,0.0,0.0,27.522311401367187,27.522311401367187,Leave_One_experiments/all_year_offline_schedule_search/daily_outputs/FQA/FQA_2015_FQA2015_stress_grid_S0001_daily.csv
FQA,FQA,Fengqiu,2015,Leave_One_experiments\wth_generated_qc\FQA\FQA2015.WTH,normal_year;water_stress_year;nitrogen_stress_year,water_stress,FQA2015_stress_grid_S0001,low_input_within_10pct_yield,2015-07-04,185,29,24,"{""sim_day"": 29.0, ""doy"": 185.0, ""topwt"": 112.35197067260742, ""grnwt"": 0.0, ""xlai"": 0.243364930152893, ""totir"": 0.0, ""tofer"": NaN, ""swfac"": 0.0, ""nstres"": 0.0}",0.0,0.0,112.35197067260742,0.0,0.243364930152893,0.0,,0.0,0.0,0.0,0.0,27.522311401367187,27.522311401367187,Leave_One_experiments/all_year_offline_schedule_search/daily_outputs/FQA/FQA_2015_FQA2015_stress_grid_S0001_daily.csv
FQA,FQA,Fengqiu,2015,Leave_One_experiments\wth_generated_qc\FQA\FQA2015.WTH,normal_year;water_stress_year;nitrogen_stress_year,water_stress,FQA2015_stress_grid_S0001,low_input_within_10pct_yield,2015-07-05,186,30,25,"{""sim_day"": 30.0, ""doy"": 186.0, ""topwt"": 130.0790023803711, ""grnwt"": 0.0, ""xlai"": 0.2782142758369446, ""totir"": 0.0, ""tofer"": NaN, ""swfac"": 0.0, ""nstres"": 0.0}",0.0,0.0,130.0790023803711,0.0,0.2782142758369446,0.0,,0.0,0.0,0.0,0.0,27.522311401367187,27.522311401367187,Leave_One_experiments/all_year_offline_schedule_search/daily_outputs/FQA/FQA_2015_FQA2015_stress_grid_S0001_daily.csv
FQA,FQA,Fengqiu,2015,Leave_One_experiments\wth_generated_qc\FQA\FQA2015.WTH,normal_year;water_stress_year;nitrogen_stress_year,water_stress,FQA2015_stress_grid_S0001,low_input_within_10pct_yield,2015-07-06,187,31,26,"{""sim_day"": 31.0, ""doy"": 187.0, ""topwt"": 149.008207321167, ""grnwt"": 0.0, ""xlai"": 0.3138489723205566, ""totir"": 0.0, ""tofer"": NaN, ""swfac"": 0.0, ""nstres"": 0.0}",0.0,0.0,149.008207321167,0.0,0.3138489723205566,0.0,,0.0,0.0,0.0,0.0,27.522311401367187,27.522311401367187,Leave_One_experiments/all_year_offline_schedule_search/daily_outputs/FQA/FQA_2015_FQA2015_stress_grid_S0001_daily.csv
FQA,FQA,Fengqiu,2015,Leave_One_experiments\wth_generated_qc\FQA\FQA2015.WTH,normal_year;water_stress_year;nitrogen_stress_year,water_stress,FQA2015_stress_grid_S0001,low_input_within_10pct_yield,2015-07-07,188,32,27,"{""sim_day"": 32.0, ""doy"": 188.0, ""topwt"": 171.16817474365234, ""grnwt"": 0.0, ""xlai"": 0.3537605404853821, ""totir"": 0.0, ""tofer"": NaN, ""swfac"": 0.0, ""nstres"": 0.0}",0.0,0.0,171.16817474365234,0.0,0.3537605404853821,0.0,,0.0,0.0,0.0,0.0,27.522311401367187,27.522311401367187,Leave_One_experiments/all_year_offline_schedule_search/daily_outputs/FQA/FQA_2015_FQA2015_stress_grid_S0001_daily.csv
FQA,FQA,Fengqiu,2015,Leave_One_experiments\wth_generated_qc\FQA\FQA2015.WTH,normal_year;water_stress_year;nitrogen_stress_year,water_stress,FQA2015_stress_grid_S0001,low_input_within_10pct_yield,2015-07-08,189,33,28,"{""sim_day"": 33.0, ""doy"": 189.0, ""topwt"": 197.0421028137207, ""grnwt"": 0.0, ""xlai"": 0.3982365727424621, ""totir"": 0.0, ""tofer"": NaN, ""swfac"": 0.0, ""nstres"": 0.0}",0.0,0.0,197.0421028137207,0.0,0.3982365727424621,0.0,,0.0,0.0,0.0,0.0,27.522311401367187,27.522311401367187,Leave_One_experiments/all_year_offline_schedule_search/daily_outputs/FQA/FQA_2015_FQA2015_stress_grid_S0001_daily.csv
FQA,FQA,Fengqiu,2015,Leave_One_experiments\wth_generated_qc\FQA\FQA2015.WTH,normal_year;water_stress_year;nitrogen_stress_year,water_stress,FQA2015_stress_grid_S0001,low_input_within_10pct_yield,2015-07-09,190,34,29,"{""sim_day"": 34.0, ""doy"": 190.0, ""topwt"": 222.2428131103516, ""grnwt"": 0.0, ""xlai"": 0.4397056996822357, ""totir"": 0.0, ""tofer"": NaN, ""swfac"": 0.0, ""nstres"": 0.0}",0.0,0.0,222.2428131103516,0.0,0.4397056996822357,0.0,,0.0,0.0,0.0,0.0,27.522311401367187,27.522311401367187,Leave_One_experiments/all_year_offline_schedule_search/daily_outputs/FQA/FQA_2015_FQA2015_stress_grid_S0001_daily.csv
FQA,FQA,Fengqiu,2015,Leave_One_experiments\wth_generated_qc\FQA\FQA2015.WTH,normal_year;water_stress_year;nitrogen_stress_year,water_stress,FQA2015_stress_grid_S0001,low_input_within_10pct_yield,2015-07-10,191,35,30,"{""sim_day"": 35.0, ""doy"": 191.0, ""topwt"": 256.03572845458984, ""grnwt"": 0.0, ""xlai"": 0.4926877915859222, ""totir"": 0.0, ""tofer"": NaN, ""swfac"": 0.0, ""nstres"": 0.0}",0.0,0.0,256.03572845458984,0.0,0.4926877915859222,0.0,,0.0,0.0,0.0,0.0,27.522311401367187,27.522311401367187,Leave_One_experiments/all_year_offline_schedule_search/daily_outputs/FQA/FQA_2015_FQA2015_stress_grid_S0001_daily.csv
FQA,FQA,Fengqiu,2015,Leave_One_experiments\wth_generated_qc\FQA\FQA2015.WTH,normal_year;water_stress_year;nitrogen_stress_year,water_stress,FQA2015_stress_grid_S0001,low_input_within_10pct_yield,2015-07-11,192,36,31,"{""sim_day"": 36.0, ""doy"": 192.0, ""topwt"": 297.1929740905762, ""grnwt"": 0.0, ""xlai"": 0.5537985563278198, ""totir"": 0.0, ""tofer"": NaN, ""swfac"": 0.0, ""nstres"": 0.0}",0.0,0.0,297.1929740905762,0.0,0.5537985563278198,0.0,,0.0,0.0,0.0,0.0,27.522311401367187,27.522311401367187,Leave_One_experiments/all_year_offline_schedule_search/daily_outputs/FQA/FQA_2015_FQA2015_stress_grid_S0001_daily.csv
FQA,FQA,Fengqiu,2015,Leave_One_experiments\wth_generated_qc\FQA\FQA2015.WTH,normal_year;water_stress_year;nitrogen_stress_year,water_stress,FQA2015_stress_grid_S0001,low_input_within_10pct_yield,2015-07-12,193,37,32,"{""sim_day"": 37.0, ""doy"": 193.0, ""topwt"": 346.29371643066406, ""grnwt"": 0.0, ""xlai"": 0.6225748658180237, ""totir"": 0.0, ""tofer"": NaN, ""swfac"": 0.0, ""nstres"": 0.0}",0.0,0.0,346.29371643066406,0.0,0.6225748658180237,0.0,,0.0,0.0,0.0,0.0,27.522311401367187,27.522311401367187,Leave_One_experiments/all_year_offline_schedule_search/daily_outputs/FQA/FQA_2015_FQA2015_stress_grid_S0001_daily.csv
FQA,FQA,Fengqiu,2015,Leave_One_experiments\wth_generated_qc\FQA\FQA2015.WTH,normal_year;water_stress_year;nitrogen_stress_year,water_stress,FQA2015_stress_grid_S0001,low_input_within_10pct_yield,2015-07-13,194,38,33,"{""sim_day"": 38.0, ""doy"": 194.0, ""topwt"": 401.3577651977539, ""grnwt"": 0.0, ""xlai"": 0.6952734589576721, ""totir"": 0.0, ""tofer"": NaN, ""swfac"": 0.0, ""nstres"": 0.0}",0.0,0.0,401.3577651977539,0.0,0.6952734589576721,0.0,,0.0,0.0,0.0,0.0,27.522311401367187,27.522311401367187,Leave_One_experiments/all_year_offline_schedule_search/daily_outputs/FQA/FQA_2015_FQA2015_stress_grid_S0001_daily.csv
FQA,FQA,Fengqiu,2015,Leave_One_experiments\wth_generated_qc\FQA\FQA2015.WTH,normal_year;water_stress_year;nitrogen_stress_year,water_stress,FQA2015_stress_grid_S0001,low_input_within_10pct_yield,2015-07-14,195,39,34,"{""sim_day"": 39.0, ""doy"": 195.0, ""topwt"": 435.25333404541016, ""grnwt"": 0.0, ""xlai"": 0.738189160823822, ""totir"": 0.0, ""tofer"": NaN, ""swfac"": 0.0, ""nstres"": 0.0}",0.0,0.0,435.25333404541016,0.0,0.738189160823822,0.0,,0.0,0.0,0.0,0.0,27.522311401367187,27.522311401367187,Leave_One_experiments/all_year_offline_schedule_search/daily_outputs/FQA/FQA_2015_FQA2015_stress_grid_S0001_daily.csv
FQA,FQA,Fengqiu,2015,Leave_One_experiments\wth_generated_qc\FQA\FQA2015.WTH,normal_year;water_stress_year;nitrogen_stress_year,water_stress,FQA2015_stress_grid_S0001,low_input_within_10pct_yield,2015-07-15,196,40,35,"{""sim_day"": 40.0, ""doy"": 196.0, ""topwt"": 457.1157836914063, ""grnwt"": 0.0, ""xlai"": 0.7649902701377869, ""totir"": 0.0, ""tofer"": NaN, ""swfac"": 0.0, ""nstres"": 0.0}",0.0,0.0,457.1157836914063,0.0,0.7649902701377869,0.0,,0.0,0.0,0.0,0.0,27.522311401367187,27.522311401367187,Leave_One_experiments/all_year_offline_schedule_search/daily_outputs/FQA/FQA_2015_FQA2015_stress_grid_S0001_daily.csv
FQA,FQA,Fengqiu,2015,Leave_One_experiments\wth_generated_qc\FQA\FQA2015.WTH,normal_year;water_stress_year;nitrogen_stress_year,water_stress,FQA2015_stress_grid_S0001,low_input_within_10pct_yield,2015-07-16,197,41,36,"{""sim_day"": 41.0, ""doy"": 197.0, ""topwt"": 503.9117431640625, ""grnwt"": 0.0, ""xlai"": 0.8195241093635559, ""totir"": 0.0, ""tofer"": NaN, ""swfac"": 0.0, ""nstres"": 0.0078443884849548}",0.0,0.0078443884849548,503.9117431640625,0.0,0.8195241093635559,0.0,,0.0,0.0,0.0,0.0,27.522311401367187,27.522311401367187,Leave_One_experiments/all_year_offline_schedule_search/daily_outputs/FQA/FQA_2015_FQA2015_stress_grid_S0001_daily.csv
FQA,FQA,Fengqiu,2015,Leave_One_experiments\wth_generated_qc\FQA\FQA2015.WTH,normal_year;water_stress_year;nitrogen_stress_year,water_stress,FQA2015_stress_grid_S0001,low_input_within_10pct_yield,2015-07-17,198,42,37,"{""sim_day"": 42.0, ""doy"": 198.0, ""topwt"": 565.8713531494141, ""grnwt"": 0.0, ""xlai"": 0.8890205025672913, ""totir"": 0.0, ""tofer"": NaN, ""swfac"": 0.0, ""nstres"": 0.003293752670288}",0.0,0.003293752670288,565.8713531494141,0.0,0.8890205025672913,0.0,,0.0,0.0,0.0,0.0,27.522311401367187,27.522311401367187,Leave_One_experiments/all_year_offline_schedule_search/daily_outputs/FQA/FQA_2015_FQA2015_stress_grid_S0001_daily.csv
FQA,FQA,Fengqiu,2015,Leave_One_experiments\wth_generated_qc\FQA\FQA2015.WTH,normal_year;water_stress_year;nitrogen_stress_year,water_stress,FQA2015_stress_grid_S0001,low_input_within_10pct_yield,2015-07-18,199,43,38,"{""sim_day"": 43.0, ""doy"": 199.0, ""topwt"": 625.5461120605469, ""grnwt"": 0.0, ""xlai"": 0.949121356010437, ""totir"": 0.0, ""tofer"": NaN, ""swfac"": 0.0, ""nstres"": 0.0343101024627685}",0.0,0.0343101024627685,625.5461120605469,0.0,0.949121356010437,0.0,,0.0,0.0,0.0,0.0,27.522311401367187,27.522311401367187,Leave_One_experiments/all_year_offline_schedule_search/daily_outputs/FQA/FQA_2015_FQA2015_stress_grid_S0001_daily.csv
FQA,FQA,Fengqiu,2015,Leave_One_experiments\wth_generated_qc\FQA\FQA2015.WTH,normal_year;water_stress_year;nitrogen_stress_year,water_stress,FQA2015_stress_grid_S0001,low_input_within_10pct_yield,2015-07-19,200,44,39,"{""sim_day"": 44.0, ""doy"": 200.0, ""topwt"": 691.7627716064453, ""grnwt"": 0.0, ""xlai"": 1.0078721046447754, ""totir"": 0.0, ""tofer"": NaN, ""swfac"": 0.0, ""nstres"": 0.0710842609405517}",0.0,0.0710842609405517,691.7627716064453,0.0,1.0078721046447754,0.0,,0.0,0.0,0.0,0.0,27.522311401367187,27.522311401367187,Leave_One_experiments/all_year_offline_schedule_search/daily_outputs/FQA/FQA_2015_FQA2015_stress_grid_S0001_daily.csv
FQA,FQA,Fengqiu,2015,Leave_One_experiments\wth_generated_qc\FQA\FQA2015.WTH,normal_year;water_stress_year;nitrogen_stress_year,water_stress,FQA2015_stress_grid_S0001,low_input_within_10pct_yield,2015-07-20,201,45,40,"{""sim_day"": 45.0, ""doy"": 201.0, ""topwt"": 760.3365325927734, ""grnwt"": 0.0, ""xlai"": 1.0614242553710938, ""totir"": 0.0, ""tofer"": NaN, ""swfac"": 0.0, ""nstres"": 0.0983494520187377}",0.0,0.0983494520187377,760.3365325927734,0.0,1.0614242553710938,0.0,,0.0,0.0,0.0,0.0,27.522311401367187,27.522311401367187,Leave_One_experiments/all_year_offline_schedule_search/daily_outputs/FQA/FQA_2015_FQA2015_stress_grid_S0001_daily.csv
FQA,FQA,Fengqiu,2015,Leave_One_experiments\wth_generated_qc\FQA\FQA2015.WTH,normal_year;water_stress_year;nitrogen_stress_year,water_stress,FQA2015_stress_grid_S0001,low_input_within_10pct_yield,2015-07-21,202,46,41,"{""sim_day"": 46.0, ""doy"": 202.0, ""topwt"": 823.963623046875, ""grnwt"": 0.0, ""xlai"": 1.103260517120361, ""totir"": 0.0, ""tofer"": NaN, ""swfac"": 0.0, ""nstres"": 0.1235381364822387}",0.0,0.1235381364822387,823.963623046875,0.0,1.103260517120361,0.0,,0.0,0.0,0.0,0.0,27.522311401367187,27.522311401367187,Leave_One_experiments/all_year_offline_schedule_search/daily_outputs/FQA/FQA_2015_FQA2015_stress_grid_S0001_daily.csv
FQA,FQA,Fengqiu,2015,Leave_One_experiments\wth_generated_qc\FQA\FQA2015.WTH,normal_year;water_stress_year;nitrogen_stress_year,water_stress,FQA2015_stress_grid_S0001,low_input_within_10pct_yield,2015-07-22,203,47,42,"{""sim_day"": 47.0, ""doy"": 203.0, ""topwt"": 887.7986145019531, ""grnwt"": 0.0, ""xlai"": 1.1391924619674685, ""totir"": 0.0, ""tofer"": NaN, ""swfac"": 0.0, ""nstres"": 0.1435470581054687}",0.0,0.1435470581054687,887.7986145019531,0.0,1.1391924619674685,0.0,,0.0,0.0,0.0,0.0,27.522311401367187,27.522311401367187,Leave_One_experiments/all_year_offline_schedule_search/daily_outputs/FQA/FQA_2015_FQA2015_stress_grid_S0001_daily.csv
FQA,FQA,Fengqiu,2015,Leave_One_experiments\wth_generated_qc\FQA\FQA2015.WTH,normal_year;water_stress_year;nitrogen_stress_year,water_stress,FQA2015_stress_grid_S0001,low_input_within_10pct_yield,2015-07-23,204,48,43,"{""sim_day"": 48.0, ""doy"": 204.0, ""topwt"": 953.4120941162108, ""grnwt"": 0.0, ""xlai"": 1.171461820602417, ""totir"": 0.0, ""tofer"": NaN, ""swfac"": 0.0, ""nstres"": 0.157670795917511}",0.0,0.157670795917511,953.4120941162108,0.0,1.171461820602417,0.0,,0.0,0.0,0.0,0.0,27.522311401367187,27.522311401367187,Leave_One_experiments/all_year_offline_schedule_search/daily_outputs/FQA/FQA_2015_FQA2015_stress_grid_S0001_daily.csv
FQA,FQA,Fengqiu,2015,Leave_One_experiments\wth_generated_qc\FQA\FQA2015.WTH,normal_year;water_stress_year;nitrogen_stress_year,water_stress,FQA2015_stress_grid_S0001,low_input_within_10pct_yield,2015-07-24,205,49,44,"{""sim_day"": 49.0, ""doy"": 205.0, ""topwt"": 1020.7231903076172, ""grnwt"": 0.0, ""xlai"": 1.200278639793396, ""totir"": 0.0, ""tofer"": NaN, ""swfac"": 0.0, ""nstres"": 0.1697701215744018}",0.0,0.1697701215744018,1020.7231903076172,0.0,1.200278639793396,0.0,,0.0,0.0,0.0,0.0,27.522311401367187,27.522311401367187,Leave_One_experiments/all_year_offline_schedule_search/daily_outputs/FQA/FQA_2015_FQA2015_stress_grid_S0001_daily.csv
FQA,FQA,Fengqiu,2015,Leave_One_experiments\wth_generated_qc\FQA\FQA2015.WTH,normal_year;water_stress_year;nitrogen_stress_year,water_stress,FQA2015_stress_grid_S0001,low_input_within_10pct_yield,2015-07-25,206,50,45,"{""sim_day"": 50.0, ""doy"": 206.0, ""topwt"": 1166.5510559082031, ""grnwt"": 0.0, ""xlai"": 1.2163487672805786, ""totir"": 0.0, ""tofer"": NaN, ""swfac"": 0.0, ""nstres"": 0.181147813796997}",0.0,0.181147813796997,1166.5510559082031,0.0,1.2163487672805786,0.0,,0.0,0.0,0.0,0.0,27.522311401367187,27.522311401367187,Leave_One_experiments/all_year_offline_schedule_search/daily_outputs/FQA/FQA_2015_FQA2015_stress_grid_S0001_daily.csv
FQA,FQA,Fengqiu,2015,Leave_One_experiments\wth_generated_qc\FQA\FQA2015.WTH,normal_year;water_stress_year;nitrogen_stress_year,water_stress,FQA2015_stress_grid_S0001,low_input_within_10pct_yield,2015-07-26,207,51,46,"{""sim_day"": 51.0, ""doy"": 207.0, ""topwt"": 1302.9566955566406, ""grnwt"": 0.0, ""xlai"": 1.2260849475860596, ""totir"": 0.0, ""tofer"": NaN, ""swfac"": 0.0, ""nstres"": 0.1910719275474548}",0.0,0.1910719275474548,1302.9566955566406,0.0,1.2260849475860596,0.0,,0.0,0.0,0.0,0.0,27.522311401367187,27.522311401367187,Leave_One_experiments/all_year_offline_schedule_search/daily_outputs/FQA/FQA_2015_FQA2015_stress_grid_S0001_daily.csv
FQA,FQA,Fengqiu,2015,Leave_One_experiments\wth_generated_qc\FQA\FQA2015.WTH,normal_year;water_stress_year;nitrogen_stress_year,water_stress,FQA2015_stress_grid_S0001,low_input_within_10pct_yield,2015-07-27,208,52,47,"{""sim_day"": 52.0, ""doy"": 208.0, ""topwt"": 1427.864227294922, ""grnwt"": 0.0, ""xlai"": 1.2267613410949707, ""totir"": 0.0, ""tofer"": NaN, ""swfac"": 0.0, ""nstres"": 0.2527651190757751}",0.0,0.2527651190757751,1427.864227294922,0.0,1.2267613410949707,0.0,,0.0,0.0,0.0,0.0,27.522311401367187,27.522311401367187,Leave_One_experiments/all_year_offline_schedule_search/daily_outputs/FQA/FQA_2015_FQA2015_stress_grid_S0001_daily.csv
FQA,FQA,Fengqiu,2015,Leave_One_experiments\wth_generated_qc\FQA\FQA2015.WTH,normal_year;water_stress_year;nitrogen_stress_year,water_stress,FQA2015_stress_grid_S0001,low_input_within_10pct_yield,2015-07-28,209,53,48,"{""sim_day"": 53.0, ""doy"": 209.0, ""topwt"": 1543.7336730957031, ""grnwt"": 0.0, ""xlai"": 1.2210931777954102, ""totir"": 0.0, ""tofer"": NaN, ""swfac"": 0.0, ""nstres"": 0.304303765296936}",0.0,0.304303765296936,1543.7336730957031,0.0,1.2210931777954102,0.0,,0.0,0.0,0.0,0.0,27.522311401367187,27.522311401367187,Leave_One_experiments/all_year_offline_schedule_search/daily_outputs/FQA/FQA_2015_FQA2015_stress_grid_S0001_daily.csv
FQA,FQA,Fengqiu,2015,Leave_One_experiments\wth_generated_qc\FQA\FQA2015.WTH,normal_year;water_stress_year;nitrogen_stress_year,water_stress,FQA2015_stress_grid_S0001,low_input_within_10pct_yield,2015-07-29,210,54,49,"{""sim_day"": 54.0, ""doy"": 210.0, ""topwt"": 1652.024383544922, ""grnwt"": 0.0, ""xlai"": 1.2110358476638794, ""totir"": 0.0, ""tofer"": NaN, ""swfac"": 0.0, ""nstres"": 0.3350335359573364}",0.0,0.3350335359573364,1652.024383544922,0.0,1.2110358476638794,0.0,,0.0,0.0,0.0,0.0,27.522311401367187,27.522311401367187,Leave_One_experiments/all_year_offline_schedule_search/daily_outputs/FQA/FQA_2015_FQA2015_stress_grid_S0001_daily.csv
FQA,FQA,Fengqiu,2015,Leave_One_experiments\wth_generated_qc\FQA\FQA2015.WTH,normal_year;water_stress_year;nitrogen_stress_year,water_stress,FQA2015_stress_grid_S0001,low_input_within_10pct_yield,2015-07-30,211,55,50,"{""sim_day"": 55.0, ""doy"": 211.0, ""topwt"": 1745.6494140625, ""grnwt"": 0.0, ""xlai"": 1.1965644359588623, ""totir"": 0.0, ""tofer"": NaN, ""swfac"": 0.0, ""nstres"": 0.3538377285003662}",0.0,0.3538377285003662,1745.6494140625,0.0,1.1965644359588623,0.0,,0.0,0.0,0.0,0.0,27.522311401367187,27.522311401367187,Leave_One_experiments/all_year_offline_schedule_search/daily_outputs/FQA/FQA_2015_FQA2015_stress_grid_S0001_daily.csv
FQA,FQA,Fengqiu,2015,Leave_One_experiments\wth_generated_qc\FQA\FQA2015.WTH,normal_year;water_stress_year;nitrogen_stress_year,water_stress,FQA2015_stress_grid_S0001,low_input_within_10pct_yield,2015-07-31,212,56,51,"{""sim_day"": 56.0, ""doy"": 212.0, ""topwt"": 1840.6024169921875, ""grnwt"": 0.0, ""xlai"": 1.1819870471954346, ""totir"": 0.0, ""tofer"": NaN, ""swfac"": 0.0, ""nstres"": 0.3710594177246094}",0.0,0.3710594177246094,1840.6024169921875,0.0,1.1819870471954346,0.0,,0.0,0.0,0.0,0.0,27.522311401367187,27.522311401367187,Leave_One_experiments/all_year_offline_schedule_search/daily_outputs/FQA/FQA_2015_FQA2015_stress_grid_S0001_daily.csv
FQA,FQA,Fengqiu,2015,Leave_One_experiments\wth_generated_qc\FQA\FQA2015.WTH,normal_year;water_stress_year;nitrogen_stress_year,water_stress,FQA2015_stress_grid_S0001,low_input_within_10pct_yield,2015-08-01,213,57,52,"{""sim_day"": 57.0, ""doy"": 213.0, ""topwt"": 1936.7202758789065, ""grnwt"": 0.0, ""xlai"": 1.1677091121673584, ""totir"": 0.0, ""tofer"": NaN, ""swfac"": 0.0, ""nstres"": 0.3798551559448242}",0.0,0.3798551559448242,1936.7202758789065,0.0,1.1677091121673584,0.0,,0.0,0.0,0.0,0.0,27.522311401367187,27.522311401367187,Leave_One_experiments/all_year_offline_schedule_search/daily_outputs/FQA/FQA_2015_FQA2015_stress_grid_S0001_daily.csv
FQA,FQA,Fengqiu,2015,Leave_One_experiments\wth_generated_qc\FQA\FQA2015.WTH,normal_year;water_stress_year;nitrogen_stress_year,water_stress,FQA2015_stress_grid_S0001,low_input_within_10pct_yield,2015-08-02,214,58,53,"{""sim_day"": 58.0, ""doy"": 214.0, ""topwt"": 2028.2354736328125, ""grnwt"": 0.0, ""xlai"": 1.1523202657699585, ""totir"": 0.0, ""tofer"": NaN, ""swfac"": 0.0, ""nstres"": 0.3876767158508301}",0.0,0.3876767158508301,2028.2354736328125,0.0,1.1523202657699585,0.0,,0.0,0.0,0.0,0.0,27.522311401367187,27.522311401367187,Leave_One_experiments/all_year_offline_schedule_search/daily_outputs/FQA/FQA_2015_FQA2015_stress_grid_S0001_daily.csv
FQA,FQA,Fengqiu,2015,Leave_One_experiments\wth_generated_qc\FQA\FQA2015.WTH,normal_year;water_stress_year;nitrogen_stress_year,water_stress,FQA2015_stress_grid_S0001,low_input_within_10pct_yield,2015-08-03,215,59,54,"{""sim_day"": 59.0, ""doy"": 215.0, ""topwt"": 2101.4645385742188, ""grnwt"": 0.0, ""xlai"": 1.1326581239700315, ""totir"": 0.0, ""tofer"": NaN, ""swfac"": 0.0, ""nstres"": 0.3904221057891845}",0.0,0.3904221057891845,2101.4645385742188,0.0,1.1326581239700315,0.0,,0.0,0.0,0.0,0.0,27.522311401367187,27.522311401367187,Leave_One_experiments/all_year_offline_schedule_search/daily_outputs/FQA/FQA_2015_FQA2015_stress_grid_S0001_daily.csv
FQA,FQA,Fengqiu,2015,Leave_One_experiments\wth_generated_qc\FQA\FQA2015.WTH,normal_year;water_stress_year;nitrogen_stress_year,water_stress,FQA2015_stress_grid_S0001,low_input_within_10pct_yield,2015-08-04,216,60,55,"{""sim_day"": 60.0, ""doy"": 216.0, ""topwt"": 2157.1951293945312, ""grnwt"": 0.0, ""xlai"": 1.1095300912857056, ""totir"": 0.0, ""tofer"": NaN, ""swfac"": 0.0, ""nstres"": 0.3836104273796081}",0.0,0.3836104273796081,2157.1951293945312,0.0,1.1095300912857056,0.0,,0.0,0.0,0.0,0.0,27.522311401367187,27.522311401367187,Leave_One_experiments/all_year_offline_schedule_search/daily_outputs/FQA/FQA_2015_FQA2015_stress_grid_S0001_daily.csv
FQA,FQA,Fengqiu,2015,Leave_One_experiments\wth_generated_qc\FQA\FQA2015.WTH,normal_year;water_stress_year;nitrogen_stress_year,water_stress,FQA2015_stress_grid_S0001,low_input_within_10pct_yield,2015-08-05,217,61,56,"{""sim_day"": 61.0, ""doy"": 217.0, ""topwt"": 2237.032928466797, ""grnwt"": 0.0, ""xlai"": 1.0935994386672974, ""totir"": 0.0, ""tofer"": NaN, ""swfac"": 0.0, ""nstres"": 0.3760833740234375}",0.0,0.3760833740234375,2237.032928466797,0.0,1.0935994386672974,0.0,,0.0,0.0,0.0,0.0,27.522311401367187,27.522311401367187,Leave_One_experiments/all_year_offline_schedule_search/daily_outputs/FQA/FQA_2015_FQA2015_stress_grid_S0001_daily.csv
FQA,FQA,Fengqiu,2015,Leave_One_experiments\wth_generated_qc\FQA\FQA2015.WTH,normal_year;water_stress_year;nitrogen_stress_year,water_stress,FQA2015_stress_grid_S0001,low_input_within_10pct_yield,2015-08-06,218,62,57,"{""sim_day"": 62.0, ""doy"": 218.0, ""topwt"": 2349.320678710937, ""grnwt"": 0.0, ""xlai"": 1.058584690093994, ""totir"": 0.0, ""tofer"": NaN, ""swfac"": 0.0, ""nstres"": 0.3684306740760803}",0.0,0.3684306740760803,2349.320678710937,0.0,1.058584690093994,0.0,,0.0,0.0,0.0,0.0,27.522311401367187,27.522311401367187,Leave_One_experiments/all_year_offline_schedule_search/daily_outputs/FQA/FQA_2015_FQA2015_stress_grid_S0001_daily.csv
FQA,FQA,Fengqiu,2015,Leave_One_experiments\wth_generated_qc\FQA\FQA2015.WTH,normal_year;water_stress_year;nitrogen_stress_year,water_stress,FQA2015_stress_grid_S0001,low_input_within_10pct_yield,2015-08-07,219,63,58,"{""sim_day"": 63.0, ""doy"": 219.0, ""topwt"": 2451.732177734375, ""grnwt"": 0.0, ""xlai"": 1.0252938270568848, ""totir"": 0.0, ""tofer"": NaN, ""swfac"": 0.0, ""nstres"": 0.3547616004943847}",0.0,0.3547616004943847,2451.732177734375,0.0,1.0252938270568848,0.0,,0.0,0.0,0.0,0.0,27.522311401367187,27.522311401367187,Leave_One_experiments/all_year_offline_schedule_search/daily_outputs/FQA/FQA_2015_FQA2015_stress_grid_S0001_daily.csv
FQA,FQA,Fengqiu,2015,Leave_One_experiments\wth_generated_qc\FQA\FQA2015.WTH,normal_year;water_stress_year;nitrogen_stress_year,water_stress,FQA2015_stress_grid_S0001,low_input_within_10pct_yield,2015-08-08,220,64,59,"{""sim_day"": 64.0, ""doy"": 220.0, ""topwt"": 2546.9064331054688, ""grnwt"": 0.0, ""xlai"": 0.9930249452590942, ""totir"": 0.0, ""tofer"": NaN, ""swfac"": 0.0, ""nstres"": 0.3553465604782104}",0.0,0.3553465604782104,2546.9064331054688,0.0,0.9930249452590942,0.0,,0.0,0.0,0.0,0.0,27.522311401367187,27.522311401367187,Leave_One_experiments/all_year_offline_schedule_search/daily_outputs/FQA/FQA_2015_FQA2015_stress_grid_S0001_daily.csv
FQA,FQA,Fengqiu,2015,Leave_One_experiments\wth_generated_qc\FQA\FQA2015.WTH,normal_year;water_stress_year;nitrogen_stress_year,water_stress,FQA2015_stress_grid_S0001,low_input_within_10pct_yield,2015-08-09,221,65,60,"{""sim_day"": 65.0, ""doy"": 221.0, ""topwt"": 2683.208312988281, ""grnwt"": 0.0, ""xlai"": 0.9619101285934448, ""totir"": 0.0, ""tofer"": NaN, ""swfac"": 0.0, ""nstres"": 0.3520018458366394}",0.0,0.3520018458366394,2683.208312988281,0.0,0.9619101285934448,0.0,,0.0,0.0,0.0,0.0,27.522311401367187,27.522311401367187,Leave_One_experiments/all_year_offline_schedule_search/daily_outputs/FQA/FQA_2015_FQA2015_stress_grid_S0001_daily.csv
FQA,FQA,Fengqiu,2015,Leave_One_experiments\wth_generated_qc\FQA\FQA2015.WTH,normal_year;water_stress_year;nitrogen_stress_year,water_stress,FQA2015_stress_grid_S0001,low_input_within_10pct_yield,2015-08-10,222,66,61,"{""sim_day"": 66.0, ""doy"": 222.0, ""topwt"": 2778.7579345703125, ""grnwt"": 0.0, ""xlai"": 0.9320637583732604, ""totir"": 0.0, ""tofer"": NaN, ""swfac"": 0.0, ""nstres"": 0.3446762561798095}",0.0,0.3446762561798095,2778.7579345703125,0.0,0.9320637583732604,0.0,,0.0,0.0,0.0,0.0,27.522311401367187,27.522311401367187,Leave_One_experiments/all_year_offline_schedule_search/daily_outputs/FQA/FQA_2015_FQA2015_stress_grid_S0001_daily.csv
FQA,FQA,Fengqiu,2015,Leave_One_experiments\wth_generated_qc\FQA\FQA2015.WTH,normal_year;water_stress_year;nitrogen_stress_year,water_stress,FQA2015_stress_grid_S0001,low_input_within_10pct_yield,2015-08-11,223,67,62,"{""sim_day"": 67.0, ""doy"": 223.0, ""topwt"": 2822.51953125, ""grnwt"": 0.0, ""xlai"": 0.903061032295227, ""totir"": 0.0, ""tofer"": NaN, ""swfac"": 0.0, ""nstres"": 0.3467994332313537}",0.0,0.3467994332313537,2822.51953125,0.0,0.903061032295227,0.0,,0.0,0.0,0.0,0.0,27.522311401367187,27.522311401367187,Leave_One_experiments/all_year_offline_schedule_search/daily_outputs/FQA/FQA_2015_FQA2015_stress_grid_S0001_daily.csv
FQA,FQA,Fengqiu,2015,Leave_One_experiments\wth_generated_qc\FQA\FQA2015.WTH,normal_year;water_stress_year;nitrogen_stress_year,water_stress,FQA2015_stress_grid_S0001,low_input_within_10pct_yield,2015-08-12,224,68,63,"{""sim_day"": 68.0, ""doy"": 224.0, ""topwt"": 2935.4840087890625, ""grnwt"": 0.0, ""xlai"": 0.8753122687339783, ""totir"": 0.0, ""tofer"": NaN, ""swfac"": 0.0, ""nstres"": 0.3374571204185486}",0.0,0.3374571204185486,2935.4840087890625,0.0,0.8753122687339783,0.0,,0.0,0.0,0.0,0.0,27.522311401367187,27.522311401367187,Leave_One_experiments/all_year_offline_schedule_search/daily_outputs/FQA/FQA_2015_FQA2015_stress_grid_S0001_daily.csv
FQA,FQA,Fengqiu,2015,Leave_One_experiments\wth_generated_qc\FQA\FQA2015.WTH,normal_year;water_stress_year;nitrogen_stress_year,water_stress,FQA2015_stress_grid_S0001,low_input_within_10pct_yield,2015-08-13,225,69,64,"{""sim_day"": 69.0, ""doy"": 225.0, ""topwt"": 3002.1902465820312, ""grnwt"": 0.0, ""xlai"": 0.8492738008499146, ""totir"": 0.0, ""tofer"": NaN, ""swfac"": 0.0, ""nstres"": 0.3139442205429077}",0.0,0.3139442205429077,3002.1902465820312,0.0,0.8492738008499146,0.0,,0.0,0.0,0.0,0.0,27.522311401367187,27.522311401367187,Leave_One_experiments/all_year_offline_schedule_search/daily_outputs/FQA/FQA_2015_FQA2015_stress_grid_S0001_daily.csv
FQA,FQA,Fengqiu,2015,Leave_One_experiments\wth_generated_qc\FQA\FQA2015.WTH,normal_year;water_stress_year;nitrogen_stress_year,water_stress,FQA2015_stress_grid_S0001,low_input_within_10pct_yield,2015-08-14,226,70,65,"{""sim_day"": 70.0, ""doy"": 226.0, ""topwt"": 3102.3043823242188, ""grnwt"": 0.0, ""xlai"": 0.8242484927177429, ""totir"": 0.0, ""tofer"": NaN, ""swfac"": 0.0, ""nstres"": 0.3072012662887573}",0.0,0.3072012662887573,3102.3043823242188,0.0,0.8242484927177429,0.0,,0.0,0.0,0.0,0.0,27.522311401367187,27.522311401367187,Leave_One_experiments/all_year_offline_schedule_search/daily_outputs/FQA/FQA_2015_FQA2015_stress_grid_S0001_daily.csv
FQA,FQA,Fengqiu,2015,Leave_One_experiments\wth_generated_qc\FQA\FQA2015.WTH,normal_year;water_stress_year;nitrogen_stress_year,water_stress,FQA2015_stress_grid_S0001,low_input_within_10pct_yield,2015-08-15,227,71,66,"{""sim_day"": 71.0, ""doy"": 227.0, ""topwt"": 3248.067321777344, ""grnwt"": 231.62202835083008, ""xlai"": 0.8007806539535522, ""totir"": 0.0, ""tofer"": NaN, ""swfac"": 0.0, ""nstres"": 0.2833240032196045}",0.0,0.2833240032196045,3248.067321777344,231.62202835083008,0.8007806539535522,0.0,,0.0,0.0,0.0,0.0,27.522311401367187,27.522311401367187,Leave_One_experiments/all_year_offline_schedule_search/daily_outputs/FQA/FQA_2015_FQA2015_stress_grid_S0001_daily.csv
FQA,FQA,Fengqiu,2015,Leave_One_experiments\wth_generated_qc\FQA\FQA2015.WTH,normal_year;water_stress_year;nitrogen_stress_year,water_stress,FQA2015_stress_grid_S0001,low_input_within_10pct_yield,2015-08-16,228,72,67,"{""sim_day"": 72.0, ""doy"": 228.0, ""topwt"": 3328.6358642578125, ""grnwt"": 327.1484375, ""xlai"": 0.7751848697662354, ""totir"": 0.0, ""tofer"": NaN, ""swfac"": 0.0, ""nstres"": 0.3671263456344604}",0.0,0.3671263456344604,3328.6358642578125,327.1484375,0.7751848697662354,0.0,,0.0,0.0,0.0,0.0,27.522311401367187,27.522311401367187,Leave_One_experiments/all_year_offline_schedule_search/daily_outputs/FQA/FQA_2015_FQA2015_stress_grid_S0001_daily.csv
FQA,FQA,Fengqiu,2015,Leave_One_experiments\wth_generated_qc\FQA\FQA2015.WTH,normal_year;water_stress_year;nitrogen_stress_year,water_stress,FQA2015_stress_grid_S0001,low_input_within_10pct_yield,2015-08-17,229,73,68,"{""sim_day"": 73.0, ""doy"": 229.0, ""topwt"": 3383.5430908203125, ""grnwt"": 422.6748275756836, ""xlai"": 0.7513068318367004, ""totir"": 0.0, ""tofer"": NaN, ""swfac"": 0.0, ""nstres"": 0.3392717242240906}",0.0,0.3392717242240906,3383.5430908203125,422.6748275756836,0.7513068318367004,0.0,,0.0,0.0,0.0,0.0,27.522311401367187,27.522311401367187,Leave_One_experiments/all_year_offline_schedule_search/daily_outputs/FQA/FQA_2015_FQA2015_stress_grid_S0001_daily.csv
FQA,FQA,Fengqiu,2015,Leave_One_experiments\wth_generated_qc\FQA\FQA2015.WTH,normal_year;water_stress_year;nitrogen_stress_year,water_stress,FQA2015_stress_grid_S0001,low_input_within_10pct_yield,2015-08-18,230,74,69,"{""sim_day"": 74.0, ""doy"": 230.0, ""topwt"": 3436.0299682617188, ""grnwt"": 518.2012176513672, ""xlai"": 0.7281662821769714, ""totir"": 0.0, ""tofer"": NaN, ""swfac"": 0.0, ""nstres"": 0.3392075300216675}",0.0,0.3392075300216675,3436.0299682617188,518.2012176513672,0.7281662821769714,0.0,,0.0,0.0,0.0,0.0,27.522311401367187,27.522311401367187,Leave_One_experiments/all_year_offline_schedule_search/daily_outputs/FQA/FQA_2015_FQA2015_stress_grid_S0001_daily.csv
FQA,FQA,Fengqiu,2015,Leave_One_experiments\wth_generated_qc\FQA\FQA2015.WTH,normal_year;water_stress_year;nitrogen_stress_year,water_stress,FQA2015_stress_grid_S0001,low_input_within_10pct_yield,2015-08-19,231,75,70,"{""sim_day"": 75.0, ""doy"": 231.0, ""topwt"": 3525.5133056640625, ""grnwt"": 613.7276077270508, ""xlai"": 0.7060419917106628, ""totir"": 0.0, ""tofer"": NaN, ""swfac"": 0.0, ""nstres"": 0.3292073607444763}",0.0,0.3292073607444763,3525.5133056640625,613.7276077270508,0.7060419917106628,0.0,,0.0,0.0,0.0,0.0,27.522311401367187,27.522311401367187,Leave_One_experiments/all_year_offline_schedule_search/daily_outputs/FQA/FQA_2015_FQA2015_stress_grid_S0001_daily.csv
FQA,FQA,Fengqiu,2015,Leave_One_experiments\wth_generated_qc\FQA\FQA2015.WTH,normal_year;water_stress_year;nitrogen_stress_year,water_stress,FQA2015_stress_grid_S0001,low_input_within_10pct_yield,2015-08-20,232,76,71,"{""sim_day"": 76.0, ""doy"": 232.0, ""topwt"": 3617.5765991210938, ""grnwt"": 709.2539978027344, ""xlai"": 0.6848996877670288, ""totir"": 0.0, ""tofer"": NaN, ""swfac"": 0.0, ""nstres"": 0.3186763525009155}",0.0,0.3186763525009155,3617.5765991210938,709.2539978027344,0.6848996877670288,0.0,,0.0,0.0,0.0,0.0,27.522311401367187,27.522311401367187,Leave_One_experiments/all_year_offline_schedule_search/daily_outputs/FQA/FQA_2015_FQA2015_stress_grid_S0001_daily.csv
FQA,FQA,Fengqiu,2015,Leave_One_experiments\wth_generated_qc\FQA\FQA2015.WTH,normal_year;water_stress_year;nitrogen_stress_year,water_stress,FQA2015_stress_grid_S0001,low_input_within_10pct_yield,2015-08-21,233,77,72,"{""sim_day"": 77.0, ""doy"": 233.0, ""topwt"": 3706.588134765625, ""grnwt"": 804.7804260253906, ""xlai"": 0.6641988158226013, ""totir"": 0.0, ""tofer"": NaN, ""swfac"": 0.0, ""nstres"": 0.3253902196884155}",0.0,0.3253902196884155,3706.588134765625,804.7804260253906,0.6641988158226013,0.0,,0.0,0.0,0.0,0.0,27.522311401367187,27.522311401367187,Leave_One_experiments/all_year_offline_schedule_search/daily_outputs/FQA/FQA_2015_FQA2015_stress_grid_S0001_daily.csv
FQA,FQA,Fengqiu,2015,Leave_One_experiments\wth_generated_qc\FQA\FQA2015.WTH,normal_year;water_stress_year;nitrogen_stress_year,water_stress,FQA2015_stress_grid_S0001,low_input_within_10pct_yield,2015-08-22,234,78,73,"{""sim_day"": 78.0, ""doy"": 234.0, ""topwt"": 3792.622985839844, ""grnwt"": 900.3068542480469, ""xlai"": 0.6439417004585266, ""totir"": 0.0, ""tofer"": NaN, ""swfac"": 0.0, ""nstres"": 0.3319658041000366}",0.0,0.3319658041000366,3792.622985839844,900.3068542480469,0.6439417004585266,0.0,,0.0,0.0,0.0,0.0,27.522311401367187,27.522311401367187,Leave_One_experiments/all_year_offline_schedule_search/daily_outputs/FQA/FQA_2015_FQA2015_stress_grid_S0001_daily.csv
FQA,FQA,Fengqiu,2015,Leave_One_experiments\wth_generated_qc\FQA\FQA2015.WTH,normal_year;water_stress_year;nitrogen_stress_year,water_stress,FQA2015_stress_grid_S0001,low_input_within_10pct_yield,2015-08-23,235,79,74,"{""sim_day"": 79.0, ""doy"": 235.0, ""topwt"": 3875.2978515625, ""grnwt"": 995.8332824707032, ""xlai"": 0.6240317225456238, ""totir"": 0.0, ""tofer"": NaN, ""swfac"": 0.0, ""nstres"": 0.3420529365539551}",0.0,0.3420529365539551,3875.2978515625,995.8332824707032,0.6240317225456238,0.0,,0.0,0.0,0.0,0.0,27.522311401367187,27.522311401367187,Leave_One_experiments/all_year_offline_schedule_search/daily_outputs/FQA/FQA_2015_FQA2015_stress_grid_S0001_daily.csv
FQA,FQA,Fengqiu,2015,Leave_One_experiments\wth_generated_qc\FQA\FQA2015.WTH,normal_year;water_stress_year;nitrogen_stress_year,water_stress,FQA2015_stress_grid_S0001,low_input_within_10pct_yield,2015-08-24,236,80,75,"{""sim_day"": 80.0, ""doy"": 236.0, ""topwt"": 3954.880981445313, ""grnwt"": 1091.3597106933594, ""xlai"": 0.6045169830322266, ""totir"": 0.0, ""tofer"": NaN, ""swfac"": 0.0, ""nstres"": 0.3505294322967529}",0.0,0.3505294322967529,3954.880981445313,1091.3597106933594,0.6045169830322266,0.0,,0.0,0.0,0.0,0.0,27.522311401367187,27.522311401367187,Leave_One_experiments/all_year_offline_schedule_search/daily_outputs/FQA/FQA_2015_FQA2015_stress_grid_S0001_daily.csv
FQA,FQA,Fengqiu,2015,Leave_One_experiments\wth_generated_qc\FQA\FQA2015.WTH,normal_year;water_stress_year;nitrogen_stress_year,water_stress,FQA2015_stress_grid_S0001,low_input_within_10pct_yield,2015-08-25,237,81,76,"{""sim_day"": 81.0, ""doy"": 237.0, ""topwt"": 4031.995239257813, ""grnwt"": 1186.8861389160156, ""xlai"": 0.5855163931846619, ""totir"": 0.0, ""tofer"": NaN, ""swfac"": 0.0, ""nstres"": 0.3543460369110107}",0.0,0.3543460369110107,4031.995239257813,1186.8861389160156,0.5855163931846619,0.0,,0.0,0.0,0.0,0.0,27.522311401367187,27.522311401367187,Leave_One_experiments/all_year_offline_schedule_search/daily_outputs/FQA/FQA_2015_FQA2015_stress_grid_S0001_daily.csv
FQA,FQA,Fengqiu,2015,Leave_One_experiments\wth_generated_qc\FQA\FQA2015.WTH,normal_year;water_stress_year;nitrogen_stress_year,water_stress,FQA2015_stress_grid_S0001,low_input_within_10pct_yield,2015-08-26,238,82,77,"{""sim_day"": 82.0, ""doy"": 238.0, ""topwt"": 4116.8603515625, ""grnwt"": 1282.412567138672, ""xlai"": 0.5669866800308228, ""totir"": 0.0, ""tofer"": NaN, ""swfac"": 0.0, ""nstres"": 0.3595196008682251}",0.0,0.3595196008682251,4116.8603515625,1282.412567138672,0.5669866800308228,0.0,,0.0,0.0,0.0,0.0,27.522311401367187,27.522311401367187,Leave_One_experiments/all_year_offline_schedule_search/daily_outputs/FQA/FQA_2015_FQA2015_stress_grid_S0001_daily.csv
FQA,FQA,Fengqiu,2015,Leave_One_experiments\wth_generated_qc\FQA\FQA2015.WTH,normal_year;water_stress_year;nitrogen_stress_year,water_stress,FQA2015_stress_grid_S0001,low_input_within_10pct_yield,2015-08-27,239,83,78,"{""sim_day"": 83.0, ""doy"": 239.0, ""topwt"": 4199.964294433594, ""grnwt"": 1377.938995361328, ""xlai"": 0.5489649176597595, ""totir"": 0.0, ""tofer"": NaN, ""swfac"": 0.0, ""nstres"": 0.3628420829772949}",0.0,0.3628420829772949,4199.964294433594,1377.938995361328,0.5489649176597595,0.0,,0.0,0.0,0.0,0.0,27.522311401367187,27.522311401367187,Leave_One_experiments/all_year_offline_schedule_search/daily_outputs/FQA/FQA_2015_FQA2015_stress_grid_S0001_daily.csv
FQA,FQA,Fengqiu,2015,Leave_One_experiments\wth_generated_qc\FQA\FQA2015.WTH,normal_year;water_stress_year;nitrogen_stress_year,water_stress,FQA2015_stress_grid_S0001,low_input_within_10pct_yield,2015-08-28,240,84,79,"{""sim_day"": 84.0, ""doy"": 240.0, ""topwt"": 4271.839599609375, ""grnwt"": 1473.4654235839844, ""xlai"": 0.5313162803649902, ""totir"": 0.0, ""tofer"": NaN, ""swfac"": 0.0, ""nstres"": 0.3715719580650329}",0.0,0.3715719580650329,4271.839599609375,1473.4654235839844,0.5313162803649902,0.0,,0.0,0.0,0.0,0.0,27.522311401367187,27.522311401367187,Leave_One_experiments/all_year_offline_schedule_search/daily_outputs/FQA/FQA_2015_FQA2015_stress_grid_S0001_daily.csv
FQA,FQA,Fengqiu,2015,Leave_One_experiments\wth_generated_qc\FQA\FQA2015.WTH,normal_year;water_stress_year;nitrogen_stress_year,water_stress,FQA2015_stress_grid_S0001,low_input_within_10pct_yield,2015-08-29,241,85,80,"{""sim_day"": 85.0, ""doy"": 241.0, ""topwt"": 4335.6201171875, ""grnwt"": 1568.9918518066406, ""xlai"": 0.514043927192688, ""totir"": 0.0, ""tofer"": NaN, ""swfac"": 0.0, ""nstres"": 0.3802063465118408}",0.0,0.3802063465118408,4335.6201171875,1568.9918518066406,0.514043927192688,0.0,,0.0,0.0,0.0,0.0,27.522311401367187,27.522311401367187,Leave_One_experiments/all_year_offline_schedule_search/daily_outputs/FQA/FQA_2015_FQA2015_stress_grid_S0001_daily.csv
FQA,FQA,Fengqiu,2015,Leave_One_experiments\wth_generated_qc\FQA\FQA2015.WTH,normal_year;water_stress_year;nitrogen_stress_year,water_stress,FQA2015_stress_grid_S0001,low_input_within_10pct_yield,2015-08-30,242,86,81,"{""sim_day"": 86.0, ""doy"": 242.0, ""topwt"": 4400.6488037109375, ""grnwt"": 1664.5182800292969, ""xlai"": 0.4973843693733215, ""totir"": 0.0, ""tofer"": NaN, ""swfac"": 0.0, ""nstres"": 0.3778123259544372}",0.0,0.3778123259544372,4400.6488037109375,1664.5182800292969,0.4973843693733215,0.0,,0.0,0.0,0.0,0.0,27.522311401367187,27.522311401367187,Leave_One_experiments/all_year_offline_schedule_search/daily_outputs/FQA/FQA_2015_FQA2015_stress_grid_S0001_daily.csv
FQA,FQA,Fengqiu,2015,Leave_One_experiments\wth_generated_qc\FQA\FQA2015.WTH,normal_year;water_stress_year;nitrogen_stress_year,water_stress,FQA2015_stress_grid_S0001,low_input_within_10pct_yield,2015-08-31,243,87,82,"{""sim_day"": 87.0, ""doy"": 243.0, ""topwt"": 4471.6650390625, ""grnwt"": 1760.0447082519531, ""xlai"": 0.4811523258686065, ""totir"": 0.0, ""tofer"": NaN, ""swfac"": 0.0, ""nstres"": 0.3832331895828247}",0.0,0.3832331895828247,4471.6650390625,1760.0447082519531,0.4811523258686065,0.0,,0.0,0.0,0.0,0.0,27.522311401367187,27.522311401367187,Leave_One_experiments/all_year_offline_schedule_search/daily_outputs/FQA/FQA_2015_FQA2015_stress_grid_S0001_daily.csv
FQA,FQA,Fengqiu,2015,Leave_One_experiments\wth_generated_qc\FQA\FQA2015.WTH,normal_year;water_stress_year;nitrogen_stress_year,water_stress,FQA2015_stress_grid_S0001,low_input_within_10pct_yield,2015-09-01,244,88,83,"{""sim_day"": 88.0, ""doy"": 244.0, ""topwt"": 4547.89794921875, ""grnwt"": 1855.5711364746091, ""xlai"": 0.4652471542358398, ""totir"": 0.0, ""tofer"": NaN, ""swfac"": 0.0, ""nstres"": 0.3933541178703308}",0.0,0.3933541178703308,4547.89794921875,1855.5711364746091,0.4652471542358398,0.0,,0.0,0.0,0.0,0.0,27.522311401367187,27.522311401367187,Leave_One_experiments/all_year_offline_schedule_search/daily_outputs/FQA/FQA_2015_FQA2015_stress_grid_S0001_daily.csv
FQA,FQA,Fengqiu,2015,Leave_One_experiments\wth_generated_qc\FQA\FQA2015.WTH,normal_year;water_stress_year;nitrogen_stress_year,water_stress,FQA2015_stress_grid_S0001,low_input_within_10pct_yield,2015-09-02,245,89,84,"{""sim_day"": 89.0, ""doy"": 245.0, ""topwt"": 4612.437744140625, ""grnwt"": 1951.0975646972656, ""xlai"": 0.449605256319046, ""totir"": 0.0, ""tofer"": NaN, ""swfac"": 0.0, ""nstres"": 0.4068940877914428}",0.0,0.4068940877914428,4612.437744140625,1951.0975646972656,0.449605256319046,0.0,,0.0,0.0,0.0,0.0,27.522311401367187,27.522311401367187,Leave_One_experiments/all_year_offline_schedule_search/daily_outputs/FQA/FQA_2015_FQA2015_stress_grid_S0001_daily.csv
FQA,FQA,Fengqiu,2015,Leave_One_experiments\wth_generated_qc\FQA\FQA2015.WTH,normal_year;water_stress_year;nitrogen_stress_year,water_stress,FQA2015_stress_grid_S0001,low_input_within_10pct_yield,2015-09-03,246,90,85,"{""sim_day"": 90.0, ""doy"": 246.0, ""topwt"": 4622.7764892578125, ""grnwt"": 2046.6239929199216, ""xlai"": 0.4341447055339813, ""totir"": 0.0, ""tofer"": NaN, ""swfac"": 0.0, ""nstres"": 0.4252839684486389}",0.0,0.4252839684486389,4622.7764892578125,2046.6239929199216,0.4341447055339813,0.0,,0.0,0.0,0.0,0.0,27.522311401367187,27.522311401367187,Leave_One_experiments/all_year_offline_schedule_search/daily_outputs/FQA/FQA_2015_FQA2015_stress_grid_S0001_daily.csv
FQA,FQA,Fengqiu,2015,Leave_One_experiments\wth_generated_qc\FQA\FQA2015.WTH,normal_year;water_stress_year;nitrogen_stress_year,water_stress,FQA2015_stress_grid_S0001,low_input_within_10pct_yield,2015-09-04,247,91,86,"{""sim_day"": 91.0, ""doy"": 247.0, ""topwt"": 4668.32275390625, ""grnwt"": 2142.150421142578, ""xlai"": 0.4190933406352997, ""totir"": 0.0, ""tofer"": NaN, ""swfac"": 0.0, ""nstres"": 0.4320579171180725}",0.0,0.4320579171180725,4668.32275390625,2142.150421142578,0.4190933406352997,0.0,,0.0,0.0,0.0,0.0,27.522311401367187,27.522311401367187,Leave_One_experiments/all_year_offline_schedule_search/daily_outputs/FQA/FQA_2015_FQA2015_stress_grid_S0001_daily.csv
FQA,FQA,Fengqiu,2015,Leave_One_experiments\wth_generated_qc\FQA\FQA2015.WTH,normal_year;water_stress_year;nitrogen_stress_year,water_stress,FQA2015_stress_grid_S0001,low_input_within_10pct_yield,2015-09-05,248,92,87,"{""sim_day"": 92.0, ""doy"": 248.0, ""topwt"": 4703.980712890625, ""grnwt"": 2237.6768493652344, ""xlai"": 0.4049677550792694, ""totir"": 0.0, ""tofer"": NaN, ""swfac"": 0.0, ""nstres"": 0.4089222550392151}",0.0,0.4089222550392151,4703.980712890625,2237.6768493652344,0.4049677550792694,0.0,,0.0,0.0,0.0,0.0,27.522311401367187,27.522311401367187,Leave_One_experiments/all_year_offline_schedule_search/daily_outputs/FQA/FQA_2015_FQA2015_stress_grid_S0001_daily.csv
FQA,FQA,Fengqiu,2015,Leave_One_experiments\wth_generated_qc\FQA\FQA2015.WTH,normal_year;water_stress_year;nitrogen_stress_year,water_stress,FQA2015_stress_grid_S0001,low_input_within_10pct_yield,2015-09-06,249,93,88,"{""sim_day"": 93.0, ""doy"": 249.0, ""topwt"": 4772.765808105469, ""grnwt"": 2333.2032775878906, ""xlai"": 0.3912981450557709, ""totir"": 0.0, ""tofer"": NaN, ""swfac"": 0.0, ""nstres"": 0.4101147055625915}",0.0,0.4101147055625915,4772.765808105469,2333.2032775878906,0.3912981450557709,0.0,,0.0,0.0,0.0,0.0,27.522311401367187,27.522311401367187,Leave_One_experiments/all_year_offline_schedule_search/daily_outputs/FQA/FQA_2015_FQA2015_stress_grid_S0001_daily.csv
FQA,FQA,Fengqiu,2015,Leave_One_experiments\wth_generated_qc\FQA\FQA2015.WTH,normal_year;water_stress_year;nitrogen_stress_year,water_stress,FQA2015_stress_grid_S0001,low_input_within_10pct_yield,2015-09-07,250,94,89,"{""sim_day"": 94.0, ""doy"": 250.0, ""topwt"": 4815.990905761719, ""grnwt"": 2428.729705810547, ""xlai"": 0.3781545758247375, ""totir"": 0.0, ""tofer"": NaN, ""swfac"": 0.0, ""nstres"": 0.4061512947082519}",0.0,0.4061512947082519,4815.990905761719,2428.729705810547,0.3781545758247375,0.0,,0.0,0.0,0.0,0.0,27.522311401367187,27.522311401367187,Leave_One_experiments/all_year_offline_schedule_search/daily_outputs/FQA/FQA_2015_FQA2015_stress_grid_S0001_daily.csv
FQA,FQA,Fengqiu,2015,Leave_One_experiments\wth_generated_qc\FQA\FQA2015.WTH,normal_year;water_stress_year;nitrogen_stress_year,water_stress,FQA2015_stress_grid_S0001,low_input_within_10pct_yield,2015-09-08,251,95,90,"{""sim_day"": 95.0, ""doy"": 251.0, ""topwt"": 4838.59619140625, ""grnwt"": 2524.256134033203, ""xlai"": 0.3651833832263946, ""totir"": 0.0, ""tofer"": NaN, ""swfac"": 0.0, ""nstres"": 0.4232285022735595}",0.0,0.4232285022735595,4838.59619140625,2524.256134033203,0.3651833832263946,0.0,,0.0,0.0,0.0,0.0,27.522311401367187,27.522311401367187,Leave_One_experiments/all_year_offline_schedule_search/daily_outputs/FQA/FQA_2015_FQA2015_stress_grid_S0001_daily.csv
FQA,FQA,Fengqiu,2015,Leave_One_experiments\wth_generated_qc\FQA\FQA2015.WTH,normal_year;water_stress_year;nitrogen_stress_year,water_stress,FQA2015_stress_grid_S0001,low_input_within_10pct_yield,2015-09-09,252,96,91,"{""sim_day"": 96.0, ""doy"": 252.0, ""topwt"": 4877.535400390625, ""grnwt"": 2619.7824096679688, ""xlai"": 0.3526632785797119, ""totir"": 0.0, ""tofer"": NaN, ""swfac"": 0.0, ""nstres"": 0.422829270362854}",0.0,0.422829270362854,4877.535400390625,2619.7824096679688,0.3526632785797119,0.0,,0.0,0.0,0.0,0.0,27.522311401367187,27.522311401367187,Leave_One_experiments/all_year_offline_schedule_search/daily_outputs/FQA/FQA_2015_FQA2015_stress_grid_S0001_daily.csv
FQA,FQA,Fengqiu,2015,Leave_One_experiments\wth_generated_qc\FQA\FQA2015.WTH,normal_year;water_stress_year;nitrogen_stress_year,water_stress,FQA2015_stress_grid_S0001,low_input_within_10pct_yield,2015-09-10,253,97,92,"{""sim_day"": 97.0, ""doy"": 253.0, ""topwt"": 4875.653076171875, ""grnwt"": 2649.116516113281, ""xlai"": 0.3407827913761139, ""totir"": 0.0, ""tofer"": NaN, ""swfac"": 0.0, ""nstres"": 0.4085087776184082}",0.0,0.4085087776184082,4875.653076171875,2649.116516113281,0.3407827913761139,0.0,,0.0,0.0,0.0,0.0,27.522311401367187,27.522311401367187,Leave_One_experiments/all_year_offline_schedule_search/daily_outputs/FQA/FQA_2015_FQA2015_stress_grid_S0001_daily.csv
FQA,FQA,Fengqiu,2015,Leave_One_experiments\wth_generated_qc\FQA\FQA2015.WTH,normal_year;water_stress_year;nitrogen_stress_year,water_stress,FQA2015_stress_grid_S0001,low_input_within_10pct_yield,2015-09-11,254,98,93,"{""sim_day"": 98.0, ""doy"": 254.0, ""topwt"": 4943.820190429688, ""grnwt"": 2717.2836303710938, ""xlai"": 0.3303160071372986, ""totir"": 0.0, ""tofer"": NaN, ""swfac"": 0.0, ""nstres"": 0.3371370434761047}",0.0,0.3371370434761047,4943.820190429688,2717.2836303710938,0.3303160071372986,0.0,,0.0,0.0,0.0,0.0,27.522311401367187,27.522311401367187,Leave_One_experiments/all_year_offline_schedule_search/daily_outputs/FQA/FQA_2015_FQA2015_stress_grid_S0001_daily.csv
FQA,FQA,Fengqiu,2015,Leave_One_experiments\wth_generated_qc\FQA\FQA2015.WTH,normal_year;water_stress_year;nitrogen_stress_year,water_stress,FQA2015_stress_grid_S0001,low_input_within_10pct_yield,2015-09-12,255,99,94,"{""sim_day"": 99.0, ""doy"": 255.0, ""topwt"": 4978.7677001953125, ""grnwt"": 2752.2311401367188, ""xlai"": 0.3201572299003601, ""totir"": 0.0, ""tofer"": NaN, ""swfac"": 0.0, ""nstres"": 0.3381119966506958}",0.0,0.3381119966506958,4978.7677001953125,2752.2311401367188,0.3201572299003601,0.0,,0.0,0.0,0.0,0.0,27.522311401367187,27.522311401367187,Leave_One_experiments/all_year_offline_schedule_search/daily_outputs/FQA/FQA_2015_FQA2015_stress_grid_S0001_daily.csv
FQA,FQA,Fengqiu,2015,Leave_One_experiments\wth_generated_qc\FQA\FQA2015.WTH,normal_year;water_stress_year;nitrogen_stress_year,water_stress,FQA2015_stress_grid_S0001,low_input_within_10pct_yield,2015-09-13,256,100,95,"{""sim_day"": 100.0, ""doy"": 256.0, ""topwt"": 4978.7677001953125, ""grnwt"": 2752.2311401367188, ""xlai"": 0.3201572299003601, ""totir"": 0.0, ""tofer"": NaN, ""swfac"": 0.0, ""nstres"": 0.3256107568740845}",0.0,0.3256107568740845,4978.7677001953125,2752.2311401367188,0.3201572299003601,0.0,,0.0,0.0,0.0,0.0,27.522311401367187,27.522311401367187,Leave_One_experiments/all_year_offline_schedule_search/daily_outputs/FQA/FQA_2015_FQA2015_stress_grid_S0001_daily.csv
FQA,FQA,Fengqiu,2015,Leave_One_experiments\wth_generated_qc\FQA\FQA2015.WTH,normal_year;water_stress_year;nitrogen_stress_year,water_stress,FQA2015_stress_grid_S0001,low_input_within_10pct_yield,2015-09-14,257,101,96,"{""sim_day"": 101.0, ""doy"": 257.0, ""topwt"": 4978.7677001953125, ""grnwt"": 2752.2311401367188, ""xlai"": 0.3201572299003601, ""totir"": 0.0, ""tofer"": NaN, ""swfac"": 0.0, ""nstres"": 0.3256107568740845}",0.0,0.3256107568740845,4978.7677001953125,2752.2311401367188,0.3201572299003601,0.0,,0.0,0.0,0.0,0.0,27.522311401367187,27.522311401367187,Leave_One_experiments/all_year_offline_schedule_search/daily_outputs/FQA/FQA_2015_FQA2015_stress_grid_S0001_daily.csv
FQA,FQA,Fengqiu,2015,Leave_One_experiments\wth_generated_qc\FQA\FQA2015.WTH,normal_year;water_stress_year;nitrogen_stress_year,water_stress,FQA2015_stress_grid_S0001,low_input_within_10pct_yield,2015-09-15,258,102,97,"{""sim_day"": 102.0, ""doy"": 258.0, ""topwt"": 4978.7677001953125, ""grnwt"": 2752.2311401367188, ""xlai"": 0.3201572299003601, ""totir"": 0.0, ""tofer"": NaN, ""swfac"": 0.0, ""nstres"": 0.3256107568740845}",0.0,0.3256107568740845,4978.7677001953125,2752.2311401367188,0.3201572299003601,0.0,,0.0,0.0,0.0,0.0,27.522311401367187,27.522311401367187,Leave_One_experiments/all_year_offline_schedule_search/daily_outputs/FQA/FQA_2015_FQA2015_stress_grid_S0001_daily.csv
FQA,FQA,Fengqiu,2015,Leave_One_experiments\wth_generated_qc\FQA\FQA2015.WTH,normal_year;water_stress_year;nitrogen_stress_year,water_stress,FQA2015_stress_grid_S0001,low_input_within_10pct_yield,2015-09-16,259,103,98,"{""sim_day"": 103.0, ""doy"": 259.0, ""topwt"": 4978.7677001953125, ""grnwt"": 2752.2311401367188, ""xlai"": 0.3201572299003601, ""totir"": 0.0, ""tofer"": NaN, ""swfac"": 0.0, ""nstres"": 0.3256107568740845}",0.0,0.3256107568740845,4978.7677001953125,2752.2311401367188,0.3201572299003601,0.0,,0.0,0.0,0.0,0.0,27.522311401367187,27.522311401367187,Leave_One_experiments/all_year_offline_schedule_search/daily_outputs/FQA/FQA_2015_FQA2015_stress_grid_S0001_daily.csv
FQA,FQA,Fengqiu,2015,Leave_One_experiments\wth_generated_qc\FQA\FQA2015.WTH,normal_year;water_stress_year;nitrogen_stress_year,water_stress,FQA2015_stress_grid_S0010,pareto_balanced,2015-06-11,162,1,1,"{""sim_day"": 1.0, ""doy"": 162.0, ""topwt"": 0.0, ""grnwt"": 0.0, ""xlai"": 0.0, ""totir"": 0.0, ""tofer"": NaN, ""swfac"": 0.0, ""nstres"": 0.0}",0.0,0.0,0.0,0.0,0.0,0.0,,0.0,0.0,40.0,0.0,8.34381103515625,24.34381103515625,Leave_One_experiments/all_year_offline_schedule_search/daily_outputs/FQA/FQA_2015_FQA2015_stress_grid_S0010_daily.csv
FQA,FQA,Fengqiu,2015,Leave_One_experiments\wth_generated_qc\FQA\FQA2015.WTH,normal_year;water_stress_year;nitrogen_stress_year,water_stress,FQA2015_stress_grid_S0010,pareto_balanced,2015-06-12,163,2,2,"{""sim_day"": 2.0, ""doy"": 163.0, ""topwt"": 0.0, ""grnwt"": 0.0, ""xlai"": 0.0, ""totir"": 0.0, ""tofer"": NaN, ""swfac"": 0.0, ""nstres"": 0.0}",0.0,0.0,0.0,0.0,0.0,0.0,,0.0,0.0,40.0,0.0,8.34381103515625,24.34381103515625,Leave_One_experiments/all_year_offline_schedule_search/daily_outputs/FQA/FQA_2015_FQA2015_stress_grid_S0010_daily.csv
FQA,FQA,Fengqiu,2015,Leave_One_experiments\wth_generated_qc\FQA\FQA2015.WTH,normal_year;water_stress_year;nitrogen_stress_year,water_stress,FQA2015_stress_grid_S0010,pareto_balanced,2015-06-13,164,3,3,"{""sim_day"": 3.0, ""doy"": 164.0, ""topwt"": 0.0, ""grnwt"": 0.0, ""xlai"": 0.0, ""totir"": 0.0, ""tofer"": NaN, ""swfac"": 0.0, ""nstres"": 0.0}",0.0,0.0,0.0,0.0,0.0,0.0,,0.0,0.0,40.0,0.0,8.34381103515625,24.34381103515625,Leave_One_experiments/all_year_offline_schedule_search/daily_outputs/FQA/FQA_2015_FQA2015_stress_grid_S0010_daily.csv
FQA,FQA,Fengqiu,2015,Leave_One_experiments\wth_generated_qc\FQA\FQA2015.WTH,normal_year;water_stress_year;nitrogen_stress_year,water_stress,FQA2015_stress_grid_S0010,pareto_balanced,2015-06-14,165,4,4,"{""sim_day"": 4.0, ""doy"": 165.0, ""topwt"": 0.0, ""grnwt"": 0.0, ""xlai"": 0.0, ""totir"": 0.0, ""tofer"": NaN, ""swfac"": 0.0, ""nstres"": 0.0}",0.0,0.0,0.0,0.0,0.0,0.0,,0.0,0.0,40.0,0.0,8.34381103515625,24.34381103515625,Leave_One_experiments/all_year_offline_schedule_search/daily_outputs/FQA/FQA_2015_FQA2015_stress_grid_S0010_daily.csv
FQA,FQA,Fengqiu,2015,Leave_One_experiments\wth_generated_qc\FQA\FQA2015.WTH,normal_year;water_stress_year;nitrogen_stress_year,water_stress,FQA2015_stress_grid_S0010,pareto_balanced,2015-06-15,166,5,5,"{""sim_day"": 5.0, ""doy"": 166.0, ""topwt"": 0.0, ""grnwt"": 0.0, ""xlai"": 0.0, ""totir"": 0.0, ""tofer"": NaN, ""swfac"": 0.0, ""nstres"": 0.0}",0.0,0.0,0.0,0.0,0.0,0.0,,0.0,0.0,40.0,0.0,8.34381103515625,24.34381103515625,Leave_One_experiments/all_year_offline_schedule_search/daily_outputs/FQA/FQA_2015_FQA2015_stress_grid_S0010_daily.csv
FQA,FQA,Fengqiu,2015,Leave_One_experiments\wth_generated_qc\FQA\FQA2015.WTH,normal_year;water_stress_year;nitrogen_stress_year,water_stress,FQA2015_stress_grid_S0010,pareto_balanced,2015-06-11,162,6,1,"{""sim_day"": 6.0, ""doy"": 162.0, ""topwt"": 0.0, ""grnwt"": 0.0, ""xlai"": 0.0, ""totir"": 0.0, ""tofer"": NaN, ""swfac"": 0.0, ""nstres"": 0.0}",0.0,0.0,0.0,0.0,0.0,0.0,,0.0,0.0,40.0,0.0,8.34381103515625,24.34381103515625,Leave_One_experiments/all_year_offline_schedule_search/daily_outputs/FQA/FQA_2015_FQA2015_stress_grid_S0010_daily.csv
FQA,FQA,Fengqiu,2015,Leave_One_experiments\wth_generated_qc\FQA\FQA2015.WTH,normal_year;water_stress_year;nitrogen_stress_year,water_stress,FQA2015_stress_grid_S0010,pareto_balanced,2015-06-12,163,7,2,"{""sim_day"": 7.0, ""doy"": 163.0, ""topwt"": 0.0, ""grnwt"": 0.0, ""xlai"": 0.0, ""totir"": 0.0, ""tofer"": NaN, ""swfac"": 0.0, ""nstres"": 0.0}",0.0,0.0,0.0,0.0,0.0,0.0,,0.0,0.0,40.0,0.0,8.34381103515625,24.34381103515625,Leave_One_experiments/all_year_offline_schedule_search/daily_outputs/FQA/FQA_2015_FQA2015_stress_grid_S0010_daily.csv
FQA,FQA,Fengqiu,2015,Leave_One_experiments\wth_generated_qc\FQA\FQA2015.WTH,normal_year;water_stress_year;nitrogen_stress_year,water_stress,FQA2015_stress_grid_S0010,pareto_balanced,2015-06-13,164,8,3,"{""sim_day"": 8.0, ""doy"": 164.0, ""topwt"": 0.0, ""grnwt"": 0.0, ""xlai"": 0.0, ""totir"": 0.0, ""tofer"": NaN, ""swfac"": 0.0, ""nstres"": 0.0}",0.0,0.0,0.0,0.0,0.0,0.0,,0.0,0.0,40.0,0.0,8.34381103515625,24.34381103515625,Leave_One_experiments/all_year_offline_schedule_search/daily_outputs/FQA/FQA_2015_FQA2015_stress_grid_S0010_daily.csv
FQA,FQA,Fengqiu,2015,Leave_One_experiments\wth_generated_qc\FQA\FQA2015.WTH,normal_year;water_stress_year;nitrogen_stress_year,water_stress,FQA2015_stress_grid_S0010,pareto_balanced,2015-06-14,165,9,4,"{""sim_day"": 9.0, ""doy"": 165.0, ""topwt"": 0.0, ""grnwt"": 0.0, ""xlai"": 0.0, ""totir"": 0.0, ""tofer"": NaN, ""swfac"": 0.0, ""nstres"": 0.0}",0.0,0.0,0.0,0.0,0.0,0.0,,0.0,0.0,40.0,0.0,8.34381103515625,24.34381103515625,Leave_One_experiments/all_year_offline_schedule_search/daily_outputs/FQA/FQA_2015_FQA2015_stress_grid_S0010_daily.csv
FQA,FQA,Fengqiu,2015,Leave_One_experiments\wth_generated_qc\FQA\FQA2015.WTH,normal_year;water_stress_year;nitrogen_stress_year,water_stress,FQA2015_stress_grid_S0010,pareto_balanced,2015-06-15,166,10,5,"{""sim_day"": 10.0, ""doy"": 166.0, ""topwt"": 0.0, ""grnwt"": 0.0, ""xlai"": 0.0, ""totir"": 0.0, ""tofer"": NaN, ""swfac"": 0.0, ""nstres"": 0.0}",0.0,0.0,0.0,0.0,0.0,0.0,,0.0,0.0,40.0,0.0,8.34381103515625,24.34381103515625,Leave_One_experiments/all_year_offline_schedule_search/daily_outputs/FQA/FQA_2015_FQA2015_stress_grid_S0010_daily.csv
FQA,FQA,Fengqiu,2015,Leave_One_experiments\wth_generated_qc\FQA\FQA2015.WTH,normal_year;water_stress_year;nitrogen_stress_year,water_stress,FQA2015_stress_grid_S0010,pareto_balanced,2015-06-16,167,11,6,"{""sim_day"": 11.0, ""doy"": 167.0, ""topwt"": 32.00000047683716, ""grnwt"": 0.0, ""xlai"": 0.0029944737907499, ""totir"": 0.0, ""tofer"": NaN, ""swfac"": 0.0, ""nstres"": 0.0121910572052001}",0.0,0.0121910572052001,32.00000047683716,0.0,0.0029944737907499,0.0,,0.0,0.0,40.0,0.0,8.34381103515625,24.34381103515625,Leave_One_experiments/all_year_offline_schedule_search/daily_outputs/FQA/FQA_2015_FQA2015_stress_grid_S0010_daily.csv
FQA,FQA,Fengqiu,2015,Leave_One_experiments\wth_generated_qc\FQA\FQA2015.WTH,normal_year;water_stress_year;nitrogen_stress_year,water_stress,FQA2015_stress_grid_S0010,pareto_balanced,2015-06-17,168,12,7,"{""sim_day"": 12.0, ""doy"": 168.0, ""topwt"": 32.00000047683716, ""grnwt"": 0.0, ""xlai"": 0.0057682190090417, ""totir"": 0.0, ""tofer"": NaN, ""swfac"": 0.0, ""nstres"": 0.0}",0.0,0.0,32.00000047683716,0.0,0.0057682190090417,0.0,,0.0,0.0,40.0,0.0,8.34381103515625,24.34381103515625,Leave_One_experiments/all_year_offline_schedule_search/daily_outputs/FQA/FQA_2015_FQA2015_stress_grid_S0010_daily.csv
FQA,FQA,Fengqiu,2015,Leave_One_experiments\wth_generated_qc\FQA\FQA2015.WTH,normal_year;water_stress_year;nitrogen_stress_year,water_stress,FQA2015_stress_grid_S0010,pareto_balanced,2015-06-18,169,13,8,"{""sim_day"": 13.0, ""doy"": 169.0, ""topwt"": 32.00000047683716, ""grnwt"": 0.0, ""xlai"": 0.0091094421222805, ""totir"": 0.0, ""tofer"": NaN, ""swfac"": 0.0, ""nstres"": 0.0}",0.0,0.0,32.00000047683716,0.0,0.0091094421222805,0.0,,0.0,0.0,40.0,0.0,8.34381103515625,24.34381103515625,Leave_One_experiments/all_year_offline_schedule_search/daily_outputs/FQA/FQA_2015_FQA2015_stress_grid_S0010_daily.csv
FQA,FQA,Fengqiu,2015,Leave_One_experiments\wth_generated_qc\FQA\FQA2015.WTH,normal_year;water_stress_year;nitrogen_stress_year,water_stress,FQA2015_stress_grid_S0010,pareto_balanced,2015-06-19,170,14,9,"{""sim_day"": 14.0, ""doy"": 170.0, ""topwt"": 32.00000047683716, ""grnwt"": 0.0, ""xlai"": 0.0118614258244633, ""totir"": 0.0, ""tofer"": NaN, ""swfac"": 0.0, ""nstres"": 0.0}",0.0,0.0,32.00000047683716,0.0,0.0118614258244633,0.0,,0.0,0.0,40.0,0.0,8.34381103515625,24.34381103515625,Leave_One_experiments/all_year_offline_schedule_search/daily_outputs/FQA/FQA_2015_FQA2015_stress_grid_S0010_daily.csv
FQA,FQA,Fengqiu,2015,Leave_One_experiments\wth_generated_qc\FQA\FQA2015.WTH,normal_year;water_stress_year;nitrogen_stress_year,water_stress,FQA2015_stress_grid_S0010,pareto_balanced,2015-06-20,171,15,10,"{""sim_day"": 15.0, ""doy"": 171.0, ""topwt"": 32.00000047683716, ""grnwt"": 0.0, ""xlai"": 0.014996507205069, ""totir"": 0.0, ""tofer"": NaN, ""swfac"": 0.0, ""nstres"": 0.0}",0.0,0.0,32.00000047683716,0.0,0.014996507205069,0.0,,0.0,0.0,40.0,0.0,8.34381103515625,24.34381103515625,Leave_One_experiments/all_year_offline_schedule_search/daily_outputs/FQA/FQA_2015_FQA2015_stress_grid_S0010_daily.csv
FQA,FQA,Fengqiu,2015,Leave_One_experiments\wth_generated_qc\FQA\FQA2015.WTH,normal_year;water_stress_year;nitrogen_stress_year,water_stress,FQA2015_stress_grid_S0010,pareto_balanced,2015-06-21,172,16,11,"{""sim_day"": 16.0, ""doy"": 172.0, ""topwt"": 32.00000047683716, ""grnwt"": 0.0, ""xlai"": 0.0186259467154741, ""totir"": 0.0, ""tofer"": NaN, ""swfac"": 0.0, ""nstres"": 0.0}",0.0,0.0,32.00000047683716,0.0,0.0186259467154741,0.0,,0.0,0.0,40.0,0.0,8.34381103515625,24.34381103515625,Leave_One_experiments/all_year_offline_schedule_search/daily_outputs/FQA/FQA_2015_FQA2015_stress_grid_S0010_daily.csv
FQA,FQA,Fengqiu,2015,Leave_One_experiments\wth_generated_qc\FQA\FQA2015.WTH,normal_year;water_stress_year;nitrogen_stress_year,water_stress,FQA2015_stress_grid_S0010,pareto_balanced,2015-06-22,173,17,12,"{""sim_day"": 17.0, ""doy"": 173.0, ""topwt"": 23.089604377746586, ""grnwt"": 0.0, ""xlai"": 0.0305651854723691, ""totir"": 0.0, ""tofer"": NaN, ""swfac"": 0.0, ""nstres"": 0.0}",0.0,0.0,23.089604377746586,0.0,0.0305651854723691,0.0,,0.0,0.0,40.0,0.0,8.34381103515625,24.34381103515625,Leave_One_experiments/all_year_offline_schedule_search/daily_outputs/FQA/FQA_2015_FQA2015_stress_grid_S0010_daily.csv
FQA,FQA,Fengqiu,2015,Leave_One_experiments\wth_generated_qc\FQA\FQA2015.WTH,normal_year;water_stress_year;nitrogen_stress_year,water_stress,FQA2015_stress_grid_S0010,pareto_balanced,2015-06-23,174,18,13,"{""sim_day"": 18.0, ""doy"": 174.0, ""topwt"": 24.42030906677246, ""grnwt"": 0.0, ""xlai"": 0.0350460335612297, ""totir"": 0.0, ""tofer"": NaN, ""swfac"": 0.0, ""nstres"": 0.0}",0.0,0.0,24.42030906677246,0.0,0.0350460335612297,0.0,,0.0,0.0,40.0,0.0,8.34381103515625,24.34381103515625,Leave_One_experiments/all_year_offline_schedule_search/daily_outputs/FQA/FQA_2015_FQA2015_stress_grid_S0010_daily.csv
FQA,FQA,Fengqiu,2015,Leave_One_experiments\wth_generated_qc\FQA\FQA2015.WTH,normal_year;water_stress_year;nitrogen_stress_year,water_stress,FQA2015_stress_grid_S0010,pareto_balanced,2015-06-24,175,19,14,"{""sim_day"": 19.0, ""doy"": 175.0, ""topwt"": 27.39112377166748, ""grnwt"": 0.0, ""xlai"": 0.0445783175528049, ""totir"": 0.0, ""tofer"": NaN, ""swfac"": 0.0, ""nstres"": 0.0}",0.0,0.0,27.39112377166748,0.0,0.0445783175528049,0.0,,0.0,0.0,40.0,0.0,8.34381103515625,24.34381103515625,Leave_One_experiments/all_year_offline_schedule_search/daily_outputs/FQA/FQA_2015_FQA2015_stress_grid_S0010_daily.csv
FQA,FQA,Fengqiu,2015,Leave_One_experiments\wth_generated_qc\FQA\FQA2015.WTH,normal_year;water_stress_year;nitrogen_stress_year,water_stress,FQA2015_stress_grid_S0010,pareto_balanced,2015-06-25,176,20,15,"{""sim_day"": 20.0, ""doy"": 176.0, ""topwt"": 32.04607009887695, ""grnwt"": 0.0, ""xlai"": 0.0585535280406475, ""totir"": 0.0, ""tofer"": NaN, ""swfac"": 0.0, ""nstres"": 0.0}",0.0,0.0,32.04607009887695,0.0,0.0585535280406475,0.0,,0.0,0.0,40.0,0.0,8.34381103515625,24.34381103515625,Leave_One_experiments/all_year_offline_schedule_search/daily_outputs/FQA/FQA_2015_FQA2015_stress_grid_S0010_daily.csv
FQA,FQA,Fengqiu,2015,Leave_One_experiments\wth_generated_qc\FQA\FQA2015.WTH,normal_year;water_stress_year;nitrogen_stress_year,water_stress,FQA2015_stress_grid_S0010,pareto_balanced,2015-06-26,177,21,16,"{""sim_day"": 21.0, ""doy"": 177.0, ""topwt"": 36.29026412963867, ""grnwt"": 0.0, ""xlai"": 0.0705505982041359, ""totir"": 0.0, ""tofer"": NaN, ""swfac"": 0.0, ""nstres"": 0.0}",0.0,0.0,36.29026412963867,0.0,0.0705505982041359,0.0,,0.0,0.0,40.0,0.0,8.34381103515625,24.34381103515625,Leave_One_experiments/all_year_offline_schedule_search/daily_outputs/FQA/FQA_2015_FQA2015_stress_grid_S0010_daily.csv
FQA,FQA,Fengqiu,2015,Leave_One_experiments\wth_generated_qc\FQA\FQA2015.WTH,normal_year;water_stress_year;nitrogen_stress_year,water_stress,FQA2015_stress_grid_S0010,pareto_balanced,2015-06-27,178,22,17,"{""sim_day"": 22.0, ""doy"": 178.0, ""topwt"": 42.22851753234863, ""grnwt"": 0.0, ""xlai"": 0.0865022540092468, ""totir"": 0.0, ""tofer"": NaN, ""swfac"": 0.0, ""nstres"": 0.0}",0.0,0.0,42.22851753234863,0.0,0.0865022540092468,0.0,,0.0,0.0,40.0,0.0,8.34381103515625,24.34381103515625,Leave_One_experiments/all_year_offline_schedule_search/daily_outputs/FQA/FQA_2015_FQA2015_stress_grid_S0010_daily.csv
FQA,FQA,Fengqiu,2015,Leave_One_experiments\wth_generated_qc\FQA\FQA2015.WTH,normal_year;water_stress_year;nitrogen_stress_year,water_stress,FQA2015_stress_grid_S0010,pareto_balanced,2015-06-28,179,23,18,"{""sim_day"": 23.0, ""doy"": 179.0, ""topwt"": 44.43379878997803, ""grnwt"": 0.0, ""xlai"": 0.092175081372261, ""totir"": 0.0, ""tofer"": NaN, ""swfac"": 0.0, ""nstres"": 0.0}",0.0,0.0,44.43379878997803,0.0,0.092175081372261,0.0,,0.0,0.0,40.0,0.0,8.34381103515625,24.34381103515625,Leave_One_experiments/all_year_offline_schedule_search/daily_outputs/FQA/FQA_2015_FQA2015_stress_grid_S0010_daily.csv
FQA,FQA,Fengqiu,2015,Leave_One_experiments\wth_generated_qc\FQA\FQA2015.WTH,normal_year;water_stress_year;nitrogen_stress_year,water_stress,FQA2015_stress_grid_S0010,pareto_balanced,2015-06-29,180,24,19,"{""sim_day"": 24.0, ""doy"": 180.0, ""topwt"": 49.806861877441406, ""grnwt"": 0.0, ""xlai"": 0.1057277917861938, ""totir"": 0.0, ""tofer"": NaN, ""swfac"": 0.0, ""nstres"": 0.0}",0.0,0.0,49.806861877441406,0.0,0.1057277917861938,0.0,,0.0,0.0,40.0,0.0,8.34381103515625,24.34381103515625,Leave_One_experiments/all_year_offline_schedule_search/daily_outputs/FQA/FQA_2015_FQA2015_stress_grid_S0010_daily.csv
FQA,FQA,Fengqiu,2015,Leave_One_experiments\wth_generated_qc\FQA\FQA2015.WTH,normal_year;water_stress_year;nitrogen_stress_year,water_stress,FQA2015_stress_grid_S0010,pareto_balanced,2015-06-30,181,25,20,"{""sim_day"": 25.0, ""doy"": 181.0, ""topwt"": 59.02320861816406, ""grnwt"": 0.0, ""xlai"": 0.1279861629009246, ""totir"": 0.0, ""tofer"": NaN, ""swfac"": 0.0, ""nstres"": 0.0}",0.0,0.0,59.02320861816406,0.0,0.1279861629009246,0.0,,0.0,0.0,40.0,0.0,8.34381103515625,24.34381103515625,Leave_One_experiments/all_year_offline_schedule_search/daily_outputs/FQA/FQA_2015_FQA2015_stress_grid_S0010_daily.csv
FQA,FQA,Fengqiu,2015,Leave_One_experiments\wth_generated_qc\FQA\FQA2015.WTH,normal_year;water_stress_year;nitrogen_stress_year,water_stress,FQA2015_stress_grid_S0010,pareto_balanced,2015-07-01,182,26,21,"{""sim_day"": 26.0, ""doy"": 182.0, ""topwt"": 69.49834823608398, ""grnwt"": 0.0, ""xlai"": 0.1513942927122116, ""totir"": 0.0, ""tofer"": NaN, ""swfac"": 0.0, ""nstres"": 0.0}",0.0,0.0,69.49834823608398,0.0,0.1513942927122116,0.0,,0.0,0.0,40.0,0.0,8.34381103515625,24.34381103515625,Leave_One_experiments/all_year_offline_schedule_search/daily_outputs/FQA/FQA_2015_FQA2015_stress_grid_S0010_daily.csv
FQA,FQA,Fengqiu,2015,Leave_One_experiments\wth_generated_qc\FQA\FQA2015.WTH,normal_year;water_stress_year;nitrogen_stress_year,water_stress,FQA2015_stress_grid_S0010,pareto_balanced,2015-07-02,183,27,22,"{""sim_day"": 27.0, ""doy"": 183.0, ""topwt"": 81.71740531921387, ""grnwt"": 0.0, ""xlai"": 0.1789602190256118, ""totir"": 0.0, ""tofer"": NaN, ""swfac"": 0.0, ""nstres"": 0.0}",0.0,0.0,81.71740531921387,0.0,0.1789602190256118,0.0,,0.0,0.0,40.0,0.0,8.34381103515625,24.34381103515625,Leave_One_experiments/all_year_offline_schedule_search/daily_outputs/FQA/FQA_2015_FQA2015_stress_grid_S0010_daily.csv
FQA,FQA,Fengqiu,2015,Leave_One_experiments\wth_generated_qc\FQA\FQA2015.WTH,normal_year;water_stress_year;nitrogen_stress_year,water_stress,FQA2015_stress_grid_S0010,pareto_balanced,2015-07-03,184,28,23,"{""sim_day"": 28.0, ""doy"": 184.0, ""topwt"": 96.15229606628418, ""grnwt"": 0.0, ""xlai"": 0.2100505530834198, ""totir"": 0.0, ""tofer"": NaN, ""swfac"": 0.0, ""nstres"": 0.0}",0.0,0.0,96.15229606628418,0.0,0.2100505530834198,0.0,,0.0,0.0,40.0,0.0,8.34381103515625,24.34381103515625,Leave_One_experiments/all_year_offline_schedule_search/daily_outputs/FQA/FQA_2015_FQA2015_stress_grid_S0010_daily.csv
FQA,FQA,Fengqiu,2015,Leave_One_experiments\wth_generated_qc\FQA\FQA2015.WTH,normal_year;water_stress_year;nitrogen_stress_year,water_stress,FQA2015_stress_grid_S0010,pareto_balanced,2015-07-04,185,29,24,"{""sim_day"": 29.0, ""doy"": 185.0, ""topwt"": 112.35197067260742, ""grnwt"": 0.0, ""xlai"": 0.243364930152893, ""totir"": 0.0, ""tofer"": NaN, ""swfac"": 0.0, ""nstres"": 0.0}",0.0,0.0,112.35197067260742,0.0,0.243364930152893,0.0,,0.0,0.0,40.0,0.0,8.34381103515625,24.34381103515625,Leave_One_experiments/all_year_offline_schedule_search/daily_outputs/FQA/FQA_2015_FQA2015_stress_grid_S0010_daily.csv
FQA,FQA,Fengqiu,2015,Leave_One_experiments\wth_generated_qc\FQA\FQA2015.WTH,normal_year;water_stress_year;nitrogen_stress_year,water_stress,FQA2015_stress_grid_S0010,pareto_balanced,2015-07-05,186,30,25,"{""sim_day"": 30.0, ""doy"": 186.0, ""topwt"": 130.0790023803711, ""grnwt"": 0.0, ""xlai"": 0.2782142758369446, ""totir"": 0.0, ""tofer"": NaN, ""swfac"": 0.0, ""nstres"": 0.0}",0.0,0.0,130.0790023803711,0.0,0.2782142758369446,0.0,,0.0,0.0,40.0,0.0,8.34381103515625,24.34381103515625,Leave_One_experiments/all_year_offline_schedule_search/daily_outputs/FQA/FQA_2015_FQA2015_stress_grid_S0010_daily.csv
FQA,FQA,Fengqiu,2015,Leave_One_experiments\wth_generated_qc\FQA\FQA2015.WTH,normal_year;water_stress_year;nitrogen_stress_year,water_stress,FQA2015_stress_grid_S0010,pareto_balanced,2015-07-06,187,31,26,"{""sim_day"": 31.0, ""doy"": 187.0, ""topwt"": 149.008207321167, ""grnwt"": 0.0, ""xlai"": 0.3138489723205566, ""totir"": 0.0, ""tofer"": NaN, ""swfac"": 0.0, ""nstres"": 0.0}",0.0,0.0,149.008207321167,0.0,0.3138489723205566,0.0,,0.0,0.0,40.0,0.0,8.34381103515625,24.34381103515625,Leave_One_experiments/all_year_offline_schedule_search/daily_outputs/FQA/FQA_2015_FQA2015_stress_grid_S0010_daily.csv
FQA,FQA,Fengqiu,2015,Leave_One_experiments\wth_generated_qc\FQA\FQA2015.WTH,normal_year;water_stress_year;nitrogen_stress_year,water_stress,FQA2015_stress_grid_S0010,pareto_balanced,2015-07-07,188,32,27,"{""sim_day"": 32.0, ""doy"": 188.0, ""topwt"": 171.16817474365234, ""grnwt"": 0.0, ""xlai"": 0.3537605404853821, ""totir"": 0.0, ""tofer"": NaN, ""swfac"": 0.0, ""nstres"": 0.0}",0.0,0.0,171.16817474365234,0.0,0.3537605404853821,0.0,,0.0,0.0,40.0,0.0,8.34381103515625,24.34381103515625,Leave_One_experiments/all_year_offline_schedule_search/daily_outputs/FQA/FQA_2015_FQA2015_stress_grid_S0010_daily.csv
FQA,FQA,Fengqiu,2015,Leave_One_experiments\wth_generated_qc\FQA\FQA2015.WTH,normal_year;water_stress_year;nitrogen_stress_year,water_stress,FQA2015_stress_grid_S0010,pareto_balanced,2015-07-08,189,33,28,"{""sim_day"": 33.0, ""doy"": 189.0, ""topwt"": 197.0421028137207, ""grnwt"": 0.0, ""xlai"": 0.3982365727424621, ""totir"": 0.0, ""tofer"": NaN, ""swfac"": 0.0, ""nstres"": 0.0}",0.0,0.0,197.0421028137207,0.0,0.3982365727424621,0.0,,0.0,0.0,40.0,0.0,8.34381103515625,24.34381103515625,Leave_One_experiments/all_year_offline_schedule_search/daily_outputs/FQA/FQA_2015_FQA2015_stress_grid_S0010_daily.csv
FQA,FQA,Fengqiu,2015,Leave_One_experiments\wth_generated_qc\FQA\FQA2015.WTH,normal_year;water_stress_year;nitrogen_stress_year,water_stress,FQA2015_stress_grid_S0010,pareto_balanced,2015-07-09,190,34,29,"{""sim_day"": 34.0, ""doy"": 190.0, ""topwt"": 222.2428131103516, ""grnwt"": 0.0, ""xlai"": 0.4397056996822357, ""totir"": 0.0, ""tofer"": NaN, ""swfac"": 0.0, ""nstres"": 0.0}",0.0,0.0,222.2428131103516,0.0,0.4397056996822357,0.0,,0.0,0.0,40.0,0.0,8.34381103515625,24.34381103515625,Leave_One_experiments/all_year_offline_schedule_search/daily_outputs/FQA/FQA_2015_FQA2015_stress_grid_S0010_daily.csv
FQA,FQA,Fengqiu,2015,Leave_One_experiments\wth_generated_qc\FQA\FQA2015.WTH,normal_year;water_stress_year;nitrogen_stress_year,water_stress,FQA2015_stress_grid_S0010,pareto_balanced,2015-07-10,191,35,30,"{""sim_day"": 35.0, ""doy"": 191.0, ""topwt"": 256.03572845458984, ""grnwt"": 0.0, ""xlai"": 0.4926877915859222, ""totir"": 0.0, ""tofer"": NaN, ""swfac"": 0.0, ""nstres"": 0.0}",0.0,0.0,256.03572845458984,0.0,0.4926877915859222,0.0,,0.0,0.0,40.0,0.0,8.34381103515625,24.34381103515625,Leave_One_experiments/all_year_offline_schedule_search/daily_outputs/FQA/FQA_2015_FQA2015_stress_grid_S0010_daily.csv
FQA,FQA,Fengqiu,2015,Leave_One_experiments\wth_generated_qc\FQA\FQA2015.WTH,normal_year;water_stress_year;nitrogen_stress_year,water_stress,FQA2015_stress_grid_S0010,pareto_balanced,2015-07-11,192,36,31,"{""sim_day"": 36.0, ""doy"": 192.0, ""topwt"": 297.1929740905762, ""grnwt"": 0.0, ""xlai"": 0.5537985563278198, ""totir"": 0.0, ""tofer"": NaN, ""swfac"": 0.0, ""nstres"": 0.0}",0.0,0.0,297.1929740905762,0.0,0.5537985563278198,0.0,,0.0,0.0,40.0,0.0,8.34381103515625,24.34381103515625,Leave_One_experiments/all_year_offline_schedule_search/daily_outputs/FQA/FQA_2015_FQA2015_stress_grid_S0010_daily.csv
FQA,FQA,Fengqiu,2015,Leave_One_experiments\wth_generated_qc\FQA\FQA2015.WTH,normal_year;water_stress_year;nitrogen_stress_year,water_stress,FQA2015_stress_grid_S0010,pareto_balanced,2015-07-12,193,37,32,"{""sim_day"": 37.0, ""doy"": 193.0, ""topwt"": 346.29371643066406, ""grnwt"": 0.0, ""xlai"": 0.6225748658180237, ""totir"": 0.0, ""tofer"": NaN, ""swfac"": 0.0, ""nstres"": 0.0}",0.0,0.0,346.29371643066406,0.0,0.6225748658180237,0.0,,0.0,0.0,40.0,0.0,8.34381103515625,24.34381103515625,Leave_One_experiments/all_year_offline_schedule_search/daily_outputs/FQA/FQA_2015_FQA2015_stress_grid_S0010_daily.csv
FQA,FQA,Fengqiu,2015,Leave_One_experiments\wth_generated_qc\FQA\FQA2015.WTH,normal_year;water_stress_year;nitrogen_stress_year,water_stress,FQA2015_stress_grid_S0010,pareto_balanced,2015-07-13,194,38,33,"{""sim_day"": 38.0, ""doy"": 194.0, ""topwt"": 401.3577651977539, ""grnwt"": 0.0, ""xlai"": 0.6952734589576721, ""totir"": 0.0, ""tofer"": NaN, ""swfac"": 0.0, ""nstres"": 0.0}",0.0,0.0,401.3577651977539,0.0,0.6952734589576721,0.0,,0.0,0.0,40.0,0.0,8.34381103515625,24.34381103515625,Leave_One_experiments/all_year_offline_schedule_search/daily_outputs/FQA/FQA_2015_FQA2015_stress_grid_S0010_daily.csv
FQA,FQA,Fengqiu,2015,Leave_One_experiments\wth_generated_qc\FQA\FQA2015.WTH,normal_year;water_stress_year;nitrogen_stress_year,water_stress,FQA2015_stress_grid_S0010,pareto_balanced,2015-07-14,195,39,34,"{""sim_day"": 39.0, ""doy"": 195.0, ""topwt"": 435.25333404541016, ""grnwt"": 0.0, ""xlai"": 0.738189160823822, ""totir"": 0.0, ""tofer"": NaN, ""swfac"": 0.0, ""nstres"": 0.0}",0.0,0.0,435.25333404541016,0.0,0.738189160823822,0.0,,0.0,0.0,40.0,0.0,8.34381103515625,24.34381103515625,Leave_One_experiments/all_year_offline_schedule_search/daily_outputs/FQA/FQA_2015_FQA2015_stress_grid_S0010_daily.csv
FQA,FQA,Fengqiu,2015,Leave_One_experiments\wth_generated_qc\FQA\FQA2015.WTH,normal_year;water_stress_year;nitrogen_stress_year,water_stress,FQA2015_stress_grid_S0010,pareto_balanced,2015-07-15,196,40,35,"{""sim_day"": 40.0, ""doy"": 196.0, ""topwt"": 457.1157836914063, ""grnwt"": 0.0, ""xlai"": 0.7649902701377869, ""totir"": 0.0, ""tofer"": NaN, ""swfac"": 0.0, ""nstres"": 0.0}",0.0,0.0,457.1157836914063,0.0,0.7649902701377869,0.0,,0.0,0.0,40.0,0.0,8.34381103515625,24.34381103515625,Leave_One_experiments/all_year_offline_schedule_search/daily_outputs/FQA/FQA_2015_FQA2015_stress_grid_S0010_daily.csv
FQA,FQA,Fengqiu,2015,Leave_One_experiments\wth_generated_qc\FQA\FQA2015.WTH,normal_year;water_stress_year;nitrogen_stress_year,water_stress,FQA2015_stress_grid_S0010,pareto_balanced,2015-07-16,197,41,36,"{""sim_day"": 41.0, ""doy"": 197.0, ""topwt"": 503.9117431640625, ""grnwt"": 0.0, ""xlai"": 0.8195241093635559, ""totir"": 0.0, ""tofer"": NaN, ""swfac"": 0.0, ""nstres"": 0.0078443884849548}",0.0,0.0078443884849548,503.9117431640625,0.0,0.8195241093635559,0.0,,0.0,0.0,40.0,0.0,8.34381103515625,24.34381103515625,Leave_One_experiments/all_year_offline_schedule_search/daily_outputs/FQA/FQA_2015_FQA2015_stress_grid_S0010_daily.csv
FQA,FQA,Fengqiu,2015,Leave_One_experiments\wth_generated_qc\FQA\FQA2015.WTH,normal_year;water_stress_year;nitrogen_stress_year,water_stress,FQA2015_stress_grid_S0010,pareto_balanced,2015-07-17,198,42,37,"{""sim_day"": 42.0, ""doy"": 198.0, ""topwt"": 565.8713531494141, ""grnwt"": 0.0, ""xlai"": 0.8890205025672913, ""totir"": 0.0, ""tofer"": NaN, ""swfac"": 0.0, ""nstres"": 0.003293752670288}",0.0,0.003293752670288,565.8713531494141,0.0,0.8890205025672913,0.0,,0.0,0.0,40.0,0.0,8.34381103515625,24.34381103515625,Leave_One_experiments/all_year_offline_schedule_search/daily_outputs/FQA/FQA_2015_FQA2015_stress_grid_S0010_daily.csv
FQA,FQA,Fengqiu,2015,Leave_One_experiments\wth_generated_qc\FQA\FQA2015.WTH,normal_year;water_stress_year;nitrogen_stress_year,water_stress,FQA2015_stress_grid_S0010,pareto_balanced,2015-07-18,199,43,38,"{""sim_day"": 43.0, ""doy"": 199.0, ""topwt"": 625.5461120605469, ""grnwt"": 0.0, ""xlai"": 0.949121356010437, ""totir"": 0.0, ""tofer"": NaN, ""swfac"": 0.0, ""nstres"": 0.0343101024627685}",0.0,0.0343101024627685,625.5461120605469,0.0,0.949121356010437,0.0,,0.0,0.0,40.0,0.0,8.34381103515625,24.34381103515625,Leave_One_experiments/all_year_offline_schedule_search/daily_outputs/FQA/FQA_2015_FQA2015_stress_grid_S0010_daily.csv
FQA,FQA,Fengqiu,2015,Leave_One_experiments\wth_generated_qc\FQA\FQA2015.WTH,normal_year;water_stress_year;nitrogen_stress_year,water_stress,FQA2015_stress_grid_S0010,pareto_balanced,2015-07-19,200,44,39,"{""sim_day"": 44.0, ""doy"": 200.0, ""topwt"": 691.7627716064453, ""grnwt"": 0.0, ""xlai"": 1.0078721046447754, ""totir"": 0.0, ""tofer"": NaN, ""swfac"": 0.0, ""nstres"": 0.0710842609405517}",0.0,0.0710842609405517,691.7627716064453,0.0,1.0078721046447754,0.0,,0.0,0.0,40.0,0.0,8.34381103515625,24.34381103515625,Leave_One_experiments/all_year_offline_schedule_search/daily_outputs/FQA/FQA_2015_FQA2015_stress_grid_S0010_daily.csv
FQA,FQA,Fengqiu,2015,Leave_One_experiments\wth_generated_qc\FQA\FQA2015.WTH,normal_year;water_stress_year;nitrogen_stress_year,water_stress,FQA2015_stress_grid_S0010,pareto_balanced,2015-07-20,201,45,40,"{""sim_day"": 45.0, ""doy"": 201.0, ""topwt"": 760.3365325927734, ""grnwt"": 0.0, ""xlai"": 1.0614242553710938, ""totir"": 0.0, ""tofer"": NaN, ""swfac"": 0.0, ""nstres"": 0.0983494520187377}",0.0,0.0983494520187377,760.3365325927734,0.0,1.0614242553710938,0.0,,0.0,0.0,40.0,0.0,8.34381103515625,24.34381103515625,Leave_One_experiments/all_year_offline_schedule_search/daily_outputs/FQA/FQA_2015_FQA2015_stress_grid_S0010_daily.csv
FQA,FQA,Fengqiu,2015,Leave_One_experiments\wth_generated_qc\FQA\FQA2015.WTH,normal_year;water_stress_year;nitrogen_stress_year,water_stress,FQA2015_stress_grid_S0010,pareto_balanced,2015-07-21,202,46,41,"{""sim_day"": 46.0, ""doy"": 202.0, ""topwt"": 823.963623046875, ""grnwt"": 0.0, ""xlai"": 1.103260517120361, ""totir"": 0.0, ""tofer"": NaN, ""swfac"": 0.0, ""nstres"": 0.1235381364822387}",0.0,0.1235381364822387,823.963623046875,0.0,1.103260517120361,0.0,,0.0,0.0,40.0,0.0,8.34381103515625,24.34381103515625,Leave_One_experiments/all_year_offline_schedule_search/daily_outputs/FQA/FQA_2015_FQA2015_stress_grid_S0010_daily.csv
FQA,FQA,Fengqiu,2015,Leave_One_experiments\wth_generated_qc\FQA\FQA2015.WTH,normal_year;water_stress_year;nitrogen_stress_year,water_stress,FQA2015_stress_grid_S0010,pareto_balanced,2015-07-22,203,47,42,"{""sim_day"": 47.0, ""doy"": 203.0, ""topwt"": 887.7986145019531, ""grnwt"": 0.0, ""xlai"": 1.1391924619674685, ""totir"": 0.0, ""tofer"": NaN, ""swfac"": 0.0, ""nstres"": 0.1435470581054687}",0.0,0.1435470581054687,887.7986145019531,0.0,1.1391924619674685,0.0,,0.0,0.0,40.0,0.0,8.34381103515625,24.34381103515625,Leave_One_experiments/all_year_offline_schedule_search/daily_outputs/FQA/FQA_2015_FQA2015_stress_grid_S0010_daily.csv
FQA,FQA,Fengqiu,2015,Leave_One_experiments\wth_generated_qc\FQA\FQA2015.WTH,normal_year;water_stress_year;nitrogen_stress_year,water_stress,FQA2015_stress_grid_S0010,pareto_balanced,2015-07-23,204,48,43,"{""sim_day"": 48.0, ""doy"": 204.0, ""topwt"": 953.4120941162108, ""grnwt"": 0.0, ""xlai"": 1.171461820602417, ""totir"": 0.0, ""tofer"": NaN, ""swfac"": 0.0, ""nstres"": 0.157670795917511}",0.0,0.157670795917511,953.4120941162108,0.0,1.171461820602417,0.0,,0.0,0.0,40.0,0.0,8.34381103515625,24.34381103515625,Leave_One_experiments/all_year_offline_schedule_search/daily_outputs/FQA/FQA_2015_FQA2015_stress_grid_S0010_daily.csv
FQA,FQA,Fengqiu,2015,Leave_One_experiments\wth_generated_qc\FQA\FQA2015.WTH,normal_year;water_stress_year;nitrogen_stress_year,water_stress,FQA2015_stress_grid_S0010,pareto_balanced,2015-07-24,205,49,44,"{""sim_day"": 49.0, ""doy"": 205.0, ""topwt"": 1020.7231903076172, ""grnwt"": 0.0, ""xlai"": 1.200278639793396, ""totir"": 0.0, ""tofer"": NaN, ""swfac"": 0.0, ""nstres"": 0.1697701215744018}",0.0,0.1697701215744018,1020.7231903076172,0.0,1.200278639793396,0.0,,0.0,0.0,40.0,0.0,8.34381103515625,24.34381103515625,Leave_One_experiments/all_year_offline_schedule_search/daily_outputs/FQA/FQA_2015_FQA2015_stress_grid_S0010_daily.csv
FQA,FQA,Fengqiu,2015,Leave_One_experiments\wth_generated_qc\FQA\FQA2015.WTH,normal_year;water_stress_year;nitrogen_stress_year,water_stress,FQA2015_stress_grid_S0010,pareto_balanced,2015-07-25,206,50,45,"{""sim_day"": 50.0, ""doy"": 206.0, ""topwt"": 1166.5510559082031, ""grnwt"": 0.0, ""xlai"": 1.2163487672805786, ""totir"": 0.0, ""tofer"": NaN, ""swfac"": 0.0, ""nstres"": 0.181147813796997}",0.0,0.181147813796997,1166.5510559082031,0.0,1.2163487672805786,0.0,,0.0,0.0,40.0,0.0,8.34381103515625,24.34381103515625,Leave_One_experiments/all_year_offline_schedule_search/daily_outputs/FQA/FQA_2015_FQA2015_stress_grid_S0010_daily.csv
FQA,FQA,Fengqiu,2015,Leave_One_experiments\wth_generated_qc\FQA\FQA2015.WTH,normal_year;water_stress_year;nitrogen_stress_year,water_stress,FQA2015_stress_grid_S0010,pareto_balanced,2015-07-26,207,51,46,"{""sim_day"": 51.0, ""doy"": 207.0, ""topwt"": 1302.9566955566406, ""grnwt"": 0.0, ""xlai"": 1.2260849475860596, ""totir"": 0.0, ""tofer"": NaN, ""swfac"": 0.0, ""nstres"": 0.1910719275474548}",0.0,0.1910719275474548,1302.9566955566406,0.0,1.2260849475860596,0.0,,0.0,0.0,40.0,0.0,8.34381103515625,24.34381103515625,Leave_One_experiments/all_year_offline_schedule_search/daily_outputs/FQA/FQA_2015_FQA2015_stress_grid_S0010_daily.csv
FQA,FQA,Fengqiu,2015,Leave_One_experiments\wth_generated_qc\FQA\FQA2015.WTH,normal_year;water_stress_year;nitrogen_stress_year,water_stress,FQA2015_stress_grid_S0010,pareto_balanced,2015-07-27,208,52,47,"{""sim_day"": 52.0, ""doy"": 208.0, ""topwt"": 1427.864227294922, ""grnwt"": 0.0, ""xlai"": 1.2267613410949707, ""totir"": 0.0, ""tofer"": NaN, ""swfac"": 0.0, ""nstres"": 0.2527651190757751}",0.0,0.2527651190757751,1427.864227294922,0.0,1.2267613410949707,0.0,,0.0,0.0,40.0,0.0,8.34381103515625,24.34381103515625,Leave_One_experiments/all_year_offline_schedule_search/daily_outputs/FQA/FQA_2015_FQA2015_stress_grid_S0010_daily.csv
FQA,FQA,Fengqiu,2015,Leave_One_experiments\wth_generated_qc\FQA\FQA2015.WTH,normal_year;water_stress_year;nitrogen_stress_year,water_stress,FQA2015_stress_grid_S0010,pareto_balanced,2015-07-28,209,53,48,"{""sim_day"": 53.0, ""doy"": 209.0, ""topwt"": 1543.7336730957031, ""grnwt"": 0.0, ""xlai"": 1.2210931777954102, ""totir"": 0.0, ""tofer"": NaN, ""swfac"": 0.0, ""nstres"": 0.304303765296936}",0.0,0.304303765296936,1543.7336730957031,0.0,1.2210931777954102,0.0,,0.0,0.0,40.0,0.0,8.34381103515625,24.34381103515625,Leave_One_experiments/all_year_offline_schedule_search/daily_outputs/FQA/FQA_2015_FQA2015_stress_grid_S0010_daily.csv
FQA,FQA,Fengqiu,2015,Leave_One_experiments\wth_generated_qc\FQA\FQA2015.WTH,normal_year;water_stress_year;nitrogen_stress_year,water_stress,FQA2015_stress_grid_S0010,pareto_balanced,2015-07-29,210,54,49,"{""sim_day"": 54.0, ""doy"": 210.0, ""topwt"": 1652.024383544922, ""grnwt"": 0.0, ""xlai"": 1.2110358476638794, ""totir"": 0.0, ""tofer"": NaN, ""swfac"": 0.0, ""nstres"": 0.3350335359573364}",0.0,0.3350335359573364,1652.024383544922,0.0,1.2110358476638794,0.0,,0.0,0.0,40.0,0.0,8.34381103515625,24.34381103515625,Leave_One_experiments/all_year_offline_schedule_search/daily_outputs/FQA/FQA_2015_FQA2015_stress_grid_S0010_daily.csv
FQA,FQA,Fengqiu,2015,Leave_One_experiments\wth_generated_qc\FQA\FQA2015.WTH,normal_year;water_stress_year;nitrogen_stress_year,water_stress,FQA2015_stress_grid_S0010,pareto_balanced,2015-07-30,211,55,50,"{""sim_day"": 55.0, ""doy"": 211.0, ""topwt"": 1745.6494140625, ""grnwt"": 0.0, ""xlai"": 1.1965644359588623, ""totir"": 40.0, ""tofer"": NaN, ""swfac"": 0.0, ""nstres"": 0.3538377285003662}",0.0,0.3538377285003662,1745.6494140625,0.0,1.1965644359588623,40.0,,40.0,0.0,40.0,0.0,8.34381103515625,24.34381103515625,Leave_One_experiments/all_year_offline_schedule_search/daily_outputs/FQA/FQA_2015_FQA2015_stress_grid_S0010_daily.csv
FQA,FQA,Fengqiu,2015,Leave_One_experiments\wth_generated_qc\FQA\FQA2015.WTH,normal_year;water_stress_year;nitrogen_stress_year,water_stress,FQA2015_stress_grid_S0010,pareto_balanced,2015-07-31,212,56,51,"{""sim_day"": 56.0, ""doy"": 212.0, ""topwt"": 1841.3951110839844, ""grnwt"": 0.0, ""xlai"": 1.182369828224182, ""totir"": 40.0, ""tofer"": NaN, ""swfac"": 0.0, ""nstres"": 0.3674876093864441}",0.0,0.3674876093864441,1841.3951110839844,0.0,1.182369828224182,40.0,,0.0,0.0,40.0,0.0,8.34381103515625,24.34381103515625,Leave_One_experiments/all_year_offline_schedule_search/daily_outputs/FQA/FQA_2015_FQA2015_stress_grid_S0010_daily.csv
FQA,FQA,Fengqiu,2015,Leave_One_experiments\wth_generated_qc\FQA\FQA2015.WTH,normal_year;water_stress_year;nitrogen_stress_year,water_stress,FQA2015_stress_grid_S0010,pareto_balanced,2015-08-01,213,57,52,"{""sim_day"": 57.0, ""doy"": 213.0, ""topwt"": 1937.4668884277344, ""grnwt"": 0.0, ""xlai"": 1.1680574417114258, ""totir"": 40.0, ""tofer"": NaN, ""swfac"": 0.0, ""nstres"": 0.3800589442253113}",0.0,0.3800589442253113,1937.4668884277344,0.0,1.1680574417114258,40.0,,0.0,0.0,40.0,0.0,8.34381103515625,24.34381103515625,Leave_One_experiments/all_year_offline_schedule_search/daily_outputs/FQA/FQA_2015_FQA2015_stress_grid_S0010_daily.csv
FQA,FQA,Fengqiu,2015,Leave_One_experiments\wth_generated_qc\FQA\FQA2015.WTH,normal_year;water_stress_year;nitrogen_stress_year,water_stress,FQA2015_stress_grid_S0010,pareto_balanced,2015-08-02,214,58,53,"{""sim_day"": 58.0, ""doy"": 214.0, ""topwt"": 2028.4840393066409, ""grnwt"": 0.0, ""xlai"": 1.1524196863174438, ""totir"": 40.0, ""tofer"": NaN, ""swfac"": 0.0, ""nstres"": 0.3899163007736206}",0.0,0.3899163007736206,2028.4840393066409,0.0,1.1524196863174438,40.0,,0.0,0.0,40.0,0.0,8.34381103515625,24.34381103515625,Leave_One_experiments/all_year_offline_schedule_search/daily_outputs/FQA/FQA_2015_FQA2015_stress_grid_S0010_daily.csv
FQA,FQA,Fengqiu,2015,Leave_One_experiments\wth_generated_qc\FQA\FQA2015.WTH,normal_year;water_stress_year;nitrogen_stress_year,water_stress,FQA2015_stress_grid_S0010,pareto_balanced,2015-08-03,215,59,54,"{""sim_day"": 59.0, ""doy"": 215.0, ""topwt"": 2101.211700439453, ""grnwt"": 0.0, ""xlai"": 1.1324907541275024, ""totir"": 40.0, ""tofer"": NaN, ""swfac"": 0.0, ""nstres"": 0.3932178020477295}",0.0,0.3932178020477295,2101.211700439453,0.0,1.1324907541275024,40.0,,0.0,0.0,40.0,0.0,8.34381103515625,24.34381103515625,Leave_One_experiments/all_year_offline_schedule_search/daily_outputs/FQA/FQA_2015_FQA2015_stress_grid_S0010_daily.csv
FQA,FQA,Fengqiu,2015,Leave_One_experiments\wth_generated_qc\FQA\FQA2015.WTH,normal_year;water_stress_year;nitrogen_stress_year,water_stress,FQA2015_stress_grid_S0010,pareto_balanced,2015-08-04,216,60,55,"{""sim_day"": 60.0, ""doy"": 216.0, ""topwt"": 2156.5431213378906, ""grnwt"": 0.0, ""xlai"": 1.1090601682662964, ""totir"": 40.0, ""tofer"": NaN, ""swfac"": 0.0, ""nstres"": 0.3879434466361999}",0.0,0.3879434466361999,2156.5431213378906,0.0,1.1090601682662964,40.0,,0.0,0.0,40.0,0.0,8.34381103515625,24.34381103515625,Leave_One_experiments/all_year_offline_schedule_search/daily_outputs/FQA/FQA_2015_FQA2015_stress_grid_S0010_daily.csv
FQA,FQA,Fengqiu,2015,Leave_One_experiments\wth_generated_qc\FQA\FQA2015.WTH,normal_year;water_stress_year;nitrogen_stress_year,water_stress,FQA2015_stress_grid_S0010,pareto_balanced,2015-08-05,217,61,56,"{""sim_day"": 61.0, ""doy"": 217.0, ""topwt"": 2235.3619384765625, ""grnwt"": 0.0, ""xlai"": 1.092633605003357, ""totir"": 40.0, ""tofer"": NaN, ""swfac"": 0.0, ""nstres"": 0.3814733028411865}",0.0,0.3814733028411865,2235.3619384765625,0.0,1.092633605003357,40.0,,0.0,0.0,40.0,0.0,8.34381103515625,24.34381103515625,Leave_One_experiments/all_year_offline_schedule_search/daily_outputs/FQA/FQA_2015_FQA2015_stress_grid_S0010_daily.csv
FQA,FQA,Fengqiu,2015,Leave_One_experiments\wth_generated_qc\FQA\FQA2015.WTH,normal_year;water_stress_year;nitrogen_stress_year,water_stress,FQA2015_stress_grid_S0010,pareto_balanced,2015-08-06,218,62,57,"{""sim_day"": 62.0, ""doy"": 218.0, ""topwt"": 2346.244506835937, ""grnwt"": 0.0, ""xlai"": 1.0573458671569824, ""totir"": 40.0, ""tofer"": NaN, ""swfac"": 0.0, ""nstres"": 0.3751033544540405}",0.0,0.3751033544540405,2346.244506835937,0.0,1.0573458671569824,40.0,,0.0,0.0,40.0,0.0,8.34381103515625,24.34381103515625,Leave_One_experiments/all_year_offline_schedule_search/daily_outputs/FQA/FQA_2015_FQA2015_stress_grid_S0010_daily.csv
FQA,FQA,Fengqiu,2015,Leave_One_experiments\wth_generated_qc\FQA\FQA2015.WTH,normal_year;water_stress_year;nitrogen_stress_year,water_stress,FQA2015_stress_grid_S0010,pareto_balanced,2015-08-07,219,63,58,"{""sim_day"": 63.0, ""doy"": 219.0, ""topwt"": 2447.2930908203125, ""grnwt"": 0.0, ""xlai"": 1.023786544799805, ""totir"": 40.0, ""tofer"": NaN, ""swfac"": 0.0, ""nstres"": 0.3617409467697143}",0.0,0.3617409467697143,2447.2930908203125,0.0,1.023786544799805,40.0,,0.0,0.0,40.0,0.0,8.34381103515625,24.34381103515625,Leave_One_experiments/all_year_offline_schedule_search/daily_outputs/FQA/FQA_2015_FQA2015_stress_grid_S0010_daily.csv
FQA,FQA,Fengqiu,2015,Leave_One_experiments\wth_generated_qc\FQA\FQA2015.WTH,normal_year;water_stress_year;nitrogen_stress_year,water_stress,FQA2015_stress_grid_S0010,pareto_balanced,2015-08-08,220,64,59,"{""sim_day"": 64.0, ""doy"": 220.0, ""topwt"": 2541.2771606445312, ""grnwt"": 0.0, ""xlai"": 0.9912992119789124, ""totir"": 40.0, ""tofer"": NaN, ""swfac"": 0.0, ""nstres"": 0.3615776896476745}",0.0,0.3615776896476745,2541.2771606445312,0.0,0.9912992119789124,40.0,,0.0,0.0,40.0,0.0,8.34381103515625,24.34381103515625,Leave_One_experiments/all_year_offline_schedule_search/daily_outputs/FQA/FQA_2015_FQA2015_stress_grid_S0010_daily.csv
FQA,FQA,Fengqiu,2015,Leave_One_experiments\wth_generated_qc\FQA\FQA2015.WTH,normal_year;water_stress_year;nitrogen_stress_year,water_stress,FQA2015_stress_grid_S0010,pareto_balanced,2015-08-09,221,65,60,"{""sim_day"": 65.0, ""doy"": 221.0, ""topwt"": 2676.307373046875, ""grnwt"": 0.0, ""xlai"": 0.960049569606781, ""totir"": 40.0, ""tofer"": NaN, ""swfac"": 0.0, ""nstres"": 0.3565738201141357}",0.0,0.3565738201141357,2676.307373046875,0.0,0.960049569606781,40.0,,0.0,0.0,40.0,0.0,8.34381103515625,24.34381103515625,Leave_One_experiments/all_year_offline_schedule_search/daily_outputs/FQA/FQA_2015_FQA2015_stress_grid_S0010_daily.csv
FQA,FQA,Fengqiu,2015,Leave_One_experiments\wth_generated_qc\FQA\FQA2015.WTH,normal_year;water_stress_year;nitrogen_stress_year,water_stress,FQA2015_stress_grid_S0010,pareto_balanced,2015-08-10,222,66,61,"{""sim_day"": 66.0, ""doy"": 222.0, ""topwt"": 2771.1001586914062, ""grnwt"": 0.0, ""xlai"": 0.9301230311393738, ""totir"": 40.0, ""tofer"": NaN, ""swfac"": 0.0, ""nstres"": 0.348124623298645}",0.0,0.348124623298645,2771.1001586914062,0.0,0.9301230311393738,40.0,,0.0,0.0,40.0,0.0,8.34381103515625,24.34381103515625,Leave_One_experiments/all_year_offline_schedule_search/daily_outputs/FQA/FQA_2015_FQA2015_stress_grid_S0010_daily.csv
FQA,FQA,Fengqiu,2015,Leave_One_experiments\wth_generated_qc\FQA\FQA2015.WTH,normal_year;water_stress_year;nitrogen_stress_year,water_stress,FQA2015_stress_grid_S0010,pareto_balanced,2015-08-11,223,67,62,"{""sim_day"": 67.0, ""doy"": 223.0, ""topwt"": 2814.6148681640625, ""grnwt"": 0.0, ""xlai"": 0.9011192917823792, ""totir"": 40.0, ""tofer"": NaN, ""swfac"": 0.0, ""nstres"": 0.3483855128288269}",0.0,0.3483855128288269,2814.6148681640625,0.0,0.9011192917823792,40.0,,0.0,0.0,40.0,0.0,8.34381103515625,24.34381103515625,Leave_One_experiments/all_year_offline_schedule_search/daily_outputs/FQA/FQA_2015_FQA2015_stress_grid_S0010_daily.csv
FQA,FQA,Fengqiu,2015,Leave_One_experiments\wth_generated_qc\FQA\FQA2015.WTH,normal_year;water_stress_year;nitrogen_stress_year,water_stress,FQA2015_stress_grid_S0010,pareto_balanced,2015-08-12,224,68,63,"{""sim_day"": 68.0, ""doy"": 224.0, ""topwt"": 2927.3583984375, ""grnwt"": 0.0, ""xlai"": 0.8734272122383118, ""totir"": 40.0, ""tofer"": NaN, ""swfac"": 0.0, ""nstres"": 0.3375371694564819}",0.0,0.3375371694564819,2927.3583984375,0.0,0.8734272122383118,40.0,,0.0,0.0,40.0,0.0,8.34381103515625,24.34381103515625,Leave_One_experiments/all_year_offline_schedule_search/daily_outputs/FQA/FQA_2015_FQA2015_stress_grid_S0010_daily.csv
FQA,FQA,Fengqiu,2015,Leave_One_experiments\wth_generated_qc\FQA\FQA2015.WTH,normal_year;water_stress_year;nitrogen_stress_year,water_stress,FQA2015_stress_grid_S0010,pareto_balanced,2015-08-13,225,69,64,"{""sim_day"": 69.0, ""doy"": 225.0, ""topwt"": 2994.0643310546875, ""grnwt"": 0.0, ""xlai"": 0.8474826216697693, ""totir"": 40.0, ""tofer"": NaN, ""swfac"": 0.0, ""nstres"": 0.3129053711891174}",0.0,0.3129053711891174,2994.0643310546875,0.0,0.8474826216697693,40.0,,0.0,0.0,40.0,0.0,8.34381103515625,24.34381103515625,Leave_One_experiments/all_year_offline_schedule_search/daily_outputs/FQA/FQA_2015_FQA2015_stress_grid_S0010_daily.csv
FQA,FQA,Fengqiu,2015,Leave_One_experiments\wth_generated_qc\FQA\FQA2015.WTH,normal_year;water_stress_year;nitrogen_stress_year,water_stress,FQA2015_stress_grid_S0010,pareto_balanced,2015-08-14,226,70,65,"{""sim_day"": 70.0, ""doy"": 226.0, ""topwt"": 3094.4024658203125, ""grnwt"": 0.0, ""xlai"": 0.8225910067558289, ""totir"": 40.0, ""tofer"": NaN, ""swfac"": 0.0, ""nstres"": 0.3049103021621704}",0.0,0.3049103021621704,3094.4024658203125,0.0,0.8225910067558289,40.0,,0.0,0.0,40.0,0.0,8.34381103515625,24.34381103515625,Leave_One_experiments/all_year_offline_schedule_search/daily_outputs/FQA/FQA_2015_FQA2015_stress_grid_S0010_daily.csv
FQA,FQA,Fengqiu,2015,Leave_One_experiments\wth_generated_qc\FQA\FQA2015.WTH,normal_year;water_stress_year;nitrogen_stress_year,water_stress,FQA2015_stress_grid_S0010,pareto_balanced,2015-08-15,227,71,66,"{""sim_day"": 71.0, ""doy"": 227.0, ""topwt"": 3240.589904785156, ""grnwt"": 230.61859130859372, ""xlai"": 0.799278974533081, ""totir"": 40.0, ""tofer"": NaN, ""swfac"": 0.0, ""nstres"": 0.2801536917686462}",0.0,0.2801536917686462,3240.589904785156,230.61859130859372,0.799278974533081,40.0,,0.0,0.0,40.0,0.0,8.34381103515625,24.34381103515625,Leave_One_experiments/all_year_offline_schedule_search/daily_outputs/FQA/FQA_2015_FQA2015_stress_grid_S0010_daily.csv
FQA,FQA,Fengqiu,2015,Leave_One_experiments\wth_generated_qc\FQA\FQA2015.WTH,normal_year;water_stress_year;nitrogen_stress_year,water_stress,FQA2015_stress_grid_S0010,pareto_balanced,2015-08-16,228,72,67,"{""sim_day"": 72.0, ""doy"": 228.0, ""topwt"": 3321.508178710937, ""grnwt"": 326.8495559692383, ""xlai"": 0.773852527141571, ""totir"": 40.0, ""tofer"": NaN, ""swfac"": 0.0, ""nstres"": 0.3634806871414184}",0.0,0.3634806871414184,3321.508178710937,326.8495559692383,0.773852527141571,40.0,,0.0,0.0,40.0,0.0,8.34381103515625,24.34381103515625,Leave_One_experiments/all_year_offline_schedule_search/daily_outputs/FQA/FQA_2015_FQA2015_stress_grid_S0010_daily.csv
FQA,FQA,Fengqiu,2015,Leave_One_experiments\wth_generated_qc\FQA\FQA2015.WTH,normal_year;water_stress_year;nitrogen_stress_year,water_stress,FQA2015_stress_grid_S0010,pareto_balanced,2015-08-17,229,73,68,"{""sim_day"": 73.0, ""doy"": 229.0, ""topwt"": 3376.6915893554688, ""grnwt"": 423.0805206298828, ""xlai"": 0.750150740146637, ""totir"": 40.0, ""tofer"": NaN, ""swfac"": 0.0, ""nstres"": 0.3350793719291687}",0.0,0.3350793719291687,3376.6915893554688,423.0805206298828,0.750150740146637,40.0,,0.0,0.0,40.0,0.0,8.34381103515625,24.34381103515625,Leave_One_experiments/all_year_offline_schedule_search/daily_outputs/FQA/FQA_2015_FQA2015_stress_grid_S0010_daily.csv
FQA,FQA,Fengqiu,2015,Leave_One_experiments\wth_generated_qc\FQA\FQA2015.WTH,normal_year;water_stress_year;nitrogen_stress_year,water_stress,FQA2015_stress_grid_S0010,pareto_balanced,2015-08-18,230,74,69,"{""sim_day"": 74.0, ""doy"": 230.0, ""topwt"": 3429.5880126953125, ""grnwt"": 519.3114852905273, ""xlai"": 0.7272316217422485, ""totir"": 40.0, ""tofer"": NaN, ""swfac"": 0.0, ""nstres"": 0.3332651257514953}",0.0,0.3332651257514953,3429.5880126953125,519.3114852905273,0.7272316217422485,40.0,,0.0,0.0,40.0,0.0,8.34381103515625,24.34381103515625,Leave_One_experiments/all_year_offline_schedule_search/daily_outputs/FQA/FQA_2015_FQA2015_stress_grid_S0010_daily.csv
FQA,FQA,Fengqiu,2015,Leave_One_experiments\wth_generated_qc\FQA\FQA2015.WTH,normal_year;water_stress_year;nitrogen_stress_year,water_stress,FQA2015_stress_grid_S0010,pareto_balanced,2015-08-19,231,75,70,"{""sim_day"": 75.0, ""doy"": 231.0, ""topwt"": 3520.010986328125, ""grnwt"": 615.5424499511719, ""xlai"": 0.7053695321083069, ""totir"": 40.0, ""tofer"": NaN, ""swfac"": 0.0, ""nstres"": 0.321491003036499}",0.0,0.321491003036499,3520.010986328125,615.5424499511719,0.7053695321083069,40.0,,0.0,0.0,40.0,0.0,8.34381103515625,24.34381103515625,Leave_One_experiments/all_year_offline_schedule_search/daily_outputs/FQA/FQA_2015_FQA2015_stress_grid_S0010_daily.csv
FQA,FQA,Fengqiu,2015,Leave_One_experiments\wth_generated_qc\FQA\FQA2015.WTH,normal_year;water_stress_year;nitrogen_stress_year,water_stress,FQA2015_stress_grid_S0010,pareto_balanced,2015-08-20,232,76,71,"{""sim_day"": 76.0, ""doy"": 232.0, ""topwt"": 3613.2904052734375, ""grnwt"": 711.7734527587891, ""xlai"": 0.6845268607139587, ""totir"": 40.0, ""tofer"": NaN, ""swfac"": 0.0, ""nstres"": 0.3091645836830139}",0.0,0.3091645836830139,3613.2904052734375,711.7734527587891,0.6845268607139587,40.0,,0.0,0.0,40.0,0.0,8.34381103515625,24.34381103515625,Leave_One_experiments/all_year_offline_schedule_search/daily_outputs/FQA/FQA_2015_FQA2015_stress_grid_S0010_daily.csv
FQA,FQA,Fengqiu,2015,Leave_One_experiments\wth_generated_qc\FQA\FQA2015.WTH,normal_year;water_stress_year;nitrogen_stress_year,water_stress,FQA2015_stress_grid_S0010,pareto_balanced,2015-08-21,233,77,72,"{""sim_day"": 77.0, ""doy"": 233.0, ""topwt"": 3703.7152099609375, ""grnwt"": 808.0044555664062, ""xlai"": 0.664151132106781, ""totir"": 40.0, ""tofer"": NaN, ""swfac"": 0.0, ""nstres"": 0.3143858909606933}",0.0,0.3143858909606933,3703.7152099609375,808.0044555664062,0.664151132106781,40.0,,0.0,0.0,40.0,0.0,8.34381103515625,24.34381103515625,Leave_One_experiments/all_year_offline_schedule_search/daily_outputs/FQA/FQA_2015_FQA2015_stress_grid_S0010_daily.csv
FQA,FQA,Fengqiu,2015,Leave_One_experiments\wth_generated_qc\FQA\FQA2015.WTH,normal_year;water_stress_year;nitrogen_stress_year,water_stress,FQA2015_stress_grid_S0010,pareto_balanced,2015-08-22,234,78,73,"{""sim_day"": 78.0, ""doy"": 234.0, ""topwt"": 3791.344604492188, ""grnwt"": 904.2354583740234, ""xlai"": 0.6442391276359558, ""totir"": 40.0, ""tofer"": NaN, ""swfac"": 0.0, ""nstres"": 0.3195474743843078}",0.0,0.3195474743843078,3791.344604492188,904.2354583740234,0.6442391276359558,40.0,,0.0,0.0,40.0,0.0,8.34381103515625,24.34381103515625,Leave_One_experiments/all_year_offline_schedule_search/daily_outputs/FQA/FQA_2015_FQA2015_stress_grid_S0010_daily.csv
FQA,FQA,Fengqiu,2015,Leave_One_experiments\wth_generated_qc\FQA\FQA2015.WTH,normal_year;water_stress_year;nitrogen_stress_year,water_stress,FQA2015_stress_grid_S0010,pareto_balanced,2015-08-23,235,79,74,"{""sim_day"": 79.0, ""doy"": 235.0, ""topwt"": 3875.6988525390634, ""grnwt"": 1000.4664611816406, ""xlai"": 0.6246721744537354, ""totir"": 40.0, ""tofer"": NaN, ""swfac"": 0.0, ""nstres"": 0.3289339542388916}",0.0,0.3289339542388916,3875.6988525390634,1000.4664611816406,0.6246721744537354,40.0,,0.0,0.0,40.0,0.0,8.34381103515625,24.34381103515625,Leave_One_experiments/all_year_offline_schedule_search/daily_outputs/FQA/FQA_2015_FQA2015_stress_grid_S0010_daily.csv
FQA,FQA,Fengqiu,2015,Leave_One_experiments\wth_generated_qc\FQA\FQA2015.WTH,normal_year;water_stress_year;nitrogen_stress_year,water_stress,FQA2015_stress_grid_S0010,pareto_balanced,2015-08-24,236,80,75,"{""sim_day"": 80.0, ""doy"": 236.0, ""topwt"": 3957.053833007813, ""grnwt"": 1096.6974639892578, ""xlai"": 0.6054995059967041, ""totir"": 40.0, ""tofer"": NaN, ""swfac"": 0.0, ""nstres"": 0.336616039276123}",0.0,0.336616039276123,3957.053833007813,1096.6974639892578,0.6054995059967041,40.0,,0.0,0.0,40.0,0.0,8.34381103515625,24.34381103515625,Leave_One_experiments/all_year_offline_schedule_search/daily_outputs/FQA/FQA_2015_FQA2015_stress_grid_S0010_daily.csv
FQA,FQA,Fengqiu,2015,Leave_One_experiments\wth_generated_qc\FQA\FQA2015.WTH,normal_year;water_stress_year;nitrogen_stress_year,water_stress,FQA2015_stress_grid_S0010,pareto_balanced,2015-08-25,237,81,76,"{""sim_day"": 81.0, ""doy"": 237.0, ""topwt"": 4036.097412109375, ""grnwt"": 1192.928466796875, ""xlai"": 0.5868536233901978, ""totir"": 40.0, ""tofer"": NaN, ""swfac"": 0.0, ""nstres"": 0.339060366153717}",0.0,0.339060366153717,4036.097412109375,1192.928466796875,0.5868536233901978,40.0,,0.0,0.0,40.0,0.0,8.34381103515625,24.34381103515625,Leave_One_experiments/all_year_offline_schedule_search/daily_outputs/FQA/FQA_2015_FQA2015_stress_grid_S0010_daily.csv
FQA,FQA,Fengqiu,2015,Leave_One_experiments\wth_generated_qc\FQA\FQA2015.WTH,normal_year;water_stress_year;nitrogen_stress_year,water_stress,FQA2015_stress_grid_S0010,pareto_balanced,2015-08-26,238,82,77,"{""sim_day"": 82.0, ""doy"": 238.0, ""topwt"": 4123.35205078125, ""grnwt"": 1289.1593933105469, ""xlai"": 0.5686927437782288, ""totir"": 40.0, ""tofer"": NaN, ""swfac"": 0.0, ""nstres"": 0.3427084684371948}",0.0,0.3427084684371948,4123.35205078125,1289.1593933105469,0.5686927437782288,40.0,,0.0,0.0,40.0,0.0,8.34381103515625,24.34381103515625,Leave_One_experiments/all_year_offline_schedule_search/daily_outputs/FQA/FQA_2015_FQA2015_stress_grid_S0010_daily.csv
FQA,FQA,Fengqiu,2015,Leave_One_experiments\wth_generated_qc\FQA\FQA2015.WTH,normal_year;water_stress_year;nitrogen_stress_year,water_stress,FQA2015_stress_grid_S0010,pareto_balanced,2015-08-27,239,83,78,"{""sim_day"": 83.0, ""doy"": 239.0, ""topwt"": 4209.101257324219, ""grnwt"": 1385.3903198242188, ""xlai"": 0.5510589480400085, ""totir"": 40.0, ""tofer"": NaN, ""swfac"": 0.0, ""nstres"": 0.3441798686981201}",0.0,0.3441798686981201,4209.101257324219,1385.3903198242188,0.5510589480400085,40.0,,0.0,0.0,40.0,0.0,8.34381103515625,24.34381103515625,Leave_One_experiments/all_year_offline_schedule_search/daily_outputs/FQA/FQA_2015_FQA2015_stress_grid_S0010_daily.csv
FQA,FQA,Fengqiu,2015,Leave_One_experiments\wth_generated_qc\FQA\FQA2015.WTH,normal_year;water_stress_year;nitrogen_stress_year,water_stress,FQA2015_stress_grid_S0010,pareto_balanced,2015-08-28,240,84,79,"{""sim_day"": 84.0, ""doy"": 240.0, ""topwt"": 4283.5784912109375, ""grnwt"": 1481.6212463378906, ""xlai"": 0.5338185429573059, ""totir"": 40.0, ""tofer"": NaN, ""swfac"": 0.0, ""nstres"": 0.3508653044700622}",0.0,0.3508653044700622,4283.5784912109375,1481.6212463378906,0.5338185429573059,40.0,,0.0,0.0,40.0,0.0,8.34381103515625,24.34381103515625,Leave_One_experiments/all_year_offline_schedule_search/daily_outputs/FQA/FQA_2015_FQA2015_stress_grid_S0010_daily.csv
FQA,FQA,Fengqiu,2015,Leave_One_experiments\wth_generated_qc\FQA\FQA2015.WTH,normal_year;water_stress_year;nitrogen_stress_year,water_stress,FQA2015_stress_grid_S0010,pareto_balanced,2015-08-29,241,85,80,"{""sim_day"": 85.0, ""doy"": 241.0, ""topwt"": 4350.001831054688, ""grnwt"": 1577.8521728515625, ""xlai"": 0.5169801712036133, ""totir"": 40.0, ""tofer"": NaN, ""swfac"": 0.0, ""nstres"": 0.3570373654365539}",0.0,0.3570373654365539,4350.001831054688,1577.8521728515625,0.5169801712036133,40.0,,0.0,0.0,40.0,0.0,8.34381103515625,24.34381103515625,Leave_One_experiments/all_year_offline_schedule_search/daily_outputs/FQA/FQA_2015_FQA2015_stress_grid_S0010_daily.csv
FQA,FQA,Fengqiu,2015,Leave_One_experiments\wth_generated_qc\FQA\FQA2015.WTH,normal_year;water_stress_year;nitrogen_stress_year,water_stress,FQA2015_stress_grid_S0010,pareto_balanced,2015-08-30,242,86,81,"{""sim_day"": 86.0, ""doy"": 242.0, ""topwt"": 4417.731628417969, ""grnwt"": 1674.0830993652344, ""xlai"": 0.5007157921791077, ""totir"": 40.0, ""tofer"": NaN, ""swfac"": 0.0, ""nstres"": 0.3550479412078857}",0.0,0.3550479412078857,4417.731628417969,1674.0830993652344,0.5007157921791077,40.0,,0.0,0.0,40.0,0.0,8.34381103515625,24.34381103515625,Leave_One_experiments/all_year_offline_schedule_search/daily_outputs/FQA/FQA_2015_FQA2015_stress_grid_S0010_daily.csv
FQA,FQA,Fengqiu,2015,Leave_One_experiments\wth_generated_qc\FQA\FQA2015.WTH,normal_year;water_stress_year;nitrogen_stress_year,water_stress,FQA2015_stress_grid_S0010,pareto_balanced,2015-08-31,243,87,82,"{""sim_day"": 87.0, ""doy"": 243.0, ""topwt"": 4492.294616699219, ""grnwt"": 1770.3140258789062, ""xlai"": 0.4849421679973602, ""totir"": 40.0, ""tofer"": NaN, ""swfac"": 0.0, ""nstres"": 0.3560535907745361}",0.0,0.3560535907745361,4492.294616699219,1770.3140258789062,0.4849421679973602,40.0,,0.0,0.0,40.0,0.0,8.34381103515625,24.34381103515625,Leave_One_experiments/all_year_offline_schedule_search/daily_outputs/FQA/FQA_2015_FQA2015_stress_grid_S0010_daily.csv
FQA,FQA,Fengqiu,2015,Leave_One_experiments\wth_generated_qc\FQA\FQA2015.WTH,normal_year;water_stress_year;nitrogen_stress_year,water_stress,FQA2015_stress_grid_S0010,pareto_balanced,2015-09-01,244,88,83,"{""sim_day"": 88.0, ""doy"": 244.0, ""topwt"": 4572.540283203125, ""grnwt"": 1866.544952392578, ""xlai"": 0.469471663236618, ""totir"": 40.0, ""tofer"": NaN, ""swfac"": 0.0, ""nstres"": 0.3656406998634338}",0.0,0.3656406998634338,4572.540283203125,1866.544952392578,0.469471663236618,40.0,,0.0,0.0,40.0,0.0,8.34381103515625,24.34381103515625,Leave_One_experiments/all_year_offline_schedule_search/daily_outputs/FQA/FQA_2015_FQA2015_stress_grid_S0010_daily.csv
FQA,FQA,Fengqiu,2015,Leave_One_experiments\wth_generated_qc\FQA\FQA2015.WTH,normal_year;water_stress_year;nitrogen_stress_year,water_stress,FQA2015_stress_grid_S0010,pareto_balanced,2015-09-02,245,89,84,"{""sim_day"": 89.0, ""doy"": 245.0, ""topwt"": 4640.87158203125, ""grnwt"": 1962.77587890625, ""xlai"": 0.4542751908302307, ""totir"": 40.0, ""tofer"": NaN, ""swfac"": 0.0, ""nstres"": 0.3768616318702698}",0.0,0.3768616318702698,4640.87158203125,1962.77587890625,0.4542751908302307,40.0,,0.0,0.0,40.0,0.0,8.34381103515625,24.34381103515625,Leave_One_experiments/all_year_offline_schedule_search/daily_outputs/FQA/FQA_2015_FQA2015_stress_grid_S0010_daily.csv
FQA,FQA,Fengqiu,2015,Leave_One_experiments\wth_generated_qc\FQA\FQA2015.WTH,normal_year;water_stress_year;nitrogen_stress_year,water_stress,FQA2015_stress_grid_S0010,pareto_balanced,2015-09-03,246,90,85,"{""sim_day"": 90.0, ""doy"": 246.0, ""topwt"": 4651.8597412109375, ""grnwt"": 2059.006805419922, ""xlai"": 0.4392358362674713, ""totir"": 40.0, ""tofer"": NaN, ""swfac"": 0.0, ""nstres"": 0.3945497274398803}",0.0,0.3945497274398803,4651.8597412109375,2059.006805419922,0.4392358362674713,40.0,,0.0,0.0,40.0,0.0,8.34381103515625,24.34381103515625,Leave_One_experiments/all_year_offline_schedule_search/daily_outputs/FQA/FQA_2015_FQA2015_stress_grid_S0010_daily.csv
FQA,FQA,Fengqiu,2015,Leave_One_experiments\wth_generated_qc\FQA\FQA2015.WTH,normal_year;water_stress_year;nitrogen_stress_year,water_stress,FQA2015_stress_grid_S0010,pareto_balanced,2015-09-04,247,91,86,"{""sim_day"": 91.0, ""doy"": 247.0, ""topwt"": 4700.4052734375, ""grnwt"": 2155.2377319335938, ""xlai"": 0.4245820343494415, ""totir"": 40.0, ""tofer"": NaN, ""swfac"": 0.0, ""nstres"": 0.4006916284561157}",0.0,0.4006916284561157,4700.4052734375,2155.2377319335938,0.4245820343494415,40.0,,0.0,0.0,40.0,0.0,8.34381103515625,24.34381103515625,Leave_One_experiments/all_year_offline_schedule_search/daily_outputs/FQA/FQA_2015_FQA2015_stress_grid_S0010_daily.csv
FQA,FQA,Fengqiu,2015,Leave_One_experiments\wth_generated_qc\FQA\FQA2015.WTH,normal_year;water_stress_year;nitrogen_stress_year,water_stress,FQA2015_stress_grid_S0010,pareto_balanced,2015-09-05,248,92,87,"{""sim_day"": 92.0, ""doy"": 248.0, ""topwt"": 4738.450622558594, ""grnwt"": 2251.4686584472656, ""xlai"": 0.4108467698097229, ""totir"": 40.0, ""tofer"": NaN, ""swfac"": 0.0, ""nstres"": 0.3764024376869201}",0.0,0.3764024376869201,4738.450622558594,2251.4686584472656,0.4108467698097229,40.0,,0.0,0.0,40.0,0.0,8.34381103515625,24.34381103515625,Leave_One_experiments/all_year_offline_schedule_search/daily_outputs/FQA/FQA_2015_FQA2015_stress_grid_S0010_daily.csv
FQA,FQA,Fengqiu,2015,Leave_One_experiments\wth_generated_qc\FQA\FQA2015.WTH,normal_year;water_stress_year;nitrogen_stress_year,water_stress,FQA2015_stress_grid_S0010,pareto_balanced,2015-09-06,249,93,88,"{""sim_day"": 93.0, ""doy"": 249.0, ""topwt"": 4811.912536621094, ""grnwt"": 2347.699584960937, ""xlai"": 0.3975311517715454, ""totir"": 40.0, ""tofer"": NaN, ""swfac"": 0.0, ""nstres"": 0.3778432607650757}",0.0,0.3778432607650757,4811.912536621094,2347.699584960937,0.3975311517715454,40.0,,0.0,0.0,40.0,0.0,8.34381103515625,24.34381103515625,Leave_One_experiments/all_year_offline_schedule_search/daily_outputs/FQA/FQA_2015_FQA2015_stress_grid_S0010_daily.csv
FQA,FQA,Fengqiu,2015,Leave_One_experiments\wth_generated_qc\FQA\FQA2015.WTH,normal_year;water_stress_year;nitrogen_stress_year,water_stress,FQA2015_stress_grid_S0010,pareto_balanced,2015-09-07,250,94,89,"{""sim_day"": 94.0, ""doy"": 250.0, ""topwt"": 4858.165893554688, ""grnwt"": 2443.9305114746094, ""xlai"": 0.3847231268882751, ""totir"": 40.0, ""tofer"": NaN, ""swfac"": 0.0, ""nstres"": 0.373250663280487}",0.0,0.373250663280487,4858.165893554688,2443.9305114746094,0.3847231268882751,40.0,,0.0,0.0,40.0,0.0,8.34381103515625,24.34381103515625,Leave_One_experiments/all_year_offline_schedule_search/daily_outputs/FQA/FQA_2015_FQA2015_stress_grid_S0010_daily.csv
FQA,FQA,Fengqiu,2015,Leave_One_experiments\wth_generated_qc\FQA\FQA2015.WTH,normal_year;water_stress_year;nitrogen_stress_year,water_stress,FQA2015_stress_grid_S0010,pareto_balanced,2015-09-08,251,95,90,"{""sim_day"": 95.0, ""doy"": 251.0, ""topwt"": 4882.39501953125, ""grnwt"": 2540.161437988281, ""xlai"": 0.3720424771308899, ""totir"": 40.0, ""tofer"": NaN, ""swfac"": 0.0, ""nstres"": 0.3910523653030395}",0.0,0.3910523653030395,4882.39501953125,2540.161437988281,0.3720424771308899,40.0,,0.0,0.0,40.0,0.0,8.34381103515625,24.34381103515625,Leave_One_experiments/all_year_offline_schedule_search/daily_outputs/FQA/FQA_2015_FQA2015_stress_grid_S0010_daily.csv
FQA,FQA,Fengqiu,2015,Leave_One_experiments\wth_generated_qc\FQA\FQA2015.WTH,normal_year;water_stress_year;nitrogen_stress_year,water_stress,FQA2015_stress_grid_S0010,pareto_balanced,2015-09-09,252,96,91,"{""sim_day"": 96.0, ""doy"": 252.0, ""topwt"": 4919.644775390625, ""grnwt"": 2636.392517089844, ""xlai"": 0.3597979545593261, ""totir"": 40.0, ""tofer"": NaN, ""swfac"": 0.0, ""nstres"": 0.3898828029632568}",0.0,0.3898828029632568,4919.644775390625,2636.392517089844,0.3597979545593261,40.0,,0.0,0.0,40.0,0.0,8.34381103515625,24.34381103515625,Leave_One_experiments/all_year_offline_schedule_search/daily_outputs/FQA/FQA_2015_FQA2015_stress_grid_S0010_daily.csv
FQA,FQA,Fengqiu,2015,Leave_One_experiments\wth_generated_qc\FQA\FQA2015.WTH,normal_year;water_stress_year;nitrogen_stress_year,water_stress,FQA2015_stress_grid_S0010,pareto_balanced,2015-09-10,253,97,92,"{""sim_day"": 97.0, ""doy"": 253.0, ""topwt"": 4955.528259277344, ""grnwt"": 2732.6235961914062, ""xlai"": 0.3481976389884949, ""totir"": 40.0, ""tofer"": NaN, ""swfac"": 0.0, ""nstres"": 0.3737853765487671}",0.0,0.3737853765487671,4955.528259277344,2732.6235961914062,0.3481976389884949,40.0,,0.0,0.0,40.0,0.0,8.34381103515625,24.34381103515625,Leave_One_experiments/all_year_offline_schedule_search/daily_outputs/FQA/FQA_2015_FQA2015_stress_grid_S0010_daily.csv
FQA,FQA,Fengqiu,2015,Leave_One_experiments\wth_generated_qc\FQA\FQA2015.WTH,normal_year;water_stress_year;nitrogen_stress_year,water_stress,FQA2015_stress_grid_S0010,pareto_balanced,2015-09-11,254,98,93,"{""sim_day"": 98.0, ""doy"": 254.0, ""topwt"": 5020.0726318359375, ""grnwt"": 2798.59619140625, ""xlai"": 0.3370172679424286, ""totir"": 40.0, ""tofer"": NaN, ""swfac"": 0.0, ""nstres"": 0.3706227540969848}",0.0,0.3706227540969848,5020.0726318359375,2798.59619140625,0.3370172679424286,40.0,,0.0,0.0,40.0,0.0,8.34381103515625,24.34381103515625,Leave_One_experiments/all_year_offline_schedule_search/daily_outputs/FQA/FQA_2015_FQA2015_stress_grid_S0010_daily.csv
FQA,FQA,Fengqiu,2015,Leave_One_experiments\wth_generated_qc\FQA\FQA2015.WTH,normal_year;water_stress_year;nitrogen_stress_year,water_stress,FQA2015_stress_grid_S0010,pareto_balanced,2015-09-12,255,99,94,"{""sim_day"": 99.0, ""doy"": 255.0, ""topwt"": 5055.8575439453125, ""grnwt"": 2834.381103515625, ""xlai"": 0.3267062306404114, ""totir"": 40.0, ""tofer"": NaN, ""swfac"": 0.0, ""nstres"": 0.3342781066894531}",0.0,0.3342781066894531,5055.8575439453125,2834.381103515625,0.3267062306404114,40.0,,0.0,0.0,40.0,0.0,8.34381103515625,24.34381103515625,Leave_One_experiments/all_year_offline_schedule_search/daily_outputs/FQA/FQA_2015_FQA2015_stress_grid_S0010_daily.csv
FQA,FQA,Fengqiu,2015,Leave_One_experiments\wth_generated_qc\FQA\FQA2015.WTH,normal_year;water_stress_year;nitrogen_stress_year,water_stress,FQA2015_stress_grid_S0010,pareto_balanced,2015-09-13,256,100,95,"{""sim_day"": 100.0, ""doy"": 256.0, ""topwt"": 5055.8575439453125, ""grnwt"": 2834.381103515625, ""xlai"": 0.3267062306404114, ""totir"": 40.0, ""tofer"": NaN, ""swfac"": 0.0, ""nstres"": 0.3152355551719665}",0.0,0.3152355551719665,5055.8575439453125,2834.381103515625,0.3267062306404114,40.0,,0.0,0.0,40.0,0.0,8.34381103515625,24.34381103515625,Leave_One_experiments/all_year_offline_schedule_search/daily_outputs/FQA/FQA_2015_FQA2015_stress_grid_S0010_daily.csv
FQA,FQA,Fengqiu,2015,Leave_One_experiments\wth_generated_qc\FQA\FQA2015.WTH,normal_year;water_stress_year;nitrogen_stress_year,water_stress,FQA2015_stress_grid_S0010,pareto_balanced,2015-09-14,257,101,96,"{""sim_day"": 101.0, ""doy"": 257.0, ""topwt"": 5055.8575439453125, ""grnwt"": 2834.381103515625, ""xlai"": 0.3267062306404114, ""totir"": 40.0, ""tofer"": NaN, ""swfac"": 0.0, ""nstres"": 0.3152355551719665}",0.0,0.3152355551719665,5055.8575439453125,2834.381103515625,0.3267062306404114,40.0,,0.0,0.0,40.0,0.0,8.34381103515625,24.34381103515625,Leave_One_experiments/all_year_offline_schedule_search/daily_outputs/FQA/FQA_2015_FQA2015_stress_grid_S0010_daily.csv
FQA,FQA,Fengqiu,2015,Leave_One_experiments\wth_generated_qc\FQA\FQA2015.WTH,normal_year;water_stress_year;nitrogen_stress_year,water_stress,FQA2015_stress_grid_S0010,pareto_balanced,2015-09-15,258,102,97,"{""sim_day"": 102.0, ""doy"": 258.0, ""topwt"": 5055.8575439453125, ""grnwt"": 2834.381103515625, ""xlai"": 0.3267062306404114, ""totir"": 40.0, ""tofer"": NaN, ""swfac"": 0.0, ""nstres"": 0.3152355551719665}",0.0,0.3152355551719665,5055.8575439453125,2834.381103515625,0.3267062306404114,40.0,,0.0,0.0,40.0,0.0,8.34381103515625,24.34381103515625,Leave_One_experiments/all_year_offline_schedule_search/daily_outputs/FQA/FQA_2015_FQA2015_stress_grid_S0010_daily.csv
FQA,FQA,Fengqiu,2015,Leave_One_experiments\wth_generated_qc\FQA\FQA2015.WTH,normal_year;water_stress_year;nitrogen_stress_year,water_stress,FQA2015_stress_grid_S0010,pareto_balanced,2015-09-16,259,103,98,"{""sim_day"": 103.0, ""doy"": 259.0, ""topwt"": 5055.8575439453125, ""grnwt"": 2834.381103515625, ""xlai"": 0.3267062306404114, ""totir"": 40.0, ""tofer"": NaN, ""swfac"": 0.0, ""nstres"": 0.3152355551719665}",0.0,0.3152355551719665,5055.8575439453125,2834.381103515625,0.3267062306404114,40.0,,0.0,0.0,40.0,0.0,8.34381103515625,24.34381103515625,Leave_One_experiments/all_year_offline_schedule_search/daily_outputs/FQA/FQA_2015_FQA2015_stress_grid_S0010_daily.csv
FQA,FQA,Fengqiu,2015,Leave_One_experiments\wth_generated_qc\FQA\FQA2015.WTH,normal_year;water_stress_year;nitrogen_stress_year,water_stress,FQA2015_stress_grid_S0011,pareto_balanced,2015-06-11,162,1,1,"{""sim_day"": 1.0, ""doy"": 162.0, ""topwt"": 0.0, ""grnwt"": 0.0, ""xlai"": 0.0, ""totir"": 0.0, ""tofer"": NaN, ""swfac"": 0.0, ""nstres"": 0.0}",0.0,0.0,0.0,0.0,0.0,0.0,,0.0,0.0,40.0,0.0,8.34381103515625,24.34381103515625,Leave_One_experiments/all_year_offline_schedule_search/daily_outputs/FQA/FQA_2015_FQA2015_stress_grid_S0011_daily.csv
FQA,FQA,Fengqiu,2015,Leave_One_experiments\wth_generated_qc\FQA\FQA2015.WTH,normal_year;water_stress_year;nitrogen_stress_year,water_stress,FQA2015_stress_grid_S0011,pareto_balanced,2015-06-12,163,2,2,"{""sim_day"": 2.0, ""doy"": 163.0, ""topwt"": 0.0, ""grnwt"": 0.0, ""xlai"": 0.0, ""totir"": 0.0, ""tofer"": NaN, ""swfac"": 0.0, ""nstres"": 0.0}",0.0,0.0,0.0,0.0,0.0,0.0,,0.0,0.0,40.0,0.0,8.34381103515625,24.34381103515625,Leave_One_experiments/all_year_offline_schedule_search/daily_outputs/FQA/FQA_2015_FQA2015_stress_grid_S0011_daily.csv
FQA,FQA,Fengqiu,2015,Leave_One_experiments\wth_generated_qc\FQA\FQA2015.WTH,normal_year;water_stress_year;nitrogen_stress_year,water_stress,FQA2015_stress_grid_S0011,pareto_balanced,2015-06-13,164,3,3,"{""sim_day"": 3.0, ""doy"": 164.0, ""topwt"": 0.0, ""grnwt"": 0.0, ""xlai"": 0.0, ""totir"": 0.0, ""tofer"": NaN, ""swfac"": 0.0, ""nstres"": 0.0}",0.0,0.0,0.0,0.0,0.0,0.0,,0.0,0.0,40.0,0.0,8.34381103515625,24.34381103515625,Leave_One_experiments/all_year_offline_schedule_search/daily_outputs/FQA/FQA_2015_FQA2015_stress_grid_S0011_daily.csv
FQA,FQA,Fengqiu,2015,Leave_One_experiments\wth_generated_qc\FQA\FQA2015.WTH,normal_year;water_stress_year;nitrogen_stress_year,water_stress,FQA2015_stress_grid_S0011,pareto_balanced,2015-06-14,165,4,4,"{""sim_day"": 4.0, ""doy"": 165.0, ""topwt"": 0.0, ""grnwt"": 0.0, ""xlai"": 0.0, ""totir"": 0.0, ""tofer"": NaN, ""swfac"": 0.0, ""nstres"": 0.0}",0.0,0.0,0.0,0.0,0.0,0.0,,0.0,0.0,40.0,0.0,8.34381103515625,24.34381103515625,Leave_One_experiments/all_year_offline_schedule_search/daily_outputs/FQA/FQA_2015_FQA2015_stress_grid_S0011_daily.csv
FQA,FQA,Fengqiu,2015,Leave_One_experiments\wth_generated_qc\FQA\FQA2015.WTH,normal_year;water_stress_year;nitrogen_stress_year,water_stress,FQA2015_stress_grid_S0011,pareto_balanced,2015-06-15,166,5,5,"{""sim_day"": 5.0, ""doy"": 166.0, ""topwt"": 0.0, ""grnwt"": 0.0, ""xlai"": 0.0, ""totir"": 0.0, ""tofer"": NaN, ""swfac"": 0.0, ""nstres"": 0.0}",0.0,0.0,0.0,0.0,0.0,0.0,,0.0,0.0,40.0,0.0,8.34381103515625,24.34381103515625,Leave_One_experiments/all_year_offline_schedule_search/daily_outputs/FQA/FQA_2015_FQA2015_stress_grid_S0011_daily.csv
FQA,FQA,Fengqiu,2015,Leave_One_experiments\wth_generated_qc\FQA\FQA2015.WTH,normal_year;water_stress_year;nitrogen_stress_year,water_stress,FQA2015_stress_grid_S0011,pareto_balanced,2015-06-11,162,6,1,"{""sim_day"": 6.0, ""doy"": 162.0, ""topwt"": 0.0, ""grnwt"": 0.0, ""xlai"": 0.0, ""totir"": 0.0, ""tofer"": NaN, ""swfac"": 0.0, ""nstres"": 0.0}",0.0,0.0,0.0,0.0,0.0,0.0,,0.0,0.0,40.0,0.0,8.34381103515625,24.34381103515625,Leave_One_experiments/all_year_offline_schedule_search/daily_outputs/FQA/FQA_2015_FQA2015_stress_grid_S0011_daily.csv
FQA,FQA,Fengqiu,2015,Leave_One_experiments\wth_generated_qc\FQA\FQA2015.WTH,normal_year;water_stress_year;nitrogen_stress_year,water_stress,FQA2015_stress_grid_S0011,pareto_balanced,2015-06-12,163,7,2,"{""sim_day"": 7.0, ""doy"": 163.0, ""topwt"": 0.0, ""grnwt"": 0.0, ""xlai"": 0.0, ""totir"": 0.0, ""tofer"": NaN, ""swfac"": 0.0, ""nstres"": 0.0}",0.0,0.0,0.0,0.0,0.0,0.0,,0.0,0.0,40.0,0.0,8.34381103515625,24.34381103515625,Leave_One_experiments/all_year_offline_schedule_search/daily_outputs/FQA/FQA_2015_FQA2015_stress_grid_S0011_daily.csv
FQA,FQA,Fengqiu,2015,Leave_One_experiments\wth_generated_qc\FQA\FQA2015.WTH,normal_year;water_stress_year;nitrogen_stress_year,water_stress,FQA2015_stress_grid_S0011,pareto_balanced,2015-06-13,164,8,3,"{""sim_day"": 8.0, ""doy"": 164.0, ""topwt"": 0.0, ""grnwt"": 0.0, ""xlai"": 0.0, ""totir"": 0.0, ""tofer"": NaN, ""swfac"": 0.0, ""nstres"": 0.0}",0.0,0.0,0.0,0.0,0.0,0.0,,0.0,0.0,40.0,0.0,8.34381103515625,24.34381103515625,Leave_One_experiments/all_year_offline_schedule_search/daily_outputs/FQA/FQA_2015_FQA2015_stress_grid_S0011_daily.csv
FQA,FQA,Fengqiu,2015,Leave_One_experiments\wth_generated_qc\FQA\FQA2015.WTH,normal_year;water_stress_year;nitrogen_stress_year,water_stress,FQA2015_stress_grid_S0011,pareto_balanced,2015-06-14,165,9,4,"{""sim_day"": 9.0, ""doy"": 165.0, ""topwt"": 0.0, ""grnwt"": 0.0, ""xlai"": 0.0, ""totir"": 0.0, ""tofer"": NaN, ""swfac"": 0.0, ""nstres"": 0.0}",0.0,0.0,0.0,0.0,0.0,0.0,,0.0,0.0,40.0,0.0,8.34381103515625,24.34381103515625,Leave_One_experiments/all_year_offline_schedule_search/daily_outputs/FQA/FQA_2015_FQA2015_stress_grid_S0011_daily.csv
FQA,FQA,Fengqiu,2015,Leave_One_experiments\wth_generated_qc\FQA\FQA2015.WTH,normal_year;water_stress_year;nitrogen_stress_year,water_stress,FQA2015_stress_grid_S0011,pareto_balanced,2015-06-15,166,10,5,"{""sim_day"": 10.0, ""doy"": 166.0, ""topwt"": 0.0, ""grnwt"": 0.0, ""xlai"": 0.0, ""totir"": 0.0, ""tofer"": NaN, ""swfac"": 0.0, ""nstres"": 0.0}",0.0,0.0,0.0,0.0,0.0,0.0,,0.0,0.0,40.0,0.0,8.34381103515625,24.34381103515625,Leave_One_experiments/all_year_offline_schedule_search/daily_outputs/FQA/FQA_2015_FQA2015_stress_grid_S0011_daily.csv
FQA,FQA,Fengqiu,2015,Leave_One_experiments\wth_generated_qc\FQA\FQA2015.WTH,normal_year;water_stress_year;nitrogen_stress_year,water_stress,FQA2015_stress_grid_S0011,pareto_balanced,2015-06-16,167,11,6,"{""sim_day"": 11.0, ""doy"": 167.0, ""topwt"": 32.00000047683716, ""grnwt"": 0.0, ""xlai"": 0.0029944737907499, ""totir"": 0.0, ""tofer"": NaN, ""swfac"": 0.0, ""nstres"": 0.0121910572052001}",0.0,0.0121910572052001,32.00000047683716,0.0,0.0029944737907499,0.0,,0.0,0.0,40.0,0.0,8.34381103515625,24.34381103515625,Leave_One_experiments/all_year_offline_schedule_search/daily_outputs/FQA/FQA_2015_FQA2015_stress_grid_S0011_daily.csv
FQA,FQA,Fengqiu,2015,Leave_One_experiments\wth_generated_qc\FQA\FQA2015.WTH,normal_year;water_stress_year;nitrogen_stress_year,water_stress,FQA2015_stress_grid_S0011,pareto_balanced,2015-06-17,168,12,7,"{""sim_day"": 12.0, ""doy"": 168.0, ""topwt"": 32.00000047683716, ""grnwt"": 0.0, ""xlai"": 0.0057682190090417, ""totir"": 0.0, ""tofer"": NaN, ""swfac"": 0.0, ""nstres"": 0.0}",0.0,0.0,32.00000047683716,0.0,0.0057682190090417,0.0,,0.0,0.0,40.0,0.0,8.34381103515625,24.34381103515625,Leave_One_experiments/all_year_offline_schedule_search/daily_outputs/FQA/FQA_2015_FQA2015_stress_grid_S0011_daily.csv
FQA,FQA,Fengqiu,2015,Leave_One_experiments\wth_generated_qc\FQA\FQA2015.WTH,normal_year;water_stress_year;nitrogen_stress_year,water_stress,FQA2015_stress_grid_S0011,pareto_balanced,2015-06-18,169,13,8,"{""sim_day"": 13.0, ""doy"": 169.0, ""topwt"": 32.00000047683716, ""grnwt"": 0.0, ""xlai"": 0.0091094421222805, ""totir"": 0.0, ""tofer"": NaN, ""swfac"": 0.0, ""nstres"": 0.0}",0.0,0.0,32.00000047683716,0.0,0.0091094421222805,0.0,,0.0,0.0,40.0,0.0,8.34381103515625,24.34381103515625,Leave_One_experiments/all_year_offline_schedule_search/daily_outputs/FQA/FQA_2015_FQA2015_stress_grid_S0011_daily.csv
FQA,FQA,Fengqiu,2015,Leave_One_experiments\wth_generated_qc\FQA\FQA2015.WTH,normal_year;water_stress_year;nitrogen_stress_year,water_stress,FQA2015_stress_grid_S0011,pareto_balanced,2015-06-19,170,14,9,"{""sim_day"": 14.0, ""doy"": 170.0, ""topwt"": 32.00000047683716, ""grnwt"": 0.0, ""xlai"": 0.0118614258244633, ""totir"": 0.0, ""tofer"": NaN, ""swfac"": 0.0, ""nstres"": 0.0}",0.0,0.0,32.00000047683716,0.0,0.0118614258244633,0.0,,0.0,0.0,40.0,0.0,8.34381103515625,24.34381103515625,Leave_One_experiments/all_year_offline_schedule_search/daily_outputs/FQA/FQA_2015_FQA2015_stress_grid_S0011_daily.csv
FQA,FQA,Fengqiu,2015,Leave_One_experiments\wth_generated_qc\FQA\FQA2015.WTH,normal_year;water_stress_year;nitrogen_stress_year,water_stress,FQA2015_stress_grid_S0011,pareto_balanced,2015-06-20,171,15,10,"{""sim_day"": 15.0, ""doy"": 171.0, ""topwt"": 32.00000047683716, ""grnwt"": 0.0, ""xlai"": 0.014996507205069, ""totir"": 0.0, ""tofer"": NaN, ""swfac"": 0.0, ""nstres"": 0.0}",0.0,0.0,32.00000047683716,0.0,0.014996507205069,0.0,,0.0,0.0,40.0,0.0,8.34381103515625,24.34381103515625,Leave_One_experiments/all_year_offline_schedule_search/daily_outputs/FQA/FQA_2015_FQA2015_stress_grid_S0011_daily.csv
FQA,FQA,Fengqiu,2015,Leave_One_experiments\wth_generated_qc\FQA\FQA2015.WTH,normal_year;water_stress_year;nitrogen_stress_year,water_stress,FQA2015_stress_grid_S0011,pareto_balanced,2015-06-21,172,16,11,"{""sim_day"": 16.0, ""doy"": 172.0, ""topwt"": 32.00000047683716, ""grnwt"": 0.0, ""xlai"": 0.0186259467154741, ""totir"": 0.0, ""tofer"": NaN, ""swfac"": 0.0, ""nstres"": 0.0}",0.0,0.0,32.00000047683716,0.0,0.0186259467154741,0.0,,0.0,0.0,40.0,0.0,8.34381103515625,24.34381103515625,Leave_One_experiments/all_year_offline_schedule_search/daily_outputs/FQA/FQA_2015_FQA2015_stress_grid_S0011_daily.csv
FQA,FQA,Fengqiu,2015,Leave_One_experiments\wth_generated_qc\FQA\FQA2015.WTH,normal_year;water_stress_year;nitrogen_stress_year,water_stress,FQA2015_stress_grid_S0011,pareto_balanced,2015-06-22,173,17,12,"{""sim_day"": 17.0, ""doy"": 173.0, ""topwt"": 23.089604377746586, ""grnwt"": 0.0, ""xlai"": 0.0305651854723691, ""totir"": 0.0, ""tofer"": NaN, ""swfac"": 0.0, ""nstres"": 0.0}",0.0,0.0,23.089604377746586,0.0,0.0305651854723691,0.0,,0.0,0.0,40.0,0.0,8.34381103515625,24.34381103515625,Leave_One_experiments/all_year_offline_schedule_search/daily_outputs/FQA/FQA_2015_FQA2015_stress_grid_S0011_daily.csv
FQA,FQA,Fengqiu,2015,Leave_One_experiments\wth_generated_qc\FQA\FQA2015.WTH,normal_year;water_stress_year;nitrogen_stress_year,water_stress,FQA2015_stress_grid_S0011,pareto_balanced,2015-06-23,174,18,13,"{""sim_day"": 18.0, ""doy"": 174.0, ""topwt"": 24.42030906677246, ""grnwt"": 0.0, ""xlai"": 0.0350460335612297, ""totir"": 0.0, ""tofer"": NaN, ""swfac"": 0.0, ""nstres"": 0.0}",0.0,0.0,24.42030906677246,0.0,0.0350460335612297,0.0,,0.0,0.0,40.0,0.0,8.34381103515625,24.34381103515625,Leave_One_experiments/all_year_offline_schedule_search/daily_outputs/FQA/FQA_2015_FQA2015_stress_grid_S0011_daily.csv
FQA,FQA,Fengqiu,2015,Leave_One_experiments\wth_generated_qc\FQA\FQA2015.WTH,normal_year;water_stress_year;nitrogen_stress_year,water_stress,FQA2015_stress_grid_S0011,pareto_balanced,2015-06-24,175,19,14,"{""sim_day"": 19.0, ""doy"": 175.0, ""topwt"": 27.39112377166748, ""grnwt"": 0.0, ""xlai"": 0.0445783175528049, ""totir"": 0.0, ""tofer"": NaN, ""swfac"": 0.0, ""nstres"": 0.0}",0.0,0.0,27.39112377166748,0.0,0.0445783175528049,0.0,,0.0,0.0,40.0,0.0,8.34381103515625,24.34381103515625,Leave_One_experiments/all_year_offline_schedule_search/daily_outputs/FQA/FQA_2015_FQA2015_stress_grid_S0011_daily.csv
FQA,FQA,Fengqiu,2015,Leave_One_experiments\wth_generated_qc\FQA\FQA2015.WTH,normal_year;water_stress_year;nitrogen_stress_year,water_stress,FQA2015_stress_grid_S0011,pareto_balanced,2015-06-25,176,20,15,"{""sim_day"": 20.0, ""doy"": 176.0, ""topwt"": 32.04607009887695, ""grnwt"": 0.0, ""xlai"": 0.0585535280406475, ""totir"": 0.0, ""tofer"": NaN, ""swfac"": 0.0, ""nstres"": 0.0}",0.0,0.0,32.04607009887695,0.0,0.0585535280406475,0.0,,0.0,0.0,40.0,0.0,8.34381103515625,24.34381103515625,Leave_One_experiments/all_year_offline_schedule_search/daily_outputs/FQA/FQA_2015_FQA2015_stress_grid_S0011_daily.csv
FQA,FQA,Fengqiu,2015,Leave_One_experiments\wth_generated_qc\FQA\FQA2015.WTH,normal_year;water_stress_year;nitrogen_stress_year,water_stress,FQA2015_stress_grid_S0011,pareto_balanced,2015-06-26,177,21,16,"{""sim_day"": 21.0, ""doy"": 177.0, ""topwt"": 36.29026412963867, ""grnwt"": 0.0, ""xlai"": 0.0705505982041359, ""totir"": 0.0, ""tofer"": NaN, ""swfac"": 0.0, ""nstres"": 0.0}",0.0,0.0,36.29026412963867,0.0,0.0705505982041359,0.0,,0.0,0.0,40.0,0.0,8.34381103515625,24.34381103515625,Leave_One_experiments/all_year_offline_schedule_search/daily_outputs/FQA/FQA_2015_FQA2015_stress_grid_S0011_daily.csv
FQA,FQA,Fengqiu,2015,Leave_One_experiments\wth_generated_qc\FQA\FQA2015.WTH,normal_year;water_stress_year;nitrogen_stress_year,water_stress,FQA2015_stress_grid_S0011,pareto_balanced,2015-06-27,178,22,17,"{""sim_day"": 22.0, ""doy"": 178.0, ""topwt"": 42.22851753234863, ""grnwt"": 0.0, ""xlai"": 0.0865022540092468, ""totir"": 0.0, ""tofer"": NaN, ""swfac"": 0.0, ""nstres"": 0.0}",0.0,0.0,42.22851753234863,0.0,0.0865022540092468,0.0,,0.0,0.0,40.0,0.0,8.34381103515625,24.34381103515625,Leave_One_experiments/all_year_offline_schedule_search/daily_outputs/FQA/FQA_2015_FQA2015_stress_grid_S0011_daily.csv
FQA,FQA,Fengqiu,2015,Leave_One_experiments\wth_generated_qc\FQA\FQA2015.WTH,normal_year;water_stress_year;nitrogen_stress_year,water_stress,FQA2015_stress_grid_S0011,pareto_balanced,2015-06-28,179,23,18,"{""sim_day"": 23.0, ""doy"": 179.0, ""topwt"": 44.43379878997803, ""grnwt"": 0.0, ""xlai"": 0.092175081372261, ""totir"": 0.0, ""tofer"": NaN, ""swfac"": 0.0, ""nstres"": 0.0}",0.0,0.0,44.43379878997803,0.0,0.092175081372261,0.0,,0.0,0.0,40.0,0.0,8.34381103515625,24.34381103515625,Leave_One_experiments/all_year_offline_schedule_search/daily_outputs/FQA/FQA_2015_FQA2015_stress_grid_S0011_daily.csv
FQA,FQA,Fengqiu,2015,Leave_One_experiments\wth_generated_qc\FQA\FQA2015.WTH,normal_year;water_stress_year;nitrogen_stress_year,water_stress,FQA2015_stress_grid_S0011,pareto_balanced,2015-06-29,180,24,19,"{""sim_day"": 24.0, ""doy"": 180.0, ""topwt"": 49.806861877441406, ""grnwt"": 0.0, ""xlai"": 0.1057277917861938, ""totir"": 0.0, ""tofer"": NaN, ""swfac"": 0.0, ""nstres"": 0.0}",0.0,0.0,49.806861877441406,0.0,0.1057277917861938,0.0,,0.0,0.0,40.0,0.0,8.34381103515625,24.34381103515625,Leave_One_experiments/all_year_offline_schedule_search/daily_outputs/FQA/FQA_2015_FQA2015_stress_grid_S0011_daily.csv
FQA,FQA,Fengqiu,2015,Leave_One_experiments\wth_generated_qc\FQA\FQA2015.WTH,normal_year;water_stress_year;nitrogen_stress_year,water_stress,FQA2015_stress_grid_S0011,pareto_balanced,2015-06-30,181,25,20,"{""sim_day"": 25.0, ""doy"": 181.0, ""topwt"": 59.02320861816406, ""grnwt"": 0.0, ""xlai"": 0.1279861629009246, ""totir"": 0.0, ""tofer"": NaN, ""swfac"": 0.0, ""nstres"": 0.0}",0.0,0.0,59.02320861816406,0.0,0.1279861629009246,0.0,,0.0,0.0,40.0,0.0,8.34381103515625,24.34381103515625,Leave_One_experiments/all_year_offline_schedule_search/daily_outputs/FQA/FQA_2015_FQA2015_stress_grid_S0011_daily.csv
FQA,FQA,Fengqiu,2015,Leave_One_experiments\wth_generated_qc\FQA\FQA2015.WTH,normal_year;water_stress_year;nitrogen_stress_year,water_stress,FQA2015_stress_grid_S0011,pareto_balanced,2015-07-01,182,26,21,"{""sim_day"": 26.0, ""doy"": 182.0, ""topwt"": 69.49834823608398, ""grnwt"": 0.0, ""xlai"": 0.1513942927122116, ""totir"": 0.0, ""tofer"": NaN, ""swfac"": 0.0, ""nstres"": 0.0}",0.0,0.0,69.49834823608398,0.0,0.1513942927122116,0.0,,0.0,0.0,40.0,0.0,8.34381103515625,24.34381103515625,Leave_One_experiments/all_year_offline_schedule_search/daily_outputs/FQA/FQA_2015_FQA2015_stress_grid_S0011_daily.csv
FQA,FQA,Fengqiu,2015,Leave_One_experiments\wth_generated_qc\FQA\FQA2015.WTH,normal_year;water_stress_year;nitrogen_stress_year,water_stress,FQA2015_stress_grid_S0011,pareto_balanced,2015-07-02,183,27,22,"{""sim_day"": 27.0, ""doy"": 183.0, ""topwt"": 81.71740531921387, ""grnwt"": 0.0, ""xlai"": 0.1789602190256118, ""totir"": 0.0, ""tofer"": NaN, ""swfac"": 0.0, ""nstres"": 0.0}",0.0,0.0,81.71740531921387,0.0,0.1789602190256118,0.0,,0.0,0.0,40.0,0.0,8.34381103515625,24.34381103515625,Leave_One_experiments/all_year_offline_schedule_search/daily_outputs/FQA/FQA_2015_FQA2015_stress_grid_S0011_daily.csv
FQA,FQA,Fengqiu,2015,Leave_One_experiments\wth_generated_qc\FQA\FQA2015.WTH,normal_year;water_stress_year;nitrogen_stress_year,water_stress,FQA2015_stress_grid_S0011,pareto_balanced,2015-07-03,184,28,23,"{""sim_day"": 28.0, ""doy"": 184.0, ""topwt"": 96.15229606628418, ""grnwt"": 0.0, ""xlai"": 0.2100505530834198, ""totir"": 0.0, ""tofer"": NaN, ""swfac"": 0.0, ""nstres"": 0.0}",0.0,0.0,96.15229606628418,0.0,0.2100505530834198,0.0,,0.0,0.0,40.0,0.0,8.34381103515625,24.34381103515625,Leave_One_experiments/all_year_offline_schedule_search/daily_outputs/FQA/FQA_2015_FQA2015_stress_grid_S0011_daily.csv
FQA,FQA,Fengqiu,2015,Leave_One_experiments\wth_generated_qc\FQA\FQA2015.WTH,normal_year;water_stress_year;nitrogen_stress_year,water_stress,FQA2015_stress_grid_S0011,pareto_balanced,2015-07-04,185,29,24,"{""sim_day"": 29.0, ""doy"": 185.0, ""topwt"": 112.35197067260742, ""grnwt"": 0.0, ""xlai"": 0.243364930152893, ""totir"": 0.0, ""tofer"": NaN, ""swfac"": 0.0, ""nstres"": 0.0}",0.0,0.0,112.35197067260742,0.0,0.243364930152893,0.0,,0.0,0.0,40.0,0.0,8.34381103515625,24.34381103515625,Leave_One_experiments/all_year_offline_schedule_search/daily_outputs/FQA/FQA_2015_FQA2015_stress_grid_S0011_daily.csv
FQA,FQA,Fengqiu,2015,Leave_One_experiments\wth_generated_qc\FQA\FQA2015.WTH,normal_year;water_stress_year;nitrogen_stress_year,water_stress,FQA2015_stress_grid_S0011,pareto_balanced,2015-07-05,186,30,25,"{""sim_day"": 30.0, ""doy"": 186.0, ""topwt"": 130.0790023803711, ""grnwt"": 0.0, ""xlai"": 0.2782142758369446, ""totir"": 0.0, ""tofer"": NaN, ""swfac"": 0.0, ""nstres"": 0.0}",0.0,0.0,130.0790023803711,0.0,0.2782142758369446,0.0,,0.0,0.0,40.0,0.0,8.34381103515625,24.34381103515625,Leave_One_experiments/all_year_offline_schedule_search/daily_outputs/FQA/FQA_2015_FQA2015_stress_grid_S0011_daily.csv
FQA,FQA,Fengqiu,2015,Leave_One_experiments\wth_generated_qc\FQA\FQA2015.WTH,normal_year;water_stress_year;nitrogen_stress_year,water_stress,FQA2015_stress_grid_S0011,pareto_balanced,2015-07-06,187,31,26,"{""sim_day"": 31.0, ""doy"": 187.0, ""topwt"": 149.008207321167, ""grnwt"": 0.0, ""xlai"": 0.3138489723205566, ""totir"": 0.0, ""tofer"": NaN, ""swfac"": 0.0, ""nstres"": 0.0}",0.0,0.0,149.008207321167,0.0,0.3138489723205566,0.0,,0.0,0.0,40.0,0.0,8.34381103515625,24.34381103515625,Leave_One_experiments/all_year_offline_schedule_search/daily_outputs/FQA/FQA_2015_FQA2015_stress_grid_S0011_daily.csv
FQA,FQA,Fengqiu,2015,Leave_One_experiments\wth_generated_qc\FQA\FQA2015.WTH,normal_year;water_stress_year;nitrogen_stress_year,water_stress,FQA2015_stress_grid_S0011,pareto_balanced,2015-07-07,188,32,27,"{""sim_day"": 32.0, ""doy"": 188.0, ""topwt"": 171.16817474365234, ""grnwt"": 0.0, ""xlai"": 0.3537605404853821, ""totir"": 0.0, ""tofer"": NaN, ""swfac"": 0.0, ""nstres"": 0.0}",0.0,0.0,171.16817474365234,0.0,0.3537605404853821,0.0,,0.0,0.0,40.0,0.0,8.34381103515625,24.34381103515625,Leave_One_experiments/all_year_offline_schedule_search/daily_outputs/FQA/FQA_2015_FQA2015_stress_grid_S0011_daily.csv
FQA,FQA,Fengqiu,2015,Leave_One_experiments\wth_generated_qc\FQA\FQA2015.WTH,normal_year;water_stress_year;nitrogen_stress_year,water_stress,FQA2015_stress_grid_S0011,pareto_balanced,2015-07-08,189,33,28,"{""sim_day"": 33.0, ""doy"": 189.0, ""topwt"": 197.0421028137207, ""grnwt"": 0.0, ""xlai"": 0.3982365727424621, ""totir"": 0.0, ""tofer"": NaN, ""swfac"": 0.0, ""nstres"": 0.0}",0.0,0.0,197.0421028137207,0.0,0.3982365727424621,0.0,,0.0,0.0,40.0,0.0,8.34381103515625,24.34381103515625,Leave_One_experiments/all_year_offline_schedule_search/daily_outputs/FQA/FQA_2015_FQA2015_stress_grid_S0011_daily.csv
FQA,FQA,Fengqiu,2015,Leave_One_experiments\wth_generated_qc\FQA\FQA2015.WTH,normal_year;water_stress_year;nitrogen_stress_year,water_stress,FQA2015_stress_grid_S0011,pareto_balanced,2015-07-09,190,34,29,"{""sim_day"": 34.0, ""doy"": 190.0, ""topwt"": 222.2428131103516, ""grnwt"": 0.0, ""xlai"": 0.4397056996822357, ""totir"": 0.0, ""tofer"": NaN, ""swfac"": 0.0, ""nstres"": 0.0}",0.0,0.0,222.2428131103516,0.0,0.4397056996822357,0.0,,0.0,0.0,40.0,0.0,8.34381103515625,24.34381103515625,Leave_One_experiments/all_year_offline_schedule_search/daily_outputs/FQA/FQA_2015_FQA2015_stress_grid_S0011_daily.csv
FQA,FQA,Fengqiu,2015,Leave_One_experiments\wth_generated_qc\FQA\FQA2015.WTH,normal_year;water_stress_year;nitrogen_stress_year,water_stress,FQA2015_stress_grid_S0011,pareto_balanced,2015-07-10,191,35,30,"{""sim_day"": 35.0, ""doy"": 191.0, ""topwt"": 256.03572845458984, ""grnwt"": 0.0, ""xlai"": 0.4926877915859222, ""totir"": 0.0, ""tofer"": NaN, ""swfac"": 0.0, ""nstres"": 0.0}",0.0,0.0,256.03572845458984,0.0,0.4926877915859222,0.0,,0.0,0.0,40.0,0.0,8.34381103515625,24.34381103515625,Leave_One_experiments/all_year_offline_schedule_search/daily_outputs/FQA/FQA_2015_FQA2015_stress_grid_S0011_daily.csv
FQA,FQA,Fengqiu,2015,Leave_One_experiments\wth_generated_qc\FQA\FQA2015.WTH,normal_year;water_stress_year;nitrogen_stress_year,water_stress,FQA2015_stress_grid_S0011,pareto_balanced,2015-07-11,192,36,31,"{""sim_day"": 36.0, ""doy"": 192.0, ""topwt"": 297.1929740905762, ""grnwt"": 0.0, ""xlai"": 0.5537985563278198, ""totir"": 0.0, ""tofer"": NaN, ""swfac"": 0.0, ""nstres"": 0.0}",0.0,0.0,297.1929740905762,0.0,0.5537985563278198,0.0,,0.0,0.0,40.0,0.0,8.34381103515625,24.34381103515625,Leave_One_experiments/all_year_offline_schedule_search/daily_outputs/FQA/FQA_2015_FQA2015_stress_grid_S0011_daily.csv
FQA,FQA,Fengqiu,2015,Leave_One_experiments\wth_generated_qc\FQA\FQA2015.WTH,normal_year;water_stress_year;nitrogen_stress_year,water_stress,FQA2015_stress_grid_S0011,pareto_balanced,2015-07-12,193,37,32,"{""sim_day"": 37.0, ""doy"": 193.0, ""topwt"": 346.29371643066406, ""grnwt"": 0.0, ""xlai"": 0.6225748658180237, ""totir"": 0.0, ""tofer"": NaN, ""swfac"": 0.0, ""nstres"": 0.0}",0.0,0.0,346.29371643066406,0.0,0.6225748658180237,0.0,,0.0,0.0,40.0,0.0,8.34381103515625,24.34381103515625,Leave_One_experiments/all_year_offline_schedule_search/daily_outputs/FQA/FQA_2015_FQA2015_stress_grid_S0011_daily.csv
FQA,FQA,Fengqiu,2015,Leave_One_experiments\wth_generated_qc\FQA\FQA2015.WTH,normal_year;water_stress_year;nitrogen_stress_year,water_stress,FQA2015_stress_grid_S0011,pareto_balanced,2015-07-13,194,38,33,"{""sim_day"": 38.0, ""doy"": 194.0, ""topwt"": 401.3577651977539, ""grnwt"": 0.0, ""xlai"": 0.6952734589576721, ""totir"": 0.0, ""tofer"": NaN, ""swfac"": 0.0, ""nstres"": 0.0}",0.0,0.0,401.3577651977539,0.0,0.6952734589576721,0.0,,0.0,0.0,40.0,0.0,8.34381103515625,24.34381103515625,Leave_One_experiments/all_year_offline_schedule_search/daily_outputs/FQA/FQA_2015_FQA2015_stress_grid_S0011_daily.csv
FQA,FQA,Fengqiu,2015,Leave_One_experiments\wth_generated_qc\FQA\FQA2015.WTH,normal_year;water_stress_year;nitrogen_stress_year,water_stress,FQA2015_stress_grid_S0011,pareto_balanced,2015-07-14,195,39,34,"{""sim_day"": 39.0, ""doy"": 195.0, ""topwt"": 435.25333404541016, ""grnwt"": 0.0, ""xlai"": 0.738189160823822, ""totir"": 0.0, ""tofer"": NaN, ""swfac"": 0.0, ""nstres"": 0.0}",0.0,0.0,435.25333404541016,0.0,0.738189160823822,0.0,,0.0,0.0,40.0,0.0,8.34381103515625,24.34381103515625,Leave_One_experiments/all_year_offline_schedule_search/daily_outputs/FQA/FQA_2015_FQA2015_stress_grid_S0011_daily.csv
FQA,FQA,Fengqiu,2015,Leave_One_experiments\wth_generated_qc\FQA\FQA2015.WTH,normal_year;water_stress_year;nitrogen_stress_year,water_stress,FQA2015_stress_grid_S0011,pareto_balanced,2015-07-15,196,40,35,"{""sim_day"": 40.0, ""doy"": 196.0, ""topwt"": 457.1157836914063, ""grnwt"": 0.0, ""xlai"": 0.7649902701377869, ""totir"": 0.0, ""tofer"": NaN, ""swfac"": 0.0, ""nstres"": 0.0}",0.0,0.0,457.1157836914063,0.0,0.7649902701377869,0.0,,0.0,0.0,40.0,0.0,8.34381103515625,24.34381103515625,Leave_One_experiments/all_year_offline_schedule_search/daily_outputs/FQA/FQA_2015_FQA2015_stress_grid_S0011_daily.csv
FQA,FQA,Fengqiu,2015,Leave_One_experiments\wth_generated_qc\FQA\FQA2015.WTH,normal_year;water_stress_year;nitrogen_stress_year,water_stress,FQA2015_stress_grid_S0011,pareto_balanced,2015-07-16,197,41,36,"{""sim_day"": 41.0, ""doy"": 197.0, ""topwt"": 503.9117431640625, ""grnwt"": 0.0, ""xlai"": 0.8195241093635559, ""totir"": 0.0, ""tofer"": NaN, ""swfac"": 0.0, ""nstres"": 0.0078443884849548}",0.0,0.0078443884849548,503.9117431640625,0.0,0.8195241093635559,0.0,,0.0,0.0,40.0,0.0,8.34381103515625,24.34381103515625,Leave_One_experiments/all_year_offline_schedule_search/daily_outputs/FQA/FQA_2015_FQA2015_stress_grid_S0011_daily.csv
FQA,FQA,Fengqiu,2015,Leave_One_experiments\wth_generated_qc\FQA\FQA2015.WTH,normal_year;water_stress_year;nitrogen_stress_year,water_stress,FQA2015_stress_grid_S0011,pareto_balanced,2015-07-17,198,42,37,"{""sim_day"": 42.0, ""doy"": 198.0, ""topwt"": 565.8713531494141, ""grnwt"": 0.0, ""xlai"": 0.8890205025672913, ""totir"": 0.0, ""tofer"": NaN, ""swfac"": 0.0, ""nstres"": 0.003293752670288}",0.0,0.003293752670288,565.8713531494141,0.0,0.8890205025672913,0.0,,0.0,0.0,40.0,0.0,8.34381103515625,24.34381103515625,Leave_One_experiments/all_year_offline_schedule_search/daily_outputs/FQA/FQA_2015_FQA2015_stress_grid_S0011_daily.csv
FQA,FQA,Fengqiu,2015,Leave_One_experiments\wth_generated_qc\FQA\FQA2015.WTH,normal_year;water_stress_year;nitrogen_stress_year,water_stress,FQA2015_stress_grid_S0011,pareto_balanced,2015-07-18,199,43,38,"{""sim_day"": 43.0, ""doy"": 199.0, ""topwt"": 625.5461120605469, ""grnwt"": 0.0, ""xlai"": 0.949121356010437, ""totir"": 0.0, ""tofer"": NaN, ""swfac"": 0.0, ""nstres"": 0.0343101024627685}",0.0,0.0343101024627685,625.5461120605469,0.0,0.949121356010437,0.0,,0.0,0.0,40.0,0.0,8.34381103515625,24.34381103515625,Leave_One_experiments/all_year_offline_schedule_search/daily_outputs/FQA/FQA_2015_FQA2015_stress_grid_S0011_daily.csv
FQA,FQA,Fengqiu,2015,Leave_One_experiments\wth_generated_qc\FQA\FQA2015.WTH,normal_year;water_stress_year;nitrogen_stress_year,water_stress,FQA2015_stress_grid_S0011,pareto_balanced,2015-07-19,200,44,39,"{""sim_day"": 44.0, ""doy"": 200.0, ""topwt"": 691.7627716064453, ""grnwt"": 0.0, ""xlai"": 1.0078721046447754, ""totir"": 0.0, ""tofer"": NaN, ""swfac"": 0.0, ""nstres"": 0.0710842609405517}",0.0,0.0710842609405517,691.7627716064453,0.0,1.0078721046447754,0.0,,0.0,0.0,40.0,0.0,8.34381103515625,24.34381103515625,Leave_One_experiments/all_year_offline_schedule_search/daily_outputs/FQA/FQA_2015_FQA2015_stress_grid_S0011_daily.csv
FQA,FQA,Fengqiu,2015,Leave_One_experiments\wth_generated_qc\FQA\FQA2015.WTH,normal_year;water_stress_year;nitrogen_stress_year,water_stress,FQA2015_stress_grid_S0011,pareto_balanced,2015-07-20,201,45,40,"{""sim_day"": 45.0, ""doy"": 201.0, ""topwt"": 760.3365325927734, ""grnwt"": 0.0, ""xlai"": 1.0614242553710938, ""totir"": 0.0, ""tofer"": NaN, ""swfac"": 0.0, ""nstres"": 0.0983494520187377}",0.0,0.0983494520187377,760.3365325927734,0.0,1.0614242553710938,0.0,,0.0,0.0,40.0,0.0,8.34381103515625,24.34381103515625,Leave_One_experiments/all_year_offline_schedule_search/daily_outputs/FQA/FQA_2015_FQA2015_stress_grid_S0011_daily.csv
FQA,FQA,Fengqiu,2015,Leave_One_experiments\wth_generated_qc\FQA\FQA2015.WTH,normal_year;water_stress_year;nitrogen_stress_year,water_stress,FQA2015_stress_grid_S0011,pareto_balanced,2015-07-21,202,46,41,"{""sim_day"": 46.0, ""doy"": 202.0, ""topwt"": 823.963623046875, ""grnwt"": 0.0, ""xlai"": 1.103260517120361, ""totir"": 0.0, ""tofer"": NaN, ""swfac"": 0.0, ""nstres"": 0.1235381364822387}",0.0,0.1235381364822387,823.963623046875,0.0,1.103260517120361,0.0,,0.0,0.0,40.0,0.0,8.34381103515625,24.34381103515625,Leave_One_experiments/all_year_offline_schedule_search/daily_outputs/FQA/FQA_2015_FQA2015_stress_grid_S0011_daily.csv
FQA,FQA,Fengqiu,2015,Leave_One_experiments\wth_generated_qc\FQA\FQA2015.WTH,normal_year;water_stress_year;nitrogen_stress_year,water_stress,FQA2015_stress_grid_S0011,pareto_balanced,2015-07-22,203,47,42,"{""sim_day"": 47.0, ""doy"": 203.0, ""topwt"": 887.7986145019531, ""grnwt"": 0.0, ""xlai"": 1.1391924619674685, ""totir"": 0.0, ""tofer"": NaN, ""swfac"": 0.0, ""nstres"": 0.1435470581054687}",0.0,0.1435470581054687,887.7986145019531,0.0,1.1391924619674685,0.0,,0.0,0.0,40.0,0.0,8.34381103515625,24.34381103515625,Leave_One_experiments/all_year_offline_schedule_search/daily_outputs/FQA/FQA_2015_FQA2015_stress_grid_S0011_daily.csv
FQA,FQA,Fengqiu,2015,Leave_One_experiments\wth_generated_qc\FQA\FQA2015.WTH,normal_year;water_stress_year;nitrogen_stress_year,water_stress,FQA2015_stress_grid_S0011,pareto_balanced,2015-07-23,204,48,43,"{""sim_day"": 48.0, ""doy"": 204.0, ""topwt"": 953.4120941162108, ""grnwt"": 0.0, ""xlai"": 1.171461820602417, ""totir"": 0.0, ""tofer"": NaN, ""swfac"": 0.0, ""nstres"": 0.157670795917511}",0.0,0.157670795917511,953.4120941162108,0.0,1.171461820602417,0.0,,0.0,0.0,40.0,0.0,8.34381103515625,24.34381103515625,Leave_One_experiments/all_year_offline_schedule_search/daily_outputs/FQA/FQA_2015_FQA2015_stress_grid_S0011_daily.csv
FQA,FQA,Fengqiu,2015,Leave_One_experiments\wth_generated_qc\FQA\FQA2015.WTH,normal_year;water_stress_year;nitrogen_stress_year,water_stress,FQA2015_stress_grid_S0011,pareto_balanced,2015-07-24,205,49,44,"{""sim_day"": 49.0, ""doy"": 205.0, ""topwt"": 1020.7231903076172, ""grnwt"": 0.0, ""xlai"": 1.200278639793396, ""totir"": 0.0, ""tofer"": NaN, ""swfac"": 0.0, ""nstres"": 0.1697701215744018}",0.0,0.1697701215744018,1020.7231903076172,0.0,1.200278639793396,0.0,,0.0,0.0,40.0,0.0,8.34381103515625,24.34381103515625,Leave_One_experiments/all_year_offline_schedule_search/daily_outputs/FQA/FQA_2015_FQA2015_stress_grid_S0011_daily.csv
FQA,FQA,Fengqiu,2015,Leave_One_experiments\wth_generated_qc\FQA\FQA2015.WTH,normal_year;water_stress_year;nitrogen_stress_year,water_stress,FQA2015_stress_grid_S0011,pareto_balanced,2015-07-25,206,50,45,"{""sim_day"": 50.0, ""doy"": 206.0, ""topwt"": 1166.5510559082031, ""grnwt"": 0.0, ""xlai"": 1.2163487672805786, ""totir"": 0.0, ""tofer"": NaN, ""swfac"": 0.0, ""nstres"": 0.181147813796997}",0.0,0.181147813796997,1166.5510559082031,0.0,1.2163487672805786,0.0,,0.0,0.0,40.0,0.0,8.34381103515625,24.34381103515625,Leave_One_experiments/all_year_offline_schedule_search/daily_outputs/FQA/FQA_2015_FQA2015_stress_grid_S0011_daily.csv
FQA,FQA,Fengqiu,2015,Leave_One_experiments\wth_generated_qc\FQA\FQA2015.WTH,normal_year;water_stress_year;nitrogen_stress_year,water_stress,FQA2015_stress_grid_S0011,pareto_balanced,2015-07-26,207,51,46,"{""sim_day"": 51.0, ""doy"": 207.0, ""topwt"": 1302.9566955566406, ""grnwt"": 0.0, ""xlai"": 1.2260849475860596, ""totir"": 0.0, ""tofer"": NaN, ""swfac"": 0.0, ""nstres"": 0.1910719275474548}",0.0,0.1910719275474548,1302.9566955566406,0.0,1.2260849475860596,0.0,,0.0,0.0,40.0,0.0,8.34381103515625,24.34381103515625,Leave_One_experiments/all_year_offline_schedule_search/daily_outputs/FQA/FQA_2015_FQA2015_stress_grid_S0011_daily.csv
FQA,FQA,Fengqiu,2015,Leave_One_experiments\wth_generated_qc\FQA\FQA2015.WTH,normal_year;water_stress_year;nitrogen_stress_year,water_stress,FQA2015_stress_grid_S0011,pareto_balanced,2015-07-27,208,52,47,"{""sim_day"": 52.0, ""doy"": 208.0, ""topwt"": 1427.864227294922, ""grnwt"": 0.0, ""xlai"": 1.2267613410949707, ""totir"": 0.0, ""tofer"": NaN, ""swfac"": 0.0, ""nstres"": 0.2527651190757751}",0.0,0.2527651190757751,1427.864227294922,0.0,1.2267613410949707,0.0,,0.0,0.0,40.0,0.0,8.34381103515625,24.34381103515625,Leave_One_experiments/all_year_offline_schedule_search/daily_outputs/FQA/FQA_2015_FQA2015_stress_grid_S0011_daily.csv
FQA,FQA,Fengqiu,2015,Leave_One_experiments\wth_generated_qc\FQA\FQA2015.WTH,normal_year;water_stress_year;nitrogen_stress_year,water_stress,FQA2015_stress_grid_S0011,pareto_balanced,2015-07-28,209,53,48,"{""sim_day"": 53.0, ""doy"": 209.0, ""topwt"": 1543.7336730957031, ""grnwt"": 0.0, ""xlai"": 1.2210931777954102, ""totir"": 0.0, ""tofer"": NaN, ""swfac"": 0.0, ""nstres"": 0.304303765296936}",0.0,0.304303765296936,1543.7336730957031,0.0,1.2210931777954102,0.0,,0.0,0.0,40.0,0.0,8.34381103515625,24.34381103515625,Leave_One_experiments/all_year_offline_schedule_search/daily_outputs/FQA/FQA_2015_FQA2015_stress_grid_S0011_daily.csv
FQA,FQA,Fengqiu,2015,Leave_One_experiments\wth_generated_qc\FQA\FQA2015.WTH,normal_year;water_stress_year;nitrogen_stress_year,water_stress,FQA2015_stress_grid_S0011,pareto_balanced,2015-07-29,210,54,49,"{""sim_day"": 54.0, ""doy"": 210.0, ""topwt"": 1652.024383544922, ""grnwt"": 0.0, ""xlai"": 1.2110358476638794, ""totir"": 0.0, ""tofer"": NaN, ""swfac"": 0.0, ""nstres"": 0.3350335359573364}",0.0,0.3350335359573364,1652.024383544922,0.0,1.2110358476638794,0.0,,0.0,0.0,40.0,0.0,8.34381103515625,24.34381103515625,Leave_One_experiments/all_year_offline_schedule_search/daily_outputs/FQA/FQA_2015_FQA2015_stress_grid_S0011_daily.csv
FQA,FQA,Fengqiu,2015,Leave_One_experiments\wth_generated_qc\FQA\FQA2015.WTH,normal_year;water_stress_year;nitrogen_stress_year,water_stress,FQA2015_stress_grid_S0011,pareto_balanced,2015-07-30,211,55,50,"{""sim_day"": 55.0, ""doy"": 211.0, ""topwt"": 1745.6494140625, ""grnwt"": 0.0, ""xlai"": 1.1965644359588623, ""totir"": 40.0, ""tofer"": NaN, ""swfac"": 0.0, ""nstres"": 0.3538377285003662}",0.0,0.3538377285003662,1745.6494140625,0.0,1.1965644359588623,40.0,,40.0,0.0,40.0,0.0,8.34381103515625,24.34381103515625,Leave_One_experiments/all_year_offline_schedule_search/daily_outputs/FQA/FQA_2015_FQA2015_stress_grid_S0011_daily.csv
FQA,FQA,Fengqiu,2015,Leave_One_experiments\wth_generated_qc\FQA\FQA2015.WTH,normal_year;water_stress_year;nitrogen_stress_year,water_stress,FQA2015_stress_grid_S0011,pareto_balanced,2015-07-31,212,56,51,"{""sim_day"": 56.0, ""doy"": 212.0, ""topwt"": 1841.3951110839844, ""grnwt"": 0.0, ""xlai"": 1.182369828224182, ""totir"": 40.0, ""tofer"": NaN, ""swfac"": 0.0, ""nstres"": 0.3674876093864441}",0.0,0.3674876093864441,1841.3951110839844,0.0,1.182369828224182,40.0,,0.0,0.0,40.0,0.0,8.34381103515625,24.34381103515625,Leave_One_experiments/all_year_offline_schedule_search/daily_outputs/FQA/FQA_2015_FQA2015_stress_grid_S0011_daily.csv
FQA,FQA,Fengqiu,2015,Leave_One_experiments\wth_generated_qc\FQA\FQA2015.WTH,normal_year;water_stress_year;nitrogen_stress_year,water_stress,FQA2015_stress_grid_S0011,pareto_balanced,2015-08-01,213,57,52,"{""sim_day"": 57.0, ""doy"": 213.0, ""topwt"": 1937.4668884277344, ""grnwt"": 0.0, ""xlai"": 1.1680574417114258, ""totir"": 40.0, ""tofer"": NaN, ""swfac"": 0.0, ""nstres"": 0.3800589442253113}",0.0,0.3800589442253113,1937.4668884277344,0.0,1.1680574417114258,40.0,,0.0,0.0,40.0,0.0,8.34381103515625,24.34381103515625,Leave_One_experiments/all_year_offline_schedule_search/daily_outputs/FQA/FQA_2015_FQA2015_stress_grid_S0011_daily.csv
FQA,FQA,Fengqiu,2015,Leave_One_experiments\wth_generated_qc\FQA\FQA2015.WTH,normal_year;water_stress_year;nitrogen_stress_year,water_stress,FQA2015_stress_grid_S0011,pareto_balanced,2015-08-02,214,58,53,"{""sim_day"": 58.0, ""doy"": 214.0, ""topwt"": 2028.4840393066409, ""grnwt"": 0.0, ""xlai"": 1.1524196863174438, ""totir"": 40.0, ""tofer"": NaN, ""swfac"": 0.0, ""nstres"": 0.3899163007736206}",0.0,0.3899163007736206,2028.4840393066409,0.0,1.1524196863174438,40.0,,0.0,0.0,40.0,0.0,8.34381103515625,24.34381103515625,Leave_One_experiments/all_year_offline_schedule_search/daily_outputs/FQA/FQA_2015_FQA2015_stress_grid_S0011_daily.csv
FQA,FQA,Fengqiu,2015,Leave_One_experiments\wth_generated_qc\FQA\FQA2015.WTH,normal_year;water_stress_year;nitrogen_stress_year,water_stress,FQA2015_stress_grid_S0011,pareto_balanced,2015-08-03,215,59,54,"{""sim_day"": 59.0, ""doy"": 215.0, ""topwt"": 2101.211700439453, ""grnwt"": 0.0, ""xlai"": 1.1324907541275024, ""totir"": 40.0, ""tofer"": NaN, ""swfac"": 0.0, ""nstres"": 0.3932178020477295}",0.0,0.3932178020477295,2101.211700439453,0.0,1.1324907541275024,40.0,,0.0,0.0,40.0,0.0,8.34381103515625,24.34381103515625,Leave_One_experiments/all_year_offline_schedule_search/daily_outputs/FQA/FQA_2015_FQA2015_stress_grid_S0011_daily.csv
FQA,FQA,Fengqiu,2015,Leave_One_experiments\wth_generated_qc\FQA\FQA2015.WTH,normal_year;water_stress_year;nitrogen_stress_year,water_stress,FQA2015_stress_grid_S0011,pareto_balanced,2015-08-04,216,60,55,"{""sim_day"": 60.0, ""doy"": 216.0, ""topwt"": 2156.5431213378906, ""grnwt"": 0.0, ""xlai"": 1.1090601682662964, ""totir"": 40.0, ""tofer"": NaN, ""swfac"": 0.0, ""nstres"": 0.3879434466361999}",0.0,0.3879434466361999,2156.5431213378906,0.0,1.1090601682662964,40.0,,0.0,0.0,40.0,0.0,8.34381103515625,24.34381103515625,Leave_One_experiments/all_year_offline_schedule_search/daily_outputs/FQA/FQA_2015_FQA2015_stress_grid_S0011_daily.csv
FQA,FQA,Fengqiu,2015,Leave_One_experiments\wth_generated_qc\FQA\FQA2015.WTH,normal_year;water_stress_year;nitrogen_stress_year,water_stress,FQA2015_stress_grid_S0011,pareto_balanced,2015-08-05,217,61,56,"{""sim_day"": 61.0, ""doy"": 217.0, ""topwt"": 2235.3619384765625, ""grnwt"": 0.0, ""xlai"": 1.092633605003357, ""totir"": 40.0, ""tofer"": NaN, ""swfac"": 0.0, ""nstres"": 0.3814733028411865}",0.0,0.3814733028411865,2235.3619384765625,0.0,1.092633605003357,40.0,,0.0,0.0,40.0,0.0,8.34381103515625,24.34381103515625,Leave_One_experiments/all_year_offline_schedule_search/daily_outputs/FQA/FQA_2015_FQA2015_stress_grid_S0011_daily.csv
FQA,FQA,Fengqiu,2015,Leave_One_experiments\wth_generated_qc\FQA\FQA2015.WTH,normal_year;water_stress_year;nitrogen_stress_year,water_stress,FQA2015_stress_grid_S0011,pareto_balanced,2015-08-06,218,62,57,"{""sim_day"": 62.0, ""doy"": 218.0, ""topwt"": 2346.244506835937, ""grnwt"": 0.0, ""xlai"": 1.0573458671569824, ""totir"": 40.0, ""tofer"": NaN, ""swfac"": 0.0, ""nstres"": 0.3751033544540405}",0.0,0.3751033544540405,2346.244506835937,0.0,1.0573458671569824,40.0,,0.0,0.0,40.0,0.0,8.34381103515625,24.34381103515625,Leave_One_experiments/all_year_offline_schedule_search/daily_outputs/FQA/FQA_2015_FQA2015_stress_grid_S0011_daily.csv
FQA,FQA,Fengqiu,2015,Leave_One_experiments\wth_generated_qc\FQA\FQA2015.WTH,normal_year;water_stress_year;nitrogen_stress_year,water_stress,FQA2015_stress_grid_S0011,pareto_balanced,2015-08-07,219,63,58,"{""sim_day"": 63.0, ""doy"": 219.0, ""topwt"": 2447.2930908203125, ""grnwt"": 0.0, ""xlai"": 1.023786544799805, ""totir"": 40.0, ""tofer"": NaN, ""swfac"": 0.0, ""nstres"": 0.3617409467697143}",0.0,0.3617409467697143,2447.2930908203125,0.0,1.023786544799805,40.0,,0.0,0.0,40.0,0.0,8.34381103515625,24.34381103515625,Leave_One_experiments/all_year_offline_schedule_search/daily_outputs/FQA/FQA_2015_FQA2015_stress_grid_S0011_daily.csv
FQA,FQA,Fengqiu,2015,Leave_One_experiments\wth_generated_qc\FQA\FQA2015.WTH,normal_year;water_stress_year;nitrogen_stress_year,water_stress,FQA2015_stress_grid_S0011,pareto_balanced,2015-08-08,220,64,59,"{""sim_day"": 64.0, ""doy"": 220.0, ""topwt"": 2541.2771606445312, ""grnwt"": 0.0, ""xlai"": 0.9912992119789124, ""totir"": 40.0, ""tofer"": NaN, ""swfac"": 0.0, ""nstres"": 0.3615776896476745}",0.0,0.3615776896476745,2541.2771606445312,0.0,0.9912992119789124,40.0,,0.0,0.0,40.0,0.0,8.34381103515625,24.34381103515625,Leave_One_experiments/all_year_offline_schedule_search/daily_outputs/FQA/FQA_2015_FQA2015_stress_grid_S0011_daily.csv
FQA,FQA,Fengqiu,2015,Leave_One_experiments\wth_generated_qc\FQA\FQA2015.WTH,normal_year;water_stress_year;nitrogen_stress_year,water_stress,FQA2015_stress_grid_S0011,pareto_balanced,2015-08-09,221,65,60,"{""sim_day"": 65.0, ""doy"": 221.0, ""topwt"": 2676.307373046875, ""grnwt"": 0.0, ""xlai"": 0.960049569606781, ""totir"": 40.0, ""tofer"": NaN, ""swfac"": 0.0, ""nstres"": 0.3565738201141357}",0.0,0.3565738201141357,2676.307373046875,0.0,0.960049569606781,40.0,,0.0,0.0,40.0,0.0,8.34381103515625,24.34381103515625,Leave_One_experiments/all_year_offline_schedule_search/daily_outputs/FQA/FQA_2015_FQA2015_stress_grid_S0011_daily.csv
FQA,FQA,Fengqiu,2015,Leave_One_experiments\wth_generated_qc\FQA\FQA2015.WTH,normal_year;water_stress_year;nitrogen_stress_year,water_stress,FQA2015_stress_grid_S0011,pareto_balanced,2015-08-10,222,66,61,"{""sim_day"": 66.0, ""doy"": 222.0, ""topwt"": 2771.1001586914062, ""grnwt"": 0.0, ""xlai"": 0.9301230311393738, ""totir"": 40.0, ""tofer"": NaN, ""swfac"": 0.0, ""nstres"": 0.348124623298645}",0.0,0.348124623298645,2771.1001586914062,0.0,0.9301230311393738,40.0,,0.0,0.0,40.0,0.0,8.34381103515625,24.34381103515625,Leave_One_experiments/all_year_offline_schedule_search/daily_outputs/FQA/FQA_2015_FQA2015_stress_grid_S0011_daily.csv
FQA,FQA,Fengqiu,2015,Leave_One_experiments\wth_generated_qc\FQA\FQA2015.WTH,normal_year;water_stress_year;nitrogen_stress_year,water_stress,FQA2015_stress_grid_S0011,pareto_balanced,2015-08-11,223,67,62,"{""sim_day"": 67.0, ""doy"": 223.0, ""topwt"": 2814.6148681640625, ""grnwt"": 0.0, ""xlai"": 0.9011192917823792, ""totir"": 40.0, ""tofer"": NaN, ""swfac"": 0.0, ""nstres"": 0.3483855128288269}",0.0,0.3483855128288269,2814.6148681640625,0.0,0.9011192917823792,40.0,,0.0,0.0,40.0,0.0,8.34381103515625,24.34381103515625,Leave_One_experiments/all_year_offline_schedule_search/daily_outputs/FQA/FQA_2015_FQA2015_stress_grid_S0011_daily.csv
FQA,FQA,Fengqiu,2015,Leave_One_experiments\wth_generated_qc\FQA\FQA2015.WTH,normal_year;water_stress_year;nitrogen_stress_year,water_stress,FQA2015_stress_grid_S0011,pareto_balanced,2015-08-12,224,68,63,"{""sim_day"": 68.0, ""doy"": 224.0, ""topwt"": 2927.3583984375, ""grnwt"": 0.0, ""xlai"": 0.8734272122383118, ""totir"": 40.0, ""tofer"": NaN, ""swfac"": 0.0, ""nstres"": 0.3375371694564819}",0.0,0.3375371694564819,2927.3583984375,0.0,0.8734272122383118,40.0,,0.0,0.0,40.0,0.0,8.34381103515625,24.34381103515625,Leave_One_experiments/all_year_offline_schedule_search/daily_outputs/FQA/FQA_2015_FQA2015_stress_grid_S0011_daily.csv
FQA,FQA,Fengqiu,2015,Leave_One_experiments\wth_generated_qc\FQA\FQA2015.WTH,normal_year;water_stress_year;nitrogen_stress_year,water_stress,FQA2015_stress_grid_S0011,pareto_balanced,2015-08-13,225,69,64,"{""sim_day"": 69.0, ""doy"": 225.0, ""topwt"": 2994.0643310546875, ""grnwt"": 0.0, ""xlai"": 0.8474826216697693, ""totir"": 40.0, ""tofer"": NaN, ""swfac"": 0.0, ""nstres"": 0.3129053711891174}",0.0,0.3129053711891174,2994.0643310546875,0.0,0.8474826216697693,40.0,,0.0,0.0,40.0,0.0,8.34381103515625,24.34381103515625,Leave_One_experiments/all_year_offline_schedule_search/daily_outputs/FQA/FQA_2015_FQA2015_stress_grid_S0011_daily.csv
FQA,FQA,Fengqiu,2015,Leave_One_experiments\wth_generated_qc\FQA\FQA2015.WTH,normal_year;water_stress_year;nitrogen_stress_year,water_stress,FQA2015_stress_grid_S0011,pareto_balanced,2015-08-14,226,70,65,"{""sim_day"": 70.0, ""doy"": 226.0, ""topwt"": 3094.4024658203125, ""grnwt"": 0.0, ""xlai"": 0.8225910067558289, ""totir"": 40.0, ""tofer"": NaN, ""swfac"": 0.0, ""nstres"": 0.3049103021621704}",0.0,0.3049103021621704,3094.4024658203125,0.0,0.8225910067558289,40.0,,0.0,0.0,40.0,0.0,8.34381103515625,24.34381103515625,Leave_One_experiments/all_year_offline_schedule_search/daily_outputs/FQA/FQA_2015_FQA2015_stress_grid_S0011_daily.csv
FQA,FQA,Fengqiu,2015,Leave_One_experiments\wth_generated_qc\FQA\FQA2015.WTH,normal_year;water_stress_year;nitrogen_stress_year,water_stress,FQA2015_stress_grid_S0011,pareto_balanced,2015-08-15,227,71,66,"{""sim_day"": 71.0, ""doy"": 227.0, ""topwt"": 3240.589904785156, ""grnwt"": 230.61859130859372, ""xlai"": 0.799278974533081, ""totir"": 40.0, ""tofer"": NaN, ""swfac"": 0.0, ""nstres"": 0.2801536917686462}",0.0,0.2801536917686462,3240.589904785156,230.61859130859372,0.799278974533081,40.0,,0.0,0.0,40.0,0.0,8.34381103515625,24.34381103515625,Leave_One_experiments/all_year_offline_schedule_search/daily_outputs/FQA/FQA_2015_FQA2015_stress_grid_S0011_daily.csv
FQA,FQA,Fengqiu,2015,Leave_One_experiments\wth_generated_qc\FQA\FQA2015.WTH,normal_year;water_stress_year;nitrogen_stress_year,water_stress,FQA2015_stress_grid_S0011,pareto_balanced,2015-08-16,228,72,67,"{""sim_day"": 72.0, ""doy"": 228.0, ""topwt"": 3321.508178710937, ""grnwt"": 326.8495559692383, ""xlai"": 0.773852527141571, ""totir"": 40.0, ""tofer"": NaN, ""swfac"": 0.0, ""nstres"": 0.3634806871414184}",0.0,0.3634806871414184,3321.508178710937,326.8495559692383,0.773852527141571,40.0,,0.0,0.0,40.0,0.0,8.34381103515625,24.34381103515625,Leave_One_experiments/all_year_offline_schedule_search/daily_outputs/FQA/FQA_2015_FQA2015_stress_grid_S0011_daily.csv
FQA,FQA,Fengqiu,2015,Leave_One_experiments\wth_generated_qc\FQA\FQA2015.WTH,normal_year;water_stress_year;nitrogen_stress_year,water_stress,FQA2015_stress_grid_S0011,pareto_balanced,2015-08-17,229,73,68,"{""sim_day"": 73.0, ""doy"": 229.0, ""topwt"": 3376.6915893554688, ""grnwt"": 423.0805206298828, ""xlai"": 0.750150740146637, ""totir"": 40.0, ""tofer"": NaN, ""swfac"": 0.0, ""nstres"": 0.3350793719291687}",0.0,0.3350793719291687,3376.6915893554688,423.0805206298828,0.750150740146637,40.0,,0.0,0.0,40.0,0.0,8.34381103515625,24.34381103515625,Leave_One_experiments/all_year_offline_schedule_search/daily_outputs/FQA/FQA_2015_FQA2015_stress_grid_S0011_daily.csv
FQA,FQA,Fengqiu,2015,Leave_One_experiments\wth_generated_qc\FQA\FQA2015.WTH,normal_year;water_stress_year;nitrogen_stress_year,water_stress,FQA2015_stress_grid_S0011,pareto_balanced,2015-08-18,230,74,69,"{""sim_day"": 74.0, ""doy"": 230.0, ""topwt"": 3429.5880126953125, ""grnwt"": 519.3114852905273, ""xlai"": 0.7272316217422485, ""totir"": 40.0, ""tofer"": NaN, ""swfac"": 0.0, ""nstres"": 0.3332651257514953}",0.0,0.3332651257514953,3429.5880126953125,519.3114852905273,0.7272316217422485,40.0,,0.0,0.0,40.0,0.0,8.34381103515625,24.34381103515625,Leave_One_experiments/all_year_offline_schedule_search/daily_outputs/FQA/FQA_2015_FQA2015_stress_grid_S0011_daily.csv
FQA,FQA,Fengqiu,2015,Leave_One_experiments\wth_generated_qc\FQA\FQA2015.WTH,normal_year;water_stress_year;nitrogen_stress_year,water_stress,FQA2015_stress_grid_S0011,pareto_balanced,2015-08-19,231,75,70,"{""sim_day"": 75.0, ""doy"": 231.0, ""topwt"": 3520.010986328125, ""grnwt"": 615.5424499511719, ""xlai"": 0.7053695321083069, ""totir"": 40.0, ""tofer"": NaN, ""swfac"": 0.0, ""nstres"": 0.321491003036499}",0.0,0.321491003036499,3520.010986328125,615.5424499511719,0.7053695321083069,40.0,,0.0,0.0,40.0,0.0,8.34381103515625,24.34381103515625,Leave_One_experiments/all_year_offline_schedule_search/daily_outputs/FQA/FQA_2015_FQA2015_stress_grid_S0011_daily.csv
FQA,FQA,Fengqiu,2015,Leave_One_experiments\wth_generated_qc\FQA\FQA2015.WTH,normal_year;water_stress_year;nitrogen_stress_year,water_stress,FQA2015_stress_grid_S0011,pareto_balanced,2015-08-20,232,76,71,"{""sim_day"": 76.0, ""doy"": 232.0, ""topwt"": 3613.2904052734375, ""grnwt"": 711.7734527587891, ""xlai"": 0.6845268607139587, ""totir"": 40.0, ""tofer"": NaN, ""swfac"": 0.0, ""nstres"": 0.3091645836830139}",0.0,0.3091645836830139,3613.2904052734375,711.7734527587891,0.6845268607139587,40.0,,0.0,0.0,40.0,0.0,8.34381103515625,24.34381103515625,Leave_One_experiments/all_year_offline_schedule_search/daily_outputs/FQA/FQA_2015_FQA2015_stress_grid_S0011_daily.csv
FQA,FQA,Fengqiu,2015,Leave_One_experiments\wth_generated_qc\FQA\FQA2015.WTH,normal_year;water_stress_year;nitrogen_stress_year,water_stress,FQA2015_stress_grid_S0011,pareto_balanced,2015-08-21,233,77,72,"{""sim_day"": 77.0, ""doy"": 233.0, ""topwt"": 3703.7152099609375, ""grnwt"": 808.0044555664062, ""xlai"": 0.664151132106781, ""totir"": 40.0, ""tofer"": NaN, ""swfac"": 0.0, ""nstres"": 0.3143858909606933}",0.0,0.3143858909606933,3703.7152099609375,808.0044555664062,0.664151132106781,40.0,,0.0,0.0,40.0,0.0,8.34381103515625,24.34381103515625,Leave_One_experiments/all_year_offline_schedule_search/daily_outputs/FQA/FQA_2015_FQA2015_stress_grid_S0011_daily.csv
FQA,FQA,Fengqiu,2015,Leave_One_experiments\wth_generated_qc\FQA\FQA2015.WTH,normal_year;water_stress_year;nitrogen_stress_year,water_stress,FQA2015_stress_grid_S0011,pareto_balanced,2015-08-22,234,78,73,"{""sim_day"": 78.0, ""doy"": 234.0, ""topwt"": 3791.344604492188, ""grnwt"": 904.2354583740234, ""xlai"": 0.6442391276359558, ""totir"": 40.0, ""tofer"": NaN, ""swfac"": 0.0, ""nstres"": 0.3195474743843078}",0.0,0.3195474743843078,3791.344604492188,904.2354583740234,0.6442391276359558,40.0,,0.0,0.0,40.0,0.0,8.34381103515625,24.34381103515625,Leave_One_experiments/all_year_offline_schedule_search/daily_outputs/FQA/FQA_2015_FQA2015_stress_grid_S0011_daily.csv
FQA,FQA,Fengqiu,2015,Leave_One_experiments\wth_generated_qc\FQA\FQA2015.WTH,normal_year;water_stress_year;nitrogen_stress_year,water_stress,FQA2015_stress_grid_S0011,pareto_balanced,2015-08-23,235,79,74,"{""sim_day"": 79.0, ""doy"": 235.0, ""topwt"": 3875.6988525390634, ""grnwt"": 1000.4664611816406, ""xlai"": 0.6246721744537354, ""totir"": 40.0, ""tofer"": NaN, ""swfac"": 0.0, ""nstres"": 0.3289339542388916}",0.0,0.3289339542388916,3875.6988525390634,1000.4664611816406,0.6246721744537354,40.0,,0.0,0.0,40.0,0.0,8.34381103515625,24.34381103515625,Leave_One_experiments/all_year_offline_schedule_search/daily_outputs/FQA/FQA_2015_FQA2015_stress_grid_S0011_daily.csv
FQA,FQA,Fengqiu,2015,Leave_One_experiments\wth_generated_qc\FQA\FQA2015.WTH,normal_year;water_stress_year;nitrogen_stress_year,water_stress,FQA2015_stress_grid_S0011,pareto_balanced,2015-08-24,236,80,75,"{""sim_day"": 80.0, ""doy"": 236.0, ""topwt"": 3957.053833007813, ""grnwt"": 1096.6974639892578, ""xlai"": 0.6054995059967041, ""totir"": 40.0, ""tofer"": NaN, ""swfac"": 0.0, ""nstres"": 0.336616039276123}",0.0,0.336616039276123,3957.053833007813,1096.6974639892578,0.6054995059967041,40.0,,0.0,0.0,40.0,0.0,8.34381103515625,24.34381103515625,Leave_One_experiments/all_year_offline_schedule_search/daily_outputs/FQA/FQA_2015_FQA2015_stress_grid_S0011_daily.csv
FQA,FQA,Fengqiu,2015,Leave_One_experiments\wth_generated_qc\FQA\FQA2015.WTH,normal_year;water_stress_year;nitrogen_stress_year,water_stress,FQA2015_stress_grid_S0011,pareto_balanced,2015-08-25,237,81,76,"{""sim_day"": 81.0, ""doy"": 237.0, ""topwt"": 4036.097412109375, ""grnwt"": 1192.928466796875, ""xlai"": 0.5868536233901978, ""totir"": 40.0, ""tofer"": NaN, ""swfac"": 0.0, ""nstres"": 0.339060366153717}",0.0,0.339060366153717,4036.097412109375,1192.928466796875,0.5868536233901978,40.0,,0.0,0.0,40.0,0.0,8.34381103515625,24.34381103515625,Leave_One_experiments/all_year_offline_schedule_search/daily_outputs/FQA/FQA_2015_FQA2015_stress_grid_S0011_daily.csv
FQA,FQA,Fengqiu,2015,Leave_One_experiments\wth_generated_qc\FQA\FQA2015.WTH,normal_year;water_stress_year;nitrogen_stress_year,water_stress,FQA2015_stress_grid_S0011,pareto_balanced,2015-08-26,238,82,77,"{""sim_day"": 82.0, ""doy"": 238.0, ""topwt"": 4123.35205078125, ""grnwt"": 1289.1593933105469, ""xlai"": 0.5686927437782288, ""totir"": 40.0, ""tofer"": NaN, ""swfac"": 0.0, ""nstres"": 0.3427084684371948}",0.0,0.3427084684371948,4123.35205078125,1289.1593933105469,0.5686927437782288,40.0,,0.0,0.0,40.0,0.0,8.34381103515625,24.34381103515625,Leave_One_experiments/all_year_offline_schedule_search/daily_outputs/FQA/FQA_2015_FQA2015_stress_grid_S0011_daily.csv
FQA,FQA,Fengqiu,2015,Leave_One_experiments\wth_generated_qc\FQA\FQA2015.WTH,normal_year;water_stress_year;nitrogen_stress_year,water_stress,FQA2015_stress_grid_S0011,pareto_balanced,2015-08-27,239,83,78,"{""sim_day"": 83.0, ""doy"": 239.0, ""topwt"": 4209.101257324219, ""grnwt"": 1385.3903198242188, ""xlai"": 0.5510589480400085, ""totir"": 40.0, ""tofer"": NaN, ""swfac"": 0.0, ""nstres"": 0.3441798686981201}",0.0,0.3441798686981201,4209.101257324219,1385.3903198242188,0.5510589480400085,40.0,,0.0,0.0,40.0,0.0,8.34381103515625,24.34381103515625,Leave_One_experiments/all_year_offline_schedule_search/daily_outputs/FQA/FQA_2015_FQA2015_stress_grid_S0011_daily.csv
FQA,FQA,Fengqiu,2015,Leave_One_experiments\wth_generated_qc\FQA\FQA2015.WTH,normal_year;water_stress_year;nitrogen_stress_year,water_stress,FQA2015_stress_grid_S0011,pareto_balanced,2015-08-28,240,84,79,"{""sim_day"": 84.0, ""doy"": 240.0, ""topwt"": 4283.5784912109375, ""grnwt"": 1481.6212463378906, ""xlai"": 0.5338185429573059, ""totir"": 40.0, ""tofer"": NaN, ""swfac"": 0.0, ""nstres"": 0.3508653044700622}",0.0,0.3508653044700622,4283.5784912109375,1481.6212463378906,0.5338185429573059,40.0,,0.0,0.0,40.0,0.0,8.34381103515625,24.34381103515625,Leave_One_experiments/all_year_offline_schedule_search/daily_outputs/FQA/FQA_2015_FQA2015_stress_grid_S0011_daily.csv
FQA,FQA,Fengqiu,2015,Leave_One_experiments\wth_generated_qc\FQA\FQA2015.WTH,normal_year;water_stress_year;nitrogen_stress_year,water_stress,FQA2015_stress_grid_S0011,pareto_balanced,2015-08-29,241,85,80,"{""sim_day"": 85.0, ""doy"": 241.0, ""topwt"": 4350.001831054688, ""grnwt"": 1577.8521728515625, ""xlai"": 0.5169801712036133, ""totir"": 40.0, ""tofer"": NaN, ""swfac"": 0.0, ""nstres"": 0.3570373654365539}",0.0,0.3570373654365539,4350.001831054688,1577.8521728515625,0.5169801712036133,40.0,,0.0,0.0,40.0,0.0,8.34381103515625,24.34381103515625,Leave_One_experiments/all_year_offline_schedule_search/daily_outputs/FQA/FQA_2015_FQA2015_stress_grid_S0011_daily.csv
FQA,FQA,Fengqiu,2015,Leave_One_experiments\wth_generated_qc\FQA\FQA2015.WTH,normal_year;water_stress_year;nitrogen_stress_year,water_stress,FQA2015_stress_grid_S0011,pareto_balanced,2015-08-30,242,86,81,"{""sim_day"": 86.0, ""doy"": 242.0, ""topwt"": 4417.731628417969, ""grnwt"": 1674.0830993652344, ""xlai"": 0.5007157921791077, ""totir"": 40.0, ""tofer"": NaN, ""swfac"": 0.0, ""nstres"": 0.3550479412078857}",0.0,0.3550479412078857,4417.731628417969,1674.0830993652344,0.5007157921791077,40.0,,0.0,0.0,40.0,0.0,8.34381103515625,24.34381103515625,Leave_One_experiments/all_year_offline_schedule_search/daily_outputs/FQA/FQA_2015_FQA2015_stress_grid_S0011_daily.csv
FQA,FQA,Fengqiu,2015,Leave_One_experiments\wth_generated_qc\FQA\FQA2015.WTH,normal_year;water_stress_year;nitrogen_stress_year,water_stress,FQA2015_stress_grid_S0011,pareto_balanced,2015-08-31,243,87,82,"{""sim_day"": 87.0, ""doy"": 243.0, ""topwt"": 4492.294616699219, ""grnwt"": 1770.3140258789062, ""xlai"": 0.4849421679973602, ""totir"": 40.0, ""tofer"": NaN, ""swfac"": 0.0, ""nstres"": 0.3560535907745361}",0.0,0.3560535907745361,4492.294616699219,1770.3140258789062,0.4849421679973602,40.0,,0.0,0.0,40.0,0.0,8.34381103515625,24.34381103515625,Leave_One_experiments/all_year_offline_schedule_search/daily_outputs/FQA/FQA_2015_FQA2015_stress_grid_S0011_daily.csv
FQA,FQA,Fengqiu,2015,Leave_One_experiments\wth_generated_qc\FQA\FQA2015.WTH,normal_year;water_stress_year;nitrogen_stress_year,water_stress,FQA2015_stress_grid_S0011,pareto_balanced,2015-09-01,244,88,83,"{""sim_day"": 88.0, ""doy"": 244.0, ""topwt"": 4572.540283203125, ""grnwt"": 1866.544952392578, ""xlai"": 0.469471663236618, ""totir"": 40.0, ""tofer"": NaN, ""swfac"": 0.0, ""nstres"": 0.3656406998634338}",0.0,0.3656406998634338,4572.540283203125,1866.544952392578,0.469471663236618,40.0,,0.0,0.0,40.0,0.0,8.34381103515625,24.34381103515625,Leave_One_experiments/all_year_offline_schedule_search/daily_outputs/FQA/FQA_2015_FQA2015_stress_grid_S0011_daily.csv
FQA,FQA,Fengqiu,2015,Leave_One_experiments\wth_generated_qc\FQA\FQA2015.WTH,normal_year;water_stress_year;nitrogen_stress_year,water_stress,FQA2015_stress_grid_S0011,pareto_balanced,2015-09-02,245,89,84,"{""sim_day"": 89.0, ""doy"": 245.0, ""topwt"": 4640.87158203125, ""grnwt"": 1962.77587890625, ""xlai"": 0.4542751908302307, ""totir"": 40.0, ""tofer"": NaN, ""swfac"": 0.0, ""nstres"": 0.3768616318702698}",0.0,0.3768616318702698,4640.87158203125,1962.77587890625,0.4542751908302307,40.0,,0.0,0.0,40.0,0.0,8.34381103515625,24.34381103515625,Leave_One_experiments/all_year_offline_schedule_search/daily_outputs/FQA/FQA_2015_FQA2015_stress_grid_S0011_daily.csv
FQA,FQA,Fengqiu,2015,Leave_One_experiments\wth_generated_qc\FQA\FQA2015.WTH,normal_year;water_stress_year;nitrogen_stress_year,water_stress,FQA2015_stress_grid_S0011,pareto_balanced,2015-09-03,246,90,85,"{""sim_day"": 90.0, ""doy"": 246.0, ""topwt"": 4651.8597412109375, ""grnwt"": 2059.006805419922, ""xlai"": 0.4392358362674713, ""totir"": 40.0, ""tofer"": NaN, ""swfac"": 0.0, ""nstres"": 0.3945497274398803}",0.0,0.3945497274398803,4651.8597412109375,2059.006805419922,0.4392358362674713,40.0,,0.0,0.0,40.0,0.0,8.34381103515625,24.34381103515625,Leave_One_experiments/all_year_offline_schedule_search/daily_outputs/FQA/FQA_2015_FQA2015_stress_grid_S0011_daily.csv
FQA,FQA,Fengqiu,2015,Leave_One_experiments\wth_generated_qc\FQA\FQA2015.WTH,normal_year;water_stress_year;nitrogen_stress_year,water_stress,FQA2015_stress_grid_S0011,pareto_balanced,2015-09-04,247,91,86,"{""sim_day"": 91.0, ""doy"": 247.0, ""topwt"": 4700.4052734375, ""grnwt"": 2155.2377319335938, ""xlai"": 0.4245820343494415, ""totir"": 40.0, ""tofer"": NaN, ""swfac"": 0.0, ""nstres"": 0.4006916284561157}",0.0,0.4006916284561157,4700.4052734375,2155.2377319335938,0.4245820343494415,40.0,,0.0,0.0,40.0,0.0,8.34381103515625,24.34381103515625,Leave_One_experiments/all_year_offline_schedule_search/daily_outputs/FQA/FQA_2015_FQA2015_stress_grid_S0011_daily.csv
FQA,FQA,Fengqiu,2015,Leave_One_experiments\wth_generated_qc\FQA\FQA2015.WTH,normal_year;water_stress_year;nitrogen_stress_year,water_stress,FQA2015_stress_grid_S0011,pareto_balanced,2015-09-05,248,92,87,"{""sim_day"": 92.0, ""doy"": 248.0, ""topwt"": 4738.450622558594, ""grnwt"": 2251.4686584472656, ""xlai"": 0.4108467698097229, ""totir"": 40.0, ""tofer"": NaN, ""swfac"": 0.0, ""nstres"": 0.3764024376869201}",0.0,0.3764024376869201,4738.450622558594,2251.4686584472656,0.4108467698097229,40.0,,0.0,0.0,40.0,0.0,8.34381103515625,24.34381103515625,Leave_One_experiments/all_year_offline_schedule_search/daily_outputs/FQA/FQA_2015_FQA2015_stress_grid_S0011_daily.csv
FQA,FQA,Fengqiu,2015,Leave_One_experiments\wth_generated_qc\FQA\FQA2015.WTH,normal_year;water_stress_year;nitrogen_stress_year,water_stress,FQA2015_stress_grid_S0011,pareto_balanced,2015-09-06,249,93,88,"{""sim_day"": 93.0, ""doy"": 249.0, ""topwt"": 4811.912536621094, ""grnwt"": 2347.699584960937, ""xlai"": 0.3975311517715454, ""totir"": 40.0, ""tofer"": NaN, ""swfac"": 0.0, ""nstres"": 0.3778432607650757}",0.0,0.3778432607650757,4811.912536621094,2347.699584960937,0.3975311517715454,40.0,,0.0,0.0,40.0,0.0,8.34381103515625,24.34381103515625,Leave_One_experiments/all_year_offline_schedule_search/daily_outputs/FQA/FQA_2015_FQA2015_stress_grid_S0011_daily.csv
FQA,FQA,Fengqiu,2015,Leave_One_experiments\wth_generated_qc\FQA\FQA2015.WTH,normal_year;water_stress_year;nitrogen_stress_year,water_stress,FQA2015_stress_grid_S0011,pareto_balanced,2015-09-07,250,94,89,"{""sim_day"": 94.0, ""doy"": 250.0, ""topwt"": 4858.165893554688, ""grnwt"": 2443.9305114746094, ""xlai"": 0.3847231268882751, ""totir"": 40.0, ""tofer"": NaN, ""swfac"": 0.0, ""nstres"": 0.373250663280487}",0.0,0.373250663280487,4858.165893554688,2443.9305114746094,0.3847231268882751,40.0,,0.0,0.0,40.0,0.0,8.34381103515625,24.34381103515625,Leave_One_experiments/all_year_offline_schedule_search/daily_outputs/FQA/FQA_2015_FQA2015_stress_grid_S0011_daily.csv
FQA,FQA,Fengqiu,2015,Leave_One_experiments\wth_generated_qc\FQA\FQA2015.WTH,normal_year;water_stress_year;nitrogen_stress_year,water_stress,FQA2015_stress_grid_S0011,pareto_balanced,2015-09-08,251,95,90,"{""sim_day"": 95.0, ""doy"": 251.0, ""topwt"": 4882.39501953125, ""grnwt"": 2540.161437988281, ""xlai"": 0.3720424771308899, ""totir"": 40.0, ""tofer"": NaN, ""swfac"": 0.0, ""nstres"": 0.3910523653030395}",0.0,0.3910523653030395,4882.39501953125,2540.161437988281,0.3720424771308899,40.0,,0.0,0.0,40.0,0.0,8.34381103515625,24.34381103515625,Leave_One_experiments/all_year_offline_schedule_search/daily_outputs/FQA/FQA_2015_FQA2015_stress_grid_S0011_daily.csv
FQA,FQA,Fengqiu,2015,Leave_One_experiments\wth_generated_qc\FQA\FQA2015.WTH,normal_year;water_stress_year;nitrogen_stress_year,water_stress,FQA2015_stress_grid_S0011,pareto_balanced,2015-09-09,252,96,91,"{""sim_day"": 96.0, ""doy"": 252.0, ""topwt"": 4919.644775390625, ""grnwt"": 2636.392517089844, ""xlai"": 0.3597979545593261, ""totir"": 40.0, ""tofer"": NaN, ""swfac"": 0.0, ""nstres"": 0.3898828029632568}",0.0,0.3898828029632568,4919.644775390625,2636.392517089844,0.3597979545593261,40.0,,0.0,0.0,40.0,0.0,8.34381103515625,24.34381103515625,Leave_One_experiments/all_year_offline_schedule_search/daily_outputs/FQA/FQA_2015_FQA2015_stress_grid_S0011_daily.csv
FQA,FQA,Fengqiu,2015,Leave_One_experiments\wth_generated_qc\FQA\FQA2015.WTH,normal_year;water_stress_year;nitrogen_stress_year,water_stress,FQA2015_stress_grid_S0011,pareto_balanced,2015-09-10,253,97,92,"{""sim_day"": 97.0, ""doy"": 253.0, ""topwt"": 4955.528259277344, ""grnwt"": 2732.6235961914062, ""xlai"": 0.3481976389884949, ""totir"": 40.0, ""tofer"": NaN, ""swfac"": 0.0, ""nstres"": 0.3737853765487671}",0.0,0.3737853765487671,4955.528259277344,2732.6235961914062,0.3481976389884949,40.0,,0.0,0.0,40.0,0.0,8.34381103515625,24.34381103515625,Leave_One_experiments/all_year_offline_schedule_search/daily_outputs/FQA/FQA_2015_FQA2015_stress_grid_S0011_daily.csv
FQA,FQA,Fengqiu,2015,Leave_One_experiments\wth_generated_qc\FQA\FQA2015.WTH,normal_year;water_stress_year;nitrogen_stress_year,water_stress,FQA2015_stress_grid_S0011,pareto_balanced,2015-09-11,254,98,93,"{""sim_day"": 98.0, ""doy"": 254.0, ""topwt"": 5020.0726318359375, ""grnwt"": 2798.59619140625, ""xlai"": 0.3370172679424286, ""totir"": 40.0, ""tofer"": NaN, ""swfac"": 0.0, ""nstres"": 0.3706227540969848}",0.0,0.3706227540969848,5020.0726318359375,2798.59619140625,0.3370172679424286,40.0,,0.0,0.0,40.0,0.0,8.34381103515625,24.34381103515625,Leave_One_experiments/all_year_offline_schedule_search/daily_outputs/FQA/FQA_2015_FQA2015_stress_grid_S0011_daily.csv
FQA,FQA,Fengqiu,2015,Leave_One_experiments\wth_generated_qc\FQA\FQA2015.WTH,normal_year;water_stress_year;nitrogen_stress_year,water_stress,FQA2015_stress_grid_S0011,pareto_balanced,2015-09-12,255,99,94,"{""sim_day"": 99.0, ""doy"": 255.0, ""topwt"": 5055.8575439453125, ""grnwt"": 2834.381103515625, ""xlai"": 0.3267062306404114, ""totir"": 40.0, ""tofer"": NaN, ""swfac"": 0.0, ""nstres"": 0.3342781066894531}",0.0,0.3342781066894531,5055.8575439453125,2834.381103515625,0.3267062306404114,40.0,,0.0,0.0,40.0,0.0,8.34381103515625,24.34381103515625,Leave_One_experiments/all_year_offline_schedule_search/daily_outputs/FQA/FQA_2015_FQA2015_stress_grid_S0011_daily.csv
FQA,FQA,Fengqiu,2015,Leave_One_experiments\wth_generated_qc\FQA\FQA2015.WTH,normal_year;water_stress_year;nitrogen_stress_year,water_stress,FQA2015_stress_grid_S0011,pareto_balanced,2015-09-13,256,100,95,"{""sim_day"": 100.0, ""doy"": 256.0, ""topwt"": 5055.8575439453125, ""grnwt"": 2834.381103515625, ""xlai"": 0.3267062306404114, ""totir"": 40.0, ""tofer"": NaN, ""swfac"": 0.0, ""nstres"": 0.3152355551719665}",0.0,0.3152355551719665,5055.8575439453125,2834.381103515625,0.3267062306404114,40.0,,0.0,0.0,40.0,0.0,8.34381103515625,24.34381103515625,Leave_One_experiments/all_year_offline_schedule_search/daily_outputs/FQA/FQA_2015_FQA2015_stress_grid_S0011_daily.csv
FQA,FQA,Fengqiu,2015,Leave_One_experiments\wth_generated_qc\FQA\FQA2015.WTH,normal_year;water_stress_year;nitrogen_stress_year,water_stress,FQA2015_stress_grid_S0011,pareto_balanced,2015-09-14,257,101,96,"{""sim_day"": 101.0, ""doy"": 257.0, ""topwt"": 5055.8575439453125, ""grnwt"": 2834.381103515625, ""xlai"": 0.3267062306404114, ""totir"": 40.0, ""tofer"": NaN, ""swfac"": 0.0, ""nstres"": 0.3152355551719665}",0.0,0.3152355551719665,5055.8575439453125,2834.381103515625,0.3267062306404114,40.0,,0.0,0.0,40.0,0.0,8.34381103515625,24.34381103515625,Leave_One_experiments/all_year_offline_schedule_search/daily_outputs/FQA/FQA_2015_FQA2015_stress_grid_S0011_daily.csv
FQA,FQA,Fengqiu,2015,Leave_One_experiments\wth_generated_qc\FQA\FQA2015.WTH,normal_year;water_stress_year;nitrogen_stress_year,water_stress,FQA2015_stress_grid_S0011,pareto_balanced,2015-09-15,258,102,97,"{""sim_day"": 102.0, ""doy"": 258.0, ""topwt"": 5055.8575439453125, ""grnwt"": 2834.381103515625, ""xlai"": 0.3267062306404114, ""totir"": 40.0, ""tofer"": NaN, ""swfac"": 0.0, ""nstres"": 0.3152355551719665}",0.0,0.3152355551719665,5055.8575439453125,2834.381103515625,0.3267062306404114,40.0,,0.0,0.0,40.0,0.0,8.34381103515625,24.34381103515625,Leave_One_experiments/all_year_offline_schedule_search/daily_outputs/FQA/FQA_2015_FQA2015_stress_grid_S0011_daily.csv
FQA,FQA,Fengqiu,2015,Leave_One_experiments\wth_generated_qc\FQA\FQA2015.WTH,normal_year;water_stress_year;nitrogen_stress_year,water_stress,FQA2015_stress_grid_S0011,pareto_balanced,2015-09-16,259,103,98,"{""sim_day"": 103.0, ""doy"": 259.0, ""topwt"": 5055.8575439453125, ""grnwt"": 2834.381103515625, ""xlai"": 0.3267062306404114, ""totir"": 40.0, ""tofer"": NaN, ""swfac"": 0.0, ""nstres"": 0.3152355551719665}",0.0,0.3152355551719665,5055.8575439453125,2834.381103515625,0.3267062306404114,40.0,,0.0,0.0,40.0,0.0,8.34381103515625,24.34381103515625,Leave_One_experiments/all_year_offline_schedule_search/daily_outputs/FQA/FQA_2015_FQA2015_stress_grid_S0011_daily.csv
FQA,FQA,Fengqiu,2016,Leave_One_experiments\wth_generated_qc\FQA\FQA2016.WTH,normal_year;water_stress_year;nitrogen_stress_year;irrigation_responsive_year,irrigation_responsive,FQA2016_stress_grid_S0009,irrigation_positive_candidate,2016-06-10,162,1,1,"{""sim_day"": 1.0, ""doy"": 162.0, ""topwt"": 0.0, ""grnwt"": 0.0, ""xlai"": 0.0, ""totir"": 0.0, ""tofer"": NaN, ""swfac"": 0.0, ""nstres"": 0.0}",0.0,0.0,0.0,0.0,0.0,0.0,,0.0,0.0,20.0,0.0,16.702197265625,24.702197265625,Leave_One_experiments/all_year_offline_schedule_search/daily_outputs/FQA/FQA_2016_FQA2016_stress_grid_S0009_daily.csv
FQA,FQA,Fengqiu,2016,Leave_One_experiments\wth_generated_qc\FQA\FQA2016.WTH,normal_year;water_stress_year;nitrogen_stress_year;irrigation_responsive_year,irrigation_responsive,FQA2016_stress_grid_S0009,irrigation_positive_candidate,2016-06-11,163,2,2,"{""sim_day"": 2.0, ""doy"": 163.0, ""topwt"": 0.0, ""grnwt"": 0.0, ""xlai"": 0.0, ""totir"": 0.0, ""tofer"": NaN, ""swfac"": 0.0, ""nstres"": 0.0}",0.0,0.0,0.0,0.0,0.0,0.0,,0.0,0.0,20.0,0.0,16.702197265625,24.702197265625,Leave_One_experiments/all_year_offline_schedule_search/daily_outputs/FQA/FQA_2016_FQA2016_stress_grid_S0009_daily.csv
FQA,FQA,Fengqiu,2016,Leave_One_experiments\wth_generated_qc\FQA\FQA2016.WTH,normal_year;water_stress_year;nitrogen_stress_year;irrigation_responsive_year,irrigation_responsive,FQA2016_stress_grid_S0009,irrigation_positive_candidate,2016-06-12,164,3,3,"{""sim_day"": 3.0, ""doy"": 164.0, ""topwt"": 0.0, ""grnwt"": 0.0, ""xlai"": 0.0, ""totir"": 0.0, ""tofer"": NaN, ""swfac"": 0.0, ""nstres"": 0.0}",0.0,0.0,0.0,0.0,0.0,0.0,,0.0,0.0,20.0,0.0,16.702197265625,24.702197265625,Leave_One_experiments/all_year_offline_schedule_search/daily_outputs/FQA/FQA_2016_FQA2016_stress_grid_S0009_daily.csv
FQA,FQA,Fengqiu,2016,Leave_One_experiments\wth_generated_qc\FQA\FQA2016.WTH,normal_year;water_stress_year;nitrogen_stress_year;irrigation_responsive_year,irrigation_responsive,FQA2016_stress_grid_S0009,irrigation_positive_candidate,2016-06-13,165,4,4,"{""sim_day"": 4.0, ""doy"": 165.0, ""topwt"": 0.0, ""grnwt"": 0.0, ""xlai"": 0.0, ""totir"": 0.0, ""tofer"": NaN, ""swfac"": 0.0, ""nstres"": 0.0}",0.0,0.0,0.0,0.0,0.0,0.0,,0.0,0.0,20.0,0.0,16.702197265625,24.702197265625,Leave_One_experiments/all_year_offline_schedule_search/daily_outputs/FQA/FQA_2016_FQA2016_stress_grid_S0009_daily.csv
FQA,FQA,Fengqiu,2016,Leave_One_experiments\wth_generated_qc\FQA\FQA2016.WTH,normal_year;water_stress_year;nitrogen_stress_year;irrigation_responsive_year,irrigation_responsive,FQA2016_stress_grid_S0009,irrigation_positive_candidate,2016-06-14,166,5,5,"{""sim_day"": 5.0, ""doy"": 166.0, ""topwt"": 0.0, ""grnwt"": 0.0, ""xlai"": 0.0, ""totir"": 0.0, ""tofer"": NaN, ""swfac"": 0.0, ""nstres"": 0.0}",0.0,0.0,0.0,0.0,0.0,0.0,,0.0,0.0,20.0,0.0,16.702197265625,24.702197265625,Leave_One_experiments/all_year_offline_schedule_search/daily_outputs/FQA/FQA_2016_FQA2016_stress_grid_S0009_daily.csv
FQA,FQA,Fengqiu,2016,Leave_One_experiments\wth_generated_qc\FQA\FQA2016.WTH,normal_year;water_stress_year;nitrogen_stress_year;irrigation_responsive_year,irrigation_responsive,FQA2016_stress_grid_S0009,irrigation_positive_candidate,2016-06-10,162,6,1,"{""sim_day"": 6.0, ""doy"": 162.0, ""topwt"": 0.0, ""grnwt"": 0.0, ""xlai"": 0.0, ""totir"": 0.0, ""tofer"": NaN, ""swfac"": 0.0, ""nstres"": 0.0}",0.0,0.0,0.0,0.0,0.0,0.0,,0.0,0.0,20.0,0.0,16.702197265625,24.702197265625,Leave_One_experiments/all_year_offline_schedule_search/daily_outputs/FQA/FQA_2016_FQA2016_stress_grid_S0009_daily.csv
FQA,FQA,Fengqiu,2016,Leave_One_experiments\wth_generated_qc\FQA\FQA2016.WTH,normal_year;water_stress_year;nitrogen_stress_year;irrigation_responsive_year,irrigation_responsive,FQA2016_stress_grid_S0009,irrigation_positive_candidate,2016-06-11,163,7,2,"{""sim_day"": 7.0, ""doy"": 163.0, ""topwt"": 0.0, ""grnwt"": 0.0, ""xlai"": 0.0, ""totir"": 0.0, ""tofer"": NaN, ""swfac"": 0.0, ""nstres"": 0.0}",0.0,0.0,0.0,0.0,0.0,0.0,,0.0,0.0,20.0,0.0,16.702197265625,24.702197265625,Leave_One_experiments/all_year_offline_schedule_search/daily_outputs/FQA/FQA_2016_FQA2016_stress_grid_S0009_daily.csv
FQA,FQA,Fengqiu,2016,Leave_One_experiments\wth_generated_qc\FQA\FQA2016.WTH,normal_year;water_stress_year;nitrogen_stress_year;irrigation_responsive_year,irrigation_responsive,FQA2016_stress_grid_S0009,irrigation_positive_candidate,2016-06-12,164,8,3,"{""sim_day"": 8.0, ""doy"": 164.0, ""topwt"": 0.0, ""grnwt"": 0.0, ""xlai"": 0.0, ""totir"": 0.0, ""tofer"": NaN, ""swfac"": 0.0, ""nstres"": 0.0}",0.0,0.0,0.0,0.0,0.0,0.0,,0.0,0.0,20.0,0.0,16.702197265625,24.702197265625,Leave_One_experiments/all_year_offline_schedule_search/daily_outputs/FQA/FQA_2016_FQA2016_stress_grid_S0009_daily.csv
FQA,FQA,Fengqiu,2016,Leave_One_experiments\wth_generated_qc\FQA\FQA2016.WTH,normal_year;water_stress_year;nitrogen_stress_year;irrigation_responsive_year,irrigation_responsive,FQA2016_stress_grid_S0009,irrigation_positive_candidate,2016-06-13,165,9,4,"{""sim_day"": 9.0, ""doy"": 165.0, ""topwt"": 0.0, ""grnwt"": 0.0, ""xlai"": 0.0, ""totir"": 0.0, ""tofer"": NaN, ""swfac"": 0.0, ""nstres"": 0.0}",0.0,0.0,0.0,0.0,0.0,0.0,,0.0,0.0,20.0,0.0,16.702197265625,24.702197265625,Leave_One_experiments/all_year_offline_schedule_search/daily_outputs/FQA/FQA_2016_FQA2016_stress_grid_S0009_daily.csv
FQA,FQA,Fengqiu,2016,Leave_One_experiments\wth_generated_qc\FQA\FQA2016.WTH,normal_year;water_stress_year;nitrogen_stress_year;irrigation_responsive_year,irrigation_responsive,FQA2016_stress_grid_S0009,irrigation_positive_candidate,2016-06-14,166,10,5,"{""sim_day"": 10.0, ""doy"": 166.0, ""topwt"": 32.00000047683716, ""grnwt"": 0.0, ""xlai"": 0.0028274666983634, ""totir"": 0.0, ""tofer"": NaN, ""swfac"": 0.0, ""nstres"": 0.0121910572052001}",0.0,0.0121910572052001,32.00000047683716,0.0,0.0028274666983634,0.0,,0.0,0.0,20.0,0.0,16.702197265625,24.702197265625,Leave_One_experiments/all_year_offline_schedule_search/daily_outputs/FQA/FQA_2016_FQA2016_stress_grid_S0009_daily.csv
FQA,FQA,Fengqiu,2016,Leave_One_experiments\wth_generated_qc\FQA\FQA2016.WTH,normal_year;water_stress_year;nitrogen_stress_year;irrigation_responsive_year,irrigation_responsive,FQA2016_stress_grid_S0009,irrigation_positive_candidate,2016-06-15,167,11,6,"{""sim_day"": 11.0, ""doy"": 167.0, ""topwt"": 32.00000047683716, ""grnwt"": 0.0, ""xlai"": 0.0056457063183188, ""totir"": 0.0, ""tofer"": NaN, ""swfac"": 0.0, ""nstres"": 0.0044951438903808}",0.0,0.0044951438903808,32.00000047683716,0.0,0.0056457063183188,0.0,,0.0,0.0,20.0,0.0,16.702197265625,24.702197265625,Leave_One_experiments/all_year_offline_schedule_search/daily_outputs/FQA/FQA_2016_FQA2016_stress_grid_S0009_daily.csv
FQA,FQA,Fengqiu,2016,Leave_One_experiments\wth_generated_qc\FQA\FQA2016.WTH,normal_year;water_stress_year;nitrogen_stress_year;irrigation_responsive_year,irrigation_responsive,FQA2016_stress_grid_S0009,irrigation_positive_candidate,2016-06-16,168,12,7,"{""sim_day"": 12.0, ""doy"": 168.0, ""topwt"": 32.00000047683716, ""grnwt"": 0.0, ""xlai"": 0.0091459024697542, ""totir"": 0.0, ""tofer"": NaN, ""swfac"": 0.0, ""nstres"": 0.0}",0.0,0.0,32.00000047683716,0.0,0.0091459024697542,0.0,,0.0,0.0,20.0,0.0,16.702197265625,24.702197265625,Leave_One_experiments/all_year_offline_schedule_search/daily_outputs/FQA/FQA_2016_FQA2016_stress_grid_S0009_daily.csv
FQA,FQA,Fengqiu,2016,Leave_One_experiments\wth_generated_qc\FQA\FQA2016.WTH,normal_year;water_stress_year;nitrogen_stress_year;irrigation_responsive_year,irrigation_responsive,FQA2016_stress_grid_S0009,irrigation_positive_candidate,2016-06-17,169,13,8,"{""sim_day"": 13.0, ""doy"": 169.0, ""topwt"": 32.00000047683716, ""grnwt"": 0.0, ""xlai"": 0.0129824532195925, ""totir"": 0.0, ""tofer"": NaN, ""swfac"": 0.0, ""nstres"": 0.0}",0.0,0.0,32.00000047683716,0.0,0.0129824532195925,0.0,,0.0,0.0,20.0,0.0,16.702197265625,24.702197265625,Leave_One_experiments/all_year_offline_schedule_search/daily_outputs/FQA/FQA_2016_FQA2016_stress_grid_S0009_daily.csv
FQA,FQA,Fengqiu,2016,Leave_One_experiments\wth_generated_qc\FQA\FQA2016.WTH,normal_year;water_stress_year;nitrogen_stress_year;irrigation_responsive_year,irrigation_responsive,FQA2016_stress_grid_S0009,irrigation_positive_candidate,2016-06-18,170,14,9,"{""sim_day"": 14.0, ""doy"": 170.0, ""topwt"": 32.00000047683716, ""grnwt"": 0.0, ""xlai"": 0.0172688979655504, ""totir"": 0.0, ""tofer"": NaN, ""swfac"": 0.0, ""nstres"": 0.0}",0.0,0.0,32.00000047683716,0.0,0.0172688979655504,0.0,,0.0,0.0,20.0,0.0,16.702197265625,24.702197265625,Leave_One_experiments/all_year_offline_schedule_search/daily_outputs/FQA/FQA_2016_FQA2016_stress_grid_S0009_daily.csv
FQA,FQA,Fengqiu,2016,Leave_One_experiments\wth_generated_qc\FQA\FQA2016.WTH,normal_year;water_stress_year;nitrogen_stress_year;irrigation_responsive_year,irrigation_responsive,FQA2016_stress_grid_S0009,irrigation_positive_candidate,2016-06-19,171,15,10,"{""sim_day"": 15.0, ""doy"": 171.0, ""topwt"": 32.00000047683716, ""grnwt"": 0.0, ""xlai"": 0.0217307321727275, ""totir"": 0.0, ""tofer"": NaN, ""swfac"": 0.0, ""nstres"": 0.0}",0.0,0.0,32.00000047683716,0.0,0.0217307321727275,0.0,,0.0,0.0,20.0,0.0,16.702197265625,24.702197265625,Leave_One_experiments/all_year_offline_schedule_search/daily_outputs/FQA/FQA_2016_FQA2016_stress_grid_S0009_daily.csv
FQA,FQA,Fengqiu,2016,Leave_One_experiments\wth_generated_qc\FQA\FQA2016.WTH,normal_year;water_stress_year;nitrogen_stress_year;irrigation_responsive_year,irrigation_responsive,FQA2016_stress_grid_S0009,irrigation_positive_candidate,2016-06-20,172,16,11,"{""sim_day"": 16.0, ""doy"": 172.0, ""topwt"": 25.545837879180908, ""grnwt"": 0.0, ""xlai"": 0.0387445278465747, ""totir"": 0.0, ""tofer"": NaN, ""swfac"": 0.0, ""nstres"": 0.0}",0.0,0.0,25.545837879180908,0.0,0.0387445278465747,0.0,,0.0,0.0,20.0,0.0,16.702197265625,24.702197265625,Leave_One_experiments/all_year_offline_schedule_search/daily_outputs/FQA/FQA_2016_FQA2016_stress_grid_S0009_daily.csv
FQA,FQA,Fengqiu,2016,Leave_One_experiments\wth_generated_qc\FQA\FQA2016.WTH,normal_year;water_stress_year;nitrogen_stress_year;irrigation_responsive_year,irrigation_responsive,FQA2016_stress_grid_S0009,irrigation_positive_candidate,2016-06-21,173,17,12,"{""sim_day"": 17.0, ""doy"": 173.0, ""topwt"": 32.13376998901367, ""grnwt"": 0.0, ""xlai"": 0.0588419660925865, ""totir"": 0.0, ""tofer"": NaN, ""swfac"": 0.0, ""nstres"": 0.0}",0.0,0.0,32.13376998901367,0.0,0.0588419660925865,0.0,,0.0,0.0,20.0,0.0,16.702197265625,24.702197265625,Leave_One_experiments/all_year_offline_schedule_search/daily_outputs/FQA/FQA_2016_FQA2016_stress_grid_S0009_daily.csv
FQA,FQA,Fengqiu,2016,Leave_One_experiments\wth_generated_qc\FQA\FQA2016.WTH,normal_year;water_stress_year;nitrogen_stress_year;irrigation_responsive_year,irrigation_responsive,FQA2016_stress_grid_S0009,irrigation_positive_candidate,2016-06-22,174,18,13,"{""sim_day"": 18.0, ""doy"": 174.0, ""topwt"": 33.948304653167725, ""grnwt"": 0.0, ""xlai"": 0.0640096440911293, ""totir"": 0.0, ""tofer"": NaN, ""swfac"": 0.0, ""nstres"": 0.0}",0.0,0.0,33.948304653167725,0.0,0.0640096440911293,0.0,,0.0,0.0,20.0,0.0,16.702197265625,24.702197265625,Leave_One_experiments/all_year_offline_schedule_search/daily_outputs/FQA/FQA_2016_FQA2016_stress_grid_S0009_daily.csv
FQA,FQA,Fengqiu,2016,Leave_One_experiments\wth_generated_qc\FQA\FQA2016.WTH,normal_year;water_stress_year;nitrogen_stress_year;irrigation_responsive_year,irrigation_responsive,FQA2016_stress_grid_S0009,irrigation_positive_candidate,2016-06-23,175,19,14,"{""sim_day"": 19.0, ""doy"": 175.0, ""topwt"": 40.89386463165283, ""grnwt"": 0.0, ""xlai"": 0.0830233842134475, ""totir"": 0.0, ""tofer"": NaN, ""swfac"": 0.0, ""nstres"": 0.0}",0.0,0.0,40.89386463165283,0.0,0.0830233842134475,0.0,,0.0,0.0,20.0,0.0,16.702197265625,24.702197265625,Leave_One_experiments/all_year_offline_schedule_search/daily_outputs/FQA/FQA_2016_FQA2016_stress_grid_S0009_daily.csv
FQA,FQA,Fengqiu,2016,Leave_One_experiments\wth_generated_qc\FQA\FQA2016.WTH,normal_year;water_stress_year;nitrogen_stress_year;irrigation_responsive_year,irrigation_responsive,FQA2016_stress_grid_S0009,irrigation_positive_candidate,2016-06-24,176,20,15,"{""sim_day"": 20.0, ""doy"": 176.0, ""topwt"": 49.44968700408936, ""grnwt"": 0.0, ""xlai"": 0.1049792245030403, ""totir"": 0.0, ""tofer"": NaN, ""swfac"": 0.0, ""nstres"": 0.0}",0.0,0.0,49.44968700408936,0.0,0.1049792245030403,0.0,,0.0,0.0,20.0,0.0,16.702197265625,24.702197265625,Leave_One_experiments/all_year_offline_schedule_search/daily_outputs/FQA/FQA_2016_FQA2016_stress_grid_S0009_daily.csv
FQA,FQA,Fengqiu,2016,Leave_One_experiments\wth_generated_qc\FQA\FQA2016.WTH,normal_year;water_stress_year;nitrogen_stress_year;irrigation_responsive_year,irrigation_responsive,FQA2016_stress_grid_S0009,irrigation_positive_candidate,2016-06-25,177,21,16,"{""sim_day"": 21.0, ""doy"": 177.0, ""topwt"": 58.95122051239014, ""grnwt"": 0.0, ""xlai"": 0.128013014793396, ""totir"": 0.0, ""tofer"": NaN, ""swfac"": 0.0, ""nstres"": 0.0}",0.0,0.0,58.95122051239014,0.0,0.128013014793396,0.0,,0.0,0.0,20.0,0.0,16.702197265625,24.702197265625,Leave_One_experiments/all_year_offline_schedule_search/daily_outputs/FQA/FQA_2016_FQA2016_stress_grid_S0009_daily.csv
FQA,FQA,Fengqiu,2016,Leave_One_experiments\wth_generated_qc\FQA\FQA2016.WTH,normal_year;water_stress_year;nitrogen_stress_year;irrigation_responsive_year,irrigation_responsive,FQA2016_stress_grid_S0009,irrigation_positive_candidate,2016-06-26,178,22,17,"{""sim_day"": 22.0, ""doy"": 178.0, ""topwt"": 69.6478271484375, ""grnwt"": 0.0, ""xlai"": 0.1526857614517212, ""totir"": 0.0, ""tofer"": NaN, ""swfac"": 0.0, ""nstres"": 0.0}",0.0,0.0,69.6478271484375,0.0,0.1526857614517212,0.0,,0.0,0.0,20.0,0.0,16.702197265625,24.702197265625,Leave_One_experiments/all_year_offline_schedule_search/daily_outputs/FQA/FQA_2016_FQA2016_stress_grid_S0009_daily.csv
FQA,FQA,Fengqiu,2016,Leave_One_experiments\wth_generated_qc\FQA\FQA2016.WTH,normal_year;water_stress_year;nitrogen_stress_year;irrigation_responsive_year,irrigation_responsive,FQA2016_stress_grid_S0009,irrigation_positive_candidate,2016-06-27,179,23,18,"{""sim_day"": 23.0, ""doy"": 179.0, ""topwt"": 81.99666976928711, ""grnwt"": 0.0, ""xlai"": 0.1799003928899765, ""totir"": 0.0, ""tofer"": NaN, ""swfac"": 0.0, ""nstres"": 0.0}",0.0,0.0,81.99666976928711,0.0,0.1799003928899765,0.0,,0.0,0.0,20.0,0.0,16.702197265625,24.702197265625,Leave_One_experiments/all_year_offline_schedule_search/daily_outputs/FQA/FQA_2016_FQA2016_stress_grid_S0009_daily.csv
FQA,FQA,Fengqiu,2016,Leave_One_experiments\wth_generated_qc\FQA\FQA2016.WTH,normal_year;water_stress_year;nitrogen_stress_year;irrigation_responsive_year,irrigation_responsive,FQA2016_stress_grid_S0009,irrigation_positive_candidate,2016-06-28,180,24,19,"{""sim_day"": 24.0, ""doy"": 180.0, ""topwt"": 96.53291702270508, ""grnwt"": 0.0, ""xlai"": 0.2105773687362671, ""totir"": 0.0, ""tofer"": NaN, ""swfac"": 0.0, ""nstres"": 0.0}",0.0,0.0,96.53291702270508,0.0,0.2105773687362671,0.0,,0.0,0.0,20.0,0.0,16.702197265625,24.702197265625,Leave_One_experiments/all_year_offline_schedule_search/daily_outputs/FQA/FQA_2016_FQA2016_stress_grid_S0009_daily.csv
FQA,FQA,Fengqiu,2016,Leave_One_experiments\wth_generated_qc\FQA\FQA2016.WTH,normal_year;water_stress_year;nitrogen_stress_year;irrigation_responsive_year,irrigation_responsive,FQA2016_stress_grid_S0009,irrigation_positive_candidate,2016-06-29,181,25,20,"{""sim_day"": 25.0, ""doy"": 181.0, ""topwt"": 113.02708625793456, ""grnwt"": 0.0, ""xlai"": 0.2428416758775711, ""totir"": 0.0, ""tofer"": NaN, ""swfac"": 0.0, ""nstres"": 0.0}",0.0,0.0,113.02708625793456,0.0,0.2428416758775711,0.0,,0.0,0.0,20.0,0.0,16.702197265625,24.702197265625,Leave_One_experiments/all_year_offline_schedule_search/daily_outputs/FQA/FQA_2016_FQA2016_stress_grid_S0009_daily.csv
FQA,FQA,Fengqiu,2016,Leave_One_experiments\wth_generated_qc\FQA\FQA2016.WTH,normal_year;water_stress_year;nitrogen_stress_year;irrigation_responsive_year,irrigation_responsive,FQA2016_stress_grid_S0009,irrigation_positive_candidate,2016-06-30,182,26,21,"{""sim_day"": 26.0, ""doy"": 182.0, ""topwt"": 130.5788516998291, ""grnwt"": 0.0, ""xlai"": 0.2781265377998352, ""totir"": 0.0, ""tofer"": NaN, ""swfac"": 0.0, ""nstres"": 0.0}",0.0,0.0,130.5788516998291,0.0,0.2781265377998352,0.0,,0.0,0.0,20.0,0.0,16.702197265625,24.702197265625,Leave_One_experiments/all_year_offline_schedule_search/daily_outputs/FQA/FQA_2016_FQA2016_stress_grid_S0009_daily.csv
FQA,FQA,Fengqiu,2016,Leave_One_experiments\wth_generated_qc\FQA\FQA2016.WTH,normal_year;water_stress_year;nitrogen_stress_year;irrigation_responsive_year,irrigation_responsive,FQA2016_stress_grid_S0009,irrigation_positive_candidate,2016-07-01,183,27,22,"{""sim_day"": 27.0, ""doy"": 183.0, ""topwt"": 151.51456832885742, ""grnwt"": 0.0, ""xlai"": 0.3185599148273468, ""totir"": 0.0, ""tofer"": NaN, ""swfac"": 0.0, ""nstres"": 0.0}",0.0,0.0,151.51456832885742,0.0,0.3185599148273468,0.0,,0.0,0.0,20.0,0.0,16.702197265625,24.702197265625,Leave_One_experiments/all_year_offline_schedule_search/daily_outputs/FQA/FQA_2016_FQA2016_stress_grid_S0009_daily.csv
FQA,FQA,Fengqiu,2016,Leave_One_experiments\wth_generated_qc\FQA\FQA2016.WTH,normal_year;water_stress_year;nitrogen_stress_year;irrigation_responsive_year,irrigation_responsive,FQA2016_stress_grid_S0009,irrigation_positive_candidate,2016-07-02,184,28,23,"{""sim_day"": 28.0, ""doy"": 184.0, ""topwt"": 174.3041229248047, ""grnwt"": 0.0, ""xlai"": 0.3607977628707886, ""totir"": 0.0, ""tofer"": NaN, ""swfac"": 0.0, ""nstres"": 0.0}",0.0,0.0,174.3041229248047,0.0,0.3607977628707886,0.0,,0.0,0.0,20.0,0.0,16.702197265625,24.702197265625,Leave_One_experiments/all_year_offline_schedule_search/daily_outputs/FQA/FQA_2016_FQA2016_stress_grid_S0009_daily.csv
FQA,FQA,Fengqiu,2016,Leave_One_experiments\wth_generated_qc\FQA\FQA2016.WTH,normal_year;water_stress_year;nitrogen_stress_year;irrigation_responsive_year,irrigation_responsive,FQA2016_stress_grid_S0009,irrigation_positive_candidate,2016-07-03,185,29,24,"{""sim_day"": 29.0, ""doy"": 185.0, ""topwt"": 198.8034439086914, ""grnwt"": 0.0, ""xlai"": 0.4043959081172943, ""totir"": 0.0, ""tofer"": NaN, ""swfac"": 0.0, ""nstres"": 0.0}",0.0,0.0,198.8034439086914,0.0,0.4043959081172943,0.0,,0.0,0.0,20.0,0.0,16.702197265625,24.702197265625,Leave_One_experiments/all_year_offline_schedule_search/daily_outputs/FQA/FQA_2016_FQA2016_stress_grid_S0009_daily.csv
FQA,FQA,Fengqiu,2016,Leave_One_experiments\wth_generated_qc\FQA\FQA2016.WTH,normal_year;water_stress_year;nitrogen_stress_year;irrigation_responsive_year,irrigation_responsive,FQA2016_stress_grid_S0009,irrigation_positive_candidate,2016-07-04,186,30,25,"{""sim_day"": 30.0, ""doy"": 186.0, ""topwt"": 225.3041839599609, ""grnwt"": 0.0, ""xlai"": 0.4496917724609375, ""totir"": 0.0, ""tofer"": NaN, ""swfac"": 0.0, ""nstres"": 0.0}",0.0,0.0,225.3041839599609,0.0,0.4496917724609375,0.0,,0.0,0.0,20.0,0.0,16.702197265625,24.702197265625,Leave_One_experiments/all_year_offline_schedule_search/daily_outputs/FQA/FQA_2016_FQA2016_stress_grid_S0009_daily.csv
FQA,FQA,Fengqiu,2016,Leave_One_experiments\wth_generated_qc\FQA\FQA2016.WTH,normal_year;water_stress_year;nitrogen_stress_year;irrigation_responsive_year,irrigation_responsive,FQA2016_stress_grid_S0009,irrigation_positive_candidate,2016-07-05,187,31,26,"{""sim_day"": 31.0, ""doy"": 187.0, ""topwt"": 254.3486785888672, ""grnwt"": 0.0, ""xlai"": 0.4973596632480621, ""totir"": 0.0, ""tofer"": NaN, ""swfac"": 0.0, ""nstres"": 0.0}",0.0,0.0,254.3486785888672,0.0,0.4973596632480621,0.0,,0.0,0.0,20.0,0.0,16.702197265625,24.702197265625,Leave_One_experiments/all_year_offline_schedule_search/daily_outputs/FQA/FQA_2016_FQA2016_stress_grid_S0009_daily.csv
FQA,FQA,Fengqiu,2016,Leave_One_experiments\wth_generated_qc\FQA\FQA2016.WTH,normal_year;water_stress_year;nitrogen_stress_year;irrigation_responsive_year,irrigation_responsive,FQA2016_stress_grid_S0009,irrigation_positive_candidate,2016-07-06,188,32,27,"{""sim_day"": 32.0, ""doy"": 188.0, ""topwt"": 289.843692779541, ""grnwt"": 0.0, ""xlai"": 0.5530884861946106, ""totir"": 0.0, ""tofer"": NaN, ""swfac"": 0.0, ""nstres"": 0.0}",0.0,0.0,289.843692779541,0.0,0.5530884861946106,0.0,,0.0,0.0,20.0,0.0,16.702197265625,24.702197265625,Leave_One_experiments/all_year_offline_schedule_search/daily_outputs/FQA/FQA_2016_FQA2016_stress_grid_S0009_daily.csv
FQA,FQA,Fengqiu,2016,Leave_One_experiments\wth_generated_qc\FQA\FQA2016.WTH,normal_year;water_stress_year;nitrogen_stress_year;irrigation_responsive_year,irrigation_responsive,FQA2016_stress_grid_S0009,irrigation_positive_candidate,2016-07-07,189,33,28,"{""sim_day"": 33.0, ""doy"": 189.0, ""topwt"": 330.29590606689453, ""grnwt"": 0.0, ""xlai"": 0.6136661171913147, ""totir"": 0.0, ""tofer"": NaN, ""swfac"": 0.0, ""nstres"": 0.0}",0.0,0.0,330.29590606689453,0.0,0.6136661171913147,0.0,,0.0,0.0,20.0,0.0,16.702197265625,24.702197265625,Leave_One_experiments/all_year_offline_schedule_search/daily_outputs/FQA/FQA_2016_FQA2016_stress_grid_S0009_daily.csv
FQA,FQA,Fengqiu,2016,Leave_One_experiments\wth_generated_qc\FQA\FQA2016.WTH,normal_year;water_stress_year;nitrogen_stress_year;irrigation_responsive_year,irrigation_responsive,FQA2016_stress_grid_S0009,irrigation_positive_candidate,2016-07-08,190,34,29,"{""sim_day"": 34.0, ""doy"": 190.0, ""topwt"": 359.0435028076172, ""grnwt"": 0.0, ""xlai"": 0.65495765209198, ""totir"": 0.0, ""tofer"": NaN, ""swfac"": 0.0, ""nstres"": 0.0}",0.0,0.0,359.0435028076172,0.0,0.65495765209198,0.0,,0.0,0.0,20.0,0.0,16.702197265625,24.702197265625,Leave_One_experiments/all_year_offline_schedule_search/daily_outputs/FQA/FQA_2016_FQA2016_stress_grid_S0009_daily.csv
FQA,FQA,Fengqiu,2016,Leave_One_experiments\wth_generated_qc\FQA\FQA2016.WTH,normal_year;water_stress_year;nitrogen_stress_year;irrigation_responsive_year,irrigation_responsive,FQA2016_stress_grid_S0009,irrigation_positive_candidate,2016-07-09,191,35,30,"{""sim_day"": 35.0, ""doy"": 191.0, ""topwt"": 408.4423065185547, ""grnwt"": 0.0, ""xlai"": 0.7227697372436523, ""totir"": 0.0, ""tofer"": NaN, ""swfac"": 0.0, ""nstres"": 0.0}",0.0,0.0,408.4423065185547,0.0,0.7227697372436523,0.0,,0.0,0.0,20.0,0.0,16.702197265625,24.702197265625,Leave_One_experiments/all_year_offline_schedule_search/daily_outputs/FQA/FQA_2016_FQA2016_stress_grid_S0009_daily.csv
FQA,FQA,Fengqiu,2016,Leave_One_experiments\wth_generated_qc\FQA\FQA2016.WTH,normal_year;water_stress_year;nitrogen_stress_year;irrigation_responsive_year,irrigation_responsive,FQA2016_stress_grid_S0009,irrigation_positive_candidate,2016-07-10,192,36,31,"{""sim_day"": 36.0, ""doy"": 192.0, ""topwt"": 464.04178619384766, ""grnwt"": 0.0, ""xlai"": 0.7952905893325806, ""totir"": 0.0, ""tofer"": NaN, ""swfac"": 0.0, ""nstres"": 0.0}",0.0,0.0,464.04178619384766,0.0,0.7952905893325806,0.0,,0.0,0.0,20.0,0.0,16.702197265625,24.702197265625,Leave_One_experiments/all_year_offline_schedule_search/daily_outputs/FQA/FQA_2016_FQA2016_stress_grid_S0009_daily.csv
FQA,FQA,Fengqiu,2016,Leave_One_experiments\wth_generated_qc\FQA\FQA2016.WTH,normal_year;water_stress_year;nitrogen_stress_year;irrigation_responsive_year,irrigation_responsive,FQA2016_stress_grid_S0009,irrigation_positive_candidate,2016-07-11,193,37,32,"{""sim_day"": 37.0, ""doy"": 193.0, ""topwt"": 523.0706024169922, ""grnwt"": 0.0, ""xlai"": 0.8660609126091003, ""totir"": 0.0, ""tofer"": NaN, ""swfac"": 0.0, ""nstres"": 0.0216338634490966}",0.0,0.0216338634490966,523.0706024169922,0.0,0.8660609126091003,0.0,,0.0,0.0,20.0,0.0,16.702197265625,24.702197265625,Leave_One_experiments/all_year_offline_schedule_search/daily_outputs/FQA/FQA_2016_FQA2016_stress_grid_S0009_daily.csv
FQA,FQA,Fengqiu,2016,Leave_One_experiments\wth_generated_qc\FQA\FQA2016.WTH,normal_year;water_stress_year;nitrogen_stress_year;irrigation_responsive_year,irrigation_responsive,FQA2016_stress_grid_S0009,irrigation_positive_candidate,2016-07-12,194,38,33,"{""sim_day"": 38.0, ""doy"": 194.0, ""topwt"": 578.4276580810547, ""grnwt"": 0.0, ""xlai"": 0.9242860078811646, ""totir"": 0.0, ""tofer"": NaN, ""swfac"": 0.0, ""nstres"": 0.060914397239685}",0.0,0.060914397239685,578.4276580810547,0.0,0.9242860078811646,0.0,,0.0,0.0,20.0,0.0,16.702197265625,24.702197265625,Leave_One_experiments/all_year_offline_schedule_search/daily_outputs/FQA/FQA_2016_FQA2016_stress_grid_S0009_daily.csv
FQA,FQA,Fengqiu,2016,Leave_One_experiments\wth_generated_qc\FQA\FQA2016.WTH,normal_year;water_stress_year;nitrogen_stress_year;irrigation_responsive_year,irrigation_responsive,FQA2016_stress_grid_S0009,irrigation_positive_candidate,2016-07-13,195,39,34,"{""sim_day"": 39.0, ""doy"": 195.0, ""topwt"": 610.6906509399414, ""grnwt"": 0.0, ""xlai"": 0.9492432475090028, ""totir"": 0.0, ""tofer"": NaN, ""swfac"": 0.0, ""nstres"": 0.0966454744338989}",0.0,0.0966454744338989,610.6906509399414,0.0,0.9492432475090028,0.0,,0.0,0.0,20.0,0.0,16.702197265625,24.702197265625,Leave_One_experiments/all_year_offline_schedule_search/daily_outputs/FQA/FQA_2016_FQA2016_stress_grid_S0009_daily.csv
FQA,FQA,Fengqiu,2016,Leave_One_experiments\wth_generated_qc\FQA\FQA2016.WTH,normal_year;water_stress_year;nitrogen_stress_year;irrigation_responsive_year,irrigation_responsive,FQA2016_stress_grid_S0009,irrigation_positive_candidate,2016-07-14,196,40,35,"{""sim_day"": 40.0, ""doy"": 196.0, ""topwt"": 644.8128509521484, ""grnwt"": 0.0, ""xlai"": 0.9717357158660888, ""totir"": 0.0, ""tofer"": NaN, ""swfac"": 0.0, ""nstres"": 0.1220890283584594}",0.0,0.1220890283584594,644.8128509521484,0.0,0.9717357158660888,0.0,,0.0,0.0,20.0,0.0,16.702197265625,24.702197265625,Leave_One_experiments/all_year_offline_schedule_search/daily_outputs/FQA/FQA_2016_FQA2016_stress_grid_S0009_daily.csv
FQA,FQA,Fengqiu,2016,Leave_One_experiments\wth_generated_qc\FQA\FQA2016.WTH,normal_year;water_stress_year;nitrogen_stress_year;irrigation_responsive_year,irrigation_responsive,FQA2016_stress_grid_S0009,irrigation_positive_candidate,2016-07-15,197,41,36,"{""sim_day"": 41.0, ""doy"": 197.0, ""topwt"": 687.5505065917969, ""grnwt"": 0.0, ""xlai"": 1.0011346340179443, ""totir"": 0.0, ""tofer"": NaN, ""swfac"": 0.0, ""nstres"": 0.1263113021850586}",0.0,0.1263113021850586,687.5505065917969,0.0,1.0011346340179443,0.0,,0.0,0.0,20.0,0.0,16.702197265625,24.702197265625,Leave_One_experiments/all_year_offline_schedule_search/daily_outputs/FQA/FQA_2016_FQA2016_stress_grid_S0009_daily.csv
FQA,FQA,Fengqiu,2016,Leave_One_experiments\wth_generated_qc\FQA\FQA2016.WTH,normal_year;water_stress_year;nitrogen_stress_year;irrigation_responsive_year,irrigation_responsive,FQA2016_stress_grid_S0009,irrigation_positive_candidate,2016-07-16,198,42,37,"{""sim_day"": 42.0, ""doy"": 198.0, ""topwt"": 741.7033386230469, ""grnwt"": 0.0, ""xlai"": 1.038667917251587, ""totir"": 0.0, ""tofer"": NaN, ""swfac"": 0.0, ""nstres"": 0.1343759298324585}",0.0,0.1343759298324585,741.7033386230469,0.0,1.038667917251587,0.0,,0.0,0.0,20.0,0.0,16.702197265625,24.702197265625,Leave_One_experiments/all_year_offline_schedule_search/daily_outputs/FQA/FQA_2016_FQA2016_stress_grid_S0009_daily.csv
FQA,FQA,Fengqiu,2016,Leave_One_experiments\wth_generated_qc\FQA\FQA2016.WTH,normal_year;water_stress_year;nitrogen_stress_year;irrigation_responsive_year,irrigation_responsive,FQA2016_stress_grid_S0009,irrigation_positive_candidate,2016-07-17,199,43,38,"{""sim_day"": 43.0, ""doy"": 199.0, ""topwt"": 797.4530792236328, ""grnwt"": 0.0, ""xlai"": 1.0732522010803225, ""totir"": 0.0, ""tofer"": NaN, ""swfac"": 0.0, ""nstres"": 0.1461288928985595}",0.0,0.1461288928985595,797.4530792236328,0.0,1.0732522010803225,0.0,,0.0,0.0,20.0,0.0,16.702197265625,24.702197265625,Leave_One_experiments/all_year_offline_schedule_search/daily_outputs/FQA/FQA_2016_FQA2016_stress_grid_S0009_daily.csv
FQA,FQA,Fengqiu,2016,Leave_One_experiments\wth_generated_qc\FQA\FQA2016.WTH,normal_year;water_stress_year;nitrogen_stress_year;irrigation_responsive_year,irrigation_responsive,FQA2016_stress_grid_S0009,irrigation_positive_candidate,2016-07-18,200,44,39,"{""sim_day"": 44.0, ""doy"": 200.0, ""topwt"": 837.3670959472656, ""grnwt"": 0.0, ""xlai"": 1.0882996320724487, ""totir"": 0.0, ""tofer"": NaN, ""swfac"": 0.0, ""nstres"": 0.1612597107887268}",0.0,0.1612597107887268,837.3670959472656,0.0,1.0882996320724487,0.0,,0.0,0.0,20.0,0.0,16.702197265625,24.702197265625,Leave_One_experiments/all_year_offline_schedule_search/daily_outputs/FQA/FQA_2016_FQA2016_stress_grid_S0009_daily.csv
FQA,FQA,Fengqiu,2016,Leave_One_experiments\wth_generated_qc\FQA\FQA2016.WTH,normal_year;water_stress_year;nitrogen_stress_year;irrigation_responsive_year,irrigation_responsive,FQA2016_stress_grid_S0009,irrigation_positive_candidate,2016-07-19,201,45,40,"{""sim_day"": 45.0, ""doy"": 201.0, ""topwt"": 895.5991363525391, ""grnwt"": 0.0, ""xlai"": 1.1162177324295044, ""totir"": 0.0, ""tofer"": NaN, ""swfac"": 0.0, ""nstres"": 0.1724914312362671}",0.0,0.1724914312362671,895.5991363525391,0.0,1.1162177324295044,0.0,,0.0,0.0,20.0,0.0,16.702197265625,24.702197265625,Leave_One_experiments/all_year_offline_schedule_search/daily_outputs/FQA/FQA_2016_FQA2016_stress_grid_S0009_daily.csv
FQA,FQA,Fengqiu,2016,Leave_One_experiments\wth_generated_qc\FQA\FQA2016.WTH,normal_year;water_stress_year;nitrogen_stress_year;irrigation_responsive_year,irrigation_responsive,FQA2016_stress_grid_S0009,irrigation_positive_candidate,2016-07-20,202,46,41,"{""sim_day"": 46.0, ""doy"": 202.0, ""topwt"": 1049.5722198486328, ""grnwt"": 0.0, ""xlai"": 1.1471953392028809, ""totir"": 0.0, ""tofer"": NaN, ""swfac"": 0.0, ""nstres"": 0.1757171154022216}",0.0,0.1757171154022216,1049.5722198486328,0.0,1.1471953392028809,0.0,,0.0,0.0,20.0,0.0,16.702197265625,24.702197265625,Leave_One_experiments/all_year_offline_schedule_search/daily_outputs/FQA/FQA_2016_FQA2016_stress_grid_S0009_daily.csv
FQA,FQA,Fengqiu,2016,Leave_One_experiments\wth_generated_qc\FQA\FQA2016.WTH,normal_year;water_stress_year;nitrogen_stress_year;irrigation_responsive_year,irrigation_responsive,FQA2016_stress_grid_S0009,irrigation_positive_candidate,2016-07-21,203,47,42,"{""sim_day"": 47.0, ""doy"": 203.0, ""topwt"": 1208.8460540771484, ""grnwt"": 0.0, ""xlai"": 1.1740792989730835, ""totir"": 0.0, ""tofer"": NaN, ""swfac"": 0.0, ""nstres"": 0.1865054965019226}",0.0,0.1865054965019226,1208.8460540771484,0.0,1.1740792989730835,0.0,,0.0,0.0,20.0,0.0,16.702197265625,24.702197265625,Leave_One_experiments/all_year_offline_schedule_search/daily_outputs/FQA/FQA_2016_FQA2016_stress_grid_S0009_daily.csv
FQA,FQA,Fengqiu,2016,Leave_One_experiments\wth_generated_qc\FQA\FQA2016.WTH,normal_year;water_stress_year;nitrogen_stress_year;irrigation_responsive_year,irrigation_responsive,FQA2016_stress_grid_S0009,irrigation_positive_candidate,2016-07-22,204,48,43,"{""sim_day"": 48.0, ""doy"": 204.0, ""topwt"": 1342.2152709960938, ""grnwt"": 0.0, ""xlai"": 1.1834101676940918, ""totir"": 0.0, ""tofer"": NaN, ""swfac"": 0.0, ""nstres"": 0.2700896859169006}",0.0,0.2700896859169006,1342.2152709960938,0.0,1.1834101676940918,0.0,,0.0,0.0,20.0,0.0,16.702197265625,24.702197265625,Leave_One_experiments/all_year_offline_schedule_search/daily_outputs/FQA/FQA_2016_FQA2016_stress_grid_S0009_daily.csv
FQA,FQA,Fengqiu,2016,Leave_One_experiments\wth_generated_qc\FQA\FQA2016.WTH,normal_year;water_stress_year;nitrogen_stress_year;irrigation_responsive_year,irrigation_responsive,FQA2016_stress_grid_S0009,irrigation_positive_candidate,2016-07-23,205,49,44,"{""sim_day"": 49.0, ""doy"": 205.0, ""topwt"": 1452.9312133789062, ""grnwt"": 0.0, ""xlai"": 1.179465651512146, ""totir"": 0.0, ""tofer"": NaN, ""swfac"": 0.0, ""nstres"": 0.350452184677124}",0.0,0.350452184677124,1452.9312133789062,0.0,1.179465651512146,0.0,,0.0,0.0,20.0,0.0,16.702197265625,24.702197265625,Leave_One_experiments/all_year_offline_schedule_search/daily_outputs/FQA/FQA_2016_FQA2016_stress_grid_S0009_daily.csv
FQA,FQA,Fengqiu,2016,Leave_One_experiments\wth_generated_qc\FQA\FQA2016.WTH,normal_year;water_stress_year;nitrogen_stress_year;irrigation_responsive_year,irrigation_responsive,FQA2016_stress_grid_S0009,irrigation_positive_candidate,2016-07-24,206,50,45,"{""sim_day"": 50.0, ""doy"": 206.0, ""topwt"": 1553.5716247558594, ""grnwt"": 0.0, ""xlai"": 1.1691782474517822, ""totir"": 0.0, ""tofer"": NaN, ""swfac"": 0.0, ""nstres"": 0.3914980888366699}",0.0,0.3914980888366699,1553.5716247558594,0.0,1.1691782474517822,0.0,,0.0,0.0,20.0,0.0,16.702197265625,24.702197265625,Leave_One_experiments/all_year_offline_schedule_search/daily_outputs/FQA/FQA_2016_FQA2016_stress_grid_S0009_daily.csv
FQA,FQA,Fengqiu,2016,Leave_One_experiments\wth_generated_qc\FQA\FQA2016.WTH,normal_year;water_stress_year;nitrogen_stress_year;irrigation_responsive_year,irrigation_responsive,FQA2016_stress_grid_S0009,irrigation_positive_candidate,2016-07-25,207,51,46,"{""sim_day"": 51.0, ""doy"": 207.0, ""topwt"": 1640.6520080566406, ""grnwt"": 0.0, ""xlai"": 1.1534408330917358, ""totir"": 0.0, ""tofer"": NaN, ""swfac"": 0.0, ""nstres"": 0.4107859134674072}",0.0,0.4107859134674072,1640.6520080566406,0.0,1.1534408330917358,0.0,,0.0,0.0,20.0,0.0,16.702197265625,24.702197265625,Leave_One_experiments/all_year_offline_schedule_search/daily_outputs/FQA/FQA_2016_FQA2016_stress_grid_S0009_daily.csv
FQA,FQA,Fengqiu,2016,Leave_One_experiments\wth_generated_qc\FQA\FQA2016.WTH,normal_year;water_stress_year;nitrogen_stress_year;irrigation_responsive_year,irrigation_responsive,FQA2016_stress_grid_S0009,irrigation_positive_candidate,2016-07-26,208,52,47,"{""sim_day"": 52.0, ""doy"": 208.0, ""topwt"": 1715.4696655273438, ""grnwt"": 0.0, ""xlai"": 1.1336374282836914, ""totir"": 0.0, ""tofer"": NaN, ""swfac"": 0.0, ""nstres"": 0.4210522770881653}",0.0,0.4210522770881653,1715.4696655273438,0.0,1.1336374282836914,0.0,,0.0,0.0,20.0,0.0,16.702197265625,24.702197265625,Leave_One_experiments/all_year_offline_schedule_search/daily_outputs/FQA/FQA_2016_FQA2016_stress_grid_S0009_daily.csv
FQA,FQA,Fengqiu,2016,Leave_One_experiments\wth_generated_qc\FQA\FQA2016.WTH,normal_year;water_stress_year;nitrogen_stress_year;irrigation_responsive_year,irrigation_responsive,FQA2016_stress_grid_S0009,irrigation_positive_candidate,2016-07-27,209,53,48,"{""sim_day"": 53.0, ""doy"": 209.0, ""topwt"": 1800.04638671875, ""grnwt"": 0.0, ""xlai"": 1.116325616836548, ""totir"": 0.0, ""tofer"": NaN, ""swfac"": 0.0, ""nstres"": 0.4218559861183166}",0.0,0.4218559861183166,1800.04638671875,0.0,1.116325616836548,0.0,,0.0,0.0,20.0,0.0,16.702197265625,24.702197265625,Leave_One_experiments/all_year_offline_schedule_search/daily_outputs/FQA/FQA_2016_FQA2016_stress_grid_S0009_daily.csv
FQA,FQA,Fengqiu,2016,Leave_One_experiments\wth_generated_qc\FQA\FQA2016.WTH,normal_year;water_stress_year;nitrogen_stress_year;irrigation_responsive_year,irrigation_responsive,FQA2016_stress_grid_S0009,irrigation_positive_candidate,2016-07-28,210,54,49,"{""sim_day"": 54.0, ""doy"": 210.0, ""topwt"": 1884.6665954589844, ""grnwt"": 0.0, ""xlai"": 1.0990670919418335, ""totir"": 0.0, ""tofer"": NaN, ""swfac"": 0.0, ""nstres"": 0.4193574786186218}",0.0,0.4193574786186218,1884.6665954589844,0.0,1.0990670919418335,0.0,,0.0,0.0,20.0,0.0,16.702197265625,24.702197265625,Leave_One_experiments/all_year_offline_schedule_search/daily_outputs/FQA/FQA_2016_FQA2016_stress_grid_S0009_daily.csv
FQA,FQA,Fengqiu,2016,Leave_One_experiments\wth_generated_qc\FQA\FQA2016.WTH,normal_year;water_stress_year;nitrogen_stress_year;irrigation_responsive_year,irrigation_responsive,FQA2016_stress_grid_S0009,irrigation_positive_candidate,2016-07-29,211,55,50,"{""sim_day"": 55.0, ""doy"": 211.0, ""topwt"": 1975.8499145507808, ""grnwt"": 0.0, ""xlai"": 1.084155559539795, ""totir"": 20.0, ""tofer"": NaN, ""swfac"": 0.0, ""nstres"": 0.4163380861282348}",0.0,0.4163380861282348,1975.8499145507808,0.0,1.084155559539795,20.0,,20.0,0.0,20.0,0.0,16.702197265625,24.702197265625,Leave_One_experiments/all_year_offline_schedule_search/daily_outputs/FQA/FQA_2016_FQA2016_stress_grid_S0009_daily.csv
FQA,FQA,Fengqiu,2016,Leave_One_experiments\wth_generated_qc\FQA\FQA2016.WTH,normal_year;water_stress_year;nitrogen_stress_year;irrigation_responsive_year,irrigation_responsive,FQA2016_stress_grid_S0009,irrigation_positive_candidate,2016-07-30,212,56,51,"{""sim_day"": 56.0, ""doy"": 212.0, ""topwt"": 2060.402069091797, ""grnwt"": 0.0, ""xlai"": 1.068134307861328, ""totir"": 20.0, ""tofer"": NaN, ""swfac"": 0.0, ""nstres"": 0.4152289628982544}",0.0,0.4152289628982544,2060.402069091797,0.0,1.068134307861328,20.0,,0.0,0.0,20.0,0.0,16.702197265625,24.702197265625,Leave_One_experiments/all_year_offline_schedule_search/daily_outputs/FQA/FQA_2016_FQA2016_stress_grid_S0009_daily.csv
FQA,FQA,Fengqiu,2016,Leave_One_experiments\wth_generated_qc\FQA\FQA2016.WTH,normal_year;water_stress_year;nitrogen_stress_year;irrigation_responsive_year,irrigation_responsive,FQA2016_stress_grid_S0009,irrigation_positive_candidate,2016-07-31,213,57,52,"{""sim_day"": 57.0, ""doy"": 213.0, ""topwt"": 2144.63623046875, ""grnwt"": 0.0, ""xlai"": 1.0523147583007812, ""totir"": 20.0, ""tofer"": NaN, ""swfac"": 0.0, ""nstres"": 0.4206749200820923}",0.0,0.4206749200820923,2144.63623046875,0.0,1.0523147583007812,20.0,,0.0,0.0,20.0,0.0,16.702197265625,24.702197265625,Leave_One_experiments/all_year_offline_schedule_search/daily_outputs/FQA/FQA_2016_FQA2016_stress_grid_S0009_daily.csv
FQA,FQA,Fengqiu,2016,Leave_One_experiments\wth_generated_qc\FQA\FQA2016.WTH,normal_year;water_stress_year;nitrogen_stress_year;irrigation_responsive_year,irrigation_responsive,FQA2016_stress_grid_S0009,irrigation_positive_candidate,2016-08-01,214,58,53,"{""sim_day"": 58.0, ""doy"": 214.0, ""topwt"": 2224.537506103516, ""grnwt"": 0.0, ""xlai"": 1.036096692085266, ""totir"": 20.0, ""tofer"": NaN, ""swfac"": 0.0, ""nstres"": 0.4172587394714355}",0.0,0.4172587394714355,2224.537506103516,0.0,1.036096692085266,20.0,,0.0,0.0,20.0,0.0,16.702197265625,24.702197265625,Leave_One_experiments/all_year_offline_schedule_search/daily_outputs/FQA/FQA_2016_FQA2016_stress_grid_S0009_daily.csv
FQA,FQA,Fengqiu,2016,Leave_One_experiments\wth_generated_qc\FQA\FQA2016.WTH,normal_year;water_stress_year;nitrogen_stress_year;irrigation_responsive_year,irrigation_responsive,FQA2016_stress_grid_S0009,irrigation_positive_candidate,2016-08-02,215,59,54,"{""sim_day"": 59.0, ""doy"": 215.0, ""topwt"": 2302.757110595703, ""grnwt"": 0.0, ""xlai"": 1.0201826095581057, ""totir"": 20.0, ""tofer"": NaN, ""swfac"": 0.0, ""nstres"": 0.4130841493606567}",0.0,0.4130841493606567,2302.757110595703,0.0,1.0201826095581057,20.0,,0.0,0.0,20.0,0.0,16.702197265625,24.702197265625,Leave_One_experiments/all_year_offline_schedule_search/daily_outputs/FQA/FQA_2016_FQA2016_stress_grid_S0009_daily.csv
FQA,FQA,Fengqiu,2016,Leave_One_experiments\wth_generated_qc\FQA\FQA2016.WTH,normal_year;water_stress_year;nitrogen_stress_year;irrigation_responsive_year,irrigation_responsive,FQA2016_stress_grid_S0009,irrigation_positive_candidate,2016-08-03,216,60,55,"{""sim_day"": 60.0, ""doy"": 216.0, ""topwt"": 2383.7225341796875, ""grnwt"": 0.0, ""xlai"": 1.0058339834213257, ""totir"": 20.0, ""tofer"": NaN, ""swfac"": 0.0, ""nstres"": 0.4048143029212951}",0.0,0.4048143029212951,2383.7225341796875,0.0,1.0058339834213257,20.0,,0.0,0.0,20.0,0.0,16.702197265625,24.702197265625,Leave_One_experiments/all_year_offline_schedule_search/daily_outputs/FQA/FQA_2016_FQA2016_stress_grid_S0009_daily.csv
FQA,FQA,Fengqiu,2016,Leave_One_experiments\wth_generated_qc\FQA\FQA2016.WTH,normal_year;water_stress_year;nitrogen_stress_year;irrigation_responsive_year,irrigation_responsive,FQA2016_stress_grid_S0009,irrigation_positive_candidate,2016-08-04,217,61,56,"{""sim_day"": 61.0, ""doy"": 217.0, ""topwt"": 2469.0065002441406, ""grnwt"": 0.0, ""xlai"": 0.993561327457428, ""totir"": 20.0, ""tofer"": NaN, ""swfac"": 0.0, ""nstres"": 0.3922653198242187}",0.0,0.3922653198242187,2469.0065002441406,0.0,0.993561327457428,20.0,,0.0,0.0,20.0,0.0,16.702197265625,24.702197265625,Leave_One_experiments/all_year_offline_schedule_search/daily_outputs/FQA/FQA_2016_FQA2016_stress_grid_S0009_daily.csv
FQA,FQA,Fengqiu,2016,Leave_One_experiments\wth_generated_qc\FQA\FQA2016.WTH,normal_year;water_stress_year;nitrogen_stress_year;irrigation_responsive_year,irrigation_responsive,FQA2016_stress_grid_S0009,irrigation_positive_candidate,2016-08-05,218,62,57,"{""sim_day"": 62.0, ""doy"": 218.0, ""topwt"": 2505.581359863281, ""grnwt"": 0.0, ""xlai"": 0.9611091613769532, ""totir"": 20.0, ""tofer"": NaN, ""swfac"": 0.0, ""nstres"": 0.3838997483253479}",0.0,0.3838997483253479,2505.581359863281,0.0,0.9611091613769532,20.0,,0.0,0.0,20.0,0.0,16.702197265625,24.702197265625,Leave_One_experiments/all_year_offline_schedule_search/daily_outputs/FQA/FQA_2016_FQA2016_stress_grid_S0009_daily.csv
FQA,FQA,Fengqiu,2016,Leave_One_experiments\wth_generated_qc\FQA\FQA2016.WTH,normal_year;water_stress_year;nitrogen_stress_year;irrigation_responsive_year,irrigation_responsive,FQA2016_stress_grid_S0009,irrigation_positive_candidate,2016-08-06,219,63,58,"{""sim_day"": 63.0, ""doy"": 219.0, ""topwt"": 2571.6989135742188, ""grnwt"": 0.0, ""xlai"": 0.93066668510437, ""totir"": 20.0, ""tofer"": NaN, ""swfac"": 0.0, ""nstres"": 0.3601816892623901}",0.0,0.3601816892623901,2571.6989135742188,0.0,0.93066668510437,20.0,,0.0,0.0,20.0,0.0,16.702197265625,24.702197265625,Leave_One_experiments/all_year_offline_schedule_search/daily_outputs/FQA/FQA_2016_FQA2016_stress_grid_S0009_daily.csv
FQA,FQA,Fengqiu,2016,Leave_One_experiments\wth_generated_qc\FQA\FQA2016.WTH,normal_year;water_stress_year;nitrogen_stress_year;irrigation_responsive_year,irrigation_responsive,FQA2016_stress_grid_S0009,irrigation_positive_candidate,2016-08-07,220,64,59,"{""sim_day"": 64.0, ""doy"": 220.0, ""topwt"": 2609.682006835937, ""grnwt"": 0.0, ""xlai"": 0.9018703103065492, ""totir"": 20.0, ""tofer"": NaN, ""swfac"": 0.0, ""nstres"": 0.3425990343093872}",0.0,0.3425990343093872,2609.682006835937,0.0,0.9018703103065492,20.0,,0.0,0.0,20.0,0.0,16.702197265625,24.702197265625,Leave_One_experiments/all_year_offline_schedule_search/daily_outputs/FQA/FQA_2016_FQA2016_stress_grid_S0009_daily.csv
FQA,FQA,Fengqiu,2016,Leave_One_experiments\wth_generated_qc\FQA\FQA2016.WTH,normal_year;water_stress_year;nitrogen_stress_year;irrigation_responsive_year,irrigation_responsive,FQA2016_stress_grid_S0009,irrigation_positive_candidate,2016-08-08,221,65,60,"{""sim_day"": 65.0, ""doy"": 221.0, ""topwt"": 2658.1509399414062, ""grnwt"": 0.0, ""xlai"": 0.8744234442710876, ""totir"": 20.0, ""tofer"": NaN, ""swfac"": 0.0, ""nstres"": 0.3303983211517334}",0.0,0.3303983211517334,2658.1509399414062,0.0,0.8744234442710876,20.0,,0.0,0.0,20.0,0.0,16.702197265625,24.702197265625,Leave_One_experiments/all_year_offline_schedule_search/daily_outputs/FQA/FQA_2016_FQA2016_stress_grid_S0009_daily.csv
FQA,FQA,Fengqiu,2016,Leave_One_experiments\wth_generated_qc\FQA\FQA2016.WTH,normal_year;water_stress_year;nitrogen_stress_year;irrigation_responsive_year,irrigation_responsive,FQA2016_stress_grid_S0009,irrigation_positive_candidate,2016-08-09,222,66,61,"{""sim_day"": 66.0, ""doy"": 222.0, ""topwt"": 2751.421813964844, ""grnwt"": 0.0, ""xlai"": 0.8485915660858154, ""totir"": 20.0, ""tofer"": NaN, ""swfac"": 0.0, ""nstres"": 0.3089967966079712}",0.0,0.3089967966079712,2751.421813964844,0.0,0.8485915660858154,20.0,,0.0,0.0,20.0,0.0,16.702197265625,24.702197265625,Leave_One_experiments/all_year_offline_schedule_search/daily_outputs/FQA/FQA_2016_FQA2016_stress_grid_S0009_daily.csv
FQA,FQA,Fengqiu,2016,Leave_One_experiments\wth_generated_qc\FQA\FQA2016.WTH,normal_year;water_stress_year;nitrogen_stress_year;irrigation_responsive_year,irrigation_responsive,FQA2016_stress_grid_S0009,irrigation_positive_candidate,2016-08-10,223,67,62,"{""sim_day"": 67.0, ""doy"": 223.0, ""topwt"": 2859.5294189453125, ""grnwt"": 0.0, ""xlai"": 0.8242908120155334, ""totir"": 20.0, ""tofer"": NaN, ""swfac"": 0.0, ""nstres"": 0.2872784733772278}",0.0,0.2872784733772278,2859.5294189453125,0.0,0.8242908120155334,20.0,,0.0,0.0,20.0,0.0,16.702197265625,24.702197265625,Leave_One_experiments/all_year_offline_schedule_search/daily_outputs/FQA/FQA_2016_FQA2016_stress_grid_S0009_daily.csv
FQA,FQA,Fengqiu,2016,Leave_One_experiments\wth_generated_qc\FQA\FQA2016.WTH,normal_year;water_stress_year;nitrogen_stress_year;irrigation_responsive_year,irrigation_responsive,FQA2016_stress_grid_S0009,irrigation_positive_candidate,2016-08-11,224,68,63,"{""sim_day"": 68.0, ""doy"": 224.0, ""topwt"": 2965.4315185546875, ""grnwt"": 0.0, ""xlai"": 0.8012216687202454, ""totir"": 20.0, ""tofer"": NaN, ""swfac"": 0.0, ""nstres"": 0.2716800570487976}",0.0,0.2716800570487976,2965.4315185546875,0.0,0.8012216687202454,20.0,,0.0,0.0,20.0,0.0,16.702197265625,24.702197265625,Leave_One_experiments/all_year_offline_schedule_search/daily_outputs/FQA/FQA_2016_FQA2016_stress_grid_S0009_daily.csv
FQA,FQA,Fengqiu,2016,Leave_One_experiments\wth_generated_qc\FQA\FQA2016.WTH,normal_year;water_stress_year;nitrogen_stress_year;irrigation_responsive_year,irrigation_responsive,FQA2016_stress_grid_S0009,irrigation_positive_candidate,2016-08-12,225,69,64,"{""sim_day"": 69.0, ""doy"": 225.0, ""topwt"": 3058.1362915039062, ""grnwt"": 0.0, ""xlai"": 0.7793305516242981, ""totir"": 20.0, ""tofer"": NaN, ""swfac"": 0.0, ""nstres"": 0.2557304501533508}",0.0,0.2557304501533508,3058.1362915039062,0.0,0.7793305516242981,20.0,,0.0,0.0,20.0,0.0,16.702197265625,24.702197265625,Leave_One_experiments/all_year_offline_schedule_search/daily_outputs/FQA/FQA_2016_FQA2016_stress_grid_S0009_daily.csv
FQA,FQA,Fengqiu,2016,Leave_One_experiments\wth_generated_qc\FQA\FQA2016.WTH,normal_year;water_stress_year;nitrogen_stress_year;irrigation_responsive_year,irrigation_responsive,FQA2016_stress_grid_S0009,irrigation_positive_candidate,2016-08-13,226,70,65,"{""sim_day"": 70.0, ""doy"": 226.0, ""topwt"": 3160.74951171875, ""grnwt"": 102.61319160461426, ""xlai"": 0.7586781978607178, ""totir"": 20.0, ""tofer"": NaN, ""swfac"": 0.0, ""nstres"": 0.2360041141510009}",0.0,0.2360041141510009,3160.74951171875,102.61319160461426,0.7586781978607178,20.0,,0.0,0.0,20.0,0.0,16.702197265625,24.702197265625,Leave_One_experiments/all_year_offline_schedule_search/daily_outputs/FQA/FQA_2016_FQA2016_stress_grid_S0009_daily.csv
FQA,FQA,Fengqiu,2016,Leave_One_experiments\wth_generated_qc\FQA\FQA2016.WTH,normal_year;water_stress_year;nitrogen_stress_year;irrigation_responsive_year,irrigation_responsive,FQA2016_stress_grid_S0009,irrigation_positive_candidate,2016-08-14,227,71,66,"{""sim_day"": 71.0, ""doy"": 227.0, ""topwt"": 3249.6356201171875, ""grnwt"": 211.32556915283203, ""xlai"": 0.7375636696815491, ""totir"": 20.0, ""tofer"": NaN, ""swfac"": 0.0, ""nstres"": 0.267935574054718}",0.0,0.267935574054718,3249.6356201171875,211.32556915283203,0.7375636696815491,20.0,,0.0,0.0,20.0,0.0,16.702197265625,24.702197265625,Leave_One_experiments/all_year_offline_schedule_search/daily_outputs/FQA/FQA_2016_FQA2016_stress_grid_S0009_daily.csv
FQA,FQA,Fengqiu,2016,Leave_One_experiments\wth_generated_qc\FQA\FQA2016.WTH,normal_year;water_stress_year;nitrogen_stress_year;irrigation_responsive_year,irrigation_responsive,FQA2016_stress_grid_S0009,irrigation_positive_candidate,2016-08-15,228,72,67,"{""sim_day"": 72.0, ""doy"": 228.0, ""topwt"": 3300.361328125, ""grnwt"": 320.0379180908203, ""xlai"": 0.716827929019928, ""totir"": 20.0, ""tofer"": NaN, ""swfac"": 0.0, ""nstres"": 0.2747313976287842}",0.0,0.2747313976287842,3300.361328125,320.0379180908203,0.716827929019928,20.0,,0.0,0.0,20.0,0.0,16.702197265625,24.702197265625,Leave_One_experiments/all_year_offline_schedule_search/daily_outputs/FQA/FQA_2016_FQA2016_stress_grid_S0009_daily.csv
FQA,FQA,Fengqiu,2016,Leave_One_experiments\wth_generated_qc\FQA\FQA2016.WTH,normal_year;water_stress_year;nitrogen_stress_year;irrigation_responsive_year,irrigation_responsive,FQA2016_stress_grid_S0009,irrigation_positive_candidate,2016-08-16,229,73,68,"{""sim_day"": 73.0, ""doy"": 229.0, ""topwt"": 3377.110290527344, ""grnwt"": 428.7503051757813, ""xlai"": 0.6967400312423706, ""totir"": 20.0, ""tofer"": NaN, ""swfac"": 0.0, ""nstres"": 0.2725610136985779}",0.0,0.2725610136985779,3377.110290527344,428.7503051757813,0.6967400312423706,20.0,,0.0,0.0,20.0,0.0,16.702197265625,24.702197265625,Leave_One_experiments/all_year_offline_schedule_search/daily_outputs/FQA/FQA_2016_FQA2016_stress_grid_S0009_daily.csv
FQA,FQA,Fengqiu,2016,Leave_One_experiments\wth_generated_qc\FQA\FQA2016.WTH,normal_year;water_stress_year;nitrogen_stress_year;irrigation_responsive_year,irrigation_responsive,FQA2016_stress_grid_S0009,irrigation_positive_candidate,2016-08-17,230,74,69,"{""sim_day"": 74.0, ""doy"": 230.0, ""topwt"": 3477.8466796875, ""grnwt"": 509.6051406860352, ""xlai"": 0.6777059435844421, ""totir"": 20.0, ""tofer"": NaN, ""swfac"": 0.0, ""nstres"": 0.255649983882904}",0.0,0.255649983882904,3477.8466796875,509.6051406860352,0.6777059435844421,20.0,,0.0,0.0,20.0,0.0,16.702197265625,24.702197265625,Leave_One_experiments/all_year_offline_schedule_search/daily_outputs/FQA/FQA_2016_FQA2016_stress_grid_S0009_daily.csv
FQA,FQA,Fengqiu,2016,Leave_One_experiments\wth_generated_qc\FQA\FQA2016.WTH,normal_year;water_stress_year;nitrogen_stress_year;irrigation_responsive_year,irrigation_responsive,FQA2016_stress_grid_S0009,irrigation_positive_candidate,2016-08-18,231,75,70,"{""sim_day"": 75.0, ""doy"": 231.0, ""topwt"": 3508.334045410156, ""grnwt"": 618.3174896240234, ""xlai"": 0.659571647644043, ""totir"": 20.0, ""tofer"": NaN, ""swfac"": 0.0, ""nstres"": 0.2421994805335998}",0.0,0.2421994805335998,3508.334045410156,618.3174896240234,0.659571647644043,20.0,,0.0,0.0,20.0,0.0,16.702197265625,24.702197265625,Leave_One_experiments/all_year_offline_schedule_search/daily_outputs/FQA/FQA_2016_FQA2016_stress_grid_S0009_daily.csv
FQA,FQA,Fengqiu,2016,Leave_One_experiments\wth_generated_qc\FQA\FQA2016.WTH,normal_year;water_stress_year;nitrogen_stress_year;irrigation_responsive_year,irrigation_responsive,FQA2016_stress_grid_S0009,irrigation_positive_candidate,2016-08-19,232,76,71,"{""sim_day"": 76.0, ""doy"": 232.0, ""topwt"": 3580.9893798828125, ""grnwt"": 727.0298767089844, ""xlai"": 0.6413002610206604, ""totir"": 20.0, ""tofer"": NaN, ""swfac"": 0.0, ""nstres"": 0.2648437619209289}",0.0,0.2648437619209289,3580.9893798828125,727.0298767089844,0.6413002610206604,20.0,,0.0,0.0,20.0,0.0,16.702197265625,24.702197265625,Leave_One_experiments/all_year_offline_schedule_search/daily_outputs/FQA/FQA_2016_FQA2016_stress_grid_S0009_daily.csv
FQA,FQA,Fengqiu,2016,Leave_One_experiments\wth_generated_qc\FQA\FQA2016.WTH,normal_year;water_stress_year;nitrogen_stress_year;irrigation_responsive_year,irrigation_responsive,FQA2016_stress_grid_S0009,irrigation_positive_candidate,2016-08-20,233,77,72,"{""sim_day"": 77.0, ""doy"": 233.0, ""topwt"": 3700.273742675781, ""grnwt"": 835.7422637939453, ""xlai"": 0.6240475177764893, ""totir"": 20.0, ""tofer"": NaN, ""swfac"": 0.0, ""nstres"": 0.2456636428833007}",0.0,0.2456636428833007,3700.273742675781,835.7422637939453,0.6240475177764893,20.0,,0.0,0.0,20.0,0.0,16.702197265625,24.702197265625,Leave_One_experiments/all_year_offline_schedule_search/daily_outputs/FQA/FQA_2016_FQA2016_stress_grid_S0009_daily.csv
FQA,FQA,Fengqiu,2016,Leave_One_experiments\wth_generated_qc\FQA\FQA2016.WTH,normal_year;water_stress_year;nitrogen_stress_year;irrigation_responsive_year,irrigation_responsive,FQA2016_stress_grid_S0009,irrigation_positive_candidate,2016-08-21,234,78,73,"{""sim_day"": 78.0, ""doy"": 234.0, ""topwt"": 3802.778015136719, ""grnwt"": 933.5833740234376, ""xlai"": 0.6072914600372314, ""totir"": 20.0, ""tofer"": NaN, ""swfac"": 0.0, ""nstres"": 0.2444146275520324}",0.0,0.2444146275520324,3802.778015136719,933.5833740234376,0.6072914600372314,20.0,,0.0,0.0,20.0,0.0,16.702197265625,24.702197265625,Leave_One_experiments/all_year_offline_schedule_search/daily_outputs/FQA/FQA_2016_FQA2016_stress_grid_S0009_daily.csv
FQA,FQA,Fengqiu,2016,Leave_One_experiments\wth_generated_qc\FQA\FQA2016.WTH,normal_year;water_stress_year;nitrogen_stress_year;irrigation_responsive_year,irrigation_responsive,FQA2016_stress_grid_S0009,irrigation_positive_candidate,2016-08-22,235,79,74,"{""sim_day"": 79.0, ""doy"": 235.0, ""topwt"": 3876.091918945313, ""grnwt"": 1012.3998260498048, ""xlai"": 0.5906032919883728, ""totir"": 20.0, ""tofer"": NaN, ""swfac"": 0.0, ""nstres"": 0.2595136165618896}",0.0,0.2595136165618896,3876.091918945313,1012.3998260498048,0.5906032919883728,20.0,,0.0,0.0,20.0,0.0,16.702197265625,24.702197265625,Leave_One_experiments/all_year_offline_schedule_search/daily_outputs/FQA/FQA_2016_FQA2016_stress_grid_S0009_daily.csv
FQA,FQA,Fengqiu,2016,Leave_One_experiments\wth_generated_qc\FQA\FQA2016.WTH,normal_year;water_stress_year;nitrogen_stress_year;irrigation_responsive_year,irrigation_responsive,FQA2016_stress_grid_S0009,irrigation_positive_candidate,2016-08-23,236,80,75,"{""sim_day"": 80.0, ""doy"": 236.0, ""topwt"": 3955.0103759765625, ""grnwt"": 1083.0628967285156, ""xlai"": 0.5743324756622314, ""totir"": 20.0, ""tofer"": NaN, ""swfac"": 0.0, ""nstres"": 0.2611873149871826}",0.0,0.2611873149871826,3955.0103759765625,1083.0628967285156,0.5743324756622314,20.0,,0.0,0.0,20.0,0.0,16.702197265625,24.702197265625,Leave_One_experiments/all_year_offline_schedule_search/daily_outputs/FQA/FQA_2016_FQA2016_stress_grid_S0009_daily.csv
FQA,FQA,Fengqiu,2016,Leave_One_experiments\wth_generated_qc\FQA\FQA2016.WTH,normal_year;water_stress_year;nitrogen_stress_year;irrigation_responsive_year,irrigation_responsive,FQA2016_stress_grid_S0009,irrigation_positive_candidate,2016-08-24,237,81,76,"{""sim_day"": 81.0, ""doy"": 237.0, ""topwt"": 3984.723510742188, ""grnwt"": 1191.7752838134766, ""xlai"": 0.5585813522338867, ""totir"": 20.0, ""tofer"": NaN, ""swfac"": 0.0, ""nstres"": 0.258202850818634}",0.0,0.258202850818634,3984.723510742188,1191.7752838134766,0.5585813522338867,20.0,,0.0,0.0,20.0,0.0,16.702197265625,24.702197265625,Leave_One_experiments/all_year_offline_schedule_search/daily_outputs/FQA/FQA_2016_FQA2016_stress_grid_S0009_daily.csv
FQA,FQA,Fengqiu,2016,Leave_One_experiments\wth_generated_qc\FQA\FQA2016.WTH,normal_year;water_stress_year;nitrogen_stress_year;irrigation_responsive_year,irrigation_responsive,FQA2016_stress_grid_S0009,irrigation_positive_candidate,2016-08-25,238,82,77,"{""sim_day"": 82.0, ""doy"": 238.0, ""topwt"": 4081.927490234375, ""grnwt"": 1300.4876708984375, ""xlai"": 0.5428388714790344, ""totir"": 20.0, ""tofer"": NaN, ""swfac"": 0.0, ""nstres"": 0.2763897776603699}",0.0,0.2763897776603699,4081.927490234375,1300.4876708984375,0.5428388714790344,20.0,,0.0,0.0,20.0,0.0,16.702197265625,24.702197265625,Leave_One_experiments/all_year_offline_schedule_search/daily_outputs/FQA/FQA_2016_FQA2016_stress_grid_S0009_daily.csv
FQA,FQA,Fengqiu,2016,Leave_One_experiments\wth_generated_qc\FQA\FQA2016.WTH,normal_year;water_stress_year;nitrogen_stress_year;irrigation_responsive_year,irrigation_responsive,FQA2016_stress_grid_S0009,irrigation_positive_candidate,2016-08-26,239,83,78,"{""sim_day"": 83.0, ""doy"": 239.0, ""topwt"": 4197.793884277344, ""grnwt"": 1409.1999816894531, ""xlai"": 0.5279209017753601, ""totir"": 20.0, ""tofer"": NaN, ""swfac"": 0.0, ""nstres"": 0.2595548033714294}",0.0,0.2595548033714294,4197.793884277344,1409.1999816894531,0.5279209017753601,20.0,,0.0,0.0,20.0,0.0,16.702197265625,24.702197265625,Leave_One_experiments/all_year_offline_schedule_search/daily_outputs/FQA/FQA_2016_FQA2016_stress_grid_S0009_daily.csv
FQA,FQA,Fengqiu,2016,Leave_One_experiments\wth_generated_qc\FQA\FQA2016.WTH,normal_year;water_stress_year;nitrogen_stress_year;irrigation_responsive_year,irrigation_responsive,FQA2016_stress_grid_S0009,irrigation_positive_candidate,2016-08-27,240,84,79,"{""sim_day"": 84.0, ""doy"": 240.0, ""topwt"": 4311.08154296875, ""grnwt"": 1517.9122924804688, ""xlai"": 0.5129693150520325, ""totir"": 20.0, ""tofer"": NaN, ""swfac"": 0.0, ""nstres"": 0.2797169685363769}",0.0,0.2797169685363769,4311.08154296875,1517.9122924804688,0.5129693150520325,20.0,,0.0,0.0,20.0,0.0,16.702197265625,24.702197265625,Leave_One_experiments/all_year_offline_schedule_search/daily_outputs/FQA/FQA_2016_FQA2016_stress_grid_S0009_daily.csv
FQA,FQA,Fengqiu,2016,Leave_One_experiments\wth_generated_qc\FQA\FQA2016.WTH,normal_year;water_stress_year;nitrogen_stress_year;irrigation_responsive_year,irrigation_responsive,FQA2016_stress_grid_S0009,irrigation_positive_candidate,2016-08-28,241,85,80,"{""sim_day"": 85.0, ""doy"": 241.0, ""topwt"": 4413.780212402344, ""grnwt"": 1626.6246032714844, ""xlai"": 0.4977713823318481, ""totir"": 20.0, ""tofer"": NaN, ""swfac"": 0.0, ""nstres"": 0.3110568523406982}",0.0,0.3110568523406982,4413.780212402344,1626.6246032714844,0.4977713823318481,20.0,,0.0,0.0,20.0,0.0,16.702197265625,24.702197265625,Leave_One_experiments/all_year_offline_schedule_search/daily_outputs/FQA/FQA_2016_FQA2016_stress_grid_S0009_daily.csv
FQA,FQA,Fengqiu,2016,Leave_One_experiments\wth_generated_qc\FQA\FQA2016.WTH,normal_year;water_stress_year;nitrogen_stress_year;irrigation_responsive_year,irrigation_responsive,FQA2016_stress_grid_S0009,irrigation_positive_candidate,2016-08-29,242,86,81,"{""sim_day"": 86.0, ""doy"": 242.0, ""topwt"": 4497.2314453125, ""grnwt"": 1735.3369140625, ""xlai"": 0.4824342727661133, ""totir"": 20.0, ""tofer"": NaN, ""swfac"": 0.0, ""nstres"": 0.3394784331321716}",0.0,0.3394784331321716,4497.2314453125,1735.3369140625,0.4824342727661133,20.0,,0.0,0.0,20.0,0.0,16.702197265625,24.702197265625,Leave_One_experiments/all_year_offline_schedule_search/daily_outputs/FQA/FQA_2016_FQA2016_stress_grid_S0009_daily.csv
FQA,FQA,Fengqiu,2016,Leave_One_experiments\wth_generated_qc\FQA\FQA2016.WTH,normal_year;water_stress_year;nitrogen_stress_year;irrigation_responsive_year,irrigation_responsive,FQA2016_stress_grid_S0009,irrigation_positive_candidate,2016-08-30,243,87,82,"{""sim_day"": 87.0, ""doy"": 243.0, ""topwt"": 4585.350646972656, ""grnwt"": 1844.049224853516, ""xlai"": 0.4671294689178467, ""totir"": 20.0, ""tofer"": NaN, ""swfac"": 0.0, ""nstres"": 0.3613786101341247}",0.0,0.3613786101341247,4585.350646972656,1844.049224853516,0.4671294689178467,20.0,,0.0,0.0,20.0,0.0,16.702197265625,24.702197265625,Leave_One_experiments/all_year_offline_schedule_search/daily_outputs/FQA/FQA_2016_FQA2016_stress_grid_S0009_daily.csv
FQA,FQA,Fengqiu,2016,Leave_One_experiments\wth_generated_qc\FQA\FQA2016.WTH,normal_year;water_stress_year;nitrogen_stress_year;irrigation_responsive_year,irrigation_responsive,FQA2016_stress_grid_S0009,irrigation_positive_candidate,2016-08-31,244,88,83,"{""sim_day"": 88.0, ""doy"": 244.0, ""topwt"": 4668.9447021484375, ""grnwt"": 1952.7615356445312, ""xlai"": 0.4521045684814453, ""totir"": 20.0, ""tofer"": NaN, ""swfac"": 0.0, ""nstres"": 0.3719456791877746}",0.0,0.3719456791877746,4668.9447021484375,1952.7615356445312,0.4521045684814453,20.0,,0.0,0.0,20.0,0.0,16.702197265625,24.702197265625,Leave_One_experiments/all_year_offline_schedule_search/daily_outputs/FQA/FQA_2016_FQA2016_stress_grid_S0009_daily.csv
FQA,FQA,Fengqiu,2016,Leave_One_experiments\wth_generated_qc\FQA\FQA2016.WTH,normal_year;water_stress_year;nitrogen_stress_year;irrigation_responsive_year,irrigation_responsive,FQA2016_stress_grid_S0009,irrigation_positive_candidate,2016-09-01,245,89,84,"{""sim_day"": 89.0, ""doy"": 245.0, ""topwt"": 4750.005493164063, ""grnwt"": 2061.473846435547, ""xlai"": 0.4373260736465454, ""totir"": 20.0, ""tofer"": NaN, ""swfac"": 0.0, ""nstres"": 0.3845186233520508}",0.0,0.3845186233520508,4750.005493164063,2061.473846435547,0.4373260736465454,20.0,,0.0,0.0,20.0,0.0,16.702197265625,24.702197265625,Leave_One_experiments/all_year_offline_schedule_search/daily_outputs/FQA/FQA_2016_FQA2016_stress_grid_S0009_daily.csv
FQA,FQA,Fengqiu,2016,Leave_One_experiments\wth_generated_qc\FQA\FQA2016.WTH,normal_year;water_stress_year;nitrogen_stress_year;irrigation_responsive_year,irrigation_responsive,FQA2016_stress_grid_S0009,irrigation_positive_candidate,2016-09-02,246,90,85,"{""sim_day"": 90.0, ""doy"": 246.0, ""topwt"": 4788.466796875, ""grnwt"": 2170.1861572265625, ""xlai"": 0.422812670469284, ""totir"": 20.0, ""tofer"": NaN, ""swfac"": 0.0, ""nstres"": 0.3964805603027344}",0.0,0.3964805603027344,4788.466796875,2170.1861572265625,0.422812670469284,20.0,,0.0,0.0,20.0,0.0,16.702197265625,24.702197265625,Leave_One_experiments/all_year_offline_schedule_search/daily_outputs/FQA/FQA_2016_FQA2016_stress_grid_S0009_daily.csv
FQA,FQA,Fengqiu,2016,Leave_One_experiments\wth_generated_qc\FQA\FQA2016.WTH,normal_year;water_stress_year;nitrogen_stress_year;irrigation_responsive_year,irrigation_responsive,FQA2016_stress_grid_S0009,irrigation_positive_candidate,2016-09-03,247,91,86,"{""sim_day"": 91.0, ""doy"": 247.0, ""topwt"": 4845.047607421875, ""grnwt"": 2278.898468017578, ""xlai"": 0.4086426794528961, ""totir"": 20.0, ""tofer"": NaN, ""swfac"": 0.0, ""nstres"": 0.4043283462524414}",0.0,0.4043283462524414,4845.047607421875,2278.898468017578,0.4086426794528961,20.0,,0.0,0.0,20.0,0.0,16.702197265625,24.702197265625,Leave_One_experiments/all_year_offline_schedule_search/daily_outputs/FQA/FQA_2016_FQA2016_stress_grid_S0009_daily.csv
FQA,FQA,Fengqiu,2016,Leave_One_experiments\wth_generated_qc\FQA\FQA2016.WTH,normal_year;water_stress_year;nitrogen_stress_year;irrigation_responsive_year,irrigation_responsive,FQA2016_stress_grid_S0009,irrigation_positive_candidate,2016-09-04,248,92,87,"{""sim_day"": 92.0, ""doy"": 248.0, ""topwt"": 4893.673095703125, ""grnwt"": 2387.6107788085938, ""xlai"": 0.3951817154884338, ""totir"": 20.0, ""tofer"": NaN, ""swfac"": 0.0, ""nstres"": 0.3905741572380066}",0.0,0.3905741572380066,4893.673095703125,2387.6107788085938,0.3951817154884338,20.0,,0.0,0.0,20.0,0.0,16.702197265625,24.702197265625,Leave_One_experiments/all_year_offline_schedule_search/daily_outputs/FQA/FQA_2016_FQA2016_stress_grid_S0009_daily.csv
FQA,FQA,Fengqiu,2016,Leave_One_experiments\wth_generated_qc\FQA\FQA2016.WTH,normal_year;water_stress_year;nitrogen_stress_year;irrigation_responsive_year,irrigation_responsive,FQA2016_stress_grid_S0009,irrigation_positive_candidate,2016-09-05,249,93,88,"{""sim_day"": 93.0, ""doy"": 249.0, ""topwt"": 4939.55078125, ""grnwt"": 2496.3230895996094, ""xlai"": 0.3822074234485626, ""totir"": 20.0, ""tofer"": NaN, ""swfac"": 0.0, ""nstres"": 0.3879502415657043}",0.0,0.3879502415657043,4939.55078125,2496.3230895996094,0.3822074234485626,20.0,,0.0,0.0,20.0,0.0,16.702197265625,24.702197265625,Leave_One_experiments/all_year_offline_schedule_search/daily_outputs/FQA/FQA_2016_FQA2016_stress_grid_S0009_daily.csv
FQA,FQA,Fengqiu,2016,Leave_One_experiments\wth_generated_qc\FQA\FQA2016.WTH,normal_year;water_stress_year;nitrogen_stress_year;irrigation_responsive_year,irrigation_responsive,FQA2016_stress_grid_S0009,irrigation_positive_candidate,2016-09-06,250,94,89,"{""sim_day"": 94.0, ""doy"": 250.0, ""topwt"": 5006.851196289063, ""grnwt"": 2605.035400390625, ""xlai"": 0.3697331845760345, ""totir"": 20.0, ""tofer"": NaN, ""swfac"": 0.0, ""nstres"": 0.3832958340644836}",0.0,0.3832958340644836,5006.851196289063,2605.035400390625,0.3697331845760345,20.0,,0.0,0.0,20.0,0.0,16.702197265625,24.702197265625,Leave_One_experiments/all_year_offline_schedule_search/daily_outputs/FQA/FQA_2016_FQA2016_stress_grid_S0009_daily.csv
FQA,FQA,Fengqiu,2016,Leave_One_experiments\wth_generated_qc\FQA\FQA2016.WTH,normal_year;water_stress_year;nitrogen_stress_year;irrigation_responsive_year,irrigation_responsive,FQA2016_stress_grid_S0009,irrigation_positive_candidate,2016-09-07,251,95,90,"{""sim_day"": 95.0, ""doy"": 251.0, ""topwt"": 5063.2525634765625, ""grnwt"": 2670.2197265625, ""xlai"": 0.3577371835708618, ""totir"": 20.0, ""tofer"": NaN, ""swfac"": 0.0, ""nstres"": 0.3786801099777221}",0.0,0.3786801099777221,5063.2525634765625,2670.2197265625,0.3577371835708618,20.0,,0.0,0.0,20.0,0.0,16.702197265625,24.702197265625,Leave_One_experiments/all_year_offline_schedule_search/daily_outputs/FQA/FQA_2016_FQA2016_stress_grid_S0009_daily.csv
FQA,FQA,Fengqiu,2016,Leave_One_experiments\wth_generated_qc\FQA\FQA2016.WTH,normal_year;water_stress_year;nitrogen_stress_year;irrigation_responsive_year,irrigation_responsive,FQA2016_stress_grid_S0009,irrigation_positive_candidate,2016-09-08,252,96,91,"{""sim_day"": 96.0, ""doy"": 252.0, ""topwt"": 5063.2525634765625, ""grnwt"": 2670.2197265625, ""xlai"": 0.3577371835708618, ""totir"": 20.0, ""tofer"": NaN, ""swfac"": 0.0, ""nstres"": 0.3478637337684631}",0.0,0.3478637337684631,5063.2525634765625,2670.2197265625,0.3577371835708618,20.0,,0.0,0.0,20.0,0.0,16.702197265625,24.702197265625,Leave_One_experiments/all_year_offline_schedule_search/daily_outputs/FQA/FQA_2016_FQA2016_stress_grid_S0009_daily.csv
FQA,FQA,Fengqiu,2016,Leave_One_experiments\wth_generated_qc\FQA\FQA2016.WTH,normal_year;water_stress_year;nitrogen_stress_year;irrigation_responsive_year,irrigation_responsive,FQA2016_stress_grid_S0009,irrigation_positive_candidate,2016-09-09,253,97,92,"{""sim_day"": 97.0, ""doy"": 253.0, ""topwt"": 5063.2525634765625, ""grnwt"": 2670.2197265625, ""xlai"": 0.3577371835708618, ""totir"": 20.0, ""tofer"": NaN, ""swfac"": 0.0, ""nstres"": 0.3478637337684631}",0.0,0.3478637337684631,5063.2525634765625,2670.2197265625,0.3577371835708618,20.0,,0.0,0.0,20.0,0.0,16.702197265625,24.702197265625,Leave_One_experiments/all_year_offline_schedule_search/daily_outputs/FQA/FQA_2016_FQA2016_stress_grid_S0009_daily.csv
FQA,FQA,Fengqiu,2016,Leave_One_experiments\wth_generated_qc\FQA\FQA2016.WTH,normal_year;water_stress_year;nitrogen_stress_year;irrigation_responsive_year,irrigation_responsive,FQA2016_stress_grid_S0009,irrigation_positive_candidate,2016-09-10,254,98,93,"{""sim_day"": 98.0, ""doy"": 254.0, ""topwt"": 5063.2525634765625, ""grnwt"": 2670.2197265625, ""xlai"": 0.3577371835708618, ""totir"": 20.0, ""tofer"": NaN, ""swfac"": 0.0, ""nstres"": 0.3478637337684631}",0.0,0.3478637337684631,5063.2525634765625,2670.2197265625,0.3577371835708618,20.0,,0.0,0.0,20.0,0.0,16.702197265625,24.702197265625,Leave_One_experiments/all_year_offline_schedule_search/daily_outputs/FQA/FQA_2016_FQA2016_stress_grid_S0009_daily.csv
FQA,FQA,Fengqiu,2016,Leave_One_experiments\wth_generated_qc\FQA\FQA2016.WTH,normal_year;water_stress_year;nitrogen_stress_year;irrigation_responsive_year,irrigation_responsive,FQA2016_stress_grid_S0001,low_input_within_10pct_yield,2016-06-10,162,1,1,"{""sim_day"": 1.0, ""doy"": 162.0, ""topwt"": 0.0, ""grnwt"": 0.0, ""xlai"": 0.0, ""totir"": 0.0, ""tofer"": NaN, ""swfac"": 0.0, ""nstres"": 0.0}",0.0,0.0,0.0,0.0,0.0,0.0,,0.0,0.0,0.0,0.0,26.60712890625,26.60712890625,Leave_One_experiments/all_year_offline_schedule_search/daily_outputs/FQA/FQA_2016_FQA2016_stress_grid_S0001_daily.csv
FQA,FQA,Fengqiu,2016,Leave_One_experiments\wth_generated_qc\FQA\FQA2016.WTH,normal_year;water_stress_year;nitrogen_stress_year;irrigation_responsive_year,irrigation_responsive,FQA2016_stress_grid_S0001,low_input_within_10pct_yield,2016-06-11,163,2,2,"{""sim_day"": 2.0, ""doy"": 163.0, ""topwt"": 0.0, ""grnwt"": 0.0, ""xlai"": 0.0, ""totir"": 0.0, ""tofer"": NaN, ""swfac"": 0.0, ""nstres"": 0.0}",0.0,0.0,0.0,0.0,0.0,0.0,,0.0,0.0,0.0,0.0,26.60712890625,26.60712890625,Leave_One_experiments/all_year_offline_schedule_search/daily_outputs/FQA/FQA_2016_FQA2016_stress_grid_S0001_daily.csv
FQA,FQA,Fengqiu,2016,Leave_One_experiments\wth_generated_qc\FQA\FQA2016.WTH,normal_year;water_stress_year;nitrogen_stress_year;irrigation_responsive_year,irrigation_responsive,FQA2016_stress_grid_S0001,low_input_within_10pct_yield,2016-06-12,164,3,3,"{""sim_day"": 3.0, ""doy"": 164.0, ""topwt"": 0.0, ""grnwt"": 0.0, ""xlai"": 0.0, ""totir"": 0.0, ""tofer"": NaN, ""swfac"": 0.0, ""nstres"": 0.0}",0.0,0.0,0.0,0.0,0.0,0.0,,0.0,0.0,0.0,0.0,26.60712890625,26.60712890625,Leave_One_experiments/all_year_offline_schedule_search/daily_outputs/FQA/FQA_2016_FQA2016_stress_grid_S0001_daily.csv
FQA,FQA,Fengqiu,2016,Leave_One_experiments\wth_generated_qc\FQA\FQA2016.WTH,normal_year;water_stress_year;nitrogen_stress_year;irrigation_responsive_year,irrigation_responsive,FQA2016_stress_grid_S0001,low_input_within_10pct_yield,2016-06-13,165,4,4,"{""sim_day"": 4.0, ""doy"": 165.0, ""topwt"": 0.0, ""grnwt"": 0.0, ""xlai"": 0.0, ""totir"": 0.0, ""tofer"": NaN, ""swfac"": 0.0, ""nstres"": 0.0}",0.0,0.0,0.0,0.0,0.0,0.0,,0.0,0.0,0.0,0.0,26.60712890625,26.60712890625,Leave_One_experiments/all_year_offline_schedule_search/daily_outputs/FQA/FQA_2016_FQA2016_stress_grid_S0001_daily.csv
FQA,FQA,Fengqiu,2016,Leave_One_experiments\wth_generated_qc\FQA\FQA2016.WTH,normal_year;water_stress_year;nitrogen_stress_year;irrigation_responsive_year,irrigation_responsive,FQA2016_stress_grid_S0001,low_input_within_10pct_yield,2016-06-14,166,5,5,"{""sim_day"": 5.0, ""doy"": 166.0, ""topwt"": 0.0, ""grnwt"": 0.0, ""xlai"": 0.0, ""totir"": 0.0, ""tofer"": NaN, ""swfac"": 0.0, ""nstres"": 0.0}",0.0,0.0,0.0,0.0,0.0,0.0,,0.0,0.0,0.0,0.0,26.60712890625,26.60712890625,Leave_One_experiments/all_year_offline_schedule_search/daily_outputs/FQA/FQA_2016_FQA2016_stress_grid_S0001_daily.csv
FQA,FQA,Fengqiu,2016,Leave_One_experiments\wth_generated_qc\FQA\FQA2016.WTH,normal_year;water_stress_year;nitrogen_stress_year;irrigation_responsive_year,irrigation_responsive,FQA2016_stress_grid_S0001,low_input_within_10pct_yield,2016-06-10,162,6,1,"{""sim_day"": 6.0, ""doy"": 162.0, ""topwt"": 0.0, ""grnwt"": 0.0, ""xlai"": 0.0, ""totir"": 0.0, ""tofer"": NaN, ""swfac"": 0.0, ""nstres"": 0.0}",0.0,0.0,0.0,0.0,0.0,0.0,,0.0,0.0,0.0,0.0,26.60712890625,26.60712890625,Leave_One_experiments/all_year_offline_schedule_search/daily_outputs/FQA/FQA_2016_FQA2016_stress_grid_S0001_daily.csv
FQA,FQA,Fengqiu,2016,Leave_One_experiments\wth_generated_qc\FQA\FQA2016.WTH,normal_year;water_stress_year;nitrogen_stress_year;irrigation_responsive_year,irrigation_responsive,FQA2016_stress_grid_S0001,low_input_within_10pct_yield,2016-06-11,163,7,2,"{""sim_day"": 7.0, ""doy"": 163.0, ""topwt"": 0.0, ""grnwt"": 0.0, ""xlai"": 0.0, ""totir"": 0.0, ""tofer"": NaN, ""swfac"": 0.0, ""nstres"": 0.0}",0.0,0.0,0.0,0.0,0.0,0.0,,0.0,0.0,0.0,0.0,26.60712890625,26.60712890625,Leave_One_experiments/all_year_offline_schedule_search/daily_outputs/FQA/FQA_2016_FQA2016_stress_grid_S0001_daily.csv
FQA,FQA,Fengqiu,2016,Leave_One_experiments\wth_generated_qc\FQA\FQA2016.WTH,normal_year;water_stress_year;nitrogen_stress_year;irrigation_responsive_year,irrigation_responsive,FQA2016_stress_grid_S0001,low_input_within_10pct_yield,2016-06-12,164,8,3,"{""sim_day"": 8.0, ""doy"": 164.0, ""topwt"": 0.0, ""grnwt"": 0.0, ""xlai"": 0.0, ""totir"": 0.0, ""tofer"": NaN, ""swfac"": 0.0, ""nstres"": 0.0}",0.0,0.0,0.0,0.0,0.0,0.0,,0.0,0.0,0.0,0.0,26.60712890625,26.60712890625,Leave_One_experiments/all_year_offline_schedule_search/daily_outputs/FQA/FQA_2016_FQA2016_stress_grid_S0001_daily.csv
FQA,FQA,Fengqiu,2016,Leave_One_experiments\wth_generated_qc\FQA\FQA2016.WTH,normal_year;water_stress_year;nitrogen_stress_year;irrigation_responsive_year,irrigation_responsive,FQA2016_stress_grid_S0001,low_input_within_10pct_yield,2016-06-13,165,9,4,"{""sim_day"": 9.0, ""doy"": 165.0, ""topwt"": 0.0, ""grnwt"": 0.0, ""xlai"": 0.0, ""totir"": 0.0, ""tofer"": NaN, ""swfac"": 0.0, ""nstres"": 0.0}",0.0,0.0,0.0,0.0,0.0,0.0,,0.0,0.0,0.0,0.0,26.60712890625,26.60712890625,Leave_One_experiments/all_year_offline_schedule_search/daily_outputs/FQA/FQA_2016_FQA2016_stress_grid_S0001_daily.csv
FQA,FQA,Fengqiu,2016,Leave_One_experiments\wth_generated_qc\FQA\FQA2016.WTH,normal_year;water_stress_year;nitrogen_stress_year;irrigation_responsive_year,irrigation_responsive,FQA2016_stress_grid_S0001,low_input_within_10pct_yield,2016-06-14,166,10,5,"{""sim_day"": 10.0, ""doy"": 166.0, ""topwt"": 32.00000047683716, ""grnwt"": 0.0, ""xlai"": 0.0028274666983634, ""totir"": 0.0, ""tofer"": NaN, ""swfac"": 0.0, ""nstres"": 0.0121910572052001}",0.0,0.0121910572052001,32.00000047683716,0.0,0.0028274666983634,0.0,,0.0,0.0,0.0,0.0,26.60712890625,26.60712890625,Leave_One_experiments/all_year_offline_schedule_search/daily_outputs/FQA/FQA_2016_FQA2016_stress_grid_S0001_daily.csv
FQA,FQA,Fengqiu,2016,Leave_One_experiments\wth_generated_qc\FQA\FQA2016.WTH,normal_year;water_stress_year;nitrogen_stress_year;irrigation_responsive_year,irrigation_responsive,FQA2016_stress_grid_S0001,low_input_within_10pct_yield,2016-06-15,167,11,6,"{""sim_day"": 11.0, ""doy"": 167.0, ""topwt"": 32.00000047683716, ""grnwt"": 0.0, ""xlai"": 0.0056457063183188, ""totir"": 0.0, ""tofer"": NaN, ""swfac"": 0.0, ""nstres"": 0.0044951438903808}",0.0,0.0044951438903808,32.00000047683716,0.0,0.0056457063183188,0.0,,0.0,0.0,0.0,0.0,26.60712890625,26.60712890625,Leave_One_experiments/all_year_offline_schedule_search/daily_outputs/FQA/FQA_2016_FQA2016_stress_grid_S0001_daily.csv
FQA,FQA,Fengqiu,2016,Leave_One_experiments\wth_generated_qc\FQA\FQA2016.WTH,normal_year;water_stress_year;nitrogen_stress_year;irrigation_responsive_year,irrigation_responsive,FQA2016_stress_grid_S0001,low_input_within_10pct_yield,2016-06-16,168,12,7,"{""sim_day"": 12.0, ""doy"": 168.0, ""topwt"": 32.00000047683716, ""grnwt"": 0.0, ""xlai"": 0.0091459024697542, ""totir"": 0.0, ""tofer"": NaN, ""swfac"": 0.0, ""nstres"": 0.0}",0.0,0.0,32.00000047683716,0.0,0.0091459024697542,0.0,,0.0,0.0,0.0,0.0,26.60712890625,26.60712890625,Leave_One_experiments/all_year_offline_schedule_search/daily_outputs/FQA/FQA_2016_FQA2016_stress_grid_S0001_daily.csv
FQA,FQA,Fengqiu,2016,Leave_One_experiments\wth_generated_qc\FQA\FQA2016.WTH,normal_year;water_stress_year;nitrogen_stress_year;irrigation_responsive_year,irrigation_responsive,FQA2016_stress_grid_S0001,low_input_within_10pct_yield,2016-06-17,169,13,8,"{""sim_day"": 13.0, ""doy"": 169.0, ""topwt"": 32.00000047683716, ""grnwt"": 0.0, ""xlai"": 0.0129824532195925, ""totir"": 0.0, ""tofer"": NaN, ""swfac"": 0.0, ""nstres"": 0.0}",0.0,0.0,32.00000047683716,0.0,0.0129824532195925,0.0,,0.0,0.0,0.0,0.0,26.60712890625,26.60712890625,Leave_One_experiments/all_year_offline_schedule_search/daily_outputs/FQA/FQA_2016_FQA2016_stress_grid_S0001_daily.csv
FQA,FQA,Fengqiu,2016,Leave_One_experiments\wth_generated_qc\FQA\FQA2016.WTH,normal_year;water_stress_year;nitrogen_stress_year;irrigation_responsive_year,irrigation_responsive,FQA2016_stress_grid_S0001,low_input_within_10pct_yield,2016-06-18,170,14,9,"{""sim_day"": 14.0, ""doy"": 170.0, ""topwt"": 32.00000047683716, ""grnwt"": 0.0, ""xlai"": 0.0172688979655504, ""totir"": 0.0, ""tofer"": NaN, ""swfac"": 0.0, ""nstres"": 0.0}",0.0,0.0,32.00000047683716,0.0,0.0172688979655504,0.0,,0.0,0.0,0.0,0.0,26.60712890625,26.60712890625,Leave_One_experiments/all_year_offline_schedule_search/daily_outputs/FQA/FQA_2016_FQA2016_stress_grid_S0001_daily.csv
FQA,FQA,Fengqiu,2016,Leave_One_experiments\wth_generated_qc\FQA\FQA2016.WTH,normal_year;water_stress_year;nitrogen_stress_year;irrigation_responsive_year,irrigation_responsive,FQA2016_stress_grid_S0001,low_input_within_10pct_yield,2016-06-19,171,15,10,"{""sim_day"": 15.0, ""doy"": 171.0, ""topwt"": 32.00000047683716, ""grnwt"": 0.0, ""xlai"": 0.0217307321727275, ""totir"": 0.0, ""tofer"": NaN, ""swfac"": 0.0, ""nstres"": 0.0}",0.0,0.0,32.00000047683716,0.0,0.0217307321727275,0.0,,0.0,0.0,0.0,0.0,26.60712890625,26.60712890625,Leave_One_experiments/all_year_offline_schedule_search/daily_outputs/FQA/FQA_2016_FQA2016_stress_grid_S0001_daily.csv
FQA,FQA,Fengqiu,2016,Leave_One_experiments\wth_generated_qc\FQA\FQA2016.WTH,normal_year;water_stress_year;nitrogen_stress_year;irrigation_responsive_year,irrigation_responsive,FQA2016_stress_grid_S0001,low_input_within_10pct_yield,2016-06-20,172,16,11,"{""sim_day"": 16.0, ""doy"": 172.0, ""topwt"": 25.545837879180908, ""grnwt"": 0.0, ""xlai"": 0.0387445278465747, ""totir"": 0.0, ""tofer"": NaN, ""swfac"": 0.0, ""nstres"": 0.0}",0.0,0.0,25.545837879180908,0.0,0.0387445278465747,0.0,,0.0,0.0,0.0,0.0,26.60712890625,26.60712890625,Leave_One_experiments/all_year_offline_schedule_search/daily_outputs/FQA/FQA_2016_FQA2016_stress_grid_S0001_daily.csv
FQA,FQA,Fengqiu,2016,Leave_One_experiments\wth_generated_qc\FQA\FQA2016.WTH,normal_year;water_stress_year;nitrogen_stress_year;irrigation_responsive_year,irrigation_responsive,FQA2016_stress_grid_S0001,low_input_within_10pct_yield,2016-06-21,173,17,12,"{""sim_day"": 17.0, ""doy"": 173.0, ""topwt"": 32.13376998901367, ""grnwt"": 0.0, ""xlai"": 0.0588419660925865, ""totir"": 0.0, ""tofer"": NaN, ""swfac"": 0.0, ""nstres"": 0.0}",0.0,0.0,32.13376998901367,0.0,0.0588419660925865,0.0,,0.0,0.0,0.0,0.0,26.60712890625,26.60712890625,Leave_One_experiments/all_year_offline_schedule_search/daily_outputs/FQA/FQA_2016_FQA2016_stress_grid_S0001_daily.csv
FQA,FQA,Fengqiu,2016,Leave_One_experiments\wth_generated_qc\FQA\FQA2016.WTH,normal_year;water_stress_year;nitrogen_stress_year;irrigation_responsive_year,irrigation_responsive,FQA2016_stress_grid_S0001,low_input_within_10pct_yield,2016-06-22,174,18,13,"{""sim_day"": 18.0, ""doy"": 174.0, ""topwt"": 33.948304653167725, ""grnwt"": 0.0, ""xlai"": 0.0640096440911293, ""totir"": 0.0, ""tofer"": NaN, ""swfac"": 0.0, ""nstres"": 0.0}",0.0,0.0,33.948304653167725,0.0,0.0640096440911293,0.0,,0.0,0.0,0.0,0.0,26.60712890625,26.60712890625,Leave_One_experiments/all_year_offline_schedule_search/daily_outputs/FQA/FQA_2016_FQA2016_stress_grid_S0001_daily.csv
FQA,FQA,Fengqiu,2016,Leave_One_experiments\wth_generated_qc\FQA\FQA2016.WTH,normal_year;water_stress_year;nitrogen_stress_year;irrigation_responsive_year,irrigation_responsive,FQA2016_stress_grid_S0001,low_input_within_10pct_yield,2016-06-23,175,19,14,"{""sim_day"": 19.0, ""doy"": 175.0, ""topwt"": 40.89386463165283, ""grnwt"": 0.0, ""xlai"": 0.0830233842134475, ""totir"": 0.0, ""tofer"": NaN, ""swfac"": 0.0, ""nstres"": 0.0}",0.0,0.0,40.89386463165283,0.0,0.0830233842134475,0.0,,0.0,0.0,0.0,0.0,26.60712890625,26.60712890625,Leave_One_experiments/all_year_offline_schedule_search/daily_outputs/FQA/FQA_2016_FQA2016_stress_grid_S0001_daily.csv
FQA,FQA,Fengqiu,2016,Leave_One_experiments\wth_generated_qc\FQA\FQA2016.WTH,normal_year;water_stress_year;nitrogen_stress_year;irrigation_responsive_year,irrigation_responsive,FQA2016_stress_grid_S0001,low_input_within_10pct_yield,2016-06-24,176,20,15,"{""sim_day"": 20.0, ""doy"": 176.0, ""topwt"": 49.44968700408936, ""grnwt"": 0.0, ""xlai"": 0.1049792245030403, ""totir"": 0.0, ""tofer"": NaN, ""swfac"": 0.0, ""nstres"": 0.0}",0.0,0.0,49.44968700408936,0.0,0.1049792245030403,0.0,,0.0,0.0,0.0,0.0,26.60712890625,26.60712890625,Leave_One_experiments/all_year_offline_schedule_search/daily_outputs/FQA/FQA_2016_FQA2016_stress_grid_S0001_daily.csv
FQA,FQA,Fengqiu,2016,Leave_One_experiments\wth_generated_qc\FQA\FQA2016.WTH,normal_year;water_stress_year;nitrogen_stress_year;irrigation_responsive_year,irrigation_responsive,FQA2016_stress_grid_S0001,low_input_within_10pct_yield,2016-06-25,177,21,16,"{""sim_day"": 21.0, ""doy"": 177.0, ""topwt"": 58.95122051239014, ""grnwt"": 0.0, ""xlai"": 0.128013014793396, ""totir"": 0.0, ""tofer"": NaN, ""swfac"": 0.0, ""nstres"": 0.0}",0.0,0.0,58.95122051239014,0.0,0.128013014793396,0.0,,0.0,0.0,0.0,0.0,26.60712890625,26.60712890625,Leave_One_experiments/all_year_offline_schedule_search/daily_outputs/FQA/FQA_2016_FQA2016_stress_grid_S0001_daily.csv
FQA,FQA,Fengqiu,2016,Leave_One_experiments\wth_generated_qc\FQA\FQA2016.WTH,normal_year;water_stress_year;nitrogen_stress_year;irrigation_responsive_year,irrigation_responsive,FQA2016_stress_grid_S0001,low_input_within_10pct_yield,2016-06-26,178,22,17,"{""sim_day"": 22.0, ""doy"": 178.0, ""topwt"": 69.6478271484375, ""grnwt"": 0.0, ""xlai"": 0.1526857614517212, ""totir"": 0.0, ""tofer"": NaN, ""swfac"": 0.0, ""nstres"": 0.0}",0.0,0.0,69.6478271484375,0.0,0.1526857614517212,0.0,,0.0,0.0,0.0,0.0,26.60712890625,26.60712890625,Leave_One_experiments/all_year_offline_schedule_search/daily_outputs/FQA/FQA_2016_FQA2016_stress_grid_S0001_daily.csv
FQA,FQA,Fengqiu,2016,Leave_One_experiments\wth_generated_qc\FQA\FQA2016.WTH,normal_year;water_stress_year;nitrogen_stress_year;irrigation_responsive_year,irrigation_responsive,FQA2016_stress_grid_S0001,low_input_within_10pct_yield,2016-06-27,179,23,18,"{""sim_day"": 23.0, ""doy"": 179.0, ""topwt"": 81.99666976928711, ""grnwt"": 0.0, ""xlai"": 0.1799003928899765, ""totir"": 0.0, ""tofer"": NaN, ""swfac"": 0.0, ""nstres"": 0.0}",0.0,0.0,81.99666976928711,0.0,0.1799003928899765,0.0,,0.0,0.0,0.0,0.0,26.60712890625,26.60712890625,Leave_One_experiments/all_year_offline_schedule_search/daily_outputs/FQA/FQA_2016_FQA2016_stress_grid_S0001_daily.csv
FQA,FQA,Fengqiu,2016,Leave_One_experiments\wth_generated_qc\FQA\FQA2016.WTH,normal_year;water_stress_year;nitrogen_stress_year;irrigation_responsive_year,irrigation_responsive,FQA2016_stress_grid_S0001,low_input_within_10pct_yield,2016-06-28,180,24,19,"{""sim_day"": 24.0, ""doy"": 180.0, ""topwt"": 96.53291702270508, ""grnwt"": 0.0, ""xlai"": 0.2105773687362671, ""totir"": 0.0, ""tofer"": NaN, ""swfac"": 0.0, ""nstres"": 0.0}",0.0,0.0,96.53291702270508,0.0,0.2105773687362671,0.0,,0.0,0.0,0.0,0.0,26.60712890625,26.60712890625,Leave_One_experiments/all_year_offline_schedule_search/daily_outputs/FQA/FQA_2016_FQA2016_stress_grid_S0001_daily.csv
FQA,FQA,Fengqiu,2016,Leave_One_experiments\wth_generated_qc\FQA\FQA2016.WTH,normal_year;water_stress_year;nitrogen_stress_year;irrigation_responsive_year,irrigation_responsive,FQA2016_stress_grid_S0001,low_input_within_10pct_yield,2016-06-29,181,25,20,"{""sim_day"": 25.0, ""doy"": 181.0, ""topwt"": 113.02708625793456, ""grnwt"": 0.0, ""xlai"": 0.2428416758775711, ""totir"": 0.0, ""tofer"": NaN, ""swfac"": 0.0, ""nstres"": 0.0}",0.0,0.0,113.02708625793456,0.0,0.2428416758775711,0.0,,0.0,0.0,0.0,0.0,26.60712890625,26.60712890625,Leave_One_experiments/all_year_offline_schedule_search/daily_outputs/FQA/FQA_2016_FQA2016_stress_grid_S0001_daily.csv
FQA,FQA,Fengqiu,2016,Leave_One_experiments\wth_generated_qc\FQA\FQA2016.WTH,normal_year;water_stress_year;nitrogen_stress_year;irrigation_responsive_year,irrigation_responsive,FQA2016_stress_grid_S0001,low_input_within_10pct_yield,2016-06-30,182,26,21,"{""sim_day"": 26.0, ""doy"": 182.0, ""topwt"": 130.5788516998291, ""grnwt"": 0.0, ""xlai"": 0.2781265377998352, ""totir"": 0.0, ""tofer"": NaN, ""swfac"": 0.0, ""nstres"": 0.0}",0.0,0.0,130.5788516998291,0.0,0.2781265377998352,0.0,,0.0,0.0,0.0,0.0,26.60712890625,26.60712890625,Leave_One_experiments/all_year_offline_schedule_search/daily_outputs/FQA/FQA_2016_FQA2016_stress_grid_S0001_daily.csv
FQA,FQA,Fengqiu,2016,Leave_One_experiments\wth_generated_qc\FQA\FQA2016.WTH,normal_year;water_stress_year;nitrogen_stress_year;irrigation_responsive_year,irrigation_responsive,FQA2016_stress_grid_S0001,low_input_within_10pct_yield,2016-07-01,183,27,22,"{""sim_day"": 27.0, ""doy"": 183.0, ""topwt"": 151.51456832885742, ""grnwt"": 0.0, ""xlai"": 0.3185599148273468, ""totir"": 0.0, ""tofer"": NaN, ""swfac"": 0.0, ""nstres"": 0.0}",0.0,0.0,151.51456832885742,0.0,0.3185599148273468,0.0,,0.0,0.0,0.0,0.0,26.60712890625,26.60712890625,Leave_One_experiments/all_year_offline_schedule_search/daily_outputs/FQA/FQA_2016_FQA2016_stress_grid_S0001_daily.csv
FQA,FQA,Fengqiu,2016,Leave_One_experiments\wth_generated_qc\FQA\FQA2016.WTH,normal_year;water_stress_year;nitrogen_stress_year;irrigation_responsive_year,irrigation_responsive,FQA2016_stress_grid_S0001,low_input_within_10pct_yield,2016-07-02,184,28,23,"{""sim_day"": 28.0, ""doy"": 184.0, ""topwt"": 174.3041229248047, ""grnwt"": 0.0, ""xlai"": 0.3607977628707886, ""totir"": 0.0, ""tofer"": NaN, ""swfac"": 0.0, ""nstres"": 0.0}",0.0,0.0,174.3041229248047,0.0,0.3607977628707886,0.0,,0.0,0.0,0.0,0.0,26.60712890625,26.60712890625,Leave_One_experiments/all_year_offline_schedule_search/daily_outputs/FQA/FQA_2016_FQA2016_stress_grid_S0001_daily.csv
FQA,FQA,Fengqiu,2016,Leave_One_experiments\wth_generated_qc\FQA\FQA2016.WTH,normal_year;water_stress_year;nitrogen_stress_year;irrigation_responsive_year,irrigation_responsive,FQA2016_stress_grid_S0001,low_input_within_10pct_yield,2016-07-03,185,29,24,"{""sim_day"": 29.0, ""doy"": 185.0, ""topwt"": 198.8034439086914, ""grnwt"": 0.0, ""xlai"": 0.4043959081172943, ""totir"": 0.0, ""tofer"": NaN, ""swfac"": 0.0, ""nstres"": 0.0}",0.0,0.0,198.8034439086914,0.0,0.4043959081172943,0.0,,0.0,0.0,0.0,0.0,26.60712890625,26.60712890625,Leave_One_experiments/all_year_offline_schedule_search/daily_outputs/FQA/FQA_2016_FQA2016_stress_grid_S0001_daily.csv
FQA,FQA,Fengqiu,2016,Leave_One_experiments\wth_generated_qc\FQA\FQA2016.WTH,normal_year;water_stress_year;nitrogen_stress_year;irrigation_responsive_year,irrigation_responsive,FQA2016_stress_grid_S0001,low_input_within_10pct_yield,2016-07-04,186,30,25,"{""sim_day"": 30.0, ""doy"": 186.0, ""topwt"": 225.3041839599609, ""grnwt"": 0.0, ""xlai"": 0.4496917724609375, ""totir"": 0.0, ""tofer"": NaN, ""swfac"": 0.0, ""nstres"": 0.0}",0.0,0.0,225.3041839599609,0.0,0.4496917724609375,0.0,,0.0,0.0,0.0,0.0,26.60712890625,26.60712890625,Leave_One_experiments/all_year_offline_schedule_search/daily_outputs/FQA/FQA_2016_FQA2016_stress_grid_S0001_daily.csv
FQA,FQA,Fengqiu,2016,Leave_One_experiments\wth_generated_qc\FQA\FQA2016.WTH,normal_year;water_stress_year;nitrogen_stress_year;irrigation_responsive_year,irrigation_responsive,FQA2016_stress_grid_S0001,low_input_within_10pct_yield,2016-07-05,187,31,26,"{""sim_day"": 31.0, ""doy"": 187.0, ""topwt"": 254.3486785888672, ""grnwt"": 0.0, ""xlai"": 0.4973596632480621, ""totir"": 0.0, ""tofer"": NaN, ""swfac"": 0.0, ""nstres"": 0.0}",0.0,0.0,254.3486785888672,0.0,0.4973596632480621,0.0,,0.0,0.0,0.0,0.0,26.60712890625,26.60712890625,Leave_One_experiments/all_year_offline_schedule_search/daily_outputs/FQA/FQA_2016_FQA2016_stress_grid_S0001_daily.csv
FQA,FQA,Fengqiu,2016,Leave_One_experiments\wth_generated_qc\FQA\FQA2016.WTH,normal_year;water_stress_year;nitrogen_stress_year;irrigation_responsive_year,irrigation_responsive,FQA2016_stress_grid_S0001,low_input_within_10pct_yield,2016-07-06,188,32,27,"{""sim_day"": 32.0, ""doy"": 188.0, ""topwt"": 289.843692779541, ""grnwt"": 0.0, ""xlai"": 0.5530884861946106, ""totir"": 0.0, ""tofer"": NaN, ""swfac"": 0.0, ""nstres"": 0.0}",0.0,0.0,289.843692779541,0.0,0.5530884861946106,0.0,,0.0,0.0,0.0,0.0,26.60712890625,26.60712890625,Leave_One_experiments/all_year_offline_schedule_search/daily_outputs/FQA/FQA_2016_FQA2016_stress_grid_S0001_daily.csv
FQA,FQA,Fengqiu,2016,Leave_One_experiments\wth_generated_qc\FQA\FQA2016.WTH,normal_year;water_stress_year;nitrogen_stress_year;irrigation_responsive_year,irrigation_responsive,FQA2016_stress_grid_S0001,low_input_within_10pct_yield,2016-07-07,189,33,28,"{""sim_day"": 33.0, ""doy"": 189.0, ""topwt"": 330.29590606689453, ""grnwt"": 0.0, ""xlai"": 0.6136661171913147, ""totir"": 0.0, ""tofer"": NaN, ""swfac"": 0.0, ""nstres"": 0.0}",0.0,0.0,330.29590606689453,0.0,0.6136661171913147,0.0,,0.0,0.0,0.0,0.0,26.60712890625,26.60712890625,Leave_One_experiments/all_year_offline_schedule_search/daily_outputs/FQA/FQA_2016_FQA2016_stress_grid_S0001_daily.csv
FQA,FQA,Fengqiu,2016,Leave_One_experiments\wth_generated_qc\FQA\FQA2016.WTH,normal_year;water_stress_year;nitrogen_stress_year;irrigation_responsive_year,irrigation_responsive,FQA2016_stress_grid_S0001,low_input_within_10pct_yield,2016-07-08,190,34,29,"{""sim_day"": 34.0, ""doy"": 190.0, ""topwt"": 359.0435028076172, ""grnwt"": 0.0, ""xlai"": 0.65495765209198, ""totir"": 0.0, ""tofer"": NaN, ""swfac"": 0.0, ""nstres"": 0.0}",0.0,0.0,359.0435028076172,0.0,0.65495765209198,0.0,,0.0,0.0,0.0,0.0,26.60712890625,26.60712890625,Leave_One_experiments/all_year_offline_schedule_search/daily_outputs/FQA/FQA_2016_FQA2016_stress_grid_S0001_daily.csv
FQA,FQA,Fengqiu,2016,Leave_One_experiments\wth_generated_qc\FQA\FQA2016.WTH,normal_year;water_stress_year;nitrogen_stress_year;irrigation_responsive_year,irrigation_responsive,FQA2016_stress_grid_S0001,low_input_within_10pct_yield,2016-07-09,191,35,30,"{""sim_day"": 35.0, ""doy"": 191.0, ""topwt"": 408.4423065185547, ""grnwt"": 0.0, ""xlai"": 0.7227697372436523, ""totir"": 0.0, ""tofer"": NaN, ""swfac"": 0.0, ""nstres"": 0.0}",0.0,0.0,408.4423065185547,0.0,0.7227697372436523,0.0,,0.0,0.0,0.0,0.0,26.60712890625,26.60712890625,Leave_One_experiments/all_year_offline_schedule_search/daily_outputs/FQA/FQA_2016_FQA2016_stress_grid_S0001_daily.csv
FQA,FQA,Fengqiu,2016,Leave_One_experiments\wth_generated_qc\FQA\FQA2016.WTH,normal_year;water_stress_year;nitrogen_stress_year;irrigation_responsive_year,irrigation_responsive,FQA2016_stress_grid_S0001,low_input_within_10pct_yield,2016-07-10,192,36,31,"{""sim_day"": 36.0, ""doy"": 192.0, ""topwt"": 464.04178619384766, ""grnwt"": 0.0, ""xlai"": 0.7952905893325806, ""totir"": 0.0, ""tofer"": NaN, ""swfac"": 0.0, ""nstres"": 0.0}",0.0,0.0,464.04178619384766,0.0,0.7952905893325806,0.0,,0.0,0.0,0.0,0.0,26.60712890625,26.60712890625,Leave_One_experiments/all_year_offline_schedule_search/daily_outputs/FQA/FQA_2016_FQA2016_stress_grid_S0001_daily.csv
FQA,FQA,Fengqiu,2016,Leave_One_experiments\wth_generated_qc\FQA\FQA2016.WTH,normal_year;water_stress_year;nitrogen_stress_year;irrigation_responsive_year,irrigation_responsive,FQA2016_stress_grid_S0001,low_input_within_10pct_yield,2016-07-11,193,37,32,"{""sim_day"": 37.0, ""doy"": 193.0, ""topwt"": 523.0706024169922, ""grnwt"": 0.0, ""xlai"": 0.8660609126091003, ""totir"": 0.0, ""tofer"": NaN, ""swfac"": 0.0, ""nstres"": 0.0216338634490966}",0.0,0.0216338634490966,523.0706024169922,0.0,0.8660609126091003,0.0,,0.0,0.0,0.0,0.0,26.60712890625,26.60712890625,Leave_One_experiments/all_year_offline_schedule_search/daily_outputs/FQA/FQA_2016_FQA2016_stress_grid_S0001_daily.csv
FQA,FQA,Fengqiu,2016,Leave_One_experiments\wth_generated_qc\FQA\FQA2016.WTH,normal_year;water_stress_year;nitrogen_stress_year;irrigation_responsive_year,irrigation_responsive,FQA2016_stress_grid_S0001,low_input_within_10pct_yield,2016-07-12,194,38,33,"{""sim_day"": 38.0, ""doy"": 194.0, ""topwt"": 578.4276580810547, ""grnwt"": 0.0, ""xlai"": 0.9242860078811646, ""totir"": 0.0, ""tofer"": NaN, ""swfac"": 0.0, ""nstres"": 0.060914397239685}",0.0,0.060914397239685,578.4276580810547,0.0,0.9242860078811646,0.0,,0.0,0.0,0.0,0.0,26.60712890625,26.60712890625,Leave_One_experiments/all_year_offline_schedule_search/daily_outputs/FQA/FQA_2016_FQA2016_stress_grid_S0001_daily.csv
FQA,FQA,Fengqiu,2016,Leave_One_experiments\wth_generated_qc\FQA\FQA2016.WTH,normal_year;water_stress_year;nitrogen_stress_year;irrigation_responsive_year,irrigation_responsive,FQA2016_stress_grid_S0001,low_input_within_10pct_yield,2016-07-13,195,39,34,"{""sim_day"": 39.0, ""doy"": 195.0, ""topwt"": 610.6906509399414, ""grnwt"": 0.0, ""xlai"": 0.9492432475090028, ""totir"": 0.0, ""tofer"": NaN, ""swfac"": 0.0, ""nstres"": 0.0966454744338989}",0.0,0.0966454744338989,610.6906509399414,0.0,0.9492432475090028,0.0,,0.0,0.0,0.0,0.0,26.60712890625,26.60712890625,Leave_One_experiments/all_year_offline_schedule_search/daily_outputs/FQA/FQA_2016_FQA2016_stress_grid_S0001_daily.csv
FQA,FQA,Fengqiu,2016,Leave_One_experiments\wth_generated_qc\FQA\FQA2016.WTH,normal_year;water_stress_year;nitrogen_stress_year;irrigation_responsive_year,irrigation_responsive,FQA2016_stress_grid_S0001,low_input_within_10pct_yield,2016-07-14,196,40,35,"{""sim_day"": 40.0, ""doy"": 196.0, ""topwt"": 644.8128509521484, ""grnwt"": 0.0, ""xlai"": 0.9717357158660888, ""totir"": 0.0, ""tofer"": NaN, ""swfac"": 0.0, ""nstres"": 0.1220890283584594}",0.0,0.1220890283584594,644.8128509521484,0.0,0.9717357158660888,0.0,,0.0,0.0,0.0,0.0,26.60712890625,26.60712890625,Leave_One_experiments/all_year_offline_schedule_search/daily_outputs/FQA/FQA_2016_FQA2016_stress_grid_S0001_daily.csv
FQA,FQA,Fengqiu,2016,Leave_One_experiments\wth_generated_qc\FQA\FQA2016.WTH,normal_year;water_stress_year;nitrogen_stress_year;irrigation_responsive_year,irrigation_responsive,FQA2016_stress_grid_S0001,low_input_within_10pct_yield,2016-07-15,197,41,36,"{""sim_day"": 41.0, ""doy"": 197.0, ""topwt"": 687.5505065917969, ""grnwt"": 0.0, ""xlai"": 1.0011346340179443, ""totir"": 0.0, ""tofer"": NaN, ""swfac"": 0.0, ""nstres"": 0.1263113021850586}",0.0,0.1263113021850586,687.5505065917969,0.0,1.0011346340179443,0.0,,0.0,0.0,0.0,0.0,26.60712890625,26.60712890625,Leave_One_experiments/all_year_offline_schedule_search/daily_outputs/FQA/FQA_2016_FQA2016_stress_grid_S0001_daily.csv
FQA,FQA,Fengqiu,2016,Leave_One_experiments\wth_generated_qc\FQA\FQA2016.WTH,normal_year;water_stress_year;nitrogen_stress_year;irrigation_responsive_year,irrigation_responsive,FQA2016_stress_grid_S0001,low_input_within_10pct_yield,2016-07-16,198,42,37,"{""sim_day"": 42.0, ""doy"": 198.0, ""topwt"": 741.7033386230469, ""grnwt"": 0.0, ""xlai"": 1.038667917251587, ""totir"": 0.0, ""tofer"": NaN, ""swfac"": 0.0, ""nstres"": 0.1343759298324585}",0.0,0.1343759298324585,741.7033386230469,0.0,1.038667917251587,0.0,,0.0,0.0,0.0,0.0,26.60712890625,26.60712890625,Leave_One_experiments/all_year_offline_schedule_search/daily_outputs/FQA/FQA_2016_FQA2016_stress_grid_S0001_daily.csv
FQA,FQA,Fengqiu,2016,Leave_One_experiments\wth_generated_qc\FQA\FQA2016.WTH,normal_year;water_stress_year;nitrogen_stress_year;irrigation_responsive_year,irrigation_responsive,FQA2016_stress_grid_S0001,low_input_within_10pct_yield,2016-07-17,199,43,38,"{""sim_day"": 43.0, ""doy"": 199.0, ""topwt"": 797.4530792236328, ""grnwt"": 0.0, ""xlai"": 1.0732522010803225, ""totir"": 0.0, ""tofer"": NaN, ""swfac"": 0.0, ""nstres"": 0.1461288928985595}",0.0,0.1461288928985595,797.4530792236328,0.0,1.0732522010803225,0.0,,0.0,0.0,0.0,0.0,26.60712890625,26.60712890625,Leave_One_experiments/all_year_offline_schedule_search/daily_outputs/FQA/FQA_2016_FQA2016_stress_grid_S0001_daily.csv
FQA,FQA,Fengqiu,2016,Leave_One_experiments\wth_generated_qc\FQA\FQA2016.WTH,normal_year;water_stress_year;nitrogen_stress_year;irrigation_responsive_year,irrigation_responsive,FQA2016_stress_grid_S0001,low_input_within_10pct_yield,2016-07-18,200,44,39,"{""sim_day"": 44.0, ""doy"": 200.0, ""topwt"": 837.3670959472656, ""grnwt"": 0.0, ""xlai"": 1.0882996320724487, ""totir"": 0.0, ""tofer"": NaN, ""swfac"": 0.0, ""nstres"": 0.1612597107887268}",0.0,0.1612597107887268,837.3670959472656,0.0,1.0882996320724487,0.0,,0.0,0.0,0.0,0.0,26.60712890625,26.60712890625,Leave_One_experiments/all_year_offline_schedule_search/daily_outputs/FQA/FQA_2016_FQA2016_stress_grid_S0001_daily.csv
FQA,FQA,Fengqiu,2016,Leave_One_experiments\wth_generated_qc\FQA\FQA2016.WTH,normal_year;water_stress_year;nitrogen_stress_year;irrigation_responsive_year,irrigation_responsive,FQA2016_stress_grid_S0001,low_input_within_10pct_yield,2016-07-19,201,45,40,"{""sim_day"": 45.0, ""doy"": 201.0, ""topwt"": 895.5991363525391, ""grnwt"": 0.0, ""xlai"": 1.1162177324295044, ""totir"": 0.0, ""tofer"": NaN, ""swfac"": 0.0, ""nstres"": 0.1724914312362671}",0.0,0.1724914312362671,895.5991363525391,0.0,1.1162177324295044,0.0,,0.0,0.0,0.0,0.0,26.60712890625,26.60712890625,Leave_One_experiments/all_year_offline_schedule_search/daily_outputs/FQA/FQA_2016_FQA2016_stress_grid_S0001_daily.csv
FQA,FQA,Fengqiu,2016,Leave_One_experiments\wth_generated_qc\FQA\FQA2016.WTH,normal_year;water_stress_year;nitrogen_stress_year;irrigation_responsive_year,irrigation_responsive,FQA2016_stress_grid_S0001,low_input_within_10pct_yield,2016-07-20,202,46,41,"{""sim_day"": 46.0, ""doy"": 202.0, ""topwt"": 1049.5722198486328, ""grnwt"": 0.0, ""xlai"": 1.1471953392028809, ""totir"": 0.0, ""tofer"": NaN, ""swfac"": 0.0, ""nstres"": 0.1757171154022216}",0.0,0.1757171154022216,1049.5722198486328,0.0,1.1471953392028809,0.0,,0.0,0.0,0.0,0.0,26.60712890625,26.60712890625,Leave_One_experiments/all_year_offline_schedule_search/daily_outputs/FQA/FQA_2016_FQA2016_stress_grid_S0001_daily.csv
FQA,FQA,Fengqiu,2016,Leave_One_experiments\wth_generated_qc\FQA\FQA2016.WTH,normal_year;water_stress_year;nitrogen_stress_year;irrigation_responsive_year,irrigation_responsive,FQA2016_stress_grid_S0001,low_input_within_10pct_yield,2016-07-21,203,47,42,"{""sim_day"": 47.0, ""doy"": 203.0, ""topwt"": 1208.8460540771484, ""grnwt"": 0.0, ""xlai"": 1.1740792989730835, ""totir"": 0.0, ""tofer"": NaN, ""swfac"": 0.0, ""nstres"": 0.1865054965019226}",0.0,0.1865054965019226,1208.8460540771484,0.0,1.1740792989730835,0.0,,0.0,0.0,0.0,0.0,26.60712890625,26.60712890625,Leave_One_experiments/all_year_offline_schedule_search/daily_outputs/FQA/FQA_2016_FQA2016_stress_grid_S0001_daily.csv
FQA,FQA,Fengqiu,2016,Leave_One_experiments\wth_generated_qc\FQA\FQA2016.WTH,normal_year;water_stress_year;nitrogen_stress_year;irrigation_responsive_year,irrigation_responsive,FQA2016_stress_grid_S0001,low_input_within_10pct_yield,2016-07-22,204,48,43,"{""sim_day"": 48.0, ""doy"": 204.0, ""topwt"": 1342.2152709960938, ""grnwt"": 0.0, ""xlai"": 1.1834101676940918, ""totir"": 0.0, ""tofer"": NaN, ""swfac"": 0.0, ""nstres"": 0.2700896859169006}",0.0,0.2700896859169006,1342.2152709960938,0.0,1.1834101676940918,0.0,,0.0,0.0,0.0,0.0,26.60712890625,26.60712890625,Leave_One_experiments/all_year_offline_schedule_search/daily_outputs/FQA/FQA_2016_FQA2016_stress_grid_S0001_daily.csv
FQA,FQA,Fengqiu,2016,Leave_One_experiments\wth_generated_qc\FQA\FQA2016.WTH,normal_year;water_stress_year;nitrogen_stress_year;irrigation_responsive_year,irrigation_responsive,FQA2016_stress_grid_S0001,low_input_within_10pct_yield,2016-07-23,205,49,44,"{""sim_day"": 49.0, ""doy"": 205.0, ""topwt"": 1452.9312133789062, ""grnwt"": 0.0, ""xlai"": 1.179465651512146, ""totir"": 0.0, ""tofer"": NaN, ""swfac"": 0.0, ""nstres"": 0.350452184677124}",0.0,0.350452184677124,1452.9312133789062,0.0,1.179465651512146,0.0,,0.0,0.0,0.0,0.0,26.60712890625,26.60712890625,Leave_One_experiments/all_year_offline_schedule_search/daily_outputs/FQA/FQA_2016_FQA2016_stress_grid_S0001_daily.csv
FQA,FQA,Fengqiu,2016,Leave_One_experiments\wth_generated_qc\FQA\FQA2016.WTH,normal_year;water_stress_year;nitrogen_stress_year;irrigation_responsive_year,irrigation_responsive,FQA2016_stress_grid_S0001,low_input_within_10pct_yield,2016-07-24,206,50,45,"{""sim_day"": 50.0, ""doy"": 206.0, ""topwt"": 1553.5716247558594, ""grnwt"": 0.0, ""xlai"": 1.1691782474517822, ""totir"": 0.0, ""tofer"": NaN, ""swfac"": 0.0, ""nstres"": 0.3914980888366699}",0.0,0.3914980888366699,1553.5716247558594,0.0,1.1691782474517822,0.0,,0.0,0.0,0.0,0.0,26.60712890625,26.60712890625,Leave_One_experiments/all_year_offline_schedule_search/daily_outputs/FQA/FQA_2016_FQA2016_stress_grid_S0001_daily.csv
FQA,FQA,Fengqiu,2016,Leave_One_experiments\wth_generated_qc\FQA\FQA2016.WTH,normal_year;water_stress_year;nitrogen_stress_year;irrigation_responsive_year,irrigation_responsive,FQA2016_stress_grid_S0001,low_input_within_10pct_yield,2016-07-25,207,51,46,"{""sim_day"": 51.0, ""doy"": 207.0, ""topwt"": 1640.6520080566406, ""grnwt"": 0.0, ""xlai"": 1.1534408330917358, ""totir"": 0.0, ""tofer"": NaN, ""swfac"": 0.0, ""nstres"": 0.4107859134674072}",0.0,0.4107859134674072,1640.6520080566406,0.0,1.1534408330917358,0.0,,0.0,0.0,0.0,0.0,26.60712890625,26.60712890625,Leave_One_experiments/all_year_offline_schedule_search/daily_outputs/FQA/FQA_2016_FQA2016_stress_grid_S0001_daily.csv
FQA,FQA,Fengqiu,2016,Leave_One_experiments\wth_generated_qc\FQA\FQA2016.WTH,normal_year;water_stress_year;nitrogen_stress_year;irrigation_responsive_year,irrigation_responsive,FQA2016_stress_grid_S0001,low_input_within_10pct_yield,2016-07-26,208,52,47,"{""sim_day"": 52.0, ""doy"": 208.0, ""topwt"": 1715.4696655273438, ""grnwt"": 0.0, ""xlai"": 1.1336374282836914, ""totir"": 0.0, ""tofer"": NaN, ""swfac"": 0.0, ""nstres"": 0.4210522770881653}",0.0,0.4210522770881653,1715.4696655273438,0.0,1.1336374282836914,0.0,,0.0,0.0,0.0,0.0,26.60712890625,26.60712890625,Leave_One_experiments/all_year_offline_schedule_search/daily_outputs/FQA/FQA_2016_FQA2016_stress_grid_S0001_daily.csv
FQA,FQA,Fengqiu,2016,Leave_One_experiments\wth_generated_qc\FQA\FQA2016.WTH,normal_year;water_stress_year;nitrogen_stress_year;irrigation_responsive_year,irrigation_responsive,FQA2016_stress_grid_S0001,low_input_within_10pct_yield,2016-07-27,209,53,48,"{""sim_day"": 53.0, ""doy"": 209.0, ""topwt"": 1800.04638671875, ""grnwt"": 0.0, ""xlai"": 1.116325616836548, ""totir"": 0.0, ""tofer"": NaN, ""swfac"": 0.0, ""nstres"": 0.4218559861183166}",0.0,0.4218559861183166,1800.04638671875,0.0,1.116325616836548,0.0,,0.0,0.0,0.0,0.0,26.60712890625,26.60712890625,Leave_One_experiments/all_year_offline_schedule_search/daily_outputs/FQA/FQA_2016_FQA2016_stress_grid_S0001_daily.csv
FQA,FQA,Fengqiu,2016,Leave_One_experiments\wth_generated_qc\FQA\FQA2016.WTH,normal_year;water_stress_year;nitrogen_stress_year;irrigation_responsive_year,irrigation_responsive,FQA2016_stress_grid_S0001,low_input_within_10pct_yield,2016-07-28,210,54,49,"{""sim_day"": 54.0, ""doy"": 210.0, ""topwt"": 1884.6665954589844, ""grnwt"": 0.0, ""xlai"": 1.0990670919418335, ""totir"": 0.0, ""tofer"": NaN, ""swfac"": 0.0, ""nstres"": 0.4193574786186218}",0.0,0.4193574786186218,1884.6665954589844,0.0,1.0990670919418335,0.0,,0.0,0.0,0.0,0.0,26.60712890625,26.60712890625,Leave_One_experiments/all_year_offline_schedule_search/daily_outputs/FQA/FQA_2016_FQA2016_stress_grid_S0001_daily.csv
FQA,FQA,Fengqiu,2016,Leave_One_experiments\wth_generated_qc\FQA\FQA2016.WTH,normal_year;water_stress_year;nitrogen_stress_year;irrigation_responsive_year,irrigation_responsive,FQA2016_stress_grid_S0001,low_input_within_10pct_yield,2016-07-29,211,55,50,"{""sim_day"": 55.0, ""doy"": 211.0, ""topwt"": 1975.8499145507808, ""grnwt"": 0.0, ""xlai"": 1.084155559539795, ""totir"": 0.0, ""tofer"": NaN, ""swfac"": 0.0, ""nstres"": 0.4163380861282348}",0.0,0.4163380861282348,1975.8499145507808,0.0,1.084155559539795,0.0,,0.0,0.0,0.0,0.0,26.60712890625,26.60712890625,Leave_One_experiments/all_year_offline_schedule_search/daily_outputs/FQA/FQA_2016_FQA2016_stress_grid_S0001_daily.csv
FQA,FQA,Fengqiu,2016,Leave_One_experiments\wth_generated_qc\FQA\FQA2016.WTH,normal_year;water_stress_year;nitrogen_stress_year;irrigation_responsive_year,irrigation_responsive,FQA2016_stress_grid_S0001,low_input_within_10pct_yield,2016-07-30,212,56,51,"{""sim_day"": 56.0, ""doy"": 212.0, ""topwt"": 2059.609832763672, ""grnwt"": 0.0, ""xlai"": 1.0677716732025146, ""totir"": 0.0, ""tofer"": NaN, ""swfac"": 0.0, ""nstres"": 0.4188227653503418}",0.0,0.4188227653503418,2059.609832763672,0.0,1.0677716732025146,0.0,,0.0,0.0,0.0,0.0,26.60712890625,26.60712890625,Leave_One_experiments/all_year_offline_schedule_search/daily_outputs/FQA/FQA_2016_FQA2016_stress_grid_S0001_daily.csv
FQA,FQA,Fengqiu,2016,Leave_One_experiments\wth_generated_qc\FQA\FQA2016.WTH,normal_year;water_stress_year;nitrogen_stress_year;irrigation_responsive_year,irrigation_responsive,FQA2016_stress_grid_S0001,low_input_within_10pct_yield,2016-07-31,213,57,52,"{""sim_day"": 57.0, ""doy"": 213.0, ""topwt"": 2143.178100585937, ""grnwt"": 0.0, ""xlai"": 1.0516637563705444, ""totir"": 0.0, ""tofer"": NaN, ""swfac"": 0.0, ""nstres"": 0.4236613512039184}",0.0,0.4236613512039184,2143.178100585937,0.0,1.0516637563705444,0.0,,0.0,0.0,0.0,0.0,26.60712890625,26.60712890625,Leave_One_experiments/all_year_offline_schedule_search/daily_outputs/FQA/FQA_2016_FQA2016_stress_grid_S0001_daily.csv
FQA,FQA,Fengqiu,2016,Leave_One_experiments\wth_generated_qc\FQA\FQA2016.WTH,normal_year;water_stress_year;nitrogen_stress_year;irrigation_responsive_year,irrigation_responsive,FQA2016_stress_grid_S0001,low_input_within_10pct_yield,2016-08-01,214,58,53,"{""sim_day"": 58.0, ""doy"": 214.0, ""topwt"": 2222.2471618652344, ""grnwt"": 0.0, ""xlai"": 1.0350837707519531, ""totir"": 0.0, ""tofer"": NaN, ""swfac"": 0.0, ""nstres"": 0.4212282299995422}",0.0,0.4212282299995422,2222.2471618652344,0.0,1.0350837707519531,0.0,,0.0,0.0,0.0,0.0,26.60712890625,26.60712890625,Leave_One_experiments/all_year_offline_schedule_search/daily_outputs/FQA/FQA_2016_FQA2016_stress_grid_S0001_daily.csv
FQA,FQA,Fengqiu,2016,Leave_One_experiments\wth_generated_qc\FQA\FQA2016.WTH,normal_year;water_stress_year;nitrogen_stress_year;irrigation_responsive_year,irrigation_responsive,FQA2016_stress_grid_S0001,low_input_within_10pct_yield,2016-08-02,215,59,54,"{""sim_day"": 59.0, ""doy"": 215.0, ""topwt"": 2299.330139160156, ""grnwt"": 0.0, ""xlai"": 1.0186760425567627, ""totir"": 0.0, ""tofer"": NaN, ""swfac"": 0.0, ""nstres"": 0.4186802506446838}",0.0,0.4186802506446838,2299.330139160156,0.0,1.0186760425567627,0.0,,0.0,0.0,0.0,0.0,26.60712890625,26.60712890625,Leave_One_experiments/all_year_offline_schedule_search/daily_outputs/FQA/FQA_2016_FQA2016_stress_grid_S0001_daily.csv
FQA,FQA,Fengqiu,2016,Leave_One_experiments\wth_generated_qc\FQA\FQA2016.WTH,normal_year;water_stress_year;nitrogen_stress_year;irrigation_responsive_year,irrigation_responsive,FQA2016_stress_grid_S0001,low_input_within_10pct_yield,2016-08-03,216,60,55,"{""sim_day"": 60.0, ""doy"": 216.0, ""topwt"": 2379.4293212890625, ""grnwt"": 0.0, ""xlai"": 1.0039818286895752, ""totir"": 0.0, ""tofer"": NaN, ""swfac"": 0.0, ""nstres"": 0.4090184569358825}",0.0,0.4090184569358825,2379.4293212890625,0.0,1.0039818286895752,0.0,,0.0,0.0,0.0,0.0,26.60712890625,26.60712890625,Leave_One_experiments/all_year_offline_schedule_search/daily_outputs/FQA/FQA_2016_FQA2016_stress_grid_S0001_daily.csv
FQA,FQA,Fengqiu,2016,Leave_One_experiments\wth_generated_qc\FQA\FQA2016.WTH,normal_year;water_stress_year;nitrogen_stress_year;irrigation_responsive_year,irrigation_responsive,FQA2016_stress_grid_S0001,low_input_within_10pct_yield,2016-08-04,217,61,56,"{""sim_day"": 61.0, ""doy"": 217.0, ""topwt"": 2464.18701171875, ""grnwt"": 0.0, ""xlai"": 0.991533637046814, ""totir"": 0.0, ""tofer"": NaN, ""swfac"": 0.0, ""nstres"": 0.3947597742080688}",0.0,0.3947597742080688,2464.18701171875,0.0,0.991533637046814,0.0,,0.0,0.0,0.0,0.0,26.60712890625,26.60712890625,Leave_One_experiments/all_year_offline_schedule_search/daily_outputs/FQA/FQA_2016_FQA2016_stress_grid_S0001_daily.csv
FQA,FQA,Fengqiu,2016,Leave_One_experiments\wth_generated_qc\FQA\FQA2016.WTH,normal_year;water_stress_year;nitrogen_stress_year;irrigation_responsive_year,irrigation_responsive,FQA2016_stress_grid_S0001,low_input_within_10pct_yield,2016-08-05,218,62,57,"{""sim_day"": 62.0, ""doy"": 218.0, ""topwt"": 2500.5126953125, ""grnwt"": 0.0, ""xlai"": 0.9590561389923096, ""totir"": 0.0, ""tofer"": NaN, ""swfac"": 0.0, ""nstres"": 0.386116087436676}",0.0,0.386116087436676,2500.5126953125,0.0,0.9590561389923096,0.0,,0.0,0.0,0.0,0.0,26.60712890625,26.60712890625,Leave_One_experiments/all_year_offline_schedule_search/daily_outputs/FQA/FQA_2016_FQA2016_stress_grid_S0001_daily.csv
FQA,FQA,Fengqiu,2016,Leave_One_experiments\wth_generated_qc\FQA\FQA2016.WTH,normal_year;water_stress_year;nitrogen_stress_year;irrigation_responsive_year,irrigation_responsive,FQA2016_stress_grid_S0001,low_input_within_10pct_yield,2016-08-06,219,63,58,"{""sim_day"": 63.0, ""doy"": 219.0, ""topwt"": 2566.51123046875, ""grnwt"": 0.0, ""xlai"": 0.9286769032478333, ""totir"": 0.0, ""tofer"": NaN, ""swfac"": 0.0, ""nstres"": 0.3602274060249328}",0.0,0.3602274060249328,2566.51123046875,0.0,0.9286769032478333,0.0,,0.0,0.0,0.0,0.0,26.60712890625,26.60712890625,Leave_One_experiments/all_year_offline_schedule_search/daily_outputs/FQA/FQA_2016_FQA2016_stress_grid_S0001_daily.csv
FQA,FQA,Fengqiu,2016,Leave_One_experiments\wth_generated_qc\FQA\FQA2016.WTH,normal_year;water_stress_year;nitrogen_stress_year;irrigation_responsive_year,irrigation_responsive,FQA2016_stress_grid_S0001,low_input_within_10pct_yield,2016-08-07,220,64,59,"{""sim_day"": 64.0, ""doy"": 220.0, ""topwt"": 2604.329833984375, ""grnwt"": 0.0, ""xlai"": 0.8999003767967224, ""totir"": 0.0, ""tofer"": NaN, ""swfac"": 0.0, ""nstres"": 0.343676745891571}",0.0,0.343676745891571,2604.329833984375,0.0,0.8999003767967224,0.0,,0.0,0.0,0.0,0.0,26.60712890625,26.60712890625,Leave_One_experiments/all_year_offline_schedule_search/daily_outputs/FQA/FQA_2016_FQA2016_stress_grid_S0001_daily.csv
FQA,FQA,Fengqiu,2016,Leave_One_experiments\wth_generated_qc\FQA\FQA2016.WTH,normal_year;water_stress_year;nitrogen_stress_year;irrigation_responsive_year,irrigation_responsive,FQA2016_stress_grid_S0001,low_input_within_10pct_yield,2016-08-08,221,65,60,"{""sim_day"": 65.0, ""doy"": 221.0, ""topwt"": 2652.5949096679688, ""grnwt"": 0.0, ""xlai"": 0.8724721670150757, ""totir"": 0.0, ""tofer"": NaN, ""swfac"": 0.0, ""nstres"": 0.3315010070800781}",0.0,0.3315010070800781,2652.5949096679688,0.0,0.8724721670150757,0.0,,0.0,0.0,0.0,0.0,26.60712890625,26.60712890625,Leave_One_experiments/all_year_offline_schedule_search/daily_outputs/FQA/FQA_2016_FQA2016_stress_grid_S0001_daily.csv
FQA,FQA,Fengqiu,2016,Leave_One_experiments\wth_generated_qc\FQA\FQA2016.WTH,normal_year;water_stress_year;nitrogen_stress_year;irrigation_responsive_year,irrigation_responsive,FQA2016_stress_grid_S0001,low_input_within_10pct_yield,2016-08-09,222,66,61,"{""sim_day"": 66.0, ""doy"": 222.0, ""topwt"": 2745.6622314453125, ""grnwt"": 0.0, ""xlai"": 0.8466910123825073, ""totir"": 0.0, ""tofer"": NaN, ""swfac"": 0.0, ""nstres"": 0.3091896772384643}",0.0,0.3091896772384643,2745.6622314453125,0.0,0.8466910123825073,0.0,,0.0,0.0,0.0,0.0,26.60712890625,26.60712890625,Leave_One_experiments/all_year_offline_schedule_search/daily_outputs/FQA/FQA_2016_FQA2016_stress_grid_S0001_daily.csv
FQA,FQA,Fengqiu,2016,Leave_One_experiments\wth_generated_qc\FQA\FQA2016.WTH,normal_year;water_stress_year;nitrogen_stress_year;irrigation_responsive_year,irrigation_responsive,FQA2016_stress_grid_S0001,low_input_within_10pct_yield,2016-08-10,223,67,62,"{""sim_day"": 67.0, ""doy"": 223.0, ""topwt"": 2853.6639404296875, ""grnwt"": 0.0, ""xlai"": 0.8224628567695618, ""totir"": 0.0, ""tofer"": NaN, ""swfac"": 0.0, ""nstres"": 0.2867632508277893}",0.0,0.2867632508277893,2853.6639404296875,0.0,0.8224628567695618,0.0,,0.0,0.0,0.0,0.0,26.60712890625,26.60712890625,Leave_One_experiments/all_year_offline_schedule_search/daily_outputs/FQA/FQA_2016_FQA2016_stress_grid_S0001_daily.csv
FQA,FQA,Fengqiu,2016,Leave_One_experiments\wth_generated_qc\FQA\FQA2016.WTH,normal_year;water_stress_year;nitrogen_stress_year;irrigation_responsive_year,irrigation_responsive,FQA2016_stress_grid_S0001,low_input_within_10pct_yield,2016-08-11,224,68,63,"{""sim_day"": 68.0, ""doy"": 224.0, ""topwt"": 2959.4317626953125, ""grnwt"": 0.0, ""xlai"": 0.7994571328163147, ""totir"": 0.0, ""tofer"": NaN, ""swfac"": 0.0, ""nstres"": 0.2713223099708557}",0.0,0.2713223099708557,2959.4317626953125,0.0,0.7994571328163147,0.0,,0.0,0.0,0.0,0.0,26.60712890625,26.60712890625,Leave_One_experiments/all_year_offline_schedule_search/daily_outputs/FQA/FQA_2016_FQA2016_stress_grid_S0001_daily.csv
FQA,FQA,Fengqiu,2016,Leave_One_experiments\wth_generated_qc\FQA\FQA2016.WTH,normal_year;water_stress_year;nitrogen_stress_year;irrigation_responsive_year,irrigation_responsive,FQA2016_stress_grid_S0001,low_input_within_10pct_yield,2016-08-12,225,69,64,"{""sim_day"": 69.0, ""doy"": 225.0, ""topwt"": 3051.903686523437, ""grnwt"": 0.0, ""xlai"": 0.7776027321815491, ""totir"": 0.0, ""tofer"": NaN, ""swfac"": 0.0, ""nstres"": 0.2560775279998779}",0.0,0.2560775279998779,3051.903686523437,0.0,0.7776027321815491,0.0,,0.0,0.0,0.0,0.0,26.60712890625,26.60712890625,Leave_One_experiments/all_year_offline_schedule_search/daily_outputs/FQA/FQA_2016_FQA2016_stress_grid_S0001_daily.csv
FQA,FQA,Fengqiu,2016,Leave_One_experiments\wth_generated_qc\FQA\FQA2016.WTH,normal_year;water_stress_year;nitrogen_stress_year;irrigation_responsive_year,irrigation_responsive,FQA2016_stress_grid_S0001,low_input_within_10pct_yield,2016-08-13,226,70,65,"{""sim_day"": 70.0, ""doy"": 226.0, ""topwt"": 3154.376220703125, ""grnwt"": 102.47228622436523, ""xlai"": 0.7569756507873535, ""totir"": 0.0, ""tofer"": NaN, ""swfac"": 0.0, ""nstres"": 0.2366364598274231}",0.0,0.2366364598274231,3154.376220703125,102.47228622436523,0.7569756507873535,0.0,,0.0,0.0,0.0,0.0,26.60712890625,26.60712890625,Leave_One_experiments/all_year_offline_schedule_search/daily_outputs/FQA/FQA_2016_FQA2016_stress_grid_S0001_daily.csv
FQA,FQA,Fengqiu,2016,Leave_One_experiments\wth_generated_qc\FQA\FQA2016.WTH,normal_year;water_stress_year;nitrogen_stress_year;irrigation_responsive_year,irrigation_responsive,FQA2016_stress_grid_S0001,low_input_within_10pct_yield,2016-08-14,227,71,66,"{""sim_day"": 71.0, ""doy"": 227.0, ""topwt"": 3243.026428222656, ""grnwt"": 210.8431625366211, ""xlai"": 0.7358868718147278, ""totir"": 0.0, ""tofer"": NaN, ""swfac"": 0.0, ""nstres"": 0.2686222195625305}",0.0,0.2686222195625305,3243.026428222656,210.8431625366211,0.7358868718147278,0.0,,0.0,0.0,0.0,0.0,26.60712890625,26.60712890625,Leave_One_experiments/all_year_offline_schedule_search/daily_outputs/FQA/FQA_2016_FQA2016_stress_grid_S0001_daily.csv
FQA,FQA,Fengqiu,2016,Leave_One_experiments\wth_generated_qc\FQA\FQA2016.WTH,normal_year;water_stress_year;nitrogen_stress_year;irrigation_responsive_year,irrigation_responsive,FQA2016_stress_grid_S0001,low_input_within_10pct_yield,2016-08-15,228,72,67,"{""sim_day"": 72.0, ""doy"": 228.0, ""topwt"": 3293.604431152344, ""grnwt"": 319.2140388488769, ""xlai"": 0.715172529220581, ""totir"": 0.0, ""tofer"": NaN, ""swfac"": 0.0, ""nstres"": 0.275572121143341}",0.0,0.275572121143341,3293.604431152344,319.2140388488769,0.715172529220581,0.0,,0.0,0.0,0.0,0.0,26.60712890625,26.60712890625,Leave_One_experiments/all_year_offline_schedule_search/daily_outputs/FQA/FQA_2016_FQA2016_stress_grid_S0001_daily.csv
FQA,FQA,Fengqiu,2016,Leave_One_experiments\wth_generated_qc\FQA\FQA2016.WTH,normal_year;water_stress_year;nitrogen_stress_year;irrigation_responsive_year,irrigation_responsive,FQA2016_stress_grid_S0001,low_input_within_10pct_yield,2016-08-16,229,73,68,"{""sim_day"": 73.0, ""doy"": 229.0, ""topwt"": 3370.0991821289062, ""grnwt"": 427.5849151611328, ""xlai"": 0.6950980424880981, ""totir"": 0.0, ""tofer"": NaN, ""swfac"": 0.0, ""nstres"": 0.2736683487892151}",0.0,0.2736683487892151,3370.0991821289062,427.5849151611328,0.6950980424880981,0.0,,0.0,0.0,0.0,0.0,26.60712890625,26.60712890625,Leave_One_experiments/all_year_offline_schedule_search/daily_outputs/FQA/FQA_2016_FQA2016_stress_grid_S0001_daily.csv
FQA,FQA,Fengqiu,2016,Leave_One_experiments\wth_generated_qc\FQA\FQA2016.WTH,normal_year;water_stress_year;nitrogen_stress_year;irrigation_responsive_year,irrigation_responsive,FQA2016_stress_grid_S0001,low_input_within_10pct_yield,2016-08-17,230,74,69,"{""sim_day"": 74.0, ""doy"": 230.0, ""topwt"": 3470.4852294921875, ""grnwt"": 508.1857681274414, ""xlai"": 0.6760687232017517, ""totir"": 0.0, ""tofer"": NaN, ""swfac"": 0.0, ""nstres"": 0.2570329904556274}",0.0,0.2570329904556274,3470.4852294921875,508.1857681274414,0.6760687232017517,0.0,,0.0,0.0,0.0,0.0,26.60712890625,26.60712890625,Leave_One_experiments/all_year_offline_schedule_search/daily_outputs/FQA/FQA_2016_FQA2016_stress_grid_S0001_daily.csv
FQA,FQA,Fengqiu,2016,Leave_One_experiments\wth_generated_qc\FQA\FQA2016.WTH,normal_year;water_stress_year;nitrogen_stress_year;irrigation_responsive_year,irrigation_responsive,FQA2016_stress_grid_S0001,low_input_within_10pct_yield,2016-08-18,231,75,70,"{""sim_day"": 75.0, ""doy"": 231.0, ""topwt"": 3500.849609375, ""grnwt"": 616.5566253662109, ""xlai"": 0.6579328179359436, ""totir"": 0.0, ""tofer"": NaN, ""swfac"": 0.0, ""nstres"": 0.2438145279884338}",0.0,0.2438145279884338,3500.849609375,616.5566253662109,0.6579328179359436,0.0,,0.0,0.0,0.0,0.0,26.60712890625,26.60712890625,Leave_One_experiments/all_year_offline_schedule_search/daily_outputs/FQA/FQA_2016_FQA2016_stress_grid_S0001_daily.csv
FQA,FQA,Fengqiu,2016,Leave_One_experiments\wth_generated_qc\FQA\FQA2016.WTH,normal_year;water_stress_year;nitrogen_stress_year;irrigation_responsive_year,irrigation_responsive,FQA2016_stress_grid_S0001,low_input_within_10pct_yield,2016-08-19,232,76,71,"{""sim_day"": 76.0, ""doy"": 232.0, ""topwt"": 3573.19091796875, ""grnwt"": 724.9275207519531, ""xlai"": 0.6396594643592834, ""totir"": 0.0, ""tofer"": NaN, ""swfac"": 0.0, ""nstres"": 0.2665730118751526}",0.0,0.2665730118751526,3573.19091796875,724.9275207519531,0.6396594643592834,0.0,,0.0,0.0,0.0,0.0,26.60712890625,26.60712890625,Leave_One_experiments/all_year_offline_schedule_search/daily_outputs/FQA/FQA_2016_FQA2016_stress_grid_S0001_daily.csv
FQA,FQA,Fengqiu,2016,Leave_One_experiments\wth_generated_qc\FQA\FQA2016.WTH,normal_year;water_stress_year;nitrogen_stress_year;irrigation_responsive_year,irrigation_responsive,FQA2016_stress_grid_S0001,low_input_within_10pct_yield,2016-08-20,233,77,72,"{""sim_day"": 77.0, ""doy"": 233.0, ""topwt"": 3691.995239257813, ""grnwt"": 833.2984161376953, ""xlai"": 0.6223960518836975, ""totir"": 0.0, ""tofer"": NaN, ""swfac"": 0.0, ""nstres"": 0.2477210164070129}",0.0,0.2477210164070129,3691.995239257813,833.2984161376953,0.6223960518836975,0.0,,0.0,0.0,0.0,0.0,26.60712890625,26.60712890625,Leave_One_experiments/all_year_offline_schedule_search/daily_outputs/FQA/FQA_2016_FQA2016_stress_grid_S0001_daily.csv
FQA,FQA,Fengqiu,2016,Leave_One_experiments\wth_generated_qc\FQA\FQA2016.WTH,normal_year;water_stress_year;nitrogen_stress_year;irrigation_responsive_year,irrigation_responsive,FQA2016_stress_grid_S0001,low_input_within_10pct_yield,2016-08-21,234,78,73,"{""sim_day"": 78.0, ""doy"": 234.0, ""topwt"": 3794.0618896484375, ""grnwt"": 930.8322143554688, ""xlai"": 0.6056221723556519, ""totir"": 0.0, ""tofer"": NaN, ""swfac"": 0.0, ""nstres"": 0.246812641620636}",0.0,0.246812641620636,3794.0618896484375,930.8322143554688,0.6056221723556519,0.0,,0.0,0.0,0.0,0.0,26.60712890625,26.60712890625,Leave_One_experiments/all_year_offline_schedule_search/daily_outputs/FQA/FQA_2016_FQA2016_stress_grid_S0001_daily.csv
FQA,FQA,Fengqiu,2016,Leave_One_experiments\wth_generated_qc\FQA\FQA2016.WTH,normal_year;water_stress_year;nitrogen_stress_year;irrigation_responsive_year,irrigation_responsive,FQA2016_stress_grid_S0001,low_input_within_10pct_yield,2016-08-22,235,79,74,"{""sim_day"": 79.0, ""doy"": 235.0, ""topwt"": 3866.959228515625, ""grnwt"": 1009.4010925292968, ""xlai"": 0.5889149308204651, ""totir"": 0.0, ""tofer"": NaN, ""swfac"": 0.0, ""nstres"": 0.2620834708213806}",0.0,0.2620834708213806,3866.959228515625,1009.4010925292968,0.5889149308204651,0.0,,0.0,0.0,0.0,0.0,26.60712890625,26.60712890625,Leave_One_experiments/all_year_offline_schedule_search/daily_outputs/FQA/FQA_2016_FQA2016_stress_grid_S0001_daily.csv
FQA,FQA,Fengqiu,2016,Leave_One_experiments\wth_generated_qc\FQA\FQA2016.WTH,normal_year;water_stress_year;nitrogen_stress_year;irrigation_responsive_year,irrigation_responsive,FQA2016_stress_grid_S0001,low_input_within_10pct_yield,2016-08-23,236,80,75,"{""sim_day"": 80.0, ""doy"": 236.0, ""topwt"": 3945.502624511719, ""grnwt"": 1079.8421478271484, ""xlai"": 0.5726229548454285, ""totir"": 0.0, ""tofer"": NaN, ""swfac"": 0.0, ""nstres"": 0.2639471888542175}",0.0,0.2639471888542175,3945.502624511719,1079.8421478271484,0.5726229548454285,0.0,,0.0,0.0,0.0,0.0,26.60712890625,26.60712890625,Leave_One_experiments/all_year_offline_schedule_search/daily_outputs/FQA/FQA_2016_FQA2016_stress_grid_S0001_daily.csv
FQA,FQA,Fengqiu,2016,Leave_One_experiments\wth_generated_qc\FQA\FQA2016.WTH,normal_year;water_stress_year;nitrogen_stress_year;irrigation_responsive_year,irrigation_responsive,FQA2016_stress_grid_S0001,low_input_within_10pct_yield,2016-08-24,237,81,76,"{""sim_day"": 81.0, ""doy"": 237.0, ""topwt"": 3975.02685546875, ""grnwt"": 1188.2130432128906, ""xlai"": 0.5568488836288452, ""totir"": 0.0, ""tofer"": NaN, ""swfac"": 0.0, ""nstres"": 0.2611241936683655}",0.0,0.2611241936683655,3975.02685546875,1188.2130432128906,0.5568488836288452,0.0,,0.0,0.0,0.0,0.0,26.60712890625,26.60712890625,Leave_One_experiments/all_year_offline_schedule_search/daily_outputs/FQA/FQA_2016_FQA2016_stress_grid_S0001_daily.csv
FQA,FQA,Fengqiu,2016,Leave_One_experiments\wth_generated_qc\FQA\FQA2016.WTH,normal_year;water_stress_year;nitrogen_stress_year;irrigation_responsive_year,irrigation_responsive,FQA2016_stress_grid_S0001,low_input_within_10pct_yield,2016-08-25,238,82,77,"{""sim_day"": 82.0, ""doy"": 238.0, ""topwt"": 4071.574096679688, ""grnwt"": 1296.5838623046875, ""xlai"": 0.5410844683647156, ""totir"": 0.0, ""tofer"": NaN, ""swfac"": 0.0, ""nstres"": 0.279440701007843}",0.0,0.279440701007843,4071.574096679688,1296.5838623046875,0.5410844683647156,0.0,,0.0,0.0,0.0,0.0,26.60712890625,26.60712890625,Leave_One_experiments/all_year_offline_schedule_search/daily_outputs/FQA/FQA_2016_FQA2016_stress_grid_S0001_daily.csv
FQA,FQA,Fengqiu,2016,Leave_One_experiments\wth_generated_qc\FQA\FQA2016.WTH,normal_year;water_stress_year;nitrogen_stress_year;irrigation_responsive_year,irrigation_responsive,FQA2016_stress_grid_S0001,low_input_within_10pct_yield,2016-08-26,239,83,78,"{""sim_day"": 83.0, ""doy"": 239.0, ""topwt"": 4186.827392578125, ""grnwt"": 1404.9546813964844, ""xlai"": 0.5261390209197998, ""totir"": 0.0, ""tofer"": NaN, ""swfac"": 0.0, ""nstres"": 0.2629070878028869}",0.0,0.2629070878028869,4186.827392578125,1404.9546813964844,0.5261390209197998,0.0,,0.0,0.0,0.0,0.0,26.60712890625,26.60712890625,Leave_One_experiments/all_year_offline_schedule_search/daily_outputs/FQA/FQA_2016_FQA2016_stress_grid_S0001_daily.csv
FQA,FQA,Fengqiu,2016,Leave_One_experiments\wth_generated_qc\FQA\FQA2016.WTH,normal_year;water_stress_year;nitrogen_stress_year;irrigation_responsive_year,irrigation_responsive,FQA2016_stress_grid_S0001,low_input_within_10pct_yield,2016-08-27,240,84,79,"{""sim_day"": 84.0, ""doy"": 240.0, ""topwt"": 4299.508666992188, ""grnwt"": 1513.3255004882812, ""xlai"": 0.51116544008255, ""totir"": 0.0, ""tofer"": NaN, ""swfac"": 0.0, ""nstres"": 0.2830279469490051}",0.0,0.2830279469490051,4299.508666992188,1513.3255004882812,0.51116544008255,0.0,,0.0,0.0,0.0,0.0,26.60712890625,26.60712890625,Leave_One_experiments/all_year_offline_schedule_search/daily_outputs/FQA/FQA_2016_FQA2016_stress_grid_S0001_daily.csv
FQA,FQA,Fengqiu,2016,Leave_One_experiments\wth_generated_qc\FQA\FQA2016.WTH,normal_year;water_stress_year;nitrogen_stress_year;irrigation_responsive_year,irrigation_responsive,FQA2016_stress_grid_S0001,low_input_within_10pct_yield,2016-08-28,241,85,80,"{""sim_day"": 85.0, ""doy"": 241.0, ""topwt"": 4401.416015625, ""grnwt"": 1621.696319580078, ""xlai"": 0.4959508776664734, ""totir"": 0.0, ""tofer"": NaN, ""swfac"": 0.0, ""nstres"": 0.3143476247787475}",0.0,0.3143476247787475,4401.416015625,1621.696319580078,0.4959508776664734,0.0,,0.0,0.0,0.0,0.0,26.60712890625,26.60712890625,Leave_One_experiments/all_year_offline_schedule_search/daily_outputs/FQA/FQA_2016_FQA2016_stress_grid_S0001_daily.csv
FQA,FQA,Fengqiu,2016,Leave_One_experiments\wth_generated_qc\FQA\FQA2016.WTH,normal_year;water_stress_year;nitrogen_stress_year;irrigation_responsive_year,irrigation_responsive,FQA2016_stress_grid_S0001,low_input_within_10pct_yield,2016-08-29,242,86,81,"{""sim_day"": 86.0, ""doy"": 242.0, ""topwt"": 4484.189147949219, ""grnwt"": 1730.067138671875, ""xlai"": 0.4806007742881775, ""totir"": 0.0, ""tofer"": NaN, ""swfac"": 0.0, ""nstres"": 0.3428199291229248}",0.0,0.3428199291229248,4484.189147949219,1730.067138671875,0.4806007742881775,0.0,,0.0,0.0,0.0,0.0,26.60712890625,26.60712890625,Leave_One_experiments/all_year_offline_schedule_search/daily_outputs/FQA/FQA_2016_FQA2016_stress_grid_S0001_daily.csv
FQA,FQA,Fengqiu,2016,Leave_One_experiments\wth_generated_qc\FQA\FQA2016.WTH,normal_year;water_stress_year;nitrogen_stress_year;irrigation_responsive_year,irrigation_responsive,FQA2016_stress_grid_S0001,low_input_within_10pct_yield,2016-08-30,243,87,82,"{""sim_day"": 87.0, ""doy"": 243.0, ""topwt"": 4571.5631103515625, ""grnwt"": 1838.437957763672, ""xlai"": 0.465286910533905, ""totir"": 0.0, ""tofer"": NaN, ""swfac"": 0.0, ""nstres"": 0.3647381663322449}",0.0,0.3647381663322449,4571.5631103515625,1838.437957763672,0.465286910533905,0.0,,0.0,0.0,0.0,0.0,26.60712890625,26.60712890625,Leave_One_experiments/all_year_offline_schedule_search/daily_outputs/FQA/FQA_2016_FQA2016_stress_grid_S0001_daily.csv
FQA,FQA,Fengqiu,2016,Leave_One_experiments\wth_generated_qc\FQA\FQA2016.WTH,normal_year;water_stress_year;nitrogen_stress_year;irrigation_responsive_year,irrigation_responsive,FQA2016_stress_grid_S0001,low_input_within_10pct_yield,2016-08-31,244,88,83,"{""sim_day"": 88.0, ""doy"": 244.0, ""topwt"": 4654.410400390625, ""grnwt"": 1946.8087768554688, ""xlai"": 0.4502530097961426, ""totir"": 0.0, ""tofer"": NaN, ""swfac"": 0.0, ""nstres"": 0.3754630088806152}",0.0,0.3754630088806152,4654.410400390625,1946.8087768554688,0.4502530097961426,0.0,,0.0,0.0,0.0,0.0,26.60712890625,26.60712890625,Leave_One_experiments/all_year_offline_schedule_search/daily_outputs/FQA/FQA_2016_FQA2016_stress_grid_S0001_daily.csv
FQA,FQA,Fengqiu,2016,Leave_One_experiments\wth_generated_qc\FQA\FQA2016.WTH,normal_year;water_stress_year;nitrogen_stress_year;irrigation_responsive_year,irrigation_responsive,FQA2016_stress_grid_S0001,low_input_within_10pct_yield,2016-09-01,245,89,84,"{""sim_day"": 89.0, ""doy"": 245.0, ""topwt"": 4734.670104980469, ""grnwt"": 2055.1795959472656, ""xlai"": 0.4354611337184906, ""totir"": 0.0, ""tofer"": NaN, ""swfac"": 0.0, ""nstres"": 0.3884589076042175}",0.0,0.3884589076042175,4734.670104980469,2055.1795959472656,0.4354611337184906,0.0,,0.0,0.0,0.0,0.0,26.60712890625,26.60712890625,Leave_One_experiments/all_year_offline_schedule_search/daily_outputs/FQA/FQA_2016_FQA2016_stress_grid_S0001_daily.csv
FQA,FQA,Fengqiu,2016,Leave_One_experiments\wth_generated_qc\FQA\FQA2016.WTH,normal_year;water_stress_year;nitrogen_stress_year;irrigation_responsive_year,irrigation_responsive,FQA2016_stress_grid_S0001,low_input_within_10pct_yield,2016-09-02,246,90,85,"{""sim_day"": 90.0, ""doy"": 246.0, ""topwt"": 4772.698059082031, ""grnwt"": 2163.5504150390625, ""xlai"": 0.4209261536598205, ""totir"": 0.0, ""tofer"": NaN, ""swfac"": 0.0, ""nstres"": 0.4010798335075378}",0.0,0.4010798335075378,4772.698059082031,2163.5504150390625,0.4209261536598205,0.0,,0.0,0.0,0.0,0.0,26.60712890625,26.60712890625,Leave_One_experiments/all_year_offline_schedule_search/daily_outputs/FQA/FQA_2016_FQA2016_stress_grid_S0001_daily.csv
FQA,FQA,Fengqiu,2016,Leave_One_experiments\wth_generated_qc\FQA\FQA2016.WTH,normal_year;water_stress_year;nitrogen_stress_year;irrigation_responsive_year,irrigation_responsive,FQA2016_stress_grid_S0001,low_input_within_10pct_yield,2016-09-03,247,91,86,"{""sim_day"": 91.0, ""doy"": 247.0, ""topwt"": 4828.568115234375, ""grnwt"": 2271.9212341308594, ""xlai"": 0.4067280292510986, ""totir"": 0.0, ""tofer"": NaN, ""swfac"": 0.0, ""nstres"": 0.4095341563224792}",0.0,0.4095341563224792,4828.568115234375,2271.9212341308594,0.4067280292510986,0.0,,0.0,0.0,0.0,0.0,26.60712890625,26.60712890625,Leave_One_experiments/all_year_offline_schedule_search/daily_outputs/FQA/FQA_2016_FQA2016_stress_grid_S0001_daily.csv
FQA,FQA,Fengqiu,2016,Leave_One_experiments\wth_generated_qc\FQA\FQA2016.WTH,normal_year;water_stress_year;nitrogen_stress_year;irrigation_responsive_year,irrigation_responsive,FQA2016_stress_grid_S0001,low_input_within_10pct_yield,2016-09-04,248,92,87,"{""sim_day"": 92.0, ""doy"": 248.0, ""topwt"": 4876.475524902344, ""grnwt"": 2380.292053222656, ""xlai"": 0.3932191431522369, ""totir"": 0.0, ""tofer"": NaN, ""swfac"": 0.0, ""nstres"": 0.3971230983734131}",0.0,0.3971230983734131,4876.475524902344,2380.292053222656,0.3932191431522369,0.0,,0.0,0.0,0.0,0.0,26.60712890625,26.60712890625,Leave_One_experiments/all_year_offline_schedule_search/daily_outputs/FQA/FQA_2016_FQA2016_stress_grid_S0001_daily.csv
FQA,FQA,Fengqiu,2016,Leave_One_experiments\wth_generated_qc\FQA\FQA2016.WTH,normal_year;water_stress_year;nitrogen_stress_year;irrigation_responsive_year,irrigation_responsive,FQA2016_stress_grid_S0001,low_input_within_10pct_yield,2016-09-05,249,93,88,"{""sim_day"": 93.0, ""doy"": 249.0, ""topwt"": 4921.619567871094, ""grnwt"": 2488.662872314453, ""xlai"": 0.3801749944686889, ""totir"": 0.0, ""tofer"": NaN, ""swfac"": 0.0, ""nstres"": 0.3961467146873474}",0.0,0.3961467146873474,4921.619567871094,2488.662872314453,0.3801749944686889,0.0,,0.0,0.0,0.0,0.0,26.60712890625,26.60712890625,Leave_One_experiments/all_year_offline_schedule_search/daily_outputs/FQA/FQA_2016_FQA2016_stress_grid_S0001_daily.csv
FQA,FQA,Fengqiu,2016,Leave_One_experiments\wth_generated_qc\FQA\FQA2016.WTH,normal_year;water_stress_year;nitrogen_stress_year;irrigation_responsive_year,irrigation_responsive,FQA2016_stress_grid_S0001,low_input_within_10pct_yield,2016-09-06,250,94,89,"{""sim_day"": 94.0, ""doy"": 250.0, ""topwt"": 4987.615966796875, ""grnwt"": 2597.03369140625, ""xlai"": 0.3676093518733978, ""totir"": 0.0, ""tofer"": NaN, ""swfac"": 0.0, ""nstres"": 0.3932491540908813}",0.0,0.3932491540908813,4987.615966796875,2597.03369140625,0.3676093518733978,0.0,,0.0,0.0,0.0,0.0,26.60712890625,26.60712890625,Leave_One_experiments/all_year_offline_schedule_search/daily_outputs/FQA/FQA_2016_FQA2016_stress_grid_S0001_daily.csv
FQA,FQA,Fengqiu,2016,Leave_One_experiments\wth_generated_qc\FQA\FQA2016.WTH,normal_year;water_stress_year;nitrogen_stress_year;irrigation_responsive_year,irrigation_responsive,FQA2016_stress_grid_S0001,low_input_within_10pct_yield,2016-09-07,251,95,90,"{""sim_day"": 95.0, ""doy"": 251.0, ""topwt"": 5048.7579345703125, ""grnwt"": 2660.712890625, ""xlai"": 0.3555098474025726, ""totir"": 0.0, ""tofer"": NaN, ""swfac"": 0.0, ""nstres"": 0.3899396657943725}",0.0,0.3899396657943725,5048.7579345703125,2660.712890625,0.3555098474025726,0.0,,0.0,0.0,0.0,0.0,26.60712890625,26.60712890625,Leave_One_experiments/all_year_offline_schedule_search/daily_outputs/FQA/FQA_2016_FQA2016_stress_grid_S0001_daily.csv
FQA,FQA,Fengqiu,2016,Leave_One_experiments\wth_generated_qc\FQA\FQA2016.WTH,normal_year;water_stress_year;nitrogen_stress_year;irrigation_responsive_year,irrigation_responsive,FQA2016_stress_grid_S0001,low_input_within_10pct_yield,2016-09-08,252,96,91,"{""sim_day"": 96.0, ""doy"": 252.0, ""topwt"": 5048.7579345703125, ""grnwt"": 2660.712890625, ""xlai"": 0.3555098474025726, ""totir"": 0.0, ""tofer"": NaN, ""swfac"": 0.0, ""nstres"": 0.3593719005584717}",0.0,0.3593719005584717,5048.7579345703125,2660.712890625,0.3555098474025726,0.0,,0.0,0.0,0.0,0.0,26.60712890625,26.60712890625,Leave_One_experiments/all_year_offline_schedule_search/daily_outputs/FQA/FQA_2016_FQA2016_stress_grid_S0001_daily.csv
FQA,FQA,Fengqiu,2016,Leave_One_experiments\wth_generated_qc\FQA\FQA2016.WTH,normal_year;water_stress_year;nitrogen_stress_year;irrigation_responsive_year,irrigation_responsive,FQA2016_stress_grid_S0001,low_input_within_10pct_yield,2016-09-09,253,97,92,"{""sim_day"": 97.0, ""doy"": 253.0, ""topwt"": 5048.7579345703125, ""grnwt"": 2660.712890625, ""xlai"": 0.3555098474025726, ""totir"": 0.0, ""tofer"": NaN, ""swfac"": 0.0, ""nstres"": 0.3593719005584717}",0.0,0.3593719005584717,5048.7579345703125,2660.712890625,0.3555098474025726,0.0,,0.0,0.0,0.0,0.0,26.60712890625,26.60712890625,Leave_One_experiments/all_year_offline_schedule_search/daily_outputs/FQA/FQA_2016_FQA2016_stress_grid_S0001_daily.csv
FQA,FQA,Fengqiu,2016,Leave_One_experiments\wth_generated_qc\FQA\FQA2016.WTH,normal_year;water_stress_year;nitrogen_stress_year;irrigation_responsive_year,irrigation_responsive,FQA2016_stress_grid_S0001,low_input_within_10pct_yield,2016-09-10,254,98,93,"{""sim_day"": 98.0, ""doy"": 254.0, ""topwt"": 5048.7579345703125, ""grnwt"": 2660.712890625, ""xlai"": 0.3555098474025726, ""totir"": 0.0, ""tofer"": NaN, ""swfac"": 0.0, ""nstres"": 0.3593719005584717}",0.0,0.3593719005584717,5048.7579345703125,2660.712890625,0.3555098474025726,0.0,,0.0,0.0,0.0,0.0,26.60712890625,26.60712890625,Leave_One_experiments/all_year_offline_schedule_search/daily_outputs/FQA/FQA_2016_FQA2016_stress_grid_S0001_daily.csv
FQA,FQA,Fengqiu,2016,Leave_One_experiments\wth_generated_qc\FQA\FQA2016.WTH,normal_year;water_stress_year;nitrogen_stress_year;irrigation_responsive_year,irrigation_responsive,FQA2016_stress_grid_S0002,pareto_balanced,2016-06-10,162,1,1,"{""sim_day"": 1.0, ""doy"": 162.0, ""topwt"": 0.0, ""grnwt"": 0.0, ""xlai"": 0.0, ""totir"": 0.0, ""tofer"": NaN, ""swfac"": 0.0, ""nstres"": 0.0}",0.0,0.0,0.0,0.0,0.0,0.0,,0.0,0.0,100.0,0.0,-23.248590087890623,16.751409912109377,Leave_One_experiments/all_year_offline_schedule_search/daily_outputs/FQA/FQA_2016_FQA2016_stress_grid_S0002_daily.csv
FQA,FQA,Fengqiu,2016,Leave_One_experiments\wth_generated_qc\FQA\FQA2016.WTH,normal_year;water_stress_year;nitrogen_stress_year;irrigation_responsive_year,irrigation_responsive,FQA2016_stress_grid_S0002,pareto_balanced,2016-06-11,163,2,2,"{""sim_day"": 2.0, ""doy"": 163.0, ""topwt"": 0.0, ""grnwt"": 0.0, ""xlai"": 0.0, ""totir"": 0.0, ""tofer"": NaN, ""swfac"": 0.0, ""nstres"": 0.0}",0.0,0.0,0.0,0.0,0.0,0.0,,0.0,0.0,100.0,0.0,-23.248590087890623,16.751409912109377,Leave_One_experiments/all_year_offline_schedule_search/daily_outputs/FQA/FQA_2016_FQA2016_stress_grid_S0002_daily.csv
FQA,FQA,Fengqiu,2016,Leave_One_experiments\wth_generated_qc\FQA\FQA2016.WTH,normal_year;water_stress_year;nitrogen_stress_year;irrigation_responsive_year,irrigation_responsive,FQA2016_stress_grid_S0002,pareto_balanced,2016-06-12,164,3,3,"{""sim_day"": 3.0, ""doy"": 164.0, ""topwt"": 0.0, ""grnwt"": 0.0, ""xlai"": 0.0, ""totir"": 0.0, ""tofer"": NaN, ""swfac"": 0.0, ""nstres"": 0.0}",0.0,0.0,0.0,0.0,0.0,0.0,,0.0,0.0,100.0,0.0,-23.248590087890623,16.751409912109377,Leave_One_experiments/all_year_offline_schedule_search/daily_outputs/FQA/FQA_2016_FQA2016_stress_grid_S0002_daily.csv
FQA,FQA,Fengqiu,2016,Leave_One_experiments\wth_generated_qc\FQA\FQA2016.WTH,normal_year;water_stress_year;nitrogen_stress_year;irrigation_responsive_year,irrigation_responsive,FQA2016_stress_grid_S0002,pareto_balanced,2016-06-13,165,4,4,"{""sim_day"": 4.0, ""doy"": 165.0, ""topwt"": 0.0, ""grnwt"": 0.0, ""xlai"": 0.0, ""totir"": 0.0, ""tofer"": NaN, ""swfac"": 0.0, ""nstres"": 0.0}",0.0,0.0,0.0,0.0,0.0,0.0,,0.0,0.0,100.0,0.0,-23.248590087890623,16.751409912109377,Leave_One_experiments/all_year_offline_schedule_search/daily_outputs/FQA/FQA_2016_FQA2016_stress_grid_S0002_daily.csv
FQA,FQA,Fengqiu,2016,Leave_One_experiments\wth_generated_qc\FQA\FQA2016.WTH,normal_year;water_stress_year;nitrogen_stress_year;irrigation_responsive_year,irrigation_responsive,FQA2016_stress_grid_S0002,pareto_balanced,2016-06-14,166,5,5,"{""sim_day"": 5.0, ""doy"": 166.0, ""topwt"": 0.0, ""grnwt"": 0.0, ""xlai"": 0.0, ""totir"": 0.0, ""tofer"": NaN, ""swfac"": 0.0, ""nstres"": 0.0}",0.0,0.0,0.0,0.0,0.0,0.0,,0.0,0.0,100.0,0.0,-23.248590087890623,16.751409912109377,Leave_One_experiments/all_year_offline_schedule_search/daily_outputs/FQA/FQA_2016_FQA2016_stress_grid_S0002_daily.csv
FQA,FQA,Fengqiu,2016,Leave_One_experiments\wth_generated_qc\FQA\FQA2016.WTH,normal_year;water_stress_year;nitrogen_stress_year;irrigation_responsive_year,irrigation_responsive,FQA2016_stress_grid_S0002,pareto_balanced,2016-06-10,162,6,1,"{""sim_day"": 6.0, ""doy"": 162.0, ""topwt"": 0.0, ""grnwt"": 0.0, ""xlai"": 0.0, ""totir"": 0.0, ""tofer"": NaN, ""swfac"": 0.0, ""nstres"": 0.0}",0.0,0.0,0.0,0.0,0.0,0.0,,0.0,0.0,100.0,0.0,-23.248590087890623,16.751409912109377,Leave_One_experiments/all_year_offline_schedule_search/daily_outputs/FQA/FQA_2016_FQA2016_stress_grid_S0002_daily.csv
FQA,FQA,Fengqiu,2016,Leave_One_experiments\wth_generated_qc\FQA\FQA2016.WTH,normal_year;water_stress_year;nitrogen_stress_year;irrigation_responsive_year,irrigation_responsive,FQA2016_stress_grid_S0002,pareto_balanced,2016-06-11,163,7,2,"{""sim_day"": 7.0, ""doy"": 163.0, ""topwt"": 0.0, ""grnwt"": 0.0, ""xlai"": 0.0, ""totir"": 0.0, ""tofer"": NaN, ""swfac"": 0.0, ""nstres"": 0.0}",0.0,0.0,0.0,0.0,0.0,0.0,,0.0,0.0,100.0,0.0,-23.248590087890623,16.751409912109377,Leave_One_experiments/all_year_offline_schedule_search/daily_outputs/FQA/FQA_2016_FQA2016_stress_grid_S0002_daily.csv
FQA,FQA,Fengqiu,2016,Leave_One_experiments\wth_generated_qc\FQA\FQA2016.WTH,normal_year;water_stress_year;nitrogen_stress_year;irrigation_responsive_year,irrigation_responsive,FQA2016_stress_grid_S0002,pareto_balanced,2016-06-12,164,8,3,"{""sim_day"": 8.0, ""doy"": 164.0, ""topwt"": 0.0, ""grnwt"": 0.0, ""xlai"": 0.0, ""totir"": 0.0, ""tofer"": NaN, ""swfac"": 0.0, ""nstres"": 0.0}",0.0,0.0,0.0,0.0,0.0,0.0,,0.0,0.0,100.0,0.0,-23.248590087890623,16.751409912109377,Leave_One_experiments/all_year_offline_schedule_search/daily_outputs/FQA/FQA_2016_FQA2016_stress_grid_S0002_daily.csv
FQA,FQA,Fengqiu,2016,Leave_One_experiments\wth_generated_qc\FQA\FQA2016.WTH,normal_year;water_stress_year;nitrogen_stress_year;irrigation_responsive_year,irrigation_responsive,FQA2016_stress_grid_S0002,pareto_balanced,2016-06-13,165,9,4,"{""sim_day"": 9.0, ""doy"": 165.0, ""topwt"": 0.0, ""grnwt"": 0.0, ""xlai"": 0.0, ""totir"": 0.0, ""tofer"": NaN, ""swfac"": 0.0, ""nstres"": 0.0}",0.0,0.0,0.0,0.0,0.0,0.0,,0.0,0.0,100.0,0.0,-23.248590087890623,16.751409912109377,Leave_One_experiments/all_year_offline_schedule_search/daily_outputs/FQA/FQA_2016_FQA2016_stress_grid_S0002_daily.csv
FQA,FQA,Fengqiu,2016,Leave_One_experiments\wth_generated_qc\FQA\FQA2016.WTH,normal_year;water_stress_year;nitrogen_stress_year;irrigation_responsive_year,irrigation_responsive,FQA2016_stress_grid_S0002,pareto_balanced,2016-06-14,166,10,5,"{""sim_day"": 10.0, ""doy"": 166.0, ""topwt"": 32.00000047683716, ""grnwt"": 0.0, ""xlai"": 0.0028274666983634, ""totir"": 0.0, ""tofer"": NaN, ""swfac"": 0.0, ""nstres"": 0.0121910572052001}",0.0,0.0121910572052001,32.00000047683716,0.0,0.0028274666983634,0.0,,0.0,0.0,100.0,0.0,-23.248590087890623,16.751409912109377,Leave_One_experiments/all_year_offline_schedule_search/daily_outputs/FQA/FQA_2016_FQA2016_stress_grid_S0002_daily.csv
FQA,FQA,Fengqiu,2016,Leave_One_experiments\wth_generated_qc\FQA\FQA2016.WTH,normal_year;water_stress_year;nitrogen_stress_year;irrigation_responsive_year,irrigation_responsive,FQA2016_stress_grid_S0002,pareto_balanced,2016-06-15,167,11,6,"{""sim_day"": 11.0, ""doy"": 167.0, ""topwt"": 32.00000047683716, ""grnwt"": 0.0, ""xlai"": 0.0056457063183188, ""totir"": 0.0, ""tofer"": NaN, ""swfac"": 0.0, ""nstres"": 0.0044951438903808}",0.0,0.0044951438903808,32.00000047683716,0.0,0.0056457063183188,0.0,,0.0,0.0,100.0,0.0,-23.248590087890623,16.751409912109377,Leave_One_experiments/all_year_offline_schedule_search/daily_outputs/FQA/FQA_2016_FQA2016_stress_grid_S0002_daily.csv
FQA,FQA,Fengqiu,2016,Leave_One_experiments\wth_generated_qc\FQA\FQA2016.WTH,normal_year;water_stress_year;nitrogen_stress_year;irrigation_responsive_year,irrigation_responsive,FQA2016_stress_grid_S0002,pareto_balanced,2016-06-16,168,12,7,"{""sim_day"": 12.0, ""doy"": 168.0, ""topwt"": 32.00000047683716, ""grnwt"": 0.0, ""xlai"": 0.0091459024697542, ""totir"": 0.0, ""tofer"": NaN, ""swfac"": 0.0, ""nstres"": 0.0}",0.0,0.0,32.00000047683716,0.0,0.0091459024697542,0.0,,0.0,0.0,100.0,0.0,-23.248590087890623,16.751409912109377,Leave_One_experiments/all_year_offline_schedule_search/daily_outputs/FQA/FQA_2016_FQA2016_stress_grid_S0002_daily.csv
FQA,FQA,Fengqiu,2016,Leave_One_experiments\wth_generated_qc\FQA\FQA2016.WTH,normal_year;water_stress_year;nitrogen_stress_year;irrigation_responsive_year,irrigation_responsive,FQA2016_stress_grid_S0002,pareto_balanced,2016-06-17,169,13,8,"{""sim_day"": 13.0, ""doy"": 169.0, ""topwt"": 32.00000047683716, ""grnwt"": 0.0, ""xlai"": 0.0129824532195925, ""totir"": 0.0, ""tofer"": NaN, ""swfac"": 0.0, ""nstres"": 0.0}",0.0,0.0,32.00000047683716,0.0,0.0129824532195925,0.0,,0.0,0.0,100.0,0.0,-23.248590087890623,16.751409912109377,Leave_One_experiments/all_year_offline_schedule_search/daily_outputs/FQA/FQA_2016_FQA2016_stress_grid_S0002_daily.csv
FQA,FQA,Fengqiu,2016,Leave_One_experiments\wth_generated_qc\FQA\FQA2016.WTH,normal_year;water_stress_year;nitrogen_stress_year;irrigation_responsive_year,irrigation_responsive,FQA2016_stress_grid_S0002,pareto_balanced,2016-06-18,170,14,9,"{""sim_day"": 14.0, ""doy"": 170.0, ""topwt"": 32.00000047683716, ""grnwt"": 0.0, ""xlai"": 0.0172688979655504, ""totir"": 0.0, ""tofer"": NaN, ""swfac"": 0.0, ""nstres"": 0.0}",0.0,0.0,32.00000047683716,0.0,0.0172688979655504,0.0,,0.0,0.0,100.0,0.0,-23.248590087890623,16.751409912109377,Leave_One_experiments/all_year_offline_schedule_search/daily_outputs/FQA/FQA_2016_FQA2016_stress_grid_S0002_daily.csv
FQA,FQA,Fengqiu,2016,Leave_One_experiments\wth_generated_qc\FQA\FQA2016.WTH,normal_year;water_stress_year;nitrogen_stress_year;irrigation_responsive_year,irrigation_responsive,FQA2016_stress_grid_S0002,pareto_balanced,2016-06-19,171,15,10,"{""sim_day"": 15.0, ""doy"": 171.0, ""topwt"": 32.00000047683716, ""grnwt"": 0.0, ""xlai"": 0.0217307321727275, ""totir"": 0.0, ""tofer"": NaN, ""swfac"": 0.0, ""nstres"": 0.0}",0.0,0.0,32.00000047683716,0.0,0.0217307321727275,0.0,,0.0,0.0,100.0,0.0,-23.248590087890623,16.751409912109377,Leave_One_experiments/all_year_offline_schedule_search/daily_outputs/FQA/FQA_2016_FQA2016_stress_grid_S0002_daily.csv
FQA,FQA,Fengqiu,2016,Leave_One_experiments\wth_generated_qc\FQA\FQA2016.WTH,normal_year;water_stress_year;nitrogen_stress_year;irrigation_responsive_year,irrigation_responsive,FQA2016_stress_grid_S0002,pareto_balanced,2016-06-20,172,16,11,"{""sim_day"": 16.0, ""doy"": 172.0, ""topwt"": 25.545837879180908, ""grnwt"": 0.0, ""xlai"": 0.0387445278465747, ""totir"": 0.0, ""tofer"": NaN, ""swfac"": 0.0, ""nstres"": 0.0}",0.0,0.0,25.545837879180908,0.0,0.0387445278465747,0.0,,0.0,0.0,100.0,0.0,-23.248590087890623,16.751409912109377,Leave_One_experiments/all_year_offline_schedule_search/daily_outputs/FQA/FQA_2016_FQA2016_stress_grid_S0002_daily.csv
FQA,FQA,Fengqiu,2016,Leave_One_experiments\wth_generated_qc\FQA\FQA2016.WTH,normal_year;water_stress_year;nitrogen_stress_year;irrigation_responsive_year,irrigation_responsive,FQA2016_stress_grid_S0002,pareto_balanced,2016-06-21,173,17,12,"{""sim_day"": 17.0, ""doy"": 173.0, ""topwt"": 32.13376998901367, ""grnwt"": 0.0, ""xlai"": 0.0588419660925865, ""totir"": 0.0, ""tofer"": NaN, ""swfac"": 0.0, ""nstres"": 0.0}",0.0,0.0,32.13376998901367,0.0,0.0588419660925865,0.0,,0.0,0.0,100.0,0.0,-23.248590087890623,16.751409912109377,Leave_One_experiments/all_year_offline_schedule_search/daily_outputs/FQA/FQA_2016_FQA2016_stress_grid_S0002_daily.csv
FQA,FQA,Fengqiu,2016,Leave_One_experiments\wth_generated_qc\FQA\FQA2016.WTH,normal_year;water_stress_year;nitrogen_stress_year;irrigation_responsive_year,irrigation_responsive,FQA2016_stress_grid_S0002,pareto_balanced,2016-06-22,174,18,13,"{""sim_day"": 18.0, ""doy"": 174.0, ""topwt"": 33.948304653167725, ""grnwt"": 0.0, ""xlai"": 0.0640096440911293, ""totir"": 0.0, ""tofer"": NaN, ""swfac"": 0.0, ""nstres"": 0.0}",0.0,0.0,33.948304653167725,0.0,0.0640096440911293,0.0,,0.0,0.0,100.0,0.0,-23.248590087890623,16.751409912109377,Leave_One_experiments/all_year_offline_schedule_search/daily_outputs/FQA/FQA_2016_FQA2016_stress_grid_S0002_daily.csv
FQA,FQA,Fengqiu,2016,Leave_One_experiments\wth_generated_qc\FQA\FQA2016.WTH,normal_year;water_stress_year;nitrogen_stress_year;irrigation_responsive_year,irrigation_responsive,FQA2016_stress_grid_S0002,pareto_balanced,2016-06-23,175,19,14,"{""sim_day"": 19.0, ""doy"": 175.0, ""topwt"": 40.89386463165283, ""grnwt"": 0.0, ""xlai"": 0.0830233842134475, ""totir"": 0.0, ""tofer"": NaN, ""swfac"": 0.0, ""nstres"": 0.0}",0.0,0.0,40.89386463165283,0.0,0.0830233842134475,0.0,,0.0,0.0,100.0,0.0,-23.248590087890623,16.751409912109377,Leave_One_experiments/all_year_offline_schedule_search/daily_outputs/FQA/FQA_2016_FQA2016_stress_grid_S0002_daily.csv
FQA,FQA,Fengqiu,2016,Leave_One_experiments\wth_generated_qc\FQA\FQA2016.WTH,normal_year;water_stress_year;nitrogen_stress_year;irrigation_responsive_year,irrigation_responsive,FQA2016_stress_grid_S0002,pareto_balanced,2016-06-24,176,20,15,"{""sim_day"": 20.0, ""doy"": 176.0, ""topwt"": 49.44968700408936, ""grnwt"": 0.0, ""xlai"": 0.1049792245030403, ""totir"": 0.0, ""tofer"": NaN, ""swfac"": 0.0, ""nstres"": 0.0}",0.0,0.0,49.44968700408936,0.0,0.1049792245030403,0.0,,0.0,0.0,100.0,0.0,-23.248590087890623,16.751409912109377,Leave_One_experiments/all_year_offline_schedule_search/daily_outputs/FQA/FQA_2016_FQA2016_stress_grid_S0002_daily.csv
FQA,FQA,Fengqiu,2016,Leave_One_experiments\wth_generated_qc\FQA\FQA2016.WTH,normal_year;water_stress_year;nitrogen_stress_year;irrigation_responsive_year,irrigation_responsive,FQA2016_stress_grid_S0002,pareto_balanced,2016-06-25,177,21,16,"{""sim_day"": 21.0, ""doy"": 177.0, ""topwt"": 58.95122051239014, ""grnwt"": 0.0, ""xlai"": 0.128013014793396, ""totir"": 0.0, ""tofer"": NaN, ""swfac"": 0.0, ""nstres"": 0.0}",0.0,0.0,58.95122051239014,0.0,0.128013014793396,0.0,,0.0,0.0,100.0,0.0,-23.248590087890623,16.751409912109377,Leave_One_experiments/all_year_offline_schedule_search/daily_outputs/FQA/FQA_2016_FQA2016_stress_grid_S0002_daily.csv
FQA,FQA,Fengqiu,2016,Leave_One_experiments\wth_generated_qc\FQA\FQA2016.WTH,normal_year;water_stress_year;nitrogen_stress_year;irrigation_responsive_year,irrigation_responsive,FQA2016_stress_grid_S0002,pareto_balanced,2016-06-26,178,22,17,"{""sim_day"": 22.0, ""doy"": 178.0, ""topwt"": 69.6478271484375, ""grnwt"": 0.0, ""xlai"": 0.1526857614517212, ""totir"": 0.0, ""tofer"": NaN, ""swfac"": 0.0, ""nstres"": 0.0}",0.0,0.0,69.6478271484375,0.0,0.1526857614517212,0.0,,0.0,0.0,100.0,0.0,-23.248590087890623,16.751409912109377,Leave_One_experiments/all_year_offline_schedule_search/daily_outputs/FQA/FQA_2016_FQA2016_stress_grid_S0002_daily.csv
FQA,FQA,Fengqiu,2016,Leave_One_experiments\wth_generated_qc\FQA\FQA2016.WTH,normal_year;water_stress_year;nitrogen_stress_year;irrigation_responsive_year,irrigation_responsive,FQA2016_stress_grid_S0002,pareto_balanced,2016-06-27,179,23,18,"{""sim_day"": 23.0, ""doy"": 179.0, ""topwt"": 81.99666976928711, ""grnwt"": 0.0, ""xlai"": 0.1799003928899765, ""totir"": 0.0, ""tofer"": NaN, ""swfac"": 0.0, ""nstres"": 0.0}",0.0,0.0,81.99666976928711,0.0,0.1799003928899765,0.0,,0.0,0.0,100.0,0.0,-23.248590087890623,16.751409912109377,Leave_One_experiments/all_year_offline_schedule_search/daily_outputs/FQA/FQA_2016_FQA2016_stress_grid_S0002_daily.csv
FQA,FQA,Fengqiu,2016,Leave_One_experiments\wth_generated_qc\FQA\FQA2016.WTH,normal_year;water_stress_year;nitrogen_stress_year;irrigation_responsive_year,irrigation_responsive,FQA2016_stress_grid_S0002,pareto_balanced,2016-06-28,180,24,19,"{""sim_day"": 24.0, ""doy"": 180.0, ""topwt"": 96.53291702270508, ""grnwt"": 0.0, ""xlai"": 0.2105773687362671, ""totir"": 0.0, ""tofer"": NaN, ""swfac"": 0.0, ""nstres"": 0.0}",0.0,0.0,96.53291702270508,0.0,0.2105773687362671,0.0,,0.0,0.0,100.0,0.0,-23.248590087890623,16.751409912109377,Leave_One_experiments/all_year_offline_schedule_search/daily_outputs/FQA/FQA_2016_FQA2016_stress_grid_S0002_daily.csv
FQA,FQA,Fengqiu,2016,Leave_One_experiments\wth_generated_qc\FQA\FQA2016.WTH,normal_year;water_stress_year;nitrogen_stress_year;irrigation_responsive_year,irrigation_responsive,FQA2016_stress_grid_S0002,pareto_balanced,2016-06-29,181,25,20,"{""sim_day"": 25.0, ""doy"": 181.0, ""topwt"": 113.02708625793456, ""grnwt"": 0.0, ""xlai"": 0.2428416758775711, ""totir"": 20.0, ""tofer"": NaN, ""swfac"": 0.0, ""nstres"": 0.0}",0.0,0.0,113.02708625793456,0.0,0.2428416758775711,20.0,,20.0,0.0,100.0,0.0,-23.248590087890623,16.751409912109377,Leave_One_experiments/all_year_offline_schedule_search/daily_outputs/FQA/FQA_2016_FQA2016_stress_grid_S0002_daily.csv
FQA,FQA,Fengqiu,2016,Leave_One_experiments\wth_generated_qc\FQA\FQA2016.WTH,normal_year;water_stress_year;nitrogen_stress_year;irrigation_responsive_year,irrigation_responsive,FQA2016_stress_grid_S0002,pareto_balanced,2016-06-30,182,26,21,"{""sim_day"": 26.0, ""doy"": 182.0, ""topwt"": 130.5788516998291, ""grnwt"": 0.0, ""xlai"": 0.2781265377998352, ""totir"": 20.0, ""tofer"": NaN, ""swfac"": 0.0, ""nstres"": 0.0}",0.0,0.0,130.5788516998291,0.0,0.2781265377998352,20.0,,0.0,0.0,100.0,0.0,-23.248590087890623,16.751409912109377,Leave_One_experiments/all_year_offline_schedule_search/daily_outputs/FQA/FQA_2016_FQA2016_stress_grid_S0002_daily.csv
FQA,FQA,Fengqiu,2016,Leave_One_experiments\wth_generated_qc\FQA\FQA2016.WTH,normal_year;water_stress_year;nitrogen_stress_year;irrigation_responsive_year,irrigation_responsive,FQA2016_stress_grid_S0002,pareto_balanced,2016-07-01,183,27,22,"{""sim_day"": 27.0, ""doy"": 183.0, ""topwt"": 151.51456832885742, ""grnwt"": 0.0, ""xlai"": 0.3185599148273468, ""totir"": 20.0, ""tofer"": NaN, ""swfac"": 0.0, ""nstres"": 0.0}",0.0,0.0,151.51456832885742,0.0,0.3185599148273468,20.0,,0.0,0.0,100.0,0.0,-23.248590087890623,16.751409912109377,Leave_One_experiments/all_year_offline_schedule_search/daily_outputs/FQA/FQA_2016_FQA2016_stress_grid_S0002_daily.csv
FQA,FQA,Fengqiu,2016,Leave_One_experiments\wth_generated_qc\FQA\FQA2016.WTH,normal_year;water_stress_year;nitrogen_stress_year;irrigation_responsive_year,irrigation_responsive,FQA2016_stress_grid_S0002,pareto_balanced,2016-07-02,184,28,23,"{""sim_day"": 28.0, ""doy"": 184.0, ""topwt"": 174.3041229248047, ""grnwt"": 0.0, ""xlai"": 0.3607977628707886, ""totir"": 20.0, ""tofer"": NaN, ""swfac"": 0.0, ""nstres"": 0.0}",0.0,0.0,174.3041229248047,0.0,0.3607977628707886,20.0,,0.0,0.0,100.0,0.0,-23.248590087890623,16.751409912109377,Leave_One_experiments/all_year_offline_schedule_search/daily_outputs/FQA/FQA_2016_FQA2016_stress_grid_S0002_daily.csv
FQA,FQA,Fengqiu,2016,Leave_One_experiments\wth_generated_qc\FQA\FQA2016.WTH,normal_year;water_stress_year;nitrogen_stress_year;irrigation_responsive_year,irrigation_responsive,FQA2016_stress_grid_S0002,pareto_balanced,2016-07-03,185,29,24,"{""sim_day"": 29.0, ""doy"": 185.0, ""topwt"": 198.8034439086914, ""grnwt"": 0.0, ""xlai"": 0.4043959081172943, ""totir"": 20.0, ""tofer"": NaN, ""swfac"": 0.0, ""nstres"": 0.0}",0.0,0.0,198.8034439086914,0.0,0.4043959081172943,20.0,,0.0,0.0,100.0,0.0,-23.248590087890623,16.751409912109377,Leave_One_experiments/all_year_offline_schedule_search/daily_outputs/FQA/FQA_2016_FQA2016_stress_grid_S0002_daily.csv
FQA,FQA,Fengqiu,2016,Leave_One_experiments\wth_generated_qc\FQA\FQA2016.WTH,normal_year;water_stress_year;nitrogen_stress_year;irrigation_responsive_year,irrigation_responsive,FQA2016_stress_grid_S0002,pareto_balanced,2016-07-04,186,30,25,"{""sim_day"": 30.0, ""doy"": 186.0, ""topwt"": 225.3041839599609, ""grnwt"": 0.0, ""xlai"": 0.4496917724609375, ""totir"": 20.0, ""tofer"": NaN, ""swfac"": 0.0, ""nstres"": 0.0}",0.0,0.0,225.3041839599609,0.0,0.4496917724609375,20.0,,0.0,0.0,100.0,0.0,-23.248590087890623,16.751409912109377,Leave_One_experiments/all_year_offline_schedule_search/daily_outputs/FQA/FQA_2016_FQA2016_stress_grid_S0002_daily.csv
FQA,FQA,Fengqiu,2016,Leave_One_experiments\wth_generated_qc\FQA\FQA2016.WTH,normal_year;water_stress_year;nitrogen_stress_year;irrigation_responsive_year,irrigation_responsive,FQA2016_stress_grid_S0002,pareto_balanced,2016-07-05,187,31,26,"{""sim_day"": 31.0, ""doy"": 187.0, ""topwt"": 254.3486785888672, ""grnwt"": 0.0, ""xlai"": 0.4973596632480621, ""totir"": 20.0, ""tofer"": NaN, ""swfac"": 0.0, ""nstres"": 0.0}",0.0,0.0,254.3486785888672,0.0,0.4973596632480621,20.0,,0.0,0.0,100.0,0.0,-23.248590087890623,16.751409912109377,Leave_One_experiments/all_year_offline_schedule_search/daily_outputs/FQA/FQA_2016_FQA2016_stress_grid_S0002_daily.csv
FQA,FQA,Fengqiu,2016,Leave_One_experiments\wth_generated_qc\FQA\FQA2016.WTH,normal_year;water_stress_year;nitrogen_stress_year;irrigation_responsive_year,irrigation_responsive,FQA2016_stress_grid_S0002,pareto_balanced,2016-07-06,188,32,27,"{""sim_day"": 32.0, ""doy"": 188.0, ""topwt"": 289.843692779541, ""grnwt"": 0.0, ""xlai"": 0.5530884861946106, ""totir"": 20.0, ""tofer"": NaN, ""swfac"": 0.0, ""nstres"": 0.0}",0.0,0.0,289.843692779541,0.0,0.5530884861946106,20.0,,0.0,0.0,100.0,0.0,-23.248590087890623,16.751409912109377,Leave_One_experiments/all_year_offline_schedule_search/daily_outputs/FQA/FQA_2016_FQA2016_stress_grid_S0002_daily.csv
FQA,FQA,Fengqiu,2016,Leave_One_experiments\wth_generated_qc\FQA\FQA2016.WTH,normal_year;water_stress_year;nitrogen_stress_year;irrigation_responsive_year,irrigation_responsive,FQA2016_stress_grid_S0002,pareto_balanced,2016-07-07,189,33,28,"{""sim_day"": 33.0, ""doy"": 189.0, ""topwt"": 330.29590606689453, ""grnwt"": 0.0, ""xlai"": 0.6136661171913147, ""totir"": 20.0, ""tofer"": NaN, ""swfac"": 0.0, ""nstres"": 0.0}",0.0,0.0,330.29590606689453,0.0,0.6136661171913147,20.0,,0.0,0.0,100.0,0.0,-23.248590087890623,16.751409912109377,Leave_One_experiments/all_year_offline_schedule_search/daily_outputs/FQA/FQA_2016_FQA2016_stress_grid_S0002_daily.csv
FQA,FQA,Fengqiu,2016,Leave_One_experiments\wth_generated_qc\FQA\FQA2016.WTH,normal_year;water_stress_year;nitrogen_stress_year;irrigation_responsive_year,irrigation_responsive,FQA2016_stress_grid_S0002,pareto_balanced,2016-07-08,190,34,29,"{""sim_day"": 34.0, ""doy"": 190.0, ""topwt"": 359.0435028076172, ""grnwt"": 0.0, ""xlai"": 0.65495765209198, ""totir"": 20.0, ""tofer"": NaN, ""swfac"": 0.0, ""nstres"": 0.0}",0.0,0.0,359.0435028076172,0.0,0.65495765209198,20.0,,0.0,0.0,100.0,0.0,-23.248590087890623,16.751409912109377,Leave_One_experiments/all_year_offline_schedule_search/daily_outputs/FQA/FQA_2016_FQA2016_stress_grid_S0002_daily.csv
FQA,FQA,Fengqiu,2016,Leave_One_experiments\wth_generated_qc\FQA\FQA2016.WTH,normal_year;water_stress_year;nitrogen_stress_year;irrigation_responsive_year,irrigation_responsive,FQA2016_stress_grid_S0002,pareto_balanced,2016-07-09,191,35,30,"{""sim_day"": 35.0, ""doy"": 191.0, ""topwt"": 408.4423065185547, ""grnwt"": 0.0, ""xlai"": 0.7227697372436523, ""totir"": 20.0, ""tofer"": NaN, ""swfac"": 0.0, ""nstres"": 0.0}",0.0,0.0,408.4423065185547,0.0,0.7227697372436523,20.0,,0.0,0.0,100.0,0.0,-23.248590087890623,16.751409912109377,Leave_One_experiments/all_year_offline_schedule_search/daily_outputs/FQA/FQA_2016_FQA2016_stress_grid_S0002_daily.csv
FQA,FQA,Fengqiu,2016,Leave_One_experiments\wth_generated_qc\FQA\FQA2016.WTH,normal_year;water_stress_year;nitrogen_stress_year;irrigation_responsive_year,irrigation_responsive,FQA2016_stress_grid_S0002,pareto_balanced,2016-07-10,192,36,31,"{""sim_day"": 36.0, ""doy"": 192.0, ""topwt"": 464.04178619384766, ""grnwt"": 0.0, ""xlai"": 0.7952905893325806, ""totir"": 20.0, ""tofer"": NaN, ""swfac"": 0.0, ""nstres"": 0.0}",0.0,0.0,464.04178619384766,0.0,0.7952905893325806,20.0,,0.0,0.0,100.0,0.0,-23.248590087890623,16.751409912109377,Leave_One_experiments/all_year_offline_schedule_search/daily_outputs/FQA/FQA_2016_FQA2016_stress_grid_S0002_daily.csv
FQA,FQA,Fengqiu,2016,Leave_One_experiments\wth_generated_qc\FQA\FQA2016.WTH,normal_year;water_stress_year;nitrogen_stress_year;irrigation_responsive_year,irrigation_responsive,FQA2016_stress_grid_S0002,pareto_balanced,2016-07-11,193,37,32,"{""sim_day"": 37.0, ""doy"": 193.0, ""topwt"": 523.8605880737305, ""grnwt"": 0.0, ""xlai"": 0.8675760626792908, ""totir"": 20.0, ""tofer"": NaN, ""swfac"": 0.0, ""nstres"": 0.0165815353393554}",0.0,0.0165815353393554,523.8605880737305,0.0,0.8675760626792908,20.0,,0.0,0.0,100.0,0.0,-23.248590087890623,16.751409912109377,Leave_One_experiments/all_year_offline_schedule_search/daily_outputs/FQA/FQA_2016_FQA2016_stress_grid_S0002_daily.csv
FQA,FQA,Fengqiu,2016,Leave_One_experiments\wth_generated_qc\FQA\FQA2016.WTH,normal_year;water_stress_year;nitrogen_stress_year;irrigation_responsive_year,irrigation_responsive,FQA2016_stress_grid_S0002,pareto_balanced,2016-07-12,194,38,33,"{""sim_day"": 38.0, ""doy"": 194.0, ""topwt"": 580.1337432861328, ""grnwt"": 0.0, ""xlai"": 0.9274780750274658, ""totir"": 20.0, ""tofer"": NaN, ""swfac"": 0.0, ""nstres"": 0.0554119944572448}",0.0,0.0554119944572448,580.1337432861328,0.0,0.9274780750274658,20.0,,0.0,0.0,100.0,0.0,-23.248590087890623,16.751409912109377,Leave_One_experiments/all_year_offline_schedule_search/daily_outputs/FQA/FQA_2016_FQA2016_stress_grid_S0002_daily.csv
FQA,FQA,Fengqiu,2016,Leave_One_experiments\wth_generated_qc\FQA\FQA2016.WTH,normal_year;water_stress_year;nitrogen_stress_year;irrigation_responsive_year,irrigation_responsive,FQA2016_stress_grid_S0002,pareto_balanced,2016-07-13,195,39,34,"{""sim_day"": 39.0, ""doy"": 195.0, ""topwt"": 612.6638031005859, ""grnwt"": 0.0, ""xlai"": 0.9533019065856934, ""totir"": 20.0, ""tofer"": NaN, ""swfac"": 0.0, ""nstres"": 0.0914485454559326}",0.0,0.0914485454559326,612.6638031005859,0.0,0.9533019065856934,20.0,,0.0,0.0,100.0,0.0,-23.248590087890623,16.751409912109377,Leave_One_experiments/all_year_offline_schedule_search/daily_outputs/FQA/FQA_2016_FQA2016_stress_grid_S0002_daily.csv
FQA,FQA,Fengqiu,2016,Leave_One_experiments\wth_generated_qc\FQA\FQA2016.WTH,normal_year;water_stress_year;nitrogen_stress_year;irrigation_responsive_year,irrigation_responsive,FQA2016_stress_grid_S0002,pareto_balanced,2016-07-14,196,40,35,"{""sim_day"": 40.0, ""doy"": 196.0, ""topwt"": 647.4520111083984, ""grnwt"": 0.0, ""xlai"": 0.9770789742469788, ""totir"": 40.0, ""tofer"": NaN, ""swfac"": 0.0, ""nstres"": 0.1168544292449951}",0.0,0.1168544292449951,647.4520111083984,0.0,0.9770789742469788,40.0,,20.0,0.0,100.0,0.0,-23.248590087890623,16.751409912109377,Leave_One_experiments/all_year_offline_schedule_search/daily_outputs/FQA/FQA_2016_FQA2016_stress_grid_S0002_daily.csv
FQA,FQA,Fengqiu,2016,Leave_One_experiments\wth_generated_qc\FQA\FQA2016.WTH,normal_year;water_stress_year;nitrogen_stress_year;irrigation_responsive_year,irrigation_responsive,FQA2016_stress_grid_S0002,pareto_balanced,2016-07-15,197,41,36,"{""sim_day"": 41.0, ""doy"": 197.0, ""topwt"": 691.3088989257812, ""grnwt"": 0.0, ""xlai"": 1.0084140300750732, ""totir"": 40.0, ""tofer"": NaN, ""swfac"": 0.0, ""nstres"": 0.1193774938583374}",0.0,0.1193774938583374,691.3088989257812,0.0,1.0084140300750732,40.0,,0.0,0.0,100.0,0.0,-23.248590087890623,16.751409912109377,Leave_One_experiments/all_year_offline_schedule_search/daily_outputs/FQA/FQA_2016_FQA2016_stress_grid_S0002_daily.csv
FQA,FQA,Fengqiu,2016,Leave_One_experiments\wth_generated_qc\FQA\FQA2016.WTH,normal_year;water_stress_year;nitrogen_stress_year;irrigation_responsive_year,irrigation_responsive,FQA2016_stress_grid_S0002,pareto_balanced,2016-07-16,198,42,37,"{""sim_day"": 42.0, ""doy"": 198.0, ""topwt"": 746.7731475830078, ""grnwt"": 0.0, ""xlai"": 1.0479000806808472, ""totir"": 40.0, ""tofer"": NaN, ""swfac"": 0.0, ""nstres"": 0.1282273530960083}",0.0,0.1282273530960083,746.7731475830078,0.0,1.0479000806808472,40.0,,0.0,0.0,100.0,0.0,-23.248590087890623,16.751409912109377,Leave_One_experiments/all_year_offline_schedule_search/daily_outputs/FQA/FQA_2016_FQA2016_stress_grid_S0002_daily.csv
FQA,FQA,Fengqiu,2016,Leave_One_experiments\wth_generated_qc\FQA\FQA2016.WTH,normal_year;water_stress_year;nitrogen_stress_year;irrigation_responsive_year,irrigation_responsive,FQA2016_stress_grid_S0002,pareto_balanced,2016-07-17,199,43,38,"{""sim_day"": 43.0, ""doy"": 199.0, ""topwt"": 803.6746215820312, ""grnwt"": 0.0, ""xlai"": 1.0840303897857666, ""totir"": 40.0, ""tofer"": NaN, ""swfac"": 0.0, ""nstres"": 0.1412124633789062}",0.0,0.1412124633789062,803.6746215820312,0.0,1.0840303897857666,40.0,,0.0,0.0,100.0,0.0,-23.248590087890623,16.751409912109377,Leave_One_experiments/all_year_offline_schedule_search/daily_outputs/FQA/FQA_2016_FQA2016_stress_grid_S0002_daily.csv
FQA,FQA,Fengqiu,2016,Leave_One_experiments\wth_generated_qc\FQA\FQA2016.WTH,normal_year;water_stress_year;nitrogen_stress_year;irrigation_responsive_year,irrigation_responsive,FQA2016_stress_grid_S0002,pareto_balanced,2016-07-18,200,44,39,"{""sim_day"": 44.0, ""doy"": 200.0, ""topwt"": 844.0280151367188, ""grnwt"": 0.0, ""xlai"": 1.0996999740600586, ""totir"": 40.0, ""tofer"": NaN, ""swfac"": 0.0, ""nstres"": 0.1577849984169006}",0.0,0.1577849984169006,844.0280151367188,0.0,1.0996999740600586,40.0,,0.0,0.0,100.0,0.0,-23.248590087890623,16.751409912109377,Leave_One_experiments/all_year_offline_schedule_search/daily_outputs/FQA/FQA_2016_FQA2016_stress_grid_S0002_daily.csv
FQA,FQA,Fengqiu,2016,Leave_One_experiments\wth_generated_qc\FQA\FQA2016.WTH,normal_year;water_stress_year;nitrogen_stress_year;irrigation_responsive_year,irrigation_responsive,FQA2016_stress_grid_S0002,pareto_balanced,2016-07-19,201,45,40,"{""sim_day"": 45.0, ""doy"": 201.0, ""topwt"": 903.0128479003906, ""grnwt"": 0.0, ""xlai"": 1.128338098526001, ""totir"": 40.0, ""tofer"": NaN, ""swfac"": 0.0, ""nstres"": 0.1698815822601318}",0.0,0.1698815822601318,903.0128479003906,0.0,1.128338098526001,40.0,,0.0,0.0,100.0,0.0,-23.248590087890623,16.751409912109377,Leave_One_experiments/all_year_offline_schedule_search/daily_outputs/FQA/FQA_2016_FQA2016_stress_grid_S0002_daily.csv
FQA,FQA,Fengqiu,2016,Leave_One_experiments\wth_generated_qc\FQA\FQA2016.WTH,normal_year;water_stress_year;nitrogen_stress_year;irrigation_responsive_year,irrigation_responsive,FQA2016_stress_grid_S0002,pareto_balanced,2016-07-20,202,46,41,"{""sim_day"": 46.0, ""doy"": 202.0, ""topwt"": 1056.8901824951172, ""grnwt"": 0.0, ""xlai"": 1.158960461616516, ""totir"": 40.0, ""tofer"": NaN, ""swfac"": 0.0, ""nstres"": 0.175944447517395}",0.0,0.175944447517395,1056.8901824951172,0.0,1.158960461616516,40.0,,0.0,0.0,100.0,0.0,-23.248590087890623,16.751409912109377,Leave_One_experiments/all_year_offline_schedule_search/daily_outputs/FQA/FQA_2016_FQA2016_stress_grid_S0002_daily.csv
FQA,FQA,Fengqiu,2016,Leave_One_experiments\wth_generated_qc\FQA\FQA2016.WTH,normal_year;water_stress_year;nitrogen_stress_year;irrigation_responsive_year,irrigation_responsive,FQA2016_stress_grid_S0002,pareto_balanced,2016-07-21,203,47,42,"{""sim_day"": 47.0, ""doy"": 203.0, ""topwt"": 1215.4248809814453, ""grnwt"": 0.0, ""xlai"": 1.1851413249969482, ""totir"": 40.0, ""tofer"": NaN, ""swfac"": 0.0, ""nstres"": 0.1875697374343872}",0.0,0.1875697374343872,1215.4248809814453,0.0,1.1851413249969482,40.0,,0.0,0.0,100.0,0.0,-23.248590087890623,16.751409912109377,Leave_One_experiments/all_year_offline_schedule_search/daily_outputs/FQA/FQA_2016_FQA2016_stress_grid_S0002_daily.csv
FQA,FQA,Fengqiu,2016,Leave_One_experiments\wth_generated_qc\FQA\FQA2016.WTH,normal_year;water_stress_year;nitrogen_stress_year;irrigation_responsive_year,irrigation_responsive,FQA2016_stress_grid_S0002,pareto_balanced,2016-07-22,204,48,43,"{""sim_day"": 48.0, ""doy"": 204.0, ""topwt"": 1346.8275451660156, ""grnwt"": 0.0, ""xlai"": 1.1931208372116089, ""totir"": 40.0, ""tofer"": NaN, ""swfac"": 0.0, ""nstres"": 0.2780505418777466}",0.0,0.2780505418777466,1346.8275451660156,0.0,1.1931208372116089,40.0,,0.0,0.0,100.0,0.0,-23.248590087890623,16.751409912109377,Leave_One_experiments/all_year_offline_schedule_search/daily_outputs/FQA/FQA_2016_FQA2016_stress_grid_S0002_daily.csv
FQA,FQA,Fengqiu,2016,Leave_One_experiments\wth_generated_qc\FQA\FQA2016.WTH,normal_year;water_stress_year;nitrogen_stress_year;irrigation_responsive_year,irrigation_responsive,FQA2016_stress_grid_S0002,pareto_balanced,2016-07-23,205,49,44,"{""sim_day"": 49.0, ""doy"": 205.0, ""topwt"": 1455.2865600585938, ""grnwt"": 0.0, ""xlai"": 1.1877139806747437, ""totir"": 40.0, ""tofer"": NaN, ""swfac"": 0.0, ""nstres"": 0.3597106337547302}",0.0,0.3597106337547302,1455.2865600585938,0.0,1.1877139806747437,40.0,,0.0,0.0,100.0,0.0,-23.248590087890623,16.751409912109377,Leave_One_experiments/all_year_offline_schedule_search/daily_outputs/FQA/FQA_2016_FQA2016_stress_grid_S0002_daily.csv
FQA,FQA,Fengqiu,2016,Leave_One_experiments\wth_generated_qc\FQA\FQA2016.WTH,normal_year;water_stress_year;nitrogen_stress_year;irrigation_responsive_year,irrigation_responsive,FQA2016_stress_grid_S0002,pareto_balanced,2016-07-24,206,50,45,"{""sim_day"": 50.0, ""doy"": 206.0, ""topwt"": 1553.739776611328, ""grnwt"": 0.0, ""xlai"": 1.1760694980621338, ""totir"": 40.0, ""tofer"": NaN, ""swfac"": 0.0, ""nstres"": 0.4004400968551636}",0.0,0.4004400968551636,1553.739776611328,0.0,1.1760694980621338,40.0,,0.0,0.0,100.0,0.0,-23.248590087890623,16.751409912109377,Leave_One_experiments/all_year_offline_schedule_search/daily_outputs/FQA/FQA_2016_FQA2016_stress_grid_S0002_daily.csv
FQA,FQA,Fengqiu,2016,Leave_One_experiments\wth_generated_qc\FQA\FQA2016.WTH,normal_year;water_stress_year;nitrogen_stress_year;irrigation_responsive_year,irrigation_responsive,FQA2016_stress_grid_S0002,pareto_balanced,2016-07-25,207,51,46,"{""sim_day"": 51.0, ""doy"": 207.0, ""topwt"": 1639.0139770507812, ""grnwt"": 0.0, ""xlai"": 1.159191608428955, ""totir"": 40.0, ""tofer"": NaN, ""swfac"": 0.0, ""nstres"": 0.4189027547836303}",0.0,0.4189027547836303,1639.0139770507812,0.0,1.159191608428955,40.0,,0.0,0.0,100.0,0.0,-23.248590087890623,16.751409912109377,Leave_One_experiments/all_year_offline_schedule_search/daily_outputs/FQA/FQA_2016_FQA2016_stress_grid_S0002_daily.csv
FQA,FQA,Fengqiu,2016,Leave_One_experiments\wth_generated_qc\FQA\FQA2016.WTH,normal_year;water_stress_year;nitrogen_stress_year;irrigation_responsive_year,irrigation_responsive,FQA2016_stress_grid_S0002,pareto_balanced,2016-07-26,208,52,47,"{""sim_day"": 52.0, ""doy"": 208.0, ""topwt"": 1713.1939697265625, ""grnwt"": 0.0, ""xlai"": 1.138684630393982, ""totir"": 40.0, ""tofer"": NaN, ""swfac"": 0.0, ""nstres"": 0.4278451800346374}",0.0,0.4278451800346374,1713.1939697265625,0.0,1.138684630393982,40.0,,0.0,0.0,100.0,0.0,-23.248590087890623,16.751409912109377,Leave_One_experiments/all_year_offline_schedule_search/daily_outputs/FQA/FQA_2016_FQA2016_stress_grid_S0002_daily.csv
FQA,FQA,Fengqiu,2016,Leave_One_experiments\wth_generated_qc\FQA\FQA2016.WTH,normal_year;water_stress_year;nitrogen_stress_year;irrigation_responsive_year,irrigation_responsive,FQA2016_stress_grid_S0002,pareto_balanced,2016-07-27,209,53,48,"{""sim_day"": 53.0, ""doy"": 209.0, ""topwt"": 1796.6888427734375, ""grnwt"": 0.0, ""xlai"": 1.120682716369629, ""totir"": 40.0, ""tofer"": NaN, ""swfac"": 0.0, ""nstres"": 0.4267303347587585}",0.0,0.4267303347587585,1796.6888427734375,0.0,1.120682716369629,40.0,,0.0,0.0,100.0,0.0,-23.248590087890623,16.751409912109377,Leave_One_experiments/all_year_offline_schedule_search/daily_outputs/FQA/FQA_2016_FQA2016_stress_grid_S0002_daily.csv
FQA,FQA,Fengqiu,2016,Leave_One_experiments\wth_generated_qc\FQA\FQA2016.WTH,normal_year;water_stress_year;nitrogen_stress_year;irrigation_responsive_year,irrigation_responsive,FQA2016_stress_grid_S0002,pareto_balanced,2016-07-28,210,54,49,"{""sim_day"": 54.0, ""doy"": 210.0, ""topwt"": 1880.4617309570312, ""grnwt"": 0.0, ""xlai"": 1.102878212928772, ""totir"": 40.0, ""tofer"": NaN, ""swfac"": 0.0, ""nstres"": 0.4232048392295837}",0.0,0.4232048392295837,1880.4617309570312,0.0,1.102878212928772,40.0,,0.0,0.0,100.0,0.0,-23.248590087890623,16.751409912109377,Leave_One_experiments/all_year_offline_schedule_search/daily_outputs/FQA/FQA_2016_FQA2016_stress_grid_S0002_daily.csv
FQA,FQA,Fengqiu,2016,Leave_One_experiments\wth_generated_qc\FQA\FQA2016.WTH,normal_year;water_stress_year;nitrogen_stress_year;irrigation_responsive_year,irrigation_responsive,FQA2016_stress_grid_S0002,pareto_balanced,2016-07-29,211,55,50,"{""sim_day"": 55.0, ""doy"": 211.0, ""topwt"": 1971.0647583007808, ""grnwt"": 0.0, ""xlai"": 1.0875731706619265, ""totir"": 60.0, ""tofer"": NaN, ""swfac"": 0.0, ""nstres"": 0.4188160300254822}",0.0,0.4188160300254822,1971.0647583007808,0.0,1.0875731706619265,60.0,,20.0,0.0,100.0,0.0,-23.248590087890623,16.751409912109377,Leave_One_experiments/all_year_offline_schedule_search/daily_outputs/FQA/FQA_2016_FQA2016_stress_grid_S0002_daily.csv
FQA,FQA,Fengqiu,2016,Leave_One_experiments\wth_generated_qc\FQA\FQA2016.WTH,normal_year;water_stress_year;nitrogen_stress_year;irrigation_responsive_year,irrigation_responsive,FQA2016_stress_grid_S0002,pareto_balanced,2016-07-30,212,56,51,"{""sim_day"": 56.0, ""doy"": 212.0, ""topwt"": 2055.3504943847656, ""grnwt"": 0.0, ""xlai"": 1.071308970451355, ""totir"": 60.0, ""tofer"": NaN, ""swfac"": 0.0, ""nstres"": 0.4164797663688659}",0.0,0.4164797663688659,2055.3504943847656,0.0,1.071308970451355,60.0,,0.0,0.0,100.0,0.0,-23.248590087890623,16.751409912109377,Leave_One_experiments/all_year_offline_schedule_search/daily_outputs/FQA/FQA_2016_FQA2016_stress_grid_S0002_daily.csv
FQA,FQA,Fengqiu,2016,Leave_One_experiments\wth_generated_qc\FQA\FQA2016.WTH,normal_year;water_stress_year;nitrogen_stress_year;irrigation_responsive_year,irrigation_responsive,FQA2016_stress_grid_S0002,pareto_balanced,2016-07-31,213,57,52,"{""sim_day"": 57.0, ""doy"": 213.0, ""topwt"": 2139.469757080078, ""grnwt"": 0.0, ""xlai"": 1.0553244352340698, ""totir"": 60.0, ""tofer"": NaN, ""swfac"": 0.0, ""nstres"": 0.4212313890457153}",0.0,0.4212313890457153,2139.469757080078,0.0,1.0553244352340698,60.0,,0.0,0.0,100.0,0.0,-23.248590087890623,16.751409912109377,Leave_One_experiments/all_year_offline_schedule_search/daily_outputs/FQA/FQA_2016_FQA2016_stress_grid_S0002_daily.csv
FQA,FQA,Fengqiu,2016,Leave_One_experiments\wth_generated_qc\FQA\FQA2016.WTH,normal_year;water_stress_year;nitrogen_stress_year;irrigation_responsive_year,irrigation_responsive,FQA2016_stress_grid_S0002,pareto_balanced,2016-08-01,214,58,53,"{""sim_day"": 58.0, ""doy"": 214.0, ""topwt"": 2219.3881225585938, ""grnwt"": 0.0, ""xlai"": 1.0390069484710691, ""totir"": 60.0, ""tofer"": NaN, ""swfac"": 0.0, ""nstres"": 0.4172175526618957}",0.0,0.4172175526618957,2219.3881225585938,0.0,1.0390069484710691,60.0,,0.0,0.0,100.0,0.0,-23.248590087890623,16.751409912109377,Leave_One_experiments/all_year_offline_schedule_search/daily_outputs/FQA/FQA_2016_FQA2016_stress_grid_S0002_daily.csv
FQA,FQA,Fengqiu,2016,Leave_One_experiments\wth_generated_qc\FQA\FQA2016.WTH,normal_year;water_stress_year;nitrogen_stress_year;irrigation_responsive_year,irrigation_responsive,FQA2016_stress_grid_S0002,pareto_balanced,2016-08-02,215,59,54,"{""sim_day"": 59.0, ""doy"": 215.0, ""topwt"": 2297.7273559570312, ""grnwt"": 0.0, ""xlai"": 1.023045778274536, ""totir"": 60.0, ""tofer"": NaN, ""swfac"": 0.0, ""nstres"": 0.4125335216522217}",0.0,0.4125335216522217,2297.7273559570312,0.0,1.023045778274536,60.0,,0.0,0.0,100.0,0.0,-23.248590087890623,16.751409912109377,Leave_One_experiments/all_year_offline_schedule_search/daily_outputs/FQA/FQA_2016_FQA2016_stress_grid_S0002_daily.csv
FQA,FQA,Fengqiu,2016,Leave_One_experiments\wth_generated_qc\FQA\FQA2016.WTH,normal_year;water_stress_year;nitrogen_stress_year;irrigation_responsive_year,irrigation_responsive,FQA2016_stress_grid_S0002,pareto_balanced,2016-08-03,216,60,55,"{""sim_day"": 60.0, ""doy"": 216.0, ""topwt"": 2378.9031982421875, ""grnwt"": 0.0, ""xlai"": 1.0086935758590698, ""totir"": 60.0, ""tofer"": NaN, ""swfac"": 0.0, ""nstres"": 0.4038324952125549}",0.0,0.4038324952125549,2378.9031982421875,0.0,1.0086935758590698,60.0,,0.0,0.0,100.0,0.0,-23.248590087890623,16.751409912109377,Leave_One_experiments/all_year_offline_schedule_search/daily_outputs/FQA/FQA_2016_FQA2016_stress_grid_S0002_daily.csv
FQA,FQA,Fengqiu,2016,Leave_One_experiments\wth_generated_qc\FQA\FQA2016.WTH,normal_year;water_stress_year;nitrogen_stress_year;irrigation_responsive_year,irrigation_responsive,FQA2016_stress_grid_S0002,pareto_balanced,2016-08-04,217,61,56,"{""sim_day"": 61.0, ""doy"": 217.0, ""topwt"": 2464.441680908203, ""grnwt"": 0.0, ""xlai"": 0.9964372515678406, ""totir"": 60.0, ""tofer"": NaN, ""swfac"": 0.0, ""nstres"": 0.3910946846008301}",0.0,0.3910946846008301,2464.441680908203,0.0,0.9964372515678406,60.0,,0.0,0.0,100.0,0.0,-23.248590087890623,16.751409912109377,Leave_One_experiments/all_year_offline_schedule_search/daily_outputs/FQA/FQA_2016_FQA2016_stress_grid_S0002_daily.csv
FQA,FQA,Fengqiu,2016,Leave_One_experiments\wth_generated_qc\FQA\FQA2016.WTH,normal_year;water_stress_year;nitrogen_stress_year;irrigation_responsive_year,irrigation_responsive,FQA2016_stress_grid_S0002,pareto_balanced,2016-08-05,218,62,57,"{""sim_day"": 62.0, ""doy"": 218.0, ""topwt"": 2501.192169189453, ""grnwt"": 0.0, ""xlai"": 0.963942527770996, ""totir"": 60.0, ""tofer"": NaN, ""swfac"": 0.0, ""nstres"": 0.3826614618301391}",0.0,0.3826614618301391,2501.192169189453,0.0,0.963942527770996,60.0,,0.0,0.0,100.0,0.0,-23.248590087890623,16.751409912109377,Leave_One_experiments/all_year_offline_schedule_search/daily_outputs/FQA/FQA_2016_FQA2016_stress_grid_S0002_daily.csv
FQA,FQA,Fengqiu,2016,Leave_One_experiments\wth_generated_qc\FQA\FQA2016.WTH,normal_year;water_stress_year;nitrogen_stress_year;irrigation_responsive_year,irrigation_responsive,FQA2016_stress_grid_S0002,pareto_balanced,2016-08-06,219,63,58,"{""sim_day"": 63.0, ""doy"": 219.0, ""topwt"": 2567.650146484375, ""grnwt"": 0.0, ""xlai"": 0.933473825454712, ""totir"": 60.0, ""tofer"": NaN, ""swfac"": 0.0, ""nstres"": 0.3586041927337646}",0.0,0.3586041927337646,2567.650146484375,0.0,0.933473825454712,60.0,,0.0,0.0,100.0,0.0,-23.248590087890623,16.751409912109377,Leave_One_experiments/all_year_offline_schedule_search/daily_outputs/FQA/FQA_2016_FQA2016_stress_grid_S0002_daily.csv
FQA,FQA,Fengqiu,2016,Leave_One_experiments\wth_generated_qc\FQA\FQA2016.WTH,normal_year;water_stress_year;nitrogen_stress_year;irrigation_responsive_year,irrigation_responsive,FQA2016_stress_grid_S0002,pareto_balanced,2016-08-07,220,64,59,"{""sim_day"": 64.0, ""doy"": 220.0, ""topwt"": 2605.8462524414062, ""grnwt"": 0.0, ""xlai"": 0.904650866985321, ""totir"": 60.0, ""tofer"": NaN, ""swfac"": 0.0, ""nstres"": 0.3410487771034241}",0.0,0.3410487771034241,2605.8462524414062,0.0,0.904650866985321,60.0,,0.0,0.0,100.0,0.0,-23.248590087890623,16.751409912109377,Leave_One_experiments/all_year_offline_schedule_search/daily_outputs/FQA/FQA_2016_FQA2016_stress_grid_S0002_daily.csv
FQA,FQA,Fengqiu,2016,Leave_One_experiments\wth_generated_qc\FQA\FQA2016.WTH,normal_year;water_stress_year;nitrogen_stress_year;irrigation_responsive_year,irrigation_responsive,FQA2016_stress_grid_S0002,pareto_balanced,2016-08-08,221,65,60,"{""sim_day"": 65.0, ""doy"": 221.0, ""topwt"": 2654.5242309570312, ""grnwt"": 0.0, ""xlai"": 0.8771564960479736, ""totir"": 60.0, ""tofer"": NaN, ""swfac"": 0.0, ""nstres"": 0.3294126391410827}",0.0,0.3294126391410827,2654.5242309570312,0.0,0.8771564960479736,60.0,,0.0,0.0,100.0,0.0,-23.248590087890623,16.751409912109377,Leave_One_experiments/all_year_offline_schedule_search/daily_outputs/FQA/FQA_2016_FQA2016_stress_grid_S0002_daily.csv
FQA,FQA,Fengqiu,2016,Leave_One_experiments\wth_generated_qc\FQA\FQA2016.WTH,normal_year;water_stress_year;nitrogen_stress_year;irrigation_responsive_year,irrigation_responsive,FQA2016_stress_grid_S0002,pareto_balanced,2016-08-09,222,66,61,"{""sim_day"": 66.0, ""doy"": 222.0, ""topwt"": 2748.2351684570312, ""grnwt"": 0.0, ""xlai"": 0.8512938022613525, ""totir"": 60.0, ""tofer"": NaN, ""swfac"": 0.0, ""nstres"": 0.307634174823761}",0.0,0.307634174823761,2748.2351684570312,0.0,0.8512938022613525,60.0,,0.0,0.0,100.0,0.0,-23.248590087890623,16.751409912109377,Leave_One_experiments/all_year_offline_schedule_search/daily_outputs/FQA/FQA_2016_FQA2016_stress_grid_S0002_daily.csv
FQA,FQA,Fengqiu,2016,Leave_One_experiments\wth_generated_qc\FQA\FQA2016.WTH,normal_year;water_stress_year;nitrogen_stress_year;irrigation_responsive_year,irrigation_responsive,FQA2016_stress_grid_S0002,pareto_balanced,2016-08-10,223,67,62,"{""sim_day"": 67.0, ""doy"": 223.0, ""topwt"": 2856.904296875, ""grnwt"": 0.0, ""xlai"": 0.8269745707511902, ""totir"": 60.0, ""tofer"": NaN, ""swfac"": 0.0, ""nstres"": 0.2856186032295227}",0.0,0.2856186032295227,2856.904296875,0.0,0.8269745707511902,60.0,,0.0,0.0,100.0,0.0,-23.248590087890623,16.751409912109377,Leave_One_experiments/all_year_offline_schedule_search/daily_outputs/FQA/FQA_2016_FQA2016_stress_grid_S0002_daily.csv
FQA,FQA,Fengqiu,2016,Leave_One_experiments\wth_generated_qc\FQA\FQA2016.WTH,normal_year;water_stress_year;nitrogen_stress_year;irrigation_responsive_year,irrigation_responsive,FQA2016_stress_grid_S0002,pareto_balanced,2016-08-11,224,68,63,"{""sim_day"": 68.0, ""doy"": 224.0, ""topwt"": 2963.399658203125, ""grnwt"": 0.0, ""xlai"": 0.8038942217826843, ""totir"": 60.0, ""tofer"": NaN, ""swfac"": 0.0, ""nstres"": 0.2698273062705993}",0.0,0.2698273062705993,2963.399658203125,0.0,0.8038942217826843,60.0,,0.0,0.0,100.0,0.0,-23.248590087890623,16.751409912109377,Leave_One_experiments/all_year_offline_schedule_search/daily_outputs/FQA/FQA_2016_FQA2016_stress_grid_S0002_daily.csv
FQA,FQA,Fengqiu,2016,Leave_One_experiments\wth_generated_qc\FQA\FQA2016.WTH,normal_year;water_stress_year;nitrogen_stress_year;irrigation_responsive_year,irrigation_responsive,FQA2016_stress_grid_S0002,pareto_balanced,2016-08-12,225,69,64,"{""sim_day"": 69.0, ""doy"": 225.0, ""topwt"": 3056.522827148437, ""grnwt"": 0.0, ""xlai"": 0.7819677591323853, ""totir"": 60.0, ""tofer"": NaN, ""swfac"": 0.0, ""nstres"": 0.254607617855072}",0.0,0.254607617855072,3056.522827148437,0.0,0.7819677591323853,60.0,,0.0,0.0,100.0,0.0,-23.248590087890623,16.751409912109377,Leave_One_experiments/all_year_offline_schedule_search/daily_outputs/FQA/FQA_2016_FQA2016_stress_grid_S0002_daily.csv
FQA,FQA,Fengqiu,2016,Leave_One_experiments\wth_generated_qc\FQA\FQA2016.WTH,normal_year;water_stress_year;nitrogen_stress_year;irrigation_responsive_year,irrigation_responsive,FQA2016_stress_grid_S0002,pareto_balanced,2016-08-13,226,70,65,"{""sim_day"": 70.0, ""doy"": 226.0, ""topwt"": 3159.4406127929688, ""grnwt"": 102.9178524017334, ""xlai"": 0.761276125907898, ""totir"": 80.0, ""tofer"": NaN, ""swfac"": 0.0, ""nstres"": 0.2350621223449707}",0.0,0.2350621223449707,3159.4406127929688,102.9178524017334,0.761276125907898,80.0,,20.0,0.0,100.0,0.0,-23.248590087890623,16.751409912109377,Leave_One_experiments/all_year_offline_schedule_search/daily_outputs/FQA/FQA_2016_FQA2016_stress_grid_S0002_daily.csv
FQA,FQA,Fengqiu,2016,Leave_One_experiments\wth_generated_qc\FQA\FQA2016.WTH,normal_year;water_stress_year;nitrogen_stress_year;irrigation_responsive_year,irrigation_responsive,FQA2016_stress_grid_S0002,pareto_balanced,2016-08-14,227,71,66,"{""sim_day"": 71.0, ""doy"": 227.0, ""topwt"": 3248.8720703125, ""grnwt"": 211.71016693115237, ""xlai"": 0.7401707768440247, ""totir"": 80.0, ""tofer"": NaN, ""swfac"": 0.0, ""nstres"": 0.2653695940971374}",0.0,0.2653695940971374,3248.8720703125,211.71016693115237,0.7401707768440247,80.0,,0.0,0.0,100.0,0.0,-23.248590087890623,16.751409912109377,Leave_One_experiments/all_year_offline_schedule_search/daily_outputs/FQA/FQA_2016_FQA2016_stress_grid_S0002_daily.csv
FQA,FQA,Fengqiu,2016,Leave_One_experiments\wth_generated_qc\FQA\FQA2016.WTH,normal_year;water_stress_year;nitrogen_stress_year;irrigation_responsive_year,irrigation_responsive,FQA2016_stress_grid_S0002,pareto_balanced,2016-08-15,228,72,67,"{""sim_day"": 72.0, ""doy"": 228.0, ""topwt"": 3299.7711181640625, ""grnwt"": 320.5024719238281, ""xlai"": 0.7193772196769714, ""totir"": 80.0, ""tofer"": NaN, ""swfac"": 0.0, ""nstres"": 0.2742285132408142}",0.0,0.2742285132408142,3299.7711181640625,320.5024719238281,0.7193772196769714,80.0,,0.0,0.0,100.0,0.0,-23.248590087890623,16.751409912109377,Leave_One_experiments/all_year_offline_schedule_search/daily_outputs/FQA/FQA_2016_FQA2016_stress_grid_S0002_daily.csv
FQA,FQA,Fengqiu,2016,Leave_One_experiments\wth_generated_qc\FQA\FQA2016.WTH,normal_year;water_stress_year;nitrogen_stress_year;irrigation_responsive_year,irrigation_responsive,FQA2016_stress_grid_S0002,pareto_balanced,2016-08-16,229,73,68,"{""sim_day"": 73.0, ""doy"": 229.0, ""topwt"": 3376.693725585937, ""grnwt"": 429.2947769165039, ""xlai"": 0.6992070078849792, ""totir"": 80.0, ""tofer"": NaN, ""swfac"": 0.0, ""nstres"": 0.2729225754737854}",0.0,0.2729225754737854,3376.693725585937,429.2947769165039,0.6992070078849792,80.0,,0.0,0.0,100.0,0.0,-23.248590087890623,16.751409912109377,Leave_One_experiments/all_year_offline_schedule_search/daily_outputs/FQA/FQA_2016_FQA2016_stress_grid_S0002_daily.csv
FQA,FQA,Fengqiu,2016,Leave_One_experiments\wth_generated_qc\FQA\FQA2016.WTH,normal_year;water_stress_year;nitrogen_stress_year;irrigation_responsive_year,irrigation_responsive,FQA2016_stress_grid_S0002,pareto_balanced,2016-08-17,230,74,69,"{""sim_day"": 74.0, ""doy"": 230.0, ""topwt"": 3477.660217285156, ""grnwt"": 510.20904541015625, ""xlai"": 0.6801174879074097, ""totir"": 80.0, ""tofer"": NaN, ""swfac"": 0.0, ""nstres"": 0.2552403807640075}",0.0,0.2552403807640075,3477.660217285156,510.20904541015625,0.6801174879074097,80.0,,0.0,0.0,100.0,0.0,-23.248590087890623,16.751409912109377,Leave_One_experiments/all_year_offline_schedule_search/daily_outputs/FQA/FQA_2016_FQA2016_stress_grid_S0002_daily.csv
FQA,FQA,Fengqiu,2016,Leave_One_experiments\wth_generated_qc\FQA\FQA2016.WTH,normal_year;water_stress_year;nitrogen_stress_year;irrigation_responsive_year,irrigation_responsive,FQA2016_stress_grid_S0002,pareto_balanced,2016-08-18,231,75,70,"{""sim_day"": 75.0, ""doy"": 231.0, ""topwt"": 3508.29345703125, ""grnwt"": 619.001350402832, ""xlai"": 0.6619611978530884, ""totir"": 80.0, ""tofer"": NaN, ""swfac"": 0.0, ""nstres"": 0.2406966686248779}",0.0,0.2406966686248779,3508.29345703125,619.001350402832,0.6619611978530884,80.0,,0.0,0.0,100.0,0.0,-23.248590087890623,16.751409912109377,Leave_One_experiments/all_year_offline_schedule_search/daily_outputs/FQA/FQA_2016_FQA2016_stress_grid_S0002_daily.csv
FQA,FQA,Fengqiu,2016,Leave_One_experiments\wth_generated_qc\FQA\FQA2016.WTH,normal_year;water_stress_year;nitrogen_stress_year;irrigation_responsive_year,irrigation_responsive,FQA2016_stress_grid_S0002,pareto_balanced,2016-08-19,232,76,71,"{""sim_day"": 76.0, ""doy"": 232.0, ""topwt"": 3581.5475463867188, ""grnwt"": 727.7936553955078, ""xlai"": 0.6437323093414307, ""totir"": 80.0, ""tofer"": NaN, ""swfac"": 0.0, ""nstres"": 0.2609051465988159}",0.0,0.2609051465988159,3581.5475463867188,727.7936553955078,0.6437323093414307,80.0,,0.0,0.0,100.0,0.0,-23.248590087890623,16.751409912109377,Leave_One_experiments/all_year_offline_schedule_search/daily_outputs/FQA/FQA_2016_FQA2016_stress_grid_S0002_daily.csv
FQA,FQA,Fengqiu,2016,Leave_One_experiments\wth_generated_qc\FQA\FQA2016.WTH,normal_year;water_stress_year;nitrogen_stress_year;irrigation_responsive_year,irrigation_responsive,FQA2016_stress_grid_S0002,pareto_balanced,2016-08-20,233,77,72,"{""sim_day"": 77.0, ""doy"": 233.0, ""topwt"": 3701.557312011719, ""grnwt"": 836.5859985351562, ""xlai"": 0.6265661120414734, ""totir"": 80.0, ""tofer"": NaN, ""swfac"": 0.0, ""nstres"": 0.2400020956993103}",0.0,0.2400020956993103,3701.557312011719,836.5859985351562,0.6265661120414734,80.0,,0.0,0.0,100.0,0.0,-23.248590087890623,16.751409912109377,Leave_One_experiments/all_year_offline_schedule_search/daily_outputs/FQA/FQA_2016_FQA2016_stress_grid_S0002_daily.csv
FQA,FQA,Fengqiu,2016,Leave_One_experiments\wth_generated_qc\FQA\FQA2016.WTH,normal_year;water_stress_year;nitrogen_stress_year;irrigation_responsive_year,irrigation_responsive,FQA2016_stress_grid_S0002,pareto_balanced,2016-08-21,234,78,73,"{""sim_day"": 78.0, ""doy"": 234.0, ""topwt"": 3804.786987304688, ""grnwt"": 934.499053955078, ""xlai"": 0.6099316477775574, ""totir"": 80.0, ""tofer"": NaN, ""swfac"": 0.0, ""nstres"": 0.2371654510498047}",0.0,0.2371654510498047,3804.786987304688,934.499053955078,0.6099316477775574,80.0,,0.0,0.0,100.0,0.0,-23.248590087890623,16.751409912109377,Leave_One_experiments/all_year_offline_schedule_search/daily_outputs/FQA/FQA_2016_FQA2016_stress_grid_S0002_daily.csv
FQA,FQA,Fengqiu,2016,Leave_One_experiments\wth_generated_qc\FQA\FQA2016.WTH,normal_year;water_stress_year;nitrogen_stress_year;irrigation_responsive_year,irrigation_responsive,FQA2016_stress_grid_S0002,pareto_balanced,2016-08-22,235,79,74,"{""sim_day"": 79.0, ""doy"": 235.0, ""topwt"": 3879.2095947265625, ""grnwt"": 1013.3734893798828, ""xlai"": 0.5933886766433716, ""totir"": 80.0, ""tofer"": NaN, ""swfac"": 0.0, ""nstres"": 0.2509445548057556}",0.0,0.2509445548057556,3879.2095947265625,1013.3734893798828,0.5933886766433716,80.0,,0.0,0.0,100.0,0.0,-23.248590087890623,16.751409912109377,Leave_One_experiments/all_year_offline_schedule_search/daily_outputs/FQA/FQA_2016_FQA2016_stress_grid_S0002_daily.csv
FQA,FQA,Fengqiu,2016,Leave_One_experiments\wth_generated_qc\FQA\FQA2016.WTH,normal_year;water_stress_year;nitrogen_stress_year;irrigation_responsive_year,irrigation_responsive,FQA2016_stress_grid_S0002,pareto_balanced,2016-08-23,236,80,75,"{""sim_day"": 80.0, ""doy"": 236.0, ""topwt"": 3958.867492675781, ""grnwt"": 1084.0885162353516, ""xlai"": 0.5772691965103149, ""totir"": 80.0, ""tofer"": NaN, ""swfac"": 0.0, ""nstres"": 0.2519605159759521}",0.0,0.2519605159759521,3958.867492675781,1084.0885162353516,0.5772691965103149,80.0,,0.0,0.0,100.0,0.0,-23.248590087890623,16.751409912109377,Leave_One_experiments/all_year_offline_schedule_search/daily_outputs/FQA/FQA_2016_FQA2016_stress_grid_S0002_daily.csv
FQA,FQA,Fengqiu,2016,Leave_One_experiments\wth_generated_qc\FQA\FQA2016.WTH,normal_year;water_stress_year;nitrogen_stress_year;irrigation_responsive_year,irrigation_responsive,FQA2016_stress_grid_S0002,pareto_balanced,2016-08-24,237,81,76,"{""sim_day"": 81.0, ""doy"": 237.0, ""topwt"": 3989.078369140625, ""grnwt"": 1192.880859375, ""xlai"": 0.5616609454154968, ""totir"": 80.0, ""tofer"": NaN, ""swfac"": 0.0, ""nstres"": 0.2489150166511535}",0.0,0.2489150166511535,3989.078369140625,1192.880859375,0.5616609454154968,80.0,,0.0,0.0,100.0,0.0,-23.248590087890623,16.751409912109377,Leave_One_experiments/all_year_offline_schedule_search/daily_outputs/FQA/FQA_2016_FQA2016_stress_grid_S0002_daily.csv
FQA,FQA,Fengqiu,2016,Leave_One_experiments\wth_generated_qc\FQA\FQA2016.WTH,normal_year;water_stress_year;nitrogen_stress_year;irrigation_responsive_year,irrigation_responsive,FQA2016_stress_grid_S0002,pareto_balanced,2016-08-25,238,82,77,"{""sim_day"": 82.0, ""doy"": 238.0, ""topwt"": 4087.150268554688, ""grnwt"": 1301.6731262207031, ""xlai"": 0.5459056496620178, ""totir"": 80.0, ""tofer"": NaN, ""swfac"": 0.0, ""nstres"": 0.2732264995574951}",0.0,0.2732264995574951,4087.150268554688,1301.6731262207031,0.5459056496620178,80.0,,0.0,0.0,100.0,0.0,-23.248590087890623,16.751409912109377,Leave_One_experiments/all_year_offline_schedule_search/daily_outputs/FQA/FQA_2016_FQA2016_stress_grid_S0002_daily.csv
FQA,FQA,Fengqiu,2016,Leave_One_experiments\wth_generated_qc\FQA\FQA2016.WTH,normal_year;water_stress_year;nitrogen_stress_year;irrigation_responsive_year,irrigation_responsive,FQA2016_stress_grid_S0002,pareto_balanced,2016-08-26,239,83,78,"{""sim_day"": 83.0, ""doy"": 239.0, ""topwt"": 4203.639526367188, ""grnwt"": 1410.4653930664062, ""xlai"": 0.5309839844703674, ""totir"": 80.0, ""tofer"": NaN, ""swfac"": 0.0, ""nstres"": 0.2560093998908996}",0.0,0.2560093998908996,4203.639526367188,1410.4653930664062,0.5309839844703674,80.0,,0.0,0.0,100.0,0.0,-23.248590087890623,16.751409912109377,Leave_One_experiments/all_year_offline_schedule_search/daily_outputs/FQA/FQA_2016_FQA2016_stress_grid_S0002_daily.csv
FQA,FQA,Fengqiu,2016,Leave_One_experiments\wth_generated_qc\FQA\FQA2016.WTH,normal_year;water_stress_year;nitrogen_stress_year;irrigation_responsive_year,irrigation_responsive,FQA2016_stress_grid_S0002,pareto_balanced,2016-08-27,240,84,79,"{""sim_day"": 84.0, ""doy"": 240.0, ""topwt"": 4317.5531005859375, ""grnwt"": 1519.2576599121094, ""xlai"": 0.5160267353057861, ""totir"": 80.0, ""tofer"": NaN, ""swfac"": 0.0, ""nstres"": 0.2760506272315979}",0.0,0.2760506272315979,4317.5531005859375,1519.2576599121094,0.5160267353057861,80.0,,0.0,0.0,100.0,0.0,-23.248590087890623,16.751409912109377,Leave_One_experiments/all_year_offline_schedule_search/daily_outputs/FQA/FQA_2016_FQA2016_stress_grid_S0002_daily.csv
FQA,FQA,Fengqiu,2016,Leave_One_experiments\wth_generated_qc\FQA\FQA2016.WTH,normal_year;water_stress_year;nitrogen_stress_year;irrigation_responsive_year,irrigation_responsive,FQA2016_stress_grid_S0002,pareto_balanced,2016-08-28,241,85,80,"{""sim_day"": 85.0, ""doy"": 241.0, ""topwt"": 4421.334228515625, ""grnwt"": 1628.0499267578125, ""xlai"": 0.5008202195167542, ""totir"": 100.0, ""tofer"": NaN, ""swfac"": 0.0, ""nstres"": 0.3072443008422851}",0.0,0.3072443008422851,4421.334228515625,1628.0499267578125,0.5008202195167542,100.0,,20.0,0.0,100.0,0.0,-23.248590087890623,16.751409912109377,Leave_One_experiments/all_year_offline_schedule_search/daily_outputs/FQA/FQA_2016_FQA2016_stress_grid_S0002_daily.csv
FQA,FQA,Fengqiu,2016,Leave_One_experiments\wth_generated_qc\FQA\FQA2016.WTH,normal_year;water_stress_year;nitrogen_stress_year;irrigation_responsive_year,irrigation_responsive,FQA2016_stress_grid_S0002,pareto_balanced,2016-08-29,242,86,81,"{""sim_day"": 86.0, ""doy"": 242.0, ""topwt"": 4506.053466796875, ""grnwt"": 1736.8421936035156, ""xlai"": 0.4855269491672516, ""totir"": 100.0, ""tofer"": NaN, ""swfac"": 0.0, ""nstres"": 0.3328741192817688}",0.0,0.3328741192817688,4506.053466796875,1736.8421936035156,0.4855269491672516,100.0,,0.0,0.0,100.0,0.0,-23.248590087890623,16.751409912109377,Leave_One_experiments/all_year_offline_schedule_search/daily_outputs/FQA/FQA_2016_FQA2016_stress_grid_S0002_daily.csv
FQA,FQA,Fengqiu,2016,Leave_One_experiments\wth_generated_qc\FQA\FQA2016.WTH,normal_year;water_stress_year;nitrogen_stress_year;irrigation_responsive_year,irrigation_responsive,FQA2016_stress_grid_S0002,pareto_balanced,2016-08-30,243,87,82,"{""sim_day"": 87.0, ""doy"": 243.0, ""topwt"": 4594.95849609375, ""grnwt"": 1845.6344604492188, ""xlai"": 0.4701690375804901, ""totir"": 100.0, ""tofer"": NaN, ""swfac"": 0.0, ""nstres"": 0.3591543436050415}",0.0,0.3591543436050415,4594.95849609375,1845.6344604492188,0.4701690375804901,100.0,,0.0,0.0,100.0,0.0,-23.248590087890623,16.751409912109377,Leave_One_experiments/all_year_offline_schedule_search/daily_outputs/FQA/FQA_2016_FQA2016_stress_grid_S0002_daily.csv
FQA,FQA,Fengqiu,2016,Leave_One_experiments\wth_generated_qc\FQA\FQA2016.WTH,normal_year;water_stress_year;nitrogen_stress_year;irrigation_responsive_year,irrigation_responsive,FQA2016_stress_grid_S0002,pareto_balanced,2016-08-31,244,88,83,"{""sim_day"": 88.0, ""doy"": 244.0, ""topwt"": 4679.04541015625, ""grnwt"": 1954.4267272949216, ""xlai"": 0.4550507664680481, ""totir"": 100.0, ""tofer"": NaN, ""swfac"": 0.0, ""nstres"": 0.3717172741889953}",0.0,0.3717172741889953,4679.04541015625,1954.4267272949216,0.4550507664680481,100.0,,0.0,0.0,100.0,0.0,-23.248590087890623,16.751409912109377,Leave_One_experiments/all_year_offline_schedule_search/daily_outputs/FQA/FQA_2016_FQA2016_stress_grid_S0002_daily.csv
FQA,FQA,Fengqiu,2016,Leave_One_experiments\wth_generated_qc\FQA\FQA2016.WTH,normal_year;water_stress_year;nitrogen_stress_year;irrigation_responsive_year,irrigation_responsive,FQA2016_stress_grid_S0002,pareto_balanced,2016-09-01,245,89,84,"{""sim_day"": 89.0, ""doy"": 245.0, ""topwt"": 4760.7720947265625, ""grnwt"": 2063.218994140625, ""xlai"": 0.4402067363262176, ""totir"": 100.0, ""tofer"": NaN, ""swfac"": 0.0, ""nstres"": 0.3828973174095154}",0.0,0.3828973174095154,4760.7720947265625,2063.218994140625,0.4402067363262176,100.0,,0.0,0.0,100.0,0.0,-23.248590087890623,16.751409912109377,Leave_One_experiments/all_year_offline_schedule_search/daily_outputs/FQA/FQA_2016_FQA2016_stress_grid_S0002_daily.csv
FQA,FQA,Fengqiu,2016,Leave_One_experiments\wth_generated_qc\FQA\FQA2016.WTH,normal_year;water_stress_year;nitrogen_stress_year;irrigation_responsive_year,irrigation_responsive,FQA2016_stress_grid_S0002,pareto_balanced,2016-09-02,246,90,85,"{""sim_day"": 90.0, ""doy"": 246.0, ""topwt"": 4799.7894287109375, ""grnwt"": 2172.011260986328, ""xlai"": 0.4256947040557861, ""totir"": 100.0, ""tofer"": NaN, ""swfac"": 0.0, ""nstres"": 0.3911896347999573}",0.0,0.3911896347999573,4799.7894287109375,2172.011260986328,0.4256947040557861,100.0,,0.0,0.0,100.0,0.0,-23.248590087890623,16.751409912109377,Leave_One_experiments/all_year_offline_schedule_search/daily_outputs/FQA/FQA_2016_FQA2016_stress_grid_S0002_daily.csv
FQA,FQA,Fengqiu,2016,Leave_One_experiments\wth_generated_qc\FQA\FQA2016.WTH,normal_year;water_stress_year;nitrogen_stress_year;irrigation_responsive_year,irrigation_responsive,FQA2016_stress_grid_S0002,pareto_balanced,2016-09-03,247,91,86,"{""sim_day"": 91.0, ""doy"": 247.0, ""topwt"": 4857.66357421875, ""grnwt"": 2280.8035278320312, ""xlai"": 0.4116063416004181, ""totir"": 100.0, ""tofer"": NaN, ""swfac"": 0.0, ""nstres"": 0.3942778706550598}",0.0,0.3942778706550598,4857.66357421875,2280.8035278320312,0.4116063416004181,100.0,,0.0,0.0,100.0,0.0,-23.248590087890623,16.751409912109377,Leave_One_experiments/all_year_offline_schedule_search/daily_outputs/FQA/FQA_2016_FQA2016_stress_grid_S0002_daily.csv
FQA,FQA,Fengqiu,2016,Leave_One_experiments\wth_generated_qc\FQA\FQA2016.WTH,normal_year;water_stress_year;nitrogen_stress_year;irrigation_responsive_year,irrigation_responsive,FQA2016_stress_grid_S0002,pareto_balanced,2016-09-04,248,92,87,"{""sim_day"": 92.0, ""doy"": 248.0, ""topwt"": 4907.716369628906, ""grnwt"": 2389.5957946777344, ""xlai"": 0.398287296295166, ""totir"": 100.0, ""tofer"": NaN, ""swfac"": 0.0, ""nstres"": 0.3766077160835266}",0.0,0.3766077160835266,4907.716369628906,2389.5957946777344,0.398287296295166,100.0,,0.0,0.0,100.0,0.0,-23.248590087890623,16.751409912109377,Leave_One_experiments/all_year_offline_schedule_search/daily_outputs/FQA/FQA_2016_FQA2016_stress_grid_S0002_daily.csv
FQA,FQA,Fengqiu,2016,Leave_One_experiments\wth_generated_qc\FQA\FQA2016.WTH,normal_year;water_stress_year;nitrogen_stress_year;irrigation_responsive_year,irrigation_responsive,FQA2016_stress_grid_S0002,pareto_balanced,2016-09-05,249,93,88,"{""sim_day"": 93.0, ""doy"": 249.0, ""topwt"": 4954.973449707031, ""grnwt"": 2498.388061523437, ""xlai"": 0.3854758739471435, ""totir"": 100.0, ""tofer"": NaN, ""swfac"": 0.0, ""nstres"": 0.3719894886016845}",0.0,0.3719894886016845,4954.973449707031,2498.388061523437,0.3854758739471435,100.0,,0.0,0.0,100.0,0.0,-23.248590087890623,16.751409912109377,Leave_One_experiments/all_year_offline_schedule_search/daily_outputs/FQA/FQA_2016_FQA2016_stress_grid_S0002_daily.csv
FQA,FQA,Fengqiu,2016,Leave_One_experiments\wth_generated_qc\FQA\FQA2016.WTH,normal_year;water_stress_year;nitrogen_stress_year;irrigation_responsive_year,irrigation_responsive,FQA2016_stress_grid_S0002,pareto_balanced,2016-09-06,250,94,89,"{""sim_day"": 94.0, ""doy"": 250.0, ""topwt"": 5024.512939453125, ""grnwt"": 2607.1804809570312, ""xlai"": 0.3731704950332641, ""totir"": 100.0, ""tofer"": NaN, ""swfac"": 0.0, ""nstres"": 0.3661404848098755}",0.0,0.3661404848098755,5024.512939453125,2607.1804809570312,0.3731704950332641,100.0,,0.0,0.0,100.0,0.0,-23.248590087890623,16.751409912109377,Leave_One_experiments/all_year_offline_schedule_search/daily_outputs/FQA/FQA_2016_FQA2016_stress_grid_S0002_daily.csv
FQA,FQA,Fengqiu,2016,Leave_One_experiments\wth_generated_qc\FQA\FQA2016.WTH,normal_year;water_stress_year;nitrogen_stress_year;irrigation_responsive_year,irrigation_responsive,FQA2016_stress_grid_S0002,pareto_balanced,2016-09-07,251,95,90,"{""sim_day"": 95.0, ""doy"": 251.0, ""topwt"": 5066.292724609375, ""grnwt"": 2675.140991210937, ""xlai"": 0.3613927662372589, ""totir"": 100.0, ""tofer"": NaN, ""swfac"": 0.0, ""nstres"": 0.3574709892272949}",0.0,0.3574709892272949,5066.292724609375,2675.140991210937,0.3613927662372589,100.0,,0.0,0.0,100.0,0.0,-23.248590087890623,16.751409912109377,Leave_One_experiments/all_year_offline_schedule_search/daily_outputs/FQA/FQA_2016_FQA2016_stress_grid_S0002_daily.csv
FQA,FQA,Fengqiu,2016,Leave_One_experiments\wth_generated_qc\FQA\FQA2016.WTH,normal_year;water_stress_year;nitrogen_stress_year;irrigation_responsive_year,irrigation_responsive,FQA2016_stress_grid_S0002,pareto_balanced,2016-09-08,252,96,91,"{""sim_day"": 96.0, ""doy"": 252.0, ""topwt"": 5066.292724609375, ""grnwt"": 2675.140991210937, ""xlai"": 0.3613927662372589, ""totir"": 100.0, ""tofer"": NaN, ""swfac"": 0.0, ""nstres"": 0.3274734020233154}",0.0,0.3274734020233154,5066.292724609375,2675.140991210937,0.3613927662372589,100.0,,0.0,0.0,100.0,0.0,-23.248590087890623,16.751409912109377,Leave_One_experiments/all_year_offline_schedule_search/daily_outputs/FQA/FQA_2016_FQA2016_stress_grid_S0002_daily.csv
FQA,FQA,Fengqiu,2016,Leave_One_experiments\wth_generated_qc\FQA\FQA2016.WTH,normal_year;water_stress_year;nitrogen_stress_year;irrigation_responsive_year,irrigation_responsive,FQA2016_stress_grid_S0002,pareto_balanced,2016-09-09,253,97,92,"{""sim_day"": 97.0, ""doy"": 253.0, ""topwt"": 5066.292724609375, ""grnwt"": 2675.140991210937, ""xlai"": 0.3613927662372589, ""totir"": 100.0, ""tofer"": NaN, ""swfac"": 0.0, ""nstres"": 0.3274734020233154}",0.0,0.3274734020233154,5066.292724609375,2675.140991210937,0.3613927662372589,100.0,,0.0,0.0,100.0,0.0,-23.248590087890623,16.751409912109377,Leave_One_experiments/all_year_offline_schedule_search/daily_outputs/FQA/FQA_2016_FQA2016_stress_grid_S0002_daily.csv
FQA,FQA,Fengqiu,2016,Leave_One_experiments\wth_generated_qc\FQA\FQA2016.WTH,normal_year;water_stress_year;nitrogen_stress_year;irrigation_responsive_year,irrigation_responsive,FQA2016_stress_grid_S0002,pareto_balanced,2016-09-10,254,98,93,"{""sim_day"": 98.0, ""doy"": 254.0, ""topwt"": 5066.292724609375, ""grnwt"": 2675.140991210937, ""xlai"": 0.3613927662372589, ""totir"": 100.0, ""tofer"": NaN, ""swfac"": 0.0, ""nstres"": 0.3274734020233154}",0.0,0.3274734020233154,5066.292724609375,2675.140991210937,0.3613927662372589,100.0,,0.0,0.0,100.0,0.0,-23.248590087890623,16.751409912109377,Leave_One_experiments/all_year_offline_schedule_search/daily_outputs/FQA/FQA_2016_FQA2016_stress_grid_S0002_daily.csv
FQA,FQA,Fengqiu,2017,Leave_One_experiments\wth_generated_qc\FQA\FQA2017.WTH,normal_year;water_stress_year;nitrogen_stress_year,water_stress,FQA2017_stress_grid_S0006,irrigation_positive_candidate,2017-06-11,162,1,1,"{""sim_day"": 1.0, ""doy"": 162.0, ""topwt"": 0.0, ""grnwt"": 0.0, ""xlai"": 0.0, ""totir"": 0.0, ""tofer"": NaN, ""swfac"": 0.0, ""nstres"": 0.0}",0.0,0.0,0.0,0.0,0.0,0.0,,0.0,0.0,20.0,0.0,12.905532836914062,20.905532836914062,Leave_One_experiments/all_year_offline_schedule_search/daily_outputs/FQA/FQA_2017_FQA2017_stress_grid_S0006_daily.csv
FQA,FQA,Fengqiu,2017,Leave_One_experiments\wth_generated_qc\FQA\FQA2017.WTH,normal_year;water_stress_year;nitrogen_stress_year,water_stress,FQA2017_stress_grid_S0006,irrigation_positive_candidate,2017-06-12,163,2,2,"{""sim_day"": 2.0, ""doy"": 163.0, ""topwt"": 0.0, ""grnwt"": 0.0, ""xlai"": 0.0, ""totir"": 0.0, ""tofer"": NaN, ""swfac"": 0.0, ""nstres"": 0.0}",0.0,0.0,0.0,0.0,0.0,0.0,,0.0,0.0,20.0,0.0,12.905532836914062,20.905532836914062,Leave_One_experiments/all_year_offline_schedule_search/daily_outputs/FQA/FQA_2017_FQA2017_stress_grid_S0006_daily.csv
FQA,FQA,Fengqiu,2017,Leave_One_experiments\wth_generated_qc\FQA\FQA2017.WTH,normal_year;water_stress_year;nitrogen_stress_year,water_stress,FQA2017_stress_grid_S0006,irrigation_positive_candidate,2017-06-13,164,3,3,"{""sim_day"": 3.0, ""doy"": 164.0, ""topwt"": 0.0, ""grnwt"": 0.0, ""xlai"": 0.0, ""totir"": 0.0, ""tofer"": NaN, ""swfac"": 0.0, ""nstres"": 0.0}",0.0,0.0,0.0,0.0,0.0,0.0,,0.0,0.0,20.0,0.0,12.905532836914062,20.905532836914062,Leave_One_experiments/all_year_offline_schedule_search/daily_outputs/FQA/FQA_2017_FQA2017_stress_grid_S0006_daily.csv
FQA,FQA,Fengqiu,2017,Leave_One_experiments\wth_generated_qc\FQA\FQA2017.WTH,normal_year;water_stress_year;nitrogen_stress_year,water_stress,FQA2017_stress_grid_S0006,irrigation_positive_candidate,2017-06-14,165,4,4,"{""sim_day"": 4.0, ""doy"": 165.0, ""topwt"": 0.0, ""grnwt"": 0.0, ""xlai"": 0.0, ""totir"": 0.0, ""tofer"": NaN, ""swfac"": 0.0, ""nstres"": 0.0}",0.0,0.0,0.0,0.0,0.0,0.0,,0.0,0.0,20.0,0.0,12.905532836914062,20.905532836914062,Leave_One_experiments/all_year_offline_schedule_search/daily_outputs/FQA/FQA_2017_FQA2017_stress_grid_S0006_daily.csv
FQA,FQA,Fengqiu,2017,Leave_One_experiments\wth_generated_qc\FQA\FQA2017.WTH,normal_year;water_stress_year;nitrogen_stress_year,water_stress,FQA2017_stress_grid_S0006,irrigation_positive_candidate,2017-06-15,166,5,5,"{""sim_day"": 5.0, ""doy"": 166.0, ""topwt"": 0.0, ""grnwt"": 0.0, ""xlai"": 0.0, ""totir"": 0.0, ""tofer"": NaN, ""swfac"": 0.0, ""nstres"": 0.0}",0.0,0.0,0.0,0.0,0.0,0.0,,0.0,0.0,20.0,0.0,12.905532836914062,20.905532836914062,Leave_One_experiments/all_year_offline_schedule_search/daily_outputs/FQA/FQA_2017_FQA2017_stress_grid_S0006_daily.csv
FQA,FQA,Fengqiu,2017,Leave_One_experiments\wth_generated_qc\FQA\FQA2017.WTH,normal_year;water_stress_year;nitrogen_stress_year,water_stress,FQA2017_stress_grid_S0006,irrigation_positive_candidate,2017-06-11,162,6,1,"{""sim_day"": 6.0, ""doy"": 162.0, ""topwt"": 0.0, ""grnwt"": 0.0, ""xlai"": 0.0, ""totir"": 0.0, ""tofer"": NaN, ""swfac"": 0.0, ""nstres"": 0.0}",0.0,0.0,0.0,0.0,0.0,0.0,,0.0,0.0,20.0,0.0,12.905532836914062,20.905532836914062,Leave_One_experiments/all_year_offline_schedule_search/daily_outputs/FQA/FQA_2017_FQA2017_stress_grid_S0006_daily.csv
FQA,FQA,Fengqiu,2017,Leave_One_experiments\wth_generated_qc\FQA\FQA2017.WTH,normal_year;water_stress_year;nitrogen_stress_year,water_stress,FQA2017_stress_grid_S0006,irrigation_positive_candidate,2017-06-12,163,7,2,"{""sim_day"": 7.0, ""doy"": 163.0, ""topwt"": 0.0, ""grnwt"": 0.0, ""xlai"": 0.0, ""totir"": 0.0, ""tofer"": NaN, ""swfac"": 0.0, ""nstres"": 0.0}",0.0,0.0,0.0,0.0,0.0,0.0,,0.0,0.0,20.0,0.0,12.905532836914062,20.905532836914062,Leave_One_experiments/all_year_offline_schedule_search/daily_outputs/FQA/FQA_2017_FQA2017_stress_grid_S0006_daily.csv
FQA,FQA,Fengqiu,2017,Leave_One_experiments\wth_generated_qc\FQA\FQA2017.WTH,normal_year;water_stress_year;nitrogen_stress_year,water_stress,FQA2017_stress_grid_S0006,irrigation_positive_candidate,2017-06-13,164,8,3,"{""sim_day"": 8.0, ""doy"": 164.0, ""topwt"": 0.0, ""grnwt"": 0.0, ""xlai"": 0.0, ""totir"": 0.0, ""tofer"": NaN, ""swfac"": 0.0, ""nstres"": 0.0}",0.0,0.0,0.0,0.0,0.0,0.0,,0.0,0.0,20.0,0.0,12.905532836914062,20.905532836914062,Leave_One_experiments/all_year_offline_schedule_search/daily_outputs/FQA/FQA_2017_FQA2017_stress_grid_S0006_daily.csv
FQA,FQA,Fengqiu,2017,Leave_One_experiments\wth_generated_qc\FQA\FQA2017.WTH,normal_year;water_stress_year;nitrogen_stress_year,water_stress,FQA2017_stress_grid_S0006,irrigation_positive_candidate,2017-06-14,165,9,4,"{""sim_day"": 9.0, ""doy"": 165.0, ""topwt"": 0.0, ""grnwt"": 0.0, ""xlai"": 0.0, ""totir"": 0.0, ""tofer"": NaN, ""swfac"": 0.0, ""nstres"": 0.0}",0.0,0.0,0.0,0.0,0.0,0.0,,0.0,0.0,20.0,0.0,12.905532836914062,20.905532836914062,Leave_One_experiments/all_year_offline_schedule_search/daily_outputs/FQA/FQA_2017_FQA2017_stress_grid_S0006_daily.csv
FQA,FQA,Fengqiu,2017,Leave_One_experiments\wth_generated_qc\FQA\FQA2017.WTH,normal_year;water_stress_year;nitrogen_stress_year,water_stress,FQA2017_stress_grid_S0006,irrigation_positive_candidate,2017-06-15,166,10,5,"{""sim_day"": 10.0, ""doy"": 166.0, ""topwt"": 32.00000047683716, ""grnwt"": 0.0, ""xlai"": 0.0031492230482399, ""totir"": 0.0, ""tofer"": NaN, ""swfac"": 0.0, ""nstres"": 0.0121910572052001}",0.0,0.0121910572052001,32.00000047683716,0.0,0.0031492230482399,0.0,,0.0,0.0,20.0,0.0,12.905532836914062,20.905532836914062,Leave_One_experiments/all_year_offline_schedule_search/daily_outputs/FQA/FQA_2017_FQA2017_stress_grid_S0006_daily.csv
FQA,FQA,Fengqiu,2017,Leave_One_experiments\wth_generated_qc\FQA\FQA2017.WTH,normal_year;water_stress_year;nitrogen_stress_year,water_stress,FQA2017_stress_grid_S0006,irrigation_positive_candidate,2017-06-16,167,11,6,"{""sim_day"": 11.0, ""doy"": 167.0, ""topwt"": 32.00000047683716, ""grnwt"": 0.0, ""xlai"": 0.0058102793991565, ""totir"": 0.0, ""tofer"": NaN, ""swfac"": 0.0, ""nstres"": 0.0062524080276489}",0.0,0.0062524080276489,32.00000047683716,0.0,0.0058102793991565,0.0,,0.0,0.0,20.0,0.0,12.905532836914062,20.905532836914062,Leave_One_experiments/all_year_offline_schedule_search/daily_outputs/FQA/FQA_2017_FQA2017_stress_grid_S0006_daily.csv
FQA,FQA,Fengqiu,2017,Leave_One_experiments\wth_generated_qc\FQA\FQA2017.WTH,normal_year;water_stress_year;nitrogen_stress_year,water_stress,FQA2017_stress_grid_S0006,irrigation_positive_candidate,2017-06-17,168,12,7,"{""sim_day"": 12.0, ""doy"": 168.0, ""topwt"": 32.00000047683716, ""grnwt"": 0.0, ""xlai"": 0.0087315645068883, ""totir"": 0.0, ""tofer"": NaN, ""swfac"": 0.0, ""nstres"": 0.0}",0.0,0.0,32.00000047683716,0.0,0.0087315645068883,0.0,,0.0,0.0,20.0,0.0,12.905532836914062,20.905532836914062,Leave_One_experiments/all_year_offline_schedule_search/daily_outputs/FQA/FQA_2017_FQA2017_stress_grid_S0006_daily.csv
FQA,FQA,Fengqiu,2017,Leave_One_experiments\wth_generated_qc\FQA\FQA2017.WTH,normal_year;water_stress_year;nitrogen_stress_year,water_stress,FQA2017_stress_grid_S0006,irrigation_positive_candidate,2017-06-18,169,13,8,"{""sim_day"": 13.0, ""doy"": 169.0, ""topwt"": 32.00000047683716, ""grnwt"": 0.0, ""xlai"": 0.0121724717319011, ""totir"": 0.0, ""tofer"": NaN, ""swfac"": 0.0, ""nstres"": 0.0}",0.0,0.0,32.00000047683716,0.0,0.0121724717319011,0.0,,0.0,0.0,20.0,0.0,12.905532836914062,20.905532836914062,Leave_One_experiments/all_year_offline_schedule_search/daily_outputs/FQA/FQA_2017_FQA2017_stress_grid_S0006_daily.csv
FQA,FQA,Fengqiu,2017,Leave_One_experiments\wth_generated_qc\FQA\FQA2017.WTH,normal_year;water_stress_year;nitrogen_stress_year,water_stress,FQA2017_stress_grid_S0006,irrigation_positive_candidate,2017-06-19,170,14,9,"{""sim_day"": 14.0, ""doy"": 170.0, ""topwt"": 32.00000047683716, ""grnwt"": 0.0, ""xlai"": 0.0163201410323381, ""totir"": 0.0, ""tofer"": NaN, ""swfac"": 0.0, ""nstres"": 0.0}",0.0,0.0,32.00000047683716,0.0,0.0163201410323381,0.0,,0.0,0.0,20.0,0.0,12.905532836914062,20.905532836914062,Leave_One_experiments/all_year_offline_schedule_search/daily_outputs/FQA/FQA_2017_FQA2017_stress_grid_S0006_daily.csv
FQA,FQA,Fengqiu,2017,Leave_One_experiments\wth_generated_qc\FQA\FQA2017.WTH,normal_year;water_stress_year;nitrogen_stress_year,water_stress,FQA2017_stress_grid_S0006,irrigation_positive_candidate,2017-06-20,171,15,10,"{""sim_day"": 15.0, ""doy"": 171.0, ""topwt"": 32.00000047683716, ""grnwt"": 0.0, ""xlai"": 0.0200444217771291, ""totir"": 0.0, ""tofer"": NaN, ""swfac"": 0.0, ""nstres"": 0.0}",0.0,0.0,32.00000047683716,0.0,0.0200444217771291,0.0,,0.0,0.0,20.0,0.0,12.905532836914062,20.905532836914062,Leave_One_experiments/all_year_offline_schedule_search/daily_outputs/FQA/FQA_2017_FQA2017_stress_grid_S0006_daily.csv
FQA,FQA,Fengqiu,2017,Leave_One_experiments\wth_generated_qc\FQA\FQA2017.WTH,normal_year;water_stress_year;nitrogen_stress_year,water_stress,FQA2017_stress_grid_S0006,irrigation_positive_candidate,2017-06-21,172,16,11,"{""sim_day"": 16.0, ""doy"": 172.0, ""topwt"": 32.00000047683716, ""grnwt"": 0.0, ""xlai"": 0.0235664062201976, ""totir"": 0.0, ""tofer"": NaN, ""swfac"": 0.0, ""nstres"": 0.0}",0.0,0.0,32.00000047683716,0.0,0.0235664062201976,0.0,,0.0,0.0,20.0,0.0,12.905532836914062,20.905532836914062,Leave_One_experiments/all_year_offline_schedule_search/daily_outputs/FQA/FQA_2017_FQA2017_stress_grid_S0006_daily.csv
FQA,FQA,Fengqiu,2017,Leave_One_experiments\wth_generated_qc\FQA\FQA2017.WTH,normal_year;water_stress_year;nitrogen_stress_year,water_stress,FQA2017_stress_grid_S0006,irrigation_positive_candidate,2017-06-22,173,17,12,"{""sim_day"": 17.0, ""doy"": 173.0, ""topwt"": 24.842092990875244, ""grnwt"": 0.0, ""xlai"": 0.0364457704126834, ""totir"": 0.0, ""tofer"": NaN, ""swfac"": 0.0, ""nstres"": 0.0}",0.0,0.0,24.842092990875244,0.0,0.0364457704126834,0.0,,0.0,0.0,20.0,0.0,12.905532836914062,20.905532836914062,Leave_One_experiments/all_year_offline_schedule_search/daily_outputs/FQA/FQA_2017_FQA2017_stress_grid_S0006_daily.csv
FQA,FQA,Fengqiu,2017,Leave_One_experiments\wth_generated_qc\FQA\FQA2017.WTH,normal_year;water_stress_year;nitrogen_stress_year,water_stress,FQA2017_stress_grid_S0006,irrigation_positive_candidate,2017-06-23,174,18,13,"{""sim_day"": 18.0, ""doy"": 174.0, ""topwt"": 29.732775688171387, ""grnwt"": 0.0, ""xlai"": 0.051752146333456, ""totir"": 0.0, ""tofer"": NaN, ""swfac"": 0.0, ""nstres"": 0.0}",0.0,0.0,29.732775688171387,0.0,0.051752146333456,0.0,,0.0,0.0,20.0,0.0,12.905532836914062,20.905532836914062,Leave_One_experiments/all_year_offline_schedule_search/daily_outputs/FQA/FQA_2017_FQA2017_stress_grid_S0006_daily.csv
FQA,FQA,Fengqiu,2017,Leave_One_experiments\wth_generated_qc\FQA\FQA2017.WTH,normal_year;water_stress_year;nitrogen_stress_year,water_stress,FQA2017_stress_grid_S0006,irrigation_positive_candidate,2017-06-24,175,19,14,"{""sim_day"": 19.0, ""doy"": 175.0, ""topwt"": 36.20339870452881, ""grnwt"": 0.0, ""xlai"": 0.07036092877388, ""totir"": 0.0, ""tofer"": NaN, ""swfac"": 0.0, ""nstres"": 0.0}",0.0,0.0,36.20339870452881,0.0,0.07036092877388,0.0,,0.0,0.0,20.0,0.0,12.905532836914062,20.905532836914062,Leave_One_experiments/all_year_offline_schedule_search/daily_outputs/FQA/FQA_2017_FQA2017_stress_grid_S0006_daily.csv
FQA,FQA,Fengqiu,2017,Leave_One_experiments\wth_generated_qc\FQA\FQA2017.WTH,normal_year;water_stress_year;nitrogen_stress_year,water_stress,FQA2017_stress_grid_S0006,irrigation_positive_candidate,2017-06-25,176,20,15,"{""sim_day"": 20.0, ""doy"": 176.0, ""topwt"": 44.265241622924805, ""grnwt"": 0.0, ""xlai"": 0.0918827876448631, ""totir"": 0.0, ""tofer"": NaN, ""swfac"": 0.0, ""nstres"": 0.0}",0.0,0.0,44.265241622924805,0.0,0.0918827876448631,0.0,,0.0,0.0,20.0,0.0,12.905532836914062,20.905532836914062,Leave_One_experiments/all_year_offline_schedule_search/daily_outputs/FQA/FQA_2017_FQA2017_stress_grid_S0006_daily.csv
FQA,FQA,Fengqiu,2017,Leave_One_experiments\wth_generated_qc\FQA\FQA2017.WTH,normal_year;water_stress_year;nitrogen_stress_year,water_stress,FQA2017_stress_grid_S0006,irrigation_positive_candidate,2017-06-26,177,21,16,"{""sim_day"": 21.0, ""doy"": 177.0, ""topwt"": 54.25403118133545, ""grnwt"": 0.0, ""xlai"": 0.1168342977762222, ""totir"": 0.0, ""tofer"": NaN, ""swfac"": 0.0, ""nstres"": 0.0}",0.0,0.0,54.25403118133545,0.0,0.1168342977762222,0.0,,0.0,0.0,20.0,0.0,12.905532836914062,20.905532836914062,Leave_One_experiments/all_year_offline_schedule_search/daily_outputs/FQA/FQA_2017_FQA2017_stress_grid_S0006_daily.csv
FQA,FQA,Fengqiu,2017,Leave_One_experiments\wth_generated_qc\FQA\FQA2017.WTH,normal_year;water_stress_year;nitrogen_stress_year,water_stress,FQA2017_stress_grid_S0006,irrigation_positive_candidate,2017-06-27,178,22,17,"{""sim_day"": 22.0, ""doy"": 178.0, ""topwt"": 66.0362958908081, ""grnwt"": 0.0, ""xlai"": 0.1445552557706833, ""totir"": 0.0, ""tofer"": NaN, ""swfac"": 0.0, ""nstres"": 0.0}",0.0,0.0,66.0362958908081,0.0,0.1445552557706833,0.0,,0.0,0.0,20.0,0.0,12.905532836914062,20.905532836914062,Leave_One_experiments/all_year_offline_schedule_search/daily_outputs/FQA/FQA_2017_FQA2017_stress_grid_S0006_daily.csv
FQA,FQA,Fengqiu,2017,Leave_One_experiments\wth_generated_qc\FQA\FQA2017.WTH,normal_year;water_stress_year;nitrogen_stress_year,water_stress,FQA2017_stress_grid_S0006,irrigation_positive_candidate,2017-06-28,179,23,18,"{""sim_day"": 23.0, ""doy"": 179.0, ""topwt"": 79.72453117370605, ""grnwt"": 0.0, ""xlai"": 0.1750690042972564, ""totir"": 0.0, ""tofer"": NaN, ""swfac"": 0.0, ""nstres"": 0.0}",0.0,0.0,79.72453117370605,0.0,0.1750690042972564,0.0,,0.0,0.0,20.0,0.0,12.905532836914062,20.905532836914062,Leave_One_experiments/all_year_offline_schedule_search/daily_outputs/FQA/FQA_2017_FQA2017_stress_grid_S0006_daily.csv
FQA,FQA,Fengqiu,2017,Leave_One_experiments\wth_generated_qc\FQA\FQA2017.WTH,normal_year;water_stress_year;nitrogen_stress_year,water_stress,FQA2017_stress_grid_S0006,irrigation_positive_candidate,2017-06-29,180,24,19,"{""sim_day"": 24.0, ""doy"": 180.0, ""topwt"": 94.7817611694336, ""grnwt"": 0.0, ""xlai"": 0.2070515155792236, ""totir"": 0.0, ""tofer"": NaN, ""swfac"": 0.0, ""nstres"": 0.0}",0.0,0.0,94.7817611694336,0.0,0.2070515155792236,0.0,,0.0,0.0,20.0,0.0,12.905532836914062,20.905532836914062,Leave_One_experiments/all_year_offline_schedule_search/daily_outputs/FQA/FQA_2017_FQA2017_stress_grid_S0006_daily.csv
FQA,FQA,Fengqiu,2017,Leave_One_experiments\wth_generated_qc\FQA\FQA2017.WTH,normal_year;water_stress_year;nitrogen_stress_year,water_stress,FQA2017_stress_grid_S0006,irrigation_positive_candidate,2017-06-30,181,25,20,"{""sim_day"": 25.0, ""doy"": 181.0, ""topwt"": 110.89293479919434, ""grnwt"": 0.0, ""xlai"": 0.2398484498262405, ""totir"": 0.0, ""tofer"": NaN, ""swfac"": 0.0, ""nstres"": 0.0}",0.0,0.0,110.89293479919434,0.0,0.2398484498262405,0.0,,0.0,0.0,20.0,0.0,12.905532836914062,20.905532836914062,Leave_One_experiments/all_year_offline_schedule_search/daily_outputs/FQA/FQA_2017_FQA2017_stress_grid_S0006_daily.csv
FQA,FQA,Fengqiu,2017,Leave_One_experiments\wth_generated_qc\FQA\FQA2017.WTH,normal_year;water_stress_year;nitrogen_stress_year,water_stress,FQA2017_stress_grid_S0006,irrigation_positive_candidate,2017-07-01,182,26,21,"{""sim_day"": 26.0, ""doy"": 182.0, ""topwt"": 129.61541175842285, ""grnwt"": 0.0, ""xlai"": 0.2752034962177276, ""totir"": 0.0, ""tofer"": NaN, ""swfac"": 0.0, ""nstres"": 0.0}",0.0,0.0,129.61541175842285,0.0,0.2752034962177276,0.0,,0.0,0.0,20.0,0.0,12.905532836914062,20.905532836914062,Leave_One_experiments/all_year_offline_schedule_search/daily_outputs/FQA/FQA_2017_FQA2017_stress_grid_S0006_daily.csv
FQA,FQA,Fengqiu,2017,Leave_One_experiments\wth_generated_qc\FQA\FQA2017.WTH,normal_year;water_stress_year;nitrogen_stress_year,water_stress,FQA2017_stress_grid_S0006,irrigation_positive_candidate,2017-07-02,183,27,22,"{""sim_day"": 27.0, ""doy"": 183.0, ""topwt"": 152.08840370178223, ""grnwt"": 0.0, ""xlai"": 0.3188675045967102, ""totir"": 0.0, ""tofer"": NaN, ""swfac"": 0.0, ""nstres"": 0.0}",0.0,0.0,152.08840370178223,0.0,0.3188675045967102,0.0,,0.0,0.0,20.0,0.0,12.905532836914062,20.905532836914062,Leave_One_experiments/all_year_offline_schedule_search/daily_outputs/FQA/FQA_2017_FQA2017_stress_grid_S0006_daily.csv
FQA,FQA,Fengqiu,2017,Leave_One_experiments\wth_generated_qc\FQA\FQA2017.WTH,normal_year;water_stress_year;nitrogen_stress_year,water_stress,FQA2017_stress_grid_S0006,irrigation_positive_candidate,2017-07-03,184,28,23,"{""sim_day"": 28.0, ""doy"": 184.0, ""topwt"": 178.4476661682129, ""grnwt"": 0.0, ""xlai"": 0.3678793907165527, ""totir"": 0.0, ""tofer"": NaN, ""swfac"": 0.0, ""nstres"": 0.0}",0.0,0.0,178.4476661682129,0.0,0.3678793907165527,0.0,,0.0,0.0,20.0,0.0,12.905532836914062,20.905532836914062,Leave_One_experiments/all_year_offline_schedule_search/daily_outputs/FQA/FQA_2017_FQA2017_stress_grid_S0006_daily.csv
FQA,FQA,Fengqiu,2017,Leave_One_experiments\wth_generated_qc\FQA\FQA2017.WTH,normal_year;water_stress_year;nitrogen_stress_year,water_stress,FQA2017_stress_grid_S0006,irrigation_positive_candidate,2017-07-04,185,29,24,"{""sim_day"": 29.0, ""doy"": 185.0, ""topwt"": 206.35297775268555, ""grnwt"": 0.0, ""xlai"": 0.4175289571285248, ""totir"": 0.0, ""tofer"": NaN, ""swfac"": 0.0, ""nstres"": 0.0}",0.0,0.0,206.35297775268555,0.0,0.4175289571285248,0.0,,0.0,0.0,20.0,0.0,12.905532836914062,20.905532836914062,Leave_One_experiments/all_year_offline_schedule_search/daily_outputs/FQA/FQA_2017_FQA2017_stress_grid_S0006_daily.csv
FQA,FQA,Fengqiu,2017,Leave_One_experiments\wth_generated_qc\FQA\FQA2017.WTH,normal_year;water_stress_year;nitrogen_stress_year,water_stress,FQA2017_stress_grid_S0006,irrigation_positive_candidate,2017-07-05,186,30,25,"{""sim_day"": 30.0, ""doy"": 186.0, ""topwt"": 232.2463607788086, ""grnwt"": 0.0, ""xlai"": 0.4618199169635772, ""totir"": 0.0, ""tofer"": NaN, ""swfac"": 0.0, ""nstres"": 0.0}",0.0,0.0,232.2463607788086,0.0,0.4618199169635772,0.0,,0.0,0.0,20.0,0.0,12.905532836914062,20.905532836914062,Leave_One_experiments/all_year_offline_schedule_search/daily_outputs/FQA/FQA_2017_FQA2017_stress_grid_S0006_daily.csv
FQA,FQA,Fengqiu,2017,Leave_One_experiments\wth_generated_qc\FQA\FQA2017.WTH,normal_year;water_stress_year;nitrogen_stress_year,water_stress,FQA2017_stress_grid_S0006,irrigation_positive_candidate,2017-07-06,187,31,26,"{""sim_day"": 31.0, ""doy"": 187.0, ""topwt"": 267.6106643676758, ""grnwt"": 0.0, ""xlai"": 0.5197213888168335, ""totir"": 0.0, ""tofer"": NaN, ""swfac"": 0.0, ""nstres"": 0.0}",0.0,0.0,267.6106643676758,0.0,0.5197213888168335,0.0,,0.0,0.0,20.0,0.0,12.905532836914062,20.905532836914062,Leave_One_experiments/all_year_offline_schedule_search/daily_outputs/FQA/FQA_2017_FQA2017_stress_grid_S0006_daily.csv
FQA,FQA,Fengqiu,2017,Leave_One_experiments\wth_generated_qc\FQA\FQA2017.WTH,normal_year;water_stress_year;nitrogen_stress_year,water_stress,FQA2017_stress_grid_S0006,irrigation_positive_candidate,2017-07-07,188,32,27,"{""sim_day"": 32.0, ""doy"": 188.0, ""topwt"": 309.21993255615234, ""grnwt"": 0.0, ""xlai"": 0.5845627188682556, ""totir"": 0.0, ""tofer"": NaN, ""swfac"": 0.0, ""nstres"": 0.0}",0.0,0.0,309.21993255615234,0.0,0.5845627188682556,0.0,,0.0,0.0,20.0,0.0,12.905532836914062,20.905532836914062,Leave_One_experiments/all_year_offline_schedule_search/daily_outputs/FQA/FQA_2017_FQA2017_stress_grid_S0006_daily.csv
FQA,FQA,Fengqiu,2017,Leave_One_experiments\wth_generated_qc\FQA\FQA2017.WTH,normal_year;water_stress_year;nitrogen_stress_year,water_stress,FQA2017_stress_grid_S0006,irrigation_positive_candidate,2017-07-08,189,33,28,"{""sim_day"": 33.0, ""doy"": 189.0, ""topwt"": 352.8811264038086, ""grnwt"": 0.0, ""xlai"": 0.6493462920188904, ""totir"": 0.0, ""tofer"": NaN, ""swfac"": 0.0, ""nstres"": 0.0}",0.0,0.0,352.8811264038086,0.0,0.6493462920188904,0.0,,0.0,0.0,20.0,0.0,12.905532836914062,20.905532836914062,Leave_One_experiments/all_year_offline_schedule_search/daily_outputs/FQA/FQA_2017_FQA2017_stress_grid_S0006_daily.csv
FQA,FQA,Fengqiu,2017,Leave_One_experiments\wth_generated_qc\FQA\FQA2017.WTH,normal_year;water_stress_year;nitrogen_stress_year,water_stress,FQA2017_stress_grid_S0006,irrigation_positive_candidate,2017-07-09,190,34,29,"{""sim_day"": 34.0, ""doy"": 190.0, ""topwt"": 400.2446365356445, ""grnwt"": 0.0, ""xlai"": 0.7163122892379761, ""totir"": 0.0, ""tofer"": NaN, ""swfac"": 0.0, ""nstres"": 0.0}",0.0,0.0,400.2446365356445,0.0,0.7163122892379761,0.0,,0.0,0.0,20.0,0.0,12.905532836914062,20.905532836914062,Leave_One_experiments/all_year_offline_schedule_search/daily_outputs/FQA/FQA_2017_FQA2017_stress_grid_S0006_daily.csv
FQA,FQA,Fengqiu,2017,Leave_One_experiments\wth_generated_qc\FQA\FQA2017.WTH,normal_year;water_stress_year;nitrogen_stress_year,water_stress,FQA2017_stress_grid_S0006,irrigation_positive_candidate,2017-07-10,191,35,30,"{""sim_day"": 35.0, ""doy"": 191.0, ""topwt"": 454.7764205932617, ""grnwt"": 0.0, ""xlai"": 0.7868002653121948, ""totir"": 0.0, ""tofer"": NaN, ""swfac"": 0.0, ""nstres"": 0.0274759531021118}",0.0,0.0274759531021118,454.7764205932617,0.0,0.7868002653121948,0.0,,0.0,0.0,20.0,0.0,12.905532836914062,20.905532836914062,Leave_One_experiments/all_year_offline_schedule_search/daily_outputs/FQA/FQA_2017_FQA2017_stress_grid_S0006_daily.csv
FQA,FQA,Fengqiu,2017,Leave_One_experiments\wth_generated_qc\FQA\FQA2017.WTH,normal_year;water_stress_year;nitrogen_stress_year,water_stress,FQA2017_stress_grid_S0006,irrigation_positive_candidate,2017-07-11,192,36,31,"{""sim_day"": 36.0, ""doy"": 192.0, ""topwt"": 508.9521026611328, ""grnwt"": 0.0, ""xlai"": 0.8485153317451477, ""totir"": 0.0, ""tofer"": NaN, ""swfac"": 0.0, ""nstres"": 0.0683320164680481}",0.0,0.0683320164680481,508.9521026611328,0.0,0.8485153317451477,0.0,,0.0,0.0,20.0,0.0,12.905532836914062,20.905532836914062,Leave_One_experiments/all_year_offline_schedule_search/daily_outputs/FQA/FQA_2017_FQA2017_stress_grid_S0006_daily.csv
FQA,FQA,Fengqiu,2017,Leave_One_experiments\wth_generated_qc\FQA\FQA2017.WTH,normal_year;water_stress_year;nitrogen_stress_year,water_stress,FQA2017_stress_grid_S0006,irrigation_positive_candidate,2017-07-12,193,37,32,"{""sim_day"": 37.0, ""doy"": 193.0, ""topwt"": 563.366813659668, ""grnwt"": 0.0, ""xlai"": 0.9025470614433287, ""totir"": 0.0, ""tofer"": NaN, ""swfac"": 0.0, ""nstres"": 0.1034702062606811}",0.0,0.1034702062606811,563.366813659668,0.0,0.9025470614433287,0.0,,0.0,0.0,20.0,0.0,12.905532836914062,20.905532836914062,Leave_One_experiments/all_year_offline_schedule_search/daily_outputs/FQA/FQA_2017_FQA2017_stress_grid_S0006_daily.csv
FQA,FQA,Fengqiu,2017,Leave_One_experiments\wth_generated_qc\FQA\FQA2017.WTH,normal_year;water_stress_year;nitrogen_stress_year,water_stress,FQA2017_stress_grid_S0006,irrigation_positive_candidate,2017-07-13,194,38,33,"{""sim_day"": 38.0, ""doy"": 194.0, ""topwt"": 619.6333694458008, ""grnwt"": 0.0, ""xlai"": 0.9514668583869934, ""totir"": 0.0, ""tofer"": NaN, ""swfac"": 0.0, ""nstres"": 0.1302695274353027}",0.0,0.1302695274353027,619.6333694458008,0.0,0.9514668583869934,0.0,,0.0,0.0,20.0,0.0,12.905532836914062,20.905532836914062,Leave_One_experiments/all_year_offline_schedule_search/daily_outputs/FQA/FQA_2017_FQA2017_stress_grid_S0006_daily.csv
FQA,FQA,Fengqiu,2017,Leave_One_experiments\wth_generated_qc\FQA\FQA2017.WTH,normal_year;water_stress_year;nitrogen_stress_year,water_stress,FQA2017_stress_grid_S0006,irrigation_positive_candidate,2017-07-14,195,39,34,"{""sim_day"": 39.0, ""doy"": 195.0, ""topwt"": 665.0102996826172, ""grnwt"": 0.0, ""xlai"": 0.9823610186576844, ""totir"": 0.0, ""tofer"": NaN, ""swfac"": 0.0, ""nstres"": 0.1522033214569091}",0.0,0.1522033214569091,665.0102996826172,0.0,0.9823610186576844,0.0,,0.0,0.0,20.0,0.0,12.905532836914062,20.905532836914062,Leave_One_experiments/all_year_offline_schedule_search/daily_outputs/FQA/FQA_2017_FQA2017_stress_grid_S0006_daily.csv
FQA,FQA,Fengqiu,2017,Leave_One_experiments\wth_generated_qc\FQA\FQA2017.WTH,normal_year;water_stress_year;nitrogen_stress_year,water_stress,FQA2017_stress_grid_S0006,irrigation_positive_candidate,2017-07-15,196,40,35,"{""sim_day"": 40.0, ""doy"": 196.0, ""topwt"": 714.9186706542969, ""grnwt"": 0.0, ""xlai"": 1.0130131244659424, ""totir"": 20.0, ""tofer"": NaN, ""swfac"": 0.0, ""nstres"": 0.1694452166557312}",0.0,0.1694452166557312,714.9186706542969,0.0,1.0130131244659424,20.0,,20.0,0.0,20.0,0.0,12.905532836914062,20.905532836914062,Leave_One_experiments/all_year_offline_schedule_search/daily_outputs/FQA/FQA_2017_FQA2017_stress_grid_S0006_daily.csv
FQA,FQA,Fengqiu,2017,Leave_One_experiments\wth_generated_qc\FQA\FQA2017.WTH,normal_year;water_stress_year;nitrogen_stress_year,water_stress,FQA2017_stress_grid_S0006,irrigation_positive_candidate,2017-07-16,197,41,36,"{""sim_day"": 41.0, ""doy"": 197.0, ""topwt"": 771.3929748535156, ""grnwt"": 0.0, ""xlai"": 1.0459778308868408, ""totir"": 20.0, ""tofer"": NaN, ""swfac"": 0.0, ""nstres"": 0.1778688430786132}",0.0,0.1778688430786132,771.3929748535156,0.0,1.0459778308868408,20.0,,0.0,0.0,20.0,0.0,12.905532836914062,20.905532836914062,Leave_One_experiments/all_year_offline_schedule_search/daily_outputs/FQA/FQA_2017_FQA2017_stress_grid_S0006_daily.csv
FQA,FQA,Fengqiu,2017,Leave_One_experiments\wth_generated_qc\FQA\FQA2017.WTH,normal_year;water_stress_year;nitrogen_stress_year,water_stress,FQA2017_stress_grid_S0006,irrigation_positive_candidate,2017-07-17,198,42,37,"{""sim_day"": 42.0, ""doy"": 198.0, ""topwt"": 830.66650390625, ""grnwt"": 0.0, ""xlai"": 1.0766966342926023, ""totir"": 20.0, ""tofer"": NaN, ""swfac"": 0.0, ""nstres"": 0.188966691493988}",0.0,0.188966691493988,830.66650390625,0.0,1.0766966342926023,20.0,,0.0,0.0,20.0,0.0,12.905532836914062,20.905532836914062,Leave_One_experiments/all_year_offline_schedule_search/daily_outputs/FQA/FQA_2017_FQA2017_stress_grid_S0006_daily.csv
FQA,FQA,Fengqiu,2017,Leave_One_experiments\wth_generated_qc\FQA\FQA2017.WTH,normal_year;water_stress_year;nitrogen_stress_year,water_stress,FQA2017_stress_grid_S0006,irrigation_positive_candidate,2017-07-18,199,43,38,"{""sim_day"": 43.0, ""doy"": 199.0, ""topwt"": 888.3041381835938, ""grnwt"": 0.0, ""xlai"": 1.1011196374893188, ""totir"": 20.0, ""tofer"": NaN, ""swfac"": 0.0, ""nstres"": 0.2015560269355774}",0.0,0.2015560269355774,888.3041381835938,0.0,1.1011196374893188,20.0,,0.0,0.0,20.0,0.0,12.905532836914062,20.905532836914062,Leave_One_experiments/all_year_offline_schedule_search/daily_outputs/FQA/FQA_2017_FQA2017_stress_grid_S0006_daily.csv
FQA,FQA,Fengqiu,2017,Leave_One_experiments\wth_generated_qc\FQA\FQA2017.WTH,normal_year;water_stress_year;nitrogen_stress_year,water_stress,FQA2017_stress_grid_S0006,irrigation_positive_candidate,2017-07-19,200,44,39,"{""sim_day"": 44.0, ""doy"": 200.0, ""topwt"": 1039.001922607422, ""grnwt"": 0.0, ""xlai"": 1.1292510032653809, ""totir"": 20.0, ""tofer"": NaN, ""swfac"": 0.0, ""nstres"": 0.2276606559753418}",0.0,0.2276606559753418,1039.001922607422,0.0,1.1292510032653809,20.0,,0.0,0.0,20.0,0.0,12.905532836914062,20.905532836914062,Leave_One_experiments/all_year_offline_schedule_search/daily_outputs/FQA/FQA_2017_FQA2017_stress_grid_S0006_daily.csv
FQA,FQA,Fengqiu,2017,Leave_One_experiments\wth_generated_qc\FQA\FQA2017.WTH,normal_year;water_stress_year;nitrogen_stress_year,water_stress,FQA2017_stress_grid_S0006,irrigation_positive_candidate,2017-07-20,201,45,40,"{""sim_day"": 45.0, ""doy"": 201.0, ""topwt"": 1182.0946502685547, ""grnwt"": 0.0, ""xlai"": 1.1486155986785889, ""totir"": 20.0, ""tofer"": NaN, ""swfac"": 0.0, ""nstres"": 0.2514905333518982}",0.0,0.2514905333518982,1182.0946502685547,0.0,1.1486155986785889,20.0,,0.0,0.0,20.0,0.0,12.905532836914062,20.905532836914062,Leave_One_experiments/all_year_offline_schedule_search/daily_outputs/FQA/FQA_2017_FQA2017_stress_grid_S0006_daily.csv
FQA,FQA,Fengqiu,2017,Leave_One_experiments\wth_generated_qc\FQA\FQA2017.WTH,normal_year;water_stress_year;nitrogen_stress_year,water_stress,FQA2017_stress_grid_S0006,irrigation_positive_candidate,2017-07-21,202,46,41,"{""sim_day"": 46.0, ""doy"": 202.0, ""topwt"": 1283.7467956542969, ""grnwt"": 0.0, ""xlai"": 1.1462613344192505, ""totir"": 20.0, ""tofer"": NaN, ""swfac"": 0.0, ""nstres"": 0.3466916084289551}",0.0,0.3466916084289551,1283.7467956542969,0.0,1.1462613344192505,20.0,,0.0,0.0,20.0,0.0,12.905532836914062,20.905532836914062,Leave_One_experiments/all_year_offline_schedule_search/daily_outputs/FQA/FQA_2017_FQA2017_stress_grid_S0006_daily.csv
FQA,FQA,Fengqiu,2017,Leave_One_experiments\wth_generated_qc\FQA\FQA2017.WTH,normal_year;water_stress_year;nitrogen_stress_year,water_stress,FQA2017_stress_grid_S0006,irrigation_positive_candidate,2017-07-22,203,47,42,"{""sim_day"": 47.0, ""doy"": 203.0, ""topwt"": 1380.8843994140625, ""grnwt"": 0.0, ""xlai"": 1.1378251314163208, ""totir"": 20.0, ""tofer"": NaN, ""swfac"": 0.0, ""nstres"": 0.4063069820404053}",0.0,0.4063069820404053,1380.8843994140625,0.0,1.1378251314163208,20.0,,0.0,0.0,20.0,0.0,12.905532836914062,20.905532836914062,Leave_One_experiments/all_year_offline_schedule_search/daily_outputs/FQA/FQA_2017_FQA2017_stress_grid_S0006_daily.csv
FQA,FQA,Fengqiu,2017,Leave_One_experiments\wth_generated_qc\FQA\FQA2017.WTH,normal_year;water_stress_year;nitrogen_stress_year,water_stress,FQA2017_stress_grid_S0006,irrigation_positive_candidate,2017-07-23,204,48,43,"{""sim_day"": 48.0, ""doy"": 204.0, ""topwt"": 1469.9714660644531, ""grnwt"": 0.0, ""xlai"": 1.1247124671936035, ""totir"": 20.0, ""tofer"": NaN, ""swfac"": 0.0, ""nstres"": 0.4295337200164795}",0.0,0.4295337200164795,1469.9714660644531,0.0,1.1247124671936035,20.0,,0.0,0.0,20.0,0.0,12.905532836914062,20.905532836914062,Leave_One_experiments/all_year_offline_schedule_search/daily_outputs/FQA/FQA_2017_FQA2017_stress_grid_S0006_daily.csv
FQA,FQA,Fengqiu,2017,Leave_One_experiments\wth_generated_qc\FQA\FQA2017.WTH,normal_year;water_stress_year;nitrogen_stress_year,water_stress,FQA2017_stress_grid_S0006,irrigation_positive_candidate,2017-07-24,205,49,44,"{""sim_day"": 49.0, ""doy"": 205.0, ""topwt"": 1548.253173828125, ""grnwt"": 0.0, ""xlai"": 1.107141137123108, ""totir"": 20.0, ""tofer"": NaN, ""swfac"": 0.0, ""nstres"": 0.4457161426544189}",0.0,0.4457161426544189,1548.253173828125,0.0,1.107141137123108,20.0,,0.0,0.0,20.0,0.0,12.905532836914062,20.905532836914062,Leave_One_experiments/all_year_offline_schedule_search/daily_outputs/FQA/FQA_2017_FQA2017_stress_grid_S0006_daily.csv
FQA,FQA,Fengqiu,2017,Leave_One_experiments\wth_generated_qc\FQA\FQA2017.WTH,normal_year;water_stress_year;nitrogen_stress_year,water_stress,FQA2017_stress_grid_S0006,irrigation_positive_candidate,2017-07-25,206,50,45,"{""sim_day"": 50.0, ""doy"": 206.0, ""topwt"": 1623.8996887207031, ""grnwt"": 0.0, ""xlai"": 1.0881776809692385, ""totir"": 20.0, ""tofer"": NaN, ""swfac"": 0.0, ""nstres"": 0.4556127190589905}",0.0,0.4556127190589905,1623.8996887207031,0.0,1.0881776809692385,20.0,,0.0,0.0,20.0,0.0,12.905532836914062,20.905532836914062,Leave_One_experiments/all_year_offline_schedule_search/daily_outputs/FQA/FQA_2017_FQA2017_stress_grid_S0006_daily.csv
FQA,FQA,Fengqiu,2017,Leave_One_experiments\wth_generated_qc\FQA\FQA2017.WTH,normal_year;water_stress_year;nitrogen_stress_year,water_stress,FQA2017_stress_grid_S0006,irrigation_positive_candidate,2017-07-26,207,51,46,"{""sim_day"": 51.0, ""doy"": 207.0, ""topwt"": 1675.03173828125, ""grnwt"": 0.0, ""xlai"": 1.062711238861084, ""totir"": 20.0, ""tofer"": NaN, ""swfac"": 0.0, ""nstres"": 0.4567506909370422}",0.0,0.4567506909370422,1675.03173828125,0.0,1.062711238861084,20.0,,0.0,0.0,20.0,0.0,12.905532836914062,20.905532836914062,Leave_One_experiments/all_year_offline_schedule_search/daily_outputs/FQA/FQA_2017_FQA2017_stress_grid_S0006_daily.csv
FQA,FQA,Fengqiu,2017,Leave_One_experiments\wth_generated_qc\FQA\FQA2017.WTH,normal_year;water_stress_year;nitrogen_stress_year,water_stress,FQA2017_stress_grid_S0006,irrigation_positive_candidate,2017-07-27,208,52,47,"{""sim_day"": 52.0, ""doy"": 208.0, ""topwt"": 1731.2762451171875, ""grnwt"": 0.0, ""xlai"": 1.0389089584350586, ""totir"": 20.0, ""tofer"": NaN, ""swfac"": 0.0, ""nstres"": 0.4616998434066772}",0.0,0.4616998434066772,1731.2762451171875,0.0,1.0389089584350586,20.0,,0.0,0.0,20.0,0.0,12.905532836914062,20.905532836914062,Leave_One_experiments/all_year_offline_schedule_search/daily_outputs/FQA/FQA_2017_FQA2017_stress_grid_S0006_daily.csv
FQA,FQA,Fengqiu,2017,Leave_One_experiments\wth_generated_qc\FQA\FQA2017.WTH,normal_year;water_stress_year;nitrogen_stress_year,water_stress,FQA2017_stress_grid_S0006,irrigation_positive_candidate,2017-07-28,209,53,48,"{""sim_day"": 53.0, ""doy"": 209.0, ""topwt"": 1755.3205871582031, ""grnwt"": 0.0, ""xlai"": 1.007628083229065, ""totir"": 20.0, ""tofer"": NaN, ""swfac"": 0.0, ""nstres"": 0.4581151008605957}",0.0,0.4581151008605957,1755.3205871582031,0.0,1.007628083229065,20.0,,0.0,0.0,20.0,0.0,12.905532836914062,20.905532836914062,Leave_One_experiments/all_year_offline_schedule_search/daily_outputs/FQA/FQA_2017_FQA2017_stress_grid_S0006_daily.csv
FQA,FQA,Fengqiu,2017,Leave_One_experiments\wth_generated_qc\FQA\FQA2017.WTH,normal_year;water_stress_year;nitrogen_stress_year,water_stress,FQA2017_stress_grid_S0006,irrigation_positive_candidate,2017-07-29,210,54,49,"{""sim_day"": 54.0, ""doy"": 210.0, ""topwt"": 1808.5260009765625, ""grnwt"": 0.0, ""xlai"": 0.9847041964530944, ""totir"": 20.0, ""tofer"": NaN, ""swfac"": 0.0, ""nstres"": 0.455635666847229}",0.0,0.455635666847229,1808.5260009765625,0.0,0.9847041964530944,20.0,,0.0,0.0,20.0,0.0,12.905532836914062,20.905532836914062,Leave_One_experiments/all_year_offline_schedule_search/daily_outputs/FQA/FQA_2017_FQA2017_stress_grid_S0006_daily.csv
FQA,FQA,Fengqiu,2017,Leave_One_experiments\wth_generated_qc\FQA\FQA2017.WTH,normal_year;water_stress_year;nitrogen_stress_year,water_stress,FQA2017_stress_grid_S0006,irrigation_positive_candidate,2017-07-30,211,55,50,"{""sim_day"": 55.0, ""doy"": 211.0, ""topwt"": 1875.6365966796875, ""grnwt"": 0.0, ""xlai"": 0.9667712450027466, ""totir"": 20.0, ""tofer"": NaN, ""swfac"": 0.0, ""nstres"": 0.4383369088172912}",0.0,0.4383369088172912,1875.6365966796875,0.0,0.9667712450027466,20.0,,0.0,0.0,20.0,0.0,12.905532836914062,20.905532836914062,Leave_One_experiments/all_year_offline_schedule_search/daily_outputs/FQA/FQA_2017_FQA2017_stress_grid_S0006_daily.csv
FQA,FQA,Fengqiu,2017,Leave_One_experiments\wth_generated_qc\FQA\FQA2017.WTH,normal_year;water_stress_year;nitrogen_stress_year,water_stress,FQA2017_stress_grid_S0006,irrigation_positive_candidate,2017-07-31,212,56,51,"{""sim_day"": 56.0, ""doy"": 212.0, ""topwt"": 1939.0576171875, ""grnwt"": 0.0, ""xlai"": 0.9484058618545532, ""totir"": 20.0, ""tofer"": NaN, ""swfac"": 0.0, ""nstres"": 0.4415213465690613}",0.0,0.4415213465690613,1939.0576171875,0.0,0.9484058618545532,20.0,,0.0,0.0,20.0,0.0,12.905532836914062,20.905532836914062,Leave_One_experiments/all_year_offline_schedule_search/daily_outputs/FQA/FQA_2017_FQA2017_stress_grid_S0006_daily.csv
FQA,FQA,Fengqiu,2017,Leave_One_experiments\wth_generated_qc\FQA\FQA2017.WTH,normal_year;water_stress_year;nitrogen_stress_year,water_stress,FQA2017_stress_grid_S0006,irrigation_positive_candidate,2017-08-01,213,57,52,"{""sim_day"": 57.0, ""doy"": 213.0, ""topwt"": 1975.236358642578, ""grnwt"": 0.0, ""xlai"": 0.9236980080604552, ""totir"": 20.0, ""tofer"": NaN, ""swfac"": 0.0, ""nstres"": 0.4465270638465881}",0.0,0.4465270638465881,1975.236358642578,0.0,0.9236980080604552,20.0,,0.0,0.0,20.0,0.0,12.905532836914062,20.905532836914062,Leave_One_experiments/all_year_offline_schedule_search/daily_outputs/FQA/FQA_2017_FQA2017_stress_grid_S0006_daily.csv
FQA,FQA,Fengqiu,2017,Leave_One_experiments\wth_generated_qc\FQA\FQA2017.WTH,normal_year;water_stress_year;nitrogen_stress_year,water_stress,FQA2017_stress_grid_S0006,irrigation_positive_candidate,2017-08-02,214,58,53,"{""sim_day"": 58.0, ""doy"": 214.0, ""topwt"": 2051.9024658203125, ""grnwt"": 0.0, ""xlai"": 0.9099210500717164, ""totir"": 20.0, ""tofer"": NaN, ""swfac"": 0.0, ""nstres"": 0.446557879447937}",0.0,0.446557879447937,2051.9024658203125,0.0,0.9099210500717164,20.0,,0.0,0.0,20.0,0.0,12.905532836914062,20.905532836914062,Leave_One_experiments/all_year_offline_schedule_search/daily_outputs/FQA/FQA_2017_FQA2017_stress_grid_S0006_daily.csv
FQA,FQA,Fengqiu,2017,Leave_One_experiments\wth_generated_qc\FQA\FQA2017.WTH,normal_year;water_stress_year;nitrogen_stress_year,water_stress,FQA2017_stress_grid_S0006,irrigation_positive_candidate,2017-08-03,215,59,54,"{""sim_day"": 59.0, ""doy"": 215.0, ""topwt"": 2131.481170654297, ""grnwt"": 0.0, ""xlai"": 0.8975031971931458, ""totir"": 20.0, ""tofer"": NaN, ""swfac"": 0.0, ""nstres"": 0.4423373341560364}",0.0,0.4423373341560364,2131.481170654297,0.0,0.8975031971931458,20.0,,0.0,0.0,20.0,0.0,12.905532836914062,20.905532836914062,Leave_One_experiments/all_year_offline_schedule_search/daily_outputs/FQA/FQA_2017_FQA2017_stress_grid_S0006_daily.csv
FQA,FQA,Fengqiu,2017,Leave_One_experiments\wth_generated_qc\FQA\FQA2017.WTH,normal_year;water_stress_year;nitrogen_stress_year,water_stress,FQA2017_stress_grid_S0006,irrigation_positive_candidate,2017-08-04,216,60,55,"{""sim_day"": 60.0, ""doy"": 216.0, ""topwt"": 2211.0525512695312, ""grnwt"": 0.0, ""xlai"": 0.8856498003005981, ""totir"": 20.0, ""tofer"": NaN, ""swfac"": 0.0, ""nstres"": 0.4385531544685364}",0.0,0.4385531544685364,2211.0525512695312,0.0,0.8856498003005981,20.0,,0.0,0.0,20.0,0.0,12.905532836914062,20.905532836914062,Leave_One_experiments/all_year_offline_schedule_search/daily_outputs/FQA/FQA_2017_FQA2017_stress_grid_S0006_daily.csv
FQA,FQA,Fengqiu,2017,Leave_One_experiments\wth_generated_qc\FQA\FQA2017.WTH,normal_year;water_stress_year;nitrogen_stress_year,water_stress,FQA2017_stress_grid_S0006,irrigation_positive_candidate,2017-08-05,217,61,56,"{""sim_day"": 61.0, ""doy"": 217.0, ""topwt"": 2295.507202148437, ""grnwt"": 0.0, ""xlai"": 0.8758047819137573, ""totir"": 20.0, ""tofer"": NaN, ""swfac"": 0.0, ""nstres"": 0.4280434250831604}",0.0,0.4280434250831604,2295.507202148437,0.0,0.8758047819137573,20.0,,0.0,0.0,20.0,0.0,12.905532836914062,20.905532836914062,Leave_One_experiments/all_year_offline_schedule_search/daily_outputs/FQA/FQA_2017_FQA2017_stress_grid_S0006_daily.csv
FQA,FQA,Fengqiu,2017,Leave_One_experiments\wth_generated_qc\FQA\FQA2017.WTH,normal_year;water_stress_year;nitrogen_stress_year,water_stress,FQA2017_stress_grid_S0006,irrigation_positive_candidate,2017-08-06,218,62,57,"{""sim_day"": 62.0, ""doy"": 218.0, ""topwt"": 2331.8064880371094, ""grnwt"": 0.0, ""xlai"": 0.8461938500404358, ""totir"": 20.0, ""tofer"": NaN, ""swfac"": 0.0, ""nstres"": 0.4114396572113037}",0.0,0.4114396572113037,2331.8064880371094,0.0,0.8461938500404358,20.0,,0.0,0.0,20.0,0.0,12.905532836914062,20.905532836914062,Leave_One_experiments/all_year_offline_schedule_search/daily_outputs/FQA/FQA_2017_FQA2017_stress_grid_S0006_daily.csv
FQA,FQA,Fengqiu,2017,Leave_One_experiments\wth_generated_qc\FQA\FQA2017.WTH,normal_year;water_stress_year;nitrogen_stress_year,water_stress,FQA2017_stress_grid_S0006,irrigation_positive_candidate,2017-08-07,219,63,58,"{""sim_day"": 63.0, ""doy"": 219.0, ""topwt"": 2450.540771484375, ""grnwt"": 0.0, ""xlai"": 0.8185643553733826, ""totir"": 20.0, ""tofer"": NaN, ""swfac"": 0.0, ""nstres"": 0.3836348056793213}",0.0,0.3836348056793213,2450.540771484375,0.0,0.8185643553733826,20.0,,0.0,0.0,20.0,0.0,12.905532836914062,20.905532836914062,Leave_One_experiments/all_year_offline_schedule_search/daily_outputs/FQA/FQA_2017_FQA2017_stress_grid_S0006_daily.csv
FQA,FQA,Fengqiu,2017,Leave_One_experiments\wth_generated_qc\FQA\FQA2017.WTH,normal_year;water_stress_year;nitrogen_stress_year,water_stress,FQA2017_stress_grid_S0006,irrigation_positive_candidate,2017-08-08,220,64,59,"{""sim_day"": 64.0, ""doy"": 220.0, ""topwt"": 2554.7494506835938, ""grnwt"": 0.0, ""xlai"": 0.7926811575889587, ""totir"": 20.0, ""tofer"": NaN, ""swfac"": 0.0, ""nstres"": 0.3588846921920776}",0.0,0.3588846921920776,2554.7494506835938,0.0,0.7926811575889587,20.0,,0.0,0.0,20.0,0.0,12.905532836914062,20.905532836914062,Leave_One_experiments/all_year_offline_schedule_search/daily_outputs/FQA/FQA_2017_FQA2017_stress_grid_S0006_daily.csv
FQA,FQA,Fengqiu,2017,Leave_One_experiments\wth_generated_qc\FQA\FQA2017.WTH,normal_year;water_stress_year;nitrogen_stress_year,water_stress,FQA2017_stress_grid_S0006,irrigation_positive_candidate,2017-08-09,221,65,60,"{""sim_day"": 65.0, ""doy"": 221.0, ""topwt"": 2672.1359252929688, ""grnwt"": 0.0, ""xlai"": 0.767632782459259, ""totir"": 20.0, ""tofer"": NaN, ""swfac"": 0.0, ""nstres"": 0.3583877682685852}",0.0,0.3583877682685852,2672.1359252929688,0.0,0.767632782459259,20.0,,0.0,0.0,20.0,0.0,12.905532836914062,20.905532836914062,Leave_One_experiments/all_year_offline_schedule_search/daily_outputs/FQA/FQA_2017_FQA2017_stress_grid_S0006_daily.csv
FQA,FQA,Fengqiu,2017,Leave_One_experiments\wth_generated_qc\FQA\FQA2017.WTH,normal_year;water_stress_year;nitrogen_stress_year,water_stress,FQA2017_stress_grid_S0006,irrigation_positive_candidate,2017-08-10,222,66,61,"{""sim_day"": 66.0, ""doy"": 222.0, ""topwt"": 2761.9305419921875, ""grnwt"": 0.0, ""xlai"": 0.7436137795448303, ""totir"": 20.0, ""tofer"": NaN, ""swfac"": 0.0, ""nstres"": 0.3509521484375}",0.0,0.3509521484375,2761.9305419921875,0.0,0.7436137795448303,20.0,,0.0,0.0,20.0,0.0,12.905532836914062,20.905532836914062,Leave_One_experiments/all_year_offline_schedule_search/daily_outputs/FQA/FQA_2017_FQA2017_stress_grid_S0006_daily.csv
FQA,FQA,Fengqiu,2017,Leave_One_experiments\wth_generated_qc\FQA\FQA2017.WTH,normal_year;water_stress_year;nitrogen_stress_year,water_stress,FQA2017_stress_grid_S0006,irrigation_positive_candidate,2017-08-11,223,67,62,"{""sim_day"": 67.0, ""doy"": 223.0, ""topwt"": 2810.6524658203125, ""grnwt"": 0.0, ""xlai"": 0.7204777002334595, ""totir"": 20.0, ""tofer"": NaN, ""swfac"": 0.0, ""nstres"": 0.3467130064964294}",0.0,0.3467130064964294,2810.6524658203125,0.0,0.7204777002334595,20.0,,0.0,0.0,20.0,0.0,12.905532836914062,20.905532836914062,Leave_One_experiments/all_year_offline_schedule_search/daily_outputs/FQA/FQA_2017_FQA2017_stress_grid_S0006_daily.csv
FQA,FQA,Fengqiu,2017,Leave_One_experiments\wth_generated_qc\FQA\FQA2017.WTH,normal_year;water_stress_year;nitrogen_stress_year,water_stress,FQA2017_stress_grid_S0006,irrigation_positive_candidate,2017-08-12,224,68,63,"{""sim_day"": 68.0, ""doy"": 224.0, ""topwt"": 2900.5792236328125, ""grnwt"": 0.0, ""xlai"": 0.6984865069389343, ""totir"": 20.0, ""tofer"": NaN, ""swfac"": 0.0, ""nstres"": 0.3325538635253906}",0.0,0.3325538635253906,2900.5792236328125,0.0,0.6984865069389343,20.0,,0.0,0.0,20.0,0.0,12.905532836914062,20.905532836914062,Leave_One_experiments/all_year_offline_schedule_search/daily_outputs/FQA/FQA_2017_FQA2017_stress_grid_S0006_daily.csv
FQA,FQA,Fengqiu,2017,Leave_One_experiments\wth_generated_qc\FQA\FQA2017.WTH,normal_year;water_stress_year;nitrogen_stress_year,water_stress,FQA2017_stress_grid_S0006,irrigation_positive_candidate,2017-08-13,225,69,64,"{""sim_day"": 69.0, ""doy"": 225.0, ""topwt"": 2985.8248901367188, ""grnwt"": 0.0, ""xlai"": 0.6778591871261597, ""totir"": 20.0, ""tofer"": NaN, ""swfac"": 0.0, ""nstres"": 0.3087557554244995}",0.0,0.3087557554244995,2985.8248901367188,0.0,0.6778591871261597,20.0,,0.0,0.0,20.0,0.0,12.905532836914062,20.905532836914062,Leave_One_experiments/all_year_offline_schedule_search/daily_outputs/FQA/FQA_2017_FQA2017_stress_grid_S0006_daily.csv
FQA,FQA,Fengqiu,2017,Leave_One_experiments\wth_generated_qc\FQA\FQA2017.WTH,normal_year;water_stress_year;nitrogen_stress_year,water_stress,FQA2017_stress_grid_S0006,irrigation_positive_candidate,2017-08-14,226,70,65,"{""sim_day"": 70.0, ""doy"": 226.0, ""topwt"": 3070.0418090820312, ""grnwt"": 0.0, ""xlai"": 0.6582595705986023, ""totir"": 20.0, ""tofer"": NaN, ""swfac"": 0.0, ""nstres"": 0.2939364314079284}",0.0,0.2939364314079284,3070.0418090820312,0.0,0.6582595705986023,20.0,,0.0,0.0,20.0,0.0,12.905532836914062,20.905532836914062,Leave_One_experiments/all_year_offline_schedule_search/daily_outputs/FQA/FQA_2017_FQA2017_stress_grid_S0006_daily.csv
FQA,FQA,Fengqiu,2017,Leave_One_experiments\wth_generated_qc\FQA\FQA2017.WTH,normal_year;water_stress_year;nitrogen_stress_year,water_stress,FQA2017_stress_grid_S0006,irrigation_positive_candidate,2017-08-15,227,71,66,"{""sim_day"": 71.0, ""doy"": 227.0, ""topwt"": 3190.6661987304688, ""grnwt"": 207.3245429992676, ""xlai"": 0.6397207975387573, ""totir"": 20.0, ""tofer"": NaN, ""swfac"": 0.0, ""nstres"": 0.2759203314781189}",0.0,0.2759203314781189,3190.6661987304688,207.3245429992676,0.6397207975387573,20.0,,0.0,0.0,20.0,0.0,12.905532836914062,20.905532836914062,Leave_One_experiments/all_year_offline_schedule_search/daily_outputs/FQA/FQA_2017_FQA2017_stress_grid_S0006_daily.csv
FQA,FQA,Fengqiu,2017,Leave_One_experiments\wth_generated_qc\FQA\FQA2017.WTH,normal_year;water_stress_year;nitrogen_stress_year,water_stress,FQA2017_stress_grid_S0006,irrigation_positive_candidate,2017-08-16,228,72,67,"{""sim_day"": 72.0, ""doy"": 228.0, ""topwt"": 3277.6870727539062, ""grnwt"": 285.0524139404297, ""xlai"": 0.619866669178009, ""totir"": 20.0, ""tofer"": NaN, ""swfac"": 0.0, ""nstres"": 0.3448525667190552}",0.0,0.3448525667190552,3277.6870727539062,285.0524139404297,0.619866669178009,20.0,,0.0,0.0,20.0,0.0,12.905532836914062,20.905532836914062,Leave_One_experiments/all_year_offline_schedule_search/daily_outputs/FQA/FQA_2017_FQA2017_stress_grid_S0006_daily.csv
FQA,FQA,Fengqiu,2017,Leave_One_experiments\wth_generated_qc\FQA\FQA2017.WTH,normal_year;water_stress_year;nitrogen_stress_year,water_stress,FQA2017_stress_grid_S0006,irrigation_positive_candidate,2017-08-17,229,73,68,"{""sim_day"": 73.0, ""doy"": 229.0, ""topwt"": 3359.9185180664062, ""grnwt"": 363.3875274658203, ""xlai"": 0.601614236831665, ""totir"": 20.0, ""tofer"": NaN, ""swfac"": 0.0, ""nstres"": 0.3066965937614441}",0.0,0.3066965937614441,3359.9185180664062,363.3875274658203,0.601614236831665,20.0,,0.0,0.0,20.0,0.0,12.905532836914062,20.905532836914062,Leave_One_experiments/all_year_offline_schedule_search/daily_outputs/FQA/FQA_2017_FQA2017_stress_grid_S0006_daily.csv
FQA,FQA,Fengqiu,2017,Leave_One_experiments\wth_generated_qc\FQA\FQA2017.WTH,normal_year;water_stress_year;nitrogen_stress_year,water_stress,FQA2017_stress_grid_S0006,irrigation_positive_candidate,2017-08-18,230,74,69,"{""sim_day"": 74.0, ""doy"": 230.0, ""topwt"": 3402.1170043945312, ""grnwt"": 460.5473327636719, ""xlai"": 0.5838634371757507, ""totir"": 20.0, ""tofer"": NaN, ""swfac"": 0.0, ""nstres"": 0.3081246614456177}",0.0,0.3081246614456177,3402.1170043945312,460.5473327636719,0.5838634371757507,20.0,,0.0,0.0,20.0,0.0,12.905532836914062,20.905532836914062,Leave_One_experiments/all_year_offline_schedule_search/daily_outputs/FQA/FQA_2017_FQA2017_stress_grid_S0006_daily.csv
FQA,FQA,Fengqiu,2017,Leave_One_experiments\wth_generated_qc\FQA\FQA2017.WTH,normal_year;water_stress_year;nitrogen_stress_year,water_stress,FQA2017_stress_grid_S0006,irrigation_positive_candidate,2017-08-19,231,75,70,"{""sim_day"": 75.0, ""doy"": 231.0, ""topwt"": 3489.6823120117188, ""grnwt"": 557.7071380615234, ""xlai"": 0.5665188431739807, ""totir"": 20.0, ""tofer"": NaN, ""swfac"": 0.0, ""nstres"": 0.3129608631134033}",0.0,0.3129608631134033,3489.6823120117188,557.7071380615234,0.5665188431739807,20.0,,0.0,0.0,20.0,0.0,12.905532836914062,20.905532836914062,Leave_One_experiments/all_year_offline_schedule_search/daily_outputs/FQA/FQA_2017_FQA2017_stress_grid_S0006_daily.csv
FQA,FQA,Fengqiu,2017,Leave_One_experiments\wth_generated_qc\FQA\FQA2017.WTH,normal_year;water_stress_year;nitrogen_stress_year,water_stress,FQA2017_stress_grid_S0006,irrigation_positive_candidate,2017-08-20,232,76,71,"{""sim_day"": 76.0, ""doy"": 232.0, ""topwt"": 3587.852783203125, ""grnwt"": 654.866943359375, ""xlai"": 0.55010586977005, ""totir"": 20.0, ""tofer"": NaN, ""swfac"": 0.0, ""nstres"": 0.2953190207481384}",0.0,0.2953190207481384,3587.852783203125,654.866943359375,0.55010586977005,20.0,,0.0,0.0,20.0,0.0,12.905532836914062,20.905532836914062,Leave_One_experiments/all_year_offline_schedule_search/daily_outputs/FQA/FQA_2017_FQA2017_stress_grid_S0006_daily.csv
FQA,FQA,Fengqiu,2017,Leave_One_experiments\wth_generated_qc\FQA\FQA2017.WTH,normal_year;water_stress_year;nitrogen_stress_year,water_stress,FQA2017_stress_grid_S0006,irrigation_positive_candidate,2017-08-21,233,77,72,"{""sim_day"": 77.0, ""doy"": 233.0, ""topwt"": 3677.791748046875, ""grnwt"": 740.4890441894531, ""xlai"": 0.5341334939002991, ""totir"": 20.0, ""tofer"": NaN, ""swfac"": 0.0, ""nstres"": 0.2968424558639526}",0.0,0.2968424558639526,3677.791748046875,740.4890441894531,0.5341334939002991,20.0,,0.0,0.0,20.0,0.0,12.905532836914062,20.905532836914062,Leave_One_experiments/all_year_offline_schedule_search/daily_outputs/FQA/FQA_2017_FQA2017_stress_grid_S0006_daily.csv
FQA,FQA,Fengqiu,2017,Leave_One_experiments\wth_generated_qc\FQA\FQA2017.WTH,normal_year;water_stress_year;nitrogen_stress_year,water_stress,FQA2017_stress_grid_S0006,irrigation_positive_candidate,2017-08-22,234,78,73,"{""sim_day"": 78.0, ""doy"": 234.0, ""topwt"": 3758.4130859375, ""grnwt"": 810.3226470947266, ""xlai"": 0.5186046957969666, ""totir"": 20.0, ""tofer"": NaN, ""swfac"": 0.0, ""nstres"": 0.2977490425109863}",0.0,0.2977490425109863,3758.4130859375,810.3226470947266,0.5186046957969666,20.0,,0.0,0.0,20.0,0.0,12.905532836914062,20.905532836914062,Leave_One_experiments/all_year_offline_schedule_search/daily_outputs/FQA/FQA_2017_FQA2017_stress_grid_S0006_daily.csv
FQA,FQA,Fengqiu,2017,Leave_One_experiments\wth_generated_qc\FQA\FQA2017.WTH,normal_year;water_stress_year;nitrogen_stress_year,water_stress,FQA2017_stress_grid_S0006,irrigation_positive_candidate,2017-08-23,235,79,74,"{""sim_day"": 79.0, ""doy"": 235.0, ""topwt"": 3848.32275390625, ""grnwt"": 886.2287902832031, ""xlai"": 0.5035934448242188, ""totir"": 20.0, ""tofer"": NaN, ""swfac"": 0.0, ""nstres"": 0.2946895956993103}",0.0,0.2946895956993103,3848.32275390625,886.2287902832031,0.5035934448242188,20.0,,0.0,0.0,20.0,0.0,12.905532836914062,20.905532836914062,Leave_One_experiments/all_year_offline_schedule_search/daily_outputs/FQA/FQA_2017_FQA2017_stress_grid_S0006_daily.csv
FQA,FQA,Fengqiu,2017,Leave_One_experiments\wth_generated_qc\FQA\FQA2017.WTH,normal_year;water_stress_year;nitrogen_stress_year,water_stress,FQA2017_stress_grid_S0006,irrigation_positive_candidate,2017-08-24,236,80,75,"{""sim_day"": 80.0, ""doy"": 236.0, ""topwt"": 3863.897705078125, ""grnwt"": 983.3885955810548, ""xlai"": 0.4888684451580047, ""totir"": 20.0, ""tofer"": NaN, ""swfac"": 0.0, ""nstres"": 0.301755428314209}",0.0,0.301755428314209,3863.897705078125,983.3885955810548,0.4888684451580047,20.0,,0.0,0.0,20.0,0.0,12.905532836914062,20.905532836914062,Leave_One_experiments/all_year_offline_schedule_search/daily_outputs/FQA/FQA_2017_FQA2017_stress_grid_S0006_daily.csv
FQA,FQA,Fengqiu,2017,Leave_One_experiments\wth_generated_qc\FQA\FQA2017.WTH,normal_year;water_stress_year;nitrogen_stress_year,water_stress,FQA2017_stress_grid_S0006,irrigation_positive_candidate,2017-08-25,237,81,76,"{""sim_day"": 81.0, ""doy"": 237.0, ""topwt"": 3905.0851440429688, ""grnwt"": 1080.5484008789062, ""xlai"": 0.474233478307724, ""totir"": 20.0, ""tofer"": NaN, ""swfac"": 0.0, ""nstres"": 0.3184720873832702}",0.0,0.3184720873832702,3905.0851440429688,1080.5484008789062,0.474233478307724,20.0,,0.0,0.0,20.0,0.0,12.905532836914062,20.905532836914062,Leave_One_experiments/all_year_offline_schedule_search/daily_outputs/FQA/FQA_2017_FQA2017_stress_grid_S0006_daily.csv
FQA,FQA,Fengqiu,2017,Leave_One_experiments\wth_generated_qc\FQA\FQA2017.WTH,normal_year;water_stress_year;nitrogen_stress_year,water_stress,FQA2017_stress_grid_S0006,irrigation_positive_candidate,2017-08-26,238,82,77,"{""sim_day"": 82.0, ""doy"": 238.0, ""topwt"": 3950.9423828125, ""grnwt"": 1177.7082061767578, ""xlai"": 0.4605554640293121, ""totir"": 20.0, ""tofer"": NaN, ""swfac"": 0.0, ""nstres"": 0.2922152876853943}",0.0,0.2922152876853943,3950.9423828125,1177.7082061767578,0.4605554640293121,20.0,,0.0,0.0,20.0,0.0,12.905532836914062,20.905532836914062,Leave_One_experiments/all_year_offline_schedule_search/daily_outputs/FQA/FQA_2017_FQA2017_stress_grid_S0006_daily.csv
FQA,FQA,Fengqiu,2017,Leave_One_experiments\wth_generated_qc\FQA\FQA2017.WTH,normal_year;water_stress_year;nitrogen_stress_year,water_stress,FQA2017_stress_grid_S0006,irrigation_positive_candidate,2017-08-27,239,83,78,"{""sim_day"": 83.0, ""doy"": 239.0, ""topwt"": 4003.6782836914062, ""grnwt"": 1274.8680114746094, ""xlai"": 0.4474509656429291, ""totir"": 20.0, ""tofer"": NaN, ""swfac"": 0.0, ""nstres"": 0.2828881740570068}",0.0,0.2828881740570068,4003.6782836914062,1274.8680114746094,0.4474509656429291,20.0,,0.0,0.0,20.0,0.0,12.905532836914062,20.905532836914062,Leave_One_experiments/all_year_offline_schedule_search/daily_outputs/FQA/FQA_2017_FQA2017_stress_grid_S0006_daily.csv
FQA,FQA,Fengqiu,2017,Leave_One_experiments\wth_generated_qc\FQA\FQA2017.WTH,normal_year;water_stress_year;nitrogen_stress_year,water_stress,FQA2017_stress_grid_S0006,irrigation_positive_candidate,2017-08-28,240,84,79,"{""sim_day"": 84.0, ""doy"": 240.0, ""topwt"": 4015.76171875, ""grnwt"": 1372.0278930664062, ""xlai"": 0.4347462654113769, ""totir"": 20.0, ""tofer"": NaN, ""swfac"": 0.0, ""nstres"": 0.2814419269561767}",0.0,0.2814419269561767,4015.76171875,1372.0278930664062,0.4347462654113769,20.0,,0.0,0.0,20.0,0.0,12.905532836914062,20.905532836914062,Leave_One_experiments/all_year_offline_schedule_search/daily_outputs/FQA/FQA_2017_FQA2017_stress_grid_S0006_daily.csv
FQA,FQA,Fengqiu,2017,Leave_One_experiments\wth_generated_qc\FQA\FQA2017.WTH,normal_year;water_stress_year;nitrogen_stress_year,water_stress,FQA2017_stress_grid_S0006,irrigation_positive_candidate,2017-08-29,241,85,80,"{""sim_day"": 85.0, ""doy"": 241.0, ""topwt"": 4032.66357421875, ""grnwt"": 1469.1877746582031, ""xlai"": 0.4224065244197845, ""totir"": 20.0, ""tofer"": NaN, ""swfac"": 0.0, ""nstres"": 0.2812104225158691}",0.0,0.2812104225158691,4032.66357421875,1469.1877746582031,0.4224065244197845,20.0,,0.0,0.0,20.0,0.0,12.905532836914062,20.905532836914062,Leave_One_experiments/all_year_offline_schedule_search/daily_outputs/FQA/FQA_2017_FQA2017_stress_grid_S0006_daily.csv
FQA,FQA,Fengqiu,2017,Leave_One_experiments\wth_generated_qc\FQA\FQA2017.WTH,normal_year;water_stress_year;nitrogen_stress_year,water_stress,FQA2017_stress_grid_S0006,irrigation_positive_candidate,2017-08-30,242,86,81,"{""sim_day"": 86.0, ""doy"": 242.0, ""topwt"": 4078.939514160156, ""grnwt"": 1566.34765625, ""xlai"": 0.4108158946037292, ""totir"": 20.0, ""tofer"": NaN, ""swfac"": 0.0, ""nstres"": 0.2585471868515014}",0.0,0.2585471868515014,4078.939514160156,1566.34765625,0.4108158946037292,20.0,,0.0,0.0,20.0,0.0,12.905532836914062,20.905532836914062,Leave_One_experiments/all_year_offline_schedule_search/daily_outputs/FQA/FQA_2017_FQA2017_stress_grid_S0006_daily.csv
FQA,FQA,Fengqiu,2017,Leave_One_experiments\wth_generated_qc\FQA\FQA2017.WTH,normal_year;water_stress_year;nitrogen_stress_year,water_stress,FQA2017_stress_grid_S0006,irrigation_positive_candidate,2017-08-31,243,87,82,"{""sim_day"": 87.0, ""doy"": 243.0, ""topwt"": 4154.5123291015625, ""grnwt"": 1663.5075378417969, ""xlai"": 0.3997227549552917, ""totir"": 20.0, ""tofer"": NaN, ""swfac"": 0.0, ""nstres"": 0.2480649352073669}",0.0,0.2480649352073669,4154.5123291015625,1663.5075378417969,0.3997227549552917,20.0,,0.0,0.0,20.0,0.0,12.905532836914062,20.905532836914062,Leave_One_experiments/all_year_offline_schedule_search/daily_outputs/FQA/FQA_2017_FQA2017_stress_grid_S0006_daily.csv
FQA,FQA,Fengqiu,2017,Leave_One_experiments\wth_generated_qc\FQA\FQA2017.WTH,normal_year;water_stress_year;nitrogen_stress_year,water_stress,FQA2017_stress_grid_S0006,irrigation_positive_candidate,2017-09-01,244,88,83,"{""sim_day"": 88.0, ""doy"": 244.0, ""topwt"": 4210.035400390625, ""grnwt"": 1760.6674194335938, ""xlai"": 0.3887767493724823, ""totir"": 20.0, ""tofer"": NaN, ""swfac"": 0.0, ""nstres"": 0.2572140693664551}",0.0,0.2572140693664551,4210.035400390625,1760.6674194335938,0.3887767493724823,20.0,,0.0,0.0,20.0,0.0,12.905532836914062,20.905532836914062,Leave_One_experiments/all_year_offline_schedule_search/daily_outputs/FQA/FQA_2017_FQA2017_stress_grid_S0006_daily.csv
FQA,FQA,Fengqiu,2017,Leave_One_experiments\wth_generated_qc\FQA\FQA2017.WTH,normal_year;water_stress_year;nitrogen_stress_year,water_stress,FQA2017_stress_grid_S0006,irrigation_positive_candidate,2017-09-02,245,89,84,"{""sim_day"": 89.0, ""doy"": 245.0, ""topwt"": 4235.0982666015625, ""grnwt"": 1857.8273010253904, ""xlai"": 0.3776189386844635, ""totir"": 20.0, ""tofer"": NaN, ""swfac"": 0.0, ""nstres"": 0.288796067237854}",0.0,0.288796067237854,4235.0982666015625,1857.8273010253904,0.3776189386844635,20.0,,0.0,0.0,20.0,0.0,12.905532836914062,20.905532836914062,Leave_One_experiments/all_year_offline_schedule_search/daily_outputs/FQA/FQA_2017_FQA2017_stress_grid_S0006_daily.csv
FQA,FQA,Fengqiu,2017,Leave_One_experiments\wth_generated_qc\FQA\FQA2017.WTH,normal_year;water_stress_year;nitrogen_stress_year,water_stress,FQA2017_stress_grid_S0006,irrigation_positive_candidate,2017-09-03,246,90,85,"{""sim_day"": 90.0, ""doy"": 246.0, ""topwt"": 4257.6080322265625, ""grnwt"": 1954.9871826171875, ""xlai"": 0.3665113151073456, ""totir"": 20.0, ""tofer"": NaN, ""swfac"": 0.0, ""nstres"": 0.3059597015380859}",0.0,0.3059597015380859,4257.6080322265625,1954.9871826171875,0.3665113151073456,20.0,,0.0,0.0,20.0,0.0,12.905532836914062,20.905532836914062,Leave_One_experiments/all_year_offline_schedule_search/daily_outputs/FQA/FQA_2017_FQA2017_stress_grid_S0006_daily.csv
FQA,FQA,Fengqiu,2017,Leave_One_experiments\wth_generated_qc\FQA\FQA2017.WTH,normal_year;water_stress_year;nitrogen_stress_year,water_stress,FQA2017_stress_grid_S0006,irrigation_positive_candidate,2017-09-04,247,91,86,"{""sim_day"": 91.0, ""doy"": 247.0, ""topwt"": 4234.700622558594, ""grnwt"": 1982.481384277344, ""xlai"": 0.3558651208877563, ""totir"": 20.0, ""tofer"": NaN, ""swfac"": 0.0, ""nstres"": 0.2971380352973938}",0.0,0.2971380352973938,4234.700622558594,1982.481384277344,0.3558651208877563,20.0,,0.0,0.0,20.0,0.0,12.905532836914062,20.905532836914062,Leave_One_experiments/all_year_offline_schedule_search/daily_outputs/FQA/FQA_2017_FQA2017_stress_grid_S0006_daily.csv
FQA,FQA,Fengqiu,2017,Leave_One_experiments\wth_generated_qc\FQA\FQA2017.WTH,normal_year;water_stress_year;nitrogen_stress_year,water_stress,FQA2017_stress_grid_S0006,irrigation_positive_candidate,2017-09-05,248,92,87,"{""sim_day"": 92.0, ""doy"": 248.0, ""topwt"": 4297.5372314453125, ""grnwt"": 2045.317840576172, ""xlai"": 0.3467675745487213, ""totir"": 20.0, ""tofer"": NaN, ""swfac"": 0.0, ""nstres"": 0.2135518193244934}",0.0,0.2135518193244934,4297.5372314453125,2045.317840576172,0.3467675745487213,20.0,,0.0,0.0,20.0,0.0,12.905532836914062,20.905532836914062,Leave_One_experiments/all_year_offline_schedule_search/daily_outputs/FQA/FQA_2017_FQA2017_stress_grid_S0006_daily.csv
FQA,FQA,Fengqiu,2017,Leave_One_experiments\wth_generated_qc\FQA\FQA2017.WTH,normal_year;water_stress_year;nitrogen_stress_year,water_stress,FQA2017_stress_grid_S0006,irrigation_positive_candidate,2017-09-06,249,93,88,"{""sim_day"": 93.0, ""doy"": 249.0, ""topwt"": 4378.212890625, ""grnwt"": 2125.9934997558594, ""xlai"": 0.3383643329143524, ""totir"": 20.0, ""tofer"": NaN, ""swfac"": 0.0, ""nstres"": 0.1938642859458923}",0.0,0.1938642859458923,4378.212890625,2125.9934997558594,0.3383643329143524,20.0,,0.0,0.0,20.0,0.0,12.905532836914062,20.905532836914062,Leave_One_experiments/all_year_offline_schedule_search/daily_outputs/FQA/FQA_2017_FQA2017_stress_grid_S0006_daily.csv
FQA,FQA,Fengqiu,2017,Leave_One_experiments\wth_generated_qc\FQA\FQA2017.WTH,normal_year;water_stress_year;nitrogen_stress_year,water_stress,FQA2017_stress_grid_S0006,irrigation_positive_candidate,2017-09-07,250,94,89,"{""sim_day"": 94.0, ""doy"": 250.0, ""topwt"": 4433.317565917969, ""grnwt"": 2181.0983276367188, ""xlai"": 0.3296158015727997, ""totir"": 20.0, ""tofer"": NaN, ""swfac"": 0.0, ""nstres"": 0.2205289006233215}",0.0,0.2205289006233215,4433.317565917969,2181.0983276367188,0.3296158015727997,20.0,,0.0,0.0,20.0,0.0,12.905532836914062,20.905532836914062,Leave_One_experiments/all_year_offline_schedule_search/daily_outputs/FQA/FQA_2017_FQA2017_stress_grid_S0006_daily.csv
FQA,FQA,Fengqiu,2017,Leave_One_experiments\wth_generated_qc\FQA\FQA2017.WTH,normal_year;water_stress_year;nitrogen_stress_year,water_stress,FQA2017_stress_grid_S0006,irrigation_positive_candidate,2017-09-08,251,95,90,"{""sim_day"": 95.0, ""doy"": 251.0, ""topwt"": 4454.23583984375, ""grnwt"": 2202.0164489746094, ""xlai"": 0.3210187554359436, ""totir"": 20.0, ""tofer"": NaN, ""swfac"": 0.0, ""nstres"": 0.2259687185287475}",0.0,0.2259687185287475,4454.23583984375,2202.0164489746094,0.3210187554359436,20.0,,0.0,0.0,20.0,0.0,12.905532836914062,20.905532836914062,Leave_One_experiments/all_year_offline_schedule_search/daily_outputs/FQA/FQA_2017_FQA2017_stress_grid_S0006_daily.csv
FQA,FQA,Fengqiu,2017,Leave_One_experiments\wth_generated_qc\FQA\FQA2017.WTH,normal_year;water_stress_year;nitrogen_stress_year,water_stress,FQA2017_stress_grid_S0006,irrigation_positive_candidate,2017-09-09,252,96,91,"{""sim_day"": 96.0, ""doy"": 252.0, ""topwt"": 4470.408020019531, ""grnwt"": 2218.1884765625, ""xlai"": 0.3131615221500397, ""totir"": 20.0, ""tofer"": NaN, ""swfac"": 0.0, ""nstres"": 0.195807933807373}",0.0,0.195807933807373,4470.408020019531,2218.1884765625,0.3131615221500397,20.0,,0.0,0.0,20.0,0.0,12.905532836914062,20.905532836914062,Leave_One_experiments/all_year_offline_schedule_search/daily_outputs/FQA/FQA_2017_FQA2017_stress_grid_S0006_daily.csv
FQA,FQA,Fengqiu,2017,Leave_One_experiments\wth_generated_qc\FQA\FQA2017.WTH,normal_year;water_stress_year;nitrogen_stress_year,water_stress,FQA2017_stress_grid_S0006,irrigation_positive_candidate,2017-09-10,253,97,92,"{""sim_day"": 97.0, ""doy"": 253.0, ""topwt"": 4542.7728271484375, ""grnwt"": 2290.5532836914062, ""xlai"": 0.30617156624794, ""totir"": 20.0, ""tofer"": NaN, ""swfac"": 0.0, ""nstres"": 0.1785644888877868}",0.0,0.1785644888877868,4542.7728271484375,2290.5532836914062,0.30617156624794,20.0,,0.0,0.0,20.0,0.0,12.905532836914062,20.905532836914062,Leave_One_experiments/all_year_offline_schedule_search/daily_outputs/FQA/FQA_2017_FQA2017_stress_grid_S0006_daily.csv
FQA,FQA,Fengqiu,2017,Leave_One_experiments\wth_generated_qc\FQA\FQA2017.WTH,normal_year;water_stress_year;nitrogen_stress_year,water_stress,FQA2017_stress_grid_S0006,irrigation_positive_candidate,2017-09-11,254,98,93,"{""sim_day"": 98.0, ""doy"": 254.0, ""topwt"": 4542.7728271484375, ""grnwt"": 2290.5532836914062, ""xlai"": 0.30617156624794, ""totir"": 20.0, ""tofer"": NaN, ""swfac"": 0.0, ""nstres"": 0.190797746181488}",0.0,0.190797746181488,4542.7728271484375,2290.5532836914062,0.30617156624794,20.0,,0.0,0.0,20.0,0.0,12.905532836914062,20.905532836914062,Leave_One_experiments/all_year_offline_schedule_search/daily_outputs/FQA/FQA_2017_FQA2017_stress_grid_S0006_daily.csv
FQA,FQA,Fengqiu,2017,Leave_One_experiments\wth_generated_qc\FQA\FQA2017.WTH,normal_year;water_stress_year;nitrogen_stress_year,water_stress,FQA2017_stress_grid_S0006,irrigation_positive_candidate,2017-09-12,255,99,94,"{""sim_day"": 99.0, ""doy"": 255.0, ""topwt"": 4542.7728271484375, ""grnwt"": 2290.5532836914062, ""xlai"": 0.30617156624794, ""totir"": 20.0, ""tofer"": NaN, ""swfac"": 0.0, ""nstres"": 0.190797746181488}",0.0,0.190797746181488,4542.7728271484375,2290.5532836914062,0.30617156624794,20.0,,0.0,0.0,20.0,0.0,12.905532836914062,20.905532836914062,Leave_One_experiments/all_year_offline_schedule_search/daily_outputs/FQA/FQA_2017_FQA2017_stress_grid_S0006_daily.csv
FQA,FQA,Fengqiu,2017,Leave_One_experiments\wth_generated_qc\FQA\FQA2017.WTH,normal_year;water_stress_year;nitrogen_stress_year,water_stress,FQA2017_stress_grid_S0006,irrigation_positive_candidate,2017-09-13,256,100,95,"{""sim_day"": 100.0, ""doy"": 256.0, ""topwt"": 4542.7728271484375, ""grnwt"": 2290.5532836914062, ""xlai"": 0.30617156624794, ""totir"": 20.0, ""tofer"": NaN, ""swfac"": 0.0, ""nstres"": 0.190797746181488}",0.0,0.190797746181488,4542.7728271484375,2290.5532836914062,0.30617156624794,20.0,,0.0,0.0,20.0,0.0,12.905532836914062,20.905532836914062,Leave_One_experiments/all_year_offline_schedule_search/daily_outputs/FQA/FQA_2017_FQA2017_stress_grid_S0006_daily.csv
FQA,FQA,Fengqiu,2017,Leave_One_experiments\wth_generated_qc\FQA\FQA2017.WTH,normal_year;water_stress_year;nitrogen_stress_year,water_stress,FQA2017_stress_grid_S0001,low_input_within_10pct_yield,2017-06-11,162,1,1,"{""sim_day"": 1.0, ""doy"": 162.0, ""topwt"": 0.0, ""grnwt"": 0.0, ""xlai"": 0.0, ""totir"": 0.0, ""tofer"": NaN, ""swfac"": 0.0, ""nstres"": 0.0}",0.0,0.0,0.0,0.0,0.0,0.0,,0.0,0.0,0.0,0.0,22.76287384033203,22.76287384033203,Leave_One_experiments/all_year_offline_schedule_search/daily_outputs/FQA/FQA_2017_FQA2017_stress_grid_S0001_daily.csv
FQA,FQA,Fengqiu,2017,Leave_One_experiments\wth_generated_qc\FQA\FQA2017.WTH,normal_year;water_stress_year;nitrogen_stress_year,water_stress,FQA2017_stress_grid_S0001,low_input_within_10pct_yield,2017-06-12,163,2,2,"{""sim_day"": 2.0, ""doy"": 163.0, ""topwt"": 0.0, ""grnwt"": 0.0, ""xlai"": 0.0, ""totir"": 0.0, ""tofer"": NaN, ""swfac"": 0.0, ""nstres"": 0.0}",0.0,0.0,0.0,0.0,0.0,0.0,,0.0,0.0,0.0,0.0,22.76287384033203,22.76287384033203,Leave_One_experiments/all_year_offline_schedule_search/daily_outputs/FQA/FQA_2017_FQA2017_stress_grid_S0001_daily.csv
FQA,FQA,Fengqiu,2017,Leave_One_experiments\wth_generated_qc\FQA\FQA2017.WTH,normal_year;water_stress_year;nitrogen_stress_year,water_stress,FQA2017_stress_grid_S0001,low_input_within_10pct_yield,2017-06-13,164,3,3,"{""sim_day"": 3.0, ""doy"": 164.0, ""topwt"": 0.0, ""grnwt"": 0.0, ""xlai"": 0.0, ""totir"": 0.0, ""tofer"": NaN, ""swfac"": 0.0, ""nstres"": 0.0}",0.0,0.0,0.0,0.0,0.0,0.0,,0.0,0.0,0.0,0.0,22.76287384033203,22.76287384033203,Leave_One_experiments/all_year_offline_schedule_search/daily_outputs/FQA/FQA_2017_FQA2017_stress_grid_S0001_daily.csv
FQA,FQA,Fengqiu,2017,Leave_One_experiments\wth_generated_qc\FQA\FQA2017.WTH,normal_year;water_stress_year;nitrogen_stress_year,water_stress,FQA2017_stress_grid_S0001,low_input_within_10pct_yield,2017-06-14,165,4,4,"{""sim_day"": 4.0, ""doy"": 165.0, ""topwt"": 0.0, ""grnwt"": 0.0, ""xlai"": 0.0, ""totir"": 0.0, ""tofer"": NaN, ""swfac"": 0.0, ""nstres"": 0.0}",0.0,0.0,0.0,0.0,0.0,0.0,,0.0,0.0,0.0,0.0,22.76287384033203,22.76287384033203,Leave_One_experiments/all_year_offline_schedule_search/daily_outputs/FQA/FQA_2017_FQA2017_stress_grid_S0001_daily.csv
FQA,FQA,Fengqiu,2017,Leave_One_experiments\wth_generated_qc\FQA\FQA2017.WTH,normal_year;water_stress_year;nitrogen_stress_year,water_stress,FQA2017_stress_grid_S0001,low_input_within_10pct_yield,2017-06-15,166,5,5,"{""sim_day"": 5.0, ""doy"": 166.0, ""topwt"": 0.0, ""grnwt"": 0.0, ""xlai"": 0.0, ""totir"": 0.0, ""tofer"": NaN, ""swfac"": 0.0, ""nstres"": 0.0}",0.0,0.0,0.0,0.0,0.0,0.0,,0.0,0.0,0.0,0.0,22.76287384033203,22.76287384033203,Leave_One_experiments/all_year_offline_schedule_search/daily_outputs/FQA/FQA_2017_FQA2017_stress_grid_S0001_daily.csv
FQA,FQA,Fengqiu,2017,Leave_One_experiments\wth_generated_qc\FQA\FQA2017.WTH,normal_year;water_stress_year;nitrogen_stress_year,water_stress,FQA2017_stress_grid_S0001,low_input_within_10pct_yield,2017-06-11,162,6,1,"{""sim_day"": 6.0, ""doy"": 162.0, ""topwt"": 0.0, ""grnwt"": 0.0, ""xlai"": 0.0, ""totir"": 0.0, ""tofer"": NaN, ""swfac"": 0.0, ""nstres"": 0.0}",0.0,0.0,0.0,0.0,0.0,0.0,,0.0,0.0,0.0,0.0,22.76287384033203,22.76287384033203,Leave_One_experiments/all_year_offline_schedule_search/daily_outputs/FQA/FQA_2017_FQA2017_stress_grid_S0001_daily.csv
FQA,FQA,Fengqiu,2017,Leave_One_experiments\wth_generated_qc\FQA\FQA2017.WTH,normal_year;water_stress_year;nitrogen_stress_year,water_stress,FQA2017_stress_grid_S0001,low_input_within_10pct_yield,2017-06-12,163,7,2,"{""sim_day"": 7.0, ""doy"": 163.0, ""topwt"": 0.0, ""grnwt"": 0.0, ""xlai"": 0.0, ""totir"": 0.0, ""tofer"": NaN, ""swfac"": 0.0, ""nstres"": 0.0}",0.0,0.0,0.0,0.0,0.0,0.0,,0.0,0.0,0.0,0.0,22.76287384033203,22.76287384033203,Leave_One_experiments/all_year_offline_schedule_search/daily_outputs/FQA/FQA_2017_FQA2017_stress_grid_S0001_daily.csv
FQA,FQA,Fengqiu,2017,Leave_One_experiments\wth_generated_qc\FQA\FQA2017.WTH,normal_year;water_stress_year;nitrogen_stress_year,water_stress,FQA2017_stress_grid_S0001,low_input_within_10pct_yield,2017-06-13,164,8,3,"{""sim_day"": 8.0, ""doy"": 164.0, ""topwt"": 0.0, ""grnwt"": 0.0, ""xlai"": 0.0, ""totir"": 0.0, ""tofer"": NaN, ""swfac"": 0.0, ""nstres"": 0.0}",0.0,0.0,0.0,0.0,0.0,0.0,,0.0,0.0,0.0,0.0,22.76287384033203,22.76287384033203,Leave_One_experiments/all_year_offline_schedule_search/daily_outputs/FQA/FQA_2017_FQA2017_stress_grid_S0001_daily.csv
FQA,FQA,Fengqiu,2017,Leave_One_experiments\wth_generated_qc\FQA\FQA2017.WTH,normal_year;water_stress_year;nitrogen_stress_year,water_stress,FQA2017_stress_grid_S0001,low_input_within_10pct_yield,2017-06-14,165,9,4,"{""sim_day"": 9.0, ""doy"": 165.0, ""topwt"": 0.0, ""grnwt"": 0.0, ""xlai"": 0.0, ""totir"": 0.0, ""tofer"": NaN, ""swfac"": 0.0, ""nstres"": 0.0}",0.0,0.0,0.0,0.0,0.0,0.0,,0.0,0.0,0.0,0.0,22.76287384033203,22.76287384033203,Leave_One_experiments/all_year_offline_schedule_search/daily_outputs/FQA/FQA_2017_FQA2017_stress_grid_S0001_daily.csv
FQA,FQA,Fengqiu,2017,Leave_One_experiments\wth_generated_qc\FQA\FQA2017.WTH,normal_year;water_stress_year;nitrogen_stress_year,water_stress,FQA2017_stress_grid_S0001,low_input_within_10pct_yield,2017-06-15,166,10,5,"{""sim_day"": 10.0, ""doy"": 166.0, ""topwt"": 32.00000047683716, ""grnwt"": 0.0, ""xlai"": 0.0031492230482399, ""totir"": 0.0, ""tofer"": NaN, ""swfac"": 0.0, ""nstres"": 0.0121910572052001}",0.0,0.0121910572052001,32.00000047683716,0.0,0.0031492230482399,0.0,,0.0,0.0,0.0,0.0,22.76287384033203,22.76287384033203,Leave_One_experiments/all_year_offline_schedule_search/daily_outputs/FQA/FQA_2017_FQA2017_stress_grid_S0001_daily.csv
FQA,FQA,Fengqiu,2017,Leave_One_experiments\wth_generated_qc\FQA\FQA2017.WTH,normal_year;water_stress_year;nitrogen_stress_year,water_stress,FQA2017_stress_grid_S0001,low_input_within_10pct_yield,2017-06-16,167,11,6,"{""sim_day"": 11.0, ""doy"": 167.0, ""topwt"": 32.00000047683716, ""grnwt"": 0.0, ""xlai"": 0.0058102793991565, ""totir"": 0.0, ""tofer"": NaN, ""swfac"": 0.0, ""nstres"": 0.0062524080276489}",0.0,0.0062524080276489,32.00000047683716,0.0,0.0058102793991565,0.0,,0.0,0.0,0.0,0.0,22.76287384033203,22.76287384033203,Leave_One_experiments/all_year_offline_schedule_search/daily_outputs/FQA/FQA_2017_FQA2017_stress_grid_S0001_daily.csv
FQA,FQA,Fengqiu,2017,Leave_One_experiments\wth_generated_qc\FQA\FQA2017.WTH,normal_year;water_stress_year;nitrogen_stress_year,water_stress,FQA2017_stress_grid_S0001,low_input_within_10pct_yield,2017-06-17,168,12,7,"{""sim_day"": 12.0, ""doy"": 168.0, ""topwt"": 32.00000047683716, ""grnwt"": 0.0, ""xlai"": 0.0087315645068883, ""totir"": 0.0, ""tofer"": NaN, ""swfac"": 0.0, ""nstres"": 0.0}",0.0,0.0,32.00000047683716,0.0,0.0087315645068883,0.0,,0.0,0.0,0.0,0.0,22.76287384033203,22.76287384033203,Leave_One_experiments/all_year_offline_schedule_search/daily_outputs/FQA/FQA_2017_FQA2017_stress_grid_S0001_daily.csv
FQA,FQA,Fengqiu,2017,Leave_One_experiments\wth_generated_qc\FQA\FQA2017.WTH,normal_year;water_stress_year;nitrogen_stress_year,water_stress,FQA2017_stress_grid_S0001,low_input_within_10pct_yield,2017-06-18,169,13,8,"{""sim_day"": 13.0, ""doy"": 169.0, ""topwt"": 32.00000047683716, ""grnwt"": 0.0, ""xlai"": 0.0121724717319011, ""totir"": 0.0, ""tofer"": NaN, ""swfac"": 0.0, ""nstres"": 0.0}",0.0,0.0,32.00000047683716,0.0,0.0121724717319011,0.0,,0.0,0.0,0.0,0.0,22.76287384033203,22.76287384033203,Leave_One_experiments/all_year_offline_schedule_search/daily_outputs/FQA/FQA_2017_FQA2017_stress_grid_S0001_daily.csv
FQA,FQA,Fengqiu,2017,Leave_One_experiments\wth_generated_qc\FQA\FQA2017.WTH,normal_year;water_stress_year;nitrogen_stress_year,water_stress,FQA2017_stress_grid_S0001,low_input_within_10pct_yield,2017-06-19,170,14,9,"{""sim_day"": 14.0, ""doy"": 170.0, ""topwt"": 32.00000047683716, ""grnwt"": 0.0, ""xlai"": 0.0163201410323381, ""totir"": 0.0, ""tofer"": NaN, ""swfac"": 0.0, ""nstres"": 0.0}",0.0,0.0,32.00000047683716,0.0,0.0163201410323381,0.0,,0.0,0.0,0.0,0.0,22.76287384033203,22.76287384033203,Leave_One_experiments/all_year_offline_schedule_search/daily_outputs/FQA/FQA_2017_FQA2017_stress_grid_S0001_daily.csv
FQA,FQA,Fengqiu,2017,Leave_One_experiments\wth_generated_qc\FQA\FQA2017.WTH,normal_year;water_stress_year;nitrogen_stress_year,water_stress,FQA2017_stress_grid_S0001,low_input_within_10pct_yield,2017-06-20,171,15,10,"{""sim_day"": 15.0, ""doy"": 171.0, ""topwt"": 32.00000047683716, ""grnwt"": 0.0, ""xlai"": 0.0200444217771291, ""totir"": 0.0, ""tofer"": NaN, ""swfac"": 0.0, ""nstres"": 0.0}",0.0,0.0,32.00000047683716,0.0,0.0200444217771291,0.0,,0.0,0.0,0.0,0.0,22.76287384033203,22.76287384033203,Leave_One_experiments/all_year_offline_schedule_search/daily_outputs/FQA/FQA_2017_FQA2017_stress_grid_S0001_daily.csv
FQA,FQA,Fengqiu,2017,Leave_One_experiments\wth_generated_qc\FQA\FQA2017.WTH,normal_year;water_stress_year;nitrogen_stress_year,water_stress,FQA2017_stress_grid_S0001,low_input_within_10pct_yield,2017-06-21,172,16,11,"{""sim_day"": 16.0, ""doy"": 172.0, ""topwt"": 32.00000047683716, ""grnwt"": 0.0, ""xlai"": 0.0235664062201976, ""totir"": 0.0, ""tofer"": NaN, ""swfac"": 0.0, ""nstres"": 0.0}",0.0,0.0,32.00000047683716,0.0,0.0235664062201976,0.0,,0.0,0.0,0.0,0.0,22.76287384033203,22.76287384033203,Leave_One_experiments/all_year_offline_schedule_search/daily_outputs/FQA/FQA_2017_FQA2017_stress_grid_S0001_daily.csv
FQA,FQA,Fengqiu,2017,Leave_One_experiments\wth_generated_qc\FQA\FQA2017.WTH,normal_year;water_stress_year;nitrogen_stress_year,water_stress,FQA2017_stress_grid_S0001,low_input_within_10pct_yield,2017-06-22,173,17,12,"{""sim_day"": 17.0, ""doy"": 173.0, ""topwt"": 24.842092990875244, ""grnwt"": 0.0, ""xlai"": 0.0364457704126834, ""totir"": 0.0, ""tofer"": NaN, ""swfac"": 0.0, ""nstres"": 0.0}",0.0,0.0,24.842092990875244,0.0,0.0364457704126834,0.0,,0.0,0.0,0.0,0.0,22.76287384033203,22.76287384033203,Leave_One_experiments/all_year_offline_schedule_search/daily_outputs/FQA/FQA_2017_FQA2017_stress_grid_S0001_daily.csv
FQA,FQA,Fengqiu,2017,Leave_One_experiments\wth_generated_qc\FQA\FQA2017.WTH,normal_year;water_stress_year;nitrogen_stress_year,water_stress,FQA2017_stress_grid_S0001,low_input_within_10pct_yield,2017-06-23,174,18,13,"{""sim_day"": 18.0, ""doy"": 174.0, ""topwt"": 29.732775688171387, ""grnwt"": 0.0, ""xlai"": 0.051752146333456, ""totir"": 0.0, ""tofer"": NaN, ""swfac"": 0.0, ""nstres"": 0.0}",0.0,0.0,29.732775688171387,0.0,0.051752146333456,0.0,,0.0,0.0,0.0,0.0,22.76287384033203,22.76287384033203,Leave_One_experiments/all_year_offline_schedule_search/daily_outputs/FQA/FQA_2017_FQA2017_stress_grid_S0001_daily.csv
FQA,FQA,Fengqiu,2017,Leave_One_experiments\wth_generated_qc\FQA\FQA2017.WTH,normal_year;water_stress_year;nitrogen_stress_year,water_stress,FQA2017_stress_grid_S0001,low_input_within_10pct_yield,2017-06-24,175,19,14,"{""sim_day"": 19.0, ""doy"": 175.0, ""topwt"": 36.20339870452881, ""grnwt"": 0.0, ""xlai"": 0.07036092877388, ""totir"": 0.0, ""tofer"": NaN, ""swfac"": 0.0, ""nstres"": 0.0}",0.0,0.0,36.20339870452881,0.0,0.07036092877388,0.0,,0.0,0.0,0.0,0.0,22.76287384033203,22.76287384033203,Leave_One_experiments/all_year_offline_schedule_search/daily_outputs/FQA/FQA_2017_FQA2017_stress_grid_S0001_daily.csv
FQA,FQA,Fengqiu,2017,Leave_One_experiments\wth_generated_qc\FQA\FQA2017.WTH,normal_year;water_stress_year;nitrogen_stress_year,water_stress,FQA2017_stress_grid_S0001,low_input_within_10pct_yield,2017-06-25,176,20,15,"{""sim_day"": 20.0, ""doy"": 176.0, ""topwt"": 44.265241622924805, ""grnwt"": 0.0, ""xlai"": 0.0918827876448631, ""totir"": 0.0, ""tofer"": NaN, ""swfac"": 0.0, ""nstres"": 0.0}",0.0,0.0,44.265241622924805,0.0,0.0918827876448631,0.0,,0.0,0.0,0.0,0.0,22.76287384033203,22.76287384033203,Leave_One_experiments/all_year_offline_schedule_search/daily_outputs/FQA/FQA_2017_FQA2017_stress_grid_S0001_daily.csv
FQA,FQA,Fengqiu,2017,Leave_One_experiments\wth_generated_qc\FQA\FQA2017.WTH,normal_year;water_stress_year;nitrogen_stress_year,water_stress,FQA2017_stress_grid_S0001,low_input_within_10pct_yield,2017-06-26,177,21,16,"{""sim_day"": 21.0, ""doy"": 177.0, ""topwt"": 54.25403118133545, ""grnwt"": 0.0, ""xlai"": 0.1168342977762222, ""totir"": 0.0, ""tofer"": NaN, ""swfac"": 0.0, ""nstres"": 0.0}",0.0,0.0,54.25403118133545,0.0,0.1168342977762222,0.0,,0.0,0.0,0.0,0.0,22.76287384033203,22.76287384033203,Leave_One_experiments/all_year_offline_schedule_search/daily_outputs/FQA/FQA_2017_FQA2017_stress_grid_S0001_daily.csv
FQA,FQA,Fengqiu,2017,Leave_One_experiments\wth_generated_qc\FQA\FQA2017.WTH,normal_year;water_stress_year;nitrogen_stress_year,water_stress,FQA2017_stress_grid_S0001,low_input_within_10pct_yield,2017-06-27,178,22,17,"{""sim_day"": 22.0, ""doy"": 178.0, ""topwt"": 66.0362958908081, ""grnwt"": 0.0, ""xlai"": 0.1445552557706833, ""totir"": 0.0, ""tofer"": NaN, ""swfac"": 0.0, ""nstres"": 0.0}",0.0,0.0,66.0362958908081,0.0,0.1445552557706833,0.0,,0.0,0.0,0.0,0.0,22.76287384033203,22.76287384033203,Leave_One_experiments/all_year_offline_schedule_search/daily_outputs/FQA/FQA_2017_FQA2017_stress_grid_S0001_daily.csv
FQA,FQA,Fengqiu,2017,Leave_One_experiments\wth_generated_qc\FQA\FQA2017.WTH,normal_year;water_stress_year;nitrogen_stress_year,water_stress,FQA2017_stress_grid_S0001,low_input_within_10pct_yield,2017-06-28,179,23,18,"{""sim_day"": 23.0, ""doy"": 179.0, ""topwt"": 79.72453117370605, ""grnwt"": 0.0, ""xlai"": 0.1750690042972564, ""totir"": 0.0, ""tofer"": NaN, ""swfac"": 0.0, ""nstres"": 0.0}",0.0,0.0,79.72453117370605,0.0,0.1750690042972564,0.0,,0.0,0.0,0.0,0.0,22.76287384033203,22.76287384033203,Leave_One_experiments/all_year_offline_schedule_search/daily_outputs/FQA/FQA_2017_FQA2017_stress_grid_S0001_daily.csv
FQA,FQA,Fengqiu,2017,Leave_One_experiments\wth_generated_qc\FQA\FQA2017.WTH,normal_year;water_stress_year;nitrogen_stress_year,water_stress,FQA2017_stress_grid_S0001,low_input_within_10pct_yield,2017-06-29,180,24,19,"{""sim_day"": 24.0, ""doy"": 180.0, ""topwt"": 94.7817611694336, ""grnwt"": 0.0, ""xlai"": 0.2070515155792236, ""totir"": 0.0, ""tofer"": NaN, ""swfac"": 0.0, ""nstres"": 0.0}",0.0,0.0,94.7817611694336,0.0,0.2070515155792236,0.0,,0.0,0.0,0.0,0.0,22.76287384033203,22.76287384033203,Leave_One_experiments/all_year_offline_schedule_search/daily_outputs/FQA/FQA_2017_FQA2017_stress_grid_S0001_daily.csv
FQA,FQA,Fengqiu,2017,Leave_One_experiments\wth_generated_qc\FQA\FQA2017.WTH,normal_year;water_stress_year;nitrogen_stress_year,water_stress,FQA2017_stress_grid_S0001,low_input_within_10pct_yield,2017-06-30,181,25,20,"{""sim_day"": 25.0, ""doy"": 181.0, ""topwt"": 110.89293479919434, ""grnwt"": 0.0, ""xlai"": 0.2398484498262405, ""totir"": 0.0, ""tofer"": NaN, ""swfac"": 0.0, ""nstres"": 0.0}",0.0,0.0,110.89293479919434,0.0,0.2398484498262405,0.0,,0.0,0.0,0.0,0.0,22.76287384033203,22.76287384033203,Leave_One_experiments/all_year_offline_schedule_search/daily_outputs/FQA/FQA_2017_FQA2017_stress_grid_S0001_daily.csv
FQA,FQA,Fengqiu,2017,Leave_One_experiments\wth_generated_qc\FQA\FQA2017.WTH,normal_year;water_stress_year;nitrogen_stress_year,water_stress,FQA2017_stress_grid_S0001,low_input_within_10pct_yield,2017-07-01,182,26,21,"{""sim_day"": 26.0, ""doy"": 182.0, ""topwt"": 129.61541175842285, ""grnwt"": 0.0, ""xlai"": 0.2752034962177276, ""totir"": 0.0, ""tofer"": NaN, ""swfac"": 0.0, ""nstres"": 0.0}",0.0,0.0,129.61541175842285,0.0,0.2752034962177276,0.0,,0.0,0.0,0.0,0.0,22.76287384033203,22.76287384033203,Leave_One_experiments/all_year_offline_schedule_search/daily_outputs/FQA/FQA_2017_FQA2017_stress_grid_S0001_daily.csv
FQA,FQA,Fengqiu,2017,Leave_One_experiments\wth_generated_qc\FQA\FQA2017.WTH,normal_year;water_stress_year;nitrogen_stress_year,water_stress,FQA2017_stress_grid_S0001,low_input_within_10pct_yield,2017-07-02,183,27,22,"{""sim_day"": 27.0, ""doy"": 183.0, ""topwt"": 152.08840370178223, ""grnwt"": 0.0, ""xlai"": 0.3188675045967102, ""totir"": 0.0, ""tofer"": NaN, ""swfac"": 0.0, ""nstres"": 0.0}",0.0,0.0,152.08840370178223,0.0,0.3188675045967102,0.0,,0.0,0.0,0.0,0.0,22.76287384033203,22.76287384033203,Leave_One_experiments/all_year_offline_schedule_search/daily_outputs/FQA/FQA_2017_FQA2017_stress_grid_S0001_daily.csv
FQA,FQA,Fengqiu,2017,Leave_One_experiments\wth_generated_qc\FQA\FQA2017.WTH,normal_year;water_stress_year;nitrogen_stress_year,water_stress,FQA2017_stress_grid_S0001,low_input_within_10pct_yield,2017-07-03,184,28,23,"{""sim_day"": 28.0, ""doy"": 184.0, ""topwt"": 178.4476661682129, ""grnwt"": 0.0, ""xlai"": 0.3678793907165527, ""totir"": 0.0, ""tofer"": NaN, ""swfac"": 0.0, ""nstres"": 0.0}",0.0,0.0,178.4476661682129,0.0,0.3678793907165527,0.0,,0.0,0.0,0.0,0.0,22.76287384033203,22.76287384033203,Leave_One_experiments/all_year_offline_schedule_search/daily_outputs/FQA/FQA_2017_FQA2017_stress_grid_S0001_daily.csv
FQA,FQA,Fengqiu,2017,Leave_One_experiments\wth_generated_qc\FQA\FQA2017.WTH,normal_year;water_stress_year;nitrogen_stress_year,water_stress,FQA2017_stress_grid_S0001,low_input_within_10pct_yield,2017-07-04,185,29,24,"{""sim_day"": 29.0, ""doy"": 185.0, ""topwt"": 206.35297775268555, ""grnwt"": 0.0, ""xlai"": 0.4175289571285248, ""totir"": 0.0, ""tofer"": NaN, ""swfac"": 0.0, ""nstres"": 0.0}",0.0,0.0,206.35297775268555,0.0,0.4175289571285248,0.0,,0.0,0.0,0.0,0.0,22.76287384033203,22.76287384033203,Leave_One_experiments/all_year_offline_schedule_search/daily_outputs/FQA/FQA_2017_FQA2017_stress_grid_S0001_daily.csv
FQA,FQA,Fengqiu,2017,Leave_One_experiments\wth_generated_qc\FQA\FQA2017.WTH,normal_year;water_stress_year;nitrogen_stress_year,water_stress,FQA2017_stress_grid_S0001,low_input_within_10pct_yield,2017-07-05,186,30,25,"{""sim_day"": 30.0, ""doy"": 186.0, ""topwt"": 232.2463607788086, ""grnwt"": 0.0, ""xlai"": 0.4618199169635772, ""totir"": 0.0, ""tofer"": NaN, ""swfac"": 0.0, ""nstres"": 0.0}",0.0,0.0,232.2463607788086,0.0,0.4618199169635772,0.0,,0.0,0.0,0.0,0.0,22.76287384033203,22.76287384033203,Leave_One_experiments/all_year_offline_schedule_search/daily_outputs/FQA/FQA_2017_FQA2017_stress_grid_S0001_daily.csv
FQA,FQA,Fengqiu,2017,Leave_One_experiments\wth_generated_qc\FQA\FQA2017.WTH,normal_year;water_stress_year;nitrogen_stress_year,water_stress,FQA2017_stress_grid_S0001,low_input_within_10pct_yield,2017-07-06,187,31,26,"{""sim_day"": 31.0, ""doy"": 187.0, ""topwt"": 267.6106643676758, ""grnwt"": 0.0, ""xlai"": 0.5197213888168335, ""totir"": 0.0, ""tofer"": NaN, ""swfac"": 0.0, ""nstres"": 0.0}",0.0,0.0,267.6106643676758,0.0,0.5197213888168335,0.0,,0.0,0.0,0.0,0.0,22.76287384033203,22.76287384033203,Leave_One_experiments/all_year_offline_schedule_search/daily_outputs/FQA/FQA_2017_FQA2017_stress_grid_S0001_daily.csv
FQA,FQA,Fengqiu,2017,Leave_One_experiments\wth_generated_qc\FQA\FQA2017.WTH,normal_year;water_stress_year;nitrogen_stress_year,water_stress,FQA2017_stress_grid_S0001,low_input_within_10pct_yield,2017-07-07,188,32,27,"{""sim_day"": 32.0, ""doy"": 188.0, ""topwt"": 309.21993255615234, ""grnwt"": 0.0, ""xlai"": 0.5845627188682556, ""totir"": 0.0, ""tofer"": NaN, ""swfac"": 0.0, ""nstres"": 0.0}",0.0,0.0,309.21993255615234,0.0,0.5845627188682556,0.0,,0.0,0.0,0.0,0.0,22.76287384033203,22.76287384033203,Leave_One_experiments/all_year_offline_schedule_search/daily_outputs/FQA/FQA_2017_FQA2017_stress_grid_S0001_daily.csv
FQA,FQA,Fengqiu,2017,Leave_One_experiments\wth_generated_qc\FQA\FQA2017.WTH,normal_year;water_stress_year;nitrogen_stress_year,water_stress,FQA2017_stress_grid_S0001,low_input_within_10pct_yield,2017-07-08,189,33,28,"{""sim_day"": 33.0, ""doy"": 189.0, ""topwt"": 352.8811264038086, ""grnwt"": 0.0, ""xlai"": 0.6493462920188904, ""totir"": 0.0, ""tofer"": NaN, ""swfac"": 0.0, ""nstres"": 0.0}",0.0,0.0,352.8811264038086,0.0,0.6493462920188904,0.0,,0.0,0.0,0.0,0.0,22.76287384033203,22.76287384033203,Leave_One_experiments/all_year_offline_schedule_search/daily_outputs/FQA/FQA_2017_FQA2017_stress_grid_S0001_daily.csv
FQA,FQA,Fengqiu,2017,Leave_One_experiments\wth_generated_qc\FQA\FQA2017.WTH,normal_year;water_stress_year;nitrogen_stress_year,water_stress,FQA2017_stress_grid_S0001,low_input_within_10pct_yield,2017-07-09,190,34,29,"{""sim_day"": 34.0, ""doy"": 190.0, ""topwt"": 400.2446365356445, ""grnwt"": 0.0, ""xlai"": 0.7163122892379761, ""totir"": 0.0, ""tofer"": NaN, ""swfac"": 0.0, ""nstres"": 0.0}",0.0,0.0,400.2446365356445,0.0,0.7163122892379761,0.0,,0.0,0.0,0.0,0.0,22.76287384033203,22.76287384033203,Leave_One_experiments/all_year_offline_schedule_search/daily_outputs/FQA/FQA_2017_FQA2017_stress_grid_S0001_daily.csv
FQA,FQA,Fengqiu,2017,Leave_One_experiments\wth_generated_qc\FQA\FQA2017.WTH,normal_year;water_stress_year;nitrogen_stress_year,water_stress,FQA2017_stress_grid_S0001,low_input_within_10pct_yield,2017-07-10,191,35,30,"{""sim_day"": 35.0, ""doy"": 191.0, ""topwt"": 454.7764205932617, ""grnwt"": 0.0, ""xlai"": 0.7868002653121948, ""totir"": 0.0, ""tofer"": NaN, ""swfac"": 0.0, ""nstres"": 0.0274759531021118}",0.0,0.0274759531021118,454.7764205932617,0.0,0.7868002653121948,0.0,,0.0,0.0,0.0,0.0,22.76287384033203,22.76287384033203,Leave_One_experiments/all_year_offline_schedule_search/daily_outputs/FQA/FQA_2017_FQA2017_stress_grid_S0001_daily.csv
FQA,FQA,Fengqiu,2017,Leave_One_experiments\wth_generated_qc\FQA\FQA2017.WTH,normal_year;water_stress_year;nitrogen_stress_year,water_stress,FQA2017_stress_grid_S0001,low_input_within_10pct_yield,2017-07-11,192,36,31,"{""sim_day"": 36.0, ""doy"": 192.0, ""topwt"": 508.9521026611328, ""grnwt"": 0.0, ""xlai"": 0.8485153317451477, ""totir"": 0.0, ""tofer"": NaN, ""swfac"": 0.0, ""nstres"": 0.0683320164680481}",0.0,0.0683320164680481,508.9521026611328,0.0,0.8485153317451477,0.0,,0.0,0.0,0.0,0.0,22.76287384033203,22.76287384033203,Leave_One_experiments/all_year_offline_schedule_search/daily_outputs/FQA/FQA_2017_FQA2017_stress_grid_S0001_daily.csv
FQA,FQA,Fengqiu,2017,Leave_One_experiments\wth_generated_qc\FQA\FQA2017.WTH,normal_year;water_stress_year;nitrogen_stress_year,water_stress,FQA2017_stress_grid_S0001,low_input_within_10pct_yield,2017-07-12,193,37,32,"{""sim_day"": 37.0, ""doy"": 193.0, ""topwt"": 563.366813659668, ""grnwt"": 0.0, ""xlai"": 0.9025470614433287, ""totir"": 0.0, ""tofer"": NaN, ""swfac"": 0.0, ""nstres"": 0.1034702062606811}",0.0,0.1034702062606811,563.366813659668,0.0,0.9025470614433287,0.0,,0.0,0.0,0.0,0.0,22.76287384033203,22.76287384033203,Leave_One_experiments/all_year_offline_schedule_search/daily_outputs/FQA/FQA_2017_FQA2017_stress_grid_S0001_daily.csv
FQA,FQA,Fengqiu,2017,Leave_One_experiments\wth_generated_qc\FQA\FQA2017.WTH,normal_year;water_stress_year;nitrogen_stress_year,water_stress,FQA2017_stress_grid_S0001,low_input_within_10pct_yield,2017-07-13,194,38,33,"{""sim_day"": 38.0, ""doy"": 194.0, ""topwt"": 619.6333694458008, ""grnwt"": 0.0, ""xlai"": 0.9514668583869934, ""totir"": 0.0, ""tofer"": NaN, ""swfac"": 0.0, ""nstres"": 0.1302695274353027}",0.0,0.1302695274353027,619.6333694458008,0.0,0.9514668583869934,0.0,,0.0,0.0,0.0,0.0,22.76287384033203,22.76287384033203,Leave_One_experiments/all_year_offline_schedule_search/daily_outputs/FQA/FQA_2017_FQA2017_stress_grid_S0001_daily.csv
FQA,FQA,Fengqiu,2017,Leave_One_experiments\wth_generated_qc\FQA\FQA2017.WTH,normal_year;water_stress_year;nitrogen_stress_year,water_stress,FQA2017_stress_grid_S0001,low_input_within_10pct_yield,2017-07-14,195,39,34,"{""sim_day"": 39.0, ""doy"": 195.0, ""topwt"": 665.0102996826172, ""grnwt"": 0.0, ""xlai"": 0.9823610186576844, ""totir"": 0.0, ""tofer"": NaN, ""swfac"": 0.0, ""nstres"": 0.1522033214569091}",0.0,0.1522033214569091,665.0102996826172,0.0,0.9823610186576844,0.0,,0.0,0.0,0.0,0.0,22.76287384033203,22.76287384033203,Leave_One_experiments/all_year_offline_schedule_search/daily_outputs/FQA/FQA_2017_FQA2017_stress_grid_S0001_daily.csv
FQA,FQA,Fengqiu,2017,Leave_One_experiments\wth_generated_qc\FQA\FQA2017.WTH,normal_year;water_stress_year;nitrogen_stress_year,water_stress,FQA2017_stress_grid_S0001,low_input_within_10pct_yield,2017-07-15,196,40,35,"{""sim_day"": 40.0, ""doy"": 196.0, ""topwt"": 714.9186706542969, ""grnwt"": 0.0, ""xlai"": 1.0130131244659424, ""totir"": 0.0, ""tofer"": NaN, ""swfac"": 0.0, ""nstres"": 0.1694452166557312}",0.0,0.1694452166557312,714.9186706542969,0.0,1.0130131244659424,0.0,,0.0,0.0,0.0,0.0,22.76287384033203,22.76287384033203,Leave_One_experiments/all_year_offline_schedule_search/daily_outputs/FQA/FQA_2017_FQA2017_stress_grid_S0001_daily.csv
FQA,FQA,Fengqiu,2017,Leave_One_experiments\wth_generated_qc\FQA\FQA2017.WTH,normal_year;water_stress_year;nitrogen_stress_year,water_stress,FQA2017_stress_grid_S0001,low_input_within_10pct_yield,2017-07-16,197,41,36,"{""sim_day"": 41.0, ""doy"": 197.0, ""topwt"": 771.0832977294922, ""grnwt"": 0.0, ""xlai"": 1.0455126762390137, ""totir"": 0.0, ""tofer"": NaN, ""swfac"": 0.0, ""nstres"": 0.1790826916694641}",0.0,0.1790826916694641,771.0832977294922,0.0,1.0455126762390137,0.0,,0.0,0.0,0.0,0.0,22.76287384033203,22.76287384033203,Leave_One_experiments/all_year_offline_schedule_search/daily_outputs/FQA/FQA_2017_FQA2017_stress_grid_S0001_daily.csv
FQA,FQA,Fengqiu,2017,Leave_One_experiments\wth_generated_qc\FQA\FQA2017.WTH,normal_year;water_stress_year;nitrogen_stress_year,water_stress,FQA2017_stress_grid_S0001,low_input_within_10pct_yield,2017-07-17,198,42,37,"{""sim_day"": 42.0, ""doy"": 198.0, ""topwt"": 830.1648712158203, ""grnwt"": 0.0, ""xlai"": 1.07597553730011, ""totir"": 0.0, ""tofer"": NaN, ""swfac"": 0.0, ""nstres"": 0.189634084701538}",0.0,0.189634084701538,830.1648712158203,0.0,1.07597553730011,0.0,,0.0,0.0,0.0,0.0,22.76287384033203,22.76287384033203,Leave_One_experiments/all_year_offline_schedule_search/daily_outputs/FQA/FQA_2017_FQA2017_stress_grid_S0001_daily.csv
FQA,FQA,Fengqiu,2017,Leave_One_experiments\wth_generated_qc\FQA\FQA2017.WTH,normal_year;water_stress_year;nitrogen_stress_year,water_stress,FQA2017_stress_grid_S0001,low_input_within_10pct_yield,2017-07-18,199,43,38,"{""sim_day"": 43.0, ""doy"": 199.0, ""topwt"": 887.6251220703125, ""grnwt"": 0.0, ""xlai"": 1.1001806259155271, ""totir"": 0.0, ""tofer"": NaN, ""swfac"": 0.0, ""nstres"": 0.2033305764198303}",0.0,0.2033305764198303,887.6251220703125,0.0,1.1001806259155271,0.0,,0.0,0.0,0.0,0.0,22.76287384033203,22.76287384033203,Leave_One_experiments/all_year_offline_schedule_search/daily_outputs/FQA/FQA_2017_FQA2017_stress_grid_S0001_daily.csv
FQA,FQA,Fengqiu,2017,Leave_One_experiments\wth_generated_qc\FQA\FQA2017.WTH,normal_year;water_stress_year;nitrogen_stress_year,water_stress,FQA2017_stress_grid_S0001,low_input_within_10pct_yield,2017-07-19,200,44,39,"{""sim_day"": 44.0, ""doy"": 200.0, ""topwt"": 1038.7722778320312, ""grnwt"": 0.0, ""xlai"": 1.1285910606384275, ""totir"": 0.0, ""tofer"": NaN, ""swfac"": 0.0, ""nstres"": 0.2259362936019897}",0.0,0.2259362936019897,1038.7722778320312,0.0,1.1285910606384275,0.0,,0.0,0.0,0.0,0.0,22.76287384033203,22.76287384033203,Leave_One_experiments/all_year_offline_schedule_search/daily_outputs/FQA/FQA_2017_FQA2017_stress_grid_S0001_daily.csv
FQA,FQA,Fengqiu,2017,Leave_One_experiments\wth_generated_qc\FQA\FQA2017.WTH,normal_year;water_stress_year;nitrogen_stress_year,water_stress,FQA2017_stress_grid_S0001,low_input_within_10pct_yield,2017-07-20,201,45,40,"{""sim_day"": 45.0, ""doy"": 201.0, ""topwt"": 1182.1607208251953, ""grnwt"": 0.0, ""xlai"": 1.148134469985962, ""totir"": 0.0, ""tofer"": NaN, ""swfac"": 0.0, ""nstres"": 0.2503453493118286}",0.0,0.2503453493118286,1182.1607208251953,0.0,1.148134469985962,0.0,,0.0,0.0,0.0,0.0,22.76287384033203,22.76287384033203,Leave_One_experiments/all_year_offline_schedule_search/daily_outputs/FQA/FQA_2017_FQA2017_stress_grid_S0001_daily.csv
FQA,FQA,Fengqiu,2017,Leave_One_experiments\wth_generated_qc\FQA\FQA2017.WTH,normal_year;water_stress_year;nitrogen_stress_year,water_stress,FQA2017_stress_grid_S0001,low_input_within_10pct_yield,2017-07-21,202,46,41,"{""sim_day"": 46.0, ""doy"": 202.0, ""topwt"": 1283.7164306640625, ""grnwt"": 0.0, ""xlai"": 1.1457431316375732, ""totir"": 0.0, ""tofer"": NaN, ""swfac"": 0.0, ""nstres"": 0.3471132516860962}",0.0,0.3471132516860962,1283.7164306640625,0.0,1.1457431316375732,0.0,,0.0,0.0,0.0,0.0,22.76287384033203,22.76287384033203,Leave_One_experiments/all_year_offline_schedule_search/daily_outputs/FQA/FQA_2017_FQA2017_stress_grid_S0001_daily.csv
FQA,FQA,Fengqiu,2017,Leave_One_experiments\wth_generated_qc\FQA\FQA2017.WTH,normal_year;water_stress_year;nitrogen_stress_year,water_stress,FQA2017_stress_grid_S0001,low_input_within_10pct_yield,2017-07-22,203,47,42,"{""sim_day"": 47.0, ""doy"": 203.0, ""topwt"": 1380.272216796875, ""grnwt"": 0.0, ""xlai"": 1.1370288133621216, ""totir"": 0.0, ""tofer"": NaN, ""swfac"": 0.0, ""nstres"": 0.4086532592773437}",0.0,0.4086532592773437,1380.272216796875,0.0,1.1370288133621216,0.0,,0.0,0.0,0.0,0.0,22.76287384033203,22.76287384033203,Leave_One_experiments/all_year_offline_schedule_search/daily_outputs/FQA/FQA_2017_FQA2017_stress_grid_S0001_daily.csv
FQA,FQA,Fengqiu,2017,Leave_One_experiments\wth_generated_qc\FQA\FQA2017.WTH,normal_year;water_stress_year;nitrogen_stress_year,water_stress,FQA2017_stress_grid_S0001,low_input_within_10pct_yield,2017-07-23,204,48,43,"{""sim_day"": 48.0, ""doy"": 204.0, ""topwt"": 1468.7043762207031, ""grnwt"": 0.0, ""xlai"": 1.1236189603805542, ""totir"": 0.0, ""tofer"": NaN, ""swfac"": 0.0, ""nstres"": 0.4322410225868225}",0.0,0.4322410225868225,1468.7043762207031,0.0,1.1236189603805542,0.0,,0.0,0.0,0.0,0.0,22.76287384033203,22.76287384033203,Leave_One_experiments/all_year_offline_schedule_search/daily_outputs/FQA/FQA_2017_FQA2017_stress_grid_S0001_daily.csv
FQA,FQA,Fengqiu,2017,Leave_One_experiments\wth_generated_qc\FQA\FQA2017.WTH,normal_year;water_stress_year;nitrogen_stress_year,water_stress,FQA2017_stress_grid_S0001,low_input_within_10pct_yield,2017-07-24,205,49,44,"{""sim_day"": 49.0, ""doy"": 205.0, ""topwt"": 1546.3565063476562, ""grnwt"": 0.0, ""xlai"": 1.105772852897644, ""totir"": 0.0, ""tofer"": NaN, ""swfac"": 0.0, ""nstres"": 0.4485467672348022}",0.0,0.4485467672348022,1546.3565063476562,0.0,1.105772852897644,0.0,,0.0,0.0,0.0,0.0,22.76287384033203,22.76287384033203,Leave_One_experiments/all_year_offline_schedule_search/daily_outputs/FQA/FQA_2017_FQA2017_stress_grid_S0001_daily.csv
FQA,FQA,Fengqiu,2017,Leave_One_experiments\wth_generated_qc\FQA\FQA2017.WTH,normal_year;water_stress_year;nitrogen_stress_year,water_stress,FQA2017_stress_grid_S0001,low_input_within_10pct_yield,2017-07-25,206,50,45,"{""sim_day"": 50.0, ""doy"": 206.0, ""topwt"": 1621.4094543457031, ""grnwt"": 0.0, ""xlai"": 1.0865705013275146, ""totir"": 0.0, ""tofer"": NaN, ""swfac"": 0.0, ""nstres"": 0.458294928073883}",0.0,0.458294928073883,1621.4094543457031,0.0,1.0865705013275146,0.0,,0.0,0.0,0.0,0.0,22.76287384033203,22.76287384033203,Leave_One_experiments/all_year_offline_schedule_search/daily_outputs/FQA/FQA_2017_FQA2017_stress_grid_S0001_daily.csv
FQA,FQA,Fengqiu,2017,Leave_One_experiments\wth_generated_qc\FQA\FQA2017.WTH,normal_year;water_stress_year;nitrogen_stress_year,water_stress,FQA2017_stress_grid_S0001,low_input_within_10pct_yield,2017-07-26,207,51,46,"{""sim_day"": 51.0, ""doy"": 207.0, ""topwt"": 1672.1182250976562, ""grnwt"": 0.0, ""xlai"": 1.060868501663208, ""totir"": 0.0, ""tofer"": NaN, ""swfac"": 0.0, ""nstres"": 0.4606898427009582}",0.0,0.4606898427009582,1672.1182250976562,0.0,1.060868501663208,0.0,,0.0,0.0,0.0,0.0,22.76287384033203,22.76287384033203,Leave_One_experiments/all_year_offline_schedule_search/daily_outputs/FQA/FQA_2017_FQA2017_stress_grid_S0001_daily.csv
FQA,FQA,Fengqiu,2017,Leave_One_experiments\wth_generated_qc\FQA\FQA2017.WTH,normal_year;water_stress_year;nitrogen_stress_year,water_stress,FQA2017_stress_grid_S0001,low_input_within_10pct_yield,2017-07-27,208,52,47,"{""sim_day"": 52.0, ""doy"": 208.0, ""topwt"": 1727.8125, ""grnwt"": 0.0, ""xlai"": 1.0367838144302368, ""totir"": 0.0, ""tofer"": NaN, ""swfac"": 0.0, ""nstres"": 0.4663115739822387}",0.0,0.4663115739822387,1727.8125,0.0,1.0367838144302368,0.0,,0.0,0.0,0.0,0.0,22.76287384033203,22.76287384033203,Leave_One_experiments/all_year_offline_schedule_search/daily_outputs/FQA/FQA_2017_FQA2017_stress_grid_S0001_daily.csv
FQA,FQA,Fengqiu,2017,Leave_One_experiments\wth_generated_qc\FQA\FQA2017.WTH,normal_year;water_stress_year;nitrogen_stress_year,water_stress,FQA2017_stress_grid_S0001,low_input_within_10pct_yield,2017-07-28,209,53,48,"{""sim_day"": 53.0, ""doy"": 209.0, ""topwt"": 1751.5879821777344, ""grnwt"": 0.0, ""xlai"": 1.0052833557128906, ""totir"": 0.0, ""tofer"": NaN, ""swfac"": 0.0, ""nstres"": 0.4633582234382629}",0.0,0.4633582234382629,1751.5879821777344,0.0,1.0052833557128906,0.0,,0.0,0.0,0.0,0.0,22.76287384033203,22.76287384033203,Leave_One_experiments/all_year_offline_schedule_search/daily_outputs/FQA/FQA_2017_FQA2017_stress_grid_S0001_daily.csv
FQA,FQA,Fengqiu,2017,Leave_One_experiments\wth_generated_qc\FQA\FQA2017.WTH,normal_year;water_stress_year;nitrogen_stress_year,water_stress,FQA2017_stress_grid_S0001,low_input_within_10pct_yield,2017-07-29,210,54,49,"{""sim_day"": 54.0, ""doy"": 210.0, ""topwt"": 1803.9045715332031, ""grnwt"": 0.0, ""xlai"": 0.98198002576828, ""totir"": 0.0, ""tofer"": NaN, ""swfac"": 0.0, ""nstres"": 0.461347222328186}",0.0,0.461347222328186,1803.9045715332031,0.0,0.98198002576828,0.0,,0.0,0.0,0.0,0.0,22.76287384033203,22.76287384033203,Leave_One_experiments/all_year_offline_schedule_search/daily_outputs/FQA/FQA_2017_FQA2017_stress_grid_S0001_daily.csv
FQA,FQA,Fengqiu,2017,Leave_One_experiments\wth_generated_qc\FQA\FQA2017.WTH,normal_year;water_stress_year;nitrogen_stress_year,water_stress,FQA2017_stress_grid_S0001,low_input_within_10pct_yield,2017-07-30,211,55,50,"{""sim_day"": 55.0, ""doy"": 211.0, ""topwt"": 1869.8789978027344, ""grnwt"": 0.0, ""xlai"": 0.9636076092720032, ""totir"": 0.0, ""tofer"": NaN, ""swfac"": 0.0, ""nstres"": 0.4444168210029602}",0.0,0.4444168210029602,1869.8789978027344,0.0,0.9636076092720032,0.0,,0.0,0.0,0.0,0.0,22.76287384033203,22.76287384033203,Leave_One_experiments/all_year_offline_schedule_search/daily_outputs/FQA/FQA_2017_FQA2017_stress_grid_S0001_daily.csv
FQA,FQA,Fengqiu,2017,Leave_One_experiments\wth_generated_qc\FQA\FQA2017.WTH,normal_year;water_stress_year;nitrogen_stress_year,water_stress,FQA2017_stress_grid_S0001,low_input_within_10pct_yield,2017-07-31,212,56,51,"{""sim_day"": 56.0, ""doy"": 212.0, ""topwt"": 1932.5440979003904, ""grnwt"": 0.0, ""xlai"": 0.9449478387832642, ""totir"": 0.0, ""tofer"": NaN, ""swfac"": 0.0, ""nstres"": 0.4468714594841003}",0.0,0.4468714594841003,1932.5440979003904,0.0,0.9449478387832642,0.0,,0.0,0.0,0.0,0.0,22.76287384033203,22.76287384033203,Leave_One_experiments/all_year_offline_schedule_search/daily_outputs/FQA/FQA_2017_FQA2017_stress_grid_S0001_daily.csv
FQA,FQA,Fengqiu,2017,Leave_One_experiments\wth_generated_qc\FQA\FQA2017.WTH,normal_year;water_stress_year;nitrogen_stress_year,water_stress,FQA2017_stress_grid_S0001,low_input_within_10pct_yield,2017-08-01,213,57,52,"{""sim_day"": 57.0, ""doy"": 213.0, ""topwt"": 1968.2942199707031, ""grnwt"": 0.0, ""xlai"": 0.9200540781021118, ""totir"": 0.0, ""tofer"": NaN, ""swfac"": 0.0, ""nstres"": 0.4516130685806274}",0.0,0.4516130685806274,1968.2942199707031,0.0,0.9200540781021118,0.0,,0.0,0.0,0.0,0.0,22.76287384033203,22.76287384033203,Leave_One_experiments/all_year_offline_schedule_search/daily_outputs/FQA/FQA_2017_FQA2017_stress_grid_S0001_daily.csv
FQA,FQA,Fengqiu,2017,Leave_One_experiments\wth_generated_qc\FQA\FQA2017.WTH,normal_year;water_stress_year;nitrogen_stress_year,water_stress,FQA2017_stress_grid_S0001,low_input_within_10pct_yield,2017-08-02,214,58,53,"{""sim_day"": 58.0, ""doy"": 214.0, ""topwt"": 2043.690185546875, ""grnwt"": 0.0, ""xlai"": 0.905864417552948, ""totir"": 0.0, ""tofer"": NaN, ""swfac"": 0.0, ""nstres"": 0.452369749546051}",0.0,0.452369749546051,2043.690185546875,0.0,0.905864417552948,0.0,,0.0,0.0,0.0,0.0,22.76287384033203,22.76287384033203,Leave_One_experiments/all_year_offline_schedule_search/daily_outputs/FQA/FQA_2017_FQA2017_stress_grid_S0001_daily.csv
FQA,FQA,Fengqiu,2017,Leave_One_experiments\wth_generated_qc\FQA\FQA2017.WTH,normal_year;water_stress_year;nitrogen_stress_year,water_stress,FQA2017_stress_grid_S0001,low_input_within_10pct_yield,2017-08-03,215,59,54,"{""sim_day"": 59.0, ""doy"": 215.0, ""topwt"": 2121.943817138672, ""grnwt"": 0.0, ""xlai"": 0.8930339813232422, ""totir"": 0.0, ""tofer"": NaN, ""swfac"": 0.0, ""nstres"": 0.4482463598251343}",0.0,0.4482463598251343,2121.943817138672,0.0,0.8930339813232422,0.0,,0.0,0.0,0.0,0.0,22.76287384033203,22.76287384033203,Leave_One_experiments/all_year_offline_schedule_search/daily_outputs/FQA/FQA_2017_FQA2017_stress_grid_S0001_daily.csv
FQA,FQA,Fengqiu,2017,Leave_One_experiments\wth_generated_qc\FQA\FQA2017.WTH,normal_year;water_stress_year;nitrogen_stress_year,water_stress,FQA2017_stress_grid_S0001,low_input_within_10pct_yield,2017-08-04,216,60,55,"{""sim_day"": 60.0, ""doy"": 216.0, ""topwt"": 2200.363311767578, ""grnwt"": 0.0, ""xlai"": 0.8808557391166687, ""totir"": 0.0, ""tofer"": NaN, ""swfac"": 0.0, ""nstres"": 0.4437359571456909}",0.0,0.4437359571456909,2200.363311767578,0.0,0.8808557391166687,0.0,,0.0,0.0,0.0,0.0,22.76287384033203,22.76287384033203,Leave_One_experiments/all_year_offline_schedule_search/daily_outputs/FQA/FQA_2017_FQA2017_stress_grid_S0001_daily.csv
FQA,FQA,Fengqiu,2017,Leave_One_experiments\wth_generated_qc\FQA\FQA2017.WTH,normal_year;water_stress_year;nitrogen_stress_year,water_stress,FQA2017_stress_grid_S0001,low_input_within_10pct_yield,2017-08-05,217,61,56,"{""sim_day"": 61.0, ""doy"": 217.0, ""topwt"": 2283.451538085937, ""grnwt"": 0.0, ""xlai"": 0.8706150054931641, ""totir"": 0.0, ""tofer"": NaN, ""swfac"": 0.0, ""nstres"": 0.4340090155601501}",0.0,0.4340090155601501,2283.451538085937,0.0,0.8706150054931641,0.0,,0.0,0.0,0.0,0.0,22.76287384033203,22.76287384033203,Leave_One_experiments/all_year_offline_schedule_search/daily_outputs/FQA/FQA_2017_FQA2017_stress_grid_S0001_daily.csv
FQA,FQA,Fengqiu,2017,Leave_One_experiments\wth_generated_qc\FQA\FQA2017.WTH,normal_year;water_stress_year;nitrogen_stress_year,water_stress,FQA2017_stress_grid_S0001,low_input_within_10pct_yield,2017-08-06,218,62,57,"{""sim_day"": 62.0, ""doy"": 218.0, ""topwt"": 2318.9878845214844, ""grnwt"": 0.0, ""xlai"": 0.8409382700920105, ""totir"": 0.0, ""tofer"": NaN, ""swfac"": 0.0, ""nstres"": 0.4180901646614074}",0.0,0.4180901646614074,2318.9878845214844,0.0,0.8409382700920105,0.0,,0.0,0.0,0.0,0.0,22.76287384033203,22.76287384033203,Leave_One_experiments/all_year_offline_schedule_search/daily_outputs/FQA/FQA_2017_FQA2017_stress_grid_S0001_daily.csv
FQA,FQA,Fengqiu,2017,Leave_One_experiments\wth_generated_qc\FQA\FQA2017.WTH,normal_year;water_stress_year;nitrogen_stress_year,water_stress,FQA2017_stress_grid_S0001,low_input_within_10pct_yield,2017-08-07,219,63,58,"{""sim_day"": 63.0, ""doy"": 219.0, ""topwt"": 2435.513000488281, ""grnwt"": 0.0, ""xlai"": 0.8132191300392151, ""totir"": 0.0, ""tofer"": NaN, ""swfac"": 0.0, ""nstres"": 0.3910930752754211}",0.0,0.3910930752754211,2435.513000488281,0.0,0.8132191300392151,0.0,,0.0,0.0,0.0,0.0,22.76287384033203,22.76287384033203,Leave_One_experiments/all_year_offline_schedule_search/daily_outputs/FQA/FQA_2017_FQA2017_stress_grid_S0001_daily.csv
FQA,FQA,Fengqiu,2017,Leave_One_experiments\wth_generated_qc\FQA\FQA2017.WTH,normal_year;water_stress_year;nitrogen_stress_year,water_stress,FQA2017_stress_grid_S0001,low_input_within_10pct_yield,2017-08-08,220,64,59,"{""sim_day"": 64.0, ""doy"": 220.0, ""topwt"": 2537.6364135742188, ""grnwt"": 0.0, ""xlai"": 0.787230908870697, ""totir"": 0.0, ""tofer"": NaN, ""swfac"": 0.0, ""nstres"": 0.3669719696044922}",0.0,0.3669719696044922,2537.6364135742188,0.0,0.787230908870697,0.0,,0.0,0.0,0.0,0.0,22.76287384033203,22.76287384033203,Leave_One_experiments/all_year_offline_schedule_search/daily_outputs/FQA/FQA_2017_FQA2017_stress_grid_S0001_daily.csv
FQA,FQA,Fengqiu,2017,Leave_One_experiments\wth_generated_qc\FQA\FQA2017.WTH,normal_year;water_stress_year;nitrogen_stress_year,water_stress,FQA2017_stress_grid_S0001,low_input_within_10pct_yield,2017-08-09,221,65,60,"{""sim_day"": 65.0, ""doy"": 221.0, ""topwt"": 2652.6107788085938, ""grnwt"": 0.0, ""xlai"": 0.7620839476585388, ""totir"": 0.0, ""tofer"": NaN, ""swfac"": 0.0, ""nstres"": 0.3666452765464782}",0.0,0.3666452765464782,2652.6107788085938,0.0,0.7620839476585388,0.0,,0.0,0.0,0.0,0.0,22.76287384033203,22.76287384033203,Leave_One_experiments/all_year_offline_schedule_search/daily_outputs/FQA/FQA_2017_FQA2017_stress_grid_S0001_daily.csv
FQA,FQA,Fengqiu,2017,Leave_One_experiments\wth_generated_qc\FQA\FQA2017.WTH,normal_year;water_stress_year;nitrogen_stress_year,water_stress,FQA2017_stress_grid_S0001,low_input_within_10pct_yield,2017-08-10,222,66,61,"{""sim_day"": 66.0, ""doy"": 222.0, ""topwt"": 2740.4116821289062, ""grnwt"": 0.0, ""xlai"": 0.7379693984985352, ""totir"": 0.0, ""tofer"": NaN, ""swfac"": 0.0, ""nstres"": 0.3594297170639038}",0.0,0.3594297170639038,2740.4116821289062,0.0,0.7379693984985352,0.0,,0.0,0.0,0.0,0.0,22.76287384033203,22.76287384033203,Leave_One_experiments/all_year_offline_schedule_search/daily_outputs/FQA/FQA_2017_FQA2017_stress_grid_S0001_daily.csv
FQA,FQA,Fengqiu,2017,Leave_One_experiments\wth_generated_qc\FQA\FQA2017.WTH,normal_year;water_stress_year;nitrogen_stress_year,water_stress,FQA2017_stress_grid_S0001,low_input_within_10pct_yield,2017-08-11,223,67,62,"{""sim_day"": 67.0, ""doy"": 223.0, ""topwt"": 2787.8433227539062, ""grnwt"": 0.0, ""xlai"": 0.714743435382843, ""totir"": 0.0, ""tofer"": NaN, ""swfac"": 0.0, ""nstres"": 0.3553478121757507}",0.0,0.3553478121757507,2787.8433227539062,0.0,0.714743435382843,0.0,,0.0,0.0,0.0,0.0,22.76287384033203,22.76287384033203,Leave_One_experiments/all_year_offline_schedule_search/daily_outputs/FQA/FQA_2017_FQA2017_stress_grid_S0001_daily.csv
FQA,FQA,Fengqiu,2017,Leave_One_experiments\wth_generated_qc\FQA\FQA2017.WTH,normal_year;water_stress_year;nitrogen_stress_year,water_stress,FQA2017_stress_grid_S0001,low_input_within_10pct_yield,2017-08-12,224,68,63,"{""sim_day"": 68.0, ""doy"": 224.0, ""topwt"": 2875.6222534179688, ""grnwt"": 0.0, ""xlai"": 0.692661702632904, ""totir"": 0.0, ""tofer"": NaN, ""swfac"": 0.0, ""nstres"": 0.3414722681045532}",0.0,0.3414722681045532,2875.6222534179688,0.0,0.692661702632904,0.0,,0.0,0.0,0.0,0.0,22.76287384033203,22.76287384033203,Leave_One_experiments/all_year_offline_schedule_search/daily_outputs/FQA/FQA_2017_FQA2017_stress_grid_S0001_daily.csv
FQA,FQA,Fengqiu,2017,Leave_One_experiments\wth_generated_qc\FQA\FQA2017.WTH,normal_year;water_stress_year;nitrogen_stress_year,water_stress,FQA2017_stress_grid_S0001,low_input_within_10pct_yield,2017-08-13,225,69,64,"{""sim_day"": 69.0, ""doy"": 225.0, ""topwt"": 2958.7310791015625, ""grnwt"": 0.0, ""xlai"": 0.6719360947608948, ""totir"": 0.0, ""tofer"": NaN, ""swfac"": 0.0, ""nstres"": 0.318118691444397}",0.0,0.318118691444397,2958.7310791015625,0.0,0.6719360947608948,0.0,,0.0,0.0,0.0,0.0,22.76287384033203,22.76287384033203,Leave_One_experiments/all_year_offline_schedule_search/daily_outputs/FQA/FQA_2017_FQA2017_stress_grid_S0001_daily.csv
FQA,FQA,Fengqiu,2017,Leave_One_experiments\wth_generated_qc\FQA\FQA2017.WTH,normal_year;water_stress_year;nitrogen_stress_year,water_stress,FQA2017_stress_grid_S0001,low_input_within_10pct_yield,2017-08-14,226,70,65,"{""sim_day"": 70.0, ""doy"": 226.0, ""topwt"": 3040.7565307617188, ""grnwt"": 0.0, ""xlai"": 0.6522376537322998, ""totir"": 0.0, ""tofer"": NaN, ""swfac"": 0.0, ""nstres"": 0.3035837411880493}",0.0,0.3035837411880493,3040.7565307617188,0.0,0.6522376537322998,0.0,,0.0,0.0,0.0,0.0,22.76287384033203,22.76287384033203,Leave_One_experiments/all_year_offline_schedule_search/daily_outputs/FQA/FQA_2017_FQA2017_stress_grid_S0001_daily.csv
FQA,FQA,Fengqiu,2017,Leave_One_experiments\wth_generated_qc\FQA\FQA2017.WTH,normal_year;water_stress_year;nitrogen_stress_year,water_stress,FQA2017_stress_grid_S0001,low_input_within_10pct_yield,2017-08-15,227,71,66,"{""sim_day"": 71.0, ""doy"": 227.0, ""topwt"": 3158.848876953125, ""grnwt"": 204.64933395385745, ""xlai"": 0.633596658706665, ""totir"": 0.0, ""tofer"": NaN, ""swfac"": 0.0, ""nstres"": 0.2859231829643249}",0.0,0.2859231829643249,3158.848876953125,204.64933395385745,0.633596658706665,0.0,,0.0,0.0,0.0,0.0,22.76287384033203,22.76287384033203,Leave_One_experiments/all_year_offline_schedule_search/daily_outputs/FQA/FQA_2017_FQA2017_stress_grid_S0001_daily.csv
FQA,FQA,Fengqiu,2017,Leave_One_experiments\wth_generated_qc\FQA\FQA2017.WTH,normal_year;water_stress_year;nitrogen_stress_year,water_stress,FQA2017_stress_grid_S0001,low_input_within_10pct_yield,2017-08-16,228,72,67,"{""sim_day"": 72.0, ""doy"": 228.0, ""topwt"": 3243.578491210937, ""grnwt"": 279.8166275024414, ""xlai"": 0.6137003898620605, ""totir"": 0.0, ""tofer"": NaN, ""swfac"": 0.0, ""nstres"": 0.3536509871482849}",0.0,0.3536509871482849,3243.578491210937,279.8166275024414,0.6137003898620605,0.0,,0.0,0.0,0.0,0.0,22.76287384033203,22.76287384033203,Leave_One_experiments/all_year_offline_schedule_search/daily_outputs/FQA/FQA_2017_FQA2017_stress_grid_S0001_daily.csv
FQA,FQA,Fengqiu,2017,Leave_One_experiments\wth_generated_qc\FQA\FQA2017.WTH,normal_year;water_stress_year;nitrogen_stress_year,water_stress,FQA2017_stress_grid_S0001,low_input_within_10pct_yield,2017-08-17,229,73,68,"{""sim_day"": 73.0, ""doy"": 229.0, ""topwt"": 3323.64990234375, ""grnwt"": 355.5711364746094, ""xlai"": 0.5954118967056274, ""totir"": 0.0, ""tofer"": NaN, ""swfac"": 0.0, ""nstres"": 0.3152061700820923}",0.0,0.3152061700820923,3323.64990234375,355.5711364746094,0.5954118967056274,0.0,,0.0,0.0,0.0,0.0,22.76287384033203,22.76287384033203,Leave_One_experiments/all_year_offline_schedule_search/daily_outputs/FQA/FQA_2017_FQA2017_stress_grid_S0001_daily.csv
FQA,FQA,Fengqiu,2017,Leave_One_experiments\wth_generated_qc\FQA\FQA2017.WTH,normal_year;water_stress_year;nitrogen_stress_year,water_stress,FQA2017_stress_grid_S0001,low_input_within_10pct_yield,2017-08-18,230,74,69,"{""sim_day"": 74.0, ""doy"": 230.0, ""topwt"": 3365.0076293945312, ""grnwt"": 449.5302200317383, ""xlai"": 0.5776440501213074, ""totir"": 0.0, ""tofer"": NaN, ""swfac"": 0.0, ""nstres"": 0.3161901831626892}",0.0,0.3161901831626892,3365.0076293945312,449.5302200317383,0.5776440501213074,0.0,,0.0,0.0,0.0,0.0,22.76287384033203,22.76287384033203,Leave_One_experiments/all_year_offline_schedule_search/daily_outputs/FQA/FQA_2017_FQA2017_stress_grid_S0001_daily.csv
FQA,FQA,Fengqiu,2017,Leave_One_experiments\wth_generated_qc\FQA\FQA2017.WTH,normal_year;water_stress_year;nitrogen_stress_year,water_stress,FQA2017_stress_grid_S0001,low_input_within_10pct_yield,2017-08-19,231,75,70,"{""sim_day"": 75.0, ""doy"": 231.0, ""topwt"": 3450.854797363281, ""grnwt"": 543.4893035888672, ""xlai"": 0.5603019595146179, ""totir"": 0.0, ""tofer"": NaN, ""swfac"": 0.0, ""nstres"": 0.3205286264419555}",0.0,0.3205286264419555,3450.854797363281,543.4893035888672,0.5603019595146179,0.0,,0.0,0.0,0.0,0.0,22.76287384033203,22.76287384033203,Leave_One_experiments/all_year_offline_schedule_search/daily_outputs/FQA/FQA_2017_FQA2017_stress_grid_S0001_daily.csv
FQA,FQA,Fengqiu,2017,Leave_One_experiments\wth_generated_qc\FQA\FQA2017.WTH,normal_year;water_stress_year;nitrogen_stress_year,water_stress,FQA2017_stress_grid_S0001,low_input_within_10pct_yield,2017-08-20,232,76,71,"{""sim_day"": 76.0, ""doy"": 232.0, ""topwt"": 3546.4334106445312, ""grnwt"": 637.4483871459961, ""xlai"": 0.5438870787620544, ""totir"": 0.0, ""tofer"": NaN, ""swfac"": 0.0, ""nstres"": 0.303114116191864}",0.0,0.303114116191864,3546.4334106445312,637.4483871459961,0.5438870787620544,0.0,,0.0,0.0,0.0,0.0,22.76287384033203,22.76287384033203,Leave_One_experiments/all_year_offline_schedule_search/daily_outputs/FQA/FQA_2017_FQA2017_stress_grid_S0001_daily.csv
FQA,FQA,Fengqiu,2017,Leave_One_experiments\wth_generated_qc\FQA\FQA2017.WTH,normal_year;water_stress_year;nitrogen_stress_year,water_stress,FQA2017_stress_grid_S0001,low_input_within_10pct_yield,2017-08-21,233,77,72,"{""sim_day"": 77.0, ""doy"": 233.0, ""topwt"": 3634.0191650390634, ""grnwt"": 720.2497863769531, ""xlai"": 0.5279239416122437, ""totir"": 0.0, ""tofer"": NaN, ""swfac"": 0.0, ""nstres"": 0.3044044971466064}",0.0,0.3044044971466064,3634.0191650390634,720.2497863769531,0.5279239416122437,0.0,,0.0,0.0,0.0,0.0,22.76287384033203,22.76287384033203,Leave_One_experiments/all_year_offline_schedule_search/daily_outputs/FQA/FQA_2017_FQA2017_stress_grid_S0001_daily.csv
FQA,FQA,Fengqiu,2017,Leave_One_experiments\wth_generated_qc\FQA\FQA2017.WTH,normal_year;water_stress_year;nitrogen_stress_year,water_stress,FQA2017_stress_grid_S0001,low_input_within_10pct_yield,2017-08-22,234,78,73,"{""sim_day"": 78.0, ""doy"": 234.0, ""topwt"": 3712.5921630859375, ""grnwt"": 787.7828979492188, ""xlai"": 0.5124198794364929, ""totir"": 0.0, ""tofer"": NaN, ""swfac"": 0.0, ""nstres"": 0.3048300743103027}",0.0,0.3048300743103027,3712.5921630859375,787.7828979492188,0.5124198794364929,0.0,,0.0,0.0,0.0,0.0,22.76287384033203,22.76287384033203,Leave_One_experiments/all_year_offline_schedule_search/daily_outputs/FQA/FQA_2017_FQA2017_stress_grid_S0001_daily.csv
FQA,FQA,Fengqiu,2017,Leave_One_experiments\wth_generated_qc\FQA\FQA2017.WTH,normal_year;water_stress_year;nitrogen_stress_year,water_stress,FQA2017_stress_grid_S0001,low_input_within_10pct_yield,2017-08-23,235,79,74,"{""sim_day"": 79.0, ""doy"": 235.0, ""topwt"": 3800.238342285156, ""grnwt"": 861.1884307861328, ""xlai"": 0.4974428713321686, ""totir"": 0.0, ""tofer"": NaN, ""swfac"": 0.0, ""nstres"": 0.3014720678329468}",0.0,0.3014720678329468,3800.238342285156,861.1884307861328,0.4974428713321686,0.0,,0.0,0.0,0.0,0.0,22.76287384033203,22.76287384033203,Leave_One_experiments/all_year_offline_schedule_search/daily_outputs/FQA/FQA_2017_FQA2017_stress_grid_S0001_daily.csv
FQA,FQA,Fengqiu,2017,Leave_One_experiments\wth_generated_qc\FQA\FQA2017.WTH,normal_year;water_stress_year;nitrogen_stress_year,water_stress,FQA2017_stress_grid_S0001,low_input_within_10pct_yield,2017-08-24,236,80,75,"{""sim_day"": 80.0, ""doy"": 236.0, ""topwt"": 3815.5148315429688, ""grnwt"": 955.1474761962892, ""xlai"": 0.4827673733234405, ""totir"": 0.0, ""tofer"": NaN, ""swfac"": 0.0, ""nstres"": 0.3080423474311828}",0.0,0.3080423474311828,3815.5148315429688,955.1474761962892,0.4827673733234405,0.0,,0.0,0.0,0.0,0.0,22.76287384033203,22.76287384033203,Leave_One_experiments/all_year_offline_schedule_search/daily_outputs/FQA/FQA_2017_FQA2017_stress_grid_S0001_daily.csv
FQA,FQA,Fengqiu,2017,Leave_One_experiments\wth_generated_qc\FQA\FQA2017.WTH,normal_year;water_stress_year;nitrogen_stress_year,water_stress,FQA2017_stress_grid_S0001,low_input_within_10pct_yield,2017-08-25,237,81,76,"{""sim_day"": 81.0, ""doy"": 237.0, ""topwt"": 3855.936584472656, ""grnwt"": 1049.1065216064453, ""xlai"": 0.4682036936283111, ""totir"": 0.0, ""tofer"": NaN, ""swfac"": 0.0, ""nstres"": 0.3240086436271667}",0.0,0.3240086436271667,3855.936584472656,1049.1065216064453,0.4682036936283111,0.0,,0.0,0.0,0.0,0.0,22.76287384033203,22.76287384033203,Leave_One_experiments/all_year_offline_schedule_search/daily_outputs/FQA/FQA_2017_FQA2017_stress_grid_S0001_daily.csv
FQA,FQA,Fengqiu,2017,Leave_One_experiments\wth_generated_qc\FQA\FQA2017.WTH,normal_year;water_stress_year;nitrogen_stress_year,water_stress,FQA2017_stress_grid_S0001,low_input_within_10pct_yield,2017-08-26,238,82,77,"{""sim_day"": 82.0, ""doy"": 238.0, ""topwt"": 3900.9060668945312, ""grnwt"": 1143.0655670166016, ""xlai"": 0.454580157995224, ""totir"": 0.0, ""tofer"": NaN, ""swfac"": 0.0, ""nstres"": 0.298339307308197}",0.0,0.298339307308197,3900.9060668945312,1143.0655670166016,0.454580157995224,0.0,,0.0,0.0,0.0,0.0,22.76287384033203,22.76287384033203,Leave_One_experiments/all_year_offline_schedule_search/daily_outputs/FQA/FQA_2017_FQA2017_stress_grid_S0001_daily.csv
FQA,FQA,Fengqiu,2017,Leave_One_experiments\wth_generated_qc\FQA\FQA2017.WTH,normal_year;water_stress_year;nitrogen_stress_year,water_stress,FQA2017_stress_grid_S0001,low_input_within_10pct_yield,2017-08-27,239,83,78,"{""sim_day"": 83.0, ""doy"": 239.0, ""topwt"": 3952.5942993164062, ""grnwt"": 1237.0246124267578, ""xlai"": 0.4415249824523926, ""totir"": 0.0, ""tofer"": NaN, ""swfac"": 0.0, ""nstres"": 0.2892600297927856}",0.0,0.2892600297927856,3952.5942993164062,1237.0246124267578,0.4415249824523926,0.0,,0.0,0.0,0.0,0.0,22.76287384033203,22.76287384033203,Leave_One_experiments/all_year_offline_schedule_search/daily_outputs/FQA/FQA_2017_FQA2017_stress_grid_S0001_daily.csv
FQA,FQA,Fengqiu,2017,Leave_One_experiments\wth_generated_qc\FQA\FQA2017.WTH,normal_year;water_stress_year;nitrogen_stress_year,water_stress,FQA2017_stress_grid_S0001,low_input_within_10pct_yield,2017-08-28,240,84,79,"{""sim_day"": 84.0, ""doy"": 240.0, ""topwt"": 3964.432678222656, ""grnwt"": 1330.9837341308594, ""xlai"": 0.4288697242736816, ""totir"": 0.0, ""tofer"": NaN, ""swfac"": 0.0, ""nstres"": 0.2879016399383545}",0.0,0.2879016399383545,3964.432678222656,1330.9837341308594,0.4288697242736816,0.0,,0.0,0.0,0.0,0.0,22.76287384033203,22.76287384033203,Leave_One_experiments/all_year_offline_schedule_search/daily_outputs/FQA/FQA_2017_FQA2017_stress_grid_S0001_daily.csv
FQA,FQA,Fengqiu,2017,Leave_One_experiments\wth_generated_qc\FQA\FQA2017.WTH,normal_year;water_stress_year;nitrogen_stress_year,water_stress,FQA2017_stress_grid_S0001,low_input_within_10pct_yield,2017-08-29,241,85,80,"{""sim_day"": 85.0, ""doy"": 241.0, ""topwt"": 3980.987854003906, ""grnwt"": 1424.9427795410156, ""xlai"": 0.4165814220905304, ""totir"": 0.0, ""tofer"": NaN, ""swfac"": 0.0, ""nstres"": 0.2876638770103454}",0.0,0.2876638770103454,3980.987854003906,1424.9427795410156,0.4165814220905304,0.0,,0.0,0.0,0.0,0.0,22.76287384033203,22.76287384033203,Leave_One_experiments/all_year_offline_schedule_search/daily_outputs/FQA/FQA_2017_FQA2017_stress_grid_S0001_daily.csv
FQA,FQA,Fengqiu,2017,Leave_One_experiments\wth_generated_qc\FQA\FQA2017.WTH,normal_year;water_stress_year;nitrogen_stress_year,water_stress,FQA2017_stress_grid_S0001,low_input_within_10pct_yield,2017-08-30,242,86,81,"{""sim_day"": 86.0, ""doy"": 242.0, ""topwt"": 4026.2924194335938, ""grnwt"": 1518.901824951172, ""xlai"": 0.4050326943397522, ""totir"": 0.0, ""tofer"": NaN, ""swfac"": 0.0, ""nstres"": 0.2653424739837646}",0.0,0.2653424739837646,4026.2924194335938,1518.901824951172,0.4050326943397522,0.0,,0.0,0.0,0.0,0.0,22.76287384033203,22.76287384033203,Leave_One_experiments/all_year_offline_schedule_search/daily_outputs/FQA/FQA_2017_FQA2017_stress_grid_S0001_daily.csv
FQA,FQA,Fengqiu,2017,Leave_One_experiments\wth_generated_qc\FQA\FQA2017.WTH,normal_year;water_stress_year;nitrogen_stress_year,water_stress,FQA2017_stress_grid_S0001,low_input_within_10pct_yield,2017-08-31,243,87,82,"{""sim_day"": 87.0, ""doy"": 243.0, ""topwt"": 4100.260314941406, ""grnwt"": 1612.860870361328, ""xlai"": 0.3939801752567291, ""totir"": 0.0, ""tofer"": NaN, ""swfac"": 0.0, ""nstres"": 0.2549138069152832}",0.0,0.2549138069152832,4100.260314941406,1612.860870361328,0.3939801752567291,0.0,,0.0,0.0,0.0,0.0,22.76287384033203,22.76287384033203,Leave_One_experiments/all_year_offline_schedule_search/daily_outputs/FQA/FQA_2017_FQA2017_stress_grid_S0001_daily.csv
FQA,FQA,Fengqiu,2017,Leave_One_experiments\wth_generated_qc\FQA\FQA2017.WTH,normal_year;water_stress_year;nitrogen_stress_year,water_stress,FQA2017_stress_grid_S0001,low_input_within_10pct_yield,2017-09-01,244,88,83,"{""sim_day"": 88.0, ""doy"": 244.0, ""topwt"": 4154.62890625, ""grnwt"": 1706.8199157714844, ""xlai"": 0.3830894529819488, ""totir"": 0.0, ""tofer"": NaN, ""swfac"": 0.0, ""nstres"": 0.2634260654449463}",0.0,0.2634260654449463,4154.62890625,1706.8199157714844,0.3830894529819488,0.0,,0.0,0.0,0.0,0.0,22.76287384033203,22.76287384033203,Leave_One_experiments/all_year_offline_schedule_search/daily_outputs/FQA/FQA_2017_FQA2017_stress_grid_S0001_daily.csv
FQA,FQA,Fengqiu,2017,Leave_One_experiments\wth_generated_qc\FQA\FQA2017.WTH,normal_year;water_stress_year;nitrogen_stress_year,water_stress,FQA2017_stress_grid_S0001,low_input_within_10pct_yield,2017-09-02,245,89,84,"{""sim_day"": 89.0, ""doy"": 245.0, ""topwt"": 4179.199523925781, ""grnwt"": 1800.7789611816406, ""xlai"": 0.3720164000988006, ""totir"": 0.0, ""tofer"": NaN, ""swfac"": 0.0, ""nstres"": 0.2937100529670715}",0.0,0.2937100529670715,4179.199523925781,1800.7789611816406,0.3720164000988006,0.0,,0.0,0.0,0.0,0.0,22.76287384033203,22.76287384033203,Leave_One_experiments/all_year_offline_schedule_search/daily_outputs/FQA/FQA_2017_FQA2017_stress_grid_S0001_daily.csv
FQA,FQA,Fengqiu,2017,Leave_One_experiments\wth_generated_qc\FQA\FQA2017.WTH,normal_year;water_stress_year;nitrogen_stress_year,water_stress,FQA2017_stress_grid_S0001,low_input_within_10pct_yield,2017-09-03,246,90,85,"{""sim_day"": 90.0, ""doy"": 246.0, ""topwt"": 4196.989440917969, ""grnwt"": 1894.7380065917969, ""xlai"": 0.3610094487667084, ""totir"": 0.0, ""tofer"": NaN, ""swfac"": 0.0, ""nstres"": 0.3100942373275757}",0.0,0.3100942373275757,4196.989440917969,1894.7380065917969,0.3610094487667084,0.0,,0.0,0.0,0.0,0.0,22.76287384033203,22.76287384033203,Leave_One_experiments/all_year_offline_schedule_search/daily_outputs/FQA/FQA_2017_FQA2017_stress_grid_S0001_daily.csv
FQA,FQA,Fengqiu,2017,Leave_One_experiments\wth_generated_qc\FQA\FQA2017.WTH,normal_year;water_stress_year;nitrogen_stress_year,water_stress,FQA2017_stress_grid_S0001,low_input_within_10pct_yield,2017-09-04,247,91,86,"{""sim_day"": 91.0, ""doy"": 247.0, ""topwt"": 4228.322143554688, ""grnwt"": 1988.697052001953, ""xlai"": 0.3504600524902344, ""totir"": 0.0, ""tofer"": NaN, ""swfac"": 0.0, ""nstres"": 0.3013283014297485}",0.0,0.3013283014297485,4228.322143554688,1988.697052001953,0.3504600524902344,0.0,,0.0,0.0,0.0,0.0,22.76287384033203,22.76287384033203,Leave_One_experiments/all_year_offline_schedule_search/daily_outputs/FQA/FQA_2017_FQA2017_stress_grid_S0001_daily.csv
FQA,FQA,Fengqiu,2017,Leave_One_experiments\wth_generated_qc\FQA\FQA2017.WTH,normal_year;water_stress_year;nitrogen_stress_year,water_stress,FQA2017_stress_grid_S0001,low_input_within_10pct_yield,2017-09-05,248,92,87,"{""sim_day"": 92.0, ""doy"": 248.0, ""topwt"": 4275.8740234375, ""grnwt"": 2045.0617980957031, ""xlai"": 0.3404583930969238, ""totir"": 0.0, ""tofer"": NaN, ""swfac"": 0.0, ""nstres"": 0.2849274277687073}",0.0,0.2849274277687073,4275.8740234375,2045.0617980957031,0.3404583930969238,0.0,,0.0,0.0,0.0,0.0,22.76287384033203,22.76287384033203,Leave_One_experiments/all_year_offline_schedule_search/daily_outputs/FQA/FQA_2017_FQA2017_stress_grid_S0001_daily.csv
FQA,FQA,Fengqiu,2017,Leave_One_experiments\wth_generated_qc\FQA\FQA2017.WTH,normal_year;water_stress_year;nitrogen_stress_year,water_stress,FQA2017_stress_grid_S0001,low_input_within_10pct_yield,2017-09-06,249,93,88,"{""sim_day"": 93.0, ""doy"": 249.0, ""topwt"": 4351.062927246094, ""grnwt"": 2120.2508544921875, ""xlai"": 0.3314315378665924, ""totir"": 0.0, ""tofer"": NaN, ""swfac"": 0.0, ""nstres"": 0.2363345623016357}",0.0,0.2363345623016357,4351.062927246094,2120.2508544921875,0.3314315378665924,0.0,,0.0,0.0,0.0,0.0,22.76287384033203,22.76287384033203,Leave_One_experiments/all_year_offline_schedule_search/daily_outputs/FQA/FQA_2017_FQA2017_stress_grid_S0001_daily.csv
FQA,FQA,Fengqiu,2017,Leave_One_experiments\wth_generated_qc\FQA\FQA2017.WTH,normal_year;water_stress_year;nitrogen_stress_year,water_stress,FQA2017_stress_grid_S0001,low_input_within_10pct_yield,2017-09-07,250,94,89,"{""sim_day"": 94.0, ""doy"": 250.0, ""topwt"": 4402.495727539063, ""grnwt"": 2171.683654785156, ""xlai"": 0.3223320245742798, ""totir"": 0.0, ""tofer"": NaN, ""swfac"": 0.0, ""nstres"": 0.2589256167411804}",0.0,0.2589256167411804,4402.495727539063,2171.683654785156,0.3223320245742798,0.0,,0.0,0.0,0.0,0.0,22.76287384033203,22.76287384033203,Leave_One_experiments/all_year_offline_schedule_search/daily_outputs/FQA/FQA_2017_FQA2017_stress_grid_S0001_daily.csv
FQA,FQA,Fengqiu,2017,Leave_One_experiments\wth_generated_qc\FQA\FQA2017.WTH,normal_year;water_stress_year;nitrogen_stress_year,water_stress,FQA2017_stress_grid_S0001,low_input_within_10pct_yield,2017-09-08,251,95,90,"{""sim_day"": 95.0, ""doy"": 251.0, ""topwt"": 4422.090759277344, ""grnwt"": 2191.278839111328, ""xlai"": 0.3134638667106628, ""totir"": 0.0, ""tofer"": NaN, ""swfac"": 0.0, ""nstres"": 0.2602977752685547}",0.0,0.2602977752685547,4422.090759277344,2191.278839111328,0.3134638667106628,0.0,,0.0,0.0,0.0,0.0,22.76287384033203,22.76287384033203,Leave_One_experiments/all_year_offline_schedule_search/daily_outputs/FQA/FQA_2017_FQA2017_stress_grid_S0001_daily.csv
FQA,FQA,Fengqiu,2017,Leave_One_experiments\wth_generated_qc\FQA\FQA2017.WTH,normal_year;water_stress_year;nitrogen_stress_year,water_stress,FQA2017_stress_grid_S0001,low_input_within_10pct_yield,2017-09-09,252,96,91,"{""sim_day"": 96.0, ""doy"": 252.0, ""topwt"": 4437.402648925781, ""grnwt"": 2206.590881347656, ""xlai"": 0.3053379952907562, ""totir"": 0.0, ""tofer"": NaN, ""swfac"": 0.0, ""nstres"": 0.2221453189849853}",0.0,0.2221453189849853,4437.402648925781,2206.590881347656,0.3053379952907562,0.0,,0.0,0.0,0.0,0.0,22.76287384033203,22.76287384033203,Leave_One_experiments/all_year_offline_schedule_search/daily_outputs/FQA/FQA_2017_FQA2017_stress_grid_S0001_daily.csv
FQA,FQA,Fengqiu,2017,Leave_One_experiments\wth_generated_qc\FQA\FQA2017.WTH,normal_year;water_stress_year;nitrogen_stress_year,water_stress,FQA2017_stress_grid_S0001,low_input_within_10pct_yield,2017-09-10,253,97,92,"{""sim_day"": 97.0, ""doy"": 253.0, ""topwt"": 4507.099304199219, ""grnwt"": 2276.287384033203, ""xlai"": 0.2980613112449646, ""totir"": 0.0, ""tofer"": NaN, ""swfac"": 0.0, ""nstres"": 0.1906524300575256}",0.0,0.1906524300575256,4507.099304199219,2276.287384033203,0.2980613112449646,0.0,,0.0,0.0,0.0,0.0,22.76287384033203,22.76287384033203,Leave_One_experiments/all_year_offline_schedule_search/daily_outputs/FQA/FQA_2017_FQA2017_stress_grid_S0001_daily.csv
FQA,FQA,Fengqiu,2017,Leave_One_experiments\wth_generated_qc\FQA\FQA2017.WTH,normal_year;water_stress_year;nitrogen_stress_year,water_stress,FQA2017_stress_grid_S0001,low_input_within_10pct_yield,2017-09-11,254,98,93,"{""sim_day"": 98.0, ""doy"": 254.0, ""topwt"": 4507.099304199219, ""grnwt"": 2276.287384033203, ""xlai"": 0.2980613112449646, ""totir"": 0.0, ""tofer"": NaN, ""swfac"": 0.0, ""nstres"": 0.2048926353454589}",0.0,0.2048926353454589,4507.099304199219,2276.287384033203,0.2980613112449646,0.0,,0.0,0.0,0.0,0.0,22.76287384033203,22.76287384033203,Leave_One_experiments/all_year_offline_schedule_search/daily_outputs/FQA/FQA_2017_FQA2017_stress_grid_S0001_daily.csv
FQA,FQA,Fengqiu,2017,Leave_One_experiments\wth_generated_qc\FQA\FQA2017.WTH,normal_year;water_stress_year;nitrogen_stress_year,water_stress,FQA2017_stress_grid_S0001,low_input_within_10pct_yield,2017-09-12,255,99,94,"{""sim_day"": 99.0, ""doy"": 255.0, ""topwt"": 4507.099304199219, ""grnwt"": 2276.287384033203, ""xlai"": 0.2980613112449646, ""totir"": 0.0, ""tofer"": NaN, ""swfac"": 0.0, ""nstres"": 0.2048926353454589}",0.0,0.2048926353454589,4507.099304199219,2276.287384033203,0.2980613112449646,0.0,,0.0,0.0,0.0,0.0,22.76287384033203,22.76287384033203,Leave_One_experiments/all_year_offline_schedule_search/daily_outputs/FQA/FQA_2017_FQA2017_stress_grid_S0001_daily.csv
FQA,FQA,Fengqiu,2017,Leave_One_experiments\wth_generated_qc\FQA\FQA2017.WTH,normal_year;water_stress_year;nitrogen_stress_year,water_stress,FQA2017_stress_grid_S0001,low_input_within_10pct_yield,2017-09-13,256,100,95,"{""sim_day"": 100.0, ""doy"": 256.0, ""topwt"": 4507.099304199219, ""grnwt"": 2276.287384033203, ""xlai"": 0.2980613112449646, ""totir"": 0.0, ""tofer"": NaN, ""swfac"": 0.0, ""nstres"": 0.2048926353454589}",0.0,0.2048926353454589,4507.099304199219,2276.287384033203,0.2980613112449646,0.0,,0.0,0.0,0.0,0.0,22.76287384033203,22.76287384033203,Leave_One_experiments/all_year_offline_schedule_search/daily_outputs/FQA/FQA_2017_FQA2017_stress_grid_S0001_daily.csv
FQA,FQA,Fengqiu,2017,Leave_One_experiments\wth_generated_qc\FQA\FQA2017.WTH,normal_year;water_stress_year;nitrogen_stress_year,water_stress,FQA2017_stress_grid_S0004,pareto_balanced,2017-06-11,162,1,1,"{""sim_day"": 1.0, ""doy"": 162.0, ""topwt"": 0.0, ""grnwt"": 0.0, ""xlai"": 0.0, ""totir"": 0.0, ""tofer"": NaN, ""swfac"": 0.0, ""nstres"": 0.0}",0.0,0.0,0.0,0.0,0.0,0.0,,0.0,0.0,40.0,0.0,3.292561340332032,19.292561340332032,Leave_One_experiments/all_year_offline_schedule_search/daily_outputs/FQA/FQA_2017_FQA2017_stress_grid_S0004_daily.csv
FQA,FQA,Fengqiu,2017,Leave_One_experiments\wth_generated_qc\FQA\FQA2017.WTH,normal_year;water_stress_year;nitrogen_stress_year,water_stress,FQA2017_stress_grid_S0004,pareto_balanced,2017-06-12,163,2,2,"{""sim_day"": 2.0, ""doy"": 163.0, ""topwt"": 0.0, ""grnwt"": 0.0, ""xlai"": 0.0, ""totir"": 0.0, ""tofer"": NaN, ""swfac"": 0.0, ""nstres"": 0.0}",0.0,0.0,0.0,0.0,0.0,0.0,,0.0,0.0,40.0,0.0,3.292561340332032,19.292561340332032,Leave_One_experiments/all_year_offline_schedule_search/daily_outputs/FQA/FQA_2017_FQA2017_stress_grid_S0004_daily.csv
FQA,FQA,Fengqiu,2017,Leave_One_experiments\wth_generated_qc\FQA\FQA2017.WTH,normal_year;water_stress_year;nitrogen_stress_year,water_stress,FQA2017_stress_grid_S0004,pareto_balanced,2017-06-13,164,3,3,"{""sim_day"": 3.0, ""doy"": 164.0, ""topwt"": 0.0, ""grnwt"": 0.0, ""xlai"": 0.0, ""totir"": 0.0, ""tofer"": NaN, ""swfac"": 0.0, ""nstres"": 0.0}",0.0,0.0,0.0,0.0,0.0,0.0,,0.0,0.0,40.0,0.0,3.292561340332032,19.292561340332032,Leave_One_experiments/all_year_offline_schedule_search/daily_outputs/FQA/FQA_2017_FQA2017_stress_grid_S0004_daily.csv
FQA,FQA,Fengqiu,2017,Leave_One_experiments\wth_generated_qc\FQA\FQA2017.WTH,normal_year;water_stress_year;nitrogen_stress_year,water_stress,FQA2017_stress_grid_S0004,pareto_balanced,2017-06-14,165,4,4,"{""sim_day"": 4.0, ""doy"": 165.0, ""topwt"": 0.0, ""grnwt"": 0.0, ""xlai"": 0.0, ""totir"": 0.0, ""tofer"": NaN, ""swfac"": 0.0, ""nstres"": 0.0}",0.0,0.0,0.0,0.0,0.0,0.0,,0.0,0.0,40.0,0.0,3.292561340332032,19.292561340332032,Leave_One_experiments/all_year_offline_schedule_search/daily_outputs/FQA/FQA_2017_FQA2017_stress_grid_S0004_daily.csv
FQA,FQA,Fengqiu,2017,Leave_One_experiments\wth_generated_qc\FQA\FQA2017.WTH,normal_year;water_stress_year;nitrogen_stress_year,water_stress,FQA2017_stress_grid_S0004,pareto_balanced,2017-06-15,166,5,5,"{""sim_day"": 5.0, ""doy"": 166.0, ""topwt"": 0.0, ""grnwt"": 0.0, ""xlai"": 0.0, ""totir"": 0.0, ""tofer"": NaN, ""swfac"": 0.0, ""nstres"": 0.0}",0.0,0.0,0.0,0.0,0.0,0.0,,0.0,0.0,40.0,0.0,3.292561340332032,19.292561340332032,Leave_One_experiments/all_year_offline_schedule_search/daily_outputs/FQA/FQA_2017_FQA2017_stress_grid_S0004_daily.csv
FQA,FQA,Fengqiu,2017,Leave_One_experiments\wth_generated_qc\FQA\FQA2017.WTH,normal_year;water_stress_year;nitrogen_stress_year,water_stress,FQA2017_stress_grid_S0004,pareto_balanced,2017-06-11,162,6,1,"{""sim_day"": 6.0, ""doy"": 162.0, ""topwt"": 0.0, ""grnwt"": 0.0, ""xlai"": 0.0, ""totir"": 0.0, ""tofer"": NaN, ""swfac"": 0.0, ""nstres"": 0.0}",0.0,0.0,0.0,0.0,0.0,0.0,,0.0,0.0,40.0,0.0,3.292561340332032,19.292561340332032,Leave_One_experiments/all_year_offline_schedule_search/daily_outputs/FQA/FQA_2017_FQA2017_stress_grid_S0004_daily.csv
FQA,FQA,Fengqiu,2017,Leave_One_experiments\wth_generated_qc\FQA\FQA2017.WTH,normal_year;water_stress_year;nitrogen_stress_year,water_stress,FQA2017_stress_grid_S0004,pareto_balanced,2017-06-12,163,7,2,"{""sim_day"": 7.0, ""doy"": 163.0, ""topwt"": 0.0, ""grnwt"": 0.0, ""xlai"": 0.0, ""totir"": 0.0, ""tofer"": NaN, ""swfac"": 0.0, ""nstres"": 0.0}",0.0,0.0,0.0,0.0,0.0,0.0,,0.0,0.0,40.0,0.0,3.292561340332032,19.292561340332032,Leave_One_experiments/all_year_offline_schedule_search/daily_outputs/FQA/FQA_2017_FQA2017_stress_grid_S0004_daily.csv
FQA,FQA,Fengqiu,2017,Leave_One_experiments\wth_generated_qc\FQA\FQA2017.WTH,normal_year;water_stress_year;nitrogen_stress_year,water_stress,FQA2017_stress_grid_S0004,pareto_balanced,2017-06-13,164,8,3,"{""sim_day"": 8.0, ""doy"": 164.0, ""topwt"": 0.0, ""grnwt"": 0.0, ""xlai"": 0.0, ""totir"": 0.0, ""tofer"": NaN, ""swfac"": 0.0, ""nstres"": 0.0}",0.0,0.0,0.0,0.0,0.0,0.0,,0.0,0.0,40.0,0.0,3.292561340332032,19.292561340332032,Leave_One_experiments/all_year_offline_schedule_search/daily_outputs/FQA/FQA_2017_FQA2017_stress_grid_S0004_daily.csv
FQA,FQA,Fengqiu,2017,Leave_One_experiments\wth_generated_qc\FQA\FQA2017.WTH,normal_year;water_stress_year;nitrogen_stress_year,water_stress,FQA2017_stress_grid_S0004,pareto_balanced,2017-06-14,165,9,4,"{""sim_day"": 9.0, ""doy"": 165.0, ""topwt"": 0.0, ""grnwt"": 0.0, ""xlai"": 0.0, ""totir"": 0.0, ""tofer"": NaN, ""swfac"": 0.0, ""nstres"": 0.0}",0.0,0.0,0.0,0.0,0.0,0.0,,0.0,0.0,40.0,0.0,3.292561340332032,19.292561340332032,Leave_One_experiments/all_year_offline_schedule_search/daily_outputs/FQA/FQA_2017_FQA2017_stress_grid_S0004_daily.csv
FQA,FQA,Fengqiu,2017,Leave_One_experiments\wth_generated_qc\FQA\FQA2017.WTH,normal_year;water_stress_year;nitrogen_stress_year,water_stress,FQA2017_stress_grid_S0004,pareto_balanced,2017-06-15,166,10,5,"{""sim_day"": 10.0, ""doy"": 166.0, ""topwt"": 32.00000047683716, ""grnwt"": 0.0, ""xlai"": 0.0031492230482399, ""totir"": 0.0, ""tofer"": NaN, ""swfac"": 0.0, ""nstres"": 0.0121910572052001}",0.0,0.0121910572052001,32.00000047683716,0.0,0.0031492230482399,0.0,,0.0,0.0,40.0,0.0,3.292561340332032,19.292561340332032,Leave_One_experiments/all_year_offline_schedule_search/daily_outputs/FQA/FQA_2017_FQA2017_stress_grid_S0004_daily.csv
FQA,FQA,Fengqiu,2017,Leave_One_experiments\wth_generated_qc\FQA\FQA2017.WTH,normal_year;water_stress_year;nitrogen_stress_year,water_stress,FQA2017_stress_grid_S0004,pareto_balanced,2017-06-16,167,11,6,"{""sim_day"": 11.0, ""doy"": 167.0, ""topwt"": 32.00000047683716, ""grnwt"": 0.0, ""xlai"": 0.0058102793991565, ""totir"": 0.0, ""tofer"": NaN, ""swfac"": 0.0, ""nstres"": 0.0062524080276489}",0.0,0.0062524080276489,32.00000047683716,0.0,0.0058102793991565,0.0,,0.0,0.0,40.0,0.0,3.292561340332032,19.292561340332032,Leave_One_experiments/all_year_offline_schedule_search/daily_outputs/FQA/FQA_2017_FQA2017_stress_grid_S0004_daily.csv
FQA,FQA,Fengqiu,2017,Leave_One_experiments\wth_generated_qc\FQA\FQA2017.WTH,normal_year;water_stress_year;nitrogen_stress_year,water_stress,FQA2017_stress_grid_S0004,pareto_balanced,2017-06-17,168,12,7,"{""sim_day"": 12.0, ""doy"": 168.0, ""topwt"": 32.00000047683716, ""grnwt"": 0.0, ""xlai"": 0.0087315645068883, ""totir"": 0.0, ""tofer"": NaN, ""swfac"": 0.0, ""nstres"": 0.0}",0.0,0.0,32.00000047683716,0.0,0.0087315645068883,0.0,,0.0,0.0,40.0,0.0,3.292561340332032,19.292561340332032,Leave_One_experiments/all_year_offline_schedule_search/daily_outputs/FQA/FQA_2017_FQA2017_stress_grid_S0004_daily.csv
FQA,FQA,Fengqiu,2017,Leave_One_experiments\wth_generated_qc\FQA\FQA2017.WTH,normal_year;water_stress_year;nitrogen_stress_year,water_stress,FQA2017_stress_grid_S0004,pareto_balanced,2017-06-18,169,13,8,"{""sim_day"": 13.0, ""doy"": 169.0, ""topwt"": 32.00000047683716, ""grnwt"": 0.0, ""xlai"": 0.0121724717319011, ""totir"": 0.0, ""tofer"": NaN, ""swfac"": 0.0, ""nstres"": 0.0}",0.0,0.0,32.00000047683716,0.0,0.0121724717319011,0.0,,0.0,0.0,40.0,0.0,3.292561340332032,19.292561340332032,Leave_One_experiments/all_year_offline_schedule_search/daily_outputs/FQA/FQA_2017_FQA2017_stress_grid_S0004_daily.csv
FQA,FQA,Fengqiu,2017,Leave_One_experiments\wth_generated_qc\FQA\FQA2017.WTH,normal_year;water_stress_year;nitrogen_stress_year,water_stress,FQA2017_stress_grid_S0004,pareto_balanced,2017-06-19,170,14,9,"{""sim_day"": 14.0, ""doy"": 170.0, ""topwt"": 32.00000047683716, ""grnwt"": 0.0, ""xlai"": 0.0163201410323381, ""totir"": 0.0, ""tofer"": NaN, ""swfac"": 0.0, ""nstres"": 0.0}",0.0,0.0,32.00000047683716,0.0,0.0163201410323381,0.0,,0.0,0.0,40.0,0.0,3.292561340332032,19.292561340332032,Leave_One_experiments/all_year_offline_schedule_search/daily_outputs/FQA/FQA_2017_FQA2017_stress_grid_S0004_daily.csv
FQA,FQA,Fengqiu,2017,Leave_One_experiments\wth_generated_qc\FQA\FQA2017.WTH,normal_year;water_stress_year;nitrogen_stress_year,water_stress,FQA2017_stress_grid_S0004,pareto_balanced,2017-06-20,171,15,10,"{""sim_day"": 15.0, ""doy"": 171.0, ""topwt"": 32.00000047683716, ""grnwt"": 0.0, ""xlai"": 0.0200444217771291, ""totir"": 0.0, ""tofer"": NaN, ""swfac"": 0.0, ""nstres"": 0.0}",0.0,0.0,32.00000047683716,0.0,0.0200444217771291,0.0,,0.0,0.0,40.0,0.0,3.292561340332032,19.292561340332032,Leave_One_experiments/all_year_offline_schedule_search/daily_outputs/FQA/FQA_2017_FQA2017_stress_grid_S0004_daily.csv
FQA,FQA,Fengqiu,2017,Leave_One_experiments\wth_generated_qc\FQA\FQA2017.WTH,normal_year;water_stress_year;nitrogen_stress_year,water_stress,FQA2017_stress_grid_S0004,pareto_balanced,2017-06-21,172,16,11,"{""sim_day"": 16.0, ""doy"": 172.0, ""topwt"": 32.00000047683716, ""grnwt"": 0.0, ""xlai"": 0.0235664062201976, ""totir"": 0.0, ""tofer"": NaN, ""swfac"": 0.0, ""nstres"": 0.0}",0.0,0.0,32.00000047683716,0.0,0.0235664062201976,0.0,,0.0,0.0,40.0,0.0,3.292561340332032,19.292561340332032,Leave_One_experiments/all_year_offline_schedule_search/daily_outputs/FQA/FQA_2017_FQA2017_stress_grid_S0004_daily.csv
FQA,FQA,Fengqiu,2017,Leave_One_experiments\wth_generated_qc\FQA\FQA2017.WTH,normal_year;water_stress_year;nitrogen_stress_year,water_stress,FQA2017_stress_grid_S0004,pareto_balanced,2017-06-22,173,17,12,"{""sim_day"": 17.0, ""doy"": 173.0, ""topwt"": 24.842092990875244, ""grnwt"": 0.0, ""xlai"": 0.0364457704126834, ""totir"": 0.0, ""tofer"": NaN, ""swfac"": 0.0, ""nstres"": 0.0}",0.0,0.0,24.842092990875244,0.0,0.0364457704126834,0.0,,0.0,0.0,40.0,0.0,3.292561340332032,19.292561340332032,Leave_One_experiments/all_year_offline_schedule_search/daily_outputs/FQA/FQA_2017_FQA2017_stress_grid_S0004_daily.csv
FQA,FQA,Fengqiu,2017,Leave_One_experiments\wth_generated_qc\FQA\FQA2017.WTH,normal_year;water_stress_year;nitrogen_stress_year,water_stress,FQA2017_stress_grid_S0004,pareto_balanced,2017-06-23,174,18,13,"{""sim_day"": 18.0, ""doy"": 174.0, ""topwt"": 29.732775688171387, ""grnwt"": 0.0, ""xlai"": 0.051752146333456, ""totir"": 0.0, ""tofer"": NaN, ""swfac"": 0.0, ""nstres"": 0.0}",0.0,0.0,29.732775688171387,0.0,0.051752146333456,0.0,,0.0,0.0,40.0,0.0,3.292561340332032,19.292561340332032,Leave_One_experiments/all_year_offline_schedule_search/daily_outputs/FQA/FQA_2017_FQA2017_stress_grid_S0004_daily.csv
FQA,FQA,Fengqiu,2017,Leave_One_experiments\wth_generated_qc\FQA\FQA2017.WTH,normal_year;water_stress_year;nitrogen_stress_year,water_stress,FQA2017_stress_grid_S0004,pareto_balanced,2017-06-24,175,19,14,"{""sim_day"": 19.0, ""doy"": 175.0, ""topwt"": 36.20339870452881, ""grnwt"": 0.0, ""xlai"": 0.07036092877388, ""totir"": 0.0, ""tofer"": NaN, ""swfac"": 0.0, ""nstres"": 0.0}",0.0,0.0,36.20339870452881,0.0,0.07036092877388,0.0,,0.0,0.0,40.0,0.0,3.292561340332032,19.292561340332032,Leave_One_experiments/all_year_offline_schedule_search/daily_outputs/FQA/FQA_2017_FQA2017_stress_grid_S0004_daily.csv
FQA,FQA,Fengqiu,2017,Leave_One_experiments\wth_generated_qc\FQA\FQA2017.WTH,normal_year;water_stress_year;nitrogen_stress_year,water_stress,FQA2017_stress_grid_S0004,pareto_balanced,2017-06-25,176,20,15,"{""sim_day"": 20.0, ""doy"": 176.0, ""topwt"": 44.265241622924805, ""grnwt"": 0.0, ""xlai"": 0.0918827876448631, ""totir"": 0.0, ""tofer"": NaN, ""swfac"": 0.0, ""nstres"": 0.0}",0.0,0.0,44.265241622924805,0.0,0.0918827876448631,0.0,,0.0,0.0,40.0,0.0,3.292561340332032,19.292561340332032,Leave_One_experiments/all_year_offline_schedule_search/daily_outputs/FQA/FQA_2017_FQA2017_stress_grid_S0004_daily.csv
FQA,FQA,Fengqiu,2017,Leave_One_experiments\wth_generated_qc\FQA\FQA2017.WTH,normal_year;water_stress_year;nitrogen_stress_year,water_stress,FQA2017_stress_grid_S0004,pareto_balanced,2017-06-26,177,21,16,"{""sim_day"": 21.0, ""doy"": 177.0, ""topwt"": 54.25403118133545, ""grnwt"": 0.0, ""xlai"": 0.1168342977762222, ""totir"": 0.0, ""tofer"": NaN, ""swfac"": 0.0, ""nstres"": 0.0}",0.0,0.0,54.25403118133545,0.0,0.1168342977762222,0.0,,0.0,0.0,40.0,0.0,3.292561340332032,19.292561340332032,Leave_One_experiments/all_year_offline_schedule_search/daily_outputs/FQA/FQA_2017_FQA2017_stress_grid_S0004_daily.csv
FQA,FQA,Fengqiu,2017,Leave_One_experiments\wth_generated_qc\FQA\FQA2017.WTH,normal_year;water_stress_year;nitrogen_stress_year,water_stress,FQA2017_stress_grid_S0004,pareto_balanced,2017-06-27,178,22,17,"{""sim_day"": 22.0, ""doy"": 178.0, ""topwt"": 66.0362958908081, ""grnwt"": 0.0, ""xlai"": 0.1445552557706833, ""totir"": 0.0, ""tofer"": NaN, ""swfac"": 0.0, ""nstres"": 0.0}",0.0,0.0,66.0362958908081,0.0,0.1445552557706833,0.0,,0.0,0.0,40.0,0.0,3.292561340332032,19.292561340332032,Leave_One_experiments/all_year_offline_schedule_search/daily_outputs/FQA/FQA_2017_FQA2017_stress_grid_S0004_daily.csv
FQA,FQA,Fengqiu,2017,Leave_One_experiments\wth_generated_qc\FQA\FQA2017.WTH,normal_year;water_stress_year;nitrogen_stress_year,water_stress,FQA2017_stress_grid_S0004,pareto_balanced,2017-06-28,179,23,18,"{""sim_day"": 23.0, ""doy"": 179.0, ""topwt"": 79.72453117370605, ""grnwt"": 0.0, ""xlai"": 0.1750690042972564, ""totir"": 0.0, ""tofer"": NaN, ""swfac"": 0.0, ""nstres"": 0.0}",0.0,0.0,79.72453117370605,0.0,0.1750690042972564,0.0,,0.0,0.0,40.0,0.0,3.292561340332032,19.292561340332032,Leave_One_experiments/all_year_offline_schedule_search/daily_outputs/FQA/FQA_2017_FQA2017_stress_grid_S0004_daily.csv
FQA,FQA,Fengqiu,2017,Leave_One_experiments\wth_generated_qc\FQA\FQA2017.WTH,normal_year;water_stress_year;nitrogen_stress_year,water_stress,FQA2017_stress_grid_S0004,pareto_balanced,2017-06-29,180,24,19,"{""sim_day"": 24.0, ""doy"": 180.0, ""topwt"": 94.7817611694336, ""grnwt"": 0.0, ""xlai"": 0.2070515155792236, ""totir"": 0.0, ""tofer"": NaN, ""swfac"": 0.0, ""nstres"": 0.0}",0.0,0.0,94.7817611694336,0.0,0.2070515155792236,0.0,,0.0,0.0,40.0,0.0,3.292561340332032,19.292561340332032,Leave_One_experiments/all_year_offline_schedule_search/daily_outputs/FQA/FQA_2017_FQA2017_stress_grid_S0004_daily.csv
FQA,FQA,Fengqiu,2017,Leave_One_experiments\wth_generated_qc\FQA\FQA2017.WTH,normal_year;water_stress_year;nitrogen_stress_year,water_stress,FQA2017_stress_grid_S0004,pareto_balanced,2017-06-30,181,25,20,"{""sim_day"": 25.0, ""doy"": 181.0, ""topwt"": 110.89293479919434, ""grnwt"": 0.0, ""xlai"": 0.2398484498262405, ""totir"": 40.0, ""tofer"": NaN, ""swfac"": 0.0, ""nstres"": 0.0}",0.0,0.0,110.89293479919434,0.0,0.2398484498262405,40.0,,40.0,0.0,40.0,0.0,3.292561340332032,19.292561340332032,Leave_One_experiments/all_year_offline_schedule_search/daily_outputs/FQA/FQA_2017_FQA2017_stress_grid_S0004_daily.csv
FQA,FQA,Fengqiu,2017,Leave_One_experiments\wth_generated_qc\FQA\FQA2017.WTH,normal_year;water_stress_year;nitrogen_stress_year,water_stress,FQA2017_stress_grid_S0004,pareto_balanced,2017-07-01,182,26,21,"{""sim_day"": 26.0, ""doy"": 182.0, ""topwt"": 129.61541175842285, ""grnwt"": 0.0, ""xlai"": 0.2752034962177276, ""totir"": 40.0, ""tofer"": NaN, ""swfac"": 0.0, ""nstres"": 0.0}",0.0,0.0,129.61541175842285,0.0,0.2752034962177276,40.0,,0.0,0.0,40.0,0.0,3.292561340332032,19.292561340332032,Leave_One_experiments/all_year_offline_schedule_search/daily_outputs/FQA/FQA_2017_FQA2017_stress_grid_S0004_daily.csv
FQA,FQA,Fengqiu,2017,Leave_One_experiments\wth_generated_qc\FQA\FQA2017.WTH,normal_year;water_stress_year;nitrogen_stress_year,water_stress,FQA2017_stress_grid_S0004,pareto_balanced,2017-07-02,183,27,22,"{""sim_day"": 27.0, ""doy"": 183.0, ""topwt"": 152.08840370178223, ""grnwt"": 0.0, ""xlai"": 0.3188675045967102, ""totir"": 40.0, ""tofer"": NaN, ""swfac"": 0.0, ""nstres"": 0.0}",0.0,0.0,152.08840370178223,0.0,0.3188675045967102,40.0,,0.0,0.0,40.0,0.0,3.292561340332032,19.292561340332032,Leave_One_experiments/all_year_offline_schedule_search/daily_outputs/FQA/FQA_2017_FQA2017_stress_grid_S0004_daily.csv
FQA,FQA,Fengqiu,2017,Leave_One_experiments\wth_generated_qc\FQA\FQA2017.WTH,normal_year;water_stress_year;nitrogen_stress_year,water_stress,FQA2017_stress_grid_S0004,pareto_balanced,2017-07-03,184,28,23,"{""sim_day"": 28.0, ""doy"": 184.0, ""topwt"": 178.4476661682129, ""grnwt"": 0.0, ""xlai"": 0.3678793907165527, ""totir"": 40.0, ""tofer"": NaN, ""swfac"": 0.0, ""nstres"": 0.0}",0.0,0.0,178.4476661682129,0.0,0.3678793907165527,40.0,,0.0,0.0,40.0,0.0,3.292561340332032,19.292561340332032,Leave_One_experiments/all_year_offline_schedule_search/daily_outputs/FQA/FQA_2017_FQA2017_stress_grid_S0004_daily.csv
FQA,FQA,Fengqiu,2017,Leave_One_experiments\wth_generated_qc\FQA\FQA2017.WTH,normal_year;water_stress_year;nitrogen_stress_year,water_stress,FQA2017_stress_grid_S0004,pareto_balanced,2017-07-04,185,29,24,"{""sim_day"": 29.0, ""doy"": 185.0, ""topwt"": 206.35297775268555, ""grnwt"": 0.0, ""xlai"": 0.4175289571285248, ""totir"": 40.0, ""tofer"": NaN, ""swfac"": 0.0, ""nstres"": 0.0}",0.0,0.0,206.35297775268555,0.0,0.4175289571285248,40.0,,0.0,0.0,40.0,0.0,3.292561340332032,19.292561340332032,Leave_One_experiments/all_year_offline_schedule_search/daily_outputs/FQA/FQA_2017_FQA2017_stress_grid_S0004_daily.csv
FQA,FQA,Fengqiu,2017,Leave_One_experiments\wth_generated_qc\FQA\FQA2017.WTH,normal_year;water_stress_year;nitrogen_stress_year,water_stress,FQA2017_stress_grid_S0004,pareto_balanced,2017-07-05,186,30,25,"{""sim_day"": 30.0, ""doy"": 186.0, ""topwt"": 232.2463607788086, ""grnwt"": 0.0, ""xlai"": 0.4618199169635772, ""totir"": 40.0, ""tofer"": NaN, ""swfac"": 0.0, ""nstres"": 0.0}",0.0,0.0,232.2463607788086,0.0,0.4618199169635772,40.0,,0.0,0.0,40.0,0.0,3.292561340332032,19.292561340332032,Leave_One_experiments/all_year_offline_schedule_search/daily_outputs/FQA/FQA_2017_FQA2017_stress_grid_S0004_daily.csv
FQA,FQA,Fengqiu,2017,Leave_One_experiments\wth_generated_qc\FQA\FQA2017.WTH,normal_year;water_stress_year;nitrogen_stress_year,water_stress,FQA2017_stress_grid_S0004,pareto_balanced,2017-07-06,187,31,26,"{""sim_day"": 31.0, ""doy"": 187.0, ""topwt"": 267.6106643676758, ""grnwt"": 0.0, ""xlai"": 0.5197213888168335, ""totir"": 40.0, ""tofer"": NaN, ""swfac"": 0.0, ""nstres"": 0.0}",0.0,0.0,267.6106643676758,0.0,0.5197213888168335,40.0,,0.0,0.0,40.0,0.0,3.292561340332032,19.292561340332032,Leave_One_experiments/all_year_offline_schedule_search/daily_outputs/FQA/FQA_2017_FQA2017_stress_grid_S0004_daily.csv
FQA,FQA,Fengqiu,2017,Leave_One_experiments\wth_generated_qc\FQA\FQA2017.WTH,normal_year;water_stress_year;nitrogen_stress_year,water_stress,FQA2017_stress_grid_S0004,pareto_balanced,2017-07-07,188,32,27,"{""sim_day"": 32.0, ""doy"": 188.0, ""topwt"": 308.8063049316406, ""grnwt"": 0.0, ""xlai"": 0.5839269757270813, ""totir"": 40.0, ""tofer"": NaN, ""swfac"": 0.0, ""nstres"": 0.0}",0.0,0.0,308.8063049316406,0.0,0.5839269757270813,40.0,,0.0,0.0,40.0,0.0,3.292561340332032,19.292561340332032,Leave_One_experiments/all_year_offline_schedule_search/daily_outputs/FQA/FQA_2017_FQA2017_stress_grid_S0004_daily.csv
FQA,FQA,Fengqiu,2017,Leave_One_experiments\wth_generated_qc\FQA\FQA2017.WTH,normal_year;water_stress_year;nitrogen_stress_year,water_stress,FQA2017_stress_grid_S0004,pareto_balanced,2017-07-08,189,33,28,"{""sim_day"": 33.0, ""doy"": 189.0, ""topwt"": 352.4557876586914, ""grnwt"": 0.0, ""xlai"": 0.6487098336219788, ""totir"": 40.0, ""tofer"": NaN, ""swfac"": 0.0, ""nstres"": 0.0}",0.0,0.0,352.4557876586914,0.0,0.6487098336219788,40.0,,0.0,0.0,40.0,0.0,3.292561340332032,19.292561340332032,Leave_One_experiments/all_year_offline_schedule_search/daily_outputs/FQA/FQA_2017_FQA2017_stress_grid_S0004_daily.csv
FQA,FQA,Fengqiu,2017,Leave_One_experiments\wth_generated_qc\FQA\FQA2017.WTH,normal_year;water_stress_year;nitrogen_stress_year,water_stress,FQA2017_stress_grid_S0004,pareto_balanced,2017-07-09,190,34,29,"{""sim_day"": 34.0, ""doy"": 190.0, ""topwt"": 399.8078918457031, ""grnwt"": 0.0, ""xlai"": 0.7156750559806824, ""totir"": 40.0, ""tofer"": NaN, ""swfac"": 0.0, ""nstres"": 0.0}",0.0,0.0,399.8078918457031,0.0,0.7156750559806824,40.0,,0.0,0.0,40.0,0.0,3.292561340332032,19.292561340332032,Leave_One_experiments/all_year_offline_schedule_search/daily_outputs/FQA/FQA_2017_FQA2017_stress_grid_S0004_daily.csv
FQA,FQA,Fengqiu,2017,Leave_One_experiments\wth_generated_qc\FQA\FQA2017.WTH,normal_year;water_stress_year;nitrogen_stress_year,water_stress,FQA2017_stress_grid_S0004,pareto_balanced,2017-07-10,191,35,30,"{""sim_day"": 35.0, ""doy"": 191.0, ""topwt"": 454.702262878418, ""grnwt"": 0.0, ""xlai"": 0.7869117856025696, ""totir"": 40.0, ""tofer"": NaN, ""swfac"": 0.0, ""nstres"": 0.0249228477478027}",0.0,0.0249228477478027,454.702262878418,0.0,0.7869117856025696,40.0,,0.0,0.0,40.0,0.0,3.292561340332032,19.292561340332032,Leave_One_experiments/all_year_offline_schedule_search/daily_outputs/FQA/FQA_2017_FQA2017_stress_grid_S0004_daily.csv
FQA,FQA,Fengqiu,2017,Leave_One_experiments\wth_generated_qc\FQA\FQA2017.WTH,normal_year;water_stress_year;nitrogen_stress_year,water_stress,FQA2017_stress_grid_S0004,pareto_balanced,2017-07-11,192,36,31,"{""sim_day"": 36.0, ""doy"": 192.0, ""topwt"": 509.27562713623047, ""grnwt"": 0.0, ""xlai"": 0.8493877649307251, ""totir"": 40.0, ""tofer"": NaN, ""swfac"": 0.0, ""nstres"": 0.0658886432647705}",0.0,0.0658886432647705,509.27562713623047,0.0,0.8493877649307251,40.0,,0.0,0.0,40.0,0.0,3.292561340332032,19.292561340332032,Leave_One_experiments/all_year_offline_schedule_search/daily_outputs/FQA/FQA_2017_FQA2017_stress_grid_S0004_daily.csv
FQA,FQA,Fengqiu,2017,Leave_One_experiments\wth_generated_qc\FQA\FQA2017.WTH,normal_year;water_stress_year;nitrogen_stress_year,water_stress,FQA2017_stress_grid_S0004,pareto_balanced,2017-07-12,193,37,32,"{""sim_day"": 37.0, ""doy"": 193.0, ""topwt"": 564.1497802734375, ""grnwt"": 0.0, ""xlai"": 0.9042283892631532, ""totir"": 40.0, ""tofer"": NaN, ""swfac"": 0.0, ""nstres"": 0.1010042428970336}",0.0,0.1010042428970336,564.1497802734375,0.0,0.9042283892631532,40.0,,0.0,0.0,40.0,0.0,3.292561340332032,19.292561340332032,Leave_One_experiments/all_year_offline_schedule_search/daily_outputs/FQA/FQA_2017_FQA2017_stress_grid_S0004_daily.csv
FQA,FQA,Fengqiu,2017,Leave_One_experiments\wth_generated_qc\FQA\FQA2017.WTH,normal_year;water_stress_year;nitrogen_stress_year,water_stress,FQA2017_stress_grid_S0004,pareto_balanced,2017-07-13,194,38,33,"{""sim_day"": 38.0, ""doy"": 194.0, ""topwt"": 620.9014511108398, ""grnwt"": 0.0, ""xlai"": 0.9539230465888976, ""totir"": 40.0, ""tofer"": NaN, ""swfac"": 0.0, ""nstres"": 0.1280158758163452}",0.0,0.1280158758163452,620.9014511108398,0.0,0.9539230465888976,40.0,,0.0,0.0,40.0,0.0,3.292561340332032,19.292561340332032,Leave_One_experiments/all_year_offline_schedule_search/daily_outputs/FQA/FQA_2017_FQA2017_stress_grid_S0004_daily.csv
FQA,FQA,Fengqiu,2017,Leave_One_experiments\wth_generated_qc\FQA\FQA2017.WTH,normal_year;water_stress_year;nitrogen_stress_year,water_stress,FQA2017_stress_grid_S0004,pareto_balanced,2017-07-14,195,39,34,"{""sim_day"": 39.0, ""doy"": 195.0, ""topwt"": 666.7109680175781, ""grnwt"": 0.0, ""xlai"": 0.9855020046234132, ""totir"": 40.0, ""tofer"": NaN, ""swfac"": 0.0, ""nstres"": 0.1499389410018921}",0.0,0.1499389410018921,666.7109680175781,0.0,0.9855020046234132,40.0,,0.0,0.0,40.0,0.0,3.292561340332032,19.292561340332032,Leave_One_experiments/all_year_offline_schedule_search/daily_outputs/FQA/FQA_2017_FQA2017_stress_grid_S0004_daily.csv
FQA,FQA,Fengqiu,2017,Leave_One_experiments\wth_generated_qc\FQA\FQA2017.WTH,normal_year;water_stress_year;nitrogen_stress_year,water_stress,FQA2017_stress_grid_S0004,pareto_balanced,2017-07-15,196,40,35,"{""sim_day"": 40.0, ""doy"": 196.0, ""topwt"": 717.1737670898438, ""grnwt"": 0.0, ""xlai"": 1.0169514417648315, ""totir"": 40.0, ""tofer"": NaN, ""swfac"": 0.0, ""nstres"": 0.1669970154762268}",0.0,0.1669970154762268,717.1737670898438,0.0,1.0169514417648315,40.0,,0.0,0.0,40.0,0.0,3.292561340332032,19.292561340332032,Leave_One_experiments/all_year_offline_schedule_search/daily_outputs/FQA/FQA_2017_FQA2017_stress_grid_S0004_daily.csv
FQA,FQA,Fengqiu,2017,Leave_One_experiments\wth_generated_qc\FQA\FQA2017.WTH,normal_year;water_stress_year;nitrogen_stress_year,water_stress,FQA2017_stress_grid_S0004,pareto_balanced,2017-07-16,197,41,36,"{""sim_day"": 41.0, ""doy"": 197.0, ""topwt"": 774.0568542480469, ""grnwt"": 0.0, ""xlai"": 1.0503963232040403, ""totir"": 40.0, ""tofer"": NaN, ""swfac"": 0.0, ""nstres"": 0.1763898134231567}",0.0,0.1763898134231567,774.0568542480469,0.0,1.0503963232040403,40.0,,0.0,0.0,40.0,0.0,3.292561340332032,19.292561340332032,Leave_One_experiments/all_year_offline_schedule_search/daily_outputs/FQA/FQA_2017_FQA2017_stress_grid_S0004_daily.csv
FQA,FQA,Fengqiu,2017,Leave_One_experiments\wth_generated_qc\FQA\FQA2017.WTH,normal_year;water_stress_year;nitrogen_stress_year,water_stress,FQA2017_stress_grid_S0004,pareto_balanced,2017-07-17,198,42,37,"{""sim_day"": 42.0, ""doy"": 198.0, ""topwt"": 833.9912414550781, ""grnwt"": 0.0, ""xlai"": 1.0818992853164673, ""totir"": 40.0, ""tofer"": NaN, ""swfac"": 0.0, ""nstres"": 0.1867507100105285}",0.0,0.1867507100105285,833.9912414550781,0.0,1.0818992853164673,40.0,,0.0,0.0,40.0,0.0,3.292561340332032,19.292561340332032,Leave_One_experiments/all_year_offline_schedule_search/daily_outputs/FQA/FQA_2017_FQA2017_stress_grid_S0004_daily.csv
FQA,FQA,Fengqiu,2017,Leave_One_experiments\wth_generated_qc\FQA\FQA2017.WTH,normal_year;water_stress_year;nitrogen_stress_year,water_stress,FQA2017_stress_grid_S0004,pareto_balanced,2017-07-18,199,43,38,"{""sim_day"": 43.0, ""doy"": 199.0, ""topwt"": 892.4051666259766, ""grnwt"": 0.0, ""xlai"": 1.107205867767334, ""totir"": 40.0, ""tofer"": NaN, ""swfac"": 0.0, ""nstres"": 0.1979818344116211}",0.0,0.1979818344116211,892.4051666259766,0.0,1.107205867767334,40.0,,0.0,0.0,40.0,0.0,3.292561340332032,19.292561340332032,Leave_One_experiments/all_year_offline_schedule_search/daily_outputs/FQA/FQA_2017_FQA2017_stress_grid_S0004_daily.csv
FQA,FQA,Fengqiu,2017,Leave_One_experiments\wth_generated_qc\FQA\FQA2017.WTH,normal_year;water_stress_year;nitrogen_stress_year,water_stress,FQA2017_stress_grid_S0004,pareto_balanced,2017-07-19,200,44,39,"{""sim_day"": 44.0, ""doy"": 200.0, ""topwt"": 1044.8200988769531, ""grnwt"": 0.0, ""xlai"": 1.1361225843429563, ""totir"": 40.0, ""tofer"": NaN, ""swfac"": 0.0, ""nstres"": 0.2212795615196228}",0.0,0.2212795615196228,1044.8200988769531,0.0,1.1361225843429563,40.0,,0.0,0.0,40.0,0.0,3.292561340332032,19.292561340332032,Leave_One_experiments/all_year_offline_schedule_search/daily_outputs/FQA/FQA_2017_FQA2017_stress_grid_S0004_daily.csv
FQA,FQA,Fengqiu,2017,Leave_One_experiments\wth_generated_qc\FQA\FQA2017.WTH,normal_year;water_stress_year;nitrogen_stress_year,water_stress,FQA2017_stress_grid_S0004,pareto_balanced,2017-07-20,201,45,40,"{""sim_day"": 45.0, ""doy"": 201.0, ""topwt"": 1190.9323120117188, ""grnwt"": 0.0, ""xlai"": 1.1569095849990845, ""totir"": 40.0, ""tofer"": NaN, ""swfac"": 0.0, ""nstres"": 0.2400650978088379}",0.0,0.2400650978088379,1190.9323120117188,0.0,1.1569095849990845,40.0,,0.0,0.0,40.0,0.0,3.292561340332032,19.292561340332032,Leave_One_experiments/all_year_offline_schedule_search/daily_outputs/FQA/FQA_2017_FQA2017_stress_grid_S0004_daily.csv
FQA,FQA,Fengqiu,2017,Leave_One_experiments\wth_generated_qc\FQA\FQA2017.WTH,normal_year;water_stress_year;nitrogen_stress_year,water_stress,FQA2017_stress_grid_S0004,pareto_balanced,2017-07-21,202,46,41,"{""sim_day"": 46.0, ""doy"": 202.0, ""topwt"": 1294.5289611816406, ""grnwt"": 0.0, ""xlai"": 1.1553523540496826, ""totir"": 40.0, ""tofer"": NaN, ""swfac"": 0.0, ""nstres"": 0.3381600379943847}",0.0,0.3381600379943847,1294.5289611816406,0.0,1.1553523540496826,40.0,,0.0,0.0,40.0,0.0,3.292561340332032,19.292561340332032,Leave_One_experiments/all_year_offline_schedule_search/daily_outputs/FQA/FQA_2017_FQA2017_stress_grid_S0004_daily.csv
FQA,FQA,Fengqiu,2017,Leave_One_experiments\wth_generated_qc\FQA\FQA2017.WTH,normal_year;water_stress_year;nitrogen_stress_year,water_stress,FQA2017_stress_grid_S0004,pareto_balanced,2017-07-22,203,47,42,"{""sim_day"": 47.0, ""doy"": 203.0, ""topwt"": 1392.9071044921875, ""grnwt"": 0.0, ""xlai"": 1.1472305059432983, ""totir"": 40.0, ""tofer"": NaN, ""swfac"": 0.0, ""nstres"": 0.4013981223106384}",0.0,0.4013981223106384,1392.9071044921875,0.0,1.1472305059432983,40.0,,0.0,0.0,40.0,0.0,3.292561340332032,19.292561340332032,Leave_One_experiments/all_year_offline_schedule_search/daily_outputs/FQA/FQA_2017_FQA2017_stress_grid_S0004_daily.csv
FQA,FQA,Fengqiu,2017,Leave_One_experiments\wth_generated_qc\FQA\FQA2017.WTH,normal_year;water_stress_year;nitrogen_stress_year,water_stress,FQA2017_stress_grid_S0004,pareto_balanced,2017-07-23,204,48,43,"{""sim_day"": 48.0, ""doy"": 204.0, ""topwt"": 1482.9615783691406, ""grnwt"": 0.0, ""xlai"": 1.134263038635254, ""totir"": 40.0, ""tofer"": NaN, ""swfac"": 0.0, ""nstres"": 0.4256198406219482}",0.0,0.4256198406219482,1482.9615783691406,0.0,1.134263038635254,40.0,,0.0,0.0,40.0,0.0,3.292561340332032,19.292561340332032,Leave_One_experiments/all_year_offline_schedule_search/daily_outputs/FQA/FQA_2017_FQA2017_stress_grid_S0004_daily.csv
FQA,FQA,Fengqiu,2017,Leave_One_experiments\wth_generated_qc\FQA\FQA2017.WTH,normal_year;water_stress_year;nitrogen_stress_year,water_stress,FQA2017_stress_grid_S0004,pareto_balanced,2017-07-24,205,49,44,"{""sim_day"": 49.0, ""doy"": 205.0, ""topwt"": 1562.0736694335938, ""grnwt"": 0.0, ""xlai"": 1.1167607307434082, ""totir"": 40.0, ""tofer"": NaN, ""swfac"": 0.0, ""nstres"": 0.442062497138977}",0.0,0.442062497138977,1562.0736694335938,0.0,1.1167607307434082,40.0,,0.0,0.0,40.0,0.0,3.292561340332032,19.292561340332032,Leave_One_experiments/all_year_offline_schedule_search/daily_outputs/FQA/FQA_2017_FQA2017_stress_grid_S0004_daily.csv
FQA,FQA,Fengqiu,2017,Leave_One_experiments\wth_generated_qc\FQA\FQA2017.WTH,normal_year;water_stress_year;nitrogen_stress_year,water_stress,FQA2017_stress_grid_S0004,pareto_balanced,2017-07-25,206,50,45,"{""sim_day"": 50.0, ""doy"": 206.0, ""topwt"": 1638.6294555664062, ""grnwt"": 0.0, ""xlai"": 1.097888469696045, ""totir"": 40.0, ""tofer"": NaN, ""swfac"": 0.0, ""nstres"": 0.4515751004219055}",0.0,0.4515751004219055,1638.6294555664062,0.0,1.097888469696045,40.0,,0.0,0.0,40.0,0.0,3.292561340332032,19.292561340332032,Leave_One_experiments/all_year_offline_schedule_search/daily_outputs/FQA/FQA_2017_FQA2017_stress_grid_S0004_daily.csv
FQA,FQA,Fengqiu,2017,Leave_One_experiments\wth_generated_qc\FQA\FQA2017.WTH,normal_year;water_stress_year;nitrogen_stress_year,water_stress,FQA2017_stress_grid_S0004,pareto_balanced,2017-07-26,207,51,46,"{""sim_day"": 51.0, ""doy"": 207.0, ""topwt"": 1690.319366455078, ""grnwt"": 0.0, ""xlai"": 1.0723412036895752, ""totir"": 40.0, ""tofer"": NaN, ""swfac"": 0.0, ""nstres"": 0.4541243314743042}",0.0,0.4541243314743042,1690.319366455078,0.0,1.0723412036895752,40.0,,0.0,0.0,40.0,0.0,3.292561340332032,19.292561340332032,Leave_One_experiments/all_year_offline_schedule_search/daily_outputs/FQA/FQA_2017_FQA2017_stress_grid_S0004_daily.csv
FQA,FQA,Fengqiu,2017,Leave_One_experiments\wth_generated_qc\FQA\FQA2017.WTH,normal_year;water_stress_year;nitrogen_stress_year,water_stress,FQA2017_stress_grid_S0004,pareto_balanced,2017-07-27,208,52,47,"{""sim_day"": 52.0, ""doy"": 208.0, ""topwt"": 1747.2023010253906, ""grnwt"": 0.0, ""xlai"": 1.0484788417816162, ""totir"": 40.0, ""tofer"": NaN, ""swfac"": 0.0, ""nstres"": 0.4589437246322632}",0.0,0.4589437246322632,1747.2023010253906,0.0,1.0484788417816162,40.0,,0.0,0.0,40.0,0.0,3.292561340332032,19.292561340332032,Leave_One_experiments/all_year_offline_schedule_search/daily_outputs/FQA/FQA_2017_FQA2017_stress_grid_S0004_daily.csv
FQA,FQA,Fengqiu,2017,Leave_One_experiments\wth_generated_qc\FQA\FQA2017.WTH,normal_year;water_stress_year;nitrogen_stress_year,water_stress,FQA2017_stress_grid_S0004,pareto_balanced,2017-07-28,209,53,48,"{""sim_day"": 53.0, ""doy"": 209.0, ""topwt"": 1771.5081787109375, ""grnwt"": 0.0, ""xlai"": 1.0170263051986694, ""totir"": 40.0, ""tofer"": NaN, ""swfac"": 0.0, ""nstres"": 0.4556924104690552}",0.0,0.4556924104690552,1771.5081787109375,0.0,1.0170263051986694,40.0,,0.0,0.0,40.0,0.0,3.292561340332032,19.292561340332032,Leave_One_experiments/all_year_offline_schedule_search/daily_outputs/FQA/FQA_2017_FQA2017_stress_grid_S0004_daily.csv
FQA,FQA,Fengqiu,2017,Leave_One_experiments\wth_generated_qc\FQA\FQA2017.WTH,normal_year;water_stress_year;nitrogen_stress_year,water_stress,FQA2017_stress_grid_S0004,pareto_balanced,2017-07-29,210,54,49,"{""sim_day"": 54.0, ""doy"": 210.0, ""topwt"": 1825.0523376464844, ""grnwt"": 0.0, ""xlai"": 0.9939374923706056, ""totir"": 40.0, ""tofer"": NaN, ""swfac"": 0.0, ""nstres"": 0.4535351991653442}",0.0,0.4535351991653442,1825.0523376464844,0.0,0.9939374923706056,40.0,,0.0,0.0,40.0,0.0,3.292561340332032,19.292561340332032,Leave_One_experiments/all_year_offline_schedule_search/daily_outputs/FQA/FQA_2017_FQA2017_stress_grid_S0004_daily.csv
FQA,FQA,Fengqiu,2017,Leave_One_experiments\wth_generated_qc\FQA\FQA2017.WTH,normal_year;water_stress_year;nitrogen_stress_year,water_stress,FQA2017_stress_grid_S0004,pareto_balanced,2017-07-30,211,55,50,"{""sim_day"": 55.0, ""doy"": 211.0, ""topwt"": 1892.5437927246091, ""grnwt"": 0.0, ""xlai"": 0.9758540987968444, ""totir"": 40.0, ""tofer"": NaN, ""swfac"": 0.0, ""nstres"": 0.4363783597946167}",0.0,0.4363783597946167,1892.5437927246091,0.0,0.9758540987968444,40.0,,0.0,0.0,40.0,0.0,3.292561340332032,19.292561340332032,Leave_One_experiments/all_year_offline_schedule_search/daily_outputs/FQA/FQA_2017_FQA2017_stress_grid_S0004_daily.csv
FQA,FQA,Fengqiu,2017,Leave_One_experiments\wth_generated_qc\FQA\FQA2017.WTH,normal_year;water_stress_year;nitrogen_stress_year,water_stress,FQA2017_stress_grid_S0004,pareto_balanced,2017-07-31,212,56,51,"{""sim_day"": 56.0, ""doy"": 212.0, ""topwt"": 1956.6096496582031, ""grnwt"": 0.0, ""xlai"": 0.9574060440063475, ""totir"": 40.0, ""tofer"": NaN, ""swfac"": 0.0, ""nstres"": 0.439574658870697}",0.0,0.439574658870697,1956.6096496582031,0.0,0.9574060440063475,40.0,,0.0,0.0,40.0,0.0,3.292561340332032,19.292561340332032,Leave_One_experiments/all_year_offline_schedule_search/daily_outputs/FQA/FQA_2017_FQA2017_stress_grid_S0004_daily.csv
FQA,FQA,Fengqiu,2017,Leave_One_experiments\wth_generated_qc\FQA\FQA2017.WTH,normal_year;water_stress_year;nitrogen_stress_year,water_stress,FQA2017_stress_grid_S0004,pareto_balanced,2017-08-01,213,57,52,"{""sim_day"": 57.0, ""doy"": 213.0, ""topwt"": 1993.164520263672, ""grnwt"": 0.0, ""xlai"": 0.9325512647628784, ""totir"": 40.0, ""tofer"": NaN, ""swfac"": 0.0, ""nstres"": 0.4445388913154602}",0.0,0.4445388913154602,1993.164520263672,0.0,0.9325512647628784,40.0,,0.0,0.0,40.0,0.0,3.292561340332032,19.292561340332032,Leave_One_experiments/all_year_offline_schedule_search/daily_outputs/FQA/FQA_2017_FQA2017_stress_grid_S0004_daily.csv
FQA,FQA,Fengqiu,2017,Leave_One_experiments\wth_generated_qc\FQA\FQA2017.WTH,normal_year;water_stress_year;nitrogen_stress_year,water_stress,FQA2017_stress_grid_S0004,pareto_balanced,2017-08-02,214,58,53,"{""sim_day"": 58.0, ""doy"": 214.0, ""topwt"": 2070.1329040527344, ""grnwt"": 0.0, ""xlai"": 0.9185829758644104, ""totir"": 40.0, ""tofer"": NaN, ""swfac"": 0.0, ""nstres"": 0.4452562928199768}",0.0,0.4452562928199768,2070.1329040527344,0.0,0.9185829758644104,40.0,,0.0,0.0,40.0,0.0,3.292561340332032,19.292561340332032,Leave_One_experiments/all_year_offline_schedule_search/daily_outputs/FQA/FQA_2017_FQA2017_stress_grid_S0004_daily.csv
FQA,FQA,Fengqiu,2017,Leave_One_experiments\wth_generated_qc\FQA\FQA2017.WTH,normal_year;water_stress_year;nitrogen_stress_year,water_stress,FQA2017_stress_grid_S0004,pareto_balanced,2017-08-03,215,59,54,"{""sim_day"": 59.0, ""doy"": 215.0, ""topwt"": 2150.076904296875, ""grnwt"": 0.0, ""xlai"": 0.9060063362121582, ""totir"": 40.0, ""tofer"": NaN, ""swfac"": 0.0, ""nstres"": 0.4407887458801269}",0.0,0.4407887458801269,2150.076904296875,0.0,0.9060063362121582,40.0,,0.0,0.0,40.0,0.0,3.292561340332032,19.292561340332032,Leave_One_experiments/all_year_offline_schedule_search/daily_outputs/FQA/FQA_2017_FQA2017_stress_grid_S0004_daily.csv
FQA,FQA,Fengqiu,2017,Leave_One_experiments\wth_generated_qc\FQA\FQA2017.WTH,normal_year;water_stress_year;nitrogen_stress_year,water_stress,FQA2017_stress_grid_S0004,pareto_balanced,2017-08-04,216,60,55,"{""sim_day"": 60.0, ""doy"": 216.0, ""topwt"": 2230.0770568847656, ""grnwt"": 0.0, ""xlai"": 0.8940277099609375, ""totir"": 40.0, ""tofer"": NaN, ""swfac"": 0.0, ""nstres"": 0.4367002844810486}",0.0,0.4367002844810486,2230.0770568847656,0.0,0.8940277099609375,40.0,,0.0,0.0,40.0,0.0,3.292561340332032,19.292561340332032,Leave_One_experiments/all_year_offline_schedule_search/daily_outputs/FQA/FQA_2017_FQA2017_stress_grid_S0004_daily.csv
FQA,FQA,Fengqiu,2017,Leave_One_experiments\wth_generated_qc\FQA\FQA2017.WTH,normal_year;water_stress_year;nitrogen_stress_year,water_stress,FQA2017_stress_grid_S0004,pareto_balanced,2017-08-05,217,61,56,"{""sim_day"": 61.0, ""doy"": 217.0, ""topwt"": 2315.058898925781, ""grnwt"": 0.0, ""xlai"": 0.8841027021408081, ""totir"": 40.0, ""tofer"": NaN, ""swfac"": 0.0, ""nstres"": 0.4258223176002502}",0.0,0.4258223176002502,2315.058898925781,0.0,0.8841027021408081,40.0,,0.0,0.0,40.0,0.0,3.292561340332032,19.292561340332032,Leave_One_experiments/all_year_offline_schedule_search/daily_outputs/FQA/FQA_2017_FQA2017_stress_grid_S0004_daily.csv
FQA,FQA,Fengqiu,2017,Leave_One_experiments\wth_generated_qc\FQA\FQA2017.WTH,normal_year;water_stress_year;nitrogen_stress_year,water_stress,FQA2017_stress_grid_S0004,pareto_balanced,2017-08-06,218,62,57,"{""sim_day"": 62.0, ""doy"": 218.0, ""topwt"": 2351.8505859375, ""grnwt"": 0.0, ""xlai"": 0.8543028831481934, ""totir"": 40.0, ""tofer"": NaN, ""swfac"": 0.0, ""nstres"": 0.408950924873352}",0.0,0.408950924873352,2351.8505859375,0.0,0.8543028831481934,40.0,,0.0,0.0,40.0,0.0,3.292561340332032,19.292561340332032,Leave_One_experiments/all_year_offline_schedule_search/daily_outputs/FQA/FQA_2017_FQA2017_stress_grid_S0004_daily.csv
FQA,FQA,Fengqiu,2017,Leave_One_experiments\wth_generated_qc\FQA\FQA2017.WTH,normal_year;water_stress_year;nitrogen_stress_year,water_stress,FQA2017_stress_grid_S0004,pareto_balanced,2017-08-07,219,63,58,"{""sim_day"": 63.0, ""doy"": 219.0, ""topwt"": 2472.0703125, ""grnwt"": 0.0, ""xlai"": 0.8265081644058228, ""totir"": 40.0, ""tofer"": NaN, ""swfac"": 0.0, ""nstres"": 0.380838394165039}",0.0,0.380838394165039,2472.0703125,0.0,0.8265081644058228,40.0,,0.0,0.0,40.0,0.0,3.292561340332032,19.292561340332032,Leave_One_experiments/all_year_offline_schedule_search/daily_outputs/FQA/FQA_2017_FQA2017_stress_grid_S0004_daily.csv
FQA,FQA,Fengqiu,2017,Leave_One_experiments\wth_generated_qc\FQA\FQA2017.WTH,normal_year;water_stress_year;nitrogen_stress_year,water_stress,FQA2017_stress_grid_S0004,pareto_balanced,2017-08-08,220,64,59,"{""sim_day"": 64.0, ""doy"": 220.0, ""topwt"": 2577.6171875, ""grnwt"": 0.0, ""xlai"": 0.8004727363586426, ""totir"": 40.0, ""tofer"": NaN, ""swfac"": 0.0, ""nstres"": 0.3560115694999695}",0.0,0.3560115694999695,2577.6171875,0.0,0.8004727363586426,40.0,,0.0,0.0,40.0,0.0,3.292561340332032,19.292561340332032,Leave_One_experiments/all_year_offline_schedule_search/daily_outputs/FQA/FQA_2017_FQA2017_stress_grid_S0004_daily.csv
FQA,FQA,Fengqiu,2017,Leave_One_experiments\wth_generated_qc\FQA\FQA2017.WTH,normal_year;water_stress_year;nitrogen_stress_year,water_stress,FQA2017_stress_grid_S0004,pareto_balanced,2017-08-09,221,65,60,"{""sim_day"": 65.0, ""doy"": 221.0, ""topwt"": 2696.527709960937, ""grnwt"": 0.0, ""xlai"": 0.7752739787101746, ""totir"": 40.0, ""tofer"": NaN, ""swfac"": 0.0, ""nstres"": 0.3555156588554382}",0.0,0.3555156588554382,2696.527709960937,0.0,0.7752739787101746,40.0,,0.0,0.0,40.0,0.0,3.292561340332032,19.292561340332032,Leave_One_experiments/all_year_offline_schedule_search/daily_outputs/FQA/FQA_2017_FQA2017_stress_grid_S0004_daily.csv
FQA,FQA,Fengqiu,2017,Leave_One_experiments\wth_generated_qc\FQA\FQA2017.WTH,normal_year;water_stress_year;nitrogen_stress_year,water_stress,FQA2017_stress_grid_S0004,pareto_balanced,2017-08-10,222,66,61,"{""sim_day"": 66.0, ""doy"": 222.0, ""topwt"": 2787.5439453125, ""grnwt"": 0.0, ""xlai"": 0.7511094808578491, ""totir"": 40.0, ""tofer"": NaN, ""swfac"": 0.0, ""nstres"": 0.3480554223060608}",0.0,0.3480554223060608,2787.5439453125,0.0,0.7511094808578491,40.0,,0.0,0.0,40.0,0.0,3.292561340332032,19.292561340332032,Leave_One_experiments/all_year_offline_schedule_search/daily_outputs/FQA/FQA_2017_FQA2017_stress_grid_S0004_daily.csv
FQA,FQA,Fengqiu,2017,Leave_One_experiments\wth_generated_qc\FQA\FQA2017.WTH,normal_year;water_stress_year;nitrogen_stress_year,water_stress,FQA2017_stress_grid_S0004,pareto_balanced,2017-08-11,223,67,62,"{""sim_day"": 67.0, ""doy"": 223.0, ""topwt"": 2837.012023925781, ""grnwt"": 0.0, ""xlai"": 0.7278311252593994, ""totir"": 40.0, ""tofer"": NaN, ""swfac"": 0.0, ""nstres"": 0.3438039422035217}",0.0,0.3438039422035217,2837.012023925781,0.0,0.7278311252593994,40.0,,0.0,0.0,40.0,0.0,3.292561340332032,19.292561340332032,Leave_One_experiments/all_year_offline_schedule_search/daily_outputs/FQA/FQA_2017_FQA2017_stress_grid_S0004_daily.csv
FQA,FQA,Fengqiu,2017,Leave_One_experiments\wth_generated_qc\FQA\FQA2017.WTH,normal_year;water_stress_year;nitrogen_stress_year,water_stress,FQA2017_stress_grid_S0004,pareto_balanced,2017-08-12,224,68,63,"{""sim_day"": 68.0, ""doy"": 224.0, ""topwt"": 2928.2257080078125, ""grnwt"": 0.0, ""xlai"": 0.7057071924209595, ""totir"": 40.0, ""tofer"": NaN, ""swfac"": 0.0, ""nstres"": 0.3295274972915649}",0.0,0.3295274972915649,2928.2257080078125,0.0,0.7057071924209595,40.0,,0.0,0.0,40.0,0.0,3.292561340332032,19.292561340332032,Leave_One_experiments/all_year_offline_schedule_search/daily_outputs/FQA/FQA_2017_FQA2017_stress_grid_S0004_daily.csv
FQA,FQA,Fengqiu,2017,Leave_One_experiments\wth_generated_qc\FQA\FQA2017.WTH,normal_year;water_stress_year;nitrogen_stress_year,water_stress,FQA2017_stress_grid_S0004,pareto_balanced,2017-08-13,225,69,64,"{""sim_day"": 69.0, ""doy"": 225.0, ""topwt"": 3014.732360839844, ""grnwt"": 0.0, ""xlai"": 0.6849597692489624, ""totir"": 40.0, ""tofer"": NaN, ""swfac"": 0.0, ""nstres"": 0.3055897951126098}",0.0,0.3055897951126098,3014.732360839844,0.0,0.6849597692489624,40.0,,0.0,0.0,40.0,0.0,3.292561340332032,19.292561340332032,Leave_One_experiments/all_year_offline_schedule_search/daily_outputs/FQA/FQA_2017_FQA2017_stress_grid_S0004_daily.csv
FQA,FQA,Fengqiu,2017,Leave_One_experiments\wth_generated_qc\FQA\FQA2017.WTH,normal_year;water_stress_year;nitrogen_stress_year,water_stress,FQA2017_stress_grid_S0004,pareto_balanced,2017-08-14,226,70,65,"{""sim_day"": 70.0, ""doy"": 226.0, ""topwt"": 3100.2325439453125, ""grnwt"": 0.0, ""xlai"": 0.6652483940124512, ""totir"": 40.0, ""tofer"": NaN, ""swfac"": 0.0, ""nstres"": 0.2906569242477417}",0.0,0.2906569242477417,3100.2325439453125,0.0,0.6652483940124512,40.0,,0.0,0.0,40.0,0.0,3.292561340332032,19.292561340332032,Leave_One_experiments/all_year_offline_schedule_search/daily_outputs/FQA/FQA_2017_FQA2017_stress_grid_S0004_daily.csv
FQA,FQA,Fengqiu,2017,Leave_One_experiments\wth_generated_qc\FQA\FQA2017.WTH,normal_year;water_stress_year;nitrogen_stress_year,water_stress,FQA2017_stress_grid_S0004,pareto_balanced,2017-08-15,227,71,66,"{""sim_day"": 71.0, ""doy"": 227.0, ""topwt"": 3222.449951171875, ""grnwt"": 209.08493041992188, ""xlai"": 0.646608293056488, ""totir"": 40.0, ""tofer"": NaN, ""swfac"": 0.0, ""nstres"": 0.2724751830101013}",0.0,0.2724751830101013,3222.449951171875,209.08493041992188,0.646608293056488,40.0,,0.0,0.0,40.0,0.0,3.292561340332032,19.292561340332032,Leave_One_experiments/all_year_offline_schedule_search/daily_outputs/FQA/FQA_2017_FQA2017_stress_grid_S0004_daily.csv
FQA,FQA,Fengqiu,2017,Leave_One_experiments\wth_generated_qc\FQA\FQA2017.WTH,normal_year;water_stress_year;nitrogen_stress_year,water_stress,FQA2017_stress_grid_S0004,pareto_balanced,2017-08-16,228,72,67,"{""sim_day"": 72.0, ""doy"": 228.0, ""topwt"": 3310.8364868164062, ""grnwt"": 288.22866439819336, ""xlai"": 0.6266293525695801, ""totir"": 40.0, ""tofer"": NaN, ""swfac"": 0.0, ""nstres"": 0.3415517210960388}",0.0,0.3415517210960388,3310.8364868164062,288.22866439819336,0.6266293525695801,40.0,,0.0,0.0,40.0,0.0,3.292561340332032,19.292561340332032,Leave_One_experiments/all_year_offline_schedule_search/daily_outputs/FQA/FQA_2017_FQA2017_stress_grid_S0004_daily.csv
FQA,FQA,Fengqiu,2017,Leave_One_experiments\wth_generated_qc\FQA\FQA2017.WTH,normal_year;water_stress_year;nitrogen_stress_year,water_stress,FQA2017_stress_grid_S0004,pareto_balanced,2017-08-17,229,73,68,"{""sim_day"": 73.0, ""doy"": 229.0, ""topwt"": 3394.351806640625, ""grnwt"": 367.9906845092773, ""xlai"": 0.6082583069801331, ""totir"": 40.0, ""tofer"": NaN, ""swfac"": 0.0, ""nstres"": 0.3036154508590698}",0.0,0.3036154508590698,3394.351806640625,367.9906845092773,0.6082583069801331,40.0,,0.0,0.0,40.0,0.0,3.292561340332032,19.292561340332032,Leave_One_experiments/all_year_offline_schedule_search/daily_outputs/FQA/FQA_2017_FQA2017_stress_grid_S0004_daily.csv
FQA,FQA,Fengqiu,2017,Leave_One_experiments\wth_generated_qc\FQA\FQA2017.WTH,normal_year;water_stress_year;nitrogen_stress_year,water_stress,FQA2017_stress_grid_S0004,pareto_balanced,2017-08-18,230,74,69,"{""sim_day"": 74.0, ""doy"": 230.0, ""topwt"": 3437.113342285156, ""grnwt"": 466.9203186035156, ""xlai"": 0.5903881788253784, ""totir"": 40.0, ""tofer"": NaN, ""swfac"": 0.0, ""nstres"": 0.3050982356071472}",0.0,0.3050982356071472,3437.113342285156,466.9203186035156,0.5903881788253784,40.0,,0.0,0.0,40.0,0.0,3.292561340332032,19.292561340332032,Leave_One_experiments/all_year_offline_schedule_search/daily_outputs/FQA/FQA_2017_FQA2017_stress_grid_S0004_daily.csv
FQA,FQA,Fengqiu,2017,Leave_One_experiments\wth_generated_qc\FQA\FQA2017.WTH,normal_year;water_stress_year;nitrogen_stress_year,water_stress,FQA2017_stress_grid_S0004,pareto_balanced,2017-08-19,231,75,70,"{""sim_day"": 75.0, ""doy"": 231.0, ""topwt"": 3525.8709716796875, ""grnwt"": 565.8499526977539, ""xlai"": 0.5729253888130188, ""totir"": 40.0, ""tofer"": NaN, ""swfac"": 0.0, ""nstres"": 0.3098840117454529}",0.0,0.3098840117454529,3525.8709716796875,565.8499526977539,0.5729253888130188,40.0,,0.0,0.0,40.0,0.0,3.292561340332032,19.292561340332032,Leave_One_experiments/all_year_offline_schedule_search/daily_outputs/FQA/FQA_2017_FQA2017_stress_grid_S0004_daily.csv
FQA,FQA,Fengqiu,2017,Leave_One_experiments\wth_generated_qc\FQA\FQA2017.WTH,normal_year;water_stress_year;nitrogen_stress_year,water_stress,FQA2017_stress_grid_S0004,pareto_balanced,2017-08-20,232,76,71,"{""sim_day"": 76.0, ""doy"": 232.0, ""topwt"": 3625.6228637695312, ""grnwt"": 664.7795867919922, ""xlai"": 0.5564066171646118, ""totir"": 40.0, ""tofer"": NaN, ""swfac"": 0.0, ""nstres"": 0.2919757962226867}",0.0,0.2919757962226867,3625.6228637695312,664.7795867919922,0.5564066171646118,40.0,,0.0,0.0,40.0,0.0,3.292561340332032,19.292561340332032,Leave_One_experiments/all_year_offline_schedule_search/daily_outputs/FQA/FQA_2017_FQA2017_stress_grid_S0004_daily.csv
FQA,FQA,Fengqiu,2017,Leave_One_experiments\wth_generated_qc\FQA\FQA2017.WTH,normal_year;water_stress_year;nitrogen_stress_year,water_stress,FQA2017_stress_grid_S0004,pareto_balanced,2017-08-21,233,77,72,"{""sim_day"": 77.0, ""doy"": 233.0, ""topwt"": 3717.0181274414062, ""grnwt"": 751.9612884521484, ""xlai"": 0.5403308272361755, ""totir"": 40.0, ""tofer"": NaN, ""swfac"": 0.0, ""nstres"": 0.293412446975708}",0.0,0.293412446975708,3717.0181274414062,751.9612884521484,0.5403308272361755,40.0,,0.0,0.0,40.0,0.0,3.292561340332032,19.292561340332032,Leave_One_experiments/all_year_offline_schedule_search/daily_outputs/FQA/FQA_2017_FQA2017_stress_grid_S0004_daily.csv
FQA,FQA,Fengqiu,2017,Leave_One_experiments\wth_generated_qc\FQA\FQA2017.WTH,normal_year;water_stress_year;nitrogen_stress_year,water_stress,FQA2017_stress_grid_S0004,pareto_balanced,2017-08-22,234,78,73,"{""sim_day"": 78.0, ""doy"": 234.0, ""topwt"": 3798.939208984375, ""grnwt"": 823.0669403076172, ""xlai"": 0.5246987342834473, ""totir"": 40.0, ""tofer"": NaN, ""swfac"": 0.0, ""nstres"": 0.2943357825279236}",0.0,0.2943357825279236,3798.939208984375,823.0669403076172,0.5246987342834473,40.0,,0.0,0.0,40.0,0.0,3.292561340332032,19.292561340332032,Leave_One_experiments/all_year_offline_schedule_search/daily_outputs/FQA/FQA_2017_FQA2017_stress_grid_S0004_daily.csv
FQA,FQA,Fengqiu,2017,Leave_One_experiments\wth_generated_qc\FQA\FQA2017.WTH,normal_year;water_stress_year;nitrogen_stress_year,water_stress,FQA2017_stress_grid_S0004,pareto_balanced,2017-08-23,235,79,74,"{""sim_day"": 79.0, ""doy"": 235.0, ""topwt"": 3890.306396484375, ""grnwt"": 900.3556823730469, ""xlai"": 0.5095869302749634, ""totir"": 40.0, ""tofer"": NaN, ""swfac"": 0.0, ""nstres"": 0.2912246584892273}",0.0,0.2912246584892273,3890.306396484375,900.3556823730469,0.5095869302749634,40.0,,0.0,0.0,40.0,0.0,3.292561340332032,19.292561340332032,Leave_One_experiments/all_year_offline_schedule_search/daily_outputs/FQA/FQA_2017_FQA2017_stress_grid_S0004_daily.csv
FQA,FQA,Fengqiu,2017,Leave_One_experiments\wth_generated_qc\FQA\FQA2017.WTH,normal_year;water_stress_year;nitrogen_stress_year,water_stress,FQA2017_stress_grid_S0004,pareto_balanced,2017-08-24,236,80,75,"{""sim_day"": 80.0, ""doy"": 236.0, ""topwt"": 3906.115112304688, ""grnwt"": 999.2853546142578, ""xlai"": 0.4947602450847626, ""totir"": 40.0, ""tofer"": NaN, ""swfac"": 0.0, ""nstres"": 0.2982897162437439}",0.0,0.2982897162437439,3906.115112304688,999.2853546142578,0.4947602450847626,40.0,,0.0,0.0,40.0,0.0,3.292561340332032,19.292561340332032,Leave_One_experiments/all_year_offline_schedule_search/daily_outputs/FQA/FQA_2017_FQA2017_stress_grid_S0004_daily.csv
FQA,FQA,Fengqiu,2017,Leave_One_experiments\wth_generated_qc\FQA\FQA2017.WTH,normal_year;water_stress_year;nitrogen_stress_year,water_stress,FQA2017_stress_grid_S0004,pareto_balanced,2017-08-25,237,81,76,"{""sim_day"": 81.0, ""doy"": 237.0, ""topwt"": 3947.9254150390634, ""grnwt"": 1098.2150268554688, ""xlai"": 0.4800182580947876, ""totir"": 40.0, ""tofer"": NaN, ""swfac"": 0.0, ""nstres"": 0.3151105642318725}",0.0,0.3151105642318725,3947.9254150390634,1098.2150268554688,0.4800182580947876,40.0,,0.0,0.0,40.0,0.0,3.292561340332032,19.292561340332032,Leave_One_experiments/all_year_offline_schedule_search/daily_outputs/FQA/FQA_2017_FQA2017_stress_grid_S0004_daily.csv
FQA,FQA,Fengqiu,2017,Leave_One_experiments\wth_generated_qc\FQA\FQA2017.WTH,normal_year;water_stress_year;nitrogen_stress_year,water_stress,FQA2017_stress_grid_S0004,pareto_balanced,2017-08-26,238,82,77,"{""sim_day"": 82.0, ""doy"": 238.0, ""topwt"": 3994.5025634765625, ""grnwt"": 1197.1446990966797, ""xlai"": 0.4662488102912903, ""totir"": 40.0, ""tofer"": NaN, ""swfac"": 0.0, ""nstres"": 0.2884463667869568}",0.0,0.2884463667869568,3994.5025634765625,1197.1446990966797,0.4662488102912903,40.0,,0.0,0.0,40.0,0.0,3.292561340332032,19.292561340332032,Leave_One_experiments/all_year_offline_schedule_search/daily_outputs/FQA/FQA_2017_FQA2017_stress_grid_S0004_daily.csv
FQA,FQA,Fengqiu,2017,Leave_One_experiments\wth_generated_qc\FQA\FQA2017.WTH,normal_year;water_stress_year;nitrogen_stress_year,water_stress,FQA2017_stress_grid_S0004,pareto_balanced,2017-08-27,239,83,78,"{""sim_day"": 83.0, ""doy"": 239.0, ""topwt"": 4048.089904785156, ""grnwt"": 1296.0743713378906, ""xlai"": 0.4530599415302276, ""totir"": 40.0, ""tofer"": NaN, ""swfac"": 0.0, ""nstres"": 0.2788932919502258}",0.0,0.2788932919502258,4048.089904785156,1296.0743713378906,0.4530599415302276,40.0,,0.0,0.0,40.0,0.0,3.292561340332032,19.292561340332032,Leave_One_experiments/all_year_offline_schedule_search/daily_outputs/FQA/FQA_2017_FQA2017_stress_grid_S0004_daily.csv
FQA,FQA,Fengqiu,2017,Leave_One_experiments\wth_generated_qc\FQA\FQA2017.WTH,normal_year;water_stress_year;nitrogen_stress_year,water_stress,FQA2017_stress_grid_S0004,pareto_balanced,2017-08-28,240,84,79,"{""sim_day"": 84.0, ""doy"": 240.0, ""topwt"": 4060.372924804688, ""grnwt"": 1395.0039672851562, ""xlai"": 0.4402740001678467, ""totir"": 40.0, ""tofer"": NaN, ""swfac"": 0.0, ""nstres"": 0.2773115038871765}",0.0,0.2773115038871765,4060.372924804688,1395.0039672851562,0.4402740001678467,40.0,,0.0,0.0,40.0,0.0,3.292561340332032,19.292561340332032,Leave_One_experiments/all_year_offline_schedule_search/daily_outputs/FQA/FQA_2017_FQA2017_stress_grid_S0004_daily.csv
FQA,FQA,Fengqiu,2017,Leave_One_experiments\wth_generated_qc\FQA\FQA2017.WTH,normal_year;water_stress_year;nitrogen_stress_year,water_stress,FQA2017_stress_grid_S0004,pareto_balanced,2017-08-29,241,85,80,"{""sim_day"": 85.0, ""doy"": 241.0, ""topwt"": 4077.5592041015625, ""grnwt"": 1493.933563232422, ""xlai"": 0.4278545677661896, ""totir"": 40.0, ""tofer"": NaN, ""swfac"": 0.0, ""nstres"": 0.2769988179206848}",0.0,0.2769988179206848,4077.5592041015625,1493.933563232422,0.4278545677661896,40.0,,0.0,0.0,40.0,0.0,3.292561340332032,19.292561340332032,Leave_One_experiments/all_year_offline_schedule_search/daily_outputs/FQA/FQA_2017_FQA2017_stress_grid_S0004_daily.csv
FQA,FQA,Fengqiu,2017,Leave_One_experiments\wth_generated_qc\FQA\FQA2017.WTH,normal_year;water_stress_year;nitrogen_stress_year,water_stress,FQA2017_stress_grid_S0004,pareto_balanced,2017-08-30,242,86,81,"{""sim_day"": 86.0, ""doy"": 242.0, ""topwt"": 4124.632568359375, ""grnwt"": 1592.8631591796875, ""xlai"": 0.4161944091320038, ""totir"": 40.0, ""tofer"": NaN, ""swfac"": 0.0, ""nstres"": 0.2540612816810608}",0.0,0.2540612816810608,4124.632568359375,1592.8631591796875,0.4161944091320038,40.0,,0.0,0.0,40.0,0.0,3.292561340332032,19.292561340332032,Leave_One_experiments/all_year_offline_schedule_search/daily_outputs/FQA/FQA_2017_FQA2017_stress_grid_S0004_daily.csv
FQA,FQA,Fengqiu,2017,Leave_One_experiments\wth_generated_qc\FQA\FQA2017.WTH,normal_year;water_stress_year;nitrogen_stress_year,water_stress,FQA2017_stress_grid_S0004,pareto_balanced,2017-08-31,243,87,82,"{""sim_day"": 87.0, ""doy"": 243.0, ""topwt"": 4201.539611816406, ""grnwt"": 1691.7927551269531, ""xlai"": 0.4050375819206238, ""totir"": 40.0, ""tofer"": NaN, ""swfac"": 0.0, ""nstres"": 0.2433648109436035}",0.0,0.2433648109436035,4201.539611816406,1691.7927551269531,0.4050375819206238,40.0,,0.0,0.0,40.0,0.0,3.292561340332032,19.292561340332032,Leave_One_experiments/all_year_offline_schedule_search/daily_outputs/FQA/FQA_2017_FQA2017_stress_grid_S0004_daily.csv
FQA,FQA,Fengqiu,2017,Leave_One_experiments\wth_generated_qc\FQA\FQA2017.WTH,normal_year;water_stress_year;nitrogen_stress_year,water_stress,FQA2017_stress_grid_S0004,pareto_balanced,2017-09-01,244,88,83,"{""sim_day"": 88.0, ""doy"": 244.0, ""topwt"": 4258.052062988281, ""grnwt"": 1790.7223510742188, ""xlai"": 0.3940236270427704, ""totir"": 40.0, ""tofer"": NaN, ""swfac"": 0.0, ""nstres"": 0.252618134021759}",0.0,0.252618134021759,4258.052062988281,1790.7223510742188,0.3940236270427704,40.0,,0.0,0.0,40.0,0.0,3.292561340332032,19.292561340332032,Leave_One_experiments/all_year_offline_schedule_search/daily_outputs/FQA/FQA_2017_FQA2017_stress_grid_S0004_daily.csv
FQA,FQA,Fengqiu,2017,Leave_One_experiments\wth_generated_qc\FQA\FQA2017.WTH,normal_year;water_stress_year;nitrogen_stress_year,water_stress,FQA2017_stress_grid_S0004,pareto_balanced,2017-09-02,245,89,84,"{""sim_day"": 89.0, ""doy"": 245.0, ""topwt"": 4283.558654785156, ""grnwt"": 1889.6519470214844, ""xlai"": 0.3827837705612182, ""totir"": 40.0, ""tofer"": NaN, ""swfac"": 0.0, ""nstres"": 0.2846207618713379}",0.0,0.2846207618713379,4283.558654785156,1889.6519470214844,0.3827837705612182,40.0,,0.0,0.0,40.0,0.0,3.292561340332032,19.292561340332032,Leave_One_experiments/all_year_offline_schedule_search/daily_outputs/FQA/FQA_2017_FQA2017_stress_grid_S0004_daily.csv
FQA,FQA,Fengqiu,2017,Leave_One_experiments\wth_generated_qc\FQA\FQA2017.WTH,normal_year;water_stress_year;nitrogen_stress_year,water_stress,FQA2017_stress_grid_S0004,pareto_balanced,2017-09-03,246,90,85,"{""sim_day"": 90.0, ""doy"": 246.0, ""topwt"": 4306.422119140625, ""grnwt"": 1988.58154296875, ""xlai"": 0.3715884685516357, ""totir"": 40.0, ""tofer"": NaN, ""swfac"": 0.0, ""nstres"": 0.3019289374351501}",0.0,0.3019289374351501,4306.422119140625,1988.58154296875,0.3715884685516357,40.0,,0.0,0.0,40.0,0.0,3.292561340332032,19.292561340332032,Leave_One_experiments/all_year_offline_schedule_search/daily_outputs/FQA/FQA_2017_FQA2017_stress_grid_S0004_daily.csv
FQA,FQA,Fengqiu,2017,Leave_One_experiments\wth_generated_qc\FQA\FQA2017.WTH,normal_year;water_stress_year;nitrogen_stress_year,water_stress,FQA2017_stress_grid_S0004,pareto_balanced,2017-09-04,247,91,86,"{""sim_day"": 91.0, ""doy"": 247.0, ""topwt"": 4291.2939453125, ""grnwt"": 2016.58203125, ""xlai"": 0.3608617186546325, ""totir"": 40.0, ""tofer"": NaN, ""swfac"": 0.0, ""nstres"": 0.2928128838539123}",0.0,0.2928128838539123,4291.2939453125,2016.58203125,0.3608617186546325,40.0,,0.0,0.0,40.0,0.0,3.292561340332032,19.292561340332032,Leave_One_experiments/all_year_offline_schedule_search/daily_outputs/FQA/FQA_2017_FQA2017_stress_grid_S0004_daily.csv
FQA,FQA,Fengqiu,2017,Leave_One_experiments\wth_generated_qc\FQA\FQA2017.WTH,normal_year;water_stress_year;nitrogen_stress_year,water_stress,FQA2017_stress_grid_S0004,pareto_balanced,2017-09-05,248,92,87,"{""sim_day"": 92.0, ""doy"": 248.0, ""topwt"": 4355.401611328125, ""grnwt"": 2080.689697265625, ""xlai"": 0.3517279326915741, ""totir"": 40.0, ""tofer"": NaN, ""swfac"": 0.0, ""nstres"": 0.2074664831161499}",0.0,0.2074664831161499,4355.401611328125,2080.689697265625,0.3517279326915741,40.0,,0.0,0.0,40.0,0.0,3.292561340332032,19.292561340332032,Leave_One_experiments/all_year_offline_schedule_search/daily_outputs/FQA/FQA_2017_FQA2017_stress_grid_S0004_daily.csv
FQA,FQA,Fengqiu,2017,Leave_One_experiments\wth_generated_qc\FQA\FQA2017.WTH,normal_year;water_stress_year;nitrogen_stress_year,water_stress,FQA2017_stress_grid_S0004,pareto_balanced,2017-09-06,249,93,88,"{""sim_day"": 93.0, ""doy"": 249.0, ""topwt"": 4437.0831298828125, ""grnwt"": 2162.3712158203125, ""xlai"": 0.3431973457336426, ""totir"": 40.0, ""tofer"": NaN, ""swfac"": 0.0, ""nstres"": 0.1940259933471679}",0.0,0.1940259933471679,4437.0831298828125,2162.3712158203125,0.3431973457336426,40.0,,0.0,0.0,40.0,0.0,3.292561340332032,19.292561340332032,Leave_One_experiments/all_year_offline_schedule_search/daily_outputs/FQA/FQA_2017_FQA2017_stress_grid_S0004_daily.csv
FQA,FQA,Fengqiu,2017,Leave_One_experiments\wth_generated_qc\FQA\FQA2017.WTH,normal_year;water_stress_year;nitrogen_stress_year,water_stress,FQA2017_stress_grid_S0004,pareto_balanced,2017-09-07,250,94,89,"{""sim_day"": 94.0, ""doy"": 250.0, ""topwt"": 4492.911071777344, ""grnwt"": 2218.1993103027344, ""xlai"": 0.3343287110328674, ""totir"": 40.0, ""tofer"": NaN, ""swfac"": 0.0, ""nstres"": 0.2201927304267883}",0.0,0.2201927304267883,4492.911071777344,2218.1993103027344,0.3343287110328674,40.0,,0.0,0.0,40.0,0.0,3.292561340332032,19.292561340332032,Leave_One_experiments/all_year_offline_schedule_search/daily_outputs/FQA/FQA_2017_FQA2017_stress_grid_S0004_daily.csv
FQA,FQA,Fengqiu,2017,Leave_One_experiments\wth_generated_qc\FQA\FQA2017.WTH,normal_year;water_stress_year;nitrogen_stress_year,water_stress,FQA2017_stress_grid_S0004,pareto_balanced,2017-09-08,251,95,90,"{""sim_day"": 95.0, ""doy"": 251.0, ""topwt"": 4514.132995605469, ""grnwt"": 2239.42138671875, ""xlai"": 0.325627714395523, ""totir"": 40.0, ""tofer"": NaN, ""swfac"": 0.0, ""nstres"": 0.2246035933494568}",0.0,0.2246035933494568,4514.132995605469,2239.42138671875,0.325627714395523,40.0,,0.0,0.0,40.0,0.0,3.292561340332032,19.292561340332032,Leave_One_experiments/all_year_offline_schedule_search/daily_outputs/FQA/FQA_2017_FQA2017_stress_grid_S0004_daily.csv
FQA,FQA,Fengqiu,2017,Leave_One_experiments\wth_generated_qc\FQA\FQA2017.WTH,normal_year;water_stress_year;nitrogen_stress_year,water_stress,FQA2017_stress_grid_S0004,pareto_balanced,2017-09-09,252,96,91,"{""sim_day"": 96.0, ""doy"": 252.0, ""topwt"": 4530.531311035156, ""grnwt"": 2255.819702148437, ""xlai"": 0.3176951110363006, ""totir"": 40.0, ""tofer"": NaN, ""swfac"": 0.0, ""nstres"": 0.1948873400688171}",0.0,0.1948873400688171,4530.531311035156,2255.819702148437,0.3176951110363006,40.0,,0.0,0.0,40.0,0.0,3.292561340332032,19.292561340332032,Leave_One_experiments/all_year_offline_schedule_search/daily_outputs/FQA/FQA_2017_FQA2017_stress_grid_S0004_daily.csv
FQA,FQA,Fengqiu,2017,Leave_One_experiments\wth_generated_qc\FQA\FQA2017.WTH,normal_year;water_stress_year;nitrogen_stress_year,water_stress,FQA2017_stress_grid_S0004,pareto_balanced,2017-09-10,253,97,92,"{""sim_day"": 97.0, ""doy"": 253.0, ""topwt"": 4603.967590332031, ""grnwt"": 2329.256134033203, ""xlai"": 0.3106629848480224, ""totir"": 40.0, ""tofer"": NaN, ""swfac"": 0.0, ""nstres"": 0.177078902721405}",0.0,0.177078902721405,4603.967590332031,2329.256134033203,0.3106629848480224,40.0,,0.0,0.0,40.0,0.0,3.292561340332032,19.292561340332032,Leave_One_experiments/all_year_offline_schedule_search/daily_outputs/FQA/FQA_2017_FQA2017_stress_grid_S0004_daily.csv
FQA,FQA,Fengqiu,2017,Leave_One_experiments\wth_generated_qc\FQA\FQA2017.WTH,normal_year;water_stress_year;nitrogen_stress_year,water_stress,FQA2017_stress_grid_S0004,pareto_balanced,2017-09-11,254,98,93,"{""sim_day"": 98.0, ""doy"": 254.0, ""topwt"": 4603.967590332031, ""grnwt"": 2329.256134033203, ""xlai"": 0.3106629848480224, ""totir"": 40.0, ""tofer"": NaN, ""swfac"": 0.0, ""nstres"": 0.1890471577644348}",0.0,0.1890471577644348,4603.967590332031,2329.256134033203,0.3106629848480224,40.0,,0.0,0.0,40.0,0.0,3.292561340332032,19.292561340332032,Leave_One_experiments/all_year_offline_schedule_search/daily_outputs/FQA/FQA_2017_FQA2017_stress_grid_S0004_daily.csv
FQA,FQA,Fengqiu,2017,Leave_One_experiments\wth_generated_qc\FQA\FQA2017.WTH,normal_year;water_stress_year;nitrogen_stress_year,water_stress,FQA2017_stress_grid_S0004,pareto_balanced,2017-09-12,255,99,94,"{""sim_day"": 99.0, ""doy"": 255.0, ""topwt"": 4603.967590332031, ""grnwt"": 2329.256134033203, ""xlai"": 0.3106629848480224, ""totir"": 40.0, ""tofer"": NaN, ""swfac"": 0.0, ""nstres"": 0.1890471577644348}",0.0,0.1890471577644348,4603.967590332031,2329.256134033203,0.3106629848480224,40.0,,0.0,0.0,40.0,0.0,3.292561340332032,19.292561340332032,Leave_One_experiments/all_year_offline_schedule_search/daily_outputs/FQA/FQA_2017_FQA2017_stress_grid_S0004_daily.csv
FQA,FQA,Fengqiu,2017,Leave_One_experiments\wth_generated_qc\FQA\FQA2017.WTH,normal_year;water_stress_year;nitrogen_stress_year,water_stress,FQA2017_stress_grid_S0004,pareto_balanced,2017-09-13,256,100,95,"{""sim_day"": 100.0, ""doy"": 256.0, ""topwt"": 4603.967590332031, ""grnwt"": 2329.256134033203, ""xlai"": 0.3106629848480224, ""totir"": 40.0, ""tofer"": NaN, ""swfac"": 0.0, ""nstres"": 0.1890471577644348}",0.0,0.1890471577644348,4603.967590332031,2329.256134033203,0.3106629848480224,40.0,,0.0,0.0,40.0,0.0,3.292561340332032,19.292561340332032,Leave_One_experiments/all_year_offline_schedule_search/daily_outputs/FQA/FQA_2017_FQA2017_stress_grid_S0004_daily.csv
FQA,FQA,Fengqiu,2017,Leave_One_experiments\wth_generated_qc\FQA\FQA2017.WTH,normal_year;water_stress_year;nitrogen_stress_year,water_stress,FQA2017_stress_grid_S0005,pareto_balanced,2017-06-11,162,1,1,"{""sim_day"": 1.0, ""doy"": 162.0, ""topwt"": 0.0, ""grnwt"": 0.0, ""xlai"": 0.0, ""totir"": 0.0, ""tofer"": NaN, ""swfac"": 0.0, ""nstres"": 0.0}",0.0,0.0,0.0,0.0,0.0,0.0,,0.0,0.0,40.0,0.0,3.292561340332032,19.292561340332032,Leave_One_experiments/all_year_offline_schedule_search/daily_outputs/FQA/FQA_2017_FQA2017_stress_grid_S0005_daily.csv
FQA,FQA,Fengqiu,2017,Leave_One_experiments\wth_generated_qc\FQA\FQA2017.WTH,normal_year;water_stress_year;nitrogen_stress_year,water_stress,FQA2017_stress_grid_S0005,pareto_balanced,2017-06-12,163,2,2,"{""sim_day"": 2.0, ""doy"": 163.0, ""topwt"": 0.0, ""grnwt"": 0.0, ""xlai"": 0.0, ""totir"": 0.0, ""tofer"": NaN, ""swfac"": 0.0, ""nstres"": 0.0}",0.0,0.0,0.0,0.0,0.0,0.0,,0.0,0.0,40.0,0.0,3.292561340332032,19.292561340332032,Leave_One_experiments/all_year_offline_schedule_search/daily_outputs/FQA/FQA_2017_FQA2017_stress_grid_S0005_daily.csv
FQA,FQA,Fengqiu,2017,Leave_One_experiments\wth_generated_qc\FQA\FQA2017.WTH,normal_year;water_stress_year;nitrogen_stress_year,water_stress,FQA2017_stress_grid_S0005,pareto_balanced,2017-06-13,164,3,3,"{""sim_day"": 3.0, ""doy"": 164.0, ""topwt"": 0.0, ""grnwt"": 0.0, ""xlai"": 0.0, ""totir"": 0.0, ""tofer"": NaN, ""swfac"": 0.0, ""nstres"": 0.0}",0.0,0.0,0.0,0.0,0.0,0.0,,0.0,0.0,40.0,0.0,3.292561340332032,19.292561340332032,Leave_One_experiments/all_year_offline_schedule_search/daily_outputs/FQA/FQA_2017_FQA2017_stress_grid_S0005_daily.csv
FQA,FQA,Fengqiu,2017,Leave_One_experiments\wth_generated_qc\FQA\FQA2017.WTH,normal_year;water_stress_year;nitrogen_stress_year,water_stress,FQA2017_stress_grid_S0005,pareto_balanced,2017-06-14,165,4,4,"{""sim_day"": 4.0, ""doy"": 165.0, ""topwt"": 0.0, ""grnwt"": 0.0, ""xlai"": 0.0, ""totir"": 0.0, ""tofer"": NaN, ""swfac"": 0.0, ""nstres"": 0.0}",0.0,0.0,0.0,0.0,0.0,0.0,,0.0,0.0,40.0,0.0,3.292561340332032,19.292561340332032,Leave_One_experiments/all_year_offline_schedule_search/daily_outputs/FQA/FQA_2017_FQA2017_stress_grid_S0005_daily.csv
FQA,FQA,Fengqiu,2017,Leave_One_experiments\wth_generated_qc\FQA\FQA2017.WTH,normal_year;water_stress_year;nitrogen_stress_year,water_stress,FQA2017_stress_grid_S0005,pareto_balanced,2017-06-15,166,5,5,"{""sim_day"": 5.0, ""doy"": 166.0, ""topwt"": 0.0, ""grnwt"": 0.0, ""xlai"": 0.0, ""totir"": 0.0, ""tofer"": NaN, ""swfac"": 0.0, ""nstres"": 0.0}",0.0,0.0,0.0,0.0,0.0,0.0,,0.0,0.0,40.0,0.0,3.292561340332032,19.292561340332032,Leave_One_experiments/all_year_offline_schedule_search/daily_outputs/FQA/FQA_2017_FQA2017_stress_grid_S0005_daily.csv
FQA,FQA,Fengqiu,2017,Leave_One_experiments\wth_generated_qc\FQA\FQA2017.WTH,normal_year;water_stress_year;nitrogen_stress_year,water_stress,FQA2017_stress_grid_S0005,pareto_balanced,2017-06-11,162,6,1,"{""sim_day"": 6.0, ""doy"": 162.0, ""topwt"": 0.0, ""grnwt"": 0.0, ""xlai"": 0.0, ""totir"": 0.0, ""tofer"": NaN, ""swfac"": 0.0, ""nstres"": 0.0}",0.0,0.0,0.0,0.0,0.0,0.0,,0.0,0.0,40.0,0.0,3.292561340332032,19.292561340332032,Leave_One_experiments/all_year_offline_schedule_search/daily_outputs/FQA/FQA_2017_FQA2017_stress_grid_S0005_daily.csv
FQA,FQA,Fengqiu,2017,Leave_One_experiments\wth_generated_qc\FQA\FQA2017.WTH,normal_year;water_stress_year;nitrogen_stress_year,water_stress,FQA2017_stress_grid_S0005,pareto_balanced,2017-06-12,163,7,2,"{""sim_day"": 7.0, ""doy"": 163.0, ""topwt"": 0.0, ""grnwt"": 0.0, ""xlai"": 0.0, ""totir"": 0.0, ""tofer"": NaN, ""swfac"": 0.0, ""nstres"": 0.0}",0.0,0.0,0.0,0.0,0.0,0.0,,0.0,0.0,40.0,0.0,3.292561340332032,19.292561340332032,Leave_One_experiments/all_year_offline_schedule_search/daily_outputs/FQA/FQA_2017_FQA2017_stress_grid_S0005_daily.csv
FQA,FQA,Fengqiu,2017,Leave_One_experiments\wth_generated_qc\FQA\FQA2017.WTH,normal_year;water_stress_year;nitrogen_stress_year,water_stress,FQA2017_stress_grid_S0005,pareto_balanced,2017-06-13,164,8,3,"{""sim_day"": 8.0, ""doy"": 164.0, ""topwt"": 0.0, ""grnwt"": 0.0, ""xlai"": 0.0, ""totir"": 0.0, ""tofer"": NaN, ""swfac"": 0.0, ""nstres"": 0.0}",0.0,0.0,0.0,0.0,0.0,0.0,,0.0,0.0,40.0,0.0,3.292561340332032,19.292561340332032,Leave_One_experiments/all_year_offline_schedule_search/daily_outputs/FQA/FQA_2017_FQA2017_stress_grid_S0005_daily.csv
FQA,FQA,Fengqiu,2017,Leave_One_experiments\wth_generated_qc\FQA\FQA2017.WTH,normal_year;water_stress_year;nitrogen_stress_year,water_stress,FQA2017_stress_grid_S0005,pareto_balanced,2017-06-14,165,9,4,"{""sim_day"": 9.0, ""doy"": 165.0, ""topwt"": 0.0, ""grnwt"": 0.0, ""xlai"": 0.0, ""totir"": 0.0, ""tofer"": NaN, ""swfac"": 0.0, ""nstres"": 0.0}",0.0,0.0,0.0,0.0,0.0,0.0,,0.0,0.0,40.0,0.0,3.292561340332032,19.292561340332032,Leave_One_experiments/all_year_offline_schedule_search/daily_outputs/FQA/FQA_2017_FQA2017_stress_grid_S0005_daily.csv
FQA,FQA,Fengqiu,2017,Leave_One_experiments\wth_generated_qc\FQA\FQA2017.WTH,normal_year;water_stress_year;nitrogen_stress_year,water_stress,FQA2017_stress_grid_S0005,pareto_balanced,2017-06-15,166,10,5,"{""sim_day"": 10.0, ""doy"": 166.0, ""topwt"": 32.00000047683716, ""grnwt"": 0.0, ""xlai"": 0.0031492230482399, ""totir"": 0.0, ""tofer"": NaN, ""swfac"": 0.0, ""nstres"": 0.0121910572052001}",0.0,0.0121910572052001,32.00000047683716,0.0,0.0031492230482399,0.0,,0.0,0.0,40.0,0.0,3.292561340332032,19.292561340332032,Leave_One_experiments/all_year_offline_schedule_search/daily_outputs/FQA/FQA_2017_FQA2017_stress_grid_S0005_daily.csv
FQA,FQA,Fengqiu,2017,Leave_One_experiments\wth_generated_qc\FQA\FQA2017.WTH,normal_year;water_stress_year;nitrogen_stress_year,water_stress,FQA2017_stress_grid_S0005,pareto_balanced,2017-06-16,167,11,6,"{""sim_day"": 11.0, ""doy"": 167.0, ""topwt"": 32.00000047683716, ""grnwt"": 0.0, ""xlai"": 0.0058102793991565, ""totir"": 0.0, ""tofer"": NaN, ""swfac"": 0.0, ""nstres"": 0.0062524080276489}",0.0,0.0062524080276489,32.00000047683716,0.0,0.0058102793991565,0.0,,0.0,0.0,40.0,0.0,3.292561340332032,19.292561340332032,Leave_One_experiments/all_year_offline_schedule_search/daily_outputs/FQA/FQA_2017_FQA2017_stress_grid_S0005_daily.csv
FQA,FQA,Fengqiu,2017,Leave_One_experiments\wth_generated_qc\FQA\FQA2017.WTH,normal_year;water_stress_year;nitrogen_stress_year,water_stress,FQA2017_stress_grid_S0005,pareto_balanced,2017-06-17,168,12,7,"{""sim_day"": 12.0, ""doy"": 168.0, ""topwt"": 32.00000047683716, ""grnwt"": 0.0, ""xlai"": 0.0087315645068883, ""totir"": 0.0, ""tofer"": NaN, ""swfac"": 0.0, ""nstres"": 0.0}",0.0,0.0,32.00000047683716,0.0,0.0087315645068883,0.0,,0.0,0.0,40.0,0.0,3.292561340332032,19.292561340332032,Leave_One_experiments/all_year_offline_schedule_search/daily_outputs/FQA/FQA_2017_FQA2017_stress_grid_S0005_daily.csv
FQA,FQA,Fengqiu,2017,Leave_One_experiments\wth_generated_qc\FQA\FQA2017.WTH,normal_year;water_stress_year;nitrogen_stress_year,water_stress,FQA2017_stress_grid_S0005,pareto_balanced,2017-06-18,169,13,8,"{""sim_day"": 13.0, ""doy"": 169.0, ""topwt"": 32.00000047683716, ""grnwt"": 0.0, ""xlai"": 0.0121724717319011, ""totir"": 0.0, ""tofer"": NaN, ""swfac"": 0.0, ""nstres"": 0.0}",0.0,0.0,32.00000047683716,0.0,0.0121724717319011,0.0,,0.0,0.0,40.0,0.0,3.292561340332032,19.292561340332032,Leave_One_experiments/all_year_offline_schedule_search/daily_outputs/FQA/FQA_2017_FQA2017_stress_grid_S0005_daily.csv
FQA,FQA,Fengqiu,2017,Leave_One_experiments\wth_generated_qc\FQA\FQA2017.WTH,normal_year;water_stress_year;nitrogen_stress_year,water_stress,FQA2017_stress_grid_S0005,pareto_balanced,2017-06-19,170,14,9,"{""sim_day"": 14.0, ""doy"": 170.0, ""topwt"": 32.00000047683716, ""grnwt"": 0.0, ""xlai"": 0.0163201410323381, ""totir"": 0.0, ""tofer"": NaN, ""swfac"": 0.0, ""nstres"": 0.0}",0.0,0.0,32.00000047683716,0.0,0.0163201410323381,0.0,,0.0,0.0,40.0,0.0,3.292561340332032,19.292561340332032,Leave_One_experiments/all_year_offline_schedule_search/daily_outputs/FQA/FQA_2017_FQA2017_stress_grid_S0005_daily.csv
FQA,FQA,Fengqiu,2017,Leave_One_experiments\wth_generated_qc\FQA\FQA2017.WTH,normal_year;water_stress_year;nitrogen_stress_year,water_stress,FQA2017_stress_grid_S0005,pareto_balanced,2017-06-20,171,15,10,"{""sim_day"": 15.0, ""doy"": 171.0, ""topwt"": 32.00000047683716, ""grnwt"": 0.0, ""xlai"": 0.0200444217771291, ""totir"": 0.0, ""tofer"": NaN, ""swfac"": 0.0, ""nstres"": 0.0}",0.0,0.0,32.00000047683716,0.0,0.0200444217771291,0.0,,0.0,0.0,40.0,0.0,3.292561340332032,19.292561340332032,Leave_One_experiments/all_year_offline_schedule_search/daily_outputs/FQA/FQA_2017_FQA2017_stress_grid_S0005_daily.csv
FQA,FQA,Fengqiu,2017,Leave_One_experiments\wth_generated_qc\FQA\FQA2017.WTH,normal_year;water_stress_year;nitrogen_stress_year,water_stress,FQA2017_stress_grid_S0005,pareto_balanced,2017-06-21,172,16,11,"{""sim_day"": 16.0, ""doy"": 172.0, ""topwt"": 32.00000047683716, ""grnwt"": 0.0, ""xlai"": 0.0235664062201976, ""totir"": 0.0, ""tofer"": NaN, ""swfac"": 0.0, ""nstres"": 0.0}",0.0,0.0,32.00000047683716,0.0,0.0235664062201976,0.0,,0.0,0.0,40.0,0.0,3.292561340332032,19.292561340332032,Leave_One_experiments/all_year_offline_schedule_search/daily_outputs/FQA/FQA_2017_FQA2017_stress_grid_S0005_daily.csv
FQA,FQA,Fengqiu,2017,Leave_One_experiments\wth_generated_qc\FQA\FQA2017.WTH,normal_year;water_stress_year;nitrogen_stress_year,water_stress,FQA2017_stress_grid_S0005,pareto_balanced,2017-06-22,173,17,12,"{""sim_day"": 17.0, ""doy"": 173.0, ""topwt"": 24.842092990875244, ""grnwt"": 0.0, ""xlai"": 0.0364457704126834, ""totir"": 0.0, ""tofer"": NaN, ""swfac"": 0.0, ""nstres"": 0.0}",0.0,0.0,24.842092990875244,0.0,0.0364457704126834,0.0,,0.0,0.0,40.0,0.0,3.292561340332032,19.292561340332032,Leave_One_experiments/all_year_offline_schedule_search/daily_outputs/FQA/FQA_2017_FQA2017_stress_grid_S0005_daily.csv
FQA,FQA,Fengqiu,2017,Leave_One_experiments\wth_generated_qc\FQA\FQA2017.WTH,normal_year;water_stress_year;nitrogen_stress_year,water_stress,FQA2017_stress_grid_S0005,pareto_balanced,2017-06-23,174,18,13,"{""sim_day"": 18.0, ""doy"": 174.0, ""topwt"": 29.732775688171387, ""grnwt"": 0.0, ""xlai"": 0.051752146333456, ""totir"": 0.0, ""tofer"": NaN, ""swfac"": 0.0, ""nstres"": 0.0}",0.0,0.0,29.732775688171387,0.0,0.051752146333456,0.0,,0.0,0.0,40.0,0.0,3.292561340332032,19.292561340332032,Leave_One_experiments/all_year_offline_schedule_search/daily_outputs/FQA/FQA_2017_FQA2017_stress_grid_S0005_daily.csv
FQA,FQA,Fengqiu,2017,Leave_One_experiments\wth_generated_qc\FQA\FQA2017.WTH,normal_year;water_stress_year;nitrogen_stress_year,water_stress,FQA2017_stress_grid_S0005,pareto_balanced,2017-06-24,175,19,14,"{""sim_day"": 19.0, ""doy"": 175.0, ""topwt"": 36.20339870452881, ""grnwt"": 0.0, ""xlai"": 0.07036092877388, ""totir"": 0.0, ""tofer"": NaN, ""swfac"": 0.0, ""nstres"": 0.0}",0.0,0.0,36.20339870452881,0.0,0.07036092877388,0.0,,0.0,0.0,40.0,0.0,3.292561340332032,19.292561340332032,Leave_One_experiments/all_year_offline_schedule_search/daily_outputs/FQA/FQA_2017_FQA2017_stress_grid_S0005_daily.csv
FQA,FQA,Fengqiu,2017,Leave_One_experiments\wth_generated_qc\FQA\FQA2017.WTH,normal_year;water_stress_year;nitrogen_stress_year,water_stress,FQA2017_stress_grid_S0005,pareto_balanced,2017-06-25,176,20,15,"{""sim_day"": 20.0, ""doy"": 176.0, ""topwt"": 44.265241622924805, ""grnwt"": 0.0, ""xlai"": 0.0918827876448631, ""totir"": 0.0, ""tofer"": NaN, ""swfac"": 0.0, ""nstres"": 0.0}",0.0,0.0,44.265241622924805,0.0,0.0918827876448631,0.0,,0.0,0.0,40.0,0.0,3.292561340332032,19.292561340332032,Leave_One_experiments/all_year_offline_schedule_search/daily_outputs/FQA/FQA_2017_FQA2017_stress_grid_S0005_daily.csv
FQA,FQA,Fengqiu,2017,Leave_One_experiments\wth_generated_qc\FQA\FQA2017.WTH,normal_year;water_stress_year;nitrogen_stress_year,water_stress,FQA2017_stress_grid_S0005,pareto_balanced,2017-06-26,177,21,16,"{""sim_day"": 21.0, ""doy"": 177.0, ""topwt"": 54.25403118133545, ""grnwt"": 0.0, ""xlai"": 0.1168342977762222, ""totir"": 0.0, ""tofer"": NaN, ""swfac"": 0.0, ""nstres"": 0.0}",0.0,0.0,54.25403118133545,0.0,0.1168342977762222,0.0,,0.0,0.0,40.0,0.0,3.292561340332032,19.292561340332032,Leave_One_experiments/all_year_offline_schedule_search/daily_outputs/FQA/FQA_2017_FQA2017_stress_grid_S0005_daily.csv
FQA,FQA,Fengqiu,2017,Leave_One_experiments\wth_generated_qc\FQA\FQA2017.WTH,normal_year;water_stress_year;nitrogen_stress_year,water_stress,FQA2017_stress_grid_S0005,pareto_balanced,2017-06-27,178,22,17,"{""sim_day"": 22.0, ""doy"": 178.0, ""topwt"": 66.0362958908081, ""grnwt"": 0.0, ""xlai"": 0.1445552557706833, ""totir"": 0.0, ""tofer"": NaN, ""swfac"": 0.0, ""nstres"": 0.0}",0.0,0.0,66.0362958908081,0.0,0.1445552557706833,0.0,,0.0,0.0,40.0,0.0,3.292561340332032,19.292561340332032,Leave_One_experiments/all_year_offline_schedule_search/daily_outputs/FQA/FQA_2017_FQA2017_stress_grid_S0005_daily.csv
FQA,FQA,Fengqiu,2017,Leave_One_experiments\wth_generated_qc\FQA\FQA2017.WTH,normal_year;water_stress_year;nitrogen_stress_year,water_stress,FQA2017_stress_grid_S0005,pareto_balanced,2017-06-28,179,23,18,"{""sim_day"": 23.0, ""doy"": 179.0, ""topwt"": 79.72453117370605, ""grnwt"": 0.0, ""xlai"": 0.1750690042972564, ""totir"": 0.0, ""tofer"": NaN, ""swfac"": 0.0, ""nstres"": 0.0}",0.0,0.0,79.72453117370605,0.0,0.1750690042972564,0.0,,0.0,0.0,40.0,0.0,3.292561340332032,19.292561340332032,Leave_One_experiments/all_year_offline_schedule_search/daily_outputs/FQA/FQA_2017_FQA2017_stress_grid_S0005_daily.csv
FQA,FQA,Fengqiu,2017,Leave_One_experiments\wth_generated_qc\FQA\FQA2017.WTH,normal_year;water_stress_year;nitrogen_stress_year,water_stress,FQA2017_stress_grid_S0005,pareto_balanced,2017-06-29,180,24,19,"{""sim_day"": 24.0, ""doy"": 180.0, ""topwt"": 94.7817611694336, ""grnwt"": 0.0, ""xlai"": 0.2070515155792236, ""totir"": 0.0, ""tofer"": NaN, ""swfac"": 0.0, ""nstres"": 0.0}",0.0,0.0,94.7817611694336,0.0,0.2070515155792236,0.0,,0.0,0.0,40.0,0.0,3.292561340332032,19.292561340332032,Leave_One_experiments/all_year_offline_schedule_search/daily_outputs/FQA/FQA_2017_FQA2017_stress_grid_S0005_daily.csv
FQA,FQA,Fengqiu,2017,Leave_One_experiments\wth_generated_qc\FQA\FQA2017.WTH,normal_year;water_stress_year;nitrogen_stress_year,water_stress,FQA2017_stress_grid_S0005,pareto_balanced,2017-06-30,181,25,20,"{""sim_day"": 25.0, ""doy"": 181.0, ""topwt"": 110.89293479919434, ""grnwt"": 0.0, ""xlai"": 0.2398484498262405, ""totir"": 40.0, ""tofer"": NaN, ""swfac"": 0.0, ""nstres"": 0.0}",0.0,0.0,110.89293479919434,0.0,0.2398484498262405,40.0,,40.0,0.0,40.0,0.0,3.292561340332032,19.292561340332032,Leave_One_experiments/all_year_offline_schedule_search/daily_outputs/FQA/FQA_2017_FQA2017_stress_grid_S0005_daily.csv
FQA,FQA,Fengqiu,2017,Leave_One_experiments\wth_generated_qc\FQA\FQA2017.WTH,normal_year;water_stress_year;nitrogen_stress_year,water_stress,FQA2017_stress_grid_S0005,pareto_balanced,2017-07-01,182,26,21,"{""sim_day"": 26.0, ""doy"": 182.0, ""topwt"": 129.61541175842285, ""grnwt"": 0.0, ""xlai"": 0.2752034962177276, ""totir"": 40.0, ""tofer"": NaN, ""swfac"": 0.0, ""nstres"": 0.0}",0.0,0.0,129.61541175842285,0.0,0.2752034962177276,40.0,,0.0,0.0,40.0,0.0,3.292561340332032,19.292561340332032,Leave_One_experiments/all_year_offline_schedule_search/daily_outputs/FQA/FQA_2017_FQA2017_stress_grid_S0005_daily.csv
FQA,FQA,Fengqiu,2017,Leave_One_experiments\wth_generated_qc\FQA\FQA2017.WTH,normal_year;water_stress_year;nitrogen_stress_year,water_stress,FQA2017_stress_grid_S0005,pareto_balanced,2017-07-02,183,27,22,"{""sim_day"": 27.0, ""doy"": 183.0, ""topwt"": 152.08840370178223, ""grnwt"": 0.0, ""xlai"": 0.3188675045967102, ""totir"": 40.0, ""tofer"": NaN, ""swfac"": 0.0, ""nstres"": 0.0}",0.0,0.0,152.08840370178223,0.0,0.3188675045967102,40.0,,0.0,0.0,40.0,0.0,3.292561340332032,19.292561340332032,Leave_One_experiments/all_year_offline_schedule_search/daily_outputs/FQA/FQA_2017_FQA2017_stress_grid_S0005_daily.csv
FQA,FQA,Fengqiu,2017,Leave_One_experiments\wth_generated_qc\FQA\FQA2017.WTH,normal_year;water_stress_year;nitrogen_stress_year,water_stress,FQA2017_stress_grid_S0005,pareto_balanced,2017-07-03,184,28,23,"{""sim_day"": 28.0, ""doy"": 184.0, ""topwt"": 178.4476661682129, ""grnwt"": 0.0, ""xlai"": 0.3678793907165527, ""totir"": 40.0, ""tofer"": NaN, ""swfac"": 0.0, ""nstres"": 0.0}",0.0,0.0,178.4476661682129,0.0,0.3678793907165527,40.0,,0.0,0.0,40.0,0.0,3.292561340332032,19.292561340332032,Leave_One_experiments/all_year_offline_schedule_search/daily_outputs/FQA/FQA_2017_FQA2017_stress_grid_S0005_daily.csv
FQA,FQA,Fengqiu,2017,Leave_One_experiments\wth_generated_qc\FQA\FQA2017.WTH,normal_year;water_stress_year;nitrogen_stress_year,water_stress,FQA2017_stress_grid_S0005,pareto_balanced,2017-07-04,185,29,24,"{""sim_day"": 29.0, ""doy"": 185.0, ""topwt"": 206.35297775268555, ""grnwt"": 0.0, ""xlai"": 0.4175289571285248, ""totir"": 40.0, ""tofer"": NaN, ""swfac"": 0.0, ""nstres"": 0.0}",0.0,0.0,206.35297775268555,0.0,0.4175289571285248,40.0,,0.0,0.0,40.0,0.0,3.292561340332032,19.292561340332032,Leave_One_experiments/all_year_offline_schedule_search/daily_outputs/FQA/FQA_2017_FQA2017_stress_grid_S0005_daily.csv
FQA,FQA,Fengqiu,2017,Leave_One_experiments\wth_generated_qc\FQA\FQA2017.WTH,normal_year;water_stress_year;nitrogen_stress_year,water_stress,FQA2017_stress_grid_S0005,pareto_balanced,2017-07-05,186,30,25,"{""sim_day"": 30.0, ""doy"": 186.0, ""topwt"": 232.2463607788086, ""grnwt"": 0.0, ""xlai"": 0.4618199169635772, ""totir"": 40.0, ""tofer"": NaN, ""swfac"": 0.0, ""nstres"": 0.0}",0.0,0.0,232.2463607788086,0.0,0.4618199169635772,40.0,,0.0,0.0,40.0,0.0,3.292561340332032,19.292561340332032,Leave_One_experiments/all_year_offline_schedule_search/daily_outputs/FQA/FQA_2017_FQA2017_stress_grid_S0005_daily.csv
FQA,FQA,Fengqiu,2017,Leave_One_experiments\wth_generated_qc\FQA\FQA2017.WTH,normal_year;water_stress_year;nitrogen_stress_year,water_stress,FQA2017_stress_grid_S0005,pareto_balanced,2017-07-06,187,31,26,"{""sim_day"": 31.0, ""doy"": 187.0, ""topwt"": 267.6106643676758, ""grnwt"": 0.0, ""xlai"": 0.5197213888168335, ""totir"": 40.0, ""tofer"": NaN, ""swfac"": 0.0, ""nstres"": 0.0}",0.0,0.0,267.6106643676758,0.0,0.5197213888168335,40.0,,0.0,0.0,40.0,0.0,3.292561340332032,19.292561340332032,Leave_One_experiments/all_year_offline_schedule_search/daily_outputs/FQA/FQA_2017_FQA2017_stress_grid_S0005_daily.csv
FQA,FQA,Fengqiu,2017,Leave_One_experiments\wth_generated_qc\FQA\FQA2017.WTH,normal_year;water_stress_year;nitrogen_stress_year,water_stress,FQA2017_stress_grid_S0005,pareto_balanced,2017-07-07,188,32,27,"{""sim_day"": 32.0, ""doy"": 188.0, ""topwt"": 308.8063049316406, ""grnwt"": 0.0, ""xlai"": 0.5839269757270813, ""totir"": 40.0, ""tofer"": NaN, ""swfac"": 0.0, ""nstres"": 0.0}",0.0,0.0,308.8063049316406,0.0,0.5839269757270813,40.0,,0.0,0.0,40.0,0.0,3.292561340332032,19.292561340332032,Leave_One_experiments/all_year_offline_schedule_search/daily_outputs/FQA/FQA_2017_FQA2017_stress_grid_S0005_daily.csv
FQA,FQA,Fengqiu,2017,Leave_One_experiments\wth_generated_qc\FQA\FQA2017.WTH,normal_year;water_stress_year;nitrogen_stress_year,water_stress,FQA2017_stress_grid_S0005,pareto_balanced,2017-07-08,189,33,28,"{""sim_day"": 33.0, ""doy"": 189.0, ""topwt"": 352.4557876586914, ""grnwt"": 0.0, ""xlai"": 0.6487098336219788, ""totir"": 40.0, ""tofer"": NaN, ""swfac"": 0.0, ""nstres"": 0.0}",0.0,0.0,352.4557876586914,0.0,0.6487098336219788,40.0,,0.0,0.0,40.0,0.0,3.292561340332032,19.292561340332032,Leave_One_experiments/all_year_offline_schedule_search/daily_outputs/FQA/FQA_2017_FQA2017_stress_grid_S0005_daily.csv
FQA,FQA,Fengqiu,2017,Leave_One_experiments\wth_generated_qc\FQA\FQA2017.WTH,normal_year;water_stress_year;nitrogen_stress_year,water_stress,FQA2017_stress_grid_S0005,pareto_balanced,2017-07-09,190,34,29,"{""sim_day"": 34.0, ""doy"": 190.0, ""topwt"": 399.8078918457031, ""grnwt"": 0.0, ""xlai"": 0.7156750559806824, ""totir"": 40.0, ""tofer"": NaN, ""swfac"": 0.0, ""nstres"": 0.0}",0.0,0.0,399.8078918457031,0.0,0.7156750559806824,40.0,,0.0,0.0,40.0,0.0,3.292561340332032,19.292561340332032,Leave_One_experiments/all_year_offline_schedule_search/daily_outputs/FQA/FQA_2017_FQA2017_stress_grid_S0005_daily.csv
FQA,FQA,Fengqiu,2017,Leave_One_experiments\wth_generated_qc\FQA\FQA2017.WTH,normal_year;water_stress_year;nitrogen_stress_year,water_stress,FQA2017_stress_grid_S0005,pareto_balanced,2017-07-10,191,35,30,"{""sim_day"": 35.0, ""doy"": 191.0, ""topwt"": 454.702262878418, ""grnwt"": 0.0, ""xlai"": 0.7869117856025696, ""totir"": 40.0, ""tofer"": NaN, ""swfac"": 0.0, ""nstres"": 0.0249228477478027}",0.0,0.0249228477478027,454.702262878418,0.0,0.7869117856025696,40.0,,0.0,0.0,40.0,0.0,3.292561340332032,19.292561340332032,Leave_One_experiments/all_year_offline_schedule_search/daily_outputs/FQA/FQA_2017_FQA2017_stress_grid_S0005_daily.csv
FQA,FQA,Fengqiu,2017,Leave_One_experiments\wth_generated_qc\FQA\FQA2017.WTH,normal_year;water_stress_year;nitrogen_stress_year,water_stress,FQA2017_stress_grid_S0005,pareto_balanced,2017-07-11,192,36,31,"{""sim_day"": 36.0, ""doy"": 192.0, ""topwt"": 509.27562713623047, ""grnwt"": 0.0, ""xlai"": 0.8493877649307251, ""totir"": 40.0, ""tofer"": NaN, ""swfac"": 0.0, ""nstres"": 0.0658886432647705}",0.0,0.0658886432647705,509.27562713623047,0.0,0.8493877649307251,40.0,,0.0,0.0,40.0,0.0,3.292561340332032,19.292561340332032,Leave_One_experiments/all_year_offline_schedule_search/daily_outputs/FQA/FQA_2017_FQA2017_stress_grid_S0005_daily.csv
FQA,FQA,Fengqiu,2017,Leave_One_experiments\wth_generated_qc\FQA\FQA2017.WTH,normal_year;water_stress_year;nitrogen_stress_year,water_stress,FQA2017_stress_grid_S0005,pareto_balanced,2017-07-12,193,37,32,"{""sim_day"": 37.0, ""doy"": 193.0, ""topwt"": 564.1497802734375, ""grnwt"": 0.0, ""xlai"": 0.9042283892631532, ""totir"": 40.0, ""tofer"": NaN, ""swfac"": 0.0, ""nstres"": 0.1010042428970336}",0.0,0.1010042428970336,564.1497802734375,0.0,0.9042283892631532,40.0,,0.0,0.0,40.0,0.0,3.292561340332032,19.292561340332032,Leave_One_experiments/all_year_offline_schedule_search/daily_outputs/FQA/FQA_2017_FQA2017_stress_grid_S0005_daily.csv
FQA,FQA,Fengqiu,2017,Leave_One_experiments\wth_generated_qc\FQA\FQA2017.WTH,normal_year;water_stress_year;nitrogen_stress_year,water_stress,FQA2017_stress_grid_S0005,pareto_balanced,2017-07-13,194,38,33,"{""sim_day"": 38.0, ""doy"": 194.0, ""topwt"": 620.9014511108398, ""grnwt"": 0.0, ""xlai"": 0.9539230465888976, ""totir"": 40.0, ""tofer"": NaN, ""swfac"": 0.0, ""nstres"": 0.1280158758163452}",0.0,0.1280158758163452,620.9014511108398,0.0,0.9539230465888976,40.0,,0.0,0.0,40.0,0.0,3.292561340332032,19.292561340332032,Leave_One_experiments/all_year_offline_schedule_search/daily_outputs/FQA/FQA_2017_FQA2017_stress_grid_S0005_daily.csv
FQA,FQA,Fengqiu,2017,Leave_One_experiments\wth_generated_qc\FQA\FQA2017.WTH,normal_year;water_stress_year;nitrogen_stress_year,water_stress,FQA2017_stress_grid_S0005,pareto_balanced,2017-07-14,195,39,34,"{""sim_day"": 39.0, ""doy"": 195.0, ""topwt"": 666.7109680175781, ""grnwt"": 0.0, ""xlai"": 0.9855020046234132, ""totir"": 40.0, ""tofer"": NaN, ""swfac"": 0.0, ""nstres"": 0.1499389410018921}",0.0,0.1499389410018921,666.7109680175781,0.0,0.9855020046234132,40.0,,0.0,0.0,40.0,0.0,3.292561340332032,19.292561340332032,Leave_One_experiments/all_year_offline_schedule_search/daily_outputs/FQA/FQA_2017_FQA2017_stress_grid_S0005_daily.csv
FQA,FQA,Fengqiu,2017,Leave_One_experiments\wth_generated_qc\FQA\FQA2017.WTH,normal_year;water_stress_year;nitrogen_stress_year,water_stress,FQA2017_stress_grid_S0005,pareto_balanced,2017-07-15,196,40,35,"{""sim_day"": 40.0, ""doy"": 196.0, ""topwt"": 717.1737670898438, ""grnwt"": 0.0, ""xlai"": 1.0169514417648315, ""totir"": 40.0, ""tofer"": NaN, ""swfac"": 0.0, ""nstres"": 0.1669970154762268}",0.0,0.1669970154762268,717.1737670898438,0.0,1.0169514417648315,40.0,,0.0,0.0,40.0,0.0,3.292561340332032,19.292561340332032,Leave_One_experiments/all_year_offline_schedule_search/daily_outputs/FQA/FQA_2017_FQA2017_stress_grid_S0005_daily.csv
FQA,FQA,Fengqiu,2017,Leave_One_experiments\wth_generated_qc\FQA\FQA2017.WTH,normal_year;water_stress_year;nitrogen_stress_year,water_stress,FQA2017_stress_grid_S0005,pareto_balanced,2017-07-16,197,41,36,"{""sim_day"": 41.0, ""doy"": 197.0, ""topwt"": 774.0568542480469, ""grnwt"": 0.0, ""xlai"": 1.0503963232040403, ""totir"": 40.0, ""tofer"": NaN, ""swfac"": 0.0, ""nstres"": 0.1763898134231567}",0.0,0.1763898134231567,774.0568542480469,0.0,1.0503963232040403,40.0,,0.0,0.0,40.0,0.0,3.292561340332032,19.292561340332032,Leave_One_experiments/all_year_offline_schedule_search/daily_outputs/FQA/FQA_2017_FQA2017_stress_grid_S0005_daily.csv
FQA,FQA,Fengqiu,2017,Leave_One_experiments\wth_generated_qc\FQA\FQA2017.WTH,normal_year;water_stress_year;nitrogen_stress_year,water_stress,FQA2017_stress_grid_S0005,pareto_balanced,2017-07-17,198,42,37,"{""sim_day"": 42.0, ""doy"": 198.0, ""topwt"": 833.9912414550781, ""grnwt"": 0.0, ""xlai"": 1.0818992853164673, ""totir"": 40.0, ""tofer"": NaN, ""swfac"": 0.0, ""nstres"": 0.1867507100105285}",0.0,0.1867507100105285,833.9912414550781,0.0,1.0818992853164673,40.0,,0.0,0.0,40.0,0.0,3.292561340332032,19.292561340332032,Leave_One_experiments/all_year_offline_schedule_search/daily_outputs/FQA/FQA_2017_FQA2017_stress_grid_S0005_daily.csv
FQA,FQA,Fengqiu,2017,Leave_One_experiments\wth_generated_qc\FQA\FQA2017.WTH,normal_year;water_stress_year;nitrogen_stress_year,water_stress,FQA2017_stress_grid_S0005,pareto_balanced,2017-07-18,199,43,38,"{""sim_day"": 43.0, ""doy"": 199.0, ""topwt"": 892.4051666259766, ""grnwt"": 0.0, ""xlai"": 1.107205867767334, ""totir"": 40.0, ""tofer"": NaN, ""swfac"": 0.0, ""nstres"": 0.1979818344116211}",0.0,0.1979818344116211,892.4051666259766,0.0,1.107205867767334,40.0,,0.0,0.0,40.0,0.0,3.292561340332032,19.292561340332032,Leave_One_experiments/all_year_offline_schedule_search/daily_outputs/FQA/FQA_2017_FQA2017_stress_grid_S0005_daily.csv
FQA,FQA,Fengqiu,2017,Leave_One_experiments\wth_generated_qc\FQA\FQA2017.WTH,normal_year;water_stress_year;nitrogen_stress_year,water_stress,FQA2017_stress_grid_S0005,pareto_balanced,2017-07-19,200,44,39,"{""sim_day"": 44.0, ""doy"": 200.0, ""topwt"": 1044.8200988769531, ""grnwt"": 0.0, ""xlai"": 1.1361225843429563, ""totir"": 40.0, ""tofer"": NaN, ""swfac"": 0.0, ""nstres"": 0.2212795615196228}",0.0,0.2212795615196228,1044.8200988769531,0.0,1.1361225843429563,40.0,,0.0,0.0,40.0,0.0,3.292561340332032,19.292561340332032,Leave_One_experiments/all_year_offline_schedule_search/daily_outputs/FQA/FQA_2017_FQA2017_stress_grid_S0005_daily.csv
FQA,FQA,Fengqiu,2017,Leave_One_experiments\wth_generated_qc\FQA\FQA2017.WTH,normal_year;water_stress_year;nitrogen_stress_year,water_stress,FQA2017_stress_grid_S0005,pareto_balanced,2017-07-20,201,45,40,"{""sim_day"": 45.0, ""doy"": 201.0, ""topwt"": 1190.9323120117188, ""grnwt"": 0.0, ""xlai"": 1.1569095849990845, ""totir"": 40.0, ""tofer"": NaN, ""swfac"": 0.0, ""nstres"": 0.2400650978088379}",0.0,0.2400650978088379,1190.9323120117188,0.0,1.1569095849990845,40.0,,0.0,0.0,40.0,0.0,3.292561340332032,19.292561340332032,Leave_One_experiments/all_year_offline_schedule_search/daily_outputs/FQA/FQA_2017_FQA2017_stress_grid_S0005_daily.csv
FQA,FQA,Fengqiu,2017,Leave_One_experiments\wth_generated_qc\FQA\FQA2017.WTH,normal_year;water_stress_year;nitrogen_stress_year,water_stress,FQA2017_stress_grid_S0005,pareto_balanced,2017-07-21,202,46,41,"{""sim_day"": 46.0, ""doy"": 202.0, ""topwt"": 1294.5289611816406, ""grnwt"": 0.0, ""xlai"": 1.1553523540496826, ""totir"": 40.0, ""tofer"": NaN, ""swfac"": 0.0, ""nstres"": 0.3381600379943847}",0.0,0.3381600379943847,1294.5289611816406,0.0,1.1553523540496826,40.0,,0.0,0.0,40.0,0.0,3.292561340332032,19.292561340332032,Leave_One_experiments/all_year_offline_schedule_search/daily_outputs/FQA/FQA_2017_FQA2017_stress_grid_S0005_daily.csv
FQA,FQA,Fengqiu,2017,Leave_One_experiments\wth_generated_qc\FQA\FQA2017.WTH,normal_year;water_stress_year;nitrogen_stress_year,water_stress,FQA2017_stress_grid_S0005,pareto_balanced,2017-07-22,203,47,42,"{""sim_day"": 47.0, ""doy"": 203.0, ""topwt"": 1392.9071044921875, ""grnwt"": 0.0, ""xlai"": 1.1472305059432983, ""totir"": 40.0, ""tofer"": NaN, ""swfac"": 0.0, ""nstres"": 0.4013981223106384}",0.0,0.4013981223106384,1392.9071044921875,0.0,1.1472305059432983,40.0,,0.0,0.0,40.0,0.0,3.292561340332032,19.292561340332032,Leave_One_experiments/all_year_offline_schedule_search/daily_outputs/FQA/FQA_2017_FQA2017_stress_grid_S0005_daily.csv
FQA,FQA,Fengqiu,2017,Leave_One_experiments\wth_generated_qc\FQA\FQA2017.WTH,normal_year;water_stress_year;nitrogen_stress_year,water_stress,FQA2017_stress_grid_S0005,pareto_balanced,2017-07-23,204,48,43,"{""sim_day"": 48.0, ""doy"": 204.0, ""topwt"": 1482.9615783691406, ""grnwt"": 0.0, ""xlai"": 1.134263038635254, ""totir"": 40.0, ""tofer"": NaN, ""swfac"": 0.0, ""nstres"": 0.4256198406219482}",0.0,0.4256198406219482,1482.9615783691406,0.0,1.134263038635254,40.0,,0.0,0.0,40.0,0.0,3.292561340332032,19.292561340332032,Leave_One_experiments/all_year_offline_schedule_search/daily_outputs/FQA/FQA_2017_FQA2017_stress_grid_S0005_daily.csv
FQA,FQA,Fengqiu,2017,Leave_One_experiments\wth_generated_qc\FQA\FQA2017.WTH,normal_year;water_stress_year;nitrogen_stress_year,water_stress,FQA2017_stress_grid_S0005,pareto_balanced,2017-07-24,205,49,44,"{""sim_day"": 49.0, ""doy"": 205.0, ""topwt"": 1562.0736694335938, ""grnwt"": 0.0, ""xlai"": 1.1167607307434082, ""totir"": 40.0, ""tofer"": NaN, ""swfac"": 0.0, ""nstres"": 0.442062497138977}",0.0,0.442062497138977,1562.0736694335938,0.0,1.1167607307434082,40.0,,0.0,0.0,40.0,0.0,3.292561340332032,19.292561340332032,Leave_One_experiments/all_year_offline_schedule_search/daily_outputs/FQA/FQA_2017_FQA2017_stress_grid_S0005_daily.csv
FQA,FQA,Fengqiu,2017,Leave_One_experiments\wth_generated_qc\FQA\FQA2017.WTH,normal_year;water_stress_year;nitrogen_stress_year,water_stress,FQA2017_stress_grid_S0005,pareto_balanced,2017-07-25,206,50,45,"{""sim_day"": 50.0, ""doy"": 206.0, ""topwt"": 1638.6294555664062, ""grnwt"": 0.0, ""xlai"": 1.097888469696045, ""totir"": 40.0, ""tofer"": NaN, ""swfac"": 0.0, ""nstres"": 0.4515751004219055}",0.0,0.4515751004219055,1638.6294555664062,0.0,1.097888469696045,40.0,,0.0,0.0,40.0,0.0,3.292561340332032,19.292561340332032,Leave_One_experiments/all_year_offline_schedule_search/daily_outputs/FQA/FQA_2017_FQA2017_stress_grid_S0005_daily.csv
FQA,FQA,Fengqiu,2017,Leave_One_experiments\wth_generated_qc\FQA\FQA2017.WTH,normal_year;water_stress_year;nitrogen_stress_year,water_stress,FQA2017_stress_grid_S0005,pareto_balanced,2017-07-26,207,51,46,"{""sim_day"": 51.0, ""doy"": 207.0, ""topwt"": 1690.319366455078, ""grnwt"": 0.0, ""xlai"": 1.0723412036895752, ""totir"": 40.0, ""tofer"": NaN, ""swfac"": 0.0, ""nstres"": 0.4541243314743042}",0.0,0.4541243314743042,1690.319366455078,0.0,1.0723412036895752,40.0,,0.0,0.0,40.0,0.0,3.292561340332032,19.292561340332032,Leave_One_experiments/all_year_offline_schedule_search/daily_outputs/FQA/FQA_2017_FQA2017_stress_grid_S0005_daily.csv
FQA,FQA,Fengqiu,2017,Leave_One_experiments\wth_generated_qc\FQA\FQA2017.WTH,normal_year;water_stress_year;nitrogen_stress_year,water_stress,FQA2017_stress_grid_S0005,pareto_balanced,2017-07-27,208,52,47,"{""sim_day"": 52.0, ""doy"": 208.0, ""topwt"": 1747.2023010253906, ""grnwt"": 0.0, ""xlai"": 1.0484788417816162, ""totir"": 40.0, ""tofer"": NaN, ""swfac"": 0.0, ""nstres"": 0.4589437246322632}",0.0,0.4589437246322632,1747.2023010253906,0.0,1.0484788417816162,40.0,,0.0,0.0,40.0,0.0,3.292561340332032,19.292561340332032,Leave_One_experiments/all_year_offline_schedule_search/daily_outputs/FQA/FQA_2017_FQA2017_stress_grid_S0005_daily.csv
FQA,FQA,Fengqiu,2017,Leave_One_experiments\wth_generated_qc\FQA\FQA2017.WTH,normal_year;water_stress_year;nitrogen_stress_year,water_stress,FQA2017_stress_grid_S0005,pareto_balanced,2017-07-28,209,53,48,"{""sim_day"": 53.0, ""doy"": 209.0, ""topwt"": 1771.5081787109375, ""grnwt"": 0.0, ""xlai"": 1.0170263051986694, ""totir"": 40.0, ""tofer"": NaN, ""swfac"": 0.0, ""nstres"": 0.4556924104690552}",0.0,0.4556924104690552,1771.5081787109375,0.0,1.0170263051986694,40.0,,0.0,0.0,40.0,0.0,3.292561340332032,19.292561340332032,Leave_One_experiments/all_year_offline_schedule_search/daily_outputs/FQA/FQA_2017_FQA2017_stress_grid_S0005_daily.csv
FQA,FQA,Fengqiu,2017,Leave_One_experiments\wth_generated_qc\FQA\FQA2017.WTH,normal_year;water_stress_year;nitrogen_stress_year,water_stress,FQA2017_stress_grid_S0005,pareto_balanced,2017-07-29,210,54,49,"{""sim_day"": 54.0, ""doy"": 210.0, ""topwt"": 1825.0523376464844, ""grnwt"": 0.0, ""xlai"": 0.9939374923706056, ""totir"": 40.0, ""tofer"": NaN, ""swfac"": 0.0, ""nstres"": 0.4535351991653442}",0.0,0.4535351991653442,1825.0523376464844,0.0,0.9939374923706056,40.0,,0.0,0.0,40.0,0.0,3.292561340332032,19.292561340332032,Leave_One_experiments/all_year_offline_schedule_search/daily_outputs/FQA/FQA_2017_FQA2017_stress_grid_S0005_daily.csv
FQA,FQA,Fengqiu,2017,Leave_One_experiments\wth_generated_qc\FQA\FQA2017.WTH,normal_year;water_stress_year;nitrogen_stress_year,water_stress,FQA2017_stress_grid_S0005,pareto_balanced,2017-07-30,211,55,50,"{""sim_day"": 55.0, ""doy"": 211.0, ""topwt"": 1892.5437927246091, ""grnwt"": 0.0, ""xlai"": 0.9758540987968444, ""totir"": 40.0, ""tofer"": NaN, ""swfac"": 0.0, ""nstres"": 0.4363783597946167}",0.0,0.4363783597946167,1892.5437927246091,0.0,0.9758540987968444,40.0,,0.0,0.0,40.0,0.0,3.292561340332032,19.292561340332032,Leave_One_experiments/all_year_offline_schedule_search/daily_outputs/FQA/FQA_2017_FQA2017_stress_grid_S0005_daily.csv
FQA,FQA,Fengqiu,2017,Leave_One_experiments\wth_generated_qc\FQA\FQA2017.WTH,normal_year;water_stress_year;nitrogen_stress_year,water_stress,FQA2017_stress_grid_S0005,pareto_balanced,2017-07-31,212,56,51,"{""sim_day"": 56.0, ""doy"": 212.0, ""topwt"": 1956.6096496582031, ""grnwt"": 0.0, ""xlai"": 0.9574060440063475, ""totir"": 40.0, ""tofer"": NaN, ""swfac"": 0.0, ""nstres"": 0.439574658870697}",0.0,0.439574658870697,1956.6096496582031,0.0,0.9574060440063475,40.0,,0.0,0.0,40.0,0.0,3.292561340332032,19.292561340332032,Leave_One_experiments/all_year_offline_schedule_search/daily_outputs/FQA/FQA_2017_FQA2017_stress_grid_S0005_daily.csv
FQA,FQA,Fengqiu,2017,Leave_One_experiments\wth_generated_qc\FQA\FQA2017.WTH,normal_year;water_stress_year;nitrogen_stress_year,water_stress,FQA2017_stress_grid_S0005,pareto_balanced,2017-08-01,213,57,52,"{""sim_day"": 57.0, ""doy"": 213.0, ""topwt"": 1993.164520263672, ""grnwt"": 0.0, ""xlai"": 0.9325512647628784, ""totir"": 40.0, ""tofer"": NaN, ""swfac"": 0.0, ""nstres"": 0.4445388913154602}",0.0,0.4445388913154602,1993.164520263672,0.0,0.9325512647628784,40.0,,0.0,0.0,40.0,0.0,3.292561340332032,19.292561340332032,Leave_One_experiments/all_year_offline_schedule_search/daily_outputs/FQA/FQA_2017_FQA2017_stress_grid_S0005_daily.csv
FQA,FQA,Fengqiu,2017,Leave_One_experiments\wth_generated_qc\FQA\FQA2017.WTH,normal_year;water_stress_year;nitrogen_stress_year,water_stress,FQA2017_stress_grid_S0005,pareto_balanced,2017-08-02,214,58,53,"{""sim_day"": 58.0, ""doy"": 214.0, ""topwt"": 2070.1329040527344, ""grnwt"": 0.0, ""xlai"": 0.9185829758644104, ""totir"": 40.0, ""tofer"": NaN, ""swfac"": 0.0, ""nstres"": 0.4452562928199768}",0.0,0.4452562928199768,2070.1329040527344,0.0,0.9185829758644104,40.0,,0.0,0.0,40.0,0.0,3.292561340332032,19.292561340332032,Leave_One_experiments/all_year_offline_schedule_search/daily_outputs/FQA/FQA_2017_FQA2017_stress_grid_S0005_daily.csv
FQA,FQA,Fengqiu,2017,Leave_One_experiments\wth_generated_qc\FQA\FQA2017.WTH,normal_year;water_stress_year;nitrogen_stress_year,water_stress,FQA2017_stress_grid_S0005,pareto_balanced,2017-08-03,215,59,54,"{""sim_day"": 59.0, ""doy"": 215.0, ""topwt"": 2150.076904296875, ""grnwt"": 0.0, ""xlai"": 0.9060063362121582, ""totir"": 40.0, ""tofer"": NaN, ""swfac"": 0.0, ""nstres"": 0.4407887458801269}",0.0,0.4407887458801269,2150.076904296875,0.0,0.9060063362121582,40.0,,0.0,0.0,40.0,0.0,3.292561340332032,19.292561340332032,Leave_One_experiments/all_year_offline_schedule_search/daily_outputs/FQA/FQA_2017_FQA2017_stress_grid_S0005_daily.csv
FQA,FQA,Fengqiu,2017,Leave_One_experiments\wth_generated_qc\FQA\FQA2017.WTH,normal_year;water_stress_year;nitrogen_stress_year,water_stress,FQA2017_stress_grid_S0005,pareto_balanced,2017-08-04,216,60,55,"{""sim_day"": 60.0, ""doy"": 216.0, ""topwt"": 2230.0770568847656, ""grnwt"": 0.0, ""xlai"": 0.8940277099609375, ""totir"": 40.0, ""tofer"": NaN, ""swfac"": 0.0, ""nstres"": 0.4367002844810486}",0.0,0.4367002844810486,2230.0770568847656,0.0,0.8940277099609375,40.0,,0.0,0.0,40.0,0.0,3.292561340332032,19.292561340332032,Leave_One_experiments/all_year_offline_schedule_search/daily_outputs/FQA/FQA_2017_FQA2017_stress_grid_S0005_daily.csv
FQA,FQA,Fengqiu,2017,Leave_One_experiments\wth_generated_qc\FQA\FQA2017.WTH,normal_year;water_stress_year;nitrogen_stress_year,water_stress,FQA2017_stress_grid_S0005,pareto_balanced,2017-08-05,217,61,56,"{""sim_day"": 61.0, ""doy"": 217.0, ""topwt"": 2315.058898925781, ""grnwt"": 0.0, ""xlai"": 0.8841027021408081, ""totir"": 40.0, ""tofer"": NaN, ""swfac"": 0.0, ""nstres"": 0.4258223176002502}",0.0,0.4258223176002502,2315.058898925781,0.0,0.8841027021408081,40.0,,0.0,0.0,40.0,0.0,3.292561340332032,19.292561340332032,Leave_One_experiments/all_year_offline_schedule_search/daily_outputs/FQA/FQA_2017_FQA2017_stress_grid_S0005_daily.csv
FQA,FQA,Fengqiu,2017,Leave_One_experiments\wth_generated_qc\FQA\FQA2017.WTH,normal_year;water_stress_year;nitrogen_stress_year,water_stress,FQA2017_stress_grid_S0005,pareto_balanced,2017-08-06,218,62,57,"{""sim_day"": 62.0, ""doy"": 218.0, ""topwt"": 2351.8505859375, ""grnwt"": 0.0, ""xlai"": 0.8543028831481934, ""totir"": 40.0, ""tofer"": NaN, ""swfac"": 0.0, ""nstres"": 0.408950924873352}",0.0,0.408950924873352,2351.8505859375,0.0,0.8543028831481934,40.0,,0.0,0.0,40.0,0.0,3.292561340332032,19.292561340332032,Leave_One_experiments/all_year_offline_schedule_search/daily_outputs/FQA/FQA_2017_FQA2017_stress_grid_S0005_daily.csv
FQA,FQA,Fengqiu,2017,Leave_One_experiments\wth_generated_qc\FQA\FQA2017.WTH,normal_year;water_stress_year;nitrogen_stress_year,water_stress,FQA2017_stress_grid_S0005,pareto_balanced,2017-08-07,219,63,58,"{""sim_day"": 63.0, ""doy"": 219.0, ""topwt"": 2472.0703125, ""grnwt"": 0.0, ""xlai"": 0.8265081644058228, ""totir"": 40.0, ""tofer"": NaN, ""swfac"": 0.0, ""nstres"": 0.380838394165039}",0.0,0.380838394165039,2472.0703125,0.0,0.8265081644058228,40.0,,0.0,0.0,40.0,0.0,3.292561340332032,19.292561340332032,Leave_One_experiments/all_year_offline_schedule_search/daily_outputs/FQA/FQA_2017_FQA2017_stress_grid_S0005_daily.csv
FQA,FQA,Fengqiu,2017,Leave_One_experiments\wth_generated_qc\FQA\FQA2017.WTH,normal_year;water_stress_year;nitrogen_stress_year,water_stress,FQA2017_stress_grid_S0005,pareto_balanced,2017-08-08,220,64,59,"{""sim_day"": 64.0, ""doy"": 220.0, ""topwt"": 2577.6171875, ""grnwt"": 0.0, ""xlai"": 0.8004727363586426, ""totir"": 40.0, ""tofer"": NaN, ""swfac"": 0.0, ""nstres"": 0.3560115694999695}",0.0,0.3560115694999695,2577.6171875,0.0,0.8004727363586426,40.0,,0.0,0.0,40.0,0.0,3.292561340332032,19.292561340332032,Leave_One_experiments/all_year_offline_schedule_search/daily_outputs/FQA/FQA_2017_FQA2017_stress_grid_S0005_daily.csv
FQA,FQA,Fengqiu,2017,Leave_One_experiments\wth_generated_qc\FQA\FQA2017.WTH,normal_year;water_stress_year;nitrogen_stress_year,water_stress,FQA2017_stress_grid_S0005,pareto_balanced,2017-08-09,221,65,60,"{""sim_day"": 65.0, ""doy"": 221.0, ""topwt"": 2696.527709960937, ""grnwt"": 0.0, ""xlai"": 0.7752739787101746, ""totir"": 40.0, ""tofer"": NaN, ""swfac"": 0.0, ""nstres"": 0.3555156588554382}",0.0,0.3555156588554382,2696.527709960937,0.0,0.7752739787101746,40.0,,0.0,0.0,40.0,0.0,3.292561340332032,19.292561340332032,Leave_One_experiments/all_year_offline_schedule_search/daily_outputs/FQA/FQA_2017_FQA2017_stress_grid_S0005_daily.csv
FQA,FQA,Fengqiu,2017,Leave_One_experiments\wth_generated_qc\FQA\FQA2017.WTH,normal_year;water_stress_year;nitrogen_stress_year,water_stress,FQA2017_stress_grid_S0005,pareto_balanced,2017-08-10,222,66,61,"{""sim_day"": 66.0, ""doy"": 222.0, ""topwt"": 2787.5439453125, ""grnwt"": 0.0, ""xlai"": 0.7511094808578491, ""totir"": 40.0, ""tofer"": NaN, ""swfac"": 0.0, ""nstres"": 0.3480554223060608}",0.0,0.3480554223060608,2787.5439453125,0.0,0.7511094808578491,40.0,,0.0,0.0,40.0,0.0,3.292561340332032,19.292561340332032,Leave_One_experiments/all_year_offline_schedule_search/daily_outputs/FQA/FQA_2017_FQA2017_stress_grid_S0005_daily.csv
FQA,FQA,Fengqiu,2017,Leave_One_experiments\wth_generated_qc\FQA\FQA2017.WTH,normal_year;water_stress_year;nitrogen_stress_year,water_stress,FQA2017_stress_grid_S0005,pareto_balanced,2017-08-11,223,67,62,"{""sim_day"": 67.0, ""doy"": 223.0, ""topwt"": 2837.012023925781, ""grnwt"": 0.0, ""xlai"": 0.7278311252593994, ""totir"": 40.0, ""tofer"": NaN, ""swfac"": 0.0, ""nstres"": 0.3438039422035217}",0.0,0.3438039422035217,2837.012023925781,0.0,0.7278311252593994,40.0,,0.0,0.0,40.0,0.0,3.292561340332032,19.292561340332032,Leave_One_experiments/all_year_offline_schedule_search/daily_outputs/FQA/FQA_2017_FQA2017_stress_grid_S0005_daily.csv
FQA,FQA,Fengqiu,2017,Leave_One_experiments\wth_generated_qc\FQA\FQA2017.WTH,normal_year;water_stress_year;nitrogen_stress_year,water_stress,FQA2017_stress_grid_S0005,pareto_balanced,2017-08-12,224,68,63,"{""sim_day"": 68.0, ""doy"": 224.0, ""topwt"": 2928.2257080078125, ""grnwt"": 0.0, ""xlai"": 0.7057071924209595, ""totir"": 40.0, ""tofer"": NaN, ""swfac"": 0.0, ""nstres"": 0.3295274972915649}",0.0,0.3295274972915649,2928.2257080078125,0.0,0.7057071924209595,40.0,,0.0,0.0,40.0,0.0,3.292561340332032,19.292561340332032,Leave_One_experiments/all_year_offline_schedule_search/daily_outputs/FQA/FQA_2017_FQA2017_stress_grid_S0005_daily.csv
FQA,FQA,Fengqiu,2017,Leave_One_experiments\wth_generated_qc\FQA\FQA2017.WTH,normal_year;water_stress_year;nitrogen_stress_year,water_stress,FQA2017_stress_grid_S0005,pareto_balanced,2017-08-13,225,69,64,"{""sim_day"": 69.0, ""doy"": 225.0, ""topwt"": 3014.732360839844, ""grnwt"": 0.0, ""xlai"": 0.6849597692489624, ""totir"": 40.0, ""tofer"": NaN, ""swfac"": 0.0, ""nstres"": 0.3055897951126098}",0.0,0.3055897951126098,3014.732360839844,0.0,0.6849597692489624,40.0,,0.0,0.0,40.0,0.0,3.292561340332032,19.292561340332032,Leave_One_experiments/all_year_offline_schedule_search/daily_outputs/FQA/FQA_2017_FQA2017_stress_grid_S0005_daily.csv
FQA,FQA,Fengqiu,2017,Leave_One_experiments\wth_generated_qc\FQA\FQA2017.WTH,normal_year;water_stress_year;nitrogen_stress_year,water_stress,FQA2017_stress_grid_S0005,pareto_balanced,2017-08-14,226,70,65,"{""sim_day"": 70.0, ""doy"": 226.0, ""topwt"": 3100.2325439453125, ""grnwt"": 0.0, ""xlai"": 0.6652483940124512, ""totir"": 40.0, ""tofer"": NaN, ""swfac"": 0.0, ""nstres"": 0.2906569242477417}",0.0,0.2906569242477417,3100.2325439453125,0.0,0.6652483940124512,40.0,,0.0,0.0,40.0,0.0,3.292561340332032,19.292561340332032,Leave_One_experiments/all_year_offline_schedule_search/daily_outputs/FQA/FQA_2017_FQA2017_stress_grid_S0005_daily.csv
FQA,FQA,Fengqiu,2017,Leave_One_experiments\wth_generated_qc\FQA\FQA2017.WTH,normal_year;water_stress_year;nitrogen_stress_year,water_stress,FQA2017_stress_grid_S0005,pareto_balanced,2017-08-15,227,71,66,"{""sim_day"": 71.0, ""doy"": 227.0, ""topwt"": 3222.449951171875, ""grnwt"": 209.08493041992188, ""xlai"": 0.646608293056488, ""totir"": 40.0, ""tofer"": NaN, ""swfac"": 0.0, ""nstres"": 0.2724751830101013}",0.0,0.2724751830101013,3222.449951171875,209.08493041992188,0.646608293056488,40.0,,0.0,0.0,40.0,0.0,3.292561340332032,19.292561340332032,Leave_One_experiments/all_year_offline_schedule_search/daily_outputs/FQA/FQA_2017_FQA2017_stress_grid_S0005_daily.csv
FQA,FQA,Fengqiu,2017,Leave_One_experiments\wth_generated_qc\FQA\FQA2017.WTH,normal_year;water_stress_year;nitrogen_stress_year,water_stress,FQA2017_stress_grid_S0005,pareto_balanced,2017-08-16,228,72,67,"{""sim_day"": 72.0, ""doy"": 228.0, ""topwt"": 3310.8364868164062, ""grnwt"": 288.22866439819336, ""xlai"": 0.6266293525695801, ""totir"": 40.0, ""tofer"": NaN, ""swfac"": 0.0, ""nstres"": 0.3415517210960388}",0.0,0.3415517210960388,3310.8364868164062,288.22866439819336,0.6266293525695801,40.0,,0.0,0.0,40.0,0.0,3.292561340332032,19.292561340332032,Leave_One_experiments/all_year_offline_schedule_search/daily_outputs/FQA/FQA_2017_FQA2017_stress_grid_S0005_daily.csv
FQA,FQA,Fengqiu,2017,Leave_One_experiments\wth_generated_qc\FQA\FQA2017.WTH,normal_year;water_stress_year;nitrogen_stress_year,water_stress,FQA2017_stress_grid_S0005,pareto_balanced,2017-08-17,229,73,68,"{""sim_day"": 73.0, ""doy"": 229.0, ""topwt"": 3394.351806640625, ""grnwt"": 367.9906845092773, ""xlai"": 0.6082583069801331, ""totir"": 40.0, ""tofer"": NaN, ""swfac"": 0.0, ""nstres"": 0.3036154508590698}",0.0,0.3036154508590698,3394.351806640625,367.9906845092773,0.6082583069801331,40.0,,0.0,0.0,40.0,0.0,3.292561340332032,19.292561340332032,Leave_One_experiments/all_year_offline_schedule_search/daily_outputs/FQA/FQA_2017_FQA2017_stress_grid_S0005_daily.csv
FQA,FQA,Fengqiu,2017,Leave_One_experiments\wth_generated_qc\FQA\FQA2017.WTH,normal_year;water_stress_year;nitrogen_stress_year,water_stress,FQA2017_stress_grid_S0005,pareto_balanced,2017-08-18,230,74,69,"{""sim_day"": 74.0, ""doy"": 230.0, ""topwt"": 3437.113342285156, ""grnwt"": 466.9203186035156, ""xlai"": 0.5903881788253784, ""totir"": 40.0, ""tofer"": NaN, ""swfac"": 0.0, ""nstres"": 0.3050982356071472}",0.0,0.3050982356071472,3437.113342285156,466.9203186035156,0.5903881788253784,40.0,,0.0,0.0,40.0,0.0,3.292561340332032,19.292561340332032,Leave_One_experiments/all_year_offline_schedule_search/daily_outputs/FQA/FQA_2017_FQA2017_stress_grid_S0005_daily.csv
FQA,FQA,Fengqiu,2017,Leave_One_experiments\wth_generated_qc\FQA\FQA2017.WTH,normal_year;water_stress_year;nitrogen_stress_year,water_stress,FQA2017_stress_grid_S0005,pareto_balanced,2017-08-19,231,75,70,"{""sim_day"": 75.0, ""doy"": 231.0, ""topwt"": 3525.8709716796875, ""grnwt"": 565.8499526977539, ""xlai"": 0.5729253888130188, ""totir"": 40.0, ""tofer"": NaN, ""swfac"": 0.0, ""nstres"": 0.3098840117454529}",0.0,0.3098840117454529,3525.8709716796875,565.8499526977539,0.5729253888130188,40.0,,0.0,0.0,40.0,0.0,3.292561340332032,19.292561340332032,Leave_One_experiments/all_year_offline_schedule_search/daily_outputs/FQA/FQA_2017_FQA2017_stress_grid_S0005_daily.csv
FQA,FQA,Fengqiu,2017,Leave_One_experiments\wth_generated_qc\FQA\FQA2017.WTH,normal_year;water_stress_year;nitrogen_stress_year,water_stress,FQA2017_stress_grid_S0005,pareto_balanced,2017-08-20,232,76,71,"{""sim_day"": 76.0, ""doy"": 232.0, ""topwt"": 3625.6228637695312, ""grnwt"": 664.7795867919922, ""xlai"": 0.5564066171646118, ""totir"": 40.0, ""tofer"": NaN, ""swfac"": 0.0, ""nstres"": 0.2919757962226867}",0.0,0.2919757962226867,3625.6228637695312,664.7795867919922,0.5564066171646118,40.0,,0.0,0.0,40.0,0.0,3.292561340332032,19.292561340332032,Leave_One_experiments/all_year_offline_schedule_search/daily_outputs/FQA/FQA_2017_FQA2017_stress_grid_S0005_daily.csv
FQA,FQA,Fengqiu,2017,Leave_One_experiments\wth_generated_qc\FQA\FQA2017.WTH,normal_year;water_stress_year;nitrogen_stress_year,water_stress,FQA2017_stress_grid_S0005,pareto_balanced,2017-08-21,233,77,72,"{""sim_day"": 77.0, ""doy"": 233.0, ""topwt"": 3717.0181274414062, ""grnwt"": 751.9612884521484, ""xlai"": 0.5403308272361755, ""totir"": 40.0, ""tofer"": NaN, ""swfac"": 0.0, ""nstres"": 0.293412446975708}",0.0,0.293412446975708,3717.0181274414062,751.9612884521484,0.5403308272361755,40.0,,0.0,0.0,40.0,0.0,3.292561340332032,19.292561340332032,Leave_One_experiments/all_year_offline_schedule_search/daily_outputs/FQA/FQA_2017_FQA2017_stress_grid_S0005_daily.csv
FQA,FQA,Fengqiu,2017,Leave_One_experiments\wth_generated_qc\FQA\FQA2017.WTH,normal_year;water_stress_year;nitrogen_stress_year,water_stress,FQA2017_stress_grid_S0005,pareto_balanced,2017-08-22,234,78,73,"{""sim_day"": 78.0, ""doy"": 234.0, ""topwt"": 3798.939208984375, ""grnwt"": 823.0669403076172, ""xlai"": 0.5246987342834473, ""totir"": 40.0, ""tofer"": NaN, ""swfac"": 0.0, ""nstres"": 0.2943357825279236}",0.0,0.2943357825279236,3798.939208984375,823.0669403076172,0.5246987342834473,40.0,,0.0,0.0,40.0,0.0,3.292561340332032,19.292561340332032,Leave_One_experiments/all_year_offline_schedule_search/daily_outputs/FQA/FQA_2017_FQA2017_stress_grid_S0005_daily.csv
FQA,FQA,Fengqiu,2017,Leave_One_experiments\wth_generated_qc\FQA\FQA2017.WTH,normal_year;water_stress_year;nitrogen_stress_year,water_stress,FQA2017_stress_grid_S0005,pareto_balanced,2017-08-23,235,79,74,"{""sim_day"": 79.0, ""doy"": 235.0, ""topwt"": 3890.306396484375, ""grnwt"": 900.3556823730469, ""xlai"": 0.5095869302749634, ""totir"": 40.0, ""tofer"": NaN, ""swfac"": 0.0, ""nstres"": 0.2912246584892273}",0.0,0.2912246584892273,3890.306396484375,900.3556823730469,0.5095869302749634,40.0,,0.0,0.0,40.0,0.0,3.292561340332032,19.292561340332032,Leave_One_experiments/all_year_offline_schedule_search/daily_outputs/FQA/FQA_2017_FQA2017_stress_grid_S0005_daily.csv
FQA,FQA,Fengqiu,2017,Leave_One_experiments\wth_generated_qc\FQA\FQA2017.WTH,normal_year;water_stress_year;nitrogen_stress_year,water_stress,FQA2017_stress_grid_S0005,pareto_balanced,2017-08-24,236,80,75,"{""sim_day"": 80.0, ""doy"": 236.0, ""topwt"": 3906.115112304688, ""grnwt"": 999.2853546142578, ""xlai"": 0.4947602450847626, ""totir"": 40.0, ""tofer"": NaN, ""swfac"": 0.0, ""nstres"": 0.2982897162437439}",0.0,0.2982897162437439,3906.115112304688,999.2853546142578,0.4947602450847626,40.0,,0.0,0.0,40.0,0.0,3.292561340332032,19.292561340332032,Leave_One_experiments/all_year_offline_schedule_search/daily_outputs/FQA/FQA_2017_FQA2017_stress_grid_S0005_daily.csv
FQA,FQA,Fengqiu,2017,Leave_One_experiments\wth_generated_qc\FQA\FQA2017.WTH,normal_year;water_stress_year;nitrogen_stress_year,water_stress,FQA2017_stress_grid_S0005,pareto_balanced,2017-08-25,237,81,76,"{""sim_day"": 81.0, ""doy"": 237.0, ""topwt"": 3947.9254150390634, ""grnwt"": 1098.2150268554688, ""xlai"": 0.4800182580947876, ""totir"": 40.0, ""tofer"": NaN, ""swfac"": 0.0, ""nstres"": 0.3151105642318725}",0.0,0.3151105642318725,3947.9254150390634,1098.2150268554688,0.4800182580947876,40.0,,0.0,0.0,40.0,0.0,3.292561340332032,19.292561340332032,Leave_One_experiments/all_year_offline_schedule_search/daily_outputs/FQA/FQA_2017_FQA2017_stress_grid_S0005_daily.csv
FQA,FQA,Fengqiu,2017,Leave_One_experiments\wth_generated_qc\FQA\FQA2017.WTH,normal_year;water_stress_year;nitrogen_stress_year,water_stress,FQA2017_stress_grid_S0005,pareto_balanced,2017-08-26,238,82,77,"{""sim_day"": 82.0, ""doy"": 238.0, ""topwt"": 3994.5025634765625, ""grnwt"": 1197.1446990966797, ""xlai"": 0.4662488102912903, ""totir"": 40.0, ""tofer"": NaN, ""swfac"": 0.0, ""nstres"": 0.2884463667869568}",0.0,0.2884463667869568,3994.5025634765625,1197.1446990966797,0.4662488102912903,40.0,,0.0,0.0,40.0,0.0,3.292561340332032,19.292561340332032,Leave_One_experiments/all_year_offline_schedule_search/daily_outputs/FQA/FQA_2017_FQA2017_stress_grid_S0005_daily.csv
FQA,FQA,Fengqiu,2017,Leave_One_experiments\wth_generated_qc\FQA\FQA2017.WTH,normal_year;water_stress_year;nitrogen_stress_year,water_stress,FQA2017_stress_grid_S0005,pareto_balanced,2017-08-27,239,83,78,"{""sim_day"": 83.0, ""doy"": 239.0, ""topwt"": 4048.089904785156, ""grnwt"": 1296.0743713378906, ""xlai"": 0.4530599415302276, ""totir"": 40.0, ""tofer"": NaN, ""swfac"": 0.0, ""nstres"": 0.2788932919502258}",0.0,0.2788932919502258,4048.089904785156,1296.0743713378906,0.4530599415302276,40.0,,0.0,0.0,40.0,0.0,3.292561340332032,19.292561340332032,Leave_One_experiments/all_year_offline_schedule_search/daily_outputs/FQA/FQA_2017_FQA2017_stress_grid_S0005_daily.csv
FQA,FQA,Fengqiu,2017,Leave_One_experiments\wth_generated_qc\FQA\FQA2017.WTH,normal_year;water_stress_year;nitrogen_stress_year,water_stress,FQA2017_stress_grid_S0005,pareto_balanced,2017-08-28,240,84,79,"{""sim_day"": 84.0, ""doy"": 240.0, ""topwt"": 4060.372924804688, ""grnwt"": 1395.0039672851562, ""xlai"": 0.4402740001678467, ""totir"": 40.0, ""tofer"": NaN, ""swfac"": 0.0, ""nstres"": 0.2773115038871765}",0.0,0.2773115038871765,4060.372924804688,1395.0039672851562,0.4402740001678467,40.0,,0.0,0.0,40.0,0.0,3.292561340332032,19.292561340332032,Leave_One_experiments/all_year_offline_schedule_search/daily_outputs/FQA/FQA_2017_FQA2017_stress_grid_S0005_daily.csv
FQA,FQA,Fengqiu,2017,Leave_One_experiments\wth_generated_qc\FQA\FQA2017.WTH,normal_year;water_stress_year;nitrogen_stress_year,water_stress,FQA2017_stress_grid_S0005,pareto_balanced,2017-08-29,241,85,80,"{""sim_day"": 85.0, ""doy"": 241.0, ""topwt"": 4077.5592041015625, ""grnwt"": 1493.933563232422, ""xlai"": 0.4278545677661896, ""totir"": 40.0, ""tofer"": NaN, ""swfac"": 0.0, ""nstres"": 0.2769988179206848}",0.0,0.2769988179206848,4077.5592041015625,1493.933563232422,0.4278545677661896,40.0,,0.0,0.0,40.0,0.0,3.292561340332032,19.292561340332032,Leave_One_experiments/all_year_offline_schedule_search/daily_outputs/FQA/FQA_2017_FQA2017_stress_grid_S0005_daily.csv
FQA,FQA,Fengqiu,2017,Leave_One_experiments\wth_generated_qc\FQA\FQA2017.WTH,normal_year;water_stress_year;nitrogen_stress_year,water_stress,FQA2017_stress_grid_S0005,pareto_balanced,2017-08-30,242,86,81,"{""sim_day"": 86.0, ""doy"": 242.0, ""topwt"": 4124.632568359375, ""grnwt"": 1592.8631591796875, ""xlai"": 0.4161944091320038, ""totir"": 40.0, ""tofer"": NaN, ""swfac"": 0.0, ""nstres"": 0.2540612816810608}",0.0,0.2540612816810608,4124.632568359375,1592.8631591796875,0.4161944091320038,40.0,,0.0,0.0,40.0,0.0,3.292561340332032,19.292561340332032,Leave_One_experiments/all_year_offline_schedule_search/daily_outputs/FQA/FQA_2017_FQA2017_stress_grid_S0005_daily.csv
FQA,FQA,Fengqiu,2017,Leave_One_experiments\wth_generated_qc\FQA\FQA2017.WTH,normal_year;water_stress_year;nitrogen_stress_year,water_stress,FQA2017_stress_grid_S0005,pareto_balanced,2017-08-31,243,87,82,"{""sim_day"": 87.0, ""doy"": 243.0, ""topwt"": 4201.539611816406, ""grnwt"": 1691.7927551269531, ""xlai"": 0.4050375819206238, ""totir"": 40.0, ""tofer"": NaN, ""swfac"": 0.0, ""nstres"": 0.2433648109436035}",0.0,0.2433648109436035,4201.539611816406,1691.7927551269531,0.4050375819206238,40.0,,0.0,0.0,40.0,0.0,3.292561340332032,19.292561340332032,Leave_One_experiments/all_year_offline_schedule_search/daily_outputs/FQA/FQA_2017_FQA2017_stress_grid_S0005_daily.csv
FQA,FQA,Fengqiu,2017,Leave_One_experiments\wth_generated_qc\FQA\FQA2017.WTH,normal_year;water_stress_year;nitrogen_stress_year,water_stress,FQA2017_stress_grid_S0005,pareto_balanced,2017-09-01,244,88,83,"{""sim_day"": 88.0, ""doy"": 244.0, ""topwt"": 4258.052062988281, ""grnwt"": 1790.7223510742188, ""xlai"": 0.3940236270427704, ""totir"": 40.0, ""tofer"": NaN, ""swfac"": 0.0, ""nstres"": 0.252618134021759}",0.0,0.252618134021759,4258.052062988281,1790.7223510742188,0.3940236270427704,40.0,,0.0,0.0,40.0,0.0,3.292561340332032,19.292561340332032,Leave_One_experiments/all_year_offline_schedule_search/daily_outputs/FQA/FQA_2017_FQA2017_stress_grid_S0005_daily.csv
FQA,FQA,Fengqiu,2017,Leave_One_experiments\wth_generated_qc\FQA\FQA2017.WTH,normal_year;water_stress_year;nitrogen_stress_year,water_stress,FQA2017_stress_grid_S0005,pareto_balanced,2017-09-02,245,89,84,"{""sim_day"": 89.0, ""doy"": 245.0, ""topwt"": 4283.558654785156, ""grnwt"": 1889.6519470214844, ""xlai"": 0.3827837705612182, ""totir"": 40.0, ""tofer"": NaN, ""swfac"": 0.0, ""nstres"": 0.2846207618713379}",0.0,0.2846207618713379,4283.558654785156,1889.6519470214844,0.3827837705612182,40.0,,0.0,0.0,40.0,0.0,3.292561340332032,19.292561340332032,Leave_One_experiments/all_year_offline_schedule_search/daily_outputs/FQA/FQA_2017_FQA2017_stress_grid_S0005_daily.csv
FQA,FQA,Fengqiu,2017,Leave_One_experiments\wth_generated_qc\FQA\FQA2017.WTH,normal_year;water_stress_year;nitrogen_stress_year,water_stress,FQA2017_stress_grid_S0005,pareto_balanced,2017-09-03,246,90,85,"{""sim_day"": 90.0, ""doy"": 246.0, ""topwt"": 4306.422119140625, ""grnwt"": 1988.58154296875, ""xlai"": 0.3715884685516357, ""totir"": 40.0, ""tofer"": NaN, ""swfac"": 0.0, ""nstres"": 0.3019289374351501}",0.0,0.3019289374351501,4306.422119140625,1988.58154296875,0.3715884685516357,40.0,,0.0,0.0,40.0,0.0,3.292561340332032,19.292561340332032,Leave_One_experiments/all_year_offline_schedule_search/daily_outputs/FQA/FQA_2017_FQA2017_stress_grid_S0005_daily.csv
FQA,FQA,Fengqiu,2017,Leave_One_experiments\wth_generated_qc\FQA\FQA2017.WTH,normal_year;water_stress_year;nitrogen_stress_year,water_stress,FQA2017_stress_grid_S0005,pareto_balanced,2017-09-04,247,91,86,"{""sim_day"": 91.0, ""doy"": 247.0, ""topwt"": 4291.2939453125, ""grnwt"": 2016.58203125, ""xlai"": 0.3608617186546325, ""totir"": 40.0, ""tofer"": NaN, ""swfac"": 0.0, ""nstres"": 0.2928128838539123}",0.0,0.2928128838539123,4291.2939453125,2016.58203125,0.3608617186546325,40.0,,0.0,0.0,40.0,0.0,3.292561340332032,19.292561340332032,Leave_One_experiments/all_year_offline_schedule_search/daily_outputs/FQA/FQA_2017_FQA2017_stress_grid_S0005_daily.csv
FQA,FQA,Fengqiu,2017,Leave_One_experiments\wth_generated_qc\FQA\FQA2017.WTH,normal_year;water_stress_year;nitrogen_stress_year,water_stress,FQA2017_stress_grid_S0005,pareto_balanced,2017-09-05,248,92,87,"{""sim_day"": 92.0, ""doy"": 248.0, ""topwt"": 4355.401611328125, ""grnwt"": 2080.689697265625, ""xlai"": 0.3517279326915741, ""totir"": 40.0, ""tofer"": NaN, ""swfac"": 0.0, ""nstres"": 0.2074664831161499}",0.0,0.2074664831161499,4355.401611328125,2080.689697265625,0.3517279326915741,40.0,,0.0,0.0,40.0,0.0,3.292561340332032,19.292561340332032,Leave_One_experiments/all_year_offline_schedule_search/daily_outputs/FQA/FQA_2017_FQA2017_stress_grid_S0005_daily.csv
FQA,FQA,Fengqiu,2017,Leave_One_experiments\wth_generated_qc\FQA\FQA2017.WTH,normal_year;water_stress_year;nitrogen_stress_year,water_stress,FQA2017_stress_grid_S0005,pareto_balanced,2017-09-06,249,93,88,"{""sim_day"": 93.0, ""doy"": 249.0, ""topwt"": 4437.0831298828125, ""grnwt"": 2162.3712158203125, ""xlai"": 0.3431973457336426, ""totir"": 40.0, ""tofer"": NaN, ""swfac"": 0.0, ""nstres"": 0.1940259933471679}",0.0,0.1940259933471679,4437.0831298828125,2162.3712158203125,0.3431973457336426,40.0,,0.0,0.0,40.0,0.0,3.292561340332032,19.292561340332032,Leave_One_experiments/all_year_offline_schedule_search/daily_outputs/FQA/FQA_2017_FQA2017_stress_grid_S0005_daily.csv
FQA,FQA,Fengqiu,2017,Leave_One_experiments\wth_generated_qc\FQA\FQA2017.WTH,normal_year;water_stress_year;nitrogen_stress_year,water_stress,FQA2017_stress_grid_S0005,pareto_balanced,2017-09-07,250,94,89,"{""sim_day"": 94.0, ""doy"": 250.0, ""topwt"": 4492.911071777344, ""grnwt"": 2218.1993103027344, ""xlai"": 0.3343287110328674, ""totir"": 40.0, ""tofer"": NaN, ""swfac"": 0.0, ""nstres"": 0.2201927304267883}",0.0,0.2201927304267883,4492.911071777344,2218.1993103027344,0.3343287110328674,40.0,,0.0,0.0,40.0,0.0,3.292561340332032,19.292561340332032,Leave_One_experiments/all_year_offline_schedule_search/daily_outputs/FQA/FQA_2017_FQA2017_stress_grid_S0005_daily.csv
FQA,FQA,Fengqiu,2017,Leave_One_experiments\wth_generated_qc\FQA\FQA2017.WTH,normal_year;water_stress_year;nitrogen_stress_year,water_stress,FQA2017_stress_grid_S0005,pareto_balanced,2017-09-08,251,95,90,"{""sim_day"": 95.0, ""doy"": 251.0, ""topwt"": 4514.132995605469, ""grnwt"": 2239.42138671875, ""xlai"": 0.325627714395523, ""totir"": 40.0, ""tofer"": NaN, ""swfac"": 0.0, ""nstres"": 0.2246035933494568}",0.0,0.2246035933494568,4514.132995605469,2239.42138671875,0.325627714395523,40.0,,0.0,0.0,40.0,0.0,3.292561340332032,19.292561340332032,Leave_One_experiments/all_year_offline_schedule_search/daily_outputs/FQA/FQA_2017_FQA2017_stress_grid_S0005_daily.csv
FQA,FQA,Fengqiu,2017,Leave_One_experiments\wth_generated_qc\FQA\FQA2017.WTH,normal_year;water_stress_year;nitrogen_stress_year,water_stress,FQA2017_stress_grid_S0005,pareto_balanced,2017-09-09,252,96,91,"{""sim_day"": 96.0, ""doy"": 252.0, ""topwt"": 4530.531311035156, ""grnwt"": 2255.819702148437, ""xlai"": 0.3176951110363006, ""totir"": 40.0, ""tofer"": NaN, ""swfac"": 0.0, ""nstres"": 0.1948873400688171}",0.0,0.1948873400688171,4530.531311035156,2255.819702148437,0.3176951110363006,40.0,,0.0,0.0,40.0,0.0,3.292561340332032,19.292561340332032,Leave_One_experiments/all_year_offline_schedule_search/daily_outputs/FQA/FQA_2017_FQA2017_stress_grid_S0005_daily.csv
FQA,FQA,Fengqiu,2017,Leave_One_experiments\wth_generated_qc\FQA\FQA2017.WTH,normal_year;water_stress_year;nitrogen_stress_year,water_stress,FQA2017_stress_grid_S0005,pareto_balanced,2017-09-10,253,97,92,"{""sim_day"": 97.0, ""doy"": 253.0, ""topwt"": 4603.967590332031, ""grnwt"": 2329.256134033203, ""xlai"": 0.3106629848480224, ""totir"": 40.0, ""tofer"": NaN, ""swfac"": 0.0, ""nstres"": 0.177078902721405}",0.0,0.177078902721405,4603.967590332031,2329.256134033203,0.3106629848480224,40.0,,0.0,0.0,40.0,0.0,3.292561340332032,19.292561340332032,Leave_One_experiments/all_year_offline_schedule_search/daily_outputs/FQA/FQA_2017_FQA2017_stress_grid_S0005_daily.csv
FQA,FQA,Fengqiu,2017,Leave_One_experiments\wth_generated_qc\FQA\FQA2017.WTH,normal_year;water_stress_year;nitrogen_stress_year,water_stress,FQA2017_stress_grid_S0005,pareto_balanced,2017-09-11,254,98,93,"{""sim_day"": 98.0, ""doy"": 254.0, ""topwt"": 4603.967590332031, ""grnwt"": 2329.256134033203, ""xlai"": 0.3106629848480224, ""totir"": 40.0, ""tofer"": NaN, ""swfac"": 0.0, ""nstres"": 0.1890471577644348}",0.0,0.1890471577644348,4603.967590332031,2329.256134033203,0.3106629848480224,40.0,,0.0,0.0,40.0,0.0,3.292561340332032,19.292561340332032,Leave_One_experiments/all_year_offline_schedule_search/daily_outputs/FQA/FQA_2017_FQA2017_stress_grid_S0005_daily.csv
FQA,FQA,Fengqiu,2017,Leave_One_experiments\wth_generated_qc\FQA\FQA2017.WTH,normal_year;water_stress_year;nitrogen_stress_year,water_stress,FQA2017_stress_grid_S0005,pareto_balanced,2017-09-12,255,99,94,"{""sim_day"": 99.0, ""doy"": 255.0, ""topwt"": 4603.967590332031, ""grnwt"": 2329.256134033203, ""xlai"": 0.3106629848480224, ""totir"": 40.0, ""tofer"": NaN, ""swfac"": 0.0, ""nstres"": 0.1890471577644348}",0.0,0.1890471577644348,4603.967590332031,2329.256134033203,0.3106629848480224,40.0,,0.0,0.0,40.0,0.0,3.292561340332032,19.292561340332032,Leave_One_experiments/all_year_offline_schedule_search/daily_outputs/FQA/FQA_2017_FQA2017_stress_grid_S0005_daily.csv
FQA,FQA,Fengqiu,2017,Leave_One_experiments\wth_generated_qc\FQA\FQA2017.WTH,normal_year;water_stress_year;nitrogen_stress_year,water_stress,FQA2017_stress_grid_S0005,pareto_balanced,2017-09-13,256,100,95,"{""sim_day"": 100.0, ""doy"": 256.0, ""topwt"": 4603.967590332031, ""grnwt"": 2329.256134033203, ""xlai"": 0.3106629848480224, ""totir"": 40.0, ""tofer"": NaN, ""swfac"": 0.0, ""nstres"": 0.1890471577644348}",0.0,0.1890471577644348,4603.967590332031,2329.256134033203,0.3106629848480224,40.0,,0.0,0.0,40.0,0.0,3.292561340332032,19.292561340332032,Leave_One_experiments/all_year_offline_schedule_search/daily_outputs/FQA/FQA_2017_FQA2017_stress_grid_S0005_daily.csv
FQA,FQA,Fengqiu,2018,Leave_One_experiments\wth_generated_qc\FQA\FQA2018.WTH,normal_year;water_stress_year;nitrogen_stress_year,water_stress,FQA2018_stress_grid_S0003,irrigation_positive_candidate,2018-06-11,162,1,1,"{""sim_day"": 1.0, ""doy"": 162.0, ""topwt"": 0.0, ""grnwt"": 0.0, ""xlai"": 0.0, ""totir"": 0.0, ""tofer"": NaN, ""swfac"": 0.0, ""nstres"": 0.0}",0.0,0.0,0.0,0.0,0.0,0.0,,0.0,0.0,20.0,0.0,-10.0,-2.0,Leave_One_experiments/all_year_offline_schedule_search/daily_outputs/FQA/FQA_2018_FQA2018_stress_grid_S0003_daily.csv
FQA,FQA,Fengqiu,2018,Leave_One_experiments\wth_generated_qc\FQA\FQA2018.WTH,normal_year;water_stress_year;nitrogen_stress_year,water_stress,FQA2018_stress_grid_S0003,irrigation_positive_candidate,2018-06-12,163,2,2,"{""sim_day"": 2.0, ""doy"": 163.0, ""topwt"": 0.0, ""grnwt"": 0.0, ""xlai"": 0.0, ""totir"": 0.0, ""tofer"": NaN, ""swfac"": 0.0, ""nstres"": 0.0}",0.0,0.0,0.0,0.0,0.0,0.0,,0.0,0.0,20.0,0.0,-10.0,-2.0,Leave_One_experiments/all_year_offline_schedule_search/daily_outputs/FQA/FQA_2018_FQA2018_stress_grid_S0003_daily.csv
FQA,FQA,Fengqiu,2018,Leave_One_experiments\wth_generated_qc\FQA\FQA2018.WTH,normal_year;water_stress_year;nitrogen_stress_year,water_stress,FQA2018_stress_grid_S0003,irrigation_positive_candidate,2018-06-13,164,3,3,"{""sim_day"": 3.0, ""doy"": 164.0, ""topwt"": 0.0, ""grnwt"": 0.0, ""xlai"": 0.0, ""totir"": 0.0, ""tofer"": NaN, ""swfac"": 0.0, ""nstres"": 0.0}",0.0,0.0,0.0,0.0,0.0,0.0,,0.0,0.0,20.0,0.0,-10.0,-2.0,Leave_One_experiments/all_year_offline_schedule_search/daily_outputs/FQA/FQA_2018_FQA2018_stress_grid_S0003_daily.csv
FQA,FQA,Fengqiu,2018,Leave_One_experiments\wth_generated_qc\FQA\FQA2018.WTH,normal_year;water_stress_year;nitrogen_stress_year,water_stress,FQA2018_stress_grid_S0003,irrigation_positive_candidate,2018-06-14,165,4,4,"{""sim_day"": 4.0, ""doy"": 165.0, ""topwt"": 0.0, ""grnwt"": 0.0, ""xlai"": 0.0, ""totir"": 0.0, ""tofer"": NaN, ""swfac"": 0.0, ""nstres"": 0.0}",0.0,0.0,0.0,0.0,0.0,0.0,,0.0,0.0,20.0,0.0,-10.0,-2.0,Leave_One_experiments/all_year_offline_schedule_search/daily_outputs/FQA/FQA_2018_FQA2018_stress_grid_S0003_daily.csv
FQA,FQA,Fengqiu,2018,Leave_One_experiments\wth_generated_qc\FQA\FQA2018.WTH,normal_year;water_stress_year;nitrogen_stress_year,water_stress,FQA2018_stress_grid_S0003,irrigation_positive_candidate,2018-06-15,166,5,5,"{""sim_day"": 5.0, ""doy"": 166.0, ""topwt"": 0.0, ""grnwt"": 0.0, ""xlai"": 0.0, ""totir"": 0.0, ""tofer"": NaN, ""swfac"": 0.0, ""nstres"": 0.0}",0.0,0.0,0.0,0.0,0.0,0.0,,0.0,0.0,20.0,0.0,-10.0,-2.0,Leave_One_experiments/all_year_offline_schedule_search/daily_outputs/FQA/FQA_2018_FQA2018_stress_grid_S0003_daily.csv
FQA,FQA,Fengqiu,2018,Leave_One_experiments\wth_generated_qc\FQA\FQA2018.WTH,normal_year;water_stress_year;nitrogen_stress_year,water_stress,FQA2018_stress_grid_S0003,irrigation_positive_candidate,2018-06-11,162,6,1,"{""sim_day"": 6.0, ""doy"": 162.0, ""topwt"": 0.0, ""grnwt"": 0.0, ""xlai"": 0.0, ""totir"": 0.0, ""tofer"": NaN, ""swfac"": 0.0, ""nstres"": 0.0}",0.0,0.0,0.0,0.0,0.0,0.0,,0.0,0.0,20.0,0.0,-10.0,-2.0,Leave_One_experiments/all_year_offline_schedule_search/daily_outputs/FQA/FQA_2018_FQA2018_stress_grid_S0003_daily.csv
FQA,FQA,Fengqiu,2018,Leave_One_experiments\wth_generated_qc\FQA\FQA2018.WTH,normal_year;water_stress_year;nitrogen_stress_year,water_stress,FQA2018_stress_grid_S0003,irrigation_positive_candidate,2018-06-12,163,7,2,"{""sim_day"": 7.0, ""doy"": 163.0, ""topwt"": 0.0, ""grnwt"": 0.0, ""xlai"": 0.0, ""totir"": 0.0, ""tofer"": NaN, ""swfac"": 0.0, ""nstres"": 0.0}",0.0,0.0,0.0,0.0,0.0,0.0,,0.0,0.0,20.0,0.0,-10.0,-2.0,Leave_One_experiments/all_year_offline_schedule_search/daily_outputs/FQA/FQA_2018_FQA2018_stress_grid_S0003_daily.csv
FQA,FQA,Fengqiu,2018,Leave_One_experiments\wth_generated_qc\FQA\FQA2018.WTH,normal_year;water_stress_year;nitrogen_stress_year,water_stress,FQA2018_stress_grid_S0003,irrigation_positive_candidate,2018-06-13,164,8,3,"{""sim_day"": 8.0, ""doy"": 164.0, ""topwt"": 0.0, ""grnwt"": 0.0, ""xlai"": 0.0, ""totir"": 0.0, ""tofer"": NaN, ""swfac"": 0.0, ""nstres"": 0.0}",0.0,0.0,0.0,0.0,0.0,0.0,,0.0,0.0,20.0,0.0,-10.0,-2.0,Leave_One_experiments/all_year_offline_schedule_search/daily_outputs/FQA/FQA_2018_FQA2018_stress_grid_S0003_daily.csv
FQA,FQA,Fengqiu,2018,Leave_One_experiments\wth_generated_qc\FQA\FQA2018.WTH,normal_year;water_stress_year;nitrogen_stress_year,water_stress,FQA2018_stress_grid_S0003,irrigation_positive_candidate,2018-06-14,165,9,4,"{""sim_day"": 9.0, ""doy"": 165.0, ""topwt"": 0.0, ""grnwt"": 0.0, ""xlai"": 0.0, ""totir"": 0.0, ""tofer"": NaN, ""swfac"": 0.0, ""nstres"": 0.0}",0.0,0.0,0.0,0.0,0.0,0.0,,0.0,0.0,20.0,0.0,-10.0,-2.0,Leave_One_experiments/all_year_offline_schedule_search/daily_outputs/FQA/FQA_2018_FQA2018_stress_grid_S0003_daily.csv
FQA,FQA,Fengqiu,2018,Leave_One_experiments\wth_generated_qc\FQA\FQA2018.WTH,normal_year;water_stress_year;nitrogen_stress_year,water_stress,FQA2018_stress_grid_S0003,irrigation_positive_candidate,2018-06-15,166,10,5,"{""sim_day"": 10.0, ""doy"": 166.0, ""topwt"": 32.00000047683716, ""grnwt"": 0.0, ""xlai"": 0.0031309977639466, ""totir"": 0.0, ""tofer"": NaN, ""swfac"": 0.0, ""nstres"": 0.0121910572052001}",0.0,0.0121910572052001,32.00000047683716,0.0,0.0031309977639466,0.0,,0.0,0.0,20.0,0.0,-10.0,-2.0,Leave_One_experiments/all_year_offline_schedule_search/daily_outputs/FQA/FQA_2018_FQA2018_stress_grid_S0003_daily.csv
FQA,FQA,Fengqiu,2018,Leave_One_experiments\wth_generated_qc\FQA\FQA2018.WTH,normal_year;water_stress_year;nitrogen_stress_year,water_stress,FQA2018_stress_grid_S0003,irrigation_positive_candidate,2018-06-16,167,11,6,"{""sim_day"": 11.0, ""doy"": 167.0, ""topwt"": 32.00000047683716, ""grnwt"": 0.0, ""xlai"": 0.0059345779009163, ""totir"": 0.0, ""tofer"": NaN, ""swfac"": 0.0, ""nstres"": 7.724761962890625e-05}",0.0,7.724761962890625e-05,32.00000047683716,0.0,0.0059345779009163,0.0,,0.0,0.0,20.0,0.0,-10.0,-2.0,Leave_One_experiments/all_year_offline_schedule_search/daily_outputs/FQA/FQA_2018_FQA2018_stress_grid_S0003_daily.csv
FQA,FQA,Fengqiu,2018,Leave_One_experiments\wth_generated_qc\FQA\FQA2018.WTH,normal_year;water_stress_year;nitrogen_stress_year,water_stress,FQA2018_stress_grid_S0003,irrigation_positive_candidate,2018-06-17,168,12,7,"{""sim_day"": 12.0, ""doy"": 168.0, ""topwt"": 32.00000047683716, ""grnwt"": 0.0, ""xlai"": 0.0085158990696072, ""totir"": 0.0, ""tofer"": NaN, ""swfac"": 0.0, ""nstres"": 0.0}",0.0,0.0,32.00000047683716,0.0,0.0085158990696072,0.0,,0.0,0.0,20.0,0.0,-10.0,-2.0,Leave_One_experiments/all_year_offline_schedule_search/daily_outputs/FQA/FQA_2018_FQA2018_stress_grid_S0003_daily.csv
FQA,FQA,Fengqiu,2018,Leave_One_experiments\wth_generated_qc\FQA\FQA2018.WTH,normal_year;water_stress_year;nitrogen_stress_year,water_stress,FQA2018_stress_grid_S0003,irrigation_positive_candidate,2018-06-18,169,13,8,"{""sim_day"": 13.0, ""doy"": 169.0, ""topwt"": 32.00000047683716, ""grnwt"": 0.0, ""xlai"": 0.0114523312076926, ""totir"": 0.0, ""tofer"": NaN, ""swfac"": 0.0, ""nstres"": 0.0}",0.0,0.0,32.00000047683716,0.0,0.0114523312076926,0.0,,0.0,0.0,20.0,0.0,-10.0,-2.0,Leave_One_experiments/all_year_offline_schedule_search/daily_outputs/FQA/FQA_2018_FQA2018_stress_grid_S0003_daily.csv
FQA,FQA,Fengqiu,2018,Leave_One_experiments\wth_generated_qc\FQA\FQA2018.WTH,normal_year;water_stress_year;nitrogen_stress_year,water_stress,FQA2018_stress_grid_S0003,irrigation_positive_candidate,2018-06-19,170,14,9,"{""sim_day"": 14.0, ""doy"": 170.0, ""topwt"": 32.00000047683716, ""grnwt"": 0.0, ""xlai"": 0.0151242762804031, ""totir"": 0.0, ""tofer"": NaN, ""swfac"": 0.0, ""nstres"": 0.0}",0.0,0.0,32.00000047683716,0.0,0.0151242762804031,0.0,,0.0,0.0,20.0,0.0,-10.0,-2.0,Leave_One_experiments/all_year_offline_schedule_search/daily_outputs/FQA/FQA_2018_FQA2018_stress_grid_S0003_daily.csv
FQA,FQA,Fengqiu,2018,Leave_One_experiments\wth_generated_qc\FQA\FQA2018.WTH,normal_year;water_stress_year;nitrogen_stress_year,water_stress,FQA2018_stress_grid_S0003,irrigation_positive_candidate,2018-06-20,171,15,10,"{""sim_day"": 15.0, ""doy"": 171.0, ""topwt"": 32.00000047683716, ""grnwt"": 0.0, ""xlai"": 0.019108222797513, ""totir"": 0.0, ""tofer"": NaN, ""swfac"": 0.0, ""nstres"": 0.0}",0.0,0.0,32.00000047683716,0.0,0.019108222797513,0.0,,0.0,0.0,20.0,0.0,-10.0,-2.0,Leave_One_experiments/all_year_offline_schedule_search/daily_outputs/FQA/FQA_2018_FQA2018_stress_grid_S0003_daily.csv
FQA,FQA,Fengqiu,2018,Leave_One_experiments\wth_generated_qc\FQA\FQA2018.WTH,normal_year;water_stress_year;nitrogen_stress_year,water_stress,FQA2018_stress_grid_S0003,irrigation_positive_candidate,2018-06-21,172,16,11,"{""sim_day"": 16.0, ""doy"": 172.0, ""topwt"": 23.928709030151367, ""grnwt"": 0.0, ""xlai"": 0.0334220677614212, ""totir"": 0.0, ""tofer"": NaN, ""swfac"": 0.0, ""nstres"": 0.0}",0.0,0.0,23.928709030151367,0.0,0.0334220677614212,0.0,,0.0,0.0,20.0,0.0,-10.0,-2.0,Leave_One_experiments/all_year_offline_schedule_search/daily_outputs/FQA/FQA_2018_FQA2018_stress_grid_S0003_daily.csv
FQA,FQA,Fengqiu,2018,Leave_One_experiments\wth_generated_qc\FQA\FQA2018.WTH,normal_year;water_stress_year;nitrogen_stress_year,water_stress,FQA2018_stress_grid_S0003,irrigation_positive_candidate,2018-06-22,173,17,12,"{""sim_day"": 17.0, ""doy"": 173.0, ""topwt"": 29.21288013458252, ""grnwt"": 0.0, ""xlai"": 0.0501986816525459, ""totir"": 0.0, ""tofer"": NaN, ""swfac"": 0.0, ""nstres"": 0.0}",0.0,0.0,29.21288013458252,0.0,0.0501986816525459,0.0,,0.0,0.0,20.0,0.0,-10.0,-2.0,Leave_One_experiments/all_year_offline_schedule_search/daily_outputs/FQA/FQA_2018_FQA2018_stress_grid_S0003_daily.csv
FQA,FQA,Fengqiu,2018,Leave_One_experiments\wth_generated_qc\FQA\FQA2018.WTH,normal_year;water_stress_year;nitrogen_stress_year,water_stress,FQA2018_stress_grid_S0003,irrigation_positive_candidate,2018-06-23,174,18,13,"{""sim_day"": 18.0, ""doy"": 174.0, ""topwt"": 35.823822021484375, ""grnwt"": 0.0, ""xlai"": 0.0693216621875763, ""totir"": 0.0, ""tofer"": NaN, ""swfac"": 0.0, ""nstres"": 0.0}",0.0,0.0,35.823822021484375,0.0,0.0693216621875763,0.0,,0.0,0.0,20.0,0.0,-10.0,-2.0,Leave_One_experiments/all_year_offline_schedule_search/daily_outputs/FQA/FQA_2018_FQA2018_stress_grid_S0003_daily.csv
FQA,FQA,Fengqiu,2018,Leave_One_experiments\wth_generated_qc\FQA\FQA2018.WTH,normal_year;water_stress_year;nitrogen_stress_year,water_stress,FQA2018_stress_grid_S0003,irrigation_positive_candidate,2018-06-24,175,19,14,"{""sim_day"": 19.0, ""doy"": 175.0, ""topwt"": 43.92376899719238, ""grnwt"": 0.0, ""xlai"": 0.0910140424966812, ""totir"": 0.0, ""tofer"": NaN, ""swfac"": 0.0, ""nstres"": 0.0}",0.0,0.0,43.92376899719238,0.0,0.0910140424966812,0.0,,0.0,0.0,20.0,0.0,-10.0,-2.0,Leave_One_experiments/all_year_offline_schedule_search/daily_outputs/FQA/FQA_2018_FQA2018_stress_grid_S0003_daily.csv
FQA,FQA,Fengqiu,2018,Leave_One_experiments\wth_generated_qc\FQA\FQA2018.WTH,normal_year;water_stress_year;nitrogen_stress_year,water_stress,FQA2018_stress_grid_S0003,irrigation_positive_candidate,2018-06-25,176,20,15,"{""sim_day"": 20.0, ""doy"": 176.0, ""topwt"": 50.556321144104, ""grnwt"": 0.0, ""xlai"": 0.1077867373824119, ""totir"": 0.0, ""tofer"": NaN, ""swfac"": 0.0, ""nstres"": 0.0}",0.0,0.0,50.556321144104,0.0,0.1077867373824119,0.0,,0.0,0.0,20.0,0.0,-10.0,-2.0,Leave_One_experiments/all_year_offline_schedule_search/daily_outputs/FQA/FQA_2018_FQA2018_stress_grid_S0003_daily.csv
FQA,FQA,Fengqiu,2018,Leave_One_experiments\wth_generated_qc\FQA\FQA2018.WTH,normal_year;water_stress_year;nitrogen_stress_year,water_stress,FQA2018_stress_grid_S0003,irrigation_positive_candidate,2018-06-26,177,21,16,"{""sim_day"": 21.0, ""doy"": 177.0, ""topwt"": 61.46608829498291, ""grnwt"": 0.0, ""xlai"": 0.1339904367923736, ""totir"": 0.0, ""tofer"": NaN, ""swfac"": 0.0, ""nstres"": 0.0}",0.0,0.0,61.46608829498291,0.0,0.1339904367923736,0.0,,0.0,0.0,20.0,0.0,-10.0,-2.0,Leave_One_experiments/all_year_offline_schedule_search/daily_outputs/FQA/FQA_2018_FQA2018_stress_grid_S0003_daily.csv
FQA,FQA,Fengqiu,2018,Leave_One_experiments\wth_generated_qc\FQA\FQA2018.WTH,normal_year;water_stress_year;nitrogen_stress_year,water_stress,FQA2018_stress_grid_S0003,irrigation_positive_candidate,2018-06-27,178,22,17,"{""sim_day"": 22.0, ""doy"": 178.0, ""topwt"": 74.58514213562012, ""grnwt"": 0.0, ""xlai"": 0.1637919396162033, ""totir"": 0.0, ""tofer"": NaN, ""swfac"": 0.0, ""nstres"": 0.0}",0.0,0.0,74.58514213562012,0.0,0.1637919396162033,0.0,,0.0,0.0,20.0,0.0,-10.0,-2.0,Leave_One_experiments/all_year_offline_schedule_search/daily_outputs/FQA/FQA_2018_FQA2018_stress_grid_S0003_daily.csv
FQA,FQA,Fengqiu,2018,Leave_One_experiments\wth_generated_qc\FQA\FQA2018.WTH,normal_year;water_stress_year;nitrogen_stress_year,water_stress,FQA2018_stress_grid_S0003,irrigation_positive_candidate,2018-06-28,179,23,18,"{""sim_day"": 23.0, ""doy"": 179.0, ""topwt"": 87.00693130493164, ""grnwt"": 0.0, ""xlai"": 0.1907079964876175, ""totir"": 0.0, ""tofer"": NaN, ""swfac"": 0.0, ""nstres"": 0.0}",0.0,0.0,87.00693130493164,0.0,0.1907079964876175,0.0,,0.0,0.0,20.0,0.0,-10.0,-2.0,Leave_One_experiments/all_year_offline_schedule_search/daily_outputs/FQA/FQA_2018_FQA2018_stress_grid_S0003_daily.csv
FQA,FQA,Fengqiu,2018,Leave_One_experiments\wth_generated_qc\FQA\FQA2018.WTH,normal_year;water_stress_year;nitrogen_stress_year,water_stress,FQA2018_stress_grid_S0003,irrigation_positive_candidate,2018-06-29,180,24,19,"{""sim_day"": 24.0, ""doy"": 180.0, ""topwt"": 101.64384841918944, ""grnwt"": 0.0, ""xlai"": 0.2211598306894302, ""totir"": 0.0, ""tofer"": NaN, ""swfac"": 0.0, ""nstres"": 0.0}",0.0,0.0,101.64384841918944,0.0,0.2211598306894302,0.0,,0.0,0.0,20.0,0.0,-10.0,-2.0,Leave_One_experiments/all_year_offline_schedule_search/daily_outputs/FQA/FQA_2018_FQA2018_stress_grid_S0003_daily.csv
FQA,FQA,Fengqiu,2018,Leave_One_experiments\wth_generated_qc\FQA\FQA2018.WTH,normal_year;water_stress_year;nitrogen_stress_year,water_stress,FQA2018_stress_grid_S0003,irrigation_positive_candidate,2018-06-30,181,25,20,"{""sim_day"": 25.0, ""doy"": 181.0, ""topwt"": 118.46674919128418, ""grnwt"": 0.0, ""xlai"": 0.2536141872406006, ""totir"": 20.0, ""tofer"": NaN, ""swfac"": 0.0, ""nstres"": 0.0}",0.0,0.0,118.46674919128418,0.0,0.2536141872406006,20.0,,20.0,0.0,20.0,0.0,-10.0,-2.0,Leave_One_experiments/all_year_offline_schedule_search/daily_outputs/FQA/FQA_2018_FQA2018_stress_grid_S0003_daily.csv
FQA,FQA,Fengqiu,2018,Leave_One_experiments\wth_generated_qc\FQA\FQA2018.WTH,normal_year;water_stress_year;nitrogen_stress_year,water_stress,FQA2018_stress_grid_S0003,irrigation_positive_candidate,2018-07-01,182,26,21,"{""sim_day"": 26.0, ""doy"": 182.0, ""topwt"": 135.25630950927734, ""grnwt"": 0.0, ""xlai"": 0.287054032087326, ""totir"": 20.0, ""tofer"": NaN, ""swfac"": 0.0, ""nstres"": 0.0}",0.0,0.0,135.25630950927734,0.0,0.287054032087326,20.0,,0.0,0.0,20.0,0.0,-10.0,-2.0,Leave_One_experiments/all_year_offline_schedule_search/daily_outputs/FQA/FQA_2018_FQA2018_stress_grid_S0003_daily.csv
FQA,FQA,Fengqiu,2018,Leave_One_experiments\wth_generated_qc\FQA\FQA2018.WTH,normal_year;water_stress_year;nitrogen_stress_year,water_stress,FQA2018_stress_grid_S0003,irrigation_positive_candidate,2018-07-02,183,27,22,"{""sim_day"": 27.0, ""doy"": 183.0, ""topwt"": 156.84964179992676, ""grnwt"": 0.0, ""xlai"": 0.3284238874912262, ""totir"": 20.0, ""tofer"": NaN, ""swfac"": 0.0, ""nstres"": 0.0}",0.0,0.0,156.84964179992676,0.0,0.3284238874912262,20.0,,0.0,0.0,20.0,0.0,-10.0,-2.0,Leave_One_experiments/all_year_offline_schedule_search/daily_outputs/FQA/FQA_2018_FQA2018_stress_grid_S0003_daily.csv
FQA,FQA,Fengqiu,2018,Leave_One_experiments\wth_generated_qc\FQA\FQA2018.WTH,normal_year;water_stress_year;nitrogen_stress_year,water_stress,FQA2018_stress_grid_S0003,irrigation_positive_candidate,2018-07-03,184,28,23,"{""sim_day"": 28.0, ""doy"": 184.0, ""topwt"": 177.10241317749023, ""grnwt"": 0.0, ""xlai"": 0.3657825589179992, ""totir"": 20.0, ""tofer"": NaN, ""swfac"": 0.0, ""nstres"": 0.0}",0.0,0.0,177.10241317749023,0.0,0.3657825589179992,20.0,,0.0,0.0,20.0,0.0,-10.0,-2.0,Leave_One_experiments/all_year_offline_schedule_search/daily_outputs/FQA/FQA_2018_FQA2018_stress_grid_S0003_daily.csv
FQA,FQA,Fengqiu,2018,Leave_One_experiments\wth_generated_qc\FQA\FQA2018.WTH,normal_year;water_stress_year;nitrogen_stress_year,water_stress,FQA2018_stress_grid_S0003,irrigation_positive_candidate,2018-07-04,185,29,24,"{""sim_day"": 29.0, ""doy"": 185.0, ""topwt"": 203.12286376953125, ""grnwt"": 0.0, ""xlai"": 0.411900520324707, ""totir"": 20.0, ""tofer"": NaN, ""swfac"": 0.0, ""nstres"": 0.0}",0.0,0.0,203.12286376953125,0.0,0.411900520324707,20.0,,0.0,0.0,20.0,0.0,-10.0,-2.0,Leave_One_experiments/all_year_offline_schedule_search/daily_outputs/FQA/FQA_2018_FQA2018_stress_grid_S0003_daily.csv
FQA,FQA,Fengqiu,2018,Leave_One_experiments\wth_generated_qc\FQA\FQA2018.WTH,normal_year;water_stress_year;nitrogen_stress_year,water_stress,FQA2018_stress_grid_S0003,irrigation_positive_candidate,2018-07-05,186,30,25,"{""sim_day"": 30.0, ""doy"": 186.0, ""topwt"": 234.2603874206543, ""grnwt"": 0.0, ""xlai"": 0.4646539092063904, ""totir"": 20.0, ""tofer"": NaN, ""swfac"": 0.0, ""nstres"": 0.0}",0.0,0.0,234.2603874206543,0.0,0.4646539092063904,20.0,,0.0,0.0,20.0,0.0,-10.0,-2.0,Leave_One_experiments/all_year_offline_schedule_search/daily_outputs/FQA/FQA_2018_FQA2018_stress_grid_S0003_daily.csv
FQA,FQA,Fengqiu,2018,Leave_One_experiments\wth_generated_qc\FQA\FQA2018.WTH,normal_year;water_stress_year;nitrogen_stress_year,water_stress,FQA2018_stress_grid_S0003,irrigation_positive_candidate,2018-07-06,187,31,26,"{""sim_day"": 31.0, ""doy"": 187.0, ""topwt"": 268.8920783996582, ""grnwt"": 0.0, ""xlai"": 0.5206316709518433, ""totir"": 20.0, ""tofer"": NaN, ""swfac"": 0.0, ""nstres"": 0.0}",0.0,0.0,268.8920783996582,0.0,0.5206316709518433,20.0,,0.0,0.0,20.0,0.0,-10.0,-2.0,Leave_One_experiments/all_year_offline_schedule_search/daily_outputs/FQA/FQA_2018_FQA2018_stress_grid_S0003_daily.csv
FQA,FQA,Fengqiu,2018,Leave_One_experiments\wth_generated_qc\FQA\FQA2018.WTH,normal_year;water_stress_year;nitrogen_stress_year,water_stress,FQA2018_stress_grid_S0003,irrigation_positive_candidate,2018-07-07,188,32,27,"{""sim_day"": 32.0, ""doy"": 188.0, ""topwt"": 304.13095474243164, ""grnwt"": 0.0, ""xlai"": 0.5750798583030701, ""totir"": 20.0, ""tofer"": NaN, ""swfac"": 0.0, ""nstres"": 0.0}",0.0,0.0,304.13095474243164,0.0,0.5750798583030701,20.0,,0.0,0.0,20.0,0.0,-10.0,-2.0,Leave_One_experiments/all_year_offline_schedule_search/daily_outputs/FQA/FQA_2018_FQA2018_stress_grid_S0003_daily.csv
FQA,FQA,Fengqiu,2018,Leave_One_experiments\wth_generated_qc\FQA\FQA2018.WTH,normal_year;water_stress_year;nitrogen_stress_year,water_stress,FQA2018_stress_grid_S0003,irrigation_positive_candidate,2018-07-08,189,33,28,"{""sim_day"": 33.0, ""doy"": 189.0, ""topwt"": 340.21121978759766, ""grnwt"": 0.0, ""xlai"": 0.6285099983215332, ""totir"": 20.0, ""tofer"": NaN, ""swfac"": 0.0, ""nstres"": 0.0}",0.0,0.0,340.21121978759766,0.0,0.6285099983215332,20.0,,0.0,0.0,20.0,0.0,-10.0,-2.0,Leave_One_experiments/all_year_offline_schedule_search/daily_outputs/FQA/FQA_2018_FQA2018_stress_grid_S0003_daily.csv
FQA,FQA,Fengqiu,2018,Leave_One_experiments\wth_generated_qc\FQA\FQA2018.WTH,normal_year;water_stress_year;nitrogen_stress_year,water_stress,FQA2018_stress_grid_S0003,irrigation_positive_candidate,2018-07-09,190,34,29,"{""sim_day"": 34.0, ""doy"": 190.0, ""topwt"": 378.2121276855469, ""grnwt"": 0.0, ""xlai"": 0.682517409324646, ""totir"": 20.0, ""tofer"": NaN, ""swfac"": 0.0, ""nstres"": 0.0}",0.0,0.0,378.2121276855469,0.0,0.682517409324646,20.0,,0.0,0.0,20.0,0.0,-10.0,-2.0,Leave_One_experiments/all_year_offline_schedule_search/daily_outputs/FQA/FQA_2018_FQA2018_stress_grid_S0003_daily.csv
FQA,FQA,Fengqiu,2018,Leave_One_experiments\wth_generated_qc\FQA\FQA2018.WTH,normal_year;water_stress_year;nitrogen_stress_year,water_stress,FQA2018_stress_grid_S0003,irrigation_positive_candidate,2018-07-10,191,35,30,"{""sim_day"": 35.0, ""doy"": 191.0, ""topwt"": 424.0995788574219, ""grnwt"": 0.0, ""xlai"": 0.7449022531509399, ""totir"": 20.0, ""tofer"": NaN, ""swfac"": 0.0, ""nstres"": 0.0}",0.0,0.0,424.0995788574219,0.0,0.7449022531509399,20.0,,0.0,0.0,20.0,0.0,-10.0,-2.0,Leave_One_experiments/all_year_offline_schedule_search/daily_outputs/FQA/FQA_2018_FQA2018_stress_grid_S0003_daily.csv
FQA,FQA,Fengqiu,2018,Leave_One_experiments\wth_generated_qc\FQA\FQA2018.WTH,normal_year;water_stress_year;nitrogen_stress_year,water_stress,FQA2018_stress_grid_S0003,irrigation_positive_candidate,2018-07-11,192,36,31,"{""sim_day"": 36.0, ""doy"": 192.0, ""topwt"": 478.0776977539063, ""grnwt"": 0.0, ""xlai"": 0.8148251175880432, ""totir"": 20.0, ""tofer"": NaN, ""swfac"": 0.0, ""nstres"": 0.0}",0.0,0.0,478.0776977539063,0.0,0.8148251175880432,20.0,,0.0,0.0,20.0,0.0,-10.0,-2.0,Leave_One_experiments/all_year_offline_schedule_search/daily_outputs/FQA/FQA_2018_FQA2018_stress_grid_S0003_daily.csv
FQA,FQA,Fengqiu,2018,Leave_One_experiments\wth_generated_qc\FQA\FQA2018.WTH,normal_year;water_stress_year;nitrogen_stress_year,water_stress,FQA2018_stress_grid_S0003,irrigation_positive_candidate,2018-07-12,193,37,32,"{""sim_day"": 37.0, ""doy"": 193.0, ""topwt"": 540.0014114379883, ""grnwt"": 0.0, ""xlai"": 0.8898664712905884, ""totir"": 20.0, ""tofer"": NaN, ""swfac"": 0.0, ""nstres"": 0.0101861953735351}",0.0,0.0101861953735351,540.0014114379883,0.0,0.8898664712905884,20.0,,0.0,0.0,20.0,0.0,-10.0,-2.0,Leave_One_experiments/all_year_offline_schedule_search/daily_outputs/FQA/FQA_2018_FQA2018_stress_grid_S0003_daily.csv
FQA,FQA,Fengqiu,2018,Leave_One_experiments\wth_generated_qc\FQA\FQA2018.WTH,normal_year;water_stress_year;nitrogen_stress_year,water_stress,FQA2018_stress_grid_S0003,irrigation_positive_candidate,2018-07-13,194,38,33,"{""sim_day"": 38.0, ""doy"": 194.0, ""topwt"": 602.7310180664062, ""grnwt"": 0.0, ""xlai"": 0.9576756358146667, ""totir"": 20.0, ""tofer"": NaN, ""swfac"": 0.0, ""nstres"": 0.0453304052352905}",0.0,0.0453304052352905,602.7310180664062,0.0,0.9576756358146667,20.0,,0.0,0.0,20.0,0.0,-10.0,-2.0,Leave_One_experiments/all_year_offline_schedule_search/daily_outputs/FQA/FQA_2018_FQA2018_stress_grid_S0003_daily.csv
FQA,FQA,Fengqiu,2018,Leave_One_experiments\wth_generated_qc\FQA\FQA2018.WTH,normal_year;water_stress_year;nitrogen_stress_year,water_stress,FQA2018_stress_grid_S0003,irrigation_positive_candidate,2018-07-14,195,39,34,"{""sim_day"": 39.0, ""doy"": 195.0, ""topwt"": 671.4162445068359, ""grnwt"": 0.0, ""xlai"": 1.023019790649414, ""totir"": 20.0, ""tofer"": NaN, ""swfac"": 0.0, ""nstres"": 0.0822151899337768}",0.0,0.0822151899337768,671.4162445068359,0.0,1.023019790649414,20.0,,0.0,0.0,20.0,0.0,-10.0,-2.0,Leave_One_experiments/all_year_offline_schedule_search/daily_outputs/FQA/FQA_2018_FQA2018_stress_grid_S0003_daily.csv
FQA,FQA,Fengqiu,2018,Leave_One_experiments\wth_generated_qc\FQA\FQA2018.WTH,normal_year;water_stress_year;nitrogen_stress_year,water_stress,FQA2018_stress_grid_S0003,irrigation_positive_candidate,2018-07-15,196,40,35,"{""sim_day"": 40.0, ""doy"": 196.0, ""topwt"": 742.8426361083984, ""grnwt"": 0.0, ""xlai"": 1.0825471878051758, ""totir"": 20.0, ""tofer"": NaN, ""swfac"": 0.0, ""nstres"": 0.1108328104019165}",0.0,0.1108328104019165,742.8426361083984,0.0,1.0825471878051758,20.0,,0.0,0.0,20.0,0.0,-10.0,-2.0,Leave_One_experiments/all_year_offline_schedule_search/daily_outputs/FQA/FQA_2018_FQA2018_stress_grid_S0003_daily.csv
FQA,FQA,Fengqiu,2018,Leave_One_experiments\wth_generated_qc\FQA\FQA2018.WTH,normal_year;water_stress_year;nitrogen_stress_year,water_stress,FQA2018_stress_grid_S0003,irrigation_positive_candidate,2018-07-16,197,41,36,"{""sim_day"": 41.0, ""doy"": 197.0, ""topwt"": 813.8600158691406, ""grnwt"": 0.0, ""xlai"": 1.1333086490631104, ""totir"": 20.0, ""tofer"": NaN, ""swfac"": 0.0, ""nstres"": 0.1362634897232055}",0.0,0.1362634897232055,813.8600158691406,0.0,1.1333086490631104,20.0,,0.0,0.0,20.0,0.0,-10.0,-2.0,Leave_One_experiments/all_year_offline_schedule_search/daily_outputs/FQA/FQA_2018_FQA2018_stress_grid_S0003_daily.csv
FQA,FQA,Fengqiu,2018,Leave_One_experiments\wth_generated_qc\FQA\FQA2018.WTH,normal_year;water_stress_year;nitrogen_stress_year,water_stress,FQA2018_stress_grid_S0003,irrigation_positive_candidate,2018-07-17,198,42,37,"{""sim_day"": 42.0, ""doy"": 198.0, ""topwt"": 888.4294128417969, ""grnwt"": 0.0, ""xlai"": 1.1797977685928345, ""totir"": 20.0, ""tofer"": NaN, ""swfac"": 0.0, ""nstres"": 0.1564199328422546}",0.0,0.1564199328422546,888.4294128417969,0.0,1.1797977685928345,20.0,,0.0,0.0,20.0,0.0,-10.0,-2.0,Leave_One_experiments/all_year_offline_schedule_search/daily_outputs/FQA/FQA_2018_FQA2018_stress_grid_S0003_daily.csv
FQA,FQA,Fengqiu,2018,Leave_One_experiments\wth_generated_qc\FQA\FQA2018.WTH,normal_year;water_stress_year;nitrogen_stress_year,water_stress,FQA2018_stress_grid_S0003,irrigation_positive_candidate,2018-07-18,199,43,38,"{""sim_day"": 43.0, ""doy"": 199.0, ""topwt"": 964.2937469482422, ""grnwt"": 0.0, ""xlai"": 1.220399022102356, ""totir"": 20.0, ""tofer"": NaN, ""swfac"": 0.0, ""nstres"": 0.1727516651153564}",0.0,0.1727516651153564,964.2937469482422,0.0,1.220399022102356,20.0,,0.0,0.0,20.0,0.0,-10.0,-2.0,Leave_One_experiments/all_year_offline_schedule_search/daily_outputs/FQA/FQA_2018_FQA2018_stress_grid_S0003_daily.csv
FQA,FQA,Fengqiu,2018,Leave_One_experiments\wth_generated_qc\FQA\FQA2018.WTH,normal_year;water_stress_year;nitrogen_stress_year,water_stress,FQA2018_stress_grid_S0003,irrigation_positive_candidate,2018-07-19,200,44,39,"{""sim_day"": 44.0, ""doy"": 200.0, ""topwt"": 1132.9550170898438, ""grnwt"": 0.0, ""xlai"": 1.252827763557434, ""totir"": 20.0, ""tofer"": NaN, ""swfac"": 0.0, ""nstres"": 0.1873575448989868}",0.0,0.1873575448989868,1132.9550170898438,0.0,1.252827763557434,20.0,,0.0,0.0,20.0,0.0,-10.0,-2.0,Leave_One_experiments/all_year_offline_schedule_search/daily_outputs/FQA/FQA_2018_FQA2018_stress_grid_S0003_daily.csv
FQA,FQA,Fengqiu,2018,Leave_One_experiments\wth_generated_qc\FQA\FQA2018.WTH,normal_year;water_stress_year;nitrogen_stress_year,water_stress,FQA2018_stress_grid_S0003,irrigation_positive_candidate,2018-07-20,201,45,40,"{""sim_day"": 45.0, ""doy"": 201.0, ""topwt"": 1291.510772705078, ""grnwt"": 0.0, ""xlai"": 1.2750585079193115, ""totir"": 20.0, ""tofer"": NaN, ""swfac"": 0.0, ""nstres"": 0.1987681984901428}",0.0,0.1987681984901428,1291.510772705078,0.0,1.2750585079193115,20.0,,0.0,0.0,20.0,0.0,-10.0,-2.0,Leave_One_experiments/all_year_offline_schedule_search/daily_outputs/FQA/FQA_2018_FQA2018_stress_grid_S0003_daily.csv
FQA,FQA,Fengqiu,2018,Leave_One_experiments\wth_generated_qc\FQA\FQA2018.WTH,normal_year;water_stress_year;nitrogen_stress_year,water_stress,FQA2018_stress_grid_S0003,irrigation_positive_candidate,2018-07-21,202,46,41,"{""sim_day"": 46.0, ""doy"": 202.0, ""topwt"": 1412.6937866210938, ""grnwt"": 0.0, ""xlai"": 1.276236057281494, ""totir"": 20.0, ""tofer"": NaN, ""swfac"": 0.0, ""nstres"": 0.2991698980331421}",0.0,0.2991698980331421,1412.6937866210938,0.0,1.276236057281494,20.0,,0.0,0.0,20.0,0.0,-10.0,-2.0,Leave_One_experiments/all_year_offline_schedule_search/daily_outputs/FQA/FQA_2018_FQA2018_stress_grid_S0003_daily.csv
FQA,FQA,Fengqiu,2018,Leave_One_experiments\wth_generated_qc\FQA\FQA2018.WTH,normal_year;water_stress_year;nitrogen_stress_year,water_stress,FQA2018_stress_grid_S0003,irrigation_positive_candidate,2018-07-22,203,47,42,"{""sim_day"": 47.0, ""doy"": 203.0, ""topwt"": 1519.0510559082031, ""grnwt"": 0.0, ""xlai"": 1.26727294921875, ""totir"": 20.0, ""tofer"": NaN, ""swfac"": 0.0, ""nstres"": 0.3669983744621277}",0.0,0.3669983744621277,1519.0510559082031,0.0,1.26727294921875,20.0,,0.0,0.0,20.0,0.0,-10.0,-2.0,Leave_One_experiments/all_year_offline_schedule_search/daily_outputs/FQA/FQA_2018_FQA2018_stress_grid_S0003_daily.csv
FQA,FQA,Fengqiu,2018,Leave_One_experiments\wth_generated_qc\FQA\FQA2018.WTH,normal_year;water_stress_year;nitrogen_stress_year,water_stress,FQA2018_stress_grid_S0003,irrigation_positive_candidate,2018-07-23,204,48,43,"{""sim_day"": 48.0, ""doy"": 204.0, ""topwt"": 1611.950225830078, ""grnwt"": 0.0, ""xlai"": 1.2515132427215576, ""totir"": 20.0, ""tofer"": NaN, ""swfac"": 0.0, ""nstres"": 0.4007343649864197}",0.0,0.4007343649864197,1611.950225830078,0.0,1.2515132427215576,20.0,,0.0,0.0,20.0,0.0,-10.0,-2.0,Leave_One_experiments/all_year_offline_schedule_search/daily_outputs/FQA/FQA_2018_FQA2018_stress_grid_S0003_daily.csv
FQA,FQA,Fengqiu,2018,Leave_One_experiments\wth_generated_qc\FQA\FQA2018.WTH,normal_year;water_stress_year;nitrogen_stress_year,water_stress,FQA2018_stress_grid_S0003,irrigation_positive_candidate,2018-07-24,205,49,44,"{""sim_day"": 49.0, ""doy"": 205.0, ""topwt"": 1705.8570861816406, ""grnwt"": 0.0, ""xlai"": 1.234370470046997, ""totir"": 20.0, ""tofer"": NaN, ""swfac"": 0.0, ""nstres"": 0.4206302165985107}",0.0,0.4206302165985107,1705.8570861816406,0.0,1.234370470046997,20.0,,0.0,0.0,20.0,0.0,-10.0,-2.0,Leave_One_experiments/all_year_offline_schedule_search/daily_outputs/FQA/FQA_2018_FQA2018_stress_grid_S0003_daily.csv
FQA,FQA,Fengqiu,2018,Leave_One_experiments\wth_generated_qc\FQA\FQA2018.WTH,normal_year;water_stress_year;nitrogen_stress_year,water_stress,FQA2018_stress_grid_S0003,irrigation_positive_candidate,2018-07-25,206,50,45,"{""sim_day"": 50.0, ""doy"": 206.0, ""topwt"": 1792.8199768066406, ""grnwt"": 0.0, ""xlai"": 1.2144886255264282, ""totir"": 20.0, ""tofer"": NaN, ""swfac"": 0.0, ""nstres"": 0.4306252598762512}",0.0,0.4306252598762512,1792.8199768066406,0.0,1.2144886255264282,20.0,,0.0,0.0,20.0,0.0,-10.0,-2.0,Leave_One_experiments/all_year_offline_schedule_search/daily_outputs/FQA/FQA_2018_FQA2018_stress_grid_S0003_daily.csv
FQA,FQA,Fengqiu,2018,Leave_One_experiments\wth_generated_qc\FQA\FQA2018.WTH,normal_year;water_stress_year;nitrogen_stress_year,water_stress,FQA2018_stress_grid_S0003,irrigation_positive_candidate,2018-07-26,207,51,46,"{""sim_day"": 51.0, ""doy"": 207.0, ""topwt"": 1871.805419921875, ""grnwt"": 0.0, ""xlai"": 1.1920548677444458, ""totir"": 20.0, ""tofer"": NaN, ""swfac"": 0.0, ""nstres"": 0.439323365688324}",0.0,0.439323365688324,1871.805419921875,0.0,1.1920548677444458,20.0,,0.0,0.0,20.0,0.0,-10.0,-2.0,Leave_One_experiments/all_year_offline_schedule_search/daily_outputs/FQA/FQA_2018_FQA2018_stress_grid_S0003_daily.csv
FQA,FQA,Fengqiu,2018,Leave_One_experiments\wth_generated_qc\FQA\FQA2018.WTH,normal_year;water_stress_year;nitrogen_stress_year,water_stress,FQA2018_stress_grid_S0003,irrigation_positive_candidate,2018-07-27,208,52,47,"{""sim_day"": 52.0, ""doy"": 208.0, ""topwt"": 1938.0088806152344, ""grnwt"": 0.0, ""xlai"": 1.1668230295181274, ""totir"": 20.0, ""tofer"": NaN, ""swfac"": 0.0, ""nstres"": 0.4450436234474182}",0.0,0.4450436234474182,1938.0088806152344,0.0,1.1668230295181274,20.0,,0.0,0.0,20.0,0.0,-10.0,-2.0,Leave_One_experiments/all_year_offline_schedule_search/daily_outputs/FQA/FQA_2018_FQA2018_stress_grid_S0003_daily.csv
FQA,FQA,Fengqiu,2018,Leave_One_experiments\wth_generated_qc\FQA\FQA2018.WTH,normal_year;water_stress_year;nitrogen_stress_year,water_stress,FQA2018_stress_grid_S0003,irrigation_positive_candidate,2018-07-28,209,53,48,"{""sim_day"": 53.0, ""doy"": 209.0, ""topwt"": 2018.131256103516, ""grnwt"": 0.0, ""xlai"": 1.1462947130203247, ""totir"": 20.0, ""tofer"": NaN, ""swfac"": 0.0, ""nstres"": 0.4398270845413208}",0.0,0.4398270845413208,2018.131256103516,0.0,1.1462947130203247,20.0,,0.0,0.0,20.0,0.0,-10.0,-2.0,Leave_One_experiments/all_year_offline_schedule_search/daily_outputs/FQA/FQA_2018_FQA2018_stress_grid_S0003_daily.csv
FQA,FQA,Fengqiu,2018,Leave_One_experiments\wth_generated_qc\FQA\FQA2018.WTH,normal_year;water_stress_year;nitrogen_stress_year,water_stress,FQA2018_stress_grid_S0003,irrigation_positive_candidate,2018-07-29,210,54,49,"{""sim_day"": 54.0, ""doy"": 210.0, ""topwt"": 2075.2993774414062, ""grnwt"": 0.0, ""xlai"": 1.120416522026062, ""totir"": 20.0, ""tofer"": NaN, ""swfac"": 0.0, ""nstres"": 0.443334698677063}",0.0,0.443334698677063,2075.2993774414062,0.0,1.120416522026062,20.0,,0.0,0.0,20.0,0.0,-10.0,-2.0,Leave_One_experiments/all_year_offline_schedule_search/daily_outputs/FQA/FQA_2018_FQA2018_stress_grid_S0003_daily.csv
FQA,FQA,Fengqiu,2018,Leave_One_experiments\wth_generated_qc\FQA\FQA2018.WTH,normal_year;water_stress_year;nitrogen_stress_year,water_stress,FQA2018_stress_grid_S0003,irrigation_positive_candidate,2018-07-30,211,55,50,"{""sim_day"": 55.0, ""doy"": 211.0, ""topwt"": 2152.4986267089844, ""grnwt"": 0.0, ""xlai"": 1.1003402471542358, ""totir"": 20.0, ""tofer"": NaN, ""swfac"": 0.0, ""nstres"": 0.4481773376464844}",0.0,0.4481773376464844,2152.4986267089844,0.0,1.1003402471542358,20.0,,0.0,0.0,20.0,0.0,-10.0,-2.0,Leave_One_experiments/all_year_offline_schedule_search/daily_outputs/FQA/FQA_2018_FQA2018_stress_grid_S0003_daily.csv
FQA,FQA,Fengqiu,2018,Leave_One_experiments\wth_generated_qc\FQA\FQA2018.WTH,normal_year;water_stress_year;nitrogen_stress_year,water_stress,FQA2018_stress_grid_S0003,irrigation_positive_candidate,2018-07-31,212,56,51,"{""sim_day"": 56.0, ""doy"": 212.0, ""topwt"": 2182.7345275878906, ""grnwt"": 0.0, ""xlai"": 0.0, ""totir"": 20.0, ""tofer"": NaN, ""swfac"": 0.0, ""nstres"": 0.4517385363578796}",0.0,0.4517385363578796,2182.7345275878906,0.0,0.0,20.0,,0.0,0.0,20.0,0.0,-10.0,-2.0,Leave_One_experiments/all_year_offline_schedule_search/daily_outputs/FQA/FQA_2018_FQA2018_stress_grid_S0003_daily.csv
FQA,FQA,Fengqiu,2018,Leave_One_experiments\wth_generated_qc\FQA\FQA2018.WTH,normal_year;water_stress_year;nitrogen_stress_year,water_stress,FQA2018_stress_grid_S0003,irrigation_positive_candidate,2018-08-01,213,57,52,"{""sim_day"": 57.0, ""doy"": 213.0, ""topwt"": 2182.451477050781, ""grnwt"": 0.0, ""xlai"": 0.0, ""totir"": 20.0, ""tofer"": NaN, ""swfac"": 0.0, ""nstres"": 0.4512779712677002}",0.0,0.4512779712677002,2182.451477050781,0.0,0.0,20.0,,0.0,0.0,20.0,0.0,-10.0,-2.0,Leave_One_experiments/all_year_offline_schedule_search/daily_outputs/FQA/FQA_2018_FQA2018_stress_grid_S0003_daily.csv
FQA,FQA,Fengqiu,2018,Leave_One_experiments\wth_generated_qc\FQA\FQA2018.WTH,normal_year;water_stress_year;nitrogen_stress_year,water_stress,FQA2018_stress_grid_S0003,irrigation_positive_candidate,2018-08-02,214,58,53,"{""sim_day"": 58.0, ""doy"": 214.0, ""topwt"": 2182.168426513672, ""grnwt"": 0.0, ""xlai"": 0.0, ""totir"": 20.0, ""tofer"": NaN, ""swfac"": 0.0, ""nstres"": 0.4462878108024597}",0.0,0.4462878108024597,2182.168426513672,0.0,0.0,20.0,,0.0,0.0,20.0,0.0,-10.0,-2.0,Leave_One_experiments/all_year_offline_schedule_search/daily_outputs/FQA/FQA_2018_FQA2018_stress_grid_S0003_daily.csv
FQA,FQA,Fengqiu,2018,Leave_One_experiments\wth_generated_qc\FQA\FQA2018.WTH,normal_year;water_stress_year;nitrogen_stress_year,water_stress,FQA2018_stress_grid_S0003,irrigation_positive_candidate,2018-08-03,215,59,54,"{""sim_day"": 59.0, ""doy"": 215.0, ""topwt"": 2181.885528564453, ""grnwt"": 0.0, ""xlai"": 0.0, ""totir"": 20.0, ""tofer"": NaN, ""swfac"": 0.0, ""nstres"": 0.4353331923484802}",0.0,0.4353331923484802,2181.885528564453,0.0,0.0,20.0,,0.0,0.0,20.0,0.0,-10.0,-2.0,Leave_One_experiments/all_year_offline_schedule_search/daily_outputs/FQA/FQA_2018_FQA2018_stress_grid_S0003_daily.csv
FQA,FQA,Fengqiu,2018,Leave_One_experiments\wth_generated_qc\FQA\FQA2018.WTH,normal_year;water_stress_year;nitrogen_stress_year,water_stress,FQA2018_stress_grid_S0003,irrigation_positive_candidate,2018-08-04,216,60,55,"{""sim_day"": 60.0, ""doy"": 216.0, ""topwt"": 2181.6026306152344, ""grnwt"": 0.0, ""xlai"": 0.0, ""totir"": 20.0, ""tofer"": NaN, ""swfac"": 0.0, ""nstres"": 0.4204564690589905}",0.0,0.4204564690589905,2181.6026306152344,0.0,0.0,20.0,,0.0,0.0,20.0,0.0,-10.0,-2.0,Leave_One_experiments/all_year_offline_schedule_search/daily_outputs/FQA/FQA_2018_FQA2018_stress_grid_S0003_daily.csv
FQA,FQA,Fengqiu,2018,Leave_One_experiments\wth_generated_qc\FQA\FQA2018.WTH,normal_year;water_stress_year;nitrogen_stress_year,water_stress,FQA2018_stress_grid_S0003,irrigation_positive_candidate,2018-08-05,217,61,56,"{""sim_day"": 61.0, ""doy"": 217.0, ""topwt"": 2181.319732666016, ""grnwt"": 0.0, ""xlai"": 0.0, ""totir"": 20.0, ""tofer"": NaN, ""swfac"": 0.0, ""nstres"": 0.4099135994911194}",0.0,0.4099135994911194,2181.319732666016,0.0,0.0,20.0,,0.0,0.0,20.0,0.0,-10.0,-2.0,Leave_One_experiments/all_year_offline_schedule_search/daily_outputs/FQA/FQA_2018_FQA2018_stress_grid_S0003_daily.csv
FQA,FQA,Fengqiu,2018,Leave_One_experiments\wth_generated_qc\FQA\FQA2018.WTH,normal_year;water_stress_year;nitrogen_stress_year,water_stress,FQA2018_stress_grid_S0003,irrigation_positive_candidate,2018-08-06,218,62,57,"{""sim_day"": 62.0, ""doy"": 218.0, ""topwt"": 2166.185760498047, ""grnwt"": 0.0, ""xlai"": 0.0, ""totir"": 20.0, ""tofer"": NaN, ""swfac"": 0.0, ""nstres"": 0.3944553136825561}",0.0,0.3944553136825561,2166.185760498047,0.0,0.0,20.0,,0.0,0.0,20.0,0.0,-10.0,-2.0,Leave_One_experiments/all_year_offline_schedule_search/daily_outputs/FQA/FQA_2018_FQA2018_stress_grid_S0003_daily.csv
FQA,FQA,Fengqiu,2018,Leave_One_experiments\wth_generated_qc\FQA\FQA2018.WTH,normal_year;water_stress_year;nitrogen_stress_year,water_stress,FQA2018_stress_grid_S0003,irrigation_positive_candidate,2018-08-07,219,63,58,"{""sim_day"": 63.0, ""doy"": 219.0, ""topwt"": 2150.4563903808594, ""grnwt"": 0.0, ""xlai"": 0.0, ""totir"": 20.0, ""tofer"": NaN, ""swfac"": 0.0, ""nstres"": 0.3742532134056091}",0.0,0.3742532134056091,2150.4563903808594,0.0,0.0,20.0,,0.0,0.0,20.0,0.0,-10.0,-2.0,Leave_One_experiments/all_year_offline_schedule_search/daily_outputs/FQA/FQA_2018_FQA2018_stress_grid_S0003_daily.csv
FQA,FQA,Fengqiu,2018,Leave_One_experiments\wth_generated_qc\FQA\FQA2018.WTH,normal_year;water_stress_year;nitrogen_stress_year,water_stress,FQA2018_stress_grid_S0003,irrigation_positive_candidate,2018-08-08,220,64,59,"{""sim_day"": 64.0, ""doy"": 220.0, ""topwt"": 2133.146514892578, ""grnwt"": 0.0, ""xlai"": 0.0, ""totir"": 20.0, ""tofer"": NaN, ""swfac"": 0.0, ""nstres"": 0.3421860933303833}",0.0,0.3421860933303833,2133.146514892578,0.0,0.0,20.0,,0.0,0.0,20.0,0.0,-10.0,-2.0,Leave_One_experiments/all_year_offline_schedule_search/daily_outputs/FQA/FQA_2018_FQA2018_stress_grid_S0003_daily.csv
FQA,FQA,Fengqiu,2018,Leave_One_experiments\wth_generated_qc\FQA\FQA2018.WTH,normal_year;water_stress_year;nitrogen_stress_year,water_stress,FQA2018_stress_grid_S0003,irrigation_positive_candidate,2018-08-09,221,65,60,"{""sim_day"": 65.0, ""doy"": 221.0, ""topwt"": 2115.244598388672, ""grnwt"": 0.0, ""xlai"": 0.0, ""totir"": 20.0, ""tofer"": NaN, ""swfac"": 0.0, ""nstres"": 0.3196390867233276}",0.0,0.3196390867233276,2115.244598388672,0.0,0.0,20.0,,0.0,0.0,20.0,0.0,-10.0,-2.0,Leave_One_experiments/all_year_offline_schedule_search/daily_outputs/FQA/FQA_2018_FQA2018_stress_grid_S0003_daily.csv
FQA,FQA,Fengqiu,2018,Leave_One_experiments\wth_generated_qc\FQA\FQA2018.WTH,normal_year;water_stress_year;nitrogen_stress_year,water_stress,FQA2018_stress_grid_S0003,irrigation_positive_candidate,2018-08-10,222,66,61,"{""sim_day"": 66.0, ""doy"": 222.0, ""topwt"": 2095.741424560547, ""grnwt"": 0.0, ""xlai"": 0.0, ""totir"": 20.0, ""tofer"": NaN, ""swfac"": 0.0, ""nstres"": 0.2814164757728576}",0.0,0.2814164757728576,2095.741424560547,0.0,0.0,20.0,,0.0,0.0,20.0,0.0,-10.0,-2.0,Leave_One_experiments/all_year_offline_schedule_search/daily_outputs/FQA/FQA_2018_FQA2018_stress_grid_S0003_daily.csv
FQA,FQA,Fengqiu,2018,Leave_One_experiments\wth_generated_qc\FQA\FQA2018.WTH,normal_year;water_stress_year;nitrogen_stress_year,water_stress,FQA2018_stress_grid_S0003,irrigation_positive_candidate,2018-08-11,223,67,62,"{""sim_day"": 67.0, ""doy"": 223.0, ""topwt"": 2074.7047424316406, ""grnwt"": 0.0, ""xlai"": 0.0, ""totir"": 20.0, ""tofer"": NaN, ""swfac"": 0.0, ""nstres"": 0.2416420578956604}",0.0,0.2416420578956604,2074.7047424316406,0.0,0.0,20.0,,0.0,0.0,20.0,0.0,-10.0,-2.0,Leave_One_experiments/all_year_offline_schedule_search/daily_outputs/FQA/FQA_2018_FQA2018_stress_grid_S0003_daily.csv
FQA,FQA,Fengqiu,2018,Leave_One_experiments\wth_generated_qc\FQA\FQA2018.WTH,normal_year;water_stress_year;nitrogen_stress_year,water_stress,FQA2018_stress_grid_S0003,irrigation_positive_candidate,2018-08-12,224,68,63,"{""sim_day"": 68.0, ""doy"": 224.0, ""topwt"": 2053.118133544922, ""grnwt"": 0.0, ""xlai"": 0.0, ""totir"": 20.0, ""tofer"": NaN, ""swfac"": 0.0, ""nstres"": 0.2133345007896423}",0.0,0.2133345007896423,2053.118133544922,0.0,0.0,20.0,,0.0,0.0,20.0,0.0,-10.0,-2.0,Leave_One_experiments/all_year_offline_schedule_search/daily_outputs/FQA/FQA_2018_FQA2018_stress_grid_S0003_daily.csv
FQA,FQA,Fengqiu,2018,Leave_One_experiments\wth_generated_qc\FQA\FQA2018.WTH,normal_year;water_stress_year;nitrogen_stress_year,water_stress,FQA2018_stress_grid_S0003,irrigation_positive_candidate,2018-08-13,225,69,64,"{""sim_day"": 69.0, ""doy"": 225.0, ""topwt"": 2031.0107421875, ""grnwt"": 0.0, ""xlai"": 0.0, ""totir"": 20.0, ""tofer"": NaN, ""swfac"": 0.0, ""nstres"": 0.1947355270385742}",0.0,0.1947355270385742,2031.0107421875,0.0,0.0,20.0,,0.0,0.0,20.0,0.0,-10.0,-2.0,Leave_One_experiments/all_year_offline_schedule_search/daily_outputs/FQA/FQA_2018_FQA2018_stress_grid_S0003_daily.csv
FQA,FQA,Fengqiu,2018,Leave_One_experiments\wth_generated_qc\FQA\FQA2018.WTH,normal_year;water_stress_year;nitrogen_stress_year,water_stress,FQA2018_stress_grid_S0003,irrigation_positive_candidate,2018-08-14,226,70,65,"{""sim_day"": 70.0, ""doy"": 226.0, ""topwt"": 2008.3674621582031, ""grnwt"": 0.0, ""xlai"": 0.0, ""totir"": 20.0, ""tofer"": NaN, ""swfac"": 0.0, ""nstres"": 0.1847090721130371}",0.0,0.1847090721130371,2008.3674621582031,0.0,0.0,20.0,,0.0,0.0,20.0,0.0,-10.0,-2.0,Leave_One_experiments/all_year_offline_schedule_search/daily_outputs/FQA/FQA_2018_FQA2018_stress_grid_S0003_daily.csv
FQA,FQA,Fengqiu,2018,Leave_One_experiments\wth_generated_qc\FQA\FQA2018.WTH,normal_year;water_stress_year;nitrogen_stress_year,water_stress,FQA2018_stress_grid_S0003,irrigation_positive_candidate,2018-08-15,227,71,66,"{""sim_day"": 71.0, ""doy"": 227.0, ""topwt"": 1984.4758605957031, ""grnwt"": 0.0, ""xlai"": 0.0, ""totir"": 20.0, ""tofer"": NaN, ""swfac"": 0.0, ""nstres"": 0.1701001524925232}",0.0,0.1701001524925232,1984.4758605957031,0.0,0.0,20.0,,0.0,0.0,20.0,0.0,-10.0,-2.0,Leave_One_experiments/all_year_offline_schedule_search/daily_outputs/FQA/FQA_2018_FQA2018_stress_grid_S0003_daily.csv
FQA,FQA,Fengqiu,2018,Leave_One_experiments\wth_generated_qc\FQA\FQA2018.WTH,normal_year;water_stress_year;nitrogen_stress_year,water_stress,FQA2018_stress_grid_S0003,irrigation_positive_candidate,2018-08-16,228,72,67,"{""sim_day"": 72.0, ""doy"": 228.0, ""topwt"": 1959.3397521972656, ""grnwt"": 0.0, ""xlai"": 0.0, ""totir"": 20.0, ""tofer"": NaN, ""swfac"": 0.0, ""nstres"": 0.1519550681114196}",0.0,0.1519550681114196,1959.3397521972656,0.0,0.0,20.0,,0.0,0.0,20.0,0.0,-10.0,-2.0,Leave_One_experiments/all_year_offline_schedule_search/daily_outputs/FQA/FQA_2018_FQA2018_stress_grid_S0003_daily.csv
FQA,FQA,Fengqiu,2018,Leave_One_experiments\wth_generated_qc\FQA\FQA2018.WTH,normal_year;water_stress_year;nitrogen_stress_year,water_stress,FQA2018_stress_grid_S0003,irrigation_positive_candidate,2018-08-17,229,73,68,"{""sim_day"": 73.0, ""doy"": 229.0, ""topwt"": 1933.819122314453, ""grnwt"": 0.0, ""xlai"": 0.0, ""totir"": 20.0, ""tofer"": NaN, ""swfac"": 0.0, ""nstres"": 0.1413692235946655}",0.0,0.1413692235946655,1933.819122314453,0.0,0.0,20.0,,0.0,0.0,20.0,0.0,-10.0,-2.0,Leave_One_experiments/all_year_offline_schedule_search/daily_outputs/FQA/FQA_2018_FQA2018_stress_grid_S0003_daily.csv
FQA,FQA,Fengqiu,2018,Leave_One_experiments\wth_generated_qc\FQA\FQA2018.WTH,normal_year;water_stress_year;nitrogen_stress_year,water_stress,FQA2018_stress_grid_S0003,irrigation_positive_candidate,2018-08-18,230,74,69,"{""sim_day"": 74.0, ""doy"": 230.0, ""topwt"": 1907.974090576172, ""grnwt"": 0.0, ""xlai"": 0.0, ""totir"": 20.0, ""tofer"": NaN, ""swfac"": 0.0, ""nstres"": 0.1294654011726379}",0.0,0.1294654011726379,1907.974090576172,0.0,0.0,20.0,,0.0,0.0,20.0,0.0,-10.0,-2.0,Leave_One_experiments/all_year_offline_schedule_search/daily_outputs/FQA/FQA_2018_FQA2018_stress_grid_S0003_daily.csv
FQA,FQA,Fengqiu,2018,Leave_One_experiments\wth_generated_qc\FQA\FQA2018.WTH,normal_year;water_stress_year;nitrogen_stress_year,water_stress,FQA2018_stress_grid_S0003,irrigation_positive_candidate,2018-08-19,231,75,70,"{""sim_day"": 75.0, ""doy"": 231.0, ""topwt"": 1907.974090576172, ""grnwt"": 0.0, ""xlai"": 0.0, ""totir"": 20.0, ""tofer"": NaN, ""swfac"": 0.0, ""nstres"": 0.1102069616317749}",0.0,0.1102069616317749,1907.974090576172,0.0,0.0,20.0,,0.0,0.0,20.0,0.0,-10.0,-2.0,Leave_One_experiments/all_year_offline_schedule_search/daily_outputs/FQA/FQA_2018_FQA2018_stress_grid_S0003_daily.csv
FQA,FQA,Fengqiu,2018,Leave_One_experiments\wth_generated_qc\FQA\FQA2018.WTH,normal_year;water_stress_year;nitrogen_stress_year,water_stress,FQA2018_stress_grid_S0003,irrigation_positive_candidate,2018-08-20,232,76,71,"{""sim_day"": 76.0, ""doy"": 232.0, ""topwt"": 1907.974090576172, ""grnwt"": 0.0, ""xlai"": 0.0, ""totir"": 20.0, ""tofer"": NaN, ""swfac"": 0.0, ""nstres"": 0.0965035557746887}",0.0,0.0965035557746887,1907.974090576172,0.0,0.0,20.0,,0.0,0.0,20.0,0.0,-10.0,-2.0,Leave_One_experiments/all_year_offline_schedule_search/daily_outputs/FQA/FQA_2018_FQA2018_stress_grid_S0003_daily.csv
FQA,FQA,Fengqiu,2018,Leave_One_experiments\wth_generated_qc\FQA\FQA2018.WTH,normal_year;water_stress_year;nitrogen_stress_year,water_stress,FQA2018_stress_grid_S0003,irrigation_positive_candidate,2018-08-21,233,77,72,"{""sim_day"": 77.0, ""doy"": 233.0, ""topwt"": 1907.974090576172, ""grnwt"": 0.0, ""xlai"": 0.0, ""totir"": 20.0, ""tofer"": NaN, ""swfac"": 0.0, ""nstres"": 0.0911619663238525}",0.0,0.0911619663238525,1907.974090576172,0.0,0.0,20.0,,0.0,0.0,20.0,0.0,-10.0,-2.0,Leave_One_experiments/all_year_offline_schedule_search/daily_outputs/FQA/FQA_2018_FQA2018_stress_grid_S0003_daily.csv
FQA,FQA,Fengqiu,2018,Leave_One_experiments\wth_generated_qc\FQA\FQA2018.WTH,normal_year;water_stress_year;nitrogen_stress_year,water_stress,FQA2018_stress_grid_S0003,irrigation_positive_candidate,2018-08-22,234,78,73,"{""sim_day"": 78.0, ""doy"": 234.0, ""topwt"": 1907.974090576172, ""grnwt"": 0.0, ""xlai"": 0.0, ""totir"": 20.0, ""tofer"": NaN, ""swfac"": 0.0, ""nstres"": 0.0786452889442443}",0.0,0.0786452889442443,1907.974090576172,0.0,0.0,20.0,,0.0,0.0,20.0,0.0,-10.0,-2.0,Leave_One_experiments/all_year_offline_schedule_search/daily_outputs/FQA/FQA_2018_FQA2018_stress_grid_S0003_daily.csv
FQA,FQA,Fengqiu,2018,Leave_One_experiments\wth_generated_qc\FQA\FQA2018.WTH,normal_year;water_stress_year;nitrogen_stress_year,water_stress,FQA2018_stress_grid_S0003,irrigation_positive_candidate,2018-08-23,235,79,74,"{""sim_day"": 79.0, ""doy"": 235.0, ""topwt"": 1907.974090576172, ""grnwt"": 0.0, ""xlai"": 0.0, ""totir"": 20.0, ""tofer"": NaN, ""swfac"": 0.0, ""nstres"": 0.0723333358764648}",0.0,0.0723333358764648,1907.974090576172,0.0,0.0,20.0,,0.0,0.0,20.0,0.0,-10.0,-2.0,Leave_One_experiments/all_year_offline_schedule_search/daily_outputs/FQA/FQA_2018_FQA2018_stress_grid_S0003_daily.csv
FQA,FQA,Fengqiu,2018,Leave_One_experiments\wth_generated_qc\FQA\FQA2018.WTH,normal_year;water_stress_year;nitrogen_stress_year,water_stress,FQA2018_stress_grid_S0003,irrigation_positive_candidate,2018-08-24,236,80,75,"{""sim_day"": 80.0, ""doy"": 236.0, ""topwt"": 1907.974090576172, ""grnwt"": 0.0, ""xlai"": 0.0, ""totir"": 20.0, ""tofer"": NaN, ""swfac"": 0.0, ""nstres"": 0.0650422573089599}",0.0,0.0650422573089599,1907.974090576172,0.0,0.0,20.0,,0.0,0.0,20.0,0.0,-10.0,-2.0,Leave_One_experiments/all_year_offline_schedule_search/daily_outputs/FQA/FQA_2018_FQA2018_stress_grid_S0003_daily.csv
FQA,FQA,Fengqiu,2018,Leave_One_experiments\wth_generated_qc\FQA\FQA2018.WTH,normal_year;water_stress_year;nitrogen_stress_year,water_stress,FQA2018_stress_grid_S0003,irrigation_positive_candidate,2018-08-25,237,81,76,"{""sim_day"": 81.0, ""doy"": 237.0, ""topwt"": 1907.974090576172, ""grnwt"": 0.0, ""xlai"": 0.0, ""totir"": 20.0, ""tofer"": NaN, ""swfac"": 0.0, ""nstres"": 0.0489027500152587}",0.0,0.0489027500152587,1907.974090576172,0.0,0.0,20.0,,0.0,0.0,20.0,0.0,-10.0,-2.0,Leave_One_experiments/all_year_offline_schedule_search/daily_outputs/FQA/FQA_2018_FQA2018_stress_grid_S0003_daily.csv
FQA,FQA,Fengqiu,2018,Leave_One_experiments\wth_generated_qc\FQA\FQA2018.WTH,normal_year;water_stress_year;nitrogen_stress_year,water_stress,FQA2018_stress_grid_S0003,irrigation_positive_candidate,2018-08-26,238,82,77,"{""sim_day"": 82.0, ""doy"": 238.0, ""topwt"": 1907.974090576172, ""grnwt"": 0.0, ""xlai"": 0.0, ""totir"": 20.0, ""tofer"": NaN, ""swfac"": 0.0, ""nstres"": 0.0}",0.0,0.0,1907.974090576172,0.0,0.0,20.0,,0.0,0.0,20.0,0.0,-10.0,-2.0,Leave_One_experiments/all_year_offline_schedule_search/daily_outputs/FQA/FQA_2018_FQA2018_stress_grid_S0003_daily.csv
FQA,FQA,Fengqiu,2018,Leave_One_experiments\wth_generated_qc\FQA\FQA2018.WTH,normal_year;water_stress_year;nitrogen_stress_year,water_stress,FQA2018_stress_grid_S0003,irrigation_positive_candidate,2018-08-27,239,83,78,"{""sim_day"": 83.0, ""doy"": 239.0, ""topwt"": 1907.974090576172, ""grnwt"": 0.0, ""xlai"": 0.0, ""totir"": 20.0, ""tofer"": NaN, ""swfac"": 0.0, ""nstres"": 0.0}",0.0,0.0,1907.974090576172,0.0,0.0,20.0,,0.0,0.0,20.0,0.0,-10.0,-2.0,Leave_One_experiments/all_year_offline_schedule_search/daily_outputs/FQA/FQA_2018_FQA2018_stress_grid_S0003_daily.csv
FQA,FQA,Fengqiu,2018,Leave_One_experiments\wth_generated_qc\FQA\FQA2018.WTH,normal_year;water_stress_year;nitrogen_stress_year,water_stress,FQA2018_stress_grid_S0001,pareto_balanced,2018-06-11,162,1,1,"{""sim_day"": 1.0, ""doy"": 162.0, ""topwt"": 0.0, ""grnwt"": 0.0, ""xlai"": 0.0, ""totir"": 0.0, ""tofer"": NaN, ""swfac"": 0.0, ""nstres"": 0.0}",0.0,0.0,0.0,0.0,0.0,0.0,,0.0,0.0,0.0,0.0,0.0,0.0,Leave_One_experiments/all_year_offline_schedule_search/daily_outputs/FQA/FQA_2018_FQA2018_stress_grid_S0001_daily.csv
FQA,FQA,Fengqiu,2018,Leave_One_experiments\wth_generated_qc\FQA\FQA2018.WTH,normal_year;water_stress_year;nitrogen_stress_year,water_stress,FQA2018_stress_grid_S0001,pareto_balanced,2018-06-12,163,2,2,"{""sim_day"": 2.0, ""doy"": 163.0, ""topwt"": 0.0, ""grnwt"": 0.0, ""xlai"": 0.0, ""totir"": 0.0, ""tofer"": NaN, ""swfac"": 0.0, ""nstres"": 0.0}",0.0,0.0,0.0,0.0,0.0,0.0,,0.0,0.0,0.0,0.0,0.0,0.0,Leave_One_experiments/all_year_offline_schedule_search/daily_outputs/FQA/FQA_2018_FQA2018_stress_grid_S0001_daily.csv
FQA,FQA,Fengqiu,2018,Leave_One_experiments\wth_generated_qc\FQA\FQA2018.WTH,normal_year;water_stress_year;nitrogen_stress_year,water_stress,FQA2018_stress_grid_S0001,pareto_balanced,2018-06-13,164,3,3,"{""sim_day"": 3.0, ""doy"": 164.0, ""topwt"": 0.0, ""grnwt"": 0.0, ""xlai"": 0.0, ""totir"": 0.0, ""tofer"": NaN, ""swfac"": 0.0, ""nstres"": 0.0}",0.0,0.0,0.0,0.0,0.0,0.0,,0.0,0.0,0.0,0.0,0.0,0.0,Leave_One_experiments/all_year_offline_schedule_search/daily_outputs/FQA/FQA_2018_FQA2018_stress_grid_S0001_daily.csv
FQA,FQA,Fengqiu,2018,Leave_One_experiments\wth_generated_qc\FQA\FQA2018.WTH,normal_year;water_stress_year;nitrogen_stress_year,water_stress,FQA2018_stress_grid_S0001,pareto_balanced,2018-06-14,165,4,4,"{""sim_day"": 4.0, ""doy"": 165.0, ""topwt"": 0.0, ""grnwt"": 0.0, ""xlai"": 0.0, ""totir"": 0.0, ""tofer"": NaN, ""swfac"": 0.0, ""nstres"": 0.0}",0.0,0.0,0.0,0.0,0.0,0.0,,0.0,0.0,0.0,0.0,0.0,0.0,Leave_One_experiments/all_year_offline_schedule_search/daily_outputs/FQA/FQA_2018_FQA2018_stress_grid_S0001_daily.csv
FQA,FQA,Fengqiu,2018,Leave_One_experiments\wth_generated_qc\FQA\FQA2018.WTH,normal_year;water_stress_year;nitrogen_stress_year,water_stress,FQA2018_stress_grid_S0001,pareto_balanced,2018-06-15,166,5,5,"{""sim_day"": 5.0, ""doy"": 166.0, ""topwt"": 0.0, ""grnwt"": 0.0, ""xlai"": 0.0, ""totir"": 0.0, ""tofer"": NaN, ""swfac"": 0.0, ""nstres"": 0.0}",0.0,0.0,0.0,0.0,0.0,0.0,,0.0,0.0,0.0,0.0,0.0,0.0,Leave_One_experiments/all_year_offline_schedule_search/daily_outputs/FQA/FQA_2018_FQA2018_stress_grid_S0001_daily.csv
FQA,FQA,Fengqiu,2018,Leave_One_experiments\wth_generated_qc\FQA\FQA2018.WTH,normal_year;water_stress_year;nitrogen_stress_year,water_stress,FQA2018_stress_grid_S0001,pareto_balanced,2018-06-11,162,6,1,"{""sim_day"": 6.0, ""doy"": 162.0, ""topwt"": 0.0, ""grnwt"": 0.0, ""xlai"": 0.0, ""totir"": 0.0, ""tofer"": NaN, ""swfac"": 0.0, ""nstres"": 0.0}",0.0,0.0,0.0,0.0,0.0,0.0,,0.0,0.0,0.0,0.0,0.0,0.0,Leave_One_experiments/all_year_offline_schedule_search/daily_outputs/FQA/FQA_2018_FQA2018_stress_grid_S0001_daily.csv
FQA,FQA,Fengqiu,2018,Leave_One_experiments\wth_generated_qc\FQA\FQA2018.WTH,normal_year;water_stress_year;nitrogen_stress_year,water_stress,FQA2018_stress_grid_S0001,pareto_balanced,2018-06-12,163,7,2,"{""sim_day"": 7.0, ""doy"": 163.0, ""topwt"": 0.0, ""grnwt"": 0.0, ""xlai"": 0.0, ""totir"": 0.0, ""tofer"": NaN, ""swfac"": 0.0, ""nstres"": 0.0}",0.0,0.0,0.0,0.0,0.0,0.0,,0.0,0.0,0.0,0.0,0.0,0.0,Leave_One_experiments/all_year_offline_schedule_search/daily_outputs/FQA/FQA_2018_FQA2018_stress_grid_S0001_daily.csv
FQA,FQA,Fengqiu,2018,Leave_One_experiments\wth_generated_qc\FQA\FQA2018.WTH,normal_year;water_stress_year;nitrogen_stress_year,water_stress,FQA2018_stress_grid_S0001,pareto_balanced,2018-06-13,164,8,3,"{""sim_day"": 8.0, ""doy"": 164.0, ""topwt"": 0.0, ""grnwt"": 0.0, ""xlai"": 0.0, ""totir"": 0.0, ""tofer"": NaN, ""swfac"": 0.0, ""nstres"": 0.0}",0.0,0.0,0.0,0.0,0.0,0.0,,0.0,0.0,0.0,0.0,0.0,0.0,Leave_One_experiments/all_year_offline_schedule_search/daily_outputs/FQA/FQA_2018_FQA2018_stress_grid_S0001_daily.csv
FQA,FQA,Fengqiu,2018,Leave_One_experiments\wth_generated_qc\FQA\FQA2018.WTH,normal_year;water_stress_year;nitrogen_stress_year,water_stress,FQA2018_stress_grid_S0001,pareto_balanced,2018-06-14,165,9,4,"{""sim_day"": 9.0, ""doy"": 165.0, ""topwt"": 0.0, ""grnwt"": 0.0, ""xlai"": 0.0, ""totir"": 0.0, ""tofer"": NaN, ""swfac"": 0.0, ""nstres"": 0.0}",0.0,0.0,0.0,0.0,0.0,0.0,,0.0,0.0,0.0,0.0,0.0,0.0,Leave_One_experiments/all_year_offline_schedule_search/daily_outputs/FQA/FQA_2018_FQA2018_stress_grid_S0001_daily.csv
FQA,FQA,Fengqiu,2018,Leave_One_experiments\wth_generated_qc\FQA\FQA2018.WTH,normal_year;water_stress_year;nitrogen_stress_year,water_stress,FQA2018_stress_grid_S0001,pareto_balanced,2018-06-15,166,10,5,"{""sim_day"": 10.0, ""doy"": 166.0, ""topwt"": 32.00000047683716, ""grnwt"": 0.0, ""xlai"": 0.0031309977639466, ""totir"": 0.0, ""tofer"": NaN, ""swfac"": 0.0, ""nstres"": 0.0121910572052001}",0.0,0.0121910572052001,32.00000047683716,0.0,0.0031309977639466,0.0,,0.0,0.0,0.0,0.0,0.0,0.0,Leave_One_experiments/all_year_offline_schedule_search/daily_outputs/FQA/FQA_2018_FQA2018_stress_grid_S0001_daily.csv
FQA,FQA,Fengqiu,2018,Leave_One_experiments\wth_generated_qc\FQA\FQA2018.WTH,normal_year;water_stress_year;nitrogen_stress_year,water_stress,FQA2018_stress_grid_S0001,pareto_balanced,2018-06-16,167,11,6,"{""sim_day"": 11.0, ""doy"": 167.0, ""topwt"": 32.00000047683716, ""grnwt"": 0.0, ""xlai"": 0.0059345779009163, ""totir"": 0.0, ""tofer"": NaN, ""swfac"": 0.0, ""nstres"": 7.724761962890625e-05}",0.0,7.724761962890625e-05,32.00000047683716,0.0,0.0059345779009163,0.0,,0.0,0.0,0.0,0.0,0.0,0.0,Leave_One_experiments/all_year_offline_schedule_search/daily_outputs/FQA/FQA_2018_FQA2018_stress_grid_S0001_daily.csv
FQA,FQA,Fengqiu,2018,Leave_One_experiments\wth_generated_qc\FQA\FQA2018.WTH,normal_year;water_stress_year;nitrogen_stress_year,water_stress,FQA2018_stress_grid_S0001,pareto_balanced,2018-06-17,168,12,7,"{""sim_day"": 12.0, ""doy"": 168.0, ""topwt"": 32.00000047683716, ""grnwt"": 0.0, ""xlai"": 0.0085158990696072, ""totir"": 0.0, ""tofer"": NaN, ""swfac"": 0.0, ""nstres"": 0.0}",0.0,0.0,32.00000047683716,0.0,0.0085158990696072,0.0,,0.0,0.0,0.0,0.0,0.0,0.0,Leave_One_experiments/all_year_offline_schedule_search/daily_outputs/FQA/FQA_2018_FQA2018_stress_grid_S0001_daily.csv
FQA,FQA,Fengqiu,2018,Leave_One_experiments\wth_generated_qc\FQA\FQA2018.WTH,normal_year;water_stress_year;nitrogen_stress_year,water_stress,FQA2018_stress_grid_S0001,pareto_balanced,2018-06-18,169,13,8,"{""sim_day"": 13.0, ""doy"": 169.0, ""topwt"": 32.00000047683716, ""grnwt"": 0.0, ""xlai"": 0.0114523312076926, ""totir"": 0.0, ""tofer"": NaN, ""swfac"": 0.0, ""nstres"": 0.0}",0.0,0.0,32.00000047683716,0.0,0.0114523312076926,0.0,,0.0,0.0,0.0,0.0,0.0,0.0,Leave_One_experiments/all_year_offline_schedule_search/daily_outputs/FQA/FQA_2018_FQA2018_stress_grid_S0001_daily.csv
FQA,FQA,Fengqiu,2018,Leave_One_experiments\wth_generated_qc\FQA\FQA2018.WTH,normal_year;water_stress_year;nitrogen_stress_year,water_stress,FQA2018_stress_grid_S0001,pareto_balanced,2018-06-19,170,14,9,"{""sim_day"": 14.0, ""doy"": 170.0, ""topwt"": 32.00000047683716, ""grnwt"": 0.0, ""xlai"": 0.0151242762804031, ""totir"": 0.0, ""tofer"": NaN, ""swfac"": 0.0, ""nstres"": 0.0}",0.0,0.0,32.00000047683716,0.0,0.0151242762804031,0.0,,0.0,0.0,0.0,0.0,0.0,0.0,Leave_One_experiments/all_year_offline_schedule_search/daily_outputs/FQA/FQA_2018_FQA2018_stress_grid_S0001_daily.csv
FQA,FQA,Fengqiu,2018,Leave_One_experiments\wth_generated_qc\FQA\FQA2018.WTH,normal_year;water_stress_year;nitrogen_stress_year,water_stress,FQA2018_stress_grid_S0001,pareto_balanced,2018-06-20,171,15,10,"{""sim_day"": 15.0, ""doy"": 171.0, ""topwt"": 32.00000047683716, ""grnwt"": 0.0, ""xlai"": 0.019108222797513, ""totir"": 0.0, ""tofer"": NaN, ""swfac"": 0.0, ""nstres"": 0.0}",0.0,0.0,32.00000047683716,0.0,0.019108222797513,0.0,,0.0,0.0,0.0,0.0,0.0,0.0,Leave_One_experiments/all_year_offline_schedule_search/daily_outputs/FQA/FQA_2018_FQA2018_stress_grid_S0001_daily.csv
FQA,FQA,Fengqiu,2018,Leave_One_experiments\wth_generated_qc\FQA\FQA2018.WTH,normal_year;water_stress_year;nitrogen_stress_year,water_stress,FQA2018_stress_grid_S0001,pareto_balanced,2018-06-21,172,16,11,"{""sim_day"": 16.0, ""doy"": 172.0, ""topwt"": 23.928709030151367, ""grnwt"": 0.0, ""xlai"": 0.0334220677614212, ""totir"": 0.0, ""tofer"": NaN, ""swfac"": 0.0, ""nstres"": 0.0}",0.0,0.0,23.928709030151367,0.0,0.0334220677614212,0.0,,0.0,0.0,0.0,0.0,0.0,0.0,Leave_One_experiments/all_year_offline_schedule_search/daily_outputs/FQA/FQA_2018_FQA2018_stress_grid_S0001_daily.csv
FQA,FQA,Fengqiu,2018,Leave_One_experiments\wth_generated_qc\FQA\FQA2018.WTH,normal_year;water_stress_year;nitrogen_stress_year,water_stress,FQA2018_stress_grid_S0001,pareto_balanced,2018-06-22,173,17,12,"{""sim_day"": 17.0, ""doy"": 173.0, ""topwt"": 29.21288013458252, ""grnwt"": 0.0, ""xlai"": 0.0501986816525459, ""totir"": 0.0, ""tofer"": NaN, ""swfac"": 0.0, ""nstres"": 0.0}",0.0,0.0,29.21288013458252,0.0,0.0501986816525459,0.0,,0.0,0.0,0.0,0.0,0.0,0.0,Leave_One_experiments/all_year_offline_schedule_search/daily_outputs/FQA/FQA_2018_FQA2018_stress_grid_S0001_daily.csv
FQA,FQA,Fengqiu,2018,Leave_One_experiments\wth_generated_qc\FQA\FQA2018.WTH,normal_year;water_stress_year;nitrogen_stress_year,water_stress,FQA2018_stress_grid_S0001,pareto_balanced,2018-06-23,174,18,13,"{""sim_day"": 18.0, ""doy"": 174.0, ""topwt"": 35.823822021484375, ""grnwt"": 0.0, ""xlai"": 0.0693216621875763, ""totir"": 0.0, ""tofer"": NaN, ""swfac"": 0.0, ""nstres"": 0.0}",0.0,0.0,35.823822021484375,0.0,0.0693216621875763,0.0,,0.0,0.0,0.0,0.0,0.0,0.0,Leave_One_experiments/all_year_offline_schedule_search/daily_outputs/FQA/FQA_2018_FQA2018_stress_grid_S0001_daily.csv
FQA,FQA,Fengqiu,2018,Leave_One_experiments\wth_generated_qc\FQA\FQA2018.WTH,normal_year;water_stress_year;nitrogen_stress_year,water_stress,FQA2018_stress_grid_S0001,pareto_balanced,2018-06-24,175,19,14,"{""sim_day"": 19.0, ""doy"": 175.0, ""topwt"": 43.92376899719238, ""grnwt"": 0.0, ""xlai"": 0.0910140424966812, ""totir"": 0.0, ""tofer"": NaN, ""swfac"": 0.0, ""nstres"": 0.0}",0.0,0.0,43.92376899719238,0.0,0.0910140424966812,0.0,,0.0,0.0,0.0,0.0,0.0,0.0,Leave_One_experiments/all_year_offline_schedule_search/daily_outputs/FQA/FQA_2018_FQA2018_stress_grid_S0001_daily.csv
FQA,FQA,Fengqiu,2018,Leave_One_experiments\wth_generated_qc\FQA\FQA2018.WTH,normal_year;water_stress_year;nitrogen_stress_year,water_stress,FQA2018_stress_grid_S0001,pareto_balanced,2018-06-25,176,20,15,"{""sim_day"": 20.0, ""doy"": 176.0, ""topwt"": 50.556321144104, ""grnwt"": 0.0, ""xlai"": 0.1077867373824119, ""totir"": 0.0, ""tofer"": NaN, ""swfac"": 0.0, ""nstres"": 0.0}",0.0,0.0,50.556321144104,0.0,0.1077867373824119,0.0,,0.0,0.0,0.0,0.0,0.0,0.0,Leave_One_experiments/all_year_offline_schedule_search/daily_outputs/FQA/FQA_2018_FQA2018_stress_grid_S0001_daily.csv
FQA,FQA,Fengqiu,2018,Leave_One_experiments\wth_generated_qc\FQA\FQA2018.WTH,normal_year;water_stress_year;nitrogen_stress_year,water_stress,FQA2018_stress_grid_S0001,pareto_balanced,2018-06-26,177,21,16,"{""sim_day"": 21.0, ""doy"": 177.0, ""topwt"": 61.46608829498291, ""grnwt"": 0.0, ""xlai"": 0.1339904367923736, ""totir"": 0.0, ""tofer"": NaN, ""swfac"": 0.0, ""nstres"": 0.0}",0.0,0.0,61.46608829498291,0.0,0.1339904367923736,0.0,,0.0,0.0,0.0,0.0,0.0,0.0,Leave_One_experiments/all_year_offline_schedule_search/daily_outputs/FQA/FQA_2018_FQA2018_stress_grid_S0001_daily.csv
FQA,FQA,Fengqiu,2018,Leave_One_experiments\wth_generated_qc\FQA\FQA2018.WTH,normal_year;water_stress_year;nitrogen_stress_year,water_stress,FQA2018_stress_grid_S0001,pareto_balanced,2018-06-27,178,22,17,"{""sim_day"": 22.0, ""doy"": 178.0, ""topwt"": 74.58514213562012, ""grnwt"": 0.0, ""xlai"": 0.1637919396162033, ""totir"": 0.0, ""tofer"": NaN, ""swfac"": 0.0, ""nstres"": 0.0}",0.0,0.0,74.58514213562012,0.0,0.1637919396162033,0.0,,0.0,0.0,0.0,0.0,0.0,0.0,Leave_One_experiments/all_year_offline_schedule_search/daily_outputs/FQA/FQA_2018_FQA2018_stress_grid_S0001_daily.csv
FQA,FQA,Fengqiu,2018,Leave_One_experiments\wth_generated_qc\FQA\FQA2018.WTH,normal_year;water_stress_year;nitrogen_stress_year,water_stress,FQA2018_stress_grid_S0001,pareto_balanced,2018-06-28,179,23,18,"{""sim_day"": 23.0, ""doy"": 179.0, ""topwt"": 87.00693130493164, ""grnwt"": 0.0, ""xlai"": 0.1907079964876175, ""totir"": 0.0, ""tofer"": NaN, ""swfac"": 0.0, ""nstres"": 0.0}",0.0,0.0,87.00693130493164,0.0,0.1907079964876175,0.0,,0.0,0.0,0.0,0.0,0.0,0.0,Leave_One_experiments/all_year_offline_schedule_search/daily_outputs/FQA/FQA_2018_FQA2018_stress_grid_S0001_daily.csv
FQA,FQA,Fengqiu,2018,Leave_One_experiments\wth_generated_qc\FQA\FQA2018.WTH,normal_year;water_stress_year;nitrogen_stress_year,water_stress,FQA2018_stress_grid_S0001,pareto_balanced,2018-06-29,180,24,19,"{""sim_day"": 24.0, ""doy"": 180.0, ""topwt"": 101.64384841918944, ""grnwt"": 0.0, ""xlai"": 0.2211598306894302, ""totir"": 0.0, ""tofer"": NaN, ""swfac"": 0.0, ""nstres"": 0.0}",0.0,0.0,101.64384841918944,0.0,0.2211598306894302,0.0,,0.0,0.0,0.0,0.0,0.0,0.0,Leave_One_experiments/all_year_offline_schedule_search/daily_outputs/FQA/FQA_2018_FQA2018_stress_grid_S0001_daily.csv
FQA,FQA,Fengqiu,2018,Leave_One_experiments\wth_generated_qc\FQA\FQA2018.WTH,normal_year;water_stress_year;nitrogen_stress_year,water_stress,FQA2018_stress_grid_S0001,pareto_balanced,2018-06-30,181,25,20,"{""sim_day"": 25.0, ""doy"": 181.0, ""topwt"": 118.46674919128418, ""grnwt"": 0.0, ""xlai"": 0.2536141872406006, ""totir"": 0.0, ""tofer"": NaN, ""swfac"": 0.0, ""nstres"": 0.0}",0.0,0.0,118.46674919128418,0.0,0.2536141872406006,0.0,,0.0,0.0,0.0,0.0,0.0,0.0,Leave_One_experiments/all_year_offline_schedule_search/daily_outputs/FQA/FQA_2018_FQA2018_stress_grid_S0001_daily.csv
FQA,FQA,Fengqiu,2018,Leave_One_experiments\wth_generated_qc\FQA\FQA2018.WTH,normal_year;water_stress_year;nitrogen_stress_year,water_stress,FQA2018_stress_grid_S0001,pareto_balanced,2018-07-01,182,26,21,"{""sim_day"": 26.0, ""doy"": 182.0, ""topwt"": 135.25630950927734, ""grnwt"": 0.0, ""xlai"": 0.287054032087326, ""totir"": 0.0, ""tofer"": NaN, ""swfac"": 0.0, ""nstres"": 0.0}",0.0,0.0,135.25630950927734,0.0,0.287054032087326,0.0,,0.0,0.0,0.0,0.0,0.0,0.0,Leave_One_experiments/all_year_offline_schedule_search/daily_outputs/FQA/FQA_2018_FQA2018_stress_grid_S0001_daily.csv
FQA,FQA,Fengqiu,2018,Leave_One_experiments\wth_generated_qc\FQA\FQA2018.WTH,normal_year;water_stress_year;nitrogen_stress_year,water_stress,FQA2018_stress_grid_S0001,pareto_balanced,2018-07-02,183,27,22,"{""sim_day"": 27.0, ""doy"": 183.0, ""topwt"": 156.84964179992676, ""grnwt"": 0.0, ""xlai"": 0.3284238874912262, ""totir"": 0.0, ""tofer"": NaN, ""swfac"": 0.0, ""nstres"": 0.0}",0.0,0.0,156.84964179992676,0.0,0.3284238874912262,0.0,,0.0,0.0,0.0,0.0,0.0,0.0,Leave_One_experiments/all_year_offline_schedule_search/daily_outputs/FQA/FQA_2018_FQA2018_stress_grid_S0001_daily.csv
FQA,FQA,Fengqiu,2018,Leave_One_experiments\wth_generated_qc\FQA\FQA2018.WTH,normal_year;water_stress_year;nitrogen_stress_year,water_stress,FQA2018_stress_grid_S0001,pareto_balanced,2018-07-03,184,28,23,"{""sim_day"": 28.0, ""doy"": 184.0, ""topwt"": 177.10241317749023, ""grnwt"": 0.0, ""xlai"": 0.3657825589179992, ""totir"": 0.0, ""tofer"": NaN, ""swfac"": 0.0, ""nstres"": 0.0}",0.0,0.0,177.10241317749023,0.0,0.3657825589179992,0.0,,0.0,0.0,0.0,0.0,0.0,0.0,Leave_One_experiments/all_year_offline_schedule_search/daily_outputs/FQA/FQA_2018_FQA2018_stress_grid_S0001_daily.csv
FQA,FQA,Fengqiu,2018,Leave_One_experiments\wth_generated_qc\FQA\FQA2018.WTH,normal_year;water_stress_year;nitrogen_stress_year,water_stress,FQA2018_stress_grid_S0001,pareto_balanced,2018-07-04,185,29,24,"{""sim_day"": 29.0, ""doy"": 185.0, ""topwt"": 203.12286376953125, ""grnwt"": 0.0, ""xlai"": 0.411900520324707, ""totir"": 0.0, ""tofer"": NaN, ""swfac"": 0.0, ""nstres"": 0.0}",0.0,0.0,203.12286376953125,0.0,0.411900520324707,0.0,,0.0,0.0,0.0,0.0,0.0,0.0,Leave_One_experiments/all_year_offline_schedule_search/daily_outputs/FQA/FQA_2018_FQA2018_stress_grid_S0001_daily.csv
FQA,FQA,Fengqiu,2018,Leave_One_experiments\wth_generated_qc\FQA\FQA2018.WTH,normal_year;water_stress_year;nitrogen_stress_year,water_stress,FQA2018_stress_grid_S0001,pareto_balanced,2018-07-05,186,30,25,"{""sim_day"": 30.0, ""doy"": 186.0, ""topwt"": 234.2603874206543, ""grnwt"": 0.0, ""xlai"": 0.4646539092063904, ""totir"": 0.0, ""tofer"": NaN, ""swfac"": 0.0, ""nstres"": 0.0}",0.0,0.0,234.2603874206543,0.0,0.4646539092063904,0.0,,0.0,0.0,0.0,0.0,0.0,0.0,Leave_One_experiments/all_year_offline_schedule_search/daily_outputs/FQA/FQA_2018_FQA2018_stress_grid_S0001_daily.csv
FQA,FQA,Fengqiu,2018,Leave_One_experiments\wth_generated_qc\FQA\FQA2018.WTH,normal_year;water_stress_year;nitrogen_stress_year,water_stress,FQA2018_stress_grid_S0001,pareto_balanced,2018-07-06,187,31,26,"{""sim_day"": 31.0, ""doy"": 187.0, ""topwt"": 268.8920783996582, ""grnwt"": 0.0, ""xlai"": 0.5206316709518433, ""totir"": 0.0, ""tofer"": NaN, ""swfac"": 0.0, ""nstres"": 0.0}",0.0,0.0,268.8920783996582,0.0,0.5206316709518433,0.0,,0.0,0.0,0.0,0.0,0.0,0.0,Leave_One_experiments/all_year_offline_schedule_search/daily_outputs/FQA/FQA_2018_FQA2018_stress_grid_S0001_daily.csv
FQA,FQA,Fengqiu,2018,Leave_One_experiments\wth_generated_qc\FQA\FQA2018.WTH,normal_year;water_stress_year;nitrogen_stress_year,water_stress,FQA2018_stress_grid_S0001,pareto_balanced,2018-07-07,188,32,27,"{""sim_day"": 32.0, ""doy"": 188.0, ""topwt"": 304.13095474243164, ""grnwt"": 0.0, ""xlai"": 0.5750798583030701, ""totir"": 0.0, ""tofer"": NaN, ""swfac"": 0.0, ""nstres"": 0.0}",0.0,0.0,304.13095474243164,0.0,0.5750798583030701,0.0,,0.0,0.0,0.0,0.0,0.0,0.0,Leave_One_experiments/all_year_offline_schedule_search/daily_outputs/FQA/FQA_2018_FQA2018_stress_grid_S0001_daily.csv
FQA,FQA,Fengqiu,2018,Leave_One_experiments\wth_generated_qc\FQA\FQA2018.WTH,normal_year;water_stress_year;nitrogen_stress_year,water_stress,FQA2018_stress_grid_S0001,pareto_balanced,2018-07-08,189,33,28,"{""sim_day"": 33.0, ""doy"": 189.0, ""topwt"": 340.21121978759766, ""grnwt"": 0.0, ""xlai"": 0.6285099983215332, ""totir"": 0.0, ""tofer"": NaN, ""swfac"": 0.0, ""nstres"": 0.0}",0.0,0.0,340.21121978759766,0.0,0.6285099983215332,0.0,,0.0,0.0,0.0,0.0,0.0,0.0,Leave_One_experiments/all_year_offline_schedule_search/daily_outputs/FQA/FQA_2018_FQA2018_stress_grid_S0001_daily.csv
FQA,FQA,Fengqiu,2018,Leave_One_experiments\wth_generated_qc\FQA\FQA2018.WTH,normal_year;water_stress_year;nitrogen_stress_year,water_stress,FQA2018_stress_grid_S0001,pareto_balanced,2018-07-09,190,34,29,"{""sim_day"": 34.0, ""doy"": 190.0, ""topwt"": 378.2121276855469, ""grnwt"": 0.0, ""xlai"": 0.682517409324646, ""totir"": 0.0, ""tofer"": NaN, ""swfac"": 0.0, ""nstres"": 0.0}",0.0,0.0,378.2121276855469,0.0,0.682517409324646,0.0,,0.0,0.0,0.0,0.0,0.0,0.0,Leave_One_experiments/all_year_offline_schedule_search/daily_outputs/FQA/FQA_2018_FQA2018_stress_grid_S0001_daily.csv
FQA,FQA,Fengqiu,2018,Leave_One_experiments\wth_generated_qc\FQA\FQA2018.WTH,normal_year;water_stress_year;nitrogen_stress_year,water_stress,FQA2018_stress_grid_S0001,pareto_balanced,2018-07-10,191,35,30,"{""sim_day"": 35.0, ""doy"": 191.0, ""topwt"": 424.0995788574219, ""grnwt"": 0.0, ""xlai"": 0.7449022531509399, ""totir"": 0.0, ""tofer"": NaN, ""swfac"": 0.0, ""nstres"": 0.0}",0.0,0.0,424.0995788574219,0.0,0.7449022531509399,0.0,,0.0,0.0,0.0,0.0,0.0,0.0,Leave_One_experiments/all_year_offline_schedule_search/daily_outputs/FQA/FQA_2018_FQA2018_stress_grid_S0001_daily.csv
FQA,FQA,Fengqiu,2018,Leave_One_experiments\wth_generated_qc\FQA\FQA2018.WTH,normal_year;water_stress_year;nitrogen_stress_year,water_stress,FQA2018_stress_grid_S0001,pareto_balanced,2018-07-11,192,36,31,"{""sim_day"": 36.0, ""doy"": 192.0, ""topwt"": 478.0776977539063, ""grnwt"": 0.0, ""xlai"": 0.8148251175880432, ""totir"": 0.0, ""tofer"": NaN, ""swfac"": 0.0, ""nstres"": 0.0}",0.0,0.0,478.0776977539063,0.0,0.8148251175880432,0.0,,0.0,0.0,0.0,0.0,0.0,0.0,Leave_One_experiments/all_year_offline_schedule_search/daily_outputs/FQA/FQA_2018_FQA2018_stress_grid_S0001_daily.csv
FQA,FQA,Fengqiu,2018,Leave_One_experiments\wth_generated_qc\FQA\FQA2018.WTH,normal_year;water_stress_year;nitrogen_stress_year,water_stress,FQA2018_stress_grid_S0001,pareto_balanced,2018-07-12,193,37,32,"{""sim_day"": 37.0, ""doy"": 193.0, ""topwt"": 539.5178604125977, ""grnwt"": 0.0, ""xlai"": 0.8889403939247131, ""totir"": 0.0, ""tofer"": NaN, ""swfac"": 0.0, ""nstres"": 0.0132237672805786}",0.0,0.0132237672805786,539.5178604125977,0.0,0.8889403939247131,0.0,,0.0,0.0,0.0,0.0,0.0,0.0,Leave_One_experiments/all_year_offline_schedule_search/daily_outputs/FQA/FQA_2018_FQA2018_stress_grid_S0001_daily.csv
FQA,FQA,Fengqiu,2018,Leave_One_experiments\wth_generated_qc\FQA\FQA2018.WTH,normal_year;water_stress_year;nitrogen_stress_year,water_stress,FQA2018_stress_grid_S0001,pareto_balanced,2018-07-13,194,38,33,"{""sim_day"": 38.0, ""doy"": 194.0, ""topwt"": 602.1134185791016, ""grnwt"": 0.0, ""xlai"": 0.9565278887748718, ""totir"": 0.0, ""tofer"": NaN, ""swfac"": 0.0, ""nstres"": 0.0460293292999267}",0.0,0.0460293292999267,602.1134185791016,0.0,0.9565278887748718,0.0,,0.0,0.0,0.0,0.0,0.0,0.0,Leave_One_experiments/all_year_offline_schedule_search/daily_outputs/FQA/FQA_2018_FQA2018_stress_grid_S0001_daily.csv
FQA,FQA,Fengqiu,2018,Leave_One_experiments\wth_generated_qc\FQA\FQA2018.WTH,normal_year;water_stress_year;nitrogen_stress_year,water_stress,FQA2018_stress_grid_S0001,pareto_balanced,2018-07-14,195,39,34,"{""sim_day"": 39.0, ""doy"": 195.0, ""topwt"": 670.9507751464844, ""grnwt"": 0.0, ""xlai"": 1.022160887718201, ""totir"": 0.0, ""tofer"": NaN, ""swfac"": 0.0, ""nstres"": 0.0814535021781921}",0.0,0.0814535021781921,670.9507751464844,0.0,1.022160887718201,0.0,,0.0,0.0,0.0,0.0,0.0,0.0,Leave_One_experiments/all_year_offline_schedule_search/daily_outputs/FQA/FQA_2018_FQA2018_stress_grid_S0001_daily.csv
FQA,FQA,Fengqiu,2018,Leave_One_experiments\wth_generated_qc\FQA\FQA2018.WTH,normal_year;water_stress_year;nitrogen_stress_year,water_stress,FQA2018_stress_grid_S0001,pareto_balanced,2018-07-15,196,40,35,"{""sim_day"": 40.0, ""doy"": 196.0, ""topwt"": 742.5648498535156, ""grnwt"": 0.0, ""xlai"": 1.0820108652114868, ""totir"": 0.0, ""tofer"": NaN, ""swfac"": 0.0, ""nstres"": 0.1100372076034545}",0.0,0.1100372076034545,742.5648498535156,0.0,1.0820108652114868,0.0,,0.0,0.0,0.0,0.0,0.0,0.0,Leave_One_experiments/all_year_offline_schedule_search/daily_outputs/FQA/FQA_2018_FQA2018_stress_grid_S0001_daily.csv
FQA,FQA,Fengqiu,2018,Leave_One_experiments\wth_generated_qc\FQA\FQA2018.WTH,normal_year;water_stress_year;nitrogen_stress_year,water_stress,FQA2018_stress_grid_S0001,pareto_balanced,2018-07-16,197,41,36,"{""sim_day"": 41.0, ""doy"": 197.0, ""topwt"": 813.7464904785156, ""grnwt"": 0.0, ""xlai"": 1.1330363750457764, ""totir"": 0.0, ""tofer"": NaN, ""swfac"": 0.0, ""nstres"": 0.1356344223022461}",0.0,0.1356344223022461,813.7464904785156,0.0,1.1330363750457764,0.0,,0.0,0.0,0.0,0.0,0.0,0.0,Leave_One_experiments/all_year_offline_schedule_search/daily_outputs/FQA/FQA_2018_FQA2018_stress_grid_S0001_daily.csv
FQA,FQA,Fengqiu,2018,Leave_One_experiments\wth_generated_qc\FQA\FQA2018.WTH,normal_year;water_stress_year;nitrogen_stress_year,water_stress,FQA2018_stress_grid_S0001,pareto_balanced,2018-07-17,198,42,37,"{""sim_day"": 42.0, ""doy"": 198.0, ""topwt"": 888.4154510498047, ""grnwt"": 0.0, ""xlai"": 1.1796746253967283, ""totir"": 0.0, ""tofer"": NaN, ""swfac"": 0.0, ""nstres"": 0.1560864448547363}",0.0,0.1560864448547363,888.4154510498047,0.0,1.1796746253967283,0.0,,0.0,0.0,0.0,0.0,0.0,0.0,Leave_One_experiments/all_year_offline_schedule_search/daily_outputs/FQA/FQA_2018_FQA2018_stress_grid_S0001_daily.csv
FQA,FQA,Fengqiu,2018,Leave_One_experiments\wth_generated_qc\FQA\FQA2018.WTH,normal_year;water_stress_year;nitrogen_stress_year,water_stress,FQA2018_stress_grid_S0001,pareto_balanced,2018-07-18,199,43,38,"{""sim_day"": 43.0, ""doy"": 199.0, ""topwt"": 964.2717742919922, ""grnwt"": 0.0, ""xlai"": 1.2202694416046145, ""totir"": 0.0, ""tofer"": NaN, ""swfac"": 0.0, ""nstres"": 0.1727721691131591}",0.0,0.1727721691131591,964.2717742919922,0.0,1.2202694416046145,0.0,,0.0,0.0,0.0,0.0,0.0,0.0,Leave_One_experiments/all_year_offline_schedule_search/daily_outputs/FQA/FQA_2018_FQA2018_stress_grid_S0001_daily.csv
FQA,FQA,Fengqiu,2018,Leave_One_experiments\wth_generated_qc\FQA\FQA2018.WTH,normal_year;water_stress_year;nitrogen_stress_year,water_stress,FQA2018_stress_grid_S0001,pareto_balanced,2018-07-19,200,44,39,"{""sim_day"": 44.0, ""doy"": 200.0, ""topwt"": 1132.3960876464844, ""grnwt"": 0.0, ""xlai"": 1.2523995637893677, ""totir"": 0.0, ""tofer"": NaN, ""swfac"": 0.0, ""nstres"": 0.1880326271057129}",0.0,0.1880326271057129,1132.3960876464844,0.0,1.2523995637893677,0.0,,0.0,0.0,0.0,0.0,0.0,0.0,Leave_One_experiments/all_year_offline_schedule_search/daily_outputs/FQA/FQA_2018_FQA2018_stress_grid_S0001_daily.csv
FQA,FQA,Fengqiu,2018,Leave_One_experiments\wth_generated_qc\FQA\FQA2018.WTH,normal_year;water_stress_year;nitrogen_stress_year,water_stress,FQA2018_stress_grid_S0001,pareto_balanced,2018-07-20,201,45,40,"{""sim_day"": 45.0, ""doy"": 201.0, ""topwt"": 1290.015869140625, ""grnwt"": 0.0, ""xlai"": 1.274133324623108, ""totir"": 0.0, ""tofer"": NaN, ""swfac"": 0.0, ""nstres"": 0.199951946735382}",0.0,0.199951946735382,1290.015869140625,0.0,1.274133324623108,0.0,,0.0,0.0,0.0,0.0,0.0,0.0,Leave_One_experiments/all_year_offline_schedule_search/daily_outputs/FQA/FQA_2018_FQA2018_stress_grid_S0001_daily.csv
FQA,FQA,Fengqiu,2018,Leave_One_experiments\wth_generated_qc\FQA\FQA2018.WTH,normal_year;water_stress_year;nitrogen_stress_year,water_stress,FQA2018_stress_grid_S0001,pareto_balanced,2018-07-21,202,46,41,"{""sim_day"": 46.0, ""doy"": 202.0, ""topwt"": 1410.1138305664062, ""grnwt"": 0.0, ""xlai"": 1.274750828742981, ""totir"": 0.0, ""tofer"": NaN, ""swfac"": 0.0, ""nstres"": 0.3036315441131592}",0.0,0.3036315441131592,1410.1138305664062,0.0,1.274750828742981,0.0,,0.0,0.0,0.0,0.0,0.0,0.0,Leave_One_experiments/all_year_offline_schedule_search/daily_outputs/FQA/FQA_2018_FQA2018_stress_grid_S0001_daily.csv
FQA,FQA,Fengqiu,2018,Leave_One_experiments\wth_generated_qc\FQA\FQA2018.WTH,normal_year;water_stress_year;nitrogen_stress_year,water_stress,FQA2018_stress_grid_S0001,pareto_balanced,2018-07-22,203,47,42,"{""sim_day"": 47.0, ""doy"": 203.0, ""topwt"": 1515.1789855957031, ""grnwt"": 0.0, ""xlai"": 1.265162706375122, ""totir"": 0.0, ""tofer"": NaN, ""swfac"": 0.0, ""nstres"": 0.3722318410873413}",0.0,0.3722318410873413,1515.1789855957031,0.0,1.265162706375122,0.0,,0.0,0.0,0.0,0.0,0.0,0.0,Leave_One_experiments/all_year_offline_schedule_search/daily_outputs/FQA/FQA_2018_FQA2018_stress_grid_S0001_daily.csv
FQA,FQA,Fengqiu,2018,Leave_One_experiments\wth_generated_qc\FQA\FQA2018.WTH,normal_year;water_stress_year;nitrogen_stress_year,water_stress,FQA2018_stress_grid_S0001,pareto_balanced,2018-07-23,204,48,43,"{""sim_day"": 48.0, ""doy"": 204.0, ""topwt"": 1606.7218017578125, ""grnwt"": 0.0, ""xlai"": 1.2487728595733645, ""totir"": 0.0, ""tofer"": NaN, ""swfac"": 0.0, ""nstres"": 0.4065290093421936}",0.0,0.4065290093421936,1606.7218017578125,0.0,1.2487728595733645,0.0,,0.0,0.0,0.0,0.0,0.0,0.0,Leave_One_experiments/all_year_offline_schedule_search/daily_outputs/FQA/FQA_2018_FQA2018_stress_grid_S0001_daily.csv
FQA,FQA,Fengqiu,2018,Leave_One_experiments\wth_generated_qc\FQA\FQA2018.WTH,normal_year;water_stress_year;nitrogen_stress_year,water_stress,FQA2018_stress_grid_S0001,pareto_balanced,2018-07-24,205,49,44,"{""sim_day"": 49.0, ""doy"": 205.0, ""topwt"": 1699.1189575195312, ""grnwt"": 0.0, ""xlai"": 1.2309882640838623, ""totir"": 0.0, ""tofer"": NaN, ""swfac"": 0.0, ""nstres"": 0.426689088344574}",0.0,0.426689088344574,1699.1189575195312,0.0,1.2309882640838623,0.0,,0.0,0.0,0.0,0.0,0.0,0.0,Leave_One_experiments/all_year_offline_schedule_search/daily_outputs/FQA/FQA_2018_FQA2018_stress_grid_S0001_daily.csv
FQA,FQA,Fengqiu,2018,Leave_One_experiments\wth_generated_qc\FQA\FQA2018.WTH,normal_year;water_stress_year;nitrogen_stress_year,water_stress,FQA2018_stress_grid_S0001,pareto_balanced,2018-07-25,206,50,45,"{""sim_day"": 50.0, ""doy"": 206.0, ""topwt"": 1784.5704650878906, ""grnwt"": 0.0, ""xlai"": 1.210491418838501, ""totir"": 0.0, ""tofer"": NaN, ""swfac"": 0.0, ""nstres"": 0.4370010495185852}",0.0,0.4370010495185852,1784.5704650878906,0.0,1.210491418838501,0.0,,0.0,0.0,0.0,0.0,0.0,0.0,Leave_One_experiments/all_year_offline_schedule_search/daily_outputs/FQA/FQA_2018_FQA2018_stress_grid_S0001_daily.csv
FQA,FQA,Fengqiu,2018,Leave_One_experiments\wth_generated_qc\FQA\FQA2018.WTH,normal_year;water_stress_year;nitrogen_stress_year,water_stress,FQA2018_stress_grid_S0001,pareto_balanced,2018-07-26,207,51,46,"{""sim_day"": 51.0, ""doy"": 207.0, ""topwt"": 1862.0927429199216, ""grnwt"": 0.0, ""xlai"": 1.187483787536621, ""totir"": 0.0, ""tofer"": NaN, ""swfac"": 0.0, ""nstres"": 0.445953905582428}",0.0,0.445953905582428,1862.0927429199216,0.0,1.187483787536621,0.0,,0.0,0.0,0.0,0.0,0.0,0.0,Leave_One_experiments/all_year_offline_schedule_search/daily_outputs/FQA/FQA_2018_FQA2018_stress_grid_S0001_daily.csv
FQA,FQA,Fengqiu,2018,Leave_One_experiments\wth_generated_qc\FQA\FQA2018.WTH,normal_year;water_stress_year;nitrogen_stress_year,water_stress,FQA2018_stress_grid_S0001,pareto_balanced,2018-07-27,208,52,47,"{""sim_day"": 52.0, ""doy"": 208.0, ""topwt"": 1927.3081970214844, ""grnwt"": 0.0, ""xlai"": 1.1618162393569946, ""totir"": 0.0, ""tofer"": NaN, ""swfac"": 0.0, ""nstres"": 0.4519256949424743}",0.0,0.4519256949424743,1927.3081970214844,0.0,1.1618162393569946,0.0,,0.0,0.0,0.0,0.0,0.0,0.0,Leave_One_experiments/all_year_offline_schedule_search/daily_outputs/FQA/FQA_2018_FQA2018_stress_grid_S0001_daily.csv
FQA,FQA,Fengqiu,2018,Leave_One_experiments\wth_generated_qc\FQA\FQA2018.WTH,normal_year;water_stress_year;nitrogen_stress_year,water_stress,FQA2018_stress_grid_S0001,pareto_balanced,2018-07-28,209,53,48,"{""sim_day"": 53.0, ""doy"": 209.0, ""topwt"": 2005.8143615722656, ""grnwt"": 0.0, ""xlai"": 1.1406956911087036, ""totir"": 0.0, ""tofer"": NaN, ""swfac"": 0.0, ""nstres"": 0.4470346570014953}",0.0,0.4470346570014953,2005.8143615722656,0.0,1.1406956911087036,0.0,,0.0,0.0,0.0,0.0,0.0,0.0,Leave_One_experiments/all_year_offline_schedule_search/daily_outputs/FQA/FQA_2018_FQA2018_stress_grid_S0001_daily.csv
FQA,FQA,Fengqiu,2018,Leave_One_experiments\wth_generated_qc\FQA\FQA2018.WTH,normal_year;water_stress_year;nitrogen_stress_year,water_stress,FQA2018_stress_grid_S0001,pareto_balanced,2018-07-29,210,54,49,"{""sim_day"": 54.0, ""doy"": 210.0, ""topwt"": 2062.0106506347656, ""grnwt"": 0.0, ""xlai"": 1.1143993139266968, ""totir"": 0.0, ""tofer"": NaN, ""swfac"": 0.0, ""nstres"": 0.450978934764862}",0.0,0.450978934764862,2062.0106506347656,0.0,1.1143993139266968,0.0,,0.0,0.0,0.0,0.0,0.0,0.0,Leave_One_experiments/all_year_offline_schedule_search/daily_outputs/FQA/FQA_2018_FQA2018_stress_grid_S0001_daily.csv
FQA,FQA,Fengqiu,2018,Leave_One_experiments\wth_generated_qc\FQA\FQA2018.WTH,normal_year;water_stress_year;nitrogen_stress_year,water_stress,FQA2018_stress_grid_S0001,pareto_balanced,2018-07-30,211,55,50,"{""sim_day"": 55.0, ""doy"": 211.0, ""topwt"": 2137.4740600585938, ""grnwt"": 0.0, ""xlai"": 1.0937230587005615, ""totir"": 0.0, ""tofer"": NaN, ""swfac"": 0.0, ""nstres"": 0.456021785736084}",0.0,0.456021785736084,2137.4740600585938,0.0,1.0937230587005615,0.0,,0.0,0.0,0.0,0.0,0.0,0.0,Leave_One_experiments/all_year_offline_schedule_search/daily_outputs/FQA/FQA_2018_FQA2018_stress_grid_S0001_daily.csv
FQA,FQA,Fengqiu,2018,Leave_One_experiments\wth_generated_qc\FQA\FQA2018.WTH,normal_year;water_stress_year;nitrogen_stress_year,water_stress,FQA2018_stress_grid_S0001,pareto_balanced,2018-07-31,212,56,51,"{""sim_day"": 56.0, ""doy"": 212.0, ""topwt"": 2166.9618225097656, ""grnwt"": 0.0, ""xlai"": 0.0, ""totir"": 0.0, ""tofer"": NaN, ""swfac"": 0.0, ""nstres"": 0.4602382183074951}",0.0,0.4602382183074951,2166.9618225097656,0.0,0.0,0.0,,0.0,0.0,0.0,0.0,0.0,0.0,Leave_One_experiments/all_year_offline_schedule_search/daily_outputs/FQA/FQA_2018_FQA2018_stress_grid_S0001_daily.csv
FQA,FQA,Fengqiu,2018,Leave_One_experiments\wth_generated_qc\FQA\FQA2018.WTH,normal_year;water_stress_year;nitrogen_stress_year,water_stress,FQA2018_stress_grid_S0001,pareto_balanced,2018-08-01,213,57,52,"{""sim_day"": 57.0, ""doy"": 213.0, ""topwt"": 2166.6793823242188, ""grnwt"": 0.0, ""xlai"": 0.0, ""totir"": 0.0, ""tofer"": NaN, ""swfac"": 0.0, ""nstres"": 0.4600542187690735}",0.0,0.4600542187690735,2166.6793823242188,0.0,0.0,0.0,,0.0,0.0,0.0,0.0,0.0,0.0,Leave_One_experiments/all_year_offline_schedule_search/daily_outputs/FQA/FQA_2018_FQA2018_stress_grid_S0001_daily.csv
FQA,FQA,Fengqiu,2018,Leave_One_experiments\wth_generated_qc\FQA\FQA2018.WTH,normal_year;water_stress_year;nitrogen_stress_year,water_stress,FQA2018_stress_grid_S0001,pareto_balanced,2018-08-02,214,58,53,"{""sim_day"": 58.0, ""doy"": 214.0, ""topwt"": 2166.3970947265625, ""grnwt"": 0.0, ""xlai"": 0.0, ""totir"": 0.0, ""tofer"": NaN, ""swfac"": 0.0, ""nstres"": 0.4555267691612243}",0.0,0.4555267691612243,2166.3970947265625,0.0,0.0,0.0,,0.0,0.0,0.0,0.0,0.0,0.0,Leave_One_experiments/all_year_offline_schedule_search/daily_outputs/FQA/FQA_2018_FQA2018_stress_grid_S0001_daily.csv
FQA,FQA,Fengqiu,2018,Leave_One_experiments\wth_generated_qc\FQA\FQA2018.WTH,normal_year;water_stress_year;nitrogen_stress_year,water_stress,FQA2018_stress_grid_S0001,pareto_balanced,2018-08-03,215,59,54,"{""sim_day"": 59.0, ""doy"": 215.0, ""topwt"": 2166.114959716797, ""grnwt"": 0.0, ""xlai"": 0.0, ""totir"": 0.0, ""tofer"": NaN, ""swfac"": 0.0, ""nstres"": 0.4452621936798095}",0.0,0.4452621936798095,2166.114959716797,0.0,0.0,0.0,,0.0,0.0,0.0,0.0,0.0,0.0,Leave_One_experiments/all_year_offline_schedule_search/daily_outputs/FQA/FQA_2018_FQA2018_stress_grid_S0001_daily.csv
FQA,FQA,Fengqiu,2018,Leave_One_experiments\wth_generated_qc\FQA\FQA2018.WTH,normal_year;water_stress_year;nitrogen_stress_year,water_stress,FQA2018_stress_grid_S0001,pareto_balanced,2018-08-04,216,60,55,"{""sim_day"": 60.0, ""doy"": 216.0, ""topwt"": 2165.8328247070312, ""grnwt"": 0.0, ""xlai"": 0.0, ""totir"": 0.0, ""tofer"": NaN, ""swfac"": 0.0, ""nstres"": 0.4311551451683044}",0.0,0.4311551451683044,2165.8328247070312,0.0,0.0,0.0,,0.0,0.0,0.0,0.0,0.0,0.0,Leave_One_experiments/all_year_offline_schedule_search/daily_outputs/FQA/FQA_2018_FQA2018_stress_grid_S0001_daily.csv
FQA,FQA,Fengqiu,2018,Leave_One_experiments\wth_generated_qc\FQA\FQA2018.WTH,normal_year;water_stress_year;nitrogen_stress_year,water_stress,FQA2018_stress_grid_S0001,pareto_balanced,2018-08-05,217,61,56,"{""sim_day"": 61.0, ""doy"": 217.0, ""topwt"": 2165.5506896972656, ""grnwt"": 0.0, ""xlai"": 0.0, ""totir"": 0.0, ""tofer"": NaN, ""swfac"": 0.0, ""nstres"": 0.4212315678596496}",0.0,0.4212315678596496,2165.5506896972656,0.0,0.0,0.0,,0.0,0.0,0.0,0.0,0.0,0.0,Leave_One_experiments/all_year_offline_schedule_search/daily_outputs/FQA/FQA_2018_FQA2018_stress_grid_S0001_daily.csv
FQA,FQA,Fengqiu,2018,Leave_One_experiments\wth_generated_qc\FQA\FQA2018.WTH,normal_year;water_stress_year;nitrogen_stress_year,water_stress,FQA2018_stress_grid_S0001,pareto_balanced,2018-08-06,218,62,57,"{""sim_day"": 62.0, ""doy"": 218.0, ""topwt"": 2150.457763671875, ""grnwt"": 0.0, ""xlai"": 0.0, ""totir"": 0.0, ""tofer"": NaN, ""swfac"": 0.0, ""nstres"": 0.4065396785736084}",0.0,0.4065396785736084,2150.457763671875,0.0,0.0,0.0,,0.0,0.0,0.0,0.0,0.0,0.0,Leave_One_experiments/all_year_offline_schedule_search/daily_outputs/FQA/FQA_2018_FQA2018_stress_grid_S0001_daily.csv
FQA,FQA,Fengqiu,2018,Leave_One_experiments\wth_generated_qc\FQA\FQA2018.WTH,normal_year;water_stress_year;nitrogen_stress_year,water_stress,FQA2018_stress_grid_S0001,pareto_balanced,2018-08-07,219,63,58,"{""sim_day"": 63.0, ""doy"": 219.0, ""topwt"": 2134.770812988281, ""grnwt"": 0.0, ""xlai"": 0.0, ""totir"": 0.0, ""tofer"": NaN, ""swfac"": 0.0, ""nstres"": 0.3872811198234558}",0.0,0.3872811198234558,2134.770812988281,0.0,0.0,0.0,,0.0,0.0,0.0,0.0,0.0,0.0,Leave_One_experiments/all_year_offline_schedule_search/daily_outputs/FQA/FQA_2018_FQA2018_stress_grid_S0001_daily.csv
FQA,FQA,Fengqiu,2018,Leave_One_experiments\wth_generated_qc\FQA\FQA2018.WTH,normal_year;water_stress_year;nitrogen_stress_year,water_stress,FQA2018_stress_grid_S0001,pareto_balanced,2018-08-08,220,64,59,"{""sim_day"": 64.0, ""doy"": 220.0, ""topwt"": 2117.5079345703125, ""grnwt"": 0.0, ""xlai"": 0.0, ""totir"": 0.0, ""tofer"": NaN, ""swfac"": 0.0, ""nstres"": 0.3564600944519043}",0.0,0.3564600944519043,2117.5079345703125,0.0,0.0,0.0,,0.0,0.0,0.0,0.0,0.0,0.0,Leave_One_experiments/all_year_offline_schedule_search/daily_outputs/FQA/FQA_2018_FQA2018_stress_grid_S0001_daily.csv
FQA,FQA,Fengqiu,2018,Leave_One_experiments\wth_generated_qc\FQA\FQA2018.WTH,normal_year;water_stress_year;nitrogen_stress_year,water_stress,FQA2018_stress_grid_S0001,pareto_balanced,2018-08-09,221,65,60,"{""sim_day"": 65.0, ""doy"": 221.0, ""topwt"": 2099.654541015625, ""grnwt"": 0.0, ""xlai"": 0.0, ""totir"": 0.0, ""tofer"": NaN, ""swfac"": 0.0, ""nstres"": 0.3348904252052307}",0.0,0.3348904252052307,2099.654541015625,0.0,0.0,0.0,,0.0,0.0,0.0,0.0,0.0,0.0,Leave_One_experiments/all_year_offline_schedule_search/daily_outputs/FQA/FQA_2018_FQA2018_stress_grid_S0001_daily.csv
FQA,FQA,Fengqiu,2018,Leave_One_experiments\wth_generated_qc\FQA\FQA2018.WTH,normal_year;water_stress_year;nitrogen_stress_year,water_stress,FQA2018_stress_grid_S0001,pareto_balanced,2018-08-10,222,66,61,"{""sim_day"": 66.0, ""doy"": 222.0, ""topwt"": 2080.2040100097656, ""grnwt"": 0.0, ""xlai"": 0.0, ""totir"": 0.0, ""tofer"": NaN, ""swfac"": 0.0, ""nstres"": 0.2981834411621094}",0.0,0.2981834411621094,2080.2040100097656,0.0,0.0,0.0,,0.0,0.0,0.0,0.0,0.0,0.0,Leave_One_experiments/all_year_offline_schedule_search/daily_outputs/FQA/FQA_2018_FQA2018_stress_grid_S0001_daily.csv
FQA,FQA,Fengqiu,2018,Leave_One_experiments\wth_generated_qc\FQA\FQA2018.WTH,normal_year;water_stress_year;nitrogen_stress_year,water_stress,FQA2018_stress_grid_S0001,pareto_balanced,2018-08-11,223,67,62,"{""sim_day"": 67.0, ""doy"": 223.0, ""topwt"": 2059.2242431640625, ""grnwt"": 0.0, ""xlai"": 0.0, ""totir"": 0.0, ""tofer"": NaN, ""swfac"": 0.0, ""nstres"": 0.2599555253982544}",0.0,0.2599555253982544,2059.2242431640625,0.0,0.0,0.0,,0.0,0.0,0.0,0.0,0.0,0.0,Leave_One_experiments/all_year_offline_schedule_search/daily_outputs/FQA/FQA_2018_FQA2018_stress_grid_S0001_daily.csv
FQA,FQA,Fengqiu,2018,Leave_One_experiments\wth_generated_qc\FQA\FQA2018.WTH,normal_year;water_stress_year;nitrogen_stress_year,water_stress,FQA2018_stress_grid_S0001,pareto_balanced,2018-08-12,224,68,63,"{""sim_day"": 68.0, ""doy"": 224.0, ""topwt"": 2037.6959228515625, ""grnwt"": 0.0, ""xlai"": 0.0, ""totir"": 0.0, ""tofer"": NaN, ""swfac"": 0.0, ""nstres"": 0.2328394651412964}",0.0,0.2328394651412964,2037.6959228515625,0.0,0.0,0.0,,0.0,0.0,0.0,0.0,0.0,0.0,Leave_One_experiments/all_year_offline_schedule_search/daily_outputs/FQA/FQA_2018_FQA2018_stress_grid_S0001_daily.csv
FQA,FQA,Fengqiu,2018,Leave_One_experiments\wth_generated_qc\FQA\FQA2018.WTH,normal_year;water_stress_year;nitrogen_stress_year,water_stress,FQA2018_stress_grid_S0001,pareto_balanced,2018-08-13,225,69,64,"{""sim_day"": 69.0, ""doy"": 225.0, ""topwt"": 2015.648193359375, ""grnwt"": 0.0, ""xlai"": 0.0, ""totir"": 0.0, ""tofer"": NaN, ""swfac"": 0.0, ""nstres"": 0.2048930525779724}",0.0,0.2048930525779724,2015.648193359375,0.0,0.0,0.0,,0.0,0.0,0.0,0.0,0.0,0.0,Leave_One_experiments/all_year_offline_schedule_search/daily_outputs/FQA/FQA_2018_FQA2018_stress_grid_S0001_daily.csv
FQA,FQA,Fengqiu,2018,Leave_One_experiments\wth_generated_qc\FQA\FQA2018.WTH,normal_year;water_stress_year;nitrogen_stress_year,water_stress,FQA2018_stress_grid_S0001,pareto_balanced,2018-08-14,226,70,65,"{""sim_day"": 70.0, ""doy"": 226.0, ""topwt"": 1993.0661010742188, ""grnwt"": 0.0, ""xlai"": 0.0, ""totir"": 0.0, ""tofer"": NaN, ""swfac"": 0.0, ""nstres"": 0.1919995546340942}",0.0,0.1919995546340942,1993.0661010742188,0.0,0.0,0.0,,0.0,0.0,0.0,0.0,0.0,0.0,Leave_One_experiments/all_year_offline_schedule_search/daily_outputs/FQA/FQA_2018_FQA2018_stress_grid_S0001_daily.csv
FQA,FQA,Fengqiu,2018,Leave_One_experiments\wth_generated_qc\FQA\FQA2018.WTH,normal_year;water_stress_year;nitrogen_stress_year,water_stress,FQA2018_stress_grid_S0001,pareto_balanced,2018-08-15,227,71,66,"{""sim_day"": 71.0, ""doy"": 227.0, ""topwt"": 1969.239196777344, ""grnwt"": 0.0, ""xlai"": 0.0, ""totir"": 0.0, ""tofer"": NaN, ""swfac"": 0.0, ""nstres"": 0.1779313087463379}",0.0,0.1779313087463379,1969.239196777344,0.0,0.0,0.0,,0.0,0.0,0.0,0.0,0.0,0.0,Leave_One_experiments/all_year_offline_schedule_search/daily_outputs/FQA/FQA_2018_FQA2018_stress_grid_S0001_daily.csv
FQA,FQA,Fengqiu,2018,Leave_One_experiments\wth_generated_qc\FQA\FQA2018.WTH,normal_year;water_stress_year;nitrogen_stress_year,water_stress,FQA2018_stress_grid_S0001,pareto_balanced,2018-08-16,228,72,67,"{""sim_day"": 72.0, ""doy"": 228.0, ""topwt"": 1944.171142578125, ""grnwt"": 0.0, ""xlai"": 0.0, ""totir"": 0.0, ""tofer"": NaN, ""swfac"": 0.0, ""nstres"": 0.1603224277496338}",0.0,0.1603224277496338,1944.171142578125,0.0,0.0,0.0,,0.0,0.0,0.0,0.0,0.0,0.0,Leave_One_experiments/all_year_offline_schedule_search/daily_outputs/FQA/FQA_2018_FQA2018_stress_grid_S0001_daily.csv
FQA,FQA,Fengqiu,2018,Leave_One_experiments\wth_generated_qc\FQA\FQA2018.WTH,normal_year;water_stress_year;nitrogen_stress_year,water_stress,FQA2018_stress_grid_S0001,pareto_balanced,2018-08-17,229,73,68,"{""sim_day"": 73.0, ""doy"": 229.0, ""topwt"": 1918.719482421875, ""grnwt"": 0.0, ""xlai"": 0.0, ""totir"": 0.0, ""tofer"": NaN, ""swfac"": 0.0, ""nstres"": 0.1500977277755737}",0.0,0.1500977277755737,1918.719482421875,0.0,0.0,0.0,,0.0,0.0,0.0,0.0,0.0,0.0,Leave_One_experiments/all_year_offline_schedule_search/daily_outputs/FQA/FQA_2018_FQA2018_stress_grid_S0001_daily.csv
FQA,FQA,Fengqiu,2018,Leave_One_experiments\wth_generated_qc\FQA\FQA2018.WTH,normal_year;water_stress_year;nitrogen_stress_year,water_stress,FQA2018_stress_grid_S0001,pareto_balanced,2018-08-18,230,74,69,"{""sim_day"": 74.0, ""doy"": 230.0, ""topwt"": 1892.9443359375, ""grnwt"": 0.0, ""xlai"": 0.0, ""totir"": 0.0, ""tofer"": NaN, ""swfac"": 0.0, ""nstres"": 0.1385742425918579}",0.0,0.1385742425918579,1892.9443359375,0.0,0.0,0.0,,0.0,0.0,0.0,0.0,0.0,0.0,Leave_One_experiments/all_year_offline_schedule_search/daily_outputs/FQA/FQA_2018_FQA2018_stress_grid_S0001_daily.csv
FQA,FQA,Fengqiu,2018,Leave_One_experiments\wth_generated_qc\FQA\FQA2018.WTH,normal_year;water_stress_year;nitrogen_stress_year,water_stress,FQA2018_stress_grid_S0001,pareto_balanced,2018-08-19,231,75,70,"{""sim_day"": 75.0, ""doy"": 231.0, ""topwt"": 1892.9443359375, ""grnwt"": 0.0, ""xlai"": 0.0, ""totir"": 0.0, ""tofer"": NaN, ""swfac"": 0.0, ""nstres"": 0.1195679306983947}",0.0,0.1195679306983947,1892.9443359375,0.0,0.0,0.0,,0.0,0.0,0.0,0.0,0.0,0.0,Leave_One_experiments/all_year_offline_schedule_search/daily_outputs/FQA/FQA_2018_FQA2018_stress_grid_S0001_daily.csv
FQA,FQA,Fengqiu,2018,Leave_One_experiments\wth_generated_qc\FQA\FQA2018.WTH,normal_year;water_stress_year;nitrogen_stress_year,water_stress,FQA2018_stress_grid_S0001,pareto_balanced,2018-08-20,232,76,71,"{""sim_day"": 76.0, ""doy"": 232.0, ""topwt"": 1892.9443359375, ""grnwt"": 0.0, ""xlai"": 0.0, ""totir"": 0.0, ""tofer"": NaN, ""swfac"": 0.0, ""nstres"": 0.1064201593399047}",0.0,0.1064201593399047,1892.9443359375,0.0,0.0,0.0,,0.0,0.0,0.0,0.0,0.0,0.0,Leave_One_experiments/all_year_offline_schedule_search/daily_outputs/FQA/FQA_2018_FQA2018_stress_grid_S0001_daily.csv
FQA,FQA,Fengqiu,2018,Leave_One_experiments\wth_generated_qc\FQA\FQA2018.WTH,normal_year;water_stress_year;nitrogen_stress_year,water_stress,FQA2018_stress_grid_S0001,pareto_balanced,2018-08-21,233,77,72,"{""sim_day"": 77.0, ""doy"": 233.0, ""topwt"": 1892.9443359375, ""grnwt"": 0.0, ""xlai"": 0.0, ""totir"": 0.0, ""tofer"": NaN, ""swfac"": 0.0, ""nstres"": 0.1012694835662841}",0.0,0.1012694835662841,1892.9443359375,0.0,0.0,0.0,,0.0,0.0,0.0,0.0,0.0,0.0,Leave_One_experiments/all_year_offline_schedule_search/daily_outputs/FQA/FQA_2018_FQA2018_stress_grid_S0001_daily.csv
FQA,FQA,Fengqiu,2018,Leave_One_experiments\wth_generated_qc\FQA\FQA2018.WTH,normal_year;water_stress_year;nitrogen_stress_year,water_stress,FQA2018_stress_grid_S0001,pareto_balanced,2018-08-22,234,78,73,"{""sim_day"": 78.0, ""doy"": 234.0, ""topwt"": 1892.9443359375, ""grnwt"": 0.0, ""xlai"": 0.0, ""totir"": 0.0, ""tofer"": NaN, ""swfac"": 0.0, ""nstres"": 0.0891576409339904}",0.0,0.0891576409339904,1892.9443359375,0.0,0.0,0.0,,0.0,0.0,0.0,0.0,0.0,0.0,Leave_One_experiments/all_year_offline_schedule_search/daily_outputs/FQA/FQA_2018_FQA2018_stress_grid_S0001_daily.csv
FQA,FQA,Fengqiu,2018,Leave_One_experiments\wth_generated_qc\FQA\FQA2018.WTH,normal_year;water_stress_year;nitrogen_stress_year,water_stress,FQA2018_stress_grid_S0001,pareto_balanced,2018-08-23,235,79,74,"{""sim_day"": 79.0, ""doy"": 235.0, ""topwt"": 1892.9443359375, ""grnwt"": 0.0, ""xlai"": 0.0, ""totir"": 0.0, ""tofer"": NaN, ""swfac"": 0.0, ""nstres"": 0.0830178260803222}",0.0,0.0830178260803222,1892.9443359375,0.0,0.0,0.0,,0.0,0.0,0.0,0.0,0.0,0.0,Leave_One_experiments/all_year_offline_schedule_search/daily_outputs/FQA/FQA_2018_FQA2018_stress_grid_S0001_daily.csv
FQA,FQA,Fengqiu,2018,Leave_One_experiments\wth_generated_qc\FQA\FQA2018.WTH,normal_year;water_stress_year;nitrogen_stress_year,water_stress,FQA2018_stress_grid_S0001,pareto_balanced,2018-08-24,236,80,75,"{""sim_day"": 80.0, ""doy"": 236.0, ""topwt"": 1892.9443359375, ""grnwt"": 0.0, ""xlai"": 0.0, ""totir"": 0.0, ""tofer"": NaN, ""swfac"": 0.0, ""nstres"": 0.0761420726776123}",0.0,0.0761420726776123,1892.9443359375,0.0,0.0,0.0,,0.0,0.0,0.0,0.0,0.0,0.0,Leave_One_experiments/all_year_offline_schedule_search/daily_outputs/FQA/FQA_2018_FQA2018_stress_grid_S0001_daily.csv
FQA,FQA,Fengqiu,2018,Leave_One_experiments\wth_generated_qc\FQA\FQA2018.WTH,normal_year;water_stress_year;nitrogen_stress_year,water_stress,FQA2018_stress_grid_S0001,pareto_balanced,2018-08-25,237,81,76,"{""sim_day"": 81.0, ""doy"": 237.0, ""topwt"": 1892.9443359375, ""grnwt"": 0.0, ""xlai"": 0.0, ""totir"": 0.0, ""tofer"": NaN, ""swfac"": 0.0, ""nstres"": 0.0602512955665588}",0.0,0.0602512955665588,1892.9443359375,0.0,0.0,0.0,,0.0,0.0,0.0,0.0,0.0,0.0,Leave_One_experiments/all_year_offline_schedule_search/daily_outputs/FQA/FQA_2018_FQA2018_stress_grid_S0001_daily.csv
FQA,FQA,Fengqiu,2018,Leave_One_experiments\wth_generated_qc\FQA\FQA2018.WTH,normal_year;water_stress_year;nitrogen_stress_year,water_stress,FQA2018_stress_grid_S0001,pareto_balanced,2018-08-26,238,82,77,"{""sim_day"": 82.0, ""doy"": 238.0, ""topwt"": 1892.9443359375, ""grnwt"": 0.0, ""xlai"": 0.0, ""totir"": 0.0, ""tofer"": NaN, ""swfac"": 0.0, ""nstres"": 0.0}",0.0,0.0,1892.9443359375,0.0,0.0,0.0,,0.0,0.0,0.0,0.0,0.0,0.0,Leave_One_experiments/all_year_offline_schedule_search/daily_outputs/FQA/FQA_2018_FQA2018_stress_grid_S0001_daily.csv
FQA,FQA,Fengqiu,2018,Leave_One_experiments\wth_generated_qc\FQA\FQA2018.WTH,normal_year;water_stress_year;nitrogen_stress_year,water_stress,FQA2018_stress_grid_S0001,pareto_balanced,2018-08-27,239,83,78,"{""sim_day"": 83.0, ""doy"": 239.0, ""topwt"": 1892.9443359375, ""grnwt"": 0.0, ""xlai"": 0.0, ""totir"": 0.0, ""tofer"": NaN, ""swfac"": 0.0, ""nstres"": 0.0}",0.0,0.0,1892.9443359375,0.0,0.0,0.0,,0.0,0.0,0.0,0.0,0.0,0.0,Leave_One_experiments/all_year_offline_schedule_search/daily_outputs/FQA/FQA_2018_FQA2018_stress_grid_S0001_daily.csv
FQA,FQA,Fengqiu,2018,Leave_One_experiments\wth_generated_qc\FQA\FQA2018.WTH,normal_year;water_stress_year;nitrogen_stress_year,water_stress,FQA2018_stress_grid_S0015,pareto_balanced,2018-06-11,162,1,1,"{""sim_day"": 1.0, ""doy"": 162.0, ""topwt"": 0.0, ""grnwt"": 0.0, ""xlai"": 0.0, ""totir"": 0.0, ""tofer"": NaN, ""swfac"": 0.0, ""nstres"": 0.0}",0.0,0.0,0.0,0.0,0.0,0.0,,0.0,0.0,0.0,0.0,0.0,0.0,Leave_One_experiments/all_year_offline_schedule_search/daily_outputs/FQA/FQA_2018_FQA2018_stress_grid_S0015_daily.csv
FQA,FQA,Fengqiu,2018,Leave_One_experiments\wth_generated_qc\FQA\FQA2018.WTH,normal_year;water_stress_year;nitrogen_stress_year,water_stress,FQA2018_stress_grid_S0015,pareto_balanced,2018-06-12,163,2,2,"{""sim_day"": 2.0, ""doy"": 163.0, ""topwt"": 0.0, ""grnwt"": 0.0, ""xlai"": 0.0, ""totir"": 0.0, ""tofer"": NaN, ""swfac"": 0.0, ""nstres"": 0.0}",0.0,0.0,0.0,0.0,0.0,0.0,,0.0,0.0,0.0,0.0,0.0,0.0,Leave_One_experiments/all_year_offline_schedule_search/daily_outputs/FQA/FQA_2018_FQA2018_stress_grid_S0015_daily.csv
FQA,FQA,Fengqiu,2018,Leave_One_experiments\wth_generated_qc\FQA\FQA2018.WTH,normal_year;water_stress_year;nitrogen_stress_year,water_stress,FQA2018_stress_grid_S0015,pareto_balanced,2018-06-13,164,3,3,"{""sim_day"": 3.0, ""doy"": 164.0, ""topwt"": 0.0, ""grnwt"": 0.0, ""xlai"": 0.0, ""totir"": 0.0, ""tofer"": NaN, ""swfac"": 0.0, ""nstres"": 0.0}",0.0,0.0,0.0,0.0,0.0,0.0,,0.0,0.0,0.0,0.0,0.0,0.0,Leave_One_experiments/all_year_offline_schedule_search/daily_outputs/FQA/FQA_2018_FQA2018_stress_grid_S0015_daily.csv
FQA,FQA,Fengqiu,2018,Leave_One_experiments\wth_generated_qc\FQA\FQA2018.WTH,normal_year;water_stress_year;nitrogen_stress_year,water_stress,FQA2018_stress_grid_S0015,pareto_balanced,2018-06-14,165,4,4,"{""sim_day"": 4.0, ""doy"": 165.0, ""topwt"": 0.0, ""grnwt"": 0.0, ""xlai"": 0.0, ""totir"": 0.0, ""tofer"": NaN, ""swfac"": 0.0, ""nstres"": 0.0}",0.0,0.0,0.0,0.0,0.0,0.0,,0.0,0.0,0.0,0.0,0.0,0.0,Leave_One_experiments/all_year_offline_schedule_search/daily_outputs/FQA/FQA_2018_FQA2018_stress_grid_S0015_daily.csv
FQA,FQA,Fengqiu,2018,Leave_One_experiments\wth_generated_qc\FQA\FQA2018.WTH,normal_year;water_stress_year;nitrogen_stress_year,water_stress,FQA2018_stress_grid_S0015,pareto_balanced,2018-06-15,166,5,5,"{""sim_day"": 5.0, ""doy"": 166.0, ""topwt"": 0.0, ""grnwt"": 0.0, ""xlai"": 0.0, ""totir"": 0.0, ""tofer"": NaN, ""swfac"": 0.0, ""nstres"": 0.0}",0.0,0.0,0.0,0.0,0.0,0.0,,0.0,0.0,0.0,0.0,0.0,0.0,Leave_One_experiments/all_year_offline_schedule_search/daily_outputs/FQA/FQA_2018_FQA2018_stress_grid_S0015_daily.csv
FQA,FQA,Fengqiu,2018,Leave_One_experiments\wth_generated_qc\FQA\FQA2018.WTH,normal_year;water_stress_year;nitrogen_stress_year,water_stress,FQA2018_stress_grid_S0015,pareto_balanced,2018-06-11,162,6,1,"{""sim_day"": 6.0, ""doy"": 162.0, ""topwt"": 0.0, ""grnwt"": 0.0, ""xlai"": 0.0, ""totir"": 0.0, ""tofer"": NaN, ""swfac"": 0.0, ""nstres"": 0.0}",0.0,0.0,0.0,0.0,0.0,0.0,,0.0,0.0,0.0,0.0,0.0,0.0,Leave_One_experiments/all_year_offline_schedule_search/daily_outputs/FQA/FQA_2018_FQA2018_stress_grid_S0015_daily.csv
FQA,FQA,Fengqiu,2018,Leave_One_experiments\wth_generated_qc\FQA\FQA2018.WTH,normal_year;water_stress_year;nitrogen_stress_year,water_stress,FQA2018_stress_grid_S0015,pareto_balanced,2018-06-12,163,7,2,"{""sim_day"": 7.0, ""doy"": 163.0, ""topwt"": 0.0, ""grnwt"": 0.0, ""xlai"": 0.0, ""totir"": 0.0, ""tofer"": NaN, ""swfac"": 0.0, ""nstres"": 0.0}",0.0,0.0,0.0,0.0,0.0,0.0,,0.0,0.0,0.0,0.0,0.0,0.0,Leave_One_experiments/all_year_offline_schedule_search/daily_outputs/FQA/FQA_2018_FQA2018_stress_grid_S0015_daily.csv
FQA,FQA,Fengqiu,2018,Leave_One_experiments\wth_generated_qc\FQA\FQA2018.WTH,normal_year;water_stress_year;nitrogen_stress_year,water_stress,FQA2018_stress_grid_S0015,pareto_balanced,2018-06-13,164,8,3,"{""sim_day"": 8.0, ""doy"": 164.0, ""topwt"": 0.0, ""grnwt"": 0.0, ""xlai"": 0.0, ""totir"": 0.0, ""tofer"": NaN, ""swfac"": 0.0, ""nstres"": 0.0}",0.0,0.0,0.0,0.0,0.0,0.0,,0.0,0.0,0.0,0.0,0.0,0.0,Leave_One_experiments/all_year_offline_schedule_search/daily_outputs/FQA/FQA_2018_FQA2018_stress_grid_S0015_daily.csv
FQA,FQA,Fengqiu,2018,Leave_One_experiments\wth_generated_qc\FQA\FQA2018.WTH,normal_year;water_stress_year;nitrogen_stress_year,water_stress,FQA2018_stress_grid_S0015,pareto_balanced,2018-06-14,165,9,4,"{""sim_day"": 9.0, ""doy"": 165.0, ""topwt"": 0.0, ""grnwt"": 0.0, ""xlai"": 0.0, ""totir"": 0.0, ""tofer"": NaN, ""swfac"": 0.0, ""nstres"": 0.0}",0.0,0.0,0.0,0.0,0.0,0.0,,0.0,0.0,0.0,0.0,0.0,0.0,Leave_One_experiments/all_year_offline_schedule_search/daily_outputs/FQA/FQA_2018_FQA2018_stress_grid_S0015_daily.csv
FQA,FQA,Fengqiu,2018,Leave_One_experiments\wth_generated_qc\FQA\FQA2018.WTH,normal_year;water_stress_year;nitrogen_stress_year,water_stress,FQA2018_stress_grid_S0015,pareto_balanced,2018-06-15,166,10,5,"{""sim_day"": 10.0, ""doy"": 166.0, ""topwt"": 32.00000047683716, ""grnwt"": 0.0, ""xlai"": 0.0031309977639466, ""totir"": 0.0, ""tofer"": NaN, ""swfac"": 0.0, ""nstres"": 0.0121910572052001}",0.0,0.0121910572052001,32.00000047683716,0.0,0.0031309977639466,0.0,,0.0,0.0,0.0,0.0,0.0,0.0,Leave_One_experiments/all_year_offline_schedule_search/daily_outputs/FQA/FQA_2018_FQA2018_stress_grid_S0015_daily.csv
FQA,FQA,Fengqiu,2018,Leave_One_experiments\wth_generated_qc\FQA\FQA2018.WTH,normal_year;water_stress_year;nitrogen_stress_year,water_stress,FQA2018_stress_grid_S0015,pareto_balanced,2018-06-16,167,11,6,"{""sim_day"": 11.0, ""doy"": 167.0, ""topwt"": 32.00000047683716, ""grnwt"": 0.0, ""xlai"": 0.0059345779009163, ""totir"": 0.0, ""tofer"": NaN, ""swfac"": 0.0, ""nstres"": 7.724761962890625e-05}",0.0,7.724761962890625e-05,32.00000047683716,0.0,0.0059345779009163,0.0,,0.0,0.0,0.0,0.0,0.0,0.0,Leave_One_experiments/all_year_offline_schedule_search/daily_outputs/FQA/FQA_2018_FQA2018_stress_grid_S0015_daily.csv
FQA,FQA,Fengqiu,2018,Leave_One_experiments\wth_generated_qc\FQA\FQA2018.WTH,normal_year;water_stress_year;nitrogen_stress_year,water_stress,FQA2018_stress_grid_S0015,pareto_balanced,2018-06-17,168,12,7,"{""sim_day"": 12.0, ""doy"": 168.0, ""topwt"": 32.00000047683716, ""grnwt"": 0.0, ""xlai"": 0.0085158990696072, ""totir"": 0.0, ""tofer"": NaN, ""swfac"": 0.0, ""nstres"": 0.0}",0.0,0.0,32.00000047683716,0.0,0.0085158990696072,0.0,,0.0,0.0,0.0,0.0,0.0,0.0,Leave_One_experiments/all_year_offline_schedule_search/daily_outputs/FQA/FQA_2018_FQA2018_stress_grid_S0015_daily.csv
FQA,FQA,Fengqiu,2018,Leave_One_experiments\wth_generated_qc\FQA\FQA2018.WTH,normal_year;water_stress_year;nitrogen_stress_year,water_stress,FQA2018_stress_grid_S0015,pareto_balanced,2018-06-18,169,13,8,"{""sim_day"": 13.0, ""doy"": 169.0, ""topwt"": 32.00000047683716, ""grnwt"": 0.0, ""xlai"": 0.0114523312076926, ""totir"": 0.0, ""tofer"": NaN, ""swfac"": 0.0, ""nstres"": 0.0}",0.0,0.0,32.00000047683716,0.0,0.0114523312076926,0.0,,0.0,0.0,0.0,0.0,0.0,0.0,Leave_One_experiments/all_year_offline_schedule_search/daily_outputs/FQA/FQA_2018_FQA2018_stress_grid_S0015_daily.csv
FQA,FQA,Fengqiu,2018,Leave_One_experiments\wth_generated_qc\FQA\FQA2018.WTH,normal_year;water_stress_year;nitrogen_stress_year,water_stress,FQA2018_stress_grid_S0015,pareto_balanced,2018-06-19,170,14,9,"{""sim_day"": 14.0, ""doy"": 170.0, ""topwt"": 32.00000047683716, ""grnwt"": 0.0, ""xlai"": 0.0151242762804031, ""totir"": 0.0, ""tofer"": NaN, ""swfac"": 0.0, ""nstres"": 0.0}",0.0,0.0,32.00000047683716,0.0,0.0151242762804031,0.0,,0.0,0.0,0.0,0.0,0.0,0.0,Leave_One_experiments/all_year_offline_schedule_search/daily_outputs/FQA/FQA_2018_FQA2018_stress_grid_S0015_daily.csv
FQA,FQA,Fengqiu,2018,Leave_One_experiments\wth_generated_qc\FQA\FQA2018.WTH,normal_year;water_stress_year;nitrogen_stress_year,water_stress,FQA2018_stress_grid_S0015,pareto_balanced,2018-06-20,171,15,10,"{""sim_day"": 15.0, ""doy"": 171.0, ""topwt"": 32.00000047683716, ""grnwt"": 0.0, ""xlai"": 0.019108222797513, ""totir"": 0.0, ""tofer"": NaN, ""swfac"": 0.0, ""nstres"": 0.0}",0.0,0.0,32.00000047683716,0.0,0.019108222797513,0.0,,0.0,0.0,0.0,0.0,0.0,0.0,Leave_One_experiments/all_year_offline_schedule_search/daily_outputs/FQA/FQA_2018_FQA2018_stress_grid_S0015_daily.csv
FQA,FQA,Fengqiu,2018,Leave_One_experiments\wth_generated_qc\FQA\FQA2018.WTH,normal_year;water_stress_year;nitrogen_stress_year,water_stress,FQA2018_stress_grid_S0015,pareto_balanced,2018-06-21,172,16,11,"{""sim_day"": 16.0, ""doy"": 172.0, ""topwt"": 23.928709030151367, ""grnwt"": 0.0, ""xlai"": 0.0334220677614212, ""totir"": 0.0, ""tofer"": NaN, ""swfac"": 0.0, ""nstres"": 0.0}",0.0,0.0,23.928709030151367,0.0,0.0334220677614212,0.0,,0.0,0.0,0.0,0.0,0.0,0.0,Leave_One_experiments/all_year_offline_schedule_search/daily_outputs/FQA/FQA_2018_FQA2018_stress_grid_S0015_daily.csv
FQA,FQA,Fengqiu,2018,Leave_One_experiments\wth_generated_qc\FQA\FQA2018.WTH,normal_year;water_stress_year;nitrogen_stress_year,water_stress,FQA2018_stress_grid_S0015,pareto_balanced,2018-06-22,173,17,12,"{""sim_day"": 17.0, ""doy"": 173.0, ""topwt"": 29.21288013458252, ""grnwt"": 0.0, ""xlai"": 0.0501986816525459, ""totir"": 0.0, ""tofer"": NaN, ""swfac"": 0.0, ""nstres"": 0.0}",0.0,0.0,29.21288013458252,0.0,0.0501986816525459,0.0,,0.0,0.0,0.0,0.0,0.0,0.0,Leave_One_experiments/all_year_offline_schedule_search/daily_outputs/FQA/FQA_2018_FQA2018_stress_grid_S0015_daily.csv
FQA,FQA,Fengqiu,2018,Leave_One_experiments\wth_generated_qc\FQA\FQA2018.WTH,normal_year;water_stress_year;nitrogen_stress_year,water_stress,FQA2018_stress_grid_S0015,pareto_balanced,2018-06-23,174,18,13,"{""sim_day"": 18.0, ""doy"": 174.0, ""topwt"": 35.823822021484375, ""grnwt"": 0.0, ""xlai"": 0.0693216621875763, ""totir"": 0.0, ""tofer"": NaN, ""swfac"": 0.0, ""nstres"": 0.0}",0.0,0.0,35.823822021484375,0.0,0.0693216621875763,0.0,,0.0,0.0,0.0,0.0,0.0,0.0,Leave_One_experiments/all_year_offline_schedule_search/daily_outputs/FQA/FQA_2018_FQA2018_stress_grid_S0015_daily.csv
FQA,FQA,Fengqiu,2018,Leave_One_experiments\wth_generated_qc\FQA\FQA2018.WTH,normal_year;water_stress_year;nitrogen_stress_year,water_stress,FQA2018_stress_grid_S0015,pareto_balanced,2018-06-24,175,19,14,"{""sim_day"": 19.0, ""doy"": 175.0, ""topwt"": 43.92376899719238, ""grnwt"": 0.0, ""xlai"": 0.0910140424966812, ""totir"": 0.0, ""tofer"": NaN, ""swfac"": 0.0, ""nstres"": 0.0}",0.0,0.0,43.92376899719238,0.0,0.0910140424966812,0.0,,0.0,0.0,0.0,0.0,0.0,0.0,Leave_One_experiments/all_year_offline_schedule_search/daily_outputs/FQA/FQA_2018_FQA2018_stress_grid_S0015_daily.csv
FQA,FQA,Fengqiu,2018,Leave_One_experiments\wth_generated_qc\FQA\FQA2018.WTH,normal_year;water_stress_year;nitrogen_stress_year,water_stress,FQA2018_stress_grid_S0015,pareto_balanced,2018-06-25,176,20,15,"{""sim_day"": 20.0, ""doy"": 176.0, ""topwt"": 50.556321144104, ""grnwt"": 0.0, ""xlai"": 0.1077867373824119, ""totir"": 0.0, ""tofer"": NaN, ""swfac"": 0.0, ""nstres"": 0.0}",0.0,0.0,50.556321144104,0.0,0.1077867373824119,0.0,,0.0,0.0,0.0,0.0,0.0,0.0,Leave_One_experiments/all_year_offline_schedule_search/daily_outputs/FQA/FQA_2018_FQA2018_stress_grid_S0015_daily.csv
FQA,FQA,Fengqiu,2018,Leave_One_experiments\wth_generated_qc\FQA\FQA2018.WTH,normal_year;water_stress_year;nitrogen_stress_year,water_stress,FQA2018_stress_grid_S0015,pareto_balanced,2018-06-26,177,21,16,"{""sim_day"": 21.0, ""doy"": 177.0, ""topwt"": 61.46608829498291, ""grnwt"": 0.0, ""xlai"": 0.1339904367923736, ""totir"": 0.0, ""tofer"": NaN, ""swfac"": 0.0, ""nstres"": 0.0}",0.0,0.0,61.46608829498291,0.0,0.1339904367923736,0.0,,0.0,0.0,0.0,0.0,0.0,0.0,Leave_One_experiments/all_year_offline_schedule_search/daily_outputs/FQA/FQA_2018_FQA2018_stress_grid_S0015_daily.csv
FQA,FQA,Fengqiu,2018,Leave_One_experiments\wth_generated_qc\FQA\FQA2018.WTH,normal_year;water_stress_year;nitrogen_stress_year,water_stress,FQA2018_stress_grid_S0015,pareto_balanced,2018-06-27,178,22,17,"{""sim_day"": 22.0, ""doy"": 178.0, ""topwt"": 74.58514213562012, ""grnwt"": 0.0, ""xlai"": 0.1637919396162033, ""totir"": 0.0, ""tofer"": NaN, ""swfac"": 0.0, ""nstres"": 0.0}",0.0,0.0,74.58514213562012,0.0,0.1637919396162033,0.0,,0.0,0.0,0.0,0.0,0.0,0.0,Leave_One_experiments/all_year_offline_schedule_search/daily_outputs/FQA/FQA_2018_FQA2018_stress_grid_S0015_daily.csv
FQA,FQA,Fengqiu,2018,Leave_One_experiments\wth_generated_qc\FQA\FQA2018.WTH,normal_year;water_stress_year;nitrogen_stress_year,water_stress,FQA2018_stress_grid_S0015,pareto_balanced,2018-06-28,179,23,18,"{""sim_day"": 23.0, ""doy"": 179.0, ""topwt"": 87.00693130493164, ""grnwt"": 0.0, ""xlai"": 0.1907079964876175, ""totir"": 0.0, ""tofer"": NaN, ""swfac"": 0.0, ""nstres"": 0.0}",0.0,0.0,87.00693130493164,0.0,0.1907079964876175,0.0,,0.0,0.0,0.0,0.0,0.0,0.0,Leave_One_experiments/all_year_offline_schedule_search/daily_outputs/FQA/FQA_2018_FQA2018_stress_grid_S0015_daily.csv
FQA,FQA,Fengqiu,2018,Leave_One_experiments\wth_generated_qc\FQA\FQA2018.WTH,normal_year;water_stress_year;nitrogen_stress_year,water_stress,FQA2018_stress_grid_S0015,pareto_balanced,2018-06-29,180,24,19,"{""sim_day"": 24.0, ""doy"": 180.0, ""topwt"": 101.64384841918944, ""grnwt"": 0.0, ""xlai"": 0.2211598306894302, ""totir"": 0.0, ""tofer"": NaN, ""swfac"": 0.0, ""nstres"": 0.0}",0.0,0.0,101.64384841918944,0.0,0.2211598306894302,0.0,,0.0,0.0,0.0,0.0,0.0,0.0,Leave_One_experiments/all_year_offline_schedule_search/daily_outputs/FQA/FQA_2018_FQA2018_stress_grid_S0015_daily.csv
FQA,FQA,Fengqiu,2018,Leave_One_experiments\wth_generated_qc\FQA\FQA2018.WTH,normal_year;water_stress_year;nitrogen_stress_year,water_stress,FQA2018_stress_grid_S0015,pareto_balanced,2018-06-30,181,25,20,"{""sim_day"": 25.0, ""doy"": 181.0, ""topwt"": 118.46674919128418, ""grnwt"": 0.0, ""xlai"": 0.2536141872406006, ""totir"": 0.0, ""tofer"": NaN, ""swfac"": 0.0, ""nstres"": 0.0}",0.0,0.0,118.46674919128418,0.0,0.2536141872406006,0.0,,0.0,0.0,0.0,0.0,0.0,0.0,Leave_One_experiments/all_year_offline_schedule_search/daily_outputs/FQA/FQA_2018_FQA2018_stress_grid_S0015_daily.csv
FQA,FQA,Fengqiu,2018,Leave_One_experiments\wth_generated_qc\FQA\FQA2018.WTH,normal_year;water_stress_year;nitrogen_stress_year,water_stress,FQA2018_stress_grid_S0015,pareto_balanced,2018-07-01,182,26,21,"{""sim_day"": 26.0, ""doy"": 182.0, ""topwt"": 135.25630950927734, ""grnwt"": 0.0, ""xlai"": 0.287054032087326, ""totir"": 0.0, ""tofer"": NaN, ""swfac"": 0.0, ""nstres"": 0.0}",0.0,0.0,135.25630950927734,0.0,0.287054032087326,0.0,,0.0,0.0,0.0,0.0,0.0,0.0,Leave_One_experiments/all_year_offline_schedule_search/daily_outputs/FQA/FQA_2018_FQA2018_stress_grid_S0015_daily.csv
FQA,FQA,Fengqiu,2018,Leave_One_experiments\wth_generated_qc\FQA\FQA2018.WTH,normal_year;water_stress_year;nitrogen_stress_year,water_stress,FQA2018_stress_grid_S0015,pareto_balanced,2018-07-02,183,27,22,"{""sim_day"": 27.0, ""doy"": 183.0, ""topwt"": 156.84964179992676, ""grnwt"": 0.0, ""xlai"": 0.3284238874912262, ""totir"": 0.0, ""tofer"": NaN, ""swfac"": 0.0, ""nstres"": 0.0}",0.0,0.0,156.84964179992676,0.0,0.3284238874912262,0.0,,0.0,0.0,0.0,0.0,0.0,0.0,Leave_One_experiments/all_year_offline_schedule_search/daily_outputs/FQA/FQA_2018_FQA2018_stress_grid_S0015_daily.csv
FQA,FQA,Fengqiu,2018,Leave_One_experiments\wth_generated_qc\FQA\FQA2018.WTH,normal_year;water_stress_year;nitrogen_stress_year,water_stress,FQA2018_stress_grid_S0015,pareto_balanced,2018-07-03,184,28,23,"{""sim_day"": 28.0, ""doy"": 184.0, ""topwt"": 177.10241317749023, ""grnwt"": 0.0, ""xlai"": 0.3657825589179992, ""totir"": 0.0, ""tofer"": NaN, ""swfac"": 0.0, ""nstres"": 0.0}",0.0,0.0,177.10241317749023,0.0,0.3657825589179992,0.0,,0.0,0.0,0.0,0.0,0.0,0.0,Leave_One_experiments/all_year_offline_schedule_search/daily_outputs/FQA/FQA_2018_FQA2018_stress_grid_S0015_daily.csv
FQA,FQA,Fengqiu,2018,Leave_One_experiments\wth_generated_qc\FQA\FQA2018.WTH,normal_year;water_stress_year;nitrogen_stress_year,water_stress,FQA2018_stress_grid_S0015,pareto_balanced,2018-07-04,185,29,24,"{""sim_day"": 29.0, ""doy"": 185.0, ""topwt"": 203.12286376953125, ""grnwt"": 0.0, ""xlai"": 0.411900520324707, ""totir"": 0.0, ""tofer"": NaN, ""swfac"": 0.0, ""nstres"": 0.0}",0.0,0.0,203.12286376953125,0.0,0.411900520324707,0.0,,0.0,0.0,0.0,0.0,0.0,0.0,Leave_One_experiments/all_year_offline_schedule_search/daily_outputs/FQA/FQA_2018_FQA2018_stress_grid_S0015_daily.csv
FQA,FQA,Fengqiu,2018,Leave_One_experiments\wth_generated_qc\FQA\FQA2018.WTH,normal_year;water_stress_year;nitrogen_stress_year,water_stress,FQA2018_stress_grid_S0015,pareto_balanced,2018-07-05,186,30,25,"{""sim_day"": 30.0, ""doy"": 186.0, ""topwt"": 234.2603874206543, ""grnwt"": 0.0, ""xlai"": 0.4646539092063904, ""totir"": 0.0, ""tofer"": NaN, ""swfac"": 0.0, ""nstres"": 0.0}",0.0,0.0,234.2603874206543,0.0,0.4646539092063904,0.0,,0.0,0.0,0.0,0.0,0.0,0.0,Leave_One_experiments/all_year_offline_schedule_search/daily_outputs/FQA/FQA_2018_FQA2018_stress_grid_S0015_daily.csv
FQA,FQA,Fengqiu,2018,Leave_One_experiments\wth_generated_qc\FQA\FQA2018.WTH,normal_year;water_stress_year;nitrogen_stress_year,water_stress,FQA2018_stress_grid_S0015,pareto_balanced,2018-07-06,187,31,26,"{""sim_day"": 31.0, ""doy"": 187.0, ""topwt"": 268.8920783996582, ""grnwt"": 0.0, ""xlai"": 0.5206316709518433, ""totir"": 0.0, ""tofer"": NaN, ""swfac"": 0.0, ""nstres"": 0.0}",0.0,0.0,268.8920783996582,0.0,0.5206316709518433,0.0,,0.0,0.0,0.0,0.0,0.0,0.0,Leave_One_experiments/all_year_offline_schedule_search/daily_outputs/FQA/FQA_2018_FQA2018_stress_grid_S0015_daily.csv
FQA,FQA,Fengqiu,2018,Leave_One_experiments\wth_generated_qc\FQA\FQA2018.WTH,normal_year;water_stress_year;nitrogen_stress_year,water_stress,FQA2018_stress_grid_S0015,pareto_balanced,2018-07-07,188,32,27,"{""sim_day"": 32.0, ""doy"": 188.0, ""topwt"": 304.13095474243164, ""grnwt"": 0.0, ""xlai"": 0.5750798583030701, ""totir"": 0.0, ""tofer"": NaN, ""swfac"": 0.0, ""nstres"": 0.0}",0.0,0.0,304.13095474243164,0.0,0.5750798583030701,0.0,,0.0,0.0,0.0,0.0,0.0,0.0,Leave_One_experiments/all_year_offline_schedule_search/daily_outputs/FQA/FQA_2018_FQA2018_stress_grid_S0015_daily.csv
FQA,FQA,Fengqiu,2018,Leave_One_experiments\wth_generated_qc\FQA\FQA2018.WTH,normal_year;water_stress_year;nitrogen_stress_year,water_stress,FQA2018_stress_grid_S0015,pareto_balanced,2018-07-08,189,33,28,"{""sim_day"": 33.0, ""doy"": 189.0, ""topwt"": 340.21121978759766, ""grnwt"": 0.0, ""xlai"": 0.6285099983215332, ""totir"": 0.0, ""tofer"": NaN, ""swfac"": 0.0, ""nstres"": 0.0}",0.0,0.0,340.21121978759766,0.0,0.6285099983215332,0.0,,0.0,0.0,0.0,0.0,0.0,0.0,Leave_One_experiments/all_year_offline_schedule_search/daily_outputs/FQA/FQA_2018_FQA2018_stress_grid_S0015_daily.csv
FQA,FQA,Fengqiu,2018,Leave_One_experiments\wth_generated_qc\FQA\FQA2018.WTH,normal_year;water_stress_year;nitrogen_stress_year,water_stress,FQA2018_stress_grid_S0015,pareto_balanced,2018-07-09,190,34,29,"{""sim_day"": 34.0, ""doy"": 190.0, ""topwt"": 378.2121276855469, ""grnwt"": 0.0, ""xlai"": 0.682517409324646, ""totir"": 0.0, ""tofer"": NaN, ""swfac"": 0.0, ""nstres"": 0.0}",0.0,0.0,378.2121276855469,0.0,0.682517409324646,0.0,,0.0,0.0,0.0,0.0,0.0,0.0,Leave_One_experiments/all_year_offline_schedule_search/daily_outputs/FQA/FQA_2018_FQA2018_stress_grid_S0015_daily.csv
FQA,FQA,Fengqiu,2018,Leave_One_experiments\wth_generated_qc\FQA\FQA2018.WTH,normal_year;water_stress_year;nitrogen_stress_year,water_stress,FQA2018_stress_grid_S0015,pareto_balanced,2018-07-10,191,35,30,"{""sim_day"": 35.0, ""doy"": 191.0, ""topwt"": 424.0995788574219, ""grnwt"": 0.0, ""xlai"": 0.7449022531509399, ""totir"": 0.0, ""tofer"": NaN, ""swfac"": 0.0, ""nstres"": 0.0}",0.0,0.0,424.0995788574219,0.0,0.7449022531509399,0.0,,0.0,0.0,0.0,0.0,0.0,0.0,Leave_One_experiments/all_year_offline_schedule_search/daily_outputs/FQA/FQA_2018_FQA2018_stress_grid_S0015_daily.csv
FQA,FQA,Fengqiu,2018,Leave_One_experiments\wth_generated_qc\FQA\FQA2018.WTH,normal_year;water_stress_year;nitrogen_stress_year,water_stress,FQA2018_stress_grid_S0015,pareto_balanced,2018-07-11,192,36,31,"{""sim_day"": 36.0, ""doy"": 192.0, ""topwt"": 478.0776977539063, ""grnwt"": 0.0, ""xlai"": 0.8148251175880432, ""totir"": 0.0, ""tofer"": NaN, ""swfac"": 0.0, ""nstres"": 0.0}",0.0,0.0,478.0776977539063,0.0,0.8148251175880432,0.0,,0.0,0.0,0.0,0.0,0.0,0.0,Leave_One_experiments/all_year_offline_schedule_search/daily_outputs/FQA/FQA_2018_FQA2018_stress_grid_S0015_daily.csv
FQA,FQA,Fengqiu,2018,Leave_One_experiments\wth_generated_qc\FQA\FQA2018.WTH,normal_year;water_stress_year;nitrogen_stress_year,water_stress,FQA2018_stress_grid_S0015,pareto_balanced,2018-07-12,193,37,32,"{""sim_day"": 37.0, ""doy"": 193.0, ""topwt"": 539.5178604125977, ""grnwt"": 0.0, ""xlai"": 0.8889403939247131, ""totir"": 0.0, ""tofer"": NaN, ""swfac"": 0.0, ""nstres"": 0.0132237672805786}",0.0,0.0132237672805786,539.5178604125977,0.0,0.8889403939247131,0.0,,0.0,0.0,0.0,0.0,0.0,0.0,Leave_One_experiments/all_year_offline_schedule_search/daily_outputs/FQA/FQA_2018_FQA2018_stress_grid_S0015_daily.csv
FQA,FQA,Fengqiu,2018,Leave_One_experiments\wth_generated_qc\FQA\FQA2018.WTH,normal_year;water_stress_year;nitrogen_stress_year,water_stress,FQA2018_stress_grid_S0015,pareto_balanced,2018-07-13,194,38,33,"{""sim_day"": 38.0, ""doy"": 194.0, ""topwt"": 602.1134185791016, ""grnwt"": 0.0, ""xlai"": 0.9565278887748718, ""totir"": 0.0, ""tofer"": NaN, ""swfac"": 0.0, ""nstres"": 0.0460293292999267}",0.0,0.0460293292999267,602.1134185791016,0.0,0.9565278887748718,0.0,,0.0,0.0,0.0,0.0,0.0,0.0,Leave_One_experiments/all_year_offline_schedule_search/daily_outputs/FQA/FQA_2018_FQA2018_stress_grid_S0015_daily.csv
FQA,FQA,Fengqiu,2018,Leave_One_experiments\wth_generated_qc\FQA\FQA2018.WTH,normal_year;water_stress_year;nitrogen_stress_year,water_stress,FQA2018_stress_grid_S0015,pareto_balanced,2018-07-14,195,39,34,"{""sim_day"": 39.0, ""doy"": 195.0, ""topwt"": 670.9507751464844, ""grnwt"": 0.0, ""xlai"": 1.022160887718201, ""totir"": 0.0, ""tofer"": NaN, ""swfac"": 0.0, ""nstres"": 0.0814535021781921}",0.0,0.0814535021781921,670.9507751464844,0.0,1.022160887718201,0.0,,0.0,0.0,0.0,0.0,0.0,0.0,Leave_One_experiments/all_year_offline_schedule_search/daily_outputs/FQA/FQA_2018_FQA2018_stress_grid_S0015_daily.csv
FQA,FQA,Fengqiu,2018,Leave_One_experiments\wth_generated_qc\FQA\FQA2018.WTH,normal_year;water_stress_year;nitrogen_stress_year,water_stress,FQA2018_stress_grid_S0015,pareto_balanced,2018-07-15,196,40,35,"{""sim_day"": 40.0, ""doy"": 196.0, ""topwt"": 742.5648498535156, ""grnwt"": 0.0, ""xlai"": 1.0820108652114868, ""totir"": 0.0, ""tofer"": NaN, ""swfac"": 0.0, ""nstres"": 0.1100372076034545}",0.0,0.1100372076034545,742.5648498535156,0.0,1.0820108652114868,0.0,,0.0,0.0,0.0,0.0,0.0,0.0,Leave_One_experiments/all_year_offline_schedule_search/daily_outputs/FQA/FQA_2018_FQA2018_stress_grid_S0015_daily.csv
FQA,FQA,Fengqiu,2018,Leave_One_experiments\wth_generated_qc\FQA\FQA2018.WTH,normal_year;water_stress_year;nitrogen_stress_year,water_stress,FQA2018_stress_grid_S0015,pareto_balanced,2018-07-16,197,41,36,"{""sim_day"": 41.0, ""doy"": 197.0, ""topwt"": 813.7464904785156, ""grnwt"": 0.0, ""xlai"": 1.1330363750457764, ""totir"": 0.0, ""tofer"": NaN, ""swfac"": 0.0, ""nstres"": 0.1356344223022461}",0.0,0.1356344223022461,813.7464904785156,0.0,1.1330363750457764,0.0,,0.0,0.0,0.0,0.0,0.0,0.0,Leave_One_experiments/all_year_offline_schedule_search/daily_outputs/FQA/FQA_2018_FQA2018_stress_grid_S0015_daily.csv
FQA,FQA,Fengqiu,2018,Leave_One_experiments\wth_generated_qc\FQA\FQA2018.WTH,normal_year;water_stress_year;nitrogen_stress_year,water_stress,FQA2018_stress_grid_S0015,pareto_balanced,2018-07-17,198,42,37,"{""sim_day"": 42.0, ""doy"": 198.0, ""topwt"": 888.4154510498047, ""grnwt"": 0.0, ""xlai"": 1.1796746253967283, ""totir"": 0.0, ""tofer"": NaN, ""swfac"": 0.0, ""nstres"": 0.1560864448547363}",0.0,0.1560864448547363,888.4154510498047,0.0,1.1796746253967283,0.0,,0.0,0.0,0.0,0.0,0.0,0.0,Leave_One_experiments/all_year_offline_schedule_search/daily_outputs/FQA/FQA_2018_FQA2018_stress_grid_S0015_daily.csv
FQA,FQA,Fengqiu,2018,Leave_One_experiments\wth_generated_qc\FQA\FQA2018.WTH,normal_year;water_stress_year;nitrogen_stress_year,water_stress,FQA2018_stress_grid_S0015,pareto_balanced,2018-07-18,199,43,38,"{""sim_day"": 43.0, ""doy"": 199.0, ""topwt"": 964.2717742919922, ""grnwt"": 0.0, ""xlai"": 1.2202694416046145, ""totir"": 0.0, ""tofer"": NaN, ""swfac"": 0.0, ""nstres"": 0.1727721691131591}",0.0,0.1727721691131591,964.2717742919922,0.0,1.2202694416046145,0.0,,0.0,0.0,0.0,0.0,0.0,0.0,Leave_One_experiments/all_year_offline_schedule_search/daily_outputs/FQA/FQA_2018_FQA2018_stress_grid_S0015_daily.csv
FQA,FQA,Fengqiu,2018,Leave_One_experiments\wth_generated_qc\FQA\FQA2018.WTH,normal_year;water_stress_year;nitrogen_stress_year,water_stress,FQA2018_stress_grid_S0015,pareto_balanced,2018-07-19,200,44,39,"{""sim_day"": 44.0, ""doy"": 200.0, ""topwt"": 1132.3960876464844, ""grnwt"": 0.0, ""xlai"": 1.2523995637893677, ""totir"": 0.0, ""tofer"": NaN, ""swfac"": 0.0, ""nstres"": 0.1880326271057129}",0.0,0.1880326271057129,1132.3960876464844,0.0,1.2523995637893677,0.0,,0.0,0.0,0.0,0.0,0.0,0.0,Leave_One_experiments/all_year_offline_schedule_search/daily_outputs/FQA/FQA_2018_FQA2018_stress_grid_S0015_daily.csv
FQA,FQA,Fengqiu,2018,Leave_One_experiments\wth_generated_qc\FQA\FQA2018.WTH,normal_year;water_stress_year;nitrogen_stress_year,water_stress,FQA2018_stress_grid_S0015,pareto_balanced,2018-07-20,201,45,40,"{""sim_day"": 45.0, ""doy"": 201.0, ""topwt"": 1290.015869140625, ""grnwt"": 0.0, ""xlai"": 1.274133324623108, ""totir"": 0.0, ""tofer"": NaN, ""swfac"": 0.0, ""nstres"": 0.199951946735382}",0.0,0.199951946735382,1290.015869140625,0.0,1.274133324623108,0.0,,0.0,0.0,0.0,0.0,0.0,0.0,Leave_One_experiments/all_year_offline_schedule_search/daily_outputs/FQA/FQA_2018_FQA2018_stress_grid_S0015_daily.csv
FQA,FQA,Fengqiu,2018,Leave_One_experiments\wth_generated_qc\FQA\FQA2018.WTH,normal_year;water_stress_year;nitrogen_stress_year,water_stress,FQA2018_stress_grid_S0015,pareto_balanced,2018-07-21,202,46,41,"{""sim_day"": 46.0, ""doy"": 202.0, ""topwt"": 1410.1138305664062, ""grnwt"": 0.0, ""xlai"": 1.274750828742981, ""totir"": 0.0, ""tofer"": NaN, ""swfac"": 0.0, ""nstres"": 0.3036315441131592}",0.0,0.3036315441131592,1410.1138305664062,0.0,1.274750828742981,0.0,,0.0,0.0,0.0,0.0,0.0,0.0,Leave_One_experiments/all_year_offline_schedule_search/daily_outputs/FQA/FQA_2018_FQA2018_stress_grid_S0015_daily.csv
FQA,FQA,Fengqiu,2018,Leave_One_experiments\wth_generated_qc\FQA\FQA2018.WTH,normal_year;water_stress_year;nitrogen_stress_year,water_stress,FQA2018_stress_grid_S0015,pareto_balanced,2018-07-22,203,47,42,"{""sim_day"": 47.0, ""doy"": 203.0, ""topwt"": 1515.1789855957031, ""grnwt"": 0.0, ""xlai"": 1.265162706375122, ""totir"": 0.0, ""tofer"": NaN, ""swfac"": 0.0, ""nstres"": 0.3722318410873413}",0.0,0.3722318410873413,1515.1789855957031,0.0,1.265162706375122,0.0,,0.0,0.0,0.0,0.0,0.0,0.0,Leave_One_experiments/all_year_offline_schedule_search/daily_outputs/FQA/FQA_2018_FQA2018_stress_grid_S0015_daily.csv
FQA,FQA,Fengqiu,2018,Leave_One_experiments\wth_generated_qc\FQA\FQA2018.WTH,normal_year;water_stress_year;nitrogen_stress_year,water_stress,FQA2018_stress_grid_S0015,pareto_balanced,2018-07-23,204,48,43,"{""sim_day"": 48.0, ""doy"": 204.0, ""topwt"": 1606.7218017578125, ""grnwt"": 0.0, ""xlai"": 1.2487728595733645, ""totir"": 0.0, ""tofer"": NaN, ""swfac"": 0.0, ""nstres"": 0.4065290093421936}",0.0,0.4065290093421936,1606.7218017578125,0.0,1.2487728595733645,0.0,,0.0,0.0,0.0,0.0,0.0,0.0,Leave_One_experiments/all_year_offline_schedule_search/daily_outputs/FQA/FQA_2018_FQA2018_stress_grid_S0015_daily.csv
FQA,FQA,Fengqiu,2018,Leave_One_experiments\wth_generated_qc\FQA\FQA2018.WTH,normal_year;water_stress_year;nitrogen_stress_year,water_stress,FQA2018_stress_grid_S0015,pareto_balanced,2018-07-24,205,49,44,"{""sim_day"": 49.0, ""doy"": 205.0, ""topwt"": 1699.1189575195312, ""grnwt"": 0.0, ""xlai"": 1.2309882640838623, ""totir"": 0.0, ""tofer"": NaN, ""swfac"": 0.0, ""nstres"": 0.426689088344574}",0.0,0.426689088344574,1699.1189575195312,0.0,1.2309882640838623,0.0,,0.0,0.0,0.0,0.0,0.0,0.0,Leave_One_experiments/all_year_offline_schedule_search/daily_outputs/FQA/FQA_2018_FQA2018_stress_grid_S0015_daily.csv
FQA,FQA,Fengqiu,2018,Leave_One_experiments\wth_generated_qc\FQA\FQA2018.WTH,normal_year;water_stress_year;nitrogen_stress_year,water_stress,FQA2018_stress_grid_S0015,pareto_balanced,2018-07-25,206,50,45,"{""sim_day"": 50.0, ""doy"": 206.0, ""topwt"": 1784.5704650878906, ""grnwt"": 0.0, ""xlai"": 1.210491418838501, ""totir"": 0.0, ""tofer"": NaN, ""swfac"": 0.0, ""nstres"": 0.4370010495185852}",0.0,0.4370010495185852,1784.5704650878906,0.0,1.210491418838501,0.0,,0.0,0.0,0.0,0.0,0.0,0.0,Leave_One_experiments/all_year_offline_schedule_search/daily_outputs/FQA/FQA_2018_FQA2018_stress_grid_S0015_daily.csv
FQA,FQA,Fengqiu,2018,Leave_One_experiments\wth_generated_qc\FQA\FQA2018.WTH,normal_year;water_stress_year;nitrogen_stress_year,water_stress,FQA2018_stress_grid_S0015,pareto_balanced,2018-07-26,207,51,46,"{""sim_day"": 51.0, ""doy"": 207.0, ""topwt"": 1862.0927429199216, ""grnwt"": 0.0, ""xlai"": 1.187483787536621, ""totir"": 0.0, ""tofer"": NaN, ""swfac"": 0.0, ""nstres"": 0.445953905582428}",0.0,0.445953905582428,1862.0927429199216,0.0,1.187483787536621,0.0,,0.0,0.0,0.0,0.0,0.0,0.0,Leave_One_experiments/all_year_offline_schedule_search/daily_outputs/FQA/FQA_2018_FQA2018_stress_grid_S0015_daily.csv
FQA,FQA,Fengqiu,2018,Leave_One_experiments\wth_generated_qc\FQA\FQA2018.WTH,normal_year;water_stress_year;nitrogen_stress_year,water_stress,FQA2018_stress_grid_S0015,pareto_balanced,2018-07-27,208,52,47,"{""sim_day"": 52.0, ""doy"": 208.0, ""topwt"": 1927.3081970214844, ""grnwt"": 0.0, ""xlai"": 1.1618162393569946, ""totir"": 0.0, ""tofer"": NaN, ""swfac"": 0.0, ""nstres"": 0.4519256949424743}",0.0,0.4519256949424743,1927.3081970214844,0.0,1.1618162393569946,0.0,,0.0,0.0,0.0,0.0,0.0,0.0,Leave_One_experiments/all_year_offline_schedule_search/daily_outputs/FQA/FQA_2018_FQA2018_stress_grid_S0015_daily.csv
FQA,FQA,Fengqiu,2018,Leave_One_experiments\wth_generated_qc\FQA\FQA2018.WTH,normal_year;water_stress_year;nitrogen_stress_year,water_stress,FQA2018_stress_grid_S0015,pareto_balanced,2018-07-28,209,53,48,"{""sim_day"": 53.0, ""doy"": 209.0, ""topwt"": 2005.8143615722656, ""grnwt"": 0.0, ""xlai"": 1.1406956911087036, ""totir"": 0.0, ""tofer"": NaN, ""swfac"": 0.0, ""nstres"": 0.4470346570014953}",0.0,0.4470346570014953,2005.8143615722656,0.0,1.1406956911087036,0.0,,0.0,0.0,0.0,0.0,0.0,0.0,Leave_One_experiments/all_year_offline_schedule_search/daily_outputs/FQA/FQA_2018_FQA2018_stress_grid_S0015_daily.csv
FQA,FQA,Fengqiu,2018,Leave_One_experiments\wth_generated_qc\FQA\FQA2018.WTH,normal_year;water_stress_year;nitrogen_stress_year,water_stress,FQA2018_stress_grid_S0015,pareto_balanced,2018-07-29,210,54,49,"{""sim_day"": 54.0, ""doy"": 210.0, ""topwt"": 2062.0106506347656, ""grnwt"": 0.0, ""xlai"": 1.1143993139266968, ""totir"": 0.0, ""tofer"": NaN, ""swfac"": 0.0, ""nstres"": 0.450978934764862}",0.0,0.450978934764862,2062.0106506347656,0.0,1.1143993139266968,0.0,,0.0,0.0,0.0,0.0,0.0,0.0,Leave_One_experiments/all_year_offline_schedule_search/daily_outputs/FQA/FQA_2018_FQA2018_stress_grid_S0015_daily.csv
FQA,FQA,Fengqiu,2018,Leave_One_experiments\wth_generated_qc\FQA\FQA2018.WTH,normal_year;water_stress_year;nitrogen_stress_year,water_stress,FQA2018_stress_grid_S0015,pareto_balanced,2018-07-30,211,55,50,"{""sim_day"": 55.0, ""doy"": 211.0, ""topwt"": 2137.4740600585938, ""grnwt"": 0.0, ""xlai"": 1.0937230587005615, ""totir"": 0.0, ""tofer"": NaN, ""swfac"": 0.0, ""nstres"": 0.456021785736084}",0.0,0.456021785736084,2137.4740600585938,0.0,1.0937230587005615,0.0,,0.0,0.0,0.0,0.0,0.0,0.0,Leave_One_experiments/all_year_offline_schedule_search/daily_outputs/FQA/FQA_2018_FQA2018_stress_grid_S0015_daily.csv
FQA,FQA,Fengqiu,2018,Leave_One_experiments\wth_generated_qc\FQA\FQA2018.WTH,normal_year;water_stress_year;nitrogen_stress_year,water_stress,FQA2018_stress_grid_S0015,pareto_balanced,2018-07-31,212,56,51,"{""sim_day"": 56.0, ""doy"": 212.0, ""topwt"": 2166.9618225097656, ""grnwt"": 0.0, ""xlai"": 0.0, ""totir"": 0.0, ""tofer"": NaN, ""swfac"": 0.0, ""nstres"": 0.4602382183074951}",0.0,0.4602382183074951,2166.9618225097656,0.0,0.0,0.0,,0.0,0.0,0.0,0.0,0.0,0.0,Leave_One_experiments/all_year_offline_schedule_search/daily_outputs/FQA/FQA_2018_FQA2018_stress_grid_S0015_daily.csv
FQA,FQA,Fengqiu,2018,Leave_One_experiments\wth_generated_qc\FQA\FQA2018.WTH,normal_year;water_stress_year;nitrogen_stress_year,water_stress,FQA2018_stress_grid_S0015,pareto_balanced,2018-08-01,213,57,52,"{""sim_day"": 57.0, ""doy"": 213.0, ""topwt"": 2166.6793823242188, ""grnwt"": 0.0, ""xlai"": 0.0, ""totir"": 0.0, ""tofer"": NaN, ""swfac"": 0.0, ""nstres"": 0.4600542187690735}",0.0,0.4600542187690735,2166.6793823242188,0.0,0.0,0.0,,0.0,0.0,0.0,0.0,0.0,0.0,Leave_One_experiments/all_year_offline_schedule_search/daily_outputs/FQA/FQA_2018_FQA2018_stress_grid_S0015_daily.csv
FQA,FQA,Fengqiu,2018,Leave_One_experiments\wth_generated_qc\FQA\FQA2018.WTH,normal_year;water_stress_year;nitrogen_stress_year,water_stress,FQA2018_stress_grid_S0015,pareto_balanced,2018-08-02,214,58,53,"{""sim_day"": 58.0, ""doy"": 214.0, ""topwt"": 2166.3970947265625, ""grnwt"": 0.0, ""xlai"": 0.0, ""totir"": 0.0, ""tofer"": NaN, ""swfac"": 0.0, ""nstres"": 0.4555267691612243}",0.0,0.4555267691612243,2166.3970947265625,0.0,0.0,0.0,,0.0,0.0,0.0,0.0,0.0,0.0,Leave_One_experiments/all_year_offline_schedule_search/daily_outputs/FQA/FQA_2018_FQA2018_stress_grid_S0015_daily.csv
FQA,FQA,Fengqiu,2018,Leave_One_experiments\wth_generated_qc\FQA\FQA2018.WTH,normal_year;water_stress_year;nitrogen_stress_year,water_stress,FQA2018_stress_grid_S0015,pareto_balanced,2018-08-03,215,59,54,"{""sim_day"": 59.0, ""doy"": 215.0, ""topwt"": 2166.114959716797, ""grnwt"": 0.0, ""xlai"": 0.0, ""totir"": 0.0, ""tofer"": NaN, ""swfac"": 0.0, ""nstres"": 0.4452621936798095}",0.0,0.4452621936798095,2166.114959716797,0.0,0.0,0.0,,0.0,0.0,0.0,0.0,0.0,0.0,Leave_One_experiments/all_year_offline_schedule_search/daily_outputs/FQA/FQA_2018_FQA2018_stress_grid_S0015_daily.csv
FQA,FQA,Fengqiu,2018,Leave_One_experiments\wth_generated_qc\FQA\FQA2018.WTH,normal_year;water_stress_year;nitrogen_stress_year,water_stress,FQA2018_stress_grid_S0015,pareto_balanced,2018-08-04,216,60,55,"{""sim_day"": 60.0, ""doy"": 216.0, ""topwt"": 2165.8328247070312, ""grnwt"": 0.0, ""xlai"": 0.0, ""totir"": 0.0, ""tofer"": NaN, ""swfac"": 0.0, ""nstres"": 0.4311551451683044}",0.0,0.4311551451683044,2165.8328247070312,0.0,0.0,0.0,,0.0,0.0,0.0,0.0,0.0,0.0,Leave_One_experiments/all_year_offline_schedule_search/daily_outputs/FQA/FQA_2018_FQA2018_stress_grid_S0015_daily.csv
FQA,FQA,Fengqiu,2018,Leave_One_experiments\wth_generated_qc\FQA\FQA2018.WTH,normal_year;water_stress_year;nitrogen_stress_year,water_stress,FQA2018_stress_grid_S0015,pareto_balanced,2018-08-05,217,61,56,"{""sim_day"": 61.0, ""doy"": 217.0, ""topwt"": 2165.5506896972656, ""grnwt"": 0.0, ""xlai"": 0.0, ""totir"": 0.0, ""tofer"": NaN, ""swfac"": 0.0, ""nstres"": 0.4212315678596496}",0.0,0.4212315678596496,2165.5506896972656,0.0,0.0,0.0,,0.0,0.0,0.0,0.0,0.0,0.0,Leave_One_experiments/all_year_offline_schedule_search/daily_outputs/FQA/FQA_2018_FQA2018_stress_grid_S0015_daily.csv
FQA,FQA,Fengqiu,2018,Leave_One_experiments\wth_generated_qc\FQA\FQA2018.WTH,normal_year;water_stress_year;nitrogen_stress_year,water_stress,FQA2018_stress_grid_S0015,pareto_balanced,2018-08-06,218,62,57,"{""sim_day"": 62.0, ""doy"": 218.0, ""topwt"": 2150.457763671875, ""grnwt"": 0.0, ""xlai"": 0.0, ""totir"": 0.0, ""tofer"": NaN, ""swfac"": 0.0, ""nstres"": 0.4065396785736084}",0.0,0.4065396785736084,2150.457763671875,0.0,0.0,0.0,,0.0,0.0,0.0,0.0,0.0,0.0,Leave_One_experiments/all_year_offline_schedule_search/daily_outputs/FQA/FQA_2018_FQA2018_stress_grid_S0015_daily.csv
FQA,FQA,Fengqiu,2018,Leave_One_experiments\wth_generated_qc\FQA\FQA2018.WTH,normal_year;water_stress_year;nitrogen_stress_year,water_stress,FQA2018_stress_grid_S0015,pareto_balanced,2018-08-07,219,63,58,"{""sim_day"": 63.0, ""doy"": 219.0, ""topwt"": 2134.770812988281, ""grnwt"": 0.0, ""xlai"": 0.0, ""totir"": 0.0, ""tofer"": NaN, ""swfac"": 0.0, ""nstres"": 0.3872811198234558}",0.0,0.3872811198234558,2134.770812988281,0.0,0.0,0.0,,0.0,0.0,0.0,0.0,0.0,0.0,Leave_One_experiments/all_year_offline_schedule_search/daily_outputs/FQA/FQA_2018_FQA2018_stress_grid_S0015_daily.csv
FQA,FQA,Fengqiu,2018,Leave_One_experiments\wth_generated_qc\FQA\FQA2018.WTH,normal_year;water_stress_year;nitrogen_stress_year,water_stress,FQA2018_stress_grid_S0015,pareto_balanced,2018-08-08,220,64,59,"{""sim_day"": 64.0, ""doy"": 220.0, ""topwt"": 2117.5079345703125, ""grnwt"": 0.0, ""xlai"": 0.0, ""totir"": 0.0, ""tofer"": NaN, ""swfac"": 0.0, ""nstres"": 0.3564600944519043}",0.0,0.3564600944519043,2117.5079345703125,0.0,0.0,0.0,,0.0,0.0,0.0,0.0,0.0,0.0,Leave_One_experiments/all_year_offline_schedule_search/daily_outputs/FQA/FQA_2018_FQA2018_stress_grid_S0015_daily.csv
FQA,FQA,Fengqiu,2018,Leave_One_experiments\wth_generated_qc\FQA\FQA2018.WTH,normal_year;water_stress_year;nitrogen_stress_year,water_stress,FQA2018_stress_grid_S0015,pareto_balanced,2018-08-09,221,65,60,"{""sim_day"": 65.0, ""doy"": 221.0, ""topwt"": 2099.654541015625, ""grnwt"": 0.0, ""xlai"": 0.0, ""totir"": 0.0, ""tofer"": NaN, ""swfac"": 0.0, ""nstres"": 0.3348904252052307}",0.0,0.3348904252052307,2099.654541015625,0.0,0.0,0.0,,0.0,0.0,0.0,0.0,0.0,0.0,Leave_One_experiments/all_year_offline_schedule_search/daily_outputs/FQA/FQA_2018_FQA2018_stress_grid_S0015_daily.csv
FQA,FQA,Fengqiu,2018,Leave_One_experiments\wth_generated_qc\FQA\FQA2018.WTH,normal_year;water_stress_year;nitrogen_stress_year,water_stress,FQA2018_stress_grid_S0015,pareto_balanced,2018-08-10,222,66,61,"{""sim_day"": 66.0, ""doy"": 222.0, ""topwt"": 2080.2040100097656, ""grnwt"": 0.0, ""xlai"": 0.0, ""totir"": 0.0, ""tofer"": NaN, ""swfac"": 0.0, ""nstres"": 0.2981834411621094}",0.0,0.2981834411621094,2080.2040100097656,0.0,0.0,0.0,,0.0,0.0,0.0,0.0,0.0,0.0,Leave_One_experiments/all_year_offline_schedule_search/daily_outputs/FQA/FQA_2018_FQA2018_stress_grid_S0015_daily.csv
FQA,FQA,Fengqiu,2018,Leave_One_experiments\wth_generated_qc\FQA\FQA2018.WTH,normal_year;water_stress_year;nitrogen_stress_year,water_stress,FQA2018_stress_grid_S0015,pareto_balanced,2018-08-11,223,67,62,"{""sim_day"": 67.0, ""doy"": 223.0, ""topwt"": 2059.2242431640625, ""grnwt"": 0.0, ""xlai"": 0.0, ""totir"": 0.0, ""tofer"": NaN, ""swfac"": 0.0, ""nstres"": 0.2599555253982544}",0.0,0.2599555253982544,2059.2242431640625,0.0,0.0,0.0,,0.0,0.0,0.0,0.0,0.0,0.0,Leave_One_experiments/all_year_offline_schedule_search/daily_outputs/FQA/FQA_2018_FQA2018_stress_grid_S0015_daily.csv
FQA,FQA,Fengqiu,2018,Leave_One_experiments\wth_generated_qc\FQA\FQA2018.WTH,normal_year;water_stress_year;nitrogen_stress_year,water_stress,FQA2018_stress_grid_S0015,pareto_balanced,2018-08-12,224,68,63,"{""sim_day"": 68.0, ""doy"": 224.0, ""topwt"": 2037.6959228515625, ""grnwt"": 0.0, ""xlai"": 0.0, ""totir"": 0.0, ""tofer"": NaN, ""swfac"": 0.0, ""nstres"": 0.2328394651412964}",0.0,0.2328394651412964,2037.6959228515625,0.0,0.0,0.0,,0.0,0.0,0.0,0.0,0.0,0.0,Leave_One_experiments/all_year_offline_schedule_search/daily_outputs/FQA/FQA_2018_FQA2018_stress_grid_S0015_daily.csv
FQA,FQA,Fengqiu,2018,Leave_One_experiments\wth_generated_qc\FQA\FQA2018.WTH,normal_year;water_stress_year;nitrogen_stress_year,water_stress,FQA2018_stress_grid_S0015,pareto_balanced,2018-08-13,225,69,64,"{""sim_day"": 69.0, ""doy"": 225.0, ""topwt"": 2015.648193359375, ""grnwt"": 0.0, ""xlai"": 0.0, ""totir"": 0.0, ""tofer"": NaN, ""swfac"": 0.0, ""nstres"": 0.2048930525779724}",0.0,0.2048930525779724,2015.648193359375,0.0,0.0,0.0,,0.0,0.0,0.0,0.0,0.0,0.0,Leave_One_experiments/all_year_offline_schedule_search/daily_outputs/FQA/FQA_2018_FQA2018_stress_grid_S0015_daily.csv
FQA,FQA,Fengqiu,2018,Leave_One_experiments\wth_generated_qc\FQA\FQA2018.WTH,normal_year;water_stress_year;nitrogen_stress_year,water_stress,FQA2018_stress_grid_S0015,pareto_balanced,2018-08-14,226,70,65,"{""sim_day"": 70.0, ""doy"": 226.0, ""topwt"": 1993.0661010742188, ""grnwt"": 0.0, ""xlai"": 0.0, ""totir"": 0.0, ""tofer"": NaN, ""swfac"": 0.0, ""nstres"": 0.1919995546340942}",0.0,0.1919995546340942,1993.0661010742188,0.0,0.0,0.0,,0.0,0.0,0.0,0.0,0.0,0.0,Leave_One_experiments/all_year_offline_schedule_search/daily_outputs/FQA/FQA_2018_FQA2018_stress_grid_S0015_daily.csv
FQA,FQA,Fengqiu,2018,Leave_One_experiments\wth_generated_qc\FQA\FQA2018.WTH,normal_year;water_stress_year;nitrogen_stress_year,water_stress,FQA2018_stress_grid_S0015,pareto_balanced,2018-08-15,227,71,66,"{""sim_day"": 71.0, ""doy"": 227.0, ""topwt"": 1969.239196777344, ""grnwt"": 0.0, ""xlai"": 0.0, ""totir"": 0.0, ""tofer"": NaN, ""swfac"": 0.0, ""nstres"": 0.1779313087463379}",0.0,0.1779313087463379,1969.239196777344,0.0,0.0,0.0,,0.0,0.0,0.0,0.0,0.0,0.0,Leave_One_experiments/all_year_offline_schedule_search/daily_outputs/FQA/FQA_2018_FQA2018_stress_grid_S0015_daily.csv
FQA,FQA,Fengqiu,2018,Leave_One_experiments\wth_generated_qc\FQA\FQA2018.WTH,normal_year;water_stress_year;nitrogen_stress_year,water_stress,FQA2018_stress_grid_S0015,pareto_balanced,2018-08-16,228,72,67,"{""sim_day"": 72.0, ""doy"": 228.0, ""topwt"": 1944.171142578125, ""grnwt"": 0.0, ""xlai"": 0.0, ""totir"": 0.0, ""tofer"": NaN, ""swfac"": 0.0, ""nstres"": 0.1603224277496338}",0.0,0.1603224277496338,1944.171142578125,0.0,0.0,0.0,,0.0,0.0,0.0,0.0,0.0,0.0,Leave_One_experiments/all_year_offline_schedule_search/daily_outputs/FQA/FQA_2018_FQA2018_stress_grid_S0015_daily.csv
FQA,FQA,Fengqiu,2018,Leave_One_experiments\wth_generated_qc\FQA\FQA2018.WTH,normal_year;water_stress_year;nitrogen_stress_year,water_stress,FQA2018_stress_grid_S0015,pareto_balanced,2018-08-17,229,73,68,"{""sim_day"": 73.0, ""doy"": 229.0, ""topwt"": 1918.719482421875, ""grnwt"": 0.0, ""xlai"": 0.0, ""totir"": 0.0, ""tofer"": NaN, ""swfac"": 0.0, ""nstres"": 0.1500977277755737}",0.0,0.1500977277755737,1918.719482421875,0.0,0.0,0.0,,0.0,0.0,0.0,0.0,0.0,0.0,Leave_One_experiments/all_year_offline_schedule_search/daily_outputs/FQA/FQA_2018_FQA2018_stress_grid_S0015_daily.csv
FQA,FQA,Fengqiu,2018,Leave_One_experiments\wth_generated_qc\FQA\FQA2018.WTH,normal_year;water_stress_year;nitrogen_stress_year,water_stress,FQA2018_stress_grid_S0015,pareto_balanced,2018-08-18,230,74,69,"{""sim_day"": 74.0, ""doy"": 230.0, ""topwt"": 1892.9443359375, ""grnwt"": 0.0, ""xlai"": 0.0, ""totir"": 0.0, ""tofer"": NaN, ""swfac"": 0.0, ""nstres"": 0.1385742425918579}",0.0,0.1385742425918579,1892.9443359375,0.0,0.0,0.0,,0.0,0.0,0.0,0.0,0.0,0.0,Leave_One_experiments/all_year_offline_schedule_search/daily_outputs/FQA/FQA_2018_FQA2018_stress_grid_S0015_daily.csv
FQA,FQA,Fengqiu,2018,Leave_One_experiments\wth_generated_qc\FQA\FQA2018.WTH,normal_year;water_stress_year;nitrogen_stress_year,water_stress,FQA2018_stress_grid_S0015,pareto_balanced,2018-08-19,231,75,70,"{""sim_day"": 75.0, ""doy"": 231.0, ""topwt"": 1892.9443359375, ""grnwt"": 0.0, ""xlai"": 0.0, ""totir"": 0.0, ""tofer"": NaN, ""swfac"": 0.0, ""nstres"": 0.1195679306983947}",0.0,0.1195679306983947,1892.9443359375,0.0,0.0,0.0,,0.0,0.0,0.0,0.0,0.0,0.0,Leave_One_experiments/all_year_offline_schedule_search/daily_outputs/FQA/FQA_2018_FQA2018_stress_grid_S0015_daily.csv
FQA,FQA,Fengqiu,2018,Leave_One_experiments\wth_generated_qc\FQA\FQA2018.WTH,normal_year;water_stress_year;nitrogen_stress_year,water_stress,FQA2018_stress_grid_S0015,pareto_balanced,2018-08-20,232,76,71,"{""sim_day"": 76.0, ""doy"": 232.0, ""topwt"": 1892.9443359375, ""grnwt"": 0.0, ""xlai"": 0.0, ""totir"": 0.0, ""tofer"": NaN, ""swfac"": 0.0, ""nstres"": 0.1064201593399047}",0.0,0.1064201593399047,1892.9443359375,0.0,0.0,0.0,,0.0,0.0,0.0,0.0,0.0,0.0,Leave_One_experiments/all_year_offline_schedule_search/daily_outputs/FQA/FQA_2018_FQA2018_stress_grid_S0015_daily.csv
FQA,FQA,Fengqiu,2018,Leave_One_experiments\wth_generated_qc\FQA\FQA2018.WTH,normal_year;water_stress_year;nitrogen_stress_year,water_stress,FQA2018_stress_grid_S0015,pareto_balanced,2018-08-21,233,77,72,"{""sim_day"": 77.0, ""doy"": 233.0, ""topwt"": 1892.9443359375, ""grnwt"": 0.0, ""xlai"": 0.0, ""totir"": 0.0, ""tofer"": NaN, ""swfac"": 0.0, ""nstres"": 0.1012694835662841}",0.0,0.1012694835662841,1892.9443359375,0.0,0.0,0.0,,0.0,0.0,0.0,0.0,0.0,0.0,Leave_One_experiments/all_year_offline_schedule_search/daily_outputs/FQA/FQA_2018_FQA2018_stress_grid_S0015_daily.csv
FQA,FQA,Fengqiu,2018,Leave_One_experiments\wth_generated_qc\FQA\FQA2018.WTH,normal_year;water_stress_year;nitrogen_stress_year,water_stress,FQA2018_stress_grid_S0015,pareto_balanced,2018-08-22,234,78,73,"{""sim_day"": 78.0, ""doy"": 234.0, ""topwt"": 1892.9443359375, ""grnwt"": 0.0, ""xlai"": 0.0, ""totir"": 0.0, ""tofer"": NaN, ""swfac"": 0.0, ""nstres"": 0.0891576409339904}",0.0,0.0891576409339904,1892.9443359375,0.0,0.0,0.0,,0.0,0.0,0.0,0.0,0.0,0.0,Leave_One_experiments/all_year_offline_schedule_search/daily_outputs/FQA/FQA_2018_FQA2018_stress_grid_S0015_daily.csv
FQA,FQA,Fengqiu,2018,Leave_One_experiments\wth_generated_qc\FQA\FQA2018.WTH,normal_year;water_stress_year;nitrogen_stress_year,water_stress,FQA2018_stress_grid_S0015,pareto_balanced,2018-08-23,235,79,74,"{""sim_day"": 79.0, ""doy"": 235.0, ""topwt"": 1892.9443359375, ""grnwt"": 0.0, ""xlai"": 0.0, ""totir"": 0.0, ""tofer"": NaN, ""swfac"": 0.0, ""nstres"": 0.0830178260803222}",0.0,0.0830178260803222,1892.9443359375,0.0,0.0,0.0,,0.0,0.0,0.0,0.0,0.0,0.0,Leave_One_experiments/all_year_offline_schedule_search/daily_outputs/FQA/FQA_2018_FQA2018_stress_grid_S0015_daily.csv
FQA,FQA,Fengqiu,2018,Leave_One_experiments\wth_generated_qc\FQA\FQA2018.WTH,normal_year;water_stress_year;nitrogen_stress_year,water_stress,FQA2018_stress_grid_S0015,pareto_balanced,2018-08-24,236,80,75,"{""sim_day"": 80.0, ""doy"": 236.0, ""topwt"": 1892.9443359375, ""grnwt"": 0.0, ""xlai"": 0.0, ""totir"": 0.0, ""tofer"": NaN, ""swfac"": 0.0, ""nstres"": 0.0761420726776123}",0.0,0.0761420726776123,1892.9443359375,0.0,0.0,0.0,,0.0,0.0,0.0,0.0,0.0,0.0,Leave_One_experiments/all_year_offline_schedule_search/daily_outputs/FQA/FQA_2018_FQA2018_stress_grid_S0015_daily.csv
FQA,FQA,Fengqiu,2018,Leave_One_experiments\wth_generated_qc\FQA\FQA2018.WTH,normal_year;water_stress_year;nitrogen_stress_year,water_stress,FQA2018_stress_grid_S0015,pareto_balanced,2018-08-25,237,81,76,"{""sim_day"": 81.0, ""doy"": 237.0, ""topwt"": 1892.9443359375, ""grnwt"": 0.0, ""xlai"": 0.0, ""totir"": 0.0, ""tofer"": NaN, ""swfac"": 0.0, ""nstres"": 0.0602512955665588}",0.0,0.0602512955665588,1892.9443359375,0.0,0.0,0.0,,0.0,0.0,0.0,0.0,0.0,0.0,Leave_One_experiments/all_year_offline_schedule_search/daily_outputs/FQA/FQA_2018_FQA2018_stress_grid_S0015_daily.csv
FQA,FQA,Fengqiu,2018,Leave_One_experiments\wth_generated_qc\FQA\FQA2018.WTH,normal_year;water_stress_year;nitrogen_stress_year,water_stress,FQA2018_stress_grid_S0015,pareto_balanced,2018-08-26,238,82,77,"{""sim_day"": 82.0, ""doy"": 238.0, ""topwt"": 1892.9443359375, ""grnwt"": 0.0, ""xlai"": 0.0, ""totir"": 0.0, ""tofer"": NaN, ""swfac"": 0.0, ""nstres"": 0.0}",0.0,0.0,1892.9443359375,0.0,0.0,0.0,,0.0,0.0,0.0,0.0,0.0,0.0,Leave_One_experiments/all_year_offline_schedule_search/daily_outputs/FQA/FQA_2018_FQA2018_stress_grid_S0015_daily.csv
FQA,FQA,Fengqiu,2018,Leave_One_experiments\wth_generated_qc\FQA\FQA2018.WTH,normal_year;water_stress_year;nitrogen_stress_year,water_stress,FQA2018_stress_grid_S0015,pareto_balanced,2018-08-27,239,83,78,"{""sim_day"": 83.0, ""doy"": 239.0, ""topwt"": 1892.9443359375, ""grnwt"": 0.0, ""xlai"": 0.0, ""totir"": 0.0, ""tofer"": NaN, ""swfac"": 0.0, ""nstres"": 0.0}",0.0,0.0,1892.9443359375,0.0,0.0,0.0,,0.0,0.0,0.0,0.0,0.0,0.0,Leave_One_experiments/all_year_offline_schedule_search/daily_outputs/FQA/FQA_2018_FQA2018_stress_grid_S0015_daily.csv
FQA,FQA,Fengqiu,2019,Leave_One_experiments\wth_generated_qc\FQA\FQA2019.WTH,dry_year;water_stress_year;nitrogen_stress_year,water_stress,FQA2019_stress_grid_S0003,irrigation_positive_candidate,2019-06-11,162,1,1,"{""sim_day"": 1.0, ""doy"": 162.0, ""topwt"": 0.0, ""grnwt"": 0.0, ""xlai"": 0.0, ""totir"": 0.0, ""tofer"": NaN, ""swfac"": 0.0, ""nstres"": 0.0}",0.0,0.0,0.0,0.0,0.0,0.0,,0.0,0.0,20.0,0.0,16.131805419921875,24.131805419921875,Leave_One_experiments/all_year_offline_schedule_search/daily_outputs/FQA/FQA_2019_FQA2019_stress_grid_S0003_daily.csv
FQA,FQA,Fengqiu,2019,Leave_One_experiments\wth_generated_qc\FQA\FQA2019.WTH,dry_year;water_stress_year;nitrogen_stress_year,water_stress,FQA2019_stress_grid_S0003,irrigation_positive_candidate,2019-06-12,163,2,2,"{""sim_day"": 2.0, ""doy"": 163.0, ""topwt"": 0.0, ""grnwt"": 0.0, ""xlai"": 0.0, ""totir"": 0.0, ""tofer"": NaN, ""swfac"": 0.0, ""nstres"": 0.0}",0.0,0.0,0.0,0.0,0.0,0.0,,0.0,0.0,20.0,0.0,16.131805419921875,24.131805419921875,Leave_One_experiments/all_year_offline_schedule_search/daily_outputs/FQA/FQA_2019_FQA2019_stress_grid_S0003_daily.csv
FQA,FQA,Fengqiu,2019,Leave_One_experiments\wth_generated_qc\FQA\FQA2019.WTH,dry_year;water_stress_year;nitrogen_stress_year,water_stress,FQA2019_stress_grid_S0003,irrigation_positive_candidate,2019-06-13,164,3,3,"{""sim_day"": 3.0, ""doy"": 164.0, ""topwt"": 0.0, ""grnwt"": 0.0, ""xlai"": 0.0, ""totir"": 0.0, ""tofer"": NaN, ""swfac"": 0.0, ""nstres"": 0.0}",0.0,0.0,0.0,0.0,0.0,0.0,,0.0,0.0,20.0,0.0,16.131805419921875,24.131805419921875,Leave_One_experiments/all_year_offline_schedule_search/daily_outputs/FQA/FQA_2019_FQA2019_stress_grid_S0003_daily.csv
FQA,FQA,Fengqiu,2019,Leave_One_experiments\wth_generated_qc\FQA\FQA2019.WTH,dry_year;water_stress_year;nitrogen_stress_year,water_stress,FQA2019_stress_grid_S0003,irrigation_positive_candidate,2019-06-14,165,4,4,"{""sim_day"": 4.0, ""doy"": 165.0, ""topwt"": 0.0, ""grnwt"": 0.0, ""xlai"": 0.0, ""totir"": 0.0, ""tofer"": NaN, ""swfac"": 0.0, ""nstres"": 0.0}",0.0,0.0,0.0,0.0,0.0,0.0,,0.0,0.0,20.0,0.0,16.131805419921875,24.131805419921875,Leave_One_experiments/all_year_offline_schedule_search/daily_outputs/FQA/FQA_2019_FQA2019_stress_grid_S0003_daily.csv
FQA,FQA,Fengqiu,2019,Leave_One_experiments\wth_generated_qc\FQA\FQA2019.WTH,dry_year;water_stress_year;nitrogen_stress_year,water_stress,FQA2019_stress_grid_S0003,irrigation_positive_candidate,2019-06-15,166,5,5,"{""sim_day"": 5.0, ""doy"": 166.0, ""topwt"": 0.0, ""grnwt"": 0.0, ""xlai"": 0.0, ""totir"": 0.0, ""tofer"": NaN, ""swfac"": 0.0, ""nstres"": 0.0}",0.0,0.0,0.0,0.0,0.0,0.0,,0.0,0.0,20.0,0.0,16.131805419921875,24.131805419921875,Leave_One_experiments/all_year_offline_schedule_search/daily_outputs/FQA/FQA_2019_FQA2019_stress_grid_S0003_daily.csv
FQA,FQA,Fengqiu,2019,Leave_One_experiments\wth_generated_qc\FQA\FQA2019.WTH,dry_year;water_stress_year;nitrogen_stress_year,water_stress,FQA2019_stress_grid_S0003,irrigation_positive_candidate,2019-06-11,162,6,1,"{""sim_day"": 6.0, ""doy"": 162.0, ""topwt"": 0.0, ""grnwt"": 0.0, ""xlai"": 0.0, ""totir"": 0.0, ""tofer"": NaN, ""swfac"": 0.0, ""nstres"": 0.0}",0.0,0.0,0.0,0.0,0.0,0.0,,0.0,0.0,20.0,0.0,16.131805419921875,24.131805419921875,Leave_One_experiments/all_year_offline_schedule_search/daily_outputs/FQA/FQA_2019_FQA2019_stress_grid_S0003_daily.csv
FQA,FQA,Fengqiu,2019,Leave_One_experiments\wth_generated_qc\FQA\FQA2019.WTH,dry_year;water_stress_year;nitrogen_stress_year,water_stress,FQA2019_stress_grid_S0003,irrigation_positive_candidate,2019-06-12,163,7,2,"{""sim_day"": 7.0, ""doy"": 163.0, ""topwt"": 0.0, ""grnwt"": 0.0, ""xlai"": 0.0, ""totir"": 0.0, ""tofer"": NaN, ""swfac"": 0.0, ""nstres"": 0.0}",0.0,0.0,0.0,0.0,0.0,0.0,,0.0,0.0,20.0,0.0,16.131805419921875,24.131805419921875,Leave_One_experiments/all_year_offline_schedule_search/daily_outputs/FQA/FQA_2019_FQA2019_stress_grid_S0003_daily.csv
FQA,FQA,Fengqiu,2019,Leave_One_experiments\wth_generated_qc\FQA\FQA2019.WTH,dry_year;water_stress_year;nitrogen_stress_year,water_stress,FQA2019_stress_grid_S0003,irrigation_positive_candidate,2019-06-13,164,8,3,"{""sim_day"": 8.0, ""doy"": 164.0, ""topwt"": 0.0, ""grnwt"": 0.0, ""xlai"": 0.0, ""totir"": 0.0, ""tofer"": NaN, ""swfac"": 0.0, ""nstres"": 0.0}",0.0,0.0,0.0,0.0,0.0,0.0,,0.0,0.0,20.0,0.0,16.131805419921875,24.131805419921875,Leave_One_experiments/all_year_offline_schedule_search/daily_outputs/FQA/FQA_2019_FQA2019_stress_grid_S0003_daily.csv
FQA,FQA,Fengqiu,2019,Leave_One_experiments\wth_generated_qc\FQA\FQA2019.WTH,dry_year;water_stress_year;nitrogen_stress_year,water_stress,FQA2019_stress_grid_S0003,irrigation_positive_candidate,2019-06-14,165,9,4,"{""sim_day"": 9.0, ""doy"": 165.0, ""topwt"": 0.0, ""grnwt"": 0.0, ""xlai"": 0.0, ""totir"": 0.0, ""tofer"": NaN, ""swfac"": 0.0, ""nstres"": 0.0}",0.0,0.0,0.0,0.0,0.0,0.0,,0.0,0.0,20.0,0.0,16.131805419921875,24.131805419921875,Leave_One_experiments/all_year_offline_schedule_search/daily_outputs/FQA/FQA_2019_FQA2019_stress_grid_S0003_daily.csv
FQA,FQA,Fengqiu,2019,Leave_One_experiments\wth_generated_qc\FQA\FQA2019.WTH,dry_year;water_stress_year;nitrogen_stress_year,water_stress,FQA2019_stress_grid_S0003,irrigation_positive_candidate,2019-06-15,166,10,5,"{""sim_day"": 10.0, ""doy"": 166.0, ""topwt"": 0.0, ""grnwt"": 0.0, ""xlai"": 0.0, ""totir"": 0.0, ""tofer"": NaN, ""swfac"": 0.0, ""nstres"": 0.0}",0.0,0.0,0.0,0.0,0.0,0.0,,0.0,0.0,20.0,0.0,16.131805419921875,24.131805419921875,Leave_One_experiments/all_year_offline_schedule_search/daily_outputs/FQA/FQA_2019_FQA2019_stress_grid_S0003_daily.csv
FQA,FQA,Fengqiu,2019,Leave_One_experiments\wth_generated_qc\FQA\FQA2019.WTH,dry_year;water_stress_year;nitrogen_stress_year,water_stress,FQA2019_stress_grid_S0003,irrigation_positive_candidate,2019-06-16,167,11,6,"{""sim_day"": 11.0, ""doy"": 167.0, ""topwt"": 0.0, ""grnwt"": 0.0, ""xlai"": 0.0, ""totir"": 0.0, ""tofer"": NaN, ""swfac"": 0.0, ""nstres"": 0.0}",0.0,0.0,0.0,0.0,0.0,0.0,,0.0,0.0,20.0,0.0,16.131805419921875,24.131805419921875,Leave_One_experiments/all_year_offline_schedule_search/daily_outputs/FQA/FQA_2019_FQA2019_stress_grid_S0003_daily.csv
FQA,FQA,Fengqiu,2019,Leave_One_experiments\wth_generated_qc\FQA\FQA2019.WTH,dry_year;water_stress_year;nitrogen_stress_year,water_stress,FQA2019_stress_grid_S0003,irrigation_positive_candidate,2019-06-17,168,12,7,"{""sim_day"": 12.0, ""doy"": 168.0, ""topwt"": 0.0, ""grnwt"": 0.0, ""xlai"": 0.0, ""totir"": 0.0, ""tofer"": NaN, ""swfac"": 0.0, ""nstres"": 0.0}",0.0,0.0,0.0,0.0,0.0,0.0,,0.0,0.0,20.0,0.0,16.131805419921875,24.131805419921875,Leave_One_experiments/all_year_offline_schedule_search/daily_outputs/FQA/FQA_2019_FQA2019_stress_grid_S0003_daily.csv
FQA,FQA,Fengqiu,2019,Leave_One_experiments\wth_generated_qc\FQA\FQA2019.WTH,dry_year;water_stress_year;nitrogen_stress_year,water_stress,FQA2019_stress_grid_S0003,irrigation_positive_candidate,2019-06-18,169,13,8,"{""sim_day"": 13.0, ""doy"": 169.0, ""topwt"": 0.0, ""grnwt"": 0.0, ""xlai"": 0.0, ""totir"": 0.0, ""tofer"": NaN, ""swfac"": 0.0, ""nstres"": 0.0}",0.0,0.0,0.0,0.0,0.0,0.0,,0.0,0.0,20.0,0.0,16.131805419921875,24.131805419921875,Leave_One_experiments/all_year_offline_schedule_search/daily_outputs/FQA/FQA_2019_FQA2019_stress_grid_S0003_daily.csv
FQA,FQA,Fengqiu,2019,Leave_One_experiments\wth_generated_qc\FQA\FQA2019.WTH,dry_year;water_stress_year;nitrogen_stress_year,water_stress,FQA2019_stress_grid_S0003,irrigation_positive_candidate,2019-06-19,170,14,9,"{""sim_day"": 14.0, ""doy"": 170.0, ""topwt"": 0.0, ""grnwt"": 0.0, ""xlai"": 0.0, ""totir"": 0.0, ""tofer"": NaN, ""swfac"": 0.0, ""nstres"": 0.0}",0.0,0.0,0.0,0.0,0.0,0.0,,0.0,0.0,20.0,0.0,16.131805419921875,24.131805419921875,Leave_One_experiments/all_year_offline_schedule_search/daily_outputs/FQA/FQA_2019_FQA2019_stress_grid_S0003_daily.csv
FQA,FQA,Fengqiu,2019,Leave_One_experiments\wth_generated_qc\FQA\FQA2019.WTH,dry_year;water_stress_year;nitrogen_stress_year,water_stress,FQA2019_stress_grid_S0003,irrigation_positive_candidate,2019-06-20,171,15,10,"{""sim_day"": 15.0, ""doy"": 171.0, ""topwt"": 0.0, ""grnwt"": 0.0, ""xlai"": 0.0, ""totir"": 0.0, ""tofer"": NaN, ""swfac"": 0.0, ""nstres"": 0.0}",0.0,0.0,0.0,0.0,0.0,0.0,,0.0,0.0,20.0,0.0,16.131805419921875,24.131805419921875,Leave_One_experiments/all_year_offline_schedule_search/daily_outputs/FQA/FQA_2019_FQA2019_stress_grid_S0003_daily.csv
FQA,FQA,Fengqiu,2019,Leave_One_experiments\wth_generated_qc\FQA\FQA2019.WTH,dry_year;water_stress_year;nitrogen_stress_year,water_stress,FQA2019_stress_grid_S0003,irrigation_positive_candidate,2019-06-21,172,16,11,"{""sim_day"": 16.0, ""doy"": 172.0, ""topwt"": 32.00000047683716, ""grnwt"": 0.0, ""xlai"": 0.0034351211506873, ""totir"": 0.0, ""tofer"": NaN, ""swfac"": 0.0, ""nstres"": 0.0121910572052001}",0.0,0.0121910572052001,32.00000047683716,0.0,0.0034351211506873,0.0,,0.0,0.0,20.0,0.0,16.131805419921875,24.131805419921875,Leave_One_experiments/all_year_offline_schedule_search/daily_outputs/FQA/FQA_2019_FQA2019_stress_grid_S0003_daily.csv
FQA,FQA,Fengqiu,2019,Leave_One_experiments\wth_generated_qc\FQA\FQA2019.WTH,dry_year;water_stress_year;nitrogen_stress_year,water_stress,FQA2019_stress_grid_S0003,irrigation_positive_candidate,2019-06-22,173,17,12,"{""sim_day"": 17.0, ""doy"": 173.0, ""topwt"": 32.00000047683716, ""grnwt"": 0.0, ""xlai"": 0.0, ""totir"": 0.0, ""tofer"": NaN, ""swfac"": 0.0, ""nstres"": 0.0031296014785766}",0.0,0.0031296014785766,32.00000047683716,0.0,0.0,0.0,,0.0,0.0,20.0,0.0,16.131805419921875,24.131805419921875,Leave_One_experiments/all_year_offline_schedule_search/daily_outputs/FQA/FQA_2019_FQA2019_stress_grid_S0003_daily.csv
FQA,FQA,Fengqiu,2019,Leave_One_experiments\wth_generated_qc\FQA\FQA2019.WTH,dry_year;water_stress_year;nitrogen_stress_year,water_stress,FQA2019_stress_grid_S0003,irrigation_positive_candidate,2019-06-23,174,18,13,"{""sim_day"": 18.0, ""doy"": 174.0, ""topwt"": 32.00000047683716, ""grnwt"": 0.0, ""xlai"": 0.0, ""totir"": 0.0, ""tofer"": NaN, ""swfac"": 0.0, ""nstres"": 0.0}",0.0,0.0,32.00000047683716,0.0,0.0,0.0,,0.0,0.0,20.0,0.0,16.131805419921875,24.131805419921875,Leave_One_experiments/all_year_offline_schedule_search/daily_outputs/FQA/FQA_2019_FQA2019_stress_grid_S0003_daily.csv
FQA,FQA,Fengqiu,2019,Leave_One_experiments\wth_generated_qc\FQA\FQA2019.WTH,dry_year;water_stress_year;nitrogen_stress_year,water_stress,FQA2019_stress_grid_S0003,irrigation_positive_candidate,2019-06-24,175,19,14,"{""sim_day"": 19.0, ""doy"": 175.0, ""topwt"": 32.00000047683716, ""grnwt"": 0.0, ""xlai"": 0.0031613851897418, ""totir"": 0.0, ""tofer"": NaN, ""swfac"": 0.0, ""nstres"": 0.0}",0.0,0.0,32.00000047683716,0.0,0.0031613851897418,0.0,,0.0,0.0,20.0,0.0,16.131805419921875,24.131805419921875,Leave_One_experiments/all_year_offline_schedule_search/daily_outputs/FQA/FQA_2019_FQA2019_stress_grid_S0003_daily.csv
FQA,FQA,Fengqiu,2019,Leave_One_experiments\wth_generated_qc\FQA\FQA2019.WTH,dry_year;water_stress_year;nitrogen_stress_year,water_stress,FQA2019_stress_grid_S0003,irrigation_positive_candidate,2019-06-25,176,20,15,"{""sim_day"": 20.0, ""doy"": 176.0, ""topwt"": 32.00000047683716, ""grnwt"": 0.0, ""xlai"": 0.0066131851635873, ""totir"": 0.0, ""tofer"": NaN, ""swfac"": 0.0, ""nstres"": 0.0}",0.0,0.0,32.00000047683716,0.0,0.0066131851635873,0.0,,0.0,0.0,20.0,0.0,16.131805419921875,24.131805419921875,Leave_One_experiments/all_year_offline_schedule_search/daily_outputs/FQA/FQA_2019_FQA2019_stress_grid_S0003_daily.csv
FQA,FQA,Fengqiu,2019,Leave_One_experiments\wth_generated_qc\FQA\FQA2019.WTH,dry_year;water_stress_year;nitrogen_stress_year,water_stress,FQA2019_stress_grid_S0003,irrigation_positive_candidate,2019-06-26,177,21,16,"{""sim_day"": 21.0, ""doy"": 177.0, ""topwt"": 32.00000047683716, ""grnwt"": 0.0, ""xlai"": 0.0107328779995441, ""totir"": 0.0, ""tofer"": NaN, ""swfac"": 0.0, ""nstres"": 0.0}",0.0,0.0,32.00000047683716,0.0,0.0107328779995441,0.0,,0.0,0.0,20.0,0.0,16.131805419921875,24.131805419921875,Leave_One_experiments/all_year_offline_schedule_search/daily_outputs/FQA/FQA_2019_FQA2019_stress_grid_S0003_daily.csv
FQA,FQA,Fengqiu,2019,Leave_One_experiments\wth_generated_qc\FQA\FQA2019.WTH,dry_year;water_stress_year;nitrogen_stress_year,water_stress,FQA2019_stress_grid_S0003,irrigation_positive_candidate,2019-06-27,178,22,17,"{""sim_day"": 22.0, ""doy"": 178.0, ""topwt"": 32.00000047683716, ""grnwt"": 0.0, ""xlai"": 0.0139198908582329, ""totir"": 0.0, ""tofer"": NaN, ""swfac"": 0.0, ""nstres"": 0.0}",0.0,0.0,32.00000047683716,0.0,0.0139198908582329,0.0,,0.0,0.0,20.0,0.0,16.131805419921875,24.131805419921875,Leave_One_experiments/all_year_offline_schedule_search/daily_outputs/FQA/FQA_2019_FQA2019_stress_grid_S0003_daily.csv
FQA,FQA,Fengqiu,2019,Leave_One_experiments\wth_generated_qc\FQA\FQA2019.WTH,dry_year;water_stress_year;nitrogen_stress_year,water_stress,FQA2019_stress_grid_S0003,irrigation_positive_candidate,2019-06-28,179,23,18,"{""sim_day"": 23.0, ""doy"": 179.0, ""topwt"": 24.051575660705566, ""grnwt"": 0.0, ""xlai"": 0.0286832824349403, ""totir"": 0.0, ""tofer"": NaN, ""swfac"": 0.0, ""nstres"": 0.0}",0.0,0.0,24.051575660705566,0.0,0.0286832824349403,0.0,,0.0,0.0,20.0,0.0,16.131805419921875,24.131805419921875,Leave_One_experiments/all_year_offline_schedule_search/daily_outputs/FQA/FQA_2019_FQA2019_stress_grid_S0003_daily.csv
FQA,FQA,Fengqiu,2019,Leave_One_experiments\wth_generated_qc\FQA\FQA2019.WTH,dry_year;water_stress_year;nitrogen_stress_year,water_stress,FQA2019_stress_grid_S0003,irrigation_positive_candidate,2019-06-29,180,24,19,"{""sim_day"": 24.0, ""doy"": 180.0, ""topwt"": 29.725418090820312, ""grnwt"": 0.0, ""xlai"": 0.0469512492418289, ""totir"": 0.0, ""tofer"": NaN, ""swfac"": 0.0, ""nstres"": 0.0}",0.0,0.0,29.725418090820312,0.0,0.0469512492418289,0.0,,0.0,0.0,20.0,0.0,16.131805419921875,24.131805419921875,Leave_One_experiments/all_year_offline_schedule_search/daily_outputs/FQA/FQA_2019_FQA2019_stress_grid_S0003_daily.csv
FQA,FQA,Fengqiu,2019,Leave_One_experiments\wth_generated_qc\FQA\FQA2019.WTH,dry_year;water_stress_year;nitrogen_stress_year,water_stress,FQA2019_stress_grid_S0003,irrigation_positive_candidate,2019-06-30,181,25,20,"{""sim_day"": 25.0, ""doy"": 181.0, ""topwt"": 36.34880065917969, ""grnwt"": 0.0, ""xlai"": 0.0664408504962921, ""totir"": 20.0, ""tofer"": NaN, ""swfac"": 0.0, ""nstres"": 0.0}",0.0,0.0,36.34880065917969,0.0,0.0664408504962921,20.0,,20.0,0.0,20.0,0.0,16.131805419921875,24.131805419921875,Leave_One_experiments/all_year_offline_schedule_search/daily_outputs/FQA/FQA_2019_FQA2019_stress_grid_S0003_daily.csv
FQA,FQA,Fengqiu,2019,Leave_One_experiments\wth_generated_qc\FQA\FQA2019.WTH,dry_year;water_stress_year;nitrogen_stress_year,water_stress,FQA2019_stress_grid_S0003,irrigation_positive_candidate,2019-07-01,182,26,21,"{""sim_day"": 26.0, ""doy"": 182.0, ""topwt"": 44.60864067077637, ""grnwt"": 0.0, ""xlai"": 0.0890534669160842, ""totir"": 20.0, ""tofer"": NaN, ""swfac"": 0.0, ""nstres"": 0.0}",0.0,0.0,44.60864067077637,0.0,0.0890534669160842,20.0,,0.0,0.0,20.0,0.0,16.131805419921875,24.131805419921875,Leave_One_experiments/all_year_offline_schedule_search/daily_outputs/FQA/FQA_2019_FQA2019_stress_grid_S0003_daily.csv
FQA,FQA,Fengqiu,2019,Leave_One_experiments\wth_generated_qc\FQA\FQA2019.WTH,dry_year;water_stress_year;nitrogen_stress_year,water_stress,FQA2019_stress_grid_S0003,irrigation_positive_candidate,2019-07-02,183,27,22,"{""sim_day"": 27.0, ""doy"": 183.0, ""topwt"": 54.59190845489502, ""grnwt"": 0.0, ""xlai"": 0.1147170141339302, ""totir"": 20.0, ""tofer"": NaN, ""swfac"": 0.0, ""nstres"": 0.0}",0.0,0.0,54.59190845489502,0.0,0.1147170141339302,20.0,,0.0,0.0,20.0,0.0,16.131805419921875,24.131805419921875,Leave_One_experiments/all_year_offline_schedule_search/daily_outputs/FQA/FQA_2019_FQA2019_stress_grid_S0003_daily.csv
FQA,FQA,Fengqiu,2019,Leave_One_experiments\wth_generated_qc\FQA\FQA2019.WTH,dry_year;water_stress_year;nitrogen_stress_year,water_stress,FQA2019_stress_grid_S0003,irrigation_positive_candidate,2019-07-03,184,28,23,"{""sim_day"": 28.0, ""doy"": 184.0, ""topwt"": 65.85438251495361, ""grnwt"": 0.0, ""xlai"": 0.1421321183443069, ""totir"": 20.0, ""tofer"": NaN, ""swfac"": 0.0, ""nstres"": 0.0}",0.0,0.0,65.85438251495361,0.0,0.1421321183443069,20.0,,0.0,0.0,20.0,0.0,16.131805419921875,24.131805419921875,Leave_One_experiments/all_year_offline_schedule_search/daily_outputs/FQA/FQA_2019_FQA2019_stress_grid_S0003_daily.csv
FQA,FQA,Fengqiu,2019,Leave_One_experiments\wth_generated_qc\FQA\FQA2019.WTH,dry_year;water_stress_year;nitrogen_stress_year,water_stress,FQA2019_stress_grid_S0003,irrigation_positive_candidate,2019-07-04,185,29,24,"{""sim_day"": 29.0, ""doy"": 185.0, ""topwt"": 78.66528987884521, ""grnwt"": 0.0, ""xlai"": 0.1718640774488449, ""totir"": 20.0, ""tofer"": NaN, ""swfac"": 0.0, ""nstres"": 0.0}",0.0,0.0,78.66528987884521,0.0,0.1718640774488449,20.0,,0.0,0.0,20.0,0.0,16.131805419921875,24.131805419921875,Leave_One_experiments/all_year_offline_schedule_search/daily_outputs/FQA/FQA_2019_FQA2019_stress_grid_S0003_daily.csv
FQA,FQA,Fengqiu,2019,Leave_One_experiments\wth_generated_qc\FQA\FQA2019.WTH,dry_year;water_stress_year;nitrogen_stress_year,water_stress,FQA2019_stress_grid_S0003,irrigation_positive_candidate,2019-07-05,186,30,25,"{""sim_day"": 30.0, ""doy"": 186.0, ""topwt"": 92.55240440368652, ""grnwt"": 0.0, ""xlai"": 0.2023328989744186, ""totir"": 20.0, ""tofer"": NaN, ""swfac"": 0.0, ""nstres"": 0.0}",0.0,0.0,92.55240440368652,0.0,0.2023328989744186,20.0,,0.0,0.0,20.0,0.0,16.131805419921875,24.131805419921875,Leave_One_experiments/all_year_offline_schedule_search/daily_outputs/FQA/FQA_2019_FQA2019_stress_grid_S0003_daily.csv
FQA,FQA,Fengqiu,2019,Leave_One_experiments\wth_generated_qc\FQA\FQA2019.WTH,dry_year;water_stress_year;nitrogen_stress_year,water_stress,FQA2019_stress_grid_S0003,irrigation_positive_candidate,2019-07-06,187,31,26,"{""sim_day"": 31.0, ""doy"": 187.0, ""topwt"": 105.57866096496582, ""grnwt"": 0.0, ""xlai"": 0.2290808707475662, ""totir"": 20.0, ""tofer"": NaN, ""swfac"": 0.0, ""nstres"": 0.0}",0.0,0.0,105.57866096496582,0.0,0.2290808707475662,20.0,,0.0,0.0,20.0,0.0,16.131805419921875,24.131805419921875,Leave_One_experiments/all_year_offline_schedule_search/daily_outputs/FQA/FQA_2019_FQA2019_stress_grid_S0003_daily.csv
FQA,FQA,Fengqiu,2019,Leave_One_experiments\wth_generated_qc\FQA\FQA2019.WTH,dry_year;water_stress_year;nitrogen_stress_year,water_stress,FQA2019_stress_grid_S0003,irrigation_positive_candidate,2019-07-07,188,32,27,"{""sim_day"": 32.0, ""doy"": 188.0, ""topwt"": 119.11334037780762, ""grnwt"": 0.0, ""xlai"": 0.2544761300086975, ""totir"": 20.0, ""tofer"": NaN, ""swfac"": 0.0, ""nstres"": 0.0}",0.0,0.0,119.11334037780762,0.0,0.2544761300086975,20.0,,0.0,0.0,20.0,0.0,16.131805419921875,24.131805419921875,Leave_One_experiments/all_year_offline_schedule_search/daily_outputs/FQA/FQA_2019_FQA2019_stress_grid_S0003_daily.csv
FQA,FQA,Fengqiu,2019,Leave_One_experiments\wth_generated_qc\FQA\FQA2019.WTH,dry_year;water_stress_year;nitrogen_stress_year,water_stress,FQA2019_stress_grid_S0003,irrigation_positive_candidate,2019-07-08,189,33,28,"{""sim_day"": 33.0, ""doy"": 189.0, ""topwt"": 136.34828567504883, ""grnwt"": 0.0, ""xlai"": 0.2887825965881347, ""totir"": 20.0, ""tofer"": NaN, ""swfac"": 0.0, ""nstres"": 0.0}",0.0,0.0,136.34828567504883,0.0,0.2887825965881347,20.0,,0.0,0.0,20.0,0.0,16.131805419921875,24.131805419921875,Leave_One_experiments/all_year_offline_schedule_search/daily_outputs/FQA/FQA_2019_FQA2019_stress_grid_S0003_daily.csv
FQA,FQA,Fengqiu,2019,Leave_One_experiments\wth_generated_qc\FQA\FQA2019.WTH,dry_year;water_stress_year;nitrogen_stress_year,water_stress,FQA2019_stress_grid_S0003,irrigation_positive_candidate,2019-07-09,190,34,29,"{""sim_day"": 34.0, ""doy"": 190.0, ""topwt"": 154.48333740234375, ""grnwt"": 0.0, ""xlai"": 0.3236502408981323, ""totir"": 20.0, ""tofer"": NaN, ""swfac"": 0.0, ""nstres"": 0.0}",0.0,0.0,154.48333740234375,0.0,0.3236502408981323,20.0,,0.0,0.0,20.0,0.0,16.131805419921875,24.131805419921875,Leave_One_experiments/all_year_offline_schedule_search/daily_outputs/FQA/FQA_2019_FQA2019_stress_grid_S0003_daily.csv
FQA,FQA,Fengqiu,2019,Leave_One_experiments\wth_generated_qc\FQA\FQA2019.WTH,dry_year;water_stress_year;nitrogen_stress_year,water_stress,FQA2019_stress_grid_S0003,irrigation_positive_candidate,2019-07-10,191,35,30,"{""sim_day"": 35.0, ""doy"": 191.0, ""topwt"": 176.1196517944336, ""grnwt"": 0.0, ""xlai"": 0.3637619018554687, ""totir"": 20.0, ""tofer"": NaN, ""swfac"": 0.0, ""nstres"": 0.0}",0.0,0.0,176.1196517944336,0.0,0.3637619018554687,20.0,,0.0,0.0,20.0,0.0,16.131805419921875,24.131805419921875,Leave_One_experiments/all_year_offline_schedule_search/daily_outputs/FQA/FQA_2019_FQA2019_stress_grid_S0003_daily.csv
FQA,FQA,Fengqiu,2019,Leave_One_experiments\wth_generated_qc\FQA\FQA2019.WTH,dry_year;water_stress_year;nitrogen_stress_year,water_stress,FQA2019_stress_grid_S0003,irrigation_positive_candidate,2019-07-11,192,36,31,"{""sim_day"": 36.0, ""doy"": 192.0, ""topwt"": 199.5039176940918, ""grnwt"": 0.0, ""xlai"": 0.4055043458938598, ""totir"": 20.0, ""tofer"": NaN, ""swfac"": 0.0, ""nstres"": 0.0}",0.0,0.0,199.5039176940918,0.0,0.4055043458938598,20.0,,0.0,0.0,20.0,0.0,16.131805419921875,24.131805419921875,Leave_One_experiments/all_year_offline_schedule_search/daily_outputs/FQA/FQA_2019_FQA2019_stress_grid_S0003_daily.csv
FQA,FQA,Fengqiu,2019,Leave_One_experiments\wth_generated_qc\FQA\FQA2019.WTH,dry_year;water_stress_year;nitrogen_stress_year,water_stress,FQA2019_stress_grid_S0003,irrigation_positive_candidate,2019-07-12,193,37,32,"{""sim_day"": 37.0, ""doy"": 193.0, ""topwt"": 228.47091674804688, ""grnwt"": 0.0, ""xlai"": 0.4551140964031219, ""totir"": 20.0, ""tofer"": NaN, ""swfac"": 0.0, ""nstres"": 0.0}",0.0,0.0,228.47091674804688,0.0,0.4551140964031219,20.0,,0.0,0.0,20.0,0.0,16.131805419921875,24.131805419921875,Leave_One_experiments/all_year_offline_schedule_search/daily_outputs/FQA/FQA_2019_FQA2019_stress_grid_S0003_daily.csv
FQA,FQA,Fengqiu,2019,Leave_One_experiments\wth_generated_qc\FQA\FQA2019.WTH,dry_year;water_stress_year;nitrogen_stress_year,water_stress,FQA2019_stress_grid_S0003,irrigation_positive_candidate,2019-07-13,194,38,33,"{""sim_day"": 38.0, ""doy"": 194.0, ""topwt"": 261.7229461669922, ""grnwt"": 0.0, ""xlai"": 0.5095607042312622, ""totir"": 20.0, ""tofer"": NaN, ""swfac"": 0.0, ""nstres"": 0.0}",0.0,0.0,261.7229461669922,0.0,0.5095607042312622,20.0,,0.0,0.0,20.0,0.0,16.131805419921875,24.131805419921875,Leave_One_experiments/all_year_offline_schedule_search/daily_outputs/FQA/FQA_2019_FQA2019_stress_grid_S0003_daily.csv
FQA,FQA,Fengqiu,2019,Leave_One_experiments\wth_generated_qc\FQA\FQA2019.WTH,dry_year;water_stress_year;nitrogen_stress_year,water_stress,FQA2019_stress_grid_S0003,irrigation_positive_candidate,2019-07-14,195,39,34,"{""sim_day"": 39.0, ""doy"": 195.0, ""topwt"": 299.8326301574707, ""grnwt"": 0.0, ""xlai"": 0.5690786242485046, ""totir"": 20.0, ""tofer"": NaN, ""swfac"": 0.0, ""nstres"": 0.0}",0.0,0.0,299.8326301574707,0.0,0.5690786242485046,20.0,,0.0,0.0,20.0,0.0,16.131805419921875,24.131805419921875,Leave_One_experiments/all_year_offline_schedule_search/daily_outputs/FQA/FQA_2019_FQA2019_stress_grid_S0003_daily.csv
FQA,FQA,Fengqiu,2019,Leave_One_experiments\wth_generated_qc\FQA\FQA2019.WTH,dry_year;water_stress_year;nitrogen_stress_year,water_stress,FQA2019_stress_grid_S0003,irrigation_positive_candidate,2019-07-15,196,40,35,"{""sim_day"": 40.0, ""doy"": 196.0, ""topwt"": 341.1739730834961, ""grnwt"": 0.0, ""xlai"": 0.6306312680244446, ""totir"": 20.0, ""tofer"": NaN, ""swfac"": 0.0, ""nstres"": 0.0}",0.0,0.0,341.1739730834961,0.0,0.6306312680244446,20.0,,0.0,0.0,20.0,0.0,16.131805419921875,24.131805419921875,Leave_One_experiments/all_year_offline_schedule_search/daily_outputs/FQA/FQA_2019_FQA2019_stress_grid_S0003_daily.csv
FQA,FQA,Fengqiu,2019,Leave_One_experiments\wth_generated_qc\FQA\FQA2019.WTH,dry_year;water_stress_year;nitrogen_stress_year,water_stress,FQA2019_stress_grid_S0003,irrigation_positive_candidate,2019-07-16,197,41,36,"{""sim_day"": 41.0, ""doy"": 197.0, ""topwt"": 386.1740493774414, ""grnwt"": 0.0, ""xlai"": 0.6945136785507202, ""totir"": 20.0, ""tofer"": NaN, ""swfac"": 0.0, ""nstres"": 0.0}",0.0,0.0,386.1740493774414,0.0,0.6945136785507202,20.0,,0.0,0.0,20.0,0.0,16.131805419921875,24.131805419921875,Leave_One_experiments/all_year_offline_schedule_search/daily_outputs/FQA/FQA_2019_FQA2019_stress_grid_S0003_daily.csv
FQA,FQA,Fengqiu,2019,Leave_One_experiments\wth_generated_qc\FQA\FQA2019.WTH,dry_year;water_stress_year;nitrogen_stress_year,water_stress,FQA2019_stress_grid_S0003,irrigation_positive_candidate,2019-07-17,198,42,37,"{""sim_day"": 42.0, ""doy"": 198.0, ""topwt"": 436.20361328125, ""grnwt"": 0.0, ""xlai"": 0.762185275554657, ""totir"": 20.0, ""tofer"": NaN, ""swfac"": 0.0, ""nstres"": 0.0}",0.0,0.0,436.20361328125,0.0,0.762185275554657,20.0,,0.0,0.0,20.0,0.0,16.131805419921875,24.131805419921875,Leave_One_experiments/all_year_offline_schedule_search/daily_outputs/FQA/FQA_2019_FQA2019_stress_grid_S0003_daily.csv
FQA,FQA,Fengqiu,2019,Leave_One_experiments\wth_generated_qc\FQA\FQA2019.WTH,dry_year;water_stress_year;nitrogen_stress_year,water_stress,FQA2019_stress_grid_S0003,irrigation_positive_candidate,2019-07-18,199,43,38,"{""sim_day"": 43.0, ""doy"": 199.0, ""topwt"": 494.974250793457, ""grnwt"": 0.0, ""xlai"": 0.837710440158844, ""totir"": 20.0, ""tofer"": NaN, ""swfac"": 0.0, ""nstres"": 0.0}",0.0,0.0,494.974250793457,0.0,0.837710440158844,20.0,,0.0,0.0,20.0,0.0,16.131805419921875,24.131805419921875,Leave_One_experiments/all_year_offline_schedule_search/daily_outputs/FQA/FQA_2019_FQA2019_stress_grid_S0003_daily.csv
FQA,FQA,Fengqiu,2019,Leave_One_experiments\wth_generated_qc\FQA\FQA2019.WTH,dry_year;water_stress_year;nitrogen_stress_year,water_stress,FQA2019_stress_grid_S0003,irrigation_positive_candidate,2019-07-19,200,44,39,"{""sim_day"": 44.0, ""doy"": 200.0, ""topwt"": 564.521369934082, ""grnwt"": 0.0, ""xlai"": 0.9223005771636964, ""totir"": 20.0, ""tofer"": NaN, ""swfac"": 0.0, ""nstres"": 0.0}",0.0,0.0,564.521369934082,0.0,0.9223005771636964,20.0,,0.0,0.0,20.0,0.0,16.131805419921875,24.131805419921875,Leave_One_experiments/all_year_offline_schedule_search/daily_outputs/FQA/FQA_2019_FQA2019_stress_grid_S0003_daily.csv
FQA,FQA,Fengqiu,2019,Leave_One_experiments\wth_generated_qc\FQA\FQA2019.WTH,dry_year;water_stress_year;nitrogen_stress_year,water_stress,FQA2019_stress_grid_S0003,irrigation_positive_candidate,2019-07-20,201,45,40,"{""sim_day"": 45.0, ""doy"": 201.0, ""topwt"": 638.211669921875, ""grnwt"": 0.0, ""xlai"": 1.002326488494873, ""totir"": 20.0, ""tofer"": NaN, ""swfac"": 0.0, ""nstres"": 0.0367597341537475}",0.0,0.0367597341537475,638.211669921875,0.0,1.002326488494873,20.0,,0.0,0.0,20.0,0.0,16.131805419921875,24.131805419921875,Leave_One_experiments/all_year_offline_schedule_search/daily_outputs/FQA/FQA_2019_FQA2019_stress_grid_S0003_daily.csv
FQA,FQA,Fengqiu,2019,Leave_One_experiments\wth_generated_qc\FQA\FQA2019.WTH,dry_year;water_stress_year;nitrogen_stress_year,water_stress,FQA2019_stress_grid_S0003,irrigation_positive_candidate,2019-07-21,202,46,41,"{""sim_day"": 46.0, ""doy"": 202.0, ""topwt"": 712.3586273193359, ""grnwt"": 0.0, ""xlai"": 1.072072982788086, ""totir"": 20.0, ""tofer"": NaN, ""swfac"": 0.0, ""nstres"": 0.0792313814163208}",0.0,0.0792313814163208,712.3586273193359,0.0,1.072072982788086,20.0,,0.0,0.0,20.0,0.0,16.131805419921875,24.131805419921875,Leave_One_experiments/all_year_offline_schedule_search/daily_outputs/FQA/FQA_2019_FQA2019_stress_grid_S0003_daily.csv
FQA,FQA,Fengqiu,2019,Leave_One_experiments\wth_generated_qc\FQA\FQA2019.WTH,dry_year;water_stress_year;nitrogen_stress_year,water_stress,FQA2019_stress_grid_S0003,irrigation_positive_candidate,2019-07-22,203,47,42,"{""sim_day"": 47.0, ""doy"": 203.0, ""topwt"": 786.4942932128906, ""grnwt"": 0.0, ""xlai"": 1.1317485570907593, ""totir"": 20.0, ""tofer"": NaN, ""swfac"": 0.0, ""nstres"": 0.1143602132797241}",0.0,0.1143602132797241,786.4942932128906,0.0,1.1317485570907593,20.0,,0.0,0.0,20.0,0.0,16.131805419921875,24.131805419921875,Leave_One_experiments/all_year_offline_schedule_search/daily_outputs/FQA/FQA_2019_FQA2019_stress_grid_S0003_daily.csv
FQA,FQA,Fengqiu,2019,Leave_One_experiments\wth_generated_qc\FQA\FQA2019.WTH,dry_year;water_stress_year;nitrogen_stress_year,water_stress,FQA2019_stress_grid_S0003,irrigation_positive_candidate,2019-07-23,204,48,43,"{""sim_day"": 48.0, ""doy"": 204.0, ""topwt"": 861.2168121337891, ""grnwt"": 0.0, ""xlai"": 1.183007836341858, ""totir"": 20.0, ""tofer"": NaN, ""swfac"": 0.0, ""nstres"": 0.1417078971862793}",0.0,0.1417078971862793,861.2168121337891,0.0,1.183007836341858,20.0,,0.0,0.0,20.0,0.0,16.131805419921875,24.131805419921875,Leave_One_experiments/all_year_offline_schedule_search/daily_outputs/FQA/FQA_2019_FQA2019_stress_grid_S0003_daily.csv
FQA,FQA,Fengqiu,2019,Leave_One_experiments\wth_generated_qc\FQA\FQA2019.WTH,dry_year;water_stress_year;nitrogen_stress_year,water_stress,FQA2019_stress_grid_S0003,irrigation_positive_candidate,2019-07-24,205,49,44,"{""sim_day"": 49.0, ""doy"": 205.0, ""topwt"": 934.6800994873048, ""grnwt"": 0.0, ""xlai"": 1.2251547574996948, ""totir"": 20.0, ""tofer"": NaN, ""swfac"": 0.0, ""nstres"": 0.1634314060211181}",0.0,0.1634314060211181,934.6800994873048,0.0,1.2251547574996948,20.0,,0.0,0.0,20.0,0.0,16.131805419921875,24.131805419921875,Leave_One_experiments/all_year_offline_schedule_search/daily_outputs/FQA/FQA_2019_FQA2019_stress_grid_S0003_daily.csv
FQA,FQA,Fengqiu,2019,Leave_One_experiments\wth_generated_qc\FQA\FQA2019.WTH,dry_year;water_stress_year;nitrogen_stress_year,water_stress,FQA2019_stress_grid_S0003,irrigation_positive_candidate,2019-07-25,206,50,45,"{""sim_day"": 50.0, ""doy"": 206.0, ""topwt"": 1006.9903564453124, ""grnwt"": 0.0, ""xlai"": 1.2593759298324585, ""totir"": 20.0, ""tofer"": NaN, ""swfac"": 0.0, ""nstres"": 0.1808836460113525}",0.0,0.1808836460113525,1006.9903564453124,0.0,1.2593759298324585,20.0,,0.0,0.0,20.0,0.0,16.131805419921875,24.131805419921875,Leave_One_experiments/all_year_offline_schedule_search/daily_outputs/FQA/FQA_2019_FQA2019_stress_grid_S0003_daily.csv
FQA,FQA,Fengqiu,2019,Leave_One_experiments\wth_generated_qc\FQA\FQA2019.WTH,dry_year;water_stress_year;nitrogen_stress_year,water_stress,FQA2019_stress_grid_S0003,irrigation_positive_candidate,2019-07-26,207,51,46,"{""sim_day"": 51.0, ""doy"": 207.0, ""topwt"": 1162.4134063720703, ""grnwt"": 0.0, ""xlai"": 1.2850757837295532, ""totir"": 20.0, ""tofer"": NaN, ""swfac"": 0.0, ""nstres"": 0.1950702667236328}",0.0,0.1950702667236328,1162.4134063720703,0.0,1.2850757837295532,20.0,,0.0,0.0,20.0,0.0,16.131805419921875,24.131805419921875,Leave_One_experiments/all_year_offline_schedule_search/daily_outputs/FQA/FQA_2019_FQA2019_stress_grid_S0003_daily.csv
FQA,FQA,Fengqiu,2019,Leave_One_experiments\wth_generated_qc\FQA\FQA2019.WTH,dry_year;water_stress_year;nitrogen_stress_year,water_stress,FQA2019_stress_grid_S0003,irrigation_positive_candidate,2019-07-27,208,52,47,"{""sim_day"": 52.0, ""doy"": 208.0, ""topwt"": 1313.0845642089844, ""grnwt"": 0.0, ""xlai"": 1.302939772605896, ""totir"": 20.0, ""tofer"": NaN, ""swfac"": 0.0, ""nstres"": 0.2171093225479126}",0.0,0.2171093225479126,1313.0845642089844,0.0,1.302939772605896,20.0,,0.0,0.0,20.0,0.0,16.131805419921875,24.131805419921875,Leave_One_experiments/all_year_offline_schedule_search/daily_outputs/FQA/FQA_2019_FQA2019_stress_grid_S0003_daily.csv
FQA,FQA,Fengqiu,2019,Leave_One_experiments\wth_generated_qc\FQA\FQA2019.WTH,dry_year;water_stress_year;nitrogen_stress_year,water_stress,FQA2019_stress_grid_S0003,irrigation_positive_candidate,2019-07-28,209,53,48,"{""sim_day"": 53.0, ""doy"": 209.0, ""topwt"": 1440.324249267578, ""grnwt"": 0.0, ""xlai"": 1.3048540353775024, ""totir"": 20.0, ""tofer"": NaN, ""swfac"": 0.0, ""nstres"": 0.306485116481781}",0.0,0.306485116481781,1440.324249267578,0.0,1.3048540353775024,20.0,,0.0,0.0,20.0,0.0,16.131805419921875,24.131805419921875,Leave_One_experiments/all_year_offline_schedule_search/daily_outputs/FQA/FQA_2019_FQA2019_stress_grid_S0003_daily.csv
FQA,FQA,Fengqiu,2019,Leave_One_experiments\wth_generated_qc\FQA\FQA2019.WTH,dry_year;water_stress_year;nitrogen_stress_year,water_stress,FQA2019_stress_grid_S0003,irrigation_positive_candidate,2019-07-29,210,54,49,"{""sim_day"": 54.0, ""doy"": 210.0, ""topwt"": 1538.6260986328125, ""grnwt"": 0.0, ""xlai"": 1.2924166917800903, ""totir"": 20.0, ""tofer"": NaN, ""swfac"": 0.0, ""nstres"": 0.3715441226959228}",0.0,0.3715441226959228,1538.6260986328125,0.0,1.2924166917800903,20.0,,0.0,0.0,20.0,0.0,16.131805419921875,24.131805419921875,Leave_One_experiments/all_year_offline_schedule_search/daily_outputs/FQA/FQA_2019_FQA2019_stress_grid_S0003_daily.csv
FQA,FQA,Fengqiu,2019,Leave_One_experiments\wth_generated_qc\FQA\FQA2019.WTH,dry_year;water_stress_year;nitrogen_stress_year,water_stress,FQA2019_stress_grid_S0003,irrigation_positive_candidate,2019-07-30,211,55,50,"{""sim_day"": 55.0, ""doy"": 211.0, ""topwt"": 1628.8209533691406, ""grnwt"": 0.0, ""xlai"": 1.275360345840454, ""totir"": 20.0, ""tofer"": NaN, ""swfac"": 0.0, ""nstres"": 0.3973795175552368}",0.0,0.3973795175552368,1628.8209533691406,0.0,1.275360345840454,20.0,,0.0,0.0,20.0,0.0,16.131805419921875,24.131805419921875,Leave_One_experiments/all_year_offline_schedule_search/daily_outputs/FQA/FQA_2019_FQA2019_stress_grid_S0003_daily.csv
FQA,FQA,Fengqiu,2019,Leave_One_experiments\wth_generated_qc\FQA\FQA2019.WTH,dry_year;water_stress_year;nitrogen_stress_year,water_stress,FQA2019_stress_grid_S0003,irrigation_positive_candidate,2019-07-31,212,56,51,"{""sim_day"": 56.0, ""doy"": 212.0, ""topwt"": 1712.628173828125, ""grnwt"": 0.0, ""xlai"": 1.255352258682251, ""totir"": 20.0, ""tofer"": NaN, ""swfac"": 0.0, ""nstres"": 0.4114438891410827}",0.0,0.4114438891410827,1712.628173828125,0.0,1.255352258682251,20.0,,0.0,0.0,20.0,0.0,16.131805419921875,24.131805419921875,Leave_One_experiments/all_year_offline_schedule_search/daily_outputs/FQA/FQA_2019_FQA2019_stress_grid_S0003_daily.csv
FQA,FQA,Fengqiu,2019,Leave_One_experiments\wth_generated_qc\FQA\FQA2019.WTH,dry_year;water_stress_year;nitrogen_stress_year,water_stress,FQA2019_stress_grid_S0003,irrigation_positive_candidate,2019-08-01,213,57,52,"{""sim_day"": 57.0, ""doy"": 213.0, ""topwt"": 1784.9984741210938, ""grnwt"": 0.0, ""xlai"": 1.2315869331359863, ""totir"": 20.0, ""tofer"": NaN, ""swfac"": 0.0, ""nstres"": 0.4230865836143493}",0.0,0.4230865836143493,1784.9984741210938,0.0,1.2315869331359863,20.0,,0.0,0.0,20.0,0.0,16.131805419921875,24.131805419921875,Leave_One_experiments/all_year_offline_schedule_search/daily_outputs/FQA/FQA_2019_FQA2019_stress_grid_S0003_daily.csv
FQA,FQA,Fengqiu,2019,Leave_One_experiments\wth_generated_qc\FQA\FQA2019.WTH,dry_year;water_stress_year;nitrogen_stress_year,water_stress,FQA2019_stress_grid_S0003,irrigation_positive_candidate,2019-08-02,214,58,53,"{""sim_day"": 58.0, ""doy"": 214.0, ""topwt"": 1859.754943847656, ""grnwt"": 0.0, ""xlai"": 1.2082983255386353, ""totir"": 20.0, ""tofer"": NaN, ""swfac"": 0.0, ""nstres"": 0.4300094842910766}",0.0,0.4300094842910766,1859.754943847656,0.0,1.2082983255386353,20.0,,0.0,0.0,20.0,0.0,16.131805419921875,24.131805419921875,Leave_One_experiments/all_year_offline_schedule_search/daily_outputs/FQA/FQA_2019_FQA2019_stress_grid_S0003_daily.csv
FQA,FQA,Fengqiu,2019,Leave_One_experiments\wth_generated_qc\FQA\FQA2019.WTH,dry_year;water_stress_year;nitrogen_stress_year,water_stress,FQA2019_stress_grid_S0003,irrigation_positive_candidate,2019-08-03,215,59,54,"{""sim_day"": 59.0, ""doy"": 215.0, ""topwt"": 1935.9580993652344, ""grnwt"": 0.0, ""xlai"": 1.1853768825531006, ""totir"": 20.0, ""tofer"": NaN, ""swfac"": 0.0, ""nstres"": 0.4343352913856506}",0.0,0.4343352913856506,1935.9580993652344,0.0,1.1853768825531006,20.0,,0.0,0.0,20.0,0.0,16.131805419921875,24.131805419921875,Leave_One_experiments/all_year_offline_schedule_search/daily_outputs/FQA/FQA_2019_FQA2019_stress_grid_S0003_daily.csv
FQA,FQA,Fengqiu,2019,Leave_One_experiments\wth_generated_qc\FQA\FQA2019.WTH,dry_year;water_stress_year;nitrogen_stress_year,water_stress,FQA2019_stress_grid_S0003,irrigation_positive_candidate,2019-08-04,216,60,55,"{""sim_day"": 60.0, ""doy"": 216.0, ""topwt"": 2012.797393798828, ""grnwt"": 0.0, ""xlai"": 1.1633144617080688, ""totir"": 20.0, ""tofer"": NaN, ""swfac"": 0.0, ""nstres"": 0.4360308051109314}",0.0,0.4360308051109314,2012.797393798828,0.0,1.1633144617080688,20.0,,0.0,0.0,20.0,0.0,16.131805419921875,24.131805419921875,Leave_One_experiments/all_year_offline_schedule_search/daily_outputs/FQA/FQA_2019_FQA2019_stress_grid_S0003_daily.csv
FQA,FQA,Fengqiu,2019,Leave_One_experiments\wth_generated_qc\FQA\FQA2019.WTH,dry_year;water_stress_year;nitrogen_stress_year,water_stress,FQA2019_stress_grid_S0003,irrigation_positive_candidate,2019-08-05,217,61,56,"{""sim_day"": 61.0, ""doy"": 217.0, ""topwt"": 2077.563781738281, ""grnwt"": 0.0, ""xlai"": 1.1385765075683594, ""totir"": 20.0, ""tofer"": NaN, ""swfac"": 0.0, ""nstres"": 0.443592369556427}",0.0,0.443592369556427,2077.563781738281,0.0,1.1385765075683594,20.0,,0.0,0.0,20.0,0.0,16.131805419921875,24.131805419921875,Leave_One_experiments/all_year_offline_schedule_search/daily_outputs/FQA/FQA_2019_FQA2019_stress_grid_S0003_daily.csv
FQA,FQA,Fengqiu,2019,Leave_One_experiments\wth_generated_qc\FQA\FQA2019.WTH,dry_year;water_stress_year;nitrogen_stress_year,water_stress,FQA2019_stress_grid_S0003,irrigation_positive_candidate,2019-08-06,218,62,57,"{""sim_day"": 62.0, ""doy"": 218.0, ""topwt"": 2145.1390075683594, ""grnwt"": 0.0, ""xlai"": 1.1152851581573486, ""totir"": 20.0, ""tofer"": NaN, ""swfac"": 0.0, ""nstres"": 0.4461677670478821}",0.0,0.4461677670478821,2145.1390075683594,0.0,1.1152851581573486,20.0,,0.0,0.0,20.0,0.0,16.131805419921875,24.131805419921875,Leave_One_experiments/all_year_offline_schedule_search/daily_outputs/FQA/FQA_2019_FQA2019_stress_grid_S0003_daily.csv
FQA,FQA,Fengqiu,2019,Leave_One_experiments\wth_generated_qc\FQA\FQA2019.WTH,dry_year;water_stress_year;nitrogen_stress_year,water_stress,FQA2019_stress_grid_S0003,irrigation_positive_candidate,2019-08-07,219,63,58,"{""sim_day"": 63.0, ""doy"": 219.0, ""topwt"": 2215.2621459960938, ""grnwt"": 0.0, ""xlai"": 1.093431830406189, ""totir"": 20.0, ""tofer"": NaN, ""swfac"": 0.0, ""nstres"": 0.4465222954750061}",0.0,0.4465222954750061,2215.2621459960938,0.0,1.093431830406189,20.0,,0.0,0.0,20.0,0.0,16.131805419921875,24.131805419921875,Leave_One_experiments/all_year_offline_schedule_search/daily_outputs/FQA/FQA_2019_FQA2019_stress_grid_S0003_daily.csv
FQA,FQA,Fengqiu,2019,Leave_One_experiments\wth_generated_qc\FQA\FQA2019.WTH,dry_year;water_stress_year;nitrogen_stress_year,water_stress,FQA2019_stress_grid_S0003,irrigation_positive_candidate,2019-08-08,220,64,59,"{""sim_day"": 64.0, ""doy"": 220.0, ""topwt"": 2291.1795043945312, ""grnwt"": 0.0, ""xlai"": 1.0737800598144531, ""totir"": 20.0, ""tofer"": NaN, ""swfac"": 0.0, ""nstres"": 0.4470152854919433}",0.0,0.4470152854919433,2291.1795043945312,0.0,1.0737800598144531,20.0,,0.0,0.0,20.0,0.0,16.131805419921875,24.131805419921875,Leave_One_experiments/all_year_offline_schedule_search/daily_outputs/FQA/FQA_2019_FQA2019_stress_grid_S0003_daily.csv
FQA,FQA,Fengqiu,2019,Leave_One_experiments\wth_generated_qc\FQA\FQA2019.WTH,dry_year;water_stress_year;nitrogen_stress_year,water_stress,FQA2019_stress_grid_S0003,irrigation_positive_candidate,2019-08-09,221,65,60,"{""sim_day"": 65.0, ""doy"": 221.0, ""topwt"": 2327.103576660156, ""grnwt"": 0.0, ""xlai"": 1.0449304580688477, ""totir"": 20.0, ""tofer"": NaN, ""swfac"": 0.0, ""nstres"": 0.4418467879295349}",0.0,0.4418467879295349,2327.103576660156,0.0,1.0449304580688477,20.0,,0.0,0.0,20.0,0.0,16.131805419921875,24.131805419921875,Leave_One_experiments/all_year_offline_schedule_search/daily_outputs/FQA/FQA_2019_FQA2019_stress_grid_S0003_daily.csv
FQA,FQA,Fengqiu,2019,Leave_One_experiments\wth_generated_qc\FQA\FQA2019.WTH,dry_year;water_stress_year;nitrogen_stress_year,water_stress,FQA2019_stress_grid_S0003,irrigation_positive_candidate,2019-08-10,222,66,61,"{""sim_day"": 66.0, ""doy"": 222.0, ""topwt"": 2367.763671875, ""grnwt"": 0.0, ""xlai"": 1.018580675125122, ""totir"": 20.0, ""tofer"": NaN, ""swfac"": 0.0, ""nstres"": 0.4351731538772583}",0.0,0.4351731538772583,2367.763671875,0.0,1.018580675125122,20.0,,0.0,0.0,20.0,0.0,16.131805419921875,24.131805419921875,Leave_One_experiments/all_year_offline_schedule_search/daily_outputs/FQA/FQA_2019_FQA2019_stress_grid_S0003_daily.csv
FQA,FQA,Fengqiu,2019,Leave_One_experiments\wth_generated_qc\FQA\FQA2019.WTH,dry_year;water_stress_year;nitrogen_stress_year,water_stress,FQA2019_stress_grid_S0003,irrigation_positive_candidate,2019-08-11,223,67,62,"{""sim_day"": 67.0, ""doy"": 223.0, ""topwt"": 2414.6273803710938, ""grnwt"": 0.0, ""xlai"": 0.9949186444282532, ""totir"": 20.0, ""tofer"": NaN, ""swfac"": 0.0, ""nstres"": 0.4303821921348572}",0.0,0.4303821921348572,2414.6273803710938,0.0,0.9949186444282532,20.0,,0.0,0.0,20.0,0.0,16.131805419921875,24.131805419921875,Leave_One_experiments/all_year_offline_schedule_search/daily_outputs/FQA/FQA_2019_FQA2019_stress_grid_S0003_daily.csv
FQA,FQA,Fengqiu,2019,Leave_One_experiments\wth_generated_qc\FQA\FQA2019.WTH,dry_year;water_stress_year;nitrogen_stress_year,water_stress,FQA2019_stress_grid_S0003,irrigation_positive_candidate,2019-08-12,224,68,63,"{""sim_day"": 68.0, ""doy"": 224.0, ""topwt"": 2521.8211364746094, ""grnwt"": 0.0, ""xlai"": 0.9608076810836792, ""totir"": 20.0, ""tofer"": NaN, ""swfac"": 0.0, ""nstres"": 0.4228443503379822}",0.0,0.4228443503379822,2521.8211364746094,0.0,0.9608076810836792,20.0,,0.0,0.0,20.0,0.0,16.131805419921875,24.131805419921875,Leave_One_experiments/all_year_offline_schedule_search/daily_outputs/FQA/FQA_2019_FQA2019_stress_grid_S0003_daily.csv
FQA,FQA,Fengqiu,2019,Leave_One_experiments\wth_generated_qc\FQA\FQA2019.WTH,dry_year;water_stress_year;nitrogen_stress_year,water_stress,FQA2019_stress_grid_S0003,irrigation_positive_candidate,2019-08-13,225,69,64,"{""sim_day"": 69.0, ""doy"": 225.0, ""topwt"": 2623.919677734375, ""grnwt"": 0.0, ""xlai"": 0.9285001754760742, ""totir"": 20.0, ""tofer"": NaN, ""swfac"": 0.0, ""nstres"": 0.4070097804069519}",0.0,0.4070097804069519,2623.919677734375,0.0,0.9285001754760742,20.0,,0.0,0.0,20.0,0.0,16.131805419921875,24.131805419921875,Leave_One_experiments/all_year_offline_schedule_search/daily_outputs/FQA/FQA_2019_FQA2019_stress_grid_S0003_daily.csv
FQA,FQA,Fengqiu,2019,Leave_One_experiments\wth_generated_qc\FQA\FQA2019.WTH,dry_year;water_stress_year;nitrogen_stress_year,water_stress,FQA2019_stress_grid_S0003,irrigation_positive_candidate,2019-08-14,226,70,65,"{""sim_day"": 70.0, ""doy"": 226.0, ""topwt"": 2742.4935913085938, ""grnwt"": 0.0, ""xlai"": 0.8970901966094971, ""totir"": 20.0, ""tofer"": NaN, ""swfac"": 0.0, ""nstres"": 0.411887526512146}",0.0,0.411887526512146,2742.4935913085938,0.0,0.8970901966094971,20.0,,0.0,0.0,20.0,0.0,16.131805419921875,24.131805419921875,Leave_One_experiments/all_year_offline_schedule_search/daily_outputs/FQA/FQA_2019_FQA2019_stress_grid_S0003_daily.csv
FQA,FQA,Fengqiu,2019,Leave_One_experiments\wth_generated_qc\FQA\FQA2019.WTH,dry_year;water_stress_year;nitrogen_stress_year,water_stress,FQA2019_stress_grid_S0003,irrigation_positive_candidate,2019-08-15,227,71,66,"{""sim_day"": 71.0, ""doy"": 227.0, ""topwt"": 2845.8258056640625, ""grnwt"": 0.0, ""xlai"": 0.8667532801628113, ""totir"": 20.0, ""tofer"": NaN, ""swfac"": 0.0, ""nstres"": 0.4116095900535583}",0.0,0.4116095900535583,2845.8258056640625,0.0,0.8667532801628113,20.0,,0.0,0.0,20.0,0.0,16.131805419921875,24.131805419921875,Leave_One_experiments/all_year_offline_schedule_search/daily_outputs/FQA/FQA_2019_FQA2019_stress_grid_S0003_daily.csv
FQA,FQA,Fengqiu,2019,Leave_One_experiments\wth_generated_qc\FQA\FQA2019.WTH,dry_year;water_stress_year;nitrogen_stress_year,water_stress,FQA2019_stress_grid_S0003,irrigation_positive_candidate,2019-08-16,228,72,67,"{""sim_day"": 72.0, ""doy"": 228.0, ""topwt"": 2951.6259765625, ""grnwt"": 0.0, ""xlai"": 0.837459921836853, ""totir"": 20.0, ""tofer"": NaN, ""swfac"": 0.0, ""nstres"": 0.4111195206642151}",0.0,0.4111195206642151,2951.6259765625,0.0,0.837459921836853,20.0,,0.0,0.0,20.0,0.0,16.131805419921875,24.131805419921875,Leave_One_experiments/all_year_offline_schedule_search/daily_outputs/FQA/FQA_2019_FQA2019_stress_grid_S0003_daily.csv
FQA,FQA,Fengqiu,2019,Leave_One_experiments\wth_generated_qc\FQA\FQA2019.WTH,dry_year;water_stress_year;nitrogen_stress_year,water_stress,FQA2019_stress_grid_S0003,irrigation_positive_candidate,2019-08-17,229,73,68,"{""sim_day"": 73.0, ""doy"": 229.0, ""topwt"": 3051.123352050781, ""grnwt"": 0.0, ""xlai"": 0.8093624711036682, ""totir"": 20.0, ""tofer"": NaN, ""swfac"": 0.0, ""nstres"": 0.405219554901123}",0.0,0.405219554901123,3051.123352050781,0.0,0.8093624711036682,20.0,,0.0,0.0,20.0,0.0,16.131805419921875,24.131805419921875,Leave_One_experiments/all_year_offline_schedule_search/daily_outputs/FQA/FQA_2019_FQA2019_stress_grid_S0003_daily.csv
FQA,FQA,Fengqiu,2019,Leave_One_experiments\wth_generated_qc\FQA\FQA2019.WTH,dry_year;water_stress_year;nitrogen_stress_year,water_stress,FQA2019_stress_grid_S0003,irrigation_positive_candidate,2019-08-18,230,74,69,"{""sim_day"": 74.0, ""doy"": 230.0, ""topwt"": 3145.14404296875, ""grnwt"": 0.0, ""xlai"": 0.7824451923370361, ""totir"": 20.0, ""tofer"": NaN, ""swfac"": 0.0, ""nstres"": 0.3981780409812927}",0.0,0.3981780409812927,3145.14404296875,0.0,0.7824451923370361,20.0,,0.0,0.0,20.0,0.0,16.131805419921875,24.131805419921875,Leave_One_experiments/all_year_offline_schedule_search/daily_outputs/FQA/FQA_2019_FQA2019_stress_grid_S0003_daily.csv
FQA,FQA,Fengqiu,2019,Leave_One_experiments\wth_generated_qc\FQA\FQA2019.WTH,dry_year;water_stress_year;nitrogen_stress_year,water_stress,FQA2019_stress_grid_S0003,irrigation_positive_candidate,2019-08-19,231,75,70,"{""sim_day"": 75.0, ""doy"": 231.0, ""topwt"": 3229.6212768554688, ""grnwt"": 0.0, ""xlai"": 0.756714940071106, ""totir"": 20.0, ""tofer"": NaN, ""swfac"": 0.0, ""nstres"": 0.3892267942428589}",0.0,0.3892267942428589,3229.6212768554688,0.0,0.756714940071106,20.0,,0.0,0.0,20.0,0.0,16.131805419921875,24.131805419921875,Leave_One_experiments/all_year_offline_schedule_search/daily_outputs/FQA/FQA_2019_FQA2019_stress_grid_S0003_daily.csv
FQA,FQA,Fengqiu,2019,Leave_One_experiments\wth_generated_qc\FQA\FQA2019.WTH,dry_year;water_stress_year;nitrogen_stress_year,water_stress,FQA2019_stress_grid_S0003,irrigation_positive_candidate,2019-08-20,232,76,71,"{""sim_day"": 76.0, ""doy"": 232.0, ""topwt"": 3226.2631225585938, ""grnwt"": 0.0, ""xlai"": 0.7321186065673828, ""totir"": 20.0, ""tofer"": NaN, ""swfac"": 0.0, ""nstres"": 0.3800963759422302}",0.0,0.3800963759422302,3226.2631225585938,0.0,0.7321186065673828,20.0,,0.0,0.0,20.0,0.0,16.131805419921875,24.131805419921875,Leave_One_experiments/all_year_offline_schedule_search/daily_outputs/FQA/FQA_2019_FQA2019_stress_grid_S0003_daily.csv
FQA,FQA,Fengqiu,2019,Leave_One_experiments\wth_generated_qc\FQA\FQA2019.WTH,dry_year;water_stress_year;nitrogen_stress_year,water_stress,FQA2019_stress_grid_S0003,irrigation_positive_candidate,2019-08-21,233,77,72,"{""sim_day"": 77.0, ""doy"": 233.0, ""topwt"": 3310.897216796875, ""grnwt"": 225.6585121154785, ""xlai"": 0.7087613344192505, ""totir"": 20.0, ""tofer"": NaN, ""swfac"": 0.0, ""nstres"": 0.3656899929046631}",0.0,0.3656899929046631,3310.897216796875,225.6585121154785,0.7087613344192505,20.0,,0.0,0.0,20.0,0.0,16.131805419921875,24.131805419921875,Leave_One_experiments/all_year_offline_schedule_search/daily_outputs/FQA/FQA_2019_FQA2019_stress_grid_S0003_daily.csv
FQA,FQA,Fengqiu,2019,Leave_One_experiments\wth_generated_qc\FQA\FQA2019.WTH,dry_year;water_stress_year;nitrogen_stress_year,water_stress,FQA2019_stress_grid_S0003,irrigation_positive_candidate,2019-08-22,234,78,73,"{""sim_day"": 78.0, ""doy"": 234.0, ""topwt"": 3392.6385498046875, ""grnwt"": 304.6017837524414, ""xlai"": 0.6848504543304443, ""totir"": 20.0, ""tofer"": NaN, ""swfac"": 0.0, ""nstres"": 0.4096668362617492}",0.0,0.4096668362617492,3392.6385498046875,304.6017837524414,0.6848504543304443,20.0,,0.0,0.0,20.0,0.0,16.131805419921875,24.131805419921875,Leave_One_experiments/all_year_offline_schedule_search/daily_outputs/FQA/FQA_2019_FQA2019_stress_grid_S0003_daily.csv
FQA,FQA,Fengqiu,2019,Leave_One_experiments\wth_generated_qc\FQA\FQA2019.WTH,dry_year;water_stress_year;nitrogen_stress_year,water_stress,FQA2019_stress_grid_S0003,irrigation_positive_candidate,2019-08-23,235,79,74,"{""sim_day"": 79.0, ""doy"": 235.0, ""topwt"": 3476.825256347656, ""grnwt"": 386.2672424316406, ""xlai"": 0.6631708741188049, ""totir"": 20.0, ""tofer"": NaN, ""swfac"": 0.0, ""nstres"": 0.3597421050071716}",0.0,0.3597421050071716,3476.825256347656,386.2672424316406,0.6631708741188049,20.0,,0.0,0.0,20.0,0.0,16.131805419921875,24.131805419921875,Leave_One_experiments/all_year_offline_schedule_search/daily_outputs/FQA/FQA_2019_FQA2019_stress_grid_S0003_daily.csv
FQA,FQA,Fengqiu,2019,Leave_One_experiments\wth_generated_qc\FQA\FQA2019.WTH,dry_year;water_stress_year;nitrogen_stress_year,water_stress,FQA2019_stress_grid_S0003,irrigation_positive_candidate,2019-08-24,236,80,75,"{""sim_day"": 80.0, ""doy"": 236.0, ""topwt"": 3524.53125, ""grnwt"": 473.3770751953125, ""xlai"": 0.6421660780906677, ""totir"": 20.0, ""tofer"": NaN, ""swfac"": 0.0, ""nstres"": 0.360156238079071}",0.0,0.360156238079071,3524.53125,473.3770751953125,0.6421660780906677,20.0,,0.0,0.0,20.0,0.0,16.131805419921875,24.131805419921875,Leave_One_experiments/all_year_offline_schedule_search/daily_outputs/FQA/FQA_2019_FQA2019_stress_grid_S0003_daily.csv
FQA,FQA,Fengqiu,2019,Leave_One_experiments\wth_generated_qc\FQA\FQA2019.WTH,dry_year;water_stress_year;nitrogen_stress_year,water_stress,FQA2019_stress_grid_S0003,irrigation_positive_candidate,2019-08-25,237,81,76,"{""sim_day"": 81.0, ""doy"": 237.0, ""topwt"": 3615.159912109375, ""grnwt"": 560.4869079589844, ""xlai"": 0.6218589544296265, ""totir"": 20.0, ""tofer"": NaN, ""swfac"": 0.0, ""nstres"": 0.3589473962783813}",0.0,0.3589473962783813,3615.159912109375,560.4869079589844,0.6218589544296265,20.0,,0.0,0.0,20.0,0.0,16.131805419921875,24.131805419921875,Leave_One_experiments/all_year_offline_schedule_search/daily_outputs/FQA/FQA_2019_FQA2019_stress_grid_S0003_daily.csv
FQA,FQA,Fengqiu,2019,Leave_One_experiments\wth_generated_qc\FQA\FQA2019.WTH,dry_year;water_stress_year;nitrogen_stress_year,water_stress,FQA2019_stress_grid_S0003,irrigation_positive_candidate,2019-08-26,238,82,77,"{""sim_day"": 82.0, ""doy"": 238.0, ""topwt"": 3637.3443603515625, ""grnwt"": 647.5967407226562, ""xlai"": 0.6025210022926331, ""totir"": 20.0, ""tofer"": NaN, ""swfac"": 0.0, ""nstres"": 0.346327006816864}",0.0,0.346327006816864,3637.3443603515625,647.5967407226562,0.6025210022926331,20.0,,0.0,0.0,20.0,0.0,16.131805419921875,24.131805419921875,Leave_One_experiments/all_year_offline_schedule_search/daily_outputs/FQA/FQA_2019_FQA2019_stress_grid_S0003_daily.csv
FQA,FQA,Fengqiu,2019,Leave_One_experiments\wth_generated_qc\FQA\FQA2019.WTH,dry_year;water_stress_year;nitrogen_stress_year,water_stress,FQA2019_stress_grid_S0003,irrigation_positive_candidate,2019-08-27,239,83,78,"{""sim_day"": 83.0, ""doy"": 239.0, ""topwt"": 3735.108947753906, ""grnwt"": 734.1621398925781, ""xlai"": 0.583768367767334, ""totir"": 20.0, ""tofer"": NaN, ""swfac"": 0.0, ""nstres"": 0.346968412399292}",0.0,0.346968412399292,3735.108947753906,734.1621398925781,0.583768367767334,20.0,,0.0,0.0,20.0,0.0,16.131805419921875,24.131805419921875,Leave_One_experiments/all_year_offline_schedule_search/daily_outputs/FQA/FQA_2019_FQA2019_stress_grid_S0003_daily.csv
FQA,FQA,Fengqiu,2019,Leave_One_experiments\wth_generated_qc\FQA\FQA2019.WTH,dry_year;water_stress_year;nitrogen_stress_year,water_stress,FQA2019_stress_grid_S0003,irrigation_positive_candidate,2019-08-28,240,84,79,"{""sim_day"": 84.0, ""doy"": 240.0, ""topwt"": 3837.261962890625, ""grnwt"": 821.27197265625, ""xlai"": 0.5661133527755737, ""totir"": 20.0, ""tofer"": NaN, ""swfac"": 0.0, ""nstres"": 0.3258346319198608}",0.0,0.3258346319198608,3837.261962890625,821.27197265625,0.5661133527755737,20.0,,0.0,0.0,20.0,0.0,16.131805419921875,24.131805419921875,Leave_One_experiments/all_year_offline_schedule_search/daily_outputs/FQA/FQA_2019_FQA2019_stress_grid_S0003_daily.csv
FQA,FQA,Fengqiu,2019,Leave_One_experiments\wth_generated_qc\FQA\FQA2019.WTH,dry_year;water_stress_year;nitrogen_stress_year,water_stress,FQA2019_stress_grid_S0003,irrigation_positive_candidate,2019-08-29,241,85,80,"{""sim_day"": 85.0, ""doy"": 241.0, ""topwt"": 3931.829223632813, ""grnwt"": 908.381805419922, ""xlai"": 0.5487369298934937, ""totir"": 20.0, ""tofer"": NaN, ""swfac"": 0.0, ""nstres"": 0.3366625308990478}",0.0,0.3366625308990478,3931.829223632813,908.381805419922,0.5487369298934937,20.0,,0.0,0.0,20.0,0.0,16.131805419921875,24.131805419921875,Leave_One_experiments/all_year_offline_schedule_search/daily_outputs/FQA/FQA_2019_FQA2019_stress_grid_S0003_daily.csv
FQA,FQA,Fengqiu,2019,Leave_One_experiments\wth_generated_qc\FQA\FQA2019.WTH,dry_year;water_stress_year;nitrogen_stress_year,water_stress,FQA2019_stress_grid_S0003,irrigation_positive_candidate,2019-08-30,242,86,81,"{""sim_day"": 86.0, ""doy"": 242.0, ""topwt"": 4025.08544921875, ""grnwt"": 995.4916381835938, ""xlai"": 0.5316233038902283, ""totir"": 20.0, ""tofer"": NaN, ""swfac"": 0.0, ""nstres"": 0.3484949469566345}",0.0,0.3484949469566345,4025.08544921875,995.4916381835938,0.5316233038902283,20.0,,0.0,0.0,20.0,0.0,16.131805419921875,24.131805419921875,Leave_One_experiments/all_year_offline_schedule_search/daily_outputs/FQA/FQA_2019_FQA2019_stress_grid_S0003_daily.csv
FQA,FQA,Fengqiu,2019,Leave_One_experiments\wth_generated_qc\FQA\FQA2019.WTH,dry_year;water_stress_year;nitrogen_stress_year,water_stress,FQA2019_stress_grid_S0003,irrigation_positive_candidate,2019-08-31,243,87,82,"{""sim_day"": 87.0, ""doy"": 243.0, ""topwt"": 4110.670471191406, ""grnwt"": 1082.6014709472656, ""xlai"": 0.5148612260818481, ""totir"": 20.0, ""tofer"": NaN, ""swfac"": 0.0, ""nstres"": 0.356718897819519}",0.0,0.356718897819519,4110.670471191406,1082.6014709472656,0.5148612260818481,20.0,,0.0,0.0,20.0,0.0,16.131805419921875,24.131805419921875,Leave_One_experiments/all_year_offline_schedule_search/daily_outputs/FQA/FQA_2019_FQA2019_stress_grid_S0003_daily.csv
FQA,FQA,Fengqiu,2019,Leave_One_experiments\wth_generated_qc\FQA\FQA2019.WTH,dry_year;water_stress_year;nitrogen_stress_year,water_stress,FQA2019_stress_grid_S0003,irrigation_positive_candidate,2019-09-01,244,88,83,"{""sim_day"": 88.0, ""doy"": 244.0, ""topwt"": 4166.529541015625, ""grnwt"": 1169.7113037109375, ""xlai"": 0.4984704852104187, ""totir"": 20.0, ""tofer"": NaN, ""swfac"": 0.0, ""nstres"": 0.3640424609184265}",0.0,0.3640424609184265,4166.529541015625,1169.7113037109375,0.4984704852104187,20.0,,0.0,0.0,20.0,0.0,16.131805419921875,24.131805419921875,Leave_One_experiments/all_year_offline_schedule_search/daily_outputs/FQA/FQA_2019_FQA2019_stress_grid_S0003_daily.csv
FQA,FQA,Fengqiu,2019,Leave_One_experiments\wth_generated_qc\FQA\FQA2019.WTH,dry_year;water_stress_year;nitrogen_stress_year,water_stress,FQA2019_stress_grid_S0003,irrigation_positive_candidate,2019-09-02,245,89,84,"{""sim_day"": 89.0, ""doy"": 245.0, ""topwt"": 4239.98291015625, ""grnwt"": 1256.8211364746094, ""xlai"": 0.4825183451175689, ""totir"": 20.0, ""tofer"": NaN, ""swfac"": 0.0, ""nstres"": 0.3680530786514282}",0.0,0.3680530786514282,4239.98291015625,1256.8211364746094,0.4825183451175689,20.0,,0.0,0.0,20.0,0.0,16.131805419921875,24.131805419921875,Leave_One_experiments/all_year_offline_schedule_search/daily_outputs/FQA/FQA_2019_FQA2019_stress_grid_S0003_daily.csv
FQA,FQA,Fengqiu,2019,Leave_One_experiments\wth_generated_qc\FQA\FQA2019.WTH,dry_year;water_stress_year;nitrogen_stress_year,water_stress,FQA2019_stress_grid_S0003,irrigation_positive_candidate,2019-09-03,246,90,85,"{""sim_day"": 90.0, ""doy"": 246.0, ""topwt"": 4311.660461425781, ""grnwt"": 1343.9309692382812, ""xlai"": 0.467181921005249, ""totir"": 20.0, ""tofer"": NaN, ""swfac"": 0.0, ""nstres"": 0.3628169298171997}",0.0,0.3628169298171997,4311.660461425781,1343.9309692382812,0.467181921005249,20.0,,0.0,0.0,20.0,0.0,16.131805419921875,24.131805419921875,Leave_One_experiments/all_year_offline_schedule_search/daily_outputs/FQA/FQA_2019_FQA2019_stress_grid_S0003_daily.csv
FQA,FQA,Fengqiu,2019,Leave_One_experiments\wth_generated_qc\FQA\FQA2019.WTH,dry_year;water_stress_year;nitrogen_stress_year,water_stress,FQA2019_stress_grid_S0003,irrigation_positive_candidate,2019-09-04,247,91,86,"{""sim_day"": 91.0, ""doy"": 247.0, ""topwt"": 4395.820007324219, ""grnwt"": 1431.0408020019531, ""xlai"": 0.4522713720798492, ""totir"": 20.0, ""tofer"": NaN, ""swfac"": 0.0, ""nstres"": 0.3659802079200744}",0.0,0.3659802079200744,4395.820007324219,1431.0408020019531,0.4522713720798492,20.0,,0.0,0.0,20.0,0.0,16.131805419921875,24.131805419921875,Leave_One_experiments/all_year_offline_schedule_search/daily_outputs/FQA/FQA_2019_FQA2019_stress_grid_S0003_daily.csv
FQA,FQA,Fengqiu,2019,Leave_One_experiments\wth_generated_qc\FQA\FQA2019.WTH,dry_year;water_stress_year;nitrogen_stress_year,water_stress,FQA2019_stress_grid_S0003,irrigation_positive_candidate,2019-09-05,248,92,87,"{""sim_day"": 92.0, ""doy"": 248.0, ""topwt"": 4475.558776855469, ""grnwt"": 1518.150634765625, ""xlai"": 0.4377875030040741, ""totir"": 20.0, ""tofer"": NaN, ""swfac"": 0.0, ""nstres"": 0.3685951232910156}",0.0,0.3685951232910156,4475.558776855469,1518.150634765625,0.4377875030040741,20.0,,0.0,0.0,20.0,0.0,16.131805419921875,24.131805419921875,Leave_One_experiments/all_year_offline_schedule_search/daily_outputs/FQA/FQA_2019_FQA2019_stress_grid_S0003_daily.csv
FQA,FQA,Fengqiu,2019,Leave_One_experiments\wth_generated_qc\FQA\FQA2019.WTH,dry_year;water_stress_year;nitrogen_stress_year,water_stress,FQA2019_stress_grid_S0003,irrigation_positive_candidate,2019-09-06,249,93,88,"{""sim_day"": 93.0, ""doy"": 249.0, ""topwt"": 4549.367980957031, ""grnwt"": 1605.2604675292969, ""xlai"": 0.4236204028129577, ""totir"": 20.0, ""tofer"": NaN, ""swfac"": 0.0, ""nstres"": 0.3766542077064514}",0.0,0.3766542077064514,4549.367980957031,1605.2604675292969,0.4236204028129577,20.0,,0.0,0.0,20.0,0.0,16.131805419921875,24.131805419921875,Leave_One_experiments/all_year_offline_schedule_search/daily_outputs/FQA/FQA_2019_FQA2019_stress_grid_S0003_daily.csv
FQA,FQA,Fengqiu,2019,Leave_One_experiments\wth_generated_qc\FQA\FQA2019.WTH,dry_year;water_stress_year;nitrogen_stress_year,water_stress,FQA2019_stress_grid_S0003,irrigation_positive_candidate,2019-09-07,250,94,89,"{""sim_day"": 94.0, ""doy"": 250.0, ""topwt"": 4619.485778808594, ""grnwt"": 1692.3703002929688, ""xlai"": 0.4098140597343445, ""totir"": 20.0, ""tofer"": NaN, ""swfac"": 0.0, ""nstres"": 0.3821910619735718}",0.0,0.3821910619735718,4619.485778808594,1692.3703002929688,0.4098140597343445,20.0,,0.0,0.0,20.0,0.0,16.131805419921875,24.131805419921875,Leave_One_experiments/all_year_offline_schedule_search/daily_outputs/FQA/FQA_2019_FQA2019_stress_grid_S0003_daily.csv
FQA,FQA,Fengqiu,2019,Leave_One_experiments\wth_generated_qc\FQA\FQA2019.WTH,dry_year;water_stress_year;nitrogen_stress_year,water_stress,FQA2019_stress_grid_S0003,irrigation_positive_candidate,2019-09-08,251,95,90,"{""sim_day"": 95.0, ""doy"": 251.0, ""topwt"": 4681.8853759765625, ""grnwt"": 1779.4801330566406, ""xlai"": 0.3964118063449859, ""totir"": 20.0, ""tofer"": NaN, ""swfac"": 0.0, ""nstres"": 0.3848748207092285}",0.0,0.3848748207092285,4681.8853759765625,1779.4801330566406,0.3964118063449859,20.0,,0.0,0.0,20.0,0.0,16.131805419921875,24.131805419921875,Leave_One_experiments/all_year_offline_schedule_search/daily_outputs/FQA/FQA_2019_FQA2019_stress_grid_S0003_daily.csv
FQA,FQA,Fengqiu,2019,Leave_One_experiments\wth_generated_qc\FQA\FQA2019.WTH,dry_year;water_stress_year;nitrogen_stress_year,water_stress,FQA2019_stress_grid_S0003,irrigation_positive_candidate,2019-09-09,252,96,91,"{""sim_day"": 96.0, ""doy"": 252.0, ""topwt"": 4704.2327880859375, ""grnwt"": 1866.5899658203125, ""xlai"": 0.3834319114685058, ""totir"": 20.0, ""tofer"": NaN, ""swfac"": 0.0, ""nstres"": 0.3858439922332763}",0.0,0.3858439922332763,4704.2327880859375,1866.5899658203125,0.3834319114685058,20.0,,0.0,0.0,20.0,0.0,16.131805419921875,24.131805419921875,Leave_One_experiments/all_year_offline_schedule_search/daily_outputs/FQA/FQA_2019_FQA2019_stress_grid_S0003_daily.csv
FQA,FQA,Fengqiu,2019,Leave_One_experiments\wth_generated_qc\FQA\FQA2019.WTH,dry_year;water_stress_year;nitrogen_stress_year,water_stress,FQA2019_stress_grid_S0003,irrigation_positive_candidate,2019-09-10,253,97,92,"{""sim_day"": 97.0, ""doy"": 253.0, ""topwt"": 4709.35302734375, ""grnwt"": 1953.6997985839844, ""xlai"": 0.3708667755126953, ""totir"": 20.0, ""tofer"": NaN, ""swfac"": 0.0, ""nstres"": 0.3864834308624267}",0.0,0.3864834308624267,4709.35302734375,1953.6997985839844,0.3708667755126953,20.0,,0.0,0.0,20.0,0.0,16.131805419921875,24.131805419921875,Leave_One_experiments/all_year_offline_schedule_search/daily_outputs/FQA/FQA_2019_FQA2019_stress_grid_S0003_daily.csv
FQA,FQA,Fengqiu,2019,Leave_One_experiments\wth_generated_qc\FQA\FQA2019.WTH,dry_year;water_stress_year;nitrogen_stress_year,water_stress,FQA2019_stress_grid_S0003,irrigation_positive_candidate,2019-09-11,254,98,93,"{""sim_day"": 98.0, ""doy"": 254.0, ""topwt"": 4716.094970703125, ""grnwt"": 2040.809631347656, ""xlai"": 0.3591662943363189, ""totir"": 20.0, ""tofer"": NaN, ""swfac"": 0.0, ""nstres"": 0.3571731448173523}",0.0,0.3571731448173523,4716.094970703125,2040.809631347656,0.3591662943363189,20.0,,0.0,0.0,20.0,0.0,16.131805419921875,24.131805419921875,Leave_One_experiments/all_year_offline_schedule_search/daily_outputs/FQA/FQA_2019_FQA2019_stress_grid_S0003_daily.csv
FQA,FQA,Fengqiu,2019,Leave_One_experiments\wth_generated_qc\FQA\FQA2019.WTH,dry_year;water_stress_year;nitrogen_stress_year,water_stress,FQA2019_stress_grid_S0003,irrigation_positive_candidate,2019-09-12,255,99,94,"{""sim_day"": 99.0, ""doy"": 255.0, ""topwt"": 4746.2347412109375, ""grnwt"": 2127.919464111328, ""xlai"": 0.3482480347156524, ""totir"": 20.0, ""tofer"": NaN, ""swfac"": 0.0, ""nstres"": 0.3295729160308838}",0.0,0.3295729160308838,4746.2347412109375,2127.919464111328,0.3482480347156524,20.0,,0.0,0.0,20.0,0.0,16.131805419921875,24.131805419921875,Leave_One_experiments/all_year_offline_schedule_search/daily_outputs/FQA/FQA_2019_FQA2019_stress_grid_S0003_daily.csv
FQA,FQA,Fengqiu,2019,Leave_One_experiments\wth_generated_qc\FQA\FQA2019.WTH,dry_year;water_stress_year;nitrogen_stress_year,water_stress,FQA2019_stress_grid_S0003,irrigation_positive_candidate,2019-09-13,256,100,95,"{""sim_day"": 100.0, ""doy"": 256.0, ""topwt"": 4766.207275390625, ""grnwt"": 2215.029296875, ""xlai"": 0.3379749059677124, ""totir"": 20.0, ""tofer"": NaN, ""swfac"": 0.0, ""nstres"": 0.307988703250885}",0.0,0.307988703250885,4766.207275390625,2215.029296875,0.3379749059677124,20.0,,0.0,0.0,20.0,0.0,16.131805419921875,24.131805419921875,Leave_One_experiments/all_year_offline_schedule_search/daily_outputs/FQA/FQA_2019_FQA2019_stress_grid_S0003_daily.csv
FQA,FQA,Fengqiu,2019,Leave_One_experiments\wth_generated_qc\FQA\FQA2019.WTH,dry_year;water_stress_year;nitrogen_stress_year,water_stress,FQA2019_stress_grid_S0003,irrigation_positive_candidate,2019-09-14,257,101,96,"{""sim_day"": 101.0, ""doy"": 257.0, ""topwt"": 4775.636596679688, ""grnwt"": 2302.139129638672, ""xlai"": 0.3280134797096252, ""totir"": 20.0, ""tofer"": NaN, ""swfac"": 0.0, ""nstres"": 0.3073709607124328}",0.0,0.3073709607124328,4775.636596679688,2302.139129638672,0.3280134797096252,20.0,,0.0,0.0,20.0,0.0,16.131805419921875,24.131805419921875,Leave_One_experiments/all_year_offline_schedule_search/daily_outputs/FQA/FQA_2019_FQA2019_stress_grid_S0003_daily.csv
FQA,FQA,Fengqiu,2019,Leave_One_experiments\wth_generated_qc\FQA\FQA2019.WTH,dry_year;water_stress_year;nitrogen_stress_year,water_stress,FQA2019_stress_grid_S0003,irrigation_positive_candidate,2019-09-15,258,102,97,"{""sim_day"": 102.0, ""doy"": 258.0, ""topwt"": 4816.09619140625, ""grnwt"": 2389.248962402344, ""xlai"": 0.3184586763381958, ""totir"": 20.0, ""tofer"": NaN, ""swfac"": 0.0, ""nstres"": 0.2991003394126892}",0.0,0.2991003394126892,4816.09619140625,2389.248962402344,0.3184586763381958,20.0,,0.0,0.0,20.0,0.0,16.131805419921875,24.131805419921875,Leave_One_experiments/all_year_offline_schedule_search/daily_outputs/FQA/FQA_2019_FQA2019_stress_grid_S0003_daily.csv
FQA,FQA,Fengqiu,2019,Leave_One_experiments\wth_generated_qc\FQA\FQA2019.WTH,dry_year;water_stress_year;nitrogen_stress_year,water_stress,FQA2019_stress_grid_S0003,irrigation_positive_candidate,2019-09-16,259,103,98,"{""sim_day"": 103.0, ""doy"": 259.0, ""topwt"": 4834.7894287109375, ""grnwt"": 2476.358795166016, ""xlai"": 0.3093348443508148, ""totir"": 20.0, ""tofer"": NaN, ""swfac"": 0.0, ""nstres"": 0.2875978350639343}",0.0,0.2875978350639343,4834.7894287109375,2476.358795166016,0.3093348443508148,20.0,,0.0,0.0,20.0,0.0,16.131805419921875,24.131805419921875,Leave_One_experiments/all_year_offline_schedule_search/daily_outputs/FQA/FQA_2019_FQA2019_stress_grid_S0003_daily.csv
FQA,FQA,Fengqiu,2019,Leave_One_experiments\wth_generated_qc\FQA\FQA2019.WTH,dry_year;water_stress_year;nitrogen_stress_year,water_stress,FQA2019_stress_grid_S0003,irrigation_positive_candidate,2019-09-17,260,104,99,"{""sim_day"": 104.0, ""doy"": 260.0, ""topwt"": 4889.479370117188, ""grnwt"": 2563.4686279296875, ""xlai"": 0.3003047704696655, ""totir"": 20.0, ""tofer"": NaN, ""swfac"": 0.0, ""nstres"": 0.3006049990653991}",0.0,0.3006049990653991,4889.479370117188,2563.4686279296875,0.3003047704696655,20.0,,0.0,0.0,20.0,0.0,16.131805419921875,24.131805419921875,Leave_One_experiments/all_year_offline_schedule_search/daily_outputs/FQA/FQA_2019_FQA2019_stress_grid_S0003_daily.csv
FQA,FQA,Fengqiu,2019,Leave_One_experiments\wth_generated_qc\FQA\FQA2019.WTH,dry_year;water_stress_year;nitrogen_stress_year,water_stress,FQA2019_stress_grid_S0003,irrigation_positive_candidate,2019-09-18,261,105,100,"{""sim_day"": 105.0, ""doy"": 261.0, ""topwt"": 4895.4681396484375, ""grnwt"": 2580.1968383789062, ""xlai"": 0.2916182577610016, ""totir"": 20.0, ""tofer"": NaN, ""swfac"": 0.0, ""nstres"": 0.2942174673080444}",0.0,0.2942174673080444,4895.4681396484375,2580.1968383789062,0.2916182577610016,20.0,,0.0,0.0,20.0,0.0,16.131805419921875,24.131805419921875,Leave_One_experiments/all_year_offline_schedule_search/daily_outputs/FQA/FQA_2019_FQA2019_stress_grid_S0003_daily.csv
FQA,FQA,Fengqiu,2019,Leave_One_experiments\wth_generated_qc\FQA\FQA2019.WTH,dry_year;water_stress_year;nitrogen_stress_year,water_stress,FQA2019_stress_grid_S0003,irrigation_positive_candidate,2019-09-19,262,106,101,"{""sim_day"": 106.0, ""doy"": 262.0, ""topwt"": 4928.451843261719, ""grnwt"": 2613.1805419921875, ""xlai"": 0.2839089632034302, ""totir"": 20.0, ""tofer"": NaN, ""swfac"": 0.0, ""nstres"": 0.2344666719436645}",0.0,0.2344666719436645,4928.451843261719,2613.1805419921875,0.2839089632034302,20.0,,0.0,0.0,20.0,0.0,16.131805419921875,24.131805419921875,Leave_One_experiments/all_year_offline_schedule_search/daily_outputs/FQA/FQA_2019_FQA2019_stress_grid_S0003_daily.csv
FQA,FQA,Fengqiu,2019,Leave_One_experiments\wth_generated_qc\FQA\FQA2019.WTH,dry_year;water_stress_year;nitrogen_stress_year,water_stress,FQA2019_stress_grid_S0003,irrigation_positive_candidate,2019-09-20,263,107,102,"{""sim_day"": 107.0, ""doy"": 263.0, ""topwt"": 4928.451843261719, ""grnwt"": 2613.1805419921875, ""xlai"": 0.2839089632034302, ""totir"": 20.0, ""tofer"": NaN, ""swfac"": 0.0, ""nstres"": 0.211754024028778}",0.0,0.211754024028778,4928.451843261719,2613.1805419921875,0.2839089632034302,20.0,,0.0,0.0,20.0,0.0,16.131805419921875,24.131805419921875,Leave_One_experiments/all_year_offline_schedule_search/daily_outputs/FQA/FQA_2019_FQA2019_stress_grid_S0003_daily.csv
FQA,FQA,Fengqiu,2019,Leave_One_experiments\wth_generated_qc\FQA\FQA2019.WTH,dry_year;water_stress_year;nitrogen_stress_year,water_stress,FQA2019_stress_grid_S0003,irrigation_positive_candidate,2019-09-21,264,108,103,"{""sim_day"": 108.0, ""doy"": 264.0, ""topwt"": 4928.451843261719, ""grnwt"": 2613.1805419921875, ""xlai"": 0.2839089632034302, ""totir"": 20.0, ""tofer"": NaN, ""swfac"": 0.0, ""nstres"": 0.211754024028778}",0.0,0.211754024028778,4928.451843261719,2613.1805419921875,0.2839089632034302,20.0,,0.0,0.0,20.0,0.0,16.131805419921875,24.131805419921875,Leave_One_experiments/all_year_offline_schedule_search/daily_outputs/FQA/FQA_2019_FQA2019_stress_grid_S0003_daily.csv
FQA,FQA,Fengqiu,2019,Leave_One_experiments\wth_generated_qc\FQA\FQA2019.WTH,dry_year;water_stress_year;nitrogen_stress_year,water_stress,FQA2019_stress_grid_S0003,irrigation_positive_candidate,2019-09-22,265,109,104,"{""sim_day"": 109.0, ""doy"": 265.0, ""topwt"": 4928.451843261719, ""grnwt"": 2613.1805419921875, ""xlai"": 0.2839089632034302, ""totir"": 20.0, ""tofer"": NaN, ""swfac"": 0.0, ""nstres"": 0.211754024028778}",0.0,0.211754024028778,4928.451843261719,2613.1805419921875,0.2839089632034302,20.0,,0.0,0.0,20.0,0.0,16.131805419921875,24.131805419921875,Leave_One_experiments/all_year_offline_schedule_search/daily_outputs/FQA/FQA_2019_FQA2019_stress_grid_S0003_daily.csv
FQA,FQA,Fengqiu,2019,Leave_One_experiments\wth_generated_qc\FQA\FQA2019.WTH,dry_year;water_stress_year;nitrogen_stress_year,water_stress,FQA2019_stress_grid_S0001,low_input_within_10pct_yield,2019-06-11,162,1,1,"{""sim_day"": 1.0, ""doy"": 162.0, ""topwt"": 0.0, ""grnwt"": 0.0, ""xlai"": 0.0, ""totir"": 0.0, ""tofer"": NaN, ""swfac"": 0.0, ""nstres"": 0.0}",0.0,0.0,0.0,0.0,0.0,0.0,,0.0,0.0,0.0,0.0,25.07581481933594,25.07581481933594,Leave_One_experiments/all_year_offline_schedule_search/daily_outputs/FQA/FQA_2019_FQA2019_stress_grid_S0001_daily.csv
FQA,FQA,Fengqiu,2019,Leave_One_experiments\wth_generated_qc\FQA\FQA2019.WTH,dry_year;water_stress_year;nitrogen_stress_year,water_stress,FQA2019_stress_grid_S0001,low_input_within_10pct_yield,2019-06-12,163,2,2,"{""sim_day"": 2.0, ""doy"": 163.0, ""topwt"": 0.0, ""grnwt"": 0.0, ""xlai"": 0.0, ""totir"": 0.0, ""tofer"": NaN, ""swfac"": 0.0, ""nstres"": 0.0}",0.0,0.0,0.0,0.0,0.0,0.0,,0.0,0.0,0.0,0.0,25.07581481933594,25.07581481933594,Leave_One_experiments/all_year_offline_schedule_search/daily_outputs/FQA/FQA_2019_FQA2019_stress_grid_S0001_daily.csv
FQA,FQA,Fengqiu,2019,Leave_One_experiments\wth_generated_qc\FQA\FQA2019.WTH,dry_year;water_stress_year;nitrogen_stress_year,water_stress,FQA2019_stress_grid_S0001,low_input_within_10pct_yield,2019-06-13,164,3,3,"{""sim_day"": 3.0, ""doy"": 164.0, ""topwt"": 0.0, ""grnwt"": 0.0, ""xlai"": 0.0, ""totir"": 0.0, ""tofer"": NaN, ""swfac"": 0.0, ""nstres"": 0.0}",0.0,0.0,0.0,0.0,0.0,0.0,,0.0,0.0,0.0,0.0,25.07581481933594,25.07581481933594,Leave_One_experiments/all_year_offline_schedule_search/daily_outputs/FQA/FQA_2019_FQA2019_stress_grid_S0001_daily.csv
FQA,FQA,Fengqiu,2019,Leave_One_experiments\wth_generated_qc\FQA\FQA2019.WTH,dry_year;water_stress_year;nitrogen_stress_year,water_stress,FQA2019_stress_grid_S0001,low_input_within_10pct_yield,2019-06-14,165,4,4,"{""sim_day"": 4.0, ""doy"": 165.0, ""topwt"": 0.0, ""grnwt"": 0.0, ""xlai"": 0.0, ""totir"": 0.0, ""tofer"": NaN, ""swfac"": 0.0, ""nstres"": 0.0}",0.0,0.0,0.0,0.0,0.0,0.0,,0.0,0.0,0.0,0.0,25.07581481933594,25.07581481933594,Leave_One_experiments/all_year_offline_schedule_search/daily_outputs/FQA/FQA_2019_FQA2019_stress_grid_S0001_daily.csv
FQA,FQA,Fengqiu,2019,Leave_One_experiments\wth_generated_qc\FQA\FQA2019.WTH,dry_year;water_stress_year;nitrogen_stress_year,water_stress,FQA2019_stress_grid_S0001,low_input_within_10pct_yield,2019-06-15,166,5,5,"{""sim_day"": 5.0, ""doy"": 166.0, ""topwt"": 0.0, ""grnwt"": 0.0, ""xlai"": 0.0, ""totir"": 0.0, ""tofer"": NaN, ""swfac"": 0.0, ""nstres"": 0.0}",0.0,0.0,0.0,0.0,0.0,0.0,,0.0,0.0,0.0,0.0,25.07581481933594,25.07581481933594,Leave_One_experiments/all_year_offline_schedule_search/daily_outputs/FQA/FQA_2019_FQA2019_stress_grid_S0001_daily.csv
FQA,FQA,Fengqiu,2019,Leave_One_experiments\wth_generated_qc\FQA\FQA2019.WTH,dry_year;water_stress_year;nitrogen_stress_year,water_stress,FQA2019_stress_grid_S0001,low_input_within_10pct_yield,2019-06-11,162,6,1,"{""sim_day"": 6.0, ""doy"": 162.0, ""topwt"": 0.0, ""grnwt"": 0.0, ""xlai"": 0.0, ""totir"": 0.0, ""tofer"": NaN, ""swfac"": 0.0, ""nstres"": 0.0}",0.0,0.0,0.0,0.0,0.0,0.0,,0.0,0.0,0.0,0.0,25.07581481933594,25.07581481933594,Leave_One_experiments/all_year_offline_schedule_search/daily_outputs/FQA/FQA_2019_FQA2019_stress_grid_S0001_daily.csv
FQA,FQA,Fengqiu,2019,Leave_One_experiments\wth_generated_qc\FQA\FQA2019.WTH,dry_year;water_stress_year;nitrogen_stress_year,water_stress,FQA2019_stress_grid_S0001,low_input_within_10pct_yield,2019-06-12,163,7,2,"{""sim_day"": 7.0, ""doy"": 163.0, ""topwt"": 0.0, ""grnwt"": 0.0, ""xlai"": 0.0, ""totir"": 0.0, ""tofer"": NaN, ""swfac"": 0.0, ""nstres"": 0.0}",0.0,0.0,0.0,0.0,0.0,0.0,,0.0,0.0,0.0,0.0,25.07581481933594,25.07581481933594,Leave_One_experiments/all_year_offline_schedule_search/daily_outputs/FQA/FQA_2019_FQA2019_stress_grid_S0001_daily.csv
FQA,FQA,Fengqiu,2019,Leave_One_experiments\wth_generated_qc\FQA\FQA2019.WTH,dry_year;water_stress_year;nitrogen_stress_year,water_stress,FQA2019_stress_grid_S0001,low_input_within_10pct_yield,2019-06-13,164,8,3,"{""sim_day"": 8.0, ""doy"": 164.0, ""topwt"": 0.0, ""grnwt"": 0.0, ""xlai"": 0.0, ""totir"": 0.0, ""tofer"": NaN, ""swfac"": 0.0, ""nstres"": 0.0}",0.0,0.0,0.0,0.0,0.0,0.0,,0.0,0.0,0.0,0.0,25.07581481933594,25.07581481933594,Leave_One_experiments/all_year_offline_schedule_search/daily_outputs/FQA/FQA_2019_FQA2019_stress_grid_S0001_daily.csv
FQA,FQA,Fengqiu,2019,Leave_One_experiments\wth_generated_qc\FQA\FQA2019.WTH,dry_year;water_stress_year;nitrogen_stress_year,water_stress,FQA2019_stress_grid_S0001,low_input_within_10pct_yield,2019-06-14,165,9,4,"{""sim_day"": 9.0, ""doy"": 165.0, ""topwt"": 0.0, ""grnwt"": 0.0, ""xlai"": 0.0, ""totir"": 0.0, ""tofer"": NaN, ""swfac"": 0.0, ""nstres"": 0.0}",0.0,0.0,0.0,0.0,0.0,0.0,,0.0,0.0,0.0,0.0,25.07581481933594,25.07581481933594,Leave_One_experiments/all_year_offline_schedule_search/daily_outputs/FQA/FQA_2019_FQA2019_stress_grid_S0001_daily.csv
FQA,FQA,Fengqiu,2019,Leave_One_experiments\wth_generated_qc\FQA\FQA2019.WTH,dry_year;water_stress_year;nitrogen_stress_year,water_stress,FQA2019_stress_grid_S0001,low_input_within_10pct_yield,2019-06-15,166,10,5,"{""sim_day"": 10.0, ""doy"": 166.0, ""topwt"": 0.0, ""grnwt"": 0.0, ""xlai"": 0.0, ""totir"": 0.0, ""tofer"": NaN, ""swfac"": 0.0, ""nstres"": 0.0}",0.0,0.0,0.0,0.0,0.0,0.0,,0.0,0.0,0.0,0.0,25.07581481933594,25.07581481933594,Leave_One_experiments/all_year_offline_schedule_search/daily_outputs/FQA/FQA_2019_FQA2019_stress_grid_S0001_daily.csv
FQA,FQA,Fengqiu,2019,Leave_One_experiments\wth_generated_qc\FQA\FQA2019.WTH,dry_year;water_stress_year;nitrogen_stress_year,water_stress,FQA2019_stress_grid_S0001,low_input_within_10pct_yield,2019-06-16,167,11,6,"{""sim_day"": 11.0, ""doy"": 167.0, ""topwt"": 0.0, ""grnwt"": 0.0, ""xlai"": 0.0, ""totir"": 0.0, ""tofer"": NaN, ""swfac"": 0.0, ""nstres"": 0.0}",0.0,0.0,0.0,0.0,0.0,0.0,,0.0,0.0,0.0,0.0,25.07581481933594,25.07581481933594,Leave_One_experiments/all_year_offline_schedule_search/daily_outputs/FQA/FQA_2019_FQA2019_stress_grid_S0001_daily.csv
FQA,FQA,Fengqiu,2019,Leave_One_experiments\wth_generated_qc\FQA\FQA2019.WTH,dry_year;water_stress_year;nitrogen_stress_year,water_stress,FQA2019_stress_grid_S0001,low_input_within_10pct_yield,2019-06-17,168,12,7,"{""sim_day"": 12.0, ""doy"": 168.0, ""topwt"": 0.0, ""grnwt"": 0.0, ""xlai"": 0.0, ""totir"": 0.0, ""tofer"": NaN, ""swfac"": 0.0, ""nstres"": 0.0}",0.0,0.0,0.0,0.0,0.0,0.0,,0.0,0.0,0.0,0.0,25.07581481933594,25.07581481933594,Leave_One_experiments/all_year_offline_schedule_search/daily_outputs/FQA/FQA_2019_FQA2019_stress_grid_S0001_daily.csv
FQA,FQA,Fengqiu,2019,Leave_One_experiments\wth_generated_qc\FQA\FQA2019.WTH,dry_year;water_stress_year;nitrogen_stress_year,water_stress,FQA2019_stress_grid_S0001,low_input_within_10pct_yield,2019-06-18,169,13,8,"{""sim_day"": 13.0, ""doy"": 169.0, ""topwt"": 0.0, ""grnwt"": 0.0, ""xlai"": 0.0, ""totir"": 0.0, ""tofer"": NaN, ""swfac"": 0.0, ""nstres"": 0.0}",0.0,0.0,0.0,0.0,0.0,0.0,,0.0,0.0,0.0,0.0,25.07581481933594,25.07581481933594,Leave_One_experiments/all_year_offline_schedule_search/daily_outputs/FQA/FQA_2019_FQA2019_stress_grid_S0001_daily.csv
FQA,FQA,Fengqiu,2019,Leave_One_experiments\wth_generated_qc\FQA\FQA2019.WTH,dry_year;water_stress_year;nitrogen_stress_year,water_stress,FQA2019_stress_grid_S0001,low_input_within_10pct_yield,2019-06-19,170,14,9,"{""sim_day"": 14.0, ""doy"": 170.0, ""topwt"": 0.0, ""grnwt"": 0.0, ""xlai"": 0.0, ""totir"": 0.0, ""tofer"": NaN, ""swfac"": 0.0, ""nstres"": 0.0}",0.0,0.0,0.0,0.0,0.0,0.0,,0.0,0.0,0.0,0.0,25.07581481933594,25.07581481933594,Leave_One_experiments/all_year_offline_schedule_search/daily_outputs/FQA/FQA_2019_FQA2019_stress_grid_S0001_daily.csv
FQA,FQA,Fengqiu,2019,Leave_One_experiments\wth_generated_qc\FQA\FQA2019.WTH,dry_year;water_stress_year;nitrogen_stress_year,water_stress,FQA2019_stress_grid_S0001,low_input_within_10pct_yield,2019-06-20,171,15,10,"{""sim_day"": 15.0, ""doy"": 171.0, ""topwt"": 0.0, ""grnwt"": 0.0, ""xlai"": 0.0, ""totir"": 0.0, ""tofer"": NaN, ""swfac"": 0.0, ""nstres"": 0.0}",0.0,0.0,0.0,0.0,0.0,0.0,,0.0,0.0,0.0,0.0,25.07581481933594,25.07581481933594,Leave_One_experiments/all_year_offline_schedule_search/daily_outputs/FQA/FQA_2019_FQA2019_stress_grid_S0001_daily.csv
FQA,FQA,Fengqiu,2019,Leave_One_experiments\wth_generated_qc\FQA\FQA2019.WTH,dry_year;water_stress_year;nitrogen_stress_year,water_stress,FQA2019_stress_grid_S0001,low_input_within_10pct_yield,2019-06-21,172,16,11,"{""sim_day"": 16.0, ""doy"": 172.0, ""topwt"": 32.00000047683716, ""grnwt"": 0.0, ""xlai"": 0.0034351211506873, ""totir"": 0.0, ""tofer"": NaN, ""swfac"": 0.0, ""nstres"": 0.0121910572052001}",0.0,0.0121910572052001,32.00000047683716,0.0,0.0034351211506873,0.0,,0.0,0.0,0.0,0.0,25.07581481933594,25.07581481933594,Leave_One_experiments/all_year_offline_schedule_search/daily_outputs/FQA/FQA_2019_FQA2019_stress_grid_S0001_daily.csv
FQA,FQA,Fengqiu,2019,Leave_One_experiments\wth_generated_qc\FQA\FQA2019.WTH,dry_year;water_stress_year;nitrogen_stress_year,water_stress,FQA2019_stress_grid_S0001,low_input_within_10pct_yield,2019-06-22,173,17,12,"{""sim_day"": 17.0, ""doy"": 173.0, ""topwt"": 32.00000047683716, ""grnwt"": 0.0, ""xlai"": 0.0, ""totir"": 0.0, ""tofer"": NaN, ""swfac"": 0.0, ""nstres"": 0.0031296014785766}",0.0,0.0031296014785766,32.00000047683716,0.0,0.0,0.0,,0.0,0.0,0.0,0.0,25.07581481933594,25.07581481933594,Leave_One_experiments/all_year_offline_schedule_search/daily_outputs/FQA/FQA_2019_FQA2019_stress_grid_S0001_daily.csv
FQA,FQA,Fengqiu,2019,Leave_One_experiments\wth_generated_qc\FQA\FQA2019.WTH,dry_year;water_stress_year;nitrogen_stress_year,water_stress,FQA2019_stress_grid_S0001,low_input_within_10pct_yield,2019-06-23,174,18,13,"{""sim_day"": 18.0, ""doy"": 174.0, ""topwt"": 32.00000047683716, ""grnwt"": 0.0, ""xlai"": 0.0, ""totir"": 0.0, ""tofer"": NaN, ""swfac"": 0.0, ""nstres"": 0.0}",0.0,0.0,32.00000047683716,0.0,0.0,0.0,,0.0,0.0,0.0,0.0,25.07581481933594,25.07581481933594,Leave_One_experiments/all_year_offline_schedule_search/daily_outputs/FQA/FQA_2019_FQA2019_stress_grid_S0001_daily.csv
FQA,FQA,Fengqiu,2019,Leave_One_experiments\wth_generated_qc\FQA\FQA2019.WTH,dry_year;water_stress_year;nitrogen_stress_year,water_stress,FQA2019_stress_grid_S0001,low_input_within_10pct_yield,2019-06-24,175,19,14,"{""sim_day"": 19.0, ""doy"": 175.0, ""topwt"": 32.00000047683716, ""grnwt"": 0.0, ""xlai"": 0.0031613851897418, ""totir"": 0.0, ""tofer"": NaN, ""swfac"": 0.0, ""nstres"": 0.0}",0.0,0.0,32.00000047683716,0.0,0.0031613851897418,0.0,,0.0,0.0,0.0,0.0,25.07581481933594,25.07581481933594,Leave_One_experiments/all_year_offline_schedule_search/daily_outputs/FQA/FQA_2019_FQA2019_stress_grid_S0001_daily.csv
FQA,FQA,Fengqiu,2019,Leave_One_experiments\wth_generated_qc\FQA\FQA2019.WTH,dry_year;water_stress_year;nitrogen_stress_year,water_stress,FQA2019_stress_grid_S0001,low_input_within_10pct_yield,2019-06-25,176,20,15,"{""sim_day"": 20.0, ""doy"": 176.0, ""topwt"": 32.00000047683716, ""grnwt"": 0.0, ""xlai"": 0.0066131851635873, ""totir"": 0.0, ""tofer"": NaN, ""swfac"": 0.0, ""nstres"": 0.0}",0.0,0.0,32.00000047683716,0.0,0.0066131851635873,0.0,,0.0,0.0,0.0,0.0,25.07581481933594,25.07581481933594,Leave_One_experiments/all_year_offline_schedule_search/daily_outputs/FQA/FQA_2019_FQA2019_stress_grid_S0001_daily.csv
FQA,FQA,Fengqiu,2019,Leave_One_experiments\wth_generated_qc\FQA\FQA2019.WTH,dry_year;water_stress_year;nitrogen_stress_year,water_stress,FQA2019_stress_grid_S0001,low_input_within_10pct_yield,2019-06-26,177,21,16,"{""sim_day"": 21.0, ""doy"": 177.0, ""topwt"": 32.00000047683716, ""grnwt"": 0.0, ""xlai"": 0.0107328779995441, ""totir"": 0.0, ""tofer"": NaN, ""swfac"": 0.0, ""nstres"": 0.0}",0.0,0.0,32.00000047683716,0.0,0.0107328779995441,0.0,,0.0,0.0,0.0,0.0,25.07581481933594,25.07581481933594,Leave_One_experiments/all_year_offline_schedule_search/daily_outputs/FQA/FQA_2019_FQA2019_stress_grid_S0001_daily.csv
FQA,FQA,Fengqiu,2019,Leave_One_experiments\wth_generated_qc\FQA\FQA2019.WTH,dry_year;water_stress_year;nitrogen_stress_year,water_stress,FQA2019_stress_grid_S0001,low_input_within_10pct_yield,2019-06-27,178,22,17,"{""sim_day"": 22.0, ""doy"": 178.0, ""topwt"": 32.00000047683716, ""grnwt"": 0.0, ""xlai"": 0.0139198908582329, ""totir"": 0.0, ""tofer"": NaN, ""swfac"": 0.0, ""nstres"": 0.0}",0.0,0.0,32.00000047683716,0.0,0.0139198908582329,0.0,,0.0,0.0,0.0,0.0,25.07581481933594,25.07581481933594,Leave_One_experiments/all_year_offline_schedule_search/daily_outputs/FQA/FQA_2019_FQA2019_stress_grid_S0001_daily.csv
FQA,FQA,Fengqiu,2019,Leave_One_experiments\wth_generated_qc\FQA\FQA2019.WTH,dry_year;water_stress_year;nitrogen_stress_year,water_stress,FQA2019_stress_grid_S0001,low_input_within_10pct_yield,2019-06-28,179,23,18,"{""sim_day"": 23.0, ""doy"": 179.0, ""topwt"": 24.051575660705566, ""grnwt"": 0.0, ""xlai"": 0.0286832824349403, ""totir"": 0.0, ""tofer"": NaN, ""swfac"": 0.0, ""nstres"": 0.0}",0.0,0.0,24.051575660705566,0.0,0.0286832824349403,0.0,,0.0,0.0,0.0,0.0,25.07581481933594,25.07581481933594,Leave_One_experiments/all_year_offline_schedule_search/daily_outputs/FQA/FQA_2019_FQA2019_stress_grid_S0001_daily.csv
FQA,FQA,Fengqiu,2019,Leave_One_experiments\wth_generated_qc\FQA\FQA2019.WTH,dry_year;water_stress_year;nitrogen_stress_year,water_stress,FQA2019_stress_grid_S0001,low_input_within_10pct_yield,2019-06-29,180,24,19,"{""sim_day"": 24.0, ""doy"": 180.0, ""topwt"": 29.725418090820312, ""grnwt"": 0.0, ""xlai"": 0.0469512492418289, ""totir"": 0.0, ""tofer"": NaN, ""swfac"": 0.0, ""nstres"": 0.0}",0.0,0.0,29.725418090820312,0.0,0.0469512492418289,0.0,,0.0,0.0,0.0,0.0,25.07581481933594,25.07581481933594,Leave_One_experiments/all_year_offline_schedule_search/daily_outputs/FQA/FQA_2019_FQA2019_stress_grid_S0001_daily.csv
FQA,FQA,Fengqiu,2019,Leave_One_experiments\wth_generated_qc\FQA\FQA2019.WTH,dry_year;water_stress_year;nitrogen_stress_year,water_stress,FQA2019_stress_grid_S0001,low_input_within_10pct_yield,2019-06-30,181,25,20,"{""sim_day"": 25.0, ""doy"": 181.0, ""topwt"": 36.34880065917969, ""grnwt"": 0.0, ""xlai"": 0.0664408504962921, ""totir"": 0.0, ""tofer"": NaN, ""swfac"": 0.0, ""nstres"": 0.0}",0.0,0.0,36.34880065917969,0.0,0.0664408504962921,0.0,,0.0,0.0,0.0,0.0,25.07581481933594,25.07581481933594,Leave_One_experiments/all_year_offline_schedule_search/daily_outputs/FQA/FQA_2019_FQA2019_stress_grid_S0001_daily.csv
FQA,FQA,Fengqiu,2019,Leave_One_experiments\wth_generated_qc\FQA\FQA2019.WTH,dry_year;water_stress_year;nitrogen_stress_year,water_stress,FQA2019_stress_grid_S0001,low_input_within_10pct_yield,2019-07-01,182,26,21,"{""sim_day"": 26.0, ""doy"": 182.0, ""topwt"": 44.60864067077637, ""grnwt"": 0.0, ""xlai"": 0.0890534669160842, ""totir"": 0.0, ""tofer"": NaN, ""swfac"": 0.0, ""nstres"": 0.0}",0.0,0.0,44.60864067077637,0.0,0.0890534669160842,0.0,,0.0,0.0,0.0,0.0,25.07581481933594,25.07581481933594,Leave_One_experiments/all_year_offline_schedule_search/daily_outputs/FQA/FQA_2019_FQA2019_stress_grid_S0001_daily.csv
FQA,FQA,Fengqiu,2019,Leave_One_experiments\wth_generated_qc\FQA\FQA2019.WTH,dry_year;water_stress_year;nitrogen_stress_year,water_stress,FQA2019_stress_grid_S0001,low_input_within_10pct_yield,2019-07-02,183,27,22,"{""sim_day"": 27.0, ""doy"": 183.0, ""topwt"": 54.59190845489502, ""grnwt"": 0.0, ""xlai"": 0.1147170141339302, ""totir"": 0.0, ""tofer"": NaN, ""swfac"": 0.0, ""nstres"": 0.0}",0.0,0.0,54.59190845489502,0.0,0.1147170141339302,0.0,,0.0,0.0,0.0,0.0,25.07581481933594,25.07581481933594,Leave_One_experiments/all_year_offline_schedule_search/daily_outputs/FQA/FQA_2019_FQA2019_stress_grid_S0001_daily.csv
FQA,FQA,Fengqiu,2019,Leave_One_experiments\wth_generated_qc\FQA\FQA2019.WTH,dry_year;water_stress_year;nitrogen_stress_year,water_stress,FQA2019_stress_grid_S0001,low_input_within_10pct_yield,2019-07-03,184,28,23,"{""sim_day"": 28.0, ""doy"": 184.0, ""topwt"": 65.85438251495361, ""grnwt"": 0.0, ""xlai"": 0.1421321183443069, ""totir"": 0.0, ""tofer"": NaN, ""swfac"": 0.0, ""nstres"": 0.0}",0.0,0.0,65.85438251495361,0.0,0.1421321183443069,0.0,,0.0,0.0,0.0,0.0,25.07581481933594,25.07581481933594,Leave_One_experiments/all_year_offline_schedule_search/daily_outputs/FQA/FQA_2019_FQA2019_stress_grid_S0001_daily.csv
FQA,FQA,Fengqiu,2019,Leave_One_experiments\wth_generated_qc\FQA\FQA2019.WTH,dry_year;water_stress_year;nitrogen_stress_year,water_stress,FQA2019_stress_grid_S0001,low_input_within_10pct_yield,2019-07-04,185,29,24,"{""sim_day"": 29.0, ""doy"": 185.0, ""topwt"": 78.66528987884521, ""grnwt"": 0.0, ""xlai"": 0.1718640774488449, ""totir"": 0.0, ""tofer"": NaN, ""swfac"": 0.0, ""nstres"": 0.0}",0.0,0.0,78.66528987884521,0.0,0.1718640774488449,0.0,,0.0,0.0,0.0,0.0,25.07581481933594,25.07581481933594,Leave_One_experiments/all_year_offline_schedule_search/daily_outputs/FQA/FQA_2019_FQA2019_stress_grid_S0001_daily.csv
FQA,FQA,Fengqiu,2019,Leave_One_experiments\wth_generated_qc\FQA\FQA2019.WTH,dry_year;water_stress_year;nitrogen_stress_year,water_stress,FQA2019_stress_grid_S0001,low_input_within_10pct_yield,2019-07-05,186,30,25,"{""sim_day"": 30.0, ""doy"": 186.0, ""topwt"": 92.55240440368652, ""grnwt"": 0.0, ""xlai"": 0.2023328989744186, ""totir"": 0.0, ""tofer"": NaN, ""swfac"": 0.0, ""nstres"": 0.0}",0.0,0.0,92.55240440368652,0.0,0.2023328989744186,0.0,,0.0,0.0,0.0,0.0,25.07581481933594,25.07581481933594,Leave_One_experiments/all_year_offline_schedule_search/daily_outputs/FQA/FQA_2019_FQA2019_stress_grid_S0001_daily.csv
FQA,FQA,Fengqiu,2019,Leave_One_experiments\wth_generated_qc\FQA\FQA2019.WTH,dry_year;water_stress_year;nitrogen_stress_year,water_stress,FQA2019_stress_grid_S0001,low_input_within_10pct_yield,2019-07-06,187,31,26,"{""sim_day"": 31.0, ""doy"": 187.0, ""topwt"": 105.57866096496582, ""grnwt"": 0.0, ""xlai"": 0.2290808707475662, ""totir"": 0.0, ""tofer"": NaN, ""swfac"": 0.0, ""nstres"": 0.0}",0.0,0.0,105.57866096496582,0.0,0.2290808707475662,0.0,,0.0,0.0,0.0,0.0,25.07581481933594,25.07581481933594,Leave_One_experiments/all_year_offline_schedule_search/daily_outputs/FQA/FQA_2019_FQA2019_stress_grid_S0001_daily.csv
FQA,FQA,Fengqiu,2019,Leave_One_experiments\wth_generated_qc\FQA\FQA2019.WTH,dry_year;water_stress_year;nitrogen_stress_year,water_stress,FQA2019_stress_grid_S0001,low_input_within_10pct_yield,2019-07-07,188,32,27,"{""sim_day"": 32.0, ""doy"": 188.0, ""topwt"": 119.11334037780762, ""grnwt"": 0.0, ""xlai"": 0.2544761300086975, ""totir"": 0.0, ""tofer"": NaN, ""swfac"": 0.0, ""nstres"": 0.0}",0.0,0.0,119.11334037780762,0.0,0.2544761300086975,0.0,,0.0,0.0,0.0,0.0,25.07581481933594,25.07581481933594,Leave_One_experiments/all_year_offline_schedule_search/daily_outputs/FQA/FQA_2019_FQA2019_stress_grid_S0001_daily.csv
FQA,FQA,Fengqiu,2019,Leave_One_experiments\wth_generated_qc\FQA\FQA2019.WTH,dry_year;water_stress_year;nitrogen_stress_year,water_stress,FQA2019_stress_grid_S0001,low_input_within_10pct_yield,2019-07-08,189,33,28,"{""sim_day"": 33.0, ""doy"": 189.0, ""topwt"": 136.34828567504883, ""grnwt"": 0.0, ""xlai"": 0.2887825965881347, ""totir"": 0.0, ""tofer"": NaN, ""swfac"": 0.0, ""nstres"": 0.0}",0.0,0.0,136.34828567504883,0.0,0.2887825965881347,0.0,,0.0,0.0,0.0,0.0,25.07581481933594,25.07581481933594,Leave_One_experiments/all_year_offline_schedule_search/daily_outputs/FQA/FQA_2019_FQA2019_stress_grid_S0001_daily.csv
FQA,FQA,Fengqiu,2019,Leave_One_experiments\wth_generated_qc\FQA\FQA2019.WTH,dry_year;water_stress_year;nitrogen_stress_year,water_stress,FQA2019_stress_grid_S0001,low_input_within_10pct_yield,2019-07-09,190,34,29,"{""sim_day"": 34.0, ""doy"": 190.0, ""topwt"": 154.48333740234375, ""grnwt"": 0.0, ""xlai"": 0.3236502408981323, ""totir"": 0.0, ""tofer"": NaN, ""swfac"": 0.0, ""nstres"": 0.0}",0.0,0.0,154.48333740234375,0.0,0.3236502408981323,0.0,,0.0,0.0,0.0,0.0,25.07581481933594,25.07581481933594,Leave_One_experiments/all_year_offline_schedule_search/daily_outputs/FQA/FQA_2019_FQA2019_stress_grid_S0001_daily.csv
FQA,FQA,Fengqiu,2019,Leave_One_experiments\wth_generated_qc\FQA\FQA2019.WTH,dry_year;water_stress_year;nitrogen_stress_year,water_stress,FQA2019_stress_grid_S0001,low_input_within_10pct_yield,2019-07-10,191,35,30,"{""sim_day"": 35.0, ""doy"": 191.0, ""topwt"": 176.1196517944336, ""grnwt"": 0.0, ""xlai"": 0.3637619018554687, ""totir"": 0.0, ""tofer"": NaN, ""swfac"": 0.0, ""nstres"": 0.0}",0.0,0.0,176.1196517944336,0.0,0.3637619018554687,0.0,,0.0,0.0,0.0,0.0,25.07581481933594,25.07581481933594,Leave_One_experiments/all_year_offline_schedule_search/daily_outputs/FQA/FQA_2019_FQA2019_stress_grid_S0001_daily.csv
FQA,FQA,Fengqiu,2019,Leave_One_experiments\wth_generated_qc\FQA\FQA2019.WTH,dry_year;water_stress_year;nitrogen_stress_year,water_stress,FQA2019_stress_grid_S0001,low_input_within_10pct_yield,2019-07-11,192,36,31,"{""sim_day"": 36.0, ""doy"": 192.0, ""topwt"": 199.5039176940918, ""grnwt"": 0.0, ""xlai"": 0.4055043458938598, ""totir"": 0.0, ""tofer"": NaN, ""swfac"": 0.0, ""nstres"": 0.0}",0.0,0.0,199.5039176940918,0.0,0.4055043458938598,0.0,,0.0,0.0,0.0,0.0,25.07581481933594,25.07581481933594,Leave_One_experiments/all_year_offline_schedule_search/daily_outputs/FQA/FQA_2019_FQA2019_stress_grid_S0001_daily.csv
FQA,FQA,Fengqiu,2019,Leave_One_experiments\wth_generated_qc\FQA\FQA2019.WTH,dry_year;water_stress_year;nitrogen_stress_year,water_stress,FQA2019_stress_grid_S0001,low_input_within_10pct_yield,2019-07-12,193,37,32,"{""sim_day"": 37.0, ""doy"": 193.0, ""topwt"": 228.47091674804688, ""grnwt"": 0.0, ""xlai"": 0.4551140964031219, ""totir"": 0.0, ""tofer"": NaN, ""swfac"": 0.0, ""nstres"": 0.0}",0.0,0.0,228.47091674804688,0.0,0.4551140964031219,0.0,,0.0,0.0,0.0,0.0,25.07581481933594,25.07581481933594,Leave_One_experiments/all_year_offline_schedule_search/daily_outputs/FQA/FQA_2019_FQA2019_stress_grid_S0001_daily.csv
FQA,FQA,Fengqiu,2019,Leave_One_experiments\wth_generated_qc\FQA\FQA2019.WTH,dry_year;water_stress_year;nitrogen_stress_year,water_stress,FQA2019_stress_grid_S0001,low_input_within_10pct_yield,2019-07-13,194,38,33,"{""sim_day"": 38.0, ""doy"": 194.0, ""topwt"": 261.7229461669922, ""grnwt"": 0.0, ""xlai"": 0.5095607042312622, ""totir"": 0.0, ""tofer"": NaN, ""swfac"": 0.0, ""nstres"": 0.0}",0.0,0.0,261.7229461669922,0.0,0.5095607042312622,0.0,,0.0,0.0,0.0,0.0,25.07581481933594,25.07581481933594,Leave_One_experiments/all_year_offline_schedule_search/daily_outputs/FQA/FQA_2019_FQA2019_stress_grid_S0001_daily.csv
FQA,FQA,Fengqiu,2019,Leave_One_experiments\wth_generated_qc\FQA\FQA2019.WTH,dry_year;water_stress_year;nitrogen_stress_year,water_stress,FQA2019_stress_grid_S0001,low_input_within_10pct_yield,2019-07-14,195,39,34,"{""sim_day"": 39.0, ""doy"": 195.0, ""topwt"": 299.8326301574707, ""grnwt"": 0.0, ""xlai"": 0.5690786242485046, ""totir"": 0.0, ""tofer"": NaN, ""swfac"": 0.0, ""nstres"": 0.0}",0.0,0.0,299.8326301574707,0.0,0.5690786242485046,0.0,,0.0,0.0,0.0,0.0,25.07581481933594,25.07581481933594,Leave_One_experiments/all_year_offline_schedule_search/daily_outputs/FQA/FQA_2019_FQA2019_stress_grid_S0001_daily.csv
FQA,FQA,Fengqiu,2019,Leave_One_experiments\wth_generated_qc\FQA\FQA2019.WTH,dry_year;water_stress_year;nitrogen_stress_year,water_stress,FQA2019_stress_grid_S0001,low_input_within_10pct_yield,2019-07-15,196,40,35,"{""sim_day"": 40.0, ""doy"": 196.0, ""topwt"": 341.1739730834961, ""grnwt"": 0.0, ""xlai"": 0.6306312680244446, ""totir"": 0.0, ""tofer"": NaN, ""swfac"": 0.0, ""nstres"": 0.0}",0.0,0.0,341.1739730834961,0.0,0.6306312680244446,0.0,,0.0,0.0,0.0,0.0,25.07581481933594,25.07581481933594,Leave_One_experiments/all_year_offline_schedule_search/daily_outputs/FQA/FQA_2019_FQA2019_stress_grid_S0001_daily.csv
FQA,FQA,Fengqiu,2019,Leave_One_experiments\wth_generated_qc\FQA\FQA2019.WTH,dry_year;water_stress_year;nitrogen_stress_year,water_stress,FQA2019_stress_grid_S0001,low_input_within_10pct_yield,2019-07-16,197,41,36,"{""sim_day"": 41.0, ""doy"": 197.0, ""topwt"": 386.1740493774414, ""grnwt"": 0.0, ""xlai"": 0.6945136785507202, ""totir"": 0.0, ""tofer"": NaN, ""swfac"": 0.0, ""nstres"": 0.0}",0.0,0.0,386.1740493774414,0.0,0.6945136785507202,0.0,,0.0,0.0,0.0,0.0,25.07581481933594,25.07581481933594,Leave_One_experiments/all_year_offline_schedule_search/daily_outputs/FQA/FQA_2019_FQA2019_stress_grid_S0001_daily.csv
FQA,FQA,Fengqiu,2019,Leave_One_experiments\wth_generated_qc\FQA\FQA2019.WTH,dry_year;water_stress_year;nitrogen_stress_year,water_stress,FQA2019_stress_grid_S0001,low_input_within_10pct_yield,2019-07-17,198,42,37,"{""sim_day"": 42.0, ""doy"": 198.0, ""topwt"": 436.20361328125, ""grnwt"": 0.0, ""xlai"": 0.762185275554657, ""totir"": 0.0, ""tofer"": NaN, ""swfac"": 0.0, ""nstres"": 0.0}",0.0,0.0,436.20361328125,0.0,0.762185275554657,0.0,,0.0,0.0,0.0,0.0,25.07581481933594,25.07581481933594,Leave_One_experiments/all_year_offline_schedule_search/daily_outputs/FQA/FQA_2019_FQA2019_stress_grid_S0001_daily.csv
FQA,FQA,Fengqiu,2019,Leave_One_experiments\wth_generated_qc\FQA\FQA2019.WTH,dry_year;water_stress_year;nitrogen_stress_year,water_stress,FQA2019_stress_grid_S0001,low_input_within_10pct_yield,2019-07-18,199,43,38,"{""sim_day"": 43.0, ""doy"": 199.0, ""topwt"": 494.974250793457, ""grnwt"": 0.0, ""xlai"": 0.837710440158844, ""totir"": 0.0, ""tofer"": NaN, ""swfac"": 0.0, ""nstres"": 0.0}",0.0,0.0,494.974250793457,0.0,0.837710440158844,0.0,,0.0,0.0,0.0,0.0,25.07581481933594,25.07581481933594,Leave_One_experiments/all_year_offline_schedule_search/daily_outputs/FQA/FQA_2019_FQA2019_stress_grid_S0001_daily.csv
FQA,FQA,Fengqiu,2019,Leave_One_experiments\wth_generated_qc\FQA\FQA2019.WTH,dry_year;water_stress_year;nitrogen_stress_year,water_stress,FQA2019_stress_grid_S0001,low_input_within_10pct_yield,2019-07-19,200,44,39,"{""sim_day"": 44.0, ""doy"": 200.0, ""topwt"": 563.917350769043, ""grnwt"": 0.0, ""xlai"": 0.9211745858192444, ""totir"": 0.0, ""tofer"": NaN, ""swfac"": 0.0, ""nstres"": 0.0034670829772949}",0.0,0.0034670829772949,563.917350769043,0.0,0.9211745858192444,0.0,,0.0,0.0,0.0,0.0,25.07581481933594,25.07581481933594,Leave_One_experiments/all_year_offline_schedule_search/daily_outputs/FQA/FQA_2019_FQA2019_stress_grid_S0001_daily.csv
FQA,FQA,Fengqiu,2019,Leave_One_experiments\wth_generated_qc\FQA\FQA2019.WTH,dry_year;water_stress_year;nitrogen_stress_year,water_stress,FQA2019_stress_grid_S0001,low_input_within_10pct_yield,2019-07-20,201,45,40,"{""sim_day"": 45.0, ""doy"": 201.0, ""topwt"": 635.3541946411133, ""grnwt"": 0.0, ""xlai"": 0.9972877502441406, ""totir"": 0.0, ""tofer"": NaN, ""swfac"": 0.0, ""nstres"": 0.0477759838104248}",0.0,0.0477759838104248,635.3541946411133,0.0,0.9972877502441406,0.0,,0.0,0.0,0.0,0.0,25.07581481933594,25.07581481933594,Leave_One_experiments/all_year_offline_schedule_search/daily_outputs/FQA/FQA_2019_FQA2019_stress_grid_S0001_daily.csv
FQA,FQA,Fengqiu,2019,Leave_One_experiments\wth_generated_qc\FQA\FQA2019.WTH,dry_year;water_stress_year;nitrogen_stress_year,water_stress,FQA2019_stress_grid_S0001,low_input_within_10pct_yield,2019-07-21,202,46,41,"{""sim_day"": 46.0, ""doy"": 202.0, ""topwt"": 707.0335388183594, ""grnwt"": 0.0, ""xlai"": 1.063116431236267, ""totir"": 0.0, ""tofer"": NaN, ""swfac"": 0.0, ""nstres"": 0.0896339416503906}",0.0,0.0896339416503906,707.0335388183594,0.0,1.063116431236267,0.0,,0.0,0.0,0.0,0.0,25.07581481933594,25.07581481933594,Leave_One_experiments/all_year_offline_schedule_search/daily_outputs/FQA/FQA_2019_FQA2019_stress_grid_S0001_daily.csv
FQA,FQA,Fengqiu,2019,Leave_One_experiments\wth_generated_qc\FQA\FQA2019.WTH,dry_year;water_stress_year;nitrogen_stress_year,water_stress,FQA2019_stress_grid_S0001,low_input_within_10pct_yield,2019-07-22,203,47,42,"{""sim_day"": 47.0, ""doy"": 203.0, ""topwt"": 778.7950134277344, ""grnwt"": 0.0, ""xlai"": 1.1193848848342896, ""totir"": 0.0, ""tofer"": NaN, ""swfac"": 0.0, ""nstres"": 0.1231167316436767}",0.0,0.1231167316436767,778.7950134277344,0.0,1.1193848848342896,0.0,,0.0,0.0,0.0,0.0,25.07581481933594,25.07581481933594,Leave_One_experiments/all_year_offline_schedule_search/daily_outputs/FQA/FQA_2019_FQA2019_stress_grid_S0001_daily.csv
FQA,FQA,Fengqiu,2019,Leave_One_experiments\wth_generated_qc\FQA\FQA2019.WTH,dry_year;water_stress_year;nitrogen_stress_year,water_stress,FQA2019_stress_grid_S0001,low_input_within_10pct_yield,2019-07-23,204,48,43,"{""sim_day"": 48.0, ""doy"": 204.0, ""topwt"": 851.2374114990234, ""grnwt"": 0.0, ""xlai"": 1.1677137613296509, ""totir"": 0.0, ""tofer"": NaN, ""swfac"": 0.0, ""nstres"": 0.1491333246231079}",0.0,0.1491333246231079,851.2374114990234,0.0,1.1677137613296509,0.0,,0.0,0.0,0.0,0.0,25.07581481933594,25.07581481933594,Leave_One_experiments/all_year_offline_schedule_search/daily_outputs/FQA/FQA_2019_FQA2019_stress_grid_S0001_daily.csv
FQA,FQA,Fengqiu,2019,Leave_One_experiments\wth_generated_qc\FQA\FQA2019.WTH,dry_year;water_stress_year;nitrogen_stress_year,water_stress,FQA2019_stress_grid_S0001,low_input_within_10pct_yield,2019-07-24,205,49,44,"{""sim_day"": 49.0, ""doy"": 205.0, ""topwt"": 922.5373077392578, ""grnwt"": 0.0, ""xlai"": 1.2073616981506348, ""totir"": 0.0, ""tofer"": NaN, ""swfac"": 0.0, ""nstres"": 0.1699068546295166}",0.0,0.1699068546295166,922.5373077392578,0.0,1.2073616981506348,0.0,,0.0,0.0,0.0,0.0,25.07581481933594,25.07581481933594,Leave_One_experiments/all_year_offline_schedule_search/daily_outputs/FQA/FQA_2019_FQA2019_stress_grid_S0001_daily.csv
FQA,FQA,Fengqiu,2019,Leave_One_experiments\wth_generated_qc\FQA\FQA2019.WTH,dry_year;water_stress_year;nitrogen_stress_year,water_stress,FQA2019_stress_grid_S0001,low_input_within_10pct_yield,2019-07-25,206,50,45,"{""sim_day"": 50.0, ""doy"": 206.0, ""topwt"": 992.7497863769532, ""grnwt"": 0.0, ""xlai"": 1.2394050359725952, ""totir"": 0.0, ""tofer"": NaN, ""swfac"": 0.0, ""nstres"": 0.1867323517799377}",0.0,0.1867323517799377,992.7497863769532,0.0,1.2394050359725952,0.0,,0.0,0.0,0.0,0.0,25.07581481933594,25.07581481933594,Leave_One_experiments/all_year_offline_schedule_search/daily_outputs/FQA/FQA_2019_FQA2019_stress_grid_S0001_daily.csv
FQA,FQA,Fengqiu,2019,Leave_One_experiments\wth_generated_qc\FQA\FQA2019.WTH,dry_year;water_stress_year;nitrogen_stress_year,water_stress,FQA2019_stress_grid_S0001,low_input_within_10pct_yield,2019-07-26,207,51,46,"{""sim_day"": 51.0, ""doy"": 207.0, ""topwt"": 1143.9402770996094, ""grnwt"": 0.0, ""xlai"": 1.2632145881652832, ""totir"": 0.0, ""tofer"": NaN, ""swfac"": 0.0, ""nstres"": 0.2015151977539062}",0.0,0.2015151977539062,1143.9402770996094,0.0,1.2632145881652832,0.0,,0.0,0.0,0.0,0.0,25.07581481933594,25.07581481933594,Leave_One_experiments/all_year_offline_schedule_search/daily_outputs/FQA/FQA_2019_FQA2019_stress_grid_S0001_daily.csv
FQA,FQA,Fengqiu,2019,Leave_One_experiments\wth_generated_qc\FQA\FQA2019.WTH,dry_year;water_stress_year;nitrogen_stress_year,water_stress,FQA2019_stress_grid_S0001,low_input_within_10pct_yield,2019-07-27,208,52,47,"{""sim_day"": 52.0, ""doy"": 208.0, ""topwt"": 1290.4693603515625, ""grnwt"": 0.0, ""xlai"": 1.2794212102890017, ""totir"": 0.0, ""tofer"": NaN, ""swfac"": 0.0, ""nstres"": 0.2327156662940979}",0.0,0.2327156662940979,1290.4693603515625,0.0,1.2794212102890017,0.0,,0.0,0.0,0.0,0.0,25.07581481933594,25.07581481933594,Leave_One_experiments/all_year_offline_schedule_search/daily_outputs/FQA/FQA_2019_FQA2019_stress_grid_S0001_daily.csv
FQA,FQA,Fengqiu,2019,Leave_One_experiments\wth_generated_qc\FQA\FQA2019.WTH,dry_year;water_stress_year;nitrogen_stress_year,water_stress,FQA2019_stress_grid_S0001,low_input_within_10pct_yield,2019-07-28,209,53,48,"{""sim_day"": 53.0, ""doy"": 209.0, ""topwt"": 1414.145965576172, ""grnwt"": 0.0, ""xlai"": 1.2801851034164429, ""totir"": 0.0, ""tofer"": NaN, ""swfac"": 0.0, ""nstres"": 0.3199488520622253}",0.0,0.3199488520622253,1414.145965576172,0.0,1.2801851034164429,0.0,,0.0,0.0,0.0,0.0,25.07581481933594,25.07581481933594,Leave_One_experiments/all_year_offline_schedule_search/daily_outputs/FQA/FQA_2019_FQA2019_stress_grid_S0001_daily.csv
FQA,FQA,Fengqiu,2019,Leave_One_experiments\wth_generated_qc\FQA\FQA2019.WTH,dry_year;water_stress_year;nitrogen_stress_year,water_stress,FQA2019_stress_grid_S0001,low_input_within_10pct_yield,2019-07-29,210,54,49,"{""sim_day"": 54.0, ""doy"": 210.0, ""topwt"": 1509.6028137207031, ""grnwt"": 0.0, ""xlai"": 1.2670438289642334, ""totir"": 0.0, ""tofer"": NaN, ""swfac"": 0.0, ""nstres"": 0.3836309909820556}",0.0,0.3836309909820556,1509.6028137207031,0.0,1.2670438289642334,0.0,,0.0,0.0,0.0,0.0,25.07581481933594,25.07581481933594,Leave_One_experiments/all_year_offline_schedule_search/daily_outputs/FQA/FQA_2019_FQA2019_stress_grid_S0001_daily.csv
FQA,FQA,Fengqiu,2019,Leave_One_experiments\wth_generated_qc\FQA\FQA2019.WTH,dry_year;water_stress_year;nitrogen_stress_year,water_stress,FQA2019_stress_grid_S0001,low_input_within_10pct_yield,2019-07-30,211,55,50,"{""sim_day"": 55.0, ""doy"": 211.0, ""topwt"": 1598.003387451172, ""grnwt"": 0.0, ""xlai"": 1.249914526939392, ""totir"": 0.0, ""tofer"": NaN, ""swfac"": 0.0, ""nstres"": 0.4051045179367065}",0.0,0.4051045179367065,1598.003387451172,0.0,1.249914526939392,0.0,,0.0,0.0,0.0,0.0,25.07581481933594,25.07581481933594,Leave_One_experiments/all_year_offline_schedule_search/daily_outputs/FQA/FQA_2019_FQA2019_stress_grid_S0001_daily.csv
FQA,FQA,Fengqiu,2019,Leave_One_experiments\wth_generated_qc\FQA\FQA2019.WTH,dry_year;water_stress_year;nitrogen_stress_year,water_stress,FQA2019_stress_grid_S0001,low_input_within_10pct_yield,2019-07-31,212,56,51,"{""sim_day"": 56.0, ""doy"": 212.0, ""topwt"": 1680.6617736816406, ""grnwt"": 0.0, ""xlai"": 1.2301959991455078, ""totir"": 0.0, ""tofer"": NaN, ""swfac"": 0.0, ""nstres"": 0.4165059328079223}",0.0,0.4165059328079223,1680.6617736816406,0.0,1.2301959991455078,0.0,,0.0,0.0,0.0,0.0,25.07581481933594,25.07581481933594,Leave_One_experiments/all_year_offline_schedule_search/daily_outputs/FQA/FQA_2019_FQA2019_stress_grid_S0001_daily.csv
FQA,FQA,Fengqiu,2019,Leave_One_experiments\wth_generated_qc\FQA\FQA2019.WTH,dry_year;water_stress_year;nitrogen_stress_year,water_stress,FQA2019_stress_grid_S0001,low_input_within_10pct_yield,2019-08-01,213,57,52,"{""sim_day"": 57.0, ""doy"": 213.0, ""topwt"": 1752.1711730957031, ""grnwt"": 0.0, ""xlai"": 1.206855297088623, ""totir"": 0.0, ""tofer"": NaN, ""swfac"": 0.0, ""nstres"": 0.4273232221603393}",0.0,0.4273232221603393,1752.1711730957031,0.0,1.206855297088623,0.0,,0.0,0.0,0.0,0.0,25.07581481933594,25.07581481933594,Leave_One_experiments/all_year_offline_schedule_search/daily_outputs/FQA/FQA_2019_FQA2019_stress_grid_S0001_daily.csv
FQA,FQA,Fengqiu,2019,Leave_One_experiments\wth_generated_qc\FQA\FQA2019.WTH,dry_year;water_stress_year;nitrogen_stress_year,water_stress,FQA2019_stress_grid_S0001,low_input_within_10pct_yield,2019-08-02,214,58,53,"{""sim_day"": 58.0, ""doy"": 214.0, ""topwt"": 1826.0092163085935, ""grnwt"": 0.0, ""xlai"": 1.1839759349822998, ""totir"": 0.0, ""tofer"": NaN, ""swfac"": 0.0, ""nstres"": 0.4343191385269165}",0.0,0.4343191385269165,1826.0092163085935,0.0,1.1839759349822998,0.0,,0.0,0.0,0.0,0.0,25.07581481933594,25.07581481933594,Leave_One_experiments/all_year_offline_schedule_search/daily_outputs/FQA/FQA_2019_FQA2019_stress_grid_S0001_daily.csv
FQA,FQA,Fengqiu,2019,Leave_One_experiments\wth_generated_qc\FQA\FQA2019.WTH,dry_year;water_stress_year;nitrogen_stress_year,water_stress,FQA2019_stress_grid_S0001,low_input_within_10pct_yield,2019-08-03,215,59,54,"{""sim_day"": 59.0, ""doy"": 215.0, ""topwt"": 1901.1766052246091, ""grnwt"": 0.0, ""xlai"": 1.1614134311676023, ""totir"": 0.0, ""tofer"": NaN, ""swfac"": 0.0, ""nstres"": 0.4390759468078613}",0.0,0.4390759468078613,1901.1766052246091,0.0,1.1614134311676023,0.0,,0.0,0.0,0.0,0.0,25.07581481933594,25.07581481933594,Leave_One_experiments/all_year_offline_schedule_search/daily_outputs/FQA/FQA_2019_FQA2019_stress_grid_S0001_daily.csv
FQA,FQA,Fengqiu,2019,Leave_One_experiments\wth_generated_qc\FQA\FQA2019.WTH,dry_year;water_stress_year;nitrogen_stress_year,water_stress,FQA2019_stress_grid_S0001,low_input_within_10pct_yield,2019-08-04,216,60,55,"{""sim_day"": 60.0, ""doy"": 216.0, ""topwt"": 1976.9039916992188, ""grnwt"": 0.0, ""xlai"": 1.1396702527999878, ""totir"": 0.0, ""tofer"": NaN, ""swfac"": 0.0, ""nstres"": 0.4410693645477295}",0.0,0.4410693645477295,1976.9039916992188,0.0,1.1396702527999878,0.0,,0.0,0.0,0.0,0.0,25.07581481933594,25.07581481933594,Leave_One_experiments/all_year_offline_schedule_search/daily_outputs/FQA/FQA_2019_FQA2019_stress_grid_S0001_daily.csv
FQA,FQA,Fengqiu,2019,Leave_One_experiments\wth_generated_qc\FQA\FQA2019.WTH,dry_year;water_stress_year;nitrogen_stress_year,water_stress,FQA2019_stress_grid_S0001,low_input_within_10pct_yield,2019-08-05,217,61,56,"{""sim_day"": 61.0, ""doy"": 217.0, ""topwt"": 2040.208740234375, ""grnwt"": 0.0, ""xlai"": 1.115159511566162, ""totir"": 0.0, ""tofer"": NaN, ""swfac"": 0.0, ""nstres"": 0.4486966729164123}",0.0,0.4486966729164123,2040.208740234375,0.0,1.115159511566162,0.0,,0.0,0.0,0.0,0.0,25.07581481933594,25.07581481933594,Leave_One_experiments/all_year_offline_schedule_search/daily_outputs/FQA/FQA_2019_FQA2019_stress_grid_S0001_daily.csv
FQA,FQA,Fengqiu,2019,Leave_One_experiments\wth_generated_qc\FQA\FQA2019.WTH,dry_year;water_stress_year;nitrogen_stress_year,water_stress,FQA2019_stress_grid_S0001,low_input_within_10pct_yield,2019-08-06,218,62,57,"{""sim_day"": 62.0, ""doy"": 218.0, ""topwt"": 2106.204376220703, ""grnwt"": 0.0, ""xlai"": 1.0920530557632446, ""totir"": 0.0, ""tofer"": NaN, ""swfac"": 0.0, ""nstres"": 0.451542854309082}",0.0,0.451542854309082,2106.204376220703,0.0,1.0920530557632446,0.0,,0.0,0.0,0.0,0.0,25.07581481933594,25.07581481933594,Leave_One_experiments/all_year_offline_schedule_search/daily_outputs/FQA/FQA_2019_FQA2019_stress_grid_S0001_daily.csv
FQA,FQA,Fengqiu,2019,Leave_One_experiments\wth_generated_qc\FQA\FQA2019.WTH,dry_year;water_stress_year;nitrogen_stress_year,water_stress,FQA2019_stress_grid_S0001,low_input_within_10pct_yield,2019-08-07,219,63,58,"{""sim_day"": 63.0, ""doy"": 219.0, ""topwt"": 2175.1588439941406, ""grnwt"": 0.0, ""xlai"": 1.0704753398895264, ""totir"": 0.0, ""tofer"": NaN, ""swfac"": 0.0, ""nstres"": 0.452183187007904}",0.0,0.452183187007904,2175.1588439941406,0.0,1.0704753398895264,0.0,,0.0,0.0,0.0,0.0,25.07581481933594,25.07581481933594,Leave_One_experiments/all_year_offline_schedule_search/daily_outputs/FQA/FQA_2019_FQA2019_stress_grid_S0001_daily.csv
FQA,FQA,Fengqiu,2019,Leave_One_experiments\wth_generated_qc\FQA\FQA2019.WTH,dry_year;water_stress_year;nitrogen_stress_year,water_stress,FQA2019_stress_grid_S0001,low_input_within_10pct_yield,2019-08-08,220,64,59,"{""sim_day"": 64.0, ""doy"": 220.0, ""topwt"": 2249.747009277344, ""grnwt"": 0.0, ""xlai"": 1.0510417222976685, ""totir"": 0.0, ""tofer"": NaN, ""swfac"": 0.0, ""nstres"": 0.4529645442962646}",0.0,0.4529645442962646,2249.747009277344,0.0,1.0510417222976685,0.0,,0.0,0.0,0.0,0.0,25.07581481933594,25.07581481933594,Leave_One_experiments/all_year_offline_schedule_search/daily_outputs/FQA/FQA_2019_FQA2019_stress_grid_S0001_daily.csv
FQA,FQA,Fengqiu,2019,Leave_One_experiments\wth_generated_qc\FQA\FQA2019.WTH,dry_year;water_stress_year;nitrogen_stress_year,water_stress,FQA2019_stress_grid_S0001,low_input_within_10pct_yield,2019-08-09,221,65,60,"{""sim_day"": 65.0, ""doy"": 221.0, ""topwt"": 2284.740295410156, ""grnwt"": 0.0, ""xlai"": 1.0224802494049072, ""totir"": 0.0, ""tofer"": NaN, ""swfac"": 0.0, ""nstres"": 0.4482343792915344}",0.0,0.4482343792915344,2284.740295410156,0.0,1.0224802494049072,0.0,,0.0,0.0,0.0,0.0,25.07581481933594,25.07581481933594,Leave_One_experiments/all_year_offline_schedule_search/daily_outputs/FQA/FQA_2019_FQA2019_stress_grid_S0001_daily.csv
FQA,FQA,Fengqiu,2019,Leave_One_experiments\wth_generated_qc\FQA\FQA2019.WTH,dry_year;water_stress_year;nitrogen_stress_year,water_stress,FQA2019_stress_grid_S0001,low_input_within_10pct_yield,2019-08-10,222,66,61,"{""sim_day"": 66.0, ""doy"": 222.0, ""topwt"": 2324.312286376953, ""grnwt"": 0.0, ""xlai"": 0.9963550567626952, ""totir"": 0.0, ""tofer"": NaN, ""swfac"": 0.0, ""nstres"": 0.4419233798980713}",0.0,0.4419233798980713,2324.312286376953,0.0,0.9963550567626952,0.0,,0.0,0.0,0.0,0.0,25.07581481933594,25.07581481933594,Leave_One_experiments/all_year_offline_schedule_search/daily_outputs/FQA/FQA_2019_FQA2019_stress_grid_S0001_daily.csv
FQA,FQA,Fengqiu,2019,Leave_One_experiments\wth_generated_qc\FQA\FQA2019.WTH,dry_year;water_stress_year;nitrogen_stress_year,water_stress,FQA2019_stress_grid_S0001,low_input_within_10pct_yield,2019-08-11,223,67,62,"{""sim_day"": 67.0, ""doy"": 223.0, ""topwt"": 2369.886474609375, ""grnwt"": 0.0, ""xlai"": 0.9728505611419678, ""totir"": 0.0, ""tofer"": NaN, ""swfac"": 0.0, ""nstres"": 0.4374117255210876}",0.0,0.4374117255210876,2369.886474609375,0.0,0.9728505611419678,0.0,,0.0,0.0,0.0,0.0,25.07581481933594,25.07581481933594,Leave_One_experiments/all_year_offline_schedule_search/daily_outputs/FQA/FQA_2019_FQA2019_stress_grid_S0001_daily.csv
FQA,FQA,Fengqiu,2019,Leave_One_experiments\wth_generated_qc\FQA\FQA2019.WTH,dry_year;water_stress_year;nitrogen_stress_year,water_stress,FQA2019_stress_grid_S0001,low_input_within_10pct_yield,2019-08-12,224,68,63,"{""sim_day"": 68.0, ""doy"": 224.0, ""topwt"": 2473.8502502441406, ""grnwt"": 0.0, ""xlai"": 0.9392051696777344, ""totir"": 0.0, ""tofer"": NaN, ""swfac"": 0.0, ""nstres"": 0.4300247430801391}",0.0,0.4300247430801391,2473.8502502441406,0.0,0.9392051696777344,0.0,,0.0,0.0,0.0,0.0,25.07581481933594,25.07581481933594,Leave_One_experiments/all_year_offline_schedule_search/daily_outputs/FQA/FQA_2019_FQA2019_stress_grid_S0001_daily.csv
FQA,FQA,Fengqiu,2019,Leave_One_experiments\wth_generated_qc\FQA\FQA2019.WTH,dry_year;water_stress_year;nitrogen_stress_year,water_stress,FQA2019_stress_grid_S0001,low_input_within_10pct_yield,2019-08-13,225,69,64,"{""sim_day"": 69.0, ""doy"": 225.0, ""topwt"": 2572.7252197265625, ""grnwt"": 0.0, ""xlai"": 0.9073225259780884, ""totir"": 0.0, ""tofer"": NaN, ""swfac"": 0.0, ""nstres"": 0.4147127270698547}",0.0,0.4147127270698547,2572.7252197265625,0.0,0.9073225259780884,0.0,,0.0,0.0,0.0,0.0,25.07581481933594,25.07581481933594,Leave_One_experiments/all_year_offline_schedule_search/daily_outputs/FQA/FQA_2019_FQA2019_stress_grid_S0001_daily.csv
FQA,FQA,Fengqiu,2019,Leave_One_experiments\wth_generated_qc\FQA\FQA2019.WTH,dry_year;water_stress_year;nitrogen_stress_year,water_stress,FQA2019_stress_grid_S0001,low_input_within_10pct_yield,2019-08-14,226,70,65,"{""sim_day"": 70.0, ""doy"": 226.0, ""topwt"": 2687.474975585937, ""grnwt"": 0.0, ""xlai"": 0.8763328790664673, ""totir"": 0.0, ""tofer"": NaN, ""swfac"": 0.0, ""nstres"": 0.4197216629981994}",0.0,0.4197216629981994,2687.474975585937,0.0,0.8763328790664673,0.0,,0.0,0.0,0.0,0.0,25.07581481933594,25.07581481933594,Leave_One_experiments/all_year_offline_schedule_search/daily_outputs/FQA/FQA_2019_FQA2019_stress_grid_S0001_daily.csv
FQA,FQA,Fengqiu,2019,Leave_One_experiments\wth_generated_qc\FQA\FQA2019.WTH,dry_year;water_stress_year;nitrogen_stress_year,water_stress,FQA2019_stress_grid_S0001,low_input_within_10pct_yield,2019-08-15,227,71,66,"{""sim_day"": 71.0, ""doy"": 227.0, ""topwt"": 2787.3617553710938, ""grnwt"": 0.0, ""xlai"": 0.846412181854248, ""totir"": 0.0, ""tofer"": NaN, ""swfac"": 0.0, ""nstres"": 0.41943359375}",0.0,0.41943359375,2787.3617553710938,0.0,0.846412181854248,0.0,,0.0,0.0,0.0,0.0,25.07581481933594,25.07581481933594,Leave_One_experiments/all_year_offline_schedule_search/daily_outputs/FQA/FQA_2019_FQA2019_stress_grid_S0001_daily.csv
FQA,FQA,Fengqiu,2019,Leave_One_experiments\wth_generated_qc\FQA\FQA2019.WTH,dry_year;water_stress_year;nitrogen_stress_year,water_stress,FQA2019_stress_grid_S0001,low_input_within_10pct_yield,2019-08-16,228,72,67,"{""sim_day"": 72.0, ""doy"": 228.0, ""topwt"": 2889.559936523437, ""grnwt"": 0.0, ""xlai"": 0.8175290822982788, ""totir"": 0.0, ""tofer"": NaN, ""swfac"": 0.0, ""nstres"": 0.4189785718917846}",0.0,0.4189785718917846,2889.559936523437,0.0,0.8175290822982788,0.0,,0.0,0.0,0.0,0.0,25.07581481933594,25.07581481933594,Leave_One_experiments/all_year_offline_schedule_search/daily_outputs/FQA/FQA_2019_FQA2019_stress_grid_S0001_daily.csv
FQA,FQA,Fengqiu,2019,Leave_One_experiments\wth_generated_qc\FQA\FQA2019.WTH,dry_year;water_stress_year;nitrogen_stress_year,water_stress,FQA2019_stress_grid_S0001,low_input_within_10pct_yield,2019-08-17,229,73,68,"{""sim_day"": 73.0, ""doy"": 229.0, ""topwt"": 2985.60302734375, ""grnwt"": 0.0, ""xlai"": 0.7898352146148682, ""totir"": 0.0, ""tofer"": NaN, ""swfac"": 0.0, ""nstres"": 0.4130025506019592}",0.0,0.4130025506019592,2985.60302734375,0.0,0.7898352146148682,0.0,,0.0,0.0,0.0,0.0,25.07581481933594,25.07581481933594,Leave_One_experiments/all_year_offline_schedule_search/daily_outputs/FQA/FQA_2019_FQA2019_stress_grid_S0001_daily.csv
FQA,FQA,Fengqiu,2019,Leave_One_experiments\wth_generated_qc\FQA\FQA2019.WTH,dry_year;water_stress_year;nitrogen_stress_year,water_stress,FQA2019_stress_grid_S0001,low_input_within_10pct_yield,2019-08-18,230,74,69,"{""sim_day"": 74.0, ""doy"": 230.0, ""topwt"": 3076.307373046875, ""grnwt"": 0.0, ""xlai"": 0.7633156776428223, ""totir"": 0.0, ""tofer"": NaN, ""swfac"": 0.0, ""nstres"": 0.4058242440223694}",0.0,0.4058242440223694,3076.307373046875,0.0,0.7633156776428223,0.0,,0.0,0.0,0.0,0.0,25.07581481933594,25.07581481933594,Leave_One_experiments/all_year_offline_schedule_search/daily_outputs/FQA/FQA_2019_FQA2019_stress_grid_S0001_daily.csv
FQA,FQA,Fengqiu,2019,Leave_One_experiments\wth_generated_qc\FQA\FQA2019.WTH,dry_year;water_stress_year;nitrogen_stress_year,water_stress,FQA2019_stress_grid_S0001,low_input_within_10pct_yield,2019-08-19,231,75,70,"{""sim_day"": 75.0, ""doy"": 231.0, ""topwt"": 3157.7264404296875, ""grnwt"": 0.0, ""xlai"": 0.7379739284515381, ""totir"": 0.0, ""tofer"": NaN, ""swfac"": 0.0, ""nstres"": 0.3967899084091186}",0.0,0.3967899084091186,3157.7264404296875,0.0,0.7379739284515381,0.0,,0.0,0.0,0.0,0.0,25.07581481933594,25.07581481933594,Leave_One_experiments/all_year_offline_schedule_search/daily_outputs/FQA/FQA_2019_FQA2019_stress_grid_S0001_daily.csv
FQA,FQA,Fengqiu,2019,Leave_One_experiments\wth_generated_qc\FQA\FQA2019.WTH,dry_year;water_stress_year;nitrogen_stress_year,water_stress,FQA2019_stress_grid_S0001,low_input_within_10pct_yield,2019-08-20,232,76,71,"{""sim_day"": 76.0, ""doy"": 232.0, ""topwt"": 3153.990478515625, ""grnwt"": 0.0, ""xlai"": 0.7137556672096252, ""totir"": 0.0, ""tofer"": NaN, ""swfac"": 0.0, ""nstres"": 0.387611985206604}",0.0,0.387611985206604,3153.990478515625,0.0,0.7137556672096252,0.0,,0.0,0.0,0.0,0.0,25.07581481933594,25.07581481933594,Leave_One_experiments/all_year_offline_schedule_search/daily_outputs/FQA/FQA_2019_FQA2019_stress_grid_S0001_daily.csv
FQA,FQA,Fengqiu,2019,Leave_One_experiments\wth_generated_qc\FQA\FQA2019.WTH,dry_year;water_stress_year;nitrogen_stress_year,water_stress,FQA2019_stress_grid_S0001,low_input_within_10pct_yield,2019-08-21,233,77,72,"{""sim_day"": 77.0, ""doy"": 233.0, ""topwt"": 3235.991516113281, ""grnwt"": 220.8692169189453, ""xlai"": 0.690760612487793, ""totir"": 0.0, ""tofer"": NaN, ""swfac"": 0.0, ""nstres"": 0.3732050061225891}",0.0,0.3732050061225891,3235.991516113281,220.8692169189453,0.690760612487793,0.0,,0.0,0.0,0.0,0.0,25.07581481933594,25.07581481933594,Leave_One_experiments/all_year_offline_schedule_search/daily_outputs/FQA/FQA_2019_FQA2019_stress_grid_S0001_daily.csv
FQA,FQA,Fengqiu,2019,Leave_One_experiments\wth_generated_qc\FQA\FQA2019.WTH,dry_year;water_stress_year;nitrogen_stress_year,water_stress,FQA2019_stress_grid_S0001,low_input_within_10pct_yield,2019-08-22,234,78,73,"{""sim_day"": 78.0, ""doy"": 234.0, ""topwt"": 3314.720458984375, ""grnwt"": 296.4434814453125, ""xlai"": 0.6672579050064087, ""totir"": 0.0, ""tofer"": NaN, ""swfac"": 0.0, ""nstres"": 0.4165852665901184}",0.0,0.4165852665901184,3314.720458984375,296.4434814453125,0.6672579050064087,0.0,,0.0,0.0,0.0,0.0,25.07581481933594,25.07581481933594,Leave_One_experiments/all_year_offline_schedule_search/daily_outputs/FQA/FQA_2019_FQA2019_stress_grid_S0001_daily.csv
FQA,FQA,Fengqiu,2019,Leave_One_experiments\wth_generated_qc\FQA\FQA2019.WTH,dry_year;water_stress_year;nitrogen_stress_year,water_stress,FQA2019_stress_grid_S0001,low_input_within_10pct_yield,2019-08-23,235,79,74,"{""sim_day"": 79.0, ""doy"": 235.0, ""topwt"": 3395.848999023437, ""grnwt"": 374.6237564086914, ""xlai"": 0.6459527015686035, ""totir"": 0.0, ""tofer"": NaN, ""swfac"": 0.0, ""nstres"": 0.3663065433502197}",0.0,0.3663065433502197,3395.848999023437,374.6237564086914,0.6459527015686035,0.0,,0.0,0.0,0.0,0.0,25.07581481933594,25.07581481933594,Leave_One_experiments/all_year_offline_schedule_search/daily_outputs/FQA/FQA_2019_FQA2019_stress_grid_S0001_daily.csv
FQA,FQA,Fengqiu,2019,Leave_One_experiments\wth_generated_qc\FQA\FQA2019.WTH,dry_year;water_stress_year;nitrogen_stress_year,water_stress,FQA2019_stress_grid_S0001,low_input_within_10pct_yield,2019-08-24,236,80,75,"{""sim_day"": 80.0, ""doy"": 236.0, ""topwt"": 3442.1954345703125, ""grnwt"": 458.01605224609375, ""xlai"": 0.625356137752533, ""totir"": 0.0, ""tofer"": NaN, ""swfac"": 0.0, ""nstres"": 0.3652545809745788}",0.0,0.3652545809745788,3442.1954345703125,458.01605224609375,0.625356137752533,0.0,,0.0,0.0,0.0,0.0,25.07581481933594,25.07581481933594,Leave_One_experiments/all_year_offline_schedule_search/daily_outputs/FQA/FQA_2019_FQA2019_stress_grid_S0001_daily.csv
FQA,FQA,Fengqiu,2019,Leave_One_experiments\wth_generated_qc\FQA\FQA2019.WTH,dry_year;water_stress_year;nitrogen_stress_year,water_stress,FQA2019_stress_grid_S0001,low_input_within_10pct_yield,2019-08-25,237,81,76,"{""sim_day"": 81.0, ""doy"": 237.0, ""topwt"": 3529.59716796875, ""grnwt"": 541.4083480834961, ""xlai"": 0.6054431200027466, ""totir"": 0.0, ""tofer"": NaN, ""swfac"": 0.0, ""nstres"": 0.3642224669456482}",0.0,0.3642224669456482,3529.59716796875,541.4083480834961,0.6054431200027466,0.0,,0.0,0.0,0.0,0.0,25.07581481933594,25.07581481933594,Leave_One_experiments/all_year_offline_schedule_search/daily_outputs/FQA/FQA_2019_FQA2019_stress_grid_S0001_daily.csv
FQA,FQA,Fengqiu,2019,Leave_One_experiments\wth_generated_qc\FQA\FQA2019.WTH,dry_year;water_stress_year;nitrogen_stress_year,water_stress,FQA2019_stress_grid_S0001,low_input_within_10pct_yield,2019-08-26,238,82,77,"{""sim_day"": 82.0, ""doy"": 238.0, ""topwt"": 3551.12548828125, ""grnwt"": 624.8006439208984, ""xlai"": 0.5864773392677307, ""totir"": 0.0, ""tofer"": NaN, ""swfac"": 0.0, ""nstres"": 0.3518106937408447}",0.0,0.3518106937408447,3551.12548828125,624.8006439208984,0.5864773392677307,0.0,,0.0,0.0,0.0,0.0,25.07581481933594,25.07581481933594,Leave_One_experiments/all_year_offline_schedule_search/daily_outputs/FQA/FQA_2019_FQA2019_stress_grid_S0001_daily.csv
FQA,FQA,Fengqiu,2019,Leave_One_experiments\wth_generated_qc\FQA\FQA2019.WTH,dry_year;water_stress_year;nitrogen_stress_year,water_stress,FQA2019_stress_grid_S0001,low_input_within_10pct_yield,2019-08-27,239,83,78,"{""sim_day"": 83.0, ""doy"": 239.0, ""topwt"": 3645.4443359375, ""grnwt"": 707.6717376708984, ""xlai"": 0.5680992007255554, ""totir"": 0.0, ""tofer"": NaN, ""swfac"": 0.0, ""nstres"": 0.3520761728286743}",0.0,0.3520761728286743,3645.4443359375,707.6717376708984,0.5680992007255554,0.0,,0.0,0.0,0.0,0.0,25.07581481933594,25.07581481933594,Leave_One_experiments/all_year_offline_schedule_search/daily_outputs/FQA/FQA_2019_FQA2019_stress_grid_S0001_daily.csv
FQA,FQA,Fengqiu,2019,Leave_One_experiments\wth_generated_qc\FQA\FQA2019.WTH,dry_year;water_stress_year;nitrogen_stress_year,water_stress,FQA2019_stress_grid_S0001,low_input_within_10pct_yield,2019-08-28,240,84,79,"{""sim_day"": 84.0, ""doy"": 240.0, ""topwt"": 3744.002075195313, ""grnwt"": 791.0639953613281, ""xlai"": 0.550793468952179, ""totir"": 0.0, ""tofer"": NaN, ""swfac"": 0.0, ""nstres"": 0.3311021327972412}",0.0,0.3311021327972412,3744.002075195313,791.0639953613281,0.550793468952179,0.0,,0.0,0.0,0.0,0.0,25.07581481933594,25.07581481933594,Leave_One_experiments/all_year_offline_schedule_search/daily_outputs/FQA/FQA_2019_FQA2019_stress_grid_S0001_daily.csv
FQA,FQA,Fengqiu,2019,Leave_One_experiments\wth_generated_qc\FQA\FQA2019.WTH,dry_year;water_stress_year;nitrogen_stress_year,water_stress,FQA2019_stress_grid_S0001,low_input_within_10pct_yield,2019-08-29,241,85,80,"{""sim_day"": 85.0, ""doy"": 241.0, ""topwt"": 3835.225830078125, ""grnwt"": 874.4563293457031, ""xlai"": 0.5337816476821899, ""totir"": 0.0, ""tofer"": NaN, ""swfac"": 0.0, ""nstres"": 0.3412654399871826}",0.0,0.3412654399871826,3835.225830078125,874.4563293457031,0.5337816476821899,0.0,,0.0,0.0,0.0,0.0,25.07581481933594,25.07581481933594,Leave_One_experiments/all_year_offline_schedule_search/daily_outputs/FQA/FQA_2019_FQA2019_stress_grid_S0001_daily.csv
FQA,FQA,Fengqiu,2019,Leave_One_experiments\wth_generated_qc\FQA\FQA2019.WTH,dry_year;water_stress_year;nitrogen_stress_year,water_stress,FQA2019_stress_grid_S0001,low_input_within_10pct_yield,2019-08-30,242,86,81,"{""sim_day"": 86.0, ""doy"": 242.0, ""topwt"": 3925.2105712890634, ""grnwt"": 957.848663330078, ""xlai"": 0.5170485377311707, ""totir"": 0.0, ""tofer"": NaN, ""swfac"": 0.0, ""nstres"": 0.3523592352867126}",0.0,0.3523592352867126,3925.2105712890634,957.848663330078,0.5170485377311707,0.0,,0.0,0.0,0.0,0.0,25.07581481933594,25.07581481933594,Leave_One_experiments/all_year_offline_schedule_search/daily_outputs/FQA/FQA_2019_FQA2019_stress_grid_S0001_daily.csv
FQA,FQA,Fengqiu,2019,Leave_One_experiments\wth_generated_qc\FQA\FQA2019.WTH,dry_year;water_stress_year;nitrogen_stress_year,water_stress,FQA2019_stress_grid_S0001,low_input_within_10pct_yield,2019-08-31,243,87,82,"{""sim_day"": 87.0, ""doy"": 243.0, ""topwt"": 4008.4222412109375, ""grnwt"": 1041.2409973144531, ""xlai"": 0.5006773471832275, ""totir"": 0.0, ""tofer"": NaN, ""swfac"": 0.0, ""nstres"": 0.3599079847335815}",0.0,0.3599079847335815,4008.4222412109375,1041.2409973144531,0.5006773471832275,0.0,,0.0,0.0,0.0,0.0,25.07581481933594,25.07581481933594,Leave_One_experiments/all_year_offline_schedule_search/daily_outputs/FQA/FQA_2019_FQA2019_stress_grid_S0001_daily.csv
FQA,FQA,Fengqiu,2019,Leave_One_experiments\wth_generated_qc\FQA\FQA2019.WTH,dry_year;water_stress_year;nitrogen_stress_year,water_stress,FQA2019_stress_grid_S0001,low_input_within_10pct_yield,2019-09-01,244,88,83,"{""sim_day"": 88.0, ""doy"": 244.0, ""topwt"": 4062.7728271484375, ""grnwt"": 1124.633331298828, ""xlai"": 0.4846857190132141, ""totir"": 0.0, ""tofer"": NaN, ""swfac"": 0.0, ""nstres"": 0.3665592670440674}",0.0,0.3665592670440674,4062.7728271484375,1124.633331298828,0.4846857190132141,0.0,,0.0,0.0,0.0,0.0,25.07581481933594,25.07581481933594,Leave_One_experiments/all_year_offline_schedule_search/daily_outputs/FQA/FQA_2019_FQA2019_stress_grid_S0001_daily.csv
FQA,FQA,Fengqiu,2019,Leave_One_experiments\wth_generated_qc\FQA\FQA2019.WTH,dry_year;water_stress_year;nitrogen_stress_year,water_stress,FQA2019_stress_grid_S0001,low_input_within_10pct_yield,2019-09-02,245,89,84,"{""sim_day"": 89.0, ""doy"": 245.0, ""topwt"": 4134.264526367188, ""grnwt"": 1208.0256652832031, ""xlai"": 0.4691309332847595, ""totir"": 0.0, ""tofer"": NaN, ""swfac"": 0.0, ""nstres"": 0.3702195286750793}",0.0,0.3702195286750793,4134.264526367188,1208.0256652832031,0.4691309332847595,0.0,,0.0,0.0,0.0,0.0,25.07581481933594,25.07581481933594,Leave_One_experiments/all_year_offline_schedule_search/daily_outputs/FQA/FQA_2019_FQA2019_stress_grid_S0001_daily.csv
FQA,FQA,Fengqiu,2019,Leave_One_experiments\wth_generated_qc\FQA\FQA2019.WTH,dry_year;water_stress_year;nitrogen_stress_year,water_stress,FQA2019_stress_grid_S0001,low_input_within_10pct_yield,2019-09-03,246,90,85,"{""sim_day"": 90.0, ""doy"": 246.0, ""topwt"": 4204.039306640625, ""grnwt"": 1291.417999267578, ""xlai"": 0.4541821181774139, ""totir"": 0.0, ""tofer"": NaN, ""swfac"": 0.0, ""nstres"": 0.3647592067718506}",0.0,0.3647592067718506,4204.039306640625,1291.417999267578,0.4541821181774139,0.0,,0.0,0.0,0.0,0.0,25.07581481933594,25.07581481933594,Leave_One_experiments/all_year_offline_schedule_search/daily_outputs/FQA/FQA_2019_FQA2019_stress_grid_S0001_daily.csv
FQA,FQA,Fengqiu,2019,Leave_One_experiments\wth_generated_qc\FQA\FQA2019.WTH,dry_year;water_stress_year;nitrogen_stress_year,water_stress,FQA2019_stress_grid_S0001,low_input_within_10pct_yield,2019-09-04,247,91,86,"{""sim_day"": 91.0, ""doy"": 247.0, ""topwt"": 4285.9912109375, ""grnwt"": 1374.8103332519531, ""xlai"": 0.439656138420105, ""totir"": 0.0, ""tofer"": NaN, ""swfac"": 0.0, ""nstres"": 0.3675851225852966}",0.0,0.3675851225852966,4285.9912109375,1374.8103332519531,0.439656138420105,0.0,,0.0,0.0,0.0,0.0,25.07581481933594,25.07581481933594,Leave_One_experiments/all_year_offline_schedule_search/daily_outputs/FQA/FQA_2019_FQA2019_stress_grid_S0001_daily.csv
FQA,FQA,Fengqiu,2019,Leave_One_experiments\wth_generated_qc\FQA\FQA2019.WTH,dry_year;water_stress_year;nitrogen_stress_year,water_stress,FQA2019_stress_grid_S0001,low_input_within_10pct_yield,2019-09-05,248,92,87,"{""sim_day"": 92.0, ""doy"": 248.0, ""topwt"": 4363.6663818359375, ""grnwt"": 1458.202667236328, ""xlai"": 0.4255532026290893, ""totir"": 0.0, ""tofer"": NaN, ""swfac"": 0.0, ""nstres"": 0.3698489069938659}",0.0,0.3698489069938659,4363.6663818359375,1458.202667236328,0.4255532026290893,0.0,,0.0,0.0,0.0,0.0,25.07581481933594,25.07581481933594,Leave_One_experiments/all_year_offline_schedule_search/daily_outputs/FQA/FQA_2019_FQA2019_stress_grid_S0001_daily.csv
FQA,FQA,Fengqiu,2019,Leave_One_experiments\wth_generated_qc\FQA\FQA2019.WTH,dry_year;water_stress_year;nitrogen_stress_year,water_stress,FQA2019_stress_grid_S0001,low_input_within_10pct_yield,2019-09-06,249,93,88,"{""sim_day"": 93.0, ""doy"": 249.0, ""topwt"": 4435.601806640625, ""grnwt"": 1541.5950012207031, ""xlai"": 0.4117676615715027, ""totir"": 0.0, ""tofer"": NaN, ""swfac"": 0.0, ""nstres"": 0.3774664998054504}",0.0,0.3774664998054504,4435.601806640625,1541.5950012207031,0.4117676615715027,0.0,,0.0,0.0,0.0,0.0,25.07581481933594,25.07581481933594,Leave_One_experiments/all_year_offline_schedule_search/daily_outputs/FQA/FQA_2019_FQA2019_stress_grid_S0001_daily.csv
FQA,FQA,Fengqiu,2019,Leave_One_experiments\wth_generated_qc\FQA\FQA2019.WTH,dry_year;water_stress_year;nitrogen_stress_year,water_stress,FQA2019_stress_grid_S0001,low_input_within_10pct_yield,2019-09-07,250,94,89,"{""sim_day"": 94.0, ""doy"": 250.0, ""topwt"": 4503.975830078125, ""grnwt"": 1624.987335205078, ""xlai"": 0.3983409106731415, ""totir"": 0.0, ""tofer"": NaN, ""swfac"": 0.0, ""nstres"": 0.3825809359550476}",0.0,0.3825809359550476,4503.975830078125,1624.987335205078,0.3983409106731415,0.0,,0.0,0.0,0.0,0.0,25.07581481933594,25.07581481933594,Leave_One_experiments/all_year_offline_schedule_search/daily_outputs/FQA/FQA_2019_FQA2019_stress_grid_S0001_daily.csv
FQA,FQA,Fengqiu,2019,Leave_One_experiments\wth_generated_qc\FQA\FQA2019.WTH,dry_year;water_stress_year;nitrogen_stress_year,water_stress,FQA2019_stress_grid_S0001,low_input_within_10pct_yield,2019-09-08,251,95,90,"{""sim_day"": 95.0, ""doy"": 251.0, ""topwt"": 4564.8529052734375, ""grnwt"": 1708.3796691894531, ""xlai"": 0.385313868522644, ""totir"": 0.0, ""tofer"": NaN, ""swfac"": 0.0, ""nstres"": 0.3848787546157837}",0.0,0.3848787546157837,4564.8529052734375,1708.3796691894531,0.385313868522644,0.0,,0.0,0.0,0.0,0.0,25.07581481933594,25.07581481933594,Leave_One_experiments/all_year_offline_schedule_search/daily_outputs/FQA/FQA_2019_FQA2019_stress_grid_S0001_daily.csv
FQA,FQA,Fengqiu,2019,Leave_One_experiments\wth_generated_qc\FQA\FQA2019.WTH,dry_year;water_stress_year;nitrogen_stress_year,water_stress,FQA2019_stress_grid_S0001,low_input_within_10pct_yield,2019-09-09,252,96,91,"{""sim_day"": 96.0, ""doy"": 252.0, ""topwt"": 4586.6650390625, ""grnwt"": 1791.772003173828, ""xlai"": 0.3727026283740997, ""totir"": 0.0, ""tofer"": NaN, ""swfac"": 0.0, ""nstres"": 0.3855126500129699}",0.0,0.3855126500129699,4586.6650390625,1791.772003173828,0.3727026283740997,0.0,,0.0,0.0,0.0,0.0,25.07581481933594,25.07581481933594,Leave_One_experiments/all_year_offline_schedule_search/daily_outputs/FQA/FQA_2019_FQA2019_stress_grid_S0001_daily.csv
FQA,FQA,Fengqiu,2019,Leave_One_experiments\wth_generated_qc\FQA\FQA2019.WTH,dry_year;water_stress_year;nitrogen_stress_year,water_stress,FQA2019_stress_grid_S0001,low_input_within_10pct_yield,2019-09-10,253,97,92,"{""sim_day"": 97.0, ""doy"": 253.0, ""topwt"": 4591.66259765625, ""grnwt"": 1875.1643371582031, ""xlai"": 0.3604958057403564, ""totir"": 0.0, ""tofer"": NaN, ""swfac"": 0.0, ""nstres"": 0.3860514163970947}",0.0,0.3860514163970947,4591.66259765625,1875.1643371582031,0.3604958057403564,0.0,,0.0,0.0,0.0,0.0,25.07581481933594,25.07581481933594,Leave_One_experiments/all_year_offline_schedule_search/daily_outputs/FQA/FQA_2019_FQA2019_stress_grid_S0001_daily.csv
FQA,FQA,Fengqiu,2019,Leave_One_experiments\wth_generated_qc\FQA\FQA2019.WTH,dry_year;water_stress_year;nitrogen_stress_year,water_stress,FQA2019_stress_grid_S0001,low_input_within_10pct_yield,2019-09-11,254,98,93,"{""sim_day"": 98.0, ""doy"": 254.0, ""topwt"": 4598.240966796875, ""grnwt"": 1958.556671142578, ""xlai"": 0.349126249551773, ""totir"": 0.0, ""tofer"": NaN, ""swfac"": 0.0, ""nstres"": 0.3569267392158508}",0.0,0.3569267392158508,4598.240966796875,1958.556671142578,0.349126249551773,0.0,,0.0,0.0,0.0,0.0,25.07581481933594,25.07581481933594,Leave_One_experiments/all_year_offline_schedule_search/daily_outputs/FQA/FQA_2019_FQA2019_stress_grid_S0001_daily.csv
FQA,FQA,Fengqiu,2019,Leave_One_experiments\wth_generated_qc\FQA\FQA2019.WTH,dry_year;water_stress_year;nitrogen_stress_year,water_stress,FQA2019_stress_grid_S0001,low_input_within_10pct_yield,2019-09-12,255,99,94,"{""sim_day"": 99.0, ""doy"": 255.0, ""topwt"": 4627.633056640625, ""grnwt"": 2041.949005126953, ""xlai"": 0.3385130763053894, ""totir"": 0.0, ""tofer"": NaN, ""swfac"": 0.0, ""nstres"": 0.3295839428901672}",0.0,0.3295839428901672,4627.633056640625,2041.949005126953,0.3385130763053894,0.0,,0.0,0.0,0.0,0.0,25.07581481933594,25.07581481933594,Leave_One_experiments/all_year_offline_schedule_search/daily_outputs/FQA/FQA_2019_FQA2019_stress_grid_S0001_daily.csv
FQA,FQA,Fengqiu,2019,Leave_One_experiments\wth_generated_qc\FQA\FQA2019.WTH,dry_year;water_stress_year;nitrogen_stress_year,water_stress,FQA2019_stress_grid_S0001,low_input_within_10pct_yield,2019-09-13,256,100,95,"{""sim_day"": 100.0, ""doy"": 256.0, ""topwt"": 4647.105102539063, ""grnwt"": 2125.341339111328, ""xlai"": 0.3285250961780548, ""totir"": 0.0, ""tofer"": NaN, ""swfac"": 0.0, ""nstres"": 0.3081343173980713}",0.0,0.3081343173980713,4647.105102539063,2125.341339111328,0.3285250961780548,0.0,,0.0,0.0,0.0,0.0,25.07581481933594,25.07581481933594,Leave_One_experiments/all_year_offline_schedule_search/daily_outputs/FQA/FQA_2019_FQA2019_stress_grid_S0001_daily.csv
FQA,FQA,Fengqiu,2019,Leave_One_experiments\wth_generated_qc\FQA\FQA2019.WTH,dry_year;water_stress_year;nitrogen_stress_year,water_stress,FQA2019_stress_grid_S0001,low_input_within_10pct_yield,2019-09-14,257,101,96,"{""sim_day"": 101.0, ""doy"": 257.0, ""topwt"": 4656.300048828125, ""grnwt"": 2208.733673095703, ""xlai"": 0.3188434541225433, ""totir"": 0.0, ""tofer"": NaN, ""swfac"": 0.0, ""nstres"": 0.3072811365127563}",0.0,0.3072811365127563,4656.300048828125,2208.733673095703,0.3188434541225433,0.0,,0.0,0.0,0.0,0.0,25.07581481933594,25.07581481933594,Leave_One_experiments/all_year_offline_schedule_search/daily_outputs/FQA/FQA_2019_FQA2019_stress_grid_S0001_daily.csv
FQA,FQA,Fengqiu,2019,Leave_One_experiments\wth_generated_qc\FQA\FQA2019.WTH,dry_year;water_stress_year;nitrogen_stress_year,water_stress,FQA2019_stress_grid_S0001,low_input_within_10pct_yield,2019-09-15,258,102,97,"{""sim_day"": 102.0, ""doy"": 258.0, ""topwt"": 4695.763854980469, ""grnwt"": 2292.126007080078, ""xlai"": 0.3095599412918091, ""totir"": 0.0, ""tofer"": NaN, ""swfac"": 0.0, ""nstres"": 0.2987890839576721}",0.0,0.2987890839576721,4695.763854980469,2292.126007080078,0.3095599412918091,0.0,,0.0,0.0,0.0,0.0,25.07581481933594,25.07581481933594,Leave_One_experiments/all_year_offline_schedule_search/daily_outputs/FQA/FQA_2019_FQA2019_stress_grid_S0001_daily.csv
FQA,FQA,Fengqiu,2019,Leave_One_experiments\wth_generated_qc\FQA\FQA2019.WTH,dry_year;water_stress_year;nitrogen_stress_year,water_stress,FQA2019_stress_grid_S0001,low_input_within_10pct_yield,2019-09-16,259,103,98,"{""sim_day"": 103.0, ""doy"": 259.0, ""topwt"": 4709.366149902344, ""grnwt"": 2375.518341064453, ""xlai"": 0.3006971478462219, ""totir"": 0.0, ""tofer"": NaN, ""swfac"": 0.0, ""nstres"": 0.2871256470680237}",0.0,0.2871256470680237,4709.366149902344,2375.518341064453,0.3006971478462219,0.0,,0.0,0.0,0.0,0.0,25.07581481933594,25.07581481933594,Leave_One_experiments/all_year_offline_schedule_search/daily_outputs/FQA/FQA_2019_FQA2019_stress_grid_S0001_daily.csv
FQA,FQA,Fengqiu,2019,Leave_One_experiments\wth_generated_qc\FQA\FQA2019.WTH,dry_year;water_stress_year;nitrogen_stress_year,water_stress,FQA2019_stress_grid_S0001,low_input_within_10pct_yield,2019-09-17,260,104,99,"{""sim_day"": 104.0, ""doy"": 260.0, ""topwt"": 4762.798156738281, ""grnwt"": 2458.910675048828, ""xlai"": 0.2919332981109619, ""totir"": 0.0, ""tofer"": NaN, ""swfac"": 0.0, ""nstres"": 0.2994838953018188}",0.0,0.2994838953018188,4762.798156738281,2458.910675048828,0.2919332981109619,0.0,,0.0,0.0,0.0,0.0,25.07581481933594,25.07581481933594,Leave_One_experiments/all_year_offline_schedule_search/daily_outputs/FQA/FQA_2019_FQA2019_stress_grid_S0001_daily.csv
FQA,FQA,Fengqiu,2019,Leave_One_experiments\wth_generated_qc\FQA\FQA2019.WTH,dry_year;water_stress_year;nitrogen_stress_year,water_stress,FQA2019_stress_grid_S0001,low_input_within_10pct_yield,2019-09-18,261,105,100,"{""sim_day"": 105.0, ""doy"": 261.0, ""topwt"": 4739.020080566406, ""grnwt"": 2475.333404541016, ""xlai"": 0.2835499942302704, ""totir"": 0.0, ""tofer"": NaN, ""swfac"": 0.0, ""nstres"": 0.2891924381256103}",0.0,0.2891924381256103,4739.020080566406,2475.333404541016,0.2835499942302704,0.0,,0.0,0.0,0.0,0.0,25.07581481933594,25.07581481933594,Leave_One_experiments/all_year_offline_schedule_search/daily_outputs/FQA/FQA_2019_FQA2019_stress_grid_S0001_daily.csv
FQA,FQA,Fengqiu,2019,Leave_One_experiments\wth_generated_qc\FQA\FQA2019.WTH,dry_year;water_stress_year;nitrogen_stress_year,water_stress,FQA2019_stress_grid_S0001,low_input_within_10pct_yield,2019-09-19,262,106,101,"{""sim_day"": 106.0, ""doy"": 262.0, ""topwt"": 4771.268310546875, ""grnwt"": 2507.5814819335938, ""xlai"": 0.2760799825191498, ""totir"": 0.0, ""tofer"": NaN, ""swfac"": 0.0, ""nstres"": 0.2322727441787719}",0.0,0.2322727441787719,4771.268310546875,2507.5814819335938,0.2760799825191498,0.0,,0.0,0.0,0.0,0.0,25.07581481933594,25.07581481933594,Leave_One_experiments/all_year_offline_schedule_search/daily_outputs/FQA/FQA_2019_FQA2019_stress_grid_S0001_daily.csv
FQA,FQA,Fengqiu,2019,Leave_One_experiments\wth_generated_qc\FQA\FQA2019.WTH,dry_year;water_stress_year;nitrogen_stress_year,water_stress,FQA2019_stress_grid_S0001,low_input_within_10pct_yield,2019-09-20,263,107,102,"{""sim_day"": 107.0, ""doy"": 263.0, ""topwt"": 4771.268310546875, ""grnwt"": 2507.5814819335938, ""xlai"": 0.2760799825191498, ""totir"": 0.0, ""tofer"": NaN, ""swfac"": 0.0, ""nstres"": 0.1943551898002624}",0.0,0.1943551898002624,4771.268310546875,2507.5814819335938,0.2760799825191498,0.0,,0.0,0.0,0.0,0.0,25.07581481933594,25.07581481933594,Leave_One_experiments/all_year_offline_schedule_search/daily_outputs/FQA/FQA_2019_FQA2019_stress_grid_S0001_daily.csv
FQA,FQA,Fengqiu,2019,Leave_One_experiments\wth_generated_qc\FQA\FQA2019.WTH,dry_year;water_stress_year;nitrogen_stress_year,water_stress,FQA2019_stress_grid_S0001,low_input_within_10pct_yield,2019-09-21,264,108,103,"{""sim_day"": 108.0, ""doy"": 264.0, ""topwt"": 4771.268310546875, ""grnwt"": 2507.5814819335938, ""xlai"": 0.2760799825191498, ""totir"": 0.0, ""tofer"": NaN, ""swfac"": 0.0, ""nstres"": 0.1943551898002624}",0.0,0.1943551898002624,4771.268310546875,2507.5814819335938,0.2760799825191498,0.0,,0.0,0.0,0.0,0.0,25.07581481933594,25.07581481933594,Leave_One_experiments/all_year_offline_schedule_search/daily_outputs/FQA/FQA_2019_FQA2019_stress_grid_S0001_daily.csv
FQA,FQA,Fengqiu,2019,Leave_One_experiments\wth_generated_qc\FQA\FQA2019.WTH,dry_year;water_stress_year;nitrogen_stress_year,water_stress,FQA2019_stress_grid_S0001,low_input_within_10pct_yield,2019-09-22,265,109,104,"{""sim_day"": 109.0, ""doy"": 265.0, ""topwt"": 4771.268310546875, ""grnwt"": 2507.5814819335938, ""xlai"": 0.2760799825191498, ""totir"": 0.0, ""tofer"": NaN, ""swfac"": 0.0, ""nstres"": 0.1943551898002624}",0.0,0.1943551898002624,4771.268310546875,2507.5814819335938,0.2760799825191498,0.0,,0.0,0.0,0.0,0.0,25.07581481933594,25.07581481933594,Leave_One_experiments/all_year_offline_schedule_search/daily_outputs/FQA/FQA_2019_FQA2019_stress_grid_S0001_daily.csv
FQA,FQA,Fengqiu,2019,Leave_One_experiments\wth_generated_qc\FQA\FQA2019.WTH,dry_year;water_stress_year;nitrogen_stress_year,water_stress,FQA2019_stress_grid_S0007,pareto_balanced,2019-06-11,162,1,1,"{""sim_day"": 1.0, ""doy"": 162.0, ""topwt"": 0.0, ""grnwt"": 0.0, ""xlai"": 0.0, ""totir"": 0.0, ""tofer"": NaN, ""swfac"": 0.0, ""nstres"": 0.0}",0.0,0.0,0.0,0.0,0.0,0.0,,0.0,0.0,40.0,0.0,7.115969848632812,23.11596984863281,Leave_One_experiments/all_year_offline_schedule_search/daily_outputs/FQA/FQA_2019_FQA2019_stress_grid_S0007_daily.csv
FQA,FQA,Fengqiu,2019,Leave_One_experiments\wth_generated_qc\FQA\FQA2019.WTH,dry_year;water_stress_year;nitrogen_stress_year,water_stress,FQA2019_stress_grid_S0007,pareto_balanced,2019-06-12,163,2,2,"{""sim_day"": 2.0, ""doy"": 163.0, ""topwt"": 0.0, ""grnwt"": 0.0, ""xlai"": 0.0, ""totir"": 0.0, ""tofer"": NaN, ""swfac"": 0.0, ""nstres"": 0.0}",0.0,0.0,0.0,0.0,0.0,0.0,,0.0,0.0,40.0,0.0,7.115969848632812,23.11596984863281,Leave_One_experiments/all_year_offline_schedule_search/daily_outputs/FQA/FQA_2019_FQA2019_stress_grid_S0007_daily.csv
FQA,FQA,Fengqiu,2019,Leave_One_experiments\wth_generated_qc\FQA\FQA2019.WTH,dry_year;water_stress_year;nitrogen_stress_year,water_stress,FQA2019_stress_grid_S0007,pareto_balanced,2019-06-13,164,3,3,"{""sim_day"": 3.0, ""doy"": 164.0, ""topwt"": 0.0, ""grnwt"": 0.0, ""xlai"": 0.0, ""totir"": 0.0, ""tofer"": NaN, ""swfac"": 0.0, ""nstres"": 0.0}",0.0,0.0,0.0,0.0,0.0,0.0,,0.0,0.0,40.0,0.0,7.115969848632812,23.11596984863281,Leave_One_experiments/all_year_offline_schedule_search/daily_outputs/FQA/FQA_2019_FQA2019_stress_grid_S0007_daily.csv
FQA,FQA,Fengqiu,2019,Leave_One_experiments\wth_generated_qc\FQA\FQA2019.WTH,dry_year;water_stress_year;nitrogen_stress_year,water_stress,FQA2019_stress_grid_S0007,pareto_balanced,2019-06-14,165,4,4,"{""sim_day"": 4.0, ""doy"": 165.0, ""topwt"": 0.0, ""grnwt"": 0.0, ""xlai"": 0.0, ""totir"": 0.0, ""tofer"": NaN, ""swfac"": 0.0, ""nstres"": 0.0}",0.0,0.0,0.0,0.0,0.0,0.0,,0.0,0.0,40.0,0.0,7.115969848632812,23.11596984863281,Leave_One_experiments/all_year_offline_schedule_search/daily_outputs/FQA/FQA_2019_FQA2019_stress_grid_S0007_daily.csv
FQA,FQA,Fengqiu,2019,Leave_One_experiments\wth_generated_qc\FQA\FQA2019.WTH,dry_year;water_stress_year;nitrogen_stress_year,water_stress,FQA2019_stress_grid_S0007,pareto_balanced,2019-06-15,166,5,5,"{""sim_day"": 5.0, ""doy"": 166.0, ""topwt"": 0.0, ""grnwt"": 0.0, ""xlai"": 0.0, ""totir"": 0.0, ""tofer"": NaN, ""swfac"": 0.0, ""nstres"": 0.0}",0.0,0.0,0.0,0.0,0.0,0.0,,0.0,0.0,40.0,0.0,7.115969848632812,23.11596984863281,Leave_One_experiments/all_year_offline_schedule_search/daily_outputs/FQA/FQA_2019_FQA2019_stress_grid_S0007_daily.csv
FQA,FQA,Fengqiu,2019,Leave_One_experiments\wth_generated_qc\FQA\FQA2019.WTH,dry_year;water_stress_year;nitrogen_stress_year,water_stress,FQA2019_stress_grid_S0007,pareto_balanced,2019-06-11,162,6,1,"{""sim_day"": 6.0, ""doy"": 162.0, ""topwt"": 0.0, ""grnwt"": 0.0, ""xlai"": 0.0, ""totir"": 0.0, ""tofer"": NaN, ""swfac"": 0.0, ""nstres"": 0.0}",0.0,0.0,0.0,0.0,0.0,0.0,,0.0,0.0,40.0,0.0,7.115969848632812,23.11596984863281,Leave_One_experiments/all_year_offline_schedule_search/daily_outputs/FQA/FQA_2019_FQA2019_stress_grid_S0007_daily.csv
FQA,FQA,Fengqiu,2019,Leave_One_experiments\wth_generated_qc\FQA\FQA2019.WTH,dry_year;water_stress_year;nitrogen_stress_year,water_stress,FQA2019_stress_grid_S0007,pareto_balanced,2019-06-12,163,7,2,"{""sim_day"": 7.0, ""doy"": 163.0, ""topwt"": 0.0, ""grnwt"": 0.0, ""xlai"": 0.0, ""totir"": 0.0, ""tofer"": NaN, ""swfac"": 0.0, ""nstres"": 0.0}",0.0,0.0,0.0,0.0,0.0,0.0,,0.0,0.0,40.0,0.0,7.115969848632812,23.11596984863281,Leave_One_experiments/all_year_offline_schedule_search/daily_outputs/FQA/FQA_2019_FQA2019_stress_grid_S0007_daily.csv
FQA,FQA,Fengqiu,2019,Leave_One_experiments\wth_generated_qc\FQA\FQA2019.WTH,dry_year;water_stress_year;nitrogen_stress_year,water_stress,FQA2019_stress_grid_S0007,pareto_balanced,2019-06-13,164,8,3,"{""sim_day"": 8.0, ""doy"": 164.0, ""topwt"": 0.0, ""grnwt"": 0.0, ""xlai"": 0.0, ""totir"": 0.0, ""tofer"": NaN, ""swfac"": 0.0, ""nstres"": 0.0}",0.0,0.0,0.0,0.0,0.0,0.0,,0.0,0.0,40.0,0.0,7.115969848632812,23.11596984863281,Leave_One_experiments/all_year_offline_schedule_search/daily_outputs/FQA/FQA_2019_FQA2019_stress_grid_S0007_daily.csv
FQA,FQA,Fengqiu,2019,Leave_One_experiments\wth_generated_qc\FQA\FQA2019.WTH,dry_year;water_stress_year;nitrogen_stress_year,water_stress,FQA2019_stress_grid_S0007,pareto_balanced,2019-06-14,165,9,4,"{""sim_day"": 9.0, ""doy"": 165.0, ""topwt"": 0.0, ""grnwt"": 0.0, ""xlai"": 0.0, ""totir"": 0.0, ""tofer"": NaN, ""swfac"": 0.0, ""nstres"": 0.0}",0.0,0.0,0.0,0.0,0.0,0.0,,0.0,0.0,40.0,0.0,7.115969848632812,23.11596984863281,Leave_One_experiments/all_year_offline_schedule_search/daily_outputs/FQA/FQA_2019_FQA2019_stress_grid_S0007_daily.csv
FQA,FQA,Fengqiu,2019,Leave_One_experiments\wth_generated_qc\FQA\FQA2019.WTH,dry_year;water_stress_year;nitrogen_stress_year,water_stress,FQA2019_stress_grid_S0007,pareto_balanced,2019-06-15,166,10,5,"{""sim_day"": 10.0, ""doy"": 166.0, ""topwt"": 0.0, ""grnwt"": 0.0, ""xlai"": 0.0, ""totir"": 0.0, ""tofer"": NaN, ""swfac"": 0.0, ""nstres"": 0.0}",0.0,0.0,0.0,0.0,0.0,0.0,,0.0,0.0,40.0,0.0,7.115969848632812,23.11596984863281,Leave_One_experiments/all_year_offline_schedule_search/daily_outputs/FQA/FQA_2019_FQA2019_stress_grid_S0007_daily.csv
FQA,FQA,Fengqiu,2019,Leave_One_experiments\wth_generated_qc\FQA\FQA2019.WTH,dry_year;water_stress_year;nitrogen_stress_year,water_stress,FQA2019_stress_grid_S0007,pareto_balanced,2019-06-16,167,11,6,"{""sim_day"": 11.0, ""doy"": 167.0, ""topwt"": 0.0, ""grnwt"": 0.0, ""xlai"": 0.0, ""totir"": 0.0, ""tofer"": NaN, ""swfac"": 0.0, ""nstres"": 0.0}",0.0,0.0,0.0,0.0,0.0,0.0,,0.0,0.0,40.0,0.0,7.115969848632812,23.11596984863281,Leave_One_experiments/all_year_offline_schedule_search/daily_outputs/FQA/FQA_2019_FQA2019_stress_grid_S0007_daily.csv
FQA,FQA,Fengqiu,2019,Leave_One_experiments\wth_generated_qc\FQA\FQA2019.WTH,dry_year;water_stress_year;nitrogen_stress_year,water_stress,FQA2019_stress_grid_S0007,pareto_balanced,2019-06-17,168,12,7,"{""sim_day"": 12.0, ""doy"": 168.0, ""topwt"": 0.0, ""grnwt"": 0.0, ""xlai"": 0.0, ""totir"": 0.0, ""tofer"": NaN, ""swfac"": 0.0, ""nstres"": 0.0}",0.0,0.0,0.0,0.0,0.0,0.0,,0.0,0.0,40.0,0.0,7.115969848632812,23.11596984863281,Leave_One_experiments/all_year_offline_schedule_search/daily_outputs/FQA/FQA_2019_FQA2019_stress_grid_S0007_daily.csv
FQA,FQA,Fengqiu,2019,Leave_One_experiments\wth_generated_qc\FQA\FQA2019.WTH,dry_year;water_stress_year;nitrogen_stress_year,water_stress,FQA2019_stress_grid_S0007,pareto_balanced,2019-06-18,169,13,8,"{""sim_day"": 13.0, ""doy"": 169.0, ""topwt"": 0.0, ""grnwt"": 0.0, ""xlai"": 0.0, ""totir"": 0.0, ""tofer"": NaN, ""swfac"": 0.0, ""nstres"": 0.0}",0.0,0.0,0.0,0.0,0.0,0.0,,0.0,0.0,40.0,0.0,7.115969848632812,23.11596984863281,Leave_One_experiments/all_year_offline_schedule_search/daily_outputs/FQA/FQA_2019_FQA2019_stress_grid_S0007_daily.csv
FQA,FQA,Fengqiu,2019,Leave_One_experiments\wth_generated_qc\FQA\FQA2019.WTH,dry_year;water_stress_year;nitrogen_stress_year,water_stress,FQA2019_stress_grid_S0007,pareto_balanced,2019-06-19,170,14,9,"{""sim_day"": 14.0, ""doy"": 170.0, ""topwt"": 0.0, ""grnwt"": 0.0, ""xlai"": 0.0, ""totir"": 0.0, ""tofer"": NaN, ""swfac"": 0.0, ""nstres"": 0.0}",0.0,0.0,0.0,0.0,0.0,0.0,,0.0,0.0,40.0,0.0,7.115969848632812,23.11596984863281,Leave_One_experiments/all_year_offline_schedule_search/daily_outputs/FQA/FQA_2019_FQA2019_stress_grid_S0007_daily.csv
FQA,FQA,Fengqiu,2019,Leave_One_experiments\wth_generated_qc\FQA\FQA2019.WTH,dry_year;water_stress_year;nitrogen_stress_year,water_stress,FQA2019_stress_grid_S0007,pareto_balanced,2019-06-20,171,15,10,"{""sim_day"": 15.0, ""doy"": 171.0, ""topwt"": 0.0, ""grnwt"": 0.0, ""xlai"": 0.0, ""totir"": 0.0, ""tofer"": NaN, ""swfac"": 0.0, ""nstres"": 0.0}",0.0,0.0,0.0,0.0,0.0,0.0,,0.0,0.0,40.0,0.0,7.115969848632812,23.11596984863281,Leave_One_experiments/all_year_offline_schedule_search/daily_outputs/FQA/FQA_2019_FQA2019_stress_grid_S0007_daily.csv
FQA,FQA,Fengqiu,2019,Leave_One_experiments\wth_generated_qc\FQA\FQA2019.WTH,dry_year;water_stress_year;nitrogen_stress_year,water_stress,FQA2019_stress_grid_S0007,pareto_balanced,2019-06-21,172,16,11,"{""sim_day"": 16.0, ""doy"": 172.0, ""topwt"": 32.00000047683716, ""grnwt"": 0.0, ""xlai"": 0.0034351211506873, ""totir"": 0.0, ""tofer"": NaN, ""swfac"": 0.0, ""nstres"": 0.0121910572052001}",0.0,0.0121910572052001,32.00000047683716,0.0,0.0034351211506873,0.0,,0.0,0.0,40.0,0.0,7.115969848632812,23.11596984863281,Leave_One_experiments/all_year_offline_schedule_search/daily_outputs/FQA/FQA_2019_FQA2019_stress_grid_S0007_daily.csv
FQA,FQA,Fengqiu,2019,Leave_One_experiments\wth_generated_qc\FQA\FQA2019.WTH,dry_year;water_stress_year;nitrogen_stress_year,water_stress,FQA2019_stress_grid_S0007,pareto_balanced,2019-06-22,173,17,12,"{""sim_day"": 17.0, ""doy"": 173.0, ""topwt"": 32.00000047683716, ""grnwt"": 0.0, ""xlai"": 0.0, ""totir"": 0.0, ""tofer"": NaN, ""swfac"": 0.0, ""nstres"": 0.0031296014785766}",0.0,0.0031296014785766,32.00000047683716,0.0,0.0,0.0,,0.0,0.0,40.0,0.0,7.115969848632812,23.11596984863281,Leave_One_experiments/all_year_offline_schedule_search/daily_outputs/FQA/FQA_2019_FQA2019_stress_grid_S0007_daily.csv
FQA,FQA,Fengqiu,2019,Leave_One_experiments\wth_generated_qc\FQA\FQA2019.WTH,dry_year;water_stress_year;nitrogen_stress_year,water_stress,FQA2019_stress_grid_S0007,pareto_balanced,2019-06-23,174,18,13,"{""sim_day"": 18.0, ""doy"": 174.0, ""topwt"": 32.00000047683716, ""grnwt"": 0.0, ""xlai"": 0.0, ""totir"": 0.0, ""tofer"": NaN, ""swfac"": 0.0, ""nstres"": 0.0}",0.0,0.0,32.00000047683716,0.0,0.0,0.0,,0.0,0.0,40.0,0.0,7.115969848632812,23.11596984863281,Leave_One_experiments/all_year_offline_schedule_search/daily_outputs/FQA/FQA_2019_FQA2019_stress_grid_S0007_daily.csv
FQA,FQA,Fengqiu,2019,Leave_One_experiments\wth_generated_qc\FQA\FQA2019.WTH,dry_year;water_stress_year;nitrogen_stress_year,water_stress,FQA2019_stress_grid_S0007,pareto_balanced,2019-06-24,175,19,14,"{""sim_day"": 19.0, ""doy"": 175.0, ""topwt"": 32.00000047683716, ""grnwt"": 0.0, ""xlai"": 0.0031613851897418, ""totir"": 0.0, ""tofer"": NaN, ""swfac"": 0.0, ""nstres"": 0.0}",0.0,0.0,32.00000047683716,0.0,0.0031613851897418,0.0,,0.0,0.0,40.0,0.0,7.115969848632812,23.11596984863281,Leave_One_experiments/all_year_offline_schedule_search/daily_outputs/FQA/FQA_2019_FQA2019_stress_grid_S0007_daily.csv
FQA,FQA,Fengqiu,2019,Leave_One_experiments\wth_generated_qc\FQA\FQA2019.WTH,dry_year;water_stress_year;nitrogen_stress_year,water_stress,FQA2019_stress_grid_S0007,pareto_balanced,2019-06-25,176,20,15,"{""sim_day"": 20.0, ""doy"": 176.0, ""topwt"": 32.00000047683716, ""grnwt"": 0.0, ""xlai"": 0.0066131851635873, ""totir"": 0.0, ""tofer"": NaN, ""swfac"": 0.0, ""nstres"": 0.0}",0.0,0.0,32.00000047683716,0.0,0.0066131851635873,0.0,,0.0,0.0,40.0,0.0,7.115969848632812,23.11596984863281,Leave_One_experiments/all_year_offline_schedule_search/daily_outputs/FQA/FQA_2019_FQA2019_stress_grid_S0007_daily.csv
FQA,FQA,Fengqiu,2019,Leave_One_experiments\wth_generated_qc\FQA\FQA2019.WTH,dry_year;water_stress_year;nitrogen_stress_year,water_stress,FQA2019_stress_grid_S0007,pareto_balanced,2019-06-26,177,21,16,"{""sim_day"": 21.0, ""doy"": 177.0, ""topwt"": 32.00000047683716, ""grnwt"": 0.0, ""xlai"": 0.0107328779995441, ""totir"": 0.0, ""tofer"": NaN, ""swfac"": 0.0, ""nstres"": 0.0}",0.0,0.0,32.00000047683716,0.0,0.0107328779995441,0.0,,0.0,0.0,40.0,0.0,7.115969848632812,23.11596984863281,Leave_One_experiments/all_year_offline_schedule_search/daily_outputs/FQA/FQA_2019_FQA2019_stress_grid_S0007_daily.csv
FQA,FQA,Fengqiu,2019,Leave_One_experiments\wth_generated_qc\FQA\FQA2019.WTH,dry_year;water_stress_year;nitrogen_stress_year,water_stress,FQA2019_stress_grid_S0007,pareto_balanced,2019-06-27,178,22,17,"{""sim_day"": 22.0, ""doy"": 178.0, ""topwt"": 32.00000047683716, ""grnwt"": 0.0, ""xlai"": 0.0139198908582329, ""totir"": 0.0, ""tofer"": NaN, ""swfac"": 0.0, ""nstres"": 0.0}",0.0,0.0,32.00000047683716,0.0,0.0139198908582329,0.0,,0.0,0.0,40.0,0.0,7.115969848632812,23.11596984863281,Leave_One_experiments/all_year_offline_schedule_search/daily_outputs/FQA/FQA_2019_FQA2019_stress_grid_S0007_daily.csv
FQA,FQA,Fengqiu,2019,Leave_One_experiments\wth_generated_qc\FQA\FQA2019.WTH,dry_year;water_stress_year;nitrogen_stress_year,water_stress,FQA2019_stress_grid_S0007,pareto_balanced,2019-06-28,179,23,18,"{""sim_day"": 23.0, ""doy"": 179.0, ""topwt"": 24.051575660705566, ""grnwt"": 0.0, ""xlai"": 0.0286832824349403, ""totir"": 0.0, ""tofer"": NaN, ""swfac"": 0.0, ""nstres"": 0.0}",0.0,0.0,24.051575660705566,0.0,0.0286832824349403,0.0,,0.0,0.0,40.0,0.0,7.115969848632812,23.11596984863281,Leave_One_experiments/all_year_offline_schedule_search/daily_outputs/FQA/FQA_2019_FQA2019_stress_grid_S0007_daily.csv
FQA,FQA,Fengqiu,2019,Leave_One_experiments\wth_generated_qc\FQA\FQA2019.WTH,dry_year;water_stress_year;nitrogen_stress_year,water_stress,FQA2019_stress_grid_S0007,pareto_balanced,2019-06-29,180,24,19,"{""sim_day"": 24.0, ""doy"": 180.0, ""topwt"": 29.725418090820312, ""grnwt"": 0.0, ""xlai"": 0.0469512492418289, ""totir"": 0.0, ""tofer"": NaN, ""swfac"": 0.0, ""nstres"": 0.0}",0.0,0.0,29.725418090820312,0.0,0.0469512492418289,0.0,,0.0,0.0,40.0,0.0,7.115969848632812,23.11596984863281,Leave_One_experiments/all_year_offline_schedule_search/daily_outputs/FQA/FQA_2019_FQA2019_stress_grid_S0007_daily.csv
FQA,FQA,Fengqiu,2019,Leave_One_experiments\wth_generated_qc\FQA\FQA2019.WTH,dry_year;water_stress_year;nitrogen_stress_year,water_stress,FQA2019_stress_grid_S0007,pareto_balanced,2019-06-30,181,25,20,"{""sim_day"": 25.0, ""doy"": 181.0, ""topwt"": 36.34880065917969, ""grnwt"": 0.0, ""xlai"": 0.0664408504962921, ""totir"": 0.0, ""tofer"": NaN, ""swfac"": 0.0, ""nstres"": 0.0}",0.0,0.0,36.34880065917969,0.0,0.0664408504962921,0.0,,0.0,0.0,40.0,0.0,7.115969848632812,23.11596984863281,Leave_One_experiments/all_year_offline_schedule_search/daily_outputs/FQA/FQA_2019_FQA2019_stress_grid_S0007_daily.csv
FQA,FQA,Fengqiu,2019,Leave_One_experiments\wth_generated_qc\FQA\FQA2019.WTH,dry_year;water_stress_year;nitrogen_stress_year,water_stress,FQA2019_stress_grid_S0007,pareto_balanced,2019-07-01,182,26,21,"{""sim_day"": 26.0, ""doy"": 182.0, ""topwt"": 44.60864067077637, ""grnwt"": 0.0, ""xlai"": 0.0890534669160842, ""totir"": 0.0, ""tofer"": NaN, ""swfac"": 0.0, ""nstres"": 0.0}",0.0,0.0,44.60864067077637,0.0,0.0890534669160842,0.0,,0.0,0.0,40.0,0.0,7.115969848632812,23.11596984863281,Leave_One_experiments/all_year_offline_schedule_search/daily_outputs/FQA/FQA_2019_FQA2019_stress_grid_S0007_daily.csv
FQA,FQA,Fengqiu,2019,Leave_One_experiments\wth_generated_qc\FQA\FQA2019.WTH,dry_year;water_stress_year;nitrogen_stress_year,water_stress,FQA2019_stress_grid_S0007,pareto_balanced,2019-07-02,183,27,22,"{""sim_day"": 27.0, ""doy"": 183.0, ""topwt"": 54.59190845489502, ""grnwt"": 0.0, ""xlai"": 0.1147170141339302, ""totir"": 0.0, ""tofer"": NaN, ""swfac"": 0.0, ""nstres"": 0.0}",0.0,0.0,54.59190845489502,0.0,0.1147170141339302,0.0,,0.0,0.0,40.0,0.0,7.115969848632812,23.11596984863281,Leave_One_experiments/all_year_offline_schedule_search/daily_outputs/FQA/FQA_2019_FQA2019_stress_grid_S0007_daily.csv
FQA,FQA,Fengqiu,2019,Leave_One_experiments\wth_generated_qc\FQA\FQA2019.WTH,dry_year;water_stress_year;nitrogen_stress_year,water_stress,FQA2019_stress_grid_S0007,pareto_balanced,2019-07-03,184,28,23,"{""sim_day"": 28.0, ""doy"": 184.0, ""topwt"": 65.85438251495361, ""grnwt"": 0.0, ""xlai"": 0.1421321183443069, ""totir"": 0.0, ""tofer"": NaN, ""swfac"": 0.0, ""nstres"": 0.0}",0.0,0.0,65.85438251495361,0.0,0.1421321183443069,0.0,,0.0,0.0,40.0,0.0,7.115969848632812,23.11596984863281,Leave_One_experiments/all_year_offline_schedule_search/daily_outputs/FQA/FQA_2019_FQA2019_stress_grid_S0007_daily.csv
FQA,FQA,Fengqiu,2019,Leave_One_experiments\wth_generated_qc\FQA\FQA2019.WTH,dry_year;water_stress_year;nitrogen_stress_year,water_stress,FQA2019_stress_grid_S0007,pareto_balanced,2019-07-04,185,29,24,"{""sim_day"": 29.0, ""doy"": 185.0, ""topwt"": 78.66528987884521, ""grnwt"": 0.0, ""xlai"": 0.1718640774488449, ""totir"": 0.0, ""tofer"": NaN, ""swfac"": 0.0, ""nstres"": 0.0}",0.0,0.0,78.66528987884521,0.0,0.1718640774488449,0.0,,0.0,0.0,40.0,0.0,7.115969848632812,23.11596984863281,Leave_One_experiments/all_year_offline_schedule_search/daily_outputs/FQA/FQA_2019_FQA2019_stress_grid_S0007_daily.csv
FQA,FQA,Fengqiu,2019,Leave_One_experiments\wth_generated_qc\FQA\FQA2019.WTH,dry_year;water_stress_year;nitrogen_stress_year,water_stress,FQA2019_stress_grid_S0007,pareto_balanced,2019-07-05,186,30,25,"{""sim_day"": 30.0, ""doy"": 186.0, ""topwt"": 92.55240440368652, ""grnwt"": 0.0, ""xlai"": 0.2023328989744186, ""totir"": 0.0, ""tofer"": NaN, ""swfac"": 0.0, ""nstres"": 0.0}",0.0,0.0,92.55240440368652,0.0,0.2023328989744186,0.0,,0.0,0.0,40.0,0.0,7.115969848632812,23.11596984863281,Leave_One_experiments/all_year_offline_schedule_search/daily_outputs/FQA/FQA_2019_FQA2019_stress_grid_S0007_daily.csv
FQA,FQA,Fengqiu,2019,Leave_One_experiments\wth_generated_qc\FQA\FQA2019.WTH,dry_year;water_stress_year;nitrogen_stress_year,water_stress,FQA2019_stress_grid_S0007,pareto_balanced,2019-07-06,187,31,26,"{""sim_day"": 31.0, ""doy"": 187.0, ""topwt"": 105.57866096496582, ""grnwt"": 0.0, ""xlai"": 0.2290808707475662, ""totir"": 0.0, ""tofer"": NaN, ""swfac"": 0.0, ""nstres"": 0.0}",0.0,0.0,105.57866096496582,0.0,0.2290808707475662,0.0,,0.0,0.0,40.0,0.0,7.115969848632812,23.11596984863281,Leave_One_experiments/all_year_offline_schedule_search/daily_outputs/FQA/FQA_2019_FQA2019_stress_grid_S0007_daily.csv
FQA,FQA,Fengqiu,2019,Leave_One_experiments\wth_generated_qc\FQA\FQA2019.WTH,dry_year;water_stress_year;nitrogen_stress_year,water_stress,FQA2019_stress_grid_S0007,pareto_balanced,2019-07-07,188,32,27,"{""sim_day"": 32.0, ""doy"": 188.0, ""topwt"": 119.11334037780762, ""grnwt"": 0.0, ""xlai"": 0.2544761300086975, ""totir"": 0.0, ""tofer"": NaN, ""swfac"": 0.0, ""nstres"": 0.0}",0.0,0.0,119.11334037780762,0.0,0.2544761300086975,0.0,,0.0,0.0,40.0,0.0,7.115969848632812,23.11596984863281,Leave_One_experiments/all_year_offline_schedule_search/daily_outputs/FQA/FQA_2019_FQA2019_stress_grid_S0007_daily.csv
FQA,FQA,Fengqiu,2019,Leave_One_experiments\wth_generated_qc\FQA\FQA2019.WTH,dry_year;water_stress_year;nitrogen_stress_year,water_stress,FQA2019_stress_grid_S0007,pareto_balanced,2019-07-08,189,33,28,"{""sim_day"": 33.0, ""doy"": 189.0, ""topwt"": 136.34828567504883, ""grnwt"": 0.0, ""xlai"": 0.2887825965881347, ""totir"": 0.0, ""tofer"": NaN, ""swfac"": 0.0, ""nstres"": 0.0}",0.0,0.0,136.34828567504883,0.0,0.2887825965881347,0.0,,0.0,0.0,40.0,0.0,7.115969848632812,23.11596984863281,Leave_One_experiments/all_year_offline_schedule_search/daily_outputs/FQA/FQA_2019_FQA2019_stress_grid_S0007_daily.csv
FQA,FQA,Fengqiu,2019,Leave_One_experiments\wth_generated_qc\FQA\FQA2019.WTH,dry_year;water_stress_year;nitrogen_stress_year,water_stress,FQA2019_stress_grid_S0007,pareto_balanced,2019-07-09,190,34,29,"{""sim_day"": 34.0, ""doy"": 190.0, ""topwt"": 154.48333740234375, ""grnwt"": 0.0, ""xlai"": 0.3236502408981323, ""totir"": 0.0, ""tofer"": NaN, ""swfac"": 0.0, ""nstres"": 0.0}",0.0,0.0,154.48333740234375,0.0,0.3236502408981323,0.0,,0.0,0.0,40.0,0.0,7.115969848632812,23.11596984863281,Leave_One_experiments/all_year_offline_schedule_search/daily_outputs/FQA/FQA_2019_FQA2019_stress_grid_S0007_daily.csv
FQA,FQA,Fengqiu,2019,Leave_One_experiments\wth_generated_qc\FQA\FQA2019.WTH,dry_year;water_stress_year;nitrogen_stress_year,water_stress,FQA2019_stress_grid_S0007,pareto_balanced,2019-07-10,191,35,30,"{""sim_day"": 35.0, ""doy"": 191.0, ""topwt"": 176.1196517944336, ""grnwt"": 0.0, ""xlai"": 0.3637619018554687, ""totir"": 0.0, ""tofer"": NaN, ""swfac"": 0.0, ""nstres"": 0.0}",0.0,0.0,176.1196517944336,0.0,0.3637619018554687,0.0,,0.0,0.0,40.0,0.0,7.115969848632812,23.11596984863281,Leave_One_experiments/all_year_offline_schedule_search/daily_outputs/FQA/FQA_2019_FQA2019_stress_grid_S0007_daily.csv
FQA,FQA,Fengqiu,2019,Leave_One_experiments\wth_generated_qc\FQA\FQA2019.WTH,dry_year;water_stress_year;nitrogen_stress_year,water_stress,FQA2019_stress_grid_S0007,pareto_balanced,2019-07-11,192,36,31,"{""sim_day"": 36.0, ""doy"": 192.0, ""topwt"": 199.5039176940918, ""grnwt"": 0.0, ""xlai"": 0.4055043458938598, ""totir"": 0.0, ""tofer"": NaN, ""swfac"": 0.0, ""nstres"": 0.0}",0.0,0.0,199.5039176940918,0.0,0.4055043458938598,0.0,,0.0,0.0,40.0,0.0,7.115969848632812,23.11596984863281,Leave_One_experiments/all_year_offline_schedule_search/daily_outputs/FQA/FQA_2019_FQA2019_stress_grid_S0007_daily.csv
FQA,FQA,Fengqiu,2019,Leave_One_experiments\wth_generated_qc\FQA\FQA2019.WTH,dry_year;water_stress_year;nitrogen_stress_year,water_stress,FQA2019_stress_grid_S0007,pareto_balanced,2019-07-12,193,37,32,"{""sim_day"": 37.0, ""doy"": 193.0, ""topwt"": 228.47091674804688, ""grnwt"": 0.0, ""xlai"": 0.4551140964031219, ""totir"": 0.0, ""tofer"": NaN, ""swfac"": 0.0, ""nstres"": 0.0}",0.0,0.0,228.47091674804688,0.0,0.4551140964031219,0.0,,0.0,0.0,40.0,0.0,7.115969848632812,23.11596984863281,Leave_One_experiments/all_year_offline_schedule_search/daily_outputs/FQA/FQA_2019_FQA2019_stress_grid_S0007_daily.csv
FQA,FQA,Fengqiu,2019,Leave_One_experiments\wth_generated_qc\FQA\FQA2019.WTH,dry_year;water_stress_year;nitrogen_stress_year,water_stress,FQA2019_stress_grid_S0007,pareto_balanced,2019-07-13,194,38,33,"{""sim_day"": 38.0, ""doy"": 194.0, ""topwt"": 261.7229461669922, ""grnwt"": 0.0, ""xlai"": 0.5095607042312622, ""totir"": 0.0, ""tofer"": NaN, ""swfac"": 0.0, ""nstres"": 0.0}",0.0,0.0,261.7229461669922,0.0,0.5095607042312622,0.0,,0.0,0.0,40.0,0.0,7.115969848632812,23.11596984863281,Leave_One_experiments/all_year_offline_schedule_search/daily_outputs/FQA/FQA_2019_FQA2019_stress_grid_S0007_daily.csv
FQA,FQA,Fengqiu,2019,Leave_One_experiments\wth_generated_qc\FQA\FQA2019.WTH,dry_year;water_stress_year;nitrogen_stress_year,water_stress,FQA2019_stress_grid_S0007,pareto_balanced,2019-07-14,195,39,34,"{""sim_day"": 39.0, ""doy"": 195.0, ""topwt"": 299.8326301574707, ""grnwt"": 0.0, ""xlai"": 0.5690786242485046, ""totir"": 0.0, ""tofer"": NaN, ""swfac"": 0.0, ""nstres"": 0.0}",0.0,0.0,299.8326301574707,0.0,0.5690786242485046,0.0,,0.0,0.0,40.0,0.0,7.115969848632812,23.11596984863281,Leave_One_experiments/all_year_offline_schedule_search/daily_outputs/FQA/FQA_2019_FQA2019_stress_grid_S0007_daily.csv
FQA,FQA,Fengqiu,2019,Leave_One_experiments\wth_generated_qc\FQA\FQA2019.WTH,dry_year;water_stress_year;nitrogen_stress_year,water_stress,FQA2019_stress_grid_S0007,pareto_balanced,2019-07-15,196,40,35,"{""sim_day"": 40.0, ""doy"": 196.0, ""topwt"": 341.1739730834961, ""grnwt"": 0.0, ""xlai"": 0.6306312680244446, ""totir"": 40.0, ""tofer"": NaN, ""swfac"": 0.0, ""nstres"": 0.0}",0.0,0.0,341.1739730834961,0.0,0.6306312680244446,40.0,,40.0,0.0,40.0,0.0,7.115969848632812,23.11596984863281,Leave_One_experiments/all_year_offline_schedule_search/daily_outputs/FQA/FQA_2019_FQA2019_stress_grid_S0007_daily.csv
FQA,FQA,Fengqiu,2019,Leave_One_experiments\wth_generated_qc\FQA\FQA2019.WTH,dry_year;water_stress_year;nitrogen_stress_year,water_stress,FQA2019_stress_grid_S0007,pareto_balanced,2019-07-16,197,41,36,"{""sim_day"": 41.0, ""doy"": 197.0, ""topwt"": 386.1740493774414, ""grnwt"": 0.0, ""xlai"": 0.6945136785507202, ""totir"": 40.0, ""tofer"": NaN, ""swfac"": 0.0, ""nstres"": 0.0}",0.0,0.0,386.1740493774414,0.0,0.6945136785507202,40.0,,0.0,0.0,40.0,0.0,7.115969848632812,23.11596984863281,Leave_One_experiments/all_year_offline_schedule_search/daily_outputs/FQA/FQA_2019_FQA2019_stress_grid_S0007_daily.csv
FQA,FQA,Fengqiu,2019,Leave_One_experiments\wth_generated_qc\FQA\FQA2019.WTH,dry_year;water_stress_year;nitrogen_stress_year,water_stress,FQA2019_stress_grid_S0007,pareto_balanced,2019-07-17,198,42,37,"{""sim_day"": 42.0, ""doy"": 198.0, ""topwt"": 436.20361328125, ""grnwt"": 0.0, ""xlai"": 0.762185275554657, ""totir"": 40.0, ""tofer"": NaN, ""swfac"": 0.0, ""nstres"": 0.0}",0.0,0.0,436.20361328125,0.0,0.762185275554657,40.0,,0.0,0.0,40.0,0.0,7.115969848632812,23.11596984863281,Leave_One_experiments/all_year_offline_schedule_search/daily_outputs/FQA/FQA_2019_FQA2019_stress_grid_S0007_daily.csv
FQA,FQA,Fengqiu,2019,Leave_One_experiments\wth_generated_qc\FQA\FQA2019.WTH,dry_year;water_stress_year;nitrogen_stress_year,water_stress,FQA2019_stress_grid_S0007,pareto_balanced,2019-07-18,199,43,38,"{""sim_day"": 43.0, ""doy"": 199.0, ""topwt"": 494.974250793457, ""grnwt"": 0.0, ""xlai"": 0.837710440158844, ""totir"": 40.0, ""tofer"": NaN, ""swfac"": 0.0, ""nstres"": 0.0}",0.0,0.0,494.974250793457,0.0,0.837710440158844,40.0,,0.0,0.0,40.0,0.0,7.115969848632812,23.11596984863281,Leave_One_experiments/all_year_offline_schedule_search/daily_outputs/FQA/FQA_2019_FQA2019_stress_grid_S0007_daily.csv
FQA,FQA,Fengqiu,2019,Leave_One_experiments\wth_generated_qc\FQA\FQA2019.WTH,dry_year;water_stress_year;nitrogen_stress_year,water_stress,FQA2019_stress_grid_S0007,pareto_balanced,2019-07-19,200,44,39,"{""sim_day"": 44.0, ""doy"": 200.0, ""topwt"": 564.521369934082, ""grnwt"": 0.0, ""xlai"": 0.9223005771636964, ""totir"": 40.0, ""tofer"": NaN, ""swfac"": 0.0, ""nstres"": 0.0}",0.0,0.0,564.521369934082,0.0,0.9223005771636964,40.0,,0.0,0.0,40.0,0.0,7.115969848632812,23.11596984863281,Leave_One_experiments/all_year_offline_schedule_search/daily_outputs/FQA/FQA_2019_FQA2019_stress_grid_S0007_daily.csv
FQA,FQA,Fengqiu,2019,Leave_One_experiments\wth_generated_qc\FQA\FQA2019.WTH,dry_year;water_stress_year;nitrogen_stress_year,water_stress,FQA2019_stress_grid_S0007,pareto_balanced,2019-07-20,201,45,40,"{""sim_day"": 45.0, ""doy"": 201.0, ""topwt"": 639.4838714599609, ""grnwt"": 0.0, ""xlai"": 1.004555106163025, ""totir"": 40.0, ""tofer"": NaN, ""swfac"": 0.0, ""nstres"": 0.0305018424987792}",0.0,0.0305018424987792,639.4838714599609,0.0,1.004555106163025,40.0,,0.0,0.0,40.0,0.0,7.115969848632812,23.11596984863281,Leave_One_experiments/all_year_offline_schedule_search/daily_outputs/FQA/FQA_2019_FQA2019_stress_grid_S0007_daily.csv
FQA,FQA,Fengqiu,2019,Leave_One_experiments\wth_generated_qc\FQA\FQA2019.WTH,dry_year;water_stress_year;nitrogen_stress_year,water_stress,FQA2019_stress_grid_S0007,pareto_balanced,2019-07-21,202,46,41,"{""sim_day"": 46.0, ""doy"": 202.0, ""topwt"": 715.4051971435547, ""grnwt"": 0.0, ""xlai"": 1.0771663188934326, ""totir"": 40.0, ""tofer"": NaN, ""swfac"": 0.0, ""nstres"": 0.0716888904571533}",0.0,0.0716888904571533,715.4051971435547,0.0,1.0771663188934326,40.0,,0.0,0.0,40.0,0.0,7.115969848632812,23.11596984863281,Leave_One_experiments/all_year_offline_schedule_search/daily_outputs/FQA/FQA_2019_FQA2019_stress_grid_S0007_daily.csv
FQA,FQA,Fengqiu,2019,Leave_One_experiments\wth_generated_qc\FQA\FQA2019.WTH,dry_year;water_stress_year;nitrogen_stress_year,water_stress,FQA2019_stress_grid_S0007,pareto_balanced,2019-07-22,203,47,42,"{""sim_day"": 47.0, ""doy"": 203.0, ""topwt"": 791.7143249511719, ""grnwt"": 0.0, ""xlai"": 1.1400694847106934, ""totir"": 40.0, ""tofer"": NaN, ""swfac"": 0.0, ""nstres"": 0.1062272191047668}",0.0,0.1062272191047668,791.7143249511719,0.0,1.1400694847106934,40.0,,0.0,0.0,40.0,0.0,7.115969848632812,23.11596984863281,Leave_One_experiments/all_year_offline_schedule_search/daily_outputs/FQA/FQA_2019_FQA2019_stress_grid_S0007_daily.csv
FQA,FQA,Fengqiu,2019,Leave_One_experiments\wth_generated_qc\FQA\FQA2019.WTH,dry_year;water_stress_year;nitrogen_stress_year,water_stress,FQA2019_stress_grid_S0007,pareto_balanced,2019-07-23,204,48,43,"{""sim_day"": 48.0, ""doy"": 204.0, ""topwt"": 868.9509582519531, ""grnwt"": 0.0, ""xlai"": 1.1947510242462158, ""totir"": 40.0, ""tofer"": NaN, ""swfac"": 0.0, ""nstres"": 0.1333487629890442}",0.0,0.1333487629890442,868.9509582519531,0.0,1.1947510242462158,40.0,,0.0,0.0,40.0,0.0,7.115969848632812,23.11596984863281,Leave_One_experiments/all_year_offline_schedule_search/daily_outputs/FQA/FQA_2019_FQA2019_stress_grid_S0007_daily.csv
FQA,FQA,Fengqiu,2019,Leave_One_experiments\wth_generated_qc\FQA\FQA2019.WTH,dry_year;water_stress_year;nitrogen_stress_year,water_stress,FQA2019_stress_grid_S0007,pareto_balanced,2019-07-24,205,49,44,"{""sim_day"": 49.0, ""doy"": 205.0, ""topwt"": 945.1066589355468, ""grnwt"": 0.0, ""xlai"": 1.240277647972107, ""totir"": 40.0, ""tofer"": NaN, ""swfac"": 0.0, ""nstres"": 0.1551655530929565}",0.0,0.1551655530929565,945.1066589355468,0.0,1.240277647972107,40.0,,0.0,0.0,40.0,0.0,7.115969848632812,23.11596984863281,Leave_One_experiments/all_year_offline_schedule_search/daily_outputs/FQA/FQA_2019_FQA2019_stress_grid_S0007_daily.csv
FQA,FQA,Fengqiu,2019,Leave_One_experiments\wth_generated_qc\FQA\FQA2019.WTH,dry_year;water_stress_year;nitrogen_stress_year,water_stress,FQA2019_stress_grid_S0007,pareto_balanced,2019-07-25,206,50,45,"{""sim_day"": 50.0, ""doy"": 206.0, ""topwt"": 1020.1954650878906, ""grnwt"": 0.0, ""xlai"": 1.2777036428451538, ""totir"": 40.0, ""tofer"": NaN, ""swfac"": 0.0, ""nstres"": 0.1729242205619812}",0.0,0.1729242205619812,1020.1954650878906,0.0,1.2777036428451538,40.0,,0.0,0.0,40.0,0.0,7.115969848632812,23.11596984863281,Leave_One_experiments/all_year_offline_schedule_search/daily_outputs/FQA/FQA_2019_FQA2019_stress_grid_S0007_daily.csv
FQA,FQA,Fengqiu,2019,Leave_One_experiments\wth_generated_qc\FQA\FQA2019.WTH,dry_year;water_stress_year;nitrogen_stress_year,water_stress,FQA2019_stress_grid_S0007,pareto_balanced,2019-07-26,207,51,46,"{""sim_day"": 51.0, ""doy"": 207.0, ""topwt"": 1181.604232788086, ""grnwt"": 0.0, ""xlai"": 1.30638587474823, ""totir"": 40.0, ""tofer"": NaN, ""swfac"": 0.0, ""nstres"": 0.1873215436935424}",0.0,0.1873215436935424,1181.604232788086,0.0,1.30638587474823,40.0,,0.0,0.0,40.0,0.0,7.115969848632812,23.11596984863281,Leave_One_experiments/all_year_offline_schedule_search/daily_outputs/FQA/FQA_2019_FQA2019_stress_grid_S0007_daily.csv
FQA,FQA,Fengqiu,2019,Leave_One_experiments\wth_generated_qc\FQA\FQA2019.WTH,dry_year;water_stress_year;nitrogen_stress_year,water_stress,FQA2019_stress_grid_S0007,pareto_balanced,2019-07-27,208,52,47,"{""sim_day"": 52.0, ""doy"": 208.0, ""topwt"": 1338.4260559082031, ""grnwt"": 0.0, ""xlai"": 1.3270692825317385, ""totir"": 40.0, ""tofer"": NaN, ""swfac"": 0.0, ""nstres"": 0.1979168057441711}",0.0,0.1979168057441711,1338.4260559082031,0.0,1.3270692825317385,40.0,,0.0,0.0,40.0,0.0,7.115969848632812,23.11596984863281,Leave_One_experiments/all_year_offline_schedule_search/daily_outputs/FQA/FQA_2019_FQA2019_stress_grid_S0007_daily.csv
FQA,FQA,Fengqiu,2019,Leave_One_experiments\wth_generated_qc\FQA\FQA2019.WTH,dry_year;water_stress_year;nitrogen_stress_year,water_stress,FQA2019_stress_grid_S0007,pareto_balanced,2019-07-28,209,53,48,"{""sim_day"": 53.0, ""doy"": 209.0, ""topwt"": 1471.1251831054688, ""grnwt"": 0.0, ""xlai"": 1.3311619758605957, ""totir"": 40.0, ""tofer"": NaN, ""swfac"": 0.0, ""nstres"": 0.2857019305229187}",0.0,0.2857019305229187,1471.1251831054688,0.0,1.3311619758605957,40.0,,0.0,0.0,40.0,0.0,7.115969848632812,23.11596984863281,Leave_One_experiments/all_year_offline_schedule_search/daily_outputs/FQA/FQA_2019_FQA2019_stress_grid_S0007_daily.csv
FQA,FQA,Fengqiu,2019,Leave_One_experiments\wth_generated_qc\FQA\FQA2019.WTH,dry_year;water_stress_year;nitrogen_stress_year,water_stress,FQA2019_stress_grid_S0007,pareto_balanced,2019-07-29,210,54,49,"{""sim_day"": 54.0, ""doy"": 210.0, ""topwt"": 1573.978271484375, ""grnwt"": 0.0, ""xlai"": 1.3203355073928833, ""totir"": 40.0, ""tofer"": NaN, ""swfac"": 0.0, ""nstres"": 0.3520694971084595}",0.0,0.3520694971084595,1573.978271484375,0.0,1.3203355073928833,40.0,,0.0,0.0,40.0,0.0,7.115969848632812,23.11596984863281,Leave_One_experiments/all_year_offline_schedule_search/daily_outputs/FQA/FQA_2019_FQA2019_stress_grid_S0007_daily.csv
FQA,FQA,Fengqiu,2019,Leave_One_experiments\wth_generated_qc\FQA\FQA2019.WTH,dry_year;water_stress_year;nitrogen_stress_year,water_stress,FQA2019_stress_grid_S0007,pareto_balanced,2019-07-30,211,55,50,"{""sim_day"": 55.0, ""doy"": 211.0, ""topwt"": 1666.9064331054688, ""grnwt"": 0.0, ""xlai"": 1.303787350654602, ""totir"": 40.0, ""tofer"": NaN, ""swfac"": 0.0, ""nstres"": 0.3855030536651611}",0.0,0.3855030536651611,1666.9064331054688,0.0,1.303787350654602,40.0,,0.0,0.0,40.0,0.0,7.115969848632812,23.11596984863281,Leave_One_experiments/all_year_offline_schedule_search/daily_outputs/FQA/FQA_2019_FQA2019_stress_grid_S0007_daily.csv
FQA,FQA,Fengqiu,2019,Leave_One_experiments\wth_generated_qc\FQA\FQA2019.WTH,dry_year;water_stress_year;nitrogen_stress_year,water_stress,FQA2019_stress_grid_S0007,pareto_balanced,2019-07-31,212,56,51,"{""sim_day"": 56.0, ""doy"": 212.0, ""topwt"": 1752.3704528808594, ""grnwt"": 0.0, ""xlai"": 1.283668875694275, ""totir"": 40.0, ""tofer"": NaN, ""swfac"": 0.0, ""nstres"": 0.4040582776069641}",0.0,0.4040582776069641,1752.3704528808594,0.0,1.283668875694275,40.0,,0.0,0.0,40.0,0.0,7.115969848632812,23.11596984863281,Leave_One_experiments/all_year_offline_schedule_search/daily_outputs/FQA/FQA_2019_FQA2019_stress_grid_S0007_daily.csv
FQA,FQA,Fengqiu,2019,Leave_One_experiments\wth_generated_qc\FQA\FQA2019.WTH,dry_year;water_stress_year;nitrogen_stress_year,water_stress,FQA2019_stress_grid_S0007,pareto_balanced,2019-08-01,213,57,52,"{""sim_day"": 57.0, ""doy"": 213.0, ""topwt"": 1826.5426635742188, ""grnwt"": 0.0, ""xlai"": 1.2598963975906372, ""totir"": 40.0, ""tofer"": NaN, ""swfac"": 0.0, ""nstres"": 0.4139934182167053}",0.0,0.4139934182167053,1826.5426635742188,0.0,1.2598963975906372,40.0,,0.0,0.0,40.0,0.0,7.115969848632812,23.11596984863281,Leave_One_experiments/all_year_offline_schedule_search/daily_outputs/FQA/FQA_2019_FQA2019_stress_grid_S0007_daily.csv
FQA,FQA,Fengqiu,2019,Leave_One_experiments\wth_generated_qc\FQA\FQA2019.WTH,dry_year;water_stress_year;nitrogen_stress_year,water_stress,FQA2019_stress_grid_S0007,pareto_balanced,2019-08-02,214,58,53,"{""sim_day"": 58.0, ""doy"": 214.0, ""topwt"": 1903.5577392578125, ""grnwt"": 0.0, ""xlai"": 1.236783742904663, ""totir"": 40.0, ""tofer"": NaN, ""swfac"": 0.0, ""nstres"": 0.4191204309463501}",0.0,0.4191204309463501,1903.5577392578125,0.0,1.236783742904663,40.0,,0.0,0.0,40.0,0.0,7.115969848632812,23.11596984863281,Leave_One_experiments/all_year_offline_schedule_search/daily_outputs/FQA/FQA_2019_FQA2019_stress_grid_S0007_daily.csv
FQA,FQA,Fengqiu,2019,Leave_One_experiments\wth_generated_qc\FQA\FQA2019.WTH,dry_year;water_stress_year;nitrogen_stress_year,water_stress,FQA2019_stress_grid_S0007,pareto_balanced,2019-08-03,215,59,54,"{""sim_day"": 59.0, ""doy"": 215.0, ""topwt"": 1982.2412109375, ""grnwt"": 0.0, ""xlai"": 1.2140933275222778, ""totir"": 40.0, ""tofer"": NaN, ""swfac"": 0.0, ""nstres"": 0.4227195382118225}",0.0,0.4227195382118225,1982.2412109375,0.0,1.2140933275222778,40.0,,0.0,0.0,40.0,0.0,7.115969848632812,23.11596984863281,Leave_One_experiments/all_year_offline_schedule_search/daily_outputs/FQA/FQA_2019_FQA2019_stress_grid_S0007_daily.csv
FQA,FQA,Fengqiu,2019,Leave_One_experiments\wth_generated_qc\FQA\FQA2019.WTH,dry_year;water_stress_year;nitrogen_stress_year,water_stress,FQA2019_stress_grid_S0007,pareto_balanced,2019-08-04,216,60,55,"{""sim_day"": 60.0, ""doy"": 216.0, ""topwt"": 2061.6465759277344, ""grnwt"": 0.0, ""xlai"": 1.1922751665115356, ""totir"": 40.0, ""tofer"": NaN, ""swfac"": 0.0, ""nstres"": 0.4241654872894287}",0.0,0.4241654872894287,2061.6465759277344,0.0,1.1922751665115356,40.0,,0.0,0.0,40.0,0.0,7.115969848632812,23.11596984863281,Leave_One_experiments/all_year_offline_schedule_search/daily_outputs/FQA/FQA_2019_FQA2019_stress_grid_S0007_daily.csv
FQA,FQA,Fengqiu,2019,Leave_One_experiments\wth_generated_qc\FQA\FQA2019.WTH,dry_year;water_stress_year;nitrogen_stress_year,water_stress,FQA2019_stress_grid_S0007,pareto_balanced,2019-08-05,217,61,56,"{""sim_day"": 61.0, ""doy"": 217.0, ""topwt"": 2128.907623291016, ""grnwt"": 0.0, ""xlai"": 1.1677494049072266, ""totir"": 40.0, ""tofer"": NaN, ""swfac"": 0.0, ""nstres"": 0.4314351677894592}",0.0,0.4314351677894592,2128.907623291016,0.0,1.1677494049072266,40.0,,0.0,0.0,40.0,0.0,7.115969848632812,23.11596984863281,Leave_One_experiments/all_year_offline_schedule_search/daily_outputs/FQA/FQA_2019_FQA2019_stress_grid_S0007_daily.csv
FQA,FQA,Fengqiu,2019,Leave_One_experiments\wth_generated_qc\FQA\FQA2019.WTH,dry_year;water_stress_year;nitrogen_stress_year,water_stress,FQA2019_stress_grid_S0007,pareto_balanced,2019-08-06,218,62,57,"{""sim_day"": 62.0, ""doy"": 218.0, ""topwt"": 2199.185028076172, ""grnwt"": 0.0, ""xlai"": 1.1447176933288574, ""totir"": 40.0, ""tofer"": NaN, ""swfac"": 0.0, ""nstres"": 0.4336192607879638}",0.0,0.4336192607879638,2199.185028076172,0.0,1.1447176933288574,40.0,,0.0,0.0,40.0,0.0,7.115969848632812,23.11596984863281,Leave_One_experiments/all_year_offline_schedule_search/daily_outputs/FQA/FQA_2019_FQA2019_stress_grid_S0007_daily.csv
FQA,FQA,Fengqiu,2019,Leave_One_experiments\wth_generated_qc\FQA\FQA2019.WTH,dry_year;water_stress_year;nitrogen_stress_year,water_stress,FQA2019_stress_grid_S0007,pareto_balanced,2019-08-07,219,63,58,"{""sim_day"": 63.0, ""doy"": 219.0, ""topwt"": 2271.9110107421875, ""grnwt"": 0.0, ""xlai"": 1.123090147972107, ""totir"": 40.0, ""tofer"": NaN, ""swfac"": 0.0, ""nstres"": 0.4337069392204284}",0.0,0.4337069392204284,2271.9110107421875,0.0,1.123090147972107,40.0,,0.0,0.0,40.0,0.0,7.115969848632812,23.11596984863281,Leave_One_experiments/all_year_offline_schedule_search/daily_outputs/FQA/FQA_2019_FQA2019_stress_grid_S0007_daily.csv
FQA,FQA,Fengqiu,2019,Leave_One_experiments\wth_generated_qc\FQA\FQA2019.WTH,dry_year;water_stress_year;nitrogen_stress_year,water_stress,FQA2019_stress_grid_S0007,pareto_balanced,2019-08-08,220,64,59,"{""sim_day"": 64.0, ""doy"": 220.0, ""topwt"": 2350.732421875, ""grnwt"": 0.0, ""xlai"": 1.1037366390228271, ""totir"": 40.0, ""tofer"": NaN, ""swfac"": 0.0, ""nstres"": 0.4338217377662658}",0.0,0.4338217377662658,2350.732421875,0.0,1.1037366390228271,40.0,,0.0,0.0,40.0,0.0,7.115969848632812,23.11596984863281,Leave_One_experiments/all_year_offline_schedule_search/daily_outputs/FQA/FQA_2019_FQA2019_stress_grid_S0007_daily.csv
FQA,FQA,Fengqiu,2019,Leave_One_experiments\wth_generated_qc\FQA\FQA2019.WTH,dry_year;water_stress_year;nitrogen_stress_year,water_stress,FQA2019_stress_grid_S0007,pareto_balanced,2019-08-09,221,65,60,"{""sim_day"": 65.0, ""doy"": 221.0, ""topwt"": 2388.241424560547, ""grnwt"": 0.0, ""xlai"": 1.0748648643493652, ""totir"": 40.0, ""tofer"": NaN, ""swfac"": 0.0, ""nstres"": 0.4280976057052612}",0.0,0.4280976057052612,2388.241424560547,0.0,1.0748648643493652,40.0,,0.0,0.0,40.0,0.0,7.115969848632812,23.11596984863281,Leave_One_experiments/all_year_offline_schedule_search/daily_outputs/FQA/FQA_2019_FQA2019_stress_grid_S0007_daily.csv
FQA,FQA,Fengqiu,2019,Leave_One_experiments\wth_generated_qc\FQA\FQA2019.WTH,dry_year;water_stress_year;nitrogen_stress_year,water_stress,FQA2019_stress_grid_S0007,pareto_balanced,2019-08-10,222,66,61,"{""sim_day"": 66.0, ""doy"": 222.0, ""topwt"": 2430.753326416016, ""grnwt"": 0.0, ""xlai"": 1.048577904701233, ""totir"": 40.0, ""tofer"": NaN, ""swfac"": 0.0, ""nstres"": 0.4208685159683227}",0.0,0.4208685159683227,2430.753326416016,0.0,1.048577904701233,40.0,,0.0,0.0,40.0,0.0,7.115969848632812,23.11596984863281,Leave_One_experiments/all_year_offline_schedule_search/daily_outputs/FQA/FQA_2019_FQA2019_stress_grid_S0007_daily.csv
FQA,FQA,Fengqiu,2019,Leave_One_experiments\wth_generated_qc\FQA\FQA2019.WTH,dry_year;water_stress_year;nitrogen_stress_year,water_stress,FQA2019_stress_grid_S0007,pareto_balanced,2019-08-11,223,67,62,"{""sim_day"": 67.0, ""doy"": 223.0, ""topwt"": 2479.7772216796875, ""grnwt"": 0.0, ""xlai"": 1.0250450372695925, ""totir"": 40.0, ""tofer"": NaN, ""swfac"": 0.0, ""nstres"": 0.4160593748092651}",0.0,0.4160593748092651,2479.7772216796875,0.0,1.0250450372695925,40.0,,0.0,0.0,40.0,0.0,7.115969848632812,23.11596984863281,Leave_One_experiments/all_year_offline_schedule_search/daily_outputs/FQA/FQA_2019_FQA2019_stress_grid_S0007_daily.csv
FQA,FQA,Fengqiu,2019,Leave_One_experiments\wth_generated_qc\FQA\FQA2019.WTH,dry_year;water_stress_year;nitrogen_stress_year,water_stress,FQA2019_stress_grid_S0007,pareto_balanced,2019-08-12,224,68,63,"{""sim_day"": 68.0, ""doy"": 224.0, ""topwt"": 2592.4737548828125, ""grnwt"": 0.0, ""xlai"": 0.9905226230621338, ""totir"": 40.0, ""tofer"": NaN, ""swfac"": 0.0, ""nstres"": 0.408293604850769}",0.0,0.408293604850769,2592.4737548828125,0.0,0.9905226230621338,40.0,,0.0,0.0,40.0,0.0,7.115969848632812,23.11596984863281,Leave_One_experiments/all_year_offline_schedule_search/daily_outputs/FQA/FQA_2019_FQA2019_stress_grid_S0007_daily.csv
FQA,FQA,Fengqiu,2019,Leave_One_experiments\wth_generated_qc\FQA\FQA2019.WTH,dry_year;water_stress_year;nitrogen_stress_year,water_stress,FQA2019_stress_grid_S0007,pareto_balanced,2019-08-13,225,69,64,"{""sim_day"": 69.0, ""doy"": 225.0, ""topwt"": 2700.14404296875, ""grnwt"": 0.0, ""xlai"": 0.9578673839569092, ""totir"": 40.0, ""tofer"": NaN, ""swfac"": 0.0, ""nstres"": 0.3912245035171509}",0.0,0.3912245035171509,2700.14404296875,0.0,0.9578673839569092,40.0,,0.0,0.0,40.0,0.0,7.115969848632812,23.11596984863281,Leave_One_experiments/all_year_offline_schedule_search/daily_outputs/FQA/FQA_2019_FQA2019_stress_grid_S0007_daily.csv
FQA,FQA,Fengqiu,2019,Leave_One_experiments\wth_generated_qc\FQA\FQA2019.WTH,dry_year;water_stress_year;nitrogen_stress_year,water_stress,FQA2019_stress_grid_S0007,pareto_balanced,2019-08-14,226,70,65,"{""sim_day"": 70.0, ""doy"": 226.0, ""topwt"": 2825.3350830078125, ""grnwt"": 0.0, ""xlai"": 0.9261031150817872, ""totir"": 40.0, ""tofer"": NaN, ""swfac"": 0.0, ""nstres"": 0.3958725929260254}",0.0,0.3958725929260254,2825.3350830078125,0.0,0.9261031150817872,40.0,,0.0,0.0,40.0,0.0,7.115969848632812,23.11596984863281,Leave_One_experiments/all_year_offline_schedule_search/daily_outputs/FQA/FQA_2019_FQA2019_stress_grid_S0007_daily.csv
FQA,FQA,Fengqiu,2019,Leave_One_experiments\wth_generated_qc\FQA\FQA2019.WTH,dry_year;water_stress_year;nitrogen_stress_year,water_stress,FQA2019_stress_grid_S0007,pareto_balanced,2019-08-15,227,71,66,"{""sim_day"": 71.0, ""doy"": 227.0, ""topwt"": 2934.7146606445312, ""grnwt"": 0.0, ""xlai"": 0.8954125046730042, ""totir"": 40.0, ""tofer"": NaN, ""swfac"": 0.0, ""nstres"": 0.39534991979599}",0.0,0.39534991979599,2934.7146606445312,0.0,0.8954125046730042,40.0,,0.0,0.0,40.0,0.0,7.115969848632812,23.11596984863281,Leave_One_experiments/all_year_offline_schedule_search/daily_outputs/FQA/FQA_2019_FQA2019_stress_grid_S0007_daily.csv
FQA,FQA,Fengqiu,2019,Leave_One_experiments\wth_generated_qc\FQA\FQA2019.WTH,dry_year;water_stress_year;nitrogen_stress_year,water_stress,FQA2019_stress_grid_S0007,pareto_balanced,2019-08-16,228,72,67,"{""sim_day"": 72.0, ""doy"": 228.0, ""topwt"": 3046.6433715820312, ""grnwt"": 0.0, ""xlai"": 0.8657245635986328, ""totir"": 40.0, ""tofer"": NaN, ""swfac"": 0.0, ""nstres"": 0.3957330584526062}",0.0,0.3957330584526062,3046.6433715820312,0.0,0.8657245635986328,40.0,,0.0,0.0,40.0,0.0,7.115969848632812,23.11596984863281,Leave_One_experiments/all_year_offline_schedule_search/daily_outputs/FQA/FQA_2019_FQA2019_stress_grid_S0007_daily.csv
FQA,FQA,Fengqiu,2019,Leave_One_experiments\wth_generated_qc\FQA\FQA2019.WTH,dry_year;water_stress_year;nitrogen_stress_year,water_stress,FQA2019_stress_grid_S0007,pareto_balanced,2019-08-17,229,73,68,"{""sim_day"": 73.0, ""doy"": 229.0, ""topwt"": 3152.2125244140625, ""grnwt"": 0.0, ""xlai"": 0.8372602462768555, ""totir"": 40.0, ""tofer"": NaN, ""swfac"": 0.0, ""nstres"": 0.3891017436981201}",0.0,0.3891017436981201,3152.2125244140625,0.0,0.8372602462768555,40.0,,0.0,0.0,40.0,0.0,7.115969848632812,23.11596984863281,Leave_One_experiments/all_year_offline_schedule_search/daily_outputs/FQA/FQA_2019_FQA2019_stress_grid_S0007_daily.csv
FQA,FQA,Fengqiu,2019,Leave_One_experiments\wth_generated_qc\FQA\FQA2019.WTH,dry_year;water_stress_year;nitrogen_stress_year,water_stress,FQA2019_stress_grid_S0007,pareto_balanced,2019-08-18,230,74,69,"{""sim_day"": 74.0, ""doy"": 230.0, ""topwt"": 3252.147521972656, ""grnwt"": 0.0, ""xlai"": 0.809981644153595, ""totir"": 40.0, ""tofer"": NaN, ""swfac"": 0.0, ""nstres"": 0.3819404244422912}",0.0,0.3819404244422912,3252.147521972656,0.0,0.809981644153595,40.0,,0.0,0.0,40.0,0.0,7.115969848632812,23.11596984863281,Leave_One_experiments/all_year_offline_schedule_search/daily_outputs/FQA/FQA_2019_FQA2019_stress_grid_S0007_daily.csv
FQA,FQA,Fengqiu,2019,Leave_One_experiments\wth_generated_qc\FQA\FQA2019.WTH,dry_year;water_stress_year;nitrogen_stress_year,water_stress,FQA2019_stress_grid_S0007,pareto_balanced,2019-08-19,231,75,70,"{""sim_day"": 75.0, ""doy"": 231.0, ""topwt"": 3342.1267700195312, ""grnwt"": 0.0, ""xlai"": 0.7838938236236572, ""totir"": 40.0, ""tofer"": NaN, ""swfac"": 0.0, ""nstres"": 0.3729885220527649}",0.0,0.3729885220527649,3342.1267700195312,0.0,0.7838938236236572,40.0,,0.0,0.0,40.0,0.0,7.115969848632812,23.11596984863281,Leave_One_experiments/all_year_offline_schedule_search/daily_outputs/FQA/FQA_2019_FQA2019_stress_grid_S0007_daily.csv
FQA,FQA,Fengqiu,2019,Leave_One_experiments\wth_generated_qc\FQA\FQA2019.WTH,dry_year;water_stress_year;nitrogen_stress_year,water_stress,FQA2019_stress_grid_S0007,pareto_balanced,2019-08-20,232,76,71,"{""sim_day"": 76.0, ""doy"": 232.0, ""topwt"": 3339.6176147460938, ""grnwt"": 0.0, ""xlai"": 0.7589515447616577, ""totir"": 40.0, ""tofer"": NaN, ""swfac"": 0.0, ""nstres"": 0.3636438250541687}",0.0,0.3636438250541687,3339.6176147460938,0.0,0.7589515447616577,40.0,,0.0,0.0,40.0,0.0,7.115969848632812,23.11596984863281,Leave_One_experiments/all_year_offline_schedule_search/daily_outputs/FQA/FQA_2019_FQA2019_stress_grid_S0007_daily.csv
FQA,FQA,Fengqiu,2019,Leave_One_experiments\wth_generated_qc\FQA\FQA2019.WTH,dry_year;water_stress_year;nitrogen_stress_year,water_stress,FQA2019_stress_grid_S0007,pareto_balanced,2019-08-21,233,77,72,"{""sim_day"": 77.0, ""doy"": 233.0, ""topwt"": 3428.983459472656, ""grnwt"": 233.83583068847656, ""xlai"": 0.7352815270423889, ""totir"": 40.0, ""tofer"": NaN, ""swfac"": 0.0, ""nstres"": 0.3485076427459717}",0.0,0.3485076427459717,3428.983459472656,233.83583068847656,0.7352815270423889,40.0,,0.0,0.0,40.0,0.0,7.115969848632812,23.11596984863281,Leave_One_experiments/all_year_offline_schedule_search/daily_outputs/FQA/FQA_2019_FQA2019_stress_grid_S0007_daily.csv
FQA,FQA,Fengqiu,2019,Leave_One_experiments\wth_generated_qc\FQA\FQA2019.WTH,dry_year;water_stress_year;nitrogen_stress_year,water_stress,FQA2019_stress_grid_S0007,pareto_balanced,2019-08-22,234,78,73,"{""sim_day"": 78.0, ""doy"": 234.0, ""topwt"": 3516.489562988281, ""grnwt"": 319.52423095703125, ""xlai"": 0.7109628915786743, ""totir"": 40.0, ""tofer"": NaN, ""swfac"": 0.0, ""nstres"": 0.3937735557556152}",0.0,0.3937735557556152,3516.489562988281,319.52423095703125,0.7109628915786743,40.0,,0.0,0.0,40.0,0.0,7.115969848632812,23.11596984863281,Leave_One_experiments/all_year_offline_schedule_search/daily_outputs/FQA/FQA_2019_FQA2019_stress_grid_S0007_daily.csv
FQA,FQA,Fengqiu,2019,Leave_One_experiments\wth_generated_qc\FQA\FQA2019.WTH,dry_year;water_stress_year;nitrogen_stress_year,water_stress,FQA2019_stress_grid_S0007,pareto_balanced,2019-08-23,235,79,74,"{""sim_day"": 79.0, ""doy"": 235.0, ""topwt"": 3606.5402221679688, ""grnwt"": 408.16741943359375, ""xlai"": 0.6889185309410095, ""totir"": 40.0, ""tofer"": NaN, ""swfac"": 0.0, ""nstres"": 0.3441498279571533}",0.0,0.3441498279571533,3606.5402221679688,408.16741943359375,0.6889185309410095,40.0,,0.0,0.0,40.0,0.0,7.115969848632812,23.11596984863281,Leave_One_experiments/all_year_offline_schedule_search/daily_outputs/FQA/FQA_2019_FQA2019_stress_grid_S0007_daily.csv
FQA,FQA,Fengqiu,2019,Leave_One_experiments\wth_generated_qc\FQA\FQA2019.WTH,dry_year;water_stress_year;nitrogen_stress_year,water_stress,FQA2019_stress_grid_S0007,pareto_balanced,2019-08-24,236,80,75,"{""sim_day"": 80.0, ""doy"": 236.0, ""topwt"": 3656.827087402344, ""grnwt"": 502.72010803222656, ""xlai"": 0.6675188541412354, ""totir"": 40.0, ""tofer"": NaN, ""swfac"": 0.0, ""nstres"": 0.3455044627189636}",0.0,0.3455044627189636,3656.827087402344,502.72010803222656,0.6675188541412354,40.0,,0.0,0.0,40.0,0.0,7.115969848632812,23.11596984863281,Leave_One_experiments/all_year_offline_schedule_search/daily_outputs/FQA/FQA_2019_FQA2019_stress_grid_S0007_daily.csv
FQA,FQA,Fengqiu,2019,Leave_One_experiments\wth_generated_qc\FQA\FQA2019.WTH,dry_year;water_stress_year;nitrogen_stress_year,water_stress,FQA2019_stress_grid_S0007,pareto_balanced,2019-08-25,237,81,76,"{""sim_day"": 81.0, ""doy"": 237.0, ""topwt"": 3753.687744140625, ""grnwt"": 597.2727966308594, ""xlai"": 0.6467917561531067, ""totir"": 40.0, ""tofer"": NaN, ""swfac"": 0.0, ""nstres"": 0.3452214002609253}",0.0,0.3452214002609253,3753.687744140625,597.2727966308594,0.6467917561531067,40.0,,0.0,0.0,40.0,0.0,7.115969848632812,23.11596984863281,Leave_One_experiments/all_year_offline_schedule_search/daily_outputs/FQA/FQA_2019_FQA2019_stress_grid_S0007_daily.csv
FQA,FQA,Fengqiu,2019,Leave_One_experiments\wth_generated_qc\FQA\FQA2019.WTH,dry_year;water_stress_year;nitrogen_stress_year,water_stress,FQA2019_stress_grid_S0007,pareto_balanced,2019-08-26,238,82,77,"{""sim_day"": 82.0, ""doy"": 238.0, ""topwt"": 3777.065124511719, ""grnwt"": 691.8254852294922, ""xlai"": 0.6270506381988525, ""totir"": 40.0, ""tofer"": NaN, ""swfac"": 0.0, ""nstres"": 0.3325188159942627}",0.0,0.3325188159942627,3777.065124511719,691.8254852294922,0.6270506381988525,40.0,,0.0,0.0,40.0,0.0,7.115969848632812,23.11596984863281,Leave_One_experiments/all_year_offline_schedule_search/daily_outputs/FQA/FQA_2019_FQA2019_stress_grid_S0007_daily.csv
FQA,FQA,Fengqiu,2019,Leave_One_experiments\wth_generated_qc\FQA\FQA2019.WTH,dry_year;water_stress_year;nitrogen_stress_year,water_stress,FQA2019_stress_grid_S0007,pareto_balanced,2019-08-27,239,83,78,"{""sim_day"": 83.0, ""doy"": 239.0, ""topwt"": 3881.4187622070312, ""grnwt"": 785.7872772216797, ""xlai"": 0.6078710556030273, ""totir"": 40.0, ""tofer"": NaN, ""swfac"": 0.0, ""nstres"": 0.3340882062911987}",0.0,0.3340882062911987,3881.4187622070312,785.7872772216797,0.6078710556030273,40.0,,0.0,0.0,40.0,0.0,7.115969848632812,23.11596984863281,Leave_One_experiments/all_year_offline_schedule_search/daily_outputs/FQA/FQA_2019_FQA2019_stress_grid_S0007_daily.csv
FQA,FQA,Fengqiu,2019,Leave_One_experiments\wth_generated_qc\FQA\FQA2019.WTH,dry_year;water_stress_year;nitrogen_stress_year,water_stress,FQA2019_stress_grid_S0007,pareto_balanced,2019-08-28,240,84,79,"{""sim_day"": 84.0, ""doy"": 240.0, ""topwt"": 3990.4400634765625, ""grnwt"": 880.3399658203125, ""xlai"": 0.5898226499557495, ""totir"": 40.0, ""tofer"": NaN, ""swfac"": 0.0, ""nstres"": 0.3125886917114258}",0.0,0.3125886917114258,3990.4400634765625,880.3399658203125,0.5898226499557495,40.0,,0.0,0.0,40.0,0.0,7.115969848632812,23.11596984863281,Leave_One_experiments/all_year_offline_schedule_search/daily_outputs/FQA/FQA_2019_FQA2019_stress_grid_S0007_daily.csv
FQA,FQA,Fengqiu,2019,Leave_One_experiments\wth_generated_qc\FQA\FQA2019.WTH,dry_year;water_stress_year;nitrogen_stress_year,water_stress,FQA2019_stress_grid_S0007,pareto_balanced,2019-08-29,241,85,80,"{""sim_day"": 85.0, ""doy"": 241.0, ""topwt"": 4091.4056396484375, ""grnwt"": 974.8926544189452, ""xlai"": 0.5720083117485046, ""totir"": 40.0, ""tofer"": NaN, ""swfac"": 0.0, ""nstres"": 0.3248705267906189}",0.0,0.3248705267906189,4091.4056396484375,974.8926544189452,0.5720083117485046,40.0,,0.0,0.0,40.0,0.0,7.115969848632812,23.11596984863281,Leave_One_experiments/all_year_offline_schedule_search/daily_outputs/FQA/FQA_2019_FQA2019_stress_grid_S0007_daily.csv
FQA,FQA,Fengqiu,2019,Leave_One_experiments\wth_generated_qc\FQA\FQA2019.WTH,dry_year;water_stress_year;nitrogen_stress_year,water_stress,FQA2019_stress_grid_S0007,pareto_balanced,2019-08-30,242,86,81,"{""sim_day"": 86.0, ""doy"": 242.0, ""topwt"": 4190.927734375, ""grnwt"": 1069.445343017578, ""xlai"": 0.5544157028198242, ""totir"": 40.0, ""tofer"": NaN, ""swfac"": 0.0, ""nstres"": 0.3381386995315552}",0.0,0.3381386995315552,4190.927734375,1069.445343017578,0.5544157028198242,40.0,,0.0,0.0,40.0,0.0,7.115969848632812,23.11596984863281,Leave_One_experiments/all_year_offline_schedule_search/daily_outputs/FQA/FQA_2019_FQA2019_stress_grid_S0007_daily.csv
FQA,FQA,Fengqiu,2019,Leave_One_experiments\wth_generated_qc\FQA\FQA2019.WTH,dry_year;water_stress_year;nitrogen_stress_year,water_stress,FQA2019_stress_grid_S0007,pareto_balanced,2019-08-31,243,87,82,"{""sim_day"": 87.0, ""doy"": 243.0, ""topwt"": 4280.7958984375, ""grnwt"": 1163.998031616211, ""xlai"": 0.5371459126472473, ""totir"": 40.0, ""tofer"": NaN, ""swfac"": 0.0, ""nstres"": 0.3475879430770874}",0.0,0.3475879430770874,4280.7958984375,1163.998031616211,0.5371459126472473,40.0,,0.0,0.0,40.0,0.0,7.115969848632812,23.11596984863281,Leave_One_experiments/all_year_offline_schedule_search/daily_outputs/FQA/FQA_2019_FQA2019_stress_grid_S0007_daily.csv
FQA,FQA,Fengqiu,2019,Leave_One_experiments\wth_generated_qc\FQA\FQA2019.WTH,dry_year;water_stress_year;nitrogen_stress_year,water_stress,FQA2019_stress_grid_S0007,pareto_balanced,2019-09-01,244,88,83,"{""sim_day"": 88.0, ""doy"": 244.0, ""topwt"": 4339.382629394531, ""grnwt"": 1258.5507202148438, ""xlai"": 0.5202234387397766, ""totir"": 40.0, ""tofer"": NaN, ""swfac"": 0.0, ""nstres"": 0.3561062812805176}",0.0,0.3561062812805176,4339.382629394531,1258.5507202148438,0.5202234387397766,40.0,,0.0,0.0,40.0,0.0,7.115969848632812,23.11596984863281,Leave_One_experiments/all_year_offline_schedule_search/daily_outputs/FQA/FQA_2019_FQA2019_stress_grid_S0007_daily.csv
FQA,FQA,Fengqiu,2019,Leave_One_experiments\wth_generated_qc\FQA\FQA2019.WTH,dry_year;water_stress_year;nitrogen_stress_year,water_stress,FQA2019_stress_grid_S0007,pareto_balanced,2019-09-02,245,89,84,"{""sim_day"": 89.0, ""doy"": 245.0, ""topwt"": 4416.417846679688, ""grnwt"": 1353.103485107422, ""xlai"": 0.503738284111023, ""totir"": 40.0, ""tofer"": NaN, ""swfac"": 0.0, ""nstres"": 0.3605280518531799}",0.0,0.3605280518531799,4416.417846679688,1353.103485107422,0.503738284111023,40.0,,0.0,0.0,40.0,0.0,7.115969848632812,23.11596984863281,Leave_One_experiments/all_year_offline_schedule_search/daily_outputs/FQA/FQA_2019_FQA2019_stress_grid_S0007_daily.csv
FQA,FQA,Fengqiu,2019,Leave_One_experiments\wth_generated_qc\FQA\FQA2019.WTH,dry_year;water_stress_year;nitrogen_stress_year,water_stress,FQA2019_stress_grid_S0007,pareto_balanced,2019-09-03,246,90,85,"{""sim_day"": 90.0, ""doy"": 246.0, ""topwt"": 4491.610107421875, ""grnwt"": 1447.65625, ""xlai"": 0.4878836870193481, ""totir"": 40.0, ""tofer"": NaN, ""swfac"": 0.0, ""nstres"": 0.3553736805915832}",0.0,0.3553736805915832,4491.610107421875,1447.65625,0.4878836870193481,40.0,,0.0,0.0,40.0,0.0,7.115969848632812,23.11596984863281,Leave_One_experiments/all_year_offline_schedule_search/daily_outputs/FQA/FQA_2019_FQA2019_stress_grid_S0007_daily.csv
FQA,FQA,Fengqiu,2019,Leave_One_experiments\wth_generated_qc\FQA\FQA2019.WTH,dry_year;water_stress_year;nitrogen_stress_year,water_stress,FQA2019_stress_grid_S0007,pareto_balanced,2019-09-04,247,91,86,"{""sim_day"": 91.0, ""doy"": 247.0, ""topwt"": 4579.88525390625, ""grnwt"": 1542.209014892578, ""xlai"": 0.4724552631378174, ""totir"": 40.0, ""tofer"": NaN, ""swfac"": 0.0, ""nstres"": 0.3589553236961365}",0.0,0.3589553236961365,4579.88525390625,1542.209014892578,0.4724552631378174,40.0,,0.0,0.0,40.0,0.0,7.115969848632812,23.11596984863281,Leave_One_experiments/all_year_offline_schedule_search/daily_outputs/FQA/FQA_2019_FQA2019_stress_grid_S0007_daily.csv
FQA,FQA,Fengqiu,2019,Leave_One_experiments\wth_generated_qc\FQA\FQA2019.WTH,dry_year;water_stress_year;nitrogen_stress_year,water_stress,FQA2019_stress_grid_S0007,pareto_balanced,2019-09-05,248,92,87,"{""sim_day"": 92.0, ""doy"": 248.0, ""topwt"": 4663.507690429688, ""grnwt"": 1636.7617797851562, ""xlai"": 0.4574544727802276, ""totir"": 40.0, ""tofer"": NaN, ""swfac"": 0.0, ""nstres"": 0.362015962600708}",0.0,0.362015962600708,4663.507690429688,1636.7617797851562,0.4574544727802276,40.0,,0.0,0.0,40.0,0.0,7.115969848632812,23.11596984863281,Leave_One_experiments/all_year_offline_schedule_search/daily_outputs/FQA/FQA_2019_FQA2019_stress_grid_S0007_daily.csv
FQA,FQA,Fengqiu,2019,Leave_One_experiments\wth_generated_qc\FQA\FQA2019.WTH,dry_year;water_stress_year;nitrogen_stress_year,water_stress,FQA2019_stress_grid_S0007,pareto_balanced,2019-09-06,249,93,88,"{""sim_day"": 93.0, ""doy"": 249.0, ""topwt"": 4740.870971679688, ""grnwt"": 1731.3145446777344, ""xlai"": 0.4427632689476013, ""totir"": 40.0, ""tofer"": NaN, ""swfac"": 0.0, ""nstres"": 0.3707618713378906}",0.0,0.3707618713378906,4740.870971679688,1731.3145446777344,0.4427632689476013,40.0,,0.0,0.0,40.0,0.0,7.115969848632812,23.11596984863281,Leave_One_experiments/all_year_offline_schedule_search/daily_outputs/FQA/FQA_2019_FQA2019_stress_grid_S0007_daily.csv
FQA,FQA,Fengqiu,2019,Leave_One_experiments\wth_generated_qc\FQA\FQA2019.WTH,dry_year;water_stress_year;nitrogen_stress_year,water_stress,FQA2019_stress_grid_S0007,pareto_balanced,2019-09-07,250,94,89,"{""sim_day"": 94.0, ""doy"": 250.0, ""topwt"": 4814.3310546875, ""grnwt"": 1825.8673095703125, ""xlai"": 0.4284306466579437, ""totir"": 40.0, ""tofer"": NaN, ""swfac"": 0.0, ""nstres"": 0.3768991231918335}",0.0,0.3768991231918335,4814.3310546875,1825.8673095703125,0.4284306466579437,40.0,,0.0,0.0,40.0,0.0,7.115969848632812,23.11596984863281,Leave_One_experiments/all_year_offline_schedule_search/daily_outputs/FQA/FQA_2019_FQA2019_stress_grid_S0007_daily.csv
FQA,FQA,Fengqiu,2019,Leave_One_experiments\wth_generated_qc\FQA\FQA2019.WTH,dry_year;water_stress_year;nitrogen_stress_year,water_stress,FQA2019_stress_grid_S0007,pareto_balanced,2019-09-08,251,95,90,"{""sim_day"": 95.0, ""doy"": 251.0, ""topwt"": 4879.68505859375, ""grnwt"": 1920.4200744628904, ""xlai"": 0.414506047964096, ""totir"": 40.0, ""tofer"": NaN, ""swfac"": 0.0, ""nstres"": 0.3800318241119385}",0.0,0.3800318241119385,4879.68505859375,1920.4200744628904,0.414506047964096,40.0,,0.0,0.0,40.0,0.0,7.115969848632812,23.11596984863281,Leave_One_experiments/all_year_offline_schedule_search/daily_outputs/FQA/FQA_2019_FQA2019_stress_grid_S0007_daily.csv
FQA,FQA,Fengqiu,2019,Leave_One_experiments\wth_generated_qc\FQA\FQA2019.WTH,dry_year;water_stress_year;nitrogen_stress_year,water_stress,FQA2019_stress_grid_S0007,pareto_balanced,2019-09-09,252,96,91,"{""sim_day"": 96.0, ""doy"": 252.0, ""topwt"": 4903.086853027344, ""grnwt"": 2014.9728393554688, ""xlai"": 0.4010113179683685, ""totir"": 40.0, ""tofer"": NaN, ""swfac"": 0.0, ""nstres"": 0.3813478946685791}",0.0,0.3813478946685791,4903.086853027344,2014.9728393554688,0.4010113179683685,40.0,,0.0,0.0,40.0,0.0,7.115969848632812,23.11596984863281,Leave_One_experiments/all_year_offline_schedule_search/daily_outputs/FQA/FQA_2019_FQA2019_stress_grid_S0007_daily.csv
FQA,FQA,Fengqiu,2019,Leave_One_experiments\wth_generated_qc\FQA\FQA2019.WTH,dry_year;water_stress_year;nitrogen_stress_year,water_stress,FQA2019_stress_grid_S0007,pareto_balanced,2019-09-10,253,97,92,"{""sim_day"": 97.0, ""doy"": 253.0, ""topwt"": 4908.447570800781, ""grnwt"": 2109.525604248047, ""xlai"": 0.3879406154155731, ""totir"": 40.0, ""tofer"": NaN, ""swfac"": 0.0, ""nstres"": 0.3822630643844604}",0.0,0.3822630643844604,4908.447570800781,2109.525604248047,0.3879406154155731,40.0,,0.0,0.0,40.0,0.0,7.115969848632812,23.11596984863281,Leave_One_experiments/all_year_offline_schedule_search/daily_outputs/FQA/FQA_2019_FQA2019_stress_grid_S0007_daily.csv
FQA,FQA,Fengqiu,2019,Leave_One_experiments\wth_generated_qc\FQA\FQA2019.WTH,dry_year;water_stress_year;nitrogen_stress_year,water_stress,FQA2019_stress_grid_S0007,pareto_balanced,2019-09-11,254,98,93,"{""sim_day"": 98.0, ""doy"": 254.0, ""topwt"": 4915.5126953125, ""grnwt"": 2204.078369140625, ""xlai"": 0.3757777214050293, ""totir"": 40.0, ""tofer"": NaN, ""swfac"": 0.0, ""nstres"": 0.3524617552757263}",0.0,0.3524617552757263,4915.5126953125,2204.078369140625,0.3757777214050293,40.0,,0.0,0.0,40.0,0.0,7.115969848632812,23.11596984863281,Leave_One_experiments/all_year_offline_schedule_search/daily_outputs/FQA/FQA_2019_FQA2019_stress_grid_S0007_daily.csv
FQA,FQA,Fengqiu,2019,Leave_One_experiments\wth_generated_qc\FQA\FQA2019.WTH,dry_year;water_stress_year;nitrogen_stress_year,water_stress,FQA2019_stress_grid_S0007,pareto_balanced,2019-09-12,255,99,94,"{""sim_day"": 99.0, ""doy"": 255.0, ""topwt"": 4947.122802734375, ""grnwt"": 2298.631134033203, ""xlai"": 0.3644370138645172, ""totir"": 40.0, ""tofer"": NaN, ""swfac"": 0.0, ""nstres"": 0.3243039846420288}",0.0,0.3243039846420288,4947.122802734375,2298.631134033203,0.3644370138645172,40.0,,0.0,0.0,40.0,0.0,7.115969848632812,23.11596984863281,Leave_One_experiments/all_year_offline_schedule_search/daily_outputs/FQA/FQA_2019_FQA2019_stress_grid_S0007_daily.csv
FQA,FQA,Fengqiu,2019,Leave_One_experiments\wth_generated_qc\FQA\FQA2019.WTH,dry_year;water_stress_year;nitrogen_stress_year,water_stress,FQA2019_stress_grid_S0007,pareto_balanced,2019-09-13,256,100,95,"{""sim_day"": 100.0, ""doy"": 256.0, ""topwt"": 4968.0792236328125, ""grnwt"": 2393.183898925781, ""xlai"": 0.3537695109844208, ""totir"": 40.0, ""tofer"": NaN, ""swfac"": 0.0, ""nstres"": 0.3025060892105102}",0.0,0.3025060892105102,4968.0792236328125,2393.183898925781,0.3537695109844208,40.0,,0.0,0.0,40.0,0.0,7.115969848632812,23.11596984863281,Leave_One_experiments/all_year_offline_schedule_search/daily_outputs/FQA/FQA_2019_FQA2019_stress_grid_S0007_daily.csv
FQA,FQA,Fengqiu,2019,Leave_One_experiments\wth_generated_qc\FQA\FQA2019.WTH,dry_year;water_stress_year;nitrogen_stress_year,water_stress,FQA2019_stress_grid_S0007,pareto_balanced,2019-09-14,257,101,96,"{""sim_day"": 101.0, ""doy"": 257.0, ""topwt"": 4977.9638671875, ""grnwt"": 2487.7366638183594, ""xlai"": 0.3434105515480041, ""totir"": 40.0, ""tofer"": NaN, ""swfac"": 0.0, ""nstres"": 0.3027601242065429}",0.0,0.3027601242065429,4977.9638671875,2487.7366638183594,0.3434105515480041,40.0,,0.0,0.0,40.0,0.0,7.115969848632812,23.11596984863281,Leave_One_experiments/all_year_offline_schedule_search/daily_outputs/FQA/FQA_2019_FQA2019_stress_grid_S0007_daily.csv
FQA,FQA,Fengqiu,2019,Leave_One_experiments\wth_generated_qc\FQA\FQA2019.WTH,dry_year;water_stress_year;nitrogen_stress_year,water_stress,FQA2019_stress_grid_S0007,pareto_balanced,2019-09-15,258,102,97,"{""sim_day"": 102.0, ""doy"": 258.0, ""topwt"": 5025.192260742188, ""grnwt"": 2582.289428710937, ""xlai"": 0.3334634602069855, ""totir"": 40.0, ""tofer"": NaN, ""swfac"": 0.0, ""nstres"": 0.2951734066009521}",0.0,0.2951734066009521,5025.192260742188,2582.289428710937,0.3334634602069855,40.0,,0.0,0.0,40.0,0.0,7.115969848632812,23.11596984863281,Leave_One_experiments/all_year_offline_schedule_search/daily_outputs/FQA/FQA_2019_FQA2019_stress_grid_S0007_daily.csv
FQA,FQA,Fengqiu,2019,Leave_One_experiments\wth_generated_qc\FQA\FQA2019.WTH,dry_year;water_stress_year;nitrogen_stress_year,water_stress,FQA2019_stress_grid_S0007,pareto_balanced,2019-09-16,259,103,98,"{""sim_day"": 103.0, ""doy"": 259.0, ""topwt"": 4993.047790527344, ""grnwt"": 2596.8878173828125, ""xlai"": 0.3239570260047912, ""totir"": 40.0, ""tofer"": NaN, ""swfac"": 0.0, ""nstres"": 0.2841975092887878}",0.0,0.2841975092887878,4993.047790527344,2596.8878173828125,0.3239570260047912,40.0,,0.0,0.0,40.0,0.0,7.115969848632812,23.11596984863281,Leave_One_experiments/all_year_offline_schedule_search/daily_outputs/FQA/FQA_2019_FQA2019_stress_grid_S0007_daily.csv
FQA,FQA,Fengqiu,2019,Leave_One_experiments\wth_generated_qc\FQA\FQA2019.WTH,dry_year;water_stress_year;nitrogen_stress_year,water_stress,FQA2019_stress_grid_S0007,pareto_balanced,2019-09-17,260,104,99,"{""sim_day"": 104.0, ""doy"": 260.0, ""topwt"": 5051.207580566406, ""grnwt"": 2655.047607421875, ""xlai"": 0.3156079053878784, ""totir"": 40.0, ""tofer"": NaN, ""swfac"": 0.0, ""nstres"": 0.2185361981391906}",0.0,0.2185361981391906,5051.207580566406,2655.047607421875,0.3156079053878784,40.0,,0.0,0.0,40.0,0.0,7.115969848632812,23.11596984863281,Leave_One_experiments/all_year_offline_schedule_search/daily_outputs/FQA/FQA_2019_FQA2019_stress_grid_S0007_daily.csv
FQA,FQA,Fengqiu,2019,Leave_One_experiments\wth_generated_qc\FQA\FQA2019.WTH,dry_year;water_stress_year;nitrogen_stress_year,water_stress,FQA2019_stress_grid_S0007,pareto_balanced,2019-09-18,261,105,100,"{""sim_day"": 105.0, ""doy"": 261.0, ""topwt"": 5071.05712890625, ""grnwt"": 2674.8971557617188, ""xlai"": 0.3077515661716461, ""totir"": 40.0, ""tofer"": NaN, ""swfac"": 0.0, ""nstres"": 0.1991415023803711}",0.0,0.1991415023803711,5071.05712890625,2674.8971557617188,0.3077515661716461,40.0,,0.0,0.0,40.0,0.0,7.115969848632812,23.11596984863281,Leave_One_experiments/all_year_offline_schedule_search/daily_outputs/FQA/FQA_2019_FQA2019_stress_grid_S0007_daily.csv
FQA,FQA,Fengqiu,2019,Leave_One_experiments\wth_generated_qc\FQA\FQA2019.WTH,dry_year;water_stress_year;nitrogen_stress_year,water_stress,FQA2019_stress_grid_S0007,pareto_balanced,2019-09-19,262,106,101,"{""sim_day"": 106.0, ""doy"": 262.0, ""topwt"": 5107.7569580078125, ""grnwt"": 2711.596984863281, ""xlai"": 0.3004961907863617, ""totir"": 40.0, ""tofer"": NaN, ""swfac"": 0.0, ""nstres"": 0.1886032819747924}",0.0,0.1886032819747924,5107.7569580078125,2711.596984863281,0.3004961907863617,40.0,,0.0,0.0,40.0,0.0,7.115969848632812,23.11596984863281,Leave_One_experiments/all_year_offline_schedule_search/daily_outputs/FQA/FQA_2019_FQA2019_stress_grid_S0007_daily.csv
FQA,FQA,Fengqiu,2019,Leave_One_experiments\wth_generated_qc\FQA\FQA2019.WTH,dry_year;water_stress_year;nitrogen_stress_year,water_stress,FQA2019_stress_grid_S0007,pareto_balanced,2019-09-20,263,107,102,"{""sim_day"": 107.0, ""doy"": 263.0, ""topwt"": 5107.7569580078125, ""grnwt"": 2711.596984863281, ""xlai"": 0.3004961907863617, ""totir"": 40.0, ""tofer"": NaN, ""swfac"": 0.0, ""nstres"": 0.1852397322654724}",0.0,0.1852397322654724,5107.7569580078125,2711.596984863281,0.3004961907863617,40.0,,0.0,0.0,40.0,0.0,7.115969848632812,23.11596984863281,Leave_One_experiments/all_year_offline_schedule_search/daily_outputs/FQA/FQA_2019_FQA2019_stress_grid_S0007_daily.csv
FQA,FQA,Fengqiu,2019,Leave_One_experiments\wth_generated_qc\FQA\FQA2019.WTH,dry_year;water_stress_year;nitrogen_stress_year,water_stress,FQA2019_stress_grid_S0007,pareto_balanced,2019-09-21,264,108,103,"{""sim_day"": 108.0, ""doy"": 264.0, ""topwt"": 5107.7569580078125, ""grnwt"": 2711.596984863281, ""xlai"": 0.3004961907863617, ""totir"": 40.0, ""tofer"": NaN, ""swfac"": 0.0, ""nstres"": 0.1852397322654724}",0.0,0.1852397322654724,5107.7569580078125,2711.596984863281,0.3004961907863617,40.0,,0.0,0.0,40.0,0.0,7.115969848632812,23.11596984863281,Leave_One_experiments/all_year_offline_schedule_search/daily_outputs/FQA/FQA_2019_FQA2019_stress_grid_S0007_daily.csv
FQA,FQA,Fengqiu,2019,Leave_One_experiments\wth_generated_qc\FQA\FQA2019.WTH,dry_year;water_stress_year;nitrogen_stress_year,water_stress,FQA2019_stress_grid_S0007,pareto_balanced,2019-09-22,265,109,104,"{""sim_day"": 109.0, ""doy"": 265.0, ""topwt"": 5107.7569580078125, ""grnwt"": 2711.596984863281, ""xlai"": 0.3004961907863617, ""totir"": 40.0, ""tofer"": NaN, ""swfac"": 0.0, ""nstres"": 0.1852397322654724}",0.0,0.1852397322654724,5107.7569580078125,2711.596984863281,0.3004961907863617,40.0,,0.0,0.0,40.0,0.0,7.115969848632812,23.11596984863281,Leave_One_experiments/all_year_offline_schedule_search/daily_outputs/FQA/FQA_2019_FQA2019_stress_grid_S0007_daily.csv
FQA,FQA,Fengqiu,2019,Leave_One_experiments\wth_generated_qc\FQA\FQA2019.WTH,dry_year;water_stress_year;nitrogen_stress_year,water_stress,FQA2019_stress_grid_S0008,pareto_balanced,2019-06-11,162,1,1,"{""sim_day"": 1.0, ""doy"": 162.0, ""topwt"": 0.0, ""grnwt"": 0.0, ""xlai"": 0.0, ""totir"": 0.0, ""tofer"": NaN, ""swfac"": 0.0, ""nstres"": 0.0}",0.0,0.0,0.0,0.0,0.0,0.0,,0.0,0.0,40.0,0.0,7.115969848632812,23.11596984863281,Leave_One_experiments/all_year_offline_schedule_search/daily_outputs/FQA/FQA_2019_FQA2019_stress_grid_S0008_daily.csv
FQA,FQA,Fengqiu,2019,Leave_One_experiments\wth_generated_qc\FQA\FQA2019.WTH,dry_year;water_stress_year;nitrogen_stress_year,water_stress,FQA2019_stress_grid_S0008,pareto_balanced,2019-06-12,163,2,2,"{""sim_day"": 2.0, ""doy"": 163.0, ""topwt"": 0.0, ""grnwt"": 0.0, ""xlai"": 0.0, ""totir"": 0.0, ""tofer"": NaN, ""swfac"": 0.0, ""nstres"": 0.0}",0.0,0.0,0.0,0.0,0.0,0.0,,0.0,0.0,40.0,0.0,7.115969848632812,23.11596984863281,Leave_One_experiments/all_year_offline_schedule_search/daily_outputs/FQA/FQA_2019_FQA2019_stress_grid_S0008_daily.csv
FQA,FQA,Fengqiu,2019,Leave_One_experiments\wth_generated_qc\FQA\FQA2019.WTH,dry_year;water_stress_year;nitrogen_stress_year,water_stress,FQA2019_stress_grid_S0008,pareto_balanced,2019-06-13,164,3,3,"{""sim_day"": 3.0, ""doy"": 164.0, ""topwt"": 0.0, ""grnwt"": 0.0, ""xlai"": 0.0, ""totir"": 0.0, ""tofer"": NaN, ""swfac"": 0.0, ""nstres"": 0.0}",0.0,0.0,0.0,0.0,0.0,0.0,,0.0,0.0,40.0,0.0,7.115969848632812,23.11596984863281,Leave_One_experiments/all_year_offline_schedule_search/daily_outputs/FQA/FQA_2019_FQA2019_stress_grid_S0008_daily.csv
FQA,FQA,Fengqiu,2019,Leave_One_experiments\wth_generated_qc\FQA\FQA2019.WTH,dry_year;water_stress_year;nitrogen_stress_year,water_stress,FQA2019_stress_grid_S0008,pareto_balanced,2019-06-14,165,4,4,"{""sim_day"": 4.0, ""doy"": 165.0, ""topwt"": 0.0, ""grnwt"": 0.0, ""xlai"": 0.0, ""totir"": 0.0, ""tofer"": NaN, ""swfac"": 0.0, ""nstres"": 0.0}",0.0,0.0,0.0,0.0,0.0,0.0,,0.0,0.0,40.0,0.0,7.115969848632812,23.11596984863281,Leave_One_experiments/all_year_offline_schedule_search/daily_outputs/FQA/FQA_2019_FQA2019_stress_grid_S0008_daily.csv
FQA,FQA,Fengqiu,2019,Leave_One_experiments\wth_generated_qc\FQA\FQA2019.WTH,dry_year;water_stress_year;nitrogen_stress_year,water_stress,FQA2019_stress_grid_S0008,pareto_balanced,2019-06-15,166,5,5,"{""sim_day"": 5.0, ""doy"": 166.0, ""topwt"": 0.0, ""grnwt"": 0.0, ""xlai"": 0.0, ""totir"": 0.0, ""tofer"": NaN, ""swfac"": 0.0, ""nstres"": 0.0}",0.0,0.0,0.0,0.0,0.0,0.0,,0.0,0.0,40.0,0.0,7.115969848632812,23.11596984863281,Leave_One_experiments/all_year_offline_schedule_search/daily_outputs/FQA/FQA_2019_FQA2019_stress_grid_S0008_daily.csv
FQA,FQA,Fengqiu,2019,Leave_One_experiments\wth_generated_qc\FQA\FQA2019.WTH,dry_year;water_stress_year;nitrogen_stress_year,water_stress,FQA2019_stress_grid_S0008,pareto_balanced,2019-06-11,162,6,1,"{""sim_day"": 6.0, ""doy"": 162.0, ""topwt"": 0.0, ""grnwt"": 0.0, ""xlai"": 0.0, ""totir"": 0.0, ""tofer"": NaN, ""swfac"": 0.0, ""nstres"": 0.0}",0.0,0.0,0.0,0.0,0.0,0.0,,0.0,0.0,40.0,0.0,7.115969848632812,23.11596984863281,Leave_One_experiments/all_year_offline_schedule_search/daily_outputs/FQA/FQA_2019_FQA2019_stress_grid_S0008_daily.csv
FQA,FQA,Fengqiu,2019,Leave_One_experiments\wth_generated_qc\FQA\FQA2019.WTH,dry_year;water_stress_year;nitrogen_stress_year,water_stress,FQA2019_stress_grid_S0008,pareto_balanced,2019-06-12,163,7,2,"{""sim_day"": 7.0, ""doy"": 163.0, ""topwt"": 0.0, ""grnwt"": 0.0, ""xlai"": 0.0, ""totir"": 0.0, ""tofer"": NaN, ""swfac"": 0.0, ""nstres"": 0.0}",0.0,0.0,0.0,0.0,0.0,0.0,,0.0,0.0,40.0,0.0,7.115969848632812,23.11596984863281,Leave_One_experiments/all_year_offline_schedule_search/daily_outputs/FQA/FQA_2019_FQA2019_stress_grid_S0008_daily.csv
FQA,FQA,Fengqiu,2019,Leave_One_experiments\wth_generated_qc\FQA\FQA2019.WTH,dry_year;water_stress_year;nitrogen_stress_year,water_stress,FQA2019_stress_grid_S0008,pareto_balanced,2019-06-13,164,8,3,"{""sim_day"": 8.0, ""doy"": 164.0, ""topwt"": 0.0, ""grnwt"": 0.0, ""xlai"": 0.0, ""totir"": 0.0, ""tofer"": NaN, ""swfac"": 0.0, ""nstres"": 0.0}",0.0,0.0,0.0,0.0,0.0,0.0,,0.0,0.0,40.0,0.0,7.115969848632812,23.11596984863281,Leave_One_experiments/all_year_offline_schedule_search/daily_outputs/FQA/FQA_2019_FQA2019_stress_grid_S0008_daily.csv
FQA,FQA,Fengqiu,2019,Leave_One_experiments\wth_generated_qc\FQA\FQA2019.WTH,dry_year;water_stress_year;nitrogen_stress_year,water_stress,FQA2019_stress_grid_S0008,pareto_balanced,2019-06-14,165,9,4,"{""sim_day"": 9.0, ""doy"": 165.0, ""topwt"": 0.0, ""grnwt"": 0.0, ""xlai"": 0.0, ""totir"": 0.0, ""tofer"": NaN, ""swfac"": 0.0, ""nstres"": 0.0}",0.0,0.0,0.0,0.0,0.0,0.0,,0.0,0.0,40.0,0.0,7.115969848632812,23.11596984863281,Leave_One_experiments/all_year_offline_schedule_search/daily_outputs/FQA/FQA_2019_FQA2019_stress_grid_S0008_daily.csv
FQA,FQA,Fengqiu,2019,Leave_One_experiments\wth_generated_qc\FQA\FQA2019.WTH,dry_year;water_stress_year;nitrogen_stress_year,water_stress,FQA2019_stress_grid_S0008,pareto_balanced,2019-06-15,166,10,5,"{""sim_day"": 10.0, ""doy"": 166.0, ""topwt"": 0.0, ""grnwt"": 0.0, ""xlai"": 0.0, ""totir"": 0.0, ""tofer"": NaN, ""swfac"": 0.0, ""nstres"": 0.0}",0.0,0.0,0.0,0.0,0.0,0.0,,0.0,0.0,40.0,0.0,7.115969848632812,23.11596984863281,Leave_One_experiments/all_year_offline_schedule_search/daily_outputs/FQA/FQA_2019_FQA2019_stress_grid_S0008_daily.csv
FQA,FQA,Fengqiu,2019,Leave_One_experiments\wth_generated_qc\FQA\FQA2019.WTH,dry_year;water_stress_year;nitrogen_stress_year,water_stress,FQA2019_stress_grid_S0008,pareto_balanced,2019-06-16,167,11,6,"{""sim_day"": 11.0, ""doy"": 167.0, ""topwt"": 0.0, ""grnwt"": 0.0, ""xlai"": 0.0, ""totir"": 0.0, ""tofer"": NaN, ""swfac"": 0.0, ""nstres"": 0.0}",0.0,0.0,0.0,0.0,0.0,0.0,,0.0,0.0,40.0,0.0,7.115969848632812,23.11596984863281,Leave_One_experiments/all_year_offline_schedule_search/daily_outputs/FQA/FQA_2019_FQA2019_stress_grid_S0008_daily.csv
FQA,FQA,Fengqiu,2019,Leave_One_experiments\wth_generated_qc\FQA\FQA2019.WTH,dry_year;water_stress_year;nitrogen_stress_year,water_stress,FQA2019_stress_grid_S0008,pareto_balanced,2019-06-17,168,12,7,"{""sim_day"": 12.0, ""doy"": 168.0, ""topwt"": 0.0, ""grnwt"": 0.0, ""xlai"": 0.0, ""totir"": 0.0, ""tofer"": NaN, ""swfac"": 0.0, ""nstres"": 0.0}",0.0,0.0,0.0,0.0,0.0,0.0,,0.0,0.0,40.0,0.0,7.115969848632812,23.11596984863281,Leave_One_experiments/all_year_offline_schedule_search/daily_outputs/FQA/FQA_2019_FQA2019_stress_grid_S0008_daily.csv
FQA,FQA,Fengqiu,2019,Leave_One_experiments\wth_generated_qc\FQA\FQA2019.WTH,dry_year;water_stress_year;nitrogen_stress_year,water_stress,FQA2019_stress_grid_S0008,pareto_balanced,2019-06-18,169,13,8,"{""sim_day"": 13.0, ""doy"": 169.0, ""topwt"": 0.0, ""grnwt"": 0.0, ""xlai"": 0.0, ""totir"": 0.0, ""tofer"": NaN, ""swfac"": 0.0, ""nstres"": 0.0}",0.0,0.0,0.0,0.0,0.0,0.0,,0.0,0.0,40.0,0.0,7.115969848632812,23.11596984863281,Leave_One_experiments/all_year_offline_schedule_search/daily_outputs/FQA/FQA_2019_FQA2019_stress_grid_S0008_daily.csv
FQA,FQA,Fengqiu,2019,Leave_One_experiments\wth_generated_qc\FQA\FQA2019.WTH,dry_year;water_stress_year;nitrogen_stress_year,water_stress,FQA2019_stress_grid_S0008,pareto_balanced,2019-06-19,170,14,9,"{""sim_day"": 14.0, ""doy"": 170.0, ""topwt"": 0.0, ""grnwt"": 0.0, ""xlai"": 0.0, ""totir"": 0.0, ""tofer"": NaN, ""swfac"": 0.0, ""nstres"": 0.0}",0.0,0.0,0.0,0.0,0.0,0.0,,0.0,0.0,40.0,0.0,7.115969848632812,23.11596984863281,Leave_One_experiments/all_year_offline_schedule_search/daily_outputs/FQA/FQA_2019_FQA2019_stress_grid_S0008_daily.csv
FQA,FQA,Fengqiu,2019,Leave_One_experiments\wth_generated_qc\FQA\FQA2019.WTH,dry_year;water_stress_year;nitrogen_stress_year,water_stress,FQA2019_stress_grid_S0008,pareto_balanced,2019-06-20,171,15,10,"{""sim_day"": 15.0, ""doy"": 171.0, ""topwt"": 0.0, ""grnwt"": 0.0, ""xlai"": 0.0, ""totir"": 0.0, ""tofer"": NaN, ""swfac"": 0.0, ""nstres"": 0.0}",0.0,0.0,0.0,0.0,0.0,0.0,,0.0,0.0,40.0,0.0,7.115969848632812,23.11596984863281,Leave_One_experiments/all_year_offline_schedule_search/daily_outputs/FQA/FQA_2019_FQA2019_stress_grid_S0008_daily.csv
FQA,FQA,Fengqiu,2019,Leave_One_experiments\wth_generated_qc\FQA\FQA2019.WTH,dry_year;water_stress_year;nitrogen_stress_year,water_stress,FQA2019_stress_grid_S0008,pareto_balanced,2019-06-21,172,16,11,"{""sim_day"": 16.0, ""doy"": 172.0, ""topwt"": 32.00000047683716, ""grnwt"": 0.0, ""xlai"": 0.0034351211506873, ""totir"": 0.0, ""tofer"": NaN, ""swfac"": 0.0, ""nstres"": 0.0121910572052001}",0.0,0.0121910572052001,32.00000047683716,0.0,0.0034351211506873,0.0,,0.0,0.0,40.0,0.0,7.115969848632812,23.11596984863281,Leave_One_experiments/all_year_offline_schedule_search/daily_outputs/FQA/FQA_2019_FQA2019_stress_grid_S0008_daily.csv
FQA,FQA,Fengqiu,2019,Leave_One_experiments\wth_generated_qc\FQA\FQA2019.WTH,dry_year;water_stress_year;nitrogen_stress_year,water_stress,FQA2019_stress_grid_S0008,pareto_balanced,2019-06-22,173,17,12,"{""sim_day"": 17.0, ""doy"": 173.0, ""topwt"": 32.00000047683716, ""grnwt"": 0.0, ""xlai"": 0.0, ""totir"": 0.0, ""tofer"": NaN, ""swfac"": 0.0, ""nstres"": 0.0031296014785766}",0.0,0.0031296014785766,32.00000047683716,0.0,0.0,0.0,,0.0,0.0,40.0,0.0,7.115969848632812,23.11596984863281,Leave_One_experiments/all_year_offline_schedule_search/daily_outputs/FQA/FQA_2019_FQA2019_stress_grid_S0008_daily.csv
FQA,FQA,Fengqiu,2019,Leave_One_experiments\wth_generated_qc\FQA\FQA2019.WTH,dry_year;water_stress_year;nitrogen_stress_year,water_stress,FQA2019_stress_grid_S0008,pareto_balanced,2019-06-23,174,18,13,"{""sim_day"": 18.0, ""doy"": 174.0, ""topwt"": 32.00000047683716, ""grnwt"": 0.0, ""xlai"": 0.0, ""totir"": 0.0, ""tofer"": NaN, ""swfac"": 0.0, ""nstres"": 0.0}",0.0,0.0,32.00000047683716,0.0,0.0,0.0,,0.0,0.0,40.0,0.0,7.115969848632812,23.11596984863281,Leave_One_experiments/all_year_offline_schedule_search/daily_outputs/FQA/FQA_2019_FQA2019_stress_grid_S0008_daily.csv
FQA,FQA,Fengqiu,2019,Leave_One_experiments\wth_generated_qc\FQA\FQA2019.WTH,dry_year;water_stress_year;nitrogen_stress_year,water_stress,FQA2019_stress_grid_S0008,pareto_balanced,2019-06-24,175,19,14,"{""sim_day"": 19.0, ""doy"": 175.0, ""topwt"": 32.00000047683716, ""grnwt"": 0.0, ""xlai"": 0.0031613851897418, ""totir"": 0.0, ""tofer"": NaN, ""swfac"": 0.0, ""nstres"": 0.0}",0.0,0.0,32.00000047683716,0.0,0.0031613851897418,0.0,,0.0,0.0,40.0,0.0,7.115969848632812,23.11596984863281,Leave_One_experiments/all_year_offline_schedule_search/daily_outputs/FQA/FQA_2019_FQA2019_stress_grid_S0008_daily.csv
FQA,FQA,Fengqiu,2019,Leave_One_experiments\wth_generated_qc\FQA\FQA2019.WTH,dry_year;water_stress_year;nitrogen_stress_year,water_stress,FQA2019_stress_grid_S0008,pareto_balanced,2019-06-25,176,20,15,"{""sim_day"": 20.0, ""doy"": 176.0, ""topwt"": 32.00000047683716, ""grnwt"": 0.0, ""xlai"": 0.0066131851635873, ""totir"": 0.0, ""tofer"": NaN, ""swfac"": 0.0, ""nstres"": 0.0}",0.0,0.0,32.00000047683716,0.0,0.0066131851635873,0.0,,0.0,0.0,40.0,0.0,7.115969848632812,23.11596984863281,Leave_One_experiments/all_year_offline_schedule_search/daily_outputs/FQA/FQA_2019_FQA2019_stress_grid_S0008_daily.csv
FQA,FQA,Fengqiu,2019,Leave_One_experiments\wth_generated_qc\FQA\FQA2019.WTH,dry_year;water_stress_year;nitrogen_stress_year,water_stress,FQA2019_stress_grid_S0008,pareto_balanced,2019-06-26,177,21,16,"{""sim_day"": 21.0, ""doy"": 177.0, ""topwt"": 32.00000047683716, ""grnwt"": 0.0, ""xlai"": 0.0107328779995441, ""totir"": 0.0, ""tofer"": NaN, ""swfac"": 0.0, ""nstres"": 0.0}",0.0,0.0,32.00000047683716,0.0,0.0107328779995441,0.0,,0.0,0.0,40.0,0.0,7.115969848632812,23.11596984863281,Leave_One_experiments/all_year_offline_schedule_search/daily_outputs/FQA/FQA_2019_FQA2019_stress_grid_S0008_daily.csv
FQA,FQA,Fengqiu,2019,Leave_One_experiments\wth_generated_qc\FQA\FQA2019.WTH,dry_year;water_stress_year;nitrogen_stress_year,water_stress,FQA2019_stress_grid_S0008,pareto_balanced,2019-06-27,178,22,17,"{""sim_day"": 22.0, ""doy"": 178.0, ""topwt"": 32.00000047683716, ""grnwt"": 0.0, ""xlai"": 0.0139198908582329, ""totir"": 0.0, ""tofer"": NaN, ""swfac"": 0.0, ""nstres"": 0.0}",0.0,0.0,32.00000047683716,0.0,0.0139198908582329,0.0,,0.0,0.0,40.0,0.0,7.115969848632812,23.11596984863281,Leave_One_experiments/all_year_offline_schedule_search/daily_outputs/FQA/FQA_2019_FQA2019_stress_grid_S0008_daily.csv
FQA,FQA,Fengqiu,2019,Leave_One_experiments\wth_generated_qc\FQA\FQA2019.WTH,dry_year;water_stress_year;nitrogen_stress_year,water_stress,FQA2019_stress_grid_S0008,pareto_balanced,2019-06-28,179,23,18,"{""sim_day"": 23.0, ""doy"": 179.0, ""topwt"": 24.051575660705566, ""grnwt"": 0.0, ""xlai"": 0.0286832824349403, ""totir"": 0.0, ""tofer"": NaN, ""swfac"": 0.0, ""nstres"": 0.0}",0.0,0.0,24.051575660705566,0.0,0.0286832824349403,0.0,,0.0,0.0,40.0,0.0,7.115969848632812,23.11596984863281,Leave_One_experiments/all_year_offline_schedule_search/daily_outputs/FQA/FQA_2019_FQA2019_stress_grid_S0008_daily.csv
FQA,FQA,Fengqiu,2019,Leave_One_experiments\wth_generated_qc\FQA\FQA2019.WTH,dry_year;water_stress_year;nitrogen_stress_year,water_stress,FQA2019_stress_grid_S0008,pareto_balanced,2019-06-29,180,24,19,"{""sim_day"": 24.0, ""doy"": 180.0, ""topwt"": 29.725418090820312, ""grnwt"": 0.0, ""xlai"": 0.0469512492418289, ""totir"": 0.0, ""tofer"": NaN, ""swfac"": 0.0, ""nstres"": 0.0}",0.0,0.0,29.725418090820312,0.0,0.0469512492418289,0.0,,0.0,0.0,40.0,0.0,7.115969848632812,23.11596984863281,Leave_One_experiments/all_year_offline_schedule_search/daily_outputs/FQA/FQA_2019_FQA2019_stress_grid_S0008_daily.csv
FQA,FQA,Fengqiu,2019,Leave_One_experiments\wth_generated_qc\FQA\FQA2019.WTH,dry_year;water_stress_year;nitrogen_stress_year,water_stress,FQA2019_stress_grid_S0008,pareto_balanced,2019-06-30,181,25,20,"{""sim_day"": 25.0, ""doy"": 181.0, ""topwt"": 36.34880065917969, ""grnwt"": 0.0, ""xlai"": 0.0664408504962921, ""totir"": 0.0, ""tofer"": NaN, ""swfac"": 0.0, ""nstres"": 0.0}",0.0,0.0,36.34880065917969,0.0,0.0664408504962921,0.0,,0.0,0.0,40.0,0.0,7.115969848632812,23.11596984863281,Leave_One_experiments/all_year_offline_schedule_search/daily_outputs/FQA/FQA_2019_FQA2019_stress_grid_S0008_daily.csv
FQA,FQA,Fengqiu,2019,Leave_One_experiments\wth_generated_qc\FQA\FQA2019.WTH,dry_year;water_stress_year;nitrogen_stress_year,water_stress,FQA2019_stress_grid_S0008,pareto_balanced,2019-07-01,182,26,21,"{""sim_day"": 26.0, ""doy"": 182.0, ""topwt"": 44.60864067077637, ""grnwt"": 0.0, ""xlai"": 0.0890534669160842, ""totir"": 0.0, ""tofer"": NaN, ""swfac"": 0.0, ""nstres"": 0.0}",0.0,0.0,44.60864067077637,0.0,0.0890534669160842,0.0,,0.0,0.0,40.0,0.0,7.115969848632812,23.11596984863281,Leave_One_experiments/all_year_offline_schedule_search/daily_outputs/FQA/FQA_2019_FQA2019_stress_grid_S0008_daily.csv
FQA,FQA,Fengqiu,2019,Leave_One_experiments\wth_generated_qc\FQA\FQA2019.WTH,dry_year;water_stress_year;nitrogen_stress_year,water_stress,FQA2019_stress_grid_S0008,pareto_balanced,2019-07-02,183,27,22,"{""sim_day"": 27.0, ""doy"": 183.0, ""topwt"": 54.59190845489502, ""grnwt"": 0.0, ""xlai"": 0.1147170141339302, ""totir"": 0.0, ""tofer"": NaN, ""swfac"": 0.0, ""nstres"": 0.0}",0.0,0.0,54.59190845489502,0.0,0.1147170141339302,0.0,,0.0,0.0,40.0,0.0,7.115969848632812,23.11596984863281,Leave_One_experiments/all_year_offline_schedule_search/daily_outputs/FQA/FQA_2019_FQA2019_stress_grid_S0008_daily.csv
FQA,FQA,Fengqiu,2019,Leave_One_experiments\wth_generated_qc\FQA\FQA2019.WTH,dry_year;water_stress_year;nitrogen_stress_year,water_stress,FQA2019_stress_grid_S0008,pareto_balanced,2019-07-03,184,28,23,"{""sim_day"": 28.0, ""doy"": 184.0, ""topwt"": 65.85438251495361, ""grnwt"": 0.0, ""xlai"": 0.1421321183443069, ""totir"": 0.0, ""tofer"": NaN, ""swfac"": 0.0, ""nstres"": 0.0}",0.0,0.0,65.85438251495361,0.0,0.1421321183443069,0.0,,0.0,0.0,40.0,0.0,7.115969848632812,23.11596984863281,Leave_One_experiments/all_year_offline_schedule_search/daily_outputs/FQA/FQA_2019_FQA2019_stress_grid_S0008_daily.csv
FQA,FQA,Fengqiu,2019,Leave_One_experiments\wth_generated_qc\FQA\FQA2019.WTH,dry_year;water_stress_year;nitrogen_stress_year,water_stress,FQA2019_stress_grid_S0008,pareto_balanced,2019-07-04,185,29,24,"{""sim_day"": 29.0, ""doy"": 185.0, ""topwt"": 78.66528987884521, ""grnwt"": 0.0, ""xlai"": 0.1718640774488449, ""totir"": 0.0, ""tofer"": NaN, ""swfac"": 0.0, ""nstres"": 0.0}",0.0,0.0,78.66528987884521,0.0,0.1718640774488449,0.0,,0.0,0.0,40.0,0.0,7.115969848632812,23.11596984863281,Leave_One_experiments/all_year_offline_schedule_search/daily_outputs/FQA/FQA_2019_FQA2019_stress_grid_S0008_daily.csv
FQA,FQA,Fengqiu,2019,Leave_One_experiments\wth_generated_qc\FQA\FQA2019.WTH,dry_year;water_stress_year;nitrogen_stress_year,water_stress,FQA2019_stress_grid_S0008,pareto_balanced,2019-07-05,186,30,25,"{""sim_day"": 30.0, ""doy"": 186.0, ""topwt"": 92.55240440368652, ""grnwt"": 0.0, ""xlai"": 0.2023328989744186, ""totir"": 0.0, ""tofer"": NaN, ""swfac"": 0.0, ""nstres"": 0.0}",0.0,0.0,92.55240440368652,0.0,0.2023328989744186,0.0,,0.0,0.0,40.0,0.0,7.115969848632812,23.11596984863281,Leave_One_experiments/all_year_offline_schedule_search/daily_outputs/FQA/FQA_2019_FQA2019_stress_grid_S0008_daily.csv
FQA,FQA,Fengqiu,2019,Leave_One_experiments\wth_generated_qc\FQA\FQA2019.WTH,dry_year;water_stress_year;nitrogen_stress_year,water_stress,FQA2019_stress_grid_S0008,pareto_balanced,2019-07-06,187,31,26,"{""sim_day"": 31.0, ""doy"": 187.0, ""topwt"": 105.57866096496582, ""grnwt"": 0.0, ""xlai"": 0.2290808707475662, ""totir"": 0.0, ""tofer"": NaN, ""swfac"": 0.0, ""nstres"": 0.0}",0.0,0.0,105.57866096496582,0.0,0.2290808707475662,0.0,,0.0,0.0,40.0,0.0,7.115969848632812,23.11596984863281,Leave_One_experiments/all_year_offline_schedule_search/daily_outputs/FQA/FQA_2019_FQA2019_stress_grid_S0008_daily.csv
FQA,FQA,Fengqiu,2019,Leave_One_experiments\wth_generated_qc\FQA\FQA2019.WTH,dry_year;water_stress_year;nitrogen_stress_year,water_stress,FQA2019_stress_grid_S0008,pareto_balanced,2019-07-07,188,32,27,"{""sim_day"": 32.0, ""doy"": 188.0, ""topwt"": 119.11334037780762, ""grnwt"": 0.0, ""xlai"": 0.2544761300086975, ""totir"": 0.0, ""tofer"": NaN, ""swfac"": 0.0, ""nstres"": 0.0}",0.0,0.0,119.11334037780762,0.0,0.2544761300086975,0.0,,0.0,0.0,40.0,0.0,7.115969848632812,23.11596984863281,Leave_One_experiments/all_year_offline_schedule_search/daily_outputs/FQA/FQA_2019_FQA2019_stress_grid_S0008_daily.csv
FQA,FQA,Fengqiu,2019,Leave_One_experiments\wth_generated_qc\FQA\FQA2019.WTH,dry_year;water_stress_year;nitrogen_stress_year,water_stress,FQA2019_stress_grid_S0008,pareto_balanced,2019-07-08,189,33,28,"{""sim_day"": 33.0, ""doy"": 189.0, ""topwt"": 136.34828567504883, ""grnwt"": 0.0, ""xlai"": 0.2887825965881347, ""totir"": 0.0, ""tofer"": NaN, ""swfac"": 0.0, ""nstres"": 0.0}",0.0,0.0,136.34828567504883,0.0,0.2887825965881347,0.0,,0.0,0.0,40.0,0.0,7.115969848632812,23.11596984863281,Leave_One_experiments/all_year_offline_schedule_search/daily_outputs/FQA/FQA_2019_FQA2019_stress_grid_S0008_daily.csv
FQA,FQA,Fengqiu,2019,Leave_One_experiments\wth_generated_qc\FQA\FQA2019.WTH,dry_year;water_stress_year;nitrogen_stress_year,water_stress,FQA2019_stress_grid_S0008,pareto_balanced,2019-07-09,190,34,29,"{""sim_day"": 34.0, ""doy"": 190.0, ""topwt"": 154.48333740234375, ""grnwt"": 0.0, ""xlai"": 0.3236502408981323, ""totir"": 0.0, ""tofer"": NaN, ""swfac"": 0.0, ""nstres"": 0.0}",0.0,0.0,154.48333740234375,0.0,0.3236502408981323,0.0,,0.0,0.0,40.0,0.0,7.115969848632812,23.11596984863281,Leave_One_experiments/all_year_offline_schedule_search/daily_outputs/FQA/FQA_2019_FQA2019_stress_grid_S0008_daily.csv
FQA,FQA,Fengqiu,2019,Leave_One_experiments\wth_generated_qc\FQA\FQA2019.WTH,dry_year;water_stress_year;nitrogen_stress_year,water_stress,FQA2019_stress_grid_S0008,pareto_balanced,2019-07-10,191,35,30,"{""sim_day"": 35.0, ""doy"": 191.0, ""topwt"": 176.1196517944336, ""grnwt"": 0.0, ""xlai"": 0.3637619018554687, ""totir"": 0.0, ""tofer"": NaN, ""swfac"": 0.0, ""nstres"": 0.0}",0.0,0.0,176.1196517944336,0.0,0.3637619018554687,0.0,,0.0,0.0,40.0,0.0,7.115969848632812,23.11596984863281,Leave_One_experiments/all_year_offline_schedule_search/daily_outputs/FQA/FQA_2019_FQA2019_stress_grid_S0008_daily.csv
FQA,FQA,Fengqiu,2019,Leave_One_experiments\wth_generated_qc\FQA\FQA2019.WTH,dry_year;water_stress_year;nitrogen_stress_year,water_stress,FQA2019_stress_grid_S0008,pareto_balanced,2019-07-11,192,36,31,"{""sim_day"": 36.0, ""doy"": 192.0, ""topwt"": 199.5039176940918, ""grnwt"": 0.0, ""xlai"": 0.4055043458938598, ""totir"": 0.0, ""tofer"": NaN, ""swfac"": 0.0, ""nstres"": 0.0}",0.0,0.0,199.5039176940918,0.0,0.4055043458938598,0.0,,0.0,0.0,40.0,0.0,7.115969848632812,23.11596984863281,Leave_One_experiments/all_year_offline_schedule_search/daily_outputs/FQA/FQA_2019_FQA2019_stress_grid_S0008_daily.csv
FQA,FQA,Fengqiu,2019,Leave_One_experiments\wth_generated_qc\FQA\FQA2019.WTH,dry_year;water_stress_year;nitrogen_stress_year,water_stress,FQA2019_stress_grid_S0008,pareto_balanced,2019-07-12,193,37,32,"{""sim_day"": 37.0, ""doy"": 193.0, ""topwt"": 228.47091674804688, ""grnwt"": 0.0, ""xlai"": 0.4551140964031219, ""totir"": 0.0, ""tofer"": NaN, ""swfac"": 0.0, ""nstres"": 0.0}",0.0,0.0,228.47091674804688,0.0,0.4551140964031219,0.0,,0.0,0.0,40.0,0.0,7.115969848632812,23.11596984863281,Leave_One_experiments/all_year_offline_schedule_search/daily_outputs/FQA/FQA_2019_FQA2019_stress_grid_S0008_daily.csv
FQA,FQA,Fengqiu,2019,Leave_One_experiments\wth_generated_qc\FQA\FQA2019.WTH,dry_year;water_stress_year;nitrogen_stress_year,water_stress,FQA2019_stress_grid_S0008,pareto_balanced,2019-07-13,194,38,33,"{""sim_day"": 38.0, ""doy"": 194.0, ""topwt"": 261.7229461669922, ""grnwt"": 0.0, ""xlai"": 0.5095607042312622, ""totir"": 0.0, ""tofer"": NaN, ""swfac"": 0.0, ""nstres"": 0.0}",0.0,0.0,261.7229461669922,0.0,0.5095607042312622,0.0,,0.0,0.0,40.0,0.0,7.115969848632812,23.11596984863281,Leave_One_experiments/all_year_offline_schedule_search/daily_outputs/FQA/FQA_2019_FQA2019_stress_grid_S0008_daily.csv
FQA,FQA,Fengqiu,2019,Leave_One_experiments\wth_generated_qc\FQA\FQA2019.WTH,dry_year;water_stress_year;nitrogen_stress_year,water_stress,FQA2019_stress_grid_S0008,pareto_balanced,2019-07-14,195,39,34,"{""sim_day"": 39.0, ""doy"": 195.0, ""topwt"": 299.8326301574707, ""grnwt"": 0.0, ""xlai"": 0.5690786242485046, ""totir"": 0.0, ""tofer"": NaN, ""swfac"": 0.0, ""nstres"": 0.0}",0.0,0.0,299.8326301574707,0.0,0.5690786242485046,0.0,,0.0,0.0,40.0,0.0,7.115969848632812,23.11596984863281,Leave_One_experiments/all_year_offline_schedule_search/daily_outputs/FQA/FQA_2019_FQA2019_stress_grid_S0008_daily.csv
FQA,FQA,Fengqiu,2019,Leave_One_experiments\wth_generated_qc\FQA\FQA2019.WTH,dry_year;water_stress_year;nitrogen_stress_year,water_stress,FQA2019_stress_grid_S0008,pareto_balanced,2019-07-15,196,40,35,"{""sim_day"": 40.0, ""doy"": 196.0, ""topwt"": 341.1739730834961, ""grnwt"": 0.0, ""xlai"": 0.6306312680244446, ""totir"": 40.0, ""tofer"": NaN, ""swfac"": 0.0, ""nstres"": 0.0}",0.0,0.0,341.1739730834961,0.0,0.6306312680244446,40.0,,40.0,0.0,40.0,0.0,7.115969848632812,23.11596984863281,Leave_One_experiments/all_year_offline_schedule_search/daily_outputs/FQA/FQA_2019_FQA2019_stress_grid_S0008_daily.csv
FQA,FQA,Fengqiu,2019,Leave_One_experiments\wth_generated_qc\FQA\FQA2019.WTH,dry_year;water_stress_year;nitrogen_stress_year,water_stress,FQA2019_stress_grid_S0008,pareto_balanced,2019-07-16,197,41,36,"{""sim_day"": 41.0, ""doy"": 197.0, ""topwt"": 386.1740493774414, ""grnwt"": 0.0, ""xlai"": 0.6945136785507202, ""totir"": 40.0, ""tofer"": NaN, ""swfac"": 0.0, ""nstres"": 0.0}",0.0,0.0,386.1740493774414,0.0,0.6945136785507202,40.0,,0.0,0.0,40.0,0.0,7.115969848632812,23.11596984863281,Leave_One_experiments/all_year_offline_schedule_search/daily_outputs/FQA/FQA_2019_FQA2019_stress_grid_S0008_daily.csv
FQA,FQA,Fengqiu,2019,Leave_One_experiments\wth_generated_qc\FQA\FQA2019.WTH,dry_year;water_stress_year;nitrogen_stress_year,water_stress,FQA2019_stress_grid_S0008,pareto_balanced,2019-07-17,198,42,37,"{""sim_day"": 42.0, ""doy"": 198.0, ""topwt"": 436.20361328125, ""grnwt"": 0.0, ""xlai"": 0.762185275554657, ""totir"": 40.0, ""tofer"": NaN, ""swfac"": 0.0, ""nstres"": 0.0}",0.0,0.0,436.20361328125,0.0,0.762185275554657,40.0,,0.0,0.0,40.0,0.0,7.115969848632812,23.11596984863281,Leave_One_experiments/all_year_offline_schedule_search/daily_outputs/FQA/FQA_2019_FQA2019_stress_grid_S0008_daily.csv
FQA,FQA,Fengqiu,2019,Leave_One_experiments\wth_generated_qc\FQA\FQA2019.WTH,dry_year;water_stress_year;nitrogen_stress_year,water_stress,FQA2019_stress_grid_S0008,pareto_balanced,2019-07-18,199,43,38,"{""sim_day"": 43.0, ""doy"": 199.0, ""topwt"": 494.974250793457, ""grnwt"": 0.0, ""xlai"": 0.837710440158844, ""totir"": 40.0, ""tofer"": NaN, ""swfac"": 0.0, ""nstres"": 0.0}",0.0,0.0,494.974250793457,0.0,0.837710440158844,40.0,,0.0,0.0,40.0,0.0,7.115969848632812,23.11596984863281,Leave_One_experiments/all_year_offline_schedule_search/daily_outputs/FQA/FQA_2019_FQA2019_stress_grid_S0008_daily.csv
FQA,FQA,Fengqiu,2019,Leave_One_experiments\wth_generated_qc\FQA\FQA2019.WTH,dry_year;water_stress_year;nitrogen_stress_year,water_stress,FQA2019_stress_grid_S0008,pareto_balanced,2019-07-19,200,44,39,"{""sim_day"": 44.0, ""doy"": 200.0, ""topwt"": 564.521369934082, ""grnwt"": 0.0, ""xlai"": 0.9223005771636964, ""totir"": 40.0, ""tofer"": NaN, ""swfac"": 0.0, ""nstres"": 0.0}",0.0,0.0,564.521369934082,0.0,0.9223005771636964,40.0,,0.0,0.0,40.0,0.0,7.115969848632812,23.11596984863281,Leave_One_experiments/all_year_offline_schedule_search/daily_outputs/FQA/FQA_2019_FQA2019_stress_grid_S0008_daily.csv
FQA,FQA,Fengqiu,2019,Leave_One_experiments\wth_generated_qc\FQA\FQA2019.WTH,dry_year;water_stress_year;nitrogen_stress_year,water_stress,FQA2019_stress_grid_S0008,pareto_balanced,2019-07-20,201,45,40,"{""sim_day"": 45.0, ""doy"": 201.0, ""topwt"": 639.4838714599609, ""grnwt"": 0.0, ""xlai"": 1.004555106163025, ""totir"": 40.0, ""tofer"": NaN, ""swfac"": 0.0, ""nstres"": 0.0305018424987792}",0.0,0.0305018424987792,639.4838714599609,0.0,1.004555106163025,40.0,,0.0,0.0,40.0,0.0,7.115969848632812,23.11596984863281,Leave_One_experiments/all_year_offline_schedule_search/daily_outputs/FQA/FQA_2019_FQA2019_stress_grid_S0008_daily.csv
FQA,FQA,Fengqiu,2019,Leave_One_experiments\wth_generated_qc\FQA\FQA2019.WTH,dry_year;water_stress_year;nitrogen_stress_year,water_stress,FQA2019_stress_grid_S0008,pareto_balanced,2019-07-21,202,46,41,"{""sim_day"": 46.0, ""doy"": 202.0, ""topwt"": 715.4051971435547, ""grnwt"": 0.0, ""xlai"": 1.0771663188934326, ""totir"": 40.0, ""tofer"": NaN, ""swfac"": 0.0, ""nstres"": 0.0716888904571533}",0.0,0.0716888904571533,715.4051971435547,0.0,1.0771663188934326,40.0,,0.0,0.0,40.0,0.0,7.115969848632812,23.11596984863281,Leave_One_experiments/all_year_offline_schedule_search/daily_outputs/FQA/FQA_2019_FQA2019_stress_grid_S0008_daily.csv
FQA,FQA,Fengqiu,2019,Leave_One_experiments\wth_generated_qc\FQA\FQA2019.WTH,dry_year;water_stress_year;nitrogen_stress_year,water_stress,FQA2019_stress_grid_S0008,pareto_balanced,2019-07-22,203,47,42,"{""sim_day"": 47.0, ""doy"": 203.0, ""topwt"": 791.7143249511719, ""grnwt"": 0.0, ""xlai"": 1.1400694847106934, ""totir"": 40.0, ""tofer"": NaN, ""swfac"": 0.0, ""nstres"": 0.1062272191047668}",0.0,0.1062272191047668,791.7143249511719,0.0,1.1400694847106934,40.0,,0.0,0.0,40.0,0.0,7.115969848632812,23.11596984863281,Leave_One_experiments/all_year_offline_schedule_search/daily_outputs/FQA/FQA_2019_FQA2019_stress_grid_S0008_daily.csv
FQA,FQA,Fengqiu,2019,Leave_One_experiments\wth_generated_qc\FQA\FQA2019.WTH,dry_year;water_stress_year;nitrogen_stress_year,water_stress,FQA2019_stress_grid_S0008,pareto_balanced,2019-07-23,204,48,43,"{""sim_day"": 48.0, ""doy"": 204.0, ""topwt"": 868.9509582519531, ""grnwt"": 0.0, ""xlai"": 1.1947510242462158, ""totir"": 40.0, ""tofer"": NaN, ""swfac"": 0.0, ""nstres"": 0.1333487629890442}",0.0,0.1333487629890442,868.9509582519531,0.0,1.1947510242462158,40.0,,0.0,0.0,40.0,0.0,7.115969848632812,23.11596984863281,Leave_One_experiments/all_year_offline_schedule_search/daily_outputs/FQA/FQA_2019_FQA2019_stress_grid_S0008_daily.csv
FQA,FQA,Fengqiu,2019,Leave_One_experiments\wth_generated_qc\FQA\FQA2019.WTH,dry_year;water_stress_year;nitrogen_stress_year,water_stress,FQA2019_stress_grid_S0008,pareto_balanced,2019-07-24,205,49,44,"{""sim_day"": 49.0, ""doy"": 205.0, ""topwt"": 945.1066589355468, ""grnwt"": 0.0, ""xlai"": 1.240277647972107, ""totir"": 40.0, ""tofer"": NaN, ""swfac"": 0.0, ""nstres"": 0.1551655530929565}",0.0,0.1551655530929565,945.1066589355468,0.0,1.240277647972107,40.0,,0.0,0.0,40.0,0.0,7.115969848632812,23.11596984863281,Leave_One_experiments/all_year_offline_schedule_search/daily_outputs/FQA/FQA_2019_FQA2019_stress_grid_S0008_daily.csv
FQA,FQA,Fengqiu,2019,Leave_One_experiments\wth_generated_qc\FQA\FQA2019.WTH,dry_year;water_stress_year;nitrogen_stress_year,water_stress,FQA2019_stress_grid_S0008,pareto_balanced,2019-07-25,206,50,45,"{""sim_day"": 50.0, ""doy"": 206.0, ""topwt"": 1020.1954650878906, ""grnwt"": 0.0, ""xlai"": 1.2777036428451538, ""totir"": 40.0, ""tofer"": NaN, ""swfac"": 0.0, ""nstres"": 0.1729242205619812}",0.0,0.1729242205619812,1020.1954650878906,0.0,1.2777036428451538,40.0,,0.0,0.0,40.0,0.0,7.115969848632812,23.11596984863281,Leave_One_experiments/all_year_offline_schedule_search/daily_outputs/FQA/FQA_2019_FQA2019_stress_grid_S0008_daily.csv
FQA,FQA,Fengqiu,2019,Leave_One_experiments\wth_generated_qc\FQA\FQA2019.WTH,dry_year;water_stress_year;nitrogen_stress_year,water_stress,FQA2019_stress_grid_S0008,pareto_balanced,2019-07-26,207,51,46,"{""sim_day"": 51.0, ""doy"": 207.0, ""topwt"": 1181.604232788086, ""grnwt"": 0.0, ""xlai"": 1.30638587474823, ""totir"": 40.0, ""tofer"": NaN, ""swfac"": 0.0, ""nstres"": 0.1873215436935424}",0.0,0.1873215436935424,1181.604232788086,0.0,1.30638587474823,40.0,,0.0,0.0,40.0,0.0,7.115969848632812,23.11596984863281,Leave_One_experiments/all_year_offline_schedule_search/daily_outputs/FQA/FQA_2019_FQA2019_stress_grid_S0008_daily.csv
FQA,FQA,Fengqiu,2019,Leave_One_experiments\wth_generated_qc\FQA\FQA2019.WTH,dry_year;water_stress_year;nitrogen_stress_year,water_stress,FQA2019_stress_grid_S0008,pareto_balanced,2019-07-27,208,52,47,"{""sim_day"": 52.0, ""doy"": 208.0, ""topwt"": 1338.4260559082031, ""grnwt"": 0.0, ""xlai"": 1.3270692825317385, ""totir"": 40.0, ""tofer"": NaN, ""swfac"": 0.0, ""nstres"": 0.1979168057441711}",0.0,0.1979168057441711,1338.4260559082031,0.0,1.3270692825317385,40.0,,0.0,0.0,40.0,0.0,7.115969848632812,23.11596984863281,Leave_One_experiments/all_year_offline_schedule_search/daily_outputs/FQA/FQA_2019_FQA2019_stress_grid_S0008_daily.csv
FQA,FQA,Fengqiu,2019,Leave_One_experiments\wth_generated_qc\FQA\FQA2019.WTH,dry_year;water_stress_year;nitrogen_stress_year,water_stress,FQA2019_stress_grid_S0008,pareto_balanced,2019-07-28,209,53,48,"{""sim_day"": 53.0, ""doy"": 209.0, ""topwt"": 1471.1251831054688, ""grnwt"": 0.0, ""xlai"": 1.3311619758605957, ""totir"": 40.0, ""tofer"": NaN, ""swfac"": 0.0, ""nstres"": 0.2857019305229187}",0.0,0.2857019305229187,1471.1251831054688,0.0,1.3311619758605957,40.0,,0.0,0.0,40.0,0.0,7.115969848632812,23.11596984863281,Leave_One_experiments/all_year_offline_schedule_search/daily_outputs/FQA/FQA_2019_FQA2019_stress_grid_S0008_daily.csv
FQA,FQA,Fengqiu,2019,Leave_One_experiments\wth_generated_qc\FQA\FQA2019.WTH,dry_year;water_stress_year;nitrogen_stress_year,water_stress,FQA2019_stress_grid_S0008,pareto_balanced,2019-07-29,210,54,49,"{""sim_day"": 54.0, ""doy"": 210.0, ""topwt"": 1573.978271484375, ""grnwt"": 0.0, ""xlai"": 1.3203355073928833, ""totir"": 40.0, ""tofer"": NaN, ""swfac"": 0.0, ""nstres"": 0.3520694971084595}",0.0,0.3520694971084595,1573.978271484375,0.0,1.3203355073928833,40.0,,0.0,0.0,40.0,0.0,7.115969848632812,23.11596984863281,Leave_One_experiments/all_year_offline_schedule_search/daily_outputs/FQA/FQA_2019_FQA2019_stress_grid_S0008_daily.csv
FQA,FQA,Fengqiu,2019,Leave_One_experiments\wth_generated_qc\FQA\FQA2019.WTH,dry_year;water_stress_year;nitrogen_stress_year,water_stress,FQA2019_stress_grid_S0008,pareto_balanced,2019-07-30,211,55,50,"{""sim_day"": 55.0, ""doy"": 211.0, ""topwt"": 1666.9064331054688, ""grnwt"": 0.0, ""xlai"": 1.303787350654602, ""totir"": 40.0, ""tofer"": NaN, ""swfac"": 0.0, ""nstres"": 0.3855030536651611}",0.0,0.3855030536651611,1666.9064331054688,0.0,1.303787350654602,40.0,,0.0,0.0,40.0,0.0,7.115969848632812,23.11596984863281,Leave_One_experiments/all_year_offline_schedule_search/daily_outputs/FQA/FQA_2019_FQA2019_stress_grid_S0008_daily.csv
FQA,FQA,Fengqiu,2019,Leave_One_experiments\wth_generated_qc\FQA\FQA2019.WTH,dry_year;water_stress_year;nitrogen_stress_year,water_stress,FQA2019_stress_grid_S0008,pareto_balanced,2019-07-31,212,56,51,"{""sim_day"": 56.0, ""doy"": 212.0, ""topwt"": 1752.3704528808594, ""grnwt"": 0.0, ""xlai"": 1.283668875694275, ""totir"": 40.0, ""tofer"": NaN, ""swfac"": 0.0, ""nstres"": 0.4040582776069641}",0.0,0.4040582776069641,1752.3704528808594,0.0,1.283668875694275,40.0,,0.0,0.0,40.0,0.0,7.115969848632812,23.11596984863281,Leave_One_experiments/all_year_offline_schedule_search/daily_outputs/FQA/FQA_2019_FQA2019_stress_grid_S0008_daily.csv
FQA,FQA,Fengqiu,2019,Leave_One_experiments\wth_generated_qc\FQA\FQA2019.WTH,dry_year;water_stress_year;nitrogen_stress_year,water_stress,FQA2019_stress_grid_S0008,pareto_balanced,2019-08-01,213,57,52,"{""sim_day"": 57.0, ""doy"": 213.0, ""topwt"": 1826.5426635742188, ""grnwt"": 0.0, ""xlai"": 1.2598963975906372, ""totir"": 40.0, ""tofer"": NaN, ""swfac"": 0.0, ""nstres"": 0.4139934182167053}",0.0,0.4139934182167053,1826.5426635742188,0.0,1.2598963975906372,40.0,,0.0,0.0,40.0,0.0,7.115969848632812,23.11596984863281,Leave_One_experiments/all_year_offline_schedule_search/daily_outputs/FQA/FQA_2019_FQA2019_stress_grid_S0008_daily.csv
FQA,FQA,Fengqiu,2019,Leave_One_experiments\wth_generated_qc\FQA\FQA2019.WTH,dry_year;water_stress_year;nitrogen_stress_year,water_stress,FQA2019_stress_grid_S0008,pareto_balanced,2019-08-02,214,58,53,"{""sim_day"": 58.0, ""doy"": 214.0, ""topwt"": 1903.5577392578125, ""grnwt"": 0.0, ""xlai"": 1.236783742904663, ""totir"": 40.0, ""tofer"": NaN, ""swfac"": 0.0, ""nstres"": 0.4191204309463501}",0.0,0.4191204309463501,1903.5577392578125,0.0,1.236783742904663,40.0,,0.0,0.0,40.0,0.0,7.115969848632812,23.11596984863281,Leave_One_experiments/all_year_offline_schedule_search/daily_outputs/FQA/FQA_2019_FQA2019_stress_grid_S0008_daily.csv
FQA,FQA,Fengqiu,2019,Leave_One_experiments\wth_generated_qc\FQA\FQA2019.WTH,dry_year;water_stress_year;nitrogen_stress_year,water_stress,FQA2019_stress_grid_S0008,pareto_balanced,2019-08-03,215,59,54,"{""sim_day"": 59.0, ""doy"": 215.0, ""topwt"": 1982.2412109375, ""grnwt"": 0.0, ""xlai"": 1.2140933275222778, ""totir"": 40.0, ""tofer"": NaN, ""swfac"": 0.0, ""nstres"": 0.4227195382118225}",0.0,0.4227195382118225,1982.2412109375,0.0,1.2140933275222778,40.0,,0.0,0.0,40.0,0.0,7.115969848632812,23.11596984863281,Leave_One_experiments/all_year_offline_schedule_search/daily_outputs/FQA/FQA_2019_FQA2019_stress_grid_S0008_daily.csv
FQA,FQA,Fengqiu,2019,Leave_One_experiments\wth_generated_qc\FQA\FQA2019.WTH,dry_year;water_stress_year;nitrogen_stress_year,water_stress,FQA2019_stress_grid_S0008,pareto_balanced,2019-08-04,216,60,55,"{""sim_day"": 60.0, ""doy"": 216.0, ""topwt"": 2061.6465759277344, ""grnwt"": 0.0, ""xlai"": 1.1922751665115356, ""totir"": 40.0, ""tofer"": NaN, ""swfac"": 0.0, ""nstres"": 0.4241654872894287}",0.0,0.4241654872894287,2061.6465759277344,0.0,1.1922751665115356,40.0,,0.0,0.0,40.0,0.0,7.115969848632812,23.11596984863281,Leave_One_experiments/all_year_offline_schedule_search/daily_outputs/FQA/FQA_2019_FQA2019_stress_grid_S0008_daily.csv
FQA,FQA,Fengqiu,2019,Leave_One_experiments\wth_generated_qc\FQA\FQA2019.WTH,dry_year;water_stress_year;nitrogen_stress_year,water_stress,FQA2019_stress_grid_S0008,pareto_balanced,2019-08-05,217,61,56,"{""sim_day"": 61.0, ""doy"": 217.0, ""topwt"": 2128.907623291016, ""grnwt"": 0.0, ""xlai"": 1.1677494049072266, ""totir"": 40.0, ""tofer"": NaN, ""swfac"": 0.0, ""nstres"": 0.4314351677894592}",0.0,0.4314351677894592,2128.907623291016,0.0,1.1677494049072266,40.0,,0.0,0.0,40.0,0.0,7.115969848632812,23.11596984863281,Leave_One_experiments/all_year_offline_schedule_search/daily_outputs/FQA/FQA_2019_FQA2019_stress_grid_S0008_daily.csv
FQA,FQA,Fengqiu,2019,Leave_One_experiments\wth_generated_qc\FQA\FQA2019.WTH,dry_year;water_stress_year;nitrogen_stress_year,water_stress,FQA2019_stress_grid_S0008,pareto_balanced,2019-08-06,218,62,57,"{""sim_day"": 62.0, ""doy"": 218.0, ""topwt"": 2199.185028076172, ""grnwt"": 0.0, ""xlai"": 1.1447176933288574, ""totir"": 40.0, ""tofer"": NaN, ""swfac"": 0.0, ""nstres"": 0.4336192607879638}",0.0,0.4336192607879638,2199.185028076172,0.0,1.1447176933288574,40.0,,0.0,0.0,40.0,0.0,7.115969848632812,23.11596984863281,Leave_One_experiments/all_year_offline_schedule_search/daily_outputs/FQA/FQA_2019_FQA2019_stress_grid_S0008_daily.csv
FQA,FQA,Fengqiu,2019,Leave_One_experiments\wth_generated_qc\FQA\FQA2019.WTH,dry_year;water_stress_year;nitrogen_stress_year,water_stress,FQA2019_stress_grid_S0008,pareto_balanced,2019-08-07,219,63,58,"{""sim_day"": 63.0, ""doy"": 219.0, ""topwt"": 2271.9110107421875, ""grnwt"": 0.0, ""xlai"": 1.123090147972107, ""totir"": 40.0, ""tofer"": NaN, ""swfac"": 0.0, ""nstres"": 0.4337069392204284}",0.0,0.4337069392204284,2271.9110107421875,0.0,1.123090147972107,40.0,,0.0,0.0,40.0,0.0,7.115969848632812,23.11596984863281,Leave_One_experiments/all_year_offline_schedule_search/daily_outputs/FQA/FQA_2019_FQA2019_stress_grid_S0008_daily.csv
FQA,FQA,Fengqiu,2019,Leave_One_experiments\wth_generated_qc\FQA\FQA2019.WTH,dry_year;water_stress_year;nitrogen_stress_year,water_stress,FQA2019_stress_grid_S0008,pareto_balanced,2019-08-08,220,64,59,"{""sim_day"": 64.0, ""doy"": 220.0, ""topwt"": 2350.732421875, ""grnwt"": 0.0, ""xlai"": 1.1037366390228271, ""totir"": 40.0, ""tofer"": NaN, ""swfac"": 0.0, ""nstres"": 0.4338217377662658}",0.0,0.4338217377662658,2350.732421875,0.0,1.1037366390228271,40.0,,0.0,0.0,40.0,0.0,7.115969848632812,23.11596984863281,Leave_One_experiments/all_year_offline_schedule_search/daily_outputs/FQA/FQA_2019_FQA2019_stress_grid_S0008_daily.csv
FQA,FQA,Fengqiu,2019,Leave_One_experiments\wth_generated_qc\FQA\FQA2019.WTH,dry_year;water_stress_year;nitrogen_stress_year,water_stress,FQA2019_stress_grid_S0008,pareto_balanced,2019-08-09,221,65,60,"{""sim_day"": 65.0, ""doy"": 221.0, ""topwt"": 2388.241424560547, ""grnwt"": 0.0, ""xlai"": 1.0748648643493652, ""totir"": 40.0, ""tofer"": NaN, ""swfac"": 0.0, ""nstres"": 0.4280976057052612}",0.0,0.4280976057052612,2388.241424560547,0.0,1.0748648643493652,40.0,,0.0,0.0,40.0,0.0,7.115969848632812,23.11596984863281,Leave_One_experiments/all_year_offline_schedule_search/daily_outputs/FQA/FQA_2019_FQA2019_stress_grid_S0008_daily.csv
FQA,FQA,Fengqiu,2019,Leave_One_experiments\wth_generated_qc\FQA\FQA2019.WTH,dry_year;water_stress_year;nitrogen_stress_year,water_stress,FQA2019_stress_grid_S0008,pareto_balanced,2019-08-10,222,66,61,"{""sim_day"": 66.0, ""doy"": 222.0, ""topwt"": 2430.753326416016, ""grnwt"": 0.0, ""xlai"": 1.048577904701233, ""totir"": 40.0, ""tofer"": NaN, ""swfac"": 0.0, ""nstres"": 0.4208685159683227}",0.0,0.4208685159683227,2430.753326416016,0.0,1.048577904701233,40.0,,0.0,0.0,40.0,0.0,7.115969848632812,23.11596984863281,Leave_One_experiments/all_year_offline_schedule_search/daily_outputs/FQA/FQA_2019_FQA2019_stress_grid_S0008_daily.csv
FQA,FQA,Fengqiu,2019,Leave_One_experiments\wth_generated_qc\FQA\FQA2019.WTH,dry_year;water_stress_year;nitrogen_stress_year,water_stress,FQA2019_stress_grid_S0008,pareto_balanced,2019-08-11,223,67,62,"{""sim_day"": 67.0, ""doy"": 223.0, ""topwt"": 2479.7772216796875, ""grnwt"": 0.0, ""xlai"": 1.0250450372695925, ""totir"": 40.0, ""tofer"": NaN, ""swfac"": 0.0, ""nstres"": 0.4160593748092651}",0.0,0.4160593748092651,2479.7772216796875,0.0,1.0250450372695925,40.0,,0.0,0.0,40.0,0.0,7.115969848632812,23.11596984863281,Leave_One_experiments/all_year_offline_schedule_search/daily_outputs/FQA/FQA_2019_FQA2019_stress_grid_S0008_daily.csv
FQA,FQA,Fengqiu,2019,Leave_One_experiments\wth_generated_qc\FQA\FQA2019.WTH,dry_year;water_stress_year;nitrogen_stress_year,water_stress,FQA2019_stress_grid_S0008,pareto_balanced,2019-08-12,224,68,63,"{""sim_day"": 68.0, ""doy"": 224.0, ""topwt"": 2592.4737548828125, ""grnwt"": 0.0, ""xlai"": 0.9905226230621338, ""totir"": 40.0, ""tofer"": NaN, ""swfac"": 0.0, ""nstres"": 0.408293604850769}",0.0,0.408293604850769,2592.4737548828125,0.0,0.9905226230621338,40.0,,0.0,0.0,40.0,0.0,7.115969848632812,23.11596984863281,Leave_One_experiments/all_year_offline_schedule_search/daily_outputs/FQA/FQA_2019_FQA2019_stress_grid_S0008_daily.csv
FQA,FQA,Fengqiu,2019,Leave_One_experiments\wth_generated_qc\FQA\FQA2019.WTH,dry_year;water_stress_year;nitrogen_stress_year,water_stress,FQA2019_stress_grid_S0008,pareto_balanced,2019-08-13,225,69,64,"{""sim_day"": 69.0, ""doy"": 225.0, ""topwt"": 2700.14404296875, ""grnwt"": 0.0, ""xlai"": 0.9578673839569092, ""totir"": 40.0, ""tofer"": NaN, ""swfac"": 0.0, ""nstres"": 0.3912245035171509}",0.0,0.3912245035171509,2700.14404296875,0.0,0.9578673839569092,40.0,,0.0,0.0,40.0,0.0,7.115969848632812,23.11596984863281,Leave_One_experiments/all_year_offline_schedule_search/daily_outputs/FQA/FQA_2019_FQA2019_stress_grid_S0008_daily.csv
FQA,FQA,Fengqiu,2019,Leave_One_experiments\wth_generated_qc\FQA\FQA2019.WTH,dry_year;water_stress_year;nitrogen_stress_year,water_stress,FQA2019_stress_grid_S0008,pareto_balanced,2019-08-14,226,70,65,"{""sim_day"": 70.0, ""doy"": 226.0, ""topwt"": 2825.3350830078125, ""grnwt"": 0.0, ""xlai"": 0.9261031150817872, ""totir"": 40.0, ""tofer"": NaN, ""swfac"": 0.0, ""nstres"": 0.3958725929260254}",0.0,0.3958725929260254,2825.3350830078125,0.0,0.9261031150817872,40.0,,0.0,0.0,40.0,0.0,7.115969848632812,23.11596984863281,Leave_One_experiments/all_year_offline_schedule_search/daily_outputs/FQA/FQA_2019_FQA2019_stress_grid_S0008_daily.csv
FQA,FQA,Fengqiu,2019,Leave_One_experiments\wth_generated_qc\FQA\FQA2019.WTH,dry_year;water_stress_year;nitrogen_stress_year,water_stress,FQA2019_stress_grid_S0008,pareto_balanced,2019-08-15,227,71,66,"{""sim_day"": 71.0, ""doy"": 227.0, ""topwt"": 2934.7146606445312, ""grnwt"": 0.0, ""xlai"": 0.8954125046730042, ""totir"": 40.0, ""tofer"": NaN, ""swfac"": 0.0, ""nstres"": 0.39534991979599}",0.0,0.39534991979599,2934.7146606445312,0.0,0.8954125046730042,40.0,,0.0,0.0,40.0,0.0,7.115969848632812,23.11596984863281,Leave_One_experiments/all_year_offline_schedule_search/daily_outputs/FQA/FQA_2019_FQA2019_stress_grid_S0008_daily.csv
FQA,FQA,Fengqiu,2019,Leave_One_experiments\wth_generated_qc\FQA\FQA2019.WTH,dry_year;water_stress_year;nitrogen_stress_year,water_stress,FQA2019_stress_grid_S0008,pareto_balanced,2019-08-16,228,72,67,"{""sim_day"": 72.0, ""doy"": 228.0, ""topwt"": 3046.6433715820312, ""grnwt"": 0.0, ""xlai"": 0.8657245635986328, ""totir"": 40.0, ""tofer"": NaN, ""swfac"": 0.0, ""nstres"": 0.3957330584526062}",0.0,0.3957330584526062,3046.6433715820312,0.0,0.8657245635986328,40.0,,0.0,0.0,40.0,0.0,7.115969848632812,23.11596984863281,Leave_One_experiments/all_year_offline_schedule_search/daily_outputs/FQA/FQA_2019_FQA2019_stress_grid_S0008_daily.csv
FQA,FQA,Fengqiu,2019,Leave_One_experiments\wth_generated_qc\FQA\FQA2019.WTH,dry_year;water_stress_year;nitrogen_stress_year,water_stress,FQA2019_stress_grid_S0008,pareto_balanced,2019-08-17,229,73,68,"{""sim_day"": 73.0, ""doy"": 229.0, ""topwt"": 3152.2125244140625, ""grnwt"": 0.0, ""xlai"": 0.8372602462768555, ""totir"": 40.0, ""tofer"": NaN, ""swfac"": 0.0, ""nstres"": 0.3891017436981201}",0.0,0.3891017436981201,3152.2125244140625,0.0,0.8372602462768555,40.0,,0.0,0.0,40.0,0.0,7.115969848632812,23.11596984863281,Leave_One_experiments/all_year_offline_schedule_search/daily_outputs/FQA/FQA_2019_FQA2019_stress_grid_S0008_daily.csv
FQA,FQA,Fengqiu,2019,Leave_One_experiments\wth_generated_qc\FQA\FQA2019.WTH,dry_year;water_stress_year;nitrogen_stress_year,water_stress,FQA2019_stress_grid_S0008,pareto_balanced,2019-08-18,230,74,69,"{""sim_day"": 74.0, ""doy"": 230.0, ""topwt"": 3252.147521972656, ""grnwt"": 0.0, ""xlai"": 0.809981644153595, ""totir"": 40.0, ""tofer"": NaN, ""swfac"": 0.0, ""nstres"": 0.3819404244422912}",0.0,0.3819404244422912,3252.147521972656,0.0,0.809981644153595,40.0,,0.0,0.0,40.0,0.0,7.115969848632812,23.11596984863281,Leave_One_experiments/all_year_offline_schedule_search/daily_outputs/FQA/FQA_2019_FQA2019_stress_grid_S0008_daily.csv
FQA,FQA,Fengqiu,2019,Leave_One_experiments\wth_generated_qc\FQA\FQA2019.WTH,dry_year;water_stress_year;nitrogen_stress_year,water_stress,FQA2019_stress_grid_S0008,pareto_balanced,2019-08-19,231,75,70,"{""sim_day"": 75.0, ""doy"": 231.0, ""topwt"": 3342.1267700195312, ""grnwt"": 0.0, ""xlai"": 0.7838938236236572, ""totir"": 40.0, ""tofer"": NaN, ""swfac"": 0.0, ""nstres"": 0.3729885220527649}",0.0,0.3729885220527649,3342.1267700195312,0.0,0.7838938236236572,40.0,,0.0,0.0,40.0,0.0,7.115969848632812,23.11596984863281,Leave_One_experiments/all_year_offline_schedule_search/daily_outputs/FQA/FQA_2019_FQA2019_stress_grid_S0008_daily.csv
FQA,FQA,Fengqiu,2019,Leave_One_experiments\wth_generated_qc\FQA\FQA2019.WTH,dry_year;water_stress_year;nitrogen_stress_year,water_stress,FQA2019_stress_grid_S0008,pareto_balanced,2019-08-20,232,76,71,"{""sim_day"": 76.0, ""doy"": 232.0, ""topwt"": 3339.6176147460938, ""grnwt"": 0.0, ""xlai"": 0.7589515447616577, ""totir"": 40.0, ""tofer"": NaN, ""swfac"": 0.0, ""nstres"": 0.3636438250541687}",0.0,0.3636438250541687,3339.6176147460938,0.0,0.7589515447616577,40.0,,0.0,0.0,40.0,0.0,7.115969848632812,23.11596984863281,Leave_One_experiments/all_year_offline_schedule_search/daily_outputs/FQA/FQA_2019_FQA2019_stress_grid_S0008_daily.csv
FQA,FQA,Fengqiu,2019,Leave_One_experiments\wth_generated_qc\FQA\FQA2019.WTH,dry_year;water_stress_year;nitrogen_stress_year,water_stress,FQA2019_stress_grid_S0008,pareto_balanced,2019-08-21,233,77,72,"{""sim_day"": 77.0, ""doy"": 233.0, ""topwt"": 3428.983459472656, ""grnwt"": 233.83583068847656, ""xlai"": 0.7352815270423889, ""totir"": 40.0, ""tofer"": NaN, ""swfac"": 0.0, ""nstres"": 0.3485076427459717}",0.0,0.3485076427459717,3428.983459472656,233.83583068847656,0.7352815270423889,40.0,,0.0,0.0,40.0,0.0,7.115969848632812,23.11596984863281,Leave_One_experiments/all_year_offline_schedule_search/daily_outputs/FQA/FQA_2019_FQA2019_stress_grid_S0008_daily.csv
FQA,FQA,Fengqiu,2019,Leave_One_experiments\wth_generated_qc\FQA\FQA2019.WTH,dry_year;water_stress_year;nitrogen_stress_year,water_stress,FQA2019_stress_grid_S0008,pareto_balanced,2019-08-22,234,78,73,"{""sim_day"": 78.0, ""doy"": 234.0, ""topwt"": 3516.489562988281, ""grnwt"": 319.52423095703125, ""xlai"": 0.7109628915786743, ""totir"": 40.0, ""tofer"": NaN, ""swfac"": 0.0, ""nstres"": 0.3937735557556152}",0.0,0.3937735557556152,3516.489562988281,319.52423095703125,0.7109628915786743,40.0,,0.0,0.0,40.0,0.0,7.115969848632812,23.11596984863281,Leave_One_experiments/all_year_offline_schedule_search/daily_outputs/FQA/FQA_2019_FQA2019_stress_grid_S0008_daily.csv
FQA,FQA,Fengqiu,2019,Leave_One_experiments\wth_generated_qc\FQA\FQA2019.WTH,dry_year;water_stress_year;nitrogen_stress_year,water_stress,FQA2019_stress_grid_S0008,pareto_balanced,2019-08-23,235,79,74,"{""sim_day"": 79.0, ""doy"": 235.0, ""topwt"": 3606.5402221679688, ""grnwt"": 408.16741943359375, ""xlai"": 0.6889185309410095, ""totir"": 40.0, ""tofer"": NaN, ""swfac"": 0.0, ""nstres"": 0.3441498279571533}",0.0,0.3441498279571533,3606.5402221679688,408.16741943359375,0.6889185309410095,40.0,,0.0,0.0,40.0,0.0,7.115969848632812,23.11596984863281,Leave_One_experiments/all_year_offline_schedule_search/daily_outputs/FQA/FQA_2019_FQA2019_stress_grid_S0008_daily.csv
FQA,FQA,Fengqiu,2019,Leave_One_experiments\wth_generated_qc\FQA\FQA2019.WTH,dry_year;water_stress_year;nitrogen_stress_year,water_stress,FQA2019_stress_grid_S0008,pareto_balanced,2019-08-24,236,80,75,"{""sim_day"": 80.0, ""doy"": 236.0, ""topwt"": 3656.827087402344, ""grnwt"": 502.72010803222656, ""xlai"": 0.6675188541412354, ""totir"": 40.0, ""tofer"": NaN, ""swfac"": 0.0, ""nstres"": 0.3455044627189636}",0.0,0.3455044627189636,3656.827087402344,502.72010803222656,0.6675188541412354,40.0,,0.0,0.0,40.0,0.0,7.115969848632812,23.11596984863281,Leave_One_experiments/all_year_offline_schedule_search/daily_outputs/FQA/FQA_2019_FQA2019_stress_grid_S0008_daily.csv
FQA,FQA,Fengqiu,2019,Leave_One_experiments\wth_generated_qc\FQA\FQA2019.WTH,dry_year;water_stress_year;nitrogen_stress_year,water_stress,FQA2019_stress_grid_S0008,pareto_balanced,2019-08-25,237,81,76,"{""sim_day"": 81.0, ""doy"": 237.0, ""topwt"": 3753.687744140625, ""grnwt"": 597.2727966308594, ""xlai"": 0.6467917561531067, ""totir"": 40.0, ""tofer"": NaN, ""swfac"": 0.0, ""nstres"": 0.3452214002609253}",0.0,0.3452214002609253,3753.687744140625,597.2727966308594,0.6467917561531067,40.0,,0.0,0.0,40.0,0.0,7.115969848632812,23.11596984863281,Leave_One_experiments/all_year_offline_schedule_search/daily_outputs/FQA/FQA_2019_FQA2019_stress_grid_S0008_daily.csv
FQA,FQA,Fengqiu,2019,Leave_One_experiments\wth_generated_qc\FQA\FQA2019.WTH,dry_year;water_stress_year;nitrogen_stress_year,water_stress,FQA2019_stress_grid_S0008,pareto_balanced,2019-08-26,238,82,77,"{""sim_day"": 82.0, ""doy"": 238.0, ""topwt"": 3777.065124511719, ""grnwt"": 691.8254852294922, ""xlai"": 0.6270506381988525, ""totir"": 40.0, ""tofer"": NaN, ""swfac"": 0.0, ""nstres"": 0.3325188159942627}",0.0,0.3325188159942627,3777.065124511719,691.8254852294922,0.6270506381988525,40.0,,0.0,0.0,40.0,0.0,7.115969848632812,23.11596984863281,Leave_One_experiments/all_year_offline_schedule_search/daily_outputs/FQA/FQA_2019_FQA2019_stress_grid_S0008_daily.csv
FQA,FQA,Fengqiu,2019,Leave_One_experiments\wth_generated_qc\FQA\FQA2019.WTH,dry_year;water_stress_year;nitrogen_stress_year,water_stress,FQA2019_stress_grid_S0008,pareto_balanced,2019-08-27,239,83,78,"{""sim_day"": 83.0, ""doy"": 239.0, ""topwt"": 3881.4187622070312, ""grnwt"": 785.7872772216797, ""xlai"": 0.6078710556030273, ""totir"": 40.0, ""tofer"": NaN, ""swfac"": 0.0, ""nstres"": 0.3340882062911987}",0.0,0.3340882062911987,3881.4187622070312,785.7872772216797,0.6078710556030273,40.0,,0.0,0.0,40.0,0.0,7.115969848632812,23.11596984863281,Leave_One_experiments/all_year_offline_schedule_search/daily_outputs/FQA/FQA_2019_FQA2019_stress_grid_S0008_daily.csv
FQA,FQA,Fengqiu,2019,Leave_One_experiments\wth_generated_qc\FQA\FQA2019.WTH,dry_year;water_stress_year;nitrogen_stress_year,water_stress,FQA2019_stress_grid_S0008,pareto_balanced,2019-08-28,240,84,79,"{""sim_day"": 84.0, ""doy"": 240.0, ""topwt"": 3990.4400634765625, ""grnwt"": 880.3399658203125, ""xlai"": 0.5898226499557495, ""totir"": 40.0, ""tofer"": NaN, ""swfac"": 0.0, ""nstres"": 0.3125886917114258}",0.0,0.3125886917114258,3990.4400634765625,880.3399658203125,0.5898226499557495,40.0,,0.0,0.0,40.0,0.0,7.115969848632812,23.11596984863281,Leave_One_experiments/all_year_offline_schedule_search/daily_outputs/FQA/FQA_2019_FQA2019_stress_grid_S0008_daily.csv
FQA,FQA,Fengqiu,2019,Leave_One_experiments\wth_generated_qc\FQA\FQA2019.WTH,dry_year;water_stress_year;nitrogen_stress_year,water_stress,FQA2019_stress_grid_S0008,pareto_balanced,2019-08-29,241,85,80,"{""sim_day"": 85.0, ""doy"": 241.0, ""topwt"": 4091.4056396484375, ""grnwt"": 974.8926544189452, ""xlai"": 0.5720083117485046, ""totir"": 40.0, ""tofer"": NaN, ""swfac"": 0.0, ""nstres"": 0.3248705267906189}",0.0,0.3248705267906189,4091.4056396484375,974.8926544189452,0.5720083117485046,40.0,,0.0,0.0,40.0,0.0,7.115969848632812,23.11596984863281,Leave_One_experiments/all_year_offline_schedule_search/daily_outputs/FQA/FQA_2019_FQA2019_stress_grid_S0008_daily.csv
FQA,FQA,Fengqiu,2019,Leave_One_experiments\wth_generated_qc\FQA\FQA2019.WTH,dry_year;water_stress_year;nitrogen_stress_year,water_stress,FQA2019_stress_grid_S0008,pareto_balanced,2019-08-30,242,86,81,"{""sim_day"": 86.0, ""doy"": 242.0, ""topwt"": 4190.927734375, ""grnwt"": 1069.445343017578, ""xlai"": 0.5544157028198242, ""totir"": 40.0, ""tofer"": NaN, ""swfac"": 0.0, ""nstres"": 0.3381386995315552}",0.0,0.3381386995315552,4190.927734375,1069.445343017578,0.5544157028198242,40.0,,0.0,0.0,40.0,0.0,7.115969848632812,23.11596984863281,Leave_One_experiments/all_year_offline_schedule_search/daily_outputs/FQA/FQA_2019_FQA2019_stress_grid_S0008_daily.csv
FQA,FQA,Fengqiu,2019,Leave_One_experiments\wth_generated_qc\FQA\FQA2019.WTH,dry_year;water_stress_year;nitrogen_stress_year,water_stress,FQA2019_stress_grid_S0008,pareto_balanced,2019-08-31,243,87,82,"{""sim_day"": 87.0, ""doy"": 243.0, ""topwt"": 4280.7958984375, ""grnwt"": 1163.998031616211, ""xlai"": 0.5371459126472473, ""totir"": 40.0, ""tofer"": NaN, ""swfac"": 0.0, ""nstres"": 0.3475879430770874}",0.0,0.3475879430770874,4280.7958984375,1163.998031616211,0.5371459126472473,40.0,,0.0,0.0,40.0,0.0,7.115969848632812,23.11596984863281,Leave_One_experiments/all_year_offline_schedule_search/daily_outputs/FQA/FQA_2019_FQA2019_stress_grid_S0008_daily.csv
FQA,FQA,Fengqiu,2019,Leave_One_experiments\wth_generated_qc\FQA\FQA2019.WTH,dry_year;water_stress_year;nitrogen_stress_year,water_stress,FQA2019_stress_grid_S0008,pareto_balanced,2019-09-01,244,88,83,"{""sim_day"": 88.0, ""doy"": 244.0, ""topwt"": 4339.382629394531, ""grnwt"": 1258.5507202148438, ""xlai"": 0.5202234387397766, ""totir"": 40.0, ""tofer"": NaN, ""swfac"": 0.0, ""nstres"": 0.3561062812805176}",0.0,0.3561062812805176,4339.382629394531,1258.5507202148438,0.5202234387397766,40.0,,0.0,0.0,40.0,0.0,7.115969848632812,23.11596984863281,Leave_One_experiments/all_year_offline_schedule_search/daily_outputs/FQA/FQA_2019_FQA2019_stress_grid_S0008_daily.csv
FQA,FQA,Fengqiu,2019,Leave_One_experiments\wth_generated_qc\FQA\FQA2019.WTH,dry_year;water_stress_year;nitrogen_stress_year,water_stress,FQA2019_stress_grid_S0008,pareto_balanced,2019-09-02,245,89,84,"{""sim_day"": 89.0, ""doy"": 245.0, ""topwt"": 4416.417846679688, ""grnwt"": 1353.103485107422, ""xlai"": 0.503738284111023, ""totir"": 40.0, ""tofer"": NaN, ""swfac"": 0.0, ""nstres"": 0.3605280518531799}",0.0,0.3605280518531799,4416.417846679688,1353.103485107422,0.503738284111023,40.0,,0.0,0.0,40.0,0.0,7.115969848632812,23.11596984863281,Leave_One_experiments/all_year_offline_schedule_search/daily_outputs/FQA/FQA_2019_FQA2019_stress_grid_S0008_daily.csv
FQA,FQA,Fengqiu,2019,Leave_One_experiments\wth_generated_qc\FQA\FQA2019.WTH,dry_year;water_stress_year;nitrogen_stress_year,water_stress,FQA2019_stress_grid_S0008,pareto_balanced,2019-09-03,246,90,85,"{""sim_day"": 90.0, ""doy"": 246.0, ""topwt"": 4491.610107421875, ""grnwt"": 1447.65625, ""xlai"": 0.4878836870193481, ""totir"": 40.0, ""tofer"": NaN, ""swfac"": 0.0, ""nstres"": 0.3553736805915832}",0.0,0.3553736805915832,4491.610107421875,1447.65625,0.4878836870193481,40.0,,0.0,0.0,40.0,0.0,7.115969848632812,23.11596984863281,Leave_One_experiments/all_year_offline_schedule_search/daily_outputs/FQA/FQA_2019_FQA2019_stress_grid_S0008_daily.csv
FQA,FQA,Fengqiu,2019,Leave_One_experiments\wth_generated_qc\FQA\FQA2019.WTH,dry_year;water_stress_year;nitrogen_stress_year,water_stress,FQA2019_stress_grid_S0008,pareto_balanced,2019-09-04,247,91,86,"{""sim_day"": 91.0, ""doy"": 247.0, ""topwt"": 4579.88525390625, ""grnwt"": 1542.209014892578, ""xlai"": 0.4724552631378174, ""totir"": 40.0, ""tofer"": NaN, ""swfac"": 0.0, ""nstres"": 0.3589553236961365}",0.0,0.3589553236961365,4579.88525390625,1542.209014892578,0.4724552631378174,40.0,,0.0,0.0,40.0,0.0,7.115969848632812,23.11596984863281,Leave_One_experiments/all_year_offline_schedule_search/daily_outputs/FQA/FQA_2019_FQA2019_stress_grid_S0008_daily.csv
FQA,FQA,Fengqiu,2019,Leave_One_experiments\wth_generated_qc\FQA\FQA2019.WTH,dry_year;water_stress_year;nitrogen_stress_year,water_stress,FQA2019_stress_grid_S0008,pareto_balanced,2019-09-05,248,92,87,"{""sim_day"": 92.0, ""doy"": 248.0, ""topwt"": 4663.507690429688, ""grnwt"": 1636.7617797851562, ""xlai"": 0.4574544727802276, ""totir"": 40.0, ""tofer"": NaN, ""swfac"": 0.0, ""nstres"": 0.362015962600708}",0.0,0.362015962600708,4663.507690429688,1636.7617797851562,0.4574544727802276,40.0,,0.0,0.0,40.0,0.0,7.115969848632812,23.11596984863281,Leave_One_experiments/all_year_offline_schedule_search/daily_outputs/FQA/FQA_2019_FQA2019_stress_grid_S0008_daily.csv
FQA,FQA,Fengqiu,2019,Leave_One_experiments\wth_generated_qc\FQA\FQA2019.WTH,dry_year;water_stress_year;nitrogen_stress_year,water_stress,FQA2019_stress_grid_S0008,pareto_balanced,2019-09-06,249,93,88,"{""sim_day"": 93.0, ""doy"": 249.0, ""topwt"": 4740.870971679688, ""grnwt"": 1731.3145446777344, ""xlai"": 0.4427632689476013, ""totir"": 40.0, ""tofer"": NaN, ""swfac"": 0.0, ""nstres"": 0.3707618713378906}",0.0,0.3707618713378906,4740.870971679688,1731.3145446777344,0.4427632689476013,40.0,,0.0,0.0,40.0,0.0,7.115969848632812,23.11596984863281,Leave_One_experiments/all_year_offline_schedule_search/daily_outputs/FQA/FQA_2019_FQA2019_stress_grid_S0008_daily.csv
FQA,FQA,Fengqiu,2019,Leave_One_experiments\wth_generated_qc\FQA\FQA2019.WTH,dry_year;water_stress_year;nitrogen_stress_year,water_stress,FQA2019_stress_grid_S0008,pareto_balanced,2019-09-07,250,94,89,"{""sim_day"": 94.0, ""doy"": 250.0, ""topwt"": 4814.3310546875, ""grnwt"": 1825.8673095703125, ""xlai"": 0.4284306466579437, ""totir"": 40.0, ""tofer"": NaN, ""swfac"": 0.0, ""nstres"": 0.3768991231918335}",0.0,0.3768991231918335,4814.3310546875,1825.8673095703125,0.4284306466579437,40.0,,0.0,0.0,40.0,0.0,7.115969848632812,23.11596984863281,Leave_One_experiments/all_year_offline_schedule_search/daily_outputs/FQA/FQA_2019_FQA2019_stress_grid_S0008_daily.csv
FQA,FQA,Fengqiu,2019,Leave_One_experiments\wth_generated_qc\FQA\FQA2019.WTH,dry_year;water_stress_year;nitrogen_stress_year,water_stress,FQA2019_stress_grid_S0008,pareto_balanced,2019-09-08,251,95,90,"{""sim_day"": 95.0, ""doy"": 251.0, ""topwt"": 4879.68505859375, ""grnwt"": 1920.4200744628904, ""xlai"": 0.414506047964096, ""totir"": 40.0, ""tofer"": NaN, ""swfac"": 0.0, ""nstres"": 0.3800318241119385}",0.0,0.3800318241119385,4879.68505859375,1920.4200744628904,0.414506047964096,40.0,,0.0,0.0,40.0,0.0,7.115969848632812,23.11596984863281,Leave_One_experiments/all_year_offline_schedule_search/daily_outputs/FQA/FQA_2019_FQA2019_stress_grid_S0008_daily.csv
FQA,FQA,Fengqiu,2019,Leave_One_experiments\wth_generated_qc\FQA\FQA2019.WTH,dry_year;water_stress_year;nitrogen_stress_year,water_stress,FQA2019_stress_grid_S0008,pareto_balanced,2019-09-09,252,96,91,"{""sim_day"": 96.0, ""doy"": 252.0, ""topwt"": 4903.086853027344, ""grnwt"": 2014.9728393554688, ""xlai"": 0.4010113179683685, ""totir"": 40.0, ""tofer"": NaN, ""swfac"": 0.0, ""nstres"": 0.3813478946685791}",0.0,0.3813478946685791,4903.086853027344,2014.9728393554688,0.4010113179683685,40.0,,0.0,0.0,40.0,0.0,7.115969848632812,23.11596984863281,Leave_One_experiments/all_year_offline_schedule_search/daily_outputs/FQA/FQA_2019_FQA2019_stress_grid_S0008_daily.csv
FQA,FQA,Fengqiu,2019,Leave_One_experiments\wth_generated_qc\FQA\FQA2019.WTH,dry_year;water_stress_year;nitrogen_stress_year,water_stress,FQA2019_stress_grid_S0008,pareto_balanced,2019-09-10,253,97,92,"{""sim_day"": 97.0, ""doy"": 253.0, ""topwt"": 4908.447570800781, ""grnwt"": 2109.525604248047, ""xlai"": 0.3879406154155731, ""totir"": 40.0, ""tofer"": NaN, ""swfac"": 0.0, ""nstres"": 0.3822630643844604}",0.0,0.3822630643844604,4908.447570800781,2109.525604248047,0.3879406154155731,40.0,,0.0,0.0,40.0,0.0,7.115969848632812,23.11596984863281,Leave_One_experiments/all_year_offline_schedule_search/daily_outputs/FQA/FQA_2019_FQA2019_stress_grid_S0008_daily.csv
FQA,FQA,Fengqiu,2019,Leave_One_experiments\wth_generated_qc\FQA\FQA2019.WTH,dry_year;water_stress_year;nitrogen_stress_year,water_stress,FQA2019_stress_grid_S0008,pareto_balanced,2019-09-11,254,98,93,"{""sim_day"": 98.0, ""doy"": 254.0, ""topwt"": 4915.5126953125, ""grnwt"": 2204.078369140625, ""xlai"": 0.3757777214050293, ""totir"": 40.0, ""tofer"": NaN, ""swfac"": 0.0, ""nstres"": 0.3524617552757263}",0.0,0.3524617552757263,4915.5126953125,2204.078369140625,0.3757777214050293,40.0,,0.0,0.0,40.0,0.0,7.115969848632812,23.11596984863281,Leave_One_experiments/all_year_offline_schedule_search/daily_outputs/FQA/FQA_2019_FQA2019_stress_grid_S0008_daily.csv
FQA,FQA,Fengqiu,2019,Leave_One_experiments\wth_generated_qc\FQA\FQA2019.WTH,dry_year;water_stress_year;nitrogen_stress_year,water_stress,FQA2019_stress_grid_S0008,pareto_balanced,2019-09-12,255,99,94,"{""sim_day"": 99.0, ""doy"": 255.0, ""topwt"": 4947.122802734375, ""grnwt"": 2298.631134033203, ""xlai"": 0.3644370138645172, ""totir"": 40.0, ""tofer"": NaN, ""swfac"": 0.0, ""nstres"": 0.3243039846420288}",0.0,0.3243039846420288,4947.122802734375,2298.631134033203,0.3644370138645172,40.0,,0.0,0.0,40.0,0.0,7.115969848632812,23.11596984863281,Leave_One_experiments/all_year_offline_schedule_search/daily_outputs/FQA/FQA_2019_FQA2019_stress_grid_S0008_daily.csv
FQA,FQA,Fengqiu,2019,Leave_One_experiments\wth_generated_qc\FQA\FQA2019.WTH,dry_year;water_stress_year;nitrogen_stress_year,water_stress,FQA2019_stress_grid_S0008,pareto_balanced,2019-09-13,256,100,95,"{""sim_day"": 100.0, ""doy"": 256.0, ""topwt"": 4968.0792236328125, ""grnwt"": 2393.183898925781, ""xlai"": 0.3537695109844208, ""totir"": 40.0, ""tofer"": NaN, ""swfac"": 0.0, ""nstres"": 0.3025060892105102}",0.0,0.3025060892105102,4968.0792236328125,2393.183898925781,0.3537695109844208,40.0,,0.0,0.0,40.0,0.0,7.115969848632812,23.11596984863281,Leave_One_experiments/all_year_offline_schedule_search/daily_outputs/FQA/FQA_2019_FQA2019_stress_grid_S0008_daily.csv
FQA,FQA,Fengqiu,2019,Leave_One_experiments\wth_generated_qc\FQA\FQA2019.WTH,dry_year;water_stress_year;nitrogen_stress_year,water_stress,FQA2019_stress_grid_S0008,pareto_balanced,2019-09-14,257,101,96,"{""sim_day"": 101.0, ""doy"": 257.0, ""topwt"": 4977.9638671875, ""grnwt"": 2487.7366638183594, ""xlai"": 0.3434105515480041, ""totir"": 40.0, ""tofer"": NaN, ""swfac"": 0.0, ""nstres"": 0.3027601242065429}",0.0,0.3027601242065429,4977.9638671875,2487.7366638183594,0.3434105515480041,40.0,,0.0,0.0,40.0,0.0,7.115969848632812,23.11596984863281,Leave_One_experiments/all_year_offline_schedule_search/daily_outputs/FQA/FQA_2019_FQA2019_stress_grid_S0008_daily.csv
FQA,FQA,Fengqiu,2019,Leave_One_experiments\wth_generated_qc\FQA\FQA2019.WTH,dry_year;water_stress_year;nitrogen_stress_year,water_stress,FQA2019_stress_grid_S0008,pareto_balanced,2019-09-15,258,102,97,"{""sim_day"": 102.0, ""doy"": 258.0, ""topwt"": 5025.192260742188, ""grnwt"": 2582.289428710937, ""xlai"": 0.3334634602069855, ""totir"": 40.0, ""tofer"": NaN, ""swfac"": 0.0, ""nstres"": 0.2951734066009521}",0.0,0.2951734066009521,5025.192260742188,2582.289428710937,0.3334634602069855,40.0,,0.0,0.0,40.0,0.0,7.115969848632812,23.11596984863281,Leave_One_experiments/all_year_offline_schedule_search/daily_outputs/FQA/FQA_2019_FQA2019_stress_grid_S0008_daily.csv
FQA,FQA,Fengqiu,2019,Leave_One_experiments\wth_generated_qc\FQA\FQA2019.WTH,dry_year;water_stress_year;nitrogen_stress_year,water_stress,FQA2019_stress_grid_S0008,pareto_balanced,2019-09-16,259,103,98,"{""sim_day"": 103.0, ""doy"": 259.0, ""topwt"": 4993.047790527344, ""grnwt"": 2596.8878173828125, ""xlai"": 0.3239570260047912, ""totir"": 40.0, ""tofer"": NaN, ""swfac"": 0.0, ""nstres"": 0.2841975092887878}",0.0,0.2841975092887878,4993.047790527344,2596.8878173828125,0.3239570260047912,40.0,,0.0,0.0,40.0,0.0,7.115969848632812,23.11596984863281,Leave_One_experiments/all_year_offline_schedule_search/daily_outputs/FQA/FQA_2019_FQA2019_stress_grid_S0008_daily.csv
FQA,FQA,Fengqiu,2019,Leave_One_experiments\wth_generated_qc\FQA\FQA2019.WTH,dry_year;water_stress_year;nitrogen_stress_year,water_stress,FQA2019_stress_grid_S0008,pareto_balanced,2019-09-17,260,104,99,"{""sim_day"": 104.0, ""doy"": 260.0, ""topwt"": 5051.207580566406, ""grnwt"": 2655.047607421875, ""xlai"": 0.3156079053878784, ""totir"": 40.0, ""tofer"": NaN, ""swfac"": 0.0, ""nstres"": 0.2185361981391906}",0.0,0.2185361981391906,5051.207580566406,2655.047607421875,0.3156079053878784,40.0,,0.0,0.0,40.0,0.0,7.115969848632812,23.11596984863281,Leave_One_experiments/all_year_offline_schedule_search/daily_outputs/FQA/FQA_2019_FQA2019_stress_grid_S0008_daily.csv
FQA,FQA,Fengqiu,2019,Leave_One_experiments\wth_generated_qc\FQA\FQA2019.WTH,dry_year;water_stress_year;nitrogen_stress_year,water_stress,FQA2019_stress_grid_S0008,pareto_balanced,2019-09-18,261,105,100,"{""sim_day"": 105.0, ""doy"": 261.0, ""topwt"": 5071.05712890625, ""grnwt"": 2674.8971557617188, ""xlai"": 0.3077515661716461, ""totir"": 40.0, ""tofer"": NaN, ""swfac"": 0.0, ""nstres"": 0.1991415023803711}",0.0,0.1991415023803711,5071.05712890625,2674.8971557617188,0.3077515661716461,40.0,,0.0,0.0,40.0,0.0,7.115969848632812,23.11596984863281,Leave_One_experiments/all_year_offline_schedule_search/daily_outputs/FQA/FQA_2019_FQA2019_stress_grid_S0008_daily.csv
FQA,FQA,Fengqiu,2019,Leave_One_experiments\wth_generated_qc\FQA\FQA2019.WTH,dry_year;water_stress_year;nitrogen_stress_year,water_stress,FQA2019_stress_grid_S0008,pareto_balanced,2019-09-19,262,106,101,"{""sim_day"": 106.0, ""doy"": 262.0, ""topwt"": 5107.7569580078125, ""grnwt"": 2711.596984863281, ""xlai"": 0.3004961907863617, ""totir"": 40.0, ""tofer"": NaN, ""swfac"": 0.0, ""nstres"": 0.1886032819747924}",0.0,0.1886032819747924,5107.7569580078125,2711.596984863281,0.3004961907863617,40.0,,0.0,0.0,40.0,0.0,7.115969848632812,23.11596984863281,Leave_One_experiments/all_year_offline_schedule_search/daily_outputs/FQA/FQA_2019_FQA2019_stress_grid_S0008_daily.csv
FQA,FQA,Fengqiu,2019,Leave_One_experiments\wth_generated_qc\FQA\FQA2019.WTH,dry_year;water_stress_year;nitrogen_stress_year,water_stress,FQA2019_stress_grid_S0008,pareto_balanced,2019-09-20,263,107,102,"{""sim_day"": 107.0, ""doy"": 263.0, ""topwt"": 5107.7569580078125, ""grnwt"": 2711.596984863281, ""xlai"": 0.3004961907863617, ""totir"": 40.0, ""tofer"": NaN, ""swfac"": 0.0, ""nstres"": 0.1852397322654724}",0.0,0.1852397322654724,5107.7569580078125,2711.596984863281,0.3004961907863617,40.0,,0.0,0.0,40.0,0.0,7.115969848632812,23.11596984863281,Leave_One_experiments/all_year_offline_schedule_search/daily_outputs/FQA/FQA_2019_FQA2019_stress_grid_S0008_daily.csv
FQA,FQA,Fengqiu,2019,Leave_One_experiments\wth_generated_qc\FQA\FQA2019.WTH,dry_year;water_stress_year;nitrogen_stress_year,water_stress,FQA2019_stress_grid_S0008,pareto_balanced,2019-09-21,264,108,103,"{""sim_day"": 108.0, ""doy"": 264.0, ""topwt"": 5107.7569580078125, ""grnwt"": 2711.596984863281, ""xlai"": 0.3004961907863617, ""totir"": 40.0, ""tofer"": NaN, ""swfac"": 0.0, ""nstres"": 0.1852397322654724}",0.0,0.1852397322654724,5107.7569580078125,2711.596984863281,0.3004961907863617,40.0,,0.0,0.0,40.0,0.0,7.115969848632812,23.11596984863281,Leave_One_experiments/all_year_offline_schedule_search/daily_outputs/FQA/FQA_2019_FQA2019_stress_grid_S0008_daily.csv
FQA,FQA,Fengqiu,2019,Leave_One_experiments\wth_generated_qc\FQA\FQA2019.WTH,dry_year;water_stress_year;nitrogen_stress_year,water_stress,FQA2019_stress_grid_S0008,pareto_balanced,2019-09-22,265,109,104,"{""sim_day"": 109.0, ""doy"": 265.0, ""topwt"": 5107.7569580078125, ""grnwt"": 2711.596984863281, ""xlai"": 0.3004961907863617, ""totir"": 40.0, ""tofer"": NaN, ""swfac"": 0.0, ""nstres"": 0.1852397322654724}",0.0,0.1852397322654724,5107.7569580078125,2711.596984863281,0.3004961907863617,40.0,,0.0,0.0,40.0,0.0,7.115969848632812,23.11596984863281,Leave_One_experiments/all_year_offline_schedule_search/daily_outputs/FQA/FQA_2019_FQA2019_stress_grid_S0008_daily.csv
FQA,FQA,Fengqiu,2020,Leave_One_experiments\wth_generated_qc\FQA\FQA2020.WTH,normal_year;water_stress_year;nitrogen_stress_year,water_stress,FQA2020_stress_grid_S0015,irrigation_positive_candidate,2020-06-10,162,1,1,"{""sim_day"": 1.0, ""doy"": 162.0, ""topwt"": 0.0, ""grnwt"": 0.0, ""xlai"": 0.0, ""totir"": 0.0, ""tofer"": NaN, ""swfac"": 0.0, ""nstres"": 0.0}",0.0,0.0,0.0,0.0,0.0,0.0,,0.0,0.0,20.0,0.0,16.111203002929688,24.111203002929688,Leave_One_experiments/all_year_offline_schedule_search/daily_outputs/FQA/FQA_2020_FQA2020_stress_grid_S0015_daily.csv
FQA,FQA,Fengqiu,2020,Leave_One_experiments\wth_generated_qc\FQA\FQA2020.WTH,normal_year;water_stress_year;nitrogen_stress_year,water_stress,FQA2020_stress_grid_S0015,irrigation_positive_candidate,2020-06-11,163,2,2,"{""sim_day"": 2.0, ""doy"": 163.0, ""topwt"": 0.0, ""grnwt"": 0.0, ""xlai"": 0.0, ""totir"": 0.0, ""tofer"": NaN, ""swfac"": 0.0, ""nstres"": 0.0}",0.0,0.0,0.0,0.0,0.0,0.0,,0.0,0.0,20.0,0.0,16.111203002929688,24.111203002929688,Leave_One_experiments/all_year_offline_schedule_search/daily_outputs/FQA/FQA_2020_FQA2020_stress_grid_S0015_daily.csv
FQA,FQA,Fengqiu,2020,Leave_One_experiments\wth_generated_qc\FQA\FQA2020.WTH,normal_year;water_stress_year;nitrogen_stress_year,water_stress,FQA2020_stress_grid_S0015,irrigation_positive_candidate,2020-06-12,164,3,3,"{""sim_day"": 3.0, ""doy"": 164.0, ""topwt"": 0.0, ""grnwt"": 0.0, ""xlai"": 0.0, ""totir"": 0.0, ""tofer"": NaN, ""swfac"": 0.0, ""nstres"": 0.0}",0.0,0.0,0.0,0.0,0.0,0.0,,0.0,0.0,20.0,0.0,16.111203002929688,24.111203002929688,Leave_One_experiments/all_year_offline_schedule_search/daily_outputs/FQA/FQA_2020_FQA2020_stress_grid_S0015_daily.csv
FQA,FQA,Fengqiu,2020,Leave_One_experiments\wth_generated_qc\FQA\FQA2020.WTH,normal_year;water_stress_year;nitrogen_stress_year,water_stress,FQA2020_stress_grid_S0015,irrigation_positive_candidate,2020-06-13,165,4,4,"{""sim_day"": 4.0, ""doy"": 165.0, ""topwt"": 0.0, ""grnwt"": 0.0, ""xlai"": 0.0, ""totir"": 0.0, ""tofer"": NaN, ""swfac"": 0.0, ""nstres"": 0.0}",0.0,0.0,0.0,0.0,0.0,0.0,,0.0,0.0,20.0,0.0,16.111203002929688,24.111203002929688,Leave_One_experiments/all_year_offline_schedule_search/daily_outputs/FQA/FQA_2020_FQA2020_stress_grid_S0015_daily.csv
FQA,FQA,Fengqiu,2020,Leave_One_experiments\wth_generated_qc\FQA\FQA2020.WTH,normal_year;water_stress_year;nitrogen_stress_year,water_stress,FQA2020_stress_grid_S0015,irrigation_positive_candidate,2020-06-14,166,5,5,"{""sim_day"": 5.0, ""doy"": 166.0, ""topwt"": 0.0, ""grnwt"": 0.0, ""xlai"": 0.0, ""totir"": 0.0, ""tofer"": NaN, ""swfac"": 0.0, ""nstres"": 0.0}",0.0,0.0,0.0,0.0,0.0,0.0,,0.0,0.0,20.0,0.0,16.111203002929688,24.111203002929688,Leave_One_experiments/all_year_offline_schedule_search/daily_outputs/FQA/FQA_2020_FQA2020_stress_grid_S0015_daily.csv
FQA,FQA,Fengqiu,2020,Leave_One_experiments\wth_generated_qc\FQA\FQA2020.WTH,normal_year;water_stress_year;nitrogen_stress_year,water_stress,FQA2020_stress_grid_S0015,irrigation_positive_candidate,2020-06-10,162,6,1,"{""sim_day"": 6.0, ""doy"": 162.0, ""topwt"": 0.0, ""grnwt"": 0.0, ""xlai"": 0.0, ""totir"": 0.0, ""tofer"": NaN, ""swfac"": 0.0, ""nstres"": 0.0}",0.0,0.0,0.0,0.0,0.0,0.0,,0.0,0.0,20.0,0.0,16.111203002929688,24.111203002929688,Leave_One_experiments/all_year_offline_schedule_search/daily_outputs/FQA/FQA_2020_FQA2020_stress_grid_S0015_daily.csv
FQA,FQA,Fengqiu,2020,Leave_One_experiments\wth_generated_qc\FQA\FQA2020.WTH,normal_year;water_stress_year;nitrogen_stress_year,water_stress,FQA2020_stress_grid_S0015,irrigation_positive_candidate,2020-06-11,163,7,2,"{""sim_day"": 7.0, ""doy"": 163.0, ""topwt"": 0.0, ""grnwt"": 0.0, ""xlai"": 0.0, ""totir"": 0.0, ""tofer"": NaN, ""swfac"": 0.0, ""nstres"": 0.0}",0.0,0.0,0.0,0.0,0.0,0.0,,0.0,0.0,20.0,0.0,16.111203002929688,24.111203002929688,Leave_One_experiments/all_year_offline_schedule_search/daily_outputs/FQA/FQA_2020_FQA2020_stress_grid_S0015_daily.csv
FQA,FQA,Fengqiu,2020,Leave_One_experiments\wth_generated_qc\FQA\FQA2020.WTH,normal_year;water_stress_year;nitrogen_stress_year,water_stress,FQA2020_stress_grid_S0015,irrigation_positive_candidate,2020-06-12,164,8,3,"{""sim_day"": 8.0, ""doy"": 164.0, ""topwt"": 0.0, ""grnwt"": 0.0, ""xlai"": 0.0, ""totir"": 0.0, ""tofer"": NaN, ""swfac"": 0.0, ""nstres"": 0.0}",0.0,0.0,0.0,0.0,0.0,0.0,,0.0,0.0,20.0,0.0,16.111203002929688,24.111203002929688,Leave_One_experiments/all_year_offline_schedule_search/daily_outputs/FQA/FQA_2020_FQA2020_stress_grid_S0015_daily.csv
FQA,FQA,Fengqiu,2020,Leave_One_experiments\wth_generated_qc\FQA\FQA2020.WTH,normal_year;water_stress_year;nitrogen_stress_year,water_stress,FQA2020_stress_grid_S0015,irrigation_positive_candidate,2020-06-13,165,9,4,"{""sim_day"": 9.0, ""doy"": 165.0, ""topwt"": 0.0, ""grnwt"": 0.0, ""xlai"": 0.0, ""totir"": 0.0, ""tofer"": NaN, ""swfac"": 0.0, ""nstres"": 0.0}",0.0,0.0,0.0,0.0,0.0,0.0,,0.0,0.0,20.0,0.0,16.111203002929688,24.111203002929688,Leave_One_experiments/all_year_offline_schedule_search/daily_outputs/FQA/FQA_2020_FQA2020_stress_grid_S0015_daily.csv
FQA,FQA,Fengqiu,2020,Leave_One_experiments\wth_generated_qc\FQA\FQA2020.WTH,normal_year;water_stress_year;nitrogen_stress_year,water_stress,FQA2020_stress_grid_S0015,irrigation_positive_candidate,2020-06-14,166,10,5,"{""sim_day"": 10.0, ""doy"": 166.0, ""topwt"": 0.0, ""grnwt"": 0.0, ""xlai"": 0.0, ""totir"": 0.0, ""tofer"": NaN, ""swfac"": 0.0, ""nstres"": 0.0}",0.0,0.0,0.0,0.0,0.0,0.0,,0.0,0.0,20.0,0.0,16.111203002929688,24.111203002929688,Leave_One_experiments/all_year_offline_schedule_search/daily_outputs/FQA/FQA_2020_FQA2020_stress_grid_S0015_daily.csv
FQA,FQA,Fengqiu,2020,Leave_One_experiments\wth_generated_qc\FQA\FQA2020.WTH,normal_year;water_stress_year;nitrogen_stress_year,water_stress,FQA2020_stress_grid_S0015,irrigation_positive_candidate,2020-06-15,167,11,6,"{""sim_day"": 11.0, ""doy"": 167.0, ""topwt"": 32.00000047683716, ""grnwt"": 0.0, ""xlai"": 0.0022699497640132, ""totir"": 0.0, ""tofer"": NaN, ""swfac"": 0.0, ""nstres"": 0.0121910572052001}",0.0,0.0121910572052001,32.00000047683716,0.0,0.0022699497640132,0.0,,0.0,0.0,20.0,0.0,16.111203002929688,24.111203002929688,Leave_One_experiments/all_year_offline_schedule_search/daily_outputs/FQA/FQA_2020_FQA2020_stress_grid_S0015_daily.csv
FQA,FQA,Fengqiu,2020,Leave_One_experiments\wth_generated_qc\FQA\FQA2020.WTH,normal_year;water_stress_year;nitrogen_stress_year,water_stress,FQA2020_stress_grid_S0015,irrigation_positive_candidate,2020-06-16,168,12,7,"{""sim_day"": 12.0, ""doy"": 168.0, ""topwt"": 32.00000047683716, ""grnwt"": 0.0, ""xlai"": 0.0035599607508629, ""totir"": 0.0, ""tofer"": NaN, ""swfac"": 0.0, ""nstres"": 0.0049926042556762}",0.0,0.0049926042556762,32.00000047683716,0.0,0.0035599607508629,0.0,,0.0,0.0,20.0,0.0,16.111203002929688,24.111203002929688,Leave_One_experiments/all_year_offline_schedule_search/daily_outputs/FQA/FQA_2020_FQA2020_stress_grid_S0015_daily.csv
FQA,FQA,Fengqiu,2020,Leave_One_experiments\wth_generated_qc\FQA\FQA2020.WTH,normal_year;water_stress_year;nitrogen_stress_year,water_stress,FQA2020_stress_grid_S0015,irrigation_positive_candidate,2020-06-17,169,13,8,"{""sim_day"": 13.0, ""doy"": 169.0, ""topwt"": 32.00000047683716, ""grnwt"": 0.0, ""xlai"": 0.0050889528356492, ""totir"": 0.0, ""tofer"": NaN, ""swfac"": 0.0, ""nstres"": 0.0}",0.0,0.0,32.00000047683716,0.0,0.0050889528356492,0.0,,0.0,0.0,20.0,0.0,16.111203002929688,24.111203002929688,Leave_One_experiments/all_year_offline_schedule_search/daily_outputs/FQA/FQA_2020_FQA2020_stress_grid_S0015_daily.csv
FQA,FQA,Fengqiu,2020,Leave_One_experiments\wth_generated_qc\FQA\FQA2020.WTH,normal_year;water_stress_year;nitrogen_stress_year,water_stress,FQA2020_stress_grid_S0015,irrigation_positive_candidate,2020-06-18,170,14,9,"{""sim_day"": 14.0, ""doy"": 170.0, ""topwt"": 32.00000047683716, ""grnwt"": 0.0, ""xlai"": 0.0070514320395886, ""totir"": 0.0, ""tofer"": NaN, ""swfac"": 0.0, ""nstres"": 0.0}",0.0,0.0,32.00000047683716,0.0,0.0070514320395886,0.0,,0.0,0.0,20.0,0.0,16.111203002929688,24.111203002929688,Leave_One_experiments/all_year_offline_schedule_search/daily_outputs/FQA/FQA_2020_FQA2020_stress_grid_S0015_daily.csv
FQA,FQA,Fengqiu,2020,Leave_One_experiments\wth_generated_qc\FQA\FQA2020.WTH,normal_year;water_stress_year;nitrogen_stress_year,water_stress,FQA2020_stress_grid_S0015,irrigation_positive_candidate,2020-06-19,171,15,10,"{""sim_day"": 15.0, ""doy"": 171.0, ""topwt"": 32.00000047683716, ""grnwt"": 0.0, ""xlai"": 0.0097232330590486, ""totir"": 0.0, ""tofer"": NaN, ""swfac"": 0.0, ""nstres"": 0.0}",0.0,0.0,32.00000047683716,0.0,0.0097232330590486,0.0,,0.0,0.0,20.0,0.0,16.111203002929688,24.111203002929688,Leave_One_experiments/all_year_offline_schedule_search/daily_outputs/FQA/FQA_2020_FQA2020_stress_grid_S0015_daily.csv
FQA,FQA,Fengqiu,2020,Leave_One_experiments\wth_generated_qc\FQA\FQA2020.WTH,normal_year;water_stress_year;nitrogen_stress_year,water_stress,FQA2020_stress_grid_S0015,irrigation_positive_candidate,2020-06-20,172,16,11,"{""sim_day"": 16.0, ""doy"": 172.0, ""topwt"": 32.00000047683716, ""grnwt"": 0.0, ""xlai"": 0.0129394447430968, ""totir"": 0.0, ""tofer"": NaN, ""swfac"": 0.0, ""nstres"": 0.0}",0.0,0.0,32.00000047683716,0.0,0.0129394447430968,0.0,,0.0,0.0,20.0,0.0,16.111203002929688,24.111203002929688,Leave_One_experiments/all_year_offline_schedule_search/daily_outputs/FQA/FQA_2020_FQA2020_stress_grid_S0015_daily.csv
FQA,FQA,Fengqiu,2020,Leave_One_experiments\wth_generated_qc\FQA\FQA2020.WTH,normal_year;water_stress_year;nitrogen_stress_year,water_stress,FQA2020_stress_grid_S0015,irrigation_positive_candidate,2020-06-21,173,17,12,"{""sim_day"": 17.0, ""doy"": 173.0, ""topwt"": 32.00000047683716, ""grnwt"": 0.0, ""xlai"": 0.0160907059907913, ""totir"": 0.0, ""tofer"": NaN, ""swfac"": 0.0, ""nstres"": 0.0}",0.0,0.0,32.00000047683716,0.0,0.0160907059907913,0.0,,0.0,0.0,20.0,0.0,16.111203002929688,24.111203002929688,Leave_One_experiments/all_year_offline_schedule_search/daily_outputs/FQA/FQA_2020_FQA2020_stress_grid_S0015_daily.csv
FQA,FQA,Fengqiu,2020,Leave_One_experiments\wth_generated_qc\FQA\FQA2020.WTH,normal_year;water_stress_year;nitrogen_stress_year,water_stress,FQA2020_stress_grid_S0015,irrigation_positive_candidate,2020-06-22,174,18,13,"{""sim_day"": 18.0, ""doy"": 174.0, ""topwt"": 22.073559761047363, ""grnwt"": 0.0, ""xlai"": 0.0270164813846349, ""totir"": 0.0, ""tofer"": NaN, ""swfac"": 0.0, ""nstres"": 0.0}",0.0,0.0,22.073559761047363,0.0,0.0270164813846349,0.0,,0.0,0.0,20.0,0.0,16.111203002929688,24.111203002929688,Leave_One_experiments/all_year_offline_schedule_search/daily_outputs/FQA/FQA_2020_FQA2020_stress_grid_S0015_daily.csv
FQA,FQA,Fengqiu,2020,Leave_One_experiments\wth_generated_qc\FQA\FQA2020.WTH,normal_year;water_stress_year;nitrogen_stress_year,water_stress,FQA2020_stress_grid_S0015,irrigation_positive_candidate,2020-06-23,175,19,14,"{""sim_day"": 19.0, ""doy"": 175.0, ""topwt"": 26.46839141845703, ""grnwt"": 0.0, ""xlai"": 0.0416884645819664, ""totir"": 0.0, ""tofer"": NaN, ""swfac"": 0.0, ""nstres"": 0.0}",0.0,0.0,26.46839141845703,0.0,0.0416884645819664,0.0,,0.0,0.0,20.0,0.0,16.111203002929688,24.111203002929688,Leave_One_experiments/all_year_offline_schedule_search/daily_outputs/FQA/FQA_2020_FQA2020_stress_grid_S0015_daily.csv
FQA,FQA,Fengqiu,2020,Leave_One_experiments\wth_generated_qc\FQA\FQA2020.WTH,normal_year;water_stress_year;nitrogen_stress_year,water_stress,FQA2020_stress_grid_S0015,irrigation_positive_candidate,2020-06-24,176,20,15,"{""sim_day"": 20.0, ""doy"": 176.0, ""topwt"": 31.863629817962646, ""grnwt"": 0.0, ""xlai"": 0.0580367408692836, ""totir"": 0.0, ""tofer"": NaN, ""swfac"": 0.0, ""nstres"": 0.0}",0.0,0.0,31.863629817962646,0.0,0.0580367408692836,0.0,,0.0,0.0,20.0,0.0,16.111203002929688,24.111203002929688,Leave_One_experiments/all_year_offline_schedule_search/daily_outputs/FQA/FQA_2020_FQA2020_stress_grid_S0015_daily.csv
FQA,FQA,Fengqiu,2020,Leave_One_experiments\wth_generated_qc\FQA\FQA2020.WTH,normal_year;water_stress_year;nitrogen_stress_year,water_stress,FQA2020_stress_grid_S0015,irrigation_positive_candidate,2020-06-25,177,21,16,"{""sim_day"": 21.0, ""doy"": 177.0, ""topwt"": 38.76291275024414, ""grnwt"": 0.0, ""xlai"": 0.077338732779026, ""totir"": 0.0, ""tofer"": NaN, ""swfac"": 0.0, ""nstres"": 0.0}",0.0,0.0,38.76291275024414,0.0,0.077338732779026,0.0,,0.0,0.0,20.0,0.0,16.111203002929688,24.111203002929688,Leave_One_experiments/all_year_offline_schedule_search/daily_outputs/FQA/FQA_2020_FQA2020_stress_grid_S0015_daily.csv
FQA,FQA,Fengqiu,2020,Leave_One_experiments\wth_generated_qc\FQA\FQA2020.WTH,normal_year;water_stress_year;nitrogen_stress_year,water_stress,FQA2020_stress_grid_S0015,irrigation_positive_candidate,2020-06-26,178,22,17,"{""sim_day"": 22.0, ""doy"": 178.0, ""topwt"": 47.34996318817139, ""grnwt"": 0.0, ""xlai"": 0.0997247323393821, ""totir"": 0.0, ""tofer"": NaN, ""swfac"": 0.0, ""nstres"": 0.0}",0.0,0.0,47.34996318817139,0.0,0.0997247323393821,0.0,,0.0,0.0,20.0,0.0,16.111203002929688,24.111203002929688,Leave_One_experiments/all_year_offline_schedule_search/daily_outputs/FQA/FQA_2020_FQA2020_stress_grid_S0015_daily.csv
FQA,FQA,Fengqiu,2020,Leave_One_experiments\wth_generated_qc\FQA\FQA2020.WTH,normal_year;water_stress_year;nitrogen_stress_year,water_stress,FQA2020_stress_grid_S0015,irrigation_positive_candidate,2020-06-27,179,23,18,"{""sim_day"": 23.0, ""doy"": 179.0, ""topwt"": 56.88079357147217, ""grnwt"": 0.0, ""xlai"": 0.1231004372239112, ""totir"": 0.0, ""tofer"": NaN, ""swfac"": 0.0, ""nstres"": 0.0}",0.0,0.0,56.88079357147217,0.0,0.1231004372239112,0.0,,0.0,0.0,20.0,0.0,16.111203002929688,24.111203002929688,Leave_One_experiments/all_year_offline_schedule_search/daily_outputs/FQA/FQA_2020_FQA2020_stress_grid_S0015_daily.csv
FQA,FQA,Fengqiu,2020,Leave_One_experiments\wth_generated_qc\FQA\FQA2020.WTH,normal_year;water_stress_year;nitrogen_stress_year,water_stress,FQA2020_stress_grid_S0015,irrigation_positive_candidate,2020-06-28,180,24,19,"{""sim_day"": 24.0, ""doy"": 180.0, ""topwt"": 67.34890460968018, ""grnwt"": 0.0, ""xlai"": 0.1474765390157699, ""totir"": 0.0, ""tofer"": NaN, ""swfac"": 0.0, ""nstres"": 0.0}",0.0,0.0,67.34890460968018,0.0,0.1474765390157699,0.0,,0.0,0.0,20.0,0.0,16.111203002929688,24.111203002929688,Leave_One_experiments/all_year_offline_schedule_search/daily_outputs/FQA/FQA_2020_FQA2020_stress_grid_S0015_daily.csv
FQA,FQA,Fengqiu,2020,Leave_One_experiments\wth_generated_qc\FQA\FQA2020.WTH,normal_year;water_stress_year;nitrogen_stress_year,water_stress,FQA2020_stress_grid_S0015,irrigation_positive_candidate,2020-06-29,181,25,20,"{""sim_day"": 25.0, ""doy"": 181.0, ""topwt"": 78.71862888336182, ""grnwt"": 0.0, ""xlai"": 0.1727779060602188, ""totir"": 0.0, ""tofer"": NaN, ""swfac"": 0.0, ""nstres"": 0.0}",0.0,0.0,78.71862888336182,0.0,0.1727779060602188,0.0,,0.0,0.0,20.0,0.0,16.111203002929688,24.111203002929688,Leave_One_experiments/all_year_offline_schedule_search/daily_outputs/FQA/FQA_2020_FQA2020_stress_grid_S0015_daily.csv
FQA,FQA,Fengqiu,2020,Leave_One_experiments\wth_generated_qc\FQA\FQA2020.WTH,normal_year;water_stress_year;nitrogen_stress_year,water_stress,FQA2020_stress_grid_S0015,irrigation_positive_candidate,2020-06-30,182,26,21,"{""sim_day"": 26.0, ""doy"": 182.0, ""topwt"": 90.741605758667, ""grnwt"": 0.0, ""xlai"": 0.1984824538230896, ""totir"": 0.0, ""tofer"": NaN, ""swfac"": 0.0, ""nstres"": 0.0}",0.0,0.0,90.741605758667,0.0,0.1984824538230896,0.0,,0.0,0.0,20.0,0.0,16.111203002929688,24.111203002929688,Leave_One_experiments/all_year_offline_schedule_search/daily_outputs/FQA/FQA_2020_FQA2020_stress_grid_S0015_daily.csv
FQA,FQA,Fengqiu,2020,Leave_One_experiments\wth_generated_qc\FQA\FQA2020.WTH,normal_year;water_stress_year;nitrogen_stress_year,water_stress,FQA2020_stress_grid_S0015,irrigation_positive_candidate,2020-07-01,183,27,22,"{""sim_day"": 27.0, ""doy"": 183.0, ""topwt"": 104.97442245483398, ""grnwt"": 0.0, ""xlai"": 0.2266494333744049, ""totir"": 0.0, ""tofer"": NaN, ""swfac"": 0.0, ""nstres"": 0.0}",0.0,0.0,104.97442245483398,0.0,0.2266494333744049,0.0,,0.0,0.0,20.0,0.0,16.111203002929688,24.111203002929688,Leave_One_experiments/all_year_offline_schedule_search/daily_outputs/FQA/FQA_2020_FQA2020_stress_grid_S0015_daily.csv
FQA,FQA,Fengqiu,2020,Leave_One_experiments\wth_generated_qc\FQA\FQA2020.WTH,normal_year;water_stress_year;nitrogen_stress_year,water_stress,FQA2020_stress_grid_S0015,irrigation_positive_candidate,2020-07-02,184,28,23,"{""sim_day"": 28.0, ""doy"": 184.0, ""topwt"": 119.68082427978516, ""grnwt"": 0.0, ""xlai"": 0.2567900717258453, ""totir"": 0.0, ""tofer"": NaN, ""swfac"": 0.0, ""nstres"": 0.0}",0.0,0.0,119.68082427978516,0.0,0.2567900717258453,0.0,,0.0,0.0,20.0,0.0,16.111203002929688,24.111203002929688,Leave_One_experiments/all_year_offline_schedule_search/daily_outputs/FQA/FQA_2020_FQA2020_stress_grid_S0015_daily.csv
FQA,FQA,Fengqiu,2020,Leave_One_experiments\wth_generated_qc\FQA\FQA2020.WTH,normal_year;water_stress_year;nitrogen_stress_year,water_stress,FQA2020_stress_grid_S0015,irrigation_positive_candidate,2020-07-03,185,29,24,"{""sim_day"": 29.0, ""doy"": 185.0, ""topwt"": 136.86601638793945, ""grnwt"": 0.0, ""xlai"": 0.2907512187957763, ""totir"": 0.0, ""tofer"": NaN, ""swfac"": 0.0, ""nstres"": 0.0}",0.0,0.0,136.86601638793945,0.0,0.2907512187957763,0.0,,0.0,0.0,20.0,0.0,16.111203002929688,24.111203002929688,Leave_One_experiments/all_year_offline_schedule_search/daily_outputs/FQA/FQA_2020_FQA2020_stress_grid_S0015_daily.csv
FQA,FQA,Fengqiu,2020,Leave_One_experiments\wth_generated_qc\FQA\FQA2020.WTH,normal_year;water_stress_year;nitrogen_stress_year,water_stress,FQA2020_stress_grid_S0015,irrigation_positive_candidate,2020-07-04,186,30,25,"{""sim_day"": 30.0, ""doy"": 186.0, ""topwt"": 155.0360870361328, ""grnwt"": 0.0, ""xlai"": 0.3253614902496338, ""totir"": 0.0, ""tofer"": NaN, ""swfac"": 0.0, ""nstres"": 0.0}",0.0,0.0,155.0360870361328,0.0,0.3253614902496338,0.0,,0.0,0.0,20.0,0.0,16.111203002929688,24.111203002929688,Leave_One_experiments/all_year_offline_schedule_search/daily_outputs/FQA/FQA_2020_FQA2020_stress_grid_S0015_daily.csv
FQA,FQA,Fengqiu,2020,Leave_One_experiments\wth_generated_qc\FQA\FQA2020.WTH,normal_year;water_stress_year;nitrogen_stress_year,water_stress,FQA2020_stress_grid_S0015,irrigation_positive_candidate,2020-07-05,187,31,26,"{""sim_day"": 31.0, ""doy"": 187.0, ""topwt"": 181.04497909545896, ""grnwt"": 0.0, ""xlai"": 0.3727941215038299, ""totir"": 0.0, ""tofer"": NaN, ""swfac"": 0.0, ""nstres"": 0.0}",0.0,0.0,181.04497909545896,0.0,0.3727941215038299,0.0,,0.0,0.0,20.0,0.0,16.111203002929688,24.111203002929688,Leave_One_experiments/all_year_offline_schedule_search/daily_outputs/FQA/FQA_2020_FQA2020_stress_grid_S0015_daily.csv
FQA,FQA,Fengqiu,2020,Leave_One_experiments\wth_generated_qc\FQA\FQA2020.WTH,normal_year;water_stress_year;nitrogen_stress_year,water_stress,FQA2020_stress_grid_S0015,irrigation_positive_candidate,2020-07-06,188,32,27,"{""sim_day"": 32.0, ""doy"": 188.0, ""topwt"": 210.14074325561523, ""grnwt"": 0.0, ""xlai"": 0.4233438372611999, ""totir"": 0.0, ""tofer"": NaN, ""swfac"": 0.0, ""nstres"": 0.0}",0.0,0.0,210.14074325561523,0.0,0.4233438372611999,0.0,,0.0,0.0,20.0,0.0,16.111203002929688,24.111203002929688,Leave_One_experiments/all_year_offline_schedule_search/daily_outputs/FQA/FQA_2020_FQA2020_stress_grid_S0015_daily.csv
FQA,FQA,Fengqiu,2020,Leave_One_experiments\wth_generated_qc\FQA\FQA2020.WTH,normal_year;water_stress_year;nitrogen_stress_year,water_stress,FQA2020_stress_grid_S0015,irrigation_positive_candidate,2020-07-07,189,33,28,"{""sim_day"": 33.0, ""doy"": 189.0, ""topwt"": 242.6447296142578, ""grnwt"": 0.0, ""xlai"": 0.4771271347999573, ""totir"": 0.0, ""tofer"": NaN, ""swfac"": 0.0, ""nstres"": 0.0}",0.0,0.0,242.6447296142578,0.0,0.4771271347999573,0.0,,0.0,0.0,20.0,0.0,16.111203002929688,24.111203002929688,Leave_One_experiments/all_year_offline_schedule_search/daily_outputs/FQA/FQA_2020_FQA2020_stress_grid_S0015_daily.csv
FQA,FQA,Fengqiu,2020,Leave_One_experiments\wth_generated_qc\FQA\FQA2020.WTH,normal_year;water_stress_year;nitrogen_stress_year,water_stress,FQA2020_stress_grid_S0015,irrigation_positive_candidate,2020-07-08,190,34,29,"{""sim_day"": 34.0, ""doy"": 190.0, ""topwt"": 275.60190200805664, ""grnwt"": 0.0, ""xlai"": 0.529186487197876, ""totir"": 0.0, ""tofer"": NaN, ""swfac"": 0.0, ""nstres"": 0.0}",0.0,0.0,275.60190200805664,0.0,0.529186487197876,0.0,,0.0,0.0,20.0,0.0,16.111203002929688,24.111203002929688,Leave_One_experiments/all_year_offline_schedule_search/daily_outputs/FQA/FQA_2020_FQA2020_stress_grid_S0015_daily.csv
FQA,FQA,Fengqiu,2020,Leave_One_experiments\wth_generated_qc\FQA\FQA2020.WTH,normal_year;water_stress_year;nitrogen_stress_year,water_stress,FQA2020_stress_grid_S0015,irrigation_positive_candidate,2020-07-09,191,35,30,"{""sim_day"": 35.0, ""doy"": 191.0, ""topwt"": 309.9482536315918, ""grnwt"": 0.0, ""xlai"": 0.5811057686805725, ""totir"": 0.0, ""tofer"": NaN, ""swfac"": 0.0, ""nstres"": 0.0}",0.0,0.0,309.9482536315918,0.0,0.5811057686805725,0.0,,0.0,0.0,20.0,0.0,16.111203002929688,24.111203002929688,Leave_One_experiments/all_year_offline_schedule_search/daily_outputs/FQA/FQA_2020_FQA2020_stress_grid_S0015_daily.csv
FQA,FQA,Fengqiu,2020,Leave_One_experiments\wth_generated_qc\FQA\FQA2020.WTH,normal_year;water_stress_year;nitrogen_stress_year,water_stress,FQA2020_stress_grid_S0015,irrigation_positive_candidate,2020-07-10,192,36,31,"{""sim_day"": 36.0, ""doy"": 192.0, ""topwt"": 344.82765197753906, ""grnwt"": 0.0, ""xlai"": 0.6316863894462585, ""totir"": 0.0, ""tofer"": NaN, ""swfac"": 0.0, ""nstres"": 0.0}",0.0,0.0,344.82765197753906,0.0,0.6316863894462585,0.0,,0.0,0.0,20.0,0.0,16.111203002929688,24.111203002929688,Leave_One_experiments/all_year_offline_schedule_search/daily_outputs/FQA/FQA_2020_FQA2020_stress_grid_S0015_daily.csv
FQA,FQA,Fengqiu,2020,Leave_One_experiments\wth_generated_qc\FQA\FQA2020.WTH,normal_year;water_stress_year;nitrogen_stress_year,water_stress,FQA2020_stress_grid_S0015,irrigation_positive_candidate,2020-07-11,193,37,32,"{""sim_day"": 37.0, ""doy"": 193.0, ""topwt"": 373.4237289428711, ""grnwt"": 0.0, ""xlai"": 0.671774685382843, ""totir"": 0.0, ""tofer"": NaN, ""swfac"": 0.0, ""nstres"": 0.0}",0.0,0.0,373.4237289428711,0.0,0.671774685382843,0.0,,0.0,0.0,20.0,0.0,16.111203002929688,24.111203002929688,Leave_One_experiments/all_year_offline_schedule_search/daily_outputs/FQA/FQA_2020_FQA2020_stress_grid_S0015_daily.csv
FQA,FQA,Fengqiu,2020,Leave_One_experiments\wth_generated_qc\FQA\FQA2020.WTH,normal_year;water_stress_year;nitrogen_stress_year,water_stress,FQA2020_stress_grid_S0015,irrigation_positive_candidate,2020-07-12,194,38,33,"{""sim_day"": 38.0, ""doy"": 194.0, ""topwt"": 413.5446166992188, ""grnwt"": 0.0, ""xlai"": 0.725890576839447, ""totir"": 0.0, ""tofer"": NaN, ""swfac"": 0.0, ""nstres"": 0.0}",0.0,0.0,413.5446166992188,0.0,0.725890576839447,0.0,,0.0,0.0,20.0,0.0,16.111203002929688,24.111203002929688,Leave_One_experiments/all_year_offline_schedule_search/daily_outputs/FQA/FQA_2020_FQA2020_stress_grid_S0015_daily.csv
FQA,FQA,Fengqiu,2020,Leave_One_experiments\wth_generated_qc\FQA\FQA2020.WTH,normal_year;water_stress_year;nitrogen_stress_year,water_stress,FQA2020_stress_grid_S0015,irrigation_positive_candidate,2020-07-13,195,39,34,"{""sim_day"": 39.0, ""doy"": 195.0, ""topwt"": 455.5268478393554, ""grnwt"": 0.0, ""xlai"": 0.7802858948707581, ""totir"": 0.0, ""tofer"": NaN, ""swfac"": 0.0, ""nstres"": 0.0}",0.0,0.0,455.5268478393554,0.0,0.7802858948707581,0.0,,0.0,0.0,20.0,0.0,16.111203002929688,24.111203002929688,Leave_One_experiments/all_year_offline_schedule_search/daily_outputs/FQA/FQA_2020_FQA2020_stress_grid_S0015_daily.csv
FQA,FQA,Fengqiu,2020,Leave_One_experiments\wth_generated_qc\FQA\FQA2020.WTH,normal_year;water_stress_year;nitrogen_stress_year,water_stress,FQA2020_stress_grid_S0015,irrigation_positive_candidate,2020-07-14,196,40,35,"{""sim_day"": 40.0, ""doy"": 196.0, ""topwt"": 504.6131896972656, ""grnwt"": 0.0, ""xlai"": 0.8395472168922424, ""totir"": 0.0, ""tofer"": NaN, ""swfac"": 0.0, ""nstres"": 0.015604019165039}",0.0,0.015604019165039,504.6131896972656,0.0,0.8395472168922424,0.0,,0.0,0.0,20.0,0.0,16.111203002929688,24.111203002929688,Leave_One_experiments/all_year_offline_schedule_search/daily_outputs/FQA/FQA_2020_FQA2020_stress_grid_S0015_daily.csv
FQA,FQA,Fengqiu,2020,Leave_One_experiments\wth_generated_qc\FQA\FQA2020.WTH,normal_year;water_stress_year;nitrogen_stress_year,water_stress,FQA2020_stress_grid_S0015,irrigation_positive_candidate,2020-07-15,197,41,36,"{""sim_day"": 41.0, ""doy"": 197.0, ""topwt"": 557.1942138671875, ""grnwt"": 0.0, ""xlai"": 0.896575391292572, ""totir"": 0.0, ""tofer"": NaN, ""swfac"": 0.0, ""nstres"": 0.0468651056289672}",0.0,0.0468651056289672,557.1942138671875,0.0,0.896575391292572,0.0,,0.0,0.0,20.0,0.0,16.111203002929688,24.111203002929688,Leave_One_experiments/all_year_offline_schedule_search/daily_outputs/FQA/FQA_2020_FQA2020_stress_grid_S0015_daily.csv
FQA,FQA,Fengqiu,2020,Leave_One_experiments\wth_generated_qc\FQA\FQA2020.WTH,normal_year;water_stress_year;nitrogen_stress_year,water_stress,FQA2020_stress_grid_S0015,irrigation_positive_candidate,2020-07-16,198,42,37,"{""sim_day"": 42.0, ""doy"": 198.0, ""topwt"": 600.4573440551758, ""grnwt"": 0.0, ""xlai"": 0.936500370502472, ""totir"": 0.0, ""tofer"": NaN, ""swfac"": 0.0, ""nstres"": 0.0791149139404296}",0.0,0.0791149139404296,600.4573440551758,0.0,0.936500370502472,0.0,,0.0,0.0,20.0,0.0,16.111203002929688,24.111203002929688,Leave_One_experiments/all_year_offline_schedule_search/daily_outputs/FQA/FQA_2020_FQA2020_stress_grid_S0015_daily.csv
FQA,FQA,Fengqiu,2020,Leave_One_experiments\wth_generated_qc\FQA\FQA2020.WTH,normal_year;water_stress_year;nitrogen_stress_year,water_stress,FQA2020_stress_grid_S0015,irrigation_positive_candidate,2020-07-17,199,43,38,"{""sim_day"": 43.0, ""doy"": 199.0, ""topwt"": 646.9917297363281, ""grnwt"": 0.0, ""xlai"": 0.9745904803276062, ""totir"": 0.0, ""tofer"": NaN, ""swfac"": 0.0, ""nstres"": 0.104194164276123}",0.0,0.104194164276123,646.9917297363281,0.0,0.9745904803276062,0.0,,0.0,0.0,20.0,0.0,16.111203002929688,24.111203002929688,Leave_One_experiments/all_year_offline_schedule_search/daily_outputs/FQA/FQA_2020_FQA2020_stress_grid_S0015_daily.csv
FQA,FQA,Fengqiu,2020,Leave_One_experiments\wth_generated_qc\FQA\FQA2020.WTH,normal_year;water_stress_year;nitrogen_stress_year,water_stress,FQA2020_stress_grid_S0015,irrigation_positive_candidate,2020-07-18,200,44,39,"{""sim_day"": 44.0, ""doy"": 200.0, ""topwt"": 695.4355621337891, ""grnwt"": 0.0, ""xlai"": 1.0102945566177368, ""totir"": 0.0, ""tofer"": NaN, ""swfac"": 0.0, ""nstres"": 0.1190013885498046}",0.0,0.1190013885498046,695.4355621337891,0.0,1.0102945566177368,0.0,,0.0,0.0,20.0,0.0,16.111203002929688,24.111203002929688,Leave_One_experiments/all_year_offline_schedule_search/daily_outputs/FQA/FQA_2020_FQA2020_stress_grid_S0015_daily.csv
FQA,FQA,Fengqiu,2020,Leave_One_experiments\wth_generated_qc\FQA\FQA2020.WTH,normal_year;water_stress_year;nitrogen_stress_year,water_stress,FQA2020_stress_grid_S0015,irrigation_positive_candidate,2020-07-19,201,45,40,"{""sim_day"": 45.0, ""doy"": 201.0, ""topwt"": 751.7902374267578, ""grnwt"": 0.0, ""xlai"": 1.0493446588516235, ""totir"": 0.0, ""tofer"": NaN, ""swfac"": 0.0, ""nstres"": 0.1325917243957519}",0.0,0.1325917243957519,751.7902374267578,0.0,1.0493446588516235,0.0,,0.0,0.0,20.0,0.0,16.111203002929688,24.111203002929688,Leave_One_experiments/all_year_offline_schedule_search/daily_outputs/FQA/FQA_2020_FQA2020_stress_grid_S0015_daily.csv
FQA,FQA,Fengqiu,2020,Leave_One_experiments\wth_generated_qc\FQA\FQA2020.WTH,normal_year;water_stress_year;nitrogen_stress_year,water_stress,FQA2020_stress_grid_S0015,irrigation_positive_candidate,2020-07-20,202,46,41,"{""sim_day"": 46.0, ""doy"": 202.0, ""topwt"": 810.4833221435547, ""grnwt"": 0.0, ""xlai"": 1.0855152606964111, ""totir"": 0.0, ""tofer"": NaN, ""swfac"": 0.0, ""nstres"": 0.1470345258712768}",0.0,0.1470345258712768,810.4833221435547,0.0,1.0855152606964111,0.0,,0.0,0.0,20.0,0.0,16.111203002929688,24.111203002929688,Leave_One_experiments/all_year_offline_schedule_search/daily_outputs/FQA/FQA_2020_FQA2020_stress_grid_S0015_daily.csv
FQA,FQA,Fengqiu,2020,Leave_One_experiments\wth_generated_qc\FQA\FQA2020.WTH,normal_year;water_stress_year;nitrogen_stress_year,water_stress,FQA2020_stress_grid_S0015,irrigation_positive_candidate,2020-07-21,203,47,42,"{""sim_day"": 47.0, ""doy"": 203.0, ""topwt"": 852.3882293701172, ""grnwt"": 0.0, ""xlai"": 1.1014710664749146, ""totir"": 0.0, ""tofer"": NaN, ""swfac"": 0.0, ""nstres"": 0.1630945205688476}",0.0,0.1630945205688476,852.3882293701172,0.0,1.1014710664749146,0.0,,0.0,0.0,20.0,0.0,16.111203002929688,24.111203002929688,Leave_One_experiments/all_year_offline_schedule_search/daily_outputs/FQA/FQA_2020_FQA2020_stress_grid_S0015_daily.csv
FQA,FQA,Fengqiu,2020,Leave_One_experiments\wth_generated_qc\FQA\FQA2020.WTH,normal_year;water_stress_year;nitrogen_stress_year,water_stress,FQA2020_stress_grid_S0015,irrigation_positive_candidate,2020-07-22,204,48,43,"{""sim_day"": 48.0, ""doy"": 204.0, ""topwt"": 907.1296691894532, ""grnwt"": 0.0, ""xlai"": 1.1251211166381836, ""totir"": 0.0, ""tofer"": NaN, ""swfac"": 0.0, ""nstres"": 0.1753756999969482}",0.0,0.1753756999969482,907.1296691894532,0.0,1.1251211166381836,0.0,,0.0,0.0,20.0,0.0,16.111203002929688,24.111203002929688,Leave_One_experiments/all_year_offline_schedule_search/daily_outputs/FQA/FQA_2020_FQA2020_stress_grid_S0015_daily.csv
FQA,FQA,Fengqiu,2020,Leave_One_experiments\wth_generated_qc\FQA\FQA2020.WTH,normal_year;water_stress_year;nitrogen_stress_year,water_stress,FQA2020_stress_grid_S0015,irrigation_positive_candidate,2020-07-23,205,49,44,"{""sim_day"": 49.0, ""doy"": 205.0, ""topwt"": 971.1827850341796, ""grnwt"": 0.0, ""xlai"": 1.1532626152038574, ""totir"": 0.0, ""tofer"": NaN, ""swfac"": 0.0, ""nstres"": 0.1804316639900207}",0.0,0.1804316639900207,971.1827850341796,0.0,1.1532626152038574,0.0,,0.0,0.0,20.0,0.0,16.111203002929688,24.111203002929688,Leave_One_experiments/all_year_offline_schedule_search/daily_outputs/FQA/FQA_2020_FQA2020_stress_grid_S0015_daily.csv
FQA,FQA,Fengqiu,2020,Leave_One_experiments\wth_generated_qc\FQA\FQA2020.WTH,normal_year;water_stress_year;nitrogen_stress_year,water_stress,FQA2020_stress_grid_S0015,irrigation_positive_candidate,2020-07-24,206,50,45,"{""sim_day"": 50.0, ""doy"": 206.0, ""topwt"": 1096.46240234375, ""grnwt"": 0.0, ""xlai"": 1.1689146757125854, ""totir"": 0.0, ""tofer"": NaN, ""swfac"": 0.0, ""nstres"": 0.1894226670265197}",0.0,0.1894226670265197,1096.46240234375,0.0,1.1689146757125854,0.0,,0.0,0.0,20.0,0.0,16.111203002929688,24.111203002929688,Leave_One_experiments/all_year_offline_schedule_search/daily_outputs/FQA/FQA_2020_FQA2020_stress_grid_S0015_daily.csv
FQA,FQA,Fengqiu,2020,Leave_One_experiments\wth_generated_qc\FQA\FQA2020.WTH,normal_year;water_stress_year;nitrogen_stress_year,water_stress,FQA2020_stress_grid_S0015,irrigation_positive_candidate,2020-07-25,207,51,46,"{""sim_day"": 51.0, ""doy"": 207.0, ""topwt"": 1152.08984375, ""grnwt"": 0.0, ""xlai"": 1.157913088798523, ""totir"": 0.0, ""tofer"": NaN, ""swfac"": 0.0, ""nstres"": 0.1994386315345764}",0.0,0.1994386315345764,1152.08984375,0.0,1.157913088798523,0.0,,0.0,0.0,20.0,0.0,16.111203002929688,24.111203002929688,Leave_One_experiments/all_year_offline_schedule_search/daily_outputs/FQA/FQA_2020_FQA2020_stress_grid_S0015_daily.csv
FQA,FQA,Fengqiu,2020,Leave_One_experiments\wth_generated_qc\FQA\FQA2020.WTH,normal_year;water_stress_year;nitrogen_stress_year,water_stress,FQA2020_stress_grid_S0015,irrigation_positive_candidate,2020-07-26,208,52,47,"{""sim_day"": 52.0, ""doy"": 208.0, ""topwt"": 1242.0657348632812, ""grnwt"": 0.0, ""xlai"": 1.153623342514038, ""totir"": 0.0, ""tofer"": NaN, ""swfac"": 0.0, ""nstres"": 0.2741956710815429}",0.0,0.2741956710815429,1242.0657348632812,0.0,1.153623342514038,0.0,,0.0,0.0,20.0,0.0,16.111203002929688,24.111203002929688,Leave_One_experiments/all_year_offline_schedule_search/daily_outputs/FQA/FQA_2020_FQA2020_stress_grid_S0015_daily.csv
FQA,FQA,Fengqiu,2020,Leave_One_experiments\wth_generated_qc\FQA\FQA2020.WTH,normal_year;water_stress_year;nitrogen_stress_year,water_stress,FQA2020_stress_grid_S0015,irrigation_positive_candidate,2020-07-27,209,53,48,"{""sim_day"": 53.0, ""doy"": 209.0, ""topwt"": 1338.9176940917969, ""grnwt"": 0.0, ""xlai"": 1.1498897075653076, ""totir"": 0.0, ""tofer"": NaN, ""swfac"": 0.0, ""nstres"": 0.2853378057479858}",0.0,0.2853378057479858,1338.9176940917969,0.0,1.1498897075653076,0.0,,0.0,0.0,20.0,0.0,16.111203002929688,24.111203002929688,Leave_One_experiments/all_year_offline_schedule_search/daily_outputs/FQA/FQA_2020_FQA2020_stress_grid_S0015_daily.csv
FQA,FQA,Fengqiu,2020,Leave_One_experiments\wth_generated_qc\FQA\FQA2020.WTH,normal_year;water_stress_year;nitrogen_stress_year,water_stress,FQA2020_stress_grid_S0015,irrigation_positive_candidate,2020-07-28,210,54,49,"{""sim_day"": 54.0, ""doy"": 210.0, ""topwt"": 1435.0201416015625, ""grnwt"": 0.0, ""xlai"": 1.1434237957000732, ""totir"": 0.0, ""tofer"": NaN, ""swfac"": 0.0, ""nstres"": 0.3160545229911804}",0.0,0.3160545229911804,1435.0201416015625,0.0,1.1434237957000732,0.0,,0.0,0.0,20.0,0.0,16.111203002929688,24.111203002929688,Leave_One_experiments/all_year_offline_schedule_search/daily_outputs/FQA/FQA_2020_FQA2020_stress_grid_S0015_daily.csv
FQA,FQA,Fengqiu,2020,Leave_One_experiments\wth_generated_qc\FQA\FQA2020.WTH,normal_year;water_stress_year;nitrogen_stress_year,water_stress,FQA2020_stress_grid_S0015,irrigation_positive_candidate,2020-07-29,211,55,50,"{""sim_day"": 55.0, ""doy"": 211.0, ""topwt"": 1529.21630859375, ""grnwt"": 0.0, ""xlai"": 1.1342713832855225, ""totir"": 0.0, ""tofer"": NaN, ""swfac"": 0.0, ""nstres"": 0.3431949019432068}",0.0,0.3431949019432068,1529.21630859375,0.0,1.1342713832855225,0.0,,0.0,0.0,20.0,0.0,16.111203002929688,24.111203002929688,Leave_One_experiments/all_year_offline_schedule_search/daily_outputs/FQA/FQA_2020_FQA2020_stress_grid_S0015_daily.csv
FQA,FQA,Fengqiu,2020,Leave_One_experiments\wth_generated_qc\FQA\FQA2020.WTH,normal_year;water_stress_year;nitrogen_stress_year,water_stress,FQA2020_stress_grid_S0015,irrigation_positive_candidate,2020-07-30,212,56,51,"{""sim_day"": 56.0, ""doy"": 212.0, ""topwt"": 1615.7150268554688, ""grnwt"": 0.0, ""xlai"": 1.1213407516479492, ""totir"": 0.0, ""tofer"": NaN, ""swfac"": 0.0, ""nstres"": 0.3660218715667724}",0.0,0.3660218715667724,1615.7150268554688,0.0,1.1213407516479492,0.0,,0.0,0.0,20.0,0.0,16.111203002929688,24.111203002929688,Leave_One_experiments/all_year_offline_schedule_search/daily_outputs/FQA/FQA_2020_FQA2020_stress_grid_S0015_daily.csv
FQA,FQA,Fengqiu,2020,Leave_One_experiments\wth_generated_qc\FQA\FQA2020.WTH,normal_year;water_stress_year;nitrogen_stress_year,water_stress,FQA2020_stress_grid_S0015,irrigation_positive_candidate,2020-07-31,213,57,52,"{""sim_day"": 57.0, ""doy"": 213.0, ""topwt"": 1706.673583984375, ""grnwt"": 0.0, ""xlai"": 1.1084535121917725, ""totir"": 0.0, ""tofer"": NaN, ""swfac"": 0.0, ""nstres"": 0.3818534612655639}",0.0,0.3818534612655639,1706.673583984375,0.0,1.1084535121917725,0.0,,0.0,0.0,20.0,0.0,16.111203002929688,24.111203002929688,Leave_One_experiments/all_year_offline_schedule_search/daily_outputs/FQA/FQA_2020_FQA2020_stress_grid_S0015_daily.csv
FQA,FQA,Fengqiu,2020,Leave_One_experiments\wth_generated_qc\FQA\FQA2020.WTH,normal_year;water_stress_year;nitrogen_stress_year,water_stress,FQA2020_stress_grid_S0015,irrigation_positive_candidate,2020-08-01,214,58,53,"{""sim_day"": 58.0, ""doy"": 214.0, ""topwt"": 1799.1006469726562, ""grnwt"": 0.0, ""xlai"": 1.0960010290145874, ""totir"": 0.0, ""tofer"": NaN, ""swfac"": 0.0, ""nstres"": 0.3892149329185486}",0.0,0.3892149329185486,1799.1006469726562,0.0,1.0960010290145874,0.0,,0.0,0.0,20.0,0.0,16.111203002929688,24.111203002929688,Leave_One_experiments/all_year_offline_schedule_search/daily_outputs/FQA/FQA_2020_FQA2020_stress_grid_S0015_daily.csv
FQA,FQA,Fengqiu,2020,Leave_One_experiments\wth_generated_qc\FQA\FQA2020.WTH,normal_year;water_stress_year;nitrogen_stress_year,water_stress,FQA2020_stress_grid_S0015,irrigation_positive_candidate,2020-08-02,215,59,54,"{""sim_day"": 59.0, ""doy"": 215.0, ""topwt"": 1889.9107360839844, ""grnwt"": 0.0, ""xlai"": 1.0832287073135376, ""totir"": 0.0, ""tofer"": NaN, ""swfac"": 0.0, ""nstres"": 0.3952977061271667}",0.0,0.3952977061271667,1889.9107360839844,0.0,1.0832287073135376,0.0,,0.0,0.0,20.0,0.0,16.111203002929688,24.111203002929688,Leave_One_experiments/all_year_offline_schedule_search/daily_outputs/FQA/FQA_2020_FQA2020_stress_grid_S0015_daily.csv
FQA,FQA,Fengqiu,2020,Leave_One_experiments\wth_generated_qc\FQA\FQA2020.WTH,normal_year;water_stress_year;nitrogen_stress_year,water_stress,FQA2020_stress_grid_S0015,irrigation_positive_candidate,2020-08-03,216,60,55,"{""sim_day"": 60.0, ""doy"": 216.0, ""topwt"": 1961.029357910156, ""grnwt"": 0.0, ""xlai"": 1.0651813745498655, ""totir"": 0.0, ""tofer"": NaN, ""swfac"": 0.0, ""nstres"": 0.4067654013633728}",0.0,0.4067654013633728,1961.029357910156,0.0,1.0651813745498655,0.0,,0.0,0.0,20.0,0.0,16.111203002929688,24.111203002929688,Leave_One_experiments/all_year_offline_schedule_search/daily_outputs/FQA/FQA_2020_FQA2020_stress_grid_S0015_daily.csv
FQA,FQA,Fengqiu,2020,Leave_One_experiments\wth_generated_qc\FQA\FQA2020.WTH,normal_year;water_stress_year;nitrogen_stress_year,water_stress,FQA2020_stress_grid_S0015,irrigation_positive_candidate,2020-08-04,217,61,56,"{""sim_day"": 61.0, ""doy"": 217.0, ""topwt"": 2009.5065307617188, ""grnwt"": 0.0, ""xlai"": 1.0417163372039795, ""totir"": 0.0, ""tofer"": NaN, ""swfac"": 0.0, ""nstres"": 0.4087777733802795}",0.0,0.4087777733802795,2009.5065307617188,0.0,1.0417163372039795,0.0,,0.0,0.0,20.0,0.0,16.111203002929688,24.111203002929688,Leave_One_experiments/all_year_offline_schedule_search/daily_outputs/FQA/FQA_2020_FQA2020_stress_grid_S0015_daily.csv
FQA,FQA,Fengqiu,2020,Leave_One_experiments\wth_generated_qc\FQA\FQA2020.WTH,normal_year;water_stress_year;nitrogen_stress_year,water_stress,FQA2020_stress_grid_S0015,irrigation_positive_candidate,2020-08-05,218,62,57,"{""sim_day"": 62.0, ""doy"": 218.0, ""topwt"": 2033.4599304199216, ""grnwt"": 0.0, ""xlai"": 1.012545824050903, ""totir"": 0.0, ""tofer"": NaN, ""swfac"": 0.0, ""nstres"": 0.4104557037353515}",0.0,0.4104557037353515,2033.4599304199216,0.0,1.012545824050903,0.0,,0.0,0.0,20.0,0.0,16.111203002929688,24.111203002929688,Leave_One_experiments/all_year_offline_schedule_search/daily_outputs/FQA/FQA_2020_FQA2020_stress_grid_S0015_daily.csv
FQA,FQA,Fengqiu,2020,Leave_One_experiments\wth_generated_qc\FQA\FQA2020.WTH,normal_year;water_stress_year;nitrogen_stress_year,water_stress,FQA2020_stress_grid_S0015,irrigation_positive_candidate,2020-08-06,219,63,58,"{""sim_day"": 63.0, ""doy"": 219.0, ""topwt"": 2055.9765625, ""grnwt"": 0.0, ""xlai"": 0.984167456626892, ""totir"": 0.0, ""tofer"": NaN, ""swfac"": 0.0, ""nstres"": 0.4060958623886108}",0.0,0.4060958623886108,2055.9765625,0.0,0.984167456626892,0.0,,0.0,0.0,20.0,0.0,16.111203002929688,24.111203002929688,Leave_One_experiments/all_year_offline_schedule_search/daily_outputs/FQA/FQA_2020_FQA2020_stress_grid_S0015_daily.csv
FQA,FQA,Fengqiu,2020,Leave_One_experiments\wth_generated_qc\FQA\FQA2020.WTH,normal_year;water_stress_year;nitrogen_stress_year,water_stress,FQA2020_stress_grid_S0015,irrigation_positive_candidate,2020-08-07,220,64,59,"{""sim_day"": 64.0, ""doy"": 220.0, ""topwt"": 2133.870391845703, ""grnwt"": 0.0, ""xlai"": 0.9716079831123352, ""totir"": 0.0, ""tofer"": NaN, ""swfac"": 0.0, ""nstres"": 0.3967475295066833}",0.0,0.3967475295066833,2133.870391845703,0.0,0.9716079831123352,0.0,,0.0,0.0,20.0,0.0,16.111203002929688,24.111203002929688,Leave_One_experiments/all_year_offline_schedule_search/daily_outputs/FQA/FQA_2020_FQA2020_stress_grid_S0015_daily.csv
FQA,FQA,Fengqiu,2020,Leave_One_experiments\wth_generated_qc\FQA\FQA2020.WTH,normal_year;water_stress_year;nitrogen_stress_year,water_stress,FQA2020_stress_grid_S0015,irrigation_positive_candidate,2020-08-08,221,65,60,"{""sim_day"": 65.0, ""doy"": 221.0, ""topwt"": 2223.708038330078, ""grnwt"": 0.0, ""xlai"": 0.9629982113838196, ""totir"": 0.0, ""tofer"": NaN, ""swfac"": 0.0, ""nstres"": 0.3863527774810791}",0.0,0.3863527774810791,2223.708038330078,0.0,0.9629982113838196,0.0,,0.0,0.0,20.0,0.0,16.111203002929688,24.111203002929688,Leave_One_experiments/all_year_offline_schedule_search/daily_outputs/FQA/FQA_2020_FQA2020_stress_grid_S0015_daily.csv
FQA,FQA,Fengqiu,2020,Leave_One_experiments\wth_generated_qc\FQA\FQA2020.WTH,normal_year;water_stress_year;nitrogen_stress_year,water_stress,FQA2020_stress_grid_S0015,irrigation_positive_candidate,2020-08-09,222,66,61,"{""sim_day"": 66.0, ""doy"": 222.0, ""topwt"": 2348.304748535156, ""grnwt"": 0.0, ""xlai"": 0.9317536950111388, ""totir"": 0.0, ""tofer"": NaN, ""swfac"": 0.0, ""nstres"": 0.37868332862854}",0.0,0.37868332862854,2348.304748535156,0.0,0.9317536950111388,0.0,,0.0,0.0,20.0,0.0,16.111203002929688,24.111203002929688,Leave_One_experiments/all_year_offline_schedule_search/daily_outputs/FQA/FQA_2020_FQA2020_stress_grid_S0015_daily.csv
FQA,FQA,Fengqiu,2020,Leave_One_experiments\wth_generated_qc\FQA\FQA2020.WTH,normal_year;water_stress_year;nitrogen_stress_year,water_stress,FQA2020_stress_grid_S0015,irrigation_positive_candidate,2020-08-10,223,67,62,"{""sim_day"": 67.0, ""doy"": 223.0, ""topwt"": 2442.969207763672, ""grnwt"": 0.0, ""xlai"": 0.9017754793167114, ""totir"": 0.0, ""tofer"": NaN, ""swfac"": 0.0, ""nstres"": 0.372175395488739}",0.0,0.372175395488739,2442.969207763672,0.0,0.9017754793167114,0.0,,0.0,0.0,20.0,0.0,16.111203002929688,24.111203002929688,Leave_One_experiments/all_year_offline_schedule_search/daily_outputs/FQA/FQA_2020_FQA2020_stress_grid_S0015_daily.csv
FQA,FQA,Fengqiu,2020,Leave_One_experiments\wth_generated_qc\FQA\FQA2020.WTH,normal_year;water_stress_year;nitrogen_stress_year,water_stress,FQA2020_stress_grid_S0015,irrigation_positive_candidate,2020-08-11,224,68,63,"{""sim_day"": 68.0, ""doy"": 224.0, ""topwt"": 2515.7423400878906, ""grnwt"": 0.0, ""xlai"": 0.8725480437278748, ""totir"": 0.0, ""tofer"": NaN, ""swfac"": 0.0, ""nstres"": 0.3778638243675232}",0.0,0.3778638243675232,2515.7423400878906,0.0,0.8725480437278748,0.0,,0.0,0.0,20.0,0.0,16.111203002929688,24.111203002929688,Leave_One_experiments/all_year_offline_schedule_search/daily_outputs/FQA/FQA_2020_FQA2020_stress_grid_S0015_daily.csv
FQA,FQA,Fengqiu,2020,Leave_One_experiments\wth_generated_qc\FQA\FQA2020.WTH,normal_year;water_stress_year;nitrogen_stress_year,water_stress,FQA2020_stress_grid_S0015,irrigation_positive_candidate,2020-08-12,225,69,64,"{""sim_day"": 69.0, ""doy"": 225.0, ""topwt"": 2584.822998046875, ""grnwt"": 0.0, ""xlai"": 0.8445424437522888, ""totir"": 0.0, ""tofer"": NaN, ""swfac"": 0.0, ""nstres"": 0.3703116178512573}",0.0,0.3703116178512573,2584.822998046875,0.0,0.8445424437522888,0.0,,0.0,0.0,20.0,0.0,16.111203002929688,24.111203002929688,Leave_One_experiments/all_year_offline_schedule_search/daily_outputs/FQA/FQA_2020_FQA2020_stress_grid_S0015_daily.csv
FQA,FQA,Fengqiu,2020,Leave_One_experiments\wth_generated_qc\FQA\FQA2020.WTH,normal_year;water_stress_year;nitrogen_stress_year,water_stress,FQA2020_stress_grid_S0015,irrigation_positive_candidate,2020-08-13,226,70,65,"{""sim_day"": 70.0, ""doy"": 226.0, ""topwt"": 2657.20458984375, ""grnwt"": 0.0, ""xlai"": 0.8179202079772949, ""totir"": 0.0, ""tofer"": NaN, ""swfac"": 0.0, ""nstres"": 0.3565447330474853}",0.0,0.3565447330474853,2657.20458984375,0.0,0.8179202079772949,0.0,,0.0,0.0,20.0,0.0,16.111203002929688,24.111203002929688,Leave_One_experiments/all_year_offline_schedule_search/daily_outputs/FQA/FQA_2020_FQA2020_stress_grid_S0015_daily.csv
FQA,FQA,Fengqiu,2020,Leave_One_experiments\wth_generated_qc\FQA\FQA2020.WTH,normal_year;water_stress_year;nitrogen_stress_year,water_stress,FQA2020_stress_grid_S0015,irrigation_positive_candidate,2020-08-14,227,71,66,"{""sim_day"": 71.0, ""doy"": 227.0, ""topwt"": 2717.467041015625, ""grnwt"": 0.0, ""xlai"": 0.7925742864608765, ""totir"": 0.0, ""tofer"": NaN, ""swfac"": 0.0, ""nstres"": 0.3437188863754272}",0.0,0.3437188863754272,2717.467041015625,0.0,0.7925742864608765,0.0,,0.0,0.0,20.0,0.0,16.111203002929688,24.111203002929688,Leave_One_experiments/all_year_offline_schedule_search/daily_outputs/FQA/FQA_2020_FQA2020_stress_grid_S0015_daily.csv
FQA,FQA,Fengqiu,2020,Leave_One_experiments\wth_generated_qc\FQA\FQA2020.WTH,normal_year;water_stress_year;nitrogen_stress_year,water_stress,FQA2020_stress_grid_S0015,irrigation_positive_candidate,2020-08-15,228,72,67,"{""sim_day"": 72.0, ""doy"": 228.0, ""topwt"": 2794.6160888671875, ""grnwt"": 0.0, ""xlai"": 0.768524169921875, ""totir"": 0.0, ""tofer"": NaN, ""swfac"": 0.0, ""nstres"": 0.328262984752655}",0.0,0.328262984752655,2794.6160888671875,0.0,0.768524169921875,0.0,,0.0,0.0,20.0,0.0,16.111203002929688,24.111203002929688,Leave_One_experiments/all_year_offline_schedule_search/daily_outputs/FQA/FQA_2020_FQA2020_stress_grid_S0015_daily.csv
FQA,FQA,Fengqiu,2020,Leave_One_experiments\wth_generated_qc\FQA\FQA2020.WTH,normal_year;water_stress_year;nitrogen_stress_year,water_stress,FQA2020_stress_grid_S0015,irrigation_positive_candidate,2020-08-16,229,73,68,"{""sim_day"": 73.0, ""doy"": 229.0, ""topwt"": 2887.2604370117188, ""grnwt"": 0.0, ""xlai"": 0.7457961440086365, ""totir"": 0.0, ""tofer"": NaN, ""swfac"": 0.0, ""nstres"": 0.3097647428512573}",0.0,0.3097647428512573,2887.2604370117188,0.0,0.7457961440086365,0.0,,0.0,0.0,20.0,0.0,16.111203002929688,24.111203002929688,Leave_One_experiments/all_year_offline_schedule_search/daily_outputs/FQA/FQA_2020_FQA2020_stress_grid_S0015_daily.csv
FQA,FQA,Fengqiu,2020,Leave_One_experiments\wth_generated_qc\FQA\FQA2020.WTH,normal_year;water_stress_year;nitrogen_stress_year,water_stress,FQA2020_stress_grid_S0015,irrigation_positive_candidate,2020-08-17,230,74,69,"{""sim_day"": 74.0, ""doy"": 230.0, ""topwt"": 2992.567443847656, ""grnwt"": 0.0, ""xlai"": 0.7242954969406128, ""totir"": 0.0, ""tofer"": NaN, ""swfac"": 0.0, ""nstres"": 0.2918991446495056}",0.0,0.2918991446495056,2992.567443847656,0.0,0.7242954969406128,0.0,,0.0,0.0,20.0,0.0,16.111203002929688,24.111203002929688,Leave_One_experiments/all_year_offline_schedule_search/daily_outputs/FQA/FQA_2020_FQA2020_stress_grid_S0015_daily.csv
FQA,FQA,Fengqiu,2020,Leave_One_experiments\wth_generated_qc\FQA\FQA2020.WTH,normal_year;water_stress_year;nitrogen_stress_year,water_stress,FQA2020_stress_grid_S0015,irrigation_positive_candidate,2020-08-18,231,75,70,"{""sim_day"": 75.0, ""doy"": 231.0, ""topwt"": 3052.680053710937, ""grnwt"": 217.026481628418, ""xlai"": 0.7038320302963257, ""totir"": 0.0, ""tofer"": NaN, ""swfac"": 0.0, ""nstres"": 0.2780705690383911}",0.0,0.2780705690383911,3052.680053710937,217.026481628418,0.7038320302963257,0.0,,0.0,0.0,20.0,0.0,16.111203002929688,24.111203002929688,Leave_One_experiments/all_year_offline_schedule_search/daily_outputs/FQA/FQA_2020_FQA2020_stress_grid_S0015_daily.csv
FQA,FQA,Fengqiu,2020,Leave_One_experiments\wth_generated_qc\FQA\FQA2020.WTH,normal_year;water_stress_year;nitrogen_stress_year,water_stress,FQA2020_stress_grid_S0015,irrigation_positive_candidate,2020-08-19,232,76,71,"{""sim_day"": 76.0, ""doy"": 232.0, ""topwt"": 3070.967102050781, ""grnwt"": 312.8142166137696, ""xlai"": 0.6815916895866394, ""totir"": 0.0, ""tofer"": NaN, ""swfac"": 0.0, ""nstres"": 0.3583749532699585}",0.0,0.3583749532699585,3070.967102050781,312.8142166137696,0.6815916895866394,0.0,,0.0,0.0,20.0,0.0,16.111203002929688,24.111203002929688,Leave_One_experiments/all_year_offline_schedule_search/daily_outputs/FQA/FQA_2020_FQA2020_stress_grid_S0015_daily.csv
FQA,FQA,Fengqiu,2020,Leave_One_experiments\wth_generated_qc\FQA\FQA2020.WTH,normal_year;water_stress_year;nitrogen_stress_year,water_stress,FQA2020_stress_grid_S0015,irrigation_positive_candidate,2020-08-20,233,77,72,"{""sim_day"": 77.0, ""doy"": 233.0, ""topwt"": 3141.12060546875, ""grnwt"": 408.6019515991211, ""xlai"": 0.6615879535675049, ""totir"": 0.0, ""tofer"": NaN, ""swfac"": 0.0, ""nstres"": 0.3043633103370666}",0.0,0.3043633103370666,3141.12060546875,408.6019515991211,0.6615879535675049,0.0,,0.0,0.0,20.0,0.0,16.111203002929688,24.111203002929688,Leave_One_experiments/all_year_offline_schedule_search/daily_outputs/FQA/FQA_2020_FQA2020_stress_grid_S0015_daily.csv
FQA,FQA,Fengqiu,2020,Leave_One_experiments\wth_generated_qc\FQA\FQA2020.WTH,normal_year;water_stress_year;nitrogen_stress_year,water_stress,FQA2020_stress_grid_S0015,irrigation_positive_candidate,2020-08-21,234,78,73,"{""sim_day"": 78.0, ""doy"": 234.0, ""topwt"": 3212.0233154296875, ""grnwt"": 504.3896865844727, ""xlai"": 0.6428377032279968, ""totir"": 0.0, ""tofer"": NaN, ""swfac"": 0.0, ""nstres"": 0.2801926136016845}",0.0,0.2801926136016845,3212.0233154296875,504.3896865844727,0.6428377032279968,0.0,,0.0,0.0,20.0,0.0,16.111203002929688,24.111203002929688,Leave_One_experiments/all_year_offline_schedule_search/daily_outputs/FQA/FQA_2020_FQA2020_stress_grid_S0015_daily.csv
FQA,FQA,Fengqiu,2020,Leave_One_experiments\wth_generated_qc\FQA\FQA2020.WTH,normal_year;water_stress_year;nitrogen_stress_year,water_stress,FQA2020_stress_grid_S0015,irrigation_positive_candidate,2020-08-22,235,79,74,"{""sim_day"": 79.0, ""doy"": 235.0, ""topwt"": 3274.540405273437, ""grnwt"": 600.1774215698242, ""xlai"": 0.6247153282165527, ""totir"": 0.0, ""tofer"": NaN, ""swfac"": 0.0, ""nstres"": 0.2765896916389465}",0.0,0.2765896916389465,3274.540405273437,600.1774215698242,0.6247153282165527,0.0,,0.0,0.0,20.0,0.0,16.111203002929688,24.111203002929688,Leave_One_experiments/all_year_offline_schedule_search/daily_outputs/FQA/FQA_2020_FQA2020_stress_grid_S0015_daily.csv
FQA,FQA,Fengqiu,2020,Leave_One_experiments\wth_generated_qc\FQA\FQA2020.WTH,normal_year;water_stress_year;nitrogen_stress_year,water_stress,FQA2020_stress_grid_S0015,irrigation_positive_candidate,2020-08-23,236,80,75,"{""sim_day"": 80.0, ""doy"": 236.0, ""topwt"": 3326.566772460937, ""grnwt"": 695.9651184082031, ""xlai"": 0.6071168780326843, ""totir"": 0.0, ""tofer"": NaN, ""swfac"": 0.0, ""nstres"": 0.2760878205299377}",0.0,0.2760878205299377,3326.566772460937,695.9651184082031,0.6071168780326843,0.0,,0.0,0.0,20.0,0.0,16.111203002929688,24.111203002929688,Leave_One_experiments/all_year_offline_schedule_search/daily_outputs/FQA/FQA_2020_FQA2020_stress_grid_S0015_daily.csv
FQA,FQA,Fengqiu,2020,Leave_One_experiments\wth_generated_qc\FQA\FQA2020.WTH,normal_year;water_stress_year;nitrogen_stress_year,water_stress,FQA2020_stress_grid_S0015,irrigation_positive_candidate,2020-08-24,237,81,76,"{""sim_day"": 81.0, ""doy"": 237.0, ""topwt"": 3398.1884765625, ""grnwt"": 791.7528533935547, ""xlai"": 0.5901010632514954, ""totir"": 0.0, ""tofer"": NaN, ""swfac"": 0.0, ""nstres"": 0.2726524472236633}",0.0,0.2726524472236633,3398.1884765625,791.7528533935547,0.5901010632514954,0.0,,0.0,0.0,20.0,0.0,16.111203002929688,24.111203002929688,Leave_One_experiments/all_year_offline_schedule_search/daily_outputs/FQA/FQA_2020_FQA2020_stress_grid_S0015_daily.csv
FQA,FQA,Fengqiu,2020,Leave_One_experiments\wth_generated_qc\FQA\FQA2020.WTH,normal_year;water_stress_year;nitrogen_stress_year,water_stress,FQA2020_stress_grid_S0015,irrigation_positive_candidate,2020-08-25,238,82,77,"{""sim_day"": 82.0, ""doy"": 238.0, ""topwt"": 3508.4552001953125, ""grnwt"": 887.5405883789062, ""xlai"": 0.57374107837677, ""totir"": 0.0, ""tofer"": NaN, ""swfac"": 0.0, ""nstres"": 0.2653762698173523}",0.0,0.2653762698173523,3508.4552001953125,887.5405883789062,0.57374107837677,0.0,,0.0,0.0,20.0,0.0,16.111203002929688,24.111203002929688,Leave_One_experiments/all_year_offline_schedule_search/daily_outputs/FQA/FQA_2020_FQA2020_stress_grid_S0015_daily.csv
FQA,FQA,Fengqiu,2020,Leave_One_experiments\wth_generated_qc\FQA\FQA2020.WTH,normal_year;water_stress_year;nitrogen_stress_year,water_stress,FQA2020_stress_grid_S0015,irrigation_positive_candidate,2020-08-26,239,83,78,"{""sim_day"": 83.0, ""doy"": 239.0, ""topwt"": 3616.733093261719, ""grnwt"": 983.3283233642578, ""xlai"": 0.5578154921531677, ""totir"": 0.0, ""tofer"": NaN, ""swfac"": 0.0, ""nstres"": 0.2661803364753723}",0.0,0.2661803364753723,3616.733093261719,983.3283233642578,0.5578154921531677,0.0,,0.0,0.0,20.0,0.0,16.111203002929688,24.111203002929688,Leave_One_experiments/all_year_offline_schedule_search/daily_outputs/FQA/FQA_2020_FQA2020_stress_grid_S0015_daily.csv
FQA,FQA,Fengqiu,2020,Leave_One_experiments\wth_generated_qc\FQA\FQA2020.WTH,normal_year;water_stress_year;nitrogen_stress_year,water_stress,FQA2020_stress_grid_S0015,irrigation_positive_candidate,2020-08-27,240,84,79,"{""sim_day"": 84.0, ""doy"": 240.0, ""topwt"": 3722.718505859375, ""grnwt"": 1079.1160583496094, ""xlai"": 0.5419279336929321, ""totir"": 0.0, ""tofer"": NaN, ""swfac"": 0.0, ""nstres"": 0.2835626602172851}",0.0,0.2835626602172851,3722.718505859375,1079.1160583496094,0.5419279336929321,0.0,,0.0,0.0,20.0,0.0,16.111203002929688,24.111203002929688,Leave_One_experiments/all_year_offline_schedule_search/daily_outputs/FQA/FQA_2020_FQA2020_stress_grid_S0015_daily.csv
FQA,FQA,Fengqiu,2020,Leave_One_experiments\wth_generated_qc\FQA\FQA2020.WTH,normal_year;water_stress_year;nitrogen_stress_year,water_stress,FQA2020_stress_grid_S0015,irrigation_positive_candidate,2020-08-28,241,85,80,"{""sim_day"": 85.0, ""doy"": 241.0, ""topwt"": 3826.458129882813, ""grnwt"": 1174.903793334961, ""xlai"": 0.5261113047599792, ""totir"": 20.0, ""tofer"": NaN, ""swfac"": 0.0, ""nstres"": 0.300458550453186}",0.0,0.300458550453186,3826.458129882813,1174.903793334961,0.5261113047599792,20.0,,20.0,0.0,20.0,0.0,16.111203002929688,24.111203002929688,Leave_One_experiments/all_year_offline_schedule_search/daily_outputs/FQA/FQA_2020_FQA2020_stress_grid_S0015_daily.csv
FQA,FQA,Fengqiu,2020,Leave_One_experiments\wth_generated_qc\FQA\FQA2020.WTH,normal_year;water_stress_year;nitrogen_stress_year,water_stress,FQA2020_stress_grid_S0015,irrigation_positive_candidate,2020-08-29,242,86,81,"{""sim_day"": 86.0, ""doy"": 242.0, ""topwt"": 3918.501892089844, ""grnwt"": 1270.0928497314453, ""xlai"": 0.5104904174804688, ""totir"": 20.0, ""tofer"": NaN, ""swfac"": 0.0, ""nstres"": 0.3125908970832824}",0.0,0.3125908970832824,3918.501892089844,1270.0928497314453,0.5104904174804688,20.0,,0.0,0.0,20.0,0.0,16.111203002929688,24.111203002929688,Leave_One_experiments/all_year_offline_schedule_search/daily_outputs/FQA/FQA_2020_FQA2020_stress_grid_S0015_daily.csv
FQA,FQA,Fengqiu,2020,Leave_One_experiments\wth_generated_qc\FQA\FQA2020.WTH,normal_year;water_stress_year;nitrogen_stress_year,water_stress,FQA2020_stress_grid_S0015,irrigation_positive_candidate,2020-08-30,243,87,82,"{""sim_day"": 87.0, ""doy"": 243.0, ""topwt"": 4013.585205078125, ""grnwt"": 1365.8805847167969, ""xlai"": 0.494967371225357, ""totir"": 20.0, ""tofer"": NaN, ""swfac"": 0.0, ""nstres"": 0.3297934532165527}",0.0,0.3297934532165527,4013.585205078125,1365.8805847167969,0.494967371225357,20.0,,0.0,0.0,20.0,0.0,16.111203002929688,24.111203002929688,Leave_One_experiments/all_year_offline_schedule_search/daily_outputs/FQA/FQA_2020_FQA2020_stress_grid_S0015_daily.csv
FQA,FQA,Fengqiu,2020,Leave_One_experiments\wth_generated_qc\FQA\FQA2020.WTH,normal_year;water_stress_year;nitrogen_stress_year,water_stress,FQA2020_stress_grid_S0015,irrigation_positive_candidate,2020-08-31,244,88,83,"{""sim_day"": 88.0, ""doy"": 244.0, ""topwt"": 4106.12060546875, ""grnwt"": 1461.6682434082031, ""xlai"": 0.4797184467315674, ""totir"": 20.0, ""tofer"": NaN, ""swfac"": 0.0, ""nstres"": 0.3393930196762085}",0.0,0.3393930196762085,4106.12060546875,1461.6682434082031,0.4797184467315674,20.0,,0.0,0.0,20.0,0.0,16.111203002929688,24.111203002929688,Leave_One_experiments/all_year_offline_schedule_search/daily_outputs/FQA/FQA_2020_FQA2020_stress_grid_S0015_daily.csv
FQA,FQA,Fengqiu,2020,Leave_One_experiments\wth_generated_qc\FQA\FQA2020.WTH,normal_year;water_stress_year;nitrogen_stress_year,water_stress,FQA2020_stress_grid_S0015,irrigation_positive_candidate,2020-09-01,245,89,84,"{""sim_day"": 89.0, ""doy"": 245.0, ""topwt"": 4197.886352539063, ""grnwt"": 1557.4559020996094, ""xlai"": 0.464726060628891, ""totir"": 20.0, ""tofer"": NaN, ""swfac"": 0.0, ""nstres"": 0.3500570058822632}",0.0,0.3500570058822632,4197.886352539063,1557.4559020996094,0.464726060628891,20.0,,0.0,0.0,20.0,0.0,16.111203002929688,24.111203002929688,Leave_One_experiments/all_year_offline_schedule_search/daily_outputs/FQA/FQA_2020_FQA2020_stress_grid_S0015_daily.csv
FQA,FQA,Fengqiu,2020,Leave_One_experiments\wth_generated_qc\FQA\FQA2020.WTH,normal_year;water_stress_year;nitrogen_stress_year,water_stress,FQA2020_stress_grid_S0015,irrigation_positive_candidate,2020-09-02,246,90,85,"{""sim_day"": 90.0, ""doy"": 246.0, ""topwt"": 4286.519165039063, ""grnwt"": 1653.2435607910156, ""xlai"": 0.4500000774860382, ""totir"": 20.0, ""tofer"": NaN, ""swfac"": 0.0, ""nstres"": 0.3604962229728699}",0.0,0.3604962229728699,4286.519165039063,1653.2435607910156,0.4500000774860382,20.0,,0.0,0.0,20.0,0.0,16.111203002929688,24.111203002929688,Leave_One_experiments/all_year_offline_schedule_search/daily_outputs/FQA/FQA_2020_FQA2020_stress_grid_S0015_daily.csv
FQA,FQA,Fengqiu,2020,Leave_One_experiments\wth_generated_qc\FQA\FQA2020.WTH,normal_year;water_stress_year;nitrogen_stress_year,water_stress,FQA2020_stress_grid_S0015,irrigation_positive_candidate,2020-09-03,247,91,86,"{""sim_day"": 91.0, ""doy"": 247.0, ""topwt"": 4371.975402832031, ""grnwt"": 1749.031219482422, ""xlai"": 0.4355835914611816, ""totir"": 20.0, ""tofer"": NaN, ""swfac"": 0.0, ""nstres"": 0.3688811063766479}",0.0,0.3688811063766479,4371.975402832031,1749.031219482422,0.4355835914611816,20.0,,0.0,0.0,20.0,0.0,16.111203002929688,24.111203002929688,Leave_One_experiments/all_year_offline_schedule_search/daily_outputs/FQA/FQA_2020_FQA2020_stress_grid_S0015_daily.csv
FQA,FQA,Fengqiu,2020,Leave_One_experiments\wth_generated_qc\FQA\FQA2020.WTH,normal_year;water_stress_year;nitrogen_stress_year,water_stress,FQA2020_stress_grid_S0015,irrigation_positive_candidate,2020-09-04,248,92,87,"{""sim_day"": 92.0, ""doy"": 248.0, ""topwt"": 4443.6468505859375, ""grnwt"": 1844.818878173828, ""xlai"": 0.4214644432067871, ""totir"": 20.0, ""tofer"": NaN, ""swfac"": 0.0, ""nstres"": 0.3779404163360595}",0.0,0.3779404163360595,4443.6468505859375,1844.818878173828,0.4214644432067871,20.0,,0.0,0.0,20.0,0.0,16.111203002929688,24.111203002929688,Leave_One_experiments/all_year_offline_schedule_search/daily_outputs/FQA/FQA_2020_FQA2020_stress_grid_S0015_daily.csv
FQA,FQA,Fengqiu,2020,Leave_One_experiments\wth_generated_qc\FQA\FQA2020.WTH,normal_year;water_stress_year;nitrogen_stress_year,water_stress,FQA2020_stress_grid_S0015,irrigation_positive_candidate,2020-09-05,249,93,88,"{""sim_day"": 93.0, ""doy"": 249.0, ""topwt"": 4513.678588867188, ""grnwt"": 1940.6065368652344, ""xlai"": 0.4076553583145141, ""totir"": 20.0, ""tofer"": NaN, ""swfac"": 0.0, ""nstres"": 0.3863466382026672}",0.0,0.3863466382026672,4513.678588867188,1940.6065368652344,0.4076553583145141,20.0,,0.0,0.0,20.0,0.0,16.111203002929688,24.111203002929688,Leave_One_experiments/all_year_offline_schedule_search/daily_outputs/FQA/FQA_2020_FQA2020_stress_grid_S0015_daily.csv
FQA,FQA,Fengqiu,2020,Leave_One_experiments\wth_generated_qc\FQA\FQA2020.WTH,normal_year;water_stress_year;nitrogen_stress_year,water_stress,FQA2020_stress_grid_S0015,irrigation_positive_candidate,2020-09-06,250,94,89,"{""sim_day"": 94.0, ""doy"": 250.0, ""topwt"": 4583.8958740234375, ""grnwt"": 2036.3941955566409, ""xlai"": 0.3942447304725647, ""totir"": 20.0, ""tofer"": NaN, ""swfac"": 0.0, ""nstres"": 0.3895283937454223}",0.0,0.3895283937454223,4583.8958740234375,2036.3941955566409,0.3942447304725647,20.0,,0.0,0.0,20.0,0.0,16.111203002929688,24.111203002929688,Leave_One_experiments/all_year_offline_schedule_search/daily_outputs/FQA/FQA_2020_FQA2020_stress_grid_S0015_daily.csv
FQA,FQA,Fengqiu,2020,Leave_One_experiments\wth_generated_qc\FQA\FQA2020.WTH,normal_year;water_stress_year;nitrogen_stress_year,water_stress,FQA2020_stress_grid_S0015,irrigation_positive_candidate,2020-09-07,251,95,90,"{""sim_day"": 95.0, ""doy"": 251.0, ""topwt"": 4653.038635253906, ""grnwt"": 2132.181854248047, ""xlai"": 0.3812335729598999, ""totir"": 20.0, ""tofer"": NaN, ""swfac"": 0.0, ""nstres"": 0.3920657634735107}",0.0,0.3920657634735107,4653.038635253906,2132.181854248047,0.3812335729598999,20.0,,0.0,0.0,20.0,0.0,16.111203002929688,24.111203002929688,Leave_One_experiments/all_year_offline_schedule_search/daily_outputs/FQA/FQA_2020_FQA2020_stress_grid_S0015_daily.csv
FQA,FQA,Fengqiu,2020,Leave_One_experiments\wth_generated_qc\FQA\FQA2020.WTH,normal_year;water_stress_year;nitrogen_stress_year,water_stress,FQA2020_stress_grid_S0015,irrigation_positive_candidate,2020-09-08,252,96,91,"{""sim_day"": 96.0, ""doy"": 252.0, ""topwt"": 4699.0228271484375, ""grnwt"": 2227.969512939453, ""xlai"": 0.3686381876468658, ""totir"": 20.0, ""tofer"": NaN, ""swfac"": 0.0, ""nstres"": 0.3929259777069092}",0.0,0.3929259777069092,4699.0228271484375,2227.969512939453,0.3686381876468658,20.0,,0.0,0.0,20.0,0.0,16.111203002929688,24.111203002929688,Leave_One_experiments/all_year_offline_schedule_search/daily_outputs/FQA/FQA_2020_FQA2020_stress_grid_S0015_daily.csv
FQA,FQA,Fengqiu,2020,Leave_One_experiments\wth_generated_qc\FQA\FQA2020.WTH,normal_year;water_stress_year;nitrogen_stress_year,water_stress,FQA2020_stress_grid_S0015,irrigation_positive_candidate,2020-09-09,253,97,92,"{""sim_day"": 97.0, ""doy"": 253.0, ""topwt"": 4749.898681640625, ""grnwt"": 2323.7571716308594, ""xlai"": 0.3564391434192657, ""totir"": 20.0, ""tofer"": NaN, ""swfac"": 0.0, ""nstres"": 0.3942084908485412}",0.0,0.3942084908485412,4749.898681640625,2323.7571716308594,0.3564391434192657,20.0,,0.0,0.0,20.0,0.0,16.111203002929688,24.111203002929688,Leave_One_experiments/all_year_offline_schedule_search/daily_outputs/FQA/FQA_2020_FQA2020_stress_grid_S0015_daily.csv
FQA,FQA,Fengqiu,2020,Leave_One_experiments\wth_generated_qc\FQA\FQA2020.WTH,normal_year;water_stress_year;nitrogen_stress_year,water_stress,FQA2020_stress_grid_S0015,irrigation_positive_candidate,2020-09-10,254,98,93,"{""sim_day"": 98.0, ""doy"": 254.0, ""topwt"": 4811.932067871094, ""grnwt"": 2419.5448303222656, ""xlai"": 0.3449501991271972, ""totir"": 20.0, ""tofer"": NaN, ""swfac"": 0.0, ""nstres"": 0.3735796213150024}",0.0,0.3735796213150024,4811.932067871094,2419.5448303222656,0.3449501991271972,20.0,,0.0,0.0,20.0,0.0,16.111203002929688,24.111203002929688,Leave_One_experiments/all_year_offline_schedule_search/daily_outputs/FQA/FQA_2020_FQA2020_stress_grid_S0015_daily.csv
FQA,FQA,Fengqiu,2020,Leave_One_experiments\wth_generated_qc\FQA\FQA2020.WTH,normal_year;water_stress_year;nitrogen_stress_year,water_stress,FQA2020_stress_grid_S0015,irrigation_positive_candidate,2020-09-11,255,99,94,"{""sim_day"": 99.0, ""doy"": 255.0, ""topwt"": 4869.966735839844, ""grnwt"": 2515.332489013672, ""xlai"": 0.3338781297206878, ""totir"": 20.0, ""tofer"": NaN, ""swfac"": 0.0, ""nstres"": 0.3703421950340271}",0.0,0.3703421950340271,4869.966735839844,2515.332489013672,0.3338781297206878,20.0,,0.0,0.0,20.0,0.0,16.111203002929688,24.111203002929688,Leave_One_experiments/all_year_offline_schedule_search/daily_outputs/FQA/FQA_2020_FQA2020_stress_grid_S0015_daily.csv
FQA,FQA,Fengqiu,2020,Leave_One_experiments\wth_generated_qc\FQA\FQA2020.WTH,normal_year;water_stress_year;nitrogen_stress_year,water_stress,FQA2020_stress_grid_S0015,irrigation_positive_candidate,2020-09-12,256,100,95,"{""sim_day"": 100.0, ""doy"": 256.0, ""topwt"": 4914.145812988281, ""grnwt"": 2611.1203002929688, ""xlai"": 0.3231309354305267, ""totir"": 20.0, ""tofer"": NaN, ""swfac"": 0.0, ""nstres"": 0.3725320100784302}",0.0,0.3725320100784302,4914.145812988281,2611.1203002929688,0.3231309354305267,20.0,,0.0,0.0,20.0,0.0,16.111203002929688,24.111203002929688,Leave_One_experiments/all_year_offline_schedule_search/daily_outputs/FQA/FQA_2020_FQA2020_stress_grid_S0015_daily.csv
FQA,FQA,Fengqiu,2020,Leave_One_experiments\wth_generated_qc\FQA\FQA2020.WTH,normal_year;water_stress_year;nitrogen_stress_year,water_stress,FQA2020_stress_grid_S0015,irrigation_positive_candidate,2020-09-13,257,101,96,"{""sim_day"": 101.0, ""doy"": 257.0, ""topwt"": 4914.145812988281, ""grnwt"": 2611.1203002929688, ""xlai"": 0.3231309354305267, ""totir"": 20.0, ""tofer"": NaN, ""swfac"": 0.0, ""nstres"": 0.3763905763626098}",0.0,0.3763905763626098,4914.145812988281,2611.1203002929688,0.3231309354305267,20.0,,0.0,0.0,20.0,0.0,16.111203002929688,24.111203002929688,Leave_One_experiments/all_year_offline_schedule_search/daily_outputs/FQA/FQA_2020_FQA2020_stress_grid_S0015_daily.csv
FQA,FQA,Fengqiu,2020,Leave_One_experiments\wth_generated_qc\FQA\FQA2020.WTH,normal_year;water_stress_year;nitrogen_stress_year,water_stress,FQA2020_stress_grid_S0015,irrigation_positive_candidate,2020-09-14,258,102,97,"{""sim_day"": 102.0, ""doy"": 258.0, ""topwt"": 4914.145812988281, ""grnwt"": 2611.1203002929688, ""xlai"": 0.3231309354305267, ""totir"": 20.0, ""tofer"": NaN, ""swfac"": 0.0, ""nstres"": 0.3763905763626098}",0.0,0.3763905763626098,4914.145812988281,2611.1203002929688,0.3231309354305267,20.0,,0.0,0.0,20.0,0.0,16.111203002929688,24.111203002929688,Leave_One_experiments/all_year_offline_schedule_search/daily_outputs/FQA/FQA_2020_FQA2020_stress_grid_S0015_daily.csv
FQA,FQA,Fengqiu,2020,Leave_One_experiments\wth_generated_qc\FQA\FQA2020.WTH,normal_year;water_stress_year;nitrogen_stress_year,water_stress,FQA2020_stress_grid_S0015,irrigation_positive_candidate,2020-09-15,259,103,98,"{""sim_day"": 103.0, ""doy"": 259.0, ""topwt"": 4914.145812988281, ""grnwt"": 2611.1203002929688, ""xlai"": 0.3231309354305267, ""totir"": 20.0, ""tofer"": NaN, ""swfac"": 0.0, ""nstres"": 0.3763905763626098}",0.0,0.3763905763626098,4914.145812988281,2611.1203002929688,0.3231309354305267,20.0,,0.0,0.0,20.0,0.0,16.111203002929688,24.111203002929688,Leave_One_experiments/all_year_offline_schedule_search/daily_outputs/FQA/FQA_2020_FQA2020_stress_grid_S0015_daily.csv
FQA,FQA,Fengqiu,2020,Leave_One_experiments\wth_generated_qc\FQA\FQA2020.WTH,normal_year;water_stress_year;nitrogen_stress_year,water_stress,FQA2020_stress_grid_S0015,irrigation_positive_candidate,2020-09-16,260,104,99,"{""sim_day"": 104.0, ""doy"": 260.0, ""topwt"": 4914.145812988281, ""grnwt"": 2611.1203002929688, ""xlai"": 0.3231309354305267, ""totir"": 20.0, ""tofer"": NaN, ""swfac"": 0.0, ""nstres"": 0.3763905763626098}",0.0,0.3763905763626098,4914.145812988281,2611.1203002929688,0.3231309354305267,20.0,,0.0,0.0,20.0,0.0,16.111203002929688,24.111203002929688,Leave_One_experiments/all_year_offline_schedule_search/daily_outputs/FQA/FQA_2020_FQA2020_stress_grid_S0015_daily.csv
FQA,FQA,Fengqiu,2020,Leave_One_experiments\wth_generated_qc\FQA\FQA2020.WTH,normal_year;water_stress_year;nitrogen_stress_year,water_stress,FQA2020_stress_grid_S0001,low_input_within_10pct_yield,2020-06-10,162,1,1,"{""sim_day"": 1.0, ""doy"": 162.0, ""topwt"": 0.0, ""grnwt"": 0.0, ""xlai"": 0.0, ""totir"": 0.0, ""tofer"": NaN, ""swfac"": 0.0, ""nstres"": 0.0}",0.0,0.0,0.0,0.0,0.0,0.0,,0.0,0.0,0.0,0.0,26.111203002929688,26.111203002929688,Leave_One_experiments/all_year_offline_schedule_search/daily_outputs/FQA/FQA_2020_FQA2020_stress_grid_S0001_daily.csv
FQA,FQA,Fengqiu,2020,Leave_One_experiments\wth_generated_qc\FQA\FQA2020.WTH,normal_year;water_stress_year;nitrogen_stress_year,water_stress,FQA2020_stress_grid_S0001,low_input_within_10pct_yield,2020-06-11,163,2,2,"{""sim_day"": 2.0, ""doy"": 163.0, ""topwt"": 0.0, ""grnwt"": 0.0, ""xlai"": 0.0, ""totir"": 0.0, ""tofer"": NaN, ""swfac"": 0.0, ""nstres"": 0.0}",0.0,0.0,0.0,0.0,0.0,0.0,,0.0,0.0,0.0,0.0,26.111203002929688,26.111203002929688,Leave_One_experiments/all_year_offline_schedule_search/daily_outputs/FQA/FQA_2020_FQA2020_stress_grid_S0001_daily.csv
FQA,FQA,Fengqiu,2020,Leave_One_experiments\wth_generated_qc\FQA\FQA2020.WTH,normal_year;water_stress_year;nitrogen_stress_year,water_stress,FQA2020_stress_grid_S0001,low_input_within_10pct_yield,2020-06-12,164,3,3,"{""sim_day"": 3.0, ""doy"": 164.0, ""topwt"": 0.0, ""grnwt"": 0.0, ""xlai"": 0.0, ""totir"": 0.0, ""tofer"": NaN, ""swfac"": 0.0, ""nstres"": 0.0}",0.0,0.0,0.0,0.0,0.0,0.0,,0.0,0.0,0.0,0.0,26.111203002929688,26.111203002929688,Leave_One_experiments/all_year_offline_schedule_search/daily_outputs/FQA/FQA_2020_FQA2020_stress_grid_S0001_daily.csv
FQA,FQA,Fengqiu,2020,Leave_One_experiments\wth_generated_qc\FQA\FQA2020.WTH,normal_year;water_stress_year;nitrogen_stress_year,water_stress,FQA2020_stress_grid_S0001,low_input_within_10pct_yield,2020-06-13,165,4,4,"{""sim_day"": 4.0, ""doy"": 165.0, ""topwt"": 0.0, ""grnwt"": 0.0, ""xlai"": 0.0, ""totir"": 0.0, ""tofer"": NaN, ""swfac"": 0.0, ""nstres"": 0.0}",0.0,0.0,0.0,0.0,0.0,0.0,,0.0,0.0,0.0,0.0,26.111203002929688,26.111203002929688,Leave_One_experiments/all_year_offline_schedule_search/daily_outputs/FQA/FQA_2020_FQA2020_stress_grid_S0001_daily.csv
FQA,FQA,Fengqiu,2020,Leave_One_experiments\wth_generated_qc\FQA\FQA2020.WTH,normal_year;water_stress_year;nitrogen_stress_year,water_stress,FQA2020_stress_grid_S0001,low_input_within_10pct_yield,2020-06-14,166,5,5,"{""sim_day"": 5.0, ""doy"": 166.0, ""topwt"": 0.0, ""grnwt"": 0.0, ""xlai"": 0.0, ""totir"": 0.0, ""tofer"": NaN, ""swfac"": 0.0, ""nstres"": 0.0}",0.0,0.0,0.0,0.0,0.0,0.0,,0.0,0.0,0.0,0.0,26.111203002929688,26.111203002929688,Leave_One_experiments/all_year_offline_schedule_search/daily_outputs/FQA/FQA_2020_FQA2020_stress_grid_S0001_daily.csv
FQA,FQA,Fengqiu,2020,Leave_One_experiments\wth_generated_qc\FQA\FQA2020.WTH,normal_year;water_stress_year;nitrogen_stress_year,water_stress,FQA2020_stress_grid_S0001,low_input_within_10pct_yield,2020-06-10,162,6,1,"{""sim_day"": 6.0, ""doy"": 162.0, ""topwt"": 0.0, ""grnwt"": 0.0, ""xlai"": 0.0, ""totir"": 0.0, ""tofer"": NaN, ""swfac"": 0.0, ""nstres"": 0.0}",0.0,0.0,0.0,0.0,0.0,0.0,,0.0,0.0,0.0,0.0,26.111203002929688,26.111203002929688,Leave_One_experiments/all_year_offline_schedule_search/daily_outputs/FQA/FQA_2020_FQA2020_stress_grid_S0001_daily.csv
FQA,FQA,Fengqiu,2020,Leave_One_experiments\wth_generated_qc\FQA\FQA2020.WTH,normal_year;water_stress_year;nitrogen_stress_year,water_stress,FQA2020_stress_grid_S0001,low_input_within_10pct_yield,2020-06-11,163,7,2,"{""sim_day"": 7.0, ""doy"": 163.0, ""topwt"": 0.0, ""grnwt"": 0.0, ""xlai"": 0.0, ""totir"": 0.0, ""tofer"": NaN, ""swfac"": 0.0, ""nstres"": 0.0}",0.0,0.0,0.0,0.0,0.0,0.0,,0.0,0.0,0.0,0.0,26.111203002929688,26.111203002929688,Leave_One_experiments/all_year_offline_schedule_search/daily_outputs/FQA/FQA_2020_FQA2020_stress_grid_S0001_daily.csv
FQA,FQA,Fengqiu,2020,Leave_One_experiments\wth_generated_qc\FQA\FQA2020.WTH,normal_year;water_stress_year;nitrogen_stress_year,water_stress,FQA2020_stress_grid_S0001,low_input_within_10pct_yield,2020-06-12,164,8,3,"{""sim_day"": 8.0, ""doy"": 164.0, ""topwt"": 0.0, ""grnwt"": 0.0, ""xlai"": 0.0, ""totir"": 0.0, ""tofer"": NaN, ""swfac"": 0.0, ""nstres"": 0.0}",0.0,0.0,0.0,0.0,0.0,0.0,,0.0,0.0,0.0,0.0,26.111203002929688,26.111203002929688,Leave_One_experiments/all_year_offline_schedule_search/daily_outputs/FQA/FQA_2020_FQA2020_stress_grid_S0001_daily.csv
FQA,FQA,Fengqiu,2020,Leave_One_experiments\wth_generated_qc\FQA\FQA2020.WTH,normal_year;water_stress_year;nitrogen_stress_year,water_stress,FQA2020_stress_grid_S0001,low_input_within_10pct_yield,2020-06-13,165,9,4,"{""sim_day"": 9.0, ""doy"": 165.0, ""topwt"": 0.0, ""grnwt"": 0.0, ""xlai"": 0.0, ""totir"": 0.0, ""tofer"": NaN, ""swfac"": 0.0, ""nstres"": 0.0}",0.0,0.0,0.0,0.0,0.0,0.0,,0.0,0.0,0.0,0.0,26.111203002929688,26.111203002929688,Leave_One_experiments/all_year_offline_schedule_search/daily_outputs/FQA/FQA_2020_FQA2020_stress_grid_S0001_daily.csv
FQA,FQA,Fengqiu,2020,Leave_One_experiments\wth_generated_qc\FQA\FQA2020.WTH,normal_year;water_stress_year;nitrogen_stress_year,water_stress,FQA2020_stress_grid_S0001,low_input_within_10pct_yield,2020-06-14,166,10,5,"{""sim_day"": 10.0, ""doy"": 166.0, ""topwt"": 0.0, ""grnwt"": 0.0, ""xlai"": 0.0, ""totir"": 0.0, ""tofer"": NaN, ""swfac"": 0.0, ""nstres"": 0.0}",0.0,0.0,0.0,0.0,0.0,0.0,,0.0,0.0,0.0,0.0,26.111203002929688,26.111203002929688,Leave_One_experiments/all_year_offline_schedule_search/daily_outputs/FQA/FQA_2020_FQA2020_stress_grid_S0001_daily.csv
FQA,FQA,Fengqiu,2020,Leave_One_experiments\wth_generated_qc\FQA\FQA2020.WTH,normal_year;water_stress_year;nitrogen_stress_year,water_stress,FQA2020_stress_grid_S0001,low_input_within_10pct_yield,2020-06-15,167,11,6,"{""sim_day"": 11.0, ""doy"": 167.0, ""topwt"": 32.00000047683716, ""grnwt"": 0.0, ""xlai"": 0.0022699497640132, ""totir"": 0.0, ""tofer"": NaN, ""swfac"": 0.0, ""nstres"": 0.0121910572052001}",0.0,0.0121910572052001,32.00000047683716,0.0,0.0022699497640132,0.0,,0.0,0.0,0.0,0.0,26.111203002929688,26.111203002929688,Leave_One_experiments/all_year_offline_schedule_search/daily_outputs/FQA/FQA_2020_FQA2020_stress_grid_S0001_daily.csv
FQA,FQA,Fengqiu,2020,Leave_One_experiments\wth_generated_qc\FQA\FQA2020.WTH,normal_year;water_stress_year;nitrogen_stress_year,water_stress,FQA2020_stress_grid_S0001,low_input_within_10pct_yield,2020-06-16,168,12,7,"{""sim_day"": 12.0, ""doy"": 168.0, ""topwt"": 32.00000047683716, ""grnwt"": 0.0, ""xlai"": 0.0035599607508629, ""totir"": 0.0, ""tofer"": NaN, ""swfac"": 0.0, ""nstres"": 0.0049926042556762}",0.0,0.0049926042556762,32.00000047683716,0.0,0.0035599607508629,0.0,,0.0,0.0,0.0,0.0,26.111203002929688,26.111203002929688,Leave_One_experiments/all_year_offline_schedule_search/daily_outputs/FQA/FQA_2020_FQA2020_stress_grid_S0001_daily.csv
FQA,FQA,Fengqiu,2020,Leave_One_experiments\wth_generated_qc\FQA\FQA2020.WTH,normal_year;water_stress_year;nitrogen_stress_year,water_stress,FQA2020_stress_grid_S0001,low_input_within_10pct_yield,2020-06-17,169,13,8,"{""sim_day"": 13.0, ""doy"": 169.0, ""topwt"": 32.00000047683716, ""grnwt"": 0.0, ""xlai"": 0.0050889528356492, ""totir"": 0.0, ""tofer"": NaN, ""swfac"": 0.0, ""nstres"": 0.0}",0.0,0.0,32.00000047683716,0.0,0.0050889528356492,0.0,,0.0,0.0,0.0,0.0,26.111203002929688,26.111203002929688,Leave_One_experiments/all_year_offline_schedule_search/daily_outputs/FQA/FQA_2020_FQA2020_stress_grid_S0001_daily.csv
FQA,FQA,Fengqiu,2020,Leave_One_experiments\wth_generated_qc\FQA\FQA2020.WTH,normal_year;water_stress_year;nitrogen_stress_year,water_stress,FQA2020_stress_grid_S0001,low_input_within_10pct_yield,2020-06-18,170,14,9,"{""sim_day"": 14.0, ""doy"": 170.0, ""topwt"": 32.00000047683716, ""grnwt"": 0.0, ""xlai"": 0.0070514320395886, ""totir"": 0.0, ""tofer"": NaN, ""swfac"": 0.0, ""nstres"": 0.0}",0.0,0.0,32.00000047683716,0.0,0.0070514320395886,0.0,,0.0,0.0,0.0,0.0,26.111203002929688,26.111203002929688,Leave_One_experiments/all_year_offline_schedule_search/daily_outputs/FQA/FQA_2020_FQA2020_stress_grid_S0001_daily.csv
FQA,FQA,Fengqiu,2020,Leave_One_experiments\wth_generated_qc\FQA\FQA2020.WTH,normal_year;water_stress_year;nitrogen_stress_year,water_stress,FQA2020_stress_grid_S0001,low_input_within_10pct_yield,2020-06-19,171,15,10,"{""sim_day"": 15.0, ""doy"": 171.0, ""topwt"": 32.00000047683716, ""grnwt"": 0.0, ""xlai"": 0.0097232330590486, ""totir"": 0.0, ""tofer"": NaN, ""swfac"": 0.0, ""nstres"": 0.0}",0.0,0.0,32.00000047683716,0.0,0.0097232330590486,0.0,,0.0,0.0,0.0,0.0,26.111203002929688,26.111203002929688,Leave_One_experiments/all_year_offline_schedule_search/daily_outputs/FQA/FQA_2020_FQA2020_stress_grid_S0001_daily.csv
FQA,FQA,Fengqiu,2020,Leave_One_experiments\wth_generated_qc\FQA\FQA2020.WTH,normal_year;water_stress_year;nitrogen_stress_year,water_stress,FQA2020_stress_grid_S0001,low_input_within_10pct_yield,2020-06-20,172,16,11,"{""sim_day"": 16.0, ""doy"": 172.0, ""topwt"": 32.00000047683716, ""grnwt"": 0.0, ""xlai"": 0.0129394447430968, ""totir"": 0.0, ""tofer"": NaN, ""swfac"": 0.0, ""nstres"": 0.0}",0.0,0.0,32.00000047683716,0.0,0.0129394447430968,0.0,,0.0,0.0,0.0,0.0,26.111203002929688,26.111203002929688,Leave_One_experiments/all_year_offline_schedule_search/daily_outputs/FQA/FQA_2020_FQA2020_stress_grid_S0001_daily.csv
FQA,FQA,Fengqiu,2020,Leave_One_experiments\wth_generated_qc\FQA\FQA2020.WTH,normal_year;water_stress_year;nitrogen_stress_year,water_stress,FQA2020_stress_grid_S0001,low_input_within_10pct_yield,2020-06-21,173,17,12,"{""sim_day"": 17.0, ""doy"": 173.0, ""topwt"": 32.00000047683716, ""grnwt"": 0.0, ""xlai"": 0.0160907059907913, ""totir"": 0.0, ""tofer"": NaN, ""swfac"": 0.0, ""nstres"": 0.0}",0.0,0.0,32.00000047683716,0.0,0.0160907059907913,0.0,,0.0,0.0,0.0,0.0,26.111203002929688,26.111203002929688,Leave_One_experiments/all_year_offline_schedule_search/daily_outputs/FQA/FQA_2020_FQA2020_stress_grid_S0001_daily.csv
FQA,FQA,Fengqiu,2020,Leave_One_experiments\wth_generated_qc\FQA\FQA2020.WTH,normal_year;water_stress_year;nitrogen_stress_year,water_stress,FQA2020_stress_grid_S0001,low_input_within_10pct_yield,2020-06-22,174,18,13,"{""sim_day"": 18.0, ""doy"": 174.0, ""topwt"": 22.073559761047363, ""grnwt"": 0.0, ""xlai"": 0.0270164813846349, ""totir"": 0.0, ""tofer"": NaN, ""swfac"": 0.0, ""nstres"": 0.0}",0.0,0.0,22.073559761047363,0.0,0.0270164813846349,0.0,,0.0,0.0,0.0,0.0,26.111203002929688,26.111203002929688,Leave_One_experiments/all_year_offline_schedule_search/daily_outputs/FQA/FQA_2020_FQA2020_stress_grid_S0001_daily.csv
FQA,FQA,Fengqiu,2020,Leave_One_experiments\wth_generated_qc\FQA\FQA2020.WTH,normal_year;water_stress_year;nitrogen_stress_year,water_stress,FQA2020_stress_grid_S0001,low_input_within_10pct_yield,2020-06-23,175,19,14,"{""sim_day"": 19.0, ""doy"": 175.0, ""topwt"": 26.46839141845703, ""grnwt"": 0.0, ""xlai"": 0.0416884645819664, ""totir"": 0.0, ""tofer"": NaN, ""swfac"": 0.0, ""nstres"": 0.0}",0.0,0.0,26.46839141845703,0.0,0.0416884645819664,0.0,,0.0,0.0,0.0,0.0,26.111203002929688,26.111203002929688,Leave_One_experiments/all_year_offline_schedule_search/daily_outputs/FQA/FQA_2020_FQA2020_stress_grid_S0001_daily.csv
FQA,FQA,Fengqiu,2020,Leave_One_experiments\wth_generated_qc\FQA\FQA2020.WTH,normal_year;water_stress_year;nitrogen_stress_year,water_stress,FQA2020_stress_grid_S0001,low_input_within_10pct_yield,2020-06-24,176,20,15,"{""sim_day"": 20.0, ""doy"": 176.0, ""topwt"": 31.863629817962646, ""grnwt"": 0.0, ""xlai"": 0.0580367408692836, ""totir"": 0.0, ""tofer"": NaN, ""swfac"": 0.0, ""nstres"": 0.0}",0.0,0.0,31.863629817962646,0.0,0.0580367408692836,0.0,,0.0,0.0,0.0,0.0,26.111203002929688,26.111203002929688,Leave_One_experiments/all_year_offline_schedule_search/daily_outputs/FQA/FQA_2020_FQA2020_stress_grid_S0001_daily.csv
FQA,FQA,Fengqiu,2020,Leave_One_experiments\wth_generated_qc\FQA\FQA2020.WTH,normal_year;water_stress_year;nitrogen_stress_year,water_stress,FQA2020_stress_grid_S0001,low_input_within_10pct_yield,2020-06-25,177,21,16,"{""sim_day"": 21.0, ""doy"": 177.0, ""topwt"": 38.76291275024414, ""grnwt"": 0.0, ""xlai"": 0.077338732779026, ""totir"": 0.0, ""tofer"": NaN, ""swfac"": 0.0, ""nstres"": 0.0}",0.0,0.0,38.76291275024414,0.0,0.077338732779026,0.0,,0.0,0.0,0.0,0.0,26.111203002929688,26.111203002929688,Leave_One_experiments/all_year_offline_schedule_search/daily_outputs/FQA/FQA_2020_FQA2020_stress_grid_S0001_daily.csv
FQA,FQA,Fengqiu,2020,Leave_One_experiments\wth_generated_qc\FQA\FQA2020.WTH,normal_year;water_stress_year;nitrogen_stress_year,water_stress,FQA2020_stress_grid_S0001,low_input_within_10pct_yield,2020-06-26,178,22,17,"{""sim_day"": 22.0, ""doy"": 178.0, ""topwt"": 47.34996318817139, ""grnwt"": 0.0, ""xlai"": 0.0997247323393821, ""totir"": 0.0, ""tofer"": NaN, ""swfac"": 0.0, ""nstres"": 0.0}",0.0,0.0,47.34996318817139,0.0,0.0997247323393821,0.0,,0.0,0.0,0.0,0.0,26.111203002929688,26.111203002929688,Leave_One_experiments/all_year_offline_schedule_search/daily_outputs/FQA/FQA_2020_FQA2020_stress_grid_S0001_daily.csv
FQA,FQA,Fengqiu,2020,Leave_One_experiments\wth_generated_qc\FQA\FQA2020.WTH,normal_year;water_stress_year;nitrogen_stress_year,water_stress,FQA2020_stress_grid_S0001,low_input_within_10pct_yield,2020-06-27,179,23,18,"{""sim_day"": 23.0, ""doy"": 179.0, ""topwt"": 56.88079357147217, ""grnwt"": 0.0, ""xlai"": 0.1231004372239112, ""totir"": 0.0, ""tofer"": NaN, ""swfac"": 0.0, ""nstres"": 0.0}",0.0,0.0,56.88079357147217,0.0,0.1231004372239112,0.0,,0.0,0.0,0.0,0.0,26.111203002929688,26.111203002929688,Leave_One_experiments/all_year_offline_schedule_search/daily_outputs/FQA/FQA_2020_FQA2020_stress_grid_S0001_daily.csv
FQA,FQA,Fengqiu,2020,Leave_One_experiments\wth_generated_qc\FQA\FQA2020.WTH,normal_year;water_stress_year;nitrogen_stress_year,water_stress,FQA2020_stress_grid_S0001,low_input_within_10pct_yield,2020-06-28,180,24,19,"{""sim_day"": 24.0, ""doy"": 180.0, ""topwt"": 67.34890460968018, ""grnwt"": 0.0, ""xlai"": 0.1474765390157699, ""totir"": 0.0, ""tofer"": NaN, ""swfac"": 0.0, ""nstres"": 0.0}",0.0,0.0,67.34890460968018,0.0,0.1474765390157699,0.0,,0.0,0.0,0.0,0.0,26.111203002929688,26.111203002929688,Leave_One_experiments/all_year_offline_schedule_search/daily_outputs/FQA/FQA_2020_FQA2020_stress_grid_S0001_daily.csv
FQA,FQA,Fengqiu,2020,Leave_One_experiments\wth_generated_qc\FQA\FQA2020.WTH,normal_year;water_stress_year;nitrogen_stress_year,water_stress,FQA2020_stress_grid_S0001,low_input_within_10pct_yield,2020-06-29,181,25,20,"{""sim_day"": 25.0, ""doy"": 181.0, ""topwt"": 78.71862888336182, ""grnwt"": 0.0, ""xlai"": 0.1727779060602188, ""totir"": 0.0, ""tofer"": NaN, ""swfac"": 0.0, ""nstres"": 0.0}",0.0,0.0,78.71862888336182,0.0,0.1727779060602188,0.0,,0.0,0.0,0.0,0.0,26.111203002929688,26.111203002929688,Leave_One_experiments/all_year_offline_schedule_search/daily_outputs/FQA/FQA_2020_FQA2020_stress_grid_S0001_daily.csv
FQA,FQA,Fengqiu,2020,Leave_One_experiments\wth_generated_qc\FQA\FQA2020.WTH,normal_year;water_stress_year;nitrogen_stress_year,water_stress,FQA2020_stress_grid_S0001,low_input_within_10pct_yield,2020-06-30,182,26,21,"{""sim_day"": 26.0, ""doy"": 182.0, ""topwt"": 90.741605758667, ""grnwt"": 0.0, ""xlai"": 0.1984824538230896, ""totir"": 0.0, ""tofer"": NaN, ""swfac"": 0.0, ""nstres"": 0.0}",0.0,0.0,90.741605758667,0.0,0.1984824538230896,0.0,,0.0,0.0,0.0,0.0,26.111203002929688,26.111203002929688,Leave_One_experiments/all_year_offline_schedule_search/daily_outputs/FQA/FQA_2020_FQA2020_stress_grid_S0001_daily.csv
FQA,FQA,Fengqiu,2020,Leave_One_experiments\wth_generated_qc\FQA\FQA2020.WTH,normal_year;water_stress_year;nitrogen_stress_year,water_stress,FQA2020_stress_grid_S0001,low_input_within_10pct_yield,2020-07-01,183,27,22,"{""sim_day"": 27.0, ""doy"": 183.0, ""topwt"": 104.97442245483398, ""grnwt"": 0.0, ""xlai"": 0.2266494333744049, ""totir"": 0.0, ""tofer"": NaN, ""swfac"": 0.0, ""nstres"": 0.0}",0.0,0.0,104.97442245483398,0.0,0.2266494333744049,0.0,,0.0,0.0,0.0,0.0,26.111203002929688,26.111203002929688,Leave_One_experiments/all_year_offline_schedule_search/daily_outputs/FQA/FQA_2020_FQA2020_stress_grid_S0001_daily.csv
FQA,FQA,Fengqiu,2020,Leave_One_experiments\wth_generated_qc\FQA\FQA2020.WTH,normal_year;water_stress_year;nitrogen_stress_year,water_stress,FQA2020_stress_grid_S0001,low_input_within_10pct_yield,2020-07-02,184,28,23,"{""sim_day"": 28.0, ""doy"": 184.0, ""topwt"": 119.68082427978516, ""grnwt"": 0.0, ""xlai"": 0.2567900717258453, ""totir"": 0.0, ""tofer"": NaN, ""swfac"": 0.0, ""nstres"": 0.0}",0.0,0.0,119.68082427978516,0.0,0.2567900717258453,0.0,,0.0,0.0,0.0,0.0,26.111203002929688,26.111203002929688,Leave_One_experiments/all_year_offline_schedule_search/daily_outputs/FQA/FQA_2020_FQA2020_stress_grid_S0001_daily.csv
FQA,FQA,Fengqiu,2020,Leave_One_experiments\wth_generated_qc\FQA\FQA2020.WTH,normal_year;water_stress_year;nitrogen_stress_year,water_stress,FQA2020_stress_grid_S0001,low_input_within_10pct_yield,2020-07-03,185,29,24,"{""sim_day"": 29.0, ""doy"": 185.0, ""topwt"": 136.86601638793945, ""grnwt"": 0.0, ""xlai"": 0.2907512187957763, ""totir"": 0.0, ""tofer"": NaN, ""swfac"": 0.0, ""nstres"": 0.0}",0.0,0.0,136.86601638793945,0.0,0.2907512187957763,0.0,,0.0,0.0,0.0,0.0,26.111203002929688,26.111203002929688,Leave_One_experiments/all_year_offline_schedule_search/daily_outputs/FQA/FQA_2020_FQA2020_stress_grid_S0001_daily.csv
FQA,FQA,Fengqiu,2020,Leave_One_experiments\wth_generated_qc\FQA\FQA2020.WTH,normal_year;water_stress_year;nitrogen_stress_year,water_stress,FQA2020_stress_grid_S0001,low_input_within_10pct_yield,2020-07-04,186,30,25,"{""sim_day"": 30.0, ""doy"": 186.0, ""topwt"": 155.0360870361328, ""grnwt"": 0.0, ""xlai"": 0.3253614902496338, ""totir"": 0.0, ""tofer"": NaN, ""swfac"": 0.0, ""nstres"": 0.0}",0.0,0.0,155.0360870361328,0.0,0.3253614902496338,0.0,,0.0,0.0,0.0,0.0,26.111203002929688,26.111203002929688,Leave_One_experiments/all_year_offline_schedule_search/daily_outputs/FQA/FQA_2020_FQA2020_stress_grid_S0001_daily.csv
FQA,FQA,Fengqiu,2020,Leave_One_experiments\wth_generated_qc\FQA\FQA2020.WTH,normal_year;water_stress_year;nitrogen_stress_year,water_stress,FQA2020_stress_grid_S0001,low_input_within_10pct_yield,2020-07-05,187,31,26,"{""sim_day"": 31.0, ""doy"": 187.0, ""topwt"": 181.04497909545896, ""grnwt"": 0.0, ""xlai"": 0.3727941215038299, ""totir"": 0.0, ""tofer"": NaN, ""swfac"": 0.0, ""nstres"": 0.0}",0.0,0.0,181.04497909545896,0.0,0.3727941215038299,0.0,,0.0,0.0,0.0,0.0,26.111203002929688,26.111203002929688,Leave_One_experiments/all_year_offline_schedule_search/daily_outputs/FQA/FQA_2020_FQA2020_stress_grid_S0001_daily.csv
FQA,FQA,Fengqiu,2020,Leave_One_experiments\wth_generated_qc\FQA\FQA2020.WTH,normal_year;water_stress_year;nitrogen_stress_year,water_stress,FQA2020_stress_grid_S0001,low_input_within_10pct_yield,2020-07-06,188,32,27,"{""sim_day"": 32.0, ""doy"": 188.0, ""topwt"": 210.14074325561523, ""grnwt"": 0.0, ""xlai"": 0.4233438372611999, ""totir"": 0.0, ""tofer"": NaN, ""swfac"": 0.0, ""nstres"": 0.0}",0.0,0.0,210.14074325561523,0.0,0.4233438372611999,0.0,,0.0,0.0,0.0,0.0,26.111203002929688,26.111203002929688,Leave_One_experiments/all_year_offline_schedule_search/daily_outputs/FQA/FQA_2020_FQA2020_stress_grid_S0001_daily.csv
FQA,FQA,Fengqiu,2020,Leave_One_experiments\wth_generated_qc\FQA\FQA2020.WTH,normal_year;water_stress_year;nitrogen_stress_year,water_stress,FQA2020_stress_grid_S0001,low_input_within_10pct_yield,2020-07-07,189,33,28,"{""sim_day"": 33.0, ""doy"": 189.0, ""topwt"": 242.6447296142578, ""grnwt"": 0.0, ""xlai"": 0.4771271347999573, ""totir"": 0.0, ""tofer"": NaN, ""swfac"": 0.0, ""nstres"": 0.0}",0.0,0.0,242.6447296142578,0.0,0.4771271347999573,0.0,,0.0,0.0,0.0,0.0,26.111203002929688,26.111203002929688,Leave_One_experiments/all_year_offline_schedule_search/daily_outputs/FQA/FQA_2020_FQA2020_stress_grid_S0001_daily.csv
FQA,FQA,Fengqiu,2020,Leave_One_experiments\wth_generated_qc\FQA\FQA2020.WTH,normal_year;water_stress_year;nitrogen_stress_year,water_stress,FQA2020_stress_grid_S0001,low_input_within_10pct_yield,2020-07-08,190,34,29,"{""sim_day"": 34.0, ""doy"": 190.0, ""topwt"": 275.60190200805664, ""grnwt"": 0.0, ""xlai"": 0.529186487197876, ""totir"": 0.0, ""tofer"": NaN, ""swfac"": 0.0, ""nstres"": 0.0}",0.0,0.0,275.60190200805664,0.0,0.529186487197876,0.0,,0.0,0.0,0.0,0.0,26.111203002929688,26.111203002929688,Leave_One_experiments/all_year_offline_schedule_search/daily_outputs/FQA/FQA_2020_FQA2020_stress_grid_S0001_daily.csv
FQA,FQA,Fengqiu,2020,Leave_One_experiments\wth_generated_qc\FQA\FQA2020.WTH,normal_year;water_stress_year;nitrogen_stress_year,water_stress,FQA2020_stress_grid_S0001,low_input_within_10pct_yield,2020-07-09,191,35,30,"{""sim_day"": 35.0, ""doy"": 191.0, ""topwt"": 309.9482536315918, ""grnwt"": 0.0, ""xlai"": 0.5811057686805725, ""totir"": 0.0, ""tofer"": NaN, ""swfac"": 0.0, ""nstres"": 0.0}",0.0,0.0,309.9482536315918,0.0,0.5811057686805725,0.0,,0.0,0.0,0.0,0.0,26.111203002929688,26.111203002929688,Leave_One_experiments/all_year_offline_schedule_search/daily_outputs/FQA/FQA_2020_FQA2020_stress_grid_S0001_daily.csv
FQA,FQA,Fengqiu,2020,Leave_One_experiments\wth_generated_qc\FQA\FQA2020.WTH,normal_year;water_stress_year;nitrogen_stress_year,water_stress,FQA2020_stress_grid_S0001,low_input_within_10pct_yield,2020-07-10,192,36,31,"{""sim_day"": 36.0, ""doy"": 192.0, ""topwt"": 344.82765197753906, ""grnwt"": 0.0, ""xlai"": 0.6316863894462585, ""totir"": 0.0, ""tofer"": NaN, ""swfac"": 0.0, ""nstres"": 0.0}",0.0,0.0,344.82765197753906,0.0,0.6316863894462585,0.0,,0.0,0.0,0.0,0.0,26.111203002929688,26.111203002929688,Leave_One_experiments/all_year_offline_schedule_search/daily_outputs/FQA/FQA_2020_FQA2020_stress_grid_S0001_daily.csv
FQA,FQA,Fengqiu,2020,Leave_One_experiments\wth_generated_qc\FQA\FQA2020.WTH,normal_year;water_stress_year;nitrogen_stress_year,water_stress,FQA2020_stress_grid_S0001,low_input_within_10pct_yield,2020-07-11,193,37,32,"{""sim_day"": 37.0, ""doy"": 193.0, ""topwt"": 373.4237289428711, ""grnwt"": 0.0, ""xlai"": 0.671774685382843, ""totir"": 0.0, ""tofer"": NaN, ""swfac"": 0.0, ""nstres"": 0.0}",0.0,0.0,373.4237289428711,0.0,0.671774685382843,0.0,,0.0,0.0,0.0,0.0,26.111203002929688,26.111203002929688,Leave_One_experiments/all_year_offline_schedule_search/daily_outputs/FQA/FQA_2020_FQA2020_stress_grid_S0001_daily.csv
FQA,FQA,Fengqiu,2020,Leave_One_experiments\wth_generated_qc\FQA\FQA2020.WTH,normal_year;water_stress_year;nitrogen_stress_year,water_stress,FQA2020_stress_grid_S0001,low_input_within_10pct_yield,2020-07-12,194,38,33,"{""sim_day"": 38.0, ""doy"": 194.0, ""topwt"": 413.5446166992188, ""grnwt"": 0.0, ""xlai"": 0.725890576839447, ""totir"": 0.0, ""tofer"": NaN, ""swfac"": 0.0, ""nstres"": 0.0}",0.0,0.0,413.5446166992188,0.0,0.725890576839447,0.0,,0.0,0.0,0.0,0.0,26.111203002929688,26.111203002929688,Leave_One_experiments/all_year_offline_schedule_search/daily_outputs/FQA/FQA_2020_FQA2020_stress_grid_S0001_daily.csv
FQA,FQA,Fengqiu,2020,Leave_One_experiments\wth_generated_qc\FQA\FQA2020.WTH,normal_year;water_stress_year;nitrogen_stress_year,water_stress,FQA2020_stress_grid_S0001,low_input_within_10pct_yield,2020-07-13,195,39,34,"{""sim_day"": 39.0, ""doy"": 195.0, ""topwt"": 455.5268478393554, ""grnwt"": 0.0, ""xlai"": 0.7802858948707581, ""totir"": 0.0, ""tofer"": NaN, ""swfac"": 0.0, ""nstres"": 0.0}",0.0,0.0,455.5268478393554,0.0,0.7802858948707581,0.0,,0.0,0.0,0.0,0.0,26.111203002929688,26.111203002929688,Leave_One_experiments/all_year_offline_schedule_search/daily_outputs/FQA/FQA_2020_FQA2020_stress_grid_S0001_daily.csv
FQA,FQA,Fengqiu,2020,Leave_One_experiments\wth_generated_qc\FQA\FQA2020.WTH,normal_year;water_stress_year;nitrogen_stress_year,water_stress,FQA2020_stress_grid_S0001,low_input_within_10pct_yield,2020-07-14,196,40,35,"{""sim_day"": 40.0, ""doy"": 196.0, ""topwt"": 504.6131896972656, ""grnwt"": 0.0, ""xlai"": 0.8395472168922424, ""totir"": 0.0, ""tofer"": NaN, ""swfac"": 0.0, ""nstres"": 0.015604019165039}",0.0,0.015604019165039,504.6131896972656,0.0,0.8395472168922424,0.0,,0.0,0.0,0.0,0.0,26.111203002929688,26.111203002929688,Leave_One_experiments/all_year_offline_schedule_search/daily_outputs/FQA/FQA_2020_FQA2020_stress_grid_S0001_daily.csv
FQA,FQA,Fengqiu,2020,Leave_One_experiments\wth_generated_qc\FQA\FQA2020.WTH,normal_year;water_stress_year;nitrogen_stress_year,water_stress,FQA2020_stress_grid_S0001,low_input_within_10pct_yield,2020-07-15,197,41,36,"{""sim_day"": 41.0, ""doy"": 197.0, ""topwt"": 557.1942138671875, ""grnwt"": 0.0, ""xlai"": 0.896575391292572, ""totir"": 0.0, ""tofer"": NaN, ""swfac"": 0.0, ""nstres"": 0.0468651056289672}",0.0,0.0468651056289672,557.1942138671875,0.0,0.896575391292572,0.0,,0.0,0.0,0.0,0.0,26.111203002929688,26.111203002929688,Leave_One_experiments/all_year_offline_schedule_search/daily_outputs/FQA/FQA_2020_FQA2020_stress_grid_S0001_daily.csv
FQA,FQA,Fengqiu,2020,Leave_One_experiments\wth_generated_qc\FQA\FQA2020.WTH,normal_year;water_stress_year;nitrogen_stress_year,water_stress,FQA2020_stress_grid_S0001,low_input_within_10pct_yield,2020-07-16,198,42,37,"{""sim_day"": 42.0, ""doy"": 198.0, ""topwt"": 600.4573440551758, ""grnwt"": 0.0, ""xlai"": 0.936500370502472, ""totir"": 0.0, ""tofer"": NaN, ""swfac"": 0.0, ""nstres"": 0.0791149139404296}",0.0,0.0791149139404296,600.4573440551758,0.0,0.936500370502472,0.0,,0.0,0.0,0.0,0.0,26.111203002929688,26.111203002929688,Leave_One_experiments/all_year_offline_schedule_search/daily_outputs/FQA/FQA_2020_FQA2020_stress_grid_S0001_daily.csv
FQA,FQA,Fengqiu,2020,Leave_One_experiments\wth_generated_qc\FQA\FQA2020.WTH,normal_year;water_stress_year;nitrogen_stress_year,water_stress,FQA2020_stress_grid_S0001,low_input_within_10pct_yield,2020-07-17,199,43,38,"{""sim_day"": 43.0, ""doy"": 199.0, ""topwt"": 646.9917297363281, ""grnwt"": 0.0, ""xlai"": 0.9745904803276062, ""totir"": 0.0, ""tofer"": NaN, ""swfac"": 0.0, ""nstres"": 0.104194164276123}",0.0,0.104194164276123,646.9917297363281,0.0,0.9745904803276062,0.0,,0.0,0.0,0.0,0.0,26.111203002929688,26.111203002929688,Leave_One_experiments/all_year_offline_schedule_search/daily_outputs/FQA/FQA_2020_FQA2020_stress_grid_S0001_daily.csv
FQA,FQA,Fengqiu,2020,Leave_One_experiments\wth_generated_qc\FQA\FQA2020.WTH,normal_year;water_stress_year;nitrogen_stress_year,water_stress,FQA2020_stress_grid_S0001,low_input_within_10pct_yield,2020-07-18,200,44,39,"{""sim_day"": 44.0, ""doy"": 200.0, ""topwt"": 695.4355621337891, ""grnwt"": 0.0, ""xlai"": 1.0102945566177368, ""totir"": 0.0, ""tofer"": NaN, ""swfac"": 0.0, ""nstres"": 0.1190013885498046}",0.0,0.1190013885498046,695.4355621337891,0.0,1.0102945566177368,0.0,,0.0,0.0,0.0,0.0,26.111203002929688,26.111203002929688,Leave_One_experiments/all_year_offline_schedule_search/daily_outputs/FQA/FQA_2020_FQA2020_stress_grid_S0001_daily.csv
FQA,FQA,Fengqiu,2020,Leave_One_experiments\wth_generated_qc\FQA\FQA2020.WTH,normal_year;water_stress_year;nitrogen_stress_year,water_stress,FQA2020_stress_grid_S0001,low_input_within_10pct_yield,2020-07-19,201,45,40,"{""sim_day"": 45.0, ""doy"": 201.0, ""topwt"": 751.7902374267578, ""grnwt"": 0.0, ""xlai"": 1.0493446588516235, ""totir"": 0.0, ""tofer"": NaN, ""swfac"": 0.0, ""nstres"": 0.1325917243957519}",0.0,0.1325917243957519,751.7902374267578,0.0,1.0493446588516235,0.0,,0.0,0.0,0.0,0.0,26.111203002929688,26.111203002929688,Leave_One_experiments/all_year_offline_schedule_search/daily_outputs/FQA/FQA_2020_FQA2020_stress_grid_S0001_daily.csv
FQA,FQA,Fengqiu,2020,Leave_One_experiments\wth_generated_qc\FQA\FQA2020.WTH,normal_year;water_stress_year;nitrogen_stress_year,water_stress,FQA2020_stress_grid_S0001,low_input_within_10pct_yield,2020-07-20,202,46,41,"{""sim_day"": 46.0, ""doy"": 202.0, ""topwt"": 810.4833221435547, ""grnwt"": 0.0, ""xlai"": 1.0855152606964111, ""totir"": 0.0, ""tofer"": NaN, ""swfac"": 0.0, ""nstres"": 0.1470345258712768}",0.0,0.1470345258712768,810.4833221435547,0.0,1.0855152606964111,0.0,,0.0,0.0,0.0,0.0,26.111203002929688,26.111203002929688,Leave_One_experiments/all_year_offline_schedule_search/daily_outputs/FQA/FQA_2020_FQA2020_stress_grid_S0001_daily.csv
FQA,FQA,Fengqiu,2020,Leave_One_experiments\wth_generated_qc\FQA\FQA2020.WTH,normal_year;water_stress_year;nitrogen_stress_year,water_stress,FQA2020_stress_grid_S0001,low_input_within_10pct_yield,2020-07-21,203,47,42,"{""sim_day"": 47.0, ""doy"": 203.0, ""topwt"": 852.3882293701172, ""grnwt"": 0.0, ""xlai"": 1.1014710664749146, ""totir"": 0.0, ""tofer"": NaN, ""swfac"": 0.0, ""nstres"": 0.1630945205688476}",0.0,0.1630945205688476,852.3882293701172,0.0,1.1014710664749146,0.0,,0.0,0.0,0.0,0.0,26.111203002929688,26.111203002929688,Leave_One_experiments/all_year_offline_schedule_search/daily_outputs/FQA/FQA_2020_FQA2020_stress_grid_S0001_daily.csv
FQA,FQA,Fengqiu,2020,Leave_One_experiments\wth_generated_qc\FQA\FQA2020.WTH,normal_year;water_stress_year;nitrogen_stress_year,water_stress,FQA2020_stress_grid_S0001,low_input_within_10pct_yield,2020-07-22,204,48,43,"{""sim_day"": 48.0, ""doy"": 204.0, ""topwt"": 907.1296691894532, ""grnwt"": 0.0, ""xlai"": 1.1251211166381836, ""totir"": 0.0, ""tofer"": NaN, ""swfac"": 0.0, ""nstres"": 0.1753756999969482}",0.0,0.1753756999969482,907.1296691894532,0.0,1.1251211166381836,0.0,,0.0,0.0,0.0,0.0,26.111203002929688,26.111203002929688,Leave_One_experiments/all_year_offline_schedule_search/daily_outputs/FQA/FQA_2020_FQA2020_stress_grid_S0001_daily.csv
FQA,FQA,Fengqiu,2020,Leave_One_experiments\wth_generated_qc\FQA\FQA2020.WTH,normal_year;water_stress_year;nitrogen_stress_year,water_stress,FQA2020_stress_grid_S0001,low_input_within_10pct_yield,2020-07-23,205,49,44,"{""sim_day"": 49.0, ""doy"": 205.0, ""topwt"": 971.1827850341796, ""grnwt"": 0.0, ""xlai"": 1.1532626152038574, ""totir"": 0.0, ""tofer"": NaN, ""swfac"": 0.0, ""nstres"": 0.1804316639900207}",0.0,0.1804316639900207,971.1827850341796,0.0,1.1532626152038574,0.0,,0.0,0.0,0.0,0.0,26.111203002929688,26.111203002929688,Leave_One_experiments/all_year_offline_schedule_search/daily_outputs/FQA/FQA_2020_FQA2020_stress_grid_S0001_daily.csv
FQA,FQA,Fengqiu,2020,Leave_One_experiments\wth_generated_qc\FQA\FQA2020.WTH,normal_year;water_stress_year;nitrogen_stress_year,water_stress,FQA2020_stress_grid_S0001,low_input_within_10pct_yield,2020-07-24,206,50,45,"{""sim_day"": 50.0, ""doy"": 206.0, ""topwt"": 1096.46240234375, ""grnwt"": 0.0, ""xlai"": 1.1689146757125854, ""totir"": 0.0, ""tofer"": NaN, ""swfac"": 0.0, ""nstres"": 0.1894226670265197}",0.0,0.1894226670265197,1096.46240234375,0.0,1.1689146757125854,0.0,,0.0,0.0,0.0,0.0,26.111203002929688,26.111203002929688,Leave_One_experiments/all_year_offline_schedule_search/daily_outputs/FQA/FQA_2020_FQA2020_stress_grid_S0001_daily.csv
FQA,FQA,Fengqiu,2020,Leave_One_experiments\wth_generated_qc\FQA\FQA2020.WTH,normal_year;water_stress_year;nitrogen_stress_year,water_stress,FQA2020_stress_grid_S0001,low_input_within_10pct_yield,2020-07-25,207,51,46,"{""sim_day"": 51.0, ""doy"": 207.0, ""topwt"": 1152.08984375, ""grnwt"": 0.0, ""xlai"": 1.157913088798523, ""totir"": 0.0, ""tofer"": NaN, ""swfac"": 0.0, ""nstres"": 0.1994386315345764}",0.0,0.1994386315345764,1152.08984375,0.0,1.157913088798523,0.0,,0.0,0.0,0.0,0.0,26.111203002929688,26.111203002929688,Leave_One_experiments/all_year_offline_schedule_search/daily_outputs/FQA/FQA_2020_FQA2020_stress_grid_S0001_daily.csv
FQA,FQA,Fengqiu,2020,Leave_One_experiments\wth_generated_qc\FQA\FQA2020.WTH,normal_year;water_stress_year;nitrogen_stress_year,water_stress,FQA2020_stress_grid_S0001,low_input_within_10pct_yield,2020-07-26,208,52,47,"{""sim_day"": 52.0, ""doy"": 208.0, ""topwt"": 1242.0657348632812, ""grnwt"": 0.0, ""xlai"": 1.153623342514038, ""totir"": 0.0, ""tofer"": NaN, ""swfac"": 0.0, ""nstres"": 0.2741956710815429}",0.0,0.2741956710815429,1242.0657348632812,0.0,1.153623342514038,0.0,,0.0,0.0,0.0,0.0,26.111203002929688,26.111203002929688,Leave_One_experiments/all_year_offline_schedule_search/daily_outputs/FQA/FQA_2020_FQA2020_stress_grid_S0001_daily.csv
FQA,FQA,Fengqiu,2020,Leave_One_experiments\wth_generated_qc\FQA\FQA2020.WTH,normal_year;water_stress_year;nitrogen_stress_year,water_stress,FQA2020_stress_grid_S0001,low_input_within_10pct_yield,2020-07-27,209,53,48,"{""sim_day"": 53.0, ""doy"": 209.0, ""topwt"": 1338.9176940917969, ""grnwt"": 0.0, ""xlai"": 1.1498897075653076, ""totir"": 0.0, ""tofer"": NaN, ""swfac"": 0.0, ""nstres"": 0.2853378057479858}",0.0,0.2853378057479858,1338.9176940917969,0.0,1.1498897075653076,0.0,,0.0,0.0,0.0,0.0,26.111203002929688,26.111203002929688,Leave_One_experiments/all_year_offline_schedule_search/daily_outputs/FQA/FQA_2020_FQA2020_stress_grid_S0001_daily.csv
FQA,FQA,Fengqiu,2020,Leave_One_experiments\wth_generated_qc\FQA\FQA2020.WTH,normal_year;water_stress_year;nitrogen_stress_year,water_stress,FQA2020_stress_grid_S0001,low_input_within_10pct_yield,2020-07-28,210,54,49,"{""sim_day"": 54.0, ""doy"": 210.0, ""topwt"": 1435.0201416015625, ""grnwt"": 0.0, ""xlai"": 1.1434237957000732, ""totir"": 0.0, ""tofer"": NaN, ""swfac"": 0.0, ""nstres"": 0.3160545229911804}",0.0,0.3160545229911804,1435.0201416015625,0.0,1.1434237957000732,0.0,,0.0,0.0,0.0,0.0,26.111203002929688,26.111203002929688,Leave_One_experiments/all_year_offline_schedule_search/daily_outputs/FQA/FQA_2020_FQA2020_stress_grid_S0001_daily.csv
FQA,FQA,Fengqiu,2020,Leave_One_experiments\wth_generated_qc\FQA\FQA2020.WTH,normal_year;water_stress_year;nitrogen_stress_year,water_stress,FQA2020_stress_grid_S0001,low_input_within_10pct_yield,2020-07-29,211,55,50,"{""sim_day"": 55.0, ""doy"": 211.0, ""topwt"": 1529.21630859375, ""grnwt"": 0.0, ""xlai"": 1.1342713832855225, ""totir"": 0.0, ""tofer"": NaN, ""swfac"": 0.0, ""nstres"": 0.3431949019432068}",0.0,0.3431949019432068,1529.21630859375,0.0,1.1342713832855225,0.0,,0.0,0.0,0.0,0.0,26.111203002929688,26.111203002929688,Leave_One_experiments/all_year_offline_schedule_search/daily_outputs/FQA/FQA_2020_FQA2020_stress_grid_S0001_daily.csv
FQA,FQA,Fengqiu,2020,Leave_One_experiments\wth_generated_qc\FQA\FQA2020.WTH,normal_year;water_stress_year;nitrogen_stress_year,water_stress,FQA2020_stress_grid_S0001,low_input_within_10pct_yield,2020-07-30,212,56,51,"{""sim_day"": 56.0, ""doy"": 212.0, ""topwt"": 1615.7150268554688, ""grnwt"": 0.0, ""xlai"": 1.1213407516479492, ""totir"": 0.0, ""tofer"": NaN, ""swfac"": 0.0, ""nstres"": 0.3660218715667724}",0.0,0.3660218715667724,1615.7150268554688,0.0,1.1213407516479492,0.0,,0.0,0.0,0.0,0.0,26.111203002929688,26.111203002929688,Leave_One_experiments/all_year_offline_schedule_search/daily_outputs/FQA/FQA_2020_FQA2020_stress_grid_S0001_daily.csv
FQA,FQA,Fengqiu,2020,Leave_One_experiments\wth_generated_qc\FQA\FQA2020.WTH,normal_year;water_stress_year;nitrogen_stress_year,water_stress,FQA2020_stress_grid_S0001,low_input_within_10pct_yield,2020-07-31,213,57,52,"{""sim_day"": 57.0, ""doy"": 213.0, ""topwt"": 1706.673583984375, ""grnwt"": 0.0, ""xlai"": 1.1084535121917725, ""totir"": 0.0, ""tofer"": NaN, ""swfac"": 0.0, ""nstres"": 0.3818534612655639}",0.0,0.3818534612655639,1706.673583984375,0.0,1.1084535121917725,0.0,,0.0,0.0,0.0,0.0,26.111203002929688,26.111203002929688,Leave_One_experiments/all_year_offline_schedule_search/daily_outputs/FQA/FQA_2020_FQA2020_stress_grid_S0001_daily.csv
FQA,FQA,Fengqiu,2020,Leave_One_experiments\wth_generated_qc\FQA\FQA2020.WTH,normal_year;water_stress_year;nitrogen_stress_year,water_stress,FQA2020_stress_grid_S0001,low_input_within_10pct_yield,2020-08-01,214,58,53,"{""sim_day"": 58.0, ""doy"": 214.0, ""topwt"": 1799.1006469726562, ""grnwt"": 0.0, ""xlai"": 1.0960010290145874, ""totir"": 0.0, ""tofer"": NaN, ""swfac"": 0.0, ""nstres"": 0.3892149329185486}",0.0,0.3892149329185486,1799.1006469726562,0.0,1.0960010290145874,0.0,,0.0,0.0,0.0,0.0,26.111203002929688,26.111203002929688,Leave_One_experiments/all_year_offline_schedule_search/daily_outputs/FQA/FQA_2020_FQA2020_stress_grid_S0001_daily.csv
FQA,FQA,Fengqiu,2020,Leave_One_experiments\wth_generated_qc\FQA\FQA2020.WTH,normal_year;water_stress_year;nitrogen_stress_year,water_stress,FQA2020_stress_grid_S0001,low_input_within_10pct_yield,2020-08-02,215,59,54,"{""sim_day"": 59.0, ""doy"": 215.0, ""topwt"": 1889.9107360839844, ""grnwt"": 0.0, ""xlai"": 1.0832287073135376, ""totir"": 0.0, ""tofer"": NaN, ""swfac"": 0.0, ""nstres"": 0.3952977061271667}",0.0,0.3952977061271667,1889.9107360839844,0.0,1.0832287073135376,0.0,,0.0,0.0,0.0,0.0,26.111203002929688,26.111203002929688,Leave_One_experiments/all_year_offline_schedule_search/daily_outputs/FQA/FQA_2020_FQA2020_stress_grid_S0001_daily.csv
FQA,FQA,Fengqiu,2020,Leave_One_experiments\wth_generated_qc\FQA\FQA2020.WTH,normal_year;water_stress_year;nitrogen_stress_year,water_stress,FQA2020_stress_grid_S0001,low_input_within_10pct_yield,2020-08-03,216,60,55,"{""sim_day"": 60.0, ""doy"": 216.0, ""topwt"": 1961.029357910156, ""grnwt"": 0.0, ""xlai"": 1.0651813745498655, ""totir"": 0.0, ""tofer"": NaN, ""swfac"": 0.0, ""nstres"": 0.4067654013633728}",0.0,0.4067654013633728,1961.029357910156,0.0,1.0651813745498655,0.0,,0.0,0.0,0.0,0.0,26.111203002929688,26.111203002929688,Leave_One_experiments/all_year_offline_schedule_search/daily_outputs/FQA/FQA_2020_FQA2020_stress_grid_S0001_daily.csv
FQA,FQA,Fengqiu,2020,Leave_One_experiments\wth_generated_qc\FQA\FQA2020.WTH,normal_year;water_stress_year;nitrogen_stress_year,water_stress,FQA2020_stress_grid_S0001,low_input_within_10pct_yield,2020-08-04,217,61,56,"{""sim_day"": 61.0, ""doy"": 217.0, ""topwt"": 2009.5065307617188, ""grnwt"": 0.0, ""xlai"": 1.0417163372039795, ""totir"": 0.0, ""tofer"": NaN, ""swfac"": 0.0, ""nstres"": 0.4087777733802795}",0.0,0.4087777733802795,2009.5065307617188,0.0,1.0417163372039795,0.0,,0.0,0.0,0.0,0.0,26.111203002929688,26.111203002929688,Leave_One_experiments/all_year_offline_schedule_search/daily_outputs/FQA/FQA_2020_FQA2020_stress_grid_S0001_daily.csv
FQA,FQA,Fengqiu,2020,Leave_One_experiments\wth_generated_qc\FQA\FQA2020.WTH,normal_year;water_stress_year;nitrogen_stress_year,water_stress,FQA2020_stress_grid_S0001,low_input_within_10pct_yield,2020-08-05,218,62,57,"{""sim_day"": 62.0, ""doy"": 218.0, ""topwt"": 2033.4599304199216, ""grnwt"": 0.0, ""xlai"": 1.012545824050903, ""totir"": 0.0, ""tofer"": NaN, ""swfac"": 0.0, ""nstres"": 0.4104557037353515}",0.0,0.4104557037353515,2033.4599304199216,0.0,1.012545824050903,0.0,,0.0,0.0,0.0,0.0,26.111203002929688,26.111203002929688,Leave_One_experiments/all_year_offline_schedule_search/daily_outputs/FQA/FQA_2020_FQA2020_stress_grid_S0001_daily.csv
FQA,FQA,Fengqiu,2020,Leave_One_experiments\wth_generated_qc\FQA\FQA2020.WTH,normal_year;water_stress_year;nitrogen_stress_year,water_stress,FQA2020_stress_grid_S0001,low_input_within_10pct_yield,2020-08-06,219,63,58,"{""sim_day"": 63.0, ""doy"": 219.0, ""topwt"": 2055.9765625, ""grnwt"": 0.0, ""xlai"": 0.984167456626892, ""totir"": 0.0, ""tofer"": NaN, ""swfac"": 0.0, ""nstres"": 0.4060958623886108}",0.0,0.4060958623886108,2055.9765625,0.0,0.984167456626892,0.0,,0.0,0.0,0.0,0.0,26.111203002929688,26.111203002929688,Leave_One_experiments/all_year_offline_schedule_search/daily_outputs/FQA/FQA_2020_FQA2020_stress_grid_S0001_daily.csv
FQA,FQA,Fengqiu,2020,Leave_One_experiments\wth_generated_qc\FQA\FQA2020.WTH,normal_year;water_stress_year;nitrogen_stress_year,water_stress,FQA2020_stress_grid_S0001,low_input_within_10pct_yield,2020-08-07,220,64,59,"{""sim_day"": 64.0, ""doy"": 220.0, ""topwt"": 2133.870391845703, ""grnwt"": 0.0, ""xlai"": 0.9716079831123352, ""totir"": 0.0, ""tofer"": NaN, ""swfac"": 0.0, ""nstres"": 0.3967475295066833}",0.0,0.3967475295066833,2133.870391845703,0.0,0.9716079831123352,0.0,,0.0,0.0,0.0,0.0,26.111203002929688,26.111203002929688,Leave_One_experiments/all_year_offline_schedule_search/daily_outputs/FQA/FQA_2020_FQA2020_stress_grid_S0001_daily.csv
FQA,FQA,Fengqiu,2020,Leave_One_experiments\wth_generated_qc\FQA\FQA2020.WTH,normal_year;water_stress_year;nitrogen_stress_year,water_stress,FQA2020_stress_grid_S0001,low_input_within_10pct_yield,2020-08-08,221,65,60,"{""sim_day"": 65.0, ""doy"": 221.0, ""topwt"": 2223.708038330078, ""grnwt"": 0.0, ""xlai"": 0.9629982113838196, ""totir"": 0.0, ""tofer"": NaN, ""swfac"": 0.0, ""nstres"": 0.3863527774810791}",0.0,0.3863527774810791,2223.708038330078,0.0,0.9629982113838196,0.0,,0.0,0.0,0.0,0.0,26.111203002929688,26.111203002929688,Leave_One_experiments/all_year_offline_schedule_search/daily_outputs/FQA/FQA_2020_FQA2020_stress_grid_S0001_daily.csv
FQA,FQA,Fengqiu,2020,Leave_One_experiments\wth_generated_qc\FQA\FQA2020.WTH,normal_year;water_stress_year;nitrogen_stress_year,water_stress,FQA2020_stress_grid_S0001,low_input_within_10pct_yield,2020-08-09,222,66,61,"{""sim_day"": 66.0, ""doy"": 222.0, ""topwt"": 2348.304748535156, ""grnwt"": 0.0, ""xlai"": 0.9317536950111388, ""totir"": 0.0, ""tofer"": NaN, ""swfac"": 0.0, ""nstres"": 0.37868332862854}",0.0,0.37868332862854,2348.304748535156,0.0,0.9317536950111388,0.0,,0.0,0.0,0.0,0.0,26.111203002929688,26.111203002929688,Leave_One_experiments/all_year_offline_schedule_search/daily_outputs/FQA/FQA_2020_FQA2020_stress_grid_S0001_daily.csv
FQA,FQA,Fengqiu,2020,Leave_One_experiments\wth_generated_qc\FQA\FQA2020.WTH,normal_year;water_stress_year;nitrogen_stress_year,water_stress,FQA2020_stress_grid_S0001,low_input_within_10pct_yield,2020-08-10,223,67,62,"{""sim_day"": 67.0, ""doy"": 223.0, ""topwt"": 2442.969207763672, ""grnwt"": 0.0, ""xlai"": 0.9017754793167114, ""totir"": 0.0, ""tofer"": NaN, ""swfac"": 0.0, ""nstres"": 0.372175395488739}",0.0,0.372175395488739,2442.969207763672,0.0,0.9017754793167114,0.0,,0.0,0.0,0.0,0.0,26.111203002929688,26.111203002929688,Leave_One_experiments/all_year_offline_schedule_search/daily_outputs/FQA/FQA_2020_FQA2020_stress_grid_S0001_daily.csv
FQA,FQA,Fengqiu,2020,Leave_One_experiments\wth_generated_qc\FQA\FQA2020.WTH,normal_year;water_stress_year;nitrogen_stress_year,water_stress,FQA2020_stress_grid_S0001,low_input_within_10pct_yield,2020-08-11,224,68,63,"{""sim_day"": 68.0, ""doy"": 224.0, ""topwt"": 2515.7423400878906, ""grnwt"": 0.0, ""xlai"": 0.8725480437278748, ""totir"": 0.0, ""tofer"": NaN, ""swfac"": 0.0, ""nstres"": 0.3778638243675232}",0.0,0.3778638243675232,2515.7423400878906,0.0,0.8725480437278748,0.0,,0.0,0.0,0.0,0.0,26.111203002929688,26.111203002929688,Leave_One_experiments/all_year_offline_schedule_search/daily_outputs/FQA/FQA_2020_FQA2020_stress_grid_S0001_daily.csv
FQA,FQA,Fengqiu,2020,Leave_One_experiments\wth_generated_qc\FQA\FQA2020.WTH,normal_year;water_stress_year;nitrogen_stress_year,water_stress,FQA2020_stress_grid_S0001,low_input_within_10pct_yield,2020-08-12,225,69,64,"{""sim_day"": 69.0, ""doy"": 225.0, ""topwt"": 2584.822998046875, ""grnwt"": 0.0, ""xlai"": 0.8445424437522888, ""totir"": 0.0, ""tofer"": NaN, ""swfac"": 0.0, ""nstres"": 0.3703116178512573}",0.0,0.3703116178512573,2584.822998046875,0.0,0.8445424437522888,0.0,,0.0,0.0,0.0,0.0,26.111203002929688,26.111203002929688,Leave_One_experiments/all_year_offline_schedule_search/daily_outputs/FQA/FQA_2020_FQA2020_stress_grid_S0001_daily.csv
FQA,FQA,Fengqiu,2020,Leave_One_experiments\wth_generated_qc\FQA\FQA2020.WTH,normal_year;water_stress_year;nitrogen_stress_year,water_stress,FQA2020_stress_grid_S0001,low_input_within_10pct_yield,2020-08-13,226,70,65,"{""sim_day"": 70.0, ""doy"": 226.0, ""topwt"": 2657.20458984375, ""grnwt"": 0.0, ""xlai"": 0.8179202079772949, ""totir"": 0.0, ""tofer"": NaN, ""swfac"": 0.0, ""nstres"": 0.3565447330474853}",0.0,0.3565447330474853,2657.20458984375,0.0,0.8179202079772949,0.0,,0.0,0.0,0.0,0.0,26.111203002929688,26.111203002929688,Leave_One_experiments/all_year_offline_schedule_search/daily_outputs/FQA/FQA_2020_FQA2020_stress_grid_S0001_daily.csv
FQA,FQA,Fengqiu,2020,Leave_One_experiments\wth_generated_qc\FQA\FQA2020.WTH,normal_year;water_stress_year;nitrogen_stress_year,water_stress,FQA2020_stress_grid_S0001,low_input_within_10pct_yield,2020-08-14,227,71,66,"{""sim_day"": 71.0, ""doy"": 227.0, ""topwt"": 2717.467041015625, ""grnwt"": 0.0, ""xlai"": 0.7925742864608765, ""totir"": 0.0, ""tofer"": NaN, ""swfac"": 0.0, ""nstres"": 0.3437188863754272}",0.0,0.3437188863754272,2717.467041015625,0.0,0.7925742864608765,0.0,,0.0,0.0,0.0,0.0,26.111203002929688,26.111203002929688,Leave_One_experiments/all_year_offline_schedule_search/daily_outputs/FQA/FQA_2020_FQA2020_stress_grid_S0001_daily.csv
FQA,FQA,Fengqiu,2020,Leave_One_experiments\wth_generated_qc\FQA\FQA2020.WTH,normal_year;water_stress_year;nitrogen_stress_year,water_stress,FQA2020_stress_grid_S0001,low_input_within_10pct_yield,2020-08-15,228,72,67,"{""sim_day"": 72.0, ""doy"": 228.0, ""topwt"": 2794.6160888671875, ""grnwt"": 0.0, ""xlai"": 0.768524169921875, ""totir"": 0.0, ""tofer"": NaN, ""swfac"": 0.0, ""nstres"": 0.328262984752655}",0.0,0.328262984752655,2794.6160888671875,0.0,0.768524169921875,0.0,,0.0,0.0,0.0,0.0,26.111203002929688,26.111203002929688,Leave_One_experiments/all_year_offline_schedule_search/daily_outputs/FQA/FQA_2020_FQA2020_stress_grid_S0001_daily.csv
FQA,FQA,Fengqiu,2020,Leave_One_experiments\wth_generated_qc\FQA\FQA2020.WTH,normal_year;water_stress_year;nitrogen_stress_year,water_stress,FQA2020_stress_grid_S0001,low_input_within_10pct_yield,2020-08-16,229,73,68,"{""sim_day"": 73.0, ""doy"": 229.0, ""topwt"": 2887.2604370117188, ""grnwt"": 0.0, ""xlai"": 0.7457961440086365, ""totir"": 0.0, ""tofer"": NaN, ""swfac"": 0.0, ""nstres"": 0.3097647428512573}",0.0,0.3097647428512573,2887.2604370117188,0.0,0.7457961440086365,0.0,,0.0,0.0,0.0,0.0,26.111203002929688,26.111203002929688,Leave_One_experiments/all_year_offline_schedule_search/daily_outputs/FQA/FQA_2020_FQA2020_stress_grid_S0001_daily.csv
FQA,FQA,Fengqiu,2020,Leave_One_experiments\wth_generated_qc\FQA\FQA2020.WTH,normal_year;water_stress_year;nitrogen_stress_year,water_stress,FQA2020_stress_grid_S0001,low_input_within_10pct_yield,2020-08-17,230,74,69,"{""sim_day"": 74.0, ""doy"": 230.0, ""topwt"": 2992.567443847656, ""grnwt"": 0.0, ""xlai"": 0.7242954969406128, ""totir"": 0.0, ""tofer"": NaN, ""swfac"": 0.0, ""nstres"": 0.2918991446495056}",0.0,0.2918991446495056,2992.567443847656,0.0,0.7242954969406128,0.0,,0.0,0.0,0.0,0.0,26.111203002929688,26.111203002929688,Leave_One_experiments/all_year_offline_schedule_search/daily_outputs/FQA/FQA_2020_FQA2020_stress_grid_S0001_daily.csv
FQA,FQA,Fengqiu,2020,Leave_One_experiments\wth_generated_qc\FQA\FQA2020.WTH,normal_year;water_stress_year;nitrogen_stress_year,water_stress,FQA2020_stress_grid_S0001,low_input_within_10pct_yield,2020-08-18,231,75,70,"{""sim_day"": 75.0, ""doy"": 231.0, ""topwt"": 3052.680053710937, ""grnwt"": 217.026481628418, ""xlai"": 0.7038320302963257, ""totir"": 0.0, ""tofer"": NaN, ""swfac"": 0.0, ""nstres"": 0.2780705690383911}",0.0,0.2780705690383911,3052.680053710937,217.026481628418,0.7038320302963257,0.0,,0.0,0.0,0.0,0.0,26.111203002929688,26.111203002929688,Leave_One_experiments/all_year_offline_schedule_search/daily_outputs/FQA/FQA_2020_FQA2020_stress_grid_S0001_daily.csv
FQA,FQA,Fengqiu,2020,Leave_One_experiments\wth_generated_qc\FQA\FQA2020.WTH,normal_year;water_stress_year;nitrogen_stress_year,water_stress,FQA2020_stress_grid_S0001,low_input_within_10pct_yield,2020-08-19,232,76,71,"{""sim_day"": 76.0, ""doy"": 232.0, ""topwt"": 3070.967102050781, ""grnwt"": 312.8142166137696, ""xlai"": 0.6815916895866394, ""totir"": 0.0, ""tofer"": NaN, ""swfac"": 0.0, ""nstres"": 0.3583749532699585}",0.0,0.3583749532699585,3070.967102050781,312.8142166137696,0.6815916895866394,0.0,,0.0,0.0,0.0,0.0,26.111203002929688,26.111203002929688,Leave_One_experiments/all_year_offline_schedule_search/daily_outputs/FQA/FQA_2020_FQA2020_stress_grid_S0001_daily.csv
FQA,FQA,Fengqiu,2020,Leave_One_experiments\wth_generated_qc\FQA\FQA2020.WTH,normal_year;water_stress_year;nitrogen_stress_year,water_stress,FQA2020_stress_grid_S0001,low_input_within_10pct_yield,2020-08-20,233,77,72,"{""sim_day"": 77.0, ""doy"": 233.0, ""topwt"": 3141.12060546875, ""grnwt"": 408.6019515991211, ""xlai"": 0.6615879535675049, ""totir"": 0.0, ""tofer"": NaN, ""swfac"": 0.0, ""nstres"": 0.3043633103370666}",0.0,0.3043633103370666,3141.12060546875,408.6019515991211,0.6615879535675049,0.0,,0.0,0.0,0.0,0.0,26.111203002929688,26.111203002929688,Leave_One_experiments/all_year_offline_schedule_search/daily_outputs/FQA/FQA_2020_FQA2020_stress_grid_S0001_daily.csv
FQA,FQA,Fengqiu,2020,Leave_One_experiments\wth_generated_qc\FQA\FQA2020.WTH,normal_year;water_stress_year;nitrogen_stress_year,water_stress,FQA2020_stress_grid_S0001,low_input_within_10pct_yield,2020-08-21,234,78,73,"{""sim_day"": 78.0, ""doy"": 234.0, ""topwt"": 3212.0233154296875, ""grnwt"": 504.3896865844727, ""xlai"": 0.6428377032279968, ""totir"": 0.0, ""tofer"": NaN, ""swfac"": 0.0, ""nstres"": 0.2801926136016845}",0.0,0.2801926136016845,3212.0233154296875,504.3896865844727,0.6428377032279968,0.0,,0.0,0.0,0.0,0.0,26.111203002929688,26.111203002929688,Leave_One_experiments/all_year_offline_schedule_search/daily_outputs/FQA/FQA_2020_FQA2020_stress_grid_S0001_daily.csv
FQA,FQA,Fengqiu,2020,Leave_One_experiments\wth_generated_qc\FQA\FQA2020.WTH,normal_year;water_stress_year;nitrogen_stress_year,water_stress,FQA2020_stress_grid_S0001,low_input_within_10pct_yield,2020-08-22,235,79,74,"{""sim_day"": 79.0, ""doy"": 235.0, ""topwt"": 3274.540405273437, ""grnwt"": 600.1774215698242, ""xlai"": 0.6247153282165527, ""totir"": 0.0, ""tofer"": NaN, ""swfac"": 0.0, ""nstres"": 0.2765896916389465}",0.0,0.2765896916389465,3274.540405273437,600.1774215698242,0.6247153282165527,0.0,,0.0,0.0,0.0,0.0,26.111203002929688,26.111203002929688,Leave_One_experiments/all_year_offline_schedule_search/daily_outputs/FQA/FQA_2020_FQA2020_stress_grid_S0001_daily.csv
FQA,FQA,Fengqiu,2020,Leave_One_experiments\wth_generated_qc\FQA\FQA2020.WTH,normal_year;water_stress_year;nitrogen_stress_year,water_stress,FQA2020_stress_grid_S0001,low_input_within_10pct_yield,2020-08-23,236,80,75,"{""sim_day"": 80.0, ""doy"": 236.0, ""topwt"": 3326.566772460937, ""grnwt"": 695.9651184082031, ""xlai"": 0.6071168780326843, ""totir"": 0.0, ""tofer"": NaN, ""swfac"": 0.0, ""nstres"": 0.2760878205299377}",0.0,0.2760878205299377,3326.566772460937,695.9651184082031,0.6071168780326843,0.0,,0.0,0.0,0.0,0.0,26.111203002929688,26.111203002929688,Leave_One_experiments/all_year_offline_schedule_search/daily_outputs/FQA/FQA_2020_FQA2020_stress_grid_S0001_daily.csv
FQA,FQA,Fengqiu,2020,Leave_One_experiments\wth_generated_qc\FQA\FQA2020.WTH,normal_year;water_stress_year;nitrogen_stress_year,water_stress,FQA2020_stress_grid_S0001,low_input_within_10pct_yield,2020-08-24,237,81,76,"{""sim_day"": 81.0, ""doy"": 237.0, ""topwt"": 3398.1884765625, ""grnwt"": 791.7528533935547, ""xlai"": 0.5901010632514954, ""totir"": 0.0, ""tofer"": NaN, ""swfac"": 0.0, ""nstres"": 0.2726524472236633}",0.0,0.2726524472236633,3398.1884765625,791.7528533935547,0.5901010632514954,0.0,,0.0,0.0,0.0,0.0,26.111203002929688,26.111203002929688,Leave_One_experiments/all_year_offline_schedule_search/daily_outputs/FQA/FQA_2020_FQA2020_stress_grid_S0001_daily.csv
FQA,FQA,Fengqiu,2020,Leave_One_experiments\wth_generated_qc\FQA\FQA2020.WTH,normal_year;water_stress_year;nitrogen_stress_year,water_stress,FQA2020_stress_grid_S0001,low_input_within_10pct_yield,2020-08-25,238,82,77,"{""sim_day"": 82.0, ""doy"": 238.0, ""topwt"": 3508.4552001953125, ""grnwt"": 887.5405883789062, ""xlai"": 0.57374107837677, ""totir"": 0.0, ""tofer"": NaN, ""swfac"": 0.0, ""nstres"": 0.2653762698173523}",0.0,0.2653762698173523,3508.4552001953125,887.5405883789062,0.57374107837677,0.0,,0.0,0.0,0.0,0.0,26.111203002929688,26.111203002929688,Leave_One_experiments/all_year_offline_schedule_search/daily_outputs/FQA/FQA_2020_FQA2020_stress_grid_S0001_daily.csv
FQA,FQA,Fengqiu,2020,Leave_One_experiments\wth_generated_qc\FQA\FQA2020.WTH,normal_year;water_stress_year;nitrogen_stress_year,water_stress,FQA2020_stress_grid_S0001,low_input_within_10pct_yield,2020-08-26,239,83,78,"{""sim_day"": 83.0, ""doy"": 239.0, ""topwt"": 3616.733093261719, ""grnwt"": 983.3283233642578, ""xlai"": 0.5578154921531677, ""totir"": 0.0, ""tofer"": NaN, ""swfac"": 0.0, ""nstres"": 0.2661803364753723}",0.0,0.2661803364753723,3616.733093261719,983.3283233642578,0.5578154921531677,0.0,,0.0,0.0,0.0,0.0,26.111203002929688,26.111203002929688,Leave_One_experiments/all_year_offline_schedule_search/daily_outputs/FQA/FQA_2020_FQA2020_stress_grid_S0001_daily.csv
FQA,FQA,Fengqiu,2020,Leave_One_experiments\wth_generated_qc\FQA\FQA2020.WTH,normal_year;water_stress_year;nitrogen_stress_year,water_stress,FQA2020_stress_grid_S0001,low_input_within_10pct_yield,2020-08-27,240,84,79,"{""sim_day"": 84.0, ""doy"": 240.0, ""topwt"": 3722.718505859375, ""grnwt"": 1079.1160583496094, ""xlai"": 0.5419279336929321, ""totir"": 0.0, ""tofer"": NaN, ""swfac"": 0.0, ""nstres"": 0.2835626602172851}",0.0,0.2835626602172851,3722.718505859375,1079.1160583496094,0.5419279336929321,0.0,,0.0,0.0,0.0,0.0,26.111203002929688,26.111203002929688,Leave_One_experiments/all_year_offline_schedule_search/daily_outputs/FQA/FQA_2020_FQA2020_stress_grid_S0001_daily.csv
FQA,FQA,Fengqiu,2020,Leave_One_experiments\wth_generated_qc\FQA\FQA2020.WTH,normal_year;water_stress_year;nitrogen_stress_year,water_stress,FQA2020_stress_grid_S0001,low_input_within_10pct_yield,2020-08-28,241,85,80,"{""sim_day"": 85.0, ""doy"": 241.0, ""topwt"": 3826.458129882813, ""grnwt"": 1174.903793334961, ""xlai"": 0.5261113047599792, ""totir"": 0.0, ""tofer"": NaN, ""swfac"": 0.0, ""nstres"": 0.300458550453186}",0.0,0.300458550453186,3826.458129882813,1174.903793334961,0.5261113047599792,0.0,,0.0,0.0,0.0,0.0,26.111203002929688,26.111203002929688,Leave_One_experiments/all_year_offline_schedule_search/daily_outputs/FQA/FQA_2020_FQA2020_stress_grid_S0001_daily.csv
FQA,FQA,Fengqiu,2020,Leave_One_experiments\wth_generated_qc\FQA\FQA2020.WTH,normal_year;water_stress_year;nitrogen_stress_year,water_stress,FQA2020_stress_grid_S0001,low_input_within_10pct_yield,2020-08-29,242,86,81,"{""sim_day"": 86.0, ""doy"": 242.0, ""topwt"": 3917.982177734375, ""grnwt"": 1270.0928497314453, ""xlai"": 0.5104052424430847, ""totir"": 0.0, ""tofer"": NaN, ""swfac"": 0.0, ""nstres"": 0.3164741396903991}",0.0,0.3164741396903991,3917.982177734375,1270.0928497314453,0.5104052424430847,0.0,,0.0,0.0,0.0,0.0,26.111203002929688,26.111203002929688,Leave_One_experiments/all_year_offline_schedule_search/daily_outputs/FQA/FQA_2020_FQA2020_stress_grid_S0001_daily.csv
FQA,FQA,Fengqiu,2020,Leave_One_experiments\wth_generated_qc\FQA\FQA2020.WTH,normal_year;water_stress_year;nitrogen_stress_year,water_stress,FQA2020_stress_grid_S0001,low_input_within_10pct_yield,2020-08-30,243,87,82,"{""sim_day"": 87.0, ""doy"": 243.0, ""topwt"": 4012.8277587890634, ""grnwt"": 1365.8805847167969, ""xlai"": 0.4948512613773346, ""totir"": 0.0, ""tofer"": NaN, ""swfac"": 0.0, ""nstres"": 0.3313732147216797}",0.0,0.3313732147216797,4012.8277587890634,1365.8805847167969,0.4948512613773346,0.0,,0.0,0.0,0.0,0.0,26.111203002929688,26.111203002929688,Leave_One_experiments/all_year_offline_schedule_search/daily_outputs/FQA/FQA_2020_FQA2020_stress_grid_S0001_daily.csv
FQA,FQA,Fengqiu,2020,Leave_One_experiments\wth_generated_qc\FQA\FQA2020.WTH,normal_year;water_stress_year;nitrogen_stress_year,water_stress,FQA2020_stress_grid_S0001,low_input_within_10pct_yield,2020-08-31,244,88,83,"{""sim_day"": 88.0, ""doy"": 244.0, ""topwt"": 4105.491943359375, ""grnwt"": 1461.6682434082031, ""xlai"": 0.4796275198459625, ""totir"": 0.0, ""tofer"": NaN, ""swfac"": 0.0, ""nstres"": 0.3383441567420959}",0.0,0.3383441567420959,4105.491943359375,1461.6682434082031,0.4796275198459625,0.0,,0.0,0.0,0.0,0.0,26.111203002929688,26.111203002929688,Leave_One_experiments/all_year_offline_schedule_search/daily_outputs/FQA/FQA_2020_FQA2020_stress_grid_S0001_daily.csv
FQA,FQA,Fengqiu,2020,Leave_One_experiments\wth_generated_qc\FQA\FQA2020.WTH,normal_year;water_stress_year;nitrogen_stress_year,water_stress,FQA2020_stress_grid_S0001,low_input_within_10pct_yield,2020-09-01,245,89,84,"{""sim_day"": 89.0, ""doy"": 245.0, ""topwt"": 4197.113037109375, ""grnwt"": 1557.4559020996094, ""xlai"": 0.4646196067333221, ""totir"": 0.0, ""tofer"": NaN, ""swfac"": 0.0, ""nstres"": 0.350976824760437}",0.0,0.350976824760437,4197.113037109375,1557.4559020996094,0.4646196067333221,0.0,,0.0,0.0,0.0,0.0,26.111203002929688,26.111203002929688,Leave_One_experiments/all_year_offline_schedule_search/daily_outputs/FQA/FQA_2020_FQA2020_stress_grid_S0001_daily.csv
FQA,FQA,Fengqiu,2020,Leave_One_experiments\wth_generated_qc\FQA\FQA2020.WTH,normal_year;water_stress_year;nitrogen_stress_year,water_stress,FQA2020_stress_grid_S0001,low_input_within_10pct_yield,2020-09-02,246,90,85,"{""sim_day"": 90.0, ""doy"": 246.0, ""topwt"": 4285.1934814453125, ""grnwt"": 1653.2435607910156, ""xlai"": 0.4498223662376404, ""totir"": 0.0, ""tofer"": NaN, ""swfac"": 0.0, ""nstres"": 0.3643554449081421}",0.0,0.3643554449081421,4285.1934814453125,1653.2435607910156,0.4498223662376404,0.0,,0.0,0.0,0.0,0.0,26.111203002929688,26.111203002929688,Leave_One_experiments/all_year_offline_schedule_search/daily_outputs/FQA/FQA_2020_FQA2020_stress_grid_S0001_daily.csv
FQA,FQA,Fengqiu,2020,Leave_One_experiments\wth_generated_qc\FQA\FQA2020.WTH,normal_year;water_stress_year;nitrogen_stress_year,water_stress,FQA2020_stress_grid_S0001,low_input_within_10pct_yield,2020-09-03,247,91,86,"{""sim_day"": 91.0, ""doy"": 247.0, ""topwt"": 4369.425048828125, ""grnwt"": 1749.031219482422, ""xlai"": 0.4352459013462066, ""totir"": 0.0, ""tofer"": NaN, ""swfac"": 0.0, ""nstres"": 0.3777194023132324}",0.0,0.3777194023132324,4369.425048828125,1749.031219482422,0.4352459013462066,0.0,,0.0,0.0,0.0,0.0,26.111203002929688,26.111203002929688,Leave_One_experiments/all_year_offline_schedule_search/daily_outputs/FQA/FQA_2020_FQA2020_stress_grid_S0001_daily.csv
FQA,FQA,Fengqiu,2020,Leave_One_experiments\wth_generated_qc\FQA\FQA2020.WTH,normal_year;water_stress_year;nitrogen_stress_year,water_stress,FQA2020_stress_grid_S0001,low_input_within_10pct_yield,2020-09-04,248,92,87,"{""sim_day"": 92.0, ""doy"": 248.0, ""topwt"": 4439.7406005859375, ""grnwt"": 1844.818878173828, ""xlai"": 0.420931726694107, ""totir"": 0.0, ""tofer"": NaN, ""swfac"": 0.0, ""nstres"": 0.3892986178398132}",0.0,0.3892986178398132,4439.7406005859375,1844.818878173828,0.420931726694107,0.0,,0.0,0.0,0.0,0.0,26.111203002929688,26.111203002929688,Leave_One_experiments/all_year_offline_schedule_search/daily_outputs/FQA/FQA_2020_FQA2020_stress_grid_S0001_daily.csv
FQA,FQA,Fengqiu,2020,Leave_One_experiments\wth_generated_qc\FQA\FQA2020.WTH,normal_year;water_stress_year;nitrogen_stress_year,water_stress,FQA2020_stress_grid_S0001,low_input_within_10pct_yield,2020-09-05,249,93,88,"{""sim_day"": 93.0, ""doy"": 249.0, ""topwt"": 4508.3404541015625, ""grnwt"": 1940.6065368652344, ""xlai"": 0.4069316387176513, ""totir"": 0.0, ""tofer"": NaN, ""swfac"": 0.0, ""nstres"": 0.3982367515563965}",0.0,0.3982367515563965,4508.3404541015625,1940.6065368652344,0.4069316387176513,0.0,,0.0,0.0,0.0,0.0,26.111203002929688,26.111203002929688,Leave_One_experiments/all_year_offline_schedule_search/daily_outputs/FQA/FQA_2020_FQA2020_stress_grid_S0001_daily.csv
FQA,FQA,Fengqiu,2020,Leave_One_experiments\wth_generated_qc\FQA\FQA2020.WTH,normal_year;water_stress_year;nitrogen_stress_year,water_stress,FQA2020_stress_grid_S0001,low_input_within_10pct_yield,2020-09-06,250,94,89,"{""sim_day"": 94.0, ""doy"": 250.0, ""topwt"": 4577.157897949219, ""grnwt"": 2036.3941955566409, ""xlai"": 0.3933540880680084, ""totir"": 0.0, ""tofer"": NaN, ""swfac"": 0.0, ""nstres"": 0.4007756114006042}",0.0,0.4007756114006042,4577.157897949219,2036.3941955566409,0.3933540880680084,0.0,,0.0,0.0,0.0,0.0,26.111203002929688,26.111203002929688,Leave_One_experiments/all_year_offline_schedule_search/daily_outputs/FQA/FQA_2020_FQA2020_stress_grid_S0001_daily.csv
FQA,FQA,Fengqiu,2020,Leave_One_experiments\wth_generated_qc\FQA\FQA2020.WTH,normal_year;water_stress_year;nitrogen_stress_year,water_stress,FQA2020_stress_grid_S0001,low_input_within_10pct_yield,2020-09-07,251,95,90,"{""sim_day"": 95.0, ""doy"": 251.0, ""topwt"": 4644.975280761719, ""grnwt"": 2132.181854248047, ""xlai"": 0.3802006840705871, ""totir"": 0.0, ""tofer"": NaN, ""swfac"": 0.0, ""nstres"": 0.4025376439094543}",0.0,0.4025376439094543,4644.975280761719,2132.181854248047,0.3802006840705871,0.0,,0.0,0.0,0.0,0.0,26.111203002929688,26.111203002929688,Leave_One_experiments/all_year_offline_schedule_search/daily_outputs/FQA/FQA_2020_FQA2020_stress_grid_S0001_daily.csv
FQA,FQA,Fengqiu,2020,Leave_One_experiments\wth_generated_qc\FQA\FQA2020.WTH,normal_year;water_stress_year;nitrogen_stress_year,water_stress,FQA2020_stress_grid_S0001,low_input_within_10pct_yield,2020-09-08,252,96,91,"{""sim_day"": 96.0, ""doy"": 252.0, ""topwt"": 4690.122985839844, ""grnwt"": 2227.969512939453, ""xlai"": 0.3674868941307068, ""totir"": 0.0, ""tofer"": NaN, ""swfac"": 0.0, ""nstres"": 0.4025484323501587}",0.0,0.4025484323501587,4690.122985839844,2227.969512939453,0.3674868941307068,0.0,,0.0,0.0,0.0,0.0,26.111203002929688,26.111203002929688,Leave_One_experiments/all_year_offline_schedule_search/daily_outputs/FQA/FQA_2020_FQA2020_stress_grid_S0001_daily.csv
FQA,FQA,Fengqiu,2020,Leave_One_experiments\wth_generated_qc\FQA\FQA2020.WTH,normal_year;water_stress_year;nitrogen_stress_year,water_stress,FQA2020_stress_grid_S0001,low_input_within_10pct_yield,2020-09-09,253,97,92,"{""sim_day"": 97.0, ""doy"": 253.0, ""topwt"": 4740.145568847656, ""grnwt"": 2323.7571716308594, ""xlai"": 0.3551955819129944, ""totir"": 0.0, ""tofer"": NaN, ""swfac"": 0.0, ""nstres"": 0.4027284979820251}",0.0,0.4027284979820251,4740.145568847656,2323.7571716308594,0.3551955819129944,0.0,,0.0,0.0,0.0,0.0,26.111203002929688,26.111203002929688,Leave_One_experiments/all_year_offline_schedule_search/daily_outputs/FQA/FQA_2020_FQA2020_stress_grid_S0001_daily.csv
FQA,FQA,Fengqiu,2020,Leave_One_experiments\wth_generated_qc\FQA\FQA2020.WTH,normal_year;water_stress_year;nitrogen_stress_year,water_stress,FQA2020_stress_grid_S0001,low_input_within_10pct_yield,2020-09-10,254,98,93,"{""sim_day"": 98.0, ""doy"": 254.0, ""topwt"": 4801.971435546875, ""grnwt"": 2419.5448303222656, ""xlai"": 0.3437443375587463, ""totir"": 0.0, ""tofer"": NaN, ""swfac"": 0.0, ""nstres"": 0.3737414479255676}",0.0,0.3737414479255676,4801.971435546875,2419.5448303222656,0.3437443375587463,0.0,,0.0,0.0,0.0,0.0,26.111203002929688,26.111203002929688,Leave_One_experiments/all_year_offline_schedule_search/daily_outputs/FQA/FQA_2020_FQA2020_stress_grid_S0001_daily.csv
FQA,FQA,Fengqiu,2020,Leave_One_experiments\wth_generated_qc\FQA\FQA2020.WTH,normal_year;water_stress_year;nitrogen_stress_year,water_stress,FQA2020_stress_grid_S0001,low_input_within_10pct_yield,2020-09-11,255,99,94,"{""sim_day"": 99.0, ""doy"": 255.0, ""topwt"": 4860.128479003906, ""grnwt"": 2515.332489013672, ""xlai"": 0.3327580988407135, ""totir"": 0.0, ""tofer"": NaN, ""swfac"": 0.0, ""nstres"": 0.3670502305030823}",0.0,0.3670502305030823,4860.128479003906,2515.332489013672,0.3327580988407135,0.0,,0.0,0.0,0.0,0.0,26.111203002929688,26.111203002929688,Leave_One_experiments/all_year_offline_schedule_search/daily_outputs/FQA/FQA_2020_FQA2020_stress_grid_S0001_daily.csv
FQA,FQA,Fengqiu,2020,Leave_One_experiments\wth_generated_qc\FQA\FQA2020.WTH,normal_year;water_stress_year;nitrogen_stress_year,water_stress,FQA2020_stress_grid_S0001,low_input_within_10pct_yield,2020-09-12,256,100,95,"{""sim_day"": 100.0, ""doy"": 256.0, ""topwt"": 4904.253234863281, ""grnwt"": 2611.1203002929688, ""xlai"": 0.3220624029636383, ""totir"": 0.0, ""tofer"": NaN, ""swfac"": 0.0, ""nstres"": 0.3714237213134765}",0.0,0.3714237213134765,4904.253234863281,2611.1203002929688,0.3220624029636383,0.0,,0.0,0.0,0.0,0.0,26.111203002929688,26.111203002929688,Leave_One_experiments/all_year_offline_schedule_search/daily_outputs/FQA/FQA_2020_FQA2020_stress_grid_S0001_daily.csv
FQA,FQA,Fengqiu,2020,Leave_One_experiments\wth_generated_qc\FQA\FQA2020.WTH,normal_year;water_stress_year;nitrogen_stress_year,water_stress,FQA2020_stress_grid_S0001,low_input_within_10pct_yield,2020-09-13,257,101,96,"{""sim_day"": 101.0, ""doy"": 257.0, ""topwt"": 4904.253234863281, ""grnwt"": 2611.1203002929688, ""xlai"": 0.3220624029636383, ""totir"": 0.0, ""tofer"": NaN, ""swfac"": 0.0, ""nstres"": 0.3762805461883545}",0.0,0.3762805461883545,4904.253234863281,2611.1203002929688,0.3220624029636383,0.0,,0.0,0.0,0.0,0.0,26.111203002929688,26.111203002929688,Leave_One_experiments/all_year_offline_schedule_search/daily_outputs/FQA/FQA_2020_FQA2020_stress_grid_S0001_daily.csv
FQA,FQA,Fengqiu,2020,Leave_One_experiments\wth_generated_qc\FQA\FQA2020.WTH,normal_year;water_stress_year;nitrogen_stress_year,water_stress,FQA2020_stress_grid_S0001,low_input_within_10pct_yield,2020-09-14,258,102,97,"{""sim_day"": 102.0, ""doy"": 258.0, ""topwt"": 4904.253234863281, ""grnwt"": 2611.1203002929688, ""xlai"": 0.3220624029636383, ""totir"": 0.0, ""tofer"": NaN, ""swfac"": 0.0, ""nstres"": 0.3762805461883545}",0.0,0.3762805461883545,4904.253234863281,2611.1203002929688,0.3220624029636383,0.0,,0.0,0.0,0.0,0.0,26.111203002929688,26.111203002929688,Leave_One_experiments/all_year_offline_schedule_search/daily_outputs/FQA/FQA_2020_FQA2020_stress_grid_S0001_daily.csv
FQA,FQA,Fengqiu,2020,Leave_One_experiments\wth_generated_qc\FQA\FQA2020.WTH,normal_year;water_stress_year;nitrogen_stress_year,water_stress,FQA2020_stress_grid_S0001,low_input_within_10pct_yield,2020-09-15,259,103,98,"{""sim_day"": 103.0, ""doy"": 259.0, ""topwt"": 4904.253234863281, ""grnwt"": 2611.1203002929688, ""xlai"": 0.3220624029636383, ""totir"": 0.0, ""tofer"": NaN, ""swfac"": 0.0, ""nstres"": 0.3762805461883545}",0.0,0.3762805461883545,4904.253234863281,2611.1203002929688,0.3220624029636383,0.0,,0.0,0.0,0.0,0.0,26.111203002929688,26.111203002929688,Leave_One_experiments/all_year_offline_schedule_search/daily_outputs/FQA/FQA_2020_FQA2020_stress_grid_S0001_daily.csv
FQA,FQA,Fengqiu,2020,Leave_One_experiments\wth_generated_qc\FQA\FQA2020.WTH,normal_year;water_stress_year;nitrogen_stress_year,water_stress,FQA2020_stress_grid_S0001,low_input_within_10pct_yield,2020-09-16,260,104,99,"{""sim_day"": 104.0, ""doy"": 260.0, ""topwt"": 4904.253234863281, ""grnwt"": 2611.1203002929688, ""xlai"": 0.3220624029636383, ""totir"": 0.0, ""tofer"": NaN, ""swfac"": 0.0, ""nstres"": 0.3762805461883545}",0.0,0.3762805461883545,4904.253234863281,2611.1203002929688,0.3220624029636383,0.0,,0.0,0.0,0.0,0.0,26.111203002929688,26.111203002929688,Leave_One_experiments/all_year_offline_schedule_search/daily_outputs/FQA/FQA_2020_FQA2020_stress_grid_S0001_daily.csv
FQA,FQA,Fengqiu,2021,Leave_One_experiments\wth_generated_qc\FQA\FQA2021.WTH,wet_year;nitrogen_stress_year;low_response_year,wet,FQA2021_normal_grid_S0013,irrigation_positive_candidate,2021-06-11,162,1,1,"{""sim_day"": 1.0, ""doy"": 162.0, ""topwt"": 0.0, ""grnwt"": 0.0, ""xlai"": 0.0, ""totir"": 0.0, ""tofer"": NaN, ""swfac"": 0.0, ""nstres"": 0.0}",0.0,0.0,0.0,0.0,0.0,0.0,,0.0,50.0,30.0,150.0,14.748510742187506,26.748510742187506,Leave_One_experiments/all_year_offline_schedule_search/daily_outputs/FQA/FQA_2021_FQA2021_normal_grid_S0013_daily.csv
FQA,FQA,Fengqiu,2021,Leave_One_experiments\wth_generated_qc\FQA\FQA2021.WTH,wet_year;nitrogen_stress_year;low_response_year,wet,FQA2021_normal_grid_S0013,irrigation_positive_candidate,2021-06-12,163,2,2,"{""sim_day"": 2.0, ""doy"": 163.0, ""topwt"": 0.0, ""grnwt"": 0.0, ""xlai"": 0.0, ""totir"": 0.0, ""tofer"": NaN, ""swfac"": 0.0, ""nstres"": 0.0}",0.0,0.0,0.0,0.0,0.0,0.0,,0.0,0.0,30.0,150.0,14.748510742187506,26.748510742187506,Leave_One_experiments/all_year_offline_schedule_search/daily_outputs/FQA/FQA_2021_FQA2021_normal_grid_S0013_daily.csv
FQA,FQA,Fengqiu,2021,Leave_One_experiments\wth_generated_qc\FQA\FQA2021.WTH,wet_year;nitrogen_stress_year;low_response_year,wet,FQA2021_normal_grid_S0013,irrigation_positive_candidate,2021-06-13,164,3,3,"{""sim_day"": 3.0, ""doy"": 164.0, ""topwt"": 0.0, ""grnwt"": 0.0, ""xlai"": 0.0, ""totir"": 0.0, ""tofer"": NaN, ""swfac"": 0.0, ""nstres"": 0.0}",0.0,0.0,0.0,0.0,0.0,0.0,,0.0,0.0,30.0,150.0,14.748510742187506,26.748510742187506,Leave_One_experiments/all_year_offline_schedule_search/daily_outputs/FQA/FQA_2021_FQA2021_normal_grid_S0013_daily.csv
FQA,FQA,Fengqiu,2021,Leave_One_experiments\wth_generated_qc\FQA\FQA2021.WTH,wet_year;nitrogen_stress_year;low_response_year,wet,FQA2021_normal_grid_S0013,irrigation_positive_candidate,2021-06-14,165,4,4,"{""sim_day"": 4.0, ""doy"": 165.0, ""topwt"": 0.0, ""grnwt"": 0.0, ""xlai"": 0.0, ""totir"": 0.0, ""tofer"": NaN, ""swfac"": 0.0, ""nstres"": 0.0}",0.0,0.0,0.0,0.0,0.0,0.0,,0.0,0.0,30.0,150.0,14.748510742187506,26.748510742187506,Leave_One_experiments/all_year_offline_schedule_search/daily_outputs/FQA/FQA_2021_FQA2021_normal_grid_S0013_daily.csv
FQA,FQA,Fengqiu,2021,Leave_One_experiments\wth_generated_qc\FQA\FQA2021.WTH,wet_year;nitrogen_stress_year;low_response_year,wet,FQA2021_normal_grid_S0013,irrigation_positive_candidate,2021-06-15,166,5,5,"{""sim_day"": 5.0, ""doy"": 166.0, ""topwt"": 0.0, ""grnwt"": 0.0, ""xlai"": 0.0, ""totir"": 0.0, ""tofer"": NaN, ""swfac"": 0.0, ""nstres"": 0.0}",0.0,0.0,0.0,0.0,0.0,0.0,,0.0,0.0,30.0,150.0,14.748510742187506,26.748510742187506,Leave_One_experiments/all_year_offline_schedule_search/daily_outputs/FQA/FQA_2021_FQA2021_normal_grid_S0013_daily.csv
FQA,FQA,Fengqiu,2021,Leave_One_experiments\wth_generated_qc\FQA\FQA2021.WTH,wet_year;nitrogen_stress_year;low_response_year,wet,FQA2021_normal_grid_S0013,irrigation_positive_candidate,2021-06-11,162,6,1,"{""sim_day"": 6.0, ""doy"": 162.0, ""topwt"": 0.0, ""grnwt"": 0.0, ""xlai"": 0.0, ""totir"": 0.0, ""tofer"": NaN, ""swfac"": 0.0, ""nstres"": 0.0}",0.0,0.0,0.0,0.0,0.0,0.0,,0.0,0.0,30.0,150.0,14.748510742187506,26.748510742187506,Leave_One_experiments/all_year_offline_schedule_search/daily_outputs/FQA/FQA_2021_FQA2021_normal_grid_S0013_daily.csv
FQA,FQA,Fengqiu,2021,Leave_One_experiments\wth_generated_qc\FQA\FQA2021.WTH,wet_year;nitrogen_stress_year;low_response_year,wet,FQA2021_normal_grid_S0013,irrigation_positive_candidate,2021-06-12,163,7,2,"{""sim_day"": 7.0, ""doy"": 163.0, ""topwt"": 0.0, ""grnwt"": 0.0, ""xlai"": 0.0, ""totir"": 0.0, ""tofer"": NaN, ""swfac"": 0.0, ""nstres"": 0.0}",0.0,0.0,0.0,0.0,0.0,0.0,,0.0,0.0,30.0,150.0,14.748510742187506,26.748510742187506,Leave_One_experiments/all_year_offline_schedule_search/daily_outputs/FQA/FQA_2021_FQA2021_normal_grid_S0013_daily.csv
FQA,FQA,Fengqiu,2021,Leave_One_experiments\wth_generated_qc\FQA\FQA2021.WTH,wet_year;nitrogen_stress_year;low_response_year,wet,FQA2021_normal_grid_S0013,irrigation_positive_candidate,2021-06-13,164,8,3,"{""sim_day"": 8.0, ""doy"": 164.0, ""topwt"": 0.0, ""grnwt"": 0.0, ""xlai"": 0.0, ""totir"": 0.0, ""tofer"": NaN, ""swfac"": 0.0, ""nstres"": 0.0}",0.0,0.0,0.0,0.0,0.0,0.0,,0.0,0.0,30.0,150.0,14.748510742187506,26.748510742187506,Leave_One_experiments/all_year_offline_schedule_search/daily_outputs/FQA/FQA_2021_FQA2021_normal_grid_S0013_daily.csv
FQA,FQA,Fengqiu,2021,Leave_One_experiments\wth_generated_qc\FQA\FQA2021.WTH,wet_year;nitrogen_stress_year;low_response_year,wet,FQA2021_normal_grid_S0013,irrigation_positive_candidate,2021-06-14,165,9,4,"{""sim_day"": 9.0, ""doy"": 165.0, ""topwt"": 0.0, ""grnwt"": 0.0, ""xlai"": 0.0, ""totir"": 0.0, ""tofer"": NaN, ""swfac"": 0.0, ""nstres"": 0.0}",0.0,0.0,0.0,0.0,0.0,0.0,,0.0,0.0,30.0,150.0,14.748510742187506,26.748510742187506,Leave_One_experiments/all_year_offline_schedule_search/daily_outputs/FQA/FQA_2021_FQA2021_normal_grid_S0013_daily.csv
FQA,FQA,Fengqiu,2021,Leave_One_experiments\wth_generated_qc\FQA\FQA2021.WTH,wet_year;nitrogen_stress_year;low_response_year,wet,FQA2021_normal_grid_S0013,irrigation_positive_candidate,2021-06-15,166,10,5,"{""sim_day"": 10.0, ""doy"": 166.0, ""topwt"": 32.00000047683716, ""grnwt"": 0.0, ""xlai"": 0.0028055706061422, ""totir"": 0.0, ""tofer"": NaN, ""swfac"": 0.0, ""nstres"": 0.0121910572052001}",0.0,0.0121910572052001,32.00000047683716,0.0,0.0028055706061422,0.0,,0.0,0.0,30.0,150.0,14.748510742187506,26.748510742187506,Leave_One_experiments/all_year_offline_schedule_search/daily_outputs/FQA/FQA_2021_FQA2021_normal_grid_S0013_daily.csv
FQA,FQA,Fengqiu,2021,Leave_One_experiments\wth_generated_qc\FQA\FQA2021.WTH,wet_year;nitrogen_stress_year;low_response_year,wet,FQA2021_normal_grid_S0013,irrigation_positive_candidate,2021-06-16,167,11,6,"{""sim_day"": 11.0, ""doy"": 167.0, ""topwt"": 32.00000047683716, ""grnwt"": 0.0, ""xlai"": 0.0049125892110168, ""totir"": 0.0, ""tofer"": NaN, ""swfac"": 0.0, ""nstres"": 0.007765769958496}",0.0,0.007765769958496,32.00000047683716,0.0,0.0049125892110168,0.0,,0.0,0.0,30.0,150.0,14.748510742187506,26.748510742187506,Leave_One_experiments/all_year_offline_schedule_search/daily_outputs/FQA/FQA_2021_FQA2021_normal_grid_S0013_daily.csv
FQA,FQA,Fengqiu,2021,Leave_One_experiments\wth_generated_qc\FQA\FQA2021.WTH,wet_year;nitrogen_stress_year;low_response_year,wet,FQA2021_normal_grid_S0013,irrigation_positive_candidate,2021-06-17,168,12,7,"{""sim_day"": 12.0, ""doy"": 168.0, ""topwt"": 32.00000047683716, ""grnwt"": 0.0, ""xlai"": 0.0076075526885688, ""totir"": 0.0, ""tofer"": NaN, ""swfac"": 0.0, ""nstres"": 0.0}",0.0,0.0,32.00000047683716,0.0,0.0076075526885688,0.0,,0.0,0.0,30.0,150.0,14.748510742187506,26.748510742187506,Leave_One_experiments/all_year_offline_schedule_search/daily_outputs/FQA/FQA_2021_FQA2021_normal_grid_S0013_daily.csv
FQA,FQA,Fengqiu,2021,Leave_One_experiments\wth_generated_qc\FQA\FQA2021.WTH,wet_year;nitrogen_stress_year;low_response_year,wet,FQA2021_normal_grid_S0013,irrigation_positive_candidate,2021-06-18,169,13,8,"{""sim_day"": 13.0, ""doy"": 169.0, ""topwt"": 32.00000047683716, ""grnwt"": 0.0, ""xlai"": 0.0109028629958629, ""totir"": 0.0, ""tofer"": NaN, ""swfac"": 0.0, ""nstres"": 0.0}",0.0,0.0,32.00000047683716,0.0,0.0109028629958629,0.0,,0.0,0.0,30.0,150.0,14.748510742187506,26.748510742187506,Leave_One_experiments/all_year_offline_schedule_search/daily_outputs/FQA/FQA_2021_FQA2021_normal_grid_S0013_daily.csv
FQA,FQA,Fengqiu,2021,Leave_One_experiments\wth_generated_qc\FQA\FQA2021.WTH,wet_year;nitrogen_stress_year;low_response_year,wet,FQA2021_normal_grid_S0013,irrigation_positive_candidate,2021-06-19,170,14,9,"{""sim_day"": 14.0, ""doy"": 170.0, ""topwt"": 32.00000047683716, ""grnwt"": 0.0, ""xlai"": 0.0148038314655423, ""totir"": 0.0, ""tofer"": NaN, ""swfac"": 0.0, ""nstres"": 0.0}",0.0,0.0,32.00000047683716,0.0,0.0148038314655423,0.0,,0.0,0.0,30.0,150.0,14.748510742187506,26.748510742187506,Leave_One_experiments/all_year_offline_schedule_search/daily_outputs/FQA/FQA_2021_FQA2021_normal_grid_S0013_daily.csv
FQA,FQA,Fengqiu,2021,Leave_One_experiments\wth_generated_qc\FQA\FQA2021.WTH,wet_year;nitrogen_stress_year;low_response_year,wet,FQA2021_normal_grid_S0013,irrigation_positive_candidate,2021-06-20,171,15,10,"{""sim_day"": 15.0, ""doy"": 171.0, ""topwt"": 32.00000047683716, ""grnwt"": 0.0, ""xlai"": 0.0188248269259929, ""totir"": 0.0, ""tofer"": NaN, ""swfac"": 0.0, ""nstres"": 0.0}",0.0,0.0,32.00000047683716,0.0,0.0188248269259929,0.0,,0.0,0.0,30.0,150.0,14.748510742187506,26.748510742187506,Leave_One_experiments/all_year_offline_schedule_search/daily_outputs/FQA/FQA_2021_FQA2021_normal_grid_S0013_daily.csv
FQA,FQA,Fengqiu,2021,Leave_One_experiments\wth_generated_qc\FQA\FQA2021.WTH,wet_year;nitrogen_stress_year;low_response_year,wet,FQA2021_normal_grid_S0013,irrigation_positive_candidate,2021-06-21,172,16,11,"{""sim_day"": 16.0, ""doy"": 172.0, ""topwt"": 32.00000047683716, ""grnwt"": 0.0, ""xlai"": 0.023411126807332, ""totir"": 0.0, ""tofer"": NaN, ""swfac"": 0.0, ""nstres"": 0.0}",0.0,0.0,32.00000047683716,0.0,0.023411126807332,0.0,,0.0,0.0,30.0,150.0,14.748510742187506,26.748510742187506,Leave_One_experiments/all_year_offline_schedule_search/daily_outputs/FQA/FQA_2021_FQA2021_normal_grid_S0013_daily.csv
FQA,FQA,Fengqiu,2021,Leave_One_experiments\wth_generated_qc\FQA\FQA2021.WTH,wet_year;nitrogen_stress_year;low_response_year,wet,FQA2021_normal_grid_S0013,irrigation_positive_candidate,2021-06-22,173,17,12,"{""sim_day"": 17.0, ""doy"": 173.0, ""topwt"": 26.331264972686768, ""grnwt"": 0.0, ""xlai"": 0.0412517599761486, ""totir"": 0.0, ""tofer"": NaN, ""swfac"": 0.0, ""nstres"": 0.0}",0.0,0.0,26.331264972686768,0.0,0.0412517599761486,0.0,,0.0,0.0,30.0,150.0,14.748510742187506,26.748510742187506,Leave_One_experiments/all_year_offline_schedule_search/daily_outputs/FQA/FQA_2021_FQA2021_normal_grid_S0013_daily.csv
FQA,FQA,Fengqiu,2021,Leave_One_experiments\wth_generated_qc\FQA\FQA2021.WTH,wet_year;nitrogen_stress_year;low_response_year,wet,FQA2021_normal_grid_S0013,irrigation_positive_candidate,2021-06-23,174,18,13,"{""sim_day"": 18.0, ""doy"": 174.0, ""topwt"": 33.11282157897949, ""grnwt"": 0.0, ""xlai"": 0.0616481862962245, ""totir"": 0.0, ""tofer"": NaN, ""swfac"": 0.0, ""nstres"": 0.0}",0.0,0.0,33.11282157897949,0.0,0.0616481862962245,0.0,,0.0,0.0,30.0,150.0,14.748510742187506,26.748510742187506,Leave_One_experiments/all_year_offline_schedule_search/daily_outputs/FQA/FQA_2021_FQA2021_normal_grid_S0013_daily.csv
FQA,FQA,Fengqiu,2021,Leave_One_experiments\wth_generated_qc\FQA\FQA2021.WTH,wet_year;nitrogen_stress_year;low_response_year,wet,FQA2021_normal_grid_S0013,irrigation_positive_candidate,2021-06-24,175,19,14,"{""sim_day"": 19.0, ""doy"": 175.0, ""topwt"": 39.96714115142822, ""grnwt"": 0.0, ""xlai"": 0.0805795490741729, ""totir"": 0.0, ""tofer"": NaN, ""swfac"": 0.0, ""nstres"": 0.0}",0.0,0.0,39.96714115142822,0.0,0.0805795490741729,0.0,,0.0,0.0,30.0,150.0,14.748510742187506,26.748510742187506,Leave_One_experiments/all_year_offline_schedule_search/daily_outputs/FQA/FQA_2021_FQA2021_normal_grid_S0013_daily.csv
FQA,FQA,Fengqiu,2021,Leave_One_experiments\wth_generated_qc\FQA\FQA2021.WTH,wet_year;nitrogen_stress_year;low_response_year,wet,FQA2021_normal_grid_S0013,irrigation_positive_candidate,2021-06-25,176,20,15,"{""sim_day"": 20.0, ""doy"": 176.0, ""topwt"": 48.70611190795898, ""grnwt"": 0.0, ""xlai"": 0.1031496822834014, ""totir"": 0.0, ""tofer"": NaN, ""swfac"": 0.0, ""nstres"": 0.0}",0.0,0.0,48.70611190795898,0.0,0.1031496822834014,0.0,,0.0,0.0,30.0,150.0,14.748510742187506,26.748510742187506,Leave_One_experiments/all_year_offline_schedule_search/daily_outputs/FQA/FQA_2021_FQA2021_normal_grid_S0013_daily.csv
FQA,FQA,Fengqiu,2021,Leave_One_experiments\wth_generated_qc\FQA\FQA2021.WTH,wet_year;nitrogen_stress_year;low_response_year,wet,FQA2021_normal_grid_S0013,irrigation_positive_candidate,2021-06-26,177,21,16,"{""sim_day"": 21.0, ""doy"": 177.0, ""topwt"": 59.80781078338623, ""grnwt"": 0.0, ""xlai"": 0.1300678253173828, ""totir"": 0.0, ""tofer"": NaN, ""swfac"": 0.0, ""nstres"": 0.0}",0.0,0.0,59.80781078338623,0.0,0.1300678253173828,0.0,,0.0,0.0,30.0,150.0,14.748510742187506,26.748510742187506,Leave_One_experiments/all_year_offline_schedule_search/daily_outputs/FQA/FQA_2021_FQA2021_normal_grid_S0013_daily.csv
FQA,FQA,Fengqiu,2021,Leave_One_experiments\wth_generated_qc\FQA\FQA2021.WTH,wet_year;nitrogen_stress_year;low_response_year,wet,FQA2021_normal_grid_S0013,irrigation_positive_candidate,2021-06-27,178,22,17,"{""sim_day"": 22.0, ""doy"": 178.0, ""topwt"": 73.01446914672852, ""grnwt"": 0.0, ""xlai"": 0.1602696627378463, ""totir"": 0.0, ""tofer"": NaN, ""swfac"": 0.0, ""nstres"": 0.0}",0.0,0.0,73.01446914672852,0.0,0.1602696627378463,0.0,,0.0,0.0,30.0,150.0,14.748510742187506,26.748510742187506,Leave_One_experiments/all_year_offline_schedule_search/daily_outputs/FQA/FQA_2021_FQA2021_normal_grid_S0013_daily.csv
FQA,FQA,Fengqiu,2021,Leave_One_experiments\wth_generated_qc\FQA\FQA2021.WTH,wet_year;nitrogen_stress_year;low_response_year,wet,FQA2021_normal_grid_S0013,irrigation_positive_candidate,2021-06-28,179,23,18,"{""sim_day"": 23.0, ""doy"": 179.0, ""topwt"": 87.82415390014648, ""grnwt"": 0.0, ""xlai"": 0.1924071907997131, ""totir"": 0.0, ""tofer"": NaN, ""swfac"": 0.0, ""nstres"": 0.0}",0.0,0.0,87.82415390014648,0.0,0.1924071907997131,0.0,,0.0,0.0,30.0,150.0,14.748510742187506,26.748510742187506,Leave_One_experiments/all_year_offline_schedule_search/daily_outputs/FQA/FQA_2021_FQA2021_normal_grid_S0013_daily.csv
FQA,FQA,Fengqiu,2021,Leave_One_experiments\wth_generated_qc\FQA\FQA2021.WTH,wet_year;nitrogen_stress_year;low_response_year,wet,FQA2021_normal_grid_S0013,irrigation_positive_candidate,2021-06-29,180,24,19,"{""sim_day"": 24.0, ""doy"": 180.0, ""topwt"": 105.39074897766112, ""grnwt"": 0.0, ""xlai"": 0.228739708662033, ""totir"": 0.0, ""tofer"": NaN, ""swfac"": 0.0, ""nstres"": 0.0}",0.0,0.0,105.39074897766112,0.0,0.228739708662033,0.0,,0.0,0.0,30.0,150.0,14.748510742187506,26.748510742187506,Leave_One_experiments/all_year_offline_schedule_search/daily_outputs/FQA/FQA_2021_FQA2021_normal_grid_S0013_daily.csv
FQA,FQA,Fengqiu,2021,Leave_One_experiments\wth_generated_qc\FQA\FQA2021.WTH,wet_year;nitrogen_stress_year;low_response_year,wet,FQA2021_normal_grid_S0013,irrigation_positive_candidate,2021-06-30,181,25,20,"{""sim_day"": 25.0, ""doy"": 181.0, ""topwt"": 121.58337593078612, ""grnwt"": 0.0, ""xlai"": 0.2608801424503326, ""totir"": 0.0, ""tofer"": NaN, ""swfac"": 0.0, ""nstres"": 0.0}",0.0,0.0,121.58337593078612,0.0,0.2608801424503326,0.0,,0.0,0.0,30.0,150.0,14.748510742187506,26.748510742187506,Leave_One_experiments/all_year_offline_schedule_search/daily_outputs/FQA/FQA_2021_FQA2021_normal_grid_S0013_daily.csv
FQA,FQA,Fengqiu,2021,Leave_One_experiments\wth_generated_qc\FQA\FQA2021.WTH,wet_year;nitrogen_stress_year;low_response_year,wet,FQA2021_normal_grid_S0013,irrigation_positive_candidate,2021-07-01,182,26,21,"{""sim_day"": 26.0, ""doy"": 182.0, ""topwt"": 138.645658493042, ""grnwt"": 0.0, ""xlai"": 0.291950523853302, ""totir"": 0.0, ""tofer"": NaN, ""swfac"": 0.0, ""nstres"": 0.0}",0.0,0.0,138.645658493042,0.0,0.291950523853302,0.0,,0.0,0.0,30.0,150.0,14.748510742187506,26.748510742187506,Leave_One_experiments/all_year_offline_schedule_search/daily_outputs/FQA/FQA_2021_FQA2021_normal_grid_S0013_daily.csv
FQA,FQA,Fengqiu,2021,Leave_One_experiments\wth_generated_qc\FQA\FQA2021.WTH,wet_year;nitrogen_stress_year;low_response_year,wet,FQA2021_normal_grid_S0013,irrigation_positive_candidate,2021-07-02,183,27,22,"{""sim_day"": 27.0, ""doy"": 183.0, ""topwt"": 159.89431381225586, ""grnwt"": 0.0, ""xlai"": 0.3327521979808807, ""totir"": 0.0, ""tofer"": NaN, ""swfac"": 0.0, ""nstres"": 0.0}",0.0,0.0,159.89431381225586,0.0,0.3327521979808807,0.0,,0.0,0.0,30.0,150.0,14.748510742187506,26.748510742187506,Leave_One_experiments/all_year_offline_schedule_search/daily_outputs/FQA/FQA_2021_FQA2021_normal_grid_S0013_daily.csv
FQA,FQA,Fengqiu,2021,Leave_One_experiments\wth_generated_qc\FQA\FQA2021.WTH,wet_year;nitrogen_stress_year;low_response_year,wet,FQA2021_normal_grid_S0013,irrigation_positive_candidate,2021-07-03,184,28,23,"{""sim_day"": 28.0, ""doy"": 184.0, ""topwt"": 185.4520606994629, ""grnwt"": 0.0, ""xlai"": 0.3799351155757904, ""totir"": 0.0, ""tofer"": NaN, ""swfac"": 0.0, ""nstres"": 0.0}",0.0,0.0,185.4520606994629,0.0,0.3799351155757904,0.0,,0.0,0.0,30.0,150.0,14.748510742187506,26.748510742187506,Leave_One_experiments/all_year_offline_schedule_search/daily_outputs/FQA/FQA_2021_FQA2021_normal_grid_S0013_daily.csv
FQA,FQA,Fengqiu,2021,Leave_One_experiments\wth_generated_qc\FQA\FQA2021.WTH,wet_year;nitrogen_stress_year;low_response_year,wet,FQA2021_normal_grid_S0013,irrigation_positive_candidate,2021-07-04,185,29,24,"{""sim_day"": 29.0, ""doy"": 185.0, ""topwt"": 212.72994995117188, ""grnwt"": 0.0, ""xlai"": 0.4282934367656708, ""totir"": 0.0, ""tofer"": NaN, ""swfac"": 0.0, ""nstres"": 0.0}",0.0,0.0,212.72994995117188,0.0,0.4282934367656708,0.0,,0.0,0.0,30.0,150.0,14.748510742187506,26.748510742187506,Leave_One_experiments/all_year_offline_schedule_search/daily_outputs/FQA/FQA_2021_FQA2021_normal_grid_S0013_daily.csv
FQA,FQA,Fengqiu,2021,Leave_One_experiments\wth_generated_qc\FQA\FQA2021.WTH,wet_year;nitrogen_stress_year;low_response_year,wet,FQA2021_normal_grid_S0013,irrigation_positive_candidate,2021-07-05,186,30,25,"{""sim_day"": 30.0, ""doy"": 186.0, ""topwt"": 241.9126510620117, ""grnwt"": 0.0, ""xlai"": 0.4779998958110809, ""totir"": 0.0, ""tofer"": NaN, ""swfac"": 0.0, ""nstres"": 0.0}",0.0,0.0,241.9126510620117,0.0,0.4779998958110809,0.0,,0.0,0.0,30.0,150.0,14.748510742187506,26.748510742187506,Leave_One_experiments/all_year_offline_schedule_search/daily_outputs/FQA/FQA_2021_FQA2021_normal_grid_S0013_daily.csv
FQA,FQA,Fengqiu,2021,Leave_One_experiments\wth_generated_qc\FQA\FQA2021.WTH,wet_year;nitrogen_stress_year;low_response_year,wet,FQA2021_normal_grid_S0013,irrigation_positive_candidate,2021-07-06,187,31,26,"{""sim_day"": 31.0, ""doy"": 187.0, ""topwt"": 276.9109916687012, ""grnwt"": 0.0, ""xlai"": 0.5351144671440125, ""totir"": 0.0, ""tofer"": NaN, ""swfac"": 0.0, ""nstres"": 0.0}",0.0,0.0,276.9109916687012,0.0,0.5351144671440125,0.0,,0.0,0.0,30.0,150.0,14.748510742187506,26.748510742187506,Leave_One_experiments/all_year_offline_schedule_search/daily_outputs/FQA/FQA_2021_FQA2021_normal_grid_S0013_daily.csv
FQA,FQA,Fengqiu,2021,Leave_One_experiments\wth_generated_qc\FQA\FQA2021.WTH,wet_year;nitrogen_stress_year;low_response_year,wet,FQA2021_normal_grid_S0013,irrigation_positive_candidate,2021-07-07,188,32,27,"{""sim_day"": 32.0, ""doy"": 188.0, ""topwt"": 315.40218353271484, ""grnwt"": 0.0, ""xlai"": 0.595079779624939, ""totir"": 0.0, ""tofer"": NaN, ""swfac"": 0.0, ""nstres"": 0.0}",0.0,0.0,315.40218353271484,0.0,0.595079779624939,0.0,,0.0,0.0,30.0,150.0,14.748510742187506,26.748510742187506,Leave_One_experiments/all_year_offline_schedule_search/daily_outputs/FQA/FQA_2021_FQA2021_normal_grid_S0013_daily.csv
FQA,FQA,Fengqiu,2021,Leave_One_experiments\wth_generated_qc\FQA\FQA2021.WTH,wet_year;nitrogen_stress_year;low_response_year,wet,FQA2021_normal_grid_S0013,irrigation_positive_candidate,2021-07-08,189,33,28,"{""sim_day"": 33.0, ""doy"": 189.0, ""topwt"": 351.4429473876953, ""grnwt"": 0.0, ""xlai"": 0.6486854553222656, ""totir"": 0.0, ""tofer"": NaN, ""swfac"": 0.0, ""nstres"": 0.0}",0.0,0.0,351.4429473876953,0.0,0.6486854553222656,0.0,,0.0,0.0,30.0,150.0,14.748510742187506,26.748510742187506,Leave_One_experiments/all_year_offline_schedule_search/daily_outputs/FQA/FQA_2021_FQA2021_normal_grid_S0013_daily.csv
FQA,FQA,Fengqiu,2021,Leave_One_experiments\wth_generated_qc\FQA\FQA2021.WTH,wet_year;nitrogen_stress_year;low_response_year,wet,FQA2021_normal_grid_S0013,irrigation_positive_candidate,2021-07-09,190,34,29,"{""sim_day"": 34.0, ""doy"": 190.0, ""topwt"": 407.093505859375, ""grnwt"": 0.0, ""xlai"": 0.7273527383804321, ""totir"": 0.0, ""tofer"": NaN, ""swfac"": 0.0, ""nstres"": 0.0}",0.0,0.0,407.093505859375,0.0,0.7273527383804321,0.0,,0.0,0.0,30.0,150.0,14.748510742187506,26.748510742187506,Leave_One_experiments/all_year_offline_schedule_search/daily_outputs/FQA/FQA_2021_FQA2021_normal_grid_S0013_daily.csv
FQA,FQA,Fengqiu,2021,Leave_One_experiments\wth_generated_qc\FQA\FQA2021.WTH,wet_year;nitrogen_stress_year;low_response_year,wet,FQA2021_normal_grid_S0013,irrigation_positive_candidate,2021-07-10,191,35,30,"{""sim_day"": 35.0, ""doy"": 191.0, ""topwt"": 434.792594909668, ""grnwt"": 0.0, ""xlai"": 0.7647488713264465, ""totir"": 0.0, ""tofer"": NaN, ""swfac"": 0.0, ""nstres"": 0.0}",0.0,0.0,434.792594909668,0.0,0.7647488713264465,0.0,,0.0,50.0,30.0,150.0,14.748510742187506,26.748510742187506,Leave_One_experiments/all_year_offline_schedule_search/daily_outputs/FQA/FQA_2021_FQA2021_normal_grid_S0013_daily.csv
FQA,FQA,Fengqiu,2021,Leave_One_experiments\wth_generated_qc\FQA\FQA2021.WTH,wet_year;nitrogen_stress_year;low_response_year,wet,FQA2021_normal_grid_S0013,irrigation_positive_candidate,2021-07-11,192,36,31,"{""sim_day"": 36.0, ""doy"": 192.0, ""topwt"": 508.8496398925781, ""grnwt"": 0.0, ""xlai"": 0.8595515489578247, ""totir"": 0.0, ""tofer"": NaN, ""swfac"": 0.0, ""nstres"": 0.0}",0.0,0.0,508.8496398925781,0.0,0.8595515489578247,0.0,,0.0,0.0,30.0,150.0,14.748510742187506,26.748510742187506,Leave_One_experiments/all_year_offline_schedule_search/daily_outputs/FQA/FQA_2021_FQA2021_normal_grid_S0013_daily.csv
FQA,FQA,Fengqiu,2021,Leave_One_experiments\wth_generated_qc\FQA\FQA2021.WTH,wet_year;nitrogen_stress_year;low_response_year,wet,FQA2021_normal_grid_S0013,irrigation_positive_candidate,2021-07-12,193,37,32,"{""sim_day"": 37.0, ""doy"": 193.0, ""topwt"": 587.9868698120117, ""grnwt"": 0.0, ""xlai"": 0.9549083709716796, ""totir"": 0.0, ""tofer"": NaN, ""swfac"": 0.0, ""nstres"": 0.0}",0.0,0.0,587.9868698120117,0.0,0.9549083709716796,0.0,,0.0,0.0,30.0,150.0,14.748510742187506,26.748510742187506,Leave_One_experiments/all_year_offline_schedule_search/daily_outputs/FQA/FQA_2021_FQA2021_normal_grid_S0013_daily.csv
FQA,FQA,Fengqiu,2021,Leave_One_experiments\wth_generated_qc\FQA\FQA2021.WTH,wet_year;nitrogen_stress_year;low_response_year,wet,FQA2021_normal_grid_S0013,irrigation_positive_candidate,2021-07-13,194,38,33,"{""sim_day"": 38.0, ""doy"": 194.0, ""topwt"": 669.1166687011719, ""grnwt"": 0.0, ""xlai"": 1.0421302318572998, ""totir"": 0.0, ""tofer"": NaN, ""swfac"": 0.0, ""nstres"": 0.0373896360397338}",0.0,0.0373896360397338,669.1166687011719,0.0,1.0421302318572998,0.0,,0.0,0.0,30.0,150.0,14.748510742187506,26.748510742187506,Leave_One_experiments/all_year_offline_schedule_search/daily_outputs/FQA/FQA_2021_FQA2021_normal_grid_S0013_daily.csv
FQA,FQA,Fengqiu,2021,Leave_One_experiments\wth_generated_qc\FQA\FQA2021.WTH,wet_year;nitrogen_stress_year;low_response_year,wet,FQA2021_normal_grid_S0013,irrigation_positive_candidate,2021-07-14,195,39,34,"{""sim_day"": 39.0, ""doy"": 195.0, ""topwt"": 741.0792541503906, ""grnwt"": 0.0, ""xlai"": 1.107634663581848, ""totir"": 0.0, ""tofer"": NaN, ""swfac"": 0.0, ""nstres"": 0.0851551294326782}",0.0,0.0851551294326782,741.0792541503906,0.0,1.107634663581848,0.0,,0.0,0.0,30.0,150.0,14.748510742187506,26.748510742187506,Leave_One_experiments/all_year_offline_schedule_search/daily_outputs/FQA/FQA_2021_FQA2021_normal_grid_S0013_daily.csv
FQA,FQA,Fengqiu,2021,Leave_One_experiments\wth_generated_qc\FQA\FQA2021.WTH,wet_year;nitrogen_stress_year;low_response_year,wet,FQA2021_normal_grid_S0013,irrigation_positive_candidate,2021-07-15,196,40,35,"{""sim_day"": 40.0, ""doy"": 196.0, ""topwt"": 832.4860382080078, ""grnwt"": 0.0, ""xlai"": 1.201162815093994, ""totir"": 0.0, ""tofer"": NaN, ""swfac"": 0.0, ""nstres"": 0.0}",0.0,0.0,832.4860382080078,0.0,1.201162815093994,0.0,,0.0,0.0,30.0,150.0,14.748510742187506,26.748510742187506,Leave_One_experiments/all_year_offline_schedule_search/daily_outputs/FQA/FQA_2021_FQA2021_normal_grid_S0013_daily.csv
FQA,FQA,Fengqiu,2021,Leave_One_experiments\wth_generated_qc\FQA\FQA2021.WTH,wet_year;nitrogen_stress_year;low_response_year,wet,FQA2021_normal_grid_S0013,irrigation_positive_candidate,2021-07-16,197,41,36,"{""sim_day"": 41.0, ""doy"": 197.0, ""topwt"": 928.700714111328, ""grnwt"": 0.0, ""xlai"": 1.2948004007339478, ""totir"": 0.0, ""tofer"": NaN, ""swfac"": 0.0, ""nstres"": 0.0}",0.0,0.0,928.700714111328,0.0,1.2948004007339478,0.0,,0.0,0.0,30.0,150.0,14.748510742187506,26.748510742187506,Leave_One_experiments/all_year_offline_schedule_search/daily_outputs/FQA/FQA_2021_FQA2021_normal_grid_S0013_daily.csv
FQA,FQA,Fengqiu,2021,Leave_One_experiments\wth_generated_qc\FQA\FQA2021.WTH,wet_year;nitrogen_stress_year;low_response_year,wet,FQA2021_normal_grid_S0013,irrigation_positive_candidate,2021-07-17,198,42,37,"{""sim_day"": 42.0, ""doy"": 198.0, ""topwt"": 1027.322235107422, ""grnwt"": 0.0, ""xlai"": 1.3863452672958374, ""totir"": 0.0, ""tofer"": NaN, ""swfac"": 0.0, ""nstres"": 0.0}",0.0,0.0,1027.322235107422,0.0,1.3863452672958374,0.0,,0.0,0.0,30.0,150.0,14.748510742187506,26.748510742187506,Leave_One_experiments/all_year_offline_schedule_search/daily_outputs/FQA/FQA_2021_FQA2021_normal_grid_S0013_daily.csv
FQA,FQA,Fengqiu,2021,Leave_One_experiments\wth_generated_qc\FQA\FQA2021.WTH,wet_year;nitrogen_stress_year;low_response_year,wet,FQA2021_normal_grid_S0013,irrigation_positive_candidate,2021-07-18,199,43,38,"{""sim_day"": 43.0, ""doy"": 199.0, ""topwt"": 1123.6337280273438, ""grnwt"": 0.0, ""xlai"": 1.4715981483459473, ""totir"": 0.0, ""tofer"": NaN, ""swfac"": 0.0, ""nstres"": 0.0}",0.0,0.0,1123.6337280273438,0.0,1.4715981483459473,0.0,,0.0,0.0,30.0,150.0,14.748510742187506,26.748510742187506,Leave_One_experiments/all_year_offline_schedule_search/daily_outputs/FQA/FQA_2021_FQA2021_normal_grid_S0013_daily.csv
FQA,FQA,Fengqiu,2021,Leave_One_experiments\wth_generated_qc\FQA\FQA2021.WTH,wet_year;nitrogen_stress_year;low_response_year,wet,FQA2021_normal_grid_S0013,irrigation_positive_candidate,2021-07-19,200,44,39,"{""sim_day"": 44.0, ""doy"": 200.0, ""topwt"": 1136.8035125732422, ""grnwt"": 0.0, ""xlai"": 1.476938247680664, ""totir"": 0.0, ""tofer"": NaN, ""swfac"": 0.0, ""nstres"": 0.0}",0.0,0.0,1136.8035125732422,0.0,1.476938247680664,0.0,,0.0,0.0,30.0,150.0,14.748510742187506,26.748510742187506,Leave_One_experiments/all_year_offline_schedule_search/daily_outputs/FQA/FQA_2021_FQA2021_normal_grid_S0013_daily.csv
FQA,FQA,Fengqiu,2021,Leave_One_experiments\wth_generated_qc\FQA\FQA2021.WTH,wet_year;nitrogen_stress_year;low_response_year,wet,FQA2021_normal_grid_S0013,irrigation_positive_candidate,2021-07-20,201,45,40,"{""sim_day"": 45.0, ""doy"": 201.0, ""topwt"": 1186.676025390625, ""grnwt"": 0.0, ""xlai"": 1.4963363409042358, ""totir"": 0.0, ""tofer"": NaN, ""swfac"": 0.0, ""nstres"": 0.0}",0.0,0.0,1186.676025390625,0.0,1.4963363409042358,0.0,,0.0,0.0,30.0,150.0,14.748510742187506,26.748510742187506,Leave_One_experiments/all_year_offline_schedule_search/daily_outputs/FQA/FQA_2021_FQA2021_normal_grid_S0013_daily.csv
FQA,FQA,Fengqiu,2021,Leave_One_experiments\wth_generated_qc\FQA\FQA2021.WTH,wet_year;nitrogen_stress_year;low_response_year,wet,FQA2021_normal_grid_S0013,irrigation_positive_candidate,2021-07-21,202,46,41,"{""sim_day"": 46.0, ""doy"": 202.0, ""topwt"": 1340.397491455078, ""grnwt"": 0.0, ""xlai"": 1.552889108657837, ""totir"": 0.0, ""tofer"": NaN, ""swfac"": 0.0, ""nstres"": 0.0}",0.0,0.0,1340.397491455078,0.0,1.552889108657837,0.0,,0.0,0.0,30.0,150.0,14.748510742187506,26.748510742187506,Leave_One_experiments/all_year_offline_schedule_search/daily_outputs/FQA/FQA_2021_FQA2021_normal_grid_S0013_daily.csv
FQA,FQA,Fengqiu,2021,Leave_One_experiments\wth_generated_qc\FQA\FQA2021.WTH,wet_year;nitrogen_stress_year;low_response_year,wet,FQA2021_normal_grid_S0013,irrigation_positive_candidate,2021-07-22,203,47,42,"{""sim_day"": 47.0, ""doy"": 203.0, ""topwt"": 1496.14990234375, ""grnwt"": 0.0, ""xlai"": 1.6070573329925537, ""totir"": 0.0, ""tofer"": NaN, ""swfac"": 0.0, ""nstres"": 0.0}",0.0,0.0,1496.14990234375,0.0,1.6070573329925537,0.0,,0.0,0.0,30.0,150.0,14.748510742187506,26.748510742187506,Leave_One_experiments/all_year_offline_schedule_search/daily_outputs/FQA/FQA_2021_FQA2021_normal_grid_S0013_daily.csv
FQA,FQA,Fengqiu,2021,Leave_One_experiments\wth_generated_qc\FQA\FQA2021.WTH,wet_year;nitrogen_stress_year;low_response_year,wet,FQA2021_normal_grid_S0013,irrigation_positive_candidate,2021-07-23,204,48,43,"{""sim_day"": 48.0, ""doy"": 204.0, ""topwt"": 1674.4245910644531, ""grnwt"": 0.0, ""xlai"": 1.6658140420913696, ""totir"": 0.0, ""tofer"": NaN, ""swfac"": 0.0, ""nstres"": 0.0}",0.0,0.0,1674.4245910644531,0.0,1.6658140420913696,0.0,,0.0,0.0,30.0,150.0,14.748510742187506,26.748510742187506,Leave_One_experiments/all_year_offline_schedule_search/daily_outputs/FQA/FQA_2021_FQA2021_normal_grid_S0013_daily.csv
FQA,FQA,Fengqiu,2021,Leave_One_experiments\wth_generated_qc\FQA\FQA2021.WTH,wet_year;nitrogen_stress_year;low_response_year,wet,FQA2021_normal_grid_S0013,irrigation_positive_candidate,2021-07-24,205,49,44,"{""sim_day"": 49.0, ""doy"": 205.0, ""topwt"": 1869.5755004882808, ""grnwt"": 0.0, ""xlai"": 1.727139592170715, ""totir"": 0.0, ""tofer"": NaN, ""swfac"": 0.0, ""nstres"": 0.0}",0.0,0.0,1869.5755004882808,0.0,1.727139592170715,0.0,,0.0,0.0,30.0,150.0,14.748510742187506,26.748510742187506,Leave_One_experiments/all_year_offline_schedule_search/daily_outputs/FQA/FQA_2021_FQA2021_normal_grid_S0013_daily.csv
FQA,FQA,Fengqiu,2021,Leave_One_experiments\wth_generated_qc\FQA\FQA2021.WTH,wet_year;nitrogen_stress_year;low_response_year,wet,FQA2021_normal_grid_S0013,irrigation_positive_candidate,2021-07-25,206,50,45,"{""sim_day"": 50.0, ""doy"": 206.0, ""topwt"": 2086.7257690429688, ""grnwt"": 0.0, ""xlai"": 1.792404055595398, ""totir"": 0.0, ""tofer"": NaN, ""swfac"": 0.0, ""nstres"": 0.0}",0.0,0.0,2086.7257690429688,0.0,1.792404055595398,0.0,,0.0,0.0,30.0,150.0,14.748510742187506,26.748510742187506,Leave_One_experiments/all_year_offline_schedule_search/daily_outputs/FQA/FQA_2021_FQA2021_normal_grid_S0013_daily.csv
FQA,FQA,Fengqiu,2021,Leave_One_experiments\wth_generated_qc\FQA\FQA2021.WTH,wet_year;nitrogen_stress_year;low_response_year,wet,FQA2021_normal_grid_S0013,irrigation_positive_candidate,2021-07-26,207,51,46,"{""sim_day"": 51.0, ""doy"": 207.0, ""topwt"": 2246.831359863281, ""grnwt"": 0.0, ""xlai"": 1.8386081457138064, ""totir"": 0.0, ""tofer"": NaN, ""swfac"": 0.0, ""nstres"": 0.0}",0.0,0.0,2246.831359863281,0.0,1.8386081457138064,0.0,,0.0,0.0,30.0,150.0,14.748510742187506,26.748510742187506,Leave_One_experiments/all_year_offline_schedule_search/daily_outputs/FQA/FQA_2021_FQA2021_normal_grid_S0013_daily.csv
FQA,FQA,Fengqiu,2021,Leave_One_experiments\wth_generated_qc\FQA\FQA2021.WTH,wet_year;nitrogen_stress_year;low_response_year,wet,FQA2021_normal_grid_S0013,irrigation_positive_candidate,2021-07-27,208,52,47,"{""sim_day"": 52.0, ""doy"": 208.0, ""topwt"": 2364.951629638672, ""grnwt"": 0.0, ""xlai"": 1.8715370893478396, ""totir"": 0.0, ""tofer"": NaN, ""swfac"": 0.0, ""nstres"": 0.0}",0.0,0.0,2364.951629638672,0.0,1.8715370893478396,0.0,,0.0,0.0,30.0,150.0,14.748510742187506,26.748510742187506,Leave_One_experiments/all_year_offline_schedule_search/daily_outputs/FQA/FQA_2021_FQA2021_normal_grid_S0013_daily.csv
FQA,FQA,Fengqiu,2021,Leave_One_experiments\wth_generated_qc\FQA\FQA2021.WTH,wet_year;nitrogen_stress_year;low_response_year,wet,FQA2021_normal_grid_S0013,irrigation_positive_candidate,2021-07-28,209,53,48,"{""sim_day"": 53.0, ""doy"": 209.0, ""topwt"": 2525.990295410156, ""grnwt"": 0.0, ""xlai"": 1.915278434753418, ""totir"": 0.0, ""tofer"": NaN, ""swfac"": 0.0, ""nstres"": 0.0}",0.0,0.0,2525.990295410156,0.0,1.915278434753418,0.0,,0.0,0.0,30.0,150.0,14.748510742187506,26.748510742187506,Leave_One_experiments/all_year_offline_schedule_search/daily_outputs/FQA/FQA_2021_FQA2021_normal_grid_S0013_daily.csv
FQA,FQA,Fengqiu,2021,Leave_One_experiments\wth_generated_qc\FQA\FQA2021.WTH,wet_year;nitrogen_stress_year;low_response_year,wet,FQA2021_normal_grid_S0013,irrigation_positive_candidate,2021-07-29,210,54,49,"{""sim_day"": 54.0, ""doy"": 210.0, ""topwt"": 2716.963806152344, ""grnwt"": 0.0, ""xlai"": 1.965671420097351, ""totir"": 0.0, ""tofer"": NaN, ""swfac"": 0.0, ""nstres"": 0.0}",0.0,0.0,2716.963806152344,0.0,1.965671420097351,0.0,,0.0,0.0,30.0,150.0,14.748510742187506,26.748510742187506,Leave_One_experiments/all_year_offline_schedule_search/daily_outputs/FQA/FQA_2021_FQA2021_normal_grid_S0013_daily.csv
FQA,FQA,Fengqiu,2021,Leave_One_experiments\wth_generated_qc\FQA\FQA2021.WTH,wet_year;nitrogen_stress_year;low_response_year,wet,FQA2021_normal_grid_S0013,irrigation_positive_candidate,2021-07-30,211,55,50,"{""sim_day"": 55.0, ""doy"": 211.0, ""topwt"": 2948.057556152344, ""grnwt"": 0.0, ""xlai"": 2.0247716903686523, ""totir"": 0.0, ""tofer"": NaN, ""swfac"": 0.0, ""nstres"": 0.0}",0.0,0.0,2948.057556152344,0.0,2.0247716903686523,0.0,,0.0,0.0,30.0,150.0,14.748510742187506,26.748510742187506,Leave_One_experiments/all_year_offline_schedule_search/daily_outputs/FQA/FQA_2021_FQA2021_normal_grid_S0013_daily.csv
FQA,FQA,Fengqiu,2021,Leave_One_experiments\wth_generated_qc\FQA\FQA2021.WTH,wet_year;nitrogen_stress_year;low_response_year,wet,FQA2021_normal_grid_S0013,irrigation_positive_candidate,2021-07-31,212,56,51,"{""sim_day"": 56.0, ""doy"": 212.0, ""topwt"": 3167.730407714844, ""grnwt"": 0.0, ""xlai"": 2.080857276916504, ""totir"": 0.0, ""tofer"": NaN, ""swfac"": 0.0, ""nstres"": 0.0}",0.0,0.0,3167.730407714844,0.0,2.080857276916504,0.0,,0.0,0.0,30.0,150.0,14.748510742187506,26.748510742187506,Leave_One_experiments/all_year_offline_schedule_search/daily_outputs/FQA/FQA_2021_FQA2021_normal_grid_S0013_daily.csv
FQA,FQA,Fengqiu,2021,Leave_One_experiments\wth_generated_qc\FQA\FQA2021.WTH,wet_year;nitrogen_stress_year;low_response_year,wet,FQA2021_normal_grid_S0013,irrigation_positive_candidate,2021-08-01,213,57,52,"{""sim_day"": 57.0, ""doy"": 213.0, ""topwt"": 3395.56884765625, ""grnwt"": 0.0, ""xlai"": 2.1389482021331787, ""totir"": 0.0, ""tofer"": NaN, ""swfac"": 0.0, ""nstres"": 0.0}",0.0,0.0,3395.56884765625,0.0,2.1389482021331787,0.0,,0.0,0.0,30.0,150.0,14.748510742187506,26.748510742187506,Leave_One_experiments/all_year_offline_schedule_search/daily_outputs/FQA/FQA_2021_FQA2021_normal_grid_S0013_daily.csv
FQA,FQA,Fengqiu,2021,Leave_One_experiments\wth_generated_qc\FQA\FQA2021.WTH,wet_year;nitrogen_stress_year;low_response_year,wet,FQA2021_normal_grid_S0013,irrigation_positive_candidate,2021-08-02,214,58,53,"{""sim_day"": 58.0, ""doy"": 214.0, ""topwt"": 3629.44091796875, ""grnwt"": 0.0, ""xlai"": 2.198493003845215, ""totir"": 0.0, ""tofer"": NaN, ""swfac"": 0.0, ""nstres"": 0.0}",0.0,0.0,3629.44091796875,0.0,2.198493003845215,0.0,,0.0,0.0,30.0,150.0,14.748510742187506,26.748510742187506,Leave_One_experiments/all_year_offline_schedule_search/daily_outputs/FQA/FQA_2021_FQA2021_normal_grid_S0013_daily.csv
FQA,FQA,Fengqiu,2021,Leave_One_experiments\wth_generated_qc\FQA\FQA2021.WTH,wet_year;nitrogen_stress_year;low_response_year,wet,FQA2021_normal_grid_S0013,irrigation_positive_candidate,2021-08-03,215,59,54,"{""sim_day"": 59.0, ""doy"": 215.0, ""topwt"": 3879.5083618164062, ""grnwt"": 0.0, ""xlai"": 2.2620766162872314, ""totir"": 0.0, ""tofer"": NaN, ""swfac"": 0.0, ""nstres"": 0.0}",0.0,0.0,3879.5083618164062,0.0,2.2620766162872314,0.0,,0.0,0.0,30.0,150.0,14.748510742187506,26.748510742187506,Leave_One_experiments/all_year_offline_schedule_search/daily_outputs/FQA/FQA_2021_FQA2021_normal_grid_S0013_daily.csv
FQA,FQA,Fengqiu,2021,Leave_One_experiments\wth_generated_qc\FQA\FQA2021.WTH,wet_year;nitrogen_stress_year;low_response_year,wet,FQA2021_normal_grid_S0013,irrigation_positive_candidate,2021-08-04,216,60,55,"{""sim_day"": 60.0, ""doy"": 216.0, ""topwt"": 4092.8805541992183, ""grnwt"": 0.0, ""xlai"": 2.3162224292755127, ""totir"": 0.0, ""tofer"": NaN, ""swfac"": 0.0, ""nstres"": 0.0}",0.0,0.0,4092.8805541992183,0.0,2.3162224292755127,0.0,,0.0,0.0,30.0,150.0,14.748510742187506,26.748510742187506,Leave_One_experiments/all_year_offline_schedule_search/daily_outputs/FQA/FQA_2021_FQA2021_normal_grid_S0013_daily.csv
FQA,FQA,Fengqiu,2021,Leave_One_experiments\wth_generated_qc\FQA\FQA2021.WTH,wet_year;nitrogen_stress_year;low_response_year,wet,FQA2021_normal_grid_S0013,irrigation_positive_candidate,2021-08-05,217,61,56,"{""sim_day"": 61.0, ""doy"": 217.0, ""topwt"": 4339.190673828125, ""grnwt"": 0.0, ""xlai"": 2.378671884536743, ""totir"": 0.0, ""tofer"": NaN, ""swfac"": 0.0, ""nstres"": 0.0}",0.0,0.0,4339.190673828125,0.0,2.378671884536743,0.0,,0.0,0.0,30.0,150.0,14.748510742187506,26.748510742187506,Leave_One_experiments/all_year_offline_schedule_search/daily_outputs/FQA/FQA_2021_FQA2021_normal_grid_S0013_daily.csv
FQA,FQA,Fengqiu,2021,Leave_One_experiments\wth_generated_qc\FQA\FQA2021.WTH,wet_year;nitrogen_stress_year;low_response_year,wet,FQA2021_normal_grid_S0013,irrigation_positive_candidate,2021-08-06,218,62,57,"{""sim_day"": 62.0, ""doy"": 218.0, ""topwt"": 4606.803588867188, ""grnwt"": 0.0, ""xlai"": 2.4464356899261475, ""totir"": 0.0, ""tofer"": NaN, ""swfac"": 0.0, ""nstres"": 0.0}",0.0,0.0,4606.803588867188,0.0,2.4464356899261475,0.0,,0.0,0.0,30.0,150.0,14.748510742187506,26.748510742187506,Leave_One_experiments/all_year_offline_schedule_search/daily_outputs/FQA/FQA_2021_FQA2021_normal_grid_S0013_daily.csv
FQA,FQA,Fengqiu,2021,Leave_One_experiments\wth_generated_qc\FQA\FQA2021.WTH,wet_year;nitrogen_stress_year;low_response_year,wet,FQA2021_normal_grid_S0013,irrigation_positive_candidate,2021-08-07,219,63,58,"{""sim_day"": 63.0, ""doy"": 219.0, ""topwt"": 4854.459838867188, ""grnwt"": 0.0, ""xlai"": 2.509038209915161, ""totir"": 0.0, ""tofer"": NaN, ""swfac"": 0.0, ""nstres"": 0.0}",0.0,0.0,4854.459838867188,0.0,2.509038209915161,0.0,,0.0,0.0,30.0,150.0,14.748510742187506,26.748510742187506,Leave_One_experiments/all_year_offline_schedule_search/daily_outputs/FQA/FQA_2021_FQA2021_normal_grid_S0013_daily.csv
FQA,FQA,Fengqiu,2021,Leave_One_experiments\wth_generated_qc\FQA\FQA2021.WTH,wet_year;nitrogen_stress_year;low_response_year,wet,FQA2021_normal_grid_S0013,irrigation_positive_candidate,2021-08-08,220,64,59,"{""sim_day"": 64.0, ""doy"": 220.0, ""topwt"": 5199.5587158203125, ""grnwt"": 0.0, ""xlai"": 2.3950884342193604, ""totir"": 0.0, ""tofer"": NaN, ""swfac"": 0.0, ""nstres"": 0.0}",0.0,0.0,5199.5587158203125,0.0,2.3950884342193604,0.0,,0.0,0.0,30.0,150.0,14.748510742187506,26.748510742187506,Leave_One_experiments/all_year_offline_schedule_search/daily_outputs/FQA/FQA_2021_FQA2021_normal_grid_S0013_daily.csv
FQA,FQA,Fengqiu,2021,Leave_One_experiments\wth_generated_qc\FQA\FQA2021.WTH,wet_year;nitrogen_stress_year;low_response_year,wet,FQA2021_normal_grid_S0013,irrigation_positive_candidate,2021-08-09,221,65,60,"{""sim_day"": 65.0, ""doy"": 221.0, ""topwt"": 5445.6646728515625, ""grnwt"": 0.0, ""xlai"": 2.383429288864136, ""totir"": 0.0, ""tofer"": NaN, ""swfac"": 0.0, ""nstres"": 0.0}",0.0,0.0,5445.6646728515625,0.0,2.383429288864136,0.0,,0.0,50.0,30.0,150.0,14.748510742187506,26.748510742187506,Leave_One_experiments/all_year_offline_schedule_search/daily_outputs/FQA/FQA_2021_FQA2021_normal_grid_S0013_daily.csv
FQA,FQA,Fengqiu,2021,Leave_One_experiments\wth_generated_qc\FQA\FQA2021.WTH,wet_year;nitrogen_stress_year;low_response_year,wet,FQA2021_normal_grid_S0013,irrigation_positive_candidate,2021-08-10,222,66,61,"{""sim_day"": 66.0, ""doy"": 222.0, ""topwt"": 5713.03466796875, ""grnwt"": 0.0, ""xlai"": 2.3716750144958496, ""totir"": 0.0, ""tofer"": NaN, ""swfac"": 0.0, ""nstres"": 0.0}",0.0,0.0,5713.03466796875,0.0,2.3716750144958496,0.0,,0.0,0.0,30.0,150.0,14.748510742187506,26.748510742187506,Leave_One_experiments/all_year_offline_schedule_search/daily_outputs/FQA/FQA_2021_FQA2021_normal_grid_S0013_daily.csv
FQA,FQA,Fengqiu,2021,Leave_One_experiments\wth_generated_qc\FQA\FQA2021.WTH,wet_year;nitrogen_stress_year;low_response_year,wet,FQA2021_normal_grid_S0013,irrigation_positive_candidate,2021-08-11,223,67,62,"{""sim_day"": 67.0, ""doy"": 223.0, ""topwt"": 5846.640625, ""grnwt"": 0.0, ""xlai"": 2.3596041202545166, ""totir"": 0.0, ""tofer"": NaN, ""swfac"": 0.0, ""nstres"": 0.0}",0.0,0.0,5846.640625,0.0,2.3596041202545166,0.0,,0.0,0.0,30.0,150.0,14.748510742187506,26.748510742187506,Leave_One_experiments/all_year_offline_schedule_search/daily_outputs/FQA/FQA_2021_FQA2021_normal_grid_S0013_daily.csv
FQA,FQA,Fengqiu,2021,Leave_One_experiments\wth_generated_qc\FQA\FQA2021.WTH,wet_year;nitrogen_stress_year;low_response_year,wet,FQA2021_normal_grid_S0013,irrigation_positive_candidate,2021-08-12,224,68,63,"{""sim_day"": 68.0, ""doy"": 224.0, ""topwt"": 5918.22509765625, ""grnwt"": 0.0, ""xlai"": 2.3490536212921143, ""totir"": 0.0, ""tofer"": NaN, ""swfac"": 0.0, ""nstres"": 0.0}",0.0,0.0,5918.22509765625,0.0,2.3490536212921143,0.0,,0.0,0.0,30.0,150.0,14.748510742187506,26.748510742187506,Leave_One_experiments/all_year_offline_schedule_search/daily_outputs/FQA/FQA_2021_FQA2021_normal_grid_S0013_daily.csv
FQA,FQA,Fengqiu,2021,Leave_One_experiments\wth_generated_qc\FQA\FQA2021.WTH,wet_year;nitrogen_stress_year;low_response_year,wet,FQA2021_normal_grid_S0013,irrigation_positive_candidate,2021-08-13,225,69,64,"{""sim_day"": 69.0, ""doy"": 225.0, ""topwt"": 6205.059814453125, ""grnwt"": 0.0, ""xlai"": 2.338249921798706, ""totir"": 0.0, ""tofer"": NaN, ""swfac"": 0.0, ""nstres"": 0.0}",0.0,0.0,6205.059814453125,0.0,2.338249921798706,0.0,,0.0,0.0,30.0,150.0,14.748510742187506,26.748510742187506,Leave_One_experiments/all_year_offline_schedule_search/daily_outputs/FQA/FQA_2021_FQA2021_normal_grid_S0013_daily.csv
FQA,FQA,Fengqiu,2021,Leave_One_experiments\wth_generated_qc\FQA\FQA2021.WTH,wet_year;nitrogen_stress_year;low_response_year,wet,FQA2021_normal_grid_S0013,irrigation_positive_candidate,2021-08-14,226,70,65,"{""sim_day"": 70.0, ""doy"": 226.0, ""topwt"": 6530.32470703125, ""grnwt"": 0.0, ""xlai"": 2.327319383621216, ""totir"": 30.0, ""tofer"": NaN, ""swfac"": 0.0, ""nstres"": 0.0}",0.0,0.0,6530.32470703125,0.0,2.327319383621216,30.0,,30.0,0.0,30.0,150.0,14.748510742187506,26.748510742187506,Leave_One_experiments/all_year_offline_schedule_search/daily_outputs/FQA/FQA_2021_FQA2021_normal_grid_S0013_daily.csv
FQA,FQA,Fengqiu,2021,Leave_One_experiments\wth_generated_qc\FQA\FQA2021.WTH,wet_year;nitrogen_stress_year;low_response_year,wet,FQA2021_normal_grid_S0013,irrigation_positive_candidate,2021-08-15,227,71,66,"{""sim_day"": 71.0, ""doy"": 227.0, ""topwt"": 6874.619140625, ""grnwt"": 0.0, ""xlai"": 2.313917636871338, ""totir"": 30.0, ""tofer"": NaN, ""swfac"": 0.0, ""nstres"": 0.0}",0.0,0.0,6874.619140625,0.0,2.313917636871338,30.0,,0.0,0.0,30.0,150.0,14.748510742187506,26.748510742187506,Leave_One_experiments/all_year_offline_schedule_search/daily_outputs/FQA/FQA_2021_FQA2021_normal_grid_S0013_daily.csv
FQA,FQA,Fengqiu,2021,Leave_One_experiments\wth_generated_qc\FQA\FQA2021.WTH,wet_year;nitrogen_stress_year;low_response_year,wet,FQA2021_normal_grid_S0013,irrigation_positive_candidate,2021-08-16,228,72,67,"{""sim_day"": 72.0, ""doy"": 228.0, ""topwt"": 7153.20068359375, ""grnwt"": 0.0, ""xlai"": 2.30054783821106, ""totir"": 30.0, ""tofer"": NaN, ""swfac"": 0.0, ""nstres"": 0.0}",0.0,0.0,7153.20068359375,0.0,2.30054783821106,30.0,,0.0,0.0,30.0,150.0,14.748510742187506,26.748510742187506,Leave_One_experiments/all_year_offline_schedule_search/daily_outputs/FQA/FQA_2021_FQA2021_normal_grid_S0013_daily.csv
FQA,FQA,Fengqiu,2021,Leave_One_experiments\wth_generated_qc\FQA\FQA2021.WTH,wet_year;nitrogen_stress_year;low_response_year,wet,FQA2021_normal_grid_S0013,irrigation_positive_candidate,2021-08-17,229,73,68,"{""sim_day"": 73.0, ""doy"": 229.0, ""topwt"": 7497.579345703125, ""grnwt"": 426.718978881836, ""xlai"": 2.2436745166778564, ""totir"": 30.0, ""tofer"": NaN, ""swfac"": 0.0, ""nstres"": 0.0}",0.0,0.0,7497.579345703125,426.718978881836,2.2436745166778564,30.0,,0.0,0.0,30.0,150.0,14.748510742187506,26.748510742187506,Leave_One_experiments/all_year_offline_schedule_search/daily_outputs/FQA/FQA_2021_FQA2021_normal_grid_S0013_daily.csv
FQA,FQA,Fengqiu,2021,Leave_One_experiments\wth_generated_qc\FQA\FQA2021.WTH,wet_year;nitrogen_stress_year;low_response_year,wet,FQA2021_normal_grid_S0013,irrigation_positive_candidate,2021-08-18,230,74,69,"{""sim_day"": 74.0, ""doy"": 230.0, ""topwt"": 7808.133544921875, ""grnwt"": 838.5177612304688, ""xlai"": 2.230421781539917, ""totir"": 30.0, ""tofer"": NaN, ""swfac"": 0.0, ""nstres"": 0.0}",0.0,0.0,7808.133544921875,838.5177612304688,2.230421781539917,30.0,,0.0,0.0,30.0,150.0,14.748510742187506,26.748510742187506,Leave_One_experiments/all_year_offline_schedule_search/daily_outputs/FQA/FQA_2021_FQA2021_normal_grid_S0013_daily.csv
FQA,FQA,Fengqiu,2021,Leave_One_experiments\wth_generated_qc\FQA\FQA2021.WTH,wet_year;nitrogen_stress_year;low_response_year,wet,FQA2021_normal_grid_S0013,irrigation_positive_candidate,2021-08-19,231,75,70,"{""sim_day"": 75.0, ""doy"": 231.0, ""topwt"": 8044.227294921875, ""grnwt"": 1315.965576171875, ""xlai"": 2.2173306941986084, ""totir"": 30.0, ""tofer"": NaN, ""swfac"": 0.0, ""nstres"": 0.0}",0.0,0.0,8044.227294921875,1315.965576171875,2.2173306941986084,30.0,,0.0,0.0,30.0,150.0,14.748510742187506,26.748510742187506,Leave_One_experiments/all_year_offline_schedule_search/daily_outputs/FQA/FQA_2021_FQA2021_normal_grid_S0013_daily.csv
FQA,FQA,Fengqiu,2021,Leave_One_experiments\wth_generated_qc\FQA\FQA2021.WTH,wet_year;nitrogen_stress_year;low_response_year,wet,FQA2021_normal_grid_S0013,irrigation_positive_candidate,2021-08-20,232,76,71,"{""sim_day"": 76.0, ""doy"": 232.0, ""topwt"": 8316.470336914062, ""grnwt"": 1793.4133911132812, ""xlai"": 2.202209711074829, ""totir"": 30.0, ""tofer"": NaN, ""swfac"": 0.0, ""nstres"": 0.0}",0.0,0.0,8316.470336914062,1793.4133911132812,2.202209711074829,30.0,,0.0,0.0,30.0,150.0,14.748510742187506,26.748510742187506,Leave_One_experiments/all_year_offline_schedule_search/daily_outputs/FQA/FQA_2021_FQA2021_normal_grid_S0013_daily.csv
FQA,FQA,Fengqiu,2021,Leave_One_experiments\wth_generated_qc\FQA\FQA2021.WTH,wet_year;nitrogen_stress_year;low_response_year,wet,FQA2021_normal_grid_S0013,irrigation_positive_candidate,2021-08-21,233,77,72,"{""sim_day"": 77.0, ""doy"": 233.0, ""topwt"": 8156.317138671875, ""grnwt"": 1858.358917236328, ""xlai"": 2.18664288520813, ""totir"": 30.0, ""tofer"": NaN, ""swfac"": 0.0, ""nstres"": 0.0}",0.0,0.0,8156.317138671875,1858.358917236328,2.18664288520813,30.0,,0.0,0.0,30.0,150.0,14.748510742187506,26.748510742187506,Leave_One_experiments/all_year_offline_schedule_search/daily_outputs/FQA/FQA_2021_FQA2021_normal_grid_S0013_daily.csv
FQA,FQA,Fengqiu,2021,Leave_One_experiments\wth_generated_qc\FQA\FQA2021.WTH,wet_year;nitrogen_stress_year;low_response_year,wet,FQA2021_normal_grid_S0013,irrigation_positive_candidate,2021-08-22,234,78,73,"{""sim_day"": 78.0, ""doy"": 234.0, ""topwt"": 8363.834838867188, ""grnwt"": 2065.8767700195312, ""xlai"": 2.168288230895996, ""totir"": 30.0, ""tofer"": NaN, ""swfac"": 0.0, ""nstres"": 0.0}",0.0,0.0,8363.834838867188,2065.8767700195312,2.168288230895996,30.0,,0.0,0.0,30.0,150.0,14.748510742187506,26.748510742187506,Leave_One_experiments/all_year_offline_schedule_search/daily_outputs/FQA/FQA_2021_FQA2021_normal_grid_S0013_daily.csv
FQA,FQA,Fengqiu,2021,Leave_One_experiments\wth_generated_qc\FQA\FQA2021.WTH,wet_year;nitrogen_stress_year;low_response_year,wet,FQA2021_normal_grid_S0013,irrigation_positive_candidate,2021-08-23,235,79,74,"{""sim_day"": 79.0, ""doy"": 235.0, ""topwt"": 8750.877075195312, ""grnwt"": 2452.919006347656, ""xlai"": 2.144557237625122, ""totir"": 30.0, ""tofer"": NaN, ""swfac"": 0.0, ""nstres"": 0.0}",0.0,0.0,8750.877075195312,2452.919006347656,2.144557237625122,30.0,,0.0,0.0,30.0,150.0,14.748510742187506,26.748510742187506,Leave_One_experiments/all_year_offline_schedule_search/daily_outputs/FQA/FQA_2021_FQA2021_normal_grid_S0013_daily.csv
FQA,FQA,Fengqiu,2021,Leave_One_experiments\wth_generated_qc\FQA\FQA2021.WTH,wet_year;nitrogen_stress_year;low_response_year,wet,FQA2021_normal_grid_S0013,irrigation_positive_candidate,2021-08-24,236,80,75,"{""sim_day"": 80.0, ""doy"": 236.0, ""topwt"": 9144.2724609375, ""grnwt"": 2846.314392089844, ""xlai"": 2.121801376342773, ""totir"": 30.0, ""tofer"": NaN, ""swfac"": 0.0, ""nstres"": 0.0}",0.0,0.0,9144.2724609375,2846.314392089844,2.121801376342773,30.0,,0.0,0.0,30.0,150.0,14.748510742187506,26.748510742187506,Leave_One_experiments/all_year_offline_schedule_search/daily_outputs/FQA/FQA_2021_FQA2021_normal_grid_S0013_daily.csv
FQA,FQA,Fengqiu,2021,Leave_One_experiments\wth_generated_qc\FQA\FQA2021.WTH,wet_year;nitrogen_stress_year;low_response_year,wet,FQA2021_normal_grid_S0013,irrigation_positive_candidate,2021-08-25,237,81,76,"{""sim_day"": 81.0, ""doy"": 237.0, ""topwt"": 9257.307739257812, ""grnwt"": 2959.349670410156, ""xlai"": 2.098362684249878, ""totir"": 30.0, ""tofer"": NaN, ""swfac"": 0.0, ""nstres"": 0.0}",0.0,0.0,9257.307739257812,2959.349670410156,2.098362684249878,30.0,,0.0,0.0,30.0,150.0,14.748510742187506,26.748510742187506,Leave_One_experiments/all_year_offline_schedule_search/daily_outputs/FQA/FQA_2021_FQA2021_normal_grid_S0013_daily.csv
FQA,FQA,Fengqiu,2021,Leave_One_experiments\wth_generated_qc\FQA\FQA2021.WTH,wet_year;nitrogen_stress_year;low_response_year,wet,FQA2021_normal_grid_S0013,irrigation_positive_candidate,2021-08-26,238,82,77,"{""sim_day"": 82.0, ""doy"": 238.0, ""topwt"": 9526.260375976562, ""grnwt"": 3228.3026123046875, ""xlai"": 2.0737552642822266, ""totir"": 30.0, ""tofer"": NaN, ""swfac"": 0.0, ""nstres"": 0.0}",0.0,0.0,9526.260375976562,3228.3026123046875,2.0737552642822266,30.0,,0.0,0.0,30.0,150.0,14.748510742187506,26.748510742187506,Leave_One_experiments/all_year_offline_schedule_search/daily_outputs/FQA/FQA_2021_FQA2021_normal_grid_S0013_daily.csv
FQA,FQA,Fengqiu,2021,Leave_One_experiments\wth_generated_qc\FQA\FQA2021.WTH,wet_year;nitrogen_stress_year;low_response_year,wet,FQA2021_normal_grid_S0013,irrigation_positive_candidate,2021-08-27,239,83,78,"{""sim_day"": 83.0, ""doy"": 239.0, ""topwt"": 9615.431518554688, ""grnwt"": 3317.4737548828125, ""xlai"": 2.0492424964904785, ""totir"": 30.0, ""tofer"": NaN, ""swfac"": 0.0, ""nstres"": 0.0}",0.0,0.0,9615.431518554688,3317.4737548828125,2.0492424964904785,30.0,,0.0,0.0,30.0,150.0,14.748510742187506,26.748510742187506,Leave_One_experiments/all_year_offline_schedule_search/daily_outputs/FQA/FQA_2021_FQA2021_normal_grid_S0013_daily.csv
FQA,FQA,Fengqiu,2021,Leave_One_experiments\wth_generated_qc\FQA\FQA2021.WTH,wet_year;nitrogen_stress_year;low_response_year,wet,FQA2021_normal_grid_S0013,irrigation_positive_candidate,2021-08-28,240,84,79,"{""sim_day"": 84.0, ""doy"": 240.0, ""topwt"": 9641.231079101562, ""grnwt"": 3343.2730102539062, ""xlai"": 2.023515462875366, ""totir"": 30.0, ""tofer"": NaN, ""swfac"": 0.0, ""nstres"": 0.0}",0.0,0.0,9641.231079101562,3343.2730102539062,2.023515462875366,30.0,,0.0,0.0,30.0,150.0,14.748510742187506,26.748510742187506,Leave_One_experiments/all_year_offline_schedule_search/daily_outputs/FQA/FQA_2021_FQA2021_normal_grid_S0013_daily.csv
FQA,FQA,Fengqiu,2021,Leave_One_experiments\wth_generated_qc\FQA\FQA2021.WTH,wet_year;nitrogen_stress_year;low_response_year,wet,FQA2021_normal_grid_S0013,irrigation_positive_candidate,2021-08-29,241,85,80,"{""sim_day"": 85.0, ""doy"": 241.0, ""topwt"": 9692.528076171877, ""grnwt"": 3394.5700073242188, ""xlai"": 1.993416786193848, ""totir"": 30.0, ""tofer"": NaN, ""swfac"": 0.0, ""nstres"": 0.0}",0.0,0.0,9692.528076171877,3394.5700073242188,1.993416786193848,30.0,,0.0,0.0,30.0,150.0,14.748510742187506,26.748510742187506,Leave_One_experiments/all_year_offline_schedule_search/daily_outputs/FQA/FQA_2021_FQA2021_normal_grid_S0013_daily.csv
FQA,FQA,Fengqiu,2021,Leave_One_experiments\wth_generated_qc\FQA\FQA2021.WTH,wet_year;nitrogen_stress_year;low_response_year,wet,FQA2021_normal_grid_S0013,irrigation_positive_candidate,2021-08-30,242,86,81,"{""sim_day"": 86.0, ""doy"": 242.0, ""topwt"": 9775.300903320312, ""grnwt"": 3477.342529296875, ""xlai"": 1.9604395627975464, ""totir"": 30.0, ""tofer"": NaN, ""swfac"": 0.0, ""nstres"": 0.0}",0.0,0.0,9775.300903320312,3477.342529296875,1.9604395627975464,30.0,,0.0,0.0,30.0,150.0,14.748510742187506,26.748510742187506,Leave_One_experiments/all_year_offline_schedule_search/daily_outputs/FQA/FQA_2021_FQA2021_normal_grid_S0013_daily.csv
FQA,FQA,Fengqiu,2021,Leave_One_experiments\wth_generated_qc\FQA\FQA2021.WTH,wet_year;nitrogen_stress_year;low_response_year,wet,FQA2021_normal_grid_S0013,irrigation_positive_candidate,2021-08-31,243,87,82,"{""sim_day"": 87.0, ""doy"": 243.0, ""topwt"": 9851.102294921877, ""grnwt"": 3553.143920898437, ""xlai"": 1.9276928901672363, ""totir"": 30.0, ""tofer"": NaN, ""swfac"": 0.0, ""nstres"": 0.0}",0.0,0.0,9851.102294921877,3553.143920898437,1.9276928901672363,30.0,,0.0,0.0,30.0,150.0,14.748510742187506,26.748510742187506,Leave_One_experiments/all_year_offline_schedule_search/daily_outputs/FQA/FQA_2021_FQA2021_normal_grid_S0013_daily.csv
FQA,FQA,Fengqiu,2021,Leave_One_experiments\wth_generated_qc\FQA\FQA2021.WTH,wet_year;nitrogen_stress_year;low_response_year,wet,FQA2021_normal_grid_S0013,irrigation_positive_candidate,2021-09-01,244,88,83,"{""sim_day"": 88.0, ""doy"": 244.0, ""topwt"": 10217.64404296875, ""grnwt"": 3919.6853637695312, ""xlai"": 1.8861159086227417, ""totir"": 30.0, ""tofer"": NaN, ""swfac"": 0.0, ""nstres"": 0.0}",0.0,0.0,10217.64404296875,3919.6853637695312,1.8861159086227417,30.0,,0.0,0.0,30.0,150.0,14.748510742187506,26.748510742187506,Leave_One_experiments/all_year_offline_schedule_search/daily_outputs/FQA/FQA_2021_FQA2021_normal_grid_S0013_daily.csv
FQA,FQA,Fengqiu,2021,Leave_One_experiments\wth_generated_qc\FQA\FQA2021.WTH,wet_year;nitrogen_stress_year;low_response_year,wet,FQA2021_normal_grid_S0013,irrigation_positive_candidate,2021-09-02,245,89,84,"{""sim_day"": 89.0, ""doy"": 245.0, ""topwt"": 10478.006591796877, ""grnwt"": 4180.047912597656, ""xlai"": 1.8398642539978027, ""totir"": 30.0, ""tofer"": NaN, ""swfac"": 0.0, ""nstres"": 0.0}",0.0,0.0,10478.006591796877,4180.047912597656,1.8398642539978027,30.0,,0.0,0.0,30.0,150.0,14.748510742187506,26.748510742187506,Leave_One_experiments/all_year_offline_schedule_search/daily_outputs/FQA/FQA_2021_FQA2021_normal_grid_S0013_daily.csv
FQA,FQA,Fengqiu,2021,Leave_One_experiments\wth_generated_qc\FQA\FQA2021.WTH,wet_year;nitrogen_stress_year;low_response_year,wet,FQA2021_normal_grid_S0013,irrigation_positive_candidate,2021-09-03,246,90,85,"{""sim_day"": 90.0, ""doy"": 246.0, ""topwt"": 10507.08984375, ""grnwt"": 4209.1314697265625, ""xlai"": 1.7976911067962646, ""totir"": 30.0, ""tofer"": NaN, ""swfac"": 0.0, ""nstres"": 0.0}",0.0,0.0,10507.08984375,4209.1314697265625,1.7976911067962646,30.0,,0.0,0.0,30.0,150.0,14.748510742187506,26.748510742187506,Leave_One_experiments/all_year_offline_schedule_search/daily_outputs/FQA/FQA_2021_FQA2021_normal_grid_S0013_daily.csv
FQA,FQA,Fengqiu,2021,Leave_One_experiments\wth_generated_qc\FQA\FQA2021.WTH,wet_year;nitrogen_stress_year;low_response_year,wet,FQA2021_normal_grid_S0013,irrigation_positive_candidate,2021-09-04,247,91,86,"{""sim_day"": 91.0, ""doy"": 247.0, ""topwt"": 10632.6513671875, ""grnwt"": 4334.693298339844, ""xlai"": 1.7534329891204834, ""totir"": 30.0, ""tofer"": NaN, ""swfac"": 0.0, ""nstres"": 0.0}",0.0,0.0,10632.6513671875,4334.693298339844,1.7534329891204834,30.0,,0.0,0.0,30.0,150.0,14.748510742187506,26.748510742187506,Leave_One_experiments/all_year_offline_schedule_search/daily_outputs/FQA/FQA_2021_FQA2021_normal_grid_S0013_daily.csv
FQA,FQA,Fengqiu,2021,Leave_One_experiments\wth_generated_qc\FQA\FQA2021.WTH,wet_year;nitrogen_stress_year;low_response_year,wet,FQA2021_normal_grid_S0013,irrigation_positive_candidate,2021-09-05,248,92,87,"{""sim_day"": 92.0, ""doy"": 248.0, ""topwt"": 10717.7783203125, ""grnwt"": 4419.819030761719, ""xlai"": 1.7045341730117798, ""totir"": 30.0, ""tofer"": NaN, ""swfac"": 0.0, ""nstres"": 0.0}",0.0,0.0,10717.7783203125,4419.819030761719,1.7045341730117798,30.0,,0.0,0.0,30.0,150.0,14.748510742187506,26.748510742187506,Leave_One_experiments/all_year_offline_schedule_search/daily_outputs/FQA/FQA_2021_FQA2021_normal_grid_S0013_daily.csv
FQA,FQA,Fengqiu,2021,Leave_One_experiments\wth_generated_qc\FQA\FQA2021.WTH,wet_year;nitrogen_stress_year;low_response_year,wet,FQA2021_normal_grid_S0013,irrigation_positive_candidate,2021-09-06,249,93,88,"{""sim_day"": 93.0, ""doy"": 249.0, ""topwt"": 11063.54736328125, ""grnwt"": 4765.5889892578125, ""xlai"": 1.6491944789886477, ""totir"": 30.0, ""tofer"": NaN, ""swfac"": 0.0, ""nstres"": 0.0}",0.0,0.0,11063.54736328125,4765.5889892578125,1.6491944789886477,30.0,,0.0,0.0,30.0,150.0,14.748510742187506,26.748510742187506,Leave_One_experiments/all_year_offline_schedule_search/daily_outputs/FQA/FQA_2021_FQA2021_normal_grid_S0013_daily.csv
FQA,FQA,Fengqiu,2021,Leave_One_experiments\wth_generated_qc\FQA\FQA2021.WTH,wet_year;nitrogen_stress_year;low_response_year,wet,FQA2021_normal_grid_S0013,irrigation_positive_candidate,2021-09-07,250,94,89,"{""sim_day"": 94.0, ""doy"": 250.0, ""topwt"": 11409.017333984377, ""grnwt"": 5111.059265136719, ""xlai"": 1.5843945741653442, ""totir"": 30.0, ""tofer"": NaN, ""swfac"": 0.0, ""nstres"": 0.0}",0.0,0.0,11409.017333984377,5111.059265136719,1.5843945741653442,30.0,,0.0,0.0,30.0,150.0,14.748510742187506,26.748510742187506,Leave_One_experiments/all_year_offline_schedule_search/daily_outputs/FQA/FQA_2021_FQA2021_normal_grid_S0013_daily.csv
FQA,FQA,Fengqiu,2021,Leave_One_experiments\wth_generated_qc\FQA\FQA2021.WTH,wet_year;nitrogen_stress_year;low_response_year,wet,FQA2021_normal_grid_S0013,irrigation_positive_candidate,2021-09-08,251,95,90,"{""sim_day"": 95.0, ""doy"": 251.0, ""topwt"": 11735.63232421875, ""grnwt"": 5437.6751708984375, ""xlai"": 1.5092990398406982, ""totir"": 30.0, ""tofer"": NaN, ""swfac"": 0.0, ""nstres"": 0.0}",0.0,0.0,11735.63232421875,5437.6751708984375,1.5092990398406982,30.0,,0.0,0.0,30.0,150.0,14.748510742187506,26.748510742187506,Leave_One_experiments/all_year_offline_schedule_search/daily_outputs/FQA/FQA_2021_FQA2021_normal_grid_S0013_daily.csv
FQA,FQA,Fengqiu,2021,Leave_One_experiments\wth_generated_qc\FQA\FQA2021.WTH,wet_year;nitrogen_stress_year;low_response_year,wet,FQA2021_normal_grid_S0013,irrigation_positive_candidate,2021-09-09,252,96,91,"{""sim_day"": 96.0, ""doy"": 252.0, ""topwt"": 12024.501953125, ""grnwt"": 5726.544799804688, ""xlai"": 1.4243485927581787, ""totir"": 30.0, ""tofer"": NaN, ""swfac"": 0.0, ""nstres"": 0.0}",0.0,0.0,12024.501953125,5726.544799804688,1.4243485927581787,30.0,,0.0,0.0,30.0,150.0,14.748510742187506,26.748510742187506,Leave_One_experiments/all_year_offline_schedule_search/daily_outputs/FQA/FQA_2021_FQA2021_normal_grid_S0013_daily.csv
FQA,FQA,Fengqiu,2021,Leave_One_experiments\wth_generated_qc\FQA\FQA2021.WTH,wet_year;nitrogen_stress_year;low_response_year,wet,FQA2021_normal_grid_S0013,irrigation_positive_candidate,2021-09-10,253,97,92,"{""sim_day"": 97.0, ""doy"": 253.0, ""topwt"": 12329.02099609375, ""grnwt"": 6031.0626220703125, ""xlai"": 1.3305103778839111, ""totir"": 30.0, ""tofer"": NaN, ""swfac"": 0.0, ""nstres"": 0.0}",0.0,0.0,12329.02099609375,6031.0626220703125,1.3305103778839111,30.0,,0.0,0.0,30.0,150.0,14.748510742187506,26.748510742187506,Leave_One_experiments/all_year_offline_schedule_search/daily_outputs/FQA/FQA_2021_FQA2021_normal_grid_S0013_daily.csv
FQA,FQA,Fengqiu,2021,Leave_One_experiments\wth_generated_qc\FQA\FQA2021.WTH,wet_year;nitrogen_stress_year;low_response_year,wet,FQA2021_normal_grid_S0013,irrigation_positive_candidate,2021-09-11,254,98,93,"{""sim_day"": 98.0, ""doy"": 254.0, ""topwt"": 12611.021728515623, ""grnwt"": 6313.06396484375, ""xlai"": 1.2342889308929443, ""totir"": 30.0, ""tofer"": NaN, ""swfac"": 0.0, ""nstres"": 0.0}",0.0,0.0,12611.021728515623,6313.06396484375,1.2342889308929443,30.0,,0.0,0.0,30.0,150.0,14.748510742187506,26.748510742187506,Leave_One_experiments/all_year_offline_schedule_search/daily_outputs/FQA/FQA_2021_FQA2021_normal_grid_S0013_daily.csv
FQA,FQA,Fengqiu,2021,Leave_One_experiments\wth_generated_qc\FQA\FQA2021.WTH,wet_year;nitrogen_stress_year;low_response_year,wet,FQA2021_normal_grid_S0013,irrigation_positive_candidate,2021-09-12,255,99,94,"{""sim_day"": 99.0, ""doy"": 255.0, ""topwt"": 12843.515625, ""grnwt"": 6545.558471679688, ""xlai"": 1.1195783615112305, ""totir"": 30.0, ""tofer"": NaN, ""swfac"": 0.0, ""nstres"": 0.0}",0.0,0.0,12843.515625,6545.558471679688,1.1195783615112305,30.0,,0.0,0.0,30.0,150.0,14.748510742187506,26.748510742187506,Leave_One_experiments/all_year_offline_schedule_search/daily_outputs/FQA/FQA_2021_FQA2021_normal_grid_S0013_daily.csv
FQA,FQA,Fengqiu,2021,Leave_One_experiments\wth_generated_qc\FQA\FQA2021.WTH,wet_year;nitrogen_stress_year;low_response_year,wet,FQA2021_normal_grid_S0013,irrigation_positive_candidate,2021-09-13,256,100,95,"{""sim_day"": 100.0, ""doy"": 256.0, ""topwt"": 13022.808837890623, ""grnwt"": 6724.85107421875, ""xlai"": 1.0027261972427368, ""totir"": 30.0, ""tofer"": NaN, ""swfac"": 0.0, ""nstres"": 0.0}",0.0,0.0,13022.808837890623,6724.85107421875,1.0027261972427368,30.0,,0.0,0.0,30.0,150.0,14.748510742187506,26.748510742187506,Leave_One_experiments/all_year_offline_schedule_search/daily_outputs/FQA/FQA_2021_FQA2021_normal_grid_S0013_daily.csv
FQA,FQA,Fengqiu,2021,Leave_One_experiments\wth_generated_qc\FQA\FQA2021.WTH,wet_year;nitrogen_stress_year;low_response_year,wet,FQA2021_normal_grid_S0013,irrigation_positive_candidate,2021-09-14,257,101,96,"{""sim_day"": 101.0, ""doy"": 257.0, ""topwt"": 13022.808837890623, ""grnwt"": 6724.85107421875, ""xlai"": 1.0027261972427368, ""totir"": 30.0, ""tofer"": NaN, ""swfac"": 0.0, ""nstres"": 0.0}",0.0,0.0,13022.808837890623,6724.85107421875,1.0027261972427368,30.0,,0.0,0.0,30.0,150.0,14.748510742187506,26.748510742187506,Leave_One_experiments/all_year_offline_schedule_search/daily_outputs/FQA/FQA_2021_FQA2021_normal_grid_S0013_daily.csv
FQA,FQA,Fengqiu,2021,Leave_One_experiments\wth_generated_qc\FQA\FQA2021.WTH,wet_year;nitrogen_stress_year;low_response_year,wet,FQA2021_normal_grid_S0013,irrigation_positive_candidate,2021-09-15,258,102,97,"{""sim_day"": 102.0, ""doy"": 258.0, ""topwt"": 13022.808837890623, ""grnwt"": 6724.85107421875, ""xlai"": 1.0027261972427368, ""totir"": 30.0, ""tofer"": NaN, ""swfac"": 0.0, ""nstres"": 0.0}",0.0,0.0,13022.808837890623,6724.85107421875,1.0027261972427368,30.0,,0.0,0.0,30.0,150.0,14.748510742187506,26.748510742187506,Leave_One_experiments/all_year_offline_schedule_search/daily_outputs/FQA/FQA_2021_FQA2021_normal_grid_S0013_daily.csv
FQA,FQA,Fengqiu,2021,Leave_One_experiments\wth_generated_qc\FQA\FQA2021.WTH,wet_year;nitrogen_stress_year;low_response_year,wet,FQA2021_normal_grid_S0013,irrigation_positive_candidate,2021-09-16,259,103,98,"{""sim_day"": 103.0, ""doy"": 259.0, ""topwt"": 13022.808837890623, ""grnwt"": 6724.85107421875, ""xlai"": 1.0027261972427368, ""totir"": 30.0, ""tofer"": NaN, ""swfac"": 0.0, ""nstres"": 0.0}",0.0,0.0,13022.808837890623,6724.85107421875,1.0027261972427368,30.0,,0.0,0.0,30.0,150.0,14.748510742187506,26.748510742187506,Leave_One_experiments/all_year_offline_schedule_search/daily_outputs/FQA/FQA_2021_FQA2021_normal_grid_S0013_daily.csv
FQA,FQA,Fengqiu,2021,Leave_One_experiments\wth_generated_qc\FQA\FQA2021.WTH,wet_year;nitrogen_stress_year;low_response_year,wet,FQA2021_normal_grid_S0010,low_input_within_10pct_yield,2021-06-11,162,1,1,"{""sim_day"": 1.0, ""doy"": 162.0, ""topwt"": 0.0, ""grnwt"": 0.0, ""xlai"": 0.0, ""totir"": 0.0, ""tofer"": NaN, ""swfac"": 0.0, ""nstres"": 0.0}",0.0,0.0,0.0,0.0,0.0,0.0,,0.0,50.0,0.0,150.0,29.748510742187506,29.748510742187506,Leave_One_experiments/all_year_offline_schedule_search/daily_outputs/FQA/FQA_2021_FQA2021_normal_grid_S0010_daily.csv
FQA,FQA,Fengqiu,2021,Leave_One_experiments\wth_generated_qc\FQA\FQA2021.WTH,wet_year;nitrogen_stress_year;low_response_year,wet,FQA2021_normal_grid_S0010,low_input_within_10pct_yield,2021-06-12,163,2,2,"{""sim_day"": 2.0, ""doy"": 163.0, ""topwt"": 0.0, ""grnwt"": 0.0, ""xlai"": 0.0, ""totir"": 0.0, ""tofer"": NaN, ""swfac"": 0.0, ""nstres"": 0.0}",0.0,0.0,0.0,0.0,0.0,0.0,,0.0,0.0,0.0,150.0,29.748510742187506,29.748510742187506,Leave_One_experiments/all_year_offline_schedule_search/daily_outputs/FQA/FQA_2021_FQA2021_normal_grid_S0010_daily.csv
FQA,FQA,Fengqiu,2021,Leave_One_experiments\wth_generated_qc\FQA\FQA2021.WTH,wet_year;nitrogen_stress_year;low_response_year,wet,FQA2021_normal_grid_S0010,low_input_within_10pct_yield,2021-06-13,164,3,3,"{""sim_day"": 3.0, ""doy"": 164.0, ""topwt"": 0.0, ""grnwt"": 0.0, ""xlai"": 0.0, ""totir"": 0.0, ""tofer"": NaN, ""swfac"": 0.0, ""nstres"": 0.0}",0.0,0.0,0.0,0.0,0.0,0.0,,0.0,0.0,0.0,150.0,29.748510742187506,29.748510742187506,Leave_One_experiments/all_year_offline_schedule_search/daily_outputs/FQA/FQA_2021_FQA2021_normal_grid_S0010_daily.csv
FQA,FQA,Fengqiu,2021,Leave_One_experiments\wth_generated_qc\FQA\FQA2021.WTH,wet_year;nitrogen_stress_year;low_response_year,wet,FQA2021_normal_grid_S0010,low_input_within_10pct_yield,2021-06-14,165,4,4,"{""sim_day"": 4.0, ""doy"": 165.0, ""topwt"": 0.0, ""grnwt"": 0.0, ""xlai"": 0.0, ""totir"": 0.0, ""tofer"": NaN, ""swfac"": 0.0, ""nstres"": 0.0}",0.0,0.0,0.0,0.0,0.0,0.0,,0.0,0.0,0.0,150.0,29.748510742187506,29.748510742187506,Leave_One_experiments/all_year_offline_schedule_search/daily_outputs/FQA/FQA_2021_FQA2021_normal_grid_S0010_daily.csv
FQA,FQA,Fengqiu,2021,Leave_One_experiments\wth_generated_qc\FQA\FQA2021.WTH,wet_year;nitrogen_stress_year;low_response_year,wet,FQA2021_normal_grid_S0010,low_input_within_10pct_yield,2021-06-15,166,5,5,"{""sim_day"": 5.0, ""doy"": 166.0, ""topwt"": 0.0, ""grnwt"": 0.0, ""xlai"": 0.0, ""totir"": 0.0, ""tofer"": NaN, ""swfac"": 0.0, ""nstres"": 0.0}",0.0,0.0,0.0,0.0,0.0,0.0,,0.0,0.0,0.0,150.0,29.748510742187506,29.748510742187506,Leave_One_experiments/all_year_offline_schedule_search/daily_outputs/FQA/FQA_2021_FQA2021_normal_grid_S0010_daily.csv
FQA,FQA,Fengqiu,2021,Leave_One_experiments\wth_generated_qc\FQA\FQA2021.WTH,wet_year;nitrogen_stress_year;low_response_year,wet,FQA2021_normal_grid_S0010,low_input_within_10pct_yield,2021-06-11,162,6,1,"{""sim_day"": 6.0, ""doy"": 162.0, ""topwt"": 0.0, ""grnwt"": 0.0, ""xlai"": 0.0, ""totir"": 0.0, ""tofer"": NaN, ""swfac"": 0.0, ""nstres"": 0.0}",0.0,0.0,0.0,0.0,0.0,0.0,,0.0,0.0,0.0,150.0,29.748510742187506,29.748510742187506,Leave_One_experiments/all_year_offline_schedule_search/daily_outputs/FQA/FQA_2021_FQA2021_normal_grid_S0010_daily.csv
FQA,FQA,Fengqiu,2021,Leave_One_experiments\wth_generated_qc\FQA\FQA2021.WTH,wet_year;nitrogen_stress_year;low_response_year,wet,FQA2021_normal_grid_S0010,low_input_within_10pct_yield,2021-06-12,163,7,2,"{""sim_day"": 7.0, ""doy"": 163.0, ""topwt"": 0.0, ""grnwt"": 0.0, ""xlai"": 0.0, ""totir"": 0.0, ""tofer"": NaN, ""swfac"": 0.0, ""nstres"": 0.0}",0.0,0.0,0.0,0.0,0.0,0.0,,0.0,0.0,0.0,150.0,29.748510742187506,29.748510742187506,Leave_One_experiments/all_year_offline_schedule_search/daily_outputs/FQA/FQA_2021_FQA2021_normal_grid_S0010_daily.csv
FQA,FQA,Fengqiu,2021,Leave_One_experiments\wth_generated_qc\FQA\FQA2021.WTH,wet_year;nitrogen_stress_year;low_response_year,wet,FQA2021_normal_grid_S0010,low_input_within_10pct_yield,2021-06-13,164,8,3,"{""sim_day"": 8.0, ""doy"": 164.0, ""topwt"": 0.0, ""grnwt"": 0.0, ""xlai"": 0.0, ""totir"": 0.0, ""tofer"": NaN, ""swfac"": 0.0, ""nstres"": 0.0}",0.0,0.0,0.0,0.0,0.0,0.0,,0.0,0.0,0.0,150.0,29.748510742187506,29.748510742187506,Leave_One_experiments/all_year_offline_schedule_search/daily_outputs/FQA/FQA_2021_FQA2021_normal_grid_S0010_daily.csv
FQA,FQA,Fengqiu,2021,Leave_One_experiments\wth_generated_qc\FQA\FQA2021.WTH,wet_year;nitrogen_stress_year;low_response_year,wet,FQA2021_normal_grid_S0010,low_input_within_10pct_yield,2021-06-14,165,9,4,"{""sim_day"": 9.0, ""doy"": 165.0, ""topwt"": 0.0, ""grnwt"": 0.0, ""xlai"": 0.0, ""totir"": 0.0, ""tofer"": NaN, ""swfac"": 0.0, ""nstres"": 0.0}",0.0,0.0,0.0,0.0,0.0,0.0,,0.0,0.0,0.0,150.0,29.748510742187506,29.748510742187506,Leave_One_experiments/all_year_offline_schedule_search/daily_outputs/FQA/FQA_2021_FQA2021_normal_grid_S0010_daily.csv
FQA,FQA,Fengqiu,2021,Leave_One_experiments\wth_generated_qc\FQA\FQA2021.WTH,wet_year;nitrogen_stress_year;low_response_year,wet,FQA2021_normal_grid_S0010,low_input_within_10pct_yield,2021-06-15,166,10,5,"{""sim_day"": 10.0, ""doy"": 166.0, ""topwt"": 32.00000047683716, ""grnwt"": 0.0, ""xlai"": 0.0028055706061422, ""totir"": 0.0, ""tofer"": NaN, ""swfac"": 0.0, ""nstres"": 0.0121910572052001}",0.0,0.0121910572052001,32.00000047683716,0.0,0.0028055706061422,0.0,,0.0,0.0,0.0,150.0,29.748510742187506,29.748510742187506,Leave_One_experiments/all_year_offline_schedule_search/daily_outputs/FQA/FQA_2021_FQA2021_normal_grid_S0010_daily.csv
FQA,FQA,Fengqiu,2021,Leave_One_experiments\wth_generated_qc\FQA\FQA2021.WTH,wet_year;nitrogen_stress_year;low_response_year,wet,FQA2021_normal_grid_S0010,low_input_within_10pct_yield,2021-06-16,167,11,6,"{""sim_day"": 11.0, ""doy"": 167.0, ""topwt"": 32.00000047683716, ""grnwt"": 0.0, ""xlai"": 0.0049125892110168, ""totir"": 0.0, ""tofer"": NaN, ""swfac"": 0.0, ""nstres"": 0.007765769958496}",0.0,0.007765769958496,32.00000047683716,0.0,0.0049125892110168,0.0,,0.0,0.0,0.0,150.0,29.748510742187506,29.748510742187506,Leave_One_experiments/all_year_offline_schedule_search/daily_outputs/FQA/FQA_2021_FQA2021_normal_grid_S0010_daily.csv
FQA,FQA,Fengqiu,2021,Leave_One_experiments\wth_generated_qc\FQA\FQA2021.WTH,wet_year;nitrogen_stress_year;low_response_year,wet,FQA2021_normal_grid_S0010,low_input_within_10pct_yield,2021-06-17,168,12,7,"{""sim_day"": 12.0, ""doy"": 168.0, ""topwt"": 32.00000047683716, ""grnwt"": 0.0, ""xlai"": 0.0076075526885688, ""totir"": 0.0, ""tofer"": NaN, ""swfac"": 0.0, ""nstres"": 0.0}",0.0,0.0,32.00000047683716,0.0,0.0076075526885688,0.0,,0.0,0.0,0.0,150.0,29.748510742187506,29.748510742187506,Leave_One_experiments/all_year_offline_schedule_search/daily_outputs/FQA/FQA_2021_FQA2021_normal_grid_S0010_daily.csv
FQA,FQA,Fengqiu,2021,Leave_One_experiments\wth_generated_qc\FQA\FQA2021.WTH,wet_year;nitrogen_stress_year;low_response_year,wet,FQA2021_normal_grid_S0010,low_input_within_10pct_yield,2021-06-18,169,13,8,"{""sim_day"": 13.0, ""doy"": 169.0, ""topwt"": 32.00000047683716, ""grnwt"": 0.0, ""xlai"": 0.0109028629958629, ""totir"": 0.0, ""tofer"": NaN, ""swfac"": 0.0, ""nstres"": 0.0}",0.0,0.0,32.00000047683716,0.0,0.0109028629958629,0.0,,0.0,0.0,0.0,150.0,29.748510742187506,29.748510742187506,Leave_One_experiments/all_year_offline_schedule_search/daily_outputs/FQA/FQA_2021_FQA2021_normal_grid_S0010_daily.csv
FQA,FQA,Fengqiu,2021,Leave_One_experiments\wth_generated_qc\FQA\FQA2021.WTH,wet_year;nitrogen_stress_year;low_response_year,wet,FQA2021_normal_grid_S0010,low_input_within_10pct_yield,2021-06-19,170,14,9,"{""sim_day"": 14.0, ""doy"": 170.0, ""topwt"": 32.00000047683716, ""grnwt"": 0.0, ""xlai"": 0.0148038314655423, ""totir"": 0.0, ""tofer"": NaN, ""swfac"": 0.0, ""nstres"": 0.0}",0.0,0.0,32.00000047683716,0.0,0.0148038314655423,0.0,,0.0,0.0,0.0,150.0,29.748510742187506,29.748510742187506,Leave_One_experiments/all_year_offline_schedule_search/daily_outputs/FQA/FQA_2021_FQA2021_normal_grid_S0010_daily.csv
FQA,FQA,Fengqiu,2021,Leave_One_experiments\wth_generated_qc\FQA\FQA2021.WTH,wet_year;nitrogen_stress_year;low_response_year,wet,FQA2021_normal_grid_S0010,low_input_within_10pct_yield,2021-06-20,171,15,10,"{""sim_day"": 15.0, ""doy"": 171.0, ""topwt"": 32.00000047683716, ""grnwt"": 0.0, ""xlai"": 0.0188248269259929, ""totir"": 0.0, ""tofer"": NaN, ""swfac"": 0.0, ""nstres"": 0.0}",0.0,0.0,32.00000047683716,0.0,0.0188248269259929,0.0,,0.0,0.0,0.0,150.0,29.748510742187506,29.748510742187506,Leave_One_experiments/all_year_offline_schedule_search/daily_outputs/FQA/FQA_2021_FQA2021_normal_grid_S0010_daily.csv
FQA,FQA,Fengqiu,2021,Leave_One_experiments\wth_generated_qc\FQA\FQA2021.WTH,wet_year;nitrogen_stress_year;low_response_year,wet,FQA2021_normal_grid_S0010,low_input_within_10pct_yield,2021-06-21,172,16,11,"{""sim_day"": 16.0, ""doy"": 172.0, ""topwt"": 32.00000047683716, ""grnwt"": 0.0, ""xlai"": 0.023411126807332, ""totir"": 0.0, ""tofer"": NaN, ""swfac"": 0.0, ""nstres"": 0.0}",0.0,0.0,32.00000047683716,0.0,0.023411126807332,0.0,,0.0,0.0,0.0,150.0,29.748510742187506,29.748510742187506,Leave_One_experiments/all_year_offline_schedule_search/daily_outputs/FQA/FQA_2021_FQA2021_normal_grid_S0010_daily.csv
FQA,FQA,Fengqiu,2021,Leave_One_experiments\wth_generated_qc\FQA\FQA2021.WTH,wet_year;nitrogen_stress_year;low_response_year,wet,FQA2021_normal_grid_S0010,low_input_within_10pct_yield,2021-06-22,173,17,12,"{""sim_day"": 17.0, ""doy"": 173.0, ""topwt"": 26.331264972686768, ""grnwt"": 0.0, ""xlai"": 0.0412517599761486, ""totir"": 0.0, ""tofer"": NaN, ""swfac"": 0.0, ""nstres"": 0.0}",0.0,0.0,26.331264972686768,0.0,0.0412517599761486,0.0,,0.0,0.0,0.0,150.0,29.748510742187506,29.748510742187506,Leave_One_experiments/all_year_offline_schedule_search/daily_outputs/FQA/FQA_2021_FQA2021_normal_grid_S0010_daily.csv
FQA,FQA,Fengqiu,2021,Leave_One_experiments\wth_generated_qc\FQA\FQA2021.WTH,wet_year;nitrogen_stress_year;low_response_year,wet,FQA2021_normal_grid_S0010,low_input_within_10pct_yield,2021-06-23,174,18,13,"{""sim_day"": 18.0, ""doy"": 174.0, ""topwt"": 33.11282157897949, ""grnwt"": 0.0, ""xlai"": 0.0616481862962245, ""totir"": 0.0, ""tofer"": NaN, ""swfac"": 0.0, ""nstres"": 0.0}",0.0,0.0,33.11282157897949,0.0,0.0616481862962245,0.0,,0.0,0.0,0.0,150.0,29.748510742187506,29.748510742187506,Leave_One_experiments/all_year_offline_schedule_search/daily_outputs/FQA/FQA_2021_FQA2021_normal_grid_S0010_daily.csv
FQA,FQA,Fengqiu,2021,Leave_One_experiments\wth_generated_qc\FQA\FQA2021.WTH,wet_year;nitrogen_stress_year;low_response_year,wet,FQA2021_normal_grid_S0010,low_input_within_10pct_yield,2021-06-24,175,19,14,"{""sim_day"": 19.0, ""doy"": 175.0, ""topwt"": 39.96714115142822, ""grnwt"": 0.0, ""xlai"": 0.0805795490741729, ""totir"": 0.0, ""tofer"": NaN, ""swfac"": 0.0, ""nstres"": 0.0}",0.0,0.0,39.96714115142822,0.0,0.0805795490741729,0.0,,0.0,0.0,0.0,150.0,29.748510742187506,29.748510742187506,Leave_One_experiments/all_year_offline_schedule_search/daily_outputs/FQA/FQA_2021_FQA2021_normal_grid_S0010_daily.csv
FQA,FQA,Fengqiu,2021,Leave_One_experiments\wth_generated_qc\FQA\FQA2021.WTH,wet_year;nitrogen_stress_year;low_response_year,wet,FQA2021_normal_grid_S0010,low_input_within_10pct_yield,2021-06-25,176,20,15,"{""sim_day"": 20.0, ""doy"": 176.0, ""topwt"": 48.70611190795898, ""grnwt"": 0.0, ""xlai"": 0.1031496822834014, ""totir"": 0.0, ""tofer"": NaN, ""swfac"": 0.0, ""nstres"": 0.0}",0.0,0.0,48.70611190795898,0.0,0.1031496822834014,0.0,,0.0,0.0,0.0,150.0,29.748510742187506,29.748510742187506,Leave_One_experiments/all_year_offline_schedule_search/daily_outputs/FQA/FQA_2021_FQA2021_normal_grid_S0010_daily.csv
FQA,FQA,Fengqiu,2021,Leave_One_experiments\wth_generated_qc\FQA\FQA2021.WTH,wet_year;nitrogen_stress_year;low_response_year,wet,FQA2021_normal_grid_S0010,low_input_within_10pct_yield,2021-06-26,177,21,16,"{""sim_day"": 21.0, ""doy"": 177.0, ""topwt"": 59.80781078338623, ""grnwt"": 0.0, ""xlai"": 0.1300678253173828, ""totir"": 0.0, ""tofer"": NaN, ""swfac"": 0.0, ""nstres"": 0.0}",0.0,0.0,59.80781078338623,0.0,0.1300678253173828,0.0,,0.0,0.0,0.0,150.0,29.748510742187506,29.748510742187506,Leave_One_experiments/all_year_offline_schedule_search/daily_outputs/FQA/FQA_2021_FQA2021_normal_grid_S0010_daily.csv
FQA,FQA,Fengqiu,2021,Leave_One_experiments\wth_generated_qc\FQA\FQA2021.WTH,wet_year;nitrogen_stress_year;low_response_year,wet,FQA2021_normal_grid_S0010,low_input_within_10pct_yield,2021-06-27,178,22,17,"{""sim_day"": 22.0, ""doy"": 178.0, ""topwt"": 73.01446914672852, ""grnwt"": 0.0, ""xlai"": 0.1602696627378463, ""totir"": 0.0, ""tofer"": NaN, ""swfac"": 0.0, ""nstres"": 0.0}",0.0,0.0,73.01446914672852,0.0,0.1602696627378463,0.0,,0.0,0.0,0.0,150.0,29.748510742187506,29.748510742187506,Leave_One_experiments/all_year_offline_schedule_search/daily_outputs/FQA/FQA_2021_FQA2021_normal_grid_S0010_daily.csv
FQA,FQA,Fengqiu,2021,Leave_One_experiments\wth_generated_qc\FQA\FQA2021.WTH,wet_year;nitrogen_stress_year;low_response_year,wet,FQA2021_normal_grid_S0010,low_input_within_10pct_yield,2021-06-28,179,23,18,"{""sim_day"": 23.0, ""doy"": 179.0, ""topwt"": 87.82415390014648, ""grnwt"": 0.0, ""xlai"": 0.1924071907997131, ""totir"": 0.0, ""tofer"": NaN, ""swfac"": 0.0, ""nstres"": 0.0}",0.0,0.0,87.82415390014648,0.0,0.1924071907997131,0.0,,0.0,0.0,0.0,150.0,29.748510742187506,29.748510742187506,Leave_One_experiments/all_year_offline_schedule_search/daily_outputs/FQA/FQA_2021_FQA2021_normal_grid_S0010_daily.csv
FQA,FQA,Fengqiu,2021,Leave_One_experiments\wth_generated_qc\FQA\FQA2021.WTH,wet_year;nitrogen_stress_year;low_response_year,wet,FQA2021_normal_grid_S0010,low_input_within_10pct_yield,2021-06-29,180,24,19,"{""sim_day"": 24.0, ""doy"": 180.0, ""topwt"": 105.39074897766112, ""grnwt"": 0.0, ""xlai"": 0.228739708662033, ""totir"": 0.0, ""tofer"": NaN, ""swfac"": 0.0, ""nstres"": 0.0}",0.0,0.0,105.39074897766112,0.0,0.228739708662033,0.0,,0.0,0.0,0.0,150.0,29.748510742187506,29.748510742187506,Leave_One_experiments/all_year_offline_schedule_search/daily_outputs/FQA/FQA_2021_FQA2021_normal_grid_S0010_daily.csv
FQA,FQA,Fengqiu,2021,Leave_One_experiments\wth_generated_qc\FQA\FQA2021.WTH,wet_year;nitrogen_stress_year;low_response_year,wet,FQA2021_normal_grid_S0010,low_input_within_10pct_yield,2021-06-30,181,25,20,"{""sim_day"": 25.0, ""doy"": 181.0, ""topwt"": 121.58337593078612, ""grnwt"": 0.0, ""xlai"": 0.2608801424503326, ""totir"": 0.0, ""tofer"": NaN, ""swfac"": 0.0, ""nstres"": 0.0}",0.0,0.0,121.58337593078612,0.0,0.2608801424503326,0.0,,0.0,0.0,0.0,150.0,29.748510742187506,29.748510742187506,Leave_One_experiments/all_year_offline_schedule_search/daily_outputs/FQA/FQA_2021_FQA2021_normal_grid_S0010_daily.csv
FQA,FQA,Fengqiu,2021,Leave_One_experiments\wth_generated_qc\FQA\FQA2021.WTH,wet_year;nitrogen_stress_year;low_response_year,wet,FQA2021_normal_grid_S0010,low_input_within_10pct_yield,2021-07-01,182,26,21,"{""sim_day"": 26.0, ""doy"": 182.0, ""topwt"": 138.645658493042, ""grnwt"": 0.0, ""xlai"": 0.291950523853302, ""totir"": 0.0, ""tofer"": NaN, ""swfac"": 0.0, ""nstres"": 0.0}",0.0,0.0,138.645658493042,0.0,0.291950523853302,0.0,,0.0,0.0,0.0,150.0,29.748510742187506,29.748510742187506,Leave_One_experiments/all_year_offline_schedule_search/daily_outputs/FQA/FQA_2021_FQA2021_normal_grid_S0010_daily.csv
FQA,FQA,Fengqiu,2021,Leave_One_experiments\wth_generated_qc\FQA\FQA2021.WTH,wet_year;nitrogen_stress_year;low_response_year,wet,FQA2021_normal_grid_S0010,low_input_within_10pct_yield,2021-07-02,183,27,22,"{""sim_day"": 27.0, ""doy"": 183.0, ""topwt"": 159.89431381225586, ""grnwt"": 0.0, ""xlai"": 0.3327521979808807, ""totir"": 0.0, ""tofer"": NaN, ""swfac"": 0.0, ""nstres"": 0.0}",0.0,0.0,159.89431381225586,0.0,0.3327521979808807,0.0,,0.0,0.0,0.0,150.0,29.748510742187506,29.748510742187506,Leave_One_experiments/all_year_offline_schedule_search/daily_outputs/FQA/FQA_2021_FQA2021_normal_grid_S0010_daily.csv
FQA,FQA,Fengqiu,2021,Leave_One_experiments\wth_generated_qc\FQA\FQA2021.WTH,wet_year;nitrogen_stress_year;low_response_year,wet,FQA2021_normal_grid_S0010,low_input_within_10pct_yield,2021-07-03,184,28,23,"{""sim_day"": 28.0, ""doy"": 184.0, ""topwt"": 185.4520606994629, ""grnwt"": 0.0, ""xlai"": 0.3799351155757904, ""totir"": 0.0, ""tofer"": NaN, ""swfac"": 0.0, ""nstres"": 0.0}",0.0,0.0,185.4520606994629,0.0,0.3799351155757904,0.0,,0.0,0.0,0.0,150.0,29.748510742187506,29.748510742187506,Leave_One_experiments/all_year_offline_schedule_search/daily_outputs/FQA/FQA_2021_FQA2021_normal_grid_S0010_daily.csv
FQA,FQA,Fengqiu,2021,Leave_One_experiments\wth_generated_qc\FQA\FQA2021.WTH,wet_year;nitrogen_stress_year;low_response_year,wet,FQA2021_normal_grid_S0010,low_input_within_10pct_yield,2021-07-04,185,29,24,"{""sim_day"": 29.0, ""doy"": 185.0, ""topwt"": 212.72994995117188, ""grnwt"": 0.0, ""xlai"": 0.4282934367656708, ""totir"": 0.0, ""tofer"": NaN, ""swfac"": 0.0, ""nstres"": 0.0}",0.0,0.0,212.72994995117188,0.0,0.4282934367656708,0.0,,0.0,0.0,0.0,150.0,29.748510742187506,29.748510742187506,Leave_One_experiments/all_year_offline_schedule_search/daily_outputs/FQA/FQA_2021_FQA2021_normal_grid_S0010_daily.csv
FQA,FQA,Fengqiu,2021,Leave_One_experiments\wth_generated_qc\FQA\FQA2021.WTH,wet_year;nitrogen_stress_year;low_response_year,wet,FQA2021_normal_grid_S0010,low_input_within_10pct_yield,2021-07-05,186,30,25,"{""sim_day"": 30.0, ""doy"": 186.0, ""topwt"": 241.9126510620117, ""grnwt"": 0.0, ""xlai"": 0.4779998958110809, ""totir"": 0.0, ""tofer"": NaN, ""swfac"": 0.0, ""nstres"": 0.0}",0.0,0.0,241.9126510620117,0.0,0.4779998958110809,0.0,,0.0,0.0,0.0,150.0,29.748510742187506,29.748510742187506,Leave_One_experiments/all_year_offline_schedule_search/daily_outputs/FQA/FQA_2021_FQA2021_normal_grid_S0010_daily.csv
FQA,FQA,Fengqiu,2021,Leave_One_experiments\wth_generated_qc\FQA\FQA2021.WTH,wet_year;nitrogen_stress_year;low_response_year,wet,FQA2021_normal_grid_S0010,low_input_within_10pct_yield,2021-07-06,187,31,26,"{""sim_day"": 31.0, ""doy"": 187.0, ""topwt"": 276.9109916687012, ""grnwt"": 0.0, ""xlai"": 0.5351144671440125, ""totir"": 0.0, ""tofer"": NaN, ""swfac"": 0.0, ""nstres"": 0.0}",0.0,0.0,276.9109916687012,0.0,0.5351144671440125,0.0,,0.0,0.0,0.0,150.0,29.748510742187506,29.748510742187506,Leave_One_experiments/all_year_offline_schedule_search/daily_outputs/FQA/FQA_2021_FQA2021_normal_grid_S0010_daily.csv
FQA,FQA,Fengqiu,2021,Leave_One_experiments\wth_generated_qc\FQA\FQA2021.WTH,wet_year;nitrogen_stress_year;low_response_year,wet,FQA2021_normal_grid_S0010,low_input_within_10pct_yield,2021-07-07,188,32,27,"{""sim_day"": 32.0, ""doy"": 188.0, ""topwt"": 315.40218353271484, ""grnwt"": 0.0, ""xlai"": 0.595079779624939, ""totir"": 0.0, ""tofer"": NaN, ""swfac"": 0.0, ""nstres"": 0.0}",0.0,0.0,315.40218353271484,0.0,0.595079779624939,0.0,,0.0,0.0,0.0,150.0,29.748510742187506,29.748510742187506,Leave_One_experiments/all_year_offline_schedule_search/daily_outputs/FQA/FQA_2021_FQA2021_normal_grid_S0010_daily.csv
FQA,FQA,Fengqiu,2021,Leave_One_experiments\wth_generated_qc\FQA\FQA2021.WTH,wet_year;nitrogen_stress_year;low_response_year,wet,FQA2021_normal_grid_S0010,low_input_within_10pct_yield,2021-07-08,189,33,28,"{""sim_day"": 33.0, ""doy"": 189.0, ""topwt"": 351.4429473876953, ""grnwt"": 0.0, ""xlai"": 0.6486854553222656, ""totir"": 0.0, ""tofer"": NaN, ""swfac"": 0.0, ""nstres"": 0.0}",0.0,0.0,351.4429473876953,0.0,0.6486854553222656,0.0,,0.0,0.0,0.0,150.0,29.748510742187506,29.748510742187506,Leave_One_experiments/all_year_offline_schedule_search/daily_outputs/FQA/FQA_2021_FQA2021_normal_grid_S0010_daily.csv
FQA,FQA,Fengqiu,2021,Leave_One_experiments\wth_generated_qc\FQA\FQA2021.WTH,wet_year;nitrogen_stress_year;low_response_year,wet,FQA2021_normal_grid_S0010,low_input_within_10pct_yield,2021-07-09,190,34,29,"{""sim_day"": 34.0, ""doy"": 190.0, ""topwt"": 407.093505859375, ""grnwt"": 0.0, ""xlai"": 0.7273527383804321, ""totir"": 0.0, ""tofer"": NaN, ""swfac"": 0.0, ""nstres"": 0.0}",0.0,0.0,407.093505859375,0.0,0.7273527383804321,0.0,,0.0,0.0,0.0,150.0,29.748510742187506,29.748510742187506,Leave_One_experiments/all_year_offline_schedule_search/daily_outputs/FQA/FQA_2021_FQA2021_normal_grid_S0010_daily.csv
FQA,FQA,Fengqiu,2021,Leave_One_experiments\wth_generated_qc\FQA\FQA2021.WTH,wet_year;nitrogen_stress_year;low_response_year,wet,FQA2021_normal_grid_S0010,low_input_within_10pct_yield,2021-07-10,191,35,30,"{""sim_day"": 35.0, ""doy"": 191.0, ""topwt"": 434.792594909668, ""grnwt"": 0.0, ""xlai"": 0.7647488713264465, ""totir"": 0.0, ""tofer"": NaN, ""swfac"": 0.0, ""nstres"": 0.0}",0.0,0.0,434.792594909668,0.0,0.7647488713264465,0.0,,0.0,50.0,0.0,150.0,29.748510742187506,29.748510742187506,Leave_One_experiments/all_year_offline_schedule_search/daily_outputs/FQA/FQA_2021_FQA2021_normal_grid_S0010_daily.csv
FQA,FQA,Fengqiu,2021,Leave_One_experiments\wth_generated_qc\FQA\FQA2021.WTH,wet_year;nitrogen_stress_year;low_response_year,wet,FQA2021_normal_grid_S0010,low_input_within_10pct_yield,2021-07-11,192,36,31,"{""sim_day"": 36.0, ""doy"": 192.0, ""topwt"": 508.8496398925781, ""grnwt"": 0.0, ""xlai"": 0.8595515489578247, ""totir"": 0.0, ""tofer"": NaN, ""swfac"": 0.0, ""nstres"": 0.0}",0.0,0.0,508.8496398925781,0.0,0.8595515489578247,0.0,,0.0,0.0,0.0,150.0,29.748510742187506,29.748510742187506,Leave_One_experiments/all_year_offline_schedule_search/daily_outputs/FQA/FQA_2021_FQA2021_normal_grid_S0010_daily.csv
FQA,FQA,Fengqiu,2021,Leave_One_experiments\wth_generated_qc\FQA\FQA2021.WTH,wet_year;nitrogen_stress_year;low_response_year,wet,FQA2021_normal_grid_S0010,low_input_within_10pct_yield,2021-07-12,193,37,32,"{""sim_day"": 37.0, ""doy"": 193.0, ""topwt"": 587.9868698120117, ""grnwt"": 0.0, ""xlai"": 0.9549083709716796, ""totir"": 0.0, ""tofer"": NaN, ""swfac"": 0.0, ""nstres"": 0.0}",0.0,0.0,587.9868698120117,0.0,0.9549083709716796,0.0,,0.0,0.0,0.0,150.0,29.748510742187506,29.748510742187506,Leave_One_experiments/all_year_offline_schedule_search/daily_outputs/FQA/FQA_2021_FQA2021_normal_grid_S0010_daily.csv
FQA,FQA,Fengqiu,2021,Leave_One_experiments\wth_generated_qc\FQA\FQA2021.WTH,wet_year;nitrogen_stress_year;low_response_year,wet,FQA2021_normal_grid_S0010,low_input_within_10pct_yield,2021-07-13,194,38,33,"{""sim_day"": 38.0, ""doy"": 194.0, ""topwt"": 669.1166687011719, ""grnwt"": 0.0, ""xlai"": 1.0421302318572998, ""totir"": 0.0, ""tofer"": NaN, ""swfac"": 0.0, ""nstres"": 0.0373896360397338}",0.0,0.0373896360397338,669.1166687011719,0.0,1.0421302318572998,0.0,,0.0,0.0,0.0,150.0,29.748510742187506,29.748510742187506,Leave_One_experiments/all_year_offline_schedule_search/daily_outputs/FQA/FQA_2021_FQA2021_normal_grid_S0010_daily.csv
FQA,FQA,Fengqiu,2021,Leave_One_experiments\wth_generated_qc\FQA\FQA2021.WTH,wet_year;nitrogen_stress_year;low_response_year,wet,FQA2021_normal_grid_S0010,low_input_within_10pct_yield,2021-07-14,195,39,34,"{""sim_day"": 39.0, ""doy"": 195.0, ""topwt"": 741.0792541503906, ""grnwt"": 0.0, ""xlai"": 1.107634663581848, ""totir"": 0.0, ""tofer"": NaN, ""swfac"": 0.0, ""nstres"": 0.0851551294326782}",0.0,0.0851551294326782,741.0792541503906,0.0,1.107634663581848,0.0,,0.0,0.0,0.0,150.0,29.748510742187506,29.748510742187506,Leave_One_experiments/all_year_offline_schedule_search/daily_outputs/FQA/FQA_2021_FQA2021_normal_grid_S0010_daily.csv
FQA,FQA,Fengqiu,2021,Leave_One_experiments\wth_generated_qc\FQA\FQA2021.WTH,wet_year;nitrogen_stress_year;low_response_year,wet,FQA2021_normal_grid_S0010,low_input_within_10pct_yield,2021-07-15,196,40,35,"{""sim_day"": 40.0, ""doy"": 196.0, ""topwt"": 832.4860382080078, ""grnwt"": 0.0, ""xlai"": 1.201162815093994, ""totir"": 0.0, ""tofer"": NaN, ""swfac"": 0.0, ""nstres"": 0.0}",0.0,0.0,832.4860382080078,0.0,1.201162815093994,0.0,,0.0,0.0,0.0,150.0,29.748510742187506,29.748510742187506,Leave_One_experiments/all_year_offline_schedule_search/daily_outputs/FQA/FQA_2021_FQA2021_normal_grid_S0010_daily.csv
FQA,FQA,Fengqiu,2021,Leave_One_experiments\wth_generated_qc\FQA\FQA2021.WTH,wet_year;nitrogen_stress_year;low_response_year,wet,FQA2021_normal_grid_S0010,low_input_within_10pct_yield,2021-07-16,197,41,36,"{""sim_day"": 41.0, ""doy"": 197.0, ""topwt"": 928.700714111328, ""grnwt"": 0.0, ""xlai"": 1.2948004007339478, ""totir"": 0.0, ""tofer"": NaN, ""swfac"": 0.0, ""nstres"": 0.0}",0.0,0.0,928.700714111328,0.0,1.2948004007339478,0.0,,0.0,0.0,0.0,150.0,29.748510742187506,29.748510742187506,Leave_One_experiments/all_year_offline_schedule_search/daily_outputs/FQA/FQA_2021_FQA2021_normal_grid_S0010_daily.csv
FQA,FQA,Fengqiu,2021,Leave_One_experiments\wth_generated_qc\FQA\FQA2021.WTH,wet_year;nitrogen_stress_year;low_response_year,wet,FQA2021_normal_grid_S0010,low_input_within_10pct_yield,2021-07-17,198,42,37,"{""sim_day"": 42.0, ""doy"": 198.0, ""topwt"": 1027.322235107422, ""grnwt"": 0.0, ""xlai"": 1.3863452672958374, ""totir"": 0.0, ""tofer"": NaN, ""swfac"": 0.0, ""nstres"": 0.0}",0.0,0.0,1027.322235107422,0.0,1.3863452672958374,0.0,,0.0,0.0,0.0,150.0,29.748510742187506,29.748510742187506,Leave_One_experiments/all_year_offline_schedule_search/daily_outputs/FQA/FQA_2021_FQA2021_normal_grid_S0010_daily.csv
FQA,FQA,Fengqiu,2021,Leave_One_experiments\wth_generated_qc\FQA\FQA2021.WTH,wet_year;nitrogen_stress_year;low_response_year,wet,FQA2021_normal_grid_S0010,low_input_within_10pct_yield,2021-07-18,199,43,38,"{""sim_day"": 43.0, ""doy"": 199.0, ""topwt"": 1123.6337280273438, ""grnwt"": 0.0, ""xlai"": 1.4715981483459473, ""totir"": 0.0, ""tofer"": NaN, ""swfac"": 0.0, ""nstres"": 0.0}",0.0,0.0,1123.6337280273438,0.0,1.4715981483459473,0.0,,0.0,0.0,0.0,150.0,29.748510742187506,29.748510742187506,Leave_One_experiments/all_year_offline_schedule_search/daily_outputs/FQA/FQA_2021_FQA2021_normal_grid_S0010_daily.csv
FQA,FQA,Fengqiu,2021,Leave_One_experiments\wth_generated_qc\FQA\FQA2021.WTH,wet_year;nitrogen_stress_year;low_response_year,wet,FQA2021_normal_grid_S0010,low_input_within_10pct_yield,2021-07-19,200,44,39,"{""sim_day"": 44.0, ""doy"": 200.0, ""topwt"": 1136.8035125732422, ""grnwt"": 0.0, ""xlai"": 1.476938247680664, ""totir"": 0.0, ""tofer"": NaN, ""swfac"": 0.0, ""nstres"": 0.0}",0.0,0.0,1136.8035125732422,0.0,1.476938247680664,0.0,,0.0,0.0,0.0,150.0,29.748510742187506,29.748510742187506,Leave_One_experiments/all_year_offline_schedule_search/daily_outputs/FQA/FQA_2021_FQA2021_normal_grid_S0010_daily.csv
FQA,FQA,Fengqiu,2021,Leave_One_experiments\wth_generated_qc\FQA\FQA2021.WTH,wet_year;nitrogen_stress_year;low_response_year,wet,FQA2021_normal_grid_S0010,low_input_within_10pct_yield,2021-07-20,201,45,40,"{""sim_day"": 45.0, ""doy"": 201.0, ""topwt"": 1186.676025390625, ""grnwt"": 0.0, ""xlai"": 1.4963363409042358, ""totir"": 0.0, ""tofer"": NaN, ""swfac"": 0.0, ""nstres"": 0.0}",0.0,0.0,1186.676025390625,0.0,1.4963363409042358,0.0,,0.0,0.0,0.0,150.0,29.748510742187506,29.748510742187506,Leave_One_experiments/all_year_offline_schedule_search/daily_outputs/FQA/FQA_2021_FQA2021_normal_grid_S0010_daily.csv
FQA,FQA,Fengqiu,2021,Leave_One_experiments\wth_generated_qc\FQA\FQA2021.WTH,wet_year;nitrogen_stress_year;low_response_year,wet,FQA2021_normal_grid_S0010,low_input_within_10pct_yield,2021-07-21,202,46,41,"{""sim_day"": 46.0, ""doy"": 202.0, ""topwt"": 1340.397491455078, ""grnwt"": 0.0, ""xlai"": 1.552889108657837, ""totir"": 0.0, ""tofer"": NaN, ""swfac"": 0.0, ""nstres"": 0.0}",0.0,0.0,1340.397491455078,0.0,1.552889108657837,0.0,,0.0,0.0,0.0,150.0,29.748510742187506,29.748510742187506,Leave_One_experiments/all_year_offline_schedule_search/daily_outputs/FQA/FQA_2021_FQA2021_normal_grid_S0010_daily.csv
FQA,FQA,Fengqiu,2021,Leave_One_experiments\wth_generated_qc\FQA\FQA2021.WTH,wet_year;nitrogen_stress_year;low_response_year,wet,FQA2021_normal_grid_S0010,low_input_within_10pct_yield,2021-07-22,203,47,42,"{""sim_day"": 47.0, ""doy"": 203.0, ""topwt"": 1496.14990234375, ""grnwt"": 0.0, ""xlai"": 1.6070573329925537, ""totir"": 0.0, ""tofer"": NaN, ""swfac"": 0.0, ""nstres"": 0.0}",0.0,0.0,1496.14990234375,0.0,1.6070573329925537,0.0,,0.0,0.0,0.0,150.0,29.748510742187506,29.748510742187506,Leave_One_experiments/all_year_offline_schedule_search/daily_outputs/FQA/FQA_2021_FQA2021_normal_grid_S0010_daily.csv
FQA,FQA,Fengqiu,2021,Leave_One_experiments\wth_generated_qc\FQA\FQA2021.WTH,wet_year;nitrogen_stress_year;low_response_year,wet,FQA2021_normal_grid_S0010,low_input_within_10pct_yield,2021-07-23,204,48,43,"{""sim_day"": 48.0, ""doy"": 204.0, ""topwt"": 1674.4245910644531, ""grnwt"": 0.0, ""xlai"": 1.6658140420913696, ""totir"": 0.0, ""tofer"": NaN, ""swfac"": 0.0, ""nstres"": 0.0}",0.0,0.0,1674.4245910644531,0.0,1.6658140420913696,0.0,,0.0,0.0,0.0,150.0,29.748510742187506,29.748510742187506,Leave_One_experiments/all_year_offline_schedule_search/daily_outputs/FQA/FQA_2021_FQA2021_normal_grid_S0010_daily.csv
FQA,FQA,Fengqiu,2021,Leave_One_experiments\wth_generated_qc\FQA\FQA2021.WTH,wet_year;nitrogen_stress_year;low_response_year,wet,FQA2021_normal_grid_S0010,low_input_within_10pct_yield,2021-07-24,205,49,44,"{""sim_day"": 49.0, ""doy"": 205.0, ""topwt"": 1869.5755004882808, ""grnwt"": 0.0, ""xlai"": 1.727139592170715, ""totir"": 0.0, ""tofer"": NaN, ""swfac"": 0.0, ""nstres"": 0.0}",0.0,0.0,1869.5755004882808,0.0,1.727139592170715,0.0,,0.0,0.0,0.0,150.0,29.748510742187506,29.748510742187506,Leave_One_experiments/all_year_offline_schedule_search/daily_outputs/FQA/FQA_2021_FQA2021_normal_grid_S0010_daily.csv
FQA,FQA,Fengqiu,2021,Leave_One_experiments\wth_generated_qc\FQA\FQA2021.WTH,wet_year;nitrogen_stress_year;low_response_year,wet,FQA2021_normal_grid_S0010,low_input_within_10pct_yield,2021-07-25,206,50,45,"{""sim_day"": 50.0, ""doy"": 206.0, ""topwt"": 2086.7257690429688, ""grnwt"": 0.0, ""xlai"": 1.792404055595398, ""totir"": 0.0, ""tofer"": NaN, ""swfac"": 0.0, ""nstres"": 0.0}",0.0,0.0,2086.7257690429688,0.0,1.792404055595398,0.0,,0.0,0.0,0.0,150.0,29.748510742187506,29.748510742187506,Leave_One_experiments/all_year_offline_schedule_search/daily_outputs/FQA/FQA_2021_FQA2021_normal_grid_S0010_daily.csv
FQA,FQA,Fengqiu,2021,Leave_One_experiments\wth_generated_qc\FQA\FQA2021.WTH,wet_year;nitrogen_stress_year;low_response_year,wet,FQA2021_normal_grid_S0010,low_input_within_10pct_yield,2021-07-26,207,51,46,"{""sim_day"": 51.0, ""doy"": 207.0, ""topwt"": 2246.831359863281, ""grnwt"": 0.0, ""xlai"": 1.8386081457138064, ""totir"": 0.0, ""tofer"": NaN, ""swfac"": 0.0, ""nstres"": 0.0}",0.0,0.0,2246.831359863281,0.0,1.8386081457138064,0.0,,0.0,0.0,0.0,150.0,29.748510742187506,29.748510742187506,Leave_One_experiments/all_year_offline_schedule_search/daily_outputs/FQA/FQA_2021_FQA2021_normal_grid_S0010_daily.csv
FQA,FQA,Fengqiu,2021,Leave_One_experiments\wth_generated_qc\FQA\FQA2021.WTH,wet_year;nitrogen_stress_year;low_response_year,wet,FQA2021_normal_grid_S0010,low_input_within_10pct_yield,2021-07-27,208,52,47,"{""sim_day"": 52.0, ""doy"": 208.0, ""topwt"": 2364.951629638672, ""grnwt"": 0.0, ""xlai"": 1.8715370893478396, ""totir"": 0.0, ""tofer"": NaN, ""swfac"": 0.0, ""nstres"": 0.0}",0.0,0.0,2364.951629638672,0.0,1.8715370893478396,0.0,,0.0,0.0,0.0,150.0,29.748510742187506,29.748510742187506,Leave_One_experiments/all_year_offline_schedule_search/daily_outputs/FQA/FQA_2021_FQA2021_normal_grid_S0010_daily.csv
FQA,FQA,Fengqiu,2021,Leave_One_experiments\wth_generated_qc\FQA\FQA2021.WTH,wet_year;nitrogen_stress_year;low_response_year,wet,FQA2021_normal_grid_S0010,low_input_within_10pct_yield,2021-07-28,209,53,48,"{""sim_day"": 53.0, ""doy"": 209.0, ""topwt"": 2525.990295410156, ""grnwt"": 0.0, ""xlai"": 1.915278434753418, ""totir"": 0.0, ""tofer"": NaN, ""swfac"": 0.0, ""nstres"": 0.0}",0.0,0.0,2525.990295410156,0.0,1.915278434753418,0.0,,0.0,0.0,0.0,150.0,29.748510742187506,29.748510742187506,Leave_One_experiments/all_year_offline_schedule_search/daily_outputs/FQA/FQA_2021_FQA2021_normal_grid_S0010_daily.csv
FQA,FQA,Fengqiu,2021,Leave_One_experiments\wth_generated_qc\FQA\FQA2021.WTH,wet_year;nitrogen_stress_year;low_response_year,wet,FQA2021_normal_grid_S0010,low_input_within_10pct_yield,2021-07-29,210,54,49,"{""sim_day"": 54.0, ""doy"": 210.0, ""topwt"": 2716.963806152344, ""grnwt"": 0.0, ""xlai"": 1.965671420097351, ""totir"": 0.0, ""tofer"": NaN, ""swfac"": 0.0, ""nstres"": 0.0}",0.0,0.0,2716.963806152344,0.0,1.965671420097351,0.0,,0.0,0.0,0.0,150.0,29.748510742187506,29.748510742187506,Leave_One_experiments/all_year_offline_schedule_search/daily_outputs/FQA/FQA_2021_FQA2021_normal_grid_S0010_daily.csv
FQA,FQA,Fengqiu,2021,Leave_One_experiments\wth_generated_qc\FQA\FQA2021.WTH,wet_year;nitrogen_stress_year;low_response_year,wet,FQA2021_normal_grid_S0010,low_input_within_10pct_yield,2021-07-30,211,55,50,"{""sim_day"": 55.0, ""doy"": 211.0, ""topwt"": 2948.057556152344, ""grnwt"": 0.0, ""xlai"": 2.0247716903686523, ""totir"": 0.0, ""tofer"": NaN, ""swfac"": 0.0, ""nstres"": 0.0}",0.0,0.0,2948.057556152344,0.0,2.0247716903686523,0.0,,0.0,0.0,0.0,150.0,29.748510742187506,29.748510742187506,Leave_One_experiments/all_year_offline_schedule_search/daily_outputs/FQA/FQA_2021_FQA2021_normal_grid_S0010_daily.csv
FQA,FQA,Fengqiu,2021,Leave_One_experiments\wth_generated_qc\FQA\FQA2021.WTH,wet_year;nitrogen_stress_year;low_response_year,wet,FQA2021_normal_grid_S0010,low_input_within_10pct_yield,2021-07-31,212,56,51,"{""sim_day"": 56.0, ""doy"": 212.0, ""topwt"": 3167.730407714844, ""grnwt"": 0.0, ""xlai"": 2.080857276916504, ""totir"": 0.0, ""tofer"": NaN, ""swfac"": 0.0, ""nstres"": 0.0}",0.0,0.0,3167.730407714844,0.0,2.080857276916504,0.0,,0.0,0.0,0.0,150.0,29.748510742187506,29.748510742187506,Leave_One_experiments/all_year_offline_schedule_search/daily_outputs/FQA/FQA_2021_FQA2021_normal_grid_S0010_daily.csv
FQA,FQA,Fengqiu,2021,Leave_One_experiments\wth_generated_qc\FQA\FQA2021.WTH,wet_year;nitrogen_stress_year;low_response_year,wet,FQA2021_normal_grid_S0010,low_input_within_10pct_yield,2021-08-01,213,57,52,"{""sim_day"": 57.0, ""doy"": 213.0, ""topwt"": 3395.56884765625, ""grnwt"": 0.0, ""xlai"": 2.1389482021331787, ""totir"": 0.0, ""tofer"": NaN, ""swfac"": 0.0, ""nstres"": 0.0}",0.0,0.0,3395.56884765625,0.0,2.1389482021331787,0.0,,0.0,0.0,0.0,150.0,29.748510742187506,29.748510742187506,Leave_One_experiments/all_year_offline_schedule_search/daily_outputs/FQA/FQA_2021_FQA2021_normal_grid_S0010_daily.csv
FQA,FQA,Fengqiu,2021,Leave_One_experiments\wth_generated_qc\FQA\FQA2021.WTH,wet_year;nitrogen_stress_year;low_response_year,wet,FQA2021_normal_grid_S0010,low_input_within_10pct_yield,2021-08-02,214,58,53,"{""sim_day"": 58.0, ""doy"": 214.0, ""topwt"": 3629.44091796875, ""grnwt"": 0.0, ""xlai"": 2.198493003845215, ""totir"": 0.0, ""tofer"": NaN, ""swfac"": 0.0, ""nstres"": 0.0}",0.0,0.0,3629.44091796875,0.0,2.198493003845215,0.0,,0.0,0.0,0.0,150.0,29.748510742187506,29.748510742187506,Leave_One_experiments/all_year_offline_schedule_search/daily_outputs/FQA/FQA_2021_FQA2021_normal_grid_S0010_daily.csv
FQA,FQA,Fengqiu,2021,Leave_One_experiments\wth_generated_qc\FQA\FQA2021.WTH,wet_year;nitrogen_stress_year;low_response_year,wet,FQA2021_normal_grid_S0010,low_input_within_10pct_yield,2021-08-03,215,59,54,"{""sim_day"": 59.0, ""doy"": 215.0, ""topwt"": 3879.5083618164062, ""grnwt"": 0.0, ""xlai"": 2.2620766162872314, ""totir"": 0.0, ""tofer"": NaN, ""swfac"": 0.0, ""nstres"": 0.0}",0.0,0.0,3879.5083618164062,0.0,2.2620766162872314,0.0,,0.0,0.0,0.0,150.0,29.748510742187506,29.748510742187506,Leave_One_experiments/all_year_offline_schedule_search/daily_outputs/FQA/FQA_2021_FQA2021_normal_grid_S0010_daily.csv
FQA,FQA,Fengqiu,2021,Leave_One_experiments\wth_generated_qc\FQA\FQA2021.WTH,wet_year;nitrogen_stress_year;low_response_year,wet,FQA2021_normal_grid_S0010,low_input_within_10pct_yield,2021-08-04,216,60,55,"{""sim_day"": 60.0, ""doy"": 216.0, ""topwt"": 4092.8805541992183, ""grnwt"": 0.0, ""xlai"": 2.3162224292755127, ""totir"": 0.0, ""tofer"": NaN, ""swfac"": 0.0, ""nstres"": 0.0}",0.0,0.0,4092.8805541992183,0.0,2.3162224292755127,0.0,,0.0,0.0,0.0,150.0,29.748510742187506,29.748510742187506,Leave_One_experiments/all_year_offline_schedule_search/daily_outputs/FQA/FQA_2021_FQA2021_normal_grid_S0010_daily.csv
FQA,FQA,Fengqiu,2021,Leave_One_experiments\wth_generated_qc\FQA\FQA2021.WTH,wet_year;nitrogen_stress_year;low_response_year,wet,FQA2021_normal_grid_S0010,low_input_within_10pct_yield,2021-08-05,217,61,56,"{""sim_day"": 61.0, ""doy"": 217.0, ""topwt"": 4339.190673828125, ""grnwt"": 0.0, ""xlai"": 2.378671884536743, ""totir"": 0.0, ""tofer"": NaN, ""swfac"": 0.0, ""nstres"": 0.0}",0.0,0.0,4339.190673828125,0.0,2.378671884536743,0.0,,0.0,0.0,0.0,150.0,29.748510742187506,29.748510742187506,Leave_One_experiments/all_year_offline_schedule_search/daily_outputs/FQA/FQA_2021_FQA2021_normal_grid_S0010_daily.csv
FQA,FQA,Fengqiu,2021,Leave_One_experiments\wth_generated_qc\FQA\FQA2021.WTH,wet_year;nitrogen_stress_year;low_response_year,wet,FQA2021_normal_grid_S0010,low_input_within_10pct_yield,2021-08-06,218,62,57,"{""sim_day"": 62.0, ""doy"": 218.0, ""topwt"": 4606.803588867188, ""grnwt"": 0.0, ""xlai"": 2.4464356899261475, ""totir"": 0.0, ""tofer"": NaN, ""swfac"": 0.0, ""nstres"": 0.0}",0.0,0.0,4606.803588867188,0.0,2.4464356899261475,0.0,,0.0,0.0,0.0,150.0,29.748510742187506,29.748510742187506,Leave_One_experiments/all_year_offline_schedule_search/daily_outputs/FQA/FQA_2021_FQA2021_normal_grid_S0010_daily.csv
FQA,FQA,Fengqiu,2021,Leave_One_experiments\wth_generated_qc\FQA\FQA2021.WTH,wet_year;nitrogen_stress_year;low_response_year,wet,FQA2021_normal_grid_S0010,low_input_within_10pct_yield,2021-08-07,219,63,58,"{""sim_day"": 63.0, ""doy"": 219.0, ""topwt"": 4854.459838867188, ""grnwt"": 0.0, ""xlai"": 2.509038209915161, ""totir"": 0.0, ""tofer"": NaN, ""swfac"": 0.0, ""nstres"": 0.0}",0.0,0.0,4854.459838867188,0.0,2.509038209915161,0.0,,0.0,0.0,0.0,150.0,29.748510742187506,29.748510742187506,Leave_One_experiments/all_year_offline_schedule_search/daily_outputs/FQA/FQA_2021_FQA2021_normal_grid_S0010_daily.csv
FQA,FQA,Fengqiu,2021,Leave_One_experiments\wth_generated_qc\FQA\FQA2021.WTH,wet_year;nitrogen_stress_year;low_response_year,wet,FQA2021_normal_grid_S0010,low_input_within_10pct_yield,2021-08-08,220,64,59,"{""sim_day"": 64.0, ""doy"": 220.0, ""topwt"": 5199.5587158203125, ""grnwt"": 0.0, ""xlai"": 2.3950884342193604, ""totir"": 0.0, ""tofer"": NaN, ""swfac"": 0.0, ""nstres"": 0.0}",0.0,0.0,5199.5587158203125,0.0,2.3950884342193604,0.0,,0.0,0.0,0.0,150.0,29.748510742187506,29.748510742187506,Leave_One_experiments/all_year_offline_schedule_search/daily_outputs/FQA/FQA_2021_FQA2021_normal_grid_S0010_daily.csv
FQA,FQA,Fengqiu,2021,Leave_One_experiments\wth_generated_qc\FQA\FQA2021.WTH,wet_year;nitrogen_stress_year;low_response_year,wet,FQA2021_normal_grid_S0010,low_input_within_10pct_yield,2021-08-09,221,65,60,"{""sim_day"": 65.0, ""doy"": 221.0, ""topwt"": 5445.6646728515625, ""grnwt"": 0.0, ""xlai"": 2.383429288864136, ""totir"": 0.0, ""tofer"": NaN, ""swfac"": 0.0, ""nstres"": 0.0}",0.0,0.0,5445.6646728515625,0.0,2.383429288864136,0.0,,0.0,50.0,0.0,150.0,29.748510742187506,29.748510742187506,Leave_One_experiments/all_year_offline_schedule_search/daily_outputs/FQA/FQA_2021_FQA2021_normal_grid_S0010_daily.csv
FQA,FQA,Fengqiu,2021,Leave_One_experiments\wth_generated_qc\FQA\FQA2021.WTH,wet_year;nitrogen_stress_year;low_response_year,wet,FQA2021_normal_grid_S0010,low_input_within_10pct_yield,2021-08-10,222,66,61,"{""sim_day"": 66.0, ""doy"": 222.0, ""topwt"": 5713.03466796875, ""grnwt"": 0.0, ""xlai"": 2.3716750144958496, ""totir"": 0.0, ""tofer"": NaN, ""swfac"": 0.0, ""nstres"": 0.0}",0.0,0.0,5713.03466796875,0.0,2.3716750144958496,0.0,,0.0,0.0,0.0,150.0,29.748510742187506,29.748510742187506,Leave_One_experiments/all_year_offline_schedule_search/daily_outputs/FQA/FQA_2021_FQA2021_normal_grid_S0010_daily.csv
FQA,FQA,Fengqiu,2021,Leave_One_experiments\wth_generated_qc\FQA\FQA2021.WTH,wet_year;nitrogen_stress_year;low_response_year,wet,FQA2021_normal_grid_S0010,low_input_within_10pct_yield,2021-08-11,223,67,62,"{""sim_day"": 67.0, ""doy"": 223.0, ""topwt"": 5846.640625, ""grnwt"": 0.0, ""xlai"": 2.3596041202545166, ""totir"": 0.0, ""tofer"": NaN, ""swfac"": 0.0, ""nstres"": 0.0}",0.0,0.0,5846.640625,0.0,2.3596041202545166,0.0,,0.0,0.0,0.0,150.0,29.748510742187506,29.748510742187506,Leave_One_experiments/all_year_offline_schedule_search/daily_outputs/FQA/FQA_2021_FQA2021_normal_grid_S0010_daily.csv
FQA,FQA,Fengqiu,2021,Leave_One_experiments\wth_generated_qc\FQA\FQA2021.WTH,wet_year;nitrogen_stress_year;low_response_year,wet,FQA2021_normal_grid_S0010,low_input_within_10pct_yield,2021-08-12,224,68,63,"{""sim_day"": 68.0, ""doy"": 224.0, ""topwt"": 5918.22509765625, ""grnwt"": 0.0, ""xlai"": 2.3490536212921143, ""totir"": 0.0, ""tofer"": NaN, ""swfac"": 0.0, ""nstres"": 0.0}",0.0,0.0,5918.22509765625,0.0,2.3490536212921143,0.0,,0.0,0.0,0.0,150.0,29.748510742187506,29.748510742187506,Leave_One_experiments/all_year_offline_schedule_search/daily_outputs/FQA/FQA_2021_FQA2021_normal_grid_S0010_daily.csv
FQA,FQA,Fengqiu,2021,Leave_One_experiments\wth_generated_qc\FQA\FQA2021.WTH,wet_year;nitrogen_stress_year;low_response_year,wet,FQA2021_normal_grid_S0010,low_input_within_10pct_yield,2021-08-13,225,69,64,"{""sim_day"": 69.0, ""doy"": 225.0, ""topwt"": 6205.059814453125, ""grnwt"": 0.0, ""xlai"": 2.338249921798706, ""totir"": 0.0, ""tofer"": NaN, ""swfac"": 0.0, ""nstres"": 0.0}",0.0,0.0,6205.059814453125,0.0,2.338249921798706,0.0,,0.0,0.0,0.0,150.0,29.748510742187506,29.748510742187506,Leave_One_experiments/all_year_offline_schedule_search/daily_outputs/FQA/FQA_2021_FQA2021_normal_grid_S0010_daily.csv
FQA,FQA,Fengqiu,2021,Leave_One_experiments\wth_generated_qc\FQA\FQA2021.WTH,wet_year;nitrogen_stress_year;low_response_year,wet,FQA2021_normal_grid_S0010,low_input_within_10pct_yield,2021-08-14,226,70,65,"{""sim_day"": 70.0, ""doy"": 226.0, ""topwt"": 6530.32470703125, ""grnwt"": 0.0, ""xlai"": 2.327319383621216, ""totir"": 0.0, ""tofer"": NaN, ""swfac"": 0.0, ""nstres"": 0.0}",0.0,0.0,6530.32470703125,0.0,2.327319383621216,0.0,,0.0,0.0,0.0,150.0,29.748510742187506,29.748510742187506,Leave_One_experiments/all_year_offline_schedule_search/daily_outputs/FQA/FQA_2021_FQA2021_normal_grid_S0010_daily.csv
FQA,FQA,Fengqiu,2021,Leave_One_experiments\wth_generated_qc\FQA\FQA2021.WTH,wet_year;nitrogen_stress_year;low_response_year,wet,FQA2021_normal_grid_S0010,low_input_within_10pct_yield,2021-08-15,227,71,66,"{""sim_day"": 71.0, ""doy"": 227.0, ""topwt"": 6874.619140625, ""grnwt"": 0.0, ""xlai"": 2.313917636871338, ""totir"": 0.0, ""tofer"": NaN, ""swfac"": 0.0, ""nstres"": 0.0}",0.0,0.0,6874.619140625,0.0,2.313917636871338,0.0,,0.0,0.0,0.0,150.0,29.748510742187506,29.748510742187506,Leave_One_experiments/all_year_offline_schedule_search/daily_outputs/FQA/FQA_2021_FQA2021_normal_grid_S0010_daily.csv
FQA,FQA,Fengqiu,2021,Leave_One_experiments\wth_generated_qc\FQA\FQA2021.WTH,wet_year;nitrogen_stress_year;low_response_year,wet,FQA2021_normal_grid_S0010,low_input_within_10pct_yield,2021-08-16,228,72,67,"{""sim_day"": 72.0, ""doy"": 228.0, ""topwt"": 7153.20068359375, ""grnwt"": 0.0, ""xlai"": 2.30054783821106, ""totir"": 0.0, ""tofer"": NaN, ""swfac"": 0.0, ""nstres"": 0.0}",0.0,0.0,7153.20068359375,0.0,2.30054783821106,0.0,,0.0,0.0,0.0,150.0,29.748510742187506,29.748510742187506,Leave_One_experiments/all_year_offline_schedule_search/daily_outputs/FQA/FQA_2021_FQA2021_normal_grid_S0010_daily.csv
FQA,FQA,Fengqiu,2021,Leave_One_experiments\wth_generated_qc\FQA\FQA2021.WTH,wet_year;nitrogen_stress_year;low_response_year,wet,FQA2021_normal_grid_S0010,low_input_within_10pct_yield,2021-08-17,229,73,68,"{""sim_day"": 73.0, ""doy"": 229.0, ""topwt"": 7497.579345703125, ""grnwt"": 426.718978881836, ""xlai"": 2.2436745166778564, ""totir"": 0.0, ""tofer"": NaN, ""swfac"": 0.0, ""nstres"": 0.0}",0.0,0.0,7497.579345703125,426.718978881836,2.2436745166778564,0.0,,0.0,0.0,0.0,150.0,29.748510742187506,29.748510742187506,Leave_One_experiments/all_year_offline_schedule_search/daily_outputs/FQA/FQA_2021_FQA2021_normal_grid_S0010_daily.csv
FQA,FQA,Fengqiu,2021,Leave_One_experiments\wth_generated_qc\FQA\FQA2021.WTH,wet_year;nitrogen_stress_year;low_response_year,wet,FQA2021_normal_grid_S0010,low_input_within_10pct_yield,2021-08-18,230,74,69,"{""sim_day"": 74.0, ""doy"": 230.0, ""topwt"": 7808.133544921875, ""grnwt"": 838.5177612304688, ""xlai"": 2.230421781539917, ""totir"": 0.0, ""tofer"": NaN, ""swfac"": 0.0, ""nstres"": 0.0}",0.0,0.0,7808.133544921875,838.5177612304688,2.230421781539917,0.0,,0.0,0.0,0.0,150.0,29.748510742187506,29.748510742187506,Leave_One_experiments/all_year_offline_schedule_search/daily_outputs/FQA/FQA_2021_FQA2021_normal_grid_S0010_daily.csv
FQA,FQA,Fengqiu,2021,Leave_One_experiments\wth_generated_qc\FQA\FQA2021.WTH,wet_year;nitrogen_stress_year;low_response_year,wet,FQA2021_normal_grid_S0010,low_input_within_10pct_yield,2021-08-19,231,75,70,"{""sim_day"": 75.0, ""doy"": 231.0, ""topwt"": 8044.227294921875, ""grnwt"": 1315.965576171875, ""xlai"": 2.2173306941986084, ""totir"": 0.0, ""tofer"": NaN, ""swfac"": 0.0, ""nstres"": 0.0}",0.0,0.0,8044.227294921875,1315.965576171875,2.2173306941986084,0.0,,0.0,0.0,0.0,150.0,29.748510742187506,29.748510742187506,Leave_One_experiments/all_year_offline_schedule_search/daily_outputs/FQA/FQA_2021_FQA2021_normal_grid_S0010_daily.csv
FQA,FQA,Fengqiu,2021,Leave_One_experiments\wth_generated_qc\FQA\FQA2021.WTH,wet_year;nitrogen_stress_year;low_response_year,wet,FQA2021_normal_grid_S0010,low_input_within_10pct_yield,2021-08-20,232,76,71,"{""sim_day"": 76.0, ""doy"": 232.0, ""topwt"": 8316.470336914062, ""grnwt"": 1793.4133911132812, ""xlai"": 2.202209711074829, ""totir"": 0.0, ""tofer"": NaN, ""swfac"": 0.0, ""nstres"": 0.0}",0.0,0.0,8316.470336914062,1793.4133911132812,2.202209711074829,0.0,,0.0,0.0,0.0,150.0,29.748510742187506,29.748510742187506,Leave_One_experiments/all_year_offline_schedule_search/daily_outputs/FQA/FQA_2021_FQA2021_normal_grid_S0010_daily.csv
FQA,FQA,Fengqiu,2021,Leave_One_experiments\wth_generated_qc\FQA\FQA2021.WTH,wet_year;nitrogen_stress_year;low_response_year,wet,FQA2021_normal_grid_S0010,low_input_within_10pct_yield,2021-08-21,233,77,72,"{""sim_day"": 77.0, ""doy"": 233.0, ""topwt"": 8156.317138671875, ""grnwt"": 1858.358917236328, ""xlai"": 2.18664288520813, ""totir"": 0.0, ""tofer"": NaN, ""swfac"": 0.0, ""nstres"": 0.0}",0.0,0.0,8156.317138671875,1858.358917236328,2.18664288520813,0.0,,0.0,0.0,0.0,150.0,29.748510742187506,29.748510742187506,Leave_One_experiments/all_year_offline_schedule_search/daily_outputs/FQA/FQA_2021_FQA2021_normal_grid_S0010_daily.csv
FQA,FQA,Fengqiu,2021,Leave_One_experiments\wth_generated_qc\FQA\FQA2021.WTH,wet_year;nitrogen_stress_year;low_response_year,wet,FQA2021_normal_grid_S0010,low_input_within_10pct_yield,2021-08-22,234,78,73,"{""sim_day"": 78.0, ""doy"": 234.0, ""topwt"": 8363.834838867188, ""grnwt"": 2065.8767700195312, ""xlai"": 2.168288230895996, ""totir"": 0.0, ""tofer"": NaN, ""swfac"": 0.0, ""nstres"": 0.0}",0.0,0.0,8363.834838867188,2065.8767700195312,2.168288230895996,0.0,,0.0,0.0,0.0,150.0,29.748510742187506,29.748510742187506,Leave_One_experiments/all_year_offline_schedule_search/daily_outputs/FQA/FQA_2021_FQA2021_normal_grid_S0010_daily.csv
FQA,FQA,Fengqiu,2021,Leave_One_experiments\wth_generated_qc\FQA\FQA2021.WTH,wet_year;nitrogen_stress_year;low_response_year,wet,FQA2021_normal_grid_S0010,low_input_within_10pct_yield,2021-08-23,235,79,74,"{""sim_day"": 79.0, ""doy"": 235.0, ""topwt"": 8750.877075195312, ""grnwt"": 2452.919006347656, ""xlai"": 2.144557237625122, ""totir"": 0.0, ""tofer"": NaN, ""swfac"": 0.0, ""nstres"": 0.0}",0.0,0.0,8750.877075195312,2452.919006347656,2.144557237625122,0.0,,0.0,0.0,0.0,150.0,29.748510742187506,29.748510742187506,Leave_One_experiments/all_year_offline_schedule_search/daily_outputs/FQA/FQA_2021_FQA2021_normal_grid_S0010_daily.csv
FQA,FQA,Fengqiu,2021,Leave_One_experiments\wth_generated_qc\FQA\FQA2021.WTH,wet_year;nitrogen_stress_year;low_response_year,wet,FQA2021_normal_grid_S0010,low_input_within_10pct_yield,2021-08-24,236,80,75,"{""sim_day"": 80.0, ""doy"": 236.0, ""topwt"": 9144.2724609375, ""grnwt"": 2846.314392089844, ""xlai"": 2.121801376342773, ""totir"": 0.0, ""tofer"": NaN, ""swfac"": 0.0, ""nstres"": 0.0}",0.0,0.0,9144.2724609375,2846.314392089844,2.121801376342773,0.0,,0.0,0.0,0.0,150.0,29.748510742187506,29.748510742187506,Leave_One_experiments/all_year_offline_schedule_search/daily_outputs/FQA/FQA_2021_FQA2021_normal_grid_S0010_daily.csv
FQA,FQA,Fengqiu,2021,Leave_One_experiments\wth_generated_qc\FQA\FQA2021.WTH,wet_year;nitrogen_stress_year;low_response_year,wet,FQA2021_normal_grid_S0010,low_input_within_10pct_yield,2021-08-25,237,81,76,"{""sim_day"": 81.0, ""doy"": 237.0, ""topwt"": 9257.307739257812, ""grnwt"": 2959.349670410156, ""xlai"": 2.098362684249878, ""totir"": 0.0, ""tofer"": NaN, ""swfac"": 0.0, ""nstres"": 0.0}",0.0,0.0,9257.307739257812,2959.349670410156,2.098362684249878,0.0,,0.0,0.0,0.0,150.0,29.748510742187506,29.748510742187506,Leave_One_experiments/all_year_offline_schedule_search/daily_outputs/FQA/FQA_2021_FQA2021_normal_grid_S0010_daily.csv
FQA,FQA,Fengqiu,2021,Leave_One_experiments\wth_generated_qc\FQA\FQA2021.WTH,wet_year;nitrogen_stress_year;low_response_year,wet,FQA2021_normal_grid_S0010,low_input_within_10pct_yield,2021-08-26,238,82,77,"{""sim_day"": 82.0, ""doy"": 238.0, ""topwt"": 9526.260375976562, ""grnwt"": 3228.3026123046875, ""xlai"": 2.0737552642822266, ""totir"": 0.0, ""tofer"": NaN, ""swfac"": 0.0, ""nstres"": 0.0}",0.0,0.0,9526.260375976562,3228.3026123046875,2.0737552642822266,0.0,,0.0,0.0,0.0,150.0,29.748510742187506,29.748510742187506,Leave_One_experiments/all_year_offline_schedule_search/daily_outputs/FQA/FQA_2021_FQA2021_normal_grid_S0010_daily.csv
FQA,FQA,Fengqiu,2021,Leave_One_experiments\wth_generated_qc\FQA\FQA2021.WTH,wet_year;nitrogen_stress_year;low_response_year,wet,FQA2021_normal_grid_S0010,low_input_within_10pct_yield,2021-08-27,239,83,78,"{""sim_day"": 83.0, ""doy"": 239.0, ""topwt"": 9615.431518554688, ""grnwt"": 3317.4737548828125, ""xlai"": 2.0492424964904785, ""totir"": 0.0, ""tofer"": NaN, ""swfac"": 0.0, ""nstres"": 0.0}",0.0,0.0,9615.431518554688,3317.4737548828125,2.0492424964904785,0.0,,0.0,0.0,0.0,150.0,29.748510742187506,29.748510742187506,Leave_One_experiments/all_year_offline_schedule_search/daily_outputs/FQA/FQA_2021_FQA2021_normal_grid_S0010_daily.csv
FQA,FQA,Fengqiu,2021,Leave_One_experiments\wth_generated_qc\FQA\FQA2021.WTH,wet_year;nitrogen_stress_year;low_response_year,wet,FQA2021_normal_grid_S0010,low_input_within_10pct_yield,2021-08-28,240,84,79,"{""sim_day"": 84.0, ""doy"": 240.0, ""topwt"": 9641.231079101562, ""grnwt"": 3343.2730102539062, ""xlai"": 2.023515462875366, ""totir"": 0.0, ""tofer"": NaN, ""swfac"": 0.0, ""nstres"": 0.0}",0.0,0.0,9641.231079101562,3343.2730102539062,2.023515462875366,0.0,,0.0,0.0,0.0,150.0,29.748510742187506,29.748510742187506,Leave_One_experiments/all_year_offline_schedule_search/daily_outputs/FQA/FQA_2021_FQA2021_normal_grid_S0010_daily.csv
FQA,FQA,Fengqiu,2021,Leave_One_experiments\wth_generated_qc\FQA\FQA2021.WTH,wet_year;nitrogen_stress_year;low_response_year,wet,FQA2021_normal_grid_S0010,low_input_within_10pct_yield,2021-08-29,241,85,80,"{""sim_day"": 85.0, ""doy"": 241.0, ""topwt"": 9692.528076171877, ""grnwt"": 3394.5700073242188, ""xlai"": 1.993416786193848, ""totir"": 0.0, ""tofer"": NaN, ""swfac"": 0.0, ""nstres"": 0.0}",0.0,0.0,9692.528076171877,3394.5700073242188,1.993416786193848,0.0,,0.0,0.0,0.0,150.0,29.748510742187506,29.748510742187506,Leave_One_experiments/all_year_offline_schedule_search/daily_outputs/FQA/FQA_2021_FQA2021_normal_grid_S0010_daily.csv
FQA,FQA,Fengqiu,2021,Leave_One_experiments\wth_generated_qc\FQA\FQA2021.WTH,wet_year;nitrogen_stress_year;low_response_year,wet,FQA2021_normal_grid_S0010,low_input_within_10pct_yield,2021-08-30,242,86,81,"{""sim_day"": 86.0, ""doy"": 242.0, ""topwt"": 9775.300903320312, ""grnwt"": 3477.342529296875, ""xlai"": 1.9604395627975464, ""totir"": 0.0, ""tofer"": NaN, ""swfac"": 0.0, ""nstres"": 0.0}",0.0,0.0,9775.300903320312,3477.342529296875,1.9604395627975464,0.0,,0.0,0.0,0.0,150.0,29.748510742187506,29.748510742187506,Leave_One_experiments/all_year_offline_schedule_search/daily_outputs/FQA/FQA_2021_FQA2021_normal_grid_S0010_daily.csv
FQA,FQA,Fengqiu,2021,Leave_One_experiments\wth_generated_qc\FQA\FQA2021.WTH,wet_year;nitrogen_stress_year;low_response_year,wet,FQA2021_normal_grid_S0010,low_input_within_10pct_yield,2021-08-31,243,87,82,"{""sim_day"": 87.0, ""doy"": 243.0, ""topwt"": 9851.102294921877, ""grnwt"": 3553.143920898437, ""xlai"": 1.9276928901672363, ""totir"": 0.0, ""tofer"": NaN, ""swfac"": 0.0, ""nstres"": 0.0}",0.0,0.0,9851.102294921877,3553.143920898437,1.9276928901672363,0.0,,0.0,0.0,0.0,150.0,29.748510742187506,29.748510742187506,Leave_One_experiments/all_year_offline_schedule_search/daily_outputs/FQA/FQA_2021_FQA2021_normal_grid_S0010_daily.csv
FQA,FQA,Fengqiu,2021,Leave_One_experiments\wth_generated_qc\FQA\FQA2021.WTH,wet_year;nitrogen_stress_year;low_response_year,wet,FQA2021_normal_grid_S0010,low_input_within_10pct_yield,2021-09-01,244,88,83,"{""sim_day"": 88.0, ""doy"": 244.0, ""topwt"": 10217.64404296875, ""grnwt"": 3919.6853637695312, ""xlai"": 1.8861159086227417, ""totir"": 0.0, ""tofer"": NaN, ""swfac"": 0.0, ""nstres"": 0.0}",0.0,0.0,10217.64404296875,3919.6853637695312,1.8861159086227417,0.0,,0.0,0.0,0.0,150.0,29.748510742187506,29.748510742187506,Leave_One_experiments/all_year_offline_schedule_search/daily_outputs/FQA/FQA_2021_FQA2021_normal_grid_S0010_daily.csv
FQA,FQA,Fengqiu,2021,Leave_One_experiments\wth_generated_qc\FQA\FQA2021.WTH,wet_year;nitrogen_stress_year;low_response_year,wet,FQA2021_normal_grid_S0010,low_input_within_10pct_yield,2021-09-02,245,89,84,"{""sim_day"": 89.0, ""doy"": 245.0, ""topwt"": 10478.006591796877, ""grnwt"": 4180.047912597656, ""xlai"": 1.8398642539978027, ""totir"": 0.0, ""tofer"": NaN, ""swfac"": 0.0, ""nstres"": 0.0}",0.0,0.0,10478.006591796877,4180.047912597656,1.8398642539978027,0.0,,0.0,0.0,0.0,150.0,29.748510742187506,29.748510742187506,Leave_One_experiments/all_year_offline_schedule_search/daily_outputs/FQA/FQA_2021_FQA2021_normal_grid_S0010_daily.csv
FQA,FQA,Fengqiu,2021,Leave_One_experiments\wth_generated_qc\FQA\FQA2021.WTH,wet_year;nitrogen_stress_year;low_response_year,wet,FQA2021_normal_grid_S0010,low_input_within_10pct_yield,2021-09-03,246,90,85,"{""sim_day"": 90.0, ""doy"": 246.0, ""topwt"": 10507.08984375, ""grnwt"": 4209.1314697265625, ""xlai"": 1.7976911067962646, ""totir"": 0.0, ""tofer"": NaN, ""swfac"": 0.0, ""nstres"": 0.0}",0.0,0.0,10507.08984375,4209.1314697265625,1.7976911067962646,0.0,,0.0,0.0,0.0,150.0,29.748510742187506,29.748510742187506,Leave_One_experiments/all_year_offline_schedule_search/daily_outputs/FQA/FQA_2021_FQA2021_normal_grid_S0010_daily.csv
FQA,FQA,Fengqiu,2021,Leave_One_experiments\wth_generated_qc\FQA\FQA2021.WTH,wet_year;nitrogen_stress_year;low_response_year,wet,FQA2021_normal_grid_S0010,low_input_within_10pct_yield,2021-09-04,247,91,86,"{""sim_day"": 91.0, ""doy"": 247.0, ""topwt"": 10632.6513671875, ""grnwt"": 4334.693298339844, ""xlai"": 1.7534329891204834, ""totir"": 0.0, ""tofer"": NaN, ""swfac"": 0.0, ""nstres"": 0.0}",0.0,0.0,10632.6513671875,4334.693298339844,1.7534329891204834,0.0,,0.0,0.0,0.0,150.0,29.748510742187506,29.748510742187506,Leave_One_experiments/all_year_offline_schedule_search/daily_outputs/FQA/FQA_2021_FQA2021_normal_grid_S0010_daily.csv
FQA,FQA,Fengqiu,2021,Leave_One_experiments\wth_generated_qc\FQA\FQA2021.WTH,wet_year;nitrogen_stress_year;low_response_year,wet,FQA2021_normal_grid_S0010,low_input_within_10pct_yield,2021-09-05,248,92,87,"{""sim_day"": 92.0, ""doy"": 248.0, ""topwt"": 10717.7783203125, ""grnwt"": 4419.819030761719, ""xlai"": 1.7045341730117798, ""totir"": 0.0, ""tofer"": NaN, ""swfac"": 0.0, ""nstres"": 0.0}",0.0,0.0,10717.7783203125,4419.819030761719,1.7045341730117798,0.0,,0.0,0.0,0.0,150.0,29.748510742187506,29.748510742187506,Leave_One_experiments/all_year_offline_schedule_search/daily_outputs/FQA/FQA_2021_FQA2021_normal_grid_S0010_daily.csv
FQA,FQA,Fengqiu,2021,Leave_One_experiments\wth_generated_qc\FQA\FQA2021.WTH,wet_year;nitrogen_stress_year;low_response_year,wet,FQA2021_normal_grid_S0010,low_input_within_10pct_yield,2021-09-06,249,93,88,"{""sim_day"": 93.0, ""doy"": 249.0, ""topwt"": 11063.54736328125, ""grnwt"": 4765.5889892578125, ""xlai"": 1.6491944789886477, ""totir"": 0.0, ""tofer"": NaN, ""swfac"": 0.0, ""nstres"": 0.0}",0.0,0.0,11063.54736328125,4765.5889892578125,1.6491944789886477,0.0,,0.0,0.0,0.0,150.0,29.748510742187506,29.748510742187506,Leave_One_experiments/all_year_offline_schedule_search/daily_outputs/FQA/FQA_2021_FQA2021_normal_grid_S0010_daily.csv
FQA,FQA,Fengqiu,2021,Leave_One_experiments\wth_generated_qc\FQA\FQA2021.WTH,wet_year;nitrogen_stress_year;low_response_year,wet,FQA2021_normal_grid_S0010,low_input_within_10pct_yield,2021-09-07,250,94,89,"{""sim_day"": 94.0, ""doy"": 250.0, ""topwt"": 11409.017333984377, ""grnwt"": 5111.059265136719, ""xlai"": 1.5843945741653442, ""totir"": 0.0, ""tofer"": NaN, ""swfac"": 0.0, ""nstres"": 0.0}",0.0,0.0,11409.017333984377,5111.059265136719,1.5843945741653442,0.0,,0.0,0.0,0.0,150.0,29.748510742187506,29.748510742187506,Leave_One_experiments/all_year_offline_schedule_search/daily_outputs/FQA/FQA_2021_FQA2021_normal_grid_S0010_daily.csv
FQA,FQA,Fengqiu,2021,Leave_One_experiments\wth_generated_qc\FQA\FQA2021.WTH,wet_year;nitrogen_stress_year;low_response_year,wet,FQA2021_normal_grid_S0010,low_input_within_10pct_yield,2021-09-08,251,95,90,"{""sim_day"": 95.0, ""doy"": 251.0, ""topwt"": 11735.63232421875, ""grnwt"": 5437.6751708984375, ""xlai"": 1.5092990398406982, ""totir"": 0.0, ""tofer"": NaN, ""swfac"": 0.0, ""nstres"": 0.0}",0.0,0.0,11735.63232421875,5437.6751708984375,1.5092990398406982,0.0,,0.0,0.0,0.0,150.0,29.748510742187506,29.748510742187506,Leave_One_experiments/all_year_offline_schedule_search/daily_outputs/FQA/FQA_2021_FQA2021_normal_grid_S0010_daily.csv
FQA,FQA,Fengqiu,2021,Leave_One_experiments\wth_generated_qc\FQA\FQA2021.WTH,wet_year;nitrogen_stress_year;low_response_year,wet,FQA2021_normal_grid_S0010,low_input_within_10pct_yield,2021-09-09,252,96,91,"{""sim_day"": 96.0, ""doy"": 252.0, ""topwt"": 12024.501953125, ""grnwt"": 5726.544799804688, ""xlai"": 1.4243485927581787, ""totir"": 0.0, ""tofer"": NaN, ""swfac"": 0.0, ""nstres"": 0.0}",0.0,0.0,12024.501953125,5726.544799804688,1.4243485927581787,0.0,,0.0,0.0,0.0,150.0,29.748510742187506,29.748510742187506,Leave_One_experiments/all_year_offline_schedule_search/daily_outputs/FQA/FQA_2021_FQA2021_normal_grid_S0010_daily.csv
FQA,FQA,Fengqiu,2021,Leave_One_experiments\wth_generated_qc\FQA\FQA2021.WTH,wet_year;nitrogen_stress_year;low_response_year,wet,FQA2021_normal_grid_S0010,low_input_within_10pct_yield,2021-09-10,253,97,92,"{""sim_day"": 97.0, ""doy"": 253.0, ""topwt"": 12329.02099609375, ""grnwt"": 6031.0626220703125, ""xlai"": 1.3305103778839111, ""totir"": 0.0, ""tofer"": NaN, ""swfac"": 0.0, ""nstres"": 0.0}",0.0,0.0,12329.02099609375,6031.0626220703125,1.3305103778839111,0.0,,0.0,0.0,0.0,150.0,29.748510742187506,29.748510742187506,Leave_One_experiments/all_year_offline_schedule_search/daily_outputs/FQA/FQA_2021_FQA2021_normal_grid_S0010_daily.csv
FQA,FQA,Fengqiu,2021,Leave_One_experiments\wth_generated_qc\FQA\FQA2021.WTH,wet_year;nitrogen_stress_year;low_response_year,wet,FQA2021_normal_grid_S0010,low_input_within_10pct_yield,2021-09-11,254,98,93,"{""sim_day"": 98.0, ""doy"": 254.0, ""topwt"": 12611.021728515623, ""grnwt"": 6313.06396484375, ""xlai"": 1.2342889308929443, ""totir"": 0.0, ""tofer"": NaN, ""swfac"": 0.0, ""nstres"": 0.0}",0.0,0.0,12611.021728515623,6313.06396484375,1.2342889308929443,0.0,,0.0,0.0,0.0,150.0,29.748510742187506,29.748510742187506,Leave_One_experiments/all_year_offline_schedule_search/daily_outputs/FQA/FQA_2021_FQA2021_normal_grid_S0010_daily.csv
FQA,FQA,Fengqiu,2021,Leave_One_experiments\wth_generated_qc\FQA\FQA2021.WTH,wet_year;nitrogen_stress_year;low_response_year,wet,FQA2021_normal_grid_S0010,low_input_within_10pct_yield,2021-09-12,255,99,94,"{""sim_day"": 99.0, ""doy"": 255.0, ""topwt"": 12843.515625, ""grnwt"": 6545.558471679688, ""xlai"": 1.1195783615112305, ""totir"": 0.0, ""tofer"": NaN, ""swfac"": 0.0, ""nstres"": 0.0}",0.0,0.0,12843.515625,6545.558471679688,1.1195783615112305,0.0,,0.0,0.0,0.0,150.0,29.748510742187506,29.748510742187506,Leave_One_experiments/all_year_offline_schedule_search/daily_outputs/FQA/FQA_2021_FQA2021_normal_grid_S0010_daily.csv
FQA,FQA,Fengqiu,2021,Leave_One_experiments\wth_generated_qc\FQA\FQA2021.WTH,wet_year;nitrogen_stress_year;low_response_year,wet,FQA2021_normal_grid_S0010,low_input_within_10pct_yield,2021-09-13,256,100,95,"{""sim_day"": 100.0, ""doy"": 256.0, ""topwt"": 13022.808837890623, ""grnwt"": 6724.85107421875, ""xlai"": 1.0027261972427368, ""totir"": 0.0, ""tofer"": NaN, ""swfac"": 0.0, ""nstres"": 0.0}",0.0,0.0,13022.808837890623,6724.85107421875,1.0027261972427368,0.0,,0.0,0.0,0.0,150.0,29.748510742187506,29.748510742187506,Leave_One_experiments/all_year_offline_schedule_search/daily_outputs/FQA/FQA_2021_FQA2021_normal_grid_S0010_daily.csv
FQA,FQA,Fengqiu,2021,Leave_One_experiments\wth_generated_qc\FQA\FQA2021.WTH,wet_year;nitrogen_stress_year;low_response_year,wet,FQA2021_normal_grid_S0010,low_input_within_10pct_yield,2021-09-14,257,101,96,"{""sim_day"": 101.0, ""doy"": 257.0, ""topwt"": 13022.808837890623, ""grnwt"": 6724.85107421875, ""xlai"": 1.0027261972427368, ""totir"": 0.0, ""tofer"": NaN, ""swfac"": 0.0, ""nstres"": 0.0}",0.0,0.0,13022.808837890623,6724.85107421875,1.0027261972427368,0.0,,0.0,0.0,0.0,150.0,29.748510742187506,29.748510742187506,Leave_One_experiments/all_year_offline_schedule_search/daily_outputs/FQA/FQA_2021_FQA2021_normal_grid_S0010_daily.csv
FQA,FQA,Fengqiu,2021,Leave_One_experiments\wth_generated_qc\FQA\FQA2021.WTH,wet_year;nitrogen_stress_year;low_response_year,wet,FQA2021_normal_grid_S0010,low_input_within_10pct_yield,2021-09-15,258,102,97,"{""sim_day"": 102.0, ""doy"": 258.0, ""topwt"": 13022.808837890623, ""grnwt"": 6724.85107421875, ""xlai"": 1.0027261972427368, ""totir"": 0.0, ""tofer"": NaN, ""swfac"": 0.0, ""nstres"": 0.0}",0.0,0.0,13022.808837890623,6724.85107421875,1.0027261972427368,0.0,,0.0,0.0,0.0,150.0,29.748510742187506,29.748510742187506,Leave_One_experiments/all_year_offline_schedule_search/daily_outputs/FQA/FQA_2021_FQA2021_normal_grid_S0010_daily.csv
FQA,FQA,Fengqiu,2021,Leave_One_experiments\wth_generated_qc\FQA\FQA2021.WTH,wet_year;nitrogen_stress_year;low_response_year,wet,FQA2021_normal_grid_S0010,low_input_within_10pct_yield,2021-09-16,259,103,98,"{""sim_day"": 103.0, ""doy"": 259.0, ""topwt"": 13022.808837890623, ""grnwt"": 6724.85107421875, ""xlai"": 1.0027261972427368, ""totir"": 0.0, ""tofer"": NaN, ""swfac"": 0.0, ""nstres"": 0.0}",0.0,0.0,13022.808837890623,6724.85107421875,1.0027261972427368,0.0,,0.0,0.0,0.0,150.0,29.748510742187506,29.748510742187506,Leave_One_experiments/all_year_offline_schedule_search/daily_outputs/FQA/FQA_2021_FQA2021_normal_grid_S0010_daily.csv
FQA,FQA,Fengqiu,2021,Leave_One_experiments\wth_generated_qc\FQA\FQA2021.WTH,wet_year;nitrogen_stress_year;low_response_year,wet,FQA2021_normal_grid_S0001,pareto_balanced,2021-06-11,162,1,1,"{""sim_day"": 1.0, ""doy"": 162.0, ""topwt"": 0.0, ""grnwt"": 0.0, ""xlai"": 0.0, ""totir"": 0.0, ""tofer"": NaN, ""swfac"": 0.0, ""nstres"": 0.0}",0.0,0.0,0.0,0.0,0.0,0.0,,0.0,0.0,0.0,0.0,22.783702087402343,22.783702087402343,Leave_One_experiments/all_year_offline_schedule_search/daily_outputs/FQA/FQA_2021_FQA2021_normal_grid_S0001_daily.csv
FQA,FQA,Fengqiu,2021,Leave_One_experiments\wth_generated_qc\FQA\FQA2021.WTH,wet_year;nitrogen_stress_year;low_response_year,wet,FQA2021_normal_grid_S0001,pareto_balanced,2021-06-12,163,2,2,"{""sim_day"": 2.0, ""doy"": 163.0, ""topwt"": 0.0, ""grnwt"": 0.0, ""xlai"": 0.0, ""totir"": 0.0, ""tofer"": NaN, ""swfac"": 0.0, ""nstres"": 0.0}",0.0,0.0,0.0,0.0,0.0,0.0,,0.0,0.0,0.0,0.0,22.783702087402343,22.783702087402343,Leave_One_experiments/all_year_offline_schedule_search/daily_outputs/FQA/FQA_2021_FQA2021_normal_grid_S0001_daily.csv
FQA,FQA,Fengqiu,2021,Leave_One_experiments\wth_generated_qc\FQA\FQA2021.WTH,wet_year;nitrogen_stress_year;low_response_year,wet,FQA2021_normal_grid_S0001,pareto_balanced,2021-06-13,164,3,3,"{""sim_day"": 3.0, ""doy"": 164.0, ""topwt"": 0.0, ""grnwt"": 0.0, ""xlai"": 0.0, ""totir"": 0.0, ""tofer"": NaN, ""swfac"": 0.0, ""nstres"": 0.0}",0.0,0.0,0.0,0.0,0.0,0.0,,0.0,0.0,0.0,0.0,22.783702087402343,22.783702087402343,Leave_One_experiments/all_year_offline_schedule_search/daily_outputs/FQA/FQA_2021_FQA2021_normal_grid_S0001_daily.csv
FQA,FQA,Fengqiu,2021,Leave_One_experiments\wth_generated_qc\FQA\FQA2021.WTH,wet_year;nitrogen_stress_year;low_response_year,wet,FQA2021_normal_grid_S0001,pareto_balanced,2021-06-14,165,4,4,"{""sim_day"": 4.0, ""doy"": 165.0, ""topwt"": 0.0, ""grnwt"": 0.0, ""xlai"": 0.0, ""totir"": 0.0, ""tofer"": NaN, ""swfac"": 0.0, ""nstres"": 0.0}",0.0,0.0,0.0,0.0,0.0,0.0,,0.0,0.0,0.0,0.0,22.783702087402343,22.783702087402343,Leave_One_experiments/all_year_offline_schedule_search/daily_outputs/FQA/FQA_2021_FQA2021_normal_grid_S0001_daily.csv
FQA,FQA,Fengqiu,2021,Leave_One_experiments\wth_generated_qc\FQA\FQA2021.WTH,wet_year;nitrogen_stress_year;low_response_year,wet,FQA2021_normal_grid_S0001,pareto_balanced,2021-06-15,166,5,5,"{""sim_day"": 5.0, ""doy"": 166.0, ""topwt"": 0.0, ""grnwt"": 0.0, ""xlai"": 0.0, ""totir"": 0.0, ""tofer"": NaN, ""swfac"": 0.0, ""nstres"": 0.0}",0.0,0.0,0.0,0.0,0.0,0.0,,0.0,0.0,0.0,0.0,22.783702087402343,22.783702087402343,Leave_One_experiments/all_year_offline_schedule_search/daily_outputs/FQA/FQA_2021_FQA2021_normal_grid_S0001_daily.csv
FQA,FQA,Fengqiu,2021,Leave_One_experiments\wth_generated_qc\FQA\FQA2021.WTH,wet_year;nitrogen_stress_year;low_response_year,wet,FQA2021_normal_grid_S0001,pareto_balanced,2021-06-11,162,6,1,"{""sim_day"": 6.0, ""doy"": 162.0, ""topwt"": 0.0, ""grnwt"": 0.0, ""xlai"": 0.0, ""totir"": 0.0, ""tofer"": NaN, ""swfac"": 0.0, ""nstres"": 0.0}",0.0,0.0,0.0,0.0,0.0,0.0,,0.0,0.0,0.0,0.0,22.783702087402343,22.783702087402343,Leave_One_experiments/all_year_offline_schedule_search/daily_outputs/FQA/FQA_2021_FQA2021_normal_grid_S0001_daily.csv
FQA,FQA,Fengqiu,2021,Leave_One_experiments\wth_generated_qc\FQA\FQA2021.WTH,wet_year;nitrogen_stress_year;low_response_year,wet,FQA2021_normal_grid_S0001,pareto_balanced,2021-06-12,163,7,2,"{""sim_day"": 7.0, ""doy"": 163.0, ""topwt"": 0.0, ""grnwt"": 0.0, ""xlai"": 0.0, ""totir"": 0.0, ""tofer"": NaN, ""swfac"": 0.0, ""nstres"": 0.0}",0.0,0.0,0.0,0.0,0.0,0.0,,0.0,0.0,0.0,0.0,22.783702087402343,22.783702087402343,Leave_One_experiments/all_year_offline_schedule_search/daily_outputs/FQA/FQA_2021_FQA2021_normal_grid_S0001_daily.csv
FQA,FQA,Fengqiu,2021,Leave_One_experiments\wth_generated_qc\FQA\FQA2021.WTH,wet_year;nitrogen_stress_year;low_response_year,wet,FQA2021_normal_grid_S0001,pareto_balanced,2021-06-13,164,8,3,"{""sim_day"": 8.0, ""doy"": 164.0, ""topwt"": 0.0, ""grnwt"": 0.0, ""xlai"": 0.0, ""totir"": 0.0, ""tofer"": NaN, ""swfac"": 0.0, ""nstres"": 0.0}",0.0,0.0,0.0,0.0,0.0,0.0,,0.0,0.0,0.0,0.0,22.783702087402343,22.783702087402343,Leave_One_experiments/all_year_offline_schedule_search/daily_outputs/FQA/FQA_2021_FQA2021_normal_grid_S0001_daily.csv
FQA,FQA,Fengqiu,2021,Leave_One_experiments\wth_generated_qc\FQA\FQA2021.WTH,wet_year;nitrogen_stress_year;low_response_year,wet,FQA2021_normal_grid_S0001,pareto_balanced,2021-06-14,165,9,4,"{""sim_day"": 9.0, ""doy"": 165.0, ""topwt"": 0.0, ""grnwt"": 0.0, ""xlai"": 0.0, ""totir"": 0.0, ""tofer"": NaN, ""swfac"": 0.0, ""nstres"": 0.0}",0.0,0.0,0.0,0.0,0.0,0.0,,0.0,0.0,0.0,0.0,22.783702087402343,22.783702087402343,Leave_One_experiments/all_year_offline_schedule_search/daily_outputs/FQA/FQA_2021_FQA2021_normal_grid_S0001_daily.csv
FQA,FQA,Fengqiu,2021,Leave_One_experiments\wth_generated_qc\FQA\FQA2021.WTH,wet_year;nitrogen_stress_year;low_response_year,wet,FQA2021_normal_grid_S0001,pareto_balanced,2021-06-15,166,10,5,"{""sim_day"": 10.0, ""doy"": 166.0, ""topwt"": 32.00000047683716, ""grnwt"": 0.0, ""xlai"": 0.0028055706061422, ""totir"": 0.0, ""tofer"": NaN, ""swfac"": 0.0, ""nstres"": 0.0121910572052001}",0.0,0.0121910572052001,32.00000047683716,0.0,0.0028055706061422,0.0,,0.0,0.0,0.0,0.0,22.783702087402343,22.783702087402343,Leave_One_experiments/all_year_offline_schedule_search/daily_outputs/FQA/FQA_2021_FQA2021_normal_grid_S0001_daily.csv
FQA,FQA,Fengqiu,2021,Leave_One_experiments\wth_generated_qc\FQA\FQA2021.WTH,wet_year;nitrogen_stress_year;low_response_year,wet,FQA2021_normal_grid_S0001,pareto_balanced,2021-06-16,167,11,6,"{""sim_day"": 11.0, ""doy"": 167.0, ""topwt"": 32.00000047683716, ""grnwt"": 0.0, ""xlai"": 0.0049125892110168, ""totir"": 0.0, ""tofer"": NaN, ""swfac"": 0.0, ""nstres"": 0.007765769958496}",0.0,0.007765769958496,32.00000047683716,0.0,0.0049125892110168,0.0,,0.0,0.0,0.0,0.0,22.783702087402343,22.783702087402343,Leave_One_experiments/all_year_offline_schedule_search/daily_outputs/FQA/FQA_2021_FQA2021_normal_grid_S0001_daily.csv
FQA,FQA,Fengqiu,2021,Leave_One_experiments\wth_generated_qc\FQA\FQA2021.WTH,wet_year;nitrogen_stress_year;low_response_year,wet,FQA2021_normal_grid_S0001,pareto_balanced,2021-06-17,168,12,7,"{""sim_day"": 12.0, ""doy"": 168.0, ""topwt"": 32.00000047683716, ""grnwt"": 0.0, ""xlai"": 0.0076075526885688, ""totir"": 0.0, ""tofer"": NaN, ""swfac"": 0.0, ""nstres"": 0.0}",0.0,0.0,32.00000047683716,0.0,0.0076075526885688,0.0,,0.0,0.0,0.0,0.0,22.783702087402343,22.783702087402343,Leave_One_experiments/all_year_offline_schedule_search/daily_outputs/FQA/FQA_2021_FQA2021_normal_grid_S0001_daily.csv
FQA,FQA,Fengqiu,2021,Leave_One_experiments\wth_generated_qc\FQA\FQA2021.WTH,wet_year;nitrogen_stress_year;low_response_year,wet,FQA2021_normal_grid_S0001,pareto_balanced,2021-06-18,169,13,8,"{""sim_day"": 13.0, ""doy"": 169.0, ""topwt"": 32.00000047683716, ""grnwt"": 0.0, ""xlai"": 0.0109028629958629, ""totir"": 0.0, ""tofer"": NaN, ""swfac"": 0.0, ""nstres"": 0.0}",0.0,0.0,32.00000047683716,0.0,0.0109028629958629,0.0,,0.0,0.0,0.0,0.0,22.783702087402343,22.783702087402343,Leave_One_experiments/all_year_offline_schedule_search/daily_outputs/FQA/FQA_2021_FQA2021_normal_grid_S0001_daily.csv
FQA,FQA,Fengqiu,2021,Leave_One_experiments\wth_generated_qc\FQA\FQA2021.WTH,wet_year;nitrogen_stress_year;low_response_year,wet,FQA2021_normal_grid_S0001,pareto_balanced,2021-06-19,170,14,9,"{""sim_day"": 14.0, ""doy"": 170.0, ""topwt"": 32.00000047683716, ""grnwt"": 0.0, ""xlai"": 0.0148038314655423, ""totir"": 0.0, ""tofer"": NaN, ""swfac"": 0.0, ""nstres"": 0.0}",0.0,0.0,32.00000047683716,0.0,0.0148038314655423,0.0,,0.0,0.0,0.0,0.0,22.783702087402343,22.783702087402343,Leave_One_experiments/all_year_offline_schedule_search/daily_outputs/FQA/FQA_2021_FQA2021_normal_grid_S0001_daily.csv
FQA,FQA,Fengqiu,2021,Leave_One_experiments\wth_generated_qc\FQA\FQA2021.WTH,wet_year;nitrogen_stress_year;low_response_year,wet,FQA2021_normal_grid_S0001,pareto_balanced,2021-06-20,171,15,10,"{""sim_day"": 15.0, ""doy"": 171.0, ""topwt"": 32.00000047683716, ""grnwt"": 0.0, ""xlai"": 0.0188248269259929, ""totir"": 0.0, ""tofer"": NaN, ""swfac"": 0.0, ""nstres"": 0.0}",0.0,0.0,32.00000047683716,0.0,0.0188248269259929,0.0,,0.0,0.0,0.0,0.0,22.783702087402343,22.783702087402343,Leave_One_experiments/all_year_offline_schedule_search/daily_outputs/FQA/FQA_2021_FQA2021_normal_grid_S0001_daily.csv
FQA,FQA,Fengqiu,2021,Leave_One_experiments\wth_generated_qc\FQA\FQA2021.WTH,wet_year;nitrogen_stress_year;low_response_year,wet,FQA2021_normal_grid_S0001,pareto_balanced,2021-06-21,172,16,11,"{""sim_day"": 16.0, ""doy"": 172.0, ""topwt"": 32.00000047683716, ""grnwt"": 0.0, ""xlai"": 0.023411126807332, ""totir"": 0.0, ""tofer"": NaN, ""swfac"": 0.0, ""nstres"": 0.0}",0.0,0.0,32.00000047683716,0.0,0.023411126807332,0.0,,0.0,0.0,0.0,0.0,22.783702087402343,22.783702087402343,Leave_One_experiments/all_year_offline_schedule_search/daily_outputs/FQA/FQA_2021_FQA2021_normal_grid_S0001_daily.csv
FQA,FQA,Fengqiu,2021,Leave_One_experiments\wth_generated_qc\FQA\FQA2021.WTH,wet_year;nitrogen_stress_year;low_response_year,wet,FQA2021_normal_grid_S0001,pareto_balanced,2021-06-22,173,17,12,"{""sim_day"": 17.0, ""doy"": 173.0, ""topwt"": 26.331264972686768, ""grnwt"": 0.0, ""xlai"": 0.0412517599761486, ""totir"": 0.0, ""tofer"": NaN, ""swfac"": 0.0, ""nstres"": 0.0}",0.0,0.0,26.331264972686768,0.0,0.0412517599761486,0.0,,0.0,0.0,0.0,0.0,22.783702087402343,22.783702087402343,Leave_One_experiments/all_year_offline_schedule_search/daily_outputs/FQA/FQA_2021_FQA2021_normal_grid_S0001_daily.csv
FQA,FQA,Fengqiu,2021,Leave_One_experiments\wth_generated_qc\FQA\FQA2021.WTH,wet_year;nitrogen_stress_year;low_response_year,wet,FQA2021_normal_grid_S0001,pareto_balanced,2021-06-23,174,18,13,"{""sim_day"": 18.0, ""doy"": 174.0, ""topwt"": 33.11282157897949, ""grnwt"": 0.0, ""xlai"": 0.0616481862962245, ""totir"": 0.0, ""tofer"": NaN, ""swfac"": 0.0, ""nstres"": 0.0}",0.0,0.0,33.11282157897949,0.0,0.0616481862962245,0.0,,0.0,0.0,0.0,0.0,22.783702087402343,22.783702087402343,Leave_One_experiments/all_year_offline_schedule_search/daily_outputs/FQA/FQA_2021_FQA2021_normal_grid_S0001_daily.csv
FQA,FQA,Fengqiu,2021,Leave_One_experiments\wth_generated_qc\FQA\FQA2021.WTH,wet_year;nitrogen_stress_year;low_response_year,wet,FQA2021_normal_grid_S0001,pareto_balanced,2021-06-24,175,19,14,"{""sim_day"": 19.0, ""doy"": 175.0, ""topwt"": 39.96714115142822, ""grnwt"": 0.0, ""xlai"": 0.0805795490741729, ""totir"": 0.0, ""tofer"": NaN, ""swfac"": 0.0, ""nstres"": 0.0}",0.0,0.0,39.96714115142822,0.0,0.0805795490741729,0.0,,0.0,0.0,0.0,0.0,22.783702087402343,22.783702087402343,Leave_One_experiments/all_year_offline_schedule_search/daily_outputs/FQA/FQA_2021_FQA2021_normal_grid_S0001_daily.csv
FQA,FQA,Fengqiu,2021,Leave_One_experiments\wth_generated_qc\FQA\FQA2021.WTH,wet_year;nitrogen_stress_year;low_response_year,wet,FQA2021_normal_grid_S0001,pareto_balanced,2021-06-25,176,20,15,"{""sim_day"": 20.0, ""doy"": 176.0, ""topwt"": 48.70611190795898, ""grnwt"": 0.0, ""xlai"": 0.1031496822834014, ""totir"": 0.0, ""tofer"": NaN, ""swfac"": 0.0, ""nstres"": 0.0}",0.0,0.0,48.70611190795898,0.0,0.1031496822834014,0.0,,0.0,0.0,0.0,0.0,22.783702087402343,22.783702087402343,Leave_One_experiments/all_year_offline_schedule_search/daily_outputs/FQA/FQA_2021_FQA2021_normal_grid_S0001_daily.csv
FQA,FQA,Fengqiu,2021,Leave_One_experiments\wth_generated_qc\FQA\FQA2021.WTH,wet_year;nitrogen_stress_year;low_response_year,wet,FQA2021_normal_grid_S0001,pareto_balanced,2021-06-26,177,21,16,"{""sim_day"": 21.0, ""doy"": 177.0, ""topwt"": 59.80781078338623, ""grnwt"": 0.0, ""xlai"": 0.1300678253173828, ""totir"": 0.0, ""tofer"": NaN, ""swfac"": 0.0, ""nstres"": 0.0}",0.0,0.0,59.80781078338623,0.0,0.1300678253173828,0.0,,0.0,0.0,0.0,0.0,22.783702087402343,22.783702087402343,Leave_One_experiments/all_year_offline_schedule_search/daily_outputs/FQA/FQA_2021_FQA2021_normal_grid_S0001_daily.csv
FQA,FQA,Fengqiu,2021,Leave_One_experiments\wth_generated_qc\FQA\FQA2021.WTH,wet_year;nitrogen_stress_year;low_response_year,wet,FQA2021_normal_grid_S0001,pareto_balanced,2021-06-27,178,22,17,"{""sim_day"": 22.0, ""doy"": 178.0, ""topwt"": 73.01446914672852, ""grnwt"": 0.0, ""xlai"": 0.1602696627378463, ""totir"": 0.0, ""tofer"": NaN, ""swfac"": 0.0, ""nstres"": 0.0}",0.0,0.0,73.01446914672852,0.0,0.1602696627378463,0.0,,0.0,0.0,0.0,0.0,22.783702087402343,22.783702087402343,Leave_One_experiments/all_year_offline_schedule_search/daily_outputs/FQA/FQA_2021_FQA2021_normal_grid_S0001_daily.csv
FQA,FQA,Fengqiu,2021,Leave_One_experiments\wth_generated_qc\FQA\FQA2021.WTH,wet_year;nitrogen_stress_year;low_response_year,wet,FQA2021_normal_grid_S0001,pareto_balanced,2021-06-28,179,23,18,"{""sim_day"": 23.0, ""doy"": 179.0, ""topwt"": 87.82415390014648, ""grnwt"": 0.0, ""xlai"": 0.1924071907997131, ""totir"": 0.0, ""tofer"": NaN, ""swfac"": 0.0, ""nstres"": 0.0}",0.0,0.0,87.82415390014648,0.0,0.1924071907997131,0.0,,0.0,0.0,0.0,0.0,22.783702087402343,22.783702087402343,Leave_One_experiments/all_year_offline_schedule_search/daily_outputs/FQA/FQA_2021_FQA2021_normal_grid_S0001_daily.csv
FQA,FQA,Fengqiu,2021,Leave_One_experiments\wth_generated_qc\FQA\FQA2021.WTH,wet_year;nitrogen_stress_year;low_response_year,wet,FQA2021_normal_grid_S0001,pareto_balanced,2021-06-29,180,24,19,"{""sim_day"": 24.0, ""doy"": 180.0, ""topwt"": 105.39074897766112, ""grnwt"": 0.0, ""xlai"": 0.228739708662033, ""totir"": 0.0, ""tofer"": NaN, ""swfac"": 0.0, ""nstres"": 0.0}",0.0,0.0,105.39074897766112,0.0,0.228739708662033,0.0,,0.0,0.0,0.0,0.0,22.783702087402343,22.783702087402343,Leave_One_experiments/all_year_offline_schedule_search/daily_outputs/FQA/FQA_2021_FQA2021_normal_grid_S0001_daily.csv
FQA,FQA,Fengqiu,2021,Leave_One_experiments\wth_generated_qc\FQA\FQA2021.WTH,wet_year;nitrogen_stress_year;low_response_year,wet,FQA2021_normal_grid_S0001,pareto_balanced,2021-06-30,181,25,20,"{""sim_day"": 25.0, ""doy"": 181.0, ""topwt"": 121.58337593078612, ""grnwt"": 0.0, ""xlai"": 0.2608801424503326, ""totir"": 0.0, ""tofer"": NaN, ""swfac"": 0.0, ""nstres"": 0.0}",0.0,0.0,121.58337593078612,0.0,0.2608801424503326,0.0,,0.0,0.0,0.0,0.0,22.783702087402343,22.783702087402343,Leave_One_experiments/all_year_offline_schedule_search/daily_outputs/FQA/FQA_2021_FQA2021_normal_grid_S0001_daily.csv
FQA,FQA,Fengqiu,2021,Leave_One_experiments\wth_generated_qc\FQA\FQA2021.WTH,wet_year;nitrogen_stress_year;low_response_year,wet,FQA2021_normal_grid_S0001,pareto_balanced,2021-07-01,182,26,21,"{""sim_day"": 26.0, ""doy"": 182.0, ""topwt"": 138.645658493042, ""grnwt"": 0.0, ""xlai"": 0.291950523853302, ""totir"": 0.0, ""tofer"": NaN, ""swfac"": 0.0, ""nstres"": 0.0}",0.0,0.0,138.645658493042,0.0,0.291950523853302,0.0,,0.0,0.0,0.0,0.0,22.783702087402343,22.783702087402343,Leave_One_experiments/all_year_offline_schedule_search/daily_outputs/FQA/FQA_2021_FQA2021_normal_grid_S0001_daily.csv
FQA,FQA,Fengqiu,2021,Leave_One_experiments\wth_generated_qc\FQA\FQA2021.WTH,wet_year;nitrogen_stress_year;low_response_year,wet,FQA2021_normal_grid_S0001,pareto_balanced,2021-07-02,183,27,22,"{""sim_day"": 27.0, ""doy"": 183.0, ""topwt"": 159.89431381225586, ""grnwt"": 0.0, ""xlai"": 0.3327521979808807, ""totir"": 0.0, ""tofer"": NaN, ""swfac"": 0.0, ""nstres"": 0.0}",0.0,0.0,159.89431381225586,0.0,0.3327521979808807,0.0,,0.0,0.0,0.0,0.0,22.783702087402343,22.783702087402343,Leave_One_experiments/all_year_offline_schedule_search/daily_outputs/FQA/FQA_2021_FQA2021_normal_grid_S0001_daily.csv
FQA,FQA,Fengqiu,2021,Leave_One_experiments\wth_generated_qc\FQA\FQA2021.WTH,wet_year;nitrogen_stress_year;low_response_year,wet,FQA2021_normal_grid_S0001,pareto_balanced,2021-07-03,184,28,23,"{""sim_day"": 28.0, ""doy"": 184.0, ""topwt"": 185.4520606994629, ""grnwt"": 0.0, ""xlai"": 0.3799351155757904, ""totir"": 0.0, ""tofer"": NaN, ""swfac"": 0.0, ""nstres"": 0.0}",0.0,0.0,185.4520606994629,0.0,0.3799351155757904,0.0,,0.0,0.0,0.0,0.0,22.783702087402343,22.783702087402343,Leave_One_experiments/all_year_offline_schedule_search/daily_outputs/FQA/FQA_2021_FQA2021_normal_grid_S0001_daily.csv
FQA,FQA,Fengqiu,2021,Leave_One_experiments\wth_generated_qc\FQA\FQA2021.WTH,wet_year;nitrogen_stress_year;low_response_year,wet,FQA2021_normal_grid_S0001,pareto_balanced,2021-07-04,185,29,24,"{""sim_day"": 29.0, ""doy"": 185.0, ""topwt"": 212.72994995117188, ""grnwt"": 0.0, ""xlai"": 0.4282934367656708, ""totir"": 0.0, ""tofer"": NaN, ""swfac"": 0.0, ""nstres"": 0.0}",0.0,0.0,212.72994995117188,0.0,0.4282934367656708,0.0,,0.0,0.0,0.0,0.0,22.783702087402343,22.783702087402343,Leave_One_experiments/all_year_offline_schedule_search/daily_outputs/FQA/FQA_2021_FQA2021_normal_grid_S0001_daily.csv
FQA,FQA,Fengqiu,2021,Leave_One_experiments\wth_generated_qc\FQA\FQA2021.WTH,wet_year;nitrogen_stress_year;low_response_year,wet,FQA2021_normal_grid_S0001,pareto_balanced,2021-07-05,186,30,25,"{""sim_day"": 30.0, ""doy"": 186.0, ""topwt"": 241.9126510620117, ""grnwt"": 0.0, ""xlai"": 0.4779998958110809, ""totir"": 0.0, ""tofer"": NaN, ""swfac"": 0.0, ""nstres"": 0.0}",0.0,0.0,241.9126510620117,0.0,0.4779998958110809,0.0,,0.0,0.0,0.0,0.0,22.783702087402343,22.783702087402343,Leave_One_experiments/all_year_offline_schedule_search/daily_outputs/FQA/FQA_2021_FQA2021_normal_grid_S0001_daily.csv
FQA,FQA,Fengqiu,2021,Leave_One_experiments\wth_generated_qc\FQA\FQA2021.WTH,wet_year;nitrogen_stress_year;low_response_year,wet,FQA2021_normal_grid_S0001,pareto_balanced,2021-07-06,187,31,26,"{""sim_day"": 31.0, ""doy"": 187.0, ""topwt"": 276.9109916687012, ""grnwt"": 0.0, ""xlai"": 0.5351144671440125, ""totir"": 0.0, ""tofer"": NaN, ""swfac"": 0.0, ""nstres"": 0.0}",0.0,0.0,276.9109916687012,0.0,0.5351144671440125,0.0,,0.0,0.0,0.0,0.0,22.783702087402343,22.783702087402343,Leave_One_experiments/all_year_offline_schedule_search/daily_outputs/FQA/FQA_2021_FQA2021_normal_grid_S0001_daily.csv
FQA,FQA,Fengqiu,2021,Leave_One_experiments\wth_generated_qc\FQA\FQA2021.WTH,wet_year;nitrogen_stress_year;low_response_year,wet,FQA2021_normal_grid_S0001,pareto_balanced,2021-07-07,188,32,27,"{""sim_day"": 32.0, ""doy"": 188.0, ""topwt"": 319.21796798706055, ""grnwt"": 0.0, ""xlai"": 0.6009424924850464, ""totir"": 0.0, ""tofer"": NaN, ""swfac"": 0.0, ""nstres"": 0.0}",0.0,0.0,319.21796798706055,0.0,0.6009424924850464,0.0,,0.0,0.0,0.0,0.0,22.783702087402343,22.783702087402343,Leave_One_experiments/all_year_offline_schedule_search/daily_outputs/FQA/FQA_2021_FQA2021_normal_grid_S0001_daily.csv
FQA,FQA,Fengqiu,2021,Leave_One_experiments\wth_generated_qc\FQA\FQA2021.WTH,wet_year;nitrogen_stress_year;low_response_year,wet,FQA2021_normal_grid_S0001,pareto_balanced,2021-07-08,189,33,28,"{""sim_day"": 33.0, ""doy"": 189.0, ""topwt"": 367.61547088623047, ""grnwt"": 0.0, ""xlai"": 0.6725171208381653, ""totir"": 0.0, ""tofer"": NaN, ""swfac"": 0.0, ""nstres"": 0.0}",0.0,0.0,367.61547088623047,0.0,0.6725171208381653,0.0,,0.0,0.0,0.0,0.0,22.783702087402343,22.783702087402343,Leave_One_experiments/all_year_offline_schedule_search/daily_outputs/FQA/FQA_2021_FQA2021_normal_grid_S0001_daily.csv
FQA,FQA,Fengqiu,2021,Leave_One_experiments\wth_generated_qc\FQA\FQA2021.WTH,wet_year;nitrogen_stress_year;low_response_year,wet,FQA2021_normal_grid_S0001,pareto_balanced,2021-07-09,190,34,29,"{""sim_day"": 34.0, ""doy"": 190.0, ""topwt"": 423.76075744628906, ""grnwt"": 0.0, ""xlai"": 0.7512175440788269, ""totir"": 0.0, ""tofer"": NaN, ""swfac"": 0.0, ""nstres"": 0.0}",0.0,0.0,423.76075744628906,0.0,0.7512175440788269,0.0,,0.0,0.0,0.0,0.0,22.783702087402343,22.783702087402343,Leave_One_experiments/all_year_offline_schedule_search/daily_outputs/FQA/FQA_2021_FQA2021_normal_grid_S0001_daily.csv
FQA,FQA,Fengqiu,2021,Leave_One_experiments\wth_generated_qc\FQA\FQA2021.WTH,wet_year;nitrogen_stress_year;low_response_year,wet,FQA2021_normal_grid_S0001,pareto_balanced,2021-07-10,191,35,30,"{""sim_day"": 35.0, ""doy"": 191.0, ""topwt"": 451.2799453735352, ""grnwt"": 0.0, ""xlai"": 0.785056471824646, ""totir"": 0.0, ""tofer"": NaN, ""swfac"": 0.0, ""nstres"": 0.0307404994964599}",0.0,0.0307404994964599,451.2799453735352,0.0,0.785056471824646,0.0,,0.0,0.0,0.0,0.0,22.783702087402343,22.783702087402343,Leave_One_experiments/all_year_offline_schedule_search/daily_outputs/FQA/FQA_2021_FQA2021_normal_grid_S0001_daily.csv
FQA,FQA,Fengqiu,2021,Leave_One_experiments\wth_generated_qc\FQA\FQA2021.WTH,wet_year;nitrogen_stress_year;low_response_year,wet,FQA2021_normal_grid_S0001,pareto_balanced,2021-07-11,192,36,31,"{""sim_day"": 36.0, ""doy"": 192.0, ""topwt"": 512.3118591308594, ""grnwt"": 0.0, ""xlai"": 0.8549915552139282, ""totir"": 0.0, ""tofer"": NaN, ""swfac"": 0.0, ""nstres"": 0.0726505517959594}",0.0,0.0726505517959594,512.3118591308594,0.0,0.8549915552139282,0.0,,0.0,0.0,0.0,0.0,22.783702087402343,22.783702087402343,Leave_One_experiments/all_year_offline_schedule_search/daily_outputs/FQA/FQA_2021_FQA2021_normal_grid_S0001_daily.csv
FQA,FQA,Fengqiu,2021,Leave_One_experiments\wth_generated_qc\FQA\FQA2021.WTH,wet_year;nitrogen_stress_year;low_response_year,wet,FQA2021_normal_grid_S0001,pareto_balanced,2021-07-12,193,37,32,"{""sim_day"": 37.0, ""doy"": 193.0, ""topwt"": 575.7997894287109, ""grnwt"": 0.0, ""xlai"": 0.9222854375839232, ""totir"": 0.0, ""tofer"": NaN, ""swfac"": 0.0, ""nstres"": 0.0795298814773559}",0.0,0.0795298814773559,575.7997894287109,0.0,0.9222854375839232,0.0,,0.0,0.0,0.0,0.0,22.783702087402343,22.783702087402343,Leave_One_experiments/all_year_offline_schedule_search/daily_outputs/FQA/FQA_2021_FQA2021_normal_grid_S0001_daily.csv
FQA,FQA,Fengqiu,2021,Leave_One_experiments\wth_generated_qc\FQA\FQA2021.WTH,wet_year;nitrogen_stress_year;low_response_year,wet,FQA2021_normal_grid_S0001,pareto_balanced,2021-07-13,194,38,33,"{""sim_day"": 38.0, ""doy"": 194.0, ""topwt"": 639.3350219726562, ""grnwt"": 0.0, ""xlai"": 0.9805207848548888, ""totir"": 0.0, ""tofer"": NaN, ""swfac"": 0.0, ""nstres"": 0.1149535775184631}",0.0,0.1149535775184631,639.3350219726562,0.0,0.9805207848548888,0.0,,0.0,0.0,0.0,0.0,22.783702087402343,22.783702087402343,Leave_One_experiments/all_year_offline_schedule_search/daily_outputs/FQA/FQA_2021_FQA2021_normal_grid_S0001_daily.csv
FQA,FQA,Fengqiu,2021,Leave_One_experiments\wth_generated_qc\FQA\FQA2021.WTH,wet_year;nitrogen_stress_year;low_response_year,wet,FQA2021_normal_grid_S0001,pareto_balanced,2021-07-14,195,39,34,"{""sim_day"": 39.0, ""doy"": 195.0, ""topwt"": 697.2597503662109, ""grnwt"": 0.0, ""xlai"": 1.0245578289031982, ""totir"": 0.0, ""tofer"": NaN, ""swfac"": 0.0, ""nstres"": 0.1444820165634155}",0.0,0.1444820165634155,697.2597503662109,0.0,1.0245578289031982,0.0,,0.0,0.0,0.0,0.0,22.783702087402343,22.783702087402343,Leave_One_experiments/all_year_offline_schedule_search/daily_outputs/FQA/FQA_2021_FQA2021_normal_grid_S0001_daily.csv
FQA,FQA,Fengqiu,2021,Leave_One_experiments\wth_generated_qc\FQA\FQA2021.WTH,wet_year;nitrogen_stress_year;low_response_year,wet,FQA2021_normal_grid_S0001,pareto_balanced,2021-07-15,196,40,35,"{""sim_day"": 40.0, ""doy"": 196.0, ""topwt"": 751.7803955078125, ""grnwt"": 0.0, ""xlai"": 1.0596816539764404, ""totir"": 0.0, ""tofer"": NaN, ""swfac"": 0.0, ""nstres"": 0.1585933566093444}",0.0,0.1585933566093444,751.7803955078125,0.0,1.0596816539764404,0.0,,0.0,0.0,0.0,0.0,22.783702087402343,22.783702087402343,Leave_One_experiments/all_year_offline_schedule_search/daily_outputs/FQA/FQA_2021_FQA2021_normal_grid_S0001_daily.csv
FQA,FQA,Fengqiu,2021,Leave_One_experiments\wth_generated_qc\FQA\FQA2021.WTH,wet_year;nitrogen_stress_year;low_response_year,wet,FQA2021_normal_grid_S0001,pareto_balanced,2021-07-16,197,41,36,"{""sim_day"": 41.0, ""doy"": 197.0, ""topwt"": 805.9870147705078, ""grnwt"": 0.0, ""xlai"": 1.089828610420227, ""totir"": 0.0, ""tofer"": NaN, ""swfac"": 0.0, ""nstres"": 0.1703124642372131}",0.0,0.1703124642372131,805.9870147705078,0.0,1.089828610420227,0.0,,0.0,0.0,0.0,0.0,22.783702087402343,22.783702087402343,Leave_One_experiments/all_year_offline_schedule_search/daily_outputs/FQA/FQA_2021_FQA2021_normal_grid_S0001_daily.csv
FQA,FQA,Fengqiu,2021,Leave_One_experiments\wth_generated_qc\FQA\FQA2021.WTH,wet_year;nitrogen_stress_year;low_response_year,wet,FQA2021_normal_grid_S0001,pareto_balanced,2021-07-17,198,42,37,"{""sim_day"": 42.0, ""doy"": 198.0, ""topwt"": 858.154296875, ""grnwt"": 0.0, ""xlai"": 1.1135445833206177, ""totir"": 0.0, ""tofer"": NaN, ""swfac"": 0.0, ""nstres"": 0.1828151941299438}",0.0,0.1828151941299438,858.154296875,0.0,1.1135445833206177,0.0,,0.0,0.0,0.0,0.0,22.783702087402343,22.783702087402343,Leave_One_experiments/all_year_offline_schedule_search/daily_outputs/FQA/FQA_2021_FQA2021_normal_grid_S0001_daily.csv
FQA,FQA,Fengqiu,2021,Leave_One_experiments\wth_generated_qc\FQA\FQA2021.WTH,wet_year;nitrogen_stress_year;low_response_year,wet,FQA2021_normal_grid_S0001,pareto_balanced,2021-07-18,199,43,38,"{""sim_day"": 43.0, ""doy"": 199.0, ""topwt"": 914.9232482910156, ""grnwt"": 0.0, ""xlai"": 1.1374149322509766, ""totir"": 0.0, ""tofer"": NaN, ""swfac"": 0.0, ""nstres"": 0.1925718188285827}",0.0,0.1925718188285827,914.9232482910156,0.0,1.1374149322509766,0.0,,0.0,0.0,0.0,0.0,22.783702087402343,22.783702087402343,Leave_One_experiments/all_year_offline_schedule_search/daily_outputs/FQA/FQA_2021_FQA2021_normal_grid_S0001_daily.csv
FQA,FQA,Fengqiu,2021,Leave_One_experiments\wth_generated_qc\FQA\FQA2021.WTH,wet_year;nitrogen_stress_year;low_response_year,wet,FQA2021_normal_grid_S0001,pareto_balanced,2021-07-19,200,44,39,"{""sim_day"": 44.0, ""doy"": 200.0, ""topwt"": 923.8145446777344, ""grnwt"": 0.0, ""xlai"": 1.1123530864715576, ""totir"": 0.0, ""tofer"": NaN, ""swfac"": 0.0, ""nstres"": 0.2027972936630249}",0.0,0.2027972936630249,923.8145446777344,0.0,1.1123530864715576,0.0,,0.0,0.0,0.0,0.0,22.783702087402343,22.783702087402343,Leave_One_experiments/all_year_offline_schedule_search/daily_outputs/FQA/FQA_2021_FQA2021_normal_grid_S0001_daily.csv
FQA,FQA,Fengqiu,2021,Leave_One_experiments\wth_generated_qc\FQA\FQA2021.WTH,wet_year;nitrogen_stress_year;low_response_year,wet,FQA2021_normal_grid_S0001,pareto_balanced,2021-07-20,201,45,40,"{""sim_day"": 45.0, ""doy"": 201.0, ""topwt"": 956.2081146240234, ""grnwt"": 0.0, ""xlai"": 1.09584379196167, ""totir"": 0.0, ""tofer"": NaN, ""swfac"": 0.0, ""nstres"": 0.2227140069007873}",0.0,0.2227140069007873,956.2081146240234,0.0,1.09584379196167,0.0,,0.0,0.0,0.0,0.0,22.783702087402343,22.783702087402343,Leave_One_experiments/all_year_offline_schedule_search/daily_outputs/FQA/FQA_2021_FQA2021_normal_grid_S0001_daily.csv
FQA,FQA,Fengqiu,2021,Leave_One_experiments\wth_generated_qc\FQA\FQA2021.WTH,wet_year;nitrogen_stress_year;low_response_year,wet,FQA2021_normal_grid_S0001,pareto_balanced,2021-07-21,202,46,41,"{""sim_day"": 46.0, ""doy"": 202.0, ""topwt"": 1056.8033599853516, ""grnwt"": 0.0, ""xlai"": 1.1047017574310305, ""totir"": 0.0, ""tofer"": NaN, ""swfac"": 0.0, ""nstres"": 0.2038707137107849}",0.0,0.2038707137107849,1056.8033599853516,0.0,1.1047017574310305,0.0,,0.0,0.0,0.0,0.0,22.783702087402343,22.783702087402343,Leave_One_experiments/all_year_offline_schedule_search/daily_outputs/FQA/FQA_2021_FQA2021_normal_grid_S0001_daily.csv
FQA,FQA,Fengqiu,2021,Leave_One_experiments\wth_generated_qc\FQA\FQA2021.WTH,wet_year;nitrogen_stress_year;low_response_year,wet,FQA2021_normal_grid_S0001,pareto_balanced,2021-07-22,203,47,42,"{""sim_day"": 47.0, ""doy"": 203.0, ""topwt"": 1156.7253112792969, ""grnwt"": 0.0, ""xlai"": 1.110956788063049, ""totir"": 0.0, ""tofer"": NaN, ""swfac"": 0.0, ""nstres"": 0.2070735096931457}",0.0,0.2070735096931457,1156.7253112792969,0.0,1.110956788063049,0.0,,0.0,0.0,0.0,0.0,22.783702087402343,22.783702087402343,Leave_One_experiments/all_year_offline_schedule_search/daily_outputs/FQA/FQA_2021_FQA2021_normal_grid_S0001_daily.csv
FQA,FQA,Fengqiu,2021,Leave_One_experiments\wth_generated_qc\FQA\FQA2021.WTH,wet_year;nitrogen_stress_year;low_response_year,wet,FQA2021_normal_grid_S0001,pareto_balanced,2021-07-23,204,48,43,"{""sim_day"": 48.0, ""doy"": 204.0, ""topwt"": 1272.7339935302734, ""grnwt"": 0.0, ""xlai"": 1.117310881614685, ""totir"": 0.0, ""tofer"": NaN, ""swfac"": 0.0, ""nstres"": 0.2734403610229492}",0.0,0.2734403610229492,1272.7339935302734,0.0,1.117310881614685,0.0,,0.0,0.0,0.0,0.0,22.783702087402343,22.783702087402343,Leave_One_experiments/all_year_offline_schedule_search/daily_outputs/FQA/FQA_2021_FQA2021_normal_grid_S0001_daily.csv
FQA,FQA,Fengqiu,2021,Leave_One_experiments\wth_generated_qc\FQA\FQA2021.WTH,wet_year;nitrogen_stress_year;low_response_year,wet,FQA2021_normal_grid_S0001,pareto_balanced,2021-07-24,205,49,44,"{""sim_day"": 49.0, ""doy"": 205.0, ""topwt"": 1374.3841552734375, ""grnwt"": 0.0, ""xlai"": 1.1146979331970217, ""totir"": 0.0, ""tofer"": NaN, ""swfac"": 0.0, ""nstres"": 0.327560544013977}",0.0,0.327560544013977,1374.3841552734375,0.0,1.1146979331970217,0.0,,0.0,0.0,0.0,0.0,22.783702087402343,22.783702087402343,Leave_One_experiments/all_year_offline_schedule_search/daily_outputs/FQA/FQA_2021_FQA2021_normal_grid_S0001_daily.csv
FQA,FQA,Fengqiu,2021,Leave_One_experiments\wth_generated_qc\FQA\FQA2021.WTH,wet_year;nitrogen_stress_year;low_response_year,wet,FQA2021_normal_grid_S0001,pareto_balanced,2021-07-25,206,50,45,"{""sim_day"": 50.0, ""doy"": 206.0, ""topwt"": 1466.2306213378906, ""grnwt"": 0.0, ""xlai"": 1.1052663326263428, ""totir"": 0.0, ""tofer"": NaN, ""swfac"": 0.0, ""nstres"": 0.3829509019851684}",0.0,0.3829509019851684,1466.2306213378906,0.0,1.1052663326263428,0.0,,0.0,0.0,0.0,0.0,22.783702087402343,22.783702087402343,Leave_One_experiments/all_year_offline_schedule_search/daily_outputs/FQA/FQA_2021_FQA2021_normal_grid_S0001_daily.csv
FQA,FQA,Fengqiu,2021,Leave_One_experiments\wth_generated_qc\FQA\FQA2021.WTH,wet_year;nitrogen_stress_year;low_response_year,wet,FQA2021_normal_grid_S0001,pareto_balanced,2021-07-26,207,51,46,"{""sim_day"": 51.0, ""doy"": 207.0, ""topwt"": 1535.8639526367188, ""grnwt"": 0.0, ""xlai"": 1.087101697921753, ""totir"": 0.0, ""tofer"": NaN, ""swfac"": 0.0, ""nstres"": 0.4187822341918945}",0.0,0.4187822341918945,1535.8639526367188,0.0,1.087101697921753,0.0,,0.0,0.0,0.0,0.0,22.783702087402343,22.783702087402343,Leave_One_experiments/all_year_offline_schedule_search/daily_outputs/FQA/FQA_2021_FQA2021_normal_grid_S0001_daily.csv
FQA,FQA,Fengqiu,2021,Leave_One_experiments\wth_generated_qc\FQA\FQA2021.WTH,wet_year;nitrogen_stress_year;low_response_year,wet,FQA2021_normal_grid_S0001,pareto_balanced,2021-07-27,208,52,47,"{""sim_day"": 52.0, ""doy"": 208.0, ""topwt"": 1584.119110107422, ""grnwt"": 0.0, ""xlai"": 1.0620640516281128, ""totir"": 0.0, ""tofer"": NaN, ""swfac"": 0.0, ""nstres"": 0.4402243494987488}",0.0,0.4402243494987488,1584.119110107422,0.0,1.0620640516281128,0.0,,0.0,0.0,0.0,0.0,22.783702087402343,22.783702087402343,Leave_One_experiments/all_year_offline_schedule_search/daily_outputs/FQA/FQA_2021_FQA2021_normal_grid_S0001_daily.csv
FQA,FQA,Fengqiu,2021,Leave_One_experiments\wth_generated_qc\FQA\FQA2021.WTH,wet_year;nitrogen_stress_year;low_response_year,wet,FQA2021_normal_grid_S0001,pareto_balanced,2021-07-28,209,53,48,"{""sim_day"": 53.0, ""doy"": 209.0, ""topwt"": 1644.550323486328, ""grnwt"": 0.0, ""xlai"": 1.0405242443084717, ""totir"": 0.0, ""tofer"": NaN, ""swfac"": 0.0, ""nstres"": 0.4463003873825073}",0.0,0.4463003873825073,1644.550323486328,0.0,1.0405242443084717,0.0,,0.0,0.0,0.0,0.0,22.783702087402343,22.783702087402343,Leave_One_experiments/all_year_offline_schedule_search/daily_outputs/FQA/FQA_2021_FQA2021_normal_grid_S0001_daily.csv
FQA,FQA,Fengqiu,2021,Leave_One_experiments\wth_generated_qc\FQA\FQA2021.WTH,wet_year;nitrogen_stress_year;low_response_year,wet,FQA2021_normal_grid_S0001,pareto_balanced,2021-07-29,210,54,49,"{""sim_day"": 54.0, ""doy"": 210.0, ""topwt"": 1713.4944152832031, ""grnwt"": 0.0, ""xlai"": 1.0217193365097046, ""totir"": 0.0, ""tofer"": NaN, ""swfac"": 0.0, ""nstres"": 0.4410465359687805}",0.0,0.4410465359687805,1713.4944152832031,0.0,1.0217193365097046,0.0,,0.0,0.0,0.0,0.0,22.783702087402343,22.783702087402343,Leave_One_experiments/all_year_offline_schedule_search/daily_outputs/FQA/FQA_2021_FQA2021_normal_grid_S0001_daily.csv
FQA,FQA,Fengqiu,2021,Leave_One_experiments\wth_generated_qc\FQA\FQA2021.WTH,wet_year;nitrogen_stress_year;low_response_year,wet,FQA2021_normal_grid_S0001,pareto_balanced,2021-07-30,211,55,50,"{""sim_day"": 55.0, ""doy"": 211.0, ""topwt"": 1792.9946899414062, ""grnwt"": 0.0, ""xlai"": 1.0057954788208008, ""totir"": 0.0, ""tofer"": NaN, ""swfac"": 0.0, ""nstres"": 0.4382441639900207}",0.0,0.4382441639900207,1792.9946899414062,0.0,1.0057954788208008,0.0,,0.0,0.0,0.0,0.0,22.783702087402343,22.783702087402343,Leave_One_experiments/all_year_offline_schedule_search/daily_outputs/FQA/FQA_2021_FQA2021_normal_grid_S0001_daily.csv
FQA,FQA,Fengqiu,2021,Leave_One_experiments\wth_generated_qc\FQA\FQA2021.WTH,wet_year;nitrogen_stress_year;low_response_year,wet,FQA2021_normal_grid_S0001,pareto_balanced,2021-07-31,212,56,51,"{""sim_day"": 56.0, ""doy"": 212.0, ""topwt"": 1867.6443481445312, ""grnwt"": 0.0, ""xlai"": 0.9892739057540894, ""totir"": 0.0, ""tofer"": NaN, ""swfac"": 0.0, ""nstres"": 0.4363706707954407}",0.0,0.4363706707954407,1867.6443481445312,0.0,0.9892739057540894,0.0,,0.0,0.0,0.0,0.0,22.783702087402343,22.783702087402343,Leave_One_experiments/all_year_offline_schedule_search/daily_outputs/FQA/FQA_2021_FQA2021_normal_grid_S0001_daily.csv
FQA,FQA,Fengqiu,2021,Leave_One_experiments\wth_generated_qc\FQA\FQA2021.WTH,wet_year;nitrogen_stress_year;low_response_year,wet,FQA2021_normal_grid_S0001,pareto_balanced,2021-08-01,213,57,52,"{""sim_day"": 57.0, ""doy"": 213.0, ""topwt"": 1939.9005126953125, ""grnwt"": 0.0, ""xlai"": 0.972520112991333, ""totir"": 0.0, ""tofer"": NaN, ""swfac"": 0.0, ""nstres"": 0.440972626209259}",0.0,0.440972626209259,1939.9005126953125,0.0,0.972520112991333,0.0,,0.0,0.0,0.0,0.0,22.783702087402343,22.783702087402343,Leave_One_experiments/all_year_offline_schedule_search/daily_outputs/FQA/FQA_2021_FQA2021_normal_grid_S0001_daily.csv
FQA,FQA,Fengqiu,2021,Leave_One_experiments\wth_generated_qc\FQA\FQA2021.WTH,wet_year;nitrogen_stress_year;low_response_year,wet,FQA2021_normal_grid_S0001,pareto_balanced,2021-08-02,214,58,53,"{""sim_day"": 58.0, ""doy"": 214.0, ""topwt"": 2009.8239135742188, ""grnwt"": 0.0, ""xlai"": 0.9556482434272766, ""totir"": 0.0, ""tofer"": NaN, ""swfac"": 0.0, ""nstres"": 0.443569540977478}",0.0,0.443569540977478,2009.8239135742188,0.0,0.9556482434272766,0.0,,0.0,0.0,0.0,0.0,22.783702087402343,22.783702087402343,Leave_One_experiments/all_year_offline_schedule_search/daily_outputs/FQA/FQA_2021_FQA2021_normal_grid_S0001_daily.csv
FQA,FQA,Fengqiu,2021,Leave_One_experiments\wth_generated_qc\FQA\FQA2021.WTH,wet_year;nitrogen_stress_year;low_response_year,wet,FQA2021_normal_grid_S0001,pareto_balanced,2021-08-03,215,59,54,"{""sim_day"": 59.0, ""doy"": 215.0, ""topwt"": 2083.0845642089844, ""grnwt"": 0.0, ""xlai"": 0.9402628540992736, ""totir"": 0.0, ""tofer"": NaN, ""swfac"": 0.0, ""nstres"": 0.4418947100639343}",0.0,0.4418947100639343,2083.0845642089844,0.0,0.9402628540992736,0.0,,0.0,0.0,0.0,0.0,22.783702087402343,22.783702087402343,Leave_One_experiments/all_year_offline_schedule_search/daily_outputs/FQA/FQA_2021_FQA2021_normal_grid_S0001_daily.csv
FQA,FQA,Fengqiu,2021,Leave_One_experiments\wth_generated_qc\FQA\FQA2021.WTH,wet_year;nitrogen_stress_year;low_response_year,wet,FQA2021_normal_grid_S0001,pareto_balanced,2021-08-04,216,60,55,"{""sim_day"": 60.0, ""doy"": 216.0, ""topwt"": 2155.4518127441406, ""grnwt"": 0.0, ""xlai"": 0.9254831671714784, ""totir"": 0.0, ""tofer"": NaN, ""swfac"": 0.0, ""nstres"": 0.4343206286430359}",0.0,0.4343206286430359,2155.4518127441406,0.0,0.9254831671714784,0.0,,0.0,0.0,0.0,0.0,22.783702087402343,22.783702087402343,Leave_One_experiments/all_year_offline_schedule_search/daily_outputs/FQA/FQA_2021_FQA2021_normal_grid_S0001_daily.csv
FQA,FQA,Fengqiu,2021,Leave_One_experiments\wth_generated_qc\FQA\FQA2021.WTH,wet_year;nitrogen_stress_year;low_response_year,wet,FQA2021_normal_grid_S0001,pareto_balanced,2021-08-05,217,61,56,"{""sim_day"": 61.0, ""doy"": 217.0, ""topwt"": 2230.767517089844, ""grnwt"": 0.0, ""xlai"": 0.912285327911377, ""totir"": 0.0, ""tofer"": NaN, ""swfac"": 0.0, ""nstres"": 0.4256641864776611}",0.0,0.4256641864776611,2230.767517089844,0.0,0.912285327911377,0.0,,0.0,0.0,0.0,0.0,22.783702087402343,22.783702087402343,Leave_One_experiments/all_year_offline_schedule_search/daily_outputs/FQA/FQA_2021_FQA2021_normal_grid_S0001_daily.csv
FQA,FQA,Fengqiu,2021,Leave_One_experiments\wth_generated_qc\FQA\FQA2021.WTH,wet_year;nitrogen_stress_year;low_response_year,wet,FQA2021_normal_grid_S0001,pareto_balanced,2021-08-06,218,62,57,"{""sim_day"": 62.0, ""doy"": 218.0, ""topwt"": 2313.6610412597656, ""grnwt"": 0.0, ""xlai"": 0.9016261696815492, ""totir"": 0.0, ""tofer"": NaN, ""swfac"": 0.0, ""nstres"": 0.4205532073974609}",0.0,0.4205532073974609,2313.6610412597656,0.0,0.9016261696815492,0.0,,0.0,0.0,0.0,0.0,22.783702087402343,22.783702087402343,Leave_One_experiments/all_year_offline_schedule_search/daily_outputs/FQA/FQA_2021_FQA2021_normal_grid_S0001_daily.csv
FQA,FQA,Fengqiu,2021,Leave_One_experiments\wth_generated_qc\FQA\FQA2021.WTH,wet_year;nitrogen_stress_year;low_response_year,wet,FQA2021_normal_grid_S0001,pareto_balanced,2021-08-07,219,63,58,"{""sim_day"": 63.0, ""doy"": 219.0, ""topwt"": 2393.0332946777344, ""grnwt"": 0.0, ""xlai"": 0.8909533023834229, ""totir"": 0.0, ""tofer"": NaN, ""swfac"": 0.0, ""nstres"": 0.4070362448692322}",0.0,0.4070362448692322,2393.0332946777344,0.0,0.8909533023834229,0.0,,0.0,0.0,0.0,0.0,22.783702087402343,22.783702087402343,Leave_One_experiments/all_year_offline_schedule_search/daily_outputs/FQA/FQA_2021_FQA2021_normal_grid_S0001_daily.csv
FQA,FQA,Fengqiu,2021,Leave_One_experiments\wth_generated_qc\FQA\FQA2021.WTH,wet_year;nitrogen_stress_year;low_response_year,wet,FQA2021_normal_grid_S0001,pareto_balanced,2021-08-08,220,64,59,"{""sim_day"": 64.0, ""doy"": 220.0, ""topwt"": 2500.62255859375, ""grnwt"": 0.0, ""xlai"": 0.8614266514778137, ""totir"": 0.0, ""tofer"": NaN, ""swfac"": 0.0, ""nstres"": 0.3953725099563598}",0.0,0.3953725099563598,2500.62255859375,0.0,0.8614266514778137,0.0,,0.0,0.0,0.0,0.0,22.783702087402343,22.783702087402343,Leave_One_experiments/all_year_offline_schedule_search/daily_outputs/FQA/FQA_2021_FQA2021_normal_grid_S0001_daily.csv
FQA,FQA,Fengqiu,2021,Leave_One_experiments\wth_generated_qc\FQA\FQA2021.WTH,wet_year;nitrogen_stress_year;low_response_year,wet,FQA2021_normal_grid_S0001,pareto_balanced,2021-08-09,221,65,60,"{""sim_day"": 65.0, ""doy"": 221.0, ""topwt"": 2576.9546508789062, ""grnwt"": 0.0, ""xlai"": 0.833644688129425, ""totir"": 0.0, ""tofer"": NaN, ""swfac"": 0.0, ""nstres"": 0.3740257024765014}",0.0,0.3740257024765014,2576.9546508789062,0.0,0.833644688129425,0.0,,0.0,0.0,0.0,0.0,22.783702087402343,22.783702087402343,Leave_One_experiments/all_year_offline_schedule_search/daily_outputs/FQA/FQA_2021_FQA2021_normal_grid_S0001_daily.csv
FQA,FQA,Fengqiu,2021,Leave_One_experiments\wth_generated_qc\FQA\FQA2021.WTH,wet_year;nitrogen_stress_year;low_response_year,wet,FQA2021_normal_grid_S0001,pareto_balanced,2021-08-10,222,66,61,"{""sim_day"": 66.0, ""doy"": 222.0, ""topwt"": 2658.0825805664062, ""grnwt"": 0.0, ""xlai"": 0.8068394064903259, ""totir"": 0.0, ""tofer"": NaN, ""swfac"": 0.0, ""nstres"": 0.3717035055160522}",0.0,0.3717035055160522,2658.0825805664062,0.0,0.8068394064903259,0.0,,0.0,0.0,0.0,0.0,22.783702087402343,22.783702087402343,Leave_One_experiments/all_year_offline_schedule_search/daily_outputs/FQA/FQA_2021_FQA2021_normal_grid_S0001_daily.csv
FQA,FQA,Fengqiu,2021,Leave_One_experiments\wth_generated_qc\FQA\FQA2021.WTH,wet_year;nitrogen_stress_year;low_response_year,wet,FQA2021_normal_grid_S0001,pareto_balanced,2021-08-11,223,67,62,"{""sim_day"": 67.0, ""doy"": 223.0, ""topwt"": 2693.1121826171875, ""grnwt"": 0.0, ""xlai"": 0.7813176512718201, ""totir"": 0.0, ""tofer"": NaN, ""swfac"": 0.0, ""nstres"": 0.3591616153717041}",0.0,0.3591616153717041,2693.1121826171875,0.0,0.7813176512718201,0.0,,0.0,0.0,0.0,0.0,22.783702087402343,22.783702087402343,Leave_One_experiments/all_year_offline_schedule_search/daily_outputs/FQA/FQA_2021_FQA2021_normal_grid_S0001_daily.csv
FQA,FQA,Fengqiu,2021,Leave_One_experiments\wth_generated_qc\FQA\FQA2021.WTH,wet_year;nitrogen_stress_year;low_response_year,wet,FQA2021_normal_grid_S0001,pareto_balanced,2021-08-12,224,68,63,"{""sim_day"": 68.0, ""doy"": 224.0, ""topwt"": 2706.5289306640625, ""grnwt"": 0.0, ""xlai"": 0.757023811340332, ""totir"": 0.0, ""tofer"": NaN, ""swfac"": 0.0, ""nstres"": 0.3462422490119934}",0.0,0.3462422490119934,2706.5289306640625,0.0,0.757023811340332,0.0,,0.0,0.0,0.0,0.0,22.783702087402343,22.783702087402343,Leave_One_experiments/all_year_offline_schedule_search/daily_outputs/FQA/FQA_2021_FQA2021_normal_grid_S0001_daily.csv
FQA,FQA,Fengqiu,2021,Leave_One_experiments\wth_generated_qc\FQA\FQA2021.WTH,wet_year;nitrogen_stress_year;low_response_year,wet,FQA2021_normal_grid_S0001,pareto_balanced,2021-08-13,225,69,64,"{""sim_day"": 69.0, ""doy"": 225.0, ""topwt"": 2793.798828125, ""grnwt"": 0.0, ""xlai"": 0.7343422770500183, ""totir"": 0.0, ""tofer"": NaN, ""swfac"": 0.0, ""nstres"": 0.3190758824348449}",0.0,0.3190758824348449,2793.798828125,0.0,0.7343422770500183,0.0,,0.0,0.0,0.0,0.0,22.783702087402343,22.783702087402343,Leave_One_experiments/all_year_offline_schedule_search/daily_outputs/FQA/FQA_2021_FQA2021_normal_grid_S0001_daily.csv
FQA,FQA,Fengqiu,2021,Leave_One_experiments\wth_generated_qc\FQA\FQA2021.WTH,wet_year;nitrogen_stress_year;low_response_year,wet,FQA2021_normal_grid_S0001,pareto_balanced,2021-08-14,226,70,65,"{""sim_day"": 70.0, ""doy"": 226.0, ""topwt"": 2895.9429931640625, ""grnwt"": 0.0, ""xlai"": 0.7131921648979187, ""totir"": 0.0, ""tofer"": NaN, ""swfac"": 0.0, ""nstres"": 0.2912346720695495}",0.0,0.2912346720695495,2895.9429931640625,0.0,0.7131921648979187,0.0,,0.0,0.0,0.0,0.0,22.783702087402343,22.783702087402343,Leave_One_experiments/all_year_offline_schedule_search/daily_outputs/FQA/FQA_2021_FQA2021_normal_grid_S0001_daily.csv
FQA,FQA,Fengqiu,2021,Leave_One_experiments\wth_generated_qc\FQA\FQA2021.WTH,wet_year;nitrogen_stress_year;low_response_year,wet,FQA2021_normal_grid_S0001,pareto_balanced,2021-08-15,227,71,66,"{""sim_day"": 71.0, ""doy"": 227.0, ""topwt"": 3003.905334472656, ""grnwt"": 0.0, ""xlai"": 0.6930782198905945, ""totir"": 0.0, ""tofer"": NaN, ""swfac"": 0.0, ""nstres"": 0.2768669724464416}",0.0,0.2768669724464416,3003.905334472656,0.0,0.6930782198905945,0.0,,0.0,0.0,0.0,0.0,22.783702087402343,22.783702087402343,Leave_One_experiments/all_year_offline_schedule_search/daily_outputs/FQA/FQA_2021_FQA2021_normal_grid_S0001_daily.csv
FQA,FQA,Fengqiu,2021,Leave_One_experiments\wth_generated_qc\FQA\FQA2021.WTH,wet_year;nitrogen_stress_year;low_response_year,wet,FQA2021_normal_grid_S0001,pareto_balanced,2021-08-16,228,72,67,"{""sim_day"": 72.0, ""doy"": 228.0, ""topwt"": 3088.109436035156, ""grnwt"": 0.0, ""xlai"": 0.6739385724067688, ""totir"": 0.0, ""tofer"": NaN, ""swfac"": 0.0, ""nstres"": 0.2627696990966797}",0.0,0.2627696990966797,3088.109436035156,0.0,0.6739385724067688,0.0,,0.0,0.0,0.0,0.0,22.783702087402343,22.783702087402343,Leave_One_experiments/all_year_offline_schedule_search/daily_outputs/FQA/FQA_2021_FQA2021_normal_grid_S0001_daily.csv
FQA,FQA,Fengqiu,2021,Leave_One_experiments\wth_generated_qc\FQA\FQA2021.WTH,wet_year;nitrogen_stress_year;low_response_year,wet,FQA2021_normal_grid_S0001,pareto_balanced,2021-08-17,229,73,68,"{""sim_day"": 73.0, ""doy"": 229.0, ""topwt"": 3208.206787109375, ""grnwt"": 184.95532989501956, ""xlai"": 0.6557263731956482, ""totir"": 0.0, ""tofer"": NaN, ""swfac"": 0.0, ""nstres"": 0.2485641241073608}",0.0,0.2485641241073608,3208.206787109375,184.95532989501956,0.6557263731956482,0.0,,0.0,0.0,0.0,0.0,22.783702087402343,22.783702087402343,Leave_One_experiments/all_year_offline_schedule_search/daily_outputs/FQA/FQA_2021_FQA2021_normal_grid_S0001_daily.csv
FQA,FQA,Fengqiu,2021,Leave_One_experiments\wth_generated_qc\FQA\FQA2021.WTH,wet_year;nitrogen_stress_year;low_response_year,wet,FQA2021_normal_grid_S0001,pareto_balanced,2021-08-18,230,74,69,"{""sim_day"": 74.0, ""doy"": 230.0, ""topwt"": 3301.581420898437, ""grnwt"": 273.6122512817383, ""xlai"": 0.6362795829772949, ""totir"": 0.0, ""tofer"": NaN, ""swfac"": 0.0, ""nstres"": 0.3117648959159851}",0.0,0.3117648959159851,3301.581420898437,273.6122512817383,0.6362795829772949,0.0,,0.0,0.0,0.0,0.0,22.783702087402343,22.783702087402343,Leave_One_experiments/all_year_offline_schedule_search/daily_outputs/FQA/FQA_2021_FQA2021_normal_grid_S0001_daily.csv
FQA,FQA,Fengqiu,2021,Leave_One_experiments\wth_generated_qc\FQA\FQA2021.WTH,wet_year;nitrogen_stress_year;low_response_year,wet,FQA2021_normal_grid_S0001,pareto_balanced,2021-08-19,231,75,70,"{""sim_day"": 75.0, ""doy"": 231.0, ""topwt"": 3377.25341796875, ""grnwt"": 376.4028930664063, ""xlai"": 0.6180802583694458, ""totir"": 0.0, ""tofer"": NaN, ""swfac"": 0.0, ""nstres"": 0.286464512348175}",0.0,0.286464512348175,3377.25341796875,376.4028930664063,0.6180802583694458,0.0,,0.0,0.0,0.0,0.0,22.783702087402343,22.783702087402343,Leave_One_experiments/all_year_offline_schedule_search/daily_outputs/FQA/FQA_2021_FQA2021_normal_grid_S0001_daily.csv
FQA,FQA,Fengqiu,2021,Leave_One_experiments\wth_generated_qc\FQA\FQA2021.WTH,wet_year;nitrogen_stress_year;low_response_year,wet,FQA2021_normal_grid_S0001,pareto_balanced,2021-08-20,232,76,71,"{""sim_day"": 76.0, ""doy"": 232.0, ""topwt"": 3461.827392578125, ""grnwt"": 479.1935348510742, ""xlai"": 0.6002100706100464, ""totir"": 0.0, ""tofer"": NaN, ""swfac"": 0.0, ""nstres"": 0.2938992381095886}",0.0,0.2938992381095886,3461.827392578125,479.1935348510742,0.6002100706100464,0.0,,0.0,0.0,0.0,0.0,22.783702087402343,22.783702087402343,Leave_One_experiments/all_year_offline_schedule_search/daily_outputs/FQA/FQA_2021_FQA2021_normal_grid_S0001_daily.csv
FQA,FQA,Fengqiu,2021,Leave_One_experiments\wth_generated_qc\FQA\FQA2021.WTH,wet_year;nitrogen_stress_year;low_response_year,wet,FQA2021_normal_grid_S0001,pareto_balanced,2021-08-21,233,77,72,"{""sim_day"": 77.0, ""doy"": 233.0, ""topwt"": 3481.659545898437, ""grnwt"": 581.9841766357422, ""xlai"": 0.5829195380210876, ""totir"": 0.0, ""tofer"": NaN, ""swfac"": 0.0, ""nstres"": 0.2913777232170105}",0.0,0.2913777232170105,3481.659545898437,581.9841766357422,0.5829195380210876,0.0,,0.0,0.0,0.0,0.0,22.783702087402343,22.783702087402343,Leave_One_experiments/all_year_offline_schedule_search/daily_outputs/FQA/FQA_2021_FQA2021_normal_grid_S0001_daily.csv
FQA,FQA,Fengqiu,2021,Leave_One_experiments\wth_generated_qc\FQA\FQA2021.WTH,wet_year;nitrogen_stress_year;low_response_year,wet,FQA2021_normal_grid_S0001,pareto_balanced,2021-08-22,234,78,73,"{""sim_day"": 78.0, ""doy"": 234.0, ""topwt"": 3543.6236572265625, ""grnwt"": 684.7747802734375, ""xlai"": 0.5660973787307739, ""totir"": 0.0, ""tofer"": NaN, ""swfac"": 0.0, ""nstres"": 0.292604923248291}",0.0,0.292604923248291,3543.6236572265625,684.7747802734375,0.5660973787307739,0.0,,0.0,0.0,0.0,0.0,22.783702087402343,22.783702087402343,Leave_One_experiments/all_year_offline_schedule_search/daily_outputs/FQA/FQA_2021_FQA2021_normal_grid_S0001_daily.csv
FQA,FQA,Fengqiu,2021,Leave_One_experiments\wth_generated_qc\FQA\FQA2021.WTH,wet_year;nitrogen_stress_year;low_response_year,wet,FQA2021_normal_grid_S0001,pareto_balanced,2021-08-23,235,79,74,"{""sim_day"": 79.0, ""doy"": 235.0, ""topwt"": 3653.270263671875, ""grnwt"": 787.5654602050781, ""xlai"": 0.5502397418022156, ""totir"": 0.0, ""tofer"": NaN, ""swfac"": 0.0, ""nstres"": 0.2722912430763244}",0.0,0.2722912430763244,3653.270263671875,787.5654602050781,0.5502397418022156,0.0,,0.0,0.0,0.0,0.0,22.783702087402343,22.783702087402343,Leave_One_experiments/all_year_offline_schedule_search/daily_outputs/FQA/FQA_2021_FQA2021_normal_grid_S0001_daily.csv
FQA,FQA,Fengqiu,2021,Leave_One_experiments\wth_generated_qc\FQA\FQA2021.WTH,wet_year;nitrogen_stress_year;low_response_year,wet,FQA2021_normal_grid_S0001,pareto_balanced,2021-08-24,236,80,75,"{""sim_day"": 80.0, ""doy"": 236.0, ""topwt"": 3762.2955322265625, ""grnwt"": 890.3561401367188, ""xlai"": 0.5346853137016296, ""totir"": 0.0, ""tofer"": NaN, ""swfac"": 0.0, ""nstres"": 0.2784398794174194}",0.0,0.2784398794174194,3762.2955322265625,890.3561401367188,0.5346853137016296,0.0,,0.0,0.0,0.0,0.0,22.783702087402343,22.783702087402343,Leave_One_experiments/all_year_offline_schedule_search/daily_outputs/FQA/FQA_2021_FQA2021_normal_grid_S0001_daily.csv
FQA,FQA,Fengqiu,2021,Leave_One_experiments\wth_generated_qc\FQA\FQA2021.WTH,wet_year;nitrogen_stress_year;low_response_year,wet,FQA2021_normal_grid_S0001,pareto_balanced,2021-08-25,237,81,76,"{""sim_day"": 81.0, ""doy"": 237.0, ""topwt"": 3793.5107421875, ""grnwt"": 993.1468200683594, ""xlai"": 0.5189374685287476, ""totir"": 0.0, ""tofer"": NaN, ""swfac"": 0.0, ""nstres"": 0.3068594932556152}",0.0,0.3068594932556152,3793.5107421875,993.1468200683594,0.5189374685287476,0.0,,0.0,0.0,0.0,0.0,22.783702087402343,22.783702087402343,Leave_One_experiments/all_year_offline_schedule_search/daily_outputs/FQA/FQA_2021_FQA2021_normal_grid_S0001_daily.csv
FQA,FQA,Fengqiu,2021,Leave_One_experiments\wth_generated_qc\FQA\FQA2021.WTH,wet_year;nitrogen_stress_year;low_response_year,wet,FQA2021_normal_grid_S0001,pareto_balanced,2021-08-26,238,82,77,"{""sim_day"": 82.0, ""doy"": 238.0, ""topwt"": 3863.7017822265625, ""grnwt"": 1095.9375, ""xlai"": 0.5031140446662903, ""totir"": 0.0, ""tofer"": NaN, ""swfac"": 0.0, ""nstres"": 0.3318078517913818}",0.0,0.3318078517913818,3863.7017822265625,1095.9375,0.5031140446662903,0.0,,0.0,0.0,0.0,0.0,22.783702087402343,22.783702087402343,Leave_One_experiments/all_year_offline_schedule_search/daily_outputs/FQA/FQA_2021_FQA2021_normal_grid_S0001_daily.csv
FQA,FQA,Fengqiu,2021,Leave_One_experiments\wth_generated_qc\FQA\FQA2021.WTH,wet_year;nitrogen_stress_year;low_response_year,wet,FQA2021_normal_grid_S0001,pareto_balanced,2021-08-27,239,83,78,"{""sim_day"": 83.0, ""doy"": 239.0, ""topwt"": 3886.91162109375, ""grnwt"": 1198.7281799316406, ""xlai"": 0.4880261719226837, ""totir"": 0.0, ""tofer"": NaN, ""swfac"": 0.0, ""nstres"": 0.3197364211082458}",0.0,0.3197364211082458,3886.91162109375,1198.7281799316406,0.4880261719226837,0.0,,0.0,0.0,0.0,0.0,22.783702087402343,22.783702087402343,Leave_One_experiments/all_year_offline_schedule_search/daily_outputs/FQA/FQA_2021_FQA2021_normal_grid_S0001_daily.csv
FQA,FQA,Fengqiu,2021,Leave_One_experiments\wth_generated_qc\FQA\FQA2021.WTH,wet_year;nitrogen_stress_year;low_response_year,wet,FQA2021_normal_grid_S0001,pareto_balanced,2021-08-28,240,84,79,"{""sim_day"": 84.0, ""doy"": 240.0, ""topwt"": 3893.433837890625, ""grnwt"": 1301.5188598632812, ""xlai"": 0.4732666015625, ""totir"": 0.0, ""tofer"": NaN, ""swfac"": 0.0, ""nstres"": 0.325842022895813}",0.0,0.325842022895813,3893.433837890625,1301.5188598632812,0.4732666015625,0.0,,0.0,0.0,0.0,0.0,22.783702087402343,22.783702087402343,Leave_One_experiments/all_year_offline_schedule_search/daily_outputs/FQA/FQA_2021_FQA2021_normal_grid_S0001_daily.csv
FQA,FQA,Fengqiu,2021,Leave_One_experiments\wth_generated_qc\FQA\FQA2021.WTH,wet_year;nitrogen_stress_year;low_response_year,wet,FQA2021_normal_grid_S0001,pareto_balanced,2021-08-29,241,85,80,"{""sim_day"": 85.0, ""doy"": 241.0, ""topwt"": 3906.468505859375, ""grnwt"": 1404.309539794922, ""xlai"": 0.4592932462692261, ""totir"": 0.0, ""tofer"": NaN, ""swfac"": 0.0, ""nstres"": 0.308607816696167}",0.0,0.308607816696167,3906.468505859375,1404.309539794922,0.4592932462692261,0.0,,0.0,0.0,0.0,0.0,22.783702087402343,22.783702087402343,Leave_One_experiments/all_year_offline_schedule_search/daily_outputs/FQA/FQA_2021_FQA2021_normal_grid_S0001_daily.csv
FQA,FQA,Fengqiu,2021,Leave_One_experiments\wth_generated_qc\FQA\FQA2021.WTH,wet_year;nitrogen_stress_year;low_response_year,wet,FQA2021_normal_grid_S0001,pareto_balanced,2021-08-30,242,86,81,"{""sim_day"": 86.0, ""doy"": 242.0, ""topwt"": 3927.660827636719, ""grnwt"": 1507.1002197265625, ""xlai"": 0.4460810422897339, ""totir"": 0.0, ""tofer"": NaN, ""swfac"": 0.0, ""nstres"": 0.2903939485549927}",0.0,0.2903939485549927,3927.660827636719,1507.1002197265625,0.4460810422897339,0.0,,0.0,0.0,0.0,0.0,22.783702087402343,22.783702087402343,Leave_One_experiments/all_year_offline_schedule_search/daily_outputs/FQA/FQA_2021_FQA2021_normal_grid_S0001_daily.csv
FQA,FQA,Fengqiu,2021,Leave_One_experiments\wth_generated_qc\FQA\FQA2021.WTH,wet_year;nitrogen_stress_year;low_response_year,wet,FQA2021_normal_grid_S0001,pareto_balanced,2021-08-31,243,87,82,"{""sim_day"": 87.0, ""doy"": 243.0, ""topwt"": 3951.320190429688, ""grnwt"": 1609.8908996582031, ""xlai"": 0.4332973659038543, ""totir"": 0.0, ""tofer"": NaN, ""swfac"": 0.0, ""nstres"": 0.2877850532531738}",0.0,0.2877850532531738,3951.320190429688,1609.8908996582031,0.4332973659038543,0.0,,0.0,0.0,0.0,0.0,22.783702087402343,22.783702087402343,Leave_One_experiments/all_year_offline_schedule_search/daily_outputs/FQA/FQA_2021_FQA2021_normal_grid_S0001_daily.csv
FQA,FQA,Fengqiu,2021,Leave_One_experiments\wth_generated_qc\FQA\FQA2021.WTH,wet_year;nitrogen_stress_year;low_response_year,wet,FQA2021_normal_grid_S0001,pareto_balanced,2021-09-01,244,88,83,"{""sim_day"": 88.0, ""doy"": 244.0, ""topwt"": 4047.070617675781, ""grnwt"": 1712.6815795898438, ""xlai"": 0.4209062457084656, ""totir"": 0.0, ""tofer"": NaN, ""swfac"": 0.0, ""nstres"": 0.2863316535949707}",0.0,0.2863316535949707,4047.070617675781,1712.6815795898438,0.4209062457084656,0.0,,0.0,0.0,0.0,0.0,22.783702087402343,22.783702087402343,Leave_One_experiments/all_year_offline_schedule_search/daily_outputs/FQA/FQA_2021_FQA2021_normal_grid_S0001_daily.csv
FQA,FQA,Fengqiu,2021,Leave_One_experiments\wth_generated_qc\FQA\FQA2021.WTH,wet_year;nitrogen_stress_year;low_response_year,wet,FQA2021_normal_grid_S0001,pareto_balanced,2021-09-02,245,89,84,"{""sim_day"": 89.0, ""doy"": 245.0, ""topwt"": 4106.6534423828125, ""grnwt"": 1775.2774047851562, ""xlai"": 0.4086164832115173, ""totir"": 0.0, ""tofer"": NaN, ""swfac"": 0.0, ""nstres"": 0.3007605075836181}",0.0,0.3007605075836181,4106.6534423828125,1775.2774047851562,0.4086164832115173,0.0,,0.0,0.0,0.0,0.0,22.783702087402343,22.783702087402343,Leave_One_experiments/all_year_offline_schedule_search/daily_outputs/FQA/FQA_2021_FQA2021_normal_grid_S0001_daily.csv
FQA,FQA,Fengqiu,2021,Leave_One_experiments\wth_generated_qc\FQA\FQA2021.WTH,wet_year;nitrogen_stress_year;low_response_year,wet,FQA2021_normal_grid_S0001,pareto_balanced,2021-09-03,246,90,85,"{""sim_day"": 90.0, ""doy"": 246.0, ""topwt"": 4113.220520019531, ""grnwt"": 1781.8446350097656, ""xlai"": 0.3961115181446075, ""totir"": 0.0, ""tofer"": NaN, ""swfac"": 0.0, ""nstres"": 0.3344746232032776}",0.0,0.3344746232032776,4113.220520019531,1781.8446350097656,0.3961115181446075,0.0,,0.0,0.0,0.0,0.0,22.783702087402343,22.783702087402343,Leave_One_experiments/all_year_offline_schedule_search/daily_outputs/FQA/FQA_2021_FQA2021_normal_grid_S0001_daily.csv
FQA,FQA,Fengqiu,2021,Leave_One_experiments\wth_generated_qc\FQA\FQA2021.WTH,wet_year;nitrogen_stress_year;low_response_year,wet,FQA2021_normal_grid_S0001,pareto_balanced,2021-09-04,247,91,86,"{""sim_day"": 91.0, ""doy"": 247.0, ""topwt"": 4141.704711914063, ""grnwt"": 1810.3286743164065, ""xlai"": 0.3842099606990814, ""totir"": 0.0, ""tofer"": NaN, ""swfac"": 0.0, ""nstres"": 0.3211027383804321}",0.0,0.3211027383804321,4141.704711914063,1810.3286743164065,0.3842099606990814,0.0,,0.0,0.0,0.0,0.0,22.783702087402343,22.783702087402343,Leave_One_experiments/all_year_offline_schedule_search/daily_outputs/FQA/FQA_2021_FQA2021_normal_grid_S0001_daily.csv
FQA,FQA,Fengqiu,2021,Leave_One_experiments\wth_generated_qc\FQA\FQA2021.WTH,wet_year;nitrogen_stress_year;low_response_year,wet,FQA2021_normal_grid_S0001,pareto_balanced,2021-09-05,248,92,87,"{""sim_day"": 92.0, ""doy"": 248.0, ""topwt"": 4160.445861816406, ""grnwt"": 1829.0699768066409, ""xlai"": 0.3724916875362396, ""totir"": 0.0, ""tofer"": NaN, ""swfac"": 0.0, ""nstres"": 0.3319911360740661}",0.0,0.3319911360740661,4160.445861816406,1829.0699768066409,0.3724916875362396,0.0,,0.0,0.0,0.0,0.0,22.783702087402343,22.783702087402343,Leave_One_experiments/all_year_offline_schedule_search/daily_outputs/FQA/FQA_2021_FQA2021_normal_grid_S0001_daily.csv
FQA,FQA,Fengqiu,2021,Leave_One_experiments\wth_generated_qc\FQA\FQA2021.WTH,wet_year;nitrogen_stress_year;low_response_year,wet,FQA2021_normal_grid_S0001,pareto_balanced,2021-09-06,249,93,88,"{""sim_day"": 93.0, ""doy"": 249.0, ""topwt"": 4235.865478515625, ""grnwt"": 1904.4894409179688, ""xlai"": 0.3611617088317871, ""totir"": 0.0, ""tofer"": NaN, ""swfac"": 0.0, ""nstres"": 0.329998254776001}",0.0,0.329998254776001,4235.865478515625,1904.4894409179688,0.3611617088317871,0.0,,0.0,0.0,0.0,0.0,22.783702087402343,22.783702087402343,Leave_One_experiments/all_year_offline_schedule_search/daily_outputs/FQA/FQA_2021_FQA2021_normal_grid_S0001_daily.csv
FQA,FQA,Fengqiu,2021,Leave_One_experiments\wth_generated_qc\FQA\FQA2021.WTH,wet_year;nitrogen_stress_year;low_response_year,wet,FQA2021_normal_grid_S0001,pareto_balanced,2021-09-07,250,94,89,"{""sim_day"": 94.0, ""doy"": 250.0, ""topwt"": 4304.845581054688, ""grnwt"": 1973.4696960449216, ""xlai"": 0.3494114279747009, ""totir"": 0.0, ""tofer"": NaN, ""swfac"": 0.0, ""nstres"": 0.3808357715606689}",0.0,0.3808357715606689,4304.845581054688,1973.4696960449216,0.3494114279747009,0.0,,0.0,0.0,0.0,0.0,22.783702087402343,22.783702087402343,Leave_One_experiments/all_year_offline_schedule_search/daily_outputs/FQA/FQA_2021_FQA2021_normal_grid_S0001_daily.csv
FQA,FQA,Fengqiu,2021,Leave_One_experiments\wth_generated_qc\FQA\FQA2021.WTH,wet_year;nitrogen_stress_year;low_response_year,wet,FQA2021_normal_grid_S0001,pareto_balanced,2021-09-08,251,95,90,"{""sim_day"": 95.0, ""doy"": 251.0, ""topwt"": 4365.6097412109375, ""grnwt"": 2034.2337036132808, ""xlai"": 0.3374885618686676, ""totir"": 0.0, ""tofer"": NaN, ""swfac"": 0.0, ""nstres"": 0.4189413785934448}",0.0,0.4189413785934448,4365.6097412109375,2034.2337036132808,0.3374885618686676,0.0,,0.0,0.0,0.0,0.0,22.783702087402343,22.783702087402343,Leave_One_experiments/all_year_offline_schedule_search/daily_outputs/FQA/FQA_2021_FQA2021_normal_grid_S0001_daily.csv
FQA,FQA,Fengqiu,2021,Leave_One_experiments\wth_generated_qc\FQA\FQA2021.WTH,wet_year;nitrogen_stress_year;low_response_year,wet,FQA2021_normal_grid_S0001,pareto_balanced,2021-09-09,252,96,91,"{""sim_day"": 96.0, ""doy"": 252.0, ""topwt"": 4417.226867675781, ""grnwt"": 2085.8506774902344, ""xlai"": 0.3256757855415344, ""totir"": 0.0, ""tofer"": NaN, ""swfac"": 0.0, ""nstres"": 0.4400458931922912}",0.0,0.4400458931922912,4417.226867675781,2085.8506774902344,0.3256757855415344,0.0,,0.0,0.0,0.0,0.0,22.783702087402343,22.783702087402343,Leave_One_experiments/all_year_offline_schedule_search/daily_outputs/FQA/FQA_2021_FQA2021_normal_grid_S0001_daily.csv
FQA,FQA,Fengqiu,2021,Leave_One_experiments\wth_generated_qc\FQA\FQA2021.WTH,wet_year;nitrogen_stress_year;low_response_year,wet,FQA2021_normal_grid_S0001,pareto_balanced,2021-09-10,253,97,92,"{""sim_day"": 97.0, ""doy"": 253.0, ""topwt"": 4472.066650390625, ""grnwt"": 2140.690460205078, ""xlai"": 0.3143202066421509, ""totir"": 0.0, ""tofer"": NaN, ""swfac"": 0.0, ""nstres"": 0.4368279576301574}",0.0,0.4368279576301574,4472.066650390625,2140.690460205078,0.3143202066421509,0.0,,0.0,0.0,0.0,0.0,22.783702087402343,22.783702087402343,Leave_One_experiments/all_year_offline_schedule_search/daily_outputs/FQA/FQA_2021_FQA2021_normal_grid_S0001_daily.csv
FQA,FQA,Fengqiu,2021,Leave_One_experiments\wth_generated_qc\FQA\FQA2021.WTH,wet_year;nitrogen_stress_year;low_response_year,wet,FQA2021_normal_grid_S0001,pareto_balanced,2021-09-11,254,98,93,"{""sim_day"": 98.0, ""doy"": 254.0, ""topwt"": 4524.4281005859375, ""grnwt"": 2193.0517578125, ""xlai"": 0.3035177588462829, ""totir"": 0.0, ""tofer"": NaN, ""swfac"": 0.0, ""nstres"": 0.4248197078704834}",0.0,0.4248197078704834,4524.4281005859375,2193.0517578125,0.3035177588462829,0.0,,0.0,0.0,0.0,0.0,22.783702087402343,22.783702087402343,Leave_One_experiments/all_year_offline_schedule_search/daily_outputs/FQA/FQA_2021_FQA2021_normal_grid_S0001_daily.csv
FQA,FQA,Fengqiu,2021,Leave_One_experiments\wth_generated_qc\FQA\FQA2021.WTH,wet_year;nitrogen_stress_year;low_response_year,wet,FQA2021_normal_grid_S0001,pareto_balanced,2021-09-12,255,99,94,"{""sim_day"": 99.0, ""doy"": 255.0, ""topwt"": 4570.5609130859375, ""grnwt"": 2239.1845703125, ""xlai"": 0.2934648394584656, ""totir"": 0.0, ""tofer"": NaN, ""swfac"": 0.0, ""nstres"": 0.394914448261261}",0.0,0.394914448261261,4570.5609130859375,2239.1845703125,0.2934648394584656,0.0,,0.0,0.0,0.0,0.0,22.783702087402343,22.783702087402343,Leave_One_experiments/all_year_offline_schedule_search/daily_outputs/FQA/FQA_2021_FQA2021_normal_grid_S0001_daily.csv
FQA,FQA,Fengqiu,2021,Leave_One_experiments\wth_generated_qc\FQA\FQA2021.WTH,wet_year;nitrogen_stress_year;low_response_year,wet,FQA2021_normal_grid_S0001,pareto_balanced,2021-09-13,256,100,95,"{""sim_day"": 100.0, ""doy"": 256.0, ""topwt"": 4609.746398925781, ""grnwt"": 2278.3702087402344, ""xlai"": 0.2842276394367218, ""totir"": 0.0, ""tofer"": NaN, ""swfac"": 0.0, ""nstres"": 0.3554336428642273}",0.0,0.3554336428642273,4609.746398925781,2278.3702087402344,0.2842276394367218,0.0,,0.0,0.0,0.0,0.0,22.783702087402343,22.783702087402343,Leave_One_experiments/all_year_offline_schedule_search/daily_outputs/FQA/FQA_2021_FQA2021_normal_grid_S0001_daily.csv
FQA,FQA,Fengqiu,2021,Leave_One_experiments\wth_generated_qc\FQA\FQA2021.WTH,wet_year;nitrogen_stress_year;low_response_year,wet,FQA2021_normal_grid_S0001,pareto_balanced,2021-09-14,257,101,96,"{""sim_day"": 101.0, ""doy"": 257.0, ""topwt"": 4609.746398925781, ""grnwt"": 2278.3702087402344, ""xlai"": 0.2842276394367218, ""totir"": 0.0, ""tofer"": NaN, ""swfac"": 0.0, ""nstres"": 0.3087408542633056}",0.0,0.3087408542633056,4609.746398925781,2278.3702087402344,0.2842276394367218,0.0,,0.0,0.0,0.0,0.0,22.783702087402343,22.783702087402343,Leave_One_experiments/all_year_offline_schedule_search/daily_outputs/FQA/FQA_2021_FQA2021_normal_grid_S0001_daily.csv
FQA,FQA,Fengqiu,2021,Leave_One_experiments\wth_generated_qc\FQA\FQA2021.WTH,wet_year;nitrogen_stress_year;low_response_year,wet,FQA2021_normal_grid_S0001,pareto_balanced,2021-09-15,258,102,97,"{""sim_day"": 102.0, ""doy"": 258.0, ""topwt"": 4609.746398925781, ""grnwt"": 2278.3702087402344, ""xlai"": 0.2842276394367218, ""totir"": 0.0, ""tofer"": NaN, ""swfac"": 0.0, ""nstres"": 0.3087408542633056}",0.0,0.3087408542633056,4609.746398925781,2278.3702087402344,0.2842276394367218,0.0,,0.0,0.0,0.0,0.0,22.783702087402343,22.783702087402343,Leave_One_experiments/all_year_offline_schedule_search/daily_outputs/FQA/FQA_2021_FQA2021_normal_grid_S0001_daily.csv
FQA,FQA,Fengqiu,2021,Leave_One_experiments\wth_generated_qc\FQA\FQA2021.WTH,wet_year;nitrogen_stress_year;low_response_year,wet,FQA2021_normal_grid_S0001,pareto_balanced,2021-09-16,259,103,98,"{""sim_day"": 103.0, ""doy"": 259.0, ""topwt"": 4609.746398925781, ""grnwt"": 2278.3702087402344, ""xlai"": 0.2842276394367218, ""totir"": 0.0, ""tofer"": NaN, ""swfac"": 0.0, ""nstres"": 0.3087408542633056}",0.0,0.3087408542633056,4609.746398925781,2278.3702087402344,0.2842276394367218,0.0,,0.0,0.0,0.0,0.0,22.783702087402343,22.783702087402343,Leave_One_experiments/all_year_offline_schedule_search/daily_outputs/FQA/FQA_2021_FQA2021_normal_grid_S0001_daily.csv
FQA,FQA,Fengqiu,2022,Leave_One_experiments\wth_generated_qc\FQA\FQA2022.WTH,normal_year;nitrogen_stress_year;low_response_year,normal,FQA2022_normal_grid_S0013,irrigation_positive_candidate,2022-06-11,162,1,1,"{""sim_day"": 1.0, ""doy"": 162.0, ""topwt"": 0.0, ""grnwt"": 0.0, ""xlai"": 0.0, ""totir"": 0.0, ""tofer"": NaN, ""swfac"": 0.0, ""nstres"": 0.0}",0.0,0.0,0.0,0.0,0.0,0.0,,0.0,50.0,30.0,150.0,8.950170898437499,20.9501708984375,Leave_One_experiments/all_year_offline_schedule_search/daily_outputs/FQA/FQA_2022_FQA2022_normal_grid_S0013_daily.csv
FQA,FQA,Fengqiu,2022,Leave_One_experiments\wth_generated_qc\FQA\FQA2022.WTH,normal_year;nitrogen_stress_year;low_response_year,normal,FQA2022_normal_grid_S0013,irrigation_positive_candidate,2022-06-12,163,2,2,"{""sim_day"": 2.0, ""doy"": 163.0, ""topwt"": 0.0, ""grnwt"": 0.0, ""xlai"": 0.0, ""totir"": 0.0, ""tofer"": NaN, ""swfac"": 0.0, ""nstres"": 0.0}",0.0,0.0,0.0,0.0,0.0,0.0,,0.0,0.0,30.0,150.0,8.950170898437499,20.9501708984375,Leave_One_experiments/all_year_offline_schedule_search/daily_outputs/FQA/FQA_2022_FQA2022_normal_grid_S0013_daily.csv
FQA,FQA,Fengqiu,2022,Leave_One_experiments\wth_generated_qc\FQA\FQA2022.WTH,normal_year;nitrogen_stress_year;low_response_year,normal,FQA2022_normal_grid_S0013,irrigation_positive_candidate,2022-06-13,164,3,3,"{""sim_day"": 3.0, ""doy"": 164.0, ""topwt"": 0.0, ""grnwt"": 0.0, ""xlai"": 0.0, ""totir"": 0.0, ""tofer"": NaN, ""swfac"": 0.0, ""nstres"": 0.0}",0.0,0.0,0.0,0.0,0.0,0.0,,0.0,0.0,30.0,150.0,8.950170898437499,20.9501708984375,Leave_One_experiments/all_year_offline_schedule_search/daily_outputs/FQA/FQA_2022_FQA2022_normal_grid_S0013_daily.csv
FQA,FQA,Fengqiu,2022,Leave_One_experiments\wth_generated_qc\FQA\FQA2022.WTH,normal_year;nitrogen_stress_year;low_response_year,normal,FQA2022_normal_grid_S0013,irrigation_positive_candidate,2022-06-14,165,4,4,"{""sim_day"": 4.0, ""doy"": 165.0, ""topwt"": 0.0, ""grnwt"": 0.0, ""xlai"": 0.0, ""totir"": 0.0, ""tofer"": NaN, ""swfac"": 0.0, ""nstres"": 0.0}",0.0,0.0,0.0,0.0,0.0,0.0,,0.0,0.0,30.0,150.0,8.950170898437499,20.9501708984375,Leave_One_experiments/all_year_offline_schedule_search/daily_outputs/FQA/FQA_2022_FQA2022_normal_grid_S0013_daily.csv
FQA,FQA,Fengqiu,2022,Leave_One_experiments\wth_generated_qc\FQA\FQA2022.WTH,normal_year;nitrogen_stress_year;low_response_year,normal,FQA2022_normal_grid_S0013,irrigation_positive_candidate,2022-06-15,166,5,5,"{""sim_day"": 5.0, ""doy"": 166.0, ""topwt"": 0.0, ""grnwt"": 0.0, ""xlai"": 0.0, ""totir"": 0.0, ""tofer"": NaN, ""swfac"": 0.0, ""nstres"": 0.0}",0.0,0.0,0.0,0.0,0.0,0.0,,0.0,0.0,30.0,150.0,8.950170898437499,20.9501708984375,Leave_One_experiments/all_year_offline_schedule_search/daily_outputs/FQA/FQA_2022_FQA2022_normal_grid_S0013_daily.csv
FQA,FQA,Fengqiu,2022,Leave_One_experiments\wth_generated_qc\FQA\FQA2022.WTH,normal_year;nitrogen_stress_year;low_response_year,normal,FQA2022_normal_grid_S0013,irrigation_positive_candidate,2022-06-11,162,6,1,"{""sim_day"": 6.0, ""doy"": 162.0, ""topwt"": 0.0, ""grnwt"": 0.0, ""xlai"": 0.0, ""totir"": 0.0, ""tofer"": NaN, ""swfac"": 0.0, ""nstres"": 0.0}",0.0,0.0,0.0,0.0,0.0,0.0,,0.0,0.0,30.0,150.0,8.950170898437499,20.9501708984375,Leave_One_experiments/all_year_offline_schedule_search/daily_outputs/FQA/FQA_2022_FQA2022_normal_grid_S0013_daily.csv
FQA,FQA,Fengqiu,2022,Leave_One_experiments\wth_generated_qc\FQA\FQA2022.WTH,normal_year;nitrogen_stress_year;low_response_year,normal,FQA2022_normal_grid_S0013,irrigation_positive_candidate,2022-06-12,163,7,2,"{""sim_day"": 7.0, ""doy"": 163.0, ""topwt"": 0.0, ""grnwt"": 0.0, ""xlai"": 0.0, ""totir"": 0.0, ""tofer"": NaN, ""swfac"": 0.0, ""nstres"": 0.0}",0.0,0.0,0.0,0.0,0.0,0.0,,0.0,0.0,30.0,150.0,8.950170898437499,20.9501708984375,Leave_One_experiments/all_year_offline_schedule_search/daily_outputs/FQA/FQA_2022_FQA2022_normal_grid_S0013_daily.csv
FQA,FQA,Fengqiu,2022,Leave_One_experiments\wth_generated_qc\FQA\FQA2022.WTH,normal_year;nitrogen_stress_year;low_response_year,normal,FQA2022_normal_grid_S0013,irrigation_positive_candidate,2022-06-13,164,8,3,"{""sim_day"": 8.0, ""doy"": 164.0, ""topwt"": 0.0, ""grnwt"": 0.0, ""xlai"": 0.0, ""totir"": 0.0, ""tofer"": NaN, ""swfac"": 0.0, ""nstres"": 0.0}",0.0,0.0,0.0,0.0,0.0,0.0,,0.0,0.0,30.0,150.0,8.950170898437499,20.9501708984375,Leave_One_experiments/all_year_offline_schedule_search/daily_outputs/FQA/FQA_2022_FQA2022_normal_grid_S0013_daily.csv
FQA,FQA,Fengqiu,2022,Leave_One_experiments\wth_generated_qc\FQA\FQA2022.WTH,normal_year;nitrogen_stress_year;low_response_year,normal,FQA2022_normal_grid_S0013,irrigation_positive_candidate,2022-06-14,165,9,4,"{""sim_day"": 9.0, ""doy"": 165.0, ""topwt"": 0.0, ""grnwt"": 0.0, ""xlai"": 0.0, ""totir"": 0.0, ""tofer"": NaN, ""swfac"": 0.0, ""nstres"": 0.0}",0.0,0.0,0.0,0.0,0.0,0.0,,0.0,0.0,30.0,150.0,8.950170898437499,20.9501708984375,Leave_One_experiments/all_year_offline_schedule_search/daily_outputs/FQA/FQA_2022_FQA2022_normal_grid_S0013_daily.csv
FQA,FQA,Fengqiu,2022,Leave_One_experiments\wth_generated_qc\FQA\FQA2022.WTH,normal_year;nitrogen_stress_year;low_response_year,normal,FQA2022_normal_grid_S0013,irrigation_positive_candidate,2022-06-15,166,10,5,"{""sim_day"": 10.0, ""doy"": 166.0, ""topwt"": 32.00000047683716, ""grnwt"": 0.0, ""xlai"": 0.0035701750312, ""totir"": 0.0, ""tofer"": NaN, ""swfac"": 0.0, ""nstres"": 0.0121910572052001}",0.0,0.0121910572052001,32.00000047683716,0.0,0.0035701750312,0.0,,0.0,0.0,30.0,150.0,8.950170898437499,20.9501708984375,Leave_One_experiments/all_year_offline_schedule_search/daily_outputs/FQA/FQA_2022_FQA2022_normal_grid_S0013_daily.csv
FQA,FQA,Fengqiu,2022,Leave_One_experiments\wth_generated_qc\FQA\FQA2022.WTH,normal_year;nitrogen_stress_year;low_response_year,normal,FQA2022_normal_grid_S0013,irrigation_positive_candidate,2022-06-16,167,11,6,"{""sim_day"": 11.0, ""doy"": 167.0, ""topwt"": 32.00000047683716, ""grnwt"": 0.0, ""xlai"": 0.007008318323642, ""totir"": 0.0, ""tofer"": NaN, ""swfac"": 0.0, ""nstres"": 0.0}",0.0,0.0,32.00000047683716,0.0,0.007008318323642,0.0,,0.0,0.0,30.0,150.0,8.950170898437499,20.9501708984375,Leave_One_experiments/all_year_offline_schedule_search/daily_outputs/FQA/FQA_2022_FQA2022_normal_grid_S0013_daily.csv
FQA,FQA,Fengqiu,2022,Leave_One_experiments\wth_generated_qc\FQA\FQA2022.WTH,normal_year;nitrogen_stress_year;low_response_year,normal,FQA2022_normal_grid_S0013,irrigation_positive_candidate,2022-06-17,168,12,7,"{""sim_day"": 12.0, ""doy"": 168.0, ""topwt"": 32.00000047683716, ""grnwt"": 0.0, ""xlai"": 0.0106822215020656, ""totir"": 0.0, ""tofer"": NaN, ""swfac"": 0.0, ""nstres"": 0.0}",0.0,0.0,32.00000047683716,0.0,0.0106822215020656,0.0,,0.0,0.0,30.0,150.0,8.950170898437499,20.9501708984375,Leave_One_experiments/all_year_offline_schedule_search/daily_outputs/FQA/FQA_2022_FQA2022_normal_grid_S0013_daily.csv
FQA,FQA,Fengqiu,2022,Leave_One_experiments\wth_generated_qc\FQA\FQA2022.WTH,normal_year;nitrogen_stress_year;low_response_year,normal,FQA2022_normal_grid_S0013,irrigation_positive_candidate,2022-06-18,169,13,8,"{""sim_day"": 13.0, ""doy"": 169.0, ""topwt"": 32.00000047683716, ""grnwt"": 0.0, ""xlai"": 0.0148607222363352, ""totir"": 0.0, ""tofer"": NaN, ""swfac"": 0.0, ""nstres"": 0.0}",0.0,0.0,32.00000047683716,0.0,0.0148607222363352,0.0,,0.0,0.0,30.0,150.0,8.950170898437499,20.9501708984375,Leave_One_experiments/all_year_offline_schedule_search/daily_outputs/FQA/FQA_2022_FQA2022_normal_grid_S0013_daily.csv
FQA,FQA,Fengqiu,2022,Leave_One_experiments\wth_generated_qc\FQA\FQA2022.WTH,normal_year;nitrogen_stress_year;low_response_year,normal,FQA2022_normal_grid_S0013,irrigation_positive_candidate,2022-06-19,170,14,9,"{""sim_day"": 14.0, ""doy"": 170.0, ""topwt"": 32.00000047683716, ""grnwt"": 0.0, ""xlai"": 0.019414497539401, ""totir"": 0.0, ""tofer"": NaN, ""swfac"": 0.0, ""nstres"": 0.0}",0.0,0.0,32.00000047683716,0.0,0.019414497539401,0.0,,0.0,0.0,30.0,150.0,8.950170898437499,20.9501708984375,Leave_One_experiments/all_year_offline_schedule_search/daily_outputs/FQA/FQA_2022_FQA2022_normal_grid_S0013_daily.csv
FQA,FQA,Fengqiu,2022,Leave_One_experiments\wth_generated_qc\FQA\FQA2022.WTH,normal_year;nitrogen_stress_year;low_response_year,normal,FQA2022_normal_grid_S0013,irrigation_positive_candidate,2022-06-20,171,15,10,"{""sim_day"": 15.0, ""doy"": 171.0, ""topwt"": 24.662752151489254, ""grnwt"": 0.0, ""xlai"": 0.035871110856533, ""totir"": 0.0, ""tofer"": NaN, ""swfac"": 0.0, ""nstres"": 0.0}",0.0,0.0,24.662752151489254,0.0,0.035871110856533,0.0,,0.0,0.0,30.0,150.0,8.950170898437499,20.9501708984375,Leave_One_experiments/all_year_offline_schedule_search/daily_outputs/FQA/FQA_2022_FQA2022_normal_grid_S0013_daily.csv
FQA,FQA,Fengqiu,2022,Leave_One_experiments\wth_generated_qc\FQA\FQA2022.WTH,normal_year;nitrogen_stress_year;low_response_year,normal,FQA2022_normal_grid_S0013,irrigation_positive_candidate,2022-06-21,172,16,11,"{""sim_day"": 16.0, ""doy"": 172.0, ""topwt"": 31.10610008239746, ""grnwt"": 0.0, ""xlai"": 0.0558550953865051, ""totir"": 0.0, ""tofer"": NaN, ""swfac"": 0.0, ""nstres"": 0.0}",0.0,0.0,31.10610008239746,0.0,0.0558550953865051,0.0,,0.0,0.0,30.0,150.0,8.950170898437499,20.9501708984375,Leave_One_experiments/all_year_offline_schedule_search/daily_outputs/FQA/FQA_2022_FQA2022_normal_grid_S0013_daily.csv
FQA,FQA,Fengqiu,2022,Leave_One_experiments\wth_generated_qc\FQA\FQA2022.WTH,normal_year;nitrogen_stress_year;low_response_year,normal,FQA2022_normal_grid_S0013,irrigation_positive_candidate,2022-06-22,173,17,12,"{""sim_day"": 17.0, ""doy"": 173.0, ""topwt"": 39.05759334564209, ""grnwt"": 0.0, ""xlai"": 0.0781869813799858, ""totir"": 0.0, ""tofer"": NaN, ""swfac"": 0.0, ""nstres"": 0.0}",0.0,0.0,39.05759334564209,0.0,0.0781869813799858,0.0,,0.0,0.0,30.0,150.0,8.950170898437499,20.9501708984375,Leave_One_experiments/all_year_offline_schedule_search/daily_outputs/FQA/FQA_2022_FQA2022_normal_grid_S0013_daily.csv
FQA,FQA,Fengqiu,2022,Leave_One_experiments\wth_generated_qc\FQA\FQA2022.WTH,normal_year;nitrogen_stress_year;low_response_year,normal,FQA2022_normal_grid_S0013,irrigation_positive_candidate,2022-06-23,174,18,13,"{""sim_day"": 18.0, ""doy"": 174.0, ""topwt"": 48.82574081420898, ""grnwt"": 0.0, ""xlai"": 0.1035100445151329, ""totir"": 0.0, ""tofer"": NaN, ""swfac"": 0.0, ""nstres"": 0.0}",0.0,0.0,48.82574081420898,0.0,0.1035100445151329,0.0,,0.0,0.0,30.0,150.0,8.950170898437499,20.9501708984375,Leave_One_experiments/all_year_offline_schedule_search/daily_outputs/FQA/FQA_2022_FQA2022_normal_grid_S0013_daily.csv
FQA,FQA,Fengqiu,2022,Leave_One_experiments\wth_generated_qc\FQA\FQA2022.WTH,normal_year;nitrogen_stress_year;low_response_year,normal,FQA2022_normal_grid_S0013,irrigation_positive_candidate,2022-06-24,175,19,14,"{""sim_day"": 19.0, ""doy"": 175.0, ""topwt"": 60.704970359802246, ""grnwt"": 0.0, ""xlai"": 0.1322498768568039, ""totir"": 0.0, ""tofer"": NaN, ""swfac"": 0.0, ""nstres"": 0.0}",0.0,0.0,60.704970359802246,0.0,0.1322498768568039,0.0,,0.0,0.0,30.0,150.0,8.950170898437499,20.9501708984375,Leave_One_experiments/all_year_offline_schedule_search/daily_outputs/FQA/FQA_2022_FQA2022_normal_grid_S0013_daily.csv
FQA,FQA,Fengqiu,2022,Leave_One_experiments\wth_generated_qc\FQA\FQA2022.WTH,normal_year;nitrogen_stress_year;low_response_year,normal,FQA2022_normal_grid_S0013,irrigation_positive_candidate,2022-06-25,176,20,15,"{""sim_day"": 20.0, ""doy"": 176.0, ""topwt"": 74.46962833404541, ""grnwt"": 0.0, ""xlai"": 0.1635878682136535, ""totir"": 0.0, ""tofer"": NaN, ""swfac"": 0.0, ""nstres"": 0.0}",0.0,0.0,74.46962833404541,0.0,0.1635878682136535,0.0,,0.0,0.0,30.0,150.0,8.950170898437499,20.9501708984375,Leave_One_experiments/all_year_offline_schedule_search/daily_outputs/FQA/FQA_2022_FQA2022_normal_grid_S0013_daily.csv
FQA,FQA,Fengqiu,2022,Leave_One_experiments\wth_generated_qc\FQA\FQA2022.WTH,normal_year;nitrogen_stress_year;low_response_year,normal,FQA2022_normal_grid_S0013,irrigation_positive_candidate,2022-06-26,177,21,16,"{""sim_day"": 21.0, ""doy"": 177.0, ""topwt"": 82.74718284606934, ""grnwt"": 0.0, ""xlai"": 0.1815807521343231, ""totir"": 0.0, ""tofer"": NaN, ""swfac"": 0.0, ""nstres"": 0.0}",0.0,0.0,82.74718284606934,0.0,0.1815807521343231,0.0,,0.0,0.0,30.0,150.0,8.950170898437499,20.9501708984375,Leave_One_experiments/all_year_offline_schedule_search/daily_outputs/FQA/FQA_2022_FQA2022_normal_grid_S0013_daily.csv
FQA,FQA,Fengqiu,2022,Leave_One_experiments\wth_generated_qc\FQA\FQA2022.WTH,normal_year;nitrogen_stress_year;low_response_year,normal,FQA2022_normal_grid_S0013,irrigation_positive_candidate,2022-06-27,178,22,17,"{""sim_day"": 22.0, ""doy"": 178.0, ""topwt"": 97.98178672790527, ""grnwt"": 0.0, ""xlai"": 0.2136167734861374, ""totir"": 0.0, ""tofer"": NaN, ""swfac"": 0.0, ""nstres"": 0.0}",0.0,0.0,97.98178672790527,0.0,0.2136167734861374,0.0,,0.0,0.0,30.0,150.0,8.950170898437499,20.9501708984375,Leave_One_experiments/all_year_offline_schedule_search/daily_outputs/FQA/FQA_2022_FQA2022_normal_grid_S0013_daily.csv
FQA,FQA,Fengqiu,2022,Leave_One_experiments\wth_generated_qc\FQA\FQA2022.WTH,normal_year;nitrogen_stress_year;low_response_year,normal,FQA2022_normal_grid_S0013,irrigation_positive_candidate,2022-06-28,179,23,18,"{""sim_day"": 23.0, ""doy"": 179.0, ""topwt"": 113.32667350769044, ""grnwt"": 0.0, ""xlai"": 0.2445864677429199, ""totir"": 0.0, ""tofer"": NaN, ""swfac"": 0.0, ""nstres"": 0.0}",0.0,0.0,113.32667350769044,0.0,0.2445864677429199,0.0,,0.0,0.0,30.0,150.0,8.950170898437499,20.9501708984375,Leave_One_experiments/all_year_offline_schedule_search/daily_outputs/FQA/FQA_2022_FQA2022_normal_grid_S0013_daily.csv
FQA,FQA,Fengqiu,2022,Leave_One_experiments\wth_generated_qc\FQA\FQA2022.WTH,normal_year;nitrogen_stress_year;low_response_year,normal,FQA2022_normal_grid_S0013,irrigation_positive_candidate,2022-06-29,180,24,19,"{""sim_day"": 24.0, ""doy"": 180.0, ""topwt"": 130.63729286193848, ""grnwt"": 0.0, ""xlai"": 0.2768554985523224, ""totir"": 0.0, ""tofer"": NaN, ""swfac"": 0.0, ""nstres"": 0.0}",0.0,0.0,130.63729286193848,0.0,0.2768554985523224,0.0,,0.0,0.0,30.0,150.0,8.950170898437499,20.9501708984375,Leave_One_experiments/all_year_offline_schedule_search/daily_outputs/FQA/FQA_2022_FQA2022_normal_grid_S0013_daily.csv
FQA,FQA,Fengqiu,2022,Leave_One_experiments\wth_generated_qc\FQA\FQA2022.WTH,normal_year;nitrogen_stress_year;low_response_year,normal,FQA2022_normal_grid_S0013,irrigation_positive_candidate,2022-06-30,181,25,20,"{""sim_day"": 25.0, ""doy"": 181.0, ""topwt"": 152.34374046325684, ""grnwt"": 0.0, ""xlai"": 0.3190189003944397, ""totir"": 0.0, ""tofer"": NaN, ""swfac"": 0.0, ""nstres"": 0.0}",0.0,0.0,152.34374046325684,0.0,0.3190189003944397,0.0,,0.0,0.0,30.0,150.0,8.950170898437499,20.9501708984375,Leave_One_experiments/all_year_offline_schedule_search/daily_outputs/FQA/FQA_2022_FQA2022_normal_grid_S0013_daily.csv
FQA,FQA,Fengqiu,2022,Leave_One_experiments\wth_generated_qc\FQA\FQA2022.WTH,normal_year;nitrogen_stress_year;low_response_year,normal,FQA2022_normal_grid_S0013,irrigation_positive_candidate,2022-07-01,182,26,21,"{""sim_day"": 26.0, ""doy"": 182.0, ""topwt"": 178.80247116088867, ""grnwt"": 0.0, ""xlai"": 0.3682545721530914, ""totir"": 0.0, ""tofer"": NaN, ""swfac"": 0.0, ""nstres"": 0.0}",0.0,0.0,178.80247116088867,0.0,0.3682545721530914,0.0,,0.0,0.0,30.0,150.0,8.950170898437499,20.9501708984375,Leave_One_experiments/all_year_offline_schedule_search/daily_outputs/FQA/FQA_2022_FQA2022_normal_grid_S0013_daily.csv
FQA,FQA,Fengqiu,2022,Leave_One_experiments\wth_generated_qc\FQA\FQA2022.WTH,normal_year;nitrogen_stress_year;low_response_year,normal,FQA2022_normal_grid_S0013,irrigation_positive_candidate,2022-07-02,183,27,22,"{""sim_day"": 27.0, ""doy"": 183.0, ""topwt"": 204.6912384033203, ""grnwt"": 0.0, ""xlai"": 0.4144591093063354, ""totir"": 0.0, ""tofer"": NaN, ""swfac"": 0.0, ""nstres"": 0.0}",0.0,0.0,204.6912384033203,0.0,0.4144591093063354,0.0,,0.0,0.0,30.0,150.0,8.950170898437499,20.9501708984375,Leave_One_experiments/all_year_offline_schedule_search/daily_outputs/FQA/FQA_2022_FQA2022_normal_grid_S0013_daily.csv
FQA,FQA,Fengqiu,2022,Leave_One_experiments\wth_generated_qc\FQA\FQA2022.WTH,normal_year;nitrogen_stress_year;low_response_year,normal,FQA2022_normal_grid_S0013,irrigation_positive_candidate,2022-07-03,184,28,23,"{""sim_day"": 28.0, ""doy"": 184.0, ""topwt"": 234.3055534362793, ""grnwt"": 0.0, ""xlai"": 0.4651698470115661, ""totir"": 0.0, ""tofer"": NaN, ""swfac"": 0.0, ""nstres"": 0.0}",0.0,0.0,234.3055534362793,0.0,0.4651698470115661,0.0,,0.0,0.0,30.0,150.0,8.950170898437499,20.9501708984375,Leave_One_experiments/all_year_offline_schedule_search/daily_outputs/FQA/FQA_2022_FQA2022_normal_grid_S0013_daily.csv
FQA,FQA,Fengqiu,2022,Leave_One_experiments\wth_generated_qc\FQA\FQA2022.WTH,normal_year;nitrogen_stress_year;low_response_year,normal,FQA2022_normal_grid_S0013,irrigation_positive_candidate,2022-07-04,185,29,24,"{""sim_day"": 29.0, ""doy"": 185.0, ""topwt"": 260.37132263183594, ""grnwt"": 0.0, ""xlai"": 0.5081120729446411, ""totir"": 0.0, ""tofer"": NaN, ""swfac"": 0.0, ""nstres"": 0.0}",0.0,0.0,260.37132263183594,0.0,0.5081120729446411,0.0,,0.0,0.0,30.0,150.0,8.950170898437499,20.9501708984375,Leave_One_experiments/all_year_offline_schedule_search/daily_outputs/FQA/FQA_2022_FQA2022_normal_grid_S0013_daily.csv
FQA,FQA,Fengqiu,2022,Leave_One_experiments\wth_generated_qc\FQA\FQA2022.WTH,normal_year;nitrogen_stress_year;low_response_year,normal,FQA2022_normal_grid_S0013,irrigation_positive_candidate,2022-07-05,186,30,25,"{""sim_day"": 30.0, ""doy"": 186.0, ""topwt"": 283.08732986450195, ""grnwt"": 0.0, ""xlai"": 0.5441918969154358, ""totir"": 0.0, ""tofer"": NaN, ""swfac"": 0.0, ""nstres"": 0.0}",0.0,0.0,283.08732986450195,0.0,0.5441918969154358,0.0,,0.0,0.0,30.0,150.0,8.950170898437499,20.9501708984375,Leave_One_experiments/all_year_offline_schedule_search/daily_outputs/FQA/FQA_2022_FQA2022_normal_grid_S0013_daily.csv
FQA,FQA,Fengqiu,2022,Leave_One_experiments\wth_generated_qc\FQA\FQA2022.WTH,normal_year;nitrogen_stress_year;low_response_year,normal,FQA2022_normal_grid_S0013,irrigation_positive_candidate,2022-07-06,187,31,26,"{""sim_day"": 31.0, ""doy"": 187.0, ""topwt"": 319.65808868408203, ""grnwt"": 0.0, ""xlai"": 0.5999365448951721, ""totir"": 0.0, ""tofer"": NaN, ""swfac"": 0.0, ""nstres"": 0.0}",0.0,0.0,319.65808868408203,0.0,0.5999365448951721,0.0,,0.0,0.0,30.0,150.0,8.950170898437499,20.9501708984375,Leave_One_experiments/all_year_offline_schedule_search/daily_outputs/FQA/FQA_2022_FQA2022_normal_grid_S0013_daily.csv
FQA,FQA,Fengqiu,2022,Leave_One_experiments\wth_generated_qc\FQA\FQA2022.WTH,normal_year;nitrogen_stress_year;low_response_year,normal,FQA2022_normal_grid_S0013,irrigation_positive_candidate,2022-07-07,188,32,27,"{""sim_day"": 32.0, ""doy"": 188.0, ""topwt"": 368.1539535522461, ""grnwt"": 0.0, ""xlai"": 0.6702525019645691, ""totir"": 0.0, ""tofer"": NaN, ""swfac"": 0.0, ""nstres"": 0.0}",0.0,0.0,368.1539535522461,0.0,0.6702525019645691,0.0,,0.0,0.0,30.0,150.0,8.950170898437499,20.9501708984375,Leave_One_experiments/all_year_offline_schedule_search/daily_outputs/FQA/FQA_2022_FQA2022_normal_grid_S0013_daily.csv
FQA,FQA,Fengqiu,2022,Leave_One_experiments\wth_generated_qc\FQA\FQA2022.WTH,normal_year;nitrogen_stress_year;low_response_year,normal,FQA2022_normal_grid_S0013,irrigation_positive_candidate,2022-07-08,189,33,28,"{""sim_day"": 33.0, ""doy"": 189.0, ""topwt"": 426.2483978271485, ""grnwt"": 0.0, ""xlai"": 0.7499611377716064, ""totir"": 0.0, ""tofer"": NaN, ""swfac"": 0.0, ""nstres"": 0.0}",0.0,0.0,426.2483978271485,0.0,0.7499611377716064,0.0,,0.0,0.0,30.0,150.0,8.950170898437499,20.9501708984375,Leave_One_experiments/all_year_offline_schedule_search/daily_outputs/FQA/FQA_2022_FQA2022_normal_grid_S0013_daily.csv
FQA,FQA,Fengqiu,2022,Leave_One_experiments\wth_generated_qc\FQA\FQA2022.WTH,normal_year;nitrogen_stress_year;low_response_year,normal,FQA2022_normal_grid_S0013,irrigation_positive_candidate,2022-07-09,190,34,29,"{""sim_day"": 34.0, ""doy"": 190.0, ""topwt"": 473.8556671142578, ""grnwt"": 0.0, ""xlai"": 0.8122925758361816, ""totir"": 0.0, ""tofer"": NaN, ""swfac"": 0.0, ""nstres"": 0.0}",0.0,0.0,473.8556671142578,0.0,0.8122925758361816,0.0,,0.0,0.0,30.0,150.0,8.950170898437499,20.9501708984375,Leave_One_experiments/all_year_offline_schedule_search/daily_outputs/FQA/FQA_2022_FQA2022_normal_grid_S0013_daily.csv
FQA,FQA,Fengqiu,2022,Leave_One_experiments\wth_generated_qc\FQA\FQA2022.WTH,normal_year;nitrogen_stress_year;low_response_year,normal,FQA2022_normal_grid_S0013,irrigation_positive_candidate,2022-07-10,191,35,30,"{""sim_day"": 35.0, ""doy"": 191.0, ""topwt"": 522.4562835693359, ""grnwt"": 0.0, ""xlai"": 0.8733893036842346, ""totir"": 0.0, ""tofer"": NaN, ""swfac"": 0.0, ""nstres"": 0.0}",0.0,0.0,522.4562835693359,0.0,0.8733893036842346,0.0,,0.0,50.0,30.0,150.0,8.950170898437499,20.9501708984375,Leave_One_experiments/all_year_offline_schedule_search/daily_outputs/FQA/FQA_2022_FQA2022_normal_grid_S0013_daily.csv
FQA,FQA,Fengqiu,2022,Leave_One_experiments\wth_generated_qc\FQA\FQA2022.WTH,normal_year;nitrogen_stress_year;low_response_year,normal,FQA2022_normal_grid_S0013,irrigation_positive_candidate,2022-07-11,192,36,31,"{""sim_day"": 36.0, ""doy"": 192.0, ""topwt"": 573.8835906982422, ""grnwt"": 0.0, ""xlai"": 0.935524880886078, ""totir"": 0.0, ""tofer"": NaN, ""swfac"": 0.0, ""nstres"": 0.0}",0.0,0.0,573.8835906982422,0.0,0.935524880886078,0.0,,0.0,0.0,30.0,150.0,8.950170898437499,20.9501708984375,Leave_One_experiments/all_year_offline_schedule_search/daily_outputs/FQA/FQA_2022_FQA2022_normal_grid_S0013_daily.csv
FQA,FQA,Fengqiu,2022,Leave_One_experiments\wth_generated_qc\FQA\FQA2022.WTH,normal_year;nitrogen_stress_year;low_response_year,normal,FQA2022_normal_grid_S0013,irrigation_positive_candidate,2022-07-12,193,37,32,"{""sim_day"": 37.0, ""doy"": 193.0, ""topwt"": 634.84619140625, ""grnwt"": 0.0, ""xlai"": 1.0061135292053225, ""totir"": 0.0, ""tofer"": NaN, ""swfac"": 0.0, ""nstres"": 0.0}",0.0,0.0,634.84619140625,0.0,1.0061135292053225,0.0,,0.0,0.0,30.0,150.0,8.950170898437499,20.9501708984375,Leave_One_experiments/all_year_offline_schedule_search/daily_outputs/FQA/FQA_2022_FQA2022_normal_grid_S0013_daily.csv
FQA,FQA,Fengqiu,2022,Leave_One_experiments\wth_generated_qc\FQA\FQA2022.WTH,normal_year;nitrogen_stress_year;low_response_year,normal,FQA2022_normal_grid_S0013,irrigation_positive_candidate,2022-07-13,194,38,33,"{""sim_day"": 38.0, ""doy"": 194.0, ""topwt"": 719.8057556152344, ""grnwt"": 0.0, ""xlai"": 1.099447250366211, ""totir"": 0.0, ""tofer"": NaN, ""swfac"": 0.0, ""nstres"": 0.0}",0.0,0.0,719.8057556152344,0.0,1.099447250366211,0.0,,0.0,0.0,30.0,150.0,8.950170898437499,20.9501708984375,Leave_One_experiments/all_year_offline_schedule_search/daily_outputs/FQA/FQA_2022_FQA2022_normal_grid_S0013_daily.csv
FQA,FQA,Fengqiu,2022,Leave_One_experiments\wth_generated_qc\FQA\FQA2022.WTH,normal_year;nitrogen_stress_year;low_response_year,normal,FQA2022_normal_grid_S0013,irrigation_positive_candidate,2022-07-14,195,39,34,"{""sim_day"": 39.0, ""doy"": 195.0, ""topwt"": 815.7575988769531, ""grnwt"": 0.0, ""xlai"": 1.1991069316864014, ""totir"": 0.0, ""tofer"": NaN, ""swfac"": 0.0, ""nstres"": 0.0}",0.0,0.0,815.7575988769531,0.0,1.1991069316864014,0.0,,0.0,0.0,30.0,150.0,8.950170898437499,20.9501708984375,Leave_One_experiments/all_year_offline_schedule_search/daily_outputs/FQA/FQA_2022_FQA2022_normal_grid_S0013_daily.csv
FQA,FQA,Fengqiu,2022,Leave_One_experiments\wth_generated_qc\FQA\FQA2022.WTH,normal_year;nitrogen_stress_year;low_response_year,normal,FQA2022_normal_grid_S0013,irrigation_positive_candidate,2022-07-15,196,40,35,"{""sim_day"": 40.0, ""doy"": 196.0, ""topwt"": 906.7352294921876, ""grnwt"": 0.0, ""xlai"": 1.2889668941497805, ""totir"": 0.0, ""tofer"": NaN, ""swfac"": 0.0, ""nstres"": 0.0}",0.0,0.0,906.7352294921876,0.0,1.2889668941497805,0.0,,0.0,0.0,30.0,150.0,8.950170898437499,20.9501708984375,Leave_One_experiments/all_year_offline_schedule_search/daily_outputs/FQA/FQA_2022_FQA2022_normal_grid_S0013_daily.csv
FQA,FQA,Fengqiu,2022,Leave_One_experiments\wth_generated_qc\FQA\FQA2022.WTH,normal_year;nitrogen_stress_year;low_response_year,normal,FQA2022_normal_grid_S0013,irrigation_positive_candidate,2022-07-16,197,41,36,"{""sim_day"": 41.0, ""doy"": 197.0, ""topwt"": 1007.7698516845704, ""grnwt"": 0.0, ""xlai"": 1.3839560747146606, ""totir"": 0.0, ""tofer"": NaN, ""swfac"": 0.0, ""nstres"": 0.0}",0.0,0.0,1007.7698516845704,0.0,1.3839560747146606,0.0,,0.0,0.0,30.0,150.0,8.950170898437499,20.9501708984375,Leave_One_experiments/all_year_offline_schedule_search/daily_outputs/FQA/FQA_2022_FQA2022_normal_grid_S0013_daily.csv
FQA,FQA,Fengqiu,2022,Leave_One_experiments\wth_generated_qc\FQA\FQA2022.WTH,normal_year;nitrogen_stress_year;low_response_year,normal,FQA2022_normal_grid_S0013,irrigation_positive_candidate,2022-07-17,198,42,37,"{""sim_day"": 42.0, ""doy"": 198.0, ""topwt"": 1123.0580139160156, ""grnwt"": 0.0, ""xlai"": 1.4869464635849, ""totir"": 0.0, ""tofer"": NaN, ""swfac"": 0.0, ""nstres"": 0.0}",0.0,0.0,1123.0580139160156,0.0,1.4869464635849,0.0,,0.0,0.0,30.0,150.0,8.950170898437499,20.9501708984375,Leave_One_experiments/all_year_offline_schedule_search/daily_outputs/FQA/FQA_2022_FQA2022_normal_grid_S0013_daily.csv
FQA,FQA,Fengqiu,2022,Leave_One_experiments\wth_generated_qc\FQA\FQA2022.WTH,normal_year;nitrogen_stress_year;low_response_year,normal,FQA2022_normal_grid_S0013,irrigation_positive_candidate,2022-07-18,199,43,38,"{""sim_day"": 43.0, ""doy"": 199.0, ""topwt"": 1164.5374298095703, ""grnwt"": 0.0, ""xlai"": 1.5042155981063845, ""totir"": 0.0, ""tofer"": NaN, ""swfac"": 0.0, ""nstres"": 0.0}",0.0,0.0,1164.5374298095703,0.0,1.5042155981063845,0.0,,0.0,0.0,30.0,150.0,8.950170898437499,20.9501708984375,Leave_One_experiments/all_year_offline_schedule_search/daily_outputs/FQA/FQA_2022_FQA2022_normal_grid_S0013_daily.csv
FQA,FQA,Fengqiu,2022,Leave_One_experiments\wth_generated_qc\FQA\FQA2022.WTH,normal_year;nitrogen_stress_year;low_response_year,normal,FQA2022_normal_grid_S0013,irrigation_positive_candidate,2022-07-19,200,44,39,"{""sim_day"": 44.0, ""doy"": 200.0, ""topwt"": 1263.1279754638672, ""grnwt"": 0.0, ""xlai"": 1.5432175397872925, ""totir"": 0.0, ""tofer"": NaN, ""swfac"": 0.0, ""nstres"": 0.0}",0.0,0.0,1263.1279754638672,0.0,1.5432175397872925,0.0,,0.0,0.0,30.0,150.0,8.950170898437499,20.9501708984375,Leave_One_experiments/all_year_offline_schedule_search/daily_outputs/FQA/FQA_2022_FQA2022_normal_grid_S0013_daily.csv
FQA,FQA,Fengqiu,2022,Leave_One_experiments\wth_generated_qc\FQA\FQA2022.WTH,normal_year;nitrogen_stress_year;low_response_year,normal,FQA2022_normal_grid_S0013,irrigation_positive_candidate,2022-07-20,201,45,40,"{""sim_day"": 45.0, ""doy"": 201.0, ""topwt"": 1517.6451110839844, ""grnwt"": 0.0, ""xlai"": 1.6374928951263428, ""totir"": 0.0, ""tofer"": NaN, ""swfac"": 0.0, ""nstres"": 0.0}",0.0,0.0,1517.6451110839844,0.0,1.6374928951263428,0.0,,0.0,0.0,30.0,150.0,8.950170898437499,20.9501708984375,Leave_One_experiments/all_year_offline_schedule_search/daily_outputs/FQA/FQA_2022_FQA2022_normal_grid_S0013_daily.csv
FQA,FQA,Fengqiu,2022,Leave_One_experiments\wth_generated_qc\FQA\FQA2022.WTH,normal_year;nitrogen_stress_year;low_response_year,normal,FQA2022_normal_grid_S0013,irrigation_positive_candidate,2022-07-21,202,46,41,"{""sim_day"": 46.0, ""doy"": 202.0, ""topwt"": 1707.778778076172, ""grnwt"": 0.0, ""xlai"": 1.704331636428833, ""totir"": 0.0, ""tofer"": NaN, ""swfac"": 0.0, ""nstres"": 0.0}",0.0,0.0,1707.778778076172,0.0,1.704331636428833,0.0,,0.0,0.0,30.0,150.0,8.950170898437499,20.9501708984375,Leave_One_experiments/all_year_offline_schedule_search/daily_outputs/FQA/FQA_2022_FQA2022_normal_grid_S0013_daily.csv
FQA,FQA,Fengqiu,2022,Leave_One_experiments\wth_generated_qc\FQA\FQA2022.WTH,normal_year;nitrogen_stress_year;low_response_year,normal,FQA2022_normal_grid_S0013,irrigation_positive_candidate,2022-07-22,203,47,42,"{""sim_day"": 47.0, ""doy"": 203.0, ""topwt"": 1932.7560424804688, ""grnwt"": 0.0, ""xlai"": 1.7793560028076172, ""totir"": 0.0, ""tofer"": NaN, ""swfac"": 0.0, ""nstres"": 0.0}",0.0,0.0,1932.7560424804688,0.0,1.7793560028076172,0.0,,0.0,0.0,30.0,150.0,8.950170898437499,20.9501708984375,Leave_One_experiments/all_year_offline_schedule_search/daily_outputs/FQA/FQA_2022_FQA2022_normal_grid_S0013_daily.csv
FQA,FQA,Fengqiu,2022,Leave_One_experiments\wth_generated_qc\FQA\FQA2022.WTH,normal_year;nitrogen_stress_year;low_response_year,normal,FQA2022_normal_grid_S0013,irrigation_positive_candidate,2022-07-23,204,48,43,"{""sim_day"": 48.0, ""doy"": 204.0, ""topwt"": 2162.9751586914062, ""grnwt"": 0.0, ""xlai"": 1.852447748184204, ""totir"": 0.0, ""tofer"": NaN, ""swfac"": 0.0, ""nstres"": 0.0}",0.0,0.0,2162.9751586914062,0.0,1.852447748184204,0.0,,0.0,0.0,30.0,150.0,8.950170898437499,20.9501708984375,Leave_One_experiments/all_year_offline_schedule_search/daily_outputs/FQA/FQA_2022_FQA2022_normal_grid_S0013_daily.csv
FQA,FQA,Fengqiu,2022,Leave_One_experiments\wth_generated_qc\FQA\FQA2022.WTH,normal_year;nitrogen_stress_year;low_response_year,normal,FQA2022_normal_grid_S0013,irrigation_positive_candidate,2022-07-24,205,49,44,"{""sim_day"": 49.0, ""doy"": 205.0, ""topwt"": 2381.3067626953125, ""grnwt"": 0.0, ""xlai"": 1.918761134147644, ""totir"": 0.0, ""tofer"": NaN, ""swfac"": 0.0, ""nstres"": 0.0}",0.0,0.0,2381.3067626953125,0.0,1.918761134147644,0.0,,0.0,0.0,30.0,150.0,8.950170898437499,20.9501708984375,Leave_One_experiments/all_year_offline_schedule_search/daily_outputs/FQA/FQA_2022_FQA2022_normal_grid_S0013_daily.csv
FQA,FQA,Fengqiu,2022,Leave_One_experiments\wth_generated_qc\FQA\FQA2022.WTH,normal_year;nitrogen_stress_year;low_response_year,normal,FQA2022_normal_grid_S0013,irrigation_positive_candidate,2022-07-25,206,50,45,"{""sim_day"": 50.0, ""doy"": 206.0, ""topwt"": 2562.5802612304688, ""grnwt"": 0.0, ""xlai"": 1.971584677696228, ""totir"": 0.0, ""tofer"": NaN, ""swfac"": 0.0, ""nstres"": 0.0}",0.0,0.0,2562.5802612304688,0.0,1.971584677696228,0.0,,0.0,0.0,30.0,150.0,8.950170898437499,20.9501708984375,Leave_One_experiments/all_year_offline_schedule_search/daily_outputs/FQA/FQA_2022_FQA2022_normal_grid_S0013_daily.csv
FQA,FQA,Fengqiu,2022,Leave_One_experiments\wth_generated_qc\FQA\FQA2022.WTH,normal_year;nitrogen_stress_year;low_response_year,normal,FQA2022_normal_grid_S0013,irrigation_positive_candidate,2022-07-26,207,51,46,"{""sim_day"": 51.0, ""doy"": 207.0, ""topwt"": 2731.8331909179688, ""grnwt"": 0.0, ""xlai"": 2.0190937519073486, ""totir"": 0.0, ""tofer"": NaN, ""swfac"": 0.0, ""nstres"": 0.0}",0.0,0.0,2731.8331909179688,0.0,2.0190937519073486,0.0,,0.0,0.0,30.0,150.0,8.950170898437499,20.9501708984375,Leave_One_experiments/all_year_offline_schedule_search/daily_outputs/FQA/FQA_2022_FQA2022_normal_grid_S0013_daily.csv
FQA,FQA,Fengqiu,2022,Leave_One_experiments\wth_generated_qc\FQA\FQA2022.WTH,normal_year;nitrogen_stress_year;low_response_year,normal,FQA2022_normal_grid_S0013,irrigation_positive_candidate,2022-07-27,208,52,47,"{""sim_day"": 52.0, ""doy"": 208.0, ""topwt"": 2917.0846557617188, ""grnwt"": 0.0, ""xlai"": 2.069507122039795, ""totir"": 0.0, ""tofer"": NaN, ""swfac"": 0.0, ""nstres"": 0.0}",0.0,0.0,2917.0846557617188,0.0,2.069507122039795,0.0,,0.0,0.0,30.0,150.0,8.950170898437499,20.9501708984375,Leave_One_experiments/all_year_offline_schedule_search/daily_outputs/FQA/FQA_2022_FQA2022_normal_grid_S0013_daily.csv
FQA,FQA,Fengqiu,2022,Leave_One_experiments\wth_generated_qc\FQA\FQA2022.WTH,normal_year;nitrogen_stress_year;low_response_year,normal,FQA2022_normal_grid_S0013,irrigation_positive_candidate,2022-07-28,209,53,48,"{""sim_day"": 53.0, ""doy"": 209.0, ""topwt"": 3059.5962524414062, ""grnwt"": 0.0, ""xlai"": 2.107098340988159, ""totir"": 0.0, ""tofer"": NaN, ""swfac"": 0.0, ""nstres"": 0.0}",0.0,0.0,3059.5962524414062,0.0,2.107098340988159,0.0,,0.0,0.0,30.0,150.0,8.950170898437499,20.9501708984375,Leave_One_experiments/all_year_offline_schedule_search/daily_outputs/FQA/FQA_2022_FQA2022_normal_grid_S0013_daily.csv
FQA,FQA,Fengqiu,2022,Leave_One_experiments\wth_generated_qc\FQA\FQA2022.WTH,normal_year;nitrogen_stress_year;low_response_year,normal,FQA2022_normal_grid_S0013,irrigation_positive_candidate,2022-07-29,210,54,49,"{""sim_day"": 54.0, ""doy"": 210.0, ""topwt"": 3283.7515258789062, ""grnwt"": 0.0, ""xlai"": 2.16458797454834, ""totir"": 0.0, ""tofer"": NaN, ""swfac"": 0.0, ""nstres"": 0.0}",0.0,0.0,3283.7515258789062,0.0,2.16458797454834,0.0,,0.0,0.0,30.0,150.0,8.950170898437499,20.9501708984375,Leave_One_experiments/all_year_offline_schedule_search/daily_outputs/FQA/FQA_2022_FQA2022_normal_grid_S0013_daily.csv
FQA,FQA,Fengqiu,2022,Leave_One_experiments\wth_generated_qc\FQA\FQA2022.WTH,normal_year;nitrogen_stress_year;low_response_year,normal,FQA2022_normal_grid_S0013,irrigation_positive_candidate,2022-07-30,211,55,50,"{""sim_day"": 55.0, ""doy"": 211.0, ""topwt"": 3509.4805908203125, ""grnwt"": 0.0, ""xlai"": 2.222397327423096, ""totir"": 0.0, ""tofer"": NaN, ""swfac"": 0.0, ""nstres"": 0.0}",0.0,0.0,3509.4805908203125,0.0,2.222397327423096,0.0,,0.0,0.0,30.0,150.0,8.950170898437499,20.9501708984375,Leave_One_experiments/all_year_offline_schedule_search/daily_outputs/FQA/FQA_2022_FQA2022_normal_grid_S0013_daily.csv
FQA,FQA,Fengqiu,2022,Leave_One_experiments\wth_generated_qc\FQA\FQA2022.WTH,normal_year;nitrogen_stress_year;low_response_year,normal,FQA2022_normal_grid_S0013,irrigation_positive_candidate,2022-07-31,212,56,51,"{""sim_day"": 56.0, ""doy"": 212.0, ""topwt"": 3772.378234863281, ""grnwt"": 0.0, ""xlai"": 2.289649248123169, ""totir"": 0.0, ""tofer"": NaN, ""swfac"": 0.0, ""nstres"": 0.0}",0.0,0.0,3772.378234863281,0.0,2.289649248123169,0.0,,0.0,0.0,30.0,150.0,8.950170898437499,20.9501708984375,Leave_One_experiments/all_year_offline_schedule_search/daily_outputs/FQA/FQA_2022_FQA2022_normal_grid_S0013_daily.csv
FQA,FQA,Fengqiu,2022,Leave_One_experiments\wth_generated_qc\FQA\FQA2022.WTH,normal_year;nitrogen_stress_year;low_response_year,normal,FQA2022_normal_grid_S0013,irrigation_positive_candidate,2022-08-01,213,57,52,"{""sim_day"": 57.0, ""doy"": 213.0, ""topwt"": 4042.052001953125, ""grnwt"": 0.0, ""xlai"": 2.35852599143982, ""totir"": 0.0, ""tofer"": NaN, ""swfac"": 0.0, ""nstres"": 0.0}",0.0,0.0,4042.052001953125,0.0,2.35852599143982,0.0,,0.0,0.0,30.0,150.0,8.950170898437499,20.9501708984375,Leave_One_experiments/all_year_offline_schedule_search/daily_outputs/FQA/FQA_2022_FQA2022_normal_grid_S0013_daily.csv
FQA,FQA,Fengqiu,2022,Leave_One_experiments\wth_generated_qc\FQA\FQA2022.WTH,normal_year;nitrogen_stress_year;low_response_year,normal,FQA2022_normal_grid_S0013,irrigation_positive_candidate,2022-08-02,214,58,53,"{""sim_day"": 58.0, ""doy"": 214.0, ""topwt"": 4324.0960693359375, ""grnwt"": 0.0, ""xlai"": 2.430450201034546, ""totir"": 0.0, ""tofer"": NaN, ""swfac"": 0.0, ""nstres"": 0.0}",0.0,0.0,4324.0960693359375,0.0,2.430450201034546,0.0,,0.0,0.0,30.0,150.0,8.950170898437499,20.9501708984375,Leave_One_experiments/all_year_offline_schedule_search/daily_outputs/FQA/FQA_2022_FQA2022_normal_grid_S0013_daily.csv
FQA,FQA,Fengqiu,2022,Leave_One_experiments\wth_generated_qc\FQA\FQA2022.WTH,normal_year;nitrogen_stress_year;low_response_year,normal,FQA2022_normal_grid_S0013,irrigation_positive_candidate,2022-08-03,215,59,54,"{""sim_day"": 59.0, ""doy"": 215.0, ""topwt"": 4608.7933349609375, ""grnwt"": 0.0, ""xlai"": 2.502932548522949, ""totir"": 0.0, ""tofer"": NaN, ""swfac"": 0.0, ""nstres"": 0.0}",0.0,0.0,4608.7933349609375,0.0,2.502932548522949,0.0,,0.0,0.0,30.0,150.0,8.950170898437499,20.9501708984375,Leave_One_experiments/all_year_offline_schedule_search/daily_outputs/FQA/FQA_2022_FQA2022_normal_grid_S0013_daily.csv
FQA,FQA,Fengqiu,2022,Leave_One_experiments\wth_generated_qc\FQA\FQA2022.WTH,normal_year;nitrogen_stress_year;low_response_year,normal,FQA2022_normal_grid_S0013,irrigation_positive_candidate,2022-08-04,216,60,55,"{""sim_day"": 60.0, ""doy"": 216.0, ""topwt"": 4870.475769042969, ""grnwt"": 0.0, ""xlai"": 2.569435834884644, ""totir"": 0.0, ""tofer"": NaN, ""swfac"": 0.0, ""nstres"": 0.0}",0.0,0.0,4870.475769042969,0.0,2.569435834884644,0.0,,0.0,0.0,30.0,150.0,8.950170898437499,20.9501708984375,Leave_One_experiments/all_year_offline_schedule_search/daily_outputs/FQA/FQA_2022_FQA2022_normal_grid_S0013_daily.csv
FQA,FQA,Fengqiu,2022,Leave_One_experiments\wth_generated_qc\FQA\FQA2022.WTH,normal_year;nitrogen_stress_year;low_response_year,normal,FQA2022_normal_grid_S0013,irrigation_positive_candidate,2022-08-05,217,61,56,"{""sim_day"": 61.0, ""doy"": 217.0, ""topwt"": 5169.586791992188, ""grnwt"": 0.0, ""xlai"": 2.64535927772522, ""totir"": 0.0, ""tofer"": NaN, ""swfac"": 0.0, ""nstres"": 0.0}",0.0,0.0,5169.586791992188,0.0,2.64535927772522,0.0,,0.0,0.0,30.0,150.0,8.950170898437499,20.9501708984375,Leave_One_experiments/all_year_offline_schedule_search/daily_outputs/FQA/FQA_2022_FQA2022_normal_grid_S0013_daily.csv
FQA,FQA,Fengqiu,2022,Leave_One_experiments\wth_generated_qc\FQA\FQA2022.WTH,normal_year;nitrogen_stress_year;low_response_year,normal,FQA2022_normal_grid_S0013,irrigation_positive_candidate,2022-08-06,218,62,57,"{""sim_day"": 62.0, ""doy"": 218.0, ""topwt"": 5406.3214111328125, ""grnwt"": 0.0, ""xlai"": 2.511995792388916, ""totir"": 0.0, ""tofer"": NaN, ""swfac"": 0.0, ""nstres"": 0.0}",0.0,0.0,5406.3214111328125,0.0,2.511995792388916,0.0,,0.0,0.0,30.0,150.0,8.950170898437499,20.9501708984375,Leave_One_experiments/all_year_offline_schedule_search/daily_outputs/FQA/FQA_2022_FQA2022_normal_grid_S0013_daily.csv
FQA,FQA,Fengqiu,2022,Leave_One_experiments\wth_generated_qc\FQA\FQA2022.WTH,normal_year;nitrogen_stress_year;low_response_year,normal,FQA2022_normal_grid_S0013,irrigation_positive_candidate,2022-08-07,219,63,58,"{""sim_day"": 63.0, ""doy"": 219.0, ""topwt"": 5582.251586914063, ""grnwt"": 0.0, ""xlai"": 2.4967429637908936, ""totir"": 0.0, ""tofer"": NaN, ""swfac"": 0.0, ""nstres"": 0.0}",0.0,0.0,5582.251586914063,0.0,2.4967429637908936,0.0,,0.0,0.0,30.0,150.0,8.950170898437499,20.9501708984375,Leave_One_experiments/all_year_offline_schedule_search/daily_outputs/FQA/FQA_2022_FQA2022_normal_grid_S0013_daily.csv
FQA,FQA,Fengqiu,2022,Leave_One_experiments\wth_generated_qc\FQA\FQA2022.WTH,normal_year;nitrogen_stress_year;low_response_year,normal,FQA2022_normal_grid_S0013,irrigation_positive_candidate,2022-08-08,220,64,59,"{""sim_day"": 64.0, ""doy"": 220.0, ""topwt"": 5650.989990234375, ""grnwt"": 0.0, ""xlai"": 2.485300302505493, ""totir"": 0.0, ""tofer"": NaN, ""swfac"": 0.0, ""nstres"": 0.0}",0.0,0.0,5650.989990234375,0.0,2.485300302505493,0.0,,0.0,0.0,30.0,150.0,8.950170898437499,20.9501708984375,Leave_One_experiments/all_year_offline_schedule_search/daily_outputs/FQA/FQA_2022_FQA2022_normal_grid_S0013_daily.csv
FQA,FQA,Fengqiu,2022,Leave_One_experiments\wth_generated_qc\FQA\FQA2022.WTH,normal_year;nitrogen_stress_year;low_response_year,normal,FQA2022_normal_grid_S0013,irrigation_positive_candidate,2022-08-09,221,65,60,"{""sim_day"": 65.0, ""doy"": 221.0, ""topwt"": 5864.267578125, ""grnwt"": 0.0, ""xlai"": 2.474653482437134, ""totir"": 0.0, ""tofer"": NaN, ""swfac"": 0.0, ""nstres"": 0.0}",0.0,0.0,5864.267578125,0.0,2.474653482437134,0.0,,0.0,50.0,30.0,150.0,8.950170898437499,20.9501708984375,Leave_One_experiments/all_year_offline_schedule_search/daily_outputs/FQA/FQA_2022_FQA2022_normal_grid_S0013_daily.csv
FQA,FQA,Fengqiu,2022,Leave_One_experiments\wth_generated_qc\FQA\FQA2022.WTH,normal_year;nitrogen_stress_year;low_response_year,normal,FQA2022_normal_grid_S0013,irrigation_positive_candidate,2022-08-10,222,66,61,"{""sim_day"": 66.0, ""doy"": 222.0, ""topwt"": 6054.013671875, ""grnwt"": 0.0, ""xlai"": 2.4612207412719727, ""totir"": 0.0, ""tofer"": NaN, ""swfac"": 0.0, ""nstres"": 0.0}",0.0,0.0,6054.013671875,0.0,2.4612207412719727,0.0,,0.0,0.0,30.0,150.0,8.950170898437499,20.9501708984375,Leave_One_experiments/all_year_offline_schedule_search/daily_outputs/FQA/FQA_2022_FQA2022_normal_grid_S0013_daily.csv
FQA,FQA,Fengqiu,2022,Leave_One_experiments\wth_generated_qc\FQA\FQA2022.WTH,normal_year;nitrogen_stress_year;low_response_year,normal,FQA2022_normal_grid_S0013,irrigation_positive_candidate,2022-08-11,223,67,62,"{""sim_day"": 67.0, ""doy"": 223.0, ""topwt"": 6368.651123046875, ""grnwt"": 0.0, ""xlai"": 2.4463682174682617, ""totir"": 0.0, ""tofer"": NaN, ""swfac"": 0.0, ""nstres"": 0.0}",0.0,0.0,6368.651123046875,0.0,2.4463682174682617,0.0,,0.0,0.0,30.0,150.0,8.950170898437499,20.9501708984375,Leave_One_experiments/all_year_offline_schedule_search/daily_outputs/FQA/FQA_2022_FQA2022_normal_grid_S0013_daily.csv
FQA,FQA,Fengqiu,2022,Leave_One_experiments\wth_generated_qc\FQA\FQA2022.WTH,normal_year;nitrogen_stress_year;low_response_year,normal,FQA2022_normal_grid_S0013,irrigation_positive_candidate,2022-08-12,224,68,63,"{""sim_day"": 68.0, ""doy"": 224.0, ""topwt"": 6594.716796875, ""grnwt"": 0.0, ""xlai"": 2.431119203567505, ""totir"": 0.0, ""tofer"": NaN, ""swfac"": 0.0, ""nstres"": 0.0}",0.0,0.0,6594.716796875,0.0,2.431119203567505,0.0,,0.0,0.0,30.0,150.0,8.950170898437499,20.9501708984375,Leave_One_experiments/all_year_offline_schedule_search/daily_outputs/FQA/FQA_2022_FQA2022_normal_grid_S0013_daily.csv
FQA,FQA,Fengqiu,2022,Leave_One_experiments\wth_generated_qc\FQA\FQA2022.WTH,normal_year;nitrogen_stress_year;low_response_year,normal,FQA2022_normal_grid_S0013,irrigation_positive_candidate,2022-08-13,225,69,64,"{""sim_day"": 69.0, ""doy"": 225.0, ""topwt"": 6840.831298828125, ""grnwt"": 0.0, ""xlai"": 2.4159963130950928, ""totir"": 0.0, ""tofer"": NaN, ""swfac"": 0.0, ""nstres"": 0.0}",0.0,0.0,6840.831298828125,0.0,2.4159963130950928,0.0,,0.0,0.0,30.0,150.0,8.950170898437499,20.9501708984375,Leave_One_experiments/all_year_offline_schedule_search/daily_outputs/FQA/FQA_2022_FQA2022_normal_grid_S0013_daily.csv
FQA,FQA,Fengqiu,2022,Leave_One_experiments\wth_generated_qc\FQA\FQA2022.WTH,normal_year;nitrogen_stress_year;low_response_year,normal,FQA2022_normal_grid_S0013,irrigation_positive_candidate,2022-08-14,226,70,65,"{""sim_day"": 70.0, ""doy"": 226.0, ""topwt"": 6984.697265625, ""grnwt"": 143.86651039123535, ""xlai"": 2.3533823490142822, ""totir"": 30.0, ""tofer"": NaN, ""swfac"": 0.0, ""nstres"": 0.0}",0.0,0.0,6984.697265625,143.86651039123535,2.3533823490142822,30.0,,30.0,0.0,30.0,150.0,8.950170898437499,20.9501708984375,Leave_One_experiments/all_year_offline_schedule_search/daily_outputs/FQA/FQA_2022_FQA2022_normal_grid_S0013_daily.csv
FQA,FQA,Fengqiu,2022,Leave_One_experiments\wth_generated_qc\FQA\FQA2022.WTH,normal_year;nitrogen_stress_year;low_response_year,normal,FQA2022_normal_grid_S0013,irrigation_positive_candidate,2022-08-15,227,71,66,"{""sim_day"": 71.0, ""doy"": 227.0, ""topwt"": 7090.8642578125, ""grnwt"": 511.2394714355469, ""xlai"": 2.340726137161255, ""totir"": 30.0, ""tofer"": NaN, ""swfac"": 0.0, ""nstres"": 0.0}",0.0,0.0,7090.8642578125,511.2394714355469,2.340726137161255,30.0,,0.0,0.0,30.0,150.0,8.950170898437499,20.9501708984375,Leave_One_experiments/all_year_offline_schedule_search/daily_outputs/FQA/FQA_2022_FQA2022_normal_grid_S0013_daily.csv
FQA,FQA,Fengqiu,2022,Leave_One_experiments\wth_generated_qc\FQA\FQA2022.WTH,normal_year;nitrogen_stress_year;low_response_year,normal,FQA2022_normal_grid_S0013,irrigation_positive_candidate,2022-08-16,228,72,67,"{""sim_day"": 72.0, ""doy"": 228.0, ""topwt"": 7381.3250732421875, ""grnwt"": 868.3363342285156, ""xlai"": 2.3251426219940186, ""totir"": 30.0, ""tofer"": NaN, ""swfac"": 0.0, ""nstres"": 0.0}",0.0,0.0,7381.3250732421875,868.3363342285156,2.3251426219940186,30.0,,0.0,0.0,30.0,150.0,8.950170898437499,20.9501708984375,Leave_One_experiments/all_year_offline_schedule_search/daily_outputs/FQA/FQA_2022_FQA2022_normal_grid_S0013_daily.csv
FQA,FQA,Fengqiu,2022,Leave_One_experiments\wth_generated_qc\FQA\FQA2022.WTH,normal_year;nitrogen_stress_year;low_response_year,normal,FQA2022_normal_grid_S0013,irrigation_positive_candidate,2022-08-17,229,73,68,"{""sim_day"": 73.0, ""doy"": 229.0, ""topwt"": 7646.46484375, ""grnwt"": 1094.4120025634766, ""xlai"": 2.304165840148926, ""totir"": 30.0, ""tofer"": NaN, ""swfac"": 0.0, ""nstres"": 0.0}",0.0,0.0,7646.46484375,1094.4120025634766,2.304165840148926,30.0,,0.0,0.0,30.0,150.0,8.950170898437499,20.9501708984375,Leave_One_experiments/all_year_offline_schedule_search/daily_outputs/FQA/FQA_2022_FQA2022_normal_grid_S0013_daily.csv
FQA,FQA,Fengqiu,2022,Leave_One_experiments\wth_generated_qc\FQA\FQA2022.WTH,normal_year;nitrogen_stress_year;low_response_year,normal,FQA2022_normal_grid_S0013,irrigation_positive_candidate,2022-08-18,230,74,69,"{""sim_day"": 74.0, ""doy"": 230.0, ""topwt"": 7913.1317138671875, ""grnwt"": 1320.4876708984375, ""xlai"": 2.278608083724976, ""totir"": 30.0, ""tofer"": NaN, ""swfac"": 0.0, ""nstres"": 0.0}",0.0,0.0,7913.1317138671875,1320.4876708984375,2.278608083724976,30.0,,0.0,0.0,30.0,150.0,8.950170898437499,20.9501708984375,Leave_One_experiments/all_year_offline_schedule_search/daily_outputs/FQA/FQA_2022_FQA2022_normal_grid_S0013_daily.csv
FQA,FQA,Fengqiu,2022,Leave_One_experiments\wth_generated_qc\FQA\FQA2022.WTH,normal_year;nitrogen_stress_year;low_response_year,normal,FQA2022_normal_grid_S0013,irrigation_positive_candidate,2022-08-19,231,75,70,"{""sim_day"": 75.0, ""doy"": 231.0, ""topwt"": 8169.9609375, ""grnwt"": 1659.6011352539062, ""xlai"": 2.251491069793701, ""totir"": 30.0, ""tofer"": NaN, ""swfac"": 0.0, ""nstres"": 0.0}",0.0,0.0,8169.9609375,1659.6011352539062,2.251491069793701,30.0,,0.0,0.0,30.0,150.0,8.950170898437499,20.9501708984375,Leave_One_experiments/all_year_offline_schedule_search/daily_outputs/FQA/FQA_2022_FQA2022_normal_grid_S0013_daily.csv
FQA,FQA,Fengqiu,2022,Leave_One_experiments\wth_generated_qc\FQA\FQA2022.WTH,normal_year;nitrogen_stress_year;low_response_year,normal,FQA2022_normal_grid_S0013,irrigation_positive_candidate,2022-08-20,232,76,71,"{""sim_day"": 76.0, ""doy"": 232.0, ""topwt"": 8501.2109375, ""grnwt"": 1985.8694458007808, ""xlai"": 2.220015287399292, ""totir"": 30.0, ""tofer"": NaN, ""swfac"": 0.0, ""nstres"": 0.0}",0.0,0.0,8501.2109375,1985.8694458007808,2.220015287399292,30.0,,0.0,0.0,30.0,150.0,8.950170898437499,20.9501708984375,Leave_One_experiments/all_year_offline_schedule_search/daily_outputs/FQA/FQA_2022_FQA2022_normal_grid_S0013_daily.csv
FQA,FQA,Fengqiu,2022,Leave_One_experiments\wth_generated_qc\FQA\FQA2022.WTH,normal_year;nitrogen_stress_year;low_response_year,normal,FQA2022_normal_grid_S0013,irrigation_positive_candidate,2022-08-21,233,77,72,"{""sim_day"": 77.0, ""doy"": 233.0, ""topwt"": 8681.685791015625, ""grnwt"": 2227.3594665527344, ""xlai"": 2.180718421936035, ""totir"": 30.0, ""tofer"": NaN, ""swfac"": 0.0, ""nstres"": 0.0}",0.0,0.0,8681.685791015625,2227.3594665527344,2.180718421936035,30.0,,0.0,0.0,30.0,150.0,8.950170898437499,20.9501708984375,Leave_One_experiments/all_year_offline_schedule_search/daily_outputs/FQA/FQA_2022_FQA2022_normal_grid_S0013_daily.csv
FQA,FQA,Fengqiu,2022,Leave_One_experiments\wth_generated_qc\FQA\FQA2022.WTH,normal_year;nitrogen_stress_year;low_response_year,normal,FQA2022_normal_grid_S0013,irrigation_positive_candidate,2022-08-22,234,78,73,"{""sim_day"": 78.0, ""doy"": 234.0, ""topwt"": 9033.22021484375, ""grnwt"": 2638.4060668945312, ""xlai"": 2.14328670501709, ""totir"": 30.0, ""tofer"": NaN, ""swfac"": 0.0, ""nstres"": 0.0}",0.0,0.0,9033.22021484375,2638.4060668945312,2.14328670501709,30.0,,0.0,0.0,30.0,150.0,8.950170898437499,20.9501708984375,Leave_One_experiments/all_year_offline_schedule_search/daily_outputs/FQA/FQA_2022_FQA2022_normal_grid_S0013_daily.csv
FQA,FQA,Fengqiu,2022,Leave_One_experiments\wth_generated_qc\FQA\FQA2022.WTH,normal_year;nitrogen_stress_year;low_response_year,normal,FQA2022_normal_grid_S0013,irrigation_positive_candidate,2022-08-23,235,79,74,"{""sim_day"": 79.0, ""doy"": 235.0, ""topwt"": 9368.916015625, ""grnwt"": 3049.4528198242188, ""xlai"": 2.106719970703125, ""totir"": 30.0, ""tofer"": NaN, ""swfac"": 0.0, ""nstres"": 0.0}",0.0,0.0,9368.916015625,3049.4528198242188,2.106719970703125,30.0,,0.0,0.0,30.0,150.0,8.950170898437499,20.9501708984375,Leave_One_experiments/all_year_offline_schedule_search/daily_outputs/FQA/FQA_2022_FQA2022_normal_grid_S0013_daily.csv
FQA,FQA,Fengqiu,2022,Leave_One_experiments\wth_generated_qc\FQA\FQA2022.WTH,normal_year;nitrogen_stress_year;low_response_year,normal,FQA2022_normal_grid_S0013,irrigation_positive_candidate,2022-08-24,236,80,75,"{""sim_day"": 80.0, ""doy"": 236.0, ""topwt"": 9154.539184570312, ""grnwt"": 3096.8081665039062, ""xlai"": 2.0689504146575928, ""totir"": 30.0, ""tofer"": NaN, ""swfac"": 0.0, ""nstres"": 0.0}",0.0,0.0,9154.539184570312,3096.8081665039062,2.0689504146575928,30.0,,0.0,0.0,30.0,150.0,8.950170898437499,20.9501708984375,Leave_One_experiments/all_year_offline_schedule_search/daily_outputs/FQA/FQA_2022_FQA2022_normal_grid_S0013_daily.csv
FQA,FQA,Fengqiu,2022,Leave_One_experiments\wth_generated_qc\FQA\FQA2022.WTH,normal_year;nitrogen_stress_year;low_response_year,normal,FQA2022_normal_grid_S0013,irrigation_positive_candidate,2022-08-25,237,81,76,"{""sim_day"": 81.0, ""doy"": 237.0, ""topwt"": 9374.801025390623, ""grnwt"": 3317.0703125, ""xlai"": 2.02671480178833, ""totir"": 30.0, ""tofer"": NaN, ""swfac"": 0.0, ""nstres"": 0.0}",0.0,0.0,9374.801025390623,3317.0703125,2.02671480178833,30.0,,0.0,0.0,30.0,150.0,8.950170898437499,20.9501708984375,Leave_One_experiments/all_year_offline_schedule_search/daily_outputs/FQA/FQA_2022_FQA2022_normal_grid_S0013_daily.csv
FQA,FQA,Fengqiu,2022,Leave_One_experiments\wth_generated_qc\FQA\FQA2022.WTH,normal_year;nitrogen_stress_year;low_response_year,normal,FQA2022_normal_grid_S0013,irrigation_positive_candidate,2022-08-26,238,82,77,"{""sim_day"": 82.0, ""doy"": 238.0, ""topwt"": 9461.42822265625, ""grnwt"": 3403.697509765625, ""xlai"": 1.9875296354293823, ""totir"": 30.0, ""tofer"": NaN, ""swfac"": 0.0, ""nstres"": 0.0}",0.0,0.0,9461.42822265625,3403.697509765625,1.9875296354293823,30.0,,0.0,0.0,30.0,150.0,8.950170898437499,20.9501708984375,Leave_One_experiments/all_year_offline_schedule_search/daily_outputs/FQA/FQA_2022_FQA2022_normal_grid_S0013_daily.csv
FQA,FQA,Fengqiu,2022,Leave_One_experiments\wth_generated_qc\FQA\FQA2022.WTH,normal_year;nitrogen_stress_year;low_response_year,normal,FQA2022_normal_grid_S0013,irrigation_positive_candidate,2022-08-27,239,83,78,"{""sim_day"": 83.0, ""doy"": 239.0, ""topwt"": 9494.808959960938, ""grnwt"": 3437.0782470703125, ""xlai"": 1.9552345275878904, ""totir"": 30.0, ""tofer"": NaN, ""swfac"": 0.0, ""nstres"": 0.0}",0.0,0.0,9494.808959960938,3437.0782470703125,1.9552345275878904,30.0,,0.0,0.0,30.0,150.0,8.950170898437499,20.9501708984375,Leave_One_experiments/all_year_offline_schedule_search/daily_outputs/FQA/FQA_2022_FQA2022_normal_grid_S0013_daily.csv
FQA,FQA,Fengqiu,2022,Leave_One_experiments\wth_generated_qc\FQA\FQA2022.WTH,normal_year;nitrogen_stress_year;low_response_year,normal,FQA2022_normal_grid_S0013,irrigation_positive_candidate,2022-08-28,240,84,79,"{""sim_day"": 84.0, ""doy"": 240.0, ""topwt"": 9609.943237304688, ""grnwt"": 3552.2125244140625, ""xlai"": 1.9184874296188357, ""totir"": 30.0, ""tofer"": NaN, ""swfac"": 0.0, ""nstres"": 0.0}",0.0,0.0,9609.943237304688,3552.2125244140625,1.9184874296188357,30.0,,0.0,0.0,30.0,150.0,8.950170898437499,20.9501708984375,Leave_One_experiments/all_year_offline_schedule_search/daily_outputs/FQA/FQA_2022_FQA2022_normal_grid_S0013_daily.csv
FQA,FQA,Fengqiu,2022,Leave_One_experiments\wth_generated_qc\FQA\FQA2022.WTH,normal_year;nitrogen_stress_year;low_response_year,normal,FQA2022_normal_grid_S0013,irrigation_positive_candidate,2022-08-29,241,85,80,"{""sim_day"": 85.0, ""doy"": 241.0, ""topwt"": 9736.527709960938, ""grnwt"": 3678.796997070313, ""xlai"": 1.878515601158142, ""totir"": 30.0, ""tofer"": NaN, ""swfac"": 0.0, ""nstres"": 0.0}",0.0,0.0,9736.527709960938,3678.796997070313,1.878515601158142,30.0,,0.0,0.0,30.0,150.0,8.950170898437499,20.9501708984375,Leave_One_experiments/all_year_offline_schedule_search/daily_outputs/FQA/FQA_2022_FQA2022_normal_grid_S0013_daily.csv
FQA,FQA,Fengqiu,2022,Leave_One_experiments\wth_generated_qc\FQA\FQA2022.WTH,normal_year;nitrogen_stress_year;low_response_year,normal,FQA2022_normal_grid_S0013,irrigation_positive_candidate,2022-08-30,242,86,81,"{""sim_day"": 86.0, ""doy"": 242.0, ""topwt"": 10044.318237304688, ""grnwt"": 3986.587219238281, ""xlai"": 1.8252112865448, ""totir"": 30.0, ""tofer"": NaN, ""swfac"": 0.0, ""nstres"": 0.0}",0.0,0.0,10044.318237304688,3986.587219238281,1.8252112865448,30.0,,0.0,0.0,30.0,150.0,8.950170898437499,20.9501708984375,Leave_One_experiments/all_year_offline_schedule_search/daily_outputs/FQA/FQA_2022_FQA2022_normal_grid_S0013_daily.csv
FQA,FQA,Fengqiu,2022,Leave_One_experiments\wth_generated_qc\FQA\FQA2022.WTH,normal_year;nitrogen_stress_year;low_response_year,normal,FQA2022_normal_grid_S0013,irrigation_positive_candidate,2022-08-31,243,87,82,"{""sim_day"": 87.0, ""doy"": 243.0, ""topwt"": 10361.42333984375, ""grnwt"": 4303.6920166015625, ""xlai"": 1.7628158330917358, ""totir"": 30.0, ""tofer"": NaN, ""swfac"": 0.0, ""nstres"": 0.0}",0.0,0.0,10361.42333984375,4303.6920166015625,1.7628158330917358,30.0,,0.0,0.0,30.0,150.0,8.950170898437499,20.9501708984375,Leave_One_experiments/all_year_offline_schedule_search/daily_outputs/FQA/FQA_2022_FQA2022_normal_grid_S0013_daily.csv
FQA,FQA,Fengqiu,2022,Leave_One_experiments\wth_generated_qc\FQA\FQA2022.WTH,normal_year;nitrogen_stress_year;low_response_year,normal,FQA2022_normal_grid_S0013,irrigation_positive_candidate,2022-09-01,244,88,83,"{""sim_day"": 88.0, ""doy"": 244.0, ""topwt"": 10638.4765625, ""grnwt"": 4580.745849609375, ""xlai"": 1.6989171504974363, ""totir"": 30.0, ""tofer"": NaN, ""swfac"": 0.0, ""nstres"": 0.0}",0.0,0.0,10638.4765625,4580.745849609375,1.6989171504974363,30.0,,0.0,0.0,30.0,150.0,8.950170898437499,20.9501708984375,Leave_One_experiments/all_year_offline_schedule_search/daily_outputs/FQA/FQA_2022_FQA2022_normal_grid_S0013_daily.csv
FQA,FQA,Fengqiu,2022,Leave_One_experiments\wth_generated_qc\FQA\FQA2022.WTH,normal_year;nitrogen_stress_year;low_response_year,normal,FQA2022_normal_grid_S0013,irrigation_positive_candidate,2022-09-02,245,89,84,"{""sim_day"": 89.0, ""doy"": 245.0, ""topwt"": 10802.98095703125, ""grnwt"": 4745.2490234375, ""xlai"": 1.6343812942504885, ""totir"": 30.0, ""tofer"": NaN, ""swfac"": 0.0, ""nstres"": 0.0}",0.0,0.0,10802.98095703125,4745.2490234375,1.6343812942504885,30.0,,0.0,0.0,30.0,150.0,8.950170898437499,20.9501708984375,Leave_One_experiments/all_year_offline_schedule_search/daily_outputs/FQA/FQA_2022_FQA2022_normal_grid_S0013_daily.csv
FQA,FQA,Fengqiu,2022,Leave_One_experiments\wth_generated_qc\FQA\FQA2022.WTH,normal_year;nitrogen_stress_year;low_response_year,normal,FQA2022_normal_grid_S0013,irrigation_positive_candidate,2022-09-03,246,90,85,"{""sim_day"": 90.0, ""doy"": 246.0, ""topwt"": 11087.78076171875, ""grnwt"": 5030.050048828125, ""xlai"": 1.5621495246887207, ""totir"": 30.0, ""tofer"": NaN, ""swfac"": 0.0, ""nstres"": 0.0}",0.0,0.0,11087.78076171875,5030.050048828125,1.5621495246887207,30.0,,0.0,0.0,30.0,150.0,8.950170898437499,20.9501708984375,Leave_One_experiments/all_year_offline_schedule_search/daily_outputs/FQA/FQA_2022_FQA2022_normal_grid_S0013_daily.csv
FQA,FQA,Fengqiu,2022,Leave_One_experiments\wth_generated_qc\FQA\FQA2022.WTH,normal_year;nitrogen_stress_year;low_response_year,normal,FQA2022_normal_grid_S0013,irrigation_positive_candidate,2022-09-04,247,91,86,"{""sim_day"": 91.0, ""doy"": 247.0, ""topwt"": 11373.9453125, ""grnwt"": 5316.2139892578125, ""xlai"": 1.4793933629989624, ""totir"": 30.0, ""tofer"": NaN, ""swfac"": 0.0, ""nstres"": 0.0}",0.0,0.0,11373.9453125,5316.2139892578125,1.4793933629989624,30.0,,0.0,0.0,30.0,150.0,8.950170898437499,20.9501708984375,Leave_One_experiments/all_year_offline_schedule_search/daily_outputs/FQA/FQA_2022_FQA2022_normal_grid_S0013_daily.csv
FQA,FQA,Fengqiu,2022,Leave_One_experiments\wth_generated_qc\FQA\FQA2022.WTH,normal_year;nitrogen_stress_year;low_response_year,normal,FQA2022_normal_grid_S0013,irrigation_positive_candidate,2022-09-05,248,92,87,"{""sim_day"": 92.0, ""doy"": 248.0, ""topwt"": 11649.97314453125, ""grnwt"": 5592.242431640625, ""xlai"": 1.3875184059143066, ""totir"": 30.0, ""tofer"": NaN, ""swfac"": 0.0, ""nstres"": 0.0}",0.0,0.0,11649.97314453125,5592.242431640625,1.3875184059143066,30.0,,0.0,0.0,30.0,150.0,8.950170898437499,20.9501708984375,Leave_One_experiments/all_year_offline_schedule_search/daily_outputs/FQA/FQA_2022_FQA2022_normal_grid_S0013_daily.csv
FQA,FQA,Fengqiu,2022,Leave_One_experiments\wth_generated_qc\FQA\FQA2022.WTH,normal_year;nitrogen_stress_year;low_response_year,normal,FQA2022_normal_grid_S0013,irrigation_positive_candidate,2022-09-06,249,93,88,"{""sim_day"": 93.0, ""doy"": 249.0, ""topwt"": 11920.95458984375, ""grnwt"": 5863.22265625, ""xlai"": 1.3010797500610352, ""totir"": 30.0, ""tofer"": NaN, ""swfac"": 0.0, ""nstres"": 0.0}",0.0,0.0,11920.95458984375,5863.22265625,1.3010797500610352,30.0,,0.0,0.0,30.0,150.0,8.950170898437499,20.9501708984375,Leave_One_experiments/all_year_offline_schedule_search/daily_outputs/FQA/FQA_2022_FQA2022_normal_grid_S0013_daily.csv
FQA,FQA,Fengqiu,2022,Leave_One_experiments\wth_generated_qc\FQA\FQA2022.WTH,normal_year;nitrogen_stress_year;low_response_year,normal,FQA2022_normal_grid_S0013,irrigation_positive_candidate,2022-09-07,250,94,89,"{""sim_day"": 94.0, ""doy"": 250.0, ""topwt"": 12121.04736328125, ""grnwt"": 6063.316650390625, ""xlai"": 1.209499716758728, ""totir"": 30.0, ""tofer"": NaN, ""swfac"": 0.0, ""nstres"": 0.0}",0.0,0.0,12121.04736328125,6063.316650390625,1.209499716758728,30.0,,0.0,0.0,30.0,150.0,8.950170898437499,20.9501708984375,Leave_One_experiments/all_year_offline_schedule_search/daily_outputs/FQA/FQA_2022_FQA2022_normal_grid_S0013_daily.csv
FQA,FQA,Fengqiu,2022,Leave_One_experiments\wth_generated_qc\FQA\FQA2022.WTH,normal_year;nitrogen_stress_year;low_response_year,normal,FQA2022_normal_grid_S0013,irrigation_positive_candidate,2022-09-08,251,95,90,"{""sim_day"": 95.0, ""doy"": 251.0, ""topwt"": 12202.7490234375, ""grnwt"": 6145.01708984375, ""xlai"": 1.1084764003753662, ""totir"": 30.0, ""tofer"": NaN, ""swfac"": 0.0, ""nstres"": 0.0}",0.0,0.0,12202.7490234375,6145.01708984375,1.1084764003753662,30.0,,0.0,0.0,30.0,150.0,8.950170898437499,20.9501708984375,Leave_One_experiments/all_year_offline_schedule_search/daily_outputs/FQA/FQA_2022_FQA2022_normal_grid_S0013_daily.csv
FQA,FQA,Fengqiu,2022,Leave_One_experiments\wth_generated_qc\FQA\FQA2022.WTH,normal_year;nitrogen_stress_year;low_response_year,normal,FQA2022_normal_grid_S0013,irrigation_positive_candidate,2022-09-09,252,96,91,"{""sim_day"": 96.0, ""doy"": 252.0, ""topwt"": 12202.7490234375, ""grnwt"": 6145.01708984375, ""xlai"": 1.1084764003753662, ""totir"": 30.0, ""tofer"": NaN, ""swfac"": 0.0, ""nstres"": 0.0}",0.0,0.0,12202.7490234375,6145.01708984375,1.1084764003753662,30.0,,0.0,0.0,30.0,150.0,8.950170898437499,20.9501708984375,Leave_One_experiments/all_year_offline_schedule_search/daily_outputs/FQA/FQA_2022_FQA2022_normal_grid_S0013_daily.csv
FQA,FQA,Fengqiu,2022,Leave_One_experiments\wth_generated_qc\FQA\FQA2022.WTH,normal_year;nitrogen_stress_year;low_response_year,normal,FQA2022_normal_grid_S0013,irrigation_positive_candidate,2022-09-10,253,97,92,"{""sim_day"": 97.0, ""doy"": 253.0, ""topwt"": 12202.7490234375, ""grnwt"": 6145.01708984375, ""xlai"": 1.1084764003753662, ""totir"": 30.0, ""tofer"": NaN, ""swfac"": 0.0, ""nstres"": 0.0}",0.0,0.0,12202.7490234375,6145.01708984375,1.1084764003753662,30.0,,0.0,0.0,30.0,150.0,8.950170898437499,20.9501708984375,Leave_One_experiments/all_year_offline_schedule_search/daily_outputs/FQA/FQA_2022_FQA2022_normal_grid_S0013_daily.csv
FQA,FQA,Fengqiu,2022,Leave_One_experiments\wth_generated_qc\FQA\FQA2022.WTH,normal_year;nitrogen_stress_year;low_response_year,normal,FQA2022_normal_grid_S0013,irrigation_positive_candidate,2022-09-11,254,98,93,"{""sim_day"": 98.0, ""doy"": 254.0, ""topwt"": 12202.7490234375, ""grnwt"": 6145.01708984375, ""xlai"": 1.1084764003753662, ""totir"": 30.0, ""tofer"": NaN, ""swfac"": 0.0, ""nstres"": 0.0}",0.0,0.0,12202.7490234375,6145.01708984375,1.1084764003753662,30.0,,0.0,0.0,30.0,150.0,8.950170898437499,20.9501708984375,Leave_One_experiments/all_year_offline_schedule_search/daily_outputs/FQA/FQA_2022_FQA2022_normal_grid_S0013_daily.csv
FQA,FQA,Fengqiu,2022,Leave_One_experiments\wth_generated_qc\FQA\FQA2022.WTH,normal_year;nitrogen_stress_year;low_response_year,normal,FQA2022_normal_grid_S0010,low_input_within_10pct_yield,2022-06-11,162,1,1,"{""sim_day"": 1.0, ""doy"": 162.0, ""topwt"": 0.0, ""grnwt"": 0.0, ""xlai"": 0.0, ""totir"": 0.0, ""tofer"": NaN, ""swfac"": 0.0, ""nstres"": 0.0}",0.0,0.0,0.0,0.0,0.0,0.0,,0.0,50.0,0.0,150.0,23.93743896484375,23.93743896484375,Leave_One_experiments/all_year_offline_schedule_search/daily_outputs/FQA/FQA_2022_FQA2022_normal_grid_S0010_daily.csv
FQA,FQA,Fengqiu,2022,Leave_One_experiments\wth_generated_qc\FQA\FQA2022.WTH,normal_year;nitrogen_stress_year;low_response_year,normal,FQA2022_normal_grid_S0010,low_input_within_10pct_yield,2022-06-12,163,2,2,"{""sim_day"": 2.0, ""doy"": 163.0, ""topwt"": 0.0, ""grnwt"": 0.0, ""xlai"": 0.0, ""totir"": 0.0, ""tofer"": NaN, ""swfac"": 0.0, ""nstres"": 0.0}",0.0,0.0,0.0,0.0,0.0,0.0,,0.0,0.0,0.0,150.0,23.93743896484375,23.93743896484375,Leave_One_experiments/all_year_offline_schedule_search/daily_outputs/FQA/FQA_2022_FQA2022_normal_grid_S0010_daily.csv
FQA,FQA,Fengqiu,2022,Leave_One_experiments\wth_generated_qc\FQA\FQA2022.WTH,normal_year;nitrogen_stress_year;low_response_year,normal,FQA2022_normal_grid_S0010,low_input_within_10pct_yield,2022-06-13,164,3,3,"{""sim_day"": 3.0, ""doy"": 164.0, ""topwt"": 0.0, ""grnwt"": 0.0, ""xlai"": 0.0, ""totir"": 0.0, ""tofer"": NaN, ""swfac"": 0.0, ""nstres"": 0.0}",0.0,0.0,0.0,0.0,0.0,0.0,,0.0,0.0,0.0,150.0,23.93743896484375,23.93743896484375,Leave_One_experiments/all_year_offline_schedule_search/daily_outputs/FQA/FQA_2022_FQA2022_normal_grid_S0010_daily.csv
FQA,FQA,Fengqiu,2022,Leave_One_experiments\wth_generated_qc\FQA\FQA2022.WTH,normal_year;nitrogen_stress_year;low_response_year,normal,FQA2022_normal_grid_S0010,low_input_within_10pct_yield,2022-06-14,165,4,4,"{""sim_day"": 4.0, ""doy"": 165.0, ""topwt"": 0.0, ""grnwt"": 0.0, ""xlai"": 0.0, ""totir"": 0.0, ""tofer"": NaN, ""swfac"": 0.0, ""nstres"": 0.0}",0.0,0.0,0.0,0.0,0.0,0.0,,0.0,0.0,0.0,150.0,23.93743896484375,23.93743896484375,Leave_One_experiments/all_year_offline_schedule_search/daily_outputs/FQA/FQA_2022_FQA2022_normal_grid_S0010_daily.csv
FQA,FQA,Fengqiu,2022,Leave_One_experiments\wth_generated_qc\FQA\FQA2022.WTH,normal_year;nitrogen_stress_year;low_response_year,normal,FQA2022_normal_grid_S0010,low_input_within_10pct_yield,2022-06-15,166,5,5,"{""sim_day"": 5.0, ""doy"": 166.0, ""topwt"": 0.0, ""grnwt"": 0.0, ""xlai"": 0.0, ""totir"": 0.0, ""tofer"": NaN, ""swfac"": 0.0, ""nstres"": 0.0}",0.0,0.0,0.0,0.0,0.0,0.0,,0.0,0.0,0.0,150.0,23.93743896484375,23.93743896484375,Leave_One_experiments/all_year_offline_schedule_search/daily_outputs/FQA/FQA_2022_FQA2022_normal_grid_S0010_daily.csv
FQA,FQA,Fengqiu,2022,Leave_One_experiments\wth_generated_qc\FQA\FQA2022.WTH,normal_year;nitrogen_stress_year;low_response_year,normal,FQA2022_normal_grid_S0010,low_input_within_10pct_yield,2022-06-11,162,6,1,"{""sim_day"": 6.0, ""doy"": 162.0, ""topwt"": 0.0, ""grnwt"": 0.0, ""xlai"": 0.0, ""totir"": 0.0, ""tofer"": NaN, ""swfac"": 0.0, ""nstres"": 0.0}",0.0,0.0,0.0,0.0,0.0,0.0,,0.0,0.0,0.0,150.0,23.93743896484375,23.93743896484375,Leave_One_experiments/all_year_offline_schedule_search/daily_outputs/FQA/FQA_2022_FQA2022_normal_grid_S0010_daily.csv
FQA,FQA,Fengqiu,2022,Leave_One_experiments\wth_generated_qc\FQA\FQA2022.WTH,normal_year;nitrogen_stress_year;low_response_year,normal,FQA2022_normal_grid_S0010,low_input_within_10pct_yield,2022-06-12,163,7,2,"{""sim_day"": 7.0, ""doy"": 163.0, ""topwt"": 0.0, ""grnwt"": 0.0, ""xlai"": 0.0, ""totir"": 0.0, ""tofer"": NaN, ""swfac"": 0.0, ""nstres"": 0.0}",0.0,0.0,0.0,0.0,0.0,0.0,,0.0,0.0,0.0,150.0,23.93743896484375,23.93743896484375,Leave_One_experiments/all_year_offline_schedule_search/daily_outputs/FQA/FQA_2022_FQA2022_normal_grid_S0010_daily.csv
FQA,FQA,Fengqiu,2022,Leave_One_experiments\wth_generated_qc\FQA\FQA2022.WTH,normal_year;nitrogen_stress_year;low_response_year,normal,FQA2022_normal_grid_S0010,low_input_within_10pct_yield,2022-06-13,164,8,3,"{""sim_day"": 8.0, ""doy"": 164.0, ""topwt"": 0.0, ""grnwt"": 0.0, ""xlai"": 0.0, ""totir"": 0.0, ""tofer"": NaN, ""swfac"": 0.0, ""nstres"": 0.0}",0.0,0.0,0.0,0.0,0.0,0.0,,0.0,0.0,0.0,150.0,23.93743896484375,23.93743896484375,Leave_One_experiments/all_year_offline_schedule_search/daily_outputs/FQA/FQA_2022_FQA2022_normal_grid_S0010_daily.csv
FQA,FQA,Fengqiu,2022,Leave_One_experiments\wth_generated_qc\FQA\FQA2022.WTH,normal_year;nitrogen_stress_year;low_response_year,normal,FQA2022_normal_grid_S0010,low_input_within_10pct_yield,2022-06-14,165,9,4,"{""sim_day"": 9.0, ""doy"": 165.0, ""topwt"": 0.0, ""grnwt"": 0.0, ""xlai"": 0.0, ""totir"": 0.0, ""tofer"": NaN, ""swfac"": 0.0, ""nstres"": 0.0}",0.0,0.0,0.0,0.0,0.0,0.0,,0.0,0.0,0.0,150.0,23.93743896484375,23.93743896484375,Leave_One_experiments/all_year_offline_schedule_search/daily_outputs/FQA/FQA_2022_FQA2022_normal_grid_S0010_daily.csv
FQA,FQA,Fengqiu,2022,Leave_One_experiments\wth_generated_qc\FQA\FQA2022.WTH,normal_year;nitrogen_stress_year;low_response_year,normal,FQA2022_normal_grid_S0010,low_input_within_10pct_yield,2022-06-15,166,10,5,"{""sim_day"": 10.0, ""doy"": 166.0, ""topwt"": 32.00000047683716, ""grnwt"": 0.0, ""xlai"": 0.0035701750312, ""totir"": 0.0, ""tofer"": NaN, ""swfac"": 0.0, ""nstres"": 0.0121910572052001}",0.0,0.0121910572052001,32.00000047683716,0.0,0.0035701750312,0.0,,0.0,0.0,0.0,150.0,23.93743896484375,23.93743896484375,Leave_One_experiments/all_year_offline_schedule_search/daily_outputs/FQA/FQA_2022_FQA2022_normal_grid_S0010_daily.csv
FQA,FQA,Fengqiu,2022,Leave_One_experiments\wth_generated_qc\FQA\FQA2022.WTH,normal_year;nitrogen_stress_year;low_response_year,normal,FQA2022_normal_grid_S0010,low_input_within_10pct_yield,2022-06-16,167,11,6,"{""sim_day"": 11.0, ""doy"": 167.0, ""topwt"": 32.00000047683716, ""grnwt"": 0.0, ""xlai"": 0.007008318323642, ""totir"": 0.0, ""tofer"": NaN, ""swfac"": 0.0, ""nstres"": 0.0}",0.0,0.0,32.00000047683716,0.0,0.007008318323642,0.0,,0.0,0.0,0.0,150.0,23.93743896484375,23.93743896484375,Leave_One_experiments/all_year_offline_schedule_search/daily_outputs/FQA/FQA_2022_FQA2022_normal_grid_S0010_daily.csv
FQA,FQA,Fengqiu,2022,Leave_One_experiments\wth_generated_qc\FQA\FQA2022.WTH,normal_year;nitrogen_stress_year;low_response_year,normal,FQA2022_normal_grid_S0010,low_input_within_10pct_yield,2022-06-17,168,12,7,"{""sim_day"": 12.0, ""doy"": 168.0, ""topwt"": 32.00000047683716, ""grnwt"": 0.0, ""xlai"": 0.0106822215020656, ""totir"": 0.0, ""tofer"": NaN, ""swfac"": 0.0, ""nstres"": 0.0}",0.0,0.0,32.00000047683716,0.0,0.0106822215020656,0.0,,0.0,0.0,0.0,150.0,23.93743896484375,23.93743896484375,Leave_One_experiments/all_year_offline_schedule_search/daily_outputs/FQA/FQA_2022_FQA2022_normal_grid_S0010_daily.csv
FQA,FQA,Fengqiu,2022,Leave_One_experiments\wth_generated_qc\FQA\FQA2022.WTH,normal_year;nitrogen_stress_year;low_response_year,normal,FQA2022_normal_grid_S0010,low_input_within_10pct_yield,2022-06-18,169,13,8,"{""sim_day"": 13.0, ""doy"": 169.0, ""topwt"": 32.00000047683716, ""grnwt"": 0.0, ""xlai"": 0.0148607222363352, ""totir"": 0.0, ""tofer"": NaN, ""swfac"": 0.0, ""nstres"": 0.0}",0.0,0.0,32.00000047683716,0.0,0.0148607222363352,0.0,,0.0,0.0,0.0,150.0,23.93743896484375,23.93743896484375,Leave_One_experiments/all_year_offline_schedule_search/daily_outputs/FQA/FQA_2022_FQA2022_normal_grid_S0010_daily.csv
FQA,FQA,Fengqiu,2022,Leave_One_experiments\wth_generated_qc\FQA\FQA2022.WTH,normal_year;nitrogen_stress_year;low_response_year,normal,FQA2022_normal_grid_S0010,low_input_within_10pct_yield,2022-06-19,170,14,9,"{""sim_day"": 14.0, ""doy"": 170.0, ""topwt"": 32.00000047683716, ""grnwt"": 0.0, ""xlai"": 0.019414497539401, ""totir"": 0.0, ""tofer"": NaN, ""swfac"": 0.0, ""nstres"": 0.0}",0.0,0.0,32.00000047683716,0.0,0.019414497539401,0.0,,0.0,0.0,0.0,150.0,23.93743896484375,23.93743896484375,Leave_One_experiments/all_year_offline_schedule_search/daily_outputs/FQA/FQA_2022_FQA2022_normal_grid_S0010_daily.csv
FQA,FQA,Fengqiu,2022,Leave_One_experiments\wth_generated_qc\FQA\FQA2022.WTH,normal_year;nitrogen_stress_year;low_response_year,normal,FQA2022_normal_grid_S0010,low_input_within_10pct_yield,2022-06-20,171,15,10,"{""sim_day"": 15.0, ""doy"": 171.0, ""topwt"": 24.662752151489254, ""grnwt"": 0.0, ""xlai"": 0.035871110856533, ""totir"": 0.0, ""tofer"": NaN, ""swfac"": 0.0, ""nstres"": 0.0}",0.0,0.0,24.662752151489254,0.0,0.035871110856533,0.0,,0.0,0.0,0.0,150.0,23.93743896484375,23.93743896484375,Leave_One_experiments/all_year_offline_schedule_search/daily_outputs/FQA/FQA_2022_FQA2022_normal_grid_S0010_daily.csv
FQA,FQA,Fengqiu,2022,Leave_One_experiments\wth_generated_qc\FQA\FQA2022.WTH,normal_year;nitrogen_stress_year;low_response_year,normal,FQA2022_normal_grid_S0010,low_input_within_10pct_yield,2022-06-21,172,16,11,"{""sim_day"": 16.0, ""doy"": 172.0, ""topwt"": 31.10610008239746, ""grnwt"": 0.0, ""xlai"": 0.0558550953865051, ""totir"": 0.0, ""tofer"": NaN, ""swfac"": 0.0, ""nstres"": 0.0}",0.0,0.0,31.10610008239746,0.0,0.0558550953865051,0.0,,0.0,0.0,0.0,150.0,23.93743896484375,23.93743896484375,Leave_One_experiments/all_year_offline_schedule_search/daily_outputs/FQA/FQA_2022_FQA2022_normal_grid_S0010_daily.csv
FQA,FQA,Fengqiu,2022,Leave_One_experiments\wth_generated_qc\FQA\FQA2022.WTH,normal_year;nitrogen_stress_year;low_response_year,normal,FQA2022_normal_grid_S0010,low_input_within_10pct_yield,2022-06-22,173,17,12,"{""sim_day"": 17.0, ""doy"": 173.0, ""topwt"": 39.05759334564209, ""grnwt"": 0.0, ""xlai"": 0.0781869813799858, ""totir"": 0.0, ""tofer"": NaN, ""swfac"": 0.0, ""nstres"": 0.0}",0.0,0.0,39.05759334564209,0.0,0.0781869813799858,0.0,,0.0,0.0,0.0,150.0,23.93743896484375,23.93743896484375,Leave_One_experiments/all_year_offline_schedule_search/daily_outputs/FQA/FQA_2022_FQA2022_normal_grid_S0010_daily.csv
FQA,FQA,Fengqiu,2022,Leave_One_experiments\wth_generated_qc\FQA\FQA2022.WTH,normal_year;nitrogen_stress_year;low_response_year,normal,FQA2022_normal_grid_S0010,low_input_within_10pct_yield,2022-06-23,174,18,13,"{""sim_day"": 18.0, ""doy"": 174.0, ""topwt"": 48.82574081420898, ""grnwt"": 0.0, ""xlai"": 0.1035100445151329, ""totir"": 0.0, ""tofer"": NaN, ""swfac"": 0.0, ""nstres"": 0.0}",0.0,0.0,48.82574081420898,0.0,0.1035100445151329,0.0,,0.0,0.0,0.0,150.0,23.93743896484375,23.93743896484375,Leave_One_experiments/all_year_offline_schedule_search/daily_outputs/FQA/FQA_2022_FQA2022_normal_grid_S0010_daily.csv
FQA,FQA,Fengqiu,2022,Leave_One_experiments\wth_generated_qc\FQA\FQA2022.WTH,normal_year;nitrogen_stress_year;low_response_year,normal,FQA2022_normal_grid_S0010,low_input_within_10pct_yield,2022-06-24,175,19,14,"{""sim_day"": 19.0, ""doy"": 175.0, ""topwt"": 60.704970359802246, ""grnwt"": 0.0, ""xlai"": 0.1322498768568039, ""totir"": 0.0, ""tofer"": NaN, ""swfac"": 0.0, ""nstres"": 0.0}",0.0,0.0,60.704970359802246,0.0,0.1322498768568039,0.0,,0.0,0.0,0.0,150.0,23.93743896484375,23.93743896484375,Leave_One_experiments/all_year_offline_schedule_search/daily_outputs/FQA/FQA_2022_FQA2022_normal_grid_S0010_daily.csv
FQA,FQA,Fengqiu,2022,Leave_One_experiments\wth_generated_qc\FQA\FQA2022.WTH,normal_year;nitrogen_stress_year;low_response_year,normal,FQA2022_normal_grid_S0010,low_input_within_10pct_yield,2022-06-25,176,20,15,"{""sim_day"": 20.0, ""doy"": 176.0, ""topwt"": 74.46962833404541, ""grnwt"": 0.0, ""xlai"": 0.1635878682136535, ""totir"": 0.0, ""tofer"": NaN, ""swfac"": 0.0, ""nstres"": 0.0}",0.0,0.0,74.46962833404541,0.0,0.1635878682136535,0.0,,0.0,0.0,0.0,150.0,23.93743896484375,23.93743896484375,Leave_One_experiments/all_year_offline_schedule_search/daily_outputs/FQA/FQA_2022_FQA2022_normal_grid_S0010_daily.csv
FQA,FQA,Fengqiu,2022,Leave_One_experiments\wth_generated_qc\FQA\FQA2022.WTH,normal_year;nitrogen_stress_year;low_response_year,normal,FQA2022_normal_grid_S0010,low_input_within_10pct_yield,2022-06-26,177,21,16,"{""sim_day"": 21.0, ""doy"": 177.0, ""topwt"": 82.74718284606934, ""grnwt"": 0.0, ""xlai"": 0.1815807521343231, ""totir"": 0.0, ""tofer"": NaN, ""swfac"": 0.0, ""nstres"": 0.0}",0.0,0.0,82.74718284606934,0.0,0.1815807521343231,0.0,,0.0,0.0,0.0,150.0,23.93743896484375,23.93743896484375,Leave_One_experiments/all_year_offline_schedule_search/daily_outputs/FQA/FQA_2022_FQA2022_normal_grid_S0010_daily.csv
FQA,FQA,Fengqiu,2022,Leave_One_experiments\wth_generated_qc\FQA\FQA2022.WTH,normal_year;nitrogen_stress_year;low_response_year,normal,FQA2022_normal_grid_S0010,low_input_within_10pct_yield,2022-06-27,178,22,17,"{""sim_day"": 22.0, ""doy"": 178.0, ""topwt"": 97.98178672790527, ""grnwt"": 0.0, ""xlai"": 0.2136167734861374, ""totir"": 0.0, ""tofer"": NaN, ""swfac"": 0.0, ""nstres"": 0.0}",0.0,0.0,97.98178672790527,0.0,0.2136167734861374,0.0,,0.0,0.0,0.0,150.0,23.93743896484375,23.93743896484375,Leave_One_experiments/all_year_offline_schedule_search/daily_outputs/FQA/FQA_2022_FQA2022_normal_grid_S0010_daily.csv
FQA,FQA,Fengqiu,2022,Leave_One_experiments\wth_generated_qc\FQA\FQA2022.WTH,normal_year;nitrogen_stress_year;low_response_year,normal,FQA2022_normal_grid_S0010,low_input_within_10pct_yield,2022-06-28,179,23,18,"{""sim_day"": 23.0, ""doy"": 179.0, ""topwt"": 113.32667350769044, ""grnwt"": 0.0, ""xlai"": 0.2445864677429199, ""totir"": 0.0, ""tofer"": NaN, ""swfac"": 0.0, ""nstres"": 0.0}",0.0,0.0,113.32667350769044,0.0,0.2445864677429199,0.0,,0.0,0.0,0.0,150.0,23.93743896484375,23.93743896484375,Leave_One_experiments/all_year_offline_schedule_search/daily_outputs/FQA/FQA_2022_FQA2022_normal_grid_S0010_daily.csv
FQA,FQA,Fengqiu,2022,Leave_One_experiments\wth_generated_qc\FQA\FQA2022.WTH,normal_year;nitrogen_stress_year;low_response_year,normal,FQA2022_normal_grid_S0010,low_input_within_10pct_yield,2022-06-29,180,24,19,"{""sim_day"": 24.0, ""doy"": 180.0, ""topwt"": 130.63729286193848, ""grnwt"": 0.0, ""xlai"": 0.2768554985523224, ""totir"": 0.0, ""tofer"": NaN, ""swfac"": 0.0, ""nstres"": 0.0}",0.0,0.0,130.63729286193848,0.0,0.2768554985523224,0.0,,0.0,0.0,0.0,150.0,23.93743896484375,23.93743896484375,Leave_One_experiments/all_year_offline_schedule_search/daily_outputs/FQA/FQA_2022_FQA2022_normal_grid_S0010_daily.csv
FQA,FQA,Fengqiu,2022,Leave_One_experiments\wth_generated_qc\FQA\FQA2022.WTH,normal_year;nitrogen_stress_year;low_response_year,normal,FQA2022_normal_grid_S0010,low_input_within_10pct_yield,2022-06-30,181,25,20,"{""sim_day"": 25.0, ""doy"": 181.0, ""topwt"": 152.34374046325684, ""grnwt"": 0.0, ""xlai"": 0.3190189003944397, ""totir"": 0.0, ""tofer"": NaN, ""swfac"": 0.0, ""nstres"": 0.0}",0.0,0.0,152.34374046325684,0.0,0.3190189003944397,0.0,,0.0,0.0,0.0,150.0,23.93743896484375,23.93743896484375,Leave_One_experiments/all_year_offline_schedule_search/daily_outputs/FQA/FQA_2022_FQA2022_normal_grid_S0010_daily.csv
FQA,FQA,Fengqiu,2022,Leave_One_experiments\wth_generated_qc\FQA\FQA2022.WTH,normal_year;nitrogen_stress_year;low_response_year,normal,FQA2022_normal_grid_S0010,low_input_within_10pct_yield,2022-07-01,182,26,21,"{""sim_day"": 26.0, ""doy"": 182.0, ""topwt"": 178.80247116088867, ""grnwt"": 0.0, ""xlai"": 0.3682545721530914, ""totir"": 0.0, ""tofer"": NaN, ""swfac"": 0.0, ""nstres"": 0.0}",0.0,0.0,178.80247116088867,0.0,0.3682545721530914,0.0,,0.0,0.0,0.0,150.0,23.93743896484375,23.93743896484375,Leave_One_experiments/all_year_offline_schedule_search/daily_outputs/FQA/FQA_2022_FQA2022_normal_grid_S0010_daily.csv
FQA,FQA,Fengqiu,2022,Leave_One_experiments\wth_generated_qc\FQA\FQA2022.WTH,normal_year;nitrogen_stress_year;low_response_year,normal,FQA2022_normal_grid_S0010,low_input_within_10pct_yield,2022-07-02,183,27,22,"{""sim_day"": 27.0, ""doy"": 183.0, ""topwt"": 204.6912384033203, ""grnwt"": 0.0, ""xlai"": 0.4144591093063354, ""totir"": 0.0, ""tofer"": NaN, ""swfac"": 0.0, ""nstres"": 0.0}",0.0,0.0,204.6912384033203,0.0,0.4144591093063354,0.0,,0.0,0.0,0.0,150.0,23.93743896484375,23.93743896484375,Leave_One_experiments/all_year_offline_schedule_search/daily_outputs/FQA/FQA_2022_FQA2022_normal_grid_S0010_daily.csv
FQA,FQA,Fengqiu,2022,Leave_One_experiments\wth_generated_qc\FQA\FQA2022.WTH,normal_year;nitrogen_stress_year;low_response_year,normal,FQA2022_normal_grid_S0010,low_input_within_10pct_yield,2022-07-03,184,28,23,"{""sim_day"": 28.0, ""doy"": 184.0, ""topwt"": 234.3055534362793, ""grnwt"": 0.0, ""xlai"": 0.4651698470115661, ""totir"": 0.0, ""tofer"": NaN, ""swfac"": 0.0, ""nstres"": 0.0}",0.0,0.0,234.3055534362793,0.0,0.4651698470115661,0.0,,0.0,0.0,0.0,150.0,23.93743896484375,23.93743896484375,Leave_One_experiments/all_year_offline_schedule_search/daily_outputs/FQA/FQA_2022_FQA2022_normal_grid_S0010_daily.csv
FQA,FQA,Fengqiu,2022,Leave_One_experiments\wth_generated_qc\FQA\FQA2022.WTH,normal_year;nitrogen_stress_year;low_response_year,normal,FQA2022_normal_grid_S0010,low_input_within_10pct_yield,2022-07-04,185,29,24,"{""sim_day"": 29.0, ""doy"": 185.0, ""topwt"": 260.37132263183594, ""grnwt"": 0.0, ""xlai"": 0.5081120729446411, ""totir"": 0.0, ""tofer"": NaN, ""swfac"": 0.0, ""nstres"": 0.0}",0.0,0.0,260.37132263183594,0.0,0.5081120729446411,0.0,,0.0,0.0,0.0,150.0,23.93743896484375,23.93743896484375,Leave_One_experiments/all_year_offline_schedule_search/daily_outputs/FQA/FQA_2022_FQA2022_normal_grid_S0010_daily.csv
FQA,FQA,Fengqiu,2022,Leave_One_experiments\wth_generated_qc\FQA\FQA2022.WTH,normal_year;nitrogen_stress_year;low_response_year,normal,FQA2022_normal_grid_S0010,low_input_within_10pct_yield,2022-07-05,186,30,25,"{""sim_day"": 30.0, ""doy"": 186.0, ""topwt"": 283.08732986450195, ""grnwt"": 0.0, ""xlai"": 0.5441918969154358, ""totir"": 0.0, ""tofer"": NaN, ""swfac"": 0.0, ""nstres"": 0.0}",0.0,0.0,283.08732986450195,0.0,0.5441918969154358,0.0,,0.0,0.0,0.0,150.0,23.93743896484375,23.93743896484375,Leave_One_experiments/all_year_offline_schedule_search/daily_outputs/FQA/FQA_2022_FQA2022_normal_grid_S0010_daily.csv
FQA,FQA,Fengqiu,2022,Leave_One_experiments\wth_generated_qc\FQA\FQA2022.WTH,normal_year;nitrogen_stress_year;low_response_year,normal,FQA2022_normal_grid_S0010,low_input_within_10pct_yield,2022-07-06,187,31,26,"{""sim_day"": 31.0, ""doy"": 187.0, ""topwt"": 319.65808868408203, ""grnwt"": 0.0, ""xlai"": 0.5999365448951721, ""totir"": 0.0, ""tofer"": NaN, ""swfac"": 0.0, ""nstres"": 0.0}",0.0,0.0,319.65808868408203,0.0,0.5999365448951721,0.0,,0.0,0.0,0.0,150.0,23.93743896484375,23.93743896484375,Leave_One_experiments/all_year_offline_schedule_search/daily_outputs/FQA/FQA_2022_FQA2022_normal_grid_S0010_daily.csv
FQA,FQA,Fengqiu,2022,Leave_One_experiments\wth_generated_qc\FQA\FQA2022.WTH,normal_year;nitrogen_stress_year;low_response_year,normal,FQA2022_normal_grid_S0010,low_input_within_10pct_yield,2022-07-07,188,32,27,"{""sim_day"": 32.0, ""doy"": 188.0, ""topwt"": 368.1539535522461, ""grnwt"": 0.0, ""xlai"": 0.6702525019645691, ""totir"": 0.0, ""tofer"": NaN, ""swfac"": 0.0, ""nstres"": 0.0}",0.0,0.0,368.1539535522461,0.0,0.6702525019645691,0.0,,0.0,0.0,0.0,150.0,23.93743896484375,23.93743896484375,Leave_One_experiments/all_year_offline_schedule_search/daily_outputs/FQA/FQA_2022_FQA2022_normal_grid_S0010_daily.csv
FQA,FQA,Fengqiu,2022,Leave_One_experiments\wth_generated_qc\FQA\FQA2022.WTH,normal_year;nitrogen_stress_year;low_response_year,normal,FQA2022_normal_grid_S0010,low_input_within_10pct_yield,2022-07-08,189,33,28,"{""sim_day"": 33.0, ""doy"": 189.0, ""topwt"": 426.2483978271485, ""grnwt"": 0.0, ""xlai"": 0.7499611377716064, ""totir"": 0.0, ""tofer"": NaN, ""swfac"": 0.0, ""nstres"": 0.0}",0.0,0.0,426.2483978271485,0.0,0.7499611377716064,0.0,,0.0,0.0,0.0,150.0,23.93743896484375,23.93743896484375,Leave_One_experiments/all_year_offline_schedule_search/daily_outputs/FQA/FQA_2022_FQA2022_normal_grid_S0010_daily.csv
FQA,FQA,Fengqiu,2022,Leave_One_experiments\wth_generated_qc\FQA\FQA2022.WTH,normal_year;nitrogen_stress_year;low_response_year,normal,FQA2022_normal_grid_S0010,low_input_within_10pct_yield,2022-07-09,190,34,29,"{""sim_day"": 34.0, ""doy"": 190.0, ""topwt"": 473.8556671142578, ""grnwt"": 0.0, ""xlai"": 0.8122925758361816, ""totir"": 0.0, ""tofer"": NaN, ""swfac"": 0.0, ""nstres"": 0.0}",0.0,0.0,473.8556671142578,0.0,0.8122925758361816,0.0,,0.0,0.0,0.0,150.0,23.93743896484375,23.93743896484375,Leave_One_experiments/all_year_offline_schedule_search/daily_outputs/FQA/FQA_2022_FQA2022_normal_grid_S0010_daily.csv
FQA,FQA,Fengqiu,2022,Leave_One_experiments\wth_generated_qc\FQA\FQA2022.WTH,normal_year;nitrogen_stress_year;low_response_year,normal,FQA2022_normal_grid_S0010,low_input_within_10pct_yield,2022-07-10,191,35,30,"{""sim_day"": 35.0, ""doy"": 191.0, ""topwt"": 522.4562835693359, ""grnwt"": 0.0, ""xlai"": 0.8733893036842346, ""totir"": 0.0, ""tofer"": NaN, ""swfac"": 0.0, ""nstres"": 0.0}",0.0,0.0,522.4562835693359,0.0,0.8733893036842346,0.0,,0.0,50.0,0.0,150.0,23.93743896484375,23.93743896484375,Leave_One_experiments/all_year_offline_schedule_search/daily_outputs/FQA/FQA_2022_FQA2022_normal_grid_S0010_daily.csv
FQA,FQA,Fengqiu,2022,Leave_One_experiments\wth_generated_qc\FQA\FQA2022.WTH,normal_year;nitrogen_stress_year;low_response_year,normal,FQA2022_normal_grid_S0010,low_input_within_10pct_yield,2022-07-11,192,36,31,"{""sim_day"": 36.0, ""doy"": 192.0, ""topwt"": 573.8835906982422, ""grnwt"": 0.0, ""xlai"": 0.935524880886078, ""totir"": 0.0, ""tofer"": NaN, ""swfac"": 0.0, ""nstres"": 0.0}",0.0,0.0,573.8835906982422,0.0,0.935524880886078,0.0,,0.0,0.0,0.0,150.0,23.93743896484375,23.93743896484375,Leave_One_experiments/all_year_offline_schedule_search/daily_outputs/FQA/FQA_2022_FQA2022_normal_grid_S0010_daily.csv
FQA,FQA,Fengqiu,2022,Leave_One_experiments\wth_generated_qc\FQA\FQA2022.WTH,normal_year;nitrogen_stress_year;low_response_year,normal,FQA2022_normal_grid_S0010,low_input_within_10pct_yield,2022-07-12,193,37,32,"{""sim_day"": 37.0, ""doy"": 193.0, ""topwt"": 634.84619140625, ""grnwt"": 0.0, ""xlai"": 1.0061135292053225, ""totir"": 0.0, ""tofer"": NaN, ""swfac"": 0.0, ""nstres"": 0.0}",0.0,0.0,634.84619140625,0.0,1.0061135292053225,0.0,,0.0,0.0,0.0,150.0,23.93743896484375,23.93743896484375,Leave_One_experiments/all_year_offline_schedule_search/daily_outputs/FQA/FQA_2022_FQA2022_normal_grid_S0010_daily.csv
FQA,FQA,Fengqiu,2022,Leave_One_experiments\wth_generated_qc\FQA\FQA2022.WTH,normal_year;nitrogen_stress_year;low_response_year,normal,FQA2022_normal_grid_S0010,low_input_within_10pct_yield,2022-07-13,194,38,33,"{""sim_day"": 38.0, ""doy"": 194.0, ""topwt"": 719.8057556152344, ""grnwt"": 0.0, ""xlai"": 1.099447250366211, ""totir"": 0.0, ""tofer"": NaN, ""swfac"": 0.0, ""nstres"": 0.0}",0.0,0.0,719.8057556152344,0.0,1.099447250366211,0.0,,0.0,0.0,0.0,150.0,23.93743896484375,23.93743896484375,Leave_One_experiments/all_year_offline_schedule_search/daily_outputs/FQA/FQA_2022_FQA2022_normal_grid_S0010_daily.csv
FQA,FQA,Fengqiu,2022,Leave_One_experiments\wth_generated_qc\FQA\FQA2022.WTH,normal_year;nitrogen_stress_year;low_response_year,normal,FQA2022_normal_grid_S0010,low_input_within_10pct_yield,2022-07-14,195,39,34,"{""sim_day"": 39.0, ""doy"": 195.0, ""topwt"": 815.7575988769531, ""grnwt"": 0.0, ""xlai"": 1.1991069316864014, ""totir"": 0.0, ""tofer"": NaN, ""swfac"": 0.0, ""nstres"": 0.0}",0.0,0.0,815.7575988769531,0.0,1.1991069316864014,0.0,,0.0,0.0,0.0,150.0,23.93743896484375,23.93743896484375,Leave_One_experiments/all_year_offline_schedule_search/daily_outputs/FQA/FQA_2022_FQA2022_normal_grid_S0010_daily.csv
FQA,FQA,Fengqiu,2022,Leave_One_experiments\wth_generated_qc\FQA\FQA2022.WTH,normal_year;nitrogen_stress_year;low_response_year,normal,FQA2022_normal_grid_S0010,low_input_within_10pct_yield,2022-07-15,196,40,35,"{""sim_day"": 40.0, ""doy"": 196.0, ""topwt"": 906.7352294921876, ""grnwt"": 0.0, ""xlai"": 1.2889668941497805, ""totir"": 0.0, ""tofer"": NaN, ""swfac"": 0.0, ""nstres"": 0.0}",0.0,0.0,906.7352294921876,0.0,1.2889668941497805,0.0,,0.0,0.0,0.0,150.0,23.93743896484375,23.93743896484375,Leave_One_experiments/all_year_offline_schedule_search/daily_outputs/FQA/FQA_2022_FQA2022_normal_grid_S0010_daily.csv
FQA,FQA,Fengqiu,2022,Leave_One_experiments\wth_generated_qc\FQA\FQA2022.WTH,normal_year;nitrogen_stress_year;low_response_year,normal,FQA2022_normal_grid_S0010,low_input_within_10pct_yield,2022-07-16,197,41,36,"{""sim_day"": 41.0, ""doy"": 197.0, ""topwt"": 1007.7698516845704, ""grnwt"": 0.0, ""xlai"": 1.3839560747146606, ""totir"": 0.0, ""tofer"": NaN, ""swfac"": 0.0, ""nstres"": 0.0}",0.0,0.0,1007.7698516845704,0.0,1.3839560747146606,0.0,,0.0,0.0,0.0,150.0,23.93743896484375,23.93743896484375,Leave_One_experiments/all_year_offline_schedule_search/daily_outputs/FQA/FQA_2022_FQA2022_normal_grid_S0010_daily.csv
FQA,FQA,Fengqiu,2022,Leave_One_experiments\wth_generated_qc\FQA\FQA2022.WTH,normal_year;nitrogen_stress_year;low_response_year,normal,FQA2022_normal_grid_S0010,low_input_within_10pct_yield,2022-07-17,198,42,37,"{""sim_day"": 42.0, ""doy"": 198.0, ""topwt"": 1123.0580139160156, ""grnwt"": 0.0, ""xlai"": 1.4869464635849, ""totir"": 0.0, ""tofer"": NaN, ""swfac"": 0.0, ""nstres"": 0.0}",0.0,0.0,1123.0580139160156,0.0,1.4869464635849,0.0,,0.0,0.0,0.0,150.0,23.93743896484375,23.93743896484375,Leave_One_experiments/all_year_offline_schedule_search/daily_outputs/FQA/FQA_2022_FQA2022_normal_grid_S0010_daily.csv
FQA,FQA,Fengqiu,2022,Leave_One_experiments\wth_generated_qc\FQA\FQA2022.WTH,normal_year;nitrogen_stress_year;low_response_year,normal,FQA2022_normal_grid_S0010,low_input_within_10pct_yield,2022-07-18,199,43,38,"{""sim_day"": 43.0, ""doy"": 199.0, ""topwt"": 1164.5374298095703, ""grnwt"": 0.0, ""xlai"": 1.5042155981063845, ""totir"": 0.0, ""tofer"": NaN, ""swfac"": 0.0, ""nstres"": 0.0}",0.0,0.0,1164.5374298095703,0.0,1.5042155981063845,0.0,,0.0,0.0,0.0,150.0,23.93743896484375,23.93743896484375,Leave_One_experiments/all_year_offline_schedule_search/daily_outputs/FQA/FQA_2022_FQA2022_normal_grid_S0010_daily.csv
FQA,FQA,Fengqiu,2022,Leave_One_experiments\wth_generated_qc\FQA\FQA2022.WTH,normal_year;nitrogen_stress_year;low_response_year,normal,FQA2022_normal_grid_S0010,low_input_within_10pct_yield,2022-07-19,200,44,39,"{""sim_day"": 44.0, ""doy"": 200.0, ""topwt"": 1263.1279754638672, ""grnwt"": 0.0, ""xlai"": 1.5432175397872925, ""totir"": 0.0, ""tofer"": NaN, ""swfac"": 0.0, ""nstres"": 0.0}",0.0,0.0,1263.1279754638672,0.0,1.5432175397872925,0.0,,0.0,0.0,0.0,150.0,23.93743896484375,23.93743896484375,Leave_One_experiments/all_year_offline_schedule_search/daily_outputs/FQA/FQA_2022_FQA2022_normal_grid_S0010_daily.csv
FQA,FQA,Fengqiu,2022,Leave_One_experiments\wth_generated_qc\FQA\FQA2022.WTH,normal_year;nitrogen_stress_year;low_response_year,normal,FQA2022_normal_grid_S0010,low_input_within_10pct_yield,2022-07-20,201,45,40,"{""sim_day"": 45.0, ""doy"": 201.0, ""topwt"": 1517.6451110839844, ""grnwt"": 0.0, ""xlai"": 1.6374928951263428, ""totir"": 0.0, ""tofer"": NaN, ""swfac"": 0.0, ""nstres"": 0.0}",0.0,0.0,1517.6451110839844,0.0,1.6374928951263428,0.0,,0.0,0.0,0.0,150.0,23.93743896484375,23.93743896484375,Leave_One_experiments/all_year_offline_schedule_search/daily_outputs/FQA/FQA_2022_FQA2022_normal_grid_S0010_daily.csv
FQA,FQA,Fengqiu,2022,Leave_One_experiments\wth_generated_qc\FQA\FQA2022.WTH,normal_year;nitrogen_stress_year;low_response_year,normal,FQA2022_normal_grid_S0010,low_input_within_10pct_yield,2022-07-21,202,46,41,"{""sim_day"": 46.0, ""doy"": 202.0, ""topwt"": 1707.778778076172, ""grnwt"": 0.0, ""xlai"": 1.704331636428833, ""totir"": 0.0, ""tofer"": NaN, ""swfac"": 0.0, ""nstres"": 0.0}",0.0,0.0,1707.778778076172,0.0,1.704331636428833,0.0,,0.0,0.0,0.0,150.0,23.93743896484375,23.93743896484375,Leave_One_experiments/all_year_offline_schedule_search/daily_outputs/FQA/FQA_2022_FQA2022_normal_grid_S0010_daily.csv
FQA,FQA,Fengqiu,2022,Leave_One_experiments\wth_generated_qc\FQA\FQA2022.WTH,normal_year;nitrogen_stress_year;low_response_year,normal,FQA2022_normal_grid_S0010,low_input_within_10pct_yield,2022-07-22,203,47,42,"{""sim_day"": 47.0, ""doy"": 203.0, ""topwt"": 1932.7560424804688, ""grnwt"": 0.0, ""xlai"": 1.7793560028076172, ""totir"": 0.0, ""tofer"": NaN, ""swfac"": 0.0, ""nstres"": 0.0}",0.0,0.0,1932.7560424804688,0.0,1.7793560028076172,0.0,,0.0,0.0,0.0,150.0,23.93743896484375,23.93743896484375,Leave_One_experiments/all_year_offline_schedule_search/daily_outputs/FQA/FQA_2022_FQA2022_normal_grid_S0010_daily.csv
FQA,FQA,Fengqiu,2022,Leave_One_experiments\wth_generated_qc\FQA\FQA2022.WTH,normal_year;nitrogen_stress_year;low_response_year,normal,FQA2022_normal_grid_S0010,low_input_within_10pct_yield,2022-07-23,204,48,43,"{""sim_day"": 48.0, ""doy"": 204.0, ""topwt"": 2162.9751586914062, ""grnwt"": 0.0, ""xlai"": 1.852447748184204, ""totir"": 0.0, ""tofer"": NaN, ""swfac"": 0.0, ""nstres"": 0.0}",0.0,0.0,2162.9751586914062,0.0,1.852447748184204,0.0,,0.0,0.0,0.0,150.0,23.93743896484375,23.93743896484375,Leave_One_experiments/all_year_offline_schedule_search/daily_outputs/FQA/FQA_2022_FQA2022_normal_grid_S0010_daily.csv
FQA,FQA,Fengqiu,2022,Leave_One_experiments\wth_generated_qc\FQA\FQA2022.WTH,normal_year;nitrogen_stress_year;low_response_year,normal,FQA2022_normal_grid_S0010,low_input_within_10pct_yield,2022-07-24,205,49,44,"{""sim_day"": 49.0, ""doy"": 205.0, ""topwt"": 2381.3067626953125, ""grnwt"": 0.0, ""xlai"": 1.918761134147644, ""totir"": 0.0, ""tofer"": NaN, ""swfac"": 0.0, ""nstres"": 0.0}",0.0,0.0,2381.3067626953125,0.0,1.918761134147644,0.0,,0.0,0.0,0.0,150.0,23.93743896484375,23.93743896484375,Leave_One_experiments/all_year_offline_schedule_search/daily_outputs/FQA/FQA_2022_FQA2022_normal_grid_S0010_daily.csv
FQA,FQA,Fengqiu,2022,Leave_One_experiments\wth_generated_qc\FQA\FQA2022.WTH,normal_year;nitrogen_stress_year;low_response_year,normal,FQA2022_normal_grid_S0010,low_input_within_10pct_yield,2022-07-25,206,50,45,"{""sim_day"": 50.0, ""doy"": 206.0, ""topwt"": 2562.5802612304688, ""grnwt"": 0.0, ""xlai"": 1.971584677696228, ""totir"": 0.0, ""tofer"": NaN, ""swfac"": 0.0, ""nstres"": 0.0}",0.0,0.0,2562.5802612304688,0.0,1.971584677696228,0.0,,0.0,0.0,0.0,150.0,23.93743896484375,23.93743896484375,Leave_One_experiments/all_year_offline_schedule_search/daily_outputs/FQA/FQA_2022_FQA2022_normal_grid_S0010_daily.csv
FQA,FQA,Fengqiu,2022,Leave_One_experiments\wth_generated_qc\FQA\FQA2022.WTH,normal_year;nitrogen_stress_year;low_response_year,normal,FQA2022_normal_grid_S0010,low_input_within_10pct_yield,2022-07-26,207,51,46,"{""sim_day"": 51.0, ""doy"": 207.0, ""topwt"": 2731.8331909179688, ""grnwt"": 0.0, ""xlai"": 2.0190937519073486, ""totir"": 0.0, ""tofer"": NaN, ""swfac"": 0.0, ""nstres"": 0.0}",0.0,0.0,2731.8331909179688,0.0,2.0190937519073486,0.0,,0.0,0.0,0.0,150.0,23.93743896484375,23.93743896484375,Leave_One_experiments/all_year_offline_schedule_search/daily_outputs/FQA/FQA_2022_FQA2022_normal_grid_S0010_daily.csv
FQA,FQA,Fengqiu,2022,Leave_One_experiments\wth_generated_qc\FQA\FQA2022.WTH,normal_year;nitrogen_stress_year;low_response_year,normal,FQA2022_normal_grid_S0010,low_input_within_10pct_yield,2022-07-27,208,52,47,"{""sim_day"": 52.0, ""doy"": 208.0, ""topwt"": 2917.0846557617188, ""grnwt"": 0.0, ""xlai"": 2.069507122039795, ""totir"": 0.0, ""tofer"": NaN, ""swfac"": 0.0, ""nstres"": 0.0}",0.0,0.0,2917.0846557617188,0.0,2.069507122039795,0.0,,0.0,0.0,0.0,150.0,23.93743896484375,23.93743896484375,Leave_One_experiments/all_year_offline_schedule_search/daily_outputs/FQA/FQA_2022_FQA2022_normal_grid_S0010_daily.csv
FQA,FQA,Fengqiu,2022,Leave_One_experiments\wth_generated_qc\FQA\FQA2022.WTH,normal_year;nitrogen_stress_year;low_response_year,normal,FQA2022_normal_grid_S0010,low_input_within_10pct_yield,2022-07-28,209,53,48,"{""sim_day"": 53.0, ""doy"": 209.0, ""topwt"": 3059.5962524414062, ""grnwt"": 0.0, ""xlai"": 2.107098340988159, ""totir"": 0.0, ""tofer"": NaN, ""swfac"": 0.0, ""nstres"": 0.0}",0.0,0.0,3059.5962524414062,0.0,2.107098340988159,0.0,,0.0,0.0,0.0,150.0,23.93743896484375,23.93743896484375,Leave_One_experiments/all_year_offline_schedule_search/daily_outputs/FQA/FQA_2022_FQA2022_normal_grid_S0010_daily.csv
FQA,FQA,Fengqiu,2022,Leave_One_experiments\wth_generated_qc\FQA\FQA2022.WTH,normal_year;nitrogen_stress_year;low_response_year,normal,FQA2022_normal_grid_S0010,low_input_within_10pct_yield,2022-07-29,210,54,49,"{""sim_day"": 54.0, ""doy"": 210.0, ""topwt"": 3283.7515258789062, ""grnwt"": 0.0, ""xlai"": 2.16458797454834, ""totir"": 0.0, ""tofer"": NaN, ""swfac"": 0.0, ""nstres"": 0.0}",0.0,0.0,3283.7515258789062,0.0,2.16458797454834,0.0,,0.0,0.0,0.0,150.0,23.93743896484375,23.93743896484375,Leave_One_experiments/all_year_offline_schedule_search/daily_outputs/FQA/FQA_2022_FQA2022_normal_grid_S0010_daily.csv
FQA,FQA,Fengqiu,2022,Leave_One_experiments\wth_generated_qc\FQA\FQA2022.WTH,normal_year;nitrogen_stress_year;low_response_year,normal,FQA2022_normal_grid_S0010,low_input_within_10pct_yield,2022-07-30,211,55,50,"{""sim_day"": 55.0, ""doy"": 211.0, ""topwt"": 3509.4805908203125, ""grnwt"": 0.0, ""xlai"": 2.222397327423096, ""totir"": 0.0, ""tofer"": NaN, ""swfac"": 0.0, ""nstres"": 0.0}",0.0,0.0,3509.4805908203125,0.0,2.222397327423096,0.0,,0.0,0.0,0.0,150.0,23.93743896484375,23.93743896484375,Leave_One_experiments/all_year_offline_schedule_search/daily_outputs/FQA/FQA_2022_FQA2022_normal_grid_S0010_daily.csv
FQA,FQA,Fengqiu,2022,Leave_One_experiments\wth_generated_qc\FQA\FQA2022.WTH,normal_year;nitrogen_stress_year;low_response_year,normal,FQA2022_normal_grid_S0010,low_input_within_10pct_yield,2022-07-31,212,56,51,"{""sim_day"": 56.0, ""doy"": 212.0, ""topwt"": 3772.378234863281, ""grnwt"": 0.0, ""xlai"": 2.289649248123169, ""totir"": 0.0, ""tofer"": NaN, ""swfac"": 0.0, ""nstres"": 0.0}",0.0,0.0,3772.378234863281,0.0,2.289649248123169,0.0,,0.0,0.0,0.0,150.0,23.93743896484375,23.93743896484375,Leave_One_experiments/all_year_offline_schedule_search/daily_outputs/FQA/FQA_2022_FQA2022_normal_grid_S0010_daily.csv
FQA,FQA,Fengqiu,2022,Leave_One_experiments\wth_generated_qc\FQA\FQA2022.WTH,normal_year;nitrogen_stress_year;low_response_year,normal,FQA2022_normal_grid_S0010,low_input_within_10pct_yield,2022-08-01,213,57,52,"{""sim_day"": 57.0, ""doy"": 213.0, ""topwt"": 4042.052001953125, ""grnwt"": 0.0, ""xlai"": 2.35852599143982, ""totir"": 0.0, ""tofer"": NaN, ""swfac"": 0.0, ""nstres"": 0.0}",0.0,0.0,4042.052001953125,0.0,2.35852599143982,0.0,,0.0,0.0,0.0,150.0,23.93743896484375,23.93743896484375,Leave_One_experiments/all_year_offline_schedule_search/daily_outputs/FQA/FQA_2022_FQA2022_normal_grid_S0010_daily.csv
FQA,FQA,Fengqiu,2022,Leave_One_experiments\wth_generated_qc\FQA\FQA2022.WTH,normal_year;nitrogen_stress_year;low_response_year,normal,FQA2022_normal_grid_S0010,low_input_within_10pct_yield,2022-08-02,214,58,53,"{""sim_day"": 58.0, ""doy"": 214.0, ""topwt"": 4324.0960693359375, ""grnwt"": 0.0, ""xlai"": 2.430450201034546, ""totir"": 0.0, ""tofer"": NaN, ""swfac"": 0.0, ""nstres"": 0.0}",0.0,0.0,4324.0960693359375,0.0,2.430450201034546,0.0,,0.0,0.0,0.0,150.0,23.93743896484375,23.93743896484375,Leave_One_experiments/all_year_offline_schedule_search/daily_outputs/FQA/FQA_2022_FQA2022_normal_grid_S0010_daily.csv
FQA,FQA,Fengqiu,2022,Leave_One_experiments\wth_generated_qc\FQA\FQA2022.WTH,normal_year;nitrogen_stress_year;low_response_year,normal,FQA2022_normal_grid_S0010,low_input_within_10pct_yield,2022-08-03,215,59,54,"{""sim_day"": 59.0, ""doy"": 215.0, ""topwt"": 4608.7933349609375, ""grnwt"": 0.0, ""xlai"": 2.502932548522949, ""totir"": 0.0, ""tofer"": NaN, ""swfac"": 0.0, ""nstres"": 0.0}",0.0,0.0,4608.7933349609375,0.0,2.502932548522949,0.0,,0.0,0.0,0.0,150.0,23.93743896484375,23.93743896484375,Leave_One_experiments/all_year_offline_schedule_search/daily_outputs/FQA/FQA_2022_FQA2022_normal_grid_S0010_daily.csv
FQA,FQA,Fengqiu,2022,Leave_One_experiments\wth_generated_qc\FQA\FQA2022.WTH,normal_year;nitrogen_stress_year;low_response_year,normal,FQA2022_normal_grid_S0010,low_input_within_10pct_yield,2022-08-04,216,60,55,"{""sim_day"": 60.0, ""doy"": 216.0, ""topwt"": 4870.475769042969, ""grnwt"": 0.0, ""xlai"": 2.569435834884644, ""totir"": 0.0, ""tofer"": NaN, ""swfac"": 0.0, ""nstres"": 0.0}",0.0,0.0,4870.475769042969,0.0,2.569435834884644,0.0,,0.0,0.0,0.0,150.0,23.93743896484375,23.93743896484375,Leave_One_experiments/all_year_offline_schedule_search/daily_outputs/FQA/FQA_2022_FQA2022_normal_grid_S0010_daily.csv
FQA,FQA,Fengqiu,2022,Leave_One_experiments\wth_generated_qc\FQA\FQA2022.WTH,normal_year;nitrogen_stress_year;low_response_year,normal,FQA2022_normal_grid_S0010,low_input_within_10pct_yield,2022-08-05,217,61,56,"{""sim_day"": 61.0, ""doy"": 217.0, ""topwt"": 5169.586791992188, ""grnwt"": 0.0, ""xlai"": 2.64535927772522, ""totir"": 0.0, ""tofer"": NaN, ""swfac"": 0.0, ""nstres"": 0.0}",0.0,0.0,5169.586791992188,0.0,2.64535927772522,0.0,,0.0,0.0,0.0,150.0,23.93743896484375,23.93743896484375,Leave_One_experiments/all_year_offline_schedule_search/daily_outputs/FQA/FQA_2022_FQA2022_normal_grid_S0010_daily.csv
FQA,FQA,Fengqiu,2022,Leave_One_experiments\wth_generated_qc\FQA\FQA2022.WTH,normal_year;nitrogen_stress_year;low_response_year,normal,FQA2022_normal_grid_S0010,low_input_within_10pct_yield,2022-08-06,218,62,57,"{""sim_day"": 62.0, ""doy"": 218.0, ""topwt"": 5406.3214111328125, ""grnwt"": 0.0, ""xlai"": 2.511995792388916, ""totir"": 0.0, ""tofer"": NaN, ""swfac"": 0.0, ""nstres"": 0.0}",0.0,0.0,5406.3214111328125,0.0,2.511995792388916,0.0,,0.0,0.0,0.0,150.0,23.93743896484375,23.93743896484375,Leave_One_experiments/all_year_offline_schedule_search/daily_outputs/FQA/FQA_2022_FQA2022_normal_grid_S0010_daily.csv
FQA,FQA,Fengqiu,2022,Leave_One_experiments\wth_generated_qc\FQA\FQA2022.WTH,normal_year;nitrogen_stress_year;low_response_year,normal,FQA2022_normal_grid_S0010,low_input_within_10pct_yield,2022-08-07,219,63,58,"{""sim_day"": 63.0, ""doy"": 219.0, ""topwt"": 5582.251586914063, ""grnwt"": 0.0, ""xlai"": 2.4967429637908936, ""totir"": 0.0, ""tofer"": NaN, ""swfac"": 0.0, ""nstres"": 0.0}",0.0,0.0,5582.251586914063,0.0,2.4967429637908936,0.0,,0.0,0.0,0.0,150.0,23.93743896484375,23.93743896484375,Leave_One_experiments/all_year_offline_schedule_search/daily_outputs/FQA/FQA_2022_FQA2022_normal_grid_S0010_daily.csv
FQA,FQA,Fengqiu,2022,Leave_One_experiments\wth_generated_qc\FQA\FQA2022.WTH,normal_year;nitrogen_stress_year;low_response_year,normal,FQA2022_normal_grid_S0010,low_input_within_10pct_yield,2022-08-08,220,64,59,"{""sim_day"": 64.0, ""doy"": 220.0, ""topwt"": 5650.989990234375, ""grnwt"": 0.0, ""xlai"": 2.485300302505493, ""totir"": 0.0, ""tofer"": NaN, ""swfac"": 0.0, ""nstres"": 0.0}",0.0,0.0,5650.989990234375,0.0,2.485300302505493,0.0,,0.0,0.0,0.0,150.0,23.93743896484375,23.93743896484375,Leave_One_experiments/all_year_offline_schedule_search/daily_outputs/FQA/FQA_2022_FQA2022_normal_grid_S0010_daily.csv
FQA,FQA,Fengqiu,2022,Leave_One_experiments\wth_generated_qc\FQA\FQA2022.WTH,normal_year;nitrogen_stress_year;low_response_year,normal,FQA2022_normal_grid_S0010,low_input_within_10pct_yield,2022-08-09,221,65,60,"{""sim_day"": 65.0, ""doy"": 221.0, ""topwt"": 5864.267578125, ""grnwt"": 0.0, ""xlai"": 2.474653482437134, ""totir"": 0.0, ""tofer"": NaN, ""swfac"": 0.0, ""nstres"": 0.0}",0.0,0.0,5864.267578125,0.0,2.474653482437134,0.0,,0.0,50.0,0.0,150.0,23.93743896484375,23.93743896484375,Leave_One_experiments/all_year_offline_schedule_search/daily_outputs/FQA/FQA_2022_FQA2022_normal_grid_S0010_daily.csv
FQA,FQA,Fengqiu,2022,Leave_One_experiments\wth_generated_qc\FQA\FQA2022.WTH,normal_year;nitrogen_stress_year;low_response_year,normal,FQA2022_normal_grid_S0010,low_input_within_10pct_yield,2022-08-10,222,66,61,"{""sim_day"": 66.0, ""doy"": 222.0, ""topwt"": 6054.013671875, ""grnwt"": 0.0, ""xlai"": 2.4612207412719727, ""totir"": 0.0, ""tofer"": NaN, ""swfac"": 0.0, ""nstres"": 0.0}",0.0,0.0,6054.013671875,0.0,2.4612207412719727,0.0,,0.0,0.0,0.0,150.0,23.93743896484375,23.93743896484375,Leave_One_experiments/all_year_offline_schedule_search/daily_outputs/FQA/FQA_2022_FQA2022_normal_grid_S0010_daily.csv
FQA,FQA,Fengqiu,2022,Leave_One_experiments\wth_generated_qc\FQA\FQA2022.WTH,normal_year;nitrogen_stress_year;low_response_year,normal,FQA2022_normal_grid_S0010,low_input_within_10pct_yield,2022-08-11,223,67,62,"{""sim_day"": 67.0, ""doy"": 223.0, ""topwt"": 6368.651123046875, ""grnwt"": 0.0, ""xlai"": 2.4463682174682617, ""totir"": 0.0, ""tofer"": NaN, ""swfac"": 0.0, ""nstres"": 0.0}",0.0,0.0,6368.651123046875,0.0,2.4463682174682617,0.0,,0.0,0.0,0.0,150.0,23.93743896484375,23.93743896484375,Leave_One_experiments/all_year_offline_schedule_search/daily_outputs/FQA/FQA_2022_FQA2022_normal_grid_S0010_daily.csv
FQA,FQA,Fengqiu,2022,Leave_One_experiments\wth_generated_qc\FQA\FQA2022.WTH,normal_year;nitrogen_stress_year;low_response_year,normal,FQA2022_normal_grid_S0010,low_input_within_10pct_yield,2022-08-12,224,68,63,"{""sim_day"": 68.0, ""doy"": 224.0, ""topwt"": 6594.716796875, ""grnwt"": 0.0, ""xlai"": 2.431119203567505, ""totir"": 0.0, ""tofer"": NaN, ""swfac"": 0.0, ""nstres"": 0.0}",0.0,0.0,6594.716796875,0.0,2.431119203567505,0.0,,0.0,0.0,0.0,150.0,23.93743896484375,23.93743896484375,Leave_One_experiments/all_year_offline_schedule_search/daily_outputs/FQA/FQA_2022_FQA2022_normal_grid_S0010_daily.csv
FQA,FQA,Fengqiu,2022,Leave_One_experiments\wth_generated_qc\FQA\FQA2022.WTH,normal_year;nitrogen_stress_year;low_response_year,normal,FQA2022_normal_grid_S0010,low_input_within_10pct_yield,2022-08-13,225,69,64,"{""sim_day"": 69.0, ""doy"": 225.0, ""topwt"": 6840.831298828125, ""grnwt"": 0.0, ""xlai"": 2.4159963130950928, ""totir"": 0.0, ""tofer"": NaN, ""swfac"": 0.0, ""nstres"": 0.0}",0.0,0.0,6840.831298828125,0.0,2.4159963130950928,0.0,,0.0,0.0,0.0,150.0,23.93743896484375,23.93743896484375,Leave_One_experiments/all_year_offline_schedule_search/daily_outputs/FQA/FQA_2022_FQA2022_normal_grid_S0010_daily.csv
FQA,FQA,Fengqiu,2022,Leave_One_experiments\wth_generated_qc\FQA\FQA2022.WTH,normal_year;nitrogen_stress_year;low_response_year,normal,FQA2022_normal_grid_S0010,low_input_within_10pct_yield,2022-08-14,226,70,65,"{""sim_day"": 70.0, ""doy"": 226.0, ""topwt"": 6984.697265625, ""grnwt"": 143.86651039123535, ""xlai"": 2.3533823490142822, ""totir"": 0.0, ""tofer"": NaN, ""swfac"": 0.0, ""nstres"": 0.0}",0.0,0.0,6984.697265625,143.86651039123535,2.3533823490142822,0.0,,0.0,0.0,0.0,150.0,23.93743896484375,23.93743896484375,Leave_One_experiments/all_year_offline_schedule_search/daily_outputs/FQA/FQA_2022_FQA2022_normal_grid_S0010_daily.csv
FQA,FQA,Fengqiu,2022,Leave_One_experiments\wth_generated_qc\FQA\FQA2022.WTH,normal_year;nitrogen_stress_year;low_response_year,normal,FQA2022_normal_grid_S0010,low_input_within_10pct_yield,2022-08-15,227,71,66,"{""sim_day"": 71.0, ""doy"": 227.0, ""topwt"": 7090.8642578125, ""grnwt"": 511.2394714355469, ""xlai"": 2.340726137161255, ""totir"": 0.0, ""tofer"": NaN, ""swfac"": 0.0, ""nstres"": 0.0}",0.0,0.0,7090.8642578125,511.2394714355469,2.340726137161255,0.0,,0.0,0.0,0.0,150.0,23.93743896484375,23.93743896484375,Leave_One_experiments/all_year_offline_schedule_search/daily_outputs/FQA/FQA_2022_FQA2022_normal_grid_S0010_daily.csv
FQA,FQA,Fengqiu,2022,Leave_One_experiments\wth_generated_qc\FQA\FQA2022.WTH,normal_year;nitrogen_stress_year;low_response_year,normal,FQA2022_normal_grid_S0010,low_input_within_10pct_yield,2022-08-16,228,72,67,"{""sim_day"": 72.0, ""doy"": 228.0, ""topwt"": 7381.3250732421875, ""grnwt"": 868.3363342285156, ""xlai"": 2.3251426219940186, ""totir"": 0.0, ""tofer"": NaN, ""swfac"": 0.0, ""nstres"": 0.0}",0.0,0.0,7381.3250732421875,868.3363342285156,2.3251426219940186,0.0,,0.0,0.0,0.0,150.0,23.93743896484375,23.93743896484375,Leave_One_experiments/all_year_offline_schedule_search/daily_outputs/FQA/FQA_2022_FQA2022_normal_grid_S0010_daily.csv
FQA,FQA,Fengqiu,2022,Leave_One_experiments\wth_generated_qc\FQA\FQA2022.WTH,normal_year;nitrogen_stress_year;low_response_year,normal,FQA2022_normal_grid_S0010,low_input_within_10pct_yield,2022-08-17,229,73,68,"{""sim_day"": 73.0, ""doy"": 229.0, ""topwt"": 7646.46484375, ""grnwt"": 1094.4120025634766, ""xlai"": 2.304165840148926, ""totir"": 0.0, ""tofer"": NaN, ""swfac"": 0.0, ""nstres"": 0.0}",0.0,0.0,7646.46484375,1094.4120025634766,2.304165840148926,0.0,,0.0,0.0,0.0,150.0,23.93743896484375,23.93743896484375,Leave_One_experiments/all_year_offline_schedule_search/daily_outputs/FQA/FQA_2022_FQA2022_normal_grid_S0010_daily.csv
FQA,FQA,Fengqiu,2022,Leave_One_experiments\wth_generated_qc\FQA\FQA2022.WTH,normal_year;nitrogen_stress_year;low_response_year,normal,FQA2022_normal_grid_S0010,low_input_within_10pct_yield,2022-08-18,230,74,69,"{""sim_day"": 74.0, ""doy"": 230.0, ""topwt"": 7913.1317138671875, ""grnwt"": 1320.4876708984375, ""xlai"": 2.278608083724976, ""totir"": 0.0, ""tofer"": NaN, ""swfac"": 0.0, ""nstres"": 0.0}",0.0,0.0,7913.1317138671875,1320.4876708984375,2.278608083724976,0.0,,0.0,0.0,0.0,150.0,23.93743896484375,23.93743896484375,Leave_One_experiments/all_year_offline_schedule_search/daily_outputs/FQA/FQA_2022_FQA2022_normal_grid_S0010_daily.csv
FQA,FQA,Fengqiu,2022,Leave_One_experiments\wth_generated_qc\FQA\FQA2022.WTH,normal_year;nitrogen_stress_year;low_response_year,normal,FQA2022_normal_grid_S0010,low_input_within_10pct_yield,2022-08-19,231,75,70,"{""sim_day"": 75.0, ""doy"": 231.0, ""topwt"": 8169.9609375, ""grnwt"": 1659.6011352539062, ""xlai"": 2.251491069793701, ""totir"": 0.0, ""tofer"": NaN, ""swfac"": 0.0, ""nstres"": 0.0}",0.0,0.0,8169.9609375,1659.6011352539062,2.251491069793701,0.0,,0.0,0.0,0.0,150.0,23.93743896484375,23.93743896484375,Leave_One_experiments/all_year_offline_schedule_search/daily_outputs/FQA/FQA_2022_FQA2022_normal_grid_S0010_daily.csv
FQA,FQA,Fengqiu,2022,Leave_One_experiments\wth_generated_qc\FQA\FQA2022.WTH,normal_year;nitrogen_stress_year;low_response_year,normal,FQA2022_normal_grid_S0010,low_input_within_10pct_yield,2022-08-20,232,76,71,"{""sim_day"": 76.0, ""doy"": 232.0, ""topwt"": 8501.2109375, ""grnwt"": 1985.8694458007808, ""xlai"": 2.220015287399292, ""totir"": 0.0, ""tofer"": NaN, ""swfac"": 0.0, ""nstres"": 0.0}",0.0,0.0,8501.2109375,1985.8694458007808,2.220015287399292,0.0,,0.0,0.0,0.0,150.0,23.93743896484375,23.93743896484375,Leave_One_experiments/all_year_offline_schedule_search/daily_outputs/FQA/FQA_2022_FQA2022_normal_grid_S0010_daily.csv
FQA,FQA,Fengqiu,2022,Leave_One_experiments\wth_generated_qc\FQA\FQA2022.WTH,normal_year;nitrogen_stress_year;low_response_year,normal,FQA2022_normal_grid_S0010,low_input_within_10pct_yield,2022-08-21,233,77,72,"{""sim_day"": 77.0, ""doy"": 233.0, ""topwt"": 8681.685791015625, ""grnwt"": 2227.3594665527344, ""xlai"": 2.180718421936035, ""totir"": 0.0, ""tofer"": NaN, ""swfac"": 0.0, ""nstres"": 0.0}",0.0,0.0,8681.685791015625,2227.3594665527344,2.180718421936035,0.0,,0.0,0.0,0.0,150.0,23.93743896484375,23.93743896484375,Leave_One_experiments/all_year_offline_schedule_search/daily_outputs/FQA/FQA_2022_FQA2022_normal_grid_S0010_daily.csv
FQA,FQA,Fengqiu,2022,Leave_One_experiments\wth_generated_qc\FQA\FQA2022.WTH,normal_year;nitrogen_stress_year;low_response_year,normal,FQA2022_normal_grid_S0010,low_input_within_10pct_yield,2022-08-22,234,78,73,"{""sim_day"": 78.0, ""doy"": 234.0, ""topwt"": 9033.22021484375, ""grnwt"": 2638.4060668945312, ""xlai"": 2.14328670501709, ""totir"": 0.0, ""tofer"": NaN, ""swfac"": 0.0, ""nstres"": 0.0}",0.0,0.0,9033.22021484375,2638.4060668945312,2.14328670501709,0.0,,0.0,0.0,0.0,150.0,23.93743896484375,23.93743896484375,Leave_One_experiments/all_year_offline_schedule_search/daily_outputs/FQA/FQA_2022_FQA2022_normal_grid_S0010_daily.csv
FQA,FQA,Fengqiu,2022,Leave_One_experiments\wth_generated_qc\FQA\FQA2022.WTH,normal_year;nitrogen_stress_year;low_response_year,normal,FQA2022_normal_grid_S0010,low_input_within_10pct_yield,2022-08-23,235,79,74,"{""sim_day"": 79.0, ""doy"": 235.0, ""topwt"": 9368.916015625, ""grnwt"": 3049.4528198242188, ""xlai"": 2.106719970703125, ""totir"": 0.0, ""tofer"": NaN, ""swfac"": 0.0, ""nstres"": 0.0}",0.0,0.0,9368.916015625,3049.4528198242188,2.106719970703125,0.0,,0.0,0.0,0.0,150.0,23.93743896484375,23.93743896484375,Leave_One_experiments/all_year_offline_schedule_search/daily_outputs/FQA/FQA_2022_FQA2022_normal_grid_S0010_daily.csv
FQA,FQA,Fengqiu,2022,Leave_One_experiments\wth_generated_qc\FQA\FQA2022.WTH,normal_year;nitrogen_stress_year;low_response_year,normal,FQA2022_normal_grid_S0010,low_input_within_10pct_yield,2022-08-24,236,80,75,"{""sim_day"": 80.0, ""doy"": 236.0, ""topwt"": 9153.2666015625, ""grnwt"": 3095.5352783203125, ""xlai"": 2.0689504146575928, ""totir"": 0.0, ""tofer"": NaN, ""swfac"": 0.0, ""nstres"": 0.0268813967704772}",0.0,0.0268813967704772,9153.2666015625,3095.5352783203125,2.0689504146575928,0.0,,0.0,0.0,0.0,150.0,23.93743896484375,23.93743896484375,Leave_One_experiments/all_year_offline_schedule_search/daily_outputs/FQA/FQA_2022_FQA2022_normal_grid_S0010_daily.csv
FQA,FQA,Fengqiu,2022,Leave_One_experiments\wth_generated_qc\FQA\FQA2022.WTH,normal_year;nitrogen_stress_year;low_response_year,normal,FQA2022_normal_grid_S0010,low_input_within_10pct_yield,2022-08-25,237,81,76,"{""sim_day"": 81.0, ""doy"": 237.0, ""topwt"": 9373.528442382812, ""grnwt"": 3315.7974243164062, ""xlai"": 2.02671480178833, ""totir"": 0.0, ""tofer"": NaN, ""swfac"": 0.0, ""nstres"": 0.0}",0.0,0.0,9373.528442382812,3315.7974243164062,2.02671480178833,0.0,,0.0,0.0,0.0,150.0,23.93743896484375,23.93743896484375,Leave_One_experiments/all_year_offline_schedule_search/daily_outputs/FQA/FQA_2022_FQA2022_normal_grid_S0010_daily.csv
FQA,FQA,Fengqiu,2022,Leave_One_experiments\wth_generated_qc\FQA\FQA2022.WTH,normal_year;nitrogen_stress_year;low_response_year,normal,FQA2022_normal_grid_S0010,low_input_within_10pct_yield,2022-08-26,238,82,77,"{""sim_day"": 82.0, ""doy"": 238.0, ""topwt"": 9460.155639648438, ""grnwt"": 3402.4246215820312, ""xlai"": 1.9875296354293823, ""totir"": 0.0, ""tofer"": NaN, ""swfac"": 0.0, ""nstres"": 0.0}",0.0,0.0,9460.155639648438,3402.4246215820312,1.9875296354293823,0.0,,0.0,0.0,0.0,150.0,23.93743896484375,23.93743896484375,Leave_One_experiments/all_year_offline_schedule_search/daily_outputs/FQA/FQA_2022_FQA2022_normal_grid_S0010_daily.csv
FQA,FQA,Fengqiu,2022,Leave_One_experiments\wth_generated_qc\FQA\FQA2022.WTH,normal_year;nitrogen_stress_year;low_response_year,normal,FQA2022_normal_grid_S0010,low_input_within_10pct_yield,2022-08-27,239,83,78,"{""sim_day"": 83.0, ""doy"": 239.0, ""topwt"": 9493.536376953123, ""grnwt"": 3435.8053588867188, ""xlai"": 1.9552345275878904, ""totir"": 0.0, ""tofer"": NaN, ""swfac"": 0.0, ""nstres"": 0.0}",0.0,0.0,9493.536376953123,3435.8053588867188,1.9552345275878904,0.0,,0.0,0.0,0.0,150.0,23.93743896484375,23.93743896484375,Leave_One_experiments/all_year_offline_schedule_search/daily_outputs/FQA/FQA_2022_FQA2022_normal_grid_S0010_daily.csv
FQA,FQA,Fengqiu,2022,Leave_One_experiments\wth_generated_qc\FQA\FQA2022.WTH,normal_year;nitrogen_stress_year;low_response_year,normal,FQA2022_normal_grid_S0010,low_input_within_10pct_yield,2022-08-28,240,84,79,"{""sim_day"": 84.0, ""doy"": 240.0, ""topwt"": 9608.670654296877, ""grnwt"": 3550.9396362304688, ""xlai"": 1.9184874296188357, ""totir"": 0.0, ""tofer"": NaN, ""swfac"": 0.0, ""nstres"": 0.0}",0.0,0.0,9608.670654296877,3550.9396362304688,1.9184874296188357,0.0,,0.0,0.0,0.0,150.0,23.93743896484375,23.93743896484375,Leave_One_experiments/all_year_offline_schedule_search/daily_outputs/FQA/FQA_2022_FQA2022_normal_grid_S0010_daily.csv
FQA,FQA,Fengqiu,2022,Leave_One_experiments\wth_generated_qc\FQA\FQA2022.WTH,normal_year;nitrogen_stress_year;low_response_year,normal,FQA2022_normal_grid_S0010,low_input_within_10pct_yield,2022-08-29,241,85,80,"{""sim_day"": 85.0, ""doy"": 241.0, ""topwt"": 9735.255126953123, ""grnwt"": 3677.524108886719, ""xlai"": 1.878515601158142, ""totir"": 0.0, ""tofer"": NaN, ""swfac"": 0.0, ""nstres"": 0.0}",0.0,0.0,9735.255126953123,3677.524108886719,1.878515601158142,0.0,,0.0,0.0,0.0,150.0,23.93743896484375,23.93743896484375,Leave_One_experiments/all_year_offline_schedule_search/daily_outputs/FQA/FQA_2022_FQA2022_normal_grid_S0010_daily.csv
FQA,FQA,Fengqiu,2022,Leave_One_experiments\wth_generated_qc\FQA\FQA2022.WTH,normal_year;nitrogen_stress_year;low_response_year,normal,FQA2022_normal_grid_S0010,low_input_within_10pct_yield,2022-08-30,242,86,81,"{""sim_day"": 86.0, ""doy"": 242.0, ""topwt"": 10043.045654296877, ""grnwt"": 3985.314331054688, ""xlai"": 1.8252112865448, ""totir"": 0.0, ""tofer"": NaN, ""swfac"": 0.0, ""nstres"": 0.0}",0.0,0.0,10043.045654296877,3985.314331054688,1.8252112865448,0.0,,0.0,0.0,0.0,150.0,23.93743896484375,23.93743896484375,Leave_One_experiments/all_year_offline_schedule_search/daily_outputs/FQA/FQA_2022_FQA2022_normal_grid_S0010_daily.csv
FQA,FQA,Fengqiu,2022,Leave_One_experiments\wth_generated_qc\FQA\FQA2022.WTH,normal_year;nitrogen_stress_year;low_response_year,normal,FQA2022_normal_grid_S0010,low_input_within_10pct_yield,2022-08-31,243,87,82,"{""sim_day"": 87.0, ""doy"": 243.0, ""topwt"": 10360.1513671875, ""grnwt"": 4302.419128417969, ""xlai"": 1.7628158330917358, ""totir"": 0.0, ""tofer"": NaN, ""swfac"": 0.0, ""nstres"": 0.0}",0.0,0.0,10360.1513671875,4302.419128417969,1.7628158330917358,0.0,,0.0,0.0,0.0,150.0,23.93743896484375,23.93743896484375,Leave_One_experiments/all_year_offline_schedule_search/daily_outputs/FQA/FQA_2022_FQA2022_normal_grid_S0010_daily.csv
FQA,FQA,Fengqiu,2022,Leave_One_experiments\wth_generated_qc\FQA\FQA2022.WTH,normal_year;nitrogen_stress_year;low_response_year,normal,FQA2022_normal_grid_S0010,low_input_within_10pct_yield,2022-09-01,244,88,83,"{""sim_day"": 88.0, ""doy"": 244.0, ""topwt"": 10637.20458984375, ""grnwt"": 4579.472961425781, ""xlai"": 1.6989171504974363, ""totir"": 0.0, ""tofer"": NaN, ""swfac"": 0.0, ""nstres"": 0.0}",0.0,0.0,10637.20458984375,4579.472961425781,1.6989171504974363,0.0,,0.0,0.0,0.0,150.0,23.93743896484375,23.93743896484375,Leave_One_experiments/all_year_offline_schedule_search/daily_outputs/FQA/FQA_2022_FQA2022_normal_grid_S0010_daily.csv
FQA,FQA,Fengqiu,2022,Leave_One_experiments\wth_generated_qc\FQA\FQA2022.WTH,normal_year;nitrogen_stress_year;low_response_year,normal,FQA2022_normal_grid_S0010,low_input_within_10pct_yield,2022-09-02,245,89,84,"{""sim_day"": 89.0, ""doy"": 245.0, ""topwt"": 10801.707763671877, ""grnwt"": 4743.976135253906, ""xlai"": 1.6343812942504885, ""totir"": 0.0, ""tofer"": NaN, ""swfac"": 0.0, ""nstres"": 0.0}",0.0,0.0,10801.707763671877,4743.976135253906,1.6343812942504885,0.0,,0.0,0.0,0.0,150.0,23.93743896484375,23.93743896484375,Leave_One_experiments/all_year_offline_schedule_search/daily_outputs/FQA/FQA_2022_FQA2022_normal_grid_S0010_daily.csv
FQA,FQA,Fengqiu,2022,Leave_One_experiments\wth_generated_qc\FQA\FQA2022.WTH,normal_year;nitrogen_stress_year;low_response_year,normal,FQA2022_normal_grid_S0010,low_input_within_10pct_yield,2022-09-03,246,90,85,"{""sim_day"": 90.0, ""doy"": 246.0, ""topwt"": 11086.5087890625, ""grnwt"": 5028.777160644531, ""xlai"": 1.5621495246887207, ""totir"": 0.0, ""tofer"": NaN, ""swfac"": 0.0, ""nstres"": 0.0}",0.0,0.0,11086.5087890625,5028.777160644531,1.5621495246887207,0.0,,0.0,0.0,0.0,150.0,23.93743896484375,23.93743896484375,Leave_One_experiments/all_year_offline_schedule_search/daily_outputs/FQA/FQA_2022_FQA2022_normal_grid_S0010_daily.csv
FQA,FQA,Fengqiu,2022,Leave_One_experiments\wth_generated_qc\FQA\FQA2022.WTH,normal_year;nitrogen_stress_year;low_response_year,normal,FQA2022_normal_grid_S0010,low_input_within_10pct_yield,2022-09-04,247,91,86,"{""sim_day"": 91.0, ""doy"": 247.0, ""topwt"": 11372.67333984375, ""grnwt"": 5314.9407958984375, ""xlai"": 1.4793933629989624, ""totir"": 0.0, ""tofer"": NaN, ""swfac"": 0.0, ""nstres"": 0.0}",0.0,0.0,11372.67333984375,5314.9407958984375,1.4793933629989624,0.0,,0.0,0.0,0.0,150.0,23.93743896484375,23.93743896484375,Leave_One_experiments/all_year_offline_schedule_search/daily_outputs/FQA/FQA_2022_FQA2022_normal_grid_S0010_daily.csv
FQA,FQA,Fengqiu,2022,Leave_One_experiments\wth_generated_qc\FQA\FQA2022.WTH,normal_year;nitrogen_stress_year;low_response_year,normal,FQA2022_normal_grid_S0010,low_input_within_10pct_yield,2022-09-05,248,92,87,"{""sim_day"": 92.0, ""doy"": 248.0, ""topwt"": 11648.701171875, ""grnwt"": 5590.96923828125, ""xlai"": 1.3875184059143066, ""totir"": 0.0, ""tofer"": NaN, ""swfac"": 0.0, ""nstres"": 0.0}",0.0,0.0,11648.701171875,5590.96923828125,1.3875184059143066,0.0,,0.0,0.0,0.0,150.0,23.93743896484375,23.93743896484375,Leave_One_experiments/all_year_offline_schedule_search/daily_outputs/FQA/FQA_2022_FQA2022_normal_grid_S0010_daily.csv
FQA,FQA,Fengqiu,2022,Leave_One_experiments\wth_generated_qc\FQA\FQA2022.WTH,normal_year;nitrogen_stress_year;low_response_year,normal,FQA2022_normal_grid_S0010,low_input_within_10pct_yield,2022-09-06,249,93,88,"{""sim_day"": 93.0, ""doy"": 249.0, ""topwt"": 11919.6826171875, ""grnwt"": 5861.949462890625, ""xlai"": 1.3010797500610352, ""totir"": 0.0, ""tofer"": NaN, ""swfac"": 0.0, ""nstres"": 0.0}",0.0,0.0,11919.6826171875,5861.949462890625,1.3010797500610352,0.0,,0.0,0.0,0.0,150.0,23.93743896484375,23.93743896484375,Leave_One_experiments/all_year_offline_schedule_search/daily_outputs/FQA/FQA_2022_FQA2022_normal_grid_S0010_daily.csv
FQA,FQA,Fengqiu,2022,Leave_One_experiments\wth_generated_qc\FQA\FQA2022.WTH,normal_year;nitrogen_stress_year;low_response_year,normal,FQA2022_normal_grid_S0010,low_input_within_10pct_yield,2022-09-07,250,94,89,"{""sim_day"": 94.0, ""doy"": 250.0, ""topwt"": 12119.775390625, ""grnwt"": 6062.04345703125, ""xlai"": 1.209499716758728, ""totir"": 0.0, ""tofer"": NaN, ""swfac"": 0.0, ""nstres"": 0.0}",0.0,0.0,12119.775390625,6062.04345703125,1.209499716758728,0.0,,0.0,0.0,0.0,150.0,23.93743896484375,23.93743896484375,Leave_One_experiments/all_year_offline_schedule_search/daily_outputs/FQA/FQA_2022_FQA2022_normal_grid_S0010_daily.csv
FQA,FQA,Fengqiu,2022,Leave_One_experiments\wth_generated_qc\FQA\FQA2022.WTH,normal_year;nitrogen_stress_year;low_response_year,normal,FQA2022_normal_grid_S0010,low_input_within_10pct_yield,2022-09-08,251,95,90,"{""sim_day"": 95.0, ""doy"": 251.0, ""topwt"": 12201.47705078125, ""grnwt"": 6143.743896484375, ""xlai"": 1.1084764003753662, ""totir"": 0.0, ""tofer"": NaN, ""swfac"": 0.0, ""nstres"": 0.0}",0.0,0.0,12201.47705078125,6143.743896484375,1.1084764003753662,0.0,,0.0,0.0,0.0,150.0,23.93743896484375,23.93743896484375,Leave_One_experiments/all_year_offline_schedule_search/daily_outputs/FQA/FQA_2022_FQA2022_normal_grid_S0010_daily.csv
FQA,FQA,Fengqiu,2022,Leave_One_experiments\wth_generated_qc\FQA\FQA2022.WTH,normal_year;nitrogen_stress_year;low_response_year,normal,FQA2022_normal_grid_S0010,low_input_within_10pct_yield,2022-09-09,252,96,91,"{""sim_day"": 96.0, ""doy"": 252.0, ""topwt"": 12201.47705078125, ""grnwt"": 6143.743896484375, ""xlai"": 1.1084764003753662, ""totir"": 0.0, ""tofer"": NaN, ""swfac"": 0.0, ""nstres"": 0.0}",0.0,0.0,12201.47705078125,6143.743896484375,1.1084764003753662,0.0,,0.0,0.0,0.0,150.0,23.93743896484375,23.93743896484375,Leave_One_experiments/all_year_offline_schedule_search/daily_outputs/FQA/FQA_2022_FQA2022_normal_grid_S0010_daily.csv
FQA,FQA,Fengqiu,2022,Leave_One_experiments\wth_generated_qc\FQA\FQA2022.WTH,normal_year;nitrogen_stress_year;low_response_year,normal,FQA2022_normal_grid_S0010,low_input_within_10pct_yield,2022-09-10,253,97,92,"{""sim_day"": 97.0, ""doy"": 253.0, ""topwt"": 12201.47705078125, ""grnwt"": 6143.743896484375, ""xlai"": 1.1084764003753662, ""totir"": 0.0, ""tofer"": NaN, ""swfac"": 0.0, ""nstres"": 0.0}",0.0,0.0,12201.47705078125,6143.743896484375,1.1084764003753662,0.0,,0.0,0.0,0.0,150.0,23.93743896484375,23.93743896484375,Leave_One_experiments/all_year_offline_schedule_search/daily_outputs/FQA/FQA_2022_FQA2022_normal_grid_S0010_daily.csv
FQA,FQA,Fengqiu,2022,Leave_One_experiments\wth_generated_qc\FQA\FQA2022.WTH,normal_year;nitrogen_stress_year;low_response_year,normal,FQA2022_normal_grid_S0010,low_input_within_10pct_yield,2022-09-11,254,98,93,"{""sim_day"": 98.0, ""doy"": 254.0, ""topwt"": 12201.47705078125, ""grnwt"": 6143.743896484375, ""xlai"": 1.1084764003753662, ""totir"": 0.0, ""tofer"": NaN, ""swfac"": 0.0, ""nstres"": 0.0}",0.0,0.0,12201.47705078125,6143.743896484375,1.1084764003753662,0.0,,0.0,0.0,0.0,150.0,23.93743896484375,23.93743896484375,Leave_One_experiments/all_year_offline_schedule_search/daily_outputs/FQA/FQA_2022_FQA2022_normal_grid_S0010_daily.csv
FQA,FQA,Fengqiu,2023,Leave_One_experiments\wth_generated_qc\FQA\FQA2023.WTH,normal_year;water_stress_year;nitrogen_stress_year,water_stress,FQA2023_stress_grid_S0003,irrigation_positive_candidate,2023-06-11,162,1,1,"{""sim_day"": 1.0, ""doy"": 162.0, ""topwt"": 0.0, ""grnwt"": 0.0, ""xlai"": 0.0, ""totir"": 0.0, ""tofer"": NaN, ""swfac"": 0.0, ""nstres"": 0.0}",0.0,0.0,0.0,0.0,0.0,0.0,,0.0,0.0,20.0,0.0,12.19751892089844,20.19751892089844,Leave_One_experiments/all_year_offline_schedule_search/daily_outputs/FQA/FQA_2023_FQA2023_stress_grid_S0003_daily.csv
FQA,FQA,Fengqiu,2023,Leave_One_experiments\wth_generated_qc\FQA\FQA2023.WTH,normal_year;water_stress_year;nitrogen_stress_year,water_stress,FQA2023_stress_grid_S0003,irrigation_positive_candidate,2023-06-12,163,2,2,"{""sim_day"": 2.0, ""doy"": 163.0, ""topwt"": 0.0, ""grnwt"": 0.0, ""xlai"": 0.0, ""totir"": 0.0, ""tofer"": NaN, ""swfac"": 0.0, ""nstres"": 0.0}",0.0,0.0,0.0,0.0,0.0,0.0,,0.0,0.0,20.0,0.0,12.19751892089844,20.19751892089844,Leave_One_experiments/all_year_offline_schedule_search/daily_outputs/FQA/FQA_2023_FQA2023_stress_grid_S0003_daily.csv
FQA,FQA,Fengqiu,2023,Leave_One_experiments\wth_generated_qc\FQA\FQA2023.WTH,normal_year;water_stress_year;nitrogen_stress_year,water_stress,FQA2023_stress_grid_S0003,irrigation_positive_candidate,2023-06-13,164,3,3,"{""sim_day"": 3.0, ""doy"": 164.0, ""topwt"": 0.0, ""grnwt"": 0.0, ""xlai"": 0.0, ""totir"": 0.0, ""tofer"": NaN, ""swfac"": 0.0, ""nstres"": 0.0}",0.0,0.0,0.0,0.0,0.0,0.0,,0.0,0.0,20.0,0.0,12.19751892089844,20.19751892089844,Leave_One_experiments/all_year_offline_schedule_search/daily_outputs/FQA/FQA_2023_FQA2023_stress_grid_S0003_daily.csv
FQA,FQA,Fengqiu,2023,Leave_One_experiments\wth_generated_qc\FQA\FQA2023.WTH,normal_year;water_stress_year;nitrogen_stress_year,water_stress,FQA2023_stress_grid_S0003,irrigation_positive_candidate,2023-06-14,165,4,4,"{""sim_day"": 4.0, ""doy"": 165.0, ""topwt"": 0.0, ""grnwt"": 0.0, ""xlai"": 0.0, ""totir"": 0.0, ""tofer"": NaN, ""swfac"": 0.0, ""nstres"": 0.0}",0.0,0.0,0.0,0.0,0.0,0.0,,0.0,0.0,20.0,0.0,12.19751892089844,20.19751892089844,Leave_One_experiments/all_year_offline_schedule_search/daily_outputs/FQA/FQA_2023_FQA2023_stress_grid_S0003_daily.csv
FQA,FQA,Fengqiu,2023,Leave_One_experiments\wth_generated_qc\FQA\FQA2023.WTH,normal_year;water_stress_year;nitrogen_stress_year,water_stress,FQA2023_stress_grid_S0003,irrigation_positive_candidate,2023-06-15,166,5,5,"{""sim_day"": 5.0, ""doy"": 166.0, ""topwt"": 0.0, ""grnwt"": 0.0, ""xlai"": 0.0, ""totir"": 0.0, ""tofer"": NaN, ""swfac"": 0.0, ""nstres"": 0.0}",0.0,0.0,0.0,0.0,0.0,0.0,,0.0,0.0,20.0,0.0,12.19751892089844,20.19751892089844,Leave_One_experiments/all_year_offline_schedule_search/daily_outputs/FQA/FQA_2023_FQA2023_stress_grid_S0003_daily.csv
FQA,FQA,Fengqiu,2023,Leave_One_experiments\wth_generated_qc\FQA\FQA2023.WTH,normal_year;water_stress_year;nitrogen_stress_year,water_stress,FQA2023_stress_grid_S0003,irrigation_positive_candidate,2023-06-11,162,6,1,"{""sim_day"": 6.0, ""doy"": 162.0, ""topwt"": 0.0, ""grnwt"": 0.0, ""xlai"": 0.0, ""totir"": 0.0, ""tofer"": NaN, ""swfac"": 0.0, ""nstres"": 0.0}",0.0,0.0,0.0,0.0,0.0,0.0,,0.0,0.0,20.0,0.0,12.19751892089844,20.19751892089844,Leave_One_experiments/all_year_offline_schedule_search/daily_outputs/FQA/FQA_2023_FQA2023_stress_grid_S0003_daily.csv
FQA,FQA,Fengqiu,2023,Leave_One_experiments\wth_generated_qc\FQA\FQA2023.WTH,normal_year;water_stress_year;nitrogen_stress_year,water_stress,FQA2023_stress_grid_S0003,irrigation_positive_candidate,2023-06-12,163,7,2,"{""sim_day"": 7.0, ""doy"": 163.0, ""topwt"": 0.0, ""grnwt"": 0.0, ""xlai"": 0.0, ""totir"": 0.0, ""tofer"": NaN, ""swfac"": 0.0, ""nstres"": 0.0}",0.0,0.0,0.0,0.0,0.0,0.0,,0.0,0.0,20.0,0.0,12.19751892089844,20.19751892089844,Leave_One_experiments/all_year_offline_schedule_search/daily_outputs/FQA/FQA_2023_FQA2023_stress_grid_S0003_daily.csv
FQA,FQA,Fengqiu,2023,Leave_One_experiments\wth_generated_qc\FQA\FQA2023.WTH,normal_year;water_stress_year;nitrogen_stress_year,water_stress,FQA2023_stress_grid_S0003,irrigation_positive_candidate,2023-06-13,164,8,3,"{""sim_day"": 8.0, ""doy"": 164.0, ""topwt"": 0.0, ""grnwt"": 0.0, ""xlai"": 0.0, ""totir"": 0.0, ""tofer"": NaN, ""swfac"": 0.0, ""nstres"": 0.0}",0.0,0.0,0.0,0.0,0.0,0.0,,0.0,0.0,20.0,0.0,12.19751892089844,20.19751892089844,Leave_One_experiments/all_year_offline_schedule_search/daily_outputs/FQA/FQA_2023_FQA2023_stress_grid_S0003_daily.csv
FQA,FQA,Fengqiu,2023,Leave_One_experiments\wth_generated_qc\FQA\FQA2023.WTH,normal_year;water_stress_year;nitrogen_stress_year,water_stress,FQA2023_stress_grid_S0003,irrigation_positive_candidate,2023-06-14,165,9,4,"{""sim_day"": 9.0, ""doy"": 165.0, ""topwt"": 0.0, ""grnwt"": 0.0, ""xlai"": 0.0, ""totir"": 0.0, ""tofer"": NaN, ""swfac"": 0.0, ""nstres"": 0.0}",0.0,0.0,0.0,0.0,0.0,0.0,,0.0,0.0,20.0,0.0,12.19751892089844,20.19751892089844,Leave_One_experiments/all_year_offline_schedule_search/daily_outputs/FQA/FQA_2023_FQA2023_stress_grid_S0003_daily.csv
FQA,FQA,Fengqiu,2023,Leave_One_experiments\wth_generated_qc\FQA\FQA2023.WTH,normal_year;water_stress_year;nitrogen_stress_year,water_stress,FQA2023_stress_grid_S0003,irrigation_positive_candidate,2023-06-15,166,10,5,"{""sim_day"": 10.0, ""doy"": 166.0, ""topwt"": 32.00000047683716, ""grnwt"": 0.0, ""xlai"": 0.0032891989685595, ""totir"": 0.0, ""tofer"": NaN, ""swfac"": 0.0, ""nstres"": 0.0121910572052001}",0.0,0.0121910572052001,32.00000047683716,0.0,0.0032891989685595,0.0,,0.0,0.0,20.0,0.0,12.19751892089844,20.19751892089844,Leave_One_experiments/all_year_offline_schedule_search/daily_outputs/FQA/FQA_2023_FQA2023_stress_grid_S0003_daily.csv
FQA,FQA,Fengqiu,2023,Leave_One_experiments\wth_generated_qc\FQA\FQA2023.WTH,normal_year;water_stress_year;nitrogen_stress_year,water_stress,FQA2023_stress_grid_S0003,irrigation_positive_candidate,2023-06-16,167,11,6,"{""sim_day"": 11.0, ""doy"": 167.0, ""topwt"": 32.00000047683716, ""grnwt"": 0.0, ""xlai"": 0.0056471456773579, ""totir"": 0.0, ""tofer"": NaN, ""swfac"": 0.0, ""nstres"": 0.0017329454421997}",0.0,0.0017329454421997,32.00000047683716,0.0,0.0056471456773579,0.0,,0.0,0.0,20.0,0.0,12.19751892089844,20.19751892089844,Leave_One_experiments/all_year_offline_schedule_search/daily_outputs/FQA/FQA_2023_FQA2023_stress_grid_S0003_daily.csv
FQA,FQA,Fengqiu,2023,Leave_One_experiments\wth_generated_qc\FQA\FQA2023.WTH,normal_year;water_stress_year;nitrogen_stress_year,water_stress,FQA2023_stress_grid_S0003,irrigation_positive_candidate,2023-06-17,168,12,7,"{""sim_day"": 12.0, ""doy"": 168.0, ""topwt"": 32.00000047683716, ""grnwt"": 0.0, ""xlai"": 0.0079596899449825, ""totir"": 0.0, ""tofer"": NaN, ""swfac"": 0.0, ""nstres"": 0.0}",0.0,0.0,32.00000047683716,0.0,0.0079596899449825,0.0,,0.0,0.0,20.0,0.0,12.19751892089844,20.19751892089844,Leave_One_experiments/all_year_offline_schedule_search/daily_outputs/FQA/FQA_2023_FQA2023_stress_grid_S0003_daily.csv
FQA,FQA,Fengqiu,2023,Leave_One_experiments\wth_generated_qc\FQA\FQA2023.WTH,normal_year;water_stress_year;nitrogen_stress_year,water_stress,FQA2023_stress_grid_S0003,irrigation_positive_candidate,2023-06-18,169,13,8,"{""sim_day"": 13.0, ""doy"": 169.0, ""topwt"": 32.00000047683716, ""grnwt"": 0.0, ""xlai"": 0.0107729705050587, ""totir"": 0.0, ""tofer"": NaN, ""swfac"": 0.0, ""nstres"": 0.0}",0.0,0.0,32.00000047683716,0.0,0.0107729705050587,0.0,,0.0,0.0,20.0,0.0,12.19751892089844,20.19751892089844,Leave_One_experiments/all_year_offline_schedule_search/daily_outputs/FQA/FQA_2023_FQA2023_stress_grid_S0003_daily.csv
FQA,FQA,Fengqiu,2023,Leave_One_experiments\wth_generated_qc\FQA\FQA2023.WTH,normal_year;water_stress_year;nitrogen_stress_year,water_stress,FQA2023_stress_grid_S0003,irrigation_positive_candidate,2023-06-19,170,14,9,"{""sim_day"": 14.0, ""doy"": 170.0, ""topwt"": 32.00000047683716, ""grnwt"": 0.0, ""xlai"": 0.0143443448469042, ""totir"": 0.0, ""tofer"": NaN, ""swfac"": 0.0, ""nstres"": 0.0}",0.0,0.0,32.00000047683716,0.0,0.0143443448469042,0.0,,0.0,0.0,20.0,0.0,12.19751892089844,20.19751892089844,Leave_One_experiments/all_year_offline_schedule_search/daily_outputs/FQA/FQA_2023_FQA2023_stress_grid_S0003_daily.csv
FQA,FQA,Fengqiu,2023,Leave_One_experiments\wth_generated_qc\FQA\FQA2023.WTH,normal_year;water_stress_year;nitrogen_stress_year,water_stress,FQA2023_stress_grid_S0003,irrigation_positive_candidate,2023-06-20,171,15,10,"{""sim_day"": 15.0, ""doy"": 171.0, ""topwt"": 32.00000047683716, ""grnwt"": 0.0, ""xlai"": 0.0188286881893873, ""totir"": 0.0, ""tofer"": NaN, ""swfac"": 0.0, ""nstres"": 0.0}",0.0,0.0,32.00000047683716,0.0,0.0188286881893873,0.0,,0.0,0.0,20.0,0.0,12.19751892089844,20.19751892089844,Leave_One_experiments/all_year_offline_schedule_search/daily_outputs/FQA/FQA_2023_FQA2023_stress_grid_S0003_daily.csv
FQA,FQA,Fengqiu,2023,Leave_One_experiments\wth_generated_qc\FQA\FQA2023.WTH,normal_year;water_stress_year;nitrogen_stress_year,water_stress,FQA2023_stress_grid_S0003,irrigation_positive_candidate,2023-06-21,172,16,11,"{""sim_day"": 16.0, ""doy"": 172.0, ""topwt"": 24.14443016052246, ""grnwt"": 0.0, ""xlai"": 0.0341469794511795, ""totir"": 0.0, ""tofer"": NaN, ""swfac"": 0.0, ""nstres"": 0.0}",0.0,0.0,24.14443016052246,0.0,0.0341469794511795,0.0,,0.0,0.0,20.0,0.0,12.19751892089844,20.19751892089844,Leave_One_experiments/all_year_offline_schedule_search/daily_outputs/FQA/FQA_2023_FQA2023_stress_grid_S0003_daily.csv
FQA,FQA,Fengqiu,2023,Leave_One_experiments\wth_generated_qc\FQA\FQA2023.WTH,normal_year;water_stress_year;nitrogen_stress_year,water_stress,FQA2023_stress_grid_S0003,irrigation_positive_candidate,2023-06-22,173,17,12,"{""sim_day"": 17.0, ""doy"": 173.0, ""topwt"": 29.862966537475582, ""grnwt"": 0.0, ""xlai"": 0.05215884745121, ""totir"": 0.0, ""tofer"": NaN, ""swfac"": 0.0, ""nstres"": 0.0}",0.0,0.0,29.862966537475582,0.0,0.05215884745121,0.0,,0.0,0.0,20.0,0.0,12.19751892089844,20.19751892089844,Leave_One_experiments/all_year_offline_schedule_search/daily_outputs/FQA/FQA_2023_FQA2023_stress_grid_S0003_daily.csv
FQA,FQA,Fengqiu,2023,Leave_One_experiments\wth_generated_qc\FQA\FQA2023.WTH,normal_year;water_stress_year;nitrogen_stress_year,water_stress,FQA2023_stress_grid_S0003,irrigation_positive_candidate,2023-06-23,174,18,13,"{""sim_day"": 18.0, ""doy"": 174.0, ""topwt"": 36.80789470672608, ""grnwt"": 0.0, ""xlai"": 0.0720496326684951, ""totir"": 0.0, ""tofer"": NaN, ""swfac"": 0.0, ""nstres"": 0.0}",0.0,0.0,36.80789470672608,0.0,0.0720496326684951,0.0,,0.0,0.0,20.0,0.0,12.19751892089844,20.19751892089844,Leave_One_experiments/all_year_offline_schedule_search/daily_outputs/FQA/FQA_2023_FQA2023_stress_grid_S0003_daily.csv
FQA,FQA,Fengqiu,2023,Leave_One_experiments\wth_generated_qc\FQA\FQA2023.WTH,normal_year;water_stress_year;nitrogen_stress_year,water_stress,FQA2023_stress_grid_S0003,irrigation_positive_candidate,2023-06-24,175,19,14,"{""sim_day"": 19.0, ""doy"": 175.0, ""topwt"": 44.14747714996338, ""grnwt"": 0.0, ""xlai"": 0.0915989652276039, ""totir"": 0.0, ""tofer"": NaN, ""swfac"": 0.0, ""nstres"": 0.0}",0.0,0.0,44.14747714996338,0.0,0.0915989652276039,0.0,,0.0,0.0,20.0,0.0,12.19751892089844,20.19751892089844,Leave_One_experiments/all_year_offline_schedule_search/daily_outputs/FQA/FQA_2023_FQA2023_stress_grid_S0003_daily.csv
FQA,FQA,Fengqiu,2023,Leave_One_experiments\wth_generated_qc\FQA\FQA2023.WTH,normal_year;water_stress_year;nitrogen_stress_year,water_stress,FQA2023_stress_grid_S0003,irrigation_positive_candidate,2023-06-25,176,20,15,"{""sim_day"": 20.0, ""doy"": 176.0, ""topwt"": 52.966413497924805, ""grnwt"": 0.0, ""xlai"": 0.1137223467230796, ""totir"": 0.0, ""tofer"": NaN, ""swfac"": 0.0, ""nstres"": 0.0}",0.0,0.0,52.966413497924805,0.0,0.1137223467230796,0.0,,0.0,0.0,20.0,0.0,12.19751892089844,20.19751892089844,Leave_One_experiments/all_year_offline_schedule_search/daily_outputs/FQA/FQA_2023_FQA2023_stress_grid_S0003_daily.csv
FQA,FQA,Fengqiu,2023,Leave_One_experiments\wth_generated_qc\FQA\FQA2023.WTH,normal_year;water_stress_year;nitrogen_stress_year,water_stress,FQA2023_stress_grid_S0003,irrigation_positive_candidate,2023-06-26,177,21,16,"{""sim_day"": 21.0, ""doy"": 177.0, ""topwt"": 64.63232517242432, ""grnwt"": 0.0, ""xlai"": 0.1413491368293762, ""totir"": 0.0, ""tofer"": NaN, ""swfac"": 0.0, ""nstres"": 0.0}",0.0,0.0,64.63232517242432,0.0,0.1413491368293762,0.0,,0.0,0.0,20.0,0.0,12.19751892089844,20.19751892089844,Leave_One_experiments/all_year_offline_schedule_search/daily_outputs/FQA/FQA_2023_FQA2023_stress_grid_S0003_daily.csv
FQA,FQA,Fengqiu,2023,Leave_One_experiments\wth_generated_qc\FQA\FQA2023.WTH,normal_year;water_stress_year;nitrogen_stress_year,water_stress,FQA2023_stress_grid_S0003,irrigation_positive_candidate,2023-06-27,178,22,17,"{""sim_day"": 22.0, ""doy"": 178.0, ""topwt"": 77.74917602539062, ""grnwt"": 0.0, ""xlai"": 0.1707734316587448, ""totir"": 0.0, ""tofer"": NaN, ""swfac"": 0.0, ""nstres"": 0.0}",0.0,0.0,77.74917602539062,0.0,0.1707734316587448,0.0,,0.0,0.0,20.0,0.0,12.19751892089844,20.19751892089844,Leave_One_experiments/all_year_offline_schedule_search/daily_outputs/FQA/FQA_2023_FQA2023_stress_grid_S0003_daily.csv
FQA,FQA,Fengqiu,2023,Leave_One_experiments\wth_generated_qc\FQA\FQA2023.WTH,normal_year;water_stress_year;nitrogen_stress_year,water_stress,FQA2023_stress_grid_S0003,irrigation_positive_candidate,2023-06-28,179,23,18,"{""sim_day"": 23.0, ""doy"": 179.0, ""topwt"": 92.06662178039552, ""grnwt"": 0.0, ""xlai"": 0.2013971209526062, ""totir"": 0.0, ""tofer"": NaN, ""swfac"": 0.0, ""nstres"": 0.0}",0.0,0.0,92.06662178039552,0.0,0.2013971209526062,0.0,,0.0,0.0,20.0,0.0,12.19751892089844,20.19751892089844,Leave_One_experiments/all_year_offline_schedule_search/daily_outputs/FQA/FQA_2023_FQA2023_stress_grid_S0003_daily.csv
FQA,FQA,Fengqiu,2023,Leave_One_experiments\wth_generated_qc\FQA\FQA2023.WTH,normal_year;water_stress_year;nitrogen_stress_year,water_stress,FQA2023_stress_grid_S0003,irrigation_positive_candidate,2023-06-29,180,24,19,"{""sim_day"": 24.0, ""doy"": 180.0, ""topwt"": 108.65660667419434, ""grnwt"": 0.0, ""xlai"": 0.2353721410036087, ""totir"": 0.0, ""tofer"": NaN, ""swfac"": 0.0, ""nstres"": 0.0}",0.0,0.0,108.65660667419434,0.0,0.2353721410036087,0.0,,0.0,0.0,20.0,0.0,12.19751892089844,20.19751892089844,Leave_One_experiments/all_year_offline_schedule_search/daily_outputs/FQA/FQA_2023_FQA2023_stress_grid_S0003_daily.csv
FQA,FQA,Fengqiu,2023,Leave_One_experiments\wth_generated_qc\FQA\FQA2023.WTH,normal_year;water_stress_year;nitrogen_stress_year,water_stress,FQA2023_stress_grid_S0003,irrigation_positive_candidate,2023-06-30,181,25,20,"{""sim_day"": 25.0, ""doy"": 181.0, ""topwt"": 127.60798454284668, ""grnwt"": 0.0, ""xlai"": 0.2714024782180786, ""totir"": 20.0, ""tofer"": NaN, ""swfac"": 0.0, ""nstres"": 0.0}",0.0,0.0,127.60798454284668,0.0,0.2714024782180786,20.0,,20.0,0.0,20.0,0.0,12.19751892089844,20.19751892089844,Leave_One_experiments/all_year_offline_schedule_search/daily_outputs/FQA/FQA_2023_FQA2023_stress_grid_S0003_daily.csv
FQA,FQA,Fengqiu,2023,Leave_One_experiments\wth_generated_qc\FQA\FQA2023.WTH,normal_year;water_stress_year;nitrogen_stress_year,water_stress,FQA2023_stress_grid_S0003,irrigation_positive_candidate,2023-07-01,182,26,21,"{""sim_day"": 26.0, ""doy"": 182.0, ""topwt"": 148.55951309204102, ""grnwt"": 0.0, ""xlai"": 0.3122867047786712, ""totir"": 20.0, ""tofer"": NaN, ""swfac"": 0.0, ""nstres"": 0.0}",0.0,0.0,148.55951309204102,0.0,0.3122867047786712,20.0,,0.0,0.0,20.0,0.0,12.19751892089844,20.19751892089844,Leave_One_experiments/all_year_offline_schedule_search/daily_outputs/FQA/FQA_2023_FQA2023_stress_grid_S0003_daily.csv
FQA,FQA,Fengqiu,2023,Leave_One_experiments\wth_generated_qc\FQA\FQA2023.WTH,normal_year;water_stress_year;nitrogen_stress_year,water_stress,FQA2023_stress_grid_S0003,irrigation_positive_candidate,2023-07-02,183,27,22,"{""sim_day"": 27.0, ""doy"": 183.0, ""topwt"": 170.10982513427734, ""grnwt"": 0.0, ""xlai"": 0.3527257144451141, ""totir"": 20.0, ""tofer"": NaN, ""swfac"": 0.0, ""nstres"": 0.0}",0.0,0.0,170.10982513427734,0.0,0.3527257144451141,20.0,,0.0,0.0,20.0,0.0,12.19751892089844,20.19751892089844,Leave_One_experiments/all_year_offline_schedule_search/daily_outputs/FQA/FQA_2023_FQA2023_stress_grid_S0003_daily.csv
FQA,FQA,Fengqiu,2023,Leave_One_experiments\wth_generated_qc\FQA\FQA2023.WTH,normal_year;water_stress_year;nitrogen_stress_year,water_stress,FQA2023_stress_grid_S0003,irrigation_positive_candidate,2023-07-03,184,28,23,"{""sim_day"": 28.0, ""doy"": 184.0, ""topwt"": 197.23886489868164, ""grnwt"": 0.0, ""xlai"": 0.4015429019927978, ""totir"": 20.0, ""tofer"": NaN, ""swfac"": 0.0, ""nstres"": 0.0}",0.0,0.0,197.23886489868164,0.0,0.4015429019927978,20.0,,0.0,0.0,20.0,0.0,12.19751892089844,20.19751892089844,Leave_One_experiments/all_year_offline_schedule_search/daily_outputs/FQA/FQA_2023_FQA2023_stress_grid_S0003_daily.csv
FQA,FQA,Fengqiu,2023,Leave_One_experiments\wth_generated_qc\FQA\FQA2023.WTH,normal_year;water_stress_year;nitrogen_stress_year,water_stress,FQA2023_stress_grid_S0003,irrigation_positive_candidate,2023-07-04,185,29,24,"{""sim_day"": 29.0, ""doy"": 185.0, ""topwt"": 227.6280212402344, ""grnwt"": 0.0, ""xlai"": 0.4538227319717407, ""totir"": 20.0, ""tofer"": NaN, ""swfac"": 0.0, ""nstres"": 0.0}",0.0,0.0,227.6280212402344,0.0,0.4538227319717407,20.0,,0.0,0.0,20.0,0.0,12.19751892089844,20.19751892089844,Leave_One_experiments/all_year_offline_schedule_search/daily_outputs/FQA/FQA_2023_FQA2023_stress_grid_S0003_daily.csv
FQA,FQA,Fengqiu,2023,Leave_One_experiments\wth_generated_qc\FQA\FQA2023.WTH,normal_year;water_stress_year;nitrogen_stress_year,water_stress,FQA2023_stress_grid_S0003,irrigation_positive_candidate,2023-07-05,186,30,25,"{""sim_day"": 30.0, ""doy"": 186.0, ""topwt"": 261.0140037536621, ""grnwt"": 0.0, ""xlai"": 0.5086990594863892, ""totir"": 20.0, ""tofer"": NaN, ""swfac"": 0.0, ""nstres"": 0.0}",0.0,0.0,261.0140037536621,0.0,0.5086990594863892,20.0,,0.0,0.0,20.0,0.0,12.19751892089844,20.19751892089844,Leave_One_experiments/all_year_offline_schedule_search/daily_outputs/FQA/FQA_2023_FQA2023_stress_grid_S0003_daily.csv
FQA,FQA,Fengqiu,2023,Leave_One_experiments\wth_generated_qc\FQA\FQA2023.WTH,normal_year;water_stress_year;nitrogen_stress_year,water_stress,FQA2023_stress_grid_S0003,irrigation_positive_candidate,2023-07-06,187,31,26,"{""sim_day"": 31.0, ""doy"": 187.0, ""topwt"": 300.3396797180176, ""grnwt"": 0.0, ""xlai"": 0.5702962875366211, ""totir"": 20.0, ""tofer"": NaN, ""swfac"": 0.0, ""nstres"": 0.0}",0.0,0.0,300.3396797180176,0.0,0.5702962875366211,20.0,,0.0,0.0,20.0,0.0,12.19751892089844,20.19751892089844,Leave_One_experiments/all_year_offline_schedule_search/daily_outputs/FQA/FQA_2023_FQA2023_stress_grid_S0003_daily.csv
FQA,FQA,Fengqiu,2023,Leave_One_experiments\wth_generated_qc\FQA\FQA2023.WTH,normal_year;water_stress_year;nitrogen_stress_year,water_stress,FQA2023_stress_grid_S0003,irrigation_positive_candidate,2023-07-07,188,32,27,"{""sim_day"": 32.0, ""doy"": 188.0, ""topwt"": 346.03343963623047, ""grnwt"": 0.0, ""xlai"": 0.6382828950881958, ""totir"": 20.0, ""tofer"": NaN, ""swfac"": 0.0, ""nstres"": 0.0}",0.0,0.0,346.03343963623047,0.0,0.6382828950881958,20.0,,0.0,0.0,20.0,0.0,12.19751892089844,20.19751892089844,Leave_One_experiments/all_year_offline_schedule_search/daily_outputs/FQA/FQA_2023_FQA2023_stress_grid_S0003_daily.csv
FQA,FQA,Fengqiu,2023,Leave_One_experiments\wth_generated_qc\FQA\FQA2023.WTH,normal_year;water_stress_year;nitrogen_stress_year,water_stress,FQA2023_stress_grid_S0003,irrigation_positive_candidate,2023-07-08,189,33,28,"{""sim_day"": 33.0, ""doy"": 189.0, ""topwt"": 398.8140487670898, ""grnwt"": 0.0, ""xlai"": 0.7126792669296265, ""totir"": 20.0, ""tofer"": NaN, ""swfac"": 0.0, ""nstres"": 0.0}",0.0,0.0,398.8140487670898,0.0,0.7126792669296265,20.0,,0.0,0.0,20.0,0.0,12.19751892089844,20.19751892089844,Leave_One_experiments/all_year_offline_schedule_search/daily_outputs/FQA/FQA_2023_FQA2023_stress_grid_S0003_daily.csv
FQA,FQA,Fengqiu,2023,Leave_One_experiments\wth_generated_qc\FQA\FQA2023.WTH,normal_year;water_stress_year;nitrogen_stress_year,water_stress,FQA2023_stress_grid_S0003,irrigation_positive_candidate,2023-07-09,190,34,29,"{""sim_day"": 34.0, ""doy"": 190.0, ""topwt"": 459.6295166015625, ""grnwt"": 0.0, ""xlai"": 0.7936930656433105, ""totir"": 20.0, ""tofer"": NaN, ""swfac"": 0.0, ""nstres"": 0.0}",0.0,0.0,459.6295166015625,0.0,0.7936930656433105,20.0,,0.0,0.0,20.0,0.0,12.19751892089844,20.19751892089844,Leave_One_experiments/all_year_offline_schedule_search/daily_outputs/FQA/FQA_2023_FQA2023_stress_grid_S0003_daily.csv
FQA,FQA,Fengqiu,2023,Leave_One_experiments\wth_generated_qc\FQA\FQA2023.WTH,normal_year;water_stress_year;nitrogen_stress_year,water_stress,FQA2023_stress_grid_S0003,irrigation_positive_candidate,2023-07-10,191,35,30,"{""sim_day"": 35.0, ""doy"": 191.0, ""topwt"": 525.2048110961914, ""grnwt"": 0.0, ""xlai"": 0.8748903870582581, ""totir"": 20.0, ""tofer"": NaN, ""swfac"": 0.0, ""nstres"": 0.012117862701416}",0.0,0.012117862701416,525.2048110961914,0.0,0.8748903870582581,20.0,,0.0,0.0,20.0,0.0,12.19751892089844,20.19751892089844,Leave_One_experiments/all_year_offline_schedule_search/daily_outputs/FQA/FQA_2023_FQA2023_stress_grid_S0003_daily.csv
FQA,FQA,Fengqiu,2023,Leave_One_experiments\wth_generated_qc\FQA\FQA2023.WTH,normal_year;water_stress_year;nitrogen_stress_year,water_stress,FQA2023_stress_grid_S0003,irrigation_positive_candidate,2023-07-11,192,36,31,"{""sim_day"": 36.0, ""doy"": 192.0, ""topwt"": 579.6664428710938, ""grnwt"": 0.0, ""xlai"": 0.9332210421562196, ""totir"": 20.0, ""tofer"": NaN, ""swfac"": 0.0, ""nstres"": 0.0587457418441772}",0.0,0.0587457418441772,579.6664428710938,0.0,0.9332210421562196,20.0,,0.0,0.0,20.0,0.0,12.19751892089844,20.19751892089844,Leave_One_experiments/all_year_offline_schedule_search/daily_outputs/FQA/FQA_2023_FQA2023_stress_grid_S0003_daily.csv
FQA,FQA,Fengqiu,2023,Leave_One_experiments\wth_generated_qc\FQA\FQA2023.WTH,normal_year;water_stress_year;nitrogen_stress_year,water_stress,FQA2023_stress_grid_S0003,irrigation_positive_candidate,2023-07-12,193,37,32,"{""sim_day"": 37.0, ""doy"": 193.0, ""topwt"": 633.5558319091797, ""grnwt"": 0.0, ""xlai"": 0.9837208986282348, ""totir"": 20.0, ""tofer"": NaN, ""swfac"": 0.0, ""nstres"": 0.0896697044372558}",0.0,0.0896697044372558,633.5558319091797,0.0,0.9837208986282348,20.0,,0.0,0.0,20.0,0.0,12.19751892089844,20.19751892089844,Leave_One_experiments/all_year_offline_schedule_search/daily_outputs/FQA/FQA_2023_FQA2023_stress_grid_S0003_daily.csv
FQA,FQA,Fengqiu,2023,Leave_One_experiments\wth_generated_qc\FQA\FQA2023.WTH,normal_year;water_stress_year;nitrogen_stress_year,water_stress,FQA2023_stress_grid_S0003,irrigation_positive_candidate,2023-07-13,194,38,33,"{""sim_day"": 38.0, ""doy"": 194.0, ""topwt"": 690.7289123535156, ""grnwt"": 0.0, ""xlai"": 1.0315688848495483, ""totir"": 20.0, ""tofer"": NaN, ""swfac"": 0.0, ""nstres"": 0.1114720106124877}",0.0,0.1114720106124877,690.7289123535156,0.0,1.0315688848495483,20.0,,0.0,0.0,20.0,0.0,12.19751892089844,20.19751892089844,Leave_One_experiments/all_year_offline_schedule_search/daily_outputs/FQA/FQA_2023_FQA2023_stress_grid_S0003_daily.csv
FQA,FQA,Fengqiu,2023,Leave_One_experiments\wth_generated_qc\FQA\FQA2023.WTH,normal_year;water_stress_year;nitrogen_stress_year,water_stress,FQA2023_stress_grid_S0003,irrigation_positive_candidate,2023-07-14,195,39,34,"{""sim_day"": 39.0, ""doy"": 195.0, ""topwt"": 755.1686096191406, ""grnwt"": 0.0, ""xlai"": 1.0806812047958374, ""totir"": 20.0, ""tofer"": NaN, ""swfac"": 0.0, ""nstres"": 0.1296800374984741}",0.0,0.1296800374984741,755.1686096191406,0.0,1.0806812047958374,20.0,,0.0,0.0,20.0,0.0,12.19751892089844,20.19751892089844,Leave_One_experiments/all_year_offline_schedule_search/daily_outputs/FQA/FQA_2023_FQA2023_stress_grid_S0003_daily.csv
FQA,FQA,Fengqiu,2023,Leave_One_experiments\wth_generated_qc\FQA\FQA2023.WTH,normal_year;water_stress_year;nitrogen_stress_year,water_stress,FQA2023_stress_grid_S0003,irrigation_positive_candidate,2023-07-15,196,40,35,"{""sim_day"": 40.0, ""doy"": 196.0, ""topwt"": 820.1416778564453, ""grnwt"": 0.0, ""xlai"": 1.1238031387329102, ""totir"": 20.0, ""tofer"": NaN, ""swfac"": 0.0, ""nstres"": 0.1472792625427246}",0.0,0.1472792625427246,820.1416778564453,0.0,1.1238031387329102,20.0,,0.0,0.0,20.0,0.0,12.19751892089844,20.19751892089844,Leave_One_experiments/all_year_offline_schedule_search/daily_outputs/FQA/FQA_2023_FQA2023_stress_grid_S0003_daily.csv
FQA,FQA,Fengqiu,2023,Leave_One_experiments\wth_generated_qc\FQA\FQA2023.WTH,normal_year;water_stress_year;nitrogen_stress_year,water_stress,FQA2023_stress_grid_S0003,irrigation_positive_candidate,2023-07-16,197,41,36,"{""sim_day"": 41.0, ""doy"": 197.0, ""topwt"": 878.7479400634766, ""grnwt"": 0.0, ""xlai"": 1.154807209968567, ""totir"": 20.0, ""tofer"": NaN, ""swfac"": 0.0, ""nstres"": 0.1653307676315307}",0.0,0.1653307676315307,878.7479400634766,0.0,1.154807209968567,20.0,,0.0,0.0,20.0,0.0,12.19751892089844,20.19751892089844,Leave_One_experiments/all_year_offline_schedule_search/daily_outputs/FQA/FQA_2023_FQA2023_stress_grid_S0003_daily.csv
FQA,FQA,Fengqiu,2023,Leave_One_experiments\wth_generated_qc\FQA\FQA2023.WTH,normal_year;water_stress_year;nitrogen_stress_year,water_stress,FQA2023_stress_grid_S0003,irrigation_positive_candidate,2023-07-17,198,42,37,"{""sim_day"": 42.0, ""doy"": 198.0, ""topwt"": 939.758071899414, ""grnwt"": 0.0, ""xlai"": 1.182603120803833, ""totir"": 20.0, ""tofer"": NaN, ""swfac"": 0.0, ""nstres"": 0.1808237433433532}",0.0,0.1808237433433532,939.758071899414,0.0,1.182603120803833,20.0,,0.0,0.0,20.0,0.0,12.19751892089844,20.19751892089844,Leave_One_experiments/all_year_offline_schedule_search/daily_outputs/FQA/FQA_2023_FQA2023_stress_grid_S0003_daily.csv
FQA,FQA,Fengqiu,2023,Leave_One_experiments\wth_generated_qc\FQA\FQA2023.WTH,normal_year;water_stress_year;nitrogen_stress_year,water_stress,FQA2023_stress_grid_S0003,irrigation_positive_candidate,2023-07-18,199,43,38,"{""sim_day"": 43.0, ""doy"": 199.0, ""topwt"": 1076.5741729736328, ""grnwt"": 0.0, ""xlai"": 1.2075518369674685, ""totir"": 20.0, ""tofer"": NaN, ""swfac"": 0.0, ""nstres"": 0.1911889314651489}",0.0,0.1911889314651489,1076.5741729736328,0.0,1.2075518369674685,20.0,,0.0,0.0,20.0,0.0,12.19751892089844,20.19751892089844,Leave_One_experiments/all_year_offline_schedule_search/daily_outputs/FQA/FQA_2023_FQA2023_stress_grid_S0003_daily.csv
FQA,FQA,Fengqiu,2023,Leave_One_experiments\wth_generated_qc\FQA\FQA2023.WTH,normal_year;water_stress_year;nitrogen_stress_year,water_stress,FQA2023_stress_grid_S0003,irrigation_positive_candidate,2023-07-19,200,44,39,"{""sim_day"": 44.0, ""doy"": 200.0, ""topwt"": 1219.3055725097656, ""grnwt"": 0.0, ""xlai"": 1.2289549112319946, ""totir"": 20.0, ""tofer"": NaN, ""swfac"": 0.0, ""nstres"": 0.199454128742218}",0.0,0.199454128742218,1219.3055725097656,0.0,1.2289549112319946,20.0,,0.0,0.0,20.0,0.0,12.19751892089844,20.19751892089844,Leave_One_experiments/all_year_offline_schedule_search/daily_outputs/FQA/FQA_2023_FQA2023_stress_grid_S0003_daily.csv
FQA,FQA,Fengqiu,2023,Leave_One_experiments\wth_generated_qc\FQA\FQA2023.WTH,normal_year;water_stress_year;nitrogen_stress_year,water_stress,FQA2023_stress_grid_S0003,irrigation_positive_candidate,2023-07-20,201,45,40,"{""sim_day"": 45.0, ""doy"": 201.0, ""topwt"": 1319.0641784667969, ""grnwt"": 0.0, ""xlai"": 1.2276062965393066, ""totir"": 20.0, ""tofer"": NaN, ""swfac"": 0.0, ""nstres"": 0.2848808765411377}",0.0,0.2848808765411377,1319.0641784667969,0.0,1.2276062965393066,20.0,,0.0,0.0,20.0,0.0,12.19751892089844,20.19751892089844,Leave_One_experiments/all_year_offline_schedule_search/daily_outputs/FQA/FQA_2023_FQA2023_stress_grid_S0003_daily.csv
FQA,FQA,Fengqiu,2023,Leave_One_experiments\wth_generated_qc\FQA\FQA2023.WTH,normal_year;water_stress_year;nitrogen_stress_year,water_stress,FQA2023_stress_grid_S0003,irrigation_positive_candidate,2023-07-21,202,46,41,"{""sim_day"": 46.0, ""doy"": 202.0, ""topwt"": 1409.08935546875, ""grnwt"": 0.0, ""xlai"": 1.2180970907211304, ""totir"": 20.0, ""tofer"": NaN, ""swfac"": 0.0, ""nstres"": 0.3507187962532043}",0.0,0.3507187962532043,1409.08935546875,0.0,1.2180970907211304,20.0,,0.0,0.0,20.0,0.0,12.19751892089844,20.19751892089844,Leave_One_experiments/all_year_offline_schedule_search/daily_outputs/FQA/FQA_2023_FQA2023_stress_grid_S0003_daily.csv
FQA,FQA,Fengqiu,2023,Leave_One_experiments\wth_generated_qc\FQA\FQA2023.WTH,normal_year;water_stress_year;nitrogen_stress_year,water_stress,FQA2023_stress_grid_S0003,irrigation_positive_candidate,2023-07-22,203,47,42,"{""sim_day"": 47.0, ""doy"": 203.0, ""topwt"": 1509.1958618164062, ""grnwt"": 0.0, ""xlai"": 1.2089899778366089, ""totir"": 20.0, ""tofer"": NaN, ""swfac"": 0.0, ""nstres"": 0.3799068331718445}",0.0,0.3799068331718445,1509.1958618164062,0.0,1.2089899778366089,20.0,,0.0,0.0,20.0,0.0,12.19751892089844,20.19751892089844,Leave_One_experiments/all_year_offline_schedule_search/daily_outputs/FQA/FQA_2023_FQA2023_stress_grid_S0003_daily.csv
FQA,FQA,Fengqiu,2023,Leave_One_experiments\wth_generated_qc\FQA\FQA2023.WTH,normal_year;water_stress_year;nitrogen_stress_year,water_stress,FQA2023_stress_grid_S0003,irrigation_positive_candidate,2023-07-23,204,48,43,"{""sim_day"": 48.0, ""doy"": 204.0, ""topwt"": 1606.3981628417969, ""grnwt"": 0.0, ""xlai"": 1.1969364881515503, ""totir"": 20.0, ""tofer"": NaN, ""swfac"": 0.0, ""nstres"": 0.3986687064170837}",0.0,0.3986687064170837,1606.3981628417969,0.0,1.1969364881515503,20.0,,0.0,0.0,20.0,0.0,12.19751892089844,20.19751892089844,Leave_One_experiments/all_year_offline_schedule_search/daily_outputs/FQA/FQA_2023_FQA2023_stress_grid_S0003_daily.csv
FQA,FQA,Fengqiu,2023,Leave_One_experiments\wth_generated_qc\FQA\FQA2023.WTH,normal_year;water_stress_year;nitrogen_stress_year,water_stress,FQA2023_stress_grid_S0003,irrigation_positive_candidate,2023-07-24,205,49,44,"{""sim_day"": 49.0, ""doy"": 205.0, ""topwt"": 1685.5158996582031, ""grnwt"": 0.0, ""xlai"": 1.178168535232544, ""totir"": 20.0, ""tofer"": NaN, ""swfac"": 0.0, ""nstres"": 0.4180328845977783}",0.0,0.4180328845977783,1685.5158996582031,0.0,1.178168535232544,20.0,,0.0,0.0,20.0,0.0,12.19751892089844,20.19751892089844,Leave_One_experiments/all_year_offline_schedule_search/daily_outputs/FQA/FQA_2023_FQA2023_stress_grid_S0003_daily.csv
FQA,FQA,Fengqiu,2023,Leave_One_experiments\wth_generated_qc\FQA\FQA2023.WTH,normal_year;water_stress_year;nitrogen_stress_year,water_stress,FQA2023_stress_grid_S0003,irrigation_positive_candidate,2023-07-25,206,50,45,"{""sim_day"": 50.0, ""doy"": 206.0, ""topwt"": 1776.0064697265625, ""grnwt"": 0.0, ""xlai"": 1.1616703271865845, ""totir"": 20.0, ""tofer"": NaN, ""swfac"": 0.0, ""nstres"": 0.4291104674339294}",0.0,0.4291104674339294,1776.0064697265625,0.0,1.1616703271865845,20.0,,0.0,0.0,20.0,0.0,12.19751892089844,20.19751892089844,Leave_One_experiments/all_year_offline_schedule_search/daily_outputs/FQA/FQA_2023_FQA2023_stress_grid_S0003_daily.csv
FQA,FQA,Fengqiu,2023,Leave_One_experiments\wth_generated_qc\FQA\FQA2023.WTH,normal_year;water_stress_year;nitrogen_stress_year,water_stress,FQA2023_stress_grid_S0003,irrigation_positive_candidate,2023-07-26,207,51,46,"{""sim_day"": 51.0, ""doy"": 207.0, ""topwt"": 1855.4437255859373, ""grnwt"": 0.0, ""xlai"": 1.1418641805648804, ""totir"": 20.0, ""tofer"": NaN, ""swfac"": 0.0, ""nstres"": 0.4328891634941101}",0.0,0.4328891634941101,1855.4437255859373,0.0,1.1418641805648804,20.0,,0.0,0.0,20.0,0.0,12.19751892089844,20.19751892089844,Leave_One_experiments/all_year_offline_schedule_search/daily_outputs/FQA/FQA_2023_FQA2023_stress_grid_S0003_daily.csv
FQA,FQA,Fengqiu,2023,Leave_One_experiments\wth_generated_qc\FQA\FQA2023.WTH,normal_year;water_stress_year;nitrogen_stress_year,water_stress,FQA2023_stress_grid_S0003,irrigation_positive_candidate,2023-07-27,208,52,47,"{""sim_day"": 52.0, ""doy"": 208.0, ""topwt"": 1934.5831298828125, ""grnwt"": 0.0, ""xlai"": 1.1217494010925293, ""totir"": 20.0, ""tofer"": NaN, ""swfac"": 0.0, ""nstres"": 0.4385073184967041}",0.0,0.4385073184967041,1934.5831298828125,0.0,1.1217494010925293,20.0,,0.0,0.0,20.0,0.0,12.19751892089844,20.19751892089844,Leave_One_experiments/all_year_offline_schedule_search/daily_outputs/FQA/FQA_2023_FQA2023_stress_grid_S0003_daily.csv
FQA,FQA,Fengqiu,2023,Leave_One_experiments\wth_generated_qc\FQA\FQA2023.WTH,normal_year;water_stress_year;nitrogen_stress_year,water_stress,FQA2023_stress_grid_S0003,irrigation_positive_candidate,2023-07-28,209,53,48,"{""sim_day"": 53.0, ""doy"": 209.0, ""topwt"": 1972.9273986816409, ""grnwt"": 0.0, ""xlai"": 1.0919373035430908, ""totir"": 20.0, ""tofer"": NaN, ""swfac"": 0.0, ""nstres"": 0.4399117231369018}",0.0,0.4399117231369018,1972.9273986816409,0.0,1.0919373035430908,20.0,,0.0,0.0,20.0,0.0,12.19751892089844,20.19751892089844,Leave_One_experiments/all_year_offline_schedule_search/daily_outputs/FQA/FQA_2023_FQA2023_stress_grid_S0003_daily.csv
FQA,FQA,Fengqiu,2023,Leave_One_experiments\wth_generated_qc\FQA\FQA2023.WTH,normal_year;water_stress_year;nitrogen_stress_year,water_stress,FQA2023_stress_grid_S0003,irrigation_positive_candidate,2023-07-29,210,54,49,"{""sim_day"": 54.0, ""doy"": 210.0, ""topwt"": 2041.1424255371091, ""grnwt"": 0.0, ""xlai"": 1.0705351829528809, ""totir"": 20.0, ""tofer"": NaN, ""swfac"": 0.0, ""nstres"": 0.4438923001289367}",0.0,0.4438923001289367,2041.1424255371091,0.0,1.0705351829528809,20.0,,0.0,0.0,20.0,0.0,12.19751892089844,20.19751892089844,Leave_One_experiments/all_year_offline_schedule_search/daily_outputs/FQA/FQA_2023_FQA2023_stress_grid_S0003_daily.csv
FQA,FQA,Fengqiu,2023,Leave_One_experiments\wth_generated_qc\FQA\FQA2023.WTH,normal_year;water_stress_year;nitrogen_stress_year,water_stress,FQA2023_stress_grid_S0003,irrigation_positive_candidate,2023-07-30,211,55,50,"{""sim_day"": 55.0, ""doy"": 211.0, ""topwt"": 2115.111083984375, ""grnwt"": 0.0, ""xlai"": 1.0515683889389038, ""totir"": 20.0, ""tofer"": NaN, ""swfac"": 0.0, ""nstres"": 0.4385906457901001}",0.0,0.4385906457901001,2115.111083984375,0.0,1.0515683889389038,20.0,,0.0,0.0,20.0,0.0,12.19751892089844,20.19751892089844,Leave_One_experiments/all_year_offline_schedule_search/daily_outputs/FQA/FQA_2023_FQA2023_stress_grid_S0003_daily.csv
FQA,FQA,Fengqiu,2023,Leave_One_experiments\wth_generated_qc\FQA\FQA2023.WTH,normal_year;water_stress_year;nitrogen_stress_year,water_stress,FQA2023_stress_grid_S0003,irrigation_positive_candidate,2023-07-31,212,56,51,"{""sim_day"": 56.0, ""doy"": 212.0, ""topwt"": 2195.639038085937, ""grnwt"": 0.0, ""xlai"": 1.0348196029663086, ""totir"": 20.0, ""tofer"": NaN, ""swfac"": 0.0, ""nstres"": 0.4405466914176941}",0.0,0.4405466914176941,2195.639038085937,0.0,1.0348196029663086,20.0,,0.0,0.0,20.0,0.0,12.19751892089844,20.19751892089844,Leave_One_experiments/all_year_offline_schedule_search/daily_outputs/FQA/FQA_2023_FQA2023_stress_grid_S0003_daily.csv
FQA,FQA,Fengqiu,2023,Leave_One_experiments\wth_generated_qc\FQA\FQA2023.WTH,normal_year;water_stress_year;nitrogen_stress_year,water_stress,FQA2023_stress_grid_S0003,irrigation_positive_candidate,2023-08-01,213,57,52,"{""sim_day"": 57.0, ""doy"": 213.0, ""topwt"": 2272.8684997558594, ""grnwt"": 0.0, ""xlai"": 1.0176639556884766, ""totir"": 20.0, ""tofer"": NaN, ""swfac"": 0.0, ""nstres"": 0.4438824653625488}",0.0,0.4438824653625488,2272.8684997558594,0.0,1.0176639556884766,20.0,,0.0,0.0,20.0,0.0,12.19751892089844,20.19751892089844,Leave_One_experiments/all_year_offline_schedule_search/daily_outputs/FQA/FQA_2023_FQA2023_stress_grid_S0003_daily.csv
FQA,FQA,Fengqiu,2023,Leave_One_experiments\wth_generated_qc\FQA\FQA2023.WTH,normal_year;water_stress_year;nitrogen_stress_year,water_stress,FQA2023_stress_grid_S0003,irrigation_positive_candidate,2023-08-02,214,58,53,"{""sim_day"": 58.0, ""doy"": 214.0, ""topwt"": 2355.2706909179688, ""grnwt"": 0.0, ""xlai"": 1.0024161338806152, ""totir"": 20.0, ""tofer"": NaN, ""swfac"": 0.0, ""nstres"": 0.4435473680496216}",0.0,0.4435473680496216,2355.2706909179688,0.0,1.0024161338806152,20.0,,0.0,0.0,20.0,0.0,12.19751892089844,20.19751892089844,Leave_One_experiments/all_year_offline_schedule_search/daily_outputs/FQA/FQA_2023_FQA2023_stress_grid_S0003_daily.csv
FQA,FQA,Fengqiu,2023,Leave_One_experiments\wth_generated_qc\FQA\FQA2023.WTH,normal_year;water_stress_year;nitrogen_stress_year,water_stress,FQA2023_stress_grid_S0003,irrigation_positive_candidate,2023-08-03,215,59,54,"{""sim_day"": 59.0, ""doy"": 215.0, ""topwt"": 2441.146850585937, ""grnwt"": 0.0, ""xlai"": 0.9888679385185242, ""totir"": 20.0, ""tofer"": NaN, ""swfac"": 0.0, ""nstres"": 0.4364344477653503}",0.0,0.4364344477653503,2441.146850585937,0.0,0.9888679385185242,20.0,,0.0,0.0,20.0,0.0,12.19751892089844,20.19751892089844,Leave_One_experiments/all_year_offline_schedule_search/daily_outputs/FQA/FQA_2023_FQA2023_stress_grid_S0003_daily.csv
FQA,FQA,Fengqiu,2023,Leave_One_experiments\wth_generated_qc\FQA\FQA2023.WTH,normal_year;water_stress_year;nitrogen_stress_year,water_stress,FQA2023_stress_grid_S0003,irrigation_positive_candidate,2023-08-04,216,60,55,"{""sim_day"": 60.0, ""doy"": 216.0, ""topwt"": 2514.1473388671875, ""grnwt"": 0.0, ""xlai"": 0.954860508441925, ""totir"": 20.0, ""tofer"": NaN, ""swfac"": 0.0, ""nstres"": 0.4253655672073364}",0.0,0.4253655672073364,2514.1473388671875,0.0,0.954860508441925,20.0,,0.0,0.0,20.0,0.0,12.19751892089844,20.19751892089844,Leave_One_experiments/all_year_offline_schedule_search/daily_outputs/FQA/FQA_2023_FQA2023_stress_grid_S0003_daily.csv
FQA,FQA,Fengqiu,2023,Leave_One_experiments\wth_generated_qc\FQA\FQA2023.WTH,normal_year;water_stress_year;nitrogen_stress_year,water_stress,FQA2023_stress_grid_S0003,irrigation_positive_candidate,2023-08-05,217,61,56,"{""sim_day"": 61.0, ""doy"": 217.0, ""topwt"": 2606.454162597656, ""grnwt"": 0.0, ""xlai"": 0.9226449728012084, ""totir"": 20.0, ""tofer"": NaN, ""swfac"": 0.0, ""nstres"": 0.4097219109535217}",0.0,0.4097219109535217,2606.454162597656,0.0,0.9226449728012084,20.0,,0.0,0.0,20.0,0.0,12.19751892089844,20.19751892089844,Leave_One_experiments/all_year_offline_schedule_search/daily_outputs/FQA/FQA_2023_FQA2023_stress_grid_S0003_daily.csv
FQA,FQA,Fengqiu,2023,Leave_One_experiments\wth_generated_qc\FQA\FQA2023.WTH,normal_year;water_stress_year;nitrogen_stress_year,water_stress,FQA2023_stress_grid_S0003,irrigation_positive_candidate,2023-08-06,218,62,57,"{""sim_day"": 62.0, ""doy"": 218.0, ""topwt"": 2730.0271606445312, ""grnwt"": 0.0, ""xlai"": 0.8917085528373718, ""totir"": 20.0, ""tofer"": NaN, ""swfac"": 0.0, ""nstres"": 0.4047223329544067}",0.0,0.4047223329544067,2730.0271606445312,0.0,0.8917085528373718,20.0,,0.0,0.0,20.0,0.0,12.19751892089844,20.19751892089844,Leave_One_experiments/all_year_offline_schedule_search/daily_outputs/FQA/FQA_2023_FQA2023_stress_grid_S0003_daily.csv
FQA,FQA,Fengqiu,2023,Leave_One_experiments\wth_generated_qc\FQA\FQA2023.WTH,normal_year;water_stress_year;nitrogen_stress_year,water_stress,FQA2023_stress_grid_S0003,irrigation_positive_candidate,2023-08-07,219,63,58,"{""sim_day"": 63.0, ""doy"": 219.0, ""topwt"": 2814.566345214844, ""grnwt"": 0.0, ""xlai"": 0.8619279265403748, ""totir"": 20.0, ""tofer"": NaN, ""swfac"": 0.0, ""nstres"": 0.4015337228775024}",0.0,0.4015337228775024,2814.566345214844,0.0,0.8619279265403748,20.0,,0.0,0.0,20.0,0.0,12.19751892089844,20.19751892089844,Leave_One_experiments/all_year_offline_schedule_search/daily_outputs/FQA/FQA_2023_FQA2023_stress_grid_S0003_daily.csv
FQA,FQA,Fengqiu,2023,Leave_One_experiments\wth_generated_qc\FQA\FQA2023.WTH,normal_year;water_stress_year;nitrogen_stress_year,water_stress,FQA2023_stress_grid_S0003,irrigation_positive_candidate,2023-08-08,220,64,59,"{""sim_day"": 64.0, ""doy"": 220.0, ""topwt"": 2906.49658203125, ""grnwt"": 0.0, ""xlai"": 0.8331364989280701, ""totir"": 20.0, ""tofer"": NaN, ""swfac"": 0.0, ""nstres"": 0.4016845226287842}",0.0,0.4016845226287842,2906.49658203125,0.0,0.8331364989280701,20.0,,0.0,0.0,20.0,0.0,12.19751892089844,20.19751892089844,Leave_One_experiments/all_year_offline_schedule_search/daily_outputs/FQA/FQA_2023_FQA2023_stress_grid_S0003_daily.csv
FQA,FQA,Fengqiu,2023,Leave_One_experiments\wth_generated_qc\FQA\FQA2023.WTH,normal_year;water_stress_year;nitrogen_stress_year,water_stress,FQA2023_stress_grid_S0003,irrigation_positive_candidate,2023-08-09,221,65,60,"{""sim_day"": 65.0, ""doy"": 221.0, ""topwt"": 3005.15869140625, ""grnwt"": 0.0, ""xlai"": 0.805717945098877, ""totir"": 20.0, ""tofer"": NaN, ""swfac"": 0.0, ""nstres"": 0.3898404240608215}",0.0,0.3898404240608215,3005.15869140625,0.0,0.805717945098877,20.0,,0.0,0.0,20.0,0.0,12.19751892089844,20.19751892089844,Leave_One_experiments/all_year_offline_schedule_search/daily_outputs/FQA/FQA_2023_FQA2023_stress_grid_S0003_daily.csv
FQA,FQA,Fengqiu,2023,Leave_One_experiments\wth_generated_qc\FQA\FQA2023.WTH,normal_year;water_stress_year;nitrogen_stress_year,water_stress,FQA2023_stress_grid_S0003,irrigation_positive_candidate,2023-08-10,222,66,61,"{""sim_day"": 66.0, ""doy"": 222.0, ""topwt"": 3095.7150268554688, ""grnwt"": 0.0, ""xlai"": 0.7795551419258118, ""totir"": 20.0, ""tofer"": NaN, ""swfac"": 0.0, ""nstres"": 0.3793134689331054}",0.0,0.3793134689331054,3095.7150268554688,0.0,0.7795551419258118,20.0,,0.0,0.0,20.0,0.0,12.19751892089844,20.19751892089844,Leave_One_experiments/all_year_offline_schedule_search/daily_outputs/FQA/FQA_2023_FQA2023_stress_grid_S0003_daily.csv
FQA,FQA,Fengqiu,2023,Leave_One_experiments\wth_generated_qc\FQA\FQA2023.WTH,normal_year;water_stress_year;nitrogen_stress_year,water_stress,FQA2023_stress_grid_S0003,irrigation_positive_candidate,2023-08-11,223,67,62,"{""sim_day"": 67.0, ""doy"": 223.0, ""topwt"": 3098.9675903320312, ""grnwt"": 0.0, ""xlai"": 0.7545149326324463, ""totir"": 20.0, ""tofer"": NaN, ""swfac"": 0.0, ""nstres"": 0.3709065914154053}",0.0,0.3709065914154053,3098.9675903320312,0.0,0.7545149326324463,20.0,,0.0,0.0,20.0,0.0,12.19751892089844,20.19751892089844,Leave_One_experiments/all_year_offline_schedule_search/daily_outputs/FQA/FQA_2023_FQA2023_stress_grid_S0003_daily.csv
FQA,FQA,Fengqiu,2023,Leave_One_experiments\wth_generated_qc\FQA\FQA2023.WTH,normal_year;water_stress_year;nitrogen_stress_year,water_stress,FQA2023_stress_grid_S0003,irrigation_positive_candidate,2023-08-12,224,68,63,"{""sim_day"": 68.0, ""doy"": 224.0, ""topwt"": 3191.9775390625, ""grnwt"": 0.0, ""xlai"": 0.7306621074676514, ""totir"": 20.0, ""tofer"": NaN, ""swfac"": 0.0, ""nstres"": 0.3587229251861572}",0.0,0.3587229251861572,3191.9775390625,0.0,0.7306621074676514,20.0,,0.0,0.0,20.0,0.0,12.19751892089844,20.19751892089844,Leave_One_experiments/all_year_offline_schedule_search/daily_outputs/FQA/FQA_2023_FQA2023_stress_grid_S0003_daily.csv
FQA,FQA,Fengqiu,2023,Leave_One_experiments\wth_generated_qc\FQA\FQA2023.WTH,normal_year;water_stress_year;nitrogen_stress_year,water_stress,FQA2023_stress_grid_S0003,irrigation_positive_candidate,2023-08-13,225,69,64,"{""sim_day"": 69.0, ""doy"": 225.0, ""topwt"": 3329.8101806640625, ""grnwt"": 214.29079055786133, ""xlai"": 0.7085472345352173, ""totir"": 20.0, ""tofer"": NaN, ""swfac"": 0.0, ""nstres"": 0.3264042139053345}",0.0,0.3264042139053345,3329.8101806640625,214.29079055786133,0.7085472345352173,20.0,,0.0,0.0,20.0,0.0,12.19751892089844,20.19751892089844,Leave_One_experiments/all_year_offline_schedule_search/daily_outputs/FQA/FQA_2023_FQA2023_stress_grid_S0003_daily.csv
FQA,FQA,Fengqiu,2023,Leave_One_experiments\wth_generated_qc\FQA\FQA2023.WTH,normal_year;water_stress_year;nitrogen_stress_year,water_stress,FQA2023_stress_grid_S0003,irrigation_positive_candidate,2023-08-14,226,70,65,"{""sim_day"": 70.0, ""doy"": 226.0, ""topwt"": 3421.26708984375, ""grnwt"": 290.9538650512696, ""xlai"": 0.6851161122322083, ""totir"": 20.0, ""tofer"": NaN, ""swfac"": 0.0, ""nstres"": 0.3936619758605957}",0.0,0.3936619758605957,3421.26708984375,290.9538650512696,0.6851161122322083,20.0,,0.0,0.0,20.0,0.0,12.19751892089844,20.19751892089844,Leave_One_experiments/all_year_offline_schedule_search/daily_outputs/FQA/FQA_2023_FQA2023_stress_grid_S0003_daily.csv
FQA,FQA,Fengqiu,2023,Leave_One_experiments\wth_generated_qc\FQA\FQA2023.WTH,normal_year;water_stress_year;nitrogen_stress_year,water_stress,FQA2023_stress_grid_S0003,irrigation_positive_candidate,2023-08-15,227,71,66,"{""sim_day"": 71.0, ""doy"": 227.0, ""topwt"": 3522.2576904296875, ""grnwt"": 367.0613861083984, ""xlai"": 0.6633908152580261, ""totir"": 20.0, ""tofer"": NaN, ""swfac"": 0.0, ""nstres"": 0.3610491752624511}",0.0,0.3610491752624511,3522.2576904296875,367.0613861083984,0.6633908152580261,20.0,,0.0,0.0,20.0,0.0,12.19751892089844,20.19751892089844,Leave_One_experiments/all_year_offline_schedule_search/daily_outputs/FQA/FQA_2023_FQA2023_stress_grid_S0003_daily.csv
FQA,FQA,Fengqiu,2023,Leave_One_experiments\wth_generated_qc\FQA\FQA2023.WTH,normal_year;water_stress_year;nitrogen_stress_year,water_stress,FQA2023_stress_grid_S0003,irrigation_positive_candidate,2023-08-16,228,72,67,"{""sim_day"": 72.0, ""doy"": 228.0, ""topwt"": 3612.991333007813, ""grnwt"": 436.5025329589844, ""xlai"": 0.6423927545547485, ""totir"": 20.0, ""tofer"": NaN, ""swfac"": 0.0, ""nstres"": 0.3596624135971069}",0.0,0.3596624135971069,3612.991333007813,436.5025329589844,0.6423927545547485,20.0,,0.0,0.0,20.0,0.0,12.19751892089844,20.19751892089844,Leave_One_experiments/all_year_offline_schedule_search/daily_outputs/FQA/FQA_2023_FQA2023_stress_grid_S0003_daily.csv
FQA,FQA,Fengqiu,2023,Leave_One_experiments\wth_generated_qc\FQA\FQA2023.WTH,normal_year;water_stress_year;nitrogen_stress_year,water_stress,FQA2023_stress_grid_S0003,irrigation_positive_candidate,2023-08-17,229,73,68,"{""sim_day"": 73.0, ""doy"": 229.0, ""topwt"": 3681.326293945313, ""grnwt"": 492.6110076904297, ""xlai"": 0.6220589876174927, ""totir"": 20.0, ""tofer"": NaN, ""swfac"": 0.0, ""nstres"": 0.359676718711853}",0.0,0.359676718711853,3681.326293945313,492.6110076904297,0.6220589876174927,20.0,,0.0,0.0,20.0,0.0,12.19751892089844,20.19751892089844,Leave_One_experiments/all_year_offline_schedule_search/daily_outputs/FQA/FQA_2023_FQA2023_stress_grid_S0003_daily.csv
FQA,FQA,Fengqiu,2023,Leave_One_experiments\wth_generated_qc\FQA\FQA2023.WTH,normal_year;water_stress_year;nitrogen_stress_year,water_stress,FQA2023_stress_grid_S0003,irrigation_positive_candidate,2023-08-18,230,74,69,"{""sim_day"": 74.0, ""doy"": 230.0, ""topwt"": 3744.2724609375, ""grnwt"": 564.2742919921875, ""xlai"": 0.6025058627128601, ""totir"": 20.0, ""tofer"": NaN, ""swfac"": 0.0, ""nstres"": 0.3543919920921325}",0.0,0.3543919920921325,3744.2724609375,564.2742919921875,0.6025058627128601,20.0,,0.0,0.0,20.0,0.0,12.19751892089844,20.19751892089844,Leave_One_experiments/all_year_offline_schedule_search/daily_outputs/FQA/FQA_2023_FQA2023_stress_grid_S0003_daily.csv
FQA,FQA,Fengqiu,2023,Leave_One_experiments\wth_generated_qc\FQA\FQA2023.WTH,normal_year;water_stress_year;nitrogen_stress_year,water_stress,FQA2023_stress_grid_S0003,irrigation_positive_candidate,2023-08-19,231,75,70,"{""sim_day"": 75.0, ""doy"": 231.0, ""topwt"": 3788.5260009765625, ""grnwt"": 645.9371185302734, ""xlai"": 0.5836055278778076, ""totir"": 20.0, ""tofer"": NaN, ""swfac"": 0.0, ""nstres"": 0.3528667688369751}",0.0,0.3528667688369751,3788.5260009765625,645.9371185302734,0.5836055278778076,20.0,,0.0,0.0,20.0,0.0,12.19751892089844,20.19751892089844,Leave_One_experiments/all_year_offline_schedule_search/daily_outputs/FQA/FQA_2023_FQA2023_stress_grid_S0003_daily.csv
FQA,FQA,Fengqiu,2023,Leave_One_experiments\wth_generated_qc\FQA\FQA2023.WTH,normal_year;water_stress_year;nitrogen_stress_year,water_stress,FQA2023_stress_grid_S0003,irrigation_positive_candidate,2023-08-20,232,76,71,"{""sim_day"": 76.0, ""doy"": 232.0, ""topwt"": 3869.9349975585938, ""grnwt"": 723.7112426757812, ""xlai"": 0.5654125809669495, ""totir"": 20.0, ""tofer"": NaN, ""swfac"": 0.0, ""nstres"": 0.3481597900390625}",0.0,0.3481597900390625,3869.9349975585938,723.7112426757812,0.5654125809669495,20.0,,0.0,0.0,20.0,0.0,12.19751892089844,20.19751892089844,Leave_One_experiments/all_year_offline_schedule_search/daily_outputs/FQA/FQA_2023_FQA2023_stress_grid_S0003_daily.csv
FQA,FQA,Fengqiu,2023,Leave_One_experiments\wth_generated_qc\FQA\FQA2023.WTH,normal_year;water_stress_year;nitrogen_stress_year,water_stress,FQA2023_stress_grid_S0003,irrigation_positive_candidate,2023-08-21,233,77,72,"{""sim_day"": 77.0, ""doy"": 233.0, ""topwt"": 3969.356689453125, ""grnwt"": 811.4849090576172, ""xlai"": 0.5482501983642578, ""totir"": 20.0, ""tofer"": NaN, ""swfac"": 0.0, ""nstres"": 0.3284897804260254}",0.0,0.3284897804260254,3969.356689453125,811.4849090576172,0.5482501983642578,20.0,,0.0,0.0,20.0,0.0,12.19751892089844,20.19751892089844,Leave_One_experiments/all_year_offline_schedule_search/daily_outputs/FQA/FQA_2023_FQA2023_stress_grid_S0003_daily.csv
FQA,FQA,Fengqiu,2023,Leave_One_experiments\wth_generated_qc\FQA\FQA2023.WTH,normal_year;water_stress_year;nitrogen_stress_year,water_stress,FQA2023_stress_grid_S0003,irrigation_positive_candidate,2023-08-22,234,78,73,"{""sim_day"": 78.0, ""doy"": 234.0, ""topwt"": 4063.871154785156, ""grnwt"": 900.3695678710938, ""xlai"": 0.5314595699310303, ""totir"": 20.0, ""tofer"": NaN, ""swfac"": 0.0, ""nstres"": 0.3350186347961426}",0.0,0.3350186347961426,4063.871154785156,900.3695678710938,0.5314595699310303,20.0,,0.0,0.0,20.0,0.0,12.19751892089844,20.19751892089844,Leave_One_experiments/all_year_offline_schedule_search/daily_outputs/FQA/FQA_2023_FQA2023_stress_grid_S0003_daily.csv
FQA,FQA,Fengqiu,2023,Leave_One_experiments\wth_generated_qc\FQA\FQA2023.WTH,normal_year;water_stress_year;nitrogen_stress_year,water_stress,FQA2023_stress_grid_S0003,irrigation_positive_candidate,2023-08-23,235,79,74,"{""sim_day"": 79.0, ""doy"": 235.0, ""topwt"": 4158.31787109375, ""grnwt"": 989.2542266845704, ""xlai"": 0.5149691104888916, ""totir"": 20.0, ""tofer"": NaN, ""swfac"": 0.0, ""nstres"": 0.3446837663650512}",0.0,0.3446837663650512,4158.31787109375,989.2542266845704,0.5149691104888916,20.0,,0.0,0.0,20.0,0.0,12.19751892089844,20.19751892089844,Leave_One_experiments/all_year_offline_schedule_search/daily_outputs/FQA/FQA_2023_FQA2023_stress_grid_S0003_daily.csv
FQA,FQA,Fengqiu,2023,Leave_One_experiments\wth_generated_qc\FQA\FQA2023.WTH,normal_year;water_stress_year;nitrogen_stress_year,water_stress,FQA2023_stress_grid_S0003,irrigation_positive_candidate,2023-08-24,236,80,75,"{""sim_day"": 80.0, ""doy"": 236.0, ""topwt"": 4235.241088867188, ""grnwt"": 1078.1388854980469, ""xlai"": 0.4988082945346832, ""totir"": 20.0, ""tofer"": NaN, ""swfac"": 0.0, ""nstres"": 0.3531712889671325}",0.0,0.3531712889671325,4235.241088867188,1078.1388854980469,0.4988082945346832,20.0,,0.0,0.0,20.0,0.0,12.19751892089844,20.19751892089844,Leave_One_experiments/all_year_offline_schedule_search/daily_outputs/FQA/FQA_2023_FQA2023_stress_grid_S0003_daily.csv
FQA,FQA,Fengqiu,2023,Leave_One_experiments\wth_generated_qc\FQA\FQA2023.WTH,normal_year;water_stress_year;nitrogen_stress_year,water_stress,FQA2023_stress_grid_S0003,irrigation_positive_candidate,2023-08-25,237,81,76,"{""sim_day"": 81.0, ""doy"": 237.0, ""topwt"": 4244.23828125, ""grnwt"": 1167.0235443115234, ""xlai"": 0.482911616563797, ""totir"": 20.0, ""tofer"": NaN, ""swfac"": 0.0, ""nstres"": 0.3648613691329956}",0.0,0.3648613691329956,4244.23828125,1167.0235443115234,0.482911616563797,20.0,,0.0,0.0,20.0,0.0,12.19751892089844,20.19751892089844,Leave_One_experiments/all_year_offline_schedule_search/daily_outputs/FQA/FQA_2023_FQA2023_stress_grid_S0003_daily.csv
FQA,FQA,Fengqiu,2023,Leave_One_experiments\wth_generated_qc\FQA\FQA2023.WTH,normal_year;water_stress_year;nitrogen_stress_year,water_stress,FQA2023_stress_grid_S0003,irrigation_positive_candidate,2023-08-26,238,82,77,"{""sim_day"": 82.0, ""doy"": 238.0, ""topwt"": 4257.506408691406, ""grnwt"": 1255.908203125, ""xlai"": 0.4674699008464813, ""totir"": 20.0, ""tofer"": NaN, ""swfac"": 0.0, ""nstres"": 0.3674303293228149}",0.0,0.3674303293228149,4257.506408691406,1255.908203125,0.4674699008464813,20.0,,0.0,0.0,20.0,0.0,12.19751892089844,20.19751892089844,Leave_One_experiments/all_year_offline_schedule_search/daily_outputs/FQA/FQA_2023_FQA2023_stress_grid_S0003_daily.csv
FQA,FQA,Fengqiu,2023,Leave_One_experiments\wth_generated_qc\FQA\FQA2023.WTH,normal_year;water_stress_year;nitrogen_stress_year,water_stress,FQA2023_stress_grid_S0003,irrigation_positive_candidate,2023-08-27,239,83,78,"{""sim_day"": 83.0, ""doy"": 239.0, ""topwt"": 4344.664916992188, ""grnwt"": 1344.792938232422, ""xlai"": 0.4530285000801086, ""totir"": 20.0, ""tofer"": NaN, ""swfac"": 0.0, ""nstres"": 0.3414226770401001}",0.0,0.3414226770401001,4344.664916992188,1344.792938232422,0.4530285000801086,20.0,,0.0,0.0,20.0,0.0,12.19751892089844,20.19751892089844,Leave_One_experiments/all_year_offline_schedule_search/daily_outputs/FQA/FQA_2023_FQA2023_stress_grid_S0003_daily.csv
FQA,FQA,Fengqiu,2023,Leave_One_experiments\wth_generated_qc\FQA\FQA2023.WTH,normal_year;water_stress_year;nitrogen_stress_year,water_stress,FQA2023_stress_grid_S0003,irrigation_positive_candidate,2023-08-28,240,84,79,"{""sim_day"": 84.0, ""doy"": 240.0, ""topwt"": 4407.3040771484375, ""grnwt"": 1433.6776733398438, ""xlai"": 0.4391502737998962, ""totir"": 20.0, ""tofer"": NaN, ""swfac"": 0.0, ""nstres"": 0.3352234959602356}",0.0,0.3352234959602356,4407.3040771484375,1433.6776733398438,0.4391502737998962,20.0,,0.0,0.0,20.0,0.0,12.19751892089844,20.19751892089844,Leave_One_experiments/all_year_offline_schedule_search/daily_outputs/FQA/FQA_2023_FQA2023_stress_grid_S0003_daily.csv
FQA,FQA,Fengqiu,2023,Leave_One_experiments\wth_generated_qc\FQA\FQA2023.WTH,normal_year;water_stress_year;nitrogen_stress_year,water_stress,FQA2023_stress_grid_S0003,irrigation_positive_candidate,2023-08-29,241,85,80,"{""sim_day"": 85.0, ""doy"": 241.0, ""topwt"": 4488.052368164063, ""grnwt"": 1522.5624084472656, ""xlai"": 0.4253098666667938, ""totir"": 20.0, ""tofer"": NaN, ""swfac"": 0.0, ""nstres"": 0.3563931584358215}",0.0,0.3563931584358215,4488.052368164063,1522.5624084472656,0.4253098666667938,20.0,,0.0,0.0,20.0,0.0,12.19751892089844,20.19751892089844,Leave_One_experiments/all_year_offline_schedule_search/daily_outputs/FQA/FQA_2023_FQA2023_stress_grid_S0003_daily.csv
FQA,FQA,Fengqiu,2023,Leave_One_experiments\wth_generated_qc\FQA\FQA2023.WTH,normal_year;water_stress_year;nitrogen_stress_year,water_stress,FQA2023_stress_grid_S0003,irrigation_positive_candidate,2023-08-30,242,86,81,"{""sim_day"": 86.0, ""doy"": 242.0, ""topwt"": 4565.3155517578125, ""grnwt"": 1611.4471435546875, ""xlai"": 0.4116692245006561, ""totir"": 20.0, ""tofer"": NaN, ""swfac"": 0.0, ""nstres"": 0.3697332143783569}",0.0,0.3697332143783569,4565.3155517578125,1611.4471435546875,0.4116692245006561,20.0,,0.0,0.0,20.0,0.0,12.19751892089844,20.19751892089844,Leave_One_experiments/all_year_offline_schedule_search/daily_outputs/FQA/FQA_2023_FQA2023_stress_grid_S0003_daily.csv
FQA,FQA,Fengqiu,2023,Leave_One_experiments\wth_generated_qc\FQA\FQA2023.WTH,normal_year;water_stress_year;nitrogen_stress_year,water_stress,FQA2023_stress_grid_S0003,irrigation_positive_candidate,2023-08-31,243,87,82,"{""sim_day"": 87.0, ""doy"": 243.0, ""topwt"": 4619.13818359375, ""grnwt"": 1700.3318786621094, ""xlai"": 0.3981058597564697, ""totir"": 20.0, ""tofer"": NaN, ""swfac"": 0.0, ""nstres"": 0.3907331228256225}",0.0,0.3907331228256225,4619.13818359375,1700.3318786621094,0.3981058597564697,20.0,,0.0,0.0,20.0,0.0,12.19751892089844,20.19751892089844,Leave_One_experiments/all_year_offline_schedule_search/daily_outputs/FQA/FQA_2023_FQA2023_stress_grid_S0003_daily.csv
FQA,FQA,Fengqiu,2023,Leave_One_experiments\wth_generated_qc\FQA\FQA2023.WTH,normal_year;water_stress_year;nitrogen_stress_year,water_stress,FQA2023_stress_grid_S0003,irrigation_positive_candidate,2023-09-01,244,88,83,"{""sim_day"": 88.0, ""doy"": 244.0, ""topwt"": 4664.579162597656, ""grnwt"": 1789.2166137695312, ""xlai"": 0.3847149312496185, ""totir"": 20.0, ""tofer"": NaN, ""swfac"": 0.0, ""nstres"": 0.4072765707969665}",0.0,0.4072765707969665,4664.579162597656,1789.2166137695312,0.3847149312496185,20.0,,0.0,0.0,20.0,0.0,12.19751892089844,20.19751892089844,Leave_One_experiments/all_year_offline_schedule_search/daily_outputs/FQA/FQA_2023_FQA2023_stress_grid_S0003_daily.csv
FQA,FQA,Fengqiu,2023,Leave_One_experiments\wth_generated_qc\FQA\FQA2023.WTH,normal_year;water_stress_year;nitrogen_stress_year,water_stress,FQA2023_stress_grid_S0003,irrigation_positive_candidate,2023-09-02,245,89,84,"{""sim_day"": 89.0, ""doy"": 245.0, ""topwt"": 4704.370727539063, ""grnwt"": 1876.434631347656, ""xlai"": 0.3718616068363189, ""totir"": 20.0, ""tofer"": NaN, ""swfac"": 0.0, ""nstres"": 0.4018406867980957}",0.0,0.4018406867980957,4704.370727539063,1876.434631347656,0.3718616068363189,20.0,,0.0,0.0,20.0,0.0,12.19751892089844,20.19751892089844,Leave_One_experiments/all_year_offline_schedule_search/daily_outputs/FQA/FQA_2023_FQA2023_stress_grid_S0003_daily.csv
FQA,FQA,Fengqiu,2023,Leave_One_experiments\wth_generated_qc\FQA\FQA2023.WTH,normal_year;water_stress_year;nitrogen_stress_year,water_stress,FQA2023_stress_grid_S0003,irrigation_positive_candidate,2023-09-03,246,90,85,"{""sim_day"": 90.0, ""doy"": 246.0, ""topwt"": 4762.222290039063, ""grnwt"": 1953.097686767578, ""xlai"": 0.3595872819423675, ""totir"": 20.0, ""tofer"": NaN, ""swfac"": 0.0, ""nstres"": 0.3921880722045898}",0.0,0.3921880722045898,4762.222290039063,1953.097686767578,0.3595872819423675,20.0,,0.0,0.0,20.0,0.0,12.19751892089844,20.19751892089844,Leave_One_experiments/all_year_offline_schedule_search/daily_outputs/FQA/FQA_2023_FQA2023_stress_grid_S0003_daily.csv
FQA,FQA,Fengqiu,2023,Leave_One_experiments\wth_generated_qc\FQA\FQA2023.WTH,normal_year;water_stress_year;nitrogen_stress_year,water_stress,FQA2023_stress_grid_S0003,irrigation_positive_candidate,2023-09-04,247,91,86,"{""sim_day"": 91.0, ""doy"": 247.0, ""topwt"": 4816.9970703125, ""grnwt"": 2041.982421875, ""xlai"": 0.3480122089385986, ""totir"": 20.0, ""tofer"": NaN, ""swfac"": 0.0, ""nstres"": 0.3725559115409851}",0.0,0.3725559115409851,4816.9970703125,2041.982421875,0.3480122089385986,20.0,,0.0,0.0,20.0,0.0,12.19751892089844,20.19751892089844,Leave_One_experiments/all_year_offline_schedule_search/daily_outputs/FQA/FQA_2023_FQA2023_stress_grid_S0003_daily.csv
FQA,FQA,Fengqiu,2023,Leave_One_experiments\wth_generated_qc\FQA\FQA2023.WTH,normal_year;water_stress_year;nitrogen_stress_year,water_stress,FQA2023_stress_grid_S0003,irrigation_positive_candidate,2023-09-05,248,92,87,"{""sim_day"": 92.0, ""doy"": 248.0, ""topwt"": 4869.8773193359375, ""grnwt"": 2130.867156982422, ""xlai"": 0.3367532193660736, ""totir"": 20.0, ""tofer"": NaN, ""swfac"": 0.0, ""nstres"": 0.3764572739601135}",0.0,0.3764572739601135,4869.8773193359375,2130.867156982422,0.3367532193660736,20.0,,0.0,0.0,20.0,0.0,12.19751892089844,20.19751892089844,Leave_One_experiments/all_year_offline_schedule_search/daily_outputs/FQA/FQA_2023_FQA2023_stress_grid_S0003_daily.csv
FQA,FQA,Fengqiu,2023,Leave_One_experiments\wth_generated_qc\FQA\FQA2023.WTH,normal_year;water_stress_year;nitrogen_stress_year,water_stress,FQA2023_stress_grid_S0003,irrigation_positive_candidate,2023-09-06,249,93,88,"{""sim_day"": 93.0, ""doy"": 249.0, ""topwt"": 4922.2467041015625, ""grnwt"": 2219.751892089844, ""xlai"": 0.3258908092975616, ""totir"": 20.0, ""tofer"": NaN, ""swfac"": 0.0, ""nstres"": 0.3741509914398193}",0.0,0.3741509914398193,4922.2467041015625,2219.751892089844,0.3258908092975616,20.0,,0.0,0.0,20.0,0.0,12.19751892089844,20.19751892089844,Leave_One_experiments/all_year_offline_schedule_search/daily_outputs/FQA/FQA_2023_FQA2023_stress_grid_S0003_daily.csv
FQA,FQA,Fengqiu,2023,Leave_One_experiments\wth_generated_qc\FQA\FQA2023.WTH,normal_year;water_stress_year;nitrogen_stress_year,water_stress,FQA2023_stress_grid_S0003,irrigation_positive_candidate,2023-09-07,250,94,89,"{""sim_day"": 94.0, ""doy"": 250.0, ""topwt"": 4922.2467041015625, ""grnwt"": 2219.751892089844, ""xlai"": 0.3258908092975616, ""totir"": 20.0, ""tofer"": NaN, ""swfac"": 0.0, ""nstres"": 0.3709189891815185}",0.0,0.3709189891815185,4922.2467041015625,2219.751892089844,0.3258908092975616,20.0,,0.0,0.0,20.0,0.0,12.19751892089844,20.19751892089844,Leave_One_experiments/all_year_offline_schedule_search/daily_outputs/FQA/FQA_2023_FQA2023_stress_grid_S0003_daily.csv
FQA,FQA,Fengqiu,2023,Leave_One_experiments\wth_generated_qc\FQA\FQA2023.WTH,normal_year;water_stress_year;nitrogen_stress_year,water_stress,FQA2023_stress_grid_S0003,irrigation_positive_candidate,2023-09-08,251,95,90,"{""sim_day"": 95.0, ""doy"": 251.0, ""topwt"": 4922.2467041015625, ""grnwt"": 2219.751892089844, ""xlai"": 0.3258908092975616, ""totir"": 20.0, ""tofer"": NaN, ""swfac"": 0.0, ""nstres"": 0.3709189891815185}",0.0,0.3709189891815185,4922.2467041015625,2219.751892089844,0.3258908092975616,20.0,,0.0,0.0,20.0,0.0,12.19751892089844,20.19751892089844,Leave_One_experiments/all_year_offline_schedule_search/daily_outputs/FQA/FQA_2023_FQA2023_stress_grid_S0003_daily.csv
FQA,FQA,Fengqiu,2023,Leave_One_experiments\wth_generated_qc\FQA\FQA2023.WTH,normal_year;water_stress_year;nitrogen_stress_year,water_stress,FQA2023_stress_grid_S0003,irrigation_positive_candidate,2023-09-09,252,96,91,"{""sim_day"": 96.0, ""doy"": 252.0, ""topwt"": 4922.2467041015625, ""grnwt"": 2219.751892089844, ""xlai"": 0.3258908092975616, ""totir"": 20.0, ""tofer"": NaN, ""swfac"": 0.0, ""nstres"": 0.3709189891815185}",0.0,0.3709189891815185,4922.2467041015625,2219.751892089844,0.3258908092975616,20.0,,0.0,0.0,20.0,0.0,12.19751892089844,20.19751892089844,Leave_One_experiments/all_year_offline_schedule_search/daily_outputs/FQA/FQA_2023_FQA2023_stress_grid_S0003_daily.csv
FQA,FQA,Fengqiu,2023,Leave_One_experiments\wth_generated_qc\FQA\FQA2023.WTH,normal_year;water_stress_year;nitrogen_stress_year,water_stress,FQA2023_stress_grid_S0004,pareto_balanced,2023-06-11,162,1,1,"{""sim_day"": 1.0, ""doy"": 162.0, ""topwt"": 0.0, ""grnwt"": 0.0, ""xlai"": 0.0, ""totir"": 0.0, ""tofer"": NaN, ""swfac"": 0.0, ""nstres"": 0.0}",0.0,0.0,0.0,0.0,0.0,0.0,,0.0,0.0,40.0,0.0,3.15815887451172,19.15815887451172,Leave_One_experiments/all_year_offline_schedule_search/daily_outputs/FQA/FQA_2023_FQA2023_stress_grid_S0004_daily.csv
FQA,FQA,Fengqiu,2023,Leave_One_experiments\wth_generated_qc\FQA\FQA2023.WTH,normal_year;water_stress_year;nitrogen_stress_year,water_stress,FQA2023_stress_grid_S0004,pareto_balanced,2023-06-12,163,2,2,"{""sim_day"": 2.0, ""doy"": 163.0, ""topwt"": 0.0, ""grnwt"": 0.0, ""xlai"": 0.0, ""totir"": 0.0, ""tofer"": NaN, ""swfac"": 0.0, ""nstres"": 0.0}",0.0,0.0,0.0,0.0,0.0,0.0,,0.0,0.0,40.0,0.0,3.15815887451172,19.15815887451172,Leave_One_experiments/all_year_offline_schedule_search/daily_outputs/FQA/FQA_2023_FQA2023_stress_grid_S0004_daily.csv
FQA,FQA,Fengqiu,2023,Leave_One_experiments\wth_generated_qc\FQA\FQA2023.WTH,normal_year;water_stress_year;nitrogen_stress_year,water_stress,FQA2023_stress_grid_S0004,pareto_balanced,2023-06-13,164,3,3,"{""sim_day"": 3.0, ""doy"": 164.0, ""topwt"": 0.0, ""grnwt"": 0.0, ""xlai"": 0.0, ""totir"": 0.0, ""tofer"": NaN, ""swfac"": 0.0, ""nstres"": 0.0}",0.0,0.0,0.0,0.0,0.0,0.0,,0.0,0.0,40.0,0.0,3.15815887451172,19.15815887451172,Leave_One_experiments/all_year_offline_schedule_search/daily_outputs/FQA/FQA_2023_FQA2023_stress_grid_S0004_daily.csv
FQA,FQA,Fengqiu,2023,Leave_One_experiments\wth_generated_qc\FQA\FQA2023.WTH,normal_year;water_stress_year;nitrogen_stress_year,water_stress,FQA2023_stress_grid_S0004,pareto_balanced,2023-06-14,165,4,4,"{""sim_day"": 4.0, ""doy"": 165.0, ""topwt"": 0.0, ""grnwt"": 0.0, ""xlai"": 0.0, ""totir"": 0.0, ""tofer"": NaN, ""swfac"": 0.0, ""nstres"": 0.0}",0.0,0.0,0.0,0.0,0.0,0.0,,0.0,0.0,40.0,0.0,3.15815887451172,19.15815887451172,Leave_One_experiments/all_year_offline_schedule_search/daily_outputs/FQA/FQA_2023_FQA2023_stress_grid_S0004_daily.csv
FQA,FQA,Fengqiu,2023,Leave_One_experiments\wth_generated_qc\FQA\FQA2023.WTH,normal_year;water_stress_year;nitrogen_stress_year,water_stress,FQA2023_stress_grid_S0004,pareto_balanced,2023-06-15,166,5,5,"{""sim_day"": 5.0, ""doy"": 166.0, ""topwt"": 0.0, ""grnwt"": 0.0, ""xlai"": 0.0, ""totir"": 0.0, ""tofer"": NaN, ""swfac"": 0.0, ""nstres"": 0.0}",0.0,0.0,0.0,0.0,0.0,0.0,,0.0,0.0,40.0,0.0,3.15815887451172,19.15815887451172,Leave_One_experiments/all_year_offline_schedule_search/daily_outputs/FQA/FQA_2023_FQA2023_stress_grid_S0004_daily.csv
FQA,FQA,Fengqiu,2023,Leave_One_experiments\wth_generated_qc\FQA\FQA2023.WTH,normal_year;water_stress_year;nitrogen_stress_year,water_stress,FQA2023_stress_grid_S0004,pareto_balanced,2023-06-11,162,6,1,"{""sim_day"": 6.0, ""doy"": 162.0, ""topwt"": 0.0, ""grnwt"": 0.0, ""xlai"": 0.0, ""totir"": 0.0, ""tofer"": NaN, ""swfac"": 0.0, ""nstres"": 0.0}",0.0,0.0,0.0,0.0,0.0,0.0,,0.0,0.0,40.0,0.0,3.15815887451172,19.15815887451172,Leave_One_experiments/all_year_offline_schedule_search/daily_outputs/FQA/FQA_2023_FQA2023_stress_grid_S0004_daily.csv
FQA,FQA,Fengqiu,2023,Leave_One_experiments\wth_generated_qc\FQA\FQA2023.WTH,normal_year;water_stress_year;nitrogen_stress_year,water_stress,FQA2023_stress_grid_S0004,pareto_balanced,2023-06-12,163,7,2,"{""sim_day"": 7.0, ""doy"": 163.0, ""topwt"": 0.0, ""grnwt"": 0.0, ""xlai"": 0.0, ""totir"": 0.0, ""tofer"": NaN, ""swfac"": 0.0, ""nstres"": 0.0}",0.0,0.0,0.0,0.0,0.0,0.0,,0.0,0.0,40.0,0.0,3.15815887451172,19.15815887451172,Leave_One_experiments/all_year_offline_schedule_search/daily_outputs/FQA/FQA_2023_FQA2023_stress_grid_S0004_daily.csv
FQA,FQA,Fengqiu,2023,Leave_One_experiments\wth_generated_qc\FQA\FQA2023.WTH,normal_year;water_stress_year;nitrogen_stress_year,water_stress,FQA2023_stress_grid_S0004,pareto_balanced,2023-06-13,164,8,3,"{""sim_day"": 8.0, ""doy"": 164.0, ""topwt"": 0.0, ""grnwt"": 0.0, ""xlai"": 0.0, ""totir"": 0.0, ""tofer"": NaN, ""swfac"": 0.0, ""nstres"": 0.0}",0.0,0.0,0.0,0.0,0.0,0.0,,0.0,0.0,40.0,0.0,3.15815887451172,19.15815887451172,Leave_One_experiments/all_year_offline_schedule_search/daily_outputs/FQA/FQA_2023_FQA2023_stress_grid_S0004_daily.csv
FQA,FQA,Fengqiu,2023,Leave_One_experiments\wth_generated_qc\FQA\FQA2023.WTH,normal_year;water_stress_year;nitrogen_stress_year,water_stress,FQA2023_stress_grid_S0004,pareto_balanced,2023-06-14,165,9,4,"{""sim_day"": 9.0, ""doy"": 165.0, ""topwt"": 0.0, ""grnwt"": 0.0, ""xlai"": 0.0, ""totir"": 0.0, ""tofer"": NaN, ""swfac"": 0.0, ""nstres"": 0.0}",0.0,0.0,0.0,0.0,0.0,0.0,,0.0,0.0,40.0,0.0,3.15815887451172,19.15815887451172,Leave_One_experiments/all_year_offline_schedule_search/daily_outputs/FQA/FQA_2023_FQA2023_stress_grid_S0004_daily.csv
FQA,FQA,Fengqiu,2023,Leave_One_experiments\wth_generated_qc\FQA\FQA2023.WTH,normal_year;water_stress_year;nitrogen_stress_year,water_stress,FQA2023_stress_grid_S0004,pareto_balanced,2023-06-15,166,10,5,"{""sim_day"": 10.0, ""doy"": 166.0, ""topwt"": 32.00000047683716, ""grnwt"": 0.0, ""xlai"": 0.0032891989685595, ""totir"": 0.0, ""tofer"": NaN, ""swfac"": 0.0, ""nstres"": 0.0121910572052001}",0.0,0.0121910572052001,32.00000047683716,0.0,0.0032891989685595,0.0,,0.0,0.0,40.0,0.0,3.15815887451172,19.15815887451172,Leave_One_experiments/all_year_offline_schedule_search/daily_outputs/FQA/FQA_2023_FQA2023_stress_grid_S0004_daily.csv
FQA,FQA,Fengqiu,2023,Leave_One_experiments\wth_generated_qc\FQA\FQA2023.WTH,normal_year;water_stress_year;nitrogen_stress_year,water_stress,FQA2023_stress_grid_S0004,pareto_balanced,2023-06-16,167,11,6,"{""sim_day"": 11.0, ""doy"": 167.0, ""topwt"": 32.00000047683716, ""grnwt"": 0.0, ""xlai"": 0.0056471456773579, ""totir"": 0.0, ""tofer"": NaN, ""swfac"": 0.0, ""nstres"": 0.0017329454421997}",0.0,0.0017329454421997,32.00000047683716,0.0,0.0056471456773579,0.0,,0.0,0.0,40.0,0.0,3.15815887451172,19.15815887451172,Leave_One_experiments/all_year_offline_schedule_search/daily_outputs/FQA/FQA_2023_FQA2023_stress_grid_S0004_daily.csv
FQA,FQA,Fengqiu,2023,Leave_One_experiments\wth_generated_qc\FQA\FQA2023.WTH,normal_year;water_stress_year;nitrogen_stress_year,water_stress,FQA2023_stress_grid_S0004,pareto_balanced,2023-06-17,168,12,7,"{""sim_day"": 12.0, ""doy"": 168.0, ""topwt"": 32.00000047683716, ""grnwt"": 0.0, ""xlai"": 0.0079596899449825, ""totir"": 0.0, ""tofer"": NaN, ""swfac"": 0.0, ""nstres"": 0.0}",0.0,0.0,32.00000047683716,0.0,0.0079596899449825,0.0,,0.0,0.0,40.0,0.0,3.15815887451172,19.15815887451172,Leave_One_experiments/all_year_offline_schedule_search/daily_outputs/FQA/FQA_2023_FQA2023_stress_grid_S0004_daily.csv
FQA,FQA,Fengqiu,2023,Leave_One_experiments\wth_generated_qc\FQA\FQA2023.WTH,normal_year;water_stress_year;nitrogen_stress_year,water_stress,FQA2023_stress_grid_S0004,pareto_balanced,2023-06-18,169,13,8,"{""sim_day"": 13.0, ""doy"": 169.0, ""topwt"": 32.00000047683716, ""grnwt"": 0.0, ""xlai"": 0.0107729705050587, ""totir"": 0.0, ""tofer"": NaN, ""swfac"": 0.0, ""nstres"": 0.0}",0.0,0.0,32.00000047683716,0.0,0.0107729705050587,0.0,,0.0,0.0,40.0,0.0,3.15815887451172,19.15815887451172,Leave_One_experiments/all_year_offline_schedule_search/daily_outputs/FQA/FQA_2023_FQA2023_stress_grid_S0004_daily.csv
FQA,FQA,Fengqiu,2023,Leave_One_experiments\wth_generated_qc\FQA\FQA2023.WTH,normal_year;water_stress_year;nitrogen_stress_year,water_stress,FQA2023_stress_grid_S0004,pareto_balanced,2023-06-19,170,14,9,"{""sim_day"": 14.0, ""doy"": 170.0, ""topwt"": 32.00000047683716, ""grnwt"": 0.0, ""xlai"": 0.0143443448469042, ""totir"": 0.0, ""tofer"": NaN, ""swfac"": 0.0, ""nstres"": 0.0}",0.0,0.0,32.00000047683716,0.0,0.0143443448469042,0.0,,0.0,0.0,40.0,0.0,3.15815887451172,19.15815887451172,Leave_One_experiments/all_year_offline_schedule_search/daily_outputs/FQA/FQA_2023_FQA2023_stress_grid_S0004_daily.csv
FQA,FQA,Fengqiu,2023,Leave_One_experiments\wth_generated_qc\FQA\FQA2023.WTH,normal_year;water_stress_year;nitrogen_stress_year,water_stress,FQA2023_stress_grid_S0004,pareto_balanced,2023-06-20,171,15,10,"{""sim_day"": 15.0, ""doy"": 171.0, ""topwt"": 32.00000047683716, ""grnwt"": 0.0, ""xlai"": 0.0188286881893873, ""totir"": 0.0, ""tofer"": NaN, ""swfac"": 0.0, ""nstres"": 0.0}",0.0,0.0,32.00000047683716,0.0,0.0188286881893873,0.0,,0.0,0.0,40.0,0.0,3.15815887451172,19.15815887451172,Leave_One_experiments/all_year_offline_schedule_search/daily_outputs/FQA/FQA_2023_FQA2023_stress_grid_S0004_daily.csv
FQA,FQA,Fengqiu,2023,Leave_One_experiments\wth_generated_qc\FQA\FQA2023.WTH,normal_year;water_stress_year;nitrogen_stress_year,water_stress,FQA2023_stress_grid_S0004,pareto_balanced,2023-06-21,172,16,11,"{""sim_day"": 16.0, ""doy"": 172.0, ""topwt"": 24.14443016052246, ""grnwt"": 0.0, ""xlai"": 0.0341469794511795, ""totir"": 0.0, ""tofer"": NaN, ""swfac"": 0.0, ""nstres"": 0.0}",0.0,0.0,24.14443016052246,0.0,0.0341469794511795,0.0,,0.0,0.0,40.0,0.0,3.15815887451172,19.15815887451172,Leave_One_experiments/all_year_offline_schedule_search/daily_outputs/FQA/FQA_2023_FQA2023_stress_grid_S0004_daily.csv
FQA,FQA,Fengqiu,2023,Leave_One_experiments\wth_generated_qc\FQA\FQA2023.WTH,normal_year;water_stress_year;nitrogen_stress_year,water_stress,FQA2023_stress_grid_S0004,pareto_balanced,2023-06-22,173,17,12,"{""sim_day"": 17.0, ""doy"": 173.0, ""topwt"": 29.862966537475582, ""grnwt"": 0.0, ""xlai"": 0.05215884745121, ""totir"": 0.0, ""tofer"": NaN, ""swfac"": 0.0, ""nstres"": 0.0}",0.0,0.0,29.862966537475582,0.0,0.05215884745121,0.0,,0.0,0.0,40.0,0.0,3.15815887451172,19.15815887451172,Leave_One_experiments/all_year_offline_schedule_search/daily_outputs/FQA/FQA_2023_FQA2023_stress_grid_S0004_daily.csv
FQA,FQA,Fengqiu,2023,Leave_One_experiments\wth_generated_qc\FQA\FQA2023.WTH,normal_year;water_stress_year;nitrogen_stress_year,water_stress,FQA2023_stress_grid_S0004,pareto_balanced,2023-06-23,174,18,13,"{""sim_day"": 18.0, ""doy"": 174.0, ""topwt"": 36.80789470672608, ""grnwt"": 0.0, ""xlai"": 0.0720496326684951, ""totir"": 0.0, ""tofer"": NaN, ""swfac"": 0.0, ""nstres"": 0.0}",0.0,0.0,36.80789470672608,0.0,0.0720496326684951,0.0,,0.0,0.0,40.0,0.0,3.15815887451172,19.15815887451172,Leave_One_experiments/all_year_offline_schedule_search/daily_outputs/FQA/FQA_2023_FQA2023_stress_grid_S0004_daily.csv
FQA,FQA,Fengqiu,2023,Leave_One_experiments\wth_generated_qc\FQA\FQA2023.WTH,normal_year;water_stress_year;nitrogen_stress_year,water_stress,FQA2023_stress_grid_S0004,pareto_balanced,2023-06-24,175,19,14,"{""sim_day"": 19.0, ""doy"": 175.0, ""topwt"": 44.14747714996338, ""grnwt"": 0.0, ""xlai"": 0.0915989652276039, ""totir"": 0.0, ""tofer"": NaN, ""swfac"": 0.0, ""nstres"": 0.0}",0.0,0.0,44.14747714996338,0.0,0.0915989652276039,0.0,,0.0,0.0,40.0,0.0,3.15815887451172,19.15815887451172,Leave_One_experiments/all_year_offline_schedule_search/daily_outputs/FQA/FQA_2023_FQA2023_stress_grid_S0004_daily.csv
FQA,FQA,Fengqiu,2023,Leave_One_experiments\wth_generated_qc\FQA\FQA2023.WTH,normal_year;water_stress_year;nitrogen_stress_year,water_stress,FQA2023_stress_grid_S0004,pareto_balanced,2023-06-25,176,20,15,"{""sim_day"": 20.0, ""doy"": 176.0, ""topwt"": 52.966413497924805, ""grnwt"": 0.0, ""xlai"": 0.1137223467230796, ""totir"": 0.0, ""tofer"": NaN, ""swfac"": 0.0, ""nstres"": 0.0}",0.0,0.0,52.966413497924805,0.0,0.1137223467230796,0.0,,0.0,0.0,40.0,0.0,3.15815887451172,19.15815887451172,Leave_One_experiments/all_year_offline_schedule_search/daily_outputs/FQA/FQA_2023_FQA2023_stress_grid_S0004_daily.csv
FQA,FQA,Fengqiu,2023,Leave_One_experiments\wth_generated_qc\FQA\FQA2023.WTH,normal_year;water_stress_year;nitrogen_stress_year,water_stress,FQA2023_stress_grid_S0004,pareto_balanced,2023-06-26,177,21,16,"{""sim_day"": 21.0, ""doy"": 177.0, ""topwt"": 64.63232517242432, ""grnwt"": 0.0, ""xlai"": 0.1413491368293762, ""totir"": 0.0, ""tofer"": NaN, ""swfac"": 0.0, ""nstres"": 0.0}",0.0,0.0,64.63232517242432,0.0,0.1413491368293762,0.0,,0.0,0.0,40.0,0.0,3.15815887451172,19.15815887451172,Leave_One_experiments/all_year_offline_schedule_search/daily_outputs/FQA/FQA_2023_FQA2023_stress_grid_S0004_daily.csv
FQA,FQA,Fengqiu,2023,Leave_One_experiments\wth_generated_qc\FQA\FQA2023.WTH,normal_year;water_stress_year;nitrogen_stress_year,water_stress,FQA2023_stress_grid_S0004,pareto_balanced,2023-06-27,178,22,17,"{""sim_day"": 22.0, ""doy"": 178.0, ""topwt"": 77.74917602539062, ""grnwt"": 0.0, ""xlai"": 0.1707734316587448, ""totir"": 0.0, ""tofer"": NaN, ""swfac"": 0.0, ""nstres"": 0.0}",0.0,0.0,77.74917602539062,0.0,0.1707734316587448,0.0,,0.0,0.0,40.0,0.0,3.15815887451172,19.15815887451172,Leave_One_experiments/all_year_offline_schedule_search/daily_outputs/FQA/FQA_2023_FQA2023_stress_grid_S0004_daily.csv
FQA,FQA,Fengqiu,2023,Leave_One_experiments\wth_generated_qc\FQA\FQA2023.WTH,normal_year;water_stress_year;nitrogen_stress_year,water_stress,FQA2023_stress_grid_S0004,pareto_balanced,2023-06-28,179,23,18,"{""sim_day"": 23.0, ""doy"": 179.0, ""topwt"": 92.06662178039552, ""grnwt"": 0.0, ""xlai"": 0.2013971209526062, ""totir"": 0.0, ""tofer"": NaN, ""swfac"": 0.0, ""nstres"": 0.0}",0.0,0.0,92.06662178039552,0.0,0.2013971209526062,0.0,,0.0,0.0,40.0,0.0,3.15815887451172,19.15815887451172,Leave_One_experiments/all_year_offline_schedule_search/daily_outputs/FQA/FQA_2023_FQA2023_stress_grid_S0004_daily.csv
FQA,FQA,Fengqiu,2023,Leave_One_experiments\wth_generated_qc\FQA\FQA2023.WTH,normal_year;water_stress_year;nitrogen_stress_year,water_stress,FQA2023_stress_grid_S0004,pareto_balanced,2023-06-29,180,24,19,"{""sim_day"": 24.0, ""doy"": 180.0, ""topwt"": 108.65660667419434, ""grnwt"": 0.0, ""xlai"": 0.2353721410036087, ""totir"": 0.0, ""tofer"": NaN, ""swfac"": 0.0, ""nstres"": 0.0}",0.0,0.0,108.65660667419434,0.0,0.2353721410036087,0.0,,0.0,0.0,40.0,0.0,3.15815887451172,19.15815887451172,Leave_One_experiments/all_year_offline_schedule_search/daily_outputs/FQA/FQA_2023_FQA2023_stress_grid_S0004_daily.csv
FQA,FQA,Fengqiu,2023,Leave_One_experiments\wth_generated_qc\FQA\FQA2023.WTH,normal_year;water_stress_year;nitrogen_stress_year,water_stress,FQA2023_stress_grid_S0004,pareto_balanced,2023-06-30,181,25,20,"{""sim_day"": 25.0, ""doy"": 181.0, ""topwt"": 127.60798454284668, ""grnwt"": 0.0, ""xlai"": 0.2714024782180786, ""totir"": 40.0, ""tofer"": NaN, ""swfac"": 0.0, ""nstres"": 0.0}",0.0,0.0,127.60798454284668,0.0,0.2714024782180786,40.0,,40.0,0.0,40.0,0.0,3.15815887451172,19.15815887451172,Leave_One_experiments/all_year_offline_schedule_search/daily_outputs/FQA/FQA_2023_FQA2023_stress_grid_S0004_daily.csv
FQA,FQA,Fengqiu,2023,Leave_One_experiments\wth_generated_qc\FQA\FQA2023.WTH,normal_year;water_stress_year;nitrogen_stress_year,water_stress,FQA2023_stress_grid_S0004,pareto_balanced,2023-07-01,182,26,21,"{""sim_day"": 26.0, ""doy"": 182.0, ""topwt"": 148.55951309204102, ""grnwt"": 0.0, ""xlai"": 0.3122867047786712, ""totir"": 40.0, ""tofer"": NaN, ""swfac"": 0.0, ""nstres"": 0.0}",0.0,0.0,148.55951309204102,0.0,0.3122867047786712,40.0,,0.0,0.0,40.0,0.0,3.15815887451172,19.15815887451172,Leave_One_experiments/all_year_offline_schedule_search/daily_outputs/FQA/FQA_2023_FQA2023_stress_grid_S0004_daily.csv
FQA,FQA,Fengqiu,2023,Leave_One_experiments\wth_generated_qc\FQA\FQA2023.WTH,normal_year;water_stress_year;nitrogen_stress_year,water_stress,FQA2023_stress_grid_S0004,pareto_balanced,2023-07-02,183,27,22,"{""sim_day"": 27.0, ""doy"": 183.0, ""topwt"": 170.10982513427734, ""grnwt"": 0.0, ""xlai"": 0.3527257144451141, ""totir"": 40.0, ""tofer"": NaN, ""swfac"": 0.0, ""nstres"": 0.0}",0.0,0.0,170.10982513427734,0.0,0.3527257144451141,40.0,,0.0,0.0,40.0,0.0,3.15815887451172,19.15815887451172,Leave_One_experiments/all_year_offline_schedule_search/daily_outputs/FQA/FQA_2023_FQA2023_stress_grid_S0004_daily.csv
FQA,FQA,Fengqiu,2023,Leave_One_experiments\wth_generated_qc\FQA\FQA2023.WTH,normal_year;water_stress_year;nitrogen_stress_year,water_stress,FQA2023_stress_grid_S0004,pareto_balanced,2023-07-03,184,28,23,"{""sim_day"": 28.0, ""doy"": 184.0, ""topwt"": 197.23886489868164, ""grnwt"": 0.0, ""xlai"": 0.4015429019927978, ""totir"": 40.0, ""tofer"": NaN, ""swfac"": 0.0, ""nstres"": 0.0}",0.0,0.0,197.23886489868164,0.0,0.4015429019927978,40.0,,0.0,0.0,40.0,0.0,3.15815887451172,19.15815887451172,Leave_One_experiments/all_year_offline_schedule_search/daily_outputs/FQA/FQA_2023_FQA2023_stress_grid_S0004_daily.csv
FQA,FQA,Fengqiu,2023,Leave_One_experiments\wth_generated_qc\FQA\FQA2023.WTH,normal_year;water_stress_year;nitrogen_stress_year,water_stress,FQA2023_stress_grid_S0004,pareto_balanced,2023-07-04,185,29,24,"{""sim_day"": 29.0, ""doy"": 185.0, ""topwt"": 227.14468002319336, ""grnwt"": 0.0, ""xlai"": 0.4530031085014343, ""totir"": 40.0, ""tofer"": NaN, ""swfac"": 0.0, ""nstres"": 0.0}",0.0,0.0,227.14468002319336,0.0,0.4530031085014343,40.0,,0.0,0.0,40.0,0.0,3.15815887451172,19.15815887451172,Leave_One_experiments/all_year_offline_schedule_search/daily_outputs/FQA/FQA_2023_FQA2023_stress_grid_S0004_daily.csv
FQA,FQA,Fengqiu,2023,Leave_One_experiments\wth_generated_qc\FQA\FQA2023.WTH,normal_year;water_stress_year;nitrogen_stress_year,water_stress,FQA2023_stress_grid_S0004,pareto_balanced,2023-07-05,186,30,25,"{""sim_day"": 30.0, ""doy"": 186.0, ""topwt"": 260.5159378051758, ""grnwt"": 0.0, ""xlai"": 0.5078782439231873, ""totir"": 40.0, ""tofer"": NaN, ""swfac"": 0.0, ""nstres"": 0.0}",0.0,0.0,260.5159378051758,0.0,0.5078782439231873,40.0,,0.0,0.0,40.0,0.0,3.15815887451172,19.15815887451172,Leave_One_experiments/all_year_offline_schedule_search/daily_outputs/FQA/FQA_2023_FQA2023_stress_grid_S0004_daily.csv
FQA,FQA,Fengqiu,2023,Leave_One_experiments\wth_generated_qc\FQA\FQA2023.WTH,normal_year;water_stress_year;nitrogen_stress_year,water_stress,FQA2023_stress_grid_S0004,pareto_balanced,2023-07-06,187,31,26,"{""sim_day"": 31.0, ""doy"": 187.0, ""topwt"": 299.8260307312012, ""grnwt"": 0.0, ""xlai"": 0.5694742798805237, ""totir"": 40.0, ""tofer"": NaN, ""swfac"": 0.0, ""nstres"": 0.0}",0.0,0.0,299.8260307312012,0.0,0.5694742798805237,40.0,,0.0,0.0,40.0,0.0,3.15815887451172,19.15815887451172,Leave_One_experiments/all_year_offline_schedule_search/daily_outputs/FQA/FQA_2023_FQA2023_stress_grid_S0004_daily.csv
FQA,FQA,Fengqiu,2023,Leave_One_experiments\wth_generated_qc\FQA\FQA2023.WTH,normal_year;water_stress_year;nitrogen_stress_year,water_stress,FQA2023_stress_grid_S0004,pareto_balanced,2023-07-07,188,32,27,"{""sim_day"": 32.0, ""doy"": 188.0, ""topwt"": 345.5036163330078, ""grnwt"": 0.0, ""xlai"": 0.6374598145484924, ""totir"": 40.0, ""tofer"": NaN, ""swfac"": 0.0, ""nstres"": 0.0}",0.0,0.0,345.5036163330078,0.0,0.6374598145484924,40.0,,0.0,0.0,40.0,0.0,3.15815887451172,19.15815887451172,Leave_One_experiments/all_year_offline_schedule_search/daily_outputs/FQA/FQA_2023_FQA2023_stress_grid_S0004_daily.csv
FQA,FQA,Fengqiu,2023,Leave_One_experiments\wth_generated_qc\FQA\FQA2023.WTH,normal_year;water_stress_year;nitrogen_stress_year,water_stress,FQA2023_stress_grid_S0004,pareto_balanced,2023-07-08,189,33,28,"{""sim_day"": 33.0, ""doy"": 189.0, ""topwt"": 398.2674789428711, ""grnwt"": 0.0, ""xlai"": 0.7118550539016724, ""totir"": 40.0, ""tofer"": NaN, ""swfac"": 0.0, ""nstres"": 0.0}",0.0,0.0,398.2674789428711,0.0,0.7118550539016724,40.0,,0.0,0.0,40.0,0.0,3.15815887451172,19.15815887451172,Leave_One_experiments/all_year_offline_schedule_search/daily_outputs/FQA/FQA_2023_FQA2023_stress_grid_S0004_daily.csv
FQA,FQA,Fengqiu,2023,Leave_One_experiments\wth_generated_qc\FQA\FQA2023.WTH,normal_year;water_stress_year;nitrogen_stress_year,water_stress,FQA2023_stress_grid_S0004,pareto_balanced,2023-07-09,190,34,29,"{""sim_day"": 34.0, ""doy"": 190.0, ""topwt"": 459.0656280517578, ""grnwt"": 0.0, ""xlai"": 0.7928677201271057, ""totir"": 40.0, ""tofer"": NaN, ""swfac"": 0.0, ""nstres"": 0.0}",0.0,0.0,459.0656280517578,0.0,0.7928677201271057,40.0,,0.0,0.0,40.0,0.0,3.15815887451172,19.15815887451172,Leave_One_experiments/all_year_offline_schedule_search/daily_outputs/FQA/FQA_2023_FQA2023_stress_grid_S0004_daily.csv
FQA,FQA,Fengqiu,2023,Leave_One_experiments\wth_generated_qc\FQA\FQA2023.WTH,normal_year;water_stress_year;nitrogen_stress_year,water_stress,FQA2023_stress_grid_S0004,pareto_balanced,2023-07-10,191,35,30,"{""sim_day"": 35.0, ""doy"": 191.0, ""topwt"": 524.4228744506836, ""grnwt"": 0.0, ""xlai"": 0.8736854195594788, ""totir"": 40.0, ""tofer"": NaN, ""swfac"": 0.0, ""nstres"": 0.0133061408996582}",0.0,0.0133061408996582,524.4228744506836,0.0,0.8736854195594788,40.0,,0.0,0.0,40.0,0.0,3.15815887451172,19.15815887451172,Leave_One_experiments/all_year_offline_schedule_search/daily_outputs/FQA/FQA_2023_FQA2023_stress_grid_S0004_daily.csv
FQA,FQA,Fengqiu,2023,Leave_One_experiments\wth_generated_qc\FQA\FQA2023.WTH,normal_year;water_stress_year;nitrogen_stress_year,water_stress,FQA2023_stress_grid_S0004,pareto_balanced,2023-07-11,192,36,31,"{""sim_day"": 36.0, ""doy"": 192.0, ""topwt"": 578.902587890625, ""grnwt"": 0.0, ""xlai"": 0.9320905208587646, ""totir"": 40.0, ""tofer"": NaN, ""swfac"": 0.0, ""nstres"": 0.0585299730300903}",0.0,0.0585299730300903,578.902587890625,0.0,0.9320905208587646,40.0,,0.0,0.0,40.0,0.0,3.15815887451172,19.15815887451172,Leave_One_experiments/all_year_offline_schedule_search/daily_outputs/FQA/FQA_2023_FQA2023_stress_grid_S0004_daily.csv
FQA,FQA,Fengqiu,2023,Leave_One_experiments\wth_generated_qc\FQA\FQA2023.WTH,normal_year;water_stress_year;nitrogen_stress_year,water_stress,FQA2023_stress_grid_S0004,pareto_balanced,2023-07-12,193,37,32,"{""sim_day"": 37.0, ""doy"": 193.0, ""topwt"": 632.6409149169922, ""grnwt"": 0.0, ""xlai"": 0.9823518991470336, ""totir"": 40.0, ""tofer"": NaN, ""swfac"": 0.0, ""nstres"": 0.0904535055160522}",0.0,0.0904535055160522,632.6409149169922,0.0,0.9823518991470336,40.0,,0.0,0.0,40.0,0.0,3.15815887451172,19.15815887451172,Leave_One_experiments/all_year_offline_schedule_search/daily_outputs/FQA/FQA_2023_FQA2023_stress_grid_S0004_daily.csv
FQA,FQA,Fengqiu,2023,Leave_One_experiments\wth_generated_qc\FQA\FQA2023.WTH,normal_year;water_stress_year;nitrogen_stress_year,water_stress,FQA2023_stress_grid_S0004,pareto_balanced,2023-07-13,194,38,33,"{""sim_day"": 38.0, ""doy"": 194.0, ""topwt"": 689.8985290527344, ""grnwt"": 0.0, ""xlai"": 1.0303936004638672, ""totir"": 40.0, ""tofer"": NaN, ""swfac"": 0.0, ""nstres"": 0.1109625101089477}",0.0,0.1109625101089477,689.8985290527344,0.0,1.0303936004638672,40.0,,0.0,0.0,40.0,0.0,3.15815887451172,19.15815887451172,Leave_One_experiments/all_year_offline_schedule_search/daily_outputs/FQA/FQA_2023_FQA2023_stress_grid_S0004_daily.csv
FQA,FQA,Fengqiu,2023,Leave_One_experiments\wth_generated_qc\FQA\FQA2023.WTH,normal_year;water_stress_year;nitrogen_stress_year,water_stress,FQA2023_stress_grid_S0004,pareto_balanced,2023-07-14,195,39,34,"{""sim_day"": 39.0, ""doy"": 195.0, ""topwt"": 754.3640899658203, ""grnwt"": 0.0, ""xlai"": 1.0795915126800537, ""totir"": 40.0, ""tofer"": NaN, ""swfac"": 0.0, ""nstres"": 0.1295043230056762}",0.0,0.1295043230056762,754.3640899658203,0.0,1.0795915126800537,40.0,,0.0,0.0,40.0,0.0,3.15815887451172,19.15815887451172,Leave_One_experiments/all_year_offline_schedule_search/daily_outputs/FQA/FQA_2023_FQA2023_stress_grid_S0004_daily.csv
FQA,FQA,Fengqiu,2023,Leave_One_experiments\wth_generated_qc\FQA\FQA2023.WTH,normal_year;water_stress_year;nitrogen_stress_year,water_stress,FQA2023_stress_grid_S0004,pareto_balanced,2023-07-15,196,40,35,"{""sim_day"": 40.0, ""doy"": 196.0, ""topwt"": 819.2940521240234, ""grnwt"": 0.0, ""xlai"": 1.122689962387085, ""totir"": 40.0, ""tofer"": NaN, ""swfac"": 0.0, ""nstres"": 0.147389531135559}",0.0,0.147389531135559,819.2940521240234,0.0,1.122689962387085,40.0,,0.0,0.0,40.0,0.0,3.15815887451172,19.15815887451172,Leave_One_experiments/all_year_offline_schedule_search/daily_outputs/FQA/FQA_2023_FQA2023_stress_grid_S0004_daily.csv
FQA,FQA,Fengqiu,2023,Leave_One_experiments\wth_generated_qc\FQA\FQA2023.WTH,normal_year;water_stress_year;nitrogen_stress_year,water_stress,FQA2023_stress_grid_S0004,pareto_balanced,2023-07-16,197,41,36,"{""sim_day"": 41.0, ""doy"": 197.0, ""topwt"": 877.8854370117188, ""grnwt"": 0.0, ""xlai"": 1.1537140607833862, ""totir"": 40.0, ""tofer"": NaN, ""swfac"": 0.0, ""nstres"": 0.1653382778167724}",0.0,0.1653382778167724,877.8854370117188,0.0,1.1537140607833862,40.0,,0.0,0.0,40.0,0.0,3.15815887451172,19.15815887451172,Leave_One_experiments/all_year_offline_schedule_search/daily_outputs/FQA/FQA_2023_FQA2023_stress_grid_S0004_daily.csv
FQA,FQA,Fengqiu,2023,Leave_One_experiments\wth_generated_qc\FQA\FQA2023.WTH,normal_year;water_stress_year;nitrogen_stress_year,water_stress,FQA2023_stress_grid_S0004,pareto_balanced,2023-07-17,198,42,37,"{""sim_day"": 42.0, ""doy"": 198.0, ""topwt"": 938.9852905273438, ""grnwt"": 0.0, ""xlai"": 1.18168044090271, ""totir"": 40.0, ""tofer"": NaN, ""swfac"": 0.0, ""nstres"": 0.1804565191268921}",0.0,0.1804565191268921,938.9852905273438,0.0,1.18168044090271,40.0,,0.0,0.0,40.0,0.0,3.15815887451172,19.15815887451172,Leave_One_experiments/all_year_offline_schedule_search/daily_outputs/FQA/FQA_2023_FQA2023_stress_grid_S0004_daily.csv
FQA,FQA,Fengqiu,2023,Leave_One_experiments\wth_generated_qc\FQA\FQA2023.WTH,normal_year;water_stress_year;nitrogen_stress_year,water_stress,FQA2023_stress_grid_S0004,pareto_balanced,2023-07-18,199,43,38,"{""sim_day"": 43.0, ""doy"": 199.0, ""topwt"": 1075.9076690673828, ""grnwt"": 0.0, ""xlai"": 1.2068557739257812, ""totir"": 40.0, ""tofer"": NaN, ""swfac"": 0.0, ""nstres"": 0.1901506781578064}",0.0,0.1901506781578064,1075.9076690673828,0.0,1.2068557739257812,40.0,,0.0,0.0,40.0,0.0,3.15815887451172,19.15815887451172,Leave_One_experiments/all_year_offline_schedule_search/daily_outputs/FQA/FQA_2023_FQA2023_stress_grid_S0004_daily.csv
FQA,FQA,Fengqiu,2023,Leave_One_experiments\wth_generated_qc\FQA\FQA2023.WTH,normal_year;water_stress_year;nitrogen_stress_year,water_stress,FQA2023_stress_grid_S0004,pareto_balanced,2023-07-19,200,44,39,"{""sim_day"": 44.0, ""doy"": 200.0, ""topwt"": 1220.0006866455078, ""grnwt"": 0.0, ""xlai"": 1.2290719747543335, ""totir"": 40.0, ""tofer"": NaN, ""swfac"": 0.0, ""nstres"": 0.1975347399711609}",0.0,0.1975347399711609,1220.0006866455078,0.0,1.2290719747543335,40.0,,0.0,0.0,40.0,0.0,3.15815887451172,19.15815887451172,Leave_One_experiments/all_year_offline_schedule_search/daily_outputs/FQA/FQA_2023_FQA2023_stress_grid_S0004_daily.csv
FQA,FQA,Fengqiu,2023,Leave_One_experiments\wth_generated_qc\FQA\FQA2023.WTH,normal_year;water_stress_year;nitrogen_stress_year,water_stress,FQA2023_stress_grid_S0004,pareto_balanced,2023-07-20,201,45,40,"{""sim_day"": 45.0, ""doy"": 201.0, ""topwt"": 1320.7748413085938, ""grnwt"": 0.0, ""xlai"": 1.228445529937744, ""totir"": 40.0, ""tofer"": NaN, ""swfac"": 0.0, ""nstres"": 0.2776621580123901}",0.0,0.2776621580123901,1320.7748413085938,0.0,1.228445529937744,40.0,,0.0,0.0,40.0,0.0,3.15815887451172,19.15815887451172,Leave_One_experiments/all_year_offline_schedule_search/daily_outputs/FQA/FQA_2023_FQA2023_stress_grid_S0004_daily.csv
FQA,FQA,Fengqiu,2023,Leave_One_experiments\wth_generated_qc\FQA\FQA2023.WTH,normal_year;water_stress_year;nitrogen_stress_year,water_stress,FQA2023_stress_grid_S0004,pareto_balanced,2023-07-21,202,46,41,"{""sim_day"": 46.0, ""doy"": 202.0, ""topwt"": 1412.2404479980469, ""grnwt"": 0.0, ""xlai"": 1.219751000404358, ""totir"": 40.0, ""tofer"": NaN, ""swfac"": 0.0, ""nstres"": 0.3435488939285278}",0.0,0.3435488939285278,1412.2404479980469,0.0,1.219751000404358,40.0,,0.0,0.0,40.0,0.0,3.15815887451172,19.15815887451172,Leave_One_experiments/all_year_offline_schedule_search/daily_outputs/FQA/FQA_2023_FQA2023_stress_grid_S0004_daily.csv
FQA,FQA,Fengqiu,2023,Leave_One_experiments\wth_generated_qc\FQA\FQA2023.WTH,normal_year;water_stress_year;nitrogen_stress_year,water_stress,FQA2023_stress_grid_S0004,pareto_balanced,2023-07-22,203,47,42,"{""sim_day"": 47.0, ""doy"": 203.0, ""topwt"": 1514.0560913085938, ""grnwt"": 0.0, ""xlai"": 1.211485505104065, ""totir"": 40.0, ""tofer"": NaN, ""swfac"": 0.0, ""nstres"": 0.3727588653564453}",0.0,0.3727588653564453,1514.0560913085938,0.0,1.211485505104065,40.0,,0.0,0.0,40.0,0.0,3.15815887451172,19.15815887451172,Leave_One_experiments/all_year_offline_schedule_search/daily_outputs/FQA/FQA_2023_FQA2023_stress_grid_S0004_daily.csv
FQA,FQA,Fengqiu,2023,Leave_One_experiments\wth_generated_qc\FQA\FQA2023.WTH,normal_year;water_stress_year;nitrogen_stress_year,water_stress,FQA2023_stress_grid_S0004,pareto_balanced,2023-07-23,204,48,43,"{""sim_day"": 48.0, ""doy"": 204.0, ""topwt"": 1613.0630493164062, ""grnwt"": 0.0, ""xlai"": 1.200257658958435, ""totir"": 40.0, ""tofer"": NaN, ""swfac"": 0.0, ""nstres"": 0.3912523984909057}",0.0,0.3912523984909057,1613.0630493164062,0.0,1.200257658958435,40.0,,0.0,0.0,40.0,0.0,3.15815887451172,19.15815887451172,Leave_One_experiments/all_year_offline_schedule_search/daily_outputs/FQA/FQA_2023_FQA2023_stress_grid_S0004_daily.csv
FQA,FQA,Fengqiu,2023,Leave_One_experiments\wth_generated_qc\FQA\FQA2023.WTH,normal_year;water_stress_year;nitrogen_stress_year,water_stress,FQA2023_stress_grid_S0004,pareto_balanced,2023-07-24,205,49,44,"{""sim_day"": 49.0, ""doy"": 205.0, ""topwt"": 1693.8160705566406, ""grnwt"": 0.0, ""xlai"": 1.1822351217269895, ""totir"": 40.0, ""tofer"": NaN, ""swfac"": 0.0, ""nstres"": 0.4101827144622803}",0.0,0.4101827144622803,1693.8160705566406,0.0,1.1822351217269895,40.0,,0.0,0.0,40.0,0.0,3.15815887451172,19.15815887451172,Leave_One_experiments/all_year_offline_schedule_search/daily_outputs/FQA/FQA_2023_FQA2023_stress_grid_S0004_daily.csv
FQA,FQA,Fengqiu,2023,Leave_One_experiments\wth_generated_qc\FQA\FQA2023.WTH,normal_year;water_stress_year;nitrogen_stress_year,water_stress,FQA2023_stress_grid_S0004,pareto_balanced,2023-07-25,206,50,45,"{""sim_day"": 50.0, ""doy"": 206.0, ""topwt"": 1786.4125061035156, ""grnwt"": 0.0, ""xlai"": 1.1665947437286377, ""totir"": 40.0, ""tofer"": NaN, ""swfac"": 0.0, ""nstres"": 0.4205279350280761}",0.0,0.4205279350280761,1786.4125061035156,0.0,1.1665947437286377,40.0,,0.0,0.0,40.0,0.0,3.15815887451172,19.15815887451172,Leave_One_experiments/all_year_offline_schedule_search/daily_outputs/FQA/FQA_2023_FQA2023_stress_grid_S0004_daily.csv
FQA,FQA,Fengqiu,2023,Leave_One_experiments\wth_generated_qc\FQA\FQA2023.WTH,normal_year;water_stress_year;nitrogen_stress_year,water_stress,FQA2023_stress_grid_S0004,pareto_balanced,2023-07-26,207,51,46,"{""sim_day"": 51.0, ""doy"": 207.0, ""topwt"": 1867.9074096679688, ""grnwt"": 0.0, ""xlai"": 1.147620439529419, ""totir"": 40.0, ""tofer"": NaN, ""swfac"": 0.0, ""nstres"": 0.4234417676925659}",0.0,0.4234417676925659,1867.9074096679688,0.0,1.147620439529419,40.0,,0.0,0.0,40.0,0.0,3.15815887451172,19.15815887451172,Leave_One_experiments/all_year_offline_schedule_search/daily_outputs/FQA/FQA_2023_FQA2023_stress_grid_S0004_daily.csv
FQA,FQA,Fengqiu,2023,Leave_One_experiments\wth_generated_qc\FQA\FQA2023.WTH,normal_year;water_stress_year;nitrogen_stress_year,water_stress,FQA2023_stress_grid_S0004,pareto_balanced,2023-07-27,208,52,47,"{""sim_day"": 52.0, ""doy"": 208.0, ""topwt"": 1949.3553161621091, ""grnwt"": 0.0, ""xlai"": 1.1283960342407229, ""totir"": 40.0, ""tofer"": NaN, ""swfac"": 0.0, ""nstres"": 0.4280317425727844}",0.0,0.4280317425727844,1949.3553161621091,0.0,1.1283960342407229,40.0,,0.0,0.0,40.0,0.0,3.15815887451172,19.15815887451172,Leave_One_experiments/all_year_offline_schedule_search/daily_outputs/FQA/FQA_2023_FQA2023_stress_grid_S0004_daily.csv
FQA,FQA,Fengqiu,2023,Leave_One_experiments\wth_generated_qc\FQA\FQA2023.WTH,normal_year;water_stress_year;nitrogen_stress_year,water_stress,FQA2023_stress_grid_S0004,pareto_balanced,2023-07-28,209,53,48,"{""sim_day"": 53.0, ""doy"": 209.0, ""topwt"": 1988.6647033691409, ""grnwt"": 0.0, ""xlai"": 1.0991514921188354, ""totir"": 40.0, ""tofer"": NaN, ""swfac"": 0.0, ""nstres"": 0.428160548210144}",0.0,0.428160548210144,1988.6647033691409,0.0,1.0991514921188354,40.0,,0.0,0.0,40.0,0.0,3.15815887451172,19.15815887451172,Leave_One_experiments/all_year_offline_schedule_search/daily_outputs/FQA/FQA_2023_FQA2023_stress_grid_S0004_daily.csv
FQA,FQA,Fengqiu,2023,Leave_One_experiments\wth_generated_qc\FQA\FQA2023.WTH,normal_year;water_stress_year;nitrogen_stress_year,water_stress,FQA2023_stress_grid_S0004,pareto_balanced,2023-07-29,210,54,49,"{""sim_day"": 54.0, ""doy"": 210.0, ""topwt"": 2059.425506591797, ""grnwt"": 0.0, ""xlai"": 1.0787506103515625, ""totir"": 40.0, ""tofer"": NaN, ""swfac"": 0.0, ""nstres"": 0.4306982159614563}",0.0,0.4306982159614563,2059.425506591797,0.0,1.0787506103515625,40.0,,0.0,0.0,40.0,0.0,3.15815887451172,19.15815887451172,Leave_One_experiments/all_year_offline_schedule_search/daily_outputs/FQA/FQA_2023_FQA2023_stress_grid_S0004_daily.csv
FQA,FQA,Fengqiu,2023,Leave_One_experiments\wth_generated_qc\FQA\FQA2023.WTH,normal_year;water_stress_year;nitrogen_stress_year,water_stress,FQA2023_stress_grid_S0004,pareto_balanced,2023-07-30,211,55,50,"{""sim_day"": 55.0, ""doy"": 211.0, ""topwt"": 2136.248779296875, ""grnwt"": 0.0, ""xlai"": 1.060848355293274, ""totir"": 40.0, ""tofer"": NaN, ""swfac"": 0.0, ""nstres"": 0.4247444272041321}",0.0,0.4247444272041321,2136.248779296875,0.0,1.060848355293274,40.0,,0.0,0.0,40.0,0.0,3.15815887451172,19.15815887451172,Leave_One_experiments/all_year_offline_schedule_search/daily_outputs/FQA/FQA_2023_FQA2023_stress_grid_S0004_daily.csv
FQA,FQA,Fengqiu,2023,Leave_One_experiments\wth_generated_qc\FQA\FQA2023.WTH,normal_year;water_stress_year;nitrogen_stress_year,water_stress,FQA2023_stress_grid_S0004,pareto_balanced,2023-07-31,212,56,51,"{""sim_day"": 56.0, ""doy"": 212.0, ""topwt"": 2219.715881347656, ""grnwt"": 0.0, ""xlai"": 1.0450996160507202, ""totir"": 40.0, ""tofer"": NaN, ""swfac"": 0.0, ""nstres"": 0.4275317788124084}",0.0,0.4275317788124084,2219.715881347656,0.0,1.0450996160507202,40.0,,0.0,0.0,40.0,0.0,3.15815887451172,19.15815887451172,Leave_One_experiments/all_year_offline_schedule_search/daily_outputs/FQA/FQA_2023_FQA2023_stress_grid_S0004_daily.csv
FQA,FQA,Fengqiu,2023,Leave_One_experiments\wth_generated_qc\FQA\FQA2023.WTH,normal_year;water_stress_year;nitrogen_stress_year,water_stress,FQA2023_stress_grid_S0004,pareto_balanced,2023-08-01,213,57,52,"{""sim_day"": 57.0, ""doy"": 213.0, ""topwt"": 2299.6066284179688, ""grnwt"": 0.0, ""xlai"": 1.0287896394729614, ""totir"": 40.0, ""tofer"": NaN, ""swfac"": 0.0, ""nstres"": 0.4317176938056946}",0.0,0.4317176938056946,2299.6066284179688,0.0,1.0287896394729614,40.0,,0.0,0.0,40.0,0.0,3.15815887451172,19.15815887451172,Leave_One_experiments/all_year_offline_schedule_search/daily_outputs/FQA/FQA_2023_FQA2023_stress_grid_S0004_daily.csv
FQA,FQA,Fengqiu,2023,Leave_One_experiments\wth_generated_qc\FQA\FQA2023.WTH,normal_year;water_stress_year;nitrogen_stress_year,water_stress,FQA2023_stress_grid_S0004,pareto_balanced,2023-08-02,214,58,53,"{""sim_day"": 58.0, ""doy"": 214.0, ""topwt"": 2384.667510986328, ""grnwt"": 0.0, ""xlai"": 1.0143145322799685, ""totir"": 40.0, ""tofer"": NaN, ""swfac"": 0.0, ""nstres"": 0.4321570992469787}",0.0,0.4321570992469787,2384.667510986328,0.0,1.0143145322799685,40.0,,0.0,0.0,40.0,0.0,3.15815887451172,19.15815887451172,Leave_One_experiments/all_year_offline_schedule_search/daily_outputs/FQA/FQA_2023_FQA2023_stress_grid_S0004_daily.csv
FQA,FQA,Fengqiu,2023,Leave_One_experiments\wth_generated_qc\FQA\FQA2023.WTH,normal_year;water_stress_year;nitrogen_stress_year,water_stress,FQA2023_stress_grid_S0004,pareto_balanced,2023-08-03,215,59,54,"{""sim_day"": 59.0, ""doy"": 215.0, ""topwt"": 2472.9962158203125, ""grnwt"": 0.0, ""xlai"": 1.001407265663147, ""totir"": 40.0, ""tofer"": NaN, ""swfac"": 0.0, ""nstres"": 0.426165223121643}",0.0,0.426165223121643,2472.9962158203125,0.0,1.001407265663147,40.0,,0.0,0.0,40.0,0.0,3.15815887451172,19.15815887451172,Leave_One_experiments/all_year_offline_schedule_search/daily_outputs/FQA/FQA_2023_FQA2023_stress_grid_S0004_daily.csv
FQA,FQA,Fengqiu,2023,Leave_One_experiments\wth_generated_qc\FQA\FQA2023.WTH,normal_year;water_stress_year;nitrogen_stress_year,water_stress,FQA2023_stress_grid_S0004,pareto_balanced,2023-08-04,216,60,55,"{""sim_day"": 60.0, ""doy"": 216.0, ""topwt"": 2548.2508850097656, ""grnwt"": 0.0, ""xlai"": 0.9673845171928406, ""totir"": 40.0, ""tofer"": NaN, ""swfac"": 0.0, ""nstres"": 0.4154002666473388}",0.0,0.4154002666473388,2548.2508850097656,0.0,0.9673845171928406,40.0,,0.0,0.0,40.0,0.0,3.15815887451172,19.15815887451172,Leave_One_experiments/all_year_offline_schedule_search/daily_outputs/FQA/FQA_2023_FQA2023_stress_grid_S0004_daily.csv
FQA,FQA,Fengqiu,2023,Leave_One_experiments\wth_generated_qc\FQA\FQA2023.WTH,normal_year;water_stress_year;nitrogen_stress_year,water_stress,FQA2023_stress_grid_S0004,pareto_balanced,2023-08-05,217,61,56,"{""sim_day"": 61.0, ""doy"": 217.0, ""topwt"": 2642.6840209960938, ""grnwt"": 0.0, ""xlai"": 0.9350042939186096, ""totir"": 40.0, ""tofer"": NaN, ""swfac"": 0.0, ""nstres"": 0.4033253192901611}",0.0,0.4033253192901611,2642.6840209960938,0.0,0.9350042939186096,40.0,,0.0,0.0,40.0,0.0,3.15815887451172,19.15815887451172,Leave_One_experiments/all_year_offline_schedule_search/daily_outputs/FQA/FQA_2023_FQA2023_stress_grid_S0004_daily.csv
FQA,FQA,Fengqiu,2023,Leave_One_experiments\wth_generated_qc\FQA\FQA2023.WTH,normal_year;water_stress_year;nitrogen_stress_year,water_stress,FQA2023_stress_grid_S0004,pareto_balanced,2023-08-06,218,62,57,"{""sim_day"": 62.0, ""doy"": 218.0, ""topwt"": 2769.877319335937, ""grnwt"": 0.0, ""xlai"": 0.9040335416793824, ""totir"": 40.0, ""tofer"": NaN, ""swfac"": 0.0, ""nstres"": 0.3949662446975708}",0.0,0.3949662446975708,2769.877319335937,0.0,0.9040335416793824,40.0,,0.0,0.0,40.0,0.0,3.15815887451172,19.15815887451172,Leave_One_experiments/all_year_offline_schedule_search/daily_outputs/FQA/FQA_2023_FQA2023_stress_grid_S0004_daily.csv
FQA,FQA,Fengqiu,2023,Leave_One_experiments\wth_generated_qc\FQA\FQA2023.WTH,normal_year;water_stress_year;nitrogen_stress_year,water_stress,FQA2023_stress_grid_S0004,pareto_balanced,2023-08-07,219,63,58,"{""sim_day"": 63.0, ""doy"": 219.0, ""topwt"": 2857.0083618164062, ""grnwt"": 0.0, ""xlai"": 0.8741929531097412, ""totir"": 40.0, ""tofer"": NaN, ""swfac"": 0.0, ""nstres"": 0.3922004103660583}",0.0,0.3922004103660583,2857.0083618164062,0.0,0.8741929531097412,40.0,,0.0,0.0,40.0,0.0,3.15815887451172,19.15815887451172,Leave_One_experiments/all_year_offline_schedule_search/daily_outputs/FQA/FQA_2023_FQA2023_stress_grid_S0004_daily.csv
FQA,FQA,Fengqiu,2023,Leave_One_experiments\wth_generated_qc\FQA\FQA2023.WTH,normal_year;water_stress_year;nitrogen_stress_year,water_stress,FQA2023_stress_grid_S0004,pareto_balanced,2023-08-08,220,64,59,"{""sim_day"": 64.0, ""doy"": 220.0, ""topwt"": 2951.719055175781, ""grnwt"": 0.0, ""xlai"": 0.8453161120414734, ""totir"": 40.0, ""tofer"": NaN, ""swfac"": 0.0, ""nstres"": 0.3927825093269348}",0.0,0.3927825093269348,2951.719055175781,0.0,0.8453161120414734,40.0,,0.0,0.0,40.0,0.0,3.15815887451172,19.15815887451172,Leave_One_experiments/all_year_offline_schedule_search/daily_outputs/FQA/FQA_2023_FQA2023_stress_grid_S0004_daily.csv
FQA,FQA,Fengqiu,2023,Leave_One_experiments\wth_generated_qc\FQA\FQA2023.WTH,normal_year;water_stress_year;nitrogen_stress_year,water_stress,FQA2023_stress_grid_S0004,pareto_balanced,2023-08-09,221,65,60,"{""sim_day"": 65.0, ""doy"": 221.0, ""topwt"": 3053.202209472656, ""grnwt"": 0.0, ""xlai"": 0.817779541015625, ""totir"": 40.0, ""tofer"": NaN, ""swfac"": 0.0, ""nstres"": 0.3818106055259704}",0.0,0.3818106055259704,3053.202209472656,0.0,0.817779541015625,40.0,,0.0,0.0,40.0,0.0,3.15815887451172,19.15815887451172,Leave_One_experiments/all_year_offline_schedule_search/daily_outputs/FQA/FQA_2023_FQA2023_stress_grid_S0004_daily.csv
FQA,FQA,Fengqiu,2023,Leave_One_experiments\wth_generated_qc\FQA\FQA2023.WTH,normal_year;water_stress_year;nitrogen_stress_year,water_stress,FQA2023_stress_grid_S0004,pareto_balanced,2023-08-10,222,66,61,"{""sim_day"": 66.0, ""doy"": 222.0, ""topwt"": 3146.612243652344, ""grnwt"": 0.0, ""xlai"": 0.7915319204330444, ""totir"": 40.0, ""tofer"": NaN, ""swfac"": 0.0, ""nstres"": 0.3703091740608215}",0.0,0.3703091740608215,3146.612243652344,0.0,0.7915319204330444,40.0,,0.0,0.0,40.0,0.0,3.15815887451172,19.15815887451172,Leave_One_experiments/all_year_offline_schedule_search/daily_outputs/FQA/FQA_2023_FQA2023_stress_grid_S0004_daily.csv
FQA,FQA,Fengqiu,2023,Leave_One_experiments\wth_generated_qc\FQA\FQA2023.WTH,normal_year;water_stress_year;nitrogen_stress_year,water_stress,FQA2023_stress_grid_S0004,pareto_balanced,2023-08-11,223,67,62,"{""sim_day"": 67.0, ""doy"": 223.0, ""topwt"": 3150.517883300781, ""grnwt"": 0.0, ""xlai"": 0.7664212584495544, ""totir"": 40.0, ""tofer"": NaN, ""swfac"": 0.0, ""nstres"": 0.3613797426223755}",0.0,0.3613797426223755,3150.517883300781,0.0,0.7664212584495544,40.0,,0.0,0.0,40.0,0.0,3.15815887451172,19.15815887451172,Leave_One_experiments/all_year_offline_schedule_search/daily_outputs/FQA/FQA_2023_FQA2023_stress_grid_S0004_daily.csv
FQA,FQA,Fengqiu,2023,Leave_One_experiments\wth_generated_qc\FQA\FQA2023.WTH,normal_year;water_stress_year;nitrogen_stress_year,water_stress,FQA2023_stress_grid_S0004,pareto_balanced,2023-08-12,224,68,63,"{""sim_day"": 68.0, ""doy"": 224.0, ""topwt"": 3246.746826171875, ""grnwt"": 0.0, ""xlai"": 0.7425133585929871, ""totir"": 40.0, ""tofer"": NaN, ""swfac"": 0.0, ""nstres"": 0.3486621379852295}",0.0,0.3486621379852295,3246.746826171875,0.0,0.7425133585929871,40.0,,0.0,0.0,40.0,0.0,3.15815887451172,19.15815887451172,Leave_One_experiments/all_year_offline_schedule_search/daily_outputs/FQA/FQA_2023_FQA2023_stress_grid_S0004_daily.csv
FQA,FQA,Fengqiu,2023,Leave_One_experiments\wth_generated_qc\FQA\FQA2023.WTH,normal_year;water_stress_year;nitrogen_stress_year,water_stress,FQA2023_stress_grid_S0004,pareto_balanced,2023-08-13,225,69,64,"{""sim_day"": 69.0, ""doy"": 225.0, ""topwt"": 3388.5421752929688, ""grnwt"": 218.0698585510254, ""xlai"": 0.720374584197998, ""totir"": 40.0, ""tofer"": NaN, ""swfac"": 0.0, ""nstres"": 0.3155832290649414}",0.0,0.3155832290649414,3388.5421752929688,218.0698585510254,0.720374584197998,40.0,,0.0,0.0,40.0,0.0,3.15815887451172,19.15815887451172,Leave_One_experiments/all_year_offline_schedule_search/daily_outputs/FQA/FQA_2023_FQA2023_stress_grid_S0004_daily.csv
FQA,FQA,Fengqiu,2023,Leave_One_experiments\wth_generated_qc\FQA\FQA2023.WTH,normal_year;water_stress_year;nitrogen_stress_year,water_stress,FQA2023_stress_grid_S0004,pareto_balanced,2023-08-14,226,70,65,"{""sim_day"": 70.0, ""doy"": 226.0, ""topwt"": 3483.324584960937, ""grnwt"": 298.26072692871094, ""xlai"": 0.6968476176261902, ""totir"": 40.0, ""tofer"": NaN, ""swfac"": 0.0, ""nstres"": 0.3838242888450622}",0.0,0.3838242888450622,3483.324584960937,298.26072692871094,0.6968476176261902,40.0,,0.0,0.0,40.0,0.0,3.15815887451172,19.15815887451172,Leave_One_experiments/all_year_offline_schedule_search/daily_outputs/FQA/FQA_2023_FQA2023_stress_grid_S0004_daily.csv
FQA,FQA,Fengqiu,2023,Leave_One_experiments\wth_generated_qc\FQA\FQA2023.WTH,normal_year;water_stress_year;nitrogen_stress_year,water_stress,FQA2023_stress_grid_S0004,pareto_balanced,2023-08-15,227,71,66,"{""sim_day"": 71.0, ""doy"": 227.0, ""topwt"": 3587.7587890625, ""grnwt"": 377.8704833984375, ""xlai"": 0.6749972701072693, ""totir"": 40.0, ""tofer"": NaN, ""swfac"": 0.0, ""nstres"": 0.3525466918945312}",0.0,0.3525466918945312,3587.7587890625,377.8704833984375,0.6749972701072693,40.0,,0.0,0.0,40.0,0.0,3.15815887451172,19.15815887451172,Leave_One_experiments/all_year_offline_schedule_search/daily_outputs/FQA/FQA_2023_FQA2023_stress_grid_S0004_daily.csv
FQA,FQA,Fengqiu,2023,Leave_One_experiments\wth_generated_qc\FQA\FQA2023.WTH,normal_year;water_stress_year;nitrogen_stress_year,water_stress,FQA2023_stress_grid_S0004,pareto_balanced,2023-08-16,228,72,67,"{""sim_day"": 72.0, ""doy"": 228.0, ""topwt"": 3681.66748046875, ""grnwt"": 450.5071258544922, ""xlai"": 0.6538866758346558, ""totir"": 40.0, ""tofer"": NaN, ""swfac"": 0.0, ""nstres"": 0.3505988717079162}",0.0,0.3505988717079162,3681.66748046875,450.5071258544922,0.6538866758346558,40.0,,0.0,0.0,40.0,0.0,3.15815887451172,19.15815887451172,Leave_One_experiments/all_year_offline_schedule_search/daily_outputs/FQA/FQA_2023_FQA2023_stress_grid_S0004_daily.csv
FQA,FQA,Fengqiu,2023,Leave_One_experiments\wth_generated_qc\FQA\FQA2023.WTH,normal_year;water_stress_year;nitrogen_stress_year,water_stress,FQA2023_stress_grid_S0004,pareto_balanced,2023-08-17,229,73,68,"{""sim_day"": 73.0, ""doy"": 229.0, ""topwt"": 3752.449340820313, ""grnwt"": 509.1975402832031, ""xlai"": 0.6334380507469177, ""totir"": 40.0, ""tofer"": NaN, ""swfac"": 0.0, ""nstres"": 0.3505376577377319}",0.0,0.3505376577377319,3752.449340820313,509.1975402832031,0.6334380507469177,40.0,,0.0,0.0,40.0,0.0,3.15815887451172,19.15815887451172,Leave_One_experiments/all_year_offline_schedule_search/daily_outputs/FQA/FQA_2023_FQA2023_stress_grid_S0004_daily.csv
FQA,FQA,Fengqiu,2023,Leave_One_experiments\wth_generated_qc\FQA\FQA2023.WTH,normal_year;water_stress_year;nitrogen_stress_year,water_stress,FQA2023_stress_grid_S0004,pareto_balanced,2023-08-18,230,74,69,"{""sim_day"": 74.0, ""doy"": 230.0, ""topwt"": 3817.2369384765625, ""grnwt"": 584.1585540771484, ""xlai"": 0.6137722730636597, ""totir"": 40.0, ""tofer"": NaN, ""swfac"": 0.0, ""nstres"": 0.3451058268547058}",0.0,0.3451058268547058,3817.2369384765625,584.1585540771484,0.6137722730636597,40.0,,0.0,0.0,40.0,0.0,3.15815887451172,19.15815887451172,Leave_One_experiments/all_year_offline_schedule_search/daily_outputs/FQA/FQA_2023_FQA2023_stress_grid_S0004_daily.csv
FQA,FQA,Fengqiu,2023,Leave_One_experiments\wth_generated_qc\FQA\FQA2023.WTH,normal_year;water_stress_year;nitrogen_stress_year,water_stress,FQA2023_stress_grid_S0004,pareto_balanced,2023-08-19,231,75,70,"{""sim_day"": 75.0, ""doy"": 231.0, ""topwt"": 3862.7896118164062, ""grnwt"": 669.5792388916016, ""xlai"": 0.5947511792182922, ""totir"": 40.0, ""tofer"": NaN, ""swfac"": 0.0, ""nstres"": 0.3437695503234863}",0.0,0.3437695503234863,3862.7896118164062,669.5792388916016,0.5947511792182922,40.0,,0.0,0.0,40.0,0.0,3.15815887451172,19.15815887451172,Leave_One_experiments/all_year_offline_schedule_search/daily_outputs/FQA/FQA_2023_FQA2023_stress_grid_S0004_daily.csv
FQA,FQA,Fengqiu,2023,Leave_One_experiments\wth_generated_qc\FQA\FQA2023.WTH,normal_year;water_stress_year;nitrogen_stress_year,water_stress,FQA2023_stress_grid_S0004,pareto_balanced,2023-08-20,232,76,71,"{""sim_day"": 76.0, ""doy"": 232.0, ""topwt"": 3947.259826660156, ""grnwt"": 750.9323120117188, ""xlai"": 0.5764399170875549, ""totir"": 40.0, ""tofer"": NaN, ""swfac"": 0.0, ""nstres"": 0.3389126658439636}",0.0,0.3389126658439636,3947.259826660156,750.9323120117188,0.5764399170875549,40.0,,0.0,0.0,40.0,0.0,3.15815887451172,19.15815887451172,Leave_One_experiments/all_year_offline_schedule_search/daily_outputs/FQA/FQA_2023_FQA2023_stress_grid_S0004_daily.csv
FQA,FQA,Fengqiu,2023,Leave_One_experiments\wth_generated_qc\FQA\FQA2023.WTH,normal_year;water_stress_year;nitrogen_stress_year,water_stress,FQA2023_stress_grid_S0004,pareto_balanced,2023-08-21,233,77,72,"{""sim_day"": 77.0, ""doy"": 233.0, ""topwt"": 4050.4046630859375, ""grnwt"": 842.7450561523438, ""xlai"": 0.5591765642166138, ""totir"": 40.0, ""tofer"": NaN, ""swfac"": 0.0, ""nstres"": 0.3187604546546936}",0.0,0.3187604546546936,4050.4046630859375,842.7450561523438,0.5591765642166138,40.0,,0.0,0.0,40.0,0.0,3.15815887451172,19.15815887451172,Leave_One_experiments/all_year_offline_schedule_search/daily_outputs/FQA/FQA_2023_FQA2023_stress_grid_S0004_daily.csv
FQA,FQA,Fengqiu,2023,Leave_One_experiments\wth_generated_qc\FQA\FQA2023.WTH,normal_year;water_stress_year;nitrogen_stress_year,water_stress,FQA2023_stress_grid_S0004,pareto_balanced,2023-08-22,234,78,73,"{""sim_day"": 78.0, ""doy"": 234.0, ""topwt"": 4148.491516113281, ""grnwt"": 935.719985961914, ""xlai"": 0.542266309261322, ""totir"": 40.0, ""tofer"": NaN, ""swfac"": 0.0, ""nstres"": 0.3257928490638733}",0.0,0.3257928490638733,4148.491516113281,935.719985961914,0.542266309261322,40.0,,0.0,0.0,40.0,0.0,3.15815887451172,19.15815887451172,Leave_One_experiments/all_year_offline_schedule_search/daily_outputs/FQA/FQA_2023_FQA2023_stress_grid_S0004_daily.csv
FQA,FQA,Fengqiu,2023,Leave_One_experiments\wth_generated_qc\FQA\FQA2023.WTH,normal_year;water_stress_year;nitrogen_stress_year,water_stress,FQA2023_stress_grid_S0004,pareto_balanced,2023-08-23,235,79,74,"{""sim_day"": 79.0, ""doy"": 235.0, ""topwt"": 4246.4007568359375, ""grnwt"": 1028.6949157714844, ""xlai"": 0.5256083607673645, ""totir"": 40.0, ""tofer"": NaN, ""swfac"": 0.0, ""nstres"": 0.3372585773468017}",0.0,0.3372585773468017,4246.4007568359375,1028.6949157714844,0.5256083607673645,40.0,,0.0,0.0,40.0,0.0,3.15815887451172,19.15815887451172,Leave_One_experiments/all_year_offline_schedule_search/daily_outputs/FQA/FQA_2023_FQA2023_stress_grid_S0004_daily.csv
FQA,FQA,Fengqiu,2023,Leave_One_experiments\wth_generated_qc\FQA\FQA2023.WTH,normal_year;water_stress_year;nitrogen_stress_year,water_stress,FQA2023_stress_grid_S0004,pareto_balanced,2023-08-24,236,80,75,"{""sim_day"": 80.0, ""doy"": 236.0, ""topwt"": 4325.58349609375, ""grnwt"": 1121.6698455810547, ""xlai"": 0.5092830657958984, ""totir"": 40.0, ""tofer"": NaN, ""swfac"": 0.0, ""nstres"": 0.3454334735870361}",0.0,0.3454334735870361,4325.58349609375,1121.6698455810547,0.5092830657958984,40.0,,0.0,0.0,40.0,0.0,3.15815887451172,19.15815887451172,Leave_One_experiments/all_year_offline_schedule_search/daily_outputs/FQA/FQA_2023_FQA2023_stress_grid_S0004_daily.csv
FQA,FQA,Fengqiu,2023,Leave_One_experiments\wth_generated_qc\FQA\FQA2023.WTH,normal_year;water_stress_year;nitrogen_stress_year,water_stress,FQA2023_stress_grid_S0004,pareto_balanced,2023-08-25,237,81,76,"{""sim_day"": 81.0, ""doy"": 237.0, ""topwt"": 4334.8284912109375, ""grnwt"": 1214.644775390625, ""xlai"": 0.4931846559047699, ""totir"": 40.0, ""tofer"": NaN, ""swfac"": 0.0, ""nstres"": 0.3586379885673523}",0.0,0.3586379885673523,4334.8284912109375,1214.644775390625,0.4931846559047699,40.0,,0.0,0.0,40.0,0.0,3.15815887451172,19.15815887451172,Leave_One_experiments/all_year_offline_schedule_search/daily_outputs/FQA/FQA_2023_FQA2023_stress_grid_S0004_daily.csv
FQA,FQA,Fengqiu,2023,Leave_One_experiments\wth_generated_qc\FQA\FQA2023.WTH,normal_year;water_stress_year;nitrogen_stress_year,water_stress,FQA2023_stress_grid_S0004,pareto_balanced,2023-08-26,238,82,77,"{""sim_day"": 82.0, ""doy"": 238.0, ""topwt"": 4348.482055664063, ""grnwt"": 1307.61962890625, ""xlai"": 0.4775563478469848, ""totir"": 40.0, ""tofer"": NaN, ""swfac"": 0.0, ""nstres"": 0.3605260252952575}",0.0,0.3605260252952575,4348.482055664063,1307.61962890625,0.4775563478469848,40.0,,0.0,0.0,40.0,0.0,3.15815887451172,19.15815887451172,Leave_One_experiments/all_year_offline_schedule_search/daily_outputs/FQA/FQA_2023_FQA2023_stress_grid_S0004_daily.csv
FQA,FQA,Fengqiu,2023,Leave_One_experiments\wth_generated_qc\FQA\FQA2023.WTH,normal_year;water_stress_year;nitrogen_stress_year,water_stress,FQA2023_stress_grid_S0004,pareto_balanced,2023-08-27,239,83,78,"{""sim_day"": 83.0, ""doy"": 239.0, ""topwt"": 4437.964477539063, ""grnwt"": 1400.594482421875, ""xlai"": 0.4629112184047699, ""totir"": 40.0, ""tofer"": NaN, ""swfac"": 0.0, ""nstres"": 0.3360020518302917}",0.0,0.3360020518302917,4437.964477539063,1400.594482421875,0.4629112184047699,40.0,,0.0,0.0,40.0,0.0,3.15815887451172,19.15815887451172,Leave_One_experiments/all_year_offline_schedule_search/daily_outputs/FQA/FQA_2023_FQA2023_stress_grid_S0004_daily.csv
FQA,FQA,Fengqiu,2023,Leave_One_experiments\wth_generated_qc\FQA\FQA2023.WTH,normal_year;water_stress_year;nitrogen_stress_year,water_stress,FQA2023_stress_grid_S0004,pareto_balanced,2023-08-28,240,84,79,"{""sim_day"": 84.0, ""doy"": 240.0, ""topwt"": 4502.501220703125, ""grnwt"": 1493.5693359375, ""xlai"": 0.4488777220249176, ""totir"": 40.0, ""tofer"": NaN, ""swfac"": 0.0, ""nstres"": 0.3275774121284485}",0.0,0.3275774121284485,4502.501220703125,1493.5693359375,0.4488777220249176,40.0,,0.0,0.0,40.0,0.0,3.15815887451172,19.15815887451172,Leave_One_experiments/all_year_offline_schedule_search/daily_outputs/FQA/FQA_2023_FQA2023_stress_grid_S0004_daily.csv
FQA,FQA,Fengqiu,2023,Leave_One_experiments\wth_generated_qc\FQA\FQA2023.WTH,normal_year;water_stress_year;nitrogen_stress_year,water_stress,FQA2023_stress_grid_S0004,pareto_balanced,2023-08-29,241,85,80,"{""sim_day"": 85.0, ""doy"": 241.0, ""topwt"": 4585.640258789063, ""grnwt"": 1586.544189453125, ""xlai"": 0.4348565340042114, ""totir"": 40.0, ""tofer"": NaN, ""swfac"": 0.0, ""nstres"": 0.3496677875518799}",0.0,0.3496677875518799,4585.640258789063,1586.544189453125,0.4348565340042114,40.0,,0.0,0.0,40.0,0.0,3.15815887451172,19.15815887451172,Leave_One_experiments/all_year_offline_schedule_search/daily_outputs/FQA/FQA_2023_FQA2023_stress_grid_S0004_daily.csv
FQA,FQA,Fengqiu,2023,Leave_One_experiments\wth_generated_qc\FQA\FQA2023.WTH,normal_year;water_stress_year;nitrogen_stress_year,water_stress,FQA2023_stress_grid_S0004,pareto_balanced,2023-08-30,242,86,81,"{""sim_day"": 86.0, ""doy"": 242.0, ""topwt"": 4665.1300048828125, ""grnwt"": 1679.51904296875, ""xlai"": 0.4210161864757538, ""totir"": 40.0, ""tofer"": NaN, ""swfac"": 0.0, ""nstres"": 0.3638538122177124}",0.0,0.3638538122177124,4665.1300048828125,1679.51904296875,0.4210161864757538,40.0,,0.0,0.0,40.0,0.0,3.15815887451172,19.15815887451172,Leave_One_experiments/all_year_offline_schedule_search/daily_outputs/FQA/FQA_2023_FQA2023_stress_grid_S0004_daily.csv
FQA,FQA,Fengqiu,2023,Leave_One_experiments\wth_generated_qc\FQA\FQA2023.WTH,normal_year;water_stress_year;nitrogen_stress_year,water_stress,FQA2023_stress_grid_S0004,pareto_balanced,2023-08-31,243,87,82,"{""sim_day"": 87.0, ""doy"": 243.0, ""topwt"": 4720.44921875, ""grnwt"": 1772.493896484375, ""xlai"": 0.4072307646274566, ""totir"": 40.0, ""tofer"": NaN, ""swfac"": 0.0, ""nstres"": 0.3858400583267212}",0.0,0.3858400583267212,4720.44921875,1772.493896484375,0.4072307646274566,40.0,,0.0,0.0,40.0,0.0,3.15815887451172,19.15815887451172,Leave_One_experiments/all_year_offline_schedule_search/daily_outputs/FQA/FQA_2023_FQA2023_stress_grid_S0004_daily.csv
FQA,FQA,Fengqiu,2023,Leave_One_experiments\wth_generated_qc\FQA\FQA2023.WTH,normal_year;water_stress_year;nitrogen_stress_year,water_stress,FQA2023_stress_grid_S0004,pareto_balanced,2023-09-01,244,88,83,"{""sim_day"": 88.0, ""doy"": 244.0, ""topwt"": 4767.121887207031, ""grnwt"": 1865.46875, ""xlai"": 0.3936038017272949, ""totir"": 40.0, ""tofer"": NaN, ""swfac"": 0.0, ""nstres"": 0.4030994176864624}",0.0,0.4030994176864624,4767.121887207031,1865.46875,0.3936038017272949,40.0,,0.0,0.0,40.0,0.0,3.15815887451172,19.15815887451172,Leave_One_experiments/all_year_offline_schedule_search/daily_outputs/FQA/FQA_2023_FQA2023_stress_grid_S0004_daily.csv
FQA,FQA,Fengqiu,2023,Leave_One_experiments\wth_generated_qc\FQA\FQA2023.WTH,normal_year;water_stress_year;nitrogen_stress_year,water_stress,FQA2023_stress_grid_S0004,pareto_balanced,2023-09-02,245,89,84,"{""sim_day"": 89.0, ""doy"": 245.0, ""topwt"": 4807.990417480469, ""grnwt"": 1956.700439453125, ""xlai"": 0.3805197179317474, ""totir"": 40.0, ""tofer"": NaN, ""swfac"": 0.0, ""nstres"": 0.3978015184402466}",0.0,0.3978015184402466,4807.990417480469,1956.700439453125,0.3805197179317474,40.0,,0.0,0.0,40.0,0.0,3.15815887451172,19.15815887451172,Leave_One_experiments/all_year_offline_schedule_search/daily_outputs/FQA/FQA_2023_FQA2023_stress_grid_S0004_daily.csv
FQA,FQA,Fengqiu,2023,Leave_One_experiments\wth_generated_qc\FQA\FQA2023.WTH,normal_year;water_stress_year;nitrogen_stress_year,water_stress,FQA2023_stress_grid_S0004,pareto_balanced,2023-09-03,246,90,85,"{""sim_day"": 90.0, ""doy"": 246.0, ""topwt"": 4867.41943359375, ""grnwt"": 2036.8913269042969, ""xlai"": 0.3680243194103241, ""totir"": 40.0, ""tofer"": NaN, ""swfac"": 0.0, ""nstres"": 0.3881075978279114}",0.0,0.3881075978279114,4867.41943359375,2036.8913269042969,0.3680243194103241,40.0,,0.0,0.0,40.0,0.0,3.15815887451172,19.15815887451172,Leave_One_experiments/all_year_offline_schedule_search/daily_outputs/FQA/FQA_2023_FQA2023_stress_grid_S0004_daily.csv
FQA,FQA,Fengqiu,2023,Leave_One_experiments\wth_generated_qc\FQA\FQA2023.WTH,normal_year;water_stress_year;nitrogen_stress_year,water_stress,FQA2023_stress_grid_S0004,pareto_balanced,2023-09-04,247,91,86,"{""sim_day"": 91.0, ""doy"": 247.0, ""topwt"": 4923.739318847656, ""grnwt"": 2129.866180419922, ""xlai"": 0.3562488257884979, ""totir"": 40.0, ""tofer"": NaN, ""swfac"": 0.0, ""nstres"": 0.3679159283638}",0.0,0.3679159283638,4923.739318847656,2129.866180419922,0.3562488257884979,40.0,,0.0,0.0,40.0,0.0,3.15815887451172,19.15815887451172,Leave_One_experiments/all_year_offline_schedule_search/daily_outputs/FQA/FQA_2023_FQA2023_stress_grid_S0004_daily.csv
FQA,FQA,Fengqiu,2023,Leave_One_experiments\wth_generated_qc\FQA\FQA2023.WTH,normal_year;water_stress_year;nitrogen_stress_year,water_stress,FQA2023_stress_grid_S0004,pareto_balanced,2023-09-05,248,92,87,"{""sim_day"": 92.0, ""doy"": 248.0, ""topwt"": 4977.861633300781, ""grnwt"": 2222.841033935547, ""xlai"": 0.344746470451355, ""totir"": 40.0, ""tofer"": NaN, ""swfac"": 0.0, ""nstres"": 0.3748980164527893}",0.0,0.3748980164527893,4977.861633300781,2222.841033935547,0.344746470451355,40.0,,0.0,0.0,40.0,0.0,3.15815887451172,19.15815887451172,Leave_One_experiments/all_year_offline_schedule_search/daily_outputs/FQA/FQA_2023_FQA2023_stress_grid_S0004_daily.csv
FQA,FQA,Fengqiu,2023,Leave_One_experiments\wth_generated_qc\FQA\FQA2023.WTH,normal_year;water_stress_year;nitrogen_stress_year,water_stress,FQA2023_stress_grid_S0004,pareto_balanced,2023-09-06,249,93,88,"{""sim_day"": 93.0, ""doy"": 249.0, ""topwt"": 5031.6143798828125, ""grnwt"": 2315.815887451172, ""xlai"": 0.3336731493473053, ""totir"": 40.0, ""tofer"": NaN, ""swfac"": 0.0, ""nstres"": 0.3708842992782593}",0.0,0.3708842992782593,5031.6143798828125,2315.815887451172,0.3336731493473053,40.0,,0.0,0.0,40.0,0.0,3.15815887451172,19.15815887451172,Leave_One_experiments/all_year_offline_schedule_search/daily_outputs/FQA/FQA_2023_FQA2023_stress_grid_S0004_daily.csv
FQA,FQA,Fengqiu,2023,Leave_One_experiments\wth_generated_qc\FQA\FQA2023.WTH,normal_year;water_stress_year;nitrogen_stress_year,water_stress,FQA2023_stress_grid_S0004,pareto_balanced,2023-09-07,250,94,89,"{""sim_day"": 94.0, ""doy"": 250.0, ""topwt"": 5031.6143798828125, ""grnwt"": 2315.815887451172, ""xlai"": 0.3336731493473053, ""totir"": 40.0, ""tofer"": NaN, ""swfac"": 0.0, ""nstres"": 0.3670755624771118}",0.0,0.3670755624771118,5031.6143798828125,2315.815887451172,0.3336731493473053,40.0,,0.0,0.0,40.0,0.0,3.15815887451172,19.15815887451172,Leave_One_experiments/all_year_offline_schedule_search/daily_outputs/FQA/FQA_2023_FQA2023_stress_grid_S0004_daily.csv
FQA,FQA,Fengqiu,2023,Leave_One_experiments\wth_generated_qc\FQA\FQA2023.WTH,normal_year;water_stress_year;nitrogen_stress_year,water_stress,FQA2023_stress_grid_S0004,pareto_balanced,2023-09-08,251,95,90,"{""sim_day"": 95.0, ""doy"": 251.0, ""topwt"": 5031.6143798828125, ""grnwt"": 2315.815887451172, ""xlai"": 0.3336731493473053, ""totir"": 40.0, ""tofer"": NaN, ""swfac"": 0.0, ""nstres"": 0.3670755624771118}",0.0,0.3670755624771118,5031.6143798828125,2315.815887451172,0.3336731493473053,40.0,,0.0,0.0,40.0,0.0,3.15815887451172,19.15815887451172,Leave_One_experiments/all_year_offline_schedule_search/daily_outputs/FQA/FQA_2023_FQA2023_stress_grid_S0004_daily.csv
FQA,FQA,Fengqiu,2023,Leave_One_experiments\wth_generated_qc\FQA\FQA2023.WTH,normal_year;water_stress_year;nitrogen_stress_year,water_stress,FQA2023_stress_grid_S0004,pareto_balanced,2023-09-09,252,96,91,"{""sim_day"": 96.0, ""doy"": 252.0, ""topwt"": 5031.6143798828125, ""grnwt"": 2315.815887451172, ""xlai"": 0.3336731493473053, ""totir"": 40.0, ""tofer"": NaN, ""swfac"": 0.0, ""nstres"": 0.3670755624771118}",0.0,0.3670755624771118,5031.6143798828125,2315.815887451172,0.3336731493473053,40.0,,0.0,0.0,40.0,0.0,3.15815887451172,19.15815887451172,Leave_One_experiments/all_year_offline_schedule_search/daily_outputs/FQA/FQA_2023_FQA2023_stress_grid_S0004_daily.csv
FQA,FQA,Fengqiu,2023,Leave_One_experiments\wth_generated_qc\FQA\FQA2023.WTH,normal_year;water_stress_year;nitrogen_stress_year,water_stress,FQA2023_stress_grid_S0005,pareto_balanced,2023-06-11,162,1,1,"{""sim_day"": 1.0, ""doy"": 162.0, ""topwt"": 0.0, ""grnwt"": 0.0, ""xlai"": 0.0, ""totir"": 0.0, ""tofer"": NaN, ""swfac"": 0.0, ""nstres"": 0.0}",0.0,0.0,0.0,0.0,0.0,0.0,,0.0,0.0,40.0,0.0,3.15815887451172,19.15815887451172,Leave_One_experiments/all_year_offline_schedule_search/daily_outputs/FQA/FQA_2023_FQA2023_stress_grid_S0005_daily.csv
FQA,FQA,Fengqiu,2023,Leave_One_experiments\wth_generated_qc\FQA\FQA2023.WTH,normal_year;water_stress_year;nitrogen_stress_year,water_stress,FQA2023_stress_grid_S0005,pareto_balanced,2023-06-12,163,2,2,"{""sim_day"": 2.0, ""doy"": 163.0, ""topwt"": 0.0, ""grnwt"": 0.0, ""xlai"": 0.0, ""totir"": 0.0, ""tofer"": NaN, ""swfac"": 0.0, ""nstres"": 0.0}",0.0,0.0,0.0,0.0,0.0,0.0,,0.0,0.0,40.0,0.0,3.15815887451172,19.15815887451172,Leave_One_experiments/all_year_offline_schedule_search/daily_outputs/FQA/FQA_2023_FQA2023_stress_grid_S0005_daily.csv
FQA,FQA,Fengqiu,2023,Leave_One_experiments\wth_generated_qc\FQA\FQA2023.WTH,normal_year;water_stress_year;nitrogen_stress_year,water_stress,FQA2023_stress_grid_S0005,pareto_balanced,2023-06-13,164,3,3,"{""sim_day"": 3.0, ""doy"": 164.0, ""topwt"": 0.0, ""grnwt"": 0.0, ""xlai"": 0.0, ""totir"": 0.0, ""tofer"": NaN, ""swfac"": 0.0, ""nstres"": 0.0}",0.0,0.0,0.0,0.0,0.0,0.0,,0.0,0.0,40.0,0.0,3.15815887451172,19.15815887451172,Leave_One_experiments/all_year_offline_schedule_search/daily_outputs/FQA/FQA_2023_FQA2023_stress_grid_S0005_daily.csv
FQA,FQA,Fengqiu,2023,Leave_One_experiments\wth_generated_qc\FQA\FQA2023.WTH,normal_year;water_stress_year;nitrogen_stress_year,water_stress,FQA2023_stress_grid_S0005,pareto_balanced,2023-06-14,165,4,4,"{""sim_day"": 4.0, ""doy"": 165.0, ""topwt"": 0.0, ""grnwt"": 0.0, ""xlai"": 0.0, ""totir"": 0.0, ""tofer"": NaN, ""swfac"": 0.0, ""nstres"": 0.0}",0.0,0.0,0.0,0.0,0.0,0.0,,0.0,0.0,40.0,0.0,3.15815887451172,19.15815887451172,Leave_One_experiments/all_year_offline_schedule_search/daily_outputs/FQA/FQA_2023_FQA2023_stress_grid_S0005_daily.csv
FQA,FQA,Fengqiu,2023,Leave_One_experiments\wth_generated_qc\FQA\FQA2023.WTH,normal_year;water_stress_year;nitrogen_stress_year,water_stress,FQA2023_stress_grid_S0005,pareto_balanced,2023-06-15,166,5,5,"{""sim_day"": 5.0, ""doy"": 166.0, ""topwt"": 0.0, ""grnwt"": 0.0, ""xlai"": 0.0, ""totir"": 0.0, ""tofer"": NaN, ""swfac"": 0.0, ""nstres"": 0.0}",0.0,0.0,0.0,0.0,0.0,0.0,,0.0,0.0,40.0,0.0,3.15815887451172,19.15815887451172,Leave_One_experiments/all_year_offline_schedule_search/daily_outputs/FQA/FQA_2023_FQA2023_stress_grid_S0005_daily.csv
FQA,FQA,Fengqiu,2023,Leave_One_experiments\wth_generated_qc\FQA\FQA2023.WTH,normal_year;water_stress_year;nitrogen_stress_year,water_stress,FQA2023_stress_grid_S0005,pareto_balanced,2023-06-11,162,6,1,"{""sim_day"": 6.0, ""doy"": 162.0, ""topwt"": 0.0, ""grnwt"": 0.0, ""xlai"": 0.0, ""totir"": 0.0, ""tofer"": NaN, ""swfac"": 0.0, ""nstres"": 0.0}",0.0,0.0,0.0,0.0,0.0,0.0,,0.0,0.0,40.0,0.0,3.15815887451172,19.15815887451172,Leave_One_experiments/all_year_offline_schedule_search/daily_outputs/FQA/FQA_2023_FQA2023_stress_grid_S0005_daily.csv
FQA,FQA,Fengqiu,2023,Leave_One_experiments\wth_generated_qc\FQA\FQA2023.WTH,normal_year;water_stress_year;nitrogen_stress_year,water_stress,FQA2023_stress_grid_S0005,pareto_balanced,2023-06-12,163,7,2,"{""sim_day"": 7.0, ""doy"": 163.0, ""topwt"": 0.0, ""grnwt"": 0.0, ""xlai"": 0.0, ""totir"": 0.0, ""tofer"": NaN, ""swfac"": 0.0, ""nstres"": 0.0}",0.0,0.0,0.0,0.0,0.0,0.0,,0.0,0.0,40.0,0.0,3.15815887451172,19.15815887451172,Leave_One_experiments/all_year_offline_schedule_search/daily_outputs/FQA/FQA_2023_FQA2023_stress_grid_S0005_daily.csv
FQA,FQA,Fengqiu,2023,Leave_One_experiments\wth_generated_qc\FQA\FQA2023.WTH,normal_year;water_stress_year;nitrogen_stress_year,water_stress,FQA2023_stress_grid_S0005,pareto_balanced,2023-06-13,164,8,3,"{""sim_day"": 8.0, ""doy"": 164.0, ""topwt"": 0.0, ""grnwt"": 0.0, ""xlai"": 0.0, ""totir"": 0.0, ""tofer"": NaN, ""swfac"": 0.0, ""nstres"": 0.0}",0.0,0.0,0.0,0.0,0.0,0.0,,0.0,0.0,40.0,0.0,3.15815887451172,19.15815887451172,Leave_One_experiments/all_year_offline_schedule_search/daily_outputs/FQA/FQA_2023_FQA2023_stress_grid_S0005_daily.csv
FQA,FQA,Fengqiu,2023,Leave_One_experiments\wth_generated_qc\FQA\FQA2023.WTH,normal_year;water_stress_year;nitrogen_stress_year,water_stress,FQA2023_stress_grid_S0005,pareto_balanced,2023-06-14,165,9,4,"{""sim_day"": 9.0, ""doy"": 165.0, ""topwt"": 0.0, ""grnwt"": 0.0, ""xlai"": 0.0, ""totir"": 0.0, ""tofer"": NaN, ""swfac"": 0.0, ""nstres"": 0.0}",0.0,0.0,0.0,0.0,0.0,0.0,,0.0,0.0,40.0,0.0,3.15815887451172,19.15815887451172,Leave_One_experiments/all_year_offline_schedule_search/daily_outputs/FQA/FQA_2023_FQA2023_stress_grid_S0005_daily.csv
FQA,FQA,Fengqiu,2023,Leave_One_experiments\wth_generated_qc\FQA\FQA2023.WTH,normal_year;water_stress_year;nitrogen_stress_year,water_stress,FQA2023_stress_grid_S0005,pareto_balanced,2023-06-15,166,10,5,"{""sim_day"": 10.0, ""doy"": 166.0, ""topwt"": 32.00000047683716, ""grnwt"": 0.0, ""xlai"": 0.0032891989685595, ""totir"": 0.0, ""tofer"": NaN, ""swfac"": 0.0, ""nstres"": 0.0121910572052001}",0.0,0.0121910572052001,32.00000047683716,0.0,0.0032891989685595,0.0,,0.0,0.0,40.0,0.0,3.15815887451172,19.15815887451172,Leave_One_experiments/all_year_offline_schedule_search/daily_outputs/FQA/FQA_2023_FQA2023_stress_grid_S0005_daily.csv
FQA,FQA,Fengqiu,2023,Leave_One_experiments\wth_generated_qc\FQA\FQA2023.WTH,normal_year;water_stress_year;nitrogen_stress_year,water_stress,FQA2023_stress_grid_S0005,pareto_balanced,2023-06-16,167,11,6,"{""sim_day"": 11.0, ""doy"": 167.0, ""topwt"": 32.00000047683716, ""grnwt"": 0.0, ""xlai"": 0.0056471456773579, ""totir"": 0.0, ""tofer"": NaN, ""swfac"": 0.0, ""nstres"": 0.0017329454421997}",0.0,0.0017329454421997,32.00000047683716,0.0,0.0056471456773579,0.0,,0.0,0.0,40.0,0.0,3.15815887451172,19.15815887451172,Leave_One_experiments/all_year_offline_schedule_search/daily_outputs/FQA/FQA_2023_FQA2023_stress_grid_S0005_daily.csv
FQA,FQA,Fengqiu,2023,Leave_One_experiments\wth_generated_qc\FQA\FQA2023.WTH,normal_year;water_stress_year;nitrogen_stress_year,water_stress,FQA2023_stress_grid_S0005,pareto_balanced,2023-06-17,168,12,7,"{""sim_day"": 12.0, ""doy"": 168.0, ""topwt"": 32.00000047683716, ""grnwt"": 0.0, ""xlai"": 0.0079596899449825, ""totir"": 0.0, ""tofer"": NaN, ""swfac"": 0.0, ""nstres"": 0.0}",0.0,0.0,32.00000047683716,0.0,0.0079596899449825,0.0,,0.0,0.0,40.0,0.0,3.15815887451172,19.15815887451172,Leave_One_experiments/all_year_offline_schedule_search/daily_outputs/FQA/FQA_2023_FQA2023_stress_grid_S0005_daily.csv
FQA,FQA,Fengqiu,2023,Leave_One_experiments\wth_generated_qc\FQA\FQA2023.WTH,normal_year;water_stress_year;nitrogen_stress_year,water_stress,FQA2023_stress_grid_S0005,pareto_balanced,2023-06-18,169,13,8,"{""sim_day"": 13.0, ""doy"": 169.0, ""topwt"": 32.00000047683716, ""grnwt"": 0.0, ""xlai"": 0.0107729705050587, ""totir"": 0.0, ""tofer"": NaN, ""swfac"": 0.0, ""nstres"": 0.0}",0.0,0.0,32.00000047683716,0.0,0.0107729705050587,0.0,,0.0,0.0,40.0,0.0,3.15815887451172,19.15815887451172,Leave_One_experiments/all_year_offline_schedule_search/daily_outputs/FQA/FQA_2023_FQA2023_stress_grid_S0005_daily.csv
FQA,FQA,Fengqiu,2023,Leave_One_experiments\wth_generated_qc\FQA\FQA2023.WTH,normal_year;water_stress_year;nitrogen_stress_year,water_stress,FQA2023_stress_grid_S0005,pareto_balanced,2023-06-19,170,14,9,"{""sim_day"": 14.0, ""doy"": 170.0, ""topwt"": 32.00000047683716, ""grnwt"": 0.0, ""xlai"": 0.0143443448469042, ""totir"": 0.0, ""tofer"": NaN, ""swfac"": 0.0, ""nstres"": 0.0}",0.0,0.0,32.00000047683716,0.0,0.0143443448469042,0.0,,0.0,0.0,40.0,0.0,3.15815887451172,19.15815887451172,Leave_One_experiments/all_year_offline_schedule_search/daily_outputs/FQA/FQA_2023_FQA2023_stress_grid_S0005_daily.csv
FQA,FQA,Fengqiu,2023,Leave_One_experiments\wth_generated_qc\FQA\FQA2023.WTH,normal_year;water_stress_year;nitrogen_stress_year,water_stress,FQA2023_stress_grid_S0005,pareto_balanced,2023-06-20,171,15,10,"{""sim_day"": 15.0, ""doy"": 171.0, ""topwt"": 32.00000047683716, ""grnwt"": 0.0, ""xlai"": 0.0188286881893873, ""totir"": 0.0, ""tofer"": NaN, ""swfac"": 0.0, ""nstres"": 0.0}",0.0,0.0,32.00000047683716,0.0,0.0188286881893873,0.0,,0.0,0.0,40.0,0.0,3.15815887451172,19.15815887451172,Leave_One_experiments/all_year_offline_schedule_search/daily_outputs/FQA/FQA_2023_FQA2023_stress_grid_S0005_daily.csv
FQA,FQA,Fengqiu,2023,Leave_One_experiments\wth_generated_qc\FQA\FQA2023.WTH,normal_year;water_stress_year;nitrogen_stress_year,water_stress,FQA2023_stress_grid_S0005,pareto_balanced,2023-06-21,172,16,11,"{""sim_day"": 16.0, ""doy"": 172.0, ""topwt"": 24.14443016052246, ""grnwt"": 0.0, ""xlai"": 0.0341469794511795, ""totir"": 0.0, ""tofer"": NaN, ""swfac"": 0.0, ""nstres"": 0.0}",0.0,0.0,24.14443016052246,0.0,0.0341469794511795,0.0,,0.0,0.0,40.0,0.0,3.15815887451172,19.15815887451172,Leave_One_experiments/all_year_offline_schedule_search/daily_outputs/FQA/FQA_2023_FQA2023_stress_grid_S0005_daily.csv
FQA,FQA,Fengqiu,2023,Leave_One_experiments\wth_generated_qc\FQA\FQA2023.WTH,normal_year;water_stress_year;nitrogen_stress_year,water_stress,FQA2023_stress_grid_S0005,pareto_balanced,2023-06-22,173,17,12,"{""sim_day"": 17.0, ""doy"": 173.0, ""topwt"": 29.862966537475582, ""grnwt"": 0.0, ""xlai"": 0.05215884745121, ""totir"": 0.0, ""tofer"": NaN, ""swfac"": 0.0, ""nstres"": 0.0}",0.0,0.0,29.862966537475582,0.0,0.05215884745121,0.0,,0.0,0.0,40.0,0.0,3.15815887451172,19.15815887451172,Leave_One_experiments/all_year_offline_schedule_search/daily_outputs/FQA/FQA_2023_FQA2023_stress_grid_S0005_daily.csv
FQA,FQA,Fengqiu,2023,Leave_One_experiments\wth_generated_qc\FQA\FQA2023.WTH,normal_year;water_stress_year;nitrogen_stress_year,water_stress,FQA2023_stress_grid_S0005,pareto_balanced,2023-06-23,174,18,13,"{""sim_day"": 18.0, ""doy"": 174.0, ""topwt"": 36.80789470672608, ""grnwt"": 0.0, ""xlai"": 0.0720496326684951, ""totir"": 0.0, ""tofer"": NaN, ""swfac"": 0.0, ""nstres"": 0.0}",0.0,0.0,36.80789470672608,0.0,0.0720496326684951,0.0,,0.0,0.0,40.0,0.0,3.15815887451172,19.15815887451172,Leave_One_experiments/all_year_offline_schedule_search/daily_outputs/FQA/FQA_2023_FQA2023_stress_grid_S0005_daily.csv
FQA,FQA,Fengqiu,2023,Leave_One_experiments\wth_generated_qc\FQA\FQA2023.WTH,normal_year;water_stress_year;nitrogen_stress_year,water_stress,FQA2023_stress_grid_S0005,pareto_balanced,2023-06-24,175,19,14,"{""sim_day"": 19.0, ""doy"": 175.0, ""topwt"": 44.14747714996338, ""grnwt"": 0.0, ""xlai"": 0.0915989652276039, ""totir"": 0.0, ""tofer"": NaN, ""swfac"": 0.0, ""nstres"": 0.0}",0.0,0.0,44.14747714996338,0.0,0.0915989652276039,0.0,,0.0,0.0,40.0,0.0,3.15815887451172,19.15815887451172,Leave_One_experiments/all_year_offline_schedule_search/daily_outputs/FQA/FQA_2023_FQA2023_stress_grid_S0005_daily.csv
FQA,FQA,Fengqiu,2023,Leave_One_experiments\wth_generated_qc\FQA\FQA2023.WTH,normal_year;water_stress_year;nitrogen_stress_year,water_stress,FQA2023_stress_grid_S0005,pareto_balanced,2023-06-25,176,20,15,"{""sim_day"": 20.0, ""doy"": 176.0, ""topwt"": 52.966413497924805, ""grnwt"": 0.0, ""xlai"": 0.1137223467230796, ""totir"": 0.0, ""tofer"": NaN, ""swfac"": 0.0, ""nstres"": 0.0}",0.0,0.0,52.966413497924805,0.0,0.1137223467230796,0.0,,0.0,0.0,40.0,0.0,3.15815887451172,19.15815887451172,Leave_One_experiments/all_year_offline_schedule_search/daily_outputs/FQA/FQA_2023_FQA2023_stress_grid_S0005_daily.csv
FQA,FQA,Fengqiu,2023,Leave_One_experiments\wth_generated_qc\FQA\FQA2023.WTH,normal_year;water_stress_year;nitrogen_stress_year,water_stress,FQA2023_stress_grid_S0005,pareto_balanced,2023-06-26,177,21,16,"{""sim_day"": 21.0, ""doy"": 177.0, ""topwt"": 64.63232517242432, ""grnwt"": 0.0, ""xlai"": 0.1413491368293762, ""totir"": 0.0, ""tofer"": NaN, ""swfac"": 0.0, ""nstres"": 0.0}",0.0,0.0,64.63232517242432,0.0,0.1413491368293762,0.0,,0.0,0.0,40.0,0.0,3.15815887451172,19.15815887451172,Leave_One_experiments/all_year_offline_schedule_search/daily_outputs/FQA/FQA_2023_FQA2023_stress_grid_S0005_daily.csv
FQA,FQA,Fengqiu,2023,Leave_One_experiments\wth_generated_qc\FQA\FQA2023.WTH,normal_year;water_stress_year;nitrogen_stress_year,water_stress,FQA2023_stress_grid_S0005,pareto_balanced,2023-06-27,178,22,17,"{""sim_day"": 22.0, ""doy"": 178.0, ""topwt"": 77.74917602539062, ""grnwt"": 0.0, ""xlai"": 0.1707734316587448, ""totir"": 0.0, ""tofer"": NaN, ""swfac"": 0.0, ""nstres"": 0.0}",0.0,0.0,77.74917602539062,0.0,0.1707734316587448,0.0,,0.0,0.0,40.0,0.0,3.15815887451172,19.15815887451172,Leave_One_experiments/all_year_offline_schedule_search/daily_outputs/FQA/FQA_2023_FQA2023_stress_grid_S0005_daily.csv
FQA,FQA,Fengqiu,2023,Leave_One_experiments\wth_generated_qc\FQA\FQA2023.WTH,normal_year;water_stress_year;nitrogen_stress_year,water_stress,FQA2023_stress_grid_S0005,pareto_balanced,2023-06-28,179,23,18,"{""sim_day"": 23.0, ""doy"": 179.0, ""topwt"": 92.06662178039552, ""grnwt"": 0.0, ""xlai"": 0.2013971209526062, ""totir"": 0.0, ""tofer"": NaN, ""swfac"": 0.0, ""nstres"": 0.0}",0.0,0.0,92.06662178039552,0.0,0.2013971209526062,0.0,,0.0,0.0,40.0,0.0,3.15815887451172,19.15815887451172,Leave_One_experiments/all_year_offline_schedule_search/daily_outputs/FQA/FQA_2023_FQA2023_stress_grid_S0005_daily.csv
FQA,FQA,Fengqiu,2023,Leave_One_experiments\wth_generated_qc\FQA\FQA2023.WTH,normal_year;water_stress_year;nitrogen_stress_year,water_stress,FQA2023_stress_grid_S0005,pareto_balanced,2023-06-29,180,24,19,"{""sim_day"": 24.0, ""doy"": 180.0, ""topwt"": 108.65660667419434, ""grnwt"": 0.0, ""xlai"": 0.2353721410036087, ""totir"": 0.0, ""tofer"": NaN, ""swfac"": 0.0, ""nstres"": 0.0}",0.0,0.0,108.65660667419434,0.0,0.2353721410036087,0.0,,0.0,0.0,40.0,0.0,3.15815887451172,19.15815887451172,Leave_One_experiments/all_year_offline_schedule_search/daily_outputs/FQA/FQA_2023_FQA2023_stress_grid_S0005_daily.csv
FQA,FQA,Fengqiu,2023,Leave_One_experiments\wth_generated_qc\FQA\FQA2023.WTH,normal_year;water_stress_year;nitrogen_stress_year,water_stress,FQA2023_stress_grid_S0005,pareto_balanced,2023-06-30,181,25,20,"{""sim_day"": 25.0, ""doy"": 181.0, ""topwt"": 127.60798454284668, ""grnwt"": 0.0, ""xlai"": 0.2714024782180786, ""totir"": 40.0, ""tofer"": NaN, ""swfac"": 0.0, ""nstres"": 0.0}",0.0,0.0,127.60798454284668,0.0,0.2714024782180786,40.0,,40.0,0.0,40.0,0.0,3.15815887451172,19.15815887451172,Leave_One_experiments/all_year_offline_schedule_search/daily_outputs/FQA/FQA_2023_FQA2023_stress_grid_S0005_daily.csv
FQA,FQA,Fengqiu,2023,Leave_One_experiments\wth_generated_qc\FQA\FQA2023.WTH,normal_year;water_stress_year;nitrogen_stress_year,water_stress,FQA2023_stress_grid_S0005,pareto_balanced,2023-07-01,182,26,21,"{""sim_day"": 26.0, ""doy"": 182.0, ""topwt"": 148.55951309204102, ""grnwt"": 0.0, ""xlai"": 0.3122867047786712, ""totir"": 40.0, ""tofer"": NaN, ""swfac"": 0.0, ""nstres"": 0.0}",0.0,0.0,148.55951309204102,0.0,0.3122867047786712,40.0,,0.0,0.0,40.0,0.0,3.15815887451172,19.15815887451172,Leave_One_experiments/all_year_offline_schedule_search/daily_outputs/FQA/FQA_2023_FQA2023_stress_grid_S0005_daily.csv
FQA,FQA,Fengqiu,2023,Leave_One_experiments\wth_generated_qc\FQA\FQA2023.WTH,normal_year;water_stress_year;nitrogen_stress_year,water_stress,FQA2023_stress_grid_S0005,pareto_balanced,2023-07-02,183,27,22,"{""sim_day"": 27.0, ""doy"": 183.0, ""topwt"": 170.10982513427734, ""grnwt"": 0.0, ""xlai"": 0.3527257144451141, ""totir"": 40.0, ""tofer"": NaN, ""swfac"": 0.0, ""nstres"": 0.0}",0.0,0.0,170.10982513427734,0.0,0.3527257144451141,40.0,,0.0,0.0,40.0,0.0,3.15815887451172,19.15815887451172,Leave_One_experiments/all_year_offline_schedule_search/daily_outputs/FQA/FQA_2023_FQA2023_stress_grid_S0005_daily.csv
FQA,FQA,Fengqiu,2023,Leave_One_experiments\wth_generated_qc\FQA\FQA2023.WTH,normal_year;water_stress_year;nitrogen_stress_year,water_stress,FQA2023_stress_grid_S0005,pareto_balanced,2023-07-03,184,28,23,"{""sim_day"": 28.0, ""doy"": 184.0, ""topwt"": 197.23886489868164, ""grnwt"": 0.0, ""xlai"": 0.4015429019927978, ""totir"": 40.0, ""tofer"": NaN, ""swfac"": 0.0, ""nstres"": 0.0}",0.0,0.0,197.23886489868164,0.0,0.4015429019927978,40.0,,0.0,0.0,40.0,0.0,3.15815887451172,19.15815887451172,Leave_One_experiments/all_year_offline_schedule_search/daily_outputs/FQA/FQA_2023_FQA2023_stress_grid_S0005_daily.csv
FQA,FQA,Fengqiu,2023,Leave_One_experiments\wth_generated_qc\FQA\FQA2023.WTH,normal_year;water_stress_year;nitrogen_stress_year,water_stress,FQA2023_stress_grid_S0005,pareto_balanced,2023-07-04,185,29,24,"{""sim_day"": 29.0, ""doy"": 185.0, ""topwt"": 227.14468002319336, ""grnwt"": 0.0, ""xlai"": 0.4530031085014343, ""totir"": 40.0, ""tofer"": NaN, ""swfac"": 0.0, ""nstres"": 0.0}",0.0,0.0,227.14468002319336,0.0,0.4530031085014343,40.0,,0.0,0.0,40.0,0.0,3.15815887451172,19.15815887451172,Leave_One_experiments/all_year_offline_schedule_search/daily_outputs/FQA/FQA_2023_FQA2023_stress_grid_S0005_daily.csv
FQA,FQA,Fengqiu,2023,Leave_One_experiments\wth_generated_qc\FQA\FQA2023.WTH,normal_year;water_stress_year;nitrogen_stress_year,water_stress,FQA2023_stress_grid_S0005,pareto_balanced,2023-07-05,186,30,25,"{""sim_day"": 30.0, ""doy"": 186.0, ""topwt"": 260.5159378051758, ""grnwt"": 0.0, ""xlai"": 0.5078782439231873, ""totir"": 40.0, ""tofer"": NaN, ""swfac"": 0.0, ""nstres"": 0.0}",0.0,0.0,260.5159378051758,0.0,0.5078782439231873,40.0,,0.0,0.0,40.0,0.0,3.15815887451172,19.15815887451172,Leave_One_experiments/all_year_offline_schedule_search/daily_outputs/FQA/FQA_2023_FQA2023_stress_grid_S0005_daily.csv
FQA,FQA,Fengqiu,2023,Leave_One_experiments\wth_generated_qc\FQA\FQA2023.WTH,normal_year;water_stress_year;nitrogen_stress_year,water_stress,FQA2023_stress_grid_S0005,pareto_balanced,2023-07-06,187,31,26,"{""sim_day"": 31.0, ""doy"": 187.0, ""topwt"": 299.8260307312012, ""grnwt"": 0.0, ""xlai"": 0.5694742798805237, ""totir"": 40.0, ""tofer"": NaN, ""swfac"": 0.0, ""nstres"": 0.0}",0.0,0.0,299.8260307312012,0.0,0.5694742798805237,40.0,,0.0,0.0,40.0,0.0,3.15815887451172,19.15815887451172,Leave_One_experiments/all_year_offline_schedule_search/daily_outputs/FQA/FQA_2023_FQA2023_stress_grid_S0005_daily.csv
FQA,FQA,Fengqiu,2023,Leave_One_experiments\wth_generated_qc\FQA\FQA2023.WTH,normal_year;water_stress_year;nitrogen_stress_year,water_stress,FQA2023_stress_grid_S0005,pareto_balanced,2023-07-07,188,32,27,"{""sim_day"": 32.0, ""doy"": 188.0, ""topwt"": 345.5036163330078, ""grnwt"": 0.0, ""xlai"": 0.6374598145484924, ""totir"": 40.0, ""tofer"": NaN, ""swfac"": 0.0, ""nstres"": 0.0}",0.0,0.0,345.5036163330078,0.0,0.6374598145484924,40.0,,0.0,0.0,40.0,0.0,3.15815887451172,19.15815887451172,Leave_One_experiments/all_year_offline_schedule_search/daily_outputs/FQA/FQA_2023_FQA2023_stress_grid_S0005_daily.csv
FQA,FQA,Fengqiu,2023,Leave_One_experiments\wth_generated_qc\FQA\FQA2023.WTH,normal_year;water_stress_year;nitrogen_stress_year,water_stress,FQA2023_stress_grid_S0005,pareto_balanced,2023-07-08,189,33,28,"{""sim_day"": 33.0, ""doy"": 189.0, ""topwt"": 398.2674789428711, ""grnwt"": 0.0, ""xlai"": 0.7118550539016724, ""totir"": 40.0, ""tofer"": NaN, ""swfac"": 0.0, ""nstres"": 0.0}",0.0,0.0,398.2674789428711,0.0,0.7118550539016724,40.0,,0.0,0.0,40.0,0.0,3.15815887451172,19.15815887451172,Leave_One_experiments/all_year_offline_schedule_search/daily_outputs/FQA/FQA_2023_FQA2023_stress_grid_S0005_daily.csv
FQA,FQA,Fengqiu,2023,Leave_One_experiments\wth_generated_qc\FQA\FQA2023.WTH,normal_year;water_stress_year;nitrogen_stress_year,water_stress,FQA2023_stress_grid_S0005,pareto_balanced,2023-07-09,190,34,29,"{""sim_day"": 34.0, ""doy"": 190.0, ""topwt"": 459.0656280517578, ""grnwt"": 0.0, ""xlai"": 0.7928677201271057, ""totir"": 40.0, ""tofer"": NaN, ""swfac"": 0.0, ""nstres"": 0.0}",0.0,0.0,459.0656280517578,0.0,0.7928677201271057,40.0,,0.0,0.0,40.0,0.0,3.15815887451172,19.15815887451172,Leave_One_experiments/all_year_offline_schedule_search/daily_outputs/FQA/FQA_2023_FQA2023_stress_grid_S0005_daily.csv
FQA,FQA,Fengqiu,2023,Leave_One_experiments\wth_generated_qc\FQA\FQA2023.WTH,normal_year;water_stress_year;nitrogen_stress_year,water_stress,FQA2023_stress_grid_S0005,pareto_balanced,2023-07-10,191,35,30,"{""sim_day"": 35.0, ""doy"": 191.0, ""topwt"": 524.4228744506836, ""grnwt"": 0.0, ""xlai"": 0.8736854195594788, ""totir"": 40.0, ""tofer"": NaN, ""swfac"": 0.0, ""nstres"": 0.0133061408996582}",0.0,0.0133061408996582,524.4228744506836,0.0,0.8736854195594788,40.0,,0.0,0.0,40.0,0.0,3.15815887451172,19.15815887451172,Leave_One_experiments/all_year_offline_schedule_search/daily_outputs/FQA/FQA_2023_FQA2023_stress_grid_S0005_daily.csv
FQA,FQA,Fengqiu,2023,Leave_One_experiments\wth_generated_qc\FQA\FQA2023.WTH,normal_year;water_stress_year;nitrogen_stress_year,water_stress,FQA2023_stress_grid_S0005,pareto_balanced,2023-07-11,192,36,31,"{""sim_day"": 36.0, ""doy"": 192.0, ""topwt"": 578.902587890625, ""grnwt"": 0.0, ""xlai"": 0.9320905208587646, ""totir"": 40.0, ""tofer"": NaN, ""swfac"": 0.0, ""nstres"": 0.0585299730300903}",0.0,0.0585299730300903,578.902587890625,0.0,0.9320905208587646,40.0,,0.0,0.0,40.0,0.0,3.15815887451172,19.15815887451172,Leave_One_experiments/all_year_offline_schedule_search/daily_outputs/FQA/FQA_2023_FQA2023_stress_grid_S0005_daily.csv
FQA,FQA,Fengqiu,2023,Leave_One_experiments\wth_generated_qc\FQA\FQA2023.WTH,normal_year;water_stress_year;nitrogen_stress_year,water_stress,FQA2023_stress_grid_S0005,pareto_balanced,2023-07-12,193,37,32,"{""sim_day"": 37.0, ""doy"": 193.0, ""topwt"": 632.6409149169922, ""grnwt"": 0.0, ""xlai"": 0.9823518991470336, ""totir"": 40.0, ""tofer"": NaN, ""swfac"": 0.0, ""nstres"": 0.0904535055160522}",0.0,0.0904535055160522,632.6409149169922,0.0,0.9823518991470336,40.0,,0.0,0.0,40.0,0.0,3.15815887451172,19.15815887451172,Leave_One_experiments/all_year_offline_schedule_search/daily_outputs/FQA/FQA_2023_FQA2023_stress_grid_S0005_daily.csv
FQA,FQA,Fengqiu,2023,Leave_One_experiments\wth_generated_qc\FQA\FQA2023.WTH,normal_year;water_stress_year;nitrogen_stress_year,water_stress,FQA2023_stress_grid_S0005,pareto_balanced,2023-07-13,194,38,33,"{""sim_day"": 38.0, ""doy"": 194.0, ""topwt"": 689.8985290527344, ""grnwt"": 0.0, ""xlai"": 1.0303936004638672, ""totir"": 40.0, ""tofer"": NaN, ""swfac"": 0.0, ""nstres"": 0.1109625101089477}",0.0,0.1109625101089477,689.8985290527344,0.0,1.0303936004638672,40.0,,0.0,0.0,40.0,0.0,3.15815887451172,19.15815887451172,Leave_One_experiments/all_year_offline_schedule_search/daily_outputs/FQA/FQA_2023_FQA2023_stress_grid_S0005_daily.csv
FQA,FQA,Fengqiu,2023,Leave_One_experiments\wth_generated_qc\FQA\FQA2023.WTH,normal_year;water_stress_year;nitrogen_stress_year,water_stress,FQA2023_stress_grid_S0005,pareto_balanced,2023-07-14,195,39,34,"{""sim_day"": 39.0, ""doy"": 195.0, ""topwt"": 754.3640899658203, ""grnwt"": 0.0, ""xlai"": 1.0795915126800537, ""totir"": 40.0, ""tofer"": NaN, ""swfac"": 0.0, ""nstres"": 0.1295043230056762}",0.0,0.1295043230056762,754.3640899658203,0.0,1.0795915126800537,40.0,,0.0,0.0,40.0,0.0,3.15815887451172,19.15815887451172,Leave_One_experiments/all_year_offline_schedule_search/daily_outputs/FQA/FQA_2023_FQA2023_stress_grid_S0005_daily.csv
FQA,FQA,Fengqiu,2023,Leave_One_experiments\wth_generated_qc\FQA\FQA2023.WTH,normal_year;water_stress_year;nitrogen_stress_year,water_stress,FQA2023_stress_grid_S0005,pareto_balanced,2023-07-15,196,40,35,"{""sim_day"": 40.0, ""doy"": 196.0, ""topwt"": 819.2940521240234, ""grnwt"": 0.0, ""xlai"": 1.122689962387085, ""totir"": 40.0, ""tofer"": NaN, ""swfac"": 0.0, ""nstres"": 0.147389531135559}",0.0,0.147389531135559,819.2940521240234,0.0,1.122689962387085,40.0,,0.0,0.0,40.0,0.0,3.15815887451172,19.15815887451172,Leave_One_experiments/all_year_offline_schedule_search/daily_outputs/FQA/FQA_2023_FQA2023_stress_grid_S0005_daily.csv
FQA,FQA,Fengqiu,2023,Leave_One_experiments\wth_generated_qc\FQA\FQA2023.WTH,normal_year;water_stress_year;nitrogen_stress_year,water_stress,FQA2023_stress_grid_S0005,pareto_balanced,2023-07-16,197,41,36,"{""sim_day"": 41.0, ""doy"": 197.0, ""topwt"": 877.8854370117188, ""grnwt"": 0.0, ""xlai"": 1.1537140607833862, ""totir"": 40.0, ""tofer"": NaN, ""swfac"": 0.0, ""nstres"": 0.1653382778167724}",0.0,0.1653382778167724,877.8854370117188,0.0,1.1537140607833862,40.0,,0.0,0.0,40.0,0.0,3.15815887451172,19.15815887451172,Leave_One_experiments/all_year_offline_schedule_search/daily_outputs/FQA/FQA_2023_FQA2023_stress_grid_S0005_daily.csv
FQA,FQA,Fengqiu,2023,Leave_One_experiments\wth_generated_qc\FQA\FQA2023.WTH,normal_year;water_stress_year;nitrogen_stress_year,water_stress,FQA2023_stress_grid_S0005,pareto_balanced,2023-07-17,198,42,37,"{""sim_day"": 42.0, ""doy"": 198.0, ""topwt"": 938.9852905273438, ""grnwt"": 0.0, ""xlai"": 1.18168044090271, ""totir"": 40.0, ""tofer"": NaN, ""swfac"": 0.0, ""nstres"": 0.1804565191268921}",0.0,0.1804565191268921,938.9852905273438,0.0,1.18168044090271,40.0,,0.0,0.0,40.0,0.0,3.15815887451172,19.15815887451172,Leave_One_experiments/all_year_offline_schedule_search/daily_outputs/FQA/FQA_2023_FQA2023_stress_grid_S0005_daily.csv
FQA,FQA,Fengqiu,2023,Leave_One_experiments\wth_generated_qc\FQA\FQA2023.WTH,normal_year;water_stress_year;nitrogen_stress_year,water_stress,FQA2023_stress_grid_S0005,pareto_balanced,2023-07-18,199,43,38,"{""sim_day"": 43.0, ""doy"": 199.0, ""topwt"": 1075.9076690673828, ""grnwt"": 0.0, ""xlai"": 1.2068557739257812, ""totir"": 40.0, ""tofer"": NaN, ""swfac"": 0.0, ""nstres"": 0.1901506781578064}",0.0,0.1901506781578064,1075.9076690673828,0.0,1.2068557739257812,40.0,,0.0,0.0,40.0,0.0,3.15815887451172,19.15815887451172,Leave_One_experiments/all_year_offline_schedule_search/daily_outputs/FQA/FQA_2023_FQA2023_stress_grid_S0005_daily.csv
FQA,FQA,Fengqiu,2023,Leave_One_experiments\wth_generated_qc\FQA\FQA2023.WTH,normal_year;water_stress_year;nitrogen_stress_year,water_stress,FQA2023_stress_grid_S0005,pareto_balanced,2023-07-19,200,44,39,"{""sim_day"": 44.0, ""doy"": 200.0, ""topwt"": 1220.0006866455078, ""grnwt"": 0.0, ""xlai"": 1.2290719747543335, ""totir"": 40.0, ""tofer"": NaN, ""swfac"": 0.0, ""nstres"": 0.1975347399711609}",0.0,0.1975347399711609,1220.0006866455078,0.0,1.2290719747543335,40.0,,0.0,0.0,40.0,0.0,3.15815887451172,19.15815887451172,Leave_One_experiments/all_year_offline_schedule_search/daily_outputs/FQA/FQA_2023_FQA2023_stress_grid_S0005_daily.csv
FQA,FQA,Fengqiu,2023,Leave_One_experiments\wth_generated_qc\FQA\FQA2023.WTH,normal_year;water_stress_year;nitrogen_stress_year,water_stress,FQA2023_stress_grid_S0005,pareto_balanced,2023-07-20,201,45,40,"{""sim_day"": 45.0, ""doy"": 201.0, ""topwt"": 1320.7748413085938, ""grnwt"": 0.0, ""xlai"": 1.228445529937744, ""totir"": 40.0, ""tofer"": NaN, ""swfac"": 0.0, ""nstres"": 0.2776621580123901}",0.0,0.2776621580123901,1320.7748413085938,0.0,1.228445529937744,40.0,,0.0,0.0,40.0,0.0,3.15815887451172,19.15815887451172,Leave_One_experiments/all_year_offline_schedule_search/daily_outputs/FQA/FQA_2023_FQA2023_stress_grid_S0005_daily.csv
FQA,FQA,Fengqiu,2023,Leave_One_experiments\wth_generated_qc\FQA\FQA2023.WTH,normal_year;water_stress_year;nitrogen_stress_year,water_stress,FQA2023_stress_grid_S0005,pareto_balanced,2023-07-21,202,46,41,"{""sim_day"": 46.0, ""doy"": 202.0, ""topwt"": 1412.2404479980469, ""grnwt"": 0.0, ""xlai"": 1.219751000404358, ""totir"": 40.0, ""tofer"": NaN, ""swfac"": 0.0, ""nstres"": 0.3435488939285278}",0.0,0.3435488939285278,1412.2404479980469,0.0,1.219751000404358,40.0,,0.0,0.0,40.0,0.0,3.15815887451172,19.15815887451172,Leave_One_experiments/all_year_offline_schedule_search/daily_outputs/FQA/FQA_2023_FQA2023_stress_grid_S0005_daily.csv
FQA,FQA,Fengqiu,2023,Leave_One_experiments\wth_generated_qc\FQA\FQA2023.WTH,normal_year;water_stress_year;nitrogen_stress_year,water_stress,FQA2023_stress_grid_S0005,pareto_balanced,2023-07-22,203,47,42,"{""sim_day"": 47.0, ""doy"": 203.0, ""topwt"": 1514.0560913085938, ""grnwt"": 0.0, ""xlai"": 1.211485505104065, ""totir"": 40.0, ""tofer"": NaN, ""swfac"": 0.0, ""nstres"": 0.3727588653564453}",0.0,0.3727588653564453,1514.0560913085938,0.0,1.211485505104065,40.0,,0.0,0.0,40.0,0.0,3.15815887451172,19.15815887451172,Leave_One_experiments/all_year_offline_schedule_search/daily_outputs/FQA/FQA_2023_FQA2023_stress_grid_S0005_daily.csv
FQA,FQA,Fengqiu,2023,Leave_One_experiments\wth_generated_qc\FQA\FQA2023.WTH,normal_year;water_stress_year;nitrogen_stress_year,water_stress,FQA2023_stress_grid_S0005,pareto_balanced,2023-07-23,204,48,43,"{""sim_day"": 48.0, ""doy"": 204.0, ""topwt"": 1613.0630493164062, ""grnwt"": 0.0, ""xlai"": 1.200257658958435, ""totir"": 40.0, ""tofer"": NaN, ""swfac"": 0.0, ""nstres"": 0.3912523984909057}",0.0,0.3912523984909057,1613.0630493164062,0.0,1.200257658958435,40.0,,0.0,0.0,40.0,0.0,3.15815887451172,19.15815887451172,Leave_One_experiments/all_year_offline_schedule_search/daily_outputs/FQA/FQA_2023_FQA2023_stress_grid_S0005_daily.csv
FQA,FQA,Fengqiu,2023,Leave_One_experiments\wth_generated_qc\FQA\FQA2023.WTH,normal_year;water_stress_year;nitrogen_stress_year,water_stress,FQA2023_stress_grid_S0005,pareto_balanced,2023-07-24,205,49,44,"{""sim_day"": 49.0, ""doy"": 205.0, ""topwt"": 1693.8160705566406, ""grnwt"": 0.0, ""xlai"": 1.1822351217269895, ""totir"": 40.0, ""tofer"": NaN, ""swfac"": 0.0, ""nstres"": 0.4101827144622803}",0.0,0.4101827144622803,1693.8160705566406,0.0,1.1822351217269895,40.0,,0.0,0.0,40.0,0.0,3.15815887451172,19.15815887451172,Leave_One_experiments/all_year_offline_schedule_search/daily_outputs/FQA/FQA_2023_FQA2023_stress_grid_S0005_daily.csv
FQA,FQA,Fengqiu,2023,Leave_One_experiments\wth_generated_qc\FQA\FQA2023.WTH,normal_year;water_stress_year;nitrogen_stress_year,water_stress,FQA2023_stress_grid_S0005,pareto_balanced,2023-07-25,206,50,45,"{""sim_day"": 50.0, ""doy"": 206.0, ""topwt"": 1786.4125061035156, ""grnwt"": 0.0, ""xlai"": 1.1665947437286377, ""totir"": 40.0, ""tofer"": NaN, ""swfac"": 0.0, ""nstres"": 0.4205279350280761}",0.0,0.4205279350280761,1786.4125061035156,0.0,1.1665947437286377,40.0,,0.0,0.0,40.0,0.0,3.15815887451172,19.15815887451172,Leave_One_experiments/all_year_offline_schedule_search/daily_outputs/FQA/FQA_2023_FQA2023_stress_grid_S0005_daily.csv
FQA,FQA,Fengqiu,2023,Leave_One_experiments\wth_generated_qc\FQA\FQA2023.WTH,normal_year;water_stress_year;nitrogen_stress_year,water_stress,FQA2023_stress_grid_S0005,pareto_balanced,2023-07-26,207,51,46,"{""sim_day"": 51.0, ""doy"": 207.0, ""topwt"": 1867.9074096679688, ""grnwt"": 0.0, ""xlai"": 1.147620439529419, ""totir"": 40.0, ""tofer"": NaN, ""swfac"": 0.0, ""nstres"": 0.4234417676925659}",0.0,0.4234417676925659,1867.9074096679688,0.0,1.147620439529419,40.0,,0.0,0.0,40.0,0.0,3.15815887451172,19.15815887451172,Leave_One_experiments/all_year_offline_schedule_search/daily_outputs/FQA/FQA_2023_FQA2023_stress_grid_S0005_daily.csv
FQA,FQA,Fengqiu,2023,Leave_One_experiments\wth_generated_qc\FQA\FQA2023.WTH,normal_year;water_stress_year;nitrogen_stress_year,water_stress,FQA2023_stress_grid_S0005,pareto_balanced,2023-07-27,208,52,47,"{""sim_day"": 52.0, ""doy"": 208.0, ""topwt"": 1949.3553161621091, ""grnwt"": 0.0, ""xlai"": 1.1283960342407229, ""totir"": 40.0, ""tofer"": NaN, ""swfac"": 0.0, ""nstres"": 0.4280317425727844}",0.0,0.4280317425727844,1949.3553161621091,0.0,1.1283960342407229,40.0,,0.0,0.0,40.0,0.0,3.15815887451172,19.15815887451172,Leave_One_experiments/all_year_offline_schedule_search/daily_outputs/FQA/FQA_2023_FQA2023_stress_grid_S0005_daily.csv
FQA,FQA,Fengqiu,2023,Leave_One_experiments\wth_generated_qc\FQA\FQA2023.WTH,normal_year;water_stress_year;nitrogen_stress_year,water_stress,FQA2023_stress_grid_S0005,pareto_balanced,2023-07-28,209,53,48,"{""sim_day"": 53.0, ""doy"": 209.0, ""topwt"": 1988.6647033691409, ""grnwt"": 0.0, ""xlai"": 1.0991514921188354, ""totir"": 40.0, ""tofer"": NaN, ""swfac"": 0.0, ""nstres"": 0.428160548210144}",0.0,0.428160548210144,1988.6647033691409,0.0,1.0991514921188354,40.0,,0.0,0.0,40.0,0.0,3.15815887451172,19.15815887451172,Leave_One_experiments/all_year_offline_schedule_search/daily_outputs/FQA/FQA_2023_FQA2023_stress_grid_S0005_daily.csv
FQA,FQA,Fengqiu,2023,Leave_One_experiments\wth_generated_qc\FQA\FQA2023.WTH,normal_year;water_stress_year;nitrogen_stress_year,water_stress,FQA2023_stress_grid_S0005,pareto_balanced,2023-07-29,210,54,49,"{""sim_day"": 54.0, ""doy"": 210.0, ""topwt"": 2059.425506591797, ""grnwt"": 0.0, ""xlai"": 1.0787506103515625, ""totir"": 40.0, ""tofer"": NaN, ""swfac"": 0.0, ""nstres"": 0.4306982159614563}",0.0,0.4306982159614563,2059.425506591797,0.0,1.0787506103515625,40.0,,0.0,0.0,40.0,0.0,3.15815887451172,19.15815887451172,Leave_One_experiments/all_year_offline_schedule_search/daily_outputs/FQA/FQA_2023_FQA2023_stress_grid_S0005_daily.csv
FQA,FQA,Fengqiu,2023,Leave_One_experiments\wth_generated_qc\FQA\FQA2023.WTH,normal_year;water_stress_year;nitrogen_stress_year,water_stress,FQA2023_stress_grid_S0005,pareto_balanced,2023-07-30,211,55,50,"{""sim_day"": 55.0, ""doy"": 211.0, ""topwt"": 2136.248779296875, ""grnwt"": 0.0, ""xlai"": 1.060848355293274, ""totir"": 40.0, ""tofer"": NaN, ""swfac"": 0.0, ""nstres"": 0.4247444272041321}",0.0,0.4247444272041321,2136.248779296875,0.0,1.060848355293274,40.0,,0.0,0.0,40.0,0.0,3.15815887451172,19.15815887451172,Leave_One_experiments/all_year_offline_schedule_search/daily_outputs/FQA/FQA_2023_FQA2023_stress_grid_S0005_daily.csv
FQA,FQA,Fengqiu,2023,Leave_One_experiments\wth_generated_qc\FQA\FQA2023.WTH,normal_year;water_stress_year;nitrogen_stress_year,water_stress,FQA2023_stress_grid_S0005,pareto_balanced,2023-07-31,212,56,51,"{""sim_day"": 56.0, ""doy"": 212.0, ""topwt"": 2219.715881347656, ""grnwt"": 0.0, ""xlai"": 1.0450996160507202, ""totir"": 40.0, ""tofer"": NaN, ""swfac"": 0.0, ""nstres"": 0.4275317788124084}",0.0,0.4275317788124084,2219.715881347656,0.0,1.0450996160507202,40.0,,0.0,0.0,40.0,0.0,3.15815887451172,19.15815887451172,Leave_One_experiments/all_year_offline_schedule_search/daily_outputs/FQA/FQA_2023_FQA2023_stress_grid_S0005_daily.csv
FQA,FQA,Fengqiu,2023,Leave_One_experiments\wth_generated_qc\FQA\FQA2023.WTH,normal_year;water_stress_year;nitrogen_stress_year,water_stress,FQA2023_stress_grid_S0005,pareto_balanced,2023-08-01,213,57,52,"{""sim_day"": 57.0, ""doy"": 213.0, ""topwt"": 2299.6066284179688, ""grnwt"": 0.0, ""xlai"": 1.0287896394729614, ""totir"": 40.0, ""tofer"": NaN, ""swfac"": 0.0, ""nstres"": 0.4317176938056946}",0.0,0.4317176938056946,2299.6066284179688,0.0,1.0287896394729614,40.0,,0.0,0.0,40.0,0.0,3.15815887451172,19.15815887451172,Leave_One_experiments/all_year_offline_schedule_search/daily_outputs/FQA/FQA_2023_FQA2023_stress_grid_S0005_daily.csv
FQA,FQA,Fengqiu,2023,Leave_One_experiments\wth_generated_qc\FQA\FQA2023.WTH,normal_year;water_stress_year;nitrogen_stress_year,water_stress,FQA2023_stress_grid_S0005,pareto_balanced,2023-08-02,214,58,53,"{""sim_day"": 58.0, ""doy"": 214.0, ""topwt"": 2384.667510986328, ""grnwt"": 0.0, ""xlai"": 1.0143145322799685, ""totir"": 40.0, ""tofer"": NaN, ""swfac"": 0.0, ""nstres"": 0.4321570992469787}",0.0,0.4321570992469787,2384.667510986328,0.0,1.0143145322799685,40.0,,0.0,0.0,40.0,0.0,3.15815887451172,19.15815887451172,Leave_One_experiments/all_year_offline_schedule_search/daily_outputs/FQA/FQA_2023_FQA2023_stress_grid_S0005_daily.csv
FQA,FQA,Fengqiu,2023,Leave_One_experiments\wth_generated_qc\FQA\FQA2023.WTH,normal_year;water_stress_year;nitrogen_stress_year,water_stress,FQA2023_stress_grid_S0005,pareto_balanced,2023-08-03,215,59,54,"{""sim_day"": 59.0, ""doy"": 215.0, ""topwt"": 2472.9962158203125, ""grnwt"": 0.0, ""xlai"": 1.001407265663147, ""totir"": 40.0, ""tofer"": NaN, ""swfac"": 0.0, ""nstres"": 0.426165223121643}",0.0,0.426165223121643,2472.9962158203125,0.0,1.001407265663147,40.0,,0.0,0.0,40.0,0.0,3.15815887451172,19.15815887451172,Leave_One_experiments/all_year_offline_schedule_search/daily_outputs/FQA/FQA_2023_FQA2023_stress_grid_S0005_daily.csv
FQA,FQA,Fengqiu,2023,Leave_One_experiments\wth_generated_qc\FQA\FQA2023.WTH,normal_year;water_stress_year;nitrogen_stress_year,water_stress,FQA2023_stress_grid_S0005,pareto_balanced,2023-08-04,216,60,55,"{""sim_day"": 60.0, ""doy"": 216.0, ""topwt"": 2548.2508850097656, ""grnwt"": 0.0, ""xlai"": 0.9673845171928406, ""totir"": 40.0, ""tofer"": NaN, ""swfac"": 0.0, ""nstres"": 0.4154002666473388}",0.0,0.4154002666473388,2548.2508850097656,0.0,0.9673845171928406,40.0,,0.0,0.0,40.0,0.0,3.15815887451172,19.15815887451172,Leave_One_experiments/all_year_offline_schedule_search/daily_outputs/FQA/FQA_2023_FQA2023_stress_grid_S0005_daily.csv
FQA,FQA,Fengqiu,2023,Leave_One_experiments\wth_generated_qc\FQA\FQA2023.WTH,normal_year;water_stress_year;nitrogen_stress_year,water_stress,FQA2023_stress_grid_S0005,pareto_balanced,2023-08-05,217,61,56,"{""sim_day"": 61.0, ""doy"": 217.0, ""topwt"": 2642.6840209960938, ""grnwt"": 0.0, ""xlai"": 0.9350042939186096, ""totir"": 40.0, ""tofer"": NaN, ""swfac"": 0.0, ""nstres"": 0.4033253192901611}",0.0,0.4033253192901611,2642.6840209960938,0.0,0.9350042939186096,40.0,,0.0,0.0,40.0,0.0,3.15815887451172,19.15815887451172,Leave_One_experiments/all_year_offline_schedule_search/daily_outputs/FQA/FQA_2023_FQA2023_stress_grid_S0005_daily.csv
FQA,FQA,Fengqiu,2023,Leave_One_experiments\wth_generated_qc\FQA\FQA2023.WTH,normal_year;water_stress_year;nitrogen_stress_year,water_stress,FQA2023_stress_grid_S0005,pareto_balanced,2023-08-06,218,62,57,"{""sim_day"": 62.0, ""doy"": 218.0, ""topwt"": 2769.877319335937, ""grnwt"": 0.0, ""xlai"": 0.9040335416793824, ""totir"": 40.0, ""tofer"": NaN, ""swfac"": 0.0, ""nstres"": 0.3949662446975708}",0.0,0.3949662446975708,2769.877319335937,0.0,0.9040335416793824,40.0,,0.0,0.0,40.0,0.0,3.15815887451172,19.15815887451172,Leave_One_experiments/all_year_offline_schedule_search/daily_outputs/FQA/FQA_2023_FQA2023_stress_grid_S0005_daily.csv
FQA,FQA,Fengqiu,2023,Leave_One_experiments\wth_generated_qc\FQA\FQA2023.WTH,normal_year;water_stress_year;nitrogen_stress_year,water_stress,FQA2023_stress_grid_S0005,pareto_balanced,2023-08-07,219,63,58,"{""sim_day"": 63.0, ""doy"": 219.0, ""topwt"": 2857.0083618164062, ""grnwt"": 0.0, ""xlai"": 0.8741929531097412, ""totir"": 40.0, ""tofer"": NaN, ""swfac"": 0.0, ""nstres"": 0.3922004103660583}",0.0,0.3922004103660583,2857.0083618164062,0.0,0.8741929531097412,40.0,,0.0,0.0,40.0,0.0,3.15815887451172,19.15815887451172,Leave_One_experiments/all_year_offline_schedule_search/daily_outputs/FQA/FQA_2023_FQA2023_stress_grid_S0005_daily.csv
FQA,FQA,Fengqiu,2023,Leave_One_experiments\wth_generated_qc\FQA\FQA2023.WTH,normal_year;water_stress_year;nitrogen_stress_year,water_stress,FQA2023_stress_grid_S0005,pareto_balanced,2023-08-08,220,64,59,"{""sim_day"": 64.0, ""doy"": 220.0, ""topwt"": 2951.719055175781, ""grnwt"": 0.0, ""xlai"": 0.8453161120414734, ""totir"": 40.0, ""tofer"": NaN, ""swfac"": 0.0, ""nstres"": 0.3927825093269348}",0.0,0.3927825093269348,2951.719055175781,0.0,0.8453161120414734,40.0,,0.0,0.0,40.0,0.0,3.15815887451172,19.15815887451172,Leave_One_experiments/all_year_offline_schedule_search/daily_outputs/FQA/FQA_2023_FQA2023_stress_grid_S0005_daily.csv
FQA,FQA,Fengqiu,2023,Leave_One_experiments\wth_generated_qc\FQA\FQA2023.WTH,normal_year;water_stress_year;nitrogen_stress_year,water_stress,FQA2023_stress_grid_S0005,pareto_balanced,2023-08-09,221,65,60,"{""sim_day"": 65.0, ""doy"": 221.0, ""topwt"": 3053.202209472656, ""grnwt"": 0.0, ""xlai"": 0.817779541015625, ""totir"": 40.0, ""tofer"": NaN, ""swfac"": 0.0, ""nstres"": 0.3818106055259704}",0.0,0.3818106055259704,3053.202209472656,0.0,0.817779541015625,40.0,,0.0,0.0,40.0,0.0,3.15815887451172,19.15815887451172,Leave_One_experiments/all_year_offline_schedule_search/daily_outputs/FQA/FQA_2023_FQA2023_stress_grid_S0005_daily.csv
FQA,FQA,Fengqiu,2023,Leave_One_experiments\wth_generated_qc\FQA\FQA2023.WTH,normal_year;water_stress_year;nitrogen_stress_year,water_stress,FQA2023_stress_grid_S0005,pareto_balanced,2023-08-10,222,66,61,"{""sim_day"": 66.0, ""doy"": 222.0, ""topwt"": 3146.612243652344, ""grnwt"": 0.0, ""xlai"": 0.7915319204330444, ""totir"": 40.0, ""tofer"": NaN, ""swfac"": 0.0, ""nstres"": 0.3703091740608215}",0.0,0.3703091740608215,3146.612243652344,0.0,0.7915319204330444,40.0,,0.0,0.0,40.0,0.0,3.15815887451172,19.15815887451172,Leave_One_experiments/all_year_offline_schedule_search/daily_outputs/FQA/FQA_2023_FQA2023_stress_grid_S0005_daily.csv
FQA,FQA,Fengqiu,2023,Leave_One_experiments\wth_generated_qc\FQA\FQA2023.WTH,normal_year;water_stress_year;nitrogen_stress_year,water_stress,FQA2023_stress_grid_S0005,pareto_balanced,2023-08-11,223,67,62,"{""sim_day"": 67.0, ""doy"": 223.0, ""topwt"": 3150.517883300781, ""grnwt"": 0.0, ""xlai"": 0.7664212584495544, ""totir"": 40.0, ""tofer"": NaN, ""swfac"": 0.0, ""nstres"": 0.3613797426223755}",0.0,0.3613797426223755,3150.517883300781,0.0,0.7664212584495544,40.0,,0.0,0.0,40.0,0.0,3.15815887451172,19.15815887451172,Leave_One_experiments/all_year_offline_schedule_search/daily_outputs/FQA/FQA_2023_FQA2023_stress_grid_S0005_daily.csv
FQA,FQA,Fengqiu,2023,Leave_One_experiments\wth_generated_qc\FQA\FQA2023.WTH,normal_year;water_stress_year;nitrogen_stress_year,water_stress,FQA2023_stress_grid_S0005,pareto_balanced,2023-08-12,224,68,63,"{""sim_day"": 68.0, ""doy"": 224.0, ""topwt"": 3246.746826171875, ""grnwt"": 0.0, ""xlai"": 0.7425133585929871, ""totir"": 40.0, ""tofer"": NaN, ""swfac"": 0.0, ""nstres"": 0.3486621379852295}",0.0,0.3486621379852295,3246.746826171875,0.0,0.7425133585929871,40.0,,0.0,0.0,40.0,0.0,3.15815887451172,19.15815887451172,Leave_One_experiments/all_year_offline_schedule_search/daily_outputs/FQA/FQA_2023_FQA2023_stress_grid_S0005_daily.csv
FQA,FQA,Fengqiu,2023,Leave_One_experiments\wth_generated_qc\FQA\FQA2023.WTH,normal_year;water_stress_year;nitrogen_stress_year,water_stress,FQA2023_stress_grid_S0005,pareto_balanced,2023-08-13,225,69,64,"{""sim_day"": 69.0, ""doy"": 225.0, ""topwt"": 3388.5421752929688, ""grnwt"": 218.0698585510254, ""xlai"": 0.720374584197998, ""totir"": 40.0, ""tofer"": NaN, ""swfac"": 0.0, ""nstres"": 0.3155832290649414}",0.0,0.3155832290649414,3388.5421752929688,218.0698585510254,0.720374584197998,40.0,,0.0,0.0,40.0,0.0,3.15815887451172,19.15815887451172,Leave_One_experiments/all_year_offline_schedule_search/daily_outputs/FQA/FQA_2023_FQA2023_stress_grid_S0005_daily.csv
FQA,FQA,Fengqiu,2023,Leave_One_experiments\wth_generated_qc\FQA\FQA2023.WTH,normal_year;water_stress_year;nitrogen_stress_year,water_stress,FQA2023_stress_grid_S0005,pareto_balanced,2023-08-14,226,70,65,"{""sim_day"": 70.0, ""doy"": 226.0, ""topwt"": 3483.324584960937, ""grnwt"": 298.26072692871094, ""xlai"": 0.6968476176261902, ""totir"": 40.0, ""tofer"": NaN, ""swfac"": 0.0, ""nstres"": 0.3838242888450622}",0.0,0.3838242888450622,3483.324584960937,298.26072692871094,0.6968476176261902,40.0,,0.0,0.0,40.0,0.0,3.15815887451172,19.15815887451172,Leave_One_experiments/all_year_offline_schedule_search/daily_outputs/FQA/FQA_2023_FQA2023_stress_grid_S0005_daily.csv
FQA,FQA,Fengqiu,2023,Leave_One_experiments\wth_generated_qc\FQA\FQA2023.WTH,normal_year;water_stress_year;nitrogen_stress_year,water_stress,FQA2023_stress_grid_S0005,pareto_balanced,2023-08-15,227,71,66,"{""sim_day"": 71.0, ""doy"": 227.0, ""topwt"": 3587.7587890625, ""grnwt"": 377.8704833984375, ""xlai"": 0.6749972701072693, ""totir"": 40.0, ""tofer"": NaN, ""swfac"": 0.0, ""nstres"": 0.3525466918945312}",0.0,0.3525466918945312,3587.7587890625,377.8704833984375,0.6749972701072693,40.0,,0.0,0.0,40.0,0.0,3.15815887451172,19.15815887451172,Leave_One_experiments/all_year_offline_schedule_search/daily_outputs/FQA/FQA_2023_FQA2023_stress_grid_S0005_daily.csv
FQA,FQA,Fengqiu,2023,Leave_One_experiments\wth_generated_qc\FQA\FQA2023.WTH,normal_year;water_stress_year;nitrogen_stress_year,water_stress,FQA2023_stress_grid_S0005,pareto_balanced,2023-08-16,228,72,67,"{""sim_day"": 72.0, ""doy"": 228.0, ""topwt"": 3681.66748046875, ""grnwt"": 450.5071258544922, ""xlai"": 0.6538866758346558, ""totir"": 40.0, ""tofer"": NaN, ""swfac"": 0.0, ""nstres"": 0.3505988717079162}",0.0,0.3505988717079162,3681.66748046875,450.5071258544922,0.6538866758346558,40.0,,0.0,0.0,40.0,0.0,3.15815887451172,19.15815887451172,Leave_One_experiments/all_year_offline_schedule_search/daily_outputs/FQA/FQA_2023_FQA2023_stress_grid_S0005_daily.csv
FQA,FQA,Fengqiu,2023,Leave_One_experiments\wth_generated_qc\FQA\FQA2023.WTH,normal_year;water_stress_year;nitrogen_stress_year,water_stress,FQA2023_stress_grid_S0005,pareto_balanced,2023-08-17,229,73,68,"{""sim_day"": 73.0, ""doy"": 229.0, ""topwt"": 3752.449340820313, ""grnwt"": 509.1975402832031, ""xlai"": 0.6334380507469177, ""totir"": 40.0, ""tofer"": NaN, ""swfac"": 0.0, ""nstres"": 0.3505376577377319}",0.0,0.3505376577377319,3752.449340820313,509.1975402832031,0.6334380507469177,40.0,,0.0,0.0,40.0,0.0,3.15815887451172,19.15815887451172,Leave_One_experiments/all_year_offline_schedule_search/daily_outputs/FQA/FQA_2023_FQA2023_stress_grid_S0005_daily.csv
FQA,FQA,Fengqiu,2023,Leave_One_experiments\wth_generated_qc\FQA\FQA2023.WTH,normal_year;water_stress_year;nitrogen_stress_year,water_stress,FQA2023_stress_grid_S0005,pareto_balanced,2023-08-18,230,74,69,"{""sim_day"": 74.0, ""doy"": 230.0, ""topwt"": 3817.2369384765625, ""grnwt"": 584.1585540771484, ""xlai"": 0.6137722730636597, ""totir"": 40.0, ""tofer"": NaN, ""swfac"": 0.0, ""nstres"": 0.3451058268547058}",0.0,0.3451058268547058,3817.2369384765625,584.1585540771484,0.6137722730636597,40.0,,0.0,0.0,40.0,0.0,3.15815887451172,19.15815887451172,Leave_One_experiments/all_year_offline_schedule_search/daily_outputs/FQA/FQA_2023_FQA2023_stress_grid_S0005_daily.csv
FQA,FQA,Fengqiu,2023,Leave_One_experiments\wth_generated_qc\FQA\FQA2023.WTH,normal_year;water_stress_year;nitrogen_stress_year,water_stress,FQA2023_stress_grid_S0005,pareto_balanced,2023-08-19,231,75,70,"{""sim_day"": 75.0, ""doy"": 231.0, ""topwt"": 3862.7896118164062, ""grnwt"": 669.5792388916016, ""xlai"": 0.5947511792182922, ""totir"": 40.0, ""tofer"": NaN, ""swfac"": 0.0, ""nstres"": 0.3437695503234863}",0.0,0.3437695503234863,3862.7896118164062,669.5792388916016,0.5947511792182922,40.0,,0.0,0.0,40.0,0.0,3.15815887451172,19.15815887451172,Leave_One_experiments/all_year_offline_schedule_search/daily_outputs/FQA/FQA_2023_FQA2023_stress_grid_S0005_daily.csv
FQA,FQA,Fengqiu,2023,Leave_One_experiments\wth_generated_qc\FQA\FQA2023.WTH,normal_year;water_stress_year;nitrogen_stress_year,water_stress,FQA2023_stress_grid_S0005,pareto_balanced,2023-08-20,232,76,71,"{""sim_day"": 76.0, ""doy"": 232.0, ""topwt"": 3947.259826660156, ""grnwt"": 750.9323120117188, ""xlai"": 0.5764399170875549, ""totir"": 40.0, ""tofer"": NaN, ""swfac"": 0.0, ""nstres"": 0.3389126658439636}",0.0,0.3389126658439636,3947.259826660156,750.9323120117188,0.5764399170875549,40.0,,0.0,0.0,40.0,0.0,3.15815887451172,19.15815887451172,Leave_One_experiments/all_year_offline_schedule_search/daily_outputs/FQA/FQA_2023_FQA2023_stress_grid_S0005_daily.csv
FQA,FQA,Fengqiu,2023,Leave_One_experiments\wth_generated_qc\FQA\FQA2023.WTH,normal_year;water_stress_year;nitrogen_stress_year,water_stress,FQA2023_stress_grid_S0005,pareto_balanced,2023-08-21,233,77,72,"{""sim_day"": 77.0, ""doy"": 233.0, ""topwt"": 4050.4046630859375, ""grnwt"": 842.7450561523438, ""xlai"": 0.5591765642166138, ""totir"": 40.0, ""tofer"": NaN, ""swfac"": 0.0, ""nstres"": 0.3187604546546936}",0.0,0.3187604546546936,4050.4046630859375,842.7450561523438,0.5591765642166138,40.0,,0.0,0.0,40.0,0.0,3.15815887451172,19.15815887451172,Leave_One_experiments/all_year_offline_schedule_search/daily_outputs/FQA/FQA_2023_FQA2023_stress_grid_S0005_daily.csv
FQA,FQA,Fengqiu,2023,Leave_One_experiments\wth_generated_qc\FQA\FQA2023.WTH,normal_year;water_stress_year;nitrogen_stress_year,water_stress,FQA2023_stress_grid_S0005,pareto_balanced,2023-08-22,234,78,73,"{""sim_day"": 78.0, ""doy"": 234.0, ""topwt"": 4148.491516113281, ""grnwt"": 935.719985961914, ""xlai"": 0.542266309261322, ""totir"": 40.0, ""tofer"": NaN, ""swfac"": 0.0, ""nstres"": 0.3257928490638733}",0.0,0.3257928490638733,4148.491516113281,935.719985961914,0.542266309261322,40.0,,0.0,0.0,40.0,0.0,3.15815887451172,19.15815887451172,Leave_One_experiments/all_year_offline_schedule_search/daily_outputs/FQA/FQA_2023_FQA2023_stress_grid_S0005_daily.csv
FQA,FQA,Fengqiu,2023,Leave_One_experiments\wth_generated_qc\FQA\FQA2023.WTH,normal_year;water_stress_year;nitrogen_stress_year,water_stress,FQA2023_stress_grid_S0005,pareto_balanced,2023-08-23,235,79,74,"{""sim_day"": 79.0, ""doy"": 235.0, ""topwt"": 4246.4007568359375, ""grnwt"": 1028.6949157714844, ""xlai"": 0.5256083607673645, ""totir"": 40.0, ""tofer"": NaN, ""swfac"": 0.0, ""nstres"": 0.3372585773468017}",0.0,0.3372585773468017,4246.4007568359375,1028.6949157714844,0.5256083607673645,40.0,,0.0,0.0,40.0,0.0,3.15815887451172,19.15815887451172,Leave_One_experiments/all_year_offline_schedule_search/daily_outputs/FQA/FQA_2023_FQA2023_stress_grid_S0005_daily.csv
FQA,FQA,Fengqiu,2023,Leave_One_experiments\wth_generated_qc\FQA\FQA2023.WTH,normal_year;water_stress_year;nitrogen_stress_year,water_stress,FQA2023_stress_grid_S0005,pareto_balanced,2023-08-24,236,80,75,"{""sim_day"": 80.0, ""doy"": 236.0, ""topwt"": 4325.58349609375, ""grnwt"": 1121.6698455810547, ""xlai"": 0.5092830657958984, ""totir"": 40.0, ""tofer"": NaN, ""swfac"": 0.0, ""nstres"": 0.3454334735870361}",0.0,0.3454334735870361,4325.58349609375,1121.6698455810547,0.5092830657958984,40.0,,0.0,0.0,40.0,0.0,3.15815887451172,19.15815887451172,Leave_One_experiments/all_year_offline_schedule_search/daily_outputs/FQA/FQA_2023_FQA2023_stress_grid_S0005_daily.csv
FQA,FQA,Fengqiu,2023,Leave_One_experiments\wth_generated_qc\FQA\FQA2023.WTH,normal_year;water_stress_year;nitrogen_stress_year,water_stress,FQA2023_stress_grid_S0005,pareto_balanced,2023-08-25,237,81,76,"{""sim_day"": 81.0, ""doy"": 237.0, ""topwt"": 4334.8284912109375, ""grnwt"": 1214.644775390625, ""xlai"": 0.4931846559047699, ""totir"": 40.0, ""tofer"": NaN, ""swfac"": 0.0, ""nstres"": 0.3586379885673523}",0.0,0.3586379885673523,4334.8284912109375,1214.644775390625,0.4931846559047699,40.0,,0.0,0.0,40.0,0.0,3.15815887451172,19.15815887451172,Leave_One_experiments/all_year_offline_schedule_search/daily_outputs/FQA/FQA_2023_FQA2023_stress_grid_S0005_daily.csv
FQA,FQA,Fengqiu,2023,Leave_One_experiments\wth_generated_qc\FQA\FQA2023.WTH,normal_year;water_stress_year;nitrogen_stress_year,water_stress,FQA2023_stress_grid_S0005,pareto_balanced,2023-08-26,238,82,77,"{""sim_day"": 82.0, ""doy"": 238.0, ""topwt"": 4348.482055664063, ""grnwt"": 1307.61962890625, ""xlai"": 0.4775563478469848, ""totir"": 40.0, ""tofer"": NaN, ""swfac"": 0.0, ""nstres"": 0.3605260252952575}",0.0,0.3605260252952575,4348.482055664063,1307.61962890625,0.4775563478469848,40.0,,0.0,0.0,40.0,0.0,3.15815887451172,19.15815887451172,Leave_One_experiments/all_year_offline_schedule_search/daily_outputs/FQA/FQA_2023_FQA2023_stress_grid_S0005_daily.csv
FQA,FQA,Fengqiu,2023,Leave_One_experiments\wth_generated_qc\FQA\FQA2023.WTH,normal_year;water_stress_year;nitrogen_stress_year,water_stress,FQA2023_stress_grid_S0005,pareto_balanced,2023-08-27,239,83,78,"{""sim_day"": 83.0, ""doy"": 239.0, ""topwt"": 4437.964477539063, ""grnwt"": 1400.594482421875, ""xlai"": 0.4629112184047699, ""totir"": 40.0, ""tofer"": NaN, ""swfac"": 0.0, ""nstres"": 0.3360020518302917}",0.0,0.3360020518302917,4437.964477539063,1400.594482421875,0.4629112184047699,40.0,,0.0,0.0,40.0,0.0,3.15815887451172,19.15815887451172,Leave_One_experiments/all_year_offline_schedule_search/daily_outputs/FQA/FQA_2023_FQA2023_stress_grid_S0005_daily.csv
FQA,FQA,Fengqiu,2023,Leave_One_experiments\wth_generated_qc\FQA\FQA2023.WTH,normal_year;water_stress_year;nitrogen_stress_year,water_stress,FQA2023_stress_grid_S0005,pareto_balanced,2023-08-28,240,84,79,"{""sim_day"": 84.0, ""doy"": 240.0, ""topwt"": 4502.501220703125, ""grnwt"": 1493.5693359375, ""xlai"": 0.4488777220249176, ""totir"": 40.0, ""tofer"": NaN, ""swfac"": 0.0, ""nstres"": 0.3275774121284485}",0.0,0.3275774121284485,4502.501220703125,1493.5693359375,0.4488777220249176,40.0,,0.0,0.0,40.0,0.0,3.15815887451172,19.15815887451172,Leave_One_experiments/all_year_offline_schedule_search/daily_outputs/FQA/FQA_2023_FQA2023_stress_grid_S0005_daily.csv
FQA,FQA,Fengqiu,2023,Leave_One_experiments\wth_generated_qc\FQA\FQA2023.WTH,normal_year;water_stress_year;nitrogen_stress_year,water_stress,FQA2023_stress_grid_S0005,pareto_balanced,2023-08-29,241,85,80,"{""sim_day"": 85.0, ""doy"": 241.0, ""topwt"": 4585.640258789063, ""grnwt"": 1586.544189453125, ""xlai"": 0.4348565340042114, ""totir"": 40.0, ""tofer"": NaN, ""swfac"": 0.0, ""nstres"": 0.3496677875518799}",0.0,0.3496677875518799,4585.640258789063,1586.544189453125,0.4348565340042114,40.0,,0.0,0.0,40.0,0.0,3.15815887451172,19.15815887451172,Leave_One_experiments/all_year_offline_schedule_search/daily_outputs/FQA/FQA_2023_FQA2023_stress_grid_S0005_daily.csv
FQA,FQA,Fengqiu,2023,Leave_One_experiments\wth_generated_qc\FQA\FQA2023.WTH,normal_year;water_stress_year;nitrogen_stress_year,water_stress,FQA2023_stress_grid_S0005,pareto_balanced,2023-08-30,242,86,81,"{""sim_day"": 86.0, ""doy"": 242.0, ""topwt"": 4665.1300048828125, ""grnwt"": 1679.51904296875, ""xlai"": 0.4210161864757538, ""totir"": 40.0, ""tofer"": NaN, ""swfac"": 0.0, ""nstres"": 0.3638538122177124}",0.0,0.3638538122177124,4665.1300048828125,1679.51904296875,0.4210161864757538,40.0,,0.0,0.0,40.0,0.0,3.15815887451172,19.15815887451172,Leave_One_experiments/all_year_offline_schedule_search/daily_outputs/FQA/FQA_2023_FQA2023_stress_grid_S0005_daily.csv
FQA,FQA,Fengqiu,2023,Leave_One_experiments\wth_generated_qc\FQA\FQA2023.WTH,normal_year;water_stress_year;nitrogen_stress_year,water_stress,FQA2023_stress_grid_S0005,pareto_balanced,2023-08-31,243,87,82,"{""sim_day"": 87.0, ""doy"": 243.0, ""topwt"": 4720.44921875, ""grnwt"": 1772.493896484375, ""xlai"": 0.4072307646274566, ""totir"": 40.0, ""tofer"": NaN, ""swfac"": 0.0, ""nstres"": 0.3858400583267212}",0.0,0.3858400583267212,4720.44921875,1772.493896484375,0.4072307646274566,40.0,,0.0,0.0,40.0,0.0,3.15815887451172,19.15815887451172,Leave_One_experiments/all_year_offline_schedule_search/daily_outputs/FQA/FQA_2023_FQA2023_stress_grid_S0005_daily.csv
FQA,FQA,Fengqiu,2023,Leave_One_experiments\wth_generated_qc\FQA\FQA2023.WTH,normal_year;water_stress_year;nitrogen_stress_year,water_stress,FQA2023_stress_grid_S0005,pareto_balanced,2023-09-01,244,88,83,"{""sim_day"": 88.0, ""doy"": 244.0, ""topwt"": 4767.121887207031, ""grnwt"": 1865.46875, ""xlai"": 0.3936038017272949, ""totir"": 40.0, ""tofer"": NaN, ""swfac"": 0.0, ""nstres"": 0.4030994176864624}",0.0,0.4030994176864624,4767.121887207031,1865.46875,0.3936038017272949,40.0,,0.0,0.0,40.0,0.0,3.15815887451172,19.15815887451172,Leave_One_experiments/all_year_offline_schedule_search/daily_outputs/FQA/FQA_2023_FQA2023_stress_grid_S0005_daily.csv
FQA,FQA,Fengqiu,2023,Leave_One_experiments\wth_generated_qc\FQA\FQA2023.WTH,normal_year;water_stress_year;nitrogen_stress_year,water_stress,FQA2023_stress_grid_S0005,pareto_balanced,2023-09-02,245,89,84,"{""sim_day"": 89.0, ""doy"": 245.0, ""topwt"": 4807.990417480469, ""grnwt"": 1956.700439453125, ""xlai"": 0.3805197179317474, ""totir"": 40.0, ""tofer"": NaN, ""swfac"": 0.0, ""nstres"": 0.3978015184402466}",0.0,0.3978015184402466,4807.990417480469,1956.700439453125,0.3805197179317474,40.0,,0.0,0.0,40.0,0.0,3.15815887451172,19.15815887451172,Leave_One_experiments/all_year_offline_schedule_search/daily_outputs/FQA/FQA_2023_FQA2023_stress_grid_S0005_daily.csv
FQA,FQA,Fengqiu,2023,Leave_One_experiments\wth_generated_qc\FQA\FQA2023.WTH,normal_year;water_stress_year;nitrogen_stress_year,water_stress,FQA2023_stress_grid_S0005,pareto_balanced,2023-09-03,246,90,85,"{""sim_day"": 90.0, ""doy"": 246.0, ""topwt"": 4867.41943359375, ""grnwt"": 2036.8913269042969, ""xlai"": 0.3680243194103241, ""totir"": 40.0, ""tofer"": NaN, ""swfac"": 0.0, ""nstres"": 0.3881075978279114}",0.0,0.3881075978279114,4867.41943359375,2036.8913269042969,0.3680243194103241,40.0,,0.0,0.0,40.0,0.0,3.15815887451172,19.15815887451172,Leave_One_experiments/all_year_offline_schedule_search/daily_outputs/FQA/FQA_2023_FQA2023_stress_grid_S0005_daily.csv
FQA,FQA,Fengqiu,2023,Leave_One_experiments\wth_generated_qc\FQA\FQA2023.WTH,normal_year;water_stress_year;nitrogen_stress_year,water_stress,FQA2023_stress_grid_S0005,pareto_balanced,2023-09-04,247,91,86,"{""sim_day"": 91.0, ""doy"": 247.0, ""topwt"": 4923.739318847656, ""grnwt"": 2129.866180419922, ""xlai"": 0.3562488257884979, ""totir"": 40.0, ""tofer"": NaN, ""swfac"": 0.0, ""nstres"": 0.3679159283638}",0.0,0.3679159283638,4923.739318847656,2129.866180419922,0.3562488257884979,40.0,,0.0,0.0,40.0,0.0,3.15815887451172,19.15815887451172,Leave_One_experiments/all_year_offline_schedule_search/daily_outputs/FQA/FQA_2023_FQA2023_stress_grid_S0005_daily.csv
FQA,FQA,Fengqiu,2023,Leave_One_experiments\wth_generated_qc\FQA\FQA2023.WTH,normal_year;water_stress_year;nitrogen_stress_year,water_stress,FQA2023_stress_grid_S0005,pareto_balanced,2023-09-05,248,92,87,"{""sim_day"": 92.0, ""doy"": 248.0, ""topwt"": 4977.861633300781, ""grnwt"": 2222.841033935547, ""xlai"": 0.344746470451355, ""totir"": 40.0, ""tofer"": NaN, ""swfac"": 0.0, ""nstres"": 0.3748980164527893}",0.0,0.3748980164527893,4977.861633300781,2222.841033935547,0.344746470451355,40.0,,0.0,0.0,40.0,0.0,3.15815887451172,19.15815887451172,Leave_One_experiments/all_year_offline_schedule_search/daily_outputs/FQA/FQA_2023_FQA2023_stress_grid_S0005_daily.csv
FQA,FQA,Fengqiu,2023,Leave_One_experiments\wth_generated_qc\FQA\FQA2023.WTH,normal_year;water_stress_year;nitrogen_stress_year,water_stress,FQA2023_stress_grid_S0005,pareto_balanced,2023-09-06,249,93,88,"{""sim_day"": 93.0, ""doy"": 249.0, ""topwt"": 5031.6143798828125, ""grnwt"": 2315.815887451172, ""xlai"": 0.3336731493473053, ""totir"": 40.0, ""tofer"": NaN, ""swfac"": 0.0, ""nstres"": 0.3708842992782593}",0.0,0.3708842992782593,5031.6143798828125,2315.815887451172,0.3336731493473053,40.0,,0.0,0.0,40.0,0.0,3.15815887451172,19.15815887451172,Leave_One_experiments/all_year_offline_schedule_search/daily_outputs/FQA/FQA_2023_FQA2023_stress_grid_S0005_daily.csv
FQA,FQA,Fengqiu,2023,Leave_One_experiments\wth_generated_qc\FQA\FQA2023.WTH,normal_year;water_stress_year;nitrogen_stress_year,water_stress,FQA2023_stress_grid_S0005,pareto_balanced,2023-09-07,250,94,89,"{""sim_day"": 94.0, ""doy"": 250.0, ""topwt"": 5031.6143798828125, ""grnwt"": 2315.815887451172, ""xlai"": 0.3336731493473053, ""totir"": 40.0, ""tofer"": NaN, ""swfac"": 0.0, ""nstres"": 0.3670755624771118}",0.0,0.3670755624771118,5031.6143798828125,2315.815887451172,0.3336731493473053,40.0,,0.0,0.0,40.0,0.0,3.15815887451172,19.15815887451172,Leave_One_experiments/all_year_offline_schedule_search/daily_outputs/FQA/FQA_2023_FQA2023_stress_grid_S0005_daily.csv
FQA,FQA,Fengqiu,2023,Leave_One_experiments\wth_generated_qc\FQA\FQA2023.WTH,normal_year;water_stress_year;nitrogen_stress_year,water_stress,FQA2023_stress_grid_S0005,pareto_balanced,2023-09-08,251,95,90,"{""sim_day"": 95.0, ""doy"": 251.0, ""topwt"": 5031.6143798828125, ""grnwt"": 2315.815887451172, ""xlai"": 0.3336731493473053, ""totir"": 40.0, ""tofer"": NaN, ""swfac"": 0.0, ""nstres"": 0.3670755624771118}",0.0,0.3670755624771118,5031.6143798828125,2315.815887451172,0.3336731493473053,40.0,,0.0,0.0,40.0,0.0,3.15815887451172,19.15815887451172,Leave_One_experiments/all_year_offline_schedule_search/daily_outputs/FQA/FQA_2023_FQA2023_stress_grid_S0005_daily.csv
FQA,FQA,Fengqiu,2023,Leave_One_experiments\wth_generated_qc\FQA\FQA2023.WTH,normal_year;water_stress_year;nitrogen_stress_year,water_stress,FQA2023_stress_grid_S0005,pareto_balanced,2023-09-09,252,96,91,"{""sim_day"": 96.0, ""doy"": 252.0, ""topwt"": 5031.6143798828125, ""grnwt"": 2315.815887451172, ""xlai"": 0.3336731493473053, ""totir"": 40.0, ""tofer"": NaN, ""swfac"": 0.0, ""nstres"": 0.3670755624771118}",0.0,0.3670755624771118,5031.6143798828125,2315.815887451172,0.3336731493473053,40.0,,0.0,0.0,40.0,0.0,3.15815887451172,19.15815887451172,Leave_One_experiments/all_year_offline_schedule_search/daily_outputs/FQA/FQA_2023_FQA2023_stress_grid_S0005_daily.csv
FQA,FQA,Fengqiu,2023,Leave_One_experiments\wth_generated_qc\FQA\FQA2023.WTH,normal_year;water_stress_year;nitrogen_stress_year,water_stress,FQA2023_stress_grid_S0001,top_profit_low_water,2023-06-11,162,1,1,"{""sim_day"": 1.0, ""doy"": 162.0, ""topwt"": 0.0, ""grnwt"": 0.0, ""xlai"": 0.0, ""totir"": 0.0, ""tofer"": NaN, ""swfac"": 0.0, ""nstres"": 0.0}",0.0,0.0,0.0,0.0,0.0,0.0,,0.0,0.0,0.0,0.0,20.73553924560547,20.73553924560547,Leave_One_experiments/all_year_offline_schedule_search/daily_outputs/FQA/FQA_2023_FQA2023_stress_grid_S0001_daily.csv
FQA,FQA,Fengqiu,2023,Leave_One_experiments\wth_generated_qc\FQA\FQA2023.WTH,normal_year;water_stress_year;nitrogen_stress_year,water_stress,FQA2023_stress_grid_S0001,top_profit_low_water,2023-06-12,163,2,2,"{""sim_day"": 2.0, ""doy"": 163.0, ""topwt"": 0.0, ""grnwt"": 0.0, ""xlai"": 0.0, ""totir"": 0.0, ""tofer"": NaN, ""swfac"": 0.0, ""nstres"": 0.0}",0.0,0.0,0.0,0.0,0.0,0.0,,0.0,0.0,0.0,0.0,20.73553924560547,20.73553924560547,Leave_One_experiments/all_year_offline_schedule_search/daily_outputs/FQA/FQA_2023_FQA2023_stress_grid_S0001_daily.csv
FQA,FQA,Fengqiu,2023,Leave_One_experiments\wth_generated_qc\FQA\FQA2023.WTH,normal_year;water_stress_year;nitrogen_stress_year,water_stress,FQA2023_stress_grid_S0001,top_profit_low_water,2023-06-13,164,3,3,"{""sim_day"": 3.0, ""doy"": 164.0, ""topwt"": 0.0, ""grnwt"": 0.0, ""xlai"": 0.0, ""totir"": 0.0, ""tofer"": NaN, ""swfac"": 0.0, ""nstres"": 0.0}",0.0,0.0,0.0,0.0,0.0,0.0,,0.0,0.0,0.0,0.0,20.73553924560547,20.73553924560547,Leave_One_experiments/all_year_offline_schedule_search/daily_outputs/FQA/FQA_2023_FQA2023_stress_grid_S0001_daily.csv
FQA,FQA,Fengqiu,2023,Leave_One_experiments\wth_generated_qc\FQA\FQA2023.WTH,normal_year;water_stress_year;nitrogen_stress_year,water_stress,FQA2023_stress_grid_S0001,top_profit_low_water,2023-06-14,165,4,4,"{""sim_day"": 4.0, ""doy"": 165.0, ""topwt"": 0.0, ""grnwt"": 0.0, ""xlai"": 0.0, ""totir"": 0.0, ""tofer"": NaN, ""swfac"": 0.0, ""nstres"": 0.0}",0.0,0.0,0.0,0.0,0.0,0.0,,0.0,0.0,0.0,0.0,20.73553924560547,20.73553924560547,Leave_One_experiments/all_year_offline_schedule_search/daily_outputs/FQA/FQA_2023_FQA2023_stress_grid_S0001_daily.csv
FQA,FQA,Fengqiu,2023,Leave_One_experiments\wth_generated_qc\FQA\FQA2023.WTH,normal_year;water_stress_year;nitrogen_stress_year,water_stress,FQA2023_stress_grid_S0001,top_profit_low_water,2023-06-15,166,5,5,"{""sim_day"": 5.0, ""doy"": 166.0, ""topwt"": 0.0, ""grnwt"": 0.0, ""xlai"": 0.0, ""totir"": 0.0, ""tofer"": NaN, ""swfac"": 0.0, ""nstres"": 0.0}",0.0,0.0,0.0,0.0,0.0,0.0,,0.0,0.0,0.0,0.0,20.73553924560547,20.73553924560547,Leave_One_experiments/all_year_offline_schedule_search/daily_outputs/FQA/FQA_2023_FQA2023_stress_grid_S0001_daily.csv
FQA,FQA,Fengqiu,2023,Leave_One_experiments\wth_generated_qc\FQA\FQA2023.WTH,normal_year;water_stress_year;nitrogen_stress_year,water_stress,FQA2023_stress_grid_S0001,top_profit_low_water,2023-06-11,162,6,1,"{""sim_day"": 6.0, ""doy"": 162.0, ""topwt"": 0.0, ""grnwt"": 0.0, ""xlai"": 0.0, ""totir"": 0.0, ""tofer"": NaN, ""swfac"": 0.0, ""nstres"": 0.0}",0.0,0.0,0.0,0.0,0.0,0.0,,0.0,0.0,0.0,0.0,20.73553924560547,20.73553924560547,Leave_One_experiments/all_year_offline_schedule_search/daily_outputs/FQA/FQA_2023_FQA2023_stress_grid_S0001_daily.csv
FQA,FQA,Fengqiu,2023,Leave_One_experiments\wth_generated_qc\FQA\FQA2023.WTH,normal_year;water_stress_year;nitrogen_stress_year,water_stress,FQA2023_stress_grid_S0001,top_profit_low_water,2023-06-12,163,7,2,"{""sim_day"": 7.0, ""doy"": 163.0, ""topwt"": 0.0, ""grnwt"": 0.0, ""xlai"": 0.0, ""totir"": 0.0, ""tofer"": NaN, ""swfac"": 0.0, ""nstres"": 0.0}",0.0,0.0,0.0,0.0,0.0,0.0,,0.0,0.0,0.0,0.0,20.73553924560547,20.73553924560547,Leave_One_experiments/all_year_offline_schedule_search/daily_outputs/FQA/FQA_2023_FQA2023_stress_grid_S0001_daily.csv
FQA,FQA,Fengqiu,2023,Leave_One_experiments\wth_generated_qc\FQA\FQA2023.WTH,normal_year;water_stress_year;nitrogen_stress_year,water_stress,FQA2023_stress_grid_S0001,top_profit_low_water,2023-06-13,164,8,3,"{""sim_day"": 8.0, ""doy"": 164.0, ""topwt"": 0.0, ""grnwt"": 0.0, ""xlai"": 0.0, ""totir"": 0.0, ""tofer"": NaN, ""swfac"": 0.0, ""nstres"": 0.0}",0.0,0.0,0.0,0.0,0.0,0.0,,0.0,0.0,0.0,0.0,20.73553924560547,20.73553924560547,Leave_One_experiments/all_year_offline_schedule_search/daily_outputs/FQA/FQA_2023_FQA2023_stress_grid_S0001_daily.csv
FQA,FQA,Fengqiu,2023,Leave_One_experiments\wth_generated_qc\FQA\FQA2023.WTH,normal_year;water_stress_year;nitrogen_stress_year,water_stress,FQA2023_stress_grid_S0001,top_profit_low_water,2023-06-14,165,9,4,"{""sim_day"": 9.0, ""doy"": 165.0, ""topwt"": 0.0, ""grnwt"": 0.0, ""xlai"": 0.0, ""totir"": 0.0, ""tofer"": NaN, ""swfac"": 0.0, ""nstres"": 0.0}",0.0,0.0,0.0,0.0,0.0,0.0,,0.0,0.0,0.0,0.0,20.73553924560547,20.73553924560547,Leave_One_experiments/all_year_offline_schedule_search/daily_outputs/FQA/FQA_2023_FQA2023_stress_grid_S0001_daily.csv
FQA,FQA,Fengqiu,2023,Leave_One_experiments\wth_generated_qc\FQA\FQA2023.WTH,normal_year;water_stress_year;nitrogen_stress_year,water_stress,FQA2023_stress_grid_S0001,top_profit_low_water,2023-06-15,166,10,5,"{""sim_day"": 10.0, ""doy"": 166.0, ""topwt"": 32.00000047683716, ""grnwt"": 0.0, ""xlai"": 0.0032891989685595, ""totir"": 0.0, ""tofer"": NaN, ""swfac"": 0.0, ""nstres"": 0.0121910572052001}",0.0,0.0121910572052001,32.00000047683716,0.0,0.0032891989685595,0.0,,0.0,0.0,0.0,0.0,20.73553924560547,20.73553924560547,Leave_One_experiments/all_year_offline_schedule_search/daily_outputs/FQA/FQA_2023_FQA2023_stress_grid_S0001_daily.csv
FQA,FQA,Fengqiu,2023,Leave_One_experiments\wth_generated_qc\FQA\FQA2023.WTH,normal_year;water_stress_year;nitrogen_stress_year,water_stress,FQA2023_stress_grid_S0001,top_profit_low_water,2023-06-16,167,11,6,"{""sim_day"": 11.0, ""doy"": 167.0, ""topwt"": 32.00000047683716, ""grnwt"": 0.0, ""xlai"": 0.0056471456773579, ""totir"": 0.0, ""tofer"": NaN, ""swfac"": 0.0, ""nstres"": 0.0017329454421997}",0.0,0.0017329454421997,32.00000047683716,0.0,0.0056471456773579,0.0,,0.0,0.0,0.0,0.0,20.73553924560547,20.73553924560547,Leave_One_experiments/all_year_offline_schedule_search/daily_outputs/FQA/FQA_2023_FQA2023_stress_grid_S0001_daily.csv
FQA,FQA,Fengqiu,2023,Leave_One_experiments\wth_generated_qc\FQA\FQA2023.WTH,normal_year;water_stress_year;nitrogen_stress_year,water_stress,FQA2023_stress_grid_S0001,top_profit_low_water,2023-06-17,168,12,7,"{""sim_day"": 12.0, ""doy"": 168.0, ""topwt"": 32.00000047683716, ""grnwt"": 0.0, ""xlai"": 0.0079596899449825, ""totir"": 0.0, ""tofer"": NaN, ""swfac"": 0.0, ""nstres"": 0.0}",0.0,0.0,32.00000047683716,0.0,0.0079596899449825,0.0,,0.0,0.0,0.0,0.0,20.73553924560547,20.73553924560547,Leave_One_experiments/all_year_offline_schedule_search/daily_outputs/FQA/FQA_2023_FQA2023_stress_grid_S0001_daily.csv
FQA,FQA,Fengqiu,2023,Leave_One_experiments\wth_generated_qc\FQA\FQA2023.WTH,normal_year;water_stress_year;nitrogen_stress_year,water_stress,FQA2023_stress_grid_S0001,top_profit_low_water,2023-06-18,169,13,8,"{""sim_day"": 13.0, ""doy"": 169.0, ""topwt"": 32.00000047683716, ""grnwt"": 0.0, ""xlai"": 0.0107729705050587, ""totir"": 0.0, ""tofer"": NaN, ""swfac"": 0.0, ""nstres"": 0.0}",0.0,0.0,32.00000047683716,0.0,0.0107729705050587,0.0,,0.0,0.0,0.0,0.0,20.73553924560547,20.73553924560547,Leave_One_experiments/all_year_offline_schedule_search/daily_outputs/FQA/FQA_2023_FQA2023_stress_grid_S0001_daily.csv
FQA,FQA,Fengqiu,2023,Leave_One_experiments\wth_generated_qc\FQA\FQA2023.WTH,normal_year;water_stress_year;nitrogen_stress_year,water_stress,FQA2023_stress_grid_S0001,top_profit_low_water,2023-06-19,170,14,9,"{""sim_day"": 14.0, ""doy"": 170.0, ""topwt"": 32.00000047683716, ""grnwt"": 0.0, ""xlai"": 0.0143443448469042, ""totir"": 0.0, ""tofer"": NaN, ""swfac"": 0.0, ""nstres"": 0.0}",0.0,0.0,32.00000047683716,0.0,0.0143443448469042,0.0,,0.0,0.0,0.0,0.0,20.73553924560547,20.73553924560547,Leave_One_experiments/all_year_offline_schedule_search/daily_outputs/FQA/FQA_2023_FQA2023_stress_grid_S0001_daily.csv
FQA,FQA,Fengqiu,2023,Leave_One_experiments\wth_generated_qc\FQA\FQA2023.WTH,normal_year;water_stress_year;nitrogen_stress_year,water_stress,FQA2023_stress_grid_S0001,top_profit_low_water,2023-06-20,171,15,10,"{""sim_day"": 15.0, ""doy"": 171.0, ""topwt"": 32.00000047683716, ""grnwt"": 0.0, ""xlai"": 0.0188286881893873, ""totir"": 0.0, ""tofer"": NaN, ""swfac"": 0.0, ""nstres"": 0.0}",0.0,0.0,32.00000047683716,0.0,0.0188286881893873,0.0,,0.0,0.0,0.0,0.0,20.73553924560547,20.73553924560547,Leave_One_experiments/all_year_offline_schedule_search/daily_outputs/FQA/FQA_2023_FQA2023_stress_grid_S0001_daily.csv
FQA,FQA,Fengqiu,2023,Leave_One_experiments\wth_generated_qc\FQA\FQA2023.WTH,normal_year;water_stress_year;nitrogen_stress_year,water_stress,FQA2023_stress_grid_S0001,top_profit_low_water,2023-06-21,172,16,11,"{""sim_day"": 16.0, ""doy"": 172.0, ""topwt"": 24.14443016052246, ""grnwt"": 0.0, ""xlai"": 0.0341469794511795, ""totir"": 0.0, ""tofer"": NaN, ""swfac"": 0.0, ""nstres"": 0.0}",0.0,0.0,24.14443016052246,0.0,0.0341469794511795,0.0,,0.0,0.0,0.0,0.0,20.73553924560547,20.73553924560547,Leave_One_experiments/all_year_offline_schedule_search/daily_outputs/FQA/FQA_2023_FQA2023_stress_grid_S0001_daily.csv
FQA,FQA,Fengqiu,2023,Leave_One_experiments\wth_generated_qc\FQA\FQA2023.WTH,normal_year;water_stress_year;nitrogen_stress_year,water_stress,FQA2023_stress_grid_S0001,top_profit_low_water,2023-06-22,173,17,12,"{""sim_day"": 17.0, ""doy"": 173.0, ""topwt"": 29.862966537475582, ""grnwt"": 0.0, ""xlai"": 0.05215884745121, ""totir"": 0.0, ""tofer"": NaN, ""swfac"": 0.0, ""nstres"": 0.0}",0.0,0.0,29.862966537475582,0.0,0.05215884745121,0.0,,0.0,0.0,0.0,0.0,20.73553924560547,20.73553924560547,Leave_One_experiments/all_year_offline_schedule_search/daily_outputs/FQA/FQA_2023_FQA2023_stress_grid_S0001_daily.csv
FQA,FQA,Fengqiu,2023,Leave_One_experiments\wth_generated_qc\FQA\FQA2023.WTH,normal_year;water_stress_year;nitrogen_stress_year,water_stress,FQA2023_stress_grid_S0001,top_profit_low_water,2023-06-23,174,18,13,"{""sim_day"": 18.0, ""doy"": 174.0, ""topwt"": 36.80789470672608, ""grnwt"": 0.0, ""xlai"": 0.0720496326684951, ""totir"": 0.0, ""tofer"": NaN, ""swfac"": 0.0, ""nstres"": 0.0}",0.0,0.0,36.80789470672608,0.0,0.0720496326684951,0.0,,0.0,0.0,0.0,0.0,20.73553924560547,20.73553924560547,Leave_One_experiments/all_year_offline_schedule_search/daily_outputs/FQA/FQA_2023_FQA2023_stress_grid_S0001_daily.csv
FQA,FQA,Fengqiu,2023,Leave_One_experiments\wth_generated_qc\FQA\FQA2023.WTH,normal_year;water_stress_year;nitrogen_stress_year,water_stress,FQA2023_stress_grid_S0001,top_profit_low_water,2023-06-24,175,19,14,"{""sim_day"": 19.0, ""doy"": 175.0, ""topwt"": 44.14747714996338, ""grnwt"": 0.0, ""xlai"": 0.0915989652276039, ""totir"": 0.0, ""tofer"": NaN, ""swfac"": 0.0, ""nstres"": 0.0}",0.0,0.0,44.14747714996338,0.0,0.0915989652276039,0.0,,0.0,0.0,0.0,0.0,20.73553924560547,20.73553924560547,Leave_One_experiments/all_year_offline_schedule_search/daily_outputs/FQA/FQA_2023_FQA2023_stress_grid_S0001_daily.csv
FQA,FQA,Fengqiu,2023,Leave_One_experiments\wth_generated_qc\FQA\FQA2023.WTH,normal_year;water_stress_year;nitrogen_stress_year,water_stress,FQA2023_stress_grid_S0001,top_profit_low_water,2023-06-25,176,20,15,"{""sim_day"": 20.0, ""doy"": 176.0, ""topwt"": 52.966413497924805, ""grnwt"": 0.0, ""xlai"": 0.1137223467230796, ""totir"": 0.0, ""tofer"": NaN, ""swfac"": 0.0, ""nstres"": 0.0}",0.0,0.0,52.966413497924805,0.0,0.1137223467230796,0.0,,0.0,0.0,0.0,0.0,20.73553924560547,20.73553924560547,Leave_One_experiments/all_year_offline_schedule_search/daily_outputs/FQA/FQA_2023_FQA2023_stress_grid_S0001_daily.csv
FQA,FQA,Fengqiu,2023,Leave_One_experiments\wth_generated_qc\FQA\FQA2023.WTH,normal_year;water_stress_year;nitrogen_stress_year,water_stress,FQA2023_stress_grid_S0001,top_profit_low_water,2023-06-26,177,21,16,"{""sim_day"": 21.0, ""doy"": 177.0, ""topwt"": 64.63232517242432, ""grnwt"": 0.0, ""xlai"": 0.1413491368293762, ""totir"": 0.0, ""tofer"": NaN, ""swfac"": 0.0, ""nstres"": 0.0}",0.0,0.0,64.63232517242432,0.0,0.1413491368293762,0.0,,0.0,0.0,0.0,0.0,20.73553924560547,20.73553924560547,Leave_One_experiments/all_year_offline_schedule_search/daily_outputs/FQA/FQA_2023_FQA2023_stress_grid_S0001_daily.csv
FQA,FQA,Fengqiu,2023,Leave_One_experiments\wth_generated_qc\FQA\FQA2023.WTH,normal_year;water_stress_year;nitrogen_stress_year,water_stress,FQA2023_stress_grid_S0001,top_profit_low_water,2023-06-27,178,22,17,"{""sim_day"": 22.0, ""doy"": 178.0, ""topwt"": 77.74917602539062, ""grnwt"": 0.0, ""xlai"": 0.1707734316587448, ""totir"": 0.0, ""tofer"": NaN, ""swfac"": 0.0, ""nstres"": 0.0}",0.0,0.0,77.74917602539062,0.0,0.1707734316587448,0.0,,0.0,0.0,0.0,0.0,20.73553924560547,20.73553924560547,Leave_One_experiments/all_year_offline_schedule_search/daily_outputs/FQA/FQA_2023_FQA2023_stress_grid_S0001_daily.csv
FQA,FQA,Fengqiu,2023,Leave_One_experiments\wth_generated_qc\FQA\FQA2023.WTH,normal_year;water_stress_year;nitrogen_stress_year,water_stress,FQA2023_stress_grid_S0001,top_profit_low_water,2023-06-28,179,23,18,"{""sim_day"": 23.0, ""doy"": 179.0, ""topwt"": 92.06662178039552, ""grnwt"": 0.0, ""xlai"": 0.2013971209526062, ""totir"": 0.0, ""tofer"": NaN, ""swfac"": 0.0, ""nstres"": 0.0}",0.0,0.0,92.06662178039552,0.0,0.2013971209526062,0.0,,0.0,0.0,0.0,0.0,20.73553924560547,20.73553924560547,Leave_One_experiments/all_year_offline_schedule_search/daily_outputs/FQA/FQA_2023_FQA2023_stress_grid_S0001_daily.csv
FQA,FQA,Fengqiu,2023,Leave_One_experiments\wth_generated_qc\FQA\FQA2023.WTH,normal_year;water_stress_year;nitrogen_stress_year,water_stress,FQA2023_stress_grid_S0001,top_profit_low_water,2023-06-29,180,24,19,"{""sim_day"": 24.0, ""doy"": 180.0, ""topwt"": 108.65660667419434, ""grnwt"": 0.0, ""xlai"": 0.2353721410036087, ""totir"": 0.0, ""tofer"": NaN, ""swfac"": 0.0, ""nstres"": 0.0}",0.0,0.0,108.65660667419434,0.0,0.2353721410036087,0.0,,0.0,0.0,0.0,0.0,20.73553924560547,20.73553924560547,Leave_One_experiments/all_year_offline_schedule_search/daily_outputs/FQA/FQA_2023_FQA2023_stress_grid_S0001_daily.csv
FQA,FQA,Fengqiu,2023,Leave_One_experiments\wth_generated_qc\FQA\FQA2023.WTH,normal_year;water_stress_year;nitrogen_stress_year,water_stress,FQA2023_stress_grid_S0001,top_profit_low_water,2023-06-30,181,25,20,"{""sim_day"": 25.0, ""doy"": 181.0, ""topwt"": 127.60798454284668, ""grnwt"": 0.0, ""xlai"": 0.2714024782180786, ""totir"": 0.0, ""tofer"": NaN, ""swfac"": 0.0, ""nstres"": 0.0}",0.0,0.0,127.60798454284668,0.0,0.2714024782180786,0.0,,0.0,0.0,0.0,0.0,20.73553924560547,20.73553924560547,Leave_One_experiments/all_year_offline_schedule_search/daily_outputs/FQA/FQA_2023_FQA2023_stress_grid_S0001_daily.csv
FQA,FQA,Fengqiu,2023,Leave_One_experiments\wth_generated_qc\FQA\FQA2023.WTH,normal_year;water_stress_year;nitrogen_stress_year,water_stress,FQA2023_stress_grid_S0001,top_profit_low_water,2023-07-01,182,26,21,"{""sim_day"": 26.0, ""doy"": 182.0, ""topwt"": 148.55951309204102, ""grnwt"": 0.0, ""xlai"": 0.3122867047786712, ""totir"": 0.0, ""tofer"": NaN, ""swfac"": 0.0, ""nstres"": 0.0}",0.0,0.0,148.55951309204102,0.0,0.3122867047786712,0.0,,0.0,0.0,0.0,0.0,20.73553924560547,20.73553924560547,Leave_One_experiments/all_year_offline_schedule_search/daily_outputs/FQA/FQA_2023_FQA2023_stress_grid_S0001_daily.csv
FQA,FQA,Fengqiu,2023,Leave_One_experiments\wth_generated_qc\FQA\FQA2023.WTH,normal_year;water_stress_year;nitrogen_stress_year,water_stress,FQA2023_stress_grid_S0001,top_profit_low_water,2023-07-02,183,27,22,"{""sim_day"": 27.0, ""doy"": 183.0, ""topwt"": 170.10982513427734, ""grnwt"": 0.0, ""xlai"": 0.3527257144451141, ""totir"": 0.0, ""tofer"": NaN, ""swfac"": 0.0, ""nstres"": 0.0}",0.0,0.0,170.10982513427734,0.0,0.3527257144451141,0.0,,0.0,0.0,0.0,0.0,20.73553924560547,20.73553924560547,Leave_One_experiments/all_year_offline_schedule_search/daily_outputs/FQA/FQA_2023_FQA2023_stress_grid_S0001_daily.csv
FQA,FQA,Fengqiu,2023,Leave_One_experiments\wth_generated_qc\FQA\FQA2023.WTH,normal_year;water_stress_year;nitrogen_stress_year,water_stress,FQA2023_stress_grid_S0001,top_profit_low_water,2023-07-03,184,28,23,"{""sim_day"": 28.0, ""doy"": 184.0, ""topwt"": 197.23886489868164, ""grnwt"": 0.0, ""xlai"": 0.4015429019927978, ""totir"": 0.0, ""tofer"": NaN, ""swfac"": 0.0, ""nstres"": 0.0}",0.0,0.0,197.23886489868164,0.0,0.4015429019927978,0.0,,0.0,0.0,0.0,0.0,20.73553924560547,20.73553924560547,Leave_One_experiments/all_year_offline_schedule_search/daily_outputs/FQA/FQA_2023_FQA2023_stress_grid_S0001_daily.csv
FQA,FQA,Fengqiu,2023,Leave_One_experiments\wth_generated_qc\FQA\FQA2023.WTH,normal_year;water_stress_year;nitrogen_stress_year,water_stress,FQA2023_stress_grid_S0001,top_profit_low_water,2023-07-04,185,29,24,"{""sim_day"": 29.0, ""doy"": 185.0, ""topwt"": 227.6280212402344, ""grnwt"": 0.0, ""xlai"": 0.4538227319717407, ""totir"": 0.0, ""tofer"": NaN, ""swfac"": 0.0, ""nstres"": 0.0}",0.0,0.0,227.6280212402344,0.0,0.4538227319717407,0.0,,0.0,0.0,0.0,0.0,20.73553924560547,20.73553924560547,Leave_One_experiments/all_year_offline_schedule_search/daily_outputs/FQA/FQA_2023_FQA2023_stress_grid_S0001_daily.csv
FQA,FQA,Fengqiu,2023,Leave_One_experiments\wth_generated_qc\FQA\FQA2023.WTH,normal_year;water_stress_year;nitrogen_stress_year,water_stress,FQA2023_stress_grid_S0001,top_profit_low_water,2023-07-05,186,30,25,"{""sim_day"": 30.0, ""doy"": 186.0, ""topwt"": 261.0140037536621, ""grnwt"": 0.0, ""xlai"": 0.5086990594863892, ""totir"": 0.0, ""tofer"": NaN, ""swfac"": 0.0, ""nstres"": 0.0}",0.0,0.0,261.0140037536621,0.0,0.5086990594863892,0.0,,0.0,0.0,0.0,0.0,20.73553924560547,20.73553924560547,Leave_One_experiments/all_year_offline_schedule_search/daily_outputs/FQA/FQA_2023_FQA2023_stress_grid_S0001_daily.csv
FQA,FQA,Fengqiu,2023,Leave_One_experiments\wth_generated_qc\FQA\FQA2023.WTH,normal_year;water_stress_year;nitrogen_stress_year,water_stress,FQA2023_stress_grid_S0001,top_profit_low_water,2023-07-06,187,31,26,"{""sim_day"": 31.0, ""doy"": 187.0, ""topwt"": 300.3396797180176, ""grnwt"": 0.0, ""xlai"": 0.5702962875366211, ""totir"": 0.0, ""tofer"": NaN, ""swfac"": 0.0, ""nstres"": 0.0}",0.0,0.0,300.3396797180176,0.0,0.5702962875366211,0.0,,0.0,0.0,0.0,0.0,20.73553924560547,20.73553924560547,Leave_One_experiments/all_year_offline_schedule_search/daily_outputs/FQA/FQA_2023_FQA2023_stress_grid_S0001_daily.csv
FQA,FQA,Fengqiu,2023,Leave_One_experiments\wth_generated_qc\FQA\FQA2023.WTH,normal_year;water_stress_year;nitrogen_stress_year,water_stress,FQA2023_stress_grid_S0001,top_profit_low_water,2023-07-07,188,32,27,"{""sim_day"": 32.0, ""doy"": 188.0, ""topwt"": 346.03343963623047, ""grnwt"": 0.0, ""xlai"": 0.6382828950881958, ""totir"": 0.0, ""tofer"": NaN, ""swfac"": 0.0, ""nstres"": 0.0}",0.0,0.0,346.03343963623047,0.0,0.6382828950881958,0.0,,0.0,0.0,0.0,0.0,20.73553924560547,20.73553924560547,Leave_One_experiments/all_year_offline_schedule_search/daily_outputs/FQA/FQA_2023_FQA2023_stress_grid_S0001_daily.csv
FQA,FQA,Fengqiu,2023,Leave_One_experiments\wth_generated_qc\FQA\FQA2023.WTH,normal_year;water_stress_year;nitrogen_stress_year,water_stress,FQA2023_stress_grid_S0001,top_profit_low_water,2023-07-08,189,33,28,"{""sim_day"": 33.0, ""doy"": 189.0, ""topwt"": 398.8140487670898, ""grnwt"": 0.0, ""xlai"": 0.7126792669296265, ""totir"": 0.0, ""tofer"": NaN, ""swfac"": 0.0, ""nstres"": 0.0}",0.0,0.0,398.8140487670898,0.0,0.7126792669296265,0.0,,0.0,0.0,0.0,0.0,20.73553924560547,20.73553924560547,Leave_One_experiments/all_year_offline_schedule_search/daily_outputs/FQA/FQA_2023_FQA2023_stress_grid_S0001_daily.csv
FQA,FQA,Fengqiu,2023,Leave_One_experiments\wth_generated_qc\FQA\FQA2023.WTH,normal_year;water_stress_year;nitrogen_stress_year,water_stress,FQA2023_stress_grid_S0001,top_profit_low_water,2023-07-09,190,34,29,"{""sim_day"": 34.0, ""doy"": 190.0, ""topwt"": 459.6295166015625, ""grnwt"": 0.0, ""xlai"": 0.7936930656433105, ""totir"": 0.0, ""tofer"": NaN, ""swfac"": 0.0, ""nstres"": 0.0}",0.0,0.0,459.6295166015625,0.0,0.7936930656433105,0.0,,0.0,0.0,0.0,0.0,20.73553924560547,20.73553924560547,Leave_One_experiments/all_year_offline_schedule_search/daily_outputs/FQA/FQA_2023_FQA2023_stress_grid_S0001_daily.csv
FQA,FQA,Fengqiu,2023,Leave_One_experiments\wth_generated_qc\FQA\FQA2023.WTH,normal_year;water_stress_year;nitrogen_stress_year,water_stress,FQA2023_stress_grid_S0001,top_profit_low_water,2023-07-10,191,35,30,"{""sim_day"": 35.0, ""doy"": 191.0, ""topwt"": 520.1735305786133, ""grnwt"": 0.0, ""xlai"": 0.8654060363769531, ""totir"": 0.0, ""tofer"": NaN, ""swfac"": 0.0, ""nstres"": 0.0418177843093872}",0.0,0.0418177843093872,520.1735305786133,0.0,0.8654060363769531,0.0,,0.0,0.0,0.0,0.0,20.73553924560547,20.73553924560547,Leave_One_experiments/all_year_offline_schedule_search/daily_outputs/FQA/FQA_2023_FQA2023_stress_grid_S0001_daily.csv
FQA,FQA,Fengqiu,2023,Leave_One_experiments\wth_generated_qc\FQA\FQA2023.WTH,normal_year;water_stress_year;nitrogen_stress_year,water_stress,FQA2023_stress_grid_S0001,top_profit_low_water,2023-07-11,192,36,31,"{""sim_day"": 36.0, ""doy"": 192.0, ""topwt"": 570.0375366210938, ""grnwt"": 0.0, ""xlai"": 0.9152222275733948, ""totir"": 0.0, ""tofer"": NaN, ""swfac"": 0.0, ""nstres"": 0.0869269967079162}",0.0,0.0869269967079162,570.0375366210938,0.0,0.9152222275733948,0.0,,0.0,0.0,0.0,0.0,20.73553924560547,20.73553924560547,Leave_One_experiments/all_year_offline_schedule_search/daily_outputs/FQA/FQA_2023_FQA2023_stress_grid_S0001_daily.csv
FQA,FQA,Fengqiu,2023,Leave_One_experiments\wth_generated_qc\FQA\FQA2023.WTH,normal_year;water_stress_year;nitrogen_stress_year,water_stress,FQA2023_stress_grid_S0001,top_profit_low_water,2023-07-12,193,37,32,"{""sim_day"": 37.0, ""doy"": 193.0, ""topwt"": 620.9934616088867, ""grnwt"": 0.0, ""xlai"": 0.9608581066131592, ""totir"": 0.0, ""tofer"": NaN, ""swfac"": 0.0, ""nstres"": 0.105617880821228}",0.0,0.105617880821228,620.9934616088867,0.0,0.9608581066131592,0.0,,0.0,0.0,0.0,0.0,20.73553924560547,20.73553924560547,Leave_One_experiments/all_year_offline_schedule_search/daily_outputs/FQA/FQA_2023_FQA2023_stress_grid_S0001_daily.csv
FQA,FQA,Fengqiu,2023,Leave_One_experiments\wth_generated_qc\FQA\FQA2023.WTH,normal_year;water_stress_year;nitrogen_stress_year,water_stress,FQA2023_stress_grid_S0001,top_profit_low_water,2023-07-13,194,38,33,"{""sim_day"": 38.0, ""doy"": 194.0, ""topwt"": 675.6963348388672, ""grnwt"": 0.0, ""xlai"": 1.0051348209381104, ""totir"": 0.0, ""tofer"": NaN, ""swfac"": 0.0, ""nstres"": 0.1228944063186645}",0.0,0.1228944063186645,675.6963348388672,0.0,1.0051348209381104,0.0,,0.0,0.0,0.0,0.0,20.73553924560547,20.73553924560547,Leave_One_experiments/all_year_offline_schedule_search/daily_outputs/FQA/FQA_2023_FQA2023_stress_grid_S0001_daily.csv
FQA,FQA,Fengqiu,2023,Leave_One_experiments\wth_generated_qc\FQA\FQA2023.WTH,normal_year;water_stress_year;nitrogen_stress_year,water_stress,FQA2023_stress_grid_S0001,top_profit_low_water,2023-07-14,195,39,34,"{""sim_day"": 39.0, ""doy"": 195.0, ""topwt"": 737.6738739013672, ""grnwt"": 0.0, ""xlai"": 1.0511870384216309, ""totir"": 0.0, ""tofer"": NaN, ""swfac"": 0.0, ""nstres"": 0.1389358043670654}",0.0,0.1389358043670654,737.6738739013672,0.0,1.0511870384216309,0.0,,0.0,0.0,0.0,0.0,20.73553924560547,20.73553924560547,Leave_One_experiments/all_year_offline_schedule_search/daily_outputs/FQA/FQA_2023_FQA2023_stress_grid_S0001_daily.csv
FQA,FQA,Fengqiu,2023,Leave_One_experiments\wth_generated_qc\FQA\FQA2023.WTH,normal_year;water_stress_year;nitrogen_stress_year,water_stress,FQA2023_stress_grid_S0001,top_profit_low_water,2023-07-15,196,40,35,"{""sim_day"": 40.0, ""doy"": 196.0, ""topwt"": 800.3903961181641, ""grnwt"": 0.0, ""xlai"": 1.0918583869934082, ""totir"": 0.0, ""tofer"": NaN, ""swfac"": 0.0, ""nstres"": 0.1549864411354065}",0.0,0.1549864411354065,800.3903961181641,0.0,1.0918583869934082,0.0,,0.0,0.0,0.0,0.0,20.73553924560547,20.73553924560547,Leave_One_experiments/all_year_offline_schedule_search/daily_outputs/FQA/FQA_2023_FQA2023_stress_grid_S0001_daily.csv
FQA,FQA,Fengqiu,2023,Leave_One_experiments\wth_generated_qc\FQA\FQA2023.WTH,normal_year;water_stress_year;nitrogen_stress_year,water_stress,FQA2023_stress_grid_S0001,top_profit_low_water,2023-07-16,197,41,36,"{""sim_day"": 41.0, ""doy"": 197.0, ""topwt"": 856.9955444335938, ""grnwt"": 0.0, ""xlai"": 1.120910882949829, ""totir"": 0.0, ""tofer"": NaN, ""swfac"": 0.0, ""nstres"": 0.1723065972328186}",0.0,0.1723065972328186,856.9955444335938,0.0,1.120910882949829,0.0,,0.0,0.0,0.0,0.0,20.73553924560547,20.73553924560547,Leave_One_experiments/all_year_offline_schedule_search/daily_outputs/FQA/FQA_2023_FQA2023_stress_grid_S0001_daily.csv
FQA,FQA,Fengqiu,2023,Leave_One_experiments\wth_generated_qc\FQA\FQA2023.WTH,normal_year;water_stress_year;nitrogen_stress_year,water_stress,FQA2023_stress_grid_S0001,top_profit_low_water,2023-07-17,198,42,37,"{""sim_day"": 42.0, ""doy"": 198.0, ""topwt"": 915.9322357177734, ""grnwt"": 0.0, ""xlai"": 1.1469374895095823, ""totir"": 0.0, ""tofer"": NaN, ""swfac"": 0.0, ""nstres"": 0.1872764825820922}",0.0,0.1872764825820922,915.9322357177734,0.0,1.1469374895095823,0.0,,0.0,0.0,0.0,0.0,20.73553924560547,20.73553924560547,Leave_One_experiments/all_year_offline_schedule_search/daily_outputs/FQA/FQA_2023_FQA2023_stress_grid_S0001_daily.csv
FQA,FQA,Fengqiu,2023,Leave_One_experiments\wth_generated_qc\FQA\FQA2023.WTH,normal_year;water_stress_year;nitrogen_stress_year,water_stress,FQA2023_stress_grid_S0001,top_profit_low_water,2023-07-18,199,43,38,"{""sim_day"": 43.0, ""doy"": 199.0, ""topwt"": 1049.0106201171875, ""grnwt"": 0.0, ""xlai"": 1.1704429388046265, ""totir"": 0.0, ""tofer"": NaN, ""swfac"": 0.0, ""nstres"": 0.1972832083702087}",0.0,0.1972832083702087,1049.0106201171875,0.0,1.1704429388046265,0.0,,0.0,0.0,0.0,0.0,20.73553924560547,20.73553924560547,Leave_One_experiments/all_year_offline_schedule_search/daily_outputs/FQA/FQA_2023_FQA2023_stress_grid_S0001_daily.csv
FQA,FQA,Fengqiu,2023,Leave_One_experiments\wth_generated_qc\FQA\FQA2023.WTH,normal_year;water_stress_year;nitrogen_stress_year,water_stress,FQA2023_stress_grid_S0001,top_profit_low_water,2023-07-19,200,44,39,"{""sim_day"": 44.0, ""doy"": 200.0, ""topwt"": 1187.3555755615234, ""grnwt"": 0.0, ""xlai"": 1.1903533935546875, ""totir"": 0.0, ""tofer"": NaN, ""swfac"": 0.0, ""nstres"": 0.2160586714744568}",0.0,0.2160586714744568,1187.3555755615234,0.0,1.1903533935546875,0.0,,0.0,0.0,0.0,0.0,20.73553924560547,20.73553924560547,Leave_One_experiments/all_year_offline_schedule_search/daily_outputs/FQA/FQA_2023_FQA2023_stress_grid_S0001_daily.csv
FQA,FQA,Fengqiu,2023,Leave_One_experiments\wth_generated_qc\FQA\FQA2023.WTH,normal_year;water_stress_year;nitrogen_stress_year,water_stress,FQA2023_stress_grid_S0001,top_profit_low_water,2023-07-20,201,45,40,"{""sim_day"": 45.0, ""doy"": 201.0, ""topwt"": 1282.8955078125, ""grnwt"": 0.0, ""xlai"": 1.1879055500030518, ""totir"": 0.0, ""tofer"": NaN, ""swfac"": 0.0, ""nstres"": 0.3008196353912353}",0.0,0.3008196353912353,1282.8955078125,0.0,1.1879055500030518,0.0,,0.0,0.0,0.0,0.0,20.73553924560547,20.73553924560547,Leave_One_experiments/all_year_offline_schedule_search/daily_outputs/FQA/FQA_2023_FQA2023_stress_grid_S0001_daily.csv
FQA,FQA,Fengqiu,2023,Leave_One_experiments\wth_generated_qc\FQA\FQA2023.WTH,normal_year;water_stress_year;nitrogen_stress_year,water_stress,FQA2023_stress_grid_S0001,top_profit_low_water,2023-07-21,202,46,41,"{""sim_day"": 46.0, ""doy"": 202.0, ""topwt"": 1370.010986328125, ""grnwt"": 0.0, ""xlai"": 1.1780296564102173, ""totir"": 0.0, ""tofer"": NaN, ""swfac"": 0.0, ""nstres"": 0.3646691441535949}",0.0,0.3646691441535949,1370.010986328125,0.0,1.1780296564102173,0.0,,0.0,0.0,0.0,0.0,20.73553924560547,20.73553924560547,Leave_One_experiments/all_year_offline_schedule_search/daily_outputs/FQA/FQA_2023_FQA2023_stress_grid_S0001_daily.csv
FQA,FQA,Fengqiu,2023,Leave_One_experiments\wth_generated_qc\FQA\FQA2023.WTH,normal_year;water_stress_year;nitrogen_stress_year,water_stress,FQA2023_stress_grid_S0001,top_profit_low_water,2023-07-22,203,47,42,"{""sim_day"": 47.0, ""doy"": 203.0, ""topwt"": 1466.9200134277344, ""grnwt"": 0.0, ""xlai"": 1.1686347723007202, ""totir"": 0.0, ""tofer"": NaN, ""swfac"": 0.0, ""nstres"": 0.3928107619285583}",0.0,0.3928107619285583,1466.9200134277344,0.0,1.1686347723007202,0.0,,0.0,0.0,0.0,0.0,20.73553924560547,20.73553924560547,Leave_One_experiments/all_year_offline_schedule_search/daily_outputs/FQA/FQA_2023_FQA2023_stress_grid_S0001_daily.csv
FQA,FQA,Fengqiu,2023,Leave_One_experiments\wth_generated_qc\FQA\FQA2023.WTH,normal_year;water_stress_year;nitrogen_stress_year,water_stress,FQA2023_stress_grid_S0001,top_profit_low_water,2023-07-23,204,48,43,"{""sim_day"": 48.0, ""doy"": 204.0, ""topwt"": 1561.005859375, ""grnwt"": 0.0, ""xlai"": 1.156432032585144, ""totir"": 0.0, ""tofer"": NaN, ""swfac"": 0.0, ""nstres"": 0.4110597372055053}",0.0,0.4110597372055053,1561.005859375,0.0,1.156432032585144,0.0,,0.0,0.0,0.0,0.0,20.73553924560547,20.73553924560547,Leave_One_experiments/all_year_offline_schedule_search/daily_outputs/FQA/FQA_2023_FQA2023_stress_grid_S0001_daily.csv
FQA,FQA,Fengqiu,2023,Leave_One_experiments\wth_generated_qc\FQA\FQA2023.WTH,normal_year;water_stress_year;nitrogen_stress_year,water_stress,FQA2023_stress_grid_S0001,top_profit_low_water,2023-07-24,205,49,44,"{""sim_day"": 49.0, ""doy"": 205.0, ""topwt"": 1637.5408935546875, ""grnwt"": 0.0, ""xlai"": 1.1377564668655396, ""totir"": 0.0, ""tofer"": NaN, ""swfac"": 0.0, ""nstres"": 0.4300553202629089}",0.0,0.4300553202629089,1637.5408935546875,0.0,1.1377564668655396,0.0,,0.0,0.0,0.0,0.0,20.73553924560547,20.73553924560547,Leave_One_experiments/all_year_offline_schedule_search/daily_outputs/FQA/FQA_2023_FQA2023_stress_grid_S0001_daily.csv
FQA,FQA,Fengqiu,2023,Leave_One_experiments\wth_generated_qc\FQA\FQA2023.WTH,normal_year;water_stress_year;nitrogen_stress_year,water_stress,FQA2023_stress_grid_S0001,top_profit_low_water,2023-07-25,206,50,45,"{""sim_day"": 50.0, ""doy"": 206.0, ""topwt"": 1725.028839111328, ""grnwt"": 0.0, ""xlai"": 1.1212985515594482, ""totir"": 0.0, ""tofer"": NaN, ""swfac"": 0.0, ""nstres"": 0.440994918346405}",0.0,0.440994918346405,1725.028839111328,0.0,1.1212985515594482,0.0,,0.0,0.0,0.0,0.0,20.73553924560547,20.73553924560547,Leave_One_experiments/all_year_offline_schedule_search/daily_outputs/FQA/FQA_2023_FQA2023_stress_grid_S0001_daily.csv
FQA,FQA,Fengqiu,2023,Leave_One_experiments\wth_generated_qc\FQA\FQA2023.WTH,normal_year;water_stress_year;nitrogen_stress_year,water_stress,FQA2023_stress_grid_S0001,top_profit_low_water,2023-07-26,207,51,46,"{""sim_day"": 51.0, ""doy"": 207.0, ""topwt"": 1801.8006896972656, ""grnwt"": 0.0, ""xlai"": 1.101656436920166, ""totir"": 0.0, ""tofer"": NaN, ""swfac"": 0.0, ""nstres"": 0.4447977542877197}",0.0,0.4447977542877197,1801.8006896972656,0.0,1.101656436920166,0.0,,0.0,0.0,0.0,0.0,20.73553924560547,20.73553924560547,Leave_One_experiments/all_year_offline_schedule_search/daily_outputs/FQA/FQA_2023_FQA2023_stress_grid_S0001_daily.csv
FQA,FQA,Fengqiu,2023,Leave_One_experiments\wth_generated_qc\FQA\FQA2023.WTH,normal_year;water_stress_year;nitrogen_stress_year,water_stress,FQA2023_stress_grid_S0001,top_profit_low_water,2023-07-27,208,52,47,"{""sim_day"": 52.0, ""doy"": 208.0, ""topwt"": 1878.130645751953, ""grnwt"": 0.0, ""xlai"": 1.081679105758667, ""totir"": 0.0, ""tofer"": NaN, ""swfac"": 0.0, ""nstres"": 0.4509420990943908}",0.0,0.4509420990943908,1878.130645751953,0.0,1.081679105758667,0.0,,0.0,0.0,0.0,0.0,20.73553924560547,20.73553924560547,Leave_One_experiments/all_year_offline_schedule_search/daily_outputs/FQA/FQA_2023_FQA2023_stress_grid_S0001_daily.csv
FQA,FQA,Fengqiu,2023,Leave_One_experiments\wth_generated_qc\FQA\FQA2023.WTH,normal_year;water_stress_year;nitrogen_stress_year,water_stress,FQA2023_stress_grid_S0001,top_profit_low_water,2023-07-28,209,53,48,"{""sim_day"": 53.0, ""doy"": 209.0, ""topwt"": 1914.6806335449216, ""grnwt"": 0.0, ""xlai"": 1.0522440671920776, ""totir"": 0.0, ""tofer"": NaN, ""swfac"": 0.0, ""nstres"": 0.4527847170829773}",0.0,0.4527847170829773,1914.6806335449216,0.0,1.0522440671920776,0.0,,0.0,0.0,0.0,0.0,20.73553924560547,20.73553924560547,Leave_One_experiments/all_year_offline_schedule_search/daily_outputs/FQA/FQA_2023_FQA2023_stress_grid_S0001_daily.csv
FQA,FQA,Fengqiu,2023,Leave_One_experiments\wth_generated_qc\FQA\FQA2023.WTH,normal_year;water_stress_year;nitrogen_stress_year,water_stress,FQA2023_stress_grid_S0001,top_profit_low_water,2023-07-29,210,54,49,"{""sim_day"": 54.0, ""doy"": 210.0, ""topwt"": 1980.181884765625, ""grnwt"": 0.0, ""xlai"": 1.0309606790542605, ""totir"": 0.0, ""tofer"": NaN, ""swfac"": 0.0, ""nstres"": 0.4576528668403625}",0.0,0.4576528668403625,1980.181884765625,0.0,1.0309606790542605,0.0,,0.0,0.0,0.0,0.0,20.73553924560547,20.73553924560547,Leave_One_experiments/all_year_offline_schedule_search/daily_outputs/FQA/FQA_2023_FQA2023_stress_grid_S0001_daily.csv
FQA,FQA,Fengqiu,2023,Leave_One_experiments\wth_generated_qc\FQA\FQA2023.WTH,normal_year;water_stress_year;nitrogen_stress_year,water_stress,FQA2023_stress_grid_S0001,top_profit_low_water,2023-07-30,211,55,50,"{""sim_day"": 55.0, ""doy"": 211.0, ""topwt"": 2051.2472534179688, ""grnwt"": 0.0, ""xlai"": 1.0120646953582764, ""totir"": 0.0, ""tofer"": NaN, ""swfac"": 0.0, ""nstres"": 0.4523619413375854}",0.0,0.4523619413375854,2051.2472534179688,0.0,1.0120646953582764,0.0,,0.0,0.0,0.0,0.0,20.73553924560547,20.73553924560547,Leave_One_experiments/all_year_offline_schedule_search/daily_outputs/FQA/FQA_2023_FQA2023_stress_grid_S0001_daily.csv
FQA,FQA,Fengqiu,2023,Leave_One_experiments\wth_generated_qc\FQA\FQA2023.WTH,normal_year;water_stress_year;nitrogen_stress_year,water_stress,FQA2023_stress_grid_S0001,top_profit_low_water,2023-07-31,212,56,51,"{""sim_day"": 56.0, ""doy"": 212.0, ""topwt"": 2128.6154174804688, ""grnwt"": 0.0, ""xlai"": 0.995339035987854, ""totir"": 0.0, ""tofer"": NaN, ""swfac"": 0.0, ""nstres"": 0.4542388319969177}",0.0,0.4542388319969177,2128.6154174804688,0.0,0.995339035987854,0.0,,0.0,0.0,0.0,0.0,20.73553924560547,20.73553924560547,Leave_One_experiments/all_year_offline_schedule_search/daily_outputs/FQA/FQA_2023_FQA2023_stress_grid_S0001_daily.csv
FQA,FQA,Fengqiu,2023,Leave_One_experiments\wth_generated_qc\FQA\FQA2023.WTH,normal_year;water_stress_year;nitrogen_stress_year,water_stress,FQA2023_stress_grid_S0001,top_profit_low_water,2023-08-01,213,57,52,"{""sim_day"": 57.0, ""doy"": 213.0, ""topwt"": 2202.798309326172, ""grnwt"": 0.0, ""xlai"": 0.9782522916793824, ""totir"": 0.0, ""tofer"": NaN, ""swfac"": 0.0, ""nstres"": 0.4575143456459045}",0.0,0.4575143456459045,2202.798309326172,0.0,0.9782522916793824,0.0,,0.0,0.0,0.0,0.0,20.73553924560547,20.73553924560547,Leave_One_experiments/all_year_offline_schedule_search/daily_outputs/FQA/FQA_2023_FQA2023_stress_grid_S0001_daily.csv
FQA,FQA,Fengqiu,2023,Leave_One_experiments\wth_generated_qc\FQA\FQA2023.WTH,normal_year;water_stress_year;nitrogen_stress_year,water_stress,FQA2023_stress_grid_S0001,top_profit_low_water,2023-08-02,214,58,53,"{""sim_day"": 58.0, ""doy"": 214.0, ""topwt"": 2281.9384765625, ""grnwt"": 0.0, ""xlai"": 0.9630246758461, ""totir"": 0.0, ""tofer"": NaN, ""swfac"": 0.0, ""nstres"": 0.4572388529777527}",0.0,0.4572388529777527,2281.9384765625,0.0,0.9630246758461,0.0,,0.0,0.0,0.0,0.0,20.73553924560547,20.73553924560547,Leave_One_experiments/all_year_offline_schedule_search/daily_outputs/FQA/FQA_2023_FQA2023_stress_grid_S0001_daily.csv
FQA,FQA,Fengqiu,2023,Leave_One_experiments\wth_generated_qc\FQA\FQA2023.WTH,normal_year;water_stress_year;nitrogen_stress_year,water_stress,FQA2023_stress_grid_S0001,top_profit_low_water,2023-08-03,215,59,54,"{""sim_day"": 59.0, ""doy"": 215.0, ""topwt"": 2364.424591064453, ""grnwt"": 0.0, ""xlai"": 0.9494523406028748, ""totir"": 0.0, ""tofer"": NaN, ""swfac"": 0.0, ""nstres"": 0.4503560662269592}",0.0,0.4503560662269592,2364.424591064453,0.0,0.9494523406028748,0.0,,0.0,0.0,0.0,0.0,20.73553924560547,20.73553924560547,Leave_One_experiments/all_year_offline_schedule_search/daily_outputs/FQA/FQA_2023_FQA2023_stress_grid_S0001_daily.csv
FQA,FQA,Fengqiu,2023,Leave_One_experiments\wth_generated_qc\FQA\FQA2023.WTH,normal_year;water_stress_year;nitrogen_stress_year,water_stress,FQA2023_stress_grid_S0001,top_profit_low_water,2023-08-04,216,60,55,"{""sim_day"": 60.0, ""doy"": 216.0, ""topwt"": 2433.1321716308594, ""grnwt"": 0.0, ""xlai"": 0.9162339568138124, ""totir"": 0.0, ""tofer"": NaN, ""swfac"": 0.0, ""nstres"": 0.439687430858612}",0.0,0.439687430858612,2433.1321716308594,0.0,0.9162339568138124,0.0,,0.0,0.0,0.0,0.0,20.73553924560547,20.73553924560547,Leave_One_experiments/all_year_offline_schedule_search/daily_outputs/FQA/FQA_2023_FQA2023_stress_grid_S0001_daily.csv
FQA,FQA,Fengqiu,2023,Leave_One_experiments\wth_generated_qc\FQA\FQA2023.WTH,normal_year;water_stress_year;nitrogen_stress_year,water_stress,FQA2023_stress_grid_S0001,top_profit_low_water,2023-08-05,217,61,56,"{""sim_day"": 61.0, ""doy"": 217.0, ""topwt"": 2520.0613403320312, ""grnwt"": 0.0, ""xlai"": 0.8847721219062805, ""totir"": 0.0, ""tofer"": NaN, ""swfac"": 0.0, ""nstres"": 0.4241150617599487}",0.0,0.4241150617599487,2520.0613403320312,0.0,0.8847721219062805,0.0,,0.0,0.0,0.0,0.0,20.73553924560547,20.73553924560547,Leave_One_experiments/all_year_offline_schedule_search/daily_outputs/FQA/FQA_2023_FQA2023_stress_grid_S0001_daily.csv
FQA,FQA,Fengqiu,2023,Leave_One_experiments\wth_generated_qc\FQA\FQA2023.WTH,normal_year;water_stress_year;nitrogen_stress_year,water_stress,FQA2023_stress_grid_S0001,top_profit_low_water,2023-08-06,218,62,57,"{""sim_day"": 62.0, ""doy"": 218.0, ""topwt"": 2636.488647460937, ""grnwt"": 0.0, ""xlai"": 0.854576051235199, ""totir"": 0.0, ""tofer"": NaN, ""swfac"": 0.0, ""nstres"": 0.4190881252288818}",0.0,0.4190881252288818,2636.488647460937,0.0,0.854576051235199,0.0,,0.0,0.0,0.0,0.0,20.73553924560547,20.73553924560547,Leave_One_experiments/all_year_offline_schedule_search/daily_outputs/FQA/FQA_2023_FQA2023_stress_grid_S0001_daily.csv
FQA,FQA,Fengqiu,2023,Leave_One_experiments\wth_generated_qc\FQA\FQA2023.WTH,normal_year;water_stress_year;nitrogen_stress_year,water_stress,FQA2023_stress_grid_S0001,top_profit_low_water,2023-08-07,219,63,58,"{""sim_day"": 63.0, ""doy"": 219.0, ""topwt"": 2715.8990478515625, ""grnwt"": 0.0, ""xlai"": 0.8255336880683899, ""totir"": 0.0, ""tofer"": NaN, ""swfac"": 0.0, ""nstres"": 0.4156281948089599}",0.0,0.4156281948089599,2715.8990478515625,0.0,0.8255336880683899,0.0,,0.0,0.0,0.0,0.0,20.73553924560547,20.73553924560547,Leave_One_experiments/all_year_offline_schedule_search/daily_outputs/FQA/FQA_2023_FQA2023_stress_grid_S0001_daily.csv
FQA,FQA,Fengqiu,2023,Leave_One_experiments\wth_generated_qc\FQA\FQA2023.WTH,normal_year;water_stress_year;nitrogen_stress_year,water_stress,FQA2023_stress_grid_S0001,top_profit_low_water,2023-08-08,220,64,59,"{""sim_day"": 64.0, ""doy"": 220.0, ""topwt"": 2802.279663085937, ""grnwt"": 0.0, ""xlai"": 0.7974933385848999, ""totir"": 0.0, ""tofer"": NaN, ""swfac"": 0.0, ""nstres"": 0.4151918292045593}",0.0,0.4151918292045593,2802.279663085937,0.0,0.7974933385848999,0.0,,0.0,0.0,0.0,0.0,20.73553924560547,20.73553924560547,Leave_One_experiments/all_year_offline_schedule_search/daily_outputs/FQA/FQA_2023_FQA2023_stress_grid_S0001_daily.csv
FQA,FQA,Fengqiu,2023,Leave_One_experiments\wth_generated_qc\FQA\FQA2023.WTH,normal_year;water_stress_year;nitrogen_stress_year,water_stress,FQA2023_stress_grid_S0001,top_profit_low_water,2023-08-09,221,65,60,"{""sim_day"": 65.0, ""doy"": 221.0, ""topwt"": 2895.0045776367188, ""grnwt"": 0.0, ""xlai"": 0.7708084583282471, ""totir"": 0.0, ""tofer"": NaN, ""swfac"": 0.0, ""nstres"": 0.4030632972717285}",0.0,0.4030632972717285,2895.0045776367188,0.0,0.7708084583282471,0.0,,0.0,0.0,0.0,0.0,20.73553924560547,20.73553924560547,Leave_One_experiments/all_year_offline_schedule_search/daily_outputs/FQA/FQA_2023_FQA2023_stress_grid_S0001_daily.csv
FQA,FQA,Fengqiu,2023,Leave_One_experiments\wth_generated_qc\FQA\FQA2023.WTH,normal_year;water_stress_year;nitrogen_stress_year,water_stress,FQA2023_stress_grid_S0001,top_profit_low_water,2023-08-10,222,66,61,"{""sim_day"": 66.0, ""doy"": 222.0, ""topwt"": 2980.0173950195312, ""grnwt"": 0.0, ""xlai"": 0.7453633546829224, ""totir"": 0.0, ""tofer"": NaN, ""swfac"": 0.0, ""nstres"": 0.3922613859176636}",0.0,0.3922613859176636,2980.0173950195312,0.0,0.7453633546829224,0.0,,0.0,0.0,0.0,0.0,20.73553924560547,20.73553924560547,Leave_One_experiments/all_year_offline_schedule_search/daily_outputs/FQA/FQA_2023_FQA2023_stress_grid_S0001_daily.csv
FQA,FQA,Fengqiu,2023,Leave_One_experiments\wth_generated_qc\FQA\FQA2023.WTH,normal_year;water_stress_year;nitrogen_stress_year,water_stress,FQA2023_stress_grid_S0001,top_profit_low_water,2023-08-11,223,67,62,"{""sim_day"": 67.0, ""doy"": 223.0, ""topwt"": 2982.329406738281, ""grnwt"": 0.0, ""xlai"": 0.7210309505462646, ""totir"": 0.0, ""tofer"": NaN, ""swfac"": 0.0, ""nstres"": 0.3834813833236694}",0.0,0.3834813833236694,2982.329406738281,0.0,0.7210309505462646,0.0,,0.0,0.0,0.0,0.0,20.73553924560547,20.73553924560547,Leave_One_experiments/all_year_offline_schedule_search/daily_outputs/FQA/FQA_2023_FQA2023_stress_grid_S0001_daily.csv
FQA,FQA,Fengqiu,2023,Leave_One_experiments\wth_generated_qc\FQA\FQA2023.WTH,normal_year;water_stress_year;nitrogen_stress_year,water_stress,FQA2023_stress_grid_S0001,top_profit_low_water,2023-08-12,224,68,63,"{""sim_day"": 68.0, ""doy"": 224.0, ""topwt"": 3069.593811035156, ""grnwt"": 0.0, ""xlai"": 0.6978643536567688, ""totir"": 0.0, ""tofer"": NaN, ""swfac"": 0.0, ""nstres"": 0.3711166381835937}",0.0,0.3711166381835937,3069.593811035156,0.0,0.6978643536567688,0.0,,0.0,0.0,0.0,0.0,20.73553924560547,20.73553924560547,Leave_One_experiments/all_year_offline_schedule_search/daily_outputs/FQA/FQA_2023_FQA2023_stress_grid_S0001_daily.csv
FQA,FQA,Fengqiu,2023,Leave_One_experiments\wth_generated_qc\FQA\FQA2023.WTH,normal_year;water_stress_year;nitrogen_stress_year,water_stress,FQA2023_stress_grid_S0001,top_profit_low_water,2023-08-13,225,69,64,"{""sim_day"": 69.0, ""doy"": 225.0, ""topwt"": 3200.0885009765625, ""grnwt"": 206.3579368591309, ""xlai"": 0.6763737201690674, ""totir"": 0.0, ""tofer"": NaN, ""swfac"": 0.0, ""nstres"": 0.33907550573349}",0.0,0.33907550573349,3200.0885009765625,206.3579368591309,0.6763737201690674,0.0,,0.0,0.0,0.0,0.0,20.73553924560547,20.73553924560547,Leave_One_experiments/all_year_offline_schedule_search/daily_outputs/FQA/FQA_2023_FQA2023_stress_grid_S0001_daily.csv
FQA,FQA,Fengqiu,2023,Leave_One_experiments\wth_generated_qc\FQA\FQA2023.WTH,normal_year;water_stress_year;nitrogen_stress_year,water_stress,FQA2023_stress_grid_S0001,top_profit_low_water,2023-08-14,226,70,65,"{""sim_day"": 70.0, ""doy"": 226.0, ""topwt"": 3286.0824584960938, ""grnwt"": 277.7355194091797, ""xlai"": 0.6536998152732849, ""totir"": 0.0, ""tofer"": NaN, ""swfac"": 0.0, ""nstres"": 0.4045448303222656}",0.0,0.4045448303222656,3286.0824584960938,277.7355194091797,0.6536998152732849,0.0,,0.0,0.0,0.0,0.0,20.73553924560547,20.73553924560547,Leave_One_experiments/all_year_offline_schedule_search/daily_outputs/FQA/FQA_2023_FQA2023_stress_grid_S0001_daily.csv
FQA,FQA,Fengqiu,2023,Leave_One_experiments\wth_generated_qc\FQA\FQA2023.WTH,normal_year;water_stress_year;nitrogen_stress_year,water_stress,FQA2023_stress_grid_S0001,top_profit_low_water,2023-08-15,227,71,66,"{""sim_day"": 71.0, ""doy"": 227.0, ""topwt"": 3381.25244140625, ""grnwt"": 348.5958480834961, ""xlai"": 0.6327109932899475, ""totir"": 0.0, ""tofer"": NaN, ""swfac"": 0.0, ""nstres"": 0.3705818653106689}",0.0,0.3705818653106689,3381.25244140625,348.5958480834961,0.6327109932899475,0.0,,0.0,0.0,0.0,0.0,20.73553924560547,20.73553924560547,Leave_One_experiments/all_year_offline_schedule_search/daily_outputs/FQA/FQA_2023_FQA2023_stress_grid_S0001_daily.csv
FQA,FQA,Fengqiu,2023,Leave_One_experiments\wth_generated_qc\FQA\FQA2023.WTH,normal_year;water_stress_year;nitrogen_stress_year,water_stress,FQA2023_stress_grid_S0001,top_profit_low_water,2023-08-16,228,72,67,"{""sim_day"": 72.0, ""doy"": 228.0, ""topwt"": 3466.801147460937, ""grnwt"": 413.2494354248047, ""xlai"": 0.6124595403671265, ""totir"": 0.0, ""tofer"": NaN, ""swfac"": 0.0, ""nstres"": 0.3681795001029968}",0.0,0.3681795001029968,3466.801147460937,413.2494354248047,0.6124595403671265,0.0,,0.0,0.0,0.0,0.0,20.73553924560547,20.73553924560547,Leave_One_experiments/all_year_offline_schedule_search/daily_outputs/FQA/FQA_2023_FQA2023_stress_grid_S0001_daily.csv
FQA,FQA,Fengqiu,2023,Leave_One_experiments\wth_generated_qc\FQA\FQA2023.WTH,normal_year;water_stress_year;nitrogen_stress_year,water_stress,FQA2023_stress_grid_S0001,top_profit_low_water,2023-08-17,229,73,68,"{""sim_day"": 73.0, ""doy"": 229.0, ""topwt"": 3531.2353515625, ""grnwt"": 465.48954010009766, ""xlai"": 0.5928823351860046, ""totir"": 0.0, ""tofer"": NaN, ""swfac"": 0.0, ""nstres"": 0.3671584725379944}",0.0,0.3671584725379944,3531.2353515625,465.48954010009766,0.5928823351860046,0.0,,0.0,0.0,0.0,0.0,20.73553924560547,20.73553924560547,Leave_One_experiments/all_year_offline_schedule_search/daily_outputs/FQA/FQA_2023_FQA2023_stress_grid_S0001_daily.csv
FQA,FQA,Fengqiu,2023,Leave_One_experiments\wth_generated_qc\FQA\FQA2023.WTH,normal_year;water_stress_year;nitrogen_stress_year,water_stress,FQA2023_stress_grid_S0001,top_profit_low_water,2023-08-18,230,74,69,"{""sim_day"": 74.0, ""doy"": 230.0, ""topwt"": 3591.152648925781, ""grnwt"": 532.212028503418, ""xlai"": 0.5740800499916077, ""totir"": 0.0, ""tofer"": NaN, ""swfac"": 0.0, ""nstres"": 0.3611190319061279}",0.0,0.3611190319061279,3591.152648925781,532.212028503418,0.5740800499916077,0.0,,0.0,0.0,0.0,0.0,20.73553924560547,20.73553924560547,Leave_One_experiments/all_year_offline_schedule_search/daily_outputs/FQA/FQA_2023_FQA2023_stress_grid_S0001_daily.csv
FQA,FQA,Fengqiu,2023,Leave_One_experiments\wth_generated_qc\FQA\FQA2023.WTH,normal_year;water_stress_year;nitrogen_stress_year,water_stress,FQA2023_stress_grid_S0001,top_profit_low_water,2023-08-19,231,75,70,"{""sim_day"": 75.0, ""doy"": 231.0, ""topwt"": 3633.315734863281, ""grnwt"": 608.24462890625, ""xlai"": 0.5559319257736206, ""totir"": 0.0, ""tofer"": NaN, ""swfac"": 0.0, ""nstres"": 0.3587012887001037}",0.0,0.3587012887001037,3633.315734863281,608.24462890625,0.5559319257736206,0.0,,0.0,0.0,0.0,0.0,20.73553924560547,20.73553924560547,Leave_One_experiments/all_year_offline_schedule_search/daily_outputs/FQA/FQA_2023_FQA2023_stress_grid_S0001_daily.csv
FQA,FQA,Fengqiu,2023,Leave_One_experiments\wth_generated_qc\FQA\FQA2023.WTH,normal_year;water_stress_year;nitrogen_stress_year,water_stress,FQA2023_stress_grid_S0001,top_profit_low_water,2023-08-20,232,76,71,"{""sim_day"": 76.0, ""doy"": 232.0, ""topwt"": 3710.0582885742183, ""grnwt"": 680.6566619873047, ""xlai"": 0.5384814143180847, ""totir"": 0.0, ""tofer"": NaN, ""swfac"": 0.0, ""nstres"": 0.3533484935760498}",0.0,0.3533484935760498,3710.0582885742183,680.6566619873047,0.5384814143180847,0.0,,0.0,0.0,0.0,0.0,20.73553924560547,20.73553924560547,Leave_One_experiments/all_year_offline_schedule_search/daily_outputs/FQA/FQA_2023_FQA2023_stress_grid_S0001_daily.csv
FQA,FQA,Fengqiu,2023,Leave_One_experiments\wth_generated_qc\FQA\FQA2023.WTH,normal_year;water_stress_year;nitrogen_stress_year,water_stress,FQA2023_stress_grid_S0001,top_profit_low_water,2023-08-21,233,77,72,"{""sim_day"": 77.0, ""doy"": 233.0, ""topwt"": 3803.882751464844, ""grnwt"": 762.3788452148438, ""xlai"": 0.5220289826393127, ""totir"": 0.0, ""tofer"": NaN, ""swfac"": 0.0, ""nstres"": 0.3332805037498474}",0.0,0.3332805037498474,3803.882751464844,762.3788452148438,0.5220289826393127,0.0,,0.0,0.0,0.0,0.0,20.73553924560547,20.73553924560547,Leave_One_experiments/all_year_offline_schedule_search/daily_outputs/FQA/FQA_2023_FQA2023_stress_grid_S0001_daily.csv
FQA,FQA,Fengqiu,2023,Leave_One_experiments\wth_generated_qc\FQA\FQA2023.WTH,normal_year;water_stress_year;nitrogen_stress_year,water_stress,FQA2023_stress_grid_S0001,top_profit_low_water,2023-08-22,234,78,73,"{""sim_day"": 78.0, ""doy"": 234.0, ""topwt"": 3893.0831909179688, ""grnwt"": 845.1354217529297, ""xlai"": 0.5059649348258972, ""totir"": 0.0, ""tofer"": NaN, ""swfac"": 0.0, ""nstres"": 0.3385390043258667}",0.0,0.3385390043258667,3893.0831909179688,845.1354217529297,0.5059649348258972,0.0,,0.0,0.0,0.0,0.0,20.73553924560547,20.73553924560547,Leave_One_experiments/all_year_offline_schedule_search/daily_outputs/FQA/FQA_2023_FQA2023_stress_grid_S0001_daily.csv
FQA,FQA,Fengqiu,2023,Leave_One_experiments\wth_generated_qc\FQA\FQA2023.WTH,normal_year;water_stress_year;nitrogen_stress_year,water_stress,FQA2023_stress_grid_S0001,top_profit_low_water,2023-08-23,235,79,74,"{""sim_day"": 79.0, ""doy"": 235.0, ""topwt"": 3982.3004150390634, ""grnwt"": 927.8919982910156, ""xlai"": 0.4902209937572479, ""totir"": 0.0, ""tofer"": NaN, ""swfac"": 0.0, ""nstres"": 0.3467979431152344}",0.0,0.3467979431152344,3982.3004150390634,927.8919982910156,0.4902209937572479,0.0,,0.0,0.0,0.0,0.0,20.73553924560547,20.73553924560547,Leave_One_experiments/all_year_offline_schedule_search/daily_outputs/FQA/FQA_2023_FQA2023_stress_grid_S0001_daily.csv
FQA,FQA,Fengqiu,2023,Leave_One_experiments\wth_generated_qc\FQA\FQA2023.WTH,normal_year;water_stress_year;nitrogen_stress_year,water_stress,FQA2023_stress_grid_S0001,top_profit_low_water,2023-08-24,236,80,75,"{""sim_day"": 80.0, ""doy"": 236.0, ""topwt"": 4056.01806640625, ""grnwt"": 1010.6485748291016, ""xlai"": 0.4748207926750183, ""totir"": 0.0, ""tofer"": NaN, ""swfac"": 0.0, ""nstres"": 0.3539549112319946}",0.0,0.3539549112319946,4056.01806640625,1010.6485748291016,0.4748207926750183,0.0,,0.0,0.0,0.0,0.0,20.73553924560547,20.73553924560547,Leave_One_experiments/all_year_offline_schedule_search/daily_outputs/FQA/FQA_2023_FQA2023_stress_grid_S0001_daily.csv
FQA,FQA,Fengqiu,2023,Leave_One_experiments\wth_generated_qc\FQA\FQA2023.WTH,normal_year;water_stress_year;nitrogen_stress_year,water_stress,FQA2023_stress_grid_S0001,top_profit_low_water,2023-08-25,237,81,76,"{""sim_day"": 81.0, ""doy"": 237.0, ""topwt"": 4064.6554565429688, ""grnwt"": 1093.4051513671875, ""xlai"": 0.4596988260746002, ""totir"": 0.0, ""tofer"": NaN, ""swfac"": 0.0, ""nstres"": 0.3643441200256347}",0.0,0.3643441200256347,4064.6554565429688,1093.4051513671875,0.4596988260746002,0.0,,0.0,0.0,0.0,0.0,20.73553924560547,20.73553924560547,Leave_One_experiments/all_year_offline_schedule_search/daily_outputs/FQA/FQA_2023_FQA2023_stress_grid_S0001_daily.csv
FQA,FQA,Fengqiu,2023,Leave_One_experiments\wth_generated_qc\FQA\FQA2023.WTH,normal_year;water_stress_year;nitrogen_stress_year,water_stress,FQA2023_stress_grid_S0001,top_profit_low_water,2023-08-26,238,82,77,"{""sim_day"": 82.0, ""doy"": 238.0, ""topwt"": 4077.404174804688, ""grnwt"": 1176.1617279052734, ""xlai"": 0.445021778345108, ""totir"": 0.0, ""tofer"": NaN, ""swfac"": 0.0, ""nstres"": 0.3662590980529785}",0.0,0.3662590980529785,4077.404174804688,1176.1617279052734,0.445021778345108,0.0,,0.0,0.0,0.0,0.0,20.73553924560547,20.73553924560547,Leave_One_experiments/all_year_offline_schedule_search/daily_outputs/FQA/FQA_2023_FQA2023_stress_grid_S0001_daily.csv
FQA,FQA,Fengqiu,2023,Leave_One_experiments\wth_generated_qc\FQA\FQA2023.WTH,normal_year;water_stress_year;nitrogen_stress_year,water_stress,FQA2023_stress_grid_S0001,top_profit_low_water,2023-08-27,239,83,78,"{""sim_day"": 83.0, ""doy"": 239.0, ""topwt"": 4160.6646728515625, ""grnwt"": 1258.9183044433594, ""xlai"": 0.4313018321990967, ""totir"": 0.0, ""tofer"": NaN, ""swfac"": 0.0, ""nstres"": 0.3399157524108886}",0.0,0.3399157524108886,4160.6646728515625,1258.9183044433594,0.4313018321990967,0.0,,0.0,0.0,0.0,0.0,20.73553924560547,20.73553924560547,Leave_One_experiments/all_year_offline_schedule_search/daily_outputs/FQA/FQA_2023_FQA2023_stress_grid_S0001_daily.csv
FQA,FQA,Fengqiu,2023,Leave_One_experiments\wth_generated_qc\FQA\FQA2023.WTH,normal_year;water_stress_year;nitrogen_stress_year,water_stress,FQA2023_stress_grid_S0001,top_profit_low_water,2023-08-28,240,84,79,"{""sim_day"": 84.0, ""doy"": 240.0, ""topwt"": 4220.876770019531, ""grnwt"": 1341.6749572753906, ""xlai"": 0.418120801448822, ""totir"": 0.0, ""tofer"": NaN, ""swfac"": 0.0, ""nstres"": 0.3334642648696899}",0.0,0.3334642648696899,4220.876770019531,1341.6749572753906,0.418120801448822,0.0,,0.0,0.0,0.0,0.0,20.73553924560547,20.73553924560547,Leave_One_experiments/all_year_offline_schedule_search/daily_outputs/FQA/FQA_2023_FQA2023_stress_grid_S0001_daily.csv
FQA,FQA,Fengqiu,2023,Leave_One_experiments\wth_generated_qc\FQA\FQA2023.WTH,normal_year;water_stress_year;nitrogen_stress_year,water_stress,FQA2023_stress_grid_S0001,top_profit_low_water,2023-08-29,241,85,80,"{""sim_day"": 85.0, ""doy"": 241.0, ""topwt"": 4298.618469238281, ""grnwt"": 1424.431610107422, ""xlai"": 0.4049920737743377, ""totir"": 0.0, ""tofer"": NaN, ""swfac"": 0.0, ""nstres"": 0.3535861372947693}",0.0,0.3535861372947693,4298.618469238281,1424.431610107422,0.4049920737743377,0.0,,0.0,0.0,0.0,0.0,20.73553924560547,20.73553924560547,Leave_One_experiments/all_year_offline_schedule_search/daily_outputs/FQA/FQA_2023_FQA2023_stress_grid_S0001_daily.csv
FQA,FQA,Fengqiu,2023,Leave_One_experiments\wth_generated_qc\FQA\FQA2023.WTH,normal_year;water_stress_year;nitrogen_stress_year,water_stress,FQA2023_stress_grid_S0001,top_profit_low_water,2023-08-30,242,86,81,"{""sim_day"": 86.0, ""doy"": 242.0, ""topwt"": 4373.091125488281, ""grnwt"": 1507.1882629394531, ""xlai"": 0.3920628726482391, ""totir"": 0.0, ""tofer"": NaN, ""swfac"": 0.0, ""nstres"": 0.3661898374557495}",0.0,0.3661898374557495,4373.091125488281,1507.1882629394531,0.3920628726482391,0.0,,0.0,0.0,0.0,0.0,20.73553924560547,20.73553924560547,Leave_One_experiments/all_year_offline_schedule_search/daily_outputs/FQA/FQA_2023_FQA2023_stress_grid_S0001_daily.csv
FQA,FQA,Fengqiu,2023,Leave_One_experiments\wth_generated_qc\FQA\FQA2023.WTH,normal_year;water_stress_year;nitrogen_stress_year,water_stress,FQA2023_stress_grid_S0001,top_profit_low_water,2023-08-31,243,87,82,"{""sim_day"": 87.0, ""doy"": 243.0, ""topwt"": 4425.04150390625, ""grnwt"": 1589.9449157714844, ""xlai"": 0.3792161047458648, ""totir"": 0.0, ""tofer"": NaN, ""swfac"": 0.0, ""nstres"": 0.3864122033119201}",0.0,0.3864122033119201,4425.04150390625,1589.9449157714844,0.3792161047458648,0.0,,0.0,0.0,0.0,0.0,20.73553924560547,20.73553924560547,Leave_One_experiments/all_year_offline_schedule_search/daily_outputs/FQA/FQA_2023_FQA2023_stress_grid_S0001_daily.csv
FQA,FQA,Fengqiu,2023,Leave_One_experiments\wth_generated_qc\FQA\FQA2023.WTH,normal_year;water_stress_year;nitrogen_stress_year,water_stress,FQA2023_stress_grid_S0001,top_profit_low_water,2023-09-01,244,88,83,"{""sim_day"": 88.0, ""doy"": 244.0, ""topwt"": 4468.960266113281, ""grnwt"": 1672.7015686035156, ""xlai"": 0.3665397465229034, ""totir"": 0.0, ""tofer"": NaN, ""swfac"": 0.0, ""nstres"": 0.4022643566131592}",0.0,0.4022643566131592,4468.960266113281,1672.7015686035156,0.3665397465229034,0.0,,0.0,0.0,0.0,0.0,20.73553924560547,20.73553924560547,Leave_One_experiments/all_year_offline_schedule_search/daily_outputs/FQA/FQA_2023_FQA2023_stress_grid_S0001_daily.csv
FQA,FQA,Fengqiu,2023,Leave_One_experiments\wth_generated_qc\FQA\FQA2023.WTH,normal_year;water_stress_year;nitrogen_stress_year,water_stress,FQA2023_stress_grid_S0001,top_profit_low_water,2023-09-02,245,89,84,"{""sim_day"": 89.0, ""doy"": 245.0, ""topwt"": 4507.457885742188, ""grnwt"": 1753.9064025878906, ""xlai"": 0.3543802499771118, ""totir"": 0.0, ""tofer"": NaN, ""swfac"": 0.0, ""nstres"": 0.3961697220802307}",0.0,0.3961697220802307,4507.457885742188,1753.9064025878906,0.3543802499771118,0.0,,0.0,0.0,0.0,0.0,20.73553924560547,20.73553924560547,Leave_One_experiments/all_year_offline_schedule_search/daily_outputs/FQA/FQA_2023_FQA2023_stress_grid_S0001_daily.csv
FQA,FQA,Fengqiu,2023,Leave_One_experiments\wth_generated_qc\FQA\FQA2023.WTH,normal_year;water_stress_year;nitrogen_stress_year,water_stress,FQA2023_stress_grid_S0001,top_profit_low_water,2023-09-03,246,90,85,"{""sim_day"": 90.0, ""doy"": 246.0, ""topwt"": 4563.492126464844, ""grnwt"": 1825.283966064453, ""xlai"": 0.342778205871582, ""totir"": 0.0, ""tofer"": NaN, ""swfac"": 0.0, ""nstres"": 0.385736346244812}",0.0,0.385736346244812,4563.492126464844,1825.283966064453,0.342778205871582,0.0,,0.0,0.0,0.0,0.0,20.73553924560547,20.73553924560547,Leave_One_experiments/all_year_offline_schedule_search/daily_outputs/FQA/FQA_2023_FQA2023_stress_grid_S0001_daily.csv
FQA,FQA,Fengqiu,2023,Leave_One_experiments\wth_generated_qc\FQA\FQA2023.WTH,normal_year;water_stress_year;nitrogen_stress_year,water_stress,FQA2023_stress_grid_S0001,top_profit_low_water,2023-09-04,247,91,86,"{""sim_day"": 91.0, ""doy"": 247.0, ""topwt"": 4616.567993164063, ""grnwt"": 1908.0406188964844, ""xlai"": 0.3318425714969635, ""totir"": 0.0, ""tofer"": NaN, ""swfac"": 0.0, ""nstres"": 0.3656737208366394}",0.0,0.3656737208366394,4616.567993164063,1908.0406188964844,0.3318425714969635,0.0,,0.0,0.0,0.0,0.0,20.73553924560547,20.73553924560547,Leave_One_experiments/all_year_offline_schedule_search/daily_outputs/FQA/FQA_2023_FQA2023_stress_grid_S0001_daily.csv
FQA,FQA,Fengqiu,2023,Leave_One_experiments\wth_generated_qc\FQA\FQA2023.WTH,normal_year;water_stress_year;nitrogen_stress_year,water_stress,FQA2023_stress_grid_S0001,top_profit_low_water,2023-09-05,248,92,87,"{""sim_day"": 92.0, ""doy"": 248.0, ""topwt"": 4667.710876464844, ""grnwt"": 1990.797271728516, ""xlai"": 0.3211837708950043, ""totir"": 0.0, ""tofer"": NaN, ""swfac"": 0.0, ""nstres"": 0.3708802461624145}",0.0,0.3708802461624145,4667.710876464844,1990.797271728516,0.3211837708950043,0.0,,0.0,0.0,0.0,0.0,20.73553924560547,20.73553924560547,Leave_One_experiments/all_year_offline_schedule_search/daily_outputs/FQA/FQA_2023_FQA2023_stress_grid_S0001_daily.csv
FQA,FQA,Fengqiu,2023,Leave_One_experiments\wth_generated_qc\FQA\FQA2023.WTH,normal_year;water_stress_year;nitrogen_stress_year,water_stress,FQA2023_stress_grid_S0001,top_profit_low_water,2023-09-06,249,93,88,"{""sim_day"": 93.0, ""doy"": 249.0, ""topwt"": 4718.5833740234375, ""grnwt"": 2073.553924560547, ""xlai"": 0.3109353482723236, ""totir"": 0.0, ""tofer"": NaN, ""swfac"": 0.0, ""nstres"": 0.3657975196838379}",0.0,0.3657975196838379,4718.5833740234375,2073.553924560547,0.3109353482723236,0.0,,0.0,0.0,0.0,0.0,20.73553924560547,20.73553924560547,Leave_One_experiments/all_year_offline_schedule_search/daily_outputs/FQA/FQA_2023_FQA2023_stress_grid_S0001_daily.csv
FQA,FQA,Fengqiu,2023,Leave_One_experiments\wth_generated_qc\FQA\FQA2023.WTH,normal_year;water_stress_year;nitrogen_stress_year,water_stress,FQA2023_stress_grid_S0001,top_profit_low_water,2023-09-07,250,94,89,"{""sim_day"": 94.0, ""doy"": 250.0, ""topwt"": 4718.5833740234375, ""grnwt"": 2073.553924560547, ""xlai"": 0.3109353482723236, ""totir"": 0.0, ""tofer"": NaN, ""swfac"": 0.0, ""nstres"": 0.3609834909439087}",0.0,0.3609834909439087,4718.5833740234375,2073.553924560547,0.3109353482723236,0.0,,0.0,0.0,0.0,0.0,20.73553924560547,20.73553924560547,Leave_One_experiments/all_year_offline_schedule_search/daily_outputs/FQA/FQA_2023_FQA2023_stress_grid_S0001_daily.csv
FQA,FQA,Fengqiu,2023,Leave_One_experiments\wth_generated_qc\FQA\FQA2023.WTH,normal_year;water_stress_year;nitrogen_stress_year,water_stress,FQA2023_stress_grid_S0001,top_profit_low_water,2023-09-08,251,95,90,"{""sim_day"": 95.0, ""doy"": 251.0, ""topwt"": 4718.5833740234375, ""grnwt"": 2073.553924560547, ""xlai"": 0.3109353482723236, ""totir"": 0.0, ""tofer"": NaN, ""swfac"": 0.0, ""nstres"": 0.3609834909439087}",0.0,0.3609834909439087,4718.5833740234375,2073.553924560547,0.3109353482723236,0.0,,0.0,0.0,0.0,0.0,20.73553924560547,20.73553924560547,Leave_One_experiments/all_year_offline_schedule_search/daily_outputs/FQA/FQA_2023_FQA2023_stress_grid_S0001_daily.csv
FQA,FQA,Fengqiu,2023,Leave_One_experiments\wth_generated_qc\FQA\FQA2023.WTH,normal_year;water_stress_year;nitrogen_stress_year,water_stress,FQA2023_stress_grid_S0001,top_profit_low_water,2023-09-09,252,96,91,"{""sim_day"": 96.0, ""doy"": 252.0, ""topwt"": 4718.5833740234375, ""grnwt"": 2073.553924560547, ""xlai"": 0.3109353482723236, ""totir"": 0.0, ""tofer"": NaN, ""swfac"": 0.0, ""nstres"": 0.3609834909439087}",0.0,0.3609834909439087,4718.5833740234375,2073.553924560547,0.3109353482723236,0.0,,0.0,0.0,0.0,0.0,20.73553924560547,20.73553924560547,Leave_One_experiments/all_year_offline_schedule_search/daily_outputs/FQA/FQA_2023_FQA2023_stress_grid_S0001_daily.csv
HLA,HLA,Hailun,2004,Leave_One_experiments\wth_generated_qc\HLA\HLA2004.WTH,dry_year;water_stress_year;nitrogen_stress_year;irrigation_responsive_year,irrigation_responsive,HLA2004_stress_grid_S0015,irrigation_positive_candidate,2004-05-04,125,1,1,"{""sim_day"": 1.0, ""doy"": 125.0, ""topwt"": 0.0, ""grnwt"": 0.0, ""xlai"": 0.0, ""totir"": 0.0, ""tofer"": NaN, ""swfac"": 0.0, ""nstres"": 0.0}",0.0,0.0,0.0,0.0,0.0,0.0,,0.0,0.0,20.0,0.0,-5.762663269042969,2.237336730957031,Leave_One_experiments/all_year_offline_schedule_search/daily_outputs/HLA/HLA_2004_HLA2004_stress_grid_S0015_daily.csv
HLA,HLA,Hailun,2004,Leave_One_experiments\wth_generated_qc\HLA\HLA2004.WTH,dry_year;water_stress_year;nitrogen_stress_year;irrigation_responsive_year,irrigation_responsive,HLA2004_stress_grid_S0015,irrigation_positive_candidate,2004-05-05,126,2,2,"{""sim_day"": 2.0, ""doy"": 126.0, ""topwt"": 0.0, ""grnwt"": 0.0, ""xlai"": 0.0, ""totir"": 0.0, ""tofer"": NaN, ""swfac"": 0.0, ""nstres"": 0.0}",0.0,0.0,0.0,0.0,0.0,0.0,,0.0,0.0,20.0,0.0,-5.762663269042969,2.237336730957031,Leave_One_experiments/all_year_offline_schedule_search/daily_outputs/HLA/HLA_2004_HLA2004_stress_grid_S0015_daily.csv
HLA,HLA,Hailun,2004,Leave_One_experiments\wth_generated_qc\HLA\HLA2004.WTH,dry_year;water_stress_year;nitrogen_stress_year;irrigation_responsive_year,irrigation_responsive,HLA2004_stress_grid_S0015,irrigation_positive_candidate,2004-05-06,127,3,3,"{""sim_day"": 3.0, ""doy"": 127.0, ""topwt"": 0.0, ""grnwt"": 0.0, ""xlai"": 0.0, ""totir"": 0.0, ""tofer"": NaN, ""swfac"": 0.0, ""nstres"": 0.0}",0.0,0.0,0.0,0.0,0.0,0.0,,0.0,0.0,20.0,0.0,-5.762663269042969,2.237336730957031,Leave_One_experiments/all_year_offline_schedule_search/daily_outputs/HLA/HLA_2004_HLA2004_stress_grid_S0015_daily.csv
HLA,HLA,Hailun,2004,Leave_One_experiments\wth_generated_qc\HLA\HLA2004.WTH,dry_year;water_stress_year;nitrogen_stress_year;irrigation_responsive_year,irrigation_responsive,HLA2004_stress_grid_S0015,irrigation_positive_candidate,2004-05-07,128,4,4,"{""sim_day"": 4.0, ""doy"": 128.0, ""topwt"": 0.0, ""grnwt"": 0.0, ""xlai"": 0.0, ""totir"": 0.0, ""tofer"": NaN, ""swfac"": 0.0, ""nstres"": 0.0}",0.0,0.0,0.0,0.0,0.0,0.0,,0.0,0.0,20.0,0.0,-5.762663269042969,2.237336730957031,Leave_One_experiments/all_year_offline_schedule_search/daily_outputs/HLA/HLA_2004_HLA2004_stress_grid_S0015_daily.csv
HLA,HLA,Hailun,2004,Leave_One_experiments\wth_generated_qc\HLA\HLA2004.WTH,dry_year;water_stress_year;nitrogen_stress_year;irrigation_responsive_year,irrigation_responsive,HLA2004_stress_grid_S0015,irrigation_positive_candidate,2004-05-08,129,5,5,"{""sim_day"": 5.0, ""doy"": 129.0, ""topwt"": 0.0, ""grnwt"": 0.0, ""xlai"": 0.0, ""totir"": 0.0, ""tofer"": NaN, ""swfac"": 0.0, ""nstres"": 0.0}",0.0,0.0,0.0,0.0,0.0,0.0,,0.0,0.0,20.0,0.0,-5.762663269042969,2.237336730957031,Leave_One_experiments/all_year_offline_schedule_search/daily_outputs/HLA/HLA_2004_HLA2004_stress_grid_S0015_daily.csv
HLA,HLA,Hailun,2004,Leave_One_experiments\wth_generated_qc\HLA\HLA2004.WTH,dry_year;water_stress_year;nitrogen_stress_year;irrigation_responsive_year,irrigation_responsive,HLA2004_stress_grid_S0015,irrigation_positive_candidate,2004-05-04,125,6,1,"{""sim_day"": 6.0, ""doy"": 125.0, ""topwt"": 0.0, ""grnwt"": 0.0, ""xlai"": 0.0, ""totir"": 0.0, ""tofer"": NaN, ""swfac"": 0.0, ""nstres"": 0.0}",0.0,0.0,0.0,0.0,0.0,0.0,,0.0,0.0,20.0,0.0,-5.762663269042969,2.237336730957031,Leave_One_experiments/all_year_offline_schedule_search/daily_outputs/HLA/HLA_2004_HLA2004_stress_grid_S0015_daily.csv
HLA,HLA,Hailun,2004,Leave_One_experiments\wth_generated_qc\HLA\HLA2004.WTH,dry_year;water_stress_year;nitrogen_stress_year;irrigation_responsive_year,irrigation_responsive,HLA2004_stress_grid_S0015,irrigation_positive_candidate,2004-05-05,126,7,2,"{""sim_day"": 7.0, ""doy"": 126.0, ""topwt"": 0.0, ""grnwt"": 0.0, ""xlai"": 0.0, ""totir"": 0.0, ""tofer"": NaN, ""swfac"": 0.0, ""nstres"": 0.0}",0.0,0.0,0.0,0.0,0.0,0.0,,0.0,0.0,20.0,0.0,-5.762663269042969,2.237336730957031,Leave_One_experiments/all_year_offline_schedule_search/daily_outputs/HLA/HLA_2004_HLA2004_stress_grid_S0015_daily.csv
HLA,HLA,Hailun,2004,Leave_One_experiments\wth_generated_qc\HLA\HLA2004.WTH,dry_year;water_stress_year;nitrogen_stress_year;irrigation_responsive_year,irrigation_responsive,HLA2004_stress_grid_S0015,irrigation_positive_candidate,2004-05-06,127,8,3,"{""sim_day"": 8.0, ""doy"": 127.0, ""topwt"": 0.0, ""grnwt"": 0.0, ""xlai"": 0.0, ""totir"": 0.0, ""tofer"": NaN, ""swfac"": 0.0, ""nstres"": 0.0}",0.0,0.0,0.0,0.0,0.0,0.0,,0.0,0.0,20.0,0.0,-5.762663269042969,2.237336730957031,Leave_One_experiments/all_year_offline_schedule_search/daily_outputs/HLA/HLA_2004_HLA2004_stress_grid_S0015_daily.csv
HLA,HLA,Hailun,2004,Leave_One_experiments\wth_generated_qc\HLA\HLA2004.WTH,dry_year;water_stress_year;nitrogen_stress_year;irrigation_responsive_year,irrigation_responsive,HLA2004_stress_grid_S0015,irrigation_positive_candidate,2004-05-07,128,9,4,"{""sim_day"": 9.0, ""doy"": 128.0, ""topwt"": 0.0, ""grnwt"": 0.0, ""xlai"": 0.0, ""totir"": 0.0, ""tofer"": NaN, ""swfac"": 0.0, ""nstres"": 0.0}",0.0,0.0,0.0,0.0,0.0,0.0,,0.0,0.0,20.0,0.0,-5.762663269042969,2.237336730957031,Leave_One_experiments/all_year_offline_schedule_search/daily_outputs/HLA/HLA_2004_HLA2004_stress_grid_S0015_daily.csv
HLA,HLA,Hailun,2004,Leave_One_experiments\wth_generated_qc\HLA\HLA2004.WTH,dry_year;water_stress_year;nitrogen_stress_year;irrigation_responsive_year,irrigation_responsive,HLA2004_stress_grid_S0015,irrigation_positive_candidate,2004-05-08,129,10,5,"{""sim_day"": 10.0, ""doy"": 129.0, ""topwt"": 0.0, ""grnwt"": 0.0, ""xlai"": 0.0, ""totir"": 0.0, ""tofer"": NaN, ""swfac"": 0.0, ""nstres"": 0.0}",0.0,0.0,0.0,0.0,0.0,0.0,,0.0,0.0,20.0,0.0,-5.762663269042969,2.237336730957031,Leave_One_experiments/all_year_offline_schedule_search/daily_outputs/HLA/HLA_2004_HLA2004_stress_grid_S0015_daily.csv
HLA,HLA,Hailun,2004,Leave_One_experiments\wth_generated_qc\HLA\HLA2004.WTH,dry_year;water_stress_year;nitrogen_stress_year;irrigation_responsive_year,irrigation_responsive,HLA2004_stress_grid_S0015,irrigation_positive_candidate,2004-05-09,130,11,6,"{""sim_day"": 11.0, ""doy"": 130.0, ""topwt"": 0.0, ""grnwt"": 0.0, ""xlai"": 0.0, ""totir"": 0.0, ""tofer"": NaN, ""swfac"": 0.0, ""nstres"": 0.0}",0.0,0.0,0.0,0.0,0.0,0.0,,0.0,0.0,20.0,0.0,-5.762663269042969,2.237336730957031,Leave_One_experiments/all_year_offline_schedule_search/daily_outputs/HLA/HLA_2004_HLA2004_stress_grid_S0015_daily.csv
HLA,HLA,Hailun,2004,Leave_One_experiments\wth_generated_qc\HLA\HLA2004.WTH,dry_year;water_stress_year;nitrogen_stress_year;irrigation_responsive_year,irrigation_responsive,HLA2004_stress_grid_S0015,irrigation_positive_candidate,2004-05-10,131,12,7,"{""sim_day"": 12.0, ""doy"": 131.0, ""topwt"": 0.0, ""grnwt"": 0.0, ""xlai"": 0.0, ""totir"": 0.0, ""tofer"": NaN, ""swfac"": 0.0, ""nstres"": 0.0}",0.0,0.0,0.0,0.0,0.0,0.0,,0.0,0.0,20.0,0.0,-5.762663269042969,2.237336730957031,Leave_One_experiments/all_year_offline_schedule_search/daily_outputs/HLA/HLA_2004_HLA2004_stress_grid_S0015_daily.csv
HLA,HLA,Hailun,2004,Leave_One_experiments\wth_generated_qc\HLA\HLA2004.WTH,dry_year;water_stress_year;nitrogen_stress_year;irrigation_responsive_year,irrigation_responsive,HLA2004_stress_grid_S0015,irrigation_positive_candidate,2004-05-11,132,13,8,"{""sim_day"": 13.0, ""doy"": 132.0, ""topwt"": 0.0, ""grnwt"": 0.0, ""xlai"": 0.0, ""totir"": 0.0, ""tofer"": NaN, ""swfac"": 0.0, ""nstres"": 0.0}",0.0,0.0,0.0,0.0,0.0,0.0,,0.0,0.0,20.0,0.0,-5.762663269042969,2.237336730957031,Leave_One_experiments/all_year_offline_schedule_search/daily_outputs/HLA/HLA_2004_HLA2004_stress_grid_S0015_daily.csv
HLA,HLA,Hailun,2004,Leave_One_experiments\wth_generated_qc\HLA\HLA2004.WTH,dry_year;water_stress_year;nitrogen_stress_year;irrigation_responsive_year,irrigation_responsive,HLA2004_stress_grid_S0015,irrigation_positive_candidate,2004-05-12,133,14,9,"{""sim_day"": 14.0, ""doy"": 133.0, ""topwt"": 0.0, ""grnwt"": 0.0, ""xlai"": 0.0, ""totir"": 0.0, ""tofer"": NaN, ""swfac"": 0.0, ""nstres"": 0.0}",0.0,0.0,0.0,0.0,0.0,0.0,,0.0,0.0,20.0,0.0,-5.762663269042969,2.237336730957031,Leave_One_experiments/all_year_offline_schedule_search/daily_outputs/HLA/HLA_2004_HLA2004_stress_grid_S0015_daily.csv
HLA,HLA,Hailun,2004,Leave_One_experiments\wth_generated_qc\HLA\HLA2004.WTH,dry_year;water_stress_year;nitrogen_stress_year;irrigation_responsive_year,irrigation_responsive,HLA2004_stress_grid_S0015,irrigation_positive_candidate,2004-05-13,134,15,10,"{""sim_day"": 15.0, ""doy"": 134.0, ""topwt"": 0.0, ""grnwt"": 0.0, ""xlai"": 0.0, ""totir"": 0.0, ""tofer"": NaN, ""swfac"": 0.0, ""nstres"": 0.0}",0.0,0.0,0.0,0.0,0.0,0.0,,0.0,0.0,20.0,0.0,-5.762663269042969,2.237336730957031,Leave_One_experiments/all_year_offline_schedule_search/daily_outputs/HLA/HLA_2004_HLA2004_stress_grid_S0015_daily.csv
HLA,HLA,Hailun,2004,Leave_One_experiments\wth_generated_qc\HLA\HLA2004.WTH,dry_year;water_stress_year;nitrogen_stress_year;irrigation_responsive_year,irrigation_responsive,HLA2004_stress_grid_S0015,irrigation_positive_candidate,2004-05-14,135,16,11,"{""sim_day"": 16.0, ""doy"": 135.0, ""topwt"": 0.0, ""grnwt"": 0.0, ""xlai"": 0.0, ""totir"": 0.0, ""tofer"": NaN, ""swfac"": 0.0, ""nstres"": 0.0}",0.0,0.0,0.0,0.0,0.0,0.0,,0.0,0.0,20.0,0.0,-5.762663269042969,2.237336730957031,Leave_One_experiments/all_year_offline_schedule_search/daily_outputs/HLA/HLA_2004_HLA2004_stress_grid_S0015_daily.csv
HLA,HLA,Hailun,2004,Leave_One_experiments\wth_generated_qc\HLA\HLA2004.WTH,dry_year;water_stress_year;nitrogen_stress_year;irrigation_responsive_year,irrigation_responsive,HLA2004_stress_grid_S0015,irrigation_positive_candidate,2004-05-15,136,17,12,"{""sim_day"": 17.0, ""doy"": 136.0, ""topwt"": 0.0, ""grnwt"": 0.0, ""xlai"": 0.0, ""totir"": 0.0, ""tofer"": NaN, ""swfac"": 0.0, ""nstres"": 0.0}",0.0,0.0,0.0,0.0,0.0,0.0,,0.0,0.0,20.0,0.0,-5.762663269042969,2.237336730957031,Leave_One_experiments/all_year_offline_schedule_search/daily_outputs/HLA/HLA_2004_HLA2004_stress_grid_S0015_daily.csv
HLA,HLA,Hailun,2004,Leave_One_experiments\wth_generated_qc\HLA\HLA2004.WTH,dry_year;water_stress_year;nitrogen_stress_year;irrigation_responsive_year,irrigation_responsive,HLA2004_stress_grid_S0015,irrigation_positive_candidate,2004-05-16,137,18,13,"{""sim_day"": 18.0, ""doy"": 137.0, ""topwt"": 0.0, ""grnwt"": 0.0, ""xlai"": 0.0, ""totir"": 0.0, ""tofer"": NaN, ""swfac"": 0.0, ""nstres"": 0.0}",0.0,0.0,0.0,0.0,0.0,0.0,,0.0,0.0,20.0,0.0,-5.762663269042969,2.237336730957031,Leave_One_experiments/all_year_offline_schedule_search/daily_outputs/HLA/HLA_2004_HLA2004_stress_grid_S0015_daily.csv
HLA,HLA,Hailun,2004,Leave_One_experiments\wth_generated_qc\HLA\HLA2004.WTH,dry_year;water_stress_year;nitrogen_stress_year;irrigation_responsive_year,irrigation_responsive,HLA2004_stress_grid_S0015,irrigation_positive_candidate,2004-05-17,138,19,14,"{""sim_day"": 19.0, ""doy"": 138.0, ""topwt"": 20.0, ""grnwt"": 0.0, ""xlai"": 0.0011256238212808, ""totir"": 0.0, ""tofer"": NaN, ""swfac"": 0.0, ""nstres"": 0.0121910572052001}",0.0,0.0121910572052001,20.0,0.0,0.0011256238212808,0.0,,0.0,0.0,20.0,0.0,-5.762663269042969,2.237336730957031,Leave_One_experiments/all_year_offline_schedule_search/daily_outputs/HLA/HLA_2004_HLA2004_stress_grid_S0015_daily.csv
HLA,HLA,Hailun,2004,Leave_One_experiments\wth_generated_qc\HLA\HLA2004.WTH,dry_year;water_stress_year;nitrogen_stress_year;irrigation_responsive_year,irrigation_responsive,HLA2004_stress_grid_S0015,irrigation_positive_candidate,2004-05-18,139,20,15,"{""sim_day"": 20.0, ""doy"": 139.0, ""topwt"": 20.0, ""grnwt"": 0.0, ""xlai"": 0.0017841568915173, ""totir"": 0.0, ""tofer"": NaN, ""swfac"": 0.0, ""nstres"": 0.0182431936264038}",0.0,0.0182431936264038,20.0,0.0,0.0017841568915173,0.0,,0.0,0.0,20.0,0.0,-5.762663269042969,2.237336730957031,Leave_One_experiments/all_year_offline_schedule_search/daily_outputs/HLA/HLA_2004_HLA2004_stress_grid_S0015_daily.csv
HLA,HLA,Hailun,2004,Leave_One_experiments\wth_generated_qc\HLA\HLA2004.WTH,dry_year;water_stress_year;nitrogen_stress_year;irrigation_responsive_year,irrigation_responsive,HLA2004_stress_grid_S0015,irrigation_positive_candidate,2004-05-19,140,21,16,"{""sim_day"": 21.0, ""doy"": 140.0, ""topwt"": 20.0, ""grnwt"": 0.0, ""xlai"": 0.0021820468828082, ""totir"": 0.0, ""tofer"": NaN, ""swfac"": 0.0, ""nstres"": 0.0171883702278137}",0.0,0.0171883702278137,20.0,0.0,0.0021820468828082,0.0,,0.0,0.0,20.0,0.0,-5.762663269042969,2.237336730957031,Leave_One_experiments/all_year_offline_schedule_search/daily_outputs/HLA/HLA_2004_HLA2004_stress_grid_S0015_daily.csv
HLA,HLA,Hailun,2004,Leave_One_experiments\wth_generated_qc\HLA\HLA2004.WTH,dry_year;water_stress_year;nitrogen_stress_year;irrigation_responsive_year,irrigation_responsive,HLA2004_stress_grid_S0015,irrigation_positive_candidate,2004-05-20,141,22,17,"{""sim_day"": 22.0, ""doy"": 141.0, ""topwt"": 20.0, ""grnwt"": 0.0, ""xlai"": 0.0029484604019671, ""totir"": 0.0, ""tofer"": NaN, ""swfac"": 0.0, ""nstres"": 0.0153080224990844}",0.0,0.0153080224990844,20.0,0.0,0.0029484604019671,0.0,,0.0,0.0,20.0,0.0,-5.762663269042969,2.237336730957031,Leave_One_experiments/all_year_offline_schedule_search/daily_outputs/HLA/HLA_2004_HLA2004_stress_grid_S0015_daily.csv
HLA,HLA,Hailun,2004,Leave_One_experiments\wth_generated_qc\HLA\HLA2004.WTH,dry_year;water_stress_year;nitrogen_stress_year;irrigation_responsive_year,irrigation_responsive,HLA2004_stress_grid_S0015,irrigation_positive_candidate,2004-05-21,142,23,18,"{""sim_day"": 23.0, ""doy"": 142.0, ""topwt"": 20.0, ""grnwt"": 0.0, ""xlai"": 0.0038183513097465, ""totir"": 0.0, ""tofer"": NaN, ""swfac"": 0.0, ""nstres"": 0.0133021473884582}",0.0,0.0133021473884582,20.0,0.0,0.0038183513097465,0.0,,0.0,0.0,20.0,0.0,-5.762663269042969,2.237336730957031,Leave_One_experiments/all_year_offline_schedule_search/daily_outputs/HLA/HLA_2004_HLA2004_stress_grid_S0015_daily.csv
HLA,HLA,Hailun,2004,Leave_One_experiments\wth_generated_qc\HLA\HLA2004.WTH,dry_year;water_stress_year;nitrogen_stress_year;irrigation_responsive_year,irrigation_responsive,HLA2004_stress_grid_S0015,irrigation_positive_candidate,2004-05-22,143,24,19,"{""sim_day"": 24.0, ""doy"": 143.0, ""topwt"": 20.0, ""grnwt"": 0.0, ""xlai"": 0.004832228180021, ""totir"": 0.0, ""tofer"": NaN, ""swfac"": 0.0, ""nstres"": 0.0111027956008911}",0.0,0.0111027956008911,20.0,0.0,0.004832228180021,0.0,,0.0,0.0,20.0,0.0,-5.762663269042969,2.237336730957031,Leave_One_experiments/all_year_offline_schedule_search/daily_outputs/HLA/HLA_2004_HLA2004_stress_grid_S0015_daily.csv
HLA,HLA,Hailun,2004,Leave_One_experiments\wth_generated_qc\HLA\HLA2004.WTH,dry_year;water_stress_year;nitrogen_stress_year;irrigation_responsive_year,irrigation_responsive,HLA2004_stress_grid_S0015,irrigation_positive_candidate,2004-05-23,144,25,20,"{""sim_day"": 25.0, ""doy"": 144.0, ""topwt"": 20.0, ""grnwt"": 0.0, ""xlai"": 0.0070865247398614, ""totir"": 0.0, ""tofer"": NaN, ""swfac"": 0.0, ""nstres"": 0.0067660808563232}",0.0,0.0067660808563232,20.0,0.0,0.0070865247398614,0.0,,0.0,0.0,20.0,0.0,-5.762663269042969,2.237336730957031,Leave_One_experiments/all_year_offline_schedule_search/daily_outputs/HLA/HLA_2004_HLA2004_stress_grid_S0015_daily.csv
HLA,HLA,Hailun,2004,Leave_One_experiments\wth_generated_qc\HLA\HLA2004.WTH,dry_year;water_stress_year;nitrogen_stress_year;irrigation_responsive_year,irrigation_responsive,HLA2004_stress_grid_S0015,irrigation_positive_candidate,2004-05-24,145,26,21,"{""sim_day"": 26.0, ""doy"": 145.0, ""topwt"": 20.0, ""grnwt"": 0.0, ""xlai"": 0.0094865327700972, ""totir"": 0.0, ""tofer"": NaN, ""swfac"": 0.0, ""nstres"": 0.0024895668029785}",0.0,0.0024895668029785,20.0,0.0,0.0094865327700972,0.0,,0.0,0.0,20.0,0.0,-5.762663269042969,2.237336730957031,Leave_One_experiments/all_year_offline_schedule_search/daily_outputs/HLA/HLA_2004_HLA2004_stress_grid_S0015_daily.csv
HLA,HLA,Hailun,2004,Leave_One_experiments\wth_generated_qc\HLA\HLA2004.WTH,dry_year;water_stress_year;nitrogen_stress_year;irrigation_responsive_year,irrigation_responsive,HLA2004_stress_grid_S0015,irrigation_positive_candidate,2004-05-25,146,27,22,"{""sim_day"": 27.0, ""doy"": 146.0, ""topwt"": 20.0, ""grnwt"": 0.0, ""xlai"": 0.0111807081848382, ""totir"": 0.0, ""tofer"": NaN, ""swfac"": 0.0, ""nstres"": 0.0}",0.0,0.0,20.0,0.0,0.0111807081848382,0.0,,0.0,0.0,20.0,0.0,-5.762663269042969,2.237336730957031,Leave_One_experiments/all_year_offline_schedule_search/daily_outputs/HLA/HLA_2004_HLA2004_stress_grid_S0015_daily.csv
HLA,HLA,Hailun,2004,Leave_One_experiments\wth_generated_qc\HLA\HLA2004.WTH,dry_year;water_stress_year;nitrogen_stress_year;irrigation_responsive_year,irrigation_responsive,HLA2004_stress_grid_S0015,irrigation_positive_candidate,2004-05-26,147,28,23,"{""sim_day"": 28.0, ""doy"": 147.0, ""topwt"": 20.0, ""grnwt"": 0.0, ""xlai"": 0.0143088921904563, ""totir"": 0.0, ""tofer"": NaN, ""swfac"": 0.0, ""nstres"": 0.0}",0.0,0.0,20.0,0.0,0.0143088921904563,0.0,,0.0,0.0,20.0,0.0,-5.762663269042969,2.237336730957031,Leave_One_experiments/all_year_offline_schedule_search/daily_outputs/HLA/HLA_2004_HLA2004_stress_grid_S0015_daily.csv
HLA,HLA,Hailun,2004,Leave_One_experiments\wth_generated_qc\HLA\HLA2004.WTH,dry_year;water_stress_year;nitrogen_stress_year;irrigation_responsive_year,irrigation_responsive,HLA2004_stress_grid_S0015,irrigation_positive_candidate,2004-05-27,148,29,24,"{""sim_day"": 29.0, ""doy"": 148.0, ""topwt"": 20.0, ""grnwt"": 0.0, ""xlai"": 0.0239235088229179, ""totir"": 0.0, ""tofer"": NaN, ""swfac"": 0.0, ""nstres"": 0.0}",0.0,0.0,20.0,0.0,0.0239235088229179,0.0,,0.0,0.0,20.0,0.0,-5.762663269042969,2.237336730957031,Leave_One_experiments/all_year_offline_schedule_search/daily_outputs/HLA/HLA_2004_HLA2004_stress_grid_S0015_daily.csv
HLA,HLA,Hailun,2004,Leave_One_experiments\wth_generated_qc\HLA\HLA2004.WTH,dry_year;water_stress_year;nitrogen_stress_year;irrigation_responsive_year,irrigation_responsive,HLA2004_stress_grid_S0015,irrigation_positive_candidate,2004-05-28,149,30,25,"{""sim_day"": 30.0, ""doy"": 149.0, ""topwt"": 20.0, ""grnwt"": 0.0, ""xlai"": 0.0297196581959724, ""totir"": 0.0, ""tofer"": NaN, ""swfac"": 0.0, ""nstres"": 0.0}",0.0,0.0,20.0,0.0,0.0297196581959724,0.0,,0.0,0.0,20.0,0.0,-5.762663269042969,2.237336730957031,Leave_One_experiments/all_year_offline_schedule_search/daily_outputs/HLA/HLA_2004_HLA2004_stress_grid_S0015_daily.csv
HLA,HLA,Hailun,2004,Leave_One_experiments\wth_generated_qc\HLA\HLA2004.WTH,dry_year;water_stress_year;nitrogen_stress_year;irrigation_responsive_year,irrigation_responsive,HLA2004_stress_grid_S0015,irrigation_positive_candidate,2004-05-29,150,31,26,"{""sim_day"": 31.0, ""doy"": 150.0, ""topwt"": 21.226046085357662, ""grnwt"": 0.0, ""xlai"": 0.0376306772232055, ""totir"": 0.0, ""tofer"": NaN, ""swfac"": 0.0, ""nstres"": 0.0}",0.0,0.0,21.226046085357662,0.0,0.0376306772232055,0.0,,0.0,0.0,20.0,0.0,-5.762663269042969,2.237336730957031,Leave_One_experiments/all_year_offline_schedule_search/daily_outputs/HLA/HLA_2004_HLA2004_stress_grid_S0015_daily.csv
HLA,HLA,Hailun,2004,Leave_One_experiments\wth_generated_qc\HLA\HLA2004.WTH,dry_year;water_stress_year;nitrogen_stress_year;irrigation_responsive_year,irrigation_responsive,HLA2004_stress_grid_S0015,irrigation_positive_candidate,2004-05-30,151,32,27,"{""sim_day"": 32.0, ""doy"": 151.0, ""topwt"": 23.618555068969727, ""grnwt"": 0.0, ""xlai"": 0.0438966229557991, ""totir"": 0.0, ""tofer"": NaN, ""swfac"": 0.0, ""nstres"": 0.0}",0.0,0.0,23.618555068969727,0.0,0.0438966229557991,0.0,,0.0,0.0,20.0,0.0,-5.762663269042969,2.237336730957031,Leave_One_experiments/all_year_offline_schedule_search/daily_outputs/HLA/HLA_2004_HLA2004_stress_grid_S0015_daily.csv
HLA,HLA,Hailun,2004,Leave_One_experiments\wth_generated_qc\HLA\HLA2004.WTH,dry_year;water_stress_year;nitrogen_stress_year;irrigation_responsive_year,irrigation_responsive,HLA2004_stress_grid_S0015,irrigation_positive_candidate,2004-05-31,152,33,28,"{""sim_day"": 33.0, ""doy"": 152.0, ""topwt"": 28.74053716659546, ""grnwt"": 0.0, ""xlai"": 0.0566138662397861, ""totir"": 0.0, ""tofer"": NaN, ""swfac"": 0.0, ""nstres"": 0.0101054906845092}",0.0,0.0101054906845092,28.74053716659546,0.0,0.0566138662397861,0.0,,0.0,0.0,20.0,0.0,-5.762663269042969,2.237336730957031,Leave_One_experiments/all_year_offline_schedule_search/daily_outputs/HLA/HLA_2004_HLA2004_stress_grid_S0015_daily.csv
HLA,HLA,Hailun,2004,Leave_One_experiments\wth_generated_qc\HLA\HLA2004.WTH,dry_year;water_stress_year;nitrogen_stress_year;irrigation_responsive_year,irrigation_responsive,HLA2004_stress_grid_S0015,irrigation_positive_candidate,2004-06-01,153,34,29,"{""sim_day"": 34.0, ""doy"": 153.0, ""topwt"": 36.38054132461548, ""grnwt"": 0.0, ""xlai"": 0.0740945935249328, ""totir"": 0.0, ""tofer"": NaN, ""swfac"": 0.0, ""nstres"": 0.0599469542503356}",0.0,0.0599469542503356,36.38054132461548,0.0,0.0740945935249328,0.0,,0.0,0.0,20.0,0.0,-5.762663269042969,2.237336730957031,Leave_One_experiments/all_year_offline_schedule_search/daily_outputs/HLA/HLA_2004_HLA2004_stress_grid_S0015_daily.csv
HLA,HLA,Hailun,2004,Leave_One_experiments\wth_generated_qc\HLA\HLA2004.WTH,dry_year;water_stress_year;nitrogen_stress_year;irrigation_responsive_year,irrigation_responsive,HLA2004_stress_grid_S0015,irrigation_positive_candidate,2004-06-02,154,35,30,"{""sim_day"": 35.0, ""doy"": 154.0, ""topwt"": 46.16270542144776, ""grnwt"": 0.0, ""xlai"": 0.0940273627638816, ""totir"": 0.0, ""tofer"": NaN, ""swfac"": 0.0, ""nstres"": 0.1428697109222412}",0.0,0.1428697109222412,46.16270542144776,0.0,0.0940273627638816,0.0,,0.0,0.0,20.0,0.0,-5.762663269042969,2.237336730957031,Leave_One_experiments/all_year_offline_schedule_search/daily_outputs/HLA/HLA_2004_HLA2004_stress_grid_S0015_daily.csv
HLA,HLA,Hailun,2004,Leave_One_experiments\wth_generated_qc\HLA\HLA2004.WTH,dry_year;water_stress_year;nitrogen_stress_year;irrigation_responsive_year,irrigation_responsive,HLA2004_stress_grid_S0015,irrigation_positive_candidate,2004-06-03,155,36,31,"{""sim_day"": 36.0, ""doy"": 155.0, ""topwt"": 54.67772960662842, ""grnwt"": 0.0, ""xlai"": 0.1087656617164611, ""totir"": 0.0, ""tofer"": NaN, ""swfac"": 0.0, ""nstres"": 0.2765883803367615}",0.0,0.2765883803367615,54.67772960662842,0.0,0.1087656617164611,0.0,,0.0,0.0,20.0,0.0,-5.762663269042969,2.237336730957031,Leave_One_experiments/all_year_offline_schedule_search/daily_outputs/HLA/HLA_2004_HLA2004_stress_grid_S0015_daily.csv
HLA,HLA,Hailun,2004,Leave_One_experiments\wth_generated_qc\HLA\HLA2004.WTH,dry_year;water_stress_year;nitrogen_stress_year;irrigation_responsive_year,irrigation_responsive,HLA2004_stress_grid_S0015,irrigation_positive_candidate,2004-06-04,156,37,32,"{""sim_day"": 37.0, ""doy"": 156.0, ""topwt"": 63.288679122924805, ""grnwt"": 0.0, ""xlai"": 0.1215720698237419, ""totir"": 0.0, ""tofer"": NaN, ""swfac"": 0.0, ""nstres"": 0.4764409065246582}",0.0,0.4764409065246582,63.288679122924805,0.0,0.1215720698237419,0.0,,0.0,0.0,20.0,0.0,-5.762663269042969,2.237336730957031,Leave_One_experiments/all_year_offline_schedule_search/daily_outputs/HLA/HLA_2004_HLA2004_stress_grid_S0015_daily.csv
HLA,HLA,Hailun,2004,Leave_One_experiments\wth_generated_qc\HLA\HLA2004.WTH,dry_year;water_stress_year;nitrogen_stress_year;irrigation_responsive_year,irrigation_responsive,HLA2004_stress_grid_S0015,irrigation_positive_candidate,2004-06-05,157,38,33,"{""sim_day"": 38.0, ""doy"": 157.0, ""topwt"": 72.2815752029419, ""grnwt"": 0.0, ""xlai"": 0.133419319987297, ""totir"": 0.0, ""tofer"": NaN, ""swfac"": 0.0, ""nstres"": 0.5916352570056915}",0.0,0.5916352570056915,72.2815752029419,0.0,0.133419319987297,0.0,,0.0,0.0,20.0,0.0,-5.762663269042969,2.237336730957031,Leave_One_experiments/all_year_offline_schedule_search/daily_outputs/HLA/HLA_2004_HLA2004_stress_grid_S0015_daily.csv
HLA,HLA,Hailun,2004,Leave_One_experiments\wth_generated_qc\HLA\HLA2004.WTH,dry_year;water_stress_year;nitrogen_stress_year;irrigation_responsive_year,irrigation_responsive,HLA2004_stress_grid_S0015,irrigation_positive_candidate,2004-06-06,158,39,34,"{""sim_day"": 39.0, ""doy"": 158.0, ""topwt"": 78.63511085510254, ""grnwt"": 0.0, ""xlai"": 0.1390090882778167, ""totir"": 0.0, ""tofer"": NaN, ""swfac"": 0.0, ""nstres"": 0.6779248714447021}",0.0,0.6779248714447021,78.63511085510254,0.0,0.1390090882778167,0.0,,0.0,0.0,20.0,0.0,-5.762663269042969,2.237336730957031,Leave_One_experiments/all_year_offline_schedule_search/daily_outputs/HLA/HLA_2004_HLA2004_stress_grid_S0015_daily.csv
HLA,HLA,Hailun,2004,Leave_One_experiments\wth_generated_qc\HLA\HLA2004.WTH,dry_year;water_stress_year;nitrogen_stress_year;irrigation_responsive_year,irrigation_responsive,HLA2004_stress_grid_S0015,irrigation_positive_candidate,2004-06-07,159,40,35,"{""sim_day"": 40.0, ""doy"": 159.0, ""topwt"": 91.86649322509766, ""grnwt"": 0.0, ""xlai"": 0.1558026224374771, ""totir"": 0.0, ""tofer"": NaN, ""swfac"": 0.0, ""nstres"": 0.7405824959278107}",0.0,0.7405824959278107,91.86649322509766,0.0,0.1558026224374771,0.0,,0.0,0.0,20.0,0.0,-5.762663269042969,2.237336730957031,Leave_One_experiments/all_year_offline_schedule_search/daily_outputs/HLA/HLA_2004_HLA2004_stress_grid_S0015_daily.csv
HLA,HLA,Hailun,2004,Leave_One_experiments\wth_generated_qc\HLA\HLA2004.WTH,dry_year;water_stress_year;nitrogen_stress_year;irrigation_responsive_year,irrigation_responsive,HLA2004_stress_grid_S0015,irrigation_positive_candidate,2004-06-08,160,41,36,"{""sim_day"": 41.0, ""doy"": 160.0, ""topwt"": 105.6831169128418, ""grnwt"": 0.0, ""xlai"": 0.1717908829450607, ""totir"": 0.0, ""tofer"": NaN, ""swfac"": 0.0, ""nstres"": 0.7738510370254517}",0.0,0.7738510370254517,105.6831169128418,0.0,0.1717908829450607,0.0,,0.0,0.0,20.0,0.0,-5.762663269042969,2.237336730957031,Leave_One_experiments/all_year_offline_schedule_search/daily_outputs/HLA/HLA_2004_HLA2004_stress_grid_S0015_daily.csv
HLA,HLA,Hailun,2004,Leave_One_experiments\wth_generated_qc\HLA\HLA2004.WTH,dry_year;water_stress_year;nitrogen_stress_year;irrigation_responsive_year,irrigation_responsive,HLA2004_stress_grid_S0015,irrigation_positive_candidate,2004-06-09,161,42,37,"{""sim_day"": 42.0, ""doy"": 161.0, ""topwt"": 111.44689559936523, ""grnwt"": 0.0, ""xlai"": 0.1873065680265426, ""totir"": 0.0, ""tofer"": NaN, ""swfac"": 0.0, ""nstres"": 0.798799991607666}",0.0,0.798799991607666,111.44689559936523,0.0,0.1873065680265426,0.0,,0.0,0.0,20.0,0.0,-5.762663269042969,2.237336730957031,Leave_One_experiments/all_year_offline_schedule_search/daily_outputs/HLA/HLA_2004_HLA2004_stress_grid_S0015_daily.csv
HLA,HLA,Hailun,2004,Leave_One_experiments\wth_generated_qc\HLA\HLA2004.WTH,dry_year;water_stress_year;nitrogen_stress_year;irrigation_responsive_year,irrigation_responsive,HLA2004_stress_grid_S0015,irrigation_positive_candidate,2004-06-10,162,43,38,"{""sim_day"": 43.0, ""doy"": 162.0, ""topwt"": 111.41679763793944, ""grnwt"": 0.0, ""xlai"": 0.1779864430427551, ""totir"": 0.0, ""tofer"": NaN, ""swfac"": 0.0, ""nstres"": 0.798799991607666}",0.0,0.798799991607666,111.41679763793944,0.0,0.1779864430427551,0.0,,0.0,0.0,20.0,0.0,-5.762663269042969,2.237336730957031,Leave_One_experiments/all_year_offline_schedule_search/daily_outputs/HLA/HLA_2004_HLA2004_stress_grid_S0015_daily.csv
HLA,HLA,Hailun,2004,Leave_One_experiments\wth_generated_qc\HLA\HLA2004.WTH,dry_year;water_stress_year;nitrogen_stress_year;irrigation_responsive_year,irrigation_responsive,HLA2004_stress_grid_S0015,irrigation_positive_candidate,2004-06-11,163,44,39,"{""sim_day"": 44.0, ""doy"": 163.0, ""topwt"": 111.38731002807616, ""grnwt"": 0.0, ""xlai"": 0.1691361665725708, ""totir"": 0.0, ""tofer"": NaN, ""swfac"": 0.0, ""nstres"": 0.798799991607666}",0.0,0.798799991607666,111.38731002807616,0.0,0.1691361665725708,0.0,,0.0,0.0,20.0,0.0,-5.762663269042969,2.237336730957031,Leave_One_experiments/all_year_offline_schedule_search/daily_outputs/HLA/HLA_2004_HLA2004_stress_grid_S0015_daily.csv
HLA,HLA,Hailun,2004,Leave_One_experiments\wth_generated_qc\HLA\HLA2004.WTH,dry_year;water_stress_year;nitrogen_stress_year;irrigation_responsive_year,irrigation_responsive,HLA2004_stress_grid_S0015,irrigation_positive_candidate,2004-06-12,164,45,40,"{""sim_day"": 45.0, ""doy"": 164.0, ""topwt"": 111.35153770446776, ""grnwt"": 0.0, ""xlai"": 0.1607462167739868, ""totir"": 0.0, ""tofer"": NaN, ""swfac"": 0.0, ""nstres"": 0.798799991607666}",0.0,0.798799991607666,111.35153770446776,0.0,0.1607462167739868,0.0,,0.0,0.0,20.0,0.0,-5.762663269042969,2.237336730957031,Leave_One_experiments/all_year_offline_schedule_search/daily_outputs/HLA/HLA_2004_HLA2004_stress_grid_S0015_daily.csv
HLA,HLA,Hailun,2004,Leave_One_experiments\wth_generated_qc\HLA\HLA2004.WTH,dry_year;water_stress_year;nitrogen_stress_year;irrigation_responsive_year,irrigation_responsive,HLA2004_stress_grid_S0015,irrigation_positive_candidate,2004-06-13,165,46,41,"{""sim_day"": 46.0, ""doy"": 165.0, ""topwt"": 111.32321357727052, ""grnwt"": 0.0, ""xlai"": 0.152771309018135, ""totir"": 0.0, ""tofer"": NaN, ""swfac"": 0.0, ""nstres"": 0.798799991607666}",0.0,0.798799991607666,111.32321357727052,0.0,0.152771309018135,0.0,,0.0,0.0,20.0,0.0,-5.762663269042969,2.237336730957031,Leave_One_experiments/all_year_offline_schedule_search/daily_outputs/HLA/HLA_2004_HLA2004_stress_grid_S0015_daily.csv
HLA,HLA,Hailun,2004,Leave_One_experiments\wth_generated_qc\HLA\HLA2004.WTH,dry_year;water_stress_year;nitrogen_stress_year;irrigation_responsive_year,irrigation_responsive,HLA2004_stress_grid_S0015,irrigation_positive_candidate,2004-06-14,166,47,42,"{""sim_day"": 47.0, ""doy"": 166.0, ""topwt"": 111.2950325012207, ""grnwt"": 0.0, ""xlai"": 0.1452056616544723, ""totir"": 0.0, ""tofer"": NaN, ""swfac"": 0.0, ""nstres"": 0.798799991607666}",0.0,0.798799991607666,111.2950325012207,0.0,0.1452056616544723,0.0,,0.0,0.0,20.0,0.0,-5.762663269042969,2.237336730957031,Leave_One_experiments/all_year_offline_schedule_search/daily_outputs/HLA/HLA_2004_HLA2004_stress_grid_S0015_daily.csv
HLA,HLA,Hailun,2004,Leave_One_experiments\wth_generated_qc\HLA\HLA2004.WTH,dry_year;water_stress_year;nitrogen_stress_year;irrigation_responsive_year,irrigation_responsive,HLA2004_stress_grid_S0015,irrigation_positive_candidate,2004-06-15,167,48,43,"{""sim_day"": 48.0, ""doy"": 167.0, ""topwt"": 111.2641429901123, ""grnwt"": 0.0, ""xlai"": 0.1380452811717987, ""totir"": 0.0, ""tofer"": NaN, ""swfac"": 0.0, ""nstres"": 0.798799991607666}",0.0,0.798799991607666,111.2641429901123,0.0,0.1380452811717987,0.0,,0.0,0.0,20.0,0.0,-5.762663269042969,2.237336730957031,Leave_One_experiments/all_year_offline_schedule_search/daily_outputs/HLA/HLA_2004_HLA2004_stress_grid_S0015_daily.csv
HLA,HLA,Hailun,2004,Leave_One_experiments\wth_generated_qc\HLA\HLA2004.WTH,dry_year;water_stress_year;nitrogen_stress_year;irrigation_responsive_year,irrigation_responsive,HLA2004_stress_grid_S0015,irrigation_positive_candidate,2004-06-16,168,49,44,"{""sim_day"": 49.0, ""doy"": 168.0, ""topwt"": 111.2435245513916, ""grnwt"": 0.0, ""xlai"": 0.1312270760536193, ""totir"": 0.0, ""tofer"": NaN, ""swfac"": 0.0, ""nstres"": 0.798799991607666}",0.0,0.798799991607666,111.2435245513916,0.0,0.1312270760536193,0.0,,0.0,0.0,20.0,0.0,-5.762663269042969,2.237336730957031,Leave_One_experiments/all_year_offline_schedule_search/daily_outputs/HLA/HLA_2004_HLA2004_stress_grid_S0015_daily.csv
HLA,HLA,Hailun,2004,Leave_One_experiments\wth_generated_qc\HLA\HLA2004.WTH,dry_year;water_stress_year;nitrogen_stress_year;irrigation_responsive_year,irrigation_responsive,HLA2004_stress_grid_S0015,irrigation_positive_candidate,2004-06-17,169,50,45,"{""sim_day"": 50.0, ""doy"": 169.0, ""topwt"": 111.23916625976562, ""grnwt"": 0.0, ""xlai"": 0.1224058791995048, ""totir"": 0.0, ""tofer"": NaN, ""swfac"": 0.0, ""nstres"": 0.798799991607666}",0.0,0.798799991607666,111.23916625976562,0.0,0.1224058791995048,0.0,,0.0,0.0,20.0,0.0,-5.762663269042969,2.237336730957031,Leave_One_experiments/all_year_offline_schedule_search/daily_outputs/HLA/HLA_2004_HLA2004_stress_grid_S0015_daily.csv
HLA,HLA,Hailun,2004,Leave_One_experiments\wth_generated_qc\HLA\HLA2004.WTH,dry_year;water_stress_year;nitrogen_stress_year;irrigation_responsive_year,irrigation_responsive,HLA2004_stress_grid_S0015,irrigation_positive_candidate,2004-06-18,170,51,46,"{""sim_day"": 51.0, ""doy"": 170.0, ""topwt"": 111.24005317687988, ""grnwt"": 0.0, ""xlai"": 0.116292767226696, ""totir"": 0.0, ""tofer"": NaN, ""swfac"": 0.0, ""nstres"": 0.798799991607666}",0.0,0.798799991607666,111.24005317687988,0.0,0.116292767226696,0.0,,0.0,0.0,20.0,0.0,-5.762663269042969,2.237336730957031,Leave_One_experiments/all_year_offline_schedule_search/daily_outputs/HLA/HLA_2004_HLA2004_stress_grid_S0015_daily.csv
HLA,HLA,Hailun,2004,Leave_One_experiments\wth_generated_qc\HLA\HLA2004.WTH,dry_year;water_stress_year;nitrogen_stress_year;irrigation_responsive_year,irrigation_responsive,HLA2004_stress_grid_S0015,irrigation_positive_candidate,2004-06-19,171,52,47,"{""sim_day"": 52.0, ""doy"": 171.0, ""topwt"": 111.2452507019043, ""grnwt"": 0.0, ""xlai"": 0.1104918047785759, ""totir"": 0.0, ""tofer"": NaN, ""swfac"": 0.0, ""nstres"": 0.798799991607666}",0.0,0.798799991607666,111.2452507019043,0.0,0.1104918047785759,0.0,,0.0,0.0,20.0,0.0,-5.762663269042969,2.237336730957031,Leave_One_experiments/all_year_offline_schedule_search/daily_outputs/HLA/HLA_2004_HLA2004_stress_grid_S0015_daily.csv
HLA,HLA,Hailun,2004,Leave_One_experiments\wth_generated_qc\HLA\HLA2004.WTH,dry_year;water_stress_year;nitrogen_stress_year;irrigation_responsive_year,irrigation_responsive,HLA2004_stress_grid_S0015,irrigation_positive_candidate,2004-06-20,172,53,48,"{""sim_day"": 53.0, ""doy"": 172.0, ""topwt"": 111.2729835510254, ""grnwt"": 0.0, ""xlai"": 0.1050177067518234, ""totir"": 0.0, ""tofer"": NaN, ""swfac"": 0.0, ""nstres"": 0.798799991607666}",0.0,0.798799991607666,111.2729835510254,0.0,0.1050177067518234,0.0,,0.0,0.0,20.0,0.0,-5.762663269042969,2.237336730957031,Leave_One_experiments/all_year_offline_schedule_search/daily_outputs/HLA/HLA_2004_HLA2004_stress_grid_S0015_daily.csv
HLA,HLA,Hailun,2004,Leave_One_experiments\wth_generated_qc\HLA\HLA2004.WTH,dry_year;water_stress_year;nitrogen_stress_year;irrigation_responsive_year,irrigation_responsive,HLA2004_stress_grid_S0015,irrigation_positive_candidate,2004-06-21,173,54,49,"{""sim_day"": 54.0, ""doy"": 173.0, ""topwt"": 111.63264274597168, ""grnwt"": 0.0, ""xlai"": 0.1003975048661232, ""totir"": 0.0, ""tofer"": NaN, ""swfac"": 0.0, ""nstres"": 0.7923420369625092}",0.0,0.7923420369625092,111.63264274597168,0.0,0.1003975048661232,0.0,,0.0,0.0,20.0,0.0,-5.762663269042969,2.237336730957031,Leave_One_experiments/all_year_offline_schedule_search/daily_outputs/HLA/HLA_2004_HLA2004_stress_grid_S0015_daily.csv
HLA,HLA,Hailun,2004,Leave_One_experiments\wth_generated_qc\HLA\HLA2004.WTH,dry_year;water_stress_year;nitrogen_stress_year;irrigation_responsive_year,irrigation_responsive,HLA2004_stress_grid_S0015,irrigation_positive_candidate,2004-06-22,174,55,50,"{""sim_day"": 55.0, ""doy"": 174.0, ""topwt"": 112.88238525390624, ""grnwt"": 0.0, ""xlai"": 0.0975079461932182, ""totir"": 0.0, ""tofer"": NaN, ""swfac"": 0.0, ""nstres"": 0.7761052250862122}",0.0,0.7761052250862122,112.88238525390624,0.0,0.0975079461932182,0.0,,0.0,0.0,20.0,0.0,-5.762663269042969,2.237336730957031,Leave_One_experiments/all_year_offline_schedule_search/daily_outputs/HLA/HLA_2004_HLA2004_stress_grid_S0015_daily.csv
HLA,HLA,Hailun,2004,Leave_One_experiments\wth_generated_qc\HLA\HLA2004.WTH,dry_year;water_stress_year;nitrogen_stress_year;irrigation_responsive_year,irrigation_responsive,HLA2004_stress_grid_S0015,irrigation_positive_candidate,2004-06-23,175,56,51,"{""sim_day"": 56.0, ""doy"": 175.0, ""topwt"": 115.30922889709473, ""grnwt"": 0.0, ""xlai"": 0.0966091305017471, ""totir"": 0.0, ""tofer"": NaN, ""swfac"": 0.0, ""nstres"": 0.7598386704921722}",0.0,0.7598386704921722,115.30922889709473,0.0,0.0966091305017471,0.0,,0.0,0.0,20.0,0.0,-5.762663269042969,2.237336730957031,Leave_One_experiments/all_year_offline_schedule_search/daily_outputs/HLA/HLA_2004_HLA2004_stress_grid_S0015_daily.csv
HLA,HLA,Hailun,2004,Leave_One_experiments\wth_generated_qc\HLA\HLA2004.WTH,dry_year;water_stress_year;nitrogen_stress_year;irrigation_responsive_year,irrigation_responsive,HLA2004_stress_grid_S0015,irrigation_positive_candidate,2004-06-24,176,57,52,"{""sim_day"": 57.0, ""doy"": 176.0, ""topwt"": 118.86417388916016, ""grnwt"": 0.0, ""xlai"": 0.0973776951432228, ""totir"": 0.0, ""tofer"": NaN, ""swfac"": 0.0, ""nstres"": 0.7430344521999359}",0.0,0.7430344521999359,118.86417388916016,0.0,0.0973776951432228,0.0,,0.0,0.0,20.0,0.0,-5.762663269042969,2.237336730957031,Leave_One_experiments/all_year_offline_schedule_search/daily_outputs/HLA/HLA_2004_HLA2004_stress_grid_S0015_daily.csv
HLA,HLA,Hailun,2004,Leave_One_experiments\wth_generated_qc\HLA\HLA2004.WTH,dry_year;water_stress_year;nitrogen_stress_year;irrigation_responsive_year,irrigation_responsive,HLA2004_stress_grid_S0015,irrigation_positive_candidate,2004-06-25,177,58,53,"{""sim_day"": 58.0, ""doy"": 177.0, ""topwt"": 123.66451263427734, ""grnwt"": 0.0, ""xlai"": 0.0997217893600463, ""totir"": 0.0, ""tofer"": NaN, ""swfac"": 0.0, ""nstres"": 0.7287200391292572}",0.0,0.7287200391292572,123.66451263427734,0.0,0.0997217893600463,0.0,,0.0,0.0,20.0,0.0,-5.762663269042969,2.237336730957031,Leave_One_experiments/all_year_offline_schedule_search/daily_outputs/HLA/HLA_2004_HLA2004_stress_grid_S0015_daily.csv
HLA,HLA,Hailun,2004,Leave_One_experiments\wth_generated_qc\HLA\HLA2004.WTH,dry_year;water_stress_year;nitrogen_stress_year;irrigation_responsive_year,irrigation_responsive,HLA2004_stress_grid_S0015,irrigation_positive_candidate,2004-06-26,178,59,54,"{""sim_day"": 59.0, ""doy"": 178.0, ""topwt"": 130.01643180847168, ""grnwt"": 0.0, ""xlai"": 0.103747583925724, ""totir"": 0.0, ""tofer"": NaN, ""swfac"": 0.0, ""nstres"": 0.7177932858467102}",0.0,0.7177932858467102,130.01643180847168,0.0,0.103747583925724,0.0,,0.0,0.0,20.0,0.0,-5.762663269042969,2.237336730957031,Leave_One_experiments/all_year_offline_schedule_search/daily_outputs/HLA/HLA_2004_HLA2004_stress_grid_S0015_daily.csv
HLA,HLA,Hailun,2004,Leave_One_experiments\wth_generated_qc\HLA\HLA2004.WTH,dry_year;water_stress_year;nitrogen_stress_year;irrigation_responsive_year,irrigation_responsive,HLA2004_stress_grid_S0015,irrigation_positive_candidate,2004-06-27,179,60,55,"{""sim_day"": 60.0, ""doy"": 179.0, ""topwt"": 135.7093334197998, ""grnwt"": 0.0, ""xlai"": 0.1063330769538879, ""totir"": 0.0, ""tofer"": NaN, ""swfac"": 0.0, ""nstres"": 0.7129378318786621}",0.0,0.7129378318786621,135.7093334197998,0.0,0.1063330769538879,0.0,,0.0,0.0,20.0,0.0,-5.762663269042969,2.237336730957031,Leave_One_experiments/all_year_offline_schedule_search/daily_outputs/HLA/HLA_2004_HLA2004_stress_grid_S0015_daily.csv
HLA,HLA,Hailun,2004,Leave_One_experiments\wth_generated_qc\HLA\HLA2004.WTH,dry_year;water_stress_year;nitrogen_stress_year;irrigation_responsive_year,irrigation_responsive,HLA2004_stress_grid_S0015,irrigation_positive_candidate,2004-06-28,180,61,56,"{""sim_day"": 61.0, ""doy"": 180.0, ""topwt"": 139.90785598754883, ""grnwt"": 0.0, ""xlai"": 0.1066554561257362, ""totir"": 0.0, ""tofer"": NaN, ""swfac"": 0.0, ""nstres"": 0.7127956748008728}",0.0,0.7127956748008728,139.90785598754883,0.0,0.1066554561257362,0.0,,0.0,0.0,20.0,0.0,-5.762663269042969,2.237336730957031,Leave_One_experiments/all_year_offline_schedule_search/daily_outputs/HLA/HLA_2004_HLA2004_stress_grid_S0015_daily.csv
HLA,HLA,Hailun,2004,Leave_One_experiments\wth_generated_qc\HLA\HLA2004.WTH,dry_year;water_stress_year;nitrogen_stress_year;irrigation_responsive_year,irrigation_responsive,HLA2004_stress_grid_S0015,irrigation_positive_candidate,2004-06-29,181,62,57,"{""sim_day"": 62.0, ""doy"": 181.0, ""topwt"": 145.04271507263184, ""grnwt"": 0.0, ""xlai"": 0.1078922599554061, ""totir"": 0.0, ""tofer"": NaN, ""swfac"": 0.0, ""nstres"": 0.7099354267120361}",0.0,0.7099354267120361,145.04271507263184,0.0,0.1078922599554061,0.0,,0.0,0.0,20.0,0.0,-5.762663269042969,2.237336730957031,Leave_One_experiments/all_year_offline_schedule_search/daily_outputs/HLA/HLA_2004_HLA2004_stress_grid_S0015_daily.csv
HLA,HLA,Hailun,2004,Leave_One_experiments\wth_generated_qc\HLA\HLA2004.WTH,dry_year;water_stress_year;nitrogen_stress_year;irrigation_responsive_year,irrigation_responsive,HLA2004_stress_grid_S0015,irrigation_positive_candidate,2004-06-30,182,63,58,"{""sim_day"": 63.0, ""doy"": 182.0, ""topwt"": 149.10320281982422, ""grnwt"": 0.0, ""xlai"": 0.1076200380921363, ""totir"": 0.0, ""tofer"": NaN, ""swfac"": 0.0, ""nstres"": 0.7020329236984253}",0.0,0.7020329236984253,149.10320281982422,0.0,0.1076200380921363,0.0,,0.0,0.0,20.0,0.0,-5.762663269042969,2.237336730957031,Leave_One_experiments/all_year_offline_schedule_search/daily_outputs/HLA/HLA_2004_HLA2004_stress_grid_S0015_daily.csv
HLA,HLA,Hailun,2004,Leave_One_experiments\wth_generated_qc\HLA\HLA2004.WTH,dry_year;water_stress_year;nitrogen_stress_year;irrigation_responsive_year,irrigation_responsive,HLA2004_stress_grid_S0015,irrigation_positive_candidate,2004-07-01,183,64,59,"{""sim_day"": 64.0, ""doy"": 183.0, ""topwt"": 151.19067192077637, ""grnwt"": 0.0, ""xlai"": 0.1050169542431831, ""totir"": 0.0, ""tofer"": NaN, ""swfac"": 0.0, ""nstres"": 0.6987515389919281}",0.0,0.6987515389919281,151.19067192077637,0.0,0.1050169542431831,0.0,,0.0,0.0,20.0,0.0,-5.762663269042969,2.237336730957031,Leave_One_experiments/all_year_offline_schedule_search/daily_outputs/HLA/HLA_2004_HLA2004_stress_grid_S0015_daily.csv
HLA,HLA,Hailun,2004,Leave_One_experiments\wth_generated_qc\HLA\HLA2004.WTH,dry_year;water_stress_year;nitrogen_stress_year;irrigation_responsive_year,irrigation_responsive,HLA2004_stress_grid_S0015,irrigation_positive_candidate,2004-07-02,184,65,60,"{""sim_day"": 65.0, ""doy"": 184.0, ""topwt"": 155.70476531982422, ""grnwt"": 0.0, ""xlai"": 0.1051072999835014, ""totir"": 0.0, ""tofer"": NaN, ""swfac"": 0.0, ""nstres"": 0.6920713186264038}",0.0,0.6920713186264038,155.70476531982422,0.0,0.1051072999835014,0.0,,0.0,0.0,20.0,0.0,-5.762663269042969,2.237336730957031,Leave_One_experiments/all_year_offline_schedule_search/daily_outputs/HLA/HLA_2004_HLA2004_stress_grid_S0015_daily.csv
HLA,HLA,Hailun,2004,Leave_One_experiments\wth_generated_qc\HLA\HLA2004.WTH,dry_year;water_stress_year;nitrogen_stress_year;irrigation_responsive_year,irrigation_responsive,HLA2004_stress_grid_S0015,irrigation_positive_candidate,2004-07-03,185,66,61,"{""sim_day"": 66.0, ""doy"": 185.0, ""topwt"": 163.9111328125, ""grnwt"": 0.0, ""xlai"": 0.1088719964027404, ""totir"": 0.0, ""tofer"": NaN, ""swfac"": 0.0, ""nstres"": 0.6785804033279419}",0.0,0.6785804033279419,163.9111328125,0.0,0.1088719964027404,0.0,,0.0,0.0,20.0,0.0,-5.762663269042969,2.237336730957031,Leave_One_experiments/all_year_offline_schedule_search/daily_outputs/HLA/HLA_2004_HLA2004_stress_grid_S0015_daily.csv
HLA,HLA,Hailun,2004,Leave_One_experiments\wth_generated_qc\HLA\HLA2004.WTH,dry_year;water_stress_year;nitrogen_stress_year;irrigation_responsive_year,irrigation_responsive,HLA2004_stress_grid_S0015,irrigation_positive_candidate,2004-07-04,186,67,62,"{""sim_day"": 67.0, ""doy"": 186.0, ""topwt"": 166.38431549072266, ""grnwt"": 0.0, ""xlai"": 0.1064307317137718, ""totir"": 0.0, ""tofer"": NaN, ""swfac"": 0.0, ""nstres"": 0.6739835143089294}",0.0,0.6739835143089294,166.38431549072266,0.0,0.1064307317137718,0.0,,0.0,0.0,20.0,0.0,-5.762663269042969,2.237336730957031,Leave_One_experiments/all_year_offline_schedule_search/daily_outputs/HLA/HLA_2004_HLA2004_stress_grid_S0015_daily.csv
HLA,HLA,Hailun,2004,Leave_One_experiments\wth_generated_qc\HLA\HLA2004.WTH,dry_year;water_stress_year;nitrogen_stress_year;irrigation_responsive_year,irrigation_responsive,HLA2004_stress_grid_S0015,irrigation_positive_candidate,2004-07-05,187,68,63,"{""sim_day"": 68.0, ""doy"": 187.0, ""topwt"": 171.24618530273438, ""grnwt"": 0.0, ""xlai"": 0.1062735691666603, ""totir"": 0.0, ""tofer"": NaN, ""swfac"": 0.0, ""nstres"": 0.6815893352031708}",0.0,0.6815893352031708,171.24618530273438,0.0,0.1062735691666603,0.0,,0.0,0.0,20.0,0.0,-5.762663269042969,2.237336730957031,Leave_One_experiments/all_year_offline_schedule_search/daily_outputs/HLA/HLA_2004_HLA2004_stress_grid_S0015_daily.csv
HLA,HLA,Hailun,2004,Leave_One_experiments\wth_generated_qc\HLA\HLA2004.WTH,dry_year;water_stress_year;nitrogen_stress_year;irrigation_responsive_year,irrigation_responsive,HLA2004_stress_grid_S0015,irrigation_positive_candidate,2004-07-06,188,69,64,"{""sim_day"": 69.0, ""doy"": 188.0, ""topwt"": 176.67469024658203, ""grnwt"": 0.0, ""xlai"": 0.1065041199326515, ""totir"": 0.0, ""tofer"": NaN, ""swfac"": 0.0, ""nstres"": 0.6712131202220917}",0.0,0.6712131202220917,176.67469024658203,0.0,0.1065041199326515,0.0,,0.0,0.0,20.0,0.0,-5.762663269042969,2.237336730957031,Leave_One_experiments/all_year_offline_schedule_search/daily_outputs/HLA/HLA_2004_HLA2004_stress_grid_S0015_daily.csv
HLA,HLA,Hailun,2004,Leave_One_experiments\wth_generated_qc\HLA\HLA2004.WTH,dry_year;water_stress_year;nitrogen_stress_year;irrigation_responsive_year,irrigation_responsive,HLA2004_stress_grid_S0015,irrigation_positive_candidate,2004-07-07,189,70,65,"{""sim_day"": 70.0, ""doy"": 189.0, ""topwt"": 182.64583587646484, ""grnwt"": 0.0, ""xlai"": 0.1069977283477783, ""totir"": 0.0, ""tofer"": NaN, ""swfac"": 0.0, ""nstres"": 0.6673177480697632}",0.0,0.6673177480697632,182.64583587646484,0.0,0.1069977283477783,0.0,,0.0,0.0,20.0,0.0,-5.762663269042969,2.237336730957031,Leave_One_experiments/all_year_offline_schedule_search/daily_outputs/HLA/HLA_2004_HLA2004_stress_grid_S0015_daily.csv
HLA,HLA,Hailun,2004,Leave_One_experiments\wth_generated_qc\HLA\HLA2004.WTH,dry_year;water_stress_year;nitrogen_stress_year;irrigation_responsive_year,irrigation_responsive,HLA2004_stress_grid_S0015,irrigation_positive_candidate,2004-07-08,190,71,66,"{""sim_day"": 71.0, ""doy"": 190.0, ""topwt"": 189.6697235107422, ""grnwt"": 0.0, ""xlai"": 0.1081086546182632, ""totir"": 0.0, ""tofer"": NaN, ""swfac"": 0.0, ""nstres"": 0.6631004810333252}",0.0,0.6631004810333252,189.6697235107422,0.0,0.1081086546182632,0.0,,0.0,0.0,20.0,0.0,-5.762663269042969,2.237336730957031,Leave_One_experiments/all_year_offline_schedule_search/daily_outputs/HLA/HLA_2004_HLA2004_stress_grid_S0015_daily.csv
HLA,HLA,Hailun,2004,Leave_One_experiments\wth_generated_qc\HLA\HLA2004.WTH,dry_year;water_stress_year;nitrogen_stress_year;irrigation_responsive_year,irrigation_responsive,HLA2004_stress_grid_S0015,irrigation_positive_candidate,2004-07-09,191,72,67,"{""sim_day"": 72.0, ""doy"": 191.0, ""topwt"": 198.40337753295896, ""grnwt"": 0.0, ""xlai"": 0.1102402582764625, ""totir"": 0.0, ""tofer"": NaN, ""swfac"": 0.0, ""nstres"": 0.6590326726436615}",0.0,0.6590326726436615,198.40337753295896,0.0,0.1102402582764625,0.0,,0.0,0.0,20.0,0.0,-5.762663269042969,2.237336730957031,Leave_One_experiments/all_year_offline_schedule_search/daily_outputs/HLA/HLA_2004_HLA2004_stress_grid_S0015_daily.csv
HLA,HLA,Hailun,2004,Leave_One_experiments\wth_generated_qc\HLA\HLA2004.WTH,dry_year;water_stress_year;nitrogen_stress_year;irrigation_responsive_year,irrigation_responsive,HLA2004_stress_grid_S0015,irrigation_positive_candidate,2004-07-10,192,73,68,"{""sim_day"": 73.0, ""doy"": 192.0, ""topwt"": 211.4628219604492, ""grnwt"": 0.0, ""xlai"": 0.1151888146996498, ""totir"": 0.0, ""tofer"": NaN, ""swfac"": 0.0, ""nstres"": 0.6576257646083832}",0.0,0.6576257646083832,211.4628219604492,0.0,0.1151888146996498,0.0,,0.0,0.0,20.0,0.0,-5.762663269042969,2.237336730957031,Leave_One_experiments/all_year_offline_schedule_search/daily_outputs/HLA/HLA_2004_HLA2004_stress_grid_S0015_daily.csv
HLA,HLA,Hailun,2004,Leave_One_experiments\wth_generated_qc\HLA\HLA2004.WTH,dry_year;water_stress_year;nitrogen_stress_year;irrigation_responsive_year,irrigation_responsive,HLA2004_stress_grid_S0015,irrigation_positive_candidate,2004-07-11,193,74,69,"{""sim_day"": 74.0, ""doy"": 193.0, ""topwt"": 224.58829879760745, ""grnwt"": 0.0, ""xlai"": 0.1194229200482368, ""totir"": 0.0, ""tofer"": NaN, ""swfac"": 0.0, ""nstres"": 0.6584252715110779}",0.0,0.6584252715110779,224.58829879760745,0.0,0.1194229200482368,0.0,,0.0,0.0,20.0,0.0,-5.762663269042969,2.237336730957031,Leave_One_experiments/all_year_offline_schedule_search/daily_outputs/HLA/HLA_2004_HLA2004_stress_grid_S0015_daily.csv
HLA,HLA,Hailun,2004,Leave_One_experiments\wth_generated_qc\HLA\HLA2004.WTH,dry_year;water_stress_year;nitrogen_stress_year;irrigation_responsive_year,irrigation_responsive,HLA2004_stress_grid_S0015,irrigation_positive_candidate,2004-07-12,194,75,70,"{""sim_day"": 75.0, ""doy"": 194.0, ""topwt"": 238.53687286376956, ""grnwt"": 0.0, ""xlai"": 0.131140649318695, ""totir"": 0.0, ""tofer"": NaN, ""swfac"": 0.0, ""nstres"": 0.6626017093658447}",0.0,0.6626017093658447,238.53687286376956,0.0,0.131140649318695,0.0,,0.0,0.0,20.0,0.0,-5.762663269042969,2.237336730957031,Leave_One_experiments/all_year_offline_schedule_search/daily_outputs/HLA/HLA_2004_HLA2004_stress_grid_S0015_daily.csv
HLA,HLA,Hailun,2004,Leave_One_experiments\wth_generated_qc\HLA\HLA2004.WTH,dry_year;water_stress_year;nitrogen_stress_year;irrigation_responsive_year,irrigation_responsive,HLA2004_stress_grid_S0015,irrigation_positive_candidate,2004-07-13,195,76,71,"{""sim_day"": 76.0, ""doy"": 195.0, ""topwt"": 252.48062133789065, ""grnwt"": 0.0, ""xlai"": 0.1335669457912445, ""totir"": 0.0, ""tofer"": NaN, ""swfac"": 0.0, ""nstres"": 0.6622394323348999}",0.0,0.6622394323348999,252.48062133789065,0.0,0.1335669457912445,0.0,,0.0,0.0,20.0,0.0,-5.762663269042969,2.237336730957031,Leave_One_experiments/all_year_offline_schedule_search/daily_outputs/HLA/HLA_2004_HLA2004_stress_grid_S0015_daily.csv
HLA,HLA,Hailun,2004,Leave_One_experiments\wth_generated_qc\HLA\HLA2004.WTH,dry_year;water_stress_year;nitrogen_stress_year;irrigation_responsive_year,irrigation_responsive,HLA2004_stress_grid_S0015,irrigation_positive_candidate,2004-07-14,196,77,72,"{""sim_day"": 77.0, ""doy"": 196.0, ""topwt"": 267.0468330383301, ""grnwt"": 0.0, ""xlai"": 0.1345449239015579, ""totir"": 0.0, ""tofer"": NaN, ""swfac"": 0.0, ""nstres"": 0.6617133617401123}",0.0,0.6617133617401123,267.0468330383301,0.0,0.1345449239015579,0.0,,0.0,0.0,20.0,0.0,-5.762663269042969,2.237336730957031,Leave_One_experiments/all_year_offline_schedule_search/daily_outputs/HLA/HLA_2004_HLA2004_stress_grid_S0015_daily.csv
HLA,HLA,Hailun,2004,Leave_One_experiments\wth_generated_qc\HLA\HLA2004.WTH,dry_year;water_stress_year;nitrogen_stress_year;irrigation_responsive_year,irrigation_responsive,HLA2004_stress_grid_S0015,irrigation_positive_candidate,2004-07-15,197,78,73,"{""sim_day"": 78.0, ""doy"": 197.0, ""topwt"": 275.8953285217285, ""grnwt"": 0.0, ""xlai"": 0.1322158724069595, ""totir"": 0.0, ""tofer"": NaN, ""swfac"": 0.0, ""nstres"": 0.6593350172042847}",0.0,0.6593350172042847,275.8953285217285,0.0,0.1322158724069595,0.0,,0.0,0.0,20.0,0.0,-5.762663269042969,2.237336730957031,Leave_One_experiments/all_year_offline_schedule_search/daily_outputs/HLA/HLA_2004_HLA2004_stress_grid_S0015_daily.csv
HLA,HLA,Hailun,2004,Leave_One_experiments\wth_generated_qc\HLA\HLA2004.WTH,dry_year;water_stress_year;nitrogen_stress_year;irrigation_responsive_year,irrigation_responsive,HLA2004_stress_grid_S0015,irrigation_positive_candidate,2004-07-16,198,79,74,"{""sim_day"": 79.0, ""doy"": 198.0, ""topwt"": 288.9755630493164, ""grnwt"": 0.0, ""xlai"": 0.1311885714530944, ""totir"": 0.0, ""tofer"": NaN, ""swfac"": 0.0, ""nstres"": 0.6555790603160858}",0.0,0.6555790603160858,288.9755630493164,0.0,0.1311885714530944,0.0,,0.0,0.0,20.0,0.0,-5.762663269042969,2.237336730957031,Leave_One_experiments/all_year_offline_schedule_search/daily_outputs/HLA/HLA_2004_HLA2004_stress_grid_S0015_daily.csv
HLA,HLA,Hailun,2004,Leave_One_experiments\wth_generated_qc\HLA\HLA2004.WTH,dry_year;water_stress_year;nitrogen_stress_year;irrigation_responsive_year,irrigation_responsive,HLA2004_stress_grid_S0015,irrigation_positive_candidate,2004-07-17,199,80,75,"{""sim_day"": 80.0, ""doy"": 199.0, ""topwt"": 296.93490982055664, ""grnwt"": 0.0, ""xlai"": 0.1281362920999527, ""totir"": 0.0, ""tofer"": NaN, ""swfac"": 0.0, ""nstres"": 0.6426137685775757}",0.0,0.6426137685775757,296.93490982055664,0.0,0.1281362920999527,0.0,,0.0,0.0,20.0,0.0,-5.762663269042969,2.237336730957031,Leave_One_experiments/all_year_offline_schedule_search/daily_outputs/HLA/HLA_2004_HLA2004_stress_grid_S0015_daily.csv
HLA,HLA,Hailun,2004,Leave_One_experiments\wth_generated_qc\HLA\HLA2004.WTH,dry_year;water_stress_year;nitrogen_stress_year;irrigation_responsive_year,irrigation_responsive,HLA2004_stress_grid_S0015,irrigation_positive_candidate,2004-07-18,200,81,76,"{""sim_day"": 81.0, ""doy"": 200.0, ""topwt"": 309.09862518310547, ""grnwt"": 0.0, ""xlai"": 0.1263880282640457, ""totir"": 0.0, ""tofer"": NaN, ""swfac"": 0.0, ""nstres"": 0.6351659297943115}",0.0,0.6351659297943115,309.09862518310547,0.0,0.1263880282640457,0.0,,0.0,0.0,20.0,0.0,-5.762663269042969,2.237336730957031,Leave_One_experiments/all_year_offline_schedule_search/daily_outputs/HLA/HLA_2004_HLA2004_stress_grid_S0015_daily.csv
HLA,HLA,Hailun,2004,Leave_One_experiments\wth_generated_qc\HLA\HLA2004.WTH,dry_year;water_stress_year;nitrogen_stress_year;irrigation_responsive_year,irrigation_responsive,HLA2004_stress_grid_S0015,irrigation_positive_candidate,2004-07-19,201,82,77,"{""sim_day"": 82.0, ""doy"": 201.0, ""topwt"": 325.35369873046875, ""grnwt"": 0.0, ""xlai"": 0.1258028596639633, ""totir"": 0.0, ""tofer"": NaN, ""swfac"": 0.0, ""nstres"": 0.6219720542430878}",0.0,0.6219720542430878,325.35369873046875,0.0,0.1258028596639633,0.0,,0.0,0.0,20.0,0.0,-5.762663269042969,2.237336730957031,Leave_One_experiments/all_year_offline_schedule_search/daily_outputs/HLA/HLA_2004_HLA2004_stress_grid_S0015_daily.csv
HLA,HLA,Hailun,2004,Leave_One_experiments\wth_generated_qc\HLA\HLA2004.WTH,dry_year;water_stress_year;nitrogen_stress_year;irrigation_responsive_year,irrigation_responsive,HLA2004_stress_grid_S0015,irrigation_positive_candidate,2004-07-20,202,83,78,"{""sim_day"": 83.0, ""doy"": 202.0, ""topwt"": 340.47607421875, ""grnwt"": 0.0, ""xlai"": 0.1247103214263916, ""totir"": 0.0, ""tofer"": NaN, ""swfac"": 0.0, ""nstres"": 0.6140937209129333}",0.0,0.6140937209129333,340.47607421875,0.0,0.1247103214263916,0.0,,0.0,0.0,20.0,0.0,-5.762663269042969,2.237336730957031,Leave_One_experiments/all_year_offline_schedule_search/daily_outputs/HLA/HLA_2004_HLA2004_stress_grid_S0015_daily.csv
HLA,HLA,Hailun,2004,Leave_One_experiments\wth_generated_qc\HLA\HLA2004.WTH,dry_year;water_stress_year;nitrogen_stress_year;irrigation_responsive_year,irrigation_responsive,HLA2004_stress_grid_S0015,irrigation_positive_candidate,2004-07-21,203,84,79,"{""sim_day"": 84.0, ""doy"": 203.0, ""topwt"": 347.01393127441406, ""grnwt"": 0.0, ""xlai"": 0.1210937723517417, ""totir"": 0.0, ""tofer"": NaN, ""swfac"": 0.0, ""nstres"": 0.6183913350105286}",0.0,0.6183913350105286,347.01393127441406,0.0,0.1210937723517417,0.0,,0.0,0.0,20.0,0.0,-5.762663269042969,2.237336730957031,Leave_One_experiments/all_year_offline_schedule_search/daily_outputs/HLA/HLA_2004_HLA2004_stress_grid_S0015_daily.csv
HLA,HLA,Hailun,2004,Leave_One_experiments\wth_generated_qc\HLA\HLA2004.WTH,dry_year;water_stress_year;nitrogen_stress_year;irrigation_responsive_year,irrigation_responsive,HLA2004_stress_grid_S0015,irrigation_positive_candidate,2004-07-22,204,85,80,"{""sim_day"": 85.0, ""doy"": 204.0, ""topwt"": 356.64703369140625, ""grnwt"": 0.0, ""xlai"": 0.1184530258178711, ""totir"": 20.0, ""tofer"": NaN, ""swfac"": 0.0, ""nstres"": 0.6205072104930878}",0.0,0.6205072104930878,356.64703369140625,0.0,0.1184530258178711,20.0,,20.0,0.0,20.0,0.0,-5.762663269042969,2.237336730957031,Leave_One_experiments/all_year_offline_schedule_search/daily_outputs/HLA/HLA_2004_HLA2004_stress_grid_S0015_daily.csv
HLA,HLA,Hailun,2004,Leave_One_experiments\wth_generated_qc\HLA\HLA2004.WTH,dry_year;water_stress_year;nitrogen_stress_year;irrigation_responsive_year,irrigation_responsive,HLA2004_stress_grid_S0015,irrigation_positive_candidate,2004-07-23,205,86,81,"{""sim_day"": 86.0, ""doy"": 205.0, ""topwt"": 373.1237030029297, ""grnwt"": 0.0, ""xlai"": 0.1178402304649353, ""totir"": 20.0, ""tofer"": NaN, ""swfac"": 0.0, ""nstres"": 0.6058483123779297}",0.0,0.6058483123779297,373.1237030029297,0.0,0.1178402304649353,20.0,,0.0,0.0,20.0,0.0,-5.762663269042969,2.237336730957031,Leave_One_experiments/all_year_offline_schedule_search/daily_outputs/HLA/HLA_2004_HLA2004_stress_grid_S0015_daily.csv
HLA,HLA,Hailun,2004,Leave_One_experiments\wth_generated_qc\HLA\HLA2004.WTH,dry_year;water_stress_year;nitrogen_stress_year;irrigation_responsive_year,irrigation_responsive,HLA2004_stress_grid_S0015,irrigation_positive_candidate,2004-07-24,206,87,82,"{""sim_day"": 87.0, ""doy"": 206.0, ""topwt"": 389.07997131347656, ""grnwt"": 0.0, ""xlai"": 0.1171558201313018, ""totir"": 20.0, ""tofer"": NaN, ""swfac"": 0.0, ""nstres"": 0.5969177782535553}",0.0,0.5969177782535553,389.07997131347656,0.0,0.1171558201313018,20.0,,0.0,0.0,20.0,0.0,-5.762663269042969,2.237336730957031,Leave_One_experiments/all_year_offline_schedule_search/daily_outputs/HLA/HLA_2004_HLA2004_stress_grid_S0015_daily.csv
HLA,HLA,Hailun,2004,Leave_One_experiments\wth_generated_qc\HLA\HLA2004.WTH,dry_year;water_stress_year;nitrogen_stress_year;irrigation_responsive_year,irrigation_responsive,HLA2004_stress_grid_S0015,irrigation_positive_candidate,2004-07-25,207,88,83,"{""sim_day"": 88.0, ""doy"": 207.0, ""topwt"": 404.8585891723633, ""grnwt"": 0.0, ""xlai"": 0.1164383515715599, ""totir"": 20.0, ""tofer"": NaN, ""swfac"": 0.0, ""nstres"": 0.5991350710391998}",0.0,0.5991350710391998,404.8585891723633,0.0,0.1164383515715599,20.0,,0.0,0.0,20.0,0.0,-5.762663269042969,2.237336730957031,Leave_One_experiments/all_year_offline_schedule_search/daily_outputs/HLA/HLA_2004_HLA2004_stress_grid_S0015_daily.csv
HLA,HLA,Hailun,2004,Leave_One_experiments\wth_generated_qc\HLA\HLA2004.WTH,dry_year;water_stress_year;nitrogen_stress_year;irrigation_responsive_year,irrigation_responsive,HLA2004_stress_grid_S0015,irrigation_positive_candidate,2004-07-26,208,89,84,"{""sim_day"": 89.0, ""doy"": 208.0, ""topwt"": 414.5824432373047, ""grnwt"": 0.0, ""xlai"": 0.1141043454408645, ""totir"": 20.0, ""tofer"": NaN, ""swfac"": 0.0, ""nstres"": 0.6021875739097595}",0.0,0.6021875739097595,414.5824432373047,0.0,0.1141043454408645,20.0,,0.0,0.0,20.0,0.0,-5.762663269042969,2.237336730957031,Leave_One_experiments/all_year_offline_schedule_search/daily_outputs/HLA/HLA_2004_HLA2004_stress_grid_S0015_daily.csv
HLA,HLA,Hailun,2004,Leave_One_experiments\wth_generated_qc\HLA\HLA2004.WTH,dry_year;water_stress_year;nitrogen_stress_year;irrigation_responsive_year,irrigation_responsive,HLA2004_stress_grid_S0015,irrigation_positive_candidate,2004-07-27,209,90,85,"{""sim_day"": 90.0, ""doy"": 209.0, ""topwt"": 424.5523071289063, ""grnwt"": 0.0, ""xlai"": 0.1119362190365791, ""totir"": 20.0, ""tofer"": NaN, ""swfac"": 0.0, ""nstres"": 0.6015050709247589}",0.0,0.6015050709247589,424.5523071289063,0.0,0.1119362190365791,20.0,,0.0,0.0,20.0,0.0,-5.762663269042969,2.237336730957031,Leave_One_experiments/all_year_offline_schedule_search/daily_outputs/HLA/HLA_2004_HLA2004_stress_grid_S0015_daily.csv
HLA,HLA,Hailun,2004,Leave_One_experiments\wth_generated_qc\HLA\HLA2004.WTH,dry_year;water_stress_year;nitrogen_stress_year;irrigation_responsive_year,irrigation_responsive,HLA2004_stress_grid_S0015,irrigation_positive_candidate,2004-07-28,210,91,86,"{""sim_day"": 91.0, ""doy"": 210.0, ""topwt"": 432.7633666992188, ""grnwt"": 0.0, ""xlai"": 0.1094001159071922, ""totir"": 20.0, ""tofer"": NaN, ""swfac"": 0.0, ""nstres"": 0.5981962382793427}",0.0,0.5981962382793427,432.7633666992188,0.0,0.1094001159071922,20.0,,0.0,0.0,20.0,0.0,-5.762663269042969,2.237336730957031,Leave_One_experiments/all_year_offline_schedule_search/daily_outputs/HLA/HLA_2004_HLA2004_stress_grid_S0015_daily.csv
HLA,HLA,Hailun,2004,Leave_One_experiments\wth_generated_qc\HLA\HLA2004.WTH,dry_year;water_stress_year;nitrogen_stress_year;irrigation_responsive_year,irrigation_responsive,HLA2004_stress_grid_S0015,irrigation_positive_candidate,2004-07-29,211,92,87,"{""sim_day"": 92.0, ""doy"": 211.0, ""topwt"": 443.8576126098633, ""grnwt"": 0.0, ""xlai"": 0.1048557683825492, ""totir"": 20.0, ""tofer"": NaN, ""swfac"": 0.0, ""nstres"": 0.5969310104846954}",0.0,0.5969310104846954,443.8576126098633,0.0,0.1048557683825492,20.0,,0.0,0.0,20.0,0.0,-5.762663269042969,2.237336730957031,Leave_One_experiments/all_year_offline_schedule_search/daily_outputs/HLA/HLA_2004_HLA2004_stress_grid_S0015_daily.csv
HLA,HLA,Hailun,2004,Leave_One_experiments\wth_generated_qc\HLA\HLA2004.WTH,dry_year;water_stress_year;nitrogen_stress_year;irrigation_responsive_year,irrigation_responsive,HLA2004_stress_grid_S0015,irrigation_positive_candidate,2004-07-30,212,93,88,"{""sim_day"": 93.0, ""doy"": 212.0, ""topwt"": 454.5311737060547, ""grnwt"": 0.0, ""xlai"": 0.1005326509475708, ""totir"": 20.0, ""tofer"": NaN, ""swfac"": 0.0, ""nstres"": 0.5894998013973236}",0.0,0.5894998013973236,454.5311737060547,0.0,0.1005326509475708,20.0,,0.0,0.0,20.0,0.0,-5.762663269042969,2.237336730957031,Leave_One_experiments/all_year_offline_schedule_search/daily_outputs/HLA/HLA_2004_HLA2004_stress_grid_S0015_daily.csv
HLA,HLA,Hailun,2004,Leave_One_experiments\wth_generated_qc\HLA\HLA2004.WTH,dry_year;water_stress_year;nitrogen_stress_year;irrigation_responsive_year,irrigation_responsive,HLA2004_stress_grid_S0015,irrigation_positive_candidate,2004-07-31,213,94,89,"{""sim_day"": 94.0, ""doy"": 213.0, ""topwt"": 463.1512451171875, ""grnwt"": 0.0, ""xlai"": 0.0964061841368675, ""totir"": 20.0, ""tofer"": NaN, ""swfac"": 0.0, ""nstres"": 0.5851054787635803}",0.0,0.5851054787635803,463.1512451171875,0.0,0.0964061841368675,20.0,,0.0,0.0,20.0,0.0,-5.762663269042969,2.237336730957031,Leave_One_experiments/all_year_offline_schedule_search/daily_outputs/HLA/HLA_2004_HLA2004_stress_grid_S0015_daily.csv
HLA,HLA,Hailun,2004,Leave_One_experiments\wth_generated_qc\HLA\HLA2004.WTH,dry_year;water_stress_year;nitrogen_stress_year;irrigation_responsive_year,irrigation_responsive,HLA2004_stress_grid_S0015,irrigation_positive_candidate,2004-08-01,214,95,90,"{""sim_day"": 95.0, ""doy"": 214.0, ""topwt"": 467.8657531738281, ""grnwt"": 0.0, ""xlai"": 0.0924676209688186, ""totir"": 20.0, ""tofer"": NaN, ""swfac"": 0.0, ""nstres"": 0.5804908573627472}",0.0,0.5804908573627472,467.8657531738281,0.0,0.0924676209688186,20.0,,0.0,0.0,20.0,0.0,-5.762663269042969,2.237336730957031,Leave_One_experiments/all_year_offline_schedule_search/daily_outputs/HLA/HLA_2004_HLA2004_stress_grid_S0015_daily.csv
HLA,HLA,Hailun,2004,Leave_One_experiments\wth_generated_qc\HLA\HLA2004.WTH,dry_year;water_stress_year;nitrogen_stress_year;irrigation_responsive_year,irrigation_responsive,HLA2004_stress_grid_S0015,irrigation_positive_candidate,2004-08-02,215,96,91,"{""sim_day"": 96.0, ""doy"": 215.0, ""topwt"": 468.00254821777344, ""grnwt"": 0.0, ""xlai"": 0.0887174382805824, ""totir"": 20.0, ""tofer"": NaN, ""swfac"": 0.0, ""nstres"": 0.5733582675457001}",0.0,0.5733582675457001,468.00254821777344,0.0,0.0887174382805824,20.0,,0.0,0.0,20.0,0.0,-5.762663269042969,2.237336730957031,Leave_One_experiments/all_year_offline_schedule_search/daily_outputs/HLA/HLA_2004_HLA2004_stress_grid_S0015_daily.csv
HLA,HLA,Hailun,2004,Leave_One_experiments\wth_generated_qc\HLA\HLA2004.WTH,dry_year;water_stress_year;nitrogen_stress_year;irrigation_responsive_year,irrigation_responsive,HLA2004_stress_grid_S0015,irrigation_positive_candidate,2004-08-03,216,97,92,"{""sim_day"": 97.0, ""doy"": 216.0, ""topwt"": 474.93282318115234, ""grnwt"": 0.0, ""xlai"": 0.0851616188883781, ""totir"": 20.0, ""tofer"": NaN, ""swfac"": 0.0, ""nstres"": 0.5619246065616608}",0.0,0.5619246065616608,474.93282318115234,0.0,0.0851616188883781,20.0,,0.0,0.0,20.0,0.0,-5.762663269042969,2.237336730957031,Leave_One_experiments/all_year_offline_schedule_search/daily_outputs/HLA/HLA_2004_HLA2004_stress_grid_S0015_daily.csv
HLA,HLA,Hailun,2004,Leave_One_experiments\wth_generated_qc\HLA\HLA2004.WTH,dry_year;water_stress_year;nitrogen_stress_year;irrigation_responsive_year,irrigation_responsive,HLA2004_stress_grid_S0015,irrigation_positive_candidate,2004-08-04,217,98,93,"{""sim_day"": 98.0, ""doy"": 217.0, ""topwt"": 481.99745178222656, ""grnwt"": 0.0, ""xlai"": 0.0818149074912071, ""totir"": 20.0, ""tofer"": NaN, ""swfac"": 0.0, ""nstres"": 0.5431587100028992}",0.0,0.5431587100028992,481.99745178222656,0.0,0.0818149074912071,20.0,,0.0,0.0,20.0,0.0,-5.762663269042969,2.237336730957031,Leave_One_experiments/all_year_offline_schedule_search/daily_outputs/HLA/HLA_2004_HLA2004_stress_grid_S0015_daily.csv
HLA,HLA,Hailun,2004,Leave_One_experiments\wth_generated_qc\HLA\HLA2004.WTH,dry_year;water_stress_year;nitrogen_stress_year;irrigation_responsive_year,irrigation_responsive,HLA2004_stress_grid_S0015,irrigation_positive_candidate,2004-08-05,218,99,94,"{""sim_day"": 99.0, ""doy"": 218.0, ""topwt"": 483.0280303955078, ""grnwt"": 0.0, ""xlai"": 0.0786420255899429, ""totir"": 20.0, ""tofer"": NaN, ""swfac"": 0.0, ""nstres"": 0.5307531952857971}",0.0,0.5307531952857971,483.0280303955078,0.0,0.0786420255899429,20.0,,0.0,0.0,20.0,0.0,-5.762663269042969,2.237336730957031,Leave_One_experiments/all_year_offline_schedule_search/daily_outputs/HLA/HLA_2004_HLA2004_stress_grid_S0015_daily.csv
HLA,HLA,Hailun,2004,Leave_One_experiments\wth_generated_qc\HLA\HLA2004.WTH,dry_year;water_stress_year;nitrogen_stress_year;irrigation_responsive_year,irrigation_responsive,HLA2004_stress_grid_S0015,irrigation_positive_candidate,2004-08-06,219,100,95,"{""sim_day"": 100.0, ""doy"": 219.0, ""topwt"": 486.3920211791992, ""grnwt"": 0.0, ""xlai"": 0.075640745460987, ""totir"": 20.0, ""tofer"": NaN, ""swfac"": 0.0, ""nstres"": 0.5159357190132141}",0.0,0.5159357190132141,486.3920211791992,0.0,0.075640745460987,20.0,,0.0,0.0,20.0,0.0,-5.762663269042969,2.237336730957031,Leave_One_experiments/all_year_offline_schedule_search/daily_outputs/HLA/HLA_2004_HLA2004_stress_grid_S0015_daily.csv
HLA,HLA,Hailun,2004,Leave_One_experiments\wth_generated_qc\HLA\HLA2004.WTH,dry_year;water_stress_year;nitrogen_stress_year;irrigation_responsive_year,irrigation_responsive,HLA2004_stress_grid_S0015,irrigation_positive_candidate,2004-08-07,220,101,96,"{""sim_day"": 101.0, ""doy"": 220.0, ""topwt"": 491.3204956054688, ""grnwt"": 0.0, ""xlai"": 0.0728227794170379, ""totir"": 20.0, ""tofer"": NaN, ""swfac"": 0.0, ""nstres"": 0.4941070675849914}",0.0,0.4941070675849914,491.3204956054688,0.0,0.0728227794170379,20.0,,0.0,0.0,20.0,0.0,-5.762663269042969,2.237336730957031,Leave_One_experiments/all_year_offline_schedule_search/daily_outputs/HLA/HLA_2004_HLA2004_stress_grid_S0015_daily.csv
HLA,HLA,Hailun,2004,Leave_One_experiments\wth_generated_qc\HLA\HLA2004.WTH,dry_year;water_stress_year;nitrogen_stress_year;irrigation_responsive_year,irrigation_responsive,HLA2004_stress_grid_S0015,irrigation_positive_candidate,2004-08-08,221,102,97,"{""sim_day"": 102.0, ""doy"": 221.0, ""topwt"": 497.8419876098633, ""grnwt"": 0.0, ""xlai"": 0.0701681226491928, ""totir"": 20.0, ""tofer"": NaN, ""swfac"": 0.0, ""nstres"": 0.4748939871788025}",0.0,0.4748939871788025,497.8419876098633,0.0,0.0701681226491928,20.0,,0.0,0.0,20.0,0.0,-5.762663269042969,2.237336730957031,Leave_One_experiments/all_year_offline_schedule_search/daily_outputs/HLA/HLA_2004_HLA2004_stress_grid_S0015_daily.csv
HLA,HLA,Hailun,2004,Leave_One_experiments\wth_generated_qc\HLA\HLA2004.WTH,dry_year;water_stress_year;nitrogen_stress_year;irrigation_responsive_year,irrigation_responsive,HLA2004_stress_grid_S0015,irrigation_positive_candidate,2004-08-09,222,103,98,"{""sim_day"": 103.0, ""doy"": 222.0, ""topwt"": 501.13372802734375, ""grnwt"": 0.0, ""xlai"": 0.0676680281758308, ""totir"": 20.0, ""tofer"": NaN, ""swfac"": 0.0, ""nstres"": 0.4551234245300293}",0.0,0.4551234245300293,501.13372802734375,0.0,0.0676680281758308,20.0,,0.0,0.0,20.0,0.0,-5.762663269042969,2.237336730957031,Leave_One_experiments/all_year_offline_schedule_search/daily_outputs/HLA/HLA_2004_HLA2004_stress_grid_S0015_daily.csv
HLA,HLA,Hailun,2004,Leave_One_experiments\wth_generated_qc\HLA\HLA2004.WTH,dry_year;water_stress_year;nitrogen_stress_year;irrigation_responsive_year,irrigation_responsive,HLA2004_stress_grid_S0015,irrigation_positive_candidate,2004-08-10,223,104,99,"{""sim_day"": 104.0, ""doy"": 223.0, ""topwt"": 505.75103759765625, ""grnwt"": 0.0, ""xlai"": 0.065300777554512, ""totir"": 20.0, ""tofer"": NaN, ""swfac"": 0.0, ""nstres"": 0.4396006464958191}",0.0,0.4396006464958191,505.75103759765625,0.0,0.065300777554512,20.0,,0.0,0.0,20.0,0.0,-5.762663269042969,2.237336730957031,Leave_One_experiments/all_year_offline_schedule_search/daily_outputs/HLA/HLA_2004_HLA2004_stress_grid_S0015_daily.csv
HLA,HLA,Hailun,2004,Leave_One_experiments\wth_generated_qc\HLA\HLA2004.WTH,dry_year;water_stress_year;nitrogen_stress_year;irrigation_responsive_year,irrigation_responsive,HLA2004_stress_grid_S0015,irrigation_positive_candidate,2004-08-11,224,105,100,"{""sim_day"": 105.0, ""doy"": 224.0, ""topwt"": 518.3583068847656, ""grnwt"": 40.25645732879639, ""xlai"": 0.0630766004323959, ""totir"": 20.0, ""tofer"": NaN, ""swfac"": 0.0, ""nstres"": 0.4174578785896301}",0.0,0.4174578785896301,518.3583068847656,40.25645732879639,0.0630766004323959,20.0,,0.0,0.0,20.0,0.0,-5.762663269042969,2.237336730957031,Leave_One_experiments/all_year_offline_schedule_search/daily_outputs/HLA/HLA_2004_HLA2004_stress_grid_S0015_daily.csv
HLA,HLA,Hailun,2004,Leave_One_experiments\wth_generated_qc\HLA\HLA2004.WTH,dry_year;water_stress_year;nitrogen_stress_year;irrigation_responsive_year,irrigation_responsive,HLA2004_stress_grid_S0015,irrigation_positive_candidate,2004-08-12,225,106,101,"{""sim_day"": 106.0, ""doy"": 225.0, ""topwt"": 524.0522766113281, ""grnwt"": 50.75619697570801, ""xlai"": 0.0607841797173023, ""totir"": 20.0, ""tofer"": NaN, ""swfac"": 0.0, ""nstres"": 0.4722411036491394}",0.0,0.4722411036491394,524.0522766113281,50.75619697570801,0.0607841797173023,20.0,,0.0,0.0,20.0,0.0,-5.762663269042969,2.237336730957031,Leave_One_experiments/all_year_offline_schedule_search/daily_outputs/HLA/HLA_2004_HLA2004_stress_grid_S0015_daily.csv
HLA,HLA,Hailun,2004,Leave_One_experiments\wth_generated_qc\HLA\HLA2004.WTH,dry_year;water_stress_year;nitrogen_stress_year;irrigation_responsive_year,irrigation_responsive,HLA2004_stress_grid_S0015,irrigation_positive_candidate,2004-08-13,226,107,102,"{""sim_day"": 107.0, ""doy"": 226.0, ""topwt"": 532.9344940185547, ""grnwt"": 61.25594139099121, ""xlai"": 0.0587095618247985, ""totir"": 20.0, ""tofer"": NaN, ""swfac"": 0.0, ""nstres"": 0.4191358089447021}",0.0,0.4191358089447021,532.9344940185547,61.25594139099121,0.0587095618247985,20.0,,0.0,0.0,20.0,0.0,-5.762663269042969,2.237336730957031,Leave_One_experiments/all_year_offline_schedule_search/daily_outputs/HLA/HLA_2004_HLA2004_stress_grid_S0015_daily.csv
HLA,HLA,Hailun,2004,Leave_One_experiments\wth_generated_qc\HLA\HLA2004.WTH,dry_year;water_stress_year;nitrogen_stress_year;irrigation_responsive_year,irrigation_responsive,HLA2004_stress_grid_S0015,irrigation_positive_candidate,2004-08-14,227,108,103,"{""sim_day"": 108.0, ""doy"": 227.0, ""topwt"": 542.5594329833984, ""grnwt"": 69.1557502746582, ""xlai"": 0.0567278116941452, ""totir"": 20.0, ""tofer"": NaN, ""swfac"": 0.0, ""nstres"": 0.4101178050041199}",0.0,0.4101178050041199,542.5594329833984,69.1557502746582,0.0567278116941452,20.0,,0.0,0.0,20.0,0.0,-5.762663269042969,2.237336730957031,Leave_One_experiments/all_year_offline_schedule_search/daily_outputs/HLA/HLA_2004_HLA2004_stress_grid_S0015_daily.csv
HLA,HLA,Hailun,2004,Leave_One_experiments\wth_generated_qc\HLA\HLA2004.WTH,dry_year;water_stress_year;nitrogen_stress_year;irrigation_responsive_year,irrigation_responsive,HLA2004_stress_grid_S0015,irrigation_positive_candidate,2004-08-15,228,109,104,"{""sim_day"": 109.0, ""doy"": 228.0, ""topwt"": 552.9658508300781, ""grnwt"": 78.05553436279297, ""xlai"": 0.0548295900225639, ""totir"": 20.0, ""tofer"": NaN, ""swfac"": 0.0, ""nstres"": 0.4030937552452087}",0.0,0.4030937552452087,552.9658508300781,78.05553436279297,0.0548295900225639,20.0,,0.0,0.0,20.0,0.0,-5.762663269042969,2.237336730957031,Leave_One_experiments/all_year_offline_schedule_search/daily_outputs/HLA/HLA_2004_HLA2004_stress_grid_S0015_daily.csv
HLA,HLA,Hailun,2004,Leave_One_experiments\wth_generated_qc\HLA\HLA2004.WTH,dry_year;water_stress_year;nitrogen_stress_year;irrigation_responsive_year,irrigation_responsive,HLA2004_stress_grid_S0015,irrigation_positive_candidate,2004-08-16,229,110,105,"{""sim_day"": 110.0, ""doy"": 229.0, ""topwt"": 562.1399307250977, ""grnwt"": 88.55527877807617, ""xlai"": 0.0529941990971565, ""totir"": 20.0, ""tofer"": NaN, ""swfac"": 0.0, ""nstres"": 0.4033833742141723}",0.0,0.4033833742141723,562.1399307250977,88.55527877807617,0.0529941990971565,20.0,,0.0,0.0,20.0,0.0,-5.762663269042969,2.237336730957031,Leave_One_experiments/all_year_offline_schedule_search/daily_outputs/HLA/HLA_2004_HLA2004_stress_grid_S0015_daily.csv
HLA,HLA,Hailun,2004,Leave_One_experiments\wth_generated_qc\HLA\HLA2004.WTH,dry_year;water_stress_year;nitrogen_stress_year;irrigation_responsive_year,irrigation_responsive,HLA2004_stress_grid_S0015,irrigation_positive_candidate,2004-08-17,230,111,106,"{""sim_day"": 111.0, ""doy"": 230.0, ""topwt"": 572.7103424072266, ""grnwt"": 99.05502319335938, ""xlai"": 0.0512113347649574, ""totir"": 20.0, ""tofer"": NaN, ""swfac"": 0.0, ""nstres"": 0.4074180126190185}",0.0,0.4074180126190185,572.7103424072266,99.05502319335938,0.0512113347649574,20.0,,0.0,0.0,20.0,0.0,-5.762663269042969,2.237336730957031,Leave_One_experiments/all_year_offline_schedule_search/daily_outputs/HLA/HLA_2004_HLA2004_stress_grid_S0015_daily.csv
HLA,HLA,Hailun,2004,Leave_One_experiments\wth_generated_qc\HLA\HLA2004.WTH,dry_year;water_stress_year;nitrogen_stress_year;irrigation_responsive_year,irrigation_responsive,HLA2004_stress_grid_S0015,irrigation_positive_candidate,2004-08-18,231,112,107,"{""sim_day"": 112.0, ""doy"": 231.0, ""topwt"": 582.9452514648438, ""grnwt"": 109.55476760864258, ""xlai"": 0.0494929179549217, ""totir"": 20.0, ""tofer"": NaN, ""swfac"": 0.0, ""nstres"": 0.4053303599357605}",0.0,0.4053303599357605,582.9452514648438,109.55476760864258,0.0494929179549217,20.0,,0.0,0.0,20.0,0.0,-5.762663269042969,2.237336730957031,Leave_One_experiments/all_year_offline_schedule_search/daily_outputs/HLA/HLA_2004_HLA2004_stress_grid_S0015_daily.csv
HLA,HLA,Hailun,2004,Leave_One_experiments\wth_generated_qc\HLA\HLA2004.WTH,dry_year;water_stress_year;nitrogen_stress_year;irrigation_responsive_year,irrigation_responsive,HLA2004_stress_grid_S0015,irrigation_positive_candidate,2004-08-19,232,113,108,"{""sim_day"": 113.0, ""doy"": 232.0, ""topwt"": 592.5769805908203, ""grnwt"": 120.05451202392578, ""xlai"": 0.0478375554084777, ""totir"": 20.0, ""tofer"": NaN, ""swfac"": 0.0, ""nstres"": 0.4027131199836731}",0.0,0.4027131199836731,592.5769805908203,120.05451202392578,0.0478375554084777,20.0,,0.0,0.0,20.0,0.0,-5.762663269042969,2.237336730957031,Leave_One_experiments/all_year_offline_schedule_search/daily_outputs/HLA/HLA_2004_HLA2004_stress_grid_S0015_daily.csv
HLA,HLA,Hailun,2004,Leave_One_experiments\wth_generated_qc\HLA\HLA2004.WTH,dry_year;water_stress_year;nitrogen_stress_year;irrigation_responsive_year,irrigation_responsive,HLA2004_stress_grid_S0015,irrigation_positive_candidate,2004-08-20,233,114,109,"{""sim_day"": 114.0, ""doy"": 233.0, ""topwt"": 600.1667785644531, ""grnwt"": 130.55424690246582, ""xlai"": 0.0462485328316688, ""totir"": 20.0, ""tofer"": NaN, ""swfac"": 0.0, ""nstres"": 0.3972013592720032}",0.0,0.3972013592720032,600.1667785644531,130.55424690246582,0.0462485328316688,20.0,,0.0,0.0,20.0,0.0,-5.762663269042969,2.237336730957031,Leave_One_experiments/all_year_offline_schedule_search/daily_outputs/HLA/HLA_2004_HLA2004_stress_grid_S0015_daily.csv
HLA,HLA,Hailun,2004,Leave_One_experiments\wth_generated_qc\HLA\HLA2004.WTH,dry_year;water_stress_year;nitrogen_stress_year;irrigation_responsive_year,irrigation_responsive,HLA2004_stress_grid_S0015,irrigation_positive_candidate,2004-08-21,234,115,110,"{""sim_day"": 115.0, ""doy"": 234.0, ""topwt"": 607.2359085083008, ""grnwt"": 141.05398178100586, ""xlai"": 0.0447294302284717, ""totir"": 20.0, ""tofer"": NaN, ""swfac"": 0.0, ""nstres"": 0.3883187770843506}",0.0,0.3883187770843506,607.2359085083008,141.05398178100586,0.0447294302284717,20.0,,0.0,0.0,20.0,0.0,-5.762663269042969,2.237336730957031,Leave_One_experiments/all_year_offline_schedule_search/daily_outputs/HLA/HLA_2004_HLA2004_stress_grid_S0015_daily.csv
HLA,HLA,Hailun,2004,Leave_One_experiments\wth_generated_qc\HLA\HLA2004.WTH,dry_year;water_stress_year;nitrogen_stress_year;irrigation_responsive_year,irrigation_responsive,HLA2004_stress_grid_S0015,irrigation_positive_candidate,2004-08-22,235,116,111,"{""sim_day"": 116.0, ""doy"": 235.0, ""topwt"": 616.0968017578125, ""grnwt"": 151.55372619628906, ""xlai"": 0.0432889685034751, ""totir"": 20.0, ""tofer"": NaN, ""swfac"": 0.0, ""nstres"": 0.3728867769241333}",0.0,0.3728867769241333,616.0968017578125,151.55372619628906,0.0432889685034751,20.0,,0.0,0.0,20.0,0.0,-5.762663269042969,2.237336730957031,Leave_One_experiments/all_year_offline_schedule_search/daily_outputs/HLA/HLA_2004_HLA2004_stress_grid_S0015_daily.csv
HLA,HLA,Hailun,2004,Leave_One_experiments\wth_generated_qc\HLA\HLA2004.WTH,dry_year;water_stress_year;nitrogen_stress_year;irrigation_responsive_year,irrigation_responsive,HLA2004_stress_grid_S0015,irrigation_positive_candidate,2004-08-23,236,117,112,"{""sim_day"": 117.0, ""doy"": 236.0, ""topwt"": 623.0282592773438, ""grnwt"": 162.0534706115723, ""xlai"": 0.0419252924621105, ""totir"": 20.0, ""tofer"": NaN, ""swfac"": 0.0, ""nstres"": 0.3560381531715393}",0.0,0.3560381531715393,623.0282592773438,162.0534706115723,0.0419252924621105,20.0,,0.0,0.0,20.0,0.0,-5.762663269042969,2.237336730957031,Leave_One_experiments/all_year_offline_schedule_search/daily_outputs/HLA/HLA_2004_HLA2004_stress_grid_S0015_daily.csv
HLA,HLA,Hailun,2004,Leave_One_experiments\wth_generated_qc\HLA\HLA2004.WTH,dry_year;water_stress_year;nitrogen_stress_year;irrigation_responsive_year,irrigation_responsive,HLA2004_stress_grid_S0015,irrigation_positive_candidate,2004-08-24,237,118,113,"{""sim_day"": 118.0, ""doy"": 237.0, ""topwt"": 630.9425735473633, ""grnwt"": 172.55321502685547, ""xlai"": 0.0406317114830017, ""totir"": 20.0, ""tofer"": NaN, ""swfac"": 0.0, ""nstres"": 0.3405030369758606}",0.0,0.3405030369758606,630.9425735473633,172.55321502685547,0.0406317114830017,20.0,,0.0,0.0,20.0,0.0,-5.762663269042969,2.237336730957031,Leave_One_experiments/all_year_offline_schedule_search/daily_outputs/HLA/HLA_2004_HLA2004_stress_grid_S0015_daily.csv
HLA,HLA,Hailun,2004,Leave_One_experiments\wth_generated_qc\HLA\HLA2004.WTH,dry_year;water_stress_year;nitrogen_stress_year;irrigation_responsive_year,irrigation_responsive,HLA2004_stress_grid_S0015,irrigation_positive_candidate,2004-08-25,238,119,114,"{""sim_day"": 119.0, ""doy"": 238.0, ""topwt"": 638.2632446289062, ""grnwt"": 183.05294036865237, ""xlai"": 0.0394109487533569, ""totir"": 20.0, ""tofer"": NaN, ""swfac"": 0.0, ""nstres"": 0.3210771083831787}",0.0,0.3210771083831787,638.2632446289062,183.05294036865237,0.0394109487533569,20.0,,0.0,0.0,20.0,0.0,-5.762663269042969,2.237336730957031,Leave_One_experiments/all_year_offline_schedule_search/daily_outputs/HLA/HLA_2004_HLA2004_stress_grid_S0015_daily.csv
HLA,HLA,Hailun,2004,Leave_One_experiments\wth_generated_qc\HLA\HLA2004.WTH,dry_year;water_stress_year;nitrogen_stress_year;irrigation_responsive_year,irrigation_responsive,HLA2004_stress_grid_S0015,irrigation_positive_candidate,2004-08-26,239,120,115,"{""sim_day"": 120.0, ""doy"": 239.0, ""topwt"": 641.7176818847656, ""grnwt"": 193.55268478393555, ""xlai"": 0.0382543615996837, ""totir"": 20.0, ""tofer"": NaN, ""swfac"": 0.0, ""nstres"": 0.3043223619461059}",0.0,0.3043223619461059,641.7176818847656,193.55268478393555,0.0382543615996837,20.0,,0.0,0.0,20.0,0.0,-5.762663269042969,2.237336730957031,Leave_One_experiments/all_year_offline_schedule_search/daily_outputs/HLA/HLA_2004_HLA2004_stress_grid_S0015_daily.csv
HLA,HLA,Hailun,2004,Leave_One_experiments\wth_generated_qc\HLA\HLA2004.WTH,dry_year;water_stress_year;nitrogen_stress_year;irrigation_responsive_year,irrigation_responsive,HLA2004_stress_grid_S0015,irrigation_positive_candidate,2004-08-27,240,121,116,"{""sim_day"": 121.0, ""doy"": 240.0, ""topwt"": 643.2692718505859, ""grnwt"": 204.05242919921875, ""xlai"": 0.0371566452085971, ""totir"": 20.0, ""tofer"": NaN, ""swfac"": 0.0, ""nstres"": 0.288685142993927}",0.0,0.288685142993927,643.2692718505859,204.05242919921875,0.0371566452085971,20.0,,0.0,0.0,20.0,0.0,-5.762663269042969,2.237336730957031,Leave_One_experiments/all_year_offline_schedule_search/daily_outputs/HLA/HLA_2004_HLA2004_stress_grid_S0015_daily.csv
HLA,HLA,Hailun,2004,Leave_One_experiments\wth_generated_qc\HLA\HLA2004.WTH,dry_year;water_stress_year;nitrogen_stress_year;irrigation_responsive_year,irrigation_responsive,HLA2004_stress_grid_S0015,irrigation_positive_candidate,2004-08-28,241,122,117,"{""sim_day"": 122.0, ""doy"": 241.0, ""topwt"": 648.3023071289062, ""grnwt"": 214.5521545410156, ""xlai"": 0.036124937236309, ""totir"": 20.0, ""tofer"": NaN, ""swfac"": 0.0, ""nstres"": 0.2663981914520263}",0.0,0.2663981914520263,648.3023071289062,214.5521545410156,0.036124937236309,20.0,,0.0,0.0,20.0,0.0,-5.762663269042969,2.237336730957031,Leave_One_experiments/all_year_offline_schedule_search/daily_outputs/HLA/HLA_2004_HLA2004_stress_grid_S0015_daily.csv
HLA,HLA,Hailun,2004,Leave_One_experiments\wth_generated_qc\HLA\HLA2004.WTH,dry_year;water_stress_year;nitrogen_stress_year;irrigation_responsive_year,irrigation_responsive,HLA2004_stress_grid_S0015,irrigation_positive_candidate,2004-08-29,242,123,118,"{""sim_day"": 123.0, ""doy"": 242.0, ""topwt"": 653.6050415039062, ""grnwt"": 224.7519302368164, ""xlai"": 0.0351582020521163, ""totir"": 20.0, ""tofer"": NaN, ""swfac"": 0.0, ""nstres"": 0.2422671914100647}",0.0,0.2422671914100647,653.6050415039062,224.7519302368164,0.0351582020521163,20.0,,0.0,0.0,20.0,0.0,-5.762663269042969,2.237336730957031,Leave_One_experiments/all_year_offline_schedule_search/daily_outputs/HLA/HLA_2004_HLA2004_stress_grid_S0015_daily.csv
HLA,HLA,Hailun,2004,Leave_One_experiments\wth_generated_qc\HLA\HLA2004.WTH,dry_year;water_stress_year;nitrogen_stress_year;irrigation_responsive_year,irrigation_responsive,HLA2004_stress_grid_S0015,irrigation_positive_candidate,2004-08-30,243,124,119,"{""sim_day"": 124.0, ""doy"": 243.0, ""topwt"": 659.3097686767578, ""grnwt"": 235.25165557861328, ""xlai"": 0.0342375189065933, ""totir"": 20.0, ""tofer"": NaN, ""swfac"": 0.0, ""nstres"": 0.2284874320030212}",0.0,0.2284874320030212,659.3097686767578,235.25165557861328,0.0342375189065933,20.0,,0.0,0.0,20.0,0.0,-5.762663269042969,2.237336730957031,Leave_One_experiments/all_year_offline_schedule_search/daily_outputs/HLA/HLA_2004_HLA2004_stress_grid_S0015_daily.csv
HLA,HLA,Hailun,2004,Leave_One_experiments\wth_generated_qc\HLA\HLA2004.WTH,dry_year;water_stress_year;nitrogen_stress_year;irrigation_responsive_year,irrigation_responsive,HLA2004_stress_grid_S0015,irrigation_positive_candidate,2004-08-31,244,125,120,"{""sim_day"": 125.0, ""doy"": 244.0, ""topwt"": 663.0305480957031, ""grnwt"": 244.2014503479004, ""xlai"": 0.0333496704697608, ""totir"": 20.0, ""tofer"": NaN, ""swfac"": 0.0, ""nstres"": 0.2223761677742004}",0.0,0.2223761677742004,663.0305480957031,244.2014503479004,0.0333496704697608,20.0,,0.0,0.0,20.0,0.0,-5.762663269042969,2.237336730957031,Leave_One_experiments/all_year_offline_schedule_search/daily_outputs/HLA/HLA_2004_HLA2004_stress_grid_S0015_daily.csv
HLA,HLA,Hailun,2004,Leave_One_experiments\wth_generated_qc\HLA\HLA2004.WTH,dry_year;water_stress_year;nitrogen_stress_year;irrigation_responsive_year,irrigation_responsive,HLA2004_stress_grid_S0015,irrigation_positive_candidate,2004-09-01,245,126,121,"{""sim_day"": 126.0, ""doy"": 245.0, ""topwt"": 668.9921569824219, ""grnwt"": 253.1512260437012, ""xlai"": 0.0324986241757869, ""totir"": 20.0, ""tofer"": NaN, ""swfac"": 0.0, ""nstres"": 0.2124510407447815}",0.0,0.2124510407447815,668.9921569824219,253.1512260437012,0.0324986241757869,20.0,,0.0,0.0,20.0,0.0,-5.762663269042969,2.237336730957031,Leave_One_experiments/all_year_offline_schedule_search/daily_outputs/HLA/HLA_2004_HLA2004_stress_grid_S0015_daily.csv
HLA,HLA,Hailun,2004,Leave_One_experiments\wth_generated_qc\HLA\HLA2004.WTH,dry_year;water_stress_year;nitrogen_stress_year;irrigation_responsive_year,irrigation_responsive,HLA2004_stress_grid_S0015,irrigation_positive_candidate,2004-09-02,246,127,122,"{""sim_day"": 127.0, ""doy"": 246.0, ""topwt"": 671.8386840820312, ""grnwt"": 262.10100173950195, ""xlai"": 0.0316833779215812, ""totir"": 20.0, ""tofer"": NaN, ""swfac"": 0.0, ""nstres"": 0.2020434141159057}",0.0,0.2020434141159057,671.8386840820312,262.10100173950195,0.0316833779215812,20.0,,0.0,0.0,20.0,0.0,-5.762663269042969,2.237336730957031,Leave_One_experiments/all_year_offline_schedule_search/daily_outputs/HLA/HLA_2004_HLA2004_stress_grid_S0015_daily.csv
HLA,HLA,Hailun,2004,Leave_One_experiments\wth_generated_qc\HLA\HLA2004.WTH,dry_year;water_stress_year;nitrogen_stress_year;irrigation_responsive_year,irrigation_responsive,HLA2004_stress_grid_S0015,irrigation_positive_candidate,2004-09-03,247,128,123,"{""sim_day"": 128.0, ""doy"": 247.0, ""topwt"": 676.6799926757812, ""grnwt"": 271.05079650878906, ""xlai"": 0.030891204252839, ""totir"": 20.0, ""tofer"": NaN, ""swfac"": 0.0, ""nstres"": 0.2000589966773986}",0.0,0.2000589966773986,676.6799926757812,271.05079650878906,0.030891204252839,20.0,,0.0,0.0,20.0,0.0,-5.762663269042969,2.237336730957031,Leave_One_experiments/all_year_offline_schedule_search/daily_outputs/HLA/HLA_2004_HLA2004_stress_grid_S0015_daily.csv
HLA,HLA,Hailun,2004,Leave_One_experiments\wth_generated_qc\HLA\HLA2004.WTH,dry_year;water_stress_year;nitrogen_stress_year;irrigation_responsive_year,irrigation_responsive,HLA2004_stress_grid_S0015,irrigation_positive_candidate,2004-09-04,248,129,124,"{""sim_day"": 129.0, ""doy"": 248.0, ""topwt"": 679.9790191650391, ""grnwt"": 280.00057220458984, ""xlai"": 0.0301444996148347, ""totir"": 20.0, ""tofer"": NaN, ""swfac"": 0.0, ""nstres"": 0.1933778524398803}",0.0,0.1933778524398803,679.9790191650391,280.00057220458984,0.0301444996148347,20.0,,0.0,0.0,20.0,0.0,-5.762663269042969,2.237336730957031,Leave_One_experiments/all_year_offline_schedule_search/daily_outputs/HLA/HLA_2004_HLA2004_stress_grid_S0015_daily.csv
HLA,HLA,Hailun,2004,Leave_One_experiments\wth_generated_qc\HLA\HLA2004.WTH,dry_year;water_stress_year;nitrogen_stress_year;irrigation_responsive_year,irrigation_responsive,HLA2004_stress_grid_S0015,irrigation_positive_candidate,2004-09-05,249,130,125,"{""sim_day"": 130.0, ""doy"": 249.0, ""topwt"": 684.1974639892578, ""grnwt"": 288.9503479003906, ""xlai"": 0.029423339292407, ""totir"": 20.0, ""tofer"": NaN, ""swfac"": 0.0, ""nstres"": 0.1913896799087524}",0.0,0.1913896799087524,684.1974639892578,288.9503479003906,0.029423339292407,20.0,,0.0,0.0,20.0,0.0,-5.762663269042969,2.237336730957031,Leave_One_experiments/all_year_offline_schedule_search/daily_outputs/HLA/HLA_2004_HLA2004_stress_grid_S0015_daily.csv
HLA,HLA,Hailun,2004,Leave_One_experiments\wth_generated_qc\HLA\HLA2004.WTH,dry_year;water_stress_year;nitrogen_stress_year;irrigation_responsive_year,irrigation_responsive,HLA2004_stress_grid_S0015,irrigation_positive_candidate,2004-09-06,250,131,126,"{""sim_day"": 131.0, ""doy"": 250.0, ""topwt"": 689.9057006835938, ""grnwt"": 297.9001235961914, ""xlai"": 0.0287266224622726, ""totir"": 20.0, ""tofer"": NaN, ""swfac"": 0.0, ""nstres"": 0.1894310116767883}",0.0,0.1894310116767883,689.9057006835938,297.9001235961914,0.0287266224622726,20.0,,0.0,0.0,20.0,0.0,-5.762663269042969,2.237336730957031,Leave_One_experiments/all_year_offline_schedule_search/daily_outputs/HLA/HLA_2004_HLA2004_stress_grid_S0015_daily.csv
HLA,HLA,Hailun,2004,Leave_One_experiments\wth_generated_qc\HLA\HLA2004.WTH,dry_year;water_stress_year;nitrogen_stress_year;irrigation_responsive_year,irrigation_responsive,HLA2004_stress_grid_S0015,irrigation_positive_candidate,2004-09-07,251,132,127,"{""sim_day"": 132.0, ""doy"": 251.0, ""topwt"": 696.3679504394531, ""grnwt"": 306.8498992919922, ""xlai"": 0.0280514825135469, ""totir"": 20.0, ""tofer"": NaN, ""swfac"": 0.0, ""nstres"": 0.1880155801773071}",0.0,0.1880155801773071,696.3679504394531,306.8498992919922,0.0280514825135469,20.0,,0.0,0.0,20.0,0.0,-5.762663269042969,2.237336730957031,Leave_One_experiments/all_year_offline_schedule_search/daily_outputs/HLA/HLA_2004_HLA2004_stress_grid_S0015_daily.csv
HLA,HLA,Hailun,2004,Leave_One_experiments\wth_generated_qc\HLA\HLA2004.WTH,dry_year;water_stress_year;nitrogen_stress_year;irrigation_responsive_year,irrigation_responsive,HLA2004_stress_grid_S0015,irrigation_positive_candidate,2004-09-08,252,133,128,"{""sim_day"": 133.0, ""doy"": 252.0, ""topwt"": 700.6234741210938, ""grnwt"": 315.7996940612793, ""xlai"": 0.0273935236036777, ""totir"": 20.0, ""tofer"": NaN, ""swfac"": 0.0, ""nstres"": 0.1876465082168579}",0.0,0.1876465082168579,700.6234741210938,315.7996940612793,0.0273935236036777,20.0,,0.0,0.0,20.0,0.0,-5.762663269042969,2.237336730957031,Leave_One_experiments/all_year_offline_schedule_search/daily_outputs/HLA/HLA_2004_HLA2004_stress_grid_S0015_daily.csv
HLA,HLA,Hailun,2004,Leave_One_experiments\wth_generated_qc\HLA\HLA2004.WTH,dry_year;water_stress_year;nitrogen_stress_year;irrigation_responsive_year,irrigation_responsive,HLA2004_stress_grid_S0015,irrigation_positive_candidate,2004-09-09,253,134,129,"{""sim_day"": 134.0, ""doy"": 253.0, ""topwt"": 707.2206878662109, ""grnwt"": 324.7494506835937, ""xlai"": 0.0267481990158557, ""totir"": 20.0, ""tofer"": NaN, ""swfac"": 0.0, ""nstres"": 0.1884605884552002}",0.0,0.1884605884552002,707.2206878662109,324.7494506835937,0.0267481990158557,20.0,,0.0,0.0,20.0,0.0,-5.762663269042969,2.237336730957031,Leave_One_experiments/all_year_offline_schedule_search/daily_outputs/HLA/HLA_2004_HLA2004_stress_grid_S0015_daily.csv
HLA,HLA,Hailun,2004,Leave_One_experiments\wth_generated_qc\HLA\HLA2004.WTH,dry_year;water_stress_year;nitrogen_stress_year;irrigation_responsive_year,irrigation_responsive,HLA2004_stress_grid_S0015,irrigation_positive_candidate,2004-09-10,254,135,130,"{""sim_day"": 135.0, ""doy"": 254.0, ""topwt"": 713.2263946533203, ""grnwt"": 333.6992645263672, ""xlai"": 0.0261273179203271, ""totir"": 20.0, ""tofer"": NaN, ""swfac"": 0.0, ""nstres"": 0.1856968402862548}",0.0,0.1856968402862548,713.2263946533203,333.6992645263672,0.0261273179203271,20.0,,0.0,0.0,20.0,0.0,-5.762663269042969,2.237336730957031,Leave_One_experiments/all_year_offline_schedule_search/daily_outputs/HLA/HLA_2004_HLA2004_stress_grid_S0015_daily.csv
HLA,HLA,Hailun,2004,Leave_One_experiments\wth_generated_qc\HLA\HLA2004.WTH,dry_year;water_stress_year;nitrogen_stress_year;irrigation_responsive_year,irrigation_responsive,HLA2004_stress_grid_S0015,irrigation_positive_candidate,2004-09-11,255,136,131,"{""sim_day"": 136.0, ""doy"": 255.0, ""topwt"": 719.2843627929688, ""grnwt"": 342.649040222168, ""xlai"": 0.0255198962986469, ""totir"": 20.0, ""tofer"": NaN, ""swfac"": 0.0, ""nstres"": 0.1859855651855468}",0.0,0.1859855651855468,719.2843627929688,342.649040222168,0.0255198962986469,20.0,,0.0,0.0,20.0,0.0,-5.762663269042969,2.237336730957031,Leave_One_experiments/all_year_offline_schedule_search/daily_outputs/HLA/HLA_2004_HLA2004_stress_grid_S0015_daily.csv
HLA,HLA,Hailun,2004,Leave_One_experiments\wth_generated_qc\HLA\HLA2004.WTH,dry_year;water_stress_year;nitrogen_stress_year;irrigation_responsive_year,irrigation_responsive,HLA2004_stress_grid_S0015,irrigation_positive_candidate,2004-09-12,256,137,132,"{""sim_day"": 137.0, ""doy"": 256.0, ""topwt"": 724.6940612792969, ""grnwt"": 351.59881591796875, ""xlai"": 0.0249289236962795, ""totir"": 20.0, ""tofer"": NaN, ""swfac"": 0.0, ""nstres"": 0.1852549910545349}",0.0,0.1852549910545349,724.6940612792969,351.59881591796875,0.0249289236962795,20.0,,0.0,0.0,20.0,0.0,-5.762663269042969,2.237336730957031,Leave_One_experiments/all_year_offline_schedule_search/daily_outputs/HLA/HLA_2004_HLA2004_stress_grid_S0015_daily.csv
HLA,HLA,Hailun,2004,Leave_One_experiments\wth_generated_qc\HLA\HLA2004.WTH,dry_year;water_stress_year;nitrogen_stress_year;irrigation_responsive_year,irrigation_responsive,HLA2004_stress_grid_S0015,irrigation_positive_candidate,2004-09-13,257,138,133,"{""sim_day"": 138.0, ""doy"": 257.0, ""topwt"": 729.8481750488281, ""grnwt"": 360.54859161376953, ""xlai"": 0.0243538804352283, ""totir"": 20.0, ""tofer"": NaN, ""swfac"": 0.0, ""nstres"": 0.1845354437828064}",0.0,0.1845354437828064,729.8481750488281,360.54859161376953,0.0243538804352283,20.0,,0.0,0.0,20.0,0.0,-5.762663269042969,2.237336730957031,Leave_One_experiments/all_year_offline_schedule_search/daily_outputs/HLA/HLA_2004_HLA2004_stress_grid_S0015_daily.csv
HLA,HLA,Hailun,2004,Leave_One_experiments\wth_generated_qc\HLA\HLA2004.WTH,dry_year;water_stress_year;nitrogen_stress_year;irrigation_responsive_year,irrigation_responsive,HLA2004_stress_grid_S0015,irrigation_positive_candidate,2004-09-14,258,139,134,"{""sim_day"": 139.0, ""doy"": 258.0, ""topwt"": 733.5303497314453, ""grnwt"": 369.4983673095703, ""xlai"": 0.0237971190363168, ""totir"": 20.0, ""tofer"": NaN, ""swfac"": 0.0, ""nstres"": 0.1828951835632324}",0.0,0.1828951835632324,733.5303497314453,369.4983673095703,0.0237971190363168,20.0,,0.0,0.0,20.0,0.0,-5.762663269042969,2.237336730957031,Leave_One_experiments/all_year_offline_schedule_search/daily_outputs/HLA/HLA_2004_HLA2004_stress_grid_S0015_daily.csv
HLA,HLA,Hailun,2004,Leave_One_experiments\wth_generated_qc\HLA\HLA2004.WTH,dry_year;water_stress_year;nitrogen_stress_year;irrigation_responsive_year,irrigation_responsive,HLA2004_stress_grid_S0015,irrigation_positive_candidate,2004-09-15,259,140,135,"{""sim_day"": 140.0, ""doy"": 259.0, ""topwt"": 732.2174835205078, ""grnwt"": 371.0273361206055, ""xlai"": 0.0232591237872838, ""totir"": 20.0, ""tofer"": NaN, ""swfac"": 0.0, ""nstres"": 0.1808637380599975}",0.0,0.1808637380599975,732.2174835205078,371.0273361206055,0.0232591237872838,20.0,,0.0,0.0,20.0,0.0,-5.762663269042969,2.237336730957031,Leave_One_experiments/all_year_offline_schedule_search/daily_outputs/HLA/HLA_2004_HLA2004_stress_grid_S0015_daily.csv
HLA,HLA,Hailun,2004,Leave_One_experiments\wth_generated_qc\HLA\HLA2004.WTH,dry_year;water_stress_year;nitrogen_stress_year;irrigation_responsive_year,irrigation_responsive,HLA2004_stress_grid_S0015,irrigation_positive_candidate,2004-09-16,260,141,136,"{""sim_day"": 141.0, ""doy"": 260.0, ""topwt"": 737.3871612548828, ""grnwt"": 376.1969757080078, ""xlai"": 0.022799314931035, ""totir"": 20.0, ""tofer"": NaN, ""swfac"": 0.0, ""nstres"": 0.1581490039825439}",0.0,0.1581490039825439,737.3871612548828,376.1969757080078,0.022799314931035,20.0,,0.0,0.0,20.0,0.0,-5.762663269042969,2.237336730957031,Leave_One_experiments/all_year_offline_schedule_search/daily_outputs/HLA/HLA_2004_HLA2004_stress_grid_S0015_daily.csv
HLA,HLA,Hailun,2004,Leave_One_experiments\wth_generated_qc\HLA\HLA2004.WTH,dry_year;water_stress_year;nitrogen_stress_year;irrigation_responsive_year,irrigation_responsive,HLA2004_stress_grid_S0015,irrigation_positive_candidate,2004-09-17,261,142,137,"{""sim_day"": 142.0, ""doy"": 261.0, ""topwt"": 743.1491851806641, ""grnwt"": 381.9590377807617, ""xlai"": 0.0223847646266222, ""totir"": 20.0, ""tofer"": NaN, ""swfac"": 0.0, ""nstres"": 0.1454581022262573}",0.0,0.1454581022262573,743.1491851806641,381.9590377807617,0.0223847646266222,20.0,,0.0,0.0,20.0,0.0,-5.762663269042969,2.237336730957031,Leave_One_experiments/all_year_offline_schedule_search/daily_outputs/HLA/HLA_2004_HLA2004_stress_grid_S0015_daily.csv
HLA,HLA,Hailun,2004,Leave_One_experiments\wth_generated_qc\HLA\HLA2004.WTH,dry_year;water_stress_year;nitrogen_stress_year;irrigation_responsive_year,irrigation_responsive,HLA2004_stress_grid_S0015,irrigation_positive_candidate,2004-09-18,262,143,138,"{""sim_day"": 143.0, ""doy"": 262.0, ""topwt"": 745.0894927978516, ""grnwt"": 383.8993453979492, ""xlai"": 0.0219699703156948, ""totir"": 20.0, ""tofer"": NaN, ""swfac"": 0.0, ""nstres"": 0.1482453346252441}",0.0,0.1482453346252441,745.0894927978516,383.8993453979492,0.0219699703156948,20.0,,0.0,0.0,20.0,0.0,-5.762663269042969,2.237336730957031,Leave_One_experiments/all_year_offline_schedule_search/daily_outputs/HLA/HLA_2004_HLA2004_stress_grid_S0015_daily.csv
HLA,HLA,Hailun,2004,Leave_One_experiments\wth_generated_qc\HLA\HLA2004.WTH,dry_year;water_stress_year;nitrogen_stress_year;irrigation_responsive_year,irrigation_responsive,HLA2004_stress_grid_S0015,irrigation_positive_candidate,2004-09-19,263,144,139,"{""sim_day"": 144.0, ""doy"": 263.0, ""topwt"": 750.7313537597656, ""grnwt"": 389.541244506836, ""xlai"": 0.0197202451527118, ""totir"": 20.0, ""tofer"": NaN, ""swfac"": 0.0, ""nstres"": 0.1407163143157959}",0.0,0.1407163143157959,750.7313537597656,389.541244506836,0.0197202451527118,20.0,,0.0,0.0,20.0,0.0,-5.762663269042969,2.237336730957031,Leave_One_experiments/all_year_offline_schedule_search/daily_outputs/HLA/HLA_2004_HLA2004_stress_grid_S0015_daily.csv
HLA,HLA,Hailun,2004,Leave_One_experiments\wth_generated_qc\HLA\HLA2004.WTH,dry_year;water_stress_year;nitrogen_stress_year;irrigation_responsive_year,irrigation_responsive,HLA2004_stress_grid_S0015,irrigation_positive_candidate,2004-09-20,264,145,140,"{""sim_day"": 145.0, ""doy"": 264.0, ""topwt"": 755.6490325927734, ""grnwt"": 394.4588851928711, ""xlai"": 0.0190812982618808, ""totir"": 20.0, ""tofer"": NaN, ""swfac"": 0.0, ""nstres"": 0.1356896162033081}",0.0,0.1356896162033081,755.6490325927734,394.4588851928711,0.0190812982618808,20.0,,0.0,0.0,20.0,0.0,-5.762663269042969,2.237336730957031,Leave_One_experiments/all_year_offline_schedule_search/daily_outputs/HLA/HLA_2004_HLA2004_stress_grid_S0015_daily.csv
HLA,HLA,Hailun,2004,Leave_One_experiments\wth_generated_qc\HLA\HLA2004.WTH,dry_year;water_stress_year;nitrogen_stress_year;irrigation_responsive_year,irrigation_responsive,HLA2004_stress_grid_S0015,irrigation_positive_candidate,2004-09-21,265,146,141,"{""sim_day"": 146.0, ""doy"": 265.0, ""topwt"": 760.2858734130859, ""grnwt"": 399.0956878662109, ""xlai"": 0.0187585446983575, ""totir"": 20.0, ""tofer"": NaN, ""swfac"": 0.0, ""nstres"": 0.1353169679641723}",0.0,0.1353169679641723,760.2858734130859,399.0956878662109,0.0187585446983575,20.0,,0.0,0.0,20.0,0.0,-5.762663269042969,2.237336730957031,Leave_One_experiments/all_year_offline_schedule_search/daily_outputs/HLA/HLA_2004_HLA2004_stress_grid_S0015_daily.csv
HLA,HLA,Hailun,2004,Leave_One_experiments\wth_generated_qc\HLA\HLA2004.WTH,dry_year;water_stress_year;nitrogen_stress_year;irrigation_responsive_year,irrigation_responsive,HLA2004_stress_grid_S0015,irrigation_positive_candidate,2004-09-22,266,147,142,"{""sim_day"": 147.0, ""doy"": 266.0, ""topwt"": 764.5378875732422, ""grnwt"": 403.34774017333984, ""xlai"": 0.0172878727316856, ""totir"": 20.0, ""tofer"": NaN, ""swfac"": 0.0, ""nstres"": 0.1329218745231628}",0.0,0.1329218745231628,764.5378875732422,403.34774017333984,0.0172878727316856,20.0,,0.0,0.0,20.0,0.0,-5.762663269042969,2.237336730957031,Leave_One_experiments/all_year_offline_schedule_search/daily_outputs/HLA/HLA_2004_HLA2004_stress_grid_S0015_daily.csv
HLA,HLA,Hailun,2004,Leave_One_experiments\wth_generated_qc\HLA\HLA2004.WTH,dry_year;water_stress_year;nitrogen_stress_year;irrigation_responsive_year,irrigation_responsive,HLA2004_stress_grid_S0015,irrigation_positive_candidate,2004-09-23,267,148,143,"{""sim_day"": 148.0, ""doy"": 267.0, ""topwt"": 768.1715393066406, ""grnwt"": 406.9814300537109, ""xlai"": 0.0170163866132497, ""totir"": 20.0, ""tofer"": NaN, ""swfac"": 0.0, ""nstres"": 0.1256352066993713}",0.0,0.1256352066993713,768.1715393066406,406.9814300537109,0.0170163866132497,20.0,,0.0,0.0,20.0,0.0,-5.762663269042969,2.237336730957031,Leave_One_experiments/all_year_offline_schedule_search/daily_outputs/HLA/HLA_2004_HLA2004_stress_grid_S0015_daily.csv
HLA,HLA,Hailun,2004,Leave_One_experiments\wth_generated_qc\HLA\HLA2004.WTH,dry_year;water_stress_year;nitrogen_stress_year;irrigation_responsive_year,irrigation_responsive,HLA2004_stress_grid_S0015,irrigation_positive_candidate,2004-09-24,268,149,144,"{""sim_day"": 149.0, ""doy"": 268.0, ""topwt"": 770.4207611083984, ""grnwt"": 409.2306518554688, ""xlai"": 0.0167675465345382, ""totir"": 20.0, ""tofer"": NaN, ""swfac"": 0.0, ""nstres"": 0.1169842481613159}",0.0,0.1169842481613159,770.4207611083984,409.2306518554688,0.0167675465345382,20.0,,0.0,0.0,20.0,0.0,-5.762663269042969,2.237336730957031,Leave_One_experiments/all_year_offline_schedule_search/daily_outputs/HLA/HLA_2004_HLA2004_stress_grid_S0015_daily.csv
HLA,HLA,Hailun,2004,Leave_One_experiments\wth_generated_qc\HLA\HLA2004.WTH,dry_year;water_stress_year;nitrogen_stress_year;irrigation_responsive_year,irrigation_responsive,HLA2004_stress_grid_S0015,irrigation_positive_candidate,2004-09-25,269,150,145,"{""sim_day"": 150.0, ""doy"": 269.0, ""topwt"": 772.5161743164062, ""grnwt"": 411.32606506347656, ""xlai"": 0.01655432023108, ""totir"": 20.0, ""tofer"": NaN, ""swfac"": 0.0, ""nstres"": 0.1017257571220398}",0.0,0.1017257571220398,772.5161743164062,411.32606506347656,0.01655432023108,20.0,,0.0,0.0,20.0,0.0,-5.762663269042969,2.237336730957031,Leave_One_experiments/all_year_offline_schedule_search/daily_outputs/HLA/HLA_2004_HLA2004_stress_grid_S0015_daily.csv
HLA,HLA,Hailun,2004,Leave_One_experiments\wth_generated_qc\HLA\HLA2004.WTH,dry_year;water_stress_year;nitrogen_stress_year;irrigation_responsive_year,irrigation_responsive,HLA2004_stress_grid_S0015,irrigation_positive_candidate,2004-09-26,270,151,146,"{""sim_day"": 151.0, ""doy"": 270.0, ""topwt"": 776.4369201660156, ""grnwt"": 415.24681091308594, ""xlai"": 0.0163801871240139, ""totir"": 20.0, ""tofer"": NaN, ""swfac"": 0.0, ""nstres"": 0.0841445922851562}",0.0,0.0841445922851562,776.4369201660156,415.24681091308594,0.0163801871240139,20.0,,0.0,0.0,20.0,0.0,-5.762663269042969,2.237336730957031,Leave_One_experiments/all_year_offline_schedule_search/daily_outputs/HLA/HLA_2004_HLA2004_stress_grid_S0015_daily.csv
HLA,HLA,Hailun,2004,Leave_One_experiments\wth_generated_qc\HLA\HLA2004.WTH,dry_year;water_stress_year;nitrogen_stress_year;irrigation_responsive_year,irrigation_responsive,HLA2004_stress_grid_S0015,irrigation_positive_candidate,2004-09-27,271,152,147,"{""sim_day"": 152.0, ""doy"": 271.0, ""topwt"": 778.8901519775391, ""grnwt"": 417.7000427246094, ""xlai"": 0.0129141537472605, ""totir"": 20.0, ""tofer"": NaN, ""swfac"": 0.0, ""nstres"": 0.0714542865753173}",0.0,0.0714542865753173,778.8901519775391,417.7000427246094,0.0129141537472605,20.0,,0.0,0.0,20.0,0.0,-5.762663269042969,2.237336730957031,Leave_One_experiments/all_year_offline_schedule_search/daily_outputs/HLA/HLA_2004_HLA2004_stress_grid_S0015_daily.csv
HLA,HLA,Hailun,2004,Leave_One_experiments\wth_generated_qc\HLA\HLA2004.WTH,dry_year;water_stress_year;nitrogen_stress_year;irrigation_responsive_year,irrigation_responsive,HLA2004_stress_grid_S0015,irrigation_positive_candidate,2004-09-28,272,153,148,"{""sim_day"": 153.0, ""doy"": 272.0, ""topwt"": 780.6110382080078, ""grnwt"": 419.4209289550781, ""xlai"": 0.012397582642734, ""totir"": 20.0, ""tofer"": NaN, ""swfac"": 0.0, ""nstres"": 0.0639107823371887}",0.0,0.0639107823371887,780.6110382080078,419.4209289550781,0.012397582642734,20.0,,0.0,0.0,20.0,0.0,-5.762663269042969,2.237336730957031,Leave_One_experiments/all_year_offline_schedule_search/daily_outputs/HLA/HLA_2004_HLA2004_stress_grid_S0015_daily.csv
HLA,HLA,Hailun,2004,Leave_One_experiments\wth_generated_qc\HLA\HLA2004.WTH,dry_year;water_stress_year;nitrogen_stress_year;irrigation_responsive_year,irrigation_responsive,HLA2004_stress_grid_S0015,irrigation_positive_candidate,2004-09-29,273,154,149,"{""sim_day"": 154.0, ""doy"": 273.0, ""topwt"": 781.6709899902344, ""grnwt"": 420.22090911865234, ""xlai"": 0.0105119012296199, ""totir"": 20.0, ""tofer"": NaN, ""swfac"": 0.0, ""nstres"": 0.0574982166290283}",0.0,0.0574982166290283,781.6709899902344,420.22090911865234,0.0105119012296199,20.0,,0.0,0.0,20.0,0.0,-5.762663269042969,2.237336730957031,Leave_One_experiments/all_year_offline_schedule_search/daily_outputs/HLA/HLA_2004_HLA2004_stress_grid_S0015_daily.csv
HLA,HLA,Hailun,2004,Leave_One_experiments\wth_generated_qc\HLA\HLA2004.WTH,dry_year;water_stress_year;nitrogen_stress_year;irrigation_responsive_year,irrigation_responsive,HLA2004_stress_grid_S0015,irrigation_positive_candidate,2004-09-30,274,155,150,"{""sim_day"": 155.0, ""doy"": 274.0, ""topwt"": 782.4421691894531, ""grnwt"": 421.02088928222656, ""xlai"": 0.0070965881459414, ""totir"": 20.0, ""tofer"": NaN, ""swfac"": 0.0, ""nstres"": 0.0430129170417785}",0.0,0.0430129170417785,782.4421691894531,421.02088928222656,0.0070965881459414,20.0,,0.0,0.0,20.0,0.0,-5.762663269042969,2.237336730957031,Leave_One_experiments/all_year_offline_schedule_search/daily_outputs/HLA/HLA_2004_HLA2004_stress_grid_S0015_daily.csv
HLA,HLA,Hailun,2004,Leave_One_experiments\wth_generated_qc\HLA\HLA2004.WTH,dry_year;water_stress_year;nitrogen_stress_year;irrigation_responsive_year,irrigation_responsive,HLA2004_stress_grid_S0015,irrigation_positive_candidate,2004-10-01,275,156,151,"{""sim_day"": 156.0, ""doy"": 275.0, ""topwt"": 782.4473571777344, ""grnwt"": 421.02088928222656, ""xlai"": 0.0026676023844629, ""totir"": 20.0, ""tofer"": NaN, ""swfac"": 0.0, ""nstres"": 0.0351483821868896}",0.0,0.0351483821868896,782.4473571777344,421.02088928222656,0.0026676023844629,20.0,,0.0,0.0,20.0,0.0,-5.762663269042969,2.237336730957031,Leave_One_experiments/all_year_offline_schedule_search/daily_outputs/HLA/HLA_2004_HLA2004_stress_grid_S0015_daily.csv
HLA,HLA,Hailun,2004,Leave_One_experiments\wth_generated_qc\HLA\HLA2004.WTH,dry_year;water_stress_year;nitrogen_stress_year;irrigation_responsive_year,irrigation_responsive,HLA2004_stress_grid_S0015,irrigation_positive_candidate,2004-10-02,276,157,152,"{""sim_day"": 157.0, ""doy"": 276.0, ""topwt"": 783.3430480957031, ""grnwt"": 421.5708923339844, ""xlai"": 0.0017390135908499, ""totir"": 20.0, ""tofer"": NaN, ""swfac"": 0.0, ""nstres"": 0.0191690921783447}",0.0,0.0191690921783447,783.3430480957031,421.5708923339844,0.0017390135908499,20.0,,0.0,0.0,20.0,0.0,-5.762663269042969,2.237336730957031,Leave_One_experiments/all_year_offline_schedule_search/daily_outputs/HLA/HLA_2004_HLA2004_stress_grid_S0015_daily.csv
HLA,HLA,Hailun,2004,Leave_One_experiments\wth_generated_qc\HLA\HLA2004.WTH,dry_year;water_stress_year;nitrogen_stress_year;irrigation_responsive_year,irrigation_responsive,HLA2004_stress_grid_S0015,irrigation_positive_candidate,2004-10-03,277,158,153,"{""sim_day"": 158.0, ""doy"": 277.0, ""topwt"": 782.984619140625, ""grnwt"": 421.79447174072266, ""xlai"": 0.0017049254383891, ""totir"": 20.0, ""tofer"": NaN, ""swfac"": 0.0, ""nstres"": 0.0090006589889526}",0.0,0.0090006589889526,782.984619140625,421.79447174072266,0.0017049254383891,20.0,,0.0,0.0,20.0,0.0,-5.762663269042969,2.237336730957031,Leave_One_experiments/all_year_offline_schedule_search/daily_outputs/HLA/HLA_2004_HLA2004_stress_grid_S0015_daily.csv
HLA,HLA,Hailun,2004,Leave_One_experiments\wth_generated_qc\HLA\HLA2004.WTH,dry_year;water_stress_year;nitrogen_stress_year;irrigation_responsive_year,irrigation_responsive,HLA2004_stress_grid_S0015,irrigation_positive_candidate,2004-10-04,278,159,154,"{""sim_day"": 159.0, ""doy"": 278.0, ""topwt"": 783.3708190917969, ""grnwt"": 422.1806335449219, ""xlai"": 0.0014456176431849, ""totir"": 20.0, ""tofer"": NaN, ""swfac"": 0.0, ""nstres"": 0.0}",0.0,0.0,783.3708190917969,422.1806335449219,0.0014456176431849,20.0,,0.0,0.0,20.0,0.0,-5.762663269042969,2.237336730957031,Leave_One_experiments/all_year_offline_schedule_search/daily_outputs/HLA/HLA_2004_HLA2004_stress_grid_S0015_daily.csv
HLA,HLA,Hailun,2004,Leave_One_experiments\wth_generated_qc\HLA\HLA2004.WTH,dry_year;water_stress_year;nitrogen_stress_year;irrigation_responsive_year,irrigation_responsive,HLA2004_stress_grid_S0015,irrigation_positive_candidate,2004-10-05,279,160,155,"{""sim_day"": 160.0, ""doy"": 279.0, ""topwt"": 783.7004852294922, ""grnwt"": 422.5103378295898, ""xlai"": 0.0012582702329382, ""totir"": 20.0, ""tofer"": NaN, ""swfac"": 0.0, ""nstres"": 0.0}",0.0,0.0,783.7004852294922,422.5103378295898,0.0012582702329382,20.0,,0.0,0.0,20.0,0.0,-5.762663269042969,2.237336730957031,Leave_One_experiments/all_year_offline_schedule_search/daily_outputs/HLA/HLA_2004_HLA2004_stress_grid_S0015_daily.csv
HLA,HLA,Hailun,2004,Leave_One_experiments\wth_generated_qc\HLA\HLA2004.WTH,dry_year;water_stress_year;nitrogen_stress_year;irrigation_responsive_year,irrigation_responsive,HLA2004_stress_grid_S0015,irrigation_positive_candidate,2004-10-06,280,161,156,"{""sim_day"": 161.0, ""doy"": 280.0, ""topwt"": 783.9855194091797, ""grnwt"": 422.79541015625, ""xlai"": 0.0012582702329382, ""totir"": 20.0, ""tofer"": NaN, ""swfac"": 0.0, ""nstres"": 0.0}",0.0,0.0,783.9855194091797,422.79541015625,0.0012582702329382,20.0,,0.0,0.0,20.0,0.0,-5.762663269042969,2.237336730957031,Leave_One_experiments/all_year_offline_schedule_search/daily_outputs/HLA/HLA_2004_HLA2004_stress_grid_S0015_daily.csv
HLA,HLA,Hailun,2004,Leave_One_experiments\wth_generated_qc\HLA\HLA2004.WTH,dry_year;water_stress_year;nitrogen_stress_year;irrigation_responsive_year,irrigation_responsive,HLA2004_stress_grid_S0015,irrigation_positive_candidate,2004-10-07,281,162,157,"{""sim_day"": 162.0, ""doy"": 281.0, ""topwt"": 784.2629241943359, ""grnwt"": 423.0728149414063, ""xlai"": 0.0012582702329382, ""totir"": 20.0, ""tofer"": NaN, ""swfac"": 0.0, ""nstres"": 0.0}",0.0,0.0,784.2629241943359,423.0728149414063,0.0012582702329382,20.0,,0.0,0.0,20.0,0.0,-5.762663269042969,2.237336730957031,Leave_One_experiments/all_year_offline_schedule_search/daily_outputs/HLA/HLA_2004_HLA2004_stress_grid_S0015_daily.csv
HLA,HLA,Hailun,2004,Leave_One_experiments\wth_generated_qc\HLA\HLA2004.WTH,dry_year;water_stress_year;nitrogen_stress_year;irrigation_responsive_year,irrigation_responsive,HLA2004_stress_grid_S0015,irrigation_positive_candidate,2004-10-08,282,163,158,"{""sim_day"": 163.0, ""doy"": 282.0, ""topwt"": 784.542236328125, ""grnwt"": 423.3521270751953, ""xlai"": 0.0011796264443546, ""totir"": 20.0, ""tofer"": NaN, ""swfac"": 0.0, ""nstres"": 0.0}",0.0,0.0,784.542236328125,423.3521270751953,0.0011796264443546,20.0,,0.0,0.0,20.0,0.0,-5.762663269042969,2.237336730957031,Leave_One_experiments/all_year_offline_schedule_search/daily_outputs/HLA/HLA_2004_HLA2004_stress_grid_S0015_daily.csv
HLA,HLA,Hailun,2004,Leave_One_experiments\wth_generated_qc\HLA\HLA2004.WTH,dry_year;water_stress_year;nitrogen_stress_year;irrigation_responsive_year,irrigation_responsive,HLA2004_stress_grid_S0015,irrigation_positive_candidate,2004-10-09,283,164,159,"{""sim_day"": 164.0, ""doy"": 283.0, ""topwt"": 784.7843933105469, ""grnwt"": 423.5942840576172, ""xlai"": 0.0011796264443546, ""totir"": 20.0, ""tofer"": NaN, ""swfac"": 0.0, ""nstres"": 0.0}",0.0,0.0,784.7843933105469,423.5942840576172,0.0011796264443546,20.0,,0.0,0.0,20.0,0.0,-5.762663269042969,2.237336730957031,Leave_One_experiments/all_year_offline_schedule_search/daily_outputs/HLA/HLA_2004_HLA2004_stress_grid_S0015_daily.csv
HLA,HLA,Hailun,2004,Leave_One_experiments\wth_generated_qc\HLA\HLA2004.WTH,dry_year;water_stress_year;nitrogen_stress_year;irrigation_responsive_year,irrigation_responsive,HLA2004_stress_grid_S0015,irrigation_positive_candidate,2004-10-10,284,165,160,"{""sim_day"": 165.0, ""doy"": 284.0, ""topwt"": 784.9237823486328, ""grnwt"": 423.7336730957031, ""xlai"": 0.0011455382918938, ""totir"": 20.0, ""tofer"": NaN, ""swfac"": 0.0, ""nstres"": 0.0}",0.0,0.0,784.9237823486328,423.7336730957031,0.0011455382918938,20.0,,0.0,0.0,20.0,0.0,-5.762663269042969,2.237336730957031,Leave_One_experiments/all_year_offline_schedule_search/daily_outputs/HLA/HLA_2004_HLA2004_stress_grid_S0015_daily.csv
HLA,HLA,Hailun,2004,Leave_One_experiments\wth_generated_qc\HLA\HLA2004.WTH,dry_year;water_stress_year;nitrogen_stress_year;irrigation_responsive_year,irrigation_responsive,HLA2004_stress_grid_S0015,irrigation_positive_candidate,2004-10-11,285,166,161,"{""sim_day"": 166.0, ""doy"": 285.0, ""topwt"": 784.9424743652344, ""grnwt"": 423.7336730957031, ""xlai"": 0.0003179016057401, ""totir"": 20.0, ""tofer"": NaN, ""swfac"": 0.0, ""nstres"": 0.0}",0.0,0.0,784.9424743652344,423.7336730957031,0.0003179016057401,20.0,,0.0,0.0,20.0,0.0,-5.762663269042969,2.237336730957031,Leave_One_experiments/all_year_offline_schedule_search/daily_outputs/HLA/HLA_2004_HLA2004_stress_grid_S0015_daily.csv
HLA,HLA,Hailun,2004,Leave_One_experiments\wth_generated_qc\HLA\HLA2004.WTH,dry_year;water_stress_year;nitrogen_stress_year;irrigation_responsive_year,irrigation_responsive,HLA2004_stress_grid_S0015,irrigation_positive_candidate,2004-10-12,286,167,162,"{""sim_day"": 167.0, ""doy"": 286.0, ""topwt"": 784.9424743652344, ""grnwt"": 423.7336730957031, ""xlai"": 0.0, ""totir"": 20.0, ""tofer"": NaN, ""swfac"": 0.0, ""nstres"": 0.0}",0.0,0.0,784.9424743652344,423.7336730957031,0.0,20.0,,0.0,0.0,20.0,0.0,-5.762663269042969,2.237336730957031,Leave_One_experiments/all_year_offline_schedule_search/daily_outputs/HLA/HLA_2004_HLA2004_stress_grid_S0015_daily.csv
HLA,HLA,Hailun,2004,Leave_One_experiments\wth_generated_qc\HLA\HLA2004.WTH,dry_year;water_stress_year;nitrogen_stress_year;irrigation_responsive_year,irrigation_responsive,HLA2004_stress_grid_S0015,irrigation_positive_candidate,2004-10-13,287,168,163,"{""sim_day"": 168.0, ""doy"": 287.0, ""topwt"": 784.9424743652344, ""grnwt"": 423.7336730957031, ""xlai"": 0.0, ""totir"": 20.0, ""tofer"": NaN, ""swfac"": 0.0, ""nstres"": 0.0}",0.0,0.0,784.9424743652344,423.7336730957031,0.0,20.0,,0.0,0.0,20.0,0.0,-5.762663269042969,2.237336730957031,Leave_One_experiments/all_year_offline_schedule_search/daily_outputs/HLA/HLA_2004_HLA2004_stress_grid_S0015_daily.csv
HLA,HLA,Hailun,2004,Leave_One_experiments\wth_generated_qc\HLA\HLA2004.WTH,dry_year;water_stress_year;nitrogen_stress_year;irrigation_responsive_year,irrigation_responsive,HLA2004_stress_grid_S0015,irrigation_positive_candidate,2004-10-14,288,169,164,"{""sim_day"": 169.0, ""doy"": 288.0, ""topwt"": 784.9424743652344, ""grnwt"": 423.7336730957031, ""xlai"": 0.0, ""totir"": 20.0, ""tofer"": NaN, ""swfac"": 0.0, ""nstres"": 0.0}",0.0,0.0,784.9424743652344,423.7336730957031,0.0,20.0,,0.0,0.0,20.0,0.0,-5.762663269042969,2.237336730957031,Leave_One_experiments/all_year_offline_schedule_search/daily_outputs/HLA/HLA_2004_HLA2004_stress_grid_S0015_daily.csv
HLA,HLA,Hailun,2004,Leave_One_experiments\wth_generated_qc\HLA\HLA2004.WTH,dry_year;water_stress_year;nitrogen_stress_year;irrigation_responsive_year,irrigation_responsive,HLA2004_stress_grid_S0015,irrigation_positive_candidate,2004-10-15,289,170,165,"{""sim_day"": 170.0, ""doy"": 289.0, ""topwt"": 784.9424743652344, ""grnwt"": 423.7336730957031, ""xlai"": 0.0, ""totir"": 20.0, ""tofer"": NaN, ""swfac"": 0.0, ""nstres"": 0.0}",0.0,0.0,784.9424743652344,423.7336730957031,0.0,20.0,,0.0,0.0,20.0,0.0,-5.762663269042969,2.237336730957031,Leave_One_experiments/all_year_offline_schedule_search/daily_outputs/HLA/HLA_2004_HLA2004_stress_grid_S0015_daily.csv
HLA,HLA,Hailun,2004,Leave_One_experiments\wth_generated_qc\HLA\HLA2004.WTH,dry_year;water_stress_year;nitrogen_stress_year;irrigation_responsive_year,irrigation_responsive,HLA2004_stress_grid_S0015,irrigation_positive_candidate,2004-10-16,290,171,166,"{""sim_day"": 171.0, ""doy"": 290.0, ""topwt"": 784.9424743652344, ""grnwt"": 423.7336730957031, ""xlai"": 0.0, ""totir"": 20.0, ""tofer"": NaN, ""swfac"": 0.0, ""nstres"": 0.0}",0.0,0.0,784.9424743652344,423.7336730957031,0.0,20.0,,0.0,0.0,20.0,0.0,-5.762663269042969,2.237336730957031,Leave_One_experiments/all_year_offline_schedule_search/daily_outputs/HLA/HLA_2004_HLA2004_stress_grid_S0015_daily.csv
HLA,HLA,Hailun,2004,Leave_One_experiments\wth_generated_qc\HLA\HLA2004.WTH,dry_year;water_stress_year;nitrogen_stress_year;irrigation_responsive_year,irrigation_responsive,HLA2004_stress_grid_S0015,irrigation_positive_candidate,2004-10-17,291,172,167,"{""sim_day"": 172.0, ""doy"": 291.0, ""topwt"": 784.9424743652344, ""grnwt"": 423.7336730957031, ""xlai"": 0.0, ""totir"": 20.0, ""tofer"": NaN, ""swfac"": 0.0, ""nstres"": 0.0}",0.0,0.0,784.9424743652344,423.7336730957031,0.0,20.0,,0.0,0.0,20.0,0.0,-5.762663269042969,2.237336730957031,Leave_One_experiments/all_year_offline_schedule_search/daily_outputs/HLA/HLA_2004_HLA2004_stress_grid_S0015_daily.csv
HLA,HLA,Hailun,2004,Leave_One_experiments\wth_generated_qc\HLA\HLA2004.WTH,dry_year;water_stress_year;nitrogen_stress_year;irrigation_responsive_year,irrigation_responsive,HLA2004_stress_grid_S0015,irrigation_positive_candidate,2004-10-18,292,173,168,"{""sim_day"": 173.0, ""doy"": 292.0, ""topwt"": 784.9424743652344, ""grnwt"": 423.7336730957031, ""xlai"": 0.0, ""totir"": 20.0, ""tofer"": NaN, ""swfac"": 0.0, ""nstres"": 0.0}",0.0,0.0,784.9424743652344,423.7336730957031,0.0,20.0,,0.0,0.0,20.0,0.0,-5.762663269042969,2.237336730957031,Leave_One_experiments/all_year_offline_schedule_search/daily_outputs/HLA/HLA_2004_HLA2004_stress_grid_S0015_daily.csv
HLA,HLA,Hailun,2004,Leave_One_experiments\wth_generated_qc\HLA\HLA2004.WTH,dry_year;water_stress_year;nitrogen_stress_year;irrigation_responsive_year,irrigation_responsive,HLA2004_stress_grid_S0015,irrigation_positive_candidate,2004-10-19,293,174,169,"{""sim_day"": 174.0, ""doy"": 293.0, ""topwt"": 784.9424743652344, ""grnwt"": 423.7336730957031, ""xlai"": 0.0, ""totir"": 20.0, ""tofer"": NaN, ""swfac"": 0.0, ""nstres"": 0.0}",0.0,0.0,784.9424743652344,423.7336730957031,0.0,20.0,,0.0,0.0,20.0,0.0,-5.762663269042969,2.237336730957031,Leave_One_experiments/all_year_offline_schedule_search/daily_outputs/HLA/HLA_2004_HLA2004_stress_grid_S0015_daily.csv
HLA,HLA,Hailun,2004,Leave_One_experiments\wth_generated_qc\HLA\HLA2004.WTH,dry_year;water_stress_year;nitrogen_stress_year;irrigation_responsive_year,irrigation_responsive,HLA2004_stress_grid_S0015,irrigation_positive_candidate,2004-10-20,294,175,170,"{""sim_day"": 175.0, ""doy"": 294.0, ""topwt"": 784.9424743652344, ""grnwt"": 423.7336730957031, ""xlai"": 0.0, ""totir"": 20.0, ""tofer"": NaN, ""swfac"": 0.0, ""nstres"": 0.0}",0.0,0.0,784.9424743652344,423.7336730957031,0.0,20.0,,0.0,0.0,20.0,0.0,-5.762663269042969,2.237336730957031,Leave_One_experiments/all_year_offline_schedule_search/daily_outputs/HLA/HLA_2004_HLA2004_stress_grid_S0015_daily.csv
HLA,HLA,Hailun,2004,Leave_One_experiments\wth_generated_qc\HLA\HLA2004.WTH,dry_year;water_stress_year;nitrogen_stress_year;irrigation_responsive_year,irrigation_responsive,HLA2004_stress_grid_S0001,low_input_within_10pct_yield,2004-05-04,125,1,1,"{""sim_day"": 1.0, ""doy"": 125.0, ""topwt"": 0.0, ""grnwt"": 0.0, ""xlai"": 0.0, ""totir"": 0.0, ""tofer"": NaN, ""swfac"": 0.0, ""nstres"": 0.0}",0.0,0.0,0.0,0.0,0.0,0.0,,0.0,0.0,0.0,0.0,4.185660552978516,4.185660552978516,Leave_One_experiments/all_year_offline_schedule_search/daily_outputs/HLA/HLA_2004_HLA2004_stress_grid_S0001_daily.csv
HLA,HLA,Hailun,2004,Leave_One_experiments\wth_generated_qc\HLA\HLA2004.WTH,dry_year;water_stress_year;nitrogen_stress_year;irrigation_responsive_year,irrigation_responsive,HLA2004_stress_grid_S0001,low_input_within_10pct_yield,2004-05-05,126,2,2,"{""sim_day"": 2.0, ""doy"": 126.0, ""topwt"": 0.0, ""grnwt"": 0.0, ""xlai"": 0.0, ""totir"": 0.0, ""tofer"": NaN, ""swfac"": 0.0, ""nstres"": 0.0}",0.0,0.0,0.0,0.0,0.0,0.0,,0.0,0.0,0.0,0.0,4.185660552978516,4.185660552978516,Leave_One_experiments/all_year_offline_schedule_search/daily_outputs/HLA/HLA_2004_HLA2004_stress_grid_S0001_daily.csv
HLA,HLA,Hailun,2004,Leave_One_experiments\wth_generated_qc\HLA\HLA2004.WTH,dry_year;water_stress_year;nitrogen_stress_year;irrigation_responsive_year,irrigation_responsive,HLA2004_stress_grid_S0001,low_input_within_10pct_yield,2004-05-06,127,3,3,"{""sim_day"": 3.0, ""doy"": 127.0, ""topwt"": 0.0, ""grnwt"": 0.0, ""xlai"": 0.0, ""totir"": 0.0, ""tofer"": NaN, ""swfac"": 0.0, ""nstres"": 0.0}",0.0,0.0,0.0,0.0,0.0,0.0,,0.0,0.0,0.0,0.0,4.185660552978516,4.185660552978516,Leave_One_experiments/all_year_offline_schedule_search/daily_outputs/HLA/HLA_2004_HLA2004_stress_grid_S0001_daily.csv
HLA,HLA,Hailun,2004,Leave_One_experiments\wth_generated_qc\HLA\HLA2004.WTH,dry_year;water_stress_year;nitrogen_stress_year;irrigation_responsive_year,irrigation_responsive,HLA2004_stress_grid_S0001,low_input_within_10pct_yield,2004-05-07,128,4,4,"{""sim_day"": 4.0, ""doy"": 128.0, ""topwt"": 0.0, ""grnwt"": 0.0, ""xlai"": 0.0, ""totir"": 0.0, ""tofer"": NaN, ""swfac"": 0.0, ""nstres"": 0.0}",0.0,0.0,0.0,0.0,0.0,0.0,,0.0,0.0,0.0,0.0,4.185660552978516,4.185660552978516,Leave_One_experiments/all_year_offline_schedule_search/daily_outputs/HLA/HLA_2004_HLA2004_stress_grid_S0001_daily.csv
HLA,HLA,Hailun,2004,Leave_One_experiments\wth_generated_qc\HLA\HLA2004.WTH,dry_year;water_stress_year;nitrogen_stress_year;irrigation_responsive_year,irrigation_responsive,HLA2004_stress_grid_S0001,low_input_within_10pct_yield,2004-05-08,129,5,5,"{""sim_day"": 5.0, ""doy"": 129.0, ""topwt"": 0.0, ""grnwt"": 0.0, ""xlai"": 0.0, ""totir"": 0.0, ""tofer"": NaN, ""swfac"": 0.0, ""nstres"": 0.0}",0.0,0.0,0.0,0.0,0.0,0.0,,0.0,0.0,0.0,0.0,4.185660552978516,4.185660552978516,Leave_One_experiments/all_year_offline_schedule_search/daily_outputs/HLA/HLA_2004_HLA2004_stress_grid_S0001_daily.csv
HLA,HLA,Hailun,2004,Leave_One_experiments\wth_generated_qc\HLA\HLA2004.WTH,dry_year;water_stress_year;nitrogen_stress_year;irrigation_responsive_year,irrigation_responsive,HLA2004_stress_grid_S0001,low_input_within_10pct_yield,2004-05-04,125,6,1,"{""sim_day"": 6.0, ""doy"": 125.0, ""topwt"": 0.0, ""grnwt"": 0.0, ""xlai"": 0.0, ""totir"": 0.0, ""tofer"": NaN, ""swfac"": 0.0, ""nstres"": 0.0}",0.0,0.0,0.0,0.0,0.0,0.0,,0.0,0.0,0.0,0.0,4.185660552978516,4.185660552978516,Leave_One_experiments/all_year_offline_schedule_search/daily_outputs/HLA/HLA_2004_HLA2004_stress_grid_S0001_daily.csv
HLA,HLA,Hailun,2004,Leave_One_experiments\wth_generated_qc\HLA\HLA2004.WTH,dry_year;water_stress_year;nitrogen_stress_year;irrigation_responsive_year,irrigation_responsive,HLA2004_stress_grid_S0001,low_input_within_10pct_yield,2004-05-05,126,7,2,"{""sim_day"": 7.0, ""doy"": 126.0, ""topwt"": 0.0, ""grnwt"": 0.0, ""xlai"": 0.0, ""totir"": 0.0, ""tofer"": NaN, ""swfac"": 0.0, ""nstres"": 0.0}",0.0,0.0,0.0,0.0,0.0,0.0,,0.0,0.0,0.0,0.0,4.185660552978516,4.185660552978516,Leave_One_experiments/all_year_offline_schedule_search/daily_outputs/HLA/HLA_2004_HLA2004_stress_grid_S0001_daily.csv
HLA,HLA,Hailun,2004,Leave_One_experiments\wth_generated_qc\HLA\HLA2004.WTH,dry_year;water_stress_year;nitrogen_stress_year;irrigation_responsive_year,irrigation_responsive,HLA2004_stress_grid_S0001,low_input_within_10pct_yield,2004-05-06,127,8,3,"{""sim_day"": 8.0, ""doy"": 127.0, ""topwt"": 0.0, ""grnwt"": 0.0, ""xlai"": 0.0, ""totir"": 0.0, ""tofer"": NaN, ""swfac"": 0.0, ""nstres"": 0.0}",0.0,0.0,0.0,0.0,0.0,0.0,,0.0,0.0,0.0,0.0,4.185660552978516,4.185660552978516,Leave_One_experiments/all_year_offline_schedule_search/daily_outputs/HLA/HLA_2004_HLA2004_stress_grid_S0001_daily.csv
HLA,HLA,Hailun,2004,Leave_One_experiments\wth_generated_qc\HLA\HLA2004.WTH,dry_year;water_stress_year;nitrogen_stress_year;irrigation_responsive_year,irrigation_responsive,HLA2004_stress_grid_S0001,low_input_within_10pct_yield,2004-05-07,128,9,4,"{""sim_day"": 9.0, ""doy"": 128.0, ""topwt"": 0.0, ""grnwt"": 0.0, ""xlai"": 0.0, ""totir"": 0.0, ""tofer"": NaN, ""swfac"": 0.0, ""nstres"": 0.0}",0.0,0.0,0.0,0.0,0.0,0.0,,0.0,0.0,0.0,0.0,4.185660552978516,4.185660552978516,Leave_One_experiments/all_year_offline_schedule_search/daily_outputs/HLA/HLA_2004_HLA2004_stress_grid_S0001_daily.csv
HLA,HLA,Hailun,2004,Leave_One_experiments\wth_generated_qc\HLA\HLA2004.WTH,dry_year;water_stress_year;nitrogen_stress_year;irrigation_responsive_year,irrigation_responsive,HLA2004_stress_grid_S0001,low_input_within_10pct_yield,2004-05-08,129,10,5,"{""sim_day"": 10.0, ""doy"": 129.0, ""topwt"": 0.0, ""grnwt"": 0.0, ""xlai"": 0.0, ""totir"": 0.0, ""tofer"": NaN, ""swfac"": 0.0, ""nstres"": 0.0}",0.0,0.0,0.0,0.0,0.0,0.0,,0.0,0.0,0.0,0.0,4.185660552978516,4.185660552978516,Leave_One_experiments/all_year_offline_schedule_search/daily_outputs/HLA/HLA_2004_HLA2004_stress_grid_S0001_daily.csv
HLA,HLA,Hailun,2004,Leave_One_experiments\wth_generated_qc\HLA\HLA2004.WTH,dry_year;water_stress_year;nitrogen_stress_year;irrigation_responsive_year,irrigation_responsive,HLA2004_stress_grid_S0001,low_input_within_10pct_yield,2004-05-09,130,11,6,"{""sim_day"": 11.0, ""doy"": 130.0, ""topwt"": 0.0, ""grnwt"": 0.0, ""xlai"": 0.0, ""totir"": 0.0, ""tofer"": NaN, ""swfac"": 0.0, ""nstres"": 0.0}",0.0,0.0,0.0,0.0,0.0,0.0,,0.0,0.0,0.0,0.0,4.185660552978516,4.185660552978516,Leave_One_experiments/all_year_offline_schedule_search/daily_outputs/HLA/HLA_2004_HLA2004_stress_grid_S0001_daily.csv
HLA,HLA,Hailun,2004,Leave_One_experiments\wth_generated_qc\HLA\HLA2004.WTH,dry_year;water_stress_year;nitrogen_stress_year;irrigation_responsive_year,irrigation_responsive,HLA2004_stress_grid_S0001,low_input_within_10pct_yield,2004-05-10,131,12,7,"{""sim_day"": 12.0, ""doy"": 131.0, ""topwt"": 0.0, ""grnwt"": 0.0, ""xlai"": 0.0, ""totir"": 0.0, ""tofer"": NaN, ""swfac"": 0.0, ""nstres"": 0.0}",0.0,0.0,0.0,0.0,0.0,0.0,,0.0,0.0,0.0,0.0,4.185660552978516,4.185660552978516,Leave_One_experiments/all_year_offline_schedule_search/daily_outputs/HLA/HLA_2004_HLA2004_stress_grid_S0001_daily.csv
HLA,HLA,Hailun,2004,Leave_One_experiments\wth_generated_qc\HLA\HLA2004.WTH,dry_year;water_stress_year;nitrogen_stress_year;irrigation_responsive_year,irrigation_responsive,HLA2004_stress_grid_S0001,low_input_within_10pct_yield,2004-05-11,132,13,8,"{""sim_day"": 13.0, ""doy"": 132.0, ""topwt"": 0.0, ""grnwt"": 0.0, ""xlai"": 0.0, ""totir"": 0.0, ""tofer"": NaN, ""swfac"": 0.0, ""nstres"": 0.0}",0.0,0.0,0.0,0.0,0.0,0.0,,0.0,0.0,0.0,0.0,4.185660552978516,4.185660552978516,Leave_One_experiments/all_year_offline_schedule_search/daily_outputs/HLA/HLA_2004_HLA2004_stress_grid_S0001_daily.csv
HLA,HLA,Hailun,2004,Leave_One_experiments\wth_generated_qc\HLA\HLA2004.WTH,dry_year;water_stress_year;nitrogen_stress_year;irrigation_responsive_year,irrigation_responsive,HLA2004_stress_grid_S0001,low_input_within_10pct_yield,2004-05-12,133,14,9,"{""sim_day"": 14.0, ""doy"": 133.0, ""topwt"": 0.0, ""grnwt"": 0.0, ""xlai"": 0.0, ""totir"": 0.0, ""tofer"": NaN, ""swfac"": 0.0, ""nstres"": 0.0}",0.0,0.0,0.0,0.0,0.0,0.0,,0.0,0.0,0.0,0.0,4.185660552978516,4.185660552978516,Leave_One_experiments/all_year_offline_schedule_search/daily_outputs/HLA/HLA_2004_HLA2004_stress_grid_S0001_daily.csv
HLA,HLA,Hailun,2004,Leave_One_experiments\wth_generated_qc\HLA\HLA2004.WTH,dry_year;water_stress_year;nitrogen_stress_year;irrigation_responsive_year,irrigation_responsive,HLA2004_stress_grid_S0001,low_input_within_10pct_yield,2004-05-13,134,15,10,"{""sim_day"": 15.0, ""doy"": 134.0, ""topwt"": 0.0, ""grnwt"": 0.0, ""xlai"": 0.0, ""totir"": 0.0, ""tofer"": NaN, ""swfac"": 0.0, ""nstres"": 0.0}",0.0,0.0,0.0,0.0,0.0,0.0,,0.0,0.0,0.0,0.0,4.185660552978516,4.185660552978516,Leave_One_experiments/all_year_offline_schedule_search/daily_outputs/HLA/HLA_2004_HLA2004_stress_grid_S0001_daily.csv
HLA,HLA,Hailun,2004,Leave_One_experiments\wth_generated_qc\HLA\HLA2004.WTH,dry_year;water_stress_year;nitrogen_stress_year;irrigation_responsive_year,irrigation_responsive,HLA2004_stress_grid_S0001,low_input_within_10pct_yield,2004-05-14,135,16,11,"{""sim_day"": 16.0, ""doy"": 135.0, ""topwt"": 0.0, ""grnwt"": 0.0, ""xlai"": 0.0, ""totir"": 0.0, ""tofer"": NaN, ""swfac"": 0.0, ""nstres"": 0.0}",0.0,0.0,0.0,0.0,0.0,0.0,,0.0,0.0,0.0,0.0,4.185660552978516,4.185660552978516,Leave_One_experiments/all_year_offline_schedule_search/daily_outputs/HLA/HLA_2004_HLA2004_stress_grid_S0001_daily.csv
HLA,HLA,Hailun,2004,Leave_One_experiments\wth_generated_qc\HLA\HLA2004.WTH,dry_year;water_stress_year;nitrogen_stress_year;irrigation_responsive_year,irrigation_responsive,HLA2004_stress_grid_S0001,low_input_within_10pct_yield,2004-05-15,136,17,12,"{""sim_day"": 17.0, ""doy"": 136.0, ""topwt"": 0.0, ""grnwt"": 0.0, ""xlai"": 0.0, ""totir"": 0.0, ""tofer"": NaN, ""swfac"": 0.0, ""nstres"": 0.0}",0.0,0.0,0.0,0.0,0.0,0.0,,0.0,0.0,0.0,0.0,4.185660552978516,4.185660552978516,Leave_One_experiments/all_year_offline_schedule_search/daily_outputs/HLA/HLA_2004_HLA2004_stress_grid_S0001_daily.csv
HLA,HLA,Hailun,2004,Leave_One_experiments\wth_generated_qc\HLA\HLA2004.WTH,dry_year;water_stress_year;nitrogen_stress_year;irrigation_responsive_year,irrigation_responsive,HLA2004_stress_grid_S0001,low_input_within_10pct_yield,2004-05-16,137,18,13,"{""sim_day"": 18.0, ""doy"": 137.0, ""topwt"": 0.0, ""grnwt"": 0.0, ""xlai"": 0.0, ""totir"": 0.0, ""tofer"": NaN, ""swfac"": 0.0, ""nstres"": 0.0}",0.0,0.0,0.0,0.0,0.0,0.0,,0.0,0.0,0.0,0.0,4.185660552978516,4.185660552978516,Leave_One_experiments/all_year_offline_schedule_search/daily_outputs/HLA/HLA_2004_HLA2004_stress_grid_S0001_daily.csv
HLA,HLA,Hailun,2004,Leave_One_experiments\wth_generated_qc\HLA\HLA2004.WTH,dry_year;water_stress_year;nitrogen_stress_year;irrigation_responsive_year,irrigation_responsive,HLA2004_stress_grid_S0001,low_input_within_10pct_yield,2004-05-17,138,19,14,"{""sim_day"": 19.0, ""doy"": 138.0, ""topwt"": 20.0, ""grnwt"": 0.0, ""xlai"": 0.0011256238212808, ""totir"": 0.0, ""tofer"": NaN, ""swfac"": 0.0, ""nstres"": 0.0121910572052001}",0.0,0.0121910572052001,20.0,0.0,0.0011256238212808,0.0,,0.0,0.0,0.0,0.0,4.185660552978516,4.185660552978516,Leave_One_experiments/all_year_offline_schedule_search/daily_outputs/HLA/HLA_2004_HLA2004_stress_grid_S0001_daily.csv
HLA,HLA,Hailun,2004,Leave_One_experiments\wth_generated_qc\HLA\HLA2004.WTH,dry_year;water_stress_year;nitrogen_stress_year;irrigation_responsive_year,irrigation_responsive,HLA2004_stress_grid_S0001,low_input_within_10pct_yield,2004-05-18,139,20,15,"{""sim_day"": 20.0, ""doy"": 139.0, ""topwt"": 20.0, ""grnwt"": 0.0, ""xlai"": 0.0017841568915173, ""totir"": 0.0, ""tofer"": NaN, ""swfac"": 0.0, ""nstres"": 0.0182431936264038}",0.0,0.0182431936264038,20.0,0.0,0.0017841568915173,0.0,,0.0,0.0,0.0,0.0,4.185660552978516,4.185660552978516,Leave_One_experiments/all_year_offline_schedule_search/daily_outputs/HLA/HLA_2004_HLA2004_stress_grid_S0001_daily.csv
HLA,HLA,Hailun,2004,Leave_One_experiments\wth_generated_qc\HLA\HLA2004.WTH,dry_year;water_stress_year;nitrogen_stress_year;irrigation_responsive_year,irrigation_responsive,HLA2004_stress_grid_S0001,low_input_within_10pct_yield,2004-05-19,140,21,16,"{""sim_day"": 21.0, ""doy"": 140.0, ""topwt"": 20.0, ""grnwt"": 0.0, ""xlai"": 0.0021820468828082, ""totir"": 0.0, ""tofer"": NaN, ""swfac"": 0.0, ""nstres"": 0.0171883702278137}",0.0,0.0171883702278137,20.0,0.0,0.0021820468828082,0.0,,0.0,0.0,0.0,0.0,4.185660552978516,4.185660552978516,Leave_One_experiments/all_year_offline_schedule_search/daily_outputs/HLA/HLA_2004_HLA2004_stress_grid_S0001_daily.csv
HLA,HLA,Hailun,2004,Leave_One_experiments\wth_generated_qc\HLA\HLA2004.WTH,dry_year;water_stress_year;nitrogen_stress_year;irrigation_responsive_year,irrigation_responsive,HLA2004_stress_grid_S0001,low_input_within_10pct_yield,2004-05-20,141,22,17,"{""sim_day"": 22.0, ""doy"": 141.0, ""topwt"": 20.0, ""grnwt"": 0.0, ""xlai"": 0.0029484604019671, ""totir"": 0.0, ""tofer"": NaN, ""swfac"": 0.0, ""nstres"": 0.0153080224990844}",0.0,0.0153080224990844,20.0,0.0,0.0029484604019671,0.0,,0.0,0.0,0.0,0.0,4.185660552978516,4.185660552978516,Leave_One_experiments/all_year_offline_schedule_search/daily_outputs/HLA/HLA_2004_HLA2004_stress_grid_S0001_daily.csv
HLA,HLA,Hailun,2004,Leave_One_experiments\wth_generated_qc\HLA\HLA2004.WTH,dry_year;water_stress_year;nitrogen_stress_year;irrigation_responsive_year,irrigation_responsive,HLA2004_stress_grid_S0001,low_input_within_10pct_yield,2004-05-21,142,23,18,"{""sim_day"": 23.0, ""doy"": 142.0, ""topwt"": 20.0, ""grnwt"": 0.0, ""xlai"": 0.0038183513097465, ""totir"": 0.0, ""tofer"": NaN, ""swfac"": 0.0, ""nstres"": 0.0133021473884582}",0.0,0.0133021473884582,20.0,0.0,0.0038183513097465,0.0,,0.0,0.0,0.0,0.0,4.185660552978516,4.185660552978516,Leave_One_experiments/all_year_offline_schedule_search/daily_outputs/HLA/HLA_2004_HLA2004_stress_grid_S0001_daily.csv
HLA,HLA,Hailun,2004,Leave_One_experiments\wth_generated_qc\HLA\HLA2004.WTH,dry_year;water_stress_year;nitrogen_stress_year;irrigation_responsive_year,irrigation_responsive,HLA2004_stress_grid_S0001,low_input_within_10pct_yield,2004-05-22,143,24,19,"{""sim_day"": 24.0, ""doy"": 143.0, ""topwt"": 20.0, ""grnwt"": 0.0, ""xlai"": 0.004832228180021, ""totir"": 0.0, ""tofer"": NaN, ""swfac"": 0.0, ""nstres"": 0.0111027956008911}",0.0,0.0111027956008911,20.0,0.0,0.004832228180021,0.0,,0.0,0.0,0.0,0.0,4.185660552978516,4.185660552978516,Leave_One_experiments/all_year_offline_schedule_search/daily_outputs/HLA/HLA_2004_HLA2004_stress_grid_S0001_daily.csv
HLA,HLA,Hailun,2004,Leave_One_experiments\wth_generated_qc\HLA\HLA2004.WTH,dry_year;water_stress_year;nitrogen_stress_year;irrigation_responsive_year,irrigation_responsive,HLA2004_stress_grid_S0001,low_input_within_10pct_yield,2004-05-23,144,25,20,"{""sim_day"": 25.0, ""doy"": 144.0, ""topwt"": 20.0, ""grnwt"": 0.0, ""xlai"": 0.0070865247398614, ""totir"": 0.0, ""tofer"": NaN, ""swfac"": 0.0, ""nstres"": 0.0067660808563232}",0.0,0.0067660808563232,20.0,0.0,0.0070865247398614,0.0,,0.0,0.0,0.0,0.0,4.185660552978516,4.185660552978516,Leave_One_experiments/all_year_offline_schedule_search/daily_outputs/HLA/HLA_2004_HLA2004_stress_grid_S0001_daily.csv
HLA,HLA,Hailun,2004,Leave_One_experiments\wth_generated_qc\HLA\HLA2004.WTH,dry_year;water_stress_year;nitrogen_stress_year;irrigation_responsive_year,irrigation_responsive,HLA2004_stress_grid_S0001,low_input_within_10pct_yield,2004-05-24,145,26,21,"{""sim_day"": 26.0, ""doy"": 145.0, ""topwt"": 20.0, ""grnwt"": 0.0, ""xlai"": 0.0094865327700972, ""totir"": 0.0, ""tofer"": NaN, ""swfac"": 0.0, ""nstres"": 0.0024895668029785}",0.0,0.0024895668029785,20.0,0.0,0.0094865327700972,0.0,,0.0,0.0,0.0,0.0,4.185660552978516,4.185660552978516,Leave_One_experiments/all_year_offline_schedule_search/daily_outputs/HLA/HLA_2004_HLA2004_stress_grid_S0001_daily.csv
HLA,HLA,Hailun,2004,Leave_One_experiments\wth_generated_qc\HLA\HLA2004.WTH,dry_year;water_stress_year;nitrogen_stress_year;irrigation_responsive_year,irrigation_responsive,HLA2004_stress_grid_S0001,low_input_within_10pct_yield,2004-05-25,146,27,22,"{""sim_day"": 27.0, ""doy"": 146.0, ""topwt"": 20.0, ""grnwt"": 0.0, ""xlai"": 0.0111807081848382, ""totir"": 0.0, ""tofer"": NaN, ""swfac"": 0.0, ""nstres"": 0.0}",0.0,0.0,20.0,0.0,0.0111807081848382,0.0,,0.0,0.0,0.0,0.0,4.185660552978516,4.185660552978516,Leave_One_experiments/all_year_offline_schedule_search/daily_outputs/HLA/HLA_2004_HLA2004_stress_grid_S0001_daily.csv
HLA,HLA,Hailun,2004,Leave_One_experiments\wth_generated_qc\HLA\HLA2004.WTH,dry_year;water_stress_year;nitrogen_stress_year;irrigation_responsive_year,irrigation_responsive,HLA2004_stress_grid_S0001,low_input_within_10pct_yield,2004-05-26,147,28,23,"{""sim_day"": 28.0, ""doy"": 147.0, ""topwt"": 20.0, ""grnwt"": 0.0, ""xlai"": 0.0143088921904563, ""totir"": 0.0, ""tofer"": NaN, ""swfac"": 0.0, ""nstres"": 0.0}",0.0,0.0,20.0,0.0,0.0143088921904563,0.0,,0.0,0.0,0.0,0.0,4.185660552978516,4.185660552978516,Leave_One_experiments/all_year_offline_schedule_search/daily_outputs/HLA/HLA_2004_HLA2004_stress_grid_S0001_daily.csv
HLA,HLA,Hailun,2004,Leave_One_experiments\wth_generated_qc\HLA\HLA2004.WTH,dry_year;water_stress_year;nitrogen_stress_year;irrigation_responsive_year,irrigation_responsive,HLA2004_stress_grid_S0001,low_input_within_10pct_yield,2004-05-27,148,29,24,"{""sim_day"": 29.0, ""doy"": 148.0, ""topwt"": 20.0, ""grnwt"": 0.0, ""xlai"": 0.0239235088229179, ""totir"": 0.0, ""tofer"": NaN, ""swfac"": 0.0, ""nstres"": 0.0}",0.0,0.0,20.0,0.0,0.0239235088229179,0.0,,0.0,0.0,0.0,0.0,4.185660552978516,4.185660552978516,Leave_One_experiments/all_year_offline_schedule_search/daily_outputs/HLA/HLA_2004_HLA2004_stress_grid_S0001_daily.csv
HLA,HLA,Hailun,2004,Leave_One_experiments\wth_generated_qc\HLA\HLA2004.WTH,dry_year;water_stress_year;nitrogen_stress_year;irrigation_responsive_year,irrigation_responsive,HLA2004_stress_grid_S0001,low_input_within_10pct_yield,2004-05-28,149,30,25,"{""sim_day"": 30.0, ""doy"": 149.0, ""topwt"": 20.0, ""grnwt"": 0.0, ""xlai"": 0.0297196581959724, ""totir"": 0.0, ""tofer"": NaN, ""swfac"": 0.0, ""nstres"": 0.0}",0.0,0.0,20.0,0.0,0.0297196581959724,0.0,,0.0,0.0,0.0,0.0,4.185660552978516,4.185660552978516,Leave_One_experiments/all_year_offline_schedule_search/daily_outputs/HLA/HLA_2004_HLA2004_stress_grid_S0001_daily.csv
HLA,HLA,Hailun,2004,Leave_One_experiments\wth_generated_qc\HLA\HLA2004.WTH,dry_year;water_stress_year;nitrogen_stress_year;irrigation_responsive_year,irrigation_responsive,HLA2004_stress_grid_S0001,low_input_within_10pct_yield,2004-05-29,150,31,26,"{""sim_day"": 31.0, ""doy"": 150.0, ""topwt"": 21.226046085357662, ""grnwt"": 0.0, ""xlai"": 0.0376306772232055, ""totir"": 0.0, ""tofer"": NaN, ""swfac"": 0.0, ""nstres"": 0.0}",0.0,0.0,21.226046085357662,0.0,0.0376306772232055,0.0,,0.0,0.0,0.0,0.0,4.185660552978516,4.185660552978516,Leave_One_experiments/all_year_offline_schedule_search/daily_outputs/HLA/HLA_2004_HLA2004_stress_grid_S0001_daily.csv
HLA,HLA,Hailun,2004,Leave_One_experiments\wth_generated_qc\HLA\HLA2004.WTH,dry_year;water_stress_year;nitrogen_stress_year;irrigation_responsive_year,irrigation_responsive,HLA2004_stress_grid_S0001,low_input_within_10pct_yield,2004-05-30,151,32,27,"{""sim_day"": 32.0, ""doy"": 151.0, ""topwt"": 23.618555068969727, ""grnwt"": 0.0, ""xlai"": 0.0438966229557991, ""totir"": 0.0, ""tofer"": NaN, ""swfac"": 0.0, ""nstres"": 0.0}",0.0,0.0,23.618555068969727,0.0,0.0438966229557991,0.0,,0.0,0.0,0.0,0.0,4.185660552978516,4.185660552978516,Leave_One_experiments/all_year_offline_schedule_search/daily_outputs/HLA/HLA_2004_HLA2004_stress_grid_S0001_daily.csv
HLA,HLA,Hailun,2004,Leave_One_experiments\wth_generated_qc\HLA\HLA2004.WTH,dry_year;water_stress_year;nitrogen_stress_year;irrigation_responsive_year,irrigation_responsive,HLA2004_stress_grid_S0001,low_input_within_10pct_yield,2004-05-31,152,33,28,"{""sim_day"": 33.0, ""doy"": 152.0, ""topwt"": 28.74053716659546, ""grnwt"": 0.0, ""xlai"": 0.0566138662397861, ""totir"": 0.0, ""tofer"": NaN, ""swfac"": 0.0, ""nstres"": 0.0101054906845092}",0.0,0.0101054906845092,28.74053716659546,0.0,0.0566138662397861,0.0,,0.0,0.0,0.0,0.0,4.185660552978516,4.185660552978516,Leave_One_experiments/all_year_offline_schedule_search/daily_outputs/HLA/HLA_2004_HLA2004_stress_grid_S0001_daily.csv
HLA,HLA,Hailun,2004,Leave_One_experiments\wth_generated_qc\HLA\HLA2004.WTH,dry_year;water_stress_year;nitrogen_stress_year;irrigation_responsive_year,irrigation_responsive,HLA2004_stress_grid_S0001,low_input_within_10pct_yield,2004-06-01,153,34,29,"{""sim_day"": 34.0, ""doy"": 153.0, ""topwt"": 36.38054132461548, ""grnwt"": 0.0, ""xlai"": 0.0740945935249328, ""totir"": 0.0, ""tofer"": NaN, ""swfac"": 0.0, ""nstres"": 0.0599469542503356}",0.0,0.0599469542503356,36.38054132461548,0.0,0.0740945935249328,0.0,,0.0,0.0,0.0,0.0,4.185660552978516,4.185660552978516,Leave_One_experiments/all_year_offline_schedule_search/daily_outputs/HLA/HLA_2004_HLA2004_stress_grid_S0001_daily.csv
HLA,HLA,Hailun,2004,Leave_One_experiments\wth_generated_qc\HLA\HLA2004.WTH,dry_year;water_stress_year;nitrogen_stress_year;irrigation_responsive_year,irrigation_responsive,HLA2004_stress_grid_S0001,low_input_within_10pct_yield,2004-06-02,154,35,30,"{""sim_day"": 35.0, ""doy"": 154.0, ""topwt"": 46.16270542144776, ""grnwt"": 0.0, ""xlai"": 0.0940273627638816, ""totir"": 0.0, ""tofer"": NaN, ""swfac"": 0.0, ""nstres"": 0.1428697109222412}",0.0,0.1428697109222412,46.16270542144776,0.0,0.0940273627638816,0.0,,0.0,0.0,0.0,0.0,4.185660552978516,4.185660552978516,Leave_One_experiments/all_year_offline_schedule_search/daily_outputs/HLA/HLA_2004_HLA2004_stress_grid_S0001_daily.csv
HLA,HLA,Hailun,2004,Leave_One_experiments\wth_generated_qc\HLA\HLA2004.WTH,dry_year;water_stress_year;nitrogen_stress_year;irrigation_responsive_year,irrigation_responsive,HLA2004_stress_grid_S0001,low_input_within_10pct_yield,2004-06-03,155,36,31,"{""sim_day"": 36.0, ""doy"": 155.0, ""topwt"": 54.67772960662842, ""grnwt"": 0.0, ""xlai"": 0.1087656617164611, ""totir"": 0.0, ""tofer"": NaN, ""swfac"": 0.0, ""nstres"": 0.2765883803367615}",0.0,0.2765883803367615,54.67772960662842,0.0,0.1087656617164611,0.0,,0.0,0.0,0.0,0.0,4.185660552978516,4.185660552978516,Leave_One_experiments/all_year_offline_schedule_search/daily_outputs/HLA/HLA_2004_HLA2004_stress_grid_S0001_daily.csv
HLA,HLA,Hailun,2004,Leave_One_experiments\wth_generated_qc\HLA\HLA2004.WTH,dry_year;water_stress_year;nitrogen_stress_year;irrigation_responsive_year,irrigation_responsive,HLA2004_stress_grid_S0001,low_input_within_10pct_yield,2004-06-04,156,37,32,"{""sim_day"": 37.0, ""doy"": 156.0, ""topwt"": 63.288679122924805, ""grnwt"": 0.0, ""xlai"": 0.1215720698237419, ""totir"": 0.0, ""tofer"": NaN, ""swfac"": 0.0, ""nstres"": 0.4764409065246582}",0.0,0.4764409065246582,63.288679122924805,0.0,0.1215720698237419,0.0,,0.0,0.0,0.0,0.0,4.185660552978516,4.185660552978516,Leave_One_experiments/all_year_offline_schedule_search/daily_outputs/HLA/HLA_2004_HLA2004_stress_grid_S0001_daily.csv
HLA,HLA,Hailun,2004,Leave_One_experiments\wth_generated_qc\HLA\HLA2004.WTH,dry_year;water_stress_year;nitrogen_stress_year;irrigation_responsive_year,irrigation_responsive,HLA2004_stress_grid_S0001,low_input_within_10pct_yield,2004-06-05,157,38,33,"{""sim_day"": 38.0, ""doy"": 157.0, ""topwt"": 72.2815752029419, ""grnwt"": 0.0, ""xlai"": 0.133419319987297, ""totir"": 0.0, ""tofer"": NaN, ""swfac"": 0.0, ""nstres"": 0.5916352570056915}",0.0,0.5916352570056915,72.2815752029419,0.0,0.133419319987297,0.0,,0.0,0.0,0.0,0.0,4.185660552978516,4.185660552978516,Leave_One_experiments/all_year_offline_schedule_search/daily_outputs/HLA/HLA_2004_HLA2004_stress_grid_S0001_daily.csv
HLA,HLA,Hailun,2004,Leave_One_experiments\wth_generated_qc\HLA\HLA2004.WTH,dry_year;water_stress_year;nitrogen_stress_year;irrigation_responsive_year,irrigation_responsive,HLA2004_stress_grid_S0001,low_input_within_10pct_yield,2004-06-06,158,39,34,"{""sim_day"": 39.0, ""doy"": 158.0, ""topwt"": 78.63511085510254, ""grnwt"": 0.0, ""xlai"": 0.1390090882778167, ""totir"": 0.0, ""tofer"": NaN, ""swfac"": 0.0, ""nstres"": 0.6779248714447021}",0.0,0.6779248714447021,78.63511085510254,0.0,0.1390090882778167,0.0,,0.0,0.0,0.0,0.0,4.185660552978516,4.185660552978516,Leave_One_experiments/all_year_offline_schedule_search/daily_outputs/HLA/HLA_2004_HLA2004_stress_grid_S0001_daily.csv
HLA,HLA,Hailun,2004,Leave_One_experiments\wth_generated_qc\HLA\HLA2004.WTH,dry_year;water_stress_year;nitrogen_stress_year;irrigation_responsive_year,irrigation_responsive,HLA2004_stress_grid_S0001,low_input_within_10pct_yield,2004-06-07,159,40,35,"{""sim_day"": 40.0, ""doy"": 159.0, ""topwt"": 91.86649322509766, ""grnwt"": 0.0, ""xlai"": 0.1558026224374771, ""totir"": 0.0, ""tofer"": NaN, ""swfac"": 0.0, ""nstres"": 0.7405824959278107}",0.0,0.7405824959278107,91.86649322509766,0.0,0.1558026224374771,0.0,,0.0,0.0,0.0,0.0,4.185660552978516,4.185660552978516,Leave_One_experiments/all_year_offline_schedule_search/daily_outputs/HLA/HLA_2004_HLA2004_stress_grid_S0001_daily.csv
HLA,HLA,Hailun,2004,Leave_One_experiments\wth_generated_qc\HLA\HLA2004.WTH,dry_year;water_stress_year;nitrogen_stress_year;irrigation_responsive_year,irrigation_responsive,HLA2004_stress_grid_S0001,low_input_within_10pct_yield,2004-06-08,160,41,36,"{""sim_day"": 41.0, ""doy"": 160.0, ""topwt"": 105.6831169128418, ""grnwt"": 0.0, ""xlai"": 0.1717908829450607, ""totir"": 0.0, ""tofer"": NaN, ""swfac"": 0.0, ""nstres"": 0.7738510370254517}",0.0,0.7738510370254517,105.6831169128418,0.0,0.1717908829450607,0.0,,0.0,0.0,0.0,0.0,4.185660552978516,4.185660552978516,Leave_One_experiments/all_year_offline_schedule_search/daily_outputs/HLA/HLA_2004_HLA2004_stress_grid_S0001_daily.csv
HLA,HLA,Hailun,2004,Leave_One_experiments\wth_generated_qc\HLA\HLA2004.WTH,dry_year;water_stress_year;nitrogen_stress_year;irrigation_responsive_year,irrigation_responsive,HLA2004_stress_grid_S0001,low_input_within_10pct_yield,2004-06-09,161,42,37,"{""sim_day"": 42.0, ""doy"": 161.0, ""topwt"": 111.44689559936523, ""grnwt"": 0.0, ""xlai"": 0.1873065680265426, ""totir"": 0.0, ""tofer"": NaN, ""swfac"": 0.0, ""nstres"": 0.798799991607666}",0.0,0.798799991607666,111.44689559936523,0.0,0.1873065680265426,0.0,,0.0,0.0,0.0,0.0,4.185660552978516,4.185660552978516,Leave_One_experiments/all_year_offline_schedule_search/daily_outputs/HLA/HLA_2004_HLA2004_stress_grid_S0001_daily.csv
HLA,HLA,Hailun,2004,Leave_One_experiments\wth_generated_qc\HLA\HLA2004.WTH,dry_year;water_stress_year;nitrogen_stress_year;irrigation_responsive_year,irrigation_responsive,HLA2004_stress_grid_S0001,low_input_within_10pct_yield,2004-06-10,162,43,38,"{""sim_day"": 43.0, ""doy"": 162.0, ""topwt"": 111.41679763793944, ""grnwt"": 0.0, ""xlai"": 0.1779864430427551, ""totir"": 0.0, ""tofer"": NaN, ""swfac"": 0.0, ""nstres"": 0.798799991607666}",0.0,0.798799991607666,111.41679763793944,0.0,0.1779864430427551,0.0,,0.0,0.0,0.0,0.0,4.185660552978516,4.185660552978516,Leave_One_experiments/all_year_offline_schedule_search/daily_outputs/HLA/HLA_2004_HLA2004_stress_grid_S0001_daily.csv
HLA,HLA,Hailun,2004,Leave_One_experiments\wth_generated_qc\HLA\HLA2004.WTH,dry_year;water_stress_year;nitrogen_stress_year;irrigation_responsive_year,irrigation_responsive,HLA2004_stress_grid_S0001,low_input_within_10pct_yield,2004-06-11,163,44,39,"{""sim_day"": 44.0, ""doy"": 163.0, ""topwt"": 111.38731002807616, ""grnwt"": 0.0, ""xlai"": 0.1691361665725708, ""totir"": 0.0, ""tofer"": NaN, ""swfac"": 0.0, ""nstres"": 0.798799991607666}",0.0,0.798799991607666,111.38731002807616,0.0,0.1691361665725708,0.0,,0.0,0.0,0.0,0.0,4.185660552978516,4.185660552978516,Leave_One_experiments/all_year_offline_schedule_search/daily_outputs/HLA/HLA_2004_HLA2004_stress_grid_S0001_daily.csv
HLA,HLA,Hailun,2004,Leave_One_experiments\wth_generated_qc\HLA\HLA2004.WTH,dry_year;water_stress_year;nitrogen_stress_year;irrigation_responsive_year,irrigation_responsive,HLA2004_stress_grid_S0001,low_input_within_10pct_yield,2004-06-12,164,45,40,"{""sim_day"": 45.0, ""doy"": 164.0, ""topwt"": 111.35153770446776, ""grnwt"": 0.0, ""xlai"": 0.1607462167739868, ""totir"": 0.0, ""tofer"": NaN, ""swfac"": 0.0, ""nstres"": 0.798799991607666}",0.0,0.798799991607666,111.35153770446776,0.0,0.1607462167739868,0.0,,0.0,0.0,0.0,0.0,4.185660552978516,4.185660552978516,Leave_One_experiments/all_year_offline_schedule_search/daily_outputs/HLA/HLA_2004_HLA2004_stress_grid_S0001_daily.csv
HLA,HLA,Hailun,2004,Leave_One_experiments\wth_generated_qc\HLA\HLA2004.WTH,dry_year;water_stress_year;nitrogen_stress_year;irrigation_responsive_year,irrigation_responsive,HLA2004_stress_grid_S0001,low_input_within_10pct_yield,2004-06-13,165,46,41,"{""sim_day"": 46.0, ""doy"": 165.0, ""topwt"": 111.32321357727052, ""grnwt"": 0.0, ""xlai"": 0.152771309018135, ""totir"": 0.0, ""tofer"": NaN, ""swfac"": 0.0, ""nstres"": 0.798799991607666}",0.0,0.798799991607666,111.32321357727052,0.0,0.152771309018135,0.0,,0.0,0.0,0.0,0.0,4.185660552978516,4.185660552978516,Leave_One_experiments/all_year_offline_schedule_search/daily_outputs/HLA/HLA_2004_HLA2004_stress_grid_S0001_daily.csv
HLA,HLA,Hailun,2004,Leave_One_experiments\wth_generated_qc\HLA\HLA2004.WTH,dry_year;water_stress_year;nitrogen_stress_year;irrigation_responsive_year,irrigation_responsive,HLA2004_stress_grid_S0001,low_input_within_10pct_yield,2004-06-14,166,47,42,"{""sim_day"": 47.0, ""doy"": 166.0, ""topwt"": 111.2950325012207, ""grnwt"": 0.0, ""xlai"": 0.1452056616544723, ""totir"": 0.0, ""tofer"": NaN, ""swfac"": 0.0, ""nstres"": 0.798799991607666}",0.0,0.798799991607666,111.2950325012207,0.0,0.1452056616544723,0.0,,0.0,0.0,0.0,0.0,4.185660552978516,4.185660552978516,Leave_One_experiments/all_year_offline_schedule_search/daily_outputs/HLA/HLA_2004_HLA2004_stress_grid_S0001_daily.csv
HLA,HLA,Hailun,2004,Leave_One_experiments\wth_generated_qc\HLA\HLA2004.WTH,dry_year;water_stress_year;nitrogen_stress_year;irrigation_responsive_year,irrigation_responsive,HLA2004_stress_grid_S0001,low_input_within_10pct_yield,2004-06-15,167,48,43,"{""sim_day"": 48.0, ""doy"": 167.0, ""topwt"": 111.2641429901123, ""grnwt"": 0.0, ""xlai"": 0.1380452811717987, ""totir"": 0.0, ""tofer"": NaN, ""swfac"": 0.0, ""nstres"": 0.798799991607666}",0.0,0.798799991607666,111.2641429901123,0.0,0.1380452811717987,0.0,,0.0,0.0,0.0,0.0,4.185660552978516,4.185660552978516,Leave_One_experiments/all_year_offline_schedule_search/daily_outputs/HLA/HLA_2004_HLA2004_stress_grid_S0001_daily.csv
HLA,HLA,Hailun,2004,Leave_One_experiments\wth_generated_qc\HLA\HLA2004.WTH,dry_year;water_stress_year;nitrogen_stress_year;irrigation_responsive_year,irrigation_responsive,HLA2004_stress_grid_S0001,low_input_within_10pct_yield,2004-06-16,168,49,44,"{""sim_day"": 49.0, ""doy"": 168.0, ""topwt"": 111.2435245513916, ""grnwt"": 0.0, ""xlai"": 0.1312270760536193, ""totir"": 0.0, ""tofer"": NaN, ""swfac"": 0.0, ""nstres"": 0.798799991607666}",0.0,0.798799991607666,111.2435245513916,0.0,0.1312270760536193,0.0,,0.0,0.0,0.0,0.0,4.185660552978516,4.185660552978516,Leave_One_experiments/all_year_offline_schedule_search/daily_outputs/HLA/HLA_2004_HLA2004_stress_grid_S0001_daily.csv
HLA,HLA,Hailun,2004,Leave_One_experiments\wth_generated_qc\HLA\HLA2004.WTH,dry_year;water_stress_year;nitrogen_stress_year;irrigation_responsive_year,irrigation_responsive,HLA2004_stress_grid_S0001,low_input_within_10pct_yield,2004-06-17,169,50,45,"{""sim_day"": 50.0, ""doy"": 169.0, ""topwt"": 111.23916625976562, ""grnwt"": 0.0, ""xlai"": 0.1224058791995048, ""totir"": 0.0, ""tofer"": NaN, ""swfac"": 0.0, ""nstres"": 0.798799991607666}",0.0,0.798799991607666,111.23916625976562,0.0,0.1224058791995048,0.0,,0.0,0.0,0.0,0.0,4.185660552978516,4.185660552978516,Leave_One_experiments/all_year_offline_schedule_search/daily_outputs/HLA/HLA_2004_HLA2004_stress_grid_S0001_daily.csv
HLA,HLA,Hailun,2004,Leave_One_experiments\wth_generated_qc\HLA\HLA2004.WTH,dry_year;water_stress_year;nitrogen_stress_year;irrigation_responsive_year,irrigation_responsive,HLA2004_stress_grid_S0001,low_input_within_10pct_yield,2004-06-18,170,51,46,"{""sim_day"": 51.0, ""doy"": 170.0, ""topwt"": 111.24005317687988, ""grnwt"": 0.0, ""xlai"": 0.116292767226696, ""totir"": 0.0, ""tofer"": NaN, ""swfac"": 0.0, ""nstres"": 0.798799991607666}",0.0,0.798799991607666,111.24005317687988,0.0,0.116292767226696,0.0,,0.0,0.0,0.0,0.0,4.185660552978516,4.185660552978516,Leave_One_experiments/all_year_offline_schedule_search/daily_outputs/HLA/HLA_2004_HLA2004_stress_grid_S0001_daily.csv
HLA,HLA,Hailun,2004,Leave_One_experiments\wth_generated_qc\HLA\HLA2004.WTH,dry_year;water_stress_year;nitrogen_stress_year;irrigation_responsive_year,irrigation_responsive,HLA2004_stress_grid_S0001,low_input_within_10pct_yield,2004-06-19,171,52,47,"{""sim_day"": 52.0, ""doy"": 171.0, ""topwt"": 111.2452507019043, ""grnwt"": 0.0, ""xlai"": 0.1104918047785759, ""totir"": 0.0, ""tofer"": NaN, ""swfac"": 0.0, ""nstres"": 0.798799991607666}",0.0,0.798799991607666,111.2452507019043,0.0,0.1104918047785759,0.0,,0.0,0.0,0.0,0.0,4.185660552978516,4.185660552978516,Leave_One_experiments/all_year_offline_schedule_search/daily_outputs/HLA/HLA_2004_HLA2004_stress_grid_S0001_daily.csv
HLA,HLA,Hailun,2004,Leave_One_experiments\wth_generated_qc\HLA\HLA2004.WTH,dry_year;water_stress_year;nitrogen_stress_year;irrigation_responsive_year,irrigation_responsive,HLA2004_stress_grid_S0001,low_input_within_10pct_yield,2004-06-20,172,53,48,"{""sim_day"": 53.0, ""doy"": 172.0, ""topwt"": 111.2729835510254, ""grnwt"": 0.0, ""xlai"": 0.1050177067518234, ""totir"": 0.0, ""tofer"": NaN, ""swfac"": 0.0, ""nstres"": 0.798799991607666}",0.0,0.798799991607666,111.2729835510254,0.0,0.1050177067518234,0.0,,0.0,0.0,0.0,0.0,4.185660552978516,4.185660552978516,Leave_One_experiments/all_year_offline_schedule_search/daily_outputs/HLA/HLA_2004_HLA2004_stress_grid_S0001_daily.csv
HLA,HLA,Hailun,2004,Leave_One_experiments\wth_generated_qc\HLA\HLA2004.WTH,dry_year;water_stress_year;nitrogen_stress_year;irrigation_responsive_year,irrigation_responsive,HLA2004_stress_grid_S0001,low_input_within_10pct_yield,2004-06-21,173,54,49,"{""sim_day"": 54.0, ""doy"": 173.0, ""topwt"": 111.63264274597168, ""grnwt"": 0.0, ""xlai"": 0.1003975048661232, ""totir"": 0.0, ""tofer"": NaN, ""swfac"": 0.0, ""nstres"": 0.7923420369625092}",0.0,0.7923420369625092,111.63264274597168,0.0,0.1003975048661232,0.0,,0.0,0.0,0.0,0.0,4.185660552978516,4.185660552978516,Leave_One_experiments/all_year_offline_schedule_search/daily_outputs/HLA/HLA_2004_HLA2004_stress_grid_S0001_daily.csv
HLA,HLA,Hailun,2004,Leave_One_experiments\wth_generated_qc\HLA\HLA2004.WTH,dry_year;water_stress_year;nitrogen_stress_year;irrigation_responsive_year,irrigation_responsive,HLA2004_stress_grid_S0001,low_input_within_10pct_yield,2004-06-22,174,55,50,"{""sim_day"": 55.0, ""doy"": 174.0, ""topwt"": 112.88238525390624, ""grnwt"": 0.0, ""xlai"": 0.0975079461932182, ""totir"": 0.0, ""tofer"": NaN, ""swfac"": 0.0, ""nstres"": 0.7761052250862122}",0.0,0.7761052250862122,112.88238525390624,0.0,0.0975079461932182,0.0,,0.0,0.0,0.0,0.0,4.185660552978516,4.185660552978516,Leave_One_experiments/all_year_offline_schedule_search/daily_outputs/HLA/HLA_2004_HLA2004_stress_grid_S0001_daily.csv
HLA,HLA,Hailun,2004,Leave_One_experiments\wth_generated_qc\HLA\HLA2004.WTH,dry_year;water_stress_year;nitrogen_stress_year;irrigation_responsive_year,irrigation_responsive,HLA2004_stress_grid_S0001,low_input_within_10pct_yield,2004-06-23,175,56,51,"{""sim_day"": 56.0, ""doy"": 175.0, ""topwt"": 115.30922889709473, ""grnwt"": 0.0, ""xlai"": 0.0966091305017471, ""totir"": 0.0, ""tofer"": NaN, ""swfac"": 0.0, ""nstres"": 0.7598386704921722}",0.0,0.7598386704921722,115.30922889709473,0.0,0.0966091305017471,0.0,,0.0,0.0,0.0,0.0,4.185660552978516,4.185660552978516,Leave_One_experiments/all_year_offline_schedule_search/daily_outputs/HLA/HLA_2004_HLA2004_stress_grid_S0001_daily.csv
HLA,HLA,Hailun,2004,Leave_One_experiments\wth_generated_qc\HLA\HLA2004.WTH,dry_year;water_stress_year;nitrogen_stress_year;irrigation_responsive_year,irrigation_responsive,HLA2004_stress_grid_S0001,low_input_within_10pct_yield,2004-06-24,176,57,52,"{""sim_day"": 57.0, ""doy"": 176.0, ""topwt"": 118.86417388916016, ""grnwt"": 0.0, ""xlai"": 0.0973776951432228, ""totir"": 0.0, ""tofer"": NaN, ""swfac"": 0.0, ""nstres"": 0.7430344521999359}",0.0,0.7430344521999359,118.86417388916016,0.0,0.0973776951432228,0.0,,0.0,0.0,0.0,0.0,4.185660552978516,4.185660552978516,Leave_One_experiments/all_year_offline_schedule_search/daily_outputs/HLA/HLA_2004_HLA2004_stress_grid_S0001_daily.csv
HLA,HLA,Hailun,2004,Leave_One_experiments\wth_generated_qc\HLA\HLA2004.WTH,dry_year;water_stress_year;nitrogen_stress_year;irrigation_responsive_year,irrigation_responsive,HLA2004_stress_grid_S0001,low_input_within_10pct_yield,2004-06-25,177,58,53,"{""sim_day"": 58.0, ""doy"": 177.0, ""topwt"": 123.66451263427734, ""grnwt"": 0.0, ""xlai"": 0.0997217893600463, ""totir"": 0.0, ""tofer"": NaN, ""swfac"": 0.0, ""nstres"": 0.7287200391292572}",0.0,0.7287200391292572,123.66451263427734,0.0,0.0997217893600463,0.0,,0.0,0.0,0.0,0.0,4.185660552978516,4.185660552978516,Leave_One_experiments/all_year_offline_schedule_search/daily_outputs/HLA/HLA_2004_HLA2004_stress_grid_S0001_daily.csv
HLA,HLA,Hailun,2004,Leave_One_experiments\wth_generated_qc\HLA\HLA2004.WTH,dry_year;water_stress_year;nitrogen_stress_year;irrigation_responsive_year,irrigation_responsive,HLA2004_stress_grid_S0001,low_input_within_10pct_yield,2004-06-26,178,59,54,"{""sim_day"": 59.0, ""doy"": 178.0, ""topwt"": 130.01643180847168, ""grnwt"": 0.0, ""xlai"": 0.103747583925724, ""totir"": 0.0, ""tofer"": NaN, ""swfac"": 0.0, ""nstres"": 0.7177932858467102}",0.0,0.7177932858467102,130.01643180847168,0.0,0.103747583925724,0.0,,0.0,0.0,0.0,0.0,4.185660552978516,4.185660552978516,Leave_One_experiments/all_year_offline_schedule_search/daily_outputs/HLA/HLA_2004_HLA2004_stress_grid_S0001_daily.csv
HLA,HLA,Hailun,2004,Leave_One_experiments\wth_generated_qc\HLA\HLA2004.WTH,dry_year;water_stress_year;nitrogen_stress_year;irrigation_responsive_year,irrigation_responsive,HLA2004_stress_grid_S0001,low_input_within_10pct_yield,2004-06-27,179,60,55,"{""sim_day"": 60.0, ""doy"": 179.0, ""topwt"": 135.7093334197998, ""grnwt"": 0.0, ""xlai"": 0.1063330769538879, ""totir"": 0.0, ""tofer"": NaN, ""swfac"": 0.0, ""nstres"": 0.7129378318786621}",0.0,0.7129378318786621,135.7093334197998,0.0,0.1063330769538879,0.0,,0.0,0.0,0.0,0.0,4.185660552978516,4.185660552978516,Leave_One_experiments/all_year_offline_schedule_search/daily_outputs/HLA/HLA_2004_HLA2004_stress_grid_S0001_daily.csv
HLA,HLA,Hailun,2004,Leave_One_experiments\wth_generated_qc\HLA\HLA2004.WTH,dry_year;water_stress_year;nitrogen_stress_year;irrigation_responsive_year,irrigation_responsive,HLA2004_stress_grid_S0001,low_input_within_10pct_yield,2004-06-28,180,61,56,"{""sim_day"": 61.0, ""doy"": 180.0, ""topwt"": 139.90785598754883, ""grnwt"": 0.0, ""xlai"": 0.1066554561257362, ""totir"": 0.0, ""tofer"": NaN, ""swfac"": 0.0, ""nstres"": 0.7127956748008728}",0.0,0.7127956748008728,139.90785598754883,0.0,0.1066554561257362,0.0,,0.0,0.0,0.0,0.0,4.185660552978516,4.185660552978516,Leave_One_experiments/all_year_offline_schedule_search/daily_outputs/HLA/HLA_2004_HLA2004_stress_grid_S0001_daily.csv
HLA,HLA,Hailun,2004,Leave_One_experiments\wth_generated_qc\HLA\HLA2004.WTH,dry_year;water_stress_year;nitrogen_stress_year;irrigation_responsive_year,irrigation_responsive,HLA2004_stress_grid_S0001,low_input_within_10pct_yield,2004-06-29,181,62,57,"{""sim_day"": 62.0, ""doy"": 181.0, ""topwt"": 145.04271507263184, ""grnwt"": 0.0, ""xlai"": 0.1078922599554061, ""totir"": 0.0, ""tofer"": NaN, ""swfac"": 0.0, ""nstres"": 0.7099354267120361}",0.0,0.7099354267120361,145.04271507263184,0.0,0.1078922599554061,0.0,,0.0,0.0,0.0,0.0,4.185660552978516,4.185660552978516,Leave_One_experiments/all_year_offline_schedule_search/daily_outputs/HLA/HLA_2004_HLA2004_stress_grid_S0001_daily.csv
HLA,HLA,Hailun,2004,Leave_One_experiments\wth_generated_qc\HLA\HLA2004.WTH,dry_year;water_stress_year;nitrogen_stress_year;irrigation_responsive_year,irrigation_responsive,HLA2004_stress_grid_S0001,low_input_within_10pct_yield,2004-06-30,182,63,58,"{""sim_day"": 63.0, ""doy"": 182.0, ""topwt"": 149.10320281982422, ""grnwt"": 0.0, ""xlai"": 0.1076200380921363, ""totir"": 0.0, ""tofer"": NaN, ""swfac"": 0.0, ""nstres"": 0.7020329236984253}",0.0,0.7020329236984253,149.10320281982422,0.0,0.1076200380921363,0.0,,0.0,0.0,0.0,0.0,4.185660552978516,4.185660552978516,Leave_One_experiments/all_year_offline_schedule_search/daily_outputs/HLA/HLA_2004_HLA2004_stress_grid_S0001_daily.csv
HLA,HLA,Hailun,2004,Leave_One_experiments\wth_generated_qc\HLA\HLA2004.WTH,dry_year;water_stress_year;nitrogen_stress_year;irrigation_responsive_year,irrigation_responsive,HLA2004_stress_grid_S0001,low_input_within_10pct_yield,2004-07-01,183,64,59,"{""sim_day"": 64.0, ""doy"": 183.0, ""topwt"": 151.19067192077637, ""grnwt"": 0.0, ""xlai"": 0.1050169542431831, ""totir"": 0.0, ""tofer"": NaN, ""swfac"": 0.0, ""nstres"": 0.6987515389919281}",0.0,0.6987515389919281,151.19067192077637,0.0,0.1050169542431831,0.0,,0.0,0.0,0.0,0.0,4.185660552978516,4.185660552978516,Leave_One_experiments/all_year_offline_schedule_search/daily_outputs/HLA/HLA_2004_HLA2004_stress_grid_S0001_daily.csv
HLA,HLA,Hailun,2004,Leave_One_experiments\wth_generated_qc\HLA\HLA2004.WTH,dry_year;water_stress_year;nitrogen_stress_year;irrigation_responsive_year,irrigation_responsive,HLA2004_stress_grid_S0001,low_input_within_10pct_yield,2004-07-02,184,65,60,"{""sim_day"": 65.0, ""doy"": 184.0, ""topwt"": 155.70476531982422, ""grnwt"": 0.0, ""xlai"": 0.1051072999835014, ""totir"": 0.0, ""tofer"": NaN, ""swfac"": 0.0, ""nstres"": 0.6920713186264038}",0.0,0.6920713186264038,155.70476531982422,0.0,0.1051072999835014,0.0,,0.0,0.0,0.0,0.0,4.185660552978516,4.185660552978516,Leave_One_experiments/all_year_offline_schedule_search/daily_outputs/HLA/HLA_2004_HLA2004_stress_grid_S0001_daily.csv
HLA,HLA,Hailun,2004,Leave_One_experiments\wth_generated_qc\HLA\HLA2004.WTH,dry_year;water_stress_year;nitrogen_stress_year;irrigation_responsive_year,irrigation_responsive,HLA2004_stress_grid_S0001,low_input_within_10pct_yield,2004-07-03,185,66,61,"{""sim_day"": 66.0, ""doy"": 185.0, ""topwt"": 163.9111328125, ""grnwt"": 0.0, ""xlai"": 0.1088719964027404, ""totir"": 0.0, ""tofer"": NaN, ""swfac"": 0.0, ""nstres"": 0.6785804033279419}",0.0,0.6785804033279419,163.9111328125,0.0,0.1088719964027404,0.0,,0.0,0.0,0.0,0.0,4.185660552978516,4.185660552978516,Leave_One_experiments/all_year_offline_schedule_search/daily_outputs/HLA/HLA_2004_HLA2004_stress_grid_S0001_daily.csv
HLA,HLA,Hailun,2004,Leave_One_experiments\wth_generated_qc\HLA\HLA2004.WTH,dry_year;water_stress_year;nitrogen_stress_year;irrigation_responsive_year,irrigation_responsive,HLA2004_stress_grid_S0001,low_input_within_10pct_yield,2004-07-04,186,67,62,"{""sim_day"": 67.0, ""doy"": 186.0, ""topwt"": 166.38431549072266, ""grnwt"": 0.0, ""xlai"": 0.1064307317137718, ""totir"": 0.0, ""tofer"": NaN, ""swfac"": 0.0, ""nstres"": 0.6739835143089294}",0.0,0.6739835143089294,166.38431549072266,0.0,0.1064307317137718,0.0,,0.0,0.0,0.0,0.0,4.185660552978516,4.185660552978516,Leave_One_experiments/all_year_offline_schedule_search/daily_outputs/HLA/HLA_2004_HLA2004_stress_grid_S0001_daily.csv
HLA,HLA,Hailun,2004,Leave_One_experiments\wth_generated_qc\HLA\HLA2004.WTH,dry_year;water_stress_year;nitrogen_stress_year;irrigation_responsive_year,irrigation_responsive,HLA2004_stress_grid_S0001,low_input_within_10pct_yield,2004-07-05,187,68,63,"{""sim_day"": 68.0, ""doy"": 187.0, ""topwt"": 171.24618530273438, ""grnwt"": 0.0, ""xlai"": 0.1062735691666603, ""totir"": 0.0, ""tofer"": NaN, ""swfac"": 0.0, ""nstres"": 0.6815893352031708}",0.0,0.6815893352031708,171.24618530273438,0.0,0.1062735691666603,0.0,,0.0,0.0,0.0,0.0,4.185660552978516,4.185660552978516,Leave_One_experiments/all_year_offline_schedule_search/daily_outputs/HLA/HLA_2004_HLA2004_stress_grid_S0001_daily.csv
HLA,HLA,Hailun,2004,Leave_One_experiments\wth_generated_qc\HLA\HLA2004.WTH,dry_year;water_stress_year;nitrogen_stress_year;irrigation_responsive_year,irrigation_responsive,HLA2004_stress_grid_S0001,low_input_within_10pct_yield,2004-07-06,188,69,64,"{""sim_day"": 69.0, ""doy"": 188.0, ""topwt"": 176.67469024658203, ""grnwt"": 0.0, ""xlai"": 0.1065041199326515, ""totir"": 0.0, ""tofer"": NaN, ""swfac"": 0.0, ""nstres"": 0.6712131202220917}",0.0,0.6712131202220917,176.67469024658203,0.0,0.1065041199326515,0.0,,0.0,0.0,0.0,0.0,4.185660552978516,4.185660552978516,Leave_One_experiments/all_year_offline_schedule_search/daily_outputs/HLA/HLA_2004_HLA2004_stress_grid_S0001_daily.csv
HLA,HLA,Hailun,2004,Leave_One_experiments\wth_generated_qc\HLA\HLA2004.WTH,dry_year;water_stress_year;nitrogen_stress_year;irrigation_responsive_year,irrigation_responsive,HLA2004_stress_grid_S0001,low_input_within_10pct_yield,2004-07-07,189,70,65,"{""sim_day"": 70.0, ""doy"": 189.0, ""topwt"": 182.64583587646484, ""grnwt"": 0.0, ""xlai"": 0.1069977283477783, ""totir"": 0.0, ""tofer"": NaN, ""swfac"": 0.0, ""nstres"": 0.6673177480697632}",0.0,0.6673177480697632,182.64583587646484,0.0,0.1069977283477783,0.0,,0.0,0.0,0.0,0.0,4.185660552978516,4.185660552978516,Leave_One_experiments/all_year_offline_schedule_search/daily_outputs/HLA/HLA_2004_HLA2004_stress_grid_S0001_daily.csv
HLA,HLA,Hailun,2004,Leave_One_experiments\wth_generated_qc\HLA\HLA2004.WTH,dry_year;water_stress_year;nitrogen_stress_year;irrigation_responsive_year,irrigation_responsive,HLA2004_stress_grid_S0001,low_input_within_10pct_yield,2004-07-08,190,71,66,"{""sim_day"": 71.0, ""doy"": 190.0, ""topwt"": 189.6697235107422, ""grnwt"": 0.0, ""xlai"": 0.1081086546182632, ""totir"": 0.0, ""tofer"": NaN, ""swfac"": 0.0, ""nstres"": 0.6631004810333252}",0.0,0.6631004810333252,189.6697235107422,0.0,0.1081086546182632,0.0,,0.0,0.0,0.0,0.0,4.185660552978516,4.185660552978516,Leave_One_experiments/all_year_offline_schedule_search/daily_outputs/HLA/HLA_2004_HLA2004_stress_grid_S0001_daily.csv
HLA,HLA,Hailun,2004,Leave_One_experiments\wth_generated_qc\HLA\HLA2004.WTH,dry_year;water_stress_year;nitrogen_stress_year;irrigation_responsive_year,irrigation_responsive,HLA2004_stress_grid_S0001,low_input_within_10pct_yield,2004-07-09,191,72,67,"{""sim_day"": 72.0, ""doy"": 191.0, ""topwt"": 198.40337753295896, ""grnwt"": 0.0, ""xlai"": 0.1102402582764625, ""totir"": 0.0, ""tofer"": NaN, ""swfac"": 0.0, ""nstres"": 0.6590326726436615}",0.0,0.6590326726436615,198.40337753295896,0.0,0.1102402582764625,0.0,,0.0,0.0,0.0,0.0,4.185660552978516,4.185660552978516,Leave_One_experiments/all_year_offline_schedule_search/daily_outputs/HLA/HLA_2004_HLA2004_stress_grid_S0001_daily.csv
HLA,HLA,Hailun,2004,Leave_One_experiments\wth_generated_qc\HLA\HLA2004.WTH,dry_year;water_stress_year;nitrogen_stress_year;irrigation_responsive_year,irrigation_responsive,HLA2004_stress_grid_S0001,low_input_within_10pct_yield,2004-07-10,192,73,68,"{""sim_day"": 73.0, ""doy"": 192.0, ""topwt"": 211.4628219604492, ""grnwt"": 0.0, ""xlai"": 0.1151888146996498, ""totir"": 0.0, ""tofer"": NaN, ""swfac"": 0.0, ""nstres"": 0.6576257646083832}",0.0,0.6576257646083832,211.4628219604492,0.0,0.1151888146996498,0.0,,0.0,0.0,0.0,0.0,4.185660552978516,4.185660552978516,Leave_One_experiments/all_year_offline_schedule_search/daily_outputs/HLA/HLA_2004_HLA2004_stress_grid_S0001_daily.csv
HLA,HLA,Hailun,2004,Leave_One_experiments\wth_generated_qc\HLA\HLA2004.WTH,dry_year;water_stress_year;nitrogen_stress_year;irrigation_responsive_year,irrigation_responsive,HLA2004_stress_grid_S0001,low_input_within_10pct_yield,2004-07-11,193,74,69,"{""sim_day"": 74.0, ""doy"": 193.0, ""topwt"": 224.58829879760745, ""grnwt"": 0.0, ""xlai"": 0.1194229200482368, ""totir"": 0.0, ""tofer"": NaN, ""swfac"": 0.0, ""nstres"": 0.6584252715110779}",0.0,0.6584252715110779,224.58829879760745,0.0,0.1194229200482368,0.0,,0.0,0.0,0.0,0.0,4.185660552978516,4.185660552978516,Leave_One_experiments/all_year_offline_schedule_search/daily_outputs/HLA/HLA_2004_HLA2004_stress_grid_S0001_daily.csv
HLA,HLA,Hailun,2004,Leave_One_experiments\wth_generated_qc\HLA\HLA2004.WTH,dry_year;water_stress_year;nitrogen_stress_year;irrigation_responsive_year,irrigation_responsive,HLA2004_stress_grid_S0001,low_input_within_10pct_yield,2004-07-12,194,75,70,"{""sim_day"": 75.0, ""doy"": 194.0, ""topwt"": 238.53687286376956, ""grnwt"": 0.0, ""xlai"": 0.131140649318695, ""totir"": 0.0, ""tofer"": NaN, ""swfac"": 0.0, ""nstres"": 0.6626017093658447}",0.0,0.6626017093658447,238.53687286376956,0.0,0.131140649318695,0.0,,0.0,0.0,0.0,0.0,4.185660552978516,4.185660552978516,Leave_One_experiments/all_year_offline_schedule_search/daily_outputs/HLA/HLA_2004_HLA2004_stress_grid_S0001_daily.csv
HLA,HLA,Hailun,2004,Leave_One_experiments\wth_generated_qc\HLA\HLA2004.WTH,dry_year;water_stress_year;nitrogen_stress_year;irrigation_responsive_year,irrigation_responsive,HLA2004_stress_grid_S0001,low_input_within_10pct_yield,2004-07-13,195,76,71,"{""sim_day"": 76.0, ""doy"": 195.0, ""topwt"": 252.48062133789065, ""grnwt"": 0.0, ""xlai"": 0.1335669457912445, ""totir"": 0.0, ""tofer"": NaN, ""swfac"": 0.0, ""nstres"": 0.6622394323348999}",0.0,0.6622394323348999,252.48062133789065,0.0,0.1335669457912445,0.0,,0.0,0.0,0.0,0.0,4.185660552978516,4.185660552978516,Leave_One_experiments/all_year_offline_schedule_search/daily_outputs/HLA/HLA_2004_HLA2004_stress_grid_S0001_daily.csv
HLA,HLA,Hailun,2004,Leave_One_experiments\wth_generated_qc\HLA\HLA2004.WTH,dry_year;water_stress_year;nitrogen_stress_year;irrigation_responsive_year,irrigation_responsive,HLA2004_stress_grid_S0001,low_input_within_10pct_yield,2004-07-14,196,77,72,"{""sim_day"": 77.0, ""doy"": 196.0, ""topwt"": 267.0468330383301, ""grnwt"": 0.0, ""xlai"": 0.1345449239015579, ""totir"": 0.0, ""tofer"": NaN, ""swfac"": 0.0, ""nstres"": 0.6617133617401123}",0.0,0.6617133617401123,267.0468330383301,0.0,0.1345449239015579,0.0,,0.0,0.0,0.0,0.0,4.185660552978516,4.185660552978516,Leave_One_experiments/all_year_offline_schedule_search/daily_outputs/HLA/HLA_2004_HLA2004_stress_grid_S0001_daily.csv
HLA,HLA,Hailun,2004,Leave_One_experiments\wth_generated_qc\HLA\HLA2004.WTH,dry_year;water_stress_year;nitrogen_stress_year;irrigation_responsive_year,irrigation_responsive,HLA2004_stress_grid_S0001,low_input_within_10pct_yield,2004-07-15,197,78,73,"{""sim_day"": 78.0, ""doy"": 197.0, ""topwt"": 275.8953285217285, ""grnwt"": 0.0, ""xlai"": 0.1322158724069595, ""totir"": 0.0, ""tofer"": NaN, ""swfac"": 0.0, ""nstres"": 0.6593350172042847}",0.0,0.6593350172042847,275.8953285217285,0.0,0.1322158724069595,0.0,,0.0,0.0,0.0,0.0,4.185660552978516,4.185660552978516,Leave_One_experiments/all_year_offline_schedule_search/daily_outputs/HLA/HLA_2004_HLA2004_stress_grid_S0001_daily.csv
HLA,HLA,Hailun,2004,Leave_One_experiments\wth_generated_qc\HLA\HLA2004.WTH,dry_year;water_stress_year;nitrogen_stress_year;irrigation_responsive_year,irrigation_responsive,HLA2004_stress_grid_S0001,low_input_within_10pct_yield,2004-07-16,198,79,74,"{""sim_day"": 79.0, ""doy"": 198.0, ""topwt"": 288.9755630493164, ""grnwt"": 0.0, ""xlai"": 0.1311885714530944, ""totir"": 0.0, ""tofer"": NaN, ""swfac"": 0.0, ""nstres"": 0.6555790603160858}",0.0,0.6555790603160858,288.9755630493164,0.0,0.1311885714530944,0.0,,0.0,0.0,0.0,0.0,4.185660552978516,4.185660552978516,Leave_One_experiments/all_year_offline_schedule_search/daily_outputs/HLA/HLA_2004_HLA2004_stress_grid_S0001_daily.csv
HLA,HLA,Hailun,2004,Leave_One_experiments\wth_generated_qc\HLA\HLA2004.WTH,dry_year;water_stress_year;nitrogen_stress_year;irrigation_responsive_year,irrigation_responsive,HLA2004_stress_grid_S0001,low_input_within_10pct_yield,2004-07-17,199,80,75,"{""sim_day"": 80.0, ""doy"": 199.0, ""topwt"": 296.93490982055664, ""grnwt"": 0.0, ""xlai"": 0.1281362920999527, ""totir"": 0.0, ""tofer"": NaN, ""swfac"": 0.0, ""nstres"": 0.6426137685775757}",0.0,0.6426137685775757,296.93490982055664,0.0,0.1281362920999527,0.0,,0.0,0.0,0.0,0.0,4.185660552978516,4.185660552978516,Leave_One_experiments/all_year_offline_schedule_search/daily_outputs/HLA/HLA_2004_HLA2004_stress_grid_S0001_daily.csv
HLA,HLA,Hailun,2004,Leave_One_experiments\wth_generated_qc\HLA\HLA2004.WTH,dry_year;water_stress_year;nitrogen_stress_year;irrigation_responsive_year,irrigation_responsive,HLA2004_stress_grid_S0001,low_input_within_10pct_yield,2004-07-18,200,81,76,"{""sim_day"": 81.0, ""doy"": 200.0, ""topwt"": 309.09862518310547, ""grnwt"": 0.0, ""xlai"": 0.1263880282640457, ""totir"": 0.0, ""tofer"": NaN, ""swfac"": 0.0, ""nstres"": 0.6351659297943115}",0.0,0.6351659297943115,309.09862518310547,0.0,0.1263880282640457,0.0,,0.0,0.0,0.0,0.0,4.185660552978516,4.185660552978516,Leave_One_experiments/all_year_offline_schedule_search/daily_outputs/HLA/HLA_2004_HLA2004_stress_grid_S0001_daily.csv
HLA,HLA,Hailun,2004,Leave_One_experiments\wth_generated_qc\HLA\HLA2004.WTH,dry_year;water_stress_year;nitrogen_stress_year;irrigation_responsive_year,irrigation_responsive,HLA2004_stress_grid_S0001,low_input_within_10pct_yield,2004-07-19,201,82,77,"{""sim_day"": 82.0, ""doy"": 201.0, ""topwt"": 325.35369873046875, ""grnwt"": 0.0, ""xlai"": 0.1258028596639633, ""totir"": 0.0, ""tofer"": NaN, ""swfac"": 0.0, ""nstres"": 0.6219720542430878}",0.0,0.6219720542430878,325.35369873046875,0.0,0.1258028596639633,0.0,,0.0,0.0,0.0,0.0,4.185660552978516,4.185660552978516,Leave_One_experiments/all_year_offline_schedule_search/daily_outputs/HLA/HLA_2004_HLA2004_stress_grid_S0001_daily.csv
HLA,HLA,Hailun,2004,Leave_One_experiments\wth_generated_qc\HLA\HLA2004.WTH,dry_year;water_stress_year;nitrogen_stress_year;irrigation_responsive_year,irrigation_responsive,HLA2004_stress_grid_S0001,low_input_within_10pct_yield,2004-07-20,202,83,78,"{""sim_day"": 83.0, ""doy"": 202.0, ""topwt"": 340.47607421875, ""grnwt"": 0.0, ""xlai"": 0.1247103214263916, ""totir"": 0.0, ""tofer"": NaN, ""swfac"": 0.0, ""nstres"": 0.6140937209129333}",0.0,0.6140937209129333,340.47607421875,0.0,0.1247103214263916,0.0,,0.0,0.0,0.0,0.0,4.185660552978516,4.185660552978516,Leave_One_experiments/all_year_offline_schedule_search/daily_outputs/HLA/HLA_2004_HLA2004_stress_grid_S0001_daily.csv
HLA,HLA,Hailun,2004,Leave_One_experiments\wth_generated_qc\HLA\HLA2004.WTH,dry_year;water_stress_year;nitrogen_stress_year;irrigation_responsive_year,irrigation_responsive,HLA2004_stress_grid_S0001,low_input_within_10pct_yield,2004-07-21,203,84,79,"{""sim_day"": 84.0, ""doy"": 203.0, ""topwt"": 347.01393127441406, ""grnwt"": 0.0, ""xlai"": 0.1210937723517417, ""totir"": 0.0, ""tofer"": NaN, ""swfac"": 0.0, ""nstres"": 0.6183913350105286}",0.0,0.6183913350105286,347.01393127441406,0.0,0.1210937723517417,0.0,,0.0,0.0,0.0,0.0,4.185660552978516,4.185660552978516,Leave_One_experiments/all_year_offline_schedule_search/daily_outputs/HLA/HLA_2004_HLA2004_stress_grid_S0001_daily.csv
HLA,HLA,Hailun,2004,Leave_One_experiments\wth_generated_qc\HLA\HLA2004.WTH,dry_year;water_stress_year;nitrogen_stress_year;irrigation_responsive_year,irrigation_responsive,HLA2004_stress_grid_S0001,low_input_within_10pct_yield,2004-07-22,204,85,80,"{""sim_day"": 85.0, ""doy"": 204.0, ""topwt"": 356.64703369140625, ""grnwt"": 0.0, ""xlai"": 0.1184530258178711, ""totir"": 0.0, ""tofer"": NaN, ""swfac"": 0.0, ""nstres"": 0.6205072104930878}",0.0,0.6205072104930878,356.64703369140625,0.0,0.1184530258178711,0.0,,0.0,0.0,0.0,0.0,4.185660552978516,4.185660552978516,Leave_One_experiments/all_year_offline_schedule_search/daily_outputs/HLA/HLA_2004_HLA2004_stress_grid_S0001_daily.csv
HLA,HLA,Hailun,2004,Leave_One_experiments\wth_generated_qc\HLA\HLA2004.WTH,dry_year;water_stress_year;nitrogen_stress_year;irrigation_responsive_year,irrigation_responsive,HLA2004_stress_grid_S0001,low_input_within_10pct_yield,2004-07-23,205,86,81,"{""sim_day"": 86.0, ""doy"": 205.0, ""topwt"": 372.8358840942383, ""grnwt"": 0.0, ""xlai"": 0.1177276372909545, ""totir"": 0.0, ""tofer"": NaN, ""swfac"": 0.0, ""nstres"": 0.6127045750617981}",0.0,0.6127045750617981,372.8358840942383,0.0,0.1177276372909545,0.0,,0.0,0.0,0.0,0.0,4.185660552978516,4.185660552978516,Leave_One_experiments/all_year_offline_schedule_search/daily_outputs/HLA/HLA_2004_HLA2004_stress_grid_S0001_daily.csv
HLA,HLA,Hailun,2004,Leave_One_experiments\wth_generated_qc\HLA\HLA2004.WTH,dry_year;water_stress_year;nitrogen_stress_year;irrigation_responsive_year,irrigation_responsive,HLA2004_stress_grid_S0001,low_input_within_10pct_yield,2004-07-24,206,87,82,"{""sim_day"": 87.0, ""doy"": 206.0, ""topwt"": 388.3404541015625, ""grnwt"": 0.0, ""xlai"": 0.1168704777956008, ""totir"": 0.0, ""tofer"": NaN, ""swfac"": 0.0, ""nstres"": 0.6079207062721252}",0.0,0.6079207062721252,388.3404541015625,0.0,0.1168704777956008,0.0,,0.0,0.0,0.0,0.0,4.185660552978516,4.185660552978516,Leave_One_experiments/all_year_offline_schedule_search/daily_outputs/HLA/HLA_2004_HLA2004_stress_grid_S0001_daily.csv
HLA,HLA,Hailun,2004,Leave_One_experiments\wth_generated_qc\HLA\HLA2004.WTH,dry_year;water_stress_year;nitrogen_stress_year;irrigation_responsive_year,irrigation_responsive,HLA2004_stress_grid_S0001,low_input_within_10pct_yield,2004-07-25,207,88,83,"{""sim_day"": 88.0, ""doy"": 207.0, ""topwt"": 403.7248992919922, ""grnwt"": 0.0, ""xlai"": 0.116013303399086, ""totir"": 0.0, ""tofer"": NaN, ""swfac"": 0.0, ""nstres"": 0.6081880629062653}",0.0,0.6081880629062653,403.7248992919922,0.0,0.116013303399086,0.0,,0.0,0.0,0.0,0.0,4.185660552978516,4.185660552978516,Leave_One_experiments/all_year_offline_schedule_search/daily_outputs/HLA/HLA_2004_HLA2004_stress_grid_S0001_daily.csv
HLA,HLA,Hailun,2004,Leave_One_experiments\wth_generated_qc\HLA\HLA2004.WTH,dry_year;water_stress_year;nitrogen_stress_year;irrigation_responsive_year,irrigation_responsive,HLA2004_stress_grid_S0001,low_input_within_10pct_yield,2004-07-26,208,89,84,"{""sim_day"": 89.0, ""doy"": 208.0, ""topwt"": 413.2743453979492, ""grnwt"": 0.0, ""xlai"": 0.1136219426989555, ""totir"": 0.0, ""tofer"": NaN, ""swfac"": 0.0, ""nstres"": 0.6078992486000061}",0.0,0.6078992486000061,413.2743453979492,0.0,0.1136219426989555,0.0,,0.0,0.0,0.0,0.0,4.185660552978516,4.185660552978516,Leave_One_experiments/all_year_offline_schedule_search/daily_outputs/HLA/HLA_2004_HLA2004_stress_grid_S0001_daily.csv
HLA,HLA,Hailun,2004,Leave_One_experiments\wth_generated_qc\HLA\HLA2004.WTH,dry_year;water_stress_year;nitrogen_stress_year;irrigation_responsive_year,irrigation_responsive,HLA2004_stress_grid_S0001,low_input_within_10pct_yield,2004-07-27,209,90,85,"{""sim_day"": 90.0, ""doy"": 209.0, ""topwt"": 423.0514907836914, ""grnwt"": 0.0, ""xlai"": 0.1113929450511932, ""totir"": 0.0, ""tofer"": NaN, ""swfac"": 0.0, ""nstres"": 0.6075600683689117}",0.0,0.6075600683689117,423.0514907836914,0.0,0.1113929450511932,0.0,,0.0,0.0,0.0,0.0,4.185660552978516,4.185660552978516,Leave_One_experiments/all_year_offline_schedule_search/daily_outputs/HLA/HLA_2004_HLA2004_stress_grid_S0001_daily.csv
HLA,HLA,Hailun,2004,Leave_One_experiments\wth_generated_qc\HLA\HLA2004.WTH,dry_year;water_stress_year;nitrogen_stress_year;irrigation_responsive_year,irrigation_responsive,HLA2004_stress_grid_S0001,low_input_within_10pct_yield,2004-07-28,210,91,86,"{""sim_day"": 91.0, ""doy"": 210.0, ""topwt"": 431.118392944336, ""grnwt"": 0.0, ""xlai"": 0.1088163778185844, ""totir"": 0.0, ""tofer"": NaN, ""swfac"": 0.0, ""nstres"": 0.6033464968204498}",0.0,0.6033464968204498,431.118392944336,0.0,0.1088163778185844,0.0,,0.0,0.0,0.0,0.0,4.185660552978516,4.185660552978516,Leave_One_experiments/all_year_offline_schedule_search/daily_outputs/HLA/HLA_2004_HLA2004_stress_grid_S0001_daily.csv
HLA,HLA,Hailun,2004,Leave_One_experiments\wth_generated_qc\HLA\HLA2004.WTH,dry_year;water_stress_year;nitrogen_stress_year;irrigation_responsive_year,irrigation_responsive,HLA2004_stress_grid_S0001,low_input_within_10pct_yield,2004-07-29,211,92,87,"{""sim_day"": 92.0, ""doy"": 211.0, ""topwt"": 442.0481872558594, ""grnwt"": 0.0, ""xlai"": 0.1042849346995353, ""totir"": 0.0, ""tofer"": NaN, ""swfac"": 0.0, ""nstres"": 0.5994322597980499}",0.0,0.5994322597980499,442.0481872558594,0.0,0.1042849346995353,0.0,,0.0,0.0,0.0,0.0,4.185660552978516,4.185660552978516,Leave_One_experiments/all_year_offline_schedule_search/daily_outputs/HLA/HLA_2004_HLA2004_stress_grid_S0001_daily.csv
HLA,HLA,Hailun,2004,Leave_One_experiments\wth_generated_qc\HLA\HLA2004.WTH,dry_year;water_stress_year;nitrogen_stress_year;irrigation_responsive_year,irrigation_responsive,HLA2004_stress_grid_S0001,low_input_within_10pct_yield,2004-07-30,212,93,88,"{""sim_day"": 93.0, ""doy"": 212.0, ""topwt"": 452.6128387451172, ""grnwt"": 0.0, ""xlai"": 0.0999809578061103, ""totir"": 0.0, ""tofer"": NaN, ""swfac"": 0.0, ""nstres"": 0.5905151665210724}",0.0,0.5905151665210724,452.6128387451172,0.0,0.0999809578061103,0.0,,0.0,0.0,0.0,0.0,4.185660552978516,4.185660552978516,Leave_One_experiments/all_year_offline_schedule_search/daily_outputs/HLA/HLA_2004_HLA2004_stress_grid_S0001_daily.csv
HLA,HLA,Hailun,2004,Leave_One_experiments\wth_generated_qc\HLA\HLA2004.WTH,dry_year;water_stress_year;nitrogen_stress_year;irrigation_responsive_year,irrigation_responsive,HLA2004_stress_grid_S0001,low_input_within_10pct_yield,2004-07-31,213,94,89,"{""sim_day"": 94.0, ""doy"": 213.0, ""topwt"": 461.12449645996094, ""grnwt"": 0.0, ""xlai"": 0.0958710610866546, ""totir"": 0.0, ""tofer"": NaN, ""swfac"": 0.0, ""nstres"": 0.5865606069564819}",0.0,0.5865606069564819,461.12449645996094,0.0,0.0958710610866546,0.0,,0.0,0.0,0.0,0.0,4.185660552978516,4.185660552978516,Leave_One_experiments/all_year_offline_schedule_search/daily_outputs/HLA/HLA_2004_HLA2004_stress_grid_S0001_daily.csv
HLA,HLA,Hailun,2004,Leave_One_experiments\wth_generated_qc\HLA\HLA2004.WTH,dry_year;water_stress_year;nitrogen_stress_year;irrigation_responsive_year,irrigation_responsive,HLA2004_stress_grid_S0001,low_input_within_10pct_yield,2004-08-01,214,95,90,"{""sim_day"": 95.0, ""doy"": 214.0, ""topwt"": 465.7780075073242, ""grnwt"": 0.0, ""xlai"": 0.0919513553380966, ""totir"": 0.0, ""tofer"": NaN, ""swfac"": 0.0, ""nstres"": 0.5812456607818604}",0.0,0.5812456607818604,465.7780075073242,0.0,0.0919513553380966,0.0,,0.0,0.0,0.0,0.0,4.185660552978516,4.185660552978516,Leave_One_experiments/all_year_offline_schedule_search/daily_outputs/HLA/HLA_2004_HLA2004_stress_grid_S0001_daily.csv
HLA,HLA,Hailun,2004,Leave_One_experiments\wth_generated_qc\HLA\HLA2004.WTH,dry_year;water_stress_year;nitrogen_stress_year;irrigation_responsive_year,irrigation_responsive,HLA2004_stress_grid_S0001,low_input_within_10pct_yield,2004-08-02,215,96,91,"{""sim_day"": 96.0, ""doy"": 215.0, ""topwt"": 465.8962631225586, ""grnwt"": 0.0, ""xlai"": 0.0882230475544929, ""totir"": 0.0, ""tofer"": NaN, ""swfac"": 0.0, ""nstres"": 0.5731101334095001}",0.0,0.5731101334095001,465.8962631225586,0.0,0.0882230475544929,0.0,,0.0,0.0,0.0,0.0,4.185660552978516,4.185660552978516,Leave_One_experiments/all_year_offline_schedule_search/daily_outputs/HLA/HLA_2004_HLA2004_stress_grid_S0001_daily.csv
HLA,HLA,Hailun,2004,Leave_One_experiments\wth_generated_qc\HLA\HLA2004.WTH,dry_year;water_stress_year;nitrogen_stress_year;irrigation_responsive_year,irrigation_responsive,HLA2004_stress_grid_S0001,low_input_within_10pct_yield,2004-08-03,216,97,92,"{""sim_day"": 97.0, ""doy"": 216.0, ""topwt"": 472.7972412109375, ""grnwt"": 0.0, ""xlai"": 0.0846910998225212, ""totir"": 0.0, ""tofer"": NaN, ""swfac"": 0.0, ""nstres"": 0.5608271360397339}",0.0,0.5608271360397339,472.7972412109375,0.0,0.0846910998225212,0.0,,0.0,0.0,0.0,0.0,4.185660552978516,4.185660552978516,Leave_One_experiments/all_year_offline_schedule_search/daily_outputs/HLA/HLA_2004_HLA2004_stress_grid_S0001_daily.csv
HLA,HLA,Hailun,2004,Leave_One_experiments\wth_generated_qc\HLA\HLA2004.WTH,dry_year;water_stress_year;nitrogen_stress_year;irrigation_responsive_year,irrigation_responsive,HLA2004_stress_grid_S0001,low_input_within_10pct_yield,2004-08-04,217,98,93,"{""sim_day"": 98.0, ""doy"": 217.0, ""topwt"": 479.82906341552734, ""grnwt"": 0.0, ""xlai"": 0.0813664868474006, ""totir"": 0.0, ""tofer"": NaN, ""swfac"": 0.0, ""nstres"": 0.5421344637870789}",0.0,0.5421344637870789,479.82906341552734,0.0,0.0813664868474006,0.0,,0.0,0.0,0.0,0.0,4.185660552978516,4.185660552978516,Leave_One_experiments/all_year_offline_schedule_search/daily_outputs/HLA/HLA_2004_HLA2004_stress_grid_S0001_daily.csv
HLA,HLA,Hailun,2004,Leave_One_experiments\wth_generated_qc\HLA\HLA2004.WTH,dry_year;water_stress_year;nitrogen_stress_year;irrigation_responsive_year,irrigation_responsive,HLA2004_stress_grid_S0001,low_input_within_10pct_yield,2004-08-05,218,99,94,"{""sim_day"": 99.0, ""doy"": 218.0, ""topwt"": 480.8414077758789, ""grnwt"": 0.0, ""xlai"": 0.0782135277986526, ""totir"": 0.0, ""tofer"": NaN, ""swfac"": 0.0, ""nstres"": 0.5299976468086243}",0.0,0.5299976468086243,480.8414077758789,0.0,0.0782135277986526,0.0,,0.0,0.0,0.0,0.0,4.185660552978516,4.185660552978516,Leave_One_experiments/all_year_offline_schedule_search/daily_outputs/HLA/HLA_2004_HLA2004_stress_grid_S0001_daily.csv
HLA,HLA,Hailun,2004,Leave_One_experiments\wth_generated_qc\HLA\HLA2004.WTH,dry_year;water_stress_year;nitrogen_stress_year;irrigation_responsive_year,irrigation_responsive,HLA2004_stress_grid_S0001,low_input_within_10pct_yield,2004-08-06,219,100,95,"{""sim_day"": 100.0, ""doy"": 219.0, ""topwt"": 484.1722106933594, ""grnwt"": 0.0, ""xlai"": 0.0752301290631294, ""totir"": 0.0, ""tofer"": NaN, ""swfac"": 0.0, ""nstres"": 0.515461266040802}",0.0,0.515461266040802,484.1722106933594,0.0,0.0752301290631294,0.0,,0.0,0.0,0.0,0.0,4.185660552978516,4.185660552978516,Leave_One_experiments/all_year_offline_schedule_search/daily_outputs/HLA/HLA_2004_HLA2004_stress_grid_S0001_daily.csv
HLA,HLA,Hailun,2004,Leave_One_experiments\wth_generated_qc\HLA\HLA2004.WTH,dry_year;water_stress_year;nitrogen_stress_year;irrigation_responsive_year,irrigation_responsive,HLA2004_stress_grid_S0001,low_input_within_10pct_yield,2004-08-07,220,101,96,"{""sim_day"": 101.0, ""doy"": 220.0, ""topwt"": 489.0530395507813, ""grnwt"": 0.0, ""xlai"": 0.0724280104041099, ""totir"": 0.0, ""tofer"": NaN, ""swfac"": 0.0, ""nstres"": 0.493935763835907}",0.0,0.493935763835907,489.0530395507813,0.0,0.0724280104041099,0.0,,0.0,0.0,0.0,0.0,4.185660552978516,4.185660552978516,Leave_One_experiments/all_year_offline_schedule_search/daily_outputs/HLA/HLA_2004_HLA2004_stress_grid_S0001_daily.csv
HLA,HLA,Hailun,2004,Leave_One_experiments\wth_generated_qc\HLA\HLA2004.WTH,dry_year;water_stress_year;nitrogen_stress_year;irrigation_responsive_year,irrigation_responsive,HLA2004_stress_grid_S0001,low_input_within_10pct_yield,2004-08-08,221,102,97,"{""sim_day"": 102.0, ""doy"": 221.0, ""topwt"": 495.5099105834961, ""grnwt"": 0.0, ""xlai"": 0.0697872266173362, ""totir"": 0.0, ""tofer"": NaN, ""swfac"": 0.0, ""nstres"": 0.4750563502311706}",0.0,0.4750563502311706,495.5099105834961,0.0,0.0697872266173362,0.0,,0.0,0.0,0.0,0.0,4.185660552978516,4.185660552978516,Leave_One_experiments/all_year_offline_schedule_search/daily_outputs/HLA/HLA_2004_HLA2004_stress_grid_S0001_daily.csv
HLA,HLA,Hailun,2004,Leave_One_experiments\wth_generated_qc\HLA\HLA2004.WTH,dry_year;water_stress_year;nitrogen_stress_year;irrigation_responsive_year,irrigation_responsive,HLA2004_stress_grid_S0001,low_input_within_10pct_yield,2004-08-09,222,103,98,"{""sim_day"": 103.0, ""doy"": 222.0, ""topwt"": 498.7471771240234, ""grnwt"": 0.0, ""xlai"": 0.0672991350293159, ""totir"": 0.0, ""tofer"": NaN, ""swfac"": 0.0, ""nstres"": 0.4556632041931152}",0.0,0.4556632041931152,498.7471771240234,0.0,0.0672991350293159,0.0,,0.0,0.0,0.0,0.0,4.185660552978516,4.185660552978516,Leave_One_experiments/all_year_offline_schedule_search/daily_outputs/HLA/HLA_2004_HLA2004_stress_grid_S0001_daily.csv
HLA,HLA,Hailun,2004,Leave_One_experiments\wth_generated_qc\HLA\HLA2004.WTH,dry_year;water_stress_year;nitrogen_stress_year;irrigation_responsive_year,irrigation_responsive,HLA2004_stress_grid_S0001,low_input_within_10pct_yield,2004-08-10,223,104,99,"{""sim_day"": 104.0, ""doy"": 223.0, ""topwt"": 503.2923889160156, ""grnwt"": 0.0, ""xlai"": 0.0649420768022537, ""totir"": 0.0, ""tofer"": NaN, ""swfac"": 0.0, ""nstres"": 0.4405617117881775}",0.0,0.4405617117881775,503.2923889160156,0.0,0.0649420768022537,0.0,,0.0,0.0,0.0,0.0,4.185660552978516,4.185660552978516,Leave_One_experiments/all_year_offline_schedule_search/daily_outputs/HLA/HLA_2004_HLA2004_stress_grid_S0001_daily.csv
HLA,HLA,Hailun,2004,Leave_One_experiments\wth_generated_qc\HLA\HLA2004.WTH,dry_year;water_stress_year;nitrogen_stress_year;irrigation_responsive_year,irrigation_responsive,HLA2004_stress_grid_S0001,low_input_within_10pct_yield,2004-08-11,224,105,100,"{""sim_day"": 105.0, ""doy"": 224.0, ""topwt"": 515.798225402832, ""grnwt"": 40.23125648498535, ""xlai"": 0.0627258569002151, ""totir"": 0.0, ""tofer"": NaN, ""swfac"": 0.0, ""nstres"": 0.4190253615379333}",0.0,0.4190253615379333,515.798225402832,40.23125648498535,0.0627258569002151,0.0,,0.0,0.0,0.0,0.0,4.185660552978516,4.185660552978516,Leave_One_experiments/all_year_offline_schedule_search/daily_outputs/HLA/HLA_2004_HLA2004_stress_grid_S0001_daily.csv
HLA,HLA,Hailun,2004,Leave_One_experiments\wth_generated_qc\HLA\HLA2004.WTH,dry_year;water_stress_year;nitrogen_stress_year;irrigation_responsive_year,irrigation_responsive,HLA2004_stress_grid_S0001,low_input_within_10pct_yield,2004-08-12,225,106,101,"{""sim_day"": 106.0, ""doy"": 225.0, ""topwt"": 521.4385223388672, ""grnwt"": 50.62415599822998, ""xlai"": 0.0604406706988811, ""totir"": 0.0, ""tofer"": NaN, ""swfac"": 0.0, ""nstres"": 0.4743560552597046}",0.0,0.4743560552597046,521.4385223388672,50.62415599822998,0.0604406706988811,0.0,,0.0,0.0,0.0,0.0,4.185660552978516,4.185660552978516,Leave_One_experiments/all_year_offline_schedule_search/daily_outputs/HLA/HLA_2004_HLA2004_stress_grid_S0001_daily.csv
HLA,HLA,Hailun,2004,Leave_One_experiments\wth_generated_qc\HLA\HLA2004.WTH,dry_year;water_stress_year;nitrogen_stress_year;irrigation_responsive_year,irrigation_responsive,HLA2004_stress_grid_S0001,low_input_within_10pct_yield,2004-08-13,226,107,102,"{""sim_day"": 107.0, ""doy"": 226.0, ""topwt"": 530.2362823486328, ""grnwt"": 61.01705551147461, ""xlai"": 0.0583719462156295, ""totir"": 0.0, ""tofer"": NaN, ""swfac"": 0.0, ""nstres"": 0.4214542508125305}",0.0,0.4214542508125305,530.2362823486328,61.01705551147461,0.0583719462156295,0.0,,0.0,0.0,0.0,0.0,4.185660552978516,4.185660552978516,Leave_One_experiments/all_year_offline_schedule_search/daily_outputs/HLA/HLA_2004_HLA2004_stress_grid_S0001_daily.csv
HLA,HLA,Hailun,2004,Leave_One_experiments\wth_generated_qc\HLA\HLA2004.WTH,dry_year;water_stress_year;nitrogen_stress_year;irrigation_responsive_year,irrigation_responsive,HLA2004_stress_grid_S0001,low_input_within_10pct_yield,2004-08-14,227,108,103,"{""sim_day"": 108.0, ""doy"": 227.0, ""topwt"": 539.7629165649414, ""grnwt"": 68.83647441864014, ""xlai"": 0.0563949570059776, ""totir"": 0.0, ""tofer"": NaN, ""swfac"": 0.0, ""nstres"": 0.4128507375717163}",0.0,0.4128507375717163,539.7629165649414,68.83647441864014,0.0563949570059776,0.0,,0.0,0.0,0.0,0.0,4.185660552978516,4.185660552978516,Leave_One_experiments/all_year_offline_schedule_search/daily_outputs/HLA/HLA_2004_HLA2004_stress_grid_S0001_daily.csv
HLA,HLA,Hailun,2004,Leave_One_experiments\wth_generated_qc\HLA\HLA2004.WTH,dry_year;water_stress_year;nitrogen_stress_year;irrigation_responsive_year,irrigation_responsive,HLA2004_stress_grid_S0001,low_input_within_10pct_yield,2004-08-15,228,109,104,"{""sim_day"": 109.0, ""doy"": 228.0, ""topwt"": 550.0581741333008, ""grnwt"": 77.6456880569458, ""xlai"": 0.0545003935694694, ""totir"": 0.0, ""tofer"": NaN, ""swfac"": 0.0, ""nstres"": 0.4062749147415161}",0.0,0.4062749147415161,550.0581741333008,77.6456880569458,0.0545003935694694,0.0,,0.0,0.0,0.0,0.0,4.185660552978516,4.185660552978516,Leave_One_experiments/all_year_offline_schedule_search/daily_outputs/HLA/HLA_2004_HLA2004_stress_grid_S0001_daily.csv
HLA,HLA,Hailun,2004,Leave_One_experiments\wth_generated_qc\HLA\HLA2004.WTH,dry_year;water_stress_year;nitrogen_stress_year;irrigation_responsive_year,irrigation_responsive,HLA2004_stress_grid_S0001,low_input_within_10pct_yield,2004-08-16,229,110,105,"{""sim_day"": 110.0, ""doy"": 229.0, ""topwt"": 559.1246032714844, ""grnwt"": 88.03858757019043, ""xlai"": 0.0526680573821067, ""totir"": 0.0, ""tofer"": NaN, ""swfac"": 0.0, ""nstres"": 0.4068975448608398}",0.0,0.4068975448608398,559.1246032714844,88.03858757019043,0.0526680573821067,0.0,,0.0,0.0,0.0,0.0,4.185660552978516,4.185660552978516,Leave_One_experiments/all_year_offline_schedule_search/daily_outputs/HLA/HLA_2004_HLA2004_stress_grid_S0001_daily.csv
HLA,HLA,Hailun,2004,Leave_One_experiments\wth_generated_qc\HLA\HLA2004.WTH,dry_year;water_stress_year;nitrogen_stress_year;irrigation_responsive_year,irrigation_responsive,HLA2004_stress_grid_S0001,low_input_within_10pct_yield,2004-08-17,230,111,106,"{""sim_day"": 111.0, ""doy"": 230.0, ""topwt"": 569.5755004882812, ""grnwt"": 98.43148231506348, ""xlai"": 0.0508878156542778, ""totir"": 0.0, ""tofer"": NaN, ""swfac"": 0.0, ""nstres"": 0.4112301468849182}",0.0,0.4112301468849182,569.5755004882812,98.43148231506348,0.0508878156542778,0.0,,0.0,0.0,0.0,0.0,4.185660552978516,4.185660552978516,Leave_One_experiments/all_year_offline_schedule_search/daily_outputs/HLA/HLA_2004_HLA2004_stress_grid_S0001_daily.csv
HLA,HLA,Hailun,2004,Leave_One_experiments\wth_generated_qc\HLA\HLA2004.WTH,dry_year;water_stress_year;nitrogen_stress_year;irrigation_responsive_year,irrigation_responsive,HLA2004_stress_grid_S0001,low_input_within_10pct_yield,2004-08-18,231,112,107,"{""sim_day"": 112.0, ""doy"": 231.0, ""topwt"": 579.6758270263672, ""grnwt"": 108.82438659667967, ""xlai"": 0.0491714477539062, ""totir"": 0.0, ""tofer"": NaN, ""swfac"": 0.0, ""nstres"": 0.4094830751419067}",0.0,0.4094830751419067,579.6758270263672,108.82438659667967,0.0491714477539062,0.0,,0.0,0.0,0.0,0.0,4.185660552978516,4.185660552978516,Leave_One_experiments/all_year_offline_schedule_search/daily_outputs/HLA/HLA_2004_HLA2004_stress_grid_S0001_daily.csv
HLA,HLA,Hailun,2004,Leave_One_experiments\wth_generated_qc\HLA\HLA2004.WTH,dry_year;water_stress_year;nitrogen_stress_year;irrigation_responsive_year,irrigation_responsive,HLA2004_stress_grid_S0001,low_input_within_10pct_yield,2004-08-19,232,113,108,"{""sim_day"": 113.0, ""doy"": 232.0, ""topwt"": 589.1734313964844, ""grnwt"": 119.21728134155272, ""xlai"": 0.0475175455212593, ""totir"": 0.0, ""tofer"": NaN, ""swfac"": 0.0, ""nstres"": 0.4072474241256714}",0.0,0.4072474241256714,589.1734313964844,119.21728134155272,0.0475175455212593,0.0,,0.0,0.0,0.0,0.0,4.185660552978516,4.185660552978516,Leave_One_experiments/all_year_offline_schedule_search/daily_outputs/HLA/HLA_2004_HLA2004_stress_grid_S0001_daily.csv
HLA,HLA,Hailun,2004,Leave_One_experiments\wth_generated_qc\HLA\HLA2004.WTH,dry_year;water_stress_year;nitrogen_stress_year;irrigation_responsive_year,irrigation_responsive,HLA2004_stress_grid_S0001,low_input_within_10pct_yield,2004-08-20,233,114,109,"{""sim_day"": 114.0, ""doy"": 233.0, ""topwt"": 596.650390625, ""grnwt"": 129.61016654968262, ""xlai"": 0.0459292270243167, ""totir"": 0.0, ""tofer"": NaN, ""swfac"": 0.0, ""nstres"": 0.4022265076637268}",0.0,0.4022265076637268,596.650390625,129.61016654968262,0.0459292270243167,0.0,,0.0,0.0,0.0,0.0,4.185660552978516,4.185660552978516,Leave_One_experiments/all_year_offline_schedule_search/daily_outputs/HLA/HLA_2004_HLA2004_stress_grid_S0001_daily.csv
HLA,HLA,Hailun,2004,Leave_One_experiments\wth_generated_qc\HLA\HLA2004.WTH,dry_year;water_stress_year;nitrogen_stress_year;irrigation_responsive_year,irrigation_responsive,HLA2004_stress_grid_S0001,low_input_within_10pct_yield,2004-08-21,234,115,110,"{""sim_day"": 115.0, ""doy"": 234.0, ""topwt"": 603.608283996582, ""grnwt"": 140.00306129455566, ""xlai"": 0.0444100648164749, ""totir"": 0.0, ""tofer"": NaN, ""swfac"": 0.0, ""nstres"": 0.3938239216804504}",0.0,0.3938239216804504,603.608283996582,140.00306129455566,0.0444100648164749,0.0,,0.0,0.0,0.0,0.0,4.185660552978516,4.185660552978516,Leave_One_experiments/all_year_offline_schedule_search/daily_outputs/HLA/HLA_2004_HLA2004_stress_grid_S0001_daily.csv
HLA,HLA,Hailun,2004,Leave_One_experiments\wth_generated_qc\HLA\HLA2004.WTH,dry_year;water_stress_year;nitrogen_stress_year;irrigation_responsive_year,irrigation_responsive,HLA2004_stress_grid_S0001,low_input_within_10pct_yield,2004-08-22,235,116,111,"{""sim_day"": 116.0, ""doy"": 235.0, ""topwt"": 612.3195648193359, ""grnwt"": 150.3959560394287, ""xlai"": 0.0429683811962604, ""totir"": 0.0, ""tofer"": NaN, ""swfac"": 0.0, ""nstres"": 0.3791173696517944}",0.0,0.3791173696517944,612.3195648193359,150.3959560394287,0.0429683811962604,0.0,,0.0,0.0,0.0,0.0,4.185660552978516,4.185660552978516,Leave_One_experiments/all_year_offline_schedule_search/daily_outputs/HLA/HLA_2004_HLA2004_stress_grid_S0001_daily.csv
HLA,HLA,Hailun,2004,Leave_One_experiments\wth_generated_qc\HLA\HLA2004.WTH,dry_year;water_stress_year;nitrogen_stress_year;irrigation_responsive_year,irrigation_responsive,HLA2004_stress_grid_S0001,low_input_within_10pct_yield,2004-08-23,236,117,112,"{""sim_day"": 117.0, ""doy"": 236.0, ""topwt"": 619.1268157958984, ""grnwt"": 160.7888412475586, ""xlai"": 0.0416024774312973, ""totir"": 0.0, ""tofer"": NaN, ""swfac"": 0.0, ""nstres"": 0.3629263043403625}",0.0,0.3629263043403625,619.1268157958984,160.7888412475586,0.0416024774312973,0.0,,0.0,0.0,0.0,0.0,4.185660552978516,4.185660552978516,Leave_One_experiments/all_year_offline_schedule_search/daily_outputs/HLA/HLA_2004_HLA2004_stress_grid_S0001_daily.csv
HLA,HLA,Hailun,2004,Leave_One_experiments\wth_generated_qc\HLA\HLA2004.WTH,dry_year;water_stress_year;nitrogen_stress_year;irrigation_responsive_year,irrigation_responsive,HLA2004_stress_grid_S0001,low_input_within_10pct_yield,2004-08-24,237,118,113,"{""sim_day"": 118.0, ""doy"": 237.0, ""topwt"": 626.8892288208008, ""grnwt"": 171.18173599243164, ""xlai"": 0.0403054803609848, ""totir"": 0.0, ""tofer"": NaN, ""swfac"": 0.0, ""nstres"": 0.3482184410095215}",0.0,0.3482184410095215,626.8892288208008,171.18173599243164,0.0403054803609848,0.0,,0.0,0.0,0.0,0.0,4.185660552978516,4.185660552978516,Leave_One_experiments/all_year_offline_schedule_search/daily_outputs/HLA/HLA_2004_HLA2004_stress_grid_S0001_daily.csv
HLA,HLA,Hailun,2004,Leave_One_experiments\wth_generated_qc\HLA\HLA2004.WTH,dry_year;water_stress_year;nitrogen_stress_year;irrigation_responsive_year,irrigation_responsive,HLA2004_stress_grid_S0001,low_input_within_10pct_yield,2004-08-25,238,119,114,"{""sim_day"": 119.0, ""doy"": 238.0, ""topwt"": 634.0615081787109, ""grnwt"": 181.5746307373047, ""xlai"": 0.0390803217887878, ""totir"": 0.0, ""tofer"": NaN, ""swfac"": 0.0, ""nstres"": 0.3295190334320068}",0.0,0.3295190334320068,634.0615081787109,181.5746307373047,0.0390803217887878,0.0,,0.0,0.0,0.0,0.0,4.185660552978516,4.185660552978516,Leave_One_experiments/all_year_offline_schedule_search/daily_outputs/HLA/HLA_2004_HLA2004_stress_grid_S0001_daily.csv
HLA,HLA,Hailun,2004,Leave_One_experiments\wth_generated_qc\HLA\HLA2004.WTH,dry_year;water_stress_year;nitrogen_stress_year;irrigation_responsive_year,irrigation_responsive,HLA2004_stress_grid_S0001,low_input_within_10pct_yield,2004-08-26,239,120,115,"{""sim_day"": 120.0, ""doy"": 239.0, ""topwt"": 637.4414443969727, ""grnwt"": 191.9675254821777, ""xlai"": 0.0379182137548923, ""totir"": 0.0, ""tofer"": NaN, ""swfac"": 0.0, ""nstres"": 0.3136742115020752}",0.0,0.3136742115020752,637.4414443969727,191.9675254821777,0.0379182137548923,0.0,,0.0,0.0,0.0,0.0,4.185660552978516,4.185660552978516,Leave_One_experiments/all_year_offline_schedule_search/daily_outputs/HLA/HLA_2004_HLA2004_stress_grid_S0001_daily.csv
HLA,HLA,Hailun,2004,Leave_One_experiments\wth_generated_qc\HLA\HLA2004.WTH,dry_year;water_stress_year;nitrogen_stress_year;irrigation_responsive_year,irrigation_responsive,HLA2004_stress_grid_S0001,low_input_within_10pct_yield,2004-08-27,240,121,116,"{""sim_day"": 121.0, ""doy"": 240.0, ""topwt"": 638.9577484130859, ""grnwt"": 202.3604202270508, ""xlai"": 0.0368141792714595, ""totir"": 0.0, ""tofer"": NaN, ""swfac"": 0.0, ""nstres"": 0.2987887263298034}",0.0,0.2987887263298034,638.9577484130859,202.3604202270508,0.0368141792714595,0.0,,0.0,0.0,0.0,0.0,4.185660552978516,4.185660552978516,Leave_One_experiments/all_year_offline_schedule_search/daily_outputs/HLA/HLA_2004_HLA2004_stress_grid_S0001_daily.csv
HLA,HLA,Hailun,2004,Leave_One_experiments\wth_generated_qc\HLA\HLA2004.WTH,dry_year;water_stress_year;nitrogen_stress_year;irrigation_responsive_year,irrigation_responsive,HLA2004_stress_grid_S0001,low_input_within_10pct_yield,2004-08-28,241,122,117,"{""sim_day"": 122.0, ""doy"": 241.0, ""topwt"": 643.8700866699219, ""grnwt"": 212.75331497192383, ""xlai"": 0.0357750542461872, ""totir"": 0.0, ""tofer"": NaN, ""swfac"": 0.0, ""nstres"": 0.2774223685264587}",0.0,0.2774223685264587,643.8700866699219,212.75331497192383,0.0357750542461872,0.0,,0.0,0.0,0.0,0.0,4.185660552978516,4.185660552978516,Leave_One_experiments/all_year_offline_schedule_search/daily_outputs/HLA/HLA_2004_HLA2004_stress_grid_S0001_daily.csv
HLA,HLA,Hailun,2004,Leave_One_experiments\wth_generated_qc\HLA\HLA2004.WTH,dry_year;water_stress_year;nitrogen_stress_year;irrigation_responsive_year,irrigation_responsive,HLA2004_stress_grid_S0001,low_input_within_10pct_yield,2004-08-29,242,123,118,"{""sim_day"": 123.0, ""doy"": 242.0, ""topwt"": 649.0395355224609, ""grnwt"": 222.84927368164065, ""xlai"": 0.0347999259829521, ""totir"": 0.0, ""tofer"": NaN, ""swfac"": 0.0, ""nstres"": 0.2541670799255371}",0.0,0.2541670799255371,649.0395355224609,222.84927368164065,0.0347999259829521,0.0,,0.0,0.0,0.0,0.0,4.185660552978516,4.185660552978516,Leave_One_experiments/all_year_offline_schedule_search/daily_outputs/HLA/HLA_2004_HLA2004_stress_grid_S0001_daily.csv
HLA,HLA,Hailun,2004,Leave_One_experiments\wth_generated_qc\HLA\HLA2004.WTH,dry_year;water_stress_year;nitrogen_stress_year;irrigation_responsive_year,irrigation_responsive,HLA2004_stress_grid_S0001,low_input_within_10pct_yield,2004-08-30,243,124,119,"{""sim_day"": 124.0, ""doy"": 243.0, ""topwt"": 654.595947265625, ""grnwt"": 233.2421875, ""xlai"": 0.0338706038892269, ""totir"": 0.0, ""tofer"": NaN, ""swfac"": 0.0, ""nstres"": 0.2409042716026306}",0.0,0.2409042716026306,654.595947265625,233.2421875,0.0338706038892269,0.0,,0.0,0.0,0.0,0.0,4.185660552978516,4.185660552978516,Leave_One_experiments/all_year_offline_schedule_search/daily_outputs/HLA/HLA_2004_HLA2004_stress_grid_S0001_daily.csv
HLA,HLA,Hailun,2004,Leave_One_experiments\wth_generated_qc\HLA\HLA2004.WTH,dry_year;water_stress_year;nitrogen_stress_year;irrigation_responsive_year,irrigation_responsive,HLA2004_stress_grid_S0001,low_input_within_10pct_yield,2004-08-31,244,125,120,"{""sim_day"": 125.0, ""doy"": 244.0, ""topwt"": 658.2167053222656, ""grnwt"": 242.100887298584, ""xlai"": 0.0329741798341274, ""totir"": 0.0, ""tofer"": NaN, ""swfac"": 0.0, ""nstres"": 0.2351849675178527}",0.0,0.2351849675178527,658.2167053222656,242.100887298584,0.0329741798341274,0.0,,0.0,0.0,0.0,0.0,4.185660552978516,4.185660552978516,Leave_One_experiments/all_year_offline_schedule_search/daily_outputs/HLA/HLA_2004_HLA2004_stress_grid_S0001_daily.csv
HLA,HLA,Hailun,2004,Leave_One_experiments\wth_generated_qc\HLA\HLA2004.WTH,dry_year;water_stress_year;nitrogen_stress_year;irrigation_responsive_year,irrigation_responsive,HLA2004_stress_grid_S0001,low_input_within_10pct_yield,2004-09-01,245,126,121,"{""sim_day"": 126.0, ""doy"": 245.0, ""topwt"": 664.0132904052734, ""grnwt"": 250.959587097168, ""xlai"": 0.0321146249771118, ""totir"": 0.0, ""tofer"": NaN, ""swfac"": 0.0, ""nstres"": 0.2256295084953308}",0.0,0.2256295084953308,664.0132904052734,250.959587097168,0.0321146249771118,0.0,,0.0,0.0,0.0,0.0,4.185660552978516,4.185660552978516,Leave_One_experiments/all_year_offline_schedule_search/daily_outputs/HLA/HLA_2004_HLA2004_stress_grid_S0001_daily.csv
HLA,HLA,Hailun,2004,Leave_One_experiments\wth_generated_qc\HLA\HLA2004.WTH,dry_year;water_stress_year;nitrogen_stress_year;irrigation_responsive_year,irrigation_responsive,HLA2004_stress_grid_S0001,low_input_within_10pct_yield,2004-09-02,246,127,122,"{""sim_day"": 127.0, ""doy"": 246.0, ""topwt"": 666.7775726318359, ""grnwt"": 259.81828689575195, ""xlai"": 0.0312904044985771, ""totir"": 0.0, ""tofer"": NaN, ""swfac"": 0.0, ""nstres"": 0.2159474492073059}",0.0,0.2159474492073059,666.7775726318359,259.81828689575195,0.0312904044985771,0.0,,0.0,0.0,0.0,0.0,4.185660552978516,4.185660552978516,Leave_One_experiments/all_year_offline_schedule_search/daily_outputs/HLA/HLA_2004_HLA2004_stress_grid_S0001_daily.csv
HLA,HLA,Hailun,2004,Leave_One_experiments\wth_generated_qc\HLA\HLA2004.WTH,dry_year;water_stress_year;nitrogen_stress_year;irrigation_responsive_year,irrigation_responsive,HLA2004_stress_grid_S0001,low_input_within_10pct_yield,2004-09-03,247,128,123,"{""sim_day"": 128.0, ""doy"": 247.0, ""topwt"": 671.4754486083984, ""grnwt"": 268.67698669433594, ""xlai"": 0.0304897148162126, ""totir"": 0.0, ""tofer"": NaN, ""swfac"": 0.0, ""nstres"": 0.2141239047050476}",0.0,0.2141239047050476,671.4754486083984,268.67698669433594,0.0304897148162126,0.0,,0.0,0.0,0.0,0.0,4.185660552978516,4.185660552978516,Leave_One_experiments/all_year_offline_schedule_search/daily_outputs/HLA/HLA_2004_HLA2004_stress_grid_S0001_daily.csv
HLA,HLA,Hailun,2004,Leave_One_experiments\wth_generated_qc\HLA\HLA2004.WTH,dry_year;water_stress_year;nitrogen_stress_year;irrigation_responsive_year,irrigation_responsive,HLA2004_stress_grid_S0001,low_input_within_10pct_yield,2004-09-04,248,129,124,"{""sim_day"": 129.0, ""doy"": 248.0, ""topwt"": 674.7119140625, ""grnwt"": 277.53570556640625, ""xlai"": 0.0297336410731077, ""totir"": 0.0, ""tofer"": NaN, ""swfac"": 0.0, ""nstres"": 0.1983771920204162}",0.0,0.1983771920204162,674.7119140625,277.53570556640625,0.0297336410731077,0.0,,0.0,0.0,0.0,0.0,4.185660552978516,4.185660552978516,Leave_One_experiments/all_year_offline_schedule_search/daily_outputs/HLA/HLA_2004_HLA2004_stress_grid_S0001_daily.csv
HLA,HLA,Hailun,2004,Leave_One_experiments\wth_generated_qc\HLA\HLA2004.WTH,dry_year;water_stress_year;nitrogen_stress_year;irrigation_responsive_year,irrigation_responsive,HLA2004_stress_grid_S0001,low_input_within_10pct_yield,2004-09-05,249,130,125,"{""sim_day"": 130.0, ""doy"": 249.0, ""topwt"": 678.8436889648438, ""grnwt"": 286.39440536499023, ""xlai"": 0.0290008224546909, ""totir"": 0.0, ""tofer"": NaN, ""swfac"": 0.0, ""nstres"": 0.197168231010437}",0.0,0.197168231010437,678.8436889648438,286.39440536499023,0.0290008224546909,0.0,,0.0,0.0,0.0,0.0,4.185660552978516,4.185660552978516,Leave_One_experiments/all_year_offline_schedule_search/daily_outputs/HLA/HLA_2004_HLA2004_stress_grid_S0001_daily.csv
HLA,HLA,Hailun,2004,Leave_One_experiments\wth_generated_qc\HLA\HLA2004.WTH,dry_year;water_stress_year;nitrogen_stress_year;irrigation_responsive_year,irrigation_responsive,HLA2004_stress_grid_S0001,low_input_within_10pct_yield,2004-09-06,250,131,126,"{""sim_day"": 131.0, ""doy"": 250.0, ""topwt"": 684.4374084472656, ""grnwt"": 295.2531051635742, ""xlai"": 0.028296660631895, ""totir"": 0.0, ""tofer"": NaN, ""swfac"": 0.0, ""nstres"": 0.1942495107650756}",0.0,0.1942495107650756,684.4374084472656,295.2531051635742,0.028296660631895,0.0,,0.0,0.0,0.0,0.0,4.185660552978516,4.185660552978516,Leave_One_experiments/all_year_offline_schedule_search/daily_outputs/HLA/HLA_2004_HLA2004_stress_grid_S0001_daily.csv
HLA,HLA,Hailun,2004,Leave_One_experiments\wth_generated_qc\HLA\HLA2004.WTH,dry_year;water_stress_year;nitrogen_stress_year;irrigation_responsive_year,irrigation_responsive,HLA2004_stress_grid_S0001,low_input_within_10pct_yield,2004-09-07,251,132,127,"{""sim_day"": 132.0, ""doy"": 251.0, ""topwt"": 690.7695007324219, ""grnwt"": 304.11182403564453, ""xlai"": 0.0276161804795265, ""totir"": 0.0, ""tofer"": NaN, ""swfac"": 0.0, ""nstres"": 0.1923889517784118}",0.0,0.1923889517784118,690.7695007324219,304.11182403564453,0.0276161804795265,0.0,,0.0,0.0,0.0,0.0,4.185660552978516,4.185660552978516,Leave_One_experiments/all_year_offline_schedule_search/daily_outputs/HLA/HLA_2004_HLA2004_stress_grid_S0001_daily.csv
HLA,HLA,Hailun,2004,Leave_One_experiments\wth_generated_qc\HLA\HLA2004.WTH,dry_year;water_stress_year;nitrogen_stress_year;irrigation_responsive_year,irrigation_responsive,HLA2004_stress_grid_S0001,low_input_within_10pct_yield,2004-09-08,252,133,128,"{""sim_day"": 133.0, ""doy"": 252.0, ""topwt"": 694.9369812011719, ""grnwt"": 312.9705238342285, ""xlai"": 0.0269532166421413, ""totir"": 0.0, ""tofer"": NaN, ""swfac"": 0.0, ""nstres"": 0.1920477151870727}",0.0,0.1920477151870727,694.9369812011719,312.9705238342285,0.0269532166421413,0.0,,0.0,0.0,0.0,0.0,4.185660552978516,4.185660552978516,Leave_One_experiments/all_year_offline_schedule_search/daily_outputs/HLA/HLA_2004_HLA2004_stress_grid_S0001_daily.csv
HLA,HLA,Hailun,2004,Leave_One_experiments\wth_generated_qc\HLA\HLA2004.WTH,dry_year;water_stress_year;nitrogen_stress_year;irrigation_responsive_year,irrigation_responsive,HLA2004_stress_grid_S0001,low_input_within_10pct_yield,2004-09-09,253,134,129,"{""sim_day"": 134.0, ""doy"": 253.0, ""topwt"": 701.3939666748047, ""grnwt"": 321.8292236328125, ""xlai"": 0.0263034664094448, ""totir"": 0.0, ""tofer"": NaN, ""swfac"": 0.0, ""nstres"": 0.1928537487983703}",0.0,0.1928537487983703,701.3939666748047,321.8292236328125,0.0263034664094448,0.0,,0.0,0.0,0.0,0.0,4.185660552978516,4.185660552978516,Leave_One_experiments/all_year_offline_schedule_search/daily_outputs/HLA/HLA_2004_HLA2004_stress_grid_S0001_daily.csv
HLA,HLA,Hailun,2004,Leave_One_experiments\wth_generated_qc\HLA\HLA2004.WTH,dry_year;water_stress_year;nitrogen_stress_year;irrigation_responsive_year,irrigation_responsive,HLA2004_stress_grid_S0001,low_input_within_10pct_yield,2004-09-10,254,135,130,"{""sim_day"": 135.0, ""doy"": 254.0, ""topwt"": 707.2661590576172, ""grnwt"": 330.6879425048828, ""xlai"": 0.0256771836429834, ""totir"": 0.0, ""tofer"": NaN, ""swfac"": 0.0, ""nstres"": 0.1904771327972412}",0.0,0.1904771327972412,707.2661590576172,330.6879425048828,0.0256771836429834,0.0,,0.0,0.0,0.0,0.0,4.185660552978516,4.185660552978516,Leave_One_experiments/all_year_offline_schedule_search/daily_outputs/HLA/HLA_2004_HLA2004_stress_grid_S0001_daily.csv
HLA,HLA,Hailun,2004,Leave_One_experiments\wth_generated_qc\HLA\HLA2004.WTH,dry_year;water_stress_year;nitrogen_stress_year;irrigation_responsive_year,irrigation_responsive,HLA2004_stress_grid_S0001,low_input_within_10pct_yield,2004-09-11,255,136,131,"{""sim_day"": 136.0, ""doy"": 255.0, ""topwt"": 713.1815338134766, ""grnwt"": 339.54662322998047, ""xlai"": 0.0250630788505077, ""totir"": 0.0, ""tofer"": NaN, ""swfac"": 0.0, ""nstres"": 0.1913294792175293}",0.0,0.1913294792175293,713.1815338134766,339.54662322998047,0.0250630788505077,0.0,,0.0,0.0,0.0,0.0,4.185660552978516,4.185660552978516,Leave_One_experiments/all_year_offline_schedule_search/daily_outputs/HLA/HLA_2004_HLA2004_stress_grid_S0001_daily.csv
HLA,HLA,Hailun,2004,Leave_One_experiments\wth_generated_qc\HLA\HLA2004.WTH,dry_year;water_stress_year;nitrogen_stress_year;irrigation_responsive_year,irrigation_responsive,HLA2004_stress_grid_S0001,low_input_within_10pct_yield,2004-09-12,256,137,132,"{""sim_day"": 137.0, ""doy"": 256.0, ""topwt"": 718.4742736816406, ""grnwt"": 348.4053421020508, ""xlai"": 0.0244638659060001, ""totir"": 0.0, ""tofer"": NaN, ""swfac"": 0.0, ""nstres"": 0.1912668943405151}",0.0,0.1912668943405151,718.4742736816406,348.4053421020508,0.0244638659060001,0.0,,0.0,0.0,0.0,0.0,4.185660552978516,4.185660552978516,Leave_One_experiments/all_year_offline_schedule_search/daily_outputs/HLA/HLA_2004_HLA2004_stress_grid_S0001_daily.csv
HLA,HLA,Hailun,2004,Leave_One_experiments\wth_generated_qc\HLA\HLA2004.WTH,dry_year;water_stress_year;nitrogen_stress_year;irrigation_responsive_year,irrigation_responsive,HLA2004_stress_grid_S0001,low_input_within_10pct_yield,2004-09-13,257,138,133,"{""sim_day"": 138.0, ""doy"": 257.0, ""topwt"": 723.5134887695312, ""grnwt"": 357.26402282714844, ""xlai"": 0.0238806139677763, ""totir"": 0.0, ""tofer"": NaN, ""swfac"": 0.0, ""nstres"": 0.190734326839447}",0.0,0.190734326839447,723.5134887695312,357.26402282714844,0.0238806139677763,0.0,,0.0,0.0,0.0,0.0,4.185660552978516,4.185660552978516,Leave_One_experiments/all_year_offline_schedule_search/daily_outputs/HLA/HLA_2004_HLA2004_stress_grid_S0001_daily.csv
HLA,HLA,Hailun,2004,Leave_One_experiments\wth_generated_qc\HLA\HLA2004.WTH,dry_year;water_stress_year;nitrogen_stress_year;irrigation_responsive_year,irrigation_responsive,HLA2004_stress_grid_S0001,low_input_within_10pct_yield,2004-09-14,258,139,134,"{""sim_day"": 139.0, ""doy"": 258.0, ""topwt"": 727.1161651611328, ""grnwt"": 366.1227416992188, ""xlai"": 0.0233155824244022, ""totir"": 0.0, ""tofer"": NaN, ""swfac"": 0.0, ""nstres"": 0.1892881989479065}",0.0,0.1892881989479065,727.1161651611328,366.1227416992188,0.0233155824244022,0.0,,0.0,0.0,0.0,0.0,4.185660552978516,4.185660552978516,Leave_One_experiments/all_year_offline_schedule_search/daily_outputs/HLA/HLA_2004_HLA2004_stress_grid_S0001_daily.csv
HLA,HLA,Hailun,2004,Leave_One_experiments\wth_generated_qc\HLA\HLA2004.WTH,dry_year;water_stress_year;nitrogen_stress_year;irrigation_responsive_year,irrigation_responsive,HLA2004_stress_grid_S0001,low_input_within_10pct_yield,2004-09-15,259,140,135,"{""sim_day"": 140.0, ""doy"": 259.0, ""topwt"": 727.2431182861328, ""grnwt"": 367.6089859008789, ""xlai"": 0.0227693170309066, ""totir"": 0.0, ""tofer"": NaN, ""swfac"": 0.0, ""nstres"": 0.1874331831932068}",0.0,0.1874331831932068,727.2431182861328,367.6089859008789,0.0227693170309066,0.0,,0.0,0.0,0.0,0.0,4.185660552978516,4.185660552978516,Leave_One_experiments/all_year_offline_schedule_search/daily_outputs/HLA/HLA_2004_HLA2004_stress_grid_S0001_daily.csv
HLA,HLA,Hailun,2004,Leave_One_experiments\wth_generated_qc\HLA\HLA2004.WTH,dry_year;water_stress_year;nitrogen_stress_year;irrigation_responsive_year,irrigation_responsive,HLA2004_stress_grid_S0001,low_input_within_10pct_yield,2004-09-16,260,141,136,"{""sim_day"": 141.0, ""doy"": 260.0, ""topwt"": 732.2623443603516, ""grnwt"": 372.62828826904297, ""xlai"": 0.0222991332411766, ""totir"": 0.0, ""tofer"": NaN, ""swfac"": 0.0, ""nstres"": 0.1651992797851562}",0.0,0.1651992797851562,732.2623443603516,372.62828826904297,0.0222991332411766,0.0,,0.0,0.0,0.0,0.0,4.185660552978516,4.185660552978516,Leave_One_experiments/all_year_offline_schedule_search/daily_outputs/HLA/HLA_2004_HLA2004_stress_grid_S0001_daily.csv
HLA,HLA,Hailun,2004,Leave_One_experiments\wth_generated_qc\HLA\HLA2004.WTH,dry_year;water_stress_year;nitrogen_stress_year;irrigation_responsive_year,irrigation_responsive,HLA2004_stress_grid_S0001,low_input_within_10pct_yield,2004-09-17,261,142,137,"{""sim_day"": 142.0, ""doy"": 261.0, ""topwt"": 737.8365325927734, ""grnwt"": 378.2024383544922, ""xlai"": 0.0218672789633274, ""totir"": 0.0, ""tofer"": NaN, ""swfac"": 0.0, ""nstres"": 0.1549314260482788}",0.0,0.1549314260482788,737.8365325927734,378.2024383544922,0.0218672789633274,0.0,,0.0,0.0,0.0,0.0,4.185660552978516,4.185660552978516,Leave_One_experiments/all_year_offline_schedule_search/daily_outputs/HLA/HLA_2004_HLA2004_stress_grid_S0001_daily.csv
HLA,HLA,Hailun,2004,Leave_One_experiments\wth_generated_qc\HLA\HLA2004.WTH,dry_year;water_stress_year;nitrogen_stress_year;irrigation_responsive_year,irrigation_responsive,HLA2004_stress_grid_S0001,low_input_within_10pct_yield,2004-09-18,262,143,138,"{""sim_day"": 143.0, ""doy"": 262.0, ""topwt"": 739.7322845458984, ""grnwt"": 380.0982666015625, ""xlai"": 0.0214372854679822, ""totir"": 0.0, ""tofer"": NaN, ""swfac"": 0.0, ""nstres"": 0.157311201095581}",0.0,0.157311201095581,739.7322845458984,380.0982666015625,0.0214372854679822,0.0,,0.0,0.0,0.0,0.0,4.185660552978516,4.185660552978516,Leave_One_experiments/all_year_offline_schedule_search/daily_outputs/HLA/HLA_2004_HLA2004_stress_grid_S0001_daily.csv
HLA,HLA,Hailun,2004,Leave_One_experiments\wth_generated_qc\HLA\HLA2004.WTH,dry_year;water_stress_year;nitrogen_stress_year;irrigation_responsive_year,irrigation_responsive,HLA2004_stress_grid_S0001,low_input_within_10pct_yield,2004-09-19,263,144,139,"{""sim_day"": 144.0, ""doy"": 263.0, ""topwt"": 745.1783752441406, ""grnwt"": 385.544319152832, ""xlai"": 0.0192420948296785, ""totir"": 0.0, ""tofer"": NaN, ""swfac"": 0.0, ""nstres"": 0.1500905752182006}",0.0,0.1500905752182006,745.1783752441406,385.544319152832,0.0192420948296785,0.0,,0.0,0.0,0.0,0.0,4.185660552978516,4.185660552978516,Leave_One_experiments/all_year_offline_schedule_search/daily_outputs/HLA/HLA_2004_HLA2004_stress_grid_S0001_daily.csv
HLA,HLA,Hailun,2004,Leave_One_experiments\wth_generated_qc\HLA\HLA2004.WTH,dry_year;water_stress_year;nitrogen_stress_year;irrigation_responsive_year,irrigation_responsive,HLA2004_stress_grid_S0001,low_input_within_10pct_yield,2004-09-20,264,145,140,"{""sim_day"": 145.0, ""doy"": 264.0, ""topwt"": 749.9202728271484, ""grnwt"": 390.2861785888672, ""xlai"": 0.0186186525970697, ""totir"": 0.0, ""tofer"": NaN, ""swfac"": 0.0, ""nstres"": 0.1460254192352295}",0.0,0.1460254192352295,749.9202728271484,390.2861785888672,0.0186186525970697,0.0,,0.0,0.0,0.0,0.0,4.185660552978516,4.185660552978516,Leave_One_experiments/all_year_offline_schedule_search/daily_outputs/HLA/HLA_2004_HLA2004_stress_grid_S0001_daily.csv
HLA,HLA,Hailun,2004,Leave_One_experiments\wth_generated_qc\HLA\HLA2004.WTH,dry_year;water_stress_year;nitrogen_stress_year;irrigation_responsive_year,irrigation_responsive,HLA2004_stress_grid_S0001,low_input_within_10pct_yield,2004-09-21,265,146,141,"{""sim_day"": 146.0, ""doy"": 265.0, ""topwt"": 754.3968200683594, ""grnwt"": 394.7627258300781, ""xlai"": 0.0182821340858936, ""totir"": 0.0, ""tofer"": NaN, ""swfac"": 0.0, ""nstres"": 0.1445994973182678}",0.0,0.1445994973182678,754.3968200683594,394.7627258300781,0.0182821340858936,0.0,,0.0,0.0,0.0,0.0,4.185660552978516,4.185660552978516,Leave_One_experiments/all_year_offline_schedule_search/daily_outputs/HLA/HLA_2004_HLA2004_stress_grid_S0001_daily.csv
HLA,HLA,Hailun,2004,Leave_One_experiments\wth_generated_qc\HLA\HLA2004.WTH,dry_year;water_stress_year;nitrogen_stress_year;irrigation_responsive_year,irrigation_responsive,HLA2004_stress_grid_S0001,low_input_within_10pct_yield,2004-09-22,266,147,142,"{""sim_day"": 147.0, ""doy"": 266.0, ""topwt"": 758.4953308105469, ""grnwt"": 398.8612365722656, ""xlai"": 0.0168488156050443, ""totir"": 0.0, ""tofer"": NaN, ""swfac"": 0.0, ""nstres"": 0.142587661743164}",0.0,0.142587661743164,758.4953308105469,398.8612365722656,0.0168488156050443,0.0,,0.0,0.0,0.0,0.0,4.185660552978516,4.185660552978516,Leave_One_experiments/all_year_offline_schedule_search/daily_outputs/HLA/HLA_2004_HLA2004_stress_grid_S0001_daily.csv
HLA,HLA,Hailun,2004,Leave_One_experiments\wth_generated_qc\HLA\HLA2004.WTH,dry_year;water_stress_year;nitrogen_stress_year;irrigation_responsive_year,irrigation_responsive,HLA2004_stress_grid_S0001,low_input_within_10pct_yield,2004-09-23,267,148,143,"{""sim_day"": 148.0, ""doy"": 267.0, ""topwt"": 761.9912719726562, ""grnwt"": 402.3571395874024, ""xlai"": 0.0165602713823318, ""totir"": 0.0, ""tofer"": NaN, ""swfac"": 0.0, ""nstres"": 0.1370019912719726}",0.0,0.1370019912719726,761.9912719726562,402.3571395874024,0.0165602713823318,0.0,,0.0,0.0,0.0,0.0,4.185660552978516,4.185660552978516,Leave_One_experiments/all_year_offline_schedule_search/daily_outputs/HLA/HLA_2004_HLA2004_stress_grid_S0001_daily.csv
HLA,HLA,Hailun,2004,Leave_One_experiments\wth_generated_qc\HLA\HLA2004.WTH,dry_year;water_stress_year;nitrogen_stress_year;irrigation_responsive_year,irrigation_responsive,HLA2004_stress_grid_S0001,low_input_within_10pct_yield,2004-09-24,268,149,144,"{""sim_day"": 149.0, ""doy"": 268.0, ""topwt"": 764.1536712646484, ""grnwt"": 404.5195770263672, ""xlai"": 0.0162956845015287, ""totir"": 0.0, ""tofer"": NaN, ""swfac"": 0.0, ""nstres"": 0.1278227567672729}",0.0,0.1278227567672729,764.1536712646484,404.5195770263672,0.0162956845015287,0.0,,0.0,0.0,0.0,0.0,4.185660552978516,4.185660552978516,Leave_One_experiments/all_year_offline_schedule_search/daily_outputs/HLA/HLA_2004_HLA2004_stress_grid_S0001_daily.csv
HLA,HLA,Hailun,2004,Leave_One_experiments\wth_generated_qc\HLA\HLA2004.WTH,dry_year;water_stress_year;nitrogen_stress_year;irrigation_responsive_year,irrigation_responsive,HLA2004_stress_grid_S0001,low_input_within_10pct_yield,2004-09-25,269,150,145,"{""sim_day"": 150.0, ""doy"": 269.0, ""topwt"": 766.1658477783203, ""grnwt"": 406.5317153930664, ""xlai"": 0.016066376119852, ""totir"": 0.0, ""tofer"": NaN, ""swfac"": 0.0, ""nstres"": 0.1125800609588623}",0.0,0.1125800609588623,766.1658477783203,406.5317153930664,0.016066376119852,0.0,,0.0,0.0,0.0,0.0,4.185660552978516,4.185660552978516,Leave_One_experiments/all_year_offline_schedule_search/daily_outputs/HLA/HLA_2004_HLA2004_stress_grid_S0001_daily.csv
HLA,HLA,Hailun,2004,Leave_One_experiments\wth_generated_qc\HLA\HLA2004.WTH,dry_year;water_stress_year;nitrogen_stress_year;irrigation_responsive_year,irrigation_responsive,HLA2004_stress_grid_S0001,low_input_within_10pct_yield,2004-09-26,270,151,146,"{""sim_day"": 151.0, ""doy"": 270.0, ""topwt"": 769.9329376220703, ""grnwt"": 410.29884338378906, ""xlai"": 0.0158786922693252, ""totir"": 0.0, ""tofer"": NaN, ""swfac"": 0.0, ""nstres"": 0.0934568643569946}",0.0,0.0934568643569946,769.9329376220703,410.29884338378906,0.0158786922693252,0.0,,0.0,0.0,0.0,0.0,4.185660552978516,4.185660552978516,Leave_One_experiments/all_year_offline_schedule_search/daily_outputs/HLA/HLA_2004_HLA2004_stress_grid_S0001_daily.csv
HLA,HLA,Hailun,2004,Leave_One_experiments\wth_generated_qc\HLA\HLA2004.WTH,dry_year;water_stress_year;nitrogen_stress_year;irrigation_responsive_year,irrigation_responsive,HLA2004_stress_grid_S0001,low_input_within_10pct_yield,2004-09-27,271,152,147,"{""sim_day"": 152.0, ""doy"": 271.0, ""topwt"": 772.3114776611328, ""grnwt"": 412.6773834228516, ""xlai"": 0.0125187681987881, ""totir"": 0.0, ""tofer"": NaN, ""swfac"": 0.0, ""nstres"": 0.0798597335815429}",0.0,0.0798597335815429,772.3114776611328,412.6773834228516,0.0125187681987881,0.0,,0.0,0.0,0.0,0.0,4.185660552978516,4.185660552978516,Leave_One_experiments/all_year_offline_schedule_search/daily_outputs/HLA/HLA_2004_HLA2004_stress_grid_S0001_daily.csv
HLA,HLA,Hailun,2004,Leave_One_experiments\wth_generated_qc\HLA\HLA2004.WTH,dry_year;water_stress_year;nitrogen_stress_year;irrigation_responsive_year,irrigation_responsive,HLA2004_stress_grid_S0001,low_input_within_10pct_yield,2004-09-28,272,153,148,"{""sim_day"": 153.0, ""doy"": 272.0, ""topwt"": 773.9798736572266, ""grnwt"": 414.3457794189453, ""xlai"": 0.0120180053636431, ""totir"": 0.0, ""tofer"": NaN, ""swfac"": 0.0, ""nstres"": 0.0727995634078979}",0.0,0.0727995634078979,773.9798736572266,414.3457794189453,0.0120180053636431,0.0,,0.0,0.0,0.0,0.0,4.185660552978516,4.185660552978516,Leave_One_experiments/all_year_offline_schedule_search/daily_outputs/HLA/HLA_2004_HLA2004_stress_grid_S0001_daily.csv
HLA,HLA,Hailun,2004,Leave_One_experiments\wth_generated_qc\HLA\HLA2004.WTH,dry_year;water_stress_year;nitrogen_stress_year;irrigation_responsive_year,irrigation_responsive,HLA2004_stress_grid_S0001,low_input_within_10pct_yield,2004-09-29,273,154,149,"{""sim_day"": 154.0, ""doy"": 273.0, ""topwt"": 775.0299072265625, ""grnwt"": 415.13763427734375, ""xlai"": 0.0101900631561875, ""totir"": 0.0, ""tofer"": NaN, ""swfac"": 0.0, ""nstres"": 0.0656855106353759}",0.0,0.0656855106353759,775.0299072265625,415.13763427734375,0.0101900631561875,0.0,,0.0,0.0,0.0,0.0,4.185660552978516,4.185660552978516,Leave_One_experiments/all_year_offline_schedule_search/daily_outputs/HLA/HLA_2004_HLA2004_stress_grid_S0001_daily.csv
HLA,HLA,Hailun,2004,Leave_One_experiments\wth_generated_qc\HLA\HLA2004.WTH,dry_year;water_stress_year;nitrogen_stress_year;irrigation_responsive_year,irrigation_responsive,HLA2004_stress_grid_S0001,low_input_within_10pct_yield,2004-09-30,274,155,150,"{""sim_day"": 155.0, ""doy"": 274.0, ""topwt"": 775.7999420166016, ""grnwt"": 415.92945098876953, ""xlai"": 0.0068793026730418, ""totir"": 0.0, ""tofer"": NaN, ""swfac"": 0.0, ""nstres"": 0.0509631633758544}",0.0,0.0509631633758544,775.7999420166016,415.92945098876953,0.0068793026730418,0.0,,0.0,0.0,0.0,0.0,4.185660552978516,4.185660552978516,Leave_One_experiments/all_year_offline_schedule_search/daily_outputs/HLA/HLA_2004_HLA2004_stress_grid_S0001_daily.csv
HLA,HLA,Hailun,2004,Leave_One_experiments\wth_generated_qc\HLA\HLA2004.WTH,dry_year;water_stress_year;nitrogen_stress_year;irrigation_responsive_year,irrigation_responsive,HLA2004_stress_grid_S0001,low_input_within_10pct_yield,2004-10-01,275,156,151,"{""sim_day"": 156.0, ""doy"": 275.0, ""topwt"": 775.8049774169922, ""grnwt"": 415.92945098876953, ""xlai"": 0.0025859375018626, ""totir"": 0.0, ""tofer"": NaN, ""swfac"": 0.0, ""nstres"": 0.0457487106323242}",0.0,0.0457487106323242,775.8049774169922,415.92945098876953,0.0025859375018626,0.0,,0.0,0.0,0.0,0.0,4.185660552978516,4.185660552978516,Leave_One_experiments/all_year_offline_schedule_search/daily_outputs/HLA/HLA_2004_HLA2004_stress_grid_S0001_daily.csv
HLA,HLA,Hailun,2004,Leave_One_experiments\wth_generated_qc\HLA\HLA2004.WTH,dry_year;water_stress_year;nitrogen_stress_year;irrigation_responsive_year,irrigation_responsive,HLA2004_stress_grid_S0001,low_input_within_10pct_yield,2004-10-02,276,157,152,"{""sim_day"": 157.0, ""doy"": 276.0, ""topwt"": 776.6957855224609, ""grnwt"": 416.4738464355469, ""xlai"": 0.0016857604496181, ""totir"": 0.0, ""tofer"": NaN, ""swfac"": 0.0, ""nstres"": 0.0323407053947448}",0.0,0.0323407053947448,776.6957855224609,416.4738464355469,0.0016857604496181,0.0,,0.0,0.0,0.0,0.0,4.185660552978516,4.185660552978516,Leave_One_experiments/all_year_offline_schedule_search/daily_outputs/HLA/HLA_2004_HLA2004_stress_grid_S0001_daily.csv
HLA,HLA,Hailun,2004,Leave_One_experiments\wth_generated_qc\HLA\HLA2004.WTH,dry_year;water_stress_year;nitrogen_stress_year;irrigation_responsive_year,irrigation_responsive,HLA2004_stress_grid_S0001,low_input_within_10pct_yield,2004-10-03,277,158,153,"{""sim_day"": 158.0, ""doy"": 277.0, ""topwt"": 776.3247680664062, ""grnwt"": 416.69063568115234, ""xlai"": 0.0016527099069207, ""totir"": 0.0, ""tofer"": NaN, ""swfac"": 0.0, ""nstres"": 0.0224832296371459}",0.0,0.0224832296371459,776.3247680664062,416.69063568115234,0.0016527099069207,0.0,,0.0,0.0,0.0,0.0,4.185660552978516,4.185660552978516,Leave_One_experiments/all_year_offline_schedule_search/daily_outputs/HLA/HLA_2004_HLA2004_stress_grid_S0001_daily.csv
HLA,HLA,Hailun,2004,Leave_One_experiments\wth_generated_qc\HLA\HLA2004.WTH,dry_year;water_stress_year;nitrogen_stress_year;irrigation_responsive_year,irrigation_responsive,HLA2004_stress_grid_S0001,low_input_within_10pct_yield,2004-10-04,278,159,154,"{""sim_day"": 159.0, ""doy"": 278.0, ""topwt"": 776.6947937011719, ""grnwt"": 417.0606994628906, ""xlai"": 0.0014013366308063, ""totir"": 0.0, ""tofer"": NaN, ""swfac"": 0.0, ""nstres"": 0.0115295648574829}",0.0,0.0115295648574829,776.6947937011719,417.0606994628906,0.0014013366308063,0.0,,0.0,0.0,0.0,0.0,4.185660552978516,4.185660552978516,Leave_One_experiments/all_year_offline_schedule_search/daily_outputs/HLA/HLA_2004_HLA2004_stress_grid_S0001_daily.csv
HLA,HLA,Hailun,2004,Leave_One_experiments\wth_generated_qc\HLA\HLA2004.WTH,dry_year;water_stress_year;nitrogen_stress_year;irrigation_responsive_year,irrigation_responsive,HLA2004_stress_grid_S0001,low_input_within_10pct_yield,2004-10-05,279,160,155,"{""sim_day"": 160.0, ""doy"": 279.0, ""topwt"": 777.0142364501953, ""grnwt"": 417.38014221191406, ""xlai"": 0.0012197265168651, ""totir"": 0.0, ""tofer"": NaN, ""swfac"": 0.0, ""nstres"": 0.0006031990051269}",0.0,0.0006031990051269,777.0142364501953,417.38014221191406,0.0012197265168651,0.0,,0.0,0.0,0.0,0.0,4.185660552978516,4.185660552978516,Leave_One_experiments/all_year_offline_schedule_search/daily_outputs/HLA/HLA_2004_HLA2004_stress_grid_S0001_daily.csv
HLA,HLA,Hailun,2004,Leave_One_experiments\wth_generated_qc\HLA\HLA2004.WTH,dry_year;water_stress_year;nitrogen_stress_year;irrigation_responsive_year,irrigation_responsive,HLA2004_stress_grid_S0001,low_input_within_10pct_yield,2004-10-06,280,161,156,"{""sim_day"": 161.0, ""doy"": 280.0, ""topwt"": 777.2905731201172, ""grnwt"": 417.656478881836, ""xlai"": 0.0012197265168651, ""totir"": 0.0, ""tofer"": NaN, ""swfac"": 0.0, ""nstres"": 0.0}",0.0,0.0,777.2905731201172,417.656478881836,0.0012197265168651,0.0,,0.0,0.0,0.0,0.0,4.185660552978516,4.185660552978516,Leave_One_experiments/all_year_offline_schedule_search/daily_outputs/HLA/HLA_2004_HLA2004_stress_grid_S0001_daily.csv
HLA,HLA,Hailun,2004,Leave_One_experiments\wth_generated_qc\HLA\HLA2004.WTH,dry_year;water_stress_year;nitrogen_stress_year;irrigation_responsive_year,irrigation_responsive,HLA2004_stress_grid_S0001,low_input_within_10pct_yield,2004-10-07,281,162,157,"{""sim_day"": 162.0, ""doy"": 281.0, ""topwt"": 777.5595092773438, ""grnwt"": 417.9254150390625, ""xlai"": 0.0012197265168651, ""totir"": 0.0, ""tofer"": NaN, ""swfac"": 0.0, ""nstres"": 0.0}",0.0,0.0,777.5595092773438,417.9254150390625,0.0012197265168651,0.0,,0.0,0.0,0.0,0.0,4.185660552978516,4.185660552978516,Leave_One_experiments/all_year_offline_schedule_search/daily_outputs/HLA/HLA_2004_HLA2004_stress_grid_S0001_daily.csv
HLA,HLA,Hailun,2004,Leave_One_experiments\wth_generated_qc\HLA\HLA2004.WTH,dry_year;water_stress_year;nitrogen_stress_year;irrigation_responsive_year,irrigation_responsive,HLA2004_stress_grid_S0001,low_input_within_10pct_yield,2004-10-08,282,163,158,"{""sim_day"": 163.0, ""doy"": 282.0, ""topwt"": 777.8303527832031, ""grnwt"": 418.19618225097656, ""xlai"": 0.0011434935731813, ""totir"": 0.0, ""tofer"": NaN, ""swfac"": 0.0, ""nstres"": 0.0}",0.0,0.0,777.8303527832031,418.19618225097656,0.0011434935731813,0.0,,0.0,0.0,0.0,0.0,4.185660552978516,4.185660552978516,Leave_One_experiments/all_year_offline_schedule_search/daily_outputs/HLA/HLA_2004_HLA2004_stress_grid_S0001_daily.csv
HLA,HLA,Hailun,2004,Leave_One_experiments\wth_generated_qc\HLA\HLA2004.WTH,dry_year;water_stress_year;nitrogen_stress_year;irrigation_responsive_year,irrigation_responsive,HLA2004_stress_grid_S0001,low_input_within_10pct_yield,2004-10-09,283,164,159,"{""sim_day"": 164.0, ""doy"": 283.0, ""topwt"": 778.0650329589844, ""grnwt"": 418.4309387207031, ""xlai"": 0.0011434935731813, ""totir"": 0.0, ""tofer"": NaN, ""swfac"": 0.0, ""nstres"": 0.0}",0.0,0.0,778.0650329589844,418.4309387207031,0.0011434935731813,0.0,,0.0,0.0,0.0,0.0,4.185660552978516,4.185660552978516,Leave_One_experiments/all_year_offline_schedule_search/daily_outputs/HLA/HLA_2004_HLA2004_stress_grid_S0001_daily.csv
HLA,HLA,Hailun,2004,Leave_One_experiments\wth_generated_qc\HLA\HLA2004.WTH,dry_year;water_stress_year;nitrogen_stress_year;irrigation_responsive_year,irrigation_responsive,HLA2004_stress_grid_S0001,low_input_within_10pct_yield,2004-10-10,284,165,160,"{""sim_day"": 165.0, ""doy"": 284.0, ""topwt"": 778.2001495361328, ""grnwt"": 418.5660552978516, ""xlai"": 0.001110443030484, ""totir"": 0.0, ""tofer"": NaN, ""swfac"": 0.0, ""nstres"": 0.0}",0.0,0.0,778.2001495361328,418.5660552978516,0.001110443030484,0.0,,0.0,0.0,0.0,0.0,4.185660552978516,4.185660552978516,Leave_One_experiments/all_year_offline_schedule_search/daily_outputs/HLA/HLA_2004_HLA2004_stress_grid_S0001_daily.csv
HLA,HLA,Hailun,2004,Leave_One_experiments\wth_generated_qc\HLA\HLA2004.WTH,dry_year;water_stress_year;nitrogen_stress_year;irrigation_responsive_year,irrigation_responsive,HLA2004_stress_grid_S0001,low_input_within_10pct_yield,2004-10-11,285,166,161,"{""sim_day"": 166.0, ""doy"": 285.0, ""topwt"": 778.2182312011719, ""grnwt"": 418.5660552978516, ""xlai"": 0.0003081359900534, ""totir"": 0.0, ""tofer"": NaN, ""swfac"": 0.0, ""nstres"": 0.0}",0.0,0.0,778.2182312011719,418.5660552978516,0.0003081359900534,0.0,,0.0,0.0,0.0,0.0,4.185660552978516,4.185660552978516,Leave_One_experiments/all_year_offline_schedule_search/daily_outputs/HLA/HLA_2004_HLA2004_stress_grid_S0001_daily.csv
HLA,HLA,Hailun,2004,Leave_One_experiments\wth_generated_qc\HLA\HLA2004.WTH,dry_year;water_stress_year;nitrogen_stress_year;irrigation_responsive_year,irrigation_responsive,HLA2004_stress_grid_S0001,low_input_within_10pct_yield,2004-10-12,286,167,162,"{""sim_day"": 167.0, ""doy"": 286.0, ""topwt"": 778.2182312011719, ""grnwt"": 418.5660552978516, ""xlai"": 0.0, ""totir"": 0.0, ""tofer"": NaN, ""swfac"": 0.0, ""nstres"": 0.0}",0.0,0.0,778.2182312011719,418.5660552978516,0.0,0.0,,0.0,0.0,0.0,0.0,4.185660552978516,4.185660552978516,Leave_One_experiments/all_year_offline_schedule_search/daily_outputs/HLA/HLA_2004_HLA2004_stress_grid_S0001_daily.csv
HLA,HLA,Hailun,2004,Leave_One_experiments\wth_generated_qc\HLA\HLA2004.WTH,dry_year;water_stress_year;nitrogen_stress_year;irrigation_responsive_year,irrigation_responsive,HLA2004_stress_grid_S0001,low_input_within_10pct_yield,2004-10-13,287,168,163,"{""sim_day"": 168.0, ""doy"": 287.0, ""topwt"": 778.2182312011719, ""grnwt"": 418.5660552978516, ""xlai"": 0.0, ""totir"": 0.0, ""tofer"": NaN, ""swfac"": 0.0, ""nstres"": 0.0}",0.0,0.0,778.2182312011719,418.5660552978516,0.0,0.0,,0.0,0.0,0.0,0.0,4.185660552978516,4.185660552978516,Leave_One_experiments/all_year_offline_schedule_search/daily_outputs/HLA/HLA_2004_HLA2004_stress_grid_S0001_daily.csv
HLA,HLA,Hailun,2004,Leave_One_experiments\wth_generated_qc\HLA\HLA2004.WTH,dry_year;water_stress_year;nitrogen_stress_year;irrigation_responsive_year,irrigation_responsive,HLA2004_stress_grid_S0001,low_input_within_10pct_yield,2004-10-14,288,169,164,"{""sim_day"": 169.0, ""doy"": 288.0, ""topwt"": 778.2182312011719, ""grnwt"": 418.5660552978516, ""xlai"": 0.0, ""totir"": 0.0, ""tofer"": NaN, ""swfac"": 0.0, ""nstres"": 0.0}",0.0,0.0,778.2182312011719,418.5660552978516,0.0,0.0,,0.0,0.0,0.0,0.0,4.185660552978516,4.185660552978516,Leave_One_experiments/all_year_offline_schedule_search/daily_outputs/HLA/HLA_2004_HLA2004_stress_grid_S0001_daily.csv
HLA,HLA,Hailun,2004,Leave_One_experiments\wth_generated_qc\HLA\HLA2004.WTH,dry_year;water_stress_year;nitrogen_stress_year;irrigation_responsive_year,irrigation_responsive,HLA2004_stress_grid_S0001,low_input_within_10pct_yield,2004-10-15,289,170,165,"{""sim_day"": 170.0, ""doy"": 289.0, ""topwt"": 778.2182312011719, ""grnwt"": 418.5660552978516, ""xlai"": 0.0, ""totir"": 0.0, ""tofer"": NaN, ""swfac"": 0.0, ""nstres"": 0.0}",0.0,0.0,778.2182312011719,418.5660552978516,0.0,0.0,,0.0,0.0,0.0,0.0,4.185660552978516,4.185660552978516,Leave_One_experiments/all_year_offline_schedule_search/daily_outputs/HLA/HLA_2004_HLA2004_stress_grid_S0001_daily.csv
HLA,HLA,Hailun,2004,Leave_One_experiments\wth_generated_qc\HLA\HLA2004.WTH,dry_year;water_stress_year;nitrogen_stress_year;irrigation_responsive_year,irrigation_responsive,HLA2004_stress_grid_S0001,low_input_within_10pct_yield,2004-10-16,290,171,166,"{""sim_day"": 171.0, ""doy"": 290.0, ""topwt"": 778.2182312011719, ""grnwt"": 418.5660552978516, ""xlai"": 0.0, ""totir"": 0.0, ""tofer"": NaN, ""swfac"": 0.0, ""nstres"": 0.0}",0.0,0.0,778.2182312011719,418.5660552978516,0.0,0.0,,0.0,0.0,0.0,0.0,4.185660552978516,4.185660552978516,Leave_One_experiments/all_year_offline_schedule_search/daily_outputs/HLA/HLA_2004_HLA2004_stress_grid_S0001_daily.csv
HLA,HLA,Hailun,2004,Leave_One_experiments\wth_generated_qc\HLA\HLA2004.WTH,dry_year;water_stress_year;nitrogen_stress_year;irrigation_responsive_year,irrigation_responsive,HLA2004_stress_grid_S0001,low_input_within_10pct_yield,2004-10-17,291,172,167,"{""sim_day"": 172.0, ""doy"": 291.0, ""topwt"": 778.2182312011719, ""grnwt"": 418.5660552978516, ""xlai"": 0.0, ""totir"": 0.0, ""tofer"": NaN, ""swfac"": 0.0, ""nstres"": 0.0}",0.0,0.0,778.2182312011719,418.5660552978516,0.0,0.0,,0.0,0.0,0.0,0.0,4.185660552978516,4.185660552978516,Leave_One_experiments/all_year_offline_schedule_search/daily_outputs/HLA/HLA_2004_HLA2004_stress_grid_S0001_daily.csv
HLA,HLA,Hailun,2004,Leave_One_experiments\wth_generated_qc\HLA\HLA2004.WTH,dry_year;water_stress_year;nitrogen_stress_year;irrigation_responsive_year,irrigation_responsive,HLA2004_stress_grid_S0001,low_input_within_10pct_yield,2004-10-18,292,173,168,"{""sim_day"": 173.0, ""doy"": 292.0, ""topwt"": 778.2182312011719, ""grnwt"": 418.5660552978516, ""xlai"": 0.0, ""totir"": 0.0, ""tofer"": NaN, ""swfac"": 0.0, ""nstres"": 0.0}",0.0,0.0,778.2182312011719,418.5660552978516,0.0,0.0,,0.0,0.0,0.0,0.0,4.185660552978516,4.185660552978516,Leave_One_experiments/all_year_offline_schedule_search/daily_outputs/HLA/HLA_2004_HLA2004_stress_grid_S0001_daily.csv
HLA,HLA,Hailun,2004,Leave_One_experiments\wth_generated_qc\HLA\HLA2004.WTH,dry_year;water_stress_year;nitrogen_stress_year;irrigation_responsive_year,irrigation_responsive,HLA2004_stress_grid_S0001,low_input_within_10pct_yield,2004-10-19,293,174,169,"{""sim_day"": 174.0, ""doy"": 293.0, ""topwt"": 778.2182312011719, ""grnwt"": 418.5660552978516, ""xlai"": 0.0, ""totir"": 0.0, ""tofer"": NaN, ""swfac"": 0.0, ""nstres"": 0.0}",0.0,0.0,778.2182312011719,418.5660552978516,0.0,0.0,,0.0,0.0,0.0,0.0,4.185660552978516,4.185660552978516,Leave_One_experiments/all_year_offline_schedule_search/daily_outputs/HLA/HLA_2004_HLA2004_stress_grid_S0001_daily.csv
HLA,HLA,Hailun,2004,Leave_One_experiments\wth_generated_qc\HLA\HLA2004.WTH,dry_year;water_stress_year;nitrogen_stress_year;irrigation_responsive_year,irrigation_responsive,HLA2004_stress_grid_S0001,low_input_within_10pct_yield,2004-10-20,294,175,170,"{""sim_day"": 175.0, ""doy"": 294.0, ""topwt"": 778.2182312011719, ""grnwt"": 418.5660552978516, ""xlai"": 0.0, ""totir"": 0.0, ""tofer"": NaN, ""swfac"": 0.0, ""nstres"": 0.0}",0.0,0.0,778.2182312011719,418.5660552978516,0.0,0.0,,0.0,0.0,0.0,0.0,4.185660552978516,4.185660552978516,Leave_One_experiments/all_year_offline_schedule_search/daily_outputs/HLA/HLA_2004_HLA2004_stress_grid_S0001_daily.csv
HLA,HLA,Hailun,2004,Leave_One_experiments\wth_generated_qc\HLA\HLA2004.WTH,dry_year;water_stress_year;nitrogen_stress_year;irrigation_responsive_year,irrigation_responsive,HLA2004_stress_grid_S0021,pareto_balanced,2004-05-04,125,1,1,"{""sim_day"": 1.0, ""doy"": 125.0, ""topwt"": 0.0, ""grnwt"": 0.0, ""xlai"": 0.0, ""totir"": 0.0, ""tofer"": NaN, ""swfac"": 0.0, ""nstres"": 0.0}",0.0,0.0,0.0,0.0,0.0,0.0,,0.0,0.0,40.0,0.0,-15.725153350830077,0.2748466491699224,Leave_One_experiments/all_year_offline_schedule_search/daily_outputs/HLA/HLA_2004_HLA2004_stress_grid_S0021_daily.csv
HLA,HLA,Hailun,2004,Leave_One_experiments\wth_generated_qc\HLA\HLA2004.WTH,dry_year;water_stress_year;nitrogen_stress_year;irrigation_responsive_year,irrigation_responsive,HLA2004_stress_grid_S0021,pareto_balanced,2004-05-05,126,2,2,"{""sim_day"": 2.0, ""doy"": 126.0, ""topwt"": 0.0, ""grnwt"": 0.0, ""xlai"": 0.0, ""totir"": 0.0, ""tofer"": NaN, ""swfac"": 0.0, ""nstres"": 0.0}",0.0,0.0,0.0,0.0,0.0,0.0,,0.0,0.0,40.0,0.0,-15.725153350830077,0.2748466491699224,Leave_One_experiments/all_year_offline_schedule_search/daily_outputs/HLA/HLA_2004_HLA2004_stress_grid_S0021_daily.csv
HLA,HLA,Hailun,2004,Leave_One_experiments\wth_generated_qc\HLA\HLA2004.WTH,dry_year;water_stress_year;nitrogen_stress_year;irrigation_responsive_year,irrigation_responsive,HLA2004_stress_grid_S0021,pareto_balanced,2004-05-06,127,3,3,"{""sim_day"": 3.0, ""doy"": 127.0, ""topwt"": 0.0, ""grnwt"": 0.0, ""xlai"": 0.0, ""totir"": 0.0, ""tofer"": NaN, ""swfac"": 0.0, ""nstres"": 0.0}",0.0,0.0,0.0,0.0,0.0,0.0,,0.0,0.0,40.0,0.0,-15.725153350830077,0.2748466491699224,Leave_One_experiments/all_year_offline_schedule_search/daily_outputs/HLA/HLA_2004_HLA2004_stress_grid_S0021_daily.csv
HLA,HLA,Hailun,2004,Leave_One_experiments\wth_generated_qc\HLA\HLA2004.WTH,dry_year;water_stress_year;nitrogen_stress_year;irrigation_responsive_year,irrigation_responsive,HLA2004_stress_grid_S0021,pareto_balanced,2004-05-07,128,4,4,"{""sim_day"": 4.0, ""doy"": 128.0, ""topwt"": 0.0, ""grnwt"": 0.0, ""xlai"": 0.0, ""totir"": 0.0, ""tofer"": NaN, ""swfac"": 0.0, ""nstres"": 0.0}",0.0,0.0,0.0,0.0,0.0,0.0,,0.0,0.0,40.0,0.0,-15.725153350830077,0.2748466491699224,Leave_One_experiments/all_year_offline_schedule_search/daily_outputs/HLA/HLA_2004_HLA2004_stress_grid_S0021_daily.csv
HLA,HLA,Hailun,2004,Leave_One_experiments\wth_generated_qc\HLA\HLA2004.WTH,dry_year;water_stress_year;nitrogen_stress_year;irrigation_responsive_year,irrigation_responsive,HLA2004_stress_grid_S0021,pareto_balanced,2004-05-08,129,5,5,"{""sim_day"": 5.0, ""doy"": 129.0, ""topwt"": 0.0, ""grnwt"": 0.0, ""xlai"": 0.0, ""totir"": 0.0, ""tofer"": NaN, ""swfac"": 0.0, ""nstres"": 0.0}",0.0,0.0,0.0,0.0,0.0,0.0,,0.0,0.0,40.0,0.0,-15.725153350830077,0.2748466491699224,Leave_One_experiments/all_year_offline_schedule_search/daily_outputs/HLA/HLA_2004_HLA2004_stress_grid_S0021_daily.csv
HLA,HLA,Hailun,2004,Leave_One_experiments\wth_generated_qc\HLA\HLA2004.WTH,dry_year;water_stress_year;nitrogen_stress_year;irrigation_responsive_year,irrigation_responsive,HLA2004_stress_grid_S0021,pareto_balanced,2004-05-04,125,6,1,"{""sim_day"": 6.0, ""doy"": 125.0, ""topwt"": 0.0, ""grnwt"": 0.0, ""xlai"": 0.0, ""totir"": 0.0, ""tofer"": NaN, ""swfac"": 0.0, ""nstres"": 0.0}",0.0,0.0,0.0,0.0,0.0,0.0,,0.0,0.0,40.0,0.0,-15.725153350830077,0.2748466491699224,Leave_One_experiments/all_year_offline_schedule_search/daily_outputs/HLA/HLA_2004_HLA2004_stress_grid_S0021_daily.csv
HLA,HLA,Hailun,2004,Leave_One_experiments\wth_generated_qc\HLA\HLA2004.WTH,dry_year;water_stress_year;nitrogen_stress_year;irrigation_responsive_year,irrigation_responsive,HLA2004_stress_grid_S0021,pareto_balanced,2004-05-05,126,7,2,"{""sim_day"": 7.0, ""doy"": 126.0, ""topwt"": 0.0, ""grnwt"": 0.0, ""xlai"": 0.0, ""totir"": 0.0, ""tofer"": NaN, ""swfac"": 0.0, ""nstres"": 0.0}",0.0,0.0,0.0,0.0,0.0,0.0,,0.0,0.0,40.0,0.0,-15.725153350830077,0.2748466491699224,Leave_One_experiments/all_year_offline_schedule_search/daily_outputs/HLA/HLA_2004_HLA2004_stress_grid_S0021_daily.csv
HLA,HLA,Hailun,2004,Leave_One_experiments\wth_generated_qc\HLA\HLA2004.WTH,dry_year;water_stress_year;nitrogen_stress_year;irrigation_responsive_year,irrigation_responsive,HLA2004_stress_grid_S0021,pareto_balanced,2004-05-06,127,8,3,"{""sim_day"": 8.0, ""doy"": 127.0, ""topwt"": 0.0, ""grnwt"": 0.0, ""xlai"": 0.0, ""totir"": 0.0, ""tofer"": NaN, ""swfac"": 0.0, ""nstres"": 0.0}",0.0,0.0,0.0,0.0,0.0,0.0,,0.0,0.0,40.0,0.0,-15.725153350830077,0.2748466491699224,Leave_One_experiments/all_year_offline_schedule_search/daily_outputs/HLA/HLA_2004_HLA2004_stress_grid_S0021_daily.csv
HLA,HLA,Hailun,2004,Leave_One_experiments\wth_generated_qc\HLA\HLA2004.WTH,dry_year;water_stress_year;nitrogen_stress_year;irrigation_responsive_year,irrigation_responsive,HLA2004_stress_grid_S0021,pareto_balanced,2004-05-07,128,9,4,"{""sim_day"": 9.0, ""doy"": 128.0, ""topwt"": 0.0, ""grnwt"": 0.0, ""xlai"": 0.0, ""totir"": 0.0, ""tofer"": NaN, ""swfac"": 0.0, ""nstres"": 0.0}",0.0,0.0,0.0,0.0,0.0,0.0,,0.0,0.0,40.0,0.0,-15.725153350830077,0.2748466491699224,Leave_One_experiments/all_year_offline_schedule_search/daily_outputs/HLA/HLA_2004_HLA2004_stress_grid_S0021_daily.csv
HLA,HLA,Hailun,2004,Leave_One_experiments\wth_generated_qc\HLA\HLA2004.WTH,dry_year;water_stress_year;nitrogen_stress_year;irrigation_responsive_year,irrigation_responsive,HLA2004_stress_grid_S0021,pareto_balanced,2004-05-08,129,10,5,"{""sim_day"": 10.0, ""doy"": 129.0, ""topwt"": 0.0, ""grnwt"": 0.0, ""xlai"": 0.0, ""totir"": 0.0, ""tofer"": NaN, ""swfac"": 0.0, ""nstres"": 0.0}",0.0,0.0,0.0,0.0,0.0,0.0,,0.0,0.0,40.0,0.0,-15.725153350830077,0.2748466491699224,Leave_One_experiments/all_year_offline_schedule_search/daily_outputs/HLA/HLA_2004_HLA2004_stress_grid_S0021_daily.csv
HLA,HLA,Hailun,2004,Leave_One_experiments\wth_generated_qc\HLA\HLA2004.WTH,dry_year;water_stress_year;nitrogen_stress_year;irrigation_responsive_year,irrigation_responsive,HLA2004_stress_grid_S0021,pareto_balanced,2004-05-09,130,11,6,"{""sim_day"": 11.0, ""doy"": 130.0, ""topwt"": 0.0, ""grnwt"": 0.0, ""xlai"": 0.0, ""totir"": 0.0, ""tofer"": NaN, ""swfac"": 0.0, ""nstres"": 0.0}",0.0,0.0,0.0,0.0,0.0,0.0,,0.0,0.0,40.0,0.0,-15.725153350830077,0.2748466491699224,Leave_One_experiments/all_year_offline_schedule_search/daily_outputs/HLA/HLA_2004_HLA2004_stress_grid_S0021_daily.csv
HLA,HLA,Hailun,2004,Leave_One_experiments\wth_generated_qc\HLA\HLA2004.WTH,dry_year;water_stress_year;nitrogen_stress_year;irrigation_responsive_year,irrigation_responsive,HLA2004_stress_grid_S0021,pareto_balanced,2004-05-10,131,12,7,"{""sim_day"": 12.0, ""doy"": 131.0, ""topwt"": 0.0, ""grnwt"": 0.0, ""xlai"": 0.0, ""totir"": 0.0, ""tofer"": NaN, ""swfac"": 0.0, ""nstres"": 0.0}",0.0,0.0,0.0,0.0,0.0,0.0,,0.0,0.0,40.0,0.0,-15.725153350830077,0.2748466491699224,Leave_One_experiments/all_year_offline_schedule_search/daily_outputs/HLA/HLA_2004_HLA2004_stress_grid_S0021_daily.csv
HLA,HLA,Hailun,2004,Leave_One_experiments\wth_generated_qc\HLA\HLA2004.WTH,dry_year;water_stress_year;nitrogen_stress_year;irrigation_responsive_year,irrigation_responsive,HLA2004_stress_grid_S0021,pareto_balanced,2004-05-11,132,13,8,"{""sim_day"": 13.0, ""doy"": 132.0, ""topwt"": 0.0, ""grnwt"": 0.0, ""xlai"": 0.0, ""totir"": 0.0, ""tofer"": NaN, ""swfac"": 0.0, ""nstres"": 0.0}",0.0,0.0,0.0,0.0,0.0,0.0,,0.0,0.0,40.0,0.0,-15.725153350830077,0.2748466491699224,Leave_One_experiments/all_year_offline_schedule_search/daily_outputs/HLA/HLA_2004_HLA2004_stress_grid_S0021_daily.csv
HLA,HLA,Hailun,2004,Leave_One_experiments\wth_generated_qc\HLA\HLA2004.WTH,dry_year;water_stress_year;nitrogen_stress_year;irrigation_responsive_year,irrigation_responsive,HLA2004_stress_grid_S0021,pareto_balanced,2004-05-12,133,14,9,"{""sim_day"": 14.0, ""doy"": 133.0, ""topwt"": 0.0, ""grnwt"": 0.0, ""xlai"": 0.0, ""totir"": 0.0, ""tofer"": NaN, ""swfac"": 0.0, ""nstres"": 0.0}",0.0,0.0,0.0,0.0,0.0,0.0,,0.0,0.0,40.0,0.0,-15.725153350830077,0.2748466491699224,Leave_One_experiments/all_year_offline_schedule_search/daily_outputs/HLA/HLA_2004_HLA2004_stress_grid_S0021_daily.csv
HLA,HLA,Hailun,2004,Leave_One_experiments\wth_generated_qc\HLA\HLA2004.WTH,dry_year;water_stress_year;nitrogen_stress_year;irrigation_responsive_year,irrigation_responsive,HLA2004_stress_grid_S0021,pareto_balanced,2004-05-13,134,15,10,"{""sim_day"": 15.0, ""doy"": 134.0, ""topwt"": 0.0, ""grnwt"": 0.0, ""xlai"": 0.0, ""totir"": 0.0, ""tofer"": NaN, ""swfac"": 0.0, ""nstres"": 0.0}",0.0,0.0,0.0,0.0,0.0,0.0,,0.0,0.0,40.0,0.0,-15.725153350830077,0.2748466491699224,Leave_One_experiments/all_year_offline_schedule_search/daily_outputs/HLA/HLA_2004_HLA2004_stress_grid_S0021_daily.csv
HLA,HLA,Hailun,2004,Leave_One_experiments\wth_generated_qc\HLA\HLA2004.WTH,dry_year;water_stress_year;nitrogen_stress_year;irrigation_responsive_year,irrigation_responsive,HLA2004_stress_grid_S0021,pareto_balanced,2004-05-14,135,16,11,"{""sim_day"": 16.0, ""doy"": 135.0, ""topwt"": 0.0, ""grnwt"": 0.0, ""xlai"": 0.0, ""totir"": 0.0, ""tofer"": NaN, ""swfac"": 0.0, ""nstres"": 0.0}",0.0,0.0,0.0,0.0,0.0,0.0,,0.0,0.0,40.0,0.0,-15.725153350830077,0.2748466491699224,Leave_One_experiments/all_year_offline_schedule_search/daily_outputs/HLA/HLA_2004_HLA2004_stress_grid_S0021_daily.csv
HLA,HLA,Hailun,2004,Leave_One_experiments\wth_generated_qc\HLA\HLA2004.WTH,dry_year;water_stress_year;nitrogen_stress_year;irrigation_responsive_year,irrigation_responsive,HLA2004_stress_grid_S0021,pareto_balanced,2004-05-15,136,17,12,"{""sim_day"": 17.0, ""doy"": 136.0, ""topwt"": 0.0, ""grnwt"": 0.0, ""xlai"": 0.0, ""totir"": 0.0, ""tofer"": NaN, ""swfac"": 0.0, ""nstres"": 0.0}",0.0,0.0,0.0,0.0,0.0,0.0,,0.0,0.0,40.0,0.0,-15.725153350830077,0.2748466491699224,Leave_One_experiments/all_year_offline_schedule_search/daily_outputs/HLA/HLA_2004_HLA2004_stress_grid_S0021_daily.csv
HLA,HLA,Hailun,2004,Leave_One_experiments\wth_generated_qc\HLA\HLA2004.WTH,dry_year;water_stress_year;nitrogen_stress_year;irrigation_responsive_year,irrigation_responsive,HLA2004_stress_grid_S0021,pareto_balanced,2004-05-16,137,18,13,"{""sim_day"": 18.0, ""doy"": 137.0, ""topwt"": 0.0, ""grnwt"": 0.0, ""xlai"": 0.0, ""totir"": 0.0, ""tofer"": NaN, ""swfac"": 0.0, ""nstres"": 0.0}",0.0,0.0,0.0,0.0,0.0,0.0,,0.0,0.0,40.0,0.0,-15.725153350830077,0.2748466491699224,Leave_One_experiments/all_year_offline_schedule_search/daily_outputs/HLA/HLA_2004_HLA2004_stress_grid_S0021_daily.csv
HLA,HLA,Hailun,2004,Leave_One_experiments\wth_generated_qc\HLA\HLA2004.WTH,dry_year;water_stress_year;nitrogen_stress_year;irrigation_responsive_year,irrigation_responsive,HLA2004_stress_grid_S0021,pareto_balanced,2004-05-17,138,19,14,"{""sim_day"": 19.0, ""doy"": 138.0, ""topwt"": 20.0, ""grnwt"": 0.0, ""xlai"": 0.0011256238212808, ""totir"": 0.0, ""tofer"": NaN, ""swfac"": 0.0, ""nstres"": 0.0121910572052001}",0.0,0.0121910572052001,20.0,0.0,0.0011256238212808,0.0,,0.0,0.0,40.0,0.0,-15.725153350830077,0.2748466491699224,Leave_One_experiments/all_year_offline_schedule_search/daily_outputs/HLA/HLA_2004_HLA2004_stress_grid_S0021_daily.csv
HLA,HLA,Hailun,2004,Leave_One_experiments\wth_generated_qc\HLA\HLA2004.WTH,dry_year;water_stress_year;nitrogen_stress_year;irrigation_responsive_year,irrigation_responsive,HLA2004_stress_grid_S0021,pareto_balanced,2004-05-18,139,20,15,"{""sim_day"": 20.0, ""doy"": 139.0, ""topwt"": 20.0, ""grnwt"": 0.0, ""xlai"": 0.0017841568915173, ""totir"": 0.0, ""tofer"": NaN, ""swfac"": 0.0, ""nstres"": 0.0182431936264038}",0.0,0.0182431936264038,20.0,0.0,0.0017841568915173,0.0,,0.0,0.0,40.0,0.0,-15.725153350830077,0.2748466491699224,Leave_One_experiments/all_year_offline_schedule_search/daily_outputs/HLA/HLA_2004_HLA2004_stress_grid_S0021_daily.csv
HLA,HLA,Hailun,2004,Leave_One_experiments\wth_generated_qc\HLA\HLA2004.WTH,dry_year;water_stress_year;nitrogen_stress_year;irrigation_responsive_year,irrigation_responsive,HLA2004_stress_grid_S0021,pareto_balanced,2004-05-19,140,21,16,"{""sim_day"": 21.0, ""doy"": 140.0, ""topwt"": 20.0, ""grnwt"": 0.0, ""xlai"": 0.0021820468828082, ""totir"": 0.0, ""tofer"": NaN, ""swfac"": 0.0, ""nstres"": 0.0171883702278137}",0.0,0.0171883702278137,20.0,0.0,0.0021820468828082,0.0,,0.0,0.0,40.0,0.0,-15.725153350830077,0.2748466491699224,Leave_One_experiments/all_year_offline_schedule_search/daily_outputs/HLA/HLA_2004_HLA2004_stress_grid_S0021_daily.csv
HLA,HLA,Hailun,2004,Leave_One_experiments\wth_generated_qc\HLA\HLA2004.WTH,dry_year;water_stress_year;nitrogen_stress_year;irrigation_responsive_year,irrigation_responsive,HLA2004_stress_grid_S0021,pareto_balanced,2004-05-20,141,22,17,"{""sim_day"": 22.0, ""doy"": 141.0, ""topwt"": 20.0, ""grnwt"": 0.0, ""xlai"": 0.0029484604019671, ""totir"": 0.0, ""tofer"": NaN, ""swfac"": 0.0, ""nstres"": 0.0153080224990844}",0.0,0.0153080224990844,20.0,0.0,0.0029484604019671,0.0,,0.0,0.0,40.0,0.0,-15.725153350830077,0.2748466491699224,Leave_One_experiments/all_year_offline_schedule_search/daily_outputs/HLA/HLA_2004_HLA2004_stress_grid_S0021_daily.csv
HLA,HLA,Hailun,2004,Leave_One_experiments\wth_generated_qc\HLA\HLA2004.WTH,dry_year;water_stress_year;nitrogen_stress_year;irrigation_responsive_year,irrigation_responsive,HLA2004_stress_grid_S0021,pareto_balanced,2004-05-21,142,23,18,"{""sim_day"": 23.0, ""doy"": 142.0, ""topwt"": 20.0, ""grnwt"": 0.0, ""xlai"": 0.0038183513097465, ""totir"": 0.0, ""tofer"": NaN, ""swfac"": 0.0, ""nstres"": 0.0133021473884582}",0.0,0.0133021473884582,20.0,0.0,0.0038183513097465,0.0,,0.0,0.0,40.0,0.0,-15.725153350830077,0.2748466491699224,Leave_One_experiments/all_year_offline_schedule_search/daily_outputs/HLA/HLA_2004_HLA2004_stress_grid_S0021_daily.csv
HLA,HLA,Hailun,2004,Leave_One_experiments\wth_generated_qc\HLA\HLA2004.WTH,dry_year;water_stress_year;nitrogen_stress_year;irrigation_responsive_year,irrigation_responsive,HLA2004_stress_grid_S0021,pareto_balanced,2004-05-22,143,24,19,"{""sim_day"": 24.0, ""doy"": 143.0, ""topwt"": 20.0, ""grnwt"": 0.0, ""xlai"": 0.004832228180021, ""totir"": 0.0, ""tofer"": NaN, ""swfac"": 0.0, ""nstres"": 0.0111027956008911}",0.0,0.0111027956008911,20.0,0.0,0.004832228180021,0.0,,0.0,0.0,40.0,0.0,-15.725153350830077,0.2748466491699224,Leave_One_experiments/all_year_offline_schedule_search/daily_outputs/HLA/HLA_2004_HLA2004_stress_grid_S0021_daily.csv
HLA,HLA,Hailun,2004,Leave_One_experiments\wth_generated_qc\HLA\HLA2004.WTH,dry_year;water_stress_year;nitrogen_stress_year;irrigation_responsive_year,irrigation_responsive,HLA2004_stress_grid_S0021,pareto_balanced,2004-05-23,144,25,20,"{""sim_day"": 25.0, ""doy"": 144.0, ""topwt"": 20.0, ""grnwt"": 0.0, ""xlai"": 0.0070865247398614, ""totir"": 0.0, ""tofer"": NaN, ""swfac"": 0.0, ""nstres"": 0.0067660808563232}",0.0,0.0067660808563232,20.0,0.0,0.0070865247398614,0.0,,0.0,0.0,40.0,0.0,-15.725153350830077,0.2748466491699224,Leave_One_experiments/all_year_offline_schedule_search/daily_outputs/HLA/HLA_2004_HLA2004_stress_grid_S0021_daily.csv
HLA,HLA,Hailun,2004,Leave_One_experiments\wth_generated_qc\HLA\HLA2004.WTH,dry_year;water_stress_year;nitrogen_stress_year;irrigation_responsive_year,irrigation_responsive,HLA2004_stress_grid_S0021,pareto_balanced,2004-05-24,145,26,21,"{""sim_day"": 26.0, ""doy"": 145.0, ""topwt"": 20.0, ""grnwt"": 0.0, ""xlai"": 0.0094865327700972, ""totir"": 0.0, ""tofer"": NaN, ""swfac"": 0.0, ""nstres"": 0.0024895668029785}",0.0,0.0024895668029785,20.0,0.0,0.0094865327700972,0.0,,0.0,0.0,40.0,0.0,-15.725153350830077,0.2748466491699224,Leave_One_experiments/all_year_offline_schedule_search/daily_outputs/HLA/HLA_2004_HLA2004_stress_grid_S0021_daily.csv
HLA,HLA,Hailun,2004,Leave_One_experiments\wth_generated_qc\HLA\HLA2004.WTH,dry_year;water_stress_year;nitrogen_stress_year;irrigation_responsive_year,irrigation_responsive,HLA2004_stress_grid_S0021,pareto_balanced,2004-05-25,146,27,22,"{""sim_day"": 27.0, ""doy"": 146.0, ""topwt"": 20.0, ""grnwt"": 0.0, ""xlai"": 0.0111807081848382, ""totir"": 0.0, ""tofer"": NaN, ""swfac"": 0.0, ""nstres"": 0.0}",0.0,0.0,20.0,0.0,0.0111807081848382,0.0,,0.0,0.0,40.0,0.0,-15.725153350830077,0.2748466491699224,Leave_One_experiments/all_year_offline_schedule_search/daily_outputs/HLA/HLA_2004_HLA2004_stress_grid_S0021_daily.csv
HLA,HLA,Hailun,2004,Leave_One_experiments\wth_generated_qc\HLA\HLA2004.WTH,dry_year;water_stress_year;nitrogen_stress_year;irrigation_responsive_year,irrigation_responsive,HLA2004_stress_grid_S0021,pareto_balanced,2004-05-26,147,28,23,"{""sim_day"": 28.0, ""doy"": 147.0, ""topwt"": 20.0, ""grnwt"": 0.0, ""xlai"": 0.0143088921904563, ""totir"": 0.0, ""tofer"": NaN, ""swfac"": 0.0, ""nstres"": 0.0}",0.0,0.0,20.0,0.0,0.0143088921904563,0.0,,0.0,0.0,40.0,0.0,-15.725153350830077,0.2748466491699224,Leave_One_experiments/all_year_offline_schedule_search/daily_outputs/HLA/HLA_2004_HLA2004_stress_grid_S0021_daily.csv
HLA,HLA,Hailun,2004,Leave_One_experiments\wth_generated_qc\HLA\HLA2004.WTH,dry_year;water_stress_year;nitrogen_stress_year;irrigation_responsive_year,irrigation_responsive,HLA2004_stress_grid_S0021,pareto_balanced,2004-05-27,148,29,24,"{""sim_day"": 29.0, ""doy"": 148.0, ""topwt"": 20.0, ""grnwt"": 0.0, ""xlai"": 0.0239235088229179, ""totir"": 0.0, ""tofer"": NaN, ""swfac"": 0.0, ""nstres"": 0.0}",0.0,0.0,20.0,0.0,0.0239235088229179,0.0,,0.0,0.0,40.0,0.0,-15.725153350830077,0.2748466491699224,Leave_One_experiments/all_year_offline_schedule_search/daily_outputs/HLA/HLA_2004_HLA2004_stress_grid_S0021_daily.csv
HLA,HLA,Hailun,2004,Leave_One_experiments\wth_generated_qc\HLA\HLA2004.WTH,dry_year;water_stress_year;nitrogen_stress_year;irrigation_responsive_year,irrigation_responsive,HLA2004_stress_grid_S0021,pareto_balanced,2004-05-28,149,30,25,"{""sim_day"": 30.0, ""doy"": 149.0, ""topwt"": 20.0, ""grnwt"": 0.0, ""xlai"": 0.0297196581959724, ""totir"": 0.0, ""tofer"": NaN, ""swfac"": 0.0, ""nstres"": 0.0}",0.0,0.0,20.0,0.0,0.0297196581959724,0.0,,0.0,0.0,40.0,0.0,-15.725153350830077,0.2748466491699224,Leave_One_experiments/all_year_offline_schedule_search/daily_outputs/HLA/HLA_2004_HLA2004_stress_grid_S0021_daily.csv
HLA,HLA,Hailun,2004,Leave_One_experiments\wth_generated_qc\HLA\HLA2004.WTH,dry_year;water_stress_year;nitrogen_stress_year;irrigation_responsive_year,irrigation_responsive,HLA2004_stress_grid_S0021,pareto_balanced,2004-05-29,150,31,26,"{""sim_day"": 31.0, ""doy"": 150.0, ""topwt"": 21.226046085357662, ""grnwt"": 0.0, ""xlai"": 0.0376306772232055, ""totir"": 0.0, ""tofer"": NaN, ""swfac"": 0.0, ""nstres"": 0.0}",0.0,0.0,21.226046085357662,0.0,0.0376306772232055,0.0,,0.0,0.0,40.0,0.0,-15.725153350830077,0.2748466491699224,Leave_One_experiments/all_year_offline_schedule_search/daily_outputs/HLA/HLA_2004_HLA2004_stress_grid_S0021_daily.csv
HLA,HLA,Hailun,2004,Leave_One_experiments\wth_generated_qc\HLA\HLA2004.WTH,dry_year;water_stress_year;nitrogen_stress_year;irrigation_responsive_year,irrigation_responsive,HLA2004_stress_grid_S0021,pareto_balanced,2004-05-30,151,32,27,"{""sim_day"": 32.0, ""doy"": 151.0, ""topwt"": 23.618555068969727, ""grnwt"": 0.0, ""xlai"": 0.0438966229557991, ""totir"": 0.0, ""tofer"": NaN, ""swfac"": 0.0, ""nstres"": 0.0}",0.0,0.0,23.618555068969727,0.0,0.0438966229557991,0.0,,0.0,0.0,40.0,0.0,-15.725153350830077,0.2748466491699224,Leave_One_experiments/all_year_offline_schedule_search/daily_outputs/HLA/HLA_2004_HLA2004_stress_grid_S0021_daily.csv
HLA,HLA,Hailun,2004,Leave_One_experiments\wth_generated_qc\HLA\HLA2004.WTH,dry_year;water_stress_year;nitrogen_stress_year;irrigation_responsive_year,irrigation_responsive,HLA2004_stress_grid_S0021,pareto_balanced,2004-05-31,152,33,28,"{""sim_day"": 33.0, ""doy"": 152.0, ""topwt"": 28.74053716659546, ""grnwt"": 0.0, ""xlai"": 0.0566138662397861, ""totir"": 0.0, ""tofer"": NaN, ""swfac"": 0.0, ""nstres"": 0.0101054906845092}",0.0,0.0101054906845092,28.74053716659546,0.0,0.0566138662397861,0.0,,0.0,0.0,40.0,0.0,-15.725153350830077,0.2748466491699224,Leave_One_experiments/all_year_offline_schedule_search/daily_outputs/HLA/HLA_2004_HLA2004_stress_grid_S0021_daily.csv
HLA,HLA,Hailun,2004,Leave_One_experiments\wth_generated_qc\HLA\HLA2004.WTH,dry_year;water_stress_year;nitrogen_stress_year;irrigation_responsive_year,irrigation_responsive,HLA2004_stress_grid_S0021,pareto_balanced,2004-06-01,153,34,29,"{""sim_day"": 34.0, ""doy"": 153.0, ""topwt"": 36.38054132461548, ""grnwt"": 0.0, ""xlai"": 0.0740945935249328, ""totir"": 0.0, ""tofer"": NaN, ""swfac"": 0.0, ""nstres"": 0.0599469542503356}",0.0,0.0599469542503356,36.38054132461548,0.0,0.0740945935249328,0.0,,0.0,0.0,40.0,0.0,-15.725153350830077,0.2748466491699224,Leave_One_experiments/all_year_offline_schedule_search/daily_outputs/HLA/HLA_2004_HLA2004_stress_grid_S0021_daily.csv
HLA,HLA,Hailun,2004,Leave_One_experiments\wth_generated_qc\HLA\HLA2004.WTH,dry_year;water_stress_year;nitrogen_stress_year;irrigation_responsive_year,irrigation_responsive,HLA2004_stress_grid_S0021,pareto_balanced,2004-06-02,154,35,30,"{""sim_day"": 35.0, ""doy"": 154.0, ""topwt"": 46.16270542144776, ""grnwt"": 0.0, ""xlai"": 0.0940273627638816, ""totir"": 0.0, ""tofer"": NaN, ""swfac"": 0.0, ""nstres"": 0.1428697109222412}",0.0,0.1428697109222412,46.16270542144776,0.0,0.0940273627638816,0.0,,0.0,0.0,40.0,0.0,-15.725153350830077,0.2748466491699224,Leave_One_experiments/all_year_offline_schedule_search/daily_outputs/HLA/HLA_2004_HLA2004_stress_grid_S0021_daily.csv
HLA,HLA,Hailun,2004,Leave_One_experiments\wth_generated_qc\HLA\HLA2004.WTH,dry_year;water_stress_year;nitrogen_stress_year;irrigation_responsive_year,irrigation_responsive,HLA2004_stress_grid_S0021,pareto_balanced,2004-06-03,155,36,31,"{""sim_day"": 36.0, ""doy"": 155.0, ""topwt"": 54.67772960662842, ""grnwt"": 0.0, ""xlai"": 0.1087656617164611, ""totir"": 0.0, ""tofer"": NaN, ""swfac"": 0.0, ""nstres"": 0.2765883803367615}",0.0,0.2765883803367615,54.67772960662842,0.0,0.1087656617164611,0.0,,0.0,0.0,40.0,0.0,-15.725153350830077,0.2748466491699224,Leave_One_experiments/all_year_offline_schedule_search/daily_outputs/HLA/HLA_2004_HLA2004_stress_grid_S0021_daily.csv
HLA,HLA,Hailun,2004,Leave_One_experiments\wth_generated_qc\HLA\HLA2004.WTH,dry_year;water_stress_year;nitrogen_stress_year;irrigation_responsive_year,irrigation_responsive,HLA2004_stress_grid_S0021,pareto_balanced,2004-06-04,156,37,32,"{""sim_day"": 37.0, ""doy"": 156.0, ""topwt"": 63.288679122924805, ""grnwt"": 0.0, ""xlai"": 0.1215720698237419, ""totir"": 0.0, ""tofer"": NaN, ""swfac"": 0.0, ""nstres"": 0.4764409065246582}",0.0,0.4764409065246582,63.288679122924805,0.0,0.1215720698237419,0.0,,0.0,0.0,40.0,0.0,-15.725153350830077,0.2748466491699224,Leave_One_experiments/all_year_offline_schedule_search/daily_outputs/HLA/HLA_2004_HLA2004_stress_grid_S0021_daily.csv
HLA,HLA,Hailun,2004,Leave_One_experiments\wth_generated_qc\HLA\HLA2004.WTH,dry_year;water_stress_year;nitrogen_stress_year;irrigation_responsive_year,irrigation_responsive,HLA2004_stress_grid_S0021,pareto_balanced,2004-06-05,157,38,33,"{""sim_day"": 38.0, ""doy"": 157.0, ""topwt"": 72.2815752029419, ""grnwt"": 0.0, ""xlai"": 0.133419319987297, ""totir"": 0.0, ""tofer"": NaN, ""swfac"": 0.0, ""nstres"": 0.5916352570056915}",0.0,0.5916352570056915,72.2815752029419,0.0,0.133419319987297,0.0,,0.0,0.0,40.0,0.0,-15.725153350830077,0.2748466491699224,Leave_One_experiments/all_year_offline_schedule_search/daily_outputs/HLA/HLA_2004_HLA2004_stress_grid_S0021_daily.csv
HLA,HLA,Hailun,2004,Leave_One_experiments\wth_generated_qc\HLA\HLA2004.WTH,dry_year;water_stress_year;nitrogen_stress_year;irrigation_responsive_year,irrigation_responsive,HLA2004_stress_grid_S0021,pareto_balanced,2004-06-06,158,39,34,"{""sim_day"": 39.0, ""doy"": 158.0, ""topwt"": 78.63511085510254, ""grnwt"": 0.0, ""xlai"": 0.1390090882778167, ""totir"": 0.0, ""tofer"": NaN, ""swfac"": 0.0, ""nstres"": 0.6779248714447021}",0.0,0.6779248714447021,78.63511085510254,0.0,0.1390090882778167,0.0,,0.0,0.0,40.0,0.0,-15.725153350830077,0.2748466491699224,Leave_One_experiments/all_year_offline_schedule_search/daily_outputs/HLA/HLA_2004_HLA2004_stress_grid_S0021_daily.csv
HLA,HLA,Hailun,2004,Leave_One_experiments\wth_generated_qc\HLA\HLA2004.WTH,dry_year;water_stress_year;nitrogen_stress_year;irrigation_responsive_year,irrigation_responsive,HLA2004_stress_grid_S0021,pareto_balanced,2004-06-07,159,40,35,"{""sim_day"": 40.0, ""doy"": 159.0, ""topwt"": 91.86649322509766, ""grnwt"": 0.0, ""xlai"": 0.1558026224374771, ""totir"": 0.0, ""tofer"": NaN, ""swfac"": 0.0, ""nstres"": 0.7405824959278107}",0.0,0.7405824959278107,91.86649322509766,0.0,0.1558026224374771,0.0,,0.0,0.0,40.0,0.0,-15.725153350830077,0.2748466491699224,Leave_One_experiments/all_year_offline_schedule_search/daily_outputs/HLA/HLA_2004_HLA2004_stress_grid_S0021_daily.csv
HLA,HLA,Hailun,2004,Leave_One_experiments\wth_generated_qc\HLA\HLA2004.WTH,dry_year;water_stress_year;nitrogen_stress_year;irrigation_responsive_year,irrigation_responsive,HLA2004_stress_grid_S0021,pareto_balanced,2004-06-08,160,41,36,"{""sim_day"": 41.0, ""doy"": 160.0, ""topwt"": 105.6831169128418, ""grnwt"": 0.0, ""xlai"": 0.1717908829450607, ""totir"": 0.0, ""tofer"": NaN, ""swfac"": 0.0, ""nstres"": 0.7738510370254517}",0.0,0.7738510370254517,105.6831169128418,0.0,0.1717908829450607,0.0,,0.0,0.0,40.0,0.0,-15.725153350830077,0.2748466491699224,Leave_One_experiments/all_year_offline_schedule_search/daily_outputs/HLA/HLA_2004_HLA2004_stress_grid_S0021_daily.csv
HLA,HLA,Hailun,2004,Leave_One_experiments\wth_generated_qc\HLA\HLA2004.WTH,dry_year;water_stress_year;nitrogen_stress_year;irrigation_responsive_year,irrigation_responsive,HLA2004_stress_grid_S0021,pareto_balanced,2004-06-09,161,42,37,"{""sim_day"": 42.0, ""doy"": 161.0, ""topwt"": 111.44689559936523, ""grnwt"": 0.0, ""xlai"": 0.1873065680265426, ""totir"": 0.0, ""tofer"": NaN, ""swfac"": 0.0, ""nstres"": 0.798799991607666}",0.0,0.798799991607666,111.44689559936523,0.0,0.1873065680265426,0.0,,0.0,0.0,40.0,0.0,-15.725153350830077,0.2748466491699224,Leave_One_experiments/all_year_offline_schedule_search/daily_outputs/HLA/HLA_2004_HLA2004_stress_grid_S0021_daily.csv
HLA,HLA,Hailun,2004,Leave_One_experiments\wth_generated_qc\HLA\HLA2004.WTH,dry_year;water_stress_year;nitrogen_stress_year;irrigation_responsive_year,irrigation_responsive,HLA2004_stress_grid_S0021,pareto_balanced,2004-06-10,162,43,38,"{""sim_day"": 43.0, ""doy"": 162.0, ""topwt"": 111.41679763793944, ""grnwt"": 0.0, ""xlai"": 0.1779864430427551, ""totir"": 0.0, ""tofer"": NaN, ""swfac"": 0.0, ""nstres"": 0.798799991607666}",0.0,0.798799991607666,111.41679763793944,0.0,0.1779864430427551,0.0,,0.0,0.0,40.0,0.0,-15.725153350830077,0.2748466491699224,Leave_One_experiments/all_year_offline_schedule_search/daily_outputs/HLA/HLA_2004_HLA2004_stress_grid_S0021_daily.csv
HLA,HLA,Hailun,2004,Leave_One_experiments\wth_generated_qc\HLA\HLA2004.WTH,dry_year;water_stress_year;nitrogen_stress_year;irrigation_responsive_year,irrigation_responsive,HLA2004_stress_grid_S0021,pareto_balanced,2004-06-11,163,44,39,"{""sim_day"": 44.0, ""doy"": 163.0, ""topwt"": 111.38731002807616, ""grnwt"": 0.0, ""xlai"": 0.1691361665725708, ""totir"": 0.0, ""tofer"": NaN, ""swfac"": 0.0, ""nstres"": 0.798799991607666}",0.0,0.798799991607666,111.38731002807616,0.0,0.1691361665725708,0.0,,0.0,0.0,40.0,0.0,-15.725153350830077,0.2748466491699224,Leave_One_experiments/all_year_offline_schedule_search/daily_outputs/HLA/HLA_2004_HLA2004_stress_grid_S0021_daily.csv
HLA,HLA,Hailun,2004,Leave_One_experiments\wth_generated_qc\HLA\HLA2004.WTH,dry_year;water_stress_year;nitrogen_stress_year;irrigation_responsive_year,irrigation_responsive,HLA2004_stress_grid_S0021,pareto_balanced,2004-06-12,164,45,40,"{""sim_day"": 45.0, ""doy"": 164.0, ""topwt"": 111.35153770446776, ""grnwt"": 0.0, ""xlai"": 0.1607462167739868, ""totir"": 0.0, ""tofer"": NaN, ""swfac"": 0.0, ""nstres"": 0.798799991607666}",0.0,0.798799991607666,111.35153770446776,0.0,0.1607462167739868,0.0,,0.0,0.0,40.0,0.0,-15.725153350830077,0.2748466491699224,Leave_One_experiments/all_year_offline_schedule_search/daily_outputs/HLA/HLA_2004_HLA2004_stress_grid_S0021_daily.csv
HLA,HLA,Hailun,2004,Leave_One_experiments\wth_generated_qc\HLA\HLA2004.WTH,dry_year;water_stress_year;nitrogen_stress_year;irrigation_responsive_year,irrigation_responsive,HLA2004_stress_grid_S0021,pareto_balanced,2004-06-13,165,46,41,"{""sim_day"": 46.0, ""doy"": 165.0, ""topwt"": 111.32321357727052, ""grnwt"": 0.0, ""xlai"": 0.152771309018135, ""totir"": 0.0, ""tofer"": NaN, ""swfac"": 0.0, ""nstres"": 0.798799991607666}",0.0,0.798799991607666,111.32321357727052,0.0,0.152771309018135,0.0,,0.0,0.0,40.0,0.0,-15.725153350830077,0.2748466491699224,Leave_One_experiments/all_year_offline_schedule_search/daily_outputs/HLA/HLA_2004_HLA2004_stress_grid_S0021_daily.csv
HLA,HLA,Hailun,2004,Leave_One_experiments\wth_generated_qc\HLA\HLA2004.WTH,dry_year;water_stress_year;nitrogen_stress_year;irrigation_responsive_year,irrigation_responsive,HLA2004_stress_grid_S0021,pareto_balanced,2004-06-14,166,47,42,"{""sim_day"": 47.0, ""doy"": 166.0, ""topwt"": 111.2950325012207, ""grnwt"": 0.0, ""xlai"": 0.1452056616544723, ""totir"": 0.0, ""tofer"": NaN, ""swfac"": 0.0, ""nstres"": 0.798799991607666}",0.0,0.798799991607666,111.2950325012207,0.0,0.1452056616544723,0.0,,0.0,0.0,40.0,0.0,-15.725153350830077,0.2748466491699224,Leave_One_experiments/all_year_offline_schedule_search/daily_outputs/HLA/HLA_2004_HLA2004_stress_grid_S0021_daily.csv
HLA,HLA,Hailun,2004,Leave_One_experiments\wth_generated_qc\HLA\HLA2004.WTH,dry_year;water_stress_year;nitrogen_stress_year;irrigation_responsive_year,irrigation_responsive,HLA2004_stress_grid_S0021,pareto_balanced,2004-06-15,167,48,43,"{""sim_day"": 48.0, ""doy"": 167.0, ""topwt"": 111.2641429901123, ""grnwt"": 0.0, ""xlai"": 0.1380452811717987, ""totir"": 0.0, ""tofer"": NaN, ""swfac"": 0.0, ""nstres"": 0.798799991607666}",0.0,0.798799991607666,111.2641429901123,0.0,0.1380452811717987,0.0,,0.0,0.0,40.0,0.0,-15.725153350830077,0.2748466491699224,Leave_One_experiments/all_year_offline_schedule_search/daily_outputs/HLA/HLA_2004_HLA2004_stress_grid_S0021_daily.csv
HLA,HLA,Hailun,2004,Leave_One_experiments\wth_generated_qc\HLA\HLA2004.WTH,dry_year;water_stress_year;nitrogen_stress_year;irrigation_responsive_year,irrigation_responsive,HLA2004_stress_grid_S0021,pareto_balanced,2004-06-16,168,49,44,"{""sim_day"": 49.0, ""doy"": 168.0, ""topwt"": 111.2435245513916, ""grnwt"": 0.0, ""xlai"": 0.1312270760536193, ""totir"": 0.0, ""tofer"": NaN, ""swfac"": 0.0, ""nstres"": 0.798799991607666}",0.0,0.798799991607666,111.2435245513916,0.0,0.1312270760536193,0.0,,0.0,0.0,40.0,0.0,-15.725153350830077,0.2748466491699224,Leave_One_experiments/all_year_offline_schedule_search/daily_outputs/HLA/HLA_2004_HLA2004_stress_grid_S0021_daily.csv
HLA,HLA,Hailun,2004,Leave_One_experiments\wth_generated_qc\HLA\HLA2004.WTH,dry_year;water_stress_year;nitrogen_stress_year;irrigation_responsive_year,irrigation_responsive,HLA2004_stress_grid_S0021,pareto_balanced,2004-06-17,169,50,45,"{""sim_day"": 50.0, ""doy"": 169.0, ""topwt"": 111.23916625976562, ""grnwt"": 0.0, ""xlai"": 0.1224058791995048, ""totir"": 0.0, ""tofer"": NaN, ""swfac"": 0.0, ""nstres"": 0.798799991607666}",0.0,0.798799991607666,111.23916625976562,0.0,0.1224058791995048,0.0,,0.0,0.0,40.0,0.0,-15.725153350830077,0.2748466491699224,Leave_One_experiments/all_year_offline_schedule_search/daily_outputs/HLA/HLA_2004_HLA2004_stress_grid_S0021_daily.csv
HLA,HLA,Hailun,2004,Leave_One_experiments\wth_generated_qc\HLA\HLA2004.WTH,dry_year;water_stress_year;nitrogen_stress_year;irrigation_responsive_year,irrigation_responsive,HLA2004_stress_grid_S0021,pareto_balanced,2004-06-18,170,51,46,"{""sim_day"": 51.0, ""doy"": 170.0, ""topwt"": 111.24005317687988, ""grnwt"": 0.0, ""xlai"": 0.116292767226696, ""totir"": 0.0, ""tofer"": NaN, ""swfac"": 0.0, ""nstres"": 0.798799991607666}",0.0,0.798799991607666,111.24005317687988,0.0,0.116292767226696,0.0,,0.0,0.0,40.0,0.0,-15.725153350830077,0.2748466491699224,Leave_One_experiments/all_year_offline_schedule_search/daily_outputs/HLA/HLA_2004_HLA2004_stress_grid_S0021_daily.csv
HLA,HLA,Hailun,2004,Leave_One_experiments\wth_generated_qc\HLA\HLA2004.WTH,dry_year;water_stress_year;nitrogen_stress_year;irrigation_responsive_year,irrigation_responsive,HLA2004_stress_grid_S0021,pareto_balanced,2004-06-19,171,52,47,"{""sim_day"": 52.0, ""doy"": 171.0, ""topwt"": 111.2452507019043, ""grnwt"": 0.0, ""xlai"": 0.1104918047785759, ""totir"": 0.0, ""tofer"": NaN, ""swfac"": 0.0, ""nstres"": 0.798799991607666}",0.0,0.798799991607666,111.2452507019043,0.0,0.1104918047785759,0.0,,0.0,0.0,40.0,0.0,-15.725153350830077,0.2748466491699224,Leave_One_experiments/all_year_offline_schedule_search/daily_outputs/HLA/HLA_2004_HLA2004_stress_grid_S0021_daily.csv
HLA,HLA,Hailun,2004,Leave_One_experiments\wth_generated_qc\HLA\HLA2004.WTH,dry_year;water_stress_year;nitrogen_stress_year;irrigation_responsive_year,irrigation_responsive,HLA2004_stress_grid_S0021,pareto_balanced,2004-06-20,172,53,48,"{""sim_day"": 53.0, ""doy"": 172.0, ""topwt"": 111.2729835510254, ""grnwt"": 0.0, ""xlai"": 0.1050177067518234, ""totir"": 0.0, ""tofer"": NaN, ""swfac"": 0.0, ""nstres"": 0.798799991607666}",0.0,0.798799991607666,111.2729835510254,0.0,0.1050177067518234,0.0,,0.0,0.0,40.0,0.0,-15.725153350830077,0.2748466491699224,Leave_One_experiments/all_year_offline_schedule_search/daily_outputs/HLA/HLA_2004_HLA2004_stress_grid_S0021_daily.csv
HLA,HLA,Hailun,2004,Leave_One_experiments\wth_generated_qc\HLA\HLA2004.WTH,dry_year;water_stress_year;nitrogen_stress_year;irrigation_responsive_year,irrigation_responsive,HLA2004_stress_grid_S0021,pareto_balanced,2004-06-21,173,54,49,"{""sim_day"": 54.0, ""doy"": 173.0, ""topwt"": 111.63264274597168, ""grnwt"": 0.0, ""xlai"": 0.1003975048661232, ""totir"": 0.0, ""tofer"": NaN, ""swfac"": 0.0, ""nstres"": 0.7923420369625092}",0.0,0.7923420369625092,111.63264274597168,0.0,0.1003975048661232,0.0,,0.0,0.0,40.0,0.0,-15.725153350830077,0.2748466491699224,Leave_One_experiments/all_year_offline_schedule_search/daily_outputs/HLA/HLA_2004_HLA2004_stress_grid_S0021_daily.csv
HLA,HLA,Hailun,2004,Leave_One_experiments\wth_generated_qc\HLA\HLA2004.WTH,dry_year;water_stress_year;nitrogen_stress_year;irrigation_responsive_year,irrigation_responsive,HLA2004_stress_grid_S0021,pareto_balanced,2004-06-22,174,55,50,"{""sim_day"": 55.0, ""doy"": 174.0, ""topwt"": 112.88238525390624, ""grnwt"": 0.0, ""xlai"": 0.0975079461932182, ""totir"": 0.0, ""tofer"": NaN, ""swfac"": 0.0, ""nstres"": 0.7761052250862122}",0.0,0.7761052250862122,112.88238525390624,0.0,0.0975079461932182,0.0,,0.0,0.0,40.0,0.0,-15.725153350830077,0.2748466491699224,Leave_One_experiments/all_year_offline_schedule_search/daily_outputs/HLA/HLA_2004_HLA2004_stress_grid_S0021_daily.csv
HLA,HLA,Hailun,2004,Leave_One_experiments\wth_generated_qc\HLA\HLA2004.WTH,dry_year;water_stress_year;nitrogen_stress_year;irrigation_responsive_year,irrigation_responsive,HLA2004_stress_grid_S0021,pareto_balanced,2004-06-23,175,56,51,"{""sim_day"": 56.0, ""doy"": 175.0, ""topwt"": 115.30922889709473, ""grnwt"": 0.0, ""xlai"": 0.0966091305017471, ""totir"": 0.0, ""tofer"": NaN, ""swfac"": 0.0, ""nstres"": 0.7598386704921722}",0.0,0.7598386704921722,115.30922889709473,0.0,0.0966091305017471,0.0,,0.0,0.0,40.0,0.0,-15.725153350830077,0.2748466491699224,Leave_One_experiments/all_year_offline_schedule_search/daily_outputs/HLA/HLA_2004_HLA2004_stress_grid_S0021_daily.csv
HLA,HLA,Hailun,2004,Leave_One_experiments\wth_generated_qc\HLA\HLA2004.WTH,dry_year;water_stress_year;nitrogen_stress_year;irrigation_responsive_year,irrigation_responsive,HLA2004_stress_grid_S0021,pareto_balanced,2004-06-24,176,57,52,"{""sim_day"": 57.0, ""doy"": 176.0, ""topwt"": 118.86417388916016, ""grnwt"": 0.0, ""xlai"": 0.0973776951432228, ""totir"": 0.0, ""tofer"": NaN, ""swfac"": 0.0, ""nstres"": 0.7430344521999359}",0.0,0.7430344521999359,118.86417388916016,0.0,0.0973776951432228,0.0,,0.0,0.0,40.0,0.0,-15.725153350830077,0.2748466491699224,Leave_One_experiments/all_year_offline_schedule_search/daily_outputs/HLA/HLA_2004_HLA2004_stress_grid_S0021_daily.csv
HLA,HLA,Hailun,2004,Leave_One_experiments\wth_generated_qc\HLA\HLA2004.WTH,dry_year;water_stress_year;nitrogen_stress_year;irrigation_responsive_year,irrigation_responsive,HLA2004_stress_grid_S0021,pareto_balanced,2004-06-25,177,58,53,"{""sim_day"": 58.0, ""doy"": 177.0, ""topwt"": 123.66451263427734, ""grnwt"": 0.0, ""xlai"": 0.0997217893600463, ""totir"": 0.0, ""tofer"": NaN, ""swfac"": 0.0, ""nstres"": 0.7287200391292572}",0.0,0.7287200391292572,123.66451263427734,0.0,0.0997217893600463,0.0,,0.0,0.0,40.0,0.0,-15.725153350830077,0.2748466491699224,Leave_One_experiments/all_year_offline_schedule_search/daily_outputs/HLA/HLA_2004_HLA2004_stress_grid_S0021_daily.csv
HLA,HLA,Hailun,2004,Leave_One_experiments\wth_generated_qc\HLA\HLA2004.WTH,dry_year;water_stress_year;nitrogen_stress_year;irrigation_responsive_year,irrigation_responsive,HLA2004_stress_grid_S0021,pareto_balanced,2004-06-26,178,59,54,"{""sim_day"": 59.0, ""doy"": 178.0, ""topwt"": 130.01643180847168, ""grnwt"": 0.0, ""xlai"": 0.103747583925724, ""totir"": 0.0, ""tofer"": NaN, ""swfac"": 0.0, ""nstres"": 0.7177932858467102}",0.0,0.7177932858467102,130.01643180847168,0.0,0.103747583925724,0.0,,0.0,0.0,40.0,0.0,-15.725153350830077,0.2748466491699224,Leave_One_experiments/all_year_offline_schedule_search/daily_outputs/HLA/HLA_2004_HLA2004_stress_grid_S0021_daily.csv
HLA,HLA,Hailun,2004,Leave_One_experiments\wth_generated_qc\HLA\HLA2004.WTH,dry_year;water_stress_year;nitrogen_stress_year;irrigation_responsive_year,irrigation_responsive,HLA2004_stress_grid_S0021,pareto_balanced,2004-06-27,179,60,55,"{""sim_day"": 60.0, ""doy"": 179.0, ""topwt"": 135.7093334197998, ""grnwt"": 0.0, ""xlai"": 0.1063330769538879, ""totir"": 0.0, ""tofer"": NaN, ""swfac"": 0.0, ""nstres"": 0.7129378318786621}",0.0,0.7129378318786621,135.7093334197998,0.0,0.1063330769538879,0.0,,0.0,0.0,40.0,0.0,-15.725153350830077,0.2748466491699224,Leave_One_experiments/all_year_offline_schedule_search/daily_outputs/HLA/HLA_2004_HLA2004_stress_grid_S0021_daily.csv
HLA,HLA,Hailun,2004,Leave_One_experiments\wth_generated_qc\HLA\HLA2004.WTH,dry_year;water_stress_year;nitrogen_stress_year;irrigation_responsive_year,irrigation_responsive,HLA2004_stress_grid_S0021,pareto_balanced,2004-06-28,180,61,56,"{""sim_day"": 61.0, ""doy"": 180.0, ""topwt"": 139.90785598754883, ""grnwt"": 0.0, ""xlai"": 0.1066554561257362, ""totir"": 0.0, ""tofer"": NaN, ""swfac"": 0.0, ""nstres"": 0.7127956748008728}",0.0,0.7127956748008728,139.90785598754883,0.0,0.1066554561257362,0.0,,0.0,0.0,40.0,0.0,-15.725153350830077,0.2748466491699224,Leave_One_experiments/all_year_offline_schedule_search/daily_outputs/HLA/HLA_2004_HLA2004_stress_grid_S0021_daily.csv
HLA,HLA,Hailun,2004,Leave_One_experiments\wth_generated_qc\HLA\HLA2004.WTH,dry_year;water_stress_year;nitrogen_stress_year;irrigation_responsive_year,irrigation_responsive,HLA2004_stress_grid_S0021,pareto_balanced,2004-06-29,181,62,57,"{""sim_day"": 62.0, ""doy"": 181.0, ""topwt"": 145.04271507263184, ""grnwt"": 0.0, ""xlai"": 0.1078922599554061, ""totir"": 0.0, ""tofer"": NaN, ""swfac"": 0.0, ""nstres"": 0.7099354267120361}",0.0,0.7099354267120361,145.04271507263184,0.0,0.1078922599554061,0.0,,0.0,0.0,40.0,0.0,-15.725153350830077,0.2748466491699224,Leave_One_experiments/all_year_offline_schedule_search/daily_outputs/HLA/HLA_2004_HLA2004_stress_grid_S0021_daily.csv
HLA,HLA,Hailun,2004,Leave_One_experiments\wth_generated_qc\HLA\HLA2004.WTH,dry_year;water_stress_year;nitrogen_stress_year;irrigation_responsive_year,irrigation_responsive,HLA2004_stress_grid_S0021,pareto_balanced,2004-06-30,182,63,58,"{""sim_day"": 63.0, ""doy"": 182.0, ""topwt"": 149.10320281982422, ""grnwt"": 0.0, ""xlai"": 0.1076200380921363, ""totir"": 0.0, ""tofer"": NaN, ""swfac"": 0.0, ""nstres"": 0.7020329236984253}",0.0,0.7020329236984253,149.10320281982422,0.0,0.1076200380921363,0.0,,0.0,0.0,40.0,0.0,-15.725153350830077,0.2748466491699224,Leave_One_experiments/all_year_offline_schedule_search/daily_outputs/HLA/HLA_2004_HLA2004_stress_grid_S0021_daily.csv
HLA,HLA,Hailun,2004,Leave_One_experiments\wth_generated_qc\HLA\HLA2004.WTH,dry_year;water_stress_year;nitrogen_stress_year;irrigation_responsive_year,irrigation_responsive,HLA2004_stress_grid_S0021,pareto_balanced,2004-07-01,183,64,59,"{""sim_day"": 64.0, ""doy"": 183.0, ""topwt"": 151.19067192077637, ""grnwt"": 0.0, ""xlai"": 0.1050169542431831, ""totir"": 0.0, ""tofer"": NaN, ""swfac"": 0.0, ""nstres"": 0.6987515389919281}",0.0,0.6987515389919281,151.19067192077637,0.0,0.1050169542431831,0.0,,0.0,0.0,40.0,0.0,-15.725153350830077,0.2748466491699224,Leave_One_experiments/all_year_offline_schedule_search/daily_outputs/HLA/HLA_2004_HLA2004_stress_grid_S0021_daily.csv
HLA,HLA,Hailun,2004,Leave_One_experiments\wth_generated_qc\HLA\HLA2004.WTH,dry_year;water_stress_year;nitrogen_stress_year;irrigation_responsive_year,irrigation_responsive,HLA2004_stress_grid_S0021,pareto_balanced,2004-07-02,184,65,60,"{""sim_day"": 65.0, ""doy"": 184.0, ""topwt"": 155.70476531982422, ""grnwt"": 0.0, ""xlai"": 0.1051072999835014, ""totir"": 0.0, ""tofer"": NaN, ""swfac"": 0.0, ""nstres"": 0.6920713186264038}",0.0,0.6920713186264038,155.70476531982422,0.0,0.1051072999835014,0.0,,0.0,0.0,40.0,0.0,-15.725153350830077,0.2748466491699224,Leave_One_experiments/all_year_offline_schedule_search/daily_outputs/HLA/HLA_2004_HLA2004_stress_grid_S0021_daily.csv
HLA,HLA,Hailun,2004,Leave_One_experiments\wth_generated_qc\HLA\HLA2004.WTH,dry_year;water_stress_year;nitrogen_stress_year;irrigation_responsive_year,irrigation_responsive,HLA2004_stress_grid_S0021,pareto_balanced,2004-07-03,185,66,61,"{""sim_day"": 66.0, ""doy"": 185.0, ""topwt"": 163.9111328125, ""grnwt"": 0.0, ""xlai"": 0.1088719964027404, ""totir"": 0.0, ""tofer"": NaN, ""swfac"": 0.0, ""nstres"": 0.6785804033279419}",0.0,0.6785804033279419,163.9111328125,0.0,0.1088719964027404,0.0,,0.0,0.0,40.0,0.0,-15.725153350830077,0.2748466491699224,Leave_One_experiments/all_year_offline_schedule_search/daily_outputs/HLA/HLA_2004_HLA2004_stress_grid_S0021_daily.csv
HLA,HLA,Hailun,2004,Leave_One_experiments\wth_generated_qc\HLA\HLA2004.WTH,dry_year;water_stress_year;nitrogen_stress_year;irrigation_responsive_year,irrigation_responsive,HLA2004_stress_grid_S0021,pareto_balanced,2004-07-04,186,67,62,"{""sim_day"": 67.0, ""doy"": 186.0, ""topwt"": 166.38431549072266, ""grnwt"": 0.0, ""xlai"": 0.1064307317137718, ""totir"": 0.0, ""tofer"": NaN, ""swfac"": 0.0, ""nstres"": 0.6739835143089294}",0.0,0.6739835143089294,166.38431549072266,0.0,0.1064307317137718,0.0,,0.0,0.0,40.0,0.0,-15.725153350830077,0.2748466491699224,Leave_One_experiments/all_year_offline_schedule_search/daily_outputs/HLA/HLA_2004_HLA2004_stress_grid_S0021_daily.csv
HLA,HLA,Hailun,2004,Leave_One_experiments\wth_generated_qc\HLA\HLA2004.WTH,dry_year;water_stress_year;nitrogen_stress_year;irrigation_responsive_year,irrigation_responsive,HLA2004_stress_grid_S0021,pareto_balanced,2004-07-05,187,68,63,"{""sim_day"": 68.0, ""doy"": 187.0, ""topwt"": 171.24618530273438, ""grnwt"": 0.0, ""xlai"": 0.1062735691666603, ""totir"": 0.0, ""tofer"": NaN, ""swfac"": 0.0, ""nstres"": 0.6815893352031708}",0.0,0.6815893352031708,171.24618530273438,0.0,0.1062735691666603,0.0,,0.0,0.0,40.0,0.0,-15.725153350830077,0.2748466491699224,Leave_One_experiments/all_year_offline_schedule_search/daily_outputs/HLA/HLA_2004_HLA2004_stress_grid_S0021_daily.csv
HLA,HLA,Hailun,2004,Leave_One_experiments\wth_generated_qc\HLA\HLA2004.WTH,dry_year;water_stress_year;nitrogen_stress_year;irrigation_responsive_year,irrigation_responsive,HLA2004_stress_grid_S0021,pareto_balanced,2004-07-06,188,69,64,"{""sim_day"": 69.0, ""doy"": 188.0, ""topwt"": 176.67469024658203, ""grnwt"": 0.0, ""xlai"": 0.1065041199326515, ""totir"": 0.0, ""tofer"": NaN, ""swfac"": 0.0, ""nstres"": 0.6712131202220917}",0.0,0.6712131202220917,176.67469024658203,0.0,0.1065041199326515,0.0,,0.0,0.0,40.0,0.0,-15.725153350830077,0.2748466491699224,Leave_One_experiments/all_year_offline_schedule_search/daily_outputs/HLA/HLA_2004_HLA2004_stress_grid_S0021_daily.csv
HLA,HLA,Hailun,2004,Leave_One_experiments\wth_generated_qc\HLA\HLA2004.WTH,dry_year;water_stress_year;nitrogen_stress_year;irrigation_responsive_year,irrigation_responsive,HLA2004_stress_grid_S0021,pareto_balanced,2004-07-07,189,70,65,"{""sim_day"": 70.0, ""doy"": 189.0, ""topwt"": 182.64583587646484, ""grnwt"": 0.0, ""xlai"": 0.1069977283477783, ""totir"": 0.0, ""tofer"": NaN, ""swfac"": 0.0, ""nstres"": 0.6673177480697632}",0.0,0.6673177480697632,182.64583587646484,0.0,0.1069977283477783,0.0,,0.0,0.0,40.0,0.0,-15.725153350830077,0.2748466491699224,Leave_One_experiments/all_year_offline_schedule_search/daily_outputs/HLA/HLA_2004_HLA2004_stress_grid_S0021_daily.csv
HLA,HLA,Hailun,2004,Leave_One_experiments\wth_generated_qc\HLA\HLA2004.WTH,dry_year;water_stress_year;nitrogen_stress_year;irrigation_responsive_year,irrigation_responsive,HLA2004_stress_grid_S0021,pareto_balanced,2004-07-08,190,71,66,"{""sim_day"": 71.0, ""doy"": 190.0, ""topwt"": 189.6697235107422, ""grnwt"": 0.0, ""xlai"": 0.1081086546182632, ""totir"": 0.0, ""tofer"": NaN, ""swfac"": 0.0, ""nstres"": 0.6631004810333252}",0.0,0.6631004810333252,189.6697235107422,0.0,0.1081086546182632,0.0,,0.0,0.0,40.0,0.0,-15.725153350830077,0.2748466491699224,Leave_One_experiments/all_year_offline_schedule_search/daily_outputs/HLA/HLA_2004_HLA2004_stress_grid_S0021_daily.csv
HLA,HLA,Hailun,2004,Leave_One_experiments\wth_generated_qc\HLA\HLA2004.WTH,dry_year;water_stress_year;nitrogen_stress_year;irrigation_responsive_year,irrigation_responsive,HLA2004_stress_grid_S0021,pareto_balanced,2004-07-09,191,72,67,"{""sim_day"": 72.0, ""doy"": 191.0, ""topwt"": 198.40337753295896, ""grnwt"": 0.0, ""xlai"": 0.1102402582764625, ""totir"": 0.0, ""tofer"": NaN, ""swfac"": 0.0, ""nstres"": 0.6590326726436615}",0.0,0.6590326726436615,198.40337753295896,0.0,0.1102402582764625,0.0,,0.0,0.0,40.0,0.0,-15.725153350830077,0.2748466491699224,Leave_One_experiments/all_year_offline_schedule_search/daily_outputs/HLA/HLA_2004_HLA2004_stress_grid_S0021_daily.csv
HLA,HLA,Hailun,2004,Leave_One_experiments\wth_generated_qc\HLA\HLA2004.WTH,dry_year;water_stress_year;nitrogen_stress_year;irrigation_responsive_year,irrigation_responsive,HLA2004_stress_grid_S0021,pareto_balanced,2004-07-10,192,73,68,"{""sim_day"": 73.0, ""doy"": 192.0, ""topwt"": 211.4628219604492, ""grnwt"": 0.0, ""xlai"": 0.1151888146996498, ""totir"": 0.0, ""tofer"": NaN, ""swfac"": 0.0, ""nstres"": 0.6576257646083832}",0.0,0.6576257646083832,211.4628219604492,0.0,0.1151888146996498,0.0,,0.0,0.0,40.0,0.0,-15.725153350830077,0.2748466491699224,Leave_One_experiments/all_year_offline_schedule_search/daily_outputs/HLA/HLA_2004_HLA2004_stress_grid_S0021_daily.csv
HLA,HLA,Hailun,2004,Leave_One_experiments\wth_generated_qc\HLA\HLA2004.WTH,dry_year;water_stress_year;nitrogen_stress_year;irrigation_responsive_year,irrigation_responsive,HLA2004_stress_grid_S0021,pareto_balanced,2004-07-11,193,74,69,"{""sim_day"": 74.0, ""doy"": 193.0, ""topwt"": 224.58829879760745, ""grnwt"": 0.0, ""xlai"": 0.1194229200482368, ""totir"": 0.0, ""tofer"": NaN, ""swfac"": 0.0, ""nstres"": 0.6584252715110779}",0.0,0.6584252715110779,224.58829879760745,0.0,0.1194229200482368,0.0,,0.0,0.0,40.0,0.0,-15.725153350830077,0.2748466491699224,Leave_One_experiments/all_year_offline_schedule_search/daily_outputs/HLA/HLA_2004_HLA2004_stress_grid_S0021_daily.csv
HLA,HLA,Hailun,2004,Leave_One_experiments\wth_generated_qc\HLA\HLA2004.WTH,dry_year;water_stress_year;nitrogen_stress_year;irrigation_responsive_year,irrigation_responsive,HLA2004_stress_grid_S0021,pareto_balanced,2004-07-12,194,75,70,"{""sim_day"": 75.0, ""doy"": 194.0, ""topwt"": 238.53687286376956, ""grnwt"": 0.0, ""xlai"": 0.131140649318695, ""totir"": 0.0, ""tofer"": NaN, ""swfac"": 0.0, ""nstres"": 0.6626017093658447}",0.0,0.6626017093658447,238.53687286376956,0.0,0.131140649318695,0.0,,0.0,0.0,40.0,0.0,-15.725153350830077,0.2748466491699224,Leave_One_experiments/all_year_offline_schedule_search/daily_outputs/HLA/HLA_2004_HLA2004_stress_grid_S0021_daily.csv
HLA,HLA,Hailun,2004,Leave_One_experiments\wth_generated_qc\HLA\HLA2004.WTH,dry_year;water_stress_year;nitrogen_stress_year;irrigation_responsive_year,irrigation_responsive,HLA2004_stress_grid_S0021,pareto_balanced,2004-07-13,195,76,71,"{""sim_day"": 76.0, ""doy"": 195.0, ""topwt"": 252.48062133789065, ""grnwt"": 0.0, ""xlai"": 0.1335669457912445, ""totir"": 0.0, ""tofer"": NaN, ""swfac"": 0.0, ""nstres"": 0.6622394323348999}",0.0,0.6622394323348999,252.48062133789065,0.0,0.1335669457912445,0.0,,0.0,0.0,40.0,0.0,-15.725153350830077,0.2748466491699224,Leave_One_experiments/all_year_offline_schedule_search/daily_outputs/HLA/HLA_2004_HLA2004_stress_grid_S0021_daily.csv
HLA,HLA,Hailun,2004,Leave_One_experiments\wth_generated_qc\HLA\HLA2004.WTH,dry_year;water_stress_year;nitrogen_stress_year;irrigation_responsive_year,irrigation_responsive,HLA2004_stress_grid_S0021,pareto_balanced,2004-07-14,196,77,72,"{""sim_day"": 77.0, ""doy"": 196.0, ""topwt"": 267.0468330383301, ""grnwt"": 0.0, ""xlai"": 0.1345449239015579, ""totir"": 0.0, ""tofer"": NaN, ""swfac"": 0.0, ""nstres"": 0.6617133617401123}",0.0,0.6617133617401123,267.0468330383301,0.0,0.1345449239015579,0.0,,0.0,0.0,40.0,0.0,-15.725153350830077,0.2748466491699224,Leave_One_experiments/all_year_offline_schedule_search/daily_outputs/HLA/HLA_2004_HLA2004_stress_grid_S0021_daily.csv
HLA,HLA,Hailun,2004,Leave_One_experiments\wth_generated_qc\HLA\HLA2004.WTH,dry_year;water_stress_year;nitrogen_stress_year;irrigation_responsive_year,irrigation_responsive,HLA2004_stress_grid_S0021,pareto_balanced,2004-07-15,197,78,73,"{""sim_day"": 78.0, ""doy"": 197.0, ""topwt"": 275.8953285217285, ""grnwt"": 0.0, ""xlai"": 0.1322158724069595, ""totir"": 0.0, ""tofer"": NaN, ""swfac"": 0.0, ""nstres"": 0.6593350172042847}",0.0,0.6593350172042847,275.8953285217285,0.0,0.1322158724069595,0.0,,0.0,0.0,40.0,0.0,-15.725153350830077,0.2748466491699224,Leave_One_experiments/all_year_offline_schedule_search/daily_outputs/HLA/HLA_2004_HLA2004_stress_grid_S0021_daily.csv
HLA,HLA,Hailun,2004,Leave_One_experiments\wth_generated_qc\HLA\HLA2004.WTH,dry_year;water_stress_year;nitrogen_stress_year;irrigation_responsive_year,irrigation_responsive,HLA2004_stress_grid_S0021,pareto_balanced,2004-07-16,198,79,74,"{""sim_day"": 79.0, ""doy"": 198.0, ""topwt"": 288.9755630493164, ""grnwt"": 0.0, ""xlai"": 0.1311885714530944, ""totir"": 0.0, ""tofer"": NaN, ""swfac"": 0.0, ""nstres"": 0.6555790603160858}",0.0,0.6555790603160858,288.9755630493164,0.0,0.1311885714530944,0.0,,0.0,0.0,40.0,0.0,-15.725153350830077,0.2748466491699224,Leave_One_experiments/all_year_offline_schedule_search/daily_outputs/HLA/HLA_2004_HLA2004_stress_grid_S0021_daily.csv
HLA,HLA,Hailun,2004,Leave_One_experiments\wth_generated_qc\HLA\HLA2004.WTH,dry_year;water_stress_year;nitrogen_stress_year;irrigation_responsive_year,irrigation_responsive,HLA2004_stress_grid_S0021,pareto_balanced,2004-07-17,199,80,75,"{""sim_day"": 80.0, ""doy"": 199.0, ""topwt"": 296.93490982055664, ""grnwt"": 0.0, ""xlai"": 0.1281362920999527, ""totir"": 0.0, ""tofer"": NaN, ""swfac"": 0.0, ""nstres"": 0.6426137685775757}",0.0,0.6426137685775757,296.93490982055664,0.0,0.1281362920999527,0.0,,0.0,0.0,40.0,0.0,-15.725153350830077,0.2748466491699224,Leave_One_experiments/all_year_offline_schedule_search/daily_outputs/HLA/HLA_2004_HLA2004_stress_grid_S0021_daily.csv
HLA,HLA,Hailun,2004,Leave_One_experiments\wth_generated_qc\HLA\HLA2004.WTH,dry_year;water_stress_year;nitrogen_stress_year;irrigation_responsive_year,irrigation_responsive,HLA2004_stress_grid_S0021,pareto_balanced,2004-07-18,200,81,76,"{""sim_day"": 81.0, ""doy"": 200.0, ""topwt"": 309.09862518310547, ""grnwt"": 0.0, ""xlai"": 0.1263880282640457, ""totir"": 0.0, ""tofer"": NaN, ""swfac"": 0.0, ""nstres"": 0.6351659297943115}",0.0,0.6351659297943115,309.09862518310547,0.0,0.1263880282640457,0.0,,0.0,0.0,40.0,0.0,-15.725153350830077,0.2748466491699224,Leave_One_experiments/all_year_offline_schedule_search/daily_outputs/HLA/HLA_2004_HLA2004_stress_grid_S0021_daily.csv
HLA,HLA,Hailun,2004,Leave_One_experiments\wth_generated_qc\HLA\HLA2004.WTH,dry_year;water_stress_year;nitrogen_stress_year;irrigation_responsive_year,irrigation_responsive,HLA2004_stress_grid_S0021,pareto_balanced,2004-07-19,201,82,77,"{""sim_day"": 82.0, ""doy"": 201.0, ""topwt"": 325.35369873046875, ""grnwt"": 0.0, ""xlai"": 0.1258028596639633, ""totir"": 0.0, ""tofer"": NaN, ""swfac"": 0.0, ""nstres"": 0.6219720542430878}",0.0,0.6219720542430878,325.35369873046875,0.0,0.1258028596639633,0.0,,0.0,0.0,40.0,0.0,-15.725153350830077,0.2748466491699224,Leave_One_experiments/all_year_offline_schedule_search/daily_outputs/HLA/HLA_2004_HLA2004_stress_grid_S0021_daily.csv
HLA,HLA,Hailun,2004,Leave_One_experiments\wth_generated_qc\HLA\HLA2004.WTH,dry_year;water_stress_year;nitrogen_stress_year;irrigation_responsive_year,irrigation_responsive,HLA2004_stress_grid_S0021,pareto_balanced,2004-07-20,202,83,78,"{""sim_day"": 83.0, ""doy"": 202.0, ""topwt"": 340.47607421875, ""grnwt"": 0.0, ""xlai"": 0.1247103214263916, ""totir"": 0.0, ""tofer"": NaN, ""swfac"": 0.0, ""nstres"": 0.6140937209129333}",0.0,0.6140937209129333,340.47607421875,0.0,0.1247103214263916,0.0,,0.0,0.0,40.0,0.0,-15.725153350830077,0.2748466491699224,Leave_One_experiments/all_year_offline_schedule_search/daily_outputs/HLA/HLA_2004_HLA2004_stress_grid_S0021_daily.csv
HLA,HLA,Hailun,2004,Leave_One_experiments\wth_generated_qc\HLA\HLA2004.WTH,dry_year;water_stress_year;nitrogen_stress_year;irrigation_responsive_year,irrigation_responsive,HLA2004_stress_grid_S0021,pareto_balanced,2004-07-21,203,84,79,"{""sim_day"": 84.0, ""doy"": 203.0, ""topwt"": 347.01393127441406, ""grnwt"": 0.0, ""xlai"": 0.1210937723517417, ""totir"": 0.0, ""tofer"": NaN, ""swfac"": 0.0, ""nstres"": 0.6183913350105286}",0.0,0.6183913350105286,347.01393127441406,0.0,0.1210937723517417,0.0,,0.0,0.0,40.0,0.0,-15.725153350830077,0.2748466491699224,Leave_One_experiments/all_year_offline_schedule_search/daily_outputs/HLA/HLA_2004_HLA2004_stress_grid_S0021_daily.csv
HLA,HLA,Hailun,2004,Leave_One_experiments\wth_generated_qc\HLA\HLA2004.WTH,dry_year;water_stress_year;nitrogen_stress_year;irrigation_responsive_year,irrigation_responsive,HLA2004_stress_grid_S0021,pareto_balanced,2004-07-22,204,85,80,"{""sim_day"": 85.0, ""doy"": 204.0, ""topwt"": 356.64703369140625, ""grnwt"": 0.0, ""xlai"": 0.1184530258178711, ""totir"": 20.0, ""tofer"": NaN, ""swfac"": 0.0, ""nstres"": 0.6205072104930878}",0.0,0.6205072104930878,356.64703369140625,0.0,0.1184530258178711,20.0,,20.0,0.0,40.0,0.0,-15.725153350830077,0.2748466491699224,Leave_One_experiments/all_year_offline_schedule_search/daily_outputs/HLA/HLA_2004_HLA2004_stress_grid_S0021_daily.csv
HLA,HLA,Hailun,2004,Leave_One_experiments\wth_generated_qc\HLA\HLA2004.WTH,dry_year;water_stress_year;nitrogen_stress_year;irrigation_responsive_year,irrigation_responsive,HLA2004_stress_grid_S0021,pareto_balanced,2004-07-23,205,86,81,"{""sim_day"": 86.0, ""doy"": 205.0, ""topwt"": 373.1237030029297, ""grnwt"": 0.0, ""xlai"": 0.1178402304649353, ""totir"": 20.0, ""tofer"": NaN, ""swfac"": 0.0, ""nstres"": 0.6058483123779297}",0.0,0.6058483123779297,373.1237030029297,0.0,0.1178402304649353,20.0,,0.0,0.0,40.0,0.0,-15.725153350830077,0.2748466491699224,Leave_One_experiments/all_year_offline_schedule_search/daily_outputs/HLA/HLA_2004_HLA2004_stress_grid_S0021_daily.csv
HLA,HLA,Hailun,2004,Leave_One_experiments\wth_generated_qc\HLA\HLA2004.WTH,dry_year;water_stress_year;nitrogen_stress_year;irrigation_responsive_year,irrigation_responsive,HLA2004_stress_grid_S0021,pareto_balanced,2004-07-24,206,87,82,"{""sim_day"": 87.0, ""doy"": 206.0, ""topwt"": 389.07997131347656, ""grnwt"": 0.0, ""xlai"": 0.1171558201313018, ""totir"": 20.0, ""tofer"": NaN, ""swfac"": 0.0, ""nstres"": 0.5969177782535553}",0.0,0.5969177782535553,389.07997131347656,0.0,0.1171558201313018,20.0,,0.0,0.0,40.0,0.0,-15.725153350830077,0.2748466491699224,Leave_One_experiments/all_year_offline_schedule_search/daily_outputs/HLA/HLA_2004_HLA2004_stress_grid_S0021_daily.csv
HLA,HLA,Hailun,2004,Leave_One_experiments\wth_generated_qc\HLA\HLA2004.WTH,dry_year;water_stress_year;nitrogen_stress_year;irrigation_responsive_year,irrigation_responsive,HLA2004_stress_grid_S0021,pareto_balanced,2004-07-25,207,88,83,"{""sim_day"": 88.0, ""doy"": 207.0, ""topwt"": 404.8585891723633, ""grnwt"": 0.0, ""xlai"": 0.1164383515715599, ""totir"": 20.0, ""tofer"": NaN, ""swfac"": 0.0, ""nstres"": 0.5991350710391998}",0.0,0.5991350710391998,404.8585891723633,0.0,0.1164383515715599,20.0,,0.0,0.0,40.0,0.0,-15.725153350830077,0.2748466491699224,Leave_One_experiments/all_year_offline_schedule_search/daily_outputs/HLA/HLA_2004_HLA2004_stress_grid_S0021_daily.csv
HLA,HLA,Hailun,2004,Leave_One_experiments\wth_generated_qc\HLA\HLA2004.WTH,dry_year;water_stress_year;nitrogen_stress_year;irrigation_responsive_year,irrigation_responsive,HLA2004_stress_grid_S0021,pareto_balanced,2004-07-26,208,89,84,"{""sim_day"": 89.0, ""doy"": 208.0, ""topwt"": 414.5824432373047, ""grnwt"": 0.0, ""xlai"": 0.1141043454408645, ""totir"": 20.0, ""tofer"": NaN, ""swfac"": 0.0, ""nstres"": 0.6021875739097595}",0.0,0.6021875739097595,414.5824432373047,0.0,0.1141043454408645,20.0,,0.0,0.0,40.0,0.0,-15.725153350830077,0.2748466491699224,Leave_One_experiments/all_year_offline_schedule_search/daily_outputs/HLA/HLA_2004_HLA2004_stress_grid_S0021_daily.csv
HLA,HLA,Hailun,2004,Leave_One_experiments\wth_generated_qc\HLA\HLA2004.WTH,dry_year;water_stress_year;nitrogen_stress_year;irrigation_responsive_year,irrigation_responsive,HLA2004_stress_grid_S0021,pareto_balanced,2004-07-27,209,90,85,"{""sim_day"": 90.0, ""doy"": 209.0, ""topwt"": 424.5523071289063, ""grnwt"": 0.0, ""xlai"": 0.1119362190365791, ""totir"": 20.0, ""tofer"": NaN, ""swfac"": 0.0, ""nstres"": 0.6015050709247589}",0.0,0.6015050709247589,424.5523071289063,0.0,0.1119362190365791,20.0,,0.0,0.0,40.0,0.0,-15.725153350830077,0.2748466491699224,Leave_One_experiments/all_year_offline_schedule_search/daily_outputs/HLA/HLA_2004_HLA2004_stress_grid_S0021_daily.csv
HLA,HLA,Hailun,2004,Leave_One_experiments\wth_generated_qc\HLA\HLA2004.WTH,dry_year;water_stress_year;nitrogen_stress_year;irrigation_responsive_year,irrigation_responsive,HLA2004_stress_grid_S0021,pareto_balanced,2004-07-28,210,91,86,"{""sim_day"": 91.0, ""doy"": 210.0, ""topwt"": 432.7633666992188, ""grnwt"": 0.0, ""xlai"": 0.1094001159071922, ""totir"": 20.0, ""tofer"": NaN, ""swfac"": 0.0, ""nstres"": 0.5981962382793427}",0.0,0.5981962382793427,432.7633666992188,0.0,0.1094001159071922,20.0,,0.0,0.0,40.0,0.0,-15.725153350830077,0.2748466491699224,Leave_One_experiments/all_year_offline_schedule_search/daily_outputs/HLA/HLA_2004_HLA2004_stress_grid_S0021_daily.csv
HLA,HLA,Hailun,2004,Leave_One_experiments\wth_generated_qc\HLA\HLA2004.WTH,dry_year;water_stress_year;nitrogen_stress_year;irrigation_responsive_year,irrigation_responsive,HLA2004_stress_grid_S0021,pareto_balanced,2004-07-29,211,92,87,"{""sim_day"": 92.0, ""doy"": 211.0, ""topwt"": 443.8576126098633, ""grnwt"": 0.0, ""xlai"": 0.1048557683825492, ""totir"": 20.0, ""tofer"": NaN, ""swfac"": 0.0, ""nstres"": 0.5969310104846954}",0.0,0.5969310104846954,443.8576126098633,0.0,0.1048557683825492,20.0,,0.0,0.0,40.0,0.0,-15.725153350830077,0.2748466491699224,Leave_One_experiments/all_year_offline_schedule_search/daily_outputs/HLA/HLA_2004_HLA2004_stress_grid_S0021_daily.csv
HLA,HLA,Hailun,2004,Leave_One_experiments\wth_generated_qc\HLA\HLA2004.WTH,dry_year;water_stress_year;nitrogen_stress_year;irrigation_responsive_year,irrigation_responsive,HLA2004_stress_grid_S0021,pareto_balanced,2004-07-30,212,93,88,"{""sim_day"": 93.0, ""doy"": 212.0, ""topwt"": 454.5311737060547, ""grnwt"": 0.0, ""xlai"": 0.1005326509475708, ""totir"": 20.0, ""tofer"": NaN, ""swfac"": 0.0, ""nstres"": 0.5894998013973236}",0.0,0.5894998013973236,454.5311737060547,0.0,0.1005326509475708,20.0,,0.0,0.0,40.0,0.0,-15.725153350830077,0.2748466491699224,Leave_One_experiments/all_year_offline_schedule_search/daily_outputs/HLA/HLA_2004_HLA2004_stress_grid_S0021_daily.csv
HLA,HLA,Hailun,2004,Leave_One_experiments\wth_generated_qc\HLA\HLA2004.WTH,dry_year;water_stress_year;nitrogen_stress_year;irrigation_responsive_year,irrigation_responsive,HLA2004_stress_grid_S0021,pareto_balanced,2004-07-31,213,94,89,"{""sim_day"": 94.0, ""doy"": 213.0, ""topwt"": 463.1512451171875, ""grnwt"": 0.0, ""xlai"": 0.0964061841368675, ""totir"": 20.0, ""tofer"": NaN, ""swfac"": 0.0, ""nstres"": 0.5851054787635803}",0.0,0.5851054787635803,463.1512451171875,0.0,0.0964061841368675,20.0,,0.0,0.0,40.0,0.0,-15.725153350830077,0.2748466491699224,Leave_One_experiments/all_year_offline_schedule_search/daily_outputs/HLA/HLA_2004_HLA2004_stress_grid_S0021_daily.csv
HLA,HLA,Hailun,2004,Leave_One_experiments\wth_generated_qc\HLA\HLA2004.WTH,dry_year;water_stress_year;nitrogen_stress_year;irrigation_responsive_year,irrigation_responsive,HLA2004_stress_grid_S0021,pareto_balanced,2004-08-01,214,95,90,"{""sim_day"": 95.0, ""doy"": 214.0, ""topwt"": 467.8657531738281, ""grnwt"": 0.0, ""xlai"": 0.0924676209688186, ""totir"": 20.0, ""tofer"": NaN, ""swfac"": 0.0, ""nstres"": 0.5804908573627472}",0.0,0.5804908573627472,467.8657531738281,0.0,0.0924676209688186,20.0,,0.0,0.0,40.0,0.0,-15.725153350830077,0.2748466491699224,Leave_One_experiments/all_year_offline_schedule_search/daily_outputs/HLA/HLA_2004_HLA2004_stress_grid_S0021_daily.csv
HLA,HLA,Hailun,2004,Leave_One_experiments\wth_generated_qc\HLA\HLA2004.WTH,dry_year;water_stress_year;nitrogen_stress_year;irrigation_responsive_year,irrigation_responsive,HLA2004_stress_grid_S0021,pareto_balanced,2004-08-02,215,96,91,"{""sim_day"": 96.0, ""doy"": 215.0, ""topwt"": 468.00254821777344, ""grnwt"": 0.0, ""xlai"": 0.0887174382805824, ""totir"": 20.0, ""tofer"": NaN, ""swfac"": 0.0, ""nstres"": 0.5733582675457001}",0.0,0.5733582675457001,468.00254821777344,0.0,0.0887174382805824,20.0,,0.0,0.0,40.0,0.0,-15.725153350830077,0.2748466491699224,Leave_One_experiments/all_year_offline_schedule_search/daily_outputs/HLA/HLA_2004_HLA2004_stress_grid_S0021_daily.csv
HLA,HLA,Hailun,2004,Leave_One_experiments\wth_generated_qc\HLA\HLA2004.WTH,dry_year;water_stress_year;nitrogen_stress_year;irrigation_responsive_year,irrigation_responsive,HLA2004_stress_grid_S0021,pareto_balanced,2004-08-03,216,97,92,"{""sim_day"": 97.0, ""doy"": 216.0, ""topwt"": 474.93282318115234, ""grnwt"": 0.0, ""xlai"": 0.0851616188883781, ""totir"": 20.0, ""tofer"": NaN, ""swfac"": 0.0, ""nstres"": 0.5619246065616608}",0.0,0.5619246065616608,474.93282318115234,0.0,0.0851616188883781,20.0,,0.0,0.0,40.0,0.0,-15.725153350830077,0.2748466491699224,Leave_One_experiments/all_year_offline_schedule_search/daily_outputs/HLA/HLA_2004_HLA2004_stress_grid_S0021_daily.csv
HLA,HLA,Hailun,2004,Leave_One_experiments\wth_generated_qc\HLA\HLA2004.WTH,dry_year;water_stress_year;nitrogen_stress_year;irrigation_responsive_year,irrigation_responsive,HLA2004_stress_grid_S0021,pareto_balanced,2004-08-04,217,98,93,"{""sim_day"": 98.0, ""doy"": 217.0, ""topwt"": 481.99745178222656, ""grnwt"": 0.0, ""xlai"": 0.0818149074912071, ""totir"": 20.0, ""tofer"": NaN, ""swfac"": 0.0, ""nstres"": 0.5431587100028992}",0.0,0.5431587100028992,481.99745178222656,0.0,0.0818149074912071,20.0,,0.0,0.0,40.0,0.0,-15.725153350830077,0.2748466491699224,Leave_One_experiments/all_year_offline_schedule_search/daily_outputs/HLA/HLA_2004_HLA2004_stress_grid_S0021_daily.csv
HLA,HLA,Hailun,2004,Leave_One_experiments\wth_generated_qc\HLA\HLA2004.WTH,dry_year;water_stress_year;nitrogen_stress_year;irrigation_responsive_year,irrigation_responsive,HLA2004_stress_grid_S0021,pareto_balanced,2004-08-05,218,99,94,"{""sim_day"": 99.0, ""doy"": 218.0, ""topwt"": 483.0280303955078, ""grnwt"": 0.0, ""xlai"": 0.0786420255899429, ""totir"": 20.0, ""tofer"": NaN, ""swfac"": 0.0, ""nstres"": 0.5307531952857971}",0.0,0.5307531952857971,483.0280303955078,0.0,0.0786420255899429,20.0,,0.0,0.0,40.0,0.0,-15.725153350830077,0.2748466491699224,Leave_One_experiments/all_year_offline_schedule_search/daily_outputs/HLA/HLA_2004_HLA2004_stress_grid_S0021_daily.csv
HLA,HLA,Hailun,2004,Leave_One_experiments\wth_generated_qc\HLA\HLA2004.WTH,dry_year;water_stress_year;nitrogen_stress_year;irrigation_responsive_year,irrigation_responsive,HLA2004_stress_grid_S0021,pareto_balanced,2004-08-06,219,100,95,"{""sim_day"": 100.0, ""doy"": 219.0, ""topwt"": 486.3920211791992, ""grnwt"": 0.0, ""xlai"": 0.075640745460987, ""totir"": 40.0, ""tofer"": NaN, ""swfac"": 0.0, ""nstres"": 0.5159357190132141}",0.0,0.5159357190132141,486.3920211791992,0.0,0.075640745460987,40.0,,20.0,0.0,40.0,0.0,-15.725153350830077,0.2748466491699224,Leave_One_experiments/all_year_offline_schedule_search/daily_outputs/HLA/HLA_2004_HLA2004_stress_grid_S0021_daily.csv
HLA,HLA,Hailun,2004,Leave_One_experiments\wth_generated_qc\HLA\HLA2004.WTH,dry_year;water_stress_year;nitrogen_stress_year;irrigation_responsive_year,irrigation_responsive,HLA2004_stress_grid_S0021,pareto_balanced,2004-08-07,220,101,96,"{""sim_day"": 101.0, ""doy"": 220.0, ""topwt"": 491.4807891845703, ""grnwt"": 0.0, ""xlai"": 0.0728462487459182, ""totir"": 40.0, ""tofer"": NaN, ""swfac"": 0.0, ""nstres"": 0.4866663813591003}",0.0,0.4866663813591003,491.4807891845703,0.0,0.0728462487459182,40.0,,0.0,0.0,40.0,0.0,-15.725153350830077,0.2748466491699224,Leave_One_experiments/all_year_offline_schedule_search/daily_outputs/HLA/HLA_2004_HLA2004_stress_grid_S0021_daily.csv
HLA,HLA,Hailun,2004,Leave_One_experiments\wth_generated_qc\HLA\HLA2004.WTH,dry_year;water_stress_year;nitrogen_stress_year;irrigation_responsive_year,irrigation_responsive,HLA2004_stress_grid_S0021,pareto_balanced,2004-08-08,221,102,97,"{""sim_day"": 102.0, ""doy"": 221.0, ""topwt"": 498.2832336425781, ""grnwt"": 0.0, ""xlai"": 0.0702254027128219, ""totir"": 40.0, ""tofer"": NaN, ""swfac"": 0.0, ""nstres"": 0.4634644985198974}",0.0,0.4634644985198974,498.2832336425781,0.0,0.0702254027128219,40.0,,0.0,0.0,40.0,0.0,-15.725153350830077,0.2748466491699224,Leave_One_experiments/all_year_offline_schedule_search/daily_outputs/HLA/HLA_2004_HLA2004_stress_grid_S0021_daily.csv
HLA,HLA,Hailun,2004,Leave_One_experiments\wth_generated_qc\HLA\HLA2004.WTH,dry_year;water_stress_year;nitrogen_stress_year;irrigation_responsive_year,irrigation_responsive,HLA2004_stress_grid_S0021,pareto_balanced,2004-08-09,222,103,98,"{""sim_day"": 103.0, ""doy"": 222.0, ""topwt"": 501.75724029541016, ""grnwt"": 0.0, ""xlai"": 0.0677517354488372, ""totir"": 40.0, ""tofer"": NaN, ""swfac"": 0.0, ""nstres"": 0.445389986038208}",0.0,0.445389986038208,501.75724029541016,0.0,0.0677517354488372,40.0,,0.0,0.0,40.0,0.0,-15.725153350830077,0.2748466491699224,Leave_One_experiments/all_year_offline_schedule_search/daily_outputs/HLA/HLA_2004_HLA2004_stress_grid_S0021_daily.csv
HLA,HLA,Hailun,2004,Leave_One_experiments\wth_generated_qc\HLA\HLA2004.WTH,dry_year;water_stress_year;nitrogen_stress_year;irrigation_responsive_year,irrigation_responsive,HLA2004_stress_grid_S0021,pareto_balanced,2004-08-10,223,104,99,"{""sim_day"": 104.0, ""doy"": 223.0, ""topwt"": 506.5503692626953, ""grnwt"": 0.0, ""xlai"": 0.0654043555259704, ""totir"": 40.0, ""tofer"": NaN, ""swfac"": 0.0, ""nstres"": 0.4315224289894104}",0.0,0.4315224289894104,506.5503692626953,0.0,0.0654043555259704,40.0,,0.0,0.0,40.0,0.0,-15.725153350830077,0.2748466491699224,Leave_One_experiments/all_year_offline_schedule_search/daily_outputs/HLA/HLA_2004_HLA2004_stress_grid_S0021_daily.csv
HLA,HLA,Hailun,2004,Leave_One_experiments\wth_generated_qc\HLA\HLA2004.WTH,dry_year;water_stress_year;nitrogen_stress_year;irrigation_responsive_year,irrigation_responsive,HLA2004_stress_grid_S0021,pareto_balanced,2004-08-11,224,105,100,"{""sim_day"": 105.0, ""doy"": 224.0, ""topwt"": 519.3599700927734, ""grnwt"": 40.279226303100586, ""xlai"": 0.0631996169686317, ""totir"": 40.0, ""tofer"": NaN, ""swfac"": 0.0, ""nstres"": 0.409023106098175}",0.0,0.409023106098175,519.3599700927734,40.279226303100586,0.0631996169686317,40.0,,0.0,0.0,40.0,0.0,-15.725153350830077,0.2748466491699224,Leave_One_experiments/all_year_offline_schedule_search/daily_outputs/HLA/HLA_2004_HLA2004_stress_grid_S0021_daily.csv
HLA,HLA,Hailun,2004,Leave_One_experiments\wth_generated_qc\HLA\HLA2004.WTH,dry_year;water_stress_year;nitrogen_stress_year;irrigation_responsive_year,irrigation_responsive,HLA2004_stress_grid_S0021,pareto_balanced,2004-08-12,225,106,101,"{""sim_day"": 106.0, ""doy"": 225.0, ""topwt"": 525.1203536987305, ""grnwt"": 51.0976791381836, ""xlai"": 0.0609162598848342, ""totir"": 40.0, ""tofer"": NaN, ""swfac"": 0.0, ""nstres"": 0.4670986533164978}",0.0,0.4670986533164978,525.1203536987305,51.0976791381836,0.0609162598848342,40.0,,0.0,0.0,40.0,0.0,-15.725153350830077,0.2748466491699224,Leave_One_experiments/all_year_offline_schedule_search/daily_outputs/HLA/HLA_2004_HLA2004_stress_grid_S0021_daily.csv
HLA,HLA,Hailun,2004,Leave_One_experiments\wth_generated_qc\HLA\HLA2004.WTH,dry_year;water_stress_year;nitrogen_stress_year;irrigation_responsive_year,irrigation_responsive,HLA2004_stress_grid_S0021,pareto_balanced,2004-08-13,226,107,102,"{""sim_day"": 107.0, ""doy"": 226.0, ""topwt"": 534.0221786499023, ""grnwt"": 61.9161319732666, ""xlai"": 0.058837279677391, ""totir"": 40.0, ""tofer"": NaN, ""swfac"": 0.0, ""nstres"": 0.4190809726715088}",0.0,0.4190809726715088,534.0221786499023,61.9161319732666,0.058837279677391,40.0,,0.0,0.0,40.0,0.0,-15.725153350830077,0.2748466491699224,Leave_One_experiments/all_year_offline_schedule_search/daily_outputs/HLA/HLA_2004_HLA2004_stress_grid_S0021_daily.csv
HLA,HLA,Hailun,2004,Leave_One_experiments\wth_generated_qc\HLA\HLA2004.WTH,dry_year;water_stress_year;nitrogen_stress_year;irrigation_responsive_year,irrigation_responsive,HLA2004_stress_grid_S0021,pareto_balanced,2004-08-14,227,108,103,"{""sim_day"": 108.0, ""doy"": 227.0, ""topwt"": 543.7591171264648, ""grnwt"": 70.0557279586792, ""xlai"": 0.056846160441637, ""totir"": 40.0, ""tofer"": NaN, ""swfac"": 0.0, ""nstres"": 0.4121931791305542}",0.0,0.4121931791305542,543.7591171264648,70.0557279586792,0.056846160441637,40.0,,0.0,0.0,40.0,0.0,-15.725153350830077,0.2748466491699224,Leave_One_experiments/all_year_offline_schedule_search/daily_outputs/HLA/HLA_2004_HLA2004_stress_grid_S0021_daily.csv
HLA,HLA,Hailun,2004,Leave_One_experiments\wth_generated_qc\HLA\HLA2004.WTH,dry_year;water_stress_year;nitrogen_stress_year;irrigation_responsive_year,irrigation_responsive,HLA2004_stress_grid_S0021,pareto_balanced,2004-08-15,228,109,104,"{""sim_day"": 109.0, ""doy"": 228.0, ""topwt"": 554.3083190917969, ""grnwt"": 79.22565460205078, ""xlai"": 0.0549428984522819, ""totir"": 40.0, ""tofer"": NaN, ""swfac"": 0.0, ""nstres"": 0.403541088104248}",0.0,0.403541088104248,554.3083190917969,79.22565460205078,0.0549428984522819,40.0,,0.0,0.0,40.0,0.0,-15.725153350830077,0.2748466491699224,Leave_One_experiments/all_year_offline_schedule_search/daily_outputs/HLA/HLA_2004_HLA2004_stress_grid_S0021_daily.csv
HLA,HLA,Hailun,2004,Leave_One_experiments\wth_generated_qc\HLA\HLA2004.WTH,dry_year;water_stress_year;nitrogen_stress_year;irrigation_responsive_year,irrigation_responsive,HLA2004_stress_grid_S0021,pareto_balanced,2004-08-16,229,110,105,"{""sim_day"": 110.0, ""doy"": 229.0, ""topwt"": 563.4838104248047, ""grnwt"": 90.04410743713379, ""xlai"": 0.0531011633574962, ""totir"": 40.0, ""tofer"": NaN, ""swfac"": 0.0, ""nstres"": 0.404501736164093}",0.0,0.404501736164093,563.4838104248047,90.04410743713379,0.0531011633574962,40.0,,0.0,0.0,40.0,0.0,-15.725153350830077,0.2748466491699224,Leave_One_experiments/all_year_offline_schedule_search/daily_outputs/HLA/HLA_2004_HLA2004_stress_grid_S0021_daily.csv
HLA,HLA,Hailun,2004,Leave_One_experiments\wth_generated_qc\HLA\HLA2004.WTH,dry_year;water_stress_year;nitrogen_stress_year;irrigation_responsive_year,irrigation_responsive,HLA2004_stress_grid_S0021,pareto_balanced,2004-08-17,230,111,106,"{""sim_day"": 111.0, ""doy"": 230.0, ""topwt"": 574.0864181518555, ""grnwt"": 100.86255073547365, ""xlai"": 0.0513074025511741, ""totir"": 40.0, ""tofer"": NaN, ""swfac"": 0.0, ""nstres"": 0.4107276201248169}",0.0,0.4107276201248169,574.0864181518555,100.86255073547365,0.0513074025511741,40.0,,0.0,0.0,40.0,0.0,-15.725153350830077,0.2748466491699224,Leave_One_experiments/all_year_offline_schedule_search/daily_outputs/HLA/HLA_2004_HLA2004_stress_grid_S0021_daily.csv
HLA,HLA,Hailun,2004,Leave_One_experiments\wth_generated_qc\HLA\HLA2004.WTH,dry_year;water_stress_year;nitrogen_stress_year;irrigation_responsive_year,irrigation_responsive,HLA2004_stress_grid_S0021,pareto_balanced,2004-08-18,231,112,107,"{""sim_day"": 112.0, ""doy"": 231.0, ""topwt"": 584.2842864990234, ""grnwt"": 111.68100357055664, ""xlai"": 0.0495788566768169, ""totir"": 40.0, ""tofer"": NaN, ""swfac"": 0.0, ""nstres"": 0.4085636734962463}",0.0,0.4085636734962463,584.2842864990234,111.68100357055664,0.0495788566768169,40.0,,0.0,0.0,40.0,0.0,-15.725153350830077,0.2748466491699224,Leave_One_experiments/all_year_offline_schedule_search/daily_outputs/HLA/HLA_2004_HLA2004_stress_grid_S0021_daily.csv
HLA,HLA,Hailun,2004,Leave_One_experiments\wth_generated_qc\HLA\HLA2004.WTH,dry_year;water_stress_year;nitrogen_stress_year;irrigation_responsive_year,irrigation_responsive,HLA2004_stress_grid_S0021,pareto_balanced,2004-08-19,232,113,108,"{""sim_day"": 113.0, ""doy"": 232.0, ""topwt"": 593.8808441162109, ""grnwt"": 122.4994659423828, ""xlai"": 0.0479140020906925, ""totir"": 40.0, ""tofer"": NaN, ""swfac"": 0.0, ""nstres"": 0.4059147834777832}",0.0,0.4059147834777832,593.8808441162109,122.4994659423828,0.0479140020906925,40.0,,0.0,0.0,40.0,0.0,-15.725153350830077,0.2748466491699224,Leave_One_experiments/all_year_offline_schedule_search/daily_outputs/HLA/HLA_2004_HLA2004_stress_grid_S0021_daily.csv
HLA,HLA,Hailun,2004,Leave_One_experiments\wth_generated_qc\HLA\HLA2004.WTH,dry_year;water_stress_year;nitrogen_stress_year;irrigation_responsive_year,irrigation_responsive,HLA2004_stress_grid_S0021,pareto_balanced,2004-08-20,233,114,109,"{""sim_day"": 114.0, ""doy"": 233.0, ""topwt"": 601.4442443847656, ""grnwt"": 133.31792831420898, ""xlai"": 0.0463163740932941, ""totir"": 40.0, ""tofer"": NaN, ""swfac"": 0.0, ""nstres"": 0.400240957736969}",0.0,0.400240957736969,601.4442443847656,133.31792831420898,0.0463163740932941,40.0,,0.0,0.0,40.0,0.0,-15.725153350830077,0.2748466491699224,Leave_One_experiments/all_year_offline_schedule_search/daily_outputs/HLA/HLA_2004_HLA2004_stress_grid_S0021_daily.csv
HLA,HLA,Hailun,2004,Leave_One_experiments\wth_generated_qc\HLA\HLA2004.WTH,dry_year;water_stress_year;nitrogen_stress_year;irrigation_responsive_year,irrigation_responsive,HLA2004_stress_grid_S0021,pareto_balanced,2004-08-21,234,115,110,"{""sim_day"": 115.0, ""doy"": 234.0, ""topwt"": 608.4896850585938, ""grnwt"": 144.136381149292, ""xlai"": 0.0447893962264061, ""totir"": 40.0, ""tofer"": NaN, ""swfac"": 0.0, ""nstres"": 0.3912384510040283}",0.0,0.3912384510040283,608.4896850585938,144.136381149292,0.0447893962264061,40.0,,0.0,0.0,40.0,0.0,-15.725153350830077,0.2748466491699224,Leave_One_experiments/all_year_offline_schedule_search/daily_outputs/HLA/HLA_2004_HLA2004_stress_grid_S0021_daily.csv
HLA,HLA,Hailun,2004,Leave_One_experiments\wth_generated_qc\HLA\HLA2004.WTH,dry_year;water_stress_year;nitrogen_stress_year;irrigation_responsive_year,irrigation_responsive,HLA2004_stress_grid_S0021,pareto_balanced,2004-08-22,235,116,111,"{""sim_day"": 116.0, ""doy"": 235.0, ""topwt"": 617.3238754272461, ""grnwt"": 154.954833984375, ""xlai"": 0.0433419495820999, ""totir"": 40.0, ""tofer"": NaN, ""swfac"": 0.0, ""nstres"": 0.3756055831909179}",0.0,0.3756055831909179,617.3238754272461,154.954833984375,0.0433419495820999,40.0,,0.0,0.0,40.0,0.0,-15.725153350830077,0.2748466491699224,Leave_One_experiments/all_year_offline_schedule_search/daily_outputs/HLA/HLA_2004_HLA2004_stress_grid_S0021_daily.csv
HLA,HLA,Hailun,2004,Leave_One_experiments\wth_generated_qc\HLA\HLA2004.WTH,dry_year;water_stress_year;nitrogen_stress_year;irrigation_responsive_year,irrigation_responsive,HLA2004_stress_grid_S0021,pareto_balanced,2004-08-23,236,117,112,"{""sim_day"": 117.0, ""doy"": 236.0, ""topwt"": 624.2368698120117, ""grnwt"": 165.77329635620117, ""xlai"": 0.0419721044600009, ""totir"": 40.0, ""tofer"": NaN, ""swfac"": 0.0, ""nstres"": 0.3585278391838074}",0.0,0.3585278391838074,624.2368698120117,165.77329635620117,0.0419721044600009,40.0,,0.0,0.0,40.0,0.0,-15.725153350830077,0.2748466491699224,Leave_One_experiments/all_year_offline_schedule_search/daily_outputs/HLA/HLA_2004_HLA2004_stress_grid_S0021_daily.csv
HLA,HLA,Hailun,2004,Leave_One_experiments\wth_generated_qc\HLA\HLA2004.WTH,dry_year;water_stress_year;nitrogen_stress_year;irrigation_responsive_year,irrigation_responsive,HLA2004_stress_grid_S0021,pareto_balanced,2004-08-24,237,118,113,"{""sim_day"": 118.0, ""doy"": 237.0, ""topwt"": 632.1331787109375, ""grnwt"": 176.59175872802734, ""xlai"": 0.0406731851398944, ""totir"": 40.0, ""tofer"": NaN, ""swfac"": 0.0, ""nstres"": 0.3427257537841797}",0.0,0.3427257537841797,632.1331787109375,176.59175872802734,0.0406731851398944,40.0,,0.0,0.0,40.0,0.0,-15.725153350830077,0.2748466491699224,Leave_One_experiments/all_year_offline_schedule_search/daily_outputs/HLA/HLA_2004_HLA2004_stress_grid_S0021_daily.csv
HLA,HLA,Hailun,2004,Leave_One_experiments\wth_generated_qc\HLA\HLA2004.WTH,dry_year;water_stress_year;nitrogen_stress_year;irrigation_responsive_year,irrigation_responsive,HLA2004_stress_grid_S0021,pareto_balanced,2004-08-25,238,119,114,"{""sim_day"": 119.0, ""doy"": 238.0, ""topwt"": 639.4419860839844, ""grnwt"": 187.4102020263672, ""xlai"": 0.0394481495022773, ""totir"": 40.0, ""tofer"": NaN, ""swfac"": 0.0, ""nstres"": 0.3228554725646972}",0.0,0.3228554725646972,639.4419860839844,187.4102020263672,0.0394481495022773,40.0,,0.0,0.0,40.0,0.0,-15.725153350830077,0.2748466491699224,Leave_One_experiments/all_year_offline_schedule_search/daily_outputs/HLA/HLA_2004_HLA2004_stress_grid_S0021_daily.csv
HLA,HLA,Hailun,2004,Leave_One_experiments\wth_generated_qc\HLA\HLA2004.WTH,dry_year;water_stress_year;nitrogen_stress_year;irrigation_responsive_year,irrigation_responsive,HLA2004_stress_grid_S0021,pareto_balanced,2004-08-26,239,120,115,"{""sim_day"": 120.0, ""doy"": 239.0, ""topwt"": 642.8919982910156, ""grnwt"": 198.22866439819336, ""xlai"": 0.0382879339158535, ""totir"": 40.0, ""tofer"": NaN, ""swfac"": 0.0, ""nstres"": 0.3058652877807617}",0.0,0.3058652877807617,642.8919982910156,198.22866439819336,0.0382879339158535,40.0,,0.0,0.0,40.0,0.0,-15.725153350830077,0.2748466491699224,Leave_One_experiments/all_year_offline_schedule_search/daily_outputs/HLA/HLA_2004_HLA2004_stress_grid_S0021_daily.csv
HLA,HLA,Hailun,2004,Leave_One_experiments\wth_generated_qc\HLA\HLA2004.WTH,dry_year;water_stress_year;nitrogen_stress_year;irrigation_responsive_year,irrigation_responsive,HLA2004_stress_grid_S0021,pareto_balanced,2004-08-27,240,121,116,"{""sim_day"": 121.0, ""doy"": 240.0, ""topwt"": 644.442138671875, ""grnwt"": 209.04712677001956, ""xlai"": 0.0371871925890445, ""totir"": 40.0, ""tofer"": NaN, ""swfac"": 0.0, ""nstres"": 0.2899749279022217}",0.0,0.2899749279022217,644.442138671875,209.04712677001956,0.0371871925890445,40.0,,0.0,0.0,40.0,0.0,-15.725153350830077,0.2748466491699224,Leave_One_experiments/all_year_offline_schedule_search/daily_outputs/HLA/HLA_2004_HLA2004_stress_grid_S0021_daily.csv
HLA,HLA,Hailun,2004,Leave_One_experiments\wth_generated_qc\HLA\HLA2004.WTH,dry_year;water_stress_year;nitrogen_stress_year;irrigation_responsive_year,irrigation_responsive,HLA2004_stress_grid_S0021,pareto_balanced,2004-08-28,241,122,117,"{""sim_day"": 122.0, ""doy"": 241.0, ""topwt"": 649.4727325439453, ""grnwt"": 219.8655891418457, ""xlai"": 0.0361531376838684, ""totir"": 40.0, ""tofer"": NaN, ""swfac"": 0.0, ""nstres"": 0.2673548460006714}",0.0,0.2673548460006714,649.4727325439453,219.8655891418457,0.0361531376838684,40.0,,0.0,0.0,40.0,0.0,-15.725153350830077,0.2748466491699224,Leave_One_experiments/all_year_offline_schedule_search/daily_outputs/HLA/HLA_2004_HLA2004_stress_grid_S0021_daily.csv
HLA,HLA,Hailun,2004,Leave_One_experiments\wth_generated_qc\HLA\HLA2004.WTH,dry_year;water_stress_year;nitrogen_stress_year;irrigation_responsive_year,irrigation_responsive,HLA2004_stress_grid_S0021,pareto_balanced,2004-08-29,242,123,118,"{""sim_day"": 123.0, ""doy"": 242.0, ""topwt"": 654.7752380371094, ""grnwt"": 230.37492752075195, ""xlai"": 0.0351847223937511, ""totir"": 40.0, ""tofer"": NaN, ""swfac"": 0.0, ""nstres"": 0.2428778409957885}",0.0,0.2428778409957885,654.7752380371094,230.37492752075195,0.0351847223937511,40.0,,0.0,0.0,40.0,0.0,-15.725153350830077,0.2748466491699224,Leave_One_experiments/all_year_offline_schedule_search/daily_outputs/HLA/HLA_2004_HLA2004_stress_grid_S0021_daily.csv
HLA,HLA,Hailun,2004,Leave_One_experiments\wth_generated_qc\HLA\HLA2004.WTH,dry_year;water_stress_year;nitrogen_stress_year;irrigation_responsive_year,irrigation_responsive,HLA2004_stress_grid_S0021,pareto_balanced,2004-08-30,243,124,119,"{""sim_day"": 124.0, ""doy"": 243.0, ""topwt"": 660.482177734375, ""grnwt"": 241.19338989257807, ""xlai"": 0.0342629700899124, ""totir"": 40.0, ""tofer"": NaN, ""swfac"": 0.0, ""nstres"": 0.2287470698356628}",0.0,0.2287470698356628,660.482177734375,241.19338989257807,0.0342629700899124,40.0,,0.0,0.0,40.0,0.0,-15.725153350830077,0.2748466491699224,Leave_One_experiments/all_year_offline_schedule_search/daily_outputs/HLA/HLA_2004_HLA2004_stress_grid_S0021_daily.csv
HLA,HLA,Hailun,2004,Leave_One_experiments\wth_generated_qc\HLA\HLA2004.WTH,dry_year;water_stress_year;nitrogen_stress_year;irrigation_responsive_year,irrigation_responsive,HLA2004_stress_grid_S0021,pareto_balanced,2004-08-31,244,125,120,"{""sim_day"": 125.0, ""doy"": 244.0, ""topwt"": 664.2048645019531, ""grnwt"": 250.4148292541504, ""xlai"": 0.0333741754293441, ""totir"": 40.0, ""tofer"": NaN, ""swfac"": 0.0, ""nstres"": 0.2225605845451355}",0.0,0.2225605845451355,664.2048645019531,250.4148292541504,0.0333741754293441,40.0,,0.0,0.0,40.0,0.0,-15.725153350830077,0.2748466491699224,Leave_One_experiments/all_year_offline_schedule_search/daily_outputs/HLA/HLA_2004_HLA2004_stress_grid_S0021_daily.csv
HLA,HLA,Hailun,2004,Leave_One_experiments\wth_generated_qc\HLA\HLA2004.WTH,dry_year;water_stress_year;nitrogen_stress_year;irrigation_responsive_year,irrigation_responsive,HLA2004_stress_grid_S0021,pareto_balanced,2004-09-01,245,126,121,"{""sim_day"": 126.0, ""doy"": 245.0, ""topwt"": 670.1722717285156, ""grnwt"": 259.63626861572266, ""xlai"": 0.032522764056921, ""totir"": 40.0, ""tofer"": NaN, ""swfac"": 0.0, ""nstres"": 0.2122542262077331}",0.0,0.2122542262077331,670.1722717285156,259.63626861572266,0.032522764056921,40.0,,0.0,0.0,40.0,0.0,-15.725153350830077,0.2748466491699224,Leave_One_experiments/all_year_offline_schedule_search/daily_outputs/HLA/HLA_2004_HLA2004_stress_grid_S0021_daily.csv
HLA,HLA,Hailun,2004,Leave_One_experiments\wth_generated_qc\HLA\HLA2004.WTH,dry_year;water_stress_year;nitrogen_stress_year;irrigation_responsive_year,irrigation_responsive,HLA2004_stress_grid_S0021,pareto_balanced,2004-09-02,246,127,122,"{""sim_day"": 127.0, ""doy"": 246.0, ""topwt"": 673.0233001708984, ""grnwt"": 268.8576889038086, ""xlai"": 0.0317078530788421, ""totir"": 40.0, ""tofer"": NaN, ""swfac"": 0.0, ""nstres"": 0.2013487219810485}",0.0,0.2013487219810485,673.0233001708984,268.8576889038086,0.0317078530788421,40.0,,0.0,0.0,40.0,0.0,-15.725153350830077,0.2748466491699224,Leave_One_experiments/all_year_offline_schedule_search/daily_outputs/HLA/HLA_2004_HLA2004_stress_grid_S0021_daily.csv
HLA,HLA,Hailun,2004,Leave_One_experiments\wth_generated_qc\HLA\HLA2004.WTH,dry_year;water_stress_year;nitrogen_stress_year;irrigation_responsive_year,irrigation_responsive,HLA2004_stress_grid_S0021,pareto_balanced,2004-09-03,247,128,123,"{""sim_day"": 128.0, ""doy"": 247.0, ""topwt"": 677.8697204589844, ""grnwt"": 278.07912826538086, ""xlai"": 0.0309157706797122, ""totir"": 40.0, ""tofer"": NaN, ""swfac"": 0.0, ""nstres"": 0.1998417973518371}",0.0,0.1998417973518371,677.8697204589844,278.07912826538086,0.0309157706797122,40.0,,0.0,0.0,40.0,0.0,-15.725153350830077,0.2748466491699224,Leave_One_experiments/all_year_offline_schedule_search/daily_outputs/HLA/HLA_2004_HLA2004_stress_grid_S0021_daily.csv
HLA,HLA,Hailun,2004,Leave_One_experiments\wth_generated_qc\HLA\HLA2004.WTH,dry_year;water_stress_year;nitrogen_stress_year;irrigation_responsive_year,irrigation_responsive,HLA2004_stress_grid_S0021,pareto_balanced,2004-09-04,248,129,124,"{""sim_day"": 129.0, ""doy"": 248.0, ""topwt"": 681.1724853515625, ""grnwt"": 287.3005676269531, ""xlai"": 0.0301696471869945, ""totir"": 40.0, ""tofer"": NaN, ""swfac"": 0.0, ""nstres"": 0.1930754780769348}",0.0,0.1930754780769348,681.1724853515625,287.3005676269531,0.0301696471869945,40.0,,0.0,0.0,40.0,0.0,-15.725153350830077,0.2748466491699224,Leave_One_experiments/all_year_offline_schedule_search/daily_outputs/HLA/HLA_2004_HLA2004_stress_grid_S0021_daily.csv
HLA,HLA,Hailun,2004,Leave_One_experiments\wth_generated_qc\HLA\HLA2004.WTH,dry_year;water_stress_year;nitrogen_stress_year;irrigation_responsive_year,irrigation_responsive,HLA2004_stress_grid_S0021,pareto_balanced,2004-09-05,249,130,125,"{""sim_day"": 130.0, ""doy"": 249.0, ""topwt"": 685.3922271728516, ""grnwt"": 296.52198791503906, ""xlai"": 0.0294462889432907, ""totir"": 40.0, ""tofer"": NaN, ""swfac"": 0.0, ""nstres"": 0.1918128132820129}",0.0,0.1918128132820129,685.3922271728516,296.52198791503906,0.0294462889432907,40.0,,0.0,0.0,40.0,0.0,-15.725153350830077,0.2748466491699224,Leave_One_experiments/all_year_offline_schedule_search/daily_outputs/HLA/HLA_2004_HLA2004_stress_grid_S0021_daily.csv
HLA,HLA,Hailun,2004,Leave_One_experiments\wth_generated_qc\HLA\HLA2004.WTH,dry_year;water_stress_year;nitrogen_stress_year;irrigation_responsive_year,irrigation_responsive,HLA2004_stress_grid_S0021,pareto_balanced,2004-09-06,250,131,126,"{""sim_day"": 131.0, ""doy"": 250.0, ""topwt"": 691.1006164550781, ""grnwt"": 305.7434272766113, ""xlai"": 0.0287467949092388, ""totir"": 40.0, ""tofer"": NaN, ""swfac"": 0.0, ""nstres"": 0.1900396943092346}",0.0,0.1900396943092346,691.1006164550781,305.7434272766113,0.0287467949092388,40.0,,0.0,0.0,40.0,0.0,-15.725153350830077,0.2748466491699224,Leave_One_experiments/all_year_offline_schedule_search/daily_outputs/HLA/HLA_2004_HLA2004_stress_grid_S0021_daily.csv
HLA,HLA,Hailun,2004,Leave_One_experiments\wth_generated_qc\HLA\HLA2004.WTH,dry_year;water_stress_year;nitrogen_stress_year;irrigation_responsive_year,irrigation_responsive,HLA2004_stress_grid_S0021,pareto_balanced,2004-09-07,251,132,127,"{""sim_day"": 132.0, ""doy"": 251.0, ""topwt"": 697.5653076171875, ""grnwt"": 314.9648666381836, ""xlai"": 0.0280703119933605, ""totir"": 40.0, ""tofer"": NaN, ""swfac"": 0.0, ""nstres"": 0.1882580518722534}",0.0,0.1882580518722534,697.5653076171875,314.9648666381836,0.0280703119933605,40.0,,0.0,0.0,40.0,0.0,-15.725153350830077,0.2748466491699224,Leave_One_experiments/all_year_offline_schedule_search/daily_outputs/HLA/HLA_2004_HLA2004_stress_grid_S0021_daily.csv
HLA,HLA,Hailun,2004,Leave_One_experiments\wth_generated_qc\HLA\HLA2004.WTH,dry_year;water_stress_year;nitrogen_stress_year;irrigation_responsive_year,irrigation_responsive,HLA2004_stress_grid_S0021,pareto_balanced,2004-09-08,252,133,128,"{""sim_day"": 133.0, ""doy"": 252.0, ""topwt"": 701.826171875, ""grnwt"": 324.1862869262696, ""xlai"": 0.0274135433137416, ""totir"": 40.0, ""tofer"": NaN, ""swfac"": 0.0, ""nstres"": 0.1871786117553711}",0.0,0.1871786117553711,701.826171875,324.1862869262696,0.0274135433137416,40.0,,0.0,0.0,40.0,0.0,-15.725153350830077,0.2748466491699224,Leave_One_experiments/all_year_offline_schedule_search/daily_outputs/HLA/HLA_2004_HLA2004_stress_grid_S0021_daily.csv
HLA,HLA,Hailun,2004,Leave_One_experiments\wth_generated_qc\HLA\HLA2004.WTH,dry_year;water_stress_year;nitrogen_stress_year;irrigation_responsive_year,irrigation_responsive,HLA2004_stress_grid_S0021,pareto_balanced,2004-09-09,253,134,129,"{""sim_day"": 134.0, ""doy"": 253.0, ""topwt"": 708.4305572509766, ""grnwt"": 333.4077453613281, ""xlai"": 0.0267687682062387, ""totir"": 40.0, ""tofer"": NaN, ""swfac"": 0.0, ""nstres"": 0.1881582736968994}",0.0,0.1881582736968994,708.4305572509766,333.4077453613281,0.0267687682062387,40.0,,0.0,0.0,40.0,0.0,-15.725153350830077,0.2748466491699224,Leave_One_experiments/all_year_offline_schedule_search/daily_outputs/HLA/HLA_2004_HLA2004_stress_grid_S0021_daily.csv
HLA,HLA,Hailun,2004,Leave_One_experiments\wth_generated_qc\HLA\HLA2004.WTH,dry_year;water_stress_year;nitrogen_stress_year;irrigation_responsive_year,irrigation_responsive,HLA2004_stress_grid_S0021,pareto_balanced,2004-09-10,254,135,130,"{""sim_day"": 135.0, ""doy"": 254.0, ""topwt"": 715.2151489257812, ""grnwt"": 342.62916564941406, ""xlai"": 0.0261488035321235, ""totir"": 40.0, ""tofer"": NaN, ""swfac"": 0.0, ""nstres"": 0.1852760910987854}",0.0,0.1852760910987854,715.2151489257812,342.62916564941406,0.0261488035321235,40.0,,0.0,0.0,40.0,0.0,-15.725153350830077,0.2748466491699224,Leave_One_experiments/all_year_offline_schedule_search/daily_outputs/HLA/HLA_2004_HLA2004_stress_grid_S0021_daily.csv
HLA,HLA,Hailun,2004,Leave_One_experiments\wth_generated_qc\HLA\HLA2004.WTH,dry_year;water_stress_year;nitrogen_stress_year;irrigation_responsive_year,irrigation_responsive,HLA2004_stress_grid_S0021,pareto_balanced,2004-09-11,255,136,131,"{""sim_day"": 136.0, ""doy"": 255.0, ""topwt"": 722.04833984375, ""grnwt"": 351.8505859375, ""xlai"": 0.0255405567586421, ""totir"": 40.0, ""tofer"": NaN, ""swfac"": 0.0, ""nstres"": 0.1860835552215576}",0.0,0.1860835552215576,722.04833984375,351.8505859375,0.0255405567586421,40.0,,0.0,0.0,40.0,0.0,-15.725153350830077,0.2748466491699224,Leave_One_experiments/all_year_offline_schedule_search/daily_outputs/HLA/HLA_2004_HLA2004_stress_grid_S0021_daily.csv
HLA,HLA,Hailun,2004,Leave_One_experiments\wth_generated_qc\HLA\HLA2004.WTH,dry_year;water_stress_year;nitrogen_stress_year;irrigation_responsive_year,irrigation_responsive,HLA2004_stress_grid_S0021,pareto_balanced,2004-09-12,256,137,132,"{""sim_day"": 137.0, ""doy"": 256.0, ""topwt"": 727.4542999267578, ""grnwt"": 361.0720443725586, ""xlai"": 0.0249448847025632, ""totir"": 40.0, ""tofer"": NaN, ""swfac"": 0.0, ""nstres"": 0.1865761876106262}",0.0,0.1865761876106262,727.4542999267578,361.0720443725586,0.0249448847025632,40.0,,0.0,0.0,40.0,0.0,-15.725153350830077,0.2748466491699224,Leave_One_experiments/all_year_offline_schedule_search/daily_outputs/HLA/HLA_2004_HLA2004_stress_grid_S0021_daily.csv
HLA,HLA,Hailun,2004,Leave_One_experiments\wth_generated_qc\HLA\HLA2004.WTH,dry_year;water_stress_year;nitrogen_stress_year;irrigation_responsive_year,irrigation_responsive,HLA2004_stress_grid_S0021,pareto_balanced,2004-09-13,257,138,133,"{""sim_day"": 138.0, ""doy"": 257.0, ""topwt"": 732.59765625, ""grnwt"": 370.2934646606445, ""xlai"": 0.024361602962017, ""totir"": 40.0, ""tofer"": NaN, ""swfac"": 0.0, ""nstres"": 0.1870579123497009}",0.0,0.1870579123497009,732.59765625,370.2934646606445,0.024361602962017,40.0,,0.0,0.0,40.0,0.0,-15.725153350830077,0.2748466491699224,Leave_One_experiments/all_year_offline_schedule_search/daily_outputs/HLA/HLA_2004_HLA2004_stress_grid_S0021_daily.csv
HLA,HLA,Hailun,2004,Leave_One_experiments\wth_generated_qc\HLA\HLA2004.WTH,dry_year;water_stress_year;nitrogen_stress_year;irrigation_responsive_year,irrigation_responsive,HLA2004_stress_grid_S0021,pareto_balanced,2004-09-14,258,139,134,"{""sim_day"": 139.0, ""doy"": 258.0, ""topwt"": 734.8776245117188, ""grnwt"": 373.1963348388672, ""xlai"": 0.0237969048321247, ""totir"": 40.0, ""tofer"": NaN, ""swfac"": 0.0, ""nstres"": 0.1854336857795715}",0.0,0.1854336857795715,734.8776245117188,373.1963348388672,0.0237969048321247,40.0,,0.0,0.0,40.0,0.0,-15.725153350830077,0.2748466491699224,Leave_One_experiments/all_year_offline_schedule_search/daily_outputs/HLA/HLA_2004_HLA2004_stress_grid_S0021_daily.csv
HLA,HLA,Hailun,2004,Leave_One_experiments\wth_generated_qc\HLA\HLA2004.WTH,dry_year;water_stress_year;nitrogen_stress_year;irrigation_responsive_year,irrigation_responsive,HLA2004_stress_grid_S0021,pareto_balanced,2004-09-15,259,140,135,"{""sim_day"": 140.0, ""doy"": 259.0, ""topwt"": 736.4250946044922, ""grnwt"": 374.7438430786133, ""xlai"": 0.023288482800126, ""totir"": 40.0, ""tofer"": NaN, ""swfac"": 0.0, ""nstres"": 0.1709181070327758}",0.0,0.1709181070327758,736.4250946044922,374.7438430786133,0.023288482800126,40.0,,0.0,0.0,40.0,0.0,-15.725153350830077,0.2748466491699224,Leave_One_experiments/all_year_offline_schedule_search/daily_outputs/HLA/HLA_2004_HLA2004_stress_grid_S0021_daily.csv
HLA,HLA,Hailun,2004,Leave_One_experiments\wth_generated_qc\HLA\HLA2004.WTH,dry_year;water_stress_year;nitrogen_stress_year;irrigation_responsive_year,irrigation_responsive,HLA2004_stress_grid_S0021,pareto_balanced,2004-09-16,260,141,136,"{""sim_day"": 141.0, ""doy"": 260.0, ""topwt"": 741.6195678710938, ""grnwt"": 379.9383544921875, ""xlai"": 0.0228367913514375, ""totir"": 40.0, ""tofer"": NaN, ""swfac"": 0.0, ""nstres"": 0.1551588177680969}",0.0,0.1551588177680969,741.6195678710938,379.9383544921875,0.0228367913514375,40.0,,0.0,0.0,40.0,0.0,-15.725153350830077,0.2748466491699224,Leave_One_experiments/all_year_offline_schedule_search/daily_outputs/HLA/HLA_2004_HLA2004_stress_grid_S0021_daily.csv
HLA,HLA,Hailun,2004,Leave_One_experiments\wth_generated_qc\HLA\HLA2004.WTH,dry_year;water_stress_year;nitrogen_stress_year;irrigation_responsive_year,irrigation_responsive,HLA2004_stress_grid_S0021,pareto_balanced,2004-09-17,261,142,137,"{""sim_day"": 142.0, ""doy"": 261.0, ""topwt"": 747.3759460449219, ""grnwt"": 385.6946563720703, ""xlai"": 0.0224151611328125, ""totir"": 40.0, ""tofer"": NaN, ""swfac"": 0.0, ""nstres"": 0.1476979255676269}",0.0,0.1476979255676269,747.3759460449219,385.6946563720703,0.0224151611328125,40.0,,0.0,0.0,40.0,0.0,-15.725153350830077,0.2748466491699224,Leave_One_experiments/all_year_offline_schedule_search/daily_outputs/HLA/HLA_2004_HLA2004_stress_grid_S0021_daily.csv
HLA,HLA,Hailun,2004,Leave_One_experiments\wth_generated_qc\HLA\HLA2004.WTH,dry_year;water_stress_year;nitrogen_stress_year;irrigation_responsive_year,irrigation_responsive,HLA2004_stress_grid_S0021,pareto_balanced,2004-09-18,262,143,138,"{""sim_day"": 143.0, ""doy"": 262.0, ""topwt"": 749.31884765625, ""grnwt"": 387.6375579833984, ""xlai"": 0.0219933167099952, ""totir"": 40.0, ""tofer"": NaN, ""swfac"": 0.0, ""nstres"": 0.150552749633789}",0.0,0.150552749633789,749.31884765625,387.6375579833984,0.0219933167099952,40.0,,0.0,0.0,40.0,0.0,-15.725153350830077,0.2748466491699224,Leave_One_experiments/all_year_offline_schedule_search/daily_outputs/HLA/HLA_2004_HLA2004_stress_grid_S0021_daily.csv
HLA,HLA,Hailun,2004,Leave_One_experiments\wth_generated_qc\HLA\HLA2004.WTH,dry_year;water_stress_year;nitrogen_stress_year;irrigation_responsive_year,irrigation_responsive,HLA2004_stress_grid_S0021,pareto_balanced,2004-09-19,263,144,139,"{""sim_day"": 144.0, ""doy"": 263.0, ""topwt"": 754.9494171142578, ""grnwt"": 393.2681655883789, ""xlai"": 0.0197412110865116, ""totir"": 40.0, ""tofer"": NaN, ""swfac"": 0.0, ""nstres"": 0.1433408856391906}",0.0,0.1433408856391906,754.9494171142578,393.2681655883789,0.0197412110865116,40.0,,0.0,0.0,40.0,0.0,-15.725153350830077,0.2748466491699224,Leave_One_experiments/all_year_offline_schedule_search/daily_outputs/HLA/HLA_2004_HLA2004_stress_grid_S0021_daily.csv
HLA,HLA,Hailun,2004,Leave_One_experiments\wth_generated_qc\HLA\HLA2004.WTH,dry_year;water_stress_year;nitrogen_stress_year;irrigation_responsive_year,irrigation_responsive,HLA2004_stress_grid_S0021,pareto_balanced,2004-09-20,264,145,140,"{""sim_day"": 145.0, ""doy"": 264.0, ""topwt"": 759.8577880859375, ""grnwt"": 398.1765365600586, ""xlai"": 0.0191015917807817, ""totir"": 40.0, ""tofer"": NaN, ""swfac"": 0.0, ""nstres"": 0.1382330060005188}",0.0,0.1382330060005188,759.8577880859375,398.1765365600586,0.0191015917807817,40.0,,0.0,0.0,40.0,0.0,-15.725153350830077,0.2748466491699224,Leave_One_experiments/all_year_offline_schedule_search/daily_outputs/HLA/HLA_2004_HLA2004_stress_grid_S0021_daily.csv
HLA,HLA,Hailun,2004,Leave_One_experiments\wth_generated_qc\HLA\HLA2004.WTH,dry_year;water_stress_year;nitrogen_stress_year;irrigation_responsive_year,irrigation_responsive,HLA2004_stress_grid_S0021,pareto_balanced,2004-09-21,265,146,141,"{""sim_day"": 146.0, ""doy"": 265.0, ""topwt"": 764.4839477539062, ""grnwt"": 402.8026580810547, ""xlai"": 0.0187715757638216, ""totir"": 40.0, ""tofer"": NaN, ""swfac"": 0.0, ""nstres"": 0.1382139921188354}",0.0,0.1382139921188354,764.4839477539062,402.8026580810547,0.0187715757638216,40.0,,0.0,0.0,40.0,0.0,-15.725153350830077,0.2748466491699224,Leave_One_experiments/all_year_offline_schedule_search/daily_outputs/HLA/HLA_2004_HLA2004_stress_grid_S0021_daily.csv
HLA,HLA,Hailun,2004,Leave_One_experiments\wth_generated_qc\HLA\HLA2004.WTH,dry_year;water_stress_year;nitrogen_stress_year;irrigation_responsive_year,irrigation_responsive,HLA2004_stress_grid_S0021,pareto_balanced,2004-09-22,266,147,142,"{""sim_day"": 147.0, ""doy"": 266.0, ""topwt"": 768.7302398681641, ""grnwt"": 407.0489883422852, ""xlai"": 0.0172998961061239, ""totir"": 40.0, ""tofer"": NaN, ""swfac"": 0.0, ""nstres"": 0.1346765160560608}",0.0,0.1346765160560608,768.7302398681641,407.0489883422852,0.0172998961061239,40.0,,0.0,0.0,40.0,0.0,-15.725153350830077,0.2748466491699224,Leave_One_experiments/all_year_offline_schedule_search/daily_outputs/HLA/HLA_2004_HLA2004_stress_grid_S0021_daily.csv
HLA,HLA,Hailun,2004,Leave_One_experiments\wth_generated_qc\HLA\HLA2004.WTH,dry_year;water_stress_year;nitrogen_stress_year;irrigation_responsive_year,irrigation_responsive,HLA2004_stress_grid_S0021,pareto_balanced,2004-09-23,267,148,143,"{""sim_day"": 148.0, ""doy"": 267.0, ""topwt"": 772.3606872558594, ""grnwt"": 410.67943572998047, ""xlai"": 0.0170252062380313, ""totir"": 40.0, ""tofer"": NaN, ""swfac"": 0.0, ""nstres"": 0.1270192861557006}",0.0,0.1270192861557006,772.3606872558594,410.67943572998047,0.0170252062380313,40.0,,0.0,0.0,40.0,0.0,-15.725153350830077,0.2748466491699224,Leave_One_experiments/all_year_offline_schedule_search/daily_outputs/HLA/HLA_2004_HLA2004_stress_grid_S0021_daily.csv
HLA,HLA,Hailun,2004,Leave_One_experiments\wth_generated_qc\HLA\HLA2004.WTH,dry_year;water_stress_year;nitrogen_stress_year;irrigation_responsive_year,irrigation_responsive,HLA2004_stress_grid_S0021,pareto_balanced,2004-09-24,268,149,144,"{""sim_day"": 149.0, ""doy"": 268.0, ""topwt"": 774.6061706542969, ""grnwt"": 412.9248809814453, ""xlai"": 0.0167720951139926, ""totir"": 40.0, ""tofer"": NaN, ""swfac"": 0.0, ""nstres"": 0.1189307570457458}",0.0,0.1189307570457458,774.6061706542969,412.9248809814453,0.0167720951139926,40.0,,0.0,0.0,40.0,0.0,-15.725153350830077,0.2748466491699224,Leave_One_experiments/all_year_offline_schedule_search/daily_outputs/HLA/HLA_2004_HLA2004_stress_grid_S0021_daily.csv
HLA,HLA,Hailun,2004,Leave_One_experiments\wth_generated_qc\HLA\HLA2004.WTH,dry_year;water_stress_year;nitrogen_stress_year;irrigation_responsive_year,irrigation_responsive,HLA2004_stress_grid_S0021,pareto_balanced,2004-09-25,269,150,145,"{""sim_day"": 150.0, ""doy"": 269.0, ""topwt"": 776.6982269287109, ""grnwt"": 415.016975402832, ""xlai"": 0.0165553893893957, ""totir"": 40.0, ""tofer"": NaN, ""swfac"": 0.0, ""nstres"": 0.1033641099929809}",0.0,0.1033641099929809,776.6982269287109,415.016975402832,0.0165553893893957,40.0,,0.0,0.0,40.0,0.0,-15.725153350830077,0.2748466491699224,Leave_One_experiments/all_year_offline_schedule_search/daily_outputs/HLA/HLA_2004_HLA2004_stress_grid_S0021_daily.csv
HLA,HLA,Hailun,2004,Leave_One_experiments\wth_generated_qc\HLA\HLA2004.WTH,dry_year;water_stress_year;nitrogen_stress_year;irrigation_responsive_year,irrigation_responsive,HLA2004_stress_grid_S0021,pareto_balanced,2004-09-26,270,151,146,"{""sim_day"": 151.0, ""doy"": 270.0, ""topwt"": 780.6159973144531, ""grnwt"": 418.9347076416016, ""xlai"": 0.0163796991109848, ""totir"": 40.0, ""tofer"": NaN, ""swfac"": 0.0, ""nstres"": 0.0848990082740783}",0.0,0.0848990082740783,780.6159973144531,418.9347076416016,0.0163796991109848,40.0,,0.0,0.0,40.0,0.0,-15.725153350830077,0.2748466491699224,Leave_One_experiments/all_year_offline_schedule_search/daily_outputs/HLA/HLA_2004_HLA2004_stress_grid_S0021_daily.csv
HLA,HLA,Hailun,2004,Leave_One_experiments\wth_generated_qc\HLA\HLA2004.WTH,dry_year;water_stress_year;nitrogen_stress_year;irrigation_responsive_year,irrigation_responsive,HLA2004_stress_grid_S0021,pareto_balanced,2004-09-27,271,152,147,"{""sim_day"": 152.0, ""doy"": 271.0, ""topwt"": 783.0691528320312, ""grnwt"": 421.38790130615234, ""xlai"": 0.0129137570038437, ""totir"": 40.0, ""tofer"": NaN, ""swfac"": 0.0, ""nstres"": 0.0722225904464721}",0.0,0.0722225904464721,783.0691528320312,421.38790130615234,0.0129137570038437,40.0,,0.0,0.0,40.0,0.0,-15.725153350830077,0.2748466491699224,Leave_One_experiments/all_year_offline_schedule_search/daily_outputs/HLA/HLA_2004_HLA2004_stress_grid_S0021_daily.csv
HLA,HLA,Hailun,2004,Leave_One_experiments\wth_generated_qc\HLA\HLA2004.WTH,dry_year;water_stress_year;nitrogen_stress_year;irrigation_responsive_year,irrigation_responsive,HLA2004_stress_grid_S0021,pareto_balanced,2004-09-28,272,153,148,"{""sim_day"": 153.0, ""doy"": 272.0, ""topwt"": 784.7899627685547, ""grnwt"": 423.1087112426758, ""xlai"": 0.0123972166329622, ""totir"": 40.0, ""tofer"": NaN, ""swfac"": 0.0, ""nstres"": 0.0664124488830566}",0.0,0.0664124488830566,784.7899627685547,423.1087112426758,0.0123972166329622,40.0,,0.0,0.0,40.0,0.0,-15.725153350830077,0.2748466491699224,Leave_One_experiments/all_year_offline_schedule_search/daily_outputs/HLA/HLA_2004_HLA2004_stress_grid_S0021_daily.csv
HLA,HLA,Hailun,2004,Leave_One_experiments\wth_generated_qc\HLA\HLA2004.WTH,dry_year;water_stress_year;nitrogen_stress_year;irrigation_responsive_year,irrigation_responsive,HLA2004_stress_grid_S0021,pareto_balanced,2004-09-29,273,154,149,"{""sim_day"": 154.0, ""doy"": 273.0, ""topwt"": 785.8499145507812, ""grnwt"": 423.932991027832, ""xlai"": 0.010511596687138, ""totir"": 40.0, ""tofer"": NaN, ""swfac"": 0.0, ""nstres"": 0.0597689151763916}",0.0,0.0597689151763916,785.8499145507812,423.932991027832,0.010511596687138,40.0,,0.0,0.0,40.0,0.0,-15.725153350830077,0.2748466491699224,Leave_One_experiments/all_year_offline_schedule_search/daily_outputs/HLA/HLA_2004_HLA2004_stress_grid_S0021_daily.csv
HLA,HLA,Hailun,2004,Leave_One_experiments\wth_generated_qc\HLA\HLA2004.WTH,dry_year;water_stress_year;nitrogen_stress_year;irrigation_responsive_year,irrigation_responsive,HLA2004_stress_grid_S0021,pareto_balanced,2004-09-30,274,155,150,"{""sim_day"": 155.0, ""doy"": 274.0, ""topwt"": 786.6210174560547, ""grnwt"": 424.7572326660156, ""xlai"": 0.0070963744074106, ""totir"": 40.0, ""tofer"": NaN, ""swfac"": 0.0, ""nstres"": 0.046957790851593}",0.0,0.046957790851593,786.6210174560547,424.7572326660156,0.0070963744074106,40.0,,0.0,0.0,40.0,0.0,-15.725153350830077,0.2748466491699224,Leave_One_experiments/all_year_offline_schedule_search/daily_outputs/HLA/HLA_2004_HLA2004_stress_grid_S0021_daily.csv
HLA,HLA,Hailun,2004,Leave_One_experiments\wth_generated_qc\HLA\HLA2004.WTH,dry_year;water_stress_year;nitrogen_stress_year;irrigation_responsive_year,irrigation_responsive,HLA2004_stress_grid_S0021,pareto_balanced,2004-10-01,275,156,151,"{""sim_day"": 156.0, ""doy"": 275.0, ""topwt"": 786.6262817382812, ""grnwt"": 424.7572326660156, ""xlai"": 0.0026675413828343, ""totir"": 40.0, ""tofer"": NaN, ""swfac"": 0.0, ""nstres"": 0.0403583049774169}",0.0,0.0403583049774169,786.6262817382812,424.7572326660156,0.0026675413828343,40.0,,0.0,0.0,40.0,0.0,-15.725153350830077,0.2748466491699224,Leave_One_experiments/all_year_offline_schedule_search/daily_outputs/HLA/HLA_2004_HLA2004_stress_grid_S0021_daily.csv
HLA,HLA,Hailun,2004,Leave_One_experiments\wth_generated_qc\HLA\HLA2004.WTH,dry_year;water_stress_year;nitrogen_stress_year;irrigation_responsive_year,irrigation_responsive,HLA2004_stress_grid_S0021,pareto_balanced,2004-10-02,276,157,152,"{""sim_day"": 157.0, ""doy"": 276.0, ""topwt"": 787.52197265625, ""grnwt"": 425.3239059448242, ""xlai"": 0.0017389830900356, ""totir"": 40.0, ""tofer"": NaN, ""swfac"": 0.0, ""nstres"": 0.0234789252281188}",0.0,0.0234789252281188,787.52197265625,425.3239059448242,0.0017389830900356,40.0,,0.0,0.0,40.0,0.0,-15.725153350830077,0.2748466491699224,Leave_One_experiments/all_year_offline_schedule_search/daily_outputs/HLA/HLA_2004_HLA2004_stress_grid_S0021_daily.csv
HLA,HLA,Hailun,2004,Leave_One_experiments\wth_generated_qc\HLA\HLA2004.WTH,dry_year;water_stress_year;nitrogen_stress_year;irrigation_responsive_year,irrigation_responsive,HLA2004_stress_grid_S0021,pareto_balanced,2004-10-03,277,158,153,"{""sim_day"": 158.0, ""doy"": 277.0, ""topwt"": 787.2287750244141, ""grnwt"": 425.5474853515625, ""xlai"": 0.0017048949375748, ""totir"": 40.0, ""tofer"": NaN, ""swfac"": 0.0, ""nstres"": 0.0136648416519165}",0.0,0.0136648416519165,787.2287750244141,425.5474853515625,0.0017048949375748,40.0,,0.0,0.0,40.0,0.0,-15.725153350830077,0.2748466491699224,Leave_One_experiments/all_year_offline_schedule_search/daily_outputs/HLA/HLA_2004_HLA2004_stress_grid_S0021_daily.csv
HLA,HLA,Hailun,2004,Leave_One_experiments\wth_generated_qc\HLA\HLA2004.WTH,dry_year;water_stress_year;nitrogen_stress_year;irrigation_responsive_year,irrigation_responsive,HLA2004_stress_grid_S0021,pareto_balanced,2004-10-04,278,159,154,"{""sim_day"": 159.0, ""doy"": 278.0, ""topwt"": 787.6129150390625, ""grnwt"": 425.9316253662109, ""xlai"": 0.0014455871423706, ""totir"": 40.0, ""tofer"": NaN, ""swfac"": 0.0, ""nstres"": 0.0053139925003051}",0.0,0.0053139925003051,787.6129150390625,425.9316253662109,0.0014455871423706,40.0,,0.0,0.0,40.0,0.0,-15.725153350830077,0.2748466491699224,Leave_One_experiments/all_year_offline_schedule_search/daily_outputs/HLA/HLA_2004_HLA2004_stress_grid_S0021_daily.csv
HLA,HLA,Hailun,2004,Leave_One_experiments\wth_generated_qc\HLA\HLA2004.WTH,dry_year;water_stress_year;nitrogen_stress_year;irrigation_responsive_year,irrigation_responsive,HLA2004_stress_grid_S0021,pareto_balanced,2004-10-05,279,160,155,"{""sim_day"": 160.0, ""doy"": 279.0, ""topwt"": 787.9425811767578, ""grnwt"": 426.2613296508789, ""xlai"": 0.0012582397321239, ""totir"": 40.0, ""tofer"": NaN, ""swfac"": 0.0, ""nstres"": 0.0}",0.0,0.0,787.9425811767578,426.2613296508789,0.0012582397321239,40.0,,0.0,0.0,40.0,0.0,-15.725153350830077,0.2748466491699224,Leave_One_experiments/all_year_offline_schedule_search/daily_outputs/HLA/HLA_2004_HLA2004_stress_grid_S0021_daily.csv
HLA,HLA,Hailun,2004,Leave_One_experiments\wth_generated_qc\HLA\HLA2004.WTH,dry_year;water_stress_year;nitrogen_stress_year;irrigation_responsive_year,irrigation_responsive,HLA2004_stress_grid_S0021,pareto_balanced,2004-10-06,280,161,156,"{""sim_day"": 161.0, ""doy"": 280.0, ""topwt"": 788.2276916503906, ""grnwt"": 426.5464019775391, ""xlai"": 0.0012582397321239, ""totir"": 40.0, ""tofer"": NaN, ""swfac"": 0.0, ""nstres"": 0.0}",0.0,0.0,788.2276916503906,426.5464019775391,0.0012582397321239,40.0,,0.0,0.0,40.0,0.0,-15.725153350830077,0.2748466491699224,Leave_One_experiments/all_year_offline_schedule_search/daily_outputs/HLA/HLA_2004_HLA2004_stress_grid_S0021_daily.csv
HLA,HLA,Hailun,2004,Leave_One_experiments\wth_generated_qc\HLA\HLA2004.WTH,dry_year;water_stress_year;nitrogen_stress_year;irrigation_responsive_year,irrigation_responsive,HLA2004_stress_grid_S0021,pareto_balanced,2004-10-07,281,162,157,"{""sim_day"": 162.0, ""doy"": 281.0, ""topwt"": 788.5050964355469, ""grnwt"": 426.8238067626953, ""xlai"": 0.0012582397321239, ""totir"": 40.0, ""tofer"": NaN, ""swfac"": 0.0, ""nstres"": 0.0}",0.0,0.0,788.5050964355469,426.8238067626953,0.0012582397321239,40.0,,0.0,0.0,40.0,0.0,-15.725153350830077,0.2748466491699224,Leave_One_experiments/all_year_offline_schedule_search/daily_outputs/HLA/HLA_2004_HLA2004_stress_grid_S0021_daily.csv
HLA,HLA,Hailun,2004,Leave_One_experiments\wth_generated_qc\HLA\HLA2004.WTH,dry_year;water_stress_year;nitrogen_stress_year;irrigation_responsive_year,irrigation_responsive,HLA2004_stress_grid_S0021,pareto_balanced,2004-10-08,282,163,158,"{""sim_day"": 163.0, ""doy"": 282.0, ""topwt"": 788.7844085693359, ""grnwt"": 427.1031188964844, ""xlai"": 0.0011795959435403, ""totir"": 40.0, ""tofer"": NaN, ""swfac"": 0.0, ""nstres"": 0.0}",0.0,0.0,788.7844085693359,427.1031188964844,0.0011795959435403,40.0,,0.0,0.0,40.0,0.0,-15.725153350830077,0.2748466491699224,Leave_One_experiments/all_year_offline_schedule_search/daily_outputs/HLA/HLA_2004_HLA2004_stress_grid_S0021_daily.csv
HLA,HLA,Hailun,2004,Leave_One_experiments\wth_generated_qc\HLA\HLA2004.WTH,dry_year;water_stress_year;nitrogen_stress_year;irrigation_responsive_year,irrigation_responsive,HLA2004_stress_grid_S0021,pareto_balanced,2004-10-09,283,164,159,"{""sim_day"": 164.0, ""doy"": 283.0, ""topwt"": 789.0265655517578, ""grnwt"": 427.3452758789063, ""xlai"": 0.0011795959435403, ""totir"": 40.0, ""tofer"": NaN, ""swfac"": 0.0, ""nstres"": 0.0}",0.0,0.0,789.0265655517578,427.3452758789063,0.0011795959435403,40.0,,0.0,0.0,40.0,0.0,-15.725153350830077,0.2748466491699224,Leave_One_experiments/all_year_offline_schedule_search/daily_outputs/HLA/HLA_2004_HLA2004_stress_grid_S0021_daily.csv
HLA,HLA,Hailun,2004,Leave_One_experiments\wth_generated_qc\HLA\HLA2004.WTH,dry_year;water_stress_year;nitrogen_stress_year;irrigation_responsive_year,irrigation_responsive,HLA2004_stress_grid_S0021,pareto_balanced,2004-10-10,284,165,160,"{""sim_day"": 165.0, ""doy"": 284.0, ""topwt"": 789.1659545898438, ""grnwt"": 427.4846649169922, ""xlai"": 0.0011455077910795, ""totir"": 40.0, ""tofer"": NaN, ""swfac"": 0.0, ""nstres"": 0.0}",0.0,0.0,789.1659545898438,427.4846649169922,0.0011455077910795,40.0,,0.0,0.0,40.0,0.0,-15.725153350830077,0.2748466491699224,Leave_One_experiments/all_year_offline_schedule_search/daily_outputs/HLA/HLA_2004_HLA2004_stress_grid_S0021_daily.csv
HLA,HLA,Hailun,2004,Leave_One_experiments\wth_generated_qc\HLA\HLA2004.WTH,dry_year;water_stress_year;nitrogen_stress_year;irrigation_responsive_year,irrigation_responsive,HLA2004_stress_grid_S0021,pareto_balanced,2004-10-11,285,166,161,"{""sim_day"": 166.0, ""doy"": 285.0, ""topwt"": 789.1846466064453, ""grnwt"": 427.4846649169922, ""xlai"": 0.000317871075822, ""totir"": 40.0, ""tofer"": NaN, ""swfac"": 0.0, ""nstres"": 0.0}",0.0,0.0,789.1846466064453,427.4846649169922,0.000317871075822,40.0,,0.0,0.0,40.0,0.0,-15.725153350830077,0.2748466491699224,Leave_One_experiments/all_year_offline_schedule_search/daily_outputs/HLA/HLA_2004_HLA2004_stress_grid_S0021_daily.csv
HLA,HLA,Hailun,2004,Leave_One_experiments\wth_generated_qc\HLA\HLA2004.WTH,dry_year;water_stress_year;nitrogen_stress_year;irrigation_responsive_year,irrigation_responsive,HLA2004_stress_grid_S0021,pareto_balanced,2004-10-12,286,167,162,"{""sim_day"": 167.0, ""doy"": 286.0, ""topwt"": 789.1846466064453, ""grnwt"": 427.4846649169922, ""xlai"": 0.0, ""totir"": 40.0, ""tofer"": NaN, ""swfac"": 0.0, ""nstres"": 0.0}",0.0,0.0,789.1846466064453,427.4846649169922,0.0,40.0,,0.0,0.0,40.0,0.0,-15.725153350830077,0.2748466491699224,Leave_One_experiments/all_year_offline_schedule_search/daily_outputs/HLA/HLA_2004_HLA2004_stress_grid_S0021_daily.csv
HLA,HLA,Hailun,2004,Leave_One_experiments\wth_generated_qc\HLA\HLA2004.WTH,dry_year;water_stress_year;nitrogen_stress_year;irrigation_responsive_year,irrigation_responsive,HLA2004_stress_grid_S0021,pareto_balanced,2004-10-13,287,168,163,"{""sim_day"": 168.0, ""doy"": 287.0, ""topwt"": 789.1846466064453, ""grnwt"": 427.4846649169922, ""xlai"": 0.0, ""totir"": 40.0, ""tofer"": NaN, ""swfac"": 0.0, ""nstres"": 0.0}",0.0,0.0,789.1846466064453,427.4846649169922,0.0,40.0,,0.0,0.0,40.0,0.0,-15.725153350830077,0.2748466491699224,Leave_One_experiments/all_year_offline_schedule_search/daily_outputs/HLA/HLA_2004_HLA2004_stress_grid_S0021_daily.csv
HLA,HLA,Hailun,2004,Leave_One_experiments\wth_generated_qc\HLA\HLA2004.WTH,dry_year;water_stress_year;nitrogen_stress_year;irrigation_responsive_year,irrigation_responsive,HLA2004_stress_grid_S0021,pareto_balanced,2004-10-14,288,169,164,"{""sim_day"": 169.0, ""doy"": 288.0, ""topwt"": 789.1846466064453, ""grnwt"": 427.4846649169922, ""xlai"": 0.0, ""totir"": 40.0, ""tofer"": NaN, ""swfac"": 0.0, ""nstres"": 0.0}",0.0,0.0,789.1846466064453,427.4846649169922,0.0,40.0,,0.0,0.0,40.0,0.0,-15.725153350830077,0.2748466491699224,Leave_One_experiments/all_year_offline_schedule_search/daily_outputs/HLA/HLA_2004_HLA2004_stress_grid_S0021_daily.csv
HLA,HLA,Hailun,2004,Leave_One_experiments\wth_generated_qc\HLA\HLA2004.WTH,dry_year;water_stress_year;nitrogen_stress_year;irrigation_responsive_year,irrigation_responsive,HLA2004_stress_grid_S0021,pareto_balanced,2004-10-15,289,170,165,"{""sim_day"": 170.0, ""doy"": 289.0, ""topwt"": 789.1846466064453, ""grnwt"": 427.4846649169922, ""xlai"": 0.0, ""totir"": 40.0, ""tofer"": NaN, ""swfac"": 0.0, ""nstres"": 0.0}",0.0,0.0,789.1846466064453,427.4846649169922,0.0,40.0,,0.0,0.0,40.0,0.0,-15.725153350830077,0.2748466491699224,Leave_One_experiments/all_year_offline_schedule_search/daily_outputs/HLA/HLA_2004_HLA2004_stress_grid_S0021_daily.csv
HLA,HLA,Hailun,2004,Leave_One_experiments\wth_generated_qc\HLA\HLA2004.WTH,dry_year;water_stress_year;nitrogen_stress_year;irrigation_responsive_year,irrigation_responsive,HLA2004_stress_grid_S0021,pareto_balanced,2004-10-16,290,171,166,"{""sim_day"": 171.0, ""doy"": 290.0, ""topwt"": 789.1846466064453, ""grnwt"": 427.4846649169922, ""xlai"": 0.0, ""totir"": 40.0, ""tofer"": NaN, ""swfac"": 0.0, ""nstres"": 0.0}",0.0,0.0,789.1846466064453,427.4846649169922,0.0,40.0,,0.0,0.0,40.0,0.0,-15.725153350830077,0.2748466491699224,Leave_One_experiments/all_year_offline_schedule_search/daily_outputs/HLA/HLA_2004_HLA2004_stress_grid_S0021_daily.csv
HLA,HLA,Hailun,2004,Leave_One_experiments\wth_generated_qc\HLA\HLA2004.WTH,dry_year;water_stress_year;nitrogen_stress_year;irrigation_responsive_year,irrigation_responsive,HLA2004_stress_grid_S0021,pareto_balanced,2004-10-17,291,172,167,"{""sim_day"": 172.0, ""doy"": 291.0, ""topwt"": 789.1846466064453, ""grnwt"": 427.4846649169922, ""xlai"": 0.0, ""totir"": 40.0, ""tofer"": NaN, ""swfac"": 0.0, ""nstres"": 0.0}",0.0,0.0,789.1846466064453,427.4846649169922,0.0,40.0,,0.0,0.0,40.0,0.0,-15.725153350830077,0.2748466491699224,Leave_One_experiments/all_year_offline_schedule_search/daily_outputs/HLA/HLA_2004_HLA2004_stress_grid_S0021_daily.csv
HLA,HLA,Hailun,2004,Leave_One_experiments\wth_generated_qc\HLA\HLA2004.WTH,dry_year;water_stress_year;nitrogen_stress_year;irrigation_responsive_year,irrigation_responsive,HLA2004_stress_grid_S0021,pareto_balanced,2004-10-18,292,173,168,"{""sim_day"": 173.0, ""doy"": 292.0, ""topwt"": 789.1846466064453, ""grnwt"": 427.4846649169922, ""xlai"": 0.0, ""totir"": 40.0, ""tofer"": NaN, ""swfac"": 0.0, ""nstres"": 0.0}",0.0,0.0,789.1846466064453,427.4846649169922,0.0,40.0,,0.0,0.0,40.0,0.0,-15.725153350830077,0.2748466491699224,Leave_One_experiments/all_year_offline_schedule_search/daily_outputs/HLA/HLA_2004_HLA2004_stress_grid_S0021_daily.csv
HLA,HLA,Hailun,2004,Leave_One_experiments\wth_generated_qc\HLA\HLA2004.WTH,dry_year;water_stress_year;nitrogen_stress_year;irrigation_responsive_year,irrigation_responsive,HLA2004_stress_grid_S0021,pareto_balanced,2004-10-19,293,174,169,"{""sim_day"": 174.0, ""doy"": 293.0, ""topwt"": 789.1846466064453, ""grnwt"": 427.4846649169922, ""xlai"": 0.0, ""totir"": 40.0, ""tofer"": NaN, ""swfac"": 0.0, ""nstres"": 0.0}",0.0,0.0,789.1846466064453,427.4846649169922,0.0,40.0,,0.0,0.0,40.0,0.0,-15.725153350830077,0.2748466491699224,Leave_One_experiments/all_year_offline_schedule_search/daily_outputs/HLA/HLA_2004_HLA2004_stress_grid_S0021_daily.csv
HLA,HLA,Hailun,2004,Leave_One_experiments\wth_generated_qc\HLA\HLA2004.WTH,dry_year;water_stress_year;nitrogen_stress_year;irrigation_responsive_year,irrigation_responsive,HLA2004_stress_grid_S0021,pareto_balanced,2004-10-20,294,175,170,"{""sim_day"": 175.0, ""doy"": 294.0, ""topwt"": 789.1846466064453, ""grnwt"": 427.4846649169922, ""xlai"": 0.0, ""totir"": 40.0, ""tofer"": NaN, ""swfac"": 0.0, ""nstres"": 0.0}",0.0,0.0,789.1846466064453,427.4846649169922,0.0,40.0,,0.0,0.0,40.0,0.0,-15.725153350830077,0.2748466491699224,Leave_One_experiments/all_year_offline_schedule_search/daily_outputs/HLA/HLA_2004_HLA2004_stress_grid_S0021_daily.csv
HLA,HLA,Hailun,2007,Leave_One_experiments\wth_generated_qc\HLA\HLA2007.WTH,normal_year;nitrogen_stress_year;low_response_year,normal,HLA2007_normal_grid_S0013,irrigation_positive_candidate,2007-05-05,125,1,1,"{""sim_day"": 1.0, ""doy"": 125.0, ""topwt"": 0.0, ""grnwt"": 0.0, ""xlai"": 0.0, ""totir"": 0.0, ""tofer"": NaN, ""swfac"": 0.0, ""nstres"": 0.0}",0.0,0.0,0.0,0.0,0.0,0.0,,0.0,50.0,30.0,150.0,13.10486450195313,25.10486450195313,Leave_One_experiments/all_year_offline_schedule_search/daily_outputs/HLA/HLA_2007_HLA2007_normal_grid_S0013_daily.csv
HLA,HLA,Hailun,2007,Leave_One_experiments\wth_generated_qc\HLA\HLA2007.WTH,normal_year;nitrogen_stress_year;low_response_year,normal,HLA2007_normal_grid_S0013,irrigation_positive_candidate,2007-05-06,126,2,2,"{""sim_day"": 2.0, ""doy"": 126.0, ""topwt"": 0.0, ""grnwt"": 0.0, ""xlai"": 0.0, ""totir"": 0.0, ""tofer"": NaN, ""swfac"": 0.0, ""nstres"": 0.0}",0.0,0.0,0.0,0.0,0.0,0.0,,0.0,0.0,30.0,150.0,13.10486450195313,25.10486450195313,Leave_One_experiments/all_year_offline_schedule_search/daily_outputs/HLA/HLA_2007_HLA2007_normal_grid_S0013_daily.csv
HLA,HLA,Hailun,2007,Leave_One_experiments\wth_generated_qc\HLA\HLA2007.WTH,normal_year;nitrogen_stress_year;low_response_year,normal,HLA2007_normal_grid_S0013,irrigation_positive_candidate,2007-05-07,127,3,3,"{""sim_day"": 3.0, ""doy"": 127.0, ""topwt"": 0.0, ""grnwt"": 0.0, ""xlai"": 0.0, ""totir"": 0.0, ""tofer"": NaN, ""swfac"": 0.0, ""nstres"": 0.0}",0.0,0.0,0.0,0.0,0.0,0.0,,0.0,0.0,30.0,150.0,13.10486450195313,25.10486450195313,Leave_One_experiments/all_year_offline_schedule_search/daily_outputs/HLA/HLA_2007_HLA2007_normal_grid_S0013_daily.csv
HLA,HLA,Hailun,2007,Leave_One_experiments\wth_generated_qc\HLA\HLA2007.WTH,normal_year;nitrogen_stress_year;low_response_year,normal,HLA2007_normal_grid_S0013,irrigation_positive_candidate,2007-05-08,128,4,4,"{""sim_day"": 4.0, ""doy"": 128.0, ""topwt"": 0.0, ""grnwt"": 0.0, ""xlai"": 0.0, ""totir"": 0.0, ""tofer"": NaN, ""swfac"": 0.0, ""nstres"": 0.0}",0.0,0.0,0.0,0.0,0.0,0.0,,0.0,0.0,30.0,150.0,13.10486450195313,25.10486450195313,Leave_One_experiments/all_year_offline_schedule_search/daily_outputs/HLA/HLA_2007_HLA2007_normal_grid_S0013_daily.csv
HLA,HLA,Hailun,2007,Leave_One_experiments\wth_generated_qc\HLA\HLA2007.WTH,normal_year;nitrogen_stress_year;low_response_year,normal,HLA2007_normal_grid_S0013,irrigation_positive_candidate,2007-05-09,129,5,5,"{""sim_day"": 5.0, ""doy"": 129.0, ""topwt"": 0.0, ""grnwt"": 0.0, ""xlai"": 0.0, ""totir"": 0.0, ""tofer"": NaN, ""swfac"": 0.0, ""nstres"": 0.0}",0.0,0.0,0.0,0.0,0.0,0.0,,0.0,0.0,30.0,150.0,13.10486450195313,25.10486450195313,Leave_One_experiments/all_year_offline_schedule_search/daily_outputs/HLA/HLA_2007_HLA2007_normal_grid_S0013_daily.csv
HLA,HLA,Hailun,2007,Leave_One_experiments\wth_generated_qc\HLA\HLA2007.WTH,normal_year;nitrogen_stress_year;low_response_year,normal,HLA2007_normal_grid_S0013,irrigation_positive_candidate,2007-05-05,125,6,1,"{""sim_day"": 6.0, ""doy"": 125.0, ""topwt"": 0.0, ""grnwt"": 0.0, ""xlai"": 0.0, ""totir"": 0.0, ""tofer"": NaN, ""swfac"": 0.0, ""nstres"": 0.0}",0.0,0.0,0.0,0.0,0.0,0.0,,0.0,0.0,30.0,150.0,13.10486450195313,25.10486450195313,Leave_One_experiments/all_year_offline_schedule_search/daily_outputs/HLA/HLA_2007_HLA2007_normal_grid_S0013_daily.csv
HLA,HLA,Hailun,2007,Leave_One_experiments\wth_generated_qc\HLA\HLA2007.WTH,normal_year;nitrogen_stress_year;low_response_year,normal,HLA2007_normal_grid_S0013,irrigation_positive_candidate,2007-05-06,126,7,2,"{""sim_day"": 7.0, ""doy"": 126.0, ""topwt"": 0.0, ""grnwt"": 0.0, ""xlai"": 0.0, ""totir"": 0.0, ""tofer"": NaN, ""swfac"": 0.0, ""nstres"": 0.0}",0.0,0.0,0.0,0.0,0.0,0.0,,0.0,0.0,30.0,150.0,13.10486450195313,25.10486450195313,Leave_One_experiments/all_year_offline_schedule_search/daily_outputs/HLA/HLA_2007_HLA2007_normal_grid_S0013_daily.csv
HLA,HLA,Hailun,2007,Leave_One_experiments\wth_generated_qc\HLA\HLA2007.WTH,normal_year;nitrogen_stress_year;low_response_year,normal,HLA2007_normal_grid_S0013,irrigation_positive_candidate,2007-05-07,127,8,3,"{""sim_day"": 8.0, ""doy"": 127.0, ""topwt"": 0.0, ""grnwt"": 0.0, ""xlai"": 0.0, ""totir"": 0.0, ""tofer"": NaN, ""swfac"": 0.0, ""nstres"": 0.0}",0.0,0.0,0.0,0.0,0.0,0.0,,0.0,0.0,30.0,150.0,13.10486450195313,25.10486450195313,Leave_One_experiments/all_year_offline_schedule_search/daily_outputs/HLA/HLA_2007_HLA2007_normal_grid_S0013_daily.csv
HLA,HLA,Hailun,2007,Leave_One_experiments\wth_generated_qc\HLA\HLA2007.WTH,normal_year;nitrogen_stress_year;low_response_year,normal,HLA2007_normal_grid_S0013,irrigation_positive_candidate,2007-05-08,128,9,4,"{""sim_day"": 9.0, ""doy"": 128.0, ""topwt"": 0.0, ""grnwt"": 0.0, ""xlai"": 0.0, ""totir"": 0.0, ""tofer"": NaN, ""swfac"": 0.0, ""nstres"": 0.0}",0.0,0.0,0.0,0.0,0.0,0.0,,0.0,0.0,30.0,150.0,13.10486450195313,25.10486450195313,Leave_One_experiments/all_year_offline_schedule_search/daily_outputs/HLA/HLA_2007_HLA2007_normal_grid_S0013_daily.csv
HLA,HLA,Hailun,2007,Leave_One_experiments\wth_generated_qc\HLA\HLA2007.WTH,normal_year;nitrogen_stress_year;low_response_year,normal,HLA2007_normal_grid_S0013,irrigation_positive_candidate,2007-05-09,129,10,5,"{""sim_day"": 10.0, ""doy"": 129.0, ""topwt"": 0.0, ""grnwt"": 0.0, ""xlai"": 0.0, ""totir"": 0.0, ""tofer"": NaN, ""swfac"": 0.0, ""nstres"": 0.0}",0.0,0.0,0.0,0.0,0.0,0.0,,0.0,0.0,30.0,150.0,13.10486450195313,25.10486450195313,Leave_One_experiments/all_year_offline_schedule_search/daily_outputs/HLA/HLA_2007_HLA2007_normal_grid_S0013_daily.csv
HLA,HLA,Hailun,2007,Leave_One_experiments\wth_generated_qc\HLA\HLA2007.WTH,normal_year;nitrogen_stress_year;low_response_year,normal,HLA2007_normal_grid_S0013,irrigation_positive_candidate,2007-05-10,130,11,6,"{""sim_day"": 11.0, ""doy"": 130.0, ""topwt"": 0.0, ""grnwt"": 0.0, ""xlai"": 0.0, ""totir"": 0.0, ""tofer"": NaN, ""swfac"": 0.0, ""nstres"": 0.0}",0.0,0.0,0.0,0.0,0.0,0.0,,0.0,0.0,30.0,150.0,13.10486450195313,25.10486450195313,Leave_One_experiments/all_year_offline_schedule_search/daily_outputs/HLA/HLA_2007_HLA2007_normal_grid_S0013_daily.csv
HLA,HLA,Hailun,2007,Leave_One_experiments\wth_generated_qc\HLA\HLA2007.WTH,normal_year;nitrogen_stress_year;low_response_year,normal,HLA2007_normal_grid_S0013,irrigation_positive_candidate,2007-05-11,131,12,7,"{""sim_day"": 12.0, ""doy"": 131.0, ""topwt"": 0.0, ""grnwt"": 0.0, ""xlai"": 0.0, ""totir"": 0.0, ""tofer"": NaN, ""swfac"": 0.0, ""nstres"": 0.0}",0.0,0.0,0.0,0.0,0.0,0.0,,0.0,0.0,30.0,150.0,13.10486450195313,25.10486450195313,Leave_One_experiments/all_year_offline_schedule_search/daily_outputs/HLA/HLA_2007_HLA2007_normal_grid_S0013_daily.csv
HLA,HLA,Hailun,2007,Leave_One_experiments\wth_generated_qc\HLA\HLA2007.WTH,normal_year;nitrogen_stress_year;low_response_year,normal,HLA2007_normal_grid_S0013,irrigation_positive_candidate,2007-05-12,132,13,8,"{""sim_day"": 13.0, ""doy"": 132.0, ""topwt"": 0.0, ""grnwt"": 0.0, ""xlai"": 0.0, ""totir"": 0.0, ""tofer"": NaN, ""swfac"": 0.0, ""nstres"": 0.0}",0.0,0.0,0.0,0.0,0.0,0.0,,0.0,0.0,30.0,150.0,13.10486450195313,25.10486450195313,Leave_One_experiments/all_year_offline_schedule_search/daily_outputs/HLA/HLA_2007_HLA2007_normal_grid_S0013_daily.csv
HLA,HLA,Hailun,2007,Leave_One_experiments\wth_generated_qc\HLA\HLA2007.WTH,normal_year;nitrogen_stress_year;low_response_year,normal,HLA2007_normal_grid_S0013,irrigation_positive_candidate,2007-05-13,133,14,9,"{""sim_day"": 14.0, ""doy"": 133.0, ""topwt"": 0.0, ""grnwt"": 0.0, ""xlai"": 0.0, ""totir"": 0.0, ""tofer"": NaN, ""swfac"": 0.0, ""nstres"": 0.0}",0.0,0.0,0.0,0.0,0.0,0.0,,0.0,0.0,30.0,150.0,13.10486450195313,25.10486450195313,Leave_One_experiments/all_year_offline_schedule_search/daily_outputs/HLA/HLA_2007_HLA2007_normal_grid_S0013_daily.csv
HLA,HLA,Hailun,2007,Leave_One_experiments\wth_generated_qc\HLA\HLA2007.WTH,normal_year;nitrogen_stress_year;low_response_year,normal,HLA2007_normal_grid_S0013,irrigation_positive_candidate,2007-05-14,134,15,10,"{""sim_day"": 15.0, ""doy"": 134.0, ""topwt"": 0.0, ""grnwt"": 0.0, ""xlai"": 0.0, ""totir"": 0.0, ""tofer"": NaN, ""swfac"": 0.0, ""nstres"": 0.0}",0.0,0.0,0.0,0.0,0.0,0.0,,0.0,0.0,30.0,150.0,13.10486450195313,25.10486450195313,Leave_One_experiments/all_year_offline_schedule_search/daily_outputs/HLA/HLA_2007_HLA2007_normal_grid_S0013_daily.csv
HLA,HLA,Hailun,2007,Leave_One_experiments\wth_generated_qc\HLA\HLA2007.WTH,normal_year;nitrogen_stress_year;low_response_year,normal,HLA2007_normal_grid_S0013,irrigation_positive_candidate,2007-05-15,135,16,11,"{""sim_day"": 16.0, ""doy"": 135.0, ""topwt"": 0.0, ""grnwt"": 0.0, ""xlai"": 0.0, ""totir"": 0.0, ""tofer"": NaN, ""swfac"": 0.0, ""nstres"": 0.0}",0.0,0.0,0.0,0.0,0.0,0.0,,0.0,0.0,30.0,150.0,13.10486450195313,25.10486450195313,Leave_One_experiments/all_year_offline_schedule_search/daily_outputs/HLA/HLA_2007_HLA2007_normal_grid_S0013_daily.csv
HLA,HLA,Hailun,2007,Leave_One_experiments\wth_generated_qc\HLA\HLA2007.WTH,normal_year;nitrogen_stress_year;low_response_year,normal,HLA2007_normal_grid_S0013,irrigation_positive_candidate,2007-05-16,136,17,12,"{""sim_day"": 17.0, ""doy"": 136.0, ""topwt"": 0.0, ""grnwt"": 0.0, ""xlai"": 0.0, ""totir"": 0.0, ""tofer"": NaN, ""swfac"": 0.0, ""nstres"": 0.0}",0.0,0.0,0.0,0.0,0.0,0.0,,0.0,0.0,30.0,150.0,13.10486450195313,25.10486450195313,Leave_One_experiments/all_year_offline_schedule_search/daily_outputs/HLA/HLA_2007_HLA2007_normal_grid_S0013_daily.csv
HLA,HLA,Hailun,2007,Leave_One_experiments\wth_generated_qc\HLA\HLA2007.WTH,normal_year;nitrogen_stress_year;low_response_year,normal,HLA2007_normal_grid_S0013,irrigation_positive_candidate,2007-05-17,137,18,13,"{""sim_day"": 18.0, ""doy"": 137.0, ""topwt"": 0.0, ""grnwt"": 0.0, ""xlai"": 0.0, ""totir"": 0.0, ""tofer"": NaN, ""swfac"": 0.0, ""nstres"": 0.0}",0.0,0.0,0.0,0.0,0.0,0.0,,0.0,0.0,30.0,150.0,13.10486450195313,25.10486450195313,Leave_One_experiments/all_year_offline_schedule_search/daily_outputs/HLA/HLA_2007_HLA2007_normal_grid_S0013_daily.csv
HLA,HLA,Hailun,2007,Leave_One_experiments\wth_generated_qc\HLA\HLA2007.WTH,normal_year;nitrogen_stress_year;low_response_year,normal,HLA2007_normal_grid_S0013,irrigation_positive_candidate,2007-05-18,138,19,14,"{""sim_day"": 19.0, ""doy"": 138.0, ""topwt"": 0.0, ""grnwt"": 0.0, ""xlai"": 0.0, ""totir"": 0.0, ""tofer"": NaN, ""swfac"": 0.0, ""nstres"": 0.0}",0.0,0.0,0.0,0.0,0.0,0.0,,0.0,0.0,30.0,150.0,13.10486450195313,25.10486450195313,Leave_One_experiments/all_year_offline_schedule_search/daily_outputs/HLA/HLA_2007_HLA2007_normal_grid_S0013_daily.csv
HLA,HLA,Hailun,2007,Leave_One_experiments\wth_generated_qc\HLA\HLA2007.WTH,normal_year;nitrogen_stress_year;low_response_year,normal,HLA2007_normal_grid_S0013,irrigation_positive_candidate,2007-05-19,139,20,15,"{""sim_day"": 20.0, ""doy"": 139.0, ""topwt"": 0.0, ""grnwt"": 0.0, ""xlai"": 0.0, ""totir"": 0.0, ""tofer"": NaN, ""swfac"": 0.0, ""nstres"": 0.0}",0.0,0.0,0.0,0.0,0.0,0.0,,0.0,0.0,30.0,150.0,13.10486450195313,25.10486450195313,Leave_One_experiments/all_year_offline_schedule_search/daily_outputs/HLA/HLA_2007_HLA2007_normal_grid_S0013_daily.csv
HLA,HLA,Hailun,2007,Leave_One_experiments\wth_generated_qc\HLA\HLA2007.WTH,normal_year;nitrogen_stress_year;low_response_year,normal,HLA2007_normal_grid_S0013,irrigation_positive_candidate,2007-05-20,140,21,16,"{""sim_day"": 21.0, ""doy"": 140.0, ""topwt"": 0.0, ""grnwt"": 0.0, ""xlai"": 0.0, ""totir"": 0.0, ""tofer"": NaN, ""swfac"": 0.0, ""nstres"": 0.0}",0.0,0.0,0.0,0.0,0.0,0.0,,0.0,0.0,30.0,150.0,13.10486450195313,25.10486450195313,Leave_One_experiments/all_year_offline_schedule_search/daily_outputs/HLA/HLA_2007_HLA2007_normal_grid_S0013_daily.csv
HLA,HLA,Hailun,2007,Leave_One_experiments\wth_generated_qc\HLA\HLA2007.WTH,normal_year;nitrogen_stress_year;low_response_year,normal,HLA2007_normal_grid_S0013,irrigation_positive_candidate,2007-05-21,141,22,17,"{""sim_day"": 22.0, ""doy"": 141.0, ""topwt"": 20.0, ""grnwt"": 0.0, ""xlai"": 0.0018952720565721, ""totir"": 0.0, ""tofer"": NaN, ""swfac"": 0.0, ""nstres"": 0.0121910572052001}",0.0,0.0121910572052001,20.0,0.0,0.0018952720565721,0.0,,0.0,0.0,30.0,150.0,13.10486450195313,25.10486450195313,Leave_One_experiments/all_year_offline_schedule_search/daily_outputs/HLA/HLA_2007_HLA2007_normal_grid_S0013_daily.csv
HLA,HLA,Hailun,2007,Leave_One_experiments\wth_generated_qc\HLA\HLA2007.WTH,normal_year;nitrogen_stress_year;low_response_year,normal,HLA2007_normal_grid_S0013,irrigation_positive_candidate,2007-05-22,142,23,18,"{""sim_day"": 23.0, ""doy"": 142.0, ""topwt"": 20.0, ""grnwt"": 0.0, ""xlai"": 0.0034287653397768, ""totir"": 0.0, ""tofer"": NaN, ""swfac"": 0.0, ""nstres"": 0.0142695903778076}",0.0,0.0142695903778076,20.0,0.0,0.0034287653397768,0.0,,0.0,0.0,30.0,150.0,13.10486450195313,25.10486450195313,Leave_One_experiments/all_year_offline_schedule_search/daily_outputs/HLA/HLA_2007_HLA2007_normal_grid_S0013_daily.csv
HLA,HLA,Hailun,2007,Leave_One_experiments\wth_generated_qc\HLA\HLA2007.WTH,normal_year;nitrogen_stress_year;low_response_year,normal,HLA2007_normal_grid_S0013,irrigation_positive_candidate,2007-05-23,143,24,19,"{""sim_day"": 24.0, ""doy"": 143.0, ""topwt"": 20.0, ""grnwt"": 0.0, ""xlai"": 0.0039791166782379, ""totir"": 0.0, ""tofer"": NaN, ""swfac"": 0.0, ""nstres"": 0.0117426514625549}",0.0,0.0117426514625549,20.0,0.0,0.0039791166782379,0.0,,0.0,0.0,30.0,150.0,13.10486450195313,25.10486450195313,Leave_One_experiments/all_year_offline_schedule_search/daily_outputs/HLA/HLA_2007_HLA2007_normal_grid_S0013_daily.csv
HLA,HLA,Hailun,2007,Leave_One_experiments\wth_generated_qc\HLA\HLA2007.WTH,normal_year;nitrogen_stress_year;low_response_year,normal,HLA2007_normal_grid_S0013,irrigation_positive_candidate,2007-05-24,144,25,20,"{""sim_day"": 25.0, ""doy"": 144.0, ""topwt"": 20.0, ""grnwt"": 0.0, ""xlai"": 0.0044389814138412, ""totir"": 0.0, ""tofer"": NaN, ""swfac"": 0.0, ""nstres"": 0.009718894958496}",0.0,0.009718894958496,20.0,0.0,0.0044389814138412,0.0,,0.0,0.0,30.0,150.0,13.10486450195313,25.10486450195313,Leave_One_experiments/all_year_offline_schedule_search/daily_outputs/HLA/HLA_2007_HLA2007_normal_grid_S0013_daily.csv
HLA,HLA,Hailun,2007,Leave_One_experiments\wth_generated_qc\HLA\HLA2007.WTH,normal_year;nitrogen_stress_year;low_response_year,normal,HLA2007_normal_grid_S0013,irrigation_positive_candidate,2007-05-25,145,26,21,"{""sim_day"": 26.0, ""doy"": 145.0, ""topwt"": 20.0, ""grnwt"": 0.0, ""xlai"": 0.0048153069801628, ""totir"": 0.0, ""tofer"": NaN, ""swfac"": 0.0, ""nstres"": 0.0081039667129516}",0.0,0.0081039667129516,20.0,0.0,0.0048153069801628,0.0,,0.0,0.0,30.0,150.0,13.10486450195313,25.10486450195313,Leave_One_experiments/all_year_offline_schedule_search/daily_outputs/HLA/HLA_2007_HLA2007_normal_grid_S0013_daily.csv
HLA,HLA,Hailun,2007,Leave_One_experiments\wth_generated_qc\HLA\HLA2007.WTH,normal_year;nitrogen_stress_year;low_response_year,normal,HLA2007_normal_grid_S0013,irrigation_positive_candidate,2007-05-26,146,27,22,"{""sim_day"": 27.0, ""doy"": 146.0, ""topwt"": 20.0, ""grnwt"": 0.0, ""xlai"": 0.0054432884790003, ""totir"": 0.0, ""tofer"": NaN, ""swfac"": 0.0, ""nstres"": 0.0058013200759887}",0.0,0.0058013200759887,20.0,0.0,0.0054432884790003,0.0,,0.0,0.0,30.0,150.0,13.10486450195313,25.10486450195313,Leave_One_experiments/all_year_offline_schedule_search/daily_outputs/HLA/HLA_2007_HLA2007_normal_grid_S0013_daily.csv
HLA,HLA,Hailun,2007,Leave_One_experiments\wth_generated_qc\HLA\HLA2007.WTH,normal_year;nitrogen_stress_year;low_response_year,normal,HLA2007_normal_grid_S0013,irrigation_positive_candidate,2007-05-27,147,28,23,"{""sim_day"": 28.0, ""doy"": 147.0, ""topwt"": 20.0, ""grnwt"": 0.0, ""xlai"": 0.0064550009556114, ""totir"": 0.0, ""tofer"": NaN, ""swfac"": 0.0, ""nstres"": 0.003354012966156}",0.0,0.003354012966156,20.0,0.0,0.0064550009556114,0.0,,0.0,0.0,30.0,150.0,13.10486450195313,25.10486450195313,Leave_One_experiments/all_year_offline_schedule_search/daily_outputs/HLA/HLA_2007_HLA2007_normal_grid_S0013_daily.csv
HLA,HLA,Hailun,2007,Leave_One_experiments\wth_generated_qc\HLA\HLA2007.WTH,normal_year;nitrogen_stress_year;low_response_year,normal,HLA2007_normal_grid_S0013,irrigation_positive_candidate,2007-05-28,148,29,24,"{""sim_day"": 29.0, ""doy"": 148.0, ""topwt"": 20.0, ""grnwt"": 0.0, ""xlai"": 0.0082919690757989, ""totir"": 0.0, ""tofer"": NaN, ""swfac"": 0.0, ""nstres"": 0.0}",0.0,0.0,20.0,0.0,0.0082919690757989,0.0,,0.0,0.0,30.0,150.0,13.10486450195313,25.10486450195313,Leave_One_experiments/all_year_offline_schedule_search/daily_outputs/HLA/HLA_2007_HLA2007_normal_grid_S0013_daily.csv
HLA,HLA,Hailun,2007,Leave_One_experiments\wth_generated_qc\HLA\HLA2007.WTH,normal_year;nitrogen_stress_year;low_response_year,normal,HLA2007_normal_grid_S0013,irrigation_positive_candidate,2007-05-29,149,30,25,"{""sim_day"": 30.0, ""doy"": 149.0, ""topwt"": 20.0, ""grnwt"": 0.0, ""xlai"": 0.0107608120888471, ""totir"": 0.0, ""tofer"": NaN, ""swfac"": 0.0, ""nstres"": 0.0}",0.0,0.0,20.0,0.0,0.0107608120888471,0.0,,0.0,0.0,30.0,150.0,13.10486450195313,25.10486450195313,Leave_One_experiments/all_year_offline_schedule_search/daily_outputs/HLA/HLA_2007_HLA2007_normal_grid_S0013_daily.csv
HLA,HLA,Hailun,2007,Leave_One_experiments\wth_generated_qc\HLA\HLA2007.WTH,normal_year;nitrogen_stress_year;low_response_year,normal,HLA2007_normal_grid_S0013,irrigation_positive_candidate,2007-05-30,150,31,26,"{""sim_day"": 31.0, ""doy"": 150.0, ""topwt"": 20.0, ""grnwt"": 0.0, ""xlai"": 0.0208764635026454, ""totir"": 0.0, ""tofer"": NaN, ""swfac"": 0.0, ""nstres"": 0.0}",0.0,0.0,20.0,0.0,0.0208764635026454,0.0,,0.0,0.0,30.0,150.0,13.10486450195313,25.10486450195313,Leave_One_experiments/all_year_offline_schedule_search/daily_outputs/HLA/HLA_2007_HLA2007_normal_grid_S0013_daily.csv
HLA,HLA,Hailun,2007,Leave_One_experiments\wth_generated_qc\HLA\HLA2007.WTH,normal_year;nitrogen_stress_year;low_response_year,normal,HLA2007_normal_grid_S0013,irrigation_positive_candidate,2007-05-31,151,32,27,"{""sim_day"": 32.0, ""doy"": 151.0, ""topwt"": 20.0, ""grnwt"": 0.0, ""xlai"": 0.0307437852025032, ""totir"": 0.0, ""tofer"": NaN, ""swfac"": 0.0, ""nstres"": 0.0}",0.0,0.0,20.0,0.0,0.0307437852025032,0.0,,0.0,0.0,30.0,150.0,13.10486450195313,25.10486450195313,Leave_One_experiments/all_year_offline_schedule_search/daily_outputs/HLA/HLA_2007_HLA2007_normal_grid_S0013_daily.csv
HLA,HLA,Hailun,2007,Leave_One_experiments\wth_generated_qc\HLA\HLA2007.WTH,normal_year;nitrogen_stress_year;low_response_year,normal,HLA2007_normal_grid_S0013,irrigation_positive_candidate,2007-06-01,152,33,28,"{""sim_day"": 33.0, ""doy"": 152.0, ""topwt"": 21.62567615509033, ""grnwt"": 0.0, ""xlai"": 0.0386871211230754, ""totir"": 0.0, ""tofer"": NaN, ""swfac"": 0.0, ""nstres"": 0.0}",0.0,0.0,21.62567615509033,0.0,0.0386871211230754,0.0,,0.0,0.0,30.0,150.0,13.10486450195313,25.10486450195313,Leave_One_experiments/all_year_offline_schedule_search/daily_outputs/HLA/HLA_2007_HLA2007_normal_grid_S0013_daily.csv
HLA,HLA,Hailun,2007,Leave_One_experiments\wth_generated_qc\HLA\HLA2007.WTH,normal_year;nitrogen_stress_year;low_response_year,normal,HLA2007_normal_grid_S0013,irrigation_positive_candidate,2007-06-02,153,34,29,"{""sim_day"": 34.0, ""doy"": 153.0, ""topwt"": 27.12354421615601, ""grnwt"": 0.0, ""xlai"": 0.0526767149567604, ""totir"": 0.0, ""tofer"": NaN, ""swfac"": 0.0, ""nstres"": 0.0}",0.0,0.0,27.12354421615601,0.0,0.0526767149567604,0.0,,0.0,0.0,30.0,150.0,13.10486450195313,25.10486450195313,Leave_One_experiments/all_year_offline_schedule_search/daily_outputs/HLA/HLA_2007_HLA2007_normal_grid_S0013_daily.csv
HLA,HLA,Hailun,2007,Leave_One_experiments\wth_generated_qc\HLA\HLA2007.WTH,normal_year;nitrogen_stress_year;low_response_year,normal,HLA2007_normal_grid_S0013,irrigation_positive_candidate,2007-06-03,154,35,30,"{""sim_day"": 35.0, ""doy"": 154.0, ""topwt"": 31.827762126922607, ""grnwt"": 0.0, ""xlai"": 0.0639131814241409, ""totir"": 0.0, ""tofer"": NaN, ""swfac"": 0.0, ""nstres"": 0.0}",0.0,0.0,31.827762126922607,0.0,0.0639131814241409,0.0,,0.0,50.0,30.0,150.0,13.10486450195313,25.10486450195313,Leave_One_experiments/all_year_offline_schedule_search/daily_outputs/HLA/HLA_2007_HLA2007_normal_grid_S0013_daily.csv
HLA,HLA,Hailun,2007,Leave_One_experiments\wth_generated_qc\HLA\HLA2007.WTH,normal_year;nitrogen_stress_year;low_response_year,normal,HLA2007_normal_grid_S0013,irrigation_positive_candidate,2007-06-04,155,36,31,"{""sim_day"": 36.0, ""doy"": 155.0, ""topwt"": 35.9494948387146, ""grnwt"": 0.0, ""xlai"": 0.0733499825000763, ""totir"": 0.0, ""tofer"": NaN, ""swfac"": 0.0, ""nstres"": 0.0}",0.0,0.0,35.9494948387146,0.0,0.0733499825000763,0.0,,0.0,0.0,30.0,150.0,13.10486450195313,25.10486450195313,Leave_One_experiments/all_year_offline_schedule_search/daily_outputs/HLA/HLA_2007_HLA2007_normal_grid_S0013_daily.csv
HLA,HLA,Hailun,2007,Leave_One_experiments\wth_generated_qc\HLA\HLA2007.WTH,normal_year;nitrogen_stress_year;low_response_year,normal,HLA2007_normal_grid_S0013,irrigation_positive_candidate,2007-06-05,156,37,32,"{""sim_day"": 37.0, ""doy"": 156.0, ""topwt"": 43.02427291870117, ""grnwt"": 0.0, ""xlai"": 0.0888647139072418, ""totir"": 0.0, ""tofer"": NaN, ""swfac"": 0.0, ""nstres"": 0.0}",0.0,0.0,43.02427291870117,0.0,0.0888647139072418,0.0,,0.0,0.0,30.0,150.0,13.10486450195313,25.10486450195313,Leave_One_experiments/all_year_offline_schedule_search/daily_outputs/HLA/HLA_2007_HLA2007_normal_grid_S0013_daily.csv
HLA,HLA,Hailun,2007,Leave_One_experiments\wth_generated_qc\HLA\HLA2007.WTH,normal_year;nitrogen_stress_year;low_response_year,normal,HLA2007_normal_grid_S0013,irrigation_positive_candidate,2007-06-06,157,38,33,"{""sim_day"": 38.0, ""doy"": 157.0, ""topwt"": 51.71537399291992, ""grnwt"": 0.0, ""xlai"": 0.1070112287998199, ""totir"": 0.0, ""tofer"": NaN, ""swfac"": 0.0, ""nstres"": 0.0}",0.0,0.0,51.71537399291992,0.0,0.1070112287998199,0.0,,0.0,0.0,30.0,150.0,13.10486450195313,25.10486450195313,Leave_One_experiments/all_year_offline_schedule_search/daily_outputs/HLA/HLA_2007_HLA2007_normal_grid_S0013_daily.csv
HLA,HLA,Hailun,2007,Leave_One_experiments\wth_generated_qc\HLA\HLA2007.WTH,normal_year;nitrogen_stress_year;low_response_year,normal,HLA2007_normal_grid_S0013,irrigation_positive_candidate,2007-06-07,158,39,34,"{""sim_day"": 39.0, ""doy"": 158.0, ""topwt"": 64.33432102203369, ""grnwt"": 0.0, ""xlai"": 0.1320281773805618, ""totir"": 0.0, ""tofer"": NaN, ""swfac"": 0.0, ""nstres"": 0.0}",0.0,0.0,64.33432102203369,0.0,0.1320281773805618,0.0,,0.0,0.0,30.0,150.0,13.10486450195313,25.10486450195313,Leave_One_experiments/all_year_offline_schedule_search/daily_outputs/HLA/HLA_2007_HLA2007_normal_grid_S0013_daily.csv
HLA,HLA,Hailun,2007,Leave_One_experiments\wth_generated_qc\HLA\HLA2007.WTH,normal_year;nitrogen_stress_year;low_response_year,normal,HLA2007_normal_grid_S0013,irrigation_positive_candidate,2007-06-08,159,40,35,"{""sim_day"": 40.0, ""doy"": 159.0, ""topwt"": 79.05491828918457, ""grnwt"": 0.0, ""xlai"": 0.1597264260053634, ""totir"": 0.0, ""tofer"": NaN, ""swfac"": 0.0, ""nstres"": 0.0}",0.0,0.0,79.05491828918457,0.0,0.1597264260053634,0.0,,0.0,0.0,30.0,150.0,13.10486450195313,25.10486450195313,Leave_One_experiments/all_year_offline_schedule_search/daily_outputs/HLA/HLA_2007_HLA2007_normal_grid_S0013_daily.csv
HLA,HLA,Hailun,2007,Leave_One_experiments\wth_generated_qc\HLA\HLA2007.WTH,normal_year;nitrogen_stress_year;low_response_year,normal,HLA2007_normal_grid_S0013,irrigation_positive_candidate,2007-06-09,160,41,36,"{""sim_day"": 41.0, ""doy"": 160.0, ""topwt"": 99.28703308105467, ""grnwt"": 0.0, ""xlai"": 0.1958689391613006, ""totir"": 0.0, ""tofer"": NaN, ""swfac"": 0.0, ""nstres"": 0.0}",0.0,0.0,99.28703308105467,0.0,0.1958689391613006,0.0,,0.0,0.0,30.0,150.0,13.10486450195313,25.10486450195313,Leave_One_experiments/all_year_offline_schedule_search/daily_outputs/HLA/HLA_2007_HLA2007_normal_grid_S0013_daily.csv
HLA,HLA,Hailun,2007,Leave_One_experiments\wth_generated_qc\HLA\HLA2007.WTH,normal_year;nitrogen_stress_year;low_response_year,normal,HLA2007_normal_grid_S0013,irrigation_positive_candidate,2007-06-10,161,42,37,"{""sim_day"": 42.0, ""doy"": 161.0, ""topwt"": 129.09945487976074, ""grnwt"": 0.0, ""xlai"": 0.2461608350276947, ""totir"": 0.0, ""tofer"": NaN, ""swfac"": 0.0, ""nstres"": 0.0}",0.0,0.0,129.09945487976074,0.0,0.2461608350276947,0.0,,0.0,0.0,30.0,150.0,13.10486450195313,25.10486450195313,Leave_One_experiments/all_year_offline_schedule_search/daily_outputs/HLA/HLA_2007_HLA2007_normal_grid_S0013_daily.csv
HLA,HLA,Hailun,2007,Leave_One_experiments\wth_generated_qc\HLA\HLA2007.WTH,normal_year;nitrogen_stress_year;low_response_year,normal,HLA2007_normal_grid_S0013,irrigation_positive_candidate,2007-06-11,162,43,38,"{""sim_day"": 43.0, ""doy"": 162.0, ""topwt"": 153.11492919921875, ""grnwt"": 0.0, ""xlai"": 0.3041485249996185, ""totir"": 0.0, ""tofer"": NaN, ""swfac"": 0.0, ""nstres"": 0.0}",0.0,0.0,153.11492919921875,0.0,0.3041485249996185,0.0,,0.0,0.0,30.0,150.0,13.10486450195313,25.10486450195313,Leave_One_experiments/all_year_offline_schedule_search/daily_outputs/HLA/HLA_2007_HLA2007_normal_grid_S0013_daily.csv
HLA,HLA,Hailun,2007,Leave_One_experiments\wth_generated_qc\HLA\HLA2007.WTH,normal_year;nitrogen_stress_year;low_response_year,normal,HLA2007_normal_grid_S0013,irrigation_positive_candidate,2007-06-12,163,44,39,"{""sim_day"": 44.0, ""doy"": 163.0, ""topwt"": 176.6305923461914, ""grnwt"": 0.0, ""xlai"": 0.3431284725666046, ""totir"": 0.0, ""tofer"": NaN, ""swfac"": 0.0, ""nstres"": 0.0048949122428894}",0.0,0.0048949122428894,176.6305923461914,0.0,0.3431284725666046,0.0,,0.0,0.0,30.0,150.0,13.10486450195313,25.10486450195313,Leave_One_experiments/all_year_offline_schedule_search/daily_outputs/HLA/HLA_2007_HLA2007_normal_grid_S0013_daily.csv
HLA,HLA,Hailun,2007,Leave_One_experiments\wth_generated_qc\HLA\HLA2007.WTH,normal_year;nitrogen_stress_year;low_response_year,normal,HLA2007_normal_grid_S0013,irrigation_positive_candidate,2007-06-13,164,45,40,"{""sim_day"": 45.0, ""doy"": 164.0, ""topwt"": 211.38198852539065, ""grnwt"": 0.0, ""xlai"": 0.3986919820308685, ""totir"": 0.0, ""tofer"": NaN, ""swfac"": 0.0, ""nstres"": 0.0}",0.0,0.0,211.38198852539065,0.0,0.3986919820308685,0.0,,0.0,0.0,30.0,150.0,13.10486450195313,25.10486450195313,Leave_One_experiments/all_year_offline_schedule_search/daily_outputs/HLA/HLA_2007_HLA2007_normal_grid_S0013_daily.csv
HLA,HLA,Hailun,2007,Leave_One_experiments\wth_generated_qc\HLA\HLA2007.WTH,normal_year;nitrogen_stress_year;low_response_year,normal,HLA2007_normal_grid_S0013,irrigation_positive_candidate,2007-06-14,165,46,41,"{""sim_day"": 46.0, ""doy"": 165.0, ""topwt"": 238.71994018554688, ""grnwt"": 0.0, ""xlai"": 0.440970629453659, ""totir"": 0.0, ""tofer"": NaN, ""swfac"": 0.0, ""nstres"": 0.0}",0.0,0.0,238.71994018554688,0.0,0.440970629453659,0.0,,0.0,0.0,30.0,150.0,13.10486450195313,25.10486450195313,Leave_One_experiments/all_year_offline_schedule_search/daily_outputs/HLA/HLA_2007_HLA2007_normal_grid_S0013_daily.csv
HLA,HLA,Hailun,2007,Leave_One_experiments\wth_generated_qc\HLA\HLA2007.WTH,normal_year;nitrogen_stress_year;low_response_year,normal,HLA2007_normal_grid_S0013,irrigation_positive_candidate,2007-06-15,166,47,42,"{""sim_day"": 47.0, ""doy"": 166.0, ""topwt"": 291.9430923461914, ""grnwt"": 0.0, ""xlai"": 0.5203728079795837, ""totir"": 0.0, ""tofer"": NaN, ""swfac"": 0.0, ""nstres"": 0.0}",0.0,0.0,291.9430923461914,0.0,0.5203728079795837,0.0,,0.0,0.0,30.0,150.0,13.10486450195313,25.10486450195313,Leave_One_experiments/all_year_offline_schedule_search/daily_outputs/HLA/HLA_2007_HLA2007_normal_grid_S0013_daily.csv
HLA,HLA,Hailun,2007,Leave_One_experiments\wth_generated_qc\HLA\HLA2007.WTH,normal_year;nitrogen_stress_year;low_response_year,normal,HLA2007_normal_grid_S0013,irrigation_positive_candidate,2007-06-16,167,48,43,"{""sim_day"": 48.0, ""doy"": 167.0, ""topwt"": 330.9725952148437, ""grnwt"": 0.0, ""xlai"": 0.5764352679252625, ""totir"": 0.0, ""tofer"": NaN, ""swfac"": 0.0, ""nstres"": 0.0}",0.0,0.0,330.9725952148437,0.0,0.5764352679252625,0.0,,0.0,0.0,30.0,150.0,13.10486450195313,25.10486450195313,Leave_One_experiments/all_year_offline_schedule_search/daily_outputs/HLA/HLA_2007_HLA2007_normal_grid_S0013_daily.csv
HLA,HLA,Hailun,2007,Leave_One_experiments\wth_generated_qc\HLA\HLA2007.WTH,normal_year;nitrogen_stress_year;low_response_year,normal,HLA2007_normal_grid_S0013,irrigation_positive_candidate,2007-06-17,168,49,44,"{""sim_day"": 49.0, ""doy"": 168.0, ""topwt"": 392.9749298095703, ""grnwt"": 0.0, ""xlai"": 0.6627914309501648, ""totir"": 0.0, ""tofer"": NaN, ""swfac"": 0.0, ""nstres"": 0.0}",0.0,0.0,392.9749298095703,0.0,0.6627914309501648,0.0,,0.0,0.0,30.0,150.0,13.10486450195313,25.10486450195313,Leave_One_experiments/all_year_offline_schedule_search/daily_outputs/HLA/HLA_2007_HLA2007_normal_grid_S0013_daily.csv
HLA,HLA,Hailun,2007,Leave_One_experiments\wth_generated_qc\HLA\HLA2007.WTH,normal_year;nitrogen_stress_year;low_response_year,normal,HLA2007_normal_grid_S0013,irrigation_positive_candidate,2007-06-18,169,50,45,"{""sim_day"": 50.0, ""doy"": 169.0, ""topwt"": 455.2620315551758, ""grnwt"": 0.0, ""xlai"": 0.7444061040878296, ""totir"": 0.0, ""tofer"": NaN, ""swfac"": 0.0, ""nstres"": 0.0}",0.0,0.0,455.2620315551758,0.0,0.7444061040878296,0.0,,0.0,0.0,30.0,150.0,13.10486450195313,25.10486450195313,Leave_One_experiments/all_year_offline_schedule_search/daily_outputs/HLA/HLA_2007_HLA2007_normal_grid_S0013_daily.csv
HLA,HLA,Hailun,2007,Leave_One_experiments\wth_generated_qc\HLA\HLA2007.WTH,normal_year;nitrogen_stress_year;low_response_year,normal,HLA2007_normal_grid_S0013,irrigation_positive_candidate,2007-06-19,170,51,46,"{""sim_day"": 51.0, ""doy"": 170.0, ""topwt"": 498.2134246826172, ""grnwt"": 0.0, ""xlai"": 0.8026543855667114, ""totir"": 0.0, ""tofer"": NaN, ""swfac"": 0.0, ""nstres"": 0.0}",0.0,0.0,498.2134246826172,0.0,0.8026543855667114,0.0,,0.0,0.0,30.0,150.0,13.10486450195313,25.10486450195313,Leave_One_experiments/all_year_offline_schedule_search/daily_outputs/HLA/HLA_2007_HLA2007_normal_grid_S0013_daily.csv
HLA,HLA,Hailun,2007,Leave_One_experiments\wth_generated_qc\HLA\HLA2007.WTH,normal_year;nitrogen_stress_year;low_response_year,normal,HLA2007_normal_grid_S0013,irrigation_positive_candidate,2007-06-20,171,52,47,"{""sim_day"": 52.0, ""doy"": 171.0, ""topwt"": 555.7577514648438, ""grnwt"": 0.0, ""xlai"": 0.8784207105636597, ""totir"": 0.0, ""tofer"": NaN, ""swfac"": 0.0, ""nstres"": 0.0}",0.0,0.0,555.7577514648438,0.0,0.8784207105636597,0.0,,0.0,0.0,30.0,150.0,13.10486450195313,25.10486450195313,Leave_One_experiments/all_year_offline_schedule_search/daily_outputs/HLA/HLA_2007_HLA2007_normal_grid_S0013_daily.csv
HLA,HLA,Hailun,2007,Leave_One_experiments\wth_generated_qc\HLA\HLA2007.WTH,normal_year;nitrogen_stress_year;low_response_year,normal,HLA2007_normal_grid_S0013,irrigation_positive_candidate,2007-06-21,172,53,48,"{""sim_day"": 53.0, ""doy"": 172.0, ""topwt"": 652.8070068359375, ""grnwt"": 0.0, ""xlai"": 1.0006204843521118, ""totir"": 0.0, ""tofer"": NaN, ""swfac"": 0.0, ""nstres"": 0.0}",0.0,0.0,652.8070068359375,0.0,1.0006204843521118,0.0,,0.0,0.0,30.0,150.0,13.10486450195313,25.10486450195313,Leave_One_experiments/all_year_offline_schedule_search/daily_outputs/HLA/HLA_2007_HLA2007_normal_grid_S0013_daily.csv
HLA,HLA,Hailun,2007,Leave_One_experiments\wth_generated_qc\HLA\HLA2007.WTH,normal_year;nitrogen_stress_year;low_response_year,normal,HLA2007_normal_grid_S0013,irrigation_positive_candidate,2007-06-22,173,54,49,"{""sim_day"": 54.0, ""doy"": 173.0, ""topwt"": 755.6538391113281, ""grnwt"": 0.0, ""xlai"": 1.1233891248703003, ""totir"": 0.0, ""tofer"": NaN, ""swfac"": 0.0, ""nstres"": 0.0}",0.0,0.0,755.6538391113281,0.0,1.1233891248703003,0.0,,0.0,0.0,30.0,150.0,13.10486450195313,25.10486450195313,Leave_One_experiments/all_year_offline_schedule_search/daily_outputs/HLA/HLA_2007_HLA2007_normal_grid_S0013_daily.csv
HLA,HLA,Hailun,2007,Leave_One_experiments\wth_generated_qc\HLA\HLA2007.WTH,normal_year;nitrogen_stress_year;low_response_year,normal,HLA2007_normal_grid_S0013,irrigation_positive_candidate,2007-06-23,174,55,50,"{""sim_day"": 55.0, ""doy"": 174.0, ""topwt"": 851.8143463134766, ""grnwt"": 0.0, ""xlai"": 1.2325040102005005, ""totir"": 0.0, ""tofer"": NaN, ""swfac"": 0.0, ""nstres"": 0.0}",0.0,0.0,851.8143463134766,0.0,1.2325040102005005,0.0,,0.0,0.0,30.0,150.0,13.10486450195313,25.10486450195313,Leave_One_experiments/all_year_offline_schedule_search/daily_outputs/HLA/HLA_2007_HLA2007_normal_grid_S0013_daily.csv
HLA,HLA,Hailun,2007,Leave_One_experiments\wth_generated_qc\HLA\HLA2007.WTH,normal_year;nitrogen_stress_year;low_response_year,normal,HLA2007_normal_grid_S0013,irrigation_positive_candidate,2007-06-24,175,56,51,"{""sim_day"": 56.0, ""doy"": 175.0, ""topwt"": 976.1360931396484, ""grnwt"": 0.0, ""xlai"": 1.3653678894042969, ""totir"": 0.0, ""tofer"": NaN, ""swfac"": 0.0, ""nstres"": 0.0}",0.0,0.0,976.1360931396484,0.0,1.3653678894042969,0.0,,0.0,0.0,30.0,150.0,13.10486450195313,25.10486450195313,Leave_One_experiments/all_year_offline_schedule_search/daily_outputs/HLA/HLA_2007_HLA2007_normal_grid_S0013_daily.csv
HLA,HLA,Hailun,2007,Leave_One_experiments\wth_generated_qc\HLA\HLA2007.WTH,normal_year;nitrogen_stress_year;low_response_year,normal,HLA2007_normal_grid_S0013,irrigation_positive_candidate,2007-06-25,176,57,52,"{""sim_day"": 57.0, ""doy"": 176.0, ""topwt"": 1080.0800323486328, ""grnwt"": 0.0, ""xlai"": 1.4706380367279053, ""totir"": 0.0, ""tofer"": NaN, ""swfac"": 0.0, ""nstres"": 0.0}",0.0,0.0,1080.0800323486328,0.0,1.4706380367279053,0.0,,0.0,0.0,30.0,150.0,13.10486450195313,25.10486450195313,Leave_One_experiments/all_year_offline_schedule_search/daily_outputs/HLA/HLA_2007_HLA2007_normal_grid_S0013_daily.csv
HLA,HLA,Hailun,2007,Leave_One_experiments\wth_generated_qc\HLA\HLA2007.WTH,normal_year;nitrogen_stress_year;low_response_year,normal,HLA2007_normal_grid_S0013,irrigation_positive_candidate,2007-06-26,177,58,53,"{""sim_day"": 58.0, ""doy"": 177.0, ""topwt"": 1207.3103332519531, ""grnwt"": 0.0, ""xlai"": 1.5920509099960327, ""totir"": 0.0, ""tofer"": NaN, ""swfac"": 0.0, ""nstres"": 0.0}",0.0,0.0,1207.3103332519531,0.0,1.5920509099960327,0.0,,0.0,0.0,30.0,150.0,13.10486450195313,25.10486450195313,Leave_One_experiments/all_year_offline_schedule_search/daily_outputs/HLA/HLA_2007_HLA2007_normal_grid_S0013_daily.csv
HLA,HLA,Hailun,2007,Leave_One_experiments\wth_generated_qc\HLA\HLA2007.WTH,normal_year;nitrogen_stress_year;low_response_year,normal,HLA2007_normal_grid_S0013,irrigation_positive_candidate,2007-06-27,178,59,54,"{""sim_day"": 59.0, ""doy"": 178.0, ""topwt"": 1327.8749084472656, ""grnwt"": 0.0, ""xlai"": 1.7007204294204712, ""totir"": 0.0, ""tofer"": NaN, ""swfac"": 0.0, ""nstres"": 0.0}",0.0,0.0,1327.8749084472656,0.0,1.7007204294204712,0.0,,0.0,0.0,30.0,150.0,13.10486450195313,25.10486450195313,Leave_One_experiments/all_year_offline_schedule_search/daily_outputs/HLA/HLA_2007_HLA2007_normal_grid_S0013_daily.csv
HLA,HLA,Hailun,2007,Leave_One_experiments\wth_generated_qc\HLA\HLA2007.WTH,normal_year;nitrogen_stress_year;low_response_year,normal,HLA2007_normal_grid_S0013,irrigation_positive_candidate,2007-06-28,179,60,55,"{""sim_day"": 60.0, ""doy"": 179.0, ""topwt"": 1464.6620178222656, ""grnwt"": 0.0, ""xlai"": 1.8167624473571775, ""totir"": 0.0, ""tofer"": NaN, ""swfac"": 0.0, ""nstres"": 0.0}",0.0,0.0,1464.6620178222656,0.0,1.8167624473571775,0.0,,0.0,0.0,30.0,150.0,13.10486450195313,25.10486450195313,Leave_One_experiments/all_year_offline_schedule_search/daily_outputs/HLA/HLA_2007_HLA2007_normal_grid_S0013_daily.csv
HLA,HLA,Hailun,2007,Leave_One_experiments\wth_generated_qc\HLA\HLA2007.WTH,normal_year;nitrogen_stress_year;low_response_year,normal,HLA2007_normal_grid_S0013,irrigation_positive_candidate,2007-06-29,180,61,56,"{""sim_day"": 61.0, ""doy"": 180.0, ""topwt"": 1597.7371215820312, ""grnwt"": 0.0, ""xlai"": 1.9233042001724243, ""totir"": 0.0, ""tofer"": NaN, ""swfac"": 0.0, ""nstres"": 0.0}",0.0,0.0,1597.7371215820312,0.0,1.9233042001724243,0.0,,0.0,0.0,30.0,150.0,13.10486450195313,25.10486450195313,Leave_One_experiments/all_year_offline_schedule_search/daily_outputs/HLA/HLA_2007_HLA2007_normal_grid_S0013_daily.csv
HLA,HLA,Hailun,2007,Leave_One_experiments\wth_generated_qc\HLA\HLA2007.WTH,normal_year;nitrogen_stress_year;low_response_year,normal,HLA2007_normal_grid_S0013,irrigation_positive_candidate,2007-06-30,181,62,57,"{""sim_day"": 62.0, ""doy"": 181.0, ""topwt"": 1745.4454040527344, ""grnwt"": 0.0, ""xlai"": 2.0346486568450928, ""totir"": 0.0, ""tofer"": NaN, ""swfac"": 0.0, ""nstres"": 0.0}",0.0,0.0,1745.4454040527344,0.0,2.0346486568450928,0.0,,0.0,0.0,30.0,150.0,13.10486450195313,25.10486450195313,Leave_One_experiments/all_year_offline_schedule_search/daily_outputs/HLA/HLA_2007_HLA2007_normal_grid_S0013_daily.csv
HLA,HLA,Hailun,2007,Leave_One_experiments\wth_generated_qc\HLA\HLA2007.WTH,normal_year;nitrogen_stress_year;low_response_year,normal,HLA2007_normal_grid_S0013,irrigation_positive_candidate,2007-07-01,182,63,58,"{""sim_day"": 63.0, ""doy"": 182.0, ""topwt"": 1915.1304626464844, ""grnwt"": 0.0, ""xlai"": 2.154469966888428, ""totir"": 0.0, ""tofer"": NaN, ""swfac"": 0.0, ""nstres"": 0.0}",0.0,0.0,1915.1304626464844,0.0,2.154469966888428,0.0,,0.0,0.0,30.0,150.0,13.10486450195313,25.10486450195313,Leave_One_experiments/all_year_offline_schedule_search/daily_outputs/HLA/HLA_2007_HLA2007_normal_grid_S0013_daily.csv
HLA,HLA,Hailun,2007,Leave_One_experiments\wth_generated_qc\HLA\HLA2007.WTH,normal_year;nitrogen_stress_year;low_response_year,normal,HLA2007_normal_grid_S0013,irrigation_positive_candidate,2007-07-02,183,64,59,"{""sim_day"": 64.0, ""doy"": 183.0, ""topwt"": 2064.9884033203125, ""grnwt"": 0.0, ""xlai"": 2.2544546127319336, ""totir"": 0.0, ""tofer"": NaN, ""swfac"": 0.0, ""nstres"": 0.0}",0.0,0.0,2064.9884033203125,0.0,2.2544546127319336,0.0,,0.0,0.0,30.0,150.0,13.10486450195313,25.10486450195313,Leave_One_experiments/all_year_offline_schedule_search/daily_outputs/HLA/HLA_2007_HLA2007_normal_grid_S0013_daily.csv
HLA,HLA,Hailun,2007,Leave_One_experiments\wth_generated_qc\HLA\HLA2007.WTH,normal_year;nitrogen_stress_year;low_response_year,normal,HLA2007_normal_grid_S0013,irrigation_positive_candidate,2007-07-03,184,65,60,"{""sim_day"": 65.0, ""doy"": 184.0, ""topwt"": 2245.591735839844, ""grnwt"": 0.0, ""xlai"": 2.367706537246704, ""totir"": 0.0, ""tofer"": NaN, ""swfac"": 0.0, ""nstres"": 0.0}",0.0,0.0,2245.591735839844,0.0,2.367706537246704,0.0,,0.0,50.0,30.0,150.0,13.10486450195313,25.10486450195313,Leave_One_experiments/all_year_offline_schedule_search/daily_outputs/HLA/HLA_2007_HLA2007_normal_grid_S0013_daily.csv
HLA,HLA,Hailun,2007,Leave_One_experiments\wth_generated_qc\HLA\HLA2007.WTH,normal_year;nitrogen_stress_year;low_response_year,normal,HLA2007_normal_grid_S0013,irrigation_positive_candidate,2007-07-04,185,66,61,"{""sim_day"": 66.0, ""doy"": 185.0, ""topwt"": 2449.222717285156, ""grnwt"": 0.0, ""xlai"": 2.487233638763428, ""totir"": 0.0, ""tofer"": NaN, ""swfac"": 0.0, ""nstres"": 0.0}",0.0,0.0,2449.222717285156,0.0,2.487233638763428,0.0,,0.0,0.0,30.0,150.0,13.10486450195313,25.10486450195313,Leave_One_experiments/all_year_offline_schedule_search/daily_outputs/HLA/HLA_2007_HLA2007_normal_grid_S0013_daily.csv
HLA,HLA,Hailun,2007,Leave_One_experiments\wth_generated_qc\HLA\HLA2007.WTH,normal_year;nitrogen_stress_year;low_response_year,normal,HLA2007_normal_grid_S0013,irrigation_positive_candidate,2007-07-05,186,67,62,"{""sim_day"": 67.0, ""doy"": 186.0, ""topwt"": 2616.2094116210938, ""grnwt"": 0.0, ""xlai"": 2.579590082168579, ""totir"": 0.0, ""tofer"": NaN, ""swfac"": 0.0, ""nstres"": 0.0}",0.0,0.0,2616.2094116210938,0.0,2.579590082168579,0.0,,0.0,0.0,30.0,150.0,13.10486450195313,25.10486450195313,Leave_One_experiments/all_year_offline_schedule_search/daily_outputs/HLA/HLA_2007_HLA2007_normal_grid_S0013_daily.csv
HLA,HLA,Hailun,2007,Leave_One_experiments\wth_generated_qc\HLA\HLA2007.WTH,normal_year;nitrogen_stress_year;low_response_year,normal,HLA2007_normal_grid_S0013,irrigation_positive_candidate,2007-07-06,187,68,63,"{""sim_day"": 68.0, ""doy"": 187.0, ""topwt"": 2806.509094238281, ""grnwt"": 0.0, ""xlai"": 2.6792421340942383, ""totir"": 0.0, ""tofer"": NaN, ""swfac"": 0.0, ""nstres"": 0.0}",0.0,0.0,2806.509094238281,0.0,2.6792421340942383,0.0,,0.0,0.0,30.0,150.0,13.10486450195313,25.10486450195313,Leave_One_experiments/all_year_offline_schedule_search/daily_outputs/HLA/HLA_2007_HLA2007_normal_grid_S0013_daily.csv
HLA,HLA,Hailun,2007,Leave_One_experiments\wth_generated_qc\HLA\HLA2007.WTH,normal_year;nitrogen_stress_year;low_response_year,normal,HLA2007_normal_grid_S0013,irrigation_positive_candidate,2007-07-07,188,69,64,"{""sim_day"": 69.0, ""doy"": 188.0, ""topwt"": 3044.5187377929688, ""grnwt"": 0.0, ""xlai"": 2.7962334156036377, ""totir"": 0.0, ""tofer"": NaN, ""swfac"": 0.0, ""nstres"": 0.0}",0.0,0.0,3044.5187377929688,0.0,2.7962334156036377,0.0,,0.0,0.0,30.0,150.0,13.10486450195313,25.10486450195313,Leave_One_experiments/all_year_offline_schedule_search/daily_outputs/HLA/HLA_2007_HLA2007_normal_grid_S0013_daily.csv
HLA,HLA,Hailun,2007,Leave_One_experiments\wth_generated_qc\HLA\HLA2007.WTH,normal_year;nitrogen_stress_year;low_response_year,normal,HLA2007_normal_grid_S0013,irrigation_positive_candidate,2007-07-08,189,70,65,"{""sim_day"": 70.0, ""doy"": 189.0, ""topwt"": 3277.2381591796875, ""grnwt"": 0.0, ""xlai"": 2.9040143489837646, ""totir"": 30.0, ""tofer"": NaN, ""swfac"": 0.0, ""nstres"": 0.0}",0.0,0.0,3277.2381591796875,0.0,2.9040143489837646,30.0,,30.0,0.0,30.0,150.0,13.10486450195313,25.10486450195313,Leave_One_experiments/all_year_offline_schedule_search/daily_outputs/HLA/HLA_2007_HLA2007_normal_grid_S0013_daily.csv
HLA,HLA,Hailun,2007,Leave_One_experiments\wth_generated_qc\HLA\HLA2007.WTH,normal_year;nitrogen_stress_year;low_response_year,normal,HLA2007_normal_grid_S0013,irrigation_positive_candidate,2007-07-09,190,71,66,"{""sim_day"": 71.0, ""doy"": 190.0, ""topwt"": 3556.131591796875, ""grnwt"": 0.0, ""xlai"": 3.0250816345214844, ""totir"": 30.0, ""tofer"": NaN, ""swfac"": 0.0, ""nstres"": 0.0}",0.0,0.0,3556.131591796875,0.0,3.0250816345214844,30.0,,0.0,0.0,30.0,150.0,13.10486450195313,25.10486450195313,Leave_One_experiments/all_year_offline_schedule_search/daily_outputs/HLA/HLA_2007_HLA2007_normal_grid_S0013_daily.csv
HLA,HLA,Hailun,2007,Leave_One_experiments\wth_generated_qc\HLA\HLA2007.WTH,normal_year;nitrogen_stress_year;low_response_year,normal,HLA2007_normal_grid_S0013,irrigation_positive_candidate,2007-07-10,191,72,67,"{""sim_day"": 72.0, ""doy"": 191.0, ""topwt"": 3832.735595703125, ""grnwt"": 0.0, ""xlai"": 3.137986183166504, ""totir"": 30.0, ""tofer"": NaN, ""swfac"": 0.0, ""nstres"": 0.0}",0.0,0.0,3832.735595703125,0.0,3.137986183166504,30.0,,0.0,0.0,30.0,150.0,13.10486450195313,25.10486450195313,Leave_One_experiments/all_year_offline_schedule_search/daily_outputs/HLA/HLA_2007_HLA2007_normal_grid_S0013_daily.csv
HLA,HLA,Hailun,2007,Leave_One_experiments\wth_generated_qc\HLA\HLA2007.WTH,normal_year;nitrogen_stress_year;low_response_year,normal,HLA2007_normal_grid_S0013,irrigation_positive_candidate,2007-07-11,192,73,68,"{""sim_day"": 73.0, ""doy"": 192.0, ""topwt"": 4307.2509765625, ""grnwt"": 0.0, ""xlai"": 3.4197113513946533, ""totir"": 30.0, ""tofer"": NaN, ""swfac"": 0.0, ""nstres"": 0.0}",0.0,0.0,4307.2509765625,0.0,3.4197113513946533,30.0,,0.0,0.0,30.0,150.0,13.10486450195313,25.10486450195313,Leave_One_experiments/all_year_offline_schedule_search/daily_outputs/HLA/HLA_2007_HLA2007_normal_grid_S0013_daily.csv
HLA,HLA,Hailun,2007,Leave_One_experiments\wth_generated_qc\HLA\HLA2007.WTH,normal_year;nitrogen_stress_year;low_response_year,normal,HLA2007_normal_grid_S0013,irrigation_positive_candidate,2007-07-12,193,74,69,"{""sim_day"": 74.0, ""doy"": 193.0, ""topwt"": 4630.3564453125, ""grnwt"": 0.0, ""xlai"": 3.566545248031616, ""totir"": 30.0, ""tofer"": NaN, ""swfac"": 0.0, ""nstres"": 0.0}",0.0,0.0,4630.3564453125,0.0,3.566545248031616,30.0,,0.0,0.0,30.0,150.0,13.10486450195313,25.10486450195313,Leave_One_experiments/all_year_offline_schedule_search/daily_outputs/HLA/HLA_2007_HLA2007_normal_grid_S0013_daily.csv
HLA,HLA,Hailun,2007,Leave_One_experiments\wth_generated_qc\HLA\HLA2007.WTH,normal_year;nitrogen_stress_year;low_response_year,normal,HLA2007_normal_grid_S0013,irrigation_positive_candidate,2007-07-13,194,75,70,"{""sim_day"": 75.0, ""doy"": 194.0, ""topwt"": 4956.938171386719, ""grnwt"": 0.0, ""xlai"": 3.692431926727295, ""totir"": 30.0, ""tofer"": NaN, ""swfac"": 0.0, ""nstres"": 0.0}",0.0,0.0,4956.938171386719,0.0,3.692431926727295,30.0,,0.0,0.0,30.0,150.0,13.10486450195313,25.10486450195313,Leave_One_experiments/all_year_offline_schedule_search/daily_outputs/HLA/HLA_2007_HLA2007_normal_grid_S0013_daily.csv
HLA,HLA,Hailun,2007,Leave_One_experiments\wth_generated_qc\HLA\HLA2007.WTH,normal_year;nitrogen_stress_year;low_response_year,normal,HLA2007_normal_grid_S0013,irrigation_positive_candidate,2007-07-14,195,76,71,"{""sim_day"": 76.0, ""doy"": 195.0, ""topwt"": 5227.987060546875, ""grnwt"": 0.0, ""xlai"": 3.7783167362213135, ""totir"": 30.0, ""tofer"": NaN, ""swfac"": 0.0, ""nstres"": 0.01692396402359}",0.0,0.01692396402359,5227.987060546875,0.0,3.7783167362213135,30.0,,0.0,0.0,30.0,150.0,13.10486450195313,25.10486450195313,Leave_One_experiments/all_year_offline_schedule_search/daily_outputs/HLA/HLA_2007_HLA2007_normal_grid_S0013_daily.csv
HLA,HLA,Hailun,2007,Leave_One_experiments\wth_generated_qc\HLA\HLA2007.WTH,normal_year;nitrogen_stress_year;low_response_year,normal,HLA2007_normal_grid_S0013,irrigation_positive_candidate,2007-07-15,196,77,72,"{""sim_day"": 77.0, ""doy"": 196.0, ""topwt"": 5488.10546875, ""grnwt"": 0.0, ""xlai"": 3.841074466705322, ""totir"": 30.0, ""tofer"": NaN, ""swfac"": 0.0, ""nstres"": 0.0407674312591552}",0.0,0.0407674312591552,5488.10546875,0.0,3.841074466705322,30.0,,0.0,0.0,30.0,150.0,13.10486450195313,25.10486450195313,Leave_One_experiments/all_year_offline_schedule_search/daily_outputs/HLA/HLA_2007_HLA2007_normal_grid_S0013_daily.csv
HLA,HLA,Hailun,2007,Leave_One_experiments\wth_generated_qc\HLA\HLA2007.WTH,normal_year;nitrogen_stress_year;low_response_year,normal,HLA2007_normal_grid_S0013,irrigation_positive_candidate,2007-07-16,197,78,73,"{""sim_day"": 78.0, ""doy"": 197.0, ""topwt"": 5594.12353515625, ""grnwt"": 0.0, ""xlai"": 3.8447585105896, ""totir"": 30.0, ""tofer"": NaN, ""swfac"": 0.0, ""nstres"": 0.0570694208145141}",0.0,0.0570694208145141,5594.12353515625,0.0,3.8447585105896,30.0,,0.0,0.0,30.0,150.0,13.10486450195313,25.10486450195313,Leave_One_experiments/all_year_offline_schedule_search/daily_outputs/HLA/HLA_2007_HLA2007_normal_grid_S0013_daily.csv
HLA,HLA,Hailun,2007,Leave_One_experiments\wth_generated_qc\HLA\HLA2007.WTH,normal_year;nitrogen_stress_year;low_response_year,normal,HLA2007_normal_grid_S0013,irrigation_positive_candidate,2007-07-17,198,79,74,"{""sim_day"": 79.0, ""doy"": 198.0, ""topwt"": 5775.9893798828125, ""grnwt"": 0.0, ""xlai"": 3.861660003662109, ""totir"": 30.0, ""tofer"": NaN, ""swfac"": 0.0, ""nstres"": 0.0705635547637939}",0.0,0.0705635547637939,5775.9893798828125,0.0,3.861660003662109,30.0,,0.0,0.0,30.0,150.0,13.10486450195313,25.10486450195313,Leave_One_experiments/all_year_offline_schedule_search/daily_outputs/HLA/HLA_2007_HLA2007_normal_grid_S0013_daily.csv
HLA,HLA,Hailun,2007,Leave_One_experiments\wth_generated_qc\HLA\HLA2007.WTH,normal_year;nitrogen_stress_year;low_response_year,normal,HLA2007_normal_grid_S0013,irrigation_positive_candidate,2007-07-18,199,80,75,"{""sim_day"": 80.0, ""doy"": 199.0, ""topwt"": 5899.0472412109375, ""grnwt"": 0.0, ""xlai"": 3.858631610870361, ""totir"": 30.0, ""tofer"": NaN, ""swfac"": 0.0, ""nstres"": 0.0749194622039794}",0.0,0.0749194622039794,5899.0472412109375,0.0,3.858631610870361,30.0,,0.0,0.0,30.0,150.0,13.10486450195313,25.10486450195313,Leave_One_experiments/all_year_offline_schedule_search/daily_outputs/HLA/HLA_2007_HLA2007_normal_grid_S0013_daily.csv
HLA,HLA,Hailun,2007,Leave_One_experiments\wth_generated_qc\HLA\HLA2007.WTH,normal_year;nitrogen_stress_year;low_response_year,normal,HLA2007_normal_grid_S0013,irrigation_positive_candidate,2007-07-19,200,81,76,"{""sim_day"": 81.0, ""doy"": 200.0, ""topwt"": 6043.4912109375, ""grnwt"": 0.0, ""xlai"": 3.8570034503936768, ""totir"": 30.0, ""tofer"": NaN, ""swfac"": 0.0, ""nstres"": 0.0812050104141235}",0.0,0.0812050104141235,6043.4912109375,0.0,3.8570034503936768,30.0,,0.0,0.0,30.0,150.0,13.10486450195313,25.10486450195313,Leave_One_experiments/all_year_offline_schedule_search/daily_outputs/HLA/HLA_2007_HLA2007_normal_grid_S0013_daily.csv
HLA,HLA,Hailun,2007,Leave_One_experiments\wth_generated_qc\HLA\HLA2007.WTH,normal_year;nitrogen_stress_year;low_response_year,normal,HLA2007_normal_grid_S0013,irrigation_positive_candidate,2007-07-20,201,82,77,"{""sim_day"": 82.0, ""doy"": 201.0, ""topwt"": 6134.9310302734375, ""grnwt"": 0.0, ""xlai"": 3.83884334564209, ""totir"": 30.0, ""tofer"": NaN, ""swfac"": 0.0, ""nstres"": 0.0855299234390258}",0.0,0.0855299234390258,6134.9310302734375,0.0,3.83884334564209,30.0,,0.0,0.0,30.0,150.0,13.10486450195313,25.10486450195313,Leave_One_experiments/all_year_offline_schedule_search/daily_outputs/HLA/HLA_2007_HLA2007_normal_grid_S0013_daily.csv
HLA,HLA,Hailun,2007,Leave_One_experiments\wth_generated_qc\HLA\HLA2007.WTH,normal_year;nitrogen_stress_year;low_response_year,normal,HLA2007_normal_grid_S0013,irrigation_positive_candidate,2007-07-21,202,83,78,"{""sim_day"": 83.0, ""doy"": 202.0, ""topwt"": 6250.242919921875, ""grnwt"": 0.0, ""xlai"": 3.8254902362823486, ""totir"": 30.0, ""tofer"": NaN, ""swfac"": 0.0, ""nstres"": 0.0870825052261352}",0.0,0.0870825052261352,6250.242919921875,0.0,3.8254902362823486,30.0,,0.0,0.0,30.0,150.0,13.10486450195313,25.10486450195313,Leave_One_experiments/all_year_offline_schedule_search/daily_outputs/HLA/HLA_2007_HLA2007_normal_grid_S0013_daily.csv
HLA,HLA,Hailun,2007,Leave_One_experiments\wth_generated_qc\HLA\HLA2007.WTH,normal_year;nitrogen_stress_year;low_response_year,normal,HLA2007_normal_grid_S0013,irrigation_positive_candidate,2007-07-22,203,84,79,"{""sim_day"": 84.0, ""doy"": 203.0, ""topwt"": 6396.50634765625, ""grnwt"": 0.0, ""xlai"": 3.81871509552002, ""totir"": 30.0, ""tofer"": NaN, ""swfac"": 0.0, ""nstres"": 0.0874450206756591}",0.0,0.0874450206756591,6396.50634765625,0.0,3.81871509552002,30.0,,0.0,0.0,30.0,150.0,13.10486450195313,25.10486450195313,Leave_One_experiments/all_year_offline_schedule_search/daily_outputs/HLA/HLA_2007_HLA2007_normal_grid_S0013_daily.csv
HLA,HLA,Hailun,2007,Leave_One_experiments\wth_generated_qc\HLA\HLA2007.WTH,normal_year;nitrogen_stress_year;low_response_year,normal,HLA2007_normal_grid_S0013,irrigation_positive_candidate,2007-07-23,204,85,80,"{""sim_day"": 85.0, ""doy"": 204.0, ""topwt"": 6573.07861328125, ""grnwt"": 0.0, ""xlai"": 3.819077730178833, ""totir"": 30.0, ""tofer"": NaN, ""swfac"": 0.0, ""nstres"": 0.0879686474800109}",0.0,0.0879686474800109,6573.07861328125,0.0,3.819077730178833,30.0,,0.0,0.0,30.0,150.0,13.10486450195313,25.10486450195313,Leave_One_experiments/all_year_offline_schedule_search/daily_outputs/HLA/HLA_2007_HLA2007_normal_grid_S0013_daily.csv
HLA,HLA,Hailun,2007,Leave_One_experiments\wth_generated_qc\HLA\HLA2007.WTH,normal_year;nitrogen_stress_year;low_response_year,normal,HLA2007_normal_grid_S0013,irrigation_positive_candidate,2007-07-24,205,86,81,"{""sim_day"": 86.0, ""doy"": 205.0, ""topwt"": 6766.940307617188, ""grnwt"": 0.0, ""xlai"": 3.822909593582153, ""totir"": 30.0, ""tofer"": NaN, ""swfac"": 0.0, ""nstres"": 0.0893697738647461}",0.0,0.0893697738647461,6766.940307617188,0.0,3.822909593582153,30.0,,0.0,0.0,30.0,150.0,13.10486450195313,25.10486450195313,Leave_One_experiments/all_year_offline_schedule_search/daily_outputs/HLA/HLA_2007_HLA2007_normal_grid_S0013_daily.csv
HLA,HLA,Hailun,2007,Leave_One_experiments\wth_generated_qc\HLA\HLA2007.WTH,normal_year;nitrogen_stress_year;low_response_year,normal,HLA2007_normal_grid_S0013,irrigation_positive_candidate,2007-07-25,206,87,82,"{""sim_day"": 87.0, ""doy"": 206.0, ""topwt"": 6985.557861328125, ""grnwt"": 0.0, ""xlai"": 3.8333678245544434, ""totir"": 30.0, ""tofer"": NaN, ""swfac"": 0.0, ""nstres"": 0.087872564792633}",0.0,0.087872564792633,6985.557861328125,0.0,3.8333678245544434,30.0,,0.0,0.0,30.0,150.0,13.10486450195313,25.10486450195313,Leave_One_experiments/all_year_offline_schedule_search/daily_outputs/HLA/HLA_2007_HLA2007_normal_grid_S0013_daily.csv
HLA,HLA,Hailun,2007,Leave_One_experiments\wth_generated_qc\HLA\HLA2007.WTH,normal_year;nitrogen_stress_year;low_response_year,normal,HLA2007_normal_grid_S0013,irrigation_positive_candidate,2007-07-26,207,88,83,"{""sim_day"": 88.0, ""doy"": 207.0, ""topwt"": 7188.10302734375, ""grnwt"": 0.0, ""xlai"": 3.838374614715576, ""totir"": 30.0, ""tofer"": NaN, ""swfac"": 0.0, ""nstres"": 0.0907733440399169}",0.0,0.0907733440399169,7188.10302734375,0.0,3.838374614715576,30.0,,0.0,0.0,30.0,150.0,13.10486450195313,25.10486450195313,Leave_One_experiments/all_year_offline_schedule_search/daily_outputs/HLA/HLA_2007_HLA2007_normal_grid_S0013_daily.csv
HLA,HLA,Hailun,2007,Leave_One_experiments\wth_generated_qc\HLA\HLA2007.WTH,normal_year;nitrogen_stress_year;low_response_year,normal,HLA2007_normal_grid_S0013,irrigation_positive_candidate,2007-07-27,208,89,84,"{""sim_day"": 89.0, ""doy"": 208.0, ""topwt"": 7342.3583984375, ""grnwt"": 0.0, ""xlai"": 3.830832242965698, ""totir"": 30.0, ""tofer"": NaN, ""swfac"": 0.0, ""nstres"": 0.0924245119094848}",0.0,0.0924245119094848,7342.3583984375,0.0,3.830832242965698,30.0,,0.0,0.0,30.0,150.0,13.10486450195313,25.10486450195313,Leave_One_experiments/all_year_offline_schedule_search/daily_outputs/HLA/HLA_2007_HLA2007_normal_grid_S0013_daily.csv
HLA,HLA,Hailun,2007,Leave_One_experiments\wth_generated_qc\HLA\HLA2007.WTH,normal_year;nitrogen_stress_year;low_response_year,normal,HLA2007_normal_grid_S0013,irrigation_positive_candidate,2007-07-28,209,90,85,"{""sim_day"": 90.0, ""doy"": 209.0, ""topwt"": 7728.206787109375, ""grnwt"": 0.0, ""xlai"": 3.7848732471466064, ""totir"": 30.0, ""tofer"": NaN, ""swfac"": 0.0, ""nstres"": 0.0959768295288086}",0.0,0.0959768295288086,7728.206787109375,0.0,3.7848732471466064,30.0,,0.0,0.0,30.0,150.0,13.10486450195313,25.10486450195313,Leave_One_experiments/all_year_offline_schedule_search/daily_outputs/HLA/HLA_2007_HLA2007_normal_grid_S0013_daily.csv
HLA,HLA,Hailun,2007,Leave_One_experiments\wth_generated_qc\HLA\HLA2007.WTH,normal_year;nitrogen_stress_year;low_response_year,normal,HLA2007_normal_grid_S0013,irrigation_positive_candidate,2007-07-29,210,91,86,"{""sim_day"": 91.0, ""doy"": 210.0, ""topwt"": 8051.990356445312, ""grnwt"": 0.0, ""xlai"": 3.741044521331787, ""totir"": 30.0, ""tofer"": NaN, ""swfac"": 0.0, ""nstres"": 0.0926398038864135}",0.0,0.0926398038864135,8051.990356445312,0.0,3.741044521331787,30.0,,0.0,0.0,30.0,150.0,13.10486450195313,25.10486450195313,Leave_One_experiments/all_year_offline_schedule_search/daily_outputs/HLA/HLA_2007_HLA2007_normal_grid_S0013_daily.csv
HLA,HLA,Hailun,2007,Leave_One_experiments\wth_generated_qc\HLA\HLA2007.WTH,normal_year;nitrogen_stress_year;low_response_year,normal,HLA2007_normal_grid_S0013,irrigation_positive_candidate,2007-07-30,211,92,87,"{""sim_day"": 92.0, ""doy"": 211.0, ""topwt"": 8451.54541015625, ""grnwt"": 0.0, ""xlai"": 3.695468664169312, ""totir"": 30.0, ""tofer"": NaN, ""swfac"": 0.0, ""nstres"": 0.0974607467651367}",0.0,0.0974607467651367,8451.54541015625,0.0,3.695468664169312,30.0,,0.0,0.0,30.0,150.0,13.10486450195313,25.10486450195313,Leave_One_experiments/all_year_offline_schedule_search/daily_outputs/HLA/HLA_2007_HLA2007_normal_grid_S0013_daily.csv
HLA,HLA,Hailun,2007,Leave_One_experiments\wth_generated_qc\HLA\HLA2007.WTH,normal_year;nitrogen_stress_year;low_response_year,normal,HLA2007_normal_grid_S0013,irrigation_positive_candidate,2007-07-31,212,93,88,"{""sim_day"": 93.0, ""doy"": 212.0, ""topwt"": 8830.599365234375, ""grnwt"": 0.0, ""xlai"": 3.649624109268189, ""totir"": 30.0, ""tofer"": NaN, ""swfac"": 0.0, ""nstres"": 0.0992454290390014}",0.0,0.0992454290390014,8830.599365234375,0.0,3.649624109268189,30.0,,0.0,0.0,30.0,150.0,13.10486450195313,25.10486450195313,Leave_One_experiments/all_year_offline_schedule_search/daily_outputs/HLA/HLA_2007_HLA2007_normal_grid_S0013_daily.csv
HLA,HLA,Hailun,2007,Leave_One_experiments\wth_generated_qc\HLA\HLA2007.WTH,normal_year;nitrogen_stress_year;low_response_year,normal,HLA2007_normal_grid_S0013,irrigation_positive_candidate,2007-08-01,213,94,89,"{""sim_day"": 94.0, ""doy"": 213.0, ""topwt"": 9209.68505859375, ""grnwt"": 0.0, ""xlai"": 3.6024699211120605, ""totir"": 30.0, ""tofer"": NaN, ""swfac"": 0.0, ""nstres"": 0.1033621430397033}",0.0,0.1033621430397033,9209.68505859375,0.0,3.6024699211120605,30.0,,0.0,0.0,30.0,150.0,13.10486450195313,25.10486450195313,Leave_One_experiments/all_year_offline_schedule_search/daily_outputs/HLA/HLA_2007_HLA2007_normal_grid_S0013_daily.csv
HLA,HLA,Hailun,2007,Leave_One_experiments\wth_generated_qc\HLA\HLA2007.WTH,normal_year;nitrogen_stress_year;low_response_year,normal,HLA2007_normal_grid_S0013,irrigation_positive_candidate,2007-08-02,214,95,90,"{""sim_day"": 95.0, ""doy"": 214.0, ""topwt"": 9569.953002929688, ""grnwt"": 0.0, ""xlai"": 3.5550668239593506, ""totir"": 30.0, ""tofer"": NaN, ""swfac"": 0.0, ""nstres"": 0.1052675247192382}",0.0,0.1052675247192382,9569.953002929688,0.0,3.5550668239593506,30.0,,0.0,0.0,30.0,150.0,13.10486450195313,25.10486450195313,Leave_One_experiments/all_year_offline_schedule_search/daily_outputs/HLA/HLA_2007_HLA2007_normal_grid_S0013_daily.csv
HLA,HLA,Hailun,2007,Leave_One_experiments\wth_generated_qc\HLA\HLA2007.WTH,normal_year;nitrogen_stress_year;low_response_year,normal,HLA2007_normal_grid_S0013,irrigation_positive_candidate,2007-08-03,215,96,91,"{""sim_day"": 96.0, ""doy"": 215.0, ""topwt"": 9949.000244140623, ""grnwt"": 0.0, ""xlai"": 3.508206844329834, ""totir"": 30.0, ""tofer"": NaN, ""swfac"": 0.0, ""nstres"": 0.1054494976997375}",0.0,0.1054494976997375,9949.000244140623,0.0,3.508206844329834,30.0,,0.0,0.0,30.0,150.0,13.10486450195313,25.10486450195313,Leave_One_experiments/all_year_offline_schedule_search/daily_outputs/HLA/HLA_2007_HLA2007_normal_grid_S0013_daily.csv
HLA,HLA,Hailun,2007,Leave_One_experiments\wth_generated_qc\HLA\HLA2007.WTH,normal_year;nitrogen_stress_year;low_response_year,normal,HLA2007_normal_grid_S0013,irrigation_positive_candidate,2007-08-04,216,97,92,"{""sim_day"": 97.0, ""doy"": 216.0, ""topwt"": 10287.427978515623, ""grnwt"": 0.0, ""xlai"": 3.4622225761413574, ""totir"": 30.0, ""tofer"": NaN, ""swfac"": 0.0, ""nstres"": 0.1048606634140014}",0.0,0.1048606634140014,10287.427978515623,0.0,3.4622225761413574,30.0,,0.0,0.0,30.0,150.0,13.10486450195313,25.10486450195313,Leave_One_experiments/all_year_offline_schedule_search/daily_outputs/HLA/HLA_2007_HLA2007_normal_grid_S0013_daily.csv
HLA,HLA,Hailun,2007,Leave_One_experiments\wth_generated_qc\HLA\HLA2007.WTH,normal_year;nitrogen_stress_year;low_response_year,normal,HLA2007_normal_grid_S0013,irrigation_positive_candidate,2007-08-05,217,98,93,"{""sim_day"": 98.0, ""doy"": 217.0, ""topwt"": 10545.21728515625, ""grnwt"": 0.0, ""xlai"": 3.417423248291016, ""totir"": 30.0, ""tofer"": NaN, ""swfac"": 0.0, ""nstres"": 0.1035152673721313}",0.0,0.1035152673721313,10545.21728515625,0.0,3.417423248291016,30.0,,0.0,0.0,30.0,150.0,13.10486450195313,25.10486450195313,Leave_One_experiments/all_year_offline_schedule_search/daily_outputs/HLA/HLA_2007_HLA2007_normal_grid_S0013_daily.csv
HLA,HLA,Hailun,2007,Leave_One_experiments\wth_generated_qc\HLA\HLA2007.WTH,normal_year;nitrogen_stress_year;low_response_year,normal,HLA2007_normal_grid_S0013,irrigation_positive_candidate,2007-08-06,218,99,94,"{""sim_day"": 99.0, ""doy"": 218.0, ""topwt"": 10615.159912109377, ""grnwt"": 0.0, ""xlai"": 3.3741354942321777, ""totir"": 30.0, ""tofer"": NaN, ""swfac"": 0.0, ""nstres"": 0.1013345718383789}",0.0,0.1013345718383789,10615.159912109377,0.0,3.3741354942321777,30.0,,0.0,0.0,30.0,150.0,13.10486450195313,25.10486450195313,Leave_One_experiments/all_year_offline_schedule_search/daily_outputs/HLA/HLA_2007_HLA2007_normal_grid_S0013_daily.csv
HLA,HLA,Hailun,2007,Leave_One_experiments\wth_generated_qc\HLA\HLA2007.WTH,normal_year;nitrogen_stress_year;low_response_year,normal,HLA2007_normal_grid_S0013,irrigation_positive_candidate,2007-08-07,219,100,95,"{""sim_day"": 100.0, ""doy"": 219.0, ""topwt"": 10821.458740234377, ""grnwt"": 0.0, ""xlai"": 3.333824634552002, ""totir"": 30.0, ""tofer"": NaN, ""swfac"": 0.0, ""nstres"": 0.0955766439437866}",0.0,0.0955766439437866,10821.458740234377,0.0,3.333824634552002,30.0,,0.0,0.0,30.0,150.0,13.10486450195313,25.10486450195313,Leave_One_experiments/all_year_offline_schedule_search/daily_outputs/HLA/HLA_2007_HLA2007_normal_grid_S0013_daily.csv
HLA,HLA,Hailun,2007,Leave_One_experiments\wth_generated_qc\HLA\HLA2007.WTH,normal_year;nitrogen_stress_year;low_response_year,normal,HLA2007_normal_grid_S0013,irrigation_positive_candidate,2007-08-08,220,101,96,"{""sim_day"": 101.0, ""doy"": 220.0, ""topwt"": 10921.328125, ""grnwt"": 0.0, ""xlai"": 3.297778844833374, ""totir"": 30.0, ""tofer"": NaN, ""swfac"": 0.0, ""nstres"": 0.0864964723587036}",0.0,0.0864964723587036,10921.328125,0.0,3.297778844833374,30.0,,0.0,0.0,30.0,150.0,13.10486450195313,25.10486450195313,Leave_One_experiments/all_year_offline_schedule_search/daily_outputs/HLA/HLA_2007_HLA2007_normal_grid_S0013_daily.csv
HLA,HLA,Hailun,2007,Leave_One_experiments\wth_generated_qc\HLA\HLA2007.WTH,normal_year;nitrogen_stress_year;low_response_year,normal,HLA2007_normal_grid_S0013,irrigation_positive_candidate,2007-08-09,221,102,97,"{""sim_day"": 102.0, ""doy"": 221.0, ""topwt"": 11032.452392578123, ""grnwt"": 0.0, ""xlai"": 3.264726400375366, ""totir"": 30.0, ""tofer"": NaN, ""swfac"": 0.0, ""nstres"": 0.0801812410354614}",0.0,0.0801812410354614,11032.452392578123,0.0,3.264726400375366,30.0,,0.0,0.0,30.0,150.0,13.10486450195313,25.10486450195313,Leave_One_experiments/all_year_offline_schedule_search/daily_outputs/HLA/HLA_2007_HLA2007_normal_grid_S0013_daily.csv
HLA,HLA,Hailun,2007,Leave_One_experiments\wth_generated_qc\HLA\HLA2007.WTH,normal_year;nitrogen_stress_year;low_response_year,normal,HLA2007_normal_grid_S0013,irrigation_positive_candidate,2007-08-10,222,103,98,"{""sim_day"": 103.0, ""doy"": 222.0, ""topwt"": 11192.930908203123, ""grnwt"": 160.47784805297852, ""xlai"": 3.235928058624268, ""totir"": 30.0, ""tofer"": NaN, ""swfac"": 0.0, ""nstres"": 0.0705680847167968}",0.0,0.0705680847167968,11192.930908203123,160.47784805297852,3.235928058624268,30.0,,0.0,0.0,30.0,150.0,13.10486450195313,25.10486450195313,Leave_One_experiments/all_year_offline_schedule_search/daily_outputs/HLA/HLA_2007_HLA2007_normal_grid_S0013_daily.csv
HLA,HLA,Hailun,2007,Leave_One_experiments\wth_generated_qc\HLA\HLA2007.WTH,normal_year;nitrogen_stress_year;low_response_year,normal,HLA2007_normal_grid_S0013,irrigation_positive_candidate,2007-08-11,223,104,99,"{""sim_day"": 104.0, ""doy"": 223.0, ""topwt"": 11352.593994140623, ""grnwt"": 320.95569610595703, ""xlai"": 3.204968214035034, ""totir"": 30.0, ""tofer"": NaN, ""swfac"": 0.0, ""nstres"": 0.0765397548675537}",0.0,0.0765397548675537,11352.593994140623,320.95569610595703,3.204968214035034,30.0,,0.0,0.0,30.0,150.0,13.10486450195313,25.10486450195313,Leave_One_experiments/all_year_offline_schedule_search/daily_outputs/HLA/HLA_2007_HLA2007_normal_grid_S0013_daily.csv
HLA,HLA,Hailun,2007,Leave_One_experiments\wth_generated_qc\HLA\HLA2007.WTH,normal_year;nitrogen_stress_year;low_response_year,normal,HLA2007_normal_grid_S0013,irrigation_positive_candidate,2007-08-12,224,105,100,"{""sim_day"": 105.0, ""doy"": 224.0, ""topwt"": 11453.209228515623, ""grnwt"": 481.4335250854492, ""xlai"": 3.173361301422119, ""totir"": 30.0, ""tofer"": NaN, ""swfac"": 0.0, ""nstres"": 0.0788947343826294}",0.0,0.0788947343826294,11453.209228515623,481.4335250854492,3.173361301422119,30.0,,0.0,0.0,30.0,150.0,13.10486450195313,25.10486450195313,Leave_One_experiments/all_year_offline_schedule_search/daily_outputs/HLA/HLA_2007_HLA2007_normal_grid_S0013_daily.csv
HLA,HLA,Hailun,2007,Leave_One_experiments\wth_generated_qc\HLA\HLA2007.WTH,normal_year;nitrogen_stress_year;low_response_year,normal,HLA2007_normal_grid_S0013,irrigation_positive_candidate,2007-08-13,225,106,101,"{""sim_day"": 106.0, ""doy"": 225.0, ""topwt"": 11674.364013671877, ""grnwt"": 641.9113922119141, ""xlai"": 3.141545295715332, ""totir"": 30.0, ""tofer"": NaN, ""swfac"": 0.0, ""nstres"": 0.0802071094512939}",0.0,0.0802071094512939,11674.364013671877,641.9113922119141,3.141545295715332,30.0,,0.0,0.0,30.0,150.0,13.10486450195313,25.10486450195313,Leave_One_experiments/all_year_offline_schedule_search/daily_outputs/HLA/HLA_2007_HLA2007_normal_grid_S0013_daily.csv
HLA,HLA,Hailun,2007,Leave_One_experiments\wth_generated_qc\HLA\HLA2007.WTH,normal_year;nitrogen_stress_year;low_response_year,normal,HLA2007_normal_grid_S0013,irrigation_positive_candidate,2007-08-14,226,107,102,"{""sim_day"": 107.0, ""doy"": 226.0, ""topwt"": 11834.84130859375, ""grnwt"": 802.3892211914062, ""xlai"": 3.110607385635376, ""totir"": 30.0, ""tofer"": NaN, ""swfac"": 0.0, ""nstres"": 0.0787837505340576}",0.0,0.0787837505340576,11834.84130859375,802.3892211914062,3.110607385635376,30.0,,0.0,0.0,30.0,150.0,13.10486450195313,25.10486450195313,Leave_One_experiments/all_year_offline_schedule_search/daily_outputs/HLA/HLA_2007_HLA2007_normal_grid_S0013_daily.csv
HLA,HLA,Hailun,2007,Leave_One_experiments\wth_generated_qc\HLA\HLA2007.WTH,normal_year;nitrogen_stress_year;low_response_year,normal,HLA2007_normal_grid_S0013,irrigation_positive_candidate,2007-08-15,227,108,103,"{""sim_day"": 108.0, ""doy"": 227.0, ""topwt"": 11995.31982421875, ""grnwt"": 962.8670501708984, ""xlai"": 3.077958583831787, ""totir"": 30.0, ""tofer"": NaN, ""swfac"": 0.0, ""nstres"": 0.0839676856994628}",0.0,0.0839676856994628,11995.31982421875,962.8670501708984,3.077958583831787,30.0,,0.0,0.0,30.0,150.0,13.10486450195313,25.10486450195313,Leave_One_experiments/all_year_offline_schedule_search/daily_outputs/HLA/HLA_2007_HLA2007_normal_grid_S0013_daily.csv
HLA,HLA,Hailun,2007,Leave_One_experiments\wth_generated_qc\HLA\HLA2007.WTH,normal_year;nitrogen_stress_year;low_response_year,normal,HLA2007_normal_grid_S0013,irrigation_positive_candidate,2007-08-16,228,109,104,"{""sim_day"": 109.0, ""doy"": 228.0, ""topwt"": 12155.797119140623, ""grnwt"": 1123.3448791503906, ""xlai"": 3.044124126434326, ""totir"": 30.0, ""tofer"": NaN, ""swfac"": 0.0, ""nstres"": 0.0879395008087158}",0.0,0.0879395008087158,12155.797119140623,1123.3448791503906,3.044124126434326,30.0,,0.0,0.0,30.0,150.0,13.10486450195313,25.10486450195313,Leave_One_experiments/all_year_offline_schedule_search/daily_outputs/HLA/HLA_2007_HLA2007_normal_grid_S0013_daily.csv
HLA,HLA,Hailun,2007,Leave_One_experiments\wth_generated_qc\HLA\HLA2007.WTH,normal_year;nitrogen_stress_year;low_response_year,normal,HLA2007_normal_grid_S0013,irrigation_positive_candidate,2007-08-17,229,110,105,"{""sim_day"": 110.0, ""doy"": 229.0, ""topwt"": 12316.2744140625, ""grnwt"": 1283.822784423828, ""xlai"": 3.009204864501953, ""totir"": 30.0, ""tofer"": NaN, ""swfac"": 0.0, ""nstres"": 0.0917685031890869}",0.0,0.0917685031890869,12316.2744140625,1283.822784423828,3.009204864501953,30.0,,0.0,0.0,30.0,150.0,13.10486450195313,25.10486450195313,Leave_One_experiments/all_year_offline_schedule_search/daily_outputs/HLA/HLA_2007_HLA2007_normal_grid_S0013_daily.csv
HLA,HLA,Hailun,2007,Leave_One_experiments\wth_generated_qc\HLA\HLA2007.WTH,normal_year;nitrogen_stress_year;low_response_year,normal,HLA2007_normal_grid_S0013,irrigation_positive_candidate,2007-08-18,230,111,106,"{""sim_day"": 111.0, ""doy"": 230.0, ""topwt"": 12476.7529296875, ""grnwt"": 1444.300537109375, ""xlai"": 2.9737398624420166, ""totir"": 30.0, ""tofer"": NaN, ""swfac"": 0.0, ""nstres"": 0.0942839384078979}",0.0,0.0942839384078979,12476.7529296875,1444.300537109375,2.9737398624420166,30.0,,0.0,0.0,30.0,150.0,13.10486450195313,25.10486450195313,Leave_One_experiments/all_year_offline_schedule_search/daily_outputs/HLA/HLA_2007_HLA2007_normal_grid_S0013_daily.csv
HLA,HLA,Hailun,2007,Leave_One_experiments\wth_generated_qc\HLA\HLA2007.WTH,normal_year;nitrogen_stress_year;low_response_year,normal,HLA2007_normal_grid_S0013,irrigation_positive_candidate,2007-08-19,231,112,107,"{""sim_day"": 112.0, ""doy"": 231.0, ""topwt"": 12637.2314453125, ""grnwt"": 1604.7784423828125, ""xlai"": 2.937939405441284, ""totir"": 30.0, ""tofer"": NaN, ""swfac"": 0.0, ""nstres"": 0.0963102579116821}",0.0,0.0963102579116821,12637.2314453125,1604.7784423828125,2.937939405441284,30.0,,0.0,0.0,30.0,150.0,13.10486450195313,25.10486450195313,Leave_One_experiments/all_year_offline_schedule_search/daily_outputs/HLA/HLA_2007_HLA2007_normal_grid_S0013_daily.csv
HLA,HLA,Hailun,2007,Leave_One_experiments\wth_generated_qc\HLA\HLA2007.WTH,normal_year;nitrogen_stress_year;low_response_year,normal,HLA2007_normal_grid_S0013,irrigation_positive_candidate,2007-08-20,232,113,108,"{""sim_day"": 113.0, ""doy"": 232.0, ""topwt"": 12797.708740234377, ""grnwt"": 1765.25634765625, ""xlai"": 2.9005770683288574, ""totir"": 30.0, ""tofer"": NaN, ""swfac"": 0.0, ""nstres"": 0.1017379760742187}",0.0,0.1017379760742187,12797.708740234377,1765.25634765625,2.9005770683288574,30.0,,0.0,0.0,30.0,150.0,13.10486450195313,25.10486450195313,Leave_One_experiments/all_year_offline_schedule_search/daily_outputs/HLA/HLA_2007_HLA2007_normal_grid_S0013_daily.csv
HLA,HLA,Hailun,2007,Leave_One_experiments\wth_generated_qc\HLA\HLA2007.WTH,normal_year;nitrogen_stress_year;low_response_year,normal,HLA2007_normal_grid_S0013,irrigation_positive_candidate,2007-08-21,233,114,109,"{""sim_day"": 114.0, ""doy"": 233.0, ""topwt"": 12958.18603515625, ""grnwt"": 1925.7341003417969, ""xlai"": 2.861130714416504, ""totir"": 30.0, ""tofer"": NaN, ""swfac"": 0.0, ""nstres"": 0.108795166015625}",0.0,0.108795166015625,12958.18603515625,1925.7341003417969,2.861130714416504,30.0,,0.0,0.0,30.0,150.0,13.10486450195313,25.10486450195313,Leave_One_experiments/all_year_offline_schedule_search/daily_outputs/HLA/HLA_2007_HLA2007_normal_grid_S0013_daily.csv
HLA,HLA,Hailun,2007,Leave_One_experiments\wth_generated_qc\HLA\HLA2007.WTH,normal_year;nitrogen_stress_year;low_response_year,normal,HLA2007_normal_grid_S0013,irrigation_positive_candidate,2007-08-22,234,115,110,"{""sim_day"": 115.0, ""doy"": 234.0, ""topwt"": 13118.66455078125, ""grnwt"": 2086.2120056152344, ""xlai"": 2.82010269165039, ""totir"": 30.0, ""tofer"": NaN, ""swfac"": 0.0, ""nstres"": 0.1147187948226928}",0.0,0.1147187948226928,13118.66455078125,2086.2120056152344,2.82010269165039,30.0,,0.0,0.0,30.0,150.0,13.10486450195313,25.10486450195313,Leave_One_experiments/all_year_offline_schedule_search/daily_outputs/HLA/HLA_2007_HLA2007_normal_grid_S0013_daily.csv
HLA,HLA,Hailun,2007,Leave_One_experiments\wth_generated_qc\HLA\HLA2007.WTH,normal_year;nitrogen_stress_year;low_response_year,normal,HLA2007_normal_grid_S0013,irrigation_positive_candidate,2007-08-23,235,116,111,"{""sim_day"": 116.0, ""doy"": 235.0, ""topwt"": 13279.14306640625, ""grnwt"": 2246.689758300781, ""xlai"": 2.7780449390411377, ""totir"": 30.0, ""tofer"": NaN, ""swfac"": 0.0, ""nstres"": 0.1193082928657531}",0.0,0.1193082928657531,13279.14306640625,2246.689758300781,2.7780449390411377,30.0,,0.0,0.0,30.0,150.0,13.10486450195313,25.10486450195313,Leave_One_experiments/all_year_offline_schedule_search/daily_outputs/HLA/HLA_2007_HLA2007_normal_grid_S0013_daily.csv
HLA,HLA,Hailun,2007,Leave_One_experiments\wth_generated_qc\HLA\HLA2007.WTH,normal_year;nitrogen_stress_year;low_response_year,normal,HLA2007_normal_grid_S0013,irrigation_positive_candidate,2007-08-24,236,117,112,"{""sim_day"": 117.0, ""doy"": 236.0, ""topwt"": 13439.62158203125, ""grnwt"": 2407.1676635742188, ""xlai"": 2.734526395797729, ""totir"": 30.0, ""tofer"": NaN, ""swfac"": 0.0, ""nstres"": 0.1253212690353393}",0.0,0.1253212690353393,13439.62158203125,2407.1676635742188,2.734526395797729,30.0,,0.0,0.0,30.0,150.0,13.10486450195313,25.10486450195313,Leave_One_experiments/all_year_offline_schedule_search/daily_outputs/HLA/HLA_2007_HLA2007_normal_grid_S0013_daily.csv
HLA,HLA,Hailun,2007,Leave_One_experiments\wth_generated_qc\HLA\HLA2007.WTH,normal_year;nitrogen_stress_year;low_response_year,normal,HLA2007_normal_grid_S0013,irrigation_positive_candidate,2007-08-25,237,118,113,"{""sim_day"": 118.0, ""doy"": 237.0, ""topwt"": 13600.09765625, ""grnwt"": 2567.645568847656, ""xlai"": 2.6893303394317627, ""totir"": 30.0, ""tofer"": NaN, ""swfac"": 0.0, ""nstres"": 0.1322230100631714}",0.0,0.1322230100631714,13600.09765625,2567.645568847656,2.6893303394317627,30.0,,0.0,0.0,30.0,150.0,13.10486450195313,25.10486450195313,Leave_One_experiments/all_year_offline_schedule_search/daily_outputs/HLA/HLA_2007_HLA2007_normal_grid_S0013_daily.csv
HLA,HLA,Hailun,2007,Leave_One_experiments\wth_generated_qc\HLA\HLA2007.WTH,normal_year;nitrogen_stress_year;low_response_year,normal,HLA2007_normal_grid_S0013,irrigation_positive_candidate,2007-08-26,238,119,114,"{""sim_day"": 119.0, ""doy"": 238.0, ""topwt"": 13760.576171875, ""grnwt"": 2728.1231689453125, ""xlai"": 2.642538070678711, ""totir"": 30.0, ""tofer"": NaN, ""swfac"": 0.0, ""nstres"": 0.1391940712928772}",0.0,0.1391940712928772,13760.576171875,2728.1231689453125,2.642538070678711,30.0,,0.0,0.0,30.0,150.0,13.10486450195313,25.10486450195313,Leave_One_experiments/all_year_offline_schedule_search/daily_outputs/HLA/HLA_2007_HLA2007_normal_grid_S0013_daily.csv
HLA,HLA,Hailun,2007,Leave_One_experiments\wth_generated_qc\HLA\HLA2007.WTH,normal_year;nitrogen_stress_year;low_response_year,normal,HLA2007_normal_grid_S0013,irrigation_positive_candidate,2007-08-27,239,120,115,"{""sim_day"": 120.0, ""doy"": 239.0, ""topwt"": 13897.36328125, ""grnwt"": 2864.911499023437, ""xlai"": 2.5936148166656494, ""totir"": 30.0, ""tofer"": NaN, ""swfac"": 0.0, ""nstres"": 0.1481105089187622}",0.0,0.1481105089187622,13897.36328125,2864.911499023437,2.5936148166656494,30.0,,0.0,0.0,30.0,150.0,13.10486450195313,25.10486450195313,Leave_One_experiments/all_year_offline_schedule_search/daily_outputs/HLA/HLA_2007_HLA2007_normal_grid_S0013_daily.csv
HLA,HLA,Hailun,2007,Leave_One_experiments\wth_generated_qc\HLA\HLA2007.WTH,normal_year;nitrogen_stress_year;low_response_year,normal,HLA2007_normal_grid_S0013,irrigation_positive_candidate,2007-08-28,240,121,116,"{""sim_day"": 121.0, ""doy"": 240.0, ""topwt"": 14057.841796875, ""grnwt"": 3025.389404296875, ""xlai"": 2.543694972991944, ""totir"": 30.0, ""tofer"": NaN, ""swfac"": 0.0, ""nstres"": 0.1539784669876098}",0.0,0.1539784669876098,14057.841796875,3025.389404296875,2.543694972991944,30.0,,0.0,0.0,30.0,150.0,13.10486450195313,25.10486450195313,Leave_One_experiments/all_year_offline_schedule_search/daily_outputs/HLA/HLA_2007_HLA2007_normal_grid_S0013_daily.csv
HLA,HLA,Hailun,2007,Leave_One_experiments\wth_generated_qc\HLA\HLA2007.WTH,normal_year;nitrogen_stress_year;low_response_year,normal,HLA2007_normal_grid_S0013,irrigation_positive_candidate,2007-08-29,241,122,117,"{""sim_day"": 122.0, ""doy"": 241.0, ""topwt"": 14218.3203125, ""grnwt"": 3185.8673095703125, ""xlai"": 2.492180347442627, ""totir"": 30.0, ""tofer"": NaN, ""swfac"": 0.0, ""nstres"": 0.162013828754425}",0.0,0.162013828754425,14218.3203125,3185.8673095703125,2.492180347442627,30.0,,0.0,0.0,30.0,150.0,13.10486450195313,25.10486450195313,Leave_One_experiments/all_year_offline_schedule_search/daily_outputs/HLA/HLA_2007_HLA2007_normal_grid_S0013_daily.csv
HLA,HLA,Hailun,2007,Leave_One_experiments\wth_generated_qc\HLA\HLA2007.WTH,normal_year;nitrogen_stress_year;low_response_year,normal,HLA2007_normal_grid_S0013,irrigation_positive_candidate,2007-08-30,242,123,118,"{""sim_day"": 123.0, ""doy"": 242.0, ""topwt"": 14378.797607421877, ""grnwt"": 3346.34521484375, ""xlai"": 2.4392201900482178, ""totir"": 30.0, ""tofer"": NaN, ""swfac"": 0.0, ""nstres"": 0.1700046062469482}",0.0,0.1700046062469482,14378.797607421877,3346.34521484375,2.4392201900482178,30.0,,0.0,0.0,30.0,150.0,13.10486450195313,25.10486450195313,Leave_One_experiments/all_year_offline_schedule_search/daily_outputs/HLA/HLA_2007_HLA2007_normal_grid_S0013_daily.csv
HLA,HLA,Hailun,2007,Leave_One_experiments\wth_generated_qc\HLA\HLA2007.WTH,normal_year;nitrogen_stress_year;low_response_year,normal,HLA2007_normal_grid_S0013,irrigation_positive_candidate,2007-08-31,243,124,119,"{""sim_day"": 124.0, ""doy"": 243.0, ""topwt"": 14539.276123046877, ""grnwt"": 3506.8231201171875, ""xlai"": 2.385448217391968, ""totir"": 30.0, ""tofer"": NaN, ""swfac"": 0.0, ""nstres"": 0.1763570308685302}",0.0,0.1763570308685302,14539.276123046877,3506.8231201171875,2.385448217391968,30.0,,0.0,0.0,30.0,150.0,13.10486450195313,25.10486450195313,Leave_One_experiments/all_year_offline_schedule_search/daily_outputs/HLA/HLA_2007_HLA2007_normal_grid_S0013_daily.csv
HLA,HLA,Hailun,2007,Leave_One_experiments\wth_generated_qc\HLA\HLA2007.WTH,normal_year;nitrogen_stress_year;low_response_year,normal,HLA2007_normal_grid_S0013,irrigation_positive_candidate,2007-09-01,244,125,120,"{""sim_day"": 125.0, ""doy"": 244.0, ""topwt"": 14699.754638671877, ""grnwt"": 3667.300720214844, ""xlai"": 2.3305530548095703, ""totir"": 30.0, ""tofer"": NaN, ""swfac"": 0.0, ""nstres"": 0.1841000318527221}",0.0,0.1841000318527221,14699.754638671877,3667.300720214844,2.3305530548095703,30.0,,0.0,0.0,30.0,150.0,13.10486450195313,25.10486450195313,Leave_One_experiments/all_year_offline_schedule_search/daily_outputs/HLA/HLA_2007_HLA2007_normal_grid_S0013_daily.csv
HLA,HLA,Hailun,2007,Leave_One_experiments\wth_generated_qc\HLA\HLA2007.WTH,normal_year;nitrogen_stress_year;low_response_year,normal,HLA2007_normal_grid_S0013,irrigation_positive_candidate,2007-09-02,245,126,121,"{""sim_day"": 126.0, ""doy"": 245.0, ""topwt"": 14821.258544921877, ""grnwt"": 3788.805541992188, ""xlai"": 2.274054288864136, ""totir"": 30.0, ""tofer"": NaN, ""swfac"": 0.0, ""nstres"": 0.1939419507980346}",0.0,0.1939419507980346,14821.258544921877,3788.805541992188,2.274054288864136,30.0,,0.0,0.0,30.0,150.0,13.10486450195313,25.10486450195313,Leave_One_experiments/all_year_offline_schedule_search/daily_outputs/HLA/HLA_2007_HLA2007_normal_grid_S0013_daily.csv
HLA,HLA,Hailun,2007,Leave_One_experiments\wth_generated_qc\HLA\HLA2007.WTH,normal_year;nitrogen_stress_year;low_response_year,normal,HLA2007_normal_grid_S0013,irrigation_positive_candidate,2007-09-03,246,127,122,"{""sim_day"": 127.0, ""doy"": 246.0, ""topwt"": 14967.98095703125, ""grnwt"": 3935.528259277344, ""xlai"": 2.2171566486358643, ""totir"": 30.0, ""tofer"": NaN, ""swfac"": 0.0, ""nstres"": 0.2004852890968322}",0.0,0.2004852890968322,14967.98095703125,3935.528259277344,2.2171566486358643,30.0,,0.0,0.0,30.0,150.0,13.10486450195313,25.10486450195313,Leave_One_experiments/all_year_offline_schedule_search/daily_outputs/HLA/HLA_2007_HLA2007_normal_grid_S0013_daily.csv
HLA,HLA,Hailun,2007,Leave_One_experiments\wth_generated_qc\HLA\HLA2007.WTH,normal_year;nitrogen_stress_year;low_response_year,normal,HLA2007_normal_grid_S0013,irrigation_positive_candidate,2007-09-04,247,128,123,"{""sim_day"": 128.0, ""doy"": 247.0, ""topwt"": 15128.460693359377, ""grnwt"": 4096.005859375, ""xlai"": 2.1596076488494877, ""totir"": 30.0, ""tofer"": NaN, ""swfac"": 0.0, ""nstres"": 0.2229483723640442}",0.0,0.2229483723640442,15128.460693359377,4096.005859375,2.1596076488494877,30.0,,0.0,0.0,30.0,150.0,13.10486450195313,25.10486450195313,Leave_One_experiments/all_year_offline_schedule_search/daily_outputs/HLA/HLA_2007_HLA2007_normal_grid_S0013_daily.csv
HLA,HLA,Hailun,2007,Leave_One_experiments\wth_generated_qc\HLA\HLA2007.WTH,normal_year;nitrogen_stress_year;low_response_year,normal,HLA2007_normal_grid_S0013,irrigation_positive_candidate,2007-09-05,248,129,124,"{""sim_day"": 129.0, ""doy"": 248.0, ""topwt"": 15288.93798828125, ""grnwt"": 4256.4837646484375, ""xlai"": 2.1014740467071533, ""totir"": 30.0, ""tofer"": NaN, ""swfac"": 0.0, ""nstres"": 0.246045172214508}",0.0,0.246045172214508,15288.93798828125,4256.4837646484375,2.1014740467071533,30.0,,0.0,0.0,30.0,150.0,13.10486450195313,25.10486450195313,Leave_One_experiments/all_year_offline_schedule_search/daily_outputs/HLA/HLA_2007_HLA2007_normal_grid_S0013_daily.csv
HLA,HLA,Hailun,2007,Leave_One_experiments\wth_generated_qc\HLA\HLA2007.WTH,normal_year;nitrogen_stress_year;low_response_year,normal,HLA2007_normal_grid_S0013,irrigation_positive_candidate,2007-09-06,249,130,125,"{""sim_day"": 130.0, ""doy"": 249.0, ""topwt"": 15449.41650390625, ""grnwt"": 4416.961669921875, ""xlai"": 2.0428829193115234, ""totir"": 30.0, ""tofer"": NaN, ""swfac"": 0.0, ""nstres"": 0.2691410183906555}",0.0,0.2691410183906555,15449.41650390625,4416.961669921875,2.0428829193115234,30.0,,0.0,0.0,30.0,150.0,13.10486450195313,25.10486450195313,Leave_One_experiments/all_year_offline_schedule_search/daily_outputs/HLA/HLA_2007_HLA2007_normal_grid_S0013_daily.csv
HLA,HLA,Hailun,2007,Leave_One_experiments\wth_generated_qc\HLA\HLA2007.WTH,normal_year;nitrogen_stress_year;low_response_year,normal,HLA2007_normal_grid_S0013,irrigation_positive_candidate,2007-09-07,250,131,126,"{""sim_day"": 131.0, ""doy"": 250.0, ""topwt"": 15501.21826171875, ""grnwt"": 4571.325988769531, ""xlai"": 1.9835695028305051, ""totir"": 30.0, ""tofer"": NaN, ""swfac"": 0.0, ""nstres"": 0.2968203425407409}",0.0,0.2968203425407409,15501.21826171875,4571.325988769531,1.9835695028305051,30.0,,0.0,0.0,30.0,150.0,13.10486450195313,25.10486450195313,Leave_One_experiments/all_year_offline_schedule_search/daily_outputs/HLA/HLA_2007_HLA2007_normal_grid_S0013_daily.csv
HLA,HLA,Hailun,2007,Leave_One_experiments\wth_generated_qc\HLA\HLA2007.WTH,normal_year;nitrogen_stress_year;low_response_year,normal,HLA2007_normal_grid_S0013,irrigation_positive_candidate,2007-09-08,251,132,127,"{""sim_day"": 132.0, ""doy"": 251.0, ""topwt"": 15632.459716796877, ""grnwt"": 4726.4544677734375, ""xlai"": 1.923809289932251, ""totir"": 30.0, ""tofer"": NaN, ""swfac"": 0.0, ""nstres"": 0.3230629563331604}",0.0,0.3230629563331604,15632.459716796877,4726.4544677734375,1.923809289932251,30.0,,0.0,0.0,30.0,150.0,13.10486450195313,25.10486450195313,Leave_One_experiments/all_year_offline_schedule_search/daily_outputs/HLA/HLA_2007_HLA2007_normal_grid_S0013_daily.csv
HLA,HLA,Hailun,2007,Leave_One_experiments\wth_generated_qc\HLA\HLA2007.WTH,normal_year;nitrogen_stress_year;low_response_year,normal,HLA2007_normal_grid_S0013,irrigation_positive_candidate,2007-09-09,252,133,128,"{""sim_day"": 133.0, ""doy"": 252.0, ""topwt"": 15750.3125, ""grnwt"": 4864.771118164063, ""xlai"": 1.865010142326355, ""totir"": 30.0, ""tofer"": NaN, ""swfac"": 0.0, ""nstres"": 0.3335329294204712}",0.0,0.3335329294204712,15750.3125,4864.771118164063,1.865010142326355,30.0,,0.0,0.0,30.0,150.0,13.10486450195313,25.10486450195313,Leave_One_experiments/all_year_offline_schedule_search/daily_outputs/HLA/HLA_2007_HLA2007_normal_grid_S0013_daily.csv
HLA,HLA,Hailun,2007,Leave_One_experiments\wth_generated_qc\HLA\HLA2007.WTH,normal_year;nitrogen_stress_year;low_response_year,normal,HLA2007_normal_grid_S0013,irrigation_positive_candidate,2007-09-10,253,134,129,"{""sim_day"": 134.0, ""doy"": 253.0, ""topwt"": 15851.197509765623, ""grnwt"": 5025.2490234375, ""xlai"": 1.8066579103469849, ""totir"": 30.0, ""tofer"": NaN, ""swfac"": 0.0, ""nstres"": 0.3509110808372497}",0.0,0.3509110808372497,15851.197509765623,5025.2490234375,1.8066579103469849,30.0,,0.0,0.0,30.0,150.0,13.10486450195313,25.10486450195313,Leave_One_experiments/all_year_offline_schedule_search/daily_outputs/HLA/HLA_2007_HLA2007_normal_grid_S0013_daily.csv
HLA,HLA,Hailun,2007,Leave_One_experiments\wth_generated_qc\HLA\HLA2007.WTH,normal_year;nitrogen_stress_year;low_response_year,normal,HLA2007_normal_grid_S0013,irrigation_positive_candidate,2007-09-11,254,135,130,"{""sim_day"": 135.0, ""doy"": 254.0, ""topwt"": 15979.8291015625, ""grnwt"": 5185.7269287109375, ""xlai"": 1.7483617067337036, ""totir"": 30.0, ""tofer"": NaN, ""swfac"": 0.0, ""nstres"": 0.3744165301322937}",0.0,0.3744165301322937,15979.8291015625,5185.7269287109375,1.7483617067337036,30.0,,0.0,0.0,30.0,150.0,13.10486450195313,25.10486450195313,Leave_One_experiments/all_year_offline_schedule_search/daily_outputs/HLA/HLA_2007_HLA2007_normal_grid_S0013_daily.csv
HLA,HLA,Hailun,2007,Leave_One_experiments\wth_generated_qc\HLA\HLA2007.WTH,normal_year;nitrogen_stress_year;low_response_year,normal,HLA2007_normal_grid_S0013,irrigation_positive_candidate,2007-09-12,255,136,131,"{""sim_day"": 136.0, ""doy"": 255.0, ""topwt"": 16103.966064453123, ""grnwt"": 5346.204833984375, ""xlai"": 1.6907418966293335, ""totir"": 30.0, ""tofer"": NaN, ""swfac"": 0.0, ""nstres"": 0.3909569978713989}",0.0,0.3909569978713989,16103.966064453123,5346.204833984375,1.6907418966293335,30.0,,0.0,0.0,30.0,150.0,13.10486450195313,25.10486450195313,Leave_One_experiments/all_year_offline_schedule_search/daily_outputs/HLA/HLA_2007_HLA2007_normal_grid_S0013_daily.csv
HLA,HLA,Hailun,2007,Leave_One_experiments\wth_generated_qc\HLA\HLA2007.WTH,normal_year;nitrogen_stress_year;low_response_year,normal,HLA2007_normal_grid_S0013,irrigation_positive_candidate,2007-09-13,256,137,132,"{""sim_day"": 137.0, ""doy"": 256.0, ""topwt"": 16214.813232421877, ""grnwt"": 5506.6827392578125, ""xlai"": 1.633560299873352, ""totir"": 30.0, ""tofer"": NaN, ""swfac"": 0.0, ""nstres"": 0.4116885662078857}",0.0,0.4116885662078857,16214.813232421877,5506.6827392578125,1.633560299873352,30.0,,0.0,0.0,30.0,150.0,13.10486450195313,25.10486450195313,Leave_One_experiments/all_year_offline_schedule_search/daily_outputs/HLA/HLA_2007_HLA2007_normal_grid_S0013_daily.csv
HLA,HLA,Hailun,2007,Leave_One_experiments\wth_generated_qc\HLA\HLA2007.WTH,normal_year;nitrogen_stress_year;low_response_year,normal,HLA2007_normal_grid_S0013,irrigation_positive_candidate,2007-09-14,257,138,133,"{""sim_day"": 138.0, ""doy"": 257.0, ""topwt"": 16243.017578125, ""grnwt"": 5667.16064453125, ""xlai"": 1.5767091512680054, ""totir"": 30.0, ""tofer"": NaN, ""swfac"": 0.0, ""nstres"": 0.4352455735206604}",0.0,0.4352455735206604,16243.017578125,5667.16064453125,1.5767091512680054,30.0,,0.0,0.0,30.0,150.0,13.10486450195313,25.10486450195313,Leave_One_experiments/all_year_offline_schedule_search/daily_outputs/HLA/HLA_2007_HLA2007_normal_grid_S0013_daily.csv
HLA,HLA,Hailun,2007,Leave_One_experiments\wth_generated_qc\HLA\HLA2007.WTH,normal_year;nitrogen_stress_year;low_response_year,normal,HLA2007_normal_grid_S0013,irrigation_positive_candidate,2007-09-15,258,139,134,"{""sim_day"": 139.0, ""doy"": 258.0, ""topwt"": 16299.5458984375, ""grnwt"": 5827.637939453125, ""xlai"": 1.5205180644989014, ""totir"": 30.0, ""tofer"": NaN, ""swfac"": 0.0, ""nstres"": 0.4553163051605224}",0.0,0.4553163051605224,16299.5458984375,5827.637939453125,1.5205180644989014,30.0,,0.0,0.0,30.0,150.0,13.10486450195313,25.10486450195313,Leave_One_experiments/all_year_offline_schedule_search/daily_outputs/HLA/HLA_2007_HLA2007_normal_grid_S0013_daily.csv
HLA,HLA,Hailun,2007,Leave_One_experiments\wth_generated_qc\HLA\HLA2007.WTH,normal_year;nitrogen_stress_year;low_response_year,normal,HLA2007_normal_grid_S0013,irrigation_positive_candidate,2007-09-16,259,140,135,"{""sim_day"": 140.0, ""doy"": 259.0, ""topwt"": 16411.943359375, ""grnwt"": 5988.1158447265625, ""xlai"": 1.466103434562683, ""totir"": 30.0, ""tofer"": NaN, ""swfac"": 0.0, ""nstres"": 0.4588849544525146}",0.0,0.4588849544525146,16411.943359375,5988.1158447265625,1.466103434562683,30.0,,0.0,0.0,30.0,150.0,13.10486450195313,25.10486450195313,Leave_One_experiments/all_year_offline_schedule_search/daily_outputs/HLA/HLA_2007_HLA2007_normal_grid_S0013_daily.csv
HLA,HLA,Hailun,2007,Leave_One_experiments\wth_generated_qc\HLA\HLA2007.WTH,normal_year;nitrogen_stress_year;low_response_year,normal,HLA2007_normal_grid_S0013,irrigation_positive_candidate,2007-09-17,260,141,136,"{""sim_day"": 141.0, ""doy"": 260.0, ""topwt"": 16498.6962890625, ""grnwt"": 6148.59375, ""xlai"": 1.4130192995071411, ""totir"": 30.0, ""tofer"": NaN, ""swfac"": 0.0, ""nstres"": 0.4689857363700866}",0.0,0.4689857363700866,16498.6962890625,6148.59375,1.4130192995071411,30.0,,0.0,0.0,30.0,150.0,13.10486450195313,25.10486450195313,Leave_One_experiments/all_year_offline_schedule_search/daily_outputs/HLA/HLA_2007_HLA2007_normal_grid_S0013_daily.csv
HLA,HLA,Hailun,2007,Leave_One_experiments\wth_generated_qc\HLA\HLA2007.WTH,normal_year;nitrogen_stress_year;low_response_year,normal,HLA2007_normal_grid_S0013,irrigation_positive_candidate,2007-09-18,261,142,137,"{""sim_day"": 142.0, ""doy"": 261.0, ""topwt"": 16625.41259765625, ""grnwt"": 6292.259521484375, ""xlai"": 1.3603415489196775, ""totir"": 30.0, ""tofer"": NaN, ""swfac"": 0.0, ""nstres"": 0.4947262406349182}",0.0,0.4947262406349182,16625.41259765625,6292.259521484375,1.3603415489196775,30.0,,0.0,0.0,30.0,150.0,13.10486450195313,25.10486450195313,Leave_One_experiments/all_year_offline_schedule_search/daily_outputs/HLA/HLA_2007_HLA2007_normal_grid_S0013_daily.csv
HLA,HLA,Hailun,2007,Leave_One_experiments\wth_generated_qc\HLA\HLA2007.WTH,normal_year;nitrogen_stress_year;low_response_year,normal,HLA2007_normal_grid_S0013,irrigation_positive_candidate,2007-09-19,262,143,138,"{""sim_day"": 143.0, ""doy"": 262.0, ""topwt"": 16720.693359375, ""grnwt"": 6384.725341796875, ""xlai"": 1.2296127080917358, ""totir"": 30.0, ""tofer"": NaN, ""swfac"": 0.0, ""nstres"": 0.513209342956543}",0.0,0.513209342956543,16720.693359375,6384.725341796875,1.2296127080917358,30.0,,0.0,0.0,30.0,150.0,13.10486450195313,25.10486450195313,Leave_One_experiments/all_year_offline_schedule_search/daily_outputs/HLA/HLA_2007_HLA2007_normal_grid_S0013_daily.csv
HLA,HLA,Hailun,2007,Leave_One_experiments\wth_generated_qc\HLA\HLA2007.WTH,normal_year;nitrogen_stress_year;low_response_year,normal,HLA2007_normal_grid_S0013,irrigation_positive_candidate,2007-09-20,263,144,139,"{""sim_day"": 144.0, ""doy"": 263.0, ""topwt"": 16826.34521484375, ""grnwt"": 6505.465698242188, ""xlai"": 1.1820043325424194, ""totir"": 30.0, ""tofer"": NaN, ""swfac"": 0.0, ""nstres"": 0.529236376285553}",0.0,0.529236376285553,16826.34521484375,6505.465698242188,1.1820043325424194,30.0,,0.0,0.0,30.0,150.0,13.10486450195313,25.10486450195313,Leave_One_experiments/all_year_offline_schedule_search/daily_outputs/HLA/HLA_2007_HLA2007_normal_grid_S0013_daily.csv
HLA,HLA,Hailun,2007,Leave_One_experiments\wth_generated_qc\HLA\HLA2007.WTH,normal_year;nitrogen_stress_year;low_response_year,normal,HLA2007_normal_grid_S0013,irrigation_positive_candidate,2007-09-21,264,145,140,"{""sim_day"": 145.0, ""doy"": 264.0, ""topwt"": 16901.470947265625, ""grnwt"": 6560.4864501953125, ""xlai"": 0.8865033984184265, ""totir"": 30.0, ""tofer"": NaN, ""swfac"": 0.0, ""nstres"": 0.5576194226741791}",0.0,0.5576194226741791,16901.470947265625,6560.4864501953125,0.8865033984184265,30.0,,0.0,0.0,30.0,150.0,13.10486450195313,25.10486450195313,Leave_One_experiments/all_year_offline_schedule_search/daily_outputs/HLA/HLA_2007_HLA2007_normal_grid_S0013_daily.csv
HLA,HLA,Hailun,2007,Leave_One_experiments\wth_generated_qc\HLA\HLA2007.WTH,normal_year;nitrogen_stress_year;low_response_year,normal,HLA2007_normal_grid_S0013,irrigation_positive_candidate,2007-09-22,265,146,141,"{""sim_day"": 146.0, ""doy"": 265.0, ""topwt"": 16901.470947265625, ""grnwt"": 6560.4864501953125, ""xlai"": 0.8865033984184265, ""totir"": 30.0, ""tofer"": NaN, ""swfac"": 0.0, ""nstres"": 0.5642920434474945}",0.0,0.5642920434474945,16901.470947265625,6560.4864501953125,0.8865033984184265,30.0,,0.0,0.0,30.0,150.0,13.10486450195313,25.10486450195313,Leave_One_experiments/all_year_offline_schedule_search/daily_outputs/HLA/HLA_2007_HLA2007_normal_grid_S0013_daily.csv
HLA,HLA,Hailun,2007,Leave_One_experiments\wth_generated_qc\HLA\HLA2007.WTH,normal_year;nitrogen_stress_year;low_response_year,normal,HLA2007_normal_grid_S0013,irrigation_positive_candidate,2007-09-23,266,147,142,"{""sim_day"": 147.0, ""doy"": 266.0, ""topwt"": 16901.470947265625, ""grnwt"": 6560.4864501953125, ""xlai"": 0.8865033984184265, ""totir"": 30.0, ""tofer"": NaN, ""swfac"": 0.0, ""nstres"": 0.5642920434474945}",0.0,0.5642920434474945,16901.470947265625,6560.4864501953125,0.8865033984184265,30.0,,0.0,0.0,30.0,150.0,13.10486450195313,25.10486450195313,Leave_One_experiments/all_year_offline_schedule_search/daily_outputs/HLA/HLA_2007_HLA2007_normal_grid_S0013_daily.csv
HLA,HLA,Hailun,2007,Leave_One_experiments\wth_generated_qc\HLA\HLA2007.WTH,normal_year;nitrogen_stress_year;low_response_year,normal,HLA2007_normal_grid_S0013,irrigation_positive_candidate,2007-09-24,267,148,143,"{""sim_day"": 148.0, ""doy"": 267.0, ""topwt"": 16901.470947265625, ""grnwt"": 6560.4864501953125, ""xlai"": 0.8865033984184265, ""totir"": 30.0, ""tofer"": NaN, ""swfac"": 0.0, ""nstres"": 0.5642920434474945}",0.0,0.5642920434474945,16901.470947265625,6560.4864501953125,0.8865033984184265,30.0,,0.0,0.0,30.0,150.0,13.10486450195313,25.10486450195313,Leave_One_experiments/all_year_offline_schedule_search/daily_outputs/HLA/HLA_2007_HLA2007_normal_grid_S0013_daily.csv
HLA,HLA,Hailun,2007,Leave_One_experiments\wth_generated_qc\HLA\HLA2007.WTH,normal_year;nitrogen_stress_year;low_response_year,normal,HLA2007_normal_grid_S0013,irrigation_positive_candidate,2007-09-25,268,149,144,"{""sim_day"": 149.0, ""doy"": 268.0, ""topwt"": 16901.470947265625, ""grnwt"": 6560.4864501953125, ""xlai"": 0.8865033984184265, ""totir"": 30.0, ""tofer"": NaN, ""swfac"": 0.0, ""nstres"": 0.5642920434474945}",0.0,0.5642920434474945,16901.470947265625,6560.4864501953125,0.8865033984184265,30.0,,0.0,0.0,30.0,150.0,13.10486450195313,25.10486450195313,Leave_One_experiments/all_year_offline_schedule_search/daily_outputs/HLA/HLA_2007_HLA2007_normal_grid_S0013_daily.csv
HLA,HLA,Hailun,2007,Leave_One_experiments\wth_generated_qc\HLA\HLA2007.WTH,normal_year;nitrogen_stress_year;low_response_year,normal,HLA2007_normal_grid_S0028,low_input_within_10pct_yield,2007-05-05,125,1,1,"{""sim_day"": 1.0, ""doy"": 125.0, ""topwt"": 0.0, ""grnwt"": 0.0, ""xlai"": 0.0, ""totir"": 0.0, ""tofer"": NaN, ""swfac"": 0.0, ""nstres"": 0.0}",0.0,0.0,0.0,0.0,0.0,0.0,,0.0,80.0,0.0,180.0,25.818676757812497,25.818676757812497,Leave_One_experiments/all_year_offline_schedule_search/daily_outputs/HLA/HLA_2007_HLA2007_normal_grid_S0028_daily.csv
HLA,HLA,Hailun,2007,Leave_One_experiments\wth_generated_qc\HLA\HLA2007.WTH,normal_year;nitrogen_stress_year;low_response_year,normal,HLA2007_normal_grid_S0028,low_input_within_10pct_yield,2007-05-06,126,2,2,"{""sim_day"": 2.0, ""doy"": 126.0, ""topwt"": 0.0, ""grnwt"": 0.0, ""xlai"": 0.0, ""totir"": 0.0, ""tofer"": NaN, ""swfac"": 0.0, ""nstres"": 0.0}",0.0,0.0,0.0,0.0,0.0,0.0,,0.0,0.0,0.0,180.0,25.818676757812497,25.818676757812497,Leave_One_experiments/all_year_offline_schedule_search/daily_outputs/HLA/HLA_2007_HLA2007_normal_grid_S0028_daily.csv
HLA,HLA,Hailun,2007,Leave_One_experiments\wth_generated_qc\HLA\HLA2007.WTH,normal_year;nitrogen_stress_year;low_response_year,normal,HLA2007_normal_grid_S0028,low_input_within_10pct_yield,2007-05-07,127,3,3,"{""sim_day"": 3.0, ""doy"": 127.0, ""topwt"": 0.0, ""grnwt"": 0.0, ""xlai"": 0.0, ""totir"": 0.0, ""tofer"": NaN, ""swfac"": 0.0, ""nstres"": 0.0}",0.0,0.0,0.0,0.0,0.0,0.0,,0.0,0.0,0.0,180.0,25.818676757812497,25.818676757812497,Leave_One_experiments/all_year_offline_schedule_search/daily_outputs/HLA/HLA_2007_HLA2007_normal_grid_S0028_daily.csv
HLA,HLA,Hailun,2007,Leave_One_experiments\wth_generated_qc\HLA\HLA2007.WTH,normal_year;nitrogen_stress_year;low_response_year,normal,HLA2007_normal_grid_S0028,low_input_within_10pct_yield,2007-05-08,128,4,4,"{""sim_day"": 4.0, ""doy"": 128.0, ""topwt"": 0.0, ""grnwt"": 0.0, ""xlai"": 0.0, ""totir"": 0.0, ""tofer"": NaN, ""swfac"": 0.0, ""nstres"": 0.0}",0.0,0.0,0.0,0.0,0.0,0.0,,0.0,0.0,0.0,180.0,25.818676757812497,25.818676757812497,Leave_One_experiments/all_year_offline_schedule_search/daily_outputs/HLA/HLA_2007_HLA2007_normal_grid_S0028_daily.csv
HLA,HLA,Hailun,2007,Leave_One_experiments\wth_generated_qc\HLA\HLA2007.WTH,normal_year;nitrogen_stress_year;low_response_year,normal,HLA2007_normal_grid_S0028,low_input_within_10pct_yield,2007-05-09,129,5,5,"{""sim_day"": 5.0, ""doy"": 129.0, ""topwt"": 0.0, ""grnwt"": 0.0, ""xlai"": 0.0, ""totir"": 0.0, ""tofer"": NaN, ""swfac"": 0.0, ""nstres"": 0.0}",0.0,0.0,0.0,0.0,0.0,0.0,,0.0,0.0,0.0,180.0,25.818676757812497,25.818676757812497,Leave_One_experiments/all_year_offline_schedule_search/daily_outputs/HLA/HLA_2007_HLA2007_normal_grid_S0028_daily.csv
HLA,HLA,Hailun,2007,Leave_One_experiments\wth_generated_qc\HLA\HLA2007.WTH,normal_year;nitrogen_stress_year;low_response_year,normal,HLA2007_normal_grid_S0028,low_input_within_10pct_yield,2007-05-05,125,6,1,"{""sim_day"": 6.0, ""doy"": 125.0, ""topwt"": 0.0, ""grnwt"": 0.0, ""xlai"": 0.0, ""totir"": 0.0, ""tofer"": NaN, ""swfac"": 0.0, ""nstres"": 0.0}",0.0,0.0,0.0,0.0,0.0,0.0,,0.0,0.0,0.0,180.0,25.818676757812497,25.818676757812497,Leave_One_experiments/all_year_offline_schedule_search/daily_outputs/HLA/HLA_2007_HLA2007_normal_grid_S0028_daily.csv
HLA,HLA,Hailun,2007,Leave_One_experiments\wth_generated_qc\HLA\HLA2007.WTH,normal_year;nitrogen_stress_year;low_response_year,normal,HLA2007_normal_grid_S0028,low_input_within_10pct_yield,2007-05-06,126,7,2,"{""sim_day"": 7.0, ""doy"": 126.0, ""topwt"": 0.0, ""grnwt"": 0.0, ""xlai"": 0.0, ""totir"": 0.0, ""tofer"": NaN, ""swfac"": 0.0, ""nstres"": 0.0}",0.0,0.0,0.0,0.0,0.0,0.0,,0.0,0.0,0.0,180.0,25.818676757812497,25.818676757812497,Leave_One_experiments/all_year_offline_schedule_search/daily_outputs/HLA/HLA_2007_HLA2007_normal_grid_S0028_daily.csv
HLA,HLA,Hailun,2007,Leave_One_experiments\wth_generated_qc\HLA\HLA2007.WTH,normal_year;nitrogen_stress_year;low_response_year,normal,HLA2007_normal_grid_S0028,low_input_within_10pct_yield,2007-05-07,127,8,3,"{""sim_day"": 8.0, ""doy"": 127.0, ""topwt"": 0.0, ""grnwt"": 0.0, ""xlai"": 0.0, ""totir"": 0.0, ""tofer"": NaN, ""swfac"": 0.0, ""nstres"": 0.0}",0.0,0.0,0.0,0.0,0.0,0.0,,0.0,0.0,0.0,180.0,25.818676757812497,25.818676757812497,Leave_One_experiments/all_year_offline_schedule_search/daily_outputs/HLA/HLA_2007_HLA2007_normal_grid_S0028_daily.csv
HLA,HLA,Hailun,2007,Leave_One_experiments\wth_generated_qc\HLA\HLA2007.WTH,normal_year;nitrogen_stress_year;low_response_year,normal,HLA2007_normal_grid_S0028,low_input_within_10pct_yield,2007-05-08,128,9,4,"{""sim_day"": 9.0, ""doy"": 128.0, ""topwt"": 0.0, ""grnwt"": 0.0, ""xlai"": 0.0, ""totir"": 0.0, ""tofer"": NaN, ""swfac"": 0.0, ""nstres"": 0.0}",0.0,0.0,0.0,0.0,0.0,0.0,,0.0,0.0,0.0,180.0,25.818676757812497,25.818676757812497,Leave_One_experiments/all_year_offline_schedule_search/daily_outputs/HLA/HLA_2007_HLA2007_normal_grid_S0028_daily.csv
HLA,HLA,Hailun,2007,Leave_One_experiments\wth_generated_qc\HLA\HLA2007.WTH,normal_year;nitrogen_stress_year;low_response_year,normal,HLA2007_normal_grid_S0028,low_input_within_10pct_yield,2007-05-09,129,10,5,"{""sim_day"": 10.0, ""doy"": 129.0, ""topwt"": 0.0, ""grnwt"": 0.0, ""xlai"": 0.0, ""totir"": 0.0, ""tofer"": NaN, ""swfac"": 0.0, ""nstres"": 0.0}",0.0,0.0,0.0,0.0,0.0,0.0,,0.0,0.0,0.0,180.0,25.818676757812497,25.818676757812497,Leave_One_experiments/all_year_offline_schedule_search/daily_outputs/HLA/HLA_2007_HLA2007_normal_grid_S0028_daily.csv
HLA,HLA,Hailun,2007,Leave_One_experiments\wth_generated_qc\HLA\HLA2007.WTH,normal_year;nitrogen_stress_year;low_response_year,normal,HLA2007_normal_grid_S0028,low_input_within_10pct_yield,2007-05-10,130,11,6,"{""sim_day"": 11.0, ""doy"": 130.0, ""topwt"": 0.0, ""grnwt"": 0.0, ""xlai"": 0.0, ""totir"": 0.0, ""tofer"": NaN, ""swfac"": 0.0, ""nstres"": 0.0}",0.0,0.0,0.0,0.0,0.0,0.0,,0.0,0.0,0.0,180.0,25.818676757812497,25.818676757812497,Leave_One_experiments/all_year_offline_schedule_search/daily_outputs/HLA/HLA_2007_HLA2007_normal_grid_S0028_daily.csv
HLA,HLA,Hailun,2007,Leave_One_experiments\wth_generated_qc\HLA\HLA2007.WTH,normal_year;nitrogen_stress_year;low_response_year,normal,HLA2007_normal_grid_S0028,low_input_within_10pct_yield,2007-05-11,131,12,7,"{""sim_day"": 12.0, ""doy"": 131.0, ""topwt"": 0.0, ""grnwt"": 0.0, ""xlai"": 0.0, ""totir"": 0.0, ""tofer"": NaN, ""swfac"": 0.0, ""nstres"": 0.0}",0.0,0.0,0.0,0.0,0.0,0.0,,0.0,0.0,0.0,180.0,25.818676757812497,25.818676757812497,Leave_One_experiments/all_year_offline_schedule_search/daily_outputs/HLA/HLA_2007_HLA2007_normal_grid_S0028_daily.csv
HLA,HLA,Hailun,2007,Leave_One_experiments\wth_generated_qc\HLA\HLA2007.WTH,normal_year;nitrogen_stress_year;low_response_year,normal,HLA2007_normal_grid_S0028,low_input_within_10pct_yield,2007-05-12,132,13,8,"{""sim_day"": 13.0, ""doy"": 132.0, ""topwt"": 0.0, ""grnwt"": 0.0, ""xlai"": 0.0, ""totir"": 0.0, ""tofer"": NaN, ""swfac"": 0.0, ""nstres"": 0.0}",0.0,0.0,0.0,0.0,0.0,0.0,,0.0,0.0,0.0,180.0,25.818676757812497,25.818676757812497,Leave_One_experiments/all_year_offline_schedule_search/daily_outputs/HLA/HLA_2007_HLA2007_normal_grid_S0028_daily.csv
HLA,HLA,Hailun,2007,Leave_One_experiments\wth_generated_qc\HLA\HLA2007.WTH,normal_year;nitrogen_stress_year;low_response_year,normal,HLA2007_normal_grid_S0028,low_input_within_10pct_yield,2007-05-13,133,14,9,"{""sim_day"": 14.0, ""doy"": 133.0, ""topwt"": 0.0, ""grnwt"": 0.0, ""xlai"": 0.0, ""totir"": 0.0, ""tofer"": NaN, ""swfac"": 0.0, ""nstres"": 0.0}",0.0,0.0,0.0,0.0,0.0,0.0,,0.0,0.0,0.0,180.0,25.818676757812497,25.818676757812497,Leave_One_experiments/all_year_offline_schedule_search/daily_outputs/HLA/HLA_2007_HLA2007_normal_grid_S0028_daily.csv
HLA,HLA,Hailun,2007,Leave_One_experiments\wth_generated_qc\HLA\HLA2007.WTH,normal_year;nitrogen_stress_year;low_response_year,normal,HLA2007_normal_grid_S0028,low_input_within_10pct_yield,2007-05-14,134,15,10,"{""sim_day"": 15.0, ""doy"": 134.0, ""topwt"": 0.0, ""grnwt"": 0.0, ""xlai"": 0.0, ""totir"": 0.0, ""tofer"": NaN, ""swfac"": 0.0, ""nstres"": 0.0}",0.0,0.0,0.0,0.0,0.0,0.0,,0.0,0.0,0.0,180.0,25.818676757812497,25.818676757812497,Leave_One_experiments/all_year_offline_schedule_search/daily_outputs/HLA/HLA_2007_HLA2007_normal_grid_S0028_daily.csv
HLA,HLA,Hailun,2007,Leave_One_experiments\wth_generated_qc\HLA\HLA2007.WTH,normal_year;nitrogen_stress_year;low_response_year,normal,HLA2007_normal_grid_S0028,low_input_within_10pct_yield,2007-05-15,135,16,11,"{""sim_day"": 16.0, ""doy"": 135.0, ""topwt"": 0.0, ""grnwt"": 0.0, ""xlai"": 0.0, ""totir"": 0.0, ""tofer"": NaN, ""swfac"": 0.0, ""nstres"": 0.0}",0.0,0.0,0.0,0.0,0.0,0.0,,0.0,0.0,0.0,180.0,25.818676757812497,25.818676757812497,Leave_One_experiments/all_year_offline_schedule_search/daily_outputs/HLA/HLA_2007_HLA2007_normal_grid_S0028_daily.csv
HLA,HLA,Hailun,2007,Leave_One_experiments\wth_generated_qc\HLA\HLA2007.WTH,normal_year;nitrogen_stress_year;low_response_year,normal,HLA2007_normal_grid_S0028,low_input_within_10pct_yield,2007-05-16,136,17,12,"{""sim_day"": 17.0, ""doy"": 136.0, ""topwt"": 0.0, ""grnwt"": 0.0, ""xlai"": 0.0, ""totir"": 0.0, ""tofer"": NaN, ""swfac"": 0.0, ""nstres"": 0.0}",0.0,0.0,0.0,0.0,0.0,0.0,,0.0,0.0,0.0,180.0,25.818676757812497,25.818676757812497,Leave_One_experiments/all_year_offline_schedule_search/daily_outputs/HLA/HLA_2007_HLA2007_normal_grid_S0028_daily.csv
HLA,HLA,Hailun,2007,Leave_One_experiments\wth_generated_qc\HLA\HLA2007.WTH,normal_year;nitrogen_stress_year;low_response_year,normal,HLA2007_normal_grid_S0028,low_input_within_10pct_yield,2007-05-17,137,18,13,"{""sim_day"": 18.0, ""doy"": 137.0, ""topwt"": 0.0, ""grnwt"": 0.0, ""xlai"": 0.0, ""totir"": 0.0, ""tofer"": NaN, ""swfac"": 0.0, ""nstres"": 0.0}",0.0,0.0,0.0,0.0,0.0,0.0,,0.0,0.0,0.0,180.0,25.818676757812497,25.818676757812497,Leave_One_experiments/all_year_offline_schedule_search/daily_outputs/HLA/HLA_2007_HLA2007_normal_grid_S0028_daily.csv
HLA,HLA,Hailun,2007,Leave_One_experiments\wth_generated_qc\HLA\HLA2007.WTH,normal_year;nitrogen_stress_year;low_response_year,normal,HLA2007_normal_grid_S0028,low_input_within_10pct_yield,2007-05-18,138,19,14,"{""sim_day"": 19.0, ""doy"": 138.0, ""topwt"": 0.0, ""grnwt"": 0.0, ""xlai"": 0.0, ""totir"": 0.0, ""tofer"": NaN, ""swfac"": 0.0, ""nstres"": 0.0}",0.0,0.0,0.0,0.0,0.0,0.0,,0.0,0.0,0.0,180.0,25.818676757812497,25.818676757812497,Leave_One_experiments/all_year_offline_schedule_search/daily_outputs/HLA/HLA_2007_HLA2007_normal_grid_S0028_daily.csv
HLA,HLA,Hailun,2007,Leave_One_experiments\wth_generated_qc\HLA\HLA2007.WTH,normal_year;nitrogen_stress_year;low_response_year,normal,HLA2007_normal_grid_S0028,low_input_within_10pct_yield,2007-05-19,139,20,15,"{""sim_day"": 20.0, ""doy"": 139.0, ""topwt"": 0.0, ""grnwt"": 0.0, ""xlai"": 0.0, ""totir"": 0.0, ""tofer"": NaN, ""swfac"": 0.0, ""nstres"": 0.0}",0.0,0.0,0.0,0.0,0.0,0.0,,0.0,0.0,0.0,180.0,25.818676757812497,25.818676757812497,Leave_One_experiments/all_year_offline_schedule_search/daily_outputs/HLA/HLA_2007_HLA2007_normal_grid_S0028_daily.csv
HLA,HLA,Hailun,2007,Leave_One_experiments\wth_generated_qc\HLA\HLA2007.WTH,normal_year;nitrogen_stress_year;low_response_year,normal,HLA2007_normal_grid_S0028,low_input_within_10pct_yield,2007-05-20,140,21,16,"{""sim_day"": 21.0, ""doy"": 140.0, ""topwt"": 0.0, ""grnwt"": 0.0, ""xlai"": 0.0, ""totir"": 0.0, ""tofer"": NaN, ""swfac"": 0.0, ""nstres"": 0.0}",0.0,0.0,0.0,0.0,0.0,0.0,,0.0,0.0,0.0,180.0,25.818676757812497,25.818676757812497,Leave_One_experiments/all_year_offline_schedule_search/daily_outputs/HLA/HLA_2007_HLA2007_normal_grid_S0028_daily.csv
HLA,HLA,Hailun,2007,Leave_One_experiments\wth_generated_qc\HLA\HLA2007.WTH,normal_year;nitrogen_stress_year;low_response_year,normal,HLA2007_normal_grid_S0028,low_input_within_10pct_yield,2007-05-21,141,22,17,"{""sim_day"": 22.0, ""doy"": 141.0, ""topwt"": 20.0, ""grnwt"": 0.0, ""xlai"": 0.0018952720565721, ""totir"": 0.0, ""tofer"": NaN, ""swfac"": 0.0, ""nstres"": 0.0121910572052001}",0.0,0.0121910572052001,20.0,0.0,0.0018952720565721,0.0,,0.0,0.0,0.0,180.0,25.818676757812497,25.818676757812497,Leave_One_experiments/all_year_offline_schedule_search/daily_outputs/HLA/HLA_2007_HLA2007_normal_grid_S0028_daily.csv
HLA,HLA,Hailun,2007,Leave_One_experiments\wth_generated_qc\HLA\HLA2007.WTH,normal_year;nitrogen_stress_year;low_response_year,normal,HLA2007_normal_grid_S0028,low_input_within_10pct_yield,2007-05-22,142,23,18,"{""sim_day"": 23.0, ""doy"": 142.0, ""topwt"": 20.0, ""grnwt"": 0.0, ""xlai"": 0.0034287653397768, ""totir"": 0.0, ""tofer"": NaN, ""swfac"": 0.0, ""nstres"": 0.0142695903778076}",0.0,0.0142695903778076,20.0,0.0,0.0034287653397768,0.0,,0.0,0.0,0.0,180.0,25.818676757812497,25.818676757812497,Leave_One_experiments/all_year_offline_schedule_search/daily_outputs/HLA/HLA_2007_HLA2007_normal_grid_S0028_daily.csv
HLA,HLA,Hailun,2007,Leave_One_experiments\wth_generated_qc\HLA\HLA2007.WTH,normal_year;nitrogen_stress_year;low_response_year,normal,HLA2007_normal_grid_S0028,low_input_within_10pct_yield,2007-05-23,143,24,19,"{""sim_day"": 24.0, ""doy"": 143.0, ""topwt"": 20.0, ""grnwt"": 0.0, ""xlai"": 0.0039776228368282, ""totir"": 0.0, ""tofer"": NaN, ""swfac"": 0.0, ""nstres"": 0.0117426514625549}",0.0,0.0117426514625549,20.0,0.0,0.0039776228368282,0.0,,0.0,0.0,0.0,180.0,25.818676757812497,25.818676757812497,Leave_One_experiments/all_year_offline_schedule_search/daily_outputs/HLA/HLA_2007_HLA2007_normal_grid_S0028_daily.csv
HLA,HLA,Hailun,2007,Leave_One_experiments\wth_generated_qc\HLA\HLA2007.WTH,normal_year;nitrogen_stress_year;low_response_year,normal,HLA2007_normal_grid_S0028,low_input_within_10pct_yield,2007-05-24,144,25,20,"{""sim_day"": 25.0, ""doy"": 144.0, ""topwt"": 20.0, ""grnwt"": 0.0, ""xlai"": 0.0044361157342791, ""totir"": 0.0, ""tofer"": NaN, ""swfac"": 0.0, ""nstres"": 0.009718894958496}",0.0,0.009718894958496,20.0,0.0,0.0044361157342791,0.0,,0.0,0.0,0.0,180.0,25.818676757812497,25.818676757812497,Leave_One_experiments/all_year_offline_schedule_search/daily_outputs/HLA/HLA_2007_HLA2007_normal_grid_S0028_daily.csv
HLA,HLA,Hailun,2007,Leave_One_experiments\wth_generated_qc\HLA\HLA2007.WTH,normal_year;nitrogen_stress_year;low_response_year,normal,HLA2007_normal_grid_S0028,low_input_within_10pct_yield,2007-05-25,145,26,21,"{""sim_day"": 26.0, ""doy"": 145.0, ""topwt"": 20.0, ""grnwt"": 0.0, ""xlai"": 0.0048111993819475, ""totir"": 0.0, ""tofer"": NaN, ""swfac"": 0.0, ""nstres"": 0.0081039667129516}",0.0,0.0081039667129516,20.0,0.0,0.0048111993819475,0.0,,0.0,0.0,0.0,180.0,25.818676757812497,25.818676757812497,Leave_One_experiments/all_year_offline_schedule_search/daily_outputs/HLA/HLA_2007_HLA2007_normal_grid_S0028_daily.csv
HLA,HLA,Hailun,2007,Leave_One_experiments\wth_generated_qc\HLA\HLA2007.WTH,normal_year;nitrogen_stress_year;low_response_year,normal,HLA2007_normal_grid_S0028,low_input_within_10pct_yield,2007-05-26,146,27,22,"{""sim_day"": 27.0, ""doy"": 146.0, ""topwt"": 20.0, ""grnwt"": 0.0, ""xlai"": 0.0054399720393121, ""totir"": 0.0, ""tofer"": NaN, ""swfac"": 0.0, ""nstres"": 0.0058013200759887}",0.0,0.0058013200759887,20.0,0.0,0.0054399720393121,0.0,,0.0,0.0,0.0,180.0,25.818676757812497,25.818676757812497,Leave_One_experiments/all_year_offline_schedule_search/daily_outputs/HLA/HLA_2007_HLA2007_normal_grid_S0028_daily.csv
HLA,HLA,Hailun,2007,Leave_One_experiments\wth_generated_qc\HLA\HLA2007.WTH,normal_year;nitrogen_stress_year;low_response_year,normal,HLA2007_normal_grid_S0028,low_input_within_10pct_yield,2007-05-27,147,28,23,"{""sim_day"": 28.0, ""doy"": 147.0, ""topwt"": 20.0, ""grnwt"": 0.0, ""xlai"": 0.0064510623924434, ""totir"": 0.0, ""tofer"": NaN, ""swfac"": 0.0, ""nstres"": 0.003354012966156}",0.0,0.003354012966156,20.0,0.0,0.0064510623924434,0.0,,0.0,0.0,0.0,180.0,25.818676757812497,25.818676757812497,Leave_One_experiments/all_year_offline_schedule_search/daily_outputs/HLA/HLA_2007_HLA2007_normal_grid_S0028_daily.csv
HLA,HLA,Hailun,2007,Leave_One_experiments\wth_generated_qc\HLA\HLA2007.WTH,normal_year;nitrogen_stress_year;low_response_year,normal,HLA2007_normal_grid_S0028,low_input_within_10pct_yield,2007-05-28,148,29,24,"{""sim_day"": 29.0, ""doy"": 148.0, ""topwt"": 20.0, ""grnwt"": 0.0, ""xlai"": 0.0082867005839943, ""totir"": 0.0, ""tofer"": NaN, ""swfac"": 0.0, ""nstres"": 0.0}",0.0,0.0,20.0,0.0,0.0082867005839943,0.0,,0.0,0.0,0.0,180.0,25.818676757812497,25.818676757812497,Leave_One_experiments/all_year_offline_schedule_search/daily_outputs/HLA/HLA_2007_HLA2007_normal_grid_S0028_daily.csv
HLA,HLA,Hailun,2007,Leave_One_experiments\wth_generated_qc\HLA\HLA2007.WTH,normal_year;nitrogen_stress_year;low_response_year,normal,HLA2007_normal_grid_S0028,low_input_within_10pct_yield,2007-05-29,149,30,25,"{""sim_day"": 30.0, ""doy"": 149.0, ""topwt"": 20.0, ""grnwt"": 0.0, ""xlai"": 0.0107539631426334, ""totir"": 0.0, ""tofer"": NaN, ""swfac"": 0.0, ""nstres"": 0.0}",0.0,0.0,20.0,0.0,0.0107539631426334,0.0,,0.0,0.0,0.0,180.0,25.818676757812497,25.818676757812497,Leave_One_experiments/all_year_offline_schedule_search/daily_outputs/HLA/HLA_2007_HLA2007_normal_grid_S0028_daily.csv
HLA,HLA,Hailun,2007,Leave_One_experiments\wth_generated_qc\HLA\HLA2007.WTH,normal_year;nitrogen_stress_year;low_response_year,normal,HLA2007_normal_grid_S0028,low_input_within_10pct_yield,2007-05-30,150,31,26,"{""sim_day"": 31.0, ""doy"": 150.0, ""topwt"": 20.0, ""grnwt"": 0.0, ""xlai"": 0.0208648834377527, ""totir"": 0.0, ""tofer"": NaN, ""swfac"": 0.0, ""nstres"": 0.0}",0.0,0.0,20.0,0.0,0.0208648834377527,0.0,,0.0,0.0,0.0,180.0,25.818676757812497,25.818676757812497,Leave_One_experiments/all_year_offline_schedule_search/daily_outputs/HLA/HLA_2007_HLA2007_normal_grid_S0028_daily.csv
HLA,HLA,Hailun,2007,Leave_One_experiments\wth_generated_qc\HLA\HLA2007.WTH,normal_year;nitrogen_stress_year;low_response_year,normal,HLA2007_normal_grid_S0028,low_input_within_10pct_yield,2007-05-31,151,32,27,"{""sim_day"": 32.0, ""doy"": 151.0, ""topwt"": 20.0, ""grnwt"": 0.0, ""xlai"": 0.0307164750993251, ""totir"": 0.0, ""tofer"": NaN, ""swfac"": 0.0, ""nstres"": 0.0}",0.0,0.0,20.0,0.0,0.0307164750993251,0.0,,0.0,0.0,0.0,180.0,25.818676757812497,25.818676757812497,Leave_One_experiments/all_year_offline_schedule_search/daily_outputs/HLA/HLA_2007_HLA2007_normal_grid_S0028_daily.csv
HLA,HLA,Hailun,2007,Leave_One_experiments\wth_generated_qc\HLA\HLA2007.WTH,normal_year;nitrogen_stress_year;low_response_year,normal,HLA2007_normal_grid_S0028,low_input_within_10pct_yield,2007-06-01,152,33,28,"{""sim_day"": 33.0, ""doy"": 152.0, ""topwt"": 21.61020278930664, ""grnwt"": 0.0, ""xlai"": 0.0386459790170192, ""totir"": 0.0, ""tofer"": NaN, ""swfac"": 0.0, ""nstres"": 0.0}",0.0,0.0,21.61020278930664,0.0,0.0386459790170192,0.0,,0.0,0.0,0.0,180.0,25.818676757812497,25.818676757812497,Leave_One_experiments/all_year_offline_schedule_search/daily_outputs/HLA/HLA_2007_HLA2007_normal_grid_S0028_daily.csv
HLA,HLA,Hailun,2007,Leave_One_experiments\wth_generated_qc\HLA\HLA2007.WTH,normal_year;nitrogen_stress_year;low_response_year,normal,HLA2007_normal_grid_S0028,low_input_within_10pct_yield,2007-06-02,153,34,29,"{""sim_day"": 34.0, ""doy"": 153.0, ""topwt"": 27.10033893585205, ""grnwt"": 0.0, ""xlai"": 0.0526196770370006, ""totir"": 0.0, ""tofer"": NaN, ""swfac"": 0.0, ""nstres"": 0.0}",0.0,0.0,27.10033893585205,0.0,0.0526196770370006,0.0,,0.0,0.0,0.0,180.0,25.818676757812497,25.818676757812497,Leave_One_experiments/all_year_offline_schedule_search/daily_outputs/HLA/HLA_2007_HLA2007_normal_grid_S0028_daily.csv
HLA,HLA,Hailun,2007,Leave_One_experiments\wth_generated_qc\HLA\HLA2007.WTH,normal_year;nitrogen_stress_year;low_response_year,normal,HLA2007_normal_grid_S0028,low_input_within_10pct_yield,2007-06-03,154,35,30,"{""sim_day"": 35.0, ""doy"": 154.0, ""topwt"": 31.80156946182251, ""grnwt"": 0.0, ""xlai"": 0.0638518929481506, ""totir"": 0.0, ""tofer"": NaN, ""swfac"": 0.0, ""nstres"": 0.0}",0.0,0.0,31.80156946182251,0.0,0.0638518929481506,0.0,,0.0,50.0,0.0,180.0,25.818676757812497,25.818676757812497,Leave_One_experiments/all_year_offline_schedule_search/daily_outputs/HLA/HLA_2007_HLA2007_normal_grid_S0028_daily.csv
HLA,HLA,Hailun,2007,Leave_One_experiments\wth_generated_qc\HLA\HLA2007.WTH,normal_year;nitrogen_stress_year;low_response_year,normal,HLA2007_normal_grid_S0028,low_input_within_10pct_yield,2007-06-04,155,36,31,"{""sim_day"": 36.0, ""doy"": 155.0, ""topwt"": 35.92237949371338, ""grnwt"": 0.0, ""xlai"": 0.0732887461781501, ""totir"": 0.0, ""tofer"": NaN, ""swfac"": 0.0, ""nstres"": 0.0}",0.0,0.0,35.92237949371338,0.0,0.0732887461781501,0.0,,0.0,0.0,0.0,180.0,25.818676757812497,25.818676757812497,Leave_One_experiments/all_year_offline_schedule_search/daily_outputs/HLA/HLA_2007_HLA2007_normal_grid_S0028_daily.csv
HLA,HLA,Hailun,2007,Leave_One_experiments\wth_generated_qc\HLA\HLA2007.WTH,normal_year;nitrogen_stress_year;low_response_year,normal,HLA2007_normal_grid_S0028,low_input_within_10pct_yield,2007-06-05,156,37,32,"{""sim_day"": 37.0, ""doy"": 156.0, ""topwt"": 42.99582004547119, ""grnwt"": 0.0, ""xlai"": 0.0888035520911216, ""totir"": 0.0, ""tofer"": NaN, ""swfac"": 0.0, ""nstres"": 0.0}",0.0,0.0,42.99582004547119,0.0,0.0888035520911216,0.0,,0.0,0.0,0.0,180.0,25.818676757812497,25.818676757812497,Leave_One_experiments/all_year_offline_schedule_search/daily_outputs/HLA/HLA_2007_HLA2007_normal_grid_S0028_daily.csv
HLA,HLA,Hailun,2007,Leave_One_experiments\wth_generated_qc\HLA\HLA2007.WTH,normal_year;nitrogen_stress_year;low_response_year,normal,HLA2007_normal_grid_S0028,low_input_within_10pct_yield,2007-06-06,157,38,33,"{""sim_day"": 38.0, ""doy"": 157.0, ""topwt"": 51.685566902160645, ""grnwt"": 0.0, ""xlai"": 0.1069501340389251, ""totir"": 0.0, ""tofer"": NaN, ""swfac"": 0.0, ""nstres"": 0.0}",0.0,0.0,51.685566902160645,0.0,0.1069501340389251,0.0,,0.0,0.0,0.0,180.0,25.818676757812497,25.818676757812497,Leave_One_experiments/all_year_offline_schedule_search/daily_outputs/HLA/HLA_2007_HLA2007_normal_grid_S0028_daily.csv
HLA,HLA,Hailun,2007,Leave_One_experiments\wth_generated_qc\HLA\HLA2007.WTH,normal_year;nitrogen_stress_year;low_response_year,normal,HLA2007_normal_grid_S0028,low_input_within_10pct_yield,2007-06-07,158,39,34,"{""sim_day"": 39.0, ""doy"": 158.0, ""topwt"": 64.30290222167969, ""grnwt"": 0.0, ""xlai"": 0.1319671869277954, ""totir"": 0.0, ""tofer"": NaN, ""swfac"": 0.0, ""nstres"": 0.0}",0.0,0.0,64.30290222167969,0.0,0.1319671869277954,0.0,,0.0,0.0,0.0,180.0,25.818676757812497,25.818676757812497,Leave_One_experiments/all_year_offline_schedule_search/daily_outputs/HLA/HLA_2007_HLA2007_normal_grid_S0028_daily.csv
HLA,HLA,Hailun,2007,Leave_One_experiments\wth_generated_qc\HLA\HLA2007.WTH,normal_year;nitrogen_stress_year;low_response_year,normal,HLA2007_normal_grid_S0028,low_input_within_10pct_yield,2007-06-08,159,40,35,"{""sim_day"": 40.0, ""doy"": 159.0, ""topwt"": 79.02195453643799, ""grnwt"": 0.0, ""xlai"": 0.1596655249595642, ""totir"": 0.0, ""tofer"": NaN, ""swfac"": 0.0, ""nstres"": 0.0}",0.0,0.0,79.02195453643799,0.0,0.1596655249595642,0.0,,0.0,0.0,0.0,180.0,25.818676757812497,25.818676757812497,Leave_One_experiments/all_year_offline_schedule_search/daily_outputs/HLA/HLA_2007_HLA2007_normal_grid_S0028_daily.csv
HLA,HLA,Hailun,2007,Leave_One_experiments\wth_generated_qc\HLA\HLA2007.WTH,normal_year;nitrogen_stress_year;low_response_year,normal,HLA2007_normal_grid_S0028,low_input_within_10pct_yield,2007-06-09,160,41,36,"{""sim_day"": 41.0, ""doy"": 160.0, ""topwt"": 99.25233840942384, ""grnwt"": 0.0, ""xlai"": 0.1958081424236297, ""totir"": 0.0, ""tofer"": NaN, ""swfac"": 0.0, ""nstres"": 0.0}",0.0,0.0,99.25233840942384,0.0,0.1958081424236297,0.0,,0.0,0.0,0.0,180.0,25.818676757812497,25.818676757812497,Leave_One_experiments/all_year_offline_schedule_search/daily_outputs/HLA/HLA_2007_HLA2007_normal_grid_S0028_daily.csv
HLA,HLA,Hailun,2007,Leave_One_experiments\wth_generated_qc\HLA\HLA2007.WTH,normal_year;nitrogen_stress_year;low_response_year,normal,HLA2007_normal_grid_S0028,low_input_within_10pct_yield,2007-06-10,161,42,37,"{""sim_day"": 42.0, ""doy"": 161.0, ""topwt"": 129.0627098083496, ""grnwt"": 0.0, ""xlai"": 0.2461001425981521, ""totir"": 0.0, ""tofer"": NaN, ""swfac"": 0.0, ""nstres"": 0.0}",0.0,0.0,129.0627098083496,0.0,0.2461001425981521,0.0,,0.0,0.0,0.0,180.0,25.818676757812497,25.818676757812497,Leave_One_experiments/all_year_offline_schedule_search/daily_outputs/HLA/HLA_2007_HLA2007_normal_grid_S0028_daily.csv
HLA,HLA,Hailun,2007,Leave_One_experiments\wth_generated_qc\HLA\HLA2007.WTH,normal_year;nitrogen_stress_year;low_response_year,normal,HLA2007_normal_grid_S0028,low_input_within_10pct_yield,2007-06-11,162,43,38,"{""sim_day"": 43.0, ""doy"": 162.0, ""topwt"": 153.07924270629883, ""grnwt"": 0.0, ""xlai"": 0.3040879666805267, ""totir"": 0.0, ""tofer"": NaN, ""swfac"": 0.0, ""nstres"": 0.0}",0.0,0.0,153.07924270629883,0.0,0.3040879666805267,0.0,,0.0,0.0,0.0,180.0,25.818676757812497,25.818676757812497,Leave_One_experiments/all_year_offline_schedule_search/daily_outputs/HLA/HLA_2007_HLA2007_normal_grid_S0028_daily.csv
HLA,HLA,Hailun,2007,Leave_One_experiments\wth_generated_qc\HLA\HLA2007.WTH,normal_year;nitrogen_stress_year;low_response_year,normal,HLA2007_normal_grid_S0028,low_input_within_10pct_yield,2007-06-12,163,44,39,"{""sim_day"": 44.0, ""doy"": 163.0, ""topwt"": 176.59381866455078, ""grnwt"": 0.0, ""xlai"": 0.3430680632591247, ""totir"": 0.0, ""tofer"": NaN, ""swfac"": 0.0, ""nstres"": 0.0048948526382446}",0.0,0.0048948526382446,176.59381866455078,0.0,0.3430680632591247,0.0,,0.0,0.0,0.0,180.0,25.818676757812497,25.818676757812497,Leave_One_experiments/all_year_offline_schedule_search/daily_outputs/HLA/HLA_2007_HLA2007_normal_grid_S0028_daily.csv
HLA,HLA,Hailun,2007,Leave_One_experiments\wth_generated_qc\HLA\HLA2007.WTH,normal_year;nitrogen_stress_year;low_response_year,normal,HLA2007_normal_grid_S0028,low_input_within_10pct_yield,2007-06-13,164,45,40,"{""sim_day"": 45.0, ""doy"": 164.0, ""topwt"": 211.3438415527344, ""grnwt"": 0.0, ""xlai"": 0.3986316323280334, ""totir"": 0.0, ""tofer"": NaN, ""swfac"": 0.0, ""nstres"": 0.0}",0.0,0.0,211.3438415527344,0.0,0.3986316323280334,0.0,,0.0,0.0,0.0,180.0,25.818676757812497,25.818676757812497,Leave_One_experiments/all_year_offline_schedule_search/daily_outputs/HLA/HLA_2007_HLA2007_normal_grid_S0028_daily.csv
HLA,HLA,Hailun,2007,Leave_One_experiments\wth_generated_qc\HLA\HLA2007.WTH,normal_year;nitrogen_stress_year;low_response_year,normal,HLA2007_normal_grid_S0028,low_input_within_10pct_yield,2007-06-14,165,46,41,"{""sim_day"": 46.0, ""doy"": 165.0, ""topwt"": 238.6807632446289, ""grnwt"": 0.0, ""xlai"": 0.4409103393554687, ""totir"": 0.0, ""tofer"": NaN, ""swfac"": 0.0, ""nstres"": 0.0}",0.0,0.0,238.6807632446289,0.0,0.4409103393554687,0.0,,0.0,0.0,0.0,180.0,25.818676757812497,25.818676757812497,Leave_One_experiments/all_year_offline_schedule_search/daily_outputs/HLA/HLA_2007_HLA2007_normal_grid_S0028_daily.csv
HLA,HLA,Hailun,2007,Leave_One_experiments\wth_generated_qc\HLA\HLA2007.WTH,normal_year;nitrogen_stress_year;low_response_year,normal,HLA2007_normal_grid_S0028,low_input_within_10pct_yield,2007-06-15,166,47,42,"{""sim_day"": 47.0, ""doy"": 166.0, ""topwt"": 291.9022750854492, ""grnwt"": 0.0, ""xlai"": 0.5203126072883606, ""totir"": 0.0, ""tofer"": NaN, ""swfac"": 0.0, ""nstres"": 0.0}",0.0,0.0,291.9022750854492,0.0,0.5203126072883606,0.0,,0.0,0.0,0.0,180.0,25.818676757812497,25.818676757812497,Leave_One_experiments/all_year_offline_schedule_search/daily_outputs/HLA/HLA_2007_HLA2007_normal_grid_S0028_daily.csv
HLA,HLA,Hailun,2007,Leave_One_experiments\wth_generated_qc\HLA\HLA2007.WTH,normal_year;nitrogen_stress_year;low_response_year,normal,HLA2007_normal_grid_S0028,low_input_within_10pct_yield,2007-06-16,167,48,43,"{""sim_day"": 48.0, ""doy"": 167.0, ""topwt"": 330.9280776977539, ""grnwt"": 0.0, ""xlai"": 0.5763714909553528, ""totir"": 0.0, ""tofer"": NaN, ""swfac"": 0.0, ""nstres"": 0.0}",0.0,0.0,330.9280776977539,0.0,0.5763714909553528,0.0,,0.0,0.0,0.0,180.0,25.818676757812497,25.818676757812497,Leave_One_experiments/all_year_offline_schedule_search/daily_outputs/HLA/HLA_2007_HLA2007_normal_grid_S0028_daily.csv
HLA,HLA,Hailun,2007,Leave_One_experiments\wth_generated_qc\HLA\HLA2007.WTH,normal_year;nitrogen_stress_year;low_response_year,normal,HLA2007_normal_grid_S0028,low_input_within_10pct_yield,2007-06-17,168,49,44,"{""sim_day"": 49.0, ""doy"": 168.0, ""topwt"": 392.9288482666016, ""grnwt"": 0.0, ""xlai"": 0.6627277135848999, ""totir"": 0.0, ""tofer"": NaN, ""swfac"": 0.0, ""nstres"": 0.0}",0.0,0.0,392.9288482666016,0.0,0.6627277135848999,0.0,,0.0,0.0,0.0,180.0,25.818676757812497,25.818676757812497,Leave_One_experiments/all_year_offline_schedule_search/daily_outputs/HLA/HLA_2007_HLA2007_normal_grid_S0028_daily.csv
HLA,HLA,Hailun,2007,Leave_One_experiments\wth_generated_qc\HLA\HLA2007.WTH,normal_year;nitrogen_stress_year;low_response_year,normal,HLA2007_normal_grid_S0028,low_input_within_10pct_yield,2007-06-18,169,50,45,"{""sim_day"": 50.0, ""doy"": 169.0, ""topwt"": 455.2145004272461, ""grnwt"": 0.0, ""xlai"": 0.7443426847457886, ""totir"": 0.0, ""tofer"": NaN, ""swfac"": 0.0, ""nstres"": 0.0}",0.0,0.0,455.2145004272461,0.0,0.7443426847457886,0.0,,0.0,0.0,0.0,180.0,25.818676757812497,25.818676757812497,Leave_One_experiments/all_year_offline_schedule_search/daily_outputs/HLA/HLA_2007_HLA2007_normal_grid_S0028_daily.csv
HLA,HLA,Hailun,2007,Leave_One_experiments\wth_generated_qc\HLA\HLA2007.WTH,normal_year;nitrogen_stress_year;low_response_year,normal,HLA2007_normal_grid_S0028,low_input_within_10pct_yield,2007-06-19,170,51,46,"{""sim_day"": 51.0, ""doy"": 170.0, ""topwt"": 498.16497802734375, ""grnwt"": 0.0, ""xlai"": 0.8025909662246704, ""totir"": 0.0, ""tofer"": NaN, ""swfac"": 0.0, ""nstres"": 0.0}",0.0,0.0,498.16497802734375,0.0,0.8025909662246704,0.0,,0.0,0.0,0.0,180.0,25.818676757812497,25.818676757812497,Leave_One_experiments/all_year_offline_schedule_search/daily_outputs/HLA/HLA_2007_HLA2007_normal_grid_S0028_daily.csv
HLA,HLA,Hailun,2007,Leave_One_experiments\wth_generated_qc\HLA\HLA2007.WTH,normal_year;nitrogen_stress_year;low_response_year,normal,HLA2007_normal_grid_S0028,low_input_within_10pct_yield,2007-06-20,171,52,47,"{""sim_day"": 52.0, ""doy"": 171.0, ""topwt"": 555.7081604003906, ""grnwt"": 0.0, ""xlai"": 0.8783572316169739, ""totir"": 0.0, ""tofer"": NaN, ""swfac"": 0.0, ""nstres"": 0.0}",0.0,0.0,555.7081604003906,0.0,0.8783572316169739,0.0,,0.0,0.0,0.0,180.0,25.818676757812497,25.818676757812497,Leave_One_experiments/all_year_offline_schedule_search/daily_outputs/HLA/HLA_2007_HLA2007_normal_grid_S0028_daily.csv
HLA,HLA,Hailun,2007,Leave_One_experiments\wth_generated_qc\HLA\HLA2007.WTH,normal_year;nitrogen_stress_year;low_response_year,normal,HLA2007_normal_grid_S0028,low_input_within_10pct_yield,2007-06-21,172,53,48,"{""sim_day"": 53.0, ""doy"": 172.0, ""topwt"": 652.7557373046875, ""grnwt"": 0.0, ""xlai"": 1.0005569458007812, ""totir"": 0.0, ""tofer"": NaN, ""swfac"": 0.0, ""nstres"": 0.0}",0.0,0.0,652.7557373046875,0.0,1.0005569458007812,0.0,,0.0,0.0,0.0,180.0,25.818676757812497,25.818676757812497,Leave_One_experiments/all_year_offline_schedule_search/daily_outputs/HLA/HLA_2007_HLA2007_normal_grid_S0028_daily.csv
HLA,HLA,Hailun,2007,Leave_One_experiments\wth_generated_qc\HLA\HLA2007.WTH,normal_year;nitrogen_stress_year;low_response_year,normal,HLA2007_normal_grid_S0028,low_input_within_10pct_yield,2007-06-22,173,54,49,"{""sim_day"": 54.0, ""doy"": 173.0, ""topwt"": 755.6008911132812, ""grnwt"": 0.0, ""xlai"": 1.1233255863189695, ""totir"": 0.0, ""tofer"": NaN, ""swfac"": 0.0, ""nstres"": 0.0}",0.0,0.0,755.6008911132812,0.0,1.1233255863189695,0.0,,0.0,0.0,0.0,180.0,25.818676757812497,25.818676757812497,Leave_One_experiments/all_year_offline_schedule_search/daily_outputs/HLA/HLA_2007_HLA2007_normal_grid_S0028_daily.csv
HLA,HLA,Hailun,2007,Leave_One_experiments\wth_generated_qc\HLA\HLA2007.WTH,normal_year;nitrogen_stress_year;low_response_year,normal,HLA2007_normal_grid_S0028,low_input_within_10pct_yield,2007-06-23,174,55,50,"{""sim_day"": 55.0, ""doy"": 174.0, ""topwt"": 851.7601013183594, ""grnwt"": 0.0, ""xlai"": 1.23244047164917, ""totir"": 0.0, ""tofer"": NaN, ""swfac"": 0.0, ""nstres"": 0.0}",0.0,0.0,851.7601013183594,0.0,1.23244047164917,0.0,,0.0,0.0,0.0,180.0,25.818676757812497,25.818676757812497,Leave_One_experiments/all_year_offline_schedule_search/daily_outputs/HLA/HLA_2007_HLA2007_normal_grid_S0028_daily.csv
HLA,HLA,Hailun,2007,Leave_One_experiments\wth_generated_qc\HLA\HLA2007.WTH,normal_year;nitrogen_stress_year;low_response_year,normal,HLA2007_normal_grid_S0028,low_input_within_10pct_yield,2007-06-24,175,56,51,"{""sim_day"": 56.0, ""doy"": 175.0, ""topwt"": 976.080322265625, ""grnwt"": 0.0, ""xlai"": 1.365304470062256, ""totir"": 0.0, ""tofer"": NaN, ""swfac"": 0.0, ""nstres"": 0.0}",0.0,0.0,976.080322265625,0.0,1.365304470062256,0.0,,0.0,0.0,0.0,180.0,25.818676757812497,25.818676757812497,Leave_One_experiments/all_year_offline_schedule_search/daily_outputs/HLA/HLA_2007_HLA2007_normal_grid_S0028_daily.csv
HLA,HLA,Hailun,2007,Leave_One_experiments\wth_generated_qc\HLA\HLA2007.WTH,normal_year;nitrogen_stress_year;low_response_year,normal,HLA2007_normal_grid_S0028,low_input_within_10pct_yield,2007-06-25,176,57,52,"{""sim_day"": 57.0, ""doy"": 176.0, ""topwt"": 1080.0230407714844, ""grnwt"": 0.0, ""xlai"": 1.4705743789672852, ""totir"": 0.0, ""tofer"": NaN, ""swfac"": 0.0, ""nstres"": 0.0}",0.0,0.0,1080.0230407714844,0.0,1.4705743789672852,0.0,,0.0,0.0,0.0,180.0,25.818676757812497,25.818676757812497,Leave_One_experiments/all_year_offline_schedule_search/daily_outputs/HLA/HLA_2007_HLA2007_normal_grid_S0028_daily.csv
HLA,HLA,Hailun,2007,Leave_One_experiments\wth_generated_qc\HLA\HLA2007.WTH,normal_year;nitrogen_stress_year;low_response_year,normal,HLA2007_normal_grid_S0028,low_input_within_10pct_yield,2007-06-26,177,58,53,"{""sim_day"": 58.0, ""doy"": 177.0, ""topwt"": 1207.2518157958984, ""grnwt"": 0.0, ""xlai"": 1.591987371444702, ""totir"": 0.0, ""tofer"": NaN, ""swfac"": 0.0, ""nstres"": 0.0}",0.0,0.0,1207.2518157958984,0.0,1.591987371444702,0.0,,0.0,0.0,0.0,180.0,25.818676757812497,25.818676757812497,Leave_One_experiments/all_year_offline_schedule_search/daily_outputs/HLA/HLA_2007_HLA2007_normal_grid_S0028_daily.csv
HLA,HLA,Hailun,2007,Leave_One_experiments\wth_generated_qc\HLA\HLA2007.WTH,normal_year;nitrogen_stress_year;low_response_year,normal,HLA2007_normal_grid_S0028,low_input_within_10pct_yield,2007-06-27,178,59,54,"{""sim_day"": 59.0, ""doy"": 178.0, ""topwt"": 1327.8152465820312, ""grnwt"": 0.0, ""xlai"": 1.7006570100784302, ""totir"": 0.0, ""tofer"": NaN, ""swfac"": 0.0, ""nstres"": 0.0}",0.0,0.0,1327.8152465820312,0.0,1.7006570100784302,0.0,,0.0,0.0,0.0,180.0,25.818676757812497,25.818676757812497,Leave_One_experiments/all_year_offline_schedule_search/daily_outputs/HLA/HLA_2007_HLA2007_normal_grid_S0028_daily.csv
HLA,HLA,Hailun,2007,Leave_One_experiments\wth_generated_qc\HLA\HLA2007.WTH,normal_year;nitrogen_stress_year;low_response_year,normal,HLA2007_normal_grid_S0028,low_input_within_10pct_yield,2007-06-28,179,60,55,"{""sim_day"": 60.0, ""doy"": 179.0, ""topwt"": 1464.6011352539062, ""grnwt"": 0.0, ""xlai"": 1.8166990280151367, ""totir"": 0.0, ""tofer"": NaN, ""swfac"": 0.0, ""nstres"": 0.0}",0.0,0.0,1464.6011352539062,0.0,1.8166990280151367,0.0,,0.0,0.0,0.0,180.0,25.818676757812497,25.818676757812497,Leave_One_experiments/all_year_offline_schedule_search/daily_outputs/HLA/HLA_2007_HLA2007_normal_grid_S0028_daily.csv
HLA,HLA,Hailun,2007,Leave_One_experiments\wth_generated_qc\HLA\HLA2007.WTH,normal_year;nitrogen_stress_year;low_response_year,normal,HLA2007_normal_grid_S0028,low_input_within_10pct_yield,2007-06-29,180,61,56,"{""sim_day"": 61.0, ""doy"": 180.0, ""topwt"": 1597.6750183105469, ""grnwt"": 0.0, ""xlai"": 1.923240542411804, ""totir"": 0.0, ""tofer"": NaN, ""swfac"": 0.0, ""nstres"": 0.0}",0.0,0.0,1597.6750183105469,0.0,1.923240542411804,0.0,,0.0,0.0,0.0,180.0,25.818676757812497,25.818676757812497,Leave_One_experiments/all_year_offline_schedule_search/daily_outputs/HLA/HLA_2007_HLA2007_normal_grid_S0028_daily.csv
HLA,HLA,Hailun,2007,Leave_One_experiments\wth_generated_qc\HLA\HLA2007.WTH,normal_year;nitrogen_stress_year;low_response_year,normal,HLA2007_normal_grid_S0028,low_input_within_10pct_yield,2007-06-30,181,62,57,"{""sim_day"": 62.0, ""doy"": 181.0, ""topwt"": 1745.382080078125, ""grnwt"": 0.0, ""xlai"": 2.0345849990844727, ""totir"": 0.0, ""tofer"": NaN, ""swfac"": 0.0, ""nstres"": 0.0}",0.0,0.0,1745.382080078125,0.0,2.0345849990844727,0.0,,0.0,0.0,0.0,180.0,25.818676757812497,25.818676757812497,Leave_One_experiments/all_year_offline_schedule_search/daily_outputs/HLA/HLA_2007_HLA2007_normal_grid_S0028_daily.csv
HLA,HLA,Hailun,2007,Leave_One_experiments\wth_generated_qc\HLA\HLA2007.WTH,normal_year;nitrogen_stress_year;low_response_year,normal,HLA2007_normal_grid_S0028,low_input_within_10pct_yield,2007-07-01,182,63,58,"{""sim_day"": 63.0, ""doy"": 182.0, ""topwt"": 1915.0657653808596, ""grnwt"": 0.0, ""xlai"": 2.154406309127808, ""totir"": 0.0, ""tofer"": NaN, ""swfac"": 0.0, ""nstres"": 0.0}",0.0,0.0,1915.0657653808596,0.0,2.154406309127808,0.0,,0.0,0.0,0.0,180.0,25.818676757812497,25.818676757812497,Leave_One_experiments/all_year_offline_schedule_search/daily_outputs/HLA/HLA_2007_HLA2007_normal_grid_S0028_daily.csv
HLA,HLA,Hailun,2007,Leave_One_experiments\wth_generated_qc\HLA\HLA2007.WTH,normal_year;nitrogen_stress_year;low_response_year,normal,HLA2007_normal_grid_S0028,low_input_within_10pct_yield,2007-07-02,183,64,59,"{""sim_day"": 64.0, ""doy"": 183.0, ""topwt"": 2064.922790527344, ""grnwt"": 0.0, ""xlai"": 2.2543907165527344, ""totir"": 0.0, ""tofer"": NaN, ""swfac"": 0.0, ""nstres"": 0.0}",0.0,0.0,2064.922790527344,0.0,2.2543907165527344,0.0,,0.0,0.0,0.0,180.0,25.818676757812497,25.818676757812497,Leave_One_experiments/all_year_offline_schedule_search/daily_outputs/HLA/HLA_2007_HLA2007_normal_grid_S0028_daily.csv
HLA,HLA,Hailun,2007,Leave_One_experiments\wth_generated_qc\HLA\HLA2007.WTH,normal_year;nitrogen_stress_year;low_response_year,normal,HLA2007_normal_grid_S0028,low_input_within_10pct_yield,2007-07-03,184,65,60,"{""sim_day"": 65.0, ""doy"": 184.0, ""topwt"": 2245.5245971679688, ""grnwt"": 0.0, ""xlai"": 2.367642641067505, ""totir"": 0.0, ""tofer"": NaN, ""swfac"": 0.0, ""nstres"": 0.0}",0.0,0.0,2245.5245971679688,0.0,2.367642641067505,0.0,,0.0,50.0,0.0,180.0,25.818676757812497,25.818676757812497,Leave_One_experiments/all_year_offline_schedule_search/daily_outputs/HLA/HLA_2007_HLA2007_normal_grid_S0028_daily.csv
HLA,HLA,Hailun,2007,Leave_One_experiments\wth_generated_qc\HLA\HLA2007.WTH,normal_year;nitrogen_stress_year;low_response_year,normal,HLA2007_normal_grid_S0028,low_input_within_10pct_yield,2007-07-04,185,66,61,"{""sim_day"": 66.0, ""doy"": 185.0, ""topwt"": 2449.154052734375, ""grnwt"": 0.0, ""xlai"": 2.4871697425842285, ""totir"": 0.0, ""tofer"": NaN, ""swfac"": 0.0, ""nstres"": 0.0}",0.0,0.0,2449.154052734375,0.0,2.4871697425842285,0.0,,0.0,0.0,0.0,180.0,25.818676757812497,25.818676757812497,Leave_One_experiments/all_year_offline_schedule_search/daily_outputs/HLA/HLA_2007_HLA2007_normal_grid_S0028_daily.csv
HLA,HLA,Hailun,2007,Leave_One_experiments\wth_generated_qc\HLA\HLA2007.WTH,normal_year;nitrogen_stress_year;low_response_year,normal,HLA2007_normal_grid_S0028,low_input_within_10pct_yield,2007-07-05,186,67,62,"{""sim_day"": 67.0, ""doy"": 186.0, ""topwt"": 2616.1392211914062, ""grnwt"": 0.0, ""xlai"": 2.57952618598938, ""totir"": 0.0, ""tofer"": NaN, ""swfac"": 0.0, ""nstres"": 0.0}",0.0,0.0,2616.1392211914062,0.0,2.57952618598938,0.0,,0.0,0.0,0.0,180.0,25.818676757812497,25.818676757812497,Leave_One_experiments/all_year_offline_schedule_search/daily_outputs/HLA/HLA_2007_HLA2007_normal_grid_S0028_daily.csv
HLA,HLA,Hailun,2007,Leave_One_experiments\wth_generated_qc\HLA\HLA2007.WTH,normal_year;nitrogen_stress_year;low_response_year,normal,HLA2007_normal_grid_S0028,low_input_within_10pct_yield,2007-07-06,187,68,63,"{""sim_day"": 68.0, ""doy"": 187.0, ""topwt"": 2806.4376831054688, ""grnwt"": 0.0, ""xlai"": 2.67917799949646, ""totir"": 0.0, ""tofer"": NaN, ""swfac"": 0.0, ""nstres"": 0.0}",0.0,0.0,2806.4376831054688,0.0,2.67917799949646,0.0,,0.0,0.0,0.0,180.0,25.818676757812497,25.818676757812497,Leave_One_experiments/all_year_offline_schedule_search/daily_outputs/HLA/HLA_2007_HLA2007_normal_grid_S0028_daily.csv
HLA,HLA,Hailun,2007,Leave_One_experiments\wth_generated_qc\HLA\HLA2007.WTH,normal_year;nitrogen_stress_year;low_response_year,normal,HLA2007_normal_grid_S0028,low_input_within_10pct_yield,2007-07-07,188,69,64,"{""sim_day"": 69.0, ""doy"": 188.0, ""topwt"": 3044.4461059570312, ""grnwt"": 0.0, ""xlai"": 2.7961695194244385, ""totir"": 0.0, ""tofer"": NaN, ""swfac"": 0.0, ""nstres"": 0.0}",0.0,0.0,3044.4461059570312,0.0,2.7961695194244385,0.0,,0.0,0.0,0.0,180.0,25.818676757812497,25.818676757812497,Leave_One_experiments/all_year_offline_schedule_search/daily_outputs/HLA/HLA_2007_HLA2007_normal_grid_S0028_daily.csv
HLA,HLA,Hailun,2007,Leave_One_experiments\wth_generated_qc\HLA\HLA2007.WTH,normal_year;nitrogen_stress_year;low_response_year,normal,HLA2007_normal_grid_S0028,low_input_within_10pct_yield,2007-07-08,189,70,65,"{""sim_day"": 70.0, ""doy"": 189.0, ""topwt"": 3277.164001464844, ""grnwt"": 0.0, ""xlai"": 2.9039502143859863, ""totir"": 0.0, ""tofer"": NaN, ""swfac"": 0.0, ""nstres"": 0.0}",0.0,0.0,3277.164001464844,0.0,2.9039502143859863,0.0,,0.0,0.0,0.0,180.0,25.818676757812497,25.818676757812497,Leave_One_experiments/all_year_offline_schedule_search/daily_outputs/HLA/HLA_2007_HLA2007_normal_grid_S0028_daily.csv
HLA,HLA,Hailun,2007,Leave_One_experiments\wth_generated_qc\HLA\HLA2007.WTH,normal_year;nitrogen_stress_year;low_response_year,normal,HLA2007_normal_grid_S0028,low_input_within_10pct_yield,2007-07-09,190,71,66,"{""sim_day"": 71.0, ""doy"": 190.0, ""topwt"": 3556.0562133789062, ""grnwt"": 0.0, ""xlai"": 3.025017261505127, ""totir"": 0.0, ""tofer"": NaN, ""swfac"": 0.0, ""nstres"": 0.0}",0.0,0.0,3556.0562133789062,0.0,3.025017261505127,0.0,,0.0,0.0,0.0,180.0,25.818676757812497,25.818676757812497,Leave_One_experiments/all_year_offline_schedule_search/daily_outputs/HLA/HLA_2007_HLA2007_normal_grid_S0028_daily.csv
HLA,HLA,Hailun,2007,Leave_One_experiments\wth_generated_qc\HLA\HLA2007.WTH,normal_year;nitrogen_stress_year;low_response_year,normal,HLA2007_normal_grid_S0028,low_input_within_10pct_yield,2007-07-10,191,72,67,"{""sim_day"": 72.0, ""doy"": 191.0, ""topwt"": 3835.5099487304688, ""grnwt"": 0.0, ""xlai"": 3.1390836238861084, ""totir"": 0.0, ""tofer"": NaN, ""swfac"": 0.0, ""nstres"": 0.0}",0.0,0.0,3835.5099487304688,0.0,3.1390836238861084,0.0,,0.0,0.0,0.0,180.0,25.818676757812497,25.818676757812497,Leave_One_experiments/all_year_offline_schedule_search/daily_outputs/HLA/HLA_2007_HLA2007_normal_grid_S0028_daily.csv
HLA,HLA,Hailun,2007,Leave_One_experiments\wth_generated_qc\HLA\HLA2007.WTH,normal_year;nitrogen_stress_year;low_response_year,normal,HLA2007_normal_grid_S0028,low_input_within_10pct_yield,2007-07-11,192,73,68,"{""sim_day"": 73.0, ""doy"": 192.0, ""topwt"": 4310.069580078125, ""grnwt"": 0.0, ""xlai"": 3.4208202362060547, ""totir"": 0.0, ""tofer"": NaN, ""swfac"": 0.0, ""nstres"": 0.0}",0.0,0.0,4310.069580078125,0.0,3.4208202362060547,0.0,,0.0,0.0,0.0,180.0,25.818676757812497,25.818676757812497,Leave_One_experiments/all_year_offline_schedule_search/daily_outputs/HLA/HLA_2007_HLA2007_normal_grid_S0028_daily.csv
HLA,HLA,Hailun,2007,Leave_One_experiments\wth_generated_qc\HLA\HLA2007.WTH,normal_year;nitrogen_stress_year;low_response_year,normal,HLA2007_normal_grid_S0028,low_input_within_10pct_yield,2007-07-12,193,74,69,"{""sim_day"": 74.0, ""doy"": 193.0, ""topwt"": 4633.187561035156, ""grnwt"": 0.0, ""xlai"": 3.567654609680176, ""totir"": 0.0, ""tofer"": NaN, ""swfac"": 0.0, ""nstres"": 0.0}",0.0,0.0,4633.187561035156,0.0,3.567654609680176,0.0,,0.0,0.0,0.0,180.0,25.818676757812497,25.818676757812497,Leave_One_experiments/all_year_offline_schedule_search/daily_outputs/HLA/HLA_2007_HLA2007_normal_grid_S0028_daily.csv
HLA,HLA,Hailun,2007,Leave_One_experiments\wth_generated_qc\HLA\HLA2007.WTH,normal_year;nitrogen_stress_year;low_response_year,normal,HLA2007_normal_grid_S0028,low_input_within_10pct_yield,2007-07-13,194,75,70,"{""sim_day"": 75.0, ""doy"": 194.0, ""topwt"": 4959.779052734375, ""grnwt"": 0.0, ""xlai"": 3.6935412883758554, ""totir"": 0.0, ""tofer"": NaN, ""swfac"": 0.0, ""nstres"": 0.0}",0.0,0.0,4959.779052734375,0.0,3.6935412883758554,0.0,,0.0,0.0,0.0,180.0,25.818676757812497,25.818676757812497,Leave_One_experiments/all_year_offline_schedule_search/daily_outputs/HLA/HLA_2007_HLA2007_normal_grid_S0028_daily.csv
HLA,HLA,Hailun,2007,Leave_One_experiments\wth_generated_qc\HLA\HLA2007.WTH,normal_year;nitrogen_stress_year;low_response_year,normal,HLA2007_normal_grid_S0028,low_input_within_10pct_yield,2007-07-14,195,76,71,"{""sim_day"": 76.0, ""doy"": 195.0, ""topwt"": 5242.838134765625, ""grnwt"": 0.0, ""xlai"": 3.7915968894958496, ""totir"": 0.0, ""tofer"": NaN, ""swfac"": 0.0, ""nstres"": 0.0}",0.0,0.0,5242.838134765625,0.0,3.7915968894958496,0.0,,0.0,0.0,0.0,180.0,25.818676757812497,25.818676757812497,Leave_One_experiments/all_year_offline_schedule_search/daily_outputs/HLA/HLA_2007_HLA2007_normal_grid_S0028_daily.csv
HLA,HLA,Hailun,2007,Leave_One_experiments\wth_generated_qc\HLA\HLA2007.WTH,normal_year;nitrogen_stress_year;low_response_year,normal,HLA2007_normal_grid_S0028,low_input_within_10pct_yield,2007-07-15,196,77,72,"{""sim_day"": 77.0, ""doy"": 196.0, ""topwt"": 5532.581787109375, ""grnwt"": 0.0, ""xlai"": 3.883420944213867, ""totir"": 0.0, ""tofer"": NaN, ""swfac"": 0.0, ""nstres"": 0.0}",0.0,0.0,5532.581787109375,0.0,3.883420944213867,0.0,,0.0,0.0,0.0,180.0,25.818676757812497,25.818676757812497,Leave_One_experiments/all_year_offline_schedule_search/daily_outputs/HLA/HLA_2007_HLA2007_normal_grid_S0028_daily.csv
HLA,HLA,Hailun,2007,Leave_One_experiments\wth_generated_qc\HLA\HLA2007.WTH,normal_year;nitrogen_stress_year;low_response_year,normal,HLA2007_normal_grid_S0028,low_input_within_10pct_yield,2007-07-16,197,78,73,"{""sim_day"": 78.0, ""doy"": 197.0, ""topwt"": 5645.284423828125, ""grnwt"": 0.0, ""xlai"": 3.916715621948242, ""totir"": 0.0, ""tofer"": NaN, ""swfac"": 0.0, ""nstres"": 0.0}",0.0,0.0,5645.284423828125,0.0,3.916715621948242,0.0,,0.0,0.0,0.0,180.0,25.818676757812497,25.818676757812497,Leave_One_experiments/all_year_offline_schedule_search/daily_outputs/HLA/HLA_2007_HLA2007_normal_grid_S0028_daily.csv
HLA,HLA,Hailun,2007,Leave_One_experiments\wth_generated_qc\HLA\HLA2007.WTH,normal_year;nitrogen_stress_year;low_response_year,normal,HLA2007_normal_grid_S0028,low_input_within_10pct_yield,2007-07-17,198,79,74,"{""sim_day"": 79.0, ""doy"": 198.0, ""topwt"": 5863.800659179688, ""grnwt"": 0.0, ""xlai"": 3.976098299026489, ""totir"": 0.0, ""tofer"": NaN, ""swfac"": 0.0, ""nstres"": 0.0045381784439086}",0.0,0.0045381784439086,5863.800659179688,0.0,3.976098299026489,0.0,,0.0,0.0,0.0,180.0,25.818676757812497,25.818676757812497,Leave_One_experiments/all_year_offline_schedule_search/daily_outputs/HLA/HLA_2007_HLA2007_normal_grid_S0028_daily.csv
HLA,HLA,Hailun,2007,Leave_One_experiments\wth_generated_qc\HLA\HLA2007.WTH,normal_year;nitrogen_stress_year;low_response_year,normal,HLA2007_normal_grid_S0028,low_input_within_10pct_yield,2007-07-18,199,80,75,"{""sim_day"": 80.0, ""doy"": 199.0, ""topwt"": 6011.4990234375, ""grnwt"": 0.0, ""xlai"": 4.011096954345703, ""totir"": 0.0, ""tofer"": NaN, ""swfac"": 0.0, ""nstres"": 0.0103620290756225}",0.0,0.0103620290756225,6011.4990234375,0.0,4.011096954345703,0.0,,0.0,0.0,0.0,180.0,25.818676757812497,25.818676757812497,Leave_One_experiments/all_year_offline_schedule_search/daily_outputs/HLA/HLA_2007_HLA2007_normal_grid_S0028_daily.csv
HLA,HLA,Hailun,2007,Leave_One_experiments\wth_generated_qc\HLA\HLA2007.WTH,normal_year;nitrogen_stress_year;low_response_year,normal,HLA2007_normal_grid_S0028,low_input_within_10pct_yield,2007-07-19,200,81,76,"{""sim_day"": 81.0, ""doy"": 200.0, ""topwt"": 6183.618774414063, ""grnwt"": 0.0, ""xlai"": 4.045872688293457, ""totir"": 0.0, ""tofer"": NaN, ""swfac"": 0.0, ""nstres"": 0.0206247568130493}",0.0,0.0206247568130493,6183.618774414063,0.0,4.045872688293457,0.0,,0.0,0.0,0.0,180.0,25.818676757812497,25.818676757812497,Leave_One_experiments/all_year_offline_schedule_search/daily_outputs/HLA/HLA_2007_HLA2007_normal_grid_S0028_daily.csv
HLA,HLA,Hailun,2007,Leave_One_experiments\wth_generated_qc\HLA\HLA2007.WTH,normal_year;nitrogen_stress_year;low_response_year,normal,HLA2007_normal_grid_S0028,low_input_within_10pct_yield,2007-07-20,201,82,77,"{""sim_day"": 82.0, ""doy"": 201.0, ""topwt"": 6292.1380615234375, ""grnwt"": 0.0, ""xlai"": 4.059622764587402, ""totir"": 0.0, ""tofer"": NaN, ""swfac"": 0.0, ""nstres"": 0.0274689197540283}",0.0,0.0274689197540283,6292.1380615234375,0.0,4.059622764587402,0.0,,0.0,0.0,0.0,180.0,25.818676757812497,25.818676757812497,Leave_One_experiments/all_year_offline_schedule_search/daily_outputs/HLA/HLA_2007_HLA2007_normal_grid_S0028_daily.csv
HLA,HLA,Hailun,2007,Leave_One_experiments\wth_generated_qc\HLA\HLA2007.WTH,normal_year;nitrogen_stress_year;low_response_year,normal,HLA2007_normal_grid_S0028,low_input_within_10pct_yield,2007-07-21,202,83,78,"{""sim_day"": 83.0, ""doy"": 202.0, ""topwt"": 6428.26904296875, ""grnwt"": 0.0, ""xlai"": 4.077648639678955, ""totir"": 0.0, ""tofer"": NaN, ""swfac"": 0.0, ""nstres"": 0.0311815738677978}",0.0,0.0311815738677978,6428.26904296875,0.0,4.077648639678955,0.0,,0.0,0.0,0.0,180.0,25.818676757812497,25.818676757812497,Leave_One_experiments/all_year_offline_schedule_search/daily_outputs/HLA/HLA_2007_HLA2007_normal_grid_S0028_daily.csv
HLA,HLA,Hailun,2007,Leave_One_experiments\wth_generated_qc\HLA\HLA2007.WTH,normal_year;nitrogen_stress_year;low_response_year,normal,HLA2007_normal_grid_S0028,low_input_within_10pct_yield,2007-07-22,203,84,79,"{""sim_day"": 84.0, ""doy"": 203.0, ""topwt"": 6600.599365234375, ""grnwt"": 0.0, ""xlai"": 4.102798938751221, ""totir"": 0.0, ""tofer"": NaN, ""swfac"": 0.0, ""nstres"": 0.0322864055633544}",0.0,0.0322864055633544,6600.599365234375,0.0,4.102798938751221,0.0,,0.0,0.0,0.0,180.0,25.818676757812497,25.818676757812497,Leave_One_experiments/all_year_offline_schedule_search/daily_outputs/HLA/HLA_2007_HLA2007_normal_grid_S0028_daily.csv
HLA,HLA,Hailun,2007,Leave_One_experiments\wth_generated_qc\HLA\HLA2007.WTH,normal_year;nitrogen_stress_year;low_response_year,normal,HLA2007_normal_grid_S0028,low_input_within_10pct_yield,2007-07-23,204,85,80,"{""sim_day"": 85.0, ""doy"": 204.0, ""topwt"": 6808.19580078125, ""grnwt"": 0.0, ""xlai"": 4.135679721832275, ""totir"": 0.0, ""tofer"": NaN, ""swfac"": 0.0, ""nstres"": 0.0336829423904418}",0.0,0.0336829423904418,6808.19580078125,0.0,4.135679721832275,0.0,,0.0,0.0,0.0,180.0,25.818676757812497,25.818676757812497,Leave_One_experiments/all_year_offline_schedule_search/daily_outputs/HLA/HLA_2007_HLA2007_normal_grid_S0028_daily.csv
HLA,HLA,Hailun,2007,Leave_One_experiments\wth_generated_qc\HLA\HLA2007.WTH,normal_year;nitrogen_stress_year;low_response_year,normal,HLA2007_normal_grid_S0028,low_input_within_10pct_yield,2007-07-24,205,86,81,"{""sim_day"": 86.0, ""doy"": 205.0, ""topwt"": 7038.507080078125, ""grnwt"": 0.0, ""xlai"": 4.175023555755615, ""totir"": 0.0, ""tofer"": NaN, ""swfac"": 0.0, ""nstres"": 0.0315427184104919}",0.0,0.0315427184104919,7038.507080078125,0.0,4.175023555755615,0.0,,0.0,0.0,0.0,180.0,25.818676757812497,25.818676757812497,Leave_One_experiments/all_year_offline_schedule_search/daily_outputs/HLA/HLA_2007_HLA2007_normal_grid_S0028_daily.csv
HLA,HLA,Hailun,2007,Leave_One_experiments\wth_generated_qc\HLA\HLA2007.WTH,normal_year;nitrogen_stress_year;low_response_year,normal,HLA2007_normal_grid_S0028,low_input_within_10pct_yield,2007-07-25,206,87,82,"{""sim_day"": 87.0, ""doy"": 206.0, ""topwt"": 7297.2113037109375, ""grnwt"": 0.0, ""xlai"": 4.221220970153809, ""totir"": 0.0, ""tofer"": NaN, ""swfac"": 0.0, ""nstres"": 0.0312376022338867}",0.0,0.0312376022338867,7297.2113037109375,0.0,4.221220970153809,0.0,,0.0,0.0,0.0,180.0,25.818676757812497,25.818676757812497,Leave_One_experiments/all_year_offline_schedule_search/daily_outputs/HLA/HLA_2007_HLA2007_normal_grid_S0028_daily.csv
HLA,HLA,Hailun,2007,Leave_One_experiments\wth_generated_qc\HLA\HLA2007.WTH,normal_year;nitrogen_stress_year;low_response_year,normal,HLA2007_normal_grid_S0028,low_input_within_10pct_yield,2007-07-26,207,88,83,"{""sim_day"": 88.0, ""doy"": 207.0, ""topwt"": 7540.146484375, ""grnwt"": 0.0, ""xlai"": 4.264117240905762, ""totir"": 0.0, ""tofer"": NaN, ""swfac"": 0.0, ""nstres"": 0.0297933220863342}",0.0,0.0297933220863342,7540.146484375,0.0,4.264117240905762,0.0,,0.0,0.0,0.0,180.0,25.818676757812497,25.818676757812497,Leave_One_experiments/all_year_offline_schedule_search/daily_outputs/HLA/HLA_2007_HLA2007_normal_grid_S0028_daily.csv
HLA,HLA,Hailun,2007,Leave_One_experiments\wth_generated_qc\HLA\HLA2007.WTH,normal_year;nitrogen_stress_year;low_response_year,normal,HLA2007_normal_grid_S0028,low_input_within_10pct_yield,2007-07-27,208,89,84,"{""sim_day"": 89.0, ""doy"": 208.0, ""topwt"": 7724.2340087890625, ""grnwt"": 0.0, ""xlai"": 4.290399074554443, ""totir"": 0.0, ""tofer"": NaN, ""swfac"": 0.0, ""nstres"": 0.0337207317352294}",0.0,0.0337207317352294,7724.2340087890625,0.0,4.290399074554443,0.0,,0.0,0.0,0.0,180.0,25.818676757812497,25.818676757812497,Leave_One_experiments/all_year_offline_schedule_search/daily_outputs/HLA/HLA_2007_HLA2007_normal_grid_S0028_daily.csv
HLA,HLA,Hailun,2007,Leave_One_experiments\wth_generated_qc\HLA\HLA2007.WTH,normal_year;nitrogen_stress_year;low_response_year,normal,HLA2007_normal_grid_S0028,low_input_within_10pct_yield,2007-07-28,209,90,85,"{""sim_day"": 90.0, ""doy"": 209.0, ""topwt"": 8144.427490234375, ""grnwt"": 0.0, ""xlai"": 4.235134601593018, ""totir"": 0.0, ""tofer"": NaN, ""swfac"": 0.0, ""nstres"": 0.0393500328063964}",0.0,0.0393500328063964,8144.427490234375,0.0,4.235134601593018,0.0,,0.0,0.0,0.0,180.0,25.818676757812497,25.818676757812497,Leave_One_experiments/all_year_offline_schedule_search/daily_outputs/HLA/HLA_2007_HLA2007_normal_grid_S0028_daily.csv
HLA,HLA,Hailun,2007,Leave_One_experiments\wth_generated_qc\HLA\HLA2007.WTH,normal_year;nitrogen_stress_year;low_response_year,normal,HLA2007_normal_grid_S0028,low_input_within_10pct_yield,2007-07-29,210,91,86,"{""sim_day"": 91.0, ""doy"": 210.0, ""topwt"": 8497.4560546875, ""grnwt"": 0.0, ""xlai"": 4.215866088867188, ""totir"": 0.0, ""tofer"": NaN, ""swfac"": 0.0, ""nstres"": 0.0363976955413818}",0.0,0.0363976955413818,8497.4560546875,0.0,4.215866088867188,0.0,,0.0,0.0,0.0,180.0,25.818676757812497,25.818676757812497,Leave_One_experiments/all_year_offline_schedule_search/daily_outputs/HLA/HLA_2007_HLA2007_normal_grid_S0028_daily.csv
HLA,HLA,Hailun,2007,Leave_One_experiments\wth_generated_qc\HLA\HLA2007.WTH,normal_year;nitrogen_stress_year;low_response_year,normal,HLA2007_normal_grid_S0028,low_input_within_10pct_yield,2007-07-30,211,92,87,"{""sim_day"": 92.0, ""doy"": 211.0, ""topwt"": 8934.285888671875, ""grnwt"": 0.0, ""xlai"": 4.194889545440674, ""totir"": 0.0, ""tofer"": NaN, ""swfac"": 0.0, ""nstres"": 0.0398045778274536}",0.0,0.0398045778274536,8934.285888671875,0.0,4.194889545440674,0.0,,0.0,0.0,0.0,180.0,25.818676757812497,25.818676757812497,Leave_One_experiments/all_year_offline_schedule_search/daily_outputs/HLA/HLA_2007_HLA2007_normal_grid_S0028_daily.csv
HLA,HLA,Hailun,2007,Leave_One_experiments\wth_generated_qc\HLA\HLA2007.WTH,normal_year;nitrogen_stress_year;low_response_year,normal,HLA2007_normal_grid_S0028,low_input_within_10pct_yield,2007-07-31,212,93,88,"{""sim_day"": 93.0, ""doy"": 212.0, ""topwt"": 9350.653076171877, ""grnwt"": 0.0, ""xlai"": 4.174010753631592, ""totir"": 0.0, ""tofer"": NaN, ""swfac"": 0.0, ""nstres"": 0.0398172140121459}",0.0,0.0398172140121459,9350.653076171877,0.0,4.174010753631592,0.0,,0.0,0.0,0.0,180.0,25.818676757812497,25.818676757812497,Leave_One_experiments/all_year_offline_schedule_search/daily_outputs/HLA/HLA_2007_HLA2007_normal_grid_S0028_daily.csv
HLA,HLA,Hailun,2007,Leave_One_experiments\wth_generated_qc\HLA\HLA2007.WTH,normal_year;nitrogen_stress_year;low_response_year,normal,HLA2007_normal_grid_S0028,low_input_within_10pct_yield,2007-08-01,213,94,89,"{""sim_day"": 94.0, ""doy"": 213.0, ""topwt"": 9769.073486328123, ""grnwt"": 0.0, ""xlai"": 4.152098178863525, ""totir"": 0.0, ""tofer"": NaN, ""swfac"": 0.0, ""nstres"": 0.0419965982437133}",0.0,0.0419965982437133,9769.073486328123,0.0,4.152098178863525,0.0,,0.0,0.0,0.0,180.0,25.818676757812497,25.818676757812497,Leave_One_experiments/all_year_offline_schedule_search/daily_outputs/HLA/HLA_2007_HLA2007_normal_grid_S0028_daily.csv
HLA,HLA,Hailun,2007,Leave_One_experiments\wth_generated_qc\HLA\HLA2007.WTH,normal_year;nitrogen_stress_year;low_response_year,normal,HLA2007_normal_grid_S0028,low_input_within_10pct_yield,2007-08-02,214,95,90,"{""sim_day"": 95.0, ""doy"": 214.0, ""topwt"": 10169.074096679688, ""grnwt"": 0.0, ""xlai"": 4.13055419921875, ""totir"": 0.0, ""tofer"": NaN, ""swfac"": 0.0, ""nstres"": 0.0415108203887939}",0.0,0.0415108203887939,10169.074096679688,0.0,4.13055419921875,0.0,,0.0,0.0,0.0,180.0,25.818676757812497,25.818676757812497,Leave_One_experiments/all_year_offline_schedule_search/daily_outputs/HLA/HLA_2007_HLA2007_normal_grid_S0028_daily.csv
HLA,HLA,Hailun,2007,Leave_One_experiments\wth_generated_qc\HLA\HLA2007.WTH,normal_year;nitrogen_stress_year;low_response_year,normal,HLA2007_normal_grid_S0028,low_input_within_10pct_yield,2007-08-03,215,96,91,"{""sim_day"": 96.0, ""doy"": 215.0, ""topwt"": 10592.32421875, ""grnwt"": 0.0, ""xlai"": 4.11052942276001, ""totir"": 0.0, ""tofer"": NaN, ""swfac"": 0.0, ""nstres"": 0.0387831330299377}",0.0,0.0387831330299377,10592.32421875,0.0,4.11052942276001,0.0,,0.0,0.0,0.0,180.0,25.818676757812497,25.818676757812497,Leave_One_experiments/all_year_offline_schedule_search/daily_outputs/HLA/HLA_2007_HLA2007_normal_grid_S0028_daily.csv
HLA,HLA,Hailun,2007,Leave_One_experiments\wth_generated_qc\HLA\HLA2007.WTH,normal_year;nitrogen_stress_year;low_response_year,normal,HLA2007_normal_grid_S0028,low_input_within_10pct_yield,2007-08-04,216,97,92,"{""sim_day"": 97.0, ""doy"": 216.0, ""topwt"": 10973.20556640625, ""grnwt"": 0.0, ""xlai"": 4.092525482177734, ""totir"": 0.0, ""tofer"": NaN, ""swfac"": 0.0, ""nstres"": 0.0350394248962402}",0.0,0.0350394248962402,10973.20556640625,0.0,4.092525482177734,0.0,,0.0,0.0,0.0,180.0,25.818676757812497,25.818676757812497,Leave_One_experiments/all_year_offline_schedule_search/daily_outputs/HLA/HLA_2007_HLA2007_normal_grid_S0028_daily.csv
HLA,HLA,Hailun,2007,Leave_One_experiments\wth_generated_qc\HLA\HLA2007.WTH,normal_year;nitrogen_stress_year;low_response_year,normal,HLA2007_normal_grid_S0028,low_input_within_10pct_yield,2007-08-05,217,98,93,"{""sim_day"": 98.0, ""doy"": 217.0, ""topwt"": 11266.815185546877, ""grnwt"": 0.0, ""xlai"": 4.077216148376465, ""totir"": 0.0, ""tofer"": NaN, ""swfac"": 0.0, ""nstres"": 0.0299261808395385}",0.0,0.0299261808395385,11266.815185546877,0.0,4.077216148376465,0.0,,0.0,0.0,0.0,180.0,25.818676757812497,25.818676757812497,Leave_One_experiments/all_year_offline_schedule_search/daily_outputs/HLA/HLA_2007_HLA2007_normal_grid_S0028_daily.csv
HLA,HLA,Hailun,2007,Leave_One_experiments\wth_generated_qc\HLA\HLA2007.WTH,normal_year;nitrogen_stress_year;low_response_year,normal,HLA2007_normal_grid_S0028,low_input_within_10pct_yield,2007-08-06,218,99,94,"{""sim_day"": 99.0, ""doy"": 218.0, ""topwt"": 11351.52099609375, ""grnwt"": 0.0, ""xlai"": 4.065073490142822, ""totir"": 0.0, ""tofer"": NaN, ""swfac"": 0.0, ""nstres"": 0.0238260030746459}",0.0,0.0238260030746459,11351.52099609375,0.0,4.065073490142822,0.0,,0.0,0.0,0.0,180.0,25.818676757812497,25.818676757812497,Leave_One_experiments/all_year_offline_schedule_search/daily_outputs/HLA/HLA_2007_HLA2007_normal_grid_S0028_daily.csv
HLA,HLA,Hailun,2007,Leave_One_experiments\wth_generated_qc\HLA\HLA2007.WTH,normal_year;nitrogen_stress_year;low_response_year,normal,HLA2007_normal_grid_S0028,low_input_within_10pct_yield,2007-08-07,219,100,95,"{""sim_day"": 100.0, ""doy"": 219.0, ""topwt"": 11591.893310546877, ""grnwt"": 0.0, ""xlai"": 4.058107852935791, ""totir"": 0.0, ""tofer"": NaN, ""swfac"": 0.0, ""nstres"": 0.0137085318565368}",0.0,0.0137085318565368,11591.893310546877,0.0,4.058107852935791,0.0,,0.0,0.0,0.0,180.0,25.818676757812497,25.818676757812497,Leave_One_experiments/all_year_offline_schedule_search/daily_outputs/HLA/HLA_2007_HLA2007_normal_grid_S0028_daily.csv
HLA,HLA,Hailun,2007,Leave_One_experiments\wth_generated_qc\HLA\HLA2007.WTH,normal_year;nitrogen_stress_year;low_response_year,normal,HLA2007_normal_grid_S0028,low_input_within_10pct_yield,2007-08-08,220,101,96,"{""sim_day"": 101.0, ""doy"": 220.0, ""topwt"": 11713.031005859377, ""grnwt"": 0.0, ""xlai"": 4.056221008300781, ""totir"": 0.0, ""tofer"": NaN, ""swfac"": 0.0, ""nstres"": 0.0010570883750915}",0.0,0.0010570883750915,11713.031005859377,0.0,4.056221008300781,0.0,,0.0,0.0,0.0,180.0,25.818676757812497,25.818676757812497,Leave_One_experiments/all_year_offline_schedule_search/daily_outputs/HLA/HLA_2007_HLA2007_normal_grid_S0028_daily.csv
HLA,HLA,Hailun,2007,Leave_One_experiments\wth_generated_qc\HLA\HLA2007.WTH,normal_year;nitrogen_stress_year;low_response_year,normal,HLA2007_normal_grid_S0028,low_input_within_10pct_yield,2007-08-09,221,102,97,"{""sim_day"": 102.0, ""doy"": 221.0, ""topwt"": 11846.612548828123, ""grnwt"": 0.0, ""xlai"": 4.05204963684082, ""totir"": 0.0, ""tofer"": NaN, ""swfac"": 0.0, ""nstres"": 0.0}",0.0,0.0,11846.612548828123,0.0,4.05204963684082,0.0,,0.0,0.0,0.0,180.0,25.818676757812497,25.818676757812497,Leave_One_experiments/all_year_offline_schedule_search/daily_outputs/HLA/HLA_2007_HLA2007_normal_grid_S0028_daily.csv
HLA,HLA,Hailun,2007,Leave_One_experiments\wth_generated_qc\HLA\HLA2007.WTH,normal_year;nitrogen_stress_year;low_response_year,normal,HLA2007_normal_grid_S0028,low_input_within_10pct_yield,2007-08-10,222,103,98,"{""sim_day"": 103.0, ""doy"": 222.0, ""topwt"": 12019.84375, ""grnwt"": 173.23143005371094, ""xlai"": 3.957084655761719, ""totir"": 0.0, ""tofer"": NaN, ""swfac"": 0.0, ""nstres"": 0.0}",0.0,0.0,12019.84375,173.23143005371094,3.957084655761719,0.0,,0.0,0.0,0.0,180.0,25.818676757812497,25.818676757812497,Leave_One_experiments/all_year_offline_schedule_search/daily_outputs/HLA/HLA_2007_HLA2007_normal_grid_S0028_daily.csv
HLA,HLA,Hailun,2007,Leave_One_experiments\wth_generated_qc\HLA\HLA2007.WTH,normal_year;nitrogen_stress_year;low_response_year,normal,HLA2007_normal_grid_S0028,low_input_within_10pct_yield,2007-08-11,223,104,99,"{""sim_day"": 104.0, ""doy"": 223.0, ""topwt"": 12193.076171875, ""grnwt"": 346.4628601074219, ""xlai"": 3.9411635398864746, ""totir"": 0.0, ""tofer"": NaN, ""swfac"": 0.0, ""nstres"": 0.0}",0.0,0.0,12193.076171875,346.4628601074219,3.9411635398864746,0.0,,0.0,0.0,0.0,180.0,25.818676757812497,25.818676757812497,Leave_One_experiments/all_year_offline_schedule_search/daily_outputs/HLA/HLA_2007_HLA2007_normal_grid_S0028_daily.csv
HLA,HLA,Hailun,2007,Leave_One_experiments\wth_generated_qc\HLA\HLA2007.WTH,normal_year;nitrogen_stress_year;low_response_year,normal,HLA2007_normal_grid_S0028,low_input_within_10pct_yield,2007-08-12,224,105,100,"{""sim_day"": 105.0, ""doy"": 224.0, ""topwt"": 12307.34130859375, ""grnwt"": 519.6943283081055, ""xlai"": 3.925441265106201, ""totir"": 0.0, ""tofer"": NaN, ""swfac"": 0.0, ""nstres"": 0.0}",0.0,0.0,12307.34130859375,519.6943283081055,3.925441265106201,0.0,,0.0,0.0,0.0,180.0,25.818676757812497,25.818676757812497,Leave_One_experiments/all_year_offline_schedule_search/daily_outputs/HLA/HLA_2007_HLA2007_normal_grid_S0028_daily.csv
HLA,HLA,Hailun,2007,Leave_One_experiments\wth_generated_qc\HLA\HLA2007.WTH,normal_year;nitrogen_stress_year;low_response_year,normal,HLA2007_normal_grid_S0028,low_input_within_10pct_yield,2007-08-13,225,106,101,"{""sim_day"": 106.0, ""doy"": 225.0, ""topwt"": 12539.53857421875, ""grnwt"": 692.9257202148438, ""xlai"": 3.9050214290618896, ""totir"": 0.0, ""tofer"": NaN, ""swfac"": 0.0, ""nstres"": 0.0}",0.0,0.0,12539.53857421875,692.9257202148438,3.9050214290618896,0.0,,0.0,0.0,0.0,180.0,25.818676757812497,25.818676757812497,Leave_One_experiments/all_year_offline_schedule_search/daily_outputs/HLA/HLA_2007_HLA2007_normal_grid_S0028_daily.csv
HLA,HLA,Hailun,2007,Leave_One_experiments\wth_generated_qc\HLA\HLA2007.WTH,normal_year;nitrogen_stress_year;low_response_year,normal,HLA2007_normal_grid_S0028,low_input_within_10pct_yield,2007-08-14,226,107,102,"{""sim_day"": 107.0, ""doy"": 226.0, ""topwt"": 12712.769775390623, ""grnwt"": 866.1571502685547, ""xlai"": 3.883599996566773, ""totir"": 0.0, ""tofer"": NaN, ""swfac"": 0.0, ""nstres"": 0.0}",0.0,0.0,12712.769775390623,866.1571502685547,3.883599996566773,0.0,,0.0,0.0,0.0,180.0,25.818676757812497,25.818676757812497,Leave_One_experiments/all_year_offline_schedule_search/daily_outputs/HLA/HLA_2007_HLA2007_normal_grid_S0028_daily.csv
HLA,HLA,Hailun,2007,Leave_One_experiments\wth_generated_qc\HLA\HLA2007.WTH,normal_year;nitrogen_stress_year;low_response_year,normal,HLA2007_normal_grid_S0028,low_input_within_10pct_yield,2007-08-15,227,108,103,"{""sim_day"": 108.0, ""doy"": 227.0, ""topwt"": 12886.0009765625, ""grnwt"": 1039.3885803222656, ""xlai"": 3.855649948120117, ""totir"": 0.0, ""tofer"": NaN, ""swfac"": 0.0, ""nstres"": 0.0}",0.0,0.0,12886.0009765625,1039.3885803222656,3.855649948120117,0.0,,0.0,0.0,0.0,180.0,25.818676757812497,25.818676757812497,Leave_One_experiments/all_year_offline_schedule_search/daily_outputs/HLA/HLA_2007_HLA2007_normal_grid_S0028_daily.csv
HLA,HLA,Hailun,2007,Leave_One_experiments\wth_generated_qc\HLA\HLA2007.WTH,normal_year;nitrogen_stress_year;low_response_year,normal,HLA2007_normal_grid_S0028,low_input_within_10pct_yield,2007-08-16,228,109,104,"{""sim_day"": 109.0, ""doy"": 228.0, ""topwt"": 13059.2333984375, ""grnwt"": 1212.6199340820312, ""xlai"": 3.8324482440948486, ""totir"": 0.0, ""tofer"": NaN, ""swfac"": 0.0, ""nstres"": 0.0}",0.0,0.0,13059.2333984375,1212.6199340820312,3.8324482440948486,0.0,,0.0,0.0,0.0,180.0,25.818676757812497,25.818676757812497,Leave_One_experiments/all_year_offline_schedule_search/daily_outputs/HLA/HLA_2007_HLA2007_normal_grid_S0028_daily.csv
HLA,HLA,Hailun,2007,Leave_One_experiments\wth_generated_qc\HLA\HLA2007.WTH,normal_year;nitrogen_stress_year;low_response_year,normal,HLA2007_normal_grid_S0028,low_input_within_10pct_yield,2007-08-17,229,110,105,"{""sim_day"": 110.0, ""doy"": 229.0, ""topwt"": 13232.464599609377, ""grnwt"": 1385.8514404296875, ""xlai"": 3.805758476257324, ""totir"": 0.0, ""tofer"": NaN, ""swfac"": 0.0, ""nstres"": 0.0044183135032653}",0.0,0.0044183135032653,13232.464599609377,1385.8514404296875,3.805758476257324,0.0,,0.0,0.0,0.0,180.0,25.818676757812497,25.818676757812497,Leave_One_experiments/all_year_offline_schedule_search/daily_outputs/HLA/HLA_2007_HLA2007_normal_grid_S0028_daily.csv
HLA,HLA,Hailun,2007,Leave_One_experiments\wth_generated_qc\HLA\HLA2007.WTH,normal_year;nitrogen_stress_year;low_response_year,normal,HLA2007_normal_grid_S0028,low_input_within_10pct_yield,2007-08-18,230,111,106,"{""sim_day"": 111.0, ""doy"": 230.0, ""topwt"": 13405.69580078125, ""grnwt"": 1559.0827941894531, ""xlai"": 3.769991636276245, ""totir"": 0.0, ""tofer"": NaN, ""swfac"": 0.0, ""nstres"": 0.0084723234176635}",0.0,0.0084723234176635,13405.69580078125,1559.0827941894531,3.769991636276245,0.0,,0.0,0.0,0.0,180.0,25.818676757812497,25.818676757812497,Leave_One_experiments/all_year_offline_schedule_search/daily_outputs/HLA/HLA_2007_HLA2007_normal_grid_S0028_daily.csv
HLA,HLA,Hailun,2007,Leave_One_experiments\wth_generated_qc\HLA\HLA2007.WTH,normal_year;nitrogen_stress_year;low_response_year,normal,HLA2007_normal_grid_S0028,low_input_within_10pct_yield,2007-08-19,231,112,107,"{""sim_day"": 112.0, ""doy"": 231.0, ""topwt"": 13578.92822265625, ""grnwt"": 1732.3143005371094, ""xlai"": 3.7268998622894287, ""totir"": 0.0, ""tofer"": NaN, ""swfac"": 0.0, ""nstres"": 0.0119259357452392}",0.0,0.0119259357452392,13578.92822265625,1732.3143005371094,3.7268998622894287,0.0,,0.0,0.0,0.0,180.0,25.818676757812497,25.818676757812497,Leave_One_experiments/all_year_offline_schedule_search/daily_outputs/HLA/HLA_2007_HLA2007_normal_grid_S0028_daily.csv
HLA,HLA,Hailun,2007,Leave_One_experiments\wth_generated_qc\HLA\HLA2007.WTH,normal_year;nitrogen_stress_year;low_response_year,normal,HLA2007_normal_grid_S0028,low_input_within_10pct_yield,2007-08-20,232,113,108,"{""sim_day"": 113.0, ""doy"": 232.0, ""topwt"": 13752.159423828123, ""grnwt"": 1905.5458068847656, ""xlai"": 3.695247888565064, ""totir"": 0.0, ""tofer"": NaN, ""swfac"": 0.0, ""nstres"": 0.0197609663009643}",0.0,0.0197609663009643,13752.159423828123,1905.5458068847656,3.695247888565064,0.0,,0.0,0.0,0.0,180.0,25.818676757812497,25.818676757812497,Leave_One_experiments/all_year_offline_schedule_search/daily_outputs/HLA/HLA_2007_HLA2007_normal_grid_S0028_daily.csv
HLA,HLA,Hailun,2007,Leave_One_experiments\wth_generated_qc\HLA\HLA2007.WTH,normal_year;nitrogen_stress_year;low_response_year,normal,HLA2007_normal_grid_S0028,low_input_within_10pct_yield,2007-08-21,233,114,109,"{""sim_day"": 114.0, ""doy"": 233.0, ""topwt"": 13925.390625, ""grnwt"": 2078.777313232422, ""xlai"": 3.6693406105041504, ""totir"": 0.0, ""tofer"": NaN, ""swfac"": 0.0, ""nstres"": 0.0296481847763061}",0.0,0.0296481847763061,13925.390625,2078.777313232422,3.6693406105041504,0.0,,0.0,0.0,0.0,180.0,25.818676757812497,25.818676757812497,Leave_One_experiments/all_year_offline_schedule_search/daily_outputs/HLA/HLA_2007_HLA2007_normal_grid_S0028_daily.csv
HLA,HLA,Hailun,2007,Leave_One_experiments\wth_generated_qc\HLA\HLA2007.WTH,normal_year;nitrogen_stress_year;low_response_year,normal,HLA2007_normal_grid_S0028,low_input_within_10pct_yield,2007-08-22,234,115,110,"{""sim_day"": 115.0, ""doy"": 234.0, ""topwt"": 14098.621826171877, ""grnwt"": 2252.008819580078, ""xlai"": 3.634876489639282, ""totir"": 0.0, ""tofer"": NaN, ""swfac"": 0.0, ""nstres"": 0.0380603075027465}",0.0,0.0380603075027465,14098.621826171877,2252.008819580078,3.634876489639282,0.0,,0.0,0.0,0.0,180.0,25.818676757812497,25.818676757812497,Leave_One_experiments/all_year_offline_schedule_search/daily_outputs/HLA/HLA_2007_HLA2007_normal_grid_S0028_daily.csv
HLA,HLA,Hailun,2007,Leave_One_experiments\wth_generated_qc\HLA\HLA2007.WTH,normal_year;nitrogen_stress_year;low_response_year,normal,HLA2007_normal_grid_S0028,low_input_within_10pct_yield,2007-08-23,235,116,111,"{""sim_day"": 116.0, ""doy"": 235.0, ""topwt"": 14271.85302734375, ""grnwt"": 2425.2403259277344, ""xlai"": 3.588454246520996, ""totir"": 0.0, ""tofer"": NaN, ""swfac"": 0.0, ""nstres"": 0.0447543263435363}",0.0,0.0447543263435363,14271.85302734375,2425.2403259277344,3.588454246520996,0.0,,0.0,0.0,0.0,180.0,25.818676757812497,25.818676757812497,Leave_One_experiments/all_year_offline_schedule_search/daily_outputs/HLA/HLA_2007_HLA2007_normal_grid_S0028_daily.csv
HLA,HLA,Hailun,2007,Leave_One_experiments\wth_generated_qc\HLA\HLA2007.WTH,normal_year;nitrogen_stress_year;low_response_year,normal,HLA2007_normal_grid_S0028,low_input_within_10pct_yield,2007-08-24,236,117,112,"{""sim_day"": 117.0, ""doy"": 236.0, ""topwt"": 14445.08544921875, ""grnwt"": 2598.4716796875, ""xlai"": 3.546783924102783, ""totir"": 0.0, ""tofer"": NaN, ""swfac"": 0.0, ""nstres"": 0.0532582998275756}",0.0,0.0532582998275756,14445.08544921875,2598.4716796875,3.546783924102783,0.0,,0.0,0.0,0.0,180.0,25.818676757812497,25.818676757812497,Leave_One_experiments/all_year_offline_schedule_search/daily_outputs/HLA/HLA_2007_HLA2007_normal_grid_S0028_daily.csv
HLA,HLA,Hailun,2007,Leave_One_experiments\wth_generated_qc\HLA\HLA2007.WTH,normal_year;nitrogen_stress_year;low_response_year,normal,HLA2007_normal_grid_S0028,low_input_within_10pct_yield,2007-08-25,237,118,113,"{""sim_day"": 118.0, ""doy"": 237.0, ""topwt"": 14618.316650390623, ""grnwt"": 2771.703491210937, ""xlai"": 3.5078186988830566, ""totir"": 0.0, ""tofer"": NaN, ""swfac"": 0.0, ""nstres"": 0.0628620982170105}",0.0,0.0628620982170105,14618.316650390623,2771.703491210937,3.5078186988830566,0.0,,0.0,0.0,0.0,180.0,25.818676757812497,25.818676757812497,Leave_One_experiments/all_year_offline_schedule_search/daily_outputs/HLA/HLA_2007_HLA2007_normal_grid_S0028_daily.csv
HLA,HLA,Hailun,2007,Leave_One_experiments\wth_generated_qc\HLA\HLA2007.WTH,normal_year;nitrogen_stress_year;low_response_year,normal,HLA2007_normal_grid_S0028,low_input_within_10pct_yield,2007-08-26,238,119,114,"{""sim_day"": 119.0, ""doy"": 238.0, ""topwt"": 14791.5478515625, ""grnwt"": 2944.9346923828125, ""xlai"": 3.465895891189575, ""totir"": 0.0, ""tofer"": NaN, ""swfac"": 0.0, ""nstres"": 0.0724971294403076}",0.0,0.0724971294403076,14791.5478515625,2944.9346923828125,3.465895891189575,0.0,,0.0,0.0,0.0,180.0,25.818676757812497,25.818676757812497,Leave_One_experiments/all_year_offline_schedule_search/daily_outputs/HLA/HLA_2007_HLA2007_normal_grid_S0028_daily.csv
HLA,HLA,Hailun,2007,Leave_One_experiments\wth_generated_qc\HLA\HLA2007.WTH,normal_year;nitrogen_stress_year;low_response_year,normal,HLA2007_normal_grid_S0028,low_input_within_10pct_yield,2007-08-27,239,120,115,"{""sim_day"": 120.0, ""doy"": 239.0, ""topwt"": 14939.207763671877, ""grnwt"": 3092.593994140625, ""xlai"": 3.4292728900909424, ""totir"": 0.0, ""tofer"": NaN, ""swfac"": 0.0, ""nstres"": 0.0845324993133544}",0.0,0.0845324993133544,14939.207763671877,3092.593994140625,3.4292728900909424,0.0,,0.0,0.0,0.0,180.0,25.818676757812497,25.818676757812497,Leave_One_experiments/all_year_offline_schedule_search/daily_outputs/HLA/HLA_2007_HLA2007_normal_grid_S0028_daily.csv
HLA,HLA,Hailun,2007,Leave_One_experiments\wth_generated_qc\HLA\HLA2007.WTH,normal_year;nitrogen_stress_year;low_response_year,normal,HLA2007_normal_grid_S0028,low_input_within_10pct_yield,2007-08-28,240,121,116,"{""sim_day"": 121.0, ""doy"": 240.0, ""topwt"": 15112.43896484375, ""grnwt"": 3265.8251953125, ""xlai"": 3.389585494995117, ""totir"": 0.0, ""tofer"": NaN, ""swfac"": 0.0, ""nstres"": 0.0925856828689575}",0.0,0.0925856828689575,15112.43896484375,3265.8251953125,3.389585494995117,0.0,,0.0,0.0,0.0,180.0,25.818676757812497,25.818676757812497,Leave_One_experiments/all_year_offline_schedule_search/daily_outputs/HLA/HLA_2007_HLA2007_normal_grid_S0028_daily.csv
HLA,HLA,Hailun,2007,Leave_One_experiments\wth_generated_qc\HLA\HLA2007.WTH,normal_year;nitrogen_stress_year;low_response_year,normal,HLA2007_normal_grid_S0028,low_input_within_10pct_yield,2007-08-29,241,122,117,"{""sim_day"": 122.0, ""doy"": 241.0, ""topwt"": 15285.670166015623, ""grnwt"": 3439.056701660156, ""xlai"": 3.345762014389038, ""totir"": 0.0, ""tofer"": NaN, ""swfac"": 0.0, ""nstres"": 0.1034297943115234}",0.0,0.1034297943115234,15285.670166015623,3439.056701660156,3.345762014389038,0.0,,0.0,0.0,0.0,180.0,25.818676757812497,25.818676757812497,Leave_One_experiments/all_year_offline_schedule_search/daily_outputs/HLA/HLA_2007_HLA2007_normal_grid_S0028_daily.csv
HLA,HLA,Hailun,2007,Leave_One_experiments\wth_generated_qc\HLA\HLA2007.WTH,normal_year;nitrogen_stress_year;low_response_year,normal,HLA2007_normal_grid_S0028,low_input_within_10pct_yield,2007-08-30,242,123,118,"{""sim_day"": 123.0, ""doy"": 242.0, ""topwt"": 15458.9013671875, ""grnwt"": 3612.288208007813, ""xlai"": 3.298013210296631, ""totir"": 0.0, ""tofer"": NaN, ""swfac"": 0.0, ""nstres"": 0.1141716241836547}",0.0,0.1141716241836547,15458.9013671875,3612.288208007813,3.298013210296631,0.0,,0.0,0.0,0.0,180.0,25.818676757812497,25.818676757812497,Leave_One_experiments/all_year_offline_schedule_search/daily_outputs/HLA/HLA_2007_HLA2007_normal_grid_S0028_daily.csv
HLA,HLA,Hailun,2007,Leave_One_experiments\wth_generated_qc\HLA\HLA2007.WTH,normal_year;nitrogen_stress_year;low_response_year,normal,HLA2007_normal_grid_S0028,low_input_within_10pct_yield,2007-08-31,243,124,119,"{""sim_day"": 124.0, ""doy"": 243.0, ""topwt"": 15632.1337890625, ""grnwt"": 3785.5197143554688, ""xlai"": 3.2451400756835938, ""totir"": 0.0, ""tofer"": NaN, ""swfac"": 0.0, ""nstres"": 0.1228382587432861}",0.0,0.1228382587432861,15632.1337890625,3785.5197143554688,3.2451400756835938,0.0,,0.0,0.0,0.0,180.0,25.818676757812497,25.818676757812497,Leave_One_experiments/all_year_offline_schedule_search/daily_outputs/HLA/HLA_2007_HLA2007_normal_grid_S0028_daily.csv
HLA,HLA,Hailun,2007,Leave_One_experiments\wth_generated_qc\HLA\HLA2007.WTH,normal_year;nitrogen_stress_year;low_response_year,normal,HLA2007_normal_grid_S0028,low_input_within_10pct_yield,2007-09-01,244,125,120,"{""sim_day"": 125.0, ""doy"": 244.0, ""topwt"": 15805.364990234377, ""grnwt"": 3958.751220703125, ""xlai"": 3.189995527267456, ""totir"": 0.0, ""tofer"": NaN, ""swfac"": 0.0, ""nstres"": 0.13319993019104}",0.0,0.13319993019104,15805.364990234377,3958.751220703125,3.189995527267456,0.0,,0.0,0.0,0.0,180.0,25.818676757812497,25.818676757812497,Leave_One_experiments/all_year_offline_schedule_search/daily_outputs/HLA/HLA_2007_HLA2007_normal_grid_S0028_daily.csv
HLA,HLA,Hailun,2007,Leave_One_experiments\wth_generated_qc\HLA\HLA2007.WTH,normal_year;nitrogen_stress_year;low_response_year,normal,HLA2007_normal_grid_S0028,low_input_within_10pct_yield,2007-09-02,245,126,121,"{""sim_day"": 126.0, ""doy"": 245.0, ""topwt"": 15936.52587890625, ""grnwt"": 4089.912414550781, ""xlai"": 3.131735324859619, ""totir"": 0.0, ""tofer"": NaN, ""swfac"": 0.0, ""nstres"": 0.1461081504821777}",0.0,0.1461081504821777,15936.52587890625,4089.912414550781,3.131735324859619,0.0,,0.0,0.0,0.0,180.0,25.818676757812497,25.818676757812497,Leave_One_experiments/all_year_offline_schedule_search/daily_outputs/HLA/HLA_2007_HLA2007_normal_grid_S0028_daily.csv
HLA,HLA,Hailun,2007,Leave_One_experiments\wth_generated_qc\HLA\HLA2007.WTH,normal_year;nitrogen_stress_year;low_response_year,normal,HLA2007_normal_grid_S0028,low_input_within_10pct_yield,2007-09-03,246,127,122,"{""sim_day"": 127.0, ""doy"": 246.0, ""topwt"": 16094.90966796875, ""grnwt"": 4248.295593261719, ""xlai"": 3.071319341659546, ""totir"": 0.0, ""tofer"": NaN, ""swfac"": 0.0, ""nstres"": 0.154331624507904}",0.0,0.154331624507904,16094.90966796875,4248.295593261719,3.071319341659546,0.0,,0.0,0.0,0.0,180.0,25.818676757812497,25.818676757812497,Leave_One_experiments/all_year_offline_schedule_search/daily_outputs/HLA/HLA_2007_HLA2007_normal_grid_S0028_daily.csv
HLA,HLA,Hailun,2007,Leave_One_experiments\wth_generated_qc\HLA\HLA2007.WTH,normal_year;nitrogen_stress_year;low_response_year,normal,HLA2007_normal_grid_S0028,low_input_within_10pct_yield,2007-09-04,247,128,123,"{""sim_day"": 128.0, ""doy"": 247.0, ""topwt"": 16268.1396484375, ""grnwt"": 4421.527099609375, ""xlai"": 3.008286237716675, ""totir"": 0.0, ""tofer"": NaN, ""swfac"": 0.0, ""nstres"": 0.1641851067543029}",0.0,0.1641851067543029,16268.1396484375,4421.527099609375,3.008286237716675,0.0,,0.0,0.0,0.0,180.0,25.818676757812497,25.818676757812497,Leave_One_experiments/all_year_offline_schedule_search/daily_outputs/HLA/HLA_2007_HLA2007_normal_grid_S0028_daily.csv
HLA,HLA,Hailun,2007,Leave_One_experiments\wth_generated_qc\HLA\HLA2007.WTH,normal_year;nitrogen_stress_year;low_response_year,normal,HLA2007_normal_grid_S0028,low_input_within_10pct_yield,2007-09-05,248,129,124,"{""sim_day"": 129.0, ""doy"": 248.0, ""topwt"": 16441.3720703125, ""grnwt"": 4594.758605957031, ""xlai"": 2.942737340927124, ""totir"": 0.0, ""tofer"": NaN, ""swfac"": 0.0, ""nstres"": 0.1743155121803283}",0.0,0.1743155121803283,16441.3720703125,4594.758605957031,2.942737340927124,0.0,,0.0,0.0,0.0,180.0,25.818676757812497,25.818676757812497,Leave_One_experiments/all_year_offline_schedule_search/daily_outputs/HLA/HLA_2007_HLA2007_normal_grid_S0028_daily.csv
HLA,HLA,Hailun,2007,Leave_One_experiments\wth_generated_qc\HLA\HLA2007.WTH,normal_year;nitrogen_stress_year;low_response_year,normal,HLA2007_normal_grid_S0028,low_input_within_10pct_yield,2007-09-06,249,130,125,"{""sim_day"": 130.0, ""doy"": 249.0, ""topwt"": 16614.60205078125, ""grnwt"": 4767.990112304688, ""xlai"": 2.8749115467071533, ""totir"": 0.0, ""tofer"": NaN, ""swfac"": 0.0, ""nstres"": 0.1843891143798828}",0.0,0.1843891143798828,16614.60205078125,4767.990112304688,2.8749115467071533,0.0,,0.0,0.0,0.0,180.0,25.818676757812497,25.818676757812497,Leave_One_experiments/all_year_offline_schedule_search/daily_outputs/HLA/HLA_2007_HLA2007_normal_grid_S0028_daily.csv
HLA,HLA,Hailun,2007,Leave_One_experiments\wth_generated_qc\HLA\HLA2007.WTH,normal_year;nitrogen_stress_year;low_response_year,normal,HLA2007_normal_grid_S0028,low_input_within_10pct_yield,2007-09-07,250,131,126,"{""sim_day"": 131.0, ""doy"": 250.0, ""topwt"": 16681.83837890625, ""grnwt"": 4934.6221923828125, ""xlai"": 2.804373979568481, ""totir"": 0.0, ""tofer"": NaN, ""swfac"": 0.0, ""nstres"": 0.1962836384773254}",0.0,0.1962836384773254,16681.83837890625,4934.6221923828125,2.804373979568481,0.0,,0.0,0.0,0.0,180.0,25.818676757812497,25.818676757812497,Leave_One_experiments/all_year_offline_schedule_search/daily_outputs/HLA/HLA_2007_HLA2007_normal_grid_S0028_daily.csv
HLA,HLA,Hailun,2007,Leave_One_experiments\wth_generated_qc\HLA\HLA2007.WTH,normal_year;nitrogen_stress_year;low_response_year,normal,HLA2007_normal_grid_S0028,low_input_within_10pct_yield,2007-09-08,251,132,127,"{""sim_day"": 132.0, ""doy"": 251.0, ""topwt"": 16851.624755859375, ""grnwt"": 5102.0794677734375, ""xlai"": 2.731627941131592, ""totir"": 0.0, ""tofer"": NaN, ""swfac"": 0.0, ""nstres"": 0.2225644588470459}",0.0,0.2225644588470459,16851.624755859375,5102.0794677734375,2.731627941131592,0.0,,0.0,0.0,0.0,180.0,25.818676757812497,25.818676757812497,Leave_One_experiments/all_year_offline_schedule_search/daily_outputs/HLA/HLA_2007_HLA2007_normal_grid_S0028_daily.csv
HLA,HLA,Hailun,2007,Leave_One_experiments\wth_generated_qc\HLA\HLA2007.WTH,normal_year;nitrogen_stress_year;low_response_year,normal,HLA2007_normal_grid_S0028,low_input_within_10pct_yield,2007-09-09,252,133,128,"{""sim_day"": 133.0, ""doy"": 252.0, ""topwt"": 17003.533935546875, ""grnwt"": 5251.388549804688, ""xlai"": 2.6588776111602783, ""totir"": 0.0, ""tofer"": NaN, ""swfac"": 0.0, ""nstres"": 0.2391838431358337}",0.0,0.2391838431358337,17003.533935546875,5251.388549804688,2.6588776111602783,0.0,,0.0,0.0,0.0,180.0,25.818676757812497,25.818676757812497,Leave_One_experiments/all_year_offline_schedule_search/daily_outputs/HLA/HLA_2007_HLA2007_normal_grid_S0028_daily.csv
HLA,HLA,Hailun,2007,Leave_One_experiments\wth_generated_qc\HLA\HLA2007.WTH,normal_year;nitrogen_stress_year;low_response_year,normal,HLA2007_normal_grid_S0028,low_input_within_10pct_yield,2007-09-10,253,134,129,"{""sim_day"": 134.0, ""doy"": 253.0, ""topwt"": 17135.1171875, ""grnwt"": 5424.620361328125, ""xlai"": 2.584975481033325, ""totir"": 0.0, ""tofer"": NaN, ""swfac"": 0.0, ""nstres"": 0.2670667171478271}",0.0,0.2670667171478271,17135.1171875,5424.620361328125,2.584975481033325,0.0,,0.0,0.0,0.0,180.0,25.818676757812497,25.818676757812497,Leave_One_experiments/all_year_offline_schedule_search/daily_outputs/HLA/HLA_2007_HLA2007_normal_grid_S0028_daily.csv
HLA,HLA,Hailun,2007,Leave_One_experiments\wth_generated_qc\HLA\HLA2007.WTH,normal_year;nitrogen_stress_year;low_response_year,normal,HLA2007_normal_grid_S0028,low_input_within_10pct_yield,2007-09-11,254,135,130,"{""sim_day"": 135.0, ""doy"": 254.0, ""topwt"": 17301.983642578125, ""grnwt"": 5597.8515625, ""xlai"": 2.5094213485717773, ""totir"": 0.0, ""tofer"": NaN, ""swfac"": 0.0, ""nstres"": 0.3014752864837646}",0.0,0.3014752864837646,17301.983642578125,5597.8515625,2.5094213485717773,0.0,,0.0,0.0,0.0,180.0,25.818676757812497,25.818676757812497,Leave_One_experiments/all_year_offline_schedule_search/daily_outputs/HLA/HLA_2007_HLA2007_normal_grid_S0028_daily.csv
HLA,HLA,Hailun,2007,Leave_One_experiments\wth_generated_qc\HLA\HLA2007.WTH,normal_year;nitrogen_stress_year;low_response_year,normal,HLA2007_normal_grid_S0028,low_input_within_10pct_yield,2007-09-12,255,136,131,"{""sim_day"": 136.0, ""doy"": 255.0, ""topwt"": 17462.291259765625, ""grnwt"": 5771.082763671875, ""xlai"": 2.433411836624145, ""totir"": 0.0, ""tofer"": NaN, ""swfac"": 0.0, ""nstres"": 0.3269523382186889}",0.0,0.3269523382186889,17462.291259765625,5771.082763671875,2.433411836624145,0.0,,0.0,0.0,0.0,180.0,25.818676757812497,25.818676757812497,Leave_One_experiments/all_year_offline_schedule_search/daily_outputs/HLA/HLA_2007_HLA2007_normal_grid_S0028_daily.csv
HLA,HLA,Hailun,2007,Leave_One_experiments\wth_generated_qc\HLA\HLA2007.WTH,normal_year;nitrogen_stress_year;low_response_year,normal,HLA2007_normal_grid_S0028,low_input_within_10pct_yield,2007-09-13,256,137,132,"{""sim_day"": 137.0, ""doy"": 256.0, ""topwt"": 17604.44580078125, ""grnwt"": 5944.3145751953125, ""xlai"": 2.3565447330474854, ""totir"": 0.0, ""tofer"": NaN, ""swfac"": 0.0, ""nstres"": 0.3581166267395019}",0.0,0.3581166267395019,17604.44580078125,5944.3145751953125,2.3565447330474854,0.0,,0.0,0.0,0.0,180.0,25.818676757812497,25.818676757812497,Leave_One_experiments/all_year_offline_schedule_search/daily_outputs/HLA/HLA_2007_HLA2007_normal_grid_S0028_daily.csv
HLA,HLA,Hailun,2007,Leave_One_experiments\wth_generated_qc\HLA\HLA2007.WTH,normal_year;nitrogen_stress_year;low_response_year,normal,HLA2007_normal_grid_S0028,low_input_within_10pct_yield,2007-09-14,257,138,133,"{""sim_day"": 138.0, ""doy"": 257.0, ""topwt"": 17640.357666015625, ""grnwt"": 6117.54638671875, ""xlai"": 2.2788009643554688, ""totir"": 0.0, ""tofer"": NaN, ""swfac"": 0.0, ""nstres"": 0.3917733430862427}",0.0,0.3917733430862427,17640.357666015625,6117.54638671875,2.2788009643554688,0.0,,0.0,0.0,0.0,180.0,25.818676757812497,25.818676757812497,Leave_One_experiments/all_year_offline_schedule_search/daily_outputs/HLA/HLA_2007_HLA2007_normal_grid_S0028_daily.csv
HLA,HLA,Hailun,2007,Leave_One_experiments\wth_generated_qc\HLA\HLA2007.WTH,normal_year;nitrogen_stress_year;low_response_year,normal,HLA2007_normal_grid_S0028,low_input_within_10pct_yield,2007-09-15,258,139,134,"{""sim_day"": 139.0, ""doy"": 258.0, ""topwt"": 17711.878662109375, ""grnwt"": 6290.777587890625, ""xlai"": 2.200899600982666, ""totir"": 0.0, ""tofer"": NaN, ""swfac"": 0.0, ""nstres"": 0.4204464554786682}",0.0,0.4204464554786682,17711.878662109375,6290.777587890625,2.200899600982666,0.0,,0.0,0.0,0.0,180.0,25.818676757812497,25.818676757812497,Leave_One_experiments/all_year_offline_schedule_search/daily_outputs/HLA/HLA_2007_HLA2007_normal_grid_S0028_daily.csv
HLA,HLA,Hailun,2007,Leave_One_experiments\wth_generated_qc\HLA\HLA2007.WTH,normal_year;nitrogen_stress_year;low_response_year,normal,HLA2007_normal_grid_S0028,low_input_within_10pct_yield,2007-09-16,259,140,135,"{""sim_day"": 140.0, ""doy"": 259.0, ""topwt"": 17854.185791015625, ""grnwt"": 6464.0087890625, ""xlai"": 2.1250431537628174, ""totir"": 0.0, ""tofer"": NaN, ""swfac"": 0.0, ""nstres"": 0.4271873831748962}",0.0,0.4271873831748962,17854.185791015625,6464.0087890625,2.1250431537628174,0.0,,0.0,0.0,0.0,180.0,25.818676757812497,25.818676757812497,Leave_One_experiments/all_year_offline_schedule_search/daily_outputs/HLA/HLA_2007_HLA2007_normal_grid_S0028_daily.csv
HLA,HLA,Hailun,2007,Leave_One_experiments\wth_generated_qc\HLA\HLA2007.WTH,normal_year;nitrogen_stress_year;low_response_year,normal,HLA2007_normal_grid_S0028,low_input_within_10pct_yield,2007-09-17,260,141,136,"{""sim_day"": 141.0, ""doy"": 260.0, ""topwt"": 17963.775634765625, ""grnwt"": 6637.2406005859375, ""xlai"": 2.02618145942688, ""totir"": 0.0, ""tofer"": NaN, ""swfac"": 0.0, ""nstres"": 0.4423326253890991}",0.0,0.4423326253890991,17963.775634765625,6637.2406005859375,2.02618145942688,0.0,,0.0,0.0,0.0,180.0,25.818676757812497,25.818676757812497,Leave_One_experiments/all_year_offline_schedule_search/daily_outputs/HLA/HLA_2007_HLA2007_normal_grid_S0028_daily.csv
HLA,HLA,Hailun,2007,Leave_One_experiments\wth_generated_qc\HLA\HLA2007.WTH,normal_year;nitrogen_stress_year;low_response_year,normal,HLA2007_normal_grid_S0028,low_input_within_10pct_yield,2007-09-18,261,142,137,"{""sim_day"": 142.0, ""doy"": 261.0, ""topwt"": 18120.25756835937, ""grnwt"": 6792.32421875, ""xlai"": 1.9521564245224, ""totir"": 0.0, ""tofer"": NaN, ""swfac"": 0.0, ""nstres"": 0.4768201112747192}",0.0,0.4768201112747192,18120.25756835937,6792.32421875,1.9521564245224,0.0,,0.0,0.0,0.0,180.0,25.818676757812497,25.818676757812497,Leave_One_experiments/all_year_offline_schedule_search/daily_outputs/HLA/HLA_2007_HLA2007_normal_grid_S0028_daily.csv
HLA,HLA,Hailun,2007,Leave_One_experiments\wth_generated_qc\HLA\HLA2007.WTH,normal_year;nitrogen_stress_year;low_response_year,normal,HLA2007_normal_grid_S0028,low_input_within_10pct_yield,2007-09-19,262,143,138,"{""sim_day"": 143.0, ""doy"": 262.0, ""topwt"": 18230.91064453125, ""grnwt"": 6892.138671875, ""xlai"": 1.7645542621612549, ""totir"": 0.0, ""tofer"": NaN, ""swfac"": 0.0, ""nstres"": 0.5016831159591675}",0.0,0.5016831159591675,18230.91064453125,6892.138671875,1.7645542621612549,0.0,,0.0,0.0,0.0,180.0,25.818676757812497,25.818676757812497,Leave_One_experiments/all_year_offline_schedule_search/daily_outputs/HLA/HLA_2007_HLA2007_normal_grid_S0028_daily.csv
HLA,HLA,Hailun,2007,Leave_One_experiments\wth_generated_qc\HLA\HLA2007.WTH,normal_year;nitrogen_stress_year;low_response_year,normal,HLA2007_normal_grid_S0028,low_input_within_10pct_yield,2007-09-20,263,144,139,"{""sim_day"": 144.0, ""doy"": 263.0, ""topwt"": 18361.500244140625, ""grnwt"": 7022.474365234375, ""xlai"": 1.6965938806533811, ""totir"": 0.0, ""tofer"": NaN, ""swfac"": 0.0, ""nstres"": 0.5243379473686218}",0.0,0.5243379473686218,18361.500244140625,7022.474365234375,1.6965938806533811,0.0,,0.0,0.0,0.0,180.0,25.818676757812497,25.818676757812497,Leave_One_experiments/all_year_offline_schedule_search/daily_outputs/HLA/HLA_2007_HLA2007_normal_grid_S0028_daily.csv
HLA,HLA,Hailun,2007,Leave_One_experiments\wth_generated_qc\HLA\HLA2007.WTH,normal_year;nitrogen_stress_year;low_response_year,normal,HLA2007_normal_grid_S0028,low_input_within_10pct_yield,2007-09-21,264,145,140,"{""sim_day"": 145.0, ""doy"": 264.0, ""topwt"": 18449.82177734375, ""grnwt"": 7081.86767578125, ""xlai"": 1.2724454402923584, ""totir"": 0.0, ""tofer"": NaN, ""swfac"": 0.0, ""nstres"": 0.5578159689903259}",0.0,0.5578159689903259,18449.82177734375,7081.86767578125,1.2724454402923584,0.0,,0.0,0.0,0.0,180.0,25.818676757812497,25.818676757812497,Leave_One_experiments/all_year_offline_schedule_search/daily_outputs/HLA/HLA_2007_HLA2007_normal_grid_S0028_daily.csv
HLA,HLA,Hailun,2007,Leave_One_experiments\wth_generated_qc\HLA\HLA2007.WTH,normal_year;nitrogen_stress_year;low_response_year,normal,HLA2007_normal_grid_S0028,low_input_within_10pct_yield,2007-09-22,265,146,141,"{""sim_day"": 146.0, ""doy"": 265.0, ""topwt"": 18449.82177734375, ""grnwt"": 7081.86767578125, ""xlai"": 1.2724454402923584, ""totir"": 0.0, ""tofer"": NaN, ""swfac"": 0.0, ""nstres"": 0.5692119896411896}",0.0,0.5692119896411896,18449.82177734375,7081.86767578125,1.2724454402923584,0.0,,0.0,0.0,0.0,180.0,25.818676757812497,25.818676757812497,Leave_One_experiments/all_year_offline_schedule_search/daily_outputs/HLA/HLA_2007_HLA2007_normal_grid_S0028_daily.csv
HLA,HLA,Hailun,2007,Leave_One_experiments\wth_generated_qc\HLA\HLA2007.WTH,normal_year;nitrogen_stress_year;low_response_year,normal,HLA2007_normal_grid_S0028,low_input_within_10pct_yield,2007-09-23,266,147,142,"{""sim_day"": 147.0, ""doy"": 266.0, ""topwt"": 18449.82177734375, ""grnwt"": 7081.86767578125, ""xlai"": 1.2724454402923584, ""totir"": 0.0, ""tofer"": NaN, ""swfac"": 0.0, ""nstres"": 0.5692119896411896}",0.0,0.5692119896411896,18449.82177734375,7081.86767578125,1.2724454402923584,0.0,,0.0,0.0,0.0,180.0,25.818676757812497,25.818676757812497,Leave_One_experiments/all_year_offline_schedule_search/daily_outputs/HLA/HLA_2007_HLA2007_normal_grid_S0028_daily.csv
HLA,HLA,Hailun,2007,Leave_One_experiments\wth_generated_qc\HLA\HLA2007.WTH,normal_year;nitrogen_stress_year;low_response_year,normal,HLA2007_normal_grid_S0028,low_input_within_10pct_yield,2007-09-24,267,148,143,"{""sim_day"": 148.0, ""doy"": 267.0, ""topwt"": 18449.82177734375, ""grnwt"": 7081.86767578125, ""xlai"": 1.2724454402923584, ""totir"": 0.0, ""tofer"": NaN, ""swfac"": 0.0, ""nstres"": 0.5692119896411896}",0.0,0.5692119896411896,18449.82177734375,7081.86767578125,1.2724454402923584,0.0,,0.0,0.0,0.0,180.0,25.818676757812497,25.818676757812497,Leave_One_experiments/all_year_offline_schedule_search/daily_outputs/HLA/HLA_2007_HLA2007_normal_grid_S0028_daily.csv
HLA,HLA,Hailun,2007,Leave_One_experiments\wth_generated_qc\HLA\HLA2007.WTH,normal_year;nitrogen_stress_year;low_response_year,normal,HLA2007_normal_grid_S0028,low_input_within_10pct_yield,2007-09-25,268,149,144,"{""sim_day"": 149.0, ""doy"": 268.0, ""topwt"": 18449.82177734375, ""grnwt"": 7081.86767578125, ""xlai"": 1.2724454402923584, ""totir"": 0.0, ""tofer"": NaN, ""swfac"": 0.0, ""nstres"": 0.5692119896411896}",0.0,0.5692119896411896,18449.82177734375,7081.86767578125,1.2724454402923584,0.0,,0.0,0.0,0.0,180.0,25.818676757812497,25.818676757812497,Leave_One_experiments/all_year_offline_schedule_search/daily_outputs/HLA/HLA_2007_HLA2007_normal_grid_S0028_daily.csv
HLA,HLA,Hailun,2007,Leave_One_experiments\wth_generated_qc\HLA\HLA2007.WTH,normal_year;nitrogen_stress_year;low_response_year,normal,HLA2007_normal_grid_S0019,pareto_balanced,2007-05-05,125,1,1,"{""sim_day"": 1.0, ""doy"": 125.0, ""topwt"": 0.0, ""grnwt"": 0.0, ""xlai"": 0.0, ""totir"": 0.0, ""tofer"": NaN, ""swfac"": 0.0, ""nstres"": 0.0}",0.0,0.0,0.0,0.0,0.0,0.0,,0.0,75.0,0.0,225.0,16.644256591796875,16.644256591796875,Leave_One_experiments/all_year_offline_schedule_search/daily_outputs/HLA/HLA_2007_HLA2007_normal_grid_S0019_daily.csv
HLA,HLA,Hailun,2007,Leave_One_experiments\wth_generated_qc\HLA\HLA2007.WTH,normal_year;nitrogen_stress_year;low_response_year,normal,HLA2007_normal_grid_S0019,pareto_balanced,2007-05-06,126,2,2,"{""sim_day"": 2.0, ""doy"": 126.0, ""topwt"": 0.0, ""grnwt"": 0.0, ""xlai"": 0.0, ""totir"": 0.0, ""tofer"": NaN, ""swfac"": 0.0, ""nstres"": 0.0}",0.0,0.0,0.0,0.0,0.0,0.0,,0.0,0.0,0.0,225.0,16.644256591796875,16.644256591796875,Leave_One_experiments/all_year_offline_schedule_search/daily_outputs/HLA/HLA_2007_HLA2007_normal_grid_S0019_daily.csv
HLA,HLA,Hailun,2007,Leave_One_experiments\wth_generated_qc\HLA\HLA2007.WTH,normal_year;nitrogen_stress_year;low_response_year,normal,HLA2007_normal_grid_S0019,pareto_balanced,2007-05-07,127,3,3,"{""sim_day"": 3.0, ""doy"": 127.0, ""topwt"": 0.0, ""grnwt"": 0.0, ""xlai"": 0.0, ""totir"": 0.0, ""tofer"": NaN, ""swfac"": 0.0, ""nstres"": 0.0}",0.0,0.0,0.0,0.0,0.0,0.0,,0.0,0.0,0.0,225.0,16.644256591796875,16.644256591796875,Leave_One_experiments/all_year_offline_schedule_search/daily_outputs/HLA/HLA_2007_HLA2007_normal_grid_S0019_daily.csv
HLA,HLA,Hailun,2007,Leave_One_experiments\wth_generated_qc\HLA\HLA2007.WTH,normal_year;nitrogen_stress_year;low_response_year,normal,HLA2007_normal_grid_S0019,pareto_balanced,2007-05-08,128,4,4,"{""sim_day"": 4.0, ""doy"": 128.0, ""topwt"": 0.0, ""grnwt"": 0.0, ""xlai"": 0.0, ""totir"": 0.0, ""tofer"": NaN, ""swfac"": 0.0, ""nstres"": 0.0}",0.0,0.0,0.0,0.0,0.0,0.0,,0.0,0.0,0.0,225.0,16.644256591796875,16.644256591796875,Leave_One_experiments/all_year_offline_schedule_search/daily_outputs/HLA/HLA_2007_HLA2007_normal_grid_S0019_daily.csv
HLA,HLA,Hailun,2007,Leave_One_experiments\wth_generated_qc\HLA\HLA2007.WTH,normal_year;nitrogen_stress_year;low_response_year,normal,HLA2007_normal_grid_S0019,pareto_balanced,2007-05-09,129,5,5,"{""sim_day"": 5.0, ""doy"": 129.0, ""topwt"": 0.0, ""grnwt"": 0.0, ""xlai"": 0.0, ""totir"": 0.0, ""tofer"": NaN, ""swfac"": 0.0, ""nstres"": 0.0}",0.0,0.0,0.0,0.0,0.0,0.0,,0.0,0.0,0.0,225.0,16.644256591796875,16.644256591796875,Leave_One_experiments/all_year_offline_schedule_search/daily_outputs/HLA/HLA_2007_HLA2007_normal_grid_S0019_daily.csv
HLA,HLA,Hailun,2007,Leave_One_experiments\wth_generated_qc\HLA\HLA2007.WTH,normal_year;nitrogen_stress_year;low_response_year,normal,HLA2007_normal_grid_S0019,pareto_balanced,2007-05-05,125,6,1,"{""sim_day"": 6.0, ""doy"": 125.0, ""topwt"": 0.0, ""grnwt"": 0.0, ""xlai"": 0.0, ""totir"": 0.0, ""tofer"": NaN, ""swfac"": 0.0, ""nstres"": 0.0}",0.0,0.0,0.0,0.0,0.0,0.0,,0.0,0.0,0.0,225.0,16.644256591796875,16.644256591796875,Leave_One_experiments/all_year_offline_schedule_search/daily_outputs/HLA/HLA_2007_HLA2007_normal_grid_S0019_daily.csv
HLA,HLA,Hailun,2007,Leave_One_experiments\wth_generated_qc\HLA\HLA2007.WTH,normal_year;nitrogen_stress_year;low_response_year,normal,HLA2007_normal_grid_S0019,pareto_balanced,2007-05-06,126,7,2,"{""sim_day"": 7.0, ""doy"": 126.0, ""topwt"": 0.0, ""grnwt"": 0.0, ""xlai"": 0.0, ""totir"": 0.0, ""tofer"": NaN, ""swfac"": 0.0, ""nstres"": 0.0}",0.0,0.0,0.0,0.0,0.0,0.0,,0.0,0.0,0.0,225.0,16.644256591796875,16.644256591796875,Leave_One_experiments/all_year_offline_schedule_search/daily_outputs/HLA/HLA_2007_HLA2007_normal_grid_S0019_daily.csv
HLA,HLA,Hailun,2007,Leave_One_experiments\wth_generated_qc\HLA\HLA2007.WTH,normal_year;nitrogen_stress_year;low_response_year,normal,HLA2007_normal_grid_S0019,pareto_balanced,2007-05-07,127,8,3,"{""sim_day"": 8.0, ""doy"": 127.0, ""topwt"": 0.0, ""grnwt"": 0.0, ""xlai"": 0.0, ""totir"": 0.0, ""tofer"": NaN, ""swfac"": 0.0, ""nstres"": 0.0}",0.0,0.0,0.0,0.0,0.0,0.0,,0.0,0.0,0.0,225.0,16.644256591796875,16.644256591796875,Leave_One_experiments/all_year_offline_schedule_search/daily_outputs/HLA/HLA_2007_HLA2007_normal_grid_S0019_daily.csv
HLA,HLA,Hailun,2007,Leave_One_experiments\wth_generated_qc\HLA\HLA2007.WTH,normal_year;nitrogen_stress_year;low_response_year,normal,HLA2007_normal_grid_S0019,pareto_balanced,2007-05-08,128,9,4,"{""sim_day"": 9.0, ""doy"": 128.0, ""topwt"": 0.0, ""grnwt"": 0.0, ""xlai"": 0.0, ""totir"": 0.0, ""tofer"": NaN, ""swfac"": 0.0, ""nstres"": 0.0}",0.0,0.0,0.0,0.0,0.0,0.0,,0.0,0.0,0.0,225.0,16.644256591796875,16.644256591796875,Leave_One_experiments/all_year_offline_schedule_search/daily_outputs/HLA/HLA_2007_HLA2007_normal_grid_S0019_daily.csv
HLA,HLA,Hailun,2007,Leave_One_experiments\wth_generated_qc\HLA\HLA2007.WTH,normal_year;nitrogen_stress_year;low_response_year,normal,HLA2007_normal_grid_S0019,pareto_balanced,2007-05-09,129,10,5,"{""sim_day"": 10.0, ""doy"": 129.0, ""topwt"": 0.0, ""grnwt"": 0.0, ""xlai"": 0.0, ""totir"": 0.0, ""tofer"": NaN, ""swfac"": 0.0, ""nstres"": 0.0}",0.0,0.0,0.0,0.0,0.0,0.0,,0.0,0.0,0.0,225.0,16.644256591796875,16.644256591796875,Leave_One_experiments/all_year_offline_schedule_search/daily_outputs/HLA/HLA_2007_HLA2007_normal_grid_S0019_daily.csv
HLA,HLA,Hailun,2007,Leave_One_experiments\wth_generated_qc\HLA\HLA2007.WTH,normal_year;nitrogen_stress_year;low_response_year,normal,HLA2007_normal_grid_S0019,pareto_balanced,2007-05-10,130,11,6,"{""sim_day"": 11.0, ""doy"": 130.0, ""topwt"": 0.0, ""grnwt"": 0.0, ""xlai"": 0.0, ""totir"": 0.0, ""tofer"": NaN, ""swfac"": 0.0, ""nstres"": 0.0}",0.0,0.0,0.0,0.0,0.0,0.0,,0.0,0.0,0.0,225.0,16.644256591796875,16.644256591796875,Leave_One_experiments/all_year_offline_schedule_search/daily_outputs/HLA/HLA_2007_HLA2007_normal_grid_S0019_daily.csv
HLA,HLA,Hailun,2007,Leave_One_experiments\wth_generated_qc\HLA\HLA2007.WTH,normal_year;nitrogen_stress_year;low_response_year,normal,HLA2007_normal_grid_S0019,pareto_balanced,2007-05-11,131,12,7,"{""sim_day"": 12.0, ""doy"": 131.0, ""topwt"": 0.0, ""grnwt"": 0.0, ""xlai"": 0.0, ""totir"": 0.0, ""tofer"": NaN, ""swfac"": 0.0, ""nstres"": 0.0}",0.0,0.0,0.0,0.0,0.0,0.0,,0.0,0.0,0.0,225.0,16.644256591796875,16.644256591796875,Leave_One_experiments/all_year_offline_schedule_search/daily_outputs/HLA/HLA_2007_HLA2007_normal_grid_S0019_daily.csv
HLA,HLA,Hailun,2007,Leave_One_experiments\wth_generated_qc\HLA\HLA2007.WTH,normal_year;nitrogen_stress_year;low_response_year,normal,HLA2007_normal_grid_S0019,pareto_balanced,2007-05-12,132,13,8,"{""sim_day"": 13.0, ""doy"": 132.0, ""topwt"": 0.0, ""grnwt"": 0.0, ""xlai"": 0.0, ""totir"": 0.0, ""tofer"": NaN, ""swfac"": 0.0, ""nstres"": 0.0}",0.0,0.0,0.0,0.0,0.0,0.0,,0.0,0.0,0.0,225.0,16.644256591796875,16.644256591796875,Leave_One_experiments/all_year_offline_schedule_search/daily_outputs/HLA/HLA_2007_HLA2007_normal_grid_S0019_daily.csv
HLA,HLA,Hailun,2007,Leave_One_experiments\wth_generated_qc\HLA\HLA2007.WTH,normal_year;nitrogen_stress_year;low_response_year,normal,HLA2007_normal_grid_S0019,pareto_balanced,2007-05-13,133,14,9,"{""sim_day"": 14.0, ""doy"": 133.0, ""topwt"": 0.0, ""grnwt"": 0.0, ""xlai"": 0.0, ""totir"": 0.0, ""tofer"": NaN, ""swfac"": 0.0, ""nstres"": 0.0}",0.0,0.0,0.0,0.0,0.0,0.0,,0.0,0.0,0.0,225.0,16.644256591796875,16.644256591796875,Leave_One_experiments/all_year_offline_schedule_search/daily_outputs/HLA/HLA_2007_HLA2007_normal_grid_S0019_daily.csv
HLA,HLA,Hailun,2007,Leave_One_experiments\wth_generated_qc\HLA\HLA2007.WTH,normal_year;nitrogen_stress_year;low_response_year,normal,HLA2007_normal_grid_S0019,pareto_balanced,2007-05-14,134,15,10,"{""sim_day"": 15.0, ""doy"": 134.0, ""topwt"": 0.0, ""grnwt"": 0.0, ""xlai"": 0.0, ""totir"": 0.0, ""tofer"": NaN, ""swfac"": 0.0, ""nstres"": 0.0}",0.0,0.0,0.0,0.0,0.0,0.0,,0.0,0.0,0.0,225.0,16.644256591796875,16.644256591796875,Leave_One_experiments/all_year_offline_schedule_search/daily_outputs/HLA/HLA_2007_HLA2007_normal_grid_S0019_daily.csv
HLA,HLA,Hailun,2007,Leave_One_experiments\wth_generated_qc\HLA\HLA2007.WTH,normal_year;nitrogen_stress_year;low_response_year,normal,HLA2007_normal_grid_S0019,pareto_balanced,2007-05-15,135,16,11,"{""sim_day"": 16.0, ""doy"": 135.0, ""topwt"": 0.0, ""grnwt"": 0.0, ""xlai"": 0.0, ""totir"": 0.0, ""tofer"": NaN, ""swfac"": 0.0, ""nstres"": 0.0}",0.0,0.0,0.0,0.0,0.0,0.0,,0.0,0.0,0.0,225.0,16.644256591796875,16.644256591796875,Leave_One_experiments/all_year_offline_schedule_search/daily_outputs/HLA/HLA_2007_HLA2007_normal_grid_S0019_daily.csv
HLA,HLA,Hailun,2007,Leave_One_experiments\wth_generated_qc\HLA\HLA2007.WTH,normal_year;nitrogen_stress_year;low_response_year,normal,HLA2007_normal_grid_S0019,pareto_balanced,2007-05-16,136,17,12,"{""sim_day"": 17.0, ""doy"": 136.0, ""topwt"": 0.0, ""grnwt"": 0.0, ""xlai"": 0.0, ""totir"": 0.0, ""tofer"": NaN, ""swfac"": 0.0, ""nstres"": 0.0}",0.0,0.0,0.0,0.0,0.0,0.0,,0.0,0.0,0.0,225.0,16.644256591796875,16.644256591796875,Leave_One_experiments/all_year_offline_schedule_search/daily_outputs/HLA/HLA_2007_HLA2007_normal_grid_S0019_daily.csv
HLA,HLA,Hailun,2007,Leave_One_experiments\wth_generated_qc\HLA\HLA2007.WTH,normal_year;nitrogen_stress_year;low_response_year,normal,HLA2007_normal_grid_S0019,pareto_balanced,2007-05-17,137,18,13,"{""sim_day"": 18.0, ""doy"": 137.0, ""topwt"": 0.0, ""grnwt"": 0.0, ""xlai"": 0.0, ""totir"": 0.0, ""tofer"": NaN, ""swfac"": 0.0, ""nstres"": 0.0}",0.0,0.0,0.0,0.0,0.0,0.0,,0.0,0.0,0.0,225.0,16.644256591796875,16.644256591796875,Leave_One_experiments/all_year_offline_schedule_search/daily_outputs/HLA/HLA_2007_HLA2007_normal_grid_S0019_daily.csv
HLA,HLA,Hailun,2007,Leave_One_experiments\wth_generated_qc\HLA\HLA2007.WTH,normal_year;nitrogen_stress_year;low_response_year,normal,HLA2007_normal_grid_S0019,pareto_balanced,2007-05-18,138,19,14,"{""sim_day"": 19.0, ""doy"": 138.0, ""topwt"": 0.0, ""grnwt"": 0.0, ""xlai"": 0.0, ""totir"": 0.0, ""tofer"": NaN, ""swfac"": 0.0, ""nstres"": 0.0}",0.0,0.0,0.0,0.0,0.0,0.0,,0.0,0.0,0.0,225.0,16.644256591796875,16.644256591796875,Leave_One_experiments/all_year_offline_schedule_search/daily_outputs/HLA/HLA_2007_HLA2007_normal_grid_S0019_daily.csv
HLA,HLA,Hailun,2007,Leave_One_experiments\wth_generated_qc\HLA\HLA2007.WTH,normal_year;nitrogen_stress_year;low_response_year,normal,HLA2007_normal_grid_S0019,pareto_balanced,2007-05-19,139,20,15,"{""sim_day"": 20.0, ""doy"": 139.0, ""topwt"": 0.0, ""grnwt"": 0.0, ""xlai"": 0.0, ""totir"": 0.0, ""tofer"": NaN, ""swfac"": 0.0, ""nstres"": 0.0}",0.0,0.0,0.0,0.0,0.0,0.0,,0.0,0.0,0.0,225.0,16.644256591796875,16.644256591796875,Leave_One_experiments/all_year_offline_schedule_search/daily_outputs/HLA/HLA_2007_HLA2007_normal_grid_S0019_daily.csv
HLA,HLA,Hailun,2007,Leave_One_experiments\wth_generated_qc\HLA\HLA2007.WTH,normal_year;nitrogen_stress_year;low_response_year,normal,HLA2007_normal_grid_S0019,pareto_balanced,2007-05-20,140,21,16,"{""sim_day"": 21.0, ""doy"": 140.0, ""topwt"": 0.0, ""grnwt"": 0.0, ""xlai"": 0.0, ""totir"": 0.0, ""tofer"": NaN, ""swfac"": 0.0, ""nstres"": 0.0}",0.0,0.0,0.0,0.0,0.0,0.0,,0.0,0.0,0.0,225.0,16.644256591796875,16.644256591796875,Leave_One_experiments/all_year_offline_schedule_search/daily_outputs/HLA/HLA_2007_HLA2007_normal_grid_S0019_daily.csv
HLA,HLA,Hailun,2007,Leave_One_experiments\wth_generated_qc\HLA\HLA2007.WTH,normal_year;nitrogen_stress_year;low_response_year,normal,HLA2007_normal_grid_S0019,pareto_balanced,2007-05-21,141,22,17,"{""sim_day"": 22.0, ""doy"": 141.0, ""topwt"": 20.0, ""grnwt"": 0.0, ""xlai"": 0.0018952720565721, ""totir"": 0.0, ""tofer"": NaN, ""swfac"": 0.0, ""nstres"": 0.0121910572052001}",0.0,0.0121910572052001,20.0,0.0,0.0018952720565721,0.0,,0.0,0.0,0.0,225.0,16.644256591796875,16.644256591796875,Leave_One_experiments/all_year_offline_schedule_search/daily_outputs/HLA/HLA_2007_HLA2007_normal_grid_S0019_daily.csv
HLA,HLA,Hailun,2007,Leave_One_experiments\wth_generated_qc\HLA\HLA2007.WTH,normal_year;nitrogen_stress_year;low_response_year,normal,HLA2007_normal_grid_S0019,pareto_balanced,2007-05-22,142,23,18,"{""sim_day"": 23.0, ""doy"": 142.0, ""topwt"": 20.0, ""grnwt"": 0.0, ""xlai"": 0.0034287653397768, ""totir"": 0.0, ""tofer"": NaN, ""swfac"": 0.0, ""nstres"": 0.0142695903778076}",0.0,0.0142695903778076,20.0,0.0,0.0034287653397768,0.0,,0.0,0.0,0.0,225.0,16.644256591796875,16.644256591796875,Leave_One_experiments/all_year_offline_schedule_search/daily_outputs/HLA/HLA_2007_HLA2007_normal_grid_S0019_daily.csv
HLA,HLA,Hailun,2007,Leave_One_experiments\wth_generated_qc\HLA\HLA2007.WTH,normal_year;nitrogen_stress_year;low_response_year,normal,HLA2007_normal_grid_S0019,pareto_balanced,2007-05-23,143,24,19,"{""sim_day"": 24.0, ""doy"": 143.0, ""topwt"": 20.0, ""grnwt"": 0.0, ""xlai"": 0.0039776228368282, ""totir"": 0.0, ""tofer"": NaN, ""swfac"": 0.0, ""nstres"": 0.0117426514625549}",0.0,0.0117426514625549,20.0,0.0,0.0039776228368282,0.0,,0.0,0.0,0.0,225.0,16.644256591796875,16.644256591796875,Leave_One_experiments/all_year_offline_schedule_search/daily_outputs/HLA/HLA_2007_HLA2007_normal_grid_S0019_daily.csv
HLA,HLA,Hailun,2007,Leave_One_experiments\wth_generated_qc\HLA\HLA2007.WTH,normal_year;nitrogen_stress_year;low_response_year,normal,HLA2007_normal_grid_S0019,pareto_balanced,2007-05-24,144,25,20,"{""sim_day"": 25.0, ""doy"": 144.0, ""topwt"": 20.0, ""grnwt"": 0.0, ""xlai"": 0.0044361157342791, ""totir"": 0.0, ""tofer"": NaN, ""swfac"": 0.0, ""nstres"": 0.009718894958496}",0.0,0.009718894958496,20.0,0.0,0.0044361157342791,0.0,,0.0,0.0,0.0,225.0,16.644256591796875,16.644256591796875,Leave_One_experiments/all_year_offline_schedule_search/daily_outputs/HLA/HLA_2007_HLA2007_normal_grid_S0019_daily.csv
HLA,HLA,Hailun,2007,Leave_One_experiments\wth_generated_qc\HLA\HLA2007.WTH,normal_year;nitrogen_stress_year;low_response_year,normal,HLA2007_normal_grid_S0019,pareto_balanced,2007-05-25,145,26,21,"{""sim_day"": 26.0, ""doy"": 145.0, ""topwt"": 20.0, ""grnwt"": 0.0, ""xlai"": 0.0048111993819475, ""totir"": 0.0, ""tofer"": NaN, ""swfac"": 0.0, ""nstres"": 0.0081039667129516}",0.0,0.0081039667129516,20.0,0.0,0.0048111993819475,0.0,,0.0,0.0,0.0,225.0,16.644256591796875,16.644256591796875,Leave_One_experiments/all_year_offline_schedule_search/daily_outputs/HLA/HLA_2007_HLA2007_normal_grid_S0019_daily.csv
HLA,HLA,Hailun,2007,Leave_One_experiments\wth_generated_qc\HLA\HLA2007.WTH,normal_year;nitrogen_stress_year;low_response_year,normal,HLA2007_normal_grid_S0019,pareto_balanced,2007-05-26,146,27,22,"{""sim_day"": 27.0, ""doy"": 146.0, ""topwt"": 20.0, ""grnwt"": 0.0, ""xlai"": 0.0054373745806515, ""totir"": 0.0, ""tofer"": NaN, ""swfac"": 0.0, ""nstres"": 0.0058013200759887}",0.0,0.0058013200759887,20.0,0.0,0.0054373745806515,0.0,,0.0,0.0,0.0,225.0,16.644256591796875,16.644256591796875,Leave_One_experiments/all_year_offline_schedule_search/daily_outputs/HLA/HLA_2007_HLA2007_normal_grid_S0019_daily.csv
HLA,HLA,Hailun,2007,Leave_One_experiments\wth_generated_qc\HLA\HLA2007.WTH,normal_year;nitrogen_stress_year;low_response_year,normal,HLA2007_normal_grid_S0019,pareto_balanced,2007-05-27,147,28,23,"{""sim_day"": 28.0, ""doy"": 147.0, ""topwt"": 20.0, ""grnwt"": 0.0, ""xlai"": 0.0064480756409466, ""totir"": 0.0, ""tofer"": NaN, ""swfac"": 0.0, ""nstres"": 0.003354012966156}",0.0,0.003354012966156,20.0,0.0,0.0064480756409466,0.0,,0.0,0.0,0.0,225.0,16.644256591796875,16.644256591796875,Leave_One_experiments/all_year_offline_schedule_search/daily_outputs/HLA/HLA_2007_HLA2007_normal_grid_S0019_daily.csv
HLA,HLA,Hailun,2007,Leave_One_experiments\wth_generated_qc\HLA\HLA2007.WTH,normal_year;nitrogen_stress_year;low_response_year,normal,HLA2007_normal_grid_S0019,pareto_balanced,2007-05-28,148,29,24,"{""sim_day"": 29.0, ""doy"": 148.0, ""topwt"": 20.0, ""grnwt"": 0.0, ""xlai"": 0.0082850446924567, ""totir"": 0.0, ""tofer"": NaN, ""swfac"": 0.0, ""nstres"": 0.0}",0.0,0.0,20.0,0.0,0.0082850446924567,0.0,,0.0,0.0,0.0,225.0,16.644256591796875,16.644256591796875,Leave_One_experiments/all_year_offline_schedule_search/daily_outputs/HLA/HLA_2007_HLA2007_normal_grid_S0019_daily.csv
HLA,HLA,Hailun,2007,Leave_One_experiments\wth_generated_qc\HLA\HLA2007.WTH,normal_year;nitrogen_stress_year;low_response_year,normal,HLA2007_normal_grid_S0019,pareto_balanced,2007-05-29,149,30,25,"{""sim_day"": 30.0, ""doy"": 149.0, ""topwt"": 20.0, ""grnwt"": 0.0, ""xlai"": 0.0107538877055048, ""totir"": 0.0, ""tofer"": NaN, ""swfac"": 0.0, ""nstres"": 0.0}",0.0,0.0,20.0,0.0,0.0107538877055048,0.0,,0.0,0.0,0.0,225.0,16.644256591796875,16.644256591796875,Leave_One_experiments/all_year_offline_schedule_search/daily_outputs/HLA/HLA_2007_HLA2007_normal_grid_S0019_daily.csv
HLA,HLA,Hailun,2007,Leave_One_experiments\wth_generated_qc\HLA\HLA2007.WTH,normal_year;nitrogen_stress_year;low_response_year,normal,HLA2007_normal_grid_S0019,pareto_balanced,2007-05-30,150,31,26,"{""sim_day"": 31.0, ""doy"": 150.0, ""topwt"": 20.0, ""grnwt"": 0.0, ""xlai"": 0.020870205014944, ""totir"": 0.0, ""tofer"": NaN, ""swfac"": 0.0, ""nstres"": 0.0}",0.0,0.0,20.0,0.0,0.020870205014944,0.0,,0.0,0.0,0.0,225.0,16.644256591796875,16.644256591796875,Leave_One_experiments/all_year_offline_schedule_search/daily_outputs/HLA/HLA_2007_HLA2007_normal_grid_S0019_daily.csv
HLA,HLA,Hailun,2007,Leave_One_experiments\wth_generated_qc\HLA\HLA2007.WTH,normal_year;nitrogen_stress_year;low_response_year,normal,HLA2007_normal_grid_S0019,pareto_balanced,2007-05-31,151,32,27,"{""sim_day"": 32.0, ""doy"": 151.0, ""topwt"": 20.0, ""grnwt"": 0.0, ""xlai"": 0.0307242553681135, ""totir"": 0.0, ""tofer"": NaN, ""swfac"": 0.0, ""nstres"": 0.0}",0.0,0.0,20.0,0.0,0.0307242553681135,0.0,,0.0,0.0,0.0,225.0,16.644256591796875,16.644256591796875,Leave_One_experiments/all_year_offline_schedule_search/daily_outputs/HLA/HLA_2007_HLA2007_normal_grid_S0019_daily.csv
HLA,HLA,Hailun,2007,Leave_One_experiments\wth_generated_qc\HLA\HLA2007.WTH,normal_year;nitrogen_stress_year;low_response_year,normal,HLA2007_normal_grid_S0019,pareto_balanced,2007-06-01,152,33,28,"{""sim_day"": 33.0, ""doy"": 152.0, ""topwt"": 21.61301612854004, ""grnwt"": 0.0, ""xlai"": 0.0386534556746482, ""totir"": 0.0, ""tofer"": NaN, ""swfac"": 0.0, ""nstres"": 0.0}",0.0,0.0,21.61301612854004,0.0,0.0386534556746482,0.0,,0.0,0.0,0.0,225.0,16.644256591796875,16.644256591796875,Leave_One_experiments/all_year_offline_schedule_search/daily_outputs/HLA/HLA_2007_HLA2007_normal_grid_S0019_daily.csv
HLA,HLA,Hailun,2007,Leave_One_experiments\wth_generated_qc\HLA\HLA2007.WTH,normal_year;nitrogen_stress_year;low_response_year,normal,HLA2007_normal_grid_S0019,pareto_balanced,2007-06-02,153,34,29,"{""sim_day"": 34.0, ""doy"": 153.0, ""topwt"": 27.103612422943115, ""grnwt"": 0.0, ""xlai"": 0.0526277087628841, ""totir"": 0.0, ""tofer"": NaN, ""swfac"": 0.0, ""nstres"": 0.0}",0.0,0.0,27.103612422943115,0.0,0.0526277087628841,0.0,,0.0,0.0,0.0,225.0,16.644256591796875,16.644256591796875,Leave_One_experiments/all_year_offline_schedule_search/daily_outputs/HLA/HLA_2007_HLA2007_normal_grid_S0019_daily.csv
HLA,HLA,Hailun,2007,Leave_One_experiments\wth_generated_qc\HLA\HLA2007.WTH,normal_year;nitrogen_stress_year;low_response_year,normal,HLA2007_normal_grid_S0019,pareto_balanced,2007-06-03,154,35,30,"{""sim_day"": 35.0, ""doy"": 154.0, ""topwt"": 31.80539846420288, ""grnwt"": 0.0, ""xlai"": 0.0638608634471893, ""totir"": 0.0, ""tofer"": NaN, ""swfac"": 0.0, ""nstres"": 0.0}",0.0,0.0,31.80539846420288,0.0,0.0638608634471893,0.0,,0.0,75.0,0.0,225.0,16.644256591796875,16.644256591796875,Leave_One_experiments/all_year_offline_schedule_search/daily_outputs/HLA/HLA_2007_HLA2007_normal_grid_S0019_daily.csv
HLA,HLA,Hailun,2007,Leave_One_experiments\wth_generated_qc\HLA\HLA2007.WTH,normal_year;nitrogen_stress_year;low_response_year,normal,HLA2007_normal_grid_S0019,pareto_balanced,2007-06-04,155,36,31,"{""sim_day"": 36.0, ""doy"": 155.0, ""topwt"": 35.92634439468384, ""grnwt"": 0.0, ""xlai"": 0.0732977017760276, ""totir"": 0.0, ""tofer"": NaN, ""swfac"": 0.0, ""nstres"": 0.0}",0.0,0.0,35.92634439468384,0.0,0.0732977017760276,0.0,,0.0,0.0,0.0,225.0,16.644256591796875,16.644256591796875,Leave_One_experiments/all_year_offline_schedule_search/daily_outputs/HLA/HLA_2007_HLA2007_normal_grid_S0019_daily.csv
HLA,HLA,Hailun,2007,Leave_One_experiments\wth_generated_qc\HLA\HLA2007.WTH,normal_year;nitrogen_stress_year;low_response_year,normal,HLA2007_normal_grid_S0019,pareto_balanced,2007-06-05,156,37,32,"{""sim_day"": 37.0, ""doy"": 156.0, ""topwt"": 42.99998283386231, ""grnwt"": 0.0, ""xlai"": 0.0888124927878379, ""totir"": 0.0, ""tofer"": NaN, ""swfac"": 0.0, ""nstres"": 0.0}",0.0,0.0,42.99998283386231,0.0,0.0888124927878379,0.0,,0.0,0.0,0.0,225.0,16.644256591796875,16.644256591796875,Leave_One_experiments/all_year_offline_schedule_search/daily_outputs/HLA/HLA_2007_HLA2007_normal_grid_S0019_daily.csv
HLA,HLA,Hailun,2007,Leave_One_experiments\wth_generated_qc\HLA\HLA2007.WTH,normal_year;nitrogen_stress_year;low_response_year,normal,HLA2007_normal_grid_S0019,pareto_balanced,2007-06-06,157,38,33,"{""sim_day"": 38.0, ""doy"": 157.0, ""topwt"": 51.68992042541504, ""grnwt"": 0.0, ""xlai"": 0.1069590672850608, ""totir"": 0.0, ""tofer"": NaN, ""swfac"": 0.0, ""nstres"": 0.0}",0.0,0.0,51.68992042541504,0.0,0.1069590672850608,0.0,,0.0,0.0,0.0,225.0,16.644256591796875,16.644256591796875,Leave_One_experiments/all_year_offline_schedule_search/daily_outputs/HLA/HLA_2007_HLA2007_normal_grid_S0019_daily.csv
HLA,HLA,Hailun,2007,Leave_One_experiments\wth_generated_qc\HLA\HLA2007.WTH,normal_year;nitrogen_stress_year;low_response_year,normal,HLA2007_normal_grid_S0019,pareto_balanced,2007-06-07,158,39,34,"{""sim_day"": 39.0, ""doy"": 158.0, ""topwt"": 64.30749893188477, ""grnwt"": 0.0, ""xlai"": 0.1319761127233505, ""totir"": 0.0, ""tofer"": NaN, ""swfac"": 0.0, ""nstres"": 0.0}",0.0,0.0,64.30749893188477,0.0,0.1319761127233505,0.0,,0.0,0.0,0.0,225.0,16.644256591796875,16.644256591796875,Leave_One_experiments/all_year_offline_schedule_search/daily_outputs/HLA/HLA_2007_HLA2007_normal_grid_S0019_daily.csv
HLA,HLA,Hailun,2007,Leave_One_experiments\wth_generated_qc\HLA\HLA2007.WTH,normal_year;nitrogen_stress_year;low_response_year,normal,HLA2007_normal_grid_S0019,pareto_balanced,2007-06-08,159,40,35,"{""sim_day"": 40.0, ""doy"": 159.0, ""topwt"": 79.02678966522217, ""grnwt"": 0.0, ""xlai"": 0.1596744507551193, ""totir"": 0.0, ""tofer"": NaN, ""swfac"": 0.0, ""nstres"": 0.0}",0.0,0.0,79.02678966522217,0.0,0.1596744507551193,0.0,,0.0,0.0,0.0,225.0,16.644256591796875,16.644256591796875,Leave_One_experiments/all_year_offline_schedule_search/daily_outputs/HLA/HLA_2007_HLA2007_normal_grid_S0019_daily.csv
HLA,HLA,Hailun,2007,Leave_One_experiments\wth_generated_qc\HLA\HLA2007.WTH,normal_year;nitrogen_stress_year;low_response_year,normal,HLA2007_normal_grid_S0019,pareto_balanced,2007-06-09,160,41,36,"{""sim_day"": 41.0, ""doy"": 160.0, ""topwt"": 99.25742149353027, ""grnwt"": 0.0, ""xlai"": 0.1958170533180236, ""totir"": 0.0, ""tofer"": NaN, ""swfac"": 0.0, ""nstres"": 0.0}",0.0,0.0,99.25742149353027,0.0,0.1958170533180236,0.0,,0.0,0.0,0.0,225.0,16.644256591796875,16.644256591796875,Leave_One_experiments/all_year_offline_schedule_search/daily_outputs/HLA/HLA_2007_HLA2007_normal_grid_S0019_daily.csv
HLA,HLA,Hailun,2007,Leave_One_experiments\wth_generated_qc\HLA\HLA2007.WTH,normal_year;nitrogen_stress_year;low_response_year,normal,HLA2007_normal_grid_S0019,pareto_balanced,2007-06-10,161,42,37,"{""sim_day"": 42.0, ""doy"": 161.0, ""topwt"": 129.06808853149414, ""grnwt"": 0.0, ""xlai"": 0.246109053492546, ""totir"": 0.0, ""tofer"": NaN, ""swfac"": 0.0, ""nstres"": 0.0}",0.0,0.0,129.06808853149414,0.0,0.246109053492546,0.0,,0.0,0.0,0.0,225.0,16.644256591796875,16.644256591796875,Leave_One_experiments/all_year_offline_schedule_search/daily_outputs/HLA/HLA_2007_HLA2007_normal_grid_S0019_daily.csv
HLA,HLA,Hailun,2007,Leave_One_experiments\wth_generated_qc\HLA\HLA2007.WTH,normal_year;nitrogen_stress_year;low_response_year,normal,HLA2007_normal_grid_S0019,pareto_balanced,2007-06-11,162,43,38,"{""sim_day"": 43.0, ""doy"": 162.0, ""topwt"": 153.0844783782959, ""grnwt"": 0.0, ""xlai"": 0.3040968775749206, ""totir"": 0.0, ""tofer"": NaN, ""swfac"": 0.0, ""nstres"": 0.0}",0.0,0.0,153.0844783782959,0.0,0.3040968775749206,0.0,,0.0,0.0,0.0,225.0,16.644256591796875,16.644256591796875,Leave_One_experiments/all_year_offline_schedule_search/daily_outputs/HLA/HLA_2007_HLA2007_normal_grid_S0019_daily.csv
HLA,HLA,Hailun,2007,Leave_One_experiments\wth_generated_qc\HLA\HLA2007.WTH,normal_year;nitrogen_stress_year;low_response_year,normal,HLA2007_normal_grid_S0019,pareto_balanced,2007-06-12,163,44,39,"{""sim_day"": 44.0, ""doy"": 163.0, ""topwt"": 176.59921646118164, ""grnwt"": 0.0, ""xlai"": 0.3430768847465515, ""totir"": 0.0, ""tofer"": NaN, ""swfac"": 0.0, ""nstres"": 0.0048948526382446}",0.0,0.0048948526382446,176.59921646118164,0.0,0.3430768847465515,0.0,,0.0,0.0,0.0,225.0,16.644256591796875,16.644256591796875,Leave_One_experiments/all_year_offline_schedule_search/daily_outputs/HLA/HLA_2007_HLA2007_normal_grid_S0019_daily.csv
HLA,HLA,Hailun,2007,Leave_One_experiments\wth_generated_qc\HLA\HLA2007.WTH,normal_year;nitrogen_stress_year;low_response_year,normal,HLA2007_normal_grid_S0019,pareto_balanced,2007-06-13,164,45,40,"{""sim_day"": 45.0, ""doy"": 164.0, ""topwt"": 211.3494110107422, ""grnwt"": 0.0, ""xlai"": 0.3986404836177826, ""totir"": 0.0, ""tofer"": NaN, ""swfac"": 0.0, ""nstres"": 0.0}",0.0,0.0,211.3494110107422,0.0,0.3986404836177826,0.0,,0.0,0.0,0.0,225.0,16.644256591796875,16.644256591796875,Leave_One_experiments/all_year_offline_schedule_search/daily_outputs/HLA/HLA_2007_HLA2007_normal_grid_S0019_daily.csv
HLA,HLA,Hailun,2007,Leave_One_experiments\wth_generated_qc\HLA\HLA2007.WTH,normal_year;nitrogen_stress_year;low_response_year,normal,HLA2007_normal_grid_S0019,pareto_balanced,2007-06-14,165,46,41,"{""sim_day"": 46.0, ""doy"": 165.0, ""topwt"": 238.68648529052732, ""grnwt"": 0.0, ""xlai"": 0.4409192204475403, ""totir"": 0.0, ""tofer"": NaN, ""swfac"": 0.0, ""nstres"": 0.0}",0.0,0.0,238.68648529052732,0.0,0.4409192204475403,0.0,,0.0,0.0,0.0,225.0,16.644256591796875,16.644256591796875,Leave_One_experiments/all_year_offline_schedule_search/daily_outputs/HLA/HLA_2007_HLA2007_normal_grid_S0019_daily.csv
HLA,HLA,Hailun,2007,Leave_One_experiments\wth_generated_qc\HLA\HLA2007.WTH,normal_year;nitrogen_stress_year;low_response_year,normal,HLA2007_normal_grid_S0019,pareto_balanced,2007-06-15,166,47,42,"{""sim_day"": 47.0, ""doy"": 166.0, ""topwt"": 291.9082832336426, ""grnwt"": 0.0, ""xlai"": 0.5203214883804321, ""totir"": 0.0, ""tofer"": NaN, ""swfac"": 0.0, ""nstres"": 0.0}",0.0,0.0,291.9082832336426,0.0,0.5203214883804321,0.0,,0.0,0.0,0.0,225.0,16.644256591796875,16.644256591796875,Leave_One_experiments/all_year_offline_schedule_search/daily_outputs/HLA/HLA_2007_HLA2007_normal_grid_S0019_daily.csv
HLA,HLA,Hailun,2007,Leave_One_experiments\wth_generated_qc\HLA\HLA2007.WTH,normal_year;nitrogen_stress_year;low_response_year,normal,HLA2007_normal_grid_S0019,pareto_balanced,2007-06-16,167,48,43,"{""sim_day"": 48.0, ""doy"": 167.0, ""topwt"": 330.9346008300781, ""grnwt"": 0.0, ""xlai"": 0.5763809084892273, ""totir"": 0.0, ""tofer"": NaN, ""swfac"": 0.0, ""nstres"": 0.0}",0.0,0.0,330.9346008300781,0.0,0.5763809084892273,0.0,,0.0,0.0,0.0,225.0,16.644256591796875,16.644256591796875,Leave_One_experiments/all_year_offline_schedule_search/daily_outputs/HLA/HLA_2007_HLA2007_normal_grid_S0019_daily.csv
HLA,HLA,Hailun,2007,Leave_One_experiments\wth_generated_qc\HLA\HLA2007.WTH,normal_year;nitrogen_stress_year;low_response_year,normal,HLA2007_normal_grid_S0019,pareto_balanced,2007-06-17,168,49,44,"{""sim_day"": 49.0, ""doy"": 168.0, ""topwt"": 392.9356384277344, ""grnwt"": 0.0, ""xlai"": 0.6627371907234192, ""totir"": 0.0, ""tofer"": NaN, ""swfac"": 0.0, ""nstres"": 0.0}",0.0,0.0,392.9356384277344,0.0,0.6627371907234192,0.0,,0.0,0.0,0.0,225.0,16.644256591796875,16.644256591796875,Leave_One_experiments/all_year_offline_schedule_search/daily_outputs/HLA/HLA_2007_HLA2007_normal_grid_S0019_daily.csv
HLA,HLA,Hailun,2007,Leave_One_experiments\wth_generated_qc\HLA\HLA2007.WTH,normal_year;nitrogen_stress_year;low_response_year,normal,HLA2007_normal_grid_S0019,pareto_balanced,2007-06-18,169,50,45,"{""sim_day"": 50.0, ""doy"": 169.0, ""topwt"": 455.2215194702149, ""grnwt"": 0.0, ""xlai"": 0.7443521022796631, ""totir"": 0.0, ""tofer"": NaN, ""swfac"": 0.0, ""nstres"": 0.0}",0.0,0.0,455.2215194702149,0.0,0.7443521022796631,0.0,,0.0,0.0,0.0,225.0,16.644256591796875,16.644256591796875,Leave_One_experiments/all_year_offline_schedule_search/daily_outputs/HLA/HLA_2007_HLA2007_normal_grid_S0019_daily.csv
HLA,HLA,Hailun,2007,Leave_One_experiments\wth_generated_qc\HLA\HLA2007.WTH,normal_year;nitrogen_stress_year;low_response_year,normal,HLA2007_normal_grid_S0019,pareto_balanced,2007-06-19,170,51,46,"{""sim_day"": 51.0, ""doy"": 170.0, ""topwt"": 498.1721496582031, ""grnwt"": 0.0, ""xlai"": 0.8026003241539001, ""totir"": 0.0, ""tofer"": NaN, ""swfac"": 0.0, ""nstres"": 0.0}",0.0,0.0,498.1721496582031,0.0,0.8026003241539001,0.0,,0.0,0.0,0.0,225.0,16.644256591796875,16.644256591796875,Leave_One_experiments/all_year_offline_schedule_search/daily_outputs/HLA/HLA_2007_HLA2007_normal_grid_S0019_daily.csv
HLA,HLA,Hailun,2007,Leave_One_experiments\wth_generated_qc\HLA\HLA2007.WTH,normal_year;nitrogen_stress_year;low_response_year,normal,HLA2007_normal_grid_S0019,pareto_balanced,2007-06-20,171,52,47,"{""sim_day"": 52.0, ""doy"": 171.0, ""topwt"": 555.7155227661133, ""grnwt"": 0.0, ""xlai"": 0.8783665895462036, ""totir"": 0.0, ""tofer"": NaN, ""swfac"": 0.0, ""nstres"": 0.0}",0.0,0.0,555.7155227661133,0.0,0.8783665895462036,0.0,,0.0,0.0,0.0,225.0,16.644256591796875,16.644256591796875,Leave_One_experiments/all_year_offline_schedule_search/daily_outputs/HLA/HLA_2007_HLA2007_normal_grid_S0019_daily.csv
HLA,HLA,Hailun,2007,Leave_One_experiments\wth_generated_qc\HLA\HLA2007.WTH,normal_year;nitrogen_stress_year;low_response_year,normal,HLA2007_normal_grid_S0019,pareto_balanced,2007-06-21,172,53,48,"{""sim_day"": 53.0, ""doy"": 172.0, ""topwt"": 652.7632904052734, ""grnwt"": 0.0, ""xlai"": 1.0005662441253662, ""totir"": 0.0, ""tofer"": NaN, ""swfac"": 0.0, ""nstres"": 0.0}",0.0,0.0,652.7632904052734,0.0,1.0005662441253662,0.0,,0.0,0.0,0.0,225.0,16.644256591796875,16.644256591796875,Leave_One_experiments/all_year_offline_schedule_search/daily_outputs/HLA/HLA_2007_HLA2007_normal_grid_S0019_daily.csv
HLA,HLA,Hailun,2007,Leave_One_experiments\wth_generated_qc\HLA\HLA2007.WTH,normal_year;nitrogen_stress_year;low_response_year,normal,HLA2007_normal_grid_S0019,pareto_balanced,2007-06-22,173,54,49,"{""sim_day"": 54.0, ""doy"": 173.0, ""topwt"": 755.6086730957031, ""grnwt"": 0.0, ""xlai"": 1.123334884643555, ""totir"": 0.0, ""tofer"": NaN, ""swfac"": 0.0, ""nstres"": 0.0}",0.0,0.0,755.6086730957031,0.0,1.123334884643555,0.0,,0.0,0.0,0.0,225.0,16.644256591796875,16.644256591796875,Leave_One_experiments/all_year_offline_schedule_search/daily_outputs/HLA/HLA_2007_HLA2007_normal_grid_S0019_daily.csv
HLA,HLA,Hailun,2007,Leave_One_experiments\wth_generated_qc\HLA\HLA2007.WTH,normal_year;nitrogen_stress_year;low_response_year,normal,HLA2007_normal_grid_S0019,pareto_balanced,2007-06-23,174,55,50,"{""sim_day"": 55.0, ""doy"": 174.0, ""topwt"": 851.7681121826172, ""grnwt"": 0.0, ""xlai"": 1.2324497699737549, ""totir"": 0.0, ""tofer"": NaN, ""swfac"": 0.0, ""nstres"": 0.0}",0.0,0.0,851.7681121826172,0.0,1.2324497699737549,0.0,,0.0,0.0,0.0,225.0,16.644256591796875,16.644256591796875,Leave_One_experiments/all_year_offline_schedule_search/daily_outputs/HLA/HLA_2007_HLA2007_normal_grid_S0019_daily.csv
HLA,HLA,Hailun,2007,Leave_One_experiments\wth_generated_qc\HLA\HLA2007.WTH,normal_year;nitrogen_stress_year;low_response_year,normal,HLA2007_normal_grid_S0019,pareto_balanced,2007-06-24,175,56,51,"{""sim_day"": 56.0, ""doy"": 175.0, ""topwt"": 976.088409423828, ""grnwt"": 0.0, ""xlai"": 1.3653136491775513, ""totir"": 0.0, ""tofer"": NaN, ""swfac"": 0.0, ""nstres"": 0.0}",0.0,0.0,976.088409423828,0.0,1.3653136491775513,0.0,,0.0,0.0,0.0,225.0,16.644256591796875,16.644256591796875,Leave_One_experiments/all_year_offline_schedule_search/daily_outputs/HLA/HLA_2007_HLA2007_normal_grid_S0019_daily.csv
HLA,HLA,Hailun,2007,Leave_One_experiments\wth_generated_qc\HLA\HLA2007.WTH,normal_year;nitrogen_stress_year;low_response_year,normal,HLA2007_normal_grid_S0019,pareto_balanced,2007-06-25,176,57,52,"{""sim_day"": 57.0, ""doy"": 176.0, ""topwt"": 1080.031280517578, ""grnwt"": 0.0, ""xlai"": 1.4705837965011597, ""totir"": 0.0, ""tofer"": NaN, ""swfac"": 0.0, ""nstres"": 0.0}",0.0,0.0,1080.031280517578,0.0,1.4705837965011597,0.0,,0.0,0.0,0.0,225.0,16.644256591796875,16.644256591796875,Leave_One_experiments/all_year_offline_schedule_search/daily_outputs/HLA/HLA_2007_HLA2007_normal_grid_S0019_daily.csv
HLA,HLA,Hailun,2007,Leave_One_experiments\wth_generated_qc\HLA\HLA2007.WTH,normal_year;nitrogen_stress_year;low_response_year,normal,HLA2007_normal_grid_S0019,pareto_balanced,2007-06-26,177,58,53,"{""sim_day"": 58.0, ""doy"": 177.0, ""topwt"": 1207.260284423828, ""grnwt"": 0.0, ""xlai"": 1.5919965505599976, ""totir"": 0.0, ""tofer"": NaN, ""swfac"": 0.0, ""nstres"": 0.0}",0.0,0.0,1207.260284423828,0.0,1.5919965505599976,0.0,,0.0,0.0,0.0,225.0,16.644256591796875,16.644256591796875,Leave_One_experiments/all_year_offline_schedule_search/daily_outputs/HLA/HLA_2007_HLA2007_normal_grid_S0019_daily.csv
HLA,HLA,Hailun,2007,Leave_One_experiments\wth_generated_qc\HLA\HLA2007.WTH,normal_year;nitrogen_stress_year;low_response_year,normal,HLA2007_normal_grid_S0019,pareto_balanced,2007-06-27,178,59,54,"{""sim_day"": 59.0, ""doy"": 178.0, ""topwt"": 1327.8237915039062, ""grnwt"": 0.0, ""xlai"": 1.7006661891937256, ""totir"": 0.0, ""tofer"": NaN, ""swfac"": 0.0, ""nstres"": 0.0}",0.0,0.0,1327.8237915039062,0.0,1.7006661891937256,0.0,,0.0,0.0,0.0,225.0,16.644256591796875,16.644256591796875,Leave_One_experiments/all_year_offline_schedule_search/daily_outputs/HLA/HLA_2007_HLA2007_normal_grid_S0019_daily.csv
HLA,HLA,Hailun,2007,Leave_One_experiments\wth_generated_qc\HLA\HLA2007.WTH,normal_year;nitrogen_stress_year;low_response_year,normal,HLA2007_normal_grid_S0019,pareto_balanced,2007-06-28,179,60,55,"{""sim_day"": 60.0, ""doy"": 179.0, ""topwt"": 1464.609832763672, ""grnwt"": 0.0, ""xlai"": 1.816707968711853, ""totir"": 0.0, ""tofer"": NaN, ""swfac"": 0.0, ""nstres"": 0.0}",0.0,0.0,1464.609832763672,0.0,1.816707968711853,0.0,,0.0,0.0,0.0,225.0,16.644256591796875,16.644256591796875,Leave_One_experiments/all_year_offline_schedule_search/daily_outputs/HLA/HLA_2007_HLA2007_normal_grid_S0019_daily.csv
HLA,HLA,Hailun,2007,Leave_One_experiments\wth_generated_qc\HLA\HLA2007.WTH,normal_year;nitrogen_stress_year;low_response_year,normal,HLA2007_normal_grid_S0019,pareto_balanced,2007-06-29,180,61,56,"{""sim_day"": 61.0, ""doy"": 180.0, ""topwt"": 1597.6838684082031, ""grnwt"": 0.0, ""xlai"": 1.9232497215271, ""totir"": 0.0, ""tofer"": NaN, ""swfac"": 0.0, ""nstres"": 0.0}",0.0,0.0,1597.6838684082031,0.0,1.9232497215271,0.0,,0.0,0.0,0.0,225.0,16.644256591796875,16.644256591796875,Leave_One_experiments/all_year_offline_schedule_search/daily_outputs/HLA/HLA_2007_HLA2007_normal_grid_S0019_daily.csv
HLA,HLA,Hailun,2007,Leave_One_experiments\wth_generated_qc\HLA\HLA2007.WTH,normal_year;nitrogen_stress_year;low_response_year,normal,HLA2007_normal_grid_S0019,pareto_balanced,2007-06-30,181,62,57,"{""sim_day"": 62.0, ""doy"": 181.0, ""topwt"": 1745.3912353515625, ""grnwt"": 0.0, ""xlai"": 2.0345940589904785, ""totir"": 0.0, ""tofer"": NaN, ""swfac"": 0.0, ""nstres"": 0.0}",0.0,0.0,1745.3912353515625,0.0,2.0345940589904785,0.0,,0.0,0.0,0.0,225.0,16.644256591796875,16.644256591796875,Leave_One_experiments/all_year_offline_schedule_search/daily_outputs/HLA/HLA_2007_HLA2007_normal_grid_S0019_daily.csv
HLA,HLA,Hailun,2007,Leave_One_experiments\wth_generated_qc\HLA\HLA2007.WTH,normal_year;nitrogen_stress_year;low_response_year,normal,HLA2007_normal_grid_S0019,pareto_balanced,2007-07-01,182,63,58,"{""sim_day"": 63.0, ""doy"": 182.0, ""topwt"": 1915.0750732421875, ""grnwt"": 0.0, ""xlai"": 2.1544151306152344, ""totir"": 0.0, ""tofer"": NaN, ""swfac"": 0.0, ""nstres"": 0.0}",0.0,0.0,1915.0750732421875,0.0,2.1544151306152344,0.0,,0.0,0.0,0.0,225.0,16.644256591796875,16.644256591796875,Leave_One_experiments/all_year_offline_schedule_search/daily_outputs/HLA/HLA_2007_HLA2007_normal_grid_S0019_daily.csv
HLA,HLA,Hailun,2007,Leave_One_experiments\wth_generated_qc\HLA\HLA2007.WTH,normal_year;nitrogen_stress_year;low_response_year,normal,HLA2007_normal_grid_S0019,pareto_balanced,2007-07-02,183,64,59,"{""sim_day"": 64.0, ""doy"": 183.0, ""topwt"": 2064.9322509765625, ""grnwt"": 0.0, ""xlai"": 2.25440001487732, ""totir"": 0.0, ""tofer"": NaN, ""swfac"": 0.0, ""nstres"": 0.0}",0.0,0.0,2064.9322509765625,0.0,2.25440001487732,0.0,,0.0,0.0,0.0,225.0,16.644256591796875,16.644256591796875,Leave_One_experiments/all_year_offline_schedule_search/daily_outputs/HLA/HLA_2007_HLA2007_normal_grid_S0019_daily.csv
HLA,HLA,Hailun,2007,Leave_One_experiments\wth_generated_qc\HLA\HLA2007.WTH,normal_year;nitrogen_stress_year;low_response_year,normal,HLA2007_normal_grid_S0019,pareto_balanced,2007-07-03,184,65,60,"{""sim_day"": 65.0, ""doy"": 184.0, ""topwt"": 2245.5345153808594, ""grnwt"": 0.0, ""xlai"": 2.367652177810669, ""totir"": 0.0, ""tofer"": NaN, ""swfac"": 0.0, ""nstres"": 0.0}",0.0,0.0,2245.5345153808594,0.0,2.367652177810669,0.0,,0.0,75.0,0.0,225.0,16.644256591796875,16.644256591796875,Leave_One_experiments/all_year_offline_schedule_search/daily_outputs/HLA/HLA_2007_HLA2007_normal_grid_S0019_daily.csv
HLA,HLA,Hailun,2007,Leave_One_experiments\wth_generated_qc\HLA\HLA2007.WTH,normal_year;nitrogen_stress_year;low_response_year,normal,HLA2007_normal_grid_S0019,pareto_balanced,2007-07-04,185,66,61,"{""sim_day"": 66.0, ""doy"": 185.0, ""topwt"": 2449.164123535156, ""grnwt"": 0.0, ""xlai"": 2.4871785640716557, ""totir"": 0.0, ""tofer"": NaN, ""swfac"": 0.0, ""nstres"": 0.0}",0.0,0.0,2449.164123535156,0.0,2.4871785640716557,0.0,,0.0,0.0,0.0,225.0,16.644256591796875,16.644256591796875,Leave_One_experiments/all_year_offline_schedule_search/daily_outputs/HLA/HLA_2007_HLA2007_normal_grid_S0019_daily.csv
HLA,HLA,Hailun,2007,Leave_One_experiments\wth_generated_qc\HLA\HLA2007.WTH,normal_year;nitrogen_stress_year;low_response_year,normal,HLA2007_normal_grid_S0019,pareto_balanced,2007-07-05,186,67,62,"{""sim_day"": 67.0, ""doy"": 186.0, ""topwt"": 2616.1495971679688, ""grnwt"": 0.0, ""xlai"": 2.579535961151123, ""totir"": 0.0, ""tofer"": NaN, ""swfac"": 0.0, ""nstres"": 0.0}",0.0,0.0,2616.1495971679688,0.0,2.579535961151123,0.0,,0.0,0.0,0.0,225.0,16.644256591796875,16.644256591796875,Leave_One_experiments/all_year_offline_schedule_search/daily_outputs/HLA/HLA_2007_HLA2007_normal_grid_S0019_daily.csv
HLA,HLA,Hailun,2007,Leave_One_experiments\wth_generated_qc\HLA\HLA2007.WTH,normal_year;nitrogen_stress_year;low_response_year,normal,HLA2007_normal_grid_S0019,pareto_balanced,2007-07-06,187,68,63,"{""sim_day"": 68.0, ""doy"": 187.0, ""topwt"": 2806.4480590820312, ""grnwt"": 0.0, ""xlai"": 2.679187536239624, ""totir"": 0.0, ""tofer"": NaN, ""swfac"": 0.0, ""nstres"": 0.0}",0.0,0.0,2806.4480590820312,0.0,2.679187536239624,0.0,,0.0,0.0,0.0,225.0,16.644256591796875,16.644256591796875,Leave_One_experiments/all_year_offline_schedule_search/daily_outputs/HLA/HLA_2007_HLA2007_normal_grid_S0019_daily.csv
HLA,HLA,Hailun,2007,Leave_One_experiments\wth_generated_qc\HLA\HLA2007.WTH,normal_year;nitrogen_stress_year;low_response_year,normal,HLA2007_normal_grid_S0019,pareto_balanced,2007-07-07,188,69,64,"{""sim_day"": 69.0, ""doy"": 188.0, ""topwt"": 3044.456787109375, ""grnwt"": 0.0, ""xlai"": 2.7961785793304443, ""totir"": 0.0, ""tofer"": NaN, ""swfac"": 0.0, ""nstres"": 0.0}",0.0,0.0,3044.456787109375,0.0,2.7961785793304443,0.0,,0.0,0.0,0.0,225.0,16.644256591796875,16.644256591796875,Leave_One_experiments/all_year_offline_schedule_search/daily_outputs/HLA/HLA_2007_HLA2007_normal_grid_S0019_daily.csv
HLA,HLA,Hailun,2007,Leave_One_experiments\wth_generated_qc\HLA\HLA2007.WTH,normal_year;nitrogen_stress_year;low_response_year,normal,HLA2007_normal_grid_S0019,pareto_balanced,2007-07-08,189,70,65,"{""sim_day"": 70.0, ""doy"": 189.0, ""topwt"": 3277.1746826171875, ""grnwt"": 0.0, ""xlai"": 2.9039597511291504, ""totir"": 0.0, ""tofer"": NaN, ""swfac"": 0.0, ""nstres"": 0.0}",0.0,0.0,3277.1746826171875,0.0,2.9039597511291504,0.0,,0.0,0.0,0.0,225.0,16.644256591796875,16.644256591796875,Leave_One_experiments/all_year_offline_schedule_search/daily_outputs/HLA/HLA_2007_HLA2007_normal_grid_S0019_daily.csv
HLA,HLA,Hailun,2007,Leave_One_experiments\wth_generated_qc\HLA\HLA2007.WTH,normal_year;nitrogen_stress_year;low_response_year,normal,HLA2007_normal_grid_S0019,pareto_balanced,2007-07-09,190,71,66,"{""sim_day"": 71.0, ""doy"": 190.0, ""topwt"": 3556.0675048828125, ""grnwt"": 0.0, ""xlai"": 3.025026798248291, ""totir"": 0.0, ""tofer"": NaN, ""swfac"": 0.0, ""nstres"": 0.0}",0.0,0.0,3556.0675048828125,0.0,3.025026798248291,0.0,,0.0,0.0,0.0,225.0,16.644256591796875,16.644256591796875,Leave_One_experiments/all_year_offline_schedule_search/daily_outputs/HLA/HLA_2007_HLA2007_normal_grid_S0019_daily.csv
HLA,HLA,Hailun,2007,Leave_One_experiments\wth_generated_qc\HLA\HLA2007.WTH,normal_year;nitrogen_stress_year;low_response_year,normal,HLA2007_normal_grid_S0019,pareto_balanced,2007-07-10,191,72,67,"{""sim_day"": 72.0, ""doy"": 191.0, ""topwt"": 3835.521240234375, ""grnwt"": 0.0, ""xlai"": 3.1390929222106934, ""totir"": 0.0, ""tofer"": NaN, ""swfac"": 0.0, ""nstres"": 0.0}",0.0,0.0,3835.521240234375,0.0,3.1390929222106934,0.0,,0.0,0.0,0.0,225.0,16.644256591796875,16.644256591796875,Leave_One_experiments/all_year_offline_schedule_search/daily_outputs/HLA/HLA_2007_HLA2007_normal_grid_S0019_daily.csv
HLA,HLA,Hailun,2007,Leave_One_experiments\wth_generated_qc\HLA\HLA2007.WTH,normal_year;nitrogen_stress_year;low_response_year,normal,HLA2007_normal_grid_S0019,pareto_balanced,2007-07-11,192,73,68,"{""sim_day"": 73.0, ""doy"": 192.0, ""topwt"": 4310.081481933594, ""grnwt"": 0.0, ""xlai"": 3.420830011367798, ""totir"": 0.0, ""tofer"": NaN, ""swfac"": 0.0, ""nstres"": 0.0}",0.0,0.0,4310.081481933594,0.0,3.420830011367798,0.0,,0.0,0.0,0.0,225.0,16.644256591796875,16.644256591796875,Leave_One_experiments/all_year_offline_schedule_search/daily_outputs/HLA/HLA_2007_HLA2007_normal_grid_S0019_daily.csv
HLA,HLA,Hailun,2007,Leave_One_experiments\wth_generated_qc\HLA\HLA2007.WTH,normal_year;nitrogen_stress_year;low_response_year,normal,HLA2007_normal_grid_S0019,pareto_balanced,2007-07-12,193,74,69,"{""sim_day"": 74.0, ""doy"": 193.0, ""topwt"": 4633.199768066406, ""grnwt"": 0.0, ""xlai"": 3.567664384841919, ""totir"": 0.0, ""tofer"": NaN, ""swfac"": 0.0, ""nstres"": 0.0}",0.0,0.0,4633.199768066406,0.0,3.567664384841919,0.0,,0.0,0.0,0.0,225.0,16.644256591796875,16.644256591796875,Leave_One_experiments/all_year_offline_schedule_search/daily_outputs/HLA/HLA_2007_HLA2007_normal_grid_S0019_daily.csv
HLA,HLA,Hailun,2007,Leave_One_experiments\wth_generated_qc\HLA\HLA2007.WTH,normal_year;nitrogen_stress_year;low_response_year,normal,HLA2007_normal_grid_S0019,pareto_balanced,2007-07-13,194,75,70,"{""sim_day"": 75.0, ""doy"": 194.0, ""topwt"": 4959.791564941406, ""grnwt"": 0.0, ""xlai"": 3.6935510635375977, ""totir"": 0.0, ""tofer"": NaN, ""swfac"": 0.0, ""nstres"": 0.0}",0.0,0.0,4959.791564941406,0.0,3.6935510635375977,0.0,,0.0,0.0,0.0,225.0,16.644256591796875,16.644256591796875,Leave_One_experiments/all_year_offline_schedule_search/daily_outputs/HLA/HLA_2007_HLA2007_normal_grid_S0019_daily.csv
HLA,HLA,Hailun,2007,Leave_One_experiments\wth_generated_qc\HLA\HLA2007.WTH,normal_year;nitrogen_stress_year;low_response_year,normal,HLA2007_normal_grid_S0019,pareto_balanced,2007-07-14,195,76,71,"{""sim_day"": 76.0, ""doy"": 195.0, ""topwt"": 5242.850341796875, ""grnwt"": 0.0, ""xlai"": 3.7916061878204346, ""totir"": 0.0, ""tofer"": NaN, ""swfac"": 0.0, ""nstres"": 0.0}",0.0,0.0,5242.850341796875,0.0,3.7916061878204346,0.0,,0.0,0.0,0.0,225.0,16.644256591796875,16.644256591796875,Leave_One_experiments/all_year_offline_schedule_search/daily_outputs/HLA/HLA_2007_HLA2007_normal_grid_S0019_daily.csv
HLA,HLA,Hailun,2007,Leave_One_experiments\wth_generated_qc\HLA\HLA2007.WTH,normal_year;nitrogen_stress_year;low_response_year,normal,HLA2007_normal_grid_S0019,pareto_balanced,2007-07-15,196,77,72,"{""sim_day"": 77.0, ""doy"": 196.0, ""topwt"": 5532.593994140625, ""grnwt"": 0.0, ""xlai"": 3.8834307193756095, ""totir"": 0.0, ""tofer"": NaN, ""swfac"": 0.0, ""nstres"": 0.0}",0.0,0.0,5532.593994140625,0.0,3.8834307193756095,0.0,,0.0,0.0,0.0,225.0,16.644256591796875,16.644256591796875,Leave_One_experiments/all_year_offline_schedule_search/daily_outputs/HLA/HLA_2007_HLA2007_normal_grid_S0019_daily.csv
HLA,HLA,Hailun,2007,Leave_One_experiments\wth_generated_qc\HLA\HLA2007.WTH,normal_year;nitrogen_stress_year;low_response_year,normal,HLA2007_normal_grid_S0019,pareto_balanced,2007-07-16,197,78,73,"{""sim_day"": 78.0, ""doy"": 197.0, ""topwt"": 5645.296630859375, ""grnwt"": 0.0, ""xlai"": 3.916725397109986, ""totir"": 0.0, ""tofer"": NaN, ""swfac"": 0.0, ""nstres"": 0.0}",0.0,0.0,5645.296630859375,0.0,3.916725397109986,0.0,,0.0,0.0,0.0,225.0,16.644256591796875,16.644256591796875,Leave_One_experiments/all_year_offline_schedule_search/daily_outputs/HLA/HLA_2007_HLA2007_normal_grid_S0019_daily.csv
HLA,HLA,Hailun,2007,Leave_One_experiments\wth_generated_qc\HLA\HLA2007.WTH,normal_year;nitrogen_stress_year;low_response_year,normal,HLA2007_normal_grid_S0019,pareto_balanced,2007-07-17,198,79,74,"{""sim_day"": 79.0, ""doy"": 198.0, ""topwt"": 5866.328125, ""grnwt"": 0.0, ""xlai"": 3.979078531265259, ""totir"": 0.0, ""tofer"": NaN, ""swfac"": 0.0, ""nstres"": 0.0}",0.0,0.0,5866.328125,0.0,3.979078531265259,0.0,,0.0,0.0,0.0,225.0,16.644256591796875,16.644256591796875,Leave_One_experiments/all_year_offline_schedule_search/daily_outputs/HLA/HLA_2007_HLA2007_normal_grid_S0019_daily.csv
HLA,HLA,Hailun,2007,Leave_One_experiments\wth_generated_qc\HLA\HLA2007.WTH,normal_year;nitrogen_stress_year;low_response_year,normal,HLA2007_normal_grid_S0019,pareto_balanced,2007-07-18,199,80,75,"{""sim_day"": 80.0, ""doy"": 199.0, ""topwt"": 6017.974243164063, ""grnwt"": 0.0, ""xlai"": 4.020362377166748, ""totir"": 0.0, ""tofer"": NaN, ""swfac"": 0.0, ""nstres"": 0.0}",0.0,0.0,6017.974243164063,0.0,4.020362377166748,0.0,,0.0,0.0,0.0,225.0,16.644256591796875,16.644256591796875,Leave_One_experiments/all_year_offline_schedule_search/daily_outputs/HLA/HLA_2007_HLA2007_normal_grid_S0019_daily.csv
HLA,HLA,Hailun,2007,Leave_One_experiments\wth_generated_qc\HLA\HLA2007.WTH,normal_year;nitrogen_stress_year;low_response_year,normal,HLA2007_normal_grid_S0019,pareto_balanced,2007-07-19,200,81,76,"{""sim_day"": 81.0, ""doy"": 200.0, ""topwt"": 6199.493408203125, ""grnwt"": 0.0, ""xlai"": 4.067421436309815, ""totir"": 0.0, ""tofer"": NaN, ""swfac"": 0.0, ""nstres"": 0.0}",0.0,0.0,6199.493408203125,0.0,4.067421436309815,0.0,,0.0,0.0,0.0,225.0,16.644256591796875,16.644256591796875,Leave_One_experiments/all_year_offline_schedule_search/daily_outputs/HLA/HLA_2007_HLA2007_normal_grid_S0019_daily.csv
HLA,HLA,Hailun,2007,Leave_One_experiments\wth_generated_qc\HLA\HLA2007.WTH,normal_year;nitrogen_stress_year;low_response_year,normal,HLA2007_normal_grid_S0019,pareto_balanced,2007-07-20,201,82,77,"{""sim_day"": 82.0, ""doy"": 201.0, ""topwt"": 6316.07177734375, ""grnwt"": 0.0, ""xlai"": 4.095037460327148, ""totir"": 0.0, ""tofer"": NaN, ""swfac"": 0.0, ""nstres"": 0.0}",0.0,0.0,6316.07177734375,0.0,4.095037460327148,0.0,,0.0,0.0,0.0,225.0,16.644256591796875,16.644256591796875,Leave_One_experiments/all_year_offline_schedule_search/daily_outputs/HLA/HLA_2007_HLA2007_normal_grid_S0019_daily.csv
HLA,HLA,Hailun,2007,Leave_One_experiments\wth_generated_qc\HLA\HLA2007.WTH,normal_year;nitrogen_stress_year;low_response_year,normal,HLA2007_normal_grid_S0019,pareto_balanced,2007-07-21,202,83,78,"{""sim_day"": 83.0, ""doy"": 202.0, ""topwt"": 6463.785400390625, ""grnwt"": 0.0, ""xlai"": 4.128799915313721, ""totir"": 0.0, ""tofer"": NaN, ""swfac"": 0.0, ""nstres"": 0.0}",0.0,0.0,6463.785400390625,0.0,4.128799915313721,0.0,,0.0,0.0,0.0,225.0,16.644256591796875,16.644256591796875,Leave_One_experiments/all_year_offline_schedule_search/daily_outputs/HLA/HLA_2007_HLA2007_normal_grid_S0019_daily.csv
HLA,HLA,Hailun,2007,Leave_One_experiments\wth_generated_qc\HLA\HLA2007.WTH,normal_year;nitrogen_stress_year;low_response_year,normal,HLA2007_normal_grid_S0019,pareto_balanced,2007-07-22,203,84,79,"{""sim_day"": 84.0, ""doy"": 203.0, ""topwt"": 6651.33544921875, ""grnwt"": 0.0, ""xlai"": 4.169990062713623, ""totir"": 0.0, ""tofer"": NaN, ""swfac"": 0.0, ""nstres"": 0.0}",0.0,0.0,6651.33544921875,0.0,4.169990062713623,0.0,,0.0,0.0,0.0,225.0,16.644256591796875,16.644256591796875,Leave_One_experiments/all_year_offline_schedule_search/daily_outputs/HLA/HLA_2007_HLA2007_normal_grid_S0019_daily.csv
HLA,HLA,Hailun,2007,Leave_One_experiments\wth_generated_qc\HLA\HLA2007.WTH,normal_year;nitrogen_stress_year;low_response_year,normal,HLA2007_normal_grid_S0019,pareto_balanced,2007-07-23,204,85,80,"{""sim_day"": 85.0, ""doy"": 204.0, ""topwt"": 6878.1298828125, ""grnwt"": 0.0, ""xlai"": 4.219292640686035, ""totir"": 0.0, ""tofer"": NaN, ""swfac"": 0.0, ""nstres"": 0.0}",0.0,0.0,6878.1298828125,0.0,4.219292640686035,0.0,,0.0,0.0,0.0,225.0,16.644256591796875,16.644256591796875,Leave_One_experiments/all_year_offline_schedule_search/daily_outputs/HLA/HLA_2007_HLA2007_normal_grid_S0019_daily.csv
HLA,HLA,Hailun,2007,Leave_One_experiments\wth_generated_qc\HLA\HLA2007.WTH,normal_year;nitrogen_stress_year;low_response_year,normal,HLA2007_normal_grid_S0019,pareto_balanced,2007-07-24,205,86,81,"{""sim_day"": 86.0, ""doy"": 205.0, ""topwt"": 7128.2861328125, ""grnwt"": 0.0, ""xlai"": 4.272481918334961, ""totir"": 0.0, ""tofer"": NaN, ""swfac"": 0.0, ""nstres"": 0.0}",0.0,0.0,7128.2861328125,0.0,4.272481918334961,0.0,,0.0,0.0,0.0,225.0,16.644256591796875,16.644256591796875,Leave_One_experiments/all_year_offline_schedule_search/daily_outputs/HLA/HLA_2007_HLA2007_normal_grid_S0019_daily.csv
HLA,HLA,Hailun,2007,Leave_One_experiments\wth_generated_qc\HLA\HLA2007.WTH,normal_year;nitrogen_stress_year;low_response_year,normal,HLA2007_normal_grid_S0019,pareto_balanced,2007-07-25,206,87,82,"{""sim_day"": 87.0, ""doy"": 206.0, ""topwt"": 7409.063110351562, ""grnwt"": 0.0, ""xlai"": 4.331121444702148, ""totir"": 0.0, ""tofer"": NaN, ""swfac"": 0.0, ""nstres"": 0.0}",0.0,0.0,7409.063110351562,0.0,4.331121444702148,0.0,,0.0,0.0,0.0,225.0,16.644256591796875,16.644256591796875,Leave_One_experiments/all_year_offline_schedule_search/daily_outputs/HLA/HLA_2007_HLA2007_normal_grid_S0019_daily.csv
HLA,HLA,Hailun,2007,Leave_One_experiments\wth_generated_qc\HLA\HLA2007.WTH,normal_year;nitrogen_stress_year;low_response_year,normal,HLA2007_normal_grid_S0019,pareto_balanced,2007-07-26,207,88,83,"{""sim_day"": 88.0, ""doy"": 207.0, ""topwt"": 7671.716918945312, ""grnwt"": 0.0, ""xlai"": 4.383091449737549, ""totir"": 0.0, ""tofer"": NaN, ""swfac"": 0.0, ""nstres"": 0.0}",0.0,0.0,7671.716918945312,0.0,4.383091449737549,0.0,,0.0,0.0,0.0,225.0,16.644256591796875,16.644256591796875,Leave_One_experiments/all_year_offline_schedule_search/daily_outputs/HLA/HLA_2007_HLA2007_normal_grid_S0019_daily.csv
HLA,HLA,Hailun,2007,Leave_One_experiments\wth_generated_qc\HLA\HLA2007.WTH,normal_year;nitrogen_stress_year;low_response_year,normal,HLA2007_normal_grid_S0019,pareto_balanced,2007-07-27,208,89,84,"{""sim_day"": 89.0, ""doy"": 208.0, ""topwt"": 7872.916259765625, ""grnwt"": 0.0, ""xlai"": 4.418096542358398, ""totir"": 0.0, ""tofer"": NaN, ""swfac"": 0.0, ""nstres"": 0.0}",0.0,0.0,7872.916259765625,0.0,4.418096542358398,0.0,,0.0,0.0,0.0,225.0,16.644256591796875,16.644256591796875,Leave_One_experiments/all_year_offline_schedule_search/daily_outputs/HLA/HLA_2007_HLA2007_normal_grid_S0019_daily.csv
HLA,HLA,Hailun,2007,Leave_One_experiments\wth_generated_qc\HLA\HLA2007.WTH,normal_year;nitrogen_stress_year;low_response_year,normal,HLA2007_normal_grid_S0019,pareto_balanced,2007-07-28,209,90,85,"{""sim_day"": 90.0, ""doy"": 209.0, ""topwt"": 8313.597412109375, ""grnwt"": 0.0, ""xlai"": 4.270063400268555, ""totir"": 0.0, ""tofer"": NaN, ""swfac"": 0.0, ""nstres"": 0.0}",0.0,0.0,8313.597412109375,0.0,4.270063400268555,0.0,,0.0,0.0,0.0,225.0,16.644256591796875,16.644256591796875,Leave_One_experiments/all_year_offline_schedule_search/daily_outputs/HLA/HLA_2007_HLA2007_normal_grid_S0019_daily.csv
HLA,HLA,Hailun,2007,Leave_One_experiments\wth_generated_qc\HLA\HLA2007.WTH,normal_year;nitrogen_stress_year;low_response_year,normal,HLA2007_normal_grid_S0019,pareto_balanced,2007-07-29,210,91,86,"{""sim_day"": 91.0, ""doy"": 210.0, ""topwt"": 8681.6796875, ""grnwt"": 0.0, ""xlai"": 4.2524027824401855, ""totir"": 0.0, ""tofer"": NaN, ""swfac"": 0.0, ""nstres"": 0.0}",0.0,0.0,8681.6796875,0.0,4.2524027824401855,0.0,,0.0,0.0,0.0,225.0,16.644256591796875,16.644256591796875,Leave_One_experiments/all_year_offline_schedule_search/daily_outputs/HLA/HLA_2007_HLA2007_normal_grid_S0019_daily.csv
HLA,HLA,Hailun,2007,Leave_One_experiments\wth_generated_qc\HLA\HLA2007.WTH,normal_year;nitrogen_stress_year;low_response_year,normal,HLA2007_normal_grid_S0019,pareto_balanced,2007-07-30,211,92,87,"{""sim_day"": 92.0, ""doy"": 211.0, ""topwt"": 9138.7158203125, ""grnwt"": 0.0, ""xlai"": 4.2385663986206055, ""totir"": 0.0, ""tofer"": NaN, ""swfac"": 0.0, ""nstres"": 0.0}",0.0,0.0,9138.7158203125,0.0,4.2385663986206055,0.0,,0.0,0.0,0.0,225.0,16.644256591796875,16.644256591796875,Leave_One_experiments/all_year_offline_schedule_search/daily_outputs/HLA/HLA_2007_HLA2007_normal_grid_S0019_daily.csv
HLA,HLA,Hailun,2007,Leave_One_experiments\wth_generated_qc\HLA\HLA2007.WTH,normal_year;nitrogen_stress_year;low_response_year,normal,HLA2007_normal_grid_S0019,pareto_balanced,2007-07-31,212,93,88,"{""sim_day"": 93.0, ""doy"": 212.0, ""topwt"": 9574.630737304688, ""grnwt"": 0.0, ""xlai"": 4.225348949432373, ""totir"": 0.0, ""tofer"": NaN, ""swfac"": 0.0, ""nstres"": 0.0}",0.0,0.0,9574.630737304688,0.0,4.225348949432373,0.0,,0.0,0.0,0.0,225.0,16.644256591796875,16.644256591796875,Leave_One_experiments/all_year_offline_schedule_search/daily_outputs/HLA/HLA_2007_HLA2007_normal_grid_S0019_daily.csv
HLA,HLA,Hailun,2007,Leave_One_experiments\wth_generated_qc\HLA\HLA2007.WTH,normal_year;nitrogen_stress_year;low_response_year,normal,HLA2007_normal_grid_S0019,pareto_balanced,2007-08-01,213,94,89,"{""sim_day"": 94.0, ""doy"": 213.0, ""topwt"": 10014.0087890625, ""grnwt"": 0.0, ""xlai"": 4.213931083679199, ""totir"": 0.0, ""tofer"": NaN, ""swfac"": 0.0, ""nstres"": 0.0}",0.0,0.0,10014.0087890625,0.0,4.213931083679199,0.0,,0.0,0.0,0.0,225.0,16.644256591796875,16.644256591796875,Leave_One_experiments/all_year_offline_schedule_search/daily_outputs/HLA/HLA_2007_HLA2007_normal_grid_S0019_daily.csv
HLA,HLA,Hailun,2007,Leave_One_experiments\wth_generated_qc\HLA\HLA2007.WTH,normal_year;nitrogen_stress_year;low_response_year,normal,HLA2007_normal_grid_S0019,pareto_balanced,2007-08-02,214,95,90,"{""sim_day"": 95.0, ""doy"": 214.0, ""topwt"": 10434.1650390625, ""grnwt"": 0.0, ""xlai"": 4.200544834136963, ""totir"": 0.0, ""tofer"": NaN, ""swfac"": 0.0, ""nstres"": 0.0}",0.0,0.0,10434.1650390625,0.0,4.200544834136963,0.0,,0.0,0.0,0.0,225.0,16.644256591796875,16.644256591796875,Leave_One_experiments/all_year_offline_schedule_search/daily_outputs/HLA/HLA_2007_HLA2007_normal_grid_S0019_daily.csv
HLA,HLA,Hailun,2007,Leave_One_experiments\wth_generated_qc\HLA\HLA2007.WTH,normal_year;nitrogen_stress_year;low_response_year,normal,HLA2007_normal_grid_S0019,pareto_balanced,2007-08-03,215,96,91,"{""sim_day"": 96.0, ""doy"": 215.0, ""topwt"": 10877.4951171875, ""grnwt"": 0.0, ""xlai"": 4.1844024658203125, ""totir"": 0.0, ""tofer"": NaN, ""swfac"": 0.0, ""nstres"": 0.0}",0.0,0.0,10877.4951171875,0.0,4.1844024658203125,0.0,,0.0,0.0,0.0,225.0,16.644256591796875,16.644256591796875,Leave_One_experiments/all_year_offline_schedule_search/daily_outputs/HLA/HLA_2007_HLA2007_normal_grid_S0019_daily.csv
HLA,HLA,Hailun,2007,Leave_One_experiments\wth_generated_qc\HLA\HLA2007.WTH,normal_year;nitrogen_stress_year;low_response_year,normal,HLA2007_normal_grid_S0019,pareto_balanced,2007-08-04,216,97,92,"{""sim_day"": 97.0, ""doy"": 216.0, ""topwt"": 11275.04150390625, ""grnwt"": 0.0, ""xlai"": 4.168598175048828, ""totir"": 0.0, ""tofer"": NaN, ""swfac"": 0.0, ""nstres"": 0.0}",0.0,0.0,11275.04150390625,0.0,4.168598175048828,0.0,,0.0,0.0,0.0,225.0,16.644256591796875,16.644256591796875,Leave_One_experiments/all_year_offline_schedule_search/daily_outputs/HLA/HLA_2007_HLA2007_normal_grid_S0019_daily.csv
HLA,HLA,Hailun,2007,Leave_One_experiments\wth_generated_qc\HLA\HLA2007.WTH,normal_year;nitrogen_stress_year;low_response_year,normal,HLA2007_normal_grid_S0019,pareto_balanced,2007-08-05,217,98,93,"{""sim_day"": 98.0, ""doy"": 217.0, ""topwt"": 11580.0927734375, ""grnwt"": 0.0, ""xlai"": 4.151499271392822, ""totir"": 0.0, ""tofer"": NaN, ""swfac"": 0.0, ""nstres"": 0.0}",0.0,0.0,11580.0927734375,0.0,4.151499271392822,0.0,,0.0,0.0,0.0,225.0,16.644256591796875,16.644256591796875,Leave_One_experiments/all_year_offline_schedule_search/daily_outputs/HLA/HLA_2007_HLA2007_normal_grid_S0019_daily.csv
HLA,HLA,Hailun,2007,Leave_One_experiments\wth_generated_qc\HLA\HLA2007.WTH,normal_year;nitrogen_stress_year;low_response_year,normal,HLA2007_normal_grid_S0019,pareto_balanced,2007-08-06,218,99,94,"{""sim_day"": 99.0, ""doy"": 218.0, ""topwt"": 11668.28125, ""grnwt"": 0.0, ""xlai"": 4.135582447052002, ""totir"": 0.0, ""tofer"": NaN, ""swfac"": 0.0, ""nstres"": 0.0}",0.0,0.0,11668.28125,0.0,4.135582447052002,0.0,,0.0,0.0,0.0,225.0,16.644256591796875,16.644256591796875,Leave_One_experiments/all_year_offline_schedule_search/daily_outputs/HLA/HLA_2007_HLA2007_normal_grid_S0019_daily.csv
HLA,HLA,Hailun,2007,Leave_One_experiments\wth_generated_qc\HLA\HLA2007.WTH,normal_year;nitrogen_stress_year;low_response_year,normal,HLA2007_normal_grid_S0019,pareto_balanced,2007-08-07,219,100,95,"{""sim_day"": 100.0, ""doy"": 219.0, ""topwt"": 11913.226318359377, ""grnwt"": 0.0, ""xlai"": 4.117190361022949, ""totir"": 0.0, ""tofer"": NaN, ""swfac"": 0.0, ""nstres"": 0.0}",0.0,0.0,11913.226318359377,0.0,4.117190361022949,0.0,,0.0,0.0,0.0,225.0,16.644256591796875,16.644256591796875,Leave_One_experiments/all_year_offline_schedule_search/daily_outputs/HLA/HLA_2007_HLA2007_normal_grid_S0019_daily.csv
HLA,HLA,Hailun,2007,Leave_One_experiments\wth_generated_qc\HLA\HLA2007.WTH,normal_year;nitrogen_stress_year;low_response_year,normal,HLA2007_normal_grid_S0019,pareto_balanced,2007-08-08,220,101,96,"{""sim_day"": 101.0, ""doy"": 220.0, ""topwt"": 12034.47021484375, ""grnwt"": 0.0, ""xlai"": 4.100991725921631, ""totir"": 0.0, ""tofer"": NaN, ""swfac"": 0.0, ""nstres"": 0.0}",0.0,0.0,12034.47021484375,0.0,4.100991725921631,0.0,,0.0,0.0,0.0,225.0,16.644256591796875,16.644256591796875,Leave_One_experiments/all_year_offline_schedule_search/daily_outputs/HLA/HLA_2007_HLA2007_normal_grid_S0019_daily.csv
HLA,HLA,Hailun,2007,Leave_One_experiments\wth_generated_qc\HLA\HLA2007.WTH,normal_year;nitrogen_stress_year;low_response_year,normal,HLA2007_normal_grid_S0019,pareto_balanced,2007-08-09,221,102,97,"{""sim_day"": 102.0, ""doy"": 221.0, ""topwt"": 12167.857666015623, ""grnwt"": 0.0, ""xlai"": 4.085468292236328, ""totir"": 0.0, ""tofer"": NaN, ""swfac"": 0.0, ""nstres"": 0.0}",0.0,0.0,12167.857666015623,0.0,4.085468292236328,0.0,,0.0,0.0,0.0,225.0,16.644256591796875,16.644256591796875,Leave_One_experiments/all_year_offline_schedule_search/daily_outputs/HLA/HLA_2007_HLA2007_normal_grid_S0019_daily.csv
HLA,HLA,Hailun,2007,Leave_One_experiments\wth_generated_qc\HLA\HLA2007.WTH,normal_year;nitrogen_stress_year;low_response_year,normal,HLA2007_normal_grid_S0019,pareto_balanced,2007-08-10,222,103,98,"{""sim_day"": 103.0, ""doy"": 222.0, ""topwt"": 12346.165771484377, ""grnwt"": 178.3086395263672, ""xlai"": 3.989720106124878, ""totir"": 0.0, ""tofer"": NaN, ""swfac"": 0.0, ""nstres"": 0.0}",0.0,0.0,12346.165771484377,178.3086395263672,3.989720106124878,0.0,,0.0,0.0,0.0,225.0,16.644256591796875,16.644256591796875,Leave_One_experiments/all_year_offline_schedule_search/daily_outputs/HLA/HLA_2007_HLA2007_normal_grid_S0019_daily.csv
HLA,HLA,Hailun,2007,Leave_One_experiments\wth_generated_qc\HLA\HLA2007.WTH,normal_year;nitrogen_stress_year;low_response_year,normal,HLA2007_normal_grid_S0019,pareto_balanced,2007-08-11,223,104,99,"{""sim_day"": 104.0, ""doy"": 223.0, ""topwt"": 12524.47509765625, ""grnwt"": 356.6172790527344, ""xlai"": 3.9736673831939697, ""totir"": 0.0, ""tofer"": NaN, ""swfac"": 0.0, ""nstres"": 0.0}",0.0,0.0,12524.47509765625,356.6172790527344,3.9736673831939697,0.0,,0.0,0.0,0.0,225.0,16.644256591796875,16.644256591796875,Leave_One_experiments/all_year_offline_schedule_search/daily_outputs/HLA/HLA_2007_HLA2007_normal_grid_S0019_daily.csv
HLA,HLA,Hailun,2007,Leave_One_experiments\wth_generated_qc\HLA\HLA2007.WTH,normal_year;nitrogen_stress_year;low_response_year,normal,HLA2007_normal_grid_S0019,pareto_balanced,2007-08-12,224,105,100,"{""sim_day"": 105.0, ""doy"": 224.0, ""topwt"": 12638.90625, ""grnwt"": 534.9259185791016, ""xlai"": 3.9578158855438232, ""totir"": 0.0, ""tofer"": NaN, ""swfac"": 0.0, ""nstres"": 0.0}",0.0,0.0,12638.90625,534.9259185791016,3.9578158855438232,0.0,,0.0,0.0,0.0,225.0,16.644256591796875,16.644256591796875,Leave_One_experiments/all_year_offline_schedule_search/daily_outputs/HLA/HLA_2007_HLA2007_normal_grid_S0019_daily.csv
HLA,HLA,Hailun,2007,Leave_One_experiments\wth_generated_qc\HLA\HLA2007.WTH,normal_year;nitrogen_stress_year;low_response_year,normal,HLA2007_normal_grid_S0019,pareto_balanced,2007-08-13,225,106,101,"{""sim_day"": 106.0, ""doy"": 225.0, ""topwt"": 12881.09130859375, ""grnwt"": 713.2345581054688, ""xlai"": 3.937227249145508, ""totir"": 0.0, ""tofer"": NaN, ""swfac"": 0.0, ""nstres"": 0.0}",0.0,0.0,12881.09130859375,713.2345581054688,3.937227249145508,0.0,,0.0,0.0,0.0,225.0,16.644256591796875,16.644256591796875,Leave_One_experiments/all_year_offline_schedule_search/daily_outputs/HLA/HLA_2007_HLA2007_normal_grid_S0019_daily.csv
HLA,HLA,Hailun,2007,Leave_One_experiments\wth_generated_qc\HLA\HLA2007.WTH,normal_year;nitrogen_stress_year;low_response_year,normal,HLA2007_normal_grid_S0019,pareto_balanced,2007-08-14,226,107,102,"{""sim_day"": 107.0, ""doy"": 226.0, ""topwt"": 13059.3994140625, ""grnwt"": 891.5431976318359, ""xlai"": 3.915629148483277, ""totir"": 0.0, ""tofer"": NaN, ""swfac"": 0.0, ""nstres"": 0.0}",0.0,0.0,13059.3994140625,891.5431976318359,3.915629148483277,0.0,,0.0,0.0,0.0,225.0,16.644256591796875,16.644256591796875,Leave_One_experiments/all_year_offline_schedule_search/daily_outputs/HLA/HLA_2007_HLA2007_normal_grid_S0019_daily.csv
HLA,HLA,Hailun,2007,Leave_One_experiments\wth_generated_qc\HLA\HLA2007.WTH,normal_year;nitrogen_stress_year;low_response_year,normal,HLA2007_normal_grid_S0019,pareto_balanced,2007-08-15,227,108,103,"{""sim_day"": 108.0, ""doy"": 227.0, ""topwt"": 13237.708740234377, ""grnwt"": 1069.8518371582031, ""xlai"": 3.887448787689209, ""totir"": 0.0, ""tofer"": NaN, ""swfac"": 0.0, ""nstres"": 0.0}",0.0,0.0,13237.708740234377,1069.8518371582031,3.887448787689209,0.0,,0.0,0.0,0.0,225.0,16.644256591796875,16.644256591796875,Leave_One_experiments/all_year_offline_schedule_search/daily_outputs/HLA/HLA_2007_HLA2007_normal_grid_S0019_daily.csv
HLA,HLA,Hailun,2007,Leave_One_experiments\wth_generated_qc\HLA\HLA2007.WTH,normal_year;nitrogen_stress_year;low_response_year,normal,HLA2007_normal_grid_S0019,pareto_balanced,2007-08-16,228,109,104,"{""sim_day"": 109.0, ""doy"": 228.0, ""topwt"": 13416.016845703123, ""grnwt"": 1248.1605529785156, ""xlai"": 3.86405611038208, ""totir"": 0.0, ""tofer"": NaN, ""swfac"": 0.0, ""nstres"": 0.0}",0.0,0.0,13416.016845703123,1248.1605529785156,3.86405611038208,0.0,,0.0,0.0,0.0,225.0,16.644256591796875,16.644256591796875,Leave_One_experiments/all_year_offline_schedule_search/daily_outputs/HLA/HLA_2007_HLA2007_normal_grid_S0019_daily.csv
HLA,HLA,Hailun,2007,Leave_One_experiments\wth_generated_qc\HLA\HLA2007.WTH,normal_year;nitrogen_stress_year;low_response_year,normal,HLA2007_normal_grid_S0019,pareto_balanced,2007-08-17,229,110,105,"{""sim_day"": 110.0, ""doy"": 229.0, ""topwt"": 13594.324951171877, ""grnwt"": 1426.469268798828, ""xlai"": 3.837146043777466, ""totir"": 0.0, ""tofer"": NaN, ""swfac"": 0.0, ""nstres"": 0.0}",0.0,0.0,13594.324951171877,1426.469268798828,3.837146043777466,0.0,,0.0,0.0,0.0,225.0,16.644256591796875,16.644256591796875,Leave_One_experiments/all_year_offline_schedule_search/daily_outputs/HLA/HLA_2007_HLA2007_normal_grid_S0019_daily.csv
HLA,HLA,Hailun,2007,Leave_One_experiments\wth_generated_qc\HLA\HLA2007.WTH,normal_year;nitrogen_stress_year;low_response_year,normal,HLA2007_normal_grid_S0019,pareto_balanced,2007-08-18,230,111,106,"{""sim_day"": 111.0, ""doy"": 230.0, ""topwt"": 13772.63427734375, ""grnwt"": 1604.77783203125, ""xlai"": 3.801084280014038, ""totir"": 0.0, ""tofer"": NaN, ""swfac"": 0.0, ""nstres"": 0.0}",0.0,0.0,13772.63427734375,1604.77783203125,3.801084280014038,0.0,,0.0,0.0,0.0,225.0,16.644256591796875,16.644256591796875,Leave_One_experiments/all_year_offline_schedule_search/daily_outputs/HLA/HLA_2007_HLA2007_normal_grid_S0019_daily.csv
HLA,HLA,Hailun,2007,Leave_One_experiments\wth_generated_qc\HLA\HLA2007.WTH,normal_year;nitrogen_stress_year;low_response_year,normal,HLA2007_normal_grid_S0019,pareto_balanced,2007-08-19,231,112,107,"{""sim_day"": 112.0, ""doy"": 231.0, ""topwt"": 13950.9423828125, ""grnwt"": 1783.0865478515625, ""xlai"": 3.757637023925781, ""totir"": 0.0, ""tofer"": NaN, ""swfac"": 0.0, ""nstres"": 0.0}",0.0,0.0,13950.9423828125,1783.0865478515625,3.757637023925781,0.0,,0.0,0.0,0.0,225.0,16.644256591796875,16.644256591796875,Leave_One_experiments/all_year_offline_schedule_search/daily_outputs/HLA/HLA_2007_HLA2007_normal_grid_S0019_daily.csv
HLA,HLA,Hailun,2007,Leave_One_experiments\wth_generated_qc\HLA\HLA2007.WTH,normal_year;nitrogen_stress_year;low_response_year,normal,HLA2007_normal_grid_S0019,pareto_balanced,2007-08-20,232,113,108,"{""sim_day"": 113.0, ""doy"": 232.0, ""topwt"": 14129.25048828125, ""grnwt"": 1961.395263671875, ""xlai"": 3.725724220275879, ""totir"": 0.0, ""tofer"": NaN, ""swfac"": 0.0, ""nstres"": 0.0}",0.0,0.0,14129.25048828125,1961.395263671875,3.725724220275879,0.0,,0.0,0.0,0.0,225.0,16.644256591796875,16.644256591796875,Leave_One_experiments/all_year_offline_schedule_search/daily_outputs/HLA/HLA_2007_HLA2007_normal_grid_S0019_daily.csv
HLA,HLA,Hailun,2007,Leave_One_experiments\wth_generated_qc\HLA\HLA2007.WTH,normal_year;nitrogen_stress_year;low_response_year,normal,HLA2007_normal_grid_S0019,pareto_balanced,2007-08-21,233,114,109,"{""sim_day"": 114.0, ""doy"": 233.0, ""topwt"": 14307.56103515625, ""grnwt"": 2139.7039794921875, ""xlai"": 3.699603080749512, ""totir"": 0.0, ""tofer"": NaN, ""swfac"": 0.0, ""nstres"": 0.0}",0.0,0.0,14307.56103515625,2139.7039794921875,3.699603080749512,0.0,,0.0,0.0,0.0,225.0,16.644256591796875,16.644256591796875,Leave_One_experiments/all_year_offline_schedule_search/daily_outputs/HLA/HLA_2007_HLA2007_normal_grid_S0019_daily.csv
HLA,HLA,Hailun,2007,Leave_One_experiments\wth_generated_qc\HLA\HLA2007.WTH,normal_year;nitrogen_stress_year;low_response_year,normal,HLA2007_normal_grid_S0019,pareto_balanced,2007-08-22,234,115,110,"{""sim_day"": 115.0, ""doy"": 234.0, ""topwt"": 14485.870361328123, ""grnwt"": 2318.0126953125, ""xlai"": 3.664854526519776, ""totir"": 0.0, ""tofer"": NaN, ""swfac"": 0.0, ""nstres"": 0.0}",0.0,0.0,14485.870361328123,2318.0126953125,3.664854526519776,0.0,,0.0,0.0,0.0,225.0,16.644256591796875,16.644256591796875,Leave_One_experiments/all_year_offline_schedule_search/daily_outputs/HLA/HLA_2007_HLA2007_normal_grid_S0019_daily.csv
HLA,HLA,Hailun,2007,Leave_One_experiments\wth_generated_qc\HLA\HLA2007.WTH,normal_year;nitrogen_stress_year;low_response_year,normal,HLA2007_normal_grid_S0019,pareto_balanced,2007-08-23,235,116,111,"{""sim_day"": 116.0, ""doy"": 235.0, ""topwt"": 14664.178466796877, ""grnwt"": 2496.321258544922, ""xlai"": 3.6180498600006095, ""totir"": 0.0, ""tofer"": NaN, ""swfac"": 0.0, ""nstres"": 0.0}",0.0,0.0,14664.178466796877,2496.321258544922,3.6180498600006095,0.0,,0.0,0.0,0.0,225.0,16.644256591796875,16.644256591796875,Leave_One_experiments/all_year_offline_schedule_search/daily_outputs/HLA/HLA_2007_HLA2007_normal_grid_S0019_daily.csv
HLA,HLA,Hailun,2007,Leave_One_experiments\wth_generated_qc\HLA\HLA2007.WTH,normal_year;nitrogen_stress_year;low_response_year,normal,HLA2007_normal_grid_S0019,pareto_balanced,2007-08-24,236,117,112,"{""sim_day"": 117.0, ""doy"": 236.0, ""topwt"": 14842.486572265623, ""grnwt"": 2674.630126953125, ""xlai"": 3.576035499572754, ""totir"": 0.0, ""tofer"": NaN, ""swfac"": 0.0, ""nstres"": 0.0}",0.0,0.0,14842.486572265623,2674.630126953125,3.576035499572754,0.0,,0.0,0.0,0.0,225.0,16.644256591796875,16.644256591796875,Leave_One_experiments/all_year_offline_schedule_search/daily_outputs/HLA/HLA_2007_HLA2007_normal_grid_S0019_daily.csv
HLA,HLA,Hailun,2007,Leave_One_experiments\wth_generated_qc\HLA\HLA2007.WTH,normal_year;nitrogen_stress_year;low_response_year,normal,HLA2007_normal_grid_S0019,pareto_balanced,2007-08-25,237,118,113,"{""sim_day"": 118.0, ""doy"": 237.0, ""topwt"": 15020.7958984375, ""grnwt"": 2852.938537597656, ""xlai"": 3.536749124526977, ""totir"": 0.0, ""tofer"": NaN, ""swfac"": 0.0, ""nstres"": 0.0}",0.0,0.0,15020.7958984375,2852.938537597656,3.536749124526977,0.0,,0.0,0.0,0.0,225.0,16.644256591796875,16.644256591796875,Leave_One_experiments/all_year_offline_schedule_search/daily_outputs/HLA/HLA_2007_HLA2007_normal_grid_S0019_daily.csv
HLA,HLA,Hailun,2007,Leave_One_experiments\wth_generated_qc\HLA\HLA2007.WTH,normal_year;nitrogen_stress_year;low_response_year,normal,HLA2007_normal_grid_S0019,pareto_balanced,2007-08-26,238,119,114,"{""sim_day"": 119.0, ""doy"": 238.0, ""topwt"": 15199.1064453125, ""grnwt"": 3031.2472534179688, ""xlai"": 3.49448037147522, ""totir"": 0.0, ""tofer"": NaN, ""swfac"": 0.0, ""nstres"": 0.0}",0.0,0.0,15199.1064453125,3031.2472534179688,3.49448037147522,0.0,,0.0,0.0,0.0,225.0,16.644256591796875,16.644256591796875,Leave_One_experiments/all_year_offline_schedule_search/daily_outputs/HLA/HLA_2007_HLA2007_normal_grid_S0019_daily.csv
HLA,HLA,Hailun,2007,Leave_One_experiments\wth_generated_qc\HLA\HLA2007.WTH,normal_year;nitrogen_stress_year;low_response_year,normal,HLA2007_normal_grid_S0019,pareto_balanced,2007-08-27,239,120,115,"{""sim_day"": 120.0, ""doy"": 239.0, ""topwt"": 15351.092529296877, ""grnwt"": 3183.2342529296875, ""xlai"": 3.465381860733032, ""totir"": 0.0, ""tofer"": NaN, ""swfac"": 0.0, ""nstres"": 0.0}",0.0,0.0,15351.092529296877,3183.2342529296875,3.465381860733032,0.0,,0.0,0.0,0.0,225.0,16.644256591796875,16.644256591796875,Leave_One_experiments/all_year_offline_schedule_search/daily_outputs/HLA/HLA_2007_HLA2007_normal_grid_S0019_daily.csv
HLA,HLA,Hailun,2007,Leave_One_experiments\wth_generated_qc\HLA\HLA2007.WTH,normal_year;nitrogen_stress_year;low_response_year,normal,HLA2007_normal_grid_S0019,pareto_balanced,2007-08-28,240,121,116,"{""sim_day"": 121.0, ""doy"": 240.0, ""topwt"": 15529.400634765623, ""grnwt"": 3361.54296875, ""xlai"": 3.423570156097412, ""totir"": 0.0, ""tofer"": NaN, ""swfac"": 0.0, ""nstres"": 0.0}",0.0,0.0,15529.400634765623,3361.54296875,3.423570156097412,0.0,,0.0,0.0,0.0,225.0,16.644256591796875,16.644256591796875,Leave_One_experiments/all_year_offline_schedule_search/daily_outputs/HLA/HLA_2007_HLA2007_normal_grid_S0019_daily.csv
HLA,HLA,Hailun,2007,Leave_One_experiments\wth_generated_qc\HLA\HLA2007.WTH,normal_year;nitrogen_stress_year;low_response_year,normal,HLA2007_normal_grid_S0019,pareto_balanced,2007-08-29,241,122,117,"{""sim_day"": 122.0, ""doy"": 241.0, ""topwt"": 15707.708740234377, ""grnwt"": 3539.8513793945312, ""xlai"": 3.382265090942383, ""totir"": 0.0, ""tofer"": NaN, ""swfac"": 0.0, ""nstres"": 0.0}",0.0,0.0,15707.708740234377,3539.8513793945312,3.382265090942383,0.0,,0.0,0.0,0.0,225.0,16.644256591796875,16.644256591796875,Leave_One_experiments/all_year_offline_schedule_search/daily_outputs/HLA/HLA_2007_HLA2007_normal_grid_S0019_daily.csv
HLA,HLA,Hailun,2007,Leave_One_experiments\wth_generated_qc\HLA\HLA2007.WTH,normal_year;nitrogen_stress_year;low_response_year,normal,HLA2007_normal_grid_S0019,pareto_balanced,2007-08-30,242,123,118,"{""sim_day"": 123.0, ""doy"": 242.0, ""topwt"": 15886.01806640625, ""grnwt"": 3718.1597900390634, ""xlai"": 3.3378522396087646, ""totir"": 0.0, ""tofer"": NaN, ""swfac"": 0.0, ""nstres"": 0.0}",0.0,0.0,15886.01806640625,3718.1597900390634,3.3378522396087646,0.0,,0.0,0.0,0.0,225.0,16.644256591796875,16.644256591796875,Leave_One_experiments/all_year_offline_schedule_search/daily_outputs/HLA/HLA_2007_HLA2007_normal_grid_S0019_daily.csv
HLA,HLA,Hailun,2007,Leave_One_experiments\wth_generated_qc\HLA\HLA2007.WTH,normal_year;nitrogen_stress_year;low_response_year,normal,HLA2007_normal_grid_S0019,pareto_balanced,2007-08-31,243,124,119,"{""sim_day"": 124.0, ""doy"": 243.0, ""topwt"": 16064.32861328125, ""grnwt"": 3896.468505859375, ""xlai"": 3.2719039916992188, ""totir"": 0.0, ""tofer"": NaN, ""swfac"": 0.0, ""nstres"": 0.0}",0.0,0.0,16064.32861328125,3896.468505859375,3.2719039916992188,0.0,,0.0,0.0,0.0,225.0,16.644256591796875,16.644256591796875,Leave_One_experiments/all_year_offline_schedule_search/daily_outputs/HLA/HLA_2007_HLA2007_normal_grid_S0019_daily.csv
HLA,HLA,Hailun,2007,Leave_One_experiments\wth_generated_qc\HLA\HLA2007.WTH,normal_year;nitrogen_stress_year;low_response_year,normal,HLA2007_normal_grid_S0019,pareto_balanced,2007-09-01,244,125,120,"{""sim_day"": 125.0, ""doy"": 244.0, ""topwt"": 16242.63671875, ""grnwt"": 4074.776916503906, ""xlai"": 3.2163045406341557, ""totir"": 0.0, ""tofer"": NaN, ""swfac"": 0.0, ""nstres"": 0.0}",0.0,0.0,16242.63671875,4074.776916503906,3.2163045406341557,0.0,,0.0,0.0,0.0,225.0,16.644256591796875,16.644256591796875,Leave_One_experiments/all_year_offline_schedule_search/daily_outputs/HLA/HLA_2007_HLA2007_normal_grid_S0019_daily.csv
HLA,HLA,Hailun,2007,Leave_One_experiments\wth_generated_qc\HLA\HLA2007.WTH,normal_year;nitrogen_stress_year;low_response_year,normal,HLA2007_normal_grid_S0019,pareto_balanced,2007-09-02,245,126,121,"{""sim_day"": 126.0, ""doy"": 245.0, ""topwt"": 16377.6416015625, ""grnwt"": 4209.782104492188, ""xlai"": 3.18423080444336, ""totir"": 0.0, ""tofer"": NaN, ""swfac"": 0.0, ""nstres"": 0.0}",0.0,0.0,16377.6416015625,4209.782104492188,3.18423080444336,0.0,,0.0,0.0,0.0,225.0,16.644256591796875,16.644256591796875,Leave_One_experiments/all_year_offline_schedule_search/daily_outputs/HLA/HLA_2007_HLA2007_normal_grid_S0019_daily.csv
HLA,HLA,Hailun,2007,Leave_One_experiments\wth_generated_qc\HLA\HLA2007.WTH,normal_year;nitrogen_stress_year;low_response_year,normal,HLA2007_normal_grid_S0019,pareto_balanced,2007-09-03,246,127,122,"{""sim_day"": 127.0, ""doy"": 246.0, ""topwt"": 16540.66650390625, ""grnwt"": 4372.8070068359375, ""xlai"": 3.1421494483947754, ""totir"": 0.0, ""tofer"": NaN, ""swfac"": 0.0, ""nstres"": 0.0}",0.0,0.0,16540.66650390625,4372.8070068359375,3.1421494483947754,0.0,,0.0,0.0,0.0,225.0,16.644256591796875,16.644256591796875,Leave_One_experiments/all_year_offline_schedule_search/daily_outputs/HLA/HLA_2007_HLA2007_normal_grid_S0019_daily.csv
HLA,HLA,Hailun,2007,Leave_One_experiments\wth_generated_qc\HLA\HLA2007.WTH,normal_year;nitrogen_stress_year;low_response_year,normal,HLA2007_normal_grid_S0019,pareto_balanced,2007-09-04,247,128,123,"{""sim_day"": 128.0, ""doy"": 247.0, ""topwt"": 16718.975830078125, ""grnwt"": 4551.115417480469, ""xlai"": 3.088929414749145, ""totir"": 0.0, ""tofer"": NaN, ""swfac"": 0.0, ""nstres"": 0.0069405436515808}",0.0,0.0069405436515808,16718.975830078125,4551.115417480469,3.088929414749145,0.0,,0.0,0.0,0.0,225.0,16.644256591796875,16.644256591796875,Leave_One_experiments/all_year_offline_schedule_search/daily_outputs/HLA/HLA_2007_HLA2007_normal_grid_S0019_daily.csv
HLA,HLA,Hailun,2007,Leave_One_experiments\wth_generated_qc\HLA\HLA2007.WTH,normal_year;nitrogen_stress_year;low_response_year,normal,HLA2007_normal_grid_S0019,pareto_balanced,2007-09-05,248,129,124,"{""sim_day"": 129.0, ""doy"": 248.0, ""topwt"": 16897.283935546875, ""grnwt"": 4729.423828125, ""xlai"": 3.0197887420654297, ""totir"": 0.0, ""tofer"": NaN, ""swfac"": 0.0, ""nstres"": 0.0200037956237792}",0.0,0.0200037956237792,16897.283935546875,4729.423828125,3.0197887420654297,0.0,,0.0,0.0,0.0,225.0,16.644256591796875,16.644256591796875,Leave_One_experiments/all_year_offline_schedule_search/daily_outputs/HLA/HLA_2007_HLA2007_normal_grid_S0019_daily.csv
HLA,HLA,Hailun,2007,Leave_One_experiments\wth_generated_qc\HLA\HLA2007.WTH,normal_year;nitrogen_stress_year;low_response_year,normal,HLA2007_normal_grid_S0019,pareto_balanced,2007-09-06,249,130,125,"{""sim_day"": 130.0, ""doy"": 249.0, ""topwt"": 17075.592041015625, ""grnwt"": 4907.7325439453125, ""xlai"": 2.944320678710937, ""totir"": 0.0, ""tofer"": NaN, ""swfac"": 0.0, ""nstres"": 0.0332710742950439}",0.0,0.0332710742950439,17075.592041015625,4907.7325439453125,2.944320678710937,0.0,,0.0,0.0,0.0,225.0,16.644256591796875,16.644256591796875,Leave_One_experiments/all_year_offline_schedule_search/daily_outputs/HLA/HLA_2007_HLA2007_normal_grid_S0019_daily.csv
HLA,HLA,Hailun,2007,Leave_One_experiments\wth_generated_qc\HLA\HLA2007.WTH,normal_year;nitrogen_stress_year;low_response_year,normal,HLA2007_normal_grid_S0019,pareto_balanced,2007-09-07,250,131,126,"{""sim_day"": 131.0, ""doy"": 250.0, ""topwt"": 17155.62744140625, ""grnwt"": 5079.248352050781, ""xlai"": 2.891305685043335, ""totir"": 0.0, ""tofer"": NaN, ""swfac"": 0.0, ""nstres"": 0.0500372648239135}",0.0,0.0500372648239135,17155.62744140625,5079.248352050781,2.891305685043335,0.0,,0.0,0.0,0.0,225.0,16.644256591796875,16.644256591796875,Leave_One_experiments/all_year_offline_schedule_search/daily_outputs/HLA/HLA_2007_HLA2007_normal_grid_S0019_daily.csv
HLA,HLA,Hailun,2007,Leave_One_experiments\wth_generated_qc\HLA\HLA2007.WTH,normal_year;nitrogen_stress_year;low_response_year,normal,HLA2007_normal_grid_S0019,pareto_balanced,2007-09-08,251,132,127,"{""sim_day"": 132.0, ""doy"": 251.0, ""topwt"": 17346.17919921875, ""grnwt"": 5251.61376953125, ""xlai"": 2.836256742477417, ""totir"": 0.0, ""tofer"": NaN, ""swfac"": 0.0, ""nstres"": 0.065906286239624}",0.0,0.065906286239624,17346.17919921875,5251.61376953125,2.836256742477417,0.0,,0.0,0.0,0.0,225.0,16.644256591796875,16.644256591796875,Leave_One_experiments/all_year_offline_schedule_search/daily_outputs/HLA/HLA_2007_HLA2007_normal_grid_S0019_daily.csv
HLA,HLA,Hailun,2007,Leave_One_experiments\wth_generated_qc\HLA\HLA2007.WTH,normal_year;nitrogen_stress_year;low_response_year,normal,HLA2007_normal_grid_S0019,pareto_balanced,2007-09-09,252,133,128,"{""sim_day"": 133.0, ""doy"": 252.0, ""topwt"": 17518.0517578125, ""grnwt"": 5405.298461914063, ""xlai"": 2.787759780883789, ""totir"": 0.0, ""tofer"": NaN, ""swfac"": 0.0, ""nstres"": 0.0751475095748901}",0.0,0.0751475095748901,17518.0517578125,5405.298461914063,2.787759780883789,0.0,,0.0,0.0,0.0,225.0,16.644256591796875,16.644256591796875,Leave_One_experiments/all_year_offline_schedule_search/daily_outputs/HLA/HLA_2007_HLA2007_normal_grid_S0019_daily.csv
HLA,HLA,Hailun,2007,Leave_One_experiments\wth_generated_qc\HLA\HLA2007.WTH,normal_year;nitrogen_stress_year;low_response_year,normal,HLA2007_normal_grid_S0019,pareto_balanced,2007-09-10,253,134,129,"{""sim_day"": 134.0, ""doy"": 253.0, ""topwt"": 17684.08447265625, ""grnwt"": 5583.607177734375, ""xlai"": 2.713592052459717, ""totir"": 0.0, ""tofer"": NaN, ""swfac"": 0.0, ""nstres"": 0.0892688035964965}",0.0,0.0892688035964965,17684.08447265625,5583.607177734375,2.713592052459717,0.0,,0.0,0.0,0.0,225.0,16.644256591796875,16.644256591796875,Leave_One_experiments/all_year_offline_schedule_search/daily_outputs/HLA/HLA_2007_HLA2007_normal_grid_S0019_daily.csv
HLA,HLA,Hailun,2007,Leave_One_experiments\wth_generated_qc\HLA\HLA2007.WTH,normal_year;nitrogen_stress_year;low_response_year,normal,HLA2007_normal_grid_S0019,pareto_balanced,2007-09-11,254,135,130,"{""sim_day"": 135.0, ""doy"": 254.0, ""topwt"": 17881.6796875, ""grnwt"": 5761.915283203125, ""xlai"": 2.637787103652954, ""totir"": 0.0, ""tofer"": NaN, ""swfac"": 0.0, ""nstres"": 0.1067763566970825}",0.0,0.1067763566970825,17881.6796875,5761.915283203125,2.637787103652954,0.0,,0.0,0.0,0.0,225.0,16.644256591796875,16.644256591796875,Leave_One_experiments/all_year_offline_schedule_search/daily_outputs/HLA/HLA_2007_HLA2007_normal_grid_S0019_daily.csv
HLA,HLA,Hailun,2007,Leave_One_experiments\wth_generated_qc\HLA\HLA2007.WTH,normal_year;nitrogen_stress_year;low_response_year,normal,HLA2007_normal_grid_S0019,pareto_balanced,2007-09-12,255,136,131,"{""sim_day"": 136.0, ""doy"": 255.0, ""topwt"": 18077.2802734375, ""grnwt"": 5940.2239990234375, ""xlai"": 2.5528717041015625, ""totir"": 0.0, ""tofer"": NaN, ""swfac"": 0.0, ""nstres"": 0.1215696930885315}",0.0,0.1215696930885315,18077.2802734375,5940.2239990234375,2.5528717041015625,0.0,,0.0,0.0,0.0,225.0,16.644256591796875,16.644256591796875,Leave_One_experiments/all_year_offline_schedule_search/daily_outputs/HLA/HLA_2007_HLA2007_normal_grid_S0019_daily.csv
HLA,HLA,Hailun,2007,Leave_One_experiments\wth_generated_qc\HLA\HLA2007.WTH,normal_year;nitrogen_stress_year;low_response_year,normal,HLA2007_normal_grid_S0019,pareto_balanced,2007-09-13,256,137,132,"{""sim_day"": 137.0, ""doy"": 256.0, ""topwt"": 18263.53759765625, ""grnwt"": 6118.53271484375, ""xlai"": 2.452800273895264, ""totir"": 0.0, ""tofer"": NaN, ""swfac"": 0.0, ""nstres"": 0.1381210088729858}",0.0,0.1381210088729858,18263.53759765625,6118.53271484375,2.452800273895264,0.0,,0.0,0.0,0.0,225.0,16.644256591796875,16.644256591796875,Leave_One_experiments/all_year_offline_schedule_search/daily_outputs/HLA/HLA_2007_HLA2007_normal_grid_S0019_daily.csv
HLA,HLA,Hailun,2007,Leave_One_experiments\wth_generated_qc\HLA\HLA2007.WTH,normal_year;nitrogen_stress_year;low_response_year,normal,HLA2007_normal_grid_S0019,pareto_balanced,2007-09-14,257,138,133,"{""sim_day"": 138.0, ""doy"": 257.0, ""topwt"": 18314.0966796875, ""grnwt"": 6296.8408203125, ""xlai"": 2.3788483142852783, ""totir"": 0.0, ""tofer"": NaN, ""swfac"": 0.0, ""nstres"": 0.1564737558364868}",0.0,0.1564737558364868,18314.0966796875,6296.8408203125,2.3788483142852783,0.0,,0.0,0.0,0.0,225.0,16.644256591796875,16.644256591796875,Leave_One_experiments/all_year_offline_schedule_search/daily_outputs/HLA/HLA_2007_HLA2007_normal_grid_S0019_daily.csv
HLA,HLA,Hailun,2007,Leave_One_experiments\wth_generated_qc\HLA\HLA2007.WTH,normal_year;nitrogen_stress_year;low_response_year,normal,HLA2007_normal_grid_S0019,pareto_balanced,2007-09-15,258,139,134,"{""sim_day"": 139.0, ""doy"": 258.0, ""topwt"": 18417.8857421875, ""grnwt"": 6475.1495361328125, ""xlai"": 2.287228345870972, ""totir"": 0.0, ""tofer"": NaN, ""swfac"": 0.0, ""nstres"": 0.1728965640068054}",0.0,0.1728965640068054,18417.8857421875,6475.1495361328125,2.287228345870972,0.0,,0.0,0.0,0.0,225.0,16.644256591796875,16.644256591796875,Leave_One_experiments/all_year_offline_schedule_search/daily_outputs/HLA/HLA_2007_HLA2007_normal_grid_S0019_daily.csv
HLA,HLA,Hailun,2007,Leave_One_experiments\wth_generated_qc\HLA\HLA2007.WTH,normal_year;nitrogen_stress_year;low_response_year,normal,HLA2007_normal_grid_S0019,pareto_balanced,2007-09-16,259,140,135,"{""sim_day"": 140.0, ""doy"": 259.0, ""topwt"": 18610.80078125, ""grnwt"": 6653.458251953125, ""xlai"": 2.165499210357666, ""totir"": 0.0, ""tofer"": NaN, ""swfac"": 0.0, ""nstres"": 0.1775851249694824}",0.0,0.1775851249694824,18610.80078125,6653.458251953125,2.165499210357666,0.0,,0.0,0.0,0.0,225.0,16.644256591796875,16.644256591796875,Leave_One_experiments/all_year_offline_schedule_search/daily_outputs/HLA/HLA_2007_HLA2007_normal_grid_S0019_daily.csv
HLA,HLA,Hailun,2007,Leave_One_experiments\wth_generated_qc\HLA\HLA2007.WTH,normal_year;nitrogen_stress_year;low_response_year,normal,HLA2007_normal_grid_S0019,pareto_balanced,2007-09-17,260,141,136,"{""sim_day"": 141.0, ""doy"": 260.0, ""topwt"": 18771.7919921875, ""grnwt"": 6831.767578125, ""xlai"": 2.0428922176361084, ""totir"": 0.0, ""tofer"": NaN, ""swfac"": 0.0, ""nstres"": 0.1872579455375671}",0.0,0.1872579455375671,18771.7919921875,6831.767578125,2.0428922176361084,0.0,,0.0,0.0,0.0,225.0,16.644256591796875,16.644256591796875,Leave_One_experiments/all_year_offline_schedule_search/daily_outputs/HLA/HLA_2007_HLA2007_normal_grid_S0019_daily.csv
HLA,HLA,Hailun,2007,Leave_One_experiments\wth_generated_qc\HLA\HLA2007.WTH,normal_year;nitrogen_stress_year;low_response_year,normal,HLA2007_normal_grid_S0019,pareto_balanced,2007-09-18,261,142,137,"{""sim_day"": 142.0, ""doy"": 261.0, ""topwt"": 18969.62890625, ""grnwt"": 6991.395263671875, ""xlai"": 1.9715464115142824, ""totir"": 0.0, ""tofer"": NaN, ""swfac"": 0.0, ""nstres"": 0.2206534743309021}",0.0,0.2206534743309021,18969.62890625,6991.395263671875,1.9715464115142824,0.0,,0.0,0.0,0.0,225.0,16.644256591796875,16.644256591796875,Leave_One_experiments/all_year_offline_schedule_search/daily_outputs/HLA/HLA_2007_HLA2007_normal_grid_S0019_daily.csv
HLA,HLA,Hailun,2007,Leave_One_experiments\wth_generated_qc\HLA\HLA2007.WTH,normal_year;nitrogen_stress_year;low_response_year,normal,HLA2007_normal_grid_S0019,pareto_balanced,2007-09-19,262,143,138,"{""sim_day"": 143.0, ""doy"": 262.0, ""topwt"": 19110.71533203125, ""grnwt"": 7094.1351318359375, ""xlai"": 1.7820807695388794, ""totir"": 0.0, ""tofer"": NaN, ""swfac"": 0.0, ""nstres"": 0.2673470973968506}",0.0,0.2673470973968506,19110.71533203125,7094.1351318359375,1.7820807695388794,0.0,,0.0,0.0,0.0,225.0,16.644256591796875,16.644256591796875,Leave_One_experiments/all_year_offline_schedule_search/daily_outputs/HLA/HLA_2007_HLA2007_normal_grid_S0019_daily.csv
HLA,HLA,Hailun,2007,Leave_One_experiments\wth_generated_qc\HLA\HLA2007.WTH,normal_year;nitrogen_stress_year;low_response_year,normal,HLA2007_normal_grid_S0019,pareto_balanced,2007-09-20,263,144,139,"{""sim_day"": 144.0, ""doy"": 263.0, ""topwt"": 19273.82568359375, ""grnwt"": 7228.291015625, ""xlai"": 1.72971773147583, ""totir"": 0.0, ""tofer"": NaN, ""swfac"": 0.0, ""nstres"": 0.3051936626434326}",0.0,0.3051936626434326,19273.82568359375,7228.291015625,1.72971773147583,0.0,,0.0,0.0,0.0,225.0,16.644256591796875,16.644256591796875,Leave_One_experiments/all_year_offline_schedule_search/daily_outputs/HLA/HLA_2007_HLA2007_normal_grid_S0019_daily.csv
HLA,HLA,Hailun,2007,Leave_One_experiments\wth_generated_qc\HLA\HLA2007.WTH,normal_year;nitrogen_stress_year;low_response_year,normal,HLA2007_normal_grid_S0019,pareto_balanced,2007-09-21,264,145,140,"{""sim_day"": 145.0, ""doy"": 264.0, ""topwt"": 19390.692138671875, ""grnwt"": 7289.425659179687, ""xlai"": 1.2972882986068726, ""totir"": 0.0, ""tofer"": NaN, ""swfac"": 0.0, ""nstres"": 0.3554558753967285}",0.0,0.3554558753967285,19390.692138671875,7289.425659179687,1.2972882986068726,0.0,,0.0,0.0,0.0,225.0,16.644256591796875,16.644256591796875,Leave_One_experiments/all_year_offline_schedule_search/daily_outputs/HLA/HLA_2007_HLA2007_normal_grid_S0019_daily.csv
HLA,HLA,Hailun,2007,Leave_One_experiments\wth_generated_qc\HLA\HLA2007.WTH,normal_year;nitrogen_stress_year;low_response_year,normal,HLA2007_normal_grid_S0019,pareto_balanced,2007-09-22,265,146,141,"{""sim_day"": 146.0, ""doy"": 265.0, ""topwt"": 19390.692138671875, ""grnwt"": 7289.425659179687, ""xlai"": 1.2972882986068726, ""totir"": 0.0, ""tofer"": NaN, ""swfac"": 0.0, ""nstres"": 0.3747900128364563}",0.0,0.3747900128364563,19390.692138671875,7289.425659179687,1.2972882986068726,0.0,,0.0,0.0,0.0,225.0,16.644256591796875,16.644256591796875,Leave_One_experiments/all_year_offline_schedule_search/daily_outputs/HLA/HLA_2007_HLA2007_normal_grid_S0019_daily.csv
HLA,HLA,Hailun,2007,Leave_One_experiments\wth_generated_qc\HLA\HLA2007.WTH,normal_year;nitrogen_stress_year;low_response_year,normal,HLA2007_normal_grid_S0019,pareto_balanced,2007-09-23,266,147,142,"{""sim_day"": 147.0, ""doy"": 266.0, ""topwt"": 19390.692138671875, ""grnwt"": 7289.425659179687, ""xlai"": 1.2972882986068726, ""totir"": 0.0, ""tofer"": NaN, ""swfac"": 0.0, ""nstres"": 0.3747900128364563}",0.0,0.3747900128364563,19390.692138671875,7289.425659179687,1.2972882986068726,0.0,,0.0,0.0,0.0,225.0,16.644256591796875,16.644256591796875,Leave_One_experiments/all_year_offline_schedule_search/daily_outputs/HLA/HLA_2007_HLA2007_normal_grid_S0019_daily.csv
HLA,HLA,Hailun,2007,Leave_One_experiments\wth_generated_qc\HLA\HLA2007.WTH,normal_year;nitrogen_stress_year;low_response_year,normal,HLA2007_normal_grid_S0019,pareto_balanced,2007-09-24,267,148,143,"{""sim_day"": 148.0, ""doy"": 267.0, ""topwt"": 19390.692138671875, ""grnwt"": 7289.425659179687, ""xlai"": 1.2972882986068726, ""totir"": 0.0, ""tofer"": NaN, ""swfac"": 0.0, ""nstres"": 0.3747900128364563}",0.0,0.3747900128364563,19390.692138671875,7289.425659179687,1.2972882986068726,0.0,,0.0,0.0,0.0,225.0,16.644256591796875,16.644256591796875,Leave_One_experiments/all_year_offline_schedule_search/daily_outputs/HLA/HLA_2007_HLA2007_normal_grid_S0019_daily.csv
HLA,HLA,Hailun,2007,Leave_One_experiments\wth_generated_qc\HLA\HLA2007.WTH,normal_year;nitrogen_stress_year;low_response_year,normal,HLA2007_normal_grid_S0019,pareto_balanced,2007-09-25,268,149,144,"{""sim_day"": 149.0, ""doy"": 268.0, ""topwt"": 19390.692138671875, ""grnwt"": 7289.425659179687, ""xlai"": 1.2972882986068726, ""totir"": 0.0, ""tofer"": NaN, ""swfac"": 0.0, ""nstres"": 0.3747900128364563}",0.0,0.3747900128364563,19390.692138671875,7289.425659179687,1.2972882986068726,0.0,,0.0,0.0,0.0,225.0,16.644256591796875,16.644256591796875,Leave_One_experiments/all_year_offline_schedule_search/daily_outputs/HLA/HLA_2007_HLA2007_normal_grid_S0019_daily.csv
HLA,HLA,Hailun,2007,Leave_One_experiments\wth_generated_qc\HLA\HLA2007.WTH,normal_year;nitrogen_stress_year;low_response_year,normal,HLA2007_normal_grid_S0032,pareto_balanced,2007-05-05,125,1,1,"{""sim_day"": 1.0, ""doy"": 125.0, ""topwt"": 0.0, ""grnwt"": 0.0, ""xlai"": 0.0, ""totir"": 0.0, ""tofer"": NaN, ""swfac"": 0.0, ""nstres"": 0.0}",0.0,0.0,0.0,0.0,0.0,0.0,,0.0,80.0,40.0,180.0,5.893988037109381,21.89398803710938,Leave_One_experiments/all_year_offline_schedule_search/daily_outputs/HLA/HLA_2007_HLA2007_normal_grid_S0032_daily.csv
HLA,HLA,Hailun,2007,Leave_One_experiments\wth_generated_qc\HLA\HLA2007.WTH,normal_year;nitrogen_stress_year;low_response_year,normal,HLA2007_normal_grid_S0032,pareto_balanced,2007-05-06,126,2,2,"{""sim_day"": 2.0, ""doy"": 126.0, ""topwt"": 0.0, ""grnwt"": 0.0, ""xlai"": 0.0, ""totir"": 0.0, ""tofer"": NaN, ""swfac"": 0.0, ""nstres"": 0.0}",0.0,0.0,0.0,0.0,0.0,0.0,,0.0,0.0,40.0,180.0,5.893988037109381,21.89398803710938,Leave_One_experiments/all_year_offline_schedule_search/daily_outputs/HLA/HLA_2007_HLA2007_normal_grid_S0032_daily.csv
HLA,HLA,Hailun,2007,Leave_One_experiments\wth_generated_qc\HLA\HLA2007.WTH,normal_year;nitrogen_stress_year;low_response_year,normal,HLA2007_normal_grid_S0032,pareto_balanced,2007-05-07,127,3,3,"{""sim_day"": 3.0, ""doy"": 127.0, ""topwt"": 0.0, ""grnwt"": 0.0, ""xlai"": 0.0, ""totir"": 0.0, ""tofer"": NaN, ""swfac"": 0.0, ""nstres"": 0.0}",0.0,0.0,0.0,0.0,0.0,0.0,,0.0,0.0,40.0,180.0,5.893988037109381,21.89398803710938,Leave_One_experiments/all_year_offline_schedule_search/daily_outputs/HLA/HLA_2007_HLA2007_normal_grid_S0032_daily.csv
HLA,HLA,Hailun,2007,Leave_One_experiments\wth_generated_qc\HLA\HLA2007.WTH,normal_year;nitrogen_stress_year;low_response_year,normal,HLA2007_normal_grid_S0032,pareto_balanced,2007-05-08,128,4,4,"{""sim_day"": 4.0, ""doy"": 128.0, ""topwt"": 0.0, ""grnwt"": 0.0, ""xlai"": 0.0, ""totir"": 0.0, ""tofer"": NaN, ""swfac"": 0.0, ""nstres"": 0.0}",0.0,0.0,0.0,0.0,0.0,0.0,,0.0,0.0,40.0,180.0,5.893988037109381,21.89398803710938,Leave_One_experiments/all_year_offline_schedule_search/daily_outputs/HLA/HLA_2007_HLA2007_normal_grid_S0032_daily.csv
HLA,HLA,Hailun,2007,Leave_One_experiments\wth_generated_qc\HLA\HLA2007.WTH,normal_year;nitrogen_stress_year;low_response_year,normal,HLA2007_normal_grid_S0032,pareto_balanced,2007-05-09,129,5,5,"{""sim_day"": 5.0, ""doy"": 129.0, ""topwt"": 0.0, ""grnwt"": 0.0, ""xlai"": 0.0, ""totir"": 0.0, ""tofer"": NaN, ""swfac"": 0.0, ""nstres"": 0.0}",0.0,0.0,0.0,0.0,0.0,0.0,,0.0,0.0,40.0,180.0,5.893988037109381,21.89398803710938,Leave_One_experiments/all_year_offline_schedule_search/daily_outputs/HLA/HLA_2007_HLA2007_normal_grid_S0032_daily.csv
HLA,HLA,Hailun,2007,Leave_One_experiments\wth_generated_qc\HLA\HLA2007.WTH,normal_year;nitrogen_stress_year;low_response_year,normal,HLA2007_normal_grid_S0032,pareto_balanced,2007-05-05,125,6,1,"{""sim_day"": 6.0, ""doy"": 125.0, ""topwt"": 0.0, ""grnwt"": 0.0, ""xlai"": 0.0, ""totir"": 0.0, ""tofer"": NaN, ""swfac"": 0.0, ""nstres"": 0.0}",0.0,0.0,0.0,0.0,0.0,0.0,,0.0,0.0,40.0,180.0,5.893988037109381,21.89398803710938,Leave_One_experiments/all_year_offline_schedule_search/daily_outputs/HLA/HLA_2007_HLA2007_normal_grid_S0032_daily.csv
HLA,HLA,Hailun,2007,Leave_One_experiments\wth_generated_qc\HLA\HLA2007.WTH,normal_year;nitrogen_stress_year;low_response_year,normal,HLA2007_normal_grid_S0032,pareto_balanced,2007-05-06,126,7,2,"{""sim_day"": 7.0, ""doy"": 126.0, ""topwt"": 0.0, ""grnwt"": 0.0, ""xlai"": 0.0, ""totir"": 0.0, ""tofer"": NaN, ""swfac"": 0.0, ""nstres"": 0.0}",0.0,0.0,0.0,0.0,0.0,0.0,,0.0,0.0,40.0,180.0,5.893988037109381,21.89398803710938,Leave_One_experiments/all_year_offline_schedule_search/daily_outputs/HLA/HLA_2007_HLA2007_normal_grid_S0032_daily.csv
HLA,HLA,Hailun,2007,Leave_One_experiments\wth_generated_qc\HLA\HLA2007.WTH,normal_year;nitrogen_stress_year;low_response_year,normal,HLA2007_normal_grid_S0032,pareto_balanced,2007-05-07,127,8,3,"{""sim_day"": 8.0, ""doy"": 127.0, ""topwt"": 0.0, ""grnwt"": 0.0, ""xlai"": 0.0, ""totir"": 0.0, ""tofer"": NaN, ""swfac"": 0.0, ""nstres"": 0.0}",0.0,0.0,0.0,0.0,0.0,0.0,,0.0,0.0,40.0,180.0,5.893988037109381,21.89398803710938,Leave_One_experiments/all_year_offline_schedule_search/daily_outputs/HLA/HLA_2007_HLA2007_normal_grid_S0032_daily.csv
HLA,HLA,Hailun,2007,Leave_One_experiments\wth_generated_qc\HLA\HLA2007.WTH,normal_year;nitrogen_stress_year;low_response_year,normal,HLA2007_normal_grid_S0032,pareto_balanced,2007-05-08,128,9,4,"{""sim_day"": 9.0, ""doy"": 128.0, ""topwt"": 0.0, ""grnwt"": 0.0, ""xlai"": 0.0, ""totir"": 0.0, ""tofer"": NaN, ""swfac"": 0.0, ""nstres"": 0.0}",0.0,0.0,0.0,0.0,0.0,0.0,,0.0,0.0,40.0,180.0,5.893988037109381,21.89398803710938,Leave_One_experiments/all_year_offline_schedule_search/daily_outputs/HLA/HLA_2007_HLA2007_normal_grid_S0032_daily.csv
HLA,HLA,Hailun,2007,Leave_One_experiments\wth_generated_qc\HLA\HLA2007.WTH,normal_year;nitrogen_stress_year;low_response_year,normal,HLA2007_normal_grid_S0032,pareto_balanced,2007-05-09,129,10,5,"{""sim_day"": 10.0, ""doy"": 129.0, ""topwt"": 0.0, ""grnwt"": 0.0, ""xlai"": 0.0, ""totir"": 0.0, ""tofer"": NaN, ""swfac"": 0.0, ""nstres"": 0.0}",0.0,0.0,0.0,0.0,0.0,0.0,,0.0,0.0,40.0,180.0,5.893988037109381,21.89398803710938,Leave_One_experiments/all_year_offline_schedule_search/daily_outputs/HLA/HLA_2007_HLA2007_normal_grid_S0032_daily.csv
HLA,HLA,Hailun,2007,Leave_One_experiments\wth_generated_qc\HLA\HLA2007.WTH,normal_year;nitrogen_stress_year;low_response_year,normal,HLA2007_normal_grid_S0032,pareto_balanced,2007-05-10,130,11,6,"{""sim_day"": 11.0, ""doy"": 130.0, ""topwt"": 0.0, ""grnwt"": 0.0, ""xlai"": 0.0, ""totir"": 0.0, ""tofer"": NaN, ""swfac"": 0.0, ""nstres"": 0.0}",0.0,0.0,0.0,0.0,0.0,0.0,,0.0,0.0,40.0,180.0,5.893988037109381,21.89398803710938,Leave_One_experiments/all_year_offline_schedule_search/daily_outputs/HLA/HLA_2007_HLA2007_normal_grid_S0032_daily.csv
HLA,HLA,Hailun,2007,Leave_One_experiments\wth_generated_qc\HLA\HLA2007.WTH,normal_year;nitrogen_stress_year;low_response_year,normal,HLA2007_normal_grid_S0032,pareto_balanced,2007-05-11,131,12,7,"{""sim_day"": 12.0, ""doy"": 131.0, ""topwt"": 0.0, ""grnwt"": 0.0, ""xlai"": 0.0, ""totir"": 0.0, ""tofer"": NaN, ""swfac"": 0.0, ""nstres"": 0.0}",0.0,0.0,0.0,0.0,0.0,0.0,,0.0,0.0,40.0,180.0,5.893988037109381,21.89398803710938,Leave_One_experiments/all_year_offline_schedule_search/daily_outputs/HLA/HLA_2007_HLA2007_normal_grid_S0032_daily.csv
HLA,HLA,Hailun,2007,Leave_One_experiments\wth_generated_qc\HLA\HLA2007.WTH,normal_year;nitrogen_stress_year;low_response_year,normal,HLA2007_normal_grid_S0032,pareto_balanced,2007-05-12,132,13,8,"{""sim_day"": 13.0, ""doy"": 132.0, ""topwt"": 0.0, ""grnwt"": 0.0, ""xlai"": 0.0, ""totir"": 0.0, ""tofer"": NaN, ""swfac"": 0.0, ""nstres"": 0.0}",0.0,0.0,0.0,0.0,0.0,0.0,,0.0,0.0,40.0,180.0,5.893988037109381,21.89398803710938,Leave_One_experiments/all_year_offline_schedule_search/daily_outputs/HLA/HLA_2007_HLA2007_normal_grid_S0032_daily.csv
HLA,HLA,Hailun,2007,Leave_One_experiments\wth_generated_qc\HLA\HLA2007.WTH,normal_year;nitrogen_stress_year;low_response_year,normal,HLA2007_normal_grid_S0032,pareto_balanced,2007-05-13,133,14,9,"{""sim_day"": 14.0, ""doy"": 133.0, ""topwt"": 0.0, ""grnwt"": 0.0, ""xlai"": 0.0, ""totir"": 0.0, ""tofer"": NaN, ""swfac"": 0.0, ""nstres"": 0.0}",0.0,0.0,0.0,0.0,0.0,0.0,,0.0,0.0,40.0,180.0,5.893988037109381,21.89398803710938,Leave_One_experiments/all_year_offline_schedule_search/daily_outputs/HLA/HLA_2007_HLA2007_normal_grid_S0032_daily.csv
HLA,HLA,Hailun,2007,Leave_One_experiments\wth_generated_qc\HLA\HLA2007.WTH,normal_year;nitrogen_stress_year;low_response_year,normal,HLA2007_normal_grid_S0032,pareto_balanced,2007-05-14,134,15,10,"{""sim_day"": 15.0, ""doy"": 134.0, ""topwt"": 0.0, ""grnwt"": 0.0, ""xlai"": 0.0, ""totir"": 0.0, ""tofer"": NaN, ""swfac"": 0.0, ""nstres"": 0.0}",0.0,0.0,0.0,0.0,0.0,0.0,,0.0,0.0,40.0,180.0,5.893988037109381,21.89398803710938,Leave_One_experiments/all_year_offline_schedule_search/daily_outputs/HLA/HLA_2007_HLA2007_normal_grid_S0032_daily.csv
HLA,HLA,Hailun,2007,Leave_One_experiments\wth_generated_qc\HLA\HLA2007.WTH,normal_year;nitrogen_stress_year;low_response_year,normal,HLA2007_normal_grid_S0032,pareto_balanced,2007-05-15,135,16,11,"{""sim_day"": 16.0, ""doy"": 135.0, ""topwt"": 0.0, ""grnwt"": 0.0, ""xlai"": 0.0, ""totir"": 0.0, ""tofer"": NaN, ""swfac"": 0.0, ""nstres"": 0.0}",0.0,0.0,0.0,0.0,0.0,0.0,,0.0,0.0,40.0,180.0,5.893988037109381,21.89398803710938,Leave_One_experiments/all_year_offline_schedule_search/daily_outputs/HLA/HLA_2007_HLA2007_normal_grid_S0032_daily.csv
HLA,HLA,Hailun,2007,Leave_One_experiments\wth_generated_qc\HLA\HLA2007.WTH,normal_year;nitrogen_stress_year;low_response_year,normal,HLA2007_normal_grid_S0032,pareto_balanced,2007-05-16,136,17,12,"{""sim_day"": 17.0, ""doy"": 136.0, ""topwt"": 0.0, ""grnwt"": 0.0, ""xlai"": 0.0, ""totir"": 0.0, ""tofer"": NaN, ""swfac"": 0.0, ""nstres"": 0.0}",0.0,0.0,0.0,0.0,0.0,0.0,,0.0,0.0,40.0,180.0,5.893988037109381,21.89398803710938,Leave_One_experiments/all_year_offline_schedule_search/daily_outputs/HLA/HLA_2007_HLA2007_normal_grid_S0032_daily.csv
HLA,HLA,Hailun,2007,Leave_One_experiments\wth_generated_qc\HLA\HLA2007.WTH,normal_year;nitrogen_stress_year;low_response_year,normal,HLA2007_normal_grid_S0032,pareto_balanced,2007-05-17,137,18,13,"{""sim_day"": 18.0, ""doy"": 137.0, ""topwt"": 0.0, ""grnwt"": 0.0, ""xlai"": 0.0, ""totir"": 0.0, ""tofer"": NaN, ""swfac"": 0.0, ""nstres"": 0.0}",0.0,0.0,0.0,0.0,0.0,0.0,,0.0,0.0,40.0,180.0,5.893988037109381,21.89398803710938,Leave_One_experiments/all_year_offline_schedule_search/daily_outputs/HLA/HLA_2007_HLA2007_normal_grid_S0032_daily.csv
HLA,HLA,Hailun,2007,Leave_One_experiments\wth_generated_qc\HLA\HLA2007.WTH,normal_year;nitrogen_stress_year;low_response_year,normal,HLA2007_normal_grid_S0032,pareto_balanced,2007-05-18,138,19,14,"{""sim_day"": 19.0, ""doy"": 138.0, ""topwt"": 0.0, ""grnwt"": 0.0, ""xlai"": 0.0, ""totir"": 0.0, ""tofer"": NaN, ""swfac"": 0.0, ""nstres"": 0.0}",0.0,0.0,0.0,0.0,0.0,0.0,,0.0,0.0,40.0,180.0,5.893988037109381,21.89398803710938,Leave_One_experiments/all_year_offline_schedule_search/daily_outputs/HLA/HLA_2007_HLA2007_normal_grid_S0032_daily.csv
HLA,HLA,Hailun,2007,Leave_One_experiments\wth_generated_qc\HLA\HLA2007.WTH,normal_year;nitrogen_stress_year;low_response_year,normal,HLA2007_normal_grid_S0032,pareto_balanced,2007-05-19,139,20,15,"{""sim_day"": 20.0, ""doy"": 139.0, ""topwt"": 0.0, ""grnwt"": 0.0, ""xlai"": 0.0, ""totir"": 0.0, ""tofer"": NaN, ""swfac"": 0.0, ""nstres"": 0.0}",0.0,0.0,0.0,0.0,0.0,0.0,,0.0,0.0,40.0,180.0,5.893988037109381,21.89398803710938,Leave_One_experiments/all_year_offline_schedule_search/daily_outputs/HLA/HLA_2007_HLA2007_normal_grid_S0032_daily.csv
HLA,HLA,Hailun,2007,Leave_One_experiments\wth_generated_qc\HLA\HLA2007.WTH,normal_year;nitrogen_stress_year;low_response_year,normal,HLA2007_normal_grid_S0032,pareto_balanced,2007-05-20,140,21,16,"{""sim_day"": 21.0, ""doy"": 140.0, ""topwt"": 0.0, ""grnwt"": 0.0, ""xlai"": 0.0, ""totir"": 0.0, ""tofer"": NaN, ""swfac"": 0.0, ""nstres"": 0.0}",0.0,0.0,0.0,0.0,0.0,0.0,,0.0,0.0,40.0,180.0,5.893988037109381,21.89398803710938,Leave_One_experiments/all_year_offline_schedule_search/daily_outputs/HLA/HLA_2007_HLA2007_normal_grid_S0032_daily.csv
HLA,HLA,Hailun,2007,Leave_One_experiments\wth_generated_qc\HLA\HLA2007.WTH,normal_year;nitrogen_stress_year;low_response_year,normal,HLA2007_normal_grid_S0032,pareto_balanced,2007-05-21,141,22,17,"{""sim_day"": 22.0, ""doy"": 141.0, ""topwt"": 20.0, ""grnwt"": 0.0, ""xlai"": 0.0018952720565721, ""totir"": 0.0, ""tofer"": NaN, ""swfac"": 0.0, ""nstres"": 0.0121910572052001}",0.0,0.0121910572052001,20.0,0.0,0.0018952720565721,0.0,,0.0,0.0,40.0,180.0,5.893988037109381,21.89398803710938,Leave_One_experiments/all_year_offline_schedule_search/daily_outputs/HLA/HLA_2007_HLA2007_normal_grid_S0032_daily.csv
HLA,HLA,Hailun,2007,Leave_One_experiments\wth_generated_qc\HLA\HLA2007.WTH,normal_year;nitrogen_stress_year;low_response_year,normal,HLA2007_normal_grid_S0032,pareto_balanced,2007-05-22,142,23,18,"{""sim_day"": 23.0, ""doy"": 142.0, ""topwt"": 20.0, ""grnwt"": 0.0, ""xlai"": 0.0034287653397768, ""totir"": 0.0, ""tofer"": NaN, ""swfac"": 0.0, ""nstres"": 0.0142695903778076}",0.0,0.0142695903778076,20.0,0.0,0.0034287653397768,0.0,,0.0,0.0,40.0,180.0,5.893988037109381,21.89398803710938,Leave_One_experiments/all_year_offline_schedule_search/daily_outputs/HLA/HLA_2007_HLA2007_normal_grid_S0032_daily.csv
HLA,HLA,Hailun,2007,Leave_One_experiments\wth_generated_qc\HLA\HLA2007.WTH,normal_year;nitrogen_stress_year;low_response_year,normal,HLA2007_normal_grid_S0032,pareto_balanced,2007-05-23,143,24,19,"{""sim_day"": 24.0, ""doy"": 143.0, ""topwt"": 20.0, ""grnwt"": 0.0, ""xlai"": 0.0039776228368282, ""totir"": 0.0, ""tofer"": NaN, ""swfac"": 0.0, ""nstres"": 0.0117426514625549}",0.0,0.0117426514625549,20.0,0.0,0.0039776228368282,0.0,,0.0,0.0,40.0,180.0,5.893988037109381,21.89398803710938,Leave_One_experiments/all_year_offline_schedule_search/daily_outputs/HLA/HLA_2007_HLA2007_normal_grid_S0032_daily.csv
HLA,HLA,Hailun,2007,Leave_One_experiments\wth_generated_qc\HLA\HLA2007.WTH,normal_year;nitrogen_stress_year;low_response_year,normal,HLA2007_normal_grid_S0032,pareto_balanced,2007-05-24,144,25,20,"{""sim_day"": 25.0, ""doy"": 144.0, ""topwt"": 20.0, ""grnwt"": 0.0, ""xlai"": 0.0044361157342791, ""totir"": 0.0, ""tofer"": NaN, ""swfac"": 0.0, ""nstres"": 0.009718894958496}",0.0,0.009718894958496,20.0,0.0,0.0044361157342791,0.0,,0.0,0.0,40.0,180.0,5.893988037109381,21.89398803710938,Leave_One_experiments/all_year_offline_schedule_search/daily_outputs/HLA/HLA_2007_HLA2007_normal_grid_S0032_daily.csv
HLA,HLA,Hailun,2007,Leave_One_experiments\wth_generated_qc\HLA\HLA2007.WTH,normal_year;nitrogen_stress_year;low_response_year,normal,HLA2007_normal_grid_S0032,pareto_balanced,2007-05-25,145,26,21,"{""sim_day"": 26.0, ""doy"": 145.0, ""topwt"": 20.0, ""grnwt"": 0.0, ""xlai"": 0.0048111993819475, ""totir"": 0.0, ""tofer"": NaN, ""swfac"": 0.0, ""nstres"": 0.0081039667129516}",0.0,0.0081039667129516,20.0,0.0,0.0048111993819475,0.0,,0.0,0.0,40.0,180.0,5.893988037109381,21.89398803710938,Leave_One_experiments/all_year_offline_schedule_search/daily_outputs/HLA/HLA_2007_HLA2007_normal_grid_S0032_daily.csv
HLA,HLA,Hailun,2007,Leave_One_experiments\wth_generated_qc\HLA\HLA2007.WTH,normal_year;nitrogen_stress_year;low_response_year,normal,HLA2007_normal_grid_S0032,pareto_balanced,2007-05-26,146,27,22,"{""sim_day"": 27.0, ""doy"": 146.0, ""topwt"": 20.0, ""grnwt"": 0.0, ""xlai"": 0.0054399720393121, ""totir"": 0.0, ""tofer"": NaN, ""swfac"": 0.0, ""nstres"": 0.0058013200759887}",0.0,0.0058013200759887,20.0,0.0,0.0054399720393121,0.0,,0.0,0.0,40.0,180.0,5.893988037109381,21.89398803710938,Leave_One_experiments/all_year_offline_schedule_search/daily_outputs/HLA/HLA_2007_HLA2007_normal_grid_S0032_daily.csv
HLA,HLA,Hailun,2007,Leave_One_experiments\wth_generated_qc\HLA\HLA2007.WTH,normal_year;nitrogen_stress_year;low_response_year,normal,HLA2007_normal_grid_S0032,pareto_balanced,2007-05-27,147,28,23,"{""sim_day"": 28.0, ""doy"": 147.0, ""topwt"": 20.0, ""grnwt"": 0.0, ""xlai"": 0.0064510623924434, ""totir"": 0.0, ""tofer"": NaN, ""swfac"": 0.0, ""nstres"": 0.003354012966156}",0.0,0.003354012966156,20.0,0.0,0.0064510623924434,0.0,,0.0,0.0,40.0,180.0,5.893988037109381,21.89398803710938,Leave_One_experiments/all_year_offline_schedule_search/daily_outputs/HLA/HLA_2007_HLA2007_normal_grid_S0032_daily.csv
HLA,HLA,Hailun,2007,Leave_One_experiments\wth_generated_qc\HLA\HLA2007.WTH,normal_year;nitrogen_stress_year;low_response_year,normal,HLA2007_normal_grid_S0032,pareto_balanced,2007-05-28,148,29,24,"{""sim_day"": 29.0, ""doy"": 148.0, ""topwt"": 20.0, ""grnwt"": 0.0, ""xlai"": 0.0082867005839943, ""totir"": 0.0, ""tofer"": NaN, ""swfac"": 0.0, ""nstres"": 0.0}",0.0,0.0,20.0,0.0,0.0082867005839943,0.0,,0.0,0.0,40.0,180.0,5.893988037109381,21.89398803710938,Leave_One_experiments/all_year_offline_schedule_search/daily_outputs/HLA/HLA_2007_HLA2007_normal_grid_S0032_daily.csv
HLA,HLA,Hailun,2007,Leave_One_experiments\wth_generated_qc\HLA\HLA2007.WTH,normal_year;nitrogen_stress_year;low_response_year,normal,HLA2007_normal_grid_S0032,pareto_balanced,2007-05-29,149,30,25,"{""sim_day"": 30.0, ""doy"": 149.0, ""topwt"": 20.0, ""grnwt"": 0.0, ""xlai"": 0.0107539631426334, ""totir"": 0.0, ""tofer"": NaN, ""swfac"": 0.0, ""nstres"": 0.0}",0.0,0.0,20.0,0.0,0.0107539631426334,0.0,,0.0,0.0,40.0,180.0,5.893988037109381,21.89398803710938,Leave_One_experiments/all_year_offline_schedule_search/daily_outputs/HLA/HLA_2007_HLA2007_normal_grid_S0032_daily.csv
HLA,HLA,Hailun,2007,Leave_One_experiments\wth_generated_qc\HLA\HLA2007.WTH,normal_year;nitrogen_stress_year;low_response_year,normal,HLA2007_normal_grid_S0032,pareto_balanced,2007-05-30,150,31,26,"{""sim_day"": 31.0, ""doy"": 150.0, ""topwt"": 20.0, ""grnwt"": 0.0, ""xlai"": 0.0208648834377527, ""totir"": 0.0, ""tofer"": NaN, ""swfac"": 0.0, ""nstres"": 0.0}",0.0,0.0,20.0,0.0,0.0208648834377527,0.0,,0.0,0.0,40.0,180.0,5.893988037109381,21.89398803710938,Leave_One_experiments/all_year_offline_schedule_search/daily_outputs/HLA/HLA_2007_HLA2007_normal_grid_S0032_daily.csv
HLA,HLA,Hailun,2007,Leave_One_experiments\wth_generated_qc\HLA\HLA2007.WTH,normal_year;nitrogen_stress_year;low_response_year,normal,HLA2007_normal_grid_S0032,pareto_balanced,2007-05-31,151,32,27,"{""sim_day"": 32.0, ""doy"": 151.0, ""topwt"": 20.0, ""grnwt"": 0.0, ""xlai"": 0.0307164750993251, ""totir"": 0.0, ""tofer"": NaN, ""swfac"": 0.0, ""nstres"": 0.0}",0.0,0.0,20.0,0.0,0.0307164750993251,0.0,,0.0,0.0,40.0,180.0,5.893988037109381,21.89398803710938,Leave_One_experiments/all_year_offline_schedule_search/daily_outputs/HLA/HLA_2007_HLA2007_normal_grid_S0032_daily.csv
HLA,HLA,Hailun,2007,Leave_One_experiments\wth_generated_qc\HLA\HLA2007.WTH,normal_year;nitrogen_stress_year;low_response_year,normal,HLA2007_normal_grid_S0032,pareto_balanced,2007-06-01,152,33,28,"{""sim_day"": 33.0, ""doy"": 152.0, ""topwt"": 21.61020278930664, ""grnwt"": 0.0, ""xlai"": 0.0386459790170192, ""totir"": 0.0, ""tofer"": NaN, ""swfac"": 0.0, ""nstres"": 0.0}",0.0,0.0,21.61020278930664,0.0,0.0386459790170192,0.0,,0.0,0.0,40.0,180.0,5.893988037109381,21.89398803710938,Leave_One_experiments/all_year_offline_schedule_search/daily_outputs/HLA/HLA_2007_HLA2007_normal_grid_S0032_daily.csv
HLA,HLA,Hailun,2007,Leave_One_experiments\wth_generated_qc\HLA\HLA2007.WTH,normal_year;nitrogen_stress_year;low_response_year,normal,HLA2007_normal_grid_S0032,pareto_balanced,2007-06-02,153,34,29,"{""sim_day"": 34.0, ""doy"": 153.0, ""topwt"": 27.10033893585205, ""grnwt"": 0.0, ""xlai"": 0.0526196770370006, ""totir"": 0.0, ""tofer"": NaN, ""swfac"": 0.0, ""nstres"": 0.0}",0.0,0.0,27.10033893585205,0.0,0.0526196770370006,0.0,,0.0,0.0,40.0,180.0,5.893988037109381,21.89398803710938,Leave_One_experiments/all_year_offline_schedule_search/daily_outputs/HLA/HLA_2007_HLA2007_normal_grid_S0032_daily.csv
HLA,HLA,Hailun,2007,Leave_One_experiments\wth_generated_qc\HLA\HLA2007.WTH,normal_year;nitrogen_stress_year;low_response_year,normal,HLA2007_normal_grid_S0032,pareto_balanced,2007-06-03,154,35,30,"{""sim_day"": 35.0, ""doy"": 154.0, ""topwt"": 31.80156946182251, ""grnwt"": 0.0, ""xlai"": 0.0638518929481506, ""totir"": 0.0, ""tofer"": NaN, ""swfac"": 0.0, ""nstres"": 0.0}",0.0,0.0,31.80156946182251,0.0,0.0638518929481506,0.0,,0.0,50.0,40.0,180.0,5.893988037109381,21.89398803710938,Leave_One_experiments/all_year_offline_schedule_search/daily_outputs/HLA/HLA_2007_HLA2007_normal_grid_S0032_daily.csv
HLA,HLA,Hailun,2007,Leave_One_experiments\wth_generated_qc\HLA\HLA2007.WTH,normal_year;nitrogen_stress_year;low_response_year,normal,HLA2007_normal_grid_S0032,pareto_balanced,2007-06-04,155,36,31,"{""sim_day"": 36.0, ""doy"": 155.0, ""topwt"": 35.92237949371338, ""grnwt"": 0.0, ""xlai"": 0.0732887461781501, ""totir"": 0.0, ""tofer"": NaN, ""swfac"": 0.0, ""nstres"": 0.0}",0.0,0.0,35.92237949371338,0.0,0.0732887461781501,0.0,,0.0,0.0,40.0,180.0,5.893988037109381,21.89398803710938,Leave_One_experiments/all_year_offline_schedule_search/daily_outputs/HLA/HLA_2007_HLA2007_normal_grid_S0032_daily.csv
HLA,HLA,Hailun,2007,Leave_One_experiments\wth_generated_qc\HLA\HLA2007.WTH,normal_year;nitrogen_stress_year;low_response_year,normal,HLA2007_normal_grid_S0032,pareto_balanced,2007-06-05,156,37,32,"{""sim_day"": 37.0, ""doy"": 156.0, ""topwt"": 42.99582004547119, ""grnwt"": 0.0, ""xlai"": 0.0888035520911216, ""totir"": 0.0, ""tofer"": NaN, ""swfac"": 0.0, ""nstres"": 0.0}",0.0,0.0,42.99582004547119,0.0,0.0888035520911216,0.0,,0.0,0.0,40.0,180.0,5.893988037109381,21.89398803710938,Leave_One_experiments/all_year_offline_schedule_search/daily_outputs/HLA/HLA_2007_HLA2007_normal_grid_S0032_daily.csv
HLA,HLA,Hailun,2007,Leave_One_experiments\wth_generated_qc\HLA\HLA2007.WTH,normal_year;nitrogen_stress_year;low_response_year,normal,HLA2007_normal_grid_S0032,pareto_balanced,2007-06-06,157,38,33,"{""sim_day"": 38.0, ""doy"": 157.0, ""topwt"": 51.685566902160645, ""grnwt"": 0.0, ""xlai"": 0.1069501340389251, ""totir"": 0.0, ""tofer"": NaN, ""swfac"": 0.0, ""nstres"": 0.0}",0.0,0.0,51.685566902160645,0.0,0.1069501340389251,0.0,,0.0,0.0,40.0,180.0,5.893988037109381,21.89398803710938,Leave_One_experiments/all_year_offline_schedule_search/daily_outputs/HLA/HLA_2007_HLA2007_normal_grid_S0032_daily.csv
HLA,HLA,Hailun,2007,Leave_One_experiments\wth_generated_qc\HLA\HLA2007.WTH,normal_year;nitrogen_stress_year;low_response_year,normal,HLA2007_normal_grid_S0032,pareto_balanced,2007-06-07,158,39,34,"{""sim_day"": 39.0, ""doy"": 158.0, ""topwt"": 64.30290222167969, ""grnwt"": 0.0, ""xlai"": 0.1319671869277954, ""totir"": 0.0, ""tofer"": NaN, ""swfac"": 0.0, ""nstres"": 0.0}",0.0,0.0,64.30290222167969,0.0,0.1319671869277954,0.0,,0.0,0.0,40.0,180.0,5.893988037109381,21.89398803710938,Leave_One_experiments/all_year_offline_schedule_search/daily_outputs/HLA/HLA_2007_HLA2007_normal_grid_S0032_daily.csv
HLA,HLA,Hailun,2007,Leave_One_experiments\wth_generated_qc\HLA\HLA2007.WTH,normal_year;nitrogen_stress_year;low_response_year,normal,HLA2007_normal_grid_S0032,pareto_balanced,2007-06-08,159,40,35,"{""sim_day"": 40.0, ""doy"": 159.0, ""topwt"": 79.02195453643799, ""grnwt"": 0.0, ""xlai"": 0.1596655249595642, ""totir"": 0.0, ""tofer"": NaN, ""swfac"": 0.0, ""nstres"": 0.0}",0.0,0.0,79.02195453643799,0.0,0.1596655249595642,0.0,,0.0,0.0,40.0,180.0,5.893988037109381,21.89398803710938,Leave_One_experiments/all_year_offline_schedule_search/daily_outputs/HLA/HLA_2007_HLA2007_normal_grid_S0032_daily.csv
HLA,HLA,Hailun,2007,Leave_One_experiments\wth_generated_qc\HLA\HLA2007.WTH,normal_year;nitrogen_stress_year;low_response_year,normal,HLA2007_normal_grid_S0032,pareto_balanced,2007-06-09,160,41,36,"{""sim_day"": 41.0, ""doy"": 160.0, ""topwt"": 99.25233840942384, ""grnwt"": 0.0, ""xlai"": 0.1958081424236297, ""totir"": 0.0, ""tofer"": NaN, ""swfac"": 0.0, ""nstres"": 0.0}",0.0,0.0,99.25233840942384,0.0,0.1958081424236297,0.0,,0.0,0.0,40.0,180.0,5.893988037109381,21.89398803710938,Leave_One_experiments/all_year_offline_schedule_search/daily_outputs/HLA/HLA_2007_HLA2007_normal_grid_S0032_daily.csv
HLA,HLA,Hailun,2007,Leave_One_experiments\wth_generated_qc\HLA\HLA2007.WTH,normal_year;nitrogen_stress_year;low_response_year,normal,HLA2007_normal_grid_S0032,pareto_balanced,2007-06-10,161,42,37,"{""sim_day"": 42.0, ""doy"": 161.0, ""topwt"": 129.0627098083496, ""grnwt"": 0.0, ""xlai"": 0.2461001425981521, ""totir"": 0.0, ""tofer"": NaN, ""swfac"": 0.0, ""nstres"": 0.0}",0.0,0.0,129.0627098083496,0.0,0.2461001425981521,0.0,,0.0,0.0,40.0,180.0,5.893988037109381,21.89398803710938,Leave_One_experiments/all_year_offline_schedule_search/daily_outputs/HLA/HLA_2007_HLA2007_normal_grid_S0032_daily.csv
HLA,HLA,Hailun,2007,Leave_One_experiments\wth_generated_qc\HLA\HLA2007.WTH,normal_year;nitrogen_stress_year;low_response_year,normal,HLA2007_normal_grid_S0032,pareto_balanced,2007-06-11,162,43,38,"{""sim_day"": 43.0, ""doy"": 162.0, ""topwt"": 153.07924270629883, ""grnwt"": 0.0, ""xlai"": 0.3040879666805267, ""totir"": 0.0, ""tofer"": NaN, ""swfac"": 0.0, ""nstres"": 0.0}",0.0,0.0,153.07924270629883,0.0,0.3040879666805267,0.0,,0.0,0.0,40.0,180.0,5.893988037109381,21.89398803710938,Leave_One_experiments/all_year_offline_schedule_search/daily_outputs/HLA/HLA_2007_HLA2007_normal_grid_S0032_daily.csv
HLA,HLA,Hailun,2007,Leave_One_experiments\wth_generated_qc\HLA\HLA2007.WTH,normal_year;nitrogen_stress_year;low_response_year,normal,HLA2007_normal_grid_S0032,pareto_balanced,2007-06-12,163,44,39,"{""sim_day"": 44.0, ""doy"": 163.0, ""topwt"": 176.59381866455078, ""grnwt"": 0.0, ""xlai"": 0.3430680632591247, ""totir"": 0.0, ""tofer"": NaN, ""swfac"": 0.0, ""nstres"": 0.0048948526382446}",0.0,0.0048948526382446,176.59381866455078,0.0,0.3430680632591247,0.0,,0.0,0.0,40.0,180.0,5.893988037109381,21.89398803710938,Leave_One_experiments/all_year_offline_schedule_search/daily_outputs/HLA/HLA_2007_HLA2007_normal_grid_S0032_daily.csv
HLA,HLA,Hailun,2007,Leave_One_experiments\wth_generated_qc\HLA\HLA2007.WTH,normal_year;nitrogen_stress_year;low_response_year,normal,HLA2007_normal_grid_S0032,pareto_balanced,2007-06-13,164,45,40,"{""sim_day"": 45.0, ""doy"": 164.0, ""topwt"": 211.3438415527344, ""grnwt"": 0.0, ""xlai"": 0.3986316323280334, ""totir"": 0.0, ""tofer"": NaN, ""swfac"": 0.0, ""nstres"": 0.0}",0.0,0.0,211.3438415527344,0.0,0.3986316323280334,0.0,,0.0,0.0,40.0,180.0,5.893988037109381,21.89398803710938,Leave_One_experiments/all_year_offline_schedule_search/daily_outputs/HLA/HLA_2007_HLA2007_normal_grid_S0032_daily.csv
HLA,HLA,Hailun,2007,Leave_One_experiments\wth_generated_qc\HLA\HLA2007.WTH,normal_year;nitrogen_stress_year;low_response_year,normal,HLA2007_normal_grid_S0032,pareto_balanced,2007-06-14,165,46,41,"{""sim_day"": 46.0, ""doy"": 165.0, ""topwt"": 238.6807632446289, ""grnwt"": 0.0, ""xlai"": 0.4409103393554687, ""totir"": 0.0, ""tofer"": NaN, ""swfac"": 0.0, ""nstres"": 0.0}",0.0,0.0,238.6807632446289,0.0,0.4409103393554687,0.0,,0.0,0.0,40.0,180.0,5.893988037109381,21.89398803710938,Leave_One_experiments/all_year_offline_schedule_search/daily_outputs/HLA/HLA_2007_HLA2007_normal_grid_S0032_daily.csv
HLA,HLA,Hailun,2007,Leave_One_experiments\wth_generated_qc\HLA\HLA2007.WTH,normal_year;nitrogen_stress_year;low_response_year,normal,HLA2007_normal_grid_S0032,pareto_balanced,2007-06-15,166,47,42,"{""sim_day"": 47.0, ""doy"": 166.0, ""topwt"": 291.9022750854492, ""grnwt"": 0.0, ""xlai"": 0.5203126072883606, ""totir"": 0.0, ""tofer"": NaN, ""swfac"": 0.0, ""nstres"": 0.0}",0.0,0.0,291.9022750854492,0.0,0.5203126072883606,0.0,,0.0,0.0,40.0,180.0,5.893988037109381,21.89398803710938,Leave_One_experiments/all_year_offline_schedule_search/daily_outputs/HLA/HLA_2007_HLA2007_normal_grid_S0032_daily.csv
HLA,HLA,Hailun,2007,Leave_One_experiments\wth_generated_qc\HLA\HLA2007.WTH,normal_year;nitrogen_stress_year;low_response_year,normal,HLA2007_normal_grid_S0032,pareto_balanced,2007-06-16,167,48,43,"{""sim_day"": 48.0, ""doy"": 167.0, ""topwt"": 330.9280776977539, ""grnwt"": 0.0, ""xlai"": 0.5763714909553528, ""totir"": 0.0, ""tofer"": NaN, ""swfac"": 0.0, ""nstres"": 0.0}",0.0,0.0,330.9280776977539,0.0,0.5763714909553528,0.0,,0.0,0.0,40.0,180.0,5.893988037109381,21.89398803710938,Leave_One_experiments/all_year_offline_schedule_search/daily_outputs/HLA/HLA_2007_HLA2007_normal_grid_S0032_daily.csv
HLA,HLA,Hailun,2007,Leave_One_experiments\wth_generated_qc\HLA\HLA2007.WTH,normal_year;nitrogen_stress_year;low_response_year,normal,HLA2007_normal_grid_S0032,pareto_balanced,2007-06-17,168,49,44,"{""sim_day"": 49.0, ""doy"": 168.0, ""topwt"": 392.9288482666016, ""grnwt"": 0.0, ""xlai"": 0.6627277135848999, ""totir"": 0.0, ""tofer"": NaN, ""swfac"": 0.0, ""nstres"": 0.0}",0.0,0.0,392.9288482666016,0.0,0.6627277135848999,0.0,,0.0,0.0,40.0,180.0,5.893988037109381,21.89398803710938,Leave_One_experiments/all_year_offline_schedule_search/daily_outputs/HLA/HLA_2007_HLA2007_normal_grid_S0032_daily.csv
HLA,HLA,Hailun,2007,Leave_One_experiments\wth_generated_qc\HLA\HLA2007.WTH,normal_year;nitrogen_stress_year;low_response_year,normal,HLA2007_normal_grid_S0032,pareto_balanced,2007-06-18,169,50,45,"{""sim_day"": 50.0, ""doy"": 169.0, ""topwt"": 455.2145004272461, ""grnwt"": 0.0, ""xlai"": 0.7443426847457886, ""totir"": 0.0, ""tofer"": NaN, ""swfac"": 0.0, ""nstres"": 0.0}",0.0,0.0,455.2145004272461,0.0,0.7443426847457886,0.0,,0.0,0.0,40.0,180.0,5.893988037109381,21.89398803710938,Leave_One_experiments/all_year_offline_schedule_search/daily_outputs/HLA/HLA_2007_HLA2007_normal_grid_S0032_daily.csv
HLA,HLA,Hailun,2007,Leave_One_experiments\wth_generated_qc\HLA\HLA2007.WTH,normal_year;nitrogen_stress_year;low_response_year,normal,HLA2007_normal_grid_S0032,pareto_balanced,2007-06-19,170,51,46,"{""sim_day"": 51.0, ""doy"": 170.0, ""topwt"": 498.16497802734375, ""grnwt"": 0.0, ""xlai"": 0.8025909662246704, ""totir"": 0.0, ""tofer"": NaN, ""swfac"": 0.0, ""nstres"": 0.0}",0.0,0.0,498.16497802734375,0.0,0.8025909662246704,0.0,,0.0,0.0,40.0,180.0,5.893988037109381,21.89398803710938,Leave_One_experiments/all_year_offline_schedule_search/daily_outputs/HLA/HLA_2007_HLA2007_normal_grid_S0032_daily.csv
HLA,HLA,Hailun,2007,Leave_One_experiments\wth_generated_qc\HLA\HLA2007.WTH,normal_year;nitrogen_stress_year;low_response_year,normal,HLA2007_normal_grid_S0032,pareto_balanced,2007-06-20,171,52,47,"{""sim_day"": 52.0, ""doy"": 171.0, ""topwt"": 555.7081604003906, ""grnwt"": 0.0, ""xlai"": 0.8783572316169739, ""totir"": 0.0, ""tofer"": NaN, ""swfac"": 0.0, ""nstres"": 0.0}",0.0,0.0,555.7081604003906,0.0,0.8783572316169739,0.0,,0.0,0.0,40.0,180.0,5.893988037109381,21.89398803710938,Leave_One_experiments/all_year_offline_schedule_search/daily_outputs/HLA/HLA_2007_HLA2007_normal_grid_S0032_daily.csv
HLA,HLA,Hailun,2007,Leave_One_experiments\wth_generated_qc\HLA\HLA2007.WTH,normal_year;nitrogen_stress_year;low_response_year,normal,HLA2007_normal_grid_S0032,pareto_balanced,2007-06-21,172,53,48,"{""sim_day"": 53.0, ""doy"": 172.0, ""topwt"": 652.7557373046875, ""grnwt"": 0.0, ""xlai"": 1.0005569458007812, ""totir"": 0.0, ""tofer"": NaN, ""swfac"": 0.0, ""nstres"": 0.0}",0.0,0.0,652.7557373046875,0.0,1.0005569458007812,0.0,,0.0,0.0,40.0,180.0,5.893988037109381,21.89398803710938,Leave_One_experiments/all_year_offline_schedule_search/daily_outputs/HLA/HLA_2007_HLA2007_normal_grid_S0032_daily.csv
HLA,HLA,Hailun,2007,Leave_One_experiments\wth_generated_qc\HLA\HLA2007.WTH,normal_year;nitrogen_stress_year;low_response_year,normal,HLA2007_normal_grid_S0032,pareto_balanced,2007-06-22,173,54,49,"{""sim_day"": 54.0, ""doy"": 173.0, ""topwt"": 755.6008911132812, ""grnwt"": 0.0, ""xlai"": 1.1233255863189695, ""totir"": 0.0, ""tofer"": NaN, ""swfac"": 0.0, ""nstres"": 0.0}",0.0,0.0,755.6008911132812,0.0,1.1233255863189695,0.0,,0.0,0.0,40.0,180.0,5.893988037109381,21.89398803710938,Leave_One_experiments/all_year_offline_schedule_search/daily_outputs/HLA/HLA_2007_HLA2007_normal_grid_S0032_daily.csv
HLA,HLA,Hailun,2007,Leave_One_experiments\wth_generated_qc\HLA\HLA2007.WTH,normal_year;nitrogen_stress_year;low_response_year,normal,HLA2007_normal_grid_S0032,pareto_balanced,2007-06-23,174,55,50,"{""sim_day"": 55.0, ""doy"": 174.0, ""topwt"": 851.7601013183594, ""grnwt"": 0.0, ""xlai"": 1.23244047164917, ""totir"": 0.0, ""tofer"": NaN, ""swfac"": 0.0, ""nstres"": 0.0}",0.0,0.0,851.7601013183594,0.0,1.23244047164917,0.0,,0.0,0.0,40.0,180.0,5.893988037109381,21.89398803710938,Leave_One_experiments/all_year_offline_schedule_search/daily_outputs/HLA/HLA_2007_HLA2007_normal_grid_S0032_daily.csv
HLA,HLA,Hailun,2007,Leave_One_experiments\wth_generated_qc\HLA\HLA2007.WTH,normal_year;nitrogen_stress_year;low_response_year,normal,HLA2007_normal_grid_S0032,pareto_balanced,2007-06-24,175,56,51,"{""sim_day"": 56.0, ""doy"": 175.0, ""topwt"": 976.080322265625, ""grnwt"": 0.0, ""xlai"": 1.365304470062256, ""totir"": 0.0, ""tofer"": NaN, ""swfac"": 0.0, ""nstres"": 0.0}",0.0,0.0,976.080322265625,0.0,1.365304470062256,0.0,,0.0,0.0,40.0,180.0,5.893988037109381,21.89398803710938,Leave_One_experiments/all_year_offline_schedule_search/daily_outputs/HLA/HLA_2007_HLA2007_normal_grid_S0032_daily.csv
HLA,HLA,Hailun,2007,Leave_One_experiments\wth_generated_qc\HLA\HLA2007.WTH,normal_year;nitrogen_stress_year;low_response_year,normal,HLA2007_normal_grid_S0032,pareto_balanced,2007-06-25,176,57,52,"{""sim_day"": 57.0, ""doy"": 176.0, ""topwt"": 1080.0230407714844, ""grnwt"": 0.0, ""xlai"": 1.4705743789672852, ""totir"": 0.0, ""tofer"": NaN, ""swfac"": 0.0, ""nstres"": 0.0}",0.0,0.0,1080.0230407714844,0.0,1.4705743789672852,0.0,,0.0,0.0,40.0,180.0,5.893988037109381,21.89398803710938,Leave_One_experiments/all_year_offline_schedule_search/daily_outputs/HLA/HLA_2007_HLA2007_normal_grid_S0032_daily.csv
HLA,HLA,Hailun,2007,Leave_One_experiments\wth_generated_qc\HLA\HLA2007.WTH,normal_year;nitrogen_stress_year;low_response_year,normal,HLA2007_normal_grid_S0032,pareto_balanced,2007-06-26,177,58,53,"{""sim_day"": 58.0, ""doy"": 177.0, ""topwt"": 1207.2518157958984, ""grnwt"": 0.0, ""xlai"": 1.591987371444702, ""totir"": 0.0, ""tofer"": NaN, ""swfac"": 0.0, ""nstres"": 0.0}",0.0,0.0,1207.2518157958984,0.0,1.591987371444702,0.0,,0.0,0.0,40.0,180.0,5.893988037109381,21.89398803710938,Leave_One_experiments/all_year_offline_schedule_search/daily_outputs/HLA/HLA_2007_HLA2007_normal_grid_S0032_daily.csv
HLA,HLA,Hailun,2007,Leave_One_experiments\wth_generated_qc\HLA\HLA2007.WTH,normal_year;nitrogen_stress_year;low_response_year,normal,HLA2007_normal_grid_S0032,pareto_balanced,2007-06-27,178,59,54,"{""sim_day"": 59.0, ""doy"": 178.0, ""topwt"": 1327.8152465820312, ""grnwt"": 0.0, ""xlai"": 1.7006570100784302, ""totir"": 0.0, ""tofer"": NaN, ""swfac"": 0.0, ""nstres"": 0.0}",0.0,0.0,1327.8152465820312,0.0,1.7006570100784302,0.0,,0.0,0.0,40.0,180.0,5.893988037109381,21.89398803710938,Leave_One_experiments/all_year_offline_schedule_search/daily_outputs/HLA/HLA_2007_HLA2007_normal_grid_S0032_daily.csv
HLA,HLA,Hailun,2007,Leave_One_experiments\wth_generated_qc\HLA\HLA2007.WTH,normal_year;nitrogen_stress_year;low_response_year,normal,HLA2007_normal_grid_S0032,pareto_balanced,2007-06-28,179,60,55,"{""sim_day"": 60.0, ""doy"": 179.0, ""topwt"": 1464.6011352539062, ""grnwt"": 0.0, ""xlai"": 1.8166990280151367, ""totir"": 0.0, ""tofer"": NaN, ""swfac"": 0.0, ""nstres"": 0.0}",0.0,0.0,1464.6011352539062,0.0,1.8166990280151367,0.0,,0.0,0.0,40.0,180.0,5.893988037109381,21.89398803710938,Leave_One_experiments/all_year_offline_schedule_search/daily_outputs/HLA/HLA_2007_HLA2007_normal_grid_S0032_daily.csv
HLA,HLA,Hailun,2007,Leave_One_experiments\wth_generated_qc\HLA\HLA2007.WTH,normal_year;nitrogen_stress_year;low_response_year,normal,HLA2007_normal_grid_S0032,pareto_balanced,2007-06-29,180,61,56,"{""sim_day"": 61.0, ""doy"": 180.0, ""topwt"": 1597.6750183105469, ""grnwt"": 0.0, ""xlai"": 1.923240542411804, ""totir"": 0.0, ""tofer"": NaN, ""swfac"": 0.0, ""nstres"": 0.0}",0.0,0.0,1597.6750183105469,0.0,1.923240542411804,0.0,,0.0,0.0,40.0,180.0,5.893988037109381,21.89398803710938,Leave_One_experiments/all_year_offline_schedule_search/daily_outputs/HLA/HLA_2007_HLA2007_normal_grid_S0032_daily.csv
HLA,HLA,Hailun,2007,Leave_One_experiments\wth_generated_qc\HLA\HLA2007.WTH,normal_year;nitrogen_stress_year;low_response_year,normal,HLA2007_normal_grid_S0032,pareto_balanced,2007-06-30,181,62,57,"{""sim_day"": 62.0, ""doy"": 181.0, ""topwt"": 1745.382080078125, ""grnwt"": 0.0, ""xlai"": 2.0345849990844727, ""totir"": 0.0, ""tofer"": NaN, ""swfac"": 0.0, ""nstres"": 0.0}",0.0,0.0,1745.382080078125,0.0,2.0345849990844727,0.0,,0.0,0.0,40.0,180.0,5.893988037109381,21.89398803710938,Leave_One_experiments/all_year_offline_schedule_search/daily_outputs/HLA/HLA_2007_HLA2007_normal_grid_S0032_daily.csv
HLA,HLA,Hailun,2007,Leave_One_experiments\wth_generated_qc\HLA\HLA2007.WTH,normal_year;nitrogen_stress_year;low_response_year,normal,HLA2007_normal_grid_S0032,pareto_balanced,2007-07-01,182,63,58,"{""sim_day"": 63.0, ""doy"": 182.0, ""topwt"": 1915.0657653808596, ""grnwt"": 0.0, ""xlai"": 2.154406309127808, ""totir"": 0.0, ""tofer"": NaN, ""swfac"": 0.0, ""nstres"": 0.0}",0.0,0.0,1915.0657653808596,0.0,2.154406309127808,0.0,,0.0,0.0,40.0,180.0,5.893988037109381,21.89398803710938,Leave_One_experiments/all_year_offline_schedule_search/daily_outputs/HLA/HLA_2007_HLA2007_normal_grid_S0032_daily.csv
HLA,HLA,Hailun,2007,Leave_One_experiments\wth_generated_qc\HLA\HLA2007.WTH,normal_year;nitrogen_stress_year;low_response_year,normal,HLA2007_normal_grid_S0032,pareto_balanced,2007-07-02,183,64,59,"{""sim_day"": 64.0, ""doy"": 183.0, ""topwt"": 2064.922790527344, ""grnwt"": 0.0, ""xlai"": 2.2543907165527344, ""totir"": 0.0, ""tofer"": NaN, ""swfac"": 0.0, ""nstres"": 0.0}",0.0,0.0,2064.922790527344,0.0,2.2543907165527344,0.0,,0.0,0.0,40.0,180.0,5.893988037109381,21.89398803710938,Leave_One_experiments/all_year_offline_schedule_search/daily_outputs/HLA/HLA_2007_HLA2007_normal_grid_S0032_daily.csv
HLA,HLA,Hailun,2007,Leave_One_experiments\wth_generated_qc\HLA\HLA2007.WTH,normal_year;nitrogen_stress_year;low_response_year,normal,HLA2007_normal_grid_S0032,pareto_balanced,2007-07-03,184,65,60,"{""sim_day"": 65.0, ""doy"": 184.0, ""topwt"": 2245.5245971679688, ""grnwt"": 0.0, ""xlai"": 2.367642641067505, ""totir"": 0.0, ""tofer"": NaN, ""swfac"": 0.0, ""nstres"": 0.0}",0.0,0.0,2245.5245971679688,0.0,2.367642641067505,0.0,,0.0,50.0,40.0,180.0,5.893988037109381,21.89398803710938,Leave_One_experiments/all_year_offline_schedule_search/daily_outputs/HLA/HLA_2007_HLA2007_normal_grid_S0032_daily.csv
HLA,HLA,Hailun,2007,Leave_One_experiments\wth_generated_qc\HLA\HLA2007.WTH,normal_year;nitrogen_stress_year;low_response_year,normal,HLA2007_normal_grid_S0032,pareto_balanced,2007-07-04,185,66,61,"{""sim_day"": 66.0, ""doy"": 185.0, ""topwt"": 2449.154052734375, ""grnwt"": 0.0, ""xlai"": 2.4871697425842285, ""totir"": 0.0, ""tofer"": NaN, ""swfac"": 0.0, ""nstres"": 0.0}",0.0,0.0,2449.154052734375,0.0,2.4871697425842285,0.0,,0.0,0.0,40.0,180.0,5.893988037109381,21.89398803710938,Leave_One_experiments/all_year_offline_schedule_search/daily_outputs/HLA/HLA_2007_HLA2007_normal_grid_S0032_daily.csv
HLA,HLA,Hailun,2007,Leave_One_experiments\wth_generated_qc\HLA\HLA2007.WTH,normal_year;nitrogen_stress_year;low_response_year,normal,HLA2007_normal_grid_S0032,pareto_balanced,2007-07-05,186,67,62,"{""sim_day"": 67.0, ""doy"": 186.0, ""topwt"": 2616.1392211914062, ""grnwt"": 0.0, ""xlai"": 2.57952618598938, ""totir"": 0.0, ""tofer"": NaN, ""swfac"": 0.0, ""nstres"": 0.0}",0.0,0.0,2616.1392211914062,0.0,2.57952618598938,0.0,,0.0,0.0,40.0,180.0,5.893988037109381,21.89398803710938,Leave_One_experiments/all_year_offline_schedule_search/daily_outputs/HLA/HLA_2007_HLA2007_normal_grid_S0032_daily.csv
HLA,HLA,Hailun,2007,Leave_One_experiments\wth_generated_qc\HLA\HLA2007.WTH,normal_year;nitrogen_stress_year;low_response_year,normal,HLA2007_normal_grid_S0032,pareto_balanced,2007-07-06,187,68,63,"{""sim_day"": 68.0, ""doy"": 187.0, ""topwt"": 2806.4376831054688, ""grnwt"": 0.0, ""xlai"": 2.67917799949646, ""totir"": 0.0, ""tofer"": NaN, ""swfac"": 0.0, ""nstres"": 0.0}",0.0,0.0,2806.4376831054688,0.0,2.67917799949646,0.0,,0.0,0.0,40.0,180.0,5.893988037109381,21.89398803710938,Leave_One_experiments/all_year_offline_schedule_search/daily_outputs/HLA/HLA_2007_HLA2007_normal_grid_S0032_daily.csv
HLA,HLA,Hailun,2007,Leave_One_experiments\wth_generated_qc\HLA\HLA2007.WTH,normal_year;nitrogen_stress_year;low_response_year,normal,HLA2007_normal_grid_S0032,pareto_balanced,2007-07-07,188,69,64,"{""sim_day"": 69.0, ""doy"": 188.0, ""topwt"": 3044.4461059570312, ""grnwt"": 0.0, ""xlai"": 2.7961695194244385, ""totir"": 0.0, ""tofer"": NaN, ""swfac"": 0.0, ""nstres"": 0.0}",0.0,0.0,3044.4461059570312,0.0,2.7961695194244385,0.0,,0.0,0.0,40.0,180.0,5.893988037109381,21.89398803710938,Leave_One_experiments/all_year_offline_schedule_search/daily_outputs/HLA/HLA_2007_HLA2007_normal_grid_S0032_daily.csv
HLA,HLA,Hailun,2007,Leave_One_experiments\wth_generated_qc\HLA\HLA2007.WTH,normal_year;nitrogen_stress_year;low_response_year,normal,HLA2007_normal_grid_S0032,pareto_balanced,2007-07-08,189,70,65,"{""sim_day"": 70.0, ""doy"": 189.0, ""topwt"": 3277.164001464844, ""grnwt"": 0.0, ""xlai"": 2.9039502143859863, ""totir"": 40.0, ""tofer"": NaN, ""swfac"": 0.0, ""nstres"": 0.0}",0.0,0.0,3277.164001464844,0.0,2.9039502143859863,40.0,,40.0,0.0,40.0,180.0,5.893988037109381,21.89398803710938,Leave_One_experiments/all_year_offline_schedule_search/daily_outputs/HLA/HLA_2007_HLA2007_normal_grid_S0032_daily.csv
HLA,HLA,Hailun,2007,Leave_One_experiments\wth_generated_qc\HLA\HLA2007.WTH,normal_year;nitrogen_stress_year;low_response_year,normal,HLA2007_normal_grid_S0032,pareto_balanced,2007-07-09,190,71,66,"{""sim_day"": 71.0, ""doy"": 190.0, ""topwt"": 3556.0562133789062, ""grnwt"": 0.0, ""xlai"": 3.025017261505127, ""totir"": 40.0, ""tofer"": NaN, ""swfac"": 0.0, ""nstres"": 0.0}",0.0,0.0,3556.0562133789062,0.0,3.025017261505127,40.0,,0.0,0.0,40.0,180.0,5.893988037109381,21.89398803710938,Leave_One_experiments/all_year_offline_schedule_search/daily_outputs/HLA/HLA_2007_HLA2007_normal_grid_S0032_daily.csv
HLA,HLA,Hailun,2007,Leave_One_experiments\wth_generated_qc\HLA\HLA2007.WTH,normal_year;nitrogen_stress_year;low_response_year,normal,HLA2007_normal_grid_S0032,pareto_balanced,2007-07-10,191,72,67,"{""sim_day"": 72.0, ""doy"": 191.0, ""topwt"": 3816.715698242188, ""grnwt"": 0.0, ""xlai"": 3.131425619125366, ""totir"": 40.0, ""tofer"": NaN, ""swfac"": 0.0, ""nstres"": 0.0}",0.0,0.0,3816.715698242188,0.0,3.131425619125366,40.0,,0.0,0.0,40.0,180.0,5.893988037109381,21.89398803710938,Leave_One_experiments/all_year_offline_schedule_search/daily_outputs/HLA/HLA_2007_HLA2007_normal_grid_S0032_daily.csv
HLA,HLA,Hailun,2007,Leave_One_experiments\wth_generated_qc\HLA\HLA2007.WTH,normal_year;nitrogen_stress_year;low_response_year,normal,HLA2007_normal_grid_S0032,pareto_balanced,2007-07-11,192,73,68,"{""sim_day"": 73.0, ""doy"": 192.0, ""topwt"": 4290.967102050781, ""grnwt"": 0.0, ""xlai"": 3.413079261779785, ""totir"": 40.0, ""tofer"": NaN, ""swfac"": 0.0, ""nstres"": 0.0}",0.0,0.0,4290.967102050781,0.0,3.413079261779785,40.0,,0.0,0.0,40.0,180.0,5.893988037109381,21.89398803710938,Leave_One_experiments/all_year_offline_schedule_search/daily_outputs/HLA/HLA_2007_HLA2007_normal_grid_S0032_daily.csv
HLA,HLA,Hailun,2007,Leave_One_experiments\wth_generated_qc\HLA\HLA2007.WTH,normal_year;nitrogen_stress_year;low_response_year,normal,HLA2007_normal_grid_S0032,pareto_balanced,2007-07-12,193,74,69,"{""sim_day"": 74.0, ""doy"": 193.0, ""topwt"": 4613.9984130859375, ""grnwt"": 0.0, ""xlai"": 3.5599124431610107, ""totir"": 40.0, ""tofer"": NaN, ""swfac"": 0.0, ""nstres"": 0.0}",0.0,0.0,4613.9984130859375,0.0,3.5599124431610107,40.0,,0.0,0.0,40.0,180.0,5.893988037109381,21.89398803710938,Leave_One_experiments/all_year_offline_schedule_search/daily_outputs/HLA/HLA_2007_HLA2007_normal_grid_S0032_daily.csv
HLA,HLA,Hailun,2007,Leave_One_experiments\wth_generated_qc\HLA\HLA2007.WTH,normal_year;nitrogen_stress_year;low_response_year,normal,HLA2007_normal_grid_S0032,pareto_balanced,2007-07-13,194,75,70,"{""sim_day"": 75.0, ""doy"": 194.0, ""topwt"": 4940.518493652344, ""grnwt"": 0.0, ""xlai"": 3.6857991218566895, ""totir"": 40.0, ""tofer"": NaN, ""swfac"": 0.0, ""nstres"": 0.0}",0.0,0.0,4940.518493652344,0.0,3.6857991218566895,40.0,,0.0,0.0,40.0,180.0,5.893988037109381,21.89398803710938,Leave_One_experiments/all_year_offline_schedule_search/daily_outputs/HLA/HLA_2007_HLA2007_normal_grid_S0032_daily.csv
HLA,HLA,Hailun,2007,Leave_One_experiments\wth_generated_qc\HLA\HLA2007.WTH,normal_year;nitrogen_stress_year;low_response_year,normal,HLA2007_normal_grid_S0032,pareto_balanced,2007-07-14,195,76,71,"{""sim_day"": 76.0, ""doy"": 195.0, ""topwt"": 5223.5235595703125, ""grnwt"": 0.0, ""xlai"": 3.7838544845581055, ""totir"": 40.0, ""tofer"": NaN, ""swfac"": 0.0, ""nstres"": 0.0}",0.0,0.0,5223.5235595703125,0.0,3.7838544845581055,40.0,,0.0,0.0,40.0,180.0,5.893988037109381,21.89398803710938,Leave_One_experiments/all_year_offline_schedule_search/daily_outputs/HLA/HLA_2007_HLA2007_normal_grid_S0032_daily.csv
HLA,HLA,Hailun,2007,Leave_One_experiments\wth_generated_qc\HLA\HLA2007.WTH,normal_year;nitrogen_stress_year;low_response_year,normal,HLA2007_normal_grid_S0032,pareto_balanced,2007-07-15,196,77,72,"{""sim_day"": 77.0, ""doy"": 196.0, ""topwt"": 5513.2177734375, ""grnwt"": 0.0, ""xlai"": 3.8756799697875977, ""totir"": 40.0, ""tofer"": NaN, ""swfac"": 0.0, ""nstres"": 0.0}",0.0,0.0,5513.2177734375,0.0,3.8756799697875977,40.0,,0.0,0.0,40.0,180.0,5.893988037109381,21.89398803710938,Leave_One_experiments/all_year_offline_schedule_search/daily_outputs/HLA/HLA_2007_HLA2007_normal_grid_S0032_daily.csv
HLA,HLA,Hailun,2007,Leave_One_experiments\wth_generated_qc\HLA\HLA2007.WTH,normal_year;nitrogen_stress_year;low_response_year,normal,HLA2007_normal_grid_S0032,pareto_balanced,2007-07-16,197,78,73,"{""sim_day"": 78.0, ""doy"": 197.0, ""topwt"": 5625.880126953125, ""grnwt"": 0.0, ""xlai"": 3.908968687057495, ""totir"": 40.0, ""tofer"": NaN, ""swfac"": 0.0, ""nstres"": 0.0}",0.0,0.0,5625.880126953125,0.0,3.908968687057495,40.0,,0.0,0.0,40.0,180.0,5.893988037109381,21.89398803710938,Leave_One_experiments/all_year_offline_schedule_search/daily_outputs/HLA/HLA_2007_HLA2007_normal_grid_S0032_daily.csv
HLA,HLA,Hailun,2007,Leave_One_experiments\wth_generated_qc\HLA\HLA2007.WTH,normal_year;nitrogen_stress_year;low_response_year,normal,HLA2007_normal_grid_S0032,pareto_balanced,2007-07-17,198,79,74,"{""sim_day"": 79.0, ""doy"": 198.0, ""topwt"": 5844.79248046875, ""grnwt"": 0.0, ""xlai"": 3.96886134147644, ""totir"": 40.0, ""tofer"": NaN, ""swfac"": 0.0, ""nstres"": 0.0037653446197509}",0.0,0.0037653446197509,5844.79248046875,0.0,3.96886134147644,40.0,,0.0,0.0,40.0,180.0,5.893988037109381,21.89398803710938,Leave_One_experiments/all_year_offline_schedule_search/daily_outputs/HLA/HLA_2007_HLA2007_normal_grid_S0032_daily.csv
HLA,HLA,Hailun,2007,Leave_One_experiments\wth_generated_qc\HLA\HLA2007.WTH,normal_year;nitrogen_stress_year;low_response_year,normal,HLA2007_normal_grid_S0032,pareto_balanced,2007-07-18,199,80,75,"{""sim_day"": 80.0, ""doy"": 199.0, ""topwt"": 5984.146118164063, ""grnwt"": 0.0, ""xlai"": 4.001968860626221, ""totir"": 40.0, ""tofer"": NaN, ""swfac"": 0.0, ""nstres"": 0.0095973014831542}",0.0,0.0095973014831542,5984.146118164063,0.0,4.001968860626221,40.0,,0.0,0.0,40.0,180.0,5.893988037109381,21.89398803710938,Leave_One_experiments/all_year_offline_schedule_search/daily_outputs/HLA/HLA_2007_HLA2007_normal_grid_S0032_daily.csv
HLA,HLA,Hailun,2007,Leave_One_experiments\wth_generated_qc\HLA\HLA2007.WTH,normal_year;nitrogen_stress_year;low_response_year,normal,HLA2007_normal_grid_S0032,pareto_balanced,2007-07-19,200,81,76,"{""sim_day"": 81.0, ""doy"": 200.0, ""topwt"": 6152.4713134765625, ""grnwt"": 0.0, ""xlai"": 4.036166667938232, ""totir"": 40.0, ""tofer"": NaN, ""swfac"": 0.0, ""nstres"": 0.0198465585708618}",0.0,0.0198465585708618,6152.4713134765625,0.0,4.036166667938232,40.0,,0.0,0.0,40.0,180.0,5.893988037109381,21.89398803710938,Leave_One_experiments/all_year_offline_schedule_search/daily_outputs/HLA/HLA_2007_HLA2007_normal_grid_S0032_daily.csv
HLA,HLA,Hailun,2007,Leave_One_experiments\wth_generated_qc\HLA\HLA2007.WTH,normal_year;nitrogen_stress_year;low_response_year,normal,HLA2007_normal_grid_S0032,pareto_balanced,2007-07-20,201,82,77,"{""sim_day"": 82.0, ""doy"": 201.0, ""topwt"": 6261.3653564453125, ""grnwt"": 0.0, ""xlai"": 4.050736427307129, ""totir"": 40.0, ""tofer"": NaN, ""swfac"": 0.0, ""nstres"": 0.0261249542236328}",0.0,0.0261249542236328,6261.3653564453125,0.0,4.050736427307129,40.0,,0.0,0.0,40.0,180.0,5.893988037109381,21.89398803710938,Leave_One_experiments/all_year_offline_schedule_search/daily_outputs/HLA/HLA_2007_HLA2007_normal_grid_S0032_daily.csv
HLA,HLA,Hailun,2007,Leave_One_experiments\wth_generated_qc\HLA\HLA2007.WTH,normal_year;nitrogen_stress_year;low_response_year,normal,HLA2007_normal_grid_S0032,pareto_balanced,2007-07-21,202,83,78,"{""sim_day"": 83.0, ""doy"": 202.0, ""topwt"": 6398.0706787109375, ""grnwt"": 0.0, ""xlai"": 4.069771766662598, ""totir"": 40.0, ""tofer"": NaN, ""swfac"": 0.0, ""nstres"": 0.0295703411102294}",0.0,0.0295703411102294,6398.0706787109375,0.0,4.069771766662598,40.0,,0.0,0.0,40.0,180.0,5.893988037109381,21.89398803710938,Leave_One_experiments/all_year_offline_schedule_search/daily_outputs/HLA/HLA_2007_HLA2007_normal_grid_S0032_daily.csv
HLA,HLA,Hailun,2007,Leave_One_experiments\wth_generated_qc\HLA\HLA2007.WTH,normal_year;nitrogen_stress_year;low_response_year,normal,HLA2007_normal_grid_S0032,pareto_balanced,2007-07-22,203,84,79,"{""sim_day"": 84.0, ""doy"": 203.0, ""topwt"": 6571.1279296875, ""grnwt"": 0.0, ""xlai"": 4.095963001251221, ""totir"": 40.0, ""tofer"": NaN, ""swfac"": 0.0, ""nstres"": 0.0306823849678039}",0.0,0.0306823849678039,6571.1279296875,0.0,4.095963001251221,40.0,,0.0,0.0,40.0,180.0,5.893988037109381,21.89398803710938,Leave_One_experiments/all_year_offline_schedule_search/daily_outputs/HLA/HLA_2007_HLA2007_normal_grid_S0032_daily.csv
HLA,HLA,Hailun,2007,Leave_One_experiments\wth_generated_qc\HLA\HLA2007.WTH,normal_year;nitrogen_stress_year;low_response_year,normal,HLA2007_normal_grid_S0032,pareto_balanced,2007-07-23,204,85,80,"{""sim_day"": 85.0, ""doy"": 204.0, ""topwt"": 6779.5843505859375, ""grnwt"": 0.0, ""xlai"": 4.129905700683594, ""totir"": 40.0, ""tofer"": NaN, ""swfac"": 0.0, ""nstres"": 0.0321108102798461}",0.0,0.0321108102798461,6779.5843505859375,0.0,4.129905700683594,40.0,,0.0,0.0,40.0,180.0,5.893988037109381,21.89398803710938,Leave_One_experiments/all_year_offline_schedule_search/daily_outputs/HLA/HLA_2007_HLA2007_normal_grid_S0032_daily.csv
HLA,HLA,Hailun,2007,Leave_One_experiments\wth_generated_qc\HLA\HLA2007.WTH,normal_year;nitrogen_stress_year;low_response_year,normal,HLA2007_normal_grid_S0032,pareto_balanced,2007-07-24,205,86,81,"{""sim_day"": 86.0, ""doy"": 205.0, ""topwt"": 7010.7843017578125, ""grnwt"": 0.0, ""xlai"": 4.170272350311279, ""totir"": 40.0, ""tofer"": NaN, ""swfac"": 0.0, ""nstres"": 0.0300662517547607}",0.0,0.0300662517547607,7010.7843017578125,0.0,4.170272350311279,40.0,,0.0,0.0,40.0,180.0,5.893988037109381,21.89398803710938,Leave_One_experiments/all_year_offline_schedule_search/daily_outputs/HLA/HLA_2007_HLA2007_normal_grid_S0032_daily.csv
HLA,HLA,Hailun,2007,Leave_One_experiments\wth_generated_qc\HLA\HLA2007.WTH,normal_year;nitrogen_stress_year;low_response_year,normal,HLA2007_normal_grid_S0032,pareto_balanced,2007-07-25,206,87,82,"{""sim_day"": 87.0, ""doy"": 206.0, ""topwt"": 7270.4644775390625, ""grnwt"": 0.0, ""xlai"": 4.217497825622559, ""totir"": 40.0, ""tofer"": NaN, ""swfac"": 0.0, ""nstres"": 0.02979576587677}",0.0,0.02979576587677,7270.4644775390625,0.0,4.217497825622559,40.0,,0.0,0.0,40.0,180.0,5.893988037109381,21.89398803710938,Leave_One_experiments/all_year_offline_schedule_search/daily_outputs/HLA/HLA_2007_HLA2007_normal_grid_S0032_daily.csv
HLA,HLA,Hailun,2007,Leave_One_experiments\wth_generated_qc\HLA\HLA2007.WTH,normal_year;nitrogen_stress_year;low_response_year,normal,HLA2007_normal_grid_S0032,pareto_balanced,2007-07-26,207,88,83,"{""sim_day"": 88.0, ""doy"": 207.0, ""topwt"": 7514.31396484375, ""grnwt"": 0.0, ""xlai"": 4.261412620544434, ""totir"": 40.0, ""tofer"": NaN, ""swfac"": 0.0, ""nstres"": 0.0283478498458862}",0.0,0.0283478498458862,7514.31396484375,0.0,4.261412620544434,40.0,,0.0,0.0,40.0,180.0,5.893988037109381,21.89398803710938,Leave_One_experiments/all_year_offline_schedule_search/daily_outputs/HLA/HLA_2007_HLA2007_normal_grid_S0032_daily.csv
HLA,HLA,Hailun,2007,Leave_One_experiments\wth_generated_qc\HLA\HLA2007.WTH,normal_year;nitrogen_stress_year;low_response_year,normal,HLA2007_normal_grid_S0032,pareto_balanced,2007-07-27,208,89,84,"{""sim_day"": 89.0, ""doy"": 208.0, ""topwt"": 7699.0753173828125, ""grnwt"": 0.0, ""xlai"": 4.288622856140137, ""totir"": 40.0, ""tofer"": NaN, ""swfac"": 0.0, ""nstres"": 0.0323348641395568}",0.0,0.0323348641395568,7699.0753173828125,0.0,4.288622856140137,40.0,,0.0,0.0,40.0,180.0,5.893988037109381,21.89398803710938,Leave_One_experiments/all_year_offline_schedule_search/daily_outputs/HLA/HLA_2007_HLA2007_normal_grid_S0032_daily.csv
HLA,HLA,Hailun,2007,Leave_One_experiments\wth_generated_qc\HLA\HLA2007.WTH,normal_year;nitrogen_stress_year;low_response_year,normal,HLA2007_normal_grid_S0032,pareto_balanced,2007-07-28,209,90,85,"{""sim_day"": 90.0, ""doy"": 209.0, ""topwt"": 8119.94873046875, ""grnwt"": 0.0, ""xlai"": 4.226245403289795, ""totir"": 40.0, ""tofer"": NaN, ""swfac"": 0.0, ""nstres"": 0.0380326509475708}",0.0,0.0380326509475708,8119.94873046875,0.0,4.226245403289795,40.0,,0.0,0.0,40.0,180.0,5.893988037109381,21.89398803710938,Leave_One_experiments/all_year_offline_schedule_search/daily_outputs/HLA/HLA_2007_HLA2007_normal_grid_S0032_daily.csv
HLA,HLA,Hailun,2007,Leave_One_experiments\wth_generated_qc\HLA\HLA2007.WTH,normal_year;nitrogen_stress_year;low_response_year,normal,HLA2007_normal_grid_S0032,pareto_balanced,2007-07-29,210,91,86,"{""sim_day"": 91.0, ""doy"": 210.0, ""topwt"": 8473.470458984375, ""grnwt"": 0.0, ""xlai"": 4.207708358764648, ""totir"": 40.0, ""tofer"": NaN, ""swfac"": 0.0, ""nstres"": 0.0350886583328247}",0.0,0.0350886583328247,8473.470458984375,0.0,4.207708358764648,40.0,,0.0,0.0,40.0,180.0,5.893988037109381,21.89398803710938,Leave_One_experiments/all_year_offline_schedule_search/daily_outputs/HLA/HLA_2007_HLA2007_normal_grid_S0032_daily.csv
HLA,HLA,Hailun,2007,Leave_One_experiments\wth_generated_qc\HLA\HLA2007.WTH,normal_year;nitrogen_stress_year;low_response_year,normal,HLA2007_normal_grid_S0032,pareto_balanced,2007-07-30,211,92,87,"{""sim_day"": 92.0, ""doy"": 211.0, ""topwt"": 8910.9130859375, ""grnwt"": 0.0, ""xlai"": 4.187476634979248, ""totir"": 40.0, ""tofer"": NaN, ""swfac"": 0.0, ""nstres"": 0.038465678691864}",0.0,0.038465678691864,8910.9130859375,0.0,4.187476634979248,40.0,,0.0,0.0,40.0,180.0,5.893988037109381,21.89398803710938,Leave_One_experiments/all_year_offline_schedule_search/daily_outputs/HLA/HLA_2007_HLA2007_normal_grid_S0032_daily.csv
HLA,HLA,Hailun,2007,Leave_One_experiments\wth_generated_qc\HLA\HLA2007.WTH,normal_year;nitrogen_stress_year;low_response_year,normal,HLA2007_normal_grid_S0032,pareto_balanced,2007-07-31,212,93,88,"{""sim_day"": 93.0, ""doy"": 212.0, ""topwt"": 9327.918090820312, ""grnwt"": 0.0, ""xlai"": 4.1673665046691895, ""totir"": 40.0, ""tofer"": NaN, ""swfac"": 0.0, ""nstres"": 0.0384203195571899}",0.0,0.0384203195571899,9327.918090820312,0.0,4.1673665046691895,40.0,,0.0,0.0,40.0,180.0,5.893988037109381,21.89398803710938,Leave_One_experiments/all_year_offline_schedule_search/daily_outputs/HLA/HLA_2007_HLA2007_normal_grid_S0032_daily.csv
HLA,HLA,Hailun,2007,Leave_One_experiments\wth_generated_qc\HLA\HLA2007.WTH,normal_year;nitrogen_stress_year;low_response_year,normal,HLA2007_normal_grid_S0032,pareto_balanced,2007-08-01,213,94,89,"{""sim_day"": 94.0, ""doy"": 213.0, ""topwt"": 9747.02880859375, ""grnwt"": 0.0, ""xlai"": 4.1462483406066895, ""totir"": 40.0, ""tofer"": NaN, ""swfac"": 0.0, ""nstres"": 0.040539264678955}",0.0,0.040539264678955,9747.02880859375,0.0,4.1462483406066895,40.0,,0.0,0.0,40.0,180.0,5.893988037109381,21.89398803710938,Leave_One_experiments/all_year_offline_schedule_search/daily_outputs/HLA/HLA_2007_HLA2007_normal_grid_S0032_daily.csv
HLA,HLA,Hailun,2007,Leave_One_experiments\wth_generated_qc\HLA\HLA2007.WTH,normal_year;nitrogen_stress_year;low_response_year,normal,HLA2007_normal_grid_S0032,pareto_balanced,2007-08-02,214,95,90,"{""sim_day"": 95.0, ""doy"": 214.0, ""topwt"": 10147.750854492188, ""grnwt"": 0.0, ""xlai"": 4.125530242919922, ""totir"": 40.0, ""tofer"": NaN, ""swfac"": 0.0, ""nstres"": 0.0399744510650634}",0.0,0.0399744510650634,10147.750854492188,0.0,4.125530242919922,40.0,,0.0,0.0,40.0,180.0,5.893988037109381,21.89398803710938,Leave_One_experiments/all_year_offline_schedule_search/daily_outputs/HLA/HLA_2007_HLA2007_normal_grid_S0032_daily.csv
HLA,HLA,Hailun,2007,Leave_One_experiments\wth_generated_qc\HLA\HLA2007.WTH,normal_year;nitrogen_stress_year;low_response_year,normal,HLA2007_normal_grid_S0032,pareto_balanced,2007-08-03,215,96,91,"{""sim_day"": 96.0, ""doy"": 215.0, ""topwt"": 10571.82373046875, ""grnwt"": 0.0, ""xlai"": 4.106371879577637, ""totir"": 40.0, ""tofer"": NaN, ""swfac"": 0.0, ""nstres"": 0.0371506810188293}",0.0,0.0371506810188293,10571.82373046875,0.0,4.106371879577637,40.0,,0.0,0.0,40.0,180.0,5.893988037109381,21.89398803710938,Leave_One_experiments/all_year_offline_schedule_search/daily_outputs/HLA/HLA_2007_HLA2007_normal_grid_S0032_daily.csv
HLA,HLA,Hailun,2007,Leave_One_experiments\wth_generated_qc\HLA\HLA2007.WTH,normal_year;nitrogen_stress_year;low_response_year,normal,HLA2007_normal_grid_S0032,pareto_balanced,2007-08-04,216,97,92,"{""sim_day"": 97.0, ""doy"": 216.0, ""topwt"": 10953.53271484375, ""grnwt"": 0.0, ""xlai"": 4.089279651641846, ""totir"": 40.0, ""tofer"": NaN, ""swfac"": 0.0, ""nstres"": 0.0332988500595092}",0.0,0.0332988500595092,10953.53271484375,0.0,4.089279651641846,40.0,,0.0,0.0,40.0,180.0,5.893988037109381,21.89398803710938,Leave_One_experiments/all_year_offline_schedule_search/daily_outputs/HLA/HLA_2007_HLA2007_normal_grid_S0032_daily.csv
HLA,HLA,Hailun,2007,Leave_One_experiments\wth_generated_qc\HLA\HLA2007.WTH,normal_year;nitrogen_stress_year;low_response_year,normal,HLA2007_normal_grid_S0032,pareto_balanced,2007-08-05,217,98,93,"{""sim_day"": 98.0, ""doy"": 217.0, ""topwt"": 11247.89306640625, ""grnwt"": 0.0, ""xlai"": 4.0749382972717285, ""totir"": 40.0, ""tofer"": NaN, ""swfac"": 0.0, ""nstres"": 0.0280565023422241}",0.0,0.0280565023422241,11247.89306640625,0.0,4.0749382972717285,40.0,,0.0,0.0,40.0,180.0,5.893988037109381,21.89398803710938,Leave_One_experiments/all_year_offline_schedule_search/daily_outputs/HLA/HLA_2007_HLA2007_normal_grid_S0032_daily.csv
HLA,HLA,Hailun,2007,Leave_One_experiments\wth_generated_qc\HLA\HLA2007.WTH,normal_year;nitrogen_stress_year;low_response_year,normal,HLA2007_normal_grid_S0032,pareto_balanced,2007-08-06,218,99,94,"{""sim_day"": 99.0, ""doy"": 218.0, ""topwt"": 11333.009033203123, ""grnwt"": 0.0, ""xlai"": 4.063825607299805, ""totir"": 40.0, ""tofer"": NaN, ""swfac"": 0.0, ""nstres"": 0.0218158960342407}",0.0,0.0218158960342407,11333.009033203123,0.0,4.063825607299805,40.0,,0.0,0.0,40.0,180.0,5.893988037109381,21.89398803710938,Leave_One_experiments/all_year_offline_schedule_search/daily_outputs/HLA/HLA_2007_HLA2007_normal_grid_S0032_daily.csv
HLA,HLA,Hailun,2007,Leave_One_experiments\wth_generated_qc\HLA\HLA2007.WTH,normal_year;nitrogen_stress_year;low_response_year,normal,HLA2007_normal_grid_S0032,pareto_balanced,2007-08-07,219,100,95,"{""sim_day"": 100.0, ""doy"": 219.0, ""topwt"": 11574.161376953123, ""grnwt"": 0.0, ""xlai"": 4.057956695556641, ""totir"": 40.0, ""tofer"": NaN, ""swfac"": 0.0, ""nstres"": 0.0115535259246826}",0.0,0.0115535259246826,11574.161376953123,0.0,4.057956695556641,40.0,,0.0,0.0,40.0,180.0,5.893988037109381,21.89398803710938,Leave_One_experiments/all_year_offline_schedule_search/daily_outputs/HLA/HLA_2007_HLA2007_normal_grid_S0032_daily.csv
HLA,HLA,Hailun,2007,Leave_One_experiments\wth_generated_qc\HLA\HLA2007.WTH,normal_year;nitrogen_stress_year;low_response_year,normal,HLA2007_normal_grid_S0032,pareto_balanced,2007-08-08,220,101,96,"{""sim_day"": 101.0, ""doy"": 220.0, ""topwt"": 11695.634765625, ""grnwt"": 0.0, ""xlai"": 4.056075096130371, ""totir"": 40.0, ""tofer"": NaN, ""swfac"": 0.0, ""nstres"": 0.0}",0.0,0.0,11695.634765625,0.0,4.056075096130371,40.0,,0.0,0.0,40.0,180.0,5.893988037109381,21.89398803710938,Leave_One_experiments/all_year_offline_schedule_search/daily_outputs/HLA/HLA_2007_HLA2007_normal_grid_S0032_daily.csv
HLA,HLA,Hailun,2007,Leave_One_experiments\wth_generated_qc\HLA\HLA2007.WTH,normal_year;nitrogen_stress_year;low_response_year,normal,HLA2007_normal_grid_S0032,pareto_balanced,2007-08-09,221,102,97,"{""sim_day"": 102.0, ""doy"": 221.0, ""topwt"": 11829.359130859377, ""grnwt"": 0.0, ""xlai"": 4.043544292449951, ""totir"": 40.0, ""tofer"": NaN, ""swfac"": 0.0, ""nstres"": 0.0}",0.0,0.0,11829.359130859377,0.0,4.043544292449951,40.0,,0.0,0.0,40.0,180.0,5.893988037109381,21.89398803710938,Leave_One_experiments/all_year_offline_schedule_search/daily_outputs/HLA/HLA_2007_HLA2007_normal_grid_S0032_daily.csv
HLA,HLA,Hailun,2007,Leave_One_experiments\wth_generated_qc\HLA\HLA2007.WTH,normal_year;nitrogen_stress_year;low_response_year,normal,HLA2007_normal_grid_S0032,pareto_balanced,2007-08-10,222,103,98,"{""sim_day"": 103.0, ""doy"": 222.0, ""topwt"": 12002.77587890625, ""grnwt"": 173.4156608581543, ""xlai"": 3.9487788677215576, ""totir"": 40.0, ""tofer"": NaN, ""swfac"": 0.0, ""nstres"": 0.0}",0.0,0.0,12002.77587890625,173.4156608581543,3.9487788677215576,40.0,,0.0,0.0,40.0,180.0,5.893988037109381,21.89398803710938,Leave_One_experiments/all_year_offline_schedule_search/daily_outputs/HLA/HLA_2007_HLA2007_normal_grid_S0032_daily.csv
HLA,HLA,Hailun,2007,Leave_One_experiments\wth_generated_qc\HLA\HLA2007.WTH,normal_year;nitrogen_stress_year;low_response_year,normal,HLA2007_normal_grid_S0032,pareto_balanced,2007-08-11,223,104,99,"{""sim_day"": 104.0, ""doy"": 223.0, ""topwt"": 12176.19140625, ""grnwt"": 346.8313217163086, ""xlai"": 3.9328908920288086, ""totir"": 40.0, ""tofer"": NaN, ""swfac"": 0.0, ""nstres"": 0.0}",0.0,0.0,12176.19140625,346.8313217163086,3.9328908920288086,40.0,,0.0,0.0,40.0,180.0,5.893988037109381,21.89398803710938,Leave_One_experiments/all_year_offline_schedule_search/daily_outputs/HLA/HLA_2007_HLA2007_normal_grid_S0032_daily.csv
HLA,HLA,Hailun,2007,Leave_One_experiments\wth_generated_qc\HLA\HLA2007.WTH,normal_year;nitrogen_stress_year;low_response_year,normal,HLA2007_normal_grid_S0032,pareto_balanced,2007-08-12,224,105,100,"{""sim_day"": 105.0, ""doy"": 224.0, ""topwt"": 12290.41259765625, ""grnwt"": 520.2469635009766, ""xlai"": 3.9172017574310303, ""totir"": 40.0, ""tofer"": NaN, ""swfac"": 0.0, ""nstres"": 0.0}",0.0,0.0,12290.41259765625,520.2469635009766,3.9172017574310303,40.0,,0.0,0.0,40.0,180.0,5.893988037109381,21.89398803710938,Leave_One_experiments/all_year_offline_schedule_search/daily_outputs/HLA/HLA_2007_HLA2007_normal_grid_S0032_daily.csv
HLA,HLA,Hailun,2007,Leave_One_experiments\wth_generated_qc\HLA\HLA2007.WTH,normal_year;nitrogen_stress_year;low_response_year,normal,HLA2007_normal_grid_S0032,pareto_balanced,2007-08-13,225,106,101,"{""sim_day"": 106.0, ""doy"": 225.0, ""topwt"": 12523.0224609375, ""grnwt"": 693.6626434326172, ""xlai"": 3.896824836730957, ""totir"": 40.0, ""tofer"": NaN, ""swfac"": 0.0, ""nstres"": 0.0}",0.0,0.0,12523.0224609375,693.6626434326172,3.896824836730957,40.0,,0.0,0.0,40.0,180.0,5.893988037109381,21.89398803710938,Leave_One_experiments/all_year_offline_schedule_search/daily_outputs/HLA/HLA_2007_HLA2007_normal_grid_S0032_daily.csv
HLA,HLA,Hailun,2007,Leave_One_experiments\wth_generated_qc\HLA\HLA2007.WTH,normal_year;nitrogen_stress_year;low_response_year,normal,HLA2007_normal_grid_S0032,pareto_balanced,2007-08-14,226,107,102,"{""sim_day"": 107.0, ""doy"": 226.0, ""topwt"": 12696.43798828125, ""grnwt"": 867.0783233642578, ""xlai"": 3.875448226928711, ""totir"": 40.0, ""tofer"": NaN, ""swfac"": 0.0, ""nstres"": 0.0}",0.0,0.0,12696.43798828125,867.0783233642578,3.875448226928711,40.0,,0.0,0.0,40.0,180.0,5.893988037109381,21.89398803710938,Leave_One_experiments/all_year_offline_schedule_search/daily_outputs/HLA/HLA_2007_HLA2007_normal_grid_S0032_daily.csv
HLA,HLA,Hailun,2007,Leave_One_experiments\wth_generated_qc\HLA\HLA2007.WTH,normal_year;nitrogen_stress_year;low_response_year,normal,HLA2007_normal_grid_S0032,pareto_balanced,2007-08-15,227,108,103,"{""sim_day"": 108.0, ""doy"": 227.0, ""topwt"": 12869.854736328123, ""grnwt"": 1040.4939270019531, ""xlai"": 3.847556829452514, ""totir"": 40.0, ""tofer"": NaN, ""swfac"": 0.0, ""nstres"": 0.0}",0.0,0.0,12869.854736328123,1040.4939270019531,3.847556829452514,40.0,,0.0,0.0,40.0,180.0,5.893988037109381,21.89398803710938,Leave_One_experiments/all_year_offline_schedule_search/daily_outputs/HLA/HLA_2007_HLA2007_normal_grid_S0032_daily.csv
HLA,HLA,Hailun,2007,Leave_One_experiments\wth_generated_qc\HLA\HLA2007.WTH,normal_year;nitrogen_stress_year;low_response_year,normal,HLA2007_normal_grid_S0032,pareto_balanced,2007-08-16,228,109,104,"{""sim_day"": 109.0, ""doy"": 228.0, ""topwt"": 13043.26904296875, ""grnwt"": 1213.9096069335938, ""xlai"": 3.824404239654541, ""totir"": 40.0, ""tofer"": NaN, ""swfac"": 0.0, ""nstres"": 0.0}",0.0,0.0,13043.26904296875,1213.9096069335938,3.824404239654541,40.0,,0.0,0.0,40.0,180.0,5.893988037109381,21.89398803710938,Leave_One_experiments/all_year_offline_schedule_search/daily_outputs/HLA/HLA_2007_HLA2007_normal_grid_S0032_daily.csv
HLA,HLA,Hailun,2007,Leave_One_experiments\wth_generated_qc\HLA\HLA2007.WTH,normal_year;nitrogen_stress_year;low_response_year,normal,HLA2007_normal_grid_S0032,pareto_balanced,2007-08-17,229,110,105,"{""sim_day"": 110.0, ""doy"": 229.0, ""topwt"": 13216.685791015623, ""grnwt"": 1387.3252868652344, ""xlai"": 3.7977702617645264, ""totir"": 40.0, ""tofer"": NaN, ""swfac"": 0.0, ""nstres"": 0.0020503997802734}",0.0,0.0020503997802734,13216.685791015623,1387.3252868652344,3.7977702617645264,40.0,,0.0,0.0,40.0,180.0,5.893988037109381,21.89398803710938,Leave_One_experiments/all_year_offline_schedule_search/daily_outputs/HLA/HLA_2007_HLA2007_normal_grid_S0032_daily.csv
HLA,HLA,Hailun,2007,Leave_One_experiments\wth_generated_qc\HLA\HLA2007.WTH,normal_year;nitrogen_stress_year;low_response_year,normal,HLA2007_normal_grid_S0032,pareto_balanced,2007-08-18,230,111,106,"{""sim_day"": 111.0, ""doy"": 230.0, ""topwt"": 13390.101318359377, ""grnwt"": 1560.740966796875, ""xlai"": 3.762078523635864, ""totir"": 40.0, ""tofer"": NaN, ""swfac"": 0.0, ""nstres"": 0.0061932206153869}",0.0,0.0061932206153869,13390.101318359377,1560.740966796875,3.762078523635864,40.0,,0.0,0.0,40.0,180.0,5.893988037109381,21.89398803710938,Leave_One_experiments/all_year_offline_schedule_search/daily_outputs/HLA/HLA_2007_HLA2007_normal_grid_S0032_daily.csv
HLA,HLA,Hailun,2007,Leave_One_experiments\wth_generated_qc\HLA\HLA2007.WTH,normal_year;nitrogen_stress_year;low_response_year,normal,HLA2007_normal_grid_S0032,pareto_balanced,2007-08-19,231,112,107,"{""sim_day"": 112.0, ""doy"": 231.0, ""topwt"": 13563.515625, ""grnwt"": 1734.1566467285156, ""xlai"": 3.7190773487091056, ""totir"": 40.0, ""tofer"": NaN, ""swfac"": 0.0, ""nstres"": 0.0097056627273559}",0.0,0.0097056627273559,13563.515625,1734.1566467285156,3.7190773487091056,40.0,,0.0,0.0,40.0,180.0,5.893988037109381,21.89398803710938,Leave_One_experiments/all_year_offline_schedule_search/daily_outputs/HLA/HLA_2007_HLA2007_normal_grid_S0032_daily.csv
HLA,HLA,Hailun,2007,Leave_One_experiments\wth_generated_qc\HLA\HLA2007.WTH,normal_year;nitrogen_stress_year;low_response_year,normal,HLA2007_normal_grid_S0032,pareto_balanced,2007-08-20,232,113,108,"{""sim_day"": 113.0, ""doy"": 232.0, ""topwt"": 13736.932373046877, ""grnwt"": 1907.5721740722656, ""xlai"": 3.687491655349731, ""totir"": 40.0, ""tofer"": NaN, ""swfac"": 0.0, ""nstres"": 0.0176394581794738}",0.0,0.0176394581794738,13736.932373046877,1907.5721740722656,3.687491655349731,40.0,,0.0,0.0,40.0,180.0,5.893988037109381,21.89398803710938,Leave_One_experiments/all_year_offline_schedule_search/daily_outputs/HLA/HLA_2007_HLA2007_normal_grid_S0032_daily.csv
HLA,HLA,Hailun,2007,Leave_One_experiments\wth_generated_qc\HLA\HLA2007.WTH,normal_year;nitrogen_stress_year;low_response_year,normal,HLA2007_normal_grid_S0032,pareto_balanced,2007-08-21,233,114,109,"{""sim_day"": 114.0, ""doy"": 233.0, ""topwt"": 13910.34912109375, ""grnwt"": 2080.9878540039062, ""xlai"": 3.6616389751434326, ""totir"": 40.0, ""tofer"": NaN, ""swfac"": 0.0, ""nstres"": 0.0276312828063964}",0.0,0.0276312828063964,13910.34912109375,2080.9878540039062,3.6616389751434326,40.0,,0.0,0.0,40.0,180.0,5.893988037109381,21.89398803710938,Leave_One_experiments/all_year_offline_schedule_search/daily_outputs/HLA/HLA_2007_HLA2007_normal_grid_S0032_daily.csv
HLA,HLA,Hailun,2007,Leave_One_experiments\wth_generated_qc\HLA\HLA2007.WTH,normal_year;nitrogen_stress_year;low_response_year,normal,HLA2007_normal_grid_S0032,pareto_balanced,2007-08-22,234,115,110,"{""sim_day"": 115.0, ""doy"": 234.0, ""topwt"": 14083.7646484375, ""grnwt"": 2254.403686523437, ""xlai"": 3.627246856689453, ""totir"": 40.0, ""tofer"": NaN, ""swfac"": 0.0, ""nstres"": 0.036129355430603}",0.0,0.036129355430603,14083.7646484375,2254.403686523437,3.627246856689453,40.0,,0.0,0.0,40.0,180.0,5.893988037109381,21.89398803710938,Leave_One_experiments/all_year_offline_schedule_search/daily_outputs/HLA/HLA_2007_HLA2007_normal_grid_S0032_daily.csv
HLA,HLA,Hailun,2007,Leave_One_experiments\wth_generated_qc\HLA\HLA2007.WTH,normal_year;nitrogen_stress_year;low_response_year,normal,HLA2007_normal_grid_S0032,pareto_balanced,2007-08-23,235,116,111,"{""sim_day"": 116.0, ""doy"": 235.0, ""topwt"": 14257.178955078123, ""grnwt"": 2427.8195190429688, ""xlai"": 3.5809221267700195, ""totir"": 40.0, ""tofer"": NaN, ""swfac"": 0.0, ""nstres"": 0.0429030656814575}",0.0,0.0429030656814575,14257.178955078123,2427.8195190429688,3.5809221267700195,40.0,,0.0,0.0,40.0,180.0,5.893988037109381,21.89398803710938,Leave_One_experiments/all_year_offline_schedule_search/daily_outputs/HLA/HLA_2007_HLA2007_normal_grid_S0032_daily.csv
HLA,HLA,Hailun,2007,Leave_One_experiments\wth_generated_qc\HLA\HLA2007.WTH,normal_year;nitrogen_stress_year;low_response_year,normal,HLA2007_normal_grid_S0032,pareto_balanced,2007-08-24,236,117,112,"{""sim_day"": 117.0, ""doy"": 236.0, ""topwt"": 14430.59326171875, ""grnwt"": 2601.2353515625, ""xlai"": 3.539339303970337, ""totir"": 40.0, ""tofer"": NaN, ""swfac"": 0.0, ""nstres"": 0.051482081413269}",0.0,0.051482081413269,14430.59326171875,2601.2353515625,3.539339303970337,40.0,,0.0,0.0,40.0,180.0,5.893988037109381,21.89398803710938,Leave_One_experiments/all_year_offline_schedule_search/daily_outputs/HLA/HLA_2007_HLA2007_normal_grid_S0032_daily.csv
HLA,HLA,Hailun,2007,Leave_One_experiments\wth_generated_qc\HLA\HLA2007.WTH,normal_year;nitrogen_stress_year;low_response_year,normal,HLA2007_normal_grid_S0032,pareto_balanced,2007-08-25,237,118,113,"{""sim_day"": 118.0, ""doy"": 237.0, ""topwt"": 14604.010009765623, ""grnwt"": 2774.65087890625, ""xlai"": 3.5004560947418213, ""totir"": 40.0, ""tofer"": NaN, ""swfac"": 0.0, ""nstres"": 0.0611622929573059}",0.0,0.0611622929573059,14604.010009765623,2774.65087890625,3.5004560947418213,40.0,,0.0,0.0,40.0,180.0,5.893988037109381,21.89398803710938,Leave_One_experiments/all_year_offline_schedule_search/daily_outputs/HLA/HLA_2007_HLA2007_normal_grid_S0032_daily.csv
HLA,HLA,Hailun,2007,Leave_One_experiments\wth_generated_qc\HLA\HLA2007.WTH,normal_year;nitrogen_stress_year;low_response_year,normal,HLA2007_normal_grid_S0032,pareto_balanced,2007-08-26,238,119,114,"{""sim_day"": 119.0, ""doy"": 238.0, ""topwt"": 14777.4267578125, ""grnwt"": 2948.066711425781, ""xlai"": 3.458621025085449, ""totir"": 40.0, ""tofer"": NaN, ""swfac"": 0.0, ""nstres"": 0.0708982944488525}",0.0,0.0708982944488525,14777.4267578125,2948.066711425781,3.458621025085449,40.0,,0.0,0.0,40.0,180.0,5.893988037109381,21.89398803710938,Leave_One_experiments/all_year_offline_schedule_search/daily_outputs/HLA/HLA_2007_HLA2007_normal_grid_S0032_daily.csv
HLA,HLA,Hailun,2007,Leave_One_experiments\wth_generated_qc\HLA\HLA2007.WTH,normal_year;nitrogen_stress_year;low_response_year,normal,HLA2007_normal_grid_S0032,pareto_balanced,2007-08-27,239,120,115,"{""sim_day"": 120.0, ""doy"": 239.0, ""topwt"": 14925.24169921875, ""grnwt"": 3095.882873535156, ""xlai"": 3.422725200653076, ""totir"": 40.0, ""tofer"": NaN, ""swfac"": 0.0, ""nstres"": 0.0830292701721191}",0.0,0.0830292701721191,14925.24169921875,3095.882873535156,3.422725200653076,40.0,,0.0,0.0,40.0,180.0,5.893988037109381,21.89398803710938,Leave_One_experiments/all_year_offline_schedule_search/daily_outputs/HLA/HLA_2007_HLA2007_normal_grid_S0032_daily.csv
HLA,HLA,Hailun,2007,Leave_One_experiments\wth_generated_qc\HLA\HLA2007.WTH,normal_year;nitrogen_stress_year;low_response_year,normal,HLA2007_normal_grid_S0032,pareto_balanced,2007-08-28,240,121,116,"{""sim_day"": 121.0, ""doy"": 240.0, ""topwt"": 15098.6572265625, ""grnwt"": 3269.2987060546875, ""xlai"": 3.383729696273804, ""totir"": 40.0, ""tofer"": NaN, ""swfac"": 0.0, ""nstres"": 0.0911458730697631}",0.0,0.0911458730697631,15098.6572265625,3269.2987060546875,3.383729696273804,40.0,,0.0,0.0,40.0,180.0,5.893988037109381,21.89398803710938,Leave_One_experiments/all_year_offline_schedule_search/daily_outputs/HLA/HLA_2007_HLA2007_normal_grid_S0032_daily.csv
HLA,HLA,Hailun,2007,Leave_One_experiments\wth_generated_qc\HLA\HLA2007.WTH,normal_year;nitrogen_stress_year;low_response_year,normal,HLA2007_normal_grid_S0032,pareto_balanced,2007-08-29,241,122,117,"{""sim_day"": 122.0, ""doy"": 241.0, ""topwt"": 15272.07275390625, ""grnwt"": 3442.714233398437, ""xlai"": 3.340555429458618, ""totir"": 40.0, ""tofer"": NaN, ""swfac"": 0.0, ""nstres"": 0.1020741462707519}",0.0,0.1020741462707519,15272.07275390625,3442.714233398437,3.340555429458618,40.0,,0.0,0.0,40.0,180.0,5.893988037109381,21.89398803710938,Leave_One_experiments/all_year_offline_schedule_search/daily_outputs/HLA/HLA_2007_HLA2007_normal_grid_S0032_daily.csv
HLA,HLA,Hailun,2007,Leave_One_experiments\wth_generated_qc\HLA\HLA2007.WTH,normal_year;nitrogen_stress_year;low_response_year,normal,HLA2007_normal_grid_S0032,pareto_balanced,2007-08-30,242,123,118,"{""sim_day"": 123.0, ""doy"": 242.0, ""topwt"": 15445.48828125, ""grnwt"": 3616.1300659179688, ""xlai"": 3.2934131622314453, ""totir"": 40.0, ""tofer"": NaN, ""swfac"": 0.0, ""nstres"": 0.1128963232040405}",0.0,0.1128963232040405,15445.48828125,3616.1300659179688,3.2934131622314453,40.0,,0.0,0.0,40.0,180.0,5.893988037109381,21.89398803710938,Leave_One_experiments/all_year_offline_schedule_search/daily_outputs/HLA/HLA_2007_HLA2007_normal_grid_S0032_daily.csv
HLA,HLA,Hailun,2007,Leave_One_experiments\wth_generated_qc\HLA\HLA2007.WTH,normal_year;nitrogen_stress_year;low_response_year,normal,HLA2007_normal_grid_S0032,pareto_balanced,2007-08-31,243,124,119,"{""sim_day"": 124.0, ""doy"": 243.0, ""topwt"": 15618.902587890623, ""grnwt"": 3789.5458984375, ""xlai"": 3.238328456878662, ""totir"": 40.0, ""tofer"": NaN, ""swfac"": 0.0, ""nstres"": 0.1216298341751098}",0.0,0.1216298341751098,15618.902587890623,3789.5458984375,3.238328456878662,40.0,,0.0,0.0,40.0,180.0,5.893988037109381,21.89398803710938,Leave_One_experiments/all_year_offline_schedule_search/daily_outputs/HLA/HLA_2007_HLA2007_normal_grid_S0032_daily.csv
HLA,HLA,Hailun,2007,Leave_One_experiments\wth_generated_qc\HLA\HLA2007.WTH,normal_year;nitrogen_stress_year;low_response_year,normal,HLA2007_normal_grid_S0032,pareto_balanced,2007-09-01,244,125,120,"{""sim_day"": 125.0, ""doy"": 244.0, ""topwt"": 15792.3193359375, ""grnwt"": 3962.96142578125, ""xlai"": 3.183300018310547, ""totir"": 40.0, ""tofer"": NaN, ""swfac"": 0.0, ""nstres"": 0.1320627927780151}",0.0,0.1320627927780151,15792.3193359375,3962.96142578125,3.183300018310547,40.0,,0.0,0.0,40.0,180.0,5.893988037109381,21.89398803710938,Leave_One_experiments/all_year_offline_schedule_search/daily_outputs/HLA/HLA_2007_HLA2007_normal_grid_S0032_daily.csv
HLA,HLA,Hailun,2007,Leave_One_experiments\wth_generated_qc\HLA\HLA2007.WTH,normal_year;nitrogen_stress_year;low_response_year,normal,HLA2007_normal_grid_S0032,pareto_balanced,2007-09-02,245,126,121,"{""sim_day"": 126.0, ""doy"": 245.0, ""topwt"": 15923.619384765623, ""grnwt"": 4094.2620849609375, ""xlai"": 3.1255862712860107, ""totir"": 40.0, ""tofer"": NaN, ""swfac"": 0.0, ""nstres"": 0.14504075050354}",0.0,0.14504075050354,15923.619384765623,4094.2620849609375,3.1255862712860107,40.0,,0.0,0.0,40.0,180.0,5.893988037109381,21.89398803710938,Leave_One_experiments/all_year_offline_schedule_search/daily_outputs/HLA/HLA_2007_HLA2007_normal_grid_S0032_daily.csv
HLA,HLA,Hailun,2007,Leave_One_experiments\wth_generated_qc\HLA\HLA2007.WTH,normal_year;nitrogen_stress_year;low_response_year,normal,HLA2007_normal_grid_S0032,pareto_balanced,2007-09-03,246,127,122,"{""sim_day"": 127.0, ""doy"": 246.0, ""topwt"": 16082.171630859377, ""grnwt"": 4252.813415527344, ""xlai"": 3.065691471099853, ""totir"": 40.0, ""tofer"": NaN, ""swfac"": 0.0, ""nstres"": 0.1533015966415405}",0.0,0.1533015966415405,16082.171630859377,4252.813415527344,3.065691471099853,40.0,,0.0,0.0,40.0,180.0,5.893988037109381,21.89398803710938,Leave_One_experiments/all_year_offline_schedule_search/daily_outputs/HLA/HLA_2007_HLA2007_normal_grid_S0032_daily.csv
HLA,HLA,Hailun,2007,Leave_One_experiments\wth_generated_qc\HLA\HLA2007.WTH,normal_year;nitrogen_stress_year;low_response_year,normal,HLA2007_normal_grid_S0032,pareto_balanced,2007-09-04,247,128,123,"{""sim_day"": 128.0, ""doy"": 247.0, ""topwt"": 16255.5859375, ""grnwt"": 4426.229248046875, ""xlai"": 3.0031561851501465, ""totir"": 40.0, ""tofer"": NaN, ""swfac"": 0.0, ""nstres"": 0.1631875038146972}",0.0,0.1631875038146972,16255.5859375,4426.229248046875,3.0031561851501465,40.0,,0.0,0.0,40.0,180.0,5.893988037109381,21.89398803710938,Leave_One_experiments/all_year_offline_schedule_search/daily_outputs/HLA/HLA_2007_HLA2007_normal_grid_S0032_daily.csv
HLA,HLA,Hailun,2007,Leave_One_experiments\wth_generated_qc\HLA\HLA2007.WTH,normal_year;nitrogen_stress_year;low_response_year,normal,HLA2007_normal_grid_S0032,pareto_balanced,2007-09-05,248,129,124,"{""sim_day"": 129.0, ""doy"": 248.0, ""topwt"": 16429.00146484375, ""grnwt"": 4599.644775390625, ""xlai"": 2.938076496124268, ""totir"": 40.0, ""tofer"": NaN, ""swfac"": 0.0, ""nstres"": 0.1733636260032653}",0.0,0.1733636260032653,16429.00146484375,4599.644775390625,2.938076496124268,40.0,,0.0,0.0,40.0,180.0,5.893988037109381,21.89398803710938,Leave_One_experiments/all_year_offline_schedule_search/daily_outputs/HLA/HLA_2007_HLA2007_normal_grid_S0032_daily.csv
HLA,HLA,Hailun,2007,Leave_One_experiments\wth_generated_qc\HLA\HLA2007.WTH,normal_year;nitrogen_stress_year;low_response_year,normal,HLA2007_normal_grid_S0032,pareto_balanced,2007-09-06,249,130,125,"{""sim_day"": 130.0, ""doy"": 249.0, ""topwt"": 16602.4169921875, ""grnwt"": 4773.060607910156, ""xlai"": 2.8706822395324707, ""totir"": 40.0, ""tofer"": NaN, ""swfac"": 0.0, ""nstres"": 0.1835055351257324}",0.0,0.1835055351257324,16602.4169921875,4773.060607910156,2.8706822395324707,40.0,,0.0,0.0,40.0,180.0,5.893988037109381,21.89398803710938,Leave_One_experiments/all_year_offline_schedule_search/daily_outputs/HLA/HLA_2007_HLA2007_normal_grid_S0032_daily.csv
HLA,HLA,Hailun,2007,Leave_One_experiments\wth_generated_qc\HLA\HLA2007.WTH,normal_year;nitrogen_stress_year;low_response_year,normal,HLA2007_normal_grid_S0032,pareto_balanced,2007-09-07,250,131,126,"{""sim_day"": 131.0, ""doy"": 250.0, ""topwt"": 16669.6923828125, ""grnwt"": 4939.869995117188, ""xlai"": 2.800544500350952, ""totir"": 40.0, ""tofer"": NaN, ""swfac"": 0.0, ""nstres"": 0.1954599618911743}",0.0,0.1954599618911743,16669.6923828125,4939.869995117188,2.800544500350952,40.0,,0.0,0.0,40.0,180.0,5.893988037109381,21.89398803710938,Leave_One_experiments/all_year_offline_schedule_search/daily_outputs/HLA/HLA_2007_HLA2007_normal_grid_S0032_daily.csv
HLA,HLA,Hailun,2007,Leave_One_experiments\wth_generated_qc\HLA\HLA2007.WTH,normal_year;nitrogen_stress_year;low_response_year,normal,HLA2007_normal_grid_S0032,pareto_balanced,2007-09-08,251,132,127,"{""sim_day"": 132.0, ""doy"": 251.0, ""topwt"": 16839.788818359375, ""grnwt"": 5107.5048828125, ""xlai"": 2.7281694412231445, ""totir"": 40.0, ""tofer"": NaN, ""swfac"": 0.0, ""nstres"": 0.220234215259552}",0.0,0.220234215259552,16839.788818359375,5107.5048828125,2.7281694412231445,40.0,,0.0,0.0,40.0,180.0,5.893988037109381,21.89398803710938,Leave_One_experiments/all_year_offline_schedule_search/daily_outputs/HLA/HLA_2007_HLA2007_normal_grid_S0032_daily.csv
HLA,HLA,Hailun,2007,Leave_One_experiments\wth_generated_qc\HLA\HLA2007.WTH,normal_year;nitrogen_stress_year;low_response_year,normal,HLA2007_normal_grid_S0032,pareto_balanced,2007-09-09,252,133,128,"{""sim_day"": 133.0, ""doy"": 252.0, ""topwt"": 16991.982421875, ""grnwt"": 5256.97265625, ""xlai"": 2.6557772159576416, ""totir"": 40.0, ""tofer"": NaN, ""swfac"": 0.0, ""nstres"": 0.2368400692939758}",0.0,0.2368400692939758,16991.982421875,5256.97265625,2.6557772159576416,40.0,,0.0,0.0,40.0,180.0,5.893988037109381,21.89398803710938,Leave_One_experiments/all_year_offline_schedule_search/daily_outputs/HLA/HLA_2007_HLA2007_normal_grid_S0032_daily.csv
HLA,HLA,Hailun,2007,Leave_One_experiments\wth_generated_qc\HLA\HLA2007.WTH,normal_year;nitrogen_stress_year;low_response_year,normal,HLA2007_normal_grid_S0032,pareto_balanced,2007-09-10,253,134,129,"{""sim_day"": 134.0, ""doy"": 253.0, ""topwt"": 17123.91357421875, ""grnwt"": 5430.3887939453125, ""xlai"": 2.5822079181671143, ""totir"": 40.0, ""tofer"": NaN, ""swfac"": 0.0, ""nstres"": 0.2648383975028991}",0.0,0.2648383975028991,17123.91357421875,5430.3887939453125,2.5822079181671143,40.0,,0.0,0.0,40.0,180.0,5.893988037109381,21.89398803710938,Leave_One_experiments/all_year_offline_schedule_search/daily_outputs/HLA/HLA_2007_HLA2007_normal_grid_S0032_daily.csv
HLA,HLA,Hailun,2007,Leave_One_experiments\wth_generated_qc\HLA\HLA2007.WTH,normal_year;nitrogen_stress_year;low_response_year,normal,HLA2007_normal_grid_S0032,pareto_balanced,2007-09-11,254,135,130,"{""sim_day"": 135.0, ""doy"": 254.0, ""topwt"": 17291.20849609375, ""grnwt"": 5603.804321289063, ""xlai"": 2.50695538520813, ""totir"": 40.0, ""tofer"": NaN, ""swfac"": 0.0, ""nstres"": 0.2994258403778076}",0.0,0.2994258403778076,17291.20849609375,5603.804321289063,2.50695538520813,40.0,,0.0,0.0,40.0,180.0,5.893988037109381,21.89398803710938,Leave_One_experiments/all_year_offline_schedule_search/daily_outputs/HLA/HLA_2007_HLA2007_normal_grid_S0032_daily.csv
HLA,HLA,Hailun,2007,Leave_One_experiments\wth_generated_qc\HLA\HLA2007.WTH,normal_year;nitrogen_stress_year;low_response_year,normal,HLA2007_normal_grid_S0032,pareto_balanced,2007-09-12,255,136,131,"{""sim_day"": 136.0, ""doy"": 255.0, ""topwt"": 17451.9140625, ""grnwt"": 5777.220458984375, ""xlai"": 2.431220531463623, ""totir"": 40.0, ""tofer"": NaN, ""swfac"": 0.0, ""nstres"": 0.3250379562377929}",0.0,0.3250379562377929,17451.9140625,5777.220458984375,2.431220531463623,40.0,,0.0,0.0,40.0,180.0,5.893988037109381,21.89398803710938,Leave_One_experiments/all_year_offline_schedule_search/daily_outputs/HLA/HLA_2007_HLA2007_normal_grid_S0032_daily.csv
HLA,HLA,Hailun,2007,Leave_One_experiments\wth_generated_qc\HLA\HLA2007.WTH,normal_year;nitrogen_stress_year;low_response_year,normal,HLA2007_normal_grid_S0032,pareto_balanced,2007-09-13,256,137,132,"{""sim_day"": 137.0, ""doy"": 256.0, ""topwt"": 17594.41650390625, ""grnwt"": 5950.635986328125, ""xlai"": 2.3546037673950195, ""totir"": 40.0, ""tofer"": NaN, ""swfac"": 0.0, ""nstres"": 0.3563313484191894}",0.0,0.3563313484191894,17594.41650390625,5950.635986328125,2.3546037673950195,40.0,,0.0,0.0,40.0,180.0,5.893988037109381,21.89398803710938,Leave_One_experiments/all_year_offline_schedule_search/daily_outputs/HLA/HLA_2007_HLA2007_normal_grid_S0032_daily.csv
HLA,HLA,Hailun,2007,Leave_One_experiments\wth_generated_qc\HLA\HLA2007.WTH,normal_year;nitrogen_stress_year;low_response_year,normal,HLA2007_normal_grid_S0032,pareto_balanced,2007-09-14,257,138,133,"{""sim_day"": 138.0, ""doy"": 257.0, ""topwt"": 17630.413818359375, ""grnwt"": 6124.051513671875, ""xlai"": 2.277082681655884, ""totir"": 40.0, ""tofer"": NaN, ""swfac"": 0.0, ""nstres"": 0.3901554346084595}",0.0,0.3901554346084595,17630.413818359375,6124.051513671875,2.277082681655884,40.0,,0.0,0.0,40.0,180.0,5.893988037109381,21.89398803710938,Leave_One_experiments/all_year_offline_schedule_search/daily_outputs/HLA/HLA_2007_HLA2007_normal_grid_S0032_daily.csv
HLA,HLA,Hailun,2007,Leave_One_experiments\wth_generated_qc\HLA\HLA2007.WTH,normal_year;nitrogen_stress_year;low_response_year,normal,HLA2007_normal_grid_S0032,pareto_balanced,2007-09-15,258,139,134,"{""sim_day"": 139.0, ""doy"": 258.0, ""topwt"": 17702.093505859375, ""grnwt"": 6297.467651367188, ""xlai"": 2.1993796825408936, ""totir"": 40.0, ""tofer"": NaN, ""swfac"": 0.0, ""nstres"": 0.4189767837524414}",0.0,0.4189767837524414,17702.093505859375,6297.467651367188,2.1993796825408936,40.0,,0.0,0.0,40.0,180.0,5.893988037109381,21.89398803710938,Leave_One_experiments/all_year_offline_schedule_search/daily_outputs/HLA/HLA_2007_HLA2007_normal_grid_S0032_daily.csv
HLA,HLA,Hailun,2007,Leave_One_experiments\wth_generated_qc\HLA\HLA2007.WTH,normal_year;nitrogen_stress_year;low_response_year,normal,HLA2007_normal_grid_S0032,pareto_balanced,2007-09-16,259,140,135,"{""sim_day"": 140.0, ""doy"": 259.0, ""topwt"": 17844.775390625, ""grnwt"": 6470.8831787109375, ""xlai"": 2.123728513717652, ""totir"": 40.0, ""tofer"": NaN, ""swfac"": 0.0, ""nstres"": 0.4255160689353943}",0.0,0.4255160689353943,17844.775390625,6470.8831787109375,2.123728513717652,40.0,,0.0,0.0,40.0,180.0,5.893988037109381,21.89398803710938,Leave_One_experiments/all_year_offline_schedule_search/daily_outputs/HLA/HLA_2007_HLA2007_normal_grid_S0032_daily.csv
HLA,HLA,Hailun,2007,Leave_One_experiments\wth_generated_qc\HLA\HLA2007.WTH,normal_year;nitrogen_stress_year;low_response_year,normal,HLA2007_normal_grid_S0032,pareto_balanced,2007-09-17,260,141,136,"{""sim_day"": 141.0, ""doy"": 260.0, ""topwt"": 17954.661865234375, ""grnwt"": 6644.298706054688, ""xlai"": 2.021928548812866, ""totir"": 40.0, ""tofer"": NaN, ""swfac"": 0.0, ""nstres"": 0.440671443939209}",0.0,0.440671443939209,17954.661865234375,6644.298706054688,2.021928548812866,40.0,,0.0,0.0,40.0,180.0,5.893988037109381,21.89398803710938,Leave_One_experiments/all_year_offline_schedule_search/daily_outputs/HLA/HLA_2007_HLA2007_normal_grid_S0032_daily.csv
HLA,HLA,Hailun,2007,Leave_One_experiments\wth_generated_qc\HLA\HLA2007.WTH,normal_year;nitrogen_stress_year;low_response_year,normal,HLA2007_normal_grid_S0032,pareto_balanced,2007-09-18,261,142,137,"{""sim_day"": 142.0, ""doy"": 261.0, ""topwt"": 18111.376953125, ""grnwt"": 6799.547119140625, ""xlai"": 1.948183536529541, ""totir"": 40.0, ""tofer"": NaN, ""swfac"": 0.0, ""nstres"": 0.4753414988517761}",0.0,0.4753414988517761,18111.376953125,6799.547119140625,1.948183536529541,40.0,,0.0,0.0,40.0,180.0,5.893988037109381,21.89398803710938,Leave_One_experiments/all_year_offline_schedule_search/daily_outputs/HLA/HLA_2007_HLA2007_normal_grid_S0032_daily.csv
HLA,HLA,Hailun,2007,Leave_One_experiments\wth_generated_qc\HLA\HLA2007.WTH,normal_year;nitrogen_stress_year;low_response_year,normal,HLA2007_normal_grid_S0032,pareto_balanced,2007-09-19,262,143,138,"{""sim_day"": 143.0, ""doy"": 262.0, ""topwt"": 18222.2021484375, ""grnwt"": 6899.4677734375, ""xlai"": 1.7609630823135376, ""totir"": 40.0, ""tofer"": NaN, ""swfac"": 0.0, ""nstres"": 0.5002394318580627}",0.0,0.5002394318580627,18222.2021484375,6899.4677734375,1.7609630823135376,40.0,,0.0,0.0,40.0,180.0,5.893988037109381,21.89398803710938,Leave_One_experiments/all_year_offline_schedule_search/daily_outputs/HLA/HLA_2007_HLA2007_normal_grid_S0032_daily.csv
HLA,HLA,Hailun,2007,Leave_One_experiments\wth_generated_qc\HLA\HLA2007.WTH,normal_year;nitrogen_stress_year;low_response_year,normal,HLA2007_normal_grid_S0032,pareto_balanced,2007-09-20,263,144,139,"{""sim_day"": 144.0, ""doy"": 263.0, ""topwt"": 18353.017578125, ""grnwt"": 7029.942626953125, ""xlai"": 1.6932618618011477, ""totir"": 40.0, ""tofer"": NaN, ""swfac"": 0.0, ""nstres"": 0.5226911902427673}",0.0,0.5226911902427673,18353.017578125,7029.942626953125,1.6932618618011477,40.0,,0.0,0.0,40.0,180.0,5.893988037109381,21.89398803710938,Leave_One_experiments/all_year_offline_schedule_search/daily_outputs/HLA/HLA_2007_HLA2007_normal_grid_S0032_daily.csv
HLA,HLA,Hailun,2007,Leave_One_experiments\wth_generated_qc\HLA\HLA2007.WTH,normal_year;nitrogen_stress_year;low_response_year,normal,HLA2007_normal_grid_S0032,pareto_balanced,2007-09-21,264,145,140,"{""sim_day"": 145.0, ""doy"": 264.0, ""topwt"": 18441.513671875, ""grnwt"": 7089.3988037109375, ""xlai"": 1.2699464559555054, ""totir"": 40.0, ""tofer"": NaN, ""swfac"": 0.0, ""nstres"": 0.5563014149665833}",0.0,0.5563014149665833,18441.513671875,7089.3988037109375,1.2699464559555054,40.0,,0.0,0.0,40.0,180.0,5.893988037109381,21.89398803710938,Leave_One_experiments/all_year_offline_schedule_search/daily_outputs/HLA/HLA_2007_HLA2007_normal_grid_S0032_daily.csv
HLA,HLA,Hailun,2007,Leave_One_experiments\wth_generated_qc\HLA\HLA2007.WTH,normal_year;nitrogen_stress_year;low_response_year,normal,HLA2007_normal_grid_S0032,pareto_balanced,2007-09-22,265,146,141,"{""sim_day"": 146.0, ""doy"": 265.0, ""topwt"": 18441.513671875, ""grnwt"": 7089.3988037109375, ""xlai"": 1.2699464559555054, ""totir"": 40.0, ""tofer"": NaN, ""swfac"": 0.0, ""nstres"": 0.5676535367965698}",0.0,0.5676535367965698,18441.513671875,7089.3988037109375,1.2699464559555054,40.0,,0.0,0.0,40.0,180.0,5.893988037109381,21.89398803710938,Leave_One_experiments/all_year_offline_schedule_search/daily_outputs/HLA/HLA_2007_HLA2007_normal_grid_S0032_daily.csv
HLA,HLA,Hailun,2007,Leave_One_experiments\wth_generated_qc\HLA\HLA2007.WTH,normal_year;nitrogen_stress_year;low_response_year,normal,HLA2007_normal_grid_S0032,pareto_balanced,2007-09-23,266,147,142,"{""sim_day"": 147.0, ""doy"": 266.0, ""topwt"": 18441.513671875, ""grnwt"": 7089.3988037109375, ""xlai"": 1.2699464559555054, ""totir"": 40.0, ""tofer"": NaN, ""swfac"": 0.0, ""nstres"": 0.5676535367965698}",0.0,0.5676535367965698,18441.513671875,7089.3988037109375,1.2699464559555054,40.0,,0.0,0.0,40.0,180.0,5.893988037109381,21.89398803710938,Leave_One_experiments/all_year_offline_schedule_search/daily_outputs/HLA/HLA_2007_HLA2007_normal_grid_S0032_daily.csv
HLA,HLA,Hailun,2007,Leave_One_experiments\wth_generated_qc\HLA\HLA2007.WTH,normal_year;nitrogen_stress_year;low_response_year,normal,HLA2007_normal_grid_S0032,pareto_balanced,2007-09-24,267,148,143,"{""sim_day"": 148.0, ""doy"": 267.0, ""topwt"": 18441.513671875, ""grnwt"": 7089.3988037109375, ""xlai"": 1.2699464559555054, ""totir"": 40.0, ""tofer"": NaN, ""swfac"": 0.0, ""nstres"": 0.5676535367965698}",0.0,0.5676535367965698,18441.513671875,7089.3988037109375,1.2699464559555054,40.0,,0.0,0.0,40.0,180.0,5.893988037109381,21.89398803710938,Leave_One_experiments/all_year_offline_schedule_search/daily_outputs/HLA/HLA_2007_HLA2007_normal_grid_S0032_daily.csv
HLA,HLA,Hailun,2007,Leave_One_experiments\wth_generated_qc\HLA\HLA2007.WTH,normal_year;nitrogen_stress_year;low_response_year,normal,HLA2007_normal_grid_S0032,pareto_balanced,2007-09-25,268,149,144,"{""sim_day"": 149.0, ""doy"": 268.0, ""topwt"": 18441.513671875, ""grnwt"": 7089.3988037109375, ""xlai"": 1.2699464559555054, ""totir"": 40.0, ""tofer"": NaN, ""swfac"": 0.0, ""nstres"": 0.5676535367965698}",0.0,0.5676535367965698,18441.513671875,7089.3988037109375,1.2699464559555054,40.0,,0.0,0.0,40.0,180.0,5.893988037109381,21.89398803710938,Leave_One_experiments/all_year_offline_schedule_search/daily_outputs/HLA/HLA_2007_HLA2007_normal_grid_S0032_daily.csv
HLA,HLA,Hailun,2007,Leave_One_experiments\wth_generated_qc\HLA\HLA2007.WTH,normal_year;nitrogen_stress_year;low_response_year,normal,HLA2007_normal_grid_S0010,top_profit_low_water,2007-05-05,125,1,1,"{""sim_day"": 1.0, ""doy"": 125.0, ""topwt"": 0.0, ""grnwt"": 0.0, ""xlai"": 0.0, ""totir"": 0.0, ""tofer"": NaN, ""swfac"": 0.0, ""nstres"": 0.0}",0.0,0.0,0.0,0.0,0.0,0.0,,0.0,50.0,0.0,150.0,28.07846679687501,28.07846679687501,Leave_One_experiments/all_year_offline_schedule_search/daily_outputs/HLA/HLA_2007_HLA2007_normal_grid_S0010_daily.csv
HLA,HLA,Hailun,2007,Leave_One_experiments\wth_generated_qc\HLA\HLA2007.WTH,normal_year;nitrogen_stress_year;low_response_year,normal,HLA2007_normal_grid_S0010,top_profit_low_water,2007-05-06,126,2,2,"{""sim_day"": 2.0, ""doy"": 126.0, ""topwt"": 0.0, ""grnwt"": 0.0, ""xlai"": 0.0, ""totir"": 0.0, ""tofer"": NaN, ""swfac"": 0.0, ""nstres"": 0.0}",0.0,0.0,0.0,0.0,0.0,0.0,,0.0,0.0,0.0,150.0,28.07846679687501,28.07846679687501,Leave_One_experiments/all_year_offline_schedule_search/daily_outputs/HLA/HLA_2007_HLA2007_normal_grid_S0010_daily.csv
HLA,HLA,Hailun,2007,Leave_One_experiments\wth_generated_qc\HLA\HLA2007.WTH,normal_year;nitrogen_stress_year;low_response_year,normal,HLA2007_normal_grid_S0010,top_profit_low_water,2007-05-07,127,3,3,"{""sim_day"": 3.0, ""doy"": 127.0, ""topwt"": 0.0, ""grnwt"": 0.0, ""xlai"": 0.0, ""totir"": 0.0, ""tofer"": NaN, ""swfac"": 0.0, ""nstres"": 0.0}",0.0,0.0,0.0,0.0,0.0,0.0,,0.0,0.0,0.0,150.0,28.07846679687501,28.07846679687501,Leave_One_experiments/all_year_offline_schedule_search/daily_outputs/HLA/HLA_2007_HLA2007_normal_grid_S0010_daily.csv
HLA,HLA,Hailun,2007,Leave_One_experiments\wth_generated_qc\HLA\HLA2007.WTH,normal_year;nitrogen_stress_year;low_response_year,normal,HLA2007_normal_grid_S0010,top_profit_low_water,2007-05-08,128,4,4,"{""sim_day"": 4.0, ""doy"": 128.0, ""topwt"": 0.0, ""grnwt"": 0.0, ""xlai"": 0.0, ""totir"": 0.0, ""tofer"": NaN, ""swfac"": 0.0, ""nstres"": 0.0}",0.0,0.0,0.0,0.0,0.0,0.0,,0.0,0.0,0.0,150.0,28.07846679687501,28.07846679687501,Leave_One_experiments/all_year_offline_schedule_search/daily_outputs/HLA/HLA_2007_HLA2007_normal_grid_S0010_daily.csv
HLA,HLA,Hailun,2007,Leave_One_experiments\wth_generated_qc\HLA\HLA2007.WTH,normal_year;nitrogen_stress_year;low_response_year,normal,HLA2007_normal_grid_S0010,top_profit_low_water,2007-05-09,129,5,5,"{""sim_day"": 5.0, ""doy"": 129.0, ""topwt"": 0.0, ""grnwt"": 0.0, ""xlai"": 0.0, ""totir"": 0.0, ""tofer"": NaN, ""swfac"": 0.0, ""nstres"": 0.0}",0.0,0.0,0.0,0.0,0.0,0.0,,0.0,0.0,0.0,150.0,28.07846679687501,28.07846679687501,Leave_One_experiments/all_year_offline_schedule_search/daily_outputs/HLA/HLA_2007_HLA2007_normal_grid_S0010_daily.csv
HLA,HLA,Hailun,2007,Leave_One_experiments\wth_generated_qc\HLA\HLA2007.WTH,normal_year;nitrogen_stress_year;low_response_year,normal,HLA2007_normal_grid_S0010,top_profit_low_water,2007-05-05,125,6,1,"{""sim_day"": 6.0, ""doy"": 125.0, ""topwt"": 0.0, ""grnwt"": 0.0, ""xlai"": 0.0, ""totir"": 0.0, ""tofer"": NaN, ""swfac"": 0.0, ""nstres"": 0.0}",0.0,0.0,0.0,0.0,0.0,0.0,,0.0,0.0,0.0,150.0,28.07846679687501,28.07846679687501,Leave_One_experiments/all_year_offline_schedule_search/daily_outputs/HLA/HLA_2007_HLA2007_normal_grid_S0010_daily.csv
HLA,HLA,Hailun,2007,Leave_One_experiments\wth_generated_qc\HLA\HLA2007.WTH,normal_year;nitrogen_stress_year;low_response_year,normal,HLA2007_normal_grid_S0010,top_profit_low_water,2007-05-06,126,7,2,"{""sim_day"": 7.0, ""doy"": 126.0, ""topwt"": 0.0, ""grnwt"": 0.0, ""xlai"": 0.0, ""totir"": 0.0, ""tofer"": NaN, ""swfac"": 0.0, ""nstres"": 0.0}",0.0,0.0,0.0,0.0,0.0,0.0,,0.0,0.0,0.0,150.0,28.07846679687501,28.07846679687501,Leave_One_experiments/all_year_offline_schedule_search/daily_outputs/HLA/HLA_2007_HLA2007_normal_grid_S0010_daily.csv
HLA,HLA,Hailun,2007,Leave_One_experiments\wth_generated_qc\HLA\HLA2007.WTH,normal_year;nitrogen_stress_year;low_response_year,normal,HLA2007_normal_grid_S0010,top_profit_low_water,2007-05-07,127,8,3,"{""sim_day"": 8.0, ""doy"": 127.0, ""topwt"": 0.0, ""grnwt"": 0.0, ""xlai"": 0.0, ""totir"": 0.0, ""tofer"": NaN, ""swfac"": 0.0, ""nstres"": 0.0}",0.0,0.0,0.0,0.0,0.0,0.0,,0.0,0.0,0.0,150.0,28.07846679687501,28.07846679687501,Leave_One_experiments/all_year_offline_schedule_search/daily_outputs/HLA/HLA_2007_HLA2007_normal_grid_S0010_daily.csv
HLA,HLA,Hailun,2007,Leave_One_experiments\wth_generated_qc\HLA\HLA2007.WTH,normal_year;nitrogen_stress_year;low_response_year,normal,HLA2007_normal_grid_S0010,top_profit_low_water,2007-05-08,128,9,4,"{""sim_day"": 9.0, ""doy"": 128.0, ""topwt"": 0.0, ""grnwt"": 0.0, ""xlai"": 0.0, ""totir"": 0.0, ""tofer"": NaN, ""swfac"": 0.0, ""nstres"": 0.0}",0.0,0.0,0.0,0.0,0.0,0.0,,0.0,0.0,0.0,150.0,28.07846679687501,28.07846679687501,Leave_One_experiments/all_year_offline_schedule_search/daily_outputs/HLA/HLA_2007_HLA2007_normal_grid_S0010_daily.csv
HLA,HLA,Hailun,2007,Leave_One_experiments\wth_generated_qc\HLA\HLA2007.WTH,normal_year;nitrogen_stress_year;low_response_year,normal,HLA2007_normal_grid_S0010,top_profit_low_water,2007-05-09,129,10,5,"{""sim_day"": 10.0, ""doy"": 129.0, ""topwt"": 0.0, ""grnwt"": 0.0, ""xlai"": 0.0, ""totir"": 0.0, ""tofer"": NaN, ""swfac"": 0.0, ""nstres"": 0.0}",0.0,0.0,0.0,0.0,0.0,0.0,,0.0,0.0,0.0,150.0,28.07846679687501,28.07846679687501,Leave_One_experiments/all_year_offline_schedule_search/daily_outputs/HLA/HLA_2007_HLA2007_normal_grid_S0010_daily.csv
HLA,HLA,Hailun,2007,Leave_One_experiments\wth_generated_qc\HLA\HLA2007.WTH,normal_year;nitrogen_stress_year;low_response_year,normal,HLA2007_normal_grid_S0010,top_profit_low_water,2007-05-10,130,11,6,"{""sim_day"": 11.0, ""doy"": 130.0, ""topwt"": 0.0, ""grnwt"": 0.0, ""xlai"": 0.0, ""totir"": 0.0, ""tofer"": NaN, ""swfac"": 0.0, ""nstres"": 0.0}",0.0,0.0,0.0,0.0,0.0,0.0,,0.0,0.0,0.0,150.0,28.07846679687501,28.07846679687501,Leave_One_experiments/all_year_offline_schedule_search/daily_outputs/HLA/HLA_2007_HLA2007_normal_grid_S0010_daily.csv
HLA,HLA,Hailun,2007,Leave_One_experiments\wth_generated_qc\HLA\HLA2007.WTH,normal_year;nitrogen_stress_year;low_response_year,normal,HLA2007_normal_grid_S0010,top_profit_low_water,2007-05-11,131,12,7,"{""sim_day"": 12.0, ""doy"": 131.0, ""topwt"": 0.0, ""grnwt"": 0.0, ""xlai"": 0.0, ""totir"": 0.0, ""tofer"": NaN, ""swfac"": 0.0, ""nstres"": 0.0}",0.0,0.0,0.0,0.0,0.0,0.0,,0.0,0.0,0.0,150.0,28.07846679687501,28.07846679687501,Leave_One_experiments/all_year_offline_schedule_search/daily_outputs/HLA/HLA_2007_HLA2007_normal_grid_S0010_daily.csv
HLA,HLA,Hailun,2007,Leave_One_experiments\wth_generated_qc\HLA\HLA2007.WTH,normal_year;nitrogen_stress_year;low_response_year,normal,HLA2007_normal_grid_S0010,top_profit_low_water,2007-05-12,132,13,8,"{""sim_day"": 13.0, ""doy"": 132.0, ""topwt"": 0.0, ""grnwt"": 0.0, ""xlai"": 0.0, ""totir"": 0.0, ""tofer"": NaN, ""swfac"": 0.0, ""nstres"": 0.0}",0.0,0.0,0.0,0.0,0.0,0.0,,0.0,0.0,0.0,150.0,28.07846679687501,28.07846679687501,Leave_One_experiments/all_year_offline_schedule_search/daily_outputs/HLA/HLA_2007_HLA2007_normal_grid_S0010_daily.csv
HLA,HLA,Hailun,2007,Leave_One_experiments\wth_generated_qc\HLA\HLA2007.WTH,normal_year;nitrogen_stress_year;low_response_year,normal,HLA2007_normal_grid_S0010,top_profit_low_water,2007-05-13,133,14,9,"{""sim_day"": 14.0, ""doy"": 133.0, ""topwt"": 0.0, ""grnwt"": 0.0, ""xlai"": 0.0, ""totir"": 0.0, ""tofer"": NaN, ""swfac"": 0.0, ""nstres"": 0.0}",0.0,0.0,0.0,0.0,0.0,0.0,,0.0,0.0,0.0,150.0,28.07846679687501,28.07846679687501,Leave_One_experiments/all_year_offline_schedule_search/daily_outputs/HLA/HLA_2007_HLA2007_normal_grid_S0010_daily.csv
HLA,HLA,Hailun,2007,Leave_One_experiments\wth_generated_qc\HLA\HLA2007.WTH,normal_year;nitrogen_stress_year;low_response_year,normal,HLA2007_normal_grid_S0010,top_profit_low_water,2007-05-14,134,15,10,"{""sim_day"": 15.0, ""doy"": 134.0, ""topwt"": 0.0, ""grnwt"": 0.0, ""xlai"": 0.0, ""totir"": 0.0, ""tofer"": NaN, ""swfac"": 0.0, ""nstres"": 0.0}",0.0,0.0,0.0,0.0,0.0,0.0,,0.0,0.0,0.0,150.0,28.07846679687501,28.07846679687501,Leave_One_experiments/all_year_offline_schedule_search/daily_outputs/HLA/HLA_2007_HLA2007_normal_grid_S0010_daily.csv
HLA,HLA,Hailun,2007,Leave_One_experiments\wth_generated_qc\HLA\HLA2007.WTH,normal_year;nitrogen_stress_year;low_response_year,normal,HLA2007_normal_grid_S0010,top_profit_low_water,2007-05-15,135,16,11,"{""sim_day"": 16.0, ""doy"": 135.0, ""topwt"": 0.0, ""grnwt"": 0.0, ""xlai"": 0.0, ""totir"": 0.0, ""tofer"": NaN, ""swfac"": 0.0, ""nstres"": 0.0}",0.0,0.0,0.0,0.0,0.0,0.0,,0.0,0.0,0.0,150.0,28.07846679687501,28.07846679687501,Leave_One_experiments/all_year_offline_schedule_search/daily_outputs/HLA/HLA_2007_HLA2007_normal_grid_S0010_daily.csv
HLA,HLA,Hailun,2007,Leave_One_experiments\wth_generated_qc\HLA\HLA2007.WTH,normal_year;nitrogen_stress_year;low_response_year,normal,HLA2007_normal_grid_S0010,top_profit_low_water,2007-05-16,136,17,12,"{""sim_day"": 17.0, ""doy"": 136.0, ""topwt"": 0.0, ""grnwt"": 0.0, ""xlai"": 0.0, ""totir"": 0.0, ""tofer"": NaN, ""swfac"": 0.0, ""nstres"": 0.0}",0.0,0.0,0.0,0.0,0.0,0.0,,0.0,0.0,0.0,150.0,28.07846679687501,28.07846679687501,Leave_One_experiments/all_year_offline_schedule_search/daily_outputs/HLA/HLA_2007_HLA2007_normal_grid_S0010_daily.csv
HLA,HLA,Hailun,2007,Leave_One_experiments\wth_generated_qc\HLA\HLA2007.WTH,normal_year;nitrogen_stress_year;low_response_year,normal,HLA2007_normal_grid_S0010,top_profit_low_water,2007-05-17,137,18,13,"{""sim_day"": 18.0, ""doy"": 137.0, ""topwt"": 0.0, ""grnwt"": 0.0, ""xlai"": 0.0, ""totir"": 0.0, ""tofer"": NaN, ""swfac"": 0.0, ""nstres"": 0.0}",0.0,0.0,0.0,0.0,0.0,0.0,,0.0,0.0,0.0,150.0,28.07846679687501,28.07846679687501,Leave_One_experiments/all_year_offline_schedule_search/daily_outputs/HLA/HLA_2007_HLA2007_normal_grid_S0010_daily.csv
HLA,HLA,Hailun,2007,Leave_One_experiments\wth_generated_qc\HLA\HLA2007.WTH,normal_year;nitrogen_stress_year;low_response_year,normal,HLA2007_normal_grid_S0010,top_profit_low_water,2007-05-18,138,19,14,"{""sim_day"": 19.0, ""doy"": 138.0, ""topwt"": 0.0, ""grnwt"": 0.0, ""xlai"": 0.0, ""totir"": 0.0, ""tofer"": NaN, ""swfac"": 0.0, ""nstres"": 0.0}",0.0,0.0,0.0,0.0,0.0,0.0,,0.0,0.0,0.0,150.0,28.07846679687501,28.07846679687501,Leave_One_experiments/all_year_offline_schedule_search/daily_outputs/HLA/HLA_2007_HLA2007_normal_grid_S0010_daily.csv
HLA,HLA,Hailun,2007,Leave_One_experiments\wth_generated_qc\HLA\HLA2007.WTH,normal_year;nitrogen_stress_year;low_response_year,normal,HLA2007_normal_grid_S0010,top_profit_low_water,2007-05-19,139,20,15,"{""sim_day"": 20.0, ""doy"": 139.0, ""topwt"": 0.0, ""grnwt"": 0.0, ""xlai"": 0.0, ""totir"": 0.0, ""tofer"": NaN, ""swfac"": 0.0, ""nstres"": 0.0}",0.0,0.0,0.0,0.0,0.0,0.0,,0.0,0.0,0.0,150.0,28.07846679687501,28.07846679687501,Leave_One_experiments/all_year_offline_schedule_search/daily_outputs/HLA/HLA_2007_HLA2007_normal_grid_S0010_daily.csv
HLA,HLA,Hailun,2007,Leave_One_experiments\wth_generated_qc\HLA\HLA2007.WTH,normal_year;nitrogen_stress_year;low_response_year,normal,HLA2007_normal_grid_S0010,top_profit_low_water,2007-05-20,140,21,16,"{""sim_day"": 21.0, ""doy"": 140.0, ""topwt"": 0.0, ""grnwt"": 0.0, ""xlai"": 0.0, ""totir"": 0.0, ""tofer"": NaN, ""swfac"": 0.0, ""nstres"": 0.0}",0.0,0.0,0.0,0.0,0.0,0.0,,0.0,0.0,0.0,150.0,28.07846679687501,28.07846679687501,Leave_One_experiments/all_year_offline_schedule_search/daily_outputs/HLA/HLA_2007_HLA2007_normal_grid_S0010_daily.csv
HLA,HLA,Hailun,2007,Leave_One_experiments\wth_generated_qc\HLA\HLA2007.WTH,normal_year;nitrogen_stress_year;low_response_year,normal,HLA2007_normal_grid_S0010,top_profit_low_water,2007-05-21,141,22,17,"{""sim_day"": 22.0, ""doy"": 141.0, ""topwt"": 20.0, ""grnwt"": 0.0, ""xlai"": 0.0018952720565721, ""totir"": 0.0, ""tofer"": NaN, ""swfac"": 0.0, ""nstres"": 0.0121910572052001}",0.0,0.0121910572052001,20.0,0.0,0.0018952720565721,0.0,,0.0,0.0,0.0,150.0,28.07846679687501,28.07846679687501,Leave_One_experiments/all_year_offline_schedule_search/daily_outputs/HLA/HLA_2007_HLA2007_normal_grid_S0010_daily.csv
HLA,HLA,Hailun,2007,Leave_One_experiments\wth_generated_qc\HLA\HLA2007.WTH,normal_year;nitrogen_stress_year;low_response_year,normal,HLA2007_normal_grid_S0010,top_profit_low_water,2007-05-22,142,23,18,"{""sim_day"": 23.0, ""doy"": 142.0, ""topwt"": 20.0, ""grnwt"": 0.0, ""xlai"": 0.0034287653397768, ""totir"": 0.0, ""tofer"": NaN, ""swfac"": 0.0, ""nstres"": 0.0142695903778076}",0.0,0.0142695903778076,20.0,0.0,0.0034287653397768,0.0,,0.0,0.0,0.0,150.0,28.07846679687501,28.07846679687501,Leave_One_experiments/all_year_offline_schedule_search/daily_outputs/HLA/HLA_2007_HLA2007_normal_grid_S0010_daily.csv
HLA,HLA,Hailun,2007,Leave_One_experiments\wth_generated_qc\HLA\HLA2007.WTH,normal_year;nitrogen_stress_year;low_response_year,normal,HLA2007_normal_grid_S0010,top_profit_low_water,2007-05-23,143,24,19,"{""sim_day"": 24.0, ""doy"": 143.0, ""topwt"": 20.0, ""grnwt"": 0.0, ""xlai"": 0.0039791166782379, ""totir"": 0.0, ""tofer"": NaN, ""swfac"": 0.0, ""nstres"": 0.0117426514625549}",0.0,0.0117426514625549,20.0,0.0,0.0039791166782379,0.0,,0.0,0.0,0.0,150.0,28.07846679687501,28.07846679687501,Leave_One_experiments/all_year_offline_schedule_search/daily_outputs/HLA/HLA_2007_HLA2007_normal_grid_S0010_daily.csv
HLA,HLA,Hailun,2007,Leave_One_experiments\wth_generated_qc\HLA\HLA2007.WTH,normal_year;nitrogen_stress_year;low_response_year,normal,HLA2007_normal_grid_S0010,top_profit_low_water,2007-05-24,144,25,20,"{""sim_day"": 25.0, ""doy"": 144.0, ""topwt"": 20.0, ""grnwt"": 0.0, ""xlai"": 0.0044389814138412, ""totir"": 0.0, ""tofer"": NaN, ""swfac"": 0.0, ""nstres"": 0.009718894958496}",0.0,0.009718894958496,20.0,0.0,0.0044389814138412,0.0,,0.0,0.0,0.0,150.0,28.07846679687501,28.07846679687501,Leave_One_experiments/all_year_offline_schedule_search/daily_outputs/HLA/HLA_2007_HLA2007_normal_grid_S0010_daily.csv
HLA,HLA,Hailun,2007,Leave_One_experiments\wth_generated_qc\HLA\HLA2007.WTH,normal_year;nitrogen_stress_year;low_response_year,normal,HLA2007_normal_grid_S0010,top_profit_low_water,2007-05-25,145,26,21,"{""sim_day"": 26.0, ""doy"": 145.0, ""topwt"": 20.0, ""grnwt"": 0.0, ""xlai"": 0.0048153069801628, ""totir"": 0.0, ""tofer"": NaN, ""swfac"": 0.0, ""nstres"": 0.0081039667129516}",0.0,0.0081039667129516,20.0,0.0,0.0048153069801628,0.0,,0.0,0.0,0.0,150.0,28.07846679687501,28.07846679687501,Leave_One_experiments/all_year_offline_schedule_search/daily_outputs/HLA/HLA_2007_HLA2007_normal_grid_S0010_daily.csv
HLA,HLA,Hailun,2007,Leave_One_experiments\wth_generated_qc\HLA\HLA2007.WTH,normal_year;nitrogen_stress_year;low_response_year,normal,HLA2007_normal_grid_S0010,top_profit_low_water,2007-05-26,146,27,22,"{""sim_day"": 27.0, ""doy"": 146.0, ""topwt"": 20.0, ""grnwt"": 0.0, ""xlai"": 0.0054432884790003, ""totir"": 0.0, ""tofer"": NaN, ""swfac"": 0.0, ""nstres"": 0.0058013200759887}",0.0,0.0058013200759887,20.0,0.0,0.0054432884790003,0.0,,0.0,0.0,0.0,150.0,28.07846679687501,28.07846679687501,Leave_One_experiments/all_year_offline_schedule_search/daily_outputs/HLA/HLA_2007_HLA2007_normal_grid_S0010_daily.csv
HLA,HLA,Hailun,2007,Leave_One_experiments\wth_generated_qc\HLA\HLA2007.WTH,normal_year;nitrogen_stress_year;low_response_year,normal,HLA2007_normal_grid_S0010,top_profit_low_water,2007-05-27,147,28,23,"{""sim_day"": 28.0, ""doy"": 147.0, ""topwt"": 20.0, ""grnwt"": 0.0, ""xlai"": 0.0064550009556114, ""totir"": 0.0, ""tofer"": NaN, ""swfac"": 0.0, ""nstres"": 0.003354012966156}",0.0,0.003354012966156,20.0,0.0,0.0064550009556114,0.0,,0.0,0.0,0.0,150.0,28.07846679687501,28.07846679687501,Leave_One_experiments/all_year_offline_schedule_search/daily_outputs/HLA/HLA_2007_HLA2007_normal_grid_S0010_daily.csv
HLA,HLA,Hailun,2007,Leave_One_experiments\wth_generated_qc\HLA\HLA2007.WTH,normal_year;nitrogen_stress_year;low_response_year,normal,HLA2007_normal_grid_S0010,top_profit_low_water,2007-05-28,148,29,24,"{""sim_day"": 29.0, ""doy"": 148.0, ""topwt"": 20.0, ""grnwt"": 0.0, ""xlai"": 0.0082919690757989, ""totir"": 0.0, ""tofer"": NaN, ""swfac"": 0.0, ""nstres"": 0.0}",0.0,0.0,20.0,0.0,0.0082919690757989,0.0,,0.0,0.0,0.0,150.0,28.07846679687501,28.07846679687501,Leave_One_experiments/all_year_offline_schedule_search/daily_outputs/HLA/HLA_2007_HLA2007_normal_grid_S0010_daily.csv
HLA,HLA,Hailun,2007,Leave_One_experiments\wth_generated_qc\HLA\HLA2007.WTH,normal_year;nitrogen_stress_year;low_response_year,normal,HLA2007_normal_grid_S0010,top_profit_low_water,2007-05-29,149,30,25,"{""sim_day"": 30.0, ""doy"": 149.0, ""topwt"": 20.0, ""grnwt"": 0.0, ""xlai"": 0.0107608120888471, ""totir"": 0.0, ""tofer"": NaN, ""swfac"": 0.0, ""nstres"": 0.0}",0.0,0.0,20.0,0.0,0.0107608120888471,0.0,,0.0,0.0,0.0,150.0,28.07846679687501,28.07846679687501,Leave_One_experiments/all_year_offline_schedule_search/daily_outputs/HLA/HLA_2007_HLA2007_normal_grid_S0010_daily.csv
HLA,HLA,Hailun,2007,Leave_One_experiments\wth_generated_qc\HLA\HLA2007.WTH,normal_year;nitrogen_stress_year;low_response_year,normal,HLA2007_normal_grid_S0010,top_profit_low_water,2007-05-30,150,31,26,"{""sim_day"": 31.0, ""doy"": 150.0, ""topwt"": 20.0, ""grnwt"": 0.0, ""xlai"": 0.0208764635026454, ""totir"": 0.0, ""tofer"": NaN, ""swfac"": 0.0, ""nstres"": 0.0}",0.0,0.0,20.0,0.0,0.0208764635026454,0.0,,0.0,0.0,0.0,150.0,28.07846679687501,28.07846679687501,Leave_One_experiments/all_year_offline_schedule_search/daily_outputs/HLA/HLA_2007_HLA2007_normal_grid_S0010_daily.csv
HLA,HLA,Hailun,2007,Leave_One_experiments\wth_generated_qc\HLA\HLA2007.WTH,normal_year;nitrogen_stress_year;low_response_year,normal,HLA2007_normal_grid_S0010,top_profit_low_water,2007-05-31,151,32,27,"{""sim_day"": 32.0, ""doy"": 151.0, ""topwt"": 20.0, ""grnwt"": 0.0, ""xlai"": 0.0307437852025032, ""totir"": 0.0, ""tofer"": NaN, ""swfac"": 0.0, ""nstres"": 0.0}",0.0,0.0,20.0,0.0,0.0307437852025032,0.0,,0.0,0.0,0.0,150.0,28.07846679687501,28.07846679687501,Leave_One_experiments/all_year_offline_schedule_search/daily_outputs/HLA/HLA_2007_HLA2007_normal_grid_S0010_daily.csv
HLA,HLA,Hailun,2007,Leave_One_experiments\wth_generated_qc\HLA\HLA2007.WTH,normal_year;nitrogen_stress_year;low_response_year,normal,HLA2007_normal_grid_S0010,top_profit_low_water,2007-06-01,152,33,28,"{""sim_day"": 33.0, ""doy"": 152.0, ""topwt"": 21.62567615509033, ""grnwt"": 0.0, ""xlai"": 0.0386871211230754, ""totir"": 0.0, ""tofer"": NaN, ""swfac"": 0.0, ""nstres"": 0.0}",0.0,0.0,21.62567615509033,0.0,0.0386871211230754,0.0,,0.0,0.0,0.0,150.0,28.07846679687501,28.07846679687501,Leave_One_experiments/all_year_offline_schedule_search/daily_outputs/HLA/HLA_2007_HLA2007_normal_grid_S0010_daily.csv
HLA,HLA,Hailun,2007,Leave_One_experiments\wth_generated_qc\HLA\HLA2007.WTH,normal_year;nitrogen_stress_year;low_response_year,normal,HLA2007_normal_grid_S0010,top_profit_low_water,2007-06-02,153,34,29,"{""sim_day"": 34.0, ""doy"": 153.0, ""topwt"": 27.12354421615601, ""grnwt"": 0.0, ""xlai"": 0.0526767149567604, ""totir"": 0.0, ""tofer"": NaN, ""swfac"": 0.0, ""nstres"": 0.0}",0.0,0.0,27.12354421615601,0.0,0.0526767149567604,0.0,,0.0,0.0,0.0,150.0,28.07846679687501,28.07846679687501,Leave_One_experiments/all_year_offline_schedule_search/daily_outputs/HLA/HLA_2007_HLA2007_normal_grid_S0010_daily.csv
HLA,HLA,Hailun,2007,Leave_One_experiments\wth_generated_qc\HLA\HLA2007.WTH,normal_year;nitrogen_stress_year;low_response_year,normal,HLA2007_normal_grid_S0010,top_profit_low_water,2007-06-03,154,35,30,"{""sim_day"": 35.0, ""doy"": 154.0, ""topwt"": 31.827762126922607, ""grnwt"": 0.0, ""xlai"": 0.0639131814241409, ""totir"": 0.0, ""tofer"": NaN, ""swfac"": 0.0, ""nstres"": 0.0}",0.0,0.0,31.827762126922607,0.0,0.0639131814241409,0.0,,0.0,50.0,0.0,150.0,28.07846679687501,28.07846679687501,Leave_One_experiments/all_year_offline_schedule_search/daily_outputs/HLA/HLA_2007_HLA2007_normal_grid_S0010_daily.csv
HLA,HLA,Hailun,2007,Leave_One_experiments\wth_generated_qc\HLA\HLA2007.WTH,normal_year;nitrogen_stress_year;low_response_year,normal,HLA2007_normal_grid_S0010,top_profit_low_water,2007-06-04,155,36,31,"{""sim_day"": 36.0, ""doy"": 155.0, ""topwt"": 35.9494948387146, ""grnwt"": 0.0, ""xlai"": 0.0733499825000763, ""totir"": 0.0, ""tofer"": NaN, ""swfac"": 0.0, ""nstres"": 0.0}",0.0,0.0,35.9494948387146,0.0,0.0733499825000763,0.0,,0.0,0.0,0.0,150.0,28.07846679687501,28.07846679687501,Leave_One_experiments/all_year_offline_schedule_search/daily_outputs/HLA/HLA_2007_HLA2007_normal_grid_S0010_daily.csv
HLA,HLA,Hailun,2007,Leave_One_experiments\wth_generated_qc\HLA\HLA2007.WTH,normal_year;nitrogen_stress_year;low_response_year,normal,HLA2007_normal_grid_S0010,top_profit_low_water,2007-06-05,156,37,32,"{""sim_day"": 37.0, ""doy"": 156.0, ""topwt"": 43.02427291870117, ""grnwt"": 0.0, ""xlai"": 0.0888647139072418, ""totir"": 0.0, ""tofer"": NaN, ""swfac"": 0.0, ""nstres"": 0.0}",0.0,0.0,43.02427291870117,0.0,0.0888647139072418,0.0,,0.0,0.0,0.0,150.0,28.07846679687501,28.07846679687501,Leave_One_experiments/all_year_offline_schedule_search/daily_outputs/HLA/HLA_2007_HLA2007_normal_grid_S0010_daily.csv
HLA,HLA,Hailun,2007,Leave_One_experiments\wth_generated_qc\HLA\HLA2007.WTH,normal_year;nitrogen_stress_year;low_response_year,normal,HLA2007_normal_grid_S0010,top_profit_low_water,2007-06-06,157,38,33,"{""sim_day"": 38.0, ""doy"": 157.0, ""topwt"": 51.71537399291992, ""grnwt"": 0.0, ""xlai"": 0.1070112287998199, ""totir"": 0.0, ""tofer"": NaN, ""swfac"": 0.0, ""nstres"": 0.0}",0.0,0.0,51.71537399291992,0.0,0.1070112287998199,0.0,,0.0,0.0,0.0,150.0,28.07846679687501,28.07846679687501,Leave_One_experiments/all_year_offline_schedule_search/daily_outputs/HLA/HLA_2007_HLA2007_normal_grid_S0010_daily.csv
HLA,HLA,Hailun,2007,Leave_One_experiments\wth_generated_qc\HLA\HLA2007.WTH,normal_year;nitrogen_stress_year;low_response_year,normal,HLA2007_normal_grid_S0010,top_profit_low_water,2007-06-07,158,39,34,"{""sim_day"": 39.0, ""doy"": 158.0, ""topwt"": 64.33432102203369, ""grnwt"": 0.0, ""xlai"": 0.1320281773805618, ""totir"": 0.0, ""tofer"": NaN, ""swfac"": 0.0, ""nstres"": 0.0}",0.0,0.0,64.33432102203369,0.0,0.1320281773805618,0.0,,0.0,0.0,0.0,150.0,28.07846679687501,28.07846679687501,Leave_One_experiments/all_year_offline_schedule_search/daily_outputs/HLA/HLA_2007_HLA2007_normal_grid_S0010_daily.csv
HLA,HLA,Hailun,2007,Leave_One_experiments\wth_generated_qc\HLA\HLA2007.WTH,normal_year;nitrogen_stress_year;low_response_year,normal,HLA2007_normal_grid_S0010,top_profit_low_water,2007-06-08,159,40,35,"{""sim_day"": 40.0, ""doy"": 159.0, ""topwt"": 79.05491828918457, ""grnwt"": 0.0, ""xlai"": 0.1597264260053634, ""totir"": 0.0, ""tofer"": NaN, ""swfac"": 0.0, ""nstres"": 0.0}",0.0,0.0,79.05491828918457,0.0,0.1597264260053634,0.0,,0.0,0.0,0.0,150.0,28.07846679687501,28.07846679687501,Leave_One_experiments/all_year_offline_schedule_search/daily_outputs/HLA/HLA_2007_HLA2007_normal_grid_S0010_daily.csv
HLA,HLA,Hailun,2007,Leave_One_experiments\wth_generated_qc\HLA\HLA2007.WTH,normal_year;nitrogen_stress_year;low_response_year,normal,HLA2007_normal_grid_S0010,top_profit_low_water,2007-06-09,160,41,36,"{""sim_day"": 41.0, ""doy"": 160.0, ""topwt"": 99.28703308105467, ""grnwt"": 0.0, ""xlai"": 0.1958689391613006, ""totir"": 0.0, ""tofer"": NaN, ""swfac"": 0.0, ""nstres"": 0.0}",0.0,0.0,99.28703308105467,0.0,0.1958689391613006,0.0,,0.0,0.0,0.0,150.0,28.07846679687501,28.07846679687501,Leave_One_experiments/all_year_offline_schedule_search/daily_outputs/HLA/HLA_2007_HLA2007_normal_grid_S0010_daily.csv
HLA,HLA,Hailun,2007,Leave_One_experiments\wth_generated_qc\HLA\HLA2007.WTH,normal_year;nitrogen_stress_year;low_response_year,normal,HLA2007_normal_grid_S0010,top_profit_low_water,2007-06-10,161,42,37,"{""sim_day"": 42.0, ""doy"": 161.0, ""topwt"": 129.09945487976074, ""grnwt"": 0.0, ""xlai"": 0.2461608350276947, ""totir"": 0.0, ""tofer"": NaN, ""swfac"": 0.0, ""nstres"": 0.0}",0.0,0.0,129.09945487976074,0.0,0.2461608350276947,0.0,,0.0,0.0,0.0,150.0,28.07846679687501,28.07846679687501,Leave_One_experiments/all_year_offline_schedule_search/daily_outputs/HLA/HLA_2007_HLA2007_normal_grid_S0010_daily.csv
HLA,HLA,Hailun,2007,Leave_One_experiments\wth_generated_qc\HLA\HLA2007.WTH,normal_year;nitrogen_stress_year;low_response_year,normal,HLA2007_normal_grid_S0010,top_profit_low_water,2007-06-11,162,43,38,"{""sim_day"": 43.0, ""doy"": 162.0, ""topwt"": 153.11492919921875, ""grnwt"": 0.0, ""xlai"": 0.3041485249996185, ""totir"": 0.0, ""tofer"": NaN, ""swfac"": 0.0, ""nstres"": 0.0}",0.0,0.0,153.11492919921875,0.0,0.3041485249996185,0.0,,0.0,0.0,0.0,150.0,28.07846679687501,28.07846679687501,Leave_One_experiments/all_year_offline_schedule_search/daily_outputs/HLA/HLA_2007_HLA2007_normal_grid_S0010_daily.csv
HLA,HLA,Hailun,2007,Leave_One_experiments\wth_generated_qc\HLA\HLA2007.WTH,normal_year;nitrogen_stress_year;low_response_year,normal,HLA2007_normal_grid_S0010,top_profit_low_water,2007-06-12,163,44,39,"{""sim_day"": 44.0, ""doy"": 163.0, ""topwt"": 176.6305923461914, ""grnwt"": 0.0, ""xlai"": 0.3431284725666046, ""totir"": 0.0, ""tofer"": NaN, ""swfac"": 0.0, ""nstres"": 0.0048949122428894}",0.0,0.0048949122428894,176.6305923461914,0.0,0.3431284725666046,0.0,,0.0,0.0,0.0,150.0,28.07846679687501,28.07846679687501,Leave_One_experiments/all_year_offline_schedule_search/daily_outputs/HLA/HLA_2007_HLA2007_normal_grid_S0010_daily.csv
HLA,HLA,Hailun,2007,Leave_One_experiments\wth_generated_qc\HLA\HLA2007.WTH,normal_year;nitrogen_stress_year;low_response_year,normal,HLA2007_normal_grid_S0010,top_profit_low_water,2007-06-13,164,45,40,"{""sim_day"": 45.0, ""doy"": 164.0, ""topwt"": 211.38198852539065, ""grnwt"": 0.0, ""xlai"": 0.3986919820308685, ""totir"": 0.0, ""tofer"": NaN, ""swfac"": 0.0, ""nstres"": 0.0}",0.0,0.0,211.38198852539065,0.0,0.3986919820308685,0.0,,0.0,0.0,0.0,150.0,28.07846679687501,28.07846679687501,Leave_One_experiments/all_year_offline_schedule_search/daily_outputs/HLA/HLA_2007_HLA2007_normal_grid_S0010_daily.csv
HLA,HLA,Hailun,2007,Leave_One_experiments\wth_generated_qc\HLA\HLA2007.WTH,normal_year;nitrogen_stress_year;low_response_year,normal,HLA2007_normal_grid_S0010,top_profit_low_water,2007-06-14,165,46,41,"{""sim_day"": 46.0, ""doy"": 165.0, ""topwt"": 238.71994018554688, ""grnwt"": 0.0, ""xlai"": 0.440970629453659, ""totir"": 0.0, ""tofer"": NaN, ""swfac"": 0.0, ""nstres"": 0.0}",0.0,0.0,238.71994018554688,0.0,0.440970629453659,0.0,,0.0,0.0,0.0,150.0,28.07846679687501,28.07846679687501,Leave_One_experiments/all_year_offline_schedule_search/daily_outputs/HLA/HLA_2007_HLA2007_normal_grid_S0010_daily.csv
HLA,HLA,Hailun,2007,Leave_One_experiments\wth_generated_qc\HLA\HLA2007.WTH,normal_year;nitrogen_stress_year;low_response_year,normal,HLA2007_normal_grid_S0010,top_profit_low_water,2007-06-15,166,47,42,"{""sim_day"": 47.0, ""doy"": 166.0, ""topwt"": 291.9430923461914, ""grnwt"": 0.0, ""xlai"": 0.5203728079795837, ""totir"": 0.0, ""tofer"": NaN, ""swfac"": 0.0, ""nstres"": 0.0}",0.0,0.0,291.9430923461914,0.0,0.5203728079795837,0.0,,0.0,0.0,0.0,150.0,28.07846679687501,28.07846679687501,Leave_One_experiments/all_year_offline_schedule_search/daily_outputs/HLA/HLA_2007_HLA2007_normal_grid_S0010_daily.csv
HLA,HLA,Hailun,2007,Leave_One_experiments\wth_generated_qc\HLA\HLA2007.WTH,normal_year;nitrogen_stress_year;low_response_year,normal,HLA2007_normal_grid_S0010,top_profit_low_water,2007-06-16,167,48,43,"{""sim_day"": 48.0, ""doy"": 167.0, ""topwt"": 330.9725952148437, ""grnwt"": 0.0, ""xlai"": 0.5764352679252625, ""totir"": 0.0, ""tofer"": NaN, ""swfac"": 0.0, ""nstres"": 0.0}",0.0,0.0,330.9725952148437,0.0,0.5764352679252625,0.0,,0.0,0.0,0.0,150.0,28.07846679687501,28.07846679687501,Leave_One_experiments/all_year_offline_schedule_search/daily_outputs/HLA/HLA_2007_HLA2007_normal_grid_S0010_daily.csv
HLA,HLA,Hailun,2007,Leave_One_experiments\wth_generated_qc\HLA\HLA2007.WTH,normal_year;nitrogen_stress_year;low_response_year,normal,HLA2007_normal_grid_S0010,top_profit_low_water,2007-06-17,168,49,44,"{""sim_day"": 49.0, ""doy"": 168.0, ""topwt"": 392.9749298095703, ""grnwt"": 0.0, ""xlai"": 0.6627914309501648, ""totir"": 0.0, ""tofer"": NaN, ""swfac"": 0.0, ""nstres"": 0.0}",0.0,0.0,392.9749298095703,0.0,0.6627914309501648,0.0,,0.0,0.0,0.0,150.0,28.07846679687501,28.07846679687501,Leave_One_experiments/all_year_offline_schedule_search/daily_outputs/HLA/HLA_2007_HLA2007_normal_grid_S0010_daily.csv
HLA,HLA,Hailun,2007,Leave_One_experiments\wth_generated_qc\HLA\HLA2007.WTH,normal_year;nitrogen_stress_year;low_response_year,normal,HLA2007_normal_grid_S0010,top_profit_low_water,2007-06-18,169,50,45,"{""sim_day"": 50.0, ""doy"": 169.0, ""topwt"": 455.2620315551758, ""grnwt"": 0.0, ""xlai"": 0.7444061040878296, ""totir"": 0.0, ""tofer"": NaN, ""swfac"": 0.0, ""nstres"": 0.0}",0.0,0.0,455.2620315551758,0.0,0.7444061040878296,0.0,,0.0,0.0,0.0,150.0,28.07846679687501,28.07846679687501,Leave_One_experiments/all_year_offline_schedule_search/daily_outputs/HLA/HLA_2007_HLA2007_normal_grid_S0010_daily.csv
HLA,HLA,Hailun,2007,Leave_One_experiments\wth_generated_qc\HLA\HLA2007.WTH,normal_year;nitrogen_stress_year;low_response_year,normal,HLA2007_normal_grid_S0010,top_profit_low_water,2007-06-19,170,51,46,"{""sim_day"": 51.0, ""doy"": 170.0, ""topwt"": 498.2134246826172, ""grnwt"": 0.0, ""xlai"": 0.8026543855667114, ""totir"": 0.0, ""tofer"": NaN, ""swfac"": 0.0, ""nstres"": 0.0}",0.0,0.0,498.2134246826172,0.0,0.8026543855667114,0.0,,0.0,0.0,0.0,150.0,28.07846679687501,28.07846679687501,Leave_One_experiments/all_year_offline_schedule_search/daily_outputs/HLA/HLA_2007_HLA2007_normal_grid_S0010_daily.csv
HLA,HLA,Hailun,2007,Leave_One_experiments\wth_generated_qc\HLA\HLA2007.WTH,normal_year;nitrogen_stress_year;low_response_year,normal,HLA2007_normal_grid_S0010,top_profit_low_water,2007-06-20,171,52,47,"{""sim_day"": 52.0, ""doy"": 171.0, ""topwt"": 555.7577514648438, ""grnwt"": 0.0, ""xlai"": 0.8784207105636597, ""totir"": 0.0, ""tofer"": NaN, ""swfac"": 0.0, ""nstres"": 0.0}",0.0,0.0,555.7577514648438,0.0,0.8784207105636597,0.0,,0.0,0.0,0.0,150.0,28.07846679687501,28.07846679687501,Leave_One_experiments/all_year_offline_schedule_search/daily_outputs/HLA/HLA_2007_HLA2007_normal_grid_S0010_daily.csv
HLA,HLA,Hailun,2007,Leave_One_experiments\wth_generated_qc\HLA\HLA2007.WTH,normal_year;nitrogen_stress_year;low_response_year,normal,HLA2007_normal_grid_S0010,top_profit_low_water,2007-06-21,172,53,48,"{""sim_day"": 53.0, ""doy"": 172.0, ""topwt"": 652.8070068359375, ""grnwt"": 0.0, ""xlai"": 1.0006204843521118, ""totir"": 0.0, ""tofer"": NaN, ""swfac"": 0.0, ""nstres"": 0.0}",0.0,0.0,652.8070068359375,0.0,1.0006204843521118,0.0,,0.0,0.0,0.0,150.0,28.07846679687501,28.07846679687501,Leave_One_experiments/all_year_offline_schedule_search/daily_outputs/HLA/HLA_2007_HLA2007_normal_grid_S0010_daily.csv
HLA,HLA,Hailun,2007,Leave_One_experiments\wth_generated_qc\HLA\HLA2007.WTH,normal_year;nitrogen_stress_year;low_response_year,normal,HLA2007_normal_grid_S0010,top_profit_low_water,2007-06-22,173,54,49,"{""sim_day"": 54.0, ""doy"": 173.0, ""topwt"": 755.6538391113281, ""grnwt"": 0.0, ""xlai"": 1.1233891248703003, ""totir"": 0.0, ""tofer"": NaN, ""swfac"": 0.0, ""nstres"": 0.0}",0.0,0.0,755.6538391113281,0.0,1.1233891248703003,0.0,,0.0,0.0,0.0,150.0,28.07846679687501,28.07846679687501,Leave_One_experiments/all_year_offline_schedule_search/daily_outputs/HLA/HLA_2007_HLA2007_normal_grid_S0010_daily.csv
HLA,HLA,Hailun,2007,Leave_One_experiments\wth_generated_qc\HLA\HLA2007.WTH,normal_year;nitrogen_stress_year;low_response_year,normal,HLA2007_normal_grid_S0010,top_profit_low_water,2007-06-23,174,55,50,"{""sim_day"": 55.0, ""doy"": 174.0, ""topwt"": 851.8143463134766, ""grnwt"": 0.0, ""xlai"": 1.2325040102005005, ""totir"": 0.0, ""tofer"": NaN, ""swfac"": 0.0, ""nstres"": 0.0}",0.0,0.0,851.8143463134766,0.0,1.2325040102005005,0.0,,0.0,0.0,0.0,150.0,28.07846679687501,28.07846679687501,Leave_One_experiments/all_year_offline_schedule_search/daily_outputs/HLA/HLA_2007_HLA2007_normal_grid_S0010_daily.csv
HLA,HLA,Hailun,2007,Leave_One_experiments\wth_generated_qc\HLA\HLA2007.WTH,normal_year;nitrogen_stress_year;low_response_year,normal,HLA2007_normal_grid_S0010,top_profit_low_water,2007-06-24,175,56,51,"{""sim_day"": 56.0, ""doy"": 175.0, ""topwt"": 976.1360931396484, ""grnwt"": 0.0, ""xlai"": 1.3653678894042969, ""totir"": 0.0, ""tofer"": NaN, ""swfac"": 0.0, ""nstres"": 0.0}",0.0,0.0,976.1360931396484,0.0,1.3653678894042969,0.0,,0.0,0.0,0.0,150.0,28.07846679687501,28.07846679687501,Leave_One_experiments/all_year_offline_schedule_search/daily_outputs/HLA/HLA_2007_HLA2007_normal_grid_S0010_daily.csv
HLA,HLA,Hailun,2007,Leave_One_experiments\wth_generated_qc\HLA\HLA2007.WTH,normal_year;nitrogen_stress_year;low_response_year,normal,HLA2007_normal_grid_S0010,top_profit_low_water,2007-06-25,176,57,52,"{""sim_day"": 57.0, ""doy"": 176.0, ""topwt"": 1080.0800323486328, ""grnwt"": 0.0, ""xlai"": 1.4706380367279053, ""totir"": 0.0, ""tofer"": NaN, ""swfac"": 0.0, ""nstres"": 0.0}",0.0,0.0,1080.0800323486328,0.0,1.4706380367279053,0.0,,0.0,0.0,0.0,150.0,28.07846679687501,28.07846679687501,Leave_One_experiments/all_year_offline_schedule_search/daily_outputs/HLA/HLA_2007_HLA2007_normal_grid_S0010_daily.csv
HLA,HLA,Hailun,2007,Leave_One_experiments\wth_generated_qc\HLA\HLA2007.WTH,normal_year;nitrogen_stress_year;low_response_year,normal,HLA2007_normal_grid_S0010,top_profit_low_water,2007-06-26,177,58,53,"{""sim_day"": 58.0, ""doy"": 177.0, ""topwt"": 1207.3103332519531, ""grnwt"": 0.0, ""xlai"": 1.5920509099960327, ""totir"": 0.0, ""tofer"": NaN, ""swfac"": 0.0, ""nstres"": 0.0}",0.0,0.0,1207.3103332519531,0.0,1.5920509099960327,0.0,,0.0,0.0,0.0,150.0,28.07846679687501,28.07846679687501,Leave_One_experiments/all_year_offline_schedule_search/daily_outputs/HLA/HLA_2007_HLA2007_normal_grid_S0010_daily.csv
HLA,HLA,Hailun,2007,Leave_One_experiments\wth_generated_qc\HLA\HLA2007.WTH,normal_year;nitrogen_stress_year;low_response_year,normal,HLA2007_normal_grid_S0010,top_profit_low_water,2007-06-27,178,59,54,"{""sim_day"": 59.0, ""doy"": 178.0, ""topwt"": 1327.8749084472656, ""grnwt"": 0.0, ""xlai"": 1.7007204294204712, ""totir"": 0.0, ""tofer"": NaN, ""swfac"": 0.0, ""nstres"": 0.0}",0.0,0.0,1327.8749084472656,0.0,1.7007204294204712,0.0,,0.0,0.0,0.0,150.0,28.07846679687501,28.07846679687501,Leave_One_experiments/all_year_offline_schedule_search/daily_outputs/HLA/HLA_2007_HLA2007_normal_grid_S0010_daily.csv
HLA,HLA,Hailun,2007,Leave_One_experiments\wth_generated_qc\HLA\HLA2007.WTH,normal_year;nitrogen_stress_year;low_response_year,normal,HLA2007_normal_grid_S0010,top_profit_low_water,2007-06-28,179,60,55,"{""sim_day"": 60.0, ""doy"": 179.0, ""topwt"": 1464.6620178222656, ""grnwt"": 0.0, ""xlai"": 1.8167624473571775, ""totir"": 0.0, ""tofer"": NaN, ""swfac"": 0.0, ""nstres"": 0.0}",0.0,0.0,1464.6620178222656,0.0,1.8167624473571775,0.0,,0.0,0.0,0.0,150.0,28.07846679687501,28.07846679687501,Leave_One_experiments/all_year_offline_schedule_search/daily_outputs/HLA/HLA_2007_HLA2007_normal_grid_S0010_daily.csv
HLA,HLA,Hailun,2007,Leave_One_experiments\wth_generated_qc\HLA\HLA2007.WTH,normal_year;nitrogen_stress_year;low_response_year,normal,HLA2007_normal_grid_S0010,top_profit_low_water,2007-06-29,180,61,56,"{""sim_day"": 61.0, ""doy"": 180.0, ""topwt"": 1597.7371215820312, ""grnwt"": 0.0, ""xlai"": 1.9233042001724243, ""totir"": 0.0, ""tofer"": NaN, ""swfac"": 0.0, ""nstres"": 0.0}",0.0,0.0,1597.7371215820312,0.0,1.9233042001724243,0.0,,0.0,0.0,0.0,150.0,28.07846679687501,28.07846679687501,Leave_One_experiments/all_year_offline_schedule_search/daily_outputs/HLA/HLA_2007_HLA2007_normal_grid_S0010_daily.csv
HLA,HLA,Hailun,2007,Leave_One_experiments\wth_generated_qc\HLA\HLA2007.WTH,normal_year;nitrogen_stress_year;low_response_year,normal,HLA2007_normal_grid_S0010,top_profit_low_water,2007-06-30,181,62,57,"{""sim_day"": 62.0, ""doy"": 181.0, ""topwt"": 1745.4454040527344, ""grnwt"": 0.0, ""xlai"": 2.0346486568450928, ""totir"": 0.0, ""tofer"": NaN, ""swfac"": 0.0, ""nstres"": 0.0}",0.0,0.0,1745.4454040527344,0.0,2.0346486568450928,0.0,,0.0,0.0,0.0,150.0,28.07846679687501,28.07846679687501,Leave_One_experiments/all_year_offline_schedule_search/daily_outputs/HLA/HLA_2007_HLA2007_normal_grid_S0010_daily.csv
HLA,HLA,Hailun,2007,Leave_One_experiments\wth_generated_qc\HLA\HLA2007.WTH,normal_year;nitrogen_stress_year;low_response_year,normal,HLA2007_normal_grid_S0010,top_profit_low_water,2007-07-01,182,63,58,"{""sim_day"": 63.0, ""doy"": 182.0, ""topwt"": 1915.1304626464844, ""grnwt"": 0.0, ""xlai"": 2.154469966888428, ""totir"": 0.0, ""tofer"": NaN, ""swfac"": 0.0, ""nstres"": 0.0}",0.0,0.0,1915.1304626464844,0.0,2.154469966888428,0.0,,0.0,0.0,0.0,150.0,28.07846679687501,28.07846679687501,Leave_One_experiments/all_year_offline_schedule_search/daily_outputs/HLA/HLA_2007_HLA2007_normal_grid_S0010_daily.csv
HLA,HLA,Hailun,2007,Leave_One_experiments\wth_generated_qc\HLA\HLA2007.WTH,normal_year;nitrogen_stress_year;low_response_year,normal,HLA2007_normal_grid_S0010,top_profit_low_water,2007-07-02,183,64,59,"{""sim_day"": 64.0, ""doy"": 183.0, ""topwt"": 2064.9884033203125, ""grnwt"": 0.0, ""xlai"": 2.2544546127319336, ""totir"": 0.0, ""tofer"": NaN, ""swfac"": 0.0, ""nstres"": 0.0}",0.0,0.0,2064.9884033203125,0.0,2.2544546127319336,0.0,,0.0,0.0,0.0,150.0,28.07846679687501,28.07846679687501,Leave_One_experiments/all_year_offline_schedule_search/daily_outputs/HLA/HLA_2007_HLA2007_normal_grid_S0010_daily.csv
HLA,HLA,Hailun,2007,Leave_One_experiments\wth_generated_qc\HLA\HLA2007.WTH,normal_year;nitrogen_stress_year;low_response_year,normal,HLA2007_normal_grid_S0010,top_profit_low_water,2007-07-03,184,65,60,"{""sim_day"": 65.0, ""doy"": 184.0, ""topwt"": 2245.591735839844, ""grnwt"": 0.0, ""xlai"": 2.367706537246704, ""totir"": 0.0, ""tofer"": NaN, ""swfac"": 0.0, ""nstres"": 0.0}",0.0,0.0,2245.591735839844,0.0,2.367706537246704,0.0,,0.0,50.0,0.0,150.0,28.07846679687501,28.07846679687501,Leave_One_experiments/all_year_offline_schedule_search/daily_outputs/HLA/HLA_2007_HLA2007_normal_grid_S0010_daily.csv
HLA,HLA,Hailun,2007,Leave_One_experiments\wth_generated_qc\HLA\HLA2007.WTH,normal_year;nitrogen_stress_year;low_response_year,normal,HLA2007_normal_grid_S0010,top_profit_low_water,2007-07-04,185,66,61,"{""sim_day"": 66.0, ""doy"": 185.0, ""topwt"": 2449.222717285156, ""grnwt"": 0.0, ""xlai"": 2.487233638763428, ""totir"": 0.0, ""tofer"": NaN, ""swfac"": 0.0, ""nstres"": 0.0}",0.0,0.0,2449.222717285156,0.0,2.487233638763428,0.0,,0.0,0.0,0.0,150.0,28.07846679687501,28.07846679687501,Leave_One_experiments/all_year_offline_schedule_search/daily_outputs/HLA/HLA_2007_HLA2007_normal_grid_S0010_daily.csv
HLA,HLA,Hailun,2007,Leave_One_experiments\wth_generated_qc\HLA\HLA2007.WTH,normal_year;nitrogen_stress_year;low_response_year,normal,HLA2007_normal_grid_S0010,top_profit_low_water,2007-07-05,186,67,62,"{""sim_day"": 67.0, ""doy"": 186.0, ""topwt"": 2616.2094116210938, ""grnwt"": 0.0, ""xlai"": 2.579590082168579, ""totir"": 0.0, ""tofer"": NaN, ""swfac"": 0.0, ""nstres"": 0.0}",0.0,0.0,2616.2094116210938,0.0,2.579590082168579,0.0,,0.0,0.0,0.0,150.0,28.07846679687501,28.07846679687501,Leave_One_experiments/all_year_offline_schedule_search/daily_outputs/HLA/HLA_2007_HLA2007_normal_grid_S0010_daily.csv
HLA,HLA,Hailun,2007,Leave_One_experiments\wth_generated_qc\HLA\HLA2007.WTH,normal_year;nitrogen_stress_year;low_response_year,normal,HLA2007_normal_grid_S0010,top_profit_low_water,2007-07-06,187,68,63,"{""sim_day"": 68.0, ""doy"": 187.0, ""topwt"": 2806.509094238281, ""grnwt"": 0.0, ""xlai"": 2.6792421340942383, ""totir"": 0.0, ""tofer"": NaN, ""swfac"": 0.0, ""nstres"": 0.0}",0.0,0.0,2806.509094238281,0.0,2.6792421340942383,0.0,,0.0,0.0,0.0,150.0,28.07846679687501,28.07846679687501,Leave_One_experiments/all_year_offline_schedule_search/daily_outputs/HLA/HLA_2007_HLA2007_normal_grid_S0010_daily.csv
HLA,HLA,Hailun,2007,Leave_One_experiments\wth_generated_qc\HLA\HLA2007.WTH,normal_year;nitrogen_stress_year;low_response_year,normal,HLA2007_normal_grid_S0010,top_profit_low_water,2007-07-07,188,69,64,"{""sim_day"": 69.0, ""doy"": 188.0, ""topwt"": 3044.5187377929688, ""grnwt"": 0.0, ""xlai"": 2.7962334156036377, ""totir"": 0.0, ""tofer"": NaN, ""swfac"": 0.0, ""nstres"": 0.0}",0.0,0.0,3044.5187377929688,0.0,2.7962334156036377,0.0,,0.0,0.0,0.0,150.0,28.07846679687501,28.07846679687501,Leave_One_experiments/all_year_offline_schedule_search/daily_outputs/HLA/HLA_2007_HLA2007_normal_grid_S0010_daily.csv
HLA,HLA,Hailun,2007,Leave_One_experiments\wth_generated_qc\HLA\HLA2007.WTH,normal_year;nitrogen_stress_year;low_response_year,normal,HLA2007_normal_grid_S0010,top_profit_low_water,2007-07-08,189,70,65,"{""sim_day"": 70.0, ""doy"": 189.0, ""topwt"": 3277.2381591796875, ""grnwt"": 0.0, ""xlai"": 2.9040143489837646, ""totir"": 0.0, ""tofer"": NaN, ""swfac"": 0.0, ""nstres"": 0.0}",0.0,0.0,3277.2381591796875,0.0,2.9040143489837646,0.0,,0.0,0.0,0.0,150.0,28.07846679687501,28.07846679687501,Leave_One_experiments/all_year_offline_schedule_search/daily_outputs/HLA/HLA_2007_HLA2007_normal_grid_S0010_daily.csv
HLA,HLA,Hailun,2007,Leave_One_experiments\wth_generated_qc\HLA\HLA2007.WTH,normal_year;nitrogen_stress_year;low_response_year,normal,HLA2007_normal_grid_S0010,top_profit_low_water,2007-07-09,190,71,66,"{""sim_day"": 71.0, ""doy"": 190.0, ""topwt"": 3556.131591796875, ""grnwt"": 0.0, ""xlai"": 3.0250816345214844, ""totir"": 0.0, ""tofer"": NaN, ""swfac"": 0.0, ""nstres"": 0.0}",0.0,0.0,3556.131591796875,0.0,3.0250816345214844,0.0,,0.0,0.0,0.0,150.0,28.07846679687501,28.07846679687501,Leave_One_experiments/all_year_offline_schedule_search/daily_outputs/HLA/HLA_2007_HLA2007_normal_grid_S0010_daily.csv
HLA,HLA,Hailun,2007,Leave_One_experiments\wth_generated_qc\HLA\HLA2007.WTH,normal_year;nitrogen_stress_year;low_response_year,normal,HLA2007_normal_grid_S0010,top_profit_low_water,2007-07-10,191,72,67,"{""sim_day"": 72.0, ""doy"": 191.0, ""topwt"": 3835.586853027344, ""grnwt"": 0.0, ""xlai"": 3.139147520065308, ""totir"": 0.0, ""tofer"": NaN, ""swfac"": 0.0, ""nstres"": 0.0}",0.0,0.0,3835.586853027344,0.0,3.139147520065308,0.0,,0.0,0.0,0.0,150.0,28.07846679687501,28.07846679687501,Leave_One_experiments/all_year_offline_schedule_search/daily_outputs/HLA/HLA_2007_HLA2007_normal_grid_S0010_daily.csv
HLA,HLA,Hailun,2007,Leave_One_experiments\wth_generated_qc\HLA\HLA2007.WTH,normal_year;nitrogen_stress_year;low_response_year,normal,HLA2007_normal_grid_S0010,top_profit_low_water,2007-07-11,192,73,68,"{""sim_day"": 73.0, ""doy"": 192.0, ""topwt"": 4310.14892578125, ""grnwt"": 0.0, ""xlai"": 3.4208850860595703, ""totir"": 0.0, ""tofer"": NaN, ""swfac"": 0.0, ""nstres"": 0.0}",0.0,0.0,4310.14892578125,0.0,3.4208850860595703,0.0,,0.0,0.0,0.0,150.0,28.07846679687501,28.07846679687501,Leave_One_experiments/all_year_offline_schedule_search/daily_outputs/HLA/HLA_2007_HLA2007_normal_grid_S0010_daily.csv
HLA,HLA,Hailun,2007,Leave_One_experiments\wth_generated_qc\HLA\HLA2007.WTH,normal_year;nitrogen_stress_year;low_response_year,normal,HLA2007_normal_grid_S0010,top_profit_low_water,2007-07-12,193,74,69,"{""sim_day"": 74.0, ""doy"": 193.0, ""topwt"": 4633.267517089844, ""grnwt"": 0.0, ""xlai"": 3.567718982696533, ""totir"": 0.0, ""tofer"": NaN, ""swfac"": 0.0, ""nstres"": 0.0}",0.0,0.0,4633.267517089844,0.0,3.567718982696533,0.0,,0.0,0.0,0.0,150.0,28.07846679687501,28.07846679687501,Leave_One_experiments/all_year_offline_schedule_search/daily_outputs/HLA/HLA_2007_HLA2007_normal_grid_S0010_daily.csv
HLA,HLA,Hailun,2007,Leave_One_experiments\wth_generated_qc\HLA\HLA2007.WTH,normal_year;nitrogen_stress_year;low_response_year,normal,HLA2007_normal_grid_S0010,top_profit_low_water,2007-07-13,194,75,70,"{""sim_day"": 75.0, ""doy"": 194.0, ""topwt"": 4959.860229492188, ""grnwt"": 0.0, ""xlai"": 3.693605661392212, ""totir"": 0.0, ""tofer"": NaN, ""swfac"": 0.0, ""nstres"": 0.0}",0.0,0.0,4959.860229492188,0.0,3.693605661392212,0.0,,0.0,0.0,0.0,150.0,28.07846679687501,28.07846679687501,Leave_One_experiments/all_year_offline_schedule_search/daily_outputs/HLA/HLA_2007_HLA2007_normal_grid_S0010_daily.csv
HLA,HLA,Hailun,2007,Leave_One_experiments\wth_generated_qc\HLA\HLA2007.WTH,normal_year;nitrogen_stress_year;low_response_year,normal,HLA2007_normal_grid_S0010,top_profit_low_water,2007-07-14,195,76,71,"{""sim_day"": 76.0, ""doy"": 195.0, ""topwt"": 5230.892333984375, ""grnwt"": 0.0, ""xlai"": 3.779463291168213, ""totir"": 0.0, ""tofer"": NaN, ""swfac"": 0.0, ""nstres"": 0.0169593691825866}",0.0,0.0169593691825866,5230.892333984375,0.0,3.779463291168213,0.0,,0.0,0.0,0.0,150.0,28.07846679687501,28.07846679687501,Leave_One_experiments/all_year_offline_schedule_search/daily_outputs/HLA/HLA_2007_HLA2007_normal_grid_S0010_daily.csv
HLA,HLA,Hailun,2007,Leave_One_experiments\wth_generated_qc\HLA\HLA2007.WTH,normal_year;nitrogen_stress_year;low_response_year,normal,HLA2007_normal_grid_S0010,top_profit_low_water,2007-07-15,196,77,72,"{""sim_day"": 77.0, ""doy"": 196.0, ""topwt"": 5490.946044921875, ""grnwt"": 0.0, ""xlai"": 3.8421452045440674, ""totir"": 0.0, ""tofer"": NaN, ""swfac"": 0.0, ""nstres"": 0.0408650636672973}",0.0,0.0408650636672973,5490.946044921875,0.0,3.8421452045440674,0.0,,0.0,0.0,0.0,150.0,28.07846679687501,28.07846679687501,Leave_One_experiments/all_year_offline_schedule_search/daily_outputs/HLA/HLA_2007_HLA2007_normal_grid_S0010_daily.csv
HLA,HLA,Hailun,2007,Leave_One_experiments\wth_generated_qc\HLA\HLA2007.WTH,normal_year;nitrogen_stress_year;low_response_year,normal,HLA2007_normal_grid_S0010,top_profit_low_water,2007-07-16,197,78,73,"{""sim_day"": 78.0, ""doy"": 197.0, ""topwt"": 5596.9537353515625, ""grnwt"": 0.0, ""xlai"": 3.845749139785767, ""totir"": 0.0, ""tofer"": NaN, ""swfac"": 0.0, ""nstres"": 0.0572113394737243}",0.0,0.0572113394737243,5596.9537353515625,0.0,3.845749139785767,0.0,,0.0,0.0,0.0,150.0,28.07846679687501,28.07846679687501,Leave_One_experiments/all_year_offline_schedule_search/daily_outputs/HLA/HLA_2007_HLA2007_normal_grid_S0010_daily.csv
HLA,HLA,Hailun,2007,Leave_One_experiments\wth_generated_qc\HLA\HLA2007.WTH,normal_year;nitrogen_stress_year;low_response_year,normal,HLA2007_normal_grid_S0010,top_profit_low_water,2007-07-17,198,79,74,"{""sim_day"": 79.0, ""doy"": 198.0, ""topwt"": 5778.748779296875, ""grnwt"": 0.0, ""xlai"": 3.862556219100952, ""totir"": 0.0, ""tofer"": NaN, ""swfac"": 0.0, ""nstres"": 0.070697546005249}",0.0,0.070697546005249,5778.748779296875,0.0,3.862556219100952,0.0,,0.0,0.0,0.0,150.0,28.07846679687501,28.07846679687501,Leave_One_experiments/all_year_offline_schedule_search/daily_outputs/HLA/HLA_2007_HLA2007_normal_grid_S0010_daily.csv
HLA,HLA,Hailun,2007,Leave_One_experiments\wth_generated_qc\HLA\HLA2007.WTH,normal_year;nitrogen_stress_year;low_response_year,normal,HLA2007_normal_grid_S0010,top_profit_low_water,2007-07-18,199,80,75,"{""sim_day"": 80.0, ""doy"": 199.0, ""topwt"": 5901.768798828125, ""grnwt"": 0.0, ""xlai"": 3.859455347061157, ""totir"": 0.0, ""tofer"": NaN, ""swfac"": 0.0, ""nstres"": 0.0750266313552856}",0.0,0.0750266313552856,5901.768798828125,0.0,3.859455347061157,0.0,,0.0,0.0,0.0,150.0,28.07846679687501,28.07846679687501,Leave_One_experiments/all_year_offline_schedule_search/daily_outputs/HLA/HLA_2007_HLA2007_normal_grid_S0010_daily.csv
HLA,HLA,Hailun,2007,Leave_One_experiments\wth_generated_qc\HLA\HLA2007.WTH,normal_year;nitrogen_stress_year;low_response_year,normal,HLA2007_normal_grid_S0010,top_profit_low_water,2007-07-19,200,81,76,"{""sim_day"": 81.0, ""doy"": 200.0, ""topwt"": 6046.151123046875, ""grnwt"": 0.0, ""xlai"": 3.8577322959899902, ""totir"": 0.0, ""tofer"": NaN, ""swfac"": 0.0, ""nstres"": 0.0813466310501098}",0.0,0.0813466310501098,6046.151123046875,0.0,3.8577322959899902,0.0,,0.0,0.0,0.0,150.0,28.07846679687501,28.07846679687501,Leave_One_experiments/all_year_offline_schedule_search/daily_outputs/HLA/HLA_2007_HLA2007_normal_grid_S0010_daily.csv
HLA,HLA,Hailun,2007,Leave_One_experiments\wth_generated_qc\HLA\HLA2007.WTH,normal_year;nitrogen_stress_year;low_response_year,normal,HLA2007_normal_grid_S0010,top_profit_low_water,2007-07-20,201,82,77,"{""sim_day"": 82.0, ""doy"": 201.0, ""topwt"": 6137.5677490234375, ""grnwt"": 0.0, ""xlai"": 3.8395164012908936, ""totir"": 0.0, ""tofer"": NaN, ""swfac"": 0.0, ""nstres"": 0.0856161117553711}",0.0,0.0856161117553711,6137.5677490234375,0.0,3.8395164012908936,0.0,,0.0,0.0,0.0,150.0,28.07846679687501,28.07846679687501,Leave_One_experiments/all_year_offline_schedule_search/daily_outputs/HLA/HLA_2007_HLA2007_normal_grid_S0010_daily.csv
HLA,HLA,Hailun,2007,Leave_One_experiments\wth_generated_qc\HLA\HLA2007.WTH,normal_year;nitrogen_stress_year;low_response_year,normal,HLA2007_normal_grid_S0010,top_profit_low_water,2007-07-21,202,83,78,"{""sim_day"": 83.0, ""doy"": 202.0, ""topwt"": 6252.843627929688, ""grnwt"": 0.0, ""xlai"": 3.826097249984741, ""totir"": 0.0, ""tofer"": NaN, ""swfac"": 0.0, ""nstres"": 0.087184190750122}",0.0,0.087184190750122,6252.843627929688,0.0,3.826097249984741,0.0,,0.0,0.0,0.0,150.0,28.07846679687501,28.07846679687501,Leave_One_experiments/all_year_offline_schedule_search/daily_outputs/HLA/HLA_2007_HLA2007_normal_grid_S0010_daily.csv
HLA,HLA,Hailun,2007,Leave_One_experiments\wth_generated_qc\HLA\HLA2007.WTH,normal_year;nitrogen_stress_year;low_response_year,normal,HLA2007_normal_grid_S0010,top_profit_low_water,2007-07-22,203,84,79,"{""sim_day"": 84.0, ""doy"": 203.0, ""topwt"": 6399.044189453125, ""grnwt"": 0.0, ""xlai"": 3.8192331790924072, ""totir"": 0.0, ""tofer"": NaN, ""swfac"": 0.0, ""nstres"": 0.0875836014747619}",0.0,0.0875836014747619,6399.044189453125,0.0,3.8192331790924072,0.0,,0.0,0.0,0.0,150.0,28.07846679687501,28.07846679687501,Leave_One_experiments/all_year_offline_schedule_search/daily_outputs/HLA/HLA_2007_HLA2007_normal_grid_S0010_daily.csv
HLA,HLA,Hailun,2007,Leave_One_experiments\wth_generated_qc\HLA\HLA2007.WTH,normal_year;nitrogen_stress_year;low_response_year,normal,HLA2007_normal_grid_S0010,top_profit_low_water,2007-07-23,204,85,80,"{""sim_day"": 85.0, ""doy"": 204.0, ""topwt"": 6575.5157470703125, ""grnwt"": 0.0, ""xlai"": 3.819476842880249, ""totir"": 0.0, ""tofer"": NaN, ""swfac"": 0.0, ""nstres"": 0.0881515741348266}",0.0,0.0881515741348266,6575.5157470703125,0.0,3.819476842880249,0.0,,0.0,0.0,0.0,150.0,28.07846679687501,28.07846679687501,Leave_One_experiments/all_year_offline_schedule_search/daily_outputs/HLA/HLA_2007_HLA2007_normal_grid_S0010_daily.csv
HLA,HLA,Hailun,2007,Leave_One_experiments\wth_generated_qc\HLA\HLA2007.WTH,normal_year;nitrogen_stress_year;low_response_year,normal,HLA2007_normal_grid_S0010,top_profit_low_water,2007-07-24,205,86,81,"{""sim_day"": 86.0, ""doy"": 205.0, ""topwt"": 6769.292602539063, ""grnwt"": 0.0, ""xlai"": 3.8232152462005615, ""totir"": 0.0, ""tofer"": NaN, ""swfac"": 0.0, ""nstres"": 0.0895115137100219}",0.0,0.0895115137100219,6769.292602539063,0.0,3.8232152462005615,0.0,,0.0,0.0,0.0,150.0,28.07846679687501,28.07846679687501,Leave_One_experiments/all_year_offline_schedule_search/daily_outputs/HLA/HLA_2007_HLA2007_normal_grid_S0010_daily.csv
HLA,HLA,Hailun,2007,Leave_One_experiments\wth_generated_qc\HLA\HLA2007.WTH,normal_year;nitrogen_stress_year;low_response_year,normal,HLA2007_normal_grid_S0010,top_profit_low_water,2007-07-25,206,87,82,"{""sim_day"": 87.0, ""doy"": 206.0, ""topwt"": 6987.828979492188, ""grnwt"": 0.0, ""xlai"": 3.833590507507324, ""totir"": 0.0, ""tofer"": NaN, ""swfac"": 0.0, ""nstres"": 0.0879923105239868}",0.0,0.0879923105239868,6987.828979492188,0.0,3.833590507507324,0.0,,0.0,0.0,0.0,150.0,28.07846679687501,28.07846679687501,Leave_One_experiments/all_year_offline_schedule_search/daily_outputs/HLA/HLA_2007_HLA2007_normal_grid_S0010_daily.csv
HLA,HLA,Hailun,2007,Leave_One_experiments\wth_generated_qc\HLA\HLA2007.WTH,normal_year;nitrogen_stress_year;low_response_year,normal,HLA2007_normal_grid_S0010,top_profit_low_water,2007-07-26,207,88,83,"{""sim_day"": 88.0, ""doy"": 207.0, ""topwt"": 7190.2777099609375, ""grnwt"": 0.0, ""xlai"": 3.83849835395813, ""totir"": 0.0, ""tofer"": NaN, ""swfac"": 0.0, ""nstres"": 0.0909240245819091}",0.0,0.0909240245819091,7190.2777099609375,0.0,3.83849835395813,0.0,,0.0,0.0,0.0,150.0,28.07846679687501,28.07846679687501,Leave_One_experiments/all_year_offline_schedule_search/daily_outputs/HLA/HLA_2007_HLA2007_normal_grid_S0010_daily.csv
HLA,HLA,Hailun,2007,Leave_One_experiments\wth_generated_qc\HLA\HLA2007.WTH,normal_year;nitrogen_stress_year;low_response_year,normal,HLA2007_normal_grid_S0010,top_profit_low_water,2007-07-27,208,89,84,"{""sim_day"": 89.0, ""doy"": 208.0, ""topwt"": 7344.439697265625, ""grnwt"": 0.0, ""xlai"": 3.8308377265930176, ""totir"": 0.0, ""tofer"": NaN, ""swfac"": 0.0, ""nstres"": 0.0926156044006347}",0.0,0.0926156044006347,7344.439697265625,0.0,3.8308377265930176,0.0,,0.0,0.0,0.0,150.0,28.07846679687501,28.07846679687501,Leave_One_experiments/all_year_offline_schedule_search/daily_outputs/HLA/HLA_2007_HLA2007_normal_grid_S0010_daily.csv
HLA,HLA,Hailun,2007,Leave_One_experiments\wth_generated_qc\HLA\HLA2007.WTH,normal_year;nitrogen_stress_year;low_response_year,normal,HLA2007_normal_grid_S0010,top_profit_low_water,2007-07-28,209,90,85,"{""sim_day"": 90.0, ""doy"": 209.0, ""topwt"": 7730.172119140625, ""grnwt"": 0.0, ""xlai"": 3.784768581390381, ""totir"": 0.0, ""tofer"": NaN, ""swfac"": 0.0, ""nstres"": 0.0962072610855102}",0.0,0.0962072610855102,7730.172119140625,0.0,3.784768581390381,0.0,,0.0,0.0,0.0,150.0,28.07846679687501,28.07846679687501,Leave_One_experiments/all_year_offline_schedule_search/daily_outputs/HLA/HLA_2007_HLA2007_normal_grid_S0010_daily.csv
HLA,HLA,Hailun,2007,Leave_One_experiments\wth_generated_qc\HLA\HLA2007.WTH,normal_year;nitrogen_stress_year;low_response_year,normal,HLA2007_normal_grid_S0010,top_profit_low_water,2007-07-29,210,91,86,"{""sim_day"": 91.0, ""doy"": 210.0, ""topwt"": 8053.839111328125, ""grnwt"": 0.0, ""xlai"": 3.7408156394958496, ""totir"": 0.0, ""tofer"": NaN, ""swfac"": 0.0, ""nstres"": 0.0929047465324401}",0.0,0.0929047465324401,8053.839111328125,0.0,3.7408156394958496,0.0,,0.0,0.0,0.0,150.0,28.07846679687501,28.07846679687501,Leave_One_experiments/all_year_offline_schedule_search/daily_outputs/HLA/HLA_2007_HLA2007_normal_grid_S0010_daily.csv
HLA,HLA,Hailun,2007,Leave_One_experiments\wth_generated_qc\HLA\HLA2007.WTH,normal_year;nitrogen_stress_year;low_response_year,normal,HLA2007_normal_grid_S0010,top_profit_low_water,2007-07-30,211,92,87,"{""sim_day"": 92.0, ""doy"": 211.0, ""topwt"": 8453.235473632812, ""grnwt"": 0.0, ""xlai"": 3.695104598999024, ""totir"": 0.0, ""tofer"": NaN, ""swfac"": 0.0, ""nstres"": 0.0977556705474853}",0.0,0.0977556705474853,8453.235473632812,0.0,3.695104598999024,0.0,,0.0,0.0,0.0,150.0,28.07846679687501,28.07846679687501,Leave_One_experiments/all_year_offline_schedule_search/daily_outputs/HLA/HLA_2007_HLA2007_normal_grid_S0010_daily.csv
HLA,HLA,Hailun,2007,Leave_One_experiments\wth_generated_qc\HLA\HLA2007.WTH,normal_year;nitrogen_stress_year;low_response_year,normal,HLA2007_normal_grid_S0010,top_profit_low_water,2007-07-31,212,93,88,"{""sim_day"": 93.0, ""doy"": 212.0, ""topwt"": 8832.11669921875, ""grnwt"": 0.0, ""xlai"": 3.64911150932312, ""totir"": 0.0, ""tofer"": NaN, ""swfac"": 0.0, ""nstres"": 0.0995754599571228}",0.0,0.0995754599571228,8832.11669921875,0.0,3.64911150932312,0.0,,0.0,0.0,0.0,150.0,28.07846679687501,28.07846679687501,Leave_One_experiments/all_year_offline_schedule_search/daily_outputs/HLA/HLA_2007_HLA2007_normal_grid_S0010_daily.csv
HLA,HLA,Hailun,2007,Leave_One_experiments\wth_generated_qc\HLA\HLA2007.WTH,normal_year;nitrogen_stress_year;low_response_year,normal,HLA2007_normal_grid_S0010,top_profit_low_water,2007-08-01,213,94,89,"{""sim_day"": 94.0, ""doy"": 213.0, ""topwt"": 9211.007080078123, ""grnwt"": 0.0, ""xlai"": 3.601797580718994, ""totir"": 0.0, ""tofer"": NaN, ""swfac"": 0.0, ""nstres"": 0.1037269830703735}",0.0,0.1037269830703735,9211.007080078123,0.0,3.601797580718994,0.0,,0.0,0.0,0.0,150.0,28.07846679687501,28.07846679687501,Leave_One_experiments/all_year_offline_schedule_search/daily_outputs/HLA/HLA_2007_HLA2007_normal_grid_S0010_daily.csv
HLA,HLA,Hailun,2007,Leave_One_experiments\wth_generated_qc\HLA\HLA2007.WTH,normal_year;nitrogen_stress_year;low_response_year,normal,HLA2007_normal_grid_S0010,top_profit_low_water,2007-08-02,214,95,90,"{""sim_day"": 95.0, ""doy"": 214.0, ""topwt"": 9571.064453125, ""grnwt"": 0.0, ""xlai"": 3.554221868515014, ""totir"": 0.0, ""tofer"": NaN, ""swfac"": 0.0, ""nstres"": 0.1056711673736572}",0.0,0.1056711673736572,9571.064453125,0.0,3.554221868515014,0.0,,0.0,0.0,0.0,150.0,28.07846679687501,28.07846679687501,Leave_One_experiments/all_year_offline_schedule_search/daily_outputs/HLA/HLA_2007_HLA2007_normal_grid_S0010_daily.csv
HLA,HLA,Hailun,2007,Leave_One_experiments\wth_generated_qc\HLA\HLA2007.WTH,normal_year;nitrogen_stress_year;low_response_year,normal,HLA2007_normal_grid_S0010,top_profit_low_water,2007-08-03,215,96,91,"{""sim_day"": 96.0, ""doy"": 215.0, ""topwt"": 9949.864501953123, ""grnwt"": 0.0, ""xlai"": 3.5071749687194824, ""totir"": 0.0, ""tofer"": NaN, ""swfac"": 0.0, ""nstres"": 0.1058958768844604}",0.0,0.1058958768844604,9949.864501953123,0.0,3.5071749687194824,0.0,,0.0,0.0,0.0,150.0,28.07846679687501,28.07846679687501,Leave_One_experiments/all_year_offline_schedule_search/daily_outputs/HLA/HLA_2007_HLA2007_normal_grid_S0010_daily.csv
HLA,HLA,Hailun,2007,Leave_One_experiments\wth_generated_qc\HLA\HLA2007.WTH,normal_year;nitrogen_stress_year;low_response_year,normal,HLA2007_normal_grid_S0010,top_profit_low_water,2007-08-04,216,97,92,"{""sim_day"": 97.0, ""doy"": 216.0, ""topwt"": 10288.03955078125, ""grnwt"": 0.0, ""xlai"": 3.460988521575928, ""totir"": 0.0, ""tofer"": NaN, ""swfac"": 0.0, ""nstres"": 0.1053519248962402}",0.0,0.1053519248962402,10288.03955078125,0.0,3.460988521575928,0.0,,0.0,0.0,0.0,150.0,28.07846679687501,28.07846679687501,Leave_One_experiments/all_year_offline_schedule_search/daily_outputs/HLA/HLA_2007_HLA2007_normal_grid_S0010_daily.csv
HLA,HLA,Hailun,2007,Leave_One_experiments\wth_generated_qc\HLA\HLA2007.WTH,normal_year;nitrogen_stress_year;low_response_year,normal,HLA2007_normal_grid_S0010,top_profit_low_water,2007-08-05,217,98,93,"{""sim_day"": 98.0, ""doy"": 217.0, ""topwt"": 10545.6005859375, ""grnwt"": 0.0, ""xlai"": 3.415971279144287, ""totir"": 0.0, ""tofer"": NaN, ""swfac"": 0.0, ""nstres"": 0.1040562987327575}",0.0,0.1040562987327575,10545.6005859375,0.0,3.415971279144287,0.0,,0.0,0.0,0.0,150.0,28.07846679687501,28.07846679687501,Leave_One_experiments/all_year_offline_schedule_search/daily_outputs/HLA/HLA_2007_HLA2007_normal_grid_S0010_daily.csv
HLA,HLA,Hailun,2007,Leave_One_experiments\wth_generated_qc\HLA\HLA2007.WTH,normal_year;nitrogen_stress_year;low_response_year,normal,HLA2007_normal_grid_S0010,top_profit_low_water,2007-08-06,218,99,94,"{""sim_day"": 99.0, ""doy"": 218.0, ""topwt"": 10615.4345703125, ""grnwt"": 0.0, ""xlai"": 3.372448444366455, ""totir"": 0.0, ""tofer"": NaN, ""swfac"": 0.0, ""nstres"": 0.1019292473793029}",0.0,0.1019292473793029,10615.4345703125,0.0,3.372448444366455,0.0,,0.0,0.0,0.0,150.0,28.07846679687501,28.07846679687501,Leave_One_experiments/all_year_offline_schedule_search/daily_outputs/HLA/HLA_2007_HLA2007_normal_grid_S0010_daily.csv
HLA,HLA,Hailun,2007,Leave_One_experiments\wth_generated_qc\HLA\HLA2007.WTH,normal_year;nitrogen_stress_year;low_response_year,normal,HLA2007_normal_grid_S0010,top_profit_low_water,2007-08-07,219,100,95,"{""sim_day"": 100.0, ""doy"": 219.0, ""topwt"": 10821.494140625, ""grnwt"": 0.0, ""xlai"": 3.331883430480957, ""totir"": 0.0, ""tofer"": NaN, ""swfac"": 0.0, ""nstres"": 0.0962256789207458}",0.0,0.0962256789207458,10821.494140625,0.0,3.331883430480957,0.0,,0.0,0.0,0.0,150.0,28.07846679687501,28.07846679687501,Leave_One_experiments/all_year_offline_schedule_search/daily_outputs/HLA/HLA_2007_HLA2007_normal_grid_S0010_daily.csv
HLA,HLA,Hailun,2007,Leave_One_experiments\wth_generated_qc\HLA\HLA2007.WTH,normal_year;nitrogen_stress_year;low_response_year,normal,HLA2007_normal_grid_S0010,top_profit_low_water,2007-08-08,220,101,96,"{""sim_day"": 101.0, ""doy"": 220.0, ""topwt"": 10921.19140625, ""grnwt"": 0.0, ""xlai"": 3.295544385910034, ""totir"": 0.0, ""tofer"": NaN, ""swfac"": 0.0, ""nstres"": 0.0872519016265869}",0.0,0.0872519016265869,10921.19140625,0.0,3.295544385910034,0.0,,0.0,0.0,0.0,150.0,28.07846679687501,28.07846679687501,Leave_One_experiments/all_year_offline_schedule_search/daily_outputs/HLA/HLA_2007_HLA2007_normal_grid_S0010_daily.csv
HLA,HLA,Hailun,2007,Leave_One_experiments\wth_generated_qc\HLA\HLA2007.WTH,normal_year;nitrogen_stress_year;low_response_year,normal,HLA2007_normal_grid_S0010,top_profit_low_water,2007-08-09,221,102,97,"{""sim_day"": 102.0, ""doy"": 221.0, ""topwt"": 11032.12158203125, ""grnwt"": 0.0, ""xlai"": 3.262195587158203, ""totir"": 0.0, ""tofer"": NaN, ""swfac"": 0.0, ""nstres"": 0.0809540748596191}",0.0,0.0809540748596191,11032.12158203125,0.0,3.262195587158203,0.0,,0.0,0.0,0.0,150.0,28.07846679687501,28.07846679687501,Leave_One_experiments/all_year_offline_schedule_search/daily_outputs/HLA/HLA_2007_HLA2007_normal_grid_S0010_daily.csv
HLA,HLA,Hailun,2007,Leave_One_experiments\wth_generated_qc\HLA\HLA2007.WTH,normal_year;nitrogen_stress_year;low_response_year,normal,HLA2007_normal_grid_S0010,top_profit_low_water,2007-08-10,222,103,98,"{""sim_day"": 103.0, ""doy"": 222.0, ""topwt"": 11192.5341796875, ""grnwt"": 160.4132080078125, ""xlai"": 3.233082056045532, ""totir"": 0.0, ""tofer"": NaN, ""swfac"": 0.0, ""nstres"": 0.0713962316513061}",0.0,0.0713962316513061,11192.5341796875,160.4132080078125,3.233082056045532,0.0,,0.0,0.0,0.0,150.0,28.07846679687501,28.07846679687501,Leave_One_experiments/all_year_offline_schedule_search/daily_outputs/HLA/HLA_2007_HLA2007_normal_grid_S0010_daily.csv
HLA,HLA,Hailun,2007,Leave_One_experiments\wth_generated_qc\HLA\HLA2007.WTH,normal_year;nitrogen_stress_year;low_response_year,normal,HLA2007_normal_grid_S0010,top_profit_low_water,2007-08-11,223,104,99,"{""sim_day"": 104.0, ""doy"": 223.0, ""topwt"": 11352.0166015625, ""grnwt"": 320.826416015625, ""xlai"": 3.2018072605133057, ""totir"": 0.0, ""tofer"": NaN, ""swfac"": 0.0, ""nstres"": 0.0773866176605224}",0.0,0.0773866176605224,11352.0166015625,320.826416015625,3.2018072605133057,0.0,,0.0,0.0,0.0,150.0,28.07846679687501,28.07846679687501,Leave_One_experiments/all_year_offline_schedule_search/daily_outputs/HLA/HLA_2007_HLA2007_normal_grid_S0010_daily.csv
HLA,HLA,Hailun,2007,Leave_One_experiments\wth_generated_qc\HLA\HLA2007.WTH,normal_year;nitrogen_stress_year;low_response_year,normal,HLA2007_normal_grid_S0010,top_profit_low_water,2007-08-12,224,105,100,"{""sim_day"": 105.0, ""doy"": 224.0, ""topwt"": 11452.51220703125, ""grnwt"": 481.23966217041016, ""xlai"": 3.169888973236084, ""totir"": 0.0, ""tofer"": NaN, ""swfac"": 0.0, ""nstres"": 0.0797500610351562}",0.0,0.0797500610351562,11452.51220703125,481.23966217041016,3.169888973236084,0.0,,0.0,0.0,0.0,150.0,28.07846679687501,28.07846679687501,Leave_One_experiments/all_year_offline_schedule_search/daily_outputs/HLA/HLA_2007_HLA2007_normal_grid_S0010_daily.csv
HLA,HLA,Hailun,2007,Leave_One_experiments\wth_generated_qc\HLA\HLA2007.WTH,normal_year;nitrogen_stress_year;low_response_year,normal,HLA2007_normal_grid_S0010,top_profit_low_water,2007-08-13,225,106,101,"{""sim_day"": 106.0, ""doy"": 225.0, ""topwt"": 11673.7744140625, ""grnwt"": 641.65283203125, ""xlai"": 3.1377573013305664, ""totir"": 0.0, ""tofer"": NaN, ""swfac"": 0.0, ""nstres"": 0.0810931921005249}",0.0,0.0810931921005249,11673.7744140625,641.65283203125,3.1377573013305664,0.0,,0.0,0.0,0.0,150.0,28.07846679687501,28.07846679687501,Leave_One_experiments/all_year_offline_schedule_search/daily_outputs/HLA/HLA_2007_HLA2007_normal_grid_S0010_daily.csv
HLA,HLA,Hailun,2007,Leave_One_experiments\wth_generated_qc\HLA\HLA2007.WTH,normal_year;nitrogen_stress_year;low_response_year,normal,HLA2007_normal_grid_S0010,top_profit_low_water,2007-08-14,226,107,102,"{""sim_day"": 107.0, ""doy"": 226.0, ""topwt"": 11834.18701171875, ""grnwt"": 802.0660400390625, ""xlai"": 3.106507539749145, ""totir"": 0.0, ""tofer"": NaN, ""swfac"": 0.0, ""nstres"": 0.0796738266944885}",0.0,0.0796738266944885,11834.18701171875,802.0660400390625,3.106507539749145,0.0,,0.0,0.0,0.0,150.0,28.07846679687501,28.07846679687501,Leave_One_experiments/all_year_offline_schedule_search/daily_outputs/HLA/HLA_2007_HLA2007_normal_grid_S0010_daily.csv
HLA,HLA,Hailun,2007,Leave_One_experiments\wth_generated_qc\HLA\HLA2007.WTH,normal_year;nitrogen_stress_year;low_response_year,normal,HLA2007_normal_grid_S0010,top_profit_low_water,2007-08-15,227,108,103,"{""sim_day"": 108.0, ""doy"": 227.0, ""topwt"": 11994.60205078125, ""grnwt"": 962.479248046875, ""xlai"": 3.073540449142456, ""totir"": 0.0, ""tofer"": NaN, ""swfac"": 0.0, ""nstres"": 0.0848976373672485}",0.0,0.0848976373672485,11994.60205078125,962.479248046875,3.073540449142456,0.0,,0.0,0.0,0.0,150.0,28.07846679687501,28.07846679687501,Leave_One_experiments/all_year_offline_schedule_search/daily_outputs/HLA/HLA_2007_HLA2007_normal_grid_S0010_daily.csv
HLA,HLA,Hailun,2007,Leave_One_experiments\wth_generated_qc\HLA\HLA2007.WTH,normal_year;nitrogen_stress_year;low_response_year,normal,HLA2007_normal_grid_S0010,top_profit_low_water,2007-08-16,228,109,104,"{""sim_day"": 109.0, ""doy"": 228.0, ""topwt"": 12155.0146484375, ""grnwt"": 1122.8923797607422, ""xlai"": 3.03938889503479, ""totir"": 0.0, ""tofer"": NaN, ""swfac"": 0.0, ""nstres"": 0.0888917446136474}",0.0,0.0888917446136474,12155.0146484375,1122.8923797607422,3.03938889503479,0.0,,0.0,0.0,0.0,150.0,28.07846679687501,28.07846679687501,Leave_One_experiments/all_year_offline_schedule_search/daily_outputs/HLA/HLA_2007_HLA2007_normal_grid_S0010_daily.csv
HLA,HLA,Hailun,2007,Leave_One_experiments\wth_generated_qc\HLA\HLA2007.WTH,normal_year;nitrogen_stress_year;low_response_year,normal,HLA2007_normal_grid_S0010,top_profit_low_water,2007-08-17,229,110,105,"{""sim_day"": 110.0, ""doy"": 229.0, ""topwt"": 12315.428466796877, ""grnwt"": 1283.3055114746094, ""xlai"": 3.0041604042053223, ""totir"": 0.0, ""tofer"": NaN, ""swfac"": 0.0, ""nstres"": 0.0927247405052185}",0.0,0.0927247405052185,12315.428466796877,1283.3055114746094,3.0041604042053223,0.0,,0.0,0.0,0.0,150.0,28.07846679687501,28.07846679687501,Leave_One_experiments/all_year_offline_schedule_search/daily_outputs/HLA/HLA_2007_HLA2007_normal_grid_S0010_daily.csv
HLA,HLA,Hailun,2007,Leave_One_experiments\wth_generated_qc\HLA\HLA2007.WTH,normal_year;nitrogen_stress_year;low_response_year,normal,HLA2007_normal_grid_S0010,top_profit_low_water,2007-08-18,230,111,106,"{""sim_day"": 111.0, ""doy"": 230.0, ""topwt"": 12475.841064453123, ""grnwt"": 1443.718719482422, ""xlai"": 2.96839451789856, ""totir"": 0.0, ""tofer"": NaN, ""swfac"": 0.0, ""nstres"": 0.0952430963516235}",0.0,0.0952430963516235,12475.841064453123,1443.718719482422,2.96839451789856,0.0,,0.0,0.0,0.0,150.0,28.07846679687501,28.07846679687501,Leave_One_experiments/all_year_offline_schedule_search/daily_outputs/HLA/HLA_2007_HLA2007_normal_grid_S0010_daily.csv
HLA,HLA,Hailun,2007,Leave_One_experiments\wth_generated_qc\HLA\HLA2007.WTH,normal_year;nitrogen_stress_year;low_response_year,normal,HLA2007_normal_grid_S0010,top_profit_low_water,2007-08-19,231,112,107,"{""sim_day"": 112.0, ""doy"": 231.0, ""topwt"": 12636.2548828125, ""grnwt"": 1604.1319274902344, ""xlai"": 2.9322965145111084, ""totir"": 0.0, ""tofer"": NaN, ""swfac"": 0.0, ""nstres"": 0.0972862243652343}",0.0,0.0972862243652343,12636.2548828125,1604.1319274902344,2.9322965145111084,0.0,,0.0,0.0,0.0,150.0,28.07846679687501,28.07846679687501,Leave_One_experiments/all_year_offline_schedule_search/daily_outputs/HLA/HLA_2007_HLA2007_normal_grid_S0010_daily.csv
HLA,HLA,Hailun,2007,Leave_One_experiments\wth_generated_qc\HLA\HLA2007.WTH,normal_year;nitrogen_stress_year;low_response_year,normal,HLA2007_normal_grid_S0010,top_profit_low_water,2007-08-20,232,113,108,"{""sim_day"": 113.0, ""doy"": 232.0, ""topwt"": 12796.66748046875, ""grnwt"": 1764.5449829101562, ""xlai"": 2.894639015197754, ""totir"": 0.0, ""tofer"": NaN, ""swfac"": 0.0, ""nstres"": 0.1027380228042602}",0.0,0.1027380228042602,12796.66748046875,1764.5449829101562,2.894639015197754,0.0,,0.0,0.0,0.0,150.0,28.07846679687501,28.07846679687501,Leave_One_experiments/all_year_offline_schedule_search/daily_outputs/HLA/HLA_2007_HLA2007_normal_grid_S0010_daily.csv
HLA,HLA,Hailun,2007,Leave_One_experiments\wth_generated_qc\HLA\HLA2007.WTH,normal_year;nitrogen_stress_year;low_response_year,normal,HLA2007_normal_grid_S0010,top_profit_low_water,2007-08-21,233,114,109,"{""sim_day"": 114.0, ""doy"": 233.0, ""topwt"": 12957.081298828123, ""grnwt"": 1924.9581909179688, ""xlai"": 2.854909658432007, ""totir"": 0.0, ""tofer"": NaN, ""swfac"": 0.0, ""nstres"": 0.1098016500473022}",0.0,0.1098016500473022,12957.081298828123,1924.9581909179688,2.854909658432007,0.0,,0.0,0.0,0.0,150.0,28.07846679687501,28.07846679687501,Leave_One_experiments/all_year_offline_schedule_search/daily_outputs/HLA/HLA_2007_HLA2007_normal_grid_S0010_daily.csv
HLA,HLA,Hailun,2007,Leave_One_experiments\wth_generated_qc\HLA\HLA2007.WTH,normal_year;nitrogen_stress_year;low_response_year,normal,HLA2007_normal_grid_S0010,top_profit_low_water,2007-08-22,234,115,110,"{""sim_day"": 115.0, ""doy"": 234.0, ""topwt"": 13117.493896484377, ""grnwt"": 2085.371398925781, ""xlai"": 2.813605785369873, ""totir"": 0.0, ""tofer"": NaN, ""swfac"": 0.0, ""nstres"": 0.1157406568527221}",0.0,0.1157406568527221,13117.493896484377,2085.371398925781,2.813605785369873,0.0,,0.0,0.0,0.0,150.0,28.07846679687501,28.07846679687501,Leave_One_experiments/all_year_offline_schedule_search/daily_outputs/HLA/HLA_2007_HLA2007_normal_grid_S0010_daily.csv
HLA,HLA,Hailun,2007,Leave_One_experiments\wth_generated_qc\HLA\HLA2007.WTH,normal_year;nitrogen_stress_year;low_response_year,normal,HLA2007_normal_grid_S0010,top_profit_low_water,2007-08-23,235,116,111,"{""sim_day"": 116.0, ""doy"": 235.0, ""topwt"": 13277.90771484375, ""grnwt"": 2245.7846069335938, ""xlai"": 2.7712793350219727, ""totir"": 0.0, ""tofer"": NaN, ""swfac"": 0.0, ""nstres"": 0.1203474998474121}",0.0,0.1203474998474121,13277.90771484375,2245.7846069335938,2.7712793350219727,0.0,,0.0,0.0,0.0,150.0,28.07846679687501,28.07846679687501,Leave_One_experiments/all_year_offline_schedule_search/daily_outputs/HLA/HLA_2007_HLA2007_normal_grid_S0010_daily.csv
HLA,HLA,Hailun,2007,Leave_One_experiments\wth_generated_qc\HLA\HLA2007.WTH,normal_year;nitrogen_stress_year;low_response_year,normal,HLA2007_normal_grid_S0010,top_profit_low_water,2007-08-24,236,117,112,"{""sim_day"": 117.0, ""doy"": 236.0, ""topwt"": 13438.3203125, ""grnwt"": 2406.1978149414062, ""xlai"": 2.7274980545043945, ""totir"": 0.0, ""tofer"": NaN, ""swfac"": 0.0, ""nstres"": 0.1263860464096069}",0.0,0.1263860464096069,13438.3203125,2406.1978149414062,2.7274980545043945,0.0,,0.0,0.0,0.0,150.0,28.07846679687501,28.07846679687501,Leave_One_experiments/all_year_offline_schedule_search/daily_outputs/HLA/HLA_2007_HLA2007_normal_grid_S0010_daily.csv
HLA,HLA,Hailun,2007,Leave_One_experiments\wth_generated_qc\HLA\HLA2007.WTH,normal_year;nitrogen_stress_year;low_response_year,normal,HLA2007_normal_grid_S0010,top_profit_low_water,2007-08-25,237,118,113,"{""sim_day"": 118.0, ""doy"": 237.0, ""topwt"": 13598.7353515625, ""grnwt"": 2566.6110229492188, ""xlai"": 2.682050466537476, ""totir"": 0.0, ""tofer"": NaN, ""swfac"": 0.0, ""nstres"": 0.1333022117614746}",0.0,0.1333022117614746,13598.7353515625,2566.6110229492188,2.682050466537476,0.0,,0.0,0.0,0.0,150.0,28.07846679687501,28.07846679687501,Leave_One_experiments/all_year_offline_schedule_search/daily_outputs/HLA/HLA_2007_HLA2007_normal_grid_S0010_daily.csv
HLA,HLA,Hailun,2007,Leave_One_experiments\wth_generated_qc\HLA\HLA2007.WTH,normal_year;nitrogen_stress_year;low_response_year,normal,HLA2007_normal_grid_S0010,top_profit_low_water,2007-08-26,238,119,114,"{""sim_day"": 119.0, ""doy"": 238.0, ""topwt"": 13759.14794921875, ""grnwt"": 2727.02392578125, ""xlai"": 2.6350209712982178, ""totir"": 0.0, ""tofer"": NaN, ""swfac"": 0.0, ""nstres"": 0.1402792334556579}",0.0,0.1402792334556579,13759.14794921875,2727.02392578125,2.6350209712982178,0.0,,0.0,0.0,0.0,150.0,28.07846679687501,28.07846679687501,Leave_One_experiments/all_year_offline_schedule_search/daily_outputs/HLA/HLA_2007_HLA2007_normal_grid_S0010_daily.csv
HLA,HLA,Hailun,2007,Leave_One_experiments\wth_generated_qc\HLA\HLA2007.WTH,normal_year;nitrogen_stress_year;low_response_year,normal,HLA2007_normal_grid_S0010,top_profit_low_water,2007-08-27,239,120,115,"{""sim_day"": 120.0, ""doy"": 239.0, ""topwt"": 13895.88134765625, ""grnwt"": 2863.75732421875, ""xlai"": 2.585878610610962, ""totir"": 0.0, ""tofer"": NaN, ""swfac"": 0.0, ""nstres"": 0.1491975784301757}",0.0,0.1491975784301757,13895.88134765625,2863.75732421875,2.585878610610962,0.0,,0.0,0.0,0.0,150.0,28.07846679687501,28.07846679687501,Leave_One_experiments/all_year_offline_schedule_search/daily_outputs/HLA/HLA_2007_HLA2007_normal_grid_S0010_daily.csv
HLA,HLA,Hailun,2007,Leave_One_experiments\wth_generated_qc\HLA\HLA2007.WTH,normal_year;nitrogen_stress_year;low_response_year,normal,HLA2007_normal_grid_S0010,top_profit_low_water,2007-08-28,240,121,116,"{""sim_day"": 121.0, ""doy"": 240.0, ""topwt"": 14056.2939453125, ""grnwt"": 3024.1705322265625, ""xlai"": 2.5357515811920166, ""totir"": 0.0, ""tofer"": NaN, ""swfac"": 0.0, ""nstres"": 0.1550795435905456}",0.0,0.1550795435905456,14056.2939453125,3024.1705322265625,2.5357515811920166,0.0,,0.0,0.0,0.0,150.0,28.07846679687501,28.07846679687501,Leave_One_experiments/all_year_offline_schedule_search/daily_outputs/HLA/HLA_2007_HLA2007_normal_grid_S0010_daily.csv
HLA,HLA,Hailun,2007,Leave_One_experiments\wth_generated_qc\HLA\HLA2007.WTH,normal_year;nitrogen_stress_year;low_response_year,normal,HLA2007_normal_grid_S0010,top_profit_low_water,2007-08-29,241,122,117,"{""sim_day"": 122.0, ""doy"": 241.0, ""topwt"": 14216.708984375, ""grnwt"": 3184.583740234375, ""xlai"": 2.4840476512908936, ""totir"": 0.0, ""tofer"": NaN, ""swfac"": 0.0, ""nstres"": 0.1631195545196533}",0.0,0.1631195545196533,14216.708984375,3184.583740234375,2.4840476512908936,0.0,,0.0,0.0,0.0,150.0,28.07846679687501,28.07846679687501,Leave_One_experiments/all_year_offline_schedule_search/daily_outputs/HLA/HLA_2007_HLA2007_normal_grid_S0010_daily.csv
HLA,HLA,Hailun,2007,Leave_One_experiments\wth_generated_qc\HLA\HLA2007.WTH,normal_year;nitrogen_stress_year;low_response_year,normal,HLA2007_normal_grid_S0010,top_profit_low_water,2007-08-30,242,123,118,"{""sim_day"": 123.0, ""doy"": 242.0, ""topwt"": 14377.12158203125, ""grnwt"": 3344.9969482421875, ""xlai"": 2.430915594100952, ""totir"": 0.0, ""tofer"": NaN, ""swfac"": 0.0, ""nstres"": 0.1711145639419555}",0.0,0.1711145639419555,14377.12158203125,3344.9969482421875,2.430915594100952,0.0,,0.0,0.0,0.0,150.0,28.07846679687501,28.07846679687501,Leave_One_experiments/all_year_offline_schedule_search/daily_outputs/HLA/HLA_2007_HLA2007_normal_grid_S0010_daily.csv
HLA,HLA,Hailun,2007,Leave_One_experiments\wth_generated_qc\HLA\HLA2007.WTH,normal_year;nitrogen_stress_year;low_response_year,normal,HLA2007_normal_grid_S0010,top_profit_low_water,2007-08-31,243,124,119,"{""sim_day"": 124.0, ""doy"": 243.0, ""topwt"": 14537.5341796875, ""grnwt"": 3505.410461425781, ""xlai"": 2.376985549926758, ""totir"": 0.0, ""tofer"": NaN, ""swfac"": 0.0, ""nstres"": 0.1774793863296508}",0.0,0.1774793863296508,14537.5341796875,3505.410461425781,2.376985549926758,0.0,,0.0,0.0,0.0,150.0,28.07846679687501,28.07846679687501,Leave_One_experiments/all_year_offline_schedule_search/daily_outputs/HLA/HLA_2007_HLA2007_normal_grid_S0010_daily.csv
HLA,HLA,Hailun,2007,Leave_One_experiments\wth_generated_qc\HLA\HLA2007.WTH,normal_year;nitrogen_stress_year;low_response_year,normal,HLA2007_normal_grid_S0010,top_profit_low_water,2007-09-01,244,125,120,"{""sim_day"": 125.0, ""doy"": 244.0, ""topwt"": 14697.947998046877, ""grnwt"": 3665.8236694335938, ""xlai"": 2.3219494819641118, ""totir"": 0.0, ""tofer"": NaN, ""swfac"": 0.0, ""nstres"": 0.1852286458015442}",0.0,0.1852286458015442,14697.947998046877,3665.8236694335938,2.3219494819641118,0.0,,0.0,0.0,0.0,150.0,28.07846679687501,28.07846679687501,Leave_One_experiments/all_year_offline_schedule_search/daily_outputs/HLA/HLA_2007_HLA2007_normal_grid_S0010_daily.csv
HLA,HLA,Hailun,2007,Leave_One_experiments\wth_generated_qc\HLA\HLA2007.WTH,normal_year;nitrogen_stress_year;low_response_year,normal,HLA2007_normal_grid_S0010,top_profit_low_water,2007-09-02,245,126,121,"{""sim_day"": 126.0, ""doy"": 245.0, ""topwt"": 14819.403076171877, ""grnwt"": 3787.2796630859375, ""xlai"": 2.265331029891968, ""totir"": 0.0, ""tofer"": NaN, ""swfac"": 0.0, ""nstres"": 0.1950733065605163}",0.0,0.1950733065605163,14819.403076171877,3787.2796630859375,2.265331029891968,0.0,,0.0,0.0,0.0,150.0,28.07846679687501,28.07846679687501,Leave_One_experiments/all_year_offline_schedule_search/daily_outputs/HLA/HLA_2007_HLA2007_normal_grid_S0010_daily.csv
HLA,HLA,Hailun,2007,Leave_One_experiments\wth_generated_qc\HLA\HLA2007.WTH,normal_year;nitrogen_stress_year;low_response_year,normal,HLA2007_normal_grid_S0010,top_profit_low_water,2007-09-03,246,127,122,"{""sim_day"": 127.0, ""doy"": 246.0, ""topwt"": 14966.06689453125, ""grnwt"": 3933.9431762695312, ""xlai"": 2.208327054977417, ""totir"": 0.0, ""tofer"": NaN, ""swfac"": 0.0, ""nstres"": 0.2039278745651245}",0.0,0.2039278745651245,14966.06689453125,3933.9431762695312,2.208327054977417,0.0,,0.0,0.0,0.0,150.0,28.07846679687501,28.07846679687501,Leave_One_experiments/all_year_offline_schedule_search/daily_outputs/HLA/HLA_2007_HLA2007_normal_grid_S0010_daily.csv
HLA,HLA,Hailun,2007,Leave_One_experiments\wth_generated_qc\HLA\HLA2007.WTH,normal_year;nitrogen_stress_year;low_response_year,normal,HLA2007_normal_grid_S0010,top_profit_low_water,2007-09-04,247,128,123,"{""sim_day"": 128.0, ""doy"": 247.0, ""topwt"": 15126.4794921875, ""grnwt"": 4094.356689453125, ""xlai"": 2.1506881713867188, ""totir"": 0.0, ""tofer"": NaN, ""swfac"": 0.0, ""nstres"": 0.226415753364563}",0.0,0.226415753364563,15126.4794921875,4094.356689453125,2.1506881713867188,0.0,,0.0,0.0,0.0,150.0,28.07846679687501,28.07846679687501,Leave_One_experiments/all_year_offline_schedule_search/daily_outputs/HLA/HLA_2007_HLA2007_normal_grid_S0010_daily.csv
HLA,HLA,Hailun,2007,Leave_One_experiments\wth_generated_qc\HLA\HLA2007.WTH,normal_year;nitrogen_stress_year;low_response_year,normal,HLA2007_normal_grid_S0010,top_profit_low_water,2007-09-05,248,129,124,"{""sim_day"": 129.0, ""doy"": 248.0, ""topwt"": 15286.89208984375, ""grnwt"": 4254.7698974609375, ""xlai"": 2.0924792289733887, ""totir"": 0.0, ""tofer"": NaN, ""swfac"": 0.0, ""nstres"": 0.2495678663253784}",0.0,0.2495678663253784,15286.89208984375,4254.7698974609375,2.0924792289733887,0.0,,0.0,0.0,0.0,150.0,28.07846679687501,28.07846679687501,Leave_One_experiments/all_year_offline_schedule_search/daily_outputs/HLA/HLA_2007_HLA2007_normal_grid_S0010_daily.csv
HLA,HLA,Hailun,2007,Leave_One_experiments\wth_generated_qc\HLA\HLA2007.WTH,normal_year;nitrogen_stress_year;low_response_year,normal,HLA2007_normal_grid_S0010,top_profit_low_water,2007-09-06,249,130,125,"{""sim_day"": 130.0, ""doy"": 249.0, ""topwt"": 15447.30712890625, ""grnwt"": 4415.18310546875, ""xlai"": 2.033830165863037, ""totir"": 0.0, ""tofer"": NaN, ""swfac"": 0.0, ""nstres"": 0.272682785987854}",0.0,0.272682785987854,15447.30712890625,4415.18310546875,2.033830165863037,0.0,,0.0,0.0,0.0,150.0,28.07846679687501,28.07846679687501,Leave_One_experiments/all_year_offline_schedule_search/daily_outputs/HLA/HLA_2007_HLA2007_normal_grid_S0010_daily.csv
HLA,HLA,Hailun,2007,Leave_One_experiments\wth_generated_qc\HLA\HLA2007.WTH,normal_year;nitrogen_stress_year;low_response_year,normal,HLA2007_normal_grid_S0010,top_profit_low_water,2007-09-07,250,131,126,"{""sim_day"": 131.0, ""doy"": 250.0, ""topwt"": 15498.743896484377, ""grnwt"": 4569.4854736328125, ""xlai"": 1.974476337432861, ""totir"": 0.0, ""tofer"": NaN, ""swfac"": 0.0, ""nstres"": 0.3004003763198852}",0.0,0.3004003763198852,15498.743896484377,4569.4854736328125,1.974476337432861,0.0,,0.0,0.0,0.0,150.0,28.07846679687501,28.07846679687501,Leave_One_experiments/all_year_offline_schedule_search/daily_outputs/HLA/HLA_2007_HLA2007_normal_grid_S0010_daily.csv
HLA,HLA,Hailun,2007,Leave_One_experiments\wth_generated_qc\HLA\HLA2007.WTH,normal_year;nitrogen_stress_year;low_response_year,normal,HLA2007_normal_grid_S0010,top_profit_low_water,2007-09-08,251,132,127,"{""sim_day"": 132.0, ""doy"": 251.0, ""topwt"": 15629.00634765625, ""grnwt"": 4724.5513916015625, ""xlai"": 1.914689779281616, ""totir"": 0.0, ""tofer"": NaN, ""swfac"": 0.0, ""nstres"": 0.3267101049423218}",0.0,0.3267101049423218,15629.00634765625,4724.5513916015625,1.914689779281616,0.0,,0.0,0.0,0.0,150.0,28.07846679687501,28.07846679687501,Leave_One_experiments/all_year_offline_schedule_search/daily_outputs/HLA/HLA_2007_HLA2007_normal_grid_S0010_daily.csv
HLA,HLA,Hailun,2007,Leave_One_experiments\wth_generated_qc\HLA\HLA2007.WTH,normal_year;nitrogen_stress_year;low_response_year,normal,HLA2007_normal_grid_S0010,top_profit_low_water,2007-09-09,252,133,128,"{""sim_day"": 133.0, ""doy"": 252.0, ""topwt"": 15745.94970703125, ""grnwt"": 4862.8125, ""xlai"": 1.8558766841888428, ""totir"": 0.0, ""tofer"": NaN, ""swfac"": 0.0, ""nstres"": 0.3372042775154114}",0.0,0.3372042775154114,15745.94970703125,4862.8125,1.8558766841888428,0.0,,0.0,0.0,0.0,150.0,28.07846679687501,28.07846679687501,Leave_One_experiments/all_year_offline_schedule_search/daily_outputs/HLA/HLA_2007_HLA2007_normal_grid_S0010_daily.csv
HLA,HLA,Hailun,2007,Leave_One_experiments\wth_generated_qc\HLA\HLA2007.WTH,normal_year;nitrogen_stress_year;low_response_year,normal,HLA2007_normal_grid_S0010,top_profit_low_water,2007-09-10,253,134,129,"{""sim_day"": 134.0, ""doy"": 253.0, ""topwt"": 15846.04248046875, ""grnwt"": 5023.2257080078125, ""xlai"": 1.797533392906189, ""totir"": 0.0, ""tofer"": NaN, ""swfac"": 0.0, ""nstres"": 0.3544906377792358}",0.0,0.3544906377792358,15846.04248046875,5023.2257080078125,1.797533392906189,0.0,,0.0,0.0,0.0,150.0,28.07846679687501,28.07846679687501,Leave_One_experiments/all_year_offline_schedule_search/daily_outputs/HLA/HLA_2007_HLA2007_normal_grid_S0010_daily.csv
HLA,HLA,Hailun,2007,Leave_One_experiments\wth_generated_qc\HLA\HLA2007.WTH,normal_year;nitrogen_stress_year;low_response_year,normal,HLA2007_normal_grid_S0010,top_profit_low_water,2007-09-11,254,135,130,"{""sim_day"": 135.0, ""doy"": 254.0, ""topwt"": 15973.64501953125, ""grnwt"": 5183.638916015625, ""xlai"": 1.7392724752426147, ""totir"": 0.0, ""tofer"": NaN, ""swfac"": 0.0, ""nstres"": 0.3778795599937439}",0.0,0.3778795599937439,15973.64501953125,5183.638916015625,1.7392724752426147,0.0,,0.0,0.0,0.0,150.0,28.07846679687501,28.07846679687501,Leave_One_experiments/all_year_offline_schedule_search/daily_outputs/HLA/HLA_2007_HLA2007_normal_grid_S0010_daily.csv
HLA,HLA,Hailun,2007,Leave_One_experiments\wth_generated_qc\HLA\HLA2007.WTH,normal_year;nitrogen_stress_year;low_response_year,normal,HLA2007_normal_grid_S0010,top_profit_low_water,2007-09-12,255,136,131,"{""sim_day"": 136.0, ""doy"": 255.0, ""topwt"": 16096.767578125, ""grnwt"": 5344.052734375, ""xlai"": 1.6817065477371216, ""totir"": 0.0, ""tofer"": NaN, ""swfac"": 0.0, ""nstres"": 0.3943442702293396}",0.0,0.3943442702293396,16096.767578125,5344.052734375,1.6817065477371216,0.0,,0.0,0.0,0.0,150.0,28.07846679687501,28.07846679687501,Leave_One_experiments/all_year_offline_schedule_search/daily_outputs/HLA/HLA_2007_HLA2007_normal_grid_S0010_daily.csv
HLA,HLA,Hailun,2007,Leave_One_experiments\wth_generated_qc\HLA\HLA2007.WTH,normal_year;nitrogen_stress_year;low_response_year,normal,HLA2007_normal_grid_S0010,top_profit_low_water,2007-09-13,256,137,132,"{""sim_day"": 137.0, ""doy"": 256.0, ""topwt"": 16206.690673828123, ""grnwt"": 5504.4659423828125, ""xlai"": 1.6246002912521362, ""totir"": 0.0, ""tofer"": NaN, ""swfac"": 0.0, ""nstres"": 0.4149757623672485}",0.0,0.4149757623672485,16206.690673828123,5504.4659423828125,1.6246002912521362,0.0,,0.0,0.0,0.0,150.0,28.07846679687501,28.07846679687501,Leave_One_experiments/all_year_offline_schedule_search/daily_outputs/HLA/HLA_2007_HLA2007_normal_grid_S0010_daily.csv
HLA,HLA,Hailun,2007,Leave_One_experiments\wth_generated_qc\HLA\HLA2007.WTH,normal_year;nitrogen_stress_year;low_response_year,normal,HLA2007_normal_grid_S0010,top_profit_low_water,2007-09-14,257,138,133,"{""sim_day"": 138.0, ""doy"": 257.0, ""topwt"": 16234.658203125, ""grnwt"": 5664.879150390625, ""xlai"": 1.5678493976593018, ""totir"": 0.0, ""tofer"": NaN, ""swfac"": 0.0, ""nstres"": 0.438373863697052}",0.0,0.438373863697052,16234.658203125,5664.879150390625,1.5678493976593018,0.0,,0.0,0.0,0.0,150.0,28.07846679687501,28.07846679687501,Leave_One_experiments/all_year_offline_schedule_search/daily_outputs/HLA/HLA_2007_HLA2007_normal_grid_S0010_daily.csv
HLA,HLA,Hailun,2007,Leave_One_experiments\wth_generated_qc\HLA\HLA2007.WTH,normal_year;nitrogen_stress_year;low_response_year,normal,HLA2007_normal_grid_S0010,top_profit_low_water,2007-09-15,258,139,134,"{""sim_day"": 139.0, ""doy"": 258.0, ""topwt"": 16290.697021484377, ""grnwt"": 5825.2923583984375, ""xlai"": 1.5117751359939575, ""totir"": 0.0, ""tofer"": NaN, ""swfac"": 0.0, ""nstres"": 0.4583614468574524}",0.0,0.4583614468574524,16290.697021484377,5825.2923583984375,1.5117751359939575,0.0,,0.0,0.0,0.0,150.0,28.07846679687501,28.07846679687501,Leave_One_experiments/all_year_offline_schedule_search/daily_outputs/HLA/HLA_2007_HLA2007_normal_grid_S0010_daily.csv
HLA,HLA,Hailun,2007,Leave_One_experiments\wth_generated_qc\HLA\HLA2007.WTH,normal_year;nitrogen_stress_year;low_response_year,normal,HLA2007_normal_grid_S0010,top_profit_low_water,2007-09-16,259,140,135,"{""sim_day"": 140.0, ""doy"": 259.0, ""topwt"": 16402.0751953125, ""grnwt"": 5985.7061767578125, ""xlai"": 1.4574720859527588, ""totir"": 0.0, ""tofer"": NaN, ""swfac"": 0.0, ""nstres"": 0.4620814919471741}",0.0,0.4620814919471741,16402.0751953125,5985.7061767578125,1.4574720859527588,0.0,,0.0,0.0,0.0,150.0,28.07846679687501,28.07846679687501,Leave_One_experiments/all_year_offline_schedule_search/daily_outputs/HLA/HLA_2007_HLA2007_normal_grid_S0010_daily.csv
HLA,HLA,Hailun,2007,Leave_One_experiments\wth_generated_qc\HLA\HLA2007.WTH,normal_year;nitrogen_stress_year;low_response_year,normal,HLA2007_normal_grid_S0010,top_profit_low_water,2007-09-17,260,141,136,"{""sim_day"": 141.0, ""doy"": 260.0, ""topwt"": 16488.0126953125, ""grnwt"": 6146.119384765625, ""xlai"": 1.404504418373108, ""totir"": 0.0, ""tofer"": NaN, ""swfac"": 0.0, ""nstres"": 0.4722112417221069}",0.0,0.4722112417221069,16488.0126953125,6146.119384765625,1.404504418373108,0.0,,0.0,0.0,0.0,150.0,28.07846679687501,28.07846679687501,Leave_One_experiments/all_year_offline_schedule_search/daily_outputs/HLA/HLA_2007_HLA2007_normal_grid_S0010_daily.csv
HLA,HLA,Hailun,2007,Leave_One_experiments\wth_generated_qc\HLA\HLA2007.WTH,normal_year;nitrogen_stress_year;low_response_year,normal,HLA2007_normal_grid_S0010,top_profit_low_water,2007-09-18,261,142,137,"{""sim_day"": 142.0, ""doy"": 261.0, ""topwt"": 16613.519287109375, ""grnwt"": 6289.7271728515625, ""xlai"": 1.351964831352234, ""totir"": 0.0, ""tofer"": NaN, ""swfac"": 0.0, ""nstres"": 0.4977871775627136}",0.0,0.4977871775627136,16613.519287109375,6289.7271728515625,1.351964831352234,0.0,,0.0,0.0,0.0,150.0,28.07846679687501,28.07846679687501,Leave_One_experiments/all_year_offline_schedule_search/daily_outputs/HLA/HLA_2007_HLA2007_normal_grid_S0010_daily.csv
HLA,HLA,Hailun,2007,Leave_One_experiments\wth_generated_qc\HLA\HLA2007.WTH,normal_year;nitrogen_stress_year;low_response_year,normal,HLA2007_normal_grid_S0010,top_profit_low_water,2007-09-19,262,143,138,"{""sim_day"": 143.0, ""doy"": 262.0, ""topwt"": 16708.306884765625, ""grnwt"": 6382.15576171875, ""xlai"": 1.2220410108566284, ""totir"": 0.0, ""tofer"": NaN, ""swfac"": 0.0, ""nstres"": 0.5161824226379395}",0.0,0.5161824226379395,16708.306884765625,6382.15576171875,1.2220410108566284,0.0,,0.0,0.0,0.0,150.0,28.07846679687501,28.07846679687501,Leave_One_experiments/all_year_offline_schedule_search/daily_outputs/HLA/HLA_2007_HLA2007_normal_grid_S0010_daily.csv
HLA,HLA,Hailun,2007,Leave_One_experiments\wth_generated_qc\HLA\HLA2007.WTH,normal_year;nitrogen_stress_year;low_response_year,normal,HLA2007_normal_grid_S0010,top_profit_low_water,2007-09-20,263,144,139,"{""sim_day"": 144.0, ""doy"": 263.0, ""topwt"": 16812.880859375, ""grnwt"": 6502.847900390625, ""xlai"": 1.1745734214782717, ""totir"": 0.0, ""tofer"": NaN, ""swfac"": 0.0, ""nstres"": 0.5322304368019104}",0.0,0.5322304368019104,16812.880859375,6502.847900390625,1.1745734214782717,0.0,,0.0,0.0,0.0,150.0,28.07846679687501,28.07846679687501,Leave_One_experiments/all_year_offline_schedule_search/daily_outputs/HLA/HLA_2007_HLA2007_normal_grid_S0010_daily.csv
HLA,HLA,Hailun,2007,Leave_One_experiments\wth_generated_qc\HLA\HLA2007.WTH,normal_year;nitrogen_stress_year;low_response_year,normal,HLA2007_normal_grid_S0010,top_profit_low_water,2007-09-21,264,145,140,"{""sim_day"": 145.0, ""doy"": 264.0, ""topwt"": 16887.48779296875, ""grnwt"": 6557.8466796875, ""xlai"": 0.8809301257133484, ""totir"": 0.0, ""tofer"": NaN, ""swfac"": 0.0, ""nstres"": 0.5605553388595581}",0.0,0.5605553388595581,16887.48779296875,6557.8466796875,0.8809301257133484,0.0,,0.0,0.0,0.0,150.0,28.07846679687501,28.07846679687501,Leave_One_experiments/all_year_offline_schedule_search/daily_outputs/HLA/HLA_2007_HLA2007_normal_grid_S0010_daily.csv
HLA,HLA,Hailun,2007,Leave_One_experiments\wth_generated_qc\HLA\HLA2007.WTH,normal_year;nitrogen_stress_year;low_response_year,normal,HLA2007_normal_grid_S0010,top_profit_low_water,2007-09-22,265,146,141,"{""sim_day"": 146.0, ""doy"": 265.0, ""topwt"": 16887.48779296875, ""grnwt"": 6557.8466796875, ""xlai"": 0.8809301257133484, ""totir"": 0.0, ""tofer"": NaN, ""swfac"": 0.0, ""nstres"": 0.5671427547931671}",0.0,0.5671427547931671,16887.48779296875,6557.8466796875,0.8809301257133484,0.0,,0.0,0.0,0.0,150.0,28.07846679687501,28.07846679687501,Leave_One_experiments/all_year_offline_schedule_search/daily_outputs/HLA/HLA_2007_HLA2007_normal_grid_S0010_daily.csv
HLA,HLA,Hailun,2007,Leave_One_experiments\wth_generated_qc\HLA\HLA2007.WTH,normal_year;nitrogen_stress_year;low_response_year,normal,HLA2007_normal_grid_S0010,top_profit_low_water,2007-09-23,266,147,142,"{""sim_day"": 147.0, ""doy"": 266.0, ""topwt"": 16887.48779296875, ""grnwt"": 6557.8466796875, ""xlai"": 0.8809301257133484, ""totir"": 0.0, ""tofer"": NaN, ""swfac"": 0.0, ""nstres"": 0.5671427547931671}",0.0,0.5671427547931671,16887.48779296875,6557.8466796875,0.8809301257133484,0.0,,0.0,0.0,0.0,150.0,28.07846679687501,28.07846679687501,Leave_One_experiments/all_year_offline_schedule_search/daily_outputs/HLA/HLA_2007_HLA2007_normal_grid_S0010_daily.csv
HLA,HLA,Hailun,2007,Leave_One_experiments\wth_generated_qc\HLA\HLA2007.WTH,normal_year;nitrogen_stress_year;low_response_year,normal,HLA2007_normal_grid_S0010,top_profit_low_water,2007-09-24,267,148,143,"{""sim_day"": 148.0, ""doy"": 267.0, ""topwt"": 16887.48779296875, ""grnwt"": 6557.8466796875, ""xlai"": 0.8809301257133484, ""totir"": 0.0, ""tofer"": NaN, ""swfac"": 0.0, ""nstres"": 0.5671427547931671}",0.0,0.5671427547931671,16887.48779296875,6557.8466796875,0.8809301257133484,0.0,,0.0,0.0,0.0,150.0,28.07846679687501,28.07846679687501,Leave_One_experiments/all_year_offline_schedule_search/daily_outputs/HLA/HLA_2007_HLA2007_normal_grid_S0010_daily.csv
HLA,HLA,Hailun,2007,Leave_One_experiments\wth_generated_qc\HLA\HLA2007.WTH,normal_year;nitrogen_stress_year;low_response_year,normal,HLA2007_normal_grid_S0010,top_profit_low_water,2007-09-25,268,149,144,"{""sim_day"": 149.0, ""doy"": 268.0, ""topwt"": 16887.48779296875, ""grnwt"": 6557.8466796875, ""xlai"": 0.8809301257133484, ""totir"": 0.0, ""tofer"": NaN, ""swfac"": 0.0, ""nstres"": 0.5671427547931671}",0.0,0.5671427547931671,16887.48779296875,6557.8466796875,0.8809301257133484,0.0,,0.0,0.0,0.0,150.0,28.07846679687501,28.07846679687501,Leave_One_experiments/all_year_offline_schedule_search/daily_outputs/HLA/HLA_2007_HLA2007_normal_grid_S0010_daily.csv
HLA,HLA,Hailun,2010,Leave_One_experiments\wth_generated_qc\HLA\HLA2010.WTH,normal_year;nitrogen_stress_year;low_response_year,normal,HLA2010_normal_grid_S0013,irrigation_positive_candidate,2010-05-05,125,1,1,"{""sim_day"": 1.0, ""doy"": 125.0, ""topwt"": 0.0, ""grnwt"": 0.0, ""xlai"": 0.0, ""totir"": 0.0, ""tofer"": NaN, ""swfac"": 0.0, ""nstres"": 0.0}",0.0,0.0,0.0,0.0,0.0,0.0,,0.0,50.0,30.0,150.0,9.051361083984377,21.05136108398437,Leave_One_experiments/all_year_offline_schedule_search/daily_outputs/HLA/HLA_2010_HLA2010_normal_grid_S0013_daily.csv
HLA,HLA,Hailun,2010,Leave_One_experiments\wth_generated_qc\HLA\HLA2010.WTH,normal_year;nitrogen_stress_year;low_response_year,normal,HLA2010_normal_grid_S0013,irrigation_positive_candidate,2010-05-06,126,2,2,"{""sim_day"": 2.0, ""doy"": 126.0, ""topwt"": 0.0, ""grnwt"": 0.0, ""xlai"": 0.0, ""totir"": 0.0, ""tofer"": NaN, ""swfac"": 0.0, ""nstres"": 0.0}",0.0,0.0,0.0,0.0,0.0,0.0,,0.0,0.0,30.0,150.0,9.051361083984377,21.05136108398437,Leave_One_experiments/all_year_offline_schedule_search/daily_outputs/HLA/HLA_2010_HLA2010_normal_grid_S0013_daily.csv
HLA,HLA,Hailun,2010,Leave_One_experiments\wth_generated_qc\HLA\HLA2010.WTH,normal_year;nitrogen_stress_year;low_response_year,normal,HLA2010_normal_grid_S0013,irrigation_positive_candidate,2010-05-07,127,3,3,"{""sim_day"": 3.0, ""doy"": 127.0, ""topwt"": 0.0, ""grnwt"": 0.0, ""xlai"": 0.0, ""totir"": 0.0, ""tofer"": NaN, ""swfac"": 0.0, ""nstres"": 0.0}",0.0,0.0,0.0,0.0,0.0,0.0,,0.0,0.0,30.0,150.0,9.051361083984377,21.05136108398437,Leave_One_experiments/all_year_offline_schedule_search/daily_outputs/HLA/HLA_2010_HLA2010_normal_grid_S0013_daily.csv
HLA,HLA,Hailun,2010,Leave_One_experiments\wth_generated_qc\HLA\HLA2010.WTH,normal_year;nitrogen_stress_year;low_response_year,normal,HLA2010_normal_grid_S0013,irrigation_positive_candidate,2010-05-08,128,4,4,"{""sim_day"": 4.0, ""doy"": 128.0, ""topwt"": 0.0, ""grnwt"": 0.0, ""xlai"": 0.0, ""totir"": 0.0, ""tofer"": NaN, ""swfac"": 0.0, ""nstres"": 0.0}",0.0,0.0,0.0,0.0,0.0,0.0,,0.0,0.0,30.0,150.0,9.051361083984377,21.05136108398437,Leave_One_experiments/all_year_offline_schedule_search/daily_outputs/HLA/HLA_2010_HLA2010_normal_grid_S0013_daily.csv
HLA,HLA,Hailun,2010,Leave_One_experiments\wth_generated_qc\HLA\HLA2010.WTH,normal_year;nitrogen_stress_year;low_response_year,normal,HLA2010_normal_grid_S0013,irrigation_positive_candidate,2010-05-09,129,5,5,"{""sim_day"": 5.0, ""doy"": 129.0, ""topwt"": 0.0, ""grnwt"": 0.0, ""xlai"": 0.0, ""totir"": 0.0, ""tofer"": NaN, ""swfac"": 0.0, ""nstres"": 0.0}",0.0,0.0,0.0,0.0,0.0,0.0,,0.0,0.0,30.0,150.0,9.051361083984377,21.05136108398437,Leave_One_experiments/all_year_offline_schedule_search/daily_outputs/HLA/HLA_2010_HLA2010_normal_grid_S0013_daily.csv
HLA,HLA,Hailun,2010,Leave_One_experiments\wth_generated_qc\HLA\HLA2010.WTH,normal_year;nitrogen_stress_year;low_response_year,normal,HLA2010_normal_grid_S0013,irrigation_positive_candidate,2010-05-05,125,6,1,"{""sim_day"": 6.0, ""doy"": 125.0, ""topwt"": 0.0, ""grnwt"": 0.0, ""xlai"": 0.0, ""totir"": 0.0, ""tofer"": NaN, ""swfac"": 0.0, ""nstres"": 0.0}",0.0,0.0,0.0,0.0,0.0,0.0,,0.0,0.0,30.0,150.0,9.051361083984377,21.05136108398437,Leave_One_experiments/all_year_offline_schedule_search/daily_outputs/HLA/HLA_2010_HLA2010_normal_grid_S0013_daily.csv
HLA,HLA,Hailun,2010,Leave_One_experiments\wth_generated_qc\HLA\HLA2010.WTH,normal_year;nitrogen_stress_year;low_response_year,normal,HLA2010_normal_grid_S0013,irrigation_positive_candidate,2010-05-06,126,7,2,"{""sim_day"": 7.0, ""doy"": 126.0, ""topwt"": 0.0, ""grnwt"": 0.0, ""xlai"": 0.0, ""totir"": 0.0, ""tofer"": NaN, ""swfac"": 0.0, ""nstres"": 0.0}",0.0,0.0,0.0,0.0,0.0,0.0,,0.0,0.0,30.0,150.0,9.051361083984377,21.05136108398437,Leave_One_experiments/all_year_offline_schedule_search/daily_outputs/HLA/HLA_2010_HLA2010_normal_grid_S0013_daily.csv
HLA,HLA,Hailun,2010,Leave_One_experiments\wth_generated_qc\HLA\HLA2010.WTH,normal_year;nitrogen_stress_year;low_response_year,normal,HLA2010_normal_grid_S0013,irrigation_positive_candidate,2010-05-07,127,8,3,"{""sim_day"": 8.0, ""doy"": 127.0, ""topwt"": 0.0, ""grnwt"": 0.0, ""xlai"": 0.0, ""totir"": 0.0, ""tofer"": NaN, ""swfac"": 0.0, ""nstres"": 0.0}",0.0,0.0,0.0,0.0,0.0,0.0,,0.0,0.0,30.0,150.0,9.051361083984377,21.05136108398437,Leave_One_experiments/all_year_offline_schedule_search/daily_outputs/HLA/HLA_2010_HLA2010_normal_grid_S0013_daily.csv
HLA,HLA,Hailun,2010,Leave_One_experiments\wth_generated_qc\HLA\HLA2010.WTH,normal_year;nitrogen_stress_year;low_response_year,normal,HLA2010_normal_grid_S0013,irrigation_positive_candidate,2010-05-08,128,9,4,"{""sim_day"": 9.0, ""doy"": 128.0, ""topwt"": 0.0, ""grnwt"": 0.0, ""xlai"": 0.0, ""totir"": 0.0, ""tofer"": NaN, ""swfac"": 0.0, ""nstres"": 0.0}",0.0,0.0,0.0,0.0,0.0,0.0,,0.0,0.0,30.0,150.0,9.051361083984377,21.05136108398437,Leave_One_experiments/all_year_offline_schedule_search/daily_outputs/HLA/HLA_2010_HLA2010_normal_grid_S0013_daily.csv
HLA,HLA,Hailun,2010,Leave_One_experiments\wth_generated_qc\HLA\HLA2010.WTH,normal_year;nitrogen_stress_year;low_response_year,normal,HLA2010_normal_grid_S0013,irrigation_positive_candidate,2010-05-09,129,10,5,"{""sim_day"": 10.0, ""doy"": 129.0, ""topwt"": 0.0, ""grnwt"": 0.0, ""xlai"": 0.0, ""totir"": 0.0, ""tofer"": NaN, ""swfac"": 0.0, ""nstres"": 0.0}",0.0,0.0,0.0,0.0,0.0,0.0,,0.0,0.0,30.0,150.0,9.051361083984377,21.05136108398437,Leave_One_experiments/all_year_offline_schedule_search/daily_outputs/HLA/HLA_2010_HLA2010_normal_grid_S0013_daily.csv
HLA,HLA,Hailun,2010,Leave_One_experiments\wth_generated_qc\HLA\HLA2010.WTH,normal_year;nitrogen_stress_year;low_response_year,normal,HLA2010_normal_grid_S0013,irrigation_positive_candidate,2010-05-10,130,11,6,"{""sim_day"": 11.0, ""doy"": 130.0, ""topwt"": 0.0, ""grnwt"": 0.0, ""xlai"": 0.0, ""totir"": 0.0, ""tofer"": NaN, ""swfac"": 0.0, ""nstres"": 0.0}",0.0,0.0,0.0,0.0,0.0,0.0,,0.0,0.0,30.0,150.0,9.051361083984377,21.05136108398437,Leave_One_experiments/all_year_offline_schedule_search/daily_outputs/HLA/HLA_2010_HLA2010_normal_grid_S0013_daily.csv
HLA,HLA,Hailun,2010,Leave_One_experiments\wth_generated_qc\HLA\HLA2010.WTH,normal_year;nitrogen_stress_year;low_response_year,normal,HLA2010_normal_grid_S0013,irrigation_positive_candidate,2010-05-11,131,12,7,"{""sim_day"": 12.0, ""doy"": 131.0, ""topwt"": 0.0, ""grnwt"": 0.0, ""xlai"": 0.0, ""totir"": 0.0, ""tofer"": NaN, ""swfac"": 0.0, ""nstres"": 0.0}",0.0,0.0,0.0,0.0,0.0,0.0,,0.0,0.0,30.0,150.0,9.051361083984377,21.05136108398437,Leave_One_experiments/all_year_offline_schedule_search/daily_outputs/HLA/HLA_2010_HLA2010_normal_grid_S0013_daily.csv
HLA,HLA,Hailun,2010,Leave_One_experiments\wth_generated_qc\HLA\HLA2010.WTH,normal_year;nitrogen_stress_year;low_response_year,normal,HLA2010_normal_grid_S0013,irrigation_positive_candidate,2010-05-12,132,13,8,"{""sim_day"": 13.0, ""doy"": 132.0, ""topwt"": 0.0, ""grnwt"": 0.0, ""xlai"": 0.0, ""totir"": 0.0, ""tofer"": NaN, ""swfac"": 0.0, ""nstres"": 0.0}",0.0,0.0,0.0,0.0,0.0,0.0,,0.0,0.0,30.0,150.0,9.051361083984377,21.05136108398437,Leave_One_experiments/all_year_offline_schedule_search/daily_outputs/HLA/HLA_2010_HLA2010_normal_grid_S0013_daily.csv
HLA,HLA,Hailun,2010,Leave_One_experiments\wth_generated_qc\HLA\HLA2010.WTH,normal_year;nitrogen_stress_year;low_response_year,normal,HLA2010_normal_grid_S0013,irrigation_positive_candidate,2010-05-13,133,14,9,"{""sim_day"": 14.0, ""doy"": 133.0, ""topwt"": 0.0, ""grnwt"": 0.0, ""xlai"": 0.0, ""totir"": 0.0, ""tofer"": NaN, ""swfac"": 0.0, ""nstres"": 0.0}",0.0,0.0,0.0,0.0,0.0,0.0,,0.0,0.0,30.0,150.0,9.051361083984377,21.05136108398437,Leave_One_experiments/all_year_offline_schedule_search/daily_outputs/HLA/HLA_2010_HLA2010_normal_grid_S0013_daily.csv
HLA,HLA,Hailun,2010,Leave_One_experiments\wth_generated_qc\HLA\HLA2010.WTH,normal_year;nitrogen_stress_year;low_response_year,normal,HLA2010_normal_grid_S0013,irrigation_positive_candidate,2010-05-14,134,15,10,"{""sim_day"": 15.0, ""doy"": 134.0, ""topwt"": 0.0, ""grnwt"": 0.0, ""xlai"": 0.0, ""totir"": 0.0, ""tofer"": NaN, ""swfac"": 0.0, ""nstres"": 0.0}",0.0,0.0,0.0,0.0,0.0,0.0,,0.0,0.0,30.0,150.0,9.051361083984377,21.05136108398437,Leave_One_experiments/all_year_offline_schedule_search/daily_outputs/HLA/HLA_2010_HLA2010_normal_grid_S0013_daily.csv
HLA,HLA,Hailun,2010,Leave_One_experiments\wth_generated_qc\HLA\HLA2010.WTH,normal_year;nitrogen_stress_year;low_response_year,normal,HLA2010_normal_grid_S0013,irrigation_positive_candidate,2010-05-15,135,16,11,"{""sim_day"": 16.0, ""doy"": 135.0, ""topwt"": 0.0, ""grnwt"": 0.0, ""xlai"": 0.0, ""totir"": 0.0, ""tofer"": NaN, ""swfac"": 0.0, ""nstres"": 0.0}",0.0,0.0,0.0,0.0,0.0,0.0,,0.0,0.0,30.0,150.0,9.051361083984377,21.05136108398437,Leave_One_experiments/all_year_offline_schedule_search/daily_outputs/HLA/HLA_2010_HLA2010_normal_grid_S0013_daily.csv
HLA,HLA,Hailun,2010,Leave_One_experiments\wth_generated_qc\HLA\HLA2010.WTH,normal_year;nitrogen_stress_year;low_response_year,normal,HLA2010_normal_grid_S0013,irrigation_positive_candidate,2010-05-16,136,17,12,"{""sim_day"": 17.0, ""doy"": 136.0, ""topwt"": 0.0, ""grnwt"": 0.0, ""xlai"": 0.0, ""totir"": 0.0, ""tofer"": NaN, ""swfac"": 0.0, ""nstres"": 0.0}",0.0,0.0,0.0,0.0,0.0,0.0,,0.0,0.0,30.0,150.0,9.051361083984377,21.05136108398437,Leave_One_experiments/all_year_offline_schedule_search/daily_outputs/HLA/HLA_2010_HLA2010_normal_grid_S0013_daily.csv
HLA,HLA,Hailun,2010,Leave_One_experiments\wth_generated_qc\HLA\HLA2010.WTH,normal_year;nitrogen_stress_year;low_response_year,normal,HLA2010_normal_grid_S0013,irrigation_positive_candidate,2010-05-17,137,18,13,"{""sim_day"": 18.0, ""doy"": 137.0, ""topwt"": 0.0, ""grnwt"": 0.0, ""xlai"": 0.0, ""totir"": 0.0, ""tofer"": NaN, ""swfac"": 0.0, ""nstres"": 0.0}",0.0,0.0,0.0,0.0,0.0,0.0,,0.0,0.0,30.0,150.0,9.051361083984377,21.05136108398437,Leave_One_experiments/all_year_offline_schedule_search/daily_outputs/HLA/HLA_2010_HLA2010_normal_grid_S0013_daily.csv
HLA,HLA,Hailun,2010,Leave_One_experiments\wth_generated_qc\HLA\HLA2010.WTH,normal_year;nitrogen_stress_year;low_response_year,normal,HLA2010_normal_grid_S0013,irrigation_positive_candidate,2010-05-18,138,19,14,"{""sim_day"": 19.0, ""doy"": 138.0, ""topwt"": 0.0, ""grnwt"": 0.0, ""xlai"": 0.0, ""totir"": 0.0, ""tofer"": NaN, ""swfac"": 0.0, ""nstres"": 0.0}",0.0,0.0,0.0,0.0,0.0,0.0,,0.0,0.0,30.0,150.0,9.051361083984377,21.05136108398437,Leave_One_experiments/all_year_offline_schedule_search/daily_outputs/HLA/HLA_2010_HLA2010_normal_grid_S0013_daily.csv
HLA,HLA,Hailun,2010,Leave_One_experiments\wth_generated_qc\HLA\HLA2010.WTH,normal_year;nitrogen_stress_year;low_response_year,normal,HLA2010_normal_grid_S0013,irrigation_positive_candidate,2010-05-19,139,20,15,"{""sim_day"": 20.0, ""doy"": 139.0, ""topwt"": 20.0, ""grnwt"": 0.0, ""xlai"": 0.0016260230913758, ""totir"": 0.0, ""tofer"": NaN, ""swfac"": 0.0, ""nstres"": 0.0121910572052001}",0.0,0.0121910572052001,20.0,0.0,0.0016260230913758,0.0,,0.0,0.0,30.0,150.0,9.051361083984377,21.05136108398437,Leave_One_experiments/all_year_offline_schedule_search/daily_outputs/HLA/HLA_2010_HLA2010_normal_grid_S0013_daily.csv
HLA,HLA,Hailun,2010,Leave_One_experiments\wth_generated_qc\HLA\HLA2010.WTH,normal_year;nitrogen_stress_year;low_response_year,normal,HLA2010_normal_grid_S0013,irrigation_positive_candidate,2010-05-20,140,21,16,"{""sim_day"": 21.0, ""doy"": 140.0, ""topwt"": 20.0, ""grnwt"": 0.0, ""xlai"": 0.0036296278703957, ""totir"": 0.0, ""tofer"": NaN, ""swfac"": 0.0, ""nstres"": 0.015815258026123}",0.0,0.015815258026123,20.0,0.0,0.0036296278703957,0.0,,0.0,0.0,30.0,150.0,9.051361083984377,21.05136108398437,Leave_One_experiments/all_year_offline_schedule_search/daily_outputs/HLA/HLA_2010_HLA2010_normal_grid_S0013_daily.csv
HLA,HLA,Hailun,2010,Leave_One_experiments\wth_generated_qc\HLA\HLA2010.WTH,normal_year;nitrogen_stress_year;low_response_year,normal,HLA2010_normal_grid_S0013,irrigation_positive_candidate,2010-05-21,141,22,17,"{""sim_day"": 22.0, ""doy"": 141.0, ""topwt"": 20.0, ""grnwt"": 0.0, ""xlai"": 0.0062292255461215, ""totir"": 0.0, ""tofer"": NaN, ""swfac"": 0.0, ""nstres"": 0.0106118917465209}",0.0,0.0106118917465209,20.0,0.0,0.0062292255461215,0.0,,0.0,0.0,30.0,150.0,9.051361083984377,21.05136108398437,Leave_One_experiments/all_year_offline_schedule_search/daily_outputs/HLA/HLA_2010_HLA2010_normal_grid_S0013_daily.csv
HLA,HLA,Hailun,2010,Leave_One_experiments\wth_generated_qc\HLA\HLA2010.WTH,normal_year;nitrogen_stress_year;low_response_year,normal,HLA2010_normal_grid_S0013,irrigation_positive_candidate,2010-05-22,142,23,18,"{""sim_day"": 23.0, ""doy"": 142.0, ""topwt"": 20.0, ""grnwt"": 0.0, ""xlai"": 0.0099282460287213, ""totir"": 0.0, ""tofer"": NaN, ""swfac"": 0.0, ""nstres"": 0.0041295289993286}",0.0,0.0041295289993286,20.0,0.0,0.0099282460287213,0.0,,0.0,0.0,30.0,150.0,9.051361083984377,21.05136108398437,Leave_One_experiments/all_year_offline_schedule_search/daily_outputs/HLA/HLA_2010_HLA2010_normal_grid_S0013_daily.csv
HLA,HLA,Hailun,2010,Leave_One_experiments\wth_generated_qc\HLA\HLA2010.WTH,normal_year;nitrogen_stress_year;low_response_year,normal,HLA2010_normal_grid_S0013,irrigation_positive_candidate,2010-05-23,143,24,19,"{""sim_day"": 24.0, ""doy"": 143.0, ""topwt"": 20.0, ""grnwt"": 0.0, ""xlai"": 0.0136507470160722, ""totir"": 0.0, ""tofer"": NaN, ""swfac"": 0.0, ""nstres"": 0.0}",0.0,0.0,20.0,0.0,0.0136507470160722,0.0,,0.0,0.0,30.0,150.0,9.051361083984377,21.05136108398437,Leave_One_experiments/all_year_offline_schedule_search/daily_outputs/HLA/HLA_2010_HLA2010_normal_grid_S0013_daily.csv
HLA,HLA,Hailun,2010,Leave_One_experiments\wth_generated_qc\HLA\HLA2010.WTH,normal_year;nitrogen_stress_year;low_response_year,normal,HLA2010_normal_grid_S0013,irrigation_positive_candidate,2010-05-24,144,25,20,"{""sim_day"": 25.0, ""doy"": 144.0, ""topwt"": 20.0, ""grnwt"": 0.0, ""xlai"": 0.024392195045948, ""totir"": 0.0, ""tofer"": NaN, ""swfac"": 0.0, ""nstres"": 0.0}",0.0,0.0,20.0,0.0,0.024392195045948,0.0,,0.0,0.0,30.0,150.0,9.051361083984377,21.05136108398437,Leave_One_experiments/all_year_offline_schedule_search/daily_outputs/HLA/HLA_2010_HLA2010_normal_grid_S0013_daily.csv
HLA,HLA,Hailun,2010,Leave_One_experiments\wth_generated_qc\HLA\HLA2010.WTH,normal_year;nitrogen_stress_year;low_response_year,normal,HLA2010_normal_grid_S0013,irrigation_positive_candidate,2010-05-25,145,26,21,"{""sim_day"": 26.0, ""doy"": 145.0, ""topwt"": 20.000770092010494, ""grnwt"": 0.0, ""xlai"": 0.0343328788876533, ""totir"": 0.0, ""tofer"": NaN, ""swfac"": 0.0, ""nstres"": 0.0}",0.0,0.0,20.000770092010494,0.0,0.0343328788876533,0.0,,0.0,0.0,30.0,150.0,9.051361083984377,21.05136108398437,Leave_One_experiments/all_year_offline_schedule_search/daily_outputs/HLA/HLA_2010_HLA2010_normal_grid_S0013_daily.csv
HLA,HLA,Hailun,2010,Leave_One_experiments\wth_generated_qc\HLA\HLA2010.WTH,normal_year;nitrogen_stress_year;low_response_year,normal,HLA2010_normal_grid_S0013,irrigation_positive_candidate,2010-05-26,146,27,22,"{""sim_day"": 27.0, ""doy"": 146.0, ""topwt"": 24.449524879455566, ""grnwt"": 0.0, ""xlai"": 0.0460404641926288, ""totir"": 0.0, ""tofer"": NaN, ""swfac"": 0.0, ""nstres"": 0.0}",0.0,0.0,24.449524879455566,0.0,0.0460404641926288,0.0,,0.0,0.0,30.0,150.0,9.051361083984377,21.05136108398437,Leave_One_experiments/all_year_offline_schedule_search/daily_outputs/HLA/HLA_2010_HLA2010_normal_grid_S0013_daily.csv
HLA,HLA,Hailun,2010,Leave_One_experiments\wth_generated_qc\HLA\HLA2010.WTH,normal_year;nitrogen_stress_year;low_response_year,normal,HLA2010_normal_grid_S0013,irrigation_positive_candidate,2010-05-27,147,28,23,"{""sim_day"": 28.0, ""doy"": 147.0, ""topwt"": 30.38031816482544, ""grnwt"": 0.0, ""xlai"": 0.0605551786720752, ""totir"": 0.0, ""tofer"": NaN, ""swfac"": 0.0, ""nstres"": 0.0}",0.0,0.0,30.38031816482544,0.0,0.0605551786720752,0.0,,0.0,0.0,30.0,150.0,9.051361083984377,21.05136108398437,Leave_One_experiments/all_year_offline_schedule_search/daily_outputs/HLA/HLA_2010_HLA2010_normal_grid_S0013_daily.csv
HLA,HLA,Hailun,2010,Leave_One_experiments\wth_generated_qc\HLA\HLA2010.WTH,normal_year;nitrogen_stress_year;low_response_year,normal,HLA2010_normal_grid_S0013,irrigation_positive_candidate,2010-05-28,148,29,24,"{""sim_day"": 29.0, ""doy"": 148.0, ""topwt"": 36.19903564453125, ""grnwt"": 0.0, ""xlai"": 0.0739615187048912, ""totir"": 0.0, ""tofer"": NaN, ""swfac"": 0.0, ""nstres"": 0.0}",0.0,0.0,36.19903564453125,0.0,0.0739615187048912,0.0,,0.0,0.0,30.0,150.0,9.051361083984377,21.05136108398437,Leave_One_experiments/all_year_offline_schedule_search/daily_outputs/HLA/HLA_2010_HLA2010_normal_grid_S0013_daily.csv
HLA,HLA,Hailun,2010,Leave_One_experiments\wth_generated_qc\HLA\HLA2010.WTH,normal_year;nitrogen_stress_year;low_response_year,normal,HLA2010_normal_grid_S0013,irrigation_positive_candidate,2010-05-29,149,30,25,"{""sim_day"": 30.0, ""doy"": 149.0, ""topwt"": 43.90178203582764, ""grnwt"": 0.0, ""xlai"": 0.0908004194498062, ""totir"": 0.0, ""tofer"": NaN, ""swfac"": 0.0, ""nstres"": 0.0}",0.0,0.0,43.90178203582764,0.0,0.0908004194498062,0.0,,0.0,0.0,30.0,150.0,9.051361083984377,21.05136108398437,Leave_One_experiments/all_year_offline_schedule_search/daily_outputs/HLA/HLA_2010_HLA2010_normal_grid_S0013_daily.csv
HLA,HLA,Hailun,2010,Leave_One_experiments\wth_generated_qc\HLA\HLA2010.WTH,normal_year;nitrogen_stress_year;low_response_year,normal,HLA2010_normal_grid_S0013,irrigation_positive_candidate,2010-05-30,150,31,26,"{""sim_day"": 31.0, ""doy"": 150.0, ""topwt"": 53.35020065307617, ""grnwt"": 0.0, ""xlai"": 0.1104078814387321, ""totir"": 0.0, ""tofer"": NaN, ""swfac"": 0.0, ""nstres"": 0.0}",0.0,0.0,53.35020065307617,0.0,0.1104078814387321,0.0,,0.0,0.0,30.0,150.0,9.051361083984377,21.05136108398437,Leave_One_experiments/all_year_offline_schedule_search/daily_outputs/HLA/HLA_2010_HLA2010_normal_grid_S0013_daily.csv
HLA,HLA,Hailun,2010,Leave_One_experiments\wth_generated_qc\HLA\HLA2010.WTH,normal_year;nitrogen_stress_year;low_response_year,normal,HLA2010_normal_grid_S0013,irrigation_positive_candidate,2010-05-31,151,32,27,"{""sim_day"": 32.0, ""doy"": 151.0, ""topwt"": 65.44796943664551, ""grnwt"": 0.0, ""xlai"": 0.134263664484024, ""totir"": 0.0, ""tofer"": NaN, ""swfac"": 0.0, ""nstres"": 0.0}",0.0,0.0,65.44796943664551,0.0,0.134263664484024,0.0,,0.0,0.0,30.0,150.0,9.051361083984377,21.05136108398437,Leave_One_experiments/all_year_offline_schedule_search/daily_outputs/HLA/HLA_2010_HLA2010_normal_grid_S0013_daily.csv
HLA,HLA,Hailun,2010,Leave_One_experiments\wth_generated_qc\HLA\HLA2010.WTH,normal_year;nitrogen_stress_year;low_response_year,normal,HLA2010_normal_grid_S0013,irrigation_positive_candidate,2010-06-01,152,33,28,"{""sim_day"": 33.0, ""doy"": 152.0, ""topwt"": 78.04328918457031, ""grnwt"": 0.0, ""xlai"": 0.157968521118164, ""totir"": 0.0, ""tofer"": NaN, ""swfac"": 0.0, ""nstres"": 0.0}",0.0,0.0,78.04328918457031,0.0,0.157968521118164,0.0,,0.0,0.0,30.0,150.0,9.051361083984377,21.05136108398437,Leave_One_experiments/all_year_offline_schedule_search/daily_outputs/HLA/HLA_2010_HLA2010_normal_grid_S0013_daily.csv
HLA,HLA,Hailun,2010,Leave_One_experiments\wth_generated_qc\HLA\HLA2010.WTH,normal_year;nitrogen_stress_year;low_response_year,normal,HLA2010_normal_grid_S0013,irrigation_positive_candidate,2010-06-02,153,34,29,"{""sim_day"": 34.0, ""doy"": 153.0, ""topwt"": 96.18047714233398, ""grnwt"": 0.0, ""xlai"": 0.1905628442764282, ""totir"": 0.0, ""tofer"": NaN, ""swfac"": 0.0, ""nstres"": 0.0}",0.0,0.0,96.18047714233398,0.0,0.1905628442764282,0.0,,0.0,0.0,30.0,150.0,9.051361083984377,21.05136108398437,Leave_One_experiments/all_year_offline_schedule_search/daily_outputs/HLA/HLA_2010_HLA2010_normal_grid_S0013_daily.csv
HLA,HLA,Hailun,2010,Leave_One_experiments\wth_generated_qc\HLA\HLA2010.WTH,normal_year;nitrogen_stress_year;low_response_year,normal,HLA2010_normal_grid_S0013,irrigation_positive_candidate,2010-06-03,154,35,30,"{""sim_day"": 35.0, ""doy"": 154.0, ""topwt"": 122.00984954833984, ""grnwt"": 0.0, ""xlai"": 0.2346143722534179, ""totir"": 0.0, ""tofer"": NaN, ""swfac"": 0.0, ""nstres"": 0.0}",0.0,0.0,122.00984954833984,0.0,0.2346143722534179,0.0,,0.0,50.0,30.0,150.0,9.051361083984377,21.05136108398437,Leave_One_experiments/all_year_offline_schedule_search/daily_outputs/HLA/HLA_2010_HLA2010_normal_grid_S0013_daily.csv
HLA,HLA,Hailun,2010,Leave_One_experiments\wth_generated_qc\HLA\HLA2010.WTH,normal_year;nitrogen_stress_year;low_response_year,normal,HLA2010_normal_grid_S0013,irrigation_positive_candidate,2010-06-04,155,36,31,"{""sim_day"": 36.0, ""doy"": 155.0, ""topwt"": 150.54750442504883, ""grnwt"": 0.0, ""xlai"": 0.2808573842048645, ""totir"": 0.0, ""tofer"": NaN, ""swfac"": 0.0, ""nstres"": 0.0}",0.0,0.0,150.54750442504883,0.0,0.2808573842048645,0.0,,0.0,0.0,30.0,150.0,9.051361083984377,21.05136108398437,Leave_One_experiments/all_year_offline_schedule_search/daily_outputs/HLA/HLA_2010_HLA2010_normal_grid_S0013_daily.csv
HLA,HLA,Hailun,2010,Leave_One_experiments\wth_generated_qc\HLA\HLA2010.WTH,normal_year;nitrogen_stress_year;low_response_year,normal,HLA2010_normal_grid_S0013,irrigation_positive_candidate,2010-06-05,156,37,32,"{""sim_day"": 37.0, ""doy"": 156.0, ""topwt"": 165.08094787597656, ""grnwt"": 0.0, ""xlai"": 0.3242900669574737, ""totir"": 0.0, ""tofer"": NaN, ""swfac"": 0.0, ""nstres"": 0.0}",0.0,0.0,165.08094787597656,0.0,0.3242900669574737,0.0,,0.0,0.0,30.0,150.0,9.051361083984377,21.05136108398437,Leave_One_experiments/all_year_offline_schedule_search/daily_outputs/HLA/HLA_2010_HLA2010_normal_grid_S0013_daily.csv
HLA,HLA,Hailun,2010,Leave_One_experiments\wth_generated_qc\HLA\HLA2010.WTH,normal_year;nitrogen_stress_year;low_response_year,normal,HLA2010_normal_grid_S0013,irrigation_positive_candidate,2010-06-06,157,38,33,"{""sim_day"": 38.0, ""doy"": 157.0, ""topwt"": 206.43104553222656, ""grnwt"": 0.0, ""xlai"": 0.3910947144031524, ""totir"": 0.0, ""tofer"": NaN, ""swfac"": 0.0, ""nstres"": 0.00494384765625}",0.0,0.00494384765625,206.43104553222656,0.0,0.3910947144031524,0.0,,0.0,0.0,30.0,150.0,9.051361083984377,21.05136108398437,Leave_One_experiments/all_year_offline_schedule_search/daily_outputs/HLA/HLA_2010_HLA2010_normal_grid_S0013_daily.csv
HLA,HLA,Hailun,2010,Leave_One_experiments\wth_generated_qc\HLA\HLA2010.WTH,normal_year;nitrogen_stress_year;low_response_year,normal,HLA2010_normal_grid_S0013,irrigation_positive_candidate,2010-06-07,158,39,34,"{""sim_day"": 39.0, ""doy"": 158.0, ""topwt"": 261.2980842590332, ""grnwt"": 0.0, ""xlai"": 0.4753307998180389, ""totir"": 0.0, ""tofer"": NaN, ""swfac"": 0.0, ""nstres"": 0.0}",0.0,0.0,261.2980842590332,0.0,0.4753307998180389,0.0,,0.0,0.0,30.0,150.0,9.051361083984377,21.05136108398437,Leave_One_experiments/all_year_offline_schedule_search/daily_outputs/HLA/HLA_2010_HLA2010_normal_grid_S0013_daily.csv
HLA,HLA,Hailun,2010,Leave_One_experiments\wth_generated_qc\HLA\HLA2010.WTH,normal_year;nitrogen_stress_year;low_response_year,normal,HLA2010_normal_grid_S0013,irrigation_positive_candidate,2010-06-08,159,40,35,"{""sim_day"": 40.0, ""doy"": 159.0, ""topwt"": 313.3216094970703, ""grnwt"": 0.0, ""xlai"": 0.5516235828399658, ""totir"": 0.0, ""tofer"": NaN, ""swfac"": 0.0, ""nstres"": 0.0}",0.0,0.0,313.3216094970703,0.0,0.5516235828399658,0.0,,0.0,0.0,30.0,150.0,9.051361083984377,21.05136108398437,Leave_One_experiments/all_year_offline_schedule_search/daily_outputs/HLA/HLA_2010_HLA2010_normal_grid_S0013_daily.csv
HLA,HLA,Hailun,2010,Leave_One_experiments\wth_generated_qc\HLA\HLA2010.WTH,normal_year;nitrogen_stress_year;low_response_year,normal,HLA2010_normal_grid_S0013,irrigation_positive_candidate,2010-06-09,160,41,36,"{""sim_day"": 41.0, ""doy"": 160.0, ""topwt"": 386.2626647949219, ""grnwt"": 0.0, ""xlai"": 0.6540751457214355, ""totir"": 0.0, ""tofer"": NaN, ""swfac"": 0.0, ""nstres"": 0.0}",0.0,0.0,386.2626647949219,0.0,0.6540751457214355,0.0,,0.0,0.0,30.0,150.0,9.051361083984377,21.05136108398437,Leave_One_experiments/all_year_offline_schedule_search/daily_outputs/HLA/HLA_2010_HLA2010_normal_grid_S0013_daily.csv
HLA,HLA,Hailun,2010,Leave_One_experiments\wth_generated_qc\HLA\HLA2010.WTH,normal_year;nitrogen_stress_year;low_response_year,normal,HLA2010_normal_grid_S0013,irrigation_positive_candidate,2010-06-10,161,42,37,"{""sim_day"": 42.0, ""doy"": 161.0, ""topwt"": 472.3827362060547, ""grnwt"": 0.0, ""xlai"": 0.7697051763534546, ""totir"": 0.0, ""tofer"": NaN, ""swfac"": 0.0, ""nstres"": 0.0}",0.0,0.0,472.3827362060547,0.0,0.7697051763534546,0.0,,0.0,0.0,30.0,150.0,9.051361083984377,21.05136108398437,Leave_One_experiments/all_year_offline_schedule_search/daily_outputs/HLA/HLA_2010_HLA2010_normal_grid_S0013_daily.csv
HLA,HLA,Hailun,2010,Leave_One_experiments\wth_generated_qc\HLA\HLA2010.WTH,normal_year;nitrogen_stress_year;low_response_year,normal,HLA2010_normal_grid_S0013,irrigation_positive_candidate,2010-06-11,162,43,38,"{""sim_day"": 43.0, ""doy"": 162.0, ""topwt"": 537.2871780395508, ""grnwt"": 0.0, ""xlai"": 0.8537625670433044, ""totir"": 0.0, ""tofer"": NaN, ""swfac"": 0.0, ""nstres"": 0.0}",0.0,0.0,537.2871780395508,0.0,0.8537625670433044,0.0,,0.0,0.0,30.0,150.0,9.051361083984377,21.05136108398437,Leave_One_experiments/all_year_offline_schedule_search/daily_outputs/HLA/HLA_2010_HLA2010_normal_grid_S0013_daily.csv
HLA,HLA,Hailun,2010,Leave_One_experiments\wth_generated_qc\HLA\HLA2010.WTH,normal_year;nitrogen_stress_year;low_response_year,normal,HLA2010_normal_grid_S0013,irrigation_positive_candidate,2010-06-12,163,44,39,"{""sim_day"": 44.0, ""doy"": 163.0, ""topwt"": 611.8616104125977, ""grnwt"": 0.0, ""xlai"": 0.9446341395378112, ""totir"": 0.0, ""tofer"": NaN, ""swfac"": 0.0, ""nstres"": 0.0}",0.0,0.0,611.8616104125977,0.0,0.9446341395378112,0.0,,0.0,0.0,30.0,150.0,9.051361083984377,21.05136108398437,Leave_One_experiments/all_year_offline_schedule_search/daily_outputs/HLA/HLA_2010_HLA2010_normal_grid_S0013_daily.csv
HLA,HLA,Hailun,2010,Leave_One_experiments\wth_generated_qc\HLA\HLA2010.WTH,normal_year;nitrogen_stress_year;low_response_year,normal,HLA2010_normal_grid_S0013,irrigation_positive_candidate,2010-06-13,164,45,40,"{""sim_day"": 45.0, ""doy"": 164.0, ""topwt"": 707.1526336669922, ""grnwt"": 0.0, ""xlai"": 1.0651590824127195, ""totir"": 0.0, ""tofer"": NaN, ""swfac"": 0.0, ""nstres"": 0.0}",0.0,0.0,707.1526336669922,0.0,1.0651590824127195,0.0,,0.0,0.0,30.0,150.0,9.051361083984377,21.05136108398437,Leave_One_experiments/all_year_offline_schedule_search/daily_outputs/HLA/HLA_2010_HLA2010_normal_grid_S0013_daily.csv
HLA,HLA,Hailun,2010,Leave_One_experiments\wth_generated_qc\HLA\HLA2010.WTH,normal_year;nitrogen_stress_year;low_response_year,normal,HLA2010_normal_grid_S0013,irrigation_positive_candidate,2010-06-14,165,46,41,"{""sim_day"": 46.0, ""doy"": 165.0, ""topwt"": 794.0933990478516, ""grnwt"": 0.0, ""xlai"": 1.170952558517456, ""totir"": 0.0, ""tofer"": NaN, ""swfac"": 0.0, ""nstres"": 0.0}",0.0,0.0,794.0933990478516,0.0,1.170952558517456,0.0,,0.0,0.0,30.0,150.0,9.051361083984377,21.05136108398437,Leave_One_experiments/all_year_offline_schedule_search/daily_outputs/HLA/HLA_2010_HLA2010_normal_grid_S0013_daily.csv
HLA,HLA,Hailun,2010,Leave_One_experiments\wth_generated_qc\HLA\HLA2010.WTH,normal_year;nitrogen_stress_year;low_response_year,normal,HLA2010_normal_grid_S0013,irrigation_positive_candidate,2010-06-15,166,47,42,"{""sim_day"": 47.0, ""doy"": 166.0, ""topwt"": 885.2215576171875, ""grnwt"": 0.0, ""xlai"": 1.277564287185669, ""totir"": 0.0, ""tofer"": NaN, ""swfac"": 0.0, ""nstres"": 0.0}",0.0,0.0,885.2215576171875,0.0,1.277564287185669,0.0,,0.0,0.0,30.0,150.0,9.051361083984377,21.05136108398437,Leave_One_experiments/all_year_offline_schedule_search/daily_outputs/HLA/HLA_2010_HLA2010_normal_grid_S0013_daily.csv
HLA,HLA,Hailun,2010,Leave_One_experiments\wth_generated_qc\HLA\HLA2010.WTH,normal_year;nitrogen_stress_year;low_response_year,normal,HLA2010_normal_grid_S0013,irrigation_positive_candidate,2010-06-16,167,48,43,"{""sim_day"": 48.0, ""doy"": 167.0, ""topwt"": 985.6999206542968, ""grnwt"": 0.0, ""xlai"": 1.3900914192199707, ""totir"": 0.0, ""tofer"": NaN, ""swfac"": 0.0, ""nstres"": 0.0}",0.0,0.0,985.6999206542968,0.0,1.3900914192199707,0.0,,0.0,0.0,30.0,150.0,9.051361083984377,21.05136108398437,Leave_One_experiments/all_year_offline_schedule_search/daily_outputs/HLA/HLA_2010_HLA2010_normal_grid_S0013_daily.csv
HLA,HLA,Hailun,2010,Leave_One_experiments\wth_generated_qc\HLA\HLA2010.WTH,normal_year;nitrogen_stress_year;low_response_year,normal,HLA2010_normal_grid_S0013,irrigation_positive_candidate,2010-06-17,168,49,44,"{""sim_day"": 49.0, ""doy"": 168.0, ""topwt"": 1106.0604858398438, ""grnwt"": 0.0, ""xlai"": 1.5180214643478394, ""totir"": 0.0, ""tofer"": NaN, ""swfac"": 0.0, ""nstres"": 0.0}",0.0,0.0,1106.0604858398438,0.0,1.5180214643478394,0.0,,0.0,0.0,30.0,150.0,9.051361083984377,21.05136108398437,Leave_One_experiments/all_year_offline_schedule_search/daily_outputs/HLA/HLA_2010_HLA2010_normal_grid_S0013_daily.csv
HLA,HLA,Hailun,2010,Leave_One_experiments\wth_generated_qc\HLA\HLA2010.WTH,normal_year;nitrogen_stress_year;low_response_year,normal,HLA2010_normal_grid_S0013,irrigation_positive_candidate,2010-06-18,169,50,45,"{""sim_day"": 50.0, ""doy"": 169.0, ""topwt"": 1243.1331634521484, ""grnwt"": 0.0, ""xlai"": 1.6551673412322998, ""totir"": 0.0, ""tofer"": NaN, ""swfac"": 0.0, ""nstres"": 0.0}",0.0,0.0,1243.1331634521484,0.0,1.6551673412322998,0.0,,0.0,0.0,30.0,150.0,9.051361083984377,21.05136108398437,Leave_One_experiments/all_year_offline_schedule_search/daily_outputs/HLA/HLA_2010_HLA2010_normal_grid_S0013_daily.csv
HLA,HLA,Hailun,2010,Leave_One_experiments\wth_generated_qc\HLA\HLA2010.WTH,normal_year;nitrogen_stress_year;low_response_year,normal,HLA2010_normal_grid_S0013,irrigation_positive_candidate,2010-06-19,170,51,46,"{""sim_day"": 51.0, ""doy"": 170.0, ""topwt"": 1326.1395263671875, ""grnwt"": 0.0, ""xlai"": 1.7348361015319824, ""totir"": 0.0, ""tofer"": NaN, ""swfac"": 0.0, ""nstres"": 0.0}",0.0,0.0,1326.1395263671875,0.0,1.7348361015319824,0.0,,0.0,0.0,30.0,150.0,9.051361083984377,21.05136108398437,Leave_One_experiments/all_year_offline_schedule_search/daily_outputs/HLA/HLA_2010_HLA2010_normal_grid_S0013_daily.csv
HLA,HLA,Hailun,2010,Leave_One_experiments\wth_generated_qc\HLA\HLA2010.WTH,normal_year;nitrogen_stress_year;low_response_year,normal,HLA2010_normal_grid_S0013,irrigation_positive_candidate,2010-06-20,171,52,47,"{""sim_day"": 52.0, ""doy"": 171.0, ""topwt"": 1384.626922607422, ""grnwt"": 0.0, ""xlai"": 1.789421796798706, ""totir"": 0.0, ""tofer"": NaN, ""swfac"": 0.0, ""nstres"": 0.0}",0.0,0.0,1384.626922607422,0.0,1.789421796798706,0.0,,0.0,0.0,30.0,150.0,9.051361083984377,21.05136108398437,Leave_One_experiments/all_year_offline_schedule_search/daily_outputs/HLA/HLA_2010_HLA2010_normal_grid_S0013_daily.csv
HLA,HLA,Hailun,2010,Leave_One_experiments\wth_generated_qc\HLA\HLA2010.WTH,normal_year;nitrogen_stress_year;low_response_year,normal,HLA2010_normal_grid_S0013,irrigation_positive_candidate,2010-06-21,172,53,48,"{""sim_day"": 53.0, ""doy"": 172.0, ""topwt"": 1468.9637756347656, ""grnwt"": 0.0, ""xlai"": 1.865419626235962, ""totir"": 0.0, ""tofer"": NaN, ""swfac"": 0.0, ""nstres"": 0.0}",0.0,0.0,1468.9637756347656,0.0,1.865419626235962,0.0,,0.0,0.0,30.0,150.0,9.051361083984377,21.05136108398437,Leave_One_experiments/all_year_offline_schedule_search/daily_outputs/HLA/HLA_2010_HLA2010_normal_grid_S0013_daily.csv
HLA,HLA,Hailun,2010,Leave_One_experiments\wth_generated_qc\HLA\HLA2010.WTH,normal_year;nitrogen_stress_year;low_response_year,normal,HLA2010_normal_grid_S0013,irrigation_positive_candidate,2010-06-22,173,54,49,"{""sim_day"": 54.0, ""doy"": 173.0, ""topwt"": 1608.2609558105469, ""grnwt"": 0.0, ""xlai"": 1.984091520309448, ""totir"": 0.0, ""tofer"": NaN, ""swfac"": 0.0, ""nstres"": 0.0}",0.0,0.0,1608.2609558105469,0.0,1.984091520309448,0.0,,0.0,0.0,30.0,150.0,9.051361083984377,21.05136108398437,Leave_One_experiments/all_year_offline_schedule_search/daily_outputs/HLA/HLA_2010_HLA2010_normal_grid_S0013_daily.csv
HLA,HLA,Hailun,2010,Leave_One_experiments\wth_generated_qc\HLA\HLA2010.WTH,normal_year;nitrogen_stress_year;low_response_year,normal,HLA2010_normal_grid_S0013,irrigation_positive_candidate,2010-06-23,174,55,50,"{""sim_day"": 55.0, ""doy"": 174.0, ""topwt"": 1793.4486389160156, ""grnwt"": 0.0, ""xlai"": 2.1306405067443848, ""totir"": 0.0, ""tofer"": NaN, ""swfac"": 0.0, ""nstres"": 0.0}",0.0,0.0,1793.4486389160156,0.0,2.1306405067443848,0.0,,0.0,0.0,30.0,150.0,9.051361083984377,21.05136108398437,Leave_One_experiments/all_year_offline_schedule_search/daily_outputs/HLA/HLA_2010_HLA2010_normal_grid_S0013_daily.csv
HLA,HLA,Hailun,2010,Leave_One_experiments\wth_generated_qc\HLA\HLA2010.WTH,normal_year;nitrogen_stress_year;low_response_year,normal,HLA2010_normal_grid_S0013,irrigation_positive_candidate,2010-06-24,175,56,51,"{""sim_day"": 56.0, ""doy"": 175.0, ""topwt"": 1989.0673828125, ""grnwt"": 0.0, ""xlai"": 2.2740957736968994, ""totir"": 0.0, ""tofer"": NaN, ""swfac"": 0.0, ""nstres"": 0.0}",0.0,0.0,1989.0673828125,0.0,2.2740957736968994,0.0,,0.0,0.0,30.0,150.0,9.051361083984377,21.05136108398437,Leave_One_experiments/all_year_offline_schedule_search/daily_outputs/HLA/HLA_2010_HLA2010_normal_grid_S0013_daily.csv
HLA,HLA,Hailun,2010,Leave_One_experiments\wth_generated_qc\HLA\HLA2010.WTH,normal_year;nitrogen_stress_year;low_response_year,normal,HLA2010_normal_grid_S0013,irrigation_positive_candidate,2010-06-25,176,57,52,"{""sim_day"": 57.0, ""doy"": 176.0, ""topwt"": 2210.2525329589844, ""grnwt"": 0.0, ""xlai"": 2.423792600631714, ""totir"": 0.0, ""tofer"": NaN, ""swfac"": 0.0, ""nstres"": 0.0}",0.0,0.0,2210.2525329589844,0.0,2.423792600631714,0.0,,0.0,0.0,30.0,150.0,9.051361083984377,21.05136108398437,Leave_One_experiments/all_year_offline_schedule_search/daily_outputs/HLA/HLA_2010_HLA2010_normal_grid_S0013_daily.csv
HLA,HLA,Hailun,2010,Leave_One_experiments\wth_generated_qc\HLA\HLA2010.WTH,normal_year;nitrogen_stress_year;low_response_year,normal,HLA2010_normal_grid_S0013,irrigation_positive_candidate,2010-06-26,177,58,53,"{""sim_day"": 58.0, ""doy"": 177.0, ""topwt"": 2446.520233154297, ""grnwt"": 0.0, ""xlai"": 2.571338653564453, ""totir"": 0.0, ""tofer"": NaN, ""swfac"": 0.0, ""nstres"": 0.0}",0.0,0.0,2446.520233154297,0.0,2.571338653564453,0.0,,0.0,0.0,30.0,150.0,9.051361083984377,21.05136108398437,Leave_One_experiments/all_year_offline_schedule_search/daily_outputs/HLA/HLA_2010_HLA2010_normal_grid_S0013_daily.csv
HLA,HLA,Hailun,2010,Leave_One_experiments\wth_generated_qc\HLA\HLA2010.WTH,normal_year;nitrogen_stress_year;low_response_year,normal,HLA2010_normal_grid_S0013,irrigation_positive_candidate,2010-06-27,178,59,54,"{""sim_day"": 59.0, ""doy"": 178.0, ""topwt"": 2690.982360839844, ""grnwt"": 0.0, ""xlai"": 2.7126054763793945, ""totir"": 0.0, ""tofer"": NaN, ""swfac"": 0.0, ""nstres"": 0.0}",0.0,0.0,2690.982360839844,0.0,2.7126054763793945,0.0,,0.0,0.0,30.0,150.0,9.051361083984377,21.05136108398437,Leave_One_experiments/all_year_offline_schedule_search/daily_outputs/HLA/HLA_2010_HLA2010_normal_grid_S0013_daily.csv
HLA,HLA,Hailun,2010,Leave_One_experiments\wth_generated_qc\HLA\HLA2010.WTH,normal_year;nitrogen_stress_year;low_response_year,normal,HLA2010_normal_grid_S0013,irrigation_positive_candidate,2010-06-28,179,60,55,"{""sim_day"": 60.0, ""doy"": 179.0, ""topwt"": 2925.509033203125, ""grnwt"": 0.0, ""xlai"": 2.83514404296875, ""totir"": 0.0, ""tofer"": NaN, ""swfac"": 0.0, ""nstres"": 0.010298728942871}",0.0,0.010298728942871,2925.509033203125,0.0,2.83514404296875,0.0,,0.0,0.0,30.0,150.0,9.051361083984377,21.05136108398437,Leave_One_experiments/all_year_offline_schedule_search/daily_outputs/HLA/HLA_2010_HLA2010_normal_grid_S0013_daily.csv
HLA,HLA,Hailun,2010,Leave_One_experiments\wth_generated_qc\HLA\HLA2010.WTH,normal_year;nitrogen_stress_year;low_response_year,normal,HLA2010_normal_grid_S0013,irrigation_positive_candidate,2010-06-29,180,61,56,"{""sim_day"": 61.0, ""doy"": 180.0, ""topwt"": 3157.862548828125, ""grnwt"": 0.0, ""xlai"": 2.939915895462036, ""totir"": 0.0, ""tofer"": NaN, ""swfac"": 0.0, ""nstres"": 0.0323423147201538}",0.0,0.0323423147201538,3157.862548828125,0.0,2.939915895462036,0.0,,0.0,0.0,30.0,150.0,9.051361083984377,21.05136108398437,Leave_One_experiments/all_year_offline_schedule_search/daily_outputs/HLA/HLA_2010_HLA2010_normal_grid_S0013_daily.csv
HLA,HLA,Hailun,2010,Leave_One_experiments\wth_generated_qc\HLA\HLA2010.WTH,normal_year;nitrogen_stress_year;low_response_year,normal,HLA2010_normal_grid_S0013,irrigation_positive_candidate,2010-06-30,181,62,57,"{""sim_day"": 62.0, ""doy"": 181.0, ""topwt"": 3392.304992675781, ""grnwt"": 0.0, ""xlai"": 3.027915477752685, ""totir"": 0.0, ""tofer"": NaN, ""swfac"": 0.0, ""nstres"": 0.0576045513153076}",0.0,0.0576045513153076,3392.304992675781,0.0,3.027915477752685,0.0,,0.0,0.0,30.0,150.0,9.051361083984377,21.05136108398437,Leave_One_experiments/all_year_offline_schedule_search/daily_outputs/HLA/HLA_2010_HLA2010_normal_grid_S0013_daily.csv
HLA,HLA,Hailun,2010,Leave_One_experiments\wth_generated_qc\HLA\HLA2010.WTH,normal_year;nitrogen_stress_year;low_response_year,normal,HLA2010_normal_grid_S0013,irrigation_positive_candidate,2010-07-01,182,63,58,"{""sim_day"": 63.0, ""doy"": 182.0, ""topwt"": 3608.448486328125, ""grnwt"": 0.0, ""xlai"": 3.08990740776062, ""totir"": 0.0, ""tofer"": NaN, ""swfac"": 0.0, ""nstres"": 0.0848206281661987}",0.0,0.0848206281661987,3608.448486328125,0.0,3.08990740776062,0.0,,0.0,0.0,30.0,150.0,9.051361083984377,21.05136108398437,Leave_One_experiments/all_year_offline_schedule_search/daily_outputs/HLA/HLA_2010_HLA2010_normal_grid_S0013_daily.csv
HLA,HLA,Hailun,2010,Leave_One_experiments\wth_generated_qc\HLA\HLA2010.WTH,normal_year;nitrogen_stress_year;low_response_year,normal,HLA2010_normal_grid_S0013,irrigation_positive_candidate,2010-07-02,183,64,59,"{""sim_day"": 64.0, ""doy"": 183.0, ""topwt"": 3830.04150390625, ""grnwt"": 0.0, ""xlai"": 3.138108968734741, ""totir"": 0.0, ""tofer"": NaN, ""swfac"": 0.0, ""nstres"": 0.1086407899856567}",0.0,0.1086407899856567,3830.04150390625,0.0,3.138108968734741,0.0,,0.0,0.0,30.0,150.0,9.051361083984377,21.05136108398437,Leave_One_experiments/all_year_offline_schedule_search/daily_outputs/HLA/HLA_2010_HLA2010_normal_grid_S0013_daily.csv
HLA,HLA,Hailun,2010,Leave_One_experiments\wth_generated_qc\HLA\HLA2010.WTH,normal_year;nitrogen_stress_year;low_response_year,normal,HLA2010_normal_grid_S0013,irrigation_positive_candidate,2010-07-03,184,65,60,"{""sim_day"": 65.0, ""doy"": 184.0, ""topwt"": 3977.730712890625, ""grnwt"": 0.0, ""xlai"": 3.144587755203247, ""totir"": 0.0, ""tofer"": NaN, ""swfac"": 0.0, ""nstres"": 0.1284835934638977}",0.0,0.1284835934638977,3977.730712890625,0.0,3.144587755203247,0.0,,0.0,50.0,30.0,150.0,9.051361083984377,21.05136108398437,Leave_One_experiments/all_year_offline_schedule_search/daily_outputs/HLA/HLA_2010_HLA2010_normal_grid_S0013_daily.csv
HLA,HLA,Hailun,2010,Leave_One_experiments\wth_generated_qc\HLA\HLA2010.WTH,normal_year;nitrogen_stress_year;low_response_year,normal,HLA2010_normal_grid_S0013,irrigation_positive_candidate,2010-07-04,185,66,61,"{""sim_day"": 66.0, ""doy"": 185.0, ""topwt"": 4189.569396972656, ""grnwt"": 0.0, ""xlai"": 3.217519044876098, ""totir"": 0.0, ""tofer"": NaN, ""swfac"": 0.0, ""nstres"": 0.0164978504180908}",0.0,0.0164978504180908,4189.569396972656,0.0,3.217519044876098,0.0,,0.0,0.0,30.0,150.0,9.051361083984377,21.05136108398437,Leave_One_experiments/all_year_offline_schedule_search/daily_outputs/HLA/HLA_2010_HLA2010_normal_grid_S0013_daily.csv
HLA,HLA,Hailun,2010,Leave_One_experiments\wth_generated_qc\HLA\HLA2010.WTH,normal_year;nitrogen_stress_year;low_response_year,normal,HLA2010_normal_grid_S0013,irrigation_positive_candidate,2010-07-05,186,67,62,"{""sim_day"": 67.0, ""doy"": 186.0, ""topwt"": 4385.2581787109375, ""grnwt"": 0.0, ""xlai"": 3.288308620452881, ""totir"": 0.0, ""tofer"": NaN, ""swfac"": 0.0, ""nstres"": 0.0}",0.0,0.0,4385.2581787109375,0.0,3.288308620452881,0.0,,0.0,0.0,30.0,150.0,9.051361083984377,21.05136108398437,Leave_One_experiments/all_year_offline_schedule_search/daily_outputs/HLA/HLA_2010_HLA2010_normal_grid_S0013_daily.csv
HLA,HLA,Hailun,2010,Leave_One_experiments\wth_generated_qc\HLA\HLA2010.WTH,normal_year;nitrogen_stress_year;low_response_year,normal,HLA2010_normal_grid_S0013,irrigation_positive_candidate,2010-07-06,187,68,63,"{""sim_day"": 68.0, ""doy"": 187.0, ""topwt"": 4633.3245849609375, ""grnwt"": 0.0, ""xlai"": 3.428231239318848, ""totir"": 0.0, ""tofer"": NaN, ""swfac"": 0.0, ""nstres"": 0.0}",0.0,0.0,4633.3245849609375,0.0,3.428231239318848,0.0,,0.0,0.0,30.0,150.0,9.051361083984377,21.05136108398437,Leave_One_experiments/all_year_offline_schedule_search/daily_outputs/HLA/HLA_2010_HLA2010_normal_grid_S0013_daily.csv
HLA,HLA,Hailun,2010,Leave_One_experiments\wth_generated_qc\HLA\HLA2010.WTH,normal_year;nitrogen_stress_year;low_response_year,normal,HLA2010_normal_grid_S0013,irrigation_positive_candidate,2010-07-07,188,69,64,"{""sim_day"": 69.0, ""doy"": 188.0, ""topwt"": 4917.6763916015625, ""grnwt"": 0.0, ""xlai"": 3.557176113128662, ""totir"": 0.0, ""tofer"": NaN, ""swfac"": 0.0, ""nstres"": 0.0}",0.0,0.0,4917.6763916015625,0.0,3.557176113128662,0.0,,0.0,0.0,30.0,150.0,9.051361083984377,21.05136108398437,Leave_One_experiments/all_year_offline_schedule_search/daily_outputs/HLA/HLA_2010_HLA2010_normal_grid_S0013_daily.csv
HLA,HLA,Hailun,2010,Leave_One_experiments\wth_generated_qc\HLA\HLA2010.WTH,normal_year;nitrogen_stress_year;low_response_year,normal,HLA2010_normal_grid_S0013,irrigation_positive_candidate,2010-07-08,189,70,65,"{""sim_day"": 70.0, ""doy"": 189.0, ""topwt"": 5210.6640625, ""grnwt"": 0.0, ""xlai"": 3.669719934463501, ""totir"": 30.0, ""tofer"": NaN, ""swfac"": 0.0, ""nstres"": 0.0038779973983764}",0.0,0.0038779973983764,5210.6640625,0.0,3.669719934463501,30.0,,30.0,0.0,30.0,150.0,9.051361083984377,21.05136108398437,Leave_One_experiments/all_year_offline_schedule_search/daily_outputs/HLA/HLA_2010_HLA2010_normal_grid_S0013_daily.csv
HLA,HLA,Hailun,2010,Leave_One_experiments\wth_generated_qc\HLA\HLA2010.WTH,normal_year;nitrogen_stress_year;low_response_year,normal,HLA2010_normal_grid_S0013,irrigation_positive_candidate,2010-07-09,190,71,66,"{""sim_day"": 71.0, ""doy"": 190.0, ""topwt"": 5463.13232421875, ""grnwt"": 0.0, ""xlai"": 3.746024608612061, ""totir"": 30.0, ""tofer"": NaN, ""swfac"": 0.0, ""nstres"": 0.0264080166816711}",0.0,0.0264080166816711,5463.13232421875,0.0,3.746024608612061,30.0,,0.0,0.0,30.0,150.0,9.051361083984377,21.05136108398437,Leave_One_experiments/all_year_offline_schedule_search/daily_outputs/HLA/HLA_2010_HLA2010_normal_grid_S0013_daily.csv
HLA,HLA,Hailun,2010,Leave_One_experiments\wth_generated_qc\HLA\HLA2010.WTH,normal_year;nitrogen_stress_year;low_response_year,normal,HLA2010_normal_grid_S0013,irrigation_positive_candidate,2010-07-10,191,72,67,"{""sim_day"": 72.0, ""doy"": 191.0, ""topwt"": 5705.343017578125, ""grnwt"": 0.0, ""xlai"": 3.801898717880249, ""totir"": 30.0, ""tofer"": NaN, ""swfac"": 0.0, ""nstres"": 0.0463325977325439}",0.0,0.0463325977325439,5705.343017578125,0.0,3.801898717880249,30.0,,0.0,0.0,30.0,150.0,9.051361083984377,21.05136108398437,Leave_One_experiments/all_year_offline_schedule_search/daily_outputs/HLA/HLA_2010_HLA2010_normal_grid_S0013_daily.csv
HLA,HLA,Hailun,2010,Leave_One_experiments\wth_generated_qc\HLA\HLA2010.WTH,normal_year;nitrogen_stress_year;low_response_year,normal,HLA2010_normal_grid_S0013,irrigation_positive_candidate,2010-07-11,192,73,68,"{""sim_day"": 73.0, ""doy"": 192.0, ""topwt"": 5927.686767578125, ""grnwt"": 0.0, ""xlai"": 3.8393030166625977, ""totir"": 30.0, ""tofer"": NaN, ""swfac"": 0.0, ""nstres"": 0.0606036782264709}",0.0,0.0606036782264709,5927.686767578125,0.0,3.8393030166625977,30.0,,0.0,0.0,30.0,150.0,9.051361083984377,21.05136108398437,Leave_One_experiments/all_year_offline_schedule_search/daily_outputs/HLA/HLA_2010_HLA2010_normal_grid_S0013_daily.csv
HLA,HLA,Hailun,2010,Leave_One_experiments\wth_generated_qc\HLA\HLA2010.WTH,normal_year;nitrogen_stress_year;low_response_year,normal,HLA2010_normal_grid_S0013,irrigation_positive_candidate,2010-07-12,193,74,69,"{""sim_day"": 74.0, ""doy"": 193.0, ""topwt"": 6146.3323974609375, ""grnwt"": 0.0, ""xlai"": 3.865781545639038, ""totir"": 30.0, ""tofer"": NaN, ""swfac"": 0.0, ""nstres"": 0.0720304250717163}",0.0,0.0720304250717163,6146.3323974609375,0.0,3.865781545639038,30.0,,0.0,0.0,30.0,150.0,9.051361083984377,21.05136108398437,Leave_One_experiments/all_year_offline_schedule_search/daily_outputs/HLA/HLA_2010_HLA2010_normal_grid_S0013_daily.csv
HLA,HLA,Hailun,2010,Leave_One_experiments\wth_generated_qc\HLA\HLA2010.WTH,normal_year;nitrogen_stress_year;low_response_year,normal,HLA2010_normal_grid_S0013,irrigation_positive_candidate,2010-07-13,194,75,70,"{""sim_day"": 75.0, ""doy"": 194.0, ""topwt"": 6332.55859375, ""grnwt"": 0.0, ""xlai"": 3.876276969909668, ""totir"": 30.0, ""tofer"": NaN, ""swfac"": 0.0, ""nstres"": 0.0805025100708007}",0.0,0.0805025100708007,6332.55859375,0.0,3.876276969909668,30.0,,0.0,0.0,30.0,150.0,9.051361083984377,21.05136108398437,Leave_One_experiments/all_year_offline_schedule_search/daily_outputs/HLA/HLA_2010_HLA2010_normal_grid_S0013_daily.csv
HLA,HLA,Hailun,2010,Leave_One_experiments\wth_generated_qc\HLA\HLA2010.WTH,normal_year;nitrogen_stress_year;low_response_year,normal,HLA2010_normal_grid_S0013,irrigation_positive_candidate,2010-07-14,195,76,71,"{""sim_day"": 76.0, ""doy"": 195.0, ""topwt"": 6533.526611328125, ""grnwt"": 0.0, ""xlai"": 3.8850929737091056, ""totir"": 30.0, ""tofer"": NaN, ""swfac"": 0.0, ""nstres"": 0.0865455865859985}",0.0,0.0865455865859985,6533.526611328125,0.0,3.8850929737091056,30.0,,0.0,0.0,30.0,150.0,9.051361083984377,21.05136108398437,Leave_One_experiments/all_year_offline_schedule_search/daily_outputs/HLA/HLA_2010_HLA2010_normal_grid_S0013_daily.csv
HLA,HLA,Hailun,2010,Leave_One_experiments\wth_generated_qc\HLA\HLA2010.WTH,normal_year;nitrogen_stress_year;low_response_year,normal,HLA2010_normal_grid_S0013,irrigation_positive_candidate,2010-07-15,196,77,72,"{""sim_day"": 77.0, ""doy"": 196.0, ""topwt"": 6596.7333984375, ""grnwt"": 0.0, ""xlai"": 3.856039047241211, ""totir"": 30.0, ""tofer"": NaN, ""swfac"": 0.0, ""nstres"": 0.0908011198043823}",0.0,0.0908011198043823,6596.7333984375,0.0,3.856039047241211,30.0,,0.0,0.0,30.0,150.0,9.051361083984377,21.05136108398437,Leave_One_experiments/all_year_offline_schedule_search/daily_outputs/HLA/HLA_2010_HLA2010_normal_grid_S0013_daily.csv
HLA,HLA,Hailun,2010,Leave_One_experiments\wth_generated_qc\HLA\HLA2010.WTH,normal_year;nitrogen_stress_year;low_response_year,normal,HLA2010_normal_grid_S0013,irrigation_positive_candidate,2010-07-16,197,78,73,"{""sim_day"": 78.0, ""doy"": 197.0, ""topwt"": 6793.21533203125, ""grnwt"": 0.0, ""xlai"": 3.855890989303589, ""totir"": 30.0, ""tofer"": NaN, ""swfac"": 0.0, ""nstres"": 0.0951887369155883}",0.0,0.0951887369155883,6793.21533203125,0.0,3.855890989303589,30.0,,0.0,0.0,30.0,150.0,9.051361083984377,21.05136108398437,Leave_One_experiments/all_year_offline_schedule_search/daily_outputs/HLA/HLA_2010_HLA2010_normal_grid_S0013_daily.csv
HLA,HLA,Hailun,2010,Leave_One_experiments\wth_generated_qc\HLA\HLA2010.WTH,normal_year;nitrogen_stress_year;low_response_year,normal,HLA2010_normal_grid_S0013,irrigation_positive_candidate,2010-07-17,198,79,74,"{""sim_day"": 79.0, ""doy"": 198.0, ""topwt"": 6980.797119140625, ""grnwt"": 0.0, ""xlai"": 3.8541135787963863, ""totir"": 30.0, ""tofer"": NaN, ""swfac"": 0.0, ""nstres"": 0.0941781997680664}",0.0,0.0941781997680664,6980.797119140625,0.0,3.8541135787963863,30.0,,0.0,0.0,30.0,150.0,9.051361083984377,21.05136108398437,Leave_One_experiments/all_year_offline_schedule_search/daily_outputs/HLA/HLA_2010_HLA2010_normal_grid_S0013_daily.csv
HLA,HLA,Hailun,2010,Leave_One_experiments\wth_generated_qc\HLA\HLA2010.WTH,normal_year;nitrogen_stress_year;low_response_year,normal,HLA2010_normal_grid_S0013,irrigation_positive_candidate,2010-07-18,199,80,75,"{""sim_day"": 80.0, ""doy"": 199.0, ""topwt"": 7144.946899414063, ""grnwt"": 0.0, ""xlai"": 3.845273733139038, ""totir"": 30.0, ""tofer"": NaN, ""swfac"": 0.0, ""nstres"": 0.0973709821701049}",0.0,0.0973709821701049,7144.946899414063,0.0,3.845273733139038,30.0,,0.0,0.0,30.0,150.0,9.051361083984377,21.05136108398437,Leave_One_experiments/all_year_offline_schedule_search/daily_outputs/HLA/HLA_2010_HLA2010_normal_grid_S0013_daily.csv
HLA,HLA,Hailun,2010,Leave_One_experiments\wth_generated_qc\HLA\HLA2010.WTH,normal_year;nitrogen_stress_year;low_response_year,normal,HLA2010_normal_grid_S0013,irrigation_positive_candidate,2010-07-19,200,81,76,"{""sim_day"": 81.0, ""doy"": 200.0, ""topwt"": 7306.240844726562, ""grnwt"": 0.0, ""xlai"": 3.8348498344421382, ""totir"": 30.0, ""tofer"": NaN, ""swfac"": 0.0, ""nstres"": 0.0994247198104858}",0.0,0.0994247198104858,7306.240844726562,0.0,3.8348498344421382,30.0,,0.0,0.0,30.0,150.0,9.051361083984377,21.05136108398437,Leave_One_experiments/all_year_offline_schedule_search/daily_outputs/HLA/HLA_2010_HLA2010_normal_grid_S0013_daily.csv
HLA,HLA,Hailun,2010,Leave_One_experiments\wth_generated_qc\HLA\HLA2010.WTH,normal_year;nitrogen_stress_year;low_response_year,normal,HLA2010_normal_grid_S0013,irrigation_positive_candidate,2010-07-20,201,82,77,"{""sim_day"": 82.0, ""doy"": 201.0, ""topwt"": 7483.138427734375, ""grnwt"": 0.0, ""xlai"": 3.828659296035767, ""totir"": 30.0, ""tofer"": NaN, ""swfac"": 0.0, ""nstres"": 0.0984491109848022}",0.0,0.0984491109848022,7483.138427734375,0.0,3.828659296035767,30.0,,0.0,0.0,30.0,150.0,9.051361083984377,21.05136108398437,Leave_One_experiments/all_year_offline_schedule_search/daily_outputs/HLA/HLA_2010_HLA2010_normal_grid_S0013_daily.csv
HLA,HLA,Hailun,2010,Leave_One_experiments\wth_generated_qc\HLA\HLA2010.WTH,normal_year;nitrogen_stress_year;low_response_year,normal,HLA2010_normal_grid_S0013,irrigation_positive_candidate,2010-07-21,202,83,78,"{""sim_day"": 83.0, ""doy"": 202.0, ""topwt"": 7660.1324462890625, ""grnwt"": 0.0, ""xlai"": 3.822042465209961, ""totir"": 30.0, ""tofer"": NaN, ""swfac"": 0.0, ""nstres"": 0.0994747281074523}",0.0,0.0994747281074523,7660.1324462890625,0.0,3.822042465209961,30.0,,0.0,0.0,30.0,150.0,9.051361083984377,21.05136108398437,Leave_One_experiments/all_year_offline_schedule_search/daily_outputs/HLA/HLA_2010_HLA2010_normal_grid_S0013_daily.csv
HLA,HLA,Hailun,2010,Leave_One_experiments\wth_generated_qc\HLA\HLA2010.WTH,normal_year;nitrogen_stress_year;low_response_year,normal,HLA2010_normal_grid_S0013,irrigation_positive_candidate,2010-07-22,203,84,79,"{""sim_day"": 84.0, ""doy"": 203.0, ""topwt"": 8070.09033203125, ""grnwt"": 0.0, ""xlai"": 3.773499011993408, ""totir"": 30.0, ""tofer"": NaN, ""swfac"": 0.0, ""nstres"": 0.1016070842742919}",0.0,0.1016070842742919,8070.09033203125,0.0,3.773499011993408,30.0,,0.0,0.0,30.0,150.0,9.051361083984377,21.05136108398437,Leave_One_experiments/all_year_offline_schedule_search/daily_outputs/HLA/HLA_2010_HLA2010_normal_grid_S0013_daily.csv
HLA,HLA,Hailun,2010,Leave_One_experiments\wth_generated_qc\HLA\HLA2010.WTH,normal_year;nitrogen_stress_year;low_response_year,normal,HLA2010_normal_grid_S0013,irrigation_positive_candidate,2010-07-23,204,85,80,"{""sim_day"": 85.0, ""doy"": 204.0, ""topwt"": 8439.614868164062, ""grnwt"": 0.0, ""xlai"": 3.72727370262146, ""totir"": 30.0, ""tofer"": NaN, ""swfac"": 0.0, ""nstres"": 0.0979997515678405}",0.0,0.0979997515678405,8439.614868164062,0.0,3.72727370262146,30.0,,0.0,0.0,30.0,150.0,9.051361083984377,21.05136108398437,Leave_One_experiments/all_year_offline_schedule_search/daily_outputs/HLA/HLA_2010_HLA2010_normal_grid_S0013_daily.csv
HLA,HLA,Hailun,2010,Leave_One_experiments\wth_generated_qc\HLA\HLA2010.WTH,normal_year;nitrogen_stress_year;low_response_year,normal,HLA2010_normal_grid_S0013,irrigation_positive_candidate,2010-07-24,205,86,81,"{""sim_day"": 86.0, ""doy"": 205.0, ""topwt"": 8808.7109375, ""grnwt"": 0.0, ""xlai"": 3.680326461791992, ""totir"": 30.0, ""tofer"": NaN, ""swfac"": 0.0, ""nstres"": 0.1007649898529052}",0.0,0.1007649898529052,8808.7109375,0.0,3.680326461791992,30.0,,0.0,0.0,30.0,150.0,9.051361083984377,21.05136108398437,Leave_One_experiments/all_year_offline_schedule_search/daily_outputs/HLA/HLA_2010_HLA2010_normal_grid_S0013_daily.csv
HLA,HLA,Hailun,2010,Leave_One_experiments\wth_generated_qc\HLA\HLA2010.WTH,normal_year;nitrogen_stress_year;low_response_year,normal,HLA2010_normal_grid_S0013,irrigation_positive_candidate,2010-07-25,206,87,82,"{""sim_day"": 87.0, ""doy"": 206.0, ""topwt"": 9037.5634765625, ""grnwt"": 0.0, ""xlai"": 3.6334924697875977, ""totir"": 30.0, ""tofer"": NaN, ""swfac"": 0.0, ""nstres"": 0.1018038988113403}",0.0,0.1018038988113403,9037.5634765625,0.0,3.6334924697875977,30.0,,0.0,0.0,30.0,150.0,9.051361083984377,21.05136108398437,Leave_One_experiments/all_year_offline_schedule_search/daily_outputs/HLA/HLA_2010_HLA2010_normal_grid_S0013_daily.csv
HLA,HLA,Hailun,2010,Leave_One_experiments\wth_generated_qc\HLA\HLA2010.WTH,normal_year;nitrogen_stress_year;low_response_year,normal,HLA2010_normal_grid_S0013,irrigation_positive_candidate,2010-07-26,207,88,83,"{""sim_day"": 88.0, ""doy"": 207.0, ""topwt"": 9258.047485351562, ""grnwt"": 0.0, ""xlai"": 3.586554527282715, ""totir"": 30.0, ""tofer"": NaN, ""swfac"": 0.0, ""nstres"": 0.1033443212509155}",0.0,0.1033443212509155,9258.047485351562,0.0,3.586554527282715,30.0,,0.0,0.0,30.0,150.0,9.051361083984377,21.05136108398437,Leave_One_experiments/all_year_offline_schedule_search/daily_outputs/HLA/HLA_2010_HLA2010_normal_grid_S0013_daily.csv
HLA,HLA,Hailun,2010,Leave_One_experiments\wth_generated_qc\HLA\HLA2010.WTH,normal_year;nitrogen_stress_year;low_response_year,normal,HLA2010_normal_grid_S0013,irrigation_positive_candidate,2010-07-27,208,89,84,"{""sim_day"": 89.0, ""doy"": 208.0, ""topwt"": 9600.1025390625, ""grnwt"": 0.0, ""xlai"": 3.540711641311645, ""totir"": 30.0, ""tofer"": NaN, ""swfac"": 0.0, ""nstres"": 0.1022547483444213}",0.0,0.1022547483444213,9600.1025390625,0.0,3.540711641311645,30.0,,0.0,0.0,30.0,150.0,9.051361083984377,21.05136108398437,Leave_One_experiments/all_year_offline_schedule_search/daily_outputs/HLA/HLA_2010_HLA2010_normal_grid_S0013_daily.csv
HLA,HLA,Hailun,2010,Leave_One_experiments\wth_generated_qc\HLA\HLA2010.WTH,normal_year;nitrogen_stress_year;low_response_year,normal,HLA2010_normal_grid_S0013,irrigation_positive_candidate,2010-07-28,209,90,85,"{""sim_day"": 90.0, ""doy"": 209.0, ""topwt"": 9927.102661132812, ""grnwt"": 0.0, ""xlai"": 3.4967830181121826, ""totir"": 30.0, ""tofer"": NaN, ""swfac"": 0.0, ""nstres"": 0.0992536544799804}",0.0,0.0992536544799804,9927.102661132812,0.0,3.4967830181121826,30.0,,0.0,0.0,30.0,150.0,9.051361083984377,21.05136108398437,Leave_One_experiments/all_year_offline_schedule_search/daily_outputs/HLA/HLA_2010_HLA2010_normal_grid_S0013_daily.csv
HLA,HLA,Hailun,2010,Leave_One_experiments\wth_generated_qc\HLA\HLA2010.WTH,normal_year;nitrogen_stress_year;low_response_year,normal,HLA2010_normal_grid_S0013,irrigation_positive_candidate,2010-07-29,210,91,86,"{""sim_day"": 91.0, ""doy"": 210.0, ""topwt"": 10184.40185546875, ""grnwt"": 0.0, ""xlai"": 3.4542675018310547, ""totir"": 30.0, ""tofer"": NaN, ""swfac"": 0.0, ""nstres"": 0.097267746925354}",0.0,0.097267746925354,10184.40185546875,0.0,3.4542675018310547,30.0,,0.0,0.0,30.0,150.0,9.051361083984377,21.05136108398437,Leave_One_experiments/all_year_offline_schedule_search/daily_outputs/HLA/HLA_2010_HLA2010_normal_grid_S0013_daily.csv
HLA,HLA,Hailun,2010,Leave_One_experiments\wth_generated_qc\HLA\HLA2010.WTH,normal_year;nitrogen_stress_year;low_response_year,normal,HLA2010_normal_grid_S0013,irrigation_positive_candidate,2010-07-30,211,92,87,"{""sim_day"": 92.0, ""doy"": 211.0, ""topwt"": 10465.123291015623, ""grnwt"": 0.0, ""xlai"": 3.4130969047546387, ""totir"": 30.0, ""tofer"": NaN, ""swfac"": 0.0, ""nstres"": 0.0953500270843505}",0.0,0.0953500270843505,10465.123291015623,0.0,3.4130969047546387,30.0,,0.0,0.0,30.0,150.0,9.051361083984377,21.05136108398437,Leave_One_experiments/all_year_offline_schedule_search/daily_outputs/HLA/HLA_2010_HLA2010_normal_grid_S0013_daily.csv
HLA,HLA,Hailun,2010,Leave_One_experiments\wth_generated_qc\HLA\HLA2010.WTH,normal_year;nitrogen_stress_year;low_response_year,normal,HLA2010_normal_grid_S0013,irrigation_positive_candidate,2010-07-31,212,93,88,"{""sim_day"": 93.0, ""doy"": 212.0, ""topwt"": 10752.008056640623, ""grnwt"": 0.0, ""xlai"": 3.3733224868774414, ""totir"": 30.0, ""tofer"": NaN, ""swfac"": 0.0, ""nstres"": 0.0932275056838989}",0.0,0.0932275056838989,10752.008056640623,0.0,3.3733224868774414,30.0,,0.0,0.0,30.0,150.0,9.051361083984377,21.05136108398437,Leave_One_experiments/all_year_offline_schedule_search/daily_outputs/HLA/HLA_2010_HLA2010_normal_grid_S0013_daily.csv
HLA,HLA,Hailun,2010,Leave_One_experiments\wth_generated_qc\HLA\HLA2010.WTH,normal_year;nitrogen_stress_year;low_response_year,normal,HLA2010_normal_grid_S0013,irrigation_positive_candidate,2010-08-01,213,94,89,"{""sim_day"": 94.0, ""doy"": 213.0, ""topwt"": 11123.24951171875, ""grnwt"": 0.0, ""xlai"": 3.3355000019073486, ""totir"": 30.0, ""tofer"": NaN, ""swfac"": 0.0, ""nstres"": 0.0896978974342346}",0.0,0.0896978974342346,11123.24951171875,0.0,3.3355000019073486,30.0,,0.0,0.0,30.0,150.0,9.051361083984377,21.05136108398437,Leave_One_experiments/all_year_offline_schedule_search/daily_outputs/HLA/HLA_2010_HLA2010_normal_grid_S0013_daily.csv
HLA,HLA,Hailun,2010,Leave_One_experiments\wth_generated_qc\HLA\HLA2010.WTH,normal_year;nitrogen_stress_year;low_response_year,normal,HLA2010_normal_grid_S0013,irrigation_positive_candidate,2010-08-02,214,95,90,"{""sim_day"": 95.0, ""doy"": 214.0, ""topwt"": 11274.20166015625, ""grnwt"": 0.0, ""xlai"": 3.300074577331543, ""totir"": 30.0, ""tofer"": NaN, ""swfac"": 0.0, ""nstres"": 0.0849658250808715}",0.0,0.0849658250808715,11274.20166015625,0.0,3.300074577331543,30.0,,0.0,0.0,30.0,150.0,9.051361083984377,21.05136108398437,Leave_One_experiments/all_year_offline_schedule_search/daily_outputs/HLA/HLA_2010_HLA2010_normal_grid_S0013_daily.csv
HLA,HLA,Hailun,2010,Leave_One_experiments\wth_generated_qc\HLA\HLA2010.WTH,normal_year;nitrogen_stress_year;low_response_year,normal,HLA2010_normal_grid_S0013,irrigation_positive_candidate,2010-08-03,215,96,91,"{""sim_day"": 96.0, ""doy"": 215.0, ""topwt"": 11300.47119140625, ""grnwt"": 0.0, ""xlai"": 3.2659826278686523, ""totir"": 30.0, ""tofer"": NaN, ""swfac"": 0.0, ""nstres"": 0.0826444029808044}",0.0,0.0826444029808044,11300.47119140625,0.0,3.2659826278686523,30.0,,0.0,0.0,30.0,150.0,9.051361083984377,21.05136108398437,Leave_One_experiments/all_year_offline_schedule_search/daily_outputs/HLA/HLA_2010_HLA2010_normal_grid_S0013_daily.csv
HLA,HLA,Hailun,2010,Leave_One_experiments\wth_generated_qc\HLA\HLA2010.WTH,normal_year;nitrogen_stress_year;low_response_year,normal,HLA2010_normal_grid_S0013,irrigation_positive_candidate,2010-08-04,216,97,92,"{""sim_day"": 97.0, ""doy"": 216.0, ""topwt"": 11434.31884765625, ""grnwt"": 160.07169723510742, ""xlai"": 3.2354300022125244, ""totir"": 30.0, ""tofer"": NaN, ""swfac"": 0.0, ""nstres"": 0.0748392343521118}",0.0,0.0748392343521118,11434.31884765625,160.07169723510742,3.2354300022125244,30.0,,0.0,0.0,30.0,150.0,9.051361083984377,21.05136108398437,Leave_One_experiments/all_year_offline_schedule_search/daily_outputs/HLA/HLA_2010_HLA2010_normal_grid_S0013_daily.csv
HLA,HLA,Hailun,2010,Leave_One_experiments\wth_generated_qc\HLA\HLA2010.WTH,normal_year;nitrogen_stress_year;low_response_year,normal,HLA2010_normal_grid_S0013,irrigation_positive_candidate,2010-08-05,217,98,93,"{""sim_day"": 98.0, ""doy"": 217.0, ""topwt"": 11531.49169921875, ""grnwt"": 320.14339447021484, ""xlai"": 3.2023022174835205, ""totir"": 30.0, ""tofer"": NaN, ""swfac"": 0.0, ""nstres"": 0.0819129943847656}",0.0,0.0819129943847656,11531.49169921875,320.14339447021484,3.2023022174835205,30.0,,0.0,0.0,30.0,150.0,9.051361083984377,21.05136108398437,Leave_One_experiments/all_year_offline_schedule_search/daily_outputs/HLA/HLA_2010_HLA2010_normal_grid_S0013_daily.csv
HLA,HLA,Hailun,2010,Leave_One_experiments\wth_generated_qc\HLA\HLA2010.WTH,normal_year;nitrogen_stress_year;low_response_year,normal,HLA2010_normal_grid_S0013,irrigation_positive_candidate,2010-08-06,218,99,94,"{""sim_day"": 99.0, ""doy"": 218.0, ""topwt"": 11780.68603515625, ""grnwt"": 480.215072631836, ""xlai"": 3.1691668033599854, ""totir"": 30.0, ""tofer"": NaN, ""swfac"": 0.0, ""nstres"": 0.0827777385711669}",0.0,0.0827777385711669,11780.68603515625,480.215072631836,3.1691668033599854,30.0,,0.0,0.0,30.0,150.0,9.051361083984377,21.05136108398437,Leave_One_experiments/all_year_offline_schedule_search/daily_outputs/HLA/HLA_2010_HLA2010_normal_grid_S0013_daily.csv
HLA,HLA,Hailun,2010,Leave_One_experiments\wth_generated_qc\HLA\HLA2010.WTH,normal_year;nitrogen_stress_year;low_response_year,normal,HLA2010_normal_grid_S0013,irrigation_positive_candidate,2010-08-07,219,100,95,"{""sim_day"": 100.0, ""doy"": 219.0, ""topwt"": 11864.942626953123, ""grnwt"": 640.2867889404297, ""xlai"": 3.136299133300781, ""totir"": 30.0, ""tofer"": NaN, ""swfac"": 0.0, ""nstres"": 0.0829692482948303}",0.0,0.0829692482948303,11864.942626953123,640.2867889404297,3.136299133300781,30.0,,0.0,0.0,30.0,150.0,9.051361083984377,21.05136108398437,Leave_One_experiments/all_year_offline_schedule_search/daily_outputs/HLA/HLA_2010_HLA2010_normal_grid_S0013_daily.csv
HLA,HLA,Hailun,2010,Leave_One_experiments\wth_generated_qc\HLA\HLA2010.WTH,normal_year;nitrogen_stress_year;low_response_year,normal,HLA2010_normal_grid_S0013,irrigation_positive_candidate,2010-08-08,220,101,96,"{""sim_day"": 101.0, ""doy"": 220.0, ""topwt"": 12031.80419921875, ""grnwt"": 800.3585052490234, ""xlai"": 3.100898027420044, ""totir"": 30.0, ""tofer"": NaN, ""swfac"": 0.0, ""nstres"": 0.0903009176254272}",0.0,0.0903009176254272,12031.80419921875,800.3585052490234,3.100898027420044,30.0,,0.0,0.0,30.0,150.0,9.051361083984377,21.05136108398437,Leave_One_experiments/all_year_offline_schedule_search/daily_outputs/HLA/HLA_2010_HLA2010_normal_grid_S0013_daily.csv
HLA,HLA,Hailun,2010,Leave_One_experiments\wth_generated_qc\HLA\HLA2010.WTH,normal_year;nitrogen_stress_year;low_response_year,normal,HLA2010_normal_grid_S0013,irrigation_positive_candidate,2010-08-09,221,102,97,"{""sim_day"": 102.0, ""doy"": 221.0, ""topwt"": 12260.899658203123, ""grnwt"": 960.430145263672, ""xlai"": 3.066403150558472, ""totir"": 30.0, ""tofer"": NaN, ""swfac"": 0.0, ""nstres"": 0.0889930725097656}",0.0,0.0889930725097656,12260.899658203123,960.430145263672,3.066403150558472,30.0,,0.0,0.0,30.0,150.0,9.051361083984377,21.05136108398437,Leave_One_experiments/all_year_offline_schedule_search/daily_outputs/HLA/HLA_2010_HLA2010_normal_grid_S0013_daily.csv
HLA,HLA,Hailun,2010,Leave_One_experiments\wth_generated_qc\HLA\HLA2010.WTH,normal_year;nitrogen_stress_year;low_response_year,normal,HLA2010_normal_grid_S0013,irrigation_positive_candidate,2010-08-10,222,103,98,"{""sim_day"": 103.0, ""doy"": 222.0, ""topwt"": 12420.9716796875, ""grnwt"": 1120.5017852783203, ""xlai"": 3.0309200286865234, ""totir"": 30.0, ""tofer"": NaN, ""swfac"": 0.0, ""nstres"": 0.0925723314285278}",0.0,0.0925723314285278,12420.9716796875,1120.5017852783203,3.0309200286865234,30.0,,0.0,0.0,30.0,150.0,9.051361083984377,21.05136108398437,Leave_One_experiments/all_year_offline_schedule_search/daily_outputs/HLA/HLA_2010_HLA2010_normal_grid_S0013_daily.csv
HLA,HLA,Hailun,2010,Leave_One_experiments\wth_generated_qc\HLA\HLA2010.WTH,normal_year;nitrogen_stress_year;low_response_year,normal,HLA2010_normal_grid_S0013,irrigation_positive_candidate,2010-08-11,223,104,99,"{""sim_day"": 104.0, ""doy"": 223.0, ""topwt"": 12581.043701171877, ""grnwt"": 1280.5734252929688, ""xlai"": 2.9930193424224854, ""totir"": 30.0, ""tofer"": NaN, ""swfac"": 0.0, ""nstres"": 0.1000372171401977}",0.0,0.1000372171401977,12581.043701171877,1280.5734252929688,2.9930193424224854,30.0,,0.0,0.0,30.0,150.0,9.051361083984377,21.05136108398437,Leave_One_experiments/all_year_offline_schedule_search/daily_outputs/HLA/HLA_2010_HLA2010_normal_grid_S0013_daily.csv
HLA,HLA,Hailun,2010,Leave_One_experiments\wth_generated_qc\HLA\HLA2010.WTH,normal_year;nitrogen_stress_year;low_response_year,normal,HLA2010_normal_grid_S0013,irrigation_positive_candidate,2010-08-12,224,105,100,"{""sim_day"": 105.0, ""doy"": 224.0, ""topwt"": 12741.114501953123, ""grnwt"": 1440.6451416015625, ""xlai"": 2.953958034515381, ""totir"": 30.0, ""tofer"": NaN, ""swfac"": 0.0, ""nstres"": 0.1044062376022338}",0.0,0.1044062376022338,12741.114501953123,1440.6451416015625,2.953958034515381,30.0,,0.0,0.0,30.0,150.0,9.051361083984377,21.05136108398437,Leave_One_experiments/all_year_offline_schedule_search/daily_outputs/HLA/HLA_2010_HLA2010_normal_grid_S0013_daily.csv
HLA,HLA,Hailun,2010,Leave_One_experiments\wth_generated_qc\HLA\HLA2010.WTH,normal_year;nitrogen_stress_year;low_response_year,normal,HLA2010_normal_grid_S0013,irrigation_positive_candidate,2010-08-13,225,106,101,"{""sim_day"": 106.0, ""doy"": 225.0, ""topwt"": 12843.21533203125, ""grnwt"": 1600.7168579101562, ""xlai"": 2.913928747177124, ""totir"": 30.0, ""tofer"": NaN, ""swfac"": 0.0, ""nstres"": 0.108408510684967}",0.0,0.108408510684967,12843.21533203125,1600.7168579101562,2.913928747177124,30.0,,0.0,0.0,30.0,150.0,9.051361083984377,21.05136108398437,Leave_One_experiments/all_year_offline_schedule_search/daily_outputs/HLA/HLA_2010_HLA2010_normal_grid_S0013_daily.csv
HLA,HLA,Hailun,2010,Leave_One_experiments\wth_generated_qc\HLA\HLA2010.WTH,normal_year;nitrogen_stress_year;low_response_year,normal,HLA2010_normal_grid_S0013,irrigation_positive_candidate,2010-08-14,226,107,102,"{""sim_day"": 107.0, ""doy"": 226.0, ""topwt"": 13060.968017578123, ""grnwt"": 1760.78857421875, ""xlai"": 2.872894763946533, ""totir"": 30.0, ""tofer"": NaN, ""swfac"": 0.0, ""nstres"": 0.1126552820205688}",0.0,0.1126552820205688,13060.968017578123,1760.78857421875,2.872894763946533,30.0,,0.0,0.0,30.0,150.0,9.051361083984377,21.05136108398437,Leave_One_experiments/all_year_offline_schedule_search/daily_outputs/HLA/HLA_2010_HLA2010_normal_grid_S0013_daily.csv
HLA,HLA,Hailun,2010,Leave_One_experiments\wth_generated_qc\HLA\HLA2010.WTH,normal_year;nitrogen_stress_year;low_response_year,normal,HLA2010_normal_grid_S0013,irrigation_positive_candidate,2010-08-15,227,108,103,"{""sim_day"": 108.0, ""doy"": 227.0, ""topwt"": 13221.328125, ""grnwt"": 1920.860290527344, ""xlai"": 2.832015991210937, ""totir"": 30.0, ""tofer"": NaN, ""swfac"": 0.0, ""nstres"": 0.1138327121734619}",0.0,0.1138327121734619,13221.328125,1920.860290527344,2.832015991210937,30.0,,0.0,0.0,30.0,150.0,9.051361083984377,21.05136108398437,Leave_One_experiments/all_year_offline_schedule_search/daily_outputs/HLA/HLA_2010_HLA2010_normal_grid_S0013_daily.csv
HLA,HLA,Hailun,2010,Leave_One_experiments\wth_generated_qc\HLA\HLA2010.WTH,normal_year;nitrogen_stress_year;low_response_year,normal,HLA2010_normal_grid_S0013,irrigation_positive_candidate,2010-08-16,228,109,104,"{""sim_day"": 109.0, ""doy"": 228.0, ""topwt"": 13381.4013671875, ""grnwt"": 2080.932006835937, ""xlai"": 2.789268016815185, ""totir"": 30.0, ""tofer"": NaN, ""swfac"": 0.0, ""nstres"": 0.1207562685012817}",0.0,0.1207562685012817,13381.4013671875,2080.932006835937,2.789268016815185,30.0,,0.0,0.0,30.0,150.0,9.051361083984377,21.05136108398437,Leave_One_experiments/all_year_offline_schedule_search/daily_outputs/HLA/HLA_2010_HLA2010_normal_grid_S0013_daily.csv
HLA,HLA,Hailun,2010,Leave_One_experiments\wth_generated_qc\HLA\HLA2010.WTH,normal_year;nitrogen_stress_year;low_response_year,normal,HLA2010_normal_grid_S0013,irrigation_positive_candidate,2010-08-17,229,110,105,"{""sim_day"": 110.0, ""doy"": 229.0, ""topwt"": 13541.473388671877, ""grnwt"": 2241.0037231445312, ""xlai"": 2.7461774349212646, ""totir"": 30.0, ""tofer"": NaN, ""swfac"": 0.0, ""nstres"": 0.1235898733139038}",0.0,0.1235898733139038,13541.473388671877,2241.0037231445312,2.7461774349212646,30.0,,0.0,0.0,30.0,150.0,9.051361083984377,21.05136108398437,Leave_One_experiments/all_year_offline_schedule_search/daily_outputs/HLA/HLA_2010_HLA2010_normal_grid_S0013_daily.csv
HLA,HLA,Hailun,2010,Leave_One_experiments\wth_generated_qc\HLA\HLA2010.WTH,normal_year;nitrogen_stress_year;low_response_year,normal,HLA2010_normal_grid_S0013,irrigation_positive_candidate,2010-08-18,230,111,106,"{""sim_day"": 111.0, ""doy"": 230.0, ""topwt"": 13627.972412109377, ""grnwt"": 2401.075592041016, ""xlai"": 2.702404022216797, ""totir"": 30.0, ""tofer"": NaN, ""swfac"": 0.0, ""nstres"": 0.1275180578231811}",0.0,0.1275180578231811,13627.972412109377,2401.075592041016,2.702404022216797,30.0,,0.0,0.0,30.0,150.0,9.051361083984377,21.05136108398437,Leave_One_experiments/all_year_offline_schedule_search/daily_outputs/HLA/HLA_2010_HLA2010_normal_grid_S0013_daily.csv
HLA,HLA,Hailun,2010,Leave_One_experiments\wth_generated_qc\HLA\HLA2010.WTH,normal_year;nitrogen_stress_year;low_response_year,normal,HLA2010_normal_grid_S0013,irrigation_positive_candidate,2010-08-19,231,112,107,"{""sim_day"": 112.0, ""doy"": 231.0, ""topwt"": 13820.8154296875, ""grnwt"": 2561.1474609375, ""xlai"": 2.658457040786743, ""totir"": 30.0, ""tofer"": NaN, ""swfac"": 0.0, ""nstres"": 0.1300973892211914}",0.0,0.1300973892211914,13820.8154296875,2561.1474609375,2.658457040786743,30.0,,0.0,0.0,30.0,150.0,9.051361083984377,21.05136108398437,Leave_One_experiments/all_year_offline_schedule_search/daily_outputs/HLA/HLA_2010_HLA2010_normal_grid_S0013_daily.csv
HLA,HLA,Hailun,2010,Leave_One_experiments\wth_generated_qc\HLA\HLA2010.WTH,normal_year;nitrogen_stress_year;low_response_year,normal,HLA2010_normal_grid_S0013,irrigation_positive_candidate,2010-08-20,232,113,108,"{""sim_day"": 113.0, ""doy"": 232.0, ""topwt"": 14021.68701171875, ""grnwt"": 2721.2191772460938, ""xlai"": 2.614788055419922, ""totir"": 30.0, ""tofer"": NaN, ""swfac"": 0.0, ""nstres"": 0.1314116716384887}",0.0,0.1314116716384887,14021.68701171875,2721.2191772460938,2.614788055419922,30.0,,0.0,0.0,30.0,150.0,9.051361083984377,21.05136108398437,Leave_One_experiments/all_year_offline_schedule_search/daily_outputs/HLA/HLA_2010_HLA2010_normal_grid_S0013_daily.csv
HLA,HLA,Hailun,2010,Leave_One_experiments\wth_generated_qc\HLA\HLA2010.WTH,normal_year;nitrogen_stress_year;low_response_year,normal,HLA2010_normal_grid_S0013,irrigation_positive_candidate,2010-08-21,233,114,109,"{""sim_day"": 114.0, ""doy"": 233.0, ""topwt"": 14181.76025390625, ""grnwt"": 2881.2908935546875, ""xlai"": 2.56933069229126, ""totir"": 30.0, ""tofer"": NaN, ""swfac"": 0.0, ""nstres"": 0.1390774250030517}",0.0,0.1390774250030517,14181.76025390625,2881.2908935546875,2.56933069229126,30.0,,0.0,0.0,30.0,150.0,9.051361083984377,21.05136108398437,Leave_One_experiments/all_year_offline_schedule_search/daily_outputs/HLA/HLA_2010_HLA2010_normal_grid_S0013_daily.csv
HLA,HLA,Hailun,2010,Leave_One_experiments\wth_generated_qc\HLA\HLA2010.WTH,normal_year;nitrogen_stress_year;low_response_year,normal,HLA2010_normal_grid_S0013,irrigation_positive_candidate,2010-08-22,234,115,110,"{""sim_day"": 115.0, ""doy"": 234.0, ""topwt"": 14341.8310546875, ""grnwt"": 3041.362609863281, ""xlai"": 2.521951913833618, ""totir"": 30.0, ""tofer"": NaN, ""swfac"": 0.0, ""nstres"": 0.1475211381912231}",0.0,0.1475211381912231,14341.8310546875,3041.362609863281,2.521951913833618,30.0,,0.0,0.0,30.0,150.0,9.051361083984377,21.05136108398437,Leave_One_experiments/all_year_offline_schedule_search/daily_outputs/HLA/HLA_2010_HLA2010_normal_grid_S0013_daily.csv
HLA,HLA,Hailun,2010,Leave_One_experiments\wth_generated_qc\HLA\HLA2010.WTH,normal_year;nitrogen_stress_year;low_response_year,normal,HLA2010_normal_grid_S0013,irrigation_positive_candidate,2010-08-23,235,116,111,"{""sim_day"": 116.0, ""doy"": 235.0, ""topwt"": 14501.90185546875, ""grnwt"": 3201.434326171875, ""xlai"": 2.473560571670532, ""totir"": 30.0, ""tofer"": NaN, ""swfac"": 0.0, ""nstres"": 0.1535031199455261}",0.0,0.1535031199455261,14501.90185546875,3201.434326171875,2.473560571670532,30.0,,0.0,0.0,30.0,150.0,9.051361083984377,21.05136108398437,Leave_One_experiments/all_year_offline_schedule_search/daily_outputs/HLA/HLA_2010_HLA2010_normal_grid_S0013_daily.csv
HLA,HLA,Hailun,2010,Leave_One_experiments\wth_generated_qc\HLA\HLA2010.WTH,normal_year;nitrogen_stress_year;low_response_year,normal,HLA2010_normal_grid_S0013,irrigation_positive_candidate,2010-08-24,236,117,112,"{""sim_day"": 117.0, ""doy"": 236.0, ""topwt"": 14661.973876953123, ""grnwt"": 3361.5057373046875, ""xlai"": 2.424222469329834, ""totir"": 30.0, ""tofer"": NaN, ""swfac"": 0.0, ""nstres"": 0.1595703959465026}",0.0,0.1595703959465026,14661.973876953123,3361.5057373046875,2.424222469329834,30.0,,0.0,0.0,30.0,150.0,9.051361083984377,21.05136108398437,Leave_One_experiments/all_year_offline_schedule_search/daily_outputs/HLA/HLA_2010_HLA2010_normal_grid_S0013_daily.csv
HLA,HLA,Hailun,2010,Leave_One_experiments\wth_generated_qc\HLA\HLA2010.WTH,normal_year;nitrogen_stress_year;low_response_year,normal,HLA2010_normal_grid_S0013,irrigation_positive_candidate,2010-08-25,237,118,113,"{""sim_day"": 118.0, ""doy"": 237.0, ""topwt"": 14822.0458984375, ""grnwt"": 3521.577453613281, ""xlai"": 2.374178886413574, ""totir"": 30.0, ""tofer"": NaN, ""swfac"": 0.0, ""nstres"": 0.1651449799537658}",0.0,0.1651449799537658,14822.0458984375,3521.577453613281,2.374178886413574,30.0,,0.0,0.0,30.0,150.0,9.051361083984377,21.05136108398437,Leave_One_experiments/all_year_offline_schedule_search/daily_outputs/HLA/HLA_2010_HLA2010_normal_grid_S0013_daily.csv
HLA,HLA,Hailun,2010,Leave_One_experiments\wth_generated_qc\HLA\HLA2010.WTH,normal_year;nitrogen_stress_year;low_response_year,normal,HLA2010_normal_grid_S0013,irrigation_positive_candidate,2010-08-26,238,119,114,"{""sim_day"": 119.0, ""doy"": 238.0, ""topwt"": 14982.11669921875, ""grnwt"": 3681.649169921875, ""xlai"": 2.323641300201416, ""totir"": 30.0, ""tofer"": NaN, ""swfac"": 0.0, ""nstres"": 0.170291006565094}",0.0,0.170291006565094,14982.11669921875,3681.649169921875,2.323641300201416,30.0,,0.0,0.0,30.0,150.0,9.051361083984377,21.05136108398437,Leave_One_experiments/all_year_offline_schedule_search/daily_outputs/HLA/HLA_2010_HLA2010_normal_grid_S0013_daily.csv
HLA,HLA,Hailun,2010,Leave_One_experiments\wth_generated_qc\HLA\HLA2010.WTH,normal_year;nitrogen_stress_year;low_response_year,normal,HLA2010_normal_grid_S0013,irrigation_positive_candidate,2010-08-27,239,120,115,"{""sim_day"": 120.0, ""doy"": 239.0, ""topwt"": 15031.951904296877, ""grnwt"": 3841.720581054688, ""xlai"": 2.2722113132476807, ""totir"": 30.0, ""tofer"": NaN, ""swfac"": 0.0, ""nstres"": 0.1770665049552917}",0.0,0.1770665049552917,15031.951904296877,3841.720581054688,2.2722113132476807,30.0,,0.0,0.0,30.0,150.0,9.051361083984377,21.05136108398437,Leave_One_experiments/all_year_offline_schedule_search/daily_outputs/HLA/HLA_2010_HLA2010_normal_grid_S0013_daily.csv
HLA,HLA,Hailun,2010,Leave_One_experiments\wth_generated_qc\HLA\HLA2010.WTH,normal_year;nitrogen_stress_year;low_response_year,normal,HLA2010_normal_grid_S0013,irrigation_positive_candidate,2010-08-28,240,121,116,"{""sim_day"": 121.0, ""doy"": 240.0, ""topwt"": 15192.48779296875, ""grnwt"": 4001.7919921875, ""xlai"": 2.220047950744629, ""totir"": 30.0, ""tofer"": NaN, ""swfac"": 0.0, ""nstres"": 0.1836565732955932}",0.0,0.1836565732955932,15192.48779296875,4001.7919921875,2.220047950744629,30.0,,0.0,0.0,30.0,150.0,9.051361083984377,21.05136108398437,Leave_One_experiments/all_year_offline_schedule_search/daily_outputs/HLA/HLA_2010_HLA2010_normal_grid_S0013_daily.csv
HLA,HLA,Hailun,2010,Leave_One_experiments\wth_generated_qc\HLA\HLA2010.WTH,normal_year;nitrogen_stress_year;low_response_year,normal,HLA2010_normal_grid_S0013,irrigation_positive_candidate,2010-08-29,241,122,117,"{""sim_day"": 122.0, ""doy"": 241.0, ""topwt"": 15318.466796875, ""grnwt"": 4161.863708496094, ""xlai"": 2.1686582565307617, ""totir"": 30.0, ""tofer"": NaN, ""swfac"": 0.0, ""nstres"": 0.1851832270622253}",0.0,0.1851832270622253,15318.466796875,4161.863708496094,2.1686582565307617,30.0,,0.0,0.0,30.0,150.0,9.051361083984377,21.05136108398437,Leave_One_experiments/all_year_offline_schedule_search/daily_outputs/HLA/HLA_2010_HLA2010_normal_grid_S0013_daily.csv
HLA,HLA,Hailun,2010,Leave_One_experiments\wth_generated_qc\HLA\HLA2010.WTH,normal_year;nitrogen_stress_year;low_response_year,normal,HLA2010_normal_grid_S0013,irrigation_positive_candidate,2010-08-30,242,123,118,"{""sim_day"": 123.0, ""doy"": 242.0, ""topwt"": 15489.32861328125, ""grnwt"": 4316.5997314453125, ""xlai"": 2.115870952606201, ""totir"": 30.0, ""tofer"": NaN, ""swfac"": 0.0, ""nstres"": 0.1947289109230041}",0.0,0.1947289109230041,15489.32861328125,4316.5997314453125,2.115870952606201,30.0,,0.0,0.0,30.0,150.0,9.051361083984377,21.05136108398437,Leave_One_experiments/all_year_offline_schedule_search/daily_outputs/HLA/HLA_2010_HLA2010_normal_grid_S0013_daily.csv
HLA,HLA,Hailun,2010,Leave_One_experiments\wth_generated_qc\HLA\HLA2010.WTH,normal_year;nitrogen_stress_year;low_response_year,normal,HLA2010_normal_grid_S0013,irrigation_positive_candidate,2010-08-31,243,124,119,"{""sim_day"": 124.0, ""doy"": 243.0, ""topwt"": 15703.80126953125, ""grnwt"": 4476.671142578125, ""xlai"": 2.062568664550781, ""totir"": 30.0, ""tofer"": NaN, ""swfac"": 0.0, ""nstres"": 0.2045972347259521}",0.0,0.2045972347259521,15703.80126953125,4476.671142578125,2.062568664550781,30.0,,0.0,0.0,30.0,150.0,9.051361083984377,21.05136108398437,Leave_One_experiments/all_year_offline_schedule_search/daily_outputs/HLA/HLA_2010_HLA2010_normal_grid_S0013_daily.csv
HLA,HLA,Hailun,2010,Leave_One_experiments\wth_generated_qc\HLA\HLA2010.WTH,normal_year;nitrogen_stress_year;low_response_year,normal,HLA2010_normal_grid_S0013,irrigation_positive_candidate,2010-09-01,244,125,120,"{""sim_day"": 125.0, ""doy"": 244.0, ""topwt"": 15912.77099609375, ""grnwt"": 4636.742858886719, ""xlai"": 2.008213758468628, ""totir"": 30.0, ""tofer"": NaN, ""swfac"": 0.0, ""nstres"": 0.2324733734130859}",0.0,0.2324733734130859,15912.77099609375,4636.742858886719,2.008213758468628,30.0,,0.0,0.0,30.0,150.0,9.051361083984377,21.05136108398437,Leave_One_experiments/all_year_offline_schedule_search/daily_outputs/HLA/HLA_2010_HLA2010_normal_grid_S0013_daily.csv
HLA,HLA,Hailun,2010,Leave_One_experiments\wth_generated_qc\HLA\HLA2010.WTH,normal_year;nitrogen_stress_year;low_response_year,normal,HLA2010_normal_grid_S0013,irrigation_positive_candidate,2010-09-02,245,126,121,"{""sim_day"": 126.0, ""doy"": 245.0, ""topwt"": 16097.28271484375, ""grnwt"": 4796.814270019531, ""xlai"": 1.952460527420044, ""totir"": 30.0, ""tofer"": NaN, ""swfac"": 0.0, ""nstres"": 0.2663039565086365}",0.0,0.2663039565086365,16097.28271484375,4796.814270019531,1.952460527420044,30.0,,0.0,0.0,30.0,150.0,9.051361083984377,21.05136108398437,Leave_One_experiments/all_year_offline_schedule_search/daily_outputs/HLA/HLA_2010_HLA2010_normal_grid_S0013_daily.csv
HLA,HLA,Hailun,2010,Leave_One_experiments\wth_generated_qc\HLA\HLA2010.WTH,normal_year;nitrogen_stress_year;low_response_year,normal,HLA2010_normal_grid_S0013,irrigation_positive_candidate,2010-09-03,246,127,122,"{""sim_day"": 127.0, ""doy"": 246.0, ""topwt"": 16257.354736328123, ""grnwt"": 4956.885986328125, ""xlai"": 1.8957868814468384, ""totir"": 30.0, ""tofer"": NaN, ""swfac"": 0.0, ""nstres"": 0.2966411709785461}",0.0,0.2966411709785461,16257.354736328123,4956.885986328125,1.8957868814468384,30.0,,0.0,0.0,30.0,150.0,9.051361083984377,21.05136108398437,Leave_One_experiments/all_year_offline_schedule_search/daily_outputs/HLA/HLA_2010_HLA2010_normal_grid_S0013_daily.csv
HLA,HLA,Hailun,2010,Leave_One_experiments\wth_generated_qc\HLA\HLA2010.WTH,normal_year;nitrogen_stress_year;low_response_year,normal,HLA2010_normal_grid_S0013,irrigation_positive_candidate,2010-09-04,247,128,123,"{""sim_day"": 128.0, ""doy"": 247.0, ""topwt"": 16379.2822265625, ""grnwt"": 5116.9573974609375, ""xlai"": 1.8385010957717896, ""totir"": 30.0, ""tofer"": NaN, ""swfac"": 0.0, ""nstres"": 0.3252155184745788}",0.0,0.3252155184745788,16379.2822265625,5116.9573974609375,1.8385010957717896,30.0,,0.0,0.0,30.0,150.0,9.051361083984377,21.05136108398437,Leave_One_experiments/all_year_offline_schedule_search/daily_outputs/HLA/HLA_2010_HLA2010_normal_grid_S0013_daily.csv
HLA,HLA,Hailun,2010,Leave_One_experiments\wth_generated_qc\HLA\HLA2010.WTH,normal_year;nitrogen_stress_year;low_response_year,normal,HLA2010_normal_grid_S0013,irrigation_positive_candidate,2010-09-05,248,129,124,"{""sim_day"": 129.0, ""doy"": 248.0, ""topwt"": 16559.39208984375, ""grnwt"": 5277.02880859375, ""xlai"": 1.7808308601379397, ""totir"": 30.0, ""tofer"": NaN, ""swfac"": 0.0, ""nstres"": 0.3528347611427307}",0.0,0.3528347611427307,16559.39208984375,5277.02880859375,1.7808308601379397,30.0,,0.0,0.0,30.0,150.0,9.051361083984377,21.05136108398437,Leave_One_experiments/all_year_offline_schedule_search/daily_outputs/HLA/HLA_2010_HLA2010_normal_grid_S0013_daily.csv
HLA,HLA,Hailun,2010,Leave_One_experiments\wth_generated_qc\HLA\HLA2010.WTH,normal_year;nitrogen_stress_year;low_response_year,normal,HLA2010_normal_grid_S0013,irrigation_positive_candidate,2010-09-06,249,130,125,"{""sim_day"": 130.0, ""doy"": 249.0, ""topwt"": 16666.680908203125, ""grnwt"": 5366.2115478515625, ""xlai"": 1.53703510761261, ""totir"": 30.0, ""tofer"": NaN, ""swfac"": 0.0, ""nstres"": 0.3785431981086731}",0.0,0.3785431981086731,16666.680908203125,5366.2115478515625,1.53703510761261,30.0,,0.0,0.0,30.0,150.0,9.051361083984377,21.05136108398437,Leave_One_experiments/all_year_offline_schedule_search/daily_outputs/HLA/HLA_2010_HLA2010_normal_grid_S0013_daily.csv
HLA,HLA,Hailun,2010,Leave_One_experiments\wth_generated_qc\HLA\HLA2010.WTH,normal_year;nitrogen_stress_year;low_response_year,normal,HLA2010_normal_grid_S0013,irrigation_positive_candidate,2010-09-07,250,131,126,"{""sim_day"": 131.0, ""doy"": 250.0, ""topwt"": 16815.318603515625, ""grnwt"": 5514.849853515625, ""xlai"": 1.4860856533050537, ""totir"": 30.0, ""tofer"": NaN, ""swfac"": 0.0, ""nstres"": 0.3955496549606323}",0.0,0.3955496549606323,16815.318603515625,5514.849853515625,1.4860856533050537,30.0,,0.0,0.0,30.0,150.0,9.051361083984377,21.05136108398437,Leave_One_experiments/all_year_offline_schedule_search/daily_outputs/HLA/HLA_2010_HLA2010_normal_grid_S0013_daily.csv
HLA,HLA,Hailun,2010,Leave_One_experiments\wth_generated_qc\HLA\HLA2010.WTH,normal_year;nitrogen_stress_year;low_response_year,normal,HLA2010_normal_grid_S0013,irrigation_positive_candidate,2010-09-08,251,132,127,"{""sim_day"": 132.0, ""doy"": 251.0, ""topwt"": 16972.559814453125, ""grnwt"": 5674.9212646484375, ""xlai"": 1.435124754905701, ""totir"": 30.0, ""tofer"": NaN, ""swfac"": 0.0, ""nstres"": 0.4230108261108398}",0.0,0.4230108261108398,16972.559814453125,5674.9212646484375,1.435124754905701,30.0,,0.0,0.0,30.0,150.0,9.051361083984377,21.05136108398437,Leave_One_experiments/all_year_offline_schedule_search/daily_outputs/HLA/HLA_2010_HLA2010_normal_grid_S0013_daily.csv
HLA,HLA,Hailun,2010,Leave_One_experiments\wth_generated_qc\HLA\HLA2010.WTH,normal_year;nitrogen_stress_year;low_response_year,normal,HLA2010_normal_grid_S0013,irrigation_positive_candidate,2010-09-09,252,133,128,"{""sim_day"": 133.0, ""doy"": 252.0, ""topwt"": 17119.935302734375, ""grnwt"": 5834.99267578125, ""xlai"": 1.3843927383422852, ""totir"": 30.0, ""tofer"": NaN, ""swfac"": 0.0, ""nstres"": 0.4484028816223144}",0.0,0.4484028816223144,17119.935302734375,5834.99267578125,1.3843927383422852,30.0,,0.0,0.0,30.0,150.0,9.051361083984377,21.05136108398437,Leave_One_experiments/all_year_offline_schedule_search/daily_outputs/HLA/HLA_2010_HLA2010_normal_grid_S0013_daily.csv
HLA,HLA,Hailun,2010,Leave_One_experiments\wth_generated_qc\HLA\HLA2010.WTH,normal_year;nitrogen_stress_year;low_response_year,normal,HLA2010_normal_grid_S0013,irrigation_positive_candidate,2010-09-10,253,134,129,"{""sim_day"": 134.0, ""doy"": 253.0, ""topwt"": 17255.93017578125, ""grnwt"": 5995.064697265625, ""xlai"": 1.334084391593933, ""totir"": 30.0, ""tofer"": NaN, ""swfac"": 0.0, ""nstres"": 0.4721500873565674}",0.0,0.4721500873565674,17255.93017578125,5995.064697265625,1.334084391593933,30.0,,0.0,0.0,30.0,150.0,9.051361083984377,21.05136108398437,Leave_One_experiments/all_year_offline_schedule_search/daily_outputs/HLA/HLA_2010_HLA2010_normal_grid_S0013_daily.csv
HLA,HLA,Hailun,2010,Leave_One_experiments\wth_generated_qc\HLA\HLA2010.WTH,normal_year;nitrogen_stress_year;low_response_year,normal,HLA2010_normal_grid_S0013,irrigation_positive_candidate,2010-09-11,254,135,130,"{""sim_day"": 135.0, ""doy"": 254.0, ""topwt"": 17377.952880859375, ""grnwt"": 6155.1361083984375, ""xlai"": 1.2843427658081057, ""totir"": 30.0, ""tofer"": NaN, ""swfac"": 0.0, ""nstres"": 0.4948458671569824}",0.0,0.4948458671569824,17377.952880859375,6155.1361083984375,1.2843427658081057,30.0,,0.0,0.0,30.0,150.0,9.051361083984377,21.05136108398437,Leave_One_experiments/all_year_offline_schedule_search/daily_outputs/HLA/HLA_2010_HLA2010_normal_grid_S0013_daily.csv
HLA,HLA,Hailun,2010,Leave_One_experiments\wth_generated_qc\HLA\HLA2010.WTH,normal_year;nitrogen_stress_year;low_response_year,normal,HLA2010_normal_grid_S0013,irrigation_positive_candidate,2010-09-12,255,136,131,"{""sim_day"": 136.0, ""doy"": 255.0, ""topwt"": 17377.952880859375, ""grnwt"": 6155.1361083984375, ""xlai"": 1.2843427658081057, ""totir"": 30.0, ""tofer"": NaN, ""swfac"": 0.0, ""nstres"": 0.5168939828872681}",0.0,0.5168939828872681,17377.952880859375,6155.1361083984375,1.2843427658081057,30.0,,0.0,0.0,30.0,150.0,9.051361083984377,21.05136108398437,Leave_One_experiments/all_year_offline_schedule_search/daily_outputs/HLA/HLA_2010_HLA2010_normal_grid_S0013_daily.csv
HLA,HLA,Hailun,2010,Leave_One_experiments\wth_generated_qc\HLA\HLA2010.WTH,normal_year;nitrogen_stress_year;low_response_year,normal,HLA2010_normal_grid_S0013,irrigation_positive_candidate,2010-09-13,256,137,132,"{""sim_day"": 137.0, ""doy"": 256.0, ""topwt"": 17377.952880859375, ""grnwt"": 6155.1361083984375, ""xlai"": 1.2843427658081057, ""totir"": 30.0, ""tofer"": NaN, ""swfac"": 0.0, ""nstres"": 0.5168939828872681}",0.0,0.5168939828872681,17377.952880859375,6155.1361083984375,1.2843427658081057,30.0,,0.0,0.0,30.0,150.0,9.051361083984377,21.05136108398437,Leave_One_experiments/all_year_offline_schedule_search/daily_outputs/HLA/HLA_2010_HLA2010_normal_grid_S0013_daily.csv
HLA,HLA,Hailun,2010,Leave_One_experiments\wth_generated_qc\HLA\HLA2010.WTH,normal_year;nitrogen_stress_year;low_response_year,normal,HLA2010_normal_grid_S0013,irrigation_positive_candidate,2010-09-14,257,138,133,"{""sim_day"": 138.0, ""doy"": 257.0, ""topwt"": 17377.952880859375, ""grnwt"": 6155.1361083984375, ""xlai"": 1.2843427658081057, ""totir"": 30.0, ""tofer"": NaN, ""swfac"": 0.0, ""nstres"": 0.5168939828872681}",0.0,0.5168939828872681,17377.952880859375,6155.1361083984375,1.2843427658081057,30.0,,0.0,0.0,30.0,150.0,9.051361083984377,21.05136108398437,Leave_One_experiments/all_year_offline_schedule_search/daily_outputs/HLA/HLA_2010_HLA2010_normal_grid_S0013_daily.csv
HLA,HLA,Hailun,2010,Leave_One_experiments\wth_generated_qc\HLA\HLA2010.WTH,normal_year;nitrogen_stress_year;low_response_year,normal,HLA2010_normal_grid_S0028,low_input_within_10pct_yield,2010-05-05,125,1,1,"{""sim_day"": 1.0, ""doy"": 125.0, ""topwt"": 0.0, ""grnwt"": 0.0, ""xlai"": 0.0, ""totir"": 0.0, ""tofer"": NaN, ""swfac"": 0.0, ""nstres"": 0.0}",0.0,0.0,0.0,0.0,0.0,0.0,,0.0,80.0,0.0,180.0,21.486950683593747,21.486950683593747,Leave_One_experiments/all_year_offline_schedule_search/daily_outputs/HLA/HLA_2010_HLA2010_normal_grid_S0028_daily.csv
HLA,HLA,Hailun,2010,Leave_One_experiments\wth_generated_qc\HLA\HLA2010.WTH,normal_year;nitrogen_stress_year;low_response_year,normal,HLA2010_normal_grid_S0028,low_input_within_10pct_yield,2010-05-06,126,2,2,"{""sim_day"": 2.0, ""doy"": 126.0, ""topwt"": 0.0, ""grnwt"": 0.0, ""xlai"": 0.0, ""totir"": 0.0, ""tofer"": NaN, ""swfac"": 0.0, ""nstres"": 0.0}",0.0,0.0,0.0,0.0,0.0,0.0,,0.0,0.0,0.0,180.0,21.486950683593747,21.486950683593747,Leave_One_experiments/all_year_offline_schedule_search/daily_outputs/HLA/HLA_2010_HLA2010_normal_grid_S0028_daily.csv
HLA,HLA,Hailun,2010,Leave_One_experiments\wth_generated_qc\HLA\HLA2010.WTH,normal_year;nitrogen_stress_year;low_response_year,normal,HLA2010_normal_grid_S0028,low_input_within_10pct_yield,2010-05-07,127,3,3,"{""sim_day"": 3.0, ""doy"": 127.0, ""topwt"": 0.0, ""grnwt"": 0.0, ""xlai"": 0.0, ""totir"": 0.0, ""tofer"": NaN, ""swfac"": 0.0, ""nstres"": 0.0}",0.0,0.0,0.0,0.0,0.0,0.0,,0.0,0.0,0.0,180.0,21.486950683593747,21.486950683593747,Leave_One_experiments/all_year_offline_schedule_search/daily_outputs/HLA/HLA_2010_HLA2010_normal_grid_S0028_daily.csv
HLA,HLA,Hailun,2010,Leave_One_experiments\wth_generated_qc\HLA\HLA2010.WTH,normal_year;nitrogen_stress_year;low_response_year,normal,HLA2010_normal_grid_S0028,low_input_within_10pct_yield,2010-05-08,128,4,4,"{""sim_day"": 4.0, ""doy"": 128.0, ""topwt"": 0.0, ""grnwt"": 0.0, ""xlai"": 0.0, ""totir"": 0.0, ""tofer"": NaN, ""swfac"": 0.0, ""nstres"": 0.0}",0.0,0.0,0.0,0.0,0.0,0.0,,0.0,0.0,0.0,180.0,21.486950683593747,21.486950683593747,Leave_One_experiments/all_year_offline_schedule_search/daily_outputs/HLA/HLA_2010_HLA2010_normal_grid_S0028_daily.csv
HLA,HLA,Hailun,2010,Leave_One_experiments\wth_generated_qc\HLA\HLA2010.WTH,normal_year;nitrogen_stress_year;low_response_year,normal,HLA2010_normal_grid_S0028,low_input_within_10pct_yield,2010-05-09,129,5,5,"{""sim_day"": 5.0, ""doy"": 129.0, ""topwt"": 0.0, ""grnwt"": 0.0, ""xlai"": 0.0, ""totir"": 0.0, ""tofer"": NaN, ""swfac"": 0.0, ""nstres"": 0.0}",0.0,0.0,0.0,0.0,0.0,0.0,,0.0,0.0,0.0,180.0,21.486950683593747,21.486950683593747,Leave_One_experiments/all_year_offline_schedule_search/daily_outputs/HLA/HLA_2010_HLA2010_normal_grid_S0028_daily.csv
HLA,HLA,Hailun,2010,Leave_One_experiments\wth_generated_qc\HLA\HLA2010.WTH,normal_year;nitrogen_stress_year;low_response_year,normal,HLA2010_normal_grid_S0028,low_input_within_10pct_yield,2010-05-05,125,6,1,"{""sim_day"": 6.0, ""doy"": 125.0, ""topwt"": 0.0, ""grnwt"": 0.0, ""xlai"": 0.0, ""totir"": 0.0, ""tofer"": NaN, ""swfac"": 0.0, ""nstres"": 0.0}",0.0,0.0,0.0,0.0,0.0,0.0,,0.0,0.0,0.0,180.0,21.486950683593747,21.486950683593747,Leave_One_experiments/all_year_offline_schedule_search/daily_outputs/HLA/HLA_2010_HLA2010_normal_grid_S0028_daily.csv
HLA,HLA,Hailun,2010,Leave_One_experiments\wth_generated_qc\HLA\HLA2010.WTH,normal_year;nitrogen_stress_year;low_response_year,normal,HLA2010_normal_grid_S0028,low_input_within_10pct_yield,2010-05-06,126,7,2,"{""sim_day"": 7.0, ""doy"": 126.0, ""topwt"": 0.0, ""grnwt"": 0.0, ""xlai"": 0.0, ""totir"": 0.0, ""tofer"": NaN, ""swfac"": 0.0, ""nstres"": 0.0}",0.0,0.0,0.0,0.0,0.0,0.0,,0.0,0.0,0.0,180.0,21.486950683593747,21.486950683593747,Leave_One_experiments/all_year_offline_schedule_search/daily_outputs/HLA/HLA_2010_HLA2010_normal_grid_S0028_daily.csv
HLA,HLA,Hailun,2010,Leave_One_experiments\wth_generated_qc\HLA\HLA2010.WTH,normal_year;nitrogen_stress_year;low_response_year,normal,HLA2010_normal_grid_S0028,low_input_within_10pct_yield,2010-05-07,127,8,3,"{""sim_day"": 8.0, ""doy"": 127.0, ""topwt"": 0.0, ""grnwt"": 0.0, ""xlai"": 0.0, ""totir"": 0.0, ""tofer"": NaN, ""swfac"": 0.0, ""nstres"": 0.0}",0.0,0.0,0.0,0.0,0.0,0.0,,0.0,0.0,0.0,180.0,21.486950683593747,21.486950683593747,Leave_One_experiments/all_year_offline_schedule_search/daily_outputs/HLA/HLA_2010_HLA2010_normal_grid_S0028_daily.csv
HLA,HLA,Hailun,2010,Leave_One_experiments\wth_generated_qc\HLA\HLA2010.WTH,normal_year;nitrogen_stress_year;low_response_year,normal,HLA2010_normal_grid_S0028,low_input_within_10pct_yield,2010-05-08,128,9,4,"{""sim_day"": 9.0, ""doy"": 128.0, ""topwt"": 0.0, ""grnwt"": 0.0, ""xlai"": 0.0, ""totir"": 0.0, ""tofer"": NaN, ""swfac"": 0.0, ""nstres"": 0.0}",0.0,0.0,0.0,0.0,0.0,0.0,,0.0,0.0,0.0,180.0,21.486950683593747,21.486950683593747,Leave_One_experiments/all_year_offline_schedule_search/daily_outputs/HLA/HLA_2010_HLA2010_normal_grid_S0028_daily.csv
HLA,HLA,Hailun,2010,Leave_One_experiments\wth_generated_qc\HLA\HLA2010.WTH,normal_year;nitrogen_stress_year;low_response_year,normal,HLA2010_normal_grid_S0028,low_input_within_10pct_yield,2010-05-09,129,10,5,"{""sim_day"": 10.0, ""doy"": 129.0, ""topwt"": 0.0, ""grnwt"": 0.0, ""xlai"": 0.0, ""totir"": 0.0, ""tofer"": NaN, ""swfac"": 0.0, ""nstres"": 0.0}",0.0,0.0,0.0,0.0,0.0,0.0,,0.0,0.0,0.0,180.0,21.486950683593747,21.486950683593747,Leave_One_experiments/all_year_offline_schedule_search/daily_outputs/HLA/HLA_2010_HLA2010_normal_grid_S0028_daily.csv
HLA,HLA,Hailun,2010,Leave_One_experiments\wth_generated_qc\HLA\HLA2010.WTH,normal_year;nitrogen_stress_year;low_response_year,normal,HLA2010_normal_grid_S0028,low_input_within_10pct_yield,2010-05-10,130,11,6,"{""sim_day"": 11.0, ""doy"": 130.0, ""topwt"": 0.0, ""grnwt"": 0.0, ""xlai"": 0.0, ""totir"": 0.0, ""tofer"": NaN, ""swfac"": 0.0, ""nstres"": 0.0}",0.0,0.0,0.0,0.0,0.0,0.0,,0.0,0.0,0.0,180.0,21.486950683593747,21.486950683593747,Leave_One_experiments/all_year_offline_schedule_search/daily_outputs/HLA/HLA_2010_HLA2010_normal_grid_S0028_daily.csv
HLA,HLA,Hailun,2010,Leave_One_experiments\wth_generated_qc\HLA\HLA2010.WTH,normal_year;nitrogen_stress_year;low_response_year,normal,HLA2010_normal_grid_S0028,low_input_within_10pct_yield,2010-05-11,131,12,7,"{""sim_day"": 12.0, ""doy"": 131.0, ""topwt"": 0.0, ""grnwt"": 0.0, ""xlai"": 0.0, ""totir"": 0.0, ""tofer"": NaN, ""swfac"": 0.0, ""nstres"": 0.0}",0.0,0.0,0.0,0.0,0.0,0.0,,0.0,0.0,0.0,180.0,21.486950683593747,21.486950683593747,Leave_One_experiments/all_year_offline_schedule_search/daily_outputs/HLA/HLA_2010_HLA2010_normal_grid_S0028_daily.csv
HLA,HLA,Hailun,2010,Leave_One_experiments\wth_generated_qc\HLA\HLA2010.WTH,normal_year;nitrogen_stress_year;low_response_year,normal,HLA2010_normal_grid_S0028,low_input_within_10pct_yield,2010-05-12,132,13,8,"{""sim_day"": 13.0, ""doy"": 132.0, ""topwt"": 0.0, ""grnwt"": 0.0, ""xlai"": 0.0, ""totir"": 0.0, ""tofer"": NaN, ""swfac"": 0.0, ""nstres"": 0.0}",0.0,0.0,0.0,0.0,0.0,0.0,,0.0,0.0,0.0,180.0,21.486950683593747,21.486950683593747,Leave_One_experiments/all_year_offline_schedule_search/daily_outputs/HLA/HLA_2010_HLA2010_normal_grid_S0028_daily.csv
HLA,HLA,Hailun,2010,Leave_One_experiments\wth_generated_qc\HLA\HLA2010.WTH,normal_year;nitrogen_stress_year;low_response_year,normal,HLA2010_normal_grid_S0028,low_input_within_10pct_yield,2010-05-13,133,14,9,"{""sim_day"": 14.0, ""doy"": 133.0, ""topwt"": 0.0, ""grnwt"": 0.0, ""xlai"": 0.0, ""totir"": 0.0, ""tofer"": NaN, ""swfac"": 0.0, ""nstres"": 0.0}",0.0,0.0,0.0,0.0,0.0,0.0,,0.0,0.0,0.0,180.0,21.486950683593747,21.486950683593747,Leave_One_experiments/all_year_offline_schedule_search/daily_outputs/HLA/HLA_2010_HLA2010_normal_grid_S0028_daily.csv
HLA,HLA,Hailun,2010,Leave_One_experiments\wth_generated_qc\HLA\HLA2010.WTH,normal_year;nitrogen_stress_year;low_response_year,normal,HLA2010_normal_grid_S0028,low_input_within_10pct_yield,2010-05-14,134,15,10,"{""sim_day"": 15.0, ""doy"": 134.0, ""topwt"": 0.0, ""grnwt"": 0.0, ""xlai"": 0.0, ""totir"": 0.0, ""tofer"": NaN, ""swfac"": 0.0, ""nstres"": 0.0}",0.0,0.0,0.0,0.0,0.0,0.0,,0.0,0.0,0.0,180.0,21.486950683593747,21.486950683593747,Leave_One_experiments/all_year_offline_schedule_search/daily_outputs/HLA/HLA_2010_HLA2010_normal_grid_S0028_daily.csv
HLA,HLA,Hailun,2010,Leave_One_experiments\wth_generated_qc\HLA\HLA2010.WTH,normal_year;nitrogen_stress_year;low_response_year,normal,HLA2010_normal_grid_S0028,low_input_within_10pct_yield,2010-05-15,135,16,11,"{""sim_day"": 16.0, ""doy"": 135.0, ""topwt"": 0.0, ""grnwt"": 0.0, ""xlai"": 0.0, ""totir"": 0.0, ""tofer"": NaN, ""swfac"": 0.0, ""nstres"": 0.0}",0.0,0.0,0.0,0.0,0.0,0.0,,0.0,0.0,0.0,180.0,21.486950683593747,21.486950683593747,Leave_One_experiments/all_year_offline_schedule_search/daily_outputs/HLA/HLA_2010_HLA2010_normal_grid_S0028_daily.csv
HLA,HLA,Hailun,2010,Leave_One_experiments\wth_generated_qc\HLA\HLA2010.WTH,normal_year;nitrogen_stress_year;low_response_year,normal,HLA2010_normal_grid_S0028,low_input_within_10pct_yield,2010-05-16,136,17,12,"{""sim_day"": 17.0, ""doy"": 136.0, ""topwt"": 0.0, ""grnwt"": 0.0, ""xlai"": 0.0, ""totir"": 0.0, ""tofer"": NaN, ""swfac"": 0.0, ""nstres"": 0.0}",0.0,0.0,0.0,0.0,0.0,0.0,,0.0,0.0,0.0,180.0,21.486950683593747,21.486950683593747,Leave_One_experiments/all_year_offline_schedule_search/daily_outputs/HLA/HLA_2010_HLA2010_normal_grid_S0028_daily.csv
HLA,HLA,Hailun,2010,Leave_One_experiments\wth_generated_qc\HLA\HLA2010.WTH,normal_year;nitrogen_stress_year;low_response_year,normal,HLA2010_normal_grid_S0028,low_input_within_10pct_yield,2010-05-17,137,18,13,"{""sim_day"": 18.0, ""doy"": 137.0, ""topwt"": 0.0, ""grnwt"": 0.0, ""xlai"": 0.0, ""totir"": 0.0, ""tofer"": NaN, ""swfac"": 0.0, ""nstres"": 0.0}",0.0,0.0,0.0,0.0,0.0,0.0,,0.0,0.0,0.0,180.0,21.486950683593747,21.486950683593747,Leave_One_experiments/all_year_offline_schedule_search/daily_outputs/HLA/HLA_2010_HLA2010_normal_grid_S0028_daily.csv
HLA,HLA,Hailun,2010,Leave_One_experiments\wth_generated_qc\HLA\HLA2010.WTH,normal_year;nitrogen_stress_year;low_response_year,normal,HLA2010_normal_grid_S0028,low_input_within_10pct_yield,2010-05-18,138,19,14,"{""sim_day"": 19.0, ""doy"": 138.0, ""topwt"": 0.0, ""grnwt"": 0.0, ""xlai"": 0.0, ""totir"": 0.0, ""tofer"": NaN, ""swfac"": 0.0, ""nstres"": 0.0}",0.0,0.0,0.0,0.0,0.0,0.0,,0.0,0.0,0.0,180.0,21.486950683593747,21.486950683593747,Leave_One_experiments/all_year_offline_schedule_search/daily_outputs/HLA/HLA_2010_HLA2010_normal_grid_S0028_daily.csv
HLA,HLA,Hailun,2010,Leave_One_experiments\wth_generated_qc\HLA\HLA2010.WTH,normal_year;nitrogen_stress_year;low_response_year,normal,HLA2010_normal_grid_S0028,low_input_within_10pct_yield,2010-05-19,139,20,15,"{""sim_day"": 20.0, ""doy"": 139.0, ""topwt"": 20.0, ""grnwt"": 0.0, ""xlai"": 0.0016260230913758, ""totir"": 0.0, ""tofer"": NaN, ""swfac"": 0.0, ""nstres"": 0.0121910572052001}",0.0,0.0121910572052001,20.0,0.0,0.0016260230913758,0.0,,0.0,0.0,0.0,180.0,21.486950683593747,21.486950683593747,Leave_One_experiments/all_year_offline_schedule_search/daily_outputs/HLA/HLA_2010_HLA2010_normal_grid_S0028_daily.csv
HLA,HLA,Hailun,2010,Leave_One_experiments\wth_generated_qc\HLA\HLA2010.WTH,normal_year;nitrogen_stress_year;low_response_year,normal,HLA2010_normal_grid_S0028,low_input_within_10pct_yield,2010-05-20,140,21,16,"{""sim_day"": 21.0, ""doy"": 140.0, ""topwt"": 20.0, ""grnwt"": 0.0, ""xlai"": 0.0036296278703957, ""totir"": 0.0, ""tofer"": NaN, ""swfac"": 0.0, ""nstres"": 0.015815258026123}",0.0,0.015815258026123,20.0,0.0,0.0036296278703957,0.0,,0.0,0.0,0.0,180.0,21.486950683593747,21.486950683593747,Leave_One_experiments/all_year_offline_schedule_search/daily_outputs/HLA/HLA_2010_HLA2010_normal_grid_S0028_daily.csv
HLA,HLA,Hailun,2010,Leave_One_experiments\wth_generated_qc\HLA\HLA2010.WTH,normal_year;nitrogen_stress_year;low_response_year,normal,HLA2010_normal_grid_S0028,low_input_within_10pct_yield,2010-05-21,141,22,17,"{""sim_day"": 22.0, ""doy"": 141.0, ""topwt"": 20.0, ""grnwt"": 0.0, ""xlai"": 0.0062260678969323, ""totir"": 0.0, ""tofer"": NaN, ""swfac"": 0.0, ""nstres"": 0.0106118917465209}",0.0,0.0106118917465209,20.0,0.0,0.0062260678969323,0.0,,0.0,0.0,0.0,180.0,21.486950683593747,21.486950683593747,Leave_One_experiments/all_year_offline_schedule_search/daily_outputs/HLA/HLA_2010_HLA2010_normal_grid_S0028_daily.csv
HLA,HLA,Hailun,2010,Leave_One_experiments\wth_generated_qc\HLA\HLA2010.WTH,normal_year;nitrogen_stress_year;low_response_year,normal,HLA2010_normal_grid_S0028,low_input_within_10pct_yield,2010-05-22,142,23,18,"{""sim_day"": 23.0, ""doy"": 142.0, ""topwt"": 20.0, ""grnwt"": 0.0, ""xlai"": 0.0099213290959596, ""totir"": 0.0, ""tofer"": NaN, ""swfac"": 0.0, ""nstres"": 0.0041295289993286}",0.0,0.0041295289993286,20.0,0.0,0.0099213290959596,0.0,,0.0,0.0,0.0,180.0,21.486950683593747,21.486950683593747,Leave_One_experiments/all_year_offline_schedule_search/daily_outputs/HLA/HLA_2010_HLA2010_normal_grid_S0028_daily.csv
HLA,HLA,Hailun,2010,Leave_One_experiments\wth_generated_qc\HLA\HLA2010.WTH,normal_year;nitrogen_stress_year;low_response_year,normal,HLA2010_normal_grid_S0028,low_input_within_10pct_yield,2010-05-23,143,24,19,"{""sim_day"": 24.0, ""doy"": 143.0, ""topwt"": 20.0, ""grnwt"": 0.0, ""xlai"": 0.0136423762887716, ""totir"": 0.0, ""tofer"": NaN, ""swfac"": 0.0, ""nstres"": 0.0}",0.0,0.0,20.0,0.0,0.0136423762887716,0.0,,0.0,0.0,0.0,180.0,21.486950683593747,21.486950683593747,Leave_One_experiments/all_year_offline_schedule_search/daily_outputs/HLA/HLA_2010_HLA2010_normal_grid_S0028_daily.csv
HLA,HLA,Hailun,2010,Leave_One_experiments\wth_generated_qc\HLA\HLA2010.WTH,normal_year;nitrogen_stress_year;low_response_year,normal,HLA2010_normal_grid_S0028,low_input_within_10pct_yield,2010-05-24,144,25,20,"{""sim_day"": 25.0, ""doy"": 144.0, ""topwt"": 20.0, ""grnwt"": 0.0, ""xlai"": 0.024383820593357, ""totir"": 0.0, ""tofer"": NaN, ""swfac"": 0.0, ""nstres"": 0.0}",0.0,0.0,20.0,0.0,0.024383820593357,0.0,,0.0,0.0,0.0,180.0,21.486950683593747,21.486950683593747,Leave_One_experiments/all_year_offline_schedule_search/daily_outputs/HLA/HLA_2010_HLA2010_normal_grid_S0028_daily.csv
HLA,HLA,Hailun,2010,Leave_One_experiments\wth_generated_qc\HLA\HLA2010.WTH,normal_year;nitrogen_stress_year;low_response_year,normal,HLA2010_normal_grid_S0028,low_input_within_10pct_yield,2010-05-25,145,26,21,"{""sim_day"": 26.0, ""doy"": 145.0, ""topwt"": 19.997740983963013, ""grnwt"": 0.0, ""xlai"": 0.0343245677649974, ""totir"": 0.0, ""tofer"": NaN, ""swfac"": 0.0, ""nstres"": 0.0}",0.0,0.0,19.997740983963013,0.0,0.0343245677649974,0.0,,0.0,0.0,0.0,180.0,21.486950683593747,21.486950683593747,Leave_One_experiments/all_year_offline_schedule_search/daily_outputs/HLA/HLA_2010_HLA2010_normal_grid_S0028_daily.csv
HLA,HLA,Hailun,2010,Leave_One_experiments\wth_generated_qc\HLA\HLA2010.WTH,normal_year;nitrogen_stress_year;low_response_year,normal,HLA2010_normal_grid_S0028,low_input_within_10pct_yield,2010-05-26,146,27,22,"{""sim_day"": 27.0, ""doy"": 146.0, ""topwt"": 24.44627046585083, ""grnwt"": 0.0, ""xlai"": 0.0460321716964244, ""totir"": 0.0, ""tofer"": NaN, ""swfac"": 0.0, ""nstres"": 0.0}",0.0,0.0,24.44627046585083,0.0,0.0460321716964244,0.0,,0.0,0.0,0.0,180.0,21.486950683593747,21.486950683593747,Leave_One_experiments/all_year_offline_schedule_search/daily_outputs/HLA/HLA_2010_HLA2010_normal_grid_S0028_daily.csv
HLA,HLA,Hailun,2010,Leave_One_experiments\wth_generated_qc\HLA\HLA2010.WTH,normal_year;nitrogen_stress_year;low_response_year,normal,HLA2010_normal_grid_S0028,low_input_within_10pct_yield,2010-05-27,147,28,23,"{""sim_day"": 28.0, ""doy"": 147.0, ""topwt"": 30.376830101013184, ""grnwt"": 0.0, ""xlai"": 0.0605468973517417, ""totir"": 0.0, ""tofer"": NaN, ""swfac"": 0.0, ""nstres"": 0.0}",0.0,0.0,30.376830101013184,0.0,0.0605468973517417,0.0,,0.0,0.0,0.0,180.0,21.486950683593747,21.486950683593747,Leave_One_experiments/all_year_offline_schedule_search/daily_outputs/HLA/HLA_2010_HLA2010_normal_grid_S0028_daily.csv
HLA,HLA,Hailun,2010,Leave_One_experiments\wth_generated_qc\HLA\HLA2010.WTH,normal_year;nitrogen_stress_year;low_response_year,normal,HLA2010_normal_grid_S0028,low_input_within_10pct_yield,2010-05-28,148,29,24,"{""sim_day"": 29.0, ""doy"": 148.0, ""topwt"": 36.19537115097046, ""grnwt"": 0.0, ""xlai"": 0.0739532485604286, ""totir"": 0.0, ""tofer"": NaN, ""swfac"": 0.0, ""nstres"": 0.0}",0.0,0.0,36.19537115097046,0.0,0.0739532485604286,0.0,,0.0,0.0,0.0,180.0,21.486950683593747,21.486950683593747,Leave_One_experiments/all_year_offline_schedule_search/daily_outputs/HLA/HLA_2010_HLA2010_normal_grid_S0028_daily.csv
HLA,HLA,Hailun,2010,Leave_One_experiments\wth_generated_qc\HLA\HLA2010.WTH,normal_year;nitrogen_stress_year;low_response_year,normal,HLA2010_normal_grid_S0028,low_input_within_10pct_yield,2010-05-29,149,30,25,"{""sim_day"": 30.0, ""doy"": 149.0, ""topwt"": 43.89792442321777, ""grnwt"": 0.0, ""xlai"": 0.0907921642065048, ""totir"": 0.0, ""tofer"": NaN, ""swfac"": 0.0, ""nstres"": 0.0}",0.0,0.0,43.89792442321777,0.0,0.0907921642065048,0.0,,0.0,0.0,0.0,180.0,21.486950683593747,21.486950683593747,Leave_One_experiments/all_year_offline_schedule_search/daily_outputs/HLA/HLA_2010_HLA2010_normal_grid_S0028_daily.csv
HLA,HLA,Hailun,2010,Leave_One_experiments\wth_generated_qc\HLA\HLA2010.WTH,normal_year;nitrogen_stress_year;low_response_year,normal,HLA2010_normal_grid_S0028,low_input_within_10pct_yield,2010-05-30,150,31,26,"{""sim_day"": 31.0, ""doy"": 150.0, ""topwt"": 53.346147537231445, ""grnwt"": 0.0, ""xlai"": 0.1103996336460113, ""totir"": 0.0, ""tofer"": NaN, ""swfac"": 0.0, ""nstres"": 0.0}",0.0,0.0,53.346147537231445,0.0,0.1103996336460113,0.0,,0.0,0.0,0.0,180.0,21.486950683593747,21.486950683593747,Leave_One_experiments/all_year_offline_schedule_search/daily_outputs/HLA/HLA_2010_HLA2010_normal_grid_S0028_daily.csv
HLA,HLA,Hailun,2010,Leave_One_experiments\wth_generated_qc\HLA\HLA2010.WTH,normal_year;nitrogen_stress_year;low_response_year,normal,HLA2010_normal_grid_S0028,low_input_within_10pct_yield,2010-05-31,151,32,27,"{""sim_day"": 32.0, ""doy"": 151.0, ""topwt"": 65.44371128082275, ""grnwt"": 0.0, ""xlai"": 0.1342554241418838, ""totir"": 0.0, ""tofer"": NaN, ""swfac"": 0.0, ""nstres"": 0.0}",0.0,0.0,65.44371128082275,0.0,0.1342554241418838,0.0,,0.0,0.0,0.0,180.0,21.486950683593747,21.486950683593747,Leave_One_experiments/all_year_offline_schedule_search/daily_outputs/HLA/HLA_2010_HLA2010_normal_grid_S0028_daily.csv
HLA,HLA,Hailun,2010,Leave_One_experiments\wth_generated_qc\HLA\HLA2010.WTH,normal_year;nitrogen_stress_year;low_response_year,normal,HLA2010_normal_grid_S0028,low_input_within_10pct_yield,2010-06-01,152,33,28,"{""sim_day"": 33.0, ""doy"": 152.0, ""topwt"": 78.03885459899902, ""grnwt"": 0.0, ""xlai"": 0.1579603105783462, ""totir"": 0.0, ""tofer"": NaN, ""swfac"": 0.0, ""nstres"": 0.0}",0.0,0.0,78.03885459899902,0.0,0.1579603105783462,0.0,,0.0,0.0,0.0,180.0,21.486950683593747,21.486950683593747,Leave_One_experiments/all_year_offline_schedule_search/daily_outputs/HLA/HLA_2010_HLA2010_normal_grid_S0028_daily.csv
HLA,HLA,Hailun,2010,Leave_One_experiments\wth_generated_qc\HLA\HLA2010.WTH,normal_year;nitrogen_stress_year;low_response_year,normal,HLA2010_normal_grid_S0028,low_input_within_10pct_yield,2010-06-02,153,34,29,"{""sim_day"": 34.0, ""doy"": 153.0, ""topwt"": 96.17582321166992, ""grnwt"": 0.0, ""xlai"": 0.1905546337366104, ""totir"": 0.0, ""tofer"": NaN, ""swfac"": 0.0, ""nstres"": 0.0}",0.0,0.0,96.17582321166992,0.0,0.1905546337366104,0.0,,0.0,0.0,0.0,180.0,21.486950683593747,21.486950683593747,Leave_One_experiments/all_year_offline_schedule_search/daily_outputs/HLA/HLA_2010_HLA2010_normal_grid_S0028_daily.csv
HLA,HLA,Hailun,2010,Leave_One_experiments\wth_generated_qc\HLA\HLA2010.WTH,normal_year;nitrogen_stress_year;low_response_year,normal,HLA2010_normal_grid_S0028,low_input_within_10pct_yield,2010-06-03,154,35,30,"{""sim_day"": 35.0, ""doy"": 154.0, ""topwt"": 122.00494766235352, ""grnwt"": 0.0, ""xlai"": 0.2346061766147613, ""totir"": 0.0, ""tofer"": NaN, ""swfac"": 0.0, ""nstres"": 0.0}",0.0,0.0,122.00494766235352,0.0,0.2346061766147613,0.0,,0.0,50.0,0.0,180.0,21.486950683593747,21.486950683593747,Leave_One_experiments/all_year_offline_schedule_search/daily_outputs/HLA/HLA_2010_HLA2010_normal_grid_S0028_daily.csv
HLA,HLA,Hailun,2010,Leave_One_experiments\wth_generated_qc\HLA\HLA2010.WTH,normal_year;nitrogen_stress_year;low_response_year,normal,HLA2010_normal_grid_S0028,low_input_within_10pct_yield,2010-06-04,155,36,31,"{""sim_day"": 36.0, ""doy"": 155.0, ""topwt"": 150.54235458374023, ""grnwt"": 0.0, ""xlai"": 0.2808491587638855, ""totir"": 0.0, ""tofer"": NaN, ""swfac"": 0.0, ""nstres"": 0.0}",0.0,0.0,150.54235458374023,0.0,0.2808491587638855,0.0,,0.0,0.0,0.0,180.0,21.486950683593747,21.486950683593747,Leave_One_experiments/all_year_offline_schedule_search/daily_outputs/HLA/HLA_2010_HLA2010_normal_grid_S0028_daily.csv
HLA,HLA,Hailun,2010,Leave_One_experiments\wth_generated_qc\HLA\HLA2010.WTH,normal_year;nitrogen_stress_year;low_response_year,normal,HLA2010_normal_grid_S0028,low_input_within_10pct_yield,2010-06-05,156,37,32,"{""sim_day"": 37.0, ""doy"": 156.0, ""topwt"": 165.07604598999023, ""grnwt"": 0.0, ""xlai"": 0.3242818713188171, ""totir"": 0.0, ""tofer"": NaN, ""swfac"": 0.0, ""nstres"": 0.0}",0.0,0.0,165.07604598999023,0.0,0.3242818713188171,0.0,,0.0,0.0,0.0,180.0,21.486950683593747,21.486950683593747,Leave_One_experiments/all_year_offline_schedule_search/daily_outputs/HLA/HLA_2010_HLA2010_normal_grid_S0028_daily.csv
HLA,HLA,Hailun,2010,Leave_One_experiments\wth_generated_qc\HLA\HLA2010.WTH,normal_year;nitrogen_stress_year;low_response_year,normal,HLA2010_normal_grid_S0028,low_input_within_10pct_yield,2010-06-06,157,38,33,"{""sim_day"": 38.0, ""doy"": 157.0, ""topwt"": 206.42728805541992, ""grnwt"": 0.0, ""xlai"": 0.3910887241363525, ""totir"": 0.0, ""tofer"": NaN, ""swfac"": 0.0, ""nstres"": 0.0049309730529785}",0.0,0.0049309730529785,206.42728805541992,0.0,0.3910887241363525,0.0,,0.0,0.0,0.0,180.0,21.486950683593747,21.486950683593747,Leave_One_experiments/all_year_offline_schedule_search/daily_outputs/HLA/HLA_2010_HLA2010_normal_grid_S0028_daily.csv
HLA,HLA,Hailun,2010,Leave_One_experiments\wth_generated_qc\HLA\HLA2010.WTH,normal_year;nitrogen_stress_year;low_response_year,normal,HLA2010_normal_grid_S0028,low_input_within_10pct_yield,2010-06-07,158,39,34,"{""sim_day"": 39.0, ""doy"": 158.0, ""topwt"": 261.2941360473633, ""grnwt"": 0.0, ""xlai"": 0.4753247797489166, ""totir"": 0.0, ""tofer"": NaN, ""swfac"": 0.0, ""nstres"": 0.0}",0.0,0.0,261.2941360473633,0.0,0.4753247797489166,0.0,,0.0,0.0,0.0,180.0,21.486950683593747,21.486950683593747,Leave_One_experiments/all_year_offline_schedule_search/daily_outputs/HLA/HLA_2010_HLA2010_normal_grid_S0028_daily.csv
HLA,HLA,Hailun,2010,Leave_One_experiments\wth_generated_qc\HLA\HLA2010.WTH,normal_year;nitrogen_stress_year;low_response_year,normal,HLA2010_normal_grid_S0028,low_input_within_10pct_yield,2010-06-08,159,40,35,"{""sim_day"": 40.0, ""doy"": 159.0, ""topwt"": 313.31748962402344, ""grnwt"": 0.0, ""xlai"": 0.5516176223754883, ""totir"": 0.0, ""tofer"": NaN, ""swfac"": 0.0, ""nstres"": 0.0}",0.0,0.0,313.31748962402344,0.0,0.5516176223754883,0.0,,0.0,0.0,0.0,180.0,21.486950683593747,21.486950683593747,Leave_One_experiments/all_year_offline_schedule_search/daily_outputs/HLA/HLA_2010_HLA2010_normal_grid_S0028_daily.csv
HLA,HLA,Hailun,2010,Leave_One_experiments\wth_generated_qc\HLA\HLA2010.WTH,normal_year;nitrogen_stress_year;low_response_year,normal,HLA2010_normal_grid_S0028,low_input_within_10pct_yield,2010-06-09,160,41,36,"{""sim_day"": 41.0, ""doy"": 160.0, ""topwt"": 386.2583923339844, ""grnwt"": 0.0, ""xlai"": 0.6540691256523132, ""totir"": 0.0, ""tofer"": NaN, ""swfac"": 0.0, ""nstres"": 0.0}",0.0,0.0,386.2583923339844,0.0,0.6540691256523132,0.0,,0.0,0.0,0.0,180.0,21.486950683593747,21.486950683593747,Leave_One_experiments/all_year_offline_schedule_search/daily_outputs/HLA/HLA_2010_HLA2010_normal_grid_S0028_daily.csv
HLA,HLA,Hailun,2010,Leave_One_experiments\wth_generated_qc\HLA\HLA2010.WTH,normal_year;nitrogen_stress_year;low_response_year,normal,HLA2010_normal_grid_S0028,low_input_within_10pct_yield,2010-06-10,161,42,37,"{""sim_day"": 42.0, ""doy"": 161.0, ""topwt"": 472.3782348632813, ""grnwt"": 0.0, ""xlai"": 0.7696992754936218, ""totir"": 0.0, ""tofer"": NaN, ""swfac"": 0.0, ""nstres"": 0.0}",0.0,0.0,472.3782348632813,0.0,0.7696992754936218,0.0,,0.0,0.0,0.0,180.0,21.486950683593747,21.486950683593747,Leave_One_experiments/all_year_offline_schedule_search/daily_outputs/HLA/HLA_2010_HLA2010_normal_grid_S0028_daily.csv
HLA,HLA,Hailun,2010,Leave_One_experiments\wth_generated_qc\HLA\HLA2010.WTH,normal_year;nitrogen_stress_year;low_response_year,normal,HLA2010_normal_grid_S0028,low_input_within_10pct_yield,2010-06-11,162,43,38,"{""sim_day"": 43.0, ""doy"": 162.0, ""topwt"": 537.282600402832, ""grnwt"": 0.0, ""xlai"": 0.8537566065788269, ""totir"": 0.0, ""tofer"": NaN, ""swfac"": 0.0, ""nstres"": 0.0}",0.0,0.0,537.282600402832,0.0,0.8537566065788269,0.0,,0.0,0.0,0.0,180.0,21.486950683593747,21.486950683593747,Leave_One_experiments/all_year_offline_schedule_search/daily_outputs/HLA/HLA_2010_HLA2010_normal_grid_S0028_daily.csv
HLA,HLA,Hailun,2010,Leave_One_experiments\wth_generated_qc\HLA\HLA2010.WTH,normal_year;nitrogen_stress_year;low_response_year,normal,HLA2010_normal_grid_S0028,low_input_within_10pct_yield,2010-06-12,163,44,39,"{""sim_day"": 44.0, ""doy"": 163.0, ""topwt"": 611.8568801879883, ""grnwt"": 0.0, ""xlai"": 0.9446281790733336, ""totir"": 0.0, ""tofer"": NaN, ""swfac"": 0.0, ""nstres"": 0.0}",0.0,0.0,611.8568801879883,0.0,0.9446281790733336,0.0,,0.0,0.0,0.0,180.0,21.486950683593747,21.486950683593747,Leave_One_experiments/all_year_offline_schedule_search/daily_outputs/HLA/HLA_2010_HLA2010_normal_grid_S0028_daily.csv
HLA,HLA,Hailun,2010,Leave_One_experiments\wth_generated_qc\HLA\HLA2010.WTH,normal_year;nitrogen_stress_year;low_response_year,normal,HLA2010_normal_grid_S0028,low_input_within_10pct_yield,2010-06-13,164,45,40,"{""sim_day"": 45.0, ""doy"": 164.0, ""topwt"": 707.1478271484375, ""grnwt"": 0.0, ""xlai"": 1.0651532411575315, ""totir"": 0.0, ""tofer"": NaN, ""swfac"": 0.0, ""nstres"": 0.0}",0.0,0.0,707.1478271484375,0.0,1.0651532411575315,0.0,,0.0,0.0,0.0,180.0,21.486950683593747,21.486950683593747,Leave_One_experiments/all_year_offline_schedule_search/daily_outputs/HLA/HLA_2010_HLA2010_normal_grid_S0028_daily.csv
HLA,HLA,Hailun,2010,Leave_One_experiments\wth_generated_qc\HLA\HLA2010.WTH,normal_year;nitrogen_stress_year;low_response_year,normal,HLA2010_normal_grid_S0028,low_input_within_10pct_yield,2010-06-14,165,46,41,"{""sim_day"": 46.0, ""doy"": 165.0, ""topwt"": 794.0884399414062, ""grnwt"": 0.0, ""xlai"": 1.1709465980529783, ""totir"": 0.0, ""tofer"": NaN, ""swfac"": 0.0, ""nstres"": 0.0}",0.0,0.0,794.0884399414062,0.0,1.1709465980529783,0.0,,0.0,0.0,0.0,180.0,21.486950683593747,21.486950683593747,Leave_One_experiments/all_year_offline_schedule_search/daily_outputs/HLA/HLA_2010_HLA2010_normal_grid_S0028_daily.csv
HLA,HLA,Hailun,2010,Leave_One_experiments\wth_generated_qc\HLA\HLA2010.WTH,normal_year;nitrogen_stress_year;low_response_year,normal,HLA2010_normal_grid_S0028,low_input_within_10pct_yield,2010-06-15,166,47,42,"{""sim_day"": 47.0, ""doy"": 166.0, ""topwt"": 885.2165222167969, ""grnwt"": 0.0, ""xlai"": 1.277558445930481, ""totir"": 0.0, ""tofer"": NaN, ""swfac"": 0.0, ""nstres"": 0.0}",0.0,0.0,885.2165222167969,0.0,1.277558445930481,0.0,,0.0,0.0,0.0,180.0,21.486950683593747,21.486950683593747,Leave_One_experiments/all_year_offline_schedule_search/daily_outputs/HLA/HLA_2010_HLA2010_normal_grid_S0028_daily.csv
HLA,HLA,Hailun,2010,Leave_One_experiments\wth_generated_qc\HLA\HLA2010.WTH,normal_year;nitrogen_stress_year;low_response_year,normal,HLA2010_normal_grid_S0028,low_input_within_10pct_yield,2010-06-16,167,48,43,"{""sim_day"": 48.0, ""doy"": 167.0, ""topwt"": 985.6947326660156, ""grnwt"": 0.0, ""xlai"": 1.3900854587554932, ""totir"": 0.0, ""tofer"": NaN, ""swfac"": 0.0, ""nstres"": 0.0}",0.0,0.0,985.6947326660156,0.0,1.3900854587554932,0.0,,0.0,0.0,0.0,180.0,21.486950683593747,21.486950683593747,Leave_One_experiments/all_year_offline_schedule_search/daily_outputs/HLA/HLA_2010_HLA2010_normal_grid_S0028_daily.csv
HLA,HLA,Hailun,2010,Leave_One_experiments\wth_generated_qc\HLA\HLA2010.WTH,normal_year;nitrogen_stress_year;low_response_year,normal,HLA2010_normal_grid_S0028,low_input_within_10pct_yield,2010-06-17,168,49,44,"{""sim_day"": 49.0, ""doy"": 168.0, ""topwt"": 1106.0550689697266, ""grnwt"": 0.0, ""xlai"": 1.5180155038833618, ""totir"": 0.0, ""tofer"": NaN, ""swfac"": 0.0, ""nstres"": 0.0}",0.0,0.0,1106.0550689697266,0.0,1.5180155038833618,0.0,,0.0,0.0,0.0,180.0,21.486950683593747,21.486950683593747,Leave_One_experiments/all_year_offline_schedule_search/daily_outputs/HLA/HLA_2010_HLA2010_normal_grid_S0028_daily.csv
HLA,HLA,Hailun,2010,Leave_One_experiments\wth_generated_qc\HLA\HLA2010.WTH,normal_year;nitrogen_stress_year;low_response_year,normal,HLA2010_normal_grid_S0028,low_input_within_10pct_yield,2010-06-18,169,50,45,"{""sim_day"": 50.0, ""doy"": 169.0, ""topwt"": 1243.1275939941406, ""grnwt"": 0.0, ""xlai"": 1.6551612615585327, ""totir"": 0.0, ""tofer"": NaN, ""swfac"": 0.0, ""nstres"": 0.0}",0.0,0.0,1243.1275939941406,0.0,1.6551612615585327,0.0,,0.0,0.0,0.0,180.0,21.486950683593747,21.486950683593747,Leave_One_experiments/all_year_offline_schedule_search/daily_outputs/HLA/HLA_2010_HLA2010_normal_grid_S0028_daily.csv
HLA,HLA,Hailun,2010,Leave_One_experiments\wth_generated_qc\HLA\HLA2010.WTH,normal_year;nitrogen_stress_year;low_response_year,normal,HLA2010_normal_grid_S0028,low_input_within_10pct_yield,2010-06-19,170,51,46,"{""sim_day"": 51.0, ""doy"": 170.0, ""topwt"": 1326.134033203125, ""grnwt"": 0.0, ""xlai"": 1.7348302602767944, ""totir"": 0.0, ""tofer"": NaN, ""swfac"": 0.0, ""nstres"": 0.0}",0.0,0.0,1326.134033203125,0.0,1.7348302602767944,0.0,,0.0,0.0,0.0,180.0,21.486950683593747,21.486950683593747,Leave_One_experiments/all_year_offline_schedule_search/daily_outputs/HLA/HLA_2010_HLA2010_normal_grid_S0028_daily.csv
HLA,HLA,Hailun,2010,Leave_One_experiments\wth_generated_qc\HLA\HLA2010.WTH,normal_year;nitrogen_stress_year;low_response_year,normal,HLA2010_normal_grid_S0028,low_input_within_10pct_yield,2010-06-20,171,52,47,"{""sim_day"": 52.0, ""doy"": 171.0, ""topwt"": 1384.6212768554688, ""grnwt"": 0.0, ""xlai"": 1.7894161939620972, ""totir"": 0.0, ""tofer"": NaN, ""swfac"": 0.0, ""nstres"": 0.0}",0.0,0.0,1384.6212768554688,0.0,1.7894161939620972,0.0,,0.0,0.0,0.0,180.0,21.486950683593747,21.486950683593747,Leave_One_experiments/all_year_offline_schedule_search/daily_outputs/HLA/HLA_2010_HLA2010_normal_grid_S0028_daily.csv
HLA,HLA,Hailun,2010,Leave_One_experiments\wth_generated_qc\HLA\HLA2010.WTH,normal_year;nitrogen_stress_year;low_response_year,normal,HLA2010_normal_grid_S0028,low_input_within_10pct_yield,2010-06-21,172,53,48,"{""sim_day"": 53.0, ""doy"": 172.0, ""topwt"": 1468.9581298828125, ""grnwt"": 0.0, ""xlai"": 1.865413784980774, ""totir"": 0.0, ""tofer"": NaN, ""swfac"": 0.0, ""nstres"": 0.0}",0.0,0.0,1468.9581298828125,0.0,1.865413784980774,0.0,,0.0,0.0,0.0,180.0,21.486950683593747,21.486950683593747,Leave_One_experiments/all_year_offline_schedule_search/daily_outputs/HLA/HLA_2010_HLA2010_normal_grid_S0028_daily.csv
HLA,HLA,Hailun,2010,Leave_One_experiments\wth_generated_qc\HLA\HLA2010.WTH,normal_year;nitrogen_stress_year;low_response_year,normal,HLA2010_normal_grid_S0028,low_input_within_10pct_yield,2010-06-22,173,54,49,"{""sim_day"": 54.0, ""doy"": 173.0, ""topwt"": 1608.2551574707031, ""grnwt"": 0.0, ""xlai"": 1.9840856790542605, ""totir"": 0.0, ""tofer"": NaN, ""swfac"": 0.0, ""nstres"": 0.0}",0.0,0.0,1608.2551574707031,0.0,1.9840856790542605,0.0,,0.0,0.0,0.0,180.0,21.486950683593747,21.486950683593747,Leave_One_experiments/all_year_offline_schedule_search/daily_outputs/HLA/HLA_2010_HLA2010_normal_grid_S0028_daily.csv
HLA,HLA,Hailun,2010,Leave_One_experiments\wth_generated_qc\HLA\HLA2010.WTH,normal_year;nitrogen_stress_year;low_response_year,normal,HLA2010_normal_grid_S0028,low_input_within_10pct_yield,2010-06-23,174,55,50,"{""sim_day"": 55.0, ""doy"": 174.0, ""topwt"": 1793.4426879882812, ""grnwt"": 0.0, ""xlai"": 2.1306347846984863, ""totir"": 0.0, ""tofer"": NaN, ""swfac"": 0.0, ""nstres"": 0.0}",0.0,0.0,1793.4426879882812,0.0,2.1306347846984863,0.0,,0.0,0.0,0.0,180.0,21.486950683593747,21.486950683593747,Leave_One_experiments/all_year_offline_schedule_search/daily_outputs/HLA/HLA_2010_HLA2010_normal_grid_S0028_daily.csv
HLA,HLA,Hailun,2010,Leave_One_experiments\wth_generated_qc\HLA\HLA2010.WTH,normal_year;nitrogen_stress_year;low_response_year,normal,HLA2010_normal_grid_S0028,low_input_within_10pct_yield,2010-06-24,175,56,51,"{""sim_day"": 56.0, ""doy"": 175.0, ""topwt"": 1989.0617370605469, ""grnwt"": 0.0, ""xlai"": 2.27409029006958, ""totir"": 0.0, ""tofer"": NaN, ""swfac"": 0.0, ""nstres"": 0.0}",0.0,0.0,1989.0617370605469,0.0,2.27409029006958,0.0,,0.0,0.0,0.0,180.0,21.486950683593747,21.486950683593747,Leave_One_experiments/all_year_offline_schedule_search/daily_outputs/HLA/HLA_2010_HLA2010_normal_grid_S0028_daily.csv
HLA,HLA,Hailun,2010,Leave_One_experiments\wth_generated_qc\HLA\HLA2010.WTH,normal_year;nitrogen_stress_year;low_response_year,normal,HLA2010_normal_grid_S0028,low_input_within_10pct_yield,2010-06-25,176,57,52,"{""sim_day"": 57.0, ""doy"": 176.0, ""topwt"": 2210.2464294433594, ""grnwt"": 0.0, ""xlai"": 2.4237866401672363, ""totir"": 0.0, ""tofer"": NaN, ""swfac"": 0.0, ""nstres"": 0.0}",0.0,0.0,2210.2464294433594,0.0,2.4237866401672363,0.0,,0.0,0.0,0.0,180.0,21.486950683593747,21.486950683593747,Leave_One_experiments/all_year_offline_schedule_search/daily_outputs/HLA/HLA_2010_HLA2010_normal_grid_S0028_daily.csv
HLA,HLA,Hailun,2010,Leave_One_experiments\wth_generated_qc\HLA\HLA2010.WTH,normal_year;nitrogen_stress_year;low_response_year,normal,HLA2010_normal_grid_S0028,low_input_within_10pct_yield,2010-06-26,177,58,53,"{""sim_day"": 58.0, ""doy"": 177.0, ""topwt"": 2446.513977050781, ""grnwt"": 0.0, ""xlai"": 2.571332693099976, ""totir"": 0.0, ""tofer"": NaN, ""swfac"": 0.0, ""nstres"": 0.0}",0.0,0.0,2446.513977050781,0.0,2.571332693099976,0.0,,0.0,0.0,0.0,180.0,21.486950683593747,21.486950683593747,Leave_One_experiments/all_year_offline_schedule_search/daily_outputs/HLA/HLA_2010_HLA2010_normal_grid_S0028_daily.csv
HLA,HLA,Hailun,2010,Leave_One_experiments\wth_generated_qc\HLA\HLA2010.WTH,normal_year;nitrogen_stress_year;low_response_year,normal,HLA2010_normal_grid_S0028,low_input_within_10pct_yield,2010-06-27,178,59,54,"{""sim_day"": 59.0, ""doy"": 178.0, ""topwt"": 2690.9762573242188, ""grnwt"": 0.0, ""xlai"": 2.712599992752075, ""totir"": 0.0, ""tofer"": NaN, ""swfac"": 0.0, ""nstres"": 0.0}",0.0,0.0,2690.9762573242188,0.0,2.712599992752075,0.0,,0.0,0.0,0.0,180.0,21.486950683593747,21.486950683593747,Leave_One_experiments/all_year_offline_schedule_search/daily_outputs/HLA/HLA_2010_HLA2010_normal_grid_S0028_daily.csv
HLA,HLA,Hailun,2010,Leave_One_experiments\wth_generated_qc\HLA\HLA2010.WTH,normal_year;nitrogen_stress_year;low_response_year,normal,HLA2010_normal_grid_S0028,low_input_within_10pct_yield,2010-06-28,179,60,55,"{""sim_day"": 60.0, ""doy"": 179.0, ""topwt"": 2931.712646484375, ""grnwt"": 0.0, ""xlai"": 2.84212064743042, ""totir"": 0.0, ""tofer"": NaN, ""swfac"": 0.0, ""nstres"": 0.0}",0.0,0.0,2931.712646484375,0.0,2.84212064743042,0.0,,0.0,0.0,0.0,180.0,21.486950683593747,21.486950683593747,Leave_One_experiments/all_year_offline_schedule_search/daily_outputs/HLA/HLA_2010_HLA2010_normal_grid_S0028_daily.csv
HLA,HLA,Hailun,2010,Leave_One_experiments\wth_generated_qc\HLA\HLA2010.WTH,normal_year;nitrogen_stress_year;low_response_year,normal,HLA2010_normal_grid_S0028,low_input_within_10pct_yield,2010-06-29,180,61,56,"{""sim_day"": 61.0, ""doy"": 180.0, ""topwt"": 3184.6206665039062, ""grnwt"": 0.0, ""xlai"": 2.9690794944763184, ""totir"": 0.0, ""tofer"": NaN, ""swfac"": 0.0, ""nstres"": 0.0}",0.0,0.0,3184.6206665039062,0.0,2.9690794944763184,0.0,,0.0,0.0,0.0,180.0,21.486950683593747,21.486950683593747,Leave_One_experiments/all_year_offline_schedule_search/daily_outputs/HLA/HLA_2010_HLA2010_normal_grid_S0028_daily.csv
HLA,HLA,Hailun,2010,Leave_One_experiments\wth_generated_qc\HLA\HLA2010.WTH,normal_year;nitrogen_stress_year;low_response_year,normal,HLA2010_normal_grid_S0028,low_input_within_10pct_yield,2010-06-30,181,62,57,"{""sim_day"": 62.0, ""doy"": 181.0, ""topwt"": 3458.8986206054688, ""grnwt"": 0.0, ""xlai"": 3.0975265502929688, ""totir"": 0.0, ""tofer"": NaN, ""swfac"": 0.0, ""nstres"": 0.0}",0.0,0.0,3458.8986206054688,0.0,3.0975265502929688,0.0,,0.0,0.0,0.0,180.0,21.486950683593747,21.486950683593747,Leave_One_experiments/all_year_offline_schedule_search/daily_outputs/HLA/HLA_2010_HLA2010_normal_grid_S0028_daily.csv
HLA,HLA,Hailun,2010,Leave_One_experiments\wth_generated_qc\HLA\HLA2010.WTH,normal_year;nitrogen_stress_year;low_response_year,normal,HLA2010_normal_grid_S0028,low_input_within_10pct_yield,2010-07-01,182,63,58,"{""sim_day"": 63.0, ""doy"": 182.0, ""topwt"": 3734.053039550781, ""grnwt"": 0.0, ""xlai"": 3.2182393074035645, ""totir"": 0.0, ""tofer"": NaN, ""swfac"": 0.0, ""nstres"": 0.0}",0.0,0.0,3734.053039550781,0.0,3.2182393074035645,0.0,,0.0,0.0,0.0,180.0,21.486950683593747,21.486950683593747,Leave_One_experiments/all_year_offline_schedule_search/daily_outputs/HLA/HLA_2010_HLA2010_normal_grid_S0028_daily.csv
HLA,HLA,Hailun,2010,Leave_One_experiments\wth_generated_qc\HLA\HLA2010.WTH,normal_year;nitrogen_stress_year;low_response_year,normal,HLA2010_normal_grid_S0028,low_input_within_10pct_yield,2010-07-02,183,64,59,"{""sim_day"": 64.0, ""doy"": 183.0, ""topwt"": 4039.8291015625, ""grnwt"": 0.0, ""xlai"": 3.3437561988830566, ""totir"": 0.0, ""tofer"": NaN, ""swfac"": 0.0, ""nstres"": 0.0}",0.0,0.0,4039.8291015625,0.0,3.3437561988830566,0.0,,0.0,0.0,0.0,180.0,21.486950683593747,21.486950683593747,Leave_One_experiments/all_year_offline_schedule_search/daily_outputs/HLA/HLA_2010_HLA2010_normal_grid_S0028_daily.csv
HLA,HLA,Hailun,2010,Leave_One_experiments\wth_generated_qc\HLA\HLA2010.WTH,normal_year;nitrogen_stress_year;low_response_year,normal,HLA2010_normal_grid_S0028,low_input_within_10pct_yield,2010-07-03,184,65,60,"{""sim_day"": 65.0, ""doy"": 184.0, ""topwt"": 4209.881591796875, ""grnwt"": 0.0, ""xlai"": 3.404365062713623, ""totir"": 0.0, ""tofer"": NaN, ""swfac"": 0.0, ""nstres"": 0.0129393339157104}",0.0,0.0129393339157104,4209.881591796875,0.0,3.404365062713623,0.0,,0.0,50.0,0.0,180.0,21.486950683593747,21.486950683593747,Leave_One_experiments/all_year_offline_schedule_search/daily_outputs/HLA/HLA_2010_HLA2010_normal_grid_S0028_daily.csv
HLA,HLA,Hailun,2010,Leave_One_experiments\wth_generated_qc\HLA\HLA2010.WTH,normal_year;nitrogen_stress_year;low_response_year,normal,HLA2010_normal_grid_S0028,low_input_within_10pct_yield,2010-07-04,185,66,61,"{""sim_day"": 66.0, ""doy"": 185.0, ""topwt"": 4432.481689453125, ""grnwt"": 0.0, ""xlai"": 3.487377166748047, ""totir"": 0.0, ""tofer"": NaN, ""swfac"": 0.0, ""nstres"": 0.0}",0.0,0.0,4432.481689453125,0.0,3.487377166748047,0.0,,0.0,0.0,0.0,180.0,21.486950683593747,21.486950683593747,Leave_One_experiments/all_year_offline_schedule_search/daily_outputs/HLA/HLA_2010_HLA2010_normal_grid_S0028_daily.csv
HLA,HLA,Hailun,2010,Leave_One_experiments\wth_generated_qc\HLA\HLA2010.WTH,normal_year;nitrogen_stress_year;low_response_year,normal,HLA2010_normal_grid_S0028,low_input_within_10pct_yield,2010-07-05,186,67,62,"{""sim_day"": 67.0, ""doy"": 186.0, ""topwt"": 4629.620971679688, ""grnwt"": 0.0, ""xlai"": 3.558159589767456, ""totir"": 0.0, ""tofer"": NaN, ""swfac"": 0.0, ""nstres"": 0.0}",0.0,0.0,4629.620971679688,0.0,3.558159589767456,0.0,,0.0,0.0,0.0,180.0,21.486950683593747,21.486950683593747,Leave_One_experiments/all_year_offline_schedule_search/daily_outputs/HLA/HLA_2010_HLA2010_normal_grid_S0028_daily.csv
HLA,HLA,Hailun,2010,Leave_One_experiments\wth_generated_qc\HLA\HLA2010.WTH,normal_year;nitrogen_stress_year;low_response_year,normal,HLA2010_normal_grid_S0028,low_input_within_10pct_yield,2010-07-06,187,68,63,"{""sim_day"": 68.0, ""doy"": 187.0, ""topwt"": 4882.2686767578125, ""grnwt"": 0.0, ""xlai"": 3.700051069259644, ""totir"": 0.0, ""tofer"": NaN, ""swfac"": 0.0, ""nstres"": 0.0}",0.0,0.0,4882.2686767578125,0.0,3.700051069259644,0.0,,0.0,0.0,0.0,180.0,21.486950683593747,21.486950683593747,Leave_One_experiments/all_year_offline_schedule_search/daily_outputs/HLA/HLA_2010_HLA2010_normal_grid_S0028_daily.csv
HLA,HLA,Hailun,2010,Leave_One_experiments\wth_generated_qc\HLA\HLA2010.WTH,normal_year;nitrogen_stress_year;low_response_year,normal,HLA2010_normal_grid_S0028,low_input_within_10pct_yield,2010-07-07,188,69,64,"{""sim_day"": 69.0, ""doy"": 188.0, ""topwt"": 5167.6019287109375, ""grnwt"": 0.0, ""xlai"": 3.828999519348145, ""totir"": 0.0, ""tofer"": NaN, ""swfac"": 0.0, ""nstres"": 0.0}",0.0,0.0,5167.6019287109375,0.0,3.828999519348145,0.0,,0.0,0.0,0.0,180.0,21.486950683593747,21.486950683593747,Leave_One_experiments/all_year_offline_schedule_search/daily_outputs/HLA/HLA_2010_HLA2010_normal_grid_S0028_daily.csv
HLA,HLA,Hailun,2010,Leave_One_experiments\wth_generated_qc\HLA\HLA2010.WTH,normal_year;nitrogen_stress_year;low_response_year,normal,HLA2010_normal_grid_S0028,low_input_within_10pct_yield,2010-07-08,189,70,65,"{""sim_day"": 70.0, ""doy"": 189.0, ""topwt"": 5464.317626953125, ""grnwt"": 0.0, ""xlai"": 3.944443225860596, ""totir"": 0.0, ""tofer"": NaN, ""swfac"": 0.0, ""nstres"": 0.0}",0.0,0.0,5464.317626953125,0.0,3.944443225860596,0.0,,0.0,0.0,0.0,180.0,21.486950683593747,21.486950683593747,Leave_One_experiments/all_year_offline_schedule_search/daily_outputs/HLA/HLA_2010_HLA2010_normal_grid_S0028_daily.csv
HLA,HLA,Hailun,2010,Leave_One_experiments\wth_generated_qc\HLA\HLA2010.WTH,normal_year;nitrogen_stress_year;low_response_year,normal,HLA2010_normal_grid_S0028,low_input_within_10pct_yield,2010-07-09,190,71,66,"{""sim_day"": 71.0, ""doy"": 190.0, ""topwt"": 5735.3692626953125, ""grnwt"": 0.0, ""xlai"": 4.039443492889404, ""totir"": 0.0, ""tofer"": NaN, ""swfac"": 0.0, ""nstres"": 0.0}",0.0,0.0,5735.3692626953125,0.0,4.039443492889404,0.0,,0.0,0.0,0.0,180.0,21.486950683593747,21.486950683593747,Leave_One_experiments/all_year_offline_schedule_search/daily_outputs/HLA/HLA_2010_HLA2010_normal_grid_S0028_daily.csv
HLA,HLA,Hailun,2010,Leave_One_experiments\wth_generated_qc\HLA\HLA2010.WTH,normal_year;nitrogen_stress_year;low_response_year,normal,HLA2010_normal_grid_S0028,low_input_within_10pct_yield,2010-07-10,191,72,67,"{""sim_day"": 72.0, ""doy"": 191.0, ""topwt"": 6010.064697265625, ""grnwt"": 0.0, ""xlai"": 4.126428127288818, ""totir"": 0.0, ""tofer"": NaN, ""swfac"": 0.0, ""nstres"": 0.0}",0.0,0.0,6010.064697265625,0.0,4.126428127288818,0.0,,0.0,0.0,0.0,180.0,21.486950683593747,21.486950683593747,Leave_One_experiments/all_year_offline_schedule_search/daily_outputs/HLA/HLA_2010_HLA2010_normal_grid_S0028_daily.csv
HLA,HLA,Hailun,2010,Leave_One_experiments\wth_generated_qc\HLA\HLA2010.WTH,normal_year;nitrogen_stress_year;low_response_year,normal,HLA2010_normal_grid_S0028,low_input_within_10pct_yield,2010-07-11,192,73,68,"{""sim_day"": 73.0, ""doy"": 192.0, ""topwt"": 6272.8692626953125, ""grnwt"": 0.0, ""xlai"": 4.200870513916016, ""totir"": 0.0, ""tofer"": NaN, ""swfac"": 0.0, ""nstres"": 0.0}",0.0,0.0,6272.8692626953125,0.0,4.200870513916016,0.0,,0.0,0.0,0.0,180.0,21.486950683593747,21.486950683593747,Leave_One_experiments/all_year_offline_schedule_search/daily_outputs/HLA/HLA_2010_HLA2010_normal_grid_S0028_daily.csv
HLA,HLA,Hailun,2010,Leave_One_experiments\wth_generated_qc\HLA\HLA2010.WTH,normal_year;nitrogen_stress_year;low_response_year,normal,HLA2010_normal_grid_S0028,low_input_within_10pct_yield,2010-07-12,193,74,69,"{""sim_day"": 74.0, ""doy"": 193.0, ""topwt"": 6534.2095947265625, ""grnwt"": 0.0, ""xlai"": 4.267496585845947, ""totir"": 0.0, ""tofer"": NaN, ""swfac"": 0.0, ""nstres"": 0.009149432182312}",0.0,0.009149432182312,6534.2095947265625,0.0,4.267496585845947,0.0,,0.0,0.0,0.0,180.0,21.486950683593747,21.486950683593747,Leave_One_experiments/all_year_offline_schedule_search/daily_outputs/HLA/HLA_2010_HLA2010_normal_grid_S0028_daily.csv
HLA,HLA,Hailun,2010,Leave_One_experiments\wth_generated_qc\HLA\HLA2010.WTH,normal_year;nitrogen_stress_year;low_response_year,normal,HLA2010_normal_grid_S0028,low_input_within_10pct_yield,2010-07-13,194,75,70,"{""sim_day"": 75.0, ""doy"": 194.0, ""topwt"": 6755.6097412109375, ""grnwt"": 0.0, ""xlai"": 4.315189361572266, ""totir"": 0.0, ""tofer"": NaN, ""swfac"": 0.0, ""nstres"": 0.0213260650634765}",0.0,0.0213260650634765,6755.6097412109375,0.0,4.315189361572266,0.0,,0.0,0.0,0.0,180.0,21.486950683593747,21.486950683593747,Leave_One_experiments/all_year_offline_schedule_search/daily_outputs/HLA/HLA_2010_HLA2010_normal_grid_S0028_daily.csv
HLA,HLA,Hailun,2010,Leave_One_experiments\wth_generated_qc\HLA\HLA2010.WTH,normal_year;nitrogen_stress_year;low_response_year,normal,HLA2010_normal_grid_S0028,low_input_within_10pct_yield,2010-07-14,195,76,71,"{""sim_day"": 76.0, ""doy"": 195.0, ""topwt"": 6993.0810546875, ""grnwt"": 0.0, ""xlai"": 4.358901500701904, ""totir"": 0.0, ""tofer"": NaN, ""swfac"": 0.0, ""nstres"": 0.0307340621948242}",0.0,0.0307340621948242,6993.0810546875,0.0,4.358901500701904,0.0,,0.0,0.0,0.0,180.0,21.486950683593747,21.486950683593747,Leave_One_experiments/all_year_offline_schedule_search/daily_outputs/HLA/HLA_2010_HLA2010_normal_grid_S0028_daily.csv
HLA,HLA,Hailun,2010,Leave_One_experiments\wth_generated_qc\HLA\HLA2010.WTH,normal_year;nitrogen_stress_year;low_response_year,normal,HLA2010_normal_grid_S0028,low_input_within_10pct_yield,2010-07-15,196,77,72,"{""sim_day"": 77.0, ""doy"": 196.0, ""topwt"": 7061.339721679688, ""grnwt"": 0.0, ""xlai"": 4.355123996734619, ""totir"": 0.0, ""tofer"": NaN, ""swfac"": 0.0, ""nstres"": 0.0369143486022949}",0.0,0.0369143486022949,7061.339721679688,0.0,4.355123996734619,0.0,,0.0,0.0,0.0,180.0,21.486950683593747,21.486950683593747,Leave_One_experiments/all_year_offline_schedule_search/daily_outputs/HLA/HLA_2010_HLA2010_normal_grid_S0028_daily.csv
HLA,HLA,Hailun,2010,Leave_One_experiments\wth_generated_qc\HLA\HLA2010.WTH,normal_year;nitrogen_stress_year;low_response_year,normal,HLA2010_normal_grid_S0028,low_input_within_10pct_yield,2010-07-16,197,78,73,"{""sim_day"": 78.0, ""doy"": 197.0, ""topwt"": 7292.0074462890625, ""grnwt"": 0.0, ""xlai"": 4.38556432723999, ""totir"": 0.0, ""tofer"": NaN, ""swfac"": 0.0, ""nstres"": 0.0432122945785522}",0.0,0.0432122945785522,7292.0074462890625,0.0,4.38556432723999,0.0,,0.0,0.0,0.0,180.0,21.486950683593747,21.486950683593747,Leave_One_experiments/all_year_offline_schedule_search/daily_outputs/HLA/HLA_2010_HLA2010_normal_grid_S0028_daily.csv
HLA,HLA,Hailun,2010,Leave_One_experiments\wth_generated_qc\HLA\HLA2010.WTH,normal_year;nitrogen_stress_year;low_response_year,normal,HLA2010_normal_grid_S0028,low_input_within_10pct_yield,2010-07-17,198,79,74,"{""sim_day"": 79.0, ""doy"": 198.0, ""topwt"": 7512.239990234375, ""grnwt"": 0.0, ""xlai"": 4.413980960845947, ""totir"": 0.0, ""tofer"": NaN, ""swfac"": 0.0, ""nstres"": 0.0420491695404052}",0.0,0.0420491695404052,7512.239990234375,0.0,4.413980960845947,0.0,,0.0,0.0,0.0,180.0,21.486950683593747,21.486950683593747,Leave_One_experiments/all_year_offline_schedule_search/daily_outputs/HLA/HLA_2010_HLA2010_normal_grid_S0028_daily.csv
HLA,HLA,Hailun,2010,Leave_One_experiments\wth_generated_qc\HLA\HLA2010.WTH,normal_year;nitrogen_stress_year;low_response_year,normal,HLA2010_normal_grid_S0028,low_input_within_10pct_yield,2010-07-18,199,80,75,"{""sim_day"": 80.0, ""doy"": 199.0, ""topwt"": 7704.405517578125, ""grnwt"": 0.0, ""xlai"": 4.432915687561035, ""totir"": 0.0, ""tofer"": NaN, ""swfac"": 0.0, ""nstres"": 0.0468605756759643}",0.0,0.0468605756759643,7704.405517578125,0.0,4.432915687561035,0.0,,0.0,0.0,0.0,180.0,21.486950683593747,21.486950683593747,Leave_One_experiments/all_year_offline_schedule_search/daily_outputs/HLA/HLA_2010_HLA2010_normal_grid_S0028_daily.csv
HLA,HLA,Hailun,2010,Leave_One_experiments\wth_generated_qc\HLA\HLA2010.WTH,normal_year;nitrogen_stress_year;low_response_year,normal,HLA2010_normal_grid_S0028,low_input_within_10pct_yield,2010-07-19,200,81,76,"{""sim_day"": 81.0, ""doy"": 200.0, ""topwt"": 7878.5211181640625, ""grnwt"": 0.0, ""xlai"": 4.445556640625, ""totir"": 0.0, ""tofer"": NaN, ""swfac"": 0.0, ""nstres"": 0.0502669215202331}",0.0,0.0502669215202331,7878.5211181640625,0.0,4.445556640625,0.0,,0.0,0.0,0.0,180.0,21.486950683593747,21.486950683593747,Leave_One_experiments/all_year_offline_schedule_search/daily_outputs/HLA/HLA_2010_HLA2010_normal_grid_S0028_daily.csv
HLA,HLA,Hailun,2010,Leave_One_experiments\wth_generated_qc\HLA\HLA2010.WTH,normal_year;nitrogen_stress_year;low_response_year,normal,HLA2010_normal_grid_S0028,low_input_within_10pct_yield,2010-07-20,201,82,77,"{""sim_day"": 82.0, ""doy"": 201.0, ""topwt"": 8084.569091796875, ""grnwt"": 0.0, ""xlai"": 4.465796947479248, ""totir"": 0.0, ""tofer"": NaN, ""swfac"": 0.0, ""nstres"": 0.0499047040939331}",0.0,0.0499047040939331,8084.569091796875,0.0,4.465796947479248,0.0,,0.0,0.0,0.0,180.0,21.486950683593747,21.486950683593747,Leave_One_experiments/all_year_offline_schedule_search/daily_outputs/HLA/HLA_2010_HLA2010_normal_grid_S0028_daily.csv
HLA,HLA,Hailun,2010,Leave_One_experiments\wth_generated_qc\HLA\HLA2010.WTH,normal_year;nitrogen_stress_year;low_response_year,normal,HLA2010_normal_grid_S0028,low_input_within_10pct_yield,2010-07-21,202,83,78,"{""sim_day"": 83.0, ""doy"": 202.0, ""topwt"": 8290.6298828125, ""grnwt"": 0.0, ""xlai"": 4.485099315643311, ""totir"": 0.0, ""tofer"": NaN, ""swfac"": 0.0, ""nstres"": 0.0512856245040893}",0.0,0.0512856245040893,8290.6298828125,0.0,4.485099315643311,0.0,,0.0,0.0,0.0,180.0,21.486950683593747,21.486950683593747,Leave_One_experiments/all_year_offline_schedule_search/daily_outputs/HLA/HLA_2010_HLA2010_normal_grid_S0028_daily.csv
HLA,HLA,Hailun,2010,Leave_One_experiments\wth_generated_qc\HLA\HLA2010.WTH,normal_year;nitrogen_stress_year;low_response_year,normal,HLA2010_normal_grid_S0028,low_input_within_10pct_yield,2010-07-22,203,84,79,"{""sim_day"": 84.0, ""doy"": 203.0, ""topwt"": 8734.949340820312, ""grnwt"": 0.0, ""xlai"": 4.454724311828613, ""totir"": 0.0, ""tofer"": NaN, ""swfac"": 0.0, ""nstres"": 0.0541796684265136}",0.0,0.0541796684265136,8734.949340820312,0.0,4.454724311828613,0.0,,0.0,0.0,0.0,180.0,21.486950683593747,21.486950683593747,Leave_One_experiments/all_year_offline_schedule_search/daily_outputs/HLA/HLA_2010_HLA2010_normal_grid_S0028_daily.csv
HLA,HLA,Hailun,2010,Leave_One_experiments\wth_generated_qc\HLA\HLA2010.WTH,normal_year;nitrogen_stress_year;low_response_year,normal,HLA2010_normal_grid_S0028,low_input_within_10pct_yield,2010-07-23,204,85,80,"{""sim_day"": 85.0, ""doy"": 204.0, ""topwt"": 9136.410522460938, ""grnwt"": 0.0, ""xlai"": 4.426713943481445, ""totir"": 0.0, ""tofer"": NaN, ""swfac"": 0.0, ""nstres"": 0.0503027439117431}",0.0,0.0503027439117431,9136.410522460938,0.0,4.426713943481445,0.0,,0.0,0.0,0.0,180.0,21.486950683593747,21.486950683593747,Leave_One_experiments/all_year_offline_schedule_search/daily_outputs/HLA/HLA_2010_HLA2010_normal_grid_S0028_daily.csv
HLA,HLA,Hailun,2010,Leave_One_experiments\wth_generated_qc\HLA\HLA2010.WTH,normal_year;nitrogen_stress_year;low_response_year,normal,HLA2010_normal_grid_S0028,low_input_within_10pct_yield,2010-07-24,205,86,81,"{""sim_day"": 86.0, ""doy"": 205.0, ""topwt"": 9539.288330078123, ""grnwt"": 0.0, ""xlai"": 4.398509979248047, ""totir"": 0.0, ""tofer"": NaN, ""swfac"": 0.0, ""nstres"": 0.0509690046310424}",0.0,0.0509690046310424,9539.288330078123,0.0,4.398509979248047,0.0,,0.0,0.0,0.0,180.0,21.486950683593747,21.486950683593747,Leave_One_experiments/all_year_offline_schedule_search/daily_outputs/HLA/HLA_2010_HLA2010_normal_grid_S0028_daily.csv
HLA,HLA,Hailun,2010,Leave_One_experiments\wth_generated_qc\HLA\HLA2010.WTH,normal_year;nitrogen_stress_year;low_response_year,normal,HLA2010_normal_grid_S0028,low_input_within_10pct_yield,2010-07-25,206,87,82,"{""sim_day"": 87.0, ""doy"": 206.0, ""topwt"": 9791.124267578123, ""grnwt"": 0.0, ""xlai"": 4.371128559112549, ""totir"": 0.0, ""tofer"": NaN, ""swfac"": 0.0, ""nstres"": 0.0498021245002746}",0.0,0.0498021245002746,9791.124267578123,0.0,4.371128559112549,0.0,,0.0,0.0,0.0,180.0,21.486950683593747,21.486950683593747,Leave_One_experiments/all_year_offline_schedule_search/daily_outputs/HLA/HLA_2010_HLA2010_normal_grid_S0028_daily.csv
HLA,HLA,Hailun,2010,Leave_One_experiments\wth_generated_qc\HLA\HLA2010.WTH,normal_year;nitrogen_stress_year;low_response_year,normal,HLA2010_normal_grid_S0028,low_input_within_10pct_yield,2010-07-26,207,88,83,"{""sim_day"": 88.0, ""doy"": 207.0, ""topwt"": 10035.184326171877, ""grnwt"": 0.0, ""xlai"": 4.344303131103516, ""totir"": 0.0, ""tofer"": NaN, ""swfac"": 0.0, ""nstres"": 0.0490956306457519}",0.0,0.0490956306457519,10035.184326171877,0.0,4.344303131103516,0.0,,0.0,0.0,0.0,180.0,21.486950683593747,21.486950683593747,Leave_One_experiments/all_year_offline_schedule_search/daily_outputs/HLA/HLA_2010_HLA2010_normal_grid_S0028_daily.csv
HLA,HLA,Hailun,2010,Leave_One_experiments\wth_generated_qc\HLA\HLA2010.WTH,normal_year;nitrogen_stress_year;low_response_year,normal,HLA2010_normal_grid_S0028,low_input_within_10pct_yield,2010-07-27,208,89,84,"{""sim_day"": 89.0, ""doy"": 208.0, ""topwt"": 10414.13818359375, ""grnwt"": 0.0, ""xlai"": 4.319254398345947, ""totir"": 0.0, ""tofer"": NaN, ""swfac"": 0.0, ""nstres"": 0.0461261272430419}",0.0,0.0461261272430419,10414.13818359375,0.0,4.319254398345947,0.0,,0.0,0.0,0.0,180.0,21.486950683593747,21.486950683593747,Leave_One_experiments/all_year_offline_schedule_search/daily_outputs/HLA/HLA_2010_HLA2010_normal_grid_S0028_daily.csv
HLA,HLA,Hailun,2010,Leave_One_experiments\wth_generated_qc\HLA\HLA2010.WTH,normal_year;nitrogen_stress_year;low_response_year,normal,HLA2010_normal_grid_S0028,low_input_within_10pct_yield,2010-07-28,209,90,85,"{""sim_day"": 90.0, ""doy"": 209.0, ""topwt"": 10778.409423828123, ""grnwt"": 0.0, ""xlai"": 4.297223091125488, ""totir"": 0.0, ""tofer"": NaN, ""swfac"": 0.0, ""nstres"": 0.0408061146736145}",0.0,0.0408061146736145,10778.409423828123,0.0,4.297223091125488,0.0,,0.0,0.0,0.0,180.0,21.486950683593747,21.486950683593747,Leave_One_experiments/all_year_offline_schedule_search/daily_outputs/HLA/HLA_2010_HLA2010_normal_grid_S0028_daily.csv
HLA,HLA,Hailun,2010,Leave_One_experiments\wth_generated_qc\HLA\HLA2010.WTH,normal_year;nitrogen_stress_year;low_response_year,normal,HLA2010_normal_grid_S0028,low_input_within_10pct_yield,2010-07-29,210,91,86,"{""sim_day"": 91.0, ""doy"": 210.0, ""topwt"": 11067.68798828125, ""grnwt"": 0.0, ""xlai"": 4.278096675872803, ""totir"": 0.0, ""tofer"": NaN, ""swfac"": 0.0, ""nstres"": 0.0356072187423706}",0.0,0.0356072187423706,11067.68798828125,0.0,4.278096675872803,0.0,,0.0,0.0,0.0,180.0,21.486950683593747,21.486950683593747,Leave_One_experiments/all_year_offline_schedule_search/daily_outputs/HLA/HLA_2010_HLA2010_normal_grid_S0028_daily.csv
HLA,HLA,Hailun,2010,Leave_One_experiments\wth_generated_qc\HLA\HLA2010.WTH,normal_year;nitrogen_stress_year;low_response_year,normal,HLA2010_normal_grid_S0028,low_input_within_10pct_yield,2010-07-30,211,92,87,"{""sim_day"": 92.0, ""doy"": 211.0, ""topwt"": 11385.13427734375, ""grnwt"": 0.0, ""xlai"": 4.261822700500488, ""totir"": 0.0, ""tofer"": NaN, ""swfac"": 0.0, ""nstres"": 0.0304318070411682}",0.0,0.0304318070411682,11385.13427734375,0.0,4.261822700500488,0.0,,0.0,0.0,0.0,180.0,21.486950683593747,21.486950683593747,Leave_One_experiments/all_year_offline_schedule_search/daily_outputs/HLA/HLA_2010_HLA2010_normal_grid_S0028_daily.csv
HLA,HLA,Hailun,2010,Leave_One_experiments\wth_generated_qc\HLA\HLA2010.WTH,normal_year;nitrogen_stress_year;low_response_year,normal,HLA2010_normal_grid_S0028,low_input_within_10pct_yield,2010-07-31,212,93,88,"{""sim_day"": 93.0, ""doy"": 212.0, ""topwt"": 11711.54052734375, ""grnwt"": 0.0, ""xlai"": 4.248285293579102, ""totir"": 0.0, ""tofer"": NaN, ""swfac"": 0.0, ""nstres"": 0.0254110097885131}",0.0,0.0254110097885131,11711.54052734375,0.0,4.248285293579102,0.0,,0.0,0.0,0.0,180.0,21.486950683593747,21.486950683593747,Leave_One_experiments/all_year_offline_schedule_search/daily_outputs/HLA/HLA_2010_HLA2010_normal_grid_S0028_daily.csv
HLA,HLA,Hailun,2010,Leave_One_experiments\wth_generated_qc\HLA\HLA2010.WTH,normal_year;nitrogen_stress_year;low_response_year,normal,HLA2010_normal_grid_S0028,low_input_within_10pct_yield,2010-08-01,213,94,89,"{""sim_day"": 94.0, ""doy"": 213.0, ""topwt"": 12135.55908203125, ""grnwt"": 0.0, ""xlai"": 4.238631248474121, ""totir"": 0.0, ""tofer"": NaN, ""swfac"": 0.0, ""nstres"": 0.0181796550750732}",0.0,0.0181796550750732,12135.55908203125,0.0,4.238631248474121,0.0,,0.0,0.0,0.0,180.0,21.486950683593747,21.486950683593747,Leave_One_experiments/all_year_offline_schedule_search/daily_outputs/HLA/HLA_2010_HLA2010_normal_grid_S0028_daily.csv
HLA,HLA,Hailun,2010,Leave_One_experiments\wth_generated_qc\HLA\HLA2010.WTH,normal_year;nitrogen_stress_year;low_response_year,normal,HLA2010_normal_grid_S0028,low_input_within_10pct_yield,2010-08-02,214,95,90,"{""sim_day"": 95.0, ""doy"": 214.0, ""topwt"": 12312.85400390625, ""grnwt"": 0.0, ""xlai"": 4.230539321899414, ""totir"": 0.0, ""tofer"": NaN, ""swfac"": 0.0, ""nstres"": 0.0091725587844848}",0.0,0.0091725587844848,12312.85400390625,0.0,4.230539321899414,0.0,,0.0,0.0,0.0,180.0,21.486950683593747,21.486950683593747,Leave_One_experiments/all_year_offline_schedule_search/daily_outputs/HLA/HLA_2010_HLA2010_normal_grid_S0028_daily.csv
HLA,HLA,Hailun,2010,Leave_One_experiments\wth_generated_qc\HLA\HLA2010.WTH,normal_year;nitrogen_stress_year;low_response_year,normal,HLA2010_normal_grid_S0028,low_input_within_10pct_yield,2010-08-03,215,96,91,"{""sim_day"": 96.0, ""doy"": 215.0, ""topwt"": 12349.5751953125, ""grnwt"": 0.0, ""xlai"": 4.222737312316895, ""totir"": 0.0, ""tofer"": NaN, ""swfac"": 0.0, ""nstres"": 0.001990258693695}",0.0,0.001990258693695,12349.5751953125,0.0,4.222737312316895,0.0,,0.0,0.0,0.0,180.0,21.486950683593747,21.486950683593747,Leave_One_experiments/all_year_offline_schedule_search/daily_outputs/HLA/HLA_2010_HLA2010_normal_grid_S0028_daily.csv
HLA,HLA,Hailun,2010,Leave_One_experiments\wth_generated_qc\HLA\HLA2010.WTH,normal_year;nitrogen_stress_year;low_response_year,normal,HLA2010_normal_grid_S0028,low_input_within_10pct_yield,2010-08-04,216,97,92,"{""sim_day"": 97.0, ""doy"": 216.0, ""topwt"": 12501.939697265623, ""grnwt"": 172.9072380065918, ""xlai"": 4.2125349044799805, ""totir"": 0.0, ""tofer"": NaN, ""swfac"": 0.0, ""nstres"": 0.0}",0.0,0.0,12501.939697265623,172.9072380065918,4.2125349044799805,0.0,,0.0,0.0,0.0,180.0,21.486950683593747,21.486950683593747,Leave_One_experiments/all_year_offline_schedule_search/daily_outputs/HLA/HLA_2010_HLA2010_normal_grid_S0028_daily.csv
HLA,HLA,Hailun,2010,Leave_One_experiments\wth_generated_qc\HLA\HLA2010.WTH,normal_year;nitrogen_stress_year;low_response_year,normal,HLA2010_normal_grid_S0028,low_input_within_10pct_yield,2010-08-05,217,98,93,"{""sim_day"": 98.0, ""doy"": 217.0, ""topwt"": 12613.63037109375, ""grnwt"": 345.8144760131836, ""xlai"": 4.203214168548584, ""totir"": 0.0, ""tofer"": NaN, ""swfac"": 0.0, ""nstres"": 0.0}",0.0,0.0,12613.63037109375,345.8144760131836,4.203214168548584,0.0,,0.0,0.0,0.0,180.0,21.486950683593747,21.486950683593747,Leave_One_experiments/all_year_offline_schedule_search/daily_outputs/HLA/HLA_2010_HLA2010_normal_grid_S0028_daily.csv
HLA,HLA,Hailun,2010,Leave_One_experiments\wth_generated_qc\HLA\HLA2010.WTH,normal_year;nitrogen_stress_year;low_response_year,normal,HLA2010_normal_grid_S0028,low_input_within_10pct_yield,2010-08-06,218,99,94,"{""sim_day"": 99.0, ""doy"": 218.0, ""topwt"": 12868.29833984375, ""grnwt"": 518.7217330932617, ""xlai"": 4.189836502075195, ""totir"": 0.0, ""tofer"": NaN, ""swfac"": 0.0, ""nstres"": 0.0}",0.0,0.0,12868.29833984375,518.7217330932617,4.189836502075195,0.0,,0.0,0.0,0.0,180.0,21.486950683593747,21.486950683593747,Leave_One_experiments/all_year_offline_schedule_search/daily_outputs/HLA/HLA_2010_HLA2010_normal_grid_S0028_daily.csv
HLA,HLA,Hailun,2010,Leave_One_experiments\wth_generated_qc\HLA\HLA2010.WTH,normal_year;nitrogen_stress_year;low_response_year,normal,HLA2010_normal_grid_S0028,low_input_within_10pct_yield,2010-08-07,219,100,95,"{""sim_day"": 100.0, ""doy"": 219.0, ""topwt"": 12965.65673828125, ""grnwt"": 691.6289520263672, ""xlai"": 4.177660942077637, ""totir"": 0.0, ""tofer"": NaN, ""swfac"": 0.0, ""nstres"": 0.0003471970558166}",0.0,0.0003471970558166,12965.65673828125,691.6289520263672,4.177660942077637,0.0,,0.0,0.0,0.0,180.0,21.486950683593747,21.486950683593747,Leave_One_experiments/all_year_offline_schedule_search/daily_outputs/HLA/HLA_2010_HLA2010_normal_grid_S0028_daily.csv
HLA,HLA,Hailun,2010,Leave_One_experiments\wth_generated_qc\HLA\HLA2010.WTH,normal_year;nitrogen_stress_year;low_response_year,normal,HLA2010_normal_grid_S0028,low_input_within_10pct_yield,2010-08-08,220,101,96,"{""sim_day"": 101.0, ""doy"": 220.0, ""topwt"": 13152.647705078123, ""grnwt"": 864.5362091064453, ""xlai"": 4.159149169921875, ""totir"": 0.0, ""tofer"": NaN, ""swfac"": 0.0, ""nstres"": 0.0085560679435729}",0.0,0.0085560679435729,13152.647705078123,864.5362091064453,4.159149169921875,0.0,,0.0,0.0,0.0,180.0,21.486950683593747,21.486950683593747,Leave_One_experiments/all_year_offline_schedule_search/daily_outputs/HLA/HLA_2010_HLA2010_normal_grid_S0028_daily.csv
HLA,HLA,Hailun,2010,Leave_One_experiments\wth_generated_qc\HLA\HLA2010.WTH,normal_year;nitrogen_stress_year;low_response_year,normal,HLA2010_normal_grid_S0028,low_input_within_10pct_yield,2010-08-09,221,102,97,"{""sim_day"": 102.0, ""doy"": 221.0, ""topwt"": 13387.01904296875, ""grnwt"": 1037.4434661865234, ""xlai"": 4.141259670257568, ""totir"": 0.0, ""tofer"": NaN, ""swfac"": 0.0, ""nstres"": 0.0074965953826904}",0.0,0.0074965953826904,13387.01904296875,1037.4434661865234,4.141259670257568,0.0,,0.0,0.0,0.0,180.0,21.486950683593747,21.486950683593747,Leave_One_experiments/all_year_offline_schedule_search/daily_outputs/HLA/HLA_2010_HLA2010_normal_grid_S0028_daily.csv
HLA,HLA,Hailun,2010,Leave_One_experiments\wth_generated_qc\HLA\HLA2010.WTH,normal_year;nitrogen_stress_year;low_response_year,normal,HLA2010_normal_grid_S0028,low_input_within_10pct_yield,2010-08-10,222,103,98,"{""sim_day"": 103.0, ""doy"": 222.0, ""topwt"": 13559.9267578125, ""grnwt"": 1210.3507232666016, ""xlai"": 4.120690822601318, ""totir"": 0.0, ""tofer"": NaN, ""swfac"": 0.0, ""nstres"": 0.0125105381011962}",0.0,0.0125105381011962,13559.9267578125,1210.3507232666016,4.120690822601318,0.0,,0.0,0.0,0.0,180.0,21.486950683593747,21.486950683593747,Leave_One_experiments/all_year_offline_schedule_search/daily_outputs/HLA/HLA_2010_HLA2010_normal_grid_S0028_daily.csv
HLA,HLA,Hailun,2010,Leave_One_experiments\wth_generated_qc\HLA\HLA2010.WTH,normal_year;nitrogen_stress_year;low_response_year,normal,HLA2010_normal_grid_S0028,low_input_within_10pct_yield,2010-08-11,223,104,99,"{""sim_day"": 104.0, ""doy"": 223.0, ""topwt"": 13732.83447265625, ""grnwt"": 1383.2579040527344, ""xlai"": 4.0980095863342285, ""totir"": 0.0, ""tofer"": NaN, ""swfac"": 0.0, ""nstres"": 0.020918846130371}",0.0,0.020918846130371,13732.83447265625,1383.2579040527344,4.0980095863342285,0.0,,0.0,0.0,0.0,180.0,21.486950683593747,21.486950683593747,Leave_One_experiments/all_year_offline_schedule_search/daily_outputs/HLA/HLA_2010_HLA2010_normal_grid_S0028_daily.csv
HLA,HLA,Hailun,2010,Leave_One_experiments\wth_generated_qc\HLA\HLA2010.WTH,normal_year;nitrogen_stress_year;low_response_year,normal,HLA2010_normal_grid_S0028,low_input_within_10pct_yield,2010-08-12,224,105,100,"{""sim_day"": 105.0, ""doy"": 224.0, ""topwt"": 13905.7421875, ""grnwt"": 1556.1651611328125, ""xlai"": 4.07628059387207, ""totir"": 0.0, ""tofer"": NaN, ""swfac"": 0.0, ""nstres"": 0.0264118909835815}",0.0,0.0264118909835815,13905.7421875,1556.1651611328125,4.07628059387207,0.0,,0.0,0.0,0.0,180.0,21.486950683593747,21.486950683593747,Leave_One_experiments/all_year_offline_schedule_search/daily_outputs/HLA/HLA_2010_HLA2010_normal_grid_S0028_daily.csv
HLA,HLA,Hailun,2010,Leave_One_experiments\wth_generated_qc\HLA\HLA2010.WTH,normal_year;nitrogen_stress_year;low_response_year,normal,HLA2010_normal_grid_S0028,low_input_within_10pct_yield,2010-08-13,225,106,101,"{""sim_day"": 106.0, ""doy"": 225.0, ""topwt"": 14025.086669921877, ""grnwt"": 1729.0724182128906, ""xlai"": 4.050655364990234, ""totir"": 0.0, ""tofer"": NaN, ""swfac"": 0.0, ""nstres"": 0.0314374566078186}",0.0,0.0314374566078186,14025.086669921877,1729.0724182128906,4.050655364990234,0.0,,0.0,0.0,0.0,180.0,21.486950683593747,21.486950683593747,Leave_One_experiments/all_year_offline_schedule_search/daily_outputs/HLA/HLA_2010_HLA2010_normal_grid_S0028_daily.csv
HLA,HLA,Hailun,2010,Leave_One_experiments\wth_generated_qc\HLA\HLA2010.WTH,normal_year;nitrogen_stress_year;low_response_year,normal,HLA2010_normal_grid_S0028,low_input_within_10pct_yield,2010-08-14,226,107,102,"{""sim_day"": 107.0, ""doy"": 226.0, ""topwt"": 14251.556396484377, ""grnwt"": 1901.9796752929688, ""xlai"": 4.023865699768066, ""totir"": 0.0, ""tofer"": NaN, ""swfac"": 0.0, ""nstres"": 0.0368379354476928}",0.0,0.0368379354476928,14251.556396484377,1901.9796752929688,4.023865699768066,0.0,,0.0,0.0,0.0,180.0,21.486950683593747,21.486950683593747,Leave_One_experiments/all_year_offline_schedule_search/daily_outputs/HLA/HLA_2010_HLA2010_normal_grid_S0028_daily.csv
HLA,HLA,Hailun,2010,Leave_One_experiments\wth_generated_qc\HLA\HLA2010.WTH,normal_year;nitrogen_stress_year;low_response_year,normal,HLA2010_normal_grid_S0028,low_input_within_10pct_yield,2010-08-15,227,108,103,"{""sim_day"": 108.0, ""doy"": 227.0, ""topwt"": 14424.462890625, ""grnwt"": 2074.886932373047, ""xlai"": 3.9955103397369385, ""totir"": 0.0, ""tofer"": NaN, ""swfac"": 0.0, ""nstres"": 0.039020299911499}",0.0,0.039020299911499,14424.462890625,2074.886932373047,3.9955103397369385,0.0,,0.0,0.0,0.0,180.0,21.486950683593747,21.486950683593747,Leave_One_experiments/all_year_offline_schedule_search/daily_outputs/HLA/HLA_2010_HLA2010_normal_grid_S0028_daily.csv
HLA,HLA,Hailun,2010,Leave_One_experiments\wth_generated_qc\HLA\HLA2010.WTH,normal_year;nitrogen_stress_year;low_response_year,normal,HLA2010_normal_grid_S0028,low_input_within_10pct_yield,2010-08-16,228,109,104,"{""sim_day"": 109.0, ""doy"": 228.0, ""topwt"": 14597.369384765623, ""grnwt"": 2247.794189453125, ""xlai"": 3.957608461380005, ""totir"": 0.0, ""tofer"": NaN, ""swfac"": 0.0, ""nstres"": 0.0470010638236999}",0.0,0.0470010638236999,14597.369384765623,2247.794189453125,3.957608461380005,0.0,,0.0,0.0,0.0,180.0,21.486950683593747,21.486950683593747,Leave_One_experiments/all_year_offline_schedule_search/daily_outputs/HLA/HLA_2010_HLA2010_normal_grid_S0028_daily.csv
HLA,HLA,Hailun,2010,Leave_One_experiments\wth_generated_qc\HLA\HLA2010.WTH,normal_year;nitrogen_stress_year;low_response_year,normal,HLA2010_normal_grid_S0028,low_input_within_10pct_yield,2010-08-17,229,110,105,"{""sim_day"": 110.0, ""doy"": 229.0, ""topwt"": 14770.277099609377, ""grnwt"": 2420.701446533203, ""xlai"": 3.911108493804932, ""totir"": 0.0, ""tofer"": NaN, ""swfac"": 0.0, ""nstres"": 0.0504703521728515}",0.0,0.0504703521728515,14770.277099609377,2420.701446533203,3.911108493804932,0.0,,0.0,0.0,0.0,180.0,21.486950683593747,21.486950683593747,Leave_One_experiments/all_year_offline_schedule_search/daily_outputs/HLA/HLA_2010_HLA2010_normal_grid_S0028_daily.csv
HLA,HLA,Hailun,2010,Leave_One_experiments\wth_generated_qc\HLA\HLA2010.WTH,normal_year;nitrogen_stress_year;low_response_year,normal,HLA2010_normal_grid_S0028,low_input_within_10pct_yield,2010-08-18,230,111,106,"{""sim_day"": 111.0, ""doy"": 230.0, ""topwt"": 14872.58056640625, ""grnwt"": 2593.608703613281, ""xlai"": 3.865729093551636, ""totir"": 0.0, ""tofer"": NaN, ""swfac"": 0.0, ""nstres"": 0.0553683042526245}",0.0,0.0553683042526245,14872.58056640625,2593.608703613281,3.865729093551636,0.0,,0.0,0.0,0.0,180.0,21.486950683593747,21.486950683593747,Leave_One_experiments/all_year_offline_schedule_search/daily_outputs/HLA/HLA_2010_HLA2010_normal_grid_S0028_daily.csv
HLA,HLA,Hailun,2010,Leave_One_experiments\wth_generated_qc\HLA\HLA2010.WTH,normal_year;nitrogen_stress_year;low_response_year,normal,HLA2010_normal_grid_S0028,low_input_within_10pct_yield,2010-08-19,231,112,107,"{""sim_day"": 112.0, ""doy"": 231.0, ""topwt"": 15092.81005859375, ""grnwt"": 2766.5158081054688, ""xlai"": 3.805215120315552, ""totir"": 0.0, ""tofer"": NaN, ""swfac"": 0.0, ""nstres"": 0.0585049390792846}",0.0,0.0585049390792846,15092.81005859375,2766.5158081054688,3.805215120315552,0.0,,0.0,0.0,0.0,180.0,21.486950683593747,21.486950683593747,Leave_One_experiments/all_year_offline_schedule_search/daily_outputs/HLA/HLA_2010_HLA2010_normal_grid_S0028_daily.csv
HLA,HLA,Hailun,2010,Leave_One_experiments\wth_generated_qc\HLA\HLA2010.WTH,normal_year;nitrogen_stress_year;low_response_year,normal,HLA2010_normal_grid_S0028,low_input_within_10pct_yield,2010-08-20,232,113,108,"{""sim_day"": 113.0, ""doy"": 232.0, ""topwt"": 15288.9990234375, ""grnwt"": 2939.423217773437, ""xlai"": 3.761260747909546, ""totir"": 0.0, ""tofer"": NaN, ""swfac"": 0.0, ""nstres"": 0.0608605146408081}",0.0,0.0608605146408081,15288.9990234375,2939.423217773437,3.761260747909546,0.0,,0.0,0.0,0.0,180.0,21.486950683593747,21.486950683593747,Leave_One_experiments/all_year_offline_schedule_search/daily_outputs/HLA/HLA_2010_HLA2010_normal_grid_S0028_daily.csv
HLA,HLA,Hailun,2010,Leave_One_experiments\wth_generated_qc\HLA\HLA2010.WTH,normal_year;nitrogen_stress_year;low_response_year,normal,HLA2010_normal_grid_S0028,low_input_within_10pct_yield,2010-08-21,233,114,109,"{""sim_day"": 114.0, ""doy"": 233.0, ""topwt"": 15461.90673828125, ""grnwt"": 3112.330322265625, ""xlai"": 3.711517095565796, ""totir"": 0.0, ""tofer"": NaN, ""swfac"": 0.0, ""nstres"": 0.0710659027099609}",0.0,0.0710659027099609,15461.90673828125,3112.330322265625,3.711517095565796,0.0,,0.0,0.0,0.0,180.0,21.486950683593747,21.486950683593747,Leave_One_experiments/all_year_offline_schedule_search/daily_outputs/HLA/HLA_2010_HLA2010_normal_grid_S0028_daily.csv
HLA,HLA,Hailun,2010,Leave_One_experiments\wth_generated_qc\HLA\HLA2010.WTH,normal_year;nitrogen_stress_year;low_response_year,normal,HLA2010_normal_grid_S0028,low_input_within_10pct_yield,2010-08-22,234,115,110,"{""sim_day"": 115.0, ""doy"": 234.0, ""topwt"": 15634.814453125, ""grnwt"": 3285.2374267578125, ""xlai"": 3.660263538360596, ""totir"": 0.0, ""tofer"": NaN, ""swfac"": 0.0, ""nstres"": 0.0800056457519531}",0.0,0.0800056457519531,15634.814453125,3285.2374267578125,3.660263538360596,0.0,,0.0,0.0,0.0,180.0,21.486950683593747,21.486950683593747,Leave_One_experiments/all_year_offline_schedule_search/daily_outputs/HLA/HLA_2010_HLA2010_normal_grid_S0028_daily.csv
HLA,HLA,Hailun,2010,Leave_One_experiments\wth_generated_qc\HLA\HLA2010.WTH,normal_year;nitrogen_stress_year;low_response_year,normal,HLA2010_normal_grid_S0028,low_input_within_10pct_yield,2010-08-23,235,116,111,"{""sim_day"": 116.0, ""doy"": 235.0, ""topwt"": 15807.720947265623, ""grnwt"": 3458.144836425781, ""xlai"": 3.6057074069976807, ""totir"": 0.0, ""tofer"": NaN, ""swfac"": 0.0, ""nstres"": 0.0874353647232055}",0.0,0.0874353647232055,15807.720947265623,3458.144836425781,3.6057074069976807,0.0,,0.0,0.0,0.0,180.0,21.486950683593747,21.486950683593747,Leave_One_experiments/all_year_offline_schedule_search/daily_outputs/HLA/HLA_2010_HLA2010_normal_grid_S0028_daily.csv
HLA,HLA,Hailun,2010,Leave_One_experiments\wth_generated_qc\HLA\HLA2010.WTH,normal_year;nitrogen_stress_year;low_response_year,normal,HLA2010_normal_grid_S0028,low_input_within_10pct_yield,2010-08-24,236,117,112,"{""sim_day"": 117.0, ""doy"": 236.0, ""topwt"": 15980.62744140625, ""grnwt"": 3631.0519409179688, ""xlai"": 3.5469295978546143, ""totir"": 0.0, ""tofer"": NaN, ""swfac"": 0.0, ""nstres"": 0.0949571728706359}",0.0,0.0949571728706359,15980.62744140625,3631.0519409179688,3.5469295978546143,0.0,,0.0,0.0,0.0,180.0,21.486950683593747,21.486950683593747,Leave_One_experiments/all_year_offline_schedule_search/daily_outputs/HLA/HLA_2010_HLA2010_normal_grid_S0028_daily.csv
HLA,HLA,Hailun,2010,Leave_One_experiments\wth_generated_qc\HLA\HLA2010.WTH,normal_year;nitrogen_stress_year;low_response_year,normal,HLA2010_normal_grid_S0028,low_input_within_10pct_yield,2010-08-25,237,118,113,"{""sim_day"": 118.0, ""doy"": 237.0, ""topwt"": 16153.53515625, ""grnwt"": 3803.9593505859375, ""xlai"": 3.4750123023986816, ""totir"": 0.0, ""tofer"": NaN, ""swfac"": 0.0, ""nstres"": 0.1017786264419555}",0.0,0.1017786264419555,16153.53515625,3803.9593505859375,3.4750123023986816,0.0,,0.0,0.0,0.0,180.0,21.486950683593747,21.486950683593747,Leave_One_experiments/all_year_offline_schedule_search/daily_outputs/HLA/HLA_2010_HLA2010_normal_grid_S0028_daily.csv
HLA,HLA,Hailun,2010,Leave_One_experiments\wth_generated_qc\HLA\HLA2010.WTH,normal_year;nitrogen_stress_year;low_response_year,normal,HLA2010_normal_grid_S0028,low_input_within_10pct_yield,2010-08-26,238,119,114,"{""sim_day"": 119.0, ""doy"": 238.0, ""topwt"": 16326.44287109375, ""grnwt"": 3976.866455078125, ""xlai"": 3.3907010555267334, ""totir"": 0.0, ""tofer"": NaN, ""swfac"": 0.0, ""nstres"": 0.1080297231674194}",0.0,0.1080297231674194,16326.44287109375,3976.866455078125,3.3907010555267334,0.0,,0.0,0.0,0.0,180.0,21.486950683593747,21.486950683593747,Leave_One_experiments/all_year_offline_schedule_search/daily_outputs/HLA/HLA_2010_HLA2010_normal_grid_S0028_daily.csv
HLA,HLA,Hailun,2010,Leave_One_experiments\wth_generated_qc\HLA\HLA2010.WTH,normal_year;nitrogen_stress_year;low_response_year,normal,HLA2010_normal_grid_S0028,low_input_within_10pct_yield,2010-08-27,239,120,115,"{""sim_day"": 120.0, ""doy"": 239.0, ""topwt"": 16386.651611328125, ""grnwt"": 4149.773864746094, ""xlai"": 3.319041013717652, ""totir"": 0.0, ""tofer"": NaN, ""swfac"": 0.0, ""nstres"": 0.1163496971130371}",0.0,0.1163496971130371,16386.651611328125,4149.773864746094,3.319041013717652,0.0,,0.0,0.0,0.0,180.0,21.486950683593747,21.486950683593747,Leave_One_experiments/all_year_offline_schedule_search/daily_outputs/HLA/HLA_2010_HLA2010_normal_grid_S0028_daily.csv
HLA,HLA,Hailun,2010,Leave_One_experiments\wth_generated_qc\HLA\HLA2010.WTH,normal_year;nitrogen_stress_year;low_response_year,normal,HLA2010_normal_grid_S0028,low_input_within_10pct_yield,2010-08-28,240,121,116,"{""sim_day"": 121.0, ""doy"": 240.0, ""topwt"": 16570.615234375, ""grnwt"": 4322.680969238281, ""xlai"": 3.237590074539185, ""totir"": 0.0, ""tofer"": NaN, ""swfac"": 0.0, ""nstres"": 0.1244189739227294}",0.0,0.1244189739227294,16570.615234375,4322.680969238281,3.237590074539185,0.0,,0.0,0.0,0.0,180.0,21.486950683593747,21.486950683593747,Leave_One_experiments/all_year_offline_schedule_search/daily_outputs/HLA/HLA_2010_HLA2010_normal_grid_S0028_daily.csv
HLA,HLA,Hailun,2010,Leave_One_experiments\wth_generated_qc\HLA\HLA2010.WTH,normal_year;nitrogen_stress_year;low_response_year,normal,HLA2010_normal_grid_S0028,low_input_within_10pct_yield,2010-08-29,241,122,117,"{""sim_day"": 122.0, ""doy"": 241.0, ""topwt"": 16723.529052734375, ""grnwt"": 4495.58837890625, ""xlai"": 3.1718850135803223, ""totir"": 0.0, ""tofer"": NaN, ""swfac"": 0.0, ""nstres"": 0.127004861831665}",0.0,0.127004861831665,16723.529052734375,4495.58837890625,3.1718850135803223,0.0,,0.0,0.0,0.0,180.0,21.486950683593747,21.486950683593747,Leave_One_experiments/all_year_offline_schedule_search/daily_outputs/HLA/HLA_2010_HLA2010_normal_grid_S0028_daily.csv
HLA,HLA,Hailun,2010,Leave_One_experiments\wth_generated_qc\HLA\HLA2010.WTH,normal_year;nitrogen_stress_year;low_response_year,normal,HLA2010_normal_grid_S0028,low_input_within_10pct_yield,2010-08-30,242,123,118,"{""sim_day"": 123.0, ""doy"": 242.0, ""topwt"": 16920.789794921875, ""grnwt"": 4662.73193359375, ""xlai"": 3.116586923599243, ""totir"": 0.0, ""tofer"": NaN, ""swfac"": 0.0, ""nstres"": 0.1394702196121215}",0.0,0.1394702196121215,16920.789794921875,4662.73193359375,3.116586923599243,0.0,,0.0,0.0,0.0,180.0,21.486950683593747,21.486950683593747,Leave_One_experiments/all_year_offline_schedule_search/daily_outputs/HLA/HLA_2010_HLA2010_normal_grid_S0028_daily.csv
HLA,HLA,Hailun,2010,Leave_One_experiments\wth_generated_qc\HLA\HLA2010.WTH,normal_year;nitrogen_stress_year;low_response_year,normal,HLA2010_normal_grid_S0028,low_input_within_10pct_yield,2010-08-31,243,124,119,"{""sim_day"": 124.0, ""doy"": 243.0, ""topwt"": 17171.85791015625, ""grnwt"": 4835.6390380859375, ""xlai"": 3.058542013168335, ""totir"": 0.0, ""tofer"": NaN, ""swfac"": 0.0, ""nstres"": 0.1489962339401245}",0.0,0.1489962339401245,17171.85791015625,4835.6390380859375,3.058542013168335,0.0,,0.0,0.0,0.0,180.0,21.486950683593747,21.486950683593747,Leave_One_experiments/all_year_offline_schedule_search/daily_outputs/HLA/HLA_2010_HLA2010_normal_grid_S0028_daily.csv
HLA,HLA,Hailun,2010,Leave_One_experiments\wth_generated_qc\HLA\HLA2010.WTH,normal_year;nitrogen_stress_year;low_response_year,normal,HLA2010_normal_grid_S0028,low_input_within_10pct_yield,2010-09-01,244,125,120,"{""sim_day"": 125.0, ""doy"": 244.0, ""topwt"": 17358.123779296875, ""grnwt"": 5008.546447753906, ""xlai"": 2.977214336395264, ""totir"": 0.0, ""tofer"": NaN, ""swfac"": 0.0, ""nstres"": 0.1610002517700195}",0.0,0.1610002517700195,17358.123779296875,5008.546447753906,2.977214336395264,0.0,,0.0,0.0,0.0,180.0,21.486950683593747,21.486950683593747,Leave_One_experiments/all_year_offline_schedule_search/daily_outputs/HLA/HLA_2010_HLA2010_normal_grid_S0028_daily.csv
HLA,HLA,Hailun,2010,Leave_One_experiments\wth_generated_qc\HLA\HLA2010.WTH,normal_year;nitrogen_stress_year;low_response_year,normal,HLA2010_normal_grid_S0028,low_input_within_10pct_yield,2010-09-02,245,126,121,"{""sim_day"": 126.0, ""doy"": 245.0, ""topwt"": 17531.0302734375, ""grnwt"": 5181.453857421875, ""xlai"": 2.8835902214050293, ""totir"": 0.0, ""tofer"": NaN, ""swfac"": 0.0, ""nstres"": 0.175581693649292}",0.0,0.175581693649292,17531.0302734375,5181.453857421875,2.8835902214050293,0.0,,0.0,0.0,0.0,180.0,21.486950683593747,21.486950683593747,Leave_One_experiments/all_year_offline_schedule_search/daily_outputs/HLA/HLA_2010_HLA2010_normal_grid_S0028_daily.csv
HLA,HLA,Hailun,2010,Leave_One_experiments\wth_generated_qc\HLA\HLA2010.WTH,normal_year;nitrogen_stress_year;low_response_year,normal,HLA2010_normal_grid_S0028,low_input_within_10pct_yield,2010-09-03,246,127,122,"{""sim_day"": 127.0, ""doy"": 246.0, ""topwt"": 17703.936767578125, ""grnwt"": 5354.360961914063, ""xlai"": 2.7671968936920166, ""totir"": 0.0, ""tofer"": NaN, ""swfac"": 0.0, ""nstres"": 0.1849338412284851}",0.0,0.1849338412284851,17703.936767578125,5354.360961914063,2.7671968936920166,0.0,,0.0,0.0,0.0,180.0,21.486950683593747,21.486950683593747,Leave_One_experiments/all_year_offline_schedule_search/daily_outputs/HLA/HLA_2010_HLA2010_normal_grid_S0028_daily.csv
HLA,HLA,Hailun,2010,Leave_One_experiments\wth_generated_qc\HLA\HLA2010.WTH,normal_year;nitrogen_stress_year;low_response_year,normal,HLA2010_normal_grid_S0028,low_input_within_10pct_yield,2010-09-04,247,128,123,"{""sim_day"": 128.0, ""doy"": 247.0, ""topwt"": 17872.913818359375, ""grnwt"": 5527.26806640625, ""xlai"": 2.661104202270508, ""totir"": 0.0, ""tofer"": NaN, ""swfac"": 0.0, ""nstres"": 0.1946280002593994}",0.0,0.1946280002593994,17872.913818359375,5527.26806640625,2.661104202270508,0.0,,0.0,0.0,0.0,180.0,21.486950683593747,21.486950683593747,Leave_One_experiments/all_year_offline_schedule_search/daily_outputs/HLA/HLA_2010_HLA2010_normal_grid_S0028_daily.csv
HLA,HLA,Hailun,2010,Leave_One_experiments\wth_generated_qc\HLA\HLA2010.WTH,normal_year;nitrogen_stress_year;low_response_year,normal,HLA2010_normal_grid_S0028,low_input_within_10pct_yield,2010-09-05,248,129,124,"{""sim_day"": 129.0, ""doy"": 248.0, ""topwt"": 18049.75341796875, ""grnwt"": 5700.17578125, ""xlai"": 2.5757832527160645, ""totir"": 0.0, ""tofer"": NaN, ""swfac"": 0.0, ""nstres"": 0.2172501683235168}",0.0,0.2172501683235168,18049.75341796875,5700.17578125,2.5757832527160645,0.0,,0.0,0.0,0.0,180.0,21.486950683593747,21.486950683593747,Leave_One_experiments/all_year_offline_schedule_search/daily_outputs/HLA/HLA_2010_HLA2010_normal_grid_S0028_daily.csv
HLA,HLA,Hailun,2010,Leave_One_experiments\wth_generated_qc\HLA\HLA2010.WTH,normal_year;nitrogen_stress_year;low_response_year,normal,HLA2010_normal_grid_S0028,low_input_within_10pct_yield,2010-09-06,249,130,125,"{""sim_day"": 130.0, ""doy"": 249.0, ""topwt"": 18146.08642578125, ""grnwt"": 5796.509399414063, ""xlai"": 2.223158597946167, ""totir"": 0.0, ""tofer"": NaN, ""swfac"": 0.0, ""nstres"": 0.2560410499572754}",0.0,0.2560410499572754,18146.08642578125,5796.509399414063,2.223158597946167,0.0,,0.0,0.0,0.0,180.0,21.486950683593747,21.486950683593747,Leave_One_experiments/all_year_offline_schedule_search/daily_outputs/HLA/HLA_2010_HLA2010_normal_grid_S0028_daily.csv
HLA,HLA,Hailun,2010,Leave_One_experiments\wth_generated_qc\HLA\HLA2010.WTH,normal_year;nitrogen_stress_year;low_response_year,normal,HLA2010_normal_grid_S0028,low_input_within_10pct_yield,2010-09-07,250,131,126,"{""sim_day"": 131.0, ""doy"": 250.0, ""topwt"": 18306.64306640625, ""grnwt"": 5957.066650390625, ""xlai"": 2.160832166671753, ""totir"": 0.0, ""tofer"": NaN, ""swfac"": 0.0, ""nstres"": 0.2728403210639953}",0.0,0.2728403210639953,18306.64306640625,5957.066650390625,2.160832166671753,0.0,,0.0,0.0,0.0,180.0,21.486950683593747,21.486950683593747,Leave_One_experiments/all_year_offline_schedule_search/daily_outputs/HLA/HLA_2010_HLA2010_normal_grid_S0028_daily.csv
HLA,HLA,Hailun,2010,Leave_One_experiments\wth_generated_qc\HLA\HLA2010.WTH,normal_year;nitrogen_stress_year;low_response_year,normal,HLA2010_normal_grid_S0028,low_input_within_10pct_yield,2010-09-08,251,132,127,"{""sim_day"": 132.0, ""doy"": 251.0, ""topwt"": 18479.55078125, ""grnwt"": 6129.9737548828125, ""xlai"": 2.0976316928863525, ""totir"": 0.0, ""tofer"": NaN, ""swfac"": 0.0, ""nstres"": 0.3019565343856811}",0.0,0.3019565343856811,18479.55078125,6129.9737548828125,2.0976316928863525,0.0,,0.0,0.0,0.0,180.0,21.486950683593747,21.486950683593747,Leave_One_experiments/all_year_offline_schedule_search/daily_outputs/HLA/HLA_2010_HLA2010_normal_grid_S0028_daily.csv
HLA,HLA,Hailun,2010,Leave_One_experiments\wth_generated_qc\HLA\HLA2010.WTH,normal_year;nitrogen_stress_year;low_response_year,normal,HLA2010_normal_grid_S0028,low_input_within_10pct_yield,2010-09-09,252,133,128,"{""sim_day"": 133.0, ""doy"": 252.0, ""topwt"": 18652.4560546875, ""grnwt"": 6302.880859375, ""xlai"": 2.0336344242095947, ""totir"": 0.0, ""tofer"": NaN, ""swfac"": 0.0, ""nstres"": 0.3322234153747558}",0.0,0.3322234153747558,18652.4560546875,6302.880859375,2.0336344242095947,0.0,,0.0,0.0,0.0,180.0,21.486950683593747,21.486950683593747,Leave_One_experiments/all_year_offline_schedule_search/daily_outputs/HLA/HLA_2010_HLA2010_normal_grid_S0028_daily.csv
HLA,HLA,Hailun,2010,Leave_One_experiments\wth_generated_qc\HLA\HLA2010.WTH,normal_year;nitrogen_stress_year;low_response_year,normal,HLA2010_normal_grid_S0028,low_input_within_10pct_yield,2010-09-10,253,134,129,"{""sim_day"": 134.0, ""doy"": 253.0, ""topwt"": 18825.36499023437, ""grnwt"": 6475.787963867188, ""xlai"": 1.9691702127456665, ""totir"": 0.0, ""tofer"": NaN, ""swfac"": 0.0, ""nstres"": 0.3607739210128784}",0.0,0.3607739210128784,18825.36499023437,6475.787963867188,1.9691702127456665,0.0,,0.0,0.0,0.0,180.0,21.486950683593747,21.486950683593747,Leave_One_experiments/all_year_offline_schedule_search/daily_outputs/HLA/HLA_2010_HLA2010_normal_grid_S0028_daily.csv
HLA,HLA,Hailun,2010,Leave_One_experiments\wth_generated_qc\HLA\HLA2010.WTH,normal_year;nitrogen_stress_year;low_response_year,normal,HLA2010_normal_grid_S0028,low_input_within_10pct_yield,2010-09-11,254,135,130,"{""sim_day"": 135.0, ""doy"": 254.0, ""topwt"": 18998.272705078125, ""grnwt"": 6648.695068359375, ""xlai"": 1.9043493270874023, ""totir"": 0.0, ""tofer"": NaN, ""swfac"": 0.0, ""nstres"": 0.3900303244590759}",0.0,0.3900303244590759,18998.272705078125,6648.695068359375,1.9043493270874023,0.0,,0.0,0.0,0.0,180.0,21.486950683593747,21.486950683593747,Leave_One_experiments/all_year_offline_schedule_search/daily_outputs/HLA/HLA_2010_HLA2010_normal_grid_S0028_daily.csv
HLA,HLA,Hailun,2010,Leave_One_experiments\wth_generated_qc\HLA\HLA2010.WTH,normal_year;nitrogen_stress_year;low_response_year,normal,HLA2010_normal_grid_S0028,low_input_within_10pct_yield,2010-09-12,255,136,131,"{""sim_day"": 136.0, ""doy"": 255.0, ""topwt"": 18998.272705078125, ""grnwt"": 6648.695068359375, ""xlai"": 1.9043493270874023, ""totir"": 0.0, ""tofer"": NaN, ""swfac"": 0.0, ""nstres"": 0.4209169149398803}",0.0,0.4209169149398803,18998.272705078125,6648.695068359375,1.9043493270874023,0.0,,0.0,0.0,0.0,180.0,21.486950683593747,21.486950683593747,Leave_One_experiments/all_year_offline_schedule_search/daily_outputs/HLA/HLA_2010_HLA2010_normal_grid_S0028_daily.csv
HLA,HLA,Hailun,2010,Leave_One_experiments\wth_generated_qc\HLA\HLA2010.WTH,normal_year;nitrogen_stress_year;low_response_year,normal,HLA2010_normal_grid_S0028,low_input_within_10pct_yield,2010-09-13,256,137,132,"{""sim_day"": 137.0, ""doy"": 256.0, ""topwt"": 18998.272705078125, ""grnwt"": 6648.695068359375, ""xlai"": 1.9043493270874023, ""totir"": 0.0, ""tofer"": NaN, ""swfac"": 0.0, ""nstres"": 0.4209169149398803}",0.0,0.4209169149398803,18998.272705078125,6648.695068359375,1.9043493270874023,0.0,,0.0,0.0,0.0,180.0,21.486950683593747,21.486950683593747,Leave_One_experiments/all_year_offline_schedule_search/daily_outputs/HLA/HLA_2010_HLA2010_normal_grid_S0028_daily.csv
HLA,HLA,Hailun,2010,Leave_One_experiments\wth_generated_qc\HLA\HLA2010.WTH,normal_year;nitrogen_stress_year;low_response_year,normal,HLA2010_normal_grid_S0028,low_input_within_10pct_yield,2010-09-14,257,138,133,"{""sim_day"": 138.0, ""doy"": 257.0, ""topwt"": 18998.272705078125, ""grnwt"": 6648.695068359375, ""xlai"": 1.9043493270874023, ""totir"": 0.0, ""tofer"": NaN, ""swfac"": 0.0, ""nstres"": 0.4209169149398803}",0.0,0.4209169149398803,18998.272705078125,6648.695068359375,1.9043493270874023,0.0,,0.0,0.0,0.0,180.0,21.486950683593747,21.486950683593747,Leave_One_experiments/all_year_offline_schedule_search/daily_outputs/HLA/HLA_2010_HLA2010_normal_grid_S0028_daily.csv
HLA,HLA,Hailun,2010,Leave_One_experiments\wth_generated_qc\HLA\HLA2010.WTH,normal_year;nitrogen_stress_year;low_response_year,normal,HLA2010_normal_grid_S0019,pareto_balanced,2010-05-05,125,1,1,"{""sim_day"": 1.0, ""doy"": 125.0, ""topwt"": 0.0, ""grnwt"": 0.0, ""xlai"": 0.0, ""totir"": 0.0, ""tofer"": NaN, ""swfac"": 0.0, ""nstres"": 0.0}",0.0,0.0,0.0,0.0,0.0,0.0,,0.0,75.0,0.0,225.0,12.557891845703123,12.557891845703123,Leave_One_experiments/all_year_offline_schedule_search/daily_outputs/HLA/HLA_2010_HLA2010_normal_grid_S0019_daily.csv
HLA,HLA,Hailun,2010,Leave_One_experiments\wth_generated_qc\HLA\HLA2010.WTH,normal_year;nitrogen_stress_year;low_response_year,normal,HLA2010_normal_grid_S0019,pareto_balanced,2010-05-06,126,2,2,"{""sim_day"": 2.0, ""doy"": 126.0, ""topwt"": 0.0, ""grnwt"": 0.0, ""xlai"": 0.0, ""totir"": 0.0, ""tofer"": NaN, ""swfac"": 0.0, ""nstres"": 0.0}",0.0,0.0,0.0,0.0,0.0,0.0,,0.0,0.0,0.0,225.0,12.557891845703123,12.557891845703123,Leave_One_experiments/all_year_offline_schedule_search/daily_outputs/HLA/HLA_2010_HLA2010_normal_grid_S0019_daily.csv
HLA,HLA,Hailun,2010,Leave_One_experiments\wth_generated_qc\HLA\HLA2010.WTH,normal_year;nitrogen_stress_year;low_response_year,normal,HLA2010_normal_grid_S0019,pareto_balanced,2010-05-07,127,3,3,"{""sim_day"": 3.0, ""doy"": 127.0, ""topwt"": 0.0, ""grnwt"": 0.0, ""xlai"": 0.0, ""totir"": 0.0, ""tofer"": NaN, ""swfac"": 0.0, ""nstres"": 0.0}",0.0,0.0,0.0,0.0,0.0,0.0,,0.0,0.0,0.0,225.0,12.557891845703123,12.557891845703123,Leave_One_experiments/all_year_offline_schedule_search/daily_outputs/HLA/HLA_2010_HLA2010_normal_grid_S0019_daily.csv
HLA,HLA,Hailun,2010,Leave_One_experiments\wth_generated_qc\HLA\HLA2010.WTH,normal_year;nitrogen_stress_year;low_response_year,normal,HLA2010_normal_grid_S0019,pareto_balanced,2010-05-08,128,4,4,"{""sim_day"": 4.0, ""doy"": 128.0, ""topwt"": 0.0, ""grnwt"": 0.0, ""xlai"": 0.0, ""totir"": 0.0, ""tofer"": NaN, ""swfac"": 0.0, ""nstres"": 0.0}",0.0,0.0,0.0,0.0,0.0,0.0,,0.0,0.0,0.0,225.0,12.557891845703123,12.557891845703123,Leave_One_experiments/all_year_offline_schedule_search/daily_outputs/HLA/HLA_2010_HLA2010_normal_grid_S0019_daily.csv
HLA,HLA,Hailun,2010,Leave_One_experiments\wth_generated_qc\HLA\HLA2010.WTH,normal_year;nitrogen_stress_year;low_response_year,normal,HLA2010_normal_grid_S0019,pareto_balanced,2010-05-09,129,5,5,"{""sim_day"": 5.0, ""doy"": 129.0, ""topwt"": 0.0, ""grnwt"": 0.0, ""xlai"": 0.0, ""totir"": 0.0, ""tofer"": NaN, ""swfac"": 0.0, ""nstres"": 0.0}",0.0,0.0,0.0,0.0,0.0,0.0,,0.0,0.0,0.0,225.0,12.557891845703123,12.557891845703123,Leave_One_experiments/all_year_offline_schedule_search/daily_outputs/HLA/HLA_2010_HLA2010_normal_grid_S0019_daily.csv
HLA,HLA,Hailun,2010,Leave_One_experiments\wth_generated_qc\HLA\HLA2010.WTH,normal_year;nitrogen_stress_year;low_response_year,normal,HLA2010_normal_grid_S0019,pareto_balanced,2010-05-05,125,6,1,"{""sim_day"": 6.0, ""doy"": 125.0, ""topwt"": 0.0, ""grnwt"": 0.0, ""xlai"": 0.0, ""totir"": 0.0, ""tofer"": NaN, ""swfac"": 0.0, ""nstres"": 0.0}",0.0,0.0,0.0,0.0,0.0,0.0,,0.0,0.0,0.0,225.0,12.557891845703123,12.557891845703123,Leave_One_experiments/all_year_offline_schedule_search/daily_outputs/HLA/HLA_2010_HLA2010_normal_grid_S0019_daily.csv
HLA,HLA,Hailun,2010,Leave_One_experiments\wth_generated_qc\HLA\HLA2010.WTH,normal_year;nitrogen_stress_year;low_response_year,normal,HLA2010_normal_grid_S0019,pareto_balanced,2010-05-06,126,7,2,"{""sim_day"": 7.0, ""doy"": 126.0, ""topwt"": 0.0, ""grnwt"": 0.0, ""xlai"": 0.0, ""totir"": 0.0, ""tofer"": NaN, ""swfac"": 0.0, ""nstres"": 0.0}",0.0,0.0,0.0,0.0,0.0,0.0,,0.0,0.0,0.0,225.0,12.557891845703123,12.557891845703123,Leave_One_experiments/all_year_offline_schedule_search/daily_outputs/HLA/HLA_2010_HLA2010_normal_grid_S0019_daily.csv
HLA,HLA,Hailun,2010,Leave_One_experiments\wth_generated_qc\HLA\HLA2010.WTH,normal_year;nitrogen_stress_year;low_response_year,normal,HLA2010_normal_grid_S0019,pareto_balanced,2010-05-07,127,8,3,"{""sim_day"": 8.0, ""doy"": 127.0, ""topwt"": 0.0, ""grnwt"": 0.0, ""xlai"": 0.0, ""totir"": 0.0, ""tofer"": NaN, ""swfac"": 0.0, ""nstres"": 0.0}",0.0,0.0,0.0,0.0,0.0,0.0,,0.0,0.0,0.0,225.0,12.557891845703123,12.557891845703123,Leave_One_experiments/all_year_offline_schedule_search/daily_outputs/HLA/HLA_2010_HLA2010_normal_grid_S0019_daily.csv
HLA,HLA,Hailun,2010,Leave_One_experiments\wth_generated_qc\HLA\HLA2010.WTH,normal_year;nitrogen_stress_year;low_response_year,normal,HLA2010_normal_grid_S0019,pareto_balanced,2010-05-08,128,9,4,"{""sim_day"": 9.0, ""doy"": 128.0, ""topwt"": 0.0, ""grnwt"": 0.0, ""xlai"": 0.0, ""totir"": 0.0, ""tofer"": NaN, ""swfac"": 0.0, ""nstres"": 0.0}",0.0,0.0,0.0,0.0,0.0,0.0,,0.0,0.0,0.0,225.0,12.557891845703123,12.557891845703123,Leave_One_experiments/all_year_offline_schedule_search/daily_outputs/HLA/HLA_2010_HLA2010_normal_grid_S0019_daily.csv
HLA,HLA,Hailun,2010,Leave_One_experiments\wth_generated_qc\HLA\HLA2010.WTH,normal_year;nitrogen_stress_year;low_response_year,normal,HLA2010_normal_grid_S0019,pareto_balanced,2010-05-09,129,10,5,"{""sim_day"": 10.0, ""doy"": 129.0, ""topwt"": 0.0, ""grnwt"": 0.0, ""xlai"": 0.0, ""totir"": 0.0, ""tofer"": NaN, ""swfac"": 0.0, ""nstres"": 0.0}",0.0,0.0,0.0,0.0,0.0,0.0,,0.0,0.0,0.0,225.0,12.557891845703123,12.557891845703123,Leave_One_experiments/all_year_offline_schedule_search/daily_outputs/HLA/HLA_2010_HLA2010_normal_grid_S0019_daily.csv
HLA,HLA,Hailun,2010,Leave_One_experiments\wth_generated_qc\HLA\HLA2010.WTH,normal_year;nitrogen_stress_year;low_response_year,normal,HLA2010_normal_grid_S0019,pareto_balanced,2010-05-10,130,11,6,"{""sim_day"": 11.0, ""doy"": 130.0, ""topwt"": 0.0, ""grnwt"": 0.0, ""xlai"": 0.0, ""totir"": 0.0, ""tofer"": NaN, ""swfac"": 0.0, ""nstres"": 0.0}",0.0,0.0,0.0,0.0,0.0,0.0,,0.0,0.0,0.0,225.0,12.557891845703123,12.557891845703123,Leave_One_experiments/all_year_offline_schedule_search/daily_outputs/HLA/HLA_2010_HLA2010_normal_grid_S0019_daily.csv
HLA,HLA,Hailun,2010,Leave_One_experiments\wth_generated_qc\HLA\HLA2010.WTH,normal_year;nitrogen_stress_year;low_response_year,normal,HLA2010_normal_grid_S0019,pareto_balanced,2010-05-11,131,12,7,"{""sim_day"": 12.0, ""doy"": 131.0, ""topwt"": 0.0, ""grnwt"": 0.0, ""xlai"": 0.0, ""totir"": 0.0, ""tofer"": NaN, ""swfac"": 0.0, ""nstres"": 0.0}",0.0,0.0,0.0,0.0,0.0,0.0,,0.0,0.0,0.0,225.0,12.557891845703123,12.557891845703123,Leave_One_experiments/all_year_offline_schedule_search/daily_outputs/HLA/HLA_2010_HLA2010_normal_grid_S0019_daily.csv
HLA,HLA,Hailun,2010,Leave_One_experiments\wth_generated_qc\HLA\HLA2010.WTH,normal_year;nitrogen_stress_year;low_response_year,normal,HLA2010_normal_grid_S0019,pareto_balanced,2010-05-12,132,13,8,"{""sim_day"": 13.0, ""doy"": 132.0, ""topwt"": 0.0, ""grnwt"": 0.0, ""xlai"": 0.0, ""totir"": 0.0, ""tofer"": NaN, ""swfac"": 0.0, ""nstres"": 0.0}",0.0,0.0,0.0,0.0,0.0,0.0,,0.0,0.0,0.0,225.0,12.557891845703123,12.557891845703123,Leave_One_experiments/all_year_offline_schedule_search/daily_outputs/HLA/HLA_2010_HLA2010_normal_grid_S0019_daily.csv
HLA,HLA,Hailun,2010,Leave_One_experiments\wth_generated_qc\HLA\HLA2010.WTH,normal_year;nitrogen_stress_year;low_response_year,normal,HLA2010_normal_grid_S0019,pareto_balanced,2010-05-13,133,14,9,"{""sim_day"": 14.0, ""doy"": 133.0, ""topwt"": 0.0, ""grnwt"": 0.0, ""xlai"": 0.0, ""totir"": 0.0, ""tofer"": NaN, ""swfac"": 0.0, ""nstres"": 0.0}",0.0,0.0,0.0,0.0,0.0,0.0,,0.0,0.0,0.0,225.0,12.557891845703123,12.557891845703123,Leave_One_experiments/all_year_offline_schedule_search/daily_outputs/HLA/HLA_2010_HLA2010_normal_grid_S0019_daily.csv
HLA,HLA,Hailun,2010,Leave_One_experiments\wth_generated_qc\HLA\HLA2010.WTH,normal_year;nitrogen_stress_year;low_response_year,normal,HLA2010_normal_grid_S0019,pareto_balanced,2010-05-14,134,15,10,"{""sim_day"": 15.0, ""doy"": 134.0, ""topwt"": 0.0, ""grnwt"": 0.0, ""xlai"": 0.0, ""totir"": 0.0, ""tofer"": NaN, ""swfac"": 0.0, ""nstres"": 0.0}",0.0,0.0,0.0,0.0,0.0,0.0,,0.0,0.0,0.0,225.0,12.557891845703123,12.557891845703123,Leave_One_experiments/all_year_offline_schedule_search/daily_outputs/HLA/HLA_2010_HLA2010_normal_grid_S0019_daily.csv
HLA,HLA,Hailun,2010,Leave_One_experiments\wth_generated_qc\HLA\HLA2010.WTH,normal_year;nitrogen_stress_year;low_response_year,normal,HLA2010_normal_grid_S0019,pareto_balanced,2010-05-15,135,16,11,"{""sim_day"": 16.0, ""doy"": 135.0, ""topwt"": 0.0, ""grnwt"": 0.0, ""xlai"": 0.0, ""totir"": 0.0, ""tofer"": NaN, ""swfac"": 0.0, ""nstres"": 0.0}",0.0,0.0,0.0,0.0,0.0,0.0,,0.0,0.0,0.0,225.0,12.557891845703123,12.557891845703123,Leave_One_experiments/all_year_offline_schedule_search/daily_outputs/HLA/HLA_2010_HLA2010_normal_grid_S0019_daily.csv
HLA,HLA,Hailun,2010,Leave_One_experiments\wth_generated_qc\HLA\HLA2010.WTH,normal_year;nitrogen_stress_year;low_response_year,normal,HLA2010_normal_grid_S0019,pareto_balanced,2010-05-16,136,17,12,"{""sim_day"": 17.0, ""doy"": 136.0, ""topwt"": 0.0, ""grnwt"": 0.0, ""xlai"": 0.0, ""totir"": 0.0, ""tofer"": NaN, ""swfac"": 0.0, ""nstres"": 0.0}",0.0,0.0,0.0,0.0,0.0,0.0,,0.0,0.0,0.0,225.0,12.557891845703123,12.557891845703123,Leave_One_experiments/all_year_offline_schedule_search/daily_outputs/HLA/HLA_2010_HLA2010_normal_grid_S0019_daily.csv
HLA,HLA,Hailun,2010,Leave_One_experiments\wth_generated_qc\HLA\HLA2010.WTH,normal_year;nitrogen_stress_year;low_response_year,normal,HLA2010_normal_grid_S0019,pareto_balanced,2010-05-17,137,18,13,"{""sim_day"": 18.0, ""doy"": 137.0, ""topwt"": 0.0, ""grnwt"": 0.0, ""xlai"": 0.0, ""totir"": 0.0, ""tofer"": NaN, ""swfac"": 0.0, ""nstres"": 0.0}",0.0,0.0,0.0,0.0,0.0,0.0,,0.0,0.0,0.0,225.0,12.557891845703123,12.557891845703123,Leave_One_experiments/all_year_offline_schedule_search/daily_outputs/HLA/HLA_2010_HLA2010_normal_grid_S0019_daily.csv
HLA,HLA,Hailun,2010,Leave_One_experiments\wth_generated_qc\HLA\HLA2010.WTH,normal_year;nitrogen_stress_year;low_response_year,normal,HLA2010_normal_grid_S0019,pareto_balanced,2010-05-18,138,19,14,"{""sim_day"": 19.0, ""doy"": 138.0, ""topwt"": 0.0, ""grnwt"": 0.0, ""xlai"": 0.0, ""totir"": 0.0, ""tofer"": NaN, ""swfac"": 0.0, ""nstres"": 0.0}",0.0,0.0,0.0,0.0,0.0,0.0,,0.0,0.0,0.0,225.0,12.557891845703123,12.557891845703123,Leave_One_experiments/all_year_offline_schedule_search/daily_outputs/HLA/HLA_2010_HLA2010_normal_grid_S0019_daily.csv
HLA,HLA,Hailun,2010,Leave_One_experiments\wth_generated_qc\HLA\HLA2010.WTH,normal_year;nitrogen_stress_year;low_response_year,normal,HLA2010_normal_grid_S0019,pareto_balanced,2010-05-19,139,20,15,"{""sim_day"": 20.0, ""doy"": 139.0, ""topwt"": 20.0, ""grnwt"": 0.0, ""xlai"": 0.0016260230913758, ""totir"": 0.0, ""tofer"": NaN, ""swfac"": 0.0, ""nstres"": 0.0121910572052001}",0.0,0.0121910572052001,20.0,0.0,0.0016260230913758,0.0,,0.0,0.0,0.0,225.0,12.557891845703123,12.557891845703123,Leave_One_experiments/all_year_offline_schedule_search/daily_outputs/HLA/HLA_2010_HLA2010_normal_grid_S0019_daily.csv
HLA,HLA,Hailun,2010,Leave_One_experiments\wth_generated_qc\HLA\HLA2010.WTH,normal_year;nitrogen_stress_year;low_response_year,normal,HLA2010_normal_grid_S0019,pareto_balanced,2010-05-20,140,21,16,"{""sim_day"": 21.0, ""doy"": 140.0, ""topwt"": 20.0, ""grnwt"": 0.0, ""xlai"": 0.0036296278703957, ""totir"": 0.0, ""tofer"": NaN, ""swfac"": 0.0, ""nstres"": 0.015815258026123}",0.0,0.015815258026123,20.0,0.0,0.0036296278703957,0.0,,0.0,0.0,0.0,225.0,12.557891845703123,12.557891845703123,Leave_One_experiments/all_year_offline_schedule_search/daily_outputs/HLA/HLA_2010_HLA2010_normal_grid_S0019_daily.csv
HLA,HLA,Hailun,2010,Leave_One_experiments\wth_generated_qc\HLA\HLA2010.WTH,normal_year;nitrogen_stress_year;low_response_year,normal,HLA2010_normal_grid_S0019,pareto_balanced,2010-05-21,141,22,17,"{""sim_day"": 22.0, ""doy"": 141.0, ""topwt"": 20.0, ""grnwt"": 0.0, ""xlai"": 0.0062261009588837, ""totir"": 0.0, ""tofer"": NaN, ""swfac"": 0.0, ""nstres"": 0.0106118917465209}",0.0,0.0106118917465209,20.0,0.0,0.0062261009588837,0.0,,0.0,0.0,0.0,225.0,12.557891845703123,12.557891845703123,Leave_One_experiments/all_year_offline_schedule_search/daily_outputs/HLA/HLA_2010_HLA2010_normal_grid_S0019_daily.csv
HLA,HLA,Hailun,2010,Leave_One_experiments\wth_generated_qc\HLA\HLA2010.WTH,normal_year;nitrogen_stress_year;low_response_year,normal,HLA2010_normal_grid_S0019,pareto_balanced,2010-05-22,142,23,18,"{""sim_day"": 23.0, ""doy"": 142.0, ""topwt"": 20.0, ""grnwt"": 0.0, ""xlai"": 0.0099214306101202, ""totir"": 0.0, ""tofer"": NaN, ""swfac"": 0.0, ""nstres"": 0.0041295289993286}",0.0,0.0041295289993286,20.0,0.0,0.0099214306101202,0.0,,0.0,0.0,0.0,225.0,12.557891845703123,12.557891845703123,Leave_One_experiments/all_year_offline_schedule_search/daily_outputs/HLA/HLA_2010_HLA2010_normal_grid_S0019_daily.csv
HLA,HLA,Hailun,2010,Leave_One_experiments\wth_generated_qc\HLA\HLA2010.WTH,normal_year;nitrogen_stress_year;low_response_year,normal,HLA2010_normal_grid_S0019,pareto_balanced,2010-05-23,143,24,19,"{""sim_day"": 24.0, ""doy"": 143.0, ""topwt"": 20.0, ""grnwt"": 0.0, ""xlai"": 0.0136429574340581, ""totir"": 0.0, ""tofer"": NaN, ""swfac"": 0.0, ""nstres"": 0.0}",0.0,0.0,20.0,0.0,0.0136429574340581,0.0,,0.0,0.0,0.0,225.0,12.557891845703123,12.557891845703123,Leave_One_experiments/all_year_offline_schedule_search/daily_outputs/HLA/HLA_2010_HLA2010_normal_grid_S0019_daily.csv
HLA,HLA,Hailun,2010,Leave_One_experiments\wth_generated_qc\HLA\HLA2010.WTH,normal_year;nitrogen_stress_year;low_response_year,normal,HLA2010_normal_grid_S0019,pareto_balanced,2010-05-24,144,25,20,"{""sim_day"": 25.0, ""doy"": 144.0, ""topwt"": 20.0, ""grnwt"": 0.0, ""xlai"": 0.0243844017386436, ""totir"": 0.0, ""tofer"": NaN, ""swfac"": 0.0, ""nstres"": 0.0}",0.0,0.0,20.0,0.0,0.0243844017386436,0.0,,0.0,0.0,0.0,225.0,12.557891845703123,12.557891845703123,Leave_One_experiments/all_year_offline_schedule_search/daily_outputs/HLA/HLA_2010_HLA2010_normal_grid_S0019_daily.csv
HLA,HLA,Hailun,2010,Leave_One_experiments\wth_generated_qc\HLA\HLA2010.WTH,normal_year;nitrogen_stress_year;low_response_year,normal,HLA2010_normal_grid_S0019,pareto_balanced,2010-05-25,145,26,21,"{""sim_day"": 26.0, ""doy"": 145.0, ""topwt"": 19.99795198440552, ""grnwt"": 0.0, ""xlai"": 0.034325148910284, ""totir"": 0.0, ""tofer"": NaN, ""swfac"": 0.0, ""nstres"": 0.0}",0.0,0.0,19.99795198440552,0.0,0.034325148910284,0.0,,0.0,0.0,0.0,225.0,12.557891845703123,12.557891845703123,Leave_One_experiments/all_year_offline_schedule_search/daily_outputs/HLA/HLA_2010_HLA2010_normal_grid_S0019_daily.csv
HLA,HLA,Hailun,2010,Leave_One_experiments\wth_generated_qc\HLA\HLA2010.WTH,normal_year;nitrogen_stress_year;low_response_year,normal,HLA2010_normal_grid_S0019,pareto_balanced,2010-05-26,146,27,22,"{""sim_day"": 27.0, ""doy"": 146.0, ""topwt"": 24.446492195129395, ""grnwt"": 0.0, ""xlai"": 0.0460327453911304, ""totir"": 0.0, ""tofer"": NaN, ""swfac"": 0.0, ""nstres"": 0.0}",0.0,0.0,24.446492195129395,0.0,0.0460327453911304,0.0,,0.0,0.0,0.0,225.0,12.557891845703123,12.557891845703123,Leave_One_experiments/all_year_offline_schedule_search/daily_outputs/HLA/HLA_2010_HLA2010_normal_grid_S0019_daily.csv
HLA,HLA,Hailun,2010,Leave_One_experiments\wth_generated_qc\HLA\HLA2010.WTH,normal_year;nitrogen_stress_year;low_response_year,normal,HLA2010_normal_grid_S0019,pareto_balanced,2010-05-27,147,28,23,"{""sim_day"": 28.0, ""doy"": 147.0, ""topwt"": 30.377068519592285, ""grnwt"": 0.0, ""xlai"": 0.0605474710464477, ""totir"": 0.0, ""tofer"": NaN, ""swfac"": 0.0, ""nstres"": 0.0}",0.0,0.0,30.377068519592285,0.0,0.0605474710464477,0.0,,0.0,0.0,0.0,225.0,12.557891845703123,12.557891845703123,Leave_One_experiments/all_year_offline_schedule_search/daily_outputs/HLA/HLA_2010_HLA2010_normal_grid_S0019_daily.csv
HLA,HLA,Hailun,2010,Leave_One_experiments\wth_generated_qc\HLA\HLA2010.WTH,normal_year;nitrogen_stress_year;low_response_year,normal,HLA2010_normal_grid_S0019,pareto_balanced,2010-05-28,148,29,24,"{""sim_day"": 29.0, ""doy"": 148.0, ""topwt"": 36.1956262588501, ""grnwt"": 0.0, ""xlai"": 0.0739538222551345, ""totir"": 0.0, ""tofer"": NaN, ""swfac"": 0.0, ""nstres"": 0.0}",0.0,0.0,36.1956262588501,0.0,0.0739538222551345,0.0,,0.0,0.0,0.0,225.0,12.557891845703123,12.557891845703123,Leave_One_experiments/all_year_offline_schedule_search/daily_outputs/HLA/HLA_2010_HLA2010_normal_grid_S0019_daily.csv
HLA,HLA,Hailun,2010,Leave_One_experiments\wth_generated_qc\HLA\HLA2010.WTH,normal_year;nitrogen_stress_year;low_response_year,normal,HLA2010_normal_grid_S0019,pareto_balanced,2010-05-29,149,30,25,"{""sim_day"": 30.0, ""doy"": 149.0, ""topwt"": 43.89819145202637, ""grnwt"": 0.0, ""xlai"": 0.0907927230000495, ""totir"": 0.0, ""tofer"": NaN, ""swfac"": 0.0, ""nstres"": 0.0}",0.0,0.0,43.89819145202637,0.0,0.0907927230000495,0.0,,0.0,0.0,0.0,225.0,12.557891845703123,12.557891845703123,Leave_One_experiments/all_year_offline_schedule_search/daily_outputs/HLA/HLA_2010_HLA2010_normal_grid_S0019_daily.csv
HLA,HLA,Hailun,2010,Leave_One_experiments\wth_generated_qc\HLA\HLA2010.WTH,normal_year;nitrogen_stress_year;low_response_year,normal,HLA2010_normal_grid_S0019,pareto_balanced,2010-05-30,150,31,26,"{""sim_day"": 31.0, ""doy"": 150.0, ""topwt"": 53.34643363952637, ""grnwt"": 0.0, ""xlai"": 0.1104001924395561, ""totir"": 0.0, ""tofer"": NaN, ""swfac"": 0.0, ""nstres"": 0.0}",0.0,0.0,53.34643363952637,0.0,0.1104001924395561,0.0,,0.0,0.0,0.0,225.0,12.557891845703123,12.557891845703123,Leave_One_experiments/all_year_offline_schedule_search/daily_outputs/HLA/HLA_2010_HLA2010_normal_grid_S0019_daily.csv
HLA,HLA,Hailun,2010,Leave_One_experiments\wth_generated_qc\HLA\HLA2010.WTH,normal_year;nitrogen_stress_year;low_response_year,normal,HLA2010_normal_grid_S0019,pareto_balanced,2010-05-31,151,32,27,"{""sim_day"": 32.0, ""doy"": 151.0, ""topwt"": 65.44400215148926, ""grnwt"": 0.0, ""xlai"": 0.1342559903860092, ""totir"": 0.0, ""tofer"": NaN, ""swfac"": 0.0, ""nstres"": 0.0}",0.0,0.0,65.44400215148926,0.0,0.1342559903860092,0.0,,0.0,0.0,0.0,225.0,12.557891845703123,12.557891845703123,Leave_One_experiments/all_year_offline_schedule_search/daily_outputs/HLA/HLA_2010_HLA2010_normal_grid_S0019_daily.csv
HLA,HLA,Hailun,2010,Leave_One_experiments\wth_generated_qc\HLA\HLA2010.WTH,normal_year;nitrogen_stress_year;low_response_year,normal,HLA2010_normal_grid_S0019,pareto_balanced,2010-06-01,152,33,28,"{""sim_day"": 33.0, ""doy"": 152.0, ""topwt"": 78.03916454315186, ""grnwt"": 0.0, ""xlai"": 0.1579608768224716, ""totir"": 0.0, ""tofer"": NaN, ""swfac"": 0.0, ""nstres"": 0.0}",0.0,0.0,78.03916454315186,0.0,0.1579608768224716,0.0,,0.0,0.0,0.0,225.0,12.557891845703123,12.557891845703123,Leave_One_experiments/all_year_offline_schedule_search/daily_outputs/HLA/HLA_2010_HLA2010_normal_grid_S0019_daily.csv
HLA,HLA,Hailun,2010,Leave_One_experiments\wth_generated_qc\HLA\HLA2010.WTH,normal_year;nitrogen_stress_year;low_response_year,normal,HLA2010_normal_grid_S0019,pareto_balanced,2010-06-02,153,34,29,"{""sim_day"": 34.0, ""doy"": 153.0, ""topwt"": 96.1761474609375, ""grnwt"": 0.0, ""xlai"": 0.1905551999807357, ""totir"": 0.0, ""tofer"": NaN, ""swfac"": 0.0, ""nstres"": 0.0}",0.0,0.0,96.1761474609375,0.0,0.1905551999807357,0.0,,0.0,0.0,0.0,225.0,12.557891845703123,12.557891845703123,Leave_One_experiments/all_year_offline_schedule_search/daily_outputs/HLA/HLA_2010_HLA2010_normal_grid_S0019_daily.csv
HLA,HLA,Hailun,2010,Leave_One_experiments\wth_generated_qc\HLA\HLA2010.WTH,normal_year;nitrogen_stress_year;low_response_year,normal,HLA2010_normal_grid_S0019,pareto_balanced,2010-06-03,154,35,30,"{""sim_day"": 35.0, ""doy"": 154.0, ""topwt"": 122.00528144836426, ""grnwt"": 0.0, ""xlai"": 0.2346067279577255, ""totir"": 0.0, ""tofer"": NaN, ""swfac"": 0.0, ""nstres"": 0.0}",0.0,0.0,122.00528144836426,0.0,0.2346067279577255,0.0,,0.0,75.0,0.0,225.0,12.557891845703123,12.557891845703123,Leave_One_experiments/all_year_offline_schedule_search/daily_outputs/HLA/HLA_2010_HLA2010_normal_grid_S0019_daily.csv
HLA,HLA,Hailun,2010,Leave_One_experiments\wth_generated_qc\HLA\HLA2010.WTH,normal_year;nitrogen_stress_year;low_response_year,normal,HLA2010_normal_grid_S0019,pareto_balanced,2010-06-04,155,36,31,"{""sim_day"": 36.0, ""doy"": 155.0, ""topwt"": 150.54271697998047, ""grnwt"": 0.0, ""xlai"": 0.2808497548103332, ""totir"": 0.0, ""tofer"": NaN, ""swfac"": 0.0, ""nstres"": 0.0}",0.0,0.0,150.54271697998047,0.0,0.2808497548103332,0.0,,0.0,0.0,0.0,225.0,12.557891845703123,12.557891845703123,Leave_One_experiments/all_year_offline_schedule_search/daily_outputs/HLA/HLA_2010_HLA2010_normal_grid_S0019_daily.csv
HLA,HLA,Hailun,2010,Leave_One_experiments\wth_generated_qc\HLA\HLA2010.WTH,normal_year;nitrogen_stress_year;low_response_year,normal,HLA2010_normal_grid_S0019,pareto_balanced,2010-06-05,156,37,32,"{""sim_day"": 37.0, ""doy"": 156.0, ""topwt"": 165.0763702392578, ""grnwt"": 0.0, ""xlai"": 0.3242824375629425, ""totir"": 0.0, ""tofer"": NaN, ""swfac"": 0.0, ""nstres"": 0.0}",0.0,0.0,165.0763702392578,0.0,0.3242824375629425,0.0,,0.0,0.0,0.0,225.0,12.557891845703123,12.557891845703123,Leave_One_experiments/all_year_offline_schedule_search/daily_outputs/HLA/HLA_2010_HLA2010_normal_grid_S0019_daily.csv
HLA,HLA,Hailun,2010,Leave_One_experiments\wth_generated_qc\HLA\HLA2010.WTH,normal_year;nitrogen_stress_year;low_response_year,normal,HLA2010_normal_grid_S0019,pareto_balanced,2010-06-06,157,38,33,"{""sim_day"": 38.0, ""doy"": 157.0, ""topwt"": 206.42765045166016, ""grnwt"": 0.0, ""xlai"": 0.3910892903804779, ""totir"": 0.0, ""tofer"": NaN, ""swfac"": 0.0, ""nstres"": 0.0049310326576232}",0.0,0.0049310326576232,206.42765045166016,0.0,0.3910892903804779,0.0,,0.0,0.0,0.0,225.0,12.557891845703123,12.557891845703123,Leave_One_experiments/all_year_offline_schedule_search/daily_outputs/HLA/HLA_2010_HLA2010_normal_grid_S0019_daily.csv
HLA,HLA,Hailun,2010,Leave_One_experiments\wth_generated_qc\HLA\HLA2010.WTH,normal_year;nitrogen_stress_year;low_response_year,normal,HLA2010_normal_grid_S0019,pareto_balanced,2010-06-07,158,39,34,"{""sim_day"": 39.0, ""doy"": 158.0, ""topwt"": 261.2944793701172, ""grnwt"": 0.0, ""xlai"": 0.4753253757953644, ""totir"": 0.0, ""tofer"": NaN, ""swfac"": 0.0, ""nstres"": 0.0}",0.0,0.0,261.2944793701172,0.0,0.4753253757953644,0.0,,0.0,0.0,0.0,225.0,12.557891845703123,12.557891845703123,Leave_One_experiments/all_year_offline_schedule_search/daily_outputs/HLA/HLA_2010_HLA2010_normal_grid_S0019_daily.csv
HLA,HLA,Hailun,2010,Leave_One_experiments\wth_generated_qc\HLA\HLA2010.WTH,normal_year;nitrogen_stress_year;low_response_year,normal,HLA2010_normal_grid_S0019,pareto_balanced,2010-06-08,159,40,35,"{""sim_day"": 40.0, ""doy"": 159.0, ""topwt"": 313.31790924072266, ""grnwt"": 0.0, ""xlai"": 0.5516181588172913, ""totir"": 0.0, ""tofer"": NaN, ""swfac"": 0.0, ""nstres"": 0.0}",0.0,0.0,313.31790924072266,0.0,0.5516181588172913,0.0,,0.0,0.0,0.0,225.0,12.557891845703123,12.557891845703123,Leave_One_experiments/all_year_offline_schedule_search/daily_outputs/HLA/HLA_2010_HLA2010_normal_grid_S0019_daily.csv
HLA,HLA,Hailun,2010,Leave_One_experiments\wth_generated_qc\HLA\HLA2010.WTH,normal_year;nitrogen_stress_year;low_response_year,normal,HLA2010_normal_grid_S0019,pareto_balanced,2010-06-09,160,41,36,"{""sim_day"": 41.0, ""doy"": 160.0, ""topwt"": 386.2588119506836, ""grnwt"": 0.0, ""xlai"": 0.6540697813034058, ""totir"": 0.0, ""tofer"": NaN, ""swfac"": 0.0, ""nstres"": 0.0}",0.0,0.0,386.2588119506836,0.0,0.6540697813034058,0.0,,0.0,0.0,0.0,225.0,12.557891845703123,12.557891845703123,Leave_One_experiments/all_year_offline_schedule_search/daily_outputs/HLA/HLA_2010_HLA2010_normal_grid_S0019_daily.csv
HLA,HLA,Hailun,2010,Leave_One_experiments\wth_generated_qc\HLA\HLA2010.WTH,normal_year;nitrogen_stress_year;low_response_year,normal,HLA2010_normal_grid_S0019,pareto_balanced,2010-06-10,161,42,37,"{""sim_day"": 42.0, ""doy"": 161.0, ""topwt"": 472.3786926269531, ""grnwt"": 0.0, ""xlai"": 0.7696998119354248, ""totir"": 0.0, ""tofer"": NaN, ""swfac"": 0.0, ""nstres"": 0.0}",0.0,0.0,472.3786926269531,0.0,0.7696998119354248,0.0,,0.0,0.0,0.0,225.0,12.557891845703123,12.557891845703123,Leave_One_experiments/all_year_offline_schedule_search/daily_outputs/HLA/HLA_2010_HLA2010_normal_grid_S0019_daily.csv
HLA,HLA,Hailun,2010,Leave_One_experiments\wth_generated_qc\HLA\HLA2010.WTH,normal_year;nitrogen_stress_year;low_response_year,normal,HLA2010_normal_grid_S0019,pareto_balanced,2010-06-11,162,43,38,"{""sim_day"": 43.0, ""doy"": 162.0, ""topwt"": 537.2830963134766, ""grnwt"": 0.0, ""xlai"": 0.8537572026252747, ""totir"": 0.0, ""tofer"": NaN, ""swfac"": 0.0, ""nstres"": 0.0}",0.0,0.0,537.2830963134766,0.0,0.8537572026252747,0.0,,0.0,0.0,0.0,225.0,12.557891845703123,12.557891845703123,Leave_One_experiments/all_year_offline_schedule_search/daily_outputs/HLA/HLA_2010_HLA2010_normal_grid_S0019_daily.csv
HLA,HLA,Hailun,2010,Leave_One_experiments\wth_generated_qc\HLA\HLA2010.WTH,normal_year;nitrogen_stress_year;low_response_year,normal,HLA2010_normal_grid_S0019,pareto_balanced,2010-06-12,163,44,39,"{""sim_day"": 44.0, ""doy"": 163.0, ""topwt"": 611.8573760986328, ""grnwt"": 0.0, ""xlai"": 0.9446287751197816, ""totir"": 0.0, ""tofer"": NaN, ""swfac"": 0.0, ""nstres"": 0.0}",0.0,0.0,611.8573760986328,0.0,0.9446287751197816,0.0,,0.0,0.0,0.0,225.0,12.557891845703123,12.557891845703123,Leave_One_experiments/all_year_offline_schedule_search/daily_outputs/HLA/HLA_2010_HLA2010_normal_grid_S0019_daily.csv
HLA,HLA,Hailun,2010,Leave_One_experiments\wth_generated_qc\HLA\HLA2010.WTH,normal_year;nitrogen_stress_year;low_response_year,normal,HLA2010_normal_grid_S0019,pareto_balanced,2010-06-13,164,45,40,"{""sim_day"": 45.0, ""doy"": 164.0, ""topwt"": 707.1482849121094, ""grnwt"": 0.0, ""xlai"": 1.0651538372039795, ""totir"": 0.0, ""tofer"": NaN, ""swfac"": 0.0, ""nstres"": 0.0}",0.0,0.0,707.1482849121094,0.0,1.0651538372039795,0.0,,0.0,0.0,0.0,225.0,12.557891845703123,12.557891845703123,Leave_One_experiments/all_year_offline_schedule_search/daily_outputs/HLA/HLA_2010_HLA2010_normal_grid_S0019_daily.csv
HLA,HLA,Hailun,2010,Leave_One_experiments\wth_generated_qc\HLA\HLA2010.WTH,normal_year;nitrogen_stress_year;low_response_year,normal,HLA2010_normal_grid_S0019,pareto_balanced,2010-06-14,165,46,41,"{""sim_day"": 46.0, ""doy"": 165.0, ""topwt"": 794.0888977050781, ""grnwt"": 0.0, ""xlai"": 1.1709471940994265, ""totir"": 0.0, ""tofer"": NaN, ""swfac"": 0.0, ""nstres"": 0.0}",0.0,0.0,794.0888977050781,0.0,1.1709471940994265,0.0,,0.0,0.0,0.0,225.0,12.557891845703123,12.557891845703123,Leave_One_experiments/all_year_offline_schedule_search/daily_outputs/HLA/HLA_2010_HLA2010_normal_grid_S0019_daily.csv
HLA,HLA,Hailun,2010,Leave_One_experiments\wth_generated_qc\HLA\HLA2010.WTH,normal_year;nitrogen_stress_year;low_response_year,normal,HLA2010_normal_grid_S0019,pareto_balanced,2010-06-15,166,47,42,"{""sim_day"": 47.0, ""doy"": 166.0, ""topwt"": 885.2169799804688, ""grnwt"": 0.0, ""xlai"": 1.2775590419769287, ""totir"": 0.0, ""tofer"": NaN, ""swfac"": 0.0, ""nstres"": 0.0}",0.0,0.0,885.2169799804688,0.0,1.2775590419769287,0.0,,0.0,0.0,0.0,225.0,12.557891845703123,12.557891845703123,Leave_One_experiments/all_year_offline_schedule_search/daily_outputs/HLA/HLA_2010_HLA2010_normal_grid_S0019_daily.csv
HLA,HLA,Hailun,2010,Leave_One_experiments\wth_generated_qc\HLA\HLA2010.WTH,normal_year;nitrogen_stress_year;low_response_year,normal,HLA2010_normal_grid_S0019,pareto_balanced,2010-06-16,167,48,43,"{""sim_day"": 48.0, ""doy"": 167.0, ""topwt"": 985.6952667236328, ""grnwt"": 0.0, ""xlai"": 1.390086054801941, ""totir"": 0.0, ""tofer"": NaN, ""swfac"": 0.0, ""nstres"": 0.0}",0.0,0.0,985.6952667236328,0.0,1.390086054801941,0.0,,0.0,0.0,0.0,225.0,12.557891845703123,12.557891845703123,Leave_One_experiments/all_year_offline_schedule_search/daily_outputs/HLA/HLA_2010_HLA2010_normal_grid_S0019_daily.csv
HLA,HLA,Hailun,2010,Leave_One_experiments\wth_generated_qc\HLA\HLA2010.WTH,normal_year;nitrogen_stress_year;low_response_year,normal,HLA2010_normal_grid_S0019,pareto_balanced,2010-06-17,168,49,44,"{""sim_day"": 49.0, ""doy"": 168.0, ""topwt"": 1106.0556030273438, ""grnwt"": 0.0, ""xlai"": 1.5180160999298096, ""totir"": 0.0, ""tofer"": NaN, ""swfac"": 0.0, ""nstres"": 0.0}",0.0,0.0,1106.0556030273438,0.0,1.5180160999298096,0.0,,0.0,0.0,0.0,225.0,12.557891845703123,12.557891845703123,Leave_One_experiments/all_year_offline_schedule_search/daily_outputs/HLA/HLA_2010_HLA2010_normal_grid_S0019_daily.csv
HLA,HLA,Hailun,2010,Leave_One_experiments\wth_generated_qc\HLA\HLA2010.WTH,normal_year;nitrogen_stress_year;low_response_year,normal,HLA2010_normal_grid_S0019,pareto_balanced,2010-06-18,169,50,45,"{""sim_day"": 50.0, ""doy"": 169.0, ""topwt"": 1243.1282043457031, ""grnwt"": 0.0, ""xlai"": 1.6551618576049805, ""totir"": 0.0, ""tofer"": NaN, ""swfac"": 0.0, ""nstres"": 0.0}",0.0,0.0,1243.1282043457031,0.0,1.6551618576049805,0.0,,0.0,0.0,0.0,225.0,12.557891845703123,12.557891845703123,Leave_One_experiments/all_year_offline_schedule_search/daily_outputs/HLA/HLA_2010_HLA2010_normal_grid_S0019_daily.csv
HLA,HLA,Hailun,2010,Leave_One_experiments\wth_generated_qc\HLA\HLA2010.WTH,normal_year;nitrogen_stress_year;low_response_year,normal,HLA2010_normal_grid_S0019,pareto_balanced,2010-06-19,170,51,46,"{""sim_day"": 51.0, ""doy"": 170.0, ""topwt"": 1326.1346435546875, ""grnwt"": 0.0, ""xlai"": 1.7348308563232422, ""totir"": 0.0, ""tofer"": NaN, ""swfac"": 0.0, ""nstres"": 0.0}",0.0,0.0,1326.1346435546875,0.0,1.7348308563232422,0.0,,0.0,0.0,0.0,225.0,12.557891845703123,12.557891845703123,Leave_One_experiments/all_year_offline_schedule_search/daily_outputs/HLA/HLA_2010_HLA2010_normal_grid_S0019_daily.csv
HLA,HLA,Hailun,2010,Leave_One_experiments\wth_generated_qc\HLA\HLA2010.WTH,normal_year;nitrogen_stress_year;low_response_year,normal,HLA2010_normal_grid_S0019,pareto_balanced,2010-06-20,171,52,47,"{""sim_day"": 52.0, ""doy"": 171.0, ""topwt"": 1384.6218872070312, ""grnwt"": 0.0, ""xlai"": 1.789416790008545, ""totir"": 0.0, ""tofer"": NaN, ""swfac"": 0.0, ""nstres"": 0.0}",0.0,0.0,1384.6218872070312,0.0,1.789416790008545,0.0,,0.0,0.0,0.0,225.0,12.557891845703123,12.557891845703123,Leave_One_experiments/all_year_offline_schedule_search/daily_outputs/HLA/HLA_2010_HLA2010_normal_grid_S0019_daily.csv
HLA,HLA,Hailun,2010,Leave_One_experiments\wth_generated_qc\HLA\HLA2010.WTH,normal_year;nitrogen_stress_year;low_response_year,normal,HLA2010_normal_grid_S0019,pareto_balanced,2010-06-21,172,53,48,"{""sim_day"": 53.0, ""doy"": 172.0, ""topwt"": 1468.958740234375, ""grnwt"": 0.0, ""xlai"": 1.865414261817932, ""totir"": 0.0, ""tofer"": NaN, ""swfac"": 0.0, ""nstres"": 0.0}",0.0,0.0,1468.958740234375,0.0,1.865414261817932,0.0,,0.0,0.0,0.0,225.0,12.557891845703123,12.557891845703123,Leave_One_experiments/all_year_offline_schedule_search/daily_outputs/HLA/HLA_2010_HLA2010_normal_grid_S0019_daily.csv
HLA,HLA,Hailun,2010,Leave_One_experiments\wth_generated_qc\HLA\HLA2010.WTH,normal_year;nitrogen_stress_year;low_response_year,normal,HLA2010_normal_grid_S0019,pareto_balanced,2010-06-22,173,54,49,"{""sim_day"": 54.0, ""doy"": 173.0, ""topwt"": 1608.2557678222656, ""grnwt"": 0.0, ""xlai"": 1.984086036682129, ""totir"": 0.0, ""tofer"": NaN, ""swfac"": 0.0, ""nstres"": 0.0}",0.0,0.0,1608.2557678222656,0.0,1.984086036682129,0.0,,0.0,0.0,0.0,225.0,12.557891845703123,12.557891845703123,Leave_One_experiments/all_year_offline_schedule_search/daily_outputs/HLA/HLA_2010_HLA2010_normal_grid_S0019_daily.csv
HLA,HLA,Hailun,2010,Leave_One_experiments\wth_generated_qc\HLA\HLA2010.WTH,normal_year;nitrogen_stress_year;low_response_year,normal,HLA2010_normal_grid_S0019,pareto_balanced,2010-06-23,174,55,50,"{""sim_day"": 55.0, ""doy"": 174.0, ""topwt"": 1793.4432983398438, ""grnwt"": 0.0, ""xlai"": 2.130635023117065, ""totir"": 0.0, ""tofer"": NaN, ""swfac"": 0.0, ""nstres"": 0.0}",0.0,0.0,1793.4432983398438,0.0,2.130635023117065,0.0,,0.0,0.0,0.0,225.0,12.557891845703123,12.557891845703123,Leave_One_experiments/all_year_offline_schedule_search/daily_outputs/HLA/HLA_2010_HLA2010_normal_grid_S0019_daily.csv
HLA,HLA,Hailun,2010,Leave_One_experiments\wth_generated_qc\HLA\HLA2010.WTH,normal_year;nitrogen_stress_year;low_response_year,normal,HLA2010_normal_grid_S0019,pareto_balanced,2010-06-24,175,56,51,"{""sim_day"": 56.0, ""doy"": 175.0, ""topwt"": 1989.0623474121091, ""grnwt"": 0.0, ""xlai"": 2.2740907669067383, ""totir"": 0.0, ""tofer"": NaN, ""swfac"": 0.0, ""nstres"": 0.0}",0.0,0.0,1989.0623474121091,0.0,2.2740907669067383,0.0,,0.0,0.0,0.0,225.0,12.557891845703123,12.557891845703123,Leave_One_experiments/all_year_offline_schedule_search/daily_outputs/HLA/HLA_2010_HLA2010_normal_grid_S0019_daily.csv
HLA,HLA,Hailun,2010,Leave_One_experiments\wth_generated_qc\HLA\HLA2010.WTH,normal_year;nitrogen_stress_year;low_response_year,normal,HLA2010_normal_grid_S0019,pareto_balanced,2010-06-25,176,57,52,"{""sim_day"": 57.0, ""doy"": 176.0, ""topwt"": 2210.247039794922, ""grnwt"": 0.0, ""xlai"": 2.4237873554229736, ""totir"": 0.0, ""tofer"": NaN, ""swfac"": 0.0, ""nstres"": 0.0}",0.0,0.0,2210.247039794922,0.0,2.4237873554229736,0.0,,0.0,0.0,0.0,225.0,12.557891845703123,12.557891845703123,Leave_One_experiments/all_year_offline_schedule_search/daily_outputs/HLA/HLA_2010_HLA2010_normal_grid_S0019_daily.csv
HLA,HLA,Hailun,2010,Leave_One_experiments\wth_generated_qc\HLA\HLA2010.WTH,normal_year;nitrogen_stress_year;low_response_year,normal,HLA2010_normal_grid_S0019,pareto_balanced,2010-06-26,177,58,53,"{""sim_day"": 58.0, ""doy"": 177.0, ""topwt"": 2446.514587402344, ""grnwt"": 0.0, ""xlai"": 2.571333169937134, ""totir"": 0.0, ""tofer"": NaN, ""swfac"": 0.0, ""nstres"": 0.0}",0.0,0.0,2446.514587402344,0.0,2.571333169937134,0.0,,0.0,0.0,0.0,225.0,12.557891845703123,12.557891845703123,Leave_One_experiments/all_year_offline_schedule_search/daily_outputs/HLA/HLA_2010_HLA2010_normal_grid_S0019_daily.csv
HLA,HLA,Hailun,2010,Leave_One_experiments\wth_generated_qc\HLA\HLA2010.WTH,normal_year;nitrogen_stress_year;low_response_year,normal,HLA2010_normal_grid_S0019,pareto_balanced,2010-06-27,178,59,54,"{""sim_day"": 59.0, ""doy"": 178.0, ""topwt"": 2690.9765625, ""grnwt"": 0.0, ""xlai"": 2.7126004695892334, ""totir"": 0.0, ""tofer"": NaN, ""swfac"": 0.0, ""nstres"": 0.0}",0.0,0.0,2690.9765625,0.0,2.7126004695892334,0.0,,0.0,0.0,0.0,225.0,12.557891845703123,12.557891845703123,Leave_One_experiments/all_year_offline_schedule_search/daily_outputs/HLA/HLA_2010_HLA2010_normal_grid_S0019_daily.csv
HLA,HLA,Hailun,2010,Leave_One_experiments\wth_generated_qc\HLA\HLA2010.WTH,normal_year;nitrogen_stress_year;low_response_year,normal,HLA2010_normal_grid_S0019,pareto_balanced,2010-06-28,179,60,55,"{""sim_day"": 60.0, ""doy"": 179.0, ""topwt"": 2931.713256835937, ""grnwt"": 0.0, ""xlai"": 2.842121124267578, ""totir"": 0.0, ""tofer"": NaN, ""swfac"": 0.0, ""nstres"": 0.0}",0.0,0.0,2931.713256835937,0.0,2.842121124267578,0.0,,0.0,0.0,0.0,225.0,12.557891845703123,12.557891845703123,Leave_One_experiments/all_year_offline_schedule_search/daily_outputs/HLA/HLA_2010_HLA2010_normal_grid_S0019_daily.csv
HLA,HLA,Hailun,2010,Leave_One_experiments\wth_generated_qc\HLA\HLA2010.WTH,normal_year;nitrogen_stress_year;low_response_year,normal,HLA2010_normal_grid_S0019,pareto_balanced,2010-06-29,180,61,56,"{""sim_day"": 61.0, ""doy"": 180.0, ""topwt"": 3184.62158203125, ""grnwt"": 0.0, ""xlai"": 2.9690804481506348, ""totir"": 0.0, ""tofer"": NaN, ""swfac"": 0.0, ""nstres"": 0.0}",0.0,0.0,3184.62158203125,0.0,2.9690804481506348,0.0,,0.0,0.0,0.0,225.0,12.557891845703123,12.557891845703123,Leave_One_experiments/all_year_offline_schedule_search/daily_outputs/HLA/HLA_2010_HLA2010_normal_grid_S0019_daily.csv
HLA,HLA,Hailun,2010,Leave_One_experiments\wth_generated_qc\HLA\HLA2010.WTH,normal_year;nitrogen_stress_year;low_response_year,normal,HLA2010_normal_grid_S0019,pareto_balanced,2010-06-30,181,62,57,"{""sim_day"": 62.0, ""doy"": 181.0, ""topwt"": 3458.8992309570312, ""grnwt"": 0.0, ""xlai"": 3.097527027130127, ""totir"": 0.0, ""tofer"": NaN, ""swfac"": 0.0, ""nstres"": 0.0}",0.0,0.0,3458.8992309570312,0.0,3.097527027130127,0.0,,0.0,0.0,0.0,225.0,12.557891845703123,12.557891845703123,Leave_One_experiments/all_year_offline_schedule_search/daily_outputs/HLA/HLA_2010_HLA2010_normal_grid_S0019_daily.csv
HLA,HLA,Hailun,2010,Leave_One_experiments\wth_generated_qc\HLA\HLA2010.WTH,normal_year;nitrogen_stress_year;low_response_year,normal,HLA2010_normal_grid_S0019,pareto_balanced,2010-07-01,182,63,58,"{""sim_day"": 63.0, ""doy"": 182.0, ""topwt"": 3734.053955078125, ""grnwt"": 0.0, ""xlai"": 3.2182400226593018, ""totir"": 0.0, ""tofer"": NaN, ""swfac"": 0.0, ""nstres"": 0.0}",0.0,0.0,3734.053955078125,0.0,3.2182400226593018,0.0,,0.0,0.0,0.0,225.0,12.557891845703123,12.557891845703123,Leave_One_experiments/all_year_offline_schedule_search/daily_outputs/HLA/HLA_2010_HLA2010_normal_grid_S0019_daily.csv
HLA,HLA,Hailun,2010,Leave_One_experiments\wth_generated_qc\HLA\HLA2010.WTH,normal_year;nitrogen_stress_year;low_response_year,normal,HLA2010_normal_grid_S0019,pareto_balanced,2010-07-02,183,64,59,"{""sim_day"": 64.0, ""doy"": 183.0, ""topwt"": 4039.830017089844, ""grnwt"": 0.0, ""xlai"": 3.343756914138794, ""totir"": 0.0, ""tofer"": NaN, ""swfac"": 0.0, ""nstres"": 0.0}",0.0,0.0,4039.830017089844,0.0,3.343756914138794,0.0,,0.0,0.0,0.0,225.0,12.557891845703123,12.557891845703123,Leave_One_experiments/all_year_offline_schedule_search/daily_outputs/HLA/HLA_2010_HLA2010_normal_grid_S0019_daily.csv
HLA,HLA,Hailun,2010,Leave_One_experiments\wth_generated_qc\HLA\HLA2010.WTH,normal_year;nitrogen_stress_year;low_response_year,normal,HLA2010_normal_grid_S0019,pareto_balanced,2010-07-03,184,65,60,"{""sim_day"": 65.0, ""doy"": 184.0, ""topwt"": 4212.1185302734375, ""grnwt"": 0.0, ""xlai"": 3.410752534866333, ""totir"": 0.0, ""tofer"": NaN, ""swfac"": 0.0, ""nstres"": 0.0}",0.0,0.0,4212.1185302734375,0.0,3.410752534866333,0.0,,0.0,75.0,0.0,225.0,12.557891845703123,12.557891845703123,Leave_One_experiments/all_year_offline_schedule_search/daily_outputs/HLA/HLA_2010_HLA2010_normal_grid_S0019_daily.csv
HLA,HLA,Hailun,2010,Leave_One_experiments\wth_generated_qc\HLA\HLA2010.WTH,normal_year;nitrogen_stress_year;low_response_year,normal,HLA2010_normal_grid_S0019,pareto_balanced,2010-07-04,185,66,61,"{""sim_day"": 66.0, ""doy"": 185.0, ""topwt"": 4434.732666015625, ""grnwt"": 0.0, ""xlai"": 3.493764638900757, ""totir"": 0.0, ""tofer"": NaN, ""swfac"": 0.0, ""nstres"": 0.0}",0.0,0.0,4434.732666015625,0.0,3.493764638900757,0.0,,0.0,0.0,0.0,225.0,12.557891845703123,12.557891845703123,Leave_One_experiments/all_year_offline_schedule_search/daily_outputs/HLA/HLA_2010_HLA2010_normal_grid_S0019_daily.csv
HLA,HLA,Hailun,2010,Leave_One_experiments\wth_generated_qc\HLA\HLA2010.WTH,normal_year;nitrogen_stress_year;low_response_year,normal,HLA2010_normal_grid_S0019,pareto_balanced,2010-07-05,186,67,62,"{""sim_day"": 67.0, ""doy"": 186.0, ""topwt"": 4631.884765625, ""grnwt"": 0.0, ""xlai"": 3.564547061920166, ""totir"": 0.0, ""tofer"": NaN, ""swfac"": 0.0, ""nstres"": 0.0}",0.0,0.0,4631.884765625,0.0,3.564547061920166,0.0,,0.0,0.0,0.0,225.0,12.557891845703123,12.557891845703123,Leave_One_experiments/all_year_offline_schedule_search/daily_outputs/HLA/HLA_2010_HLA2010_normal_grid_S0019_daily.csv
HLA,HLA,Hailun,2010,Leave_One_experiments\wth_generated_qc\HLA\HLA2010.WTH,normal_year;nitrogen_stress_year;low_response_year,normal,HLA2010_normal_grid_S0019,pareto_balanced,2010-07-06,187,68,63,"{""sim_day"": 68.0, ""doy"": 187.0, ""topwt"": 4884.6295166015625, ""grnwt"": 0.0, ""xlai"": 3.706487894058228, ""totir"": 0.0, ""tofer"": NaN, ""swfac"": 0.0, ""nstres"": 0.0}",0.0,0.0,4884.6295166015625,0.0,3.706487894058228,0.0,,0.0,0.0,0.0,225.0,12.557891845703123,12.557891845703123,Leave_One_experiments/all_year_offline_schedule_search/daily_outputs/HLA/HLA_2010_HLA2010_normal_grid_S0019_daily.csv
HLA,HLA,Hailun,2010,Leave_One_experiments\wth_generated_qc\HLA\HLA2010.WTH,normal_year;nitrogen_stress_year;low_response_year,normal,HLA2010_normal_grid_S0019,pareto_balanced,2010-07-07,188,69,64,"{""sim_day"": 69.0, ""doy"": 188.0, ""topwt"": 5169.9713134765625, ""grnwt"": 0.0, ""xlai"": 3.8354358673095694, ""totir"": 0.0, ""tofer"": NaN, ""swfac"": 0.0, ""nstres"": 0.0}",0.0,0.0,5169.9713134765625,0.0,3.8354358673095694,0.0,,0.0,0.0,0.0,225.0,12.557891845703123,12.557891845703123,Leave_One_experiments/all_year_offline_schedule_search/daily_outputs/HLA/HLA_2010_HLA2010_normal_grid_S0019_daily.csv
HLA,HLA,Hailun,2010,Leave_One_experiments\wth_generated_qc\HLA\HLA2010.WTH,normal_year;nitrogen_stress_year;low_response_year,normal,HLA2010_normal_grid_S0019,pareto_balanced,2010-07-08,189,70,65,"{""sim_day"": 70.0, ""doy"": 189.0, ""topwt"": 5466.6937255859375, ""grnwt"": 0.0, ""xlai"": 3.9508795738220215, ""totir"": 0.0, ""tofer"": NaN, ""swfac"": 0.0, ""nstres"": 0.0}",0.0,0.0,5466.6937255859375,0.0,3.9508795738220215,0.0,,0.0,0.0,0.0,225.0,12.557891845703123,12.557891845703123,Leave_One_experiments/all_year_offline_schedule_search/daily_outputs/HLA/HLA_2010_HLA2010_normal_grid_S0019_daily.csv
HLA,HLA,Hailun,2010,Leave_One_experiments\wth_generated_qc\HLA\HLA2010.WTH,normal_year;nitrogen_stress_year;low_response_year,normal,HLA2010_normal_grid_S0019,pareto_balanced,2010-07-09,190,71,66,"{""sim_day"": 71.0, ""doy"": 190.0, ""topwt"": 5737.75146484375, ""grnwt"": 0.0, ""xlai"": 4.045879364013672, ""totir"": 0.0, ""tofer"": NaN, ""swfac"": 0.0, ""nstres"": 0.0}",0.0,0.0,5737.75146484375,0.0,4.045879364013672,0.0,,0.0,0.0,0.0,225.0,12.557891845703123,12.557891845703123,Leave_One_experiments/all_year_offline_schedule_search/daily_outputs/HLA/HLA_2010_HLA2010_normal_grid_S0019_daily.csv
HLA,HLA,Hailun,2010,Leave_One_experiments\wth_generated_qc\HLA\HLA2010.WTH,normal_year;nitrogen_stress_year;low_response_year,normal,HLA2010_normal_grid_S0019,pareto_balanced,2010-07-10,191,72,67,"{""sim_day"": 72.0, ""doy"": 191.0, ""topwt"": 6012.452392578125, ""grnwt"": 0.0, ""xlai"": 4.132649898529053, ""totir"": 0.0, ""tofer"": NaN, ""swfac"": 0.0, ""nstres"": 0.0}",0.0,0.0,6012.452392578125,0.0,4.132649898529053,0.0,,0.0,0.0,0.0,225.0,12.557891845703123,12.557891845703123,Leave_One_experiments/all_year_offline_schedule_search/daily_outputs/HLA/HLA_2010_HLA2010_normal_grid_S0019_daily.csv
HLA,HLA,Hailun,2010,Leave_One_experiments\wth_generated_qc\HLA\HLA2010.WTH,normal_year;nitrogen_stress_year;low_response_year,normal,HLA2010_normal_grid_S0019,pareto_balanced,2010-07-11,192,73,68,"{""sim_day"": 73.0, ""doy"": 192.0, ""topwt"": 6275.2618408203125, ""grnwt"": 0.0, ""xlai"": 4.206875801086426, ""totir"": 0.0, ""tofer"": NaN, ""swfac"": 0.0, ""nstres"": 0.0}",0.0,0.0,6275.2618408203125,0.0,4.206875801086426,0.0,,0.0,0.0,0.0,225.0,12.557891845703123,12.557891845703123,Leave_One_experiments/all_year_offline_schedule_search/daily_outputs/HLA/HLA_2010_HLA2010_normal_grid_S0019_daily.csv
HLA,HLA,Hailun,2010,Leave_One_experiments\wth_generated_qc\HLA\HLA2010.WTH,normal_year;nitrogen_stress_year;low_response_year,normal,HLA2010_normal_grid_S0019,pareto_balanced,2010-07-12,193,74,69,"{""sim_day"": 74.0, ""doy"": 193.0, ""topwt"": 6542.740478515625, ""grnwt"": 0.0, ""xlai"": 4.275015830993652, ""totir"": 0.0, ""tofer"": NaN, ""swfac"": 0.0, ""nstres"": 0.0}",0.0,0.0,6542.740478515625,0.0,4.275015830993652,0.0,,0.0,0.0,0.0,225.0,12.557891845703123,12.557891845703123,Leave_One_experiments/all_year_offline_schedule_search/daily_outputs/HLA/HLA_2010_HLA2010_normal_grid_S0019_daily.csv
HLA,HLA,Hailun,2010,Leave_One_experiments\wth_generated_qc\HLA\HLA2010.WTH,normal_year;nitrogen_stress_year;low_response_year,normal,HLA2010_normal_grid_S0019,pareto_balanced,2010-07-13,194,75,70,"{""sim_day"": 75.0, ""doy"": 194.0, ""topwt"": 6776.66015625, ""grnwt"": 0.0, ""xlai"": 4.32806396484375, ""totir"": 0.0, ""tofer"": NaN, ""swfac"": 0.0, ""nstres"": 0.0}",0.0,0.0,6776.66015625,0.0,4.32806396484375,0.0,,0.0,0.0,0.0,225.0,12.557891845703123,12.557891845703123,Leave_One_experiments/all_year_offline_schedule_search/daily_outputs/HLA/HLA_2010_HLA2010_normal_grid_S0019_daily.csv
HLA,HLA,Hailun,2010,Leave_One_experiments\wth_generated_qc\HLA\HLA2010.WTH,normal_year;nitrogen_stress_year;low_response_year,normal,HLA2010_normal_grid_S0019,pareto_balanced,2010-07-14,195,76,71,"{""sim_day"": 76.0, ""doy"": 195.0, ""topwt"": 7033.981323242188, ""grnwt"": 0.0, ""xlai"": 4.382136821746826, ""totir"": 0.0, ""tofer"": NaN, ""swfac"": 0.0, ""nstres"": 0.0}",0.0,0.0,7033.981323242188,0.0,4.382136821746826,0.0,,0.0,0.0,0.0,225.0,12.557891845703123,12.557891845703123,Leave_One_experiments/all_year_offline_schedule_search/daily_outputs/HLA/HLA_2010_HLA2010_normal_grid_S0019_daily.csv
HLA,HLA,Hailun,2010,Leave_One_experiments\wth_generated_qc\HLA\HLA2010.WTH,normal_year;nitrogen_stress_year;low_response_year,normal,HLA2010_normal_grid_S0019,pareto_balanced,2010-07-15,196,77,72,"{""sim_day"": 77.0, ""doy"": 196.0, ""topwt"": 7104.937744140625, ""grnwt"": 0.0, ""xlai"": 4.3857622146606445, ""totir"": 0.0, ""tofer"": NaN, ""swfac"": 0.0, ""nstres"": 0.0}",0.0,0.0,7104.937744140625,0.0,4.3857622146606445,0.0,,0.0,0.0,0.0,225.0,12.557891845703123,12.557891845703123,Leave_One_experiments/all_year_offline_schedule_search/daily_outputs/HLA/HLA_2010_HLA2010_normal_grid_S0019_daily.csv
HLA,HLA,Hailun,2010,Leave_One_experiments\wth_generated_qc\HLA\HLA2010.WTH,normal_year;nitrogen_stress_year;low_response_year,normal,HLA2010_normal_grid_S0019,pareto_balanced,2010-07-16,197,78,73,"{""sim_day"": 78.0, ""doy"": 197.0, ""topwt"": 7363.6767578125, ""grnwt"": 0.0, ""xlai"": 4.432936668395996, ""totir"": 0.0, ""tofer"": NaN, ""swfac"": 0.0, ""nstres"": 0.0}",0.0,0.0,7363.6767578125,0.0,4.432936668395996,0.0,,0.0,0.0,0.0,225.0,12.557891845703123,12.557891845703123,Leave_One_experiments/all_year_offline_schedule_search/daily_outputs/HLA/HLA_2010_HLA2010_normal_grid_S0019_daily.csv
HLA,HLA,Hailun,2010,Leave_One_experiments\wth_generated_qc\HLA\HLA2010.WTH,normal_year;nitrogen_stress_year;low_response_year,normal,HLA2010_normal_grid_S0019,pareto_balanced,2010-07-17,198,79,74,"{""sim_day"": 79.0, ""doy"": 198.0, ""topwt"": 7609.932861328125, ""grnwt"": 0.0, ""xlai"": 4.475266933441162, ""totir"": 0.0, ""tofer"": NaN, ""swfac"": 0.0, ""nstres"": 0.0}",0.0,0.0,7609.932861328125,0.0,4.475266933441162,0.0,,0.0,0.0,0.0,225.0,12.557891845703123,12.557891845703123,Leave_One_experiments/all_year_offline_schedule_search/daily_outputs/HLA/HLA_2010_HLA2010_normal_grid_S0019_daily.csv
HLA,HLA,Hailun,2010,Leave_One_experiments\wth_generated_qc\HLA\HLA2010.WTH,normal_year;nitrogen_stress_year;low_response_year,normal,HLA2010_normal_grid_S0019,pareto_balanced,2010-07-18,199,80,75,"{""sim_day"": 80.0, ""doy"": 199.0, ""topwt"": 7827.7734375, ""grnwt"": 0.0, ""xlai"": 4.509167671203613, ""totir"": 0.0, ""tofer"": NaN, ""swfac"": 0.0, ""nstres"": 0.0}",0.0,0.0,7827.7734375,0.0,4.509167671203613,0.0,,0.0,0.0,0.0,225.0,12.557891845703123,12.557891845703123,Leave_One_experiments/all_year_offline_schedule_search/daily_outputs/HLA/HLA_2010_HLA2010_normal_grid_S0019_daily.csv
HLA,HLA,Hailun,2010,Leave_One_experiments\wth_generated_qc\HLA\HLA2010.WTH,normal_year;nitrogen_stress_year;low_response_year,normal,HLA2010_normal_grid_S0019,pareto_balanced,2010-07-19,200,81,76,"{""sim_day"": 81.0, ""doy"": 200.0, ""topwt"": 8011.56982421875, ""grnwt"": 0.0, ""xlai"": 4.533645153045654, ""totir"": 0.0, ""tofer"": NaN, ""swfac"": 0.0, ""nstres"": 0.0}",0.0,0.0,8011.56982421875,0.0,4.533645153045654,0.0,,0.0,0.0,0.0,225.0,12.557891845703123,12.557891845703123,Leave_One_experiments/all_year_offline_schedule_search/daily_outputs/HLA/HLA_2010_HLA2010_normal_grid_S0019_daily.csv
HLA,HLA,Hailun,2010,Leave_One_experiments\wth_generated_qc\HLA\HLA2010.WTH,normal_year;nitrogen_stress_year;low_response_year,normal,HLA2010_normal_grid_S0019,pareto_balanced,2010-07-20,201,82,77,"{""sim_day"": 82.0, ""doy"": 201.0, ""topwt"": 8247.205810546875, ""grnwt"": 0.0, ""xlai"": 4.569293022155762, ""totir"": 0.0, ""tofer"": NaN, ""swfac"": 0.0, ""nstres"": 0.0}",0.0,0.0,8247.205810546875,0.0,4.569293022155762,0.0,,0.0,0.0,0.0,225.0,12.557891845703123,12.557891845703123,Leave_One_experiments/all_year_offline_schedule_search/daily_outputs/HLA/HLA_2010_HLA2010_normal_grid_S0019_daily.csv
HLA,HLA,Hailun,2010,Leave_One_experiments\wth_generated_qc\HLA\HLA2010.WTH,normal_year;nitrogen_stress_year;low_response_year,normal,HLA2010_normal_grid_S0019,pareto_balanced,2010-07-21,202,83,78,"{""sim_day"": 83.0, ""doy"": 202.0, ""topwt"": 8483.817138671875, ""grnwt"": 0.0, ""xlai"": 4.603652000427246, ""totir"": 0.0, ""tofer"": NaN, ""swfac"": 0.0, ""nstres"": 0.0}",0.0,0.0,8483.817138671875,0.0,4.603652000427246,0.0,,0.0,0.0,0.0,225.0,12.557891845703123,12.557891845703123,Leave_One_experiments/all_year_offline_schedule_search/daily_outputs/HLA/HLA_2010_HLA2010_normal_grid_S0019_daily.csv
HLA,HLA,Hailun,2010,Leave_One_experiments\wth_generated_qc\HLA\HLA2010.WTH,normal_year;nitrogen_stress_year;low_response_year,normal,HLA2010_normal_grid_S0019,pareto_balanced,2010-07-22,203,84,79,"{""sim_day"": 84.0, ""doy"": 203.0, ""topwt"": 8957.279052734375, ""grnwt"": 0.0, ""xlai"": 4.542455196380615, ""totir"": 0.0, ""tofer"": NaN, ""swfac"": 0.0, ""nstres"": 0.0}",0.0,0.0,8957.279052734375,0.0,4.542455196380615,0.0,,0.0,0.0,0.0,225.0,12.557891845703123,12.557891845703123,Leave_One_experiments/all_year_offline_schedule_search/daily_outputs/HLA/HLA_2010_HLA2010_normal_grid_S0019_daily.csv
HLA,HLA,Hailun,2010,Leave_One_experiments\wth_generated_qc\HLA\HLA2010.WTH,normal_year;nitrogen_stress_year;low_response_year,normal,HLA2010_normal_grid_S0019,pareto_balanced,2010-07-23,204,85,80,"{""sim_day"": 85.0, ""doy"": 204.0, ""topwt"": 9383.1298828125, ""grnwt"": 0.0, ""xlai"": 4.52274227142334, ""totir"": 0.0, ""tofer"": NaN, ""swfac"": 0.0, ""nstres"": 0.0}",0.0,0.0,9383.1298828125,0.0,4.52274227142334,0.0,,0.0,0.0,0.0,225.0,12.557891845703123,12.557891845703123,Leave_One_experiments/all_year_offline_schedule_search/daily_outputs/HLA/HLA_2010_HLA2010_normal_grid_S0019_daily.csv
HLA,HLA,Hailun,2010,Leave_One_experiments\wth_generated_qc\HLA\HLA2010.WTH,normal_year;nitrogen_stress_year;low_response_year,normal,HLA2010_normal_grid_S0019,pareto_balanced,2010-07-24,205,86,81,"{""sim_day"": 86.0, ""doy"": 205.0, ""topwt"": 9811.099853515623, ""grnwt"": 0.0, ""xlai"": 4.503122806549072, ""totir"": 0.0, ""tofer"": NaN, ""swfac"": 0.0, ""nstres"": 0.0}",0.0,0.0,9811.099853515623,0.0,4.503122806549072,0.0,,0.0,0.0,0.0,225.0,12.557891845703123,12.557891845703123,Leave_One_experiments/all_year_offline_schedule_search/daily_outputs/HLA/HLA_2010_HLA2010_normal_grid_S0019_daily.csv
HLA,HLA,Hailun,2010,Leave_One_experiments\wth_generated_qc\HLA\HLA2010.WTH,normal_year;nitrogen_stress_year;low_response_year,normal,HLA2010_normal_grid_S0019,pareto_balanced,2010-07-25,206,87,82,"{""sim_day"": 87.0, ""doy"": 206.0, ""topwt"": 10079.296875, ""grnwt"": 0.0, ""xlai"": 4.484997749328613, ""totir"": 0.0, ""tofer"": NaN, ""swfac"": 0.0, ""nstres"": 0.0}",0.0,0.0,10079.296875,0.0,4.484997749328613,0.0,,0.0,0.0,0.0,225.0,12.557891845703123,12.557891845703123,Leave_One_experiments/all_year_offline_schedule_search/daily_outputs/HLA/HLA_2010_HLA2010_normal_grid_S0019_daily.csv
HLA,HLA,Hailun,2010,Leave_One_experiments\wth_generated_qc\HLA\HLA2010.WTH,normal_year;nitrogen_stress_year;low_response_year,normal,HLA2010_normal_grid_S0019,pareto_balanced,2010-07-26,207,88,83,"{""sim_day"": 88.0, ""doy"": 207.0, ""topwt"": 10339.27001953125, ""grnwt"": 0.0, ""xlai"": 4.467596530914307, ""totir"": 0.0, ""tofer"": NaN, ""swfac"": 0.0, ""nstres"": 0.0}",0.0,0.0,10339.27001953125,0.0,4.467596530914307,0.0,,0.0,0.0,0.0,225.0,12.557891845703123,12.557891845703123,Leave_One_experiments/all_year_offline_schedule_search/daily_outputs/HLA/HLA_2010_HLA2010_normal_grid_S0019_daily.csv
HLA,HLA,Hailun,2010,Leave_One_experiments\wth_generated_qc\HLA\HLA2010.WTH,normal_year;nitrogen_stress_year;low_response_year,normal,HLA2010_normal_grid_S0019,pareto_balanced,2010-07-27,208,89,84,"{""sim_day"": 89.0, ""doy"": 208.0, ""topwt"": 10740.43701171875, ""grnwt"": 0.0, ""xlai"": 4.450884342193604, ""totir"": 0.0, ""tofer"": NaN, ""swfac"": 0.0, ""nstres"": 0.0}",0.0,0.0,10740.43701171875,0.0,4.450884342193604,0.0,,0.0,0.0,0.0,225.0,12.557891845703123,12.557891845703123,Leave_One_experiments/all_year_offline_schedule_search/daily_outputs/HLA/HLA_2010_HLA2010_normal_grid_S0019_daily.csv
HLA,HLA,Hailun,2010,Leave_One_experiments\wth_generated_qc\HLA\HLA2010.WTH,normal_year;nitrogen_stress_year;low_response_year,normal,HLA2010_normal_grid_S0019,pareto_balanced,2010-07-28,209,90,85,"{""sim_day"": 90.0, ""doy"": 209.0, ""topwt"": 11123.936767578123, ""grnwt"": 0.0, ""xlai"": 4.434829711914063, ""totir"": 0.0, ""tofer"": NaN, ""swfac"": 0.0, ""nstres"": 0.0}",0.0,0.0,11123.936767578123,0.0,4.434829711914063,0.0,,0.0,0.0,0.0,225.0,12.557891845703123,12.557891845703123,Leave_One_experiments/all_year_offline_schedule_search/daily_outputs/HLA/HLA_2010_HLA2010_normal_grid_S0019_daily.csv
HLA,HLA,Hailun,2010,Leave_One_experiments\wth_generated_qc\HLA\HLA2010.WTH,normal_year;nitrogen_stress_year;low_response_year,normal,HLA2010_normal_grid_S0019,pareto_balanced,2010-07-29,210,91,86,"{""sim_day"": 91.0, ""doy"": 210.0, ""topwt"": 11427.149658203123, ""grnwt"": 0.0, ""xlai"": 4.419402122497559, ""totir"": 0.0, ""tofer"": NaN, ""swfac"": 0.0, ""nstres"": 0.0}",0.0,0.0,11427.149658203123,0.0,4.419402122497559,0.0,,0.0,0.0,0.0,225.0,12.557891845703123,12.557891845703123,Leave_One_experiments/all_year_offline_schedule_search/daily_outputs/HLA/HLA_2010_HLA2010_normal_grid_S0019_daily.csv
HLA,HLA,Hailun,2010,Leave_One_experiments\wth_generated_qc\HLA\HLA2010.WTH,normal_year;nitrogen_stress_year;low_response_year,normal,HLA2010_normal_grid_S0019,pareto_balanced,2010-07-30,211,92,87,"{""sim_day"": 92.0, ""doy"": 211.0, ""topwt"": 11757.747802734377, ""grnwt"": 0.0, ""xlai"": 4.404573917388916, ""totir"": 0.0, ""tofer"": NaN, ""swfac"": 0.0, ""nstres"": 0.0}",0.0,0.0,11757.747802734377,0.0,4.404573917388916,0.0,,0.0,0.0,0.0,225.0,12.557891845703123,12.557891845703123,Leave_One_experiments/all_year_offline_schedule_search/daily_outputs/HLA/HLA_2010_HLA2010_normal_grid_S0019_daily.csv
HLA,HLA,Hailun,2010,Leave_One_experiments\wth_generated_qc\HLA\HLA2010.WTH,normal_year;nitrogen_stress_year;low_response_year,normal,HLA2010_normal_grid_S0019,pareto_balanced,2010-07-31,212,93,88,"{""sim_day"": 93.0, ""doy"": 212.0, ""topwt"": 12095.63720703125, ""grnwt"": 0.0, ""xlai"": 4.390318393707275, ""totir"": 0.0, ""tofer"": NaN, ""swfac"": 0.0, ""nstres"": 0.0}",0.0,0.0,12095.63720703125,0.0,4.390318393707275,0.0,,0.0,0.0,0.0,225.0,12.557891845703123,12.557891845703123,Leave_One_experiments/all_year_offline_schedule_search/daily_outputs/HLA/HLA_2010_HLA2010_normal_grid_S0019_daily.csv
HLA,HLA,Hailun,2010,Leave_One_experiments\wth_generated_qc\HLA\HLA2010.WTH,normal_year;nitrogen_stress_year;low_response_year,normal,HLA2010_normal_grid_S0019,pareto_balanced,2010-08-01,213,94,89,"{""sim_day"": 94.0, ""doy"": 213.0, ""topwt"": 12530.5078125, ""grnwt"": 0.0, ""xlai"": 4.376609325408936, ""totir"": 0.0, ""tofer"": NaN, ""swfac"": 0.0, ""nstres"": 0.0}",0.0,0.0,12530.5078125,0.0,4.376609325408936,0.0,,0.0,0.0,0.0,225.0,12.557891845703123,12.557891845703123,Leave_One_experiments/all_year_offline_schedule_search/daily_outputs/HLA/HLA_2010_HLA2010_normal_grid_S0019_daily.csv
HLA,HLA,Hailun,2010,Leave_One_experiments\wth_generated_qc\HLA\HLA2010.WTH,normal_year;nitrogen_stress_year;low_response_year,normal,HLA2010_normal_grid_S0019,pareto_balanced,2010-08-02,214,95,90,"{""sim_day"": 95.0, ""doy"": 214.0, ""topwt"": 12710.587158203123, ""grnwt"": 0.0, ""xlai"": 4.363422393798828, ""totir"": 0.0, ""tofer"": NaN, ""swfac"": 0.0, ""nstres"": 0.0}",0.0,0.0,12710.587158203123,0.0,4.363422393798828,0.0,,0.0,0.0,0.0,225.0,12.557891845703123,12.557891845703123,Leave_One_experiments/all_year_offline_schedule_search/daily_outputs/HLA/HLA_2010_HLA2010_normal_grid_S0019_daily.csv
HLA,HLA,Hailun,2010,Leave_One_experiments\wth_generated_qc\HLA\HLA2010.WTH,normal_year;nitrogen_stress_year;low_response_year,normal,HLA2010_normal_grid_S0019,pareto_balanced,2010-08-03,215,96,91,"{""sim_day"": 96.0, ""doy"": 215.0, ""topwt"": 12747.31689453125, ""grnwt"": 0.0, ""xlai"": 4.350736618041992, ""totir"": 0.0, ""tofer"": NaN, ""swfac"": 0.0, ""nstres"": 0.0}",0.0,0.0,12747.31689453125,0.0,4.350736618041992,0.0,,0.0,0.0,0.0,225.0,12.557891845703123,12.557891845703123,Leave_One_experiments/all_year_offline_schedule_search/daily_outputs/HLA/HLA_2010_HLA2010_normal_grid_S0019_daily.csv
HLA,HLA,Hailun,2010,Leave_One_experiments\wth_generated_qc\HLA\HLA2010.WTH,normal_year;nitrogen_stress_year;low_response_year,normal,HLA2010_normal_grid_S0019,pareto_balanced,2010-08-04,216,97,92,"{""sim_day"": 97.0, ""doy"": 216.0, ""topwt"": 12900.3662109375, ""grnwt"": 178.9430809020996, ""xlai"": 4.25430154800415, ""totir"": 0.0, ""tofer"": NaN, ""swfac"": 0.0, ""nstres"": 0.0}",0.0,0.0,12900.3662109375,178.9430809020996,4.25430154800415,0.0,,0.0,0.0,0.0,225.0,12.557891845703123,12.557891845703123,Leave_One_experiments/all_year_offline_schedule_search/daily_outputs/HLA/HLA_2010_HLA2010_normal_grid_S0019_daily.csv
HLA,HLA,Hailun,2010,Leave_One_experiments\wth_generated_qc\HLA\HLA2010.WTH,normal_year;nitrogen_stress_year;low_response_year,normal,HLA2010_normal_grid_S0019,pareto_balanced,2010-08-05,217,98,93,"{""sim_day"": 98.0, ""doy"": 217.0, ""topwt"": 13012.2265625, ""grnwt"": 357.8861618041992, ""xlai"": 4.244887351989746, ""totir"": 0.0, ""tofer"": NaN, ""swfac"": 0.0, ""nstres"": 0.0}",0.0,0.0,13012.2265625,357.8861618041992,4.244887351989746,0.0,,0.0,0.0,0.0,225.0,12.557891845703123,12.557891845703123,Leave_One_experiments/all_year_offline_schedule_search/daily_outputs/HLA/HLA_2010_HLA2010_normal_grid_S0019_daily.csv
HLA,HLA,Hailun,2010,Leave_One_experiments\wth_generated_qc\HLA\HLA2010.WTH,normal_year;nitrogen_stress_year;low_response_year,normal,HLA2010_normal_grid_S0019,pareto_balanced,2010-08-06,218,99,94,"{""sim_day"": 99.0, ""doy"": 218.0, ""topwt"": 13284.14794921875, ""grnwt"": 536.8292999267578, ""xlai"": 4.231378078460693, ""totir"": 0.0, ""tofer"": NaN, ""swfac"": 0.0, ""nstres"": 0.0}",0.0,0.0,13284.14794921875,536.8292999267578,4.231378078460693,0.0,,0.0,0.0,0.0,225.0,12.557891845703123,12.557891845703123,Leave_One_experiments/all_year_offline_schedule_search/daily_outputs/HLA/HLA_2010_HLA2010_normal_grid_S0019_daily.csv
HLA,HLA,Hailun,2010,Leave_One_experiments\wth_generated_qc\HLA\HLA2010.WTH,normal_year;nitrogen_stress_year;low_response_year,normal,HLA2010_normal_grid_S0019,pareto_balanced,2010-08-07,219,100,95,"{""sim_day"": 100.0, ""doy"": 219.0, ""topwt"": 13381.690673828123, ""grnwt"": 715.7723236083984, ""xlai"": 4.219081401824951, ""totir"": 0.0, ""tofer"": NaN, ""swfac"": 0.0, ""nstres"": 0.0}",0.0,0.0,13381.690673828123,715.7723236083984,4.219081401824951,0.0,,0.0,0.0,0.0,225.0,12.557891845703123,12.557891845703123,Leave_One_experiments/all_year_offline_schedule_search/daily_outputs/HLA/HLA_2010_HLA2010_normal_grid_S0019_daily.csv
HLA,HLA,Hailun,2010,Leave_One_experiments\wth_generated_qc\HLA\HLA2010.WTH,normal_year;nitrogen_stress_year;low_response_year,normal,HLA2010_normal_grid_S0019,pareto_balanced,2010-08-08,220,101,96,"{""sim_day"": 101.0, ""doy"": 220.0, ""topwt"": 13572.724609375, ""grnwt"": 894.7154235839844, ""xlai"": 4.200386047363281, ""totir"": 0.0, ""tofer"": NaN, ""swfac"": 0.0, ""nstres"": 0.0}",0.0,0.0,13572.724609375,894.7154235839844,4.200386047363281,0.0,,0.0,0.0,0.0,225.0,12.557891845703123,12.557891845703123,Leave_One_experiments/all_year_offline_schedule_search/daily_outputs/HLA/HLA_2010_HLA2010_normal_grid_S0019_daily.csv
HLA,HLA,Hailun,2010,Leave_One_experiments\wth_generated_qc\HLA\HLA2010.WTH,normal_year;nitrogen_stress_year;low_response_year,normal,HLA2010_normal_grid_S0019,pareto_balanced,2010-08-09,221,102,97,"{""sim_day"": 102.0, ""doy"": 221.0, ""topwt"": 13820.977783203123, ""grnwt"": 1073.658447265625, ""xlai"": 4.182319641113281, ""totir"": 0.0, ""tofer"": NaN, ""swfac"": 0.0, ""nstres"": 0.0}",0.0,0.0,13820.977783203123,1073.658447265625,4.182319641113281,0.0,,0.0,0.0,0.0,225.0,12.557891845703123,12.557891845703123,Leave_One_experiments/all_year_offline_schedule_search/daily_outputs/HLA/HLA_2010_HLA2010_normal_grid_S0019_daily.csv
HLA,HLA,Hailun,2010,Leave_One_experiments\wth_generated_qc\HLA\HLA2010.WTH,normal_year;nitrogen_stress_year;low_response_year,normal,HLA2010_normal_grid_S0019,pareto_balanced,2010-08-10,222,103,98,"{""sim_day"": 103.0, ""doy"": 222.0, ""topwt"": 13999.920654296877, ""grnwt"": 1252.601547241211, ""xlai"": 4.161546230316162, ""totir"": 0.0, ""tofer"": NaN, ""swfac"": 0.0, ""nstres"": 0.0}",0.0,0.0,13999.920654296877,1252.601547241211,4.161546230316162,0.0,,0.0,0.0,0.0,225.0,12.557891845703123,12.557891845703123,Leave_One_experiments/all_year_offline_schedule_search/daily_outputs/HLA/HLA_2010_HLA2010_normal_grid_S0019_daily.csv
HLA,HLA,Hailun,2010,Leave_One_experiments\wth_generated_qc\HLA\HLA2010.WTH,normal_year;nitrogen_stress_year;low_response_year,normal,HLA2010_normal_grid_S0019,pareto_balanced,2010-08-11,223,104,99,"{""sim_day"": 104.0, ""doy"": 223.0, ""topwt"": 14178.863525390623, ""grnwt"": 1431.5446472167969, ""xlai"": 4.1386399269104, ""totir"": 0.0, ""tofer"": NaN, ""swfac"": 0.0, ""nstres"": 0.0}",0.0,0.0,14178.863525390623,1431.5446472167969,4.1386399269104,0.0,,0.0,0.0,0.0,225.0,12.557891845703123,12.557891845703123,Leave_One_experiments/all_year_offline_schedule_search/daily_outputs/HLA/HLA_2010_HLA2010_normal_grid_S0019_daily.csv
HLA,HLA,Hailun,2010,Leave_One_experiments\wth_generated_qc\HLA\HLA2010.WTH,normal_year;nitrogen_stress_year;low_response_year,normal,HLA2010_normal_grid_S0019,pareto_balanced,2010-08-12,224,105,100,"{""sim_day"": 105.0, ""doy"": 224.0, ""topwt"": 14357.806396484377, ""grnwt"": 1610.4876708984375, ""xlai"": 4.116695880889893, ""totir"": 0.0, ""tofer"": NaN, ""swfac"": 0.0, ""nstres"": 0.0}",0.0,0.0,14357.806396484377,1610.4876708984375,4.116695880889893,0.0,,0.0,0.0,0.0,225.0,12.557891845703123,12.557891845703123,Leave_One_experiments/all_year_offline_schedule_search/daily_outputs/HLA/HLA_2010_HLA2010_normal_grid_S0019_daily.csv
HLA,HLA,Hailun,2010,Leave_One_experiments\wth_generated_qc\HLA\HLA2010.WTH,normal_year;nitrogen_stress_year;low_response_year,normal,HLA2010_normal_grid_S0019,pareto_balanced,2010-08-13,225,106,101,"{""sim_day"": 106.0, ""doy"": 225.0, ""topwt"": 14481.22802734375, ""grnwt"": 1789.4308471679688, ""xlai"": 4.090816497802734, ""totir"": 0.0, ""tofer"": NaN, ""swfac"": 0.0, ""nstres"": 0.0}",0.0,0.0,14481.22802734375,1789.4308471679688,4.090816497802734,0.0,,0.0,0.0,0.0,225.0,12.557891845703123,12.557891845703123,Leave_One_experiments/all_year_offline_schedule_search/daily_outputs/HLA/HLA_2010_HLA2010_normal_grid_S0019_daily.csv
HLA,HLA,Hailun,2010,Leave_One_experiments\wth_generated_qc\HLA\HLA2010.WTH,normal_year;nitrogen_stress_year;low_response_year,normal,HLA2010_normal_grid_S0019,pareto_balanced,2010-08-14,226,107,102,"{""sim_day"": 107.0, ""doy"": 226.0, ""topwt"": 14715.692138671877, ""grnwt"": 1968.3738708496091, ""xlai"": 4.063761234283447, ""totir"": 0.0, ""tofer"": NaN, ""swfac"": 0.0, ""nstres"": 0.0}",0.0,0.0,14715.692138671877,1968.3738708496091,4.063761234283447,0.0,,0.0,0.0,0.0,225.0,12.557891845703123,12.557891845703123,Leave_One_experiments/all_year_offline_schedule_search/daily_outputs/HLA/HLA_2010_HLA2010_normal_grid_S0019_daily.csv
HLA,HLA,Hailun,2010,Leave_One_experiments\wth_generated_qc\HLA\HLA2010.WTH,normal_year;nitrogen_stress_year;low_response_year,normal,HLA2010_normal_grid_S0019,pareto_balanced,2010-08-15,227,108,103,"{""sim_day"": 108.0, ""doy"": 227.0, ""topwt"": 14894.635009765623, ""grnwt"": 2147.31689453125, ""xlai"": 4.035124778747559, ""totir"": 0.0, ""tofer"": NaN, ""swfac"": 0.0, ""nstres"": 0.0}",0.0,0.0,14894.635009765623,2147.31689453125,4.035124778747559,0.0,,0.0,0.0,0.0,225.0,12.557891845703123,12.557891845703123,Leave_One_experiments/all_year_offline_schedule_search/daily_outputs/HLA/HLA_2010_HLA2010_normal_grid_S0019_daily.csv
HLA,HLA,Hailun,2010,Leave_One_experiments\wth_generated_qc\HLA\HLA2010.WTH,normal_year;nitrogen_stress_year;low_response_year,normal,HLA2010_normal_grid_S0019,pareto_balanced,2010-08-16,228,109,104,"{""sim_day"": 109.0, ""doy"": 228.0, ""topwt"": 15073.577880859377, ""grnwt"": 2326.260070800781, ""xlai"": 3.996847152709961, ""totir"": 0.0, ""tofer"": NaN, ""swfac"": 0.0, ""nstres"": 0.0}",0.0,0.0,15073.577880859377,2326.260070800781,3.996847152709961,0.0,,0.0,0.0,0.0,225.0,12.557891845703123,12.557891845703123,Leave_One_experiments/all_year_offline_schedule_search/daily_outputs/HLA/HLA_2010_HLA2010_normal_grid_S0019_daily.csv
HLA,HLA,Hailun,2010,Leave_One_experiments\wth_generated_qc\HLA\HLA2010.WTH,normal_year;nitrogen_stress_year;low_response_year,normal,HLA2010_normal_grid_S0019,pareto_balanced,2010-08-17,229,110,105,"{""sim_day"": 110.0, ""doy"": 229.0, ""topwt"": 15252.520751953123, ""grnwt"": 2505.203094482422, ""xlai"": 3.949886322021485, ""totir"": 0.0, ""tofer"": NaN, ""swfac"": 0.0, ""nstres"": 0.0}",0.0,0.0,15252.520751953123,2505.203094482422,3.949886322021485,0.0,,0.0,0.0,0.0,225.0,12.557891845703123,12.557891845703123,Leave_One_experiments/all_year_offline_schedule_search/daily_outputs/HLA/HLA_2010_HLA2010_normal_grid_S0019_daily.csv
HLA,HLA,Hailun,2010,Leave_One_experiments\wth_generated_qc\HLA\HLA2010.WTH,normal_year;nitrogen_stress_year;low_response_year,normal,HLA2010_normal_grid_S0019,pareto_balanced,2010-08-18,230,111,106,"{""sim_day"": 111.0, ""doy"": 230.0, ""topwt"": 15361.01318359375, ""grnwt"": 2684.1461181640625, ""xlai"": 3.904057025909424, ""totir"": 0.0, ""tofer"": NaN, ""swfac"": 0.0, ""nstres"": 0.0}",0.0,0.0,15361.01318359375,2684.1461181640625,3.904057025909424,0.0,,0.0,0.0,0.0,225.0,12.557891845703123,12.557891845703123,Leave_One_experiments/all_year_offline_schedule_search/daily_outputs/HLA/HLA_2010_HLA2010_normal_grid_S0019_daily.csv
HLA,HLA,Hailun,2010,Leave_One_experiments\wth_generated_qc\HLA\HLA2010.WTH,normal_year;nitrogen_stress_year;low_response_year,normal,HLA2010_normal_grid_S0019,pareto_balanced,2010-08-19,231,112,107,"{""sim_day"": 112.0, ""doy"": 231.0, ""topwt"": 15592.83203125, ""grnwt"": 2863.0892944335938, ""xlai"": 3.842942953109741, ""totir"": 0.0, ""tofer"": NaN, ""swfac"": 0.0, ""nstres"": 0.0}",0.0,0.0,15592.83203125,2863.0892944335938,3.842942953109741,0.0,,0.0,0.0,0.0,225.0,12.557891845703123,12.557891845703123,Leave_One_experiments/all_year_offline_schedule_search/daily_outputs/HLA/HLA_2010_HLA2010_normal_grid_S0019_daily.csv
HLA,HLA,Hailun,2010,Leave_One_experiments\wth_generated_qc\HLA\HLA2010.WTH,normal_year;nitrogen_stress_year;low_response_year,normal,HLA2010_normal_grid_S0019,pareto_balanced,2010-08-20,232,113,108,"{""sim_day"": 113.0, ""doy"": 232.0, ""topwt"": 15789.349365234377, ""grnwt"": 3042.032165527344, ""xlai"": 3.7985527515411377, ""totir"": 0.0, ""tofer"": NaN, ""swfac"": 0.0, ""nstres"": 0.0}",0.0,0.0,15789.349365234377,3042.032165527344,3.7985527515411377,0.0,,0.0,0.0,0.0,225.0,12.557891845703123,12.557891845703123,Leave_One_experiments/all_year_offline_schedule_search/daily_outputs/HLA/HLA_2010_HLA2010_normal_grid_S0019_daily.csv
HLA,HLA,Hailun,2010,Leave_One_experiments\wth_generated_qc\HLA\HLA2010.WTH,normal_year;nitrogen_stress_year;low_response_year,normal,HLA2010_normal_grid_S0019,pareto_balanced,2010-08-21,233,114,109,"{""sim_day"": 114.0, ""doy"": 233.0, ""topwt"": 15968.292236328123, ""grnwt"": 3220.975341796875, ""xlai"": 3.7483158111572266, ""totir"": 0.0, ""tofer"": NaN, ""swfac"": 0.0, ""nstres"": 0.0}",0.0,0.0,15968.292236328123,3220.975341796875,3.7483158111572266,0.0,,0.0,0.0,0.0,225.0,12.557891845703123,12.557891845703123,Leave_One_experiments/all_year_offline_schedule_search/daily_outputs/HLA/HLA_2010_HLA2010_normal_grid_S0019_daily.csv
HLA,HLA,Hailun,2010,Leave_One_experiments\wth_generated_qc\HLA\HLA2010.WTH,normal_year;nitrogen_stress_year;low_response_year,normal,HLA2010_normal_grid_S0019,pareto_balanced,2010-08-22,234,115,110,"{""sim_day"": 115.0, ""doy"": 234.0, ""topwt"": 16147.235107421877, ""grnwt"": 3399.9188232421875, ""xlai"": 3.696554183959961, ""totir"": 0.0, ""tofer"": NaN, ""swfac"": 0.0, ""nstres"": 0.0}",0.0,0.0,16147.235107421877,3399.9188232421875,3.696554183959961,0.0,,0.0,0.0,0.0,225.0,12.557891845703123,12.557891845703123,Leave_One_experiments/all_year_offline_schedule_search/daily_outputs/HLA/HLA_2010_HLA2010_normal_grid_S0019_daily.csv
HLA,HLA,Hailun,2010,Leave_One_experiments\wth_generated_qc\HLA\HLA2010.WTH,normal_year;nitrogen_stress_year;low_response_year,normal,HLA2010_normal_grid_S0019,pareto_balanced,2010-08-23,235,116,111,"{""sim_day"": 116.0, ""doy"": 235.0, ""topwt"": 16326.177978515623, ""grnwt"": 3578.8619995117188, ""xlai"": 3.641457319259644, ""totir"": 0.0, ""tofer"": NaN, ""swfac"": 0.0, ""nstres"": 0.0}",0.0,0.0,16326.177978515623,3578.8619995117188,3.641457319259644,0.0,,0.0,0.0,0.0,225.0,12.557891845703123,12.557891845703123,Leave_One_experiments/all_year_offline_schedule_search/daily_outputs/HLA/HLA_2010_HLA2010_normal_grid_S0019_daily.csv
HLA,HLA,Hailun,2010,Leave_One_experiments\wth_generated_qc\HLA\HLA2010.WTH,normal_year;nitrogen_stress_year;low_response_year,normal,HLA2010_normal_grid_S0019,pareto_balanced,2010-08-24,236,117,112,"{""sim_day"": 117.0, ""doy"": 236.0, ""topwt"": 16505.120849609375, ""grnwt"": 3757.80517578125, ""xlai"": 3.582096815109253, ""totir"": 0.0, ""tofer"": NaN, ""swfac"": 0.0, ""nstres"": 0.0}",0.0,0.0,16505.120849609375,3757.80517578125,3.582096815109253,0.0,,0.0,0.0,0.0,225.0,12.557891845703123,12.557891845703123,Leave_One_experiments/all_year_offline_schedule_search/daily_outputs/HLA/HLA_2010_HLA2010_normal_grid_S0019_daily.csv
HLA,HLA,Hailun,2010,Leave_One_experiments\wth_generated_qc\HLA\HLA2010.WTH,normal_year;nitrogen_stress_year;low_response_year,normal,HLA2010_normal_grid_S0019,pareto_balanced,2010-08-25,237,118,113,"{""sim_day"": 118.0, ""doy"": 237.0, ""topwt"": 16684.063720703125, ""grnwt"": 3936.7486572265625, ""xlai"": 3.5094664096832275, ""totir"": 0.0, ""tofer"": NaN, ""swfac"": 0.0, ""nstres"": 0.0}",0.0,0.0,16684.063720703125,3936.7486572265625,3.5094664096832275,0.0,,0.0,0.0,0.0,225.0,12.557891845703123,12.557891845703123,Leave_One_experiments/all_year_offline_schedule_search/daily_outputs/HLA/HLA_2010_HLA2010_normal_grid_S0019_daily.csv
HLA,HLA,Hailun,2010,Leave_One_experiments\wth_generated_qc\HLA\HLA2010.WTH,normal_year;nitrogen_stress_year;low_response_year,normal,HLA2010_normal_grid_S0019,pareto_balanced,2010-08-26,238,119,114,"{""sim_day"": 119.0, ""doy"": 238.0, ""topwt"": 16863.006591796875, ""grnwt"": 4115.691833496094, ""xlai"": 3.424318552017212, ""totir"": 0.0, ""tofer"": NaN, ""swfac"": 0.0, ""nstres"": 0.0}",0.0,0.0,16863.006591796875,4115.691833496094,3.424318552017212,0.0,,0.0,0.0,0.0,225.0,12.557891845703123,12.557891845703123,Leave_One_experiments/all_year_offline_schedule_search/daily_outputs/HLA/HLA_2010_HLA2010_normal_grid_S0019_daily.csv
HLA,HLA,Hailun,2010,Leave_One_experiments\wth_generated_qc\HLA\HLA2010.WTH,normal_year;nitrogen_stress_year;low_response_year,normal,HLA2010_normal_grid_S0019,pareto_balanced,2010-08-27,239,120,115,"{""sim_day"": 120.0, ""doy"": 239.0, ""topwt"": 16931.30126953125, ""grnwt"": 4294.635009765625, ""xlai"": 3.3519482612609863, ""totir"": 0.0, ""tofer"": NaN, ""swfac"": 0.0, ""nstres"": 0.0}",0.0,0.0,16931.30126953125,4294.635009765625,3.3519482612609863,0.0,,0.0,0.0,0.0,225.0,12.557891845703123,12.557891845703123,Leave_One_experiments/all_year_offline_schedule_search/daily_outputs/HLA/HLA_2010_HLA2010_normal_grid_S0019_daily.csv
HLA,HLA,Hailun,2010,Leave_One_experiments\wth_generated_qc\HLA\HLA2010.WTH,normal_year;nitrogen_stress_year;low_response_year,normal,HLA2010_normal_grid_S0019,pareto_balanced,2010-08-28,240,121,116,"{""sim_day"": 121.0, ""doy"": 240.0, ""topwt"": 17132.403564453125, ""grnwt"": 4473.578186035156, ""xlai"": 3.2696902751922607, ""totir"": 0.0, ""tofer"": NaN, ""swfac"": 0.0, ""nstres"": 0.0}",0.0,0.0,17132.403564453125,4473.578186035156,3.2696902751922607,0.0,,0.0,0.0,0.0,225.0,12.557891845703123,12.557891845703123,Leave_One_experiments/all_year_offline_schedule_search/daily_outputs/HLA/HLA_2010_HLA2010_normal_grid_S0019_daily.csv
HLA,HLA,Hailun,2010,Leave_One_experiments\wth_generated_qc\HLA\HLA2010.WTH,normal_year;nitrogen_stress_year;low_response_year,normal,HLA2010_normal_grid_S0019,pareto_balanced,2010-08-29,241,122,117,"{""sim_day"": 122.0, ""doy"": 241.0, ""topwt"": 17308.001708984375, ""grnwt"": 4652.521362304688, ""xlai"": 3.203333616256714, ""totir"": 0.0, ""tofer"": NaN, ""swfac"": 0.0, ""nstres"": 0.0}",0.0,0.0,17308.001708984375,4652.521362304688,3.203333616256714,0.0,,0.0,0.0,0.0,225.0,12.557891845703123,12.557891845703123,Leave_One_experiments/all_year_offline_schedule_search/daily_outputs/HLA/HLA_2010_HLA2010_normal_grid_S0019_daily.csv
HLA,HLA,Hailun,2010,Leave_One_experiments\wth_generated_qc\HLA\HLA2010.WTH,normal_year;nitrogen_stress_year;low_response_year,normal,HLA2010_normal_grid_S0019,pareto_balanced,2010-08-30,242,123,118,"{""sim_day"": 123.0, ""doy"": 242.0, ""topwt"": 17526.943359375, ""grnwt"": 4825.499877929688, ""xlai"": 3.1487693786621094, ""totir"": 0.0, ""tofer"": NaN, ""swfac"": 0.0, ""nstres"": 0.0}",0.0,0.0,17526.943359375,4825.499877929688,3.1487693786621094,0.0,,0.0,0.0,0.0,225.0,12.557891845703123,12.557891845703123,Leave_One_experiments/all_year_offline_schedule_search/daily_outputs/HLA/HLA_2010_HLA2010_normal_grid_S0019_daily.csv
HLA,HLA,Hailun,2010,Leave_One_experiments\wth_generated_qc\HLA\HLA2010.WTH,normal_year;nitrogen_stress_year;low_response_year,normal,HLA2010_normal_grid_S0019,pareto_balanced,2010-08-31,243,124,119,"{""sim_day"": 124.0, ""doy"": 243.0, ""topwt"": 17751.7578125, ""grnwt"": 5004.443054199219, ""xlai"": 3.089072227478028, ""totir"": 0.0, ""tofer"": NaN, ""swfac"": 0.0, ""nstres"": 0.0}",0.0,0.0,17751.7578125,5004.443054199219,3.089072227478028,0.0,,0.0,0.0,0.0,225.0,12.557891845703123,12.557891845703123,Leave_One_experiments/all_year_offline_schedule_search/daily_outputs/HLA/HLA_2010_HLA2010_normal_grid_S0019_daily.csv
HLA,HLA,Hailun,2010,Leave_One_experiments\wth_generated_qc\HLA\HLA2010.WTH,normal_year;nitrogen_stress_year;low_response_year,normal,HLA2010_normal_grid_S0019,pareto_balanced,2010-09-01,244,125,120,"{""sim_day"": 125.0, ""doy"": 244.0, ""topwt"": 17930.70068359375, ""grnwt"": 5183.38623046875, ""xlai"": 3.006732702255249, ""totir"": 0.0, ""tofer"": NaN, ""swfac"": 0.0, ""nstres"": 0.0}",0.0,0.0,17930.70068359375,5183.38623046875,3.006732702255249,0.0,,0.0,0.0,0.0,225.0,12.557891845703123,12.557891845703123,Leave_One_experiments/all_year_offline_schedule_search/daily_outputs/HLA/HLA_2010_HLA2010_normal_grid_S0019_daily.csv
HLA,HLA,Hailun,2010,Leave_One_experiments\wth_generated_qc\HLA\HLA2010.WTH,normal_year;nitrogen_stress_year;low_response_year,normal,HLA2010_normal_grid_S0019,pareto_balanced,2010-09-02,245,126,121,"{""sim_day"": 126.0, ""doy"": 245.0, ""topwt"": 18109.6435546875, ""grnwt"": 5362.329711914063, ""xlai"": 2.912180662155152, ""totir"": 0.0, ""tofer"": NaN, ""swfac"": 0.0, ""nstres"": 0.0}",0.0,0.0,18109.6435546875,5362.329711914063,2.912180662155152,0.0,,0.0,0.0,0.0,225.0,12.557891845703123,12.557891845703123,Leave_One_experiments/all_year_offline_schedule_search/daily_outputs/HLA/HLA_2010_HLA2010_normal_grid_S0019_daily.csv
HLA,HLA,Hailun,2010,Leave_One_experiments\wth_generated_qc\HLA\HLA2010.WTH,normal_year;nitrogen_stress_year;low_response_year,normal,HLA2010_normal_grid_S0019,pareto_balanced,2010-09-03,246,127,122,"{""sim_day"": 127.0, ""doy"": 246.0, ""topwt"": 18288.58642578125, ""grnwt"": 5541.2725830078125, ""xlai"": 2.79463267326355, ""totir"": 0.0, ""tofer"": NaN, ""swfac"": 0.0, ""nstres"": 0.0014588832855224}",0.0,0.0014588832855224,18288.58642578125,5541.2725830078125,2.79463267326355,0.0,,0.0,0.0,0.0,225.0,12.557891845703123,12.557891845703123,Leave_One_experiments/all_year_offline_schedule_search/daily_outputs/HLA/HLA_2010_HLA2010_normal_grid_S0019_daily.csv
HLA,HLA,Hailun,2010,Leave_One_experiments\wth_generated_qc\HLA\HLA2010.WTH,normal_year;nitrogen_stress_year;low_response_year,normal,HLA2010_normal_grid_S0019,pareto_balanced,2010-09-04,247,128,123,"{""sim_day"": 128.0, ""doy"": 247.0, ""topwt"": 18467.529296875, ""grnwt"": 5720.216064453125, ""xlai"": 2.687488317489624, ""totir"": 0.0, ""tofer"": NaN, ""swfac"": 0.0, ""nstres"": 0.0156993865966796}",0.0,0.0156993865966796,18467.529296875,5720.216064453125,2.687488317489624,0.0,,0.0,0.0,0.0,225.0,12.557891845703123,12.557891845703123,Leave_One_experiments/all_year_offline_schedule_search/daily_outputs/HLA/HLA_2010_HLA2010_normal_grid_S0019_daily.csv
HLA,HLA,Hailun,2010,Leave_One_experiments\wth_generated_qc\HLA\HLA2010.WTH,normal_year;nitrogen_stress_year;low_response_year,normal,HLA2010_normal_grid_S0019,pareto_balanced,2010-09-05,248,129,124,"{""sim_day"": 129.0, ""doy"": 248.0, ""topwt"": 18646.47216796875, ""grnwt"": 5899.158935546875, ""xlai"": 2.6013216972351074, ""totir"": 0.0, ""tofer"": NaN, ""swfac"": 0.0, ""nstres"": 0.0326229333877563}",0.0,0.0326229333877563,18646.47216796875,5899.158935546875,2.6013216972351074,0.0,,0.0,0.0,0.0,225.0,12.557891845703123,12.557891845703123,Leave_One_experiments/all_year_offline_schedule_search/daily_outputs/HLA/HLA_2010_HLA2010_normal_grid_S0019_daily.csv
HLA,HLA,Hailun,2010,Leave_One_experiments\wth_generated_qc\HLA\HLA2010.WTH,normal_year;nitrogen_stress_year;low_response_year,normal,HLA2010_normal_grid_S0019,pareto_balanced,2010-09-06,249,130,125,"{""sim_day"": 130.0, ""doy"": 249.0, ""topwt"": 18746.168212890625, ""grnwt"": 5998.856201171875, ""xlai"": 2.245200634002685, ""totir"": 0.0, ""tofer"": NaN, ""swfac"": 0.0, ""nstres"": 0.053455114364624}",0.0,0.053455114364624,18746.168212890625,5998.856201171875,2.245200634002685,0.0,,0.0,0.0,0.0,225.0,12.557891845703123,12.557891845703123,Leave_One_experiments/all_year_offline_schedule_search/daily_outputs/HLA/HLA_2010_HLA2010_normal_grid_S0019_daily.csv
HLA,HLA,Hailun,2010,Leave_One_experiments\wth_generated_qc\HLA\HLA2010.WTH,normal_year;nitrogen_stress_year;low_response_year,normal,HLA2010_normal_grid_S0019,pareto_balanced,2010-09-07,250,131,126,"{""sim_day"": 131.0, ""doy"": 250.0, ""topwt"": 18912.3291015625, ""grnwt"": 6165.01708984375, ""xlai"": 2.228025436401367, ""totir"": 0.0, ""tofer"": NaN, ""swfac"": 0.0, ""nstres"": 0.0611974000930786}",0.0,0.0611974000930786,18912.3291015625,6165.01708984375,2.228025436401367,0.0,,0.0,0.0,0.0,225.0,12.557891845703123,12.557891845703123,Leave_One_experiments/all_year_offline_schedule_search/daily_outputs/HLA/HLA_2010_HLA2010_normal_grid_S0019_daily.csv
HLA,HLA,Hailun,2010,Leave_One_experiments\wth_generated_qc\HLA\HLA2010.WTH,normal_year;nitrogen_stress_year;low_response_year,normal,HLA2010_normal_grid_S0019,pareto_balanced,2010-09-08,251,132,127,"{""sim_day"": 132.0, ""doy"": 251.0, ""topwt"": 19091.27197265625, ""grnwt"": 6343.960571289063, ""xlai"": 2.206961870193481, ""totir"": 0.0, ""tofer"": NaN, ""swfac"": 0.0, ""nstres"": 0.0756314992904663}",0.0,0.0756314992904663,19091.27197265625,6343.960571289063,2.206961870193481,0.0,,0.0,0.0,0.0,225.0,12.557891845703123,12.557891845703123,Leave_One_experiments/all_year_offline_schedule_search/daily_outputs/HLA/HLA_2010_HLA2010_normal_grid_S0019_daily.csv
HLA,HLA,Hailun,2010,Leave_One_experiments\wth_generated_qc\HLA\HLA2010.WTH,normal_year;nitrogen_stress_year;low_response_year,normal,HLA2010_normal_grid_S0019,pareto_balanced,2010-09-09,252,133,128,"{""sim_day"": 133.0, ""doy"": 252.0, ""topwt"": 19270.21484375, ""grnwt"": 6522.9034423828125, ""xlai"": 2.182030200958252, ""totir"": 0.0, ""tofer"": NaN, ""swfac"": 0.0, ""nstres"": 0.0903749465942382}",0.0,0.0903749465942382,19270.21484375,6522.9034423828125,2.182030200958252,0.0,,0.0,0.0,0.0,225.0,12.557891845703123,12.557891845703123,Leave_One_experiments/all_year_offline_schedule_search/daily_outputs/HLA/HLA_2010_HLA2010_normal_grid_S0019_daily.csv
HLA,HLA,Hailun,2010,Leave_One_experiments\wth_generated_qc\HLA\HLA2010.WTH,normal_year;nitrogen_stress_year;low_response_year,normal,HLA2010_normal_grid_S0019,pareto_balanced,2010-09-10,253,134,129,"{""sim_day"": 134.0, ""doy"": 253.0, ""topwt"": 19449.15771484375, ""grnwt"": 6701.8463134765625, ""xlai"": 2.0930891036987305, ""totir"": 0.0, ""tofer"": NaN, ""swfac"": 0.0, ""nstres"": 0.1038358807563781}",0.0,0.1038358807563781,19449.15771484375,6701.8463134765625,2.0930891036987305,0.0,,0.0,0.0,0.0,225.0,12.557891845703123,12.557891845703123,Leave_One_experiments/all_year_offline_schedule_search/daily_outputs/HLA/HLA_2010_HLA2010_normal_grid_S0019_daily.csv
HLA,HLA,Hailun,2010,Leave_One_experiments\wth_generated_qc\HLA\HLA2010.WTH,normal_year;nitrogen_stress_year;low_response_year,normal,HLA2010_normal_grid_S0019,pareto_balanced,2010-09-11,254,135,130,"{""sim_day"": 135.0, ""doy"": 254.0, ""topwt"": 19628.1005859375, ""grnwt"": 6880.7891845703125, ""xlai"": 1.923909306526184, ""totir"": 0.0, ""tofer"": NaN, ""swfac"": 0.0, ""nstres"": 0.1176018714904785}",0.0,0.1176018714904785,19628.1005859375,6880.7891845703125,1.923909306526184,0.0,,0.0,0.0,0.0,225.0,12.557891845703123,12.557891845703123,Leave_One_experiments/all_year_offline_schedule_search/daily_outputs/HLA/HLA_2010_HLA2010_normal_grid_S0019_daily.csv
HLA,HLA,Hailun,2010,Leave_One_experiments\wth_generated_qc\HLA\HLA2010.WTH,normal_year;nitrogen_stress_year;low_response_year,normal,HLA2010_normal_grid_S0019,pareto_balanced,2010-09-12,255,136,131,"{""sim_day"": 136.0, ""doy"": 255.0, ""topwt"": 19628.1005859375, ""grnwt"": 6880.7891845703125, ""xlai"": 1.923909306526184, ""totir"": 0.0, ""tofer"": NaN, ""swfac"": 0.0, ""nstres"": 0.1323047876358032}",0.0,0.1323047876358032,19628.1005859375,6880.7891845703125,1.923909306526184,0.0,,0.0,0.0,0.0,225.0,12.557891845703123,12.557891845703123,Leave_One_experiments/all_year_offline_schedule_search/daily_outputs/HLA/HLA_2010_HLA2010_normal_grid_S0019_daily.csv
HLA,HLA,Hailun,2010,Leave_One_experiments\wth_generated_qc\HLA\HLA2010.WTH,normal_year;nitrogen_stress_year;low_response_year,normal,HLA2010_normal_grid_S0019,pareto_balanced,2010-09-13,256,137,132,"{""sim_day"": 137.0, ""doy"": 256.0, ""topwt"": 19628.1005859375, ""grnwt"": 6880.7891845703125, ""xlai"": 1.923909306526184, ""totir"": 0.0, ""tofer"": NaN, ""swfac"": 0.0, ""nstres"": 0.1323047876358032}",0.0,0.1323047876358032,19628.1005859375,6880.7891845703125,1.923909306526184,0.0,,0.0,0.0,0.0,225.0,12.557891845703123,12.557891845703123,Leave_One_experiments/all_year_offline_schedule_search/daily_outputs/HLA/HLA_2010_HLA2010_normal_grid_S0019_daily.csv
HLA,HLA,Hailun,2010,Leave_One_experiments\wth_generated_qc\HLA\HLA2010.WTH,normal_year;nitrogen_stress_year;low_response_year,normal,HLA2010_normal_grid_S0019,pareto_balanced,2010-09-14,257,138,133,"{""sim_day"": 138.0, ""doy"": 257.0, ""topwt"": 19628.1005859375, ""grnwt"": 6880.7891845703125, ""xlai"": 1.923909306526184, ""totir"": 0.0, ""tofer"": NaN, ""swfac"": 0.0, ""nstres"": 0.1323047876358032}",0.0,0.1323047876358032,19628.1005859375,6880.7891845703125,1.923909306526184,0.0,,0.0,0.0,0.0,225.0,12.557891845703123,12.557891845703123,Leave_One_experiments/all_year_offline_schedule_search/daily_outputs/HLA/HLA_2010_HLA2010_normal_grid_S0019_daily.csv
HLA,HLA,Hailun,2010,Leave_One_experiments\wth_generated_qc\HLA\HLA2010.WTH,normal_year;nitrogen_stress_year;low_response_year,normal,HLA2010_normal_grid_S0030,pareto_balanced,2010-05-05,125,1,1,"{""sim_day"": 1.0, ""doy"": 125.0, ""topwt"": 0.0, ""grnwt"": 0.0, ""xlai"": 0.0, ""totir"": 0.0, ""tofer"": NaN, ""swfac"": 0.0, ""nstres"": 0.0}",0.0,0.0,0.0,0.0,0.0,0.0,,0.0,80.0,80.0,180.0,-18.435168457031253,13.564831542968747,Leave_One_experiments/all_year_offline_schedule_search/daily_outputs/HLA/HLA_2010_HLA2010_normal_grid_S0030_daily.csv
HLA,HLA,Hailun,2010,Leave_One_experiments\wth_generated_qc\HLA\HLA2010.WTH,normal_year;nitrogen_stress_year;low_response_year,normal,HLA2010_normal_grid_S0030,pareto_balanced,2010-05-06,126,2,2,"{""sim_day"": 2.0, ""doy"": 126.0, ""topwt"": 0.0, ""grnwt"": 0.0, ""xlai"": 0.0, ""totir"": 0.0, ""tofer"": NaN, ""swfac"": 0.0, ""nstres"": 0.0}",0.0,0.0,0.0,0.0,0.0,0.0,,0.0,0.0,80.0,180.0,-18.435168457031253,13.564831542968747,Leave_One_experiments/all_year_offline_schedule_search/daily_outputs/HLA/HLA_2010_HLA2010_normal_grid_S0030_daily.csv
HLA,HLA,Hailun,2010,Leave_One_experiments\wth_generated_qc\HLA\HLA2010.WTH,normal_year;nitrogen_stress_year;low_response_year,normal,HLA2010_normal_grid_S0030,pareto_balanced,2010-05-07,127,3,3,"{""sim_day"": 3.0, ""doy"": 127.0, ""topwt"": 0.0, ""grnwt"": 0.0, ""xlai"": 0.0, ""totir"": 0.0, ""tofer"": NaN, ""swfac"": 0.0, ""nstres"": 0.0}",0.0,0.0,0.0,0.0,0.0,0.0,,0.0,0.0,80.0,180.0,-18.435168457031253,13.564831542968747,Leave_One_experiments/all_year_offline_schedule_search/daily_outputs/HLA/HLA_2010_HLA2010_normal_grid_S0030_daily.csv
HLA,HLA,Hailun,2010,Leave_One_experiments\wth_generated_qc\HLA\HLA2010.WTH,normal_year;nitrogen_stress_year;low_response_year,normal,HLA2010_normal_grid_S0030,pareto_balanced,2010-05-08,128,4,4,"{""sim_day"": 4.0, ""doy"": 128.0, ""topwt"": 0.0, ""grnwt"": 0.0, ""xlai"": 0.0, ""totir"": 0.0, ""tofer"": NaN, ""swfac"": 0.0, ""nstres"": 0.0}",0.0,0.0,0.0,0.0,0.0,0.0,,0.0,0.0,80.0,180.0,-18.435168457031253,13.564831542968747,Leave_One_experiments/all_year_offline_schedule_search/daily_outputs/HLA/HLA_2010_HLA2010_normal_grid_S0030_daily.csv
HLA,HLA,Hailun,2010,Leave_One_experiments\wth_generated_qc\HLA\HLA2010.WTH,normal_year;nitrogen_stress_year;low_response_year,normal,HLA2010_normal_grid_S0030,pareto_balanced,2010-05-09,129,5,5,"{""sim_day"": 5.0, ""doy"": 129.0, ""topwt"": 0.0, ""grnwt"": 0.0, ""xlai"": 0.0, ""totir"": 0.0, ""tofer"": NaN, ""swfac"": 0.0, ""nstres"": 0.0}",0.0,0.0,0.0,0.0,0.0,0.0,,0.0,0.0,80.0,180.0,-18.435168457031253,13.564831542968747,Leave_One_experiments/all_year_offline_schedule_search/daily_outputs/HLA/HLA_2010_HLA2010_normal_grid_S0030_daily.csv
HLA,HLA,Hailun,2010,Leave_One_experiments\wth_generated_qc\HLA\HLA2010.WTH,normal_year;nitrogen_stress_year;low_response_year,normal,HLA2010_normal_grid_S0030,pareto_balanced,2010-05-05,125,6,1,"{""sim_day"": 6.0, ""doy"": 125.0, ""topwt"": 0.0, ""grnwt"": 0.0, ""xlai"": 0.0, ""totir"": 0.0, ""tofer"": NaN, ""swfac"": 0.0, ""nstres"": 0.0}",0.0,0.0,0.0,0.0,0.0,0.0,,0.0,0.0,80.0,180.0,-18.435168457031253,13.564831542968747,Leave_One_experiments/all_year_offline_schedule_search/daily_outputs/HLA/HLA_2010_HLA2010_normal_grid_S0030_daily.csv
HLA,HLA,Hailun,2010,Leave_One_experiments\wth_generated_qc\HLA\HLA2010.WTH,normal_year;nitrogen_stress_year;low_response_year,normal,HLA2010_normal_grid_S0030,pareto_balanced,2010-05-06,126,7,2,"{""sim_day"": 7.0, ""doy"": 126.0, ""topwt"": 0.0, ""grnwt"": 0.0, ""xlai"": 0.0, ""totir"": 0.0, ""tofer"": NaN, ""swfac"": 0.0, ""nstres"": 0.0}",0.0,0.0,0.0,0.0,0.0,0.0,,0.0,0.0,80.0,180.0,-18.435168457031253,13.564831542968747,Leave_One_experiments/all_year_offline_schedule_search/daily_outputs/HLA/HLA_2010_HLA2010_normal_grid_S0030_daily.csv
HLA,HLA,Hailun,2010,Leave_One_experiments\wth_generated_qc\HLA\HLA2010.WTH,normal_year;nitrogen_stress_year;low_response_year,normal,HLA2010_normal_grid_S0030,pareto_balanced,2010-05-07,127,8,3,"{""sim_day"": 8.0, ""doy"": 127.0, ""topwt"": 0.0, ""grnwt"": 0.0, ""xlai"": 0.0, ""totir"": 0.0, ""tofer"": NaN, ""swfac"": 0.0, ""nstres"": 0.0}",0.0,0.0,0.0,0.0,0.0,0.0,,0.0,0.0,80.0,180.0,-18.435168457031253,13.564831542968747,Leave_One_experiments/all_year_offline_schedule_search/daily_outputs/HLA/HLA_2010_HLA2010_normal_grid_S0030_daily.csv
HLA,HLA,Hailun,2010,Leave_One_experiments\wth_generated_qc\HLA\HLA2010.WTH,normal_year;nitrogen_stress_year;low_response_year,normal,HLA2010_normal_grid_S0030,pareto_balanced,2010-05-08,128,9,4,"{""sim_day"": 9.0, ""doy"": 128.0, ""topwt"": 0.0, ""grnwt"": 0.0, ""xlai"": 0.0, ""totir"": 0.0, ""tofer"": NaN, ""swfac"": 0.0, ""nstres"": 0.0}",0.0,0.0,0.0,0.0,0.0,0.0,,0.0,0.0,80.0,180.0,-18.435168457031253,13.564831542968747,Leave_One_experiments/all_year_offline_schedule_search/daily_outputs/HLA/HLA_2010_HLA2010_normal_grid_S0030_daily.csv
HLA,HLA,Hailun,2010,Leave_One_experiments\wth_generated_qc\HLA\HLA2010.WTH,normal_year;nitrogen_stress_year;low_response_year,normal,HLA2010_normal_grid_S0030,pareto_balanced,2010-05-09,129,10,5,"{""sim_day"": 10.0, ""doy"": 129.0, ""topwt"": 0.0, ""grnwt"": 0.0, ""xlai"": 0.0, ""totir"": 0.0, ""tofer"": NaN, ""swfac"": 0.0, ""nstres"": 0.0}",0.0,0.0,0.0,0.0,0.0,0.0,,0.0,0.0,80.0,180.0,-18.435168457031253,13.564831542968747,Leave_One_experiments/all_year_offline_schedule_search/daily_outputs/HLA/HLA_2010_HLA2010_normal_grid_S0030_daily.csv
HLA,HLA,Hailun,2010,Leave_One_experiments\wth_generated_qc\HLA\HLA2010.WTH,normal_year;nitrogen_stress_year;low_response_year,normal,HLA2010_normal_grid_S0030,pareto_balanced,2010-05-10,130,11,6,"{""sim_day"": 11.0, ""doy"": 130.0, ""topwt"": 0.0, ""grnwt"": 0.0, ""xlai"": 0.0, ""totir"": 0.0, ""tofer"": NaN, ""swfac"": 0.0, ""nstres"": 0.0}",0.0,0.0,0.0,0.0,0.0,0.0,,0.0,0.0,80.0,180.0,-18.435168457031253,13.564831542968747,Leave_One_experiments/all_year_offline_schedule_search/daily_outputs/HLA/HLA_2010_HLA2010_normal_grid_S0030_daily.csv
HLA,HLA,Hailun,2010,Leave_One_experiments\wth_generated_qc\HLA\HLA2010.WTH,normal_year;nitrogen_stress_year;low_response_year,normal,HLA2010_normal_grid_S0030,pareto_balanced,2010-05-11,131,12,7,"{""sim_day"": 12.0, ""doy"": 131.0, ""topwt"": 0.0, ""grnwt"": 0.0, ""xlai"": 0.0, ""totir"": 0.0, ""tofer"": NaN, ""swfac"": 0.0, ""nstres"": 0.0}",0.0,0.0,0.0,0.0,0.0,0.0,,0.0,0.0,80.0,180.0,-18.435168457031253,13.564831542968747,Leave_One_experiments/all_year_offline_schedule_search/daily_outputs/HLA/HLA_2010_HLA2010_normal_grid_S0030_daily.csv
HLA,HLA,Hailun,2010,Leave_One_experiments\wth_generated_qc\HLA\HLA2010.WTH,normal_year;nitrogen_stress_year;low_response_year,normal,HLA2010_normal_grid_S0030,pareto_balanced,2010-05-12,132,13,8,"{""sim_day"": 13.0, ""doy"": 132.0, ""topwt"": 0.0, ""grnwt"": 0.0, ""xlai"": 0.0, ""totir"": 0.0, ""tofer"": NaN, ""swfac"": 0.0, ""nstres"": 0.0}",0.0,0.0,0.0,0.0,0.0,0.0,,0.0,0.0,80.0,180.0,-18.435168457031253,13.564831542968747,Leave_One_experiments/all_year_offline_schedule_search/daily_outputs/HLA/HLA_2010_HLA2010_normal_grid_S0030_daily.csv
HLA,HLA,Hailun,2010,Leave_One_experiments\wth_generated_qc\HLA\HLA2010.WTH,normal_year;nitrogen_stress_year;low_response_year,normal,HLA2010_normal_grid_S0030,pareto_balanced,2010-05-13,133,14,9,"{""sim_day"": 14.0, ""doy"": 133.0, ""topwt"": 0.0, ""grnwt"": 0.0, ""xlai"": 0.0, ""totir"": 0.0, ""tofer"": NaN, ""swfac"": 0.0, ""nstres"": 0.0}",0.0,0.0,0.0,0.0,0.0,0.0,,0.0,0.0,80.0,180.0,-18.435168457031253,13.564831542968747,Leave_One_experiments/all_year_offline_schedule_search/daily_outputs/HLA/HLA_2010_HLA2010_normal_grid_S0030_daily.csv
HLA,HLA,Hailun,2010,Leave_One_experiments\wth_generated_qc\HLA\HLA2010.WTH,normal_year;nitrogen_stress_year;low_response_year,normal,HLA2010_normal_grid_S0030,pareto_balanced,2010-05-14,134,15,10,"{""sim_day"": 15.0, ""doy"": 134.0, ""topwt"": 0.0, ""grnwt"": 0.0, ""xlai"": 0.0, ""totir"": 0.0, ""tofer"": NaN, ""swfac"": 0.0, ""nstres"": 0.0}",0.0,0.0,0.0,0.0,0.0,0.0,,0.0,0.0,80.0,180.0,-18.435168457031253,13.564831542968747,Leave_One_experiments/all_year_offline_schedule_search/daily_outputs/HLA/HLA_2010_HLA2010_normal_grid_S0030_daily.csv
HLA,HLA,Hailun,2010,Leave_One_experiments\wth_generated_qc\HLA\HLA2010.WTH,normal_year;nitrogen_stress_year;low_response_year,normal,HLA2010_normal_grid_S0030,pareto_balanced,2010-05-15,135,16,11,"{""sim_day"": 16.0, ""doy"": 135.0, ""topwt"": 0.0, ""grnwt"": 0.0, ""xlai"": 0.0, ""totir"": 0.0, ""tofer"": NaN, ""swfac"": 0.0, ""nstres"": 0.0}",0.0,0.0,0.0,0.0,0.0,0.0,,0.0,0.0,80.0,180.0,-18.435168457031253,13.564831542968747,Leave_One_experiments/all_year_offline_schedule_search/daily_outputs/HLA/HLA_2010_HLA2010_normal_grid_S0030_daily.csv
HLA,HLA,Hailun,2010,Leave_One_experiments\wth_generated_qc\HLA\HLA2010.WTH,normal_year;nitrogen_stress_year;low_response_year,normal,HLA2010_normal_grid_S0030,pareto_balanced,2010-05-16,136,17,12,"{""sim_day"": 17.0, ""doy"": 136.0, ""topwt"": 0.0, ""grnwt"": 0.0, ""xlai"": 0.0, ""totir"": 0.0, ""tofer"": NaN, ""swfac"": 0.0, ""nstres"": 0.0}",0.0,0.0,0.0,0.0,0.0,0.0,,0.0,0.0,80.0,180.0,-18.435168457031253,13.564831542968747,Leave_One_experiments/all_year_offline_schedule_search/daily_outputs/HLA/HLA_2010_HLA2010_normal_grid_S0030_daily.csv
HLA,HLA,Hailun,2010,Leave_One_experiments\wth_generated_qc\HLA\HLA2010.WTH,normal_year;nitrogen_stress_year;low_response_year,normal,HLA2010_normal_grid_S0030,pareto_balanced,2010-05-17,137,18,13,"{""sim_day"": 18.0, ""doy"": 137.0, ""topwt"": 0.0, ""grnwt"": 0.0, ""xlai"": 0.0, ""totir"": 0.0, ""tofer"": NaN, ""swfac"": 0.0, ""nstres"": 0.0}",0.0,0.0,0.0,0.0,0.0,0.0,,0.0,0.0,80.0,180.0,-18.435168457031253,13.564831542968747,Leave_One_experiments/all_year_offline_schedule_search/daily_outputs/HLA/HLA_2010_HLA2010_normal_grid_S0030_daily.csv
HLA,HLA,Hailun,2010,Leave_One_experiments\wth_generated_qc\HLA\HLA2010.WTH,normal_year;nitrogen_stress_year;low_response_year,normal,HLA2010_normal_grid_S0030,pareto_balanced,2010-05-18,138,19,14,"{""sim_day"": 19.0, ""doy"": 138.0, ""topwt"": 0.0, ""grnwt"": 0.0, ""xlai"": 0.0, ""totir"": 0.0, ""tofer"": NaN, ""swfac"": 0.0, ""nstres"": 0.0}",0.0,0.0,0.0,0.0,0.0,0.0,,0.0,0.0,80.0,180.0,-18.435168457031253,13.564831542968747,Leave_One_experiments/all_year_offline_schedule_search/daily_outputs/HLA/HLA_2010_HLA2010_normal_grid_S0030_daily.csv
HLA,HLA,Hailun,2010,Leave_One_experiments\wth_generated_qc\HLA\HLA2010.WTH,normal_year;nitrogen_stress_year;low_response_year,normal,HLA2010_normal_grid_S0030,pareto_balanced,2010-05-19,139,20,15,"{""sim_day"": 20.0, ""doy"": 139.0, ""topwt"": 20.0, ""grnwt"": 0.0, ""xlai"": 0.0016260230913758, ""totir"": 0.0, ""tofer"": NaN, ""swfac"": 0.0, ""nstres"": 0.0121910572052001}",0.0,0.0121910572052001,20.0,0.0,0.0016260230913758,0.0,,0.0,0.0,80.0,180.0,-18.435168457031253,13.564831542968747,Leave_One_experiments/all_year_offline_schedule_search/daily_outputs/HLA/HLA_2010_HLA2010_normal_grid_S0030_daily.csv
HLA,HLA,Hailun,2010,Leave_One_experiments\wth_generated_qc\HLA\HLA2010.WTH,normal_year;nitrogen_stress_year;low_response_year,normal,HLA2010_normal_grid_S0030,pareto_balanced,2010-05-20,140,21,16,"{""sim_day"": 21.0, ""doy"": 140.0, ""topwt"": 20.0, ""grnwt"": 0.0, ""xlai"": 0.0036296278703957, ""totir"": 0.0, ""tofer"": NaN, ""swfac"": 0.0, ""nstres"": 0.015815258026123}",0.0,0.015815258026123,20.0,0.0,0.0036296278703957,0.0,,0.0,0.0,80.0,180.0,-18.435168457031253,13.564831542968747,Leave_One_experiments/all_year_offline_schedule_search/daily_outputs/HLA/HLA_2010_HLA2010_normal_grid_S0030_daily.csv
HLA,HLA,Hailun,2010,Leave_One_experiments\wth_generated_qc\HLA\HLA2010.WTH,normal_year;nitrogen_stress_year;low_response_year,normal,HLA2010_normal_grid_S0030,pareto_balanced,2010-05-21,141,22,17,"{""sim_day"": 22.0, ""doy"": 141.0, ""topwt"": 20.0, ""grnwt"": 0.0, ""xlai"": 0.0062260678969323, ""totir"": 0.0, ""tofer"": NaN, ""swfac"": 0.0, ""nstres"": 0.0106118917465209}",0.0,0.0106118917465209,20.0,0.0,0.0062260678969323,0.0,,0.0,0.0,80.0,180.0,-18.435168457031253,13.564831542968747,Leave_One_experiments/all_year_offline_schedule_search/daily_outputs/HLA/HLA_2010_HLA2010_normal_grid_S0030_daily.csv
HLA,HLA,Hailun,2010,Leave_One_experiments\wth_generated_qc\HLA\HLA2010.WTH,normal_year;nitrogen_stress_year;low_response_year,normal,HLA2010_normal_grid_S0030,pareto_balanced,2010-05-22,142,23,18,"{""sim_day"": 23.0, ""doy"": 142.0, ""topwt"": 20.0, ""grnwt"": 0.0, ""xlai"": 0.0099213290959596, ""totir"": 0.0, ""tofer"": NaN, ""swfac"": 0.0, ""nstres"": 0.0041295289993286}",0.0,0.0041295289993286,20.0,0.0,0.0099213290959596,0.0,,0.0,0.0,80.0,180.0,-18.435168457031253,13.564831542968747,Leave_One_experiments/all_year_offline_schedule_search/daily_outputs/HLA/HLA_2010_HLA2010_normal_grid_S0030_daily.csv
HLA,HLA,Hailun,2010,Leave_One_experiments\wth_generated_qc\HLA\HLA2010.WTH,normal_year;nitrogen_stress_year;low_response_year,normal,HLA2010_normal_grid_S0030,pareto_balanced,2010-05-23,143,24,19,"{""sim_day"": 24.0, ""doy"": 143.0, ""topwt"": 20.0, ""grnwt"": 0.0, ""xlai"": 0.0136423762887716, ""totir"": 0.0, ""tofer"": NaN, ""swfac"": 0.0, ""nstres"": 0.0}",0.0,0.0,20.0,0.0,0.0136423762887716,0.0,,0.0,0.0,80.0,180.0,-18.435168457031253,13.564831542968747,Leave_One_experiments/all_year_offline_schedule_search/daily_outputs/HLA/HLA_2010_HLA2010_normal_grid_S0030_daily.csv
HLA,HLA,Hailun,2010,Leave_One_experiments\wth_generated_qc\HLA\HLA2010.WTH,normal_year;nitrogen_stress_year;low_response_year,normal,HLA2010_normal_grid_S0030,pareto_balanced,2010-05-24,144,25,20,"{""sim_day"": 25.0, ""doy"": 144.0, ""topwt"": 20.0, ""grnwt"": 0.0, ""xlai"": 0.024383820593357, ""totir"": 0.0, ""tofer"": NaN, ""swfac"": 0.0, ""nstres"": 0.0}",0.0,0.0,20.0,0.0,0.024383820593357,0.0,,0.0,0.0,80.0,180.0,-18.435168457031253,13.564831542968747,Leave_One_experiments/all_year_offline_schedule_search/daily_outputs/HLA/HLA_2010_HLA2010_normal_grid_S0030_daily.csv
HLA,HLA,Hailun,2010,Leave_One_experiments\wth_generated_qc\HLA\HLA2010.WTH,normal_year;nitrogen_stress_year;low_response_year,normal,HLA2010_normal_grid_S0030,pareto_balanced,2010-05-25,145,26,21,"{""sim_day"": 26.0, ""doy"": 145.0, ""topwt"": 19.997740983963013, ""grnwt"": 0.0, ""xlai"": 0.0343245677649974, ""totir"": 0.0, ""tofer"": NaN, ""swfac"": 0.0, ""nstres"": 0.0}",0.0,0.0,19.997740983963013,0.0,0.0343245677649974,0.0,,0.0,0.0,80.0,180.0,-18.435168457031253,13.564831542968747,Leave_One_experiments/all_year_offline_schedule_search/daily_outputs/HLA/HLA_2010_HLA2010_normal_grid_S0030_daily.csv
HLA,HLA,Hailun,2010,Leave_One_experiments\wth_generated_qc\HLA\HLA2010.WTH,normal_year;nitrogen_stress_year;low_response_year,normal,HLA2010_normal_grid_S0030,pareto_balanced,2010-05-26,146,27,22,"{""sim_day"": 27.0, ""doy"": 146.0, ""topwt"": 24.44627046585083, ""grnwt"": 0.0, ""xlai"": 0.0460321716964244, ""totir"": 0.0, ""tofer"": NaN, ""swfac"": 0.0, ""nstres"": 0.0}",0.0,0.0,24.44627046585083,0.0,0.0460321716964244,0.0,,0.0,0.0,80.0,180.0,-18.435168457031253,13.564831542968747,Leave_One_experiments/all_year_offline_schedule_search/daily_outputs/HLA/HLA_2010_HLA2010_normal_grid_S0030_daily.csv
HLA,HLA,Hailun,2010,Leave_One_experiments\wth_generated_qc\HLA\HLA2010.WTH,normal_year;nitrogen_stress_year;low_response_year,normal,HLA2010_normal_grid_S0030,pareto_balanced,2010-05-27,147,28,23,"{""sim_day"": 28.0, ""doy"": 147.0, ""topwt"": 30.376830101013184, ""grnwt"": 0.0, ""xlai"": 0.0605468973517417, ""totir"": 0.0, ""tofer"": NaN, ""swfac"": 0.0, ""nstres"": 0.0}",0.0,0.0,30.376830101013184,0.0,0.0605468973517417,0.0,,0.0,0.0,80.0,180.0,-18.435168457031253,13.564831542968747,Leave_One_experiments/all_year_offline_schedule_search/daily_outputs/HLA/HLA_2010_HLA2010_normal_grid_S0030_daily.csv
HLA,HLA,Hailun,2010,Leave_One_experiments\wth_generated_qc\HLA\HLA2010.WTH,normal_year;nitrogen_stress_year;low_response_year,normal,HLA2010_normal_grid_S0030,pareto_balanced,2010-05-28,148,29,24,"{""sim_day"": 29.0, ""doy"": 148.0, ""topwt"": 36.19537115097046, ""grnwt"": 0.0, ""xlai"": 0.0739532485604286, ""totir"": 0.0, ""tofer"": NaN, ""swfac"": 0.0, ""nstres"": 0.0}",0.0,0.0,36.19537115097046,0.0,0.0739532485604286,0.0,,0.0,0.0,80.0,180.0,-18.435168457031253,13.564831542968747,Leave_One_experiments/all_year_offline_schedule_search/daily_outputs/HLA/HLA_2010_HLA2010_normal_grid_S0030_daily.csv
HLA,HLA,Hailun,2010,Leave_One_experiments\wth_generated_qc\HLA\HLA2010.WTH,normal_year;nitrogen_stress_year;low_response_year,normal,HLA2010_normal_grid_S0030,pareto_balanced,2010-05-29,149,30,25,"{""sim_day"": 30.0, ""doy"": 149.0, ""topwt"": 43.89792442321777, ""grnwt"": 0.0, ""xlai"": 0.0907921642065048, ""totir"": 0.0, ""tofer"": NaN, ""swfac"": 0.0, ""nstres"": 0.0}",0.0,0.0,43.89792442321777,0.0,0.0907921642065048,0.0,,0.0,0.0,80.0,180.0,-18.435168457031253,13.564831542968747,Leave_One_experiments/all_year_offline_schedule_search/daily_outputs/HLA/HLA_2010_HLA2010_normal_grid_S0030_daily.csv
HLA,HLA,Hailun,2010,Leave_One_experiments\wth_generated_qc\HLA\HLA2010.WTH,normal_year;nitrogen_stress_year;low_response_year,normal,HLA2010_normal_grid_S0030,pareto_balanced,2010-05-30,150,31,26,"{""sim_day"": 31.0, ""doy"": 150.0, ""topwt"": 53.346147537231445, ""grnwt"": 0.0, ""xlai"": 0.1103996336460113, ""totir"": 0.0, ""tofer"": NaN, ""swfac"": 0.0, ""nstres"": 0.0}",0.0,0.0,53.346147537231445,0.0,0.1103996336460113,0.0,,0.0,0.0,80.0,180.0,-18.435168457031253,13.564831542968747,Leave_One_experiments/all_year_offline_schedule_search/daily_outputs/HLA/HLA_2010_HLA2010_normal_grid_S0030_daily.csv
HLA,HLA,Hailun,2010,Leave_One_experiments\wth_generated_qc\HLA\HLA2010.WTH,normal_year;nitrogen_stress_year;low_response_year,normal,HLA2010_normal_grid_S0030,pareto_balanced,2010-05-31,151,32,27,"{""sim_day"": 32.0, ""doy"": 151.0, ""topwt"": 65.44371128082275, ""grnwt"": 0.0, ""xlai"": 0.1342554241418838, ""totir"": 0.0, ""tofer"": NaN, ""swfac"": 0.0, ""nstres"": 0.0}",0.0,0.0,65.44371128082275,0.0,0.1342554241418838,0.0,,0.0,0.0,80.0,180.0,-18.435168457031253,13.564831542968747,Leave_One_experiments/all_year_offline_schedule_search/daily_outputs/HLA/HLA_2010_HLA2010_normal_grid_S0030_daily.csv
HLA,HLA,Hailun,2010,Leave_One_experiments\wth_generated_qc\HLA\HLA2010.WTH,normal_year;nitrogen_stress_year;low_response_year,normal,HLA2010_normal_grid_S0030,pareto_balanced,2010-06-01,152,33,28,"{""sim_day"": 33.0, ""doy"": 152.0, ""topwt"": 78.03885459899902, ""grnwt"": 0.0, ""xlai"": 0.1579603105783462, ""totir"": 0.0, ""tofer"": NaN, ""swfac"": 0.0, ""nstres"": 0.0}",0.0,0.0,78.03885459899902,0.0,0.1579603105783462,0.0,,0.0,0.0,80.0,180.0,-18.435168457031253,13.564831542968747,Leave_One_experiments/all_year_offline_schedule_search/daily_outputs/HLA/HLA_2010_HLA2010_normal_grid_S0030_daily.csv
HLA,HLA,Hailun,2010,Leave_One_experiments\wth_generated_qc\HLA\HLA2010.WTH,normal_year;nitrogen_stress_year;low_response_year,normal,HLA2010_normal_grid_S0030,pareto_balanced,2010-06-02,153,34,29,"{""sim_day"": 34.0, ""doy"": 153.0, ""topwt"": 96.17582321166992, ""grnwt"": 0.0, ""xlai"": 0.1905546337366104, ""totir"": 0.0, ""tofer"": NaN, ""swfac"": 0.0, ""nstres"": 0.0}",0.0,0.0,96.17582321166992,0.0,0.1905546337366104,0.0,,0.0,0.0,80.0,180.0,-18.435168457031253,13.564831542968747,Leave_One_experiments/all_year_offline_schedule_search/daily_outputs/HLA/HLA_2010_HLA2010_normal_grid_S0030_daily.csv
HLA,HLA,Hailun,2010,Leave_One_experiments\wth_generated_qc\HLA\HLA2010.WTH,normal_year;nitrogen_stress_year;low_response_year,normal,HLA2010_normal_grid_S0030,pareto_balanced,2010-06-03,154,35,30,"{""sim_day"": 35.0, ""doy"": 154.0, ""topwt"": 122.00494766235352, ""grnwt"": 0.0, ""xlai"": 0.2346061766147613, ""totir"": 0.0, ""tofer"": NaN, ""swfac"": 0.0, ""nstres"": 0.0}",0.0,0.0,122.00494766235352,0.0,0.2346061766147613,0.0,,0.0,50.0,80.0,180.0,-18.435168457031253,13.564831542968747,Leave_One_experiments/all_year_offline_schedule_search/daily_outputs/HLA/HLA_2010_HLA2010_normal_grid_S0030_daily.csv
HLA,HLA,Hailun,2010,Leave_One_experiments\wth_generated_qc\HLA\HLA2010.WTH,normal_year;nitrogen_stress_year;low_response_year,normal,HLA2010_normal_grid_S0030,pareto_balanced,2010-06-04,155,36,31,"{""sim_day"": 36.0, ""doy"": 155.0, ""topwt"": 150.54235458374023, ""grnwt"": 0.0, ""xlai"": 0.2808491587638855, ""totir"": 0.0, ""tofer"": NaN, ""swfac"": 0.0, ""nstres"": 0.0}",0.0,0.0,150.54235458374023,0.0,0.2808491587638855,0.0,,0.0,0.0,80.0,180.0,-18.435168457031253,13.564831542968747,Leave_One_experiments/all_year_offline_schedule_search/daily_outputs/HLA/HLA_2010_HLA2010_normal_grid_S0030_daily.csv
HLA,HLA,Hailun,2010,Leave_One_experiments\wth_generated_qc\HLA\HLA2010.WTH,normal_year;nitrogen_stress_year;low_response_year,normal,HLA2010_normal_grid_S0030,pareto_balanced,2010-06-05,156,37,32,"{""sim_day"": 37.0, ""doy"": 156.0, ""topwt"": 165.07604598999023, ""grnwt"": 0.0, ""xlai"": 0.3242818713188171, ""totir"": 0.0, ""tofer"": NaN, ""swfac"": 0.0, ""nstres"": 0.0}",0.0,0.0,165.07604598999023,0.0,0.3242818713188171,0.0,,0.0,0.0,80.0,180.0,-18.435168457031253,13.564831542968747,Leave_One_experiments/all_year_offline_schedule_search/daily_outputs/HLA/HLA_2010_HLA2010_normal_grid_S0030_daily.csv
HLA,HLA,Hailun,2010,Leave_One_experiments\wth_generated_qc\HLA\HLA2010.WTH,normal_year;nitrogen_stress_year;low_response_year,normal,HLA2010_normal_grid_S0030,pareto_balanced,2010-06-06,157,38,33,"{""sim_day"": 38.0, ""doy"": 157.0, ""topwt"": 206.42728805541992, ""grnwt"": 0.0, ""xlai"": 0.3910887241363525, ""totir"": 0.0, ""tofer"": NaN, ""swfac"": 0.0, ""nstres"": 0.0049309730529785}",0.0,0.0049309730529785,206.42728805541992,0.0,0.3910887241363525,0.0,,0.0,0.0,80.0,180.0,-18.435168457031253,13.564831542968747,Leave_One_experiments/all_year_offline_schedule_search/daily_outputs/HLA/HLA_2010_HLA2010_normal_grid_S0030_daily.csv
HLA,HLA,Hailun,2010,Leave_One_experiments\wth_generated_qc\HLA\HLA2010.WTH,normal_year;nitrogen_stress_year;low_response_year,normal,HLA2010_normal_grid_S0030,pareto_balanced,2010-06-07,158,39,34,"{""sim_day"": 39.0, ""doy"": 158.0, ""topwt"": 261.2941360473633, ""grnwt"": 0.0, ""xlai"": 0.4753247797489166, ""totir"": 0.0, ""tofer"": NaN, ""swfac"": 0.0, ""nstres"": 0.0}",0.0,0.0,261.2941360473633,0.0,0.4753247797489166,0.0,,0.0,0.0,80.0,180.0,-18.435168457031253,13.564831542968747,Leave_One_experiments/all_year_offline_schedule_search/daily_outputs/HLA/HLA_2010_HLA2010_normal_grid_S0030_daily.csv
HLA,HLA,Hailun,2010,Leave_One_experiments\wth_generated_qc\HLA\HLA2010.WTH,normal_year;nitrogen_stress_year;low_response_year,normal,HLA2010_normal_grid_S0030,pareto_balanced,2010-06-08,159,40,35,"{""sim_day"": 40.0, ""doy"": 159.0, ""topwt"": 313.31748962402344, ""grnwt"": 0.0, ""xlai"": 0.5516176223754883, ""totir"": 40.0, ""tofer"": NaN, ""swfac"": 0.0, ""nstres"": 0.0}",0.0,0.0,313.31748962402344,0.0,0.5516176223754883,40.0,,40.0,0.0,80.0,180.0,-18.435168457031253,13.564831542968747,Leave_One_experiments/all_year_offline_schedule_search/daily_outputs/HLA/HLA_2010_HLA2010_normal_grid_S0030_daily.csv
HLA,HLA,Hailun,2010,Leave_One_experiments\wth_generated_qc\HLA\HLA2010.WTH,normal_year;nitrogen_stress_year;low_response_year,normal,HLA2010_normal_grid_S0030,pareto_balanced,2010-06-09,160,41,36,"{""sim_day"": 41.0, ""doy"": 160.0, ""topwt"": 386.2583923339844, ""grnwt"": 0.0, ""xlai"": 0.6540691256523132, ""totir"": 40.0, ""tofer"": NaN, ""swfac"": 0.0, ""nstres"": 0.0}",0.0,0.0,386.2583923339844,0.0,0.6540691256523132,40.0,,0.0,0.0,80.0,180.0,-18.435168457031253,13.564831542968747,Leave_One_experiments/all_year_offline_schedule_search/daily_outputs/HLA/HLA_2010_HLA2010_normal_grid_S0030_daily.csv
HLA,HLA,Hailun,2010,Leave_One_experiments\wth_generated_qc\HLA\HLA2010.WTH,normal_year;nitrogen_stress_year;low_response_year,normal,HLA2010_normal_grid_S0030,pareto_balanced,2010-06-10,161,42,37,"{""sim_day"": 42.0, ""doy"": 161.0, ""topwt"": 469.78065490722656, ""grnwt"": 0.0, ""xlai"": 0.7662448287010193, ""totir"": 40.0, ""tofer"": NaN, ""swfac"": 0.0, ""nstres"": 0.0}",0.0,0.0,469.78065490722656,0.0,0.7662448287010193,40.0,,0.0,0.0,80.0,180.0,-18.435168457031253,13.564831542968747,Leave_One_experiments/all_year_offline_schedule_search/daily_outputs/HLA/HLA_2010_HLA2010_normal_grid_S0030_daily.csv
HLA,HLA,Hailun,2010,Leave_One_experiments\wth_generated_qc\HLA\HLA2010.WTH,normal_year;nitrogen_stress_year;low_response_year,normal,HLA2010_normal_grid_S0030,pareto_balanced,2010-06-11,162,43,38,"{""sim_day"": 43.0, ""doy"": 162.0, ""topwt"": 533.5670471191406, ""grnwt"": 0.0, ""xlai"": 0.8489500880241394, ""totir"": 40.0, ""tofer"": NaN, ""swfac"": 0.0, ""nstres"": 0.0}",0.0,0.0,533.5670471191406,0.0,0.8489500880241394,40.0,,0.0,0.0,80.0,180.0,-18.435168457031253,13.564831542968747,Leave_One_experiments/all_year_offline_schedule_search/daily_outputs/HLA/HLA_2010_HLA2010_normal_grid_S0030_daily.csv
HLA,HLA,Hailun,2010,Leave_One_experiments\wth_generated_qc\HLA\HLA2010.WTH,normal_year;nitrogen_stress_year;low_response_year,normal,HLA2010_normal_grid_S0030,pareto_balanced,2010-06-12,163,44,39,"{""sim_day"": 44.0, ""doy"": 163.0, ""topwt"": 607.2718811035156, ""grnwt"": 0.0, ""xlai"": 0.9388530254364014, ""totir"": 40.0, ""tofer"": NaN, ""swfac"": 0.0, ""nstres"": 0.0}",0.0,0.0,607.2718811035156,0.0,0.9388530254364014,40.0,,0.0,0.0,80.0,180.0,-18.435168457031253,13.564831542968747,Leave_One_experiments/all_year_offline_schedule_search/daily_outputs/HLA/HLA_2010_HLA2010_normal_grid_S0030_daily.csv
HLA,HLA,Hailun,2010,Leave_One_experiments\wth_generated_qc\HLA\HLA2010.WTH,normal_year;nitrogen_stress_year;low_response_year,normal,HLA2010_normal_grid_S0030,pareto_balanced,2010-06-13,164,45,40,"{""sim_day"": 45.0, ""doy"": 164.0, ""topwt"": 702.4178314208984, ""grnwt"": 0.0, ""xlai"": 1.0593682527542114, ""totir"": 40.0, ""tofer"": NaN, ""swfac"": 0.0, ""nstres"": 0.0}",0.0,0.0,702.4178314208984,0.0,1.0593682527542114,40.0,,0.0,0.0,80.0,180.0,-18.435168457031253,13.564831542968747,Leave_One_experiments/all_year_offline_schedule_search/daily_outputs/HLA/HLA_2010_HLA2010_normal_grid_S0030_daily.csv
HLA,HLA,Hailun,2010,Leave_One_experiments\wth_generated_qc\HLA\HLA2010.WTH,normal_year;nitrogen_stress_year;low_response_year,normal,HLA2010_normal_grid_S0030,pareto_balanced,2010-06-14,165,46,41,"{""sim_day"": 46.0, ""doy"": 165.0, ""topwt"": 789.24072265625, ""grnwt"": 0.0, ""xlai"": 1.165156364440918, ""totir"": 40.0, ""tofer"": NaN, ""swfac"": 0.0, ""nstres"": 0.0}",0.0,0.0,789.24072265625,0.0,1.165156364440918,40.0,,0.0,0.0,80.0,180.0,-18.435168457031253,13.564831542968747,Leave_One_experiments/all_year_offline_schedule_search/daily_outputs/HLA/HLA_2010_HLA2010_normal_grid_S0030_daily.csv
HLA,HLA,Hailun,2010,Leave_One_experiments\wth_generated_qc\HLA\HLA2010.WTH,normal_year;nitrogen_stress_year;low_response_year,normal,HLA2010_normal_grid_S0030,pareto_balanced,2010-06-15,166,47,42,"{""sim_day"": 47.0, ""doy"": 166.0, ""topwt"": 880.2562713623047, ""grnwt"": 0.0, ""xlai"": 1.2717632055282593, ""totir"": 40.0, ""tofer"": NaN, ""swfac"": 0.0, ""nstres"": 0.0}",0.0,0.0,880.2562713623047,0.0,1.2717632055282593,40.0,,0.0,0.0,80.0,180.0,-18.435168457031253,13.564831542968747,Leave_One_experiments/all_year_offline_schedule_search/daily_outputs/HLA/HLA_2010_HLA2010_normal_grid_S0030_daily.csv
HLA,HLA,Hailun,2010,Leave_One_experiments\wth_generated_qc\HLA\HLA2010.WTH,normal_year;nitrogen_stress_year;low_response_year,normal,HLA2010_normal_grid_S0030,pareto_balanced,2010-06-16,167,48,43,"{""sim_day"": 48.0, ""doy"": 167.0, ""topwt"": 980.6204223632812, ""grnwt"": 0.0, ""xlai"": 1.3842861652374268, ""totir"": 40.0, ""tofer"": NaN, ""swfac"": 0.0, ""nstres"": 0.0}",0.0,0.0,980.6204223632812,0.0,1.3842861652374268,40.0,,0.0,0.0,80.0,180.0,-18.435168457031253,13.564831542968747,Leave_One_experiments/all_year_offline_schedule_search/daily_outputs/HLA/HLA_2010_HLA2010_normal_grid_S0030_daily.csv
HLA,HLA,Hailun,2010,Leave_One_experiments\wth_generated_qc\HLA\HLA2010.WTH,normal_year;nitrogen_stress_year;low_response_year,normal,HLA2010_normal_grid_S0030,pareto_balanced,2010-06-17,168,49,44,"{""sim_day"": 49.0, ""doy"": 168.0, ""topwt"": 1100.8547973632812, ""grnwt"": 0.0, ""xlai"": 1.5122114419937134, ""totir"": 40.0, ""tofer"": NaN, ""swfac"": 0.0, ""nstres"": 0.0}",0.0,0.0,1100.8547973632812,0.0,1.5122114419937134,40.0,,0.0,0.0,80.0,180.0,-18.435168457031253,13.564831542968747,Leave_One_experiments/all_year_offline_schedule_search/daily_outputs/HLA/HLA_2010_HLA2010_normal_grid_S0030_daily.csv
HLA,HLA,Hailun,2010,Leave_One_experiments\wth_generated_qc\HLA\HLA2010.WTH,normal_year;nitrogen_stress_year;low_response_year,normal,HLA2010_normal_grid_S0030,pareto_balanced,2010-06-18,169,50,45,"{""sim_day"": 50.0, ""doy"": 169.0, ""topwt"": 1237.7955627441406, ""grnwt"": 0.0, ""xlai"": 1.6493525505065918, ""totir"": 40.0, ""tofer"": NaN, ""swfac"": 0.0, ""nstres"": 0.0}",0.0,0.0,1237.7955627441406,0.0,1.6493525505065918,40.0,,0.0,0.0,80.0,180.0,-18.435168457031253,13.564831542968747,Leave_One_experiments/all_year_offline_schedule_search/daily_outputs/HLA/HLA_2010_HLA2010_normal_grid_S0030_daily.csv
HLA,HLA,Hailun,2010,Leave_One_experiments\wth_generated_qc\HLA\HLA2010.WTH,normal_year;nitrogen_stress_year;low_response_year,normal,HLA2010_normal_grid_S0030,pareto_balanced,2010-06-19,170,51,46,"{""sim_day"": 51.0, ""doy"": 170.0, ""topwt"": 1320.728759765625, ""grnwt"": 0.0, ""xlai"": 1.7290207147598269, ""totir"": 40.0, ""tofer"": NaN, ""swfac"": 0.0, ""nstres"": 0.0}",0.0,0.0,1320.728759765625,0.0,1.7290207147598269,40.0,,0.0,0.0,80.0,180.0,-18.435168457031253,13.564831542968747,Leave_One_experiments/all_year_offline_schedule_search/daily_outputs/HLA/HLA_2010_HLA2010_normal_grid_S0030_daily.csv
HLA,HLA,Hailun,2010,Leave_One_experiments\wth_generated_qc\HLA\HLA2010.WTH,normal_year;nitrogen_stress_year;low_response_year,normal,HLA2010_normal_grid_S0030,pareto_balanced,2010-06-20,171,52,47,"{""sim_day"": 52.0, ""doy"": 171.0, ""topwt"": 1379.1673278808594, ""grnwt"": 0.0, ""xlai"": 1.7836066484451294, ""totir"": 40.0, ""tofer"": NaN, ""swfac"": 0.0, ""nstres"": 0.0}",0.0,0.0,1379.1673278808594,0.0,1.7836066484451294,40.0,,0.0,0.0,80.0,180.0,-18.435168457031253,13.564831542968747,Leave_One_experiments/all_year_offline_schedule_search/daily_outputs/HLA/HLA_2010_HLA2010_normal_grid_S0030_daily.csv
HLA,HLA,Hailun,2010,Leave_One_experiments\wth_generated_qc\HLA\HLA2010.WTH,normal_year;nitrogen_stress_year;low_response_year,normal,HLA2010_normal_grid_S0030,pareto_balanced,2010-06-21,172,53,48,"{""sim_day"": 53.0, ""doy"": 172.0, ""topwt"": 1463.435516357422, ""grnwt"": 0.0, ""xlai"": 1.8596038818359373, ""totir"": 40.0, ""tofer"": NaN, ""swfac"": 0.0, ""nstres"": 0.0}",0.0,0.0,1463.435516357422,0.0,1.8596038818359373,40.0,,0.0,0.0,80.0,180.0,-18.435168457031253,13.564831542968747,Leave_One_experiments/all_year_offline_schedule_search/daily_outputs/HLA/HLA_2010_HLA2010_normal_grid_S0030_daily.csv
HLA,HLA,Hailun,2010,Leave_One_experiments\wth_generated_qc\HLA\HLA2010.WTH,normal_year;nitrogen_stress_year;low_response_year,normal,HLA2010_normal_grid_S0030,pareto_balanced,2010-06-22,173,54,49,"{""sim_day"": 54.0, ""doy"": 173.0, ""topwt"": 1602.6231384277344, ""grnwt"": 0.0, ""xlai"": 1.978273630142212, ""totir"": 40.0, ""tofer"": NaN, ""swfac"": 0.0, ""nstres"": 0.0}",0.0,0.0,1602.6231384277344,0.0,1.978273630142212,40.0,,0.0,0.0,80.0,180.0,-18.435168457031253,13.564831542968747,Leave_One_experiments/all_year_offline_schedule_search/daily_outputs/HLA/HLA_2010_HLA2010_normal_grid_S0030_daily.csv
HLA,HLA,Hailun,2010,Leave_One_experiments\wth_generated_qc\HLA\HLA2010.WTH,normal_year;nitrogen_stress_year;low_response_year,normal,HLA2010_normal_grid_S0030,pareto_balanced,2010-06-23,174,55,50,"{""sim_day"": 55.0, ""doy"": 174.0, ""topwt"": 1787.673797607422, ""grnwt"": 0.0, ""xlai"": 2.124819755554199, ""totir"": 40.0, ""tofer"": NaN, ""swfac"": 0.0, ""nstres"": 0.0}",0.0,0.0,1787.673797607422,0.0,2.124819755554199,40.0,,0.0,0.0,80.0,180.0,-18.435168457031253,13.564831542968747,Leave_One_experiments/all_year_offline_schedule_search/daily_outputs/HLA/HLA_2010_HLA2010_normal_grid_S0030_daily.csv
HLA,HLA,Hailun,2010,Leave_One_experiments\wth_generated_qc\HLA\HLA2010.WTH,normal_year;nitrogen_stress_year;low_response_year,normal,HLA2010_normal_grid_S0030,pareto_balanced,2010-06-24,175,56,51,"{""sim_day"": 56.0, ""doy"": 175.0, ""topwt"": 1983.1575012207031, ""grnwt"": 0.0, ""xlai"": 2.268272638320923, ""totir"": 40.0, ""tofer"": NaN, ""swfac"": 0.0, ""nstres"": 0.0}",0.0,0.0,1983.1575012207031,0.0,2.268272638320923,40.0,,0.0,0.0,80.0,180.0,-18.435168457031253,13.564831542968747,Leave_One_experiments/all_year_offline_schedule_search/daily_outputs/HLA/HLA_2010_HLA2010_normal_grid_S0030_daily.csv
HLA,HLA,Hailun,2010,Leave_One_experiments\wth_generated_qc\HLA\HLA2010.WTH,normal_year;nitrogen_stress_year;low_response_year,normal,HLA2010_normal_grid_S0030,pareto_balanced,2010-06-25,176,57,52,"{""sim_day"": 57.0, ""doy"": 176.0, ""topwt"": 2204.19921875, ""grnwt"": 0.0, ""xlai"": 2.4179670810699463, ""totir"": 40.0, ""tofer"": NaN, ""swfac"": 0.0, ""nstres"": 0.0}",0.0,0.0,2204.19921875,0.0,2.4179670810699463,40.0,,0.0,0.0,80.0,180.0,-18.435168457031253,13.564831542968747,Leave_One_experiments/all_year_offline_schedule_search/daily_outputs/HLA/HLA_2010_HLA2010_normal_grid_S0030_daily.csv
HLA,HLA,Hailun,2010,Leave_One_experiments\wth_generated_qc\HLA\HLA2010.WTH,normal_year;nitrogen_stress_year;low_response_year,normal,HLA2010_normal_grid_S0030,pareto_balanced,2010-06-26,177,58,53,"{""sim_day"": 58.0, ""doy"": 177.0, ""topwt"": 2440.3228759765625, ""grnwt"": 0.0, ""xlai"": 2.565511465072632, ""totir"": 40.0, ""tofer"": NaN, ""swfac"": 0.0, ""nstres"": 0.0}",0.0,0.0,2440.3228759765625,0.0,2.565511465072632,40.0,,0.0,0.0,80.0,180.0,-18.435168457031253,13.564831542968747,Leave_One_experiments/all_year_offline_schedule_search/daily_outputs/HLA/HLA_2010_HLA2010_normal_grid_S0030_daily.csv
HLA,HLA,Hailun,2010,Leave_One_experiments\wth_generated_qc\HLA\HLA2010.WTH,normal_year;nitrogen_stress_year;low_response_year,normal,HLA2010_normal_grid_S0030,pareto_balanced,2010-06-27,178,59,54,"{""sim_day"": 59.0, ""doy"": 178.0, ""topwt"": 2684.644775390625, ""grnwt"": 0.0, ""xlai"": 2.7067770957946777, ""totir"": 40.0, ""tofer"": NaN, ""swfac"": 0.0, ""nstres"": 0.0}",0.0,0.0,2684.644775390625,0.0,2.7067770957946777,40.0,,0.0,0.0,80.0,180.0,-18.435168457031253,13.564831542968747,Leave_One_experiments/all_year_offline_schedule_search/daily_outputs/HLA/HLA_2010_HLA2010_normal_grid_S0030_daily.csv
HLA,HLA,Hailun,2010,Leave_One_experiments\wth_generated_qc\HLA\HLA2010.WTH,normal_year;nitrogen_stress_year;low_response_year,normal,HLA2010_normal_grid_S0030,pareto_balanced,2010-06-28,179,60,55,"{""sim_day"": 60.0, ""doy"": 179.0, ""topwt"": 2925.2505493164062, ""grnwt"": 0.0, ""xlai"": 2.8362972736358643, ""totir"": 40.0, ""tofer"": NaN, ""swfac"": 0.0, ""nstres"": 0.0}",0.0,0.0,2925.2505493164062,0.0,2.8362972736358643,40.0,,0.0,0.0,80.0,180.0,-18.435168457031253,13.564831542968747,Leave_One_experiments/all_year_offline_schedule_search/daily_outputs/HLA/HLA_2010_HLA2010_normal_grid_S0030_daily.csv
HLA,HLA,Hailun,2010,Leave_One_experiments\wth_generated_qc\HLA\HLA2010.WTH,normal_year;nitrogen_stress_year;low_response_year,normal,HLA2010_normal_grid_S0030,pareto_balanced,2010-06-29,180,61,56,"{""sim_day"": 61.0, ""doy"": 180.0, ""topwt"": 3178.02734375, ""grnwt"": 0.0, ""xlai"": 2.963255882263184, ""totir"": 40.0, ""tofer"": NaN, ""swfac"": 0.0, ""nstres"": 0.0}",0.0,0.0,3178.02734375,0.0,2.963255882263184,40.0,,0.0,0.0,80.0,180.0,-18.435168457031253,13.564831542968747,Leave_One_experiments/all_year_offline_schedule_search/daily_outputs/HLA/HLA_2010_HLA2010_normal_grid_S0030_daily.csv
HLA,HLA,Hailun,2010,Leave_One_experiments\wth_generated_qc\HLA\HLA2010.WTH,normal_year;nitrogen_stress_year;low_response_year,normal,HLA2010_normal_grid_S0030,pareto_balanced,2010-06-30,181,62,57,"{""sim_day"": 62.0, ""doy"": 181.0, ""topwt"": 3452.168273925781, ""grnwt"": 0.0, ""xlai"": 3.0917019844055176, ""totir"": 40.0, ""tofer"": NaN, ""swfac"": 0.0, ""nstres"": 0.0}",0.0,0.0,3452.168273925781,0.0,3.0917019844055176,40.0,,0.0,0.0,80.0,180.0,-18.435168457031253,13.564831542968747,Leave_One_experiments/all_year_offline_schedule_search/daily_outputs/HLA/HLA_2010_HLA2010_normal_grid_S0030_daily.csv
HLA,HLA,Hailun,2010,Leave_One_experiments\wth_generated_qc\HLA\HLA2010.WTH,normal_year;nitrogen_stress_year;low_response_year,normal,HLA2010_normal_grid_S0030,pareto_balanced,2010-07-01,182,63,58,"{""sim_day"": 63.0, ""doy"": 182.0, ""topwt"": 3727.191162109375, ""grnwt"": 0.0, ""xlai"": 3.212414264678955, ""totir"": 40.0, ""tofer"": NaN, ""swfac"": 0.0, ""nstres"": 0.0}",0.0,0.0,3727.191162109375,0.0,3.212414264678955,40.0,,0.0,0.0,80.0,180.0,-18.435168457031253,13.564831542968747,Leave_One_experiments/all_year_offline_schedule_search/daily_outputs/HLA/HLA_2010_HLA2010_normal_grid_S0030_daily.csv
HLA,HLA,Hailun,2010,Leave_One_experiments\wth_generated_qc\HLA\HLA2010.WTH,normal_year;nitrogen_stress_year;low_response_year,normal,HLA2010_normal_grid_S0030,pareto_balanced,2010-07-02,183,64,59,"{""sim_day"": 64.0, ""doy"": 183.0, ""topwt"": 4032.8271484375, ""grnwt"": 0.0, ""xlai"": 3.337930679321289, ""totir"": 40.0, ""tofer"": NaN, ""swfac"": 0.0, ""nstres"": 0.0}",0.0,0.0,4032.8271484375,0.0,3.337930679321289,40.0,,0.0,0.0,80.0,180.0,-18.435168457031253,13.564831542968747,Leave_One_experiments/all_year_offline_schedule_search/daily_outputs/HLA/HLA_2010_HLA2010_normal_grid_S0030_daily.csv
HLA,HLA,Hailun,2010,Leave_One_experiments\wth_generated_qc\HLA\HLA2010.WTH,normal_year;nitrogen_stress_year;low_response_year,normal,HLA2010_normal_grid_S0030,pareto_balanced,2010-07-03,184,65,60,"{""sim_day"": 65.0, ""doy"": 184.0, ""topwt"": 4203.124694824219, ""grnwt"": 0.0, ""xlai"": 3.39945387840271, ""totir"": 40.0, ""tofer"": NaN, ""swfac"": 0.0, ""nstres"": 0.0111080408096313}",0.0,0.0111080408096313,4203.124694824219,0.0,3.39945387840271,40.0,,0.0,50.0,80.0,180.0,-18.435168457031253,13.564831542968747,Leave_One_experiments/all_year_offline_schedule_search/daily_outputs/HLA/HLA_2010_HLA2010_normal_grid_S0030_daily.csv
HLA,HLA,Hailun,2010,Leave_One_experiments\wth_generated_qc\HLA\HLA2010.WTH,normal_year;nitrogen_stress_year;low_response_year,normal,HLA2010_normal_grid_S0030,pareto_balanced,2010-07-04,185,66,61,"{""sim_day"": 66.0, ""doy"": 185.0, ""topwt"": 4425.630493164063, ""grnwt"": 0.0, ""xlai"": 3.482465505599976, ""totir"": 40.0, ""tofer"": NaN, ""swfac"": 0.0, ""nstres"": 0.0}",0.0,0.0,4425.630493164063,0.0,3.482465505599976,40.0,,0.0,0.0,80.0,180.0,-18.435168457031253,13.564831542968747,Leave_One_experiments/all_year_offline_schedule_search/daily_outputs/HLA/HLA_2010_HLA2010_normal_grid_S0030_daily.csv
HLA,HLA,Hailun,2010,Leave_One_experiments\wth_generated_qc\HLA\HLA2010.WTH,normal_year;nitrogen_stress_year;low_response_year,normal,HLA2010_normal_grid_S0030,pareto_balanced,2010-07-05,186,67,62,"{""sim_day"": 67.0, ""doy"": 186.0, ""topwt"": 4622.688293457031, ""grnwt"": 0.0, ""xlai"": 3.553248643875122, ""totir"": 40.0, ""tofer"": NaN, ""swfac"": 0.0, ""nstres"": 0.0}",0.0,0.0,4622.688293457031,0.0,3.553248643875122,40.0,,0.0,0.0,80.0,180.0,-18.435168457031253,13.564831542968747,Leave_One_experiments/all_year_offline_schedule_search/daily_outputs/HLA/HLA_2010_HLA2010_normal_grid_S0030_daily.csv
HLA,HLA,Hailun,2010,Leave_One_experiments\wth_generated_qc\HLA\HLA2010.WTH,normal_year;nitrogen_stress_year;low_response_year,normal,HLA2010_normal_grid_S0030,pareto_balanced,2010-07-06,187,68,63,"{""sim_day"": 68.0, ""doy"": 187.0, ""topwt"": 4875.260620117188, ""grnwt"": 0.0, ""xlai"": 3.69513201713562, ""totir"": 40.0, ""tofer"": NaN, ""swfac"": 0.0, ""nstres"": 0.0}",0.0,0.0,4875.260620117188,0.0,3.69513201713562,40.0,,0.0,0.0,80.0,180.0,-18.435168457031253,13.564831542968747,Leave_One_experiments/all_year_offline_schedule_search/daily_outputs/HLA/HLA_2010_HLA2010_normal_grid_S0030_daily.csv
HLA,HLA,Hailun,2010,Leave_One_experiments\wth_generated_qc\HLA\HLA2010.WTH,normal_year;nitrogen_stress_year;low_response_year,normal,HLA2010_normal_grid_S0030,pareto_balanced,2010-07-07,188,69,64,"{""sim_day"": 69.0, ""doy"": 188.0, ""topwt"": 5160.53955078125, ""grnwt"": 0.0, ""xlai"": 3.824079990386963, ""totir"": 40.0, ""tofer"": NaN, ""swfac"": 0.0, ""nstres"": 0.0}",0.0,0.0,5160.53955078125,0.0,3.824079990386963,40.0,,0.0,0.0,80.0,180.0,-18.435168457031253,13.564831542968747,Leave_One_experiments/all_year_offline_schedule_search/daily_outputs/HLA/HLA_2010_HLA2010_normal_grid_S0030_daily.csv
HLA,HLA,Hailun,2010,Leave_One_experiments\wth_generated_qc\HLA\HLA2010.WTH,normal_year;nitrogen_stress_year;low_response_year,normal,HLA2010_normal_grid_S0030,pareto_balanced,2010-07-08,189,70,65,"{""sim_day"": 70.0, ""doy"": 189.0, ""topwt"": 5457.2076416015625, ""grnwt"": 0.0, ""xlai"": 3.939523696899414, ""totir"": 80.0, ""tofer"": NaN, ""swfac"": 0.0, ""nstres"": 0.0}",0.0,0.0,5457.2076416015625,0.0,3.939523696899414,80.0,,40.0,0.0,80.0,180.0,-18.435168457031253,13.564831542968747,Leave_One_experiments/all_year_offline_schedule_search/daily_outputs/HLA/HLA_2010_HLA2010_normal_grid_S0030_daily.csv
HLA,HLA,Hailun,2010,Leave_One_experiments\wth_generated_qc\HLA\HLA2010.WTH,normal_year;nitrogen_stress_year;low_response_year,normal,HLA2010_normal_grid_S0030,pareto_balanced,2010-07-09,190,71,66,"{""sim_day"": 71.0, ""doy"": 190.0, ""topwt"": 5728.2220458984375, ""grnwt"": 0.0, ""xlai"": 4.034524440765381, ""totir"": 80.0, ""tofer"": NaN, ""swfac"": 0.0, ""nstres"": 0.0}",0.0,0.0,5728.2220458984375,0.0,4.034524440765381,80.0,,0.0,0.0,80.0,180.0,-18.435168457031253,13.564831542968747,Leave_One_experiments/all_year_offline_schedule_search/daily_outputs/HLA/HLA_2010_HLA2010_normal_grid_S0030_daily.csv
HLA,HLA,Hailun,2010,Leave_One_experiments\wth_generated_qc\HLA\HLA2010.WTH,normal_year;nitrogen_stress_year;low_response_year,normal,HLA2010_normal_grid_S0030,pareto_balanced,2010-07-10,191,72,67,"{""sim_day"": 72.0, ""doy"": 191.0, ""topwt"": 6002.88330078125, ""grnwt"": 0.0, ""xlai"": 4.121673107147217, ""totir"": 80.0, ""tofer"": NaN, ""swfac"": 0.0, ""nstres"": 0.0}",0.0,0.0,6002.88330078125,0.0,4.121673107147217,80.0,,0.0,0.0,80.0,180.0,-18.435168457031253,13.564831542968747,Leave_One_experiments/all_year_offline_schedule_search/daily_outputs/HLA/HLA_2010_HLA2010_normal_grid_S0030_daily.csv
HLA,HLA,Hailun,2010,Leave_One_experiments\wth_generated_qc\HLA\HLA2010.WTH,normal_year;nitrogen_stress_year;low_response_year,normal,HLA2010_normal_grid_S0030,pareto_balanced,2010-07-11,192,73,68,"{""sim_day"": 73.0, ""doy"": 192.0, ""topwt"": 6265.6573486328125, ""grnwt"": 0.0, ""xlai"": 4.196280956268311, ""totir"": 80.0, ""tofer"": NaN, ""swfac"": 0.0, ""nstres"": 0.0}",0.0,0.0,6265.6573486328125,0.0,4.196280956268311,80.0,,0.0,0.0,80.0,180.0,-18.435168457031253,13.564831542968747,Leave_One_experiments/all_year_offline_schedule_search/daily_outputs/HLA/HLA_2010_HLA2010_normal_grid_S0030_daily.csv
HLA,HLA,Hailun,2010,Leave_One_experiments\wth_generated_qc\HLA\HLA2010.WTH,normal_year;nitrogen_stress_year;low_response_year,normal,HLA2010_normal_grid_S0030,pareto_balanced,2010-07-12,193,74,69,"{""sim_day"": 74.0, ""doy"": 193.0, ""topwt"": 6527.3382568359375, ""grnwt"": 0.0, ""xlai"": 4.263175487518311, ""totir"": 80.0, ""tofer"": NaN, ""swfac"": 0.0, ""nstres"": 0.0086005330085754}",0.0,0.0086005330085754,6527.3382568359375,0.0,4.263175487518311,80.0,,0.0,0.0,80.0,180.0,-18.435168457031253,13.564831542968747,Leave_One_experiments/all_year_offline_schedule_search/daily_outputs/HLA/HLA_2010_HLA2010_normal_grid_S0030_daily.csv
HLA,HLA,Hailun,2010,Leave_One_experiments\wth_generated_qc\HLA\HLA2010.WTH,normal_year;nitrogen_stress_year;low_response_year,normal,HLA2010_normal_grid_S0030,pareto_balanced,2010-07-13,194,75,70,"{""sim_day"": 75.0, ""doy"": 194.0, ""topwt"": 6749.0655517578125, ""grnwt"": 0.0, ""xlai"": 4.311293601989746, ""totir"": 80.0, ""tofer"": NaN, ""swfac"": 0.0, ""nstres"": 0.0207319259643554}",0.0,0.0207319259643554,6749.0655517578125,0.0,4.311293601989746,80.0,,0.0,0.0,80.0,180.0,-18.435168457031253,13.564831542968747,Leave_One_experiments/all_year_offline_schedule_search/daily_outputs/HLA/HLA_2010_HLA2010_normal_grid_S0030_daily.csv
HLA,HLA,Hailun,2010,Leave_One_experiments\wth_generated_qc\HLA\HLA2010.WTH,normal_year;nitrogen_stress_year;low_response_year,normal,HLA2010_normal_grid_S0030,pareto_balanced,2010-07-14,195,76,71,"{""sim_day"": 76.0, ""doy"": 195.0, ""topwt"": 6986.92138671875, ""grnwt"": 0.0, ""xlai"": 4.355471134185791, ""totir"": 80.0, ""tofer"": NaN, ""swfac"": 0.0, ""nstres"": 0.0301017761230468}",0.0,0.0301017761230468,6986.92138671875,0.0,4.355471134185791,80.0,,0.0,0.0,80.0,180.0,-18.435168457031253,13.564831542968747,Leave_One_experiments/all_year_offline_schedule_search/daily_outputs/HLA/HLA_2010_HLA2010_normal_grid_S0030_daily.csv
HLA,HLA,Hailun,2010,Leave_One_experiments\wth_generated_qc\HLA\HLA2010.WTH,normal_year;nitrogen_stress_year;low_response_year,normal,HLA2010_normal_grid_S0030,pareto_balanced,2010-07-15,196,77,72,"{""sim_day"": 77.0, ""doy"": 196.0, ""topwt"": 7055.213623046875, ""grnwt"": 0.0, ""xlai"": 4.352025032043457, ""totir"": 80.0, ""tofer"": NaN, ""swfac"": 0.0, ""nstres"": 0.0363554954528808}",0.0,0.0363554954528808,7055.213623046875,0.0,4.352025032043457,80.0,,0.0,0.0,80.0,180.0,-18.435168457031253,13.564831542968747,Leave_One_experiments/all_year_offline_schedule_search/daily_outputs/HLA/HLA_2010_HLA2010_normal_grid_S0030_daily.csv
HLA,HLA,Hailun,2010,Leave_One_experiments\wth_generated_qc\HLA\HLA2010.WTH,normal_year;nitrogen_stress_year;low_response_year,normal,HLA2010_normal_grid_S0030,pareto_balanced,2010-07-16,197,78,73,"{""sim_day"": 78.0, ""doy"": 197.0, ""topwt"": 7286.138916015625, ""grnwt"": 0.0, ""xlai"": 4.382781505584717, ""totir"": 80.0, ""tofer"": NaN, ""swfac"": 0.0, ""nstres"": 0.0427868366241455}",0.0,0.0427868366241455,7286.138916015625,0.0,4.382781505584717,80.0,,0.0,0.0,80.0,180.0,-18.435168457031253,13.564831542968747,Leave_One_experiments/all_year_offline_schedule_search/daily_outputs/HLA/HLA_2010_HLA2010_normal_grid_S0030_daily.csv
HLA,HLA,Hailun,2010,Leave_One_experiments\wth_generated_qc\HLA\HLA2010.WTH,normal_year;nitrogen_stress_year;low_response_year,normal,HLA2010_normal_grid_S0030,pareto_balanced,2010-07-17,198,79,74,"{""sim_day"": 79.0, ""doy"": 198.0, ""topwt"": 7506.7047119140625, ""grnwt"": 0.0, ""xlai"": 4.411610126495361, ""totir"": 80.0, ""tofer"": NaN, ""swfac"": 0.0, ""nstres"": 0.0414828658103942}",0.0,0.0414828658103942,7506.7047119140625,0.0,4.411610126495361,80.0,,0.0,0.0,80.0,180.0,-18.435168457031253,13.564831542968747,Leave_One_experiments/all_year_offline_schedule_search/daily_outputs/HLA/HLA_2010_HLA2010_normal_grid_S0030_daily.csv
HLA,HLA,Hailun,2010,Leave_One_experiments\wth_generated_qc\HLA\HLA2010.WTH,normal_year;nitrogen_stress_year;low_response_year,normal,HLA2010_normal_grid_S0030,pareto_balanced,2010-07-18,199,80,75,"{""sim_day"": 80.0, ""doy"": 199.0, ""topwt"": 7699.17236328125, ""grnwt"": 0.0, ""xlai"": 4.430958271026611, ""totir"": 80.0, ""tofer"": NaN, ""swfac"": 0.0, ""nstres"": 0.0462779998779296}",0.0,0.0462779998779296,7699.17236328125,0.0,4.430958271026611,80.0,,0.0,0.0,80.0,180.0,-18.435168457031253,13.564831542968747,Leave_One_experiments/all_year_offline_schedule_search/daily_outputs/HLA/HLA_2010_HLA2010_normal_grid_S0030_daily.csv
HLA,HLA,Hailun,2010,Leave_One_experiments\wth_generated_qc\HLA\HLA2010.WTH,normal_year;nitrogen_stress_year;low_response_year,normal,HLA2010_normal_grid_S0030,pareto_balanced,2010-07-19,200,81,76,"{""sim_day"": 81.0, ""doy"": 200.0, ""topwt"": 7873.399658203125, ""grnwt"": 0.0, ""xlai"": 4.444003105163574, ""totir"": 80.0, ""tofer"": NaN, ""swfac"": 0.0, ""nstres"": 0.0496183633804321}",0.0,0.0496183633804321,7873.399658203125,0.0,4.444003105163574,80.0,,0.0,0.0,80.0,180.0,-18.435168457031253,13.564831542968747,Leave_One_experiments/all_year_offline_schedule_search/daily_outputs/HLA/HLA_2010_HLA2010_normal_grid_S0030_daily.csv
HLA,HLA,Hailun,2010,Leave_One_experiments\wth_generated_qc\HLA\HLA2010.WTH,normal_year;nitrogen_stress_year;low_response_year,normal,HLA2010_normal_grid_S0030,pareto_balanced,2010-07-20,201,82,77,"{""sim_day"": 82.0, ""doy"": 201.0, ""topwt"": 8079.830322265625, ""grnwt"": 0.0, ""xlai"": 4.464727401733398, ""totir"": 80.0, ""tofer"": NaN, ""swfac"": 0.0, ""nstres"": 0.0492292046546936}",0.0,0.0492292046546936,8079.830322265625,0.0,4.464727401733398,80.0,,0.0,0.0,80.0,180.0,-18.435168457031253,13.564831542968747,Leave_One_experiments/all_year_offline_schedule_search/daily_outputs/HLA/HLA_2010_HLA2010_normal_grid_S0030_daily.csv
HLA,HLA,Hailun,2010,Leave_One_experiments\wth_generated_qc\HLA\HLA2010.WTH,normal_year;nitrogen_stress_year;low_response_year,normal,HLA2010_normal_grid_S0030,pareto_balanced,2010-07-21,202,83,78,"{""sim_day"": 83.0, ""doy"": 202.0, ""topwt"": 8286.300659179688, ""grnwt"": 0.0, ""xlai"": 4.484538555145264, ""totir"": 80.0, ""tofer"": NaN, ""swfac"": 0.0, ""nstres"": 0.0505719184875488}",0.0,0.0505719184875488,8286.300659179688,0.0,4.484538555145264,80.0,,0.0,0.0,80.0,180.0,-18.435168457031253,13.564831542968747,Leave_One_experiments/all_year_offline_schedule_search/daily_outputs/HLA/HLA_2010_HLA2010_normal_grid_S0030_daily.csv
HLA,HLA,Hailun,2010,Leave_One_experiments\wth_generated_qc\HLA\HLA2010.WTH,normal_year;nitrogen_stress_year;low_response_year,normal,HLA2010_normal_grid_S0030,pareto_balanced,2010-07-22,203,84,79,"{""sim_day"": 84.0, ""doy"": 203.0, ""topwt"": 8731.047973632812, ""grnwt"": 0.0, ""xlai"": 4.45459508895874, ""totir"": 80.0, ""tofer"": NaN, ""swfac"": 0.0, ""nstres"": 0.05341637134552}",0.0,0.05341637134552,8731.047973632812,0.0,4.45459508895874,80.0,,0.0,0.0,80.0,180.0,-18.435168457031253,13.564831542968747,Leave_One_experiments/all_year_offline_schedule_search/daily_outputs/HLA/HLA_2010_HLA2010_normal_grid_S0030_daily.csv
HLA,HLA,Hailun,2010,Leave_One_experiments\wth_generated_qc\HLA\HLA2010.WTH,normal_year;nitrogen_stress_year;low_response_year,normal,HLA2010_normal_grid_S0030,pareto_balanced,2010-07-23,204,85,80,"{""sim_day"": 85.0, ""doy"": 204.0, ""topwt"": 9132.933959960938, ""grnwt"": 0.0, ""xlai"": 4.427035808563232, ""totir"": 80.0, ""tofer"": NaN, ""swfac"": 0.0, ""nstres"": 0.0494931936264038}",0.0,0.0494931936264038,9132.933959960938,0.0,4.427035808563232,80.0,,0.0,0.0,80.0,180.0,-18.435168457031253,13.564831542968747,Leave_One_experiments/all_year_offline_schedule_search/daily_outputs/HLA/HLA_2010_HLA2010_normal_grid_S0030_daily.csv
HLA,HLA,Hailun,2010,Leave_One_experiments\wth_generated_qc\HLA\HLA2010.WTH,normal_year;nitrogen_stress_year;low_response_year,normal,HLA2010_normal_grid_S0030,pareto_balanced,2010-07-24,205,86,81,"{""sim_day"": 86.0, ""doy"": 205.0, ""topwt"": 9536.300659179688, ""grnwt"": 0.0, ""xlai"": 4.399337291717529, ""totir"": 80.0, ""tofer"": NaN, ""swfac"": 0.0, ""nstres"": 0.0500538349151611}",0.0,0.0500538349151611,9536.300659179688,0.0,4.399337291717529,80.0,,0.0,0.0,80.0,180.0,-18.435168457031253,13.564831542968747,Leave_One_experiments/all_year_offline_schedule_search/daily_outputs/HLA/HLA_2010_HLA2010_normal_grid_S0030_daily.csv
HLA,HLA,Hailun,2010,Leave_One_experiments\wth_generated_qc\HLA\HLA2010.WTH,normal_year;nitrogen_stress_year;low_response_year,normal,HLA2010_normal_grid_S0030,pareto_balanced,2010-07-25,206,87,82,"{""sim_day"": 87.0, ""doy"": 206.0, ""topwt"": 9788.522338867188, ""grnwt"": 0.0, ""xlai"": 4.372509956359863, ""totir"": 80.0, ""tofer"": NaN, ""swfac"": 0.0, ""nstres"": 0.0487836599349975}",0.0,0.0487836599349975,9788.522338867188,0.0,4.372509956359863,80.0,,0.0,0.0,80.0,180.0,-18.435168457031253,13.564831542968747,Leave_One_experiments/all_year_offline_schedule_search/daily_outputs/HLA/HLA_2010_HLA2010_normal_grid_S0030_daily.csv
HLA,HLA,Hailun,2010,Leave_One_experiments\wth_generated_qc\HLA\HLA2010.WTH,normal_year;nitrogen_stress_year;low_response_year,normal,HLA2010_normal_grid_S0030,pareto_balanced,2010-07-26,207,88,83,"{""sim_day"": 88.0, ""doy"": 207.0, ""topwt"": 10033.00537109375, ""grnwt"": 0.0, ""xlai"": 4.346294403076172, ""totir"": 80.0, ""tofer"": NaN, ""swfac"": 0.0, ""nstres"": 0.0479649305343627}",0.0,0.0479649305343627,10033.00537109375,0.0,4.346294403076172,80.0,,0.0,0.0,80.0,180.0,-18.435168457031253,13.564831542968747,Leave_One_experiments/all_year_offline_schedule_search/daily_outputs/HLA/HLA_2010_HLA2010_normal_grid_S0030_daily.csv
HLA,HLA,Hailun,2010,Leave_One_experiments\wth_generated_qc\HLA\HLA2010.WTH,normal_year;nitrogen_stress_year;low_response_year,normal,HLA2010_normal_grid_S0030,pareto_balanced,2010-07-27,208,89,84,"{""sim_day"": 89.0, ""doy"": 208.0, ""topwt"": 10412.6123046875, ""grnwt"": 0.0, ""xlai"": 4.321908473968506, ""totir"": 80.0, ""tofer"": NaN, ""swfac"": 0.0, ""nstres"": 0.044885516166687}",0.0,0.044885516166687,10412.6123046875,0.0,4.321908473968506,80.0,,0.0,0.0,80.0,180.0,-18.435168457031253,13.564831542968747,Leave_One_experiments/all_year_offline_schedule_search/daily_outputs/HLA/HLA_2010_HLA2010_normal_grid_S0030_daily.csv
HLA,HLA,Hailun,2010,Leave_One_experiments\wth_generated_qc\HLA\HLA2010.WTH,normal_year;nitrogen_stress_year;low_response_year,normal,HLA2010_normal_grid_S0030,pareto_balanced,2010-07-28,209,90,85,"{""sim_day"": 90.0, ""doy"": 209.0, ""topwt"": 10777.579345703123, ""grnwt"": 0.0, ""xlai"": 4.300600051879883, ""totir"": 80.0, ""tofer"": NaN, ""swfac"": 0.0, ""nstres"": 0.0394423007965087}",0.0,0.0394423007965087,10777.579345703123,0.0,4.300600051879883,80.0,,0.0,0.0,80.0,180.0,-18.435168457031253,13.564831542968747,Leave_One_experiments/all_year_offline_schedule_search/daily_outputs/HLA/HLA_2010_HLA2010_normal_grid_S0030_daily.csv
HLA,HLA,Hailun,2010,Leave_One_experiments\wth_generated_qc\HLA\HLA2010.WTH,normal_year;nitrogen_stress_year;low_response_year,normal,HLA2010_normal_grid_S0030,pareto_balanced,2010-07-29,210,91,86,"{""sim_day"": 91.0, ""doy"": 210.0, ""topwt"": 11067.50244140625, ""grnwt"": 0.0, ""xlai"": 4.282259464263916, ""totir"": 80.0, ""tofer"": NaN, ""swfac"": 0.0, ""nstres"": 0.034116506576538}",0.0,0.034116506576538,11067.50244140625,0.0,4.282259464263916,80.0,,0.0,0.0,80.0,180.0,-18.435168457031253,13.564831542968747,Leave_One_experiments/all_year_offline_schedule_search/daily_outputs/HLA/HLA_2010_HLA2010_normal_grid_S0030_daily.csv
HLA,HLA,Hailun,2010,Leave_One_experiments\wth_generated_qc\HLA\HLA2010.WTH,normal_year;nitrogen_stress_year;low_response_year,normal,HLA2010_normal_grid_S0030,pareto_balanced,2010-07-30,211,92,87,"{""sim_day"": 92.0, ""doy"": 211.0, ""topwt"": 11385.71533203125, ""grnwt"": 0.0, ""xlai"": 4.266848564147949, ""totir"": 80.0, ""tofer"": NaN, ""swfac"": 0.0, ""nstres"": 0.0287905931472778}",0.0,0.0287905931472778,11385.71533203125,0.0,4.266848564147949,80.0,,0.0,0.0,80.0,180.0,-18.435168457031253,13.564831542968747,Leave_One_experiments/all_year_offline_schedule_search/daily_outputs/HLA/HLA_2010_HLA2010_normal_grid_S0030_daily.csv
HLA,HLA,Hailun,2010,Leave_One_experiments\wth_generated_qc\HLA\HLA2010.WTH,normal_year;nitrogen_stress_year;low_response_year,normal,HLA2010_normal_grid_S0030,pareto_balanced,2010-07-31,212,93,88,"{""sim_day"": 93.0, ""doy"": 212.0, ""topwt"": 11712.979736328123, ""grnwt"": 0.0, ""xlai"": 4.254255771636963, ""totir"": 80.0, ""tofer"": NaN, ""swfac"": 0.0, ""nstres"": 0.0236105918884277}",0.0,0.0236105918884277,11712.979736328123,0.0,4.254255771636963,80.0,,0.0,0.0,80.0,180.0,-18.435168457031253,13.564831542968747,Leave_One_experiments/all_year_offline_schedule_search/daily_outputs/HLA/HLA_2010_HLA2010_normal_grid_S0030_daily.csv
HLA,HLA,Hailun,2010,Leave_One_experiments\wth_generated_qc\HLA\HLA2010.WTH,normal_year;nitrogen_stress_year;low_response_year,normal,HLA2010_normal_grid_S0030,pareto_balanced,2010-08-01,213,94,89,"{""sim_day"": 94.0, ""doy"": 213.0, ""topwt"": 12138.148193359377, ""grnwt"": 0.0, ""xlai"": 4.245602130889893, ""totir"": 80.0, ""tofer"": NaN, ""swfac"": 0.0, ""nstres"": 0.0162303447723388}",0.0,0.0162303447723388,12138.148193359377,0.0,4.245602130889893,80.0,,0.0,0.0,80.0,180.0,-18.435168457031253,13.564831542968747,Leave_One_experiments/all_year_offline_schedule_search/daily_outputs/HLA/HLA_2010_HLA2010_normal_grid_S0030_daily.csv
HLA,HLA,Hailun,2010,Leave_One_experiments\wth_generated_qc\HLA\HLA2010.WTH,normal_year;nitrogen_stress_year;low_response_year,normal,HLA2010_normal_grid_S0030,pareto_balanced,2010-08-02,214,95,90,"{""sim_day"": 95.0, ""doy"": 214.0, ""topwt"": 12316.11083984375, ""grnwt"": 0.0, ""xlai"": 4.237260818481445, ""totir"": 80.0, ""tofer"": NaN, ""swfac"": 0.0, ""nstres"": 0.007045030593872}",0.0,0.007045030593872,12316.11083984375,0.0,4.237260818481445,80.0,,0.0,0.0,80.0,180.0,-18.435168457031253,13.564831542968747,Leave_One_experiments/all_year_offline_schedule_search/daily_outputs/HLA/HLA_2010_HLA2010_normal_grid_S0030_daily.csv
HLA,HLA,Hailun,2010,Leave_One_experiments\wth_generated_qc\HLA\HLA2010.WTH,normal_year;nitrogen_stress_year;low_response_year,normal,HLA2010_normal_grid_S0030,pareto_balanced,2010-08-03,215,96,91,"{""sim_day"": 96.0, ""doy"": 215.0, ""topwt"": 12353.15185546875, ""grnwt"": 0.0, ""xlai"": 4.229218006134033, ""totir"": 80.0, ""tofer"": NaN, ""swfac"": 0.0, ""nstres"": 0.0}",0.0,0.0,12353.15185546875,0.0,4.229218006134033,80.0,,0.0,0.0,80.0,180.0,-18.435168457031253,13.564831542968747,Leave_One_experiments/all_year_offline_schedule_search/daily_outputs/HLA/HLA_2010_HLA2010_normal_grid_S0030_daily.csv
HLA,HLA,Hailun,2010,Leave_One_experiments\wth_generated_qc\HLA\HLA2010.WTH,normal_year;nitrogen_stress_year;low_response_year,normal,HLA2010_normal_grid_S0030,pareto_balanced,2010-08-04,216,97,92,"{""sim_day"": 97.0, ""doy"": 216.0, ""topwt"": 12505.5517578125, ""grnwt"": 173.10977935791016, ""xlai"": 4.207982063293457, ""totir"": 80.0, ""tofer"": NaN, ""swfac"": 0.0, ""nstres"": 0.0}",0.0,0.0,12505.5517578125,173.10977935791016,4.207982063293457,80.0,,0.0,0.0,80.0,180.0,-18.435168457031253,13.564831542968747,Leave_One_experiments/all_year_offline_schedule_search/daily_outputs/HLA/HLA_2010_HLA2010_normal_grid_S0030_daily.csv
HLA,HLA,Hailun,2010,Leave_One_experiments\wth_generated_qc\HLA\HLA2010.WTH,normal_year;nitrogen_stress_year;low_response_year,normal,HLA2010_normal_grid_S0030,pareto_balanced,2010-08-05,217,98,93,"{""sim_day"": 98.0, ""doy"": 217.0, ""topwt"": 12617.22412109375, ""grnwt"": 346.2195587158203, ""xlai"": 4.198670864105225, ""totir"": 80.0, ""tofer"": NaN, ""swfac"": 0.0, ""nstres"": 0.0}",0.0,0.0,12617.22412109375,346.2195587158203,4.198670864105225,80.0,,0.0,0.0,80.0,180.0,-18.435168457031253,13.564831542968747,Leave_One_experiments/all_year_offline_schedule_search/daily_outputs/HLA/HLA_2010_HLA2010_normal_grid_S0030_daily.csv
HLA,HLA,Hailun,2010,Leave_One_experiments\wth_generated_qc\HLA\HLA2010.WTH,normal_year;nitrogen_stress_year;low_response_year,normal,HLA2010_normal_grid_S0030,pareto_balanced,2010-08-06,218,99,94,"{""sim_day"": 99.0, ""doy"": 218.0, ""topwt"": 12872.48291015625, ""grnwt"": 519.3292999267578, ""xlai"": 4.185307502746582, ""totir"": 80.0, ""tofer"": NaN, ""swfac"": 0.0, ""nstres"": 0.0}",0.0,0.0,12872.48291015625,519.3292999267578,4.185307502746582,80.0,,0.0,0.0,80.0,180.0,-18.435168457031253,13.564831542968747,Leave_One_experiments/all_year_offline_schedule_search/daily_outputs/HLA/HLA_2010_HLA2010_normal_grid_S0030_daily.csv
HLA,HLA,Hailun,2010,Leave_One_experiments\wth_generated_qc\HLA\HLA2010.WTH,normal_year;nitrogen_stress_year;low_response_year,normal,HLA2010_normal_grid_S0030,pareto_balanced,2010-08-07,219,100,95,"{""sim_day"": 100.0, ""doy"": 219.0, ""topwt"": 12969.8583984375, ""grnwt"": 692.4391174316406, ""xlai"": 4.173145294189453, ""totir"": 80.0, ""tofer"": NaN, ""swfac"": 0.0, ""nstres"": 0.0}",0.0,0.0,12969.8583984375,692.4391174316406,4.173145294189453,80.0,,0.0,0.0,80.0,180.0,-18.435168457031253,13.564831542968747,Leave_One_experiments/all_year_offline_schedule_search/daily_outputs/HLA/HLA_2010_HLA2010_normal_grid_S0030_daily.csv
HLA,HLA,Hailun,2010,Leave_One_experiments\wth_generated_qc\HLA\HLA2010.WTH,normal_year;nitrogen_stress_year;low_response_year,normal,HLA2010_normal_grid_S0030,pareto_balanced,2010-08-08,220,101,96,"{""sim_day"": 101.0, ""doy"": 220.0, ""topwt"": 13157.196044921877, ""grnwt"": 865.5488586425781, ""xlai"": 4.154653072357178, ""totir"": 80.0, ""tofer"": NaN, ""swfac"": 0.0, ""nstres"": 0.0059484243392944}",0.0,0.0059484243392944,13157.196044921877,865.5488586425781,4.154653072357178,80.0,,0.0,0.0,80.0,180.0,-18.435168457031253,13.564831542968747,Leave_One_experiments/all_year_offline_schedule_search/daily_outputs/HLA/HLA_2010_HLA2010_normal_grid_S0030_daily.csv
HLA,HLA,Hailun,2010,Leave_One_experiments\wth_generated_qc\HLA\HLA2010.WTH,normal_year;nitrogen_stress_year;low_response_year,normal,HLA2010_normal_grid_S0030,pareto_balanced,2010-08-09,221,102,97,"{""sim_day"": 102.0, ""doy"": 221.0, ""topwt"": 13391.810302734377, ""grnwt"": 1038.6587524414062, ""xlai"": 4.136783123016357, ""totir"": 80.0, ""tofer"": NaN, ""swfac"": 0.0, ""nstres"": 0.0048378705978393}",0.0,0.0048378705978393,13391.810302734377,1038.6587524414062,4.136783123016357,80.0,,0.0,0.0,80.0,180.0,-18.435168457031253,13.564831542968747,Leave_One_experiments/all_year_offline_schedule_search/daily_outputs/HLA/HLA_2010_HLA2010_normal_grid_S0030_daily.csv
HLA,HLA,Hailun,2010,Leave_One_experiments\wth_generated_qc\HLA\HLA2010.WTH,normal_year;nitrogen_stress_year;low_response_year,normal,HLA2010_normal_grid_S0030,pareto_balanced,2010-08-10,222,103,98,"{""sim_day"": 103.0, ""doy"": 222.0, ""topwt"": 13564.91943359375, ""grnwt"": 1211.7684936523438, ""xlai"": 4.116236686706543, ""totir"": 80.0, ""tofer"": NaN, ""swfac"": 0.0, ""nstres"": 0.009864866733551}",0.0,0.009864866733551,13564.91943359375,1211.7684936523438,4.116236686706543,80.0,,0.0,0.0,80.0,180.0,-18.435168457031253,13.564831542968747,Leave_One_experiments/all_year_offline_schedule_search/daily_outputs/HLA/HLA_2010_HLA2010_normal_grid_S0030_daily.csv
HLA,HLA,Hailun,2010,Leave_One_experiments\wth_generated_qc\HLA\HLA2010.WTH,normal_year;nitrogen_stress_year;low_response_year,normal,HLA2010_normal_grid_S0030,pareto_balanced,2010-08-11,223,104,99,"{""sim_day"": 104.0, ""doy"": 223.0, ""topwt"": 13738.031005859377, ""grnwt"": 1384.878387451172, ""xlai"": 4.0935797691345215, ""totir"": 80.0, ""tofer"": NaN, ""swfac"": 0.0, ""nstres"": 0.0183391571044921}",0.0,0.0183391571044921,13738.031005859377,1384.878387451172,4.0935797691345215,80.0,,0.0,0.0,80.0,180.0,-18.435168457031253,13.564831542968747,Leave_One_experiments/all_year_offline_schedule_search/daily_outputs/HLA/HLA_2010_HLA2010_normal_grid_S0030_daily.csv
HLA,HLA,Hailun,2010,Leave_One_experiments\wth_generated_qc\HLA\HLA2010.WTH,normal_year;nitrogen_stress_year;low_response_year,normal,HLA2010_normal_grid_S0030,pareto_balanced,2010-08-12,224,105,100,"{""sim_day"": 105.0, ""doy"": 224.0, ""topwt"": 13911.14013671875, ""grnwt"": 1557.9881286621094, ""xlai"": 4.071874618530273, ""totir"": 80.0, ""tofer"": NaN, ""swfac"": 0.0, ""nstres"": 0.0238037109375}",0.0,0.0238037109375,13911.14013671875,1557.9881286621094,4.071874618530273,80.0,,0.0,0.0,80.0,180.0,-18.435168457031253,13.564831542968747,Leave_One_experiments/all_year_offline_schedule_search/daily_outputs/HLA/HLA_2010_HLA2010_normal_grid_S0030_daily.csv
HLA,HLA,Hailun,2010,Leave_One_experiments\wth_generated_qc\HLA\HLA2010.WTH,normal_year;nitrogen_stress_year;low_response_year,normal,HLA2010_normal_grid_S0030,pareto_balanced,2010-08-13,225,106,101,"{""sim_day"": 106.0, ""doy"": 225.0, ""topwt"": 14030.787353515623, ""grnwt"": 1731.0980224609375, ""xlai"": 4.046277046203613, ""totir"": 80.0, ""tofer"": NaN, ""swfac"": 0.0, ""nstres"": 0.0288091301918029}",0.0,0.0288091301918029,14030.787353515623,1731.0980224609375,4.046277046203613,80.0,,0.0,0.0,80.0,180.0,-18.435168457031253,13.564831542968747,Leave_One_experiments/all_year_offline_schedule_search/daily_outputs/HLA/HLA_2010_HLA2010_normal_grid_S0030_daily.csv
HLA,HLA,Hailun,2010,Leave_One_experiments\wth_generated_qc\HLA\HLA2010.WTH,normal_year;nitrogen_stress_year;low_response_year,normal,HLA2010_normal_grid_S0030,pareto_balanced,2010-08-14,226,107,102,"{""sim_day"": 107.0, ""doy"": 226.0, ""topwt"": 14257.36083984375, ""grnwt"": 1904.207763671875, ""xlai"": 4.019516468048096, ""totir"": 80.0, ""tofer"": NaN, ""swfac"": 0.0, ""nstres"": 0.0342049598693847}",0.0,0.0342049598693847,14257.36083984375,1904.207763671875,4.019516468048096,80.0,,0.0,0.0,80.0,180.0,-18.435168457031253,13.564831542968747,Leave_One_experiments/all_year_offline_schedule_search/daily_outputs/HLA/HLA_2010_HLA2010_normal_grid_S0030_daily.csv
HLA,HLA,Hailun,2010,Leave_One_experiments\wth_generated_qc\HLA\HLA2010.WTH,normal_year;nitrogen_stress_year;low_response_year,normal,HLA2010_normal_grid_S0030,pareto_balanced,2010-08-15,227,108,103,"{""sim_day"": 108.0, ""doy"": 227.0, ""topwt"": 14430.469970703123, ""grnwt"": 2077.317657470703, ""xlai"": 3.9911916255950928, ""totir"": 80.0, ""tofer"": NaN, ""swfac"": 0.0, ""nstres"": 0.036391258239746}",0.0,0.036391258239746,14430.469970703123,2077.317657470703,3.9911916255950928,80.0,,0.0,0.0,80.0,180.0,-18.435168457031253,13.564831542968747,Leave_One_experiments/all_year_offline_schedule_search/daily_outputs/HLA/HLA_2010_HLA2010_normal_grid_S0030_daily.csv
HLA,HLA,Hailun,2010,Leave_One_experiments\wth_generated_qc\HLA\HLA2010.WTH,normal_year;nitrogen_stress_year;low_response_year,normal,HLA2010_normal_grid_S0030,pareto_balanced,2010-08-16,228,109,104,"{""sim_day"": 109.0, ""doy"": 228.0, ""topwt"": 14603.5791015625, ""grnwt"": 2250.4273986816406, ""xlai"": 3.9533302783966064, ""totir"": 80.0, ""tofer"": NaN, ""swfac"": 0.0, ""nstres"": 0.0443613529205322}",0.0,0.0443613529205322,14603.5791015625,2250.4273986816406,3.9533302783966064,80.0,,0.0,0.0,80.0,180.0,-18.435168457031253,13.564831542968747,Leave_One_experiments/all_year_offline_schedule_search/daily_outputs/HLA/HLA_2010_HLA2010_normal_grid_S0030_daily.csv
HLA,HLA,Hailun,2010,Leave_One_experiments\wth_generated_qc\HLA\HLA2010.WTH,normal_year;nitrogen_stress_year;low_response_year,normal,HLA2010_normal_grid_S0030,pareto_balanced,2010-08-17,229,110,105,"{""sim_day"": 110.0, ""doy"": 229.0, ""topwt"": 14776.689453125, ""grnwt"": 2423.5372924804688, ""xlai"": 3.906881093978882, ""totir"": 80.0, ""tofer"": NaN, ""swfac"": 0.0, ""nstres"": 0.0478128194808959}",0.0,0.0478128194808959,14776.689453125,2423.5372924804688,3.906881093978882,80.0,,0.0,0.0,80.0,180.0,-18.435168457031253,13.564831542968747,Leave_One_experiments/all_year_offline_schedule_search/daily_outputs/HLA/HLA_2010_HLA2010_normal_grid_S0030_daily.csv
HLA,HLA,Hailun,2010,Leave_One_experiments\wth_generated_qc\HLA\HLA2010.WTH,normal_year;nitrogen_stress_year;low_response_year,normal,HLA2010_normal_grid_S0030,pareto_balanced,2010-08-18,230,111,106,"{""sim_day"": 111.0, ""doy"": 230.0, ""topwt"": 14879.2626953125, ""grnwt"": 2596.6470336914062, ""xlai"": 3.8615505695343018, ""totir"": 80.0, ""tofer"": NaN, ""swfac"": 0.0, ""nstres"": 0.0526681542396545}",0.0,0.0526681542396545,14879.2626953125,2596.6470336914062,3.8615505695343018,80.0,,0.0,0.0,80.0,180.0,-18.435168457031253,13.564831542968747,Leave_One_experiments/all_year_offline_schedule_search/daily_outputs/HLA/HLA_2010_HLA2010_normal_grid_S0030_daily.csv
HLA,HLA,Hailun,2010,Leave_One_experiments\wth_generated_qc\HLA\HLA2010.WTH,normal_year;nitrogen_stress_year;low_response_year,normal,HLA2010_normal_grid_S0030,pareto_balanced,2010-08-19,231,112,107,"{""sim_day"": 112.0, ""doy"": 231.0, ""topwt"": 15099.964599609377, ""grnwt"": 2769.756774902344, ""xlai"": 3.801101922988892, ""totir"": 80.0, ""tofer"": NaN, ""swfac"": 0.0, ""nstres"": 0.0557088255882263}",0.0,0.0557088255882263,15099.964599609377,2769.756774902344,3.801101922988892,80.0,,0.0,0.0,80.0,180.0,-18.435168457031253,13.564831542968747,Leave_One_experiments/all_year_offline_schedule_search/daily_outputs/HLA/HLA_2010_HLA2010_normal_grid_S0030_daily.csv
HLA,HLA,Hailun,2010,Leave_One_experiments\wth_generated_qc\HLA\HLA2010.WTH,normal_year;nitrogen_stress_year;low_response_year,normal,HLA2010_normal_grid_S0030,pareto_balanced,2010-08-20,232,113,108,"{""sim_day"": 113.0, ""doy"": 232.0, ""topwt"": 15296.01806640625, ""grnwt"": 2942.8668212890625, ""xlai"": 3.757194757461548, ""totir"": 80.0, ""tofer"": NaN, ""swfac"": 0.0, ""nstres"": 0.0581248998641967}",0.0,0.0581248998641967,15296.01806640625,2942.8668212890625,3.757194757461548,80.0,,0.0,0.0,80.0,180.0,-18.435168457031253,13.564831542968747,Leave_One_experiments/all_year_offline_schedule_search/daily_outputs/HLA/HLA_2010_HLA2010_normal_grid_S0030_daily.csv
HLA,HLA,Hailun,2010,Leave_One_experiments\wth_generated_qc\HLA\HLA2010.WTH,normal_year;nitrogen_stress_year;low_response_year,normal,HLA2010_normal_grid_S0030,pareto_balanced,2010-08-21,233,114,109,"{""sim_day"": 114.0, ""doy"": 233.0, ""topwt"": 15469.127197265623, ""grnwt"": 3115.9765625, ""xlai"": 3.707505464553833, ""totir"": 80.0, ""tofer"": NaN, ""swfac"": 0.0, ""nstres"": 0.0683763623237609}",0.0,0.0683763623237609,15469.127197265623,3115.9765625,3.707505464553833,80.0,,0.0,0.0,80.0,180.0,-18.435168457031253,13.564831542968747,Leave_One_experiments/all_year_offline_schedule_search/daily_outputs/HLA/HLA_2010_HLA2010_normal_grid_S0030_daily.csv
HLA,HLA,Hailun,2010,Leave_One_experiments\wth_generated_qc\HLA\HLA2010.WTH,normal_year;nitrogen_stress_year;low_response_year,normal,HLA2010_normal_grid_S0030,pareto_balanced,2010-08-22,234,115,110,"{""sim_day"": 115.0, ""doy"": 234.0, ""topwt"": 15642.236328125, ""grnwt"": 3289.086303710937, ""xlai"": 3.656306982040405, ""totir"": 80.0, ""tofer"": NaN, ""swfac"": 0.0, ""nstres"": 0.0772072076797485}",0.0,0.0772072076797485,15642.236328125,3289.086303710937,3.656306982040405,80.0,,0.0,0.0,80.0,180.0,-18.435168457031253,13.564831542968747,Leave_One_experiments/all_year_offline_schedule_search/daily_outputs/HLA/HLA_2010_HLA2010_normal_grid_S0030_daily.csv
HLA,HLA,Hailun,2010,Leave_One_experiments\wth_generated_qc\HLA\HLA2010.WTH,normal_year;nitrogen_stress_year;low_response_year,normal,HLA2010_normal_grid_S0030,pareto_balanced,2010-08-23,235,116,111,"{""sim_day"": 116.0, ""doy"": 235.0, ""topwt"": 15815.345458984377, ""grnwt"": 3462.196044921875, ""xlai"": 3.6018099784851074, ""totir"": 80.0, ""tofer"": NaN, ""swfac"": 0.0, ""nstres"": 0.0846236944198608}",0.0,0.0846236944198608,15815.345458984377,3462.196044921875,3.6018099784851074,80.0,,0.0,0.0,80.0,180.0,-18.435168457031253,13.564831542968747,Leave_One_experiments/all_year_offline_schedule_search/daily_outputs/HLA/HLA_2010_HLA2010_normal_grid_S0030_daily.csv
HLA,HLA,Hailun,2010,Leave_One_experiments\wth_generated_qc\HLA\HLA2010.WTH,normal_year;nitrogen_stress_year;low_response_year,normal,HLA2010_normal_grid_S0030,pareto_balanced,2010-08-24,236,117,112,"{""sim_day"": 117.0, ""doy"": 236.0, ""topwt"": 15988.45458984375, ""grnwt"": 3635.305786132813, ""xlai"": 3.543095588684082, ""totir"": 80.0, ""tofer"": NaN, ""swfac"": 0.0, ""nstres"": 0.092178463935852}",0.0,0.092178463935852,15988.45458984375,3635.305786132813,3.543095588684082,80.0,,0.0,0.0,80.0,180.0,-18.435168457031253,13.564831542968747,Leave_One_experiments/all_year_offline_schedule_search/daily_outputs/HLA/HLA_2010_HLA2010_normal_grid_S0030_daily.csv
HLA,HLA,Hailun,2010,Leave_One_experiments\wth_generated_qc\HLA\HLA2010.WTH,normal_year;nitrogen_stress_year;low_response_year,normal,HLA2010_normal_grid_S0030,pareto_balanced,2010-08-25,237,118,113,"{""sim_day"": 118.0, ""doy"": 237.0, ""topwt"": 16161.56494140625, ""grnwt"": 3808.41552734375, ""xlai"": 3.471256256103516, ""totir"": 80.0, ""tofer"": NaN, ""swfac"": 0.0, ""nstres"": 0.0988616943359375}",0.0,0.0988616943359375,16161.56494140625,3808.41552734375,3.471256256103516,80.0,,0.0,0.0,80.0,180.0,-18.435168457031253,13.564831542968747,Leave_One_experiments/all_year_offline_schedule_search/daily_outputs/HLA/HLA_2010_HLA2010_normal_grid_S0030_daily.csv
HLA,HLA,Hailun,2010,Leave_One_experiments\wth_generated_qc\HLA\HLA2010.WTH,normal_year;nitrogen_stress_year;low_response_year,normal,HLA2010_normal_grid_S0030,pareto_balanced,2010-08-26,238,119,114,"{""sim_day"": 119.0, ""doy"": 238.0, ""topwt"": 16334.674072265623, ""grnwt"": 3981.525268554688, ""xlai"": 3.387035846710205, ""totir"": 80.0, ""tofer"": NaN, ""swfac"": 0.0, ""nstres"": 0.1050680875778198}",0.0,0.1050680875778198,16334.674072265623,3981.525268554688,3.387035846710205,80.0,,0.0,0.0,80.0,180.0,-18.435168457031253,13.564831542968747,Leave_One_experiments/all_year_offline_schedule_search/daily_outputs/HLA/HLA_2010_HLA2010_normal_grid_S0030_daily.csv
HLA,HLA,Hailun,2010,Leave_One_experiments\wth_generated_qc\HLA\HLA2010.WTH,normal_year;nitrogen_stress_year;low_response_year,normal,HLA2010_normal_grid_S0030,pareto_balanced,2010-08-27,239,120,115,"{""sim_day"": 120.0, ""doy"": 239.0, ""topwt"": 16395.068359375, ""grnwt"": 4154.635314941406, ""xlai"": 3.315453052520752, ""totir"": 80.0, ""tofer"": NaN, ""swfac"": 0.0, ""nstres"": 0.1133805513381958}",0.0,0.1133805513381958,16395.068359375,4154.635314941406,3.315453052520752,80.0,,0.0,0.0,80.0,180.0,-18.435168457031253,13.564831542968747,Leave_One_experiments/all_year_offline_schedule_search/daily_outputs/HLA/HLA_2010_HLA2010_normal_grid_S0030_daily.csv
HLA,HLA,Hailun,2010,Leave_One_experiments\wth_generated_qc\HLA\HLA2010.WTH,normal_year;nitrogen_stress_year;low_response_year,normal,HLA2010_normal_grid_S0030,pareto_balanced,2010-08-28,240,121,116,"{""sim_day"": 121.0, ""doy"": 240.0, ""topwt"": 16579.443359375, ""grnwt"": 4327.745056152344, ""xlai"": 3.234090805053711, ""totir"": 80.0, ""tofer"": NaN, ""swfac"": 0.0, ""nstres"": 0.1214122772216796}",0.0,0.1214122772216796,16579.443359375,4327.745056152344,3.234090805053711,80.0,,0.0,0.0,80.0,180.0,-18.435168457031253,13.564831542968747,Leave_One_experiments/all_year_offline_schedule_search/daily_outputs/HLA/HLA_2010_HLA2010_normal_grid_S0030_daily.csv
HLA,HLA,Hailun,2010,Leave_One_experiments\wth_generated_qc\HLA\HLA2010.WTH,normal_year;nitrogen_stress_year;low_response_year,normal,HLA2010_normal_grid_S0030,pareto_balanced,2010-08-29,241,122,117,"{""sim_day"": 122.0, ""doy"": 241.0, ""topwt"": 16732.8515625, ""grnwt"": 4500.854797363281, ""xlai"": 3.168456554412842, ""totir"": 80.0, ""tofer"": NaN, ""swfac"": 0.0, ""nstres"": 0.1239372491836547}",0.0,0.1239372491836547,16732.8515625,4500.854797363281,3.168456554412842,80.0,,0.0,0.0,80.0,180.0,-18.435168457031253,13.564831542968747,Leave_One_experiments/all_year_offline_schedule_search/daily_outputs/HLA/HLA_2010_HLA2010_normal_grid_S0030_daily.csv
HLA,HLA,Hailun,2010,Leave_One_experiments\wth_generated_qc\HLA\HLA2010.WTH,normal_year;nitrogen_stress_year;low_response_year,normal,HLA2010_normal_grid_S0030,pareto_balanced,2010-08-30,242,123,118,"{""sim_day"": 123.0, ""doy"": 242.0, ""topwt"": 16930.584716796875, ""grnwt"": 4668.194274902344, ""xlai"": 3.1144354343414307, ""totir"": 80.0, ""tofer"": NaN, ""swfac"": 0.0, ""nstres"": 0.1363967657089233}",0.0,0.1363967657089233,16930.584716796875,4668.194274902344,3.1144354343414307,80.0,,0.0,0.0,80.0,180.0,-18.435168457031253,13.564831542968747,Leave_One_experiments/all_year_offline_schedule_search/daily_outputs/HLA/HLA_2010_HLA2010_normal_grid_S0030_daily.csv
HLA,HLA,Hailun,2010,Leave_One_experiments\wth_generated_qc\HLA\HLA2010.WTH,normal_year;nitrogen_stress_year;low_response_year,normal,HLA2010_normal_grid_S0030,pareto_balanced,2010-08-31,243,124,119,"{""sim_day"": 124.0, ""doy"": 243.0, ""topwt"": 17182.313232421875, ""grnwt"": 4841.304016113281, ""xlai"": 3.0554394721984863, ""totir"": 80.0, ""tofer"": NaN, ""swfac"": 0.0, ""nstres"": 0.1459399461746215}",0.0,0.1459399461746215,17182.313232421875,4841.304016113281,3.0554394721984863,80.0,,0.0,0.0,80.0,180.0,-18.435168457031253,13.564831542968747,Leave_One_experiments/all_year_offline_schedule_search/daily_outputs/HLA/HLA_2010_HLA2010_normal_grid_S0030_daily.csv
HLA,HLA,Hailun,2010,Leave_One_experiments\wth_generated_qc\HLA\HLA2010.WTH,normal_year;nitrogen_stress_year;low_response_year,normal,HLA2010_normal_grid_S0030,pareto_balanced,2010-09-01,244,125,120,"{""sim_day"": 125.0, ""doy"": 244.0, ""topwt"": 17367.559814453125, ""grnwt"": 5014.413757324219, ""xlai"": 2.973996162414551, ""totir"": 80.0, ""tofer"": NaN, ""swfac"": 0.0, ""nstres"": 0.1579400300979614}",0.0,0.1579400300979614,17367.559814453125,5014.413757324219,2.973996162414551,80.0,,0.0,0.0,80.0,180.0,-18.435168457031253,13.564831542968747,Leave_One_experiments/all_year_offline_schedule_search/daily_outputs/HLA/HLA_2010_HLA2010_normal_grid_S0030_daily.csv
HLA,HLA,Hailun,2010,Leave_One_experiments\wth_generated_qc\HLA\HLA2010.WTH,normal_year;nitrogen_stress_year;low_response_year,normal,HLA2010_normal_grid_S0030,pareto_balanced,2010-09-02,245,126,121,"{""sim_day"": 126.0, ""doy"": 245.0, ""topwt"": 17540.67138671875, ""grnwt"": 5187.5238037109375, ""xlai"": 2.8804736137390137, ""totir"": 80.0, ""tofer"": NaN, ""swfac"": 0.0, ""nstres"": 0.1725994348526001}",0.0,0.1725994348526001,17540.67138671875,5187.5238037109375,2.8804736137390137,80.0,,0.0,0.0,80.0,180.0,-18.435168457031253,13.564831542968747,Leave_One_experiments/all_year_offline_schedule_search/daily_outputs/HLA/HLA_2010_HLA2010_normal_grid_S0030_daily.csv
HLA,HLA,Hailun,2010,Leave_One_experiments\wth_generated_qc\HLA\HLA2010.WTH,normal_year;nitrogen_stress_year;low_response_year,normal,HLA2010_normal_grid_S0030,pareto_balanced,2010-09-03,246,127,122,"{""sim_day"": 127.0, ""doy"": 246.0, ""topwt"": 17713.779296875, ""grnwt"": 5360.633544921875, ""xlai"": 2.7642054557800293, ""totir"": 80.0, ""tofer"": NaN, ""swfac"": 0.0, ""nstres"": 0.1819231510162353}",0.0,0.1819231510162353,17713.779296875,5360.633544921875,2.7642054557800293,80.0,,0.0,0.0,80.0,180.0,-18.435168457031253,13.564831542968747,Leave_One_experiments/all_year_offline_schedule_search/daily_outputs/HLA/HLA_2010_HLA2010_normal_grid_S0030_daily.csv
HLA,HLA,Hailun,2010,Leave_One_experiments\wth_generated_qc\HLA\HLA2010.WTH,normal_year;nitrogen_stress_year;low_response_year,normal,HLA2010_normal_grid_S0030,pareto_balanced,2010-09-04,247,128,123,"{""sim_day"": 128.0, ""doy"": 247.0, ""topwt"": 17883.33740234375, ""grnwt"": 5533.7432861328125, ""xlai"": 2.6582276821136475, ""totir"": 80.0, ""tofer"": NaN, ""swfac"": 0.0, ""nstres"": 0.1915799975395202}",0.0,0.1915799975395202,17883.33740234375,5533.7432861328125,2.6582276821136475,80.0,,0.0,0.0,80.0,180.0,-18.435168457031253,13.564831542968747,Leave_One_experiments/all_year_offline_schedule_search/daily_outputs/HLA/HLA_2010_HLA2010_normal_grid_S0030_daily.csv
HLA,HLA,Hailun,2010,Leave_One_experiments\wth_generated_qc\HLA\HLA2010.WTH,normal_year;nitrogen_stress_year;low_response_year,normal,HLA2010_normal_grid_S0030,pareto_balanced,2010-09-05,248,129,124,"{""sim_day"": 129.0, ""doy"": 248.0, ""topwt"": 18059.99755859375, ""grnwt"": 5706.85302734375, ""xlai"": 2.5729992389678955, ""totir"": 80.0, ""tofer"": NaN, ""swfac"": 0.0, ""nstres"": 0.2079732418060302}",0.0,0.2079732418060302,18059.99755859375,5706.85302734375,2.5729992389678955,80.0,,0.0,0.0,80.0,180.0,-18.435168457031253,13.564831542968747,Leave_One_experiments/all_year_offline_schedule_search/daily_outputs/HLA/HLA_2010_HLA2010_normal_grid_S0030_daily.csv
HLA,HLA,Hailun,2010,Leave_One_experiments\wth_generated_qc\HLA\HLA2010.WTH,normal_year;nitrogen_stress_year;low_response_year,normal,HLA2010_normal_grid_S0030,pareto_balanced,2010-09-06,249,130,125,"{""sim_day"": 130.0, ""doy"": 249.0, ""topwt"": 18156.4453125, ""grnwt"": 5803.3001708984375, ""xlai"": 2.2207555770874023, ""totir"": 80.0, ""tofer"": NaN, ""swfac"": 0.0, ""nstres"": 0.2467492222785949}",0.0,0.2467492222785949,18156.4453125,5803.3001708984375,2.2207555770874023,80.0,,0.0,0.0,80.0,180.0,-18.435168457031253,13.564831542968747,Leave_One_experiments/all_year_offline_schedule_search/daily_outputs/HLA/HLA_2010_HLA2010_normal_grid_S0030_daily.csv
HLA,HLA,Hailun,2010,Leave_One_experiments\wth_generated_qc\HLA\HLA2010.WTH,normal_year;nitrogen_stress_year;low_response_year,normal,HLA2010_normal_grid_S0030,pareto_balanced,2010-09-07,250,131,126,"{""sim_day"": 131.0, ""doy"": 250.0, ""topwt"": 18317.18994140625, ""grnwt"": 5964.044799804688, ""xlai"": 2.1593992710113525, ""totir"": 80.0, ""tofer"": NaN, ""swfac"": 0.0, ""nstres"": 0.2630870938301086}",0.0,0.2630870938301086,18317.18994140625,5964.044799804688,2.1593992710113525,80.0,,0.0,0.0,80.0,180.0,-18.435168457031253,13.564831542968747,Leave_One_experiments/all_year_offline_schedule_search/daily_outputs/HLA/HLA_2010_HLA2010_normal_grid_S0030_daily.csv
HLA,HLA,Hailun,2010,Leave_One_experiments\wth_generated_qc\HLA\HLA2010.WTH,normal_year;nitrogen_stress_year;low_response_year,normal,HLA2010_normal_grid_S0030,pareto_balanced,2010-09-08,251,132,127,"{""sim_day"": 132.0, ""doy"": 251.0, ""topwt"": 18490.2978515625, ""grnwt"": 6137.154541015625, ""xlai"": 2.097137928009033, ""totir"": 80.0, ""tofer"": NaN, ""swfac"": 0.0, ""nstres"": 0.291983425617218}",0.0,0.291983425617218,18490.2978515625,6137.154541015625,2.097137928009033,80.0,,0.0,0.0,80.0,180.0,-18.435168457031253,13.564831542968747,Leave_One_experiments/all_year_offline_schedule_search/daily_outputs/HLA/HLA_2010_HLA2010_normal_grid_S0030_daily.csv
HLA,HLA,Hailun,2010,Leave_One_experiments\wth_generated_qc\HLA\HLA2010.WTH,normal_year;nitrogen_stress_year;low_response_year,normal,HLA2010_normal_grid_S0030,pareto_balanced,2010-09-09,252,133,128,"{""sim_day"": 133.0, ""doy"": 252.0, ""topwt"": 18663.409423828125, ""grnwt"": 6310.264892578125, ""xlai"": 2.034045934677124, ""totir"": 80.0, ""tofer"": NaN, ""swfac"": 0.0, ""nstres"": 0.3220323920249939}",0.0,0.3220323920249939,18663.409423828125,6310.264892578125,2.034045934677124,80.0,,0.0,0.0,80.0,180.0,-18.435168457031253,13.564831542968747,Leave_One_experiments/all_year_offline_schedule_search/daily_outputs/HLA/HLA_2010_HLA2010_normal_grid_S0030_daily.csv
HLA,HLA,Hailun,2010,Leave_One_experiments\wth_generated_qc\HLA\HLA2010.WTH,normal_year;nitrogen_stress_year;low_response_year,normal,HLA2010_normal_grid_S0030,pareto_balanced,2010-09-10,253,134,129,"{""sim_day"": 134.0, ""doy"": 253.0, ""topwt"": 18836.51733398437, ""grnwt"": 6483.3740234375, ""xlai"": 1.970456838607788, ""totir"": 80.0, ""tofer"": NaN, ""swfac"": 0.0, ""nstres"": 0.3503000140190124}",0.0,0.3503000140190124,18836.51733398437,6483.3740234375,1.970456838607788,80.0,,0.0,0.0,80.0,180.0,-18.435168457031253,13.564831542968747,Leave_One_experiments/all_year_offline_schedule_search/daily_outputs/HLA/HLA_2010_HLA2010_normal_grid_S0030_daily.csv
HLA,HLA,Hailun,2010,Leave_One_experiments\wth_generated_qc\HLA\HLA2010.WTH,normal_year;nitrogen_stress_year;low_response_year,normal,HLA2010_normal_grid_S0030,pareto_balanced,2010-09-11,254,135,130,"{""sim_day"": 135.0, ""doy"": 254.0, ""topwt"": 19009.62890625, ""grnwt"": 6656.483154296875, ""xlai"": 1.9029624462127688, ""totir"": 80.0, ""tofer"": NaN, ""swfac"": 0.0, ""nstres"": 0.3792111873626709}",0.0,0.3792111873626709,19009.62890625,6656.483154296875,1.9029624462127688,80.0,,0.0,0.0,80.0,180.0,-18.435168457031253,13.564831542968747,Leave_One_experiments/all_year_offline_schedule_search/daily_outputs/HLA/HLA_2010_HLA2010_normal_grid_S0030_daily.csv
HLA,HLA,Hailun,2010,Leave_One_experiments\wth_generated_qc\HLA\HLA2010.WTH,normal_year;nitrogen_stress_year;low_response_year,normal,HLA2010_normal_grid_S0030,pareto_balanced,2010-09-12,255,136,131,"{""sim_day"": 136.0, ""doy"": 255.0, ""topwt"": 19009.62890625, ""grnwt"": 6656.483154296875, ""xlai"": 1.9029624462127688, ""totir"": 80.0, ""tofer"": NaN, ""swfac"": 0.0, ""nstres"": 0.4096519351005554}",0.0,0.4096519351005554,19009.62890625,6656.483154296875,1.9029624462127688,80.0,,0.0,0.0,80.0,180.0,-18.435168457031253,13.564831542968747,Leave_One_experiments/all_year_offline_schedule_search/daily_outputs/HLA/HLA_2010_HLA2010_normal_grid_S0030_daily.csv
HLA,HLA,Hailun,2010,Leave_One_experiments\wth_generated_qc\HLA\HLA2010.WTH,normal_year;nitrogen_stress_year;low_response_year,normal,HLA2010_normal_grid_S0030,pareto_balanced,2010-09-13,256,137,132,"{""sim_day"": 137.0, ""doy"": 256.0, ""topwt"": 19009.62890625, ""grnwt"": 6656.483154296875, ""xlai"": 1.9029624462127688, ""totir"": 80.0, ""tofer"": NaN, ""swfac"": 0.0, ""nstres"": 0.4096519351005554}",0.0,0.4096519351005554,19009.62890625,6656.483154296875,1.9029624462127688,80.0,,0.0,0.0,80.0,180.0,-18.435168457031253,13.564831542968747,Leave_One_experiments/all_year_offline_schedule_search/daily_outputs/HLA/HLA_2010_HLA2010_normal_grid_S0030_daily.csv
HLA,HLA,Hailun,2010,Leave_One_experiments\wth_generated_qc\HLA\HLA2010.WTH,normal_year;nitrogen_stress_year;low_response_year,normal,HLA2010_normal_grid_S0030,pareto_balanced,2010-09-14,257,138,133,"{""sim_day"": 138.0, ""doy"": 257.0, ""topwt"": 19009.62890625, ""grnwt"": 6656.483154296875, ""xlai"": 1.9029624462127688, ""totir"": 80.0, ""tofer"": NaN, ""swfac"": 0.0, ""nstres"": 0.4096519351005554}",0.0,0.4096519351005554,19009.62890625,6656.483154296875,1.9029624462127688,80.0,,0.0,0.0,80.0,180.0,-18.435168457031253,13.564831542968747,Leave_One_experiments/all_year_offline_schedule_search/daily_outputs/HLA/HLA_2010_HLA2010_normal_grid_S0030_daily.csv
HLA,HLA,Hailun,2010,Leave_One_experiments\wth_generated_qc\HLA\HLA2010.WTH,normal_year;nitrogen_stress_year;low_response_year,normal,HLA2010_normal_grid_S0010,top_profit_low_water,2010-05-05,125,1,1,"{""sim_day"": 1.0, ""doy"": 125.0, ""topwt"": 0.0, ""grnwt"": 0.0, ""xlai"": 0.0, ""totir"": 0.0, ""tofer"": NaN, ""swfac"": 0.0, ""nstres"": 0.0}",0.0,0.0,0.0,0.0,0.0,0.0,,0.0,50.0,0.0,150.0,24.01688842773438,24.01688842773438,Leave_One_experiments/all_year_offline_schedule_search/daily_outputs/HLA/HLA_2010_HLA2010_normal_grid_S0010_daily.csv
HLA,HLA,Hailun,2010,Leave_One_experiments\wth_generated_qc\HLA\HLA2010.WTH,normal_year;nitrogen_stress_year;low_response_year,normal,HLA2010_normal_grid_S0010,top_profit_low_water,2010-05-06,126,2,2,"{""sim_day"": 2.0, ""doy"": 126.0, ""topwt"": 0.0, ""grnwt"": 0.0, ""xlai"": 0.0, ""totir"": 0.0, ""tofer"": NaN, ""swfac"": 0.0, ""nstres"": 0.0}",0.0,0.0,0.0,0.0,0.0,0.0,,0.0,0.0,0.0,150.0,24.01688842773438,24.01688842773438,Leave_One_experiments/all_year_offline_schedule_search/daily_outputs/HLA/HLA_2010_HLA2010_normal_grid_S0010_daily.csv
HLA,HLA,Hailun,2010,Leave_One_experiments\wth_generated_qc\HLA\HLA2010.WTH,normal_year;nitrogen_stress_year;low_response_year,normal,HLA2010_normal_grid_S0010,top_profit_low_water,2010-05-07,127,3,3,"{""sim_day"": 3.0, ""doy"": 127.0, ""topwt"": 0.0, ""grnwt"": 0.0, ""xlai"": 0.0, ""totir"": 0.0, ""tofer"": NaN, ""swfac"": 0.0, ""nstres"": 0.0}",0.0,0.0,0.0,0.0,0.0,0.0,,0.0,0.0,0.0,150.0,24.01688842773438,24.01688842773438,Leave_One_experiments/all_year_offline_schedule_search/daily_outputs/HLA/HLA_2010_HLA2010_normal_grid_S0010_daily.csv
HLA,HLA,Hailun,2010,Leave_One_experiments\wth_generated_qc\HLA\HLA2010.WTH,normal_year;nitrogen_stress_year;low_response_year,normal,HLA2010_normal_grid_S0010,top_profit_low_water,2010-05-08,128,4,4,"{""sim_day"": 4.0, ""doy"": 128.0, ""topwt"": 0.0, ""grnwt"": 0.0, ""xlai"": 0.0, ""totir"": 0.0, ""tofer"": NaN, ""swfac"": 0.0, ""nstres"": 0.0}",0.0,0.0,0.0,0.0,0.0,0.0,,0.0,0.0,0.0,150.0,24.01688842773438,24.01688842773438,Leave_One_experiments/all_year_offline_schedule_search/daily_outputs/HLA/HLA_2010_HLA2010_normal_grid_S0010_daily.csv
HLA,HLA,Hailun,2010,Leave_One_experiments\wth_generated_qc\HLA\HLA2010.WTH,normal_year;nitrogen_stress_year;low_response_year,normal,HLA2010_normal_grid_S0010,top_profit_low_water,2010-05-09,129,5,5,"{""sim_day"": 5.0, ""doy"": 129.0, ""topwt"": 0.0, ""grnwt"": 0.0, ""xlai"": 0.0, ""totir"": 0.0, ""tofer"": NaN, ""swfac"": 0.0, ""nstres"": 0.0}",0.0,0.0,0.0,0.0,0.0,0.0,,0.0,0.0,0.0,150.0,24.01688842773438,24.01688842773438,Leave_One_experiments/all_year_offline_schedule_search/daily_outputs/HLA/HLA_2010_HLA2010_normal_grid_S0010_daily.csv
HLA,HLA,Hailun,2010,Leave_One_experiments\wth_generated_qc\HLA\HLA2010.WTH,normal_year;nitrogen_stress_year;low_response_year,normal,HLA2010_normal_grid_S0010,top_profit_low_water,2010-05-05,125,6,1,"{""sim_day"": 6.0, ""doy"": 125.0, ""topwt"": 0.0, ""grnwt"": 0.0, ""xlai"": 0.0, ""totir"": 0.0, ""tofer"": NaN, ""swfac"": 0.0, ""nstres"": 0.0}",0.0,0.0,0.0,0.0,0.0,0.0,,0.0,0.0,0.0,150.0,24.01688842773438,24.01688842773438,Leave_One_experiments/all_year_offline_schedule_search/daily_outputs/HLA/HLA_2010_HLA2010_normal_grid_S0010_daily.csv
HLA,HLA,Hailun,2010,Leave_One_experiments\wth_generated_qc\HLA\HLA2010.WTH,normal_year;nitrogen_stress_year;low_response_year,normal,HLA2010_normal_grid_S0010,top_profit_low_water,2010-05-06,126,7,2,"{""sim_day"": 7.0, ""doy"": 126.0, ""topwt"": 0.0, ""grnwt"": 0.0, ""xlai"": 0.0, ""totir"": 0.0, ""tofer"": NaN, ""swfac"": 0.0, ""nstres"": 0.0}",0.0,0.0,0.0,0.0,0.0,0.0,,0.0,0.0,0.0,150.0,24.01688842773438,24.01688842773438,Leave_One_experiments/all_year_offline_schedule_search/daily_outputs/HLA/HLA_2010_HLA2010_normal_grid_S0010_daily.csv
HLA,HLA,Hailun,2010,Leave_One_experiments\wth_generated_qc\HLA\HLA2010.WTH,normal_year;nitrogen_stress_year;low_response_year,normal,HLA2010_normal_grid_S0010,top_profit_low_water,2010-05-07,127,8,3,"{""sim_day"": 8.0, ""doy"": 127.0, ""topwt"": 0.0, ""grnwt"": 0.0, ""xlai"": 0.0, ""totir"": 0.0, ""tofer"": NaN, ""swfac"": 0.0, ""nstres"": 0.0}",0.0,0.0,0.0,0.0,0.0,0.0,,0.0,0.0,0.0,150.0,24.01688842773438,24.01688842773438,Leave_One_experiments/all_year_offline_schedule_search/daily_outputs/HLA/HLA_2010_HLA2010_normal_grid_S0010_daily.csv
HLA,HLA,Hailun,2010,Leave_One_experiments\wth_generated_qc\HLA\HLA2010.WTH,normal_year;nitrogen_stress_year;low_response_year,normal,HLA2010_normal_grid_S0010,top_profit_low_water,2010-05-08,128,9,4,"{""sim_day"": 9.0, ""doy"": 128.0, ""topwt"": 0.0, ""grnwt"": 0.0, ""xlai"": 0.0, ""totir"": 0.0, ""tofer"": NaN, ""swfac"": 0.0, ""nstres"": 0.0}",0.0,0.0,0.0,0.0,0.0,0.0,,0.0,0.0,0.0,150.0,24.01688842773438,24.01688842773438,Leave_One_experiments/all_year_offline_schedule_search/daily_outputs/HLA/HLA_2010_HLA2010_normal_grid_S0010_daily.csv
HLA,HLA,Hailun,2010,Leave_One_experiments\wth_generated_qc\HLA\HLA2010.WTH,normal_year;nitrogen_stress_year;low_response_year,normal,HLA2010_normal_grid_S0010,top_profit_low_water,2010-05-09,129,10,5,"{""sim_day"": 10.0, ""doy"": 129.0, ""topwt"": 0.0, ""grnwt"": 0.0, ""xlai"": 0.0, ""totir"": 0.0, ""tofer"": NaN, ""swfac"": 0.0, ""nstres"": 0.0}",0.0,0.0,0.0,0.0,0.0,0.0,,0.0,0.0,0.0,150.0,24.01688842773438,24.01688842773438,Leave_One_experiments/all_year_offline_schedule_search/daily_outputs/HLA/HLA_2010_HLA2010_normal_grid_S0010_daily.csv
HLA,HLA,Hailun,2010,Leave_One_experiments\wth_generated_qc\HLA\HLA2010.WTH,normal_year;nitrogen_stress_year;low_response_year,normal,HLA2010_normal_grid_S0010,top_profit_low_water,2010-05-10,130,11,6,"{""sim_day"": 11.0, ""doy"": 130.0, ""topwt"": 0.0, ""grnwt"": 0.0, ""xlai"": 0.0, ""totir"": 0.0, ""tofer"": NaN, ""swfac"": 0.0, ""nstres"": 0.0}",0.0,0.0,0.0,0.0,0.0,0.0,,0.0,0.0,0.0,150.0,24.01688842773438,24.01688842773438,Leave_One_experiments/all_year_offline_schedule_search/daily_outputs/HLA/HLA_2010_HLA2010_normal_grid_S0010_daily.csv
HLA,HLA,Hailun,2010,Leave_One_experiments\wth_generated_qc\HLA\HLA2010.WTH,normal_year;nitrogen_stress_year;low_response_year,normal,HLA2010_normal_grid_S0010,top_profit_low_water,2010-05-11,131,12,7,"{""sim_day"": 12.0, ""doy"": 131.0, ""topwt"": 0.0, ""grnwt"": 0.0, ""xlai"": 0.0, ""totir"": 0.0, ""tofer"": NaN, ""swfac"": 0.0, ""nstres"": 0.0}",0.0,0.0,0.0,0.0,0.0,0.0,,0.0,0.0,0.0,150.0,24.01688842773438,24.01688842773438,Leave_One_experiments/all_year_offline_schedule_search/daily_outputs/HLA/HLA_2010_HLA2010_normal_grid_S0010_daily.csv
HLA,HLA,Hailun,2010,Leave_One_experiments\wth_generated_qc\HLA\HLA2010.WTH,normal_year;nitrogen_stress_year;low_response_year,normal,HLA2010_normal_grid_S0010,top_profit_low_water,2010-05-12,132,13,8,"{""sim_day"": 13.0, ""doy"": 132.0, ""topwt"": 0.0, ""grnwt"": 0.0, ""xlai"": 0.0, ""totir"": 0.0, ""tofer"": NaN, ""swfac"": 0.0, ""nstres"": 0.0}",0.0,0.0,0.0,0.0,0.0,0.0,,0.0,0.0,0.0,150.0,24.01688842773438,24.01688842773438,Leave_One_experiments/all_year_offline_schedule_search/daily_outputs/HLA/HLA_2010_HLA2010_normal_grid_S0010_daily.csv
HLA,HLA,Hailun,2010,Leave_One_experiments\wth_generated_qc\HLA\HLA2010.WTH,normal_year;nitrogen_stress_year;low_response_year,normal,HLA2010_normal_grid_S0010,top_profit_low_water,2010-05-13,133,14,9,"{""sim_day"": 14.0, ""doy"": 133.0, ""topwt"": 0.0, ""grnwt"": 0.0, ""xlai"": 0.0, ""totir"": 0.0, ""tofer"": NaN, ""swfac"": 0.0, ""nstres"": 0.0}",0.0,0.0,0.0,0.0,0.0,0.0,,0.0,0.0,0.0,150.0,24.01688842773438,24.01688842773438,Leave_One_experiments/all_year_offline_schedule_search/daily_outputs/HLA/HLA_2010_HLA2010_normal_grid_S0010_daily.csv
HLA,HLA,Hailun,2010,Leave_One_experiments\wth_generated_qc\HLA\HLA2010.WTH,normal_year;nitrogen_stress_year;low_response_year,normal,HLA2010_normal_grid_S0010,top_profit_low_water,2010-05-14,134,15,10,"{""sim_day"": 15.0, ""doy"": 134.0, ""topwt"": 0.0, ""grnwt"": 0.0, ""xlai"": 0.0, ""totir"": 0.0, ""tofer"": NaN, ""swfac"": 0.0, ""nstres"": 0.0}",0.0,0.0,0.0,0.0,0.0,0.0,,0.0,0.0,0.0,150.0,24.01688842773438,24.01688842773438,Leave_One_experiments/all_year_offline_schedule_search/daily_outputs/HLA/HLA_2010_HLA2010_normal_grid_S0010_daily.csv
HLA,HLA,Hailun,2010,Leave_One_experiments\wth_generated_qc\HLA\HLA2010.WTH,normal_year;nitrogen_stress_year;low_response_year,normal,HLA2010_normal_grid_S0010,top_profit_low_water,2010-05-15,135,16,11,"{""sim_day"": 16.0, ""doy"": 135.0, ""topwt"": 0.0, ""grnwt"": 0.0, ""xlai"": 0.0, ""totir"": 0.0, ""tofer"": NaN, ""swfac"": 0.0, ""nstres"": 0.0}",0.0,0.0,0.0,0.0,0.0,0.0,,0.0,0.0,0.0,150.0,24.01688842773438,24.01688842773438,Leave_One_experiments/all_year_offline_schedule_search/daily_outputs/HLA/HLA_2010_HLA2010_normal_grid_S0010_daily.csv
HLA,HLA,Hailun,2010,Leave_One_experiments\wth_generated_qc\HLA\HLA2010.WTH,normal_year;nitrogen_stress_year;low_response_year,normal,HLA2010_normal_grid_S0010,top_profit_low_water,2010-05-16,136,17,12,"{""sim_day"": 17.0, ""doy"": 136.0, ""topwt"": 0.0, ""grnwt"": 0.0, ""xlai"": 0.0, ""totir"": 0.0, ""tofer"": NaN, ""swfac"": 0.0, ""nstres"": 0.0}",0.0,0.0,0.0,0.0,0.0,0.0,,0.0,0.0,0.0,150.0,24.01688842773438,24.01688842773438,Leave_One_experiments/all_year_offline_schedule_search/daily_outputs/HLA/HLA_2010_HLA2010_normal_grid_S0010_daily.csv
HLA,HLA,Hailun,2010,Leave_One_experiments\wth_generated_qc\HLA\HLA2010.WTH,normal_year;nitrogen_stress_year;low_response_year,normal,HLA2010_normal_grid_S0010,top_profit_low_water,2010-05-17,137,18,13,"{""sim_day"": 18.0, ""doy"": 137.0, ""topwt"": 0.0, ""grnwt"": 0.0, ""xlai"": 0.0, ""totir"": 0.0, ""tofer"": NaN, ""swfac"": 0.0, ""nstres"": 0.0}",0.0,0.0,0.0,0.0,0.0,0.0,,0.0,0.0,0.0,150.0,24.01688842773438,24.01688842773438,Leave_One_experiments/all_year_offline_schedule_search/daily_outputs/HLA/HLA_2010_HLA2010_normal_grid_S0010_daily.csv
HLA,HLA,Hailun,2010,Leave_One_experiments\wth_generated_qc\HLA\HLA2010.WTH,normal_year;nitrogen_stress_year;low_response_year,normal,HLA2010_normal_grid_S0010,top_profit_low_water,2010-05-18,138,19,14,"{""sim_day"": 19.0, ""doy"": 138.0, ""topwt"": 0.0, ""grnwt"": 0.0, ""xlai"": 0.0, ""totir"": 0.0, ""tofer"": NaN, ""swfac"": 0.0, ""nstres"": 0.0}",0.0,0.0,0.0,0.0,0.0,0.0,,0.0,0.0,0.0,150.0,24.01688842773438,24.01688842773438,Leave_One_experiments/all_year_offline_schedule_search/daily_outputs/HLA/HLA_2010_HLA2010_normal_grid_S0010_daily.csv
HLA,HLA,Hailun,2010,Leave_One_experiments\wth_generated_qc\HLA\HLA2010.WTH,normal_year;nitrogen_stress_year;low_response_year,normal,HLA2010_normal_grid_S0010,top_profit_low_water,2010-05-19,139,20,15,"{""sim_day"": 20.0, ""doy"": 139.0, ""topwt"": 20.0, ""grnwt"": 0.0, ""xlai"": 0.0016260230913758, ""totir"": 0.0, ""tofer"": NaN, ""swfac"": 0.0, ""nstres"": 0.0121910572052001}",0.0,0.0121910572052001,20.0,0.0,0.0016260230913758,0.0,,0.0,0.0,0.0,150.0,24.01688842773438,24.01688842773438,Leave_One_experiments/all_year_offline_schedule_search/daily_outputs/HLA/HLA_2010_HLA2010_normal_grid_S0010_daily.csv
HLA,HLA,Hailun,2010,Leave_One_experiments\wth_generated_qc\HLA\HLA2010.WTH,normal_year;nitrogen_stress_year;low_response_year,normal,HLA2010_normal_grid_S0010,top_profit_low_water,2010-05-20,140,21,16,"{""sim_day"": 21.0, ""doy"": 140.0, ""topwt"": 20.0, ""grnwt"": 0.0, ""xlai"": 0.0036296278703957, ""totir"": 0.0, ""tofer"": NaN, ""swfac"": 0.0, ""nstres"": 0.015815258026123}",0.0,0.015815258026123,20.0,0.0,0.0036296278703957,0.0,,0.0,0.0,0.0,150.0,24.01688842773438,24.01688842773438,Leave_One_experiments/all_year_offline_schedule_search/daily_outputs/HLA/HLA_2010_HLA2010_normal_grid_S0010_daily.csv
HLA,HLA,Hailun,2010,Leave_One_experiments\wth_generated_qc\HLA\HLA2010.WTH,normal_year;nitrogen_stress_year;low_response_year,normal,HLA2010_normal_grid_S0010,top_profit_low_water,2010-05-21,141,22,17,"{""sim_day"": 22.0, ""doy"": 141.0, ""topwt"": 20.0, ""grnwt"": 0.0, ""xlai"": 0.0062292255461215, ""totir"": 0.0, ""tofer"": NaN, ""swfac"": 0.0, ""nstres"": 0.0106118917465209}",0.0,0.0106118917465209,20.0,0.0,0.0062292255461215,0.0,,0.0,0.0,0.0,150.0,24.01688842773438,24.01688842773438,Leave_One_experiments/all_year_offline_schedule_search/daily_outputs/HLA/HLA_2010_HLA2010_normal_grid_S0010_daily.csv
HLA,HLA,Hailun,2010,Leave_One_experiments\wth_generated_qc\HLA\HLA2010.WTH,normal_year;nitrogen_stress_year;low_response_year,normal,HLA2010_normal_grid_S0010,top_profit_low_water,2010-05-22,142,23,18,"{""sim_day"": 23.0, ""doy"": 142.0, ""topwt"": 20.0, ""grnwt"": 0.0, ""xlai"": 0.0099282460287213, ""totir"": 0.0, ""tofer"": NaN, ""swfac"": 0.0, ""nstres"": 0.0041295289993286}",0.0,0.0041295289993286,20.0,0.0,0.0099282460287213,0.0,,0.0,0.0,0.0,150.0,24.01688842773438,24.01688842773438,Leave_One_experiments/all_year_offline_schedule_search/daily_outputs/HLA/HLA_2010_HLA2010_normal_grid_S0010_daily.csv
HLA,HLA,Hailun,2010,Leave_One_experiments\wth_generated_qc\HLA\HLA2010.WTH,normal_year;nitrogen_stress_year;low_response_year,normal,HLA2010_normal_grid_S0010,top_profit_low_water,2010-05-23,143,24,19,"{""sim_day"": 24.0, ""doy"": 143.0, ""topwt"": 20.0, ""grnwt"": 0.0, ""xlai"": 0.0136507470160722, ""totir"": 0.0, ""tofer"": NaN, ""swfac"": 0.0, ""nstres"": 0.0}",0.0,0.0,20.0,0.0,0.0136507470160722,0.0,,0.0,0.0,0.0,150.0,24.01688842773438,24.01688842773438,Leave_One_experiments/all_year_offline_schedule_search/daily_outputs/HLA/HLA_2010_HLA2010_normal_grid_S0010_daily.csv
HLA,HLA,Hailun,2010,Leave_One_experiments\wth_generated_qc\HLA\HLA2010.WTH,normal_year;nitrogen_stress_year;low_response_year,normal,HLA2010_normal_grid_S0010,top_profit_low_water,2010-05-24,144,25,20,"{""sim_day"": 25.0, ""doy"": 144.0, ""topwt"": 20.0, ""grnwt"": 0.0, ""xlai"": 0.024392195045948, ""totir"": 0.0, ""tofer"": NaN, ""swfac"": 0.0, ""nstres"": 0.0}",0.0,0.0,20.0,0.0,0.024392195045948,0.0,,0.0,0.0,0.0,150.0,24.01688842773438,24.01688842773438,Leave_One_experiments/all_year_offline_schedule_search/daily_outputs/HLA/HLA_2010_HLA2010_normal_grid_S0010_daily.csv
HLA,HLA,Hailun,2010,Leave_One_experiments\wth_generated_qc\HLA\HLA2010.WTH,normal_year;nitrogen_stress_year;low_response_year,normal,HLA2010_normal_grid_S0010,top_profit_low_water,2010-05-25,145,26,21,"{""sim_day"": 26.0, ""doy"": 145.0, ""topwt"": 20.000770092010494, ""grnwt"": 0.0, ""xlai"": 0.0343328788876533, ""totir"": 0.0, ""tofer"": NaN, ""swfac"": 0.0, ""nstres"": 0.0}",0.0,0.0,20.000770092010494,0.0,0.0343328788876533,0.0,,0.0,0.0,0.0,150.0,24.01688842773438,24.01688842773438,Leave_One_experiments/all_year_offline_schedule_search/daily_outputs/HLA/HLA_2010_HLA2010_normal_grid_S0010_daily.csv
HLA,HLA,Hailun,2010,Leave_One_experiments\wth_generated_qc\HLA\HLA2010.WTH,normal_year;nitrogen_stress_year;low_response_year,normal,HLA2010_normal_grid_S0010,top_profit_low_water,2010-05-26,146,27,22,"{""sim_day"": 27.0, ""doy"": 146.0, ""topwt"": 24.449524879455566, ""grnwt"": 0.0, ""xlai"": 0.0460404641926288, ""totir"": 0.0, ""tofer"": NaN, ""swfac"": 0.0, ""nstres"": 0.0}",0.0,0.0,24.449524879455566,0.0,0.0460404641926288,0.0,,0.0,0.0,0.0,150.0,24.01688842773438,24.01688842773438,Leave_One_experiments/all_year_offline_schedule_search/daily_outputs/HLA/HLA_2010_HLA2010_normal_grid_S0010_daily.csv
HLA,HLA,Hailun,2010,Leave_One_experiments\wth_generated_qc\HLA\HLA2010.WTH,normal_year;nitrogen_stress_year;low_response_year,normal,HLA2010_normal_grid_S0010,top_profit_low_water,2010-05-27,147,28,23,"{""sim_day"": 28.0, ""doy"": 147.0, ""topwt"": 30.38031816482544, ""grnwt"": 0.0, ""xlai"": 0.0605551786720752, ""totir"": 0.0, ""tofer"": NaN, ""swfac"": 0.0, ""nstres"": 0.0}",0.0,0.0,30.38031816482544,0.0,0.0605551786720752,0.0,,0.0,0.0,0.0,150.0,24.01688842773438,24.01688842773438,Leave_One_experiments/all_year_offline_schedule_search/daily_outputs/HLA/HLA_2010_HLA2010_normal_grid_S0010_daily.csv
HLA,HLA,Hailun,2010,Leave_One_experiments\wth_generated_qc\HLA\HLA2010.WTH,normal_year;nitrogen_stress_year;low_response_year,normal,HLA2010_normal_grid_S0010,top_profit_low_water,2010-05-28,148,29,24,"{""sim_day"": 29.0, ""doy"": 148.0, ""topwt"": 36.19903564453125, ""grnwt"": 0.0, ""xlai"": 0.0739615187048912, ""totir"": 0.0, ""tofer"": NaN, ""swfac"": 0.0, ""nstres"": 0.0}",0.0,0.0,36.19903564453125,0.0,0.0739615187048912,0.0,,0.0,0.0,0.0,150.0,24.01688842773438,24.01688842773438,Leave_One_experiments/all_year_offline_schedule_search/daily_outputs/HLA/HLA_2010_HLA2010_normal_grid_S0010_daily.csv
HLA,HLA,Hailun,2010,Leave_One_experiments\wth_generated_qc\HLA\HLA2010.WTH,normal_year;nitrogen_stress_year;low_response_year,normal,HLA2010_normal_grid_S0010,top_profit_low_water,2010-05-29,149,30,25,"{""sim_day"": 30.0, ""doy"": 149.0, ""topwt"": 43.90178203582764, ""grnwt"": 0.0, ""xlai"": 0.0908004194498062, ""totir"": 0.0, ""tofer"": NaN, ""swfac"": 0.0, ""nstres"": 0.0}",0.0,0.0,43.90178203582764,0.0,0.0908004194498062,0.0,,0.0,0.0,0.0,150.0,24.01688842773438,24.01688842773438,Leave_One_experiments/all_year_offline_schedule_search/daily_outputs/HLA/HLA_2010_HLA2010_normal_grid_S0010_daily.csv
HLA,HLA,Hailun,2010,Leave_One_experiments\wth_generated_qc\HLA\HLA2010.WTH,normal_year;nitrogen_stress_year;low_response_year,normal,HLA2010_normal_grid_S0010,top_profit_low_water,2010-05-30,150,31,26,"{""sim_day"": 31.0, ""doy"": 150.0, ""topwt"": 53.35020065307617, ""grnwt"": 0.0, ""xlai"": 0.1104078814387321, ""totir"": 0.0, ""tofer"": NaN, ""swfac"": 0.0, ""nstres"": 0.0}",0.0,0.0,53.35020065307617,0.0,0.1104078814387321,0.0,,0.0,0.0,0.0,150.0,24.01688842773438,24.01688842773438,Leave_One_experiments/all_year_offline_schedule_search/daily_outputs/HLA/HLA_2010_HLA2010_normal_grid_S0010_daily.csv
HLA,HLA,Hailun,2010,Leave_One_experiments\wth_generated_qc\HLA\HLA2010.WTH,normal_year;nitrogen_stress_year;low_response_year,normal,HLA2010_normal_grid_S0010,top_profit_low_water,2010-05-31,151,32,27,"{""sim_day"": 32.0, ""doy"": 151.0, ""topwt"": 65.44796943664551, ""grnwt"": 0.0, ""xlai"": 0.134263664484024, ""totir"": 0.0, ""tofer"": NaN, ""swfac"": 0.0, ""nstres"": 0.0}",0.0,0.0,65.44796943664551,0.0,0.134263664484024,0.0,,0.0,0.0,0.0,150.0,24.01688842773438,24.01688842773438,Leave_One_experiments/all_year_offline_schedule_search/daily_outputs/HLA/HLA_2010_HLA2010_normal_grid_S0010_daily.csv
HLA,HLA,Hailun,2010,Leave_One_experiments\wth_generated_qc\HLA\HLA2010.WTH,normal_year;nitrogen_stress_year;low_response_year,normal,HLA2010_normal_grid_S0010,top_profit_low_water,2010-06-01,152,33,28,"{""sim_day"": 33.0, ""doy"": 152.0, ""topwt"": 78.04328918457031, ""grnwt"": 0.0, ""xlai"": 0.157968521118164, ""totir"": 0.0, ""tofer"": NaN, ""swfac"": 0.0, ""nstres"": 0.0}",0.0,0.0,78.04328918457031,0.0,0.157968521118164,0.0,,0.0,0.0,0.0,150.0,24.01688842773438,24.01688842773438,Leave_One_experiments/all_year_offline_schedule_search/daily_outputs/HLA/HLA_2010_HLA2010_normal_grid_S0010_daily.csv
HLA,HLA,Hailun,2010,Leave_One_experiments\wth_generated_qc\HLA\HLA2010.WTH,normal_year;nitrogen_stress_year;low_response_year,normal,HLA2010_normal_grid_S0010,top_profit_low_water,2010-06-02,153,34,29,"{""sim_day"": 34.0, ""doy"": 153.0, ""topwt"": 96.18047714233398, ""grnwt"": 0.0, ""xlai"": 0.1905628442764282, ""totir"": 0.0, ""tofer"": NaN, ""swfac"": 0.0, ""nstres"": 0.0}",0.0,0.0,96.18047714233398,0.0,0.1905628442764282,0.0,,0.0,0.0,0.0,150.0,24.01688842773438,24.01688842773438,Leave_One_experiments/all_year_offline_schedule_search/daily_outputs/HLA/HLA_2010_HLA2010_normal_grid_S0010_daily.csv
HLA,HLA,Hailun,2010,Leave_One_experiments\wth_generated_qc\HLA\HLA2010.WTH,normal_year;nitrogen_stress_year;low_response_year,normal,HLA2010_normal_grid_S0010,top_profit_low_water,2010-06-03,154,35,30,"{""sim_day"": 35.0, ""doy"": 154.0, ""topwt"": 122.00984954833984, ""grnwt"": 0.0, ""xlai"": 0.2346143722534179, ""totir"": 0.0, ""tofer"": NaN, ""swfac"": 0.0, ""nstres"": 0.0}",0.0,0.0,122.00984954833984,0.0,0.2346143722534179,0.0,,0.0,50.0,0.0,150.0,24.01688842773438,24.01688842773438,Leave_One_experiments/all_year_offline_schedule_search/daily_outputs/HLA/HLA_2010_HLA2010_normal_grid_S0010_daily.csv
HLA,HLA,Hailun,2010,Leave_One_experiments\wth_generated_qc\HLA\HLA2010.WTH,normal_year;nitrogen_stress_year;low_response_year,normal,HLA2010_normal_grid_S0010,top_profit_low_water,2010-06-04,155,36,31,"{""sim_day"": 36.0, ""doy"": 155.0, ""topwt"": 150.54750442504883, ""grnwt"": 0.0, ""xlai"": 0.2808573842048645, ""totir"": 0.0, ""tofer"": NaN, ""swfac"": 0.0, ""nstres"": 0.0}",0.0,0.0,150.54750442504883,0.0,0.2808573842048645,0.0,,0.0,0.0,0.0,150.0,24.01688842773438,24.01688842773438,Leave_One_experiments/all_year_offline_schedule_search/daily_outputs/HLA/HLA_2010_HLA2010_normal_grid_S0010_daily.csv
HLA,HLA,Hailun,2010,Leave_One_experiments\wth_generated_qc\HLA\HLA2010.WTH,normal_year;nitrogen_stress_year;low_response_year,normal,HLA2010_normal_grid_S0010,top_profit_low_water,2010-06-05,156,37,32,"{""sim_day"": 37.0, ""doy"": 156.0, ""topwt"": 165.08094787597656, ""grnwt"": 0.0, ""xlai"": 0.3242900669574737, ""totir"": 0.0, ""tofer"": NaN, ""swfac"": 0.0, ""nstres"": 0.0}",0.0,0.0,165.08094787597656,0.0,0.3242900669574737,0.0,,0.0,0.0,0.0,150.0,24.01688842773438,24.01688842773438,Leave_One_experiments/all_year_offline_schedule_search/daily_outputs/HLA/HLA_2010_HLA2010_normal_grid_S0010_daily.csv
HLA,HLA,Hailun,2010,Leave_One_experiments\wth_generated_qc\HLA\HLA2010.WTH,normal_year;nitrogen_stress_year;low_response_year,normal,HLA2010_normal_grid_S0010,top_profit_low_water,2010-06-06,157,38,33,"{""sim_day"": 38.0, ""doy"": 157.0, ""topwt"": 206.43104553222656, ""grnwt"": 0.0, ""xlai"": 0.3910947144031524, ""totir"": 0.0, ""tofer"": NaN, ""swfac"": 0.0, ""nstres"": 0.00494384765625}",0.0,0.00494384765625,206.43104553222656,0.0,0.3910947144031524,0.0,,0.0,0.0,0.0,150.0,24.01688842773438,24.01688842773438,Leave_One_experiments/all_year_offline_schedule_search/daily_outputs/HLA/HLA_2010_HLA2010_normal_grid_S0010_daily.csv
HLA,HLA,Hailun,2010,Leave_One_experiments\wth_generated_qc\HLA\HLA2010.WTH,normal_year;nitrogen_stress_year;low_response_year,normal,HLA2010_normal_grid_S0010,top_profit_low_water,2010-06-07,158,39,34,"{""sim_day"": 39.0, ""doy"": 158.0, ""topwt"": 261.2980842590332, ""grnwt"": 0.0, ""xlai"": 0.4753307998180389, ""totir"": 0.0, ""tofer"": NaN, ""swfac"": 0.0, ""nstres"": 0.0}",0.0,0.0,261.2980842590332,0.0,0.4753307998180389,0.0,,0.0,0.0,0.0,150.0,24.01688842773438,24.01688842773438,Leave_One_experiments/all_year_offline_schedule_search/daily_outputs/HLA/HLA_2010_HLA2010_normal_grid_S0010_daily.csv
HLA,HLA,Hailun,2010,Leave_One_experiments\wth_generated_qc\HLA\HLA2010.WTH,normal_year;nitrogen_stress_year;low_response_year,normal,HLA2010_normal_grid_S0010,top_profit_low_water,2010-06-08,159,40,35,"{""sim_day"": 40.0, ""doy"": 159.0, ""topwt"": 313.3216094970703, ""grnwt"": 0.0, ""xlai"": 0.5516235828399658, ""totir"": 0.0, ""tofer"": NaN, ""swfac"": 0.0, ""nstres"": 0.0}",0.0,0.0,313.3216094970703,0.0,0.5516235828399658,0.0,,0.0,0.0,0.0,150.0,24.01688842773438,24.01688842773438,Leave_One_experiments/all_year_offline_schedule_search/daily_outputs/HLA/HLA_2010_HLA2010_normal_grid_S0010_daily.csv
HLA,HLA,Hailun,2010,Leave_One_experiments\wth_generated_qc\HLA\HLA2010.WTH,normal_year;nitrogen_stress_year;low_response_year,normal,HLA2010_normal_grid_S0010,top_profit_low_water,2010-06-09,160,41,36,"{""sim_day"": 41.0, ""doy"": 160.0, ""topwt"": 386.2626647949219, ""grnwt"": 0.0, ""xlai"": 0.6540751457214355, ""totir"": 0.0, ""tofer"": NaN, ""swfac"": 0.0, ""nstres"": 0.0}",0.0,0.0,386.2626647949219,0.0,0.6540751457214355,0.0,,0.0,0.0,0.0,150.0,24.01688842773438,24.01688842773438,Leave_One_experiments/all_year_offline_schedule_search/daily_outputs/HLA/HLA_2010_HLA2010_normal_grid_S0010_daily.csv
HLA,HLA,Hailun,2010,Leave_One_experiments\wth_generated_qc\HLA\HLA2010.WTH,normal_year;nitrogen_stress_year;low_response_year,normal,HLA2010_normal_grid_S0010,top_profit_low_water,2010-06-10,161,42,37,"{""sim_day"": 42.0, ""doy"": 161.0, ""topwt"": 472.3827362060547, ""grnwt"": 0.0, ""xlai"": 0.7697051763534546, ""totir"": 0.0, ""tofer"": NaN, ""swfac"": 0.0, ""nstres"": 0.0}",0.0,0.0,472.3827362060547,0.0,0.7697051763534546,0.0,,0.0,0.0,0.0,150.0,24.01688842773438,24.01688842773438,Leave_One_experiments/all_year_offline_schedule_search/daily_outputs/HLA/HLA_2010_HLA2010_normal_grid_S0010_daily.csv
HLA,HLA,Hailun,2010,Leave_One_experiments\wth_generated_qc\HLA\HLA2010.WTH,normal_year;nitrogen_stress_year;low_response_year,normal,HLA2010_normal_grid_S0010,top_profit_low_water,2010-06-11,162,43,38,"{""sim_day"": 43.0, ""doy"": 162.0, ""topwt"": 537.2871780395508, ""grnwt"": 0.0, ""xlai"": 0.8537625670433044, ""totir"": 0.0, ""tofer"": NaN, ""swfac"": 0.0, ""nstres"": 0.0}",0.0,0.0,537.2871780395508,0.0,0.8537625670433044,0.0,,0.0,0.0,0.0,150.0,24.01688842773438,24.01688842773438,Leave_One_experiments/all_year_offline_schedule_search/daily_outputs/HLA/HLA_2010_HLA2010_normal_grid_S0010_daily.csv
HLA,HLA,Hailun,2010,Leave_One_experiments\wth_generated_qc\HLA\HLA2010.WTH,normal_year;nitrogen_stress_year;low_response_year,normal,HLA2010_normal_grid_S0010,top_profit_low_water,2010-06-12,163,44,39,"{""sim_day"": 44.0, ""doy"": 163.0, ""topwt"": 611.8616104125977, ""grnwt"": 0.0, ""xlai"": 0.9446341395378112, ""totir"": 0.0, ""tofer"": NaN, ""swfac"": 0.0, ""nstres"": 0.0}",0.0,0.0,611.8616104125977,0.0,0.9446341395378112,0.0,,0.0,0.0,0.0,150.0,24.01688842773438,24.01688842773438,Leave_One_experiments/all_year_offline_schedule_search/daily_outputs/HLA/HLA_2010_HLA2010_normal_grid_S0010_daily.csv
HLA,HLA,Hailun,2010,Leave_One_experiments\wth_generated_qc\HLA\HLA2010.WTH,normal_year;nitrogen_stress_year;low_response_year,normal,HLA2010_normal_grid_S0010,top_profit_low_water,2010-06-13,164,45,40,"{""sim_day"": 45.0, ""doy"": 164.0, ""topwt"": 707.1526336669922, ""grnwt"": 0.0, ""xlai"": 1.0651590824127195, ""totir"": 0.0, ""tofer"": NaN, ""swfac"": 0.0, ""nstres"": 0.0}",0.0,0.0,707.1526336669922,0.0,1.0651590824127195,0.0,,0.0,0.0,0.0,150.0,24.01688842773438,24.01688842773438,Leave_One_experiments/all_year_offline_schedule_search/daily_outputs/HLA/HLA_2010_HLA2010_normal_grid_S0010_daily.csv
HLA,HLA,Hailun,2010,Leave_One_experiments\wth_generated_qc\HLA\HLA2010.WTH,normal_year;nitrogen_stress_year;low_response_year,normal,HLA2010_normal_grid_S0010,top_profit_low_water,2010-06-14,165,46,41,"{""sim_day"": 46.0, ""doy"": 165.0, ""topwt"": 794.0933990478516, ""grnwt"": 0.0, ""xlai"": 1.170952558517456, ""totir"": 0.0, ""tofer"": NaN, ""swfac"": 0.0, ""nstres"": 0.0}",0.0,0.0,794.0933990478516,0.0,1.170952558517456,0.0,,0.0,0.0,0.0,150.0,24.01688842773438,24.01688842773438,Leave_One_experiments/all_year_offline_schedule_search/daily_outputs/HLA/HLA_2010_HLA2010_normal_grid_S0010_daily.csv
HLA,HLA,Hailun,2010,Leave_One_experiments\wth_generated_qc\HLA\HLA2010.WTH,normal_year;nitrogen_stress_year;low_response_year,normal,HLA2010_normal_grid_S0010,top_profit_low_water,2010-06-15,166,47,42,"{""sim_day"": 47.0, ""doy"": 166.0, ""topwt"": 885.2215576171875, ""grnwt"": 0.0, ""xlai"": 1.277564287185669, ""totir"": 0.0, ""tofer"": NaN, ""swfac"": 0.0, ""nstres"": 0.0}",0.0,0.0,885.2215576171875,0.0,1.277564287185669,0.0,,0.0,0.0,0.0,150.0,24.01688842773438,24.01688842773438,Leave_One_experiments/all_year_offline_schedule_search/daily_outputs/HLA/HLA_2010_HLA2010_normal_grid_S0010_daily.csv
HLA,HLA,Hailun,2010,Leave_One_experiments\wth_generated_qc\HLA\HLA2010.WTH,normal_year;nitrogen_stress_year;low_response_year,normal,HLA2010_normal_grid_S0010,top_profit_low_water,2010-06-16,167,48,43,"{""sim_day"": 48.0, ""doy"": 167.0, ""topwt"": 985.6999206542968, ""grnwt"": 0.0, ""xlai"": 1.3900914192199707, ""totir"": 0.0, ""tofer"": NaN, ""swfac"": 0.0, ""nstres"": 0.0}",0.0,0.0,985.6999206542968,0.0,1.3900914192199707,0.0,,0.0,0.0,0.0,150.0,24.01688842773438,24.01688842773438,Leave_One_experiments/all_year_offline_schedule_search/daily_outputs/HLA/HLA_2010_HLA2010_normal_grid_S0010_daily.csv
HLA,HLA,Hailun,2010,Leave_One_experiments\wth_generated_qc\HLA\HLA2010.WTH,normal_year;nitrogen_stress_year;low_response_year,normal,HLA2010_normal_grid_S0010,top_profit_low_water,2010-06-17,168,49,44,"{""sim_day"": 49.0, ""doy"": 168.0, ""topwt"": 1106.0604858398438, ""grnwt"": 0.0, ""xlai"": 1.5180214643478394, ""totir"": 0.0, ""tofer"": NaN, ""swfac"": 0.0, ""nstres"": 0.0}",0.0,0.0,1106.0604858398438,0.0,1.5180214643478394,0.0,,0.0,0.0,0.0,150.0,24.01688842773438,24.01688842773438,Leave_One_experiments/all_year_offline_schedule_search/daily_outputs/HLA/HLA_2010_HLA2010_normal_grid_S0010_daily.csv
HLA,HLA,Hailun,2010,Leave_One_experiments\wth_generated_qc\HLA\HLA2010.WTH,normal_year;nitrogen_stress_year;low_response_year,normal,HLA2010_normal_grid_S0010,top_profit_low_water,2010-06-18,169,50,45,"{""sim_day"": 50.0, ""doy"": 169.0, ""topwt"": 1243.1331634521484, ""grnwt"": 0.0, ""xlai"": 1.6551673412322998, ""totir"": 0.0, ""tofer"": NaN, ""swfac"": 0.0, ""nstres"": 0.0}",0.0,0.0,1243.1331634521484,0.0,1.6551673412322998,0.0,,0.0,0.0,0.0,150.0,24.01688842773438,24.01688842773438,Leave_One_experiments/all_year_offline_schedule_search/daily_outputs/HLA/HLA_2010_HLA2010_normal_grid_S0010_daily.csv
HLA,HLA,Hailun,2010,Leave_One_experiments\wth_generated_qc\HLA\HLA2010.WTH,normal_year;nitrogen_stress_year;low_response_year,normal,HLA2010_normal_grid_S0010,top_profit_low_water,2010-06-19,170,51,46,"{""sim_day"": 51.0, ""doy"": 170.0, ""topwt"": 1326.1395263671875, ""grnwt"": 0.0, ""xlai"": 1.7348361015319824, ""totir"": 0.0, ""tofer"": NaN, ""swfac"": 0.0, ""nstres"": 0.0}",0.0,0.0,1326.1395263671875,0.0,1.7348361015319824,0.0,,0.0,0.0,0.0,150.0,24.01688842773438,24.01688842773438,Leave_One_experiments/all_year_offline_schedule_search/daily_outputs/HLA/HLA_2010_HLA2010_normal_grid_S0010_daily.csv
HLA,HLA,Hailun,2010,Leave_One_experiments\wth_generated_qc\HLA\HLA2010.WTH,normal_year;nitrogen_stress_year;low_response_year,normal,HLA2010_normal_grid_S0010,top_profit_low_water,2010-06-20,171,52,47,"{""sim_day"": 52.0, ""doy"": 171.0, ""topwt"": 1384.626922607422, ""grnwt"": 0.0, ""xlai"": 1.789421796798706, ""totir"": 0.0, ""tofer"": NaN, ""swfac"": 0.0, ""nstres"": 0.0}",0.0,0.0,1384.626922607422,0.0,1.789421796798706,0.0,,0.0,0.0,0.0,150.0,24.01688842773438,24.01688842773438,Leave_One_experiments/all_year_offline_schedule_search/daily_outputs/HLA/HLA_2010_HLA2010_normal_grid_S0010_daily.csv
HLA,HLA,Hailun,2010,Leave_One_experiments\wth_generated_qc\HLA\HLA2010.WTH,normal_year;nitrogen_stress_year;low_response_year,normal,HLA2010_normal_grid_S0010,top_profit_low_water,2010-06-21,172,53,48,"{""sim_day"": 53.0, ""doy"": 172.0, ""topwt"": 1468.9637756347656, ""grnwt"": 0.0, ""xlai"": 1.865419626235962, ""totir"": 0.0, ""tofer"": NaN, ""swfac"": 0.0, ""nstres"": 0.0}",0.0,0.0,1468.9637756347656,0.0,1.865419626235962,0.0,,0.0,0.0,0.0,150.0,24.01688842773438,24.01688842773438,Leave_One_experiments/all_year_offline_schedule_search/daily_outputs/HLA/HLA_2010_HLA2010_normal_grid_S0010_daily.csv
HLA,HLA,Hailun,2010,Leave_One_experiments\wth_generated_qc\HLA\HLA2010.WTH,normal_year;nitrogen_stress_year;low_response_year,normal,HLA2010_normal_grid_S0010,top_profit_low_water,2010-06-22,173,54,49,"{""sim_day"": 54.0, ""doy"": 173.0, ""topwt"": 1608.2609558105469, ""grnwt"": 0.0, ""xlai"": 1.984091520309448, ""totir"": 0.0, ""tofer"": NaN, ""swfac"": 0.0, ""nstres"": 0.0}",0.0,0.0,1608.2609558105469,0.0,1.984091520309448,0.0,,0.0,0.0,0.0,150.0,24.01688842773438,24.01688842773438,Leave_One_experiments/all_year_offline_schedule_search/daily_outputs/HLA/HLA_2010_HLA2010_normal_grid_S0010_daily.csv
HLA,HLA,Hailun,2010,Leave_One_experiments\wth_generated_qc\HLA\HLA2010.WTH,normal_year;nitrogen_stress_year;low_response_year,normal,HLA2010_normal_grid_S0010,top_profit_low_water,2010-06-23,174,55,50,"{""sim_day"": 55.0, ""doy"": 174.0, ""topwt"": 1793.4486389160156, ""grnwt"": 0.0, ""xlai"": 2.1306405067443848, ""totir"": 0.0, ""tofer"": NaN, ""swfac"": 0.0, ""nstres"": 0.0}",0.0,0.0,1793.4486389160156,0.0,2.1306405067443848,0.0,,0.0,0.0,0.0,150.0,24.01688842773438,24.01688842773438,Leave_One_experiments/all_year_offline_schedule_search/daily_outputs/HLA/HLA_2010_HLA2010_normal_grid_S0010_daily.csv
HLA,HLA,Hailun,2010,Leave_One_experiments\wth_generated_qc\HLA\HLA2010.WTH,normal_year;nitrogen_stress_year;low_response_year,normal,HLA2010_normal_grid_S0010,top_profit_low_water,2010-06-24,175,56,51,"{""sim_day"": 56.0, ""doy"": 175.0, ""topwt"": 1989.0673828125, ""grnwt"": 0.0, ""xlai"": 2.2740957736968994, ""totir"": 0.0, ""tofer"": NaN, ""swfac"": 0.0, ""nstres"": 0.0}",0.0,0.0,1989.0673828125,0.0,2.2740957736968994,0.0,,0.0,0.0,0.0,150.0,24.01688842773438,24.01688842773438,Leave_One_experiments/all_year_offline_schedule_search/daily_outputs/HLA/HLA_2010_HLA2010_normal_grid_S0010_daily.csv
HLA,HLA,Hailun,2010,Leave_One_experiments\wth_generated_qc\HLA\HLA2010.WTH,normal_year;nitrogen_stress_year;low_response_year,normal,HLA2010_normal_grid_S0010,top_profit_low_water,2010-06-25,176,57,52,"{""sim_day"": 57.0, ""doy"": 176.0, ""topwt"": 2210.2525329589844, ""grnwt"": 0.0, ""xlai"": 2.423792600631714, ""totir"": 0.0, ""tofer"": NaN, ""swfac"": 0.0, ""nstres"": 0.0}",0.0,0.0,2210.2525329589844,0.0,2.423792600631714,0.0,,0.0,0.0,0.0,150.0,24.01688842773438,24.01688842773438,Leave_One_experiments/all_year_offline_schedule_search/daily_outputs/HLA/HLA_2010_HLA2010_normal_grid_S0010_daily.csv
HLA,HLA,Hailun,2010,Leave_One_experiments\wth_generated_qc\HLA\HLA2010.WTH,normal_year;nitrogen_stress_year;low_response_year,normal,HLA2010_normal_grid_S0010,top_profit_low_water,2010-06-26,177,58,53,"{""sim_day"": 58.0, ""doy"": 177.0, ""topwt"": 2446.520233154297, ""grnwt"": 0.0, ""xlai"": 2.571338653564453, ""totir"": 0.0, ""tofer"": NaN, ""swfac"": 0.0, ""nstres"": 0.0}",0.0,0.0,2446.520233154297,0.0,2.571338653564453,0.0,,0.0,0.0,0.0,150.0,24.01688842773438,24.01688842773438,Leave_One_experiments/all_year_offline_schedule_search/daily_outputs/HLA/HLA_2010_HLA2010_normal_grid_S0010_daily.csv
HLA,HLA,Hailun,2010,Leave_One_experiments\wth_generated_qc\HLA\HLA2010.WTH,normal_year;nitrogen_stress_year;low_response_year,normal,HLA2010_normal_grid_S0010,top_profit_low_water,2010-06-27,178,59,54,"{""sim_day"": 59.0, ""doy"": 178.0, ""topwt"": 2690.982360839844, ""grnwt"": 0.0, ""xlai"": 2.7126054763793945, ""totir"": 0.0, ""tofer"": NaN, ""swfac"": 0.0, ""nstres"": 0.0}",0.0,0.0,2690.982360839844,0.0,2.7126054763793945,0.0,,0.0,0.0,0.0,150.0,24.01688842773438,24.01688842773438,Leave_One_experiments/all_year_offline_schedule_search/daily_outputs/HLA/HLA_2010_HLA2010_normal_grid_S0010_daily.csv
HLA,HLA,Hailun,2010,Leave_One_experiments\wth_generated_qc\HLA\HLA2010.WTH,normal_year;nitrogen_stress_year;low_response_year,normal,HLA2010_normal_grid_S0010,top_profit_low_water,2010-06-28,179,60,55,"{""sim_day"": 60.0, ""doy"": 179.0, ""topwt"": 2925.509033203125, ""grnwt"": 0.0, ""xlai"": 2.83514404296875, ""totir"": 0.0, ""tofer"": NaN, ""swfac"": 0.0, ""nstres"": 0.010298728942871}",0.0,0.010298728942871,2925.509033203125,0.0,2.83514404296875,0.0,,0.0,0.0,0.0,150.0,24.01688842773438,24.01688842773438,Leave_One_experiments/all_year_offline_schedule_search/daily_outputs/HLA/HLA_2010_HLA2010_normal_grid_S0010_daily.csv
HLA,HLA,Hailun,2010,Leave_One_experiments\wth_generated_qc\HLA\HLA2010.WTH,normal_year;nitrogen_stress_year;low_response_year,normal,HLA2010_normal_grid_S0010,top_profit_low_water,2010-06-29,180,61,56,"{""sim_day"": 61.0, ""doy"": 180.0, ""topwt"": 3157.862548828125, ""grnwt"": 0.0, ""xlai"": 2.939915895462036, ""totir"": 0.0, ""tofer"": NaN, ""swfac"": 0.0, ""nstres"": 0.0323423147201538}",0.0,0.0323423147201538,3157.862548828125,0.0,2.939915895462036,0.0,,0.0,0.0,0.0,150.0,24.01688842773438,24.01688842773438,Leave_One_experiments/all_year_offline_schedule_search/daily_outputs/HLA/HLA_2010_HLA2010_normal_grid_S0010_daily.csv
HLA,HLA,Hailun,2010,Leave_One_experiments\wth_generated_qc\HLA\HLA2010.WTH,normal_year;nitrogen_stress_year;low_response_year,normal,HLA2010_normal_grid_S0010,top_profit_low_water,2010-06-30,181,62,57,"{""sim_day"": 62.0, ""doy"": 181.0, ""topwt"": 3392.304992675781, ""grnwt"": 0.0, ""xlai"": 3.027915477752685, ""totir"": 0.0, ""tofer"": NaN, ""swfac"": 0.0, ""nstres"": 0.0576045513153076}",0.0,0.0576045513153076,3392.304992675781,0.0,3.027915477752685,0.0,,0.0,0.0,0.0,150.0,24.01688842773438,24.01688842773438,Leave_One_experiments/all_year_offline_schedule_search/daily_outputs/HLA/HLA_2010_HLA2010_normal_grid_S0010_daily.csv
HLA,HLA,Hailun,2010,Leave_One_experiments\wth_generated_qc\HLA\HLA2010.WTH,normal_year;nitrogen_stress_year;low_response_year,normal,HLA2010_normal_grid_S0010,top_profit_low_water,2010-07-01,182,63,58,"{""sim_day"": 63.0, ""doy"": 182.0, ""topwt"": 3608.448486328125, ""grnwt"": 0.0, ""xlai"": 3.08990740776062, ""totir"": 0.0, ""tofer"": NaN, ""swfac"": 0.0, ""nstres"": 0.0848206281661987}",0.0,0.0848206281661987,3608.448486328125,0.0,3.08990740776062,0.0,,0.0,0.0,0.0,150.0,24.01688842773438,24.01688842773438,Leave_One_experiments/all_year_offline_schedule_search/daily_outputs/HLA/HLA_2010_HLA2010_normal_grid_S0010_daily.csv
HLA,HLA,Hailun,2010,Leave_One_experiments\wth_generated_qc\HLA\HLA2010.WTH,normal_year;nitrogen_stress_year;low_response_year,normal,HLA2010_normal_grid_S0010,top_profit_low_water,2010-07-02,183,64,59,"{""sim_day"": 64.0, ""doy"": 183.0, ""topwt"": 3830.04150390625, ""grnwt"": 0.0, ""xlai"": 3.138108968734741, ""totir"": 0.0, ""tofer"": NaN, ""swfac"": 0.0, ""nstres"": 0.1086407899856567}",0.0,0.1086407899856567,3830.04150390625,0.0,3.138108968734741,0.0,,0.0,0.0,0.0,150.0,24.01688842773438,24.01688842773438,Leave_One_experiments/all_year_offline_schedule_search/daily_outputs/HLA/HLA_2010_HLA2010_normal_grid_S0010_daily.csv
HLA,HLA,Hailun,2010,Leave_One_experiments\wth_generated_qc\HLA\HLA2010.WTH,normal_year;nitrogen_stress_year;low_response_year,normal,HLA2010_normal_grid_S0010,top_profit_low_water,2010-07-03,184,65,60,"{""sim_day"": 65.0, ""doy"": 184.0, ""topwt"": 3977.730712890625, ""grnwt"": 0.0, ""xlai"": 3.144587755203247, ""totir"": 0.0, ""tofer"": NaN, ""swfac"": 0.0, ""nstres"": 0.1284835934638977}",0.0,0.1284835934638977,3977.730712890625,0.0,3.144587755203247,0.0,,0.0,50.0,0.0,150.0,24.01688842773438,24.01688842773438,Leave_One_experiments/all_year_offline_schedule_search/daily_outputs/HLA/HLA_2010_HLA2010_normal_grid_S0010_daily.csv
HLA,HLA,Hailun,2010,Leave_One_experiments\wth_generated_qc\HLA\HLA2010.WTH,normal_year;nitrogen_stress_year;low_response_year,normal,HLA2010_normal_grid_S0010,top_profit_low_water,2010-07-04,185,66,61,"{""sim_day"": 66.0, ""doy"": 185.0, ""topwt"": 4189.569396972656, ""grnwt"": 0.0, ""xlai"": 3.217519044876098, ""totir"": 0.0, ""tofer"": NaN, ""swfac"": 0.0, ""nstres"": 0.0164978504180908}",0.0,0.0164978504180908,4189.569396972656,0.0,3.217519044876098,0.0,,0.0,0.0,0.0,150.0,24.01688842773438,24.01688842773438,Leave_One_experiments/all_year_offline_schedule_search/daily_outputs/HLA/HLA_2010_HLA2010_normal_grid_S0010_daily.csv
HLA,HLA,Hailun,2010,Leave_One_experiments\wth_generated_qc\HLA\HLA2010.WTH,normal_year;nitrogen_stress_year;low_response_year,normal,HLA2010_normal_grid_S0010,top_profit_low_water,2010-07-05,186,67,62,"{""sim_day"": 67.0, ""doy"": 186.0, ""topwt"": 4385.2581787109375, ""grnwt"": 0.0, ""xlai"": 3.288308620452881, ""totir"": 0.0, ""tofer"": NaN, ""swfac"": 0.0, ""nstres"": 0.0}",0.0,0.0,4385.2581787109375,0.0,3.288308620452881,0.0,,0.0,0.0,0.0,150.0,24.01688842773438,24.01688842773438,Leave_One_experiments/all_year_offline_schedule_search/daily_outputs/HLA/HLA_2010_HLA2010_normal_grid_S0010_daily.csv
HLA,HLA,Hailun,2010,Leave_One_experiments\wth_generated_qc\HLA\HLA2010.WTH,normal_year;nitrogen_stress_year;low_response_year,normal,HLA2010_normal_grid_S0010,top_profit_low_water,2010-07-06,187,68,63,"{""sim_day"": 68.0, ""doy"": 187.0, ""topwt"": 4633.3245849609375, ""grnwt"": 0.0, ""xlai"": 3.428231239318848, ""totir"": 0.0, ""tofer"": NaN, ""swfac"": 0.0, ""nstres"": 0.0}",0.0,0.0,4633.3245849609375,0.0,3.428231239318848,0.0,,0.0,0.0,0.0,150.0,24.01688842773438,24.01688842773438,Leave_One_experiments/all_year_offline_schedule_search/daily_outputs/HLA/HLA_2010_HLA2010_normal_grid_S0010_daily.csv
HLA,HLA,Hailun,2010,Leave_One_experiments\wth_generated_qc\HLA\HLA2010.WTH,normal_year;nitrogen_stress_year;low_response_year,normal,HLA2010_normal_grid_S0010,top_profit_low_water,2010-07-07,188,69,64,"{""sim_day"": 69.0, ""doy"": 188.0, ""topwt"": 4917.6763916015625, ""grnwt"": 0.0, ""xlai"": 3.557176113128662, ""totir"": 0.0, ""tofer"": NaN, ""swfac"": 0.0, ""nstres"": 0.0}",0.0,0.0,4917.6763916015625,0.0,3.557176113128662,0.0,,0.0,0.0,0.0,150.0,24.01688842773438,24.01688842773438,Leave_One_experiments/all_year_offline_schedule_search/daily_outputs/HLA/HLA_2010_HLA2010_normal_grid_S0010_daily.csv
HLA,HLA,Hailun,2010,Leave_One_experiments\wth_generated_qc\HLA\HLA2010.WTH,normal_year;nitrogen_stress_year;low_response_year,normal,HLA2010_normal_grid_S0010,top_profit_low_water,2010-07-08,189,70,65,"{""sim_day"": 70.0, ""doy"": 189.0, ""topwt"": 5210.6640625, ""grnwt"": 0.0, ""xlai"": 3.669719934463501, ""totir"": 0.0, ""tofer"": NaN, ""swfac"": 0.0, ""nstres"": 0.0038779973983764}",0.0,0.0038779973983764,5210.6640625,0.0,3.669719934463501,0.0,,0.0,0.0,0.0,150.0,24.01688842773438,24.01688842773438,Leave_One_experiments/all_year_offline_schedule_search/daily_outputs/HLA/HLA_2010_HLA2010_normal_grid_S0010_daily.csv
HLA,HLA,Hailun,2010,Leave_One_experiments\wth_generated_qc\HLA\HLA2010.WTH,normal_year;nitrogen_stress_year;low_response_year,normal,HLA2010_normal_grid_S0010,top_profit_low_water,2010-07-09,190,71,66,"{""sim_day"": 71.0, ""doy"": 190.0, ""topwt"": 5463.126220703125, ""grnwt"": 0.0, ""xlai"": 3.7460179328918457, ""totir"": 0.0, ""tofer"": NaN, ""swfac"": 0.0, ""nstres"": 0.0264174342155456}",0.0,0.0264174342155456,5463.126220703125,0.0,3.7460179328918457,0.0,,0.0,0.0,0.0,150.0,24.01688842773438,24.01688842773438,Leave_One_experiments/all_year_offline_schedule_search/daily_outputs/HLA/HLA_2010_HLA2010_normal_grid_S0010_daily.csv
HLA,HLA,Hailun,2010,Leave_One_experiments\wth_generated_qc\HLA\HLA2010.WTH,normal_year;nitrogen_stress_year;low_response_year,normal,HLA2010_normal_grid_S0010,top_profit_low_water,2010-07-10,191,72,67,"{""sim_day"": 72.0, ""doy"": 191.0, ""topwt"": 5705.353393554688, ""grnwt"": 0.0, ""xlai"": 3.8019092082977295, ""totir"": 0.0, ""tofer"": NaN, ""swfac"": 0.0, ""nstres"": 0.0463076829910278}",0.0,0.0463076829910278,5705.353393554688,0.0,3.8019092082977295,0.0,,0.0,0.0,0.0,150.0,24.01688842773438,24.01688842773438,Leave_One_experiments/all_year_offline_schedule_search/daily_outputs/HLA/HLA_2010_HLA2010_normal_grid_S0010_daily.csv
HLA,HLA,Hailun,2010,Leave_One_experiments\wth_generated_qc\HLA\HLA2010.WTH,normal_year;nitrogen_stress_year;low_response_year,normal,HLA2010_normal_grid_S0010,top_profit_low_water,2010-07-11,192,73,68,"{""sim_day"": 73.0, ""doy"": 192.0, ""topwt"": 5927.786865234375, ""grnwt"": 0.0, ""xlai"": 3.8394057750701904, ""totir"": 0.0, ""tofer"": NaN, ""swfac"": 0.0, ""nstres"": 0.0604679584503173}",0.0,0.0604679584503173,5927.786865234375,0.0,3.8394057750701904,0.0,,0.0,0.0,0.0,150.0,24.01688842773438,24.01688842773438,Leave_One_experiments/all_year_offline_schedule_search/daily_outputs/HLA/HLA_2010_HLA2010_normal_grid_S0010_daily.csv
HLA,HLA,Hailun,2010,Leave_One_experiments\wth_generated_qc\HLA\HLA2010.WTH,normal_year;nitrogen_stress_year;low_response_year,normal,HLA2010_normal_grid_S0010,top_profit_low_water,2010-07-12,193,74,69,"{""sim_day"": 74.0, ""doy"": 193.0, ""topwt"": 6146.51123046875, ""grnwt"": 0.0, ""xlai"": 3.8659634590148926, ""totir"": 0.0, ""tofer"": NaN, ""swfac"": 0.0, ""nstres"": 0.0719121694564819}",0.0,0.0719121694564819,6146.51123046875,0.0,3.8659634590148926,0.0,,0.0,0.0,0.0,150.0,24.01688842773438,24.01688842773438,Leave_One_experiments/all_year_offline_schedule_search/daily_outputs/HLA/HLA_2010_HLA2010_normal_grid_S0010_daily.csv
HLA,HLA,Hailun,2010,Leave_One_experiments\wth_generated_qc\HLA\HLA2010.WTH,normal_year;nitrogen_stress_year;low_response_year,normal,HLA2010_normal_grid_S0010,top_profit_low_water,2010-07-13,194,75,70,"{""sim_day"": 75.0, ""doy"": 194.0, ""topwt"": 6332.7630615234375, ""grnwt"": 0.0, ""xlai"": 3.8764843940734863, ""totir"": 0.0, ""tofer"": NaN, ""swfac"": 0.0, ""nstres"": 0.0804594159126281}",0.0,0.0804594159126281,6332.7630615234375,0.0,3.8764843940734863,0.0,,0.0,0.0,0.0,150.0,24.01688842773438,24.01688842773438,Leave_One_experiments/all_year_offline_schedule_search/daily_outputs/HLA/HLA_2010_HLA2010_normal_grid_S0010_daily.csv
HLA,HLA,Hailun,2010,Leave_One_experiments\wth_generated_qc\HLA\HLA2010.WTH,normal_year;nitrogen_stress_year;low_response_year,normal,HLA2010_normal_grid_S0010,top_profit_low_water,2010-07-14,195,76,71,"{""sim_day"": 76.0, ""doy"": 195.0, ""topwt"": 6533.712158203125, ""grnwt"": 0.0, ""xlai"": 3.8852787017822266, ""totir"": 0.0, ""tofer"": NaN, ""swfac"": 0.0, ""nstres"": 0.0865744352340698}",0.0,0.0865744352340698,6533.712158203125,0.0,3.8852787017822266,0.0,,0.0,0.0,0.0,150.0,24.01688842773438,24.01688842773438,Leave_One_experiments/all_year_offline_schedule_search/daily_outputs/HLA/HLA_2010_HLA2010_normal_grid_S0010_daily.csv
HLA,HLA,Hailun,2010,Leave_One_experiments\wth_generated_qc\HLA\HLA2010.WTH,normal_year;nitrogen_stress_year;low_response_year,normal,HLA2010_normal_grid_S0010,top_profit_low_water,2010-07-15,196,77,72,"{""sim_day"": 77.0, ""doy"": 196.0, ""topwt"": 6596.9122314453125, ""grnwt"": 0.0, ""xlai"": 3.856174945831299, ""totir"": 0.0, ""tofer"": NaN, ""swfac"": 0.0, ""nstres"": 0.0908963680267334}",0.0,0.0908963680267334,6596.9122314453125,0.0,3.856174945831299,0.0,,0.0,0.0,0.0,150.0,24.01688842773438,24.01688842773438,Leave_One_experiments/all_year_offline_schedule_search/daily_outputs/HLA/HLA_2010_HLA2010_normal_grid_S0010_daily.csv
HLA,HLA,Hailun,2010,Leave_One_experiments\wth_generated_qc\HLA\HLA2010.WTH,normal_year;nitrogen_stress_year;low_response_year,normal,HLA2010_normal_grid_S0010,top_profit_low_water,2010-07-16,197,78,73,"{""sim_day"": 78.0, ""doy"": 197.0, ""topwt"": 6793.3642578125, ""grnwt"": 0.0, ""xlai"": 3.855994939804077, ""totir"": 0.0, ""tofer"": NaN, ""swfac"": 0.0, ""nstres"": 0.0952366590499877}",0.0,0.0952366590499877,6793.3642578125,0.0,3.855994939804077,0.0,,0.0,0.0,0.0,150.0,24.01688842773438,24.01688842773438,Leave_One_experiments/all_year_offline_schedule_search/daily_outputs/HLA/HLA_2010_HLA2010_normal_grid_S0010_daily.csv
HLA,HLA,Hailun,2010,Leave_One_experiments\wth_generated_qc\HLA\HLA2010.WTH,normal_year;nitrogen_stress_year;low_response_year,normal,HLA2010_normal_grid_S0010,top_profit_low_water,2010-07-17,198,79,74,"{""sim_day"": 79.0, ""doy"": 198.0, ""topwt"": 6980.914306640625, ""grnwt"": 0.0, ""xlai"": 3.854183197021485, ""totir"": 0.0, ""tofer"": NaN, ""swfac"": 0.0, ""nstres"": 0.094229519367218}",0.0,0.094229519367218,6980.914306640625,0.0,3.854183197021485,0.0,,0.0,0.0,0.0,150.0,24.01688842773438,24.01688842773438,Leave_One_experiments/all_year_offline_schedule_search/daily_outputs/HLA/HLA_2010_HLA2010_normal_grid_S0010_daily.csv
HLA,HLA,Hailun,2010,Leave_One_experiments\wth_generated_qc\HLA\HLA2010.WTH,normal_year;nitrogen_stress_year;low_response_year,normal,HLA2010_normal_grid_S0010,top_profit_low_water,2010-07-18,199,80,75,"{""sim_day"": 80.0, ""doy"": 199.0, ""topwt"": 7144.9835205078125, ""grnwt"": 0.0, ""xlai"": 3.845250606536865, ""totir"": 0.0, ""tofer"": NaN, ""swfac"": 0.0, ""nstres"": 0.09751957654953}",0.0,0.09751957654953,7144.9835205078125,0.0,3.845250606536865,0.0,,0.0,0.0,0.0,150.0,24.01688842773438,24.01688842773438,Leave_One_experiments/all_year_offline_schedule_search/daily_outputs/HLA/HLA_2010_HLA2010_normal_grid_S0010_daily.csv
HLA,HLA,Hailun,2010,Leave_One_experiments\wth_generated_qc\HLA\HLA2010.WTH,normal_year;nitrogen_stress_year;low_response_year,normal,HLA2010_normal_grid_S0010,top_profit_low_water,2010-07-19,200,81,76,"{""sim_day"": 81.0, ""doy"": 200.0, ""topwt"": 7306.23291015625, ""grnwt"": 0.0, ""xlai"": 3.834700584411621, ""totir"": 0.0, ""tofer"": NaN, ""swfac"": 0.0, ""nstres"": 0.0996661186218261}",0.0,0.0996661186218261,7306.23291015625,0.0,3.834700584411621,0.0,,0.0,0.0,0.0,150.0,24.01688842773438,24.01688842773438,Leave_One_experiments/all_year_offline_schedule_search/daily_outputs/HLA/HLA_2010_HLA2010_normal_grid_S0010_daily.csv
HLA,HLA,Hailun,2010,Leave_One_experiments\wth_generated_qc\HLA\HLA2010.WTH,normal_year;nitrogen_stress_year;low_response_year,normal,HLA2010_normal_grid_S0010,top_profit_low_water,2010-07-20,201,82,77,"{""sim_day"": 82.0, ""doy"": 201.0, ""topwt"": 7483.0230712890625, ""grnwt"": 0.0, ""xlai"": 3.8283979892730713, ""totir"": 0.0, ""tofer"": NaN, ""swfac"": 0.0, ""nstres"": 0.0986322164535522}",0.0,0.0986322164535522,7483.0230712890625,0.0,3.8283979892730713,0.0,,0.0,0.0,0.0,150.0,24.01688842773438,24.01688842773438,Leave_One_experiments/all_year_offline_schedule_search/daily_outputs/HLA/HLA_2010_HLA2010_normal_grid_S0010_daily.csv
HLA,HLA,Hailun,2010,Leave_One_experiments\wth_generated_qc\HLA\HLA2010.WTH,normal_year;nitrogen_stress_year;low_response_year,normal,HLA2010_normal_grid_S0010,top_profit_low_water,2010-07-21,202,83,78,"{""sim_day"": 83.0, ""doy"": 202.0, ""topwt"": 7659.896240234375, ""grnwt"": 0.0, ""xlai"": 3.8216569423675537, ""totir"": 0.0, ""tofer"": NaN, ""swfac"": 0.0, ""nstres"": 0.0996789336204528}",0.0,0.0996789336204528,7659.896240234375,0.0,3.8216569423675537,0.0,,0.0,0.0,0.0,150.0,24.01688842773438,24.01688842773438,Leave_One_experiments/all_year_offline_schedule_search/daily_outputs/HLA/HLA_2010_HLA2010_normal_grid_S0010_daily.csv
HLA,HLA,Hailun,2010,Leave_One_experiments\wth_generated_qc\HLA\HLA2010.WTH,normal_year;nitrogen_stress_year;low_response_year,normal,HLA2010_normal_grid_S0010,top_profit_low_water,2010-07-22,203,84,79,"{""sim_day"": 84.0, ""doy"": 203.0, ""topwt"": 8069.7113037109375, ""grnwt"": 0.0, ""xlai"": 3.77298903465271, ""totir"": 0.0, ""tofer"": NaN, ""swfac"": 0.0, ""nstres"": 0.1018781661987304}",0.0,0.1018781661987304,8069.7113037109375,0.0,3.77298903465271,0.0,,0.0,0.0,0.0,150.0,24.01688842773438,24.01688842773438,Leave_One_experiments/all_year_offline_schedule_search/daily_outputs/HLA/HLA_2010_HLA2010_normal_grid_S0010_daily.csv
HLA,HLA,Hailun,2010,Leave_One_experiments\wth_generated_qc\HLA\HLA2010.WTH,normal_year;nitrogen_stress_year;low_response_year,normal,HLA2010_normal_grid_S0010,top_profit_low_water,2010-07-23,204,85,80,"{""sim_day"": 85.0, ""doy"": 204.0, ""topwt"": 8439.105224609375, ""grnwt"": 0.0, ""xlai"": 3.726646661758423, ""totir"": 0.0, ""tofer"": NaN, ""swfac"": 0.0, ""nstres"": 0.0982611179351806}",0.0,0.0982611179351806,8439.105224609375,0.0,3.726646661758423,0.0,,0.0,0.0,0.0,150.0,24.01688842773438,24.01688842773438,Leave_One_experiments/all_year_offline_schedule_search/daily_outputs/HLA/HLA_2010_HLA2010_normal_grid_S0010_daily.csv
HLA,HLA,Hailun,2010,Leave_One_experiments\wth_generated_qc\HLA\HLA2010.WTH,normal_year;nitrogen_stress_year;low_response_year,normal,HLA2010_normal_grid_S0010,top_profit_low_water,2010-07-24,205,86,81,"{""sim_day"": 86.0, ""doy"": 205.0, ""topwt"": 8808.035278320312, ""grnwt"": 0.0, ""xlai"": 3.679551362991333, ""totir"": 0.0, ""tofer"": NaN, ""swfac"": 0.0, ""nstres"": 0.1010990142822265}",0.0,0.1010990142822265,8808.035278320312,0.0,3.679551362991333,0.0,,0.0,0.0,0.0,150.0,24.01688842773438,24.01688842773438,Leave_One_experiments/all_year_offline_schedule_search/daily_outputs/HLA/HLA_2010_HLA2010_normal_grid_S0010_daily.csv
HLA,HLA,Hailun,2010,Leave_One_experiments\wth_generated_qc\HLA\HLA2010.WTH,normal_year;nitrogen_stress_year;low_response_year,normal,HLA2010_normal_grid_S0010,top_profit_low_water,2010-07-25,206,87,82,"{""sim_day"": 87.0, ""doy"": 206.0, ""topwt"": 9036.748046875, ""grnwt"": 0.0, ""xlai"": 3.632538080215454, ""totir"": 0.0, ""tofer"": NaN, ""swfac"": 0.0, ""nstres"": 0.1022158861160278}",0.0,0.1022158861160278,9036.748046875,0.0,3.632538080215454,0.0,,0.0,0.0,0.0,150.0,24.01688842773438,24.01688842773438,Leave_One_experiments/all_year_offline_schedule_search/daily_outputs/HLA/HLA_2010_HLA2010_normal_grid_S0010_daily.csv
HLA,HLA,Hailun,2010,Leave_One_experiments\wth_generated_qc\HLA\HLA2010.WTH,normal_year;nitrogen_stress_year;low_response_year,normal,HLA2010_normal_grid_S0010,top_profit_low_water,2010-07-26,207,88,83,"{""sim_day"": 88.0, ""doy"": 207.0, ""topwt"": 9257.069091796877, ""grnwt"": 0.0, ""xlai"": 3.585389852523804, ""totir"": 0.0, ""tofer"": NaN, ""swfac"": 0.0, ""nstres"": 0.1038353443145752}",0.0,0.1038353443145752,9257.069091796877,0.0,3.585389852523804,0.0,,0.0,0.0,0.0,150.0,24.01688842773438,24.01688842773438,Leave_One_experiments/all_year_offline_schedule_search/daily_outputs/HLA/HLA_2010_HLA2010_normal_grid_S0010_daily.csv
HLA,HLA,Hailun,2010,Leave_One_experiments\wth_generated_qc\HLA\HLA2010.WTH,normal_year;nitrogen_stress_year;low_response_year,normal,HLA2010_normal_grid_S0010,top_profit_low_water,2010-07-27,208,89,84,"{""sim_day"": 89.0, ""doy"": 208.0, ""topwt"": 9598.858642578123, ""grnwt"": 0.0, ""xlai"": 3.5393166542053223, ""totir"": 0.0, ""tofer"": NaN, ""swfac"": 0.0, ""nstres"": 0.102800965309143}",0.0,0.102800965309143,9598.858642578123,0.0,3.5393166542053223,0.0,,0.0,0.0,0.0,150.0,24.01688842773438,24.01688842773438,Leave_One_experiments/all_year_offline_schedule_search/daily_outputs/HLA/HLA_2010_HLA2010_normal_grid_S0010_daily.csv
HLA,HLA,Hailun,2010,Leave_One_experiments\wth_generated_qc\HLA\HLA2010.WTH,normal_year;nitrogen_stress_year;low_response_year,normal,HLA2010_normal_grid_S0010,top_profit_low_water,2010-07-28,209,90,85,"{""sim_day"": 90.0, ""doy"": 209.0, ""topwt"": 9925.568237304688, ""grnwt"": 0.0, ""xlai"": 3.4951350688934326, ""totir"": 0.0, ""tofer"": NaN, ""swfac"": 0.0, ""nstres"": 0.0998646020889282}",0.0,0.0998646020889282,9925.568237304688,0.0,3.4951350688934326,0.0,,0.0,0.0,0.0,150.0,24.01688842773438,24.01688842773438,Leave_One_experiments/all_year_offline_schedule_search/daily_outputs/HLA/HLA_2010_HLA2010_normal_grid_S0010_daily.csv
HLA,HLA,Hailun,2010,Leave_One_experiments\wth_generated_qc\HLA\HLA2010.WTH,normal_year;nitrogen_stress_year;low_response_year,normal,HLA2010_normal_grid_S0010,top_profit_low_water,2010-07-29,210,91,86,"{""sim_day"": 91.0, ""doy"": 210.0, ""topwt"": 10182.6025390625, ""grnwt"": 0.0, ""xlai"": 3.452347993850708, ""totir"": 0.0, ""tofer"": NaN, ""swfac"": 0.0, ""nstres"": 0.0979349613189697}",0.0,0.0979349613189697,10182.6025390625,0.0,3.452347993850708,0.0,,0.0,0.0,0.0,150.0,24.01688842773438,24.01688842773438,Leave_One_experiments/all_year_offline_schedule_search/daily_outputs/HLA/HLA_2010_HLA2010_normal_grid_S0010_daily.csv
HLA,HLA,Hailun,2010,Leave_One_experiments\wth_generated_qc\HLA\HLA2010.WTH,normal_year;nitrogen_stress_year;low_response_year,normal,HLA2010_normal_grid_S0010,top_profit_low_water,2010-07-30,211,92,87,"{""sim_day"": 92.0, ""doy"": 211.0, ""topwt"": 10463.0029296875, ""grnwt"": 0.0, ""xlai"": 3.410881996154785, ""totir"": 0.0, ""tofer"": NaN, ""swfac"": 0.0, ""nstres"": 0.0960875749588012}",0.0,0.0960875749588012,10463.0029296875,0.0,3.410881996154785,0.0,,0.0,0.0,0.0,150.0,24.01688842773438,24.01688842773438,Leave_One_experiments/all_year_offline_schedule_search/daily_outputs/HLA/HLA_2010_HLA2010_normal_grid_S0010_daily.csv
HLA,HLA,Hailun,2010,Leave_One_experiments\wth_generated_qc\HLA\HLA2010.WTH,normal_year;nitrogen_stress_year;low_response_year,normal,HLA2010_normal_grid_S0010,top_profit_low_water,2010-07-31,212,93,88,"{""sim_day"": 93.0, ""doy"": 212.0, ""topwt"": 10749.525146484377, ""grnwt"": 0.0, ""xlai"": 3.37078857421875, ""totir"": 0.0, ""tofer"": NaN, ""swfac"": 0.0, ""nstres"": 0.0940366983413696}",0.0,0.0940366983413696,10749.525146484377,0.0,3.37078857421875,0.0,,0.0,0.0,0.0,150.0,24.01688842773438,24.01688842773438,Leave_One_experiments/all_year_offline_schedule_search/daily_outputs/HLA/HLA_2010_HLA2010_normal_grid_S0010_daily.csv
HLA,HLA,Hailun,2010,Leave_One_experiments\wth_generated_qc\HLA\HLA2010.WTH,normal_year;nitrogen_stress_year;low_response_year,normal,HLA2010_normal_grid_S0010,top_profit_low_water,2010-08-01,213,94,89,"{""sim_day"": 94.0, ""doy"": 213.0, ""topwt"": 11120.27099609375, ""grnwt"": 0.0, ""xlai"": 3.332624912261963, ""totir"": 0.0, ""tofer"": NaN, ""swfac"": 0.0, ""nstres"": 0.0905742049217224}",0.0,0.0905742049217224,11120.27099609375,0.0,3.332624912261963,0.0,,0.0,0.0,0.0,150.0,24.01688842773438,24.01688842773438,Leave_One_experiments/all_year_offline_schedule_search/daily_outputs/HLA/HLA_2010_HLA2010_normal_grid_S0010_daily.csv
HLA,HLA,Hailun,2010,Leave_One_experiments\wth_generated_qc\HLA\HLA2010.WTH,normal_year;nitrogen_stress_year;low_response_year,normal,HLA2010_normal_grid_S0010,top_profit_low_water,2010-08-02,214,95,90,"{""sim_day"": 95.0, ""doy"": 214.0, ""topwt"": 11270.953369140623, ""grnwt"": 0.0, ""xlai"": 3.29683518409729, ""totir"": 0.0, ""tofer"": NaN, ""swfac"": 0.0, ""nstres"": 0.0859144926071167}",0.0,0.0859144926071167,11270.953369140623,0.0,3.29683518409729,0.0,,0.0,0.0,0.0,150.0,24.01688842773438,24.01688842773438,Leave_One_experiments/all_year_offline_schedule_search/daily_outputs/HLA/HLA_2010_HLA2010_normal_grid_S0010_daily.csv
HLA,HLA,Hailun,2010,Leave_One_experiments\wth_generated_qc\HLA\HLA2010.WTH,normal_year;nitrogen_stress_year;low_response_year,normal,HLA2010_normal_grid_S0010,top_profit_low_water,2010-08-03,215,96,91,"{""sim_day"": 96.0, ""doy"": 215.0, ""topwt"": 11297.093505859377, ""grnwt"": 0.0, ""xlai"": 3.2623519897460938, ""totir"": 0.0, ""tofer"": NaN, ""swfac"": 0.0, ""nstres"": 0.0836753845214843}",0.0,0.0836753845214843,11297.093505859377,0.0,3.2623519897460938,0.0,,0.0,0.0,0.0,150.0,24.01688842773438,24.01688842773438,Leave_One_experiments/all_year_offline_schedule_search/daily_outputs/HLA/HLA_2010_HLA2010_normal_grid_S0010_daily.csv
HLA,HLA,Hailun,2010,Leave_One_experiments\wth_generated_qc\HLA\HLA2010.WTH,normal_year;nitrogen_stress_year;low_response_year,normal,HLA2010_normal_grid_S0010,top_profit_low_water,2010-08-04,216,97,92,"{""sim_day"": 97.0, ""doy"": 216.0, ""topwt"": 11430.743408203123, ""grnwt"": 159.98202323913574, ""xlai"": 3.231379270553589, ""totir"": 0.0, ""tofer"": NaN, ""swfac"": 0.0, ""nstres"": 0.0759508609771728}",0.0,0.0759508609771728,11430.743408203123,159.98202323913574,3.231379270553589,0.0,,0.0,0.0,0.0,150.0,24.01688842773438,24.01688842773438,Leave_One_experiments/all_year_offline_schedule_search/daily_outputs/HLA/HLA_2010_HLA2010_normal_grid_S0010_daily.csv
HLA,HLA,Hailun,2010,Leave_One_experiments\wth_generated_qc\HLA\HLA2010.WTH,normal_year;nitrogen_stress_year;low_response_year,normal,HLA2010_normal_grid_S0010,top_profit_low_water,2010-08-05,217,98,93,"{""sim_day"": 98.0, ""doy"": 217.0, ""topwt"": 11527.76611328125, ""grnwt"": 319.9640464782715, ""xlai"": 3.197837352752685, ""totir"": 0.0, ""tofer"": NaN, ""swfac"": 0.0, ""nstres"": 0.0830410718917846}",0.0,0.0830410718917846,11527.76611328125,319.9640464782715,3.197837352752685,0.0,,0.0,0.0,0.0,150.0,24.01688842773438,24.01688842773438,Leave_One_experiments/all_year_offline_schedule_search/daily_outputs/HLA/HLA_2010_HLA2010_normal_grid_S0010_daily.csv
HLA,HLA,Hailun,2010,Leave_One_experiments\wth_generated_qc\HLA\HLA2010.WTH,normal_year;nitrogen_stress_year;low_response_year,normal,HLA2010_normal_grid_S0010,top_profit_low_water,2010-08-06,218,99,94,"{""sim_day"": 99.0, ""doy"": 218.0, ""topwt"": 11777.03857421875, ""grnwt"": 479.9460983276367, ""xlai"": 3.1642885208129883, ""totir"": 0.0, ""tofer"": NaN, ""swfac"": 0.0, ""nstres"": 0.0839285850524902}",0.0,0.0839285850524902,11777.03857421875,479.9460983276367,3.1642885208129883,0.0,,0.0,0.0,0.0,150.0,24.01688842773438,24.01688842773438,Leave_One_experiments/all_year_offline_schedule_search/daily_outputs/HLA/HLA_2010_HLA2010_normal_grid_S0010_daily.csv
HLA,HLA,Hailun,2010,Leave_One_experiments\wth_generated_qc\HLA\HLA2010.WTH,normal_year;nitrogen_stress_year;low_response_year,normal,HLA2010_normal_grid_S0010,top_profit_low_water,2010-08-07,219,100,95,"{""sim_day"": 100.0, ""doy"": 219.0, ""topwt"": 11861.15478515625, ""grnwt"": 639.928092956543, ""xlai"": 3.1310057640075684, ""totir"": 0.0, ""tofer"": NaN, ""swfac"": 0.0, ""nstres"": 0.0841460227966308}",0.0,0.0841460227966308,11861.15478515625,639.928092956543,3.1310057640075684,0.0,,0.0,0.0,0.0,150.0,24.01688842773438,24.01688842773438,Leave_One_experiments/all_year_offline_schedule_search/daily_outputs/HLA/HLA_2010_HLA2010_normal_grid_S0010_daily.csv
HLA,HLA,Hailun,2010,Leave_One_experiments\wth_generated_qc\HLA\HLA2010.WTH,normal_year;nitrogen_stress_year;low_response_year,normal,HLA2010_normal_grid_S0010,top_profit_low_water,2010-08-08,220,101,96,"{""sim_day"": 101.0, ""doy"": 220.0, ""topwt"": 12027.818603515623, ""grnwt"": 799.9101257324219, ""xlai"": 3.0951955318450928, ""totir"": 0.0, ""tofer"": NaN, ""swfac"": 0.0, ""nstres"": 0.0914984345436096}",0.0,0.0914984345436096,12027.818603515623,799.9101257324219,3.0951955318450928,0.0,,0.0,0.0,0.0,150.0,24.01688842773438,24.01688842773438,Leave_One_experiments/all_year_offline_schedule_search/daily_outputs/HLA/HLA_2010_HLA2010_normal_grid_S0010_daily.csv
HLA,HLA,Hailun,2010,Leave_One_experiments\wth_generated_qc\HLA\HLA2010.WTH,normal_year;nitrogen_stress_year;low_response_year,normal,HLA2010_normal_grid_S0010,top_profit_low_water,2010-08-09,221,102,97,"{""sim_day"": 102.0, ""doy"": 221.0, ""topwt"": 12256.98486328125, ""grnwt"": 959.8921966552734, ""xlai"": 3.06028413772583, ""totir"": 0.0, ""tofer"": NaN, ""swfac"": 0.0, ""nstres"": 0.0902330875396728}",0.0,0.0902330875396728,12256.98486328125,959.8921966552734,3.06028413772583,0.0,,0.0,0.0,0.0,150.0,24.01688842773438,24.01688842773438,Leave_One_experiments/all_year_offline_schedule_search/daily_outputs/HLA/HLA_2010_HLA2010_normal_grid_S0010_daily.csv
HLA,HLA,Hailun,2010,Leave_One_experiments\wth_generated_qc\HLA\HLA2010.WTH,normal_year;nitrogen_stress_year;low_response_year,normal,HLA2010_normal_grid_S0010,top_profit_low_water,2010-08-10,222,103,98,"{""sim_day"": 103.0, ""doy"": 222.0, ""topwt"": 12416.966552734377, ""grnwt"": 1119.8741912841797, ""xlai"": 3.0243935585021973, ""totir"": 0.0, ""tofer"": NaN, ""swfac"": 0.0, ""nstres"": 0.0938232541084289}",0.0,0.0938232541084289,12416.966552734377,1119.8741912841797,3.0243935585021973,0.0,,0.0,0.0,0.0,150.0,24.01688842773438,24.01688842773438,Leave_One_experiments/all_year_offline_schedule_search/daily_outputs/HLA/HLA_2010_HLA2010_normal_grid_S0010_daily.csv
HLA,HLA,Hailun,2010,Leave_One_experiments\wth_generated_qc\HLA\HLA2010.WTH,normal_year;nitrogen_stress_year;low_response_year,normal,HLA2010_normal_grid_S0010,top_profit_low_water,2010-08-11,223,104,99,"{""sim_day"": 104.0, ""doy"": 223.0, ""topwt"": 12576.9482421875, ""grnwt"": 1279.856185913086, ""xlai"": 2.986103057861328, ""totir"": 0.0, ""tofer"": NaN, ""swfac"": 0.0, ""nstres"": 0.1012845039367675}",0.0,0.1012845039367675,12576.9482421875,1279.856185913086,2.986103057861328,0.0,,0.0,0.0,0.0,150.0,24.01688842773438,24.01688842773438,Leave_One_experiments/all_year_offline_schedule_search/daily_outputs/HLA/HLA_2010_HLA2010_normal_grid_S0010_daily.csv
HLA,HLA,Hailun,2010,Leave_One_experiments\wth_generated_qc\HLA\HLA2010.WTH,normal_year;nitrogen_stress_year;low_response_year,normal,HLA2010_normal_grid_S0010,top_profit_low_water,2010-08-12,224,105,100,"{""sim_day"": 105.0, ""doy"": 224.0, ""topwt"": 12736.93115234375, ""grnwt"": 1439.8382568359375, ""xlai"": 2.946655511856079, ""totir"": 0.0, ""tofer"": NaN, ""swfac"": 0.0, ""nstres"": 0.1056827902793884}",0.0,0.1056827902793884,12736.93115234375,1439.8382568359375,2.946655511856079,0.0,,0.0,0.0,0.0,150.0,24.01688842773438,24.01688842773438,Leave_One_experiments/all_year_offline_schedule_search/daily_outputs/HLA/HLA_2010_HLA2010_normal_grid_S0010_daily.csv
HLA,HLA,Hailun,2010,Leave_One_experiments\wth_generated_qc\HLA\HLA2010.WTH,normal_year;nitrogen_stress_year;low_response_year,normal,HLA2010_normal_grid_S0010,top_profit_low_water,2010-08-13,225,106,101,"{""sim_day"": 106.0, ""doy"": 225.0, ""topwt"": 12838.80859375, ""grnwt"": 1599.8202514648438, ""xlai"": 2.906243324279785, ""totir"": 0.0, ""tofer"": NaN, ""swfac"": 0.0, ""nstres"": 0.1097163558006286}",0.0,0.1097163558006286,12838.80859375,1599.8202514648438,2.906243324279785,0.0,,0.0,0.0,0.0,150.0,24.01688842773438,24.01688842773438,Leave_One_experiments/all_year_offline_schedule_search/daily_outputs/HLA/HLA_2010_HLA2010_normal_grid_S0010_daily.csv
HLA,HLA,Hailun,2010,Leave_One_experiments\wth_generated_qc\HLA\HLA2010.WTH,normal_year;nitrogen_stress_year;low_response_year,normal,HLA2010_normal_grid_S0010,top_profit_low_water,2010-08-14,226,107,102,"{""sim_day"": 107.0, ""doy"": 226.0, ""topwt"": 13056.199951171877, ""grnwt"": 1759.80224609375, ""xlai"": 2.8648324012756348, ""totir"": 0.0, ""tofer"": NaN, ""swfac"": 0.0, ""nstres"": 0.113991379737854}",0.0,0.113991379737854,13056.199951171877,1759.80224609375,2.8648324012756348,0.0,,0.0,0.0,0.0,150.0,24.01688842773438,24.01688842773438,Leave_One_experiments/all_year_offline_schedule_search/daily_outputs/HLA/HLA_2010_HLA2010_normal_grid_S0010_daily.csv
HLA,HLA,Hailun,2010,Leave_One_experiments\wth_generated_qc\HLA\HLA2010.WTH,normal_year;nitrogen_stress_year;low_response_year,normal,HLA2010_normal_grid_S0010,top_profit_low_water,2010-08-15,227,108,103,"{""sim_day"": 108.0, ""doy"": 227.0, ""topwt"": 13216.876220703123, ""grnwt"": 1919.7843933105469, ""xlai"": 2.8235881328582764, ""totir"": 0.0, ""tofer"": NaN, ""swfac"": 0.0, ""nstres"": 0.1151731610298156}",0.0,0.1151731610298156,13216.876220703123,1919.7843933105469,2.8235881328582764,0.0,,0.0,0.0,0.0,150.0,24.01688842773438,24.01688842773438,Leave_One_experiments/all_year_offline_schedule_search/daily_outputs/HLA/HLA_2010_HLA2010_normal_grid_S0010_daily.csv
HLA,HLA,Hailun,2010,Leave_One_experiments\wth_generated_qc\HLA\HLA2010.WTH,normal_year;nitrogen_stress_year;low_response_year,normal,HLA2010_normal_grid_S0010,top_profit_low_water,2010-08-16,228,109,104,"{""sim_day"": 109.0, ""doy"": 228.0, ""topwt"": 13376.85791015625, ""grnwt"": 2079.766540527344, ""xlai"": 2.780494213104248, ""totir"": 0.0, ""tofer"": NaN, ""swfac"": 0.0, ""nstres"": 0.1220970153808593}",0.0,0.1220970153808593,13376.85791015625,2079.766540527344,2.780494213104248,0.0,,0.0,0.0,0.0,150.0,24.01688842773438,24.01688842773438,Leave_One_experiments/all_year_offline_schedule_search/daily_outputs/HLA/HLA_2010_HLA2010_normal_grid_S0010_daily.csv
HLA,HLA,Hailun,2010,Leave_One_experiments\wth_generated_qc\HLA\HLA2010.WTH,normal_year;nitrogen_stress_year;low_response_year,normal,HLA2010_normal_grid_S0010,top_profit_low_water,2010-08-17,229,110,105,"{""sim_day"": 110.0, ""doy"": 229.0, ""topwt"": 13536.8408203125, ""grnwt"": 2239.74853515625, ""xlai"": 2.737058639526367, ""totir"": 0.0, ""tofer"": NaN, ""swfac"": 0.0, ""nstres"": 0.1249733567237854}",0.0,0.1249733567237854,13536.8408203125,2239.74853515625,2.737058639526367,0.0,,0.0,0.0,0.0,150.0,24.01688842773438,24.01688842773438,Leave_One_experiments/all_year_offline_schedule_search/daily_outputs/HLA/HLA_2010_HLA2010_normal_grid_S0010_daily.csv
HLA,HLA,Hailun,2010,Leave_One_experiments\wth_generated_qc\HLA\HLA2010.WTH,normal_year;nitrogen_stress_year;low_response_year,normal,HLA2010_normal_grid_S0010,top_profit_low_water,2010-08-18,230,111,106,"{""sim_day"": 111.0, ""doy"": 230.0, ""topwt"": 13623.10546875, ""grnwt"": 2399.730682373047, ""xlai"": 2.692933797836304, ""totir"": 0.0, ""tofer"": NaN, ""swfac"": 0.0, ""nstres"": 0.1289697885513305}",0.0,0.1289697885513305,13623.10546875,2399.730682373047,2.692933797836304,0.0,,0.0,0.0,0.0,150.0,24.01688842773438,24.01688842773438,Leave_One_experiments/all_year_offline_schedule_search/daily_outputs/HLA/HLA_2010_HLA2010_normal_grid_S0010_daily.csv
HLA,HLA,Hailun,2010,Leave_One_experiments\wth_generated_qc\HLA\HLA2010.WTH,normal_year;nitrogen_stress_year;low_response_year,normal,HLA2010_normal_grid_S0010,top_profit_low_water,2010-08-19,231,112,107,"{""sim_day"": 112.0, ""doy"": 231.0, ""topwt"": 13815.577392578123, ""grnwt"": 2559.712829589844, ""xlai"": 2.64863657951355, ""totir"": 0.0, ""tofer"": NaN, ""swfac"": 0.0, ""nstres"": 0.1315947771072387}",0.0,0.1315947771072387,13815.577392578123,2559.712829589844,2.64863657951355,0.0,,0.0,0.0,0.0,150.0,24.01688842773438,24.01688842773438,Leave_One_experiments/all_year_offline_schedule_search/daily_outputs/HLA/HLA_2010_HLA2010_normal_grid_S0010_daily.csv
HLA,HLA,Hailun,2010,Leave_One_experiments\wth_generated_qc\HLA\HLA2010.WTH,normal_year;nitrogen_stress_year;low_response_year,normal,HLA2010_normal_grid_S0010,top_profit_low_water,2010-08-20,232,113,108,"{""sim_day"": 113.0, ""doy"": 232.0, ""topwt"": 14016.785888671877, ""grnwt"": 2719.69482421875, ""xlai"": 2.604630708694458, ""totir"": 0.0, ""tofer"": NaN, ""swfac"": 0.0, ""nstres"": 0.1329171657562255}",0.0,0.1329171657562255,14016.785888671877,2719.69482421875,2.604630708694458,0.0,,0.0,0.0,0.0,150.0,24.01688842773438,24.01688842773438,Leave_One_experiments/all_year_offline_schedule_search/daily_outputs/HLA/HLA_2010_HLA2010_normal_grid_S0010_daily.csv
HLA,HLA,Hailun,2010,Leave_One_experiments\wth_generated_qc\HLA\HLA2010.WTH,normal_year;nitrogen_stress_year;low_response_year,normal,HLA2010_normal_grid_S0010,top_profit_low_water,2010-08-21,233,114,109,"{""sim_day"": 114.0, ""doy"": 233.0, ""topwt"": 14176.767578125, ""grnwt"": 2879.677124023437, ""xlai"": 2.5588526725769043, ""totir"": 0.0, ""tofer"": NaN, ""swfac"": 0.0, ""nstres"": 0.1406042575836181}",0.0,0.1406042575836181,14176.767578125,2879.677124023437,2.5588526725769043,0.0,,0.0,0.0,0.0,150.0,24.01688842773438,24.01688842773438,Leave_One_experiments/all_year_offline_schedule_search/daily_outputs/HLA/HLA_2010_HLA2010_normal_grid_S0010_daily.csv
HLA,HLA,Hailun,2010,Leave_One_experiments\wth_generated_qc\HLA\HLA2010.WTH,normal_year;nitrogen_stress_year;low_response_year,normal,HLA2010_normal_grid_S0010,top_profit_low_water,2010-08-22,234,115,110,"{""sim_day"": 115.0, ""doy"": 234.0, ""topwt"": 14336.749267578123, ""grnwt"": 3039.659118652344, ""xlai"": 2.511176109313965, ""totir"": 0.0, ""tofer"": NaN, ""swfac"": 0.0, ""nstres"": 0.1490563154220581}",0.0,0.1490563154220581,14336.749267578123,3039.659118652344,2.511176109313965,0.0,,0.0,0.0,0.0,150.0,24.01688842773438,24.01688842773438,Leave_One_experiments/all_year_offline_schedule_search/daily_outputs/HLA/HLA_2010_HLA2010_normal_grid_S0010_daily.csv
HLA,HLA,Hailun,2010,Leave_One_experiments\wth_generated_qc\HLA\HLA2010.WTH,normal_year;nitrogen_stress_year;low_response_year,normal,HLA2010_normal_grid_S0010,top_profit_low_water,2010-08-23,235,116,111,"{""sim_day"": 116.0, ""doy"": 235.0, ""topwt"": 14496.73095703125, ""grnwt"": 3199.64111328125, ""xlai"": 2.462500095367432, ""totir"": 0.0, ""tofer"": NaN, ""swfac"": 0.0, ""nstres"": 0.1550697088241577}",0.0,0.1550697088241577,14496.73095703125,3199.64111328125,2.462500095367432,0.0,,0.0,0.0,0.0,150.0,24.01688842773438,24.01688842773438,Leave_One_experiments/all_year_offline_schedule_search/daily_outputs/HLA/HLA_2010_HLA2010_normal_grid_S0010_daily.csv
HLA,HLA,Hailun,2010,Leave_One_experiments\wth_generated_qc\HLA\HLA2010.WTH,normal_year;nitrogen_stress_year;low_response_year,normal,HLA2010_normal_grid_S0010,top_profit_low_water,2010-08-24,236,117,112,"{""sim_day"": 117.0, ""doy"": 236.0, ""topwt"": 14656.7138671875, ""grnwt"": 3359.623413085937, ""xlai"": 2.412898063659668, ""totir"": 0.0, ""tofer"": NaN, ""swfac"": 0.0, ""nstres"": 0.1611444950103759}",0.0,0.1611444950103759,14656.7138671875,3359.623413085937,2.412898063659668,0.0,,0.0,0.0,0.0,150.0,24.01688842773438,24.01688842773438,Leave_One_experiments/all_year_offline_schedule_search/daily_outputs/HLA/HLA_2010_HLA2010_normal_grid_S0010_daily.csv
HLA,HLA,Hailun,2010,Leave_One_experiments\wth_generated_qc\HLA\HLA2010.WTH,normal_year;nitrogen_stress_year;low_response_year,normal,HLA2010_normal_grid_S0010,top_profit_low_water,2010-08-25,237,118,113,"{""sim_day"": 118.0, ""doy"": 237.0, ""topwt"": 14816.69677734375, ""grnwt"": 3519.6051025390625, ""xlai"": 2.3626043796539307, ""totir"": 0.0, ""tofer"": NaN, ""swfac"": 0.0, ""nstres"": 0.1667482852935791}",0.0,0.1667482852935791,14816.69677734375,3519.6051025390625,2.3626043796539307,0.0,,0.0,0.0,0.0,150.0,24.01688842773438,24.01688842773438,Leave_One_experiments/all_year_offline_schedule_search/daily_outputs/HLA/HLA_2010_HLA2010_normal_grid_S0010_daily.csv
HLA,HLA,Hailun,2010,Leave_One_experiments\wth_generated_qc\HLA\HLA2010.WTH,normal_year;nitrogen_stress_year;low_response_year,normal,HLA2010_normal_grid_S0010,top_profit_low_water,2010-08-26,238,119,114,"{""sim_day"": 119.0, ""doy"": 238.0, ""topwt"": 14976.678466796877, ""grnwt"": 3679.5870971679688, ""xlai"": 2.311820268630981, ""totir"": 0.0, ""tofer"": NaN, ""swfac"": 0.0, ""nstres"": 0.1719599962234497}",0.0,0.1719599962234497,14976.678466796877,3679.5870971679688,2.311820268630981,0.0,,0.0,0.0,0.0,150.0,24.01688842773438,24.01688842773438,Leave_One_experiments/all_year_offline_schedule_search/daily_outputs/HLA/HLA_2010_HLA2010_normal_grid_S0010_daily.csv
HLA,HLA,Hailun,2010,Leave_One_experiments\wth_generated_qc\HLA\HLA2010.WTH,normal_year;nitrogen_stress_year;low_response_year,normal,HLA2010_normal_grid_S0010,top_profit_low_water,2010-08-27,239,120,115,"{""sim_day"": 120.0, ""doy"": 239.0, ""topwt"": 15026.30859375, ""grnwt"": 3839.569091796875, ""xlai"": 2.260150671005249, ""totir"": 0.0, ""tofer"": NaN, ""swfac"": 0.0, ""nstres"": 0.1788002848625183}",0.0,0.1788002848625183,15026.30859375,3839.569091796875,2.260150671005249,0.0,,0.0,0.0,0.0,150.0,24.01688842773438,24.01688842773438,Leave_One_experiments/all_year_offline_schedule_search/daily_outputs/HLA/HLA_2010_HLA2010_normal_grid_S0010_daily.csv
HLA,HLA,Hailun,2010,Leave_One_experiments\wth_generated_qc\HLA\HLA2010.WTH,normal_year;nitrogen_stress_year;low_response_year,normal,HLA2010_normal_grid_S0010,top_profit_low_water,2010-08-28,240,121,116,"{""sim_day"": 121.0, ""doy"": 240.0, ""topwt"": 15186.456298828123, ""grnwt"": 3999.551086425781, ""xlai"": 2.2077648639678955, ""totir"": 0.0, ""tofer"": NaN, ""swfac"": 0.0, ""nstres"": 0.1854240298271179}",0.0,0.1854240298271179,15186.456298828123,3999.551086425781,2.2077648639678955,0.0,,0.0,0.0,0.0,150.0,24.01688842773438,24.01688842773438,Leave_One_experiments/all_year_offline_schedule_search/daily_outputs/HLA/HLA_2010_HLA2010_normal_grid_S0010_daily.csv
HLA,HLA,Hailun,2010,Leave_One_experiments\wth_generated_qc\HLA\HLA2010.WTH,normal_year;nitrogen_stress_year;low_response_year,normal,HLA2010_normal_grid_S0010,top_profit_low_water,2010-08-29,241,122,117,"{""sim_day"": 122.0, ""doy"": 241.0, ""topwt"": 15311.871337890623, ""grnwt"": 4159.533081054688, ""xlai"": 2.15616226196289, ""totir"": 0.0, ""tofer"": NaN, ""swfac"": 0.0, ""nstres"": 0.186985433101654}",0.0,0.186985433101654,15311.871337890623,4159.533081054688,2.15616226196289,0.0,,0.0,0.0,0.0,150.0,24.01688842773438,24.01688842773438,Leave_One_experiments/all_year_offline_schedule_search/daily_outputs/HLA/HLA_2010_HLA2010_normal_grid_S0010_daily.csv
HLA,HLA,Hailun,2010,Leave_One_experiments\wth_generated_qc\HLA\HLA2010.WTH,normal_year;nitrogen_stress_year;low_response_year,normal,HLA2010_normal_grid_S0010,top_profit_low_water,2010-08-30,242,123,118,"{""sim_day"": 123.0, ""doy"": 242.0, ""topwt"": 15482.25341796875, ""grnwt"": 4314.18212890625, ""xlai"": 2.1031932830810547, ""totir"": 0.0, ""tofer"": NaN, ""swfac"": 0.0, ""nstres"": 0.1965301632881164}",0.0,0.1965301632881164,15482.25341796875,4314.18212890625,2.1031932830810547,0.0,,0.0,0.0,0.0,150.0,24.01688842773438,24.01688842773438,Leave_One_experiments/all_year_offline_schedule_search/daily_outputs/HLA/HLA_2010_HLA2010_normal_grid_S0010_daily.csv
HLA,HLA,Hailun,2010,Leave_One_experiments\wth_generated_qc\HLA\HLA2010.WTH,normal_year;nitrogen_stress_year;low_response_year,normal,HLA2010_normal_grid_S0010,top_profit_low_water,2010-08-31,243,124,119,"{""sim_day"": 124.0, ""doy"": 243.0, ""topwt"": 15695.4345703125, ""grnwt"": 4474.164123535156, ""xlai"": 2.0497405529022217, ""totir"": 0.0, ""tofer"": NaN, ""swfac"": 0.0, ""nstres"": 0.2099595069885254}",0.0,0.2099595069885254,15695.4345703125,4474.164123535156,2.0497405529022217,0.0,,0.0,0.0,0.0,150.0,24.01688842773438,24.01688842773438,Leave_One_experiments/all_year_offline_schedule_search/daily_outputs/HLA/HLA_2010_HLA2010_normal_grid_S0010_daily.csv
HLA,HLA,Hailun,2010,Leave_One_experiments\wth_generated_qc\HLA\HLA2010.WTH,normal_year;nitrogen_stress_year;low_response_year,normal,HLA2010_normal_grid_S0010,top_profit_low_water,2010-09-01,244,125,120,"{""sim_day"": 125.0, ""doy"": 244.0, ""topwt"": 15903.1103515625, ""grnwt"": 4634.146118164063, ""xlai"": 1.9952659606933596, ""totir"": 0.0, ""tofer"": NaN, ""swfac"": 0.0, ""nstres"": 0.2378312349319458}",0.0,0.2378312349319458,15903.1103515625,4634.146118164063,1.9952659606933596,0.0,,0.0,0.0,0.0,150.0,24.01688842773438,24.01688842773438,Leave_One_experiments/all_year_offline_schedule_search/daily_outputs/HLA/HLA_2010_HLA2010_normal_grid_S0010_daily.csv
HLA,HLA,Hailun,2010,Leave_One_experiments\wth_generated_qc\HLA\HLA2010.WTH,normal_year;nitrogen_stress_year;low_response_year,normal,HLA2010_normal_grid_S0010,top_profit_low_water,2010-09-02,245,126,121,"{""sim_day"": 126.0, ""doy"": 245.0, ""topwt"": 16091.221923828123, ""grnwt"": 4794.128112792969, ""xlai"": 1.939447045326233, ""totir"": 0.0, ""tofer"": NaN, ""swfac"": 0.0, ""nstres"": 0.271418035030365}",0.0,0.271418035030365,16091.221923828123,4794.128112792969,1.939447045326233,0.0,,0.0,0.0,0.0,150.0,24.01688842773438,24.01688842773438,Leave_One_experiments/all_year_offline_schedule_search/daily_outputs/HLA/HLA_2010_HLA2010_normal_grid_S0010_daily.csv
HLA,HLA,Hailun,2010,Leave_One_experiments\wth_generated_qc\HLA\HLA2010.WTH,normal_year;nitrogen_stress_year;low_response_year,normal,HLA2010_normal_grid_S0010,top_profit_low_water,2010-09-03,246,127,122,"{""sim_day"": 127.0, ""doy"": 246.0, ""topwt"": 16251.20361328125, ""grnwt"": 4954.110107421875, ""xlai"": 1.8827528953552248, ""totir"": 0.0, ""tofer"": NaN, ""swfac"": 0.0, ""nstres"": 0.3015698790550232}",0.0,0.3015698790550232,16251.20361328125,4954.110107421875,1.8827528953552248,0.0,,0.0,0.0,0.0,150.0,24.01688842773438,24.01688842773438,Leave_One_experiments/all_year_offline_schedule_search/daily_outputs/HLA/HLA_2010_HLA2010_normal_grid_S0010_daily.csv
HLA,HLA,Hailun,2010,Leave_One_experiments\wth_generated_qc\HLA\HLA2010.WTH,normal_year;nitrogen_stress_year;low_response_year,normal,HLA2010_normal_grid_S0010,top_profit_low_water,2010-09-04,247,128,123,"{""sim_day"": 128.0, ""doy"": 247.0, ""topwt"": 16371.71875, ""grnwt"": 5114.091796875, ""xlai"": 1.8254187107086184, ""totir"": 0.0, ""tofer"": NaN, ""swfac"": 0.0, ""nstres"": 0.3308548927307129}",0.0,0.3308548927307129,16371.71875,5114.091796875,1.8254187107086184,0.0,,0.0,0.0,0.0,150.0,24.01688842773438,24.01688842773438,Leave_One_experiments/all_year_offline_schedule_search/daily_outputs/HLA/HLA_2010_HLA2010_normal_grid_S0010_daily.csv
HLA,HLA,Hailun,2010,Leave_One_experiments\wth_generated_qc\HLA\HLA2010.WTH,normal_year;nitrogen_stress_year;low_response_year,normal,HLA2010_normal_grid_S0010,top_profit_low_water,2010-09-05,248,129,124,"{""sim_day"": 129.0, ""doy"": 248.0, ""topwt"": 16550.5615234375, ""grnwt"": 5274.073486328125, ""xlai"": 1.7677253484725952, ""totir"": 0.0, ""tofer"": NaN, ""swfac"": 0.0, ""nstres"": 0.3585342764854431}",0.0,0.3585342764854431,16550.5615234375,5274.073486328125,1.7677253484725952,0.0,,0.0,0.0,0.0,150.0,24.01688842773438,24.01688842773438,Leave_One_experiments/all_year_offline_schedule_search/daily_outputs/HLA/HLA_2010_HLA2010_normal_grid_S0010_daily.csv
HLA,HLA,Hailun,2010,Leave_One_experiments\wth_generated_qc\HLA\HLA2010.WTH,normal_year;nitrogen_stress_year;low_response_year,normal,HLA2010_normal_grid_S0010,top_profit_low_water,2010-09-06,249,130,125,"{""sim_day"": 130.0, ""doy"": 249.0, ""topwt"": 16660.301513671875, ""grnwt"": 5363.206787109375, ""xlai"": 1.525723576545715, ""totir"": 0.0, ""tofer"": NaN, ""swfac"": 0.0, ""nstres"": 0.3841398358345032}",0.0,0.3841398358345032,16660.301513671875,5363.206787109375,1.525723576545715,0.0,,0.0,0.0,0.0,150.0,24.01688842773438,24.01688842773438,Leave_One_experiments/all_year_offline_schedule_search/daily_outputs/HLA/HLA_2010_HLA2010_normal_grid_S0010_daily.csv
HLA,HLA,Hailun,2010,Leave_One_experiments\wth_generated_qc\HLA\HLA2010.WTH,normal_year;nitrogen_stress_year;low_response_year,normal,HLA2010_normal_grid_S0010,top_profit_low_water,2010-09-07,250,131,126,"{""sim_day"": 131.0, ""doy"": 250.0, ""topwt"": 16808.856201171875, ""grnwt"": 5511.7608642578125, ""xlai"": 1.4747934341430664, ""totir"": 0.0, ""tofer"": NaN, ""swfac"": 0.0, ""nstres"": 0.4011446237564087}",0.0,0.4011446237564087,16808.856201171875,5511.7608642578125,1.4747934341430664,0.0,,0.0,0.0,0.0,150.0,24.01688842773438,24.01688842773438,Leave_One_experiments/all_year_offline_schedule_search/daily_outputs/HLA/HLA_2010_HLA2010_normal_grid_S0010_daily.csv
HLA,HLA,Hailun,2010,Leave_One_experiments\wth_generated_qc\HLA\HLA2010.WTH,normal_year;nitrogen_stress_year;low_response_year,normal,HLA2010_normal_grid_S0010,top_profit_low_water,2010-09-08,251,132,127,"{""sim_day"": 132.0, ""doy"": 251.0, ""topwt"": 16963.75732421875, ""grnwt"": 5671.7431640625, ""xlai"": 1.4238417148590088, ""totir"": 0.0, ""tofer"": NaN, ""swfac"": 0.0, ""nstres"": 0.4291579127311706}",0.0,0.4291579127311706,16963.75732421875,5671.7431640625,1.4238417148590088,0.0,,0.0,0.0,0.0,150.0,24.01688842773438,24.01688842773438,Leave_One_experiments/all_year_offline_schedule_search/daily_outputs/HLA/HLA_2010_HLA2010_normal_grid_S0010_daily.csv
HLA,HLA,Hailun,2010,Leave_One_experiments\wth_generated_qc\HLA\HLA2010.WTH,normal_year;nitrogen_stress_year;low_response_year,normal,HLA2010_normal_grid_S0010,top_profit_low_water,2010-09-09,252,133,128,"{""sim_day"": 133.0, ""doy"": 252.0, ""topwt"": 17108.79638671875, ""grnwt"": 5831.724853515625, ""xlai"": 1.3731365203857422, ""totir"": 0.0, ""tofer"": NaN, ""swfac"": 0.0, ""nstres"": 0.4546799063682556}",0.0,0.4546799063682556,17108.79638671875,5831.724853515625,1.3731365203857422,0.0,,0.0,0.0,0.0,150.0,24.01688842773438,24.01688842773438,Leave_One_experiments/all_year_offline_schedule_search/daily_outputs/HLA/HLA_2010_HLA2010_normal_grid_S0010_daily.csv
HLA,HLA,Hailun,2010,Leave_One_experiments\wth_generated_qc\HLA\HLA2010.WTH,normal_year;nitrogen_stress_year;low_response_year,normal,HLA2010_normal_grid_S0010,top_profit_low_water,2010-09-10,253,134,129,"{""sim_day"": 134.0, ""doy"": 253.0, ""topwt"": 17242.584228515625, ""grnwt"": 5991.70654296875, ""xlai"": 1.322889804840088, ""totir"": 0.0, ""tofer"": NaN, ""swfac"": 0.0, ""nstres"": 0.4782227277755737}",0.0,0.4782227277755737,17242.584228515625,5991.70654296875,1.322889804840088,0.0,,0.0,0.0,0.0,150.0,24.01688842773438,24.01688842773438,Leave_One_experiments/all_year_offline_schedule_search/daily_outputs/HLA/HLA_2010_HLA2010_normal_grid_S0010_daily.csv
HLA,HLA,Hailun,2010,Leave_One_experiments\wth_generated_qc\HLA\HLA2010.WTH,normal_year;nitrogen_stress_year;low_response_year,normal,HLA2010_normal_grid_S0010,top_profit_low_water,2010-09-11,254,135,130,"{""sim_day"": 135.0, ""doy"": 254.0, ""topwt"": 17362.5537109375, ""grnwt"": 6151.6888427734375, ""xlai"": 1.273235321044922, ""totir"": 0.0, ""tofer"": NaN, ""swfac"": 0.0, ""nstres"": 0.5008355975151062}",0.0,0.5008355975151062,17362.5537109375,6151.6888427734375,1.273235321044922,0.0,,0.0,0.0,0.0,150.0,24.01688842773438,24.01688842773438,Leave_One_experiments/all_year_offline_schedule_search/daily_outputs/HLA/HLA_2010_HLA2010_normal_grid_S0010_daily.csv
HLA,HLA,Hailun,2010,Leave_One_experiments\wth_generated_qc\HLA\HLA2010.WTH,normal_year;nitrogen_stress_year;low_response_year,normal,HLA2010_normal_grid_S0010,top_profit_low_water,2010-09-12,255,136,131,"{""sim_day"": 136.0, ""doy"": 255.0, ""topwt"": 17362.5537109375, ""grnwt"": 6151.6888427734375, ""xlai"": 1.273235321044922, ""totir"": 0.0, ""tofer"": NaN, ""swfac"": 0.0, ""nstres"": 0.5228622555732727}",0.0,0.5228622555732727,17362.5537109375,6151.6888427734375,1.273235321044922,0.0,,0.0,0.0,0.0,150.0,24.01688842773438,24.01688842773438,Leave_One_experiments/all_year_offline_schedule_search/daily_outputs/HLA/HLA_2010_HLA2010_normal_grid_S0010_daily.csv
HLA,HLA,Hailun,2010,Leave_One_experiments\wth_generated_qc\HLA\HLA2010.WTH,normal_year;nitrogen_stress_year;low_response_year,normal,HLA2010_normal_grid_S0010,top_profit_low_water,2010-09-13,256,137,132,"{""sim_day"": 137.0, ""doy"": 256.0, ""topwt"": 17362.5537109375, ""grnwt"": 6151.6888427734375, ""xlai"": 1.273235321044922, ""totir"": 0.0, ""tofer"": NaN, ""swfac"": 0.0, ""nstres"": 0.5228622555732727}",0.0,0.5228622555732727,17362.5537109375,6151.6888427734375,1.273235321044922,0.0,,0.0,0.0,0.0,150.0,24.01688842773438,24.01688842773438,Leave_One_experiments/all_year_offline_schedule_search/daily_outputs/HLA/HLA_2010_HLA2010_normal_grid_S0010_daily.csv
HLA,HLA,Hailun,2010,Leave_One_experiments\wth_generated_qc\HLA\HLA2010.WTH,normal_year;nitrogen_stress_year;low_response_year,normal,HLA2010_normal_grid_S0010,top_profit_low_water,2010-09-14,257,138,133,"{""sim_day"": 138.0, ""doy"": 257.0, ""topwt"": 17362.5537109375, ""grnwt"": 6151.6888427734375, ""xlai"": 1.273235321044922, ""totir"": 0.0, ""tofer"": NaN, ""swfac"": 0.0, ""nstres"": 0.5228622555732727}",0.0,0.5228622555732727,17362.5537109375,6151.6888427734375,1.273235321044922,0.0,,0.0,0.0,0.0,150.0,24.01688842773438,24.01688842773438,Leave_One_experiments/all_year_offline_schedule_search/daily_outputs/HLA/HLA_2010_HLA2010_normal_grid_S0010_daily.csv
HLA,HLA,Hailun,2010,Leave_One_experiments\wth_generated_qc\HLA\HLA2010.WTH,normal_year;nitrogen_stress_year;low_response_year,normal,HLA2010_normal_grid_S0023,top_yield,2010-05-05,125,1,1,"{""sim_day"": 1.0, ""doy"": 125.0, ""topwt"": 0.0, ""grnwt"": 0.0, ""xlai"": 0.0, ""totir"": 0.0, ""tofer"": NaN, ""swfac"": 0.0, ""nstres"": 0.0}",0.0,0.0,0.0,0.0,0.0,0.0,,0.0,75.0,40.0,225.0,-7.442108154296875,8.557891845703125,Leave_One_experiments/all_year_offline_schedule_search/daily_outputs/HLA/HLA_2010_HLA2010_normal_grid_S0023_daily.csv
HLA,HLA,Hailun,2010,Leave_One_experiments\wth_generated_qc\HLA\HLA2010.WTH,normal_year;nitrogen_stress_year;low_response_year,normal,HLA2010_normal_grid_S0023,top_yield,2010-05-06,126,2,2,"{""sim_day"": 2.0, ""doy"": 126.0, ""topwt"": 0.0, ""grnwt"": 0.0, ""xlai"": 0.0, ""totir"": 0.0, ""tofer"": NaN, ""swfac"": 0.0, ""nstres"": 0.0}",0.0,0.0,0.0,0.0,0.0,0.0,,0.0,0.0,40.0,225.0,-7.442108154296875,8.557891845703125,Leave_One_experiments/all_year_offline_schedule_search/daily_outputs/HLA/HLA_2010_HLA2010_normal_grid_S0023_daily.csv
HLA,HLA,Hailun,2010,Leave_One_experiments\wth_generated_qc\HLA\HLA2010.WTH,normal_year;nitrogen_stress_year;low_response_year,normal,HLA2010_normal_grid_S0023,top_yield,2010-05-07,127,3,3,"{""sim_day"": 3.0, ""doy"": 127.0, ""topwt"": 0.0, ""grnwt"": 0.0, ""xlai"": 0.0, ""totir"": 0.0, ""tofer"": NaN, ""swfac"": 0.0, ""nstres"": 0.0}",0.0,0.0,0.0,0.0,0.0,0.0,,0.0,0.0,40.0,225.0,-7.442108154296875,8.557891845703125,Leave_One_experiments/all_year_offline_schedule_search/daily_outputs/HLA/HLA_2010_HLA2010_normal_grid_S0023_daily.csv
HLA,HLA,Hailun,2010,Leave_One_experiments\wth_generated_qc\HLA\HLA2010.WTH,normal_year;nitrogen_stress_year;low_response_year,normal,HLA2010_normal_grid_S0023,top_yield,2010-05-08,128,4,4,"{""sim_day"": 4.0, ""doy"": 128.0, ""topwt"": 0.0, ""grnwt"": 0.0, ""xlai"": 0.0, ""totir"": 0.0, ""tofer"": NaN, ""swfac"": 0.0, ""nstres"": 0.0}",0.0,0.0,0.0,0.0,0.0,0.0,,0.0,0.0,40.0,225.0,-7.442108154296875,8.557891845703125,Leave_One_experiments/all_year_offline_schedule_search/daily_outputs/HLA/HLA_2010_HLA2010_normal_grid_S0023_daily.csv
HLA,HLA,Hailun,2010,Leave_One_experiments\wth_generated_qc\HLA\HLA2010.WTH,normal_year;nitrogen_stress_year;low_response_year,normal,HLA2010_normal_grid_S0023,top_yield,2010-05-09,129,5,5,"{""sim_day"": 5.0, ""doy"": 129.0, ""topwt"": 0.0, ""grnwt"": 0.0, ""xlai"": 0.0, ""totir"": 0.0, ""tofer"": NaN, ""swfac"": 0.0, ""nstres"": 0.0}",0.0,0.0,0.0,0.0,0.0,0.0,,0.0,0.0,40.0,225.0,-7.442108154296875,8.557891845703125,Leave_One_experiments/all_year_offline_schedule_search/daily_outputs/HLA/HLA_2010_HLA2010_normal_grid_S0023_daily.csv
HLA,HLA,Hailun,2010,Leave_One_experiments\wth_generated_qc\HLA\HLA2010.WTH,normal_year;nitrogen_stress_year;low_response_year,normal,HLA2010_normal_grid_S0023,top_yield,2010-05-05,125,6,1,"{""sim_day"": 6.0, ""doy"": 125.0, ""topwt"": 0.0, ""grnwt"": 0.0, ""xlai"": 0.0, ""totir"": 0.0, ""tofer"": NaN, ""swfac"": 0.0, ""nstres"": 0.0}",0.0,0.0,0.0,0.0,0.0,0.0,,0.0,0.0,40.0,225.0,-7.442108154296875,8.557891845703125,Leave_One_experiments/all_year_offline_schedule_search/daily_outputs/HLA/HLA_2010_HLA2010_normal_grid_S0023_daily.csv
HLA,HLA,Hailun,2010,Leave_One_experiments\wth_generated_qc\HLA\HLA2010.WTH,normal_year;nitrogen_stress_year;low_response_year,normal,HLA2010_normal_grid_S0023,top_yield,2010-05-06,126,7,2,"{""sim_day"": 7.0, ""doy"": 126.0, ""topwt"": 0.0, ""grnwt"": 0.0, ""xlai"": 0.0, ""totir"": 0.0, ""tofer"": NaN, ""swfac"": 0.0, ""nstres"": 0.0}",0.0,0.0,0.0,0.0,0.0,0.0,,0.0,0.0,40.0,225.0,-7.442108154296875,8.557891845703125,Leave_One_experiments/all_year_offline_schedule_search/daily_outputs/HLA/HLA_2010_HLA2010_normal_grid_S0023_daily.csv
HLA,HLA,Hailun,2010,Leave_One_experiments\wth_generated_qc\HLA\HLA2010.WTH,normal_year;nitrogen_stress_year;low_response_year,normal,HLA2010_normal_grid_S0023,top_yield,2010-05-07,127,8,3,"{""sim_day"": 8.0, ""doy"": 127.0, ""topwt"": 0.0, ""grnwt"": 0.0, ""xlai"": 0.0, ""totir"": 0.0, ""tofer"": NaN, ""swfac"": 0.0, ""nstres"": 0.0}",0.0,0.0,0.0,0.0,0.0,0.0,,0.0,0.0,40.0,225.0,-7.442108154296875,8.557891845703125,Leave_One_experiments/all_year_offline_schedule_search/daily_outputs/HLA/HLA_2010_HLA2010_normal_grid_S0023_daily.csv
HLA,HLA,Hailun,2010,Leave_One_experiments\wth_generated_qc\HLA\HLA2010.WTH,normal_year;nitrogen_stress_year;low_response_year,normal,HLA2010_normal_grid_S0023,top_yield,2010-05-08,128,9,4,"{""sim_day"": 9.0, ""doy"": 128.0, ""topwt"": 0.0, ""grnwt"": 0.0, ""xlai"": 0.0, ""totir"": 0.0, ""tofer"": NaN, ""swfac"": 0.0, ""nstres"": 0.0}",0.0,0.0,0.0,0.0,0.0,0.0,,0.0,0.0,40.0,225.0,-7.442108154296875,8.557891845703125,Leave_One_experiments/all_year_offline_schedule_search/daily_outputs/HLA/HLA_2010_HLA2010_normal_grid_S0023_daily.csv
HLA,HLA,Hailun,2010,Leave_One_experiments\wth_generated_qc\HLA\HLA2010.WTH,normal_year;nitrogen_stress_year;low_response_year,normal,HLA2010_normal_grid_S0023,top_yield,2010-05-09,129,10,5,"{""sim_day"": 10.0, ""doy"": 129.0, ""topwt"": 0.0, ""grnwt"": 0.0, ""xlai"": 0.0, ""totir"": 0.0, ""tofer"": NaN, ""swfac"": 0.0, ""nstres"": 0.0}",0.0,0.0,0.0,0.0,0.0,0.0,,0.0,0.0,40.0,225.0,-7.442108154296875,8.557891845703125,Leave_One_experiments/all_year_offline_schedule_search/daily_outputs/HLA/HLA_2010_HLA2010_normal_grid_S0023_daily.csv
HLA,HLA,Hailun,2010,Leave_One_experiments\wth_generated_qc\HLA\HLA2010.WTH,normal_year;nitrogen_stress_year;low_response_year,normal,HLA2010_normal_grid_S0023,top_yield,2010-05-10,130,11,6,"{""sim_day"": 11.0, ""doy"": 130.0, ""topwt"": 0.0, ""grnwt"": 0.0, ""xlai"": 0.0, ""totir"": 0.0, ""tofer"": NaN, ""swfac"": 0.0, ""nstres"": 0.0}",0.0,0.0,0.0,0.0,0.0,0.0,,0.0,0.0,40.0,225.0,-7.442108154296875,8.557891845703125,Leave_One_experiments/all_year_offline_schedule_search/daily_outputs/HLA/HLA_2010_HLA2010_normal_grid_S0023_daily.csv
HLA,HLA,Hailun,2010,Leave_One_experiments\wth_generated_qc\HLA\HLA2010.WTH,normal_year;nitrogen_stress_year;low_response_year,normal,HLA2010_normal_grid_S0023,top_yield,2010-05-11,131,12,7,"{""sim_day"": 12.0, ""doy"": 131.0, ""topwt"": 0.0, ""grnwt"": 0.0, ""xlai"": 0.0, ""totir"": 0.0, ""tofer"": NaN, ""swfac"": 0.0, ""nstres"": 0.0}",0.0,0.0,0.0,0.0,0.0,0.0,,0.0,0.0,40.0,225.0,-7.442108154296875,8.557891845703125,Leave_One_experiments/all_year_offline_schedule_search/daily_outputs/HLA/HLA_2010_HLA2010_normal_grid_S0023_daily.csv
HLA,HLA,Hailun,2010,Leave_One_experiments\wth_generated_qc\HLA\HLA2010.WTH,normal_year;nitrogen_stress_year;low_response_year,normal,HLA2010_normal_grid_S0023,top_yield,2010-05-12,132,13,8,"{""sim_day"": 13.0, ""doy"": 132.0, ""topwt"": 0.0, ""grnwt"": 0.0, ""xlai"": 0.0, ""totir"": 0.0, ""tofer"": NaN, ""swfac"": 0.0, ""nstres"": 0.0}",0.0,0.0,0.0,0.0,0.0,0.0,,0.0,0.0,40.0,225.0,-7.442108154296875,8.557891845703125,Leave_One_experiments/all_year_offline_schedule_search/daily_outputs/HLA/HLA_2010_HLA2010_normal_grid_S0023_daily.csv
HLA,HLA,Hailun,2010,Leave_One_experiments\wth_generated_qc\HLA\HLA2010.WTH,normal_year;nitrogen_stress_year;low_response_year,normal,HLA2010_normal_grid_S0023,top_yield,2010-05-13,133,14,9,"{""sim_day"": 14.0, ""doy"": 133.0, ""topwt"": 0.0, ""grnwt"": 0.0, ""xlai"": 0.0, ""totir"": 0.0, ""tofer"": NaN, ""swfac"": 0.0, ""nstres"": 0.0}",0.0,0.0,0.0,0.0,0.0,0.0,,0.0,0.0,40.0,225.0,-7.442108154296875,8.557891845703125,Leave_One_experiments/all_year_offline_schedule_search/daily_outputs/HLA/HLA_2010_HLA2010_normal_grid_S0023_daily.csv
HLA,HLA,Hailun,2010,Leave_One_experiments\wth_generated_qc\HLA\HLA2010.WTH,normal_year;nitrogen_stress_year;low_response_year,normal,HLA2010_normal_grid_S0023,top_yield,2010-05-14,134,15,10,"{""sim_day"": 15.0, ""doy"": 134.0, ""topwt"": 0.0, ""grnwt"": 0.0, ""xlai"": 0.0, ""totir"": 0.0, ""tofer"": NaN, ""swfac"": 0.0, ""nstres"": 0.0}",0.0,0.0,0.0,0.0,0.0,0.0,,0.0,0.0,40.0,225.0,-7.442108154296875,8.557891845703125,Leave_One_experiments/all_year_offline_schedule_search/daily_outputs/HLA/HLA_2010_HLA2010_normal_grid_S0023_daily.csv
HLA,HLA,Hailun,2010,Leave_One_experiments\wth_generated_qc\HLA\HLA2010.WTH,normal_year;nitrogen_stress_year;low_response_year,normal,HLA2010_normal_grid_S0023,top_yield,2010-05-15,135,16,11,"{""sim_day"": 16.0, ""doy"": 135.0, ""topwt"": 0.0, ""grnwt"": 0.0, ""xlai"": 0.0, ""totir"": 0.0, ""tofer"": NaN, ""swfac"": 0.0, ""nstres"": 0.0}",0.0,0.0,0.0,0.0,0.0,0.0,,0.0,0.0,40.0,225.0,-7.442108154296875,8.557891845703125,Leave_One_experiments/all_year_offline_schedule_search/daily_outputs/HLA/HLA_2010_HLA2010_normal_grid_S0023_daily.csv
HLA,HLA,Hailun,2010,Leave_One_experiments\wth_generated_qc\HLA\HLA2010.WTH,normal_year;nitrogen_stress_year;low_response_year,normal,HLA2010_normal_grid_S0023,top_yield,2010-05-16,136,17,12,"{""sim_day"": 17.0, ""doy"": 136.0, ""topwt"": 0.0, ""grnwt"": 0.0, ""xlai"": 0.0, ""totir"": 0.0, ""tofer"": NaN, ""swfac"": 0.0, ""nstres"": 0.0}",0.0,0.0,0.0,0.0,0.0,0.0,,0.0,0.0,40.0,225.0,-7.442108154296875,8.557891845703125,Leave_One_experiments/all_year_offline_schedule_search/daily_outputs/HLA/HLA_2010_HLA2010_normal_grid_S0023_daily.csv
HLA,HLA,Hailun,2010,Leave_One_experiments\wth_generated_qc\HLA\HLA2010.WTH,normal_year;nitrogen_stress_year;low_response_year,normal,HLA2010_normal_grid_S0023,top_yield,2010-05-17,137,18,13,"{""sim_day"": 18.0, ""doy"": 137.0, ""topwt"": 0.0, ""grnwt"": 0.0, ""xlai"": 0.0, ""totir"": 0.0, ""tofer"": NaN, ""swfac"": 0.0, ""nstres"": 0.0}",0.0,0.0,0.0,0.0,0.0,0.0,,0.0,0.0,40.0,225.0,-7.442108154296875,8.557891845703125,Leave_One_experiments/all_year_offline_schedule_search/daily_outputs/HLA/HLA_2010_HLA2010_normal_grid_S0023_daily.csv
HLA,HLA,Hailun,2010,Leave_One_experiments\wth_generated_qc\HLA\HLA2010.WTH,normal_year;nitrogen_stress_year;low_response_year,normal,HLA2010_normal_grid_S0023,top_yield,2010-05-18,138,19,14,"{""sim_day"": 19.0, ""doy"": 138.0, ""topwt"": 0.0, ""grnwt"": 0.0, ""xlai"": 0.0, ""totir"": 0.0, ""tofer"": NaN, ""swfac"": 0.0, ""nstres"": 0.0}",0.0,0.0,0.0,0.0,0.0,0.0,,0.0,0.0,40.0,225.0,-7.442108154296875,8.557891845703125,Leave_One_experiments/all_year_offline_schedule_search/daily_outputs/HLA/HLA_2010_HLA2010_normal_grid_S0023_daily.csv
HLA,HLA,Hailun,2010,Leave_One_experiments\wth_generated_qc\HLA\HLA2010.WTH,normal_year;nitrogen_stress_year;low_response_year,normal,HLA2010_normal_grid_S0023,top_yield,2010-05-19,139,20,15,"{""sim_day"": 20.0, ""doy"": 139.0, ""topwt"": 20.0, ""grnwt"": 0.0, ""xlai"": 0.0016260230913758, ""totir"": 0.0, ""tofer"": NaN, ""swfac"": 0.0, ""nstres"": 0.0121910572052001}",0.0,0.0121910572052001,20.0,0.0,0.0016260230913758,0.0,,0.0,0.0,40.0,225.0,-7.442108154296875,8.557891845703125,Leave_One_experiments/all_year_offline_schedule_search/daily_outputs/HLA/HLA_2010_HLA2010_normal_grid_S0023_daily.csv
HLA,HLA,Hailun,2010,Leave_One_experiments\wth_generated_qc\HLA\HLA2010.WTH,normal_year;nitrogen_stress_year;low_response_year,normal,HLA2010_normal_grid_S0023,top_yield,2010-05-20,140,21,16,"{""sim_day"": 21.0, ""doy"": 140.0, ""topwt"": 20.0, ""grnwt"": 0.0, ""xlai"": 0.0036296278703957, ""totir"": 0.0, ""tofer"": NaN, ""swfac"": 0.0, ""nstres"": 0.015815258026123}",0.0,0.015815258026123,20.0,0.0,0.0036296278703957,0.0,,0.0,0.0,40.0,225.0,-7.442108154296875,8.557891845703125,Leave_One_experiments/all_year_offline_schedule_search/daily_outputs/HLA/HLA_2010_HLA2010_normal_grid_S0023_daily.csv
HLA,HLA,Hailun,2010,Leave_One_experiments\wth_generated_qc\HLA\HLA2010.WTH,normal_year;nitrogen_stress_year;low_response_year,normal,HLA2010_normal_grid_S0023,top_yield,2010-05-21,141,22,17,"{""sim_day"": 22.0, ""doy"": 141.0, ""topwt"": 20.0, ""grnwt"": 0.0, ""xlai"": 0.0062261009588837, ""totir"": 0.0, ""tofer"": NaN, ""swfac"": 0.0, ""nstres"": 0.0106118917465209}",0.0,0.0106118917465209,20.0,0.0,0.0062261009588837,0.0,,0.0,0.0,40.0,225.0,-7.442108154296875,8.557891845703125,Leave_One_experiments/all_year_offline_schedule_search/daily_outputs/HLA/HLA_2010_HLA2010_normal_grid_S0023_daily.csv
HLA,HLA,Hailun,2010,Leave_One_experiments\wth_generated_qc\HLA\HLA2010.WTH,normal_year;nitrogen_stress_year;low_response_year,normal,HLA2010_normal_grid_S0023,top_yield,2010-05-22,142,23,18,"{""sim_day"": 23.0, ""doy"": 142.0, ""topwt"": 20.0, ""grnwt"": 0.0, ""xlai"": 0.0099214306101202, ""totir"": 0.0, ""tofer"": NaN, ""swfac"": 0.0, ""nstres"": 0.0041295289993286}",0.0,0.0041295289993286,20.0,0.0,0.0099214306101202,0.0,,0.0,0.0,40.0,225.0,-7.442108154296875,8.557891845703125,Leave_One_experiments/all_year_offline_schedule_search/daily_outputs/HLA/HLA_2010_HLA2010_normal_grid_S0023_daily.csv
HLA,HLA,Hailun,2010,Leave_One_experiments\wth_generated_qc\HLA\HLA2010.WTH,normal_year;nitrogen_stress_year;low_response_year,normal,HLA2010_normal_grid_S0023,top_yield,2010-05-23,143,24,19,"{""sim_day"": 24.0, ""doy"": 143.0, ""topwt"": 20.0, ""grnwt"": 0.0, ""xlai"": 0.0136429574340581, ""totir"": 0.0, ""tofer"": NaN, ""swfac"": 0.0, ""nstres"": 0.0}",0.0,0.0,20.0,0.0,0.0136429574340581,0.0,,0.0,0.0,40.0,225.0,-7.442108154296875,8.557891845703125,Leave_One_experiments/all_year_offline_schedule_search/daily_outputs/HLA/HLA_2010_HLA2010_normal_grid_S0023_daily.csv
HLA,HLA,Hailun,2010,Leave_One_experiments\wth_generated_qc\HLA\HLA2010.WTH,normal_year;nitrogen_stress_year;low_response_year,normal,HLA2010_normal_grid_S0023,top_yield,2010-05-24,144,25,20,"{""sim_day"": 25.0, ""doy"": 144.0, ""topwt"": 20.0, ""grnwt"": 0.0, ""xlai"": 0.0243844017386436, ""totir"": 0.0, ""tofer"": NaN, ""swfac"": 0.0, ""nstres"": 0.0}",0.0,0.0,20.0,0.0,0.0243844017386436,0.0,,0.0,0.0,40.0,225.0,-7.442108154296875,8.557891845703125,Leave_One_experiments/all_year_offline_schedule_search/daily_outputs/HLA/HLA_2010_HLA2010_normal_grid_S0023_daily.csv
HLA,HLA,Hailun,2010,Leave_One_experiments\wth_generated_qc\HLA\HLA2010.WTH,normal_year;nitrogen_stress_year;low_response_year,normal,HLA2010_normal_grid_S0023,top_yield,2010-05-25,145,26,21,"{""sim_day"": 26.0, ""doy"": 145.0, ""topwt"": 19.99795198440552, ""grnwt"": 0.0, ""xlai"": 0.034325148910284, ""totir"": 0.0, ""tofer"": NaN, ""swfac"": 0.0, ""nstres"": 0.0}",0.0,0.0,19.99795198440552,0.0,0.034325148910284,0.0,,0.0,0.0,40.0,225.0,-7.442108154296875,8.557891845703125,Leave_One_experiments/all_year_offline_schedule_search/daily_outputs/HLA/HLA_2010_HLA2010_normal_grid_S0023_daily.csv
HLA,HLA,Hailun,2010,Leave_One_experiments\wth_generated_qc\HLA\HLA2010.WTH,normal_year;nitrogen_stress_year;low_response_year,normal,HLA2010_normal_grid_S0023,top_yield,2010-05-26,146,27,22,"{""sim_day"": 27.0, ""doy"": 146.0, ""topwt"": 24.446492195129395, ""grnwt"": 0.0, ""xlai"": 0.0460327453911304, ""totir"": 0.0, ""tofer"": NaN, ""swfac"": 0.0, ""nstres"": 0.0}",0.0,0.0,24.446492195129395,0.0,0.0460327453911304,0.0,,0.0,0.0,40.0,225.0,-7.442108154296875,8.557891845703125,Leave_One_experiments/all_year_offline_schedule_search/daily_outputs/HLA/HLA_2010_HLA2010_normal_grid_S0023_daily.csv
HLA,HLA,Hailun,2010,Leave_One_experiments\wth_generated_qc\HLA\HLA2010.WTH,normal_year;nitrogen_stress_year;low_response_year,normal,HLA2010_normal_grid_S0023,top_yield,2010-05-27,147,28,23,"{""sim_day"": 28.0, ""doy"": 147.0, ""topwt"": 30.377068519592285, ""grnwt"": 0.0, ""xlai"": 0.0605474710464477, ""totir"": 0.0, ""tofer"": NaN, ""swfac"": 0.0, ""nstres"": 0.0}",0.0,0.0,30.377068519592285,0.0,0.0605474710464477,0.0,,0.0,0.0,40.0,225.0,-7.442108154296875,8.557891845703125,Leave_One_experiments/all_year_offline_schedule_search/daily_outputs/HLA/HLA_2010_HLA2010_normal_grid_S0023_daily.csv
HLA,HLA,Hailun,2010,Leave_One_experiments\wth_generated_qc\HLA\HLA2010.WTH,normal_year;nitrogen_stress_year;low_response_year,normal,HLA2010_normal_grid_S0023,top_yield,2010-05-28,148,29,24,"{""sim_day"": 29.0, ""doy"": 148.0, ""topwt"": 36.1956262588501, ""grnwt"": 0.0, ""xlai"": 0.0739538222551345, ""totir"": 0.0, ""tofer"": NaN, ""swfac"": 0.0, ""nstres"": 0.0}",0.0,0.0,36.1956262588501,0.0,0.0739538222551345,0.0,,0.0,0.0,40.0,225.0,-7.442108154296875,8.557891845703125,Leave_One_experiments/all_year_offline_schedule_search/daily_outputs/HLA/HLA_2010_HLA2010_normal_grid_S0023_daily.csv
HLA,HLA,Hailun,2010,Leave_One_experiments\wth_generated_qc\HLA\HLA2010.WTH,normal_year;nitrogen_stress_year;low_response_year,normal,HLA2010_normal_grid_S0023,top_yield,2010-05-29,149,30,25,"{""sim_day"": 30.0, ""doy"": 149.0, ""topwt"": 43.89819145202637, ""grnwt"": 0.0, ""xlai"": 0.0907927230000495, ""totir"": 0.0, ""tofer"": NaN, ""swfac"": 0.0, ""nstres"": 0.0}",0.0,0.0,43.89819145202637,0.0,0.0907927230000495,0.0,,0.0,0.0,40.0,225.0,-7.442108154296875,8.557891845703125,Leave_One_experiments/all_year_offline_schedule_search/daily_outputs/HLA/HLA_2010_HLA2010_normal_grid_S0023_daily.csv
HLA,HLA,Hailun,2010,Leave_One_experiments\wth_generated_qc\HLA\HLA2010.WTH,normal_year;nitrogen_stress_year;low_response_year,normal,HLA2010_normal_grid_S0023,top_yield,2010-05-30,150,31,26,"{""sim_day"": 31.0, ""doy"": 150.0, ""topwt"": 53.34643363952637, ""grnwt"": 0.0, ""xlai"": 0.1104001924395561, ""totir"": 0.0, ""tofer"": NaN, ""swfac"": 0.0, ""nstres"": 0.0}",0.0,0.0,53.34643363952637,0.0,0.1104001924395561,0.0,,0.0,0.0,40.0,225.0,-7.442108154296875,8.557891845703125,Leave_One_experiments/all_year_offline_schedule_search/daily_outputs/HLA/HLA_2010_HLA2010_normal_grid_S0023_daily.csv
HLA,HLA,Hailun,2010,Leave_One_experiments\wth_generated_qc\HLA\HLA2010.WTH,normal_year;nitrogen_stress_year;low_response_year,normal,HLA2010_normal_grid_S0023,top_yield,2010-05-31,151,32,27,"{""sim_day"": 32.0, ""doy"": 151.0, ""topwt"": 65.44400215148926, ""grnwt"": 0.0, ""xlai"": 0.1342559903860092, ""totir"": 0.0, ""tofer"": NaN, ""swfac"": 0.0, ""nstres"": 0.0}",0.0,0.0,65.44400215148926,0.0,0.1342559903860092,0.0,,0.0,0.0,40.0,225.0,-7.442108154296875,8.557891845703125,Leave_One_experiments/all_year_offline_schedule_search/daily_outputs/HLA/HLA_2010_HLA2010_normal_grid_S0023_daily.csv
HLA,HLA,Hailun,2010,Leave_One_experiments\wth_generated_qc\HLA\HLA2010.WTH,normal_year;nitrogen_stress_year;low_response_year,normal,HLA2010_normal_grid_S0023,top_yield,2010-06-01,152,33,28,"{""sim_day"": 33.0, ""doy"": 152.0, ""topwt"": 78.03916454315186, ""grnwt"": 0.0, ""xlai"": 0.1579608768224716, ""totir"": 0.0, ""tofer"": NaN, ""swfac"": 0.0, ""nstres"": 0.0}",0.0,0.0,78.03916454315186,0.0,0.1579608768224716,0.0,,0.0,0.0,40.0,225.0,-7.442108154296875,8.557891845703125,Leave_One_experiments/all_year_offline_schedule_search/daily_outputs/HLA/HLA_2010_HLA2010_normal_grid_S0023_daily.csv
HLA,HLA,Hailun,2010,Leave_One_experiments\wth_generated_qc\HLA\HLA2010.WTH,normal_year;nitrogen_stress_year;low_response_year,normal,HLA2010_normal_grid_S0023,top_yield,2010-06-02,153,34,29,"{""sim_day"": 34.0, ""doy"": 153.0, ""topwt"": 96.1761474609375, ""grnwt"": 0.0, ""xlai"": 0.1905551999807357, ""totir"": 0.0, ""tofer"": NaN, ""swfac"": 0.0, ""nstres"": 0.0}",0.0,0.0,96.1761474609375,0.0,0.1905551999807357,0.0,,0.0,0.0,40.0,225.0,-7.442108154296875,8.557891845703125,Leave_One_experiments/all_year_offline_schedule_search/daily_outputs/HLA/HLA_2010_HLA2010_normal_grid_S0023_daily.csv
HLA,HLA,Hailun,2010,Leave_One_experiments\wth_generated_qc\HLA\HLA2010.WTH,normal_year;nitrogen_stress_year;low_response_year,normal,HLA2010_normal_grid_S0023,top_yield,2010-06-03,154,35,30,"{""sim_day"": 35.0, ""doy"": 154.0, ""topwt"": 122.00528144836426, ""grnwt"": 0.0, ""xlai"": 0.2346067279577255, ""totir"": 0.0, ""tofer"": NaN, ""swfac"": 0.0, ""nstres"": 0.0}",0.0,0.0,122.00528144836426,0.0,0.2346067279577255,0.0,,0.0,75.0,40.0,225.0,-7.442108154296875,8.557891845703125,Leave_One_experiments/all_year_offline_schedule_search/daily_outputs/HLA/HLA_2010_HLA2010_normal_grid_S0023_daily.csv
HLA,HLA,Hailun,2010,Leave_One_experiments\wth_generated_qc\HLA\HLA2010.WTH,normal_year;nitrogen_stress_year;low_response_year,normal,HLA2010_normal_grid_S0023,top_yield,2010-06-04,155,36,31,"{""sim_day"": 36.0, ""doy"": 155.0, ""topwt"": 150.54271697998047, ""grnwt"": 0.0, ""xlai"": 0.2808497548103332, ""totir"": 0.0, ""tofer"": NaN, ""swfac"": 0.0, ""nstres"": 0.0}",0.0,0.0,150.54271697998047,0.0,0.2808497548103332,0.0,,0.0,0.0,40.0,225.0,-7.442108154296875,8.557891845703125,Leave_One_experiments/all_year_offline_schedule_search/daily_outputs/HLA/HLA_2010_HLA2010_normal_grid_S0023_daily.csv
HLA,HLA,Hailun,2010,Leave_One_experiments\wth_generated_qc\HLA\HLA2010.WTH,normal_year;nitrogen_stress_year;low_response_year,normal,HLA2010_normal_grid_S0023,top_yield,2010-06-05,156,37,32,"{""sim_day"": 37.0, ""doy"": 156.0, ""topwt"": 165.0763702392578, ""grnwt"": 0.0, ""xlai"": 0.3242824375629425, ""totir"": 0.0, ""tofer"": NaN, ""swfac"": 0.0, ""nstres"": 0.0}",0.0,0.0,165.0763702392578,0.0,0.3242824375629425,0.0,,0.0,0.0,40.0,225.0,-7.442108154296875,8.557891845703125,Leave_One_experiments/all_year_offline_schedule_search/daily_outputs/HLA/HLA_2010_HLA2010_normal_grid_S0023_daily.csv
HLA,HLA,Hailun,2010,Leave_One_experiments\wth_generated_qc\HLA\HLA2010.WTH,normal_year;nitrogen_stress_year;low_response_year,normal,HLA2010_normal_grid_S0023,top_yield,2010-06-06,157,38,33,"{""sim_day"": 38.0, ""doy"": 157.0, ""topwt"": 206.42765045166016, ""grnwt"": 0.0, ""xlai"": 0.3910892903804779, ""totir"": 0.0, ""tofer"": NaN, ""swfac"": 0.0, ""nstres"": 0.0049310326576232}",0.0,0.0049310326576232,206.42765045166016,0.0,0.3910892903804779,0.0,,0.0,0.0,40.0,225.0,-7.442108154296875,8.557891845703125,Leave_One_experiments/all_year_offline_schedule_search/daily_outputs/HLA/HLA_2010_HLA2010_normal_grid_S0023_daily.csv
HLA,HLA,Hailun,2010,Leave_One_experiments\wth_generated_qc\HLA\HLA2010.WTH,normal_year;nitrogen_stress_year;low_response_year,normal,HLA2010_normal_grid_S0023,top_yield,2010-06-07,158,39,34,"{""sim_day"": 39.0, ""doy"": 158.0, ""topwt"": 261.2944793701172, ""grnwt"": 0.0, ""xlai"": 0.4753253757953644, ""totir"": 0.0, ""tofer"": NaN, ""swfac"": 0.0, ""nstres"": 0.0}",0.0,0.0,261.2944793701172,0.0,0.4753253757953644,0.0,,0.0,0.0,40.0,225.0,-7.442108154296875,8.557891845703125,Leave_One_experiments/all_year_offline_schedule_search/daily_outputs/HLA/HLA_2010_HLA2010_normal_grid_S0023_daily.csv
HLA,HLA,Hailun,2010,Leave_One_experiments\wth_generated_qc\HLA\HLA2010.WTH,normal_year;nitrogen_stress_year;low_response_year,normal,HLA2010_normal_grid_S0023,top_yield,2010-06-08,159,40,35,"{""sim_day"": 40.0, ""doy"": 159.0, ""topwt"": 313.31790924072266, ""grnwt"": 0.0, ""xlai"": 0.5516181588172913, ""totir"": 0.0, ""tofer"": NaN, ""swfac"": 0.0, ""nstres"": 0.0}",0.0,0.0,313.31790924072266,0.0,0.5516181588172913,0.0,,0.0,0.0,40.0,225.0,-7.442108154296875,8.557891845703125,Leave_One_experiments/all_year_offline_schedule_search/daily_outputs/HLA/HLA_2010_HLA2010_normal_grid_S0023_daily.csv
HLA,HLA,Hailun,2010,Leave_One_experiments\wth_generated_qc\HLA\HLA2010.WTH,normal_year;nitrogen_stress_year;low_response_year,normal,HLA2010_normal_grid_S0023,top_yield,2010-06-09,160,41,36,"{""sim_day"": 41.0, ""doy"": 160.0, ""topwt"": 386.2588119506836, ""grnwt"": 0.0, ""xlai"": 0.6540697813034058, ""totir"": 0.0, ""tofer"": NaN, ""swfac"": 0.0, ""nstres"": 0.0}",0.0,0.0,386.2588119506836,0.0,0.6540697813034058,0.0,,0.0,0.0,40.0,225.0,-7.442108154296875,8.557891845703125,Leave_One_experiments/all_year_offline_schedule_search/daily_outputs/HLA/HLA_2010_HLA2010_normal_grid_S0023_daily.csv
HLA,HLA,Hailun,2010,Leave_One_experiments\wth_generated_qc\HLA\HLA2010.WTH,normal_year;nitrogen_stress_year;low_response_year,normal,HLA2010_normal_grid_S0023,top_yield,2010-06-10,161,42,37,"{""sim_day"": 42.0, ""doy"": 161.0, ""topwt"": 472.3786926269531, ""grnwt"": 0.0, ""xlai"": 0.7696998119354248, ""totir"": 0.0, ""tofer"": NaN, ""swfac"": 0.0, ""nstres"": 0.0}",0.0,0.0,472.3786926269531,0.0,0.7696998119354248,0.0,,0.0,0.0,40.0,225.0,-7.442108154296875,8.557891845703125,Leave_One_experiments/all_year_offline_schedule_search/daily_outputs/HLA/HLA_2010_HLA2010_normal_grid_S0023_daily.csv
HLA,HLA,Hailun,2010,Leave_One_experiments\wth_generated_qc\HLA\HLA2010.WTH,normal_year;nitrogen_stress_year;low_response_year,normal,HLA2010_normal_grid_S0023,top_yield,2010-06-11,162,43,38,"{""sim_day"": 43.0, ""doy"": 162.0, ""topwt"": 537.2830963134766, ""grnwt"": 0.0, ""xlai"": 0.8537572026252747, ""totir"": 0.0, ""tofer"": NaN, ""swfac"": 0.0, ""nstres"": 0.0}",0.0,0.0,537.2830963134766,0.0,0.8537572026252747,0.0,,0.0,0.0,40.0,225.0,-7.442108154296875,8.557891845703125,Leave_One_experiments/all_year_offline_schedule_search/daily_outputs/HLA/HLA_2010_HLA2010_normal_grid_S0023_daily.csv
HLA,HLA,Hailun,2010,Leave_One_experiments\wth_generated_qc\HLA\HLA2010.WTH,normal_year;nitrogen_stress_year;low_response_year,normal,HLA2010_normal_grid_S0023,top_yield,2010-06-12,163,44,39,"{""sim_day"": 44.0, ""doy"": 163.0, ""topwt"": 611.8573760986328, ""grnwt"": 0.0, ""xlai"": 0.9446287751197816, ""totir"": 0.0, ""tofer"": NaN, ""swfac"": 0.0, ""nstres"": 0.0}",0.0,0.0,611.8573760986328,0.0,0.9446287751197816,0.0,,0.0,0.0,40.0,225.0,-7.442108154296875,8.557891845703125,Leave_One_experiments/all_year_offline_schedule_search/daily_outputs/HLA/HLA_2010_HLA2010_normal_grid_S0023_daily.csv
HLA,HLA,Hailun,2010,Leave_One_experiments\wth_generated_qc\HLA\HLA2010.WTH,normal_year;nitrogen_stress_year;low_response_year,normal,HLA2010_normal_grid_S0023,top_yield,2010-06-13,164,45,40,"{""sim_day"": 45.0, ""doy"": 164.0, ""topwt"": 707.1482849121094, ""grnwt"": 0.0, ""xlai"": 1.0651538372039795, ""totir"": 0.0, ""tofer"": NaN, ""swfac"": 0.0, ""nstres"": 0.0}",0.0,0.0,707.1482849121094,0.0,1.0651538372039795,0.0,,0.0,0.0,40.0,225.0,-7.442108154296875,8.557891845703125,Leave_One_experiments/all_year_offline_schedule_search/daily_outputs/HLA/HLA_2010_HLA2010_normal_grid_S0023_daily.csv
HLA,HLA,Hailun,2010,Leave_One_experiments\wth_generated_qc\HLA\HLA2010.WTH,normal_year;nitrogen_stress_year;low_response_year,normal,HLA2010_normal_grid_S0023,top_yield,2010-06-14,165,46,41,"{""sim_day"": 46.0, ""doy"": 165.0, ""topwt"": 794.0888977050781, ""grnwt"": 0.0, ""xlai"": 1.1709471940994265, ""totir"": 0.0, ""tofer"": NaN, ""swfac"": 0.0, ""nstres"": 0.0}",0.0,0.0,794.0888977050781,0.0,1.1709471940994265,0.0,,0.0,0.0,40.0,225.0,-7.442108154296875,8.557891845703125,Leave_One_experiments/all_year_offline_schedule_search/daily_outputs/HLA/HLA_2010_HLA2010_normal_grid_S0023_daily.csv
HLA,HLA,Hailun,2010,Leave_One_experiments\wth_generated_qc\HLA\HLA2010.WTH,normal_year;nitrogen_stress_year;low_response_year,normal,HLA2010_normal_grid_S0023,top_yield,2010-06-15,166,47,42,"{""sim_day"": 47.0, ""doy"": 166.0, ""topwt"": 885.2169799804688, ""grnwt"": 0.0, ""xlai"": 1.2775590419769287, ""totir"": 0.0, ""tofer"": NaN, ""swfac"": 0.0, ""nstres"": 0.0}",0.0,0.0,885.2169799804688,0.0,1.2775590419769287,0.0,,0.0,0.0,40.0,225.0,-7.442108154296875,8.557891845703125,Leave_One_experiments/all_year_offline_schedule_search/daily_outputs/HLA/HLA_2010_HLA2010_normal_grid_S0023_daily.csv
HLA,HLA,Hailun,2010,Leave_One_experiments\wth_generated_qc\HLA\HLA2010.WTH,normal_year;nitrogen_stress_year;low_response_year,normal,HLA2010_normal_grid_S0023,top_yield,2010-06-16,167,48,43,"{""sim_day"": 48.0, ""doy"": 167.0, ""topwt"": 985.6952667236328, ""grnwt"": 0.0, ""xlai"": 1.390086054801941, ""totir"": 0.0, ""tofer"": NaN, ""swfac"": 0.0, ""nstres"": 0.0}",0.0,0.0,985.6952667236328,0.0,1.390086054801941,0.0,,0.0,0.0,40.0,225.0,-7.442108154296875,8.557891845703125,Leave_One_experiments/all_year_offline_schedule_search/daily_outputs/HLA/HLA_2010_HLA2010_normal_grid_S0023_daily.csv
HLA,HLA,Hailun,2010,Leave_One_experiments\wth_generated_qc\HLA\HLA2010.WTH,normal_year;nitrogen_stress_year;low_response_year,normal,HLA2010_normal_grid_S0023,top_yield,2010-06-17,168,49,44,"{""sim_day"": 49.0, ""doy"": 168.0, ""topwt"": 1106.0556030273438, ""grnwt"": 0.0, ""xlai"": 1.5180160999298096, ""totir"": 0.0, ""tofer"": NaN, ""swfac"": 0.0, ""nstres"": 0.0}",0.0,0.0,1106.0556030273438,0.0,1.5180160999298096,0.0,,0.0,0.0,40.0,225.0,-7.442108154296875,8.557891845703125,Leave_One_experiments/all_year_offline_schedule_search/daily_outputs/HLA/HLA_2010_HLA2010_normal_grid_S0023_daily.csv
HLA,HLA,Hailun,2010,Leave_One_experiments\wth_generated_qc\HLA\HLA2010.WTH,normal_year;nitrogen_stress_year;low_response_year,normal,HLA2010_normal_grid_S0023,top_yield,2010-06-18,169,50,45,"{""sim_day"": 50.0, ""doy"": 169.0, ""topwt"": 1243.1282043457031, ""grnwt"": 0.0, ""xlai"": 1.6551618576049805, ""totir"": 0.0, ""tofer"": NaN, ""swfac"": 0.0, ""nstres"": 0.0}",0.0,0.0,1243.1282043457031,0.0,1.6551618576049805,0.0,,0.0,0.0,40.0,225.0,-7.442108154296875,8.557891845703125,Leave_One_experiments/all_year_offline_schedule_search/daily_outputs/HLA/HLA_2010_HLA2010_normal_grid_S0023_daily.csv
HLA,HLA,Hailun,2010,Leave_One_experiments\wth_generated_qc\HLA\HLA2010.WTH,normal_year;nitrogen_stress_year;low_response_year,normal,HLA2010_normal_grid_S0023,top_yield,2010-06-19,170,51,46,"{""sim_day"": 51.0, ""doy"": 170.0, ""topwt"": 1326.1346435546875, ""grnwt"": 0.0, ""xlai"": 1.7348308563232422, ""totir"": 0.0, ""tofer"": NaN, ""swfac"": 0.0, ""nstres"": 0.0}",0.0,0.0,1326.1346435546875,0.0,1.7348308563232422,0.0,,0.0,0.0,40.0,225.0,-7.442108154296875,8.557891845703125,Leave_One_experiments/all_year_offline_schedule_search/daily_outputs/HLA/HLA_2010_HLA2010_normal_grid_S0023_daily.csv
HLA,HLA,Hailun,2010,Leave_One_experiments\wth_generated_qc\HLA\HLA2010.WTH,normal_year;nitrogen_stress_year;low_response_year,normal,HLA2010_normal_grid_S0023,top_yield,2010-06-20,171,52,47,"{""sim_day"": 52.0, ""doy"": 171.0, ""topwt"": 1384.6218872070312, ""grnwt"": 0.0, ""xlai"": 1.789416790008545, ""totir"": 0.0, ""tofer"": NaN, ""swfac"": 0.0, ""nstres"": 0.0}",0.0,0.0,1384.6218872070312,0.0,1.789416790008545,0.0,,0.0,0.0,40.0,225.0,-7.442108154296875,8.557891845703125,Leave_One_experiments/all_year_offline_schedule_search/daily_outputs/HLA/HLA_2010_HLA2010_normal_grid_S0023_daily.csv
HLA,HLA,Hailun,2010,Leave_One_experiments\wth_generated_qc\HLA\HLA2010.WTH,normal_year;nitrogen_stress_year;low_response_year,normal,HLA2010_normal_grid_S0023,top_yield,2010-06-21,172,53,48,"{""sim_day"": 53.0, ""doy"": 172.0, ""topwt"": 1468.958740234375, ""grnwt"": 0.0, ""xlai"": 1.865414261817932, ""totir"": 0.0, ""tofer"": NaN, ""swfac"": 0.0, ""nstres"": 0.0}",0.0,0.0,1468.958740234375,0.0,1.865414261817932,0.0,,0.0,0.0,40.0,225.0,-7.442108154296875,8.557891845703125,Leave_One_experiments/all_year_offline_schedule_search/daily_outputs/HLA/HLA_2010_HLA2010_normal_grid_S0023_daily.csv
HLA,HLA,Hailun,2010,Leave_One_experiments\wth_generated_qc\HLA\HLA2010.WTH,normal_year;nitrogen_stress_year;low_response_year,normal,HLA2010_normal_grid_S0023,top_yield,2010-06-22,173,54,49,"{""sim_day"": 54.0, ""doy"": 173.0, ""topwt"": 1608.2557678222656, ""grnwt"": 0.0, ""xlai"": 1.984086036682129, ""totir"": 0.0, ""tofer"": NaN, ""swfac"": 0.0, ""nstres"": 0.0}",0.0,0.0,1608.2557678222656,0.0,1.984086036682129,0.0,,0.0,0.0,40.0,225.0,-7.442108154296875,8.557891845703125,Leave_One_experiments/all_year_offline_schedule_search/daily_outputs/HLA/HLA_2010_HLA2010_normal_grid_S0023_daily.csv
HLA,HLA,Hailun,2010,Leave_One_experiments\wth_generated_qc\HLA\HLA2010.WTH,normal_year;nitrogen_stress_year;low_response_year,normal,HLA2010_normal_grid_S0023,top_yield,2010-06-23,174,55,50,"{""sim_day"": 55.0, ""doy"": 174.0, ""topwt"": 1793.4432983398438, ""grnwt"": 0.0, ""xlai"": 2.130635023117065, ""totir"": 0.0, ""tofer"": NaN, ""swfac"": 0.0, ""nstres"": 0.0}",0.0,0.0,1793.4432983398438,0.0,2.130635023117065,0.0,,0.0,0.0,40.0,225.0,-7.442108154296875,8.557891845703125,Leave_One_experiments/all_year_offline_schedule_search/daily_outputs/HLA/HLA_2010_HLA2010_normal_grid_S0023_daily.csv
HLA,HLA,Hailun,2010,Leave_One_experiments\wth_generated_qc\HLA\HLA2010.WTH,normal_year;nitrogen_stress_year;low_response_year,normal,HLA2010_normal_grid_S0023,top_yield,2010-06-24,175,56,51,"{""sim_day"": 56.0, ""doy"": 175.0, ""topwt"": 1989.0623474121091, ""grnwt"": 0.0, ""xlai"": 2.2740907669067383, ""totir"": 0.0, ""tofer"": NaN, ""swfac"": 0.0, ""nstres"": 0.0}",0.0,0.0,1989.0623474121091,0.0,2.2740907669067383,0.0,,0.0,0.0,40.0,225.0,-7.442108154296875,8.557891845703125,Leave_One_experiments/all_year_offline_schedule_search/daily_outputs/HLA/HLA_2010_HLA2010_normal_grid_S0023_daily.csv
HLA,HLA,Hailun,2010,Leave_One_experiments\wth_generated_qc\HLA\HLA2010.WTH,normal_year;nitrogen_stress_year;low_response_year,normal,HLA2010_normal_grid_S0023,top_yield,2010-06-25,176,57,52,"{""sim_day"": 57.0, ""doy"": 176.0, ""topwt"": 2210.247039794922, ""grnwt"": 0.0, ""xlai"": 2.4237873554229736, ""totir"": 0.0, ""tofer"": NaN, ""swfac"": 0.0, ""nstres"": 0.0}",0.0,0.0,2210.247039794922,0.0,2.4237873554229736,0.0,,0.0,0.0,40.0,225.0,-7.442108154296875,8.557891845703125,Leave_One_experiments/all_year_offline_schedule_search/daily_outputs/HLA/HLA_2010_HLA2010_normal_grid_S0023_daily.csv
HLA,HLA,Hailun,2010,Leave_One_experiments\wth_generated_qc\HLA\HLA2010.WTH,normal_year;nitrogen_stress_year;low_response_year,normal,HLA2010_normal_grid_S0023,top_yield,2010-06-26,177,58,53,"{""sim_day"": 58.0, ""doy"": 177.0, ""topwt"": 2446.514587402344, ""grnwt"": 0.0, ""xlai"": 2.571333169937134, ""totir"": 0.0, ""tofer"": NaN, ""swfac"": 0.0, ""nstres"": 0.0}",0.0,0.0,2446.514587402344,0.0,2.571333169937134,0.0,,0.0,0.0,40.0,225.0,-7.442108154296875,8.557891845703125,Leave_One_experiments/all_year_offline_schedule_search/daily_outputs/HLA/HLA_2010_HLA2010_normal_grid_S0023_daily.csv
HLA,HLA,Hailun,2010,Leave_One_experiments\wth_generated_qc\HLA\HLA2010.WTH,normal_year;nitrogen_stress_year;low_response_year,normal,HLA2010_normal_grid_S0023,top_yield,2010-06-27,178,59,54,"{""sim_day"": 59.0, ""doy"": 178.0, ""topwt"": 2690.9765625, ""grnwt"": 0.0, ""xlai"": 2.7126004695892334, ""totir"": 0.0, ""tofer"": NaN, ""swfac"": 0.0, ""nstres"": 0.0}",0.0,0.0,2690.9765625,0.0,2.7126004695892334,0.0,,0.0,0.0,40.0,225.0,-7.442108154296875,8.557891845703125,Leave_One_experiments/all_year_offline_schedule_search/daily_outputs/HLA/HLA_2010_HLA2010_normal_grid_S0023_daily.csv
HLA,HLA,Hailun,2010,Leave_One_experiments\wth_generated_qc\HLA\HLA2010.WTH,normal_year;nitrogen_stress_year;low_response_year,normal,HLA2010_normal_grid_S0023,top_yield,2010-06-28,179,60,55,"{""sim_day"": 60.0, ""doy"": 179.0, ""topwt"": 2931.713256835937, ""grnwt"": 0.0, ""xlai"": 2.842121124267578, ""totir"": 0.0, ""tofer"": NaN, ""swfac"": 0.0, ""nstres"": 0.0}",0.0,0.0,2931.713256835937,0.0,2.842121124267578,0.0,,0.0,0.0,40.0,225.0,-7.442108154296875,8.557891845703125,Leave_One_experiments/all_year_offline_schedule_search/daily_outputs/HLA/HLA_2010_HLA2010_normal_grid_S0023_daily.csv
HLA,HLA,Hailun,2010,Leave_One_experiments\wth_generated_qc\HLA\HLA2010.WTH,normal_year;nitrogen_stress_year;low_response_year,normal,HLA2010_normal_grid_S0023,top_yield,2010-06-29,180,61,56,"{""sim_day"": 61.0, ""doy"": 180.0, ""topwt"": 3184.62158203125, ""grnwt"": 0.0, ""xlai"": 2.9690804481506348, ""totir"": 0.0, ""tofer"": NaN, ""swfac"": 0.0, ""nstres"": 0.0}",0.0,0.0,3184.62158203125,0.0,2.9690804481506348,0.0,,0.0,0.0,40.0,225.0,-7.442108154296875,8.557891845703125,Leave_One_experiments/all_year_offline_schedule_search/daily_outputs/HLA/HLA_2010_HLA2010_normal_grid_S0023_daily.csv
HLA,HLA,Hailun,2010,Leave_One_experiments\wth_generated_qc\HLA\HLA2010.WTH,normal_year;nitrogen_stress_year;low_response_year,normal,HLA2010_normal_grid_S0023,top_yield,2010-06-30,181,62,57,"{""sim_day"": 62.0, ""doy"": 181.0, ""topwt"": 3458.8992309570312, ""grnwt"": 0.0, ""xlai"": 3.097527027130127, ""totir"": 0.0, ""tofer"": NaN, ""swfac"": 0.0, ""nstres"": 0.0}",0.0,0.0,3458.8992309570312,0.0,3.097527027130127,0.0,,0.0,0.0,40.0,225.0,-7.442108154296875,8.557891845703125,Leave_One_experiments/all_year_offline_schedule_search/daily_outputs/HLA/HLA_2010_HLA2010_normal_grid_S0023_daily.csv
HLA,HLA,Hailun,2010,Leave_One_experiments\wth_generated_qc\HLA\HLA2010.WTH,normal_year;nitrogen_stress_year;low_response_year,normal,HLA2010_normal_grid_S0023,top_yield,2010-07-01,182,63,58,"{""sim_day"": 63.0, ""doy"": 182.0, ""topwt"": 3734.053955078125, ""grnwt"": 0.0, ""xlai"": 3.2182400226593018, ""totir"": 0.0, ""tofer"": NaN, ""swfac"": 0.0, ""nstres"": 0.0}",0.0,0.0,3734.053955078125,0.0,3.2182400226593018,0.0,,0.0,0.0,40.0,225.0,-7.442108154296875,8.557891845703125,Leave_One_experiments/all_year_offline_schedule_search/daily_outputs/HLA/HLA_2010_HLA2010_normal_grid_S0023_daily.csv
HLA,HLA,Hailun,2010,Leave_One_experiments\wth_generated_qc\HLA\HLA2010.WTH,normal_year;nitrogen_stress_year;low_response_year,normal,HLA2010_normal_grid_S0023,top_yield,2010-07-02,183,64,59,"{""sim_day"": 64.0, ""doy"": 183.0, ""topwt"": 4039.830017089844, ""grnwt"": 0.0, ""xlai"": 3.343756914138794, ""totir"": 0.0, ""tofer"": NaN, ""swfac"": 0.0, ""nstres"": 0.0}",0.0,0.0,4039.830017089844,0.0,3.343756914138794,0.0,,0.0,0.0,40.0,225.0,-7.442108154296875,8.557891845703125,Leave_One_experiments/all_year_offline_schedule_search/daily_outputs/HLA/HLA_2010_HLA2010_normal_grid_S0023_daily.csv
HLA,HLA,Hailun,2010,Leave_One_experiments\wth_generated_qc\HLA\HLA2010.WTH,normal_year;nitrogen_stress_year;low_response_year,normal,HLA2010_normal_grid_S0023,top_yield,2010-07-03,184,65,60,"{""sim_day"": 65.0, ""doy"": 184.0, ""topwt"": 4212.1185302734375, ""grnwt"": 0.0, ""xlai"": 3.410752534866333, ""totir"": 0.0, ""tofer"": NaN, ""swfac"": 0.0, ""nstres"": 0.0}",0.0,0.0,4212.1185302734375,0.0,3.410752534866333,0.0,,0.0,75.0,40.0,225.0,-7.442108154296875,8.557891845703125,Leave_One_experiments/all_year_offline_schedule_search/daily_outputs/HLA/HLA_2010_HLA2010_normal_grid_S0023_daily.csv
HLA,HLA,Hailun,2010,Leave_One_experiments\wth_generated_qc\HLA\HLA2010.WTH,normal_year;nitrogen_stress_year;low_response_year,normal,HLA2010_normal_grid_S0023,top_yield,2010-07-04,185,66,61,"{""sim_day"": 66.0, ""doy"": 185.0, ""topwt"": 4434.732666015625, ""grnwt"": 0.0, ""xlai"": 3.493764638900757, ""totir"": 0.0, ""tofer"": NaN, ""swfac"": 0.0, ""nstres"": 0.0}",0.0,0.0,4434.732666015625,0.0,3.493764638900757,0.0,,0.0,0.0,40.0,225.0,-7.442108154296875,8.557891845703125,Leave_One_experiments/all_year_offline_schedule_search/daily_outputs/HLA/HLA_2010_HLA2010_normal_grid_S0023_daily.csv
HLA,HLA,Hailun,2010,Leave_One_experiments\wth_generated_qc\HLA\HLA2010.WTH,normal_year;nitrogen_stress_year;low_response_year,normal,HLA2010_normal_grid_S0023,top_yield,2010-07-05,186,67,62,"{""sim_day"": 67.0, ""doy"": 186.0, ""topwt"": 4631.884765625, ""grnwt"": 0.0, ""xlai"": 3.564547061920166, ""totir"": 0.0, ""tofer"": NaN, ""swfac"": 0.0, ""nstres"": 0.0}",0.0,0.0,4631.884765625,0.0,3.564547061920166,0.0,,0.0,0.0,40.0,225.0,-7.442108154296875,8.557891845703125,Leave_One_experiments/all_year_offline_schedule_search/daily_outputs/HLA/HLA_2010_HLA2010_normal_grid_S0023_daily.csv
HLA,HLA,Hailun,2010,Leave_One_experiments\wth_generated_qc\HLA\HLA2010.WTH,normal_year;nitrogen_stress_year;low_response_year,normal,HLA2010_normal_grid_S0023,top_yield,2010-07-06,187,68,63,"{""sim_day"": 68.0, ""doy"": 187.0, ""topwt"": 4884.6295166015625, ""grnwt"": 0.0, ""xlai"": 3.706487894058228, ""totir"": 0.0, ""tofer"": NaN, ""swfac"": 0.0, ""nstres"": 0.0}",0.0,0.0,4884.6295166015625,0.0,3.706487894058228,0.0,,0.0,0.0,40.0,225.0,-7.442108154296875,8.557891845703125,Leave_One_experiments/all_year_offline_schedule_search/daily_outputs/HLA/HLA_2010_HLA2010_normal_grid_S0023_daily.csv
HLA,HLA,Hailun,2010,Leave_One_experiments\wth_generated_qc\HLA\HLA2010.WTH,normal_year;nitrogen_stress_year;low_response_year,normal,HLA2010_normal_grid_S0023,top_yield,2010-07-07,188,69,64,"{""sim_day"": 69.0, ""doy"": 188.0, ""topwt"": 5169.9713134765625, ""grnwt"": 0.0, ""xlai"": 3.8354358673095694, ""totir"": 0.0, ""tofer"": NaN, ""swfac"": 0.0, ""nstres"": 0.0}",0.0,0.0,5169.9713134765625,0.0,3.8354358673095694,0.0,,0.0,0.0,40.0,225.0,-7.442108154296875,8.557891845703125,Leave_One_experiments/all_year_offline_schedule_search/daily_outputs/HLA/HLA_2010_HLA2010_normal_grid_S0023_daily.csv
HLA,HLA,Hailun,2010,Leave_One_experiments\wth_generated_qc\HLA\HLA2010.WTH,normal_year;nitrogen_stress_year;low_response_year,normal,HLA2010_normal_grid_S0023,top_yield,2010-07-08,189,70,65,"{""sim_day"": 70.0, ""doy"": 189.0, ""topwt"": 5466.6937255859375, ""grnwt"": 0.0, ""xlai"": 3.9508795738220215, ""totir"": 40.0, ""tofer"": NaN, ""swfac"": 0.0, ""nstres"": 0.0}",0.0,0.0,5466.6937255859375,0.0,3.9508795738220215,40.0,,40.0,0.0,40.0,225.0,-7.442108154296875,8.557891845703125,Leave_One_experiments/all_year_offline_schedule_search/daily_outputs/HLA/HLA_2010_HLA2010_normal_grid_S0023_daily.csv
HLA,HLA,Hailun,2010,Leave_One_experiments\wth_generated_qc\HLA\HLA2010.WTH,normal_year;nitrogen_stress_year;low_response_year,normal,HLA2010_normal_grid_S0023,top_yield,2010-07-09,190,71,66,"{""sim_day"": 71.0, ""doy"": 190.0, ""topwt"": 5737.75146484375, ""grnwt"": 0.0, ""xlai"": 4.045879364013672, ""totir"": 40.0, ""tofer"": NaN, ""swfac"": 0.0, ""nstres"": 0.0}",0.0,0.0,5737.75146484375,0.0,4.045879364013672,40.0,,0.0,0.0,40.0,225.0,-7.442108154296875,8.557891845703125,Leave_One_experiments/all_year_offline_schedule_search/daily_outputs/HLA/HLA_2010_HLA2010_normal_grid_S0023_daily.csv
HLA,HLA,Hailun,2010,Leave_One_experiments\wth_generated_qc\HLA\HLA2010.WTH,normal_year;nitrogen_stress_year;low_response_year,normal,HLA2010_normal_grid_S0023,top_yield,2010-07-10,191,72,67,"{""sim_day"": 72.0, ""doy"": 191.0, ""topwt"": 6012.452392578125, ""grnwt"": 0.0, ""xlai"": 4.132649898529053, ""totir"": 40.0, ""tofer"": NaN, ""swfac"": 0.0, ""nstres"": 0.0}",0.0,0.0,6012.452392578125,0.0,4.132649898529053,40.0,,0.0,0.0,40.0,225.0,-7.442108154296875,8.557891845703125,Leave_One_experiments/all_year_offline_schedule_search/daily_outputs/HLA/HLA_2010_HLA2010_normal_grid_S0023_daily.csv
HLA,HLA,Hailun,2010,Leave_One_experiments\wth_generated_qc\HLA\HLA2010.WTH,normal_year;nitrogen_stress_year;low_response_year,normal,HLA2010_normal_grid_S0023,top_yield,2010-07-11,192,73,68,"{""sim_day"": 73.0, ""doy"": 192.0, ""topwt"": 6275.2618408203125, ""grnwt"": 0.0, ""xlai"": 4.206875801086426, ""totir"": 40.0, ""tofer"": NaN, ""swfac"": 0.0, ""nstres"": 0.0}",0.0,0.0,6275.2618408203125,0.0,4.206875801086426,40.0,,0.0,0.0,40.0,225.0,-7.442108154296875,8.557891845703125,Leave_One_experiments/all_year_offline_schedule_search/daily_outputs/HLA/HLA_2010_HLA2010_normal_grid_S0023_daily.csv
HLA,HLA,Hailun,2010,Leave_One_experiments\wth_generated_qc\HLA\HLA2010.WTH,normal_year;nitrogen_stress_year;low_response_year,normal,HLA2010_normal_grid_S0023,top_yield,2010-07-12,193,74,69,"{""sim_day"": 74.0, ""doy"": 193.0, ""topwt"": 6542.740478515625, ""grnwt"": 0.0, ""xlai"": 4.275015830993652, ""totir"": 40.0, ""tofer"": NaN, ""swfac"": 0.0, ""nstres"": 0.0}",0.0,0.0,6542.740478515625,0.0,4.275015830993652,40.0,,0.0,0.0,40.0,225.0,-7.442108154296875,8.557891845703125,Leave_One_experiments/all_year_offline_schedule_search/daily_outputs/HLA/HLA_2010_HLA2010_normal_grid_S0023_daily.csv
HLA,HLA,Hailun,2010,Leave_One_experiments\wth_generated_qc\HLA\HLA2010.WTH,normal_year;nitrogen_stress_year;low_response_year,normal,HLA2010_normal_grid_S0023,top_yield,2010-07-13,194,75,70,"{""sim_day"": 75.0, ""doy"": 194.0, ""topwt"": 6776.66015625, ""grnwt"": 0.0, ""xlai"": 4.32806396484375, ""totir"": 40.0, ""tofer"": NaN, ""swfac"": 0.0, ""nstres"": 0.0}",0.0,0.0,6776.66015625,0.0,4.32806396484375,40.0,,0.0,0.0,40.0,225.0,-7.442108154296875,8.557891845703125,Leave_One_experiments/all_year_offline_schedule_search/daily_outputs/HLA/HLA_2010_HLA2010_normal_grid_S0023_daily.csv
HLA,HLA,Hailun,2010,Leave_One_experiments\wth_generated_qc\HLA\HLA2010.WTH,normal_year;nitrogen_stress_year;low_response_year,normal,HLA2010_normal_grid_S0023,top_yield,2010-07-14,195,76,71,"{""sim_day"": 76.0, ""doy"": 195.0, ""topwt"": 7033.981323242188, ""grnwt"": 0.0, ""xlai"": 4.382136821746826, ""totir"": 40.0, ""tofer"": NaN, ""swfac"": 0.0, ""nstres"": 0.0}",0.0,0.0,7033.981323242188,0.0,4.382136821746826,40.0,,0.0,0.0,40.0,225.0,-7.442108154296875,8.557891845703125,Leave_One_experiments/all_year_offline_schedule_search/daily_outputs/HLA/HLA_2010_HLA2010_normal_grid_S0023_daily.csv
HLA,HLA,Hailun,2010,Leave_One_experiments\wth_generated_qc\HLA\HLA2010.WTH,normal_year;nitrogen_stress_year;low_response_year,normal,HLA2010_normal_grid_S0023,top_yield,2010-07-15,196,77,72,"{""sim_day"": 77.0, ""doy"": 196.0, ""topwt"": 7104.937744140625, ""grnwt"": 0.0, ""xlai"": 4.3857622146606445, ""totir"": 40.0, ""tofer"": NaN, ""swfac"": 0.0, ""nstres"": 0.0}",0.0,0.0,7104.937744140625,0.0,4.3857622146606445,40.0,,0.0,0.0,40.0,225.0,-7.442108154296875,8.557891845703125,Leave_One_experiments/all_year_offline_schedule_search/daily_outputs/HLA/HLA_2010_HLA2010_normal_grid_S0023_daily.csv
HLA,HLA,Hailun,2010,Leave_One_experiments\wth_generated_qc\HLA\HLA2010.WTH,normal_year;nitrogen_stress_year;low_response_year,normal,HLA2010_normal_grid_S0023,top_yield,2010-07-16,197,78,73,"{""sim_day"": 78.0, ""doy"": 197.0, ""topwt"": 7363.6767578125, ""grnwt"": 0.0, ""xlai"": 4.432936668395996, ""totir"": 40.0, ""tofer"": NaN, ""swfac"": 0.0, ""nstres"": 0.0}",0.0,0.0,7363.6767578125,0.0,4.432936668395996,40.0,,0.0,0.0,40.0,225.0,-7.442108154296875,8.557891845703125,Leave_One_experiments/all_year_offline_schedule_search/daily_outputs/HLA/HLA_2010_HLA2010_normal_grid_S0023_daily.csv
HLA,HLA,Hailun,2010,Leave_One_experiments\wth_generated_qc\HLA\HLA2010.WTH,normal_year;nitrogen_stress_year;low_response_year,normal,HLA2010_normal_grid_S0023,top_yield,2010-07-17,198,79,74,"{""sim_day"": 79.0, ""doy"": 198.0, ""topwt"": 7609.932861328125, ""grnwt"": 0.0, ""xlai"": 4.475266933441162, ""totir"": 40.0, ""tofer"": NaN, ""swfac"": 0.0, ""nstres"": 0.0}",0.0,0.0,7609.932861328125,0.0,4.475266933441162,40.0,,0.0,0.0,40.0,225.0,-7.442108154296875,8.557891845703125,Leave_One_experiments/all_year_offline_schedule_search/daily_outputs/HLA/HLA_2010_HLA2010_normal_grid_S0023_daily.csv
HLA,HLA,Hailun,2010,Leave_One_experiments\wth_generated_qc\HLA\HLA2010.WTH,normal_year;nitrogen_stress_year;low_response_year,normal,HLA2010_normal_grid_S0023,top_yield,2010-07-18,199,80,75,"{""sim_day"": 80.0, ""doy"": 199.0, ""topwt"": 7827.7734375, ""grnwt"": 0.0, ""xlai"": 4.509167671203613, ""totir"": 40.0, ""tofer"": NaN, ""swfac"": 0.0, ""nstres"": 0.0}",0.0,0.0,7827.7734375,0.0,4.509167671203613,40.0,,0.0,0.0,40.0,225.0,-7.442108154296875,8.557891845703125,Leave_One_experiments/all_year_offline_schedule_search/daily_outputs/HLA/HLA_2010_HLA2010_normal_grid_S0023_daily.csv
HLA,HLA,Hailun,2010,Leave_One_experiments\wth_generated_qc\HLA\HLA2010.WTH,normal_year;nitrogen_stress_year;low_response_year,normal,HLA2010_normal_grid_S0023,top_yield,2010-07-19,200,81,76,"{""sim_day"": 81.0, ""doy"": 200.0, ""topwt"": 8011.56982421875, ""grnwt"": 0.0, ""xlai"": 4.533645153045654, ""totir"": 40.0, ""tofer"": NaN, ""swfac"": 0.0, ""nstres"": 0.0}",0.0,0.0,8011.56982421875,0.0,4.533645153045654,40.0,,0.0,0.0,40.0,225.0,-7.442108154296875,8.557891845703125,Leave_One_experiments/all_year_offline_schedule_search/daily_outputs/HLA/HLA_2010_HLA2010_normal_grid_S0023_daily.csv
HLA,HLA,Hailun,2010,Leave_One_experiments\wth_generated_qc\HLA\HLA2010.WTH,normal_year;nitrogen_stress_year;low_response_year,normal,HLA2010_normal_grid_S0023,top_yield,2010-07-20,201,82,77,"{""sim_day"": 82.0, ""doy"": 201.0, ""topwt"": 8247.205810546875, ""grnwt"": 0.0, ""xlai"": 4.569293022155762, ""totir"": 40.0, ""tofer"": NaN, ""swfac"": 0.0, ""nstres"": 0.0}",0.0,0.0,8247.205810546875,0.0,4.569293022155762,40.0,,0.0,0.0,40.0,225.0,-7.442108154296875,8.557891845703125,Leave_One_experiments/all_year_offline_schedule_search/daily_outputs/HLA/HLA_2010_HLA2010_normal_grid_S0023_daily.csv
HLA,HLA,Hailun,2010,Leave_One_experiments\wth_generated_qc\HLA\HLA2010.WTH,normal_year;nitrogen_stress_year;low_response_year,normal,HLA2010_normal_grid_S0023,top_yield,2010-07-21,202,83,78,"{""sim_day"": 83.0, ""doy"": 202.0, ""topwt"": 8483.817138671875, ""grnwt"": 0.0, ""xlai"": 4.603652000427246, ""totir"": 40.0, ""tofer"": NaN, ""swfac"": 0.0, ""nstres"": 0.0}",0.0,0.0,8483.817138671875,0.0,4.603652000427246,40.0,,0.0,0.0,40.0,225.0,-7.442108154296875,8.557891845703125,Leave_One_experiments/all_year_offline_schedule_search/daily_outputs/HLA/HLA_2010_HLA2010_normal_grid_S0023_daily.csv
HLA,HLA,Hailun,2010,Leave_One_experiments\wth_generated_qc\HLA\HLA2010.WTH,normal_year;nitrogen_stress_year;low_response_year,normal,HLA2010_normal_grid_S0023,top_yield,2010-07-22,203,84,79,"{""sim_day"": 84.0, ""doy"": 203.0, ""topwt"": 8957.279052734375, ""grnwt"": 0.0, ""xlai"": 4.542455196380615, ""totir"": 40.0, ""tofer"": NaN, ""swfac"": 0.0, ""nstres"": 0.0}",0.0,0.0,8957.279052734375,0.0,4.542455196380615,40.0,,0.0,0.0,40.0,225.0,-7.442108154296875,8.557891845703125,Leave_One_experiments/all_year_offline_schedule_search/daily_outputs/HLA/HLA_2010_HLA2010_normal_grid_S0023_daily.csv
HLA,HLA,Hailun,2010,Leave_One_experiments\wth_generated_qc\HLA\HLA2010.WTH,normal_year;nitrogen_stress_year;low_response_year,normal,HLA2010_normal_grid_S0023,top_yield,2010-07-23,204,85,80,"{""sim_day"": 85.0, ""doy"": 204.0, ""topwt"": 9383.1298828125, ""grnwt"": 0.0, ""xlai"": 4.52274227142334, ""totir"": 40.0, ""tofer"": NaN, ""swfac"": 0.0, ""nstres"": 0.0}",0.0,0.0,9383.1298828125,0.0,4.52274227142334,40.0,,0.0,0.0,40.0,225.0,-7.442108154296875,8.557891845703125,Leave_One_experiments/all_year_offline_schedule_search/daily_outputs/HLA/HLA_2010_HLA2010_normal_grid_S0023_daily.csv
HLA,HLA,Hailun,2010,Leave_One_experiments\wth_generated_qc\HLA\HLA2010.WTH,normal_year;nitrogen_stress_year;low_response_year,normal,HLA2010_normal_grid_S0023,top_yield,2010-07-24,205,86,81,"{""sim_day"": 86.0, ""doy"": 205.0, ""topwt"": 9811.099853515623, ""grnwt"": 0.0, ""xlai"": 4.503122806549072, ""totir"": 40.0, ""tofer"": NaN, ""swfac"": 0.0, ""nstres"": 0.0}",0.0,0.0,9811.099853515623,0.0,4.503122806549072,40.0,,0.0,0.0,40.0,225.0,-7.442108154296875,8.557891845703125,Leave_One_experiments/all_year_offline_schedule_search/daily_outputs/HLA/HLA_2010_HLA2010_normal_grid_S0023_daily.csv
HLA,HLA,Hailun,2010,Leave_One_experiments\wth_generated_qc\HLA\HLA2010.WTH,normal_year;nitrogen_stress_year;low_response_year,normal,HLA2010_normal_grid_S0023,top_yield,2010-07-25,206,87,82,"{""sim_day"": 87.0, ""doy"": 206.0, ""topwt"": 10079.296875, ""grnwt"": 0.0, ""xlai"": 4.484997749328613, ""totir"": 40.0, ""tofer"": NaN, ""swfac"": 0.0, ""nstres"": 0.0}",0.0,0.0,10079.296875,0.0,4.484997749328613,40.0,,0.0,0.0,40.0,225.0,-7.442108154296875,8.557891845703125,Leave_One_experiments/all_year_offline_schedule_search/daily_outputs/HLA/HLA_2010_HLA2010_normal_grid_S0023_daily.csv
HLA,HLA,Hailun,2010,Leave_One_experiments\wth_generated_qc\HLA\HLA2010.WTH,normal_year;nitrogen_stress_year;low_response_year,normal,HLA2010_normal_grid_S0023,top_yield,2010-07-26,207,88,83,"{""sim_day"": 88.0, ""doy"": 207.0, ""topwt"": 10339.27001953125, ""grnwt"": 0.0, ""xlai"": 4.467596530914307, ""totir"": 40.0, ""tofer"": NaN, ""swfac"": 0.0, ""nstres"": 0.0}",0.0,0.0,10339.27001953125,0.0,4.467596530914307,40.0,,0.0,0.0,40.0,225.0,-7.442108154296875,8.557891845703125,Leave_One_experiments/all_year_offline_schedule_search/daily_outputs/HLA/HLA_2010_HLA2010_normal_grid_S0023_daily.csv
HLA,HLA,Hailun,2010,Leave_One_experiments\wth_generated_qc\HLA\HLA2010.WTH,normal_year;nitrogen_stress_year;low_response_year,normal,HLA2010_normal_grid_S0023,top_yield,2010-07-27,208,89,84,"{""sim_day"": 89.0, ""doy"": 208.0, ""topwt"": 10740.43701171875, ""grnwt"": 0.0, ""xlai"": 4.450884342193604, ""totir"": 40.0, ""tofer"": NaN, ""swfac"": 0.0, ""nstres"": 0.0}",0.0,0.0,10740.43701171875,0.0,4.450884342193604,40.0,,0.0,0.0,40.0,225.0,-7.442108154296875,8.557891845703125,Leave_One_experiments/all_year_offline_schedule_search/daily_outputs/HLA/HLA_2010_HLA2010_normal_grid_S0023_daily.csv
HLA,HLA,Hailun,2010,Leave_One_experiments\wth_generated_qc\HLA\HLA2010.WTH,normal_year;nitrogen_stress_year;low_response_year,normal,HLA2010_normal_grid_S0023,top_yield,2010-07-28,209,90,85,"{""sim_day"": 90.0, ""doy"": 209.0, ""topwt"": 11123.936767578123, ""grnwt"": 0.0, ""xlai"": 4.434829711914063, ""totir"": 40.0, ""tofer"": NaN, ""swfac"": 0.0, ""nstres"": 0.0}",0.0,0.0,11123.936767578123,0.0,4.434829711914063,40.0,,0.0,0.0,40.0,225.0,-7.442108154296875,8.557891845703125,Leave_One_experiments/all_year_offline_schedule_search/daily_outputs/HLA/HLA_2010_HLA2010_normal_grid_S0023_daily.csv
HLA,HLA,Hailun,2010,Leave_One_experiments\wth_generated_qc\HLA\HLA2010.WTH,normal_year;nitrogen_stress_year;low_response_year,normal,HLA2010_normal_grid_S0023,top_yield,2010-07-29,210,91,86,"{""sim_day"": 91.0, ""doy"": 210.0, ""topwt"": 11427.149658203123, ""grnwt"": 0.0, ""xlai"": 4.419402122497559, ""totir"": 40.0, ""tofer"": NaN, ""swfac"": 0.0, ""nstres"": 0.0}",0.0,0.0,11427.149658203123,0.0,4.419402122497559,40.0,,0.0,0.0,40.0,225.0,-7.442108154296875,8.557891845703125,Leave_One_experiments/all_year_offline_schedule_search/daily_outputs/HLA/HLA_2010_HLA2010_normal_grid_S0023_daily.csv
HLA,HLA,Hailun,2010,Leave_One_experiments\wth_generated_qc\HLA\HLA2010.WTH,normal_year;nitrogen_stress_year;low_response_year,normal,HLA2010_normal_grid_S0023,top_yield,2010-07-30,211,92,87,"{""sim_day"": 92.0, ""doy"": 211.0, ""topwt"": 11757.747802734377, ""grnwt"": 0.0, ""xlai"": 4.404573917388916, ""totir"": 40.0, ""tofer"": NaN, ""swfac"": 0.0, ""nstres"": 0.0}",0.0,0.0,11757.747802734377,0.0,4.404573917388916,40.0,,0.0,0.0,40.0,225.0,-7.442108154296875,8.557891845703125,Leave_One_experiments/all_year_offline_schedule_search/daily_outputs/HLA/HLA_2010_HLA2010_normal_grid_S0023_daily.csv
HLA,HLA,Hailun,2010,Leave_One_experiments\wth_generated_qc\HLA\HLA2010.WTH,normal_year;nitrogen_stress_year;low_response_year,normal,HLA2010_normal_grid_S0023,top_yield,2010-07-31,212,93,88,"{""sim_day"": 93.0, ""doy"": 212.0, ""topwt"": 12095.63720703125, ""grnwt"": 0.0, ""xlai"": 4.390318393707275, ""totir"": 40.0, ""tofer"": NaN, ""swfac"": 0.0, ""nstres"": 0.0}",0.0,0.0,12095.63720703125,0.0,4.390318393707275,40.0,,0.0,0.0,40.0,225.0,-7.442108154296875,8.557891845703125,Leave_One_experiments/all_year_offline_schedule_search/daily_outputs/HLA/HLA_2010_HLA2010_normal_grid_S0023_daily.csv
HLA,HLA,Hailun,2010,Leave_One_experiments\wth_generated_qc\HLA\HLA2010.WTH,normal_year;nitrogen_stress_year;low_response_year,normal,HLA2010_normal_grid_S0023,top_yield,2010-08-01,213,94,89,"{""sim_day"": 94.0, ""doy"": 213.0, ""topwt"": 12530.5078125, ""grnwt"": 0.0, ""xlai"": 4.376609325408936, ""totir"": 40.0, ""tofer"": NaN, ""swfac"": 0.0, ""nstres"": 0.0}",0.0,0.0,12530.5078125,0.0,4.376609325408936,40.0,,0.0,0.0,40.0,225.0,-7.442108154296875,8.557891845703125,Leave_One_experiments/all_year_offline_schedule_search/daily_outputs/HLA/HLA_2010_HLA2010_normal_grid_S0023_daily.csv
HLA,HLA,Hailun,2010,Leave_One_experiments\wth_generated_qc\HLA\HLA2010.WTH,normal_year;nitrogen_stress_year;low_response_year,normal,HLA2010_normal_grid_S0023,top_yield,2010-08-02,214,95,90,"{""sim_day"": 95.0, ""doy"": 214.0, ""topwt"": 12710.587158203123, ""grnwt"": 0.0, ""xlai"": 4.363422393798828, ""totir"": 40.0, ""tofer"": NaN, ""swfac"": 0.0, ""nstres"": 0.0}",0.0,0.0,12710.587158203123,0.0,4.363422393798828,40.0,,0.0,0.0,40.0,225.0,-7.442108154296875,8.557891845703125,Leave_One_experiments/all_year_offline_schedule_search/daily_outputs/HLA/HLA_2010_HLA2010_normal_grid_S0023_daily.csv
HLA,HLA,Hailun,2010,Leave_One_experiments\wth_generated_qc\HLA\HLA2010.WTH,normal_year;nitrogen_stress_year;low_response_year,normal,HLA2010_normal_grid_S0023,top_yield,2010-08-03,215,96,91,"{""sim_day"": 96.0, ""doy"": 215.0, ""topwt"": 12747.31689453125, ""grnwt"": 0.0, ""xlai"": 4.350736618041992, ""totir"": 40.0, ""tofer"": NaN, ""swfac"": 0.0, ""nstres"": 0.0}",0.0,0.0,12747.31689453125,0.0,4.350736618041992,40.0,,0.0,0.0,40.0,225.0,-7.442108154296875,8.557891845703125,Leave_One_experiments/all_year_offline_schedule_search/daily_outputs/HLA/HLA_2010_HLA2010_normal_grid_S0023_daily.csv
HLA,HLA,Hailun,2010,Leave_One_experiments\wth_generated_qc\HLA\HLA2010.WTH,normal_year;nitrogen_stress_year;low_response_year,normal,HLA2010_normal_grid_S0023,top_yield,2010-08-04,216,97,92,"{""sim_day"": 97.0, ""doy"": 216.0, ""topwt"": 12900.3662109375, ""grnwt"": 178.9430809020996, ""xlai"": 4.25430154800415, ""totir"": 40.0, ""tofer"": NaN, ""swfac"": 0.0, ""nstres"": 0.0}",0.0,0.0,12900.3662109375,178.9430809020996,4.25430154800415,40.0,,0.0,0.0,40.0,225.0,-7.442108154296875,8.557891845703125,Leave_One_experiments/all_year_offline_schedule_search/daily_outputs/HLA/HLA_2010_HLA2010_normal_grid_S0023_daily.csv
HLA,HLA,Hailun,2010,Leave_One_experiments\wth_generated_qc\HLA\HLA2010.WTH,normal_year;nitrogen_stress_year;low_response_year,normal,HLA2010_normal_grid_S0023,top_yield,2010-08-05,217,98,93,"{""sim_day"": 98.0, ""doy"": 217.0, ""topwt"": 13012.2265625, ""grnwt"": 357.8861618041992, ""xlai"": 4.244887351989746, ""totir"": 40.0, ""tofer"": NaN, ""swfac"": 0.0, ""nstres"": 0.0}",0.0,0.0,13012.2265625,357.8861618041992,4.244887351989746,40.0,,0.0,0.0,40.0,225.0,-7.442108154296875,8.557891845703125,Leave_One_experiments/all_year_offline_schedule_search/daily_outputs/HLA/HLA_2010_HLA2010_normal_grid_S0023_daily.csv
HLA,HLA,Hailun,2010,Leave_One_experiments\wth_generated_qc\HLA\HLA2010.WTH,normal_year;nitrogen_stress_year;low_response_year,normal,HLA2010_normal_grid_S0023,top_yield,2010-08-06,218,99,94,"{""sim_day"": 99.0, ""doy"": 218.0, ""topwt"": 13284.14794921875, ""grnwt"": 536.8292999267578, ""xlai"": 4.231378078460693, ""totir"": 40.0, ""tofer"": NaN, ""swfac"": 0.0, ""nstres"": 0.0}",0.0,0.0,13284.14794921875,536.8292999267578,4.231378078460693,40.0,,0.0,0.0,40.0,225.0,-7.442108154296875,8.557891845703125,Leave_One_experiments/all_year_offline_schedule_search/daily_outputs/HLA/HLA_2010_HLA2010_normal_grid_S0023_daily.csv
HLA,HLA,Hailun,2010,Leave_One_experiments\wth_generated_qc\HLA\HLA2010.WTH,normal_year;nitrogen_stress_year;low_response_year,normal,HLA2010_normal_grid_S0023,top_yield,2010-08-07,219,100,95,"{""sim_day"": 100.0, ""doy"": 219.0, ""topwt"": 13381.690673828123, ""grnwt"": 715.7723236083984, ""xlai"": 4.219081401824951, ""totir"": 40.0, ""tofer"": NaN, ""swfac"": 0.0, ""nstres"": 0.0}",0.0,0.0,13381.690673828123,715.7723236083984,4.219081401824951,40.0,,0.0,0.0,40.0,225.0,-7.442108154296875,8.557891845703125,Leave_One_experiments/all_year_offline_schedule_search/daily_outputs/HLA/HLA_2010_HLA2010_normal_grid_S0023_daily.csv
HLA,HLA,Hailun,2010,Leave_One_experiments\wth_generated_qc\HLA\HLA2010.WTH,normal_year;nitrogen_stress_year;low_response_year,normal,HLA2010_normal_grid_S0023,top_yield,2010-08-08,220,101,96,"{""sim_day"": 101.0, ""doy"": 220.0, ""topwt"": 13572.724609375, ""grnwt"": 894.7154235839844, ""xlai"": 4.200386047363281, ""totir"": 40.0, ""tofer"": NaN, ""swfac"": 0.0, ""nstres"": 0.0}",0.0,0.0,13572.724609375,894.7154235839844,4.200386047363281,40.0,,0.0,0.0,40.0,225.0,-7.442108154296875,8.557891845703125,Leave_One_experiments/all_year_offline_schedule_search/daily_outputs/HLA/HLA_2010_HLA2010_normal_grid_S0023_daily.csv
HLA,HLA,Hailun,2010,Leave_One_experiments\wth_generated_qc\HLA\HLA2010.WTH,normal_year;nitrogen_stress_year;low_response_year,normal,HLA2010_normal_grid_S0023,top_yield,2010-08-09,221,102,97,"{""sim_day"": 102.0, ""doy"": 221.0, ""topwt"": 13820.977783203123, ""grnwt"": 1073.658447265625, ""xlai"": 4.182319641113281, ""totir"": 40.0, ""tofer"": NaN, ""swfac"": 0.0, ""nstres"": 0.0}",0.0,0.0,13820.977783203123,1073.658447265625,4.182319641113281,40.0,,0.0,0.0,40.0,225.0,-7.442108154296875,8.557891845703125,Leave_One_experiments/all_year_offline_schedule_search/daily_outputs/HLA/HLA_2010_HLA2010_normal_grid_S0023_daily.csv
HLA,HLA,Hailun,2010,Leave_One_experiments\wth_generated_qc\HLA\HLA2010.WTH,normal_year;nitrogen_stress_year;low_response_year,normal,HLA2010_normal_grid_S0023,top_yield,2010-08-10,222,103,98,"{""sim_day"": 103.0, ""doy"": 222.0, ""topwt"": 13999.920654296877, ""grnwt"": 1252.601547241211, ""xlai"": 4.161546230316162, ""totir"": 40.0, ""tofer"": NaN, ""swfac"": 0.0, ""nstres"": 0.0}",0.0,0.0,13999.920654296877,1252.601547241211,4.161546230316162,40.0,,0.0,0.0,40.0,225.0,-7.442108154296875,8.557891845703125,Leave_One_experiments/all_year_offline_schedule_search/daily_outputs/HLA/HLA_2010_HLA2010_normal_grid_S0023_daily.csv
HLA,HLA,Hailun,2010,Leave_One_experiments\wth_generated_qc\HLA\HLA2010.WTH,normal_year;nitrogen_stress_year;low_response_year,normal,HLA2010_normal_grid_S0023,top_yield,2010-08-11,223,104,99,"{""sim_day"": 104.0, ""doy"": 223.0, ""topwt"": 14178.863525390623, ""grnwt"": 1431.5446472167969, ""xlai"": 4.1386399269104, ""totir"": 40.0, ""tofer"": NaN, ""swfac"": 0.0, ""nstres"": 0.0}",0.0,0.0,14178.863525390623,1431.5446472167969,4.1386399269104,40.0,,0.0,0.0,40.0,225.0,-7.442108154296875,8.557891845703125,Leave_One_experiments/all_year_offline_schedule_search/daily_outputs/HLA/HLA_2010_HLA2010_normal_grid_S0023_daily.csv
HLA,HLA,Hailun,2010,Leave_One_experiments\wth_generated_qc\HLA\HLA2010.WTH,normal_year;nitrogen_stress_year;low_response_year,normal,HLA2010_normal_grid_S0023,top_yield,2010-08-12,224,105,100,"{""sim_day"": 105.0, ""doy"": 224.0, ""topwt"": 14357.806396484377, ""grnwt"": 1610.4876708984375, ""xlai"": 4.116695880889893, ""totir"": 40.0, ""tofer"": NaN, ""swfac"": 0.0, ""nstres"": 0.0}",0.0,0.0,14357.806396484377,1610.4876708984375,4.116695880889893,40.0,,0.0,0.0,40.0,225.0,-7.442108154296875,8.557891845703125,Leave_One_experiments/all_year_offline_schedule_search/daily_outputs/HLA/HLA_2010_HLA2010_normal_grid_S0023_daily.csv
HLA,HLA,Hailun,2010,Leave_One_experiments\wth_generated_qc\HLA\HLA2010.WTH,normal_year;nitrogen_stress_year;low_response_year,normal,HLA2010_normal_grid_S0023,top_yield,2010-08-13,225,106,101,"{""sim_day"": 106.0, ""doy"": 225.0, ""topwt"": 14481.22802734375, ""grnwt"": 1789.4308471679688, ""xlai"": 4.090816497802734, ""totir"": 40.0, ""tofer"": NaN, ""swfac"": 0.0, ""nstres"": 0.0}",0.0,0.0,14481.22802734375,1789.4308471679688,4.090816497802734,40.0,,0.0,0.0,40.0,225.0,-7.442108154296875,8.557891845703125,Leave_One_experiments/all_year_offline_schedule_search/daily_outputs/HLA/HLA_2010_HLA2010_normal_grid_S0023_daily.csv
HLA,HLA,Hailun,2010,Leave_One_experiments\wth_generated_qc\HLA\HLA2010.WTH,normal_year;nitrogen_stress_year;low_response_year,normal,HLA2010_normal_grid_S0023,top_yield,2010-08-14,226,107,102,"{""sim_day"": 107.0, ""doy"": 226.0, ""topwt"": 14715.692138671877, ""grnwt"": 1968.3738708496091, ""xlai"": 4.063761234283447, ""totir"": 40.0, ""tofer"": NaN, ""swfac"": 0.0, ""nstres"": 0.0}",0.0,0.0,14715.692138671877,1968.3738708496091,4.063761234283447,40.0,,0.0,0.0,40.0,225.0,-7.442108154296875,8.557891845703125,Leave_One_experiments/all_year_offline_schedule_search/daily_outputs/HLA/HLA_2010_HLA2010_normal_grid_S0023_daily.csv
HLA,HLA,Hailun,2010,Leave_One_experiments\wth_generated_qc\HLA\HLA2010.WTH,normal_year;nitrogen_stress_year;low_response_year,normal,HLA2010_normal_grid_S0023,top_yield,2010-08-15,227,108,103,"{""sim_day"": 108.0, ""doy"": 227.0, ""topwt"": 14894.635009765623, ""grnwt"": 2147.31689453125, ""xlai"": 4.035124778747559, ""totir"": 40.0, ""tofer"": NaN, ""swfac"": 0.0, ""nstres"": 0.0}",0.0,0.0,14894.635009765623,2147.31689453125,4.035124778747559,40.0,,0.0,0.0,40.0,225.0,-7.442108154296875,8.557891845703125,Leave_One_experiments/all_year_offline_schedule_search/daily_outputs/HLA/HLA_2010_HLA2010_normal_grid_S0023_daily.csv
HLA,HLA,Hailun,2010,Leave_One_experiments\wth_generated_qc\HLA\HLA2010.WTH,normal_year;nitrogen_stress_year;low_response_year,normal,HLA2010_normal_grid_S0023,top_yield,2010-08-16,228,109,104,"{""sim_day"": 109.0, ""doy"": 228.0, ""topwt"": 15073.577880859377, ""grnwt"": 2326.260070800781, ""xlai"": 3.996847152709961, ""totir"": 40.0, ""tofer"": NaN, ""swfac"": 0.0, ""nstres"": 0.0}",0.0,0.0,15073.577880859377,2326.260070800781,3.996847152709961,40.0,,0.0,0.0,40.0,225.0,-7.442108154296875,8.557891845703125,Leave_One_experiments/all_year_offline_schedule_search/daily_outputs/HLA/HLA_2010_HLA2010_normal_grid_S0023_daily.csv
HLA,HLA,Hailun,2010,Leave_One_experiments\wth_generated_qc\HLA\HLA2010.WTH,normal_year;nitrogen_stress_year;low_response_year,normal,HLA2010_normal_grid_S0023,top_yield,2010-08-17,229,110,105,"{""sim_day"": 110.0, ""doy"": 229.0, ""topwt"": 15252.520751953123, ""grnwt"": 2505.203094482422, ""xlai"": 3.949886322021485, ""totir"": 40.0, ""tofer"": NaN, ""swfac"": 0.0, ""nstres"": 0.0}",0.0,0.0,15252.520751953123,2505.203094482422,3.949886322021485,40.0,,0.0,0.0,40.0,225.0,-7.442108154296875,8.557891845703125,Leave_One_experiments/all_year_offline_schedule_search/daily_outputs/HLA/HLA_2010_HLA2010_normal_grid_S0023_daily.csv
HLA,HLA,Hailun,2010,Leave_One_experiments\wth_generated_qc\HLA\HLA2010.WTH,normal_year;nitrogen_stress_year;low_response_year,normal,HLA2010_normal_grid_S0023,top_yield,2010-08-18,230,111,106,"{""sim_day"": 111.0, ""doy"": 230.0, ""topwt"": 15361.01318359375, ""grnwt"": 2684.1461181640625, ""xlai"": 3.904057025909424, ""totir"": 40.0, ""tofer"": NaN, ""swfac"": 0.0, ""nstres"": 0.0}",0.0,0.0,15361.01318359375,2684.1461181640625,3.904057025909424,40.0,,0.0,0.0,40.0,225.0,-7.442108154296875,8.557891845703125,Leave_One_experiments/all_year_offline_schedule_search/daily_outputs/HLA/HLA_2010_HLA2010_normal_grid_S0023_daily.csv
HLA,HLA,Hailun,2010,Leave_One_experiments\wth_generated_qc\HLA\HLA2010.WTH,normal_year;nitrogen_stress_year;low_response_year,normal,HLA2010_normal_grid_S0023,top_yield,2010-08-19,231,112,107,"{""sim_day"": 112.0, ""doy"": 231.0, ""topwt"": 15592.83203125, ""grnwt"": 2863.0892944335938, ""xlai"": 3.842942953109741, ""totir"": 40.0, ""tofer"": NaN, ""swfac"": 0.0, ""nstres"": 0.0}",0.0,0.0,15592.83203125,2863.0892944335938,3.842942953109741,40.0,,0.0,0.0,40.0,225.0,-7.442108154296875,8.557891845703125,Leave_One_experiments/all_year_offline_schedule_search/daily_outputs/HLA/HLA_2010_HLA2010_normal_grid_S0023_daily.csv
HLA,HLA,Hailun,2010,Leave_One_experiments\wth_generated_qc\HLA\HLA2010.WTH,normal_year;nitrogen_stress_year;low_response_year,normal,HLA2010_normal_grid_S0023,top_yield,2010-08-20,232,113,108,"{""sim_day"": 113.0, ""doy"": 232.0, ""topwt"": 15789.349365234377, ""grnwt"": 3042.032165527344, ""xlai"": 3.7985527515411377, ""totir"": 40.0, ""tofer"": NaN, ""swfac"": 0.0, ""nstres"": 0.0}",0.0,0.0,15789.349365234377,3042.032165527344,3.7985527515411377,40.0,,0.0,0.0,40.0,225.0,-7.442108154296875,8.557891845703125,Leave_One_experiments/all_year_offline_schedule_search/daily_outputs/HLA/HLA_2010_HLA2010_normal_grid_S0023_daily.csv
HLA,HLA,Hailun,2010,Leave_One_experiments\wth_generated_qc\HLA\HLA2010.WTH,normal_year;nitrogen_stress_year;low_response_year,normal,HLA2010_normal_grid_S0023,top_yield,2010-08-21,233,114,109,"{""sim_day"": 114.0, ""doy"": 233.0, ""topwt"": 15968.292236328123, ""grnwt"": 3220.975341796875, ""xlai"": 3.7483158111572266, ""totir"": 40.0, ""tofer"": NaN, ""swfac"": 0.0, ""nstres"": 0.0}",0.0,0.0,15968.292236328123,3220.975341796875,3.7483158111572266,40.0,,0.0,0.0,40.0,225.0,-7.442108154296875,8.557891845703125,Leave_One_experiments/all_year_offline_schedule_search/daily_outputs/HLA/HLA_2010_HLA2010_normal_grid_S0023_daily.csv
HLA,HLA,Hailun,2010,Leave_One_experiments\wth_generated_qc\HLA\HLA2010.WTH,normal_year;nitrogen_stress_year;low_response_year,normal,HLA2010_normal_grid_S0023,top_yield,2010-08-22,234,115,110,"{""sim_day"": 115.0, ""doy"": 234.0, ""topwt"": 16147.235107421877, ""grnwt"": 3399.9188232421875, ""xlai"": 3.696554183959961, ""totir"": 40.0, ""tofer"": NaN, ""swfac"": 0.0, ""nstres"": 0.0}",0.0,0.0,16147.235107421877,3399.9188232421875,3.696554183959961,40.0,,0.0,0.0,40.0,225.0,-7.442108154296875,8.557891845703125,Leave_One_experiments/all_year_offline_schedule_search/daily_outputs/HLA/HLA_2010_HLA2010_normal_grid_S0023_daily.csv
HLA,HLA,Hailun,2010,Leave_One_experiments\wth_generated_qc\HLA\HLA2010.WTH,normal_year;nitrogen_stress_year;low_response_year,normal,HLA2010_normal_grid_S0023,top_yield,2010-08-23,235,116,111,"{""sim_day"": 116.0, ""doy"": 235.0, ""topwt"": 16326.177978515623, ""grnwt"": 3578.8619995117188, ""xlai"": 3.641457319259644, ""totir"": 40.0, ""tofer"": NaN, ""swfac"": 0.0, ""nstres"": 0.0}",0.0,0.0,16326.177978515623,3578.8619995117188,3.641457319259644,40.0,,0.0,0.0,40.0,225.0,-7.442108154296875,8.557891845703125,Leave_One_experiments/all_year_offline_schedule_search/daily_outputs/HLA/HLA_2010_HLA2010_normal_grid_S0023_daily.csv
HLA,HLA,Hailun,2010,Leave_One_experiments\wth_generated_qc\HLA\HLA2010.WTH,normal_year;nitrogen_stress_year;low_response_year,normal,HLA2010_normal_grid_S0023,top_yield,2010-08-24,236,117,112,"{""sim_day"": 117.0, ""doy"": 236.0, ""topwt"": 16505.120849609375, ""grnwt"": 3757.80517578125, ""xlai"": 3.582096815109253, ""totir"": 40.0, ""tofer"": NaN, ""swfac"": 0.0, ""nstres"": 0.0}",0.0,0.0,16505.120849609375,3757.80517578125,3.582096815109253,40.0,,0.0,0.0,40.0,225.0,-7.442108154296875,8.557891845703125,Leave_One_experiments/all_year_offline_schedule_search/daily_outputs/HLA/HLA_2010_HLA2010_normal_grid_S0023_daily.csv
HLA,HLA,Hailun,2010,Leave_One_experiments\wth_generated_qc\HLA\HLA2010.WTH,normal_year;nitrogen_stress_year;low_response_year,normal,HLA2010_normal_grid_S0023,top_yield,2010-08-25,237,118,113,"{""sim_day"": 118.0, ""doy"": 237.0, ""topwt"": 16684.063720703125, ""grnwt"": 3936.7486572265625, ""xlai"": 3.5094664096832275, ""totir"": 40.0, ""tofer"": NaN, ""swfac"": 0.0, ""nstres"": 0.0}",0.0,0.0,16684.063720703125,3936.7486572265625,3.5094664096832275,40.0,,0.0,0.0,40.0,225.0,-7.442108154296875,8.557891845703125,Leave_One_experiments/all_year_offline_schedule_search/daily_outputs/HLA/HLA_2010_HLA2010_normal_grid_S0023_daily.csv
HLA,HLA,Hailun,2010,Leave_One_experiments\wth_generated_qc\HLA\HLA2010.WTH,normal_year;nitrogen_stress_year;low_response_year,normal,HLA2010_normal_grid_S0023,top_yield,2010-08-26,238,119,114,"{""sim_day"": 119.0, ""doy"": 238.0, ""topwt"": 16863.006591796875, ""grnwt"": 4115.691833496094, ""xlai"": 3.424318552017212, ""totir"": 40.0, ""tofer"": NaN, ""swfac"": 0.0, ""nstres"": 0.0}",0.0,0.0,16863.006591796875,4115.691833496094,3.424318552017212,40.0,,0.0,0.0,40.0,225.0,-7.442108154296875,8.557891845703125,Leave_One_experiments/all_year_offline_schedule_search/daily_outputs/HLA/HLA_2010_HLA2010_normal_grid_S0023_daily.csv
HLA,HLA,Hailun,2010,Leave_One_experiments\wth_generated_qc\HLA\HLA2010.WTH,normal_year;nitrogen_stress_year;low_response_year,normal,HLA2010_normal_grid_S0023,top_yield,2010-08-27,239,120,115,"{""sim_day"": 120.0, ""doy"": 239.0, ""topwt"": 16931.30126953125, ""grnwt"": 4294.635009765625, ""xlai"": 3.3519482612609863, ""totir"": 40.0, ""tofer"": NaN, ""swfac"": 0.0, ""nstres"": 0.0}",0.0,0.0,16931.30126953125,4294.635009765625,3.3519482612609863,40.0,,0.0,0.0,40.0,225.0,-7.442108154296875,8.557891845703125,Leave_One_experiments/all_year_offline_schedule_search/daily_outputs/HLA/HLA_2010_HLA2010_normal_grid_S0023_daily.csv
HLA,HLA,Hailun,2010,Leave_One_experiments\wth_generated_qc\HLA\HLA2010.WTH,normal_year;nitrogen_stress_year;low_response_year,normal,HLA2010_normal_grid_S0023,top_yield,2010-08-28,240,121,116,"{""sim_day"": 121.0, ""doy"": 240.0, ""topwt"": 17132.403564453125, ""grnwt"": 4473.578186035156, ""xlai"": 3.2696902751922607, ""totir"": 40.0, ""tofer"": NaN, ""swfac"": 0.0, ""nstres"": 0.0}",0.0,0.0,17132.403564453125,4473.578186035156,3.2696902751922607,40.0,,0.0,0.0,40.0,225.0,-7.442108154296875,8.557891845703125,Leave_One_experiments/all_year_offline_schedule_search/daily_outputs/HLA/HLA_2010_HLA2010_normal_grid_S0023_daily.csv
HLA,HLA,Hailun,2010,Leave_One_experiments\wth_generated_qc\HLA\HLA2010.WTH,normal_year;nitrogen_stress_year;low_response_year,normal,HLA2010_normal_grid_S0023,top_yield,2010-08-29,241,122,117,"{""sim_day"": 122.0, ""doy"": 241.0, ""topwt"": 17308.001708984375, ""grnwt"": 4652.521362304688, ""xlai"": 3.203333616256714, ""totir"": 40.0, ""tofer"": NaN, ""swfac"": 0.0, ""nstres"": 0.0}",0.0,0.0,17308.001708984375,4652.521362304688,3.203333616256714,40.0,,0.0,0.0,40.0,225.0,-7.442108154296875,8.557891845703125,Leave_One_experiments/all_year_offline_schedule_search/daily_outputs/HLA/HLA_2010_HLA2010_normal_grid_S0023_daily.csv
HLA,HLA,Hailun,2010,Leave_One_experiments\wth_generated_qc\HLA\HLA2010.WTH,normal_year;nitrogen_stress_year;low_response_year,normal,HLA2010_normal_grid_S0023,top_yield,2010-08-30,242,123,118,"{""sim_day"": 123.0, ""doy"": 242.0, ""topwt"": 17526.943359375, ""grnwt"": 4825.499877929688, ""xlai"": 3.1487693786621094, ""totir"": 40.0, ""tofer"": NaN, ""swfac"": 0.0, ""nstres"": 0.0}",0.0,0.0,17526.943359375,4825.499877929688,3.1487693786621094,40.0,,0.0,0.0,40.0,225.0,-7.442108154296875,8.557891845703125,Leave_One_experiments/all_year_offline_schedule_search/daily_outputs/HLA/HLA_2010_HLA2010_normal_grid_S0023_daily.csv
HLA,HLA,Hailun,2010,Leave_One_experiments\wth_generated_qc\HLA\HLA2010.WTH,normal_year;nitrogen_stress_year;low_response_year,normal,HLA2010_normal_grid_S0023,top_yield,2010-08-31,243,124,119,"{""sim_day"": 124.0, ""doy"": 243.0, ""topwt"": 17751.7578125, ""grnwt"": 5004.443054199219, ""xlai"": 3.089072227478028, ""totir"": 40.0, ""tofer"": NaN, ""swfac"": 0.0, ""nstres"": 0.0}",0.0,0.0,17751.7578125,5004.443054199219,3.089072227478028,40.0,,0.0,0.0,40.0,225.0,-7.442108154296875,8.557891845703125,Leave_One_experiments/all_year_offline_schedule_search/daily_outputs/HLA/HLA_2010_HLA2010_normal_grid_S0023_daily.csv
HLA,HLA,Hailun,2010,Leave_One_experiments\wth_generated_qc\HLA\HLA2010.WTH,normal_year;nitrogen_stress_year;low_response_year,normal,HLA2010_normal_grid_S0023,top_yield,2010-09-01,244,125,120,"{""sim_day"": 125.0, ""doy"": 244.0, ""topwt"": 17930.70068359375, ""grnwt"": 5183.38623046875, ""xlai"": 3.006732702255249, ""totir"": 40.0, ""tofer"": NaN, ""swfac"": 0.0, ""nstres"": 0.0}",0.0,0.0,17930.70068359375,5183.38623046875,3.006732702255249,40.0,,0.0,0.0,40.0,225.0,-7.442108154296875,8.557891845703125,Leave_One_experiments/all_year_offline_schedule_search/daily_outputs/HLA/HLA_2010_HLA2010_normal_grid_S0023_daily.csv
HLA,HLA,Hailun,2010,Leave_One_experiments\wth_generated_qc\HLA\HLA2010.WTH,normal_year;nitrogen_stress_year;low_response_year,normal,HLA2010_normal_grid_S0023,top_yield,2010-09-02,245,126,121,"{""sim_day"": 126.0, ""doy"": 245.0, ""topwt"": 18109.6435546875, ""grnwt"": 5362.329711914063, ""xlai"": 2.912180662155152, ""totir"": 40.0, ""tofer"": NaN, ""swfac"": 0.0, ""nstres"": 0.0}",0.0,0.0,18109.6435546875,5362.329711914063,2.912180662155152,40.0,,0.0,0.0,40.0,225.0,-7.442108154296875,8.557891845703125,Leave_One_experiments/all_year_offline_schedule_search/daily_outputs/HLA/HLA_2010_HLA2010_normal_grid_S0023_daily.csv
HLA,HLA,Hailun,2010,Leave_One_experiments\wth_generated_qc\HLA\HLA2010.WTH,normal_year;nitrogen_stress_year;low_response_year,normal,HLA2010_normal_grid_S0023,top_yield,2010-09-03,246,127,122,"{""sim_day"": 127.0, ""doy"": 246.0, ""topwt"": 18288.58642578125, ""grnwt"": 5541.2725830078125, ""xlai"": 2.79463267326355, ""totir"": 40.0, ""tofer"": NaN, ""swfac"": 0.0, ""nstres"": 0.0}",0.0,0.0,18288.58642578125,5541.2725830078125,2.79463267326355,40.0,,0.0,0.0,40.0,225.0,-7.442108154296875,8.557891845703125,Leave_One_experiments/all_year_offline_schedule_search/daily_outputs/HLA/HLA_2010_HLA2010_normal_grid_S0023_daily.csv
HLA,HLA,Hailun,2010,Leave_One_experiments\wth_generated_qc\HLA\HLA2010.WTH,normal_year;nitrogen_stress_year;low_response_year,normal,HLA2010_normal_grid_S0023,top_yield,2010-09-04,247,128,123,"{""sim_day"": 128.0, ""doy"": 247.0, ""topwt"": 18467.529296875, ""grnwt"": 5720.216064453125, ""xlai"": 2.687488317489624, ""totir"": 40.0, ""tofer"": NaN, ""swfac"": 0.0, ""nstres"": 0.0081230401992797}",0.0,0.0081230401992797,18467.529296875,5720.216064453125,2.687488317489624,40.0,,0.0,0.0,40.0,225.0,-7.442108154296875,8.557891845703125,Leave_One_experiments/all_year_offline_schedule_search/daily_outputs/HLA/HLA_2010_HLA2010_normal_grid_S0023_daily.csv
HLA,HLA,Hailun,2010,Leave_One_experiments\wth_generated_qc\HLA\HLA2010.WTH,normal_year;nitrogen_stress_year;low_response_year,normal,HLA2010_normal_grid_S0023,top_yield,2010-09-05,248,129,124,"{""sim_day"": 129.0, ""doy"": 248.0, ""topwt"": 18646.47216796875, ""grnwt"": 5899.158935546875, ""xlai"": 2.6013216972351074, ""totir"": 40.0, ""tofer"": NaN, ""swfac"": 0.0, ""nstres"": 0.0251157283782959}",0.0,0.0251157283782959,18646.47216796875,5899.158935546875,2.6013216972351074,40.0,,0.0,0.0,40.0,225.0,-7.442108154296875,8.557891845703125,Leave_One_experiments/all_year_offline_schedule_search/daily_outputs/HLA/HLA_2010_HLA2010_normal_grid_S0023_daily.csv
HLA,HLA,Hailun,2010,Leave_One_experiments\wth_generated_qc\HLA\HLA2010.WTH,normal_year;nitrogen_stress_year;low_response_year,normal,HLA2010_normal_grid_S0023,top_yield,2010-09-06,249,130,125,"{""sim_day"": 130.0, ""doy"": 249.0, ""topwt"": 18746.168212890625, ""grnwt"": 5998.856201171875, ""xlai"": 2.245200634002685, ""totir"": 40.0, ""tofer"": NaN, ""swfac"": 0.0, ""nstres"": 0.0461019277572631}",0.0,0.0461019277572631,18746.168212890625,5998.856201171875,2.245200634002685,40.0,,0.0,0.0,40.0,225.0,-7.442108154296875,8.557891845703125,Leave_One_experiments/all_year_offline_schedule_search/daily_outputs/HLA/HLA_2010_HLA2010_normal_grid_S0023_daily.csv
HLA,HLA,Hailun,2010,Leave_One_experiments\wth_generated_qc\HLA\HLA2010.WTH,normal_year;nitrogen_stress_year;low_response_year,normal,HLA2010_normal_grid_S0023,top_yield,2010-09-07,250,131,126,"{""sim_day"": 131.0, ""doy"": 250.0, ""topwt"": 18912.3291015625, ""grnwt"": 6165.01708984375, ""xlai"": 2.2301037311553955, ""totir"": 40.0, ""tofer"": NaN, ""swfac"": 0.0, ""nstres"": 0.0537929534912109}",0.0,0.0537929534912109,18912.3291015625,6165.01708984375,2.2301037311553955,40.0,,0.0,0.0,40.0,225.0,-7.442108154296875,8.557891845703125,Leave_One_experiments/all_year_offline_schedule_search/daily_outputs/HLA/HLA_2010_HLA2010_normal_grid_S0023_daily.csv
HLA,HLA,Hailun,2010,Leave_One_experiments\wth_generated_qc\HLA\HLA2010.WTH,normal_year;nitrogen_stress_year;low_response_year,normal,HLA2010_normal_grid_S0023,top_yield,2010-09-08,251,132,127,"{""sim_day"": 132.0, ""doy"": 251.0, ""topwt"": 19091.27197265625, ""grnwt"": 6343.960571289063, ""xlai"": 2.211073398590088, ""totir"": 40.0, ""tofer"": NaN, ""swfac"": 0.0, ""nstres"": 0.068266749382019}",0.0,0.068266749382019,19091.27197265625,6343.960571289063,2.211073398590088,40.0,,0.0,0.0,40.0,225.0,-7.442108154296875,8.557891845703125,Leave_One_experiments/all_year_offline_schedule_search/daily_outputs/HLA/HLA_2010_HLA2010_normal_grid_S0023_daily.csv
HLA,HLA,Hailun,2010,Leave_One_experiments\wth_generated_qc\HLA\HLA2010.WTH,normal_year;nitrogen_stress_year;low_response_year,normal,HLA2010_normal_grid_S0023,top_yield,2010-09-09,252,133,128,"{""sim_day"": 133.0, ""doy"": 252.0, ""topwt"": 19270.21484375, ""grnwt"": 6522.9034423828125, ""xlai"": 2.188122034072876, ""totir"": 40.0, ""tofer"": NaN, ""swfac"": 0.0, ""nstres"": 0.0830422043800354}",0.0,0.0830422043800354,19270.21484375,6522.9034423828125,2.188122034072876,40.0,,0.0,0.0,40.0,225.0,-7.442108154296875,8.557891845703125,Leave_One_experiments/all_year_offline_schedule_search/daily_outputs/HLA/HLA_2010_HLA2010_normal_grid_S0023_daily.csv
HLA,HLA,Hailun,2010,Leave_One_experiments\wth_generated_qc\HLA\HLA2010.WTH,normal_year;nitrogen_stress_year;low_response_year,normal,HLA2010_normal_grid_S0023,top_yield,2010-09-10,253,134,129,"{""sim_day"": 134.0, ""doy"": 253.0, ""topwt"": 19449.15771484375, ""grnwt"": 6701.8463134765625, ""xlai"": 2.0930891036987305, ""totir"": 40.0, ""tofer"": NaN, ""swfac"": 0.0, ""nstres"": 0.0964958667755127}",0.0,0.0964958667755127,19449.15771484375,6701.8463134765625,2.0930891036987305,40.0,,0.0,0.0,40.0,225.0,-7.442108154296875,8.557891845703125,Leave_One_experiments/all_year_offline_schedule_search/daily_outputs/HLA/HLA_2010_HLA2010_normal_grid_S0023_daily.csv
HLA,HLA,Hailun,2010,Leave_One_experiments\wth_generated_qc\HLA\HLA2010.WTH,normal_year;nitrogen_stress_year;low_response_year,normal,HLA2010_normal_grid_S0023,top_yield,2010-09-11,254,135,130,"{""sim_day"": 135.0, ""doy"": 254.0, ""topwt"": 19628.1005859375, ""grnwt"": 6880.7891845703125, ""xlai"": 1.923909306526184, ""totir"": 40.0, ""tofer"": NaN, ""swfac"": 0.0, ""nstres"": 0.1102345585823059}",0.0,0.1102345585823059,19628.1005859375,6880.7891845703125,1.923909306526184,40.0,,0.0,0.0,40.0,225.0,-7.442108154296875,8.557891845703125,Leave_One_experiments/all_year_offline_schedule_search/daily_outputs/HLA/HLA_2010_HLA2010_normal_grid_S0023_daily.csv
HLA,HLA,Hailun,2010,Leave_One_experiments\wth_generated_qc\HLA\HLA2010.WTH,normal_year;nitrogen_stress_year;low_response_year,normal,HLA2010_normal_grid_S0023,top_yield,2010-09-12,255,136,131,"{""sim_day"": 136.0, ""doy"": 255.0, ""topwt"": 19628.1005859375, ""grnwt"": 6880.7891845703125, ""xlai"": 1.923909306526184, ""totir"": 40.0, ""tofer"": NaN, ""swfac"": 0.0, ""nstres"": 0.1249004602432251}",0.0,0.1249004602432251,19628.1005859375,6880.7891845703125,1.923909306526184,40.0,,0.0,0.0,40.0,225.0,-7.442108154296875,8.557891845703125,Leave_One_experiments/all_year_offline_schedule_search/daily_outputs/HLA/HLA_2010_HLA2010_normal_grid_S0023_daily.csv
HLA,HLA,Hailun,2010,Leave_One_experiments\wth_generated_qc\HLA\HLA2010.WTH,normal_year;nitrogen_stress_year;low_response_year,normal,HLA2010_normal_grid_S0023,top_yield,2010-09-13,256,137,132,"{""sim_day"": 137.0, ""doy"": 256.0, ""topwt"": 19628.1005859375, ""grnwt"": 6880.7891845703125, ""xlai"": 1.923909306526184, ""totir"": 40.0, ""tofer"": NaN, ""swfac"": 0.0, ""nstres"": 0.1249004602432251}",0.0,0.1249004602432251,19628.1005859375,6880.7891845703125,1.923909306526184,40.0,,0.0,0.0,40.0,225.0,-7.442108154296875,8.557891845703125,Leave_One_experiments/all_year_offline_schedule_search/daily_outputs/HLA/HLA_2010_HLA2010_normal_grid_S0023_daily.csv
HLA,HLA,Hailun,2010,Leave_One_experiments\wth_generated_qc\HLA\HLA2010.WTH,normal_year;nitrogen_stress_year;low_response_year,normal,HLA2010_normal_grid_S0023,top_yield,2010-09-14,257,138,133,"{""sim_day"": 138.0, ""doy"": 257.0, ""topwt"": 19628.1005859375, ""grnwt"": 6880.7891845703125, ""xlai"": 1.923909306526184, ""totir"": 40.0, ""tofer"": NaN, ""swfac"": 0.0, ""nstres"": 0.1249004602432251}",0.0,0.1249004602432251,19628.1005859375,6880.7891845703125,1.923909306526184,40.0,,0.0,0.0,40.0,225.0,-7.442108154296875,8.557891845703125,Leave_One_experiments/all_year_offline_schedule_search/daily_outputs/HLA/HLA_2010_HLA2010_normal_grid_S0023_daily.csv
HLA,HLA,Hailun,2012,Leave_One_experiments\wth_generated_qc\HLA\HLA2012.WTH,wet_year;nitrogen_stress_year;low_response_year,wet,HLA2012_normal_grid_S0004,irrigation_positive_candidate,2012-05-04,125,1,1,"{""sim_day"": 1.0, ""doy"": 125.0, ""topwt"": 0.0, ""grnwt"": 0.0, ""xlai"": 0.0, ""totir"": 0.0, ""tofer"": NaN, ""swfac"": 0.0, ""nstres"": 0.0}",0.0,0.0,0.0,0.0,0.0,0.0,,0.0,0.0,30.0,0.0,-15.0,-3.0,Leave_One_experiments/all_year_offline_schedule_search/daily_outputs/HLA/HLA_2012_HLA2012_normal_grid_S0004_daily.csv
HLA,HLA,Hailun,2012,Leave_One_experiments\wth_generated_qc\HLA\HLA2012.WTH,wet_year;nitrogen_stress_year;low_response_year,wet,HLA2012_normal_grid_S0004,irrigation_positive_candidate,2012-05-05,126,2,2,"{""sim_day"": 2.0, ""doy"": 126.0, ""topwt"": 0.0, ""grnwt"": 0.0, ""xlai"": 0.0, ""totir"": 0.0, ""tofer"": NaN, ""swfac"": 0.0, ""nstres"": 0.0}",0.0,0.0,0.0,0.0,0.0,0.0,,0.0,0.0,30.0,0.0,-15.0,-3.0,Leave_One_experiments/all_year_offline_schedule_search/daily_outputs/HLA/HLA_2012_HLA2012_normal_grid_S0004_daily.csv
HLA,HLA,Hailun,2012,Leave_One_experiments\wth_generated_qc\HLA\HLA2012.WTH,wet_year;nitrogen_stress_year;low_response_year,wet,HLA2012_normal_grid_S0004,irrigation_positive_candidate,2012-05-06,127,3,3,"{""sim_day"": 3.0, ""doy"": 127.0, ""topwt"": 0.0, ""grnwt"": 0.0, ""xlai"": 0.0, ""totir"": 0.0, ""tofer"": NaN, ""swfac"": 0.0, ""nstres"": 0.0}",0.0,0.0,0.0,0.0,0.0,0.0,,0.0,0.0,30.0,0.0,-15.0,-3.0,Leave_One_experiments/all_year_offline_schedule_search/daily_outputs/HLA/HLA_2012_HLA2012_normal_grid_S0004_daily.csv
HLA,HLA,Hailun,2012,Leave_One_experiments\wth_generated_qc\HLA\HLA2012.WTH,wet_year;nitrogen_stress_year;low_response_year,wet,HLA2012_normal_grid_S0004,irrigation_positive_candidate,2012-05-07,128,4,4,"{""sim_day"": 4.0, ""doy"": 128.0, ""topwt"": 0.0, ""grnwt"": 0.0, ""xlai"": 0.0, ""totir"": 0.0, ""tofer"": NaN, ""swfac"": 0.0, ""nstres"": 0.0}",0.0,0.0,0.0,0.0,0.0,0.0,,0.0,0.0,30.0,0.0,-15.0,-3.0,Leave_One_experiments/all_year_offline_schedule_search/daily_outputs/HLA/HLA_2012_HLA2012_normal_grid_S0004_daily.csv
HLA,HLA,Hailun,2012,Leave_One_experiments\wth_generated_qc\HLA\HLA2012.WTH,wet_year;nitrogen_stress_year;low_response_year,wet,HLA2012_normal_grid_S0004,irrigation_positive_candidate,2012-05-08,129,5,5,"{""sim_day"": 5.0, ""doy"": 129.0, ""topwt"": 0.0, ""grnwt"": 0.0, ""xlai"": 0.0, ""totir"": 0.0, ""tofer"": NaN, ""swfac"": 0.0, ""nstres"": 0.0}",0.0,0.0,0.0,0.0,0.0,0.0,,0.0,0.0,30.0,0.0,-15.0,-3.0,Leave_One_experiments/all_year_offline_schedule_search/daily_outputs/HLA/HLA_2012_HLA2012_normal_grid_S0004_daily.csv
HLA,HLA,Hailun,2012,Leave_One_experiments\wth_generated_qc\HLA\HLA2012.WTH,wet_year;nitrogen_stress_year;low_response_year,wet,HLA2012_normal_grid_S0004,irrigation_positive_candidate,2012-05-04,125,6,1,"{""sim_day"": 6.0, ""doy"": 125.0, ""topwt"": 0.0, ""grnwt"": 0.0, ""xlai"": 0.0, ""totir"": 0.0, ""tofer"": NaN, ""swfac"": 0.0, ""nstres"": 0.0}",0.0,0.0,0.0,0.0,0.0,0.0,,0.0,0.0,30.0,0.0,-15.0,-3.0,Leave_One_experiments/all_year_offline_schedule_search/daily_outputs/HLA/HLA_2012_HLA2012_normal_grid_S0004_daily.csv
HLA,HLA,Hailun,2012,Leave_One_experiments\wth_generated_qc\HLA\HLA2012.WTH,wet_year;nitrogen_stress_year;low_response_year,wet,HLA2012_normal_grid_S0004,irrigation_positive_candidate,2012-05-05,126,7,2,"{""sim_day"": 7.0, ""doy"": 126.0, ""topwt"": 0.0, ""grnwt"": 0.0, ""xlai"": 0.0, ""totir"": 0.0, ""tofer"": NaN, ""swfac"": 0.0, ""nstres"": 0.0}",0.0,0.0,0.0,0.0,0.0,0.0,,0.0,0.0,30.0,0.0,-15.0,-3.0,Leave_One_experiments/all_year_offline_schedule_search/daily_outputs/HLA/HLA_2012_HLA2012_normal_grid_S0004_daily.csv
HLA,HLA,Hailun,2012,Leave_One_experiments\wth_generated_qc\HLA\HLA2012.WTH,wet_year;nitrogen_stress_year;low_response_year,wet,HLA2012_normal_grid_S0004,irrigation_positive_candidate,2012-05-06,127,8,3,"{""sim_day"": 8.0, ""doy"": 127.0, ""topwt"": 0.0, ""grnwt"": 0.0, ""xlai"": 0.0, ""totir"": 0.0, ""tofer"": NaN, ""swfac"": 0.0, ""nstres"": 0.0}",0.0,0.0,0.0,0.0,0.0,0.0,,0.0,0.0,30.0,0.0,-15.0,-3.0,Leave_One_experiments/all_year_offline_schedule_search/daily_outputs/HLA/HLA_2012_HLA2012_normal_grid_S0004_daily.csv
HLA,HLA,Hailun,2012,Leave_One_experiments\wth_generated_qc\HLA\HLA2012.WTH,wet_year;nitrogen_stress_year;low_response_year,wet,HLA2012_normal_grid_S0004,irrigation_positive_candidate,2012-05-07,128,9,4,"{""sim_day"": 9.0, ""doy"": 128.0, ""topwt"": 0.0, ""grnwt"": 0.0, ""xlai"": 0.0, ""totir"": 0.0, ""tofer"": NaN, ""swfac"": 0.0, ""nstres"": 0.0}",0.0,0.0,0.0,0.0,0.0,0.0,,0.0,0.0,30.0,0.0,-15.0,-3.0,Leave_One_experiments/all_year_offline_schedule_search/daily_outputs/HLA/HLA_2012_HLA2012_normal_grid_S0004_daily.csv
HLA,HLA,Hailun,2012,Leave_One_experiments\wth_generated_qc\HLA\HLA2012.WTH,wet_year;nitrogen_stress_year;low_response_year,wet,HLA2012_normal_grid_S0004,irrigation_positive_candidate,2012-05-08,129,10,5,"{""sim_day"": 10.0, ""doy"": 129.0, ""topwt"": 0.0, ""grnwt"": 0.0, ""xlai"": 0.0, ""totir"": 0.0, ""tofer"": NaN, ""swfac"": 0.0, ""nstres"": 0.0}",0.0,0.0,0.0,0.0,0.0,0.0,,0.0,0.0,30.0,0.0,-15.0,-3.0,Leave_One_experiments/all_year_offline_schedule_search/daily_outputs/HLA/HLA_2012_HLA2012_normal_grid_S0004_daily.csv
HLA,HLA,Hailun,2012,Leave_One_experiments\wth_generated_qc\HLA\HLA2012.WTH,wet_year;nitrogen_stress_year;low_response_year,wet,HLA2012_normal_grid_S0004,irrigation_positive_candidate,2012-05-09,130,11,6,"{""sim_day"": 11.0, ""doy"": 130.0, ""topwt"": 0.0, ""grnwt"": 0.0, ""xlai"": 0.0, ""totir"": 0.0, ""tofer"": NaN, ""swfac"": 0.0, ""nstres"": 0.0}",0.0,0.0,0.0,0.0,0.0,0.0,,0.0,0.0,30.0,0.0,-15.0,-3.0,Leave_One_experiments/all_year_offline_schedule_search/daily_outputs/HLA/HLA_2012_HLA2012_normal_grid_S0004_daily.csv
HLA,HLA,Hailun,2012,Leave_One_experiments\wth_generated_qc\HLA\HLA2012.WTH,wet_year;nitrogen_stress_year;low_response_year,wet,HLA2012_normal_grid_S0004,irrigation_positive_candidate,2012-05-10,131,12,7,"{""sim_day"": 12.0, ""doy"": 131.0, ""topwt"": 0.0, ""grnwt"": 0.0, ""xlai"": 0.0, ""totir"": 0.0, ""tofer"": NaN, ""swfac"": 0.0, ""nstres"": 0.0}",0.0,0.0,0.0,0.0,0.0,0.0,,0.0,0.0,30.0,0.0,-15.0,-3.0,Leave_One_experiments/all_year_offline_schedule_search/daily_outputs/HLA/HLA_2012_HLA2012_normal_grid_S0004_daily.csv
HLA,HLA,Hailun,2012,Leave_One_experiments\wth_generated_qc\HLA\HLA2012.WTH,wet_year;nitrogen_stress_year;low_response_year,wet,HLA2012_normal_grid_S0004,irrigation_positive_candidate,2012-05-11,132,13,8,"{""sim_day"": 13.0, ""doy"": 132.0, ""topwt"": 0.0, ""grnwt"": 0.0, ""xlai"": 0.0, ""totir"": 0.0, ""tofer"": NaN, ""swfac"": 0.0, ""nstres"": 0.0}",0.0,0.0,0.0,0.0,0.0,0.0,,0.0,0.0,30.0,0.0,-15.0,-3.0,Leave_One_experiments/all_year_offline_schedule_search/daily_outputs/HLA/HLA_2012_HLA2012_normal_grid_S0004_daily.csv
HLA,HLA,Hailun,2012,Leave_One_experiments\wth_generated_qc\HLA\HLA2012.WTH,wet_year;nitrogen_stress_year;low_response_year,wet,HLA2012_normal_grid_S0004,irrigation_positive_candidate,2012-05-12,133,14,9,"{""sim_day"": 14.0, ""doy"": 133.0, ""topwt"": 0.0, ""grnwt"": 0.0, ""xlai"": 0.0, ""totir"": 0.0, ""tofer"": NaN, ""swfac"": 0.0, ""nstres"": 0.0}",0.0,0.0,0.0,0.0,0.0,0.0,,0.0,0.0,30.0,0.0,-15.0,-3.0,Leave_One_experiments/all_year_offline_schedule_search/daily_outputs/HLA/HLA_2012_HLA2012_normal_grid_S0004_daily.csv
HLA,HLA,Hailun,2012,Leave_One_experiments\wth_generated_qc\HLA\HLA2012.WTH,wet_year;nitrogen_stress_year;low_response_year,wet,HLA2012_normal_grid_S0004,irrigation_positive_candidate,2012-05-13,134,15,10,"{""sim_day"": 15.0, ""doy"": 134.0, ""topwt"": 0.0, ""grnwt"": 0.0, ""xlai"": 0.0, ""totir"": 0.0, ""tofer"": NaN, ""swfac"": 0.0, ""nstres"": 0.0}",0.0,0.0,0.0,0.0,0.0,0.0,,0.0,0.0,30.0,0.0,-15.0,-3.0,Leave_One_experiments/all_year_offline_schedule_search/daily_outputs/HLA/HLA_2012_HLA2012_normal_grid_S0004_daily.csv
HLA,HLA,Hailun,2012,Leave_One_experiments\wth_generated_qc\HLA\HLA2012.WTH,wet_year;nitrogen_stress_year;low_response_year,wet,HLA2012_normal_grid_S0004,irrigation_positive_candidate,2012-05-14,135,16,11,"{""sim_day"": 16.0, ""doy"": 135.0, ""topwt"": 0.0, ""grnwt"": 0.0, ""xlai"": 0.0, ""totir"": 0.0, ""tofer"": NaN, ""swfac"": 0.0, ""nstres"": 0.0}",0.0,0.0,0.0,0.0,0.0,0.0,,0.0,0.0,30.0,0.0,-15.0,-3.0,Leave_One_experiments/all_year_offline_schedule_search/daily_outputs/HLA/HLA_2012_HLA2012_normal_grid_S0004_daily.csv
HLA,HLA,Hailun,2012,Leave_One_experiments\wth_generated_qc\HLA\HLA2012.WTH,wet_year;nitrogen_stress_year;low_response_year,wet,HLA2012_normal_grid_S0004,irrigation_positive_candidate,2012-05-15,136,17,12,"{""sim_day"": 17.0, ""doy"": 136.0, ""topwt"": 0.0, ""grnwt"": 0.0, ""xlai"": 0.0, ""totir"": 0.0, ""tofer"": NaN, ""swfac"": 0.0, ""nstres"": 0.0}",0.0,0.0,0.0,0.0,0.0,0.0,,0.0,0.0,30.0,0.0,-15.0,-3.0,Leave_One_experiments/all_year_offline_schedule_search/daily_outputs/HLA/HLA_2012_HLA2012_normal_grid_S0004_daily.csv
HLA,HLA,Hailun,2012,Leave_One_experiments\wth_generated_qc\HLA\HLA2012.WTH,wet_year;nitrogen_stress_year;low_response_year,wet,HLA2012_normal_grid_S0004,irrigation_positive_candidate,2012-05-16,137,18,13,"{""sim_day"": 18.0, ""doy"": 137.0, ""topwt"": 0.0, ""grnwt"": 0.0, ""xlai"": 0.0, ""totir"": 0.0, ""tofer"": NaN, ""swfac"": 0.0, ""nstres"": 0.0}",0.0,0.0,0.0,0.0,0.0,0.0,,0.0,0.0,30.0,0.0,-15.0,-3.0,Leave_One_experiments/all_year_offline_schedule_search/daily_outputs/HLA/HLA_2012_HLA2012_normal_grid_S0004_daily.csv
HLA,HLA,Hailun,2012,Leave_One_experiments\wth_generated_qc\HLA\HLA2012.WTH,wet_year;nitrogen_stress_year;low_response_year,wet,HLA2012_normal_grid_S0004,irrigation_positive_candidate,2012-05-17,138,19,14,"{""sim_day"": 19.0, ""doy"": 138.0, ""topwt"": 20.0, ""grnwt"": 0.0, ""xlai"": 0.0022591976448893, ""totir"": 0.0, ""tofer"": NaN, ""swfac"": 0.0, ""nstres"": 0.0121910572052001}",0.0,0.0121910572052001,20.0,0.0,0.0022591976448893,0.0,,0.0,0.0,30.0,0.0,-15.0,-3.0,Leave_One_experiments/all_year_offline_schedule_search/daily_outputs/HLA/HLA_2012_HLA2012_normal_grid_S0004_daily.csv
HLA,HLA,Hailun,2012,Leave_One_experiments\wth_generated_qc\HLA\HLA2012.WTH,wet_year;nitrogen_stress_year;low_response_year,wet,HLA2012_normal_grid_S0004,irrigation_positive_candidate,2012-05-18,139,20,15,"{""sim_day"": 20.0, ""doy"": 139.0, ""topwt"": 20.0, ""grnwt"": 0.0, ""xlai"": 0.0045444290153682, ""totir"": 0.0, ""tofer"": NaN, ""swfac"": 0.0, ""nstres"": 0.0135592222213745}",0.0,0.0135592222213745,20.0,0.0,0.0045444290153682,0.0,,0.0,0.0,30.0,0.0,-15.0,-3.0,Leave_One_experiments/all_year_offline_schedule_search/daily_outputs/HLA/HLA_2012_HLA2012_normal_grid_S0004_daily.csv
HLA,HLA,Hailun,2012,Leave_One_experiments\wth_generated_qc\HLA\HLA2012.WTH,wet_year;nitrogen_stress_year;low_response_year,wet,HLA2012_normal_grid_S0004,irrigation_positive_candidate,2012-05-19,140,21,16,"{""sim_day"": 21.0, ""doy"": 140.0, ""topwt"": 20.0, ""grnwt"": 0.0, ""xlai"": 0.0070208157412707, ""totir"": 0.0, ""tofer"": NaN, ""swfac"": 0.0, ""nstres"": 0.0087429285049438}",0.0,0.0087429285049438,20.0,0.0,0.0070208157412707,0.0,,0.0,0.0,30.0,0.0,-15.0,-3.0,Leave_One_experiments/all_year_offline_schedule_search/daily_outputs/HLA/HLA_2012_HLA2012_normal_grid_S0004_daily.csv
HLA,HLA,Hailun,2012,Leave_One_experiments\wth_generated_qc\HLA\HLA2012.WTH,wet_year;nitrogen_stress_year;low_response_year,wet,HLA2012_normal_grid_S0004,irrigation_positive_candidate,2012-05-20,141,22,17,"{""sim_day"": 22.0, ""doy"": 141.0, ""topwt"": 20.0, ""grnwt"": 0.0, ""xlai"": 0.0103977005928754, ""totir"": 0.0, ""tofer"": NaN, ""swfac"": 0.0, ""nstres"": 0.0028909444808959}",0.0,0.0028909444808959,20.0,0.0,0.0103977005928754,0.0,,0.0,0.0,30.0,0.0,-15.0,-3.0,Leave_One_experiments/all_year_offline_schedule_search/daily_outputs/HLA/HLA_2012_HLA2012_normal_grid_S0004_daily.csv
HLA,HLA,Hailun,2012,Leave_One_experiments\wth_generated_qc\HLA\HLA2012.WTH,wet_year;nitrogen_stress_year;low_response_year,wet,HLA2012_normal_grid_S0004,irrigation_positive_candidate,2012-05-21,142,23,18,"{""sim_day"": 23.0, ""doy"": 142.0, ""topwt"": 20.0, ""grnwt"": 0.0, ""xlai"": 0.0145005583763122, ""totir"": 0.0, ""tofer"": NaN, ""swfac"": 0.0, ""nstres"": 0.0}",0.0,0.0,20.0,0.0,0.0145005583763122,0.0,,0.0,0.0,30.0,0.0,-15.0,-3.0,Leave_One_experiments/all_year_offline_schedule_search/daily_outputs/HLA/HLA_2012_HLA2012_normal_grid_S0004_daily.csv
HLA,HLA,Hailun,2012,Leave_One_experiments\wth_generated_qc\HLA\HLA2012.WTH,wet_year;nitrogen_stress_year;low_response_year,wet,HLA2012_normal_grid_S0004,irrigation_positive_candidate,2012-05-22,143,24,19,"{""sim_day"": 24.0, ""doy"": 143.0, ""topwt"": 20.0, ""grnwt"": 0.0, ""xlai"": 0.0217814203351736, ""totir"": 0.0, ""tofer"": NaN, ""swfac"": 0.0, ""nstres"": 0.0}",0.0,0.0,20.0,0.0,0.0217814203351736,0.0,,0.0,0.0,30.0,0.0,-15.0,-3.0,Leave_One_experiments/all_year_offline_schedule_search/daily_outputs/HLA/HLA_2012_HLA2012_normal_grid_S0004_daily.csv
HLA,HLA,Hailun,2012,Leave_One_experiments\wth_generated_qc\HLA\HLA2012.WTH,wet_year;nitrogen_stress_year;low_response_year,wet,HLA2012_normal_grid_S0004,irrigation_positive_candidate,2012-05-23,144,25,20,"{""sim_day"": 25.0, ""doy"": 144.0, ""topwt"": 20.0, ""grnwt"": 0.0, ""xlai"": 0.0267309658229351, ""totir"": 0.0, ""tofer"": NaN, ""swfac"": 0.0, ""nstres"": 0.0}",0.0,0.0,20.0,0.0,0.0267309658229351,0.0,,0.0,0.0,30.0,0.0,-15.0,-3.0,Leave_One_experiments/all_year_offline_schedule_search/daily_outputs/HLA/HLA_2012_HLA2012_normal_grid_S0004_daily.csv
HLA,HLA,Hailun,2012,Leave_One_experiments\wth_generated_qc\HLA\HLA2012.WTH,wet_year;nitrogen_stress_year;low_response_year,wet,HLA2012_normal_grid_S0004,irrigation_positive_candidate,2012-05-24,145,26,21,"{""sim_day"": 26.0, ""doy"": 145.0, ""topwt"": 20.0, ""grnwt"": 0.0, ""xlai"": 0.03149950876832, ""totir"": 0.0, ""tofer"": NaN, ""swfac"": 0.0, ""nstres"": 0.0}",0.0,0.0,20.0,0.0,0.03149950876832,0.0,,0.0,0.0,30.0,0.0,-15.0,-3.0,Leave_One_experiments/all_year_offline_schedule_search/daily_outputs/HLA/HLA_2012_HLA2012_normal_grid_S0004_daily.csv
HLA,HLA,Hailun,2012,Leave_One_experiments\wth_generated_qc\HLA\HLA2012.WTH,wet_year;nitrogen_stress_year;low_response_year,wet,HLA2012_normal_grid_S0004,irrigation_positive_candidate,2012-05-25,146,27,22,"{""sim_day"": 27.0, ""doy"": 146.0, ""topwt"": 21.356077194213867, ""grnwt"": 0.0, ""xlai"": 0.0370358563959598, ""totir"": 0.0, ""tofer"": NaN, ""swfac"": 0.0, ""nstres"": 0.0}",0.0,0.0,21.356077194213867,0.0,0.0370358563959598,0.0,,0.0,0.0,30.0,0.0,-15.0,-3.0,Leave_One_experiments/all_year_offline_schedule_search/daily_outputs/HLA/HLA_2012_HLA2012_normal_grid_S0004_daily.csv
HLA,HLA,Hailun,2012,Leave_One_experiments\wth_generated_qc\HLA\HLA2012.WTH,wet_year;nitrogen_stress_year;low_response_year,wet,HLA2012_normal_grid_S0004,irrigation_positive_candidate,2012-05-26,147,28,23,"{""sim_day"": 28.0, ""doy"": 147.0, ""topwt"": 24.357354640960693, ""grnwt"": 0.0, ""xlai"": 0.0449564270675182, ""totir"": 0.0, ""tofer"": NaN, ""swfac"": 0.0, ""nstres"": 0.0}",0.0,0.0,24.357354640960693,0.0,0.0449564270675182,0.0,,0.0,0.0,30.0,0.0,-15.0,-3.0,Leave_One_experiments/all_year_offline_schedule_search/daily_outputs/HLA/HLA_2012_HLA2012_normal_grid_S0004_daily.csv
HLA,HLA,Hailun,2012,Leave_One_experiments\wth_generated_qc\HLA\HLA2012.WTH,wet_year;nitrogen_stress_year;low_response_year,wet,HLA2012_normal_grid_S0004,irrigation_positive_candidate,2012-05-27,148,29,24,"{""sim_day"": 29.0, ""doy"": 148.0, ""topwt"": 27.41156816482544, ""grnwt"": 0.0, ""xlai"": 0.0525787472724914, ""totir"": 0.0, ""tofer"": NaN, ""swfac"": 0.0, ""nstres"": 0.0158785581588745}",0.0,0.0158785581588745,27.41156816482544,0.0,0.0525787472724914,0.0,,0.0,0.0,30.0,0.0,-15.0,-3.0,Leave_One_experiments/all_year_offline_schedule_search/daily_outputs/HLA/HLA_2012_HLA2012_normal_grid_S0004_daily.csv
HLA,HLA,Hailun,2012,Leave_One_experiments\wth_generated_qc\HLA\HLA2012.WTH,wet_year;nitrogen_stress_year;low_response_year,wet,HLA2012_normal_grid_S0004,irrigation_positive_candidate,2012-05-28,149,30,25,"{""sim_day"": 30.0, ""doy"": 149.0, ""topwt"": 32.15272903442383, ""grnwt"": 0.0, ""xlai"": 0.0634346455335617, ""totir"": 0.0, ""tofer"": NaN, ""swfac"": 0.0, ""nstres"": 0.0784916877746582}",0.0,0.0784916877746582,32.15272903442383,0.0,0.0634346455335617,0.0,,0.0,0.0,30.0,0.0,-15.0,-3.0,Leave_One_experiments/all_year_offline_schedule_search/daily_outputs/HLA/HLA_2012_HLA2012_normal_grid_S0004_daily.csv
HLA,HLA,Hailun,2012,Leave_One_experiments\wth_generated_qc\HLA\HLA2012.WTH,wet_year;nitrogen_stress_year;low_response_year,wet,HLA2012_normal_grid_S0004,irrigation_positive_candidate,2012-05-29,150,31,26,"{""sim_day"": 31.0, ""doy"": 150.0, ""topwt"": 38.73096942901611, ""grnwt"": 0.0, ""xlai"": 0.0773393884301185, ""totir"": 0.0, ""tofer"": NaN, ""swfac"": 0.0, ""nstres"": 0.1275547742843628}",0.0,0.1275547742843628,38.73096942901611,0.0,0.0773393884301185,0.0,,0.0,0.0,30.0,0.0,-15.0,-3.0,Leave_One_experiments/all_year_offline_schedule_search/daily_outputs/HLA/HLA_2012_HLA2012_normal_grid_S0004_daily.csv
HLA,HLA,Hailun,2012,Leave_One_experiments\wth_generated_qc\HLA\HLA2012.WTH,wet_year;nitrogen_stress_year;low_response_year,wet,HLA2012_normal_grid_S0004,irrigation_positive_candidate,2012-05-30,151,32,27,"{""sim_day"": 32.0, ""doy"": 151.0, ""topwt"": 46.18032455444336, ""grnwt"": 0.0, ""xlai"": 0.0915033146739006, ""totir"": 0.0, ""tofer"": NaN, ""swfac"": 0.0, ""nstres"": 0.1868190169334411}",0.0,0.1868190169334411,46.18032455444336,0.0,0.0915033146739006,0.0,,0.0,0.0,30.0,0.0,-15.0,-3.0,Leave_One_experiments/all_year_offline_schedule_search/daily_outputs/HLA/HLA_2012_HLA2012_normal_grid_S0004_daily.csv
HLA,HLA,Hailun,2012,Leave_One_experiments\wth_generated_qc\HLA\HLA2012.WTH,wet_year;nitrogen_stress_year;low_response_year,wet,HLA2012_normal_grid_S0004,irrigation_positive_candidate,2012-05-31,152,33,28,"{""sim_day"": 33.0, ""doy"": 152.0, ""topwt"": 54.320669174194336, ""grnwt"": 0.0, ""xlai"": 0.1052823364734649, ""totir"": 0.0, ""tofer"": NaN, ""swfac"": 0.0, ""nstres"": 0.3378688097000122}",0.0,0.3378688097000122,54.320669174194336,0.0,0.1052823364734649,0.0,,0.0,0.0,30.0,0.0,-15.0,-3.0,Leave_One_experiments/all_year_offline_schedule_search/daily_outputs/HLA/HLA_2012_HLA2012_normal_grid_S0004_daily.csv
HLA,HLA,Hailun,2012,Leave_One_experiments\wth_generated_qc\HLA\HLA2012.WTH,wet_year;nitrogen_stress_year;low_response_year,wet,HLA2012_normal_grid_S0004,irrigation_positive_candidate,2012-06-01,153,34,29,"{""sim_day"": 34.0, ""doy"": 153.0, ""topwt"": 66.14413738250732, ""grnwt"": 0.0, ""xlai"": 0.1243616640567779, ""totir"": 0.0, ""tofer"": NaN, ""swfac"": 0.0, ""nstres"": 0.4767664074897766}",0.0,0.4767664074897766,66.14413738250732,0.0,0.1243616640567779,0.0,,0.0,0.0,30.0,0.0,-15.0,-3.0,Leave_One_experiments/all_year_offline_schedule_search/daily_outputs/HLA/HLA_2012_HLA2012_normal_grid_S0004_daily.csv
HLA,HLA,Hailun,2012,Leave_One_experiments\wth_generated_qc\HLA\HLA2012.WTH,wet_year;nitrogen_stress_year;low_response_year,wet,HLA2012_normal_grid_S0004,irrigation_positive_candidate,2012-06-02,154,35,30,"{""sim_day"": 35.0, ""doy"": 154.0, ""topwt"": 78.90910625457764, ""grnwt"": 0.0, ""xlai"": 0.1428354382514953, ""totir"": 0.0, ""tofer"": NaN, ""swfac"": 0.0, ""nstres"": 0.5857285261154175}",0.0,0.5857285261154175,78.90910625457764,0.0,0.1428354382514953,0.0,,0.0,0.0,30.0,0.0,-15.0,-3.0,Leave_One_experiments/all_year_offline_schedule_search/daily_outputs/HLA/HLA_2012_HLA2012_normal_grid_S0004_daily.csv
HLA,HLA,Hailun,2012,Leave_One_experiments\wth_generated_qc\HLA\HLA2012.WTH,wet_year;nitrogen_stress_year;low_response_year,wet,HLA2012_normal_grid_S0004,irrigation_positive_candidate,2012-06-03,155,36,31,"{""sim_day"": 36.0, ""doy"": 155.0, ""topwt"": 89.1819953918457, ""grnwt"": 0.0, ""xlai"": 0.1545456796884536, ""totir"": 0.0, ""tofer"": NaN, ""swfac"": 0.0, ""nstres"": 0.6997946500778198}",0.0,0.6997946500778198,89.1819953918457,0.0,0.1545456796884536,0.0,,0.0,0.0,30.0,0.0,-15.0,-3.0,Leave_One_experiments/all_year_offline_schedule_search/daily_outputs/HLA/HLA_2012_HLA2012_normal_grid_S0004_daily.csv
HLA,HLA,Hailun,2012,Leave_One_experiments\wth_generated_qc\HLA\HLA2012.WTH,wet_year;nitrogen_stress_year;low_response_year,wet,HLA2012_normal_grid_S0004,irrigation_positive_candidate,2012-06-04,156,37,32,"{""sim_day"": 37.0, ""doy"": 156.0, ""topwt"": 94.72338676452635, ""grnwt"": 0.0, ""xlai"": 0.1690606027841568, ""totir"": 0.0, ""tofer"": NaN, ""swfac"": 0.0, ""nstres"": 0.7835742831230164}",0.0,0.7835742831230164,94.72338676452635,0.0,0.1690606027841568,0.0,,0.0,0.0,30.0,0.0,-15.0,-3.0,Leave_One_experiments/all_year_offline_schedule_search/daily_outputs/HLA/HLA_2012_HLA2012_normal_grid_S0004_daily.csv
HLA,HLA,Hailun,2012,Leave_One_experiments\wth_generated_qc\HLA\HLA2012.WTH,wet_year;nitrogen_stress_year;low_response_year,wet,HLA2012_normal_grid_S0004,irrigation_positive_candidate,2012-06-05,157,38,33,"{""sim_day"": 38.0, ""doy"": 157.0, ""topwt"": 103.02576065063477, ""grnwt"": 0.0, ""xlai"": 0.1757960468530655, ""totir"": 0.0, ""tofer"": NaN, ""swfac"": 0.0, ""nstres"": 0.798799991607666}",0.0,0.798799991607666,103.02576065063477,0.0,0.1757960468530655,0.0,,0.0,0.0,30.0,0.0,-15.0,-3.0,Leave_One_experiments/all_year_offline_schedule_search/daily_outputs/HLA/HLA_2012_HLA2012_normal_grid_S0004_daily.csv
HLA,HLA,Hailun,2012,Leave_One_experiments\wth_generated_qc\HLA\HLA2012.WTH,wet_year;nitrogen_stress_year;low_response_year,wet,HLA2012_normal_grid_S0004,irrigation_positive_candidate,2012-06-06,158,39,34,"{""sim_day"": 39.0, ""doy"": 158.0, ""topwt"": 105.7807159423828, ""grnwt"": 0.0, ""xlai"": 0.1720361113548278, ""totir"": 0.0, ""tofer"": NaN, ""swfac"": 0.0, ""nstres"": 0.798799991607666}",0.0,0.798799991607666,105.7807159423828,0.0,0.1720361113548278,0.0,,0.0,0.0,30.0,0.0,-15.0,-3.0,Leave_One_experiments/all_year_offline_schedule_search/daily_outputs/HLA/HLA_2012_HLA2012_normal_grid_S0004_daily.csv
HLA,HLA,Hailun,2012,Leave_One_experiments\wth_generated_qc\HLA\HLA2012.WTH,wet_year;nitrogen_stress_year;low_response_year,wet,HLA2012_normal_grid_S0004,irrigation_positive_candidate,2012-06-07,159,40,35,"{""sim_day"": 40.0, ""doy"": 159.0, ""topwt"": 105.7529640197754, ""grnwt"": 0.0, ""xlai"": 0.1634822338819503, ""totir"": 0.0, ""tofer"": NaN, ""swfac"": 0.0, ""nstres"": 0.798799991607666}",0.0,0.798799991607666,105.7529640197754,0.0,0.1634822338819503,0.0,,0.0,0.0,30.0,0.0,-15.0,-3.0,Leave_One_experiments/all_year_offline_schedule_search/daily_outputs/HLA/HLA_2012_HLA2012_normal_grid_S0004_daily.csv
HLA,HLA,Hailun,2012,Leave_One_experiments\wth_generated_qc\HLA\HLA2012.WTH,wet_year;nitrogen_stress_year;low_response_year,wet,HLA2012_normal_grid_S0004,irrigation_positive_candidate,2012-06-08,160,41,36,"{""sim_day"": 41.0, ""doy"": 160.0, ""topwt"": 105.72834014892578, ""grnwt"": 0.0, ""xlai"": 0.155356153845787, ""totir"": 0.0, ""tofer"": NaN, ""swfac"": 0.0, ""nstres"": 0.798799991607666}",0.0,0.798799991607666,105.72834014892578,0.0,0.155356153845787,0.0,,0.0,0.0,30.0,0.0,-15.0,-3.0,Leave_One_experiments/all_year_offline_schedule_search/daily_outputs/HLA/HLA_2012_HLA2012_normal_grid_S0004_daily.csv
HLA,HLA,Hailun,2012,Leave_One_experiments\wth_generated_qc\HLA\HLA2012.WTH,wet_year;nitrogen_stress_year;low_response_year,wet,HLA2012_normal_grid_S0004,irrigation_positive_candidate,2012-06-09,161,42,37,"{""sim_day"": 42.0, ""doy"": 161.0, ""topwt"": 105.70849418640135, ""grnwt"": 0.0, ""xlai"": 0.1476321518421173, ""totir"": 0.0, ""tofer"": NaN, ""swfac"": 0.0, ""nstres"": 0.798799991607666}",0.0,0.798799991607666,105.70849418640135,0.0,0.1476321518421173,0.0,,0.0,0.0,30.0,0.0,-15.0,-3.0,Leave_One_experiments/all_year_offline_schedule_search/daily_outputs/HLA/HLA_2012_HLA2012_normal_grid_S0004_daily.csv
HLA,HLA,Hailun,2012,Leave_One_experiments\wth_generated_qc\HLA\HLA2012.WTH,wet_year;nitrogen_stress_year;low_response_year,wet,HLA2012_normal_grid_S0004,irrigation_positive_candidate,2012-06-10,162,43,38,"{""sim_day"": 43.0, ""doy"": 162.0, ""topwt"": 105.69525718688963, ""grnwt"": 0.0, ""xlai"": 0.1402840316295623, ""totir"": 0.0, ""tofer"": NaN, ""swfac"": 0.0, ""nstres"": 0.798799991607666}",0.0,0.798799991607666,105.69525718688963,0.0,0.1402840316295623,0.0,,0.0,0.0,30.0,0.0,-15.0,-3.0,Leave_One_experiments/all_year_offline_schedule_search/daily_outputs/HLA/HLA_2012_HLA2012_normal_grid_S0004_daily.csv
HLA,HLA,Hailun,2012,Leave_One_experiments\wth_generated_qc\HLA\HLA2012.WTH,wet_year;nitrogen_stress_year;low_response_year,wet,HLA2012_normal_grid_S0004,irrigation_positive_candidate,2012-06-11,163,44,39,"{""sim_day"": 44.0, ""doy"": 163.0, ""topwt"": 105.67550659179688, ""grnwt"": 0.0, ""xlai"": 0.1333215087652206, ""totir"": 0.0, ""tofer"": NaN, ""swfac"": 0.0, ""nstres"": 0.798799991607666}",0.0,0.798799991607666,105.67550659179688,0.0,0.1333215087652206,0.0,,0.0,0.0,30.0,0.0,-15.0,-3.0,Leave_One_experiments/all_year_offline_schedule_search/daily_outputs/HLA/HLA_2012_HLA2012_normal_grid_S0004_daily.csv
HLA,HLA,Hailun,2012,Leave_One_experiments\wth_generated_qc\HLA\HLA2012.WTH,wet_year;nitrogen_stress_year;low_response_year,wet,HLA2012_normal_grid_S0004,irrigation_positive_candidate,2012-06-12,164,45,40,"{""sim_day"": 45.0, ""doy"": 164.0, ""topwt"": 105.66076278686523, ""grnwt"": 0.0, ""xlai"": 0.1266994476318359, ""totir"": 0.0, ""tofer"": NaN, ""swfac"": 0.0, ""nstres"": 0.798799991607666}",0.0,0.798799991607666,105.66076278686523,0.0,0.1266994476318359,0.0,,0.0,0.0,30.0,0.0,-15.0,-3.0,Leave_One_experiments/all_year_offline_schedule_search/daily_outputs/HLA/HLA_2012_HLA2012_normal_grid_S0004_daily.csv
HLA,HLA,Hailun,2012,Leave_One_experiments\wth_generated_qc\HLA\HLA2012.WTH,wet_year;nitrogen_stress_year;low_response_year,wet,HLA2012_normal_grid_S0004,irrigation_positive_candidate,2012-06-13,165,46,41,"{""sim_day"": 46.0, ""doy"": 165.0, ""topwt"": 105.64558029174805, ""grnwt"": 0.0, ""xlai"": 0.1204146668314933, ""totir"": 0.0, ""tofer"": NaN, ""swfac"": 0.0, ""nstres"": 0.798799991607666}",0.0,0.798799991607666,105.64558029174805,0.0,0.1204146668314933,0.0,,0.0,0.0,30.0,0.0,-15.0,-3.0,Leave_One_experiments/all_year_offline_schedule_search/daily_outputs/HLA/HLA_2012_HLA2012_normal_grid_S0004_daily.csv
HLA,HLA,Hailun,2012,Leave_One_experiments\wth_generated_qc\HLA\HLA2012.WTH,wet_year;nitrogen_stress_year;low_response_year,wet,HLA2012_normal_grid_S0004,irrigation_positive_candidate,2012-06-14,166,47,42,"{""sim_day"": 47.0, ""doy"": 166.0, ""topwt"": 105.63258171081544, ""grnwt"": 0.0, ""xlai"": 0.1123973131179809, ""totir"": 0.0, ""tofer"": NaN, ""swfac"": 0.0, ""nstres"": 0.798799991607666}",0.0,0.798799991607666,105.63258171081544,0.0,0.1123973131179809,0.0,,0.0,0.0,30.0,0.0,-15.0,-3.0,Leave_One_experiments/all_year_offline_schedule_search/daily_outputs/HLA/HLA_2012_HLA2012_normal_grid_S0004_daily.csv
HLA,HLA,Hailun,2012,Leave_One_experiments\wth_generated_qc\HLA\HLA2012.WTH,wet_year;nitrogen_stress_year;low_response_year,wet,HLA2012_normal_grid_S0004,irrigation_positive_candidate,2012-06-15,167,48,43,"{""sim_day"": 48.0, ""doy"": 167.0, ""topwt"": 105.6229019165039, ""grnwt"": 0.0, ""xlai"": 0.1067655608057975, ""totir"": 0.0, ""tofer"": NaN, ""swfac"": 0.0, ""nstres"": 0.798799991607666}",0.0,0.798799991607666,105.6229019165039,0.0,0.1067655608057975,0.0,,0.0,0.0,30.0,0.0,-15.0,-3.0,Leave_One_experiments/all_year_offline_schedule_search/daily_outputs/HLA/HLA_2012_HLA2012_normal_grid_S0004_daily.csv
HLA,HLA,Hailun,2012,Leave_One_experiments\wth_generated_qc\HLA\HLA2012.WTH,wet_year;nitrogen_stress_year;low_response_year,wet,HLA2012_normal_grid_S0004,irrigation_positive_candidate,2012-06-16,168,49,44,"{""sim_day"": 49.0, ""doy"": 168.0, ""topwt"": 105.6216812133789, ""grnwt"": 0.0, ""xlai"": 0.1014296486973762, ""totir"": 0.0, ""tofer"": NaN, ""swfac"": 0.0, ""nstres"": 0.798799991607666}",0.0,0.798799991607666,105.6216812133789,0.0,0.1014296486973762,0.0,,0.0,0.0,30.0,0.0,-15.0,-3.0,Leave_One_experiments/all_year_offline_schedule_search/daily_outputs/HLA/HLA_2012_HLA2012_normal_grid_S0004_daily.csv
HLA,HLA,Hailun,2012,Leave_One_experiments\wth_generated_qc\HLA\HLA2012.WTH,wet_year;nitrogen_stress_year;low_response_year,wet,HLA2012_normal_grid_S0004,irrigation_positive_candidate,2012-06-17,169,50,45,"{""sim_day"": 50.0, ""doy"": 169.0, ""topwt"": 105.6247901916504, ""grnwt"": 0.0, ""xlai"": 0.0963670313358306, ""totir"": 0.0, ""tofer"": NaN, ""swfac"": 0.0, ""nstres"": 0.798799991607666}",0.0,0.798799991607666,105.6247901916504,0.0,0.0963670313358306,0.0,,0.0,0.0,30.0,0.0,-15.0,-3.0,Leave_One_experiments/all_year_offline_schedule_search/daily_outputs/HLA/HLA_2012_HLA2012_normal_grid_S0004_daily.csv
HLA,HLA,Hailun,2012,Leave_One_experiments\wth_generated_qc\HLA\HLA2012.WTH,wet_year;nitrogen_stress_year;low_response_year,wet,HLA2012_normal_grid_S0004,irrigation_positive_candidate,2012-06-18,170,51,46,"{""sim_day"": 51.0, ""doy"": 170.0, ""topwt"": 105.63251495361328, ""grnwt"": 0.0, ""xlai"": 0.0915640220046043, ""totir"": 0.0, ""tofer"": NaN, ""swfac"": 0.0, ""nstres"": 0.798799991607666}",0.0,0.798799991607666,105.63251495361328,0.0,0.0915640220046043,0.0,,0.0,0.0,30.0,0.0,-15.0,-3.0,Leave_One_experiments/all_year_offline_schedule_search/daily_outputs/HLA/HLA_2012_HLA2012_normal_grid_S0004_daily.csv
HLA,HLA,Hailun,2012,Leave_One_experiments\wth_generated_qc\HLA\HLA2012.WTH,wet_year;nitrogen_stress_year;low_response_year,wet,HLA2012_normal_grid_S0004,irrigation_positive_candidate,2012-06-19,171,52,47,"{""sim_day"": 52.0, ""doy"": 171.0, ""topwt"": 105.64664840698242, ""grnwt"": 0.0, ""xlai"": 0.0870099961757659, ""totir"": 0.0, ""tofer"": NaN, ""swfac"": 0.0, ""nstres"": 0.798799991607666}",0.0,0.798799991607666,105.64664840698242,0.0,0.0870099961757659,0.0,,0.0,0.0,30.0,0.0,-15.0,-3.0,Leave_One_experiments/all_year_offline_schedule_search/daily_outputs/HLA/HLA_2012_HLA2012_normal_grid_S0004_daily.csv
HLA,HLA,Hailun,2012,Leave_One_experiments\wth_generated_qc\HLA\HLA2012.WTH,wet_year;nitrogen_stress_year;low_response_year,wet,HLA2012_normal_grid_S0004,irrigation_positive_candidate,2012-06-20,172,53,48,"{""sim_day"": 53.0, ""doy"": 172.0, ""topwt"": 105.67368507385254, ""grnwt"": 0.0, ""xlai"": 0.0827022790908813, ""totir"": 0.0, ""tofer"": NaN, ""swfac"": 0.0, ""nstres"": 0.798799991607666}",0.0,0.798799991607666,105.67368507385254,0.0,0.0827022790908813,0.0,,0.0,0.0,30.0,0.0,-15.0,-3.0,Leave_One_experiments/all_year_offline_schedule_search/daily_outputs/HLA/HLA_2012_HLA2012_normal_grid_S0004_daily.csv
HLA,HLA,Hailun,2012,Leave_One_experiments\wth_generated_qc\HLA\HLA2012.WTH,wet_year;nitrogen_stress_year;low_response_year,wet,HLA2012_normal_grid_S0004,irrigation_positive_candidate,2012-06-21,173,54,49,"{""sim_day"": 54.0, ""doy"": 173.0, ""topwt"": 105.70335388183594, ""grnwt"": 0.0, ""xlai"": 0.0786108076572418, ""totir"": 0.0, ""tofer"": NaN, ""swfac"": 0.0, ""nstres"": 0.798799991607666}",0.0,0.798799991607666,105.70335388183594,0.0,0.0786108076572418,0.0,,0.0,0.0,30.0,0.0,-15.0,-3.0,Leave_One_experiments/all_year_offline_schedule_search/daily_outputs/HLA/HLA_2012_HLA2012_normal_grid_S0004_daily.csv
HLA,HLA,Hailun,2012,Leave_One_experiments\wth_generated_qc\HLA\HLA2012.WTH,wet_year;nitrogen_stress_year;low_response_year,wet,HLA2012_normal_grid_S0004,irrigation_positive_candidate,2012-06-22,174,55,50,"{""sim_day"": 55.0, ""doy"": 174.0, ""topwt"": 106.14982604980467, ""grnwt"": 0.0, ""xlai"": 0.0753782615065574, ""totir"": 0.0, ""tofer"": NaN, ""swfac"": 0.0, ""nstres"": 0.7921439111232758}",0.0,0.7921439111232758,106.14982604980467,0.0,0.0753782615065574,0.0,,0.0,0.0,30.0,0.0,-15.0,-3.0,Leave_One_experiments/all_year_offline_schedule_search/daily_outputs/HLA/HLA_2012_HLA2012_normal_grid_S0004_daily.csv
HLA,HLA,Hailun,2012,Leave_One_experiments\wth_generated_qc\HLA\HLA2012.WTH,wet_year;nitrogen_stress_year;low_response_year,wet,HLA2012_normal_grid_S0004,irrigation_positive_candidate,2012-06-23,175,56,51,"{""sim_day"": 56.0, ""doy"": 175.0, ""topwt"": 107.22068786621094, ""grnwt"": 0.0, ""xlai"": 0.073220282793045, ""totir"": 0.0, ""tofer"": NaN, ""swfac"": 0.0, ""nstres"": 0.7830456495285034}",0.0,0.7830456495285034,107.22068786621094,0.0,0.073220282793045,0.0,,0.0,0.0,30.0,0.0,-15.0,-3.0,Leave_One_experiments/all_year_offline_schedule_search/daily_outputs/HLA/HLA_2012_HLA2012_normal_grid_S0004_daily.csv
HLA,HLA,Hailun,2012,Leave_One_experiments\wth_generated_qc\HLA\HLA2012.WTH,wet_year;nitrogen_stress_year;low_response_year,wet,HLA2012_normal_grid_S0004,irrigation_positive_candidate,2012-06-24,176,57,52,"{""sim_day"": 57.0, ""doy"": 176.0, ""topwt"": 109.0717887878418, ""grnwt"": 0.0, ""xlai"": 0.0722090750932693, ""totir"": 0.0, ""tofer"": NaN, ""swfac"": 0.0, ""nstres"": 0.7741337716579437}",0.0,0.7741337716579437,109.0717887878418,0.0,0.0722090750932693,0.0,,0.0,0.0,30.0,0.0,-15.0,-3.0,Leave_One_experiments/all_year_offline_schedule_search/daily_outputs/HLA/HLA_2012_HLA2012_normal_grid_S0004_daily.csv
HLA,HLA,Hailun,2012,Leave_One_experiments\wth_generated_qc\HLA\HLA2012.WTH,wet_year;nitrogen_stress_year;low_response_year,wet,HLA2012_normal_grid_S0004,irrigation_positive_candidate,2012-06-25,177,58,53,"{""sim_day"": 58.0, ""doy"": 177.0, ""topwt"": 111.76807403564452, ""grnwt"": 0.0, ""xlai"": 0.0722636431455612, ""totir"": 0.0, ""tofer"": NaN, ""swfac"": 0.0, ""nstres"": 0.7642444372177124}",0.0,0.7642444372177124,111.76807403564452,0.0,0.0722636431455612,0.0,,0.0,0.0,30.0,0.0,-15.0,-3.0,Leave_One_experiments/all_year_offline_schedule_search/daily_outputs/HLA/HLA_2012_HLA2012_normal_grid_S0004_daily.csv
HLA,HLA,Hailun,2012,Leave_One_experiments\wth_generated_qc\HLA\HLA2012.WTH,wet_year;nitrogen_stress_year;low_response_year,wet,HLA2012_normal_grid_S0004,irrigation_positive_candidate,2012-06-26,178,59,54,"{""sim_day"": 59.0, ""doy"": 178.0, ""topwt"": 115.8009147644043, ""grnwt"": 0.0, ""xlai"": 0.0738324671983718, ""totir"": 0.0, ""tofer"": NaN, ""swfac"": 0.0, ""nstres"": 0.750397652387619}",0.0,0.750397652387619,115.8009147644043,0.0,0.0738324671983718,0.0,,0.0,0.0,30.0,0.0,-15.0,-3.0,Leave_One_experiments/all_year_offline_schedule_search/daily_outputs/HLA/HLA_2012_HLA2012_normal_grid_S0004_daily.csv
HLA,HLA,Hailun,2012,Leave_One_experiments\wth_generated_qc\HLA\HLA2012.WTH,wet_year;nitrogen_stress_year;low_response_year,wet,HLA2012_normal_grid_S0004,irrigation_positive_candidate,2012-06-27,179,60,55,"{""sim_day"": 60.0, ""doy"": 179.0, ""topwt"": 121.51546478271484, ""grnwt"": 0.0, ""xlai"": 0.0770474076271057, ""totir"": 0.0, ""tofer"": NaN, ""swfac"": 0.0, ""nstres"": 0.7357319593429565}",0.0,0.7357319593429565,121.51546478271484,0.0,0.0770474076271057,0.0,,0.0,0.0,30.0,0.0,-15.0,-3.0,Leave_One_experiments/all_year_offline_schedule_search/daily_outputs/HLA/HLA_2012_HLA2012_normal_grid_S0004_daily.csv
HLA,HLA,Hailun,2012,Leave_One_experiments\wth_generated_qc\HLA\HLA2012.WTH,wet_year;nitrogen_stress_year;low_response_year,wet,HLA2012_normal_grid_S0004,irrigation_positive_candidate,2012-06-28,180,61,56,"{""sim_day"": 61.0, ""doy"": 180.0, ""topwt"": 124.24107551574708, ""grnwt"": 0.0, ""xlai"": 0.0764612928032875, ""totir"": 0.0, ""tofer"": NaN, ""swfac"": 0.0, ""nstres"": 0.7233208417892456}",0.0,0.7233208417892456,124.24107551574708,0.0,0.0764612928032875,0.0,,0.0,0.0,30.0,0.0,-15.0,-3.0,Leave_One_experiments/all_year_offline_schedule_search/daily_outputs/HLA/HLA_2012_HLA2012_normal_grid_S0004_daily.csv
HLA,HLA,Hailun,2012,Leave_One_experiments\wth_generated_qc\HLA\HLA2012.WTH,wet_year;nitrogen_stress_year;low_response_year,wet,HLA2012_normal_grid_S0004,irrigation_positive_candidate,2012-06-29,181,62,57,"{""sim_day"": 62.0, ""doy"": 181.0, ""topwt"": 129.15209770202637, ""grnwt"": 0.0, ""xlai"": 0.0781119391322135, ""totir"": 0.0, ""tofer"": NaN, ""swfac"": 0.0, ""nstres"": 0.7169530987739563}",0.0,0.7169530987739563,129.15209770202637,0.0,0.0781119391322135,0.0,,0.0,0.0,30.0,0.0,-15.0,-3.0,Leave_One_experiments/all_year_offline_schedule_search/daily_outputs/HLA/HLA_2012_HLA2012_normal_grid_S0004_daily.csv
HLA,HLA,Hailun,2012,Leave_One_experiments\wth_generated_qc\HLA\HLA2012.WTH,wet_year;nitrogen_stress_year;low_response_year,wet,HLA2012_normal_grid_S0004,irrigation_positive_candidate,2012-06-30,182,63,58,"{""sim_day"": 63.0, ""doy"": 182.0, ""topwt"": 132.135009765625, ""grnwt"": 0.0, ""xlai"": 0.0, ""totir"": 0.0, ""tofer"": NaN, ""swfac"": 0.0, ""nstres"": 0.6928101181983948}",0.0,0.6928101181983948,132.135009765625,0.0,0.0,0.0,,0.0,0.0,30.0,0.0,-15.0,-3.0,Leave_One_experiments/all_year_offline_schedule_search/daily_outputs/HLA/HLA_2012_HLA2012_normal_grid_S0004_daily.csv
HLA,HLA,Hailun,2012,Leave_One_experiments\wth_generated_qc\HLA\HLA2012.WTH,wet_year;nitrogen_stress_year;low_response_year,wet,HLA2012_normal_grid_S0004,irrigation_positive_candidate,2012-07-01,183,64,59,"{""sim_day"": 64.0, ""doy"": 183.0, ""topwt"": 132.09211349487305, ""grnwt"": 0.0, ""xlai"": 0.0, ""totir"": 0.0, ""tofer"": NaN, ""swfac"": 0.0, ""nstres"": 0.6684178113937378}",0.0,0.6684178113937378,132.09211349487305,0.0,0.0,0.0,,0.0,0.0,30.0,0.0,-15.0,-3.0,Leave_One_experiments/all_year_offline_schedule_search/daily_outputs/HLA/HLA_2012_HLA2012_normal_grid_S0004_daily.csv
HLA,HLA,Hailun,2012,Leave_One_experiments\wth_generated_qc\HLA\HLA2012.WTH,wet_year;nitrogen_stress_year;low_response_year,wet,HLA2012_normal_grid_S0004,irrigation_positive_candidate,2012-07-02,184,65,60,"{""sim_day"": 65.0, ""doy"": 184.0, ""topwt"": 132.04923629760742, ""grnwt"": 0.0, ""xlai"": 0.0, ""totir"": 0.0, ""tofer"": NaN, ""swfac"": 0.0, ""nstres"": 0.6551094949245453}",0.0,0.6551094949245453,132.04923629760742,0.0,0.0,0.0,,0.0,0.0,30.0,0.0,-15.0,-3.0,Leave_One_experiments/all_year_offline_schedule_search/daily_outputs/HLA/HLA_2012_HLA2012_normal_grid_S0004_daily.csv
HLA,HLA,Hailun,2012,Leave_One_experiments\wth_generated_qc\HLA\HLA2012.WTH,wet_year;nitrogen_stress_year;low_response_year,wet,HLA2012_normal_grid_S0004,irrigation_positive_candidate,2012-07-03,185,66,61,"{""sim_day"": 66.0, ""doy"": 185.0, ""topwt"": 132.00636863708496, ""grnwt"": 0.0, ""xlai"": 0.0, ""totir"": 0.0, ""tofer"": NaN, ""swfac"": 0.0, ""nstres"": 0.6318589448928833}",0.0,0.6318589448928833,132.00636863708496,0.0,0.0,0.0,,0.0,0.0,30.0,0.0,-15.0,-3.0,Leave_One_experiments/all_year_offline_schedule_search/daily_outputs/HLA/HLA_2012_HLA2012_normal_grid_S0004_daily.csv
HLA,HLA,Hailun,2012,Leave_One_experiments\wth_generated_qc\HLA\HLA2012.WTH,wet_year;nitrogen_stress_year;low_response_year,wet,HLA2012_normal_grid_S0004,irrigation_positive_candidate,2012-07-04,186,67,62,"{""sim_day"": 67.0, ""doy"": 186.0, ""topwt"": 131.96352005004883, ""grnwt"": 0.0, ""xlai"": 0.0, ""totir"": 0.0, ""tofer"": NaN, ""swfac"": 0.0, ""nstres"": 0.6163251101970673}",0.0,0.6163251101970673,131.96352005004883,0.0,0.0,0.0,,0.0,0.0,30.0,0.0,-15.0,-3.0,Leave_One_experiments/all_year_offline_schedule_search/daily_outputs/HLA/HLA_2012_HLA2012_normal_grid_S0004_daily.csv
HLA,HLA,Hailun,2012,Leave_One_experiments\wth_generated_qc\HLA\HLA2012.WTH,wet_year;nitrogen_stress_year;low_response_year,wet,HLA2012_normal_grid_S0004,irrigation_positive_candidate,2012-07-05,187,68,63,"{""sim_day"": 68.0, ""doy"": 187.0, ""topwt"": 131.9206714630127, ""grnwt"": 0.0, ""xlai"": 0.0, ""totir"": 0.0, ""tofer"": NaN, ""swfac"": 0.0, ""nstres"": 0.5979806482791901}",0.0,0.5979806482791901,131.9206714630127,0.0,0.0,0.0,,0.0,0.0,30.0,0.0,-15.0,-3.0,Leave_One_experiments/all_year_offline_schedule_search/daily_outputs/HLA/HLA_2012_HLA2012_normal_grid_S0004_daily.csv
HLA,HLA,Hailun,2012,Leave_One_experiments\wth_generated_qc\HLA\HLA2012.WTH,wet_year;nitrogen_stress_year;low_response_year,wet,HLA2012_normal_grid_S0004,irrigation_positive_candidate,2012-07-06,188,69,64,"{""sim_day"": 69.0, ""doy"": 188.0, ""topwt"": 131.8778419494629, ""grnwt"": 0.0, ""xlai"": 0.0, ""totir"": 0.0, ""tofer"": NaN, ""swfac"": 0.0, ""nstres"": 0.5786633193492889}",0.0,0.5786633193492889,131.8778419494629,0.0,0.0,0.0,,0.0,0.0,30.0,0.0,-15.0,-3.0,Leave_One_experiments/all_year_offline_schedule_search/daily_outputs/HLA/HLA_2012_HLA2012_normal_grid_S0004_daily.csv
HLA,HLA,Hailun,2012,Leave_One_experiments\wth_generated_qc\HLA\HLA2012.WTH,wet_year;nitrogen_stress_year;low_response_year,wet,HLA2012_normal_grid_S0004,irrigation_positive_candidate,2012-07-07,189,70,65,"{""sim_day"": 70.0, ""doy"": 189.0, ""topwt"": 131.83502197265625, ""grnwt"": 0.0, ""xlai"": 0.0, ""totir"": 30.0, ""tofer"": NaN, ""swfac"": 0.0, ""nstres"": 0.5603685081005096}",0.0,0.5603685081005096,131.83502197265625,0.0,0.0,30.0,,30.0,0.0,30.0,0.0,-15.0,-3.0,Leave_One_experiments/all_year_offline_schedule_search/daily_outputs/HLA/HLA_2012_HLA2012_normal_grid_S0004_daily.csv
HLA,HLA,Hailun,2012,Leave_One_experiments\wth_generated_qc\HLA\HLA2012.WTH,wet_year;nitrogen_stress_year;low_response_year,wet,HLA2012_normal_grid_S0004,irrigation_positive_candidate,2012-07-08,190,71,66,"{""sim_day"": 71.0, ""doy"": 190.0, ""topwt"": 131.79222106933594, ""grnwt"": 0.0, ""xlai"": 0.0, ""totir"": 30.0, ""tofer"": NaN, ""swfac"": 0.0, ""nstres"": 0.5312724709510803}",0.0,0.5312724709510803,131.79222106933594,0.0,0.0,30.0,,0.0,0.0,30.0,0.0,-15.0,-3.0,Leave_One_experiments/all_year_offline_schedule_search/daily_outputs/HLA/HLA_2012_HLA2012_normal_grid_S0004_daily.csv
HLA,HLA,Hailun,2012,Leave_One_experiments\wth_generated_qc\HLA\HLA2012.WTH,wet_year;nitrogen_stress_year;low_response_year,wet,HLA2012_normal_grid_S0004,irrigation_positive_candidate,2012-07-09,191,72,67,"{""sim_day"": 72.0, ""doy"": 191.0, ""topwt"": 131.74943923950195, ""grnwt"": 0.0, ""xlai"": 0.0, ""totir"": 30.0, ""tofer"": NaN, ""swfac"": 0.0, ""nstres"": 0.5058581233024597}",0.0,0.5058581233024597,131.74943923950195,0.0,0.0,30.0,,0.0,0.0,30.0,0.0,-15.0,-3.0,Leave_One_experiments/all_year_offline_schedule_search/daily_outputs/HLA/HLA_2012_HLA2012_normal_grid_S0004_daily.csv
HLA,HLA,Hailun,2012,Leave_One_experiments\wth_generated_qc\HLA\HLA2012.WTH,wet_year;nitrogen_stress_year;low_response_year,wet,HLA2012_normal_grid_S0004,irrigation_positive_candidate,2012-07-10,192,73,68,"{""sim_day"": 73.0, ""doy"": 192.0, ""topwt"": 131.70666694641113, ""grnwt"": 0.0, ""xlai"": 0.0, ""totir"": 30.0, ""tofer"": NaN, ""swfac"": 0.0, ""nstres"": 0.4827087521553039}",0.0,0.4827087521553039,131.70666694641113,0.0,0.0,30.0,,0.0,0.0,30.0,0.0,-15.0,-3.0,Leave_One_experiments/all_year_offline_schedule_search/daily_outputs/HLA/HLA_2012_HLA2012_normal_grid_S0004_daily.csv
HLA,HLA,Hailun,2012,Leave_One_experiments\wth_generated_qc\HLA\HLA2012.WTH,wet_year;nitrogen_stress_year;low_response_year,wet,HLA2012_normal_grid_S0004,irrigation_positive_candidate,2012-07-11,193,74,69,"{""sim_day"": 74.0, ""doy"": 193.0, ""topwt"": 131.66390419006348, ""grnwt"": 0.0, ""xlai"": 0.0, ""totir"": 30.0, ""tofer"": NaN, ""swfac"": 0.0, ""nstres"": 0.4617287516593933}",0.0,0.4617287516593933,131.66390419006348,0.0,0.0,30.0,,0.0,0.0,30.0,0.0,-15.0,-3.0,Leave_One_experiments/all_year_offline_schedule_search/daily_outputs/HLA/HLA_2012_HLA2012_normal_grid_S0004_daily.csv
HLA,HLA,Hailun,2012,Leave_One_experiments\wth_generated_qc\HLA\HLA2012.WTH,wet_year;nitrogen_stress_year;low_response_year,wet,HLA2012_normal_grid_S0004,irrigation_positive_candidate,2012-07-12,194,75,70,"{""sim_day"": 75.0, ""doy"": 194.0, ""topwt"": 131.62116050720215, ""grnwt"": 0.0, ""xlai"": 0.0, ""totir"": 30.0, ""tofer"": NaN, ""swfac"": 0.0, ""nstres"": 0.44217050075531}",0.0,0.44217050075531,131.62116050720215,0.0,0.0,30.0,,0.0,0.0,30.0,0.0,-15.0,-3.0,Leave_One_experiments/all_year_offline_schedule_search/daily_outputs/HLA/HLA_2012_HLA2012_normal_grid_S0004_daily.csv
HLA,HLA,Hailun,2012,Leave_One_experiments\wth_generated_qc\HLA\HLA2012.WTH,wet_year;nitrogen_stress_year;low_response_year,wet,HLA2012_normal_grid_S0004,irrigation_positive_candidate,2012-07-13,195,76,71,"{""sim_day"": 76.0, ""doy"": 195.0, ""topwt"": 131.57842636108398, ""grnwt"": 0.0, ""xlai"": 0.0, ""totir"": 30.0, ""tofer"": NaN, ""swfac"": 0.0, ""nstres"": 0.4181498885154724}",0.0,0.4181498885154724,131.57842636108398,0.0,0.0,30.0,,0.0,0.0,30.0,0.0,-15.0,-3.0,Leave_One_experiments/all_year_offline_schedule_search/daily_outputs/HLA/HLA_2012_HLA2012_normal_grid_S0004_daily.csv
HLA,HLA,Hailun,2012,Leave_One_experiments\wth_generated_qc\HLA\HLA2012.WTH,wet_year;nitrogen_stress_year;low_response_year,wet,HLA2012_normal_grid_S0004,irrigation_positive_candidate,2012-07-14,196,77,72,"{""sim_day"": 77.0, ""doy"": 196.0, ""topwt"": 131.53570175170898, ""grnwt"": 0.0, ""xlai"": 0.0, ""totir"": 30.0, ""tofer"": NaN, ""swfac"": 0.0, ""nstres"": 0.3958519697189331}",0.0,0.3958519697189331,131.53570175170898,0.0,0.0,30.0,,0.0,0.0,30.0,0.0,-15.0,-3.0,Leave_One_experiments/all_year_offline_schedule_search/daily_outputs/HLA/HLA_2012_HLA2012_normal_grid_S0004_daily.csv
HLA,HLA,Hailun,2012,Leave_One_experiments\wth_generated_qc\HLA\HLA2012.WTH,wet_year;nitrogen_stress_year;low_response_year,wet,HLA2012_normal_grid_S0004,irrigation_positive_candidate,2012-07-15,197,78,73,"{""sim_day"": 78.0, ""doy"": 197.0, ""topwt"": 131.49298667907715, ""grnwt"": 0.0, ""xlai"": 0.0, ""totir"": 30.0, ""tofer"": NaN, ""swfac"": 0.0, ""nstres"": 0.3795060515403747}",0.0,0.3795060515403747,131.49298667907715,0.0,0.0,30.0,,0.0,0.0,30.0,0.0,-15.0,-3.0,Leave_One_experiments/all_year_offline_schedule_search/daily_outputs/HLA/HLA_2012_HLA2012_normal_grid_S0004_daily.csv
HLA,HLA,Hailun,2012,Leave_One_experiments\wth_generated_qc\HLA\HLA2012.WTH,wet_year;nitrogen_stress_year;low_response_year,wet,HLA2012_normal_grid_S0004,irrigation_positive_candidate,2012-07-16,198,79,74,"{""sim_day"": 79.0, ""doy"": 198.0, ""topwt"": 131.45028114318848, ""grnwt"": 0.0, ""xlai"": 0.0, ""totir"": 30.0, ""tofer"": NaN, ""swfac"": 0.0, ""nstres"": 0.3585269451141357}",0.0,0.3585269451141357,131.45028114318848,0.0,0.0,30.0,,0.0,0.0,30.0,0.0,-15.0,-3.0,Leave_One_experiments/all_year_offline_schedule_search/daily_outputs/HLA/HLA_2012_HLA2012_normal_grid_S0004_daily.csv
HLA,HLA,Hailun,2012,Leave_One_experiments\wth_generated_qc\HLA\HLA2012.WTH,wet_year;nitrogen_stress_year;low_response_year,wet,HLA2012_normal_grid_S0004,irrigation_positive_candidate,2012-07-17,199,80,75,"{""sim_day"": 80.0, ""doy"": 199.0, ""topwt"": 131.40759468078613, ""grnwt"": 0.0, ""xlai"": 0.0, ""totir"": 30.0, ""tofer"": NaN, ""swfac"": 0.0, ""nstres"": 0.3398669958114624}",0.0,0.3398669958114624,131.40759468078613,0.0,0.0,30.0,,0.0,0.0,30.0,0.0,-15.0,-3.0,Leave_One_experiments/all_year_offline_schedule_search/daily_outputs/HLA/HLA_2012_HLA2012_normal_grid_S0004_daily.csv
HLA,HLA,Hailun,2012,Leave_One_experiments\wth_generated_qc\HLA\HLA2012.WTH,wet_year;nitrogen_stress_year;low_response_year,wet,HLA2012_normal_grid_S0004,irrigation_positive_candidate,2012-07-18,200,81,76,"{""sim_day"": 81.0, ""doy"": 200.0, ""topwt"": 131.36491775512695, ""grnwt"": 0.0, ""xlai"": 0.0, ""totir"": 30.0, ""tofer"": NaN, ""swfac"": 0.0, ""nstres"": 0.3178117275238037}",0.0,0.3178117275238037,131.36491775512695,0.0,0.0,30.0,,0.0,0.0,30.0,0.0,-15.0,-3.0,Leave_One_experiments/all_year_offline_schedule_search/daily_outputs/HLA/HLA_2012_HLA2012_normal_grid_S0004_daily.csv
HLA,HLA,Hailun,2012,Leave_One_experiments\wth_generated_qc\HLA\HLA2012.WTH,wet_year;nitrogen_stress_year;low_response_year,wet,HLA2012_normal_grid_S0004,irrigation_positive_candidate,2012-07-19,201,82,77,"{""sim_day"": 82.0, ""doy"": 201.0, ""topwt"": 131.32225036621094, ""grnwt"": 0.0, ""xlai"": 0.0, ""totir"": 30.0, ""tofer"": NaN, ""swfac"": 0.0, ""nstres"": 0.2795796394348144}",0.0,0.2795796394348144,131.32225036621094,0.0,0.0,30.0,,0.0,0.0,30.0,0.0,-15.0,-3.0,Leave_One_experiments/all_year_offline_schedule_search/daily_outputs/HLA/HLA_2012_HLA2012_normal_grid_S0004_daily.csv
HLA,HLA,Hailun,2012,Leave_One_experiments\wth_generated_qc\HLA\HLA2012.WTH,wet_year;nitrogen_stress_year;low_response_year,wet,HLA2012_normal_grid_S0004,irrigation_positive_candidate,2012-07-20,202,83,78,"{""sim_day"": 83.0, ""doy"": 202.0, ""topwt"": 129.1599082946777, ""grnwt"": 0.0, ""xlai"": 0.0, ""totir"": 30.0, ""tofer"": NaN, ""swfac"": 0.0, ""nstres"": 0.2561272382736206}",0.0,0.2561272382736206,129.1599082946777,0.0,0.0,30.0,,0.0,0.0,30.0,0.0,-15.0,-3.0,Leave_One_experiments/all_year_offline_schedule_search/daily_outputs/HLA/HLA_2012_HLA2012_normal_grid_S0004_daily.csv
HLA,HLA,Hailun,2012,Leave_One_experiments\wth_generated_qc\HLA\HLA2012.WTH,wet_year;nitrogen_stress_year;low_response_year,wet,HLA2012_normal_grid_S0004,irrigation_positive_candidate,2012-07-21,203,84,79,"{""sim_day"": 84.0, ""doy"": 203.0, ""topwt"": 126.84451103210448, ""grnwt"": 0.0, ""xlai"": 0.0, ""totir"": 30.0, ""tofer"": NaN, ""swfac"": 0.0, ""nstres"": 0.2193494439125061}",0.0,0.2193494439125061,126.84451103210448,0.0,0.0,30.0,,0.0,0.0,30.0,0.0,-15.0,-3.0,Leave_One_experiments/all_year_offline_schedule_search/daily_outputs/HLA/HLA_2012_HLA2012_normal_grid_S0004_daily.csv
HLA,HLA,Hailun,2012,Leave_One_experiments\wth_generated_qc\HLA\HLA2012.WTH,wet_year;nitrogen_stress_year;low_response_year,wet,HLA2012_normal_grid_S0004,irrigation_positive_candidate,2012-07-22,204,85,80,"{""sim_day"": 85.0, ""doy"": 204.0, ""topwt"": 124.3606185913086, ""grnwt"": 0.0, ""xlai"": 0.0, ""totir"": 30.0, ""tofer"": NaN, ""swfac"": 0.0, ""nstres"": 0.1886547207832336}",0.0,0.1886547207832336,124.3606185913086,0.0,0.0,30.0,,0.0,0.0,30.0,0.0,-15.0,-3.0,Leave_One_experiments/all_year_offline_schedule_search/daily_outputs/HLA/HLA_2012_HLA2012_normal_grid_S0004_daily.csv
HLA,HLA,Hailun,2012,Leave_One_experiments\wth_generated_qc\HLA\HLA2012.WTH,wet_year;nitrogen_stress_year;low_response_year,wet,HLA2012_normal_grid_S0004,irrigation_positive_candidate,2012-07-23,205,86,81,"{""sim_day"": 86.0, ""doy"": 205.0, ""topwt"": 121.7188835144043, ""grnwt"": 0.0, ""xlai"": 0.0, ""totir"": 30.0, ""tofer"": NaN, ""swfac"": 0.0, ""nstres"": 0.165860891342163}",0.0,0.165860891342163,121.7188835144043,0.0,0.0,30.0,,0.0,0.0,30.0,0.0,-15.0,-3.0,Leave_One_experiments/all_year_offline_schedule_search/daily_outputs/HLA/HLA_2012_HLA2012_normal_grid_S0004_daily.csv
HLA,HLA,Hailun,2012,Leave_One_experiments\wth_generated_qc\HLA\HLA2012.WTH,wet_year;nitrogen_stress_year;low_response_year,wet,HLA2012_normal_grid_S0004,irrigation_positive_candidate,2012-07-24,206,87,82,"{""sim_day"": 87.0, ""doy"": 206.0, ""topwt"": 118.90972137451172, ""grnwt"": 0.0, ""xlai"": 0.0, ""totir"": 30.0, ""tofer"": NaN, ""swfac"": 0.0, ""nstres"": 0.1474246978759765}",0.0,0.1474246978759765,118.90972137451172,0.0,0.0,30.0,,0.0,0.0,30.0,0.0,-15.0,-3.0,Leave_One_experiments/all_year_offline_schedule_search/daily_outputs/HLA/HLA_2012_HLA2012_normal_grid_S0004_daily.csv
HLA,HLA,Hailun,2012,Leave_One_experiments\wth_generated_qc\HLA\HLA2012.WTH,wet_year;nitrogen_stress_year;low_response_year,wet,HLA2012_normal_grid_S0004,irrigation_positive_candidate,2012-07-25,207,88,83,"{""sim_day"": 88.0, ""doy"": 207.0, ""topwt"": 115.92083930969238, ""grnwt"": 0.0, ""xlai"": 0.0, ""totir"": 30.0, ""tofer"": NaN, ""swfac"": 0.0, ""nstres"": 0.1263372898101806}",0.0,0.1263372898101806,115.92083930969238,0.0,0.0,30.0,,0.0,0.0,30.0,0.0,-15.0,-3.0,Leave_One_experiments/all_year_offline_schedule_search/daily_outputs/HLA/HLA_2012_HLA2012_normal_grid_S0004_daily.csv
HLA,HLA,Hailun,2012,Leave_One_experiments\wth_generated_qc\HLA\HLA2012.WTH,wet_year;nitrogen_stress_year;low_response_year,wet,HLA2012_normal_grid_S0004,irrigation_positive_candidate,2012-07-26,208,89,84,"{""sim_day"": 89.0, ""doy"": 208.0, ""topwt"": 112.7805233001709, ""grnwt"": 0.0, ""xlai"": 0.0, ""totir"": 30.0, ""tofer"": NaN, ""swfac"": 0.0, ""nstres"": 0.0976555347442627}",0.0,0.0976555347442627,112.7805233001709,0.0,0.0,30.0,,0.0,0.0,30.0,0.0,-15.0,-3.0,Leave_One_experiments/all_year_offline_schedule_search/daily_outputs/HLA/HLA_2012_HLA2012_normal_grid_S0004_daily.csv
HLA,HLA,Hailun,2012,Leave_One_experiments\wth_generated_qc\HLA\HLA2012.WTH,wet_year;nitrogen_stress_year;low_response_year,wet,HLA2012_normal_grid_S0004,irrigation_positive_candidate,2012-07-27,209,90,85,"{""sim_day"": 90.0, ""doy"": 209.0, ""topwt"": 109.48450088500977, ""grnwt"": 0.0, ""xlai"": 0.0, ""totir"": 30.0, ""tofer"": NaN, ""swfac"": 0.0, ""nstres"": 0.0667130947113037}",0.0,0.0667130947113037,109.48450088500977,0.0,0.0,30.0,,0.0,0.0,30.0,0.0,-15.0,-3.0,Leave_One_experiments/all_year_offline_schedule_search/daily_outputs/HLA/HLA_2012_HLA2012_normal_grid_S0004_daily.csv
HLA,HLA,Hailun,2012,Leave_One_experiments\wth_generated_qc\HLA\HLA2012.WTH,wet_year;nitrogen_stress_year;low_response_year,wet,HLA2012_normal_grid_S0004,irrigation_positive_candidate,2012-07-28,210,91,86,"{""sim_day"": 91.0, ""doy"": 210.0, ""topwt"": 106.06956481933594, ""grnwt"": 0.0, ""xlai"": 0.0, ""totir"": 30.0, ""tofer"": NaN, ""swfac"": 0.0, ""nstres"": 0.0411067008972168}",0.0,0.0411067008972168,106.06956481933594,0.0,0.0,30.0,,0.0,0.0,30.0,0.0,-15.0,-3.0,Leave_One_experiments/all_year_offline_schedule_search/daily_outputs/HLA/HLA_2012_HLA2012_normal_grid_S0004_daily.csv
HLA,HLA,Hailun,2012,Leave_One_experiments\wth_generated_qc\HLA\HLA2012.WTH,wet_year;nitrogen_stress_year;low_response_year,wet,HLA2012_normal_grid_S0004,irrigation_positive_candidate,2012-07-29,211,92,87,"{""sim_day"": 92.0, ""doy"": 211.0, ""topwt"": 102.55918502807616, ""grnwt"": 0.0, ""xlai"": 0.0, ""totir"": 30.0, ""tofer"": NaN, ""swfac"": 0.0, ""nstres"": 0.0092831850051879}",0.0,0.0092831850051879,102.55918502807616,0.0,0.0,30.0,,0.0,0.0,30.0,0.0,-15.0,-3.0,Leave_One_experiments/all_year_offline_schedule_search/daily_outputs/HLA/HLA_2012_HLA2012_normal_grid_S0004_daily.csv
HLA,HLA,Hailun,2012,Leave_One_experiments\wth_generated_qc\HLA\HLA2012.WTH,wet_year;nitrogen_stress_year;low_response_year,wet,HLA2012_normal_grid_S0004,irrigation_positive_candidate,2012-07-30,212,93,88,"{""sim_day"": 93.0, ""doy"": 212.0, ""topwt"": 98.9256191253662, ""grnwt"": 0.0, ""xlai"": 0.0, ""totir"": 30.0, ""tofer"": NaN, ""swfac"": 0.0, ""nstres"": 0.0}",0.0,0.0,98.9256191253662,0.0,0.0,30.0,,0.0,0.0,30.0,0.0,-15.0,-3.0,Leave_One_experiments/all_year_offline_schedule_search/daily_outputs/HLA/HLA_2012_HLA2012_normal_grid_S0004_daily.csv
HLA,HLA,Hailun,2012,Leave_One_experiments\wth_generated_qc\HLA\HLA2012.WTH,wet_year;nitrogen_stress_year;low_response_year,wet,HLA2012_normal_grid_S0004,irrigation_positive_candidate,2012-07-31,213,94,89,"{""sim_day"": 94.0, ""doy"": 213.0, ""topwt"": 95.1699447631836, ""grnwt"": 0.0, ""xlai"": 0.0, ""totir"": 30.0, ""tofer"": NaN, ""swfac"": 0.0, ""nstres"": 0.0}",0.0,0.0,95.1699447631836,0.0,0.0,30.0,,0.0,0.0,30.0,0.0,-15.0,-3.0,Leave_One_experiments/all_year_offline_schedule_search/daily_outputs/HLA/HLA_2012_HLA2012_normal_grid_S0004_daily.csv
HLA,HLA,Hailun,2012,Leave_One_experiments\wth_generated_qc\HLA\HLA2012.WTH,wet_year;nitrogen_stress_year;low_response_year,wet,HLA2012_normal_grid_S0004,irrigation_positive_candidate,2012-08-01,214,95,90,"{""sim_day"": 95.0, ""doy"": 214.0, ""topwt"": 91.29749298095705, ""grnwt"": 0.0, ""xlai"": 0.0, ""totir"": 30.0, ""tofer"": NaN, ""swfac"": 0.0, ""nstres"": 0.0}",0.0,0.0,91.29749298095705,0.0,0.0,30.0,,0.0,0.0,30.0,0.0,-15.0,-3.0,Leave_One_experiments/all_year_offline_schedule_search/daily_outputs/HLA/HLA_2012_HLA2012_normal_grid_S0004_daily.csv
HLA,HLA,Hailun,2012,Leave_One_experiments\wth_generated_qc\HLA\HLA2012.WTH,wet_year;nitrogen_stress_year;low_response_year,wet,HLA2012_normal_grid_S0004,irrigation_positive_candidate,2012-08-02,215,96,91,"{""sim_day"": 96.0, ""doy"": 215.0, ""topwt"": 91.29749298095705, ""grnwt"": 0.0, ""xlai"": 0.0, ""totir"": 30.0, ""tofer"": NaN, ""swfac"": 0.0, ""nstres"": 0.0}",0.0,0.0,91.29749298095705,0.0,0.0,30.0,,0.0,0.0,30.0,0.0,-15.0,-3.0,Leave_One_experiments/all_year_offline_schedule_search/daily_outputs/HLA/HLA_2012_HLA2012_normal_grid_S0004_daily.csv
HLA,HLA,Hailun,2012,Leave_One_experiments\wth_generated_qc\HLA\HLA2012.WTH,wet_year;nitrogen_stress_year;low_response_year,wet,HLA2012_normal_grid_S0004,irrigation_positive_candidate,2012-08-03,216,97,92,"{""sim_day"": 97.0, ""doy"": 216.0, ""topwt"": 91.29749298095705, ""grnwt"": 0.0, ""xlai"": 0.0, ""totir"": 30.0, ""tofer"": NaN, ""swfac"": 0.0, ""nstres"": 0.0}",0.0,0.0,91.29749298095705,0.0,0.0,30.0,,0.0,0.0,30.0,0.0,-15.0,-3.0,Leave_One_experiments/all_year_offline_schedule_search/daily_outputs/HLA/HLA_2012_HLA2012_normal_grid_S0004_daily.csv
HLA,HLA,Hailun,2012,Leave_One_experiments\wth_generated_qc\HLA\HLA2012.WTH,wet_year;nitrogen_stress_year;low_response_year,wet,HLA2012_normal_grid_S0004,irrigation_positive_candidate,2012-08-04,217,98,93,"{""sim_day"": 98.0, ""doy"": 217.0, ""topwt"": 91.29749298095705, ""grnwt"": 0.0, ""xlai"": 0.0, ""totir"": 30.0, ""tofer"": NaN, ""swfac"": 0.0, ""nstres"": 0.0}",0.0,0.0,91.29749298095705,0.0,0.0,30.0,,0.0,0.0,30.0,0.0,-15.0,-3.0,Leave_One_experiments/all_year_offline_schedule_search/daily_outputs/HLA/HLA_2012_HLA2012_normal_grid_S0004_daily.csv
HLA,HLA,Hailun,2012,Leave_One_experiments\wth_generated_qc\HLA\HLA2012.WTH,wet_year;nitrogen_stress_year;low_response_year,wet,HLA2012_normal_grid_S0004,irrigation_positive_candidate,2012-08-05,218,99,94,"{""sim_day"": 99.0, ""doy"": 218.0, ""topwt"": 91.29749298095705, ""grnwt"": 0.0, ""xlai"": 0.0, ""totir"": 30.0, ""tofer"": NaN, ""swfac"": 0.0, ""nstres"": 0.0}",0.0,0.0,91.29749298095705,0.0,0.0,30.0,,0.0,0.0,30.0,0.0,-15.0,-3.0,Leave_One_experiments/all_year_offline_schedule_search/daily_outputs/HLA/HLA_2012_HLA2012_normal_grid_S0004_daily.csv
HLA,HLA,Hailun,2012,Leave_One_experiments\wth_generated_qc\HLA\HLA2012.WTH,wet_year;nitrogen_stress_year;low_response_year,wet,HLA2012_normal_grid_S0004,irrigation_positive_candidate,2012-08-06,219,100,95,"{""sim_day"": 100.0, ""doy"": 219.0, ""topwt"": 91.29749298095705, ""grnwt"": 0.0, ""xlai"": 0.0, ""totir"": 30.0, ""tofer"": NaN, ""swfac"": 0.0, ""nstres"": 0.0}",0.0,0.0,91.29749298095705,0.0,0.0,30.0,,0.0,0.0,30.0,0.0,-15.0,-3.0,Leave_One_experiments/all_year_offline_schedule_search/daily_outputs/HLA/HLA_2012_HLA2012_normal_grid_S0004_daily.csv
HLA,HLA,Hailun,2012,Leave_One_experiments\wth_generated_qc\HLA\HLA2012.WTH,wet_year;nitrogen_stress_year;low_response_year,wet,HLA2012_normal_grid_S0004,irrigation_positive_candidate,2012-08-07,220,101,96,"{""sim_day"": 101.0, ""doy"": 220.0, ""topwt"": 91.29749298095705, ""grnwt"": 0.0, ""xlai"": 0.0, ""totir"": 30.0, ""tofer"": NaN, ""swfac"": 0.0, ""nstres"": 0.0}",0.0,0.0,91.29749298095705,0.0,0.0,30.0,,0.0,0.0,30.0,0.0,-15.0,-3.0,Leave_One_experiments/all_year_offline_schedule_search/daily_outputs/HLA/HLA_2012_HLA2012_normal_grid_S0004_daily.csv
HLA,HLA,Hailun,2012,Leave_One_experiments\wth_generated_qc\HLA\HLA2012.WTH,wet_year;nitrogen_stress_year;low_response_year,wet,HLA2012_normal_grid_S0004,irrigation_positive_candidate,2012-08-08,221,102,97,"{""sim_day"": 102.0, ""doy"": 221.0, ""topwt"": 91.29749298095705, ""grnwt"": 0.0, ""xlai"": 0.0, ""totir"": 30.0, ""tofer"": NaN, ""swfac"": 0.0, ""nstres"": 0.0}",0.0,0.0,91.29749298095705,0.0,0.0,30.0,,0.0,0.0,30.0,0.0,-15.0,-3.0,Leave_One_experiments/all_year_offline_schedule_search/daily_outputs/HLA/HLA_2012_HLA2012_normal_grid_S0004_daily.csv
HLA,HLA,Hailun,2012,Leave_One_experiments\wth_generated_qc\HLA\HLA2012.WTH,wet_year;nitrogen_stress_year;low_response_year,wet,HLA2012_normal_grid_S0004,irrigation_positive_candidate,2012-08-09,222,103,98,"{""sim_day"": 103.0, ""doy"": 222.0, ""topwt"": 91.29749298095705, ""grnwt"": 0.0, ""xlai"": 0.0, ""totir"": 30.0, ""tofer"": NaN, ""swfac"": 0.0, ""nstres"": 0.0}",0.0,0.0,91.29749298095705,0.0,0.0,30.0,,0.0,0.0,30.0,0.0,-15.0,-3.0,Leave_One_experiments/all_year_offline_schedule_search/daily_outputs/HLA/HLA_2012_HLA2012_normal_grid_S0004_daily.csv
HLA,HLA,Hailun,2012,Leave_One_experiments\wth_generated_qc\HLA\HLA2012.WTH,wet_year;nitrogen_stress_year;low_response_year,wet,HLA2012_normal_grid_S0004,irrigation_positive_candidate,2012-08-10,223,104,99,"{""sim_day"": 104.0, ""doy"": 223.0, ""topwt"": 91.29749298095705, ""grnwt"": 0.0, ""xlai"": 0.0, ""totir"": 30.0, ""tofer"": NaN, ""swfac"": 0.0, ""nstres"": 0.0}",0.0,0.0,91.29749298095705,0.0,0.0,30.0,,0.0,0.0,30.0,0.0,-15.0,-3.0,Leave_One_experiments/all_year_offline_schedule_search/daily_outputs/HLA/HLA_2012_HLA2012_normal_grid_S0004_daily.csv
HLA,HLA,Hailun,2012,Leave_One_experiments\wth_generated_qc\HLA\HLA2012.WTH,wet_year;nitrogen_stress_year;low_response_year,wet,HLA2012_normal_grid_S0001,pareto_balanced,2012-05-04,125,1,1,"{""sim_day"": 1.0, ""doy"": 125.0, ""topwt"": 0.0, ""grnwt"": 0.0, ""xlai"": 0.0, ""totir"": 0.0, ""tofer"": NaN, ""swfac"": 0.0, ""nstres"": 0.0}",0.0,0.0,0.0,0.0,0.0,0.0,,0.0,0.0,0.0,0.0,0.0,0.0,Leave_One_experiments/all_year_offline_schedule_search/daily_outputs/HLA/HLA_2012_HLA2012_normal_grid_S0001_daily.csv
HLA,HLA,Hailun,2012,Leave_One_experiments\wth_generated_qc\HLA\HLA2012.WTH,wet_year;nitrogen_stress_year;low_response_year,wet,HLA2012_normal_grid_S0001,pareto_balanced,2012-05-05,126,2,2,"{""sim_day"": 2.0, ""doy"": 126.0, ""topwt"": 0.0, ""grnwt"": 0.0, ""xlai"": 0.0, ""totir"": 0.0, ""tofer"": NaN, ""swfac"": 0.0, ""nstres"": 0.0}",0.0,0.0,0.0,0.0,0.0,0.0,,0.0,0.0,0.0,0.0,0.0,0.0,Leave_One_experiments/all_year_offline_schedule_search/daily_outputs/HLA/HLA_2012_HLA2012_normal_grid_S0001_daily.csv
HLA,HLA,Hailun,2012,Leave_One_experiments\wth_generated_qc\HLA\HLA2012.WTH,wet_year;nitrogen_stress_year;low_response_year,wet,HLA2012_normal_grid_S0001,pareto_balanced,2012-05-06,127,3,3,"{""sim_day"": 3.0, ""doy"": 127.0, ""topwt"": 0.0, ""grnwt"": 0.0, ""xlai"": 0.0, ""totir"": 0.0, ""tofer"": NaN, ""swfac"": 0.0, ""nstres"": 0.0}",0.0,0.0,0.0,0.0,0.0,0.0,,0.0,0.0,0.0,0.0,0.0,0.0,Leave_One_experiments/all_year_offline_schedule_search/daily_outputs/HLA/HLA_2012_HLA2012_normal_grid_S0001_daily.csv
HLA,HLA,Hailun,2012,Leave_One_experiments\wth_generated_qc\HLA\HLA2012.WTH,wet_year;nitrogen_stress_year;low_response_year,wet,HLA2012_normal_grid_S0001,pareto_balanced,2012-05-07,128,4,4,"{""sim_day"": 4.0, ""doy"": 128.0, ""topwt"": 0.0, ""grnwt"": 0.0, ""xlai"": 0.0, ""totir"": 0.0, ""tofer"": NaN, ""swfac"": 0.0, ""nstres"": 0.0}",0.0,0.0,0.0,0.0,0.0,0.0,,0.0,0.0,0.0,0.0,0.0,0.0,Leave_One_experiments/all_year_offline_schedule_search/daily_outputs/HLA/HLA_2012_HLA2012_normal_grid_S0001_daily.csv
HLA,HLA,Hailun,2012,Leave_One_experiments\wth_generated_qc\HLA\HLA2012.WTH,wet_year;nitrogen_stress_year;low_response_year,wet,HLA2012_normal_grid_S0001,pareto_balanced,2012-05-08,129,5,5,"{""sim_day"": 5.0, ""doy"": 129.0, ""topwt"": 0.0, ""grnwt"": 0.0, ""xlai"": 0.0, ""totir"": 0.0, ""tofer"": NaN, ""swfac"": 0.0, ""nstres"": 0.0}",0.0,0.0,0.0,0.0,0.0,0.0,,0.0,0.0,0.0,0.0,0.0,0.0,Leave_One_experiments/all_year_offline_schedule_search/daily_outputs/HLA/HLA_2012_HLA2012_normal_grid_S0001_daily.csv
HLA,HLA,Hailun,2012,Leave_One_experiments\wth_generated_qc\HLA\HLA2012.WTH,wet_year;nitrogen_stress_year;low_response_year,wet,HLA2012_normal_grid_S0001,pareto_balanced,2012-05-04,125,6,1,"{""sim_day"": 6.0, ""doy"": 125.0, ""topwt"": 0.0, ""grnwt"": 0.0, ""xlai"": 0.0, ""totir"": 0.0, ""tofer"": NaN, ""swfac"": 0.0, ""nstres"": 0.0}",0.0,0.0,0.0,0.0,0.0,0.0,,0.0,0.0,0.0,0.0,0.0,0.0,Leave_One_experiments/all_year_offline_schedule_search/daily_outputs/HLA/HLA_2012_HLA2012_normal_grid_S0001_daily.csv
HLA,HLA,Hailun,2012,Leave_One_experiments\wth_generated_qc\HLA\HLA2012.WTH,wet_year;nitrogen_stress_year;low_response_year,wet,HLA2012_normal_grid_S0001,pareto_balanced,2012-05-05,126,7,2,"{""sim_day"": 7.0, ""doy"": 126.0, ""topwt"": 0.0, ""grnwt"": 0.0, ""xlai"": 0.0, ""totir"": 0.0, ""tofer"": NaN, ""swfac"": 0.0, ""nstres"": 0.0}",0.0,0.0,0.0,0.0,0.0,0.0,,0.0,0.0,0.0,0.0,0.0,0.0,Leave_One_experiments/all_year_offline_schedule_search/daily_outputs/HLA/HLA_2012_HLA2012_normal_grid_S0001_daily.csv
HLA,HLA,Hailun,2012,Leave_One_experiments\wth_generated_qc\HLA\HLA2012.WTH,wet_year;nitrogen_stress_year;low_response_year,wet,HLA2012_normal_grid_S0001,pareto_balanced,2012-05-06,127,8,3,"{""sim_day"": 8.0, ""doy"": 127.0, ""topwt"": 0.0, ""grnwt"": 0.0, ""xlai"": 0.0, ""totir"": 0.0, ""tofer"": NaN, ""swfac"": 0.0, ""nstres"": 0.0}",0.0,0.0,0.0,0.0,0.0,0.0,,0.0,0.0,0.0,0.0,0.0,0.0,Leave_One_experiments/all_year_offline_schedule_search/daily_outputs/HLA/HLA_2012_HLA2012_normal_grid_S0001_daily.csv
HLA,HLA,Hailun,2012,Leave_One_experiments\wth_generated_qc\HLA\HLA2012.WTH,wet_year;nitrogen_stress_year;low_response_year,wet,HLA2012_normal_grid_S0001,pareto_balanced,2012-05-07,128,9,4,"{""sim_day"": 9.0, ""doy"": 128.0, ""topwt"": 0.0, ""grnwt"": 0.0, ""xlai"": 0.0, ""totir"": 0.0, ""tofer"": NaN, ""swfac"": 0.0, ""nstres"": 0.0}",0.0,0.0,0.0,0.0,0.0,0.0,,0.0,0.0,0.0,0.0,0.0,0.0,Leave_One_experiments/all_year_offline_schedule_search/daily_outputs/HLA/HLA_2012_HLA2012_normal_grid_S0001_daily.csv
HLA,HLA,Hailun,2012,Leave_One_experiments\wth_generated_qc\HLA\HLA2012.WTH,wet_year;nitrogen_stress_year;low_response_year,wet,HLA2012_normal_grid_S0001,pareto_balanced,2012-05-08,129,10,5,"{""sim_day"": 10.0, ""doy"": 129.0, ""topwt"": 0.0, ""grnwt"": 0.0, ""xlai"": 0.0, ""totir"": 0.0, ""tofer"": NaN, ""swfac"": 0.0, ""nstres"": 0.0}",0.0,0.0,0.0,0.0,0.0,0.0,,0.0,0.0,0.0,0.0,0.0,0.0,Leave_One_experiments/all_year_offline_schedule_search/daily_outputs/HLA/HLA_2012_HLA2012_normal_grid_S0001_daily.csv
HLA,HLA,Hailun,2012,Leave_One_experiments\wth_generated_qc\HLA\HLA2012.WTH,wet_year;nitrogen_stress_year;low_response_year,wet,HLA2012_normal_grid_S0001,pareto_balanced,2012-05-09,130,11,6,"{""sim_day"": 11.0, ""doy"": 130.0, ""topwt"": 0.0, ""grnwt"": 0.0, ""xlai"": 0.0, ""totir"": 0.0, ""tofer"": NaN, ""swfac"": 0.0, ""nstres"": 0.0}",0.0,0.0,0.0,0.0,0.0,0.0,,0.0,0.0,0.0,0.0,0.0,0.0,Leave_One_experiments/all_year_offline_schedule_search/daily_outputs/HLA/HLA_2012_HLA2012_normal_grid_S0001_daily.csv
HLA,HLA,Hailun,2012,Leave_One_experiments\wth_generated_qc\HLA\HLA2012.WTH,wet_year;nitrogen_stress_year;low_response_year,wet,HLA2012_normal_grid_S0001,pareto_balanced,2012-05-10,131,12,7,"{""sim_day"": 12.0, ""doy"": 131.0, ""topwt"": 0.0, ""grnwt"": 0.0, ""xlai"": 0.0, ""totir"": 0.0, ""tofer"": NaN, ""swfac"": 0.0, ""nstres"": 0.0}",0.0,0.0,0.0,0.0,0.0,0.0,,0.0,0.0,0.0,0.0,0.0,0.0,Leave_One_experiments/all_year_offline_schedule_search/daily_outputs/HLA/HLA_2012_HLA2012_normal_grid_S0001_daily.csv
HLA,HLA,Hailun,2012,Leave_One_experiments\wth_generated_qc\HLA\HLA2012.WTH,wet_year;nitrogen_stress_year;low_response_year,wet,HLA2012_normal_grid_S0001,pareto_balanced,2012-05-11,132,13,8,"{""sim_day"": 13.0, ""doy"": 132.0, ""topwt"": 0.0, ""grnwt"": 0.0, ""xlai"": 0.0, ""totir"": 0.0, ""tofer"": NaN, ""swfac"": 0.0, ""nstres"": 0.0}",0.0,0.0,0.0,0.0,0.0,0.0,,0.0,0.0,0.0,0.0,0.0,0.0,Leave_One_experiments/all_year_offline_schedule_search/daily_outputs/HLA/HLA_2012_HLA2012_normal_grid_S0001_daily.csv
HLA,HLA,Hailun,2012,Leave_One_experiments\wth_generated_qc\HLA\HLA2012.WTH,wet_year;nitrogen_stress_year;low_response_year,wet,HLA2012_normal_grid_S0001,pareto_balanced,2012-05-12,133,14,9,"{""sim_day"": 14.0, ""doy"": 133.0, ""topwt"": 0.0, ""grnwt"": 0.0, ""xlai"": 0.0, ""totir"": 0.0, ""tofer"": NaN, ""swfac"": 0.0, ""nstres"": 0.0}",0.0,0.0,0.0,0.0,0.0,0.0,,0.0,0.0,0.0,0.0,0.0,0.0,Leave_One_experiments/all_year_offline_schedule_search/daily_outputs/HLA/HLA_2012_HLA2012_normal_grid_S0001_daily.csv
HLA,HLA,Hailun,2012,Leave_One_experiments\wth_generated_qc\HLA\HLA2012.WTH,wet_year;nitrogen_stress_year;low_response_year,wet,HLA2012_normal_grid_S0001,pareto_balanced,2012-05-13,134,15,10,"{""sim_day"": 15.0, ""doy"": 134.0, ""topwt"": 0.0, ""grnwt"": 0.0, ""xlai"": 0.0, ""totir"": 0.0, ""tofer"": NaN, ""swfac"": 0.0, ""nstres"": 0.0}",0.0,0.0,0.0,0.0,0.0,0.0,,0.0,0.0,0.0,0.0,0.0,0.0,Leave_One_experiments/all_year_offline_schedule_search/daily_outputs/HLA/HLA_2012_HLA2012_normal_grid_S0001_daily.csv
HLA,HLA,Hailun,2012,Leave_One_experiments\wth_generated_qc\HLA\HLA2012.WTH,wet_year;nitrogen_stress_year;low_response_year,wet,HLA2012_normal_grid_S0001,pareto_balanced,2012-05-14,135,16,11,"{""sim_day"": 16.0, ""doy"": 135.0, ""topwt"": 0.0, ""grnwt"": 0.0, ""xlai"": 0.0, ""totir"": 0.0, ""tofer"": NaN, ""swfac"": 0.0, ""nstres"": 0.0}",0.0,0.0,0.0,0.0,0.0,0.0,,0.0,0.0,0.0,0.0,0.0,0.0,Leave_One_experiments/all_year_offline_schedule_search/daily_outputs/HLA/HLA_2012_HLA2012_normal_grid_S0001_daily.csv
HLA,HLA,Hailun,2012,Leave_One_experiments\wth_generated_qc\HLA\HLA2012.WTH,wet_year;nitrogen_stress_year;low_response_year,wet,HLA2012_normal_grid_S0001,pareto_balanced,2012-05-15,136,17,12,"{""sim_day"": 17.0, ""doy"": 136.0, ""topwt"": 0.0, ""grnwt"": 0.0, ""xlai"": 0.0, ""totir"": 0.0, ""tofer"": NaN, ""swfac"": 0.0, ""nstres"": 0.0}",0.0,0.0,0.0,0.0,0.0,0.0,,0.0,0.0,0.0,0.0,0.0,0.0,Leave_One_experiments/all_year_offline_schedule_search/daily_outputs/HLA/HLA_2012_HLA2012_normal_grid_S0001_daily.csv
HLA,HLA,Hailun,2012,Leave_One_experiments\wth_generated_qc\HLA\HLA2012.WTH,wet_year;nitrogen_stress_year;low_response_year,wet,HLA2012_normal_grid_S0001,pareto_balanced,2012-05-16,137,18,13,"{""sim_day"": 18.0, ""doy"": 137.0, ""topwt"": 0.0, ""grnwt"": 0.0, ""xlai"": 0.0, ""totir"": 0.0, ""tofer"": NaN, ""swfac"": 0.0, ""nstres"": 0.0}",0.0,0.0,0.0,0.0,0.0,0.0,,0.0,0.0,0.0,0.0,0.0,0.0,Leave_One_experiments/all_year_offline_schedule_search/daily_outputs/HLA/HLA_2012_HLA2012_normal_grid_S0001_daily.csv
HLA,HLA,Hailun,2012,Leave_One_experiments\wth_generated_qc\HLA\HLA2012.WTH,wet_year;nitrogen_stress_year;low_response_year,wet,HLA2012_normal_grid_S0001,pareto_balanced,2012-05-17,138,19,14,"{""sim_day"": 19.0, ""doy"": 138.0, ""topwt"": 20.0, ""grnwt"": 0.0, ""xlai"": 0.0022591976448893, ""totir"": 0.0, ""tofer"": NaN, ""swfac"": 0.0, ""nstres"": 0.0121910572052001}",0.0,0.0121910572052001,20.0,0.0,0.0022591976448893,0.0,,0.0,0.0,0.0,0.0,0.0,0.0,Leave_One_experiments/all_year_offline_schedule_search/daily_outputs/HLA/HLA_2012_HLA2012_normal_grid_S0001_daily.csv
HLA,HLA,Hailun,2012,Leave_One_experiments\wth_generated_qc\HLA\HLA2012.WTH,wet_year;nitrogen_stress_year;low_response_year,wet,HLA2012_normal_grid_S0001,pareto_balanced,2012-05-18,139,20,15,"{""sim_day"": 20.0, ""doy"": 139.0, ""topwt"": 20.0, ""grnwt"": 0.0, ""xlai"": 0.0045444290153682, ""totir"": 0.0, ""tofer"": NaN, ""swfac"": 0.0, ""nstres"": 0.0135592222213745}",0.0,0.0135592222213745,20.0,0.0,0.0045444290153682,0.0,,0.0,0.0,0.0,0.0,0.0,0.0,Leave_One_experiments/all_year_offline_schedule_search/daily_outputs/HLA/HLA_2012_HLA2012_normal_grid_S0001_daily.csv
HLA,HLA,Hailun,2012,Leave_One_experiments\wth_generated_qc\HLA\HLA2012.WTH,wet_year;nitrogen_stress_year;low_response_year,wet,HLA2012_normal_grid_S0001,pareto_balanced,2012-05-19,140,21,16,"{""sim_day"": 21.0, ""doy"": 140.0, ""topwt"": 20.0, ""grnwt"": 0.0, ""xlai"": 0.0070208157412707, ""totir"": 0.0, ""tofer"": NaN, ""swfac"": 0.0, ""nstres"": 0.0087429285049438}",0.0,0.0087429285049438,20.0,0.0,0.0070208157412707,0.0,,0.0,0.0,0.0,0.0,0.0,0.0,Leave_One_experiments/all_year_offline_schedule_search/daily_outputs/HLA/HLA_2012_HLA2012_normal_grid_S0001_daily.csv
HLA,HLA,Hailun,2012,Leave_One_experiments\wth_generated_qc\HLA\HLA2012.WTH,wet_year;nitrogen_stress_year;low_response_year,wet,HLA2012_normal_grid_S0001,pareto_balanced,2012-05-20,141,22,17,"{""sim_day"": 22.0, ""doy"": 141.0, ""topwt"": 20.0, ""grnwt"": 0.0, ""xlai"": 0.0103977005928754, ""totir"": 0.0, ""tofer"": NaN, ""swfac"": 0.0, ""nstres"": 0.0028909444808959}",0.0,0.0028909444808959,20.0,0.0,0.0103977005928754,0.0,,0.0,0.0,0.0,0.0,0.0,0.0,Leave_One_experiments/all_year_offline_schedule_search/daily_outputs/HLA/HLA_2012_HLA2012_normal_grid_S0001_daily.csv
HLA,HLA,Hailun,2012,Leave_One_experiments\wth_generated_qc\HLA\HLA2012.WTH,wet_year;nitrogen_stress_year;low_response_year,wet,HLA2012_normal_grid_S0001,pareto_balanced,2012-05-21,142,23,18,"{""sim_day"": 23.0, ""doy"": 142.0, ""topwt"": 20.0, ""grnwt"": 0.0, ""xlai"": 0.0145005583763122, ""totir"": 0.0, ""tofer"": NaN, ""swfac"": 0.0, ""nstres"": 0.0}",0.0,0.0,20.0,0.0,0.0145005583763122,0.0,,0.0,0.0,0.0,0.0,0.0,0.0,Leave_One_experiments/all_year_offline_schedule_search/daily_outputs/HLA/HLA_2012_HLA2012_normal_grid_S0001_daily.csv
HLA,HLA,Hailun,2012,Leave_One_experiments\wth_generated_qc\HLA\HLA2012.WTH,wet_year;nitrogen_stress_year;low_response_year,wet,HLA2012_normal_grid_S0001,pareto_balanced,2012-05-22,143,24,19,"{""sim_day"": 24.0, ""doy"": 143.0, ""topwt"": 20.0, ""grnwt"": 0.0, ""xlai"": 0.0217814203351736, ""totir"": 0.0, ""tofer"": NaN, ""swfac"": 0.0, ""nstres"": 0.0}",0.0,0.0,20.0,0.0,0.0217814203351736,0.0,,0.0,0.0,0.0,0.0,0.0,0.0,Leave_One_experiments/all_year_offline_schedule_search/daily_outputs/HLA/HLA_2012_HLA2012_normal_grid_S0001_daily.csv
HLA,HLA,Hailun,2012,Leave_One_experiments\wth_generated_qc\HLA\HLA2012.WTH,wet_year;nitrogen_stress_year;low_response_year,wet,HLA2012_normal_grid_S0001,pareto_balanced,2012-05-23,144,25,20,"{""sim_day"": 25.0, ""doy"": 144.0, ""topwt"": 20.0, ""grnwt"": 0.0, ""xlai"": 0.0267309658229351, ""totir"": 0.0, ""tofer"": NaN, ""swfac"": 0.0, ""nstres"": 0.0}",0.0,0.0,20.0,0.0,0.0267309658229351,0.0,,0.0,0.0,0.0,0.0,0.0,0.0,Leave_One_experiments/all_year_offline_schedule_search/daily_outputs/HLA/HLA_2012_HLA2012_normal_grid_S0001_daily.csv
HLA,HLA,Hailun,2012,Leave_One_experiments\wth_generated_qc\HLA\HLA2012.WTH,wet_year;nitrogen_stress_year;low_response_year,wet,HLA2012_normal_grid_S0001,pareto_balanced,2012-05-24,145,26,21,"{""sim_day"": 26.0, ""doy"": 145.0, ""topwt"": 20.0, ""grnwt"": 0.0, ""xlai"": 0.03149950876832, ""totir"": 0.0, ""tofer"": NaN, ""swfac"": 0.0, ""nstres"": 0.0}",0.0,0.0,20.0,0.0,0.03149950876832,0.0,,0.0,0.0,0.0,0.0,0.0,0.0,Leave_One_experiments/all_year_offline_schedule_search/daily_outputs/HLA/HLA_2012_HLA2012_normal_grid_S0001_daily.csv
HLA,HLA,Hailun,2012,Leave_One_experiments\wth_generated_qc\HLA\HLA2012.WTH,wet_year;nitrogen_stress_year;low_response_year,wet,HLA2012_normal_grid_S0001,pareto_balanced,2012-05-25,146,27,22,"{""sim_day"": 27.0, ""doy"": 146.0, ""topwt"": 21.356077194213867, ""grnwt"": 0.0, ""xlai"": 0.0370358563959598, ""totir"": 0.0, ""tofer"": NaN, ""swfac"": 0.0, ""nstres"": 0.0}",0.0,0.0,21.356077194213867,0.0,0.0370358563959598,0.0,,0.0,0.0,0.0,0.0,0.0,0.0,Leave_One_experiments/all_year_offline_schedule_search/daily_outputs/HLA/HLA_2012_HLA2012_normal_grid_S0001_daily.csv
HLA,HLA,Hailun,2012,Leave_One_experiments\wth_generated_qc\HLA\HLA2012.WTH,wet_year;nitrogen_stress_year;low_response_year,wet,HLA2012_normal_grid_S0001,pareto_balanced,2012-05-26,147,28,23,"{""sim_day"": 28.0, ""doy"": 147.0, ""topwt"": 24.357354640960693, ""grnwt"": 0.0, ""xlai"": 0.0449564270675182, ""totir"": 0.0, ""tofer"": NaN, ""swfac"": 0.0, ""nstres"": 0.0}",0.0,0.0,24.357354640960693,0.0,0.0449564270675182,0.0,,0.0,0.0,0.0,0.0,0.0,0.0,Leave_One_experiments/all_year_offline_schedule_search/daily_outputs/HLA/HLA_2012_HLA2012_normal_grid_S0001_daily.csv
HLA,HLA,Hailun,2012,Leave_One_experiments\wth_generated_qc\HLA\HLA2012.WTH,wet_year;nitrogen_stress_year;low_response_year,wet,HLA2012_normal_grid_S0001,pareto_balanced,2012-05-27,148,29,24,"{""sim_day"": 29.0, ""doy"": 148.0, ""topwt"": 27.41156816482544, ""grnwt"": 0.0, ""xlai"": 0.0525787472724914, ""totir"": 0.0, ""tofer"": NaN, ""swfac"": 0.0, ""nstres"": 0.0158785581588745}",0.0,0.0158785581588745,27.41156816482544,0.0,0.0525787472724914,0.0,,0.0,0.0,0.0,0.0,0.0,0.0,Leave_One_experiments/all_year_offline_schedule_search/daily_outputs/HLA/HLA_2012_HLA2012_normal_grid_S0001_daily.csv
HLA,HLA,Hailun,2012,Leave_One_experiments\wth_generated_qc\HLA\HLA2012.WTH,wet_year;nitrogen_stress_year;low_response_year,wet,HLA2012_normal_grid_S0001,pareto_balanced,2012-05-28,149,30,25,"{""sim_day"": 30.0, ""doy"": 149.0, ""topwt"": 32.15272903442383, ""grnwt"": 0.0, ""xlai"": 0.0634346455335617, ""totir"": 0.0, ""tofer"": NaN, ""swfac"": 0.0, ""nstres"": 0.0784916877746582}",0.0,0.0784916877746582,32.15272903442383,0.0,0.0634346455335617,0.0,,0.0,0.0,0.0,0.0,0.0,0.0,Leave_One_experiments/all_year_offline_schedule_search/daily_outputs/HLA/HLA_2012_HLA2012_normal_grid_S0001_daily.csv
HLA,HLA,Hailun,2012,Leave_One_experiments\wth_generated_qc\HLA\HLA2012.WTH,wet_year;nitrogen_stress_year;low_response_year,wet,HLA2012_normal_grid_S0001,pareto_balanced,2012-05-29,150,31,26,"{""sim_day"": 31.0, ""doy"": 150.0, ""topwt"": 38.73096942901611, ""grnwt"": 0.0, ""xlai"": 0.0773393884301185, ""totir"": 0.0, ""tofer"": NaN, ""swfac"": 0.0, ""nstres"": 0.1275547742843628}",0.0,0.1275547742843628,38.73096942901611,0.0,0.0773393884301185,0.0,,0.0,0.0,0.0,0.0,0.0,0.0,Leave_One_experiments/all_year_offline_schedule_search/daily_outputs/HLA/HLA_2012_HLA2012_normal_grid_S0001_daily.csv
HLA,HLA,Hailun,2012,Leave_One_experiments\wth_generated_qc\HLA\HLA2012.WTH,wet_year;nitrogen_stress_year;low_response_year,wet,HLA2012_normal_grid_S0001,pareto_balanced,2012-05-30,151,32,27,"{""sim_day"": 32.0, ""doy"": 151.0, ""topwt"": 46.18032455444336, ""grnwt"": 0.0, ""xlai"": 0.0915033146739006, ""totir"": 0.0, ""tofer"": NaN, ""swfac"": 0.0, ""nstres"": 0.1868190169334411}",0.0,0.1868190169334411,46.18032455444336,0.0,0.0915033146739006,0.0,,0.0,0.0,0.0,0.0,0.0,0.0,Leave_One_experiments/all_year_offline_schedule_search/daily_outputs/HLA/HLA_2012_HLA2012_normal_grid_S0001_daily.csv
HLA,HLA,Hailun,2012,Leave_One_experiments\wth_generated_qc\HLA\HLA2012.WTH,wet_year;nitrogen_stress_year;low_response_year,wet,HLA2012_normal_grid_S0001,pareto_balanced,2012-05-31,152,33,28,"{""sim_day"": 33.0, ""doy"": 152.0, ""topwt"": 54.320669174194336, ""grnwt"": 0.0, ""xlai"": 0.1052823364734649, ""totir"": 0.0, ""tofer"": NaN, ""swfac"": 0.0, ""nstres"": 0.3378688097000122}",0.0,0.3378688097000122,54.320669174194336,0.0,0.1052823364734649,0.0,,0.0,0.0,0.0,0.0,0.0,0.0,Leave_One_experiments/all_year_offline_schedule_search/daily_outputs/HLA/HLA_2012_HLA2012_normal_grid_S0001_daily.csv
HLA,HLA,Hailun,2012,Leave_One_experiments\wth_generated_qc\HLA\HLA2012.WTH,wet_year;nitrogen_stress_year;low_response_year,wet,HLA2012_normal_grid_S0001,pareto_balanced,2012-06-01,153,34,29,"{""sim_day"": 34.0, ""doy"": 153.0, ""topwt"": 66.14413738250732, ""grnwt"": 0.0, ""xlai"": 0.1243616640567779, ""totir"": 0.0, ""tofer"": NaN, ""swfac"": 0.0, ""nstres"": 0.4767664074897766}",0.0,0.4767664074897766,66.14413738250732,0.0,0.1243616640567779,0.0,,0.0,0.0,0.0,0.0,0.0,0.0,Leave_One_experiments/all_year_offline_schedule_search/daily_outputs/HLA/HLA_2012_HLA2012_normal_grid_S0001_daily.csv
HLA,HLA,Hailun,2012,Leave_One_experiments\wth_generated_qc\HLA\HLA2012.WTH,wet_year;nitrogen_stress_year;low_response_year,wet,HLA2012_normal_grid_S0001,pareto_balanced,2012-06-02,154,35,30,"{""sim_day"": 35.0, ""doy"": 154.0, ""topwt"": 78.90910625457764, ""grnwt"": 0.0, ""xlai"": 0.1428354382514953, ""totir"": 0.0, ""tofer"": NaN, ""swfac"": 0.0, ""nstres"": 0.5857285261154175}",0.0,0.5857285261154175,78.90910625457764,0.0,0.1428354382514953,0.0,,0.0,0.0,0.0,0.0,0.0,0.0,Leave_One_experiments/all_year_offline_schedule_search/daily_outputs/HLA/HLA_2012_HLA2012_normal_grid_S0001_daily.csv
HLA,HLA,Hailun,2012,Leave_One_experiments\wth_generated_qc\HLA\HLA2012.WTH,wet_year;nitrogen_stress_year;low_response_year,wet,HLA2012_normal_grid_S0001,pareto_balanced,2012-06-03,155,36,31,"{""sim_day"": 36.0, ""doy"": 155.0, ""topwt"": 89.1819953918457, ""grnwt"": 0.0, ""xlai"": 0.1545456796884536, ""totir"": 0.0, ""tofer"": NaN, ""swfac"": 0.0, ""nstres"": 0.6997946500778198}",0.0,0.6997946500778198,89.1819953918457,0.0,0.1545456796884536,0.0,,0.0,0.0,0.0,0.0,0.0,0.0,Leave_One_experiments/all_year_offline_schedule_search/daily_outputs/HLA/HLA_2012_HLA2012_normal_grid_S0001_daily.csv
HLA,HLA,Hailun,2012,Leave_One_experiments\wth_generated_qc\HLA\HLA2012.WTH,wet_year;nitrogen_stress_year;low_response_year,wet,HLA2012_normal_grid_S0001,pareto_balanced,2012-06-04,156,37,32,"{""sim_day"": 37.0, ""doy"": 156.0, ""topwt"": 94.72338676452635, ""grnwt"": 0.0, ""xlai"": 0.1690606027841568, ""totir"": 0.0, ""tofer"": NaN, ""swfac"": 0.0, ""nstres"": 0.7835742831230164}",0.0,0.7835742831230164,94.72338676452635,0.0,0.1690606027841568,0.0,,0.0,0.0,0.0,0.0,0.0,0.0,Leave_One_experiments/all_year_offline_schedule_search/daily_outputs/HLA/HLA_2012_HLA2012_normal_grid_S0001_daily.csv
HLA,HLA,Hailun,2012,Leave_One_experiments\wth_generated_qc\HLA\HLA2012.WTH,wet_year;nitrogen_stress_year;low_response_year,wet,HLA2012_normal_grid_S0001,pareto_balanced,2012-06-05,157,38,33,"{""sim_day"": 38.0, ""doy"": 157.0, ""topwt"": 103.02576065063477, ""grnwt"": 0.0, ""xlai"": 0.1757960468530655, ""totir"": 0.0, ""tofer"": NaN, ""swfac"": 0.0, ""nstres"": 0.798799991607666}",0.0,0.798799991607666,103.02576065063477,0.0,0.1757960468530655,0.0,,0.0,0.0,0.0,0.0,0.0,0.0,Leave_One_experiments/all_year_offline_schedule_search/daily_outputs/HLA/HLA_2012_HLA2012_normal_grid_S0001_daily.csv
HLA,HLA,Hailun,2012,Leave_One_experiments\wth_generated_qc\HLA\HLA2012.WTH,wet_year;nitrogen_stress_year;low_response_year,wet,HLA2012_normal_grid_S0001,pareto_balanced,2012-06-06,158,39,34,"{""sim_day"": 39.0, ""doy"": 158.0, ""topwt"": 105.7807159423828, ""grnwt"": 0.0, ""xlai"": 0.1720361113548278, ""totir"": 0.0, ""tofer"": NaN, ""swfac"": 0.0, ""nstres"": 0.798799991607666}",0.0,0.798799991607666,105.7807159423828,0.0,0.1720361113548278,0.0,,0.0,0.0,0.0,0.0,0.0,0.0,Leave_One_experiments/all_year_offline_schedule_search/daily_outputs/HLA/HLA_2012_HLA2012_normal_grid_S0001_daily.csv
HLA,HLA,Hailun,2012,Leave_One_experiments\wth_generated_qc\HLA\HLA2012.WTH,wet_year;nitrogen_stress_year;low_response_year,wet,HLA2012_normal_grid_S0001,pareto_balanced,2012-06-07,159,40,35,"{""sim_day"": 40.0, ""doy"": 159.0, ""topwt"": 105.7529640197754, ""grnwt"": 0.0, ""xlai"": 0.1634822338819503, ""totir"": 0.0, ""tofer"": NaN, ""swfac"": 0.0, ""nstres"": 0.798799991607666}",0.0,0.798799991607666,105.7529640197754,0.0,0.1634822338819503,0.0,,0.0,0.0,0.0,0.0,0.0,0.0,Leave_One_experiments/all_year_offline_schedule_search/daily_outputs/HLA/HLA_2012_HLA2012_normal_grid_S0001_daily.csv
HLA,HLA,Hailun,2012,Leave_One_experiments\wth_generated_qc\HLA\HLA2012.WTH,wet_year;nitrogen_stress_year;low_response_year,wet,HLA2012_normal_grid_S0001,pareto_balanced,2012-06-08,160,41,36,"{""sim_day"": 41.0, ""doy"": 160.0, ""topwt"": 105.72834014892578, ""grnwt"": 0.0, ""xlai"": 0.155356153845787, ""totir"": 0.0, ""tofer"": NaN, ""swfac"": 0.0, ""nstres"": 0.798799991607666}",0.0,0.798799991607666,105.72834014892578,0.0,0.155356153845787,0.0,,0.0,0.0,0.0,0.0,0.0,0.0,Leave_One_experiments/all_year_offline_schedule_search/daily_outputs/HLA/HLA_2012_HLA2012_normal_grid_S0001_daily.csv
HLA,HLA,Hailun,2012,Leave_One_experiments\wth_generated_qc\HLA\HLA2012.WTH,wet_year;nitrogen_stress_year;low_response_year,wet,HLA2012_normal_grid_S0001,pareto_balanced,2012-06-09,161,42,37,"{""sim_day"": 42.0, ""doy"": 161.0, ""topwt"": 105.70849418640135, ""grnwt"": 0.0, ""xlai"": 0.1476321518421173, ""totir"": 0.0, ""tofer"": NaN, ""swfac"": 0.0, ""nstres"": 0.798799991607666}",0.0,0.798799991607666,105.70849418640135,0.0,0.1476321518421173,0.0,,0.0,0.0,0.0,0.0,0.0,0.0,Leave_One_experiments/all_year_offline_schedule_search/daily_outputs/HLA/HLA_2012_HLA2012_normal_grid_S0001_daily.csv
HLA,HLA,Hailun,2012,Leave_One_experiments\wth_generated_qc\HLA\HLA2012.WTH,wet_year;nitrogen_stress_year;low_response_year,wet,HLA2012_normal_grid_S0001,pareto_balanced,2012-06-10,162,43,38,"{""sim_day"": 43.0, ""doy"": 162.0, ""topwt"": 105.69525718688963, ""grnwt"": 0.0, ""xlai"": 0.1402840316295623, ""totir"": 0.0, ""tofer"": NaN, ""swfac"": 0.0, ""nstres"": 0.798799991607666}",0.0,0.798799991607666,105.69525718688963,0.0,0.1402840316295623,0.0,,0.0,0.0,0.0,0.0,0.0,0.0,Leave_One_experiments/all_year_offline_schedule_search/daily_outputs/HLA/HLA_2012_HLA2012_normal_grid_S0001_daily.csv
HLA,HLA,Hailun,2012,Leave_One_experiments\wth_generated_qc\HLA\HLA2012.WTH,wet_year;nitrogen_stress_year;low_response_year,wet,HLA2012_normal_grid_S0001,pareto_balanced,2012-06-11,163,44,39,"{""sim_day"": 44.0, ""doy"": 163.0, ""topwt"": 105.67550659179688, ""grnwt"": 0.0, ""xlai"": 0.1333215087652206, ""totir"": 0.0, ""tofer"": NaN, ""swfac"": 0.0, ""nstres"": 0.798799991607666}",0.0,0.798799991607666,105.67550659179688,0.0,0.1333215087652206,0.0,,0.0,0.0,0.0,0.0,0.0,0.0,Leave_One_experiments/all_year_offline_schedule_search/daily_outputs/HLA/HLA_2012_HLA2012_normal_grid_S0001_daily.csv
HLA,HLA,Hailun,2012,Leave_One_experiments\wth_generated_qc\HLA\HLA2012.WTH,wet_year;nitrogen_stress_year;low_response_year,wet,HLA2012_normal_grid_S0001,pareto_balanced,2012-06-12,164,45,40,"{""sim_day"": 45.0, ""doy"": 164.0, ""topwt"": 105.66076278686523, ""grnwt"": 0.0, ""xlai"": 0.1266994476318359, ""totir"": 0.0, ""tofer"": NaN, ""swfac"": 0.0, ""nstres"": 0.798799991607666}",0.0,0.798799991607666,105.66076278686523,0.0,0.1266994476318359,0.0,,0.0,0.0,0.0,0.0,0.0,0.0,Leave_One_experiments/all_year_offline_schedule_search/daily_outputs/HLA/HLA_2012_HLA2012_normal_grid_S0001_daily.csv
HLA,HLA,Hailun,2012,Leave_One_experiments\wth_generated_qc\HLA\HLA2012.WTH,wet_year;nitrogen_stress_year;low_response_year,wet,HLA2012_normal_grid_S0001,pareto_balanced,2012-06-13,165,46,41,"{""sim_day"": 46.0, ""doy"": 165.0, ""topwt"": 105.64558029174805, ""grnwt"": 0.0, ""xlai"": 0.1204146668314933, ""totir"": 0.0, ""tofer"": NaN, ""swfac"": 0.0, ""nstres"": 0.798799991607666}",0.0,0.798799991607666,105.64558029174805,0.0,0.1204146668314933,0.0,,0.0,0.0,0.0,0.0,0.0,0.0,Leave_One_experiments/all_year_offline_schedule_search/daily_outputs/HLA/HLA_2012_HLA2012_normal_grid_S0001_daily.csv
HLA,HLA,Hailun,2012,Leave_One_experiments\wth_generated_qc\HLA\HLA2012.WTH,wet_year;nitrogen_stress_year;low_response_year,wet,HLA2012_normal_grid_S0001,pareto_balanced,2012-06-14,166,47,42,"{""sim_day"": 47.0, ""doy"": 166.0, ""topwt"": 105.63258171081544, ""grnwt"": 0.0, ""xlai"": 0.1123973131179809, ""totir"": 0.0, ""tofer"": NaN, ""swfac"": 0.0, ""nstres"": 0.798799991607666}",0.0,0.798799991607666,105.63258171081544,0.0,0.1123973131179809,0.0,,0.0,0.0,0.0,0.0,0.0,0.0,Leave_One_experiments/all_year_offline_schedule_search/daily_outputs/HLA/HLA_2012_HLA2012_normal_grid_S0001_daily.csv
HLA,HLA,Hailun,2012,Leave_One_experiments\wth_generated_qc\HLA\HLA2012.WTH,wet_year;nitrogen_stress_year;low_response_year,wet,HLA2012_normal_grid_S0001,pareto_balanced,2012-06-15,167,48,43,"{""sim_day"": 48.0, ""doy"": 167.0, ""topwt"": 105.6229019165039, ""grnwt"": 0.0, ""xlai"": 0.1067655608057975, ""totir"": 0.0, ""tofer"": NaN, ""swfac"": 0.0, ""nstres"": 0.798799991607666}",0.0,0.798799991607666,105.6229019165039,0.0,0.1067655608057975,0.0,,0.0,0.0,0.0,0.0,0.0,0.0,Leave_One_experiments/all_year_offline_schedule_search/daily_outputs/HLA/HLA_2012_HLA2012_normal_grid_S0001_daily.csv
HLA,HLA,Hailun,2012,Leave_One_experiments\wth_generated_qc\HLA\HLA2012.WTH,wet_year;nitrogen_stress_year;low_response_year,wet,HLA2012_normal_grid_S0001,pareto_balanced,2012-06-16,168,49,44,"{""sim_day"": 49.0, ""doy"": 168.0, ""topwt"": 105.6216812133789, ""grnwt"": 0.0, ""xlai"": 0.1014296486973762, ""totir"": 0.0, ""tofer"": NaN, ""swfac"": 0.0, ""nstres"": 0.798799991607666}",0.0,0.798799991607666,105.6216812133789,0.0,0.1014296486973762,0.0,,0.0,0.0,0.0,0.0,0.0,0.0,Leave_One_experiments/all_year_offline_schedule_search/daily_outputs/HLA/HLA_2012_HLA2012_normal_grid_S0001_daily.csv
HLA,HLA,Hailun,2012,Leave_One_experiments\wth_generated_qc\HLA\HLA2012.WTH,wet_year;nitrogen_stress_year;low_response_year,wet,HLA2012_normal_grid_S0001,pareto_balanced,2012-06-17,169,50,45,"{""sim_day"": 50.0, ""doy"": 169.0, ""topwt"": 105.6247901916504, ""grnwt"": 0.0, ""xlai"": 0.0963670313358306, ""totir"": 0.0, ""tofer"": NaN, ""swfac"": 0.0, ""nstres"": 0.798799991607666}",0.0,0.798799991607666,105.6247901916504,0.0,0.0963670313358306,0.0,,0.0,0.0,0.0,0.0,0.0,0.0,Leave_One_experiments/all_year_offline_schedule_search/daily_outputs/HLA/HLA_2012_HLA2012_normal_grid_S0001_daily.csv
HLA,HLA,Hailun,2012,Leave_One_experiments\wth_generated_qc\HLA\HLA2012.WTH,wet_year;nitrogen_stress_year;low_response_year,wet,HLA2012_normal_grid_S0001,pareto_balanced,2012-06-18,170,51,46,"{""sim_day"": 51.0, ""doy"": 170.0, ""topwt"": 105.63251495361328, ""grnwt"": 0.0, ""xlai"": 0.0915640220046043, ""totir"": 0.0, ""tofer"": NaN, ""swfac"": 0.0, ""nstres"": 0.798799991607666}",0.0,0.798799991607666,105.63251495361328,0.0,0.0915640220046043,0.0,,0.0,0.0,0.0,0.0,0.0,0.0,Leave_One_experiments/all_year_offline_schedule_search/daily_outputs/HLA/HLA_2012_HLA2012_normal_grid_S0001_daily.csv
HLA,HLA,Hailun,2012,Leave_One_experiments\wth_generated_qc\HLA\HLA2012.WTH,wet_year;nitrogen_stress_year;low_response_year,wet,HLA2012_normal_grid_S0001,pareto_balanced,2012-06-19,171,52,47,"{""sim_day"": 52.0, ""doy"": 171.0, ""topwt"": 105.64664840698242, ""grnwt"": 0.0, ""xlai"": 0.0870099961757659, ""totir"": 0.0, ""tofer"": NaN, ""swfac"": 0.0, ""nstres"": 0.798799991607666}",0.0,0.798799991607666,105.64664840698242,0.0,0.0870099961757659,0.0,,0.0,0.0,0.0,0.0,0.0,0.0,Leave_One_experiments/all_year_offline_schedule_search/daily_outputs/HLA/HLA_2012_HLA2012_normal_grid_S0001_daily.csv
HLA,HLA,Hailun,2012,Leave_One_experiments\wth_generated_qc\HLA\HLA2012.WTH,wet_year;nitrogen_stress_year;low_response_year,wet,HLA2012_normal_grid_S0001,pareto_balanced,2012-06-20,172,53,48,"{""sim_day"": 53.0, ""doy"": 172.0, ""topwt"": 105.67368507385254, ""grnwt"": 0.0, ""xlai"": 0.0827022790908813, ""totir"": 0.0, ""tofer"": NaN, ""swfac"": 0.0, ""nstres"": 0.798799991607666}",0.0,0.798799991607666,105.67368507385254,0.0,0.0827022790908813,0.0,,0.0,0.0,0.0,0.0,0.0,0.0,Leave_One_experiments/all_year_offline_schedule_search/daily_outputs/HLA/HLA_2012_HLA2012_normal_grid_S0001_daily.csv
HLA,HLA,Hailun,2012,Leave_One_experiments\wth_generated_qc\HLA\HLA2012.WTH,wet_year;nitrogen_stress_year;low_response_year,wet,HLA2012_normal_grid_S0001,pareto_balanced,2012-06-21,173,54,49,"{""sim_day"": 54.0, ""doy"": 173.0, ""topwt"": 105.70335388183594, ""grnwt"": 0.0, ""xlai"": 0.0786108076572418, ""totir"": 0.0, ""tofer"": NaN, ""swfac"": 0.0, ""nstres"": 0.798799991607666}",0.0,0.798799991607666,105.70335388183594,0.0,0.0786108076572418,0.0,,0.0,0.0,0.0,0.0,0.0,0.0,Leave_One_experiments/all_year_offline_schedule_search/daily_outputs/HLA/HLA_2012_HLA2012_normal_grid_S0001_daily.csv
HLA,HLA,Hailun,2012,Leave_One_experiments\wth_generated_qc\HLA\HLA2012.WTH,wet_year;nitrogen_stress_year;low_response_year,wet,HLA2012_normal_grid_S0001,pareto_balanced,2012-06-22,174,55,50,"{""sim_day"": 55.0, ""doy"": 174.0, ""topwt"": 106.14982604980467, ""grnwt"": 0.0, ""xlai"": 0.0753782615065574, ""totir"": 0.0, ""tofer"": NaN, ""swfac"": 0.0, ""nstres"": 0.7921439111232758}",0.0,0.7921439111232758,106.14982604980467,0.0,0.0753782615065574,0.0,,0.0,0.0,0.0,0.0,0.0,0.0,Leave_One_experiments/all_year_offline_schedule_search/daily_outputs/HLA/HLA_2012_HLA2012_normal_grid_S0001_daily.csv
HLA,HLA,Hailun,2012,Leave_One_experiments\wth_generated_qc\HLA\HLA2012.WTH,wet_year;nitrogen_stress_year;low_response_year,wet,HLA2012_normal_grid_S0001,pareto_balanced,2012-06-23,175,56,51,"{""sim_day"": 56.0, ""doy"": 175.0, ""topwt"": 107.22068786621094, ""grnwt"": 0.0, ""xlai"": 0.073220282793045, ""totir"": 0.0, ""tofer"": NaN, ""swfac"": 0.0, ""nstres"": 0.7830456495285034}",0.0,0.7830456495285034,107.22068786621094,0.0,0.073220282793045,0.0,,0.0,0.0,0.0,0.0,0.0,0.0,Leave_One_experiments/all_year_offline_schedule_search/daily_outputs/HLA/HLA_2012_HLA2012_normal_grid_S0001_daily.csv
HLA,HLA,Hailun,2012,Leave_One_experiments\wth_generated_qc\HLA\HLA2012.WTH,wet_year;nitrogen_stress_year;low_response_year,wet,HLA2012_normal_grid_S0001,pareto_balanced,2012-06-24,176,57,52,"{""sim_day"": 57.0, ""doy"": 176.0, ""topwt"": 109.0717887878418, ""grnwt"": 0.0, ""xlai"": 0.0722090750932693, ""totir"": 0.0, ""tofer"": NaN, ""swfac"": 0.0, ""nstres"": 0.7741337716579437}",0.0,0.7741337716579437,109.0717887878418,0.0,0.0722090750932693,0.0,,0.0,0.0,0.0,0.0,0.0,0.0,Leave_One_experiments/all_year_offline_schedule_search/daily_outputs/HLA/HLA_2012_HLA2012_normal_grid_S0001_daily.csv
HLA,HLA,Hailun,2012,Leave_One_experiments\wth_generated_qc\HLA\HLA2012.WTH,wet_year;nitrogen_stress_year;low_response_year,wet,HLA2012_normal_grid_S0001,pareto_balanced,2012-06-25,177,58,53,"{""sim_day"": 58.0, ""doy"": 177.0, ""topwt"": 111.76807403564452, ""grnwt"": 0.0, ""xlai"": 0.0722636431455612, ""totir"": 0.0, ""tofer"": NaN, ""swfac"": 0.0, ""nstres"": 0.7642444372177124}",0.0,0.7642444372177124,111.76807403564452,0.0,0.0722636431455612,0.0,,0.0,0.0,0.0,0.0,0.0,0.0,Leave_One_experiments/all_year_offline_schedule_search/daily_outputs/HLA/HLA_2012_HLA2012_normal_grid_S0001_daily.csv
HLA,HLA,Hailun,2012,Leave_One_experiments\wth_generated_qc\HLA\HLA2012.WTH,wet_year;nitrogen_stress_year;low_response_year,wet,HLA2012_normal_grid_S0001,pareto_balanced,2012-06-26,178,59,54,"{""sim_day"": 59.0, ""doy"": 178.0, ""topwt"": 115.8009147644043, ""grnwt"": 0.0, ""xlai"": 0.0738324671983718, ""totir"": 0.0, ""tofer"": NaN, ""swfac"": 0.0, ""nstres"": 0.750397652387619}",0.0,0.750397652387619,115.8009147644043,0.0,0.0738324671983718,0.0,,0.0,0.0,0.0,0.0,0.0,0.0,Leave_One_experiments/all_year_offline_schedule_search/daily_outputs/HLA/HLA_2012_HLA2012_normal_grid_S0001_daily.csv
HLA,HLA,Hailun,2012,Leave_One_experiments\wth_generated_qc\HLA\HLA2012.WTH,wet_year;nitrogen_stress_year;low_response_year,wet,HLA2012_normal_grid_S0001,pareto_balanced,2012-06-27,179,60,55,"{""sim_day"": 60.0, ""doy"": 179.0, ""topwt"": 121.51546478271484, ""grnwt"": 0.0, ""xlai"": 0.0770474076271057, ""totir"": 0.0, ""tofer"": NaN, ""swfac"": 0.0, ""nstres"": 0.7357319593429565}",0.0,0.7357319593429565,121.51546478271484,0.0,0.0770474076271057,0.0,,0.0,0.0,0.0,0.0,0.0,0.0,Leave_One_experiments/all_year_offline_schedule_search/daily_outputs/HLA/HLA_2012_HLA2012_normal_grid_S0001_daily.csv
HLA,HLA,Hailun,2012,Leave_One_experiments\wth_generated_qc\HLA\HLA2012.WTH,wet_year;nitrogen_stress_year;low_response_year,wet,HLA2012_normal_grid_S0001,pareto_balanced,2012-06-28,180,61,56,"{""sim_day"": 61.0, ""doy"": 180.0, ""topwt"": 124.24107551574708, ""grnwt"": 0.0, ""xlai"": 0.0764612928032875, ""totir"": 0.0, ""tofer"": NaN, ""swfac"": 0.0, ""nstres"": 0.7233208417892456}",0.0,0.7233208417892456,124.24107551574708,0.0,0.0764612928032875,0.0,,0.0,0.0,0.0,0.0,0.0,0.0,Leave_One_experiments/all_year_offline_schedule_search/daily_outputs/HLA/HLA_2012_HLA2012_normal_grid_S0001_daily.csv
HLA,HLA,Hailun,2012,Leave_One_experiments\wth_generated_qc\HLA\HLA2012.WTH,wet_year;nitrogen_stress_year;low_response_year,wet,HLA2012_normal_grid_S0001,pareto_balanced,2012-06-29,181,62,57,"{""sim_day"": 62.0, ""doy"": 181.0, ""topwt"": 129.15209770202637, ""grnwt"": 0.0, ""xlai"": 0.0781119391322135, ""totir"": 0.0, ""tofer"": NaN, ""swfac"": 0.0, ""nstres"": 0.7169530987739563}",0.0,0.7169530987739563,129.15209770202637,0.0,0.0781119391322135,0.0,,0.0,0.0,0.0,0.0,0.0,0.0,Leave_One_experiments/all_year_offline_schedule_search/daily_outputs/HLA/HLA_2012_HLA2012_normal_grid_S0001_daily.csv
HLA,HLA,Hailun,2012,Leave_One_experiments\wth_generated_qc\HLA\HLA2012.WTH,wet_year;nitrogen_stress_year;low_response_year,wet,HLA2012_normal_grid_S0001,pareto_balanced,2012-06-30,182,63,58,"{""sim_day"": 63.0, ""doy"": 182.0, ""topwt"": 132.135009765625, ""grnwt"": 0.0, ""xlai"": 0.0, ""totir"": 0.0, ""tofer"": NaN, ""swfac"": 0.0, ""nstres"": 0.6928101181983948}",0.0,0.6928101181983948,132.135009765625,0.0,0.0,0.0,,0.0,0.0,0.0,0.0,0.0,0.0,Leave_One_experiments/all_year_offline_schedule_search/daily_outputs/HLA/HLA_2012_HLA2012_normal_grid_S0001_daily.csv
HLA,HLA,Hailun,2012,Leave_One_experiments\wth_generated_qc\HLA\HLA2012.WTH,wet_year;nitrogen_stress_year;low_response_year,wet,HLA2012_normal_grid_S0001,pareto_balanced,2012-07-01,183,64,59,"{""sim_day"": 64.0, ""doy"": 183.0, ""topwt"": 132.09211349487305, ""grnwt"": 0.0, ""xlai"": 0.0, ""totir"": 0.0, ""tofer"": NaN, ""swfac"": 0.0, ""nstres"": 0.6684178113937378}",0.0,0.6684178113937378,132.09211349487305,0.0,0.0,0.0,,0.0,0.0,0.0,0.0,0.0,0.0,Leave_One_experiments/all_year_offline_schedule_search/daily_outputs/HLA/HLA_2012_HLA2012_normal_grid_S0001_daily.csv
HLA,HLA,Hailun,2012,Leave_One_experiments\wth_generated_qc\HLA\HLA2012.WTH,wet_year;nitrogen_stress_year;low_response_year,wet,HLA2012_normal_grid_S0001,pareto_balanced,2012-07-02,184,65,60,"{""sim_day"": 65.0, ""doy"": 184.0, ""topwt"": 132.04923629760742, ""grnwt"": 0.0, ""xlai"": 0.0, ""totir"": 0.0, ""tofer"": NaN, ""swfac"": 0.0, ""nstres"": 0.6551094949245453}",0.0,0.6551094949245453,132.04923629760742,0.0,0.0,0.0,,0.0,0.0,0.0,0.0,0.0,0.0,Leave_One_experiments/all_year_offline_schedule_search/daily_outputs/HLA/HLA_2012_HLA2012_normal_grid_S0001_daily.csv
HLA,HLA,Hailun,2012,Leave_One_experiments\wth_generated_qc\HLA\HLA2012.WTH,wet_year;nitrogen_stress_year;low_response_year,wet,HLA2012_normal_grid_S0001,pareto_balanced,2012-07-03,185,66,61,"{""sim_day"": 66.0, ""doy"": 185.0, ""topwt"": 132.00636863708496, ""grnwt"": 0.0, ""xlai"": 0.0, ""totir"": 0.0, ""tofer"": NaN, ""swfac"": 0.0, ""nstres"": 0.6318589448928833}",0.0,0.6318589448928833,132.00636863708496,0.0,0.0,0.0,,0.0,0.0,0.0,0.0,0.0,0.0,Leave_One_experiments/all_year_offline_schedule_search/daily_outputs/HLA/HLA_2012_HLA2012_normal_grid_S0001_daily.csv
HLA,HLA,Hailun,2012,Leave_One_experiments\wth_generated_qc\HLA\HLA2012.WTH,wet_year;nitrogen_stress_year;low_response_year,wet,HLA2012_normal_grid_S0001,pareto_balanced,2012-07-04,186,67,62,"{""sim_day"": 67.0, ""doy"": 186.0, ""topwt"": 131.96352005004883, ""grnwt"": 0.0, ""xlai"": 0.0, ""totir"": 0.0, ""tofer"": NaN, ""swfac"": 0.0, ""nstres"": 0.6163251101970673}",0.0,0.6163251101970673,131.96352005004883,0.0,0.0,0.0,,0.0,0.0,0.0,0.0,0.0,0.0,Leave_One_experiments/all_year_offline_schedule_search/daily_outputs/HLA/HLA_2012_HLA2012_normal_grid_S0001_daily.csv
HLA,HLA,Hailun,2012,Leave_One_experiments\wth_generated_qc\HLA\HLA2012.WTH,wet_year;nitrogen_stress_year;low_response_year,wet,HLA2012_normal_grid_S0001,pareto_balanced,2012-07-05,187,68,63,"{""sim_day"": 68.0, ""doy"": 187.0, ""topwt"": 131.9206714630127, ""grnwt"": 0.0, ""xlai"": 0.0, ""totir"": 0.0, ""tofer"": NaN, ""swfac"": 0.0, ""nstres"": 0.5979806482791901}",0.0,0.5979806482791901,131.9206714630127,0.0,0.0,0.0,,0.0,0.0,0.0,0.0,0.0,0.0,Leave_One_experiments/all_year_offline_schedule_search/daily_outputs/HLA/HLA_2012_HLA2012_normal_grid_S0001_daily.csv
HLA,HLA,Hailun,2012,Leave_One_experiments\wth_generated_qc\HLA\HLA2012.WTH,wet_year;nitrogen_stress_year;low_response_year,wet,HLA2012_normal_grid_S0001,pareto_balanced,2012-07-06,188,69,64,"{""sim_day"": 69.0, ""doy"": 188.0, ""topwt"": 131.8778419494629, ""grnwt"": 0.0, ""xlai"": 0.0, ""totir"": 0.0, ""tofer"": NaN, ""swfac"": 0.0, ""nstres"": 0.5786633193492889}",0.0,0.5786633193492889,131.8778419494629,0.0,0.0,0.0,,0.0,0.0,0.0,0.0,0.0,0.0,Leave_One_experiments/all_year_offline_schedule_search/daily_outputs/HLA/HLA_2012_HLA2012_normal_grid_S0001_daily.csv
HLA,HLA,Hailun,2012,Leave_One_experiments\wth_generated_qc\HLA\HLA2012.WTH,wet_year;nitrogen_stress_year;low_response_year,wet,HLA2012_normal_grid_S0001,pareto_balanced,2012-07-07,189,70,65,"{""sim_day"": 70.0, ""doy"": 189.0, ""topwt"": 131.83502197265625, ""grnwt"": 0.0, ""xlai"": 0.0, ""totir"": 0.0, ""tofer"": NaN, ""swfac"": 0.0, ""nstres"": 0.5603685081005096}",0.0,0.5603685081005096,131.83502197265625,0.0,0.0,0.0,,0.0,0.0,0.0,0.0,0.0,0.0,Leave_One_experiments/all_year_offline_schedule_search/daily_outputs/HLA/HLA_2012_HLA2012_normal_grid_S0001_daily.csv
HLA,HLA,Hailun,2012,Leave_One_experiments\wth_generated_qc\HLA\HLA2012.WTH,wet_year;nitrogen_stress_year;low_response_year,wet,HLA2012_normal_grid_S0001,pareto_balanced,2012-07-08,190,71,66,"{""sim_day"": 71.0, ""doy"": 190.0, ""topwt"": 131.79222106933594, ""grnwt"": 0.0, ""xlai"": 0.0, ""totir"": 0.0, ""tofer"": NaN, ""swfac"": 0.0, ""nstres"": 0.5418918132781982}",0.0,0.5418918132781982,131.79222106933594,0.0,0.0,0.0,,0.0,0.0,0.0,0.0,0.0,0.0,Leave_One_experiments/all_year_offline_schedule_search/daily_outputs/HLA/HLA_2012_HLA2012_normal_grid_S0001_daily.csv
HLA,HLA,Hailun,2012,Leave_One_experiments\wth_generated_qc\HLA\HLA2012.WTH,wet_year;nitrogen_stress_year;low_response_year,wet,HLA2012_normal_grid_S0001,pareto_balanced,2012-07-09,191,72,67,"{""sim_day"": 72.0, ""doy"": 191.0, ""topwt"": 131.74943923950195, ""grnwt"": 0.0, ""xlai"": 0.0, ""totir"": 0.0, ""tofer"": NaN, ""swfac"": 0.0, ""nstres"": 0.5227778553962708}",0.0,0.5227778553962708,131.74943923950195,0.0,0.0,0.0,,0.0,0.0,0.0,0.0,0.0,0.0,Leave_One_experiments/all_year_offline_schedule_search/daily_outputs/HLA/HLA_2012_HLA2012_normal_grid_S0001_daily.csv
HLA,HLA,Hailun,2012,Leave_One_experiments\wth_generated_qc\HLA\HLA2012.WTH,wet_year;nitrogen_stress_year;low_response_year,wet,HLA2012_normal_grid_S0001,pareto_balanced,2012-07-10,192,73,68,"{""sim_day"": 73.0, ""doy"": 192.0, ""topwt"": 131.70666694641113, ""grnwt"": 0.0, ""xlai"": 0.0, ""totir"": 0.0, ""tofer"": NaN, ""swfac"": 0.0, ""nstres"": 0.5010057687759399}",0.0,0.5010057687759399,131.70666694641113,0.0,0.0,0.0,,0.0,0.0,0.0,0.0,0.0,0.0,Leave_One_experiments/all_year_offline_schedule_search/daily_outputs/HLA/HLA_2012_HLA2012_normal_grid_S0001_daily.csv
HLA,HLA,Hailun,2012,Leave_One_experiments\wth_generated_qc\HLA\HLA2012.WTH,wet_year;nitrogen_stress_year;low_response_year,wet,HLA2012_normal_grid_S0001,pareto_balanced,2012-07-11,193,74,69,"{""sim_day"": 74.0, ""doy"": 193.0, ""topwt"": 131.66390419006348, ""grnwt"": 0.0, ""xlai"": 0.0, ""totir"": 0.0, ""tofer"": NaN, ""swfac"": 0.0, ""nstres"": 0.4734707474708557}",0.0,0.4734707474708557,131.66390419006348,0.0,0.0,0.0,,0.0,0.0,0.0,0.0,0.0,0.0,Leave_One_experiments/all_year_offline_schedule_search/daily_outputs/HLA/HLA_2012_HLA2012_normal_grid_S0001_daily.csv
HLA,HLA,Hailun,2012,Leave_One_experiments\wth_generated_qc\HLA\HLA2012.WTH,wet_year;nitrogen_stress_year;low_response_year,wet,HLA2012_normal_grid_S0001,pareto_balanced,2012-07-12,194,75,70,"{""sim_day"": 75.0, ""doy"": 194.0, ""topwt"": 131.62116050720215, ""grnwt"": 0.0, ""xlai"": 0.0, ""totir"": 0.0, ""tofer"": NaN, ""swfac"": 0.0, ""nstres"": 0.4445059299468994}",0.0,0.4445059299468994,131.62116050720215,0.0,0.0,0.0,,0.0,0.0,0.0,0.0,0.0,0.0,Leave_One_experiments/all_year_offline_schedule_search/daily_outputs/HLA/HLA_2012_HLA2012_normal_grid_S0001_daily.csv
HLA,HLA,Hailun,2012,Leave_One_experiments\wth_generated_qc\HLA\HLA2012.WTH,wet_year;nitrogen_stress_year;low_response_year,wet,HLA2012_normal_grid_S0001,pareto_balanced,2012-07-13,195,76,71,"{""sim_day"": 76.0, ""doy"": 195.0, ""topwt"": 131.57842636108398, ""grnwt"": 0.0, ""xlai"": 0.0, ""totir"": 0.0, ""tofer"": NaN, ""swfac"": 0.0, ""nstres"": 0.4140760898590088}",0.0,0.4140760898590088,131.57842636108398,0.0,0.0,0.0,,0.0,0.0,0.0,0.0,0.0,0.0,Leave_One_experiments/all_year_offline_schedule_search/daily_outputs/HLA/HLA_2012_HLA2012_normal_grid_S0001_daily.csv
HLA,HLA,Hailun,2012,Leave_One_experiments\wth_generated_qc\HLA\HLA2012.WTH,wet_year;nitrogen_stress_year;low_response_year,wet,HLA2012_normal_grid_S0001,pareto_balanced,2012-07-14,196,77,72,"{""sim_day"": 77.0, ""doy"": 196.0, ""topwt"": 131.53570175170898, ""grnwt"": 0.0, ""xlai"": 0.0, ""totir"": 0.0, ""tofer"": NaN, ""swfac"": 0.0, ""nstres"": 0.3822376132011413}",0.0,0.3822376132011413,131.53570175170898,0.0,0.0,0.0,,0.0,0.0,0.0,0.0,0.0,0.0,Leave_One_experiments/all_year_offline_schedule_search/daily_outputs/HLA/HLA_2012_HLA2012_normal_grid_S0001_daily.csv
HLA,HLA,Hailun,2012,Leave_One_experiments\wth_generated_qc\HLA\HLA2012.WTH,wet_year;nitrogen_stress_year;low_response_year,wet,HLA2012_normal_grid_S0001,pareto_balanced,2012-07-15,197,78,73,"{""sim_day"": 78.0, ""doy"": 197.0, ""topwt"": 131.49298667907715, ""grnwt"": 0.0, ""xlai"": 0.0, ""totir"": 0.0, ""tofer"": NaN, ""swfac"": 0.0, ""nstres"": 0.3570919632911682}",0.0,0.3570919632911682,131.49298667907715,0.0,0.0,0.0,,0.0,0.0,0.0,0.0,0.0,0.0,Leave_One_experiments/all_year_offline_schedule_search/daily_outputs/HLA/HLA_2012_HLA2012_normal_grid_S0001_daily.csv
HLA,HLA,Hailun,2012,Leave_One_experiments\wth_generated_qc\HLA\HLA2012.WTH,wet_year;nitrogen_stress_year;low_response_year,wet,HLA2012_normal_grid_S0001,pareto_balanced,2012-07-16,198,79,74,"{""sim_day"": 79.0, ""doy"": 198.0, ""topwt"": 131.45028114318848, ""grnwt"": 0.0, ""xlai"": 0.0, ""totir"": 0.0, ""tofer"": NaN, ""swfac"": 0.0, ""nstres"": 0.3254957199096679}",0.0,0.3254957199096679,131.45028114318848,0.0,0.0,0.0,,0.0,0.0,0.0,0.0,0.0,0.0,Leave_One_experiments/all_year_offline_schedule_search/daily_outputs/HLA/HLA_2012_HLA2012_normal_grid_S0001_daily.csv
HLA,HLA,Hailun,2012,Leave_One_experiments\wth_generated_qc\HLA\HLA2012.WTH,wet_year;nitrogen_stress_year;low_response_year,wet,HLA2012_normal_grid_S0001,pareto_balanced,2012-07-17,199,80,75,"{""sim_day"": 80.0, ""doy"": 199.0, ""topwt"": 131.40759468078613, ""grnwt"": 0.0, ""xlai"": 0.0, ""totir"": 0.0, ""tofer"": NaN, ""swfac"": 0.0, ""nstres"": 0.2977277636528015}",0.0,0.2977277636528015,131.40759468078613,0.0,0.0,0.0,,0.0,0.0,0.0,0.0,0.0,0.0,Leave_One_experiments/all_year_offline_schedule_search/daily_outputs/HLA/HLA_2012_HLA2012_normal_grid_S0001_daily.csv
HLA,HLA,Hailun,2012,Leave_One_experiments\wth_generated_qc\HLA\HLA2012.WTH,wet_year;nitrogen_stress_year;low_response_year,wet,HLA2012_normal_grid_S0001,pareto_balanced,2012-07-18,200,81,76,"{""sim_day"": 81.0, ""doy"": 200.0, ""topwt"": 131.36491775512695, ""grnwt"": 0.0, ""xlai"": 0.0, ""totir"": 0.0, ""tofer"": NaN, ""swfac"": 0.0, ""nstres"": 0.2639028429985046}",0.0,0.2639028429985046,131.36491775512695,0.0,0.0,0.0,,0.0,0.0,0.0,0.0,0.0,0.0,Leave_One_experiments/all_year_offline_schedule_search/daily_outputs/HLA/HLA_2012_HLA2012_normal_grid_S0001_daily.csv
HLA,HLA,Hailun,2012,Leave_One_experiments\wth_generated_qc\HLA\HLA2012.WTH,wet_year;nitrogen_stress_year;low_response_year,wet,HLA2012_normal_grid_S0001,pareto_balanced,2012-07-19,201,82,77,"{""sim_day"": 82.0, ""doy"": 201.0, ""topwt"": 131.32225036621094, ""grnwt"": 0.0, ""xlai"": 0.0, ""totir"": 0.0, ""tofer"": NaN, ""swfac"": 0.0, ""nstres"": 0.2199859023094177}",0.0,0.2199859023094177,131.32225036621094,0.0,0.0,0.0,,0.0,0.0,0.0,0.0,0.0,0.0,Leave_One_experiments/all_year_offline_schedule_search/daily_outputs/HLA/HLA_2012_HLA2012_normal_grid_S0001_daily.csv
HLA,HLA,Hailun,2012,Leave_One_experiments\wth_generated_qc\HLA\HLA2012.WTH,wet_year;nitrogen_stress_year;low_response_year,wet,HLA2012_normal_grid_S0001,pareto_balanced,2012-07-20,202,83,78,"{""sim_day"": 83.0, ""doy"": 202.0, ""topwt"": 129.1599082946777, ""grnwt"": 0.0, ""xlai"": 0.0, ""totir"": 0.0, ""tofer"": NaN, ""swfac"": 0.0, ""nstres"": 0.1959560513496399}",0.0,0.1959560513496399,129.1599082946777,0.0,0.0,0.0,,0.0,0.0,0.0,0.0,0.0,0.0,Leave_One_experiments/all_year_offline_schedule_search/daily_outputs/HLA/HLA_2012_HLA2012_normal_grid_S0001_daily.csv
HLA,HLA,Hailun,2012,Leave_One_experiments\wth_generated_qc\HLA\HLA2012.WTH,wet_year;nitrogen_stress_year;low_response_year,wet,HLA2012_normal_grid_S0001,pareto_balanced,2012-07-21,203,84,79,"{""sim_day"": 84.0, ""doy"": 203.0, ""topwt"": 126.84451103210448, ""grnwt"": 0.0, ""xlai"": 0.0, ""totir"": 0.0, ""tofer"": NaN, ""swfac"": 0.0, ""nstres"": 0.1804252862930297}",0.0,0.1804252862930297,126.84451103210448,0.0,0.0,0.0,,0.0,0.0,0.0,0.0,0.0,0.0,Leave_One_experiments/all_year_offline_schedule_search/daily_outputs/HLA/HLA_2012_HLA2012_normal_grid_S0001_daily.csv
HLA,HLA,Hailun,2012,Leave_One_experiments\wth_generated_qc\HLA\HLA2012.WTH,wet_year;nitrogen_stress_year;low_response_year,wet,HLA2012_normal_grid_S0001,pareto_balanced,2012-07-22,204,85,80,"{""sim_day"": 85.0, ""doy"": 204.0, ""topwt"": 124.3606185913086, ""grnwt"": 0.0, ""xlai"": 0.0, ""totir"": 0.0, ""tofer"": NaN, ""swfac"": 0.0, ""nstres"": 0.1576753258705139}",0.0,0.1576753258705139,124.3606185913086,0.0,0.0,0.0,,0.0,0.0,0.0,0.0,0.0,0.0,Leave_One_experiments/all_year_offline_schedule_search/daily_outputs/HLA/HLA_2012_HLA2012_normal_grid_S0001_daily.csv
HLA,HLA,Hailun,2012,Leave_One_experiments\wth_generated_qc\HLA\HLA2012.WTH,wet_year;nitrogen_stress_year;low_response_year,wet,HLA2012_normal_grid_S0001,pareto_balanced,2012-07-23,205,86,81,"{""sim_day"": 86.0, ""doy"": 205.0, ""topwt"": 121.7188835144043, ""grnwt"": 0.0, ""xlai"": 0.0, ""totir"": 0.0, ""tofer"": NaN, ""swfac"": 0.0, ""nstres"": 0.1294529438018798}",0.0,0.1294529438018798,121.7188835144043,0.0,0.0,0.0,,0.0,0.0,0.0,0.0,0.0,0.0,Leave_One_experiments/all_year_offline_schedule_search/daily_outputs/HLA/HLA_2012_HLA2012_normal_grid_S0001_daily.csv
HLA,HLA,Hailun,2012,Leave_One_experiments\wth_generated_qc\HLA\HLA2012.WTH,wet_year;nitrogen_stress_year;low_response_year,wet,HLA2012_normal_grid_S0001,pareto_balanced,2012-07-24,206,87,82,"{""sim_day"": 87.0, ""doy"": 206.0, ""topwt"": 118.90972137451172, ""grnwt"": 0.0, ""xlai"": 0.0, ""totir"": 0.0, ""tofer"": NaN, ""swfac"": 0.0, ""nstres"": 0.1059777736663818}",0.0,0.1059777736663818,118.90972137451172,0.0,0.0,0.0,,0.0,0.0,0.0,0.0,0.0,0.0,Leave_One_experiments/all_year_offline_schedule_search/daily_outputs/HLA/HLA_2012_HLA2012_normal_grid_S0001_daily.csv
HLA,HLA,Hailun,2012,Leave_One_experiments\wth_generated_qc\HLA\HLA2012.WTH,wet_year;nitrogen_stress_year;low_response_year,wet,HLA2012_normal_grid_S0001,pareto_balanced,2012-07-25,207,88,83,"{""sim_day"": 88.0, ""doy"": 207.0, ""topwt"": 115.92083930969238, ""grnwt"": 0.0, ""xlai"": 0.0, ""totir"": 0.0, ""tofer"": NaN, ""swfac"": 0.0, ""nstres"": 0.0794086456298828}",0.0,0.0794086456298828,115.92083930969238,0.0,0.0,0.0,,0.0,0.0,0.0,0.0,0.0,0.0,Leave_One_experiments/all_year_offline_schedule_search/daily_outputs/HLA/HLA_2012_HLA2012_normal_grid_S0001_daily.csv
HLA,HLA,Hailun,2012,Leave_One_experiments\wth_generated_qc\HLA\HLA2012.WTH,wet_year;nitrogen_stress_year;low_response_year,wet,HLA2012_normal_grid_S0001,pareto_balanced,2012-07-26,208,89,84,"{""sim_day"": 89.0, ""doy"": 208.0, ""topwt"": 112.7805233001709, ""grnwt"": 0.0, ""xlai"": 0.0, ""totir"": 0.0, ""tofer"": NaN, ""swfac"": 0.0, ""nstres"": 0.045139193534851}",0.0,0.045139193534851,112.7805233001709,0.0,0.0,0.0,,0.0,0.0,0.0,0.0,0.0,0.0,Leave_One_experiments/all_year_offline_schedule_search/daily_outputs/HLA/HLA_2012_HLA2012_normal_grid_S0001_daily.csv
HLA,HLA,Hailun,2012,Leave_One_experiments\wth_generated_qc\HLA\HLA2012.WTH,wet_year;nitrogen_stress_year;low_response_year,wet,HLA2012_normal_grid_S0001,pareto_balanced,2012-07-27,209,90,85,"{""sim_day"": 90.0, ""doy"": 209.0, ""topwt"": 109.48450088500977, ""grnwt"": 0.0, ""xlai"": 0.0, ""totir"": 0.0, ""tofer"": NaN, ""swfac"": 0.0, ""nstres"": 0.0071901679039001}",0.0,0.0071901679039001,109.48450088500977,0.0,0.0,0.0,,0.0,0.0,0.0,0.0,0.0,0.0,Leave_One_experiments/all_year_offline_schedule_search/daily_outputs/HLA/HLA_2012_HLA2012_normal_grid_S0001_daily.csv
HLA,HLA,Hailun,2012,Leave_One_experiments\wth_generated_qc\HLA\HLA2012.WTH,wet_year;nitrogen_stress_year;low_response_year,wet,HLA2012_normal_grid_S0001,pareto_balanced,2012-07-28,210,91,86,"{""sim_day"": 91.0, ""doy"": 210.0, ""topwt"": 106.06956481933594, ""grnwt"": 0.0, ""xlai"": 0.0, ""totir"": 0.0, ""tofer"": NaN, ""swfac"": 0.0, ""nstres"": 0.0}",0.0,0.0,106.06956481933594,0.0,0.0,0.0,,0.0,0.0,0.0,0.0,0.0,0.0,Leave_One_experiments/all_year_offline_schedule_search/daily_outputs/HLA/HLA_2012_HLA2012_normal_grid_S0001_daily.csv
HLA,HLA,Hailun,2012,Leave_One_experiments\wth_generated_qc\HLA\HLA2012.WTH,wet_year;nitrogen_stress_year;low_response_year,wet,HLA2012_normal_grid_S0001,pareto_balanced,2012-07-29,211,92,87,"{""sim_day"": 92.0, ""doy"": 211.0, ""topwt"": 102.55918502807616, ""grnwt"": 0.0, ""xlai"": 0.0, ""totir"": 0.0, ""tofer"": NaN, ""swfac"": 0.0, ""nstres"": 0.0}",0.0,0.0,102.55918502807616,0.0,0.0,0.0,,0.0,0.0,0.0,0.0,0.0,0.0,Leave_One_experiments/all_year_offline_schedule_search/daily_outputs/HLA/HLA_2012_HLA2012_normal_grid_S0001_daily.csv
HLA,HLA,Hailun,2012,Leave_One_experiments\wth_generated_qc\HLA\HLA2012.WTH,wet_year;nitrogen_stress_year;low_response_year,wet,HLA2012_normal_grid_S0001,pareto_balanced,2012-07-30,212,93,88,"{""sim_day"": 93.0, ""doy"": 212.0, ""topwt"": 98.9256191253662, ""grnwt"": 0.0, ""xlai"": 0.0, ""totir"": 0.0, ""tofer"": NaN, ""swfac"": 0.0, ""nstres"": 0.0}",0.0,0.0,98.9256191253662,0.0,0.0,0.0,,0.0,0.0,0.0,0.0,0.0,0.0,Leave_One_experiments/all_year_offline_schedule_search/daily_outputs/HLA/HLA_2012_HLA2012_normal_grid_S0001_daily.csv
HLA,HLA,Hailun,2012,Leave_One_experiments\wth_generated_qc\HLA\HLA2012.WTH,wet_year;nitrogen_stress_year;low_response_year,wet,HLA2012_normal_grid_S0001,pareto_balanced,2012-07-31,213,94,89,"{""sim_day"": 94.0, ""doy"": 213.0, ""topwt"": 95.1699447631836, ""grnwt"": 0.0, ""xlai"": 0.0, ""totir"": 0.0, ""tofer"": NaN, ""swfac"": 0.0, ""nstres"": 0.0}",0.0,0.0,95.1699447631836,0.0,0.0,0.0,,0.0,0.0,0.0,0.0,0.0,0.0,Leave_One_experiments/all_year_offline_schedule_search/daily_outputs/HLA/HLA_2012_HLA2012_normal_grid_S0001_daily.csv
HLA,HLA,Hailun,2012,Leave_One_experiments\wth_generated_qc\HLA\HLA2012.WTH,wet_year;nitrogen_stress_year;low_response_year,wet,HLA2012_normal_grid_S0001,pareto_balanced,2012-08-01,214,95,90,"{""sim_day"": 95.0, ""doy"": 214.0, ""topwt"": 91.29749298095705, ""grnwt"": 0.0, ""xlai"": 0.0, ""totir"": 0.0, ""tofer"": NaN, ""swfac"": 0.0, ""nstres"": 0.0}",0.0,0.0,91.29749298095705,0.0,0.0,0.0,,0.0,0.0,0.0,0.0,0.0,0.0,Leave_One_experiments/all_year_offline_schedule_search/daily_outputs/HLA/HLA_2012_HLA2012_normal_grid_S0001_daily.csv
HLA,HLA,Hailun,2012,Leave_One_experiments\wth_generated_qc\HLA\HLA2012.WTH,wet_year;nitrogen_stress_year;low_response_year,wet,HLA2012_normal_grid_S0001,pareto_balanced,2012-08-02,215,96,91,"{""sim_day"": 96.0, ""doy"": 215.0, ""topwt"": 91.29749298095705, ""grnwt"": 0.0, ""xlai"": 0.0, ""totir"": 0.0, ""tofer"": NaN, ""swfac"": 0.0, ""nstres"": 0.0}",0.0,0.0,91.29749298095705,0.0,0.0,0.0,,0.0,0.0,0.0,0.0,0.0,0.0,Leave_One_experiments/all_year_offline_schedule_search/daily_outputs/HLA/HLA_2012_HLA2012_normal_grid_S0001_daily.csv
HLA,HLA,Hailun,2012,Leave_One_experiments\wth_generated_qc\HLA\HLA2012.WTH,wet_year;nitrogen_stress_year;low_response_year,wet,HLA2012_normal_grid_S0001,pareto_balanced,2012-08-03,216,97,92,"{""sim_day"": 97.0, ""doy"": 216.0, ""topwt"": 91.29749298095705, ""grnwt"": 0.0, ""xlai"": 0.0, ""totir"": 0.0, ""tofer"": NaN, ""swfac"": 0.0, ""nstres"": 0.0}",0.0,0.0,91.29749298095705,0.0,0.0,0.0,,0.0,0.0,0.0,0.0,0.0,0.0,Leave_One_experiments/all_year_offline_schedule_search/daily_outputs/HLA/HLA_2012_HLA2012_normal_grid_S0001_daily.csv
HLA,HLA,Hailun,2012,Leave_One_experiments\wth_generated_qc\HLA\HLA2012.WTH,wet_year;nitrogen_stress_year;low_response_year,wet,HLA2012_normal_grid_S0001,pareto_balanced,2012-08-04,217,98,93,"{""sim_day"": 98.0, ""doy"": 217.0, ""topwt"": 91.29749298095705, ""grnwt"": 0.0, ""xlai"": 0.0, ""totir"": 0.0, ""tofer"": NaN, ""swfac"": 0.0, ""nstres"": 0.0}",0.0,0.0,91.29749298095705,0.0,0.0,0.0,,0.0,0.0,0.0,0.0,0.0,0.0,Leave_One_experiments/all_year_offline_schedule_search/daily_outputs/HLA/HLA_2012_HLA2012_normal_grid_S0001_daily.csv
HLA,HLA,Hailun,2012,Leave_One_experiments\wth_generated_qc\HLA\HLA2012.WTH,wet_year;nitrogen_stress_year;low_response_year,wet,HLA2012_normal_grid_S0001,pareto_balanced,2012-08-05,218,99,94,"{""sim_day"": 99.0, ""doy"": 218.0, ""topwt"": 91.29749298095705, ""grnwt"": 0.0, ""xlai"": 0.0, ""totir"": 0.0, ""tofer"": NaN, ""swfac"": 0.0, ""nstres"": 0.0}",0.0,0.0,91.29749298095705,0.0,0.0,0.0,,0.0,0.0,0.0,0.0,0.0,0.0,Leave_One_experiments/all_year_offline_schedule_search/daily_outputs/HLA/HLA_2012_HLA2012_normal_grid_S0001_daily.csv
HLA,HLA,Hailun,2012,Leave_One_experiments\wth_generated_qc\HLA\HLA2012.WTH,wet_year;nitrogen_stress_year;low_response_year,wet,HLA2012_normal_grid_S0001,pareto_balanced,2012-08-06,219,100,95,"{""sim_day"": 100.0, ""doy"": 219.0, ""topwt"": 91.29749298095705, ""grnwt"": 0.0, ""xlai"": 0.0, ""totir"": 0.0, ""tofer"": NaN, ""swfac"": 0.0, ""nstres"": 0.0}",0.0,0.0,91.29749298095705,0.0,0.0,0.0,,0.0,0.0,0.0,0.0,0.0,0.0,Leave_One_experiments/all_year_offline_schedule_search/daily_outputs/HLA/HLA_2012_HLA2012_normal_grid_S0001_daily.csv
HLA,HLA,Hailun,2012,Leave_One_experiments\wth_generated_qc\HLA\HLA2012.WTH,wet_year;nitrogen_stress_year;low_response_year,wet,HLA2012_normal_grid_S0001,pareto_balanced,2012-08-07,220,101,96,"{""sim_day"": 101.0, ""doy"": 220.0, ""topwt"": 91.29749298095705, ""grnwt"": 0.0, ""xlai"": 0.0, ""totir"": 0.0, ""tofer"": NaN, ""swfac"": 0.0, ""nstres"": 0.0}",0.0,0.0,91.29749298095705,0.0,0.0,0.0,,0.0,0.0,0.0,0.0,0.0,0.0,Leave_One_experiments/all_year_offline_schedule_search/daily_outputs/HLA/HLA_2012_HLA2012_normal_grid_S0001_daily.csv
HLA,HLA,Hailun,2012,Leave_One_experiments\wth_generated_qc\HLA\HLA2012.WTH,wet_year;nitrogen_stress_year;low_response_year,wet,HLA2012_normal_grid_S0001,pareto_balanced,2012-08-08,221,102,97,"{""sim_day"": 102.0, ""doy"": 221.0, ""topwt"": 91.29749298095705, ""grnwt"": 0.0, ""xlai"": 0.0, ""totir"": 0.0, ""tofer"": NaN, ""swfac"": 0.0, ""nstres"": 0.0}",0.0,0.0,91.29749298095705,0.0,0.0,0.0,,0.0,0.0,0.0,0.0,0.0,0.0,Leave_One_experiments/all_year_offline_schedule_search/daily_outputs/HLA/HLA_2012_HLA2012_normal_grid_S0001_daily.csv
HLA,HLA,Hailun,2012,Leave_One_experiments\wth_generated_qc\HLA\HLA2012.WTH,wet_year;nitrogen_stress_year;low_response_year,wet,HLA2012_normal_grid_S0001,pareto_balanced,2012-08-09,222,103,98,"{""sim_day"": 103.0, ""doy"": 222.0, ""topwt"": 91.29749298095705, ""grnwt"": 0.0, ""xlai"": 0.0, ""totir"": 0.0, ""tofer"": NaN, ""swfac"": 0.0, ""nstres"": 0.0}",0.0,0.0,91.29749298095705,0.0,0.0,0.0,,0.0,0.0,0.0,0.0,0.0,0.0,Leave_One_experiments/all_year_offline_schedule_search/daily_outputs/HLA/HLA_2012_HLA2012_normal_grid_S0001_daily.csv
HLA,HLA,Hailun,2012,Leave_One_experiments\wth_generated_qc\HLA\HLA2012.WTH,wet_year;nitrogen_stress_year;low_response_year,wet,HLA2012_normal_grid_S0001,pareto_balanced,2012-08-10,223,104,99,"{""sim_day"": 104.0, ""doy"": 223.0, ""topwt"": 91.29749298095705, ""grnwt"": 0.0, ""xlai"": 0.0, ""totir"": 0.0, ""tofer"": NaN, ""swfac"": 0.0, ""nstres"": 0.0}",0.0,0.0,91.29749298095705,0.0,0.0,0.0,,0.0,0.0,0.0,0.0,0.0,0.0,Leave_One_experiments/all_year_offline_schedule_search/daily_outputs/HLA/HLA_2012_HLA2012_normal_grid_S0001_daily.csv
HLA,HLA,Hailun,2015,Leave_One_experiments\wth_generated_qc\HLA\HLA2015.WTH,dry_year;nitrogen_stress_year;low_response_year,dry,HLA2015_normal_grid_S0013,irrigation_positive_candidate,2015-05-05,125,1,1,"{""sim_day"": 1.0, ""doy"": 125.0, ""topwt"": 0.0, ""grnwt"": 0.0, ""xlai"": 0.0, ""totir"": 0.0, ""tofer"": NaN, ""swfac"": 0.0, ""nstres"": 0.0}",0.0,0.0,0.0,0.0,0.0,0.0,,0.0,50.0,30.0,150.0,10.366528320312504,22.366528320312504,Leave_One_experiments/all_year_offline_schedule_search/daily_outputs/HLA/HLA_2015_HLA2015_normal_grid_S0013_daily.csv
HLA,HLA,Hailun,2015,Leave_One_experiments\wth_generated_qc\HLA\HLA2015.WTH,dry_year;nitrogen_stress_year;low_response_year,dry,HLA2015_normal_grid_S0013,irrigation_positive_candidate,2015-05-06,126,2,2,"{""sim_day"": 2.0, ""doy"": 126.0, ""topwt"": 0.0, ""grnwt"": 0.0, ""xlai"": 0.0, ""totir"": 0.0, ""tofer"": NaN, ""swfac"": 0.0, ""nstres"": 0.0}",0.0,0.0,0.0,0.0,0.0,0.0,,0.0,0.0,30.0,150.0,10.366528320312504,22.366528320312504,Leave_One_experiments/all_year_offline_schedule_search/daily_outputs/HLA/HLA_2015_HLA2015_normal_grid_S0013_daily.csv
HLA,HLA,Hailun,2015,Leave_One_experiments\wth_generated_qc\HLA\HLA2015.WTH,dry_year;nitrogen_stress_year;low_response_year,dry,HLA2015_normal_grid_S0013,irrigation_positive_candidate,2015-05-07,127,3,3,"{""sim_day"": 3.0, ""doy"": 127.0, ""topwt"": 0.0, ""grnwt"": 0.0, ""xlai"": 0.0, ""totir"": 0.0, ""tofer"": NaN, ""swfac"": 0.0, ""nstres"": 0.0}",0.0,0.0,0.0,0.0,0.0,0.0,,0.0,0.0,30.0,150.0,10.366528320312504,22.366528320312504,Leave_One_experiments/all_year_offline_schedule_search/daily_outputs/HLA/HLA_2015_HLA2015_normal_grid_S0013_daily.csv
HLA,HLA,Hailun,2015,Leave_One_experiments\wth_generated_qc\HLA\HLA2015.WTH,dry_year;nitrogen_stress_year;low_response_year,dry,HLA2015_normal_grid_S0013,irrigation_positive_candidate,2015-05-08,128,4,4,"{""sim_day"": 4.0, ""doy"": 128.0, ""topwt"": 0.0, ""grnwt"": 0.0, ""xlai"": 0.0, ""totir"": 0.0, ""tofer"": NaN, ""swfac"": 0.0, ""nstres"": 0.0}",0.0,0.0,0.0,0.0,0.0,0.0,,0.0,0.0,30.0,150.0,10.366528320312504,22.366528320312504,Leave_One_experiments/all_year_offline_schedule_search/daily_outputs/HLA/HLA_2015_HLA2015_normal_grid_S0013_daily.csv
HLA,HLA,Hailun,2015,Leave_One_experiments\wth_generated_qc\HLA\HLA2015.WTH,dry_year;nitrogen_stress_year;low_response_year,dry,HLA2015_normal_grid_S0013,irrigation_positive_candidate,2015-05-09,129,5,5,"{""sim_day"": 5.0, ""doy"": 129.0, ""topwt"": 0.0, ""grnwt"": 0.0, ""xlai"": 0.0, ""totir"": 0.0, ""tofer"": NaN, ""swfac"": 0.0, ""nstres"": 0.0}",0.0,0.0,0.0,0.0,0.0,0.0,,0.0,0.0,30.0,150.0,10.366528320312504,22.366528320312504,Leave_One_experiments/all_year_offline_schedule_search/daily_outputs/HLA/HLA_2015_HLA2015_normal_grid_S0013_daily.csv
HLA,HLA,Hailun,2015,Leave_One_experiments\wth_generated_qc\HLA\HLA2015.WTH,dry_year;nitrogen_stress_year;low_response_year,dry,HLA2015_normal_grid_S0013,irrigation_positive_candidate,2015-05-05,125,6,1,"{""sim_day"": 6.0, ""doy"": 125.0, ""topwt"": 0.0, ""grnwt"": 0.0, ""xlai"": 0.0, ""totir"": 0.0, ""tofer"": NaN, ""swfac"": 0.0, ""nstres"": 0.0}",0.0,0.0,0.0,0.0,0.0,0.0,,0.0,0.0,30.0,150.0,10.366528320312504,22.366528320312504,Leave_One_experiments/all_year_offline_schedule_search/daily_outputs/HLA/HLA_2015_HLA2015_normal_grid_S0013_daily.csv
HLA,HLA,Hailun,2015,Leave_One_experiments\wth_generated_qc\HLA\HLA2015.WTH,dry_year;nitrogen_stress_year;low_response_year,dry,HLA2015_normal_grid_S0013,irrigation_positive_candidate,2015-05-06,126,7,2,"{""sim_day"": 7.0, ""doy"": 126.0, ""topwt"": 0.0, ""grnwt"": 0.0, ""xlai"": 0.0, ""totir"": 0.0, ""tofer"": NaN, ""swfac"": 0.0, ""nstres"": 0.0}",0.0,0.0,0.0,0.0,0.0,0.0,,0.0,0.0,30.0,150.0,10.366528320312504,22.366528320312504,Leave_One_experiments/all_year_offline_schedule_search/daily_outputs/HLA/HLA_2015_HLA2015_normal_grid_S0013_daily.csv
HLA,HLA,Hailun,2015,Leave_One_experiments\wth_generated_qc\HLA\HLA2015.WTH,dry_year;nitrogen_stress_year;low_response_year,dry,HLA2015_normal_grid_S0013,irrigation_positive_candidate,2015-05-07,127,8,3,"{""sim_day"": 8.0, ""doy"": 127.0, ""topwt"": 0.0, ""grnwt"": 0.0, ""xlai"": 0.0, ""totir"": 0.0, ""tofer"": NaN, ""swfac"": 0.0, ""nstres"": 0.0}",0.0,0.0,0.0,0.0,0.0,0.0,,0.0,0.0,30.0,150.0,10.366528320312504,22.366528320312504,Leave_One_experiments/all_year_offline_schedule_search/daily_outputs/HLA/HLA_2015_HLA2015_normal_grid_S0013_daily.csv
HLA,HLA,Hailun,2015,Leave_One_experiments\wth_generated_qc\HLA\HLA2015.WTH,dry_year;nitrogen_stress_year;low_response_year,dry,HLA2015_normal_grid_S0013,irrigation_positive_candidate,2015-05-08,128,9,4,"{""sim_day"": 9.0, ""doy"": 128.0, ""topwt"": 0.0, ""grnwt"": 0.0, ""xlai"": 0.0, ""totir"": 0.0, ""tofer"": NaN, ""swfac"": 0.0, ""nstres"": 0.0}",0.0,0.0,0.0,0.0,0.0,0.0,,0.0,0.0,30.0,150.0,10.366528320312504,22.366528320312504,Leave_One_experiments/all_year_offline_schedule_search/daily_outputs/HLA/HLA_2015_HLA2015_normal_grid_S0013_daily.csv
HLA,HLA,Hailun,2015,Leave_One_experiments\wth_generated_qc\HLA\HLA2015.WTH,dry_year;nitrogen_stress_year;low_response_year,dry,HLA2015_normal_grid_S0013,irrigation_positive_candidate,2015-05-09,129,10,5,"{""sim_day"": 10.0, ""doy"": 129.0, ""topwt"": 0.0, ""grnwt"": 0.0, ""xlai"": 0.0, ""totir"": 0.0, ""tofer"": NaN, ""swfac"": 0.0, ""nstres"": 0.0}",0.0,0.0,0.0,0.0,0.0,0.0,,0.0,0.0,30.0,150.0,10.366528320312504,22.366528320312504,Leave_One_experiments/all_year_offline_schedule_search/daily_outputs/HLA/HLA_2015_HLA2015_normal_grid_S0013_daily.csv
HLA,HLA,Hailun,2015,Leave_One_experiments\wth_generated_qc\HLA\HLA2015.WTH,dry_year;nitrogen_stress_year;low_response_year,dry,HLA2015_normal_grid_S0013,irrigation_positive_candidate,2015-05-10,130,11,6,"{""sim_day"": 11.0, ""doy"": 130.0, ""topwt"": 0.0, ""grnwt"": 0.0, ""xlai"": 0.0, ""totir"": 0.0, ""tofer"": NaN, ""swfac"": 0.0, ""nstres"": 0.0}",0.0,0.0,0.0,0.0,0.0,0.0,,0.0,0.0,30.0,150.0,10.366528320312504,22.366528320312504,Leave_One_experiments/all_year_offline_schedule_search/daily_outputs/HLA/HLA_2015_HLA2015_normal_grid_S0013_daily.csv
HLA,HLA,Hailun,2015,Leave_One_experiments\wth_generated_qc\HLA\HLA2015.WTH,dry_year;nitrogen_stress_year;low_response_year,dry,HLA2015_normal_grid_S0013,irrigation_positive_candidate,2015-05-11,131,12,7,"{""sim_day"": 12.0, ""doy"": 131.0, ""topwt"": 0.0, ""grnwt"": 0.0, ""xlai"": 0.0, ""totir"": 0.0, ""tofer"": NaN, ""swfac"": 0.0, ""nstres"": 0.0}",0.0,0.0,0.0,0.0,0.0,0.0,,0.0,0.0,30.0,150.0,10.366528320312504,22.366528320312504,Leave_One_experiments/all_year_offline_schedule_search/daily_outputs/HLA/HLA_2015_HLA2015_normal_grid_S0013_daily.csv
HLA,HLA,Hailun,2015,Leave_One_experiments\wth_generated_qc\HLA\HLA2015.WTH,dry_year;nitrogen_stress_year;low_response_year,dry,HLA2015_normal_grid_S0013,irrigation_positive_candidate,2015-05-12,132,13,8,"{""sim_day"": 13.0, ""doy"": 132.0, ""topwt"": 0.0, ""grnwt"": 0.0, ""xlai"": 0.0, ""totir"": 0.0, ""tofer"": NaN, ""swfac"": 0.0, ""nstres"": 0.0}",0.0,0.0,0.0,0.0,0.0,0.0,,0.0,0.0,30.0,150.0,10.366528320312504,22.366528320312504,Leave_One_experiments/all_year_offline_schedule_search/daily_outputs/HLA/HLA_2015_HLA2015_normal_grid_S0013_daily.csv
HLA,HLA,Hailun,2015,Leave_One_experiments\wth_generated_qc\HLA\HLA2015.WTH,dry_year;nitrogen_stress_year;low_response_year,dry,HLA2015_normal_grid_S0013,irrigation_positive_candidate,2015-05-13,133,14,9,"{""sim_day"": 14.0, ""doy"": 133.0, ""topwt"": 0.0, ""grnwt"": 0.0, ""xlai"": 0.0, ""totir"": 0.0, ""tofer"": NaN, ""swfac"": 0.0, ""nstres"": 0.0}",0.0,0.0,0.0,0.0,0.0,0.0,,0.0,0.0,30.0,150.0,10.366528320312504,22.366528320312504,Leave_One_experiments/all_year_offline_schedule_search/daily_outputs/HLA/HLA_2015_HLA2015_normal_grid_S0013_daily.csv
HLA,HLA,Hailun,2015,Leave_One_experiments\wth_generated_qc\HLA\HLA2015.WTH,dry_year;nitrogen_stress_year;low_response_year,dry,HLA2015_normal_grid_S0013,irrigation_positive_candidate,2015-05-14,134,15,10,"{""sim_day"": 15.0, ""doy"": 134.0, ""topwt"": 0.0, ""grnwt"": 0.0, ""xlai"": 0.0, ""totir"": 0.0, ""tofer"": NaN, ""swfac"": 0.0, ""nstres"": 0.0}",0.0,0.0,0.0,0.0,0.0,0.0,,0.0,0.0,30.0,150.0,10.366528320312504,22.366528320312504,Leave_One_experiments/all_year_offline_schedule_search/daily_outputs/HLA/HLA_2015_HLA2015_normal_grid_S0013_daily.csv
HLA,HLA,Hailun,2015,Leave_One_experiments\wth_generated_qc\HLA\HLA2015.WTH,dry_year;nitrogen_stress_year;low_response_year,dry,HLA2015_normal_grid_S0013,irrigation_positive_candidate,2015-05-15,135,16,11,"{""sim_day"": 16.0, ""doy"": 135.0, ""topwt"": 0.0, ""grnwt"": 0.0, ""xlai"": 0.0, ""totir"": 0.0, ""tofer"": NaN, ""swfac"": 0.0, ""nstres"": 0.0}",0.0,0.0,0.0,0.0,0.0,0.0,,0.0,0.0,30.0,150.0,10.366528320312504,22.366528320312504,Leave_One_experiments/all_year_offline_schedule_search/daily_outputs/HLA/HLA_2015_HLA2015_normal_grid_S0013_daily.csv
HLA,HLA,Hailun,2015,Leave_One_experiments\wth_generated_qc\HLA\HLA2015.WTH,dry_year;nitrogen_stress_year;low_response_year,dry,HLA2015_normal_grid_S0013,irrigation_positive_candidate,2015-05-16,136,17,12,"{""sim_day"": 17.0, ""doy"": 136.0, ""topwt"": 0.0, ""grnwt"": 0.0, ""xlai"": 0.0, ""totir"": 0.0, ""tofer"": NaN, ""swfac"": 0.0, ""nstres"": 0.0}",0.0,0.0,0.0,0.0,0.0,0.0,,0.0,0.0,30.0,150.0,10.366528320312504,22.366528320312504,Leave_One_experiments/all_year_offline_schedule_search/daily_outputs/HLA/HLA_2015_HLA2015_normal_grid_S0013_daily.csv
HLA,HLA,Hailun,2015,Leave_One_experiments\wth_generated_qc\HLA\HLA2015.WTH,dry_year;nitrogen_stress_year;low_response_year,dry,HLA2015_normal_grid_S0013,irrigation_positive_candidate,2015-05-17,137,18,13,"{""sim_day"": 18.0, ""doy"": 137.0, ""topwt"": 0.0, ""grnwt"": 0.0, ""xlai"": 0.0, ""totir"": 0.0, ""tofer"": NaN, ""swfac"": 0.0, ""nstres"": 0.0}",0.0,0.0,0.0,0.0,0.0,0.0,,0.0,0.0,30.0,150.0,10.366528320312504,22.366528320312504,Leave_One_experiments/all_year_offline_schedule_search/daily_outputs/HLA/HLA_2015_HLA2015_normal_grid_S0013_daily.csv
HLA,HLA,Hailun,2015,Leave_One_experiments\wth_generated_qc\HLA\HLA2015.WTH,dry_year;nitrogen_stress_year;low_response_year,dry,HLA2015_normal_grid_S0013,irrigation_positive_candidate,2015-05-18,138,19,14,"{""sim_day"": 19.0, ""doy"": 138.0, ""topwt"": 0.0, ""grnwt"": 0.0, ""xlai"": 0.0, ""totir"": 0.0, ""tofer"": NaN, ""swfac"": 0.0, ""nstres"": 0.0}",0.0,0.0,0.0,0.0,0.0,0.0,,0.0,0.0,30.0,150.0,10.366528320312504,22.366528320312504,Leave_One_experiments/all_year_offline_schedule_search/daily_outputs/HLA/HLA_2015_HLA2015_normal_grid_S0013_daily.csv
HLA,HLA,Hailun,2015,Leave_One_experiments\wth_generated_qc\HLA\HLA2015.WTH,dry_year;nitrogen_stress_year;low_response_year,dry,HLA2015_normal_grid_S0013,irrigation_positive_candidate,2015-05-19,139,20,15,"{""sim_day"": 20.0, ""doy"": 139.0, ""topwt"": 0.0, ""grnwt"": 0.0, ""xlai"": 0.0, ""totir"": 0.0, ""tofer"": NaN, ""swfac"": 0.0, ""nstres"": 0.0}",0.0,0.0,0.0,0.0,0.0,0.0,,0.0,0.0,30.0,150.0,10.366528320312504,22.366528320312504,Leave_One_experiments/all_year_offline_schedule_search/daily_outputs/HLA/HLA_2015_HLA2015_normal_grid_S0013_daily.csv
HLA,HLA,Hailun,2015,Leave_One_experiments\wth_generated_qc\HLA\HLA2015.WTH,dry_year;nitrogen_stress_year;low_response_year,dry,HLA2015_normal_grid_S0013,irrigation_positive_candidate,2015-05-20,140,21,16,"{""sim_day"": 21.0, ""doy"": 140.0, ""topwt"": 0.0, ""grnwt"": 0.0, ""xlai"": 0.0, ""totir"": 0.0, ""tofer"": NaN, ""swfac"": 0.0, ""nstres"": 0.0}",0.0,0.0,0.0,0.0,0.0,0.0,,0.0,0.0,30.0,150.0,10.366528320312504,22.366528320312504,Leave_One_experiments/all_year_offline_schedule_search/daily_outputs/HLA/HLA_2015_HLA2015_normal_grid_S0013_daily.csv
HLA,HLA,Hailun,2015,Leave_One_experiments\wth_generated_qc\HLA\HLA2015.WTH,dry_year;nitrogen_stress_year;low_response_year,dry,HLA2015_normal_grid_S0013,irrigation_positive_candidate,2015-05-21,141,22,17,"{""sim_day"": 22.0, ""doy"": 141.0, ""topwt"": 0.0, ""grnwt"": 0.0, ""xlai"": 0.0, ""totir"": 0.0, ""tofer"": NaN, ""swfac"": 0.0, ""nstres"": 0.0}",0.0,0.0,0.0,0.0,0.0,0.0,,0.0,0.0,30.0,150.0,10.366528320312504,22.366528320312504,Leave_One_experiments/all_year_offline_schedule_search/daily_outputs/HLA/HLA_2015_HLA2015_normal_grid_S0013_daily.csv
HLA,HLA,Hailun,2015,Leave_One_experiments\wth_generated_qc\HLA\HLA2015.WTH,dry_year;nitrogen_stress_year;low_response_year,dry,HLA2015_normal_grid_S0013,irrigation_positive_candidate,2015-05-22,142,23,18,"{""sim_day"": 23.0, ""doy"": 142.0, ""topwt"": 20.0, ""grnwt"": 0.0, ""xlai"": 0.0019517545588314, ""totir"": 0.0, ""tofer"": NaN, ""swfac"": 0.0, ""nstres"": 0.0121910572052001}",0.0,0.0121910572052001,20.0,0.0,0.0019517545588314,0.0,,0.0,0.0,30.0,150.0,10.366528320312504,22.366528320312504,Leave_One_experiments/all_year_offline_schedule_search/daily_outputs/HLA/HLA_2015_HLA2015_normal_grid_S0013_daily.csv
HLA,HLA,Hailun,2015,Leave_One_experiments\wth_generated_qc\HLA\HLA2015.WTH,dry_year;nitrogen_stress_year;low_response_year,dry,HLA2015_normal_grid_S0013,irrigation_positive_candidate,2015-05-23,143,24,19,"{""sim_day"": 24.0, ""doy"": 143.0, ""topwt"": 20.0, ""grnwt"": 0.0, ""xlai"": 0.0042526642791926, ""totir"": 0.0, ""tofer"": NaN, ""swfac"": 0.0, ""nstres"": 0.01454758644104}",0.0,0.01454758644104,20.0,0.0,0.0042526642791926,0.0,,0.0,0.0,30.0,150.0,10.366528320312504,22.366528320312504,Leave_One_experiments/all_year_offline_schedule_search/daily_outputs/HLA/HLA_2015_HLA2015_normal_grid_S0013_daily.csv
HLA,HLA,Hailun,2015,Leave_One_experiments\wth_generated_qc\HLA\HLA2015.WTH,dry_year;nitrogen_stress_year;low_response_year,dry,HLA2015_normal_grid_S0013,irrigation_positive_candidate,2015-05-24,144,25,20,"{""sim_day"": 25.0, ""doy"": 144.0, ""topwt"": 20.0, ""grnwt"": 0.0, ""xlai"": 0.0052991057746112, ""totir"": 0.0, ""tofer"": NaN, ""swfac"": 0.0, ""nstres"": 0.0123004913330078}",0.0,0.0123004913330078,20.0,0.0,0.0052991057746112,0.0,,0.0,0.0,30.0,150.0,10.366528320312504,22.366528320312504,Leave_One_experiments/all_year_offline_schedule_search/daily_outputs/HLA/HLA_2015_HLA2015_normal_grid_S0013_daily.csv
HLA,HLA,Hailun,2015,Leave_One_experiments\wth_generated_qc\HLA\HLA2015.WTH,dry_year;nitrogen_stress_year;low_response_year,dry,HLA2015_normal_grid_S0013,irrigation_positive_candidate,2015-05-25,145,26,21,"{""sim_day"": 26.0, ""doy"": 145.0, ""topwt"": 20.0, ""grnwt"": 0.0, ""xlai"": 0.0066870832815766, ""totir"": 0.0, ""tofer"": NaN, ""swfac"": 0.0, ""nstres"": 0.0095220208168029}",0.0,0.0095220208168029,20.0,0.0,0.0066870832815766,0.0,,0.0,0.0,30.0,150.0,10.366528320312504,22.366528320312504,Leave_One_experiments/all_year_offline_schedule_search/daily_outputs/HLA/HLA_2015_HLA2015_normal_grid_S0013_daily.csv
HLA,HLA,Hailun,2015,Leave_One_experiments\wth_generated_qc\HLA\HLA2015.WTH,dry_year;nitrogen_stress_year;low_response_year,dry,HLA2015_normal_grid_S0013,irrigation_positive_candidate,2015-05-26,146,27,22,"{""sim_day"": 27.0, ""doy"": 146.0, ""topwt"": 20.0, ""grnwt"": 0.0, ""xlai"": 0.0091514894738793, ""totir"": 0.0, ""tofer"": NaN, ""swfac"": 0.0, ""nstres"": 0.0050685405731201}",0.0,0.0050685405731201,20.0,0.0,0.0091514894738793,0.0,,0.0,0.0,30.0,150.0,10.366528320312504,22.366528320312504,Leave_One_experiments/all_year_offline_schedule_search/daily_outputs/HLA/HLA_2015_HLA2015_normal_grid_S0013_daily.csv
HLA,HLA,Hailun,2015,Leave_One_experiments\wth_generated_qc\HLA\HLA2015.WTH,dry_year;nitrogen_stress_year;low_response_year,dry,HLA2015_normal_grid_S0013,irrigation_positive_candidate,2015-05-27,147,28,23,"{""sim_day"": 28.0, ""doy"": 147.0, ""topwt"": 20.0, ""grnwt"": 0.0, ""xlai"": 0.0117484796792268, ""totir"": 0.0, ""tofer"": NaN, ""swfac"": 0.0, ""nstres"": 0.0006848573684692}",0.0,0.0006848573684692,20.0,0.0,0.0117484796792268,0.0,,0.0,0.0,30.0,150.0,10.366528320312504,22.366528320312504,Leave_One_experiments/all_year_offline_schedule_search/daily_outputs/HLA/HLA_2015_HLA2015_normal_grid_S0013_daily.csv
HLA,HLA,Hailun,2015,Leave_One_experiments\wth_generated_qc\HLA\HLA2015.WTH,dry_year;nitrogen_stress_year;low_response_year,dry,HLA2015_normal_grid_S0013,irrigation_positive_candidate,2015-05-28,148,29,24,"{""sim_day"": 29.0, ""doy"": 148.0, ""topwt"": 20.0, ""grnwt"": 0.0, ""xlai"": 0.0149262603372335, ""totir"": 0.0, ""tofer"": NaN, ""swfac"": 0.0, ""nstres"": 0.0}",0.0,0.0,20.0,0.0,0.0149262603372335,0.0,,0.0,0.0,30.0,150.0,10.366528320312504,22.366528320312504,Leave_One_experiments/all_year_offline_schedule_search/daily_outputs/HLA/HLA_2015_HLA2015_normal_grid_S0013_daily.csv
HLA,HLA,Hailun,2015,Leave_One_experiments\wth_generated_qc\HLA\HLA2015.WTH,dry_year;nitrogen_stress_year;low_response_year,dry,HLA2015_normal_grid_S0013,irrigation_positive_candidate,2015-05-29,149,30,25,"{""sim_day"": 30.0, ""doy"": 149.0, ""topwt"": 20.0, ""grnwt"": 0.0, ""xlai"": 0.0212068930268287, ""totir"": 0.0, ""tofer"": NaN, ""swfac"": 0.0, ""nstres"": 0.0}",0.0,0.0,20.0,0.0,0.0212068930268287,0.0,,0.0,0.0,30.0,150.0,10.366528320312504,22.366528320312504,Leave_One_experiments/all_year_offline_schedule_search/daily_outputs/HLA/HLA_2015_HLA2015_normal_grid_S0013_daily.csv
HLA,HLA,Hailun,2015,Leave_One_experiments\wth_generated_qc\HLA\HLA2015.WTH,dry_year;nitrogen_stress_year;low_response_year,dry,HLA2015_normal_grid_S0013,irrigation_positive_candidate,2015-05-30,150,31,26,"{""sim_day"": 31.0, ""doy"": 150.0, ""topwt"": 20.0, ""grnwt"": 0.0, ""xlai"": 0.0287809111177921, ""totir"": 0.0, ""tofer"": NaN, ""swfac"": 0.0, ""nstres"": 0.0}",0.0,0.0,20.0,0.0,0.0287809111177921,0.0,,0.0,0.0,30.0,150.0,10.366528320312504,22.366528320312504,Leave_One_experiments/all_year_offline_schedule_search/daily_outputs/HLA/HLA_2015_HLA2015_normal_grid_S0013_daily.csv
HLA,HLA,Hailun,2015,Leave_One_experiments\wth_generated_qc\HLA\HLA2015.WTH,dry_year;nitrogen_stress_year;low_response_year,dry,HLA2015_normal_grid_S0013,irrigation_positive_candidate,2015-05-31,151,32,27,"{""sim_day"": 32.0, ""doy"": 151.0, ""topwt"": 20.726678371429443, ""grnwt"": 0.0, ""xlai"": 0.0362971499562263, ""totir"": 0.0, ""tofer"": NaN, ""swfac"": 0.0, ""nstres"": 0.0}",0.0,0.0,20.726678371429443,0.0,0.0362971499562263,0.0,,0.0,0.0,30.0,150.0,10.366528320312504,22.366528320312504,Leave_One_experiments/all_year_offline_schedule_search/daily_outputs/HLA/HLA_2015_HLA2015_normal_grid_S0013_daily.csv
HLA,HLA,Hailun,2015,Leave_One_experiments\wth_generated_qc\HLA\HLA2015.WTH,dry_year;nitrogen_stress_year;low_response_year,dry,HLA2015_normal_grid_S0013,irrigation_positive_candidate,2015-06-01,152,33,28,"{""sim_day"": 33.0, ""doy"": 152.0, ""topwt"": 23.977515697479248, ""grnwt"": 0.0, ""xlai"": 0.0448262766003608, ""totir"": 0.0, ""tofer"": NaN, ""swfac"": 0.0, ""nstres"": 0.0}",0.0,0.0,23.977515697479248,0.0,0.0448262766003608,0.0,,0.0,0.0,30.0,150.0,10.366528320312504,22.366528320312504,Leave_One_experiments/all_year_offline_schedule_search/daily_outputs/HLA/HLA_2015_HLA2015_normal_grid_S0013_daily.csv
HLA,HLA,Hailun,2015,Leave_One_experiments\wth_generated_qc\HLA\HLA2015.WTH,dry_year;nitrogen_stress_year;low_response_year,dry,HLA2015_normal_grid_S0013,irrigation_positive_candidate,2015-06-02,153,34,29,"{""sim_day"": 34.0, ""doy"": 153.0, ""topwt"": 28.848648071289062, ""grnwt"": 0.0, ""xlai"": 0.0568868331611156, ""totir"": 0.0, ""tofer"": NaN, ""swfac"": 0.0, ""nstres"": 0.0}",0.0,0.0,28.848648071289062,0.0,0.0568868331611156,0.0,,0.0,0.0,30.0,150.0,10.366528320312504,22.366528320312504,Leave_One_experiments/all_year_offline_schedule_search/daily_outputs/HLA/HLA_2015_HLA2015_normal_grid_S0013_daily.csv
HLA,HLA,Hailun,2015,Leave_One_experiments\wth_generated_qc\HLA\HLA2015.WTH,dry_year;nitrogen_stress_year;low_response_year,dry,HLA2015_normal_grid_S0013,irrigation_positive_candidate,2015-06-03,154,35,30,"{""sim_day"": 35.0, ""doy"": 154.0, ""topwt"": 35.39210319519043, ""grnwt"": 0.0, ""xlai"": 0.072124995291233, ""totir"": 0.0, ""tofer"": NaN, ""swfac"": 0.0, ""nstres"": 0.0}",0.0,0.0,35.39210319519043,0.0,0.072124995291233,0.0,,0.0,50.0,30.0,150.0,10.366528320312504,22.366528320312504,Leave_One_experiments/all_year_offline_schedule_search/daily_outputs/HLA/HLA_2015_HLA2015_normal_grid_S0013_daily.csv
HLA,HLA,Hailun,2015,Leave_One_experiments\wth_generated_qc\HLA\HLA2015.WTH,dry_year;nitrogen_stress_year;low_response_year,dry,HLA2015_normal_grid_S0013,irrigation_positive_candidate,2015-06-04,155,36,31,"{""sim_day"": 36.0, ""doy"": 155.0, ""topwt"": 41.76493644714356, ""grnwt"": 0.0, ""xlai"": 0.0861963257193565, ""totir"": 0.0, ""tofer"": NaN, ""swfac"": 0.0, ""nstres"": 0.0}",0.0,0.0,41.76493644714356,0.0,0.0861963257193565,0.0,,0.0,0.0,30.0,150.0,10.366528320312504,22.366528320312504,Leave_One_experiments/all_year_offline_schedule_search/daily_outputs/HLA/HLA_2015_HLA2015_normal_grid_S0013_daily.csv
HLA,HLA,Hailun,2015,Leave_One_experiments\wth_generated_qc\HLA\HLA2015.WTH,dry_year;nitrogen_stress_year;low_response_year,dry,HLA2015_normal_grid_S0013,irrigation_positive_candidate,2015-06-05,156,37,32,"{""sim_day"": 37.0, ""doy"": 156.0, ""topwt"": 46.28744602203369, ""grnwt"": 0.0, ""xlai"": 0.0958240628242492, ""totir"": 0.0, ""tofer"": NaN, ""swfac"": 0.0, ""nstres"": 0.0}",0.0,0.0,46.28744602203369,0.0,0.0958240628242492,0.0,,0.0,0.0,30.0,150.0,10.366528320312504,22.366528320312504,Leave_One_experiments/all_year_offline_schedule_search/daily_outputs/HLA/HLA_2015_HLA2015_normal_grid_S0013_daily.csv
HLA,HLA,Hailun,2015,Leave_One_experiments\wth_generated_qc\HLA\HLA2015.WTH,dry_year;nitrogen_stress_year;low_response_year,dry,HLA2015_normal_grid_S0013,irrigation_positive_candidate,2015-06-06,157,38,33,"{""sim_day"": 38.0, ""doy"": 157.0, ""topwt"": 50.94032287597656, ""grnwt"": 0.0, ""xlai"": 0.105472519993782, ""totir"": 0.0, ""tofer"": NaN, ""swfac"": 0.0, ""nstres"": 0.0}",0.0,0.0,50.94032287597656,0.0,0.105472519993782,0.0,,0.0,0.0,30.0,150.0,10.366528320312504,22.366528320312504,Leave_One_experiments/all_year_offline_schedule_search/daily_outputs/HLA/HLA_2015_HLA2015_normal_grid_S0013_daily.csv
HLA,HLA,Hailun,2015,Leave_One_experiments\wth_generated_qc\HLA\HLA2015.WTH,dry_year;nitrogen_stress_year;low_response_year,dry,HLA2015_normal_grid_S0013,irrigation_positive_candidate,2015-06-07,158,39,34,"{""sim_day"": 39.0, ""doy"": 158.0, ""topwt"": 57.61742115020752, ""grnwt"": 0.0, ""xlai"": 0.1189326718449592, ""totir"": 0.0, ""tofer"": NaN, ""swfac"": 0.0, ""nstres"": 0.0}",0.0,0.0,57.61742115020752,0.0,0.1189326718449592,0.0,,0.0,0.0,30.0,150.0,10.366528320312504,22.366528320312504,Leave_One_experiments/all_year_offline_schedule_search/daily_outputs/HLA/HLA_2015_HLA2015_normal_grid_S0013_daily.csv
HLA,HLA,Hailun,2015,Leave_One_experiments\wth_generated_qc\HLA\HLA2015.WTH,dry_year;nitrogen_stress_year;low_response_year,dry,HLA2015_normal_grid_S0013,irrigation_positive_candidate,2015-06-08,159,40,35,"{""sim_day"": 40.0, ""doy"": 159.0, ""topwt"": 65.71531772613525, ""grnwt"": 0.0, ""xlai"": 0.1347425729036331, ""totir"": 0.0, ""tofer"": NaN, ""swfac"": 0.0, ""nstres"": 0.0}",0.0,0.0,65.71531772613525,0.0,0.1347425729036331,0.0,,0.0,0.0,30.0,150.0,10.366528320312504,22.366528320312504,Leave_One_experiments/all_year_offline_schedule_search/daily_outputs/HLA/HLA_2015_HLA2015_normal_grid_S0013_daily.csv
HLA,HLA,Hailun,2015,Leave_One_experiments\wth_generated_qc\HLA\HLA2015.WTH,dry_year;nitrogen_stress_year;low_response_year,dry,HLA2015_normal_grid_S0013,irrigation_positive_candidate,2015-06-09,160,41,36,"{""sim_day"": 41.0, ""doy"": 160.0, ""topwt"": 77.93329238891602, ""grnwt"": 0.0, ""xlai"": 0.1577264368534088, ""totir"": 0.0, ""tofer"": NaN, ""swfac"": 0.0, ""nstres"": 0.0}",0.0,0.0,77.93329238891602,0.0,0.1577264368534088,0.0,,0.0,0.0,30.0,150.0,10.366528320312504,22.366528320312504,Leave_One_experiments/all_year_offline_schedule_search/daily_outputs/HLA/HLA_2015_HLA2015_normal_grid_S0013_daily.csv
HLA,HLA,Hailun,2015,Leave_One_experiments\wth_generated_qc\HLA\HLA2015.WTH,dry_year;nitrogen_stress_year;low_response_year,dry,HLA2015_normal_grid_S0013,irrigation_positive_candidate,2015-06-10,161,42,37,"{""sim_day"": 42.0, ""doy"": 161.0, ""topwt"": 92.70647048950195, ""grnwt"": 0.0, ""xlai"": 0.1843954473733902, ""totir"": 0.0, ""tofer"": NaN, ""swfac"": 0.0, ""nstres"": 0.0}",0.0,0.0,92.70647048950195,0.0,0.1843954473733902,0.0,,0.0,0.0,30.0,150.0,10.366528320312504,22.366528320312504,Leave_One_experiments/all_year_offline_schedule_search/daily_outputs/HLA/HLA_2015_HLA2015_normal_grid_S0013_daily.csv
HLA,HLA,Hailun,2015,Leave_One_experiments\wth_generated_qc\HLA\HLA2015.WTH,dry_year;nitrogen_stress_year;low_response_year,dry,HLA2015_normal_grid_S0013,irrigation_positive_candidate,2015-06-11,162,43,38,"{""sim_day"": 43.0, ""doy"": 162.0, ""topwt"": 108.83733749389648, ""grnwt"": 0.0, ""xlai"": 0.2123979181051254, ""totir"": 0.0, ""tofer"": NaN, ""swfac"": 0.0, ""nstres"": 0.0}",0.0,0.0,108.83733749389648,0.0,0.2123979181051254,0.0,,0.0,0.0,30.0,150.0,10.366528320312504,22.366528320312504,Leave_One_experiments/all_year_offline_schedule_search/daily_outputs/HLA/HLA_2015_HLA2015_normal_grid_S0013_daily.csv
HLA,HLA,Hailun,2015,Leave_One_experiments\wth_generated_qc\HLA\HLA2015.WTH,dry_year;nitrogen_stress_year;low_response_year,dry,HLA2015_normal_grid_S0013,irrigation_positive_candidate,2015-06-12,163,44,39,"{""sim_day"": 44.0, ""doy"": 163.0, ""topwt"": 128.6435317993164, ""grnwt"": 0.0, ""xlai"": 0.2455031871795654, ""totir"": 0.0, ""tofer"": NaN, ""swfac"": 0.0, ""nstres"": 0.0}",0.0,0.0,128.6435317993164,0.0,0.2455031871795654,0.0,,0.0,0.0,30.0,150.0,10.366528320312504,22.366528320312504,Leave_One_experiments/all_year_offline_schedule_search/daily_outputs/HLA/HLA_2015_HLA2015_normal_grid_S0013_daily.csv
HLA,HLA,Hailun,2015,Leave_One_experiments\wth_generated_qc\HLA\HLA2015.WTH,dry_year;nitrogen_stress_year;low_response_year,dry,HLA2015_normal_grid_S0013,irrigation_positive_candidate,2015-06-13,164,45,40,"{""sim_day"": 45.0, ""doy"": 164.0, ""topwt"": 147.82906532287598, ""grnwt"": 0.0, ""xlai"": 0.2953105270862579, ""totir"": 0.0, ""tofer"": NaN, ""swfac"": 0.0, ""nstres"": 0.0}",0.0,0.0,147.82906532287598,0.0,0.2953105270862579,0.0,,0.0,0.0,30.0,150.0,10.366528320312504,22.366528320312504,Leave_One_experiments/all_year_offline_schedule_search/daily_outputs/HLA/HLA_2015_HLA2015_normal_grid_S0013_daily.csv
HLA,HLA,Hailun,2015,Leave_One_experiments\wth_generated_qc\HLA\HLA2015.WTH,dry_year;nitrogen_stress_year;low_response_year,dry,HLA2015_normal_grid_S0013,irrigation_positive_candidate,2015-06-14,165,46,41,"{""sim_day"": 46.0, ""doy"": 165.0, ""topwt"": 187.4351692199707, ""grnwt"": 0.0, ""xlai"": 0.3607876896858215, ""totir"": 0.0, ""tofer"": NaN, ""swfac"": 0.0, ""nstres"": 0.0020726323127746}",0.0,0.0020726323127746,187.4351692199707,0.0,0.3607876896858215,0.0,,0.0,0.0,30.0,150.0,10.366528320312504,22.366528320312504,Leave_One_experiments/all_year_offline_schedule_search/daily_outputs/HLA/HLA_2015_HLA2015_normal_grid_S0013_daily.csv
HLA,HLA,Hailun,2015,Leave_One_experiments\wth_generated_qc\HLA\HLA2015.WTH,dry_year;nitrogen_stress_year;low_response_year,dry,HLA2015_normal_grid_S0013,irrigation_positive_candidate,2015-06-15,166,47,42,"{""sim_day"": 47.0, ""doy"": 166.0, ""topwt"": 238.6933135986328, ""grnwt"": 0.0, ""xlai"": 0.4411228001117706, ""totir"": 0.0, ""tofer"": NaN, ""swfac"": 0.0, ""nstres"": 0.0}",0.0,0.0,238.6933135986328,0.0,0.4411228001117706,0.0,,0.0,0.0,30.0,150.0,10.366528320312504,22.366528320312504,Leave_One_experiments/all_year_offline_schedule_search/daily_outputs/HLA/HLA_2015_HLA2015_normal_grid_S0013_daily.csv
HLA,HLA,Hailun,2015,Leave_One_experiments\wth_generated_qc\HLA\HLA2015.WTH,dry_year;nitrogen_stress_year;low_response_year,dry,HLA2015_normal_grid_S0013,irrigation_positive_candidate,2015-06-16,167,48,43,"{""sim_day"": 48.0, ""doy"": 167.0, ""topwt"": 290.3912734985352, ""grnwt"": 0.0, ""xlai"": 0.5183335542678833, ""totir"": 0.0, ""tofer"": NaN, ""swfac"": 0.0, ""nstres"": 0.0}",0.0,0.0,290.3912734985352,0.0,0.5183335542678833,0.0,,0.0,0.0,30.0,150.0,10.366528320312504,22.366528320312504,Leave_One_experiments/all_year_offline_schedule_search/daily_outputs/HLA/HLA_2015_HLA2015_normal_grid_S0013_daily.csv
HLA,HLA,Hailun,2015,Leave_One_experiments\wth_generated_qc\HLA\HLA2015.WTH,dry_year;nitrogen_stress_year;low_response_year,dry,HLA2015_normal_grid_S0013,irrigation_positive_candidate,2015-06-17,168,49,44,"{""sim_day"": 49.0, ""doy"": 168.0, ""topwt"": 343.1085968017578, ""grnwt"": 0.0, ""xlai"": 0.5939877033233643, ""totir"": 0.0, ""tofer"": NaN, ""swfac"": 0.0, ""nstres"": 0.0}",0.0,0.0,343.1085968017578,0.0,0.5939877033233643,0.0,,0.0,0.0,30.0,150.0,10.366528320312504,22.366528320312504,Leave_One_experiments/all_year_offline_schedule_search/daily_outputs/HLA/HLA_2015_HLA2015_normal_grid_S0013_daily.csv
HLA,HLA,Hailun,2015,Leave_One_experiments\wth_generated_qc\HLA\HLA2015.WTH,dry_year;nitrogen_stress_year;low_response_year,dry,HLA2015_normal_grid_S0013,irrigation_positive_candidate,2015-06-18,169,50,45,"{""sim_day"": 50.0, ""doy"": 169.0, ""topwt"": 400.7585144042969, ""grnwt"": 0.0, ""xlai"": 0.6738418936729431, ""totir"": 0.0, ""tofer"": NaN, ""swfac"": 0.0, ""nstres"": 0.0}",0.0,0.0,400.7585144042969,0.0,0.6738418936729431,0.0,,0.0,0.0,30.0,150.0,10.366528320312504,22.366528320312504,Leave_One_experiments/all_year_offline_schedule_search/daily_outputs/HLA/HLA_2015_HLA2015_normal_grid_S0013_daily.csv
HLA,HLA,Hailun,2015,Leave_One_experiments\wth_generated_qc\HLA\HLA2015.WTH,dry_year;nitrogen_stress_year;low_response_year,dry,HLA2015_normal_grid_S0013,irrigation_positive_candidate,2015-06-19,170,51,46,"{""sim_day"": 51.0, ""doy"": 170.0, ""topwt"": 459.687728881836, ""grnwt"": 0.0, ""xlai"": 0.7528884410858154, ""totir"": 0.0, ""tofer"": NaN, ""swfac"": 0.0, ""nstres"": 0.0}",0.0,0.0,459.687728881836,0.0,0.7528884410858154,0.0,,0.0,0.0,30.0,150.0,10.366528320312504,22.366528320312504,Leave_One_experiments/all_year_offline_schedule_search/daily_outputs/HLA/HLA_2015_HLA2015_normal_grid_S0013_daily.csv
HLA,HLA,Hailun,2015,Leave_One_experiments\wth_generated_qc\HLA\HLA2015.WTH,dry_year;nitrogen_stress_year;low_response_year,dry,HLA2015_normal_grid_S0013,irrigation_positive_candidate,2015-06-20,171,52,47,"{""sim_day"": 52.0, ""doy"": 171.0, ""topwt"": 534.7988891601562, ""grnwt"": 0.0, ""xlai"": 0.848289430141449, ""totir"": 0.0, ""tofer"": NaN, ""swfac"": 0.0, ""nstres"": 0.0}",0.0,0.0,534.7988891601562,0.0,0.848289430141449,0.0,,0.0,0.0,30.0,150.0,10.366528320312504,22.366528320312504,Leave_One_experiments/all_year_offline_schedule_search/daily_outputs/HLA/HLA_2015_HLA2015_normal_grid_S0013_daily.csv
HLA,HLA,Hailun,2015,Leave_One_experiments\wth_generated_qc\HLA\HLA2015.WTH,dry_year;nitrogen_stress_year;low_response_year,dry,HLA2015_normal_grid_S0013,irrigation_positive_candidate,2015-06-21,172,53,48,"{""sim_day"": 53.0, ""doy"": 172.0, ""topwt"": 635.9558868408203, ""grnwt"": 0.0, ""xlai"": 0.9790798425674438, ""totir"": 0.0, ""tofer"": NaN, ""swfac"": 0.0, ""nstres"": 0.0}",0.0,0.0,635.9558868408203,0.0,0.9790798425674438,0.0,,0.0,0.0,30.0,150.0,10.366528320312504,22.366528320312504,Leave_One_experiments/all_year_offline_schedule_search/daily_outputs/HLA/HLA_2015_HLA2015_normal_grid_S0013_daily.csv
HLA,HLA,Hailun,2015,Leave_One_experiments\wth_generated_qc\HLA\HLA2015.WTH,dry_year;nitrogen_stress_year;low_response_year,dry,HLA2015_normal_grid_S0013,irrigation_positive_candidate,2015-06-22,173,54,49,"{""sim_day"": 54.0, ""doy"": 173.0, ""topwt"": 715.9077453613281, ""grnwt"": 0.0, ""xlai"": 1.0782363414764404, ""totir"": 0.0, ""tofer"": NaN, ""swfac"": 0.0, ""nstres"": 0.0}",0.0,0.0,715.9077453613281,0.0,1.0782363414764404,0.0,,0.0,0.0,30.0,150.0,10.366528320312504,22.366528320312504,Leave_One_experiments/all_year_offline_schedule_search/daily_outputs/HLA/HLA_2015_HLA2015_normal_grid_S0013_daily.csv
HLA,HLA,Hailun,2015,Leave_One_experiments\wth_generated_qc\HLA\HLA2015.WTH,dry_year;nitrogen_stress_year;low_response_year,dry,HLA2015_normal_grid_S0013,irrigation_positive_candidate,2015-06-23,174,55,50,"{""sim_day"": 55.0, ""doy"": 174.0, ""topwt"": 800.6877899169922, ""grnwt"": 0.0, ""xlai"": 1.179302215576172, ""totir"": 0.0, ""tofer"": NaN, ""swfac"": 0.0, ""nstres"": 0.0}",0.0,0.0,800.6877899169922,0.0,1.179302215576172,0.0,,0.0,0.0,30.0,150.0,10.366528320312504,22.366528320312504,Leave_One_experiments/all_year_offline_schedule_search/daily_outputs/HLA/HLA_2015_HLA2015_normal_grid_S0013_daily.csv
HLA,HLA,Hailun,2015,Leave_One_experiments\wth_generated_qc\HLA\HLA2015.WTH,dry_year;nitrogen_stress_year;low_response_year,dry,HLA2015_normal_grid_S0013,irrigation_positive_candidate,2015-06-24,175,56,51,"{""sim_day"": 56.0, ""doy"": 175.0, ""topwt"": 843.5150909423828, ""grnwt"": 0.0, ""xlai"": 1.228651523590088, ""totir"": 0.0, ""tofer"": NaN, ""swfac"": 0.0, ""nstres"": 0.0}",0.0,0.0,843.5150909423828,0.0,1.228651523590088,0.0,,0.0,0.0,30.0,150.0,10.366528320312504,22.366528320312504,Leave_One_experiments/all_year_offline_schedule_search/daily_outputs/HLA/HLA_2015_HLA2015_normal_grid_S0013_daily.csv
HLA,HLA,Hailun,2015,Leave_One_experiments\wth_generated_qc\HLA\HLA2015.WTH,dry_year;nitrogen_stress_year;low_response_year,dry,HLA2015_normal_grid_S0013,irrigation_positive_candidate,2015-06-25,176,57,52,"{""sim_day"": 57.0, ""doy"": 176.0, ""topwt"": 919.1389465332032, ""grnwt"": 0.0, ""xlai"": 1.3123739957809448, ""totir"": 0.0, ""tofer"": NaN, ""swfac"": 0.0, ""nstres"": 0.0}",0.0,0.0,919.1389465332032,0.0,1.3123739957809448,0.0,,0.0,0.0,30.0,150.0,10.366528320312504,22.366528320312504,Leave_One_experiments/all_year_offline_schedule_search/daily_outputs/HLA/HLA_2015_HLA2015_normal_grid_S0013_daily.csv
HLA,HLA,Hailun,2015,Leave_One_experiments\wth_generated_qc\HLA\HLA2015.WTH,dry_year;nitrogen_stress_year;low_response_year,dry,HLA2015_normal_grid_S0013,irrigation_positive_candidate,2015-06-26,177,58,53,"{""sim_day"": 58.0, ""doy"": 177.0, ""topwt"": 1012.7941131591796, ""grnwt"": 0.0, ""xlai"": 1.4110454320907593, ""totir"": 0.0, ""tofer"": NaN, ""swfac"": 0.0, ""nstres"": 0.0}",0.0,0.0,1012.7941131591796,0.0,1.4110454320907593,0.0,,0.0,0.0,30.0,150.0,10.366528320312504,22.366528320312504,Leave_One_experiments/all_year_offline_schedule_search/daily_outputs/HLA/HLA_2015_HLA2015_normal_grid_S0013_daily.csv
HLA,HLA,Hailun,2015,Leave_One_experiments\wth_generated_qc\HLA\HLA2015.WTH,dry_year;nitrogen_stress_year;low_response_year,dry,HLA2015_normal_grid_S0013,irrigation_positive_candidate,2015-06-27,178,59,54,"{""sim_day"": 59.0, ""doy"": 178.0, ""topwt"": 1109.5092010498047, ""grnwt"": 0.0, ""xlai"": 1.5082850456237793, ""totir"": 0.0, ""tofer"": NaN, ""swfac"": 0.0, ""nstres"": 0.0}",0.0,0.0,1109.5092010498047,0.0,1.5082850456237793,0.0,,0.0,0.0,30.0,150.0,10.366528320312504,22.366528320312504,Leave_One_experiments/all_year_offline_schedule_search/daily_outputs/HLA/HLA_2015_HLA2015_normal_grid_S0013_daily.csv
HLA,HLA,Hailun,2015,Leave_One_experiments\wth_generated_qc\HLA\HLA2015.WTH,dry_year;nitrogen_stress_year;low_response_year,dry,HLA2015_normal_grid_S0013,irrigation_positive_candidate,2015-06-28,179,60,55,"{""sim_day"": 60.0, ""doy"": 179.0, ""topwt"": 1205.0570678710938, ""grnwt"": 0.0, ""xlai"": 1.6000560522079468, ""totir"": 0.0, ""tofer"": NaN, ""swfac"": 0.0, ""nstres"": 0.0}",0.0,0.0,1205.0570678710938,0.0,1.6000560522079468,0.0,,0.0,0.0,30.0,150.0,10.366528320312504,22.366528320312504,Leave_One_experiments/all_year_offline_schedule_search/daily_outputs/HLA/HLA_2015_HLA2015_normal_grid_S0013_daily.csv
HLA,HLA,Hailun,2015,Leave_One_experiments\wth_generated_qc\HLA\HLA2015.WTH,dry_year;nitrogen_stress_year;low_response_year,dry,HLA2015_normal_grid_S0013,irrigation_positive_candidate,2015-06-29,180,61,56,"{""sim_day"": 61.0, ""doy"": 180.0, ""topwt"": 1290.24658203125, ""grnwt"": 0.0, ""xlai"": 1.678612232208252, ""totir"": 0.0, ""tofer"": NaN, ""swfac"": 0.0, ""nstres"": 0.0}",0.0,0.0,1290.24658203125,0.0,1.678612232208252,0.0,,0.0,0.0,30.0,150.0,10.366528320312504,22.366528320312504,Leave_One_experiments/all_year_offline_schedule_search/daily_outputs/HLA/HLA_2015_HLA2015_normal_grid_S0013_daily.csv
HLA,HLA,Hailun,2015,Leave_One_experiments\wth_generated_qc\HLA\HLA2015.WTH,dry_year;nitrogen_stress_year;low_response_year,dry,HLA2015_normal_grid_S0013,irrigation_positive_candidate,2015-06-30,181,62,57,"{""sim_day"": 62.0, ""doy"": 181.0, ""topwt"": 1383.6927795410156, ""grnwt"": 0.0, ""xlai"": 1.7612286806106567, ""totir"": 0.0, ""tofer"": NaN, ""swfac"": 0.0, ""nstres"": 0.0}",0.0,0.0,1383.6927795410156,0.0,1.7612286806106567,0.0,,0.0,0.0,30.0,150.0,10.366528320312504,22.366528320312504,Leave_One_experiments/all_year_offline_schedule_search/daily_outputs/HLA/HLA_2015_HLA2015_normal_grid_S0013_daily.csv
HLA,HLA,Hailun,2015,Leave_One_experiments\wth_generated_qc\HLA\HLA2015.WTH,dry_year;nitrogen_stress_year;low_response_year,dry,HLA2015_normal_grid_S0013,irrigation_positive_candidate,2015-07-01,182,63,58,"{""sim_day"": 63.0, ""doy"": 182.0, ""topwt"": 1474.077606201172, ""grnwt"": 0.0, ""xlai"": 1.837961316108704, ""totir"": 0.0, ""tofer"": NaN, ""swfac"": 0.0, ""nstres"": 0.0}",0.0,0.0,1474.077606201172,0.0,1.837961316108704,0.0,,0.0,0.0,30.0,150.0,10.366528320312504,22.366528320312504,Leave_One_experiments/all_year_offline_schedule_search/daily_outputs/HLA/HLA_2015_HLA2015_normal_grid_S0013_daily.csv
HLA,HLA,Hailun,2015,Leave_One_experiments\wth_generated_qc\HLA\HLA2015.WTH,dry_year;nitrogen_stress_year;low_response_year,dry,HLA2015_normal_grid_S0013,irrigation_positive_candidate,2015-07-02,183,64,59,"{""sim_day"": 64.0, ""doy"": 183.0, ""topwt"": 1569.155731201172, ""grnwt"": 0.0, ""xlai"": 1.91543710231781, ""totir"": 0.0, ""tofer"": NaN, ""swfac"": 0.0, ""nstres"": 0.0}",0.0,0.0,1569.155731201172,0.0,1.91543710231781,0.0,,0.0,0.0,30.0,150.0,10.366528320312504,22.366528320312504,Leave_One_experiments/all_year_offline_schedule_search/daily_outputs/HLA/HLA_2015_HLA2015_normal_grid_S0013_daily.csv
HLA,HLA,Hailun,2015,Leave_One_experiments\wth_generated_qc\HLA\HLA2015.WTH,dry_year;nitrogen_stress_year;low_response_year,dry,HLA2015_normal_grid_S0013,irrigation_positive_candidate,2015-07-03,184,65,60,"{""sim_day"": 65.0, ""doy"": 184.0, ""topwt"": 1689.4195556640625, ""grnwt"": 0.0, ""xlai"": 2.0087623596191406, ""totir"": 0.0, ""tofer"": NaN, ""swfac"": 0.0, ""nstres"": 0.0}",0.0,0.0,1689.4195556640625,0.0,2.0087623596191406,0.0,,0.0,50.0,30.0,150.0,10.366528320312504,22.366528320312504,Leave_One_experiments/all_year_offline_schedule_search/daily_outputs/HLA/HLA_2015_HLA2015_normal_grid_S0013_daily.csv
HLA,HLA,Hailun,2015,Leave_One_experiments\wth_generated_qc\HLA\HLA2015.WTH,dry_year;nitrogen_stress_year;low_response_year,dry,HLA2015_normal_grid_S0013,irrigation_positive_candidate,2015-07-04,185,66,61,"{""sim_day"": 66.0, ""doy"": 185.0, ""topwt"": 1841.1636352539065, ""grnwt"": 0.0, ""xlai"": 2.1197609901428223, ""totir"": 0.0, ""tofer"": NaN, ""swfac"": 0.0, ""nstres"": 0.0}",0.0,0.0,1841.1636352539065,0.0,2.1197609901428223,0.0,,0.0,0.0,30.0,150.0,10.366528320312504,22.366528320312504,Leave_One_experiments/all_year_offline_schedule_search/daily_outputs/HLA/HLA_2015_HLA2015_normal_grid_S0013_daily.csv
HLA,HLA,Hailun,2015,Leave_One_experiments\wth_generated_qc\HLA\HLA2015.WTH,dry_year;nitrogen_stress_year;low_response_year,dry,HLA2015_normal_grid_S0013,irrigation_positive_candidate,2015-07-05,186,67,62,"{""sim_day"": 67.0, ""doy"": 186.0, ""topwt"": 2017.7493286132808, ""grnwt"": 0.0, ""xlai"": 2.240707874298096, ""totir"": 0.0, ""tofer"": NaN, ""swfac"": 0.0, ""nstres"": 0.0}",0.0,0.0,2017.7493286132808,0.0,2.240707874298096,0.0,,0.0,0.0,30.0,150.0,10.366528320312504,22.366528320312504,Leave_One_experiments/all_year_offline_schedule_search/daily_outputs/HLA/HLA_2015_HLA2015_normal_grid_S0013_daily.csv
HLA,HLA,Hailun,2015,Leave_One_experiments\wth_generated_qc\HLA\HLA2015.WTH,dry_year;nitrogen_stress_year;low_response_year,dry,HLA2015_normal_grid_S0013,irrigation_positive_candidate,2015-07-06,187,68,63,"{""sim_day"": 68.0, ""doy"": 187.0, ""topwt"": 2216.958923339844, ""grnwt"": 0.0, ""xlai"": 2.3679299354553223, ""totir"": 0.0, ""tofer"": NaN, ""swfac"": 0.0, ""nstres"": 0.0}",0.0,0.0,2216.958923339844,0.0,2.3679299354553223,0.0,,0.0,0.0,30.0,150.0,10.366528320312504,22.366528320312504,Leave_One_experiments/all_year_offline_schedule_search/daily_outputs/HLA/HLA_2015_HLA2015_normal_grid_S0013_daily.csv
HLA,HLA,Hailun,2015,Leave_One_experiments\wth_generated_qc\HLA\HLA2015.WTH,dry_year;nitrogen_stress_year;low_response_year,dry,HLA2015_normal_grid_S0013,irrigation_positive_candidate,2015-07-07,188,69,64,"{""sim_day"": 69.0, ""doy"": 188.0, ""topwt"": 2418.998413085937, ""grnwt"": 0.0, ""xlai"": 2.488561153411865, ""totir"": 0.0, ""tofer"": NaN, ""swfac"": 0.0, ""nstres"": 0.0}",0.0,0.0,2418.998413085937,0.0,2.488561153411865,0.0,,0.0,0.0,30.0,150.0,10.366528320312504,22.366528320312504,Leave_One_experiments/all_year_offline_schedule_search/daily_outputs/HLA/HLA_2015_HLA2015_normal_grid_S0013_daily.csv
HLA,HLA,Hailun,2015,Leave_One_experiments\wth_generated_qc\HLA\HLA2015.WTH,dry_year;nitrogen_stress_year;low_response_year,dry,HLA2015_normal_grid_S0013,irrigation_positive_candidate,2015-07-08,189,70,65,"{""sim_day"": 70.0, ""doy"": 189.0, ""topwt"": 2650.4571533203125, ""grnwt"": 0.0, ""xlai"": 2.617307662963867, ""totir"": 30.0, ""tofer"": NaN, ""swfac"": 0.0, ""nstres"": 0.0}",0.0,0.0,2650.4571533203125,0.0,2.617307662963867,30.0,,30.0,0.0,30.0,150.0,10.366528320312504,22.366528320312504,Leave_One_experiments/all_year_offline_schedule_search/daily_outputs/HLA/HLA_2015_HLA2015_normal_grid_S0013_daily.csv
HLA,HLA,Hailun,2015,Leave_One_experiments\wth_generated_qc\HLA\HLA2015.WTH,dry_year;nitrogen_stress_year;low_response_year,dry,HLA2015_normal_grid_S0013,irrigation_positive_candidate,2015-07-09,190,71,66,"{""sim_day"": 71.0, ""doy"": 190.0, ""topwt"": 2921.0211181640625, ""grnwt"": 0.0, ""xlai"": 2.7567455768585205, ""totir"": 30.0, ""tofer"": NaN, ""swfac"": 0.0, ""nstres"": 0.0}",0.0,0.0,2921.0211181640625,0.0,2.7567455768585205,30.0,,0.0,0.0,30.0,150.0,10.366528320312504,22.366528320312504,Leave_One_experiments/all_year_offline_schedule_search/daily_outputs/HLA/HLA_2015_HLA2015_normal_grid_S0013_daily.csv
HLA,HLA,Hailun,2015,Leave_One_experiments\wth_generated_qc\HLA\HLA2015.WTH,dry_year;nitrogen_stress_year;low_response_year,dry,HLA2015_normal_grid_S0013,irrigation_positive_candidate,2015-07-10,191,72,67,"{""sim_day"": 72.0, ""doy"": 191.0, ""topwt"": 3144.5391845703125, ""grnwt"": 0.0, ""xlai"": 2.86466121673584, ""totir"": 30.0, ""tofer"": NaN, ""swfac"": 0.0, ""nstres"": 0.0}",0.0,0.0,3144.5391845703125,0.0,2.86466121673584,30.0,,0.0,0.0,30.0,150.0,10.366528320312504,22.366528320312504,Leave_One_experiments/all_year_offline_schedule_search/daily_outputs/HLA/HLA_2015_HLA2015_normal_grid_S0013_daily.csv
HLA,HLA,Hailun,2015,Leave_One_experiments\wth_generated_qc\HLA\HLA2015.WTH,dry_year;nitrogen_stress_year;low_response_year,dry,HLA2015_normal_grid_S0013,irrigation_positive_candidate,2015-07-11,192,73,68,"{""sim_day"": 73.0, ""doy"": 192.0, ""topwt"": 3392.3800659179688, ""grnwt"": 0.0, ""xlai"": 2.977242946624756, ""totir"": 30.0, ""tofer"": NaN, ""swfac"": 0.0, ""nstres"": 0.0}",0.0,0.0,3392.3800659179688,0.0,2.977242946624756,30.0,,0.0,0.0,30.0,150.0,10.366528320312504,22.366528320312504,Leave_One_experiments/all_year_offline_schedule_search/daily_outputs/HLA/HLA_2015_HLA2015_normal_grid_S0013_daily.csv
HLA,HLA,Hailun,2015,Leave_One_experiments\wth_generated_qc\HLA\HLA2015.WTH,dry_year;nitrogen_stress_year;low_response_year,dry,HLA2015_normal_grid_S0013,irrigation_positive_candidate,2015-07-12,193,74,69,"{""sim_day"": 74.0, ""doy"": 193.0, ""topwt"": 3639.4293212890634, ""grnwt"": 0.0, ""xlai"": 3.083186149597168, ""totir"": 30.0, ""tofer"": NaN, ""swfac"": 0.0, ""nstres"": 0.0}",0.0,0.0,3639.4293212890634,0.0,3.083186149597168,30.0,,0.0,0.0,30.0,150.0,10.366528320312504,22.366528320312504,Leave_One_experiments/all_year_offline_schedule_search/daily_outputs/HLA/HLA_2015_HLA2015_normal_grid_S0013_daily.csv
HLA,HLA,Hailun,2015,Leave_One_experiments\wth_generated_qc\HLA\HLA2015.WTH,dry_year;nitrogen_stress_year;low_response_year,dry,HLA2015_normal_grid_S0013,irrigation_positive_candidate,2015-07-13,194,75,70,"{""sim_day"": 75.0, ""doy"": 194.0, ""topwt"": 3884.659423828125, ""grnwt"": 0.0, ""xlai"": 3.1828513145446777, ""totir"": 30.0, ""tofer"": NaN, ""swfac"": 0.0, ""nstres"": 0.0}",0.0,0.0,3884.659423828125,0.0,3.1828513145446777,30.0,,0.0,0.0,30.0,150.0,10.366528320312504,22.366528320312504,Leave_One_experiments/all_year_offline_schedule_search/daily_outputs/HLA/HLA_2015_HLA2015_normal_grid_S0013_daily.csv
HLA,HLA,Hailun,2015,Leave_One_experiments\wth_generated_qc\HLA\HLA2015.WTH,dry_year;nitrogen_stress_year;low_response_year,dry,HLA2015_normal_grid_S0013,irrigation_positive_candidate,2015-07-14,195,76,71,"{""sim_day"": 76.0, ""doy"": 195.0, ""topwt"": 4137.1624755859375, ""grnwt"": 0.0, ""xlai"": 3.2802987098693848, ""totir"": 30.0, ""tofer"": NaN, ""swfac"": 0.0, ""nstres"": 0.0}",0.0,0.0,4137.1624755859375,0.0,3.2802987098693848,30.0,,0.0,0.0,30.0,150.0,10.366528320312504,22.366528320312504,Leave_One_experiments/all_year_offline_schedule_search/daily_outputs/HLA/HLA_2015_HLA2015_normal_grid_S0013_daily.csv
HLA,HLA,Hailun,2015,Leave_One_experiments\wth_generated_qc\HLA\HLA2015.WTH,dry_year;nitrogen_stress_year;low_response_year,dry,HLA2015_normal_grid_S0013,irrigation_positive_candidate,2015-07-15,196,77,72,"{""sim_day"": 77.0, ""doy"": 196.0, ""topwt"": 4501.261596679688, ""grnwt"": 0.0, ""xlai"": 3.4876437187194824, ""totir"": 30.0, ""tofer"": NaN, ""swfac"": 0.0, ""nstres"": 0.0}",0.0,0.0,4501.261596679688,0.0,3.4876437187194824,30.0,,0.0,0.0,30.0,150.0,10.366528320312504,22.366528320312504,Leave_One_experiments/all_year_offline_schedule_search/daily_outputs/HLA/HLA_2015_HLA2015_normal_grid_S0013_daily.csv
HLA,HLA,Hailun,2015,Leave_One_experiments\wth_generated_qc\HLA\HLA2015.WTH,dry_year;nitrogen_stress_year;low_response_year,dry,HLA2015_normal_grid_S0013,irrigation_positive_candidate,2015-07-16,197,78,73,"{""sim_day"": 78.0, ""doy"": 197.0, ""topwt"": 4783.048095703125, ""grnwt"": 0.0, ""xlai"": 3.616319417953491, ""totir"": 30.0, ""tofer"": NaN, ""swfac"": 0.0, ""nstres"": 0.0}",0.0,0.0,4783.048095703125,0.0,3.616319417953491,30.0,,0.0,0.0,30.0,150.0,10.366528320312504,22.366528320312504,Leave_One_experiments/all_year_offline_schedule_search/daily_outputs/HLA/HLA_2015_HLA2015_normal_grid_S0013_daily.csv
HLA,HLA,Hailun,2015,Leave_One_experiments\wth_generated_qc\HLA\HLA2015.WTH,dry_year;nitrogen_stress_year;low_response_year,dry,HLA2015_normal_grid_S0013,irrigation_positive_candidate,2015-07-17,198,79,74,"{""sim_day"": 79.0, ""doy"": 198.0, ""topwt"": 5065.14404296875, ""grnwt"": 0.0, ""xlai"": 3.726753473281861, ""totir"": 30.0, ""tofer"": NaN, ""swfac"": 0.0, ""nstres"": 0.0017731189727783}",0.0,0.0017731189727783,5065.14404296875,0.0,3.726753473281861,30.0,,0.0,0.0,30.0,150.0,10.366528320312504,22.366528320312504,Leave_One_experiments/all_year_offline_schedule_search/daily_outputs/HLA/HLA_2015_HLA2015_normal_grid_S0013_daily.csv
HLA,HLA,Hailun,2015,Leave_One_experiments\wth_generated_qc\HLA\HLA2015.WTH,dry_year;nitrogen_stress_year;low_response_year,dry,HLA2015_normal_grid_S0013,irrigation_positive_candidate,2015-07-18,199,80,75,"{""sim_day"": 80.0, ""doy"": 199.0, ""topwt"": 5324.5556640625, ""grnwt"": 0.0, ""xlai"": 3.806574583053589, ""totir"": 30.0, ""tofer"": NaN, ""swfac"": 0.0, ""nstres"": 0.0249777436256408}",0.0,0.0249777436256408,5324.5556640625,0.0,3.806574583053589,30.0,,0.0,0.0,30.0,150.0,10.366528320312504,22.366528320312504,Leave_One_experiments/all_year_offline_schedule_search/daily_outputs/HLA/HLA_2015_HLA2015_normal_grid_S0013_daily.csv
HLA,HLA,Hailun,2015,Leave_One_experiments\wth_generated_qc\HLA\HLA2015.WTH,dry_year;nitrogen_stress_year;low_response_year,dry,HLA2015_normal_grid_S0013,irrigation_positive_candidate,2015-07-19,200,81,76,"{""sim_day"": 81.0, ""doy"": 200.0, ""topwt"": 5591.878662109375, ""grnwt"": 0.0, ""xlai"": 3.871151924133301, ""totir"": 30.0, ""tofer"": NaN, ""swfac"": 0.0, ""nstres"": 0.0438843965530395}",0.0,0.0438843965530395,5591.878662109375,0.0,3.871151924133301,30.0,,0.0,0.0,30.0,150.0,10.366528320312504,22.366528320312504,Leave_One_experiments/all_year_offline_schedule_search/daily_outputs/HLA/HLA_2015_HLA2015_normal_grid_S0013_daily.csv
HLA,HLA,Hailun,2015,Leave_One_experiments\wth_generated_qc\HLA\HLA2015.WTH,dry_year;nitrogen_stress_year;low_response_year,dry,HLA2015_normal_grid_S0013,irrigation_positive_candidate,2015-07-20,201,82,77,"{""sim_day"": 82.0, ""doy"": 201.0, ""topwt"": 5807.7777099609375, ""grnwt"": 0.0, ""xlai"": 3.906820297241211, ""totir"": 30.0, ""tofer"": NaN, ""swfac"": 0.0, ""nstres"": 0.0591516494750976}",0.0,0.0591516494750976,5807.7777099609375,0.0,3.906820297241211,30.0,,0.0,0.0,30.0,150.0,10.366528320312504,22.366528320312504,Leave_One_experiments/all_year_offline_schedule_search/daily_outputs/HLA/HLA_2015_HLA2015_normal_grid_S0013_daily.csv
HLA,HLA,Hailun,2015,Leave_One_experiments\wth_generated_qc\HLA\HLA2015.WTH,dry_year;nitrogen_stress_year;low_response_year,dry,HLA2015_normal_grid_S0013,irrigation_positive_candidate,2015-07-21,202,83,78,"{""sim_day"": 83.0, ""doy"": 202.0, ""topwt"": 6027.1966552734375, ""grnwt"": 0.0, ""xlai"": 3.932449102401733, ""totir"": 30.0, ""tofer"": NaN, ""swfac"": 0.0, ""nstres"": 0.0729188919067382}",0.0,0.0729188919067382,6027.1966552734375,0.0,3.932449102401733,30.0,,0.0,0.0,30.0,150.0,10.366528320312504,22.366528320312504,Leave_One_experiments/all_year_offline_schedule_search/daily_outputs/HLA/HLA_2015_HLA2015_normal_grid_S0013_daily.csv
HLA,HLA,Hailun,2015,Leave_One_experiments\wth_generated_qc\HLA\HLA2015.WTH,dry_year;nitrogen_stress_year;low_response_year,dry,HLA2015_normal_grid_S0013,irrigation_positive_candidate,2015-07-22,203,84,79,"{""sim_day"": 84.0, ""doy"": 203.0, ""topwt"": 6238.006591796875, ""grnwt"": 0.0, ""xlai"": 3.947916269302368, ""totir"": 30.0, ""tofer"": NaN, ""swfac"": 0.0, ""nstres"": 0.0816297531127929}",0.0,0.0816297531127929,6238.006591796875,0.0,3.947916269302368,30.0,,0.0,0.0,30.0,150.0,10.366528320312504,22.366528320312504,Leave_One_experiments/all_year_offline_schedule_search/daily_outputs/HLA/HLA_2015_HLA2015_normal_grid_S0013_daily.csv
HLA,HLA,Hailun,2015,Leave_One_experiments\wth_generated_qc\HLA\HLA2015.WTH,dry_year;nitrogen_stress_year;low_response_year,dry,HLA2015_normal_grid_S0013,irrigation_positive_candidate,2015-07-23,204,85,80,"{""sim_day"": 85.0, ""doy"": 204.0, ""topwt"": 6395.830078125, ""grnwt"": 0.0, ""xlai"": 3.9432873725891113, ""totir"": 30.0, ""tofer"": NaN, ""swfac"": 0.0, ""nstres"": 0.0894601345062255}",0.0,0.0894601345062255,6395.830078125,0.0,3.9432873725891113,30.0,,0.0,0.0,30.0,150.0,10.366528320312504,22.366528320312504,Leave_One_experiments/all_year_offline_schedule_search/daily_outputs/HLA/HLA_2015_HLA2015_normal_grid_S0013_daily.csv
HLA,HLA,Hailun,2015,Leave_One_experiments\wth_generated_qc\HLA\HLA2015.WTH,dry_year;nitrogen_stress_year;low_response_year,dry,HLA2015_normal_grid_S0013,irrigation_positive_candidate,2015-07-24,205,86,81,"{""sim_day"": 86.0, ""doy"": 205.0, ""topwt"": 6586.4306640625, ""grnwt"": 0.0, ""xlai"": 3.9419143199920654, ""totir"": 30.0, ""tofer"": NaN, ""swfac"": 0.0, ""nstres"": 0.0956184864044189}",0.0,0.0956184864044189,6586.4306640625,0.0,3.9419143199920654,30.0,,0.0,0.0,30.0,150.0,10.366528320312504,22.366528320312504,Leave_One_experiments/all_year_offline_schedule_search/daily_outputs/HLA/HLA_2015_HLA2015_normal_grid_S0013_daily.csv
HLA,HLA,Hailun,2015,Leave_One_experiments\wth_generated_qc\HLA\HLA2015.WTH,dry_year;nitrogen_stress_year;low_response_year,dry,HLA2015_normal_grid_S0013,irrigation_positive_candidate,2015-07-25,206,87,82,"{""sim_day"": 87.0, ""doy"": 206.0, ""topwt"": 6742.364501953125, ""grnwt"": 0.0, ""xlai"": 3.9299585819244394, ""totir"": 30.0, ""tofer"": NaN, ""swfac"": 0.0, ""nstres"": 0.0999857187271118}",0.0,0.0999857187271118,6742.364501953125,0.0,3.9299585819244394,30.0,,0.0,0.0,30.0,150.0,10.366528320312504,22.366528320312504,Leave_One_experiments/all_year_offline_schedule_search/daily_outputs/HLA/HLA_2015_HLA2015_normal_grid_S0013_daily.csv
HLA,HLA,Hailun,2015,Leave_One_experiments\wth_generated_qc\HLA\HLA2015.WTH,dry_year;nitrogen_stress_year;low_response_year,dry,HLA2015_normal_grid_S0013,irrigation_positive_candidate,2015-07-26,207,88,83,"{""sim_day"": 88.0, ""doy"": 207.0, ""topwt"": 6889.8736572265625, ""grnwt"": 0.0, ""xlai"": 3.9138858318328857, ""totir"": 30.0, ""tofer"": NaN, ""swfac"": 0.0, ""nstres"": 0.1044322252273559}",0.0,0.1044322252273559,6889.8736572265625,0.0,3.9138858318328857,30.0,,0.0,0.0,30.0,150.0,10.366528320312504,22.366528320312504,Leave_One_experiments/all_year_offline_schedule_search/daily_outputs/HLA/HLA_2015_HLA2015_normal_grid_S0013_daily.csv
HLA,HLA,Hailun,2015,Leave_One_experiments\wth_generated_qc\HLA\HLA2015.WTH,dry_year;nitrogen_stress_year;low_response_year,dry,HLA2015_normal_grid_S0013,irrigation_positive_candidate,2015-07-27,208,89,84,"{""sim_day"": 89.0, ""doy"": 208.0, ""topwt"": 7026.937255859375, ""grnwt"": 0.0, ""xlai"": 3.8937389850616455, ""totir"": 30.0, ""tofer"": NaN, ""swfac"": 0.0, ""nstres"": 0.1079549789428711}",0.0,0.1079549789428711,7026.937255859375,0.0,3.8937389850616455,30.0,,0.0,0.0,30.0,150.0,10.366528320312504,22.366528320312504,Leave_One_experiments/all_year_offline_schedule_search/daily_outputs/HLA/HLA_2015_HLA2015_normal_grid_S0013_daily.csv
HLA,HLA,Hailun,2015,Leave_One_experiments\wth_generated_qc\HLA\HLA2015.WTH,dry_year;nitrogen_stress_year;low_response_year,dry,HLA2015_normal_grid_S0013,irrigation_positive_candidate,2015-07-28,209,90,85,"{""sim_day"": 90.0, ""doy"": 209.0, ""topwt"": 7173.2269287109375, ""grnwt"": 0.0, ""xlai"": 3.875889778137207, ""totir"": 30.0, ""tofer"": NaN, ""swfac"": 0.0, ""nstres"": 0.1083248853683471}",0.0,0.1083248853683471,7173.2269287109375,0.0,3.875889778137207,30.0,,0.0,0.0,30.0,150.0,10.366528320312504,22.366528320312504,Leave_One_experiments/all_year_offline_schedule_search/daily_outputs/HLA/HLA_2015_HLA2015_normal_grid_S0013_daily.csv
HLA,HLA,Hailun,2015,Leave_One_experiments\wth_generated_qc\HLA\HLA2015.WTH,dry_year;nitrogen_stress_year;low_response_year,dry,HLA2015_normal_grid_S0013,irrigation_positive_candidate,2015-07-29,210,91,86,"{""sim_day"": 91.0, ""doy"": 210.0, ""topwt"": 7312.337646484375, ""grnwt"": 0.0, ""xlai"": 3.85568118095398, ""totir"": 30.0, ""tofer"": NaN, ""swfac"": 0.0, ""nstres"": 0.110058844089508}",0.0,0.110058844089508,7312.337646484375,0.0,3.85568118095398,30.0,,0.0,0.0,30.0,150.0,10.366528320312504,22.366528320312504,Leave_One_experiments/all_year_offline_schedule_search/daily_outputs/HLA/HLA_2015_HLA2015_normal_grid_S0013_daily.csv
HLA,HLA,Hailun,2015,Leave_One_experiments\wth_generated_qc\HLA\HLA2015.WTH,dry_year;nitrogen_stress_year;low_response_year,dry,HLA2015_normal_grid_S0013,irrigation_positive_candidate,2015-07-30,211,92,87,"{""sim_day"": 92.0, ""doy"": 211.0, ""topwt"": 7458.148193359375, ""grnwt"": 0.0, ""xlai"": 3.836472272872925, ""totir"": 30.0, ""tofer"": NaN, ""swfac"": 0.0, ""nstres"": 0.1118535995483398}",0.0,0.1118535995483398,7458.148193359375,0.0,3.836472272872925,30.0,,0.0,0.0,30.0,150.0,10.366528320312504,22.366528320312504,Leave_One_experiments/all_year_offline_schedule_search/daily_outputs/HLA/HLA_2015_HLA2015_normal_grid_S0013_daily.csv
HLA,HLA,Hailun,2015,Leave_One_experiments\wth_generated_qc\HLA\HLA2015.WTH,dry_year;nitrogen_stress_year;low_response_year,dry,HLA2015_normal_grid_S0013,irrigation_positive_candidate,2015-07-31,212,93,88,"{""sim_day"": 93.0, ""doy"": 212.0, ""topwt"": 7632.447509765625, ""grnwt"": 0.0, ""xlai"": 3.824012041091919, ""totir"": 30.0, ""tofer"": NaN, ""swfac"": 0.0, ""nstres"": 0.1125916242599487}",0.0,0.1125916242599487,7632.447509765625,0.0,3.824012041091919,30.0,,0.0,0.0,30.0,150.0,10.366528320312504,22.366528320312504,Leave_One_experiments/all_year_offline_schedule_search/daily_outputs/HLA/HLA_2015_HLA2015_normal_grid_S0013_daily.csv
HLA,HLA,Hailun,2015,Leave_One_experiments\wth_generated_qc\HLA\HLA2015.WTH,dry_year;nitrogen_stress_year;low_response_year,dry,HLA2015_normal_grid_S0013,irrigation_positive_candidate,2015-08-01,213,94,89,"{""sim_day"": 94.0, ""doy"": 213.0, ""topwt"": 7849.4085693359375, ""grnwt"": 0.0, ""xlai"": 3.7697248458862314, ""totir"": 30.0, ""tofer"": NaN, ""swfac"": 0.0, ""nstres"": 0.1135705113410949}",0.0,0.1135705113410949,7849.4085693359375,0.0,3.7697248458862314,30.0,,0.0,0.0,30.0,150.0,10.366528320312504,22.366528320312504,Leave_One_experiments/all_year_offline_schedule_search/daily_outputs/HLA/HLA_2015_HLA2015_normal_grid_S0013_daily.csv
HLA,HLA,Hailun,2015,Leave_One_experiments\wth_generated_qc\HLA\HLA2015.WTH,dry_year;nitrogen_stress_year;low_response_year,dry,HLA2015_normal_grid_S0013,irrigation_positive_candidate,2015-08-02,214,95,90,"{""sim_day"": 95.0, ""doy"": 214.0, ""topwt"": 8229.485473632812, ""grnwt"": 0.0, ""xlai"": 3.7184031009674072, ""totir"": 30.0, ""tofer"": NaN, ""swfac"": 0.0, ""nstres"": 0.1089140176773071}",0.0,0.1089140176773071,8229.485473632812,0.0,3.7184031009674072,30.0,,0.0,0.0,30.0,150.0,10.366528320312504,22.366528320312504,Leave_One_experiments/all_year_offline_schedule_search/daily_outputs/HLA/HLA_2015_HLA2015_normal_grid_S0013_daily.csv
HLA,HLA,Hailun,2015,Leave_One_experiments\wth_generated_qc\HLA\HLA2015.WTH,dry_year;nitrogen_stress_year;low_response_year,dry,HLA2015_normal_grid_S0013,irrigation_positive_candidate,2015-08-03,215,96,91,"{""sim_day"": 96.0, ""doy"": 215.0, ""topwt"": 8546.160888671875, ""grnwt"": 0.0, ""xlai"": 3.6688966751098633, ""totir"": 30.0, ""tofer"": NaN, ""swfac"": 0.0, ""nstres"": 0.1065101623535156}",0.0,0.1065101623535156,8546.160888671875,0.0,3.6688966751098633,30.0,,0.0,0.0,30.0,150.0,10.366528320312504,22.366528320312504,Leave_One_experiments/all_year_offline_schedule_search/daily_outputs/HLA/HLA_2015_HLA2015_normal_grid_S0013_daily.csv
HLA,HLA,Hailun,2015,Leave_One_experiments\wth_generated_qc\HLA\HLA2015.WTH,dry_year;nitrogen_stress_year;low_response_year,dry,HLA2015_normal_grid_S0013,irrigation_positive_candidate,2015-08-04,216,97,92,"{""sim_day"": 97.0, ""doy"": 216.0, ""topwt"": 8905.817260742188, ""grnwt"": 0.0, ""xlai"": 3.6194722652435294, ""totir"": 30.0, ""tofer"": NaN, ""swfac"": 0.0, ""nstres"": 0.1077698469161987}",0.0,0.1077698469161987,8905.817260742188,0.0,3.6194722652435294,30.0,,0.0,0.0,30.0,150.0,10.366528320312504,22.366528320312504,Leave_One_experiments/all_year_offline_schedule_search/daily_outputs/HLA/HLA_2015_HLA2015_normal_grid_S0013_daily.csv
HLA,HLA,Hailun,2015,Leave_One_experiments\wth_generated_qc\HLA\HLA2015.WTH,dry_year;nitrogen_stress_year;low_response_year,dry,HLA2015_normal_grid_S0013,irrigation_positive_candidate,2015-08-05,217,98,93,"{""sim_day"": 98.0, ""doy"": 217.0, ""topwt"": 9102.51953125, ""grnwt"": 0.0, ""xlai"": 3.571377277374268, ""totir"": 30.0, ""tofer"": NaN, ""swfac"": 0.0, ""nstres"": 0.1063029766082763}",0.0,0.1063029766082763,9102.51953125,0.0,3.571377277374268,30.0,,0.0,0.0,30.0,150.0,10.366528320312504,22.366528320312504,Leave_One_experiments/all_year_offline_schedule_search/daily_outputs/HLA/HLA_2015_HLA2015_normal_grid_S0013_daily.csv
HLA,HLA,Hailun,2015,Leave_One_experiments\wth_generated_qc\HLA\HLA2015.WTH,dry_year;nitrogen_stress_year;low_response_year,dry,HLA2015_normal_grid_S0013,irrigation_positive_candidate,2015-08-06,218,99,94,"{""sim_day"": 99.0, ""doy"": 218.0, ""topwt"": 9216.3037109375, ""grnwt"": 0.0, ""xlai"": 3.5243284702301025, ""totir"": 30.0, ""tofer"": NaN, ""swfac"": 0.0, ""nstres"": 0.1053903102874755}",0.0,0.1053903102874755,9216.3037109375,0.0,3.5243284702301025,30.0,,0.0,0.0,30.0,150.0,10.366528320312504,22.366528320312504,Leave_One_experiments/all_year_offline_schedule_search/daily_outputs/HLA/HLA_2015_HLA2015_normal_grid_S0013_daily.csv
HLA,HLA,Hailun,2015,Leave_One_experiments\wth_generated_qc\HLA\HLA2015.WTH,dry_year;nitrogen_stress_year;low_response_year,dry,HLA2015_normal_grid_S0013,irrigation_positive_candidate,2015-08-07,219,100,95,"{""sim_day"": 100.0, ""doy"": 219.0, ""topwt"": 9301.7333984375, ""grnwt"": 0.0, ""xlai"": 3.480231046676636, ""totir"": 30.0, ""tofer"": NaN, ""swfac"": 0.0, ""nstres"": 0.1000969409942627}",0.0,0.1000969409942627,9301.7333984375,0.0,3.480231046676636,30.0,,0.0,0.0,30.0,150.0,10.366528320312504,22.366528320312504,Leave_One_experiments/all_year_offline_schedule_search/daily_outputs/HLA/HLA_2015_HLA2015_normal_grid_S0013_daily.csv
HLA,HLA,Hailun,2015,Leave_One_experiments\wth_generated_qc\HLA\HLA2015.WTH,dry_year;nitrogen_stress_year;low_response_year,dry,HLA2015_normal_grid_S0013,irrigation_positive_candidate,2015-08-08,220,101,96,"{""sim_day"": 101.0, ""doy"": 220.0, ""topwt"": 9464.016723632812, ""grnwt"": 0.0, ""xlai"": 3.439645528793335, ""totir"": 30.0, ""tofer"": NaN, ""swfac"": 0.0, ""nstres"": 0.0932943820953369}",0.0,0.0932943820953369,9464.016723632812,0.0,3.439645528793335,30.0,,0.0,0.0,30.0,150.0,10.366528320312504,22.366528320312504,Leave_One_experiments/all_year_offline_schedule_search/daily_outputs/HLA/HLA_2015_HLA2015_normal_grid_S0013_daily.csv
HLA,HLA,Hailun,2015,Leave_One_experiments\wth_generated_qc\HLA\HLA2015.WTH,dry_year;nitrogen_stress_year;low_response_year,dry,HLA2015_normal_grid_S0013,irrigation_positive_candidate,2015-08-09,221,102,97,"{""sim_day"": 102.0, ""doy"": 221.0, ""topwt"": 9712.559814453123, ""grnwt"": 0.0, ""xlai"": 3.402930498123169, ""totir"": 30.0, ""tofer"": NaN, ""swfac"": 0.0, ""nstres"": 0.085392951965332}",0.0,0.085392951965332,9712.559814453123,0.0,3.402930498123169,30.0,,0.0,0.0,30.0,150.0,10.366528320312504,22.366528320312504,Leave_One_experiments/all_year_offline_schedule_search/daily_outputs/HLA/HLA_2015_HLA2015_normal_grid_S0013_daily.csv
HLA,HLA,Hailun,2015,Leave_One_experiments\wth_generated_qc\HLA\HLA2015.WTH,dry_year;nitrogen_stress_year;low_response_year,dry,HLA2015_normal_grid_S0013,irrigation_positive_candidate,2015-08-10,222,103,98,"{""sim_day"": 103.0, ""doy"": 222.0, ""topwt"": 10019.866943359377, ""grnwt"": 0.0, ""xlai"": 3.369789361953736, ""totir"": 30.0, ""tofer"": NaN, ""swfac"": 0.0, ""nstres"": 0.0779123306274414}",0.0,0.0779123306274414,10019.866943359377,0.0,3.369789361953736,30.0,,0.0,0.0,30.0,150.0,10.366528320312504,22.366528320312504,Leave_One_experiments/all_year_offline_schedule_search/daily_outputs/HLA/HLA_2015_HLA2015_normal_grid_S0013_daily.csv
HLA,HLA,Hailun,2015,Leave_One_experiments\wth_generated_qc\HLA\HLA2015.WTH,dry_year;nitrogen_stress_year;low_response_year,dry,HLA2015_normal_grid_S0013,irrigation_positive_candidate,2015-08-11,223,104,99,"{""sim_day"": 104.0, ""doy"": 223.0, ""topwt"": 10367.843017578123, ""grnwt"": 0.0, ""xlai"": 3.339718580245972, ""totir"": 30.0, ""tofer"": NaN, ""swfac"": 0.0, ""nstres"": 0.0713884830474853}",0.0,0.0713884830474853,10367.843017578123,0.0,3.339718580245972,30.0,,0.0,0.0,30.0,150.0,10.366528320312504,22.366528320312504,Leave_One_experiments/all_year_offline_schedule_search/daily_outputs/HLA/HLA_2015_HLA2015_normal_grid_S0013_daily.csv
HLA,HLA,Hailun,2015,Leave_One_experiments\wth_generated_qc\HLA\HLA2015.WTH,dry_year;nitrogen_stress_year;low_response_year,dry,HLA2015_normal_grid_S0013,irrigation_positive_candidate,2015-08-12,224,105,100,"{""sim_day"": 105.0, ""doy"": 224.0, ""topwt"": 10515.96435546875, ""grnwt"": 148.1203651428223, ""xlai"": 3.3125550746917725, ""totir"": 30.0, ""tofer"": NaN, ""swfac"": 0.0, ""nstres"": 0.0650671124458313}",0.0,0.0650671124458313,10515.96435546875,148.1203651428223,3.3125550746917725,30.0,,0.0,0.0,30.0,150.0,10.366528320312504,22.366528320312504,Leave_One_experiments/all_year_offline_schedule_search/daily_outputs/HLA/HLA_2015_HLA2015_normal_grid_S0013_daily.csv
HLA,HLA,Hailun,2015,Leave_One_experiments\wth_generated_qc\HLA\HLA2015.WTH,dry_year;nitrogen_stress_year;low_response_year,dry,HLA2015_normal_grid_S0013,irrigation_positive_candidate,2015-08-13,225,106,101,"{""sim_day"": 106.0, ""doy"": 225.0, ""topwt"": 10664.08447265625, ""grnwt"": 296.24073028564453, ""xlai"": 3.282246351242065, ""totir"": 30.0, ""tofer"": NaN, ""swfac"": 0.0, ""nstres"": 0.0731971263885498}",0.0,0.0731971263885498,10664.08447265625,296.24073028564453,3.282246351242065,30.0,,0.0,0.0,30.0,150.0,10.366528320312504,22.366528320312504,Leave_One_experiments/all_year_offline_schedule_search/daily_outputs/HLA/HLA_2015_HLA2015_normal_grid_S0013_daily.csv
HLA,HLA,Hailun,2015,Leave_One_experiments\wth_generated_qc\HLA\HLA2015.WTH,dry_year;nitrogen_stress_year;low_response_year,dry,HLA2015_normal_grid_S0013,irrigation_positive_candidate,2015-08-14,226,107,102,"{""sim_day"": 107.0, ""doy"": 226.0, ""topwt"": 10812.20458984375, ""grnwt"": 444.3611145019531, ""xlai"": 3.2523179054260254, ""totir"": 30.0, ""tofer"": NaN, ""swfac"": 0.0, ""nstres"": 0.0729461908340454}",0.0,0.0729461908340454,10812.20458984375,444.3611145019531,3.2523179054260254,30.0,,0.0,0.0,30.0,150.0,10.366528320312504,22.366528320312504,Leave_One_experiments/all_year_offline_schedule_search/daily_outputs/HLA/HLA_2015_HLA2015_normal_grid_S0013_daily.csv
HLA,HLA,Hailun,2015,Leave_One_experiments\wth_generated_qc\HLA\HLA2015.WTH,dry_year;nitrogen_stress_year;low_response_year,dry,HLA2015_normal_grid_S0013,irrigation_positive_candidate,2015-08-15,227,108,103,"{""sim_day"": 108.0, ""doy"": 227.0, ""topwt"": 10960.32470703125, ""grnwt"": 592.4814605712891, ""xlai"": 3.2223823070526123, ""totir"": 30.0, ""tofer"": NaN, ""swfac"": 0.0, ""nstres"": 0.0736346244812011}",0.0,0.0736346244812011,10960.32470703125,592.4814605712891,3.2223823070526123,30.0,,0.0,0.0,30.0,150.0,10.366528320312504,22.366528320312504,Leave_One_experiments/all_year_offline_schedule_search/daily_outputs/HLA/HLA_2015_HLA2015_normal_grid_S0013_daily.csv
HLA,HLA,Hailun,2015,Leave_One_experiments\wth_generated_qc\HLA\HLA2015.WTH,dry_year;nitrogen_stress_year;low_response_year,dry,HLA2015_normal_grid_S0013,irrigation_positive_candidate,2015-08-16,228,109,104,"{""sim_day"": 109.0, ""doy"": 228.0, ""topwt"": 11108.44482421875, ""grnwt"": 740.601806640625, ""xlai"": 3.191962957382202, ""totir"": 30.0, ""tofer"": NaN, ""swfac"": 0.0, ""nstres"": 0.0755198001861572}",0.0,0.0755198001861572,11108.44482421875,740.601806640625,3.191962957382202,30.0,,0.0,0.0,30.0,150.0,10.366528320312504,22.366528320312504,Leave_One_experiments/all_year_offline_schedule_search/daily_outputs/HLA/HLA_2015_HLA2015_normal_grid_S0013_daily.csv
HLA,HLA,Hailun,2015,Leave_One_experiments\wth_generated_qc\HLA\HLA2015.WTH,dry_year;nitrogen_stress_year;low_response_year,dry,HLA2015_normal_grid_S0013,irrigation_positive_candidate,2015-08-17,229,110,105,"{""sim_day"": 110.0, ""doy"": 229.0, ""topwt"": 11256.566162109377, ""grnwt"": 888.7222290039062, ""xlai"": 3.161215782165528, ""totir"": 30.0, ""tofer"": NaN, ""swfac"": 0.0, ""nstres"": 0.0770615339279174}",0.0,0.0770615339279174,11256.566162109377,888.7222290039062,3.161215782165528,30.0,,0.0,0.0,30.0,150.0,10.366528320312504,22.366528320312504,Leave_One_experiments/all_year_offline_schedule_search/daily_outputs/HLA/HLA_2015_HLA2015_normal_grid_S0013_daily.csv
HLA,HLA,Hailun,2015,Leave_One_experiments\wth_generated_qc\HLA\HLA2015.WTH,dry_year;nitrogen_stress_year;low_response_year,dry,HLA2015_normal_grid_S0013,irrigation_positive_candidate,2015-08-18,230,111,106,"{""sim_day"": 111.0, ""doy"": 230.0, ""topwt"": 11404.686279296877, ""grnwt"": 1036.8426513671875, ""xlai"": 3.129966735839844, ""totir"": 30.0, ""tofer"": NaN, ""swfac"": 0.0, ""nstres"": 0.0790812969207763}",0.0,0.0790812969207763,11404.686279296877,1036.8426513671875,3.129966735839844,30.0,,0.0,0.0,30.0,150.0,10.366528320312504,22.366528320312504,Leave_One_experiments/all_year_offline_schedule_search/daily_outputs/HLA/HLA_2015_HLA2015_normal_grid_S0013_daily.csv
HLA,HLA,Hailun,2015,Leave_One_experiments\wth_generated_qc\HLA\HLA2015.WTH,dry_year;nitrogen_stress_year;low_response_year,dry,HLA2015_normal_grid_S0013,irrigation_positive_candidate,2015-08-19,231,112,107,"{""sim_day"": 112.0, ""doy"": 231.0, ""topwt"": 11552.806396484377, ""grnwt"": 1184.9630737304688, ""xlai"": 3.097770929336548, ""totir"": 30.0, ""tofer"": NaN, ""swfac"": 0.0, ""nstres"": 0.0822895765304565}",0.0,0.0822895765304565,11552.806396484377,1184.9630737304688,3.097770929336548,30.0,,0.0,0.0,30.0,150.0,10.366528320312504,22.366528320312504,Leave_One_experiments/all_year_offline_schedule_search/daily_outputs/HLA/HLA_2015_HLA2015_normal_grid_S0013_daily.csv
HLA,HLA,Hailun,2015,Leave_One_experiments\wth_generated_qc\HLA\HLA2015.WTH,dry_year;nitrogen_stress_year;low_response_year,dry,HLA2015_normal_grid_S0013,irrigation_positive_candidate,2015-08-20,232,113,108,"{""sim_day"": 113.0, ""doy"": 232.0, ""topwt"": 11700.926513671877, ""grnwt"": 1333.08349609375, ""xlai"": 3.0648980140686035, ""totir"": 30.0, ""tofer"": NaN, ""swfac"": 0.0, ""nstres"": 0.0848947763442993}",0.0,0.0848947763442993,11700.926513671877,1333.08349609375,3.0648980140686035,30.0,,0.0,0.0,30.0,150.0,10.366528320312504,22.366528320312504,Leave_One_experiments/all_year_offline_schedule_search/daily_outputs/HLA/HLA_2015_HLA2015_normal_grid_S0013_daily.csv
HLA,HLA,Hailun,2015,Leave_One_experiments\wth_generated_qc\HLA\HLA2015.WTH,dry_year;nitrogen_stress_year;low_response_year,dry,HLA2015_normal_grid_S0013,irrigation_positive_candidate,2015-08-21,233,114,109,"{""sim_day"": 114.0, ""doy"": 233.0, ""topwt"": 11849.0478515625, ""grnwt"": 1481.2039184570312, ""xlai"": 3.0311989784240723, ""totir"": 30.0, ""tofer"": NaN, ""swfac"": 0.0, ""nstres"": 0.087961196899414}",0.0,0.087961196899414,11849.0478515625,1481.2039184570312,3.0311989784240723,30.0,,0.0,0.0,30.0,150.0,10.366528320312504,22.366528320312504,Leave_One_experiments/all_year_offline_schedule_search/daily_outputs/HLA/HLA_2015_HLA2015_normal_grid_S0013_daily.csv
HLA,HLA,Hailun,2015,Leave_One_experiments\wth_generated_qc\HLA\HLA2015.WTH,dry_year;nitrogen_stress_year;low_response_year,dry,HLA2015_normal_grid_S0013,irrigation_positive_candidate,2015-08-22,234,115,110,"{""sim_day"": 115.0, ""doy"": 234.0, ""topwt"": 11991.91650390625, ""grnwt"": 1629.324188232422, ""xlai"": 2.996101856231689, ""totir"": 30.0, ""tofer"": NaN, ""swfac"": 0.0, ""nstres"": 0.0926284790039062}",0.0,0.0926284790039062,11991.91650390625,1629.324188232422,2.996101856231689,30.0,,0.0,0.0,30.0,150.0,10.366528320312504,22.366528320312504,Leave_One_experiments/all_year_offline_schedule_search/daily_outputs/HLA/HLA_2015_HLA2015_normal_grid_S0013_daily.csv
HLA,HLA,Hailun,2015,Leave_One_experiments\wth_generated_qc\HLA\HLA2015.WTH,dry_year;nitrogen_stress_year;low_response_year,dry,HLA2015_normal_grid_S0013,irrigation_positive_candidate,2015-08-23,235,116,111,"{""sim_day"": 116.0, ""doy"": 235.0, ""topwt"": 12145.2880859375, ""grnwt"": 1777.4444580078125, ""xlai"": 2.960038661956787, ""totir"": 30.0, ""tofer"": NaN, ""swfac"": 0.0, ""nstres"": 0.0962940454483032}",0.0,0.0962940454483032,12145.2880859375,1777.4444580078125,2.960038661956787,30.0,,0.0,0.0,30.0,150.0,10.366528320312504,22.366528320312504,Leave_One_experiments/all_year_offline_schedule_search/daily_outputs/HLA/HLA_2015_HLA2015_normal_grid_S0013_daily.csv
HLA,HLA,Hailun,2015,Leave_One_experiments\wth_generated_qc\HLA\HLA2015.WTH,dry_year;nitrogen_stress_year;low_response_year,dry,HLA2015_normal_grid_S0013,irrigation_positive_candidate,2015-08-24,236,117,112,"{""sim_day"": 117.0, ""doy"": 236.0, ""topwt"": 12293.409423828123, ""grnwt"": 1925.5647277832031, ""xlai"": 2.922734022140503, ""totir"": 30.0, ""tofer"": NaN, ""swfac"": 0.0, ""nstres"": 0.1008213758468627}",0.0,0.1008213758468627,12293.409423828123,1925.5647277832031,2.922734022140503,30.0,,0.0,0.0,30.0,150.0,10.366528320312504,22.366528320312504,Leave_One_experiments/all_year_offline_schedule_search/daily_outputs/HLA/HLA_2015_HLA2015_normal_grid_S0013_daily.csv
HLA,HLA,Hailun,2015,Leave_One_experiments\wth_generated_qc\HLA\HLA2015.WTH,dry_year;nitrogen_stress_year;low_response_year,dry,HLA2015_normal_grid_S0013,irrigation_positive_candidate,2015-08-25,237,118,113,"{""sim_day"": 118.0, ""doy"": 237.0, ""topwt"": 12441.529541015623, ""grnwt"": 2073.6849975585938, ""xlai"": 2.884131669998169, ""totir"": 30.0, ""tofer"": NaN, ""swfac"": 0.0, ""nstres"": 0.105661392211914}",0.0,0.105661392211914,12441.529541015623,2073.6849975585938,2.884131669998169,30.0,,0.0,0.0,30.0,150.0,10.366528320312504,22.366528320312504,Leave_One_experiments/all_year_offline_schedule_search/daily_outputs/HLA/HLA_2015_HLA2015_normal_grid_S0013_daily.csv
HLA,HLA,Hailun,2015,Leave_One_experiments\wth_generated_qc\HLA\HLA2015.WTH,dry_year;nitrogen_stress_year;low_response_year,dry,HLA2015_normal_grid_S0013,irrigation_positive_candidate,2015-08-26,238,119,114,"{""sim_day"": 119.0, ""doy"": 238.0, ""topwt"": 12576.380615234377, ""grnwt"": 2221.805419921875, ""xlai"": 2.844609022140503, ""totir"": 30.0, ""tofer"": NaN, ""swfac"": 0.0, ""nstres"": 0.1096279621124267}",0.0,0.1096279621124267,12576.380615234377,2221.805419921875,2.844609022140503,30.0,,0.0,0.0,30.0,150.0,10.366528320312504,22.366528320312504,Leave_One_experiments/all_year_offline_schedule_search/daily_outputs/HLA/HLA_2015_HLA2015_normal_grid_S0013_daily.csv
HLA,HLA,Hailun,2015,Leave_One_experiments\wth_generated_qc\HLA\HLA2015.WTH,dry_year;nitrogen_stress_year;low_response_year,dry,HLA2015_normal_grid_S0013,irrigation_positive_candidate,2015-08-27,239,120,115,"{""sim_day"": 120.0, ""doy"": 239.0, ""topwt"": 12737.769775390623, ""grnwt"": 2369.9256896972656, ""xlai"": 2.8036370277404785, ""totir"": 30.0, ""tofer"": NaN, ""swfac"": 0.0, ""nstres"": 0.1152257919311523}",0.0,0.1152257919311523,12737.769775390623,2369.9256896972656,2.8036370277404785,30.0,,0.0,0.0,30.0,150.0,10.366528320312504,22.366528320312504,Leave_One_experiments/all_year_offline_schedule_search/daily_outputs/HLA/HLA_2015_HLA2015_normal_grid_S0013_daily.csv
HLA,HLA,Hailun,2015,Leave_One_experiments\wth_generated_qc\HLA\HLA2015.WTH,dry_year;nitrogen_stress_year;low_response_year,dry,HLA2015_normal_grid_S0013,irrigation_positive_candidate,2015-08-28,240,121,116,"{""sim_day"": 121.0, ""doy"": 240.0, ""topwt"": 12885.89111328125, ""grnwt"": 2518.045959472656, ""xlai"": 2.761690855026245, ""totir"": 30.0, ""tofer"": NaN, ""swfac"": 0.0, ""nstres"": 0.1196909546852111}",0.0,0.1196909546852111,12885.89111328125,2518.045959472656,2.761690855026245,30.0,,0.0,0.0,30.0,150.0,10.366528320312504,22.366528320312504,Leave_One_experiments/all_year_offline_schedule_search/daily_outputs/HLA/HLA_2015_HLA2015_normal_grid_S0013_daily.csv
HLA,HLA,Hailun,2015,Leave_One_experiments\wth_generated_qc\HLA\HLA2015.WTH,dry_year;nitrogen_stress_year;low_response_year,dry,HLA2015_normal_grid_S0013,irrigation_positive_candidate,2015-08-29,241,122,117,"{""sim_day"": 122.0, ""doy"": 241.0, ""topwt"": 13034.01123046875, ""grnwt"": 2666.166381835937, ""xlai"": 2.7183167934417725, ""totir"": 30.0, ""tofer"": NaN, ""swfac"": 0.0, ""nstres"": 0.1256448030471801}",0.0,0.1256448030471801,13034.01123046875,2666.166381835937,2.7183167934417725,30.0,,0.0,0.0,30.0,150.0,10.366528320312504,22.366528320312504,Leave_One_experiments/all_year_offline_schedule_search/daily_outputs/HLA/HLA_2015_HLA2015_normal_grid_S0013_daily.csv
HLA,HLA,Hailun,2015,Leave_One_experiments\wth_generated_qc\HLA\HLA2015.WTH,dry_year;nitrogen_stress_year;low_response_year,dry,HLA2015_normal_grid_S0013,irrigation_positive_candidate,2015-08-30,242,123,118,"{""sim_day"": 123.0, ""doy"": 242.0, ""topwt"": 13182.13134765625, ""grnwt"": 2814.286499023437, ""xlai"": 2.673945665359497, ""totir"": 30.0, ""tofer"": NaN, ""swfac"": 0.0, ""nstres"": 0.1305832862854004}",0.0,0.1305832862854004,13182.13134765625,2814.286499023437,2.673945665359497,30.0,,0.0,0.0,30.0,150.0,10.366528320312504,22.366528320312504,Leave_One_experiments/all_year_offline_schedule_search/daily_outputs/HLA/HLA_2015_HLA2015_normal_grid_S0013_daily.csv
HLA,HLA,Hailun,2015,Leave_One_experiments\wth_generated_qc\HLA\HLA2015.WTH,dry_year;nitrogen_stress_year;low_response_year,dry,HLA2015_normal_grid_S0013,irrigation_positive_candidate,2015-08-31,243,124,119,"{""sim_day"": 124.0, ""doy"": 243.0, ""topwt"": 13330.25146484375, ""grnwt"": 2962.4069213867188, ""xlai"": 2.628380537033081, ""totir"": 30.0, ""tofer"": NaN, ""swfac"": 0.0, ""nstres"": 0.1363236904144287}",0.0,0.1363236904144287,13330.25146484375,2962.4069213867188,2.628380537033081,30.0,,0.0,0.0,30.0,150.0,10.366528320312504,22.366528320312504,Leave_One_experiments/all_year_offline_schedule_search/daily_outputs/HLA/HLA_2015_HLA2015_normal_grid_S0013_daily.csv
HLA,HLA,Hailun,2015,Leave_One_experiments\wth_generated_qc\HLA\HLA2015.WTH,dry_year;nitrogen_stress_year;low_response_year,dry,HLA2015_normal_grid_S0013,irrigation_positive_candidate,2015-09-01,244,125,120,"{""sim_day"": 125.0, ""doy"": 244.0, ""topwt"": 13478.37158203125, ""grnwt"": 3110.52734375, ""xlai"": 2.581632375717163, ""totir"": 30.0, ""tofer"": NaN, ""swfac"": 0.0, ""nstres"": 0.1422871351242065}",0.0,0.1422871351242065,13478.37158203125,3110.52734375,2.581632375717163,30.0,,0.0,0.0,30.0,150.0,10.366528320312504,22.366528320312504,Leave_One_experiments/all_year_offline_schedule_search/daily_outputs/HLA/HLA_2015_HLA2015_normal_grid_S0013_daily.csv
HLA,HLA,Hailun,2015,Leave_One_experiments\wth_generated_qc\HLA\HLA2015.WTH,dry_year;nitrogen_stress_year;low_response_year,dry,HLA2015_normal_grid_S0013,irrigation_positive_candidate,2015-09-02,245,126,121,"{""sim_day"": 126.0, ""doy"": 245.0, ""topwt"": 13605.333251953123, ""grnwt"": 3237.4874877929688, ""xlai"": 2.53286075592041, ""totir"": 30.0, ""tofer"": NaN, ""swfac"": 0.0, ""nstres"": 0.1511338949203491}",0.0,0.1511338949203491,13605.333251953123,3237.4874877929688,2.53286075592041,30.0,,0.0,0.0,30.0,150.0,10.366528320312504,22.366528320312504,Leave_One_experiments/all_year_offline_schedule_search/daily_outputs/HLA/HLA_2015_HLA2015_normal_grid_S0013_daily.csv
HLA,HLA,Hailun,2015,Leave_One_experiments\wth_generated_qc\HLA\HLA2015.WTH,dry_year;nitrogen_stress_year;low_response_year,dry,HLA2015_normal_grid_S0013,irrigation_positive_candidate,2015-09-03,246,127,122,"{""sim_day"": 127.0, ""doy"": 246.0, ""topwt"": 13708.31298828125, ""grnwt"": 3340.46630859375, ""xlai"": 2.4825172424316406, ""totir"": 30.0, ""tofer"": NaN, ""swfac"": 0.0, ""nstres"": 0.1590096950531005}",0.0,0.1590096950531005,13708.31298828125,3340.46630859375,2.4825172424316406,30.0,,0.0,0.0,30.0,150.0,10.366528320312504,22.366528320312504,Leave_One_experiments/all_year_offline_schedule_search/daily_outputs/HLA/HLA_2015_HLA2015_normal_grid_S0013_daily.csv
HLA,HLA,Hailun,2015,Leave_One_experiments\wth_generated_qc\HLA\HLA2015.WTH,dry_year;nitrogen_stress_year;low_response_year,dry,HLA2015_normal_grid_S0013,irrigation_positive_candidate,2015-09-04,247,128,123,"{""sim_day"": 128.0, ""doy"": 247.0, ""topwt"": 13800.006103515623, ""grnwt"": 3432.1597290039062, ""xlai"": 2.2737371921539307, ""totir"": 30.0, ""tofer"": NaN, ""swfac"": 0.0, ""nstres"": 0.1649900674819946}",0.0,0.1649900674819946,13800.006103515623,3432.1597290039062,2.2737371921539307,30.0,,0.0,0.0,30.0,150.0,10.366528320312504,22.366528320312504,Leave_One_experiments/all_year_offline_schedule_search/daily_outputs/HLA/HLA_2015_HLA2015_normal_grid_S0013_daily.csv
HLA,HLA,Hailun,2015,Leave_One_experiments\wth_generated_qc\HLA\HLA2015.WTH,dry_year;nitrogen_stress_year;low_response_year,dry,HLA2015_normal_grid_S0013,irrigation_positive_candidate,2015-09-05,248,129,124,"{""sim_day"": 129.0, ""doy"": 248.0, ""topwt"": 13943.1884765625, ""grnwt"": 3575.343017578125, ""xlai"": 2.225759744644165, ""totir"": 30.0, ""tofer"": NaN, ""swfac"": 0.0, ""nstres"": 0.1688059568405151}",0.0,0.1688059568405151,13943.1884765625,3575.343017578125,2.225759744644165,30.0,,0.0,0.0,30.0,150.0,10.366528320312504,22.366528320312504,Leave_One_experiments/all_year_offline_schedule_search/daily_outputs/HLA/HLA_2015_HLA2015_normal_grid_S0013_daily.csv
HLA,HLA,Hailun,2015,Leave_One_experiments\wth_generated_qc\HLA\HLA2015.WTH,dry_year;nitrogen_stress_year;low_response_year,dry,HLA2015_normal_grid_S0013,irrigation_positive_candidate,2015-09-06,249,130,125,"{""sim_day"": 130.0, ""doy"": 249.0, ""topwt"": 14079.31884765625, ""grnwt"": 3711.472778320313, ""xlai"": 2.1764612197875977, ""totir"": 30.0, ""tofer"": NaN, ""swfac"": 0.0, ""nstres"": 0.1771919727325439}",0.0,0.1771919727325439,14079.31884765625,3711.472778320313,2.1764612197875977,30.0,,0.0,0.0,30.0,150.0,10.366528320312504,22.366528320312504,Leave_One_experiments/all_year_offline_schedule_search/daily_outputs/HLA/HLA_2015_HLA2015_normal_grid_S0013_daily.csv
HLA,HLA,Hailun,2015,Leave_One_experiments\wth_generated_qc\HLA\HLA2015.WTH,dry_year;nitrogen_stress_year;low_response_year,dry,HLA2015_normal_grid_S0013,irrigation_positive_candidate,2015-09-07,250,131,126,"{""sim_day"": 131.0, ""doy"": 250.0, ""topwt"": 14203.26171875, ""grnwt"": 3841.959838867188, ""xlai"": 2.1260643005371094, ""totir"": 30.0, ""tofer"": NaN, ""swfac"": 0.0, ""nstres"": 0.1852437853813171}",0.0,0.1852437853813171,14203.26171875,3841.959838867188,2.1260643005371094,30.0,,0.0,0.0,30.0,150.0,10.366528320312504,22.366528320312504,Leave_One_experiments/all_year_offline_schedule_search/daily_outputs/HLA/HLA_2015_HLA2015_normal_grid_S0013_daily.csv
HLA,HLA,Hailun,2015,Leave_One_experiments\wth_generated_qc\HLA\HLA2015.WTH,dry_year;nitrogen_stress_year;low_response_year,dry,HLA2015_normal_grid_S0013,irrigation_positive_candidate,2015-09-08,251,132,127,"{""sim_day"": 132.0, ""doy"": 251.0, ""topwt"": 14323.58642578125, ""grnwt"": 3990.0802612304688, ""xlai"": 2.0749757289886475, ""totir"": 30.0, ""tofer"": NaN, ""swfac"": 0.0, ""nstres"": 0.1922369003295898}",0.0,0.1922369003295898,14323.58642578125,3990.0802612304688,2.0749757289886475,30.0,,0.0,0.0,30.0,150.0,10.366528320312504,22.366528320312504,Leave_One_experiments/all_year_offline_schedule_search/daily_outputs/HLA/HLA_2015_HLA2015_normal_grid_S0013_daily.csv
HLA,HLA,Hailun,2015,Leave_One_experiments\wth_generated_qc\HLA\HLA2015.WTH,dry_year;nitrogen_stress_year;low_response_year,dry,HLA2015_normal_grid_S0013,irrigation_positive_candidate,2015-09-09,252,133,128,"{""sim_day"": 133.0, ""doy"": 252.0, ""topwt"": 14446.79931640625, ""grnwt"": 4078.9523315429688, ""xlai"": 2.007746458053589, ""totir"": 30.0, ""tofer"": NaN, ""swfac"": 0.0, ""nstres"": 0.2057509422302246}",0.0,0.2057509422302246,14446.79931640625,4078.9523315429688,2.007746458053589,30.0,,0.0,0.0,30.0,150.0,10.366528320312504,22.366528320312504,Leave_One_experiments/all_year_offline_schedule_search/daily_outputs/HLA/HLA_2015_HLA2015_normal_grid_S0013_daily.csv
HLA,HLA,Hailun,2015,Leave_One_experiments\wth_generated_qc\HLA\HLA2015.WTH,dry_year;nitrogen_stress_year;low_response_year,dry,HLA2015_normal_grid_S0013,irrigation_positive_candidate,2015-09-10,253,134,129,"{""sim_day"": 134.0, ""doy"": 253.0, ""topwt"": 14549.77783203125, ""grnwt"": 4181.93115234375, ""xlai"": 1.9562171697616575, ""totir"": 30.0, ""tofer"": NaN, ""swfac"": 0.0, ""nstres"": 0.2159658670425415}",0.0,0.2159658670425415,14549.77783203125,4181.93115234375,1.9562171697616575,30.0,,0.0,0.0,30.0,150.0,10.366528320312504,22.366528320312504,Leave_One_experiments/all_year_offline_schedule_search/daily_outputs/HLA/HLA_2015_HLA2015_normal_grid_S0013_daily.csv
HLA,HLA,Hailun,2015,Leave_One_experiments\wth_generated_qc\HLA\HLA2015.WTH,dry_year;nitrogen_stress_year;low_response_year,dry,HLA2015_normal_grid_S0013,irrigation_positive_candidate,2015-09-11,254,135,130,"{""sim_day"": 135.0, ""doy"": 254.0, ""topwt"": 14612.55126953125, ""grnwt"": 4244.705810546875, ""xlai"": 1.74318528175354, ""totir"": 30.0, ""tofer"": NaN, ""swfac"": 0.0, ""nstres"": 0.2433434724807739}",0.0,0.2433434724807739,14612.55126953125,4244.705810546875,1.74318528175354,30.0,,0.0,0.0,30.0,150.0,10.366528320312504,22.366528320312504,Leave_One_experiments/all_year_offline_schedule_search/daily_outputs/HLA/HLA_2015_HLA2015_normal_grid_S0013_daily.csv
HLA,HLA,Hailun,2015,Leave_One_experiments\wth_generated_qc\HLA\HLA2015.WTH,dry_year;nitrogen_stress_year;low_response_year,dry,HLA2015_normal_grid_S0013,irrigation_positive_candidate,2015-09-12,255,136,131,"{""sim_day"": 136.0, ""doy"": 255.0, ""topwt"": 14714.12109375, ""grnwt"": 4346.274108886719, ""xlai"": 1.6957764625549316, ""totir"": 30.0, ""tofer"": NaN, ""swfac"": 0.0, ""nstres"": 0.2527185678482055}",0.0,0.2527185678482055,14714.12109375,4346.274108886719,1.6957764625549316,30.0,,0.0,0.0,30.0,150.0,10.366528320312504,22.366528320312504,Leave_One_experiments/all_year_offline_schedule_search/daily_outputs/HLA/HLA_2015_HLA2015_normal_grid_S0013_daily.csv
HLA,HLA,Hailun,2015,Leave_One_experiments\wth_generated_qc\HLA\HLA2015.WTH,dry_year;nitrogen_stress_year;low_response_year,dry,HLA2015_normal_grid_S0013,irrigation_positive_candidate,2015-09-13,256,137,132,"{""sim_day"": 137.0, ""doy"": 256.0, ""topwt"": 14862.2412109375, ""grnwt"": 4494.39453125, ""xlai"": 1.6486573219299316, ""totir"": 30.0, ""tofer"": NaN, ""swfac"": 0.0, ""nstres"": 0.2668690085411072}",0.0,0.2668690085411072,14862.2412109375,4494.39453125,1.6486573219299316,30.0,,0.0,0.0,30.0,150.0,10.366528320312504,22.366528320312504,Leave_One_experiments/all_year_offline_schedule_search/daily_outputs/HLA/HLA_2015_HLA2015_normal_grid_S0013_daily.csv
HLA,HLA,Hailun,2015,Leave_One_experiments\wth_generated_qc\HLA\HLA2015.WTH,dry_year;nitrogen_stress_year;low_response_year,dry,HLA2015_normal_grid_S0013,irrigation_positive_candidate,2015-09-14,257,138,133,"{""sim_day"": 138.0, ""doy"": 257.0, ""topwt"": 15010.361328125, ""grnwt"": 4642.515258789063, ""xlai"": 1.601418137550354, ""totir"": 30.0, ""tofer"": NaN, ""swfac"": 0.0, ""nstres"": 0.2876763343811035}",0.0,0.2876763343811035,15010.361328125,4642.515258789063,1.601418137550354,30.0,,0.0,0.0,30.0,150.0,10.366528320312504,22.366528320312504,Leave_One_experiments/all_year_offline_schedule_search/daily_outputs/HLA/HLA_2015_HLA2015_normal_grid_S0013_daily.csv
HLA,HLA,Hailun,2015,Leave_One_experiments\wth_generated_qc\HLA\HLA2015.WTH,dry_year;nitrogen_stress_year;low_response_year,dry,HLA2015_normal_grid_S0013,irrigation_positive_candidate,2015-09-15,258,139,134,"{""sim_day"": 139.0, ""doy"": 258.0, ""topwt"": 15158.4814453125, ""grnwt"": 4790.635681152344, ""xlai"": 1.554105281829834, ""totir"": 30.0, ""tofer"": NaN, ""swfac"": 0.0, ""nstres"": 0.3090668320655823}",0.0,0.3090668320655823,15158.4814453125,4790.635681152344,1.554105281829834,30.0,,0.0,0.0,30.0,150.0,10.366528320312504,22.366528320312504,Leave_One_experiments/all_year_offline_schedule_search/daily_outputs/HLA/HLA_2015_HLA2015_normal_grid_S0013_daily.csv
HLA,HLA,Hailun,2015,Leave_One_experiments\wth_generated_qc\HLA\HLA2015.WTH,dry_year;nitrogen_stress_year;low_response_year,dry,HLA2015_normal_grid_S0013,irrigation_positive_candidate,2015-09-16,259,140,135,"{""sim_day"": 140.0, ""doy"": 259.0, ""topwt"": 15306.6015625, ""grnwt"": 4938.756103515625, ""xlai"": 1.5067660808563232, ""totir"": 30.0, ""tofer"": NaN, ""swfac"": 0.0, ""nstres"": 0.3310553431510925}",0.0,0.3310553431510925,15306.6015625,4938.756103515625,1.5067660808563232,30.0,,0.0,0.0,30.0,150.0,10.366528320312504,22.366528320312504,Leave_One_experiments/all_year_offline_schedule_search/daily_outputs/HLA/HLA_2015_HLA2015_normal_grid_S0013_daily.csv
HLA,HLA,Hailun,2015,Leave_One_experiments\wth_generated_qc\HLA\HLA2015.WTH,dry_year;nitrogen_stress_year;low_response_year,dry,HLA2015_normal_grid_S0013,irrigation_positive_candidate,2015-09-17,260,141,136,"{""sim_day"": 141.0, ""doy"": 260.0, ""topwt"": 15449.278564453123, ""grnwt"": 5086.876831054688, ""xlai"": 1.4595158100128174, ""totir"": 30.0, ""tofer"": NaN, ""swfac"": 0.0, ""nstres"": 0.3526073098182678}",0.0,0.3526073098182678,15449.278564453123,5086.876831054688,1.4595158100128174,30.0,,0.0,0.0,30.0,150.0,10.366528320312504,22.366528320312504,Leave_One_experiments/all_year_offline_schedule_search/daily_outputs/HLA/HLA_2015_HLA2015_normal_grid_S0013_daily.csv
HLA,HLA,Hailun,2015,Leave_One_experiments\wth_generated_qc\HLA\HLA2015.WTH,dry_year;nitrogen_stress_year;low_response_year,dry,HLA2015_normal_grid_S0013,irrigation_positive_candidate,2015-09-18,261,142,137,"{""sim_day"": 142.0, ""doy"": 261.0, ""topwt"": 15527.29248046875, ""grnwt"": 5211.72119140625, ""xlai"": 1.411946415901184, ""totir"": 30.0, ""tofer"": NaN, ""swfac"": 0.0, ""nstres"": 0.3822186589241028}",0.0,0.3822186589241028,15527.29248046875,5211.72119140625,1.411946415901184,30.0,,0.0,0.0,30.0,150.0,10.366528320312504,22.366528320312504,Leave_One_experiments/all_year_offline_schedule_search/daily_outputs/HLA/HLA_2015_HLA2015_normal_grid_S0013_daily.csv
HLA,HLA,Hailun,2015,Leave_One_experiments\wth_generated_qc\HLA\HLA2015.WTH,dry_year;nitrogen_stress_year;low_response_year,dry,HLA2015_normal_grid_S0013,irrigation_positive_candidate,2015-09-19,262,143,138,"{""sim_day"": 143.0, ""doy"": 262.0, ""topwt"": 15651.446533203123, ""grnwt"": 5311.173095703125, ""xlai"": 1.284871220588684, ""totir"": 30.0, ""tofer"": NaN, ""swfac"": 0.0, ""nstres"": 0.4058159589767456}",0.0,0.4058159589767456,15651.446533203123,5311.173095703125,1.284871220588684,30.0,,0.0,0.0,30.0,150.0,10.366528320312504,22.366528320312504,Leave_One_experiments/all_year_offline_schedule_search/daily_outputs/HLA/HLA_2015_HLA2015_normal_grid_S0013_daily.csv
HLA,HLA,Hailun,2015,Leave_One_experiments\wth_generated_qc\HLA\HLA2015.WTH,dry_year;nitrogen_stress_year;low_response_year,dry,HLA2015_normal_grid_S0013,irrigation_positive_candidate,2015-09-20,263,144,139,"{""sim_day"": 144.0, ""doy"": 263.0, ""topwt"": 15764.57763671875, ""grnwt"": 5459.293823242188, ""xlai"": 1.241286277770996, ""totir"": 30.0, ""tofer"": NaN, ""swfac"": 0.0, ""nstres"": 0.4141188859939575}",0.0,0.4141188859939575,15764.57763671875,5459.293823242188,1.241286277770996,30.0,,0.0,0.0,30.0,150.0,10.366528320312504,22.366528320312504,Leave_One_experiments/all_year_offline_schedule_search/daily_outputs/HLA/HLA_2015_HLA2015_normal_grid_S0013_daily.csv
HLA,HLA,Hailun,2015,Leave_One_experiments\wth_generated_qc\HLA\HLA2015.WTH,dry_year;nitrogen_stress_year;low_response_year,dry,HLA2015_normal_grid_S0013,irrigation_positive_candidate,2015-09-21,264,145,140,"{""sim_day"": 145.0, ""doy"": 264.0, ""topwt"": 15778.599853515623, ""grnwt"": 5515.015258789063, ""xlai"": 1.1972006559371948, ""totir"": 30.0, ""tofer"": NaN, ""swfac"": 0.0, ""nstres"": 0.4523889422416687}",0.0,0.4523889422416687,15778.599853515623,5515.015258789063,1.1972006559371948,30.0,,0.0,0.0,30.0,150.0,10.366528320312504,22.366528320312504,Leave_One_experiments/all_year_offline_schedule_search/daily_outputs/HLA/HLA_2015_HLA2015_normal_grid_S0013_daily.csv
HLA,HLA,Hailun,2015,Leave_One_experiments\wth_generated_qc\HLA\HLA2015.WTH,dry_year;nitrogen_stress_year;low_response_year,dry,HLA2015_normal_grid_S0013,irrigation_positive_candidate,2015-09-22,265,146,141,"{""sim_day"": 146.0, ""doy"": 265.0, ""topwt"": 15797.81494140625, ""grnwt"": 5540.40771484375, ""xlai"": 1.1543031930923462, ""totir"": 30.0, ""tofer"": NaN, ""swfac"": 0.0, ""nstres"": 0.4599562287330627}",0.0,0.4599562287330627,15797.81494140625,5540.40771484375,1.1543031930923462,30.0,,0.0,0.0,30.0,150.0,10.366528320312504,22.366528320312504,Leave_One_experiments/all_year_offline_schedule_search/daily_outputs/HLA/HLA_2015_HLA2015_normal_grid_S0013_daily.csv
HLA,HLA,Hailun,2015,Leave_One_experiments\wth_generated_qc\HLA\HLA2015.WTH,dry_year;nitrogen_stress_year;low_response_year,dry,HLA2015_normal_grid_S0013,irrigation_positive_candidate,2015-09-23,266,147,142,"{""sim_day"": 147.0, ""doy"": 266.0, ""topwt"": 15862.23876953125, ""grnwt"": 5580.611572265625, ""xlai"": 0.8993175625801086, ""totir"": 30.0, ""tofer"": NaN, ""swfac"": 0.0, ""nstres"": 0.458469808101654}",0.0,0.458469808101654,15862.23876953125,5580.611572265625,0.8993175625801086,30.0,,0.0,0.0,30.0,150.0,10.366528320312504,22.366528320312504,Leave_One_experiments/all_year_offline_schedule_search/daily_outputs/HLA/HLA_2015_HLA2015_normal_grid_S0013_daily.csv
HLA,HLA,Hailun,2015,Leave_One_experiments\wth_generated_qc\HLA\HLA2015.WTH,dry_year;nitrogen_stress_year;low_response_year,dry,HLA2015_normal_grid_S0013,irrigation_positive_candidate,2015-09-24,267,148,143,"{""sim_day"": 148.0, ""doy"": 267.0, ""topwt"": 15883.90869140625, ""grnwt"": 5633.511962890625, ""xlai"": 0.8668393492698669, ""totir"": 30.0, ""tofer"": NaN, ""swfac"": 0.0, ""nstres"": 0.4667463302612304}",0.0,0.4667463302612304,15883.90869140625,5633.511962890625,0.8668393492698669,30.0,,0.0,0.0,30.0,150.0,10.366528320312504,22.366528320312504,Leave_One_experiments/all_year_offline_schedule_search/daily_outputs/HLA/HLA_2015_HLA2015_normal_grid_S0013_daily.csv
HLA,HLA,Hailun,2015,Leave_One_experiments\wth_generated_qc\HLA\HLA2015.WTH,dry_year;nitrogen_stress_year;low_response_year,dry,HLA2015_normal_grid_S0013,irrigation_positive_candidate,2015-09-25,268,149,144,"{""sim_day"": 149.0, ""doy"": 268.0, ""topwt"": 15898.876953125, ""grnwt"": 5691.35009765625, ""xlai"": 0.8349199295043945, ""totir"": 30.0, ""tofer"": NaN, ""swfac"": 0.0, ""nstres"": 0.4837496876716614}",0.0,0.4837496876716614,15898.876953125,5691.35009765625,0.8349199295043945,30.0,,0.0,0.0,30.0,150.0,10.366528320312504,22.366528320312504,Leave_One_experiments/all_year_offline_schedule_search/daily_outputs/HLA/HLA_2015_HLA2015_normal_grid_S0013_daily.csv
HLA,HLA,Hailun,2015,Leave_One_experiments\wth_generated_qc\HLA\HLA2015.WTH,dry_year;nitrogen_stress_year;low_response_year,dry,HLA2015_normal_grid_S0013,irrigation_positive_candidate,2015-09-26,269,150,145,"{""sim_day"": 150.0, ""doy"": 269.0, ""topwt"": 15948.878173828123, ""grnwt"": 5736.49169921875, ""xlai"": 0.7494240403175354, ""totir"": 30.0, ""tofer"": NaN, ""swfac"": 0.0, ""nstres"": 0.4912738800048828}",0.0,0.4912738800048828,15948.878173828123,5736.49169921875,0.7494240403175354,30.0,,0.0,0.0,30.0,150.0,10.366528320312504,22.366528320312504,Leave_One_experiments/all_year_offline_schedule_search/daily_outputs/HLA/HLA_2015_HLA2015_normal_grid_S0013_daily.csv
HLA,HLA,Hailun,2015,Leave_One_experiments\wth_generated_qc\HLA\HLA2015.WTH,dry_year;nitrogen_stress_year;low_response_year,dry,HLA2015_normal_grid_S0013,irrigation_positive_candidate,2015-09-27,270,151,146,"{""sim_day"": 151.0, ""doy"": 270.0, ""topwt"": 15994.3359375, ""grnwt"": 5770.347900390625, ""xlai"": 0.5308920741081238, ""totir"": 30.0, ""tofer"": NaN, ""swfac"": 0.0, ""nstres"": 0.4943609833717346}",0.0,0.4943609833717346,15994.3359375,5770.347900390625,0.5308920741081238,30.0,,0.0,0.0,30.0,150.0,10.366528320312504,22.366528320312504,Leave_One_experiments/all_year_offline_schedule_search/daily_outputs/HLA/HLA_2015_HLA2015_normal_grid_S0013_daily.csv
HLA,HLA,Hailun,2015,Leave_One_experiments\wth_generated_qc\HLA\HLA2015.WTH,dry_year;nitrogen_stress_year;low_response_year,dry,HLA2015_normal_grid_S0013,irrigation_positive_candidate,2015-09-28,271,152,147,"{""sim_day"": 152.0, ""doy"": 271.0, ""topwt"": 16029.649658203123, ""grnwt"": 5785.864868164063, ""xlai"": 0.1651606410741806, ""totir"": 30.0, ""tofer"": NaN, ""swfac"": 0.0, ""nstres"": 0.5035684108734131}",0.0,0.5035684108734131,16029.649658203123,5785.864868164063,0.1651606410741806,30.0,,0.0,0.0,30.0,150.0,10.366528320312504,22.366528320312504,Leave_One_experiments/all_year_offline_schedule_search/daily_outputs/HLA/HLA_2015_HLA2015_normal_grid_S0013_daily.csv
HLA,HLA,Hailun,2015,Leave_One_experiments\wth_generated_qc\HLA\HLA2015.WTH,dry_year;nitrogen_stress_year;low_response_year,dry,HLA2015_normal_grid_S0013,irrigation_positive_candidate,2015-09-29,272,153,148,"{""sim_day"": 153.0, ""doy"": 272.0, ""topwt"": 16043.46923828125, ""grnwt"": 5857.1038818359375, ""xlai"": 0.154837891459465, ""totir"": 30.0, ""tofer"": NaN, ""swfac"": 0.0, ""nstres"": 0.5090844035148621}",0.0,0.5090844035148621,16043.46923828125,5857.1038818359375,0.154837891459465,30.0,,0.0,0.0,30.0,150.0,10.366528320312504,22.366528320312504,Leave_One_experiments/all_year_offline_schedule_search/daily_outputs/HLA/HLA_2015_HLA2015_normal_grid_S0013_daily.csv
HLA,HLA,Hailun,2015,Leave_One_experiments\wth_generated_qc\HLA\HLA2015.WTH,dry_year;nitrogen_stress_year;low_response_year,dry,HLA2015_normal_grid_S0013,irrigation_positive_candidate,2015-09-30,273,154,149,"{""sim_day"": 154.0, ""doy"": 273.0, ""topwt"": 16047.47314453125, ""grnwt"": 5897.3077392578125, ""xlai"": 0.1480097621679306, ""totir"": 30.0, ""tofer"": NaN, ""swfac"": 0.0, ""nstres"": 0.5293155908584595}",0.0,0.5293155908584595,16047.47314453125,5897.3077392578125,0.1480097621679306,30.0,,0.0,0.0,30.0,150.0,10.366528320312504,22.366528320312504,Leave_One_experiments/all_year_offline_schedule_search/daily_outputs/HLA/HLA_2015_HLA2015_normal_grid_S0013_daily.csv
HLA,HLA,Hailun,2015,Leave_One_experiments\wth_generated_qc\HLA\HLA2015.WTH,dry_year;nitrogen_stress_year;low_response_year,dry,HLA2015_normal_grid_S0013,irrigation_positive_candidate,2015-10-01,274,155,150,"{""sim_day"": 155.0, ""doy"": 274.0, ""topwt"": 16049.005126953123, ""grnwt"": 5897.3077392578125, ""xlai"": 0.079569824039936, ""totir"": 30.0, ""tofer"": NaN, ""swfac"": 0.0, ""nstres"": 0.530314028263092}",0.0,0.530314028263092,16049.005126953123,5897.3077392578125,0.079569824039936,30.0,,0.0,0.0,30.0,150.0,10.366528320312504,22.366528320312504,Leave_One_experiments/all_year_offline_schedule_search/daily_outputs/HLA/HLA_2015_HLA2015_normal_grid_S0013_daily.csv
HLA,HLA,Hailun,2015,Leave_One_experiments\wth_generated_qc\HLA\HLA2015.WTH,dry_year;nitrogen_stress_year;low_response_year,dry,HLA2015_normal_grid_S0013,irrigation_positive_candidate,2015-10-02,275,156,151,"{""sim_day"": 156.0, ""doy"": 275.0, ""topwt"": 16049.273681640623, ""grnwt"": 5897.3077392578125, ""xlai"": 0.059677243232727, ""totir"": 30.0, ""tofer"": NaN, ""swfac"": 0.0, ""nstres"": 0.5267705917358398}",0.0,0.5267705917358398,16049.273681640623,5897.3077392578125,0.059677243232727,30.0,,0.0,0.0,30.0,150.0,10.366528320312504,22.366528320312504,Leave_One_experiments/all_year_offline_schedule_search/daily_outputs/HLA/HLA_2015_HLA2015_normal_grid_S0013_daily.csv
HLA,HLA,Hailun,2015,Leave_One_experiments\wth_generated_qc\HLA\HLA2015.WTH,dry_year;nitrogen_stress_year;low_response_year,dry,HLA2015_normal_grid_S0013,irrigation_positive_candidate,2015-10-03,276,157,152,"{""sim_day"": 157.0, ""doy"": 276.0, ""topwt"": 16055.938720703123, ""grnwt"": 5929.0478515625, ""xlai"": 0.0389038063585758, ""totir"": 30.0, ""tofer"": NaN, ""swfac"": 0.0, ""nstres"": 0.528445303440094}",0.0,0.528445303440094,16055.938720703123,5929.0478515625,0.0389038063585758,30.0,,0.0,0.0,30.0,150.0,10.366528320312504,22.366528320312504,Leave_One_experiments/all_year_offline_schedule_search/daily_outputs/HLA/HLA_2015_HLA2015_normal_grid_S0013_daily.csv
HLA,HLA,Hailun,2015,Leave_One_experiments\wth_generated_qc\HLA\HLA2015.WTH,dry_year;nitrogen_stress_year;low_response_year,dry,HLA2015_normal_grid_S0013,irrigation_positive_candidate,2015-10-04,277,158,153,"{""sim_day"": 158.0, ""doy"": 277.0, ""topwt"": 16058.587646484377, ""grnwt"": 6012.27783203125, ""xlai"": 0.0373876951634883, ""totir"": 30.0, ""tofer"": NaN, ""swfac"": 0.0, ""nstres"": 0.5353062748908997}",0.0,0.5353062748908997,16058.587646484377,6012.27783203125,0.0373876951634883,30.0,,0.0,0.0,30.0,150.0,10.366528320312504,22.366528320312504,Leave_One_experiments/all_year_offline_schedule_search/daily_outputs/HLA/HLA_2015_HLA2015_normal_grid_S0013_daily.csv
HLA,HLA,Hailun,2015,Leave_One_experiments\wth_generated_qc\HLA\HLA2015.WTH,dry_year;nitrogen_stress_year;low_response_year,dry,HLA2015_normal_grid_S0013,irrigation_positive_candidate,2015-10-05,278,159,154,"{""sim_day"": 159.0, ""doy"": 278.0, ""topwt"": 16060.634765625, ""grnwt"": 6138.53271484375, ""xlai"": 0.0359121076762676, ""totir"": 30.0, ""tofer"": NaN, ""swfac"": 0.0, ""nstres"": 0.5472890734672546}",0.0,0.5472890734672546,16060.634765625,6138.53271484375,0.0359121076762676,30.0,,0.0,0.0,30.0,150.0,10.366528320312504,22.366528320312504,Leave_One_experiments/all_year_offline_schedule_search/daily_outputs/HLA/HLA_2015_HLA2015_normal_grid_S0013_daily.csv
HLA,HLA,Hailun,2015,Leave_One_experiments\wth_generated_qc\HLA\HLA2015.WTH,dry_year;nitrogen_stress_year;low_response_year,dry,HLA2015_normal_grid_S0013,irrigation_positive_candidate,2015-10-06,279,160,155,"{""sim_day"": 160.0, ""doy"": 279.0, ""topwt"": 16063.32763671875, ""grnwt"": 6286.65283203125, ""xlai"": 0.0344799794256687, ""totir"": 30.0, ""tofer"": NaN, ""swfac"": 0.0, ""nstres"": 0.5570144653320312}",0.0,0.5570144653320312,16063.32763671875,6286.65283203125,0.0344799794256687,30.0,,0.0,0.0,30.0,150.0,10.366528320312504,22.366528320312504,Leave_One_experiments/all_year_offline_schedule_search/daily_outputs/HLA/HLA_2015_HLA2015_normal_grid_S0013_daily.csv
HLA,HLA,Hailun,2015,Leave_One_experiments\wth_generated_qc\HLA\HLA2015.WTH,dry_year;nitrogen_stress_year;low_response_year,dry,HLA2015_normal_grid_S0013,irrigation_positive_candidate,2015-10-07,280,161,156,"{""sim_day"": 161.0, ""doy"": 280.0, ""topwt"": 16063.32763671875, ""grnwt"": 6286.65283203125, ""xlai"": 0.0344799794256687, ""totir"": 30.0, ""tofer"": NaN, ""swfac"": 0.0, ""nstres"": 0.5671401023864746}",0.0,0.5671401023864746,16063.32763671875,6286.65283203125,0.0344799794256687,30.0,,0.0,0.0,30.0,150.0,10.366528320312504,22.366528320312504,Leave_One_experiments/all_year_offline_schedule_search/daily_outputs/HLA/HLA_2015_HLA2015_normal_grid_S0013_daily.csv
HLA,HLA,Hailun,2015,Leave_One_experiments\wth_generated_qc\HLA\HLA2015.WTH,dry_year;nitrogen_stress_year;low_response_year,dry,HLA2015_normal_grid_S0013,irrigation_positive_candidate,2015-10-08,281,162,157,"{""sim_day"": 162.0, ""doy"": 281.0, ""topwt"": 16063.32763671875, ""grnwt"": 6286.65283203125, ""xlai"": 0.0344799794256687, ""totir"": 30.0, ""tofer"": NaN, ""swfac"": 0.0, ""nstres"": 0.5671401023864746}",0.0,0.5671401023864746,16063.32763671875,6286.65283203125,0.0344799794256687,30.0,,0.0,0.0,30.0,150.0,10.366528320312504,22.366528320312504,Leave_One_experiments/all_year_offline_schedule_search/daily_outputs/HLA/HLA_2015_HLA2015_normal_grid_S0013_daily.csv
HLA,HLA,Hailun,2015,Leave_One_experiments\wth_generated_qc\HLA\HLA2015.WTH,dry_year;nitrogen_stress_year;low_response_year,dry,HLA2015_normal_grid_S0028,low_input_within_10pct_yield,2015-05-05,125,1,1,"{""sim_day"": 1.0, ""doy"": 125.0, ""topwt"": 0.0, ""grnwt"": 0.0, ""xlai"": 0.0, ""totir"": 0.0, ""tofer"": NaN, ""swfac"": 0.0, ""nstres"": 0.0}",0.0,0.0,0.0,0.0,0.0,0.0,,0.0,80.0,0.0,180.0,23.06116333007813,23.06116333007813,Leave_One_experiments/all_year_offline_schedule_search/daily_outputs/HLA/HLA_2015_HLA2015_normal_grid_S0028_daily.csv
HLA,HLA,Hailun,2015,Leave_One_experiments\wth_generated_qc\HLA\HLA2015.WTH,dry_year;nitrogen_stress_year;low_response_year,dry,HLA2015_normal_grid_S0028,low_input_within_10pct_yield,2015-05-06,126,2,2,"{""sim_day"": 2.0, ""doy"": 126.0, ""topwt"": 0.0, ""grnwt"": 0.0, ""xlai"": 0.0, ""totir"": 0.0, ""tofer"": NaN, ""swfac"": 0.0, ""nstres"": 0.0}",0.0,0.0,0.0,0.0,0.0,0.0,,0.0,0.0,0.0,180.0,23.06116333007813,23.06116333007813,Leave_One_experiments/all_year_offline_schedule_search/daily_outputs/HLA/HLA_2015_HLA2015_normal_grid_S0028_daily.csv
HLA,HLA,Hailun,2015,Leave_One_experiments\wth_generated_qc\HLA\HLA2015.WTH,dry_year;nitrogen_stress_year;low_response_year,dry,HLA2015_normal_grid_S0028,low_input_within_10pct_yield,2015-05-07,127,3,3,"{""sim_day"": 3.0, ""doy"": 127.0, ""topwt"": 0.0, ""grnwt"": 0.0, ""xlai"": 0.0, ""totir"": 0.0, ""tofer"": NaN, ""swfac"": 0.0, ""nstres"": 0.0}",0.0,0.0,0.0,0.0,0.0,0.0,,0.0,0.0,0.0,180.0,23.06116333007813,23.06116333007813,Leave_One_experiments/all_year_offline_schedule_search/daily_outputs/HLA/HLA_2015_HLA2015_normal_grid_S0028_daily.csv
HLA,HLA,Hailun,2015,Leave_One_experiments\wth_generated_qc\HLA\HLA2015.WTH,dry_year;nitrogen_stress_year;low_response_year,dry,HLA2015_normal_grid_S0028,low_input_within_10pct_yield,2015-05-08,128,4,4,"{""sim_day"": 4.0, ""doy"": 128.0, ""topwt"": 0.0, ""grnwt"": 0.0, ""xlai"": 0.0, ""totir"": 0.0, ""tofer"": NaN, ""swfac"": 0.0, ""nstres"": 0.0}",0.0,0.0,0.0,0.0,0.0,0.0,,0.0,0.0,0.0,180.0,23.06116333007813,23.06116333007813,Leave_One_experiments/all_year_offline_schedule_search/daily_outputs/HLA/HLA_2015_HLA2015_normal_grid_S0028_daily.csv
HLA,HLA,Hailun,2015,Leave_One_experiments\wth_generated_qc\HLA\HLA2015.WTH,dry_year;nitrogen_stress_year;low_response_year,dry,HLA2015_normal_grid_S0028,low_input_within_10pct_yield,2015-05-09,129,5,5,"{""sim_day"": 5.0, ""doy"": 129.0, ""topwt"": 0.0, ""grnwt"": 0.0, ""xlai"": 0.0, ""totir"": 0.0, ""tofer"": NaN, ""swfac"": 0.0, ""nstres"": 0.0}",0.0,0.0,0.0,0.0,0.0,0.0,,0.0,0.0,0.0,180.0,23.06116333007813,23.06116333007813,Leave_One_experiments/all_year_offline_schedule_search/daily_outputs/HLA/HLA_2015_HLA2015_normal_grid_S0028_daily.csv
HLA,HLA,Hailun,2015,Leave_One_experiments\wth_generated_qc\HLA\HLA2015.WTH,dry_year;nitrogen_stress_year;low_response_year,dry,HLA2015_normal_grid_S0028,low_input_within_10pct_yield,2015-05-05,125,6,1,"{""sim_day"": 6.0, ""doy"": 125.0, ""topwt"": 0.0, ""grnwt"": 0.0, ""xlai"": 0.0, ""totir"": 0.0, ""tofer"": NaN, ""swfac"": 0.0, ""nstres"": 0.0}",0.0,0.0,0.0,0.0,0.0,0.0,,0.0,0.0,0.0,180.0,23.06116333007813,23.06116333007813,Leave_One_experiments/all_year_offline_schedule_search/daily_outputs/HLA/HLA_2015_HLA2015_normal_grid_S0028_daily.csv
HLA,HLA,Hailun,2015,Leave_One_experiments\wth_generated_qc\HLA\HLA2015.WTH,dry_year;nitrogen_stress_year;low_response_year,dry,HLA2015_normal_grid_S0028,low_input_within_10pct_yield,2015-05-06,126,7,2,"{""sim_day"": 7.0, ""doy"": 126.0, ""topwt"": 0.0, ""grnwt"": 0.0, ""xlai"": 0.0, ""totir"": 0.0, ""tofer"": NaN, ""swfac"": 0.0, ""nstres"": 0.0}",0.0,0.0,0.0,0.0,0.0,0.0,,0.0,0.0,0.0,180.0,23.06116333007813,23.06116333007813,Leave_One_experiments/all_year_offline_schedule_search/daily_outputs/HLA/HLA_2015_HLA2015_normal_grid_S0028_daily.csv
HLA,HLA,Hailun,2015,Leave_One_experiments\wth_generated_qc\HLA\HLA2015.WTH,dry_year;nitrogen_stress_year;low_response_year,dry,HLA2015_normal_grid_S0028,low_input_within_10pct_yield,2015-05-07,127,8,3,"{""sim_day"": 8.0, ""doy"": 127.0, ""topwt"": 0.0, ""grnwt"": 0.0, ""xlai"": 0.0, ""totir"": 0.0, ""tofer"": NaN, ""swfac"": 0.0, ""nstres"": 0.0}",0.0,0.0,0.0,0.0,0.0,0.0,,0.0,0.0,0.0,180.0,23.06116333007813,23.06116333007813,Leave_One_experiments/all_year_offline_schedule_search/daily_outputs/HLA/HLA_2015_HLA2015_normal_grid_S0028_daily.csv
HLA,HLA,Hailun,2015,Leave_One_experiments\wth_generated_qc\HLA\HLA2015.WTH,dry_year;nitrogen_stress_year;low_response_year,dry,HLA2015_normal_grid_S0028,low_input_within_10pct_yield,2015-05-08,128,9,4,"{""sim_day"": 9.0, ""doy"": 128.0, ""topwt"": 0.0, ""grnwt"": 0.0, ""xlai"": 0.0, ""totir"": 0.0, ""tofer"": NaN, ""swfac"": 0.0, ""nstres"": 0.0}",0.0,0.0,0.0,0.0,0.0,0.0,,0.0,0.0,0.0,180.0,23.06116333007813,23.06116333007813,Leave_One_experiments/all_year_offline_schedule_search/daily_outputs/HLA/HLA_2015_HLA2015_normal_grid_S0028_daily.csv
HLA,HLA,Hailun,2015,Leave_One_experiments\wth_generated_qc\HLA\HLA2015.WTH,dry_year;nitrogen_stress_year;low_response_year,dry,HLA2015_normal_grid_S0028,low_input_within_10pct_yield,2015-05-09,129,10,5,"{""sim_day"": 10.0, ""doy"": 129.0, ""topwt"": 0.0, ""grnwt"": 0.0, ""xlai"": 0.0, ""totir"": 0.0, ""tofer"": NaN, ""swfac"": 0.0, ""nstres"": 0.0}",0.0,0.0,0.0,0.0,0.0,0.0,,0.0,0.0,0.0,180.0,23.06116333007813,23.06116333007813,Leave_One_experiments/all_year_offline_schedule_search/daily_outputs/HLA/HLA_2015_HLA2015_normal_grid_S0028_daily.csv
HLA,HLA,Hailun,2015,Leave_One_experiments\wth_generated_qc\HLA\HLA2015.WTH,dry_year;nitrogen_stress_year;low_response_year,dry,HLA2015_normal_grid_S0028,low_input_within_10pct_yield,2015-05-10,130,11,6,"{""sim_day"": 11.0, ""doy"": 130.0, ""topwt"": 0.0, ""grnwt"": 0.0, ""xlai"": 0.0, ""totir"": 0.0, ""tofer"": NaN, ""swfac"": 0.0, ""nstres"": 0.0}",0.0,0.0,0.0,0.0,0.0,0.0,,0.0,0.0,0.0,180.0,23.06116333007813,23.06116333007813,Leave_One_experiments/all_year_offline_schedule_search/daily_outputs/HLA/HLA_2015_HLA2015_normal_grid_S0028_daily.csv
HLA,HLA,Hailun,2015,Leave_One_experiments\wth_generated_qc\HLA\HLA2015.WTH,dry_year;nitrogen_stress_year;low_response_year,dry,HLA2015_normal_grid_S0028,low_input_within_10pct_yield,2015-05-11,131,12,7,"{""sim_day"": 12.0, ""doy"": 131.0, ""topwt"": 0.0, ""grnwt"": 0.0, ""xlai"": 0.0, ""totir"": 0.0, ""tofer"": NaN, ""swfac"": 0.0, ""nstres"": 0.0}",0.0,0.0,0.0,0.0,0.0,0.0,,0.0,0.0,0.0,180.0,23.06116333007813,23.06116333007813,Leave_One_experiments/all_year_offline_schedule_search/daily_outputs/HLA/HLA_2015_HLA2015_normal_grid_S0028_daily.csv
HLA,HLA,Hailun,2015,Leave_One_experiments\wth_generated_qc\HLA\HLA2015.WTH,dry_year;nitrogen_stress_year;low_response_year,dry,HLA2015_normal_grid_S0028,low_input_within_10pct_yield,2015-05-12,132,13,8,"{""sim_day"": 13.0, ""doy"": 132.0, ""topwt"": 0.0, ""grnwt"": 0.0, ""xlai"": 0.0, ""totir"": 0.0, ""tofer"": NaN, ""swfac"": 0.0, ""nstres"": 0.0}",0.0,0.0,0.0,0.0,0.0,0.0,,0.0,0.0,0.0,180.0,23.06116333007813,23.06116333007813,Leave_One_experiments/all_year_offline_schedule_search/daily_outputs/HLA/HLA_2015_HLA2015_normal_grid_S0028_daily.csv
HLA,HLA,Hailun,2015,Leave_One_experiments\wth_generated_qc\HLA\HLA2015.WTH,dry_year;nitrogen_stress_year;low_response_year,dry,HLA2015_normal_grid_S0028,low_input_within_10pct_yield,2015-05-13,133,14,9,"{""sim_day"": 14.0, ""doy"": 133.0, ""topwt"": 0.0, ""grnwt"": 0.0, ""xlai"": 0.0, ""totir"": 0.0, ""tofer"": NaN, ""swfac"": 0.0, ""nstres"": 0.0}",0.0,0.0,0.0,0.0,0.0,0.0,,0.0,0.0,0.0,180.0,23.06116333007813,23.06116333007813,Leave_One_experiments/all_year_offline_schedule_search/daily_outputs/HLA/HLA_2015_HLA2015_normal_grid_S0028_daily.csv
HLA,HLA,Hailun,2015,Leave_One_experiments\wth_generated_qc\HLA\HLA2015.WTH,dry_year;nitrogen_stress_year;low_response_year,dry,HLA2015_normal_grid_S0028,low_input_within_10pct_yield,2015-05-14,134,15,10,"{""sim_day"": 15.0, ""doy"": 134.0, ""topwt"": 0.0, ""grnwt"": 0.0, ""xlai"": 0.0, ""totir"": 0.0, ""tofer"": NaN, ""swfac"": 0.0, ""nstres"": 0.0}",0.0,0.0,0.0,0.0,0.0,0.0,,0.0,0.0,0.0,180.0,23.06116333007813,23.06116333007813,Leave_One_experiments/all_year_offline_schedule_search/daily_outputs/HLA/HLA_2015_HLA2015_normal_grid_S0028_daily.csv
HLA,HLA,Hailun,2015,Leave_One_experiments\wth_generated_qc\HLA\HLA2015.WTH,dry_year;nitrogen_stress_year;low_response_year,dry,HLA2015_normal_grid_S0028,low_input_within_10pct_yield,2015-05-15,135,16,11,"{""sim_day"": 16.0, ""doy"": 135.0, ""topwt"": 0.0, ""grnwt"": 0.0, ""xlai"": 0.0, ""totir"": 0.0, ""tofer"": NaN, ""swfac"": 0.0, ""nstres"": 0.0}",0.0,0.0,0.0,0.0,0.0,0.0,,0.0,0.0,0.0,180.0,23.06116333007813,23.06116333007813,Leave_One_experiments/all_year_offline_schedule_search/daily_outputs/HLA/HLA_2015_HLA2015_normal_grid_S0028_daily.csv
HLA,HLA,Hailun,2015,Leave_One_experiments\wth_generated_qc\HLA\HLA2015.WTH,dry_year;nitrogen_stress_year;low_response_year,dry,HLA2015_normal_grid_S0028,low_input_within_10pct_yield,2015-05-16,136,17,12,"{""sim_day"": 17.0, ""doy"": 136.0, ""topwt"": 0.0, ""grnwt"": 0.0, ""xlai"": 0.0, ""totir"": 0.0, ""tofer"": NaN, ""swfac"": 0.0, ""nstres"": 0.0}",0.0,0.0,0.0,0.0,0.0,0.0,,0.0,0.0,0.0,180.0,23.06116333007813,23.06116333007813,Leave_One_experiments/all_year_offline_schedule_search/daily_outputs/HLA/HLA_2015_HLA2015_normal_grid_S0028_daily.csv
HLA,HLA,Hailun,2015,Leave_One_experiments\wth_generated_qc\HLA\HLA2015.WTH,dry_year;nitrogen_stress_year;low_response_year,dry,HLA2015_normal_grid_S0028,low_input_within_10pct_yield,2015-05-17,137,18,13,"{""sim_day"": 18.0, ""doy"": 137.0, ""topwt"": 0.0, ""grnwt"": 0.0, ""xlai"": 0.0, ""totir"": 0.0, ""tofer"": NaN, ""swfac"": 0.0, ""nstres"": 0.0}",0.0,0.0,0.0,0.0,0.0,0.0,,0.0,0.0,0.0,180.0,23.06116333007813,23.06116333007813,Leave_One_experiments/all_year_offline_schedule_search/daily_outputs/HLA/HLA_2015_HLA2015_normal_grid_S0028_daily.csv
HLA,HLA,Hailun,2015,Leave_One_experiments\wth_generated_qc\HLA\HLA2015.WTH,dry_year;nitrogen_stress_year;low_response_year,dry,HLA2015_normal_grid_S0028,low_input_within_10pct_yield,2015-05-18,138,19,14,"{""sim_day"": 19.0, ""doy"": 138.0, ""topwt"": 0.0, ""grnwt"": 0.0, ""xlai"": 0.0, ""totir"": 0.0, ""tofer"": NaN, ""swfac"": 0.0, ""nstres"": 0.0}",0.0,0.0,0.0,0.0,0.0,0.0,,0.0,0.0,0.0,180.0,23.06116333007813,23.06116333007813,Leave_One_experiments/all_year_offline_schedule_search/daily_outputs/HLA/HLA_2015_HLA2015_normal_grid_S0028_daily.csv
HLA,HLA,Hailun,2015,Leave_One_experiments\wth_generated_qc\HLA\HLA2015.WTH,dry_year;nitrogen_stress_year;low_response_year,dry,HLA2015_normal_grid_S0028,low_input_within_10pct_yield,2015-05-19,139,20,15,"{""sim_day"": 20.0, ""doy"": 139.0, ""topwt"": 0.0, ""grnwt"": 0.0, ""xlai"": 0.0, ""totir"": 0.0, ""tofer"": NaN, ""swfac"": 0.0, ""nstres"": 0.0}",0.0,0.0,0.0,0.0,0.0,0.0,,0.0,0.0,0.0,180.0,23.06116333007813,23.06116333007813,Leave_One_experiments/all_year_offline_schedule_search/daily_outputs/HLA/HLA_2015_HLA2015_normal_grid_S0028_daily.csv
HLA,HLA,Hailun,2015,Leave_One_experiments\wth_generated_qc\HLA\HLA2015.WTH,dry_year;nitrogen_stress_year;low_response_year,dry,HLA2015_normal_grid_S0028,low_input_within_10pct_yield,2015-05-20,140,21,16,"{""sim_day"": 21.0, ""doy"": 140.0, ""topwt"": 0.0, ""grnwt"": 0.0, ""xlai"": 0.0, ""totir"": 0.0, ""tofer"": NaN, ""swfac"": 0.0, ""nstres"": 0.0}",0.0,0.0,0.0,0.0,0.0,0.0,,0.0,0.0,0.0,180.0,23.06116333007813,23.06116333007813,Leave_One_experiments/all_year_offline_schedule_search/daily_outputs/HLA/HLA_2015_HLA2015_normal_grid_S0028_daily.csv
HLA,HLA,Hailun,2015,Leave_One_experiments\wth_generated_qc\HLA\HLA2015.WTH,dry_year;nitrogen_stress_year;low_response_year,dry,HLA2015_normal_grid_S0028,low_input_within_10pct_yield,2015-05-21,141,22,17,"{""sim_day"": 22.0, ""doy"": 141.0, ""topwt"": 0.0, ""grnwt"": 0.0, ""xlai"": 0.0, ""totir"": 0.0, ""tofer"": NaN, ""swfac"": 0.0, ""nstres"": 0.0}",0.0,0.0,0.0,0.0,0.0,0.0,,0.0,0.0,0.0,180.0,23.06116333007813,23.06116333007813,Leave_One_experiments/all_year_offline_schedule_search/daily_outputs/HLA/HLA_2015_HLA2015_normal_grid_S0028_daily.csv
HLA,HLA,Hailun,2015,Leave_One_experiments\wth_generated_qc\HLA\HLA2015.WTH,dry_year;nitrogen_stress_year;low_response_year,dry,HLA2015_normal_grid_S0028,low_input_within_10pct_yield,2015-05-22,142,23,18,"{""sim_day"": 23.0, ""doy"": 142.0, ""topwt"": 20.0, ""grnwt"": 0.0, ""xlai"": 0.0019517545588314, ""totir"": 0.0, ""tofer"": NaN, ""swfac"": 0.0, ""nstres"": 0.0121910572052001}",0.0,0.0121910572052001,20.0,0.0,0.0019517545588314,0.0,,0.0,0.0,0.0,180.0,23.06116333007813,23.06116333007813,Leave_One_experiments/all_year_offline_schedule_search/daily_outputs/HLA/HLA_2015_HLA2015_normal_grid_S0028_daily.csv
HLA,HLA,Hailun,2015,Leave_One_experiments\wth_generated_qc\HLA\HLA2015.WTH,dry_year;nitrogen_stress_year;low_response_year,dry,HLA2015_normal_grid_S0028,low_input_within_10pct_yield,2015-05-23,143,24,19,"{""sim_day"": 24.0, ""doy"": 143.0, ""topwt"": 20.0, ""grnwt"": 0.0, ""xlai"": 0.0042526642791926, ""totir"": 0.0, ""tofer"": NaN, ""swfac"": 0.0, ""nstres"": 0.01454758644104}",0.0,0.01454758644104,20.0,0.0,0.0042526642791926,0.0,,0.0,0.0,0.0,180.0,23.06116333007813,23.06116333007813,Leave_One_experiments/all_year_offline_schedule_search/daily_outputs/HLA/HLA_2015_HLA2015_normal_grid_S0028_daily.csv
HLA,HLA,Hailun,2015,Leave_One_experiments\wth_generated_qc\HLA\HLA2015.WTH,dry_year;nitrogen_stress_year;low_response_year,dry,HLA2015_normal_grid_S0028,low_input_within_10pct_yield,2015-05-24,144,25,20,"{""sim_day"": 25.0, ""doy"": 144.0, ""topwt"": 20.0, ""grnwt"": 0.0, ""xlai"": 0.0052991057746112, ""totir"": 0.0, ""tofer"": NaN, ""swfac"": 0.0, ""nstres"": 0.0123004913330078}",0.0,0.0123004913330078,20.0,0.0,0.0052991057746112,0.0,,0.0,0.0,0.0,180.0,23.06116333007813,23.06116333007813,Leave_One_experiments/all_year_offline_schedule_search/daily_outputs/HLA/HLA_2015_HLA2015_normal_grid_S0028_daily.csv
HLA,HLA,Hailun,2015,Leave_One_experiments\wth_generated_qc\HLA\HLA2015.WTH,dry_year;nitrogen_stress_year;low_response_year,dry,HLA2015_normal_grid_S0028,low_input_within_10pct_yield,2015-05-25,145,26,21,"{""sim_day"": 26.0, ""doy"": 145.0, ""topwt"": 20.0, ""grnwt"": 0.0, ""xlai"": 0.0066870832815766, ""totir"": 0.0, ""tofer"": NaN, ""swfac"": 0.0, ""nstres"": 0.0095220208168029}",0.0,0.0095220208168029,20.0,0.0,0.0066870832815766,0.0,,0.0,0.0,0.0,180.0,23.06116333007813,23.06116333007813,Leave_One_experiments/all_year_offline_schedule_search/daily_outputs/HLA/HLA_2015_HLA2015_normal_grid_S0028_daily.csv
HLA,HLA,Hailun,2015,Leave_One_experiments\wth_generated_qc\HLA\HLA2015.WTH,dry_year;nitrogen_stress_year;low_response_year,dry,HLA2015_normal_grid_S0028,low_input_within_10pct_yield,2015-05-26,146,27,22,"{""sim_day"": 27.0, ""doy"": 146.0, ""topwt"": 20.0, ""grnwt"": 0.0, ""xlai"": 0.0091514894738793, ""totir"": 0.0, ""tofer"": NaN, ""swfac"": 0.0, ""nstres"": 0.0050685405731201}",0.0,0.0050685405731201,20.0,0.0,0.0091514894738793,0.0,,0.0,0.0,0.0,180.0,23.06116333007813,23.06116333007813,Leave_One_experiments/all_year_offline_schedule_search/daily_outputs/HLA/HLA_2015_HLA2015_normal_grid_S0028_daily.csv
HLA,HLA,Hailun,2015,Leave_One_experiments\wth_generated_qc\HLA\HLA2015.WTH,dry_year;nitrogen_stress_year;low_response_year,dry,HLA2015_normal_grid_S0028,low_input_within_10pct_yield,2015-05-27,147,28,23,"{""sim_day"": 28.0, ""doy"": 147.0, ""topwt"": 20.0, ""grnwt"": 0.0, ""xlai"": 0.0117484796792268, ""totir"": 0.0, ""tofer"": NaN, ""swfac"": 0.0, ""nstres"": 0.0006848573684692}",0.0,0.0006848573684692,20.0,0.0,0.0117484796792268,0.0,,0.0,0.0,0.0,180.0,23.06116333007813,23.06116333007813,Leave_One_experiments/all_year_offline_schedule_search/daily_outputs/HLA/HLA_2015_HLA2015_normal_grid_S0028_daily.csv
HLA,HLA,Hailun,2015,Leave_One_experiments\wth_generated_qc\HLA\HLA2015.WTH,dry_year;nitrogen_stress_year;low_response_year,dry,HLA2015_normal_grid_S0028,low_input_within_10pct_yield,2015-05-28,148,29,24,"{""sim_day"": 29.0, ""doy"": 148.0, ""topwt"": 20.0, ""grnwt"": 0.0, ""xlai"": 0.0149262603372335, ""totir"": 0.0, ""tofer"": NaN, ""swfac"": 0.0, ""nstres"": 0.0}",0.0,0.0,20.0,0.0,0.0149262603372335,0.0,,0.0,0.0,0.0,180.0,23.06116333007813,23.06116333007813,Leave_One_experiments/all_year_offline_schedule_search/daily_outputs/HLA/HLA_2015_HLA2015_normal_grid_S0028_daily.csv
HLA,HLA,Hailun,2015,Leave_One_experiments\wth_generated_qc\HLA\HLA2015.WTH,dry_year;nitrogen_stress_year;low_response_year,dry,HLA2015_normal_grid_S0028,low_input_within_10pct_yield,2015-05-29,149,30,25,"{""sim_day"": 30.0, ""doy"": 149.0, ""topwt"": 20.0, ""grnwt"": 0.0, ""xlai"": 0.0212068930268287, ""totir"": 0.0, ""tofer"": NaN, ""swfac"": 0.0, ""nstres"": 0.0}",0.0,0.0,20.0,0.0,0.0212068930268287,0.0,,0.0,0.0,0.0,180.0,23.06116333007813,23.06116333007813,Leave_One_experiments/all_year_offline_schedule_search/daily_outputs/HLA/HLA_2015_HLA2015_normal_grid_S0028_daily.csv
HLA,HLA,Hailun,2015,Leave_One_experiments\wth_generated_qc\HLA\HLA2015.WTH,dry_year;nitrogen_stress_year;low_response_year,dry,HLA2015_normal_grid_S0028,low_input_within_10pct_yield,2015-05-30,150,31,26,"{""sim_day"": 31.0, ""doy"": 150.0, ""topwt"": 20.0, ""grnwt"": 0.0, ""xlai"": 0.0287809111177921, ""totir"": 0.0, ""tofer"": NaN, ""swfac"": 0.0, ""nstres"": 0.0}",0.0,0.0,20.0,0.0,0.0287809111177921,0.0,,0.0,0.0,0.0,180.0,23.06116333007813,23.06116333007813,Leave_One_experiments/all_year_offline_schedule_search/daily_outputs/HLA/HLA_2015_HLA2015_normal_grid_S0028_daily.csv
HLA,HLA,Hailun,2015,Leave_One_experiments\wth_generated_qc\HLA\HLA2015.WTH,dry_year;nitrogen_stress_year;low_response_year,dry,HLA2015_normal_grid_S0028,low_input_within_10pct_yield,2015-05-31,151,32,27,"{""sim_day"": 32.0, ""doy"": 151.0, ""topwt"": 20.726678371429443, ""grnwt"": 0.0, ""xlai"": 0.0362971499562263, ""totir"": 0.0, ""tofer"": NaN, ""swfac"": 0.0, ""nstres"": 0.0}",0.0,0.0,20.726678371429443,0.0,0.0362971499562263,0.0,,0.0,0.0,0.0,180.0,23.06116333007813,23.06116333007813,Leave_One_experiments/all_year_offline_schedule_search/daily_outputs/HLA/HLA_2015_HLA2015_normal_grid_S0028_daily.csv
HLA,HLA,Hailun,2015,Leave_One_experiments\wth_generated_qc\HLA\HLA2015.WTH,dry_year;nitrogen_stress_year;low_response_year,dry,HLA2015_normal_grid_S0028,low_input_within_10pct_yield,2015-06-01,152,33,28,"{""sim_day"": 33.0, ""doy"": 152.0, ""topwt"": 23.977515697479248, ""grnwt"": 0.0, ""xlai"": 0.0448262766003608, ""totir"": 0.0, ""tofer"": NaN, ""swfac"": 0.0, ""nstres"": 0.0}",0.0,0.0,23.977515697479248,0.0,0.0448262766003608,0.0,,0.0,0.0,0.0,180.0,23.06116333007813,23.06116333007813,Leave_One_experiments/all_year_offline_schedule_search/daily_outputs/HLA/HLA_2015_HLA2015_normal_grid_S0028_daily.csv
HLA,HLA,Hailun,2015,Leave_One_experiments\wth_generated_qc\HLA\HLA2015.WTH,dry_year;nitrogen_stress_year;low_response_year,dry,HLA2015_normal_grid_S0028,low_input_within_10pct_yield,2015-06-02,153,34,29,"{""sim_day"": 34.0, ""doy"": 153.0, ""topwt"": 28.848648071289062, ""grnwt"": 0.0, ""xlai"": 0.0568868331611156, ""totir"": 0.0, ""tofer"": NaN, ""swfac"": 0.0, ""nstres"": 0.0}",0.0,0.0,28.848648071289062,0.0,0.0568868331611156,0.0,,0.0,0.0,0.0,180.0,23.06116333007813,23.06116333007813,Leave_One_experiments/all_year_offline_schedule_search/daily_outputs/HLA/HLA_2015_HLA2015_normal_grid_S0028_daily.csv
HLA,HLA,Hailun,2015,Leave_One_experiments\wth_generated_qc\HLA\HLA2015.WTH,dry_year;nitrogen_stress_year;low_response_year,dry,HLA2015_normal_grid_S0028,low_input_within_10pct_yield,2015-06-03,154,35,30,"{""sim_day"": 35.0, ""doy"": 154.0, ""topwt"": 35.39210319519043, ""grnwt"": 0.0, ""xlai"": 0.072124995291233, ""totir"": 0.0, ""tofer"": NaN, ""swfac"": 0.0, ""nstres"": 0.0}",0.0,0.0,35.39210319519043,0.0,0.072124995291233,0.0,,0.0,50.0,0.0,180.0,23.06116333007813,23.06116333007813,Leave_One_experiments/all_year_offline_schedule_search/daily_outputs/HLA/HLA_2015_HLA2015_normal_grid_S0028_daily.csv
HLA,HLA,Hailun,2015,Leave_One_experiments\wth_generated_qc\HLA\HLA2015.WTH,dry_year;nitrogen_stress_year;low_response_year,dry,HLA2015_normal_grid_S0028,low_input_within_10pct_yield,2015-06-04,155,36,31,"{""sim_day"": 36.0, ""doy"": 155.0, ""topwt"": 41.76493644714356, ""grnwt"": 0.0, ""xlai"": 0.0861963257193565, ""totir"": 0.0, ""tofer"": NaN, ""swfac"": 0.0, ""nstres"": 0.0}",0.0,0.0,41.76493644714356,0.0,0.0861963257193565,0.0,,0.0,0.0,0.0,180.0,23.06116333007813,23.06116333007813,Leave_One_experiments/all_year_offline_schedule_search/daily_outputs/HLA/HLA_2015_HLA2015_normal_grid_S0028_daily.csv
HLA,HLA,Hailun,2015,Leave_One_experiments\wth_generated_qc\HLA\HLA2015.WTH,dry_year;nitrogen_stress_year;low_response_year,dry,HLA2015_normal_grid_S0028,low_input_within_10pct_yield,2015-06-05,156,37,32,"{""sim_day"": 37.0, ""doy"": 156.0, ""topwt"": 46.28744602203369, ""grnwt"": 0.0, ""xlai"": 0.0958240628242492, ""totir"": 0.0, ""tofer"": NaN, ""swfac"": 0.0, ""nstres"": 0.0}",0.0,0.0,46.28744602203369,0.0,0.0958240628242492,0.0,,0.0,0.0,0.0,180.0,23.06116333007813,23.06116333007813,Leave_One_experiments/all_year_offline_schedule_search/daily_outputs/HLA/HLA_2015_HLA2015_normal_grid_S0028_daily.csv
HLA,HLA,Hailun,2015,Leave_One_experiments\wth_generated_qc\HLA\HLA2015.WTH,dry_year;nitrogen_stress_year;low_response_year,dry,HLA2015_normal_grid_S0028,low_input_within_10pct_yield,2015-06-06,157,38,33,"{""sim_day"": 38.0, ""doy"": 157.0, ""topwt"": 50.94032287597656, ""grnwt"": 0.0, ""xlai"": 0.105472519993782, ""totir"": 0.0, ""tofer"": NaN, ""swfac"": 0.0, ""nstres"": 0.0}",0.0,0.0,50.94032287597656,0.0,0.105472519993782,0.0,,0.0,0.0,0.0,180.0,23.06116333007813,23.06116333007813,Leave_One_experiments/all_year_offline_schedule_search/daily_outputs/HLA/HLA_2015_HLA2015_normal_grid_S0028_daily.csv
HLA,HLA,Hailun,2015,Leave_One_experiments\wth_generated_qc\HLA\HLA2015.WTH,dry_year;nitrogen_stress_year;low_response_year,dry,HLA2015_normal_grid_S0028,low_input_within_10pct_yield,2015-06-07,158,39,34,"{""sim_day"": 39.0, ""doy"": 158.0, ""topwt"": 57.61742115020752, ""grnwt"": 0.0, ""xlai"": 0.1189326718449592, ""totir"": 0.0, ""tofer"": NaN, ""swfac"": 0.0, ""nstres"": 0.0}",0.0,0.0,57.61742115020752,0.0,0.1189326718449592,0.0,,0.0,0.0,0.0,180.0,23.06116333007813,23.06116333007813,Leave_One_experiments/all_year_offline_schedule_search/daily_outputs/HLA/HLA_2015_HLA2015_normal_grid_S0028_daily.csv
HLA,HLA,Hailun,2015,Leave_One_experiments\wth_generated_qc\HLA\HLA2015.WTH,dry_year;nitrogen_stress_year;low_response_year,dry,HLA2015_normal_grid_S0028,low_input_within_10pct_yield,2015-06-08,159,40,35,"{""sim_day"": 40.0, ""doy"": 159.0, ""topwt"": 65.71531772613525, ""grnwt"": 0.0, ""xlai"": 0.1347425729036331, ""totir"": 0.0, ""tofer"": NaN, ""swfac"": 0.0, ""nstres"": 0.0}",0.0,0.0,65.71531772613525,0.0,0.1347425729036331,0.0,,0.0,0.0,0.0,180.0,23.06116333007813,23.06116333007813,Leave_One_experiments/all_year_offline_schedule_search/daily_outputs/HLA/HLA_2015_HLA2015_normal_grid_S0028_daily.csv
HLA,HLA,Hailun,2015,Leave_One_experiments\wth_generated_qc\HLA\HLA2015.WTH,dry_year;nitrogen_stress_year;low_response_year,dry,HLA2015_normal_grid_S0028,low_input_within_10pct_yield,2015-06-09,160,41,36,"{""sim_day"": 41.0, ""doy"": 160.0, ""topwt"": 77.93329238891602, ""grnwt"": 0.0, ""xlai"": 0.1577264368534088, ""totir"": 0.0, ""tofer"": NaN, ""swfac"": 0.0, ""nstres"": 0.0}",0.0,0.0,77.93329238891602,0.0,0.1577264368534088,0.0,,0.0,0.0,0.0,180.0,23.06116333007813,23.06116333007813,Leave_One_experiments/all_year_offline_schedule_search/daily_outputs/HLA/HLA_2015_HLA2015_normal_grid_S0028_daily.csv
HLA,HLA,Hailun,2015,Leave_One_experiments\wth_generated_qc\HLA\HLA2015.WTH,dry_year;nitrogen_stress_year;low_response_year,dry,HLA2015_normal_grid_S0028,low_input_within_10pct_yield,2015-06-10,161,42,37,"{""sim_day"": 42.0, ""doy"": 161.0, ""topwt"": 92.70647048950195, ""grnwt"": 0.0, ""xlai"": 0.1843954473733902, ""totir"": 0.0, ""tofer"": NaN, ""swfac"": 0.0, ""nstres"": 0.0}",0.0,0.0,92.70647048950195,0.0,0.1843954473733902,0.0,,0.0,0.0,0.0,180.0,23.06116333007813,23.06116333007813,Leave_One_experiments/all_year_offline_schedule_search/daily_outputs/HLA/HLA_2015_HLA2015_normal_grid_S0028_daily.csv
HLA,HLA,Hailun,2015,Leave_One_experiments\wth_generated_qc\HLA\HLA2015.WTH,dry_year;nitrogen_stress_year;low_response_year,dry,HLA2015_normal_grid_S0028,low_input_within_10pct_yield,2015-06-11,162,43,38,"{""sim_day"": 43.0, ""doy"": 162.0, ""topwt"": 108.83733749389648, ""grnwt"": 0.0, ""xlai"": 0.2123979181051254, ""totir"": 0.0, ""tofer"": NaN, ""swfac"": 0.0, ""nstres"": 0.0}",0.0,0.0,108.83733749389648,0.0,0.2123979181051254,0.0,,0.0,0.0,0.0,180.0,23.06116333007813,23.06116333007813,Leave_One_experiments/all_year_offline_schedule_search/daily_outputs/HLA/HLA_2015_HLA2015_normal_grid_S0028_daily.csv
HLA,HLA,Hailun,2015,Leave_One_experiments\wth_generated_qc\HLA\HLA2015.WTH,dry_year;nitrogen_stress_year;low_response_year,dry,HLA2015_normal_grid_S0028,low_input_within_10pct_yield,2015-06-12,163,44,39,"{""sim_day"": 44.0, ""doy"": 163.0, ""topwt"": 128.6435317993164, ""grnwt"": 0.0, ""xlai"": 0.2455031871795654, ""totir"": 0.0, ""tofer"": NaN, ""swfac"": 0.0, ""nstres"": 0.0}",0.0,0.0,128.6435317993164,0.0,0.2455031871795654,0.0,,0.0,0.0,0.0,180.0,23.06116333007813,23.06116333007813,Leave_One_experiments/all_year_offline_schedule_search/daily_outputs/HLA/HLA_2015_HLA2015_normal_grid_S0028_daily.csv
HLA,HLA,Hailun,2015,Leave_One_experiments\wth_generated_qc\HLA\HLA2015.WTH,dry_year;nitrogen_stress_year;low_response_year,dry,HLA2015_normal_grid_S0028,low_input_within_10pct_yield,2015-06-13,164,45,40,"{""sim_day"": 45.0, ""doy"": 164.0, ""topwt"": 147.82906532287598, ""grnwt"": 0.0, ""xlai"": 0.2953105270862579, ""totir"": 0.0, ""tofer"": NaN, ""swfac"": 0.0, ""nstres"": 0.0}",0.0,0.0,147.82906532287598,0.0,0.2953105270862579,0.0,,0.0,0.0,0.0,180.0,23.06116333007813,23.06116333007813,Leave_One_experiments/all_year_offline_schedule_search/daily_outputs/HLA/HLA_2015_HLA2015_normal_grid_S0028_daily.csv
HLA,HLA,Hailun,2015,Leave_One_experiments\wth_generated_qc\HLA\HLA2015.WTH,dry_year;nitrogen_stress_year;low_response_year,dry,HLA2015_normal_grid_S0028,low_input_within_10pct_yield,2015-06-14,165,46,41,"{""sim_day"": 46.0, ""doy"": 165.0, ""topwt"": 187.4351692199707, ""grnwt"": 0.0, ""xlai"": 0.3607876896858215, ""totir"": 0.0, ""tofer"": NaN, ""swfac"": 0.0, ""nstres"": 0.0020726323127746}",0.0,0.0020726323127746,187.4351692199707,0.0,0.3607876896858215,0.0,,0.0,0.0,0.0,180.0,23.06116333007813,23.06116333007813,Leave_One_experiments/all_year_offline_schedule_search/daily_outputs/HLA/HLA_2015_HLA2015_normal_grid_S0028_daily.csv
HLA,HLA,Hailun,2015,Leave_One_experiments\wth_generated_qc\HLA\HLA2015.WTH,dry_year;nitrogen_stress_year;low_response_year,dry,HLA2015_normal_grid_S0028,low_input_within_10pct_yield,2015-06-15,166,47,42,"{""sim_day"": 47.0, ""doy"": 166.0, ""topwt"": 238.6933135986328, ""grnwt"": 0.0, ""xlai"": 0.4411228001117706, ""totir"": 0.0, ""tofer"": NaN, ""swfac"": 0.0, ""nstres"": 0.0}",0.0,0.0,238.6933135986328,0.0,0.4411228001117706,0.0,,0.0,0.0,0.0,180.0,23.06116333007813,23.06116333007813,Leave_One_experiments/all_year_offline_schedule_search/daily_outputs/HLA/HLA_2015_HLA2015_normal_grid_S0028_daily.csv
HLA,HLA,Hailun,2015,Leave_One_experiments\wth_generated_qc\HLA\HLA2015.WTH,dry_year;nitrogen_stress_year;low_response_year,dry,HLA2015_normal_grid_S0028,low_input_within_10pct_yield,2015-06-16,167,48,43,"{""sim_day"": 48.0, ""doy"": 167.0, ""topwt"": 290.3912734985352, ""grnwt"": 0.0, ""xlai"": 0.5183335542678833, ""totir"": 0.0, ""tofer"": NaN, ""swfac"": 0.0, ""nstres"": 0.0}",0.0,0.0,290.3912734985352,0.0,0.5183335542678833,0.0,,0.0,0.0,0.0,180.0,23.06116333007813,23.06116333007813,Leave_One_experiments/all_year_offline_schedule_search/daily_outputs/HLA/HLA_2015_HLA2015_normal_grid_S0028_daily.csv
HLA,HLA,Hailun,2015,Leave_One_experiments\wth_generated_qc\HLA\HLA2015.WTH,dry_year;nitrogen_stress_year;low_response_year,dry,HLA2015_normal_grid_S0028,low_input_within_10pct_yield,2015-06-17,168,49,44,"{""sim_day"": 49.0, ""doy"": 168.0, ""topwt"": 343.1085968017578, ""grnwt"": 0.0, ""xlai"": 0.5939877033233643, ""totir"": 0.0, ""tofer"": NaN, ""swfac"": 0.0, ""nstres"": 0.0}",0.0,0.0,343.1085968017578,0.0,0.5939877033233643,0.0,,0.0,0.0,0.0,180.0,23.06116333007813,23.06116333007813,Leave_One_experiments/all_year_offline_schedule_search/daily_outputs/HLA/HLA_2015_HLA2015_normal_grid_S0028_daily.csv
HLA,HLA,Hailun,2015,Leave_One_experiments\wth_generated_qc\HLA\HLA2015.WTH,dry_year;nitrogen_stress_year;low_response_year,dry,HLA2015_normal_grid_S0028,low_input_within_10pct_yield,2015-06-18,169,50,45,"{""sim_day"": 50.0, ""doy"": 169.0, ""topwt"": 400.7585144042969, ""grnwt"": 0.0, ""xlai"": 0.6738418936729431, ""totir"": 0.0, ""tofer"": NaN, ""swfac"": 0.0, ""nstres"": 0.0}",0.0,0.0,400.7585144042969,0.0,0.6738418936729431,0.0,,0.0,0.0,0.0,180.0,23.06116333007813,23.06116333007813,Leave_One_experiments/all_year_offline_schedule_search/daily_outputs/HLA/HLA_2015_HLA2015_normal_grid_S0028_daily.csv
HLA,HLA,Hailun,2015,Leave_One_experiments\wth_generated_qc\HLA\HLA2015.WTH,dry_year;nitrogen_stress_year;low_response_year,dry,HLA2015_normal_grid_S0028,low_input_within_10pct_yield,2015-06-19,170,51,46,"{""sim_day"": 51.0, ""doy"": 170.0, ""topwt"": 459.687728881836, ""grnwt"": 0.0, ""xlai"": 0.7528884410858154, ""totir"": 0.0, ""tofer"": NaN, ""swfac"": 0.0, ""nstres"": 0.0}",0.0,0.0,459.687728881836,0.0,0.7528884410858154,0.0,,0.0,0.0,0.0,180.0,23.06116333007813,23.06116333007813,Leave_One_experiments/all_year_offline_schedule_search/daily_outputs/HLA/HLA_2015_HLA2015_normal_grid_S0028_daily.csv
HLA,HLA,Hailun,2015,Leave_One_experiments\wth_generated_qc\HLA\HLA2015.WTH,dry_year;nitrogen_stress_year;low_response_year,dry,HLA2015_normal_grid_S0028,low_input_within_10pct_yield,2015-06-20,171,52,47,"{""sim_day"": 52.0, ""doy"": 171.0, ""topwt"": 534.7988891601562, ""grnwt"": 0.0, ""xlai"": 0.848289430141449, ""totir"": 0.0, ""tofer"": NaN, ""swfac"": 0.0, ""nstres"": 0.0}",0.0,0.0,534.7988891601562,0.0,0.848289430141449,0.0,,0.0,0.0,0.0,180.0,23.06116333007813,23.06116333007813,Leave_One_experiments/all_year_offline_schedule_search/daily_outputs/HLA/HLA_2015_HLA2015_normal_grid_S0028_daily.csv
HLA,HLA,Hailun,2015,Leave_One_experiments\wth_generated_qc\HLA\HLA2015.WTH,dry_year;nitrogen_stress_year;low_response_year,dry,HLA2015_normal_grid_S0028,low_input_within_10pct_yield,2015-06-21,172,53,48,"{""sim_day"": 53.0, ""doy"": 172.0, ""topwt"": 635.9558868408203, ""grnwt"": 0.0, ""xlai"": 0.9790798425674438, ""totir"": 0.0, ""tofer"": NaN, ""swfac"": 0.0, ""nstres"": 0.0}",0.0,0.0,635.9558868408203,0.0,0.9790798425674438,0.0,,0.0,0.0,0.0,180.0,23.06116333007813,23.06116333007813,Leave_One_experiments/all_year_offline_schedule_search/daily_outputs/HLA/HLA_2015_HLA2015_normal_grid_S0028_daily.csv
HLA,HLA,Hailun,2015,Leave_One_experiments\wth_generated_qc\HLA\HLA2015.WTH,dry_year;nitrogen_stress_year;low_response_year,dry,HLA2015_normal_grid_S0028,low_input_within_10pct_yield,2015-06-22,173,54,49,"{""sim_day"": 54.0, ""doy"": 173.0, ""topwt"": 715.9077453613281, ""grnwt"": 0.0, ""xlai"": 1.0782363414764404, ""totir"": 0.0, ""tofer"": NaN, ""swfac"": 0.0, ""nstres"": 0.0}",0.0,0.0,715.9077453613281,0.0,1.0782363414764404,0.0,,0.0,0.0,0.0,180.0,23.06116333007813,23.06116333007813,Leave_One_experiments/all_year_offline_schedule_search/daily_outputs/HLA/HLA_2015_HLA2015_normal_grid_S0028_daily.csv
HLA,HLA,Hailun,2015,Leave_One_experiments\wth_generated_qc\HLA\HLA2015.WTH,dry_year;nitrogen_stress_year;low_response_year,dry,HLA2015_normal_grid_S0028,low_input_within_10pct_yield,2015-06-23,174,55,50,"{""sim_day"": 55.0, ""doy"": 174.0, ""topwt"": 800.6877899169922, ""grnwt"": 0.0, ""xlai"": 1.179302215576172, ""totir"": 0.0, ""tofer"": NaN, ""swfac"": 0.0, ""nstres"": 0.0}",0.0,0.0,800.6877899169922,0.0,1.179302215576172,0.0,,0.0,0.0,0.0,180.0,23.06116333007813,23.06116333007813,Leave_One_experiments/all_year_offline_schedule_search/daily_outputs/HLA/HLA_2015_HLA2015_normal_grid_S0028_daily.csv
HLA,HLA,Hailun,2015,Leave_One_experiments\wth_generated_qc\HLA\HLA2015.WTH,dry_year;nitrogen_stress_year;low_response_year,dry,HLA2015_normal_grid_S0028,low_input_within_10pct_yield,2015-06-24,175,56,51,"{""sim_day"": 56.0, ""doy"": 175.0, ""topwt"": 870.9099578857422, ""grnwt"": 0.0, ""xlai"": 1.2599737644195557, ""totir"": 0.0, ""tofer"": NaN, ""swfac"": 0.0, ""nstres"": 0.0}",0.0,0.0,870.9099578857422,0.0,1.2599737644195557,0.0,,0.0,0.0,0.0,180.0,23.06116333007813,23.06116333007813,Leave_One_experiments/all_year_offline_schedule_search/daily_outputs/HLA/HLA_2015_HLA2015_normal_grid_S0028_daily.csv
HLA,HLA,Hailun,2015,Leave_One_experiments\wth_generated_qc\HLA\HLA2015.WTH,dry_year;nitrogen_stress_year;low_response_year,dry,HLA2015_normal_grid_S0028,low_input_within_10pct_yield,2015-06-25,176,57,52,"{""sim_day"": 57.0, ""doy"": 176.0, ""topwt"": 974.4190216064452, ""grnwt"": 0.0, ""xlai"": 1.373578429222107, ""totir"": 0.0, ""tofer"": NaN, ""swfac"": 0.0, ""nstres"": 0.0}",0.0,0.0,974.4190216064452,0.0,1.373578429222107,0.0,,0.0,0.0,0.0,180.0,23.06116333007813,23.06116333007813,Leave_One_experiments/all_year_offline_schedule_search/daily_outputs/HLA/HLA_2015_HLA2015_normal_grid_S0028_daily.csv
HLA,HLA,Hailun,2015,Leave_One_experiments\wth_generated_qc\HLA\HLA2015.WTH,dry_year;nitrogen_stress_year;low_response_year,dry,HLA2015_normal_grid_S0028,low_input_within_10pct_yield,2015-06-26,177,58,53,"{""sim_day"": 58.0, ""doy"": 177.0, ""topwt"": 1082.5349426269531, ""grnwt"": 0.0, ""xlai"": 1.4861332178115845, ""totir"": 0.0, ""tofer"": NaN, ""swfac"": 0.0, ""nstres"": 0.0}",0.0,0.0,1082.5349426269531,0.0,1.4861332178115845,0.0,,0.0,0.0,0.0,180.0,23.06116333007813,23.06116333007813,Leave_One_experiments/all_year_offline_schedule_search/daily_outputs/HLA/HLA_2015_HLA2015_normal_grid_S0028_daily.csv
HLA,HLA,Hailun,2015,Leave_One_experiments\wth_generated_qc\HLA\HLA2015.WTH,dry_year;nitrogen_stress_year;low_response_year,dry,HLA2015_normal_grid_S0028,low_input_within_10pct_yield,2015-06-27,178,59,54,"{""sim_day"": 59.0, ""doy"": 178.0, ""topwt"": 1180.4791259765625, ""grnwt"": 0.0, ""xlai"": 1.5834007263183594, ""totir"": 0.0, ""tofer"": NaN, ""swfac"": 0.0, ""nstres"": 0.0}",0.0,0.0,1180.4791259765625,0.0,1.5834007263183594,0.0,,0.0,0.0,0.0,180.0,23.06116333007813,23.06116333007813,Leave_One_experiments/all_year_offline_schedule_search/daily_outputs/HLA/HLA_2015_HLA2015_normal_grid_S0028_daily.csv
HLA,HLA,Hailun,2015,Leave_One_experiments\wth_generated_qc\HLA\HLA2015.WTH,dry_year;nitrogen_stress_year;low_response_year,dry,HLA2015_normal_grid_S0028,low_input_within_10pct_yield,2015-06-28,179,60,55,"{""sim_day"": 60.0, ""doy"": 179.0, ""topwt"": 1277.16552734375, ""grnwt"": 0.0, ""xlai"": 1.6751917600631714, ""totir"": 0.0, ""tofer"": NaN, ""swfac"": 0.0, ""nstres"": 0.0}",0.0,0.0,1277.16552734375,0.0,1.6751917600631714,0.0,,0.0,0.0,0.0,180.0,23.06116333007813,23.06116333007813,Leave_One_experiments/all_year_offline_schedule_search/daily_outputs/HLA/HLA_2015_HLA2015_normal_grid_S0028_daily.csv
HLA,HLA,Hailun,2015,Leave_One_experiments\wth_generated_qc\HLA\HLA2015.WTH,dry_year;nitrogen_stress_year;low_response_year,dry,HLA2015_normal_grid_S0028,low_input_within_10pct_yield,2015-06-29,180,61,56,"{""sim_day"": 61.0, ""doy"": 180.0, ""topwt"": 1363.3126831054688, ""grnwt"": 0.0, ""xlai"": 1.7537575960159302, ""totir"": 0.0, ""tofer"": NaN, ""swfac"": 0.0, ""nstres"": 0.0}",0.0,0.0,1363.3126831054688,0.0,1.7537575960159302,0.0,,0.0,0.0,0.0,180.0,23.06116333007813,23.06116333007813,Leave_One_experiments/all_year_offline_schedule_search/daily_outputs/HLA/HLA_2015_HLA2015_normal_grid_S0028_daily.csv
HLA,HLA,Hailun,2015,Leave_One_experiments\wth_generated_qc\HLA\HLA2015.WTH,dry_year;nitrogen_stress_year;low_response_year,dry,HLA2015_normal_grid_S0028,low_input_within_10pct_yield,2015-06-30,181,62,57,"{""sim_day"": 62.0, ""doy"": 181.0, ""topwt"": 1457.7621459960938, ""grnwt"": 0.0, ""xlai"": 1.8363841772079468, ""totir"": 0.0, ""tofer"": NaN, ""swfac"": 0.0, ""nstres"": 0.0}",0.0,0.0,1457.7621459960938,0.0,1.8363841772079468,0.0,,0.0,0.0,0.0,180.0,23.06116333007813,23.06116333007813,Leave_One_experiments/all_year_offline_schedule_search/daily_outputs/HLA/HLA_2015_HLA2015_normal_grid_S0028_daily.csv
HLA,HLA,Hailun,2015,Leave_One_experiments\wth_generated_qc\HLA\HLA2015.WTH,dry_year;nitrogen_stress_year;low_response_year,dry,HLA2015_normal_grid_S0028,low_input_within_10pct_yield,2015-07-01,182,63,58,"{""sim_day"": 63.0, ""doy"": 182.0, ""topwt"": 1549.0725708007812, ""grnwt"": 0.0, ""xlai"": 1.9131221771240237, ""totir"": 0.0, ""tofer"": NaN, ""swfac"": 0.0, ""nstres"": 0.0}",0.0,0.0,1549.0725708007812,0.0,1.9131221771240237,0.0,,0.0,0.0,0.0,180.0,23.06116333007813,23.06116333007813,Leave_One_experiments/all_year_offline_schedule_search/daily_outputs/HLA/HLA_2015_HLA2015_normal_grid_S0028_daily.csv
HLA,HLA,Hailun,2015,Leave_One_experiments\wth_generated_qc\HLA\HLA2015.WTH,dry_year;nitrogen_stress_year;low_response_year,dry,HLA2015_normal_grid_S0028,low_input_within_10pct_yield,2015-07-02,183,64,59,"{""sim_day"": 64.0, ""doy"": 183.0, ""topwt"": 1645.084991455078, ""grnwt"": 0.0, ""xlai"": 1.9906028509140012, ""totir"": 0.0, ""tofer"": NaN, ""swfac"": 0.0, ""nstres"": 0.0}",0.0,0.0,1645.084991455078,0.0,1.9906028509140012,0.0,,0.0,0.0,0.0,180.0,23.06116333007813,23.06116333007813,Leave_One_experiments/all_year_offline_schedule_search/daily_outputs/HLA/HLA_2015_HLA2015_normal_grid_S0028_daily.csv
HLA,HLA,Hailun,2015,Leave_One_experiments\wth_generated_qc\HLA\HLA2015.WTH,dry_year;nitrogen_stress_year;low_response_year,dry,HLA2015_normal_grid_S0028,low_input_within_10pct_yield,2015-07-03,184,65,60,"{""sim_day"": 65.0, ""doy"": 184.0, ""topwt"": 1766.4865112304688, ""grnwt"": 0.0, ""xlai"": 2.0839383602142334, ""totir"": 0.0, ""tofer"": NaN, ""swfac"": 0.0, ""nstres"": 0.0}",0.0,0.0,1766.4865112304688,0.0,2.0839383602142334,0.0,,0.0,50.0,0.0,180.0,23.06116333007813,23.06116333007813,Leave_One_experiments/all_year_offline_schedule_search/daily_outputs/HLA/HLA_2015_HLA2015_normal_grid_S0028_daily.csv
HLA,HLA,Hailun,2015,Leave_One_experiments\wth_generated_qc\HLA\HLA2015.WTH,dry_year;nitrogen_stress_year;low_response_year,dry,HLA2015_normal_grid_S0028,low_input_within_10pct_yield,2015-07-04,185,66,61,"{""sim_day"": 66.0, ""doy"": 185.0, ""topwt"": 1919.6029663085935, ""grnwt"": 0.0, ""xlai"": 2.194952964782715, ""totir"": 0.0, ""tofer"": NaN, ""swfac"": 0.0, ""nstres"": 0.0}",0.0,0.0,1919.6029663085935,0.0,2.194952964782715,0.0,,0.0,0.0,0.0,180.0,23.06116333007813,23.06116333007813,Leave_One_experiments/all_year_offline_schedule_search/daily_outputs/HLA/HLA_2015_HLA2015_normal_grid_S0028_daily.csv
HLA,HLA,Hailun,2015,Leave_One_experiments\wth_generated_qc\HLA\HLA2015.WTH,dry_year;nitrogen_stress_year;low_response_year,dry,HLA2015_normal_grid_S0028,low_input_within_10pct_yield,2015-07-05,186,67,62,"{""sim_day"": 67.0, ""doy"": 186.0, ""topwt"": 2097.705841064453, ""grnwt"": 0.0, ""xlai"": 2.315917015075684, ""totir"": 0.0, ""tofer"": NaN, ""swfac"": 0.0, ""nstres"": 0.0}",0.0,0.0,2097.705841064453,0.0,2.315917015075684,0.0,,0.0,0.0,0.0,180.0,23.06116333007813,23.06116333007813,Leave_One_experiments/all_year_offline_schedule_search/daily_outputs/HLA/HLA_2015_HLA2015_normal_grid_S0028_daily.csv
HLA,HLA,Hailun,2015,Leave_One_experiments\wth_generated_qc\HLA\HLA2015.WTH,dry_year;nitrogen_stress_year;low_response_year,dry,HLA2015_normal_grid_S0028,low_input_within_10pct_yield,2015-07-06,187,68,63,"{""sim_day"": 68.0, ""doy"": 187.0, ""topwt"": 2298.5374450683594, ""grnwt"": 0.0, ""xlai"": 2.443157434463501, ""totir"": 0.0, ""tofer"": NaN, ""swfac"": 0.0, ""nstres"": 0.0}",0.0,0.0,2298.5374450683594,0.0,2.443157434463501,0.0,,0.0,0.0,0.0,180.0,23.06116333007813,23.06116333007813,Leave_One_experiments/all_year_offline_schedule_search/daily_outputs/HLA/HLA_2015_HLA2015_normal_grid_S0028_daily.csv
HLA,HLA,Hailun,2015,Leave_One_experiments\wth_generated_qc\HLA\HLA2015.WTH,dry_year;nitrogen_stress_year;low_response_year,dry,HLA2015_normal_grid_S0028,low_input_within_10pct_yield,2015-07-07,188,69,64,"{""sim_day"": 69.0, ""doy"": 188.0, ""topwt"": 2502.1356201171875, ""grnwt"": 0.0, ""xlai"": 2.563801050186157, ""totir"": 0.0, ""tofer"": NaN, ""swfac"": 0.0, ""nstres"": 0.0}",0.0,0.0,2502.1356201171875,0.0,2.563801050186157,0.0,,0.0,0.0,0.0,180.0,23.06116333007813,23.06116333007813,Leave_One_experiments/all_year_offline_schedule_search/daily_outputs/HLA/HLA_2015_HLA2015_normal_grid_S0028_daily.csv
HLA,HLA,Hailun,2015,Leave_One_experiments\wth_generated_qc\HLA\HLA2015.WTH,dry_year;nitrogen_stress_year;low_response_year,dry,HLA2015_normal_grid_S0028,low_input_within_10pct_yield,2015-07-08,189,70,65,"{""sim_day"": 70.0, ""doy"": 189.0, ""topwt"": 2735.296630859375, ""grnwt"": 0.0, ""xlai"": 2.692561388015747, ""totir"": 0.0, ""tofer"": NaN, ""swfac"": 0.0, ""nstres"": 0.0}",0.0,0.0,2735.296630859375,0.0,2.692561388015747,0.0,,0.0,0.0,0.0,180.0,23.06116333007813,23.06116333007813,Leave_One_experiments/all_year_offline_schedule_search/daily_outputs/HLA/HLA_2015_HLA2015_normal_grid_S0028_daily.csv
HLA,HLA,Hailun,2015,Leave_One_experiments\wth_generated_qc\HLA\HLA2015.WTH,dry_year;nitrogen_stress_year;low_response_year,dry,HLA2015_normal_grid_S0028,low_input_within_10pct_yield,2015-07-09,190,71,66,"{""sim_day"": 71.0, ""doy"": 190.0, ""topwt"": 3007.75634765625, ""grnwt"": 0.0, ""xlai"": 2.832014560699463, ""totir"": 0.0, ""tofer"": NaN, ""swfac"": 0.0, ""nstres"": 0.0}",0.0,0.0,3007.75634765625,0.0,2.832014560699463,0.0,,0.0,0.0,0.0,180.0,23.06116333007813,23.06116333007813,Leave_One_experiments/all_year_offline_schedule_search/daily_outputs/HLA/HLA_2015_HLA2015_normal_grid_S0028_daily.csv
HLA,HLA,Hailun,2015,Leave_One_experiments\wth_generated_qc\HLA\HLA2015.WTH,dry_year;nitrogen_stress_year;low_response_year,dry,HLA2015_normal_grid_S0028,low_input_within_10pct_yield,2015-07-10,191,72,67,"{""sim_day"": 72.0, ""doy"": 191.0, ""topwt"": 3233.162841796875, ""grnwt"": 0.0, ""xlai"": 2.940126657485962, ""totir"": 0.0, ""tofer"": NaN, ""swfac"": 0.0, ""nstres"": 0.0}",0.0,0.0,3233.162841796875,0.0,2.940126657485962,0.0,,0.0,0.0,0.0,180.0,23.06116333007813,23.06116333007813,Leave_One_experiments/all_year_offline_schedule_search/daily_outputs/HLA/HLA_2015_HLA2015_normal_grid_S0028_daily.csv
HLA,HLA,Hailun,2015,Leave_One_experiments\wth_generated_qc\HLA\HLA2015.WTH,dry_year;nitrogen_stress_year;low_response_year,dry,HLA2015_normal_grid_S0028,low_input_within_10pct_yield,2015-07-11,192,73,68,"{""sim_day"": 73.0, ""doy"": 192.0, ""topwt"": 3482.5955200195312, ""grnwt"": 0.0, ""xlai"": 3.0527126789093018, ""totir"": 0.0, ""tofer"": NaN, ""swfac"": 0.0, ""nstres"": 0.0}",0.0,0.0,3482.5955200195312,0.0,3.0527126789093018,0.0,,0.0,0.0,0.0,180.0,23.06116333007813,23.06116333007813,Leave_One_experiments/all_year_offline_schedule_search/daily_outputs/HLA/HLA_2015_HLA2015_normal_grid_S0028_daily.csv
HLA,HLA,Hailun,2015,Leave_One_experiments\wth_generated_qc\HLA\HLA2015.WTH,dry_year;nitrogen_stress_year;low_response_year,dry,HLA2015_normal_grid_S0028,low_input_within_10pct_yield,2015-07-12,193,74,69,"{""sim_day"": 74.0, ""doy"": 193.0, ""topwt"": 3731.1724853515625, ""grnwt"": 0.0, ""xlai"": 3.1586577892303467, ""totir"": 0.0, ""tofer"": NaN, ""swfac"": 0.0, ""nstres"": 0.0}",0.0,0.0,3731.1724853515625,0.0,3.1586577892303467,0.0,,0.0,0.0,0.0,180.0,23.06116333007813,23.06116333007813,Leave_One_experiments/all_year_offline_schedule_search/daily_outputs/HLA/HLA_2015_HLA2015_normal_grid_S0028_daily.csv
HLA,HLA,Hailun,2015,Leave_One_experiments\wth_generated_qc\HLA\HLA2015.WTH,dry_year;nitrogen_stress_year;low_response_year,dry,HLA2015_normal_grid_S0028,low_input_within_10pct_yield,2015-07-13,194,75,70,"{""sim_day"": 75.0, ""doy"": 194.0, ""topwt"": 3977.867126464844, ""grnwt"": 0.0, ""xlai"": 3.2583229541778564, ""totir"": 0.0, ""tofer"": NaN, ""swfac"": 0.0, ""nstres"": 0.0}",0.0,0.0,3977.867126464844,0.0,3.2583229541778564,0.0,,0.0,0.0,0.0,180.0,23.06116333007813,23.06116333007813,Leave_One_experiments/all_year_offline_schedule_search/daily_outputs/HLA/HLA_2015_HLA2015_normal_grid_S0028_daily.csv
HLA,HLA,Hailun,2015,Leave_One_experiments\wth_generated_qc\HLA\HLA2015.WTH,dry_year;nitrogen_stress_year;low_response_year,dry,HLA2015_normal_grid_S0028,low_input_within_10pct_yield,2015-07-14,195,76,71,"{""sim_day"": 76.0, ""doy"": 195.0, ""topwt"": 4231.832580566406, ""grnwt"": 0.0, ""xlai"": 3.355769395828247, ""totir"": 0.0, ""tofer"": NaN, ""swfac"": 0.0, ""nstres"": 0.0}",0.0,0.0,4231.832580566406,0.0,3.355769395828247,0.0,,0.0,0.0,0.0,180.0,23.06116333007813,23.06116333007813,Leave_One_experiments/all_year_offline_schedule_search/daily_outputs/HLA/HLA_2015_HLA2015_normal_grid_S0028_daily.csv
HLA,HLA,Hailun,2015,Leave_One_experiments\wth_generated_qc\HLA\HLA2015.WTH,dry_year;nitrogen_stress_year;low_response_year,dry,HLA2015_normal_grid_S0028,low_input_within_10pct_yield,2015-07-15,196,77,72,"{""sim_day"": 77.0, ""doy"": 196.0, ""topwt"": 4597.1563720703125, ""grnwt"": 0.0, ""xlai"": 3.563140630722046, ""totir"": 0.0, ""tofer"": NaN, ""swfac"": 0.0, ""nstres"": 0.0}",0.0,0.0,4597.1563720703125,0.0,3.563140630722046,0.0,,0.0,0.0,0.0,180.0,23.06116333007813,23.06116333007813,Leave_One_experiments/all_year_offline_schedule_search/daily_outputs/HLA/HLA_2015_HLA2015_normal_grid_S0028_daily.csv
HLA,HLA,Hailun,2015,Leave_One_experiments\wth_generated_qc\HLA\HLA2015.WTH,dry_year;nitrogen_stress_year;low_response_year,dry,HLA2015_normal_grid_S0028,low_input_within_10pct_yield,2015-07-16,197,78,73,"{""sim_day"": 78.0, ""doy"": 197.0, ""topwt"": 4879.663696289063, ""grnwt"": 0.0, ""xlai"": 3.691818952560425, ""totir"": 0.0, ""tofer"": NaN, ""swfac"": 0.0, ""nstres"": 0.0}",0.0,0.0,4879.663696289063,0.0,3.691818952560425,0.0,,0.0,0.0,0.0,180.0,23.06116333007813,23.06116333007813,Leave_One_experiments/all_year_offline_schedule_search/daily_outputs/HLA/HLA_2015_HLA2015_normal_grid_S0028_daily.csv
HLA,HLA,Hailun,2015,Leave_One_experiments\wth_generated_qc\HLA\HLA2015.WTH,dry_year;nitrogen_stress_year;low_response_year,dry,HLA2015_normal_grid_S0028,low_input_within_10pct_yield,2015-07-17,198,79,74,"{""sim_day"": 79.0, ""doy"": 198.0, ""topwt"": 5163.624877929688, ""grnwt"": 0.0, ""xlai"": 3.8035757541656494, ""totir"": 0.0, ""tofer"": NaN, ""swfac"": 0.0, ""nstres"": 0.0}",0.0,0.0,5163.624877929688,0.0,3.8035757541656494,0.0,,0.0,0.0,0.0,180.0,23.06116333007813,23.06116333007813,Leave_One_experiments/all_year_offline_schedule_search/daily_outputs/HLA/HLA_2015_HLA2015_normal_grid_S0028_daily.csv
HLA,HLA,Hailun,2015,Leave_One_experiments\wth_generated_qc\HLA\HLA2015.WTH,dry_year;nitrogen_stress_year;low_response_year,dry,HLA2015_normal_grid_S0028,low_input_within_10pct_yield,2015-07-18,199,80,75,"{""sim_day"": 80.0, ""doy"": 199.0, ""topwt"": 5440.8795166015625, ""grnwt"": 0.0, ""xlai"": 3.901444911956787, ""totir"": 0.0, ""tofer"": NaN, ""swfac"": 0.0, ""nstres"": 0.0}",0.0,0.0,5440.8795166015625,0.0,3.901444911956787,0.0,,0.0,0.0,0.0,180.0,23.06116333007813,23.06116333007813,Leave_One_experiments/all_year_offline_schedule_search/daily_outputs/HLA/HLA_2015_HLA2015_normal_grid_S0028_daily.csv
HLA,HLA,Hailun,2015,Leave_One_experiments\wth_generated_qc\HLA\HLA2015.WTH,dry_year;nitrogen_stress_year;low_response_year,dry,HLA2015_normal_grid_S0028,low_input_within_10pct_yield,2015-07-19,200,81,76,"{""sim_day"": 81.0, ""doy"": 200.0, ""topwt"": 5741.77001953125, ""grnwt"": 0.0, ""xlai"": 3.9980015754699703, ""totir"": 0.0, ""tofer"": NaN, ""swfac"": 0.0, ""nstres"": 0.0}",0.0,0.0,5741.77001953125,0.0,3.9980015754699703,0.0,,0.0,0.0,0.0,180.0,23.06116333007813,23.06116333007813,Leave_One_experiments/all_year_offline_schedule_search/daily_outputs/HLA/HLA_2015_HLA2015_normal_grid_S0028_daily.csv
HLA,HLA,Hailun,2015,Leave_One_experiments\wth_generated_qc\HLA\HLA2015.WTH,dry_year;nitrogen_stress_year;low_response_year,dry,HLA2015_normal_grid_S0028,low_input_within_10pct_yield,2015-07-20,201,82,77,"{""sim_day"": 82.0, ""doy"": 201.0, ""topwt"": 5995.723876953125, ""grnwt"": 0.0, ""xlai"": 4.074082374572754, ""totir"": 0.0, ""tofer"": NaN, ""swfac"": 0.0, ""nstres"": 0.0}",0.0,0.0,5995.723876953125,0.0,4.074082374572754,0.0,,0.0,0.0,0.0,180.0,23.06116333007813,23.06116333007813,Leave_One_experiments/all_year_offline_schedule_search/daily_outputs/HLA/HLA_2015_HLA2015_normal_grid_S0028_daily.csv
HLA,HLA,Hailun,2015,Leave_One_experiments\wth_generated_qc\HLA\HLA2015.WTH,dry_year;nitrogen_stress_year;low_response_year,dry,HLA2015_normal_grid_S0028,low_input_within_10pct_yield,2015-07-21,202,83,78,"{""sim_day"": 83.0, ""doy"": 202.0, ""topwt"": 6264.730224609375, ""grnwt"": 0.0, ""xlai"": 4.147298812866211, ""totir"": 0.0, ""tofer"": NaN, ""swfac"": 0.0, ""nstres"": 0.0}",0.0,0.0,6264.730224609375,0.0,4.147298812866211,0.0,,0.0,0.0,0.0,180.0,23.06116333007813,23.06116333007813,Leave_One_experiments/all_year_offline_schedule_search/daily_outputs/HLA/HLA_2015_HLA2015_normal_grid_S0028_daily.csv
HLA,HLA,Hailun,2015,Leave_One_experiments\wth_generated_qc\HLA\HLA2015.WTH,dry_year;nitrogen_stress_year;low_response_year,dry,HLA2015_normal_grid_S0028,low_input_within_10pct_yield,2015-07-22,203,84,79,"{""sim_day"": 84.0, ""doy"": 203.0, ""topwt"": 6525.95458984375, ""grnwt"": 0.0, ""xlai"": 4.211849212646484, ""totir"": 0.0, ""tofer"": NaN, ""swfac"": 0.0, ""nstres"": 0.0065423250198364}",0.0,0.0065423250198364,6525.95458984375,0.0,4.211849212646484,0.0,,0.0,0.0,0.0,180.0,23.06116333007813,23.06116333007813,Leave_One_experiments/all_year_offline_schedule_search/daily_outputs/HLA/HLA_2015_HLA2015_normal_grid_S0028_daily.csv
HLA,HLA,Hailun,2015,Leave_One_experiments\wth_generated_qc\HLA\HLA2015.WTH,dry_year;nitrogen_stress_year;low_response_year,dry,HLA2015_normal_grid_S0028,low_input_within_10pct_yield,2015-07-23,204,85,80,"{""sim_day"": 85.0, ""doy"": 204.0, ""topwt"": 6697.7880859375, ""grnwt"": 0.0, ""xlai"": 4.24491024017334, ""totir"": 0.0, ""tofer"": NaN, ""swfac"": 0.0, ""nstres"": 0.0195176005363464}",0.0,0.0195176005363464,6697.7880859375,0.0,4.24491024017334,0.0,,0.0,0.0,0.0,180.0,23.06116333007813,23.06116333007813,Leave_One_experiments/all_year_offline_schedule_search/daily_outputs/HLA/HLA_2015_HLA2015_normal_grid_S0028_daily.csv
HLA,HLA,Hailun,2015,Leave_One_experiments\wth_generated_qc\HLA\HLA2015.WTH,dry_year;nitrogen_stress_year;low_response_year,dry,HLA2015_normal_grid_S0028,low_input_within_10pct_yield,2015-07-24,205,86,81,"{""sim_day"": 86.0, ""doy"": 205.0, ""topwt"": 6930.435791015625, ""grnwt"": 0.0, ""xlai"": 4.285537242889404, ""totir"": 0.0, ""tofer"": NaN, ""swfac"": 0.0, ""nstres"": 0.0294855833053588}",0.0,0.0294855833053588,6930.435791015625,0.0,4.285537242889404,0.0,,0.0,0.0,0.0,180.0,23.06116333007813,23.06116333007813,Leave_One_experiments/all_year_offline_schedule_search/daily_outputs/HLA/HLA_2015_HLA2015_normal_grid_S0028_daily.csv
HLA,HLA,Hailun,2015,Leave_One_experiments\wth_generated_qc\HLA\HLA2015.WTH,dry_year;nitrogen_stress_year;low_response_year,dry,HLA2015_normal_grid_S0028,low_input_within_10pct_yield,2015-07-25,206,87,82,"{""sim_day"": 87.0, ""doy"": 206.0, ""topwt"": 7099.971923828125, ""grnwt"": 0.0, ""xlai"": 4.307591438293457, ""totir"": 0.0, ""tofer"": NaN, ""swfac"": 0.0, ""nstres"": 0.0350514650344848}",0.0,0.0350514650344848,7099.971923828125,0.0,4.307591438293457,0.0,,0.0,0.0,0.0,180.0,23.06116333007813,23.06116333007813,Leave_One_experiments/all_year_offline_schedule_search/daily_outputs/HLA/HLA_2015_HLA2015_normal_grid_S0028_daily.csv
HLA,HLA,Hailun,2015,Leave_One_experiments\wth_generated_qc\HLA\HLA2015.WTH,dry_year;nitrogen_stress_year;low_response_year,dry,HLA2015_normal_grid_S0028,low_input_within_10pct_yield,2015-07-26,207,88,83,"{""sim_day"": 88.0, ""doy"": 207.0, ""topwt"": 7279.0765380859375, ""grnwt"": 0.0, ""xlai"": 4.327949047088623, ""totir"": 0.0, ""tofer"": NaN, ""swfac"": 0.0, ""nstres"": 0.0422165393829345}",0.0,0.0422165393829345,7279.0765380859375,0.0,4.327949047088623,0.0,,0.0,0.0,0.0,180.0,23.06116333007813,23.06116333007813,Leave_One_experiments/all_year_offline_schedule_search/daily_outputs/HLA/HLA_2015_HLA2015_normal_grid_S0028_daily.csv
HLA,HLA,Hailun,2015,Leave_One_experiments\wth_generated_qc\HLA\HLA2015.WTH,dry_year;nitrogen_stress_year;low_response_year,dry,HLA2015_normal_grid_S0028,low_input_within_10pct_yield,2015-07-27,208,89,84,"{""sim_day"": 89.0, ""doy"": 208.0, ""topwt"": 7445.41015625, ""grnwt"": 0.0, ""xlai"": 4.3426055908203125, ""totir"": 0.0, ""tofer"": NaN, ""swfac"": 0.0, ""nstres"": 0.046724796295166}",0.0,0.046724796295166,7445.41015625,0.0,4.3426055908203125,0.0,,0.0,0.0,0.0,180.0,23.06116333007813,23.06116333007813,Leave_One_experiments/all_year_offline_schedule_search/daily_outputs/HLA/HLA_2015_HLA2015_normal_grid_S0028_daily.csv
HLA,HLA,Hailun,2015,Leave_One_experiments\wth_generated_qc\HLA\HLA2015.WTH,dry_year;nitrogen_stress_year;low_response_year,dry,HLA2015_normal_grid_S0028,low_input_within_10pct_yield,2015-07-28,209,90,85,"{""sim_day"": 90.0, ""doy"": 209.0, ""topwt"": 7622.335205078125, ""grnwt"": 0.0, ""xlai"": 4.3588080406188965, ""totir"": 0.0, ""tofer"": NaN, ""swfac"": 0.0, ""nstres"": 0.0483834743499755}",0.0,0.0483834743499755,7622.335205078125,0.0,4.3588080406188965,0.0,,0.0,0.0,0.0,180.0,23.06116333007813,23.06116333007813,Leave_One_experiments/all_year_offline_schedule_search/daily_outputs/HLA/HLA_2015_HLA2015_normal_grid_S0028_daily.csv
HLA,HLA,Hailun,2015,Leave_One_experiments\wth_generated_qc\HLA\HLA2015.WTH,dry_year;nitrogen_stress_year;low_response_year,dry,HLA2015_normal_grid_S0028,low_input_within_10pct_yield,2015-07-29,210,91,86,"{""sim_day"": 91.0, ""doy"": 210.0, ""topwt"": 7790.283813476562, ""grnwt"": 0.0, ""xlai"": 4.371199131011963, ""totir"": 0.0, ""tofer"": NaN, ""swfac"": 0.0, ""nstres"": 0.0511258840560913}",0.0,0.0511258840560913,7790.283813476562,0.0,4.371199131011963,0.0,,0.0,0.0,0.0,180.0,23.06116333007813,23.06116333007813,Leave_One_experiments/all_year_offline_schedule_search/daily_outputs/HLA/HLA_2015_HLA2015_normal_grid_S0028_daily.csv
HLA,HLA,Hailun,2015,Leave_One_experiments\wth_generated_qc\HLA\HLA2015.WTH,dry_year;nitrogen_stress_year;low_response_year,dry,HLA2015_normal_grid_S0028,low_input_within_10pct_yield,2015-07-30,211,92,87,"{""sim_day"": 92.0, ""doy"": 211.0, ""topwt"": 7965.9814453125, ""grnwt"": 0.0, ""xlai"": 4.383785724639893, ""totir"": 0.0, ""tofer"": NaN, ""swfac"": 0.0, ""nstres"": 0.0539765357971191}",0.0,0.0539765357971191,7965.9814453125,0.0,4.383785724639893,0.0,,0.0,0.0,0.0,180.0,23.06116333007813,23.06116333007813,Leave_One_experiments/all_year_offline_schedule_search/daily_outputs/HLA/HLA_2015_HLA2015_normal_grid_S0028_daily.csv
HLA,HLA,Hailun,2015,Leave_One_experiments\wth_generated_qc\HLA\HLA2015.WTH,dry_year;nitrogen_stress_year;low_response_year,dry,HLA2015_normal_grid_S0028,low_input_within_10pct_yield,2015-07-31,212,93,88,"{""sim_day"": 93.0, ""doy"": 212.0, ""topwt"": 8175.628662109375, ""grnwt"": 0.0, ""xlai"": 4.4036359786987305, ""totir"": 0.0, ""tofer"": NaN, ""swfac"": 0.0, ""nstres"": 0.0554738044738769}",0.0,0.0554738044738769,8175.628662109375,0.0,4.4036359786987305,0.0,,0.0,0.0,0.0,180.0,23.06116333007813,23.06116333007813,Leave_One_experiments/all_year_offline_schedule_search/daily_outputs/HLA/HLA_2015_HLA2015_normal_grid_S0028_daily.csv
HLA,HLA,Hailun,2015,Leave_One_experiments\wth_generated_qc\HLA\HLA2015.WTH,dry_year;nitrogen_stress_year;low_response_year,dry,HLA2015_normal_grid_S0028,low_input_within_10pct_yield,2015-08-01,213,94,89,"{""sim_day"": 94.0, ""doy"": 213.0, ""topwt"": 8413.613891601562, ""grnwt"": 0.0, ""xlai"": 4.372132301330566, ""totir"": 0.0, ""tofer"": NaN, ""swfac"": 0.0, ""nstres"": 0.0572326183319091}",0.0,0.0572326183319091,8413.613891601562,0.0,4.372132301330566,0.0,,0.0,0.0,0.0,180.0,23.06116333007813,23.06116333007813,Leave_One_experiments/all_year_offline_schedule_search/daily_outputs/HLA/HLA_2015_HLA2015_normal_grid_S0028_daily.csv
HLA,HLA,Hailun,2015,Leave_One_experiments\wth_generated_qc\HLA\HLA2015.WTH,dry_year;nitrogen_stress_year;low_response_year,dry,HLA2015_normal_grid_S0028,low_input_within_10pct_yield,2015-08-02,214,95,90,"{""sim_day"": 95.0, ""doy"": 214.0, ""topwt"": 8830.078735351562, ""grnwt"": 0.0, ""xlai"": 4.343531131744385, ""totir"": 0.0, ""tofer"": NaN, ""swfac"": 0.0, ""nstres"": 0.0523338913917541}",0.0,0.0523338913917541,8830.078735351562,0.0,4.343531131744385,0.0,,0.0,0.0,0.0,180.0,23.06116333007813,23.06116333007813,Leave_One_experiments/all_year_offline_schedule_search/daily_outputs/HLA/HLA_2015_HLA2015_normal_grid_S0028_daily.csv
HLA,HLA,Hailun,2015,Leave_One_experiments\wth_generated_qc\HLA\HLA2015.WTH,dry_year;nitrogen_stress_year;low_response_year,dry,HLA2015_normal_grid_S0028,low_input_within_10pct_yield,2015-08-03,215,96,91,"{""sim_day"": 96.0, ""doy"": 215.0, ""topwt"": 9179.02099609375, ""grnwt"": 0.0, ""xlai"": 4.317530155181885, ""totir"": 0.0, ""tofer"": NaN, ""swfac"": 0.0, ""nstres"": 0.0478883981704711}",0.0,0.0478883981704711,9179.02099609375,0.0,4.317530155181885,0.0,,0.0,0.0,0.0,180.0,23.06116333007813,23.06116333007813,Leave_One_experiments/all_year_offline_schedule_search/daily_outputs/HLA/HLA_2015_HLA2015_normal_grid_S0028_daily.csv
HLA,HLA,Hailun,2015,Leave_One_experiments\wth_generated_qc\HLA\HLA2015.WTH,dry_year;nitrogen_stress_year;low_response_year,dry,HLA2015_normal_grid_S0028,low_input_within_10pct_yield,2015-08-04,216,97,92,"{""sim_day"": 97.0, ""doy"": 216.0, ""topwt"": 9577.240600585938, ""grnwt"": 0.0, ""xlai"": 4.29241418838501, ""totir"": 0.0, ""tofer"": NaN, ""swfac"": 0.0, ""nstres"": 0.046538233757019}",0.0,0.046538233757019,9577.240600585938,0.0,4.29241418838501,0.0,,0.0,0.0,0.0,180.0,23.06116333007813,23.06116333007813,Leave_One_experiments/all_year_offline_schedule_search/daily_outputs/HLA/HLA_2015_HLA2015_normal_grid_S0028_daily.csv
HLA,HLA,Hailun,2015,Leave_One_experiments\wth_generated_qc\HLA\HLA2015.WTH,dry_year;nitrogen_stress_year;low_response_year,dry,HLA2015_normal_grid_S0028,low_input_within_10pct_yield,2015-08-05,217,98,93,"{""sim_day"": 98.0, ""doy"": 217.0, ""topwt"": 9797.740478515623, ""grnwt"": 0.0, ""xlai"": 4.26976203918457, ""totir"": 0.0, ""tofer"": NaN, ""swfac"": 0.0, ""nstres"": 0.0422164797782897}",0.0,0.0422164797782897,9797.740478515623,0.0,4.26976203918457,0.0,,0.0,0.0,0.0,180.0,23.06116333007813,23.06116333007813,Leave_One_experiments/all_year_offline_schedule_search/daily_outputs/HLA/HLA_2015_HLA2015_normal_grid_S0028_daily.csv
HLA,HLA,Hailun,2015,Leave_One_experiments\wth_generated_qc\HLA\HLA2015.WTH,dry_year;nitrogen_stress_year;low_response_year,dry,HLA2015_normal_grid_S0028,low_input_within_10pct_yield,2015-08-06,218,99,94,"{""sim_day"": 99.0, ""doy"": 218.0, ""topwt"": 9927.79541015625, ""grnwt"": 0.0, ""xlai"": 4.249482154846191, ""totir"": 0.0, ""tofer"": NaN, ""swfac"": 0.0, ""nstres"": 0.0379981994628906}",0.0,0.0379981994628906,9927.79541015625,0.0,4.249482154846191,0.0,,0.0,0.0,0.0,180.0,23.06116333007813,23.06116333007813,Leave_One_experiments/all_year_offline_schedule_search/daily_outputs/HLA/HLA_2015_HLA2015_normal_grid_S0028_daily.csv
HLA,HLA,Hailun,2015,Leave_One_experiments\wth_generated_qc\HLA\HLA2015.WTH,dry_year;nitrogen_stress_year;low_response_year,dry,HLA2015_normal_grid_S0028,low_input_within_10pct_yield,2015-08-07,219,100,95,"{""sim_day"": 100.0, ""doy"": 219.0, ""topwt"": 10027.32421875, ""grnwt"": 0.0, ""xlai"": 4.2337751388549805, ""totir"": 0.0, ""tofer"": NaN, ""swfac"": 0.0, ""nstres"": 0.029568612575531}",0.0,0.029568612575531,10027.32421875,0.0,4.2337751388549805,0.0,,0.0,0.0,0.0,180.0,23.06116333007813,23.06116333007813,Leave_One_experiments/all_year_offline_schedule_search/daily_outputs/HLA/HLA_2015_HLA2015_normal_grid_S0028_daily.csv
HLA,HLA,Hailun,2015,Leave_One_experiments\wth_generated_qc\HLA\HLA2015.WTH,dry_year;nitrogen_stress_year;low_response_year,dry,HLA2015_normal_grid_S0028,low_input_within_10pct_yield,2015-08-08,220,101,96,"{""sim_day"": 101.0, ""doy"": 220.0, ""topwt"": 10213.989868164062, ""grnwt"": 0.0, ""xlai"": 4.223241329193115, ""totir"": 0.0, ""tofer"": NaN, ""swfac"": 0.0, ""nstres"": 0.0199050903320312}",0.0,0.0199050903320312,10213.989868164062,0.0,4.223241329193115,0.0,,0.0,0.0,0.0,180.0,23.06116333007813,23.06116333007813,Leave_One_experiments/all_year_offline_schedule_search/daily_outputs/HLA/HLA_2015_HLA2015_normal_grid_S0028_daily.csv
HLA,HLA,Hailun,2015,Leave_One_experiments\wth_generated_qc\HLA\HLA2015.WTH,dry_year;nitrogen_stress_year;low_response_year,dry,HLA2015_normal_grid_S0028,low_input_within_10pct_yield,2015-08-09,221,102,97,"{""sim_day"": 102.0, ""doy"": 221.0, ""topwt"": 10499.248046875, ""grnwt"": 0.0, ""xlai"": 4.215698719024658, ""totir"": 0.0, ""tofer"": NaN, ""swfac"": 0.0, ""nstres"": 0.0089762210845947}",0.0,0.0089762210845947,10499.248046875,0.0,4.215698719024658,0.0,,0.0,0.0,0.0,180.0,23.06116333007813,23.06116333007813,Leave_One_experiments/all_year_offline_schedule_search/daily_outputs/HLA/HLA_2015_HLA2015_normal_grid_S0028_daily.csv
HLA,HLA,Hailun,2015,Leave_One_experiments\wth_generated_qc\HLA\HLA2015.WTH,dry_year;nitrogen_stress_year;low_response_year,dry,HLA2015_normal_grid_S0028,low_input_within_10pct_yield,2015-08-10,222,103,98,"{""sim_day"": 103.0, ""doy"": 222.0, ""topwt"": 10852.252197265623, ""grnwt"": 0.0, ""xlai"": 4.208424091339111, ""totir"": 0.0, ""tofer"": NaN, ""swfac"": 0.0, ""nstres"": 0.0}",0.0,0.0,10852.252197265623,0.0,4.208424091339111,0.0,,0.0,0.0,0.0,180.0,23.06116333007813,23.06116333007813,Leave_One_experiments/all_year_offline_schedule_search/daily_outputs/HLA/HLA_2015_HLA2015_normal_grid_S0028_daily.csv
HLA,HLA,Hailun,2015,Leave_One_experiments\wth_generated_qc\HLA\HLA2015.WTH,dry_year;nitrogen_stress_year;low_response_year,dry,HLA2015_normal_grid_S0028,low_input_within_10pct_yield,2015-08-11,223,104,99,"{""sim_day"": 104.0, ""doy"": 223.0, ""topwt"": 11249.130859375, ""grnwt"": 0.0, ""xlai"": 4.201406955718994, ""totir"": 0.0, ""tofer"": NaN, ""swfac"": 0.0, ""nstres"": 0.0}",0.0,0.0,11249.130859375,0.0,4.201406955718994,0.0,,0.0,0.0,0.0,180.0,23.06116333007813,23.06116333007813,Leave_One_experiments/all_year_offline_schedule_search/daily_outputs/HLA/HLA_2015_HLA2015_normal_grid_S0028_daily.csv
HLA,HLA,Hailun,2015,Leave_One_experiments\wth_generated_qc\HLA\HLA2015.WTH,dry_year;nitrogen_stress_year;low_response_year,dry,HLA2015_normal_grid_S0028,low_input_within_10pct_yield,2015-08-12,224,105,100,"{""sim_day"": 105.0, ""doy"": 224.0, ""topwt"": 11409.48974609375, ""grnwt"": 160.35951614379883, ""xlai"": 4.128193378448486, ""totir"": 0.0, ""tofer"": NaN, ""swfac"": 0.0, ""nstres"": 0.0}",0.0,0.0,11409.48974609375,160.35951614379883,4.128193378448486,0.0,,0.0,0.0,0.0,180.0,23.06116333007813,23.06116333007813,Leave_One_experiments/all_year_offline_schedule_search/daily_outputs/HLA/HLA_2015_HLA2015_normal_grid_S0028_daily.csv
HLA,HLA,Hailun,2015,Leave_One_experiments\wth_generated_qc\HLA\HLA2015.WTH,dry_year;nitrogen_stress_year;low_response_year,dry,HLA2015_normal_grid_S0028,low_input_within_10pct_yield,2015-08-13,225,106,101,"{""sim_day"": 106.0, ""doy"": 225.0, ""topwt"": 11569.8486328125, ""grnwt"": 320.71903228759766, ""xlai"": 4.111257076263428, ""totir"": 0.0, ""tofer"": NaN, ""swfac"": 0.0, ""nstres"": 0.0}",0.0,0.0,11569.8486328125,320.71903228759766,4.111257076263428,0.0,,0.0,0.0,0.0,180.0,23.06116333007813,23.06116333007813,Leave_One_experiments/all_year_offline_schedule_search/daily_outputs/HLA/HLA_2015_HLA2015_normal_grid_S0028_daily.csv
HLA,HLA,Hailun,2015,Leave_One_experiments\wth_generated_qc\HLA\HLA2015.WTH,dry_year;nitrogen_stress_year;low_response_year,dry,HLA2015_normal_grid_S0028,low_input_within_10pct_yield,2015-08-14,226,107,102,"{""sim_day"": 107.0, ""doy"": 226.0, ""topwt"": 11730.208740234377, ""grnwt"": 481.07852935791016, ""xlai"": 4.092225551605225, ""totir"": 0.0, ""tofer"": NaN, ""swfac"": 0.0, ""nstres"": 0.0}",0.0,0.0,11730.208740234377,481.07852935791016,4.092225551605225,0.0,,0.0,0.0,0.0,180.0,23.06116333007813,23.06116333007813,Leave_One_experiments/all_year_offline_schedule_search/daily_outputs/HLA/HLA_2015_HLA2015_normal_grid_S0028_daily.csv
HLA,HLA,Hailun,2015,Leave_One_experiments\wth_generated_qc\HLA\HLA2015.WTH,dry_year;nitrogen_stress_year;low_response_year,dry,HLA2015_normal_grid_S0028,low_input_within_10pct_yield,2015-08-15,227,108,103,"{""sim_day"": 108.0, ""doy"": 227.0, ""topwt"": 11890.56884765625, ""grnwt"": 641.4380645751953, ""xlai"": 4.072096824645996, ""totir"": 0.0, ""tofer"": NaN, ""swfac"": 0.0, ""nstres"": 0.0}",0.0,0.0,11890.56884765625,641.4380645751953,4.072096824645996,0.0,,0.0,0.0,0.0,180.0,23.06116333007813,23.06116333007813,Leave_One_experiments/all_year_offline_schedule_search/daily_outputs/HLA/HLA_2015_HLA2015_normal_grid_S0028_daily.csv
HLA,HLA,Hailun,2015,Leave_One_experiments\wth_generated_qc\HLA\HLA2015.WTH,dry_year;nitrogen_stress_year;low_response_year,dry,HLA2015_normal_grid_S0028,low_input_within_10pct_yield,2015-08-16,228,109,104,"{""sim_day"": 109.0, ""doy"": 228.0, ""topwt"": 12050.927734375, ""grnwt"": 801.7975616455078, ""xlai"": 4.051863670349121, ""totir"": 0.0, ""tofer"": NaN, ""swfac"": 0.0, ""nstres"": 0.0}",0.0,0.0,12050.927734375,801.7975616455078,4.051863670349121,0.0,,0.0,0.0,0.0,180.0,23.06116333007813,23.06116333007813,Leave_One_experiments/all_year_offline_schedule_search/daily_outputs/HLA/HLA_2015_HLA2015_normal_grid_S0028_daily.csv
HLA,HLA,Hailun,2015,Leave_One_experiments\wth_generated_qc\HLA\HLA2015.WTH,dry_year;nitrogen_stress_year;low_response_year,dry,HLA2015_normal_grid_S0028,low_input_within_10pct_yield,2015-08-17,229,110,105,"{""sim_day"": 110.0, ""doy"": 229.0, ""topwt"": 12211.28662109375, ""grnwt"": 962.1570587158204, ""xlai"": 4.027616500854492, ""totir"": 0.0, ""tofer"": NaN, ""swfac"": 0.0, ""nstres"": 0.0}",0.0,0.0,12211.28662109375,962.1570587158204,4.027616500854492,0.0,,0.0,0.0,0.0,180.0,23.06116333007813,23.06116333007813,Leave_One_experiments/all_year_offline_schedule_search/daily_outputs/HLA/HLA_2015_HLA2015_normal_grid_S0028_daily.csv
HLA,HLA,Hailun,2015,Leave_One_experiments\wth_generated_qc\HLA\HLA2015.WTH,dry_year;nitrogen_stress_year;low_response_year,dry,HLA2015_normal_grid_S0028,low_input_within_10pct_yield,2015-08-18,230,111,106,"{""sim_day"": 111.0, ""doy"": 230.0, ""topwt"": 12371.646728515623, ""grnwt"": 1122.5165557861328, ""xlai"": 4.001681804656982, ""totir"": 0.0, ""tofer"": NaN, ""swfac"": 0.0, ""nstres"": 0.0}",0.0,0.0,12371.646728515623,1122.5165557861328,4.001681804656982,0.0,,0.0,0.0,0.0,180.0,23.06116333007813,23.06116333007813,Leave_One_experiments/all_year_offline_schedule_search/daily_outputs/HLA/HLA_2015_HLA2015_normal_grid_S0028_daily.csv
HLA,HLA,Hailun,2015,Leave_One_experiments\wth_generated_qc\HLA\HLA2015.WTH,dry_year;nitrogen_stress_year;low_response_year,dry,HLA2015_normal_grid_S0028,low_input_within_10pct_yield,2015-08-19,231,112,107,"{""sim_day"": 112.0, ""doy"": 231.0, ""topwt"": 12532.0068359375, ""grnwt"": 1282.8759765625, ""xlai"": 3.976527690887451, ""totir"": 0.0, ""tofer"": NaN, ""swfac"": 0.0, ""nstres"": 0.0}",0.0,0.0,12532.0068359375,1282.8759765625,3.976527690887451,0.0,,0.0,0.0,0.0,180.0,23.06116333007813,23.06116333007813,Leave_One_experiments/all_year_offline_schedule_search/daily_outputs/HLA/HLA_2015_HLA2015_normal_grid_S0028_daily.csv
HLA,HLA,Hailun,2015,Leave_One_experiments\wth_generated_qc\HLA\HLA2015.WTH,dry_year;nitrogen_stress_year;low_response_year,dry,HLA2015_normal_grid_S0028,low_input_within_10pct_yield,2015-08-20,232,113,108,"{""sim_day"": 113.0, ""doy"": 232.0, ""topwt"": 12692.36572265625, ""grnwt"": 1443.2354736328125, ""xlai"": 3.945679187774658, ""totir"": 0.0, ""tofer"": NaN, ""swfac"": 0.0, ""nstres"": 0.0}",0.0,0.0,12692.36572265625,1443.2354736328125,3.945679187774658,0.0,,0.0,0.0,0.0,180.0,23.06116333007813,23.06116333007813,Leave_One_experiments/all_year_offline_schedule_search/daily_outputs/HLA/HLA_2015_HLA2015_normal_grid_S0028_daily.csv
HLA,HLA,Hailun,2015,Leave_One_experiments\wth_generated_qc\HLA\HLA2015.WTH,dry_year;nitrogen_stress_year;low_response_year,dry,HLA2015_normal_grid_S0028,low_input_within_10pct_yield,2015-08-21,233,114,109,"{""sim_day"": 114.0, ""doy"": 233.0, ""topwt"": 12852.724609375, ""grnwt"": 1603.594970703125, ""xlai"": 3.9127066135406494, ""totir"": 0.0, ""tofer"": NaN, ""swfac"": 0.0, ""nstres"": 0.0}",0.0,0.0,12852.724609375,1603.594970703125,3.9127066135406494,0.0,,0.0,0.0,0.0,180.0,23.06116333007813,23.06116333007813,Leave_One_experiments/all_year_offline_schedule_search/daily_outputs/HLA/HLA_2015_HLA2015_normal_grid_S0028_daily.csv
HLA,HLA,Hailun,2015,Leave_One_experiments\wth_generated_qc\HLA\HLA2015.WTH,dry_year;nitrogen_stress_year;low_response_year,dry,HLA2015_normal_grid_S0028,low_input_within_10pct_yield,2015-08-22,234,115,110,"{""sim_day"": 115.0, ""doy"": 234.0, ""topwt"": 13013.0859375, ""grnwt"": 1763.9544677734375, ""xlai"": 3.8836748600006095, ""totir"": 0.0, ""tofer"": NaN, ""swfac"": 0.0, ""nstres"": 0.0028775930404663}",0.0,0.0028775930404663,13013.0859375,1763.9544677734375,3.8836748600006095,0.0,,0.0,0.0,0.0,180.0,23.06116333007813,23.06116333007813,Leave_One_experiments/all_year_offline_schedule_search/daily_outputs/HLA/HLA_2015_HLA2015_normal_grid_S0028_daily.csv
HLA,HLA,Hailun,2015,Leave_One_experiments\wth_generated_qc\HLA\HLA2015.WTH,dry_year;nitrogen_stress_year;low_response_year,dry,HLA2015_normal_grid_S0028,low_input_within_10pct_yield,2015-08-23,235,116,111,"{""sim_day"": 116.0, ""doy"": 235.0, ""topwt"": 13173.44482421875, ""grnwt"": 1924.3141174316409, ""xlai"": 3.846237421035767, ""totir"": 0.0, ""tofer"": NaN, ""swfac"": 0.0, ""nstres"": 0.0077158212661743}",0.0,0.0077158212661743,13173.44482421875,1924.3141174316409,3.846237421035767,0.0,,0.0,0.0,0.0,180.0,23.06116333007813,23.06116333007813,Leave_One_experiments/all_year_offline_schedule_search/daily_outputs/HLA/HLA_2015_HLA2015_normal_grid_S0028_daily.csv
HLA,HLA,Hailun,2015,Leave_One_experiments\wth_generated_qc\HLA\HLA2015.WTH,dry_year;nitrogen_stress_year;low_response_year,dry,HLA2015_normal_grid_S0028,low_input_within_10pct_yield,2015-08-24,236,117,112,"{""sim_day"": 117.0, ""doy"": 236.0, ""topwt"": 13333.8037109375, ""grnwt"": 2084.673767089844, ""xlai"": 3.8111865520477295, ""totir"": 0.0, ""tofer"": NaN, ""swfac"": 0.0, ""nstres"": 0.0140353441238403}",0.0,0.0140353441238403,13333.8037109375,2084.673767089844,3.8111865520477295,0.0,,0.0,0.0,0.0,180.0,23.06116333007813,23.06116333007813,Leave_One_experiments/all_year_offline_schedule_search/daily_outputs/HLA/HLA_2015_HLA2015_normal_grid_S0028_daily.csv
HLA,HLA,Hailun,2015,Leave_One_experiments\wth_generated_qc\HLA\HLA2015.WTH,dry_year;nitrogen_stress_year;low_response_year,dry,HLA2015_normal_grid_S0028,low_input_within_10pct_yield,2015-08-25,237,118,113,"{""sim_day"": 118.0, ""doy"": 237.0, ""topwt"": 13494.163818359377, ""grnwt"": 2245.033264160156, ""xlai"": 3.771092176437378, ""totir"": 0.0, ""tofer"": NaN, ""swfac"": 0.0, ""nstres"": 0.0199325084686279}",0.0,0.0199325084686279,13494.163818359377,2245.033264160156,3.771092176437378,0.0,,0.0,0.0,0.0,180.0,23.06116333007813,23.06116333007813,Leave_One_experiments/all_year_offline_schedule_search/daily_outputs/HLA/HLA_2015_HLA2015_normal_grid_S0028_daily.csv
HLA,HLA,Hailun,2015,Leave_One_experiments\wth_generated_qc\HLA\HLA2015.WTH,dry_year;nitrogen_stress_year;low_response_year,dry,HLA2015_normal_grid_S0028,low_input_within_10pct_yield,2015-08-26,238,119,114,"{""sim_day"": 119.0, ""doy"": 238.0, ""topwt"": 13651.934814453123, ""grnwt"": 2405.3927612304688, ""xlai"": 3.722817897796631, ""totir"": 0.0, ""tofer"": NaN, ""swfac"": 0.0, ""nstres"": 0.0250625610351562}",0.0,0.0250625610351562,13651.934814453123,2405.3927612304688,3.722817897796631,0.0,,0.0,0.0,0.0,180.0,23.06116333007813,23.06116333007813,Leave_One_experiments/all_year_offline_schedule_search/daily_outputs/HLA/HLA_2015_HLA2015_normal_grid_S0028_daily.csv
HLA,HLA,Hailun,2015,Leave_One_experiments\wth_generated_qc\HLA\HLA2015.WTH,dry_year;nitrogen_stress_year;low_response_year,dry,HLA2015_normal_grid_S0028,low_input_within_10pct_yield,2015-08-27,239,120,115,"{""sim_day"": 120.0, ""doy"": 239.0, ""topwt"": 13814.8828125, ""grnwt"": 2565.7525634765625, ""xlai"": 3.680602550506592, ""totir"": 0.0, ""tofer"": NaN, ""swfac"": 0.0, ""nstres"": 0.0322711467742919}",0.0,0.0322711467742919,13814.8828125,2565.7525634765625,3.680602550506592,0.0,,0.0,0.0,0.0,180.0,23.06116333007813,23.06116333007813,Leave_One_experiments/all_year_offline_schedule_search/daily_outputs/HLA/HLA_2015_HLA2015_normal_grid_S0028_daily.csv
HLA,HLA,Hailun,2015,Leave_One_experiments\wth_generated_qc\HLA\HLA2015.WTH,dry_year;nitrogen_stress_year;low_response_year,dry,HLA2015_normal_grid_S0028,low_input_within_10pct_yield,2015-08-28,240,121,116,"{""sim_day"": 121.0, ""doy"": 240.0, ""topwt"": 13975.242919921877, ""grnwt"": 2726.112060546875, ""xlai"": 3.632834196090698, ""totir"": 0.0, ""tofer"": NaN, ""swfac"": 0.0, ""nstres"": 0.0389429330825805}",0.0,0.0389429330825805,13975.242919921877,2726.112060546875,3.632834196090698,0.0,,0.0,0.0,0.0,180.0,23.06116333007813,23.06116333007813,Leave_One_experiments/all_year_offline_schedule_search/daily_outputs/HLA/HLA_2015_HLA2015_normal_grid_S0028_daily.csv
HLA,HLA,Hailun,2015,Leave_One_experiments\wth_generated_qc\HLA\HLA2015.WTH,dry_year;nitrogen_stress_year;low_response_year,dry,HLA2015_normal_grid_S0028,low_input_within_10pct_yield,2015-08-29,241,122,117,"{""sim_day"": 122.0, ""doy"": 241.0, ""topwt"": 14135.601806640623, ""grnwt"": 2886.4715576171875, ""xlai"": 3.5788862705230717, ""totir"": 0.0, ""tofer"": NaN, ""swfac"": 0.0, ""nstres"": 0.045708417892456}",0.0,0.045708417892456,14135.601806640623,2886.4715576171875,3.5788862705230717,0.0,,0.0,0.0,0.0,180.0,23.06116333007813,23.06116333007813,Leave_One_experiments/all_year_offline_schedule_search/daily_outputs/HLA/HLA_2015_HLA2015_normal_grid_S0028_daily.csv
HLA,HLA,Hailun,2015,Leave_One_experiments\wth_generated_qc\HLA\HLA2015.WTH,dry_year;nitrogen_stress_year;low_response_year,dry,HLA2015_normal_grid_S0028,low_input_within_10pct_yield,2015-08-30,242,123,118,"{""sim_day"": 123.0, ""doy"": 242.0, ""topwt"": 14295.9619140625, ""grnwt"": 3046.8310546875, ""xlai"": 3.518064022064209, ""totir"": 0.0, ""tofer"": NaN, ""swfac"": 0.0, ""nstres"": 0.0520488023757934}",0.0,0.0520488023757934,14295.9619140625,3046.8310546875,3.518064022064209,0.0,,0.0,0.0,0.0,180.0,23.06116333007813,23.06116333007813,Leave_One_experiments/all_year_offline_schedule_search/daily_outputs/HLA/HLA_2015_HLA2015_normal_grid_S0028_daily.csv
HLA,HLA,Hailun,2015,Leave_One_experiments\wth_generated_qc\HLA\HLA2015.WTH,dry_year;nitrogen_stress_year;low_response_year,dry,HLA2015_normal_grid_S0028,low_input_within_10pct_yield,2015-08-31,243,124,119,"{""sim_day"": 124.0, ""doy"": 243.0, ""topwt"": 14456.32080078125, ""grnwt"": 3207.1905517578125, ""xlai"": 3.4587948322296143, ""totir"": 0.0, ""tofer"": NaN, ""swfac"": 0.0, ""nstres"": 0.0594153404235839}",0.0,0.0594153404235839,14456.32080078125,3207.1905517578125,3.4587948322296143,0.0,,0.0,0.0,0.0,180.0,23.06116333007813,23.06116333007813,Leave_One_experiments/all_year_offline_schedule_search/daily_outputs/HLA/HLA_2015_HLA2015_normal_grid_S0028_daily.csv
HLA,HLA,Hailun,2015,Leave_One_experiments\wth_generated_qc\HLA\HLA2015.WTH,dry_year;nitrogen_stress_year;low_response_year,dry,HLA2015_normal_grid_S0028,low_input_within_10pct_yield,2015-09-01,244,125,120,"{""sim_day"": 125.0, ""doy"": 244.0, ""topwt"": 14616.680908203123, ""grnwt"": 3367.5503540039062, ""xlai"": 3.3961009979248047, ""totir"": 0.0, ""tofer"": NaN, ""swfac"": 0.0, ""nstres"": 0.0670424699783325}",0.0,0.0670424699783325,14616.680908203123,3367.5503540039062,3.3961009979248047,0.0,,0.0,0.0,0.0,180.0,23.06116333007813,23.06116333007813,Leave_One_experiments/all_year_offline_schedule_search/daily_outputs/HLA/HLA_2015_HLA2015_normal_grid_S0028_daily.csv
HLA,HLA,Hailun,2015,Leave_One_experiments\wth_generated_qc\HLA\HLA2015.WTH,dry_year;nitrogen_stress_year;low_response_year,dry,HLA2015_normal_grid_S0028,low_input_within_10pct_yield,2015-09-02,245,126,121,"{""sim_day"": 126.0, ""doy"": 245.0, ""topwt"": 14754.132080078123, ""grnwt"": 3505.0015258789062, ""xlai"": 3.35845685005188, ""totir"": 0.0, ""tofer"": NaN, ""swfac"": 0.0, ""nstres"": 0.0783776044845581}",0.0,0.0783776044845581,14754.132080078123,3505.0015258789062,3.35845685005188,0.0,,0.0,0.0,0.0,180.0,23.06116333007813,23.06116333007813,Leave_One_experiments/all_year_offline_schedule_search/daily_outputs/HLA/HLA_2015_HLA2015_normal_grid_S0028_daily.csv
HLA,HLA,Hailun,2015,Leave_One_experiments\wth_generated_qc\HLA\HLA2015.WTH,dry_year;nitrogen_stress_year;low_response_year,dry,HLA2015_normal_grid_S0028,low_input_within_10pct_yield,2015-09-03,246,127,122,"{""sim_day"": 127.0, ""doy"": 246.0, ""topwt"": 14865.618896484377, ""grnwt"": 3616.4892578125, ""xlai"": 3.3213210105896, ""totir"": 0.0, ""tofer"": NaN, ""swfac"": 0.0, ""nstres"": 0.0884590744972229}",0.0,0.0884590744972229,14865.618896484377,3616.4892578125,3.3213210105896,0.0,,0.0,0.0,0.0,180.0,23.06116333007813,23.06116333007813,Leave_One_experiments/all_year_offline_schedule_search/daily_outputs/HLA/HLA_2015_HLA2015_normal_grid_S0028_daily.csv
HLA,HLA,Hailun,2015,Leave_One_experiments\wth_generated_qc\HLA\HLA2015.WTH,dry_year;nitrogen_stress_year;low_response_year,dry,HLA2015_normal_grid_S0028,low_input_within_10pct_yield,2015-09-04,247,128,123,"{""sim_day"": 128.0, ""doy"": 247.0, ""topwt"": 14964.89013671875, ""grnwt"": 3715.7595825195312, ""xlai"": 3.0419979095458984, ""totir"": 0.0, ""tofer"": NaN, ""swfac"": 0.0, ""nstres"": 0.0960959792137146}",0.0,0.0960959792137146,14964.89013671875,3715.7595825195312,3.0419979095458984,0.0,,0.0,0.0,0.0,180.0,23.06116333007813,23.06116333007813,Leave_One_experiments/all_year_offline_schedule_search/daily_outputs/HLA/HLA_2015_HLA2015_normal_grid_S0028_daily.csv
HLA,HLA,Hailun,2015,Leave_One_experiments\wth_generated_qc\HLA\HLA2015.WTH,dry_year;nitrogen_stress_year;low_response_year,dry,HLA2015_normal_grid_S0028,low_input_within_10pct_yield,2015-09-05,248,129,124,"{""sim_day"": 129.0, ""doy"": 248.0, ""topwt"": 15119.903564453123, ""grnwt"": 3870.7736206054688, ""xlai"": 3.003620147705078, ""totir"": 0.0, ""tofer"": NaN, ""swfac"": 0.0, ""nstres"": 0.1009278297424316}",0.0,0.1009278297424316,15119.903564453123,3870.7736206054688,3.003620147705078,0.0,,0.0,0.0,0.0,180.0,23.06116333007813,23.06116333007813,Leave_One_experiments/all_year_offline_schedule_search/daily_outputs/HLA/HLA_2015_HLA2015_normal_grid_S0028_daily.csv
HLA,HLA,Hailun,2015,Leave_One_experiments\wth_generated_qc\HLA\HLA2015.WTH,dry_year;nitrogen_stress_year;low_response_year,dry,HLA2015_normal_grid_S0028,low_input_within_10pct_yield,2015-09-06,249,130,125,"{""sim_day"": 130.0, ""doy"": 249.0, ""topwt"": 15267.28271484375, ""grnwt"": 4018.15185546875, ""xlai"": 2.961730480194092, ""totir"": 0.0, ""tofer"": NaN, ""swfac"": 0.0, ""nstres"": 0.1115710735321044}",0.0,0.1115710735321044,15267.28271484375,4018.15185546875,2.961730480194092,0.0,,0.0,0.0,0.0,180.0,23.06116333007813,23.06116333007813,Leave_One_experiments/all_year_offline_schedule_search/daily_outputs/HLA/HLA_2015_HLA2015_normal_grid_S0028_daily.csv
HLA,HLA,Hailun,2015,Leave_One_experiments\wth_generated_qc\HLA\HLA2015.WTH,dry_year;nitrogen_stress_year;low_response_year,dry,HLA2015_normal_grid_S0028,low_input_within_10pct_yield,2015-09-07,250,131,126,"{""sim_day"": 131.0, ""doy"": 250.0, ""topwt"": 15408.551025390623, ""grnwt"": 4159.420776367188, ""xlai"": 2.9166524410247803, ""totir"": 0.0, ""tofer"": NaN, ""swfac"": 0.0, ""nstres"": 0.1217613220214843}",0.0,0.1217613220214843,15408.551025390623,4159.420776367188,2.9166524410247803,0.0,,0.0,0.0,0.0,180.0,23.06116333007813,23.06116333007813,Leave_One_experiments/all_year_offline_schedule_search/daily_outputs/HLA/HLA_2015_HLA2015_normal_grid_S0028_daily.csv
HLA,HLA,Hailun,2015,Leave_One_experiments\wth_generated_qc\HLA\HLA2015.WTH,dry_year;nitrogen_stress_year;low_response_year,dry,HLA2015_normal_grid_S0028,low_input_within_10pct_yield,2015-09-08,251,132,127,"{""sim_day"": 132.0, ""doy"": 251.0, ""topwt"": 15553.721923828123, ""grnwt"": 4319.7802734375, ""xlai"": 2.869053602218628, ""totir"": 0.0, ""tofer"": NaN, ""swfac"": 0.0, ""nstres"": 0.1305572390556335}",0.0,0.1305572390556335,15553.721923828123,4319.7802734375,2.869053602218628,0.0,,0.0,0.0,0.0,180.0,23.06116333007813,23.06116333007813,Leave_One_experiments/all_year_offline_schedule_search/daily_outputs/HLA/HLA_2015_HLA2015_normal_grid_S0028_daily.csv
HLA,HLA,Hailun,2015,Leave_One_experiments\wth_generated_qc\HLA\HLA2015.WTH,dry_year;nitrogen_stress_year;low_response_year,dry,HLA2015_normal_grid_S0028,low_input_within_10pct_yield,2015-09-09,252,133,128,"{""sim_day"": 133.0, ""doy"": 252.0, ""topwt"": 15665.12451171875, ""grnwt"": 4415.99609375, ""xlai"": 2.776096105575561, ""totir"": 0.0, ""tofer"": NaN, ""swfac"": 0.0, ""nstres"": 0.1432781219482422}",0.0,0.1432781219482422,15665.12451171875,4415.99609375,2.776096105575561,0.0,,0.0,0.0,0.0,180.0,23.06116333007813,23.06116333007813,Leave_One_experiments/all_year_offline_schedule_search/daily_outputs/HLA/HLA_2015_HLA2015_normal_grid_S0028_daily.csv
HLA,HLA,Hailun,2015,Leave_One_experiments\wth_generated_qc\HLA\HLA2015.WTH,dry_year;nitrogen_stress_year;low_response_year,dry,HLA2015_normal_grid_S0028,low_input_within_10pct_yield,2015-09-10,253,134,129,"{""sim_day"": 134.0, ""doy"": 253.0, ""topwt"": 15776.61376953125, ""grnwt"": 4527.484130859375, ""xlai"": 2.72452163696289, ""totir"": 0.0, ""tofer"": NaN, ""swfac"": 0.0, ""nstres"": 0.1486248970031738}",0.0,0.1486248970031738,15776.61376953125,4527.484130859375,2.72452163696289,0.0,,0.0,0.0,0.0,180.0,23.06116333007813,23.06116333007813,Leave_One_experiments/all_year_offline_schedule_search/daily_outputs/HLA/HLA_2015_HLA2015_normal_grid_S0028_daily.csv
HLA,HLA,Hailun,2015,Leave_One_experiments\wth_generated_qc\HLA\HLA2015.WTH,dry_year;nitrogen_stress_year;low_response_year,dry,HLA2015_normal_grid_S0028,low_input_within_10pct_yield,2015-09-11,254,135,130,"{""sim_day"": 135.0, ""doy"": 254.0, ""topwt"": 15844.5751953125, ""grnwt"": 4595.446166992188, ""xlai"": 2.427821159362793, ""totir"": 0.0, ""tofer"": NaN, ""swfac"": 0.0, ""nstres"": 0.1584807634353637}",0.0,0.1584807634353637,15844.5751953125,4595.446166992188,2.427821159362793,0.0,,0.0,0.0,0.0,180.0,23.06116333007813,23.06116333007813,Leave_One_experiments/all_year_offline_schedule_search/daily_outputs/HLA/HLA_2015_HLA2015_normal_grid_S0028_daily.csv
HLA,HLA,Hailun,2015,Leave_One_experiments\wth_generated_qc\HLA\HLA2015.WTH,dry_year;nitrogen_stress_year;low_response_year,dry,HLA2015_normal_grid_S0028,low_input_within_10pct_yield,2015-09-12,255,136,131,"{""sim_day"": 136.0, ""doy"": 255.0, ""topwt"": 15954.5361328125, ""grnwt"": 4705.407104492188, ""xlai"": 2.3785595893859863, ""totir"": 0.0, ""tofer"": NaN, ""swfac"": 0.0, ""nstres"": 0.1623244285583496}",0.0,0.1623244285583496,15954.5361328125,4705.407104492188,2.3785595893859863,0.0,,0.0,0.0,0.0,180.0,23.06116333007813,23.06116333007813,Leave_One_experiments/all_year_offline_schedule_search/daily_outputs/HLA/HLA_2015_HLA2015_normal_grid_S0028_daily.csv
HLA,HLA,Hailun,2015,Leave_One_experiments\wth_generated_qc\HLA\HLA2015.WTH,dry_year;nitrogen_stress_year;low_response_year,dry,HLA2015_normal_grid_S0028,low_input_within_10pct_yield,2015-09-13,256,137,132,"{""sim_day"": 137.0, ""doy"": 256.0, ""topwt"": 16114.89501953125, ""grnwt"": 4865.7666015625, ""xlai"": 2.3285744190216064, ""totir"": 0.0, ""tofer"": NaN, ""swfac"": 0.0, ""nstres"": 0.1681187152862548}",0.0,0.1681187152862548,16114.89501953125,4865.7666015625,2.3285744190216064,0.0,,0.0,0.0,0.0,180.0,23.06116333007813,23.06116333007813,Leave_One_experiments/all_year_offline_schedule_search/daily_outputs/HLA/HLA_2015_HLA2015_normal_grid_S0028_daily.csv
HLA,HLA,Hailun,2015,Leave_One_experiments\wth_generated_qc\HLA\HLA2015.WTH,dry_year;nitrogen_stress_year;low_response_year,dry,HLA2015_normal_grid_S0028,low_input_within_10pct_yield,2015-09-14,257,138,133,"{""sim_day"": 138.0, ""doy"": 257.0, ""topwt"": 16275.255126953123, ""grnwt"": 5026.1260986328125, ""xlai"": 2.2771613597869877, ""totir"": 0.0, ""tofer"": NaN, ""swfac"": 0.0, ""nstres"": 0.1766335368156433}",0.0,0.1766335368156433,16275.255126953123,5026.1260986328125,2.2771613597869877,0.0,,0.0,0.0,0.0,180.0,23.06116333007813,23.06116333007813,Leave_One_experiments/all_year_offline_schedule_search/daily_outputs/HLA/HLA_2015_HLA2015_normal_grid_S0028_daily.csv
HLA,HLA,Hailun,2015,Leave_One_experiments\wth_generated_qc\HLA\HLA2015.WTH,dry_year;nitrogen_stress_year;low_response_year,dry,HLA2015_normal_grid_S0028,low_input_within_10pct_yield,2015-09-15,258,139,134,"{""sim_day"": 139.0, ""doy"": 258.0, ""topwt"": 16435.614013671875, ""grnwt"": 5186.485595703125, ""xlai"": 2.224395513534546, ""totir"": 0.0, ""tofer"": NaN, ""swfac"": 0.0, ""nstres"": 0.1853743195533752}",0.0,0.1853743195533752,16435.614013671875,5186.485595703125,2.224395513534546,0.0,,0.0,0.0,0.0,180.0,23.06116333007813,23.06116333007813,Leave_One_experiments/all_year_offline_schedule_search/daily_outputs/HLA/HLA_2015_HLA2015_normal_grid_S0028_daily.csv
HLA,HLA,Hailun,2015,Leave_One_experiments\wth_generated_qc\HLA\HLA2015.WTH,dry_year;nitrogen_stress_year;low_response_year,dry,HLA2015_normal_grid_S0028,low_input_within_10pct_yield,2015-09-16,259,140,135,"{""sim_day"": 140.0, ""doy"": 259.0, ""topwt"": 16595.972900390625, ""grnwt"": 5346.8450927734375, ""xlai"": 2.1703555583953857, ""totir"": 0.0, ""tofer"": NaN, ""swfac"": 0.0, ""nstres"": 0.194352924823761}",0.0,0.194352924823761,16595.972900390625,5346.8450927734375,2.1703555583953857,0.0,,0.0,0.0,0.0,180.0,23.06116333007813,23.06116333007813,Leave_One_experiments/all_year_offline_schedule_search/daily_outputs/HLA/HLA_2015_HLA2015_normal_grid_S0028_daily.csv
HLA,HLA,Hailun,2015,Leave_One_experiments\wth_generated_qc\HLA\HLA2015.WTH,dry_year;nitrogen_stress_year;low_response_year,dry,HLA2015_normal_grid_S0028,low_input_within_10pct_yield,2015-09-17,260,141,136,"{""sim_day"": 141.0, ""doy"": 260.0, ""topwt"": 16756.3330078125, ""grnwt"": 5507.20458984375, ""xlai"": 2.1152517795562744, ""totir"": 0.0, ""tofer"": NaN, ""swfac"": 0.0, ""nstres"": 0.2093462944030761}",0.0,0.2093462944030761,16756.3330078125,5507.20458984375,2.1152517795562744,0.0,,0.0,0.0,0.0,180.0,23.06116333007813,23.06116333007813,Leave_One_experiments/all_year_offline_schedule_search/daily_outputs/HLA/HLA_2015_HLA2015_normal_grid_S0028_daily.csv
HLA,HLA,Hailun,2015,Leave_One_experiments\wth_generated_qc\HLA\HLA2015.WTH,dry_year;nitrogen_stress_year;low_response_year,dry,HLA2015_normal_grid_S0028,low_input_within_10pct_yield,2015-09-18,261,142,137,"{""sim_day"": 142.0, ""doy"": 261.0, ""topwt"": 16870.888671875, ""grnwt"": 5642.365112304688, ""xlai"": 2.058292865753174, ""totir"": 0.0, ""tofer"": NaN, ""swfac"": 0.0, ""nstres"": 0.2462612986564636}",0.0,0.2462612986564636,16870.888671875,5642.365112304688,2.058292865753174,0.0,,0.0,0.0,0.0,180.0,23.06116333007813,23.06116333007813,Leave_One_experiments/all_year_offline_schedule_search/daily_outputs/HLA/HLA_2015_HLA2015_normal_grid_S0028_daily.csv
HLA,HLA,Hailun,2015,Leave_One_experiments\wth_generated_qc\HLA\HLA2015.WTH,dry_year;nitrogen_stress_year;low_response_year,dry,HLA2015_normal_grid_S0028,low_input_within_10pct_yield,2015-09-19,262,143,138,"{""sim_day"": 143.0, ""doy"": 262.0, ""topwt"": 16999.16259765625, ""grnwt"": 5750.034790039063, ""xlai"": 1.873046636581421, ""totir"": 0.0, ""tofer"": NaN, ""swfac"": 0.0, ""nstres"": 0.2767855525016784}",0.0,0.2767855525016784,16999.16259765625,5750.034790039063,1.873046636581421,0.0,,0.0,0.0,0.0,180.0,23.06116333007813,23.06116333007813,Leave_One_experiments/all_year_offline_schedule_search/daily_outputs/HLA/HLA_2015_HLA2015_normal_grid_S0028_daily.csv
HLA,HLA,Hailun,2015,Leave_One_experiments\wth_generated_qc\HLA\HLA2015.WTH,dry_year;nitrogen_stress_year;low_response_year,dry,HLA2015_normal_grid_S0028,low_input_within_10pct_yield,2015-09-20,263,144,139,"{""sim_day"": 144.0, ""doy"": 263.0, ""topwt"": 17159.521484375, ""grnwt"": 5910.394287109375, ""xlai"": 1.8189526796340945, ""totir"": 0.0, ""tofer"": NaN, ""swfac"": 0.0, ""nstres"": 0.2931248545646667}",0.0,0.2931248545646667,17159.521484375,5910.394287109375,1.8189526796340945,0.0,,0.0,0.0,0.0,180.0,23.06116333007813,23.06116333007813,Leave_One_experiments/all_year_offline_schedule_search/daily_outputs/HLA/HLA_2015_HLA2015_normal_grid_S0028_daily.csv
HLA,HLA,Hailun,2015,Leave_One_experiments\wth_generated_qc\HLA\HLA2015.WTH,dry_year;nitrogen_stress_year;low_response_year,dry,HLA2015_normal_grid_S0028,low_input_within_10pct_yield,2015-09-21,264,145,140,"{""sim_day"": 145.0, ""doy"": 264.0, ""topwt"": 17176.865234375, ""grnwt"": 5970.72021484375, ""xlai"": 1.76295268535614, ""totir"": 0.0, ""tofer"": NaN, ""swfac"": 0.0, ""nstres"": 0.3388866186141968}",0.0,0.3388866186141968,17176.865234375,5970.72021484375,1.76295268535614,0.0,,0.0,0.0,0.0,180.0,23.06116333007813,23.06116333007813,Leave_One_experiments/all_year_offline_schedule_search/daily_outputs/HLA/HLA_2015_HLA2015_normal_grid_S0028_daily.csv
HLA,HLA,Hailun,2015,Leave_One_experiments\wth_generated_qc\HLA\HLA2015.WTH,dry_year;nitrogen_stress_year;low_response_year,dry,HLA2015_normal_grid_S0028,low_input_within_10pct_yield,2015-09-22,265,146,141,"{""sim_day"": 146.0, ""doy"": 265.0, ""topwt"": 17200.80322265625, ""grnwt"": 5998.21044921875, ""xlai"": 1.7074434757232666, ""totir"": 0.0, ""tofer"": NaN, ""swfac"": 0.0, ""nstres"": 0.3556745052337646}",0.0,0.3556745052337646,17200.80322265625,5998.21044921875,1.7074434757232666,0.0,,0.0,0.0,0.0,180.0,23.06116333007813,23.06116333007813,Leave_One_experiments/all_year_offline_schedule_search/daily_outputs/HLA/HLA_2015_HLA2015_normal_grid_S0028_daily.csv
HLA,HLA,Hailun,2015,Leave_One_experiments\wth_generated_qc\HLA\HLA2015.WTH,dry_year;nitrogen_stress_year;low_response_year,dry,HLA2015_normal_grid_S0028,low_input_within_10pct_yield,2015-09-23,266,147,142,"{""sim_day"": 147.0, ""doy"": 266.0, ""topwt"": 17279.150390625, ""grnwt"": 6041.7364501953125, ""xlai"": 1.3302693367004397, ""totir"": 0.0, ""tofer"": NaN, ""swfac"": 0.0, ""nstres"": 0.3546068072319031}",0.0,0.3546068072319031,17279.150390625,6041.7364501953125,1.3302693367004397,0.0,,0.0,0.0,0.0,180.0,23.06116333007813,23.06116333007813,Leave_One_experiments/all_year_offline_schedule_search/daily_outputs/HLA/HLA_2015_HLA2015_normal_grid_S0028_daily.csv
HLA,HLA,Hailun,2015,Leave_One_experiments\wth_generated_qc\HLA\HLA2015.WTH,dry_year;nitrogen_stress_year;low_response_year,dry,HLA2015_normal_grid_S0028,low_input_within_10pct_yield,2015-09-24,267,148,143,"{""sim_day"": 148.0, ""doy"": 267.0, ""topwt"": 17307.86865234375, ""grnwt"": 6099.007568359375, ""xlai"": 1.2822465896606443, ""totir"": 0.0, ""tofer"": NaN, ""swfac"": 0.0, ""nstres"": 0.3650692701339721}",0.0,0.3650692701339721,17307.86865234375,6099.007568359375,1.2822465896606443,0.0,,0.0,0.0,0.0,180.0,23.06116333007813,23.06116333007813,Leave_One_experiments/all_year_offline_schedule_search/daily_outputs/HLA/HLA_2015_HLA2015_normal_grid_S0028_daily.csv
HLA,HLA,Hailun,2015,Leave_One_experiments\wth_generated_qc\HLA\HLA2015.WTH,dry_year;nitrogen_stress_year;low_response_year,dry,HLA2015_normal_grid_S0028,low_input_within_10pct_yield,2015-09-25,268,149,144,"{""sim_day"": 149.0, ""doy"": 268.0, ""topwt"": 17327.31689453125, ""grnwt"": 6161.6241455078125, ""xlai"": 1.2402143478393557, ""totir"": 0.0, ""tofer"": NaN, ""swfac"": 0.0, ""nstres"": 0.3867247104644775}",0.0,0.3867247104644775,17327.31689453125,6161.6241455078125,1.2402143478393557,0.0,,0.0,0.0,0.0,180.0,23.06116333007813,23.06116333007813,Leave_One_experiments/all_year_offline_schedule_search/daily_outputs/HLA/HLA_2015_HLA2015_normal_grid_S0028_daily.csv
HLA,HLA,Hailun,2015,Leave_One_experiments\wth_generated_qc\HLA\HLA2015.WTH,dry_year;nitrogen_stress_year;low_response_year,dry,HLA2015_normal_grid_S0028,low_input_within_10pct_yield,2015-09-26,269,150,145,"{""sim_day"": 150.0, ""doy"": 269.0, ""topwt"": 17389.07470703125, ""grnwt"": 6210.49560546875, ""xlai"": 1.1132162809371948, ""totir"": 0.0, ""tofer"": NaN, ""swfac"": 0.0, ""nstres"": 0.3970202207565307}",0.0,0.3970202207565307,17389.07470703125,6210.49560546875,1.1132162809371948,0.0,,0.0,0.0,0.0,180.0,23.06116333007813,23.06116333007813,Leave_One_experiments/all_year_offline_schedule_search/daily_outputs/HLA/HLA_2015_HLA2015_normal_grid_S0028_daily.csv
HLA,HLA,Hailun,2015,Leave_One_experiments\wth_generated_qc\HLA\HLA2015.WTH,dry_year;nitrogen_stress_year;low_response_year,dry,HLA2015_normal_grid_S0028,low_input_within_10pct_yield,2015-09-27,270,151,146,"{""sim_day"": 151.0, ""doy"": 270.0, ""topwt"": 17446.17919921875, ""grnwt"": 6247.1490478515625, ""xlai"": 0.7886025309562683, ""totir"": 0.0, ""tofer"": NaN, ""swfac"": 0.0, ""nstres"": 0.4015702605247497}",0.0,0.4015702605247497,17446.17919921875,6247.1490478515625,0.7886025309562683,0.0,,0.0,0.0,0.0,180.0,23.06116333007813,23.06116333007813,Leave_One_experiments/all_year_offline_schedule_search/daily_outputs/HLA/HLA_2015_HLA2015_normal_grid_S0028_daily.csv
HLA,HLA,Hailun,2015,Leave_One_experiments\wth_generated_qc\HLA\HLA2015.WTH,dry_year;nitrogen_stress_year;low_response_year,dry,HLA2015_normal_grid_S0028,low_input_within_10pct_yield,2015-09-28,271,152,147,"{""sim_day"": 152.0, ""doy"": 271.0, ""topwt"": 17492.177734375, ""grnwt"": 6263.948974609375, ""xlai"": 0.2453344613313675, ""totir"": 0.0, ""tofer"": NaN, ""swfac"": 0.0, ""nstres"": 0.4136900901794433}",0.0,0.4136900901794433,17492.177734375,6263.948974609375,0.2453344613313675,0.0,,0.0,0.0,0.0,180.0,23.06116333007813,23.06116333007813,Leave_One_experiments/all_year_offline_schedule_search/daily_outputs/HLA/HLA_2015_HLA2015_normal_grid_S0028_daily.csv
HLA,HLA,Hailun,2015,Leave_One_experiments\wth_generated_qc\HLA\HLA2015.WTH,dry_year;nitrogen_stress_year;low_response_year,dry,HLA2015_normal_grid_S0028,low_input_within_10pct_yield,2015-09-29,272,153,148,"{""sim_day"": 153.0, ""doy"": 272.0, ""topwt"": 17515.71533203125, ""grnwt"": 6341.07421875, ""xlai"": 0.2300009727478027, ""totir"": 0.0, ""tofer"": NaN, ""swfac"": 0.0, ""nstres"": 0.4211843013763428}",0.0,0.4211843013763428,17515.71533203125,6341.07421875,0.2300009727478027,0.0,,0.0,0.0,0.0,180.0,23.06116333007813,23.06116333007813,Leave_One_experiments/all_year_offline_schedule_search/daily_outputs/HLA/HLA_2015_HLA2015_normal_grid_S0028_daily.csv
HLA,HLA,Hailun,2015,Leave_One_experiments\wth_generated_qc\HLA\HLA2015.WTH,dry_year;nitrogen_stress_year;low_response_year,dry,HLA2015_normal_grid_S0028,low_input_within_10pct_yield,2015-09-30,273,154,149,"{""sim_day"": 154.0, ""doy"": 273.0, ""topwt"": 17521.5087890625, ""grnwt"": 6384.6002197265625, ""xlai"": 0.2198579013347625, ""totir"": 0.0, ""tofer"": NaN, ""swfac"": 0.0, ""nstres"": 0.4463061094284057}",0.0,0.4463061094284057,17521.5087890625,6384.6002197265625,0.2198579013347625,0.0,,0.0,0.0,0.0,180.0,23.06116333007813,23.06116333007813,Leave_One_experiments/all_year_offline_schedule_search/daily_outputs/HLA/HLA_2015_HLA2015_normal_grid_S0028_daily.csv
HLA,HLA,Hailun,2015,Leave_One_experiments\wth_generated_qc\HLA\HLA2015.WTH,dry_year;nitrogen_stress_year;low_response_year,dry,HLA2015_normal_grid_S0028,low_input_within_10pct_yield,2015-10-01,274,155,150,"{""sim_day"": 155.0, ""doy"": 274.0, ""topwt"": 17523.73046875, ""grnwt"": 6384.6002197265625, ""xlai"": 0.1181957945227623, ""totir"": 0.0, ""tofer"": NaN, ""swfac"": 0.0, ""nstres"": 0.4496016502380371}",0.0,0.4496016502380371,17523.73046875,6384.6002197265625,0.1181957945227623,0.0,,0.0,0.0,0.0,180.0,23.06116333007813,23.06116333007813,Leave_One_experiments/all_year_offline_schedule_search/daily_outputs/HLA/HLA_2015_HLA2015_normal_grid_S0028_daily.csv
HLA,HLA,Hailun,2015,Leave_One_experiments\wth_generated_qc\HLA\HLA2015.WTH,dry_year;nitrogen_stress_year;low_response_year,dry,HLA2015_normal_grid_S0028,low_input_within_10pct_yield,2015-10-02,275,156,151,"{""sim_day"": 156.0, ""doy"": 275.0, ""topwt"": 17524.1259765625, ""grnwt"": 6384.6002197265625, ""xlai"": 0.0886469706892967, ""totir"": 0.0, ""tofer"": NaN, ""swfac"": 0.0, ""nstres"": 0.4460167288780212}",0.0,0.4460167288780212,17524.1259765625,6384.6002197265625,0.0886469706892967,0.0,,0.0,0.0,0.0,180.0,23.06116333007813,23.06116333007813,Leave_One_experiments/all_year_offline_schedule_search/daily_outputs/HLA/HLA_2015_HLA2015_normal_grid_S0028_daily.csv
HLA,HLA,Hailun,2015,Leave_One_experiments\wth_generated_qc\HLA\HLA2015.WTH,dry_year;nitrogen_stress_year;low_response_year,dry,HLA2015_normal_grid_S0028,low_input_within_10pct_yield,2015-10-03,276,157,152,"{""sim_day"": 157.0, ""doy"": 276.0, ""topwt"": 17534.970703125, ""grnwt"": 6418.9630126953125, ""xlai"": 0.0577890612185001, ""totir"": 0.0, ""tofer"": NaN, ""swfac"": 0.0, ""nstres"": 0.4478171467781067}",0.0,0.4478171467781067,17534.970703125,6418.9630126953125,0.0577890612185001,0.0,,0.0,0.0,0.0,180.0,23.06116333007813,23.06116333007813,Leave_One_experiments/all_year_offline_schedule_search/daily_outputs/HLA/HLA_2015_HLA2015_normal_grid_S0028_daily.csv
HLA,HLA,Hailun,2015,Leave_One_experiments\wth_generated_qc\HLA\HLA2015.WTH,dry_year;nitrogen_stress_year;low_response_year,dry,HLA2015_normal_grid_S0028,low_input_within_10pct_yield,2015-10-04,277,158,153,"{""sim_day"": 158.0, ""doy"": 277.0, ""topwt"": 17539.549560546875, ""grnwt"": 6509.06982421875, ""xlai"": 0.0557026341557502, ""totir"": 0.0, ""tofer"": NaN, ""swfac"": 0.0, ""nstres"": 0.4555347561836242}",0.0,0.4555347561836242,17539.549560546875,6509.06982421875,0.0557026341557502,0.0,,0.0,0.0,0.0,180.0,23.06116333007813,23.06116333007813,Leave_One_experiments/all_year_offline_schedule_search/daily_outputs/HLA/HLA_2015_HLA2015_normal_grid_S0028_daily.csv
HLA,HLA,Hailun,2015,Leave_One_experiments\wth_generated_qc\HLA\HLA2015.WTH,dry_year;nitrogen_stress_year;low_response_year,dry,HLA2015_normal_grid_S0028,low_input_within_10pct_yield,2015-10-05,278,159,154,"{""sim_day"": 159.0, ""doy"": 278.0, ""topwt"": 17543.09326171875, ""grnwt"": 6645.757446289063, ""xlai"": 0.0536831058561801, ""totir"": 0.0, ""tofer"": NaN, ""swfac"": 0.0, ""nstres"": 0.4701051115989685}",0.0,0.4701051115989685,17543.09326171875,6645.757446289063,0.0536831058561801,0.0,,0.0,0.0,0.0,180.0,23.06116333007813,23.06116333007813,Leave_One_experiments/all_year_offline_schedule_search/daily_outputs/HLA/HLA_2015_HLA2015_normal_grid_S0028_daily.csv
HLA,HLA,Hailun,2015,Leave_One_experiments\wth_generated_qc\HLA\HLA2015.WTH,dry_year;nitrogen_stress_year;low_response_year,dry,HLA2015_normal_grid_S0028,low_input_within_10pct_yield,2015-10-06,279,160,155,"{""sim_day"": 160.0, ""doy"": 279.0, ""topwt"": 17547.772216796875, ""grnwt"": 6806.1163330078125, ""xlai"": 0.0517099611461162, ""totir"": 0.0, ""tofer"": NaN, ""swfac"": 0.0, ""nstres"": 0.4821057915687561}",0.0,0.4821057915687561,17547.772216796875,6806.1163330078125,0.0517099611461162,0.0,,0.0,0.0,0.0,180.0,23.06116333007813,23.06116333007813,Leave_One_experiments/all_year_offline_schedule_search/daily_outputs/HLA/HLA_2015_HLA2015_normal_grid_S0028_daily.csv
HLA,HLA,Hailun,2015,Leave_One_experiments\wth_generated_qc\HLA\HLA2015.WTH,dry_year;nitrogen_stress_year;low_response_year,dry,HLA2015_normal_grid_S0028,low_input_within_10pct_yield,2015-10-07,280,161,156,"{""sim_day"": 161.0, ""doy"": 280.0, ""topwt"": 17547.772216796875, ""grnwt"": 6806.1163330078125, ""xlai"": 0.0517099611461162, ""totir"": 0.0, ""tofer"": NaN, ""swfac"": 0.0, ""nstres"": 0.4955279231071472}",0.0,0.4955279231071472,17547.772216796875,6806.1163330078125,0.0517099611461162,0.0,,0.0,0.0,0.0,180.0,23.06116333007813,23.06116333007813,Leave_One_experiments/all_year_offline_schedule_search/daily_outputs/HLA/HLA_2015_HLA2015_normal_grid_S0028_daily.csv
HLA,HLA,Hailun,2015,Leave_One_experiments\wth_generated_qc\HLA\HLA2015.WTH,dry_year;nitrogen_stress_year;low_response_year,dry,HLA2015_normal_grid_S0028,low_input_within_10pct_yield,2015-10-08,281,162,157,"{""sim_day"": 162.0, ""doy"": 281.0, ""topwt"": 17547.772216796875, ""grnwt"": 6806.1163330078125, ""xlai"": 0.0517099611461162, ""totir"": 0.0, ""tofer"": NaN, ""swfac"": 0.0, ""nstres"": 0.4955279231071472}",0.0,0.4955279231071472,17547.772216796875,6806.1163330078125,0.0517099611461162,0.0,,0.0,0.0,0.0,180.0,23.06116333007813,23.06116333007813,Leave_One_experiments/all_year_offline_schedule_search/daily_outputs/HLA/HLA_2015_HLA2015_normal_grid_S0028_daily.csv
HLA,HLA,Hailun,2015,Leave_One_experiments\wth_generated_qc\HLA\HLA2015.WTH,dry_year;nitrogen_stress_year;low_response_year,dry,HLA2015_normal_grid_S0019,pareto_balanced,2015-05-05,125,1,1,"{""sim_day"": 1.0, ""doy"": 125.0, ""topwt"": 0.0, ""grnwt"": 0.0, ""xlai"": 0.0, ""totir"": 0.0, ""tofer"": NaN, ""swfac"": 0.0, ""nstres"": 0.0}",0.0,0.0,0.0,0.0,0.0,0.0,,0.0,75.0,0.0,225.0,13.646899414062505,13.646899414062505,Leave_One_experiments/all_year_offline_schedule_search/daily_outputs/HLA/HLA_2015_HLA2015_normal_grid_S0019_daily.csv
HLA,HLA,Hailun,2015,Leave_One_experiments\wth_generated_qc\HLA\HLA2015.WTH,dry_year;nitrogen_stress_year;low_response_year,dry,HLA2015_normal_grid_S0019,pareto_balanced,2015-05-06,126,2,2,"{""sim_day"": 2.0, ""doy"": 126.0, ""topwt"": 0.0, ""grnwt"": 0.0, ""xlai"": 0.0, ""totir"": 0.0, ""tofer"": NaN, ""swfac"": 0.0, ""nstres"": 0.0}",0.0,0.0,0.0,0.0,0.0,0.0,,0.0,0.0,0.0,225.0,13.646899414062505,13.646899414062505,Leave_One_experiments/all_year_offline_schedule_search/daily_outputs/HLA/HLA_2015_HLA2015_normal_grid_S0019_daily.csv
HLA,HLA,Hailun,2015,Leave_One_experiments\wth_generated_qc\HLA\HLA2015.WTH,dry_year;nitrogen_stress_year;low_response_year,dry,HLA2015_normal_grid_S0019,pareto_balanced,2015-05-07,127,3,3,"{""sim_day"": 3.0, ""doy"": 127.0, ""topwt"": 0.0, ""grnwt"": 0.0, ""xlai"": 0.0, ""totir"": 0.0, ""tofer"": NaN, ""swfac"": 0.0, ""nstres"": 0.0}",0.0,0.0,0.0,0.0,0.0,0.0,,0.0,0.0,0.0,225.0,13.646899414062505,13.646899414062505,Leave_One_experiments/all_year_offline_schedule_search/daily_outputs/HLA/HLA_2015_HLA2015_normal_grid_S0019_daily.csv
HLA,HLA,Hailun,2015,Leave_One_experiments\wth_generated_qc\HLA\HLA2015.WTH,dry_year;nitrogen_stress_year;low_response_year,dry,HLA2015_normal_grid_S0019,pareto_balanced,2015-05-08,128,4,4,"{""sim_day"": 4.0, ""doy"": 128.0, ""topwt"": 0.0, ""grnwt"": 0.0, ""xlai"": 0.0, ""totir"": 0.0, ""tofer"": NaN, ""swfac"": 0.0, ""nstres"": 0.0}",0.0,0.0,0.0,0.0,0.0,0.0,,0.0,0.0,0.0,225.0,13.646899414062505,13.646899414062505,Leave_One_experiments/all_year_offline_schedule_search/daily_outputs/HLA/HLA_2015_HLA2015_normal_grid_S0019_daily.csv
HLA,HLA,Hailun,2015,Leave_One_experiments\wth_generated_qc\HLA\HLA2015.WTH,dry_year;nitrogen_stress_year;low_response_year,dry,HLA2015_normal_grid_S0019,pareto_balanced,2015-05-09,129,5,5,"{""sim_day"": 5.0, ""doy"": 129.0, ""topwt"": 0.0, ""grnwt"": 0.0, ""xlai"": 0.0, ""totir"": 0.0, ""tofer"": NaN, ""swfac"": 0.0, ""nstres"": 0.0}",0.0,0.0,0.0,0.0,0.0,0.0,,0.0,0.0,0.0,225.0,13.646899414062505,13.646899414062505,Leave_One_experiments/all_year_offline_schedule_search/daily_outputs/HLA/HLA_2015_HLA2015_normal_grid_S0019_daily.csv
HLA,HLA,Hailun,2015,Leave_One_experiments\wth_generated_qc\HLA\HLA2015.WTH,dry_year;nitrogen_stress_year;low_response_year,dry,HLA2015_normal_grid_S0019,pareto_balanced,2015-05-05,125,6,1,"{""sim_day"": 6.0, ""doy"": 125.0, ""topwt"": 0.0, ""grnwt"": 0.0, ""xlai"": 0.0, ""totir"": 0.0, ""tofer"": NaN, ""swfac"": 0.0, ""nstres"": 0.0}",0.0,0.0,0.0,0.0,0.0,0.0,,0.0,0.0,0.0,225.0,13.646899414062505,13.646899414062505,Leave_One_experiments/all_year_offline_schedule_search/daily_outputs/HLA/HLA_2015_HLA2015_normal_grid_S0019_daily.csv
HLA,HLA,Hailun,2015,Leave_One_experiments\wth_generated_qc\HLA\HLA2015.WTH,dry_year;nitrogen_stress_year;low_response_year,dry,HLA2015_normal_grid_S0019,pareto_balanced,2015-05-06,126,7,2,"{""sim_day"": 7.0, ""doy"": 126.0, ""topwt"": 0.0, ""grnwt"": 0.0, ""xlai"": 0.0, ""totir"": 0.0, ""tofer"": NaN, ""swfac"": 0.0, ""nstres"": 0.0}",0.0,0.0,0.0,0.0,0.0,0.0,,0.0,0.0,0.0,225.0,13.646899414062505,13.646899414062505,Leave_One_experiments/all_year_offline_schedule_search/daily_outputs/HLA/HLA_2015_HLA2015_normal_grid_S0019_daily.csv
HLA,HLA,Hailun,2015,Leave_One_experiments\wth_generated_qc\HLA\HLA2015.WTH,dry_year;nitrogen_stress_year;low_response_year,dry,HLA2015_normal_grid_S0019,pareto_balanced,2015-05-07,127,8,3,"{""sim_day"": 8.0, ""doy"": 127.0, ""topwt"": 0.0, ""grnwt"": 0.0, ""xlai"": 0.0, ""totir"": 0.0, ""tofer"": NaN, ""swfac"": 0.0, ""nstres"": 0.0}",0.0,0.0,0.0,0.0,0.0,0.0,,0.0,0.0,0.0,225.0,13.646899414062505,13.646899414062505,Leave_One_experiments/all_year_offline_schedule_search/daily_outputs/HLA/HLA_2015_HLA2015_normal_grid_S0019_daily.csv
HLA,HLA,Hailun,2015,Leave_One_experiments\wth_generated_qc\HLA\HLA2015.WTH,dry_year;nitrogen_stress_year;low_response_year,dry,HLA2015_normal_grid_S0019,pareto_balanced,2015-05-08,128,9,4,"{""sim_day"": 9.0, ""doy"": 128.0, ""topwt"": 0.0, ""grnwt"": 0.0, ""xlai"": 0.0, ""totir"": 0.0, ""tofer"": NaN, ""swfac"": 0.0, ""nstres"": 0.0}",0.0,0.0,0.0,0.0,0.0,0.0,,0.0,0.0,0.0,225.0,13.646899414062505,13.646899414062505,Leave_One_experiments/all_year_offline_schedule_search/daily_outputs/HLA/HLA_2015_HLA2015_normal_grid_S0019_daily.csv
HLA,HLA,Hailun,2015,Leave_One_experiments\wth_generated_qc\HLA\HLA2015.WTH,dry_year;nitrogen_stress_year;low_response_year,dry,HLA2015_normal_grid_S0019,pareto_balanced,2015-05-09,129,10,5,"{""sim_day"": 10.0, ""doy"": 129.0, ""topwt"": 0.0, ""grnwt"": 0.0, ""xlai"": 0.0, ""totir"": 0.0, ""tofer"": NaN, ""swfac"": 0.0, ""nstres"": 0.0}",0.0,0.0,0.0,0.0,0.0,0.0,,0.0,0.0,0.0,225.0,13.646899414062505,13.646899414062505,Leave_One_experiments/all_year_offline_schedule_search/daily_outputs/HLA/HLA_2015_HLA2015_normal_grid_S0019_daily.csv
HLA,HLA,Hailun,2015,Leave_One_experiments\wth_generated_qc\HLA\HLA2015.WTH,dry_year;nitrogen_stress_year;low_response_year,dry,HLA2015_normal_grid_S0019,pareto_balanced,2015-05-10,130,11,6,"{""sim_day"": 11.0, ""doy"": 130.0, ""topwt"": 0.0, ""grnwt"": 0.0, ""xlai"": 0.0, ""totir"": 0.0, ""tofer"": NaN, ""swfac"": 0.0, ""nstres"": 0.0}",0.0,0.0,0.0,0.0,0.0,0.0,,0.0,0.0,0.0,225.0,13.646899414062505,13.646899414062505,Leave_One_experiments/all_year_offline_schedule_search/daily_outputs/HLA/HLA_2015_HLA2015_normal_grid_S0019_daily.csv
HLA,HLA,Hailun,2015,Leave_One_experiments\wth_generated_qc\HLA\HLA2015.WTH,dry_year;nitrogen_stress_year;low_response_year,dry,HLA2015_normal_grid_S0019,pareto_balanced,2015-05-11,131,12,7,"{""sim_day"": 12.0, ""doy"": 131.0, ""topwt"": 0.0, ""grnwt"": 0.0, ""xlai"": 0.0, ""totir"": 0.0, ""tofer"": NaN, ""swfac"": 0.0, ""nstres"": 0.0}",0.0,0.0,0.0,0.0,0.0,0.0,,0.0,0.0,0.0,225.0,13.646899414062505,13.646899414062505,Leave_One_experiments/all_year_offline_schedule_search/daily_outputs/HLA/HLA_2015_HLA2015_normal_grid_S0019_daily.csv
HLA,HLA,Hailun,2015,Leave_One_experiments\wth_generated_qc\HLA\HLA2015.WTH,dry_year;nitrogen_stress_year;low_response_year,dry,HLA2015_normal_grid_S0019,pareto_balanced,2015-05-12,132,13,8,"{""sim_day"": 13.0, ""doy"": 132.0, ""topwt"": 0.0, ""grnwt"": 0.0, ""xlai"": 0.0, ""totir"": 0.0, ""tofer"": NaN, ""swfac"": 0.0, ""nstres"": 0.0}",0.0,0.0,0.0,0.0,0.0,0.0,,0.0,0.0,0.0,225.0,13.646899414062505,13.646899414062505,Leave_One_experiments/all_year_offline_schedule_search/daily_outputs/HLA/HLA_2015_HLA2015_normal_grid_S0019_daily.csv
HLA,HLA,Hailun,2015,Leave_One_experiments\wth_generated_qc\HLA\HLA2015.WTH,dry_year;nitrogen_stress_year;low_response_year,dry,HLA2015_normal_grid_S0019,pareto_balanced,2015-05-13,133,14,9,"{""sim_day"": 14.0, ""doy"": 133.0, ""topwt"": 0.0, ""grnwt"": 0.0, ""xlai"": 0.0, ""totir"": 0.0, ""tofer"": NaN, ""swfac"": 0.0, ""nstres"": 0.0}",0.0,0.0,0.0,0.0,0.0,0.0,,0.0,0.0,0.0,225.0,13.646899414062505,13.646899414062505,Leave_One_experiments/all_year_offline_schedule_search/daily_outputs/HLA/HLA_2015_HLA2015_normal_grid_S0019_daily.csv
HLA,HLA,Hailun,2015,Leave_One_experiments\wth_generated_qc\HLA\HLA2015.WTH,dry_year;nitrogen_stress_year;low_response_year,dry,HLA2015_normal_grid_S0019,pareto_balanced,2015-05-14,134,15,10,"{""sim_day"": 15.0, ""doy"": 134.0, ""topwt"": 0.0, ""grnwt"": 0.0, ""xlai"": 0.0, ""totir"": 0.0, ""tofer"": NaN, ""swfac"": 0.0, ""nstres"": 0.0}",0.0,0.0,0.0,0.0,0.0,0.0,,0.0,0.0,0.0,225.0,13.646899414062505,13.646899414062505,Leave_One_experiments/all_year_offline_schedule_search/daily_outputs/HLA/HLA_2015_HLA2015_normal_grid_S0019_daily.csv
HLA,HLA,Hailun,2015,Leave_One_experiments\wth_generated_qc\HLA\HLA2015.WTH,dry_year;nitrogen_stress_year;low_response_year,dry,HLA2015_normal_grid_S0019,pareto_balanced,2015-05-15,135,16,11,"{""sim_day"": 16.0, ""doy"": 135.0, ""topwt"": 0.0, ""grnwt"": 0.0, ""xlai"": 0.0, ""totir"": 0.0, ""tofer"": NaN, ""swfac"": 0.0, ""nstres"": 0.0}",0.0,0.0,0.0,0.0,0.0,0.0,,0.0,0.0,0.0,225.0,13.646899414062505,13.646899414062505,Leave_One_experiments/all_year_offline_schedule_search/daily_outputs/HLA/HLA_2015_HLA2015_normal_grid_S0019_daily.csv
HLA,HLA,Hailun,2015,Leave_One_experiments\wth_generated_qc\HLA\HLA2015.WTH,dry_year;nitrogen_stress_year;low_response_year,dry,HLA2015_normal_grid_S0019,pareto_balanced,2015-05-16,136,17,12,"{""sim_day"": 17.0, ""doy"": 136.0, ""topwt"": 0.0, ""grnwt"": 0.0, ""xlai"": 0.0, ""totir"": 0.0, ""tofer"": NaN, ""swfac"": 0.0, ""nstres"": 0.0}",0.0,0.0,0.0,0.0,0.0,0.0,,0.0,0.0,0.0,225.0,13.646899414062505,13.646899414062505,Leave_One_experiments/all_year_offline_schedule_search/daily_outputs/HLA/HLA_2015_HLA2015_normal_grid_S0019_daily.csv
HLA,HLA,Hailun,2015,Leave_One_experiments\wth_generated_qc\HLA\HLA2015.WTH,dry_year;nitrogen_stress_year;low_response_year,dry,HLA2015_normal_grid_S0019,pareto_balanced,2015-05-17,137,18,13,"{""sim_day"": 18.0, ""doy"": 137.0, ""topwt"": 0.0, ""grnwt"": 0.0, ""xlai"": 0.0, ""totir"": 0.0, ""tofer"": NaN, ""swfac"": 0.0, ""nstres"": 0.0}",0.0,0.0,0.0,0.0,0.0,0.0,,0.0,0.0,0.0,225.0,13.646899414062505,13.646899414062505,Leave_One_experiments/all_year_offline_schedule_search/daily_outputs/HLA/HLA_2015_HLA2015_normal_grid_S0019_daily.csv
HLA,HLA,Hailun,2015,Leave_One_experiments\wth_generated_qc\HLA\HLA2015.WTH,dry_year;nitrogen_stress_year;low_response_year,dry,HLA2015_normal_grid_S0019,pareto_balanced,2015-05-18,138,19,14,"{""sim_day"": 19.0, ""doy"": 138.0, ""topwt"": 0.0, ""grnwt"": 0.0, ""xlai"": 0.0, ""totir"": 0.0, ""tofer"": NaN, ""swfac"": 0.0, ""nstres"": 0.0}",0.0,0.0,0.0,0.0,0.0,0.0,,0.0,0.0,0.0,225.0,13.646899414062505,13.646899414062505,Leave_One_experiments/all_year_offline_schedule_search/daily_outputs/HLA/HLA_2015_HLA2015_normal_grid_S0019_daily.csv
HLA,HLA,Hailun,2015,Leave_One_experiments\wth_generated_qc\HLA\HLA2015.WTH,dry_year;nitrogen_stress_year;low_response_year,dry,HLA2015_normal_grid_S0019,pareto_balanced,2015-05-19,139,20,15,"{""sim_day"": 20.0, ""doy"": 139.0, ""topwt"": 0.0, ""grnwt"": 0.0, ""xlai"": 0.0, ""totir"": 0.0, ""tofer"": NaN, ""swfac"": 0.0, ""nstres"": 0.0}",0.0,0.0,0.0,0.0,0.0,0.0,,0.0,0.0,0.0,225.0,13.646899414062505,13.646899414062505,Leave_One_experiments/all_year_offline_schedule_search/daily_outputs/HLA/HLA_2015_HLA2015_normal_grid_S0019_daily.csv
HLA,HLA,Hailun,2015,Leave_One_experiments\wth_generated_qc\HLA\HLA2015.WTH,dry_year;nitrogen_stress_year;low_response_year,dry,HLA2015_normal_grid_S0019,pareto_balanced,2015-05-20,140,21,16,"{""sim_day"": 21.0, ""doy"": 140.0, ""topwt"": 0.0, ""grnwt"": 0.0, ""xlai"": 0.0, ""totir"": 0.0, ""tofer"": NaN, ""swfac"": 0.0, ""nstres"": 0.0}",0.0,0.0,0.0,0.0,0.0,0.0,,0.0,0.0,0.0,225.0,13.646899414062505,13.646899414062505,Leave_One_experiments/all_year_offline_schedule_search/daily_outputs/HLA/HLA_2015_HLA2015_normal_grid_S0019_daily.csv
HLA,HLA,Hailun,2015,Leave_One_experiments\wth_generated_qc\HLA\HLA2015.WTH,dry_year;nitrogen_stress_year;low_response_year,dry,HLA2015_normal_grid_S0019,pareto_balanced,2015-05-21,141,22,17,"{""sim_day"": 22.0, ""doy"": 141.0, ""topwt"": 0.0, ""grnwt"": 0.0, ""xlai"": 0.0, ""totir"": 0.0, ""tofer"": NaN, ""swfac"": 0.0, ""nstres"": 0.0}",0.0,0.0,0.0,0.0,0.0,0.0,,0.0,0.0,0.0,225.0,13.646899414062505,13.646899414062505,Leave_One_experiments/all_year_offline_schedule_search/daily_outputs/HLA/HLA_2015_HLA2015_normal_grid_S0019_daily.csv
HLA,HLA,Hailun,2015,Leave_One_experiments\wth_generated_qc\HLA\HLA2015.WTH,dry_year;nitrogen_stress_year;low_response_year,dry,HLA2015_normal_grid_S0019,pareto_balanced,2015-05-22,142,23,18,"{""sim_day"": 23.0, ""doy"": 142.0, ""topwt"": 20.0, ""grnwt"": 0.0, ""xlai"": 0.0019517545588314, ""totir"": 0.0, ""tofer"": NaN, ""swfac"": 0.0, ""nstres"": 0.0121910572052001}",0.0,0.0121910572052001,20.0,0.0,0.0019517545588314,0.0,,0.0,0.0,0.0,225.0,13.646899414062505,13.646899414062505,Leave_One_experiments/all_year_offline_schedule_search/daily_outputs/HLA/HLA_2015_HLA2015_normal_grid_S0019_daily.csv
HLA,HLA,Hailun,2015,Leave_One_experiments\wth_generated_qc\HLA\HLA2015.WTH,dry_year;nitrogen_stress_year;low_response_year,dry,HLA2015_normal_grid_S0019,pareto_balanced,2015-05-23,143,24,19,"{""sim_day"": 24.0, ""doy"": 143.0, ""topwt"": 20.0, ""grnwt"": 0.0, ""xlai"": 0.0042526642791926, ""totir"": 0.0, ""tofer"": NaN, ""swfac"": 0.0, ""nstres"": 0.01454758644104}",0.0,0.01454758644104,20.0,0.0,0.0042526642791926,0.0,,0.0,0.0,0.0,225.0,13.646899414062505,13.646899414062505,Leave_One_experiments/all_year_offline_schedule_search/daily_outputs/HLA/HLA_2015_HLA2015_normal_grid_S0019_daily.csv
HLA,HLA,Hailun,2015,Leave_One_experiments\wth_generated_qc\HLA\HLA2015.WTH,dry_year;nitrogen_stress_year;low_response_year,dry,HLA2015_normal_grid_S0019,pareto_balanced,2015-05-24,144,25,20,"{""sim_day"": 25.0, ""doy"": 144.0, ""topwt"": 20.0, ""grnwt"": 0.0, ""xlai"": 0.0052991057746112, ""totir"": 0.0, ""tofer"": NaN, ""swfac"": 0.0, ""nstres"": 0.0123004913330078}",0.0,0.0123004913330078,20.0,0.0,0.0052991057746112,0.0,,0.0,0.0,0.0,225.0,13.646899414062505,13.646899414062505,Leave_One_experiments/all_year_offline_schedule_search/daily_outputs/HLA/HLA_2015_HLA2015_normal_grid_S0019_daily.csv
HLA,HLA,Hailun,2015,Leave_One_experiments\wth_generated_qc\HLA\HLA2015.WTH,dry_year;nitrogen_stress_year;low_response_year,dry,HLA2015_normal_grid_S0019,pareto_balanced,2015-05-25,145,26,21,"{""sim_day"": 26.0, ""doy"": 145.0, ""topwt"": 20.0, ""grnwt"": 0.0, ""xlai"": 0.0066870832815766, ""totir"": 0.0, ""tofer"": NaN, ""swfac"": 0.0, ""nstres"": 0.0095220208168029}",0.0,0.0095220208168029,20.0,0.0,0.0066870832815766,0.0,,0.0,0.0,0.0,225.0,13.646899414062505,13.646899414062505,Leave_One_experiments/all_year_offline_schedule_search/daily_outputs/HLA/HLA_2015_HLA2015_normal_grid_S0019_daily.csv
HLA,HLA,Hailun,2015,Leave_One_experiments\wth_generated_qc\HLA\HLA2015.WTH,dry_year;nitrogen_stress_year;low_response_year,dry,HLA2015_normal_grid_S0019,pareto_balanced,2015-05-26,146,27,22,"{""sim_day"": 27.0, ""doy"": 146.0, ""topwt"": 20.0, ""grnwt"": 0.0, ""xlai"": 0.0091514894738793, ""totir"": 0.0, ""tofer"": NaN, ""swfac"": 0.0, ""nstres"": 0.0050685405731201}",0.0,0.0050685405731201,20.0,0.0,0.0091514894738793,0.0,,0.0,0.0,0.0,225.0,13.646899414062505,13.646899414062505,Leave_One_experiments/all_year_offline_schedule_search/daily_outputs/HLA/HLA_2015_HLA2015_normal_grid_S0019_daily.csv
HLA,HLA,Hailun,2015,Leave_One_experiments\wth_generated_qc\HLA\HLA2015.WTH,dry_year;nitrogen_stress_year;low_response_year,dry,HLA2015_normal_grid_S0019,pareto_balanced,2015-05-27,147,28,23,"{""sim_day"": 28.0, ""doy"": 147.0, ""topwt"": 20.0, ""grnwt"": 0.0, ""xlai"": 0.0117484796792268, ""totir"": 0.0, ""tofer"": NaN, ""swfac"": 0.0, ""nstres"": 0.0006848573684692}",0.0,0.0006848573684692,20.0,0.0,0.0117484796792268,0.0,,0.0,0.0,0.0,225.0,13.646899414062505,13.646899414062505,Leave_One_experiments/all_year_offline_schedule_search/daily_outputs/HLA/HLA_2015_HLA2015_normal_grid_S0019_daily.csv
HLA,HLA,Hailun,2015,Leave_One_experiments\wth_generated_qc\HLA\HLA2015.WTH,dry_year;nitrogen_stress_year;low_response_year,dry,HLA2015_normal_grid_S0019,pareto_balanced,2015-05-28,148,29,24,"{""sim_day"": 29.0, ""doy"": 148.0, ""topwt"": 20.0, ""grnwt"": 0.0, ""xlai"": 0.0149262603372335, ""totir"": 0.0, ""tofer"": NaN, ""swfac"": 0.0, ""nstres"": 0.0}",0.0,0.0,20.0,0.0,0.0149262603372335,0.0,,0.0,0.0,0.0,225.0,13.646899414062505,13.646899414062505,Leave_One_experiments/all_year_offline_schedule_search/daily_outputs/HLA/HLA_2015_HLA2015_normal_grid_S0019_daily.csv
HLA,HLA,Hailun,2015,Leave_One_experiments\wth_generated_qc\HLA\HLA2015.WTH,dry_year;nitrogen_stress_year;low_response_year,dry,HLA2015_normal_grid_S0019,pareto_balanced,2015-05-29,149,30,25,"{""sim_day"": 30.0, ""doy"": 149.0, ""topwt"": 20.0, ""grnwt"": 0.0, ""xlai"": 0.0212068930268287, ""totir"": 0.0, ""tofer"": NaN, ""swfac"": 0.0, ""nstres"": 0.0}",0.0,0.0,20.0,0.0,0.0212068930268287,0.0,,0.0,0.0,0.0,225.0,13.646899414062505,13.646899414062505,Leave_One_experiments/all_year_offline_schedule_search/daily_outputs/HLA/HLA_2015_HLA2015_normal_grid_S0019_daily.csv
HLA,HLA,Hailun,2015,Leave_One_experiments\wth_generated_qc\HLA\HLA2015.WTH,dry_year;nitrogen_stress_year;low_response_year,dry,HLA2015_normal_grid_S0019,pareto_balanced,2015-05-30,150,31,26,"{""sim_day"": 31.0, ""doy"": 150.0, ""topwt"": 20.0, ""grnwt"": 0.0, ""xlai"": 0.0287809111177921, ""totir"": 0.0, ""tofer"": NaN, ""swfac"": 0.0, ""nstres"": 0.0}",0.0,0.0,20.0,0.0,0.0287809111177921,0.0,,0.0,0.0,0.0,225.0,13.646899414062505,13.646899414062505,Leave_One_experiments/all_year_offline_schedule_search/daily_outputs/HLA/HLA_2015_HLA2015_normal_grid_S0019_daily.csv
HLA,HLA,Hailun,2015,Leave_One_experiments\wth_generated_qc\HLA\HLA2015.WTH,dry_year;nitrogen_stress_year;low_response_year,dry,HLA2015_normal_grid_S0019,pareto_balanced,2015-05-31,151,32,27,"{""sim_day"": 32.0, ""doy"": 151.0, ""topwt"": 20.726678371429443, ""grnwt"": 0.0, ""xlai"": 0.0362971499562263, ""totir"": 0.0, ""tofer"": NaN, ""swfac"": 0.0, ""nstres"": 0.0}",0.0,0.0,20.726678371429443,0.0,0.0362971499562263,0.0,,0.0,0.0,0.0,225.0,13.646899414062505,13.646899414062505,Leave_One_experiments/all_year_offline_schedule_search/daily_outputs/HLA/HLA_2015_HLA2015_normal_grid_S0019_daily.csv
HLA,HLA,Hailun,2015,Leave_One_experiments\wth_generated_qc\HLA\HLA2015.WTH,dry_year;nitrogen_stress_year;low_response_year,dry,HLA2015_normal_grid_S0019,pareto_balanced,2015-06-01,152,33,28,"{""sim_day"": 33.0, ""doy"": 152.0, ""topwt"": 23.977515697479248, ""grnwt"": 0.0, ""xlai"": 0.0448262766003608, ""totir"": 0.0, ""tofer"": NaN, ""swfac"": 0.0, ""nstres"": 0.0}",0.0,0.0,23.977515697479248,0.0,0.0448262766003608,0.0,,0.0,0.0,0.0,225.0,13.646899414062505,13.646899414062505,Leave_One_experiments/all_year_offline_schedule_search/daily_outputs/HLA/HLA_2015_HLA2015_normal_grid_S0019_daily.csv
HLA,HLA,Hailun,2015,Leave_One_experiments\wth_generated_qc\HLA\HLA2015.WTH,dry_year;nitrogen_stress_year;low_response_year,dry,HLA2015_normal_grid_S0019,pareto_balanced,2015-06-02,153,34,29,"{""sim_day"": 34.0, ""doy"": 153.0, ""topwt"": 28.848648071289062, ""grnwt"": 0.0, ""xlai"": 0.0568868331611156, ""totir"": 0.0, ""tofer"": NaN, ""swfac"": 0.0, ""nstres"": 0.0}",0.0,0.0,28.848648071289062,0.0,0.0568868331611156,0.0,,0.0,0.0,0.0,225.0,13.646899414062505,13.646899414062505,Leave_One_experiments/all_year_offline_schedule_search/daily_outputs/HLA/HLA_2015_HLA2015_normal_grid_S0019_daily.csv
HLA,HLA,Hailun,2015,Leave_One_experiments\wth_generated_qc\HLA\HLA2015.WTH,dry_year;nitrogen_stress_year;low_response_year,dry,HLA2015_normal_grid_S0019,pareto_balanced,2015-06-03,154,35,30,"{""sim_day"": 35.0, ""doy"": 154.0, ""topwt"": 35.39210319519043, ""grnwt"": 0.0, ""xlai"": 0.072124995291233, ""totir"": 0.0, ""tofer"": NaN, ""swfac"": 0.0, ""nstres"": 0.0}",0.0,0.0,35.39210319519043,0.0,0.072124995291233,0.0,,0.0,75.0,0.0,225.0,13.646899414062505,13.646899414062505,Leave_One_experiments/all_year_offline_schedule_search/daily_outputs/HLA/HLA_2015_HLA2015_normal_grid_S0019_daily.csv
HLA,HLA,Hailun,2015,Leave_One_experiments\wth_generated_qc\HLA\HLA2015.WTH,dry_year;nitrogen_stress_year;low_response_year,dry,HLA2015_normal_grid_S0019,pareto_balanced,2015-06-04,155,36,31,"{""sim_day"": 36.0, ""doy"": 155.0, ""topwt"": 41.76493644714356, ""grnwt"": 0.0, ""xlai"": 0.0861963257193565, ""totir"": 0.0, ""tofer"": NaN, ""swfac"": 0.0, ""nstres"": 0.0}",0.0,0.0,41.76493644714356,0.0,0.0861963257193565,0.0,,0.0,0.0,0.0,225.0,13.646899414062505,13.646899414062505,Leave_One_experiments/all_year_offline_schedule_search/daily_outputs/HLA/HLA_2015_HLA2015_normal_grid_S0019_daily.csv
HLA,HLA,Hailun,2015,Leave_One_experiments\wth_generated_qc\HLA\HLA2015.WTH,dry_year;nitrogen_stress_year;low_response_year,dry,HLA2015_normal_grid_S0019,pareto_balanced,2015-06-05,156,37,32,"{""sim_day"": 37.0, ""doy"": 156.0, ""topwt"": 46.28744602203369, ""grnwt"": 0.0, ""xlai"": 0.0958240628242492, ""totir"": 0.0, ""tofer"": NaN, ""swfac"": 0.0, ""nstres"": 0.0}",0.0,0.0,46.28744602203369,0.0,0.0958240628242492,0.0,,0.0,0.0,0.0,225.0,13.646899414062505,13.646899414062505,Leave_One_experiments/all_year_offline_schedule_search/daily_outputs/HLA/HLA_2015_HLA2015_normal_grid_S0019_daily.csv
HLA,HLA,Hailun,2015,Leave_One_experiments\wth_generated_qc\HLA\HLA2015.WTH,dry_year;nitrogen_stress_year;low_response_year,dry,HLA2015_normal_grid_S0019,pareto_balanced,2015-06-06,157,38,33,"{""sim_day"": 38.0, ""doy"": 157.0, ""topwt"": 50.94032287597656, ""grnwt"": 0.0, ""xlai"": 0.105472519993782, ""totir"": 0.0, ""tofer"": NaN, ""swfac"": 0.0, ""nstres"": 0.0}",0.0,0.0,50.94032287597656,0.0,0.105472519993782,0.0,,0.0,0.0,0.0,225.0,13.646899414062505,13.646899414062505,Leave_One_experiments/all_year_offline_schedule_search/daily_outputs/HLA/HLA_2015_HLA2015_normal_grid_S0019_daily.csv
HLA,HLA,Hailun,2015,Leave_One_experiments\wth_generated_qc\HLA\HLA2015.WTH,dry_year;nitrogen_stress_year;low_response_year,dry,HLA2015_normal_grid_S0019,pareto_balanced,2015-06-07,158,39,34,"{""sim_day"": 39.0, ""doy"": 158.0, ""topwt"": 57.61742115020752, ""grnwt"": 0.0, ""xlai"": 0.1189326718449592, ""totir"": 0.0, ""tofer"": NaN, ""swfac"": 0.0, ""nstres"": 0.0}",0.0,0.0,57.61742115020752,0.0,0.1189326718449592,0.0,,0.0,0.0,0.0,225.0,13.646899414062505,13.646899414062505,Leave_One_experiments/all_year_offline_schedule_search/daily_outputs/HLA/HLA_2015_HLA2015_normal_grid_S0019_daily.csv
HLA,HLA,Hailun,2015,Leave_One_experiments\wth_generated_qc\HLA\HLA2015.WTH,dry_year;nitrogen_stress_year;low_response_year,dry,HLA2015_normal_grid_S0019,pareto_balanced,2015-06-08,159,40,35,"{""sim_day"": 40.0, ""doy"": 159.0, ""topwt"": 65.71531772613525, ""grnwt"": 0.0, ""xlai"": 0.1347425729036331, ""totir"": 0.0, ""tofer"": NaN, ""swfac"": 0.0, ""nstres"": 0.0}",0.0,0.0,65.71531772613525,0.0,0.1347425729036331,0.0,,0.0,0.0,0.0,225.0,13.646899414062505,13.646899414062505,Leave_One_experiments/all_year_offline_schedule_search/daily_outputs/HLA/HLA_2015_HLA2015_normal_grid_S0019_daily.csv
HLA,HLA,Hailun,2015,Leave_One_experiments\wth_generated_qc\HLA\HLA2015.WTH,dry_year;nitrogen_stress_year;low_response_year,dry,HLA2015_normal_grid_S0019,pareto_balanced,2015-06-09,160,41,36,"{""sim_day"": 41.0, ""doy"": 160.0, ""topwt"": 77.93329238891602, ""grnwt"": 0.0, ""xlai"": 0.1577264368534088, ""totir"": 0.0, ""tofer"": NaN, ""swfac"": 0.0, ""nstres"": 0.0}",0.0,0.0,77.93329238891602,0.0,0.1577264368534088,0.0,,0.0,0.0,0.0,225.0,13.646899414062505,13.646899414062505,Leave_One_experiments/all_year_offline_schedule_search/daily_outputs/HLA/HLA_2015_HLA2015_normal_grid_S0019_daily.csv
HLA,HLA,Hailun,2015,Leave_One_experiments\wth_generated_qc\HLA\HLA2015.WTH,dry_year;nitrogen_stress_year;low_response_year,dry,HLA2015_normal_grid_S0019,pareto_balanced,2015-06-10,161,42,37,"{""sim_day"": 42.0, ""doy"": 161.0, ""topwt"": 92.70647048950195, ""grnwt"": 0.0, ""xlai"": 0.1843954473733902, ""totir"": 0.0, ""tofer"": NaN, ""swfac"": 0.0, ""nstres"": 0.0}",0.0,0.0,92.70647048950195,0.0,0.1843954473733902,0.0,,0.0,0.0,0.0,225.0,13.646899414062505,13.646899414062505,Leave_One_experiments/all_year_offline_schedule_search/daily_outputs/HLA/HLA_2015_HLA2015_normal_grid_S0019_daily.csv
HLA,HLA,Hailun,2015,Leave_One_experiments\wth_generated_qc\HLA\HLA2015.WTH,dry_year;nitrogen_stress_year;low_response_year,dry,HLA2015_normal_grid_S0019,pareto_balanced,2015-06-11,162,43,38,"{""sim_day"": 43.0, ""doy"": 162.0, ""topwt"": 108.83733749389648, ""grnwt"": 0.0, ""xlai"": 0.2123979181051254, ""totir"": 0.0, ""tofer"": NaN, ""swfac"": 0.0, ""nstres"": 0.0}",0.0,0.0,108.83733749389648,0.0,0.2123979181051254,0.0,,0.0,0.0,0.0,225.0,13.646899414062505,13.646899414062505,Leave_One_experiments/all_year_offline_schedule_search/daily_outputs/HLA/HLA_2015_HLA2015_normal_grid_S0019_daily.csv
HLA,HLA,Hailun,2015,Leave_One_experiments\wth_generated_qc\HLA\HLA2015.WTH,dry_year;nitrogen_stress_year;low_response_year,dry,HLA2015_normal_grid_S0019,pareto_balanced,2015-06-12,163,44,39,"{""sim_day"": 44.0, ""doy"": 163.0, ""topwt"": 128.6435317993164, ""grnwt"": 0.0, ""xlai"": 0.2455031871795654, ""totir"": 0.0, ""tofer"": NaN, ""swfac"": 0.0, ""nstres"": 0.0}",0.0,0.0,128.6435317993164,0.0,0.2455031871795654,0.0,,0.0,0.0,0.0,225.0,13.646899414062505,13.646899414062505,Leave_One_experiments/all_year_offline_schedule_search/daily_outputs/HLA/HLA_2015_HLA2015_normal_grid_S0019_daily.csv
HLA,HLA,Hailun,2015,Leave_One_experiments\wth_generated_qc\HLA\HLA2015.WTH,dry_year;nitrogen_stress_year;low_response_year,dry,HLA2015_normal_grid_S0019,pareto_balanced,2015-06-13,164,45,40,"{""sim_day"": 45.0, ""doy"": 164.0, ""topwt"": 147.82906532287598, ""grnwt"": 0.0, ""xlai"": 0.2953105270862579, ""totir"": 0.0, ""tofer"": NaN, ""swfac"": 0.0, ""nstres"": 0.0}",0.0,0.0,147.82906532287598,0.0,0.2953105270862579,0.0,,0.0,0.0,0.0,225.0,13.646899414062505,13.646899414062505,Leave_One_experiments/all_year_offline_schedule_search/daily_outputs/HLA/HLA_2015_HLA2015_normal_grid_S0019_daily.csv
HLA,HLA,Hailun,2015,Leave_One_experiments\wth_generated_qc\HLA\HLA2015.WTH,dry_year;nitrogen_stress_year;low_response_year,dry,HLA2015_normal_grid_S0019,pareto_balanced,2015-06-14,165,46,41,"{""sim_day"": 46.0, ""doy"": 165.0, ""topwt"": 187.4351692199707, ""grnwt"": 0.0, ""xlai"": 0.3607876896858215, ""totir"": 0.0, ""tofer"": NaN, ""swfac"": 0.0, ""nstres"": 0.0020726323127746}",0.0,0.0020726323127746,187.4351692199707,0.0,0.3607876896858215,0.0,,0.0,0.0,0.0,225.0,13.646899414062505,13.646899414062505,Leave_One_experiments/all_year_offline_schedule_search/daily_outputs/HLA/HLA_2015_HLA2015_normal_grid_S0019_daily.csv
HLA,HLA,Hailun,2015,Leave_One_experiments\wth_generated_qc\HLA\HLA2015.WTH,dry_year;nitrogen_stress_year;low_response_year,dry,HLA2015_normal_grid_S0019,pareto_balanced,2015-06-15,166,47,42,"{""sim_day"": 47.0, ""doy"": 166.0, ""topwt"": 238.6933135986328, ""grnwt"": 0.0, ""xlai"": 0.4411228001117706, ""totir"": 0.0, ""tofer"": NaN, ""swfac"": 0.0, ""nstres"": 0.0}",0.0,0.0,238.6933135986328,0.0,0.4411228001117706,0.0,,0.0,0.0,0.0,225.0,13.646899414062505,13.646899414062505,Leave_One_experiments/all_year_offline_schedule_search/daily_outputs/HLA/HLA_2015_HLA2015_normal_grid_S0019_daily.csv
HLA,HLA,Hailun,2015,Leave_One_experiments\wth_generated_qc\HLA\HLA2015.WTH,dry_year;nitrogen_stress_year;low_response_year,dry,HLA2015_normal_grid_S0019,pareto_balanced,2015-06-16,167,48,43,"{""sim_day"": 48.0, ""doy"": 167.0, ""topwt"": 290.3912734985352, ""grnwt"": 0.0, ""xlai"": 0.5183335542678833, ""totir"": 0.0, ""tofer"": NaN, ""swfac"": 0.0, ""nstres"": 0.0}",0.0,0.0,290.3912734985352,0.0,0.5183335542678833,0.0,,0.0,0.0,0.0,225.0,13.646899414062505,13.646899414062505,Leave_One_experiments/all_year_offline_schedule_search/daily_outputs/HLA/HLA_2015_HLA2015_normal_grid_S0019_daily.csv
HLA,HLA,Hailun,2015,Leave_One_experiments\wth_generated_qc\HLA\HLA2015.WTH,dry_year;nitrogen_stress_year;low_response_year,dry,HLA2015_normal_grid_S0019,pareto_balanced,2015-06-17,168,49,44,"{""sim_day"": 49.0, ""doy"": 168.0, ""topwt"": 343.1085968017578, ""grnwt"": 0.0, ""xlai"": 0.5939877033233643, ""totir"": 0.0, ""tofer"": NaN, ""swfac"": 0.0, ""nstres"": 0.0}",0.0,0.0,343.1085968017578,0.0,0.5939877033233643,0.0,,0.0,0.0,0.0,225.0,13.646899414062505,13.646899414062505,Leave_One_experiments/all_year_offline_schedule_search/daily_outputs/HLA/HLA_2015_HLA2015_normal_grid_S0019_daily.csv
HLA,HLA,Hailun,2015,Leave_One_experiments\wth_generated_qc\HLA\HLA2015.WTH,dry_year;nitrogen_stress_year;low_response_year,dry,HLA2015_normal_grid_S0019,pareto_balanced,2015-06-18,169,50,45,"{""sim_day"": 50.0, ""doy"": 169.0, ""topwt"": 400.7585144042969, ""grnwt"": 0.0, ""xlai"": 0.6738418936729431, ""totir"": 0.0, ""tofer"": NaN, ""swfac"": 0.0, ""nstres"": 0.0}",0.0,0.0,400.7585144042969,0.0,0.6738418936729431,0.0,,0.0,0.0,0.0,225.0,13.646899414062505,13.646899414062505,Leave_One_experiments/all_year_offline_schedule_search/daily_outputs/HLA/HLA_2015_HLA2015_normal_grid_S0019_daily.csv
HLA,HLA,Hailun,2015,Leave_One_experiments\wth_generated_qc\HLA\HLA2015.WTH,dry_year;nitrogen_stress_year;low_response_year,dry,HLA2015_normal_grid_S0019,pareto_balanced,2015-06-19,170,51,46,"{""sim_day"": 51.0, ""doy"": 170.0, ""topwt"": 459.687728881836, ""grnwt"": 0.0, ""xlai"": 0.7528884410858154, ""totir"": 0.0, ""tofer"": NaN, ""swfac"": 0.0, ""nstres"": 0.0}",0.0,0.0,459.687728881836,0.0,0.7528884410858154,0.0,,0.0,0.0,0.0,225.0,13.646899414062505,13.646899414062505,Leave_One_experiments/all_year_offline_schedule_search/daily_outputs/HLA/HLA_2015_HLA2015_normal_grid_S0019_daily.csv
HLA,HLA,Hailun,2015,Leave_One_experiments\wth_generated_qc\HLA\HLA2015.WTH,dry_year;nitrogen_stress_year;low_response_year,dry,HLA2015_normal_grid_S0019,pareto_balanced,2015-06-20,171,52,47,"{""sim_day"": 52.0, ""doy"": 171.0, ""topwt"": 534.7988891601562, ""grnwt"": 0.0, ""xlai"": 0.848289430141449, ""totir"": 0.0, ""tofer"": NaN, ""swfac"": 0.0, ""nstres"": 0.0}",0.0,0.0,534.7988891601562,0.0,0.848289430141449,0.0,,0.0,0.0,0.0,225.0,13.646899414062505,13.646899414062505,Leave_One_experiments/all_year_offline_schedule_search/daily_outputs/HLA/HLA_2015_HLA2015_normal_grid_S0019_daily.csv
HLA,HLA,Hailun,2015,Leave_One_experiments\wth_generated_qc\HLA\HLA2015.WTH,dry_year;nitrogen_stress_year;low_response_year,dry,HLA2015_normal_grid_S0019,pareto_balanced,2015-06-21,172,53,48,"{""sim_day"": 53.0, ""doy"": 172.0, ""topwt"": 635.9558868408203, ""grnwt"": 0.0, ""xlai"": 0.9790798425674438, ""totir"": 0.0, ""tofer"": NaN, ""swfac"": 0.0, ""nstres"": 0.0}",0.0,0.0,635.9558868408203,0.0,0.9790798425674438,0.0,,0.0,0.0,0.0,225.0,13.646899414062505,13.646899414062505,Leave_One_experiments/all_year_offline_schedule_search/daily_outputs/HLA/HLA_2015_HLA2015_normal_grid_S0019_daily.csv
HLA,HLA,Hailun,2015,Leave_One_experiments\wth_generated_qc\HLA\HLA2015.WTH,dry_year;nitrogen_stress_year;low_response_year,dry,HLA2015_normal_grid_S0019,pareto_balanced,2015-06-22,173,54,49,"{""sim_day"": 54.0, ""doy"": 173.0, ""topwt"": 715.9077453613281, ""grnwt"": 0.0, ""xlai"": 1.0782363414764404, ""totir"": 0.0, ""tofer"": NaN, ""swfac"": 0.0, ""nstres"": 0.0}",0.0,0.0,715.9077453613281,0.0,1.0782363414764404,0.0,,0.0,0.0,0.0,225.0,13.646899414062505,13.646899414062505,Leave_One_experiments/all_year_offline_schedule_search/daily_outputs/HLA/HLA_2015_HLA2015_normal_grid_S0019_daily.csv
HLA,HLA,Hailun,2015,Leave_One_experiments\wth_generated_qc\HLA\HLA2015.WTH,dry_year;nitrogen_stress_year;low_response_year,dry,HLA2015_normal_grid_S0019,pareto_balanced,2015-06-23,174,55,50,"{""sim_day"": 55.0, ""doy"": 174.0, ""topwt"": 800.6877899169922, ""grnwt"": 0.0, ""xlai"": 1.179302215576172, ""totir"": 0.0, ""tofer"": NaN, ""swfac"": 0.0, ""nstres"": 0.0}",0.0,0.0,800.6877899169922,0.0,1.179302215576172,0.0,,0.0,0.0,0.0,225.0,13.646899414062505,13.646899414062505,Leave_One_experiments/all_year_offline_schedule_search/daily_outputs/HLA/HLA_2015_HLA2015_normal_grid_S0019_daily.csv
HLA,HLA,Hailun,2015,Leave_One_experiments\wth_generated_qc\HLA\HLA2015.WTH,dry_year;nitrogen_stress_year;low_response_year,dry,HLA2015_normal_grid_S0019,pareto_balanced,2015-06-24,175,56,51,"{""sim_day"": 56.0, ""doy"": 175.0, ""topwt"": 870.8850860595703, ""grnwt"": 0.0, ""xlai"": 1.2599453926086426, ""totir"": 0.0, ""tofer"": NaN, ""swfac"": 0.0, ""nstres"": 0.0}",0.0,0.0,870.8850860595703,0.0,1.2599453926086426,0.0,,0.0,0.0,0.0,225.0,13.646899414062505,13.646899414062505,Leave_One_experiments/all_year_offline_schedule_search/daily_outputs/HLA/HLA_2015_HLA2015_normal_grid_S0019_daily.csv
HLA,HLA,Hailun,2015,Leave_One_experiments\wth_generated_qc\HLA\HLA2015.WTH,dry_year;nitrogen_stress_year;low_response_year,dry,HLA2015_normal_grid_S0019,pareto_balanced,2015-06-25,176,57,52,"{""sim_day"": 57.0, ""doy"": 176.0, ""topwt"": 974.3934631347656, ""grnwt"": 0.0, ""xlai"": 1.3735498189926147, ""totir"": 0.0, ""tofer"": NaN, ""swfac"": 0.0, ""nstres"": 0.0}",0.0,0.0,974.3934631347656,0.0,1.3735498189926147,0.0,,0.0,0.0,0.0,225.0,13.646899414062505,13.646899414062505,Leave_One_experiments/all_year_offline_schedule_search/daily_outputs/HLA/HLA_2015_HLA2015_normal_grid_S0019_daily.csv
HLA,HLA,Hailun,2015,Leave_One_experiments\wth_generated_qc\HLA\HLA2015.WTH,dry_year;nitrogen_stress_year;low_response_year,dry,HLA2015_normal_grid_S0019,pareto_balanced,2015-06-26,177,58,53,"{""sim_day"": 58.0, ""doy"": 177.0, ""topwt"": 1082.5773620605469, ""grnwt"": 0.0, ""xlai"": 1.486175298690796, ""totir"": 0.0, ""tofer"": NaN, ""swfac"": 0.0, ""nstres"": 0.0}",0.0,0.0,1082.5773620605469,0.0,1.486175298690796,0.0,,0.0,0.0,0.0,225.0,13.646899414062505,13.646899414062505,Leave_One_experiments/all_year_offline_schedule_search/daily_outputs/HLA/HLA_2015_HLA2015_normal_grid_S0019_daily.csv
HLA,HLA,Hailun,2015,Leave_One_experiments\wth_generated_qc\HLA\HLA2015.WTH,dry_year;nitrogen_stress_year;low_response_year,dry,HLA2015_normal_grid_S0019,pareto_balanced,2015-06-27,178,59,54,"{""sim_day"": 59.0, ""doy"": 178.0, ""topwt"": 1180.5221557617188, ""grnwt"": 0.0, ""xlai"": 1.5834426879882812, ""totir"": 0.0, ""tofer"": NaN, ""swfac"": 0.0, ""nstres"": 0.0}",0.0,0.0,1180.5221557617188,0.0,1.5834426879882812,0.0,,0.0,0.0,0.0,225.0,13.646899414062505,13.646899414062505,Leave_One_experiments/all_year_offline_schedule_search/daily_outputs/HLA/HLA_2015_HLA2015_normal_grid_S0019_daily.csv
HLA,HLA,Hailun,2015,Leave_One_experiments\wth_generated_qc\HLA\HLA2015.WTH,dry_year;nitrogen_stress_year;low_response_year,dry,HLA2015_normal_grid_S0019,pareto_balanced,2015-06-28,179,60,55,"{""sim_day"": 60.0, ""doy"": 179.0, ""topwt"": 1277.2091674804688, ""grnwt"": 0.0, ""xlai"": 1.6752337217330933, ""totir"": 0.0, ""tofer"": NaN, ""swfac"": 0.0, ""nstres"": 0.0}",0.0,0.0,1277.2091674804688,0.0,1.6752337217330933,0.0,,0.0,0.0,0.0,225.0,13.646899414062505,13.646899414062505,Leave_One_experiments/all_year_offline_schedule_search/daily_outputs/HLA/HLA_2015_HLA2015_normal_grid_S0019_daily.csv
HLA,HLA,Hailun,2015,Leave_One_experiments\wth_generated_qc\HLA\HLA2015.WTH,dry_year;nitrogen_stress_year;low_response_year,dry,HLA2015_normal_grid_S0019,pareto_balanced,2015-06-29,180,61,56,"{""sim_day"": 61.0, ""doy"": 180.0, ""topwt"": 1363.3567810058594, ""grnwt"": 0.0, ""xlai"": 1.7537997961044312, ""totir"": 0.0, ""tofer"": NaN, ""swfac"": 0.0, ""nstres"": 0.0}",0.0,0.0,1363.3567810058594,0.0,1.7537997961044312,0.0,,0.0,0.0,0.0,225.0,13.646899414062505,13.646899414062505,Leave_One_experiments/all_year_offline_schedule_search/daily_outputs/HLA/HLA_2015_HLA2015_normal_grid_S0019_daily.csv
HLA,HLA,Hailun,2015,Leave_One_experiments\wth_generated_qc\HLA\HLA2015.WTH,dry_year;nitrogen_stress_year;low_response_year,dry,HLA2015_normal_grid_S0019,pareto_balanced,2015-06-30,181,62,57,"{""sim_day"": 62.0, ""doy"": 181.0, ""topwt"": 1457.8068542480469, ""grnwt"": 0.0, ""xlai"": 1.8364261388778689, ""totir"": 0.0, ""tofer"": NaN, ""swfac"": 0.0, ""nstres"": 0.0}",0.0,0.0,1457.8068542480469,0.0,1.8364261388778689,0.0,,0.0,0.0,0.0,225.0,13.646899414062505,13.646899414062505,Leave_One_experiments/all_year_offline_schedule_search/daily_outputs/HLA/HLA_2015_HLA2015_normal_grid_S0019_daily.csv
HLA,HLA,Hailun,2015,Leave_One_experiments\wth_generated_qc\HLA\HLA2015.WTH,dry_year;nitrogen_stress_year;low_response_year,dry,HLA2015_normal_grid_S0019,pareto_balanced,2015-07-01,182,63,58,"{""sim_day"": 63.0, ""doy"": 182.0, ""topwt"": 1549.1178894042969, ""grnwt"": 0.0, ""xlai"": 1.9131643772125244, ""totir"": 0.0, ""tofer"": NaN, ""swfac"": 0.0, ""nstres"": 0.0}",0.0,0.0,1549.1178894042969,0.0,1.9131643772125244,0.0,,0.0,0.0,0.0,225.0,13.646899414062505,13.646899414062505,Leave_One_experiments/all_year_offline_schedule_search/daily_outputs/HLA/HLA_2015_HLA2015_normal_grid_S0019_daily.csv
HLA,HLA,Hailun,2015,Leave_One_experiments\wth_generated_qc\HLA\HLA2015.WTH,dry_year;nitrogen_stress_year;low_response_year,dry,HLA2015_normal_grid_S0019,pareto_balanced,2015-07-02,183,64,59,"{""sim_day"": 64.0, ""doy"": 183.0, ""topwt"": 1645.1309204101562, ""grnwt"": 0.0, ""xlai"": 1.9906448125839236, ""totir"": 0.0, ""tofer"": NaN, ""swfac"": 0.0, ""nstres"": 0.0}",0.0,0.0,1645.1309204101562,0.0,1.9906448125839236,0.0,,0.0,0.0,0.0,225.0,13.646899414062505,13.646899414062505,Leave_One_experiments/all_year_offline_schedule_search/daily_outputs/HLA/HLA_2015_HLA2015_normal_grid_S0019_daily.csv
HLA,HLA,Hailun,2015,Leave_One_experiments\wth_generated_qc\HLA\HLA2015.WTH,dry_year;nitrogen_stress_year;low_response_year,dry,HLA2015_normal_grid_S0019,pareto_balanced,2015-07-03,184,65,60,"{""sim_day"": 65.0, ""doy"": 184.0, ""topwt"": 1766.5328979492188, ""grnwt"": 0.0, ""xlai"": 2.0839805603027344, ""totir"": 0.0, ""tofer"": NaN, ""swfac"": 0.0, ""nstres"": 0.0}",0.0,0.0,1766.5328979492188,0.0,2.0839805603027344,0.0,,0.0,75.0,0.0,225.0,13.646899414062505,13.646899414062505,Leave_One_experiments/all_year_offline_schedule_search/daily_outputs/HLA/HLA_2015_HLA2015_normal_grid_S0019_daily.csv
HLA,HLA,Hailun,2015,Leave_One_experiments\wth_generated_qc\HLA\HLA2015.WTH,dry_year;nitrogen_stress_year;low_response_year,dry,HLA2015_normal_grid_S0019,pareto_balanced,2015-07-04,185,66,61,"{""sim_day"": 66.0, ""doy"": 185.0, ""topwt"": 1919.6502685546875, ""grnwt"": 0.0, ""xlai"": 2.194995164871216, ""totir"": 0.0, ""tofer"": NaN, ""swfac"": 0.0, ""nstres"": 0.0}",0.0,0.0,1919.6502685546875,0.0,2.194995164871216,0.0,,0.0,0.0,0.0,225.0,13.646899414062505,13.646899414062505,Leave_One_experiments/all_year_offline_schedule_search/daily_outputs/HLA/HLA_2015_HLA2015_normal_grid_S0019_daily.csv
HLA,HLA,Hailun,2015,Leave_One_experiments\wth_generated_qc\HLA\HLA2015.WTH,dry_year;nitrogen_stress_year;low_response_year,dry,HLA2015_normal_grid_S0019,pareto_balanced,2015-07-05,186,67,62,"{""sim_day"": 67.0, ""doy"": 186.0, ""topwt"": 2097.75390625, ""grnwt"": 0.0, ""xlai"": 2.315959215164185, ""totir"": 0.0, ""tofer"": NaN, ""swfac"": 0.0, ""nstres"": 0.0}",0.0,0.0,2097.75390625,0.0,2.315959215164185,0.0,,0.0,0.0,0.0,225.0,13.646899414062505,13.646899414062505,Leave_One_experiments/all_year_offline_schedule_search/daily_outputs/HLA/HLA_2015_HLA2015_normal_grid_S0019_daily.csv
HLA,HLA,Hailun,2015,Leave_One_experiments\wth_generated_qc\HLA\HLA2015.WTH,dry_year;nitrogen_stress_year;low_response_year,dry,HLA2015_normal_grid_S0019,pareto_balanced,2015-07-06,187,68,63,"{""sim_day"": 68.0, ""doy"": 187.0, ""topwt"": 2298.58642578125, ""grnwt"": 0.0, ""xlai"": 2.443199634552002, ""totir"": 0.0, ""tofer"": NaN, ""swfac"": 0.0, ""nstres"": 0.0}",0.0,0.0,2298.58642578125,0.0,2.443199634552002,0.0,,0.0,0.0,0.0,225.0,13.646899414062505,13.646899414062505,Leave_One_experiments/all_year_offline_schedule_search/daily_outputs/HLA/HLA_2015_HLA2015_normal_grid_S0019_daily.csv
HLA,HLA,Hailun,2015,Leave_One_experiments\wth_generated_qc\HLA\HLA2015.WTH,dry_year;nitrogen_stress_year;low_response_year,dry,HLA2015_normal_grid_S0019,pareto_balanced,2015-07-07,188,69,64,"{""sim_day"": 69.0, ""doy"": 188.0, ""topwt"": 2502.1856689453125, ""grnwt"": 0.0, ""xlai"": 2.5638434886932373, ""totir"": 0.0, ""tofer"": NaN, ""swfac"": 0.0, ""nstres"": 0.0}",0.0,0.0,2502.1856689453125,0.0,2.5638434886932373,0.0,,0.0,0.0,0.0,225.0,13.646899414062505,13.646899414062505,Leave_One_experiments/all_year_offline_schedule_search/daily_outputs/HLA/HLA_2015_HLA2015_normal_grid_S0019_daily.csv
HLA,HLA,Hailun,2015,Leave_One_experiments\wth_generated_qc\HLA\HLA2015.WTH,dry_year;nitrogen_stress_year;low_response_year,dry,HLA2015_normal_grid_S0019,pareto_balanced,2015-07-08,189,70,65,"{""sim_day"": 70.0, ""doy"": 189.0, ""topwt"": 2735.3472900390625, ""grnwt"": 0.0, ""xlai"": 2.692603826522827, ""totir"": 0.0, ""tofer"": NaN, ""swfac"": 0.0, ""nstres"": 0.0}",0.0,0.0,2735.3472900390625,0.0,2.692603826522827,0.0,,0.0,0.0,0.0,225.0,13.646899414062505,13.646899414062505,Leave_One_experiments/all_year_offline_schedule_search/daily_outputs/HLA/HLA_2015_HLA2015_normal_grid_S0019_daily.csv
HLA,HLA,Hailun,2015,Leave_One_experiments\wth_generated_qc\HLA\HLA2015.WTH,dry_year;nitrogen_stress_year;low_response_year,dry,HLA2015_normal_grid_S0019,pareto_balanced,2015-07-09,190,71,66,"{""sim_day"": 71.0, ""doy"": 190.0, ""topwt"": 3007.8082275390625, ""grnwt"": 0.0, ""xlai"": 2.8320565223693848, ""totir"": 0.0, ""tofer"": NaN, ""swfac"": 0.0, ""nstres"": 0.0}",0.0,0.0,3007.8082275390625,0.0,2.8320565223693848,0.0,,0.0,0.0,0.0,225.0,13.646899414062505,13.646899414062505,Leave_One_experiments/all_year_offline_schedule_search/daily_outputs/HLA/HLA_2015_HLA2015_normal_grid_S0019_daily.csv
HLA,HLA,Hailun,2015,Leave_One_experiments\wth_generated_qc\HLA\HLA2015.WTH,dry_year;nitrogen_stress_year;low_response_year,dry,HLA2015_normal_grid_S0019,pareto_balanced,2015-07-10,191,72,67,"{""sim_day"": 72.0, ""doy"": 191.0, ""topwt"": 3233.21533203125, ""grnwt"": 0.0, ""xlai"": 2.940168619155884, ""totir"": 0.0, ""tofer"": NaN, ""swfac"": 0.0, ""nstres"": 0.0}",0.0,0.0,3233.21533203125,0.0,2.940168619155884,0.0,,0.0,0.0,0.0,225.0,13.646899414062505,13.646899414062505,Leave_One_experiments/all_year_offline_schedule_search/daily_outputs/HLA/HLA_2015_HLA2015_normal_grid_S0019_daily.csv
HLA,HLA,Hailun,2015,Leave_One_experiments\wth_generated_qc\HLA\HLA2015.WTH,dry_year;nitrogen_stress_year;low_response_year,dry,HLA2015_normal_grid_S0019,pareto_balanced,2015-07-11,192,73,68,"{""sim_day"": 73.0, ""doy"": 192.0, ""topwt"": 3482.6492309570312, ""grnwt"": 0.0, ""xlai"": 3.0527548789978027, ""totir"": 0.0, ""tofer"": NaN, ""swfac"": 0.0, ""nstres"": 0.0}",0.0,0.0,3482.6492309570312,0.0,3.0527548789978027,0.0,,0.0,0.0,0.0,225.0,13.646899414062505,13.646899414062505,Leave_One_experiments/all_year_offline_schedule_search/daily_outputs/HLA/HLA_2015_HLA2015_normal_grid_S0019_daily.csv
HLA,HLA,Hailun,2015,Leave_One_experiments\wth_generated_qc\HLA\HLA2015.WTH,dry_year;nitrogen_stress_year;low_response_year,dry,HLA2015_normal_grid_S0019,pareto_balanced,2015-07-12,193,74,69,"{""sim_day"": 74.0, ""doy"": 193.0, ""topwt"": 3731.2271118164062, ""grnwt"": 0.0, ""xlai"": 3.158699989318848, ""totir"": 0.0, ""tofer"": NaN, ""swfac"": 0.0, ""nstres"": 0.0}",0.0,0.0,3731.2271118164062,0.0,3.158699989318848,0.0,,0.0,0.0,0.0,225.0,13.646899414062505,13.646899414062505,Leave_One_experiments/all_year_offline_schedule_search/daily_outputs/HLA/HLA_2015_HLA2015_normal_grid_S0019_daily.csv
HLA,HLA,Hailun,2015,Leave_One_experiments\wth_generated_qc\HLA\HLA2015.WTH,dry_year;nitrogen_stress_year;low_response_year,dry,HLA2015_normal_grid_S0019,pareto_balanced,2015-07-13,194,75,70,"{""sim_day"": 75.0, ""doy"": 194.0, ""topwt"": 3977.92236328125, ""grnwt"": 0.0, ""xlai"": 3.2583651542663574, ""totir"": 0.0, ""tofer"": NaN, ""swfac"": 0.0, ""nstres"": 0.0}",0.0,0.0,3977.92236328125,0.0,3.2583651542663574,0.0,,0.0,0.0,0.0,225.0,13.646899414062505,13.646899414062505,Leave_One_experiments/all_year_offline_schedule_search/daily_outputs/HLA/HLA_2015_HLA2015_normal_grid_S0019_daily.csv
HLA,HLA,Hailun,2015,Leave_One_experiments\wth_generated_qc\HLA\HLA2015.WTH,dry_year;nitrogen_stress_year;low_response_year,dry,HLA2015_normal_grid_S0019,pareto_balanced,2015-07-14,195,76,71,"{""sim_day"": 76.0, ""doy"": 195.0, ""topwt"": 4231.888427734375, ""grnwt"": 0.0, ""xlai"": 3.355811595916748, ""totir"": 0.0, ""tofer"": NaN, ""swfac"": 0.0, ""nstres"": 0.0}",0.0,0.0,4231.888427734375,0.0,3.355811595916748,0.0,,0.0,0.0,0.0,225.0,13.646899414062505,13.646899414062505,Leave_One_experiments/all_year_offline_schedule_search/daily_outputs/HLA/HLA_2015_HLA2015_normal_grid_S0019_daily.csv
HLA,HLA,Hailun,2015,Leave_One_experiments\wth_generated_qc\HLA\HLA2015.WTH,dry_year;nitrogen_stress_year;low_response_year,dry,HLA2015_normal_grid_S0019,pareto_balanced,2015-07-15,196,77,72,"{""sim_day"": 77.0, ""doy"": 196.0, ""topwt"": 4597.213439941406, ""grnwt"": 0.0, ""xlai"": 3.563182830810547, ""totir"": 0.0, ""tofer"": NaN, ""swfac"": 0.0, ""nstres"": 0.0}",0.0,0.0,4597.213439941406,0.0,3.563182830810547,0.0,,0.0,0.0,0.0,225.0,13.646899414062505,13.646899414062505,Leave_One_experiments/all_year_offline_schedule_search/daily_outputs/HLA/HLA_2015_HLA2015_normal_grid_S0019_daily.csv
HLA,HLA,Hailun,2015,Leave_One_experiments\wth_generated_qc\HLA\HLA2015.WTH,dry_year;nitrogen_stress_year;low_response_year,dry,HLA2015_normal_grid_S0019,pareto_balanced,2015-07-16,197,78,73,"{""sim_day"": 78.0, ""doy"": 197.0, ""topwt"": 4879.7210693359375, ""grnwt"": 0.0, ""xlai"": 3.691861152648926, ""totir"": 0.0, ""tofer"": NaN, ""swfac"": 0.0, ""nstres"": 0.0}",0.0,0.0,4879.7210693359375,0.0,3.691861152648926,0.0,,0.0,0.0,0.0,225.0,13.646899414062505,13.646899414062505,Leave_One_experiments/all_year_offline_schedule_search/daily_outputs/HLA/HLA_2015_HLA2015_normal_grid_S0019_daily.csv
HLA,HLA,Hailun,2015,Leave_One_experiments\wth_generated_qc\HLA\HLA2015.WTH,dry_year;nitrogen_stress_year;low_response_year,dry,HLA2015_normal_grid_S0019,pareto_balanced,2015-07-17,198,79,74,"{""sim_day"": 79.0, ""doy"": 198.0, ""topwt"": 5163.682861328125, ""grnwt"": 0.0, ""xlai"": 3.8036179542541504, ""totir"": 0.0, ""tofer"": NaN, ""swfac"": 0.0, ""nstres"": 0.0}",0.0,0.0,5163.682861328125,0.0,3.8036179542541504,0.0,,0.0,0.0,0.0,225.0,13.646899414062505,13.646899414062505,Leave_One_experiments/all_year_offline_schedule_search/daily_outputs/HLA/HLA_2015_HLA2015_normal_grid_S0019_daily.csv
HLA,HLA,Hailun,2015,Leave_One_experiments\wth_generated_qc\HLA\HLA2015.WTH,dry_year;nitrogen_stress_year;low_response_year,dry,HLA2015_normal_grid_S0019,pareto_balanced,2015-07-18,199,80,75,"{""sim_day"": 80.0, ""doy"": 199.0, ""topwt"": 5440.9375, ""grnwt"": 0.0, ""xlai"": 3.9014878273010254, ""totir"": 0.0, ""tofer"": NaN, ""swfac"": 0.0, ""nstres"": 0.0}",0.0,0.0,5440.9375,0.0,3.9014878273010254,0.0,,0.0,0.0,0.0,225.0,13.646899414062505,13.646899414062505,Leave_One_experiments/all_year_offline_schedule_search/daily_outputs/HLA/HLA_2015_HLA2015_normal_grid_S0019_daily.csv
HLA,HLA,Hailun,2015,Leave_One_experiments\wth_generated_qc\HLA\HLA2015.WTH,dry_year;nitrogen_stress_year;low_response_year,dry,HLA2015_normal_grid_S0019,pareto_balanced,2015-07-19,200,81,76,"{""sim_day"": 81.0, ""doy"": 200.0, ""topwt"": 5741.828002929688, ""grnwt"": 0.0, ""xlai"": 3.9980435371398926, ""totir"": 0.0, ""tofer"": NaN, ""swfac"": 0.0, ""nstres"": 0.0}",0.0,0.0,5741.828002929688,0.0,3.9980435371398926,0.0,,0.0,0.0,0.0,225.0,13.646899414062505,13.646899414062505,Leave_One_experiments/all_year_offline_schedule_search/daily_outputs/HLA/HLA_2015_HLA2015_normal_grid_S0019_daily.csv
HLA,HLA,Hailun,2015,Leave_One_experiments\wth_generated_qc\HLA\HLA2015.WTH,dry_year;nitrogen_stress_year;low_response_year,dry,HLA2015_normal_grid_S0019,pareto_balanced,2015-07-20,201,82,77,"{""sim_day"": 82.0, ""doy"": 201.0, ""topwt"": 5995.782470703125, ""grnwt"": 0.0, ""xlai"": 4.074125289916992, ""totir"": 0.0, ""tofer"": NaN, ""swfac"": 0.0, ""nstres"": 0.0}",0.0,0.0,5995.782470703125,0.0,4.074125289916992,0.0,,0.0,0.0,0.0,225.0,13.646899414062505,13.646899414062505,Leave_One_experiments/all_year_offline_schedule_search/daily_outputs/HLA/HLA_2015_HLA2015_normal_grid_S0019_daily.csv
HLA,HLA,Hailun,2015,Leave_One_experiments\wth_generated_qc\HLA\HLA2015.WTH,dry_year;nitrogen_stress_year;low_response_year,dry,HLA2015_normal_grid_S0019,pareto_balanced,2015-07-21,202,83,78,"{""sim_day"": 83.0, ""doy"": 202.0, ""topwt"": 6264.7894287109375, ""grnwt"": 0.0, ""xlai"": 4.147340297698975, ""totir"": 0.0, ""tofer"": NaN, ""swfac"": 0.0, ""nstres"": 0.0}",0.0,0.0,6264.7894287109375,0.0,4.147340297698975,0.0,,0.0,0.0,0.0,225.0,13.646899414062505,13.646899414062505,Leave_One_experiments/all_year_offline_schedule_search/daily_outputs/HLA/HLA_2015_HLA2015_normal_grid_S0019_daily.csv
HLA,HLA,Hailun,2015,Leave_One_experiments\wth_generated_qc\HLA\HLA2015.WTH,dry_year;nitrogen_stress_year;low_response_year,dry,HLA2015_normal_grid_S0019,pareto_balanced,2015-07-22,203,84,79,"{""sim_day"": 84.0, ""doy"": 203.0, ""topwt"": 6530.36865234375, ""grnwt"": 0.0, ""xlai"": 4.2130513191223145, ""totir"": 0.0, ""tofer"": NaN, ""swfac"": 0.0, ""nstres"": 0.0}",0.0,0.0,6530.36865234375,0.0,4.2130513191223145,0.0,,0.0,0.0,0.0,225.0,13.646899414062505,13.646899414062505,Leave_One_experiments/all_year_offline_schedule_search/daily_outputs/HLA/HLA_2015_HLA2015_normal_grid_S0019_daily.csv
HLA,HLA,Hailun,2015,Leave_One_experiments\wth_generated_qc\HLA\HLA2015.WTH,dry_year;nitrogen_stress_year;low_response_year,dry,HLA2015_normal_grid_S0019,pareto_balanced,2015-07-23,204,85,80,"{""sim_day"": 85.0, ""doy"": 204.0, ""topwt"": 6705.645751953125, ""grnwt"": 0.0, ""xlai"": 4.250114917755127, ""totir"": 0.0, ""tofer"": NaN, ""swfac"": 0.0, ""nstres"": 0.0}",0.0,0.0,6705.645751953125,0.0,4.250114917755127,0.0,,0.0,0.0,0.0,225.0,13.646899414062505,13.646899414062505,Leave_One_experiments/all_year_offline_schedule_search/daily_outputs/HLA/HLA_2015_HLA2015_normal_grid_S0019_daily.csv
HLA,HLA,Hailun,2015,Leave_One_experiments\wth_generated_qc\HLA\HLA2015.WTH,dry_year;nitrogen_stress_year;low_response_year,dry,HLA2015_normal_grid_S0019,pareto_balanced,2015-07-24,205,86,81,"{""sim_day"": 86.0, ""doy"": 205.0, ""topwt"": 6956.871337890625, ""grnwt"": 0.0, ""xlai"": 4.302507400512695, ""totir"": 0.0, ""tofer"": NaN, ""swfac"": 0.0, ""nstres"": 0.0}",0.0,0.0,6956.871337890625,0.0,4.302507400512695,0.0,,0.0,0.0,0.0,225.0,13.646899414062505,13.646899414062505,Leave_One_experiments/all_year_offline_schedule_search/daily_outputs/HLA/HLA_2015_HLA2015_normal_grid_S0019_daily.csv
HLA,HLA,Hailun,2015,Leave_One_experiments\wth_generated_qc\HLA\HLA2015.WTH,dry_year;nitrogen_stress_year;low_response_year,dry,HLA2015_normal_grid_S0019,pareto_balanced,2015-07-25,206,87,82,"{""sim_day"": 87.0, ""doy"": 206.0, ""topwt"": 7132.6953125, ""grnwt"": 0.0, ""xlai"": 4.334534168243408, ""totir"": 0.0, ""tofer"": NaN, ""swfac"": 0.0, ""nstres"": 0.0}",0.0,0.0,7132.6953125,0.0,4.334534168243408,0.0,,0.0,0.0,0.0,225.0,13.646899414062505,13.646899414062505,Leave_One_experiments/all_year_offline_schedule_search/daily_outputs/HLA/HLA_2015_HLA2015_normal_grid_S0019_daily.csv
HLA,HLA,Hailun,2015,Leave_One_experiments\wth_generated_qc\HLA\HLA2015.WTH,dry_year;nitrogen_stress_year;low_response_year,dry,HLA2015_normal_grid_S0019,pareto_balanced,2015-07-26,207,88,83,"{""sim_day"": 88.0, ""doy"": 207.0, ""topwt"": 7333.04443359375, ""grnwt"": 0.0, ""xlai"": 4.371302127838135, ""totir"": 0.0, ""tofer"": NaN, ""swfac"": 0.0, ""nstres"": 0.0}",0.0,0.0,7333.04443359375,0.0,4.371302127838135,0.0,,0.0,0.0,0.0,225.0,13.646899414062505,13.646899414062505,Leave_One_experiments/all_year_offline_schedule_search/daily_outputs/HLA/HLA_2015_HLA2015_normal_grid_S0019_daily.csv
HLA,HLA,Hailun,2015,Leave_One_experiments\wth_generated_qc\HLA\HLA2015.WTH,dry_year;nitrogen_stress_year;low_response_year,dry,HLA2015_normal_grid_S0019,pareto_balanced,2015-07-27,208,89,84,"{""sim_day"": 89.0, ""doy"": 208.0, ""topwt"": 7521.51123046875, ""grnwt"": 0.0, ""xlai"": 4.40374231338501, ""totir"": 0.0, ""tofer"": NaN, ""swfac"": 0.0, ""nstres"": 0.0}",0.0,0.0,7521.51123046875,0.0,4.40374231338501,0.0,,0.0,0.0,0.0,225.0,13.646899414062505,13.646899414062505,Leave_One_experiments/all_year_offline_schedule_search/daily_outputs/HLA/HLA_2015_HLA2015_normal_grid_S0019_daily.csv
HLA,HLA,Hailun,2015,Leave_One_experiments\wth_generated_qc\HLA\HLA2015.WTH,dry_year;nitrogen_stress_year;low_response_year,dry,HLA2015_normal_grid_S0019,pareto_balanced,2015-07-28,209,90,85,"{""sim_day"": 90.0, ""doy"": 209.0, ""topwt"": 7722.939453125, ""grnwt"": 0.0, ""xlai"": 4.438046932220459, ""totir"": 0.0, ""tofer"": NaN, ""swfac"": 0.0, ""nstres"": 0.0}",0.0,0.0,7722.939453125,0.0,4.438046932220459,0.0,,0.0,0.0,0.0,225.0,13.646899414062505,13.646899414062505,Leave_One_experiments/all_year_offline_schedule_search/daily_outputs/HLA/HLA_2015_HLA2015_normal_grid_S0019_daily.csv
HLA,HLA,Hailun,2015,Leave_One_experiments\wth_generated_qc\HLA\HLA2015.WTH,dry_year;nitrogen_stress_year;low_response_year,dry,HLA2015_normal_grid_S0019,pareto_balanced,2015-07-29,210,91,86,"{""sim_day"": 91.0, ""doy"": 210.0, ""topwt"": 7915.6787109375, ""grnwt"": 0.0, ""xlai"": 4.468859672546387, ""totir"": 0.0, ""tofer"": NaN, ""swfac"": 0.0, ""nstres"": 0.0}",0.0,0.0,7915.6787109375,0.0,4.468859672546387,0.0,,0.0,0.0,0.0,225.0,13.646899414062505,13.646899414062505,Leave_One_experiments/all_year_offline_schedule_search/daily_outputs/HLA/HLA_2015_HLA2015_normal_grid_S0019_daily.csv
HLA,HLA,Hailun,2015,Leave_One_experiments\wth_generated_qc\HLA\HLA2015.WTH,dry_year;nitrogen_stress_year;low_response_year,dry,HLA2015_normal_grid_S0019,pareto_balanced,2015-07-30,211,92,87,"{""sim_day"": 92.0, ""doy"": 211.0, ""topwt"": 8118.9910888671875, ""grnwt"": 0.0, ""xlai"": 4.500980854034424, ""totir"": 0.0, ""tofer"": NaN, ""swfac"": 0.0, ""nstres"": 0.0}",0.0,0.0,8118.9910888671875,0.0,4.500980854034424,0.0,,0.0,0.0,0.0,225.0,13.646899414062505,13.646899414062505,Leave_One_experiments/all_year_offline_schedule_search/daily_outputs/HLA/HLA_2015_HLA2015_normal_grid_S0019_daily.csv
HLA,HLA,Hailun,2015,Leave_One_experiments\wth_generated_qc\HLA\HLA2015.WTH,dry_year;nitrogen_stress_year;low_response_year,dry,HLA2015_normal_grid_S0019,pareto_balanced,2015-07-31,212,93,88,"{""sim_day"": 93.0, ""doy"": 212.0, ""topwt"": 8362.647705078125, ""grnwt"": 0.0, ""xlai"": 4.541543483734131, ""totir"": 0.0, ""tofer"": NaN, ""swfac"": 0.0, ""nstres"": 0.0}",0.0,0.0,8362.647705078125,0.0,4.541543483734131,0.0,,0.0,0.0,0.0,225.0,13.646899414062505,13.646899414062505,Leave_One_experiments/all_year_offline_schedule_search/daily_outputs/HLA/HLA_2015_HLA2015_normal_grid_S0019_daily.csv
HLA,HLA,Hailun,2015,Leave_One_experiments\wth_generated_qc\HLA\HLA2015.WTH,dry_year;nitrogen_stress_year;low_response_year,dry,HLA2015_normal_grid_S0019,pareto_balanced,2015-08-01,213,94,89,"{""sim_day"": 94.0, ""doy"": 213.0, ""topwt"": 8618.427124023438, ""grnwt"": 0.0, ""xlai"": 4.442931652069092, ""totir"": 0.0, ""tofer"": NaN, ""swfac"": 0.0, ""nstres"": 0.0}",0.0,0.0,8618.427124023438,0.0,4.442931652069092,0.0,,0.0,0.0,0.0,225.0,13.646899414062505,13.646899414062505,Leave_One_experiments/all_year_offline_schedule_search/daily_outputs/HLA/HLA_2015_HLA2015_normal_grid_S0019_daily.csv
HLA,HLA,Hailun,2015,Leave_One_experiments\wth_generated_qc\HLA\HLA2015.WTH,dry_year;nitrogen_stress_year;low_response_year,dry,HLA2015_normal_grid_S0019,pareto_balanced,2015-08-02,214,95,90,"{""sim_day"": 95.0, ""doy"": 214.0, ""topwt"": 9061.00341796875, ""grnwt"": 0.0, ""xlai"": 4.4244537353515625, ""totir"": 0.0, ""tofer"": NaN, ""swfac"": 0.0, ""nstres"": 0.0}",0.0,0.0,9061.00341796875,0.0,4.4244537353515625,0.0,,0.0,0.0,0.0,225.0,13.646899414062505,13.646899414062505,Leave_One_experiments/all_year_offline_schedule_search/daily_outputs/HLA/HLA_2015_HLA2015_normal_grid_S0019_daily.csv
HLA,HLA,Hailun,2015,Leave_One_experiments\wth_generated_qc\HLA\HLA2015.WTH,dry_year;nitrogen_stress_year;low_response_year,dry,HLA2015_normal_grid_S0019,pareto_balanced,2015-08-03,215,96,91,"{""sim_day"": 96.0, ""doy"": 215.0, ""topwt"": 9430.504150390623, ""grnwt"": 0.0, ""xlai"": 4.406738758087158, ""totir"": 0.0, ""tofer"": NaN, ""swfac"": 0.0, ""nstres"": 0.0}",0.0,0.0,9430.504150390623,0.0,4.406738758087158,0.0,,0.0,0.0,0.0,225.0,13.646899414062505,13.646899414062505,Leave_One_experiments/all_year_offline_schedule_search/daily_outputs/HLA/HLA_2015_HLA2015_normal_grid_S0019_daily.csv
HLA,HLA,Hailun,2015,Leave_One_experiments\wth_generated_qc\HLA\HLA2015.WTH,dry_year;nitrogen_stress_year;low_response_year,dry,HLA2015_normal_grid_S0019,pareto_balanced,2015-08-04,216,97,92,"{""sim_day"": 97.0, ""doy"": 216.0, ""topwt"": 9851.506958007812, ""grnwt"": 0.0, ""xlai"": 4.388906955718994, ""totir"": 0.0, ""tofer"": NaN, ""swfac"": 0.0, ""nstres"": 0.0}",0.0,0.0,9851.506958007812,0.0,4.388906955718994,0.0,,0.0,0.0,0.0,225.0,13.646899414062505,13.646899414062505,Leave_One_experiments/all_year_offline_schedule_search/daily_outputs/HLA/HLA_2015_HLA2015_normal_grid_S0019_daily.csv
HLA,HLA,Hailun,2015,Leave_One_experiments\wth_generated_qc\HLA\HLA2015.WTH,dry_year;nitrogen_stress_year;low_response_year,dry,HLA2015_normal_grid_S0019,pareto_balanced,2015-08-05,217,98,93,"{""sim_day"": 98.0, ""doy"": 217.0, ""topwt"": 10084.473266601562, ""grnwt"": 0.0, ""xlai"": 4.370957374572754, ""totir"": 0.0, ""tofer"": NaN, ""swfac"": 0.0, ""nstres"": 0.0}",0.0,0.0,10084.473266601562,0.0,4.370957374572754,0.0,,0.0,0.0,0.0,225.0,13.646899414062505,13.646899414062505,Leave_One_experiments/all_year_offline_schedule_search/daily_outputs/HLA/HLA_2015_HLA2015_normal_grid_S0019_daily.csv
HLA,HLA,Hailun,2015,Leave_One_experiments\wth_generated_qc\HLA\HLA2015.WTH,dry_year;nitrogen_stress_year;low_response_year,dry,HLA2015_normal_grid_S0019,pareto_balanced,2015-08-06,218,99,94,"{""sim_day"": 99.0, ""doy"": 218.0, ""topwt"": 10221.9970703125, ""grnwt"": 0.0, ""xlai"": 4.353301048278809, ""totir"": 0.0, ""tofer"": NaN, ""swfac"": 0.0, ""nstres"": 0.0}",0.0,0.0,10221.9970703125,0.0,4.353301048278809,0.0,,0.0,0.0,0.0,225.0,13.646899414062505,13.646899414062505,Leave_One_experiments/all_year_offline_schedule_search/daily_outputs/HLA/HLA_2015_HLA2015_normal_grid_S0019_daily.csv
HLA,HLA,Hailun,2015,Leave_One_experiments\wth_generated_qc\HLA\HLA2015.WTH,dry_year;nitrogen_stress_year;low_response_year,dry,HLA2015_normal_grid_S0019,pareto_balanced,2015-08-07,219,100,95,"{""sim_day"": 100.0, ""doy"": 219.0, ""topwt"": 10326.361083984377, ""grnwt"": 0.0, ""xlai"": 4.335821151733398, ""totir"": 0.0, ""tofer"": NaN, ""swfac"": 0.0, ""nstres"": 0.0}",0.0,0.0,10326.361083984377,0.0,4.335821151733398,0.0,,0.0,0.0,0.0,225.0,13.646899414062505,13.646899414062505,Leave_One_experiments/all_year_offline_schedule_search/daily_outputs/HLA/HLA_2015_HLA2015_normal_grid_S0019_daily.csv
HLA,HLA,Hailun,2015,Leave_One_experiments\wth_generated_qc\HLA\HLA2015.WTH,dry_year;nitrogen_stress_year;low_response_year,dry,HLA2015_normal_grid_S0019,pareto_balanced,2015-08-08,220,101,96,"{""sim_day"": 101.0, ""doy"": 220.0, ""topwt"": 10518.372802734377, ""grnwt"": 0.0, ""xlai"": 4.320218086242676, ""totir"": 0.0, ""tofer"": NaN, ""swfac"": 0.0, ""nstres"": 0.0}",0.0,0.0,10518.372802734377,0.0,4.320218086242676,0.0,,0.0,0.0,0.0,225.0,13.646899414062505,13.646899414062505,Leave_One_experiments/all_year_offline_schedule_search/daily_outputs/HLA/HLA_2015_HLA2015_normal_grid_S0019_daily.csv
HLA,HLA,Hailun,2015,Leave_One_experiments\wth_generated_qc\HLA\HLA2015.WTH,dry_year;nitrogen_stress_year;low_response_year,dry,HLA2015_normal_grid_S0019,pareto_balanced,2015-08-09,221,102,97,"{""sim_day"": 102.0, ""doy"": 221.0, ""topwt"": 10807.3779296875, ""grnwt"": 0.0, ""xlai"": 4.30479097366333, ""totir"": 0.0, ""tofer"": NaN, ""swfac"": 0.0, ""nstres"": 0.0}",0.0,0.0,10807.3779296875,0.0,4.30479097366333,0.0,,0.0,0.0,0.0,225.0,13.646899414062505,13.646899414062505,Leave_One_experiments/all_year_offline_schedule_search/daily_outputs/HLA/HLA_2015_HLA2015_normal_grid_S0019_daily.csv
HLA,HLA,Hailun,2015,Leave_One_experiments\wth_generated_qc\HLA\HLA2015.WTH,dry_year;nitrogen_stress_year;low_response_year,dry,HLA2015_normal_grid_S0019,pareto_balanced,2015-08-10,222,103,98,"{""sim_day"": 103.0, ""doy"": 222.0, ""topwt"": 11161.065673828123, ""grnwt"": 0.0, ""xlai"": 4.28789758682251, ""totir"": 0.0, ""tofer"": NaN, ""swfac"": 0.0, ""nstres"": 0.0}",0.0,0.0,11161.065673828123,0.0,4.28789758682251,0.0,,0.0,0.0,0.0,225.0,13.646899414062505,13.646899414062505,Leave_One_experiments/all_year_offline_schedule_search/daily_outputs/HLA/HLA_2015_HLA2015_normal_grid_S0019_daily.csv
HLA,HLA,Hailun,2015,Leave_One_experiments\wth_generated_qc\HLA\HLA2015.WTH,dry_year;nitrogen_stress_year;low_response_year,dry,HLA2015_normal_grid_S0019,pareto_balanced,2015-08-11,223,104,99,"{""sim_day"": 104.0, ""doy"": 223.0, ""topwt"": 11558.59619140625, ""grnwt"": 0.0, ""xlai"": 4.27059268951416, ""totir"": 0.0, ""tofer"": NaN, ""swfac"": 0.0, ""nstres"": 0.0}",0.0,0.0,11558.59619140625,0.0,4.27059268951416,0.0,,0.0,0.0,0.0,225.0,13.646899414062505,13.646899414062505,Leave_One_experiments/all_year_offline_schedule_search/daily_outputs/HLA/HLA_2015_HLA2015_normal_grid_S0019_daily.csv
HLA,HLA,Hailun,2015,Leave_One_experiments\wth_generated_qc\HLA\HLA2015.WTH,dry_year;nitrogen_stress_year;low_response_year,dry,HLA2015_normal_grid_S0019,pareto_balanced,2015-08-12,224,105,100,"{""sim_day"": 105.0, ""doy"": 224.0, ""topwt"": 11723.28125, ""grnwt"": 164.68475341796875, ""xlai"": 4.168745040893555, ""totir"": 0.0, ""tofer"": NaN, ""swfac"": 0.0, ""nstres"": 0.0}",0.0,0.0,11723.28125,164.68475341796875,4.168745040893555,0.0,,0.0,0.0,0.0,225.0,13.646899414062505,13.646899414062505,Leave_One_experiments/all_year_offline_schedule_search/daily_outputs/HLA/HLA_2015_HLA2015_normal_grid_S0019_daily.csv
HLA,HLA,Hailun,2015,Leave_One_experiments\wth_generated_qc\HLA\HLA2015.WTH,dry_year;nitrogen_stress_year;low_response_year,dry,HLA2015_normal_grid_S0019,pareto_balanced,2015-08-13,225,106,101,"{""sim_day"": 106.0, ""doy"": 225.0, ""topwt"": 11887.96630859375, ""grnwt"": 329.3695068359375, ""xlai"": 4.151641845703125, ""totir"": 0.0, ""tofer"": NaN, ""swfac"": 0.0, ""nstres"": 0.0}",0.0,0.0,11887.96630859375,329.3695068359375,4.151641845703125,0.0,,0.0,0.0,0.0,225.0,13.646899414062505,13.646899414062505,Leave_One_experiments/all_year_offline_schedule_search/daily_outputs/HLA/HLA_2015_HLA2015_normal_grid_S0019_daily.csv
HLA,HLA,Hailun,2015,Leave_One_experiments\wth_generated_qc\HLA\HLA2015.WTH,dry_year;nitrogen_stress_year;low_response_year,dry,HLA2015_normal_grid_S0019,pareto_balanced,2015-08-14,226,107,102,"{""sim_day"": 107.0, ""doy"": 226.0, ""topwt"": 12052.650146484377, ""grnwt"": 494.0542221069336, ""xlai"": 4.1324238777160645, ""totir"": 0.0, ""tofer"": NaN, ""swfac"": 0.0, ""nstres"": 0.0}",0.0,0.0,12052.650146484377,494.0542221069336,4.1324238777160645,0.0,,0.0,0.0,0.0,225.0,13.646899414062505,13.646899414062505,Leave_One_experiments/all_year_offline_schedule_search/daily_outputs/HLA/HLA_2015_HLA2015_normal_grid_S0019_daily.csv
HLA,HLA,Hailun,2015,Leave_One_experiments\wth_generated_qc\HLA\HLA2015.WTH,dry_year;nitrogen_stress_year;low_response_year,dry,HLA2015_normal_grid_S0019,pareto_balanced,2015-08-15,227,108,103,"{""sim_day"": 108.0, ""doy"": 227.0, ""topwt"": 12217.335205078123, ""grnwt"": 658.739013671875, ""xlai"": 4.112097263336182, ""totir"": 0.0, ""tofer"": NaN, ""swfac"": 0.0, ""nstres"": 0.0}",0.0,0.0,12217.335205078123,658.739013671875,4.112097263336182,0.0,,0.0,0.0,0.0,225.0,13.646899414062505,13.646899414062505,Leave_One_experiments/all_year_offline_schedule_search/daily_outputs/HLA/HLA_2015_HLA2015_normal_grid_S0019_daily.csv
HLA,HLA,Hailun,2015,Leave_One_experiments\wth_generated_qc\HLA\HLA2015.WTH,dry_year;nitrogen_stress_year;low_response_year,dry,HLA2015_normal_grid_S0019,pareto_balanced,2015-08-16,228,109,104,"{""sim_day"": 109.0, ""doy"": 228.0, ""topwt"": 12382.020263671877, ""grnwt"": 823.4237670898438, ""xlai"": 4.091665267944336, ""totir"": 0.0, ""tofer"": NaN, ""swfac"": 0.0, ""nstres"": 0.0}",0.0,0.0,12382.020263671877,823.4237670898438,4.091665267944336,0.0,,0.0,0.0,0.0,225.0,13.646899414062505,13.646899414062505,Leave_One_experiments/all_year_offline_schedule_search/daily_outputs/HLA/HLA_2015_HLA2015_normal_grid_S0019_daily.csv
HLA,HLA,Hailun,2015,Leave_One_experiments\wth_generated_qc\HLA\HLA2015.WTH,dry_year;nitrogen_stress_year;low_response_year,dry,HLA2015_normal_grid_S0019,pareto_balanced,2015-08-17,229,110,105,"{""sim_day"": 110.0, ""doy"": 229.0, ""topwt"": 12546.705322265623, ""grnwt"": 988.1085205078124, ""xlai"": 4.067180156707764, ""totir"": 0.0, ""tofer"": NaN, ""swfac"": 0.0, ""nstres"": 0.0}",0.0,0.0,12546.705322265623,988.1085205078124,4.067180156707764,0.0,,0.0,0.0,0.0,225.0,13.646899414062505,13.646899414062505,Leave_One_experiments/all_year_offline_schedule_search/daily_outputs/HLA/HLA_2015_HLA2015_normal_grid_S0019_daily.csv
HLA,HLA,Hailun,2015,Leave_One_experiments\wth_generated_qc\HLA\HLA2015.WTH,dry_year;nitrogen_stress_year;low_response_year,dry,HLA2015_normal_grid_S0019,pareto_balanced,2015-08-18,230,111,106,"{""sim_day"": 111.0, ""doy"": 230.0, ""topwt"": 12711.38916015625, ""grnwt"": 1152.7932739257812, ""xlai"": 4.040990352630615, ""totir"": 0.0, ""tofer"": NaN, ""swfac"": 0.0, ""nstres"": 0.0}",0.0,0.0,12711.38916015625,1152.7932739257812,4.040990352630615,0.0,,0.0,0.0,0.0,225.0,13.646899414062505,13.646899414062505,Leave_One_experiments/all_year_offline_schedule_search/daily_outputs/HLA/HLA_2015_HLA2015_normal_grid_S0019_daily.csv
HLA,HLA,Hailun,2015,Leave_One_experiments\wth_generated_qc\HLA\HLA2015.WTH,dry_year;nitrogen_stress_year;low_response_year,dry,HLA2015_normal_grid_S0019,pareto_balanced,2015-08-19,231,112,107,"{""sim_day"": 112.0, ""doy"": 231.0, ""topwt"": 12876.07421875, ""grnwt"": 1317.47802734375, ""xlai"": 4.015588760375977, ""totir"": 0.0, ""tofer"": NaN, ""swfac"": 0.0, ""nstres"": 0.0}",0.0,0.0,12876.07421875,1317.47802734375,4.015588760375977,0.0,,0.0,0.0,0.0,225.0,13.646899414062505,13.646899414062505,Leave_One_experiments/all_year_offline_schedule_search/daily_outputs/HLA/HLA_2015_HLA2015_normal_grid_S0019_daily.csv
HLA,HLA,Hailun,2015,Leave_One_experiments\wth_generated_qc\HLA\HLA2015.WTH,dry_year;nitrogen_stress_year;low_response_year,dry,HLA2015_normal_grid_S0019,pareto_balanced,2015-08-20,232,113,108,"{""sim_day"": 113.0, ""doy"": 232.0, ""topwt"": 13040.75927734375, ""grnwt"": 1482.1627807617188, ""xlai"": 3.984437704086304, ""totir"": 0.0, ""tofer"": NaN, ""swfac"": 0.0, ""nstres"": 0.0}",0.0,0.0,13040.75927734375,1482.1627807617188,3.984437704086304,0.0,,0.0,0.0,0.0,225.0,13.646899414062505,13.646899414062505,Leave_One_experiments/all_year_offline_schedule_search/daily_outputs/HLA/HLA_2015_HLA2015_normal_grid_S0019_daily.csv
HLA,HLA,Hailun,2015,Leave_One_experiments\wth_generated_qc\HLA\HLA2015.WTH,dry_year;nitrogen_stress_year;low_response_year,dry,HLA2015_normal_grid_S0019,pareto_balanced,2015-08-21,233,114,109,"{""sim_day"": 114.0, ""doy"": 233.0, ""topwt"": 13205.4443359375, ""grnwt"": 1646.8475341796875, ""xlai"": 3.951141357421875, ""totir"": 0.0, ""tofer"": NaN, ""swfac"": 0.0, ""nstres"": 0.0}",0.0,0.0,13205.4443359375,1646.8475341796875,3.951141357421875,0.0,,0.0,0.0,0.0,225.0,13.646899414062505,13.646899414062505,Leave_One_experiments/all_year_offline_schedule_search/daily_outputs/HLA/HLA_2015_HLA2015_normal_grid_S0019_daily.csv
HLA,HLA,Hailun,2015,Leave_One_experiments\wth_generated_qc\HLA\HLA2015.WTH,dry_year;nitrogen_stress_year;low_response_year,dry,HLA2015_normal_grid_S0019,pareto_balanced,2015-08-22,234,115,110,"{""sim_day"": 115.0, ""doy"": 234.0, ""topwt"": 13370.128173828123, ""grnwt"": 1811.532287597656, ""xlai"": 3.9218244552612314, ""totir"": 0.0, ""tofer"": NaN, ""swfac"": 0.0, ""nstres"": 0.0}",0.0,0.0,13370.128173828123,1811.532287597656,3.9218244552612314,0.0,,0.0,0.0,0.0,225.0,13.646899414062505,13.646899414062505,Leave_One_experiments/all_year_offline_schedule_search/daily_outputs/HLA/HLA_2015_HLA2015_normal_grid_S0019_daily.csv
HLA,HLA,Hailun,2015,Leave_One_experiments\wth_generated_qc\HLA\HLA2015.WTH,dry_year;nitrogen_stress_year;low_response_year,dry,HLA2015_normal_grid_S0019,pareto_balanced,2015-08-23,235,116,111,"{""sim_day"": 116.0, ""doy"": 235.0, ""topwt"": 13534.813232421877, ""grnwt"": 1976.2168884277344, ""xlai"": 3.884019136428833, ""totir"": 0.0, ""tofer"": NaN, ""swfac"": 0.0, ""nstres"": 0.0}",0.0,0.0,13534.813232421877,1976.2168884277344,3.884019136428833,0.0,,0.0,0.0,0.0,225.0,13.646899414062505,13.646899414062505,Leave_One_experiments/all_year_offline_schedule_search/daily_outputs/HLA/HLA_2015_HLA2015_normal_grid_S0019_daily.csv
HLA,HLA,Hailun,2015,Leave_One_experiments\wth_generated_qc\HLA\HLA2015.WTH,dry_year;nitrogen_stress_year;low_response_year,dry,HLA2015_normal_grid_S0019,pareto_balanced,2015-08-24,236,117,112,"{""sim_day"": 117.0, ""doy"": 236.0, ""topwt"": 13699.498291015623, ""grnwt"": 2140.9014892578125, ""xlai"": 3.848624229431152, ""totir"": 0.0, ""tofer"": NaN, ""swfac"": 0.0, ""nstres"": 0.0}",0.0,0.0,13699.498291015623,2140.9014892578125,3.848624229431152,0.0,,0.0,0.0,0.0,225.0,13.646899414062505,13.646899414062505,Leave_One_experiments/all_year_offline_schedule_search/daily_outputs/HLA/HLA_2015_HLA2015_normal_grid_S0019_daily.csv
HLA,HLA,Hailun,2015,Leave_One_experiments\wth_generated_qc\HLA\HLA2015.WTH,dry_year;nitrogen_stress_year;low_response_year,dry,HLA2015_normal_grid_S0019,pareto_balanced,2015-08-25,237,118,113,"{""sim_day"": 118.0, ""doy"": 237.0, ""topwt"": 13864.18212890625, ""grnwt"": 2305.586242675781, ""xlai"": 3.808135747909546, ""totir"": 0.0, ""tofer"": NaN, ""swfac"": 0.0, ""nstres"": 0.0}",0.0,0.0,13864.18212890625,2305.586242675781,3.808135747909546,0.0,,0.0,0.0,0.0,225.0,13.646899414062505,13.646899414062505,Leave_One_experiments/all_year_offline_schedule_search/daily_outputs/HLA/HLA_2015_HLA2015_normal_grid_S0019_daily.csv
HLA,HLA,Hailun,2015,Leave_One_experiments\wth_generated_qc\HLA\HLA2015.WTH,dry_year;nitrogen_stress_year;low_response_year,dry,HLA2015_normal_grid_S0019,pareto_balanced,2015-08-26,238,119,114,"{""sim_day"": 119.0, ""doy"": 238.0, ""topwt"": 14026.31591796875, ""grnwt"": 2470.27099609375, ""xlai"": 3.7593870162963863, ""totir"": 0.0, ""tofer"": NaN, ""swfac"": 0.0, ""nstres"": 0.0}",0.0,0.0,14026.31591796875,2470.27099609375,3.7593870162963863,0.0,,0.0,0.0,0.0,225.0,13.646899414062505,13.646899414062505,Leave_One_experiments/all_year_offline_schedule_search/daily_outputs/HLA/HLA_2015_HLA2015_normal_grid_S0019_daily.csv
HLA,HLA,Hailun,2015,Leave_One_experiments\wth_generated_qc\HLA\HLA2015.WTH,dry_year;nitrogen_stress_year;low_response_year,dry,HLA2015_normal_grid_S0019,pareto_balanced,2015-08-27,239,120,115,"{""sim_day"": 120.0, ""doy"": 239.0, ""topwt"": 14193.55224609375, ""grnwt"": 2634.955444335937, ""xlai"": 3.716757297515869, ""totir"": 0.0, ""tofer"": NaN, ""swfac"": 0.0, ""nstres"": 0.0}",0.0,0.0,14193.55224609375,2634.955444335937,3.716757297515869,0.0,,0.0,0.0,0.0,225.0,13.646899414062505,13.646899414062505,Leave_One_experiments/all_year_offline_schedule_search/daily_outputs/HLA/HLA_2015_HLA2015_normal_grid_S0019_daily.csv
HLA,HLA,Hailun,2015,Leave_One_experiments\wth_generated_qc\HLA\HLA2015.WTH,dry_year;nitrogen_stress_year;low_response_year,dry,HLA2015_normal_grid_S0019,pareto_balanced,2015-08-28,240,121,116,"{""sim_day"": 121.0, ""doy"": 240.0, ""topwt"": 14358.2373046875, ""grnwt"": 2799.6401977539062, ""xlai"": 3.6685194969177246, ""totir"": 0.0, ""tofer"": NaN, ""swfac"": 0.0, ""nstres"": 0.0}",0.0,0.0,14358.2373046875,2799.6401977539062,3.6685194969177246,0.0,,0.0,0.0,0.0,225.0,13.646899414062505,13.646899414062505,Leave_One_experiments/all_year_offline_schedule_search/daily_outputs/HLA/HLA_2015_HLA2015_normal_grid_S0019_daily.csv
HLA,HLA,Hailun,2015,Leave_One_experiments\wth_generated_qc\HLA\HLA2015.WTH,dry_year;nitrogen_stress_year;low_response_year,dry,HLA2015_normal_grid_S0019,pareto_balanced,2015-08-29,241,122,117,"{""sim_day"": 122.0, ""doy"": 241.0, ""topwt"": 14522.92236328125, ""grnwt"": 2964.324951171875, ""xlai"": 3.614042043685913, ""totir"": 0.0, ""tofer"": NaN, ""swfac"": 0.0, ""nstres"": 0.0}",0.0,0.0,14522.92236328125,2964.324951171875,3.614042043685913,0.0,,0.0,0.0,0.0,225.0,13.646899414062505,13.646899414062505,Leave_One_experiments/all_year_offline_schedule_search/daily_outputs/HLA/HLA_2015_HLA2015_normal_grid_S0019_daily.csv
HLA,HLA,Hailun,2015,Leave_One_experiments\wth_generated_qc\HLA\HLA2015.WTH,dry_year;nitrogen_stress_year;low_response_year,dry,HLA2015_normal_grid_S0019,pareto_balanced,2015-08-30,242,123,118,"{""sim_day"": 123.0, ""doy"": 242.0, ""topwt"": 14687.607421875, ""grnwt"": 3129.009704589844, ""xlai"": 3.552621841430664, ""totir"": 0.0, ""tofer"": NaN, ""swfac"": 0.0, ""nstres"": 0.0}",0.0,0.0,14687.607421875,3129.009704589844,3.552621841430664,0.0,,0.0,0.0,0.0,225.0,13.646899414062505,13.646899414062505,Leave_One_experiments/all_year_offline_schedule_search/daily_outputs/HLA/HLA_2015_HLA2015_normal_grid_S0019_daily.csv
HLA,HLA,Hailun,2015,Leave_One_experiments\wth_generated_qc\HLA\HLA2015.WTH,dry_year;nitrogen_stress_year;low_response_year,dry,HLA2015_normal_grid_S0019,pareto_balanced,2015-08-31,243,124,119,"{""sim_day"": 124.0, ""doy"": 243.0, ""topwt"": 14852.29248046875, ""grnwt"": 3293.6944580078125, ""xlai"": 3.4927706718444824, ""totir"": 0.0, ""tofer"": NaN, ""swfac"": 0.0, ""nstres"": 0.0}",0.0,0.0,14852.29248046875,3293.6944580078125,3.4927706718444824,0.0,,0.0,0.0,0.0,225.0,13.646899414062505,13.646899414062505,Leave_One_experiments/all_year_offline_schedule_search/daily_outputs/HLA/HLA_2015_HLA2015_normal_grid_S0019_daily.csv
HLA,HLA,Hailun,2015,Leave_One_experiments\wth_generated_qc\HLA\HLA2015.WTH,dry_year;nitrogen_stress_year;low_response_year,dry,HLA2015_normal_grid_S0019,pareto_balanced,2015-09-01,244,125,120,"{""sim_day"": 125.0, ""doy"": 244.0, ""topwt"": 15016.9775390625, ""grnwt"": 3458.37890625, ""xlai"": 3.4294612407684326, ""totir"": 0.0, ""tofer"": NaN, ""swfac"": 0.0, ""nstres"": 0.0}",0.0,0.0,15016.9775390625,3458.37890625,3.4294612407684326,0.0,,0.0,0.0,0.0,225.0,13.646899414062505,13.646899414062505,Leave_One_experiments/all_year_offline_schedule_search/daily_outputs/HLA/HLA_2015_HLA2015_normal_grid_S0019_daily.csv
HLA,HLA,Hailun,2015,Leave_One_experiments\wth_generated_qc\HLA\HLA2015.WTH,dry_year;nitrogen_stress_year;low_response_year,dry,HLA2015_normal_grid_S0019,pareto_balanced,2015-09-02,245,126,121,"{""sim_day"": 126.0, ""doy"": 245.0, ""topwt"": 15158.135986328123, ""grnwt"": 3599.537353515625, ""xlai"": 3.391447067260742, ""totir"": 0.0, ""tofer"": NaN, ""swfac"": 0.0, ""nstres"": 0.0}",0.0,0.0,15158.135986328123,3599.537353515625,3.391447067260742,0.0,,0.0,0.0,0.0,225.0,13.646899414062505,13.646899414062505,Leave_One_experiments/all_year_offline_schedule_search/daily_outputs/HLA/HLA_2015_HLA2015_normal_grid_S0019_daily.csv
HLA,HLA,Hailun,2015,Leave_One_experiments\wth_generated_qc\HLA\HLA2015.WTH,dry_year;nitrogen_stress_year;low_response_year,dry,HLA2015_normal_grid_S0019,pareto_balanced,2015-09-03,246,127,122,"{""sim_day"": 127.0, ""doy"": 246.0, ""topwt"": 15272.630615234377, ""grnwt"": 3714.032287597656, ""xlai"": 3.3609843254089355, ""totir"": 0.0, ""tofer"": NaN, ""swfac"": 0.0, ""nstres"": 0.0}",0.0,0.0,15272.630615234377,3714.032287597656,3.3609843254089355,0.0,,0.0,0.0,0.0,225.0,13.646899414062505,13.646899414062505,Leave_One_experiments/all_year_offline_schedule_search/daily_outputs/HLA/HLA_2015_HLA2015_normal_grid_S0019_daily.csv
HLA,HLA,Hailun,2015,Leave_One_experiments\wth_generated_qc\HLA\HLA2015.WTH,dry_year;nitrogen_stress_year;low_response_year,dry,HLA2015_normal_grid_S0019,pareto_balanced,2015-09-04,247,128,123,"{""sim_day"": 128.0, ""doy"": 247.0, ""topwt"": 15374.578857421877, ""grnwt"": 3815.980224609375, ""xlai"": 3.0783257484436035, ""totir"": 0.0, ""tofer"": NaN, ""swfac"": 0.0, ""nstres"": 0.0}",0.0,0.0,15374.578857421877,3815.980224609375,3.0783257484436035,0.0,,0.0,0.0,0.0,225.0,13.646899414062505,13.646899414062505,Leave_One_experiments/all_year_offline_schedule_search/daily_outputs/HLA/HLA_2015_HLA2015_normal_grid_S0019_daily.csv
HLA,HLA,Hailun,2015,Leave_One_experiments\wth_generated_qc\HLA\HLA2015.WTH,dry_year;nitrogen_stress_year;low_response_year,dry,HLA2015_normal_grid_S0019,pareto_balanced,2015-09-05,248,129,124,"{""sim_day"": 129.0, ""doy"": 248.0, ""topwt"": 15533.7744140625, ""grnwt"": 3975.1754760742183, ""xlai"": 3.0783257484436035, ""totir"": 0.0, ""tofer"": NaN, ""swfac"": 0.0, ""nstres"": 0.0}",0.0,0.0,15533.7744140625,3975.1754760742183,3.0783257484436035,0.0,,0.0,0.0,0.0,225.0,13.646899414062505,13.646899414062505,Leave_One_experiments/all_year_offline_schedule_search/daily_outputs/HLA/HLA_2015_HLA2015_normal_grid_S0019_daily.csv
HLA,HLA,Hailun,2015,Leave_One_experiments\wth_generated_qc\HLA\HLA2015.WTH,dry_year;nitrogen_stress_year;low_response_year,dry,HLA2015_normal_grid_S0019,pareto_balanced,2015-09-06,249,130,125,"{""sim_day"": 130.0, ""doy"": 249.0, ""topwt"": 15685.125732421877, ""grnwt"": 4126.528625488281, ""xlai"": 3.0783257484436035, ""totir"": 0.0, ""tofer"": NaN, ""swfac"": 0.0, ""nstres"": 0.0}",0.0,0.0,15685.125732421877,4126.528625488281,3.0783257484436035,0.0,,0.0,0.0,0.0,225.0,13.646899414062505,13.646899414062505,Leave_One_experiments/all_year_offline_schedule_search/daily_outputs/HLA/HLA_2015_HLA2015_normal_grid_S0019_daily.csv
HLA,HLA,Hailun,2015,Leave_One_experiments\wth_generated_qc\HLA\HLA2015.WTH,dry_year;nitrogen_stress_year;low_response_year,dry,HLA2015_normal_grid_S0019,pareto_balanced,2015-09-07,250,131,126,"{""sim_day"": 131.0, ""doy"": 250.0, ""topwt"": 15830.206298828123, ""grnwt"": 4271.607971191406, ""xlai"": 3.0783257484436035, ""totir"": 0.0, ""tofer"": NaN, ""swfac"": 0.0, ""nstres"": 0.0}",0.0,0.0,15830.206298828123,4271.607971191406,3.0783257484436035,0.0,,0.0,0.0,0.0,225.0,13.646899414062505,13.646899414062505,Leave_One_experiments/all_year_offline_schedule_search/daily_outputs/HLA/HLA_2015_HLA2015_normal_grid_S0019_daily.csv
HLA,HLA,Hailun,2015,Leave_One_experiments\wth_generated_qc\HLA\HLA2015.WTH,dry_year;nitrogen_stress_year;low_response_year,dry,HLA2015_normal_grid_S0019,pareto_balanced,2015-09-08,251,132,127,"{""sim_day"": 132.0, ""doy"": 251.0, ""topwt"": 15994.891357421877, ""grnwt"": 4436.292724609375, ""xlai"": 3.0783257484436035, ""totir"": 0.0, ""tofer"": NaN, ""swfac"": 0.0, ""nstres"": 0.0}",0.0,0.0,15994.891357421877,4436.292724609375,3.0783257484436035,0.0,,0.0,0.0,0.0,225.0,13.646899414062505,13.646899414062505,Leave_One_experiments/all_year_offline_schedule_search/daily_outputs/HLA/HLA_2015_HLA2015_normal_grid_S0019_daily.csv
HLA,HLA,Hailun,2015,Leave_One_experiments\wth_generated_qc\HLA\HLA2015.WTH,dry_year;nitrogen_stress_year;low_response_year,dry,HLA2015_normal_grid_S0019,pareto_balanced,2015-09-09,252,133,128,"{""sim_day"": 133.0, ""doy"": 252.0, ""topwt"": 16093.701171875, ""grnwt"": 4535.103759765625, ""xlai"": 2.978587865829468, ""totir"": 0.0, ""tofer"": NaN, ""swfac"": 0.0, ""nstres"": 0.0}",0.0,0.0,16093.701171875,4535.103759765625,2.978587865829468,0.0,,0.0,0.0,0.0,225.0,13.646899414062505,13.646899414062505,Leave_One_experiments/all_year_offline_schedule_search/daily_outputs/HLA/HLA_2015_HLA2015_normal_grid_S0019_daily.csv
HLA,HLA,Hailun,2015,Leave_One_experiments\wth_generated_qc\HLA\HLA2015.WTH,dry_year;nitrogen_stress_year;low_response_year,dry,HLA2015_normal_grid_S0019,pareto_balanced,2015-09-10,253,134,129,"{""sim_day"": 134.0, ""doy"": 253.0, ""topwt"": 16208.197021484377, ""grnwt"": 4649.598693847656, ""xlai"": 2.9759068489074707, ""totir"": 0.0, ""tofer"": NaN, ""swfac"": 0.0, ""nstres"": 0.0}",0.0,0.0,16208.197021484377,4649.598693847656,2.9759068489074707,0.0,,0.0,0.0,0.0,225.0,13.646899414062505,13.646899414062505,Leave_One_experiments/all_year_offline_schedule_search/daily_outputs/HLA/HLA_2015_HLA2015_normal_grid_S0019_daily.csv
HLA,HLA,Hailun,2015,Leave_One_experiments\wth_generated_qc\HLA\HLA2015.WTH,dry_year;nitrogen_stress_year;low_response_year,dry,HLA2015_normal_grid_S0019,pareto_balanced,2015-09-11,254,135,130,"{""sim_day"": 135.0, ""doy"": 254.0, ""topwt"": 16277.99072265625, ""grnwt"": 4719.393615722656, ""xlai"": 2.6518304347991943, ""totir"": 0.0, ""tofer"": NaN, ""swfac"": 0.0, ""nstres"": 0.0}",0.0,0.0,16277.99072265625,4719.393615722656,2.6518304347991943,0.0,,0.0,0.0,0.0,225.0,13.646899414062505,13.646899414062505,Leave_One_experiments/all_year_offline_schedule_search/daily_outputs/HLA/HLA_2015_HLA2015_normal_grid_S0019_daily.csv
HLA,HLA,Hailun,2015,Leave_One_experiments\wth_generated_qc\HLA\HLA2015.WTH,dry_year;nitrogen_stress_year;low_response_year,dry,HLA2015_normal_grid_S0019,pareto_balanced,2015-09-12,255,136,131,"{""sim_day"": 136.0, ""doy"": 255.0, ""topwt"": 16390.91796875, ""grnwt"": 4832.320556640625, ""xlai"": 2.619743585586548, ""totir"": 0.0, ""tofer"": NaN, ""swfac"": 0.0, ""nstres"": 0.0}",0.0,0.0,16390.91796875,4832.320556640625,2.619743585586548,0.0,,0.0,0.0,0.0,225.0,13.646899414062505,13.646899414062505,Leave_One_experiments/all_year_offline_schedule_search/daily_outputs/HLA/HLA_2015_HLA2015_normal_grid_S0019_daily.csv
HLA,HLA,Hailun,2015,Leave_One_experiments\wth_generated_qc\HLA\HLA2015.WTH,dry_year;nitrogen_stress_year;low_response_year,dry,HLA2015_normal_grid_S0019,pareto_balanced,2015-09-13,256,137,132,"{""sim_day"": 137.0, ""doy"": 256.0, ""topwt"": 16555.60302734375, ""grnwt"": 4997.0050048828125, ""xlai"": 2.619743585586548, ""totir"": 0.0, ""tofer"": NaN, ""swfac"": 0.0, ""nstres"": 0.0}",0.0,0.0,16555.60302734375,4997.0050048828125,2.619743585586548,0.0,,0.0,0.0,0.0,225.0,13.646899414062505,13.646899414062505,Leave_One_experiments/all_year_offline_schedule_search/daily_outputs/HLA/HLA_2015_HLA2015_normal_grid_S0019_daily.csv
HLA,HLA,Hailun,2015,Leave_One_experiments\wth_generated_qc\HLA\HLA2015.WTH,dry_year;nitrogen_stress_year;low_response_year,dry,HLA2015_normal_grid_S0019,pareto_balanced,2015-09-14,257,138,133,"{""sim_day"": 138.0, ""doy"": 257.0, ""topwt"": 16720.2880859375, ""grnwt"": 5161.689453125, ""xlai"": 2.619743585586548, ""totir"": 0.0, ""tofer"": NaN, ""swfac"": 0.0, ""nstres"": 0.0}",0.0,0.0,16720.2880859375,5161.689453125,2.619743585586548,0.0,,0.0,0.0,0.0,225.0,13.646899414062505,13.646899414062505,Leave_One_experiments/all_year_offline_schedule_search/daily_outputs/HLA/HLA_2015_HLA2015_normal_grid_S0019_daily.csv
HLA,HLA,Hailun,2015,Leave_One_experiments\wth_generated_qc\HLA\HLA2015.WTH,dry_year;nitrogen_stress_year;low_response_year,dry,HLA2015_normal_grid_S0019,pareto_balanced,2015-09-15,258,139,134,"{""sim_day"": 139.0, ""doy"": 258.0, ""topwt"": 16884.97314453125, ""grnwt"": 5326.37451171875, ""xlai"": 2.619743585586548, ""totir"": 0.0, ""tofer"": NaN, ""swfac"": 0.0, ""nstres"": 0.0}",0.0,0.0,16884.97314453125,5326.37451171875,2.619743585586548,0.0,,0.0,0.0,0.0,225.0,13.646899414062505,13.646899414062505,Leave_One_experiments/all_year_offline_schedule_search/daily_outputs/HLA/HLA_2015_HLA2015_normal_grid_S0019_daily.csv
HLA,HLA,Hailun,2015,Leave_One_experiments\wth_generated_qc\HLA\HLA2015.WTH,dry_year;nitrogen_stress_year;low_response_year,dry,HLA2015_normal_grid_S0019,pareto_balanced,2015-09-16,259,140,135,"{""sim_day"": 140.0, ""doy"": 259.0, ""topwt"": 17049.658203125, ""grnwt"": 5491.0589599609375, ""xlai"": 2.619743585586548, ""totir"": 0.0, ""tofer"": NaN, ""swfac"": 0.0, ""nstres"": 0.0}",0.0,0.0,17049.658203125,5491.0589599609375,2.619743585586548,0.0,,0.0,0.0,0.0,225.0,13.646899414062505,13.646899414062505,Leave_One_experiments/all_year_offline_schedule_search/daily_outputs/HLA/HLA_2015_HLA2015_normal_grid_S0019_daily.csv
HLA,HLA,Hailun,2015,Leave_One_experiments\wth_generated_qc\HLA\HLA2015.WTH,dry_year;nitrogen_stress_year;low_response_year,dry,HLA2015_normal_grid_S0019,pareto_balanced,2015-09-17,260,141,136,"{""sim_day"": 141.0, ""doy"": 260.0, ""topwt"": 17214.34326171875, ""grnwt"": 5655.744018554688, ""xlai"": 2.50123929977417, ""totir"": 0.0, ""tofer"": NaN, ""swfac"": 0.0, ""nstres"": 0.0014559030532836}",0.0,0.0014559030532836,17214.34326171875,5655.744018554688,2.50123929977417,0.0,,0.0,0.0,0.0,225.0,13.646899414062505,13.646899414062505,Leave_One_experiments/all_year_offline_schedule_search/daily_outputs/HLA/HLA_2015_HLA2015_normal_grid_S0019_daily.csv
HLA,HLA,Hailun,2015,Leave_One_experiments\wth_generated_qc\HLA\HLA2015.WTH,dry_year;nitrogen_stress_year;low_response_year,dry,HLA2015_normal_grid_S0019,pareto_balanced,2015-09-18,261,142,137,"{""sim_day"": 142.0, ""doy"": 261.0, ""topwt"": 17353.1494140625, ""grnwt"": 5794.549560546875, ""xlai"": 2.4411208629608154, ""totir"": 0.0, ""tofer"": NaN, ""swfac"": 0.0, ""nstres"": 0.0197505950927734}",0.0,0.0197505950927734,17353.1494140625,5794.549560546875,2.4411208629608154,0.0,,0.0,0.0,0.0,225.0,13.646899414062505,13.646899414062505,Leave_One_experiments/all_year_offline_schedule_search/daily_outputs/HLA/HLA_2015_HLA2015_normal_grid_S0019_daily.csv
HLA,HLA,Hailun,2015,Leave_One_experiments\wth_generated_qc\HLA\HLA2015.WTH,dry_year;nitrogen_stress_year;low_response_year,dry,HLA2015_normal_grid_S0019,pareto_balanced,2015-09-19,262,143,138,"{""sim_day"": 143.0, ""doy"": 262.0, ""topwt"": 17463.72314453125, ""grnwt"": 5905.123291015625, ""xlai"": 2.2214198112487797, ""totir"": 0.0, ""tofer"": NaN, ""swfac"": 0.0, ""nstres"": 0.0347295999526977}",0.0,0.0347295999526977,17463.72314453125,5905.123291015625,2.2214198112487797,0.0,,0.0,0.0,0.0,225.0,13.646899414062505,13.646899414062505,Leave_One_experiments/all_year_offline_schedule_search/daily_outputs/HLA/HLA_2015_HLA2015_normal_grid_S0019_daily.csv
HLA,HLA,Hailun,2015,Leave_One_experiments\wth_generated_qc\HLA\HLA2015.WTH,dry_year;nitrogen_stress_year;low_response_year,dry,HLA2015_normal_grid_S0019,pareto_balanced,2015-09-20,263,144,139,"{""sim_day"": 144.0, ""doy"": 263.0, ""topwt"": 17628.408203125, ""grnwt"": 6069.808349609375, ""xlai"": 2.209227561950684, ""totir"": 0.0, ""tofer"": NaN, ""swfac"": 0.0, ""nstres"": 0.0439084768295288}",0.0,0.0439084768295288,17628.408203125,6069.808349609375,2.209227561950684,0.0,,0.0,0.0,0.0,225.0,13.646899414062505,13.646899414062505,Leave_One_experiments/all_year_offline_schedule_search/daily_outputs/HLA/HLA_2015_HLA2015_normal_grid_S0019_daily.csv
HLA,HLA,Hailun,2015,Leave_One_experiments\wth_generated_qc\HLA\HLA2015.WTH,dry_year;nitrogen_stress_year;low_response_year,dry,HLA2015_normal_grid_S0019,pareto_balanced,2015-09-21,264,145,140,"{""sim_day"": 145.0, ""doy"": 264.0, ""topwt"": 17647.332763671875, ""grnwt"": 6131.761474609375, ""xlai"": 2.19088077545166, ""totir"": 0.0, ""tofer"": NaN, ""swfac"": 0.0, ""nstres"": 0.0664362907409668}",0.0,0.0664362907409668,17647.332763671875,6131.761474609375,2.19088077545166,0.0,,0.0,0.0,0.0,225.0,13.646899414062505,13.646899414062505,Leave_One_experiments/all_year_offline_schedule_search/daily_outputs/HLA/HLA_2015_HLA2015_normal_grid_S0019_daily.csv
HLA,HLA,Hailun,2015,Leave_One_experiments\wth_generated_qc\HLA\HLA2015.WTH,dry_year;nitrogen_stress_year;low_response_year,dry,HLA2015_normal_grid_S0019,pareto_balanced,2015-09-22,265,146,141,"{""sim_day"": 146.0, ""doy"": 265.0, ""topwt"": 17673.76953125, ""grnwt"": 6159.99267578125, ""xlai"": 2.134793996810913, ""totir"": 0.0, ""tofer"": NaN, ""swfac"": 0.0, ""nstres"": 0.0754632949829101}",0.0,0.0754632949829101,17673.76953125,6159.99267578125,2.134793996810913,0.0,,0.0,0.0,0.0,225.0,13.646899414062505,13.646899414062505,Leave_One_experiments/all_year_offline_schedule_search/daily_outputs/HLA/HLA_2015_HLA2015_normal_grid_S0019_daily.csv
HLA,HLA,Hailun,2015,Leave_One_experiments\wth_generated_qc\HLA\HLA2015.WTH,dry_year;nitrogen_stress_year;low_response_year,dry,HLA2015_normal_grid_S0019,pareto_balanced,2015-09-23,266,147,142,"{""sim_day"": 147.0, ""doy"": 266.0, ""topwt"": 17758.93798828125, ""grnwt"": 6204.692993164063, ""xlai"": 1.6632182598114014, ""totir"": 0.0, ""tofer"": NaN, ""swfac"": 0.0, ""nstres"": 0.0750291347503662}",0.0,0.0750291347503662,17758.93798828125,6204.692993164063,1.6632182598114014,0.0,,0.0,0.0,0.0,225.0,13.646899414062505,13.646899414062505,Leave_One_experiments/all_year_offline_schedule_search/daily_outputs/HLA/HLA_2015_HLA2015_normal_grid_S0019_daily.csv
HLA,HLA,Hailun,2015,Leave_One_experiments\wth_generated_qc\HLA\HLA2015.WTH,dry_year;nitrogen_stress_year;low_response_year,dry,HLA2015_normal_grid_S0019,pareto_balanced,2015-09-24,267,148,143,"{""sim_day"": 148.0, ""doy"": 267.0, ""topwt"": 17791.48681640625, ""grnwt"": 6263.509521484375, ""xlai"": 1.6031758785247805, ""totir"": 0.0, ""tofer"": NaN, ""swfac"": 0.0, ""nstres"": 0.0805404186248779}",0.0,0.0805404186248779,17791.48681640625,6263.509521484375,1.6031758785247805,0.0,,0.0,0.0,0.0,225.0,13.646899414062505,13.646899414062505,Leave_One_experiments/all_year_offline_schedule_search/daily_outputs/HLA/HLA_2015_HLA2015_normal_grid_S0019_daily.csv
HLA,HLA,Hailun,2015,Leave_One_experiments\wth_generated_qc\HLA\HLA2015.WTH,dry_year;nitrogen_stress_year;low_response_year,dry,HLA2015_normal_grid_S0019,pareto_balanced,2015-09-25,268,149,144,"{""sim_day"": 149.0, ""doy"": 268.0, ""topwt"": 17813.59130859375, ""grnwt"": 6327.81494140625, ""xlai"": 1.5847336053848269, ""totir"": 0.0, ""tofer"": NaN, ""swfac"": 0.0, ""nstres"": 0.092029333114624}",0.0,0.092029333114624,17813.59130859375,6327.81494140625,1.5847336053848269,0.0,,0.0,0.0,0.0,225.0,13.646899414062505,13.646899414062505,Leave_One_experiments/all_year_offline_schedule_search/daily_outputs/HLA/HLA_2015_HLA2015_normal_grid_S0019_daily.csv
HLA,HLA,Hailun,2015,Leave_One_experiments\wth_generated_qc\HLA\HLA2015.WTH,dry_year;nitrogen_stress_year;low_response_year,dry,HLA2015_normal_grid_S0019,pareto_balanced,2015-09-26,269,150,145,"{""sim_day"": 150.0, ""doy"": 269.0, ""topwt"": 17881.719970703125, ""grnwt"": 6378.004150390625, ""xlai"": 1.422456979751587, ""totir"": 0.0, ""tofer"": NaN, ""swfac"": 0.0, ""nstres"": 0.0979977846145629}",0.0,0.0979977846145629,17881.719970703125,6378.004150390625,1.422456979751587,0.0,,0.0,0.0,0.0,225.0,13.646899414062505,13.646899414062505,Leave_One_experiments/all_year_offline_schedule_search/daily_outputs/HLA/HLA_2015_HLA2015_normal_grid_S0019_daily.csv
HLA,HLA,Hailun,2015,Leave_One_experiments\wth_generated_qc\HLA\HLA2015.WTH,dry_year;nitrogen_stress_year;low_response_year,dry,HLA2015_normal_grid_S0019,pareto_balanced,2015-09-27,270,151,146,"{""sim_day"": 151.0, ""doy"": 270.0, ""topwt"": 17945.64208984375, ""grnwt"": 6415.646362304688, ""xlai"": 1.007668375968933, ""totir"": 0.0, ""tofer"": NaN, ""swfac"": 0.0, ""nstres"": 0.1008456945419311}",0.0,0.1008456945419311,17945.64208984375,6415.646362304688,1.007668375968933,0.0,,0.0,0.0,0.0,225.0,13.646899414062505,13.646899414062505,Leave_One_experiments/all_year_offline_schedule_search/daily_outputs/HLA/HLA_2015_HLA2015_normal_grid_S0019_daily.csv
HLA,HLA,Hailun,2015,Leave_One_experiments\wth_generated_qc\HLA\HLA2015.WTH,dry_year;nitrogen_stress_year;low_response_year,dry,HLA2015_normal_grid_S0019,pareto_balanced,2015-09-28,271,152,147,"{""sim_day"": 152.0, ""doy"": 271.0, ""topwt"": 17991.497802734375, ""grnwt"": 6432.8985595703125, ""xlai"": 0.3134858310222626, ""totir"": 0.0, ""tofer"": NaN, ""swfac"": 0.0, ""nstres"": 0.1071256399154663}",0.0,0.1071256399154663,17991.497802734375,6432.8985595703125,0.3134858310222626,0.0,,0.0,0.0,0.0,225.0,13.646899414062505,13.646899414062505,Leave_One_experiments/all_year_offline_schedule_search/daily_outputs/HLA/HLA_2015_HLA2015_normal_grid_S0019_daily.csv
HLA,HLA,Hailun,2015,Leave_One_experiments\wth_generated_qc\HLA\HLA2015.WTH,dry_year;nitrogen_stress_year;low_response_year,dry,HLA2015_normal_grid_S0019,pareto_balanced,2015-09-29,272,153,148,"{""sim_day"": 153.0, ""doy"": 272.0, ""topwt"": 18030.2978515625, ""grnwt"": 6512.1038818359375, ""xlai"": 0.2938930690288543, ""totir"": 0.0, ""tofer"": NaN, ""swfac"": 0.0, ""nstres"": 0.1103479862213134}",0.0,0.1103479862213134,18030.2978515625,6512.1038818359375,0.2938930690288543,0.0,,0.0,0.0,0.0,225.0,13.646899414062505,13.646899414062505,Leave_One_experiments/all_year_offline_schedule_search/daily_outputs/HLA/HLA_2015_HLA2015_normal_grid_S0019_daily.csv
HLA,HLA,Hailun,2015,Leave_One_experiments\wth_generated_qc\HLA\HLA2015.WTH,dry_year;nitrogen_stress_year;low_response_year,dry,HLA2015_normal_grid_S0019,pareto_balanced,2015-09-30,273,154,149,"{""sim_day"": 154.0, ""doy"": 273.0, ""topwt"": 18037.5390625, ""grnwt"": 6556.80419921875, ""xlai"": 0.280932605266571, ""totir"": 0.0, ""tofer"": NaN, ""swfac"": 0.0, ""nstres"": 0.1232624053955078}",0.0,0.1232624053955078,18037.5390625,6556.80419921875,0.280932605266571,0.0,,0.0,0.0,0.0,225.0,13.646899414062505,13.646899414062505,Leave_One_experiments/all_year_offline_schedule_search/daily_outputs/HLA/HLA_2015_HLA2015_normal_grid_S0019_daily.csv
HLA,HLA,Hailun,2015,Leave_One_experiments\wth_generated_qc\HLA\HLA2015.WTH,dry_year;nitrogen_stress_year;low_response_year,dry,HLA2015_normal_grid_S0019,pareto_balanced,2015-10-01,274,155,150,"{""sim_day"": 155.0, ""doy"": 274.0, ""topwt"": 18040.31982421875, ""grnwt"": 6556.80419921875, ""xlai"": 0.1510292887687683, ""totir"": 0.0, ""tofer"": NaN, ""swfac"": 0.0, ""nstres"": 0.1268893480300903}",0.0,0.1268893480300903,18040.31982421875,6556.80419921875,0.1510292887687683,0.0,,0.0,0.0,0.0,225.0,13.646899414062505,13.646899414062505,Leave_One_experiments/all_year_offline_schedule_search/daily_outputs/HLA/HLA_2015_HLA2015_normal_grid_S0019_daily.csv
HLA,HLA,Hailun,2015,Leave_One_experiments\wth_generated_qc\HLA\HLA2015.WTH,dry_year;nitrogen_stress_year;low_response_year,dry,HLA2015_normal_grid_S0019,pareto_balanced,2015-10-02,275,156,151,"{""sim_day"": 156.0, ""doy"": 275.0, ""topwt"": 18040.81787109375, ""grnwt"": 6556.80419921875, ""xlai"": 0.1132719665765762, ""totir"": 0.0, ""tofer"": NaN, ""swfac"": 0.0, ""nstres"": 0.1253070831298828}",0.0,0.1253070831298828,18040.81787109375,6556.80419921875,0.1132719665765762,0.0,,0.0,0.0,0.0,225.0,13.646899414062505,13.646899414062505,Leave_One_experiments/all_year_offline_schedule_search/daily_outputs/HLA/HLA_2015_HLA2015_normal_grid_S0019_daily.csv
HLA,HLA,Hailun,2015,Leave_One_experiments\wth_generated_qc\HLA\HLA2015.WTH,dry_year;nitrogen_stress_year;low_response_year,dry,HLA2015_normal_grid_S0019,pareto_balanced,2015-10-03,276,157,152,"{""sim_day"": 157.0, ""doy"": 276.0, ""topwt"": 18054.55444335937, ""grnwt"": 6592.093505859375, ""xlai"": 0.0738417953252792, ""totir"": 0.0, ""tofer"": NaN, ""swfac"": 0.0, ""nstres"": 0.1254758834838867}",0.0,0.1254758834838867,18054.55444335937,6592.093505859375,0.0738417953252792,0.0,,0.0,0.0,0.0,225.0,13.646899414062505,13.646899414062505,Leave_One_experiments/all_year_offline_schedule_search/daily_outputs/HLA/HLA_2015_HLA2015_normal_grid_S0019_daily.csv
HLA,HLA,Hailun,2015,Leave_One_experiments\wth_generated_qc\HLA\HLA2015.WTH,dry_year;nitrogen_stress_year;low_response_year,dry,HLA2015_normal_grid_S0019,pareto_balanced,2015-10-04,277,158,153,"{""sim_day"": 158.0, ""doy"": 277.0, ""topwt"": 18063.73413085937, ""grnwt"": 6684.630737304688, ""xlai"": 0.0711762681603431, ""totir"": 0.0, ""tofer"": NaN, ""swfac"": 0.0, ""nstres"": 0.1286218166351318}",0.0,0.1286218166351318,18063.73413085937,6684.630737304688,0.0711762681603431,0.0,,0.0,0.0,0.0,225.0,13.646899414062505,13.646899414062505,Leave_One_experiments/all_year_offline_schedule_search/daily_outputs/HLA/HLA_2015_HLA2015_normal_grid_S0019_daily.csv
HLA,HLA,Hailun,2015,Leave_One_experiments\wth_generated_qc\HLA\HLA2015.WTH,dry_year;nitrogen_stress_year;low_response_year,dry,HLA2015_normal_grid_S0019,pareto_balanced,2015-10-05,278,159,154,"{""sim_day"": 159.0, ""doy"": 278.0, ""topwt"": 18071.08154296875, ""grnwt"": 6825.0048828125, ""xlai"": 0.0699667930603027, ""totir"": 0.0, ""tofer"": NaN, ""swfac"": 0.0, ""nstres"": 0.1359239816665649}",0.0,0.1359239816665649,18071.08154296875,6825.0048828125,0.0699667930603027,0.0,,0.0,0.0,0.0,225.0,13.646899414062505,13.646899414062505,Leave_One_experiments/all_year_offline_schedule_search/daily_outputs/HLA/HLA_2015_HLA2015_normal_grid_S0019_daily.csv
HLA,HLA,Hailun,2015,Leave_One_experiments\wth_generated_qc\HLA\HLA2015.WTH,dry_year;nitrogen_stress_year;low_response_year,dry,HLA2015_normal_grid_S0019,pareto_balanced,2015-10-06,279,160,155,"{""sim_day"": 160.0, ""doy"": 279.0, ""topwt"": 18081.11572265625, ""grnwt"": 6989.68994140625, ""xlai"": 0.068718746304512, ""totir"": 0.0, ""tofer"": NaN, ""swfac"": 0.0, ""nstres"": 0.1426819562911987}",0.0,0.1426819562911987,18081.11572265625,6989.68994140625,0.068718746304512,0.0,,0.0,0.0,0.0,225.0,13.646899414062505,13.646899414062505,Leave_One_experiments/all_year_offline_schedule_search/daily_outputs/HLA/HLA_2015_HLA2015_normal_grid_S0019_daily.csv
HLA,HLA,Hailun,2015,Leave_One_experiments\wth_generated_qc\HLA\HLA2015.WTH,dry_year;nitrogen_stress_year;low_response_year,dry,HLA2015_normal_grid_S0019,pareto_balanced,2015-10-07,280,161,156,"{""sim_day"": 161.0, ""doy"": 280.0, ""topwt"": 18081.11572265625, ""grnwt"": 6989.68994140625, ""xlai"": 0.068718746304512, ""totir"": 0.0, ""tofer"": NaN, ""swfac"": 0.0, ""nstres"": 0.1523554325103759}",0.0,0.1523554325103759,18081.11572265625,6989.68994140625,0.068718746304512,0.0,,0.0,0.0,0.0,225.0,13.646899414062505,13.646899414062505,Leave_One_experiments/all_year_offline_schedule_search/daily_outputs/HLA/HLA_2015_HLA2015_normal_grid_S0019_daily.csv
HLA,HLA,Hailun,2015,Leave_One_experiments\wth_generated_qc\HLA\HLA2015.WTH,dry_year;nitrogen_stress_year;low_response_year,dry,HLA2015_normal_grid_S0019,pareto_balanced,2015-10-08,281,162,157,"{""sim_day"": 162.0, ""doy"": 281.0, ""topwt"": 18081.11572265625, ""grnwt"": 6989.68994140625, ""xlai"": 0.068718746304512, ""totir"": 0.0, ""tofer"": NaN, ""swfac"": 0.0, ""nstres"": 0.1523554325103759}",0.0,0.1523554325103759,18081.11572265625,6989.68994140625,0.068718746304512,0.0,,0.0,0.0,0.0,225.0,13.646899414062505,13.646899414062505,Leave_One_experiments/all_year_offline_schedule_search/daily_outputs/HLA/HLA_2015_HLA2015_normal_grid_S0019_daily.csv
HLA,HLA,Hailun,2015,Leave_One_experiments\wth_generated_qc\HLA\HLA2015.WTH,dry_year;nitrogen_stress_year;low_response_year,dry,HLA2015_normal_grid_S0031,pareto_balanced,2015-05-05,125,1,1,"{""sim_day"": 1.0, ""doy"": 125.0, ""topwt"": 0.0, ""grnwt"": 0.0, ""xlai"": 0.0, ""totir"": 0.0, ""tofer"": NaN, ""swfac"": 0.0, ""nstres"": 0.0}",0.0,0.0,0.0,0.0,0.0,0.0,,0.0,80.0,30.0,180.0,8.096588134765625,20.096588134765625,Leave_One_experiments/all_year_offline_schedule_search/daily_outputs/HLA/HLA_2015_HLA2015_normal_grid_S0031_daily.csv
HLA,HLA,Hailun,2015,Leave_One_experiments\wth_generated_qc\HLA\HLA2015.WTH,dry_year;nitrogen_stress_year;low_response_year,dry,HLA2015_normal_grid_S0031,pareto_balanced,2015-05-06,126,2,2,"{""sim_day"": 2.0, ""doy"": 126.0, ""topwt"": 0.0, ""grnwt"": 0.0, ""xlai"": 0.0, ""totir"": 0.0, ""tofer"": NaN, ""swfac"": 0.0, ""nstres"": 0.0}",0.0,0.0,0.0,0.0,0.0,0.0,,0.0,0.0,30.0,180.0,8.096588134765625,20.096588134765625,Leave_One_experiments/all_year_offline_schedule_search/daily_outputs/HLA/HLA_2015_HLA2015_normal_grid_S0031_daily.csv
HLA,HLA,Hailun,2015,Leave_One_experiments\wth_generated_qc\HLA\HLA2015.WTH,dry_year;nitrogen_stress_year;low_response_year,dry,HLA2015_normal_grid_S0031,pareto_balanced,2015-05-07,127,3,3,"{""sim_day"": 3.0, ""doy"": 127.0, ""topwt"": 0.0, ""grnwt"": 0.0, ""xlai"": 0.0, ""totir"": 0.0, ""tofer"": NaN, ""swfac"": 0.0, ""nstres"": 0.0}",0.0,0.0,0.0,0.0,0.0,0.0,,0.0,0.0,30.0,180.0,8.096588134765625,20.096588134765625,Leave_One_experiments/all_year_offline_schedule_search/daily_outputs/HLA/HLA_2015_HLA2015_normal_grid_S0031_daily.csv
HLA,HLA,Hailun,2015,Leave_One_experiments\wth_generated_qc\HLA\HLA2015.WTH,dry_year;nitrogen_stress_year;low_response_year,dry,HLA2015_normal_grid_S0031,pareto_balanced,2015-05-08,128,4,4,"{""sim_day"": 4.0, ""doy"": 128.0, ""topwt"": 0.0, ""grnwt"": 0.0, ""xlai"": 0.0, ""totir"": 0.0, ""tofer"": NaN, ""swfac"": 0.0, ""nstres"": 0.0}",0.0,0.0,0.0,0.0,0.0,0.0,,0.0,0.0,30.0,180.0,8.096588134765625,20.096588134765625,Leave_One_experiments/all_year_offline_schedule_search/daily_outputs/HLA/HLA_2015_HLA2015_normal_grid_S0031_daily.csv
HLA,HLA,Hailun,2015,Leave_One_experiments\wth_generated_qc\HLA\HLA2015.WTH,dry_year;nitrogen_stress_year;low_response_year,dry,HLA2015_normal_grid_S0031,pareto_balanced,2015-05-09,129,5,5,"{""sim_day"": 5.0, ""doy"": 129.0, ""topwt"": 0.0, ""grnwt"": 0.0, ""xlai"": 0.0, ""totir"": 0.0, ""tofer"": NaN, ""swfac"": 0.0, ""nstres"": 0.0}",0.0,0.0,0.0,0.0,0.0,0.0,,0.0,0.0,30.0,180.0,8.096588134765625,20.096588134765625,Leave_One_experiments/all_year_offline_schedule_search/daily_outputs/HLA/HLA_2015_HLA2015_normal_grid_S0031_daily.csv
HLA,HLA,Hailun,2015,Leave_One_experiments\wth_generated_qc\HLA\HLA2015.WTH,dry_year;nitrogen_stress_year;low_response_year,dry,HLA2015_normal_grid_S0031,pareto_balanced,2015-05-05,125,6,1,"{""sim_day"": 6.0, ""doy"": 125.0, ""topwt"": 0.0, ""grnwt"": 0.0, ""xlai"": 0.0, ""totir"": 0.0, ""tofer"": NaN, ""swfac"": 0.0, ""nstres"": 0.0}",0.0,0.0,0.0,0.0,0.0,0.0,,0.0,0.0,30.0,180.0,8.096588134765625,20.096588134765625,Leave_One_experiments/all_year_offline_schedule_search/daily_outputs/HLA/HLA_2015_HLA2015_normal_grid_S0031_daily.csv
HLA,HLA,Hailun,2015,Leave_One_experiments\wth_generated_qc\HLA\HLA2015.WTH,dry_year;nitrogen_stress_year;low_response_year,dry,HLA2015_normal_grid_S0031,pareto_balanced,2015-05-06,126,7,2,"{""sim_day"": 7.0, ""doy"": 126.0, ""topwt"": 0.0, ""grnwt"": 0.0, ""xlai"": 0.0, ""totir"": 0.0, ""tofer"": NaN, ""swfac"": 0.0, ""nstres"": 0.0}",0.0,0.0,0.0,0.0,0.0,0.0,,0.0,0.0,30.0,180.0,8.096588134765625,20.096588134765625,Leave_One_experiments/all_year_offline_schedule_search/daily_outputs/HLA/HLA_2015_HLA2015_normal_grid_S0031_daily.csv
HLA,HLA,Hailun,2015,Leave_One_experiments\wth_generated_qc\HLA\HLA2015.WTH,dry_year;nitrogen_stress_year;low_response_year,dry,HLA2015_normal_grid_S0031,pareto_balanced,2015-05-07,127,8,3,"{""sim_day"": 8.0, ""doy"": 127.0, ""topwt"": 0.0, ""grnwt"": 0.0, ""xlai"": 0.0, ""totir"": 0.0, ""tofer"": NaN, ""swfac"": 0.0, ""nstres"": 0.0}",0.0,0.0,0.0,0.0,0.0,0.0,,0.0,0.0,30.0,180.0,8.096588134765625,20.096588134765625,Leave_One_experiments/all_year_offline_schedule_search/daily_outputs/HLA/HLA_2015_HLA2015_normal_grid_S0031_daily.csv
HLA,HLA,Hailun,2015,Leave_One_experiments\wth_generated_qc\HLA\HLA2015.WTH,dry_year;nitrogen_stress_year;low_response_year,dry,HLA2015_normal_grid_S0031,pareto_balanced,2015-05-08,128,9,4,"{""sim_day"": 9.0, ""doy"": 128.0, ""topwt"": 0.0, ""grnwt"": 0.0, ""xlai"": 0.0, ""totir"": 0.0, ""tofer"": NaN, ""swfac"": 0.0, ""nstres"": 0.0}",0.0,0.0,0.0,0.0,0.0,0.0,,0.0,0.0,30.0,180.0,8.096588134765625,20.096588134765625,Leave_One_experiments/all_year_offline_schedule_search/daily_outputs/HLA/HLA_2015_HLA2015_normal_grid_S0031_daily.csv
HLA,HLA,Hailun,2015,Leave_One_experiments\wth_generated_qc\HLA\HLA2015.WTH,dry_year;nitrogen_stress_year;low_response_year,dry,HLA2015_normal_grid_S0031,pareto_balanced,2015-05-09,129,10,5,"{""sim_day"": 10.0, ""doy"": 129.0, ""topwt"": 0.0, ""grnwt"": 0.0, ""xlai"": 0.0, ""totir"": 0.0, ""tofer"": NaN, ""swfac"": 0.0, ""nstres"": 0.0}",0.0,0.0,0.0,0.0,0.0,0.0,,0.0,0.0,30.0,180.0,8.096588134765625,20.096588134765625,Leave_One_experiments/all_year_offline_schedule_search/daily_outputs/HLA/HLA_2015_HLA2015_normal_grid_S0031_daily.csv
HLA,HLA,Hailun,2015,Leave_One_experiments\wth_generated_qc\HLA\HLA2015.WTH,dry_year;nitrogen_stress_year;low_response_year,dry,HLA2015_normal_grid_S0031,pareto_balanced,2015-05-10,130,11,6,"{""sim_day"": 11.0, ""doy"": 130.0, ""topwt"": 0.0, ""grnwt"": 0.0, ""xlai"": 0.0, ""totir"": 0.0, ""tofer"": NaN, ""swfac"": 0.0, ""nstres"": 0.0}",0.0,0.0,0.0,0.0,0.0,0.0,,0.0,0.0,30.0,180.0,8.096588134765625,20.096588134765625,Leave_One_experiments/all_year_offline_schedule_search/daily_outputs/HLA/HLA_2015_HLA2015_normal_grid_S0031_daily.csv
HLA,HLA,Hailun,2015,Leave_One_experiments\wth_generated_qc\HLA\HLA2015.WTH,dry_year;nitrogen_stress_year;low_response_year,dry,HLA2015_normal_grid_S0031,pareto_balanced,2015-05-11,131,12,7,"{""sim_day"": 12.0, ""doy"": 131.0, ""topwt"": 0.0, ""grnwt"": 0.0, ""xlai"": 0.0, ""totir"": 0.0, ""tofer"": NaN, ""swfac"": 0.0, ""nstres"": 0.0}",0.0,0.0,0.0,0.0,0.0,0.0,,0.0,0.0,30.0,180.0,8.096588134765625,20.096588134765625,Leave_One_experiments/all_year_offline_schedule_search/daily_outputs/HLA/HLA_2015_HLA2015_normal_grid_S0031_daily.csv
HLA,HLA,Hailun,2015,Leave_One_experiments\wth_generated_qc\HLA\HLA2015.WTH,dry_year;nitrogen_stress_year;low_response_year,dry,HLA2015_normal_grid_S0031,pareto_balanced,2015-05-12,132,13,8,"{""sim_day"": 13.0, ""doy"": 132.0, ""topwt"": 0.0, ""grnwt"": 0.0, ""xlai"": 0.0, ""totir"": 0.0, ""tofer"": NaN, ""swfac"": 0.0, ""nstres"": 0.0}",0.0,0.0,0.0,0.0,0.0,0.0,,0.0,0.0,30.0,180.0,8.096588134765625,20.096588134765625,Leave_One_experiments/all_year_offline_schedule_search/daily_outputs/HLA/HLA_2015_HLA2015_normal_grid_S0031_daily.csv
HLA,HLA,Hailun,2015,Leave_One_experiments\wth_generated_qc\HLA\HLA2015.WTH,dry_year;nitrogen_stress_year;low_response_year,dry,HLA2015_normal_grid_S0031,pareto_balanced,2015-05-13,133,14,9,"{""sim_day"": 14.0, ""doy"": 133.0, ""topwt"": 0.0, ""grnwt"": 0.0, ""xlai"": 0.0, ""totir"": 0.0, ""tofer"": NaN, ""swfac"": 0.0, ""nstres"": 0.0}",0.0,0.0,0.0,0.0,0.0,0.0,,0.0,0.0,30.0,180.0,8.096588134765625,20.096588134765625,Leave_One_experiments/all_year_offline_schedule_search/daily_outputs/HLA/HLA_2015_HLA2015_normal_grid_S0031_daily.csv
HLA,HLA,Hailun,2015,Leave_One_experiments\wth_generated_qc\HLA\HLA2015.WTH,dry_year;nitrogen_stress_year;low_response_year,dry,HLA2015_normal_grid_S0031,pareto_balanced,2015-05-14,134,15,10,"{""sim_day"": 15.0, ""doy"": 134.0, ""topwt"": 0.0, ""grnwt"": 0.0, ""xlai"": 0.0, ""totir"": 0.0, ""tofer"": NaN, ""swfac"": 0.0, ""nstres"": 0.0}",0.0,0.0,0.0,0.0,0.0,0.0,,0.0,0.0,30.0,180.0,8.096588134765625,20.096588134765625,Leave_One_experiments/all_year_offline_schedule_search/daily_outputs/HLA/HLA_2015_HLA2015_normal_grid_S0031_daily.csv
HLA,HLA,Hailun,2015,Leave_One_experiments\wth_generated_qc\HLA\HLA2015.WTH,dry_year;nitrogen_stress_year;low_response_year,dry,HLA2015_normal_grid_S0031,pareto_balanced,2015-05-15,135,16,11,"{""sim_day"": 16.0, ""doy"": 135.0, ""topwt"": 0.0, ""grnwt"": 0.0, ""xlai"": 0.0, ""totir"": 0.0, ""tofer"": NaN, ""swfac"": 0.0, ""nstres"": 0.0}",0.0,0.0,0.0,0.0,0.0,0.0,,0.0,0.0,30.0,180.0,8.096588134765625,20.096588134765625,Leave_One_experiments/all_year_offline_schedule_search/daily_outputs/HLA/HLA_2015_HLA2015_normal_grid_S0031_daily.csv
HLA,HLA,Hailun,2015,Leave_One_experiments\wth_generated_qc\HLA\HLA2015.WTH,dry_year;nitrogen_stress_year;low_response_year,dry,HLA2015_normal_grid_S0031,pareto_balanced,2015-05-16,136,17,12,"{""sim_day"": 17.0, ""doy"": 136.0, ""topwt"": 0.0, ""grnwt"": 0.0, ""xlai"": 0.0, ""totir"": 0.0, ""tofer"": NaN, ""swfac"": 0.0, ""nstres"": 0.0}",0.0,0.0,0.0,0.0,0.0,0.0,,0.0,0.0,30.0,180.0,8.096588134765625,20.096588134765625,Leave_One_experiments/all_year_offline_schedule_search/daily_outputs/HLA/HLA_2015_HLA2015_normal_grid_S0031_daily.csv
HLA,HLA,Hailun,2015,Leave_One_experiments\wth_generated_qc\HLA\HLA2015.WTH,dry_year;nitrogen_stress_year;low_response_year,dry,HLA2015_normal_grid_S0031,pareto_balanced,2015-05-17,137,18,13,"{""sim_day"": 18.0, ""doy"": 137.0, ""topwt"": 0.0, ""grnwt"": 0.0, ""xlai"": 0.0, ""totir"": 0.0, ""tofer"": NaN, ""swfac"": 0.0, ""nstres"": 0.0}",0.0,0.0,0.0,0.0,0.0,0.0,,0.0,0.0,30.0,180.0,8.096588134765625,20.096588134765625,Leave_One_experiments/all_year_offline_schedule_search/daily_outputs/HLA/HLA_2015_HLA2015_normal_grid_S0031_daily.csv
HLA,HLA,Hailun,2015,Leave_One_experiments\wth_generated_qc\HLA\HLA2015.WTH,dry_year;nitrogen_stress_year;low_response_year,dry,HLA2015_normal_grid_S0031,pareto_balanced,2015-05-18,138,19,14,"{""sim_day"": 19.0, ""doy"": 138.0, ""topwt"": 0.0, ""grnwt"": 0.0, ""xlai"": 0.0, ""totir"": 0.0, ""tofer"": NaN, ""swfac"": 0.0, ""nstres"": 0.0}",0.0,0.0,0.0,0.0,0.0,0.0,,0.0,0.0,30.0,180.0,8.096588134765625,20.096588134765625,Leave_One_experiments/all_year_offline_schedule_search/daily_outputs/HLA/HLA_2015_HLA2015_normal_grid_S0031_daily.csv
HLA,HLA,Hailun,2015,Leave_One_experiments\wth_generated_qc\HLA\HLA2015.WTH,dry_year;nitrogen_stress_year;low_response_year,dry,HLA2015_normal_grid_S0031,pareto_balanced,2015-05-19,139,20,15,"{""sim_day"": 20.0, ""doy"": 139.0, ""topwt"": 0.0, ""grnwt"": 0.0, ""xlai"": 0.0, ""totir"": 0.0, ""tofer"": NaN, ""swfac"": 0.0, ""nstres"": 0.0}",0.0,0.0,0.0,0.0,0.0,0.0,,0.0,0.0,30.0,180.0,8.096588134765625,20.096588134765625,Leave_One_experiments/all_year_offline_schedule_search/daily_outputs/HLA/HLA_2015_HLA2015_normal_grid_S0031_daily.csv
HLA,HLA,Hailun,2015,Leave_One_experiments\wth_generated_qc\HLA\HLA2015.WTH,dry_year;nitrogen_stress_year;low_response_year,dry,HLA2015_normal_grid_S0031,pareto_balanced,2015-05-20,140,21,16,"{""sim_day"": 21.0, ""doy"": 140.0, ""topwt"": 0.0, ""grnwt"": 0.0, ""xlai"": 0.0, ""totir"": 0.0, ""tofer"": NaN, ""swfac"": 0.0, ""nstres"": 0.0}",0.0,0.0,0.0,0.0,0.0,0.0,,0.0,0.0,30.0,180.0,8.096588134765625,20.096588134765625,Leave_One_experiments/all_year_offline_schedule_search/daily_outputs/HLA/HLA_2015_HLA2015_normal_grid_S0031_daily.csv
HLA,HLA,Hailun,2015,Leave_One_experiments\wth_generated_qc\HLA\HLA2015.WTH,dry_year;nitrogen_stress_year;low_response_year,dry,HLA2015_normal_grid_S0031,pareto_balanced,2015-05-21,141,22,17,"{""sim_day"": 22.0, ""doy"": 141.0, ""topwt"": 0.0, ""grnwt"": 0.0, ""xlai"": 0.0, ""totir"": 0.0, ""tofer"": NaN, ""swfac"": 0.0, ""nstres"": 0.0}",0.0,0.0,0.0,0.0,0.0,0.0,,0.0,0.0,30.0,180.0,8.096588134765625,20.096588134765625,Leave_One_experiments/all_year_offline_schedule_search/daily_outputs/HLA/HLA_2015_HLA2015_normal_grid_S0031_daily.csv
HLA,HLA,Hailun,2015,Leave_One_experiments\wth_generated_qc\HLA\HLA2015.WTH,dry_year;nitrogen_stress_year;low_response_year,dry,HLA2015_normal_grid_S0031,pareto_balanced,2015-05-22,142,23,18,"{""sim_day"": 23.0, ""doy"": 142.0, ""topwt"": 20.0, ""grnwt"": 0.0, ""xlai"": 0.0019517545588314, ""totir"": 0.0, ""tofer"": NaN, ""swfac"": 0.0, ""nstres"": 0.0121910572052001}",0.0,0.0121910572052001,20.0,0.0,0.0019517545588314,0.0,,0.0,0.0,30.0,180.0,8.096588134765625,20.096588134765625,Leave_One_experiments/all_year_offline_schedule_search/daily_outputs/HLA/HLA_2015_HLA2015_normal_grid_S0031_daily.csv
HLA,HLA,Hailun,2015,Leave_One_experiments\wth_generated_qc\HLA\HLA2015.WTH,dry_year;nitrogen_stress_year;low_response_year,dry,HLA2015_normal_grid_S0031,pareto_balanced,2015-05-23,143,24,19,"{""sim_day"": 24.0, ""doy"": 143.0, ""topwt"": 20.0, ""grnwt"": 0.0, ""xlai"": 0.0042526642791926, ""totir"": 0.0, ""tofer"": NaN, ""swfac"": 0.0, ""nstres"": 0.01454758644104}",0.0,0.01454758644104,20.0,0.0,0.0042526642791926,0.0,,0.0,0.0,30.0,180.0,8.096588134765625,20.096588134765625,Leave_One_experiments/all_year_offline_schedule_search/daily_outputs/HLA/HLA_2015_HLA2015_normal_grid_S0031_daily.csv
HLA,HLA,Hailun,2015,Leave_One_experiments\wth_generated_qc\HLA\HLA2015.WTH,dry_year;nitrogen_stress_year;low_response_year,dry,HLA2015_normal_grid_S0031,pareto_balanced,2015-05-24,144,25,20,"{""sim_day"": 25.0, ""doy"": 144.0, ""topwt"": 20.0, ""grnwt"": 0.0, ""xlai"": 0.0052991057746112, ""totir"": 0.0, ""tofer"": NaN, ""swfac"": 0.0, ""nstres"": 0.0123004913330078}",0.0,0.0123004913330078,20.0,0.0,0.0052991057746112,0.0,,0.0,0.0,30.0,180.0,8.096588134765625,20.096588134765625,Leave_One_experiments/all_year_offline_schedule_search/daily_outputs/HLA/HLA_2015_HLA2015_normal_grid_S0031_daily.csv
HLA,HLA,Hailun,2015,Leave_One_experiments\wth_generated_qc\HLA\HLA2015.WTH,dry_year;nitrogen_stress_year;low_response_year,dry,HLA2015_normal_grid_S0031,pareto_balanced,2015-05-25,145,26,21,"{""sim_day"": 26.0, ""doy"": 145.0, ""topwt"": 20.0, ""grnwt"": 0.0, ""xlai"": 0.0066870832815766, ""totir"": 0.0, ""tofer"": NaN, ""swfac"": 0.0, ""nstres"": 0.0095220208168029}",0.0,0.0095220208168029,20.0,0.0,0.0066870832815766,0.0,,0.0,0.0,30.0,180.0,8.096588134765625,20.096588134765625,Leave_One_experiments/all_year_offline_schedule_search/daily_outputs/HLA/HLA_2015_HLA2015_normal_grid_S0031_daily.csv
HLA,HLA,Hailun,2015,Leave_One_experiments\wth_generated_qc\HLA\HLA2015.WTH,dry_year;nitrogen_stress_year;low_response_year,dry,HLA2015_normal_grid_S0031,pareto_balanced,2015-05-26,146,27,22,"{""sim_day"": 27.0, ""doy"": 146.0, ""topwt"": 20.0, ""grnwt"": 0.0, ""xlai"": 0.0091514894738793, ""totir"": 0.0, ""tofer"": NaN, ""swfac"": 0.0, ""nstres"": 0.0050685405731201}",0.0,0.0050685405731201,20.0,0.0,0.0091514894738793,0.0,,0.0,0.0,30.0,180.0,8.096588134765625,20.096588134765625,Leave_One_experiments/all_year_offline_schedule_search/daily_outputs/HLA/HLA_2015_HLA2015_normal_grid_S0031_daily.csv
HLA,HLA,Hailun,2015,Leave_One_experiments\wth_generated_qc\HLA\HLA2015.WTH,dry_year;nitrogen_stress_year;low_response_year,dry,HLA2015_normal_grid_S0031,pareto_balanced,2015-05-27,147,28,23,"{""sim_day"": 28.0, ""doy"": 147.0, ""topwt"": 20.0, ""grnwt"": 0.0, ""xlai"": 0.0117484796792268, ""totir"": 0.0, ""tofer"": NaN, ""swfac"": 0.0, ""nstres"": 0.0006848573684692}",0.0,0.0006848573684692,20.0,0.0,0.0117484796792268,0.0,,0.0,0.0,30.0,180.0,8.096588134765625,20.096588134765625,Leave_One_experiments/all_year_offline_schedule_search/daily_outputs/HLA/HLA_2015_HLA2015_normal_grid_S0031_daily.csv
HLA,HLA,Hailun,2015,Leave_One_experiments\wth_generated_qc\HLA\HLA2015.WTH,dry_year;nitrogen_stress_year;low_response_year,dry,HLA2015_normal_grid_S0031,pareto_balanced,2015-05-28,148,29,24,"{""sim_day"": 29.0, ""doy"": 148.0, ""topwt"": 20.0, ""grnwt"": 0.0, ""xlai"": 0.0149262603372335, ""totir"": 0.0, ""tofer"": NaN, ""swfac"": 0.0, ""nstres"": 0.0}",0.0,0.0,20.0,0.0,0.0149262603372335,0.0,,0.0,0.0,30.0,180.0,8.096588134765625,20.096588134765625,Leave_One_experiments/all_year_offline_schedule_search/daily_outputs/HLA/HLA_2015_HLA2015_normal_grid_S0031_daily.csv
HLA,HLA,Hailun,2015,Leave_One_experiments\wth_generated_qc\HLA\HLA2015.WTH,dry_year;nitrogen_stress_year;low_response_year,dry,HLA2015_normal_grid_S0031,pareto_balanced,2015-05-29,149,30,25,"{""sim_day"": 30.0, ""doy"": 149.0, ""topwt"": 20.0, ""grnwt"": 0.0, ""xlai"": 0.0212068930268287, ""totir"": 0.0, ""tofer"": NaN, ""swfac"": 0.0, ""nstres"": 0.0}",0.0,0.0,20.0,0.0,0.0212068930268287,0.0,,0.0,0.0,30.0,180.0,8.096588134765625,20.096588134765625,Leave_One_experiments/all_year_offline_schedule_search/daily_outputs/HLA/HLA_2015_HLA2015_normal_grid_S0031_daily.csv
HLA,HLA,Hailun,2015,Leave_One_experiments\wth_generated_qc\HLA\HLA2015.WTH,dry_year;nitrogen_stress_year;low_response_year,dry,HLA2015_normal_grid_S0031,pareto_balanced,2015-05-30,150,31,26,"{""sim_day"": 31.0, ""doy"": 150.0, ""topwt"": 20.0, ""grnwt"": 0.0, ""xlai"": 0.0287809111177921, ""totir"": 0.0, ""tofer"": NaN, ""swfac"": 0.0, ""nstres"": 0.0}",0.0,0.0,20.0,0.0,0.0287809111177921,0.0,,0.0,0.0,30.0,180.0,8.096588134765625,20.096588134765625,Leave_One_experiments/all_year_offline_schedule_search/daily_outputs/HLA/HLA_2015_HLA2015_normal_grid_S0031_daily.csv
HLA,HLA,Hailun,2015,Leave_One_experiments\wth_generated_qc\HLA\HLA2015.WTH,dry_year;nitrogen_stress_year;low_response_year,dry,HLA2015_normal_grid_S0031,pareto_balanced,2015-05-31,151,32,27,"{""sim_day"": 32.0, ""doy"": 151.0, ""topwt"": 20.726678371429443, ""grnwt"": 0.0, ""xlai"": 0.0362971499562263, ""totir"": 0.0, ""tofer"": NaN, ""swfac"": 0.0, ""nstres"": 0.0}",0.0,0.0,20.726678371429443,0.0,0.0362971499562263,0.0,,0.0,0.0,30.0,180.0,8.096588134765625,20.096588134765625,Leave_One_experiments/all_year_offline_schedule_search/daily_outputs/HLA/HLA_2015_HLA2015_normal_grid_S0031_daily.csv
HLA,HLA,Hailun,2015,Leave_One_experiments\wth_generated_qc\HLA\HLA2015.WTH,dry_year;nitrogen_stress_year;low_response_year,dry,HLA2015_normal_grid_S0031,pareto_balanced,2015-06-01,152,33,28,"{""sim_day"": 33.0, ""doy"": 152.0, ""topwt"": 23.977515697479248, ""grnwt"": 0.0, ""xlai"": 0.0448262766003608, ""totir"": 0.0, ""tofer"": NaN, ""swfac"": 0.0, ""nstres"": 0.0}",0.0,0.0,23.977515697479248,0.0,0.0448262766003608,0.0,,0.0,0.0,30.0,180.0,8.096588134765625,20.096588134765625,Leave_One_experiments/all_year_offline_schedule_search/daily_outputs/HLA/HLA_2015_HLA2015_normal_grid_S0031_daily.csv
HLA,HLA,Hailun,2015,Leave_One_experiments\wth_generated_qc\HLA\HLA2015.WTH,dry_year;nitrogen_stress_year;low_response_year,dry,HLA2015_normal_grid_S0031,pareto_balanced,2015-06-02,153,34,29,"{""sim_day"": 34.0, ""doy"": 153.0, ""topwt"": 28.848648071289062, ""grnwt"": 0.0, ""xlai"": 0.0568868331611156, ""totir"": 0.0, ""tofer"": NaN, ""swfac"": 0.0, ""nstres"": 0.0}",0.0,0.0,28.848648071289062,0.0,0.0568868331611156,0.0,,0.0,0.0,30.0,180.0,8.096588134765625,20.096588134765625,Leave_One_experiments/all_year_offline_schedule_search/daily_outputs/HLA/HLA_2015_HLA2015_normal_grid_S0031_daily.csv
HLA,HLA,Hailun,2015,Leave_One_experiments\wth_generated_qc\HLA\HLA2015.WTH,dry_year;nitrogen_stress_year;low_response_year,dry,HLA2015_normal_grid_S0031,pareto_balanced,2015-06-03,154,35,30,"{""sim_day"": 35.0, ""doy"": 154.0, ""topwt"": 35.39210319519043, ""grnwt"": 0.0, ""xlai"": 0.072124995291233, ""totir"": 0.0, ""tofer"": NaN, ""swfac"": 0.0, ""nstres"": 0.0}",0.0,0.0,35.39210319519043,0.0,0.072124995291233,0.0,,0.0,50.0,30.0,180.0,8.096588134765625,20.096588134765625,Leave_One_experiments/all_year_offline_schedule_search/daily_outputs/HLA/HLA_2015_HLA2015_normal_grid_S0031_daily.csv
HLA,HLA,Hailun,2015,Leave_One_experiments\wth_generated_qc\HLA\HLA2015.WTH,dry_year;nitrogen_stress_year;low_response_year,dry,HLA2015_normal_grid_S0031,pareto_balanced,2015-06-04,155,36,31,"{""sim_day"": 36.0, ""doy"": 155.0, ""topwt"": 41.76493644714356, ""grnwt"": 0.0, ""xlai"": 0.0861963257193565, ""totir"": 0.0, ""tofer"": NaN, ""swfac"": 0.0, ""nstres"": 0.0}",0.0,0.0,41.76493644714356,0.0,0.0861963257193565,0.0,,0.0,0.0,30.0,180.0,8.096588134765625,20.096588134765625,Leave_One_experiments/all_year_offline_schedule_search/daily_outputs/HLA/HLA_2015_HLA2015_normal_grid_S0031_daily.csv
HLA,HLA,Hailun,2015,Leave_One_experiments\wth_generated_qc\HLA\HLA2015.WTH,dry_year;nitrogen_stress_year;low_response_year,dry,HLA2015_normal_grid_S0031,pareto_balanced,2015-06-05,156,37,32,"{""sim_day"": 37.0, ""doy"": 156.0, ""topwt"": 46.28744602203369, ""grnwt"": 0.0, ""xlai"": 0.0958240628242492, ""totir"": 0.0, ""tofer"": NaN, ""swfac"": 0.0, ""nstres"": 0.0}",0.0,0.0,46.28744602203369,0.0,0.0958240628242492,0.0,,0.0,0.0,30.0,180.0,8.096588134765625,20.096588134765625,Leave_One_experiments/all_year_offline_schedule_search/daily_outputs/HLA/HLA_2015_HLA2015_normal_grid_S0031_daily.csv
HLA,HLA,Hailun,2015,Leave_One_experiments\wth_generated_qc\HLA\HLA2015.WTH,dry_year;nitrogen_stress_year;low_response_year,dry,HLA2015_normal_grid_S0031,pareto_balanced,2015-06-06,157,38,33,"{""sim_day"": 38.0, ""doy"": 157.0, ""topwt"": 50.94032287597656, ""grnwt"": 0.0, ""xlai"": 0.105472519993782, ""totir"": 0.0, ""tofer"": NaN, ""swfac"": 0.0, ""nstres"": 0.0}",0.0,0.0,50.94032287597656,0.0,0.105472519993782,0.0,,0.0,0.0,30.0,180.0,8.096588134765625,20.096588134765625,Leave_One_experiments/all_year_offline_schedule_search/daily_outputs/HLA/HLA_2015_HLA2015_normal_grid_S0031_daily.csv
HLA,HLA,Hailun,2015,Leave_One_experiments\wth_generated_qc\HLA\HLA2015.WTH,dry_year;nitrogen_stress_year;low_response_year,dry,HLA2015_normal_grid_S0031,pareto_balanced,2015-06-07,158,39,34,"{""sim_day"": 39.0, ""doy"": 158.0, ""topwt"": 57.61742115020752, ""grnwt"": 0.0, ""xlai"": 0.1189326718449592, ""totir"": 0.0, ""tofer"": NaN, ""swfac"": 0.0, ""nstres"": 0.0}",0.0,0.0,57.61742115020752,0.0,0.1189326718449592,0.0,,0.0,0.0,30.0,180.0,8.096588134765625,20.096588134765625,Leave_One_experiments/all_year_offline_schedule_search/daily_outputs/HLA/HLA_2015_HLA2015_normal_grid_S0031_daily.csv
HLA,HLA,Hailun,2015,Leave_One_experiments\wth_generated_qc\HLA\HLA2015.WTH,dry_year;nitrogen_stress_year;low_response_year,dry,HLA2015_normal_grid_S0031,pareto_balanced,2015-06-08,159,40,35,"{""sim_day"": 40.0, ""doy"": 159.0, ""topwt"": 65.71531772613525, ""grnwt"": 0.0, ""xlai"": 0.1347425729036331, ""totir"": 0.0, ""tofer"": NaN, ""swfac"": 0.0, ""nstres"": 0.0}",0.0,0.0,65.71531772613525,0.0,0.1347425729036331,0.0,,0.0,0.0,30.0,180.0,8.096588134765625,20.096588134765625,Leave_One_experiments/all_year_offline_schedule_search/daily_outputs/HLA/HLA_2015_HLA2015_normal_grid_S0031_daily.csv
HLA,HLA,Hailun,2015,Leave_One_experiments\wth_generated_qc\HLA\HLA2015.WTH,dry_year;nitrogen_stress_year;low_response_year,dry,HLA2015_normal_grid_S0031,pareto_balanced,2015-06-09,160,41,36,"{""sim_day"": 41.0, ""doy"": 160.0, ""topwt"": 77.93329238891602, ""grnwt"": 0.0, ""xlai"": 0.1577264368534088, ""totir"": 0.0, ""tofer"": NaN, ""swfac"": 0.0, ""nstres"": 0.0}",0.0,0.0,77.93329238891602,0.0,0.1577264368534088,0.0,,0.0,0.0,30.0,180.0,8.096588134765625,20.096588134765625,Leave_One_experiments/all_year_offline_schedule_search/daily_outputs/HLA/HLA_2015_HLA2015_normal_grid_S0031_daily.csv
HLA,HLA,Hailun,2015,Leave_One_experiments\wth_generated_qc\HLA\HLA2015.WTH,dry_year;nitrogen_stress_year;low_response_year,dry,HLA2015_normal_grid_S0031,pareto_balanced,2015-06-10,161,42,37,"{""sim_day"": 42.0, ""doy"": 161.0, ""topwt"": 92.70647048950195, ""grnwt"": 0.0, ""xlai"": 0.1843954473733902, ""totir"": 0.0, ""tofer"": NaN, ""swfac"": 0.0, ""nstres"": 0.0}",0.0,0.0,92.70647048950195,0.0,0.1843954473733902,0.0,,0.0,0.0,30.0,180.0,8.096588134765625,20.096588134765625,Leave_One_experiments/all_year_offline_schedule_search/daily_outputs/HLA/HLA_2015_HLA2015_normal_grid_S0031_daily.csv
HLA,HLA,Hailun,2015,Leave_One_experiments\wth_generated_qc\HLA\HLA2015.WTH,dry_year;nitrogen_stress_year;low_response_year,dry,HLA2015_normal_grid_S0031,pareto_balanced,2015-06-11,162,43,38,"{""sim_day"": 43.0, ""doy"": 162.0, ""topwt"": 108.83733749389648, ""grnwt"": 0.0, ""xlai"": 0.2123979181051254, ""totir"": 0.0, ""tofer"": NaN, ""swfac"": 0.0, ""nstres"": 0.0}",0.0,0.0,108.83733749389648,0.0,0.2123979181051254,0.0,,0.0,0.0,30.0,180.0,8.096588134765625,20.096588134765625,Leave_One_experiments/all_year_offline_schedule_search/daily_outputs/HLA/HLA_2015_HLA2015_normal_grid_S0031_daily.csv
HLA,HLA,Hailun,2015,Leave_One_experiments\wth_generated_qc\HLA\HLA2015.WTH,dry_year;nitrogen_stress_year;low_response_year,dry,HLA2015_normal_grid_S0031,pareto_balanced,2015-06-12,163,44,39,"{""sim_day"": 44.0, ""doy"": 163.0, ""topwt"": 128.6435317993164, ""grnwt"": 0.0, ""xlai"": 0.2455031871795654, ""totir"": 0.0, ""tofer"": NaN, ""swfac"": 0.0, ""nstres"": 0.0}",0.0,0.0,128.6435317993164,0.0,0.2455031871795654,0.0,,0.0,0.0,30.0,180.0,8.096588134765625,20.096588134765625,Leave_One_experiments/all_year_offline_schedule_search/daily_outputs/HLA/HLA_2015_HLA2015_normal_grid_S0031_daily.csv
HLA,HLA,Hailun,2015,Leave_One_experiments\wth_generated_qc\HLA\HLA2015.WTH,dry_year;nitrogen_stress_year;low_response_year,dry,HLA2015_normal_grid_S0031,pareto_balanced,2015-06-13,164,45,40,"{""sim_day"": 45.0, ""doy"": 164.0, ""topwt"": 147.82906532287598, ""grnwt"": 0.0, ""xlai"": 0.2953105270862579, ""totir"": 0.0, ""tofer"": NaN, ""swfac"": 0.0, ""nstres"": 0.0}",0.0,0.0,147.82906532287598,0.0,0.2953105270862579,0.0,,0.0,0.0,30.0,180.0,8.096588134765625,20.096588134765625,Leave_One_experiments/all_year_offline_schedule_search/daily_outputs/HLA/HLA_2015_HLA2015_normal_grid_S0031_daily.csv
HLA,HLA,Hailun,2015,Leave_One_experiments\wth_generated_qc\HLA\HLA2015.WTH,dry_year;nitrogen_stress_year;low_response_year,dry,HLA2015_normal_grid_S0031,pareto_balanced,2015-06-14,165,46,41,"{""sim_day"": 46.0, ""doy"": 165.0, ""topwt"": 187.4351692199707, ""grnwt"": 0.0, ""xlai"": 0.3607876896858215, ""totir"": 0.0, ""tofer"": NaN, ""swfac"": 0.0, ""nstres"": 0.0020726323127746}",0.0,0.0020726323127746,187.4351692199707,0.0,0.3607876896858215,0.0,,0.0,0.0,30.0,180.0,8.096588134765625,20.096588134765625,Leave_One_experiments/all_year_offline_schedule_search/daily_outputs/HLA/HLA_2015_HLA2015_normal_grid_S0031_daily.csv
HLA,HLA,Hailun,2015,Leave_One_experiments\wth_generated_qc\HLA\HLA2015.WTH,dry_year;nitrogen_stress_year;low_response_year,dry,HLA2015_normal_grid_S0031,pareto_balanced,2015-06-15,166,47,42,"{""sim_day"": 47.0, ""doy"": 166.0, ""topwt"": 238.6933135986328, ""grnwt"": 0.0, ""xlai"": 0.4411228001117706, ""totir"": 0.0, ""tofer"": NaN, ""swfac"": 0.0, ""nstres"": 0.0}",0.0,0.0,238.6933135986328,0.0,0.4411228001117706,0.0,,0.0,0.0,30.0,180.0,8.096588134765625,20.096588134765625,Leave_One_experiments/all_year_offline_schedule_search/daily_outputs/HLA/HLA_2015_HLA2015_normal_grid_S0031_daily.csv
HLA,HLA,Hailun,2015,Leave_One_experiments\wth_generated_qc\HLA\HLA2015.WTH,dry_year;nitrogen_stress_year;low_response_year,dry,HLA2015_normal_grid_S0031,pareto_balanced,2015-06-16,167,48,43,"{""sim_day"": 48.0, ""doy"": 167.0, ""topwt"": 290.3912734985352, ""grnwt"": 0.0, ""xlai"": 0.5183335542678833, ""totir"": 0.0, ""tofer"": NaN, ""swfac"": 0.0, ""nstres"": 0.0}",0.0,0.0,290.3912734985352,0.0,0.5183335542678833,0.0,,0.0,0.0,30.0,180.0,8.096588134765625,20.096588134765625,Leave_One_experiments/all_year_offline_schedule_search/daily_outputs/HLA/HLA_2015_HLA2015_normal_grid_S0031_daily.csv
HLA,HLA,Hailun,2015,Leave_One_experiments\wth_generated_qc\HLA\HLA2015.WTH,dry_year;nitrogen_stress_year;low_response_year,dry,HLA2015_normal_grid_S0031,pareto_balanced,2015-06-17,168,49,44,"{""sim_day"": 49.0, ""doy"": 168.0, ""topwt"": 343.1085968017578, ""grnwt"": 0.0, ""xlai"": 0.5939877033233643, ""totir"": 0.0, ""tofer"": NaN, ""swfac"": 0.0, ""nstres"": 0.0}",0.0,0.0,343.1085968017578,0.0,0.5939877033233643,0.0,,0.0,0.0,30.0,180.0,8.096588134765625,20.096588134765625,Leave_One_experiments/all_year_offline_schedule_search/daily_outputs/HLA/HLA_2015_HLA2015_normal_grid_S0031_daily.csv
HLA,HLA,Hailun,2015,Leave_One_experiments\wth_generated_qc\HLA\HLA2015.WTH,dry_year;nitrogen_stress_year;low_response_year,dry,HLA2015_normal_grid_S0031,pareto_balanced,2015-06-18,169,50,45,"{""sim_day"": 50.0, ""doy"": 169.0, ""topwt"": 400.7585144042969, ""grnwt"": 0.0, ""xlai"": 0.6738418936729431, ""totir"": 0.0, ""tofer"": NaN, ""swfac"": 0.0, ""nstres"": 0.0}",0.0,0.0,400.7585144042969,0.0,0.6738418936729431,0.0,,0.0,0.0,30.0,180.0,8.096588134765625,20.096588134765625,Leave_One_experiments/all_year_offline_schedule_search/daily_outputs/HLA/HLA_2015_HLA2015_normal_grid_S0031_daily.csv
HLA,HLA,Hailun,2015,Leave_One_experiments\wth_generated_qc\HLA\HLA2015.WTH,dry_year;nitrogen_stress_year;low_response_year,dry,HLA2015_normal_grid_S0031,pareto_balanced,2015-06-19,170,51,46,"{""sim_day"": 51.0, ""doy"": 170.0, ""topwt"": 459.687728881836, ""grnwt"": 0.0, ""xlai"": 0.7528884410858154, ""totir"": 0.0, ""tofer"": NaN, ""swfac"": 0.0, ""nstres"": 0.0}",0.0,0.0,459.687728881836,0.0,0.7528884410858154,0.0,,0.0,0.0,30.0,180.0,8.096588134765625,20.096588134765625,Leave_One_experiments/all_year_offline_schedule_search/daily_outputs/HLA/HLA_2015_HLA2015_normal_grid_S0031_daily.csv
HLA,HLA,Hailun,2015,Leave_One_experiments\wth_generated_qc\HLA\HLA2015.WTH,dry_year;nitrogen_stress_year;low_response_year,dry,HLA2015_normal_grid_S0031,pareto_balanced,2015-06-20,171,52,47,"{""sim_day"": 52.0, ""doy"": 171.0, ""topwt"": 534.7988891601562, ""grnwt"": 0.0, ""xlai"": 0.848289430141449, ""totir"": 0.0, ""tofer"": NaN, ""swfac"": 0.0, ""nstres"": 0.0}",0.0,0.0,534.7988891601562,0.0,0.848289430141449,0.0,,0.0,0.0,30.0,180.0,8.096588134765625,20.096588134765625,Leave_One_experiments/all_year_offline_schedule_search/daily_outputs/HLA/HLA_2015_HLA2015_normal_grid_S0031_daily.csv
HLA,HLA,Hailun,2015,Leave_One_experiments\wth_generated_qc\HLA\HLA2015.WTH,dry_year;nitrogen_stress_year;low_response_year,dry,HLA2015_normal_grid_S0031,pareto_balanced,2015-06-21,172,53,48,"{""sim_day"": 53.0, ""doy"": 172.0, ""topwt"": 635.9558868408203, ""grnwt"": 0.0, ""xlai"": 0.9790798425674438, ""totir"": 0.0, ""tofer"": NaN, ""swfac"": 0.0, ""nstres"": 0.0}",0.0,0.0,635.9558868408203,0.0,0.9790798425674438,0.0,,0.0,0.0,30.0,180.0,8.096588134765625,20.096588134765625,Leave_One_experiments/all_year_offline_schedule_search/daily_outputs/HLA/HLA_2015_HLA2015_normal_grid_S0031_daily.csv
HLA,HLA,Hailun,2015,Leave_One_experiments\wth_generated_qc\HLA\HLA2015.WTH,dry_year;nitrogen_stress_year;low_response_year,dry,HLA2015_normal_grid_S0031,pareto_balanced,2015-06-22,173,54,49,"{""sim_day"": 54.0, ""doy"": 173.0, ""topwt"": 715.9077453613281, ""grnwt"": 0.0, ""xlai"": 1.0782363414764404, ""totir"": 0.0, ""tofer"": NaN, ""swfac"": 0.0, ""nstres"": 0.0}",0.0,0.0,715.9077453613281,0.0,1.0782363414764404,0.0,,0.0,0.0,30.0,180.0,8.096588134765625,20.096588134765625,Leave_One_experiments/all_year_offline_schedule_search/daily_outputs/HLA/HLA_2015_HLA2015_normal_grid_S0031_daily.csv
HLA,HLA,Hailun,2015,Leave_One_experiments\wth_generated_qc\HLA\HLA2015.WTH,dry_year;nitrogen_stress_year;low_response_year,dry,HLA2015_normal_grid_S0031,pareto_balanced,2015-06-23,174,55,50,"{""sim_day"": 55.0, ""doy"": 174.0, ""topwt"": 800.6877899169922, ""grnwt"": 0.0, ""xlai"": 1.179302215576172, ""totir"": 0.0, ""tofer"": NaN, ""swfac"": 0.0, ""nstres"": 0.0}",0.0,0.0,800.6877899169922,0.0,1.179302215576172,0.0,,0.0,0.0,30.0,180.0,8.096588134765625,20.096588134765625,Leave_One_experiments/all_year_offline_schedule_search/daily_outputs/HLA/HLA_2015_HLA2015_normal_grid_S0031_daily.csv
HLA,HLA,Hailun,2015,Leave_One_experiments\wth_generated_qc\HLA\HLA2015.WTH,dry_year;nitrogen_stress_year;low_response_year,dry,HLA2015_normal_grid_S0031,pareto_balanced,2015-06-24,175,56,51,"{""sim_day"": 56.0, ""doy"": 175.0, ""topwt"": 870.9099578857422, ""grnwt"": 0.0, ""xlai"": 1.2599737644195557, ""totir"": 0.0, ""tofer"": NaN, ""swfac"": 0.0, ""nstres"": 0.0}",0.0,0.0,870.9099578857422,0.0,1.2599737644195557,0.0,,0.0,0.0,30.0,180.0,8.096588134765625,20.096588134765625,Leave_One_experiments/all_year_offline_schedule_search/daily_outputs/HLA/HLA_2015_HLA2015_normal_grid_S0031_daily.csv
HLA,HLA,Hailun,2015,Leave_One_experiments\wth_generated_qc\HLA\HLA2015.WTH,dry_year;nitrogen_stress_year;low_response_year,dry,HLA2015_normal_grid_S0031,pareto_balanced,2015-06-25,176,57,52,"{""sim_day"": 57.0, ""doy"": 176.0, ""topwt"": 974.4190216064452, ""grnwt"": 0.0, ""xlai"": 1.373578429222107, ""totir"": 0.0, ""tofer"": NaN, ""swfac"": 0.0, ""nstres"": 0.0}",0.0,0.0,974.4190216064452,0.0,1.373578429222107,0.0,,0.0,0.0,30.0,180.0,8.096588134765625,20.096588134765625,Leave_One_experiments/all_year_offline_schedule_search/daily_outputs/HLA/HLA_2015_HLA2015_normal_grid_S0031_daily.csv
HLA,HLA,Hailun,2015,Leave_One_experiments\wth_generated_qc\HLA\HLA2015.WTH,dry_year;nitrogen_stress_year;low_response_year,dry,HLA2015_normal_grid_S0031,pareto_balanced,2015-06-26,177,58,53,"{""sim_day"": 58.0, ""doy"": 177.0, ""topwt"": 1082.5349426269531, ""grnwt"": 0.0, ""xlai"": 1.4861332178115845, ""totir"": 0.0, ""tofer"": NaN, ""swfac"": 0.0, ""nstres"": 0.0}",0.0,0.0,1082.5349426269531,0.0,1.4861332178115845,0.0,,0.0,0.0,30.0,180.0,8.096588134765625,20.096588134765625,Leave_One_experiments/all_year_offline_schedule_search/daily_outputs/HLA/HLA_2015_HLA2015_normal_grid_S0031_daily.csv
HLA,HLA,Hailun,2015,Leave_One_experiments\wth_generated_qc\HLA\HLA2015.WTH,dry_year;nitrogen_stress_year;low_response_year,dry,HLA2015_normal_grid_S0031,pareto_balanced,2015-06-27,178,59,54,"{""sim_day"": 59.0, ""doy"": 178.0, ""topwt"": 1180.4791259765625, ""grnwt"": 0.0, ""xlai"": 1.5834007263183594, ""totir"": 0.0, ""tofer"": NaN, ""swfac"": 0.0, ""nstres"": 0.0}",0.0,0.0,1180.4791259765625,0.0,1.5834007263183594,0.0,,0.0,0.0,30.0,180.0,8.096588134765625,20.096588134765625,Leave_One_experiments/all_year_offline_schedule_search/daily_outputs/HLA/HLA_2015_HLA2015_normal_grid_S0031_daily.csv
HLA,HLA,Hailun,2015,Leave_One_experiments\wth_generated_qc\HLA\HLA2015.WTH,dry_year;nitrogen_stress_year;low_response_year,dry,HLA2015_normal_grid_S0031,pareto_balanced,2015-06-28,179,60,55,"{""sim_day"": 60.0, ""doy"": 179.0, ""topwt"": 1277.16552734375, ""grnwt"": 0.0, ""xlai"": 1.6751917600631714, ""totir"": 0.0, ""tofer"": NaN, ""swfac"": 0.0, ""nstres"": 0.0}",0.0,0.0,1277.16552734375,0.0,1.6751917600631714,0.0,,0.0,0.0,30.0,180.0,8.096588134765625,20.096588134765625,Leave_One_experiments/all_year_offline_schedule_search/daily_outputs/HLA/HLA_2015_HLA2015_normal_grid_S0031_daily.csv
HLA,HLA,Hailun,2015,Leave_One_experiments\wth_generated_qc\HLA\HLA2015.WTH,dry_year;nitrogen_stress_year;low_response_year,dry,HLA2015_normal_grid_S0031,pareto_balanced,2015-06-29,180,61,56,"{""sim_day"": 61.0, ""doy"": 180.0, ""topwt"": 1363.3126831054688, ""grnwt"": 0.0, ""xlai"": 1.7537575960159302, ""totir"": 0.0, ""tofer"": NaN, ""swfac"": 0.0, ""nstres"": 0.0}",0.0,0.0,1363.3126831054688,0.0,1.7537575960159302,0.0,,0.0,0.0,30.0,180.0,8.096588134765625,20.096588134765625,Leave_One_experiments/all_year_offline_schedule_search/daily_outputs/HLA/HLA_2015_HLA2015_normal_grid_S0031_daily.csv
HLA,HLA,Hailun,2015,Leave_One_experiments\wth_generated_qc\HLA\HLA2015.WTH,dry_year;nitrogen_stress_year;low_response_year,dry,HLA2015_normal_grid_S0031,pareto_balanced,2015-06-30,181,62,57,"{""sim_day"": 62.0, ""doy"": 181.0, ""topwt"": 1457.7621459960938, ""grnwt"": 0.0, ""xlai"": 1.8363841772079468, ""totir"": 0.0, ""tofer"": NaN, ""swfac"": 0.0, ""nstres"": 0.0}",0.0,0.0,1457.7621459960938,0.0,1.8363841772079468,0.0,,0.0,0.0,30.0,180.0,8.096588134765625,20.096588134765625,Leave_One_experiments/all_year_offline_schedule_search/daily_outputs/HLA/HLA_2015_HLA2015_normal_grid_S0031_daily.csv
HLA,HLA,Hailun,2015,Leave_One_experiments\wth_generated_qc\HLA\HLA2015.WTH,dry_year;nitrogen_stress_year;low_response_year,dry,HLA2015_normal_grid_S0031,pareto_balanced,2015-07-01,182,63,58,"{""sim_day"": 63.0, ""doy"": 182.0, ""topwt"": 1549.0725708007812, ""grnwt"": 0.0, ""xlai"": 1.9131221771240237, ""totir"": 0.0, ""tofer"": NaN, ""swfac"": 0.0, ""nstres"": 0.0}",0.0,0.0,1549.0725708007812,0.0,1.9131221771240237,0.0,,0.0,0.0,30.0,180.0,8.096588134765625,20.096588134765625,Leave_One_experiments/all_year_offline_schedule_search/daily_outputs/HLA/HLA_2015_HLA2015_normal_grid_S0031_daily.csv
HLA,HLA,Hailun,2015,Leave_One_experiments\wth_generated_qc\HLA\HLA2015.WTH,dry_year;nitrogen_stress_year;low_response_year,dry,HLA2015_normal_grid_S0031,pareto_balanced,2015-07-02,183,64,59,"{""sim_day"": 64.0, ""doy"": 183.0, ""topwt"": 1645.084991455078, ""grnwt"": 0.0, ""xlai"": 1.9906028509140012, ""totir"": 0.0, ""tofer"": NaN, ""swfac"": 0.0, ""nstres"": 0.0}",0.0,0.0,1645.084991455078,0.0,1.9906028509140012,0.0,,0.0,0.0,30.0,180.0,8.096588134765625,20.096588134765625,Leave_One_experiments/all_year_offline_schedule_search/daily_outputs/HLA/HLA_2015_HLA2015_normal_grid_S0031_daily.csv
HLA,HLA,Hailun,2015,Leave_One_experiments\wth_generated_qc\HLA\HLA2015.WTH,dry_year;nitrogen_stress_year;low_response_year,dry,HLA2015_normal_grid_S0031,pareto_balanced,2015-07-03,184,65,60,"{""sim_day"": 65.0, ""doy"": 184.0, ""topwt"": 1766.4865112304688, ""grnwt"": 0.0, ""xlai"": 2.0839383602142334, ""totir"": 0.0, ""tofer"": NaN, ""swfac"": 0.0, ""nstres"": 0.0}",0.0,0.0,1766.4865112304688,0.0,2.0839383602142334,0.0,,0.0,50.0,30.0,180.0,8.096588134765625,20.096588134765625,Leave_One_experiments/all_year_offline_schedule_search/daily_outputs/HLA/HLA_2015_HLA2015_normal_grid_S0031_daily.csv
HLA,HLA,Hailun,2015,Leave_One_experiments\wth_generated_qc\HLA\HLA2015.WTH,dry_year;nitrogen_stress_year;low_response_year,dry,HLA2015_normal_grid_S0031,pareto_balanced,2015-07-04,185,66,61,"{""sim_day"": 66.0, ""doy"": 185.0, ""topwt"": 1919.6029663085935, ""grnwt"": 0.0, ""xlai"": 2.194952964782715, ""totir"": 0.0, ""tofer"": NaN, ""swfac"": 0.0, ""nstres"": 0.0}",0.0,0.0,1919.6029663085935,0.0,2.194952964782715,0.0,,0.0,0.0,30.0,180.0,8.096588134765625,20.096588134765625,Leave_One_experiments/all_year_offline_schedule_search/daily_outputs/HLA/HLA_2015_HLA2015_normal_grid_S0031_daily.csv
HLA,HLA,Hailun,2015,Leave_One_experiments\wth_generated_qc\HLA\HLA2015.WTH,dry_year;nitrogen_stress_year;low_response_year,dry,HLA2015_normal_grid_S0031,pareto_balanced,2015-07-05,186,67,62,"{""sim_day"": 67.0, ""doy"": 186.0, ""topwt"": 2097.705841064453, ""grnwt"": 0.0, ""xlai"": 2.315917015075684, ""totir"": 0.0, ""tofer"": NaN, ""swfac"": 0.0, ""nstres"": 0.0}",0.0,0.0,2097.705841064453,0.0,2.315917015075684,0.0,,0.0,0.0,30.0,180.0,8.096588134765625,20.096588134765625,Leave_One_experiments/all_year_offline_schedule_search/daily_outputs/HLA/HLA_2015_HLA2015_normal_grid_S0031_daily.csv
HLA,HLA,Hailun,2015,Leave_One_experiments\wth_generated_qc\HLA\HLA2015.WTH,dry_year;nitrogen_stress_year;low_response_year,dry,HLA2015_normal_grid_S0031,pareto_balanced,2015-07-06,187,68,63,"{""sim_day"": 68.0, ""doy"": 187.0, ""topwt"": 2298.5374450683594, ""grnwt"": 0.0, ""xlai"": 2.443157434463501, ""totir"": 0.0, ""tofer"": NaN, ""swfac"": 0.0, ""nstres"": 0.0}",0.0,0.0,2298.5374450683594,0.0,2.443157434463501,0.0,,0.0,0.0,30.0,180.0,8.096588134765625,20.096588134765625,Leave_One_experiments/all_year_offline_schedule_search/daily_outputs/HLA/HLA_2015_HLA2015_normal_grid_S0031_daily.csv
HLA,HLA,Hailun,2015,Leave_One_experiments\wth_generated_qc\HLA\HLA2015.WTH,dry_year;nitrogen_stress_year;low_response_year,dry,HLA2015_normal_grid_S0031,pareto_balanced,2015-07-07,188,69,64,"{""sim_day"": 69.0, ""doy"": 188.0, ""topwt"": 2502.1356201171875, ""grnwt"": 0.0, ""xlai"": 2.563801050186157, ""totir"": 0.0, ""tofer"": NaN, ""swfac"": 0.0, ""nstres"": 0.0}",0.0,0.0,2502.1356201171875,0.0,2.563801050186157,0.0,,0.0,0.0,30.0,180.0,8.096588134765625,20.096588134765625,Leave_One_experiments/all_year_offline_schedule_search/daily_outputs/HLA/HLA_2015_HLA2015_normal_grid_S0031_daily.csv
HLA,HLA,Hailun,2015,Leave_One_experiments\wth_generated_qc\HLA\HLA2015.WTH,dry_year;nitrogen_stress_year;low_response_year,dry,HLA2015_normal_grid_S0031,pareto_balanced,2015-07-08,189,70,65,"{""sim_day"": 70.0, ""doy"": 189.0, ""topwt"": 2735.296630859375, ""grnwt"": 0.0, ""xlai"": 2.692561388015747, ""totir"": 30.0, ""tofer"": NaN, ""swfac"": 0.0, ""nstres"": 0.0}",0.0,0.0,2735.296630859375,0.0,2.692561388015747,30.0,,30.0,0.0,30.0,180.0,8.096588134765625,20.096588134765625,Leave_One_experiments/all_year_offline_schedule_search/daily_outputs/HLA/HLA_2015_HLA2015_normal_grid_S0031_daily.csv
HLA,HLA,Hailun,2015,Leave_One_experiments\wth_generated_qc\HLA\HLA2015.WTH,dry_year;nitrogen_stress_year;low_response_year,dry,HLA2015_normal_grid_S0031,pareto_balanced,2015-07-09,190,71,66,"{""sim_day"": 71.0, ""doy"": 190.0, ""topwt"": 3007.75634765625, ""grnwt"": 0.0, ""xlai"": 2.832014560699463, ""totir"": 30.0, ""tofer"": NaN, ""swfac"": 0.0, ""nstres"": 0.0}",0.0,0.0,3007.75634765625,0.0,2.832014560699463,30.0,,0.0,0.0,30.0,180.0,8.096588134765625,20.096588134765625,Leave_One_experiments/all_year_offline_schedule_search/daily_outputs/HLA/HLA_2015_HLA2015_normal_grid_S0031_daily.csv
HLA,HLA,Hailun,2015,Leave_One_experiments\wth_generated_qc\HLA\HLA2015.WTH,dry_year;nitrogen_stress_year;low_response_year,dry,HLA2015_normal_grid_S0031,pareto_balanced,2015-07-10,191,72,67,"{""sim_day"": 72.0, ""doy"": 191.0, ""topwt"": 3233.162841796875, ""grnwt"": 0.0, ""xlai"": 2.940126657485962, ""totir"": 30.0, ""tofer"": NaN, ""swfac"": 0.0, ""nstres"": 0.0}",0.0,0.0,3233.162841796875,0.0,2.940126657485962,30.0,,0.0,0.0,30.0,180.0,8.096588134765625,20.096588134765625,Leave_One_experiments/all_year_offline_schedule_search/daily_outputs/HLA/HLA_2015_HLA2015_normal_grid_S0031_daily.csv
HLA,HLA,Hailun,2015,Leave_One_experiments\wth_generated_qc\HLA\HLA2015.WTH,dry_year;nitrogen_stress_year;low_response_year,dry,HLA2015_normal_grid_S0031,pareto_balanced,2015-07-11,192,73,68,"{""sim_day"": 73.0, ""doy"": 192.0, ""topwt"": 3482.5955200195312, ""grnwt"": 0.0, ""xlai"": 3.0527126789093018, ""totir"": 30.0, ""tofer"": NaN, ""swfac"": 0.0, ""nstres"": 0.0}",0.0,0.0,3482.5955200195312,0.0,3.0527126789093018,30.0,,0.0,0.0,30.0,180.0,8.096588134765625,20.096588134765625,Leave_One_experiments/all_year_offline_schedule_search/daily_outputs/HLA/HLA_2015_HLA2015_normal_grid_S0031_daily.csv
HLA,HLA,Hailun,2015,Leave_One_experiments\wth_generated_qc\HLA\HLA2015.WTH,dry_year;nitrogen_stress_year;low_response_year,dry,HLA2015_normal_grid_S0031,pareto_balanced,2015-07-12,193,74,69,"{""sim_day"": 74.0, ""doy"": 193.0, ""topwt"": 3731.1724853515625, ""grnwt"": 0.0, ""xlai"": 3.1586577892303467, ""totir"": 30.0, ""tofer"": NaN, ""swfac"": 0.0, ""nstres"": 0.0}",0.0,0.0,3731.1724853515625,0.0,3.1586577892303467,30.0,,0.0,0.0,30.0,180.0,8.096588134765625,20.096588134765625,Leave_One_experiments/all_year_offline_schedule_search/daily_outputs/HLA/HLA_2015_HLA2015_normal_grid_S0031_daily.csv
HLA,HLA,Hailun,2015,Leave_One_experiments\wth_generated_qc\HLA\HLA2015.WTH,dry_year;nitrogen_stress_year;low_response_year,dry,HLA2015_normal_grid_S0031,pareto_balanced,2015-07-13,194,75,70,"{""sim_day"": 75.0, ""doy"": 194.0, ""topwt"": 3977.867126464844, ""grnwt"": 0.0, ""xlai"": 3.2583229541778564, ""totir"": 30.0, ""tofer"": NaN, ""swfac"": 0.0, ""nstres"": 0.0}",0.0,0.0,3977.867126464844,0.0,3.2583229541778564,30.0,,0.0,0.0,30.0,180.0,8.096588134765625,20.096588134765625,Leave_One_experiments/all_year_offline_schedule_search/daily_outputs/HLA/HLA_2015_HLA2015_normal_grid_S0031_daily.csv
HLA,HLA,Hailun,2015,Leave_One_experiments\wth_generated_qc\HLA\HLA2015.WTH,dry_year;nitrogen_stress_year;low_response_year,dry,HLA2015_normal_grid_S0031,pareto_balanced,2015-07-14,195,76,71,"{""sim_day"": 76.0, ""doy"": 195.0, ""topwt"": 4231.832580566406, ""grnwt"": 0.0, ""xlai"": 3.355769395828247, ""totir"": 30.0, ""tofer"": NaN, ""swfac"": 0.0, ""nstres"": 0.0}",0.0,0.0,4231.832580566406,0.0,3.355769395828247,30.0,,0.0,0.0,30.0,180.0,8.096588134765625,20.096588134765625,Leave_One_experiments/all_year_offline_schedule_search/daily_outputs/HLA/HLA_2015_HLA2015_normal_grid_S0031_daily.csv
HLA,HLA,Hailun,2015,Leave_One_experiments\wth_generated_qc\HLA\HLA2015.WTH,dry_year;nitrogen_stress_year;low_response_year,dry,HLA2015_normal_grid_S0031,pareto_balanced,2015-07-15,196,77,72,"{""sim_day"": 77.0, ""doy"": 196.0, ""topwt"": 4597.1563720703125, ""grnwt"": 0.0, ""xlai"": 3.563140630722046, ""totir"": 30.0, ""tofer"": NaN, ""swfac"": 0.0, ""nstres"": 0.0}",0.0,0.0,4597.1563720703125,0.0,3.563140630722046,30.0,,0.0,0.0,30.0,180.0,8.096588134765625,20.096588134765625,Leave_One_experiments/all_year_offline_schedule_search/daily_outputs/HLA/HLA_2015_HLA2015_normal_grid_S0031_daily.csv
HLA,HLA,Hailun,2015,Leave_One_experiments\wth_generated_qc\HLA\HLA2015.WTH,dry_year;nitrogen_stress_year;low_response_year,dry,HLA2015_normal_grid_S0031,pareto_balanced,2015-07-16,197,78,73,"{""sim_day"": 78.0, ""doy"": 197.0, ""topwt"": 4879.663696289063, ""grnwt"": 0.0, ""xlai"": 3.691818952560425, ""totir"": 30.0, ""tofer"": NaN, ""swfac"": 0.0, ""nstres"": 0.0}",0.0,0.0,4879.663696289063,0.0,3.691818952560425,30.0,,0.0,0.0,30.0,180.0,8.096588134765625,20.096588134765625,Leave_One_experiments/all_year_offline_schedule_search/daily_outputs/HLA/HLA_2015_HLA2015_normal_grid_S0031_daily.csv
HLA,HLA,Hailun,2015,Leave_One_experiments\wth_generated_qc\HLA\HLA2015.WTH,dry_year;nitrogen_stress_year;low_response_year,dry,HLA2015_normal_grid_S0031,pareto_balanced,2015-07-17,198,79,74,"{""sim_day"": 79.0, ""doy"": 198.0, ""topwt"": 5163.624877929688, ""grnwt"": 0.0, ""xlai"": 3.8035757541656494, ""totir"": 30.0, ""tofer"": NaN, ""swfac"": 0.0, ""nstres"": 0.0}",0.0,0.0,5163.624877929688,0.0,3.8035757541656494,30.0,,0.0,0.0,30.0,180.0,8.096588134765625,20.096588134765625,Leave_One_experiments/all_year_offline_schedule_search/daily_outputs/HLA/HLA_2015_HLA2015_normal_grid_S0031_daily.csv
HLA,HLA,Hailun,2015,Leave_One_experiments\wth_generated_qc\HLA\HLA2015.WTH,dry_year;nitrogen_stress_year;low_response_year,dry,HLA2015_normal_grid_S0031,pareto_balanced,2015-07-18,199,80,75,"{""sim_day"": 80.0, ""doy"": 199.0, ""topwt"": 5440.8795166015625, ""grnwt"": 0.0, ""xlai"": 3.901444911956787, ""totir"": 30.0, ""tofer"": NaN, ""swfac"": 0.0, ""nstres"": 0.0}",0.0,0.0,5440.8795166015625,0.0,3.901444911956787,30.0,,0.0,0.0,30.0,180.0,8.096588134765625,20.096588134765625,Leave_One_experiments/all_year_offline_schedule_search/daily_outputs/HLA/HLA_2015_HLA2015_normal_grid_S0031_daily.csv
HLA,HLA,Hailun,2015,Leave_One_experiments\wth_generated_qc\HLA\HLA2015.WTH,dry_year;nitrogen_stress_year;low_response_year,dry,HLA2015_normal_grid_S0031,pareto_balanced,2015-07-19,200,81,76,"{""sim_day"": 81.0, ""doy"": 200.0, ""topwt"": 5741.77001953125, ""grnwt"": 0.0, ""xlai"": 3.9980015754699703, ""totir"": 30.0, ""tofer"": NaN, ""swfac"": 0.0, ""nstres"": 0.0}",0.0,0.0,5741.77001953125,0.0,3.9980015754699703,30.0,,0.0,0.0,30.0,180.0,8.096588134765625,20.096588134765625,Leave_One_experiments/all_year_offline_schedule_search/daily_outputs/HLA/HLA_2015_HLA2015_normal_grid_S0031_daily.csv
HLA,HLA,Hailun,2015,Leave_One_experiments\wth_generated_qc\HLA\HLA2015.WTH,dry_year;nitrogen_stress_year;low_response_year,dry,HLA2015_normal_grid_S0031,pareto_balanced,2015-07-20,201,82,77,"{""sim_day"": 82.0, ""doy"": 201.0, ""topwt"": 5995.723876953125, ""grnwt"": 0.0, ""xlai"": 4.074082374572754, ""totir"": 30.0, ""tofer"": NaN, ""swfac"": 0.0, ""nstres"": 0.0}",0.0,0.0,5995.723876953125,0.0,4.074082374572754,30.0,,0.0,0.0,30.0,180.0,8.096588134765625,20.096588134765625,Leave_One_experiments/all_year_offline_schedule_search/daily_outputs/HLA/HLA_2015_HLA2015_normal_grid_S0031_daily.csv
HLA,HLA,Hailun,2015,Leave_One_experiments\wth_generated_qc\HLA\HLA2015.WTH,dry_year;nitrogen_stress_year;low_response_year,dry,HLA2015_normal_grid_S0031,pareto_balanced,2015-07-21,202,83,78,"{""sim_day"": 83.0, ""doy"": 202.0, ""topwt"": 6264.730224609375, ""grnwt"": 0.0, ""xlai"": 4.147298812866211, ""totir"": 30.0, ""tofer"": NaN, ""swfac"": 0.0, ""nstres"": 0.0}",0.0,0.0,6264.730224609375,0.0,4.147298812866211,30.0,,0.0,0.0,30.0,180.0,8.096588134765625,20.096588134765625,Leave_One_experiments/all_year_offline_schedule_search/daily_outputs/HLA/HLA_2015_HLA2015_normal_grid_S0031_daily.csv
HLA,HLA,Hailun,2015,Leave_One_experiments\wth_generated_qc\HLA\HLA2015.WTH,dry_year;nitrogen_stress_year;low_response_year,dry,HLA2015_normal_grid_S0031,pareto_balanced,2015-07-22,203,84,79,"{""sim_day"": 84.0, ""doy"": 203.0, ""topwt"": 6525.985107421875, ""grnwt"": 0.0, ""xlai"": 4.211857318878174, ""totir"": 30.0, ""tofer"": NaN, ""swfac"": 0.0, ""nstres"": 0.0064970254898071}",0.0,0.0064970254898071,6525.985107421875,0.0,4.211857318878174,30.0,,0.0,0.0,30.0,180.0,8.096588134765625,20.096588134765625,Leave_One_experiments/all_year_offline_schedule_search/daily_outputs/HLA/HLA_2015_HLA2015_normal_grid_S0031_daily.csv
HLA,HLA,Hailun,2015,Leave_One_experiments\wth_generated_qc\HLA\HLA2015.WTH,dry_year;nitrogen_stress_year;low_response_year,dry,HLA2015_normal_grid_S0031,pareto_balanced,2015-07-23,204,85,80,"{""sim_day"": 85.0, ""doy"": 204.0, ""topwt"": 6697.8363037109375, ""grnwt"": 0.0, ""xlai"": 4.244975566864014, ""totir"": 30.0, ""tofer"": NaN, ""swfac"": 0.0, ""nstres"": 0.0194178819656372}",0.0,0.0194178819656372,6697.8363037109375,0.0,4.244975566864014,30.0,,0.0,0.0,30.0,180.0,8.096588134765625,20.096588134765625,Leave_One_experiments/all_year_offline_schedule_search/daily_outputs/HLA/HLA_2015_HLA2015_normal_grid_S0031_daily.csv
HLA,HLA,Hailun,2015,Leave_One_experiments\wth_generated_qc\HLA\HLA2015.WTH,dry_year;nitrogen_stress_year;low_response_year,dry,HLA2015_normal_grid_S0031,pareto_balanced,2015-07-24,205,86,81,"{""sim_day"": 86.0, ""doy"": 205.0, ""topwt"": 6930.582275390625, ""grnwt"": 0.0, ""xlai"": 4.285711288452148, ""totir"": 30.0, ""tofer"": NaN, ""swfac"": 0.0, ""nstres"": 0.0293294787406921}",0.0,0.0293294787406921,6930.582275390625,0.0,4.285711288452148,30.0,,0.0,0.0,30.0,180.0,8.096588134765625,20.096588134765625,Leave_One_experiments/all_year_offline_schedule_search/daily_outputs/HLA/HLA_2015_HLA2015_normal_grid_S0031_daily.csv
HLA,HLA,Hailun,2015,Leave_One_experiments\wth_generated_qc\HLA\HLA2015.WTH,dry_year;nitrogen_stress_year;low_response_year,dry,HLA2015_normal_grid_S0031,pareto_balanced,2015-07-25,206,87,82,"{""sim_day"": 87.0, ""doy"": 206.0, ""topwt"": 7100.158081054688, ""grnwt"": 0.0, ""xlai"": 4.307891845703125, ""totir"": 30.0, ""tofer"": NaN, ""swfac"": 0.0, ""nstres"": 0.0348329544067382}",0.0,0.0348329544067382,7100.158081054688,0.0,4.307891845703125,30.0,,0.0,0.0,30.0,180.0,8.096588134765625,20.096588134765625,Leave_One_experiments/all_year_offline_schedule_search/daily_outputs/HLA/HLA_2015_HLA2015_normal_grid_S0031_daily.csv
HLA,HLA,Hailun,2015,Leave_One_experiments\wth_generated_qc\HLA\HLA2015.WTH,dry_year;nitrogen_stress_year;low_response_year,dry,HLA2015_normal_grid_S0031,pareto_balanced,2015-07-26,207,88,83,"{""sim_day"": 88.0, ""doy"": 207.0, ""topwt"": 7279.39697265625, ""grnwt"": 0.0, ""xlai"": 4.328426361083984, ""totir"": 30.0, ""tofer"": NaN, ""swfac"": 0.0, ""nstres"": 0.0419495105743408}",0.0,0.0419495105743408,7279.39697265625,0.0,4.328426361083984,30.0,,0.0,0.0,30.0,180.0,8.096588134765625,20.096588134765625,Leave_One_experiments/all_year_offline_schedule_search/daily_outputs/HLA/HLA_2015_HLA2015_normal_grid_S0031_daily.csv
HLA,HLA,Hailun,2015,Leave_One_experiments\wth_generated_qc\HLA\HLA2015.WTH,dry_year;nitrogen_stress_year;low_response_year,dry,HLA2015_normal_grid_S0031,pareto_balanced,2015-07-27,208,89,84,"{""sim_day"": 89.0, ""doy"": 208.0, ""topwt"": 7445.861206054687, ""grnwt"": 0.0, ""xlai"": 4.343262195587158, ""totir"": 30.0, ""tofer"": NaN, ""swfac"": 0.0, ""nstres"": 0.0464479923248291}",0.0,0.0464479923248291,7445.861206054687,0.0,4.343262195587158,30.0,,0.0,0.0,30.0,180.0,8.096588134765625,20.096588134765625,Leave_One_experiments/all_year_offline_schedule_search/daily_outputs/HLA/HLA_2015_HLA2015_normal_grid_S0031_daily.csv
HLA,HLA,Hailun,2015,Leave_One_experiments\wth_generated_qc\HLA\HLA2015.WTH,dry_year;nitrogen_stress_year;low_response_year,dry,HLA2015_normal_grid_S0031,pareto_balanced,2015-07-28,209,90,85,"{""sim_day"": 90.0, ""doy"": 209.0, ""topwt"": 7622.939453125, ""grnwt"": 0.0, ""xlai"": 4.359662055969238, ""totir"": 30.0, ""tofer"": NaN, ""swfac"": 0.0, ""nstres"": 0.0480846166610717}",0.0,0.0480846166610717,7622.939453125,0.0,4.359662055969238,30.0,,0.0,0.0,30.0,180.0,8.096588134765625,20.096588134765625,Leave_One_experiments/all_year_offline_schedule_search/daily_outputs/HLA/HLA_2015_HLA2015_normal_grid_S0031_daily.csv
HLA,HLA,Hailun,2015,Leave_One_experiments\wth_generated_qc\HLA\HLA2015.WTH,dry_year;nitrogen_stress_year;low_response_year,dry,HLA2015_normal_grid_S0031,pareto_balanced,2015-07-29,210,91,86,"{""sim_day"": 91.0, ""doy"": 210.0, ""topwt"": 7791.046142578125, ""grnwt"": 0.0, ""xlai"": 4.372265338897705, ""totir"": 30.0, ""tofer"": NaN, ""swfac"": 0.0, ""nstres"": 0.0507978200912475}",0.0,0.0507978200912475,7791.046142578125,0.0,4.372265338897705,30.0,,0.0,0.0,30.0,180.0,8.096588134765625,20.096588134765625,Leave_One_experiments/all_year_offline_schedule_search/daily_outputs/HLA/HLA_2015_HLA2015_normal_grid_S0031_daily.csv
HLA,HLA,Hailun,2015,Leave_One_experiments\wth_generated_qc\HLA\HLA2015.WTH,dry_year;nitrogen_stress_year;low_response_year,dry,HLA2015_normal_grid_S0031,pareto_balanced,2015-07-30,211,92,87,"{""sim_day"": 92.0, ""doy"": 211.0, ""topwt"": 7966.9378662109375, ""grnwt"": 0.0, ""xlai"": 4.385102272033691, ""totir"": 30.0, ""tofer"": NaN, ""swfac"": 0.0, ""nstres"": 0.0535961389541626}",0.0,0.0535961389541626,7966.9378662109375,0.0,4.385102272033691,30.0,,0.0,0.0,30.0,180.0,8.096588134765625,20.096588134765625,Leave_One_experiments/all_year_offline_schedule_search/daily_outputs/HLA/HLA_2015_HLA2015_normal_grid_S0031_daily.csv
HLA,HLA,Hailun,2015,Leave_One_experiments\wth_generated_qc\HLA\HLA2015.WTH,dry_year;nitrogen_stress_year;low_response_year,dry,HLA2015_normal_grid_S0031,pareto_balanced,2015-07-31,212,93,88,"{""sim_day"": 93.0, ""doy"": 212.0, ""topwt"": 8176.8359375, ""grnwt"": 0.0, ""xlai"": 4.405230522155762, ""totir"": 30.0, ""tofer"": NaN, ""swfac"": 0.0, ""nstres"": 0.0550649762153625}",0.0,0.0550649762153625,8176.8359375,0.0,4.405230522155762,30.0,,0.0,0.0,30.0,180.0,8.096588134765625,20.096588134765625,Leave_One_experiments/all_year_offline_schedule_search/daily_outputs/HLA/HLA_2015_HLA2015_normal_grid_S0031_daily.csv
HLA,HLA,Hailun,2015,Leave_One_experiments\wth_generated_qc\HLA\HLA2015.WTH,dry_year;nitrogen_stress_year;low_response_year,dry,HLA2015_normal_grid_S0031,pareto_balanced,2015-08-01,213,94,89,"{""sim_day"": 94.0, ""doy"": 213.0, ""topwt"": 8414.962768554688, ""grnwt"": 0.0, ""xlai"": 4.37395715713501, ""totir"": 30.0, ""tofer"": NaN, ""swfac"": 0.0, ""nstres"": 0.0567929744720459}",0.0,0.0567929744720459,8414.962768554688,0.0,4.37395715713501,30.0,,0.0,0.0,30.0,180.0,8.096588134765625,20.096588134765625,Leave_One_experiments/all_year_offline_schedule_search/daily_outputs/HLA/HLA_2015_HLA2015_normal_grid_S0031_daily.csv
HLA,HLA,Hailun,2015,Leave_One_experiments\wth_generated_qc\HLA\HLA2015.WTH,dry_year;nitrogen_stress_year;low_response_year,dry,HLA2015_normal_grid_S0031,pareto_balanced,2015-08-02,214,95,90,"{""sim_day"": 95.0, ""doy"": 214.0, ""topwt"": 8831.688232421875, ""grnwt"": 0.0, ""xlai"": 4.345608711242676, ""totir"": 30.0, ""tofer"": NaN, ""swfac"": 0.0, ""nstres"": 0.051849365234375}",0.0,0.051849365234375,8831.688232421875,0.0,4.345608711242676,30.0,,0.0,0.0,30.0,180.0,8.096588134765625,20.096588134765625,Leave_One_experiments/all_year_offline_schedule_search/daily_outputs/HLA/HLA_2015_HLA2015_normal_grid_S0031_daily.csv
HLA,HLA,Hailun,2015,Leave_One_experiments\wth_generated_qc\HLA\HLA2015.WTH,dry_year;nitrogen_stress_year;low_response_year,dry,HLA2015_normal_grid_S0031,pareto_balanced,2015-08-03,215,96,91,"{""sim_day"": 96.0, ""doy"": 215.0, ""topwt"": 9180.884399414062, ""grnwt"": 0.0, ""xlai"": 4.319896221160889, ""totir"": 30.0, ""tofer"": NaN, ""swfac"": 0.0, ""nstres"": 0.0473355054855346}",0.0,0.0473355054855346,9180.884399414062,0.0,4.319896221160889,30.0,,0.0,0.0,30.0,180.0,8.096588134765625,20.096588134765625,Leave_One_experiments/all_year_offline_schedule_search/daily_outputs/HLA/HLA_2015_HLA2015_normal_grid_S0031_daily.csv
HLA,HLA,Hailun,2015,Leave_One_experiments\wth_generated_qc\HLA\HLA2015.WTH,dry_year;nitrogen_stress_year;low_response_year,dry,HLA2015_normal_grid_S0031,pareto_balanced,2015-08-04,216,97,92,"{""sim_day"": 97.0, ""doy"": 216.0, ""topwt"": 9579.437255859377, ""grnwt"": 0.0, ""xlai"": 4.295109272003174, ""totir"": 30.0, ""tofer"": NaN, ""swfac"": 0.0, ""nstres"": 0.0459021925926208}",0.0,0.0459021925926208,9579.437255859377,0.0,4.295109272003174,30.0,,0.0,0.0,30.0,180.0,8.096588134765625,20.096588134765625,Leave_One_experiments/all_year_offline_schedule_search/daily_outputs/HLA/HLA_2015_HLA2015_normal_grid_S0031_daily.csv
HLA,HLA,Hailun,2015,Leave_One_experiments\wth_generated_qc\HLA\HLA2015.WTH,dry_year;nitrogen_stress_year;low_response_year,dry,HLA2015_normal_grid_S0031,pareto_balanced,2015-08-05,217,98,93,"{""sim_day"": 98.0, ""doy"": 217.0, ""topwt"": 9800.169677734377, ""grnwt"": 0.0, ""xlai"": 4.272839069366455, ""totir"": 30.0, ""tofer"": NaN, ""swfac"": 0.0, ""nstres"": 0.0414808392524719}",0.0,0.0414808392524719,9800.169677734377,0.0,4.272839069366455,30.0,,0.0,0.0,30.0,180.0,8.096588134765625,20.096588134765625,Leave_One_experiments/all_year_offline_schedule_search/daily_outputs/HLA/HLA_2015_HLA2015_normal_grid_S0031_daily.csv
HLA,HLA,Hailun,2015,Leave_One_experiments\wth_generated_qc\HLA\HLA2015.WTH,dry_year;nitrogen_stress_year;low_response_year,dry,HLA2015_normal_grid_S0031,pareto_balanced,2015-08-06,218,99,94,"{""sim_day"": 99.0, ""doy"": 218.0, ""topwt"": 9930.400390625, ""grnwt"": 0.0, ""xlai"": 4.252987861633301, ""totir"": 30.0, ""tofer"": NaN, ""swfac"": 0.0, ""nstres"": 0.0371670722961425}",0.0,0.0371670722961425,9930.400390625,0.0,4.252987861633301,30.0,,0.0,0.0,30.0,180.0,8.096588134765625,20.096588134765625,Leave_One_experiments/all_year_offline_schedule_search/daily_outputs/HLA/HLA_2015_HLA2015_normal_grid_S0031_daily.csv
HLA,HLA,Hailun,2015,Leave_One_experiments\wth_generated_qc\HLA\HLA2015.WTH,dry_year;nitrogen_stress_year;low_response_year,dry,HLA2015_normal_grid_S0031,pareto_balanced,2015-08-07,219,100,95,"{""sim_day"": 100.0, ""doy"": 219.0, ""topwt"": 10030.09521484375, ""grnwt"": 0.0, ""xlai"": 4.237760066986084, ""totir"": 30.0, ""tofer"": NaN, ""swfac"": 0.0, ""nstres"": 0.0286436080932617}",0.0,0.0286436080932617,10030.09521484375,0.0,4.237760066986084,30.0,,0.0,0.0,30.0,180.0,8.096588134765625,20.096588134765625,Leave_One_experiments/all_year_offline_schedule_search/daily_outputs/HLA/HLA_2015_HLA2015_normal_grid_S0031_daily.csv
HLA,HLA,Hailun,2015,Leave_One_experiments\wth_generated_qc\HLA\HLA2015.WTH,dry_year;nitrogen_stress_year;low_response_year,dry,HLA2015_normal_grid_S0031,pareto_balanced,2015-08-08,220,101,96,"{""sim_day"": 101.0, ""doy"": 220.0, ""topwt"": 10217.056274414062, ""grnwt"": 0.0, ""xlai"": 4.227764129638672, ""totir"": 30.0, ""tofer"": NaN, ""swfac"": 0.0, ""nstres"": 0.0188696384429931}",0.0,0.0188696384429931,10217.056274414062,0.0,4.227764129638672,30.0,,0.0,0.0,30.0,180.0,8.096588134765625,20.096588134765625,Leave_One_experiments/all_year_offline_schedule_search/daily_outputs/HLA/HLA_2015_HLA2015_normal_grid_S0031_daily.csv
HLA,HLA,Hailun,2015,Leave_One_experiments\wth_generated_qc\HLA\HLA2015.WTH,dry_year;nitrogen_stress_year;low_response_year,dry,HLA2015_normal_grid_S0031,pareto_balanced,2015-08-09,221,102,97,"{""sim_day"": 102.0, ""doy"": 221.0, ""topwt"": 10502.76123046875, ""grnwt"": 0.0, ""xlai"": 4.2200608253479, ""totir"": 30.0, ""tofer"": NaN, ""swfac"": 0.0, ""nstres"": 0.0078593492507934}",0.0,0.0078593492507934,10502.76123046875,0.0,4.2200608253479,30.0,,0.0,0.0,30.0,180.0,8.096588134765625,20.096588134765625,Leave_One_experiments/all_year_offline_schedule_search/daily_outputs/HLA/HLA_2015_HLA2015_normal_grid_S0031_daily.csv
HLA,HLA,Hailun,2015,Leave_One_experiments\wth_generated_qc\HLA\HLA2015.WTH,dry_year;nitrogen_stress_year;low_response_year,dry,HLA2015_normal_grid_S0031,pareto_balanced,2015-08-10,222,103,98,"{""sim_day"": 103.0, ""doy"": 222.0, ""topwt"": 10855.830078125, ""grnwt"": 0.0, ""xlai"": 4.2126312255859375, ""totir"": 30.0, ""tofer"": NaN, ""swfac"": 0.0, ""nstres"": 0.0}",0.0,0.0,10855.830078125,0.0,4.2126312255859375,30.0,,0.0,0.0,30.0,180.0,8.096588134765625,20.096588134765625,Leave_One_experiments/all_year_offline_schedule_search/daily_outputs/HLA/HLA_2015_HLA2015_normal_grid_S0031_daily.csv
HLA,HLA,Hailun,2015,Leave_One_experiments\wth_generated_qc\HLA\HLA2015.WTH,dry_year;nitrogen_stress_year;low_response_year,dry,HLA2015_normal_grid_S0031,pareto_balanced,2015-08-11,223,104,99,"{""sim_day"": 104.0, ""doy"": 223.0, ""topwt"": 11252.77587890625, ""grnwt"": 0.0, ""xlai"": 4.205465316772461, ""totir"": 30.0, ""tofer"": NaN, ""swfac"": 0.0, ""nstres"": 0.0}",0.0,0.0,11252.77587890625,0.0,4.205465316772461,30.0,,0.0,0.0,30.0,180.0,8.096588134765625,20.096588134765625,Leave_One_experiments/all_year_offline_schedule_search/daily_outputs/HLA/HLA_2015_HLA2015_normal_grid_S0031_daily.csv
HLA,HLA,Hailun,2015,Leave_One_experiments\wth_generated_qc\HLA\HLA2015.WTH,dry_year;nitrogen_stress_year;low_response_year,dry,HLA2015_normal_grid_S0031,pareto_balanced,2015-08-12,224,105,100,"{""sim_day"": 105.0, ""doy"": 224.0, ""topwt"": 11413.218994140623, ""grnwt"": 160.44300079345703, ""xlai"": 4.12845516204834, ""totir"": 30.0, ""tofer"": NaN, ""swfac"": 0.0, ""nstres"": 0.0}",0.0,0.0,11413.218994140623,160.44300079345703,4.12845516204834,30.0,,0.0,0.0,30.0,180.0,8.096588134765625,20.096588134765625,Leave_One_experiments/all_year_offline_schedule_search/daily_outputs/HLA/HLA_2015_HLA2015_normal_grid_S0031_daily.csv
HLA,HLA,Hailun,2015,Leave_One_experiments\wth_generated_qc\HLA\HLA2015.WTH,dry_year;nitrogen_stress_year;low_response_year,dry,HLA2015_normal_grid_S0031,pareto_balanced,2015-08-13,225,106,101,"{""sim_day"": 106.0, ""doy"": 225.0, ""topwt"": 11573.662109375, ""grnwt"": 320.88600158691406, ""xlai"": 4.111517906188965, ""totir"": 30.0, ""tofer"": NaN, ""swfac"": 0.0, ""nstres"": 0.0}",0.0,0.0,11573.662109375,320.88600158691406,4.111517906188965,30.0,,0.0,0.0,30.0,180.0,8.096588134765625,20.096588134765625,Leave_One_experiments/all_year_offline_schedule_search/daily_outputs/HLA/HLA_2015_HLA2015_normal_grid_S0031_daily.csv
HLA,HLA,Hailun,2015,Leave_One_experiments\wth_generated_qc\HLA\HLA2015.WTH,dry_year;nitrogen_stress_year;low_response_year,dry,HLA2015_normal_grid_S0031,pareto_balanced,2015-08-14,226,107,102,"{""sim_day"": 107.0, ""doy"": 226.0, ""topwt"": 11734.105224609377, ""grnwt"": 481.3289642333984, ""xlai"": 4.092485427856445, ""totir"": 30.0, ""tofer"": NaN, ""swfac"": 0.0, ""nstres"": 0.0}",0.0,0.0,11734.105224609377,481.3289642333984,4.092485427856445,30.0,,0.0,0.0,30.0,180.0,8.096588134765625,20.096588134765625,Leave_One_experiments/all_year_offline_schedule_search/daily_outputs/HLA/HLA_2015_HLA2015_normal_grid_S0031_daily.csv
HLA,HLA,Hailun,2015,Leave_One_experiments\wth_generated_qc\HLA\HLA2015.WTH,dry_year;nitrogen_stress_year;low_response_year,dry,HLA2015_normal_grid_S0031,pareto_balanced,2015-08-15,227,108,103,"{""sim_day"": 108.0, ""doy"": 227.0, ""topwt"": 11894.54833984375, ""grnwt"": 641.7720031738281, ""xlai"": 4.072354793548584, ""totir"": 30.0, ""tofer"": NaN, ""swfac"": 0.0, ""nstres"": 0.0}",0.0,0.0,11894.54833984375,641.7720031738281,4.072354793548584,30.0,,0.0,0.0,30.0,180.0,8.096588134765625,20.096588134765625,Leave_One_experiments/all_year_offline_schedule_search/daily_outputs/HLA/HLA_2015_HLA2015_normal_grid_S0031_daily.csv
HLA,HLA,Hailun,2015,Leave_One_experiments\wth_generated_qc\HLA\HLA2015.WTH,dry_year;nitrogen_stress_year;low_response_year,dry,HLA2015_normal_grid_S0031,pareto_balanced,2015-08-16,228,109,104,"{""sim_day"": 109.0, ""doy"": 228.0, ""topwt"": 12054.991455078123, ""grnwt"": 802.2149658203125, ""xlai"": 4.052120685577393, ""totir"": 30.0, ""tofer"": NaN, ""swfac"": 0.0, ""nstres"": 0.0}",0.0,0.0,12054.991455078123,802.2149658203125,4.052120685577393,30.0,,0.0,0.0,30.0,180.0,8.096588134765625,20.096588134765625,Leave_One_experiments/all_year_offline_schedule_search/daily_outputs/HLA/HLA_2015_HLA2015_normal_grid_S0031_daily.csv
HLA,HLA,Hailun,2015,Leave_One_experiments\wth_generated_qc\HLA\HLA2015.WTH,dry_year;nitrogen_stress_year;low_response_year,dry,HLA2015_normal_grid_S0031,pareto_balanced,2015-08-17,229,110,105,"{""sim_day"": 110.0, ""doy"": 229.0, ""topwt"": 12215.4345703125, ""grnwt"": 962.6580047607422, ""xlai"": 4.027872562408447, ""totir"": 30.0, ""tofer"": NaN, ""swfac"": 0.0, ""nstres"": 0.0}",0.0,0.0,12215.4345703125,962.6580047607422,4.027872562408447,30.0,,0.0,0.0,30.0,180.0,8.096588134765625,20.096588134765625,Leave_One_experiments/all_year_offline_schedule_search/daily_outputs/HLA/HLA_2015_HLA2015_normal_grid_S0031_daily.csv
HLA,HLA,Hailun,2015,Leave_One_experiments\wth_generated_qc\HLA\HLA2015.WTH,dry_year;nitrogen_stress_year;low_response_year,dry,HLA2015_normal_grid_S0031,pareto_balanced,2015-08-18,230,111,106,"{""sim_day"": 111.0, ""doy"": 230.0, ""topwt"": 12375.877685546877, ""grnwt"": 1123.101043701172, ""xlai"": 4.001935958862305, ""totir"": 30.0, ""tofer"": NaN, ""swfac"": 0.0, ""nstres"": 0.0}",0.0,0.0,12375.877685546877,1123.101043701172,4.001935958862305,30.0,,0.0,0.0,30.0,180.0,8.096588134765625,20.096588134765625,Leave_One_experiments/all_year_offline_schedule_search/daily_outputs/HLA/HLA_2015_HLA2015_normal_grid_S0031_daily.csv
HLA,HLA,Hailun,2015,Leave_One_experiments\wth_generated_qc\HLA\HLA2015.WTH,dry_year;nitrogen_stress_year;low_response_year,dry,HLA2015_normal_grid_S0031,pareto_balanced,2015-08-19,231,112,107,"{""sim_day"": 112.0, ""doy"": 231.0, ""topwt"": 12536.32080078125, ""grnwt"": 1283.5440063476562, ""xlai"": 3.9767796993255615, ""totir"": 30.0, ""tofer"": NaN, ""swfac"": 0.0, ""nstres"": 0.0}",0.0,0.0,12536.32080078125,1283.5440063476562,3.9767796993255615,30.0,,0.0,0.0,30.0,180.0,8.096588134765625,20.096588134765625,Leave_One_experiments/all_year_offline_schedule_search/daily_outputs/HLA/HLA_2015_HLA2015_normal_grid_S0031_daily.csv
HLA,HLA,Hailun,2015,Leave_One_experiments\wth_generated_qc\HLA\HLA2015.WTH,dry_year;nitrogen_stress_year;low_response_year,dry,HLA2015_normal_grid_S0031,pareto_balanced,2015-08-20,232,113,108,"{""sim_day"": 113.0, ""doy"": 232.0, ""topwt"": 12696.763916015623, ""grnwt"": 1443.9871215820312, ""xlai"": 3.945929527282715, ""totir"": 30.0, ""tofer"": NaN, ""swfac"": 0.0, ""nstres"": 0.0}",0.0,0.0,12696.763916015623,1443.9871215820312,3.945929527282715,30.0,,0.0,0.0,30.0,180.0,8.096588134765625,20.096588134765625,Leave_One_experiments/all_year_offline_schedule_search/daily_outputs/HLA/HLA_2015_HLA2015_normal_grid_S0031_daily.csv
HLA,HLA,Hailun,2015,Leave_One_experiments\wth_generated_qc\HLA\HLA2015.WTH,dry_year;nitrogen_stress_year;low_response_year,dry,HLA2015_normal_grid_S0031,pareto_balanced,2015-08-21,233,114,109,"{""sim_day"": 114.0, ""doy"": 233.0, ""topwt"": 12857.20703125, ""grnwt"": 1604.429931640625, ""xlai"": 3.912955045700073, ""totir"": 30.0, ""tofer"": NaN, ""swfac"": 0.0, ""nstres"": 0.0}",0.0,0.0,12857.20703125,1604.429931640625,3.912955045700073,30.0,,0.0,0.0,30.0,180.0,8.096588134765625,20.096588134765625,Leave_One_experiments/all_year_offline_schedule_search/daily_outputs/HLA/HLA_2015_HLA2015_normal_grid_S0031_daily.csv
HLA,HLA,Hailun,2015,Leave_One_experiments\wth_generated_qc\HLA\HLA2015.WTH,dry_year;nitrogen_stress_year;low_response_year,dry,HLA2015_normal_grid_S0031,pareto_balanced,2015-08-22,234,115,110,"{""sim_day"": 115.0, ""doy"": 234.0, ""topwt"": 13017.650146484377, ""grnwt"": 1764.8728942871094, ""xlai"": 3.883921384811402, ""totir"": 30.0, ""tofer"": NaN, ""swfac"": 0.0, ""nstres"": 0.0011800527572631}",0.0,0.0011800527572631,13017.650146484377,1764.8728942871094,3.883921384811402,30.0,,0.0,0.0,30.0,180.0,8.096588134765625,20.096588134765625,Leave_One_experiments/all_year_offline_schedule_search/daily_outputs/HLA/HLA_2015_HLA2015_normal_grid_S0031_daily.csv
HLA,HLA,Hailun,2015,Leave_One_experiments\wth_generated_qc\HLA\HLA2015.WTH,dry_year;nitrogen_stress_year;low_response_year,dry,HLA2015_normal_grid_S0031,pareto_balanced,2015-08-23,235,116,111,"{""sim_day"": 116.0, ""doy"": 235.0, ""topwt"": 13178.09326171875, ""grnwt"": 1925.3158569335935, ""xlai"": 3.846481561660767, ""totir"": 30.0, ""tofer"": NaN, ""swfac"": 0.0, ""nstres"": 0.0060129165649414}",0.0,0.0060129165649414,13178.09326171875,1925.3158569335935,3.846481561660767,30.0,,0.0,0.0,30.0,180.0,8.096588134765625,20.096588134765625,Leave_One_experiments/all_year_offline_schedule_search/daily_outputs/HLA/HLA_2015_HLA2015_normal_grid_S0031_daily.csv
HLA,HLA,Hailun,2015,Leave_One_experiments\wth_generated_qc\HLA\HLA2015.WTH,dry_year;nitrogen_stress_year;low_response_year,dry,HLA2015_normal_grid_S0031,pareto_balanced,2015-08-24,236,117,112,"{""sim_day"": 117.0, ""doy"": 236.0, ""topwt"": 13338.536376953123, ""grnwt"": 2085.758819580078, ""xlai"": 3.8114283084869385, ""totir"": 30.0, ""tofer"": NaN, ""swfac"": 0.0, ""nstres"": 0.0123407840728759}",0.0,0.0123407840728759,13338.536376953123,2085.758819580078,3.8114283084869385,30.0,,0.0,0.0,30.0,180.0,8.096588134765625,20.096588134765625,Leave_One_experiments/all_year_offline_schedule_search/daily_outputs/HLA/HLA_2015_HLA2015_normal_grid_S0031_daily.csv
HLA,HLA,Hailun,2015,Leave_One_experiments\wth_generated_qc\HLA\HLA2015.WTH,dry_year;nitrogen_stress_year;low_response_year,dry,HLA2015_normal_grid_S0031,pareto_balanced,2015-08-25,237,118,113,"{""sim_day"": 118.0, ""doy"": 237.0, ""topwt"": 13498.9794921875, ""grnwt"": 2246.2017822265625, ""xlai"": 3.771331548690796, ""totir"": 30.0, ""tofer"": NaN, ""swfac"": 0.0, ""nstres"": 0.0182294845581054}",0.0,0.0182294845581054,13498.9794921875,2246.2017822265625,3.771331548690796,30.0,,0.0,0.0,30.0,180.0,8.096588134765625,20.096588134765625,Leave_One_experiments/all_year_offline_schedule_search/daily_outputs/HLA/HLA_2015_HLA2015_normal_grid_S0031_daily.csv
HLA,HLA,Hailun,2015,Leave_One_experiments\wth_generated_qc\HLA\HLA2015.WTH,dry_year;nitrogen_stress_year;low_response_year,dry,HLA2015_normal_grid_S0031,pareto_balanced,2015-08-26,238,119,114,"{""sim_day"": 119.0, ""doy"": 238.0, ""topwt"": 13657.030029296877, ""grnwt"": 2406.644592285156, ""xlai"": 3.723054170608521, ""totir"": 30.0, ""tofer"": NaN, ""swfac"": 0.0, ""nstres"": 0.0233548879623413}",0.0,0.0233548879623413,13657.030029296877,2406.644592285156,3.723054170608521,30.0,,0.0,0.0,30.0,180.0,8.096588134765625,20.096588134765625,Leave_One_experiments/all_year_offline_schedule_search/daily_outputs/HLA/HLA_2015_HLA2015_normal_grid_S0031_daily.csv
HLA,HLA,Hailun,2015,Leave_One_experiments\wth_generated_qc\HLA\HLA2015.WTH,dry_year;nitrogen_stress_year;low_response_year,dry,HLA2015_normal_grid_S0031,pareto_balanced,2015-08-27,239,120,115,"{""sim_day"": 120.0, ""doy"": 239.0, ""topwt"": 13819.86572265625, ""grnwt"": 2567.08740234375, ""xlai"": 3.6808362007141113, ""totir"": 30.0, ""tofer"": NaN, ""swfac"": 0.0, ""nstres"": 0.0305720567703247}",0.0,0.0305720567703247,13819.86572265625,2567.08740234375,3.6808362007141113,30.0,,0.0,0.0,30.0,180.0,8.096588134765625,20.096588134765625,Leave_One_experiments/all_year_offline_schedule_search/daily_outputs/HLA/HLA_2015_HLA2015_normal_grid_S0031_daily.csv
HLA,HLA,Hailun,2015,Leave_One_experiments\wth_generated_qc\HLA\HLA2015.WTH,dry_year;nitrogen_stress_year;low_response_year,dry,HLA2015_normal_grid_S0031,pareto_balanced,2015-08-28,240,121,116,"{""sim_day"": 121.0, ""doy"": 240.0, ""topwt"": 13980.308837890623, ""grnwt"": 2727.530517578125, ""xlai"": 3.6330647468566895, ""totir"": 30.0, ""tofer"": NaN, ""swfac"": 0.0, ""nstres"": 0.0372485518455505}",0.0,0.0372485518455505,13980.308837890623,2727.530517578125,3.6330647468566895,30.0,,0.0,0.0,30.0,180.0,8.096588134765625,20.096588134765625,Leave_One_experiments/all_year_offline_schedule_search/daily_outputs/HLA/HLA_2015_HLA2015_normal_grid_S0031_daily.csv
HLA,HLA,Hailun,2015,Leave_One_experiments\wth_generated_qc\HLA\HLA2015.WTH,dry_year;nitrogen_stress_year;low_response_year,dry,HLA2015_normal_grid_S0031,pareto_balanced,2015-08-29,241,122,117,"{""sim_day"": 122.0, ""doy"": 241.0, ""topwt"": 14140.751953125, ""grnwt"": 2887.9733276367188, ""xlai"": 3.579113483428955, ""totir"": 30.0, ""tofer"": NaN, ""swfac"": 0.0, ""nstres"": 0.0439784526824951}",0.0,0.0439784526824951,14140.751953125,2887.9733276367188,3.579113483428955,30.0,,0.0,0.0,30.0,180.0,8.096588134765625,20.096588134765625,Leave_One_experiments/all_year_offline_schedule_search/daily_outputs/HLA/HLA_2015_HLA2015_normal_grid_S0031_daily.csv
HLA,HLA,Hailun,2015,Leave_One_experiments\wth_generated_qc\HLA\HLA2015.WTH,dry_year;nitrogen_stress_year;low_response_year,dry,HLA2015_normal_grid_S0031,pareto_balanced,2015-08-30,242,123,118,"{""sim_day"": 123.0, ""doy"": 242.0, ""topwt"": 14301.195068359377, ""grnwt"": 3048.4164428710938, ""xlai"": 3.518287420272827, ""totir"": 30.0, ""tofer"": NaN, ""swfac"": 0.0, ""nstres"": 0.0502858757972717}",0.0,0.0502858757972717,14301.195068359377,3048.4164428710938,3.518287420272827,30.0,,0.0,0.0,30.0,180.0,8.096588134765625,20.096588134765625,Leave_One_experiments/all_year_offline_schedule_search/daily_outputs/HLA/HLA_2015_HLA2015_normal_grid_S0031_daily.csv
HLA,HLA,Hailun,2015,Leave_One_experiments\wth_generated_qc\HLA\HLA2015.WTH,dry_year;nitrogen_stress_year;low_response_year,dry,HLA2015_normal_grid_S0031,pareto_balanced,2015-08-31,243,124,119,"{""sim_day"": 124.0, ""doy"": 243.0, ""topwt"": 14461.63818359375, ""grnwt"": 3208.8592529296875, ""xlai"": 3.459014415740967, ""totir"": 30.0, ""tofer"": NaN, ""swfac"": 0.0, ""nstres"": 0.0576356649398803}",0.0,0.0576356649398803,14461.63818359375,3208.8592529296875,3.459014415740967,30.0,,0.0,0.0,30.0,180.0,8.096588134765625,20.096588134765625,Leave_One_experiments/all_year_offline_schedule_search/daily_outputs/HLA/HLA_2015_HLA2015_normal_grid_S0031_daily.csv
HLA,HLA,Hailun,2015,Leave_One_experiments\wth_generated_qc\HLA\HLA2015.WTH,dry_year;nitrogen_stress_year;low_response_year,dry,HLA2015_normal_grid_S0031,pareto_balanced,2015-09-01,244,125,120,"{""sim_day"": 125.0, ""doy"": 244.0, ""topwt"": 14622.081298828123, ""grnwt"": 3369.3023681640625, ""xlai"": 3.396316766738892, ""totir"": 30.0, ""tofer"": NaN, ""swfac"": 0.0, ""nstres"": 0.0652454495429992}",0.0,0.0652454495429992,14622.081298828123,3369.3023681640625,3.396316766738892,30.0,,0.0,0.0,30.0,180.0,8.096588134765625,20.096588134765625,Leave_One_experiments/all_year_offline_schedule_search/daily_outputs/HLA/HLA_2015_HLA2015_normal_grid_S0031_daily.csv
HLA,HLA,Hailun,2015,Leave_One_experiments\wth_generated_qc\HLA\HLA2015.WTH,dry_year;nitrogen_stress_year;low_response_year,dry,HLA2015_normal_grid_S0031,pareto_balanced,2015-09-02,245,126,121,"{""sim_day"": 126.0, ""doy"": 245.0, ""topwt"": 14759.6044921875, ""grnwt"": 3506.824951171875, ""xlai"": 3.358670234680176, ""totir"": 30.0, ""tofer"": NaN, ""swfac"": 0.0, ""nstres"": 0.0765798687934875}",0.0,0.0765798687934875,14759.6044921875,3506.824951171875,3.358670234680176,30.0,,0.0,0.0,30.0,180.0,8.096588134765625,20.096588134765625,Leave_One_experiments/all_year_offline_schedule_search/daily_outputs/HLA/HLA_2015_HLA2015_normal_grid_S0031_daily.csv
HLA,HLA,Hailun,2015,Leave_One_experiments\wth_generated_qc\HLA\HLA2015.WTH,dry_year;nitrogen_stress_year;low_response_year,dry,HLA2015_normal_grid_S0031,pareto_balanced,2015-09-03,246,127,122,"{""sim_day"": 127.0, ""doy"": 246.0, ""topwt"": 14871.14990234375, ""grnwt"": 3618.370971679688, ""xlai"": 3.3222908973693848, ""totir"": 30.0, ""tofer"": NaN, ""swfac"": 0.0, ""nstres"": 0.0866513848304748}",0.0,0.0866513848304748,14871.14990234375,3618.370971679688,3.3222908973693848,30.0,,0.0,0.0,30.0,180.0,8.096588134765625,20.096588134765625,Leave_One_experiments/all_year_offline_schedule_search/daily_outputs/HLA/HLA_2015_HLA2015_normal_grid_S0031_daily.csv
HLA,HLA,Hailun,2015,Leave_One_experiments\wth_generated_qc\HLA\HLA2015.WTH,dry_year;nitrogen_stress_year;low_response_year,dry,HLA2015_normal_grid_S0031,pareto_balanced,2015-09-04,247,128,123,"{""sim_day"": 128.0, ""doy"": 247.0, ""topwt"": 14970.47119140625, ""grnwt"": 3717.6925659179688, ""xlai"": 3.042886257171631, ""totir"": 30.0, ""tofer"": NaN, ""swfac"": 0.0, ""nstres"": 0.0942670106887817}",0.0,0.0942670106887817,14970.47119140625,3717.6925659179688,3.042886257171631,30.0,,0.0,0.0,30.0,180.0,8.096588134765625,20.096588134765625,Leave_One_experiments/all_year_offline_schedule_search/daily_outputs/HLA/HLA_2015_HLA2015_normal_grid_S0031_daily.csv
HLA,HLA,Hailun,2015,Leave_One_experiments\wth_generated_qc\HLA\HLA2015.WTH,dry_year;nitrogen_stress_year;low_response_year,dry,HLA2015_normal_grid_S0031,pareto_balanced,2015-09-05,248,129,124,"{""sim_day"": 129.0, ""doy"": 248.0, ""topwt"": 15125.567626953123, ""grnwt"": 3872.7874755859375, ""xlai"": 3.0052058696746826, ""totir"": 30.0, ""tofer"": NaN, ""swfac"": 0.0, ""nstres"": 0.0990641117095947}",0.0,0.0990641117095947,15125.567626953123,3872.7874755859375,3.0052058696746826,30.0,,0.0,0.0,30.0,180.0,8.096588134765625,20.096588134765625,Leave_One_experiments/all_year_offline_schedule_search/daily_outputs/HLA/HLA_2015_HLA2015_normal_grid_S0031_daily.csv
HLA,HLA,Hailun,2015,Leave_One_experiments\wth_generated_qc\HLA\HLA2015.WTH,dry_year;nitrogen_stress_year;low_response_year,dry,HLA2015_normal_grid_S0031,pareto_balanced,2015-09-06,249,130,125,"{""sim_day"": 130.0, ""doy"": 249.0, ""topwt"": 15273.0224609375, ""grnwt"": 4020.242309570313, ""xlai"": 2.963995695114136, ""totir"": 30.0, ""tofer"": NaN, ""swfac"": 0.0, ""nstres"": 0.1097036600112915}",0.0,0.1097036600112915,15273.0224609375,4020.242309570313,2.963995695114136,30.0,,0.0,0.0,30.0,180.0,8.096588134765625,20.096588134765625,Leave_One_experiments/all_year_offline_schedule_search/daily_outputs/HLA/HLA_2015_HLA2015_normal_grid_S0031_daily.csv
HLA,HLA,Hailun,2015,Leave_One_experiments\wth_generated_qc\HLA\HLA2015.WTH,dry_year;nitrogen_stress_year;low_response_year,dry,HLA2015_normal_grid_S0031,pareto_balanced,2015-09-07,250,131,126,"{""sim_day"": 131.0, ""doy"": 250.0, ""topwt"": 15414.365234375, ""grnwt"": 4161.584777832031, ""xlai"": 2.919576406478882, ""totir"": 30.0, ""tofer"": NaN, ""swfac"": 0.0, ""nstres"": 0.1198892593383789}",0.0,0.1198892593383789,15414.365234375,4161.584777832031,2.919576406478882,30.0,,0.0,0.0,30.0,180.0,8.096588134765625,20.096588134765625,Leave_One_experiments/all_year_offline_schedule_search/daily_outputs/HLA/HLA_2015_HLA2015_normal_grid_S0031_daily.csv
HLA,HLA,Hailun,2015,Leave_One_experiments\wth_generated_qc\HLA\HLA2015.WTH,dry_year;nitrogen_stress_year;low_response_year,dry,HLA2015_normal_grid_S0031,pareto_balanced,2015-09-08,251,132,127,"{""sim_day"": 132.0, ""doy"": 251.0, ""topwt"": 15559.893798828123, ""grnwt"": 4322.027893066406, ""xlai"": 2.8726179599761963, ""totir"": 30.0, ""tofer"": NaN, ""swfac"": 0.0, ""nstres"": 0.1286728382110595}",0.0,0.1286728382110595,15559.893798828123,4322.027893066406,2.8726179599761963,30.0,,0.0,0.0,30.0,180.0,8.096588134765625,20.096588134765625,Leave_One_experiments/all_year_offline_schedule_search/daily_outputs/HLA/HLA_2015_HLA2015_normal_grid_S0031_daily.csv
HLA,HLA,Hailun,2015,Leave_One_experiments\wth_generated_qc\HLA\HLA2015.WTH,dry_year;nitrogen_stress_year;low_response_year,dry,HLA2015_normal_grid_S0031,pareto_balanced,2015-09-09,252,133,128,"{""sim_day"": 133.0, ""doy"": 252.0, ""topwt"": 15671.07177734375, ""grnwt"": 4418.293762207031, ""xlai"": 2.7795448303222656, ""totir"": 30.0, ""tofer"": NaN, ""swfac"": 0.0, ""nstres"": 0.1414060592651367}",0.0,0.1414060592651367,15671.07177734375,4418.293762207031,2.7795448303222656,30.0,,0.0,0.0,30.0,180.0,8.096588134765625,20.096588134765625,Leave_One_experiments/all_year_offline_schedule_search/daily_outputs/HLA/HLA_2015_HLA2015_normal_grid_S0031_daily.csv
HLA,HLA,Hailun,2015,Leave_One_experiments\wth_generated_qc\HLA\HLA2015.WTH,dry_year;nitrogen_stress_year;low_response_year,dry,HLA2015_normal_grid_S0031,pareto_balanced,2015-09-10,253,134,129,"{""sim_day"": 134.0, ""doy"": 253.0, ""topwt"": 15782.61962890625, ""grnwt"": 4529.839782714844, ""xlai"": 2.728565454483032, ""totir"": 30.0, ""tofer"": NaN, ""swfac"": 0.0, ""nstres"": 0.1467275619506836}",0.0,0.1467275619506836,15782.61962890625,4529.839782714844,2.728565454483032,30.0,,0.0,0.0,30.0,180.0,8.096588134765625,20.096588134765625,Leave_One_experiments/all_year_offline_schedule_search/daily_outputs/HLA/HLA_2015_HLA2015_normal_grid_S0031_daily.csv
HLA,HLA,Hailun,2015,Leave_One_experiments\wth_generated_qc\HLA\HLA2015.WTH,dry_year;nitrogen_stress_year;low_response_year,dry,HLA2015_normal_grid_S0031,pareto_balanced,2015-09-11,254,135,130,"{""sim_day"": 135.0, ""doy"": 254.0, ""topwt"": 15850.616455078123, ""grnwt"": 4597.8369140625, ""xlai"": 2.431424856185913, ""totir"": 30.0, ""tofer"": NaN, ""swfac"": 0.0, ""nstres"": 0.1565740704536438}",0.0,0.1565740704536438,15850.616455078123,4597.8369140625,2.431424856185913,30.0,,0.0,0.0,30.0,180.0,8.096588134765625,20.096588134765625,Leave_One_experiments/all_year_offline_schedule_search/daily_outputs/HLA/HLA_2015_HLA2015_normal_grid_S0031_daily.csv
HLA,HLA,Hailun,2015,Leave_One_experiments\wth_generated_qc\HLA\HLA2015.WTH,dry_year;nitrogen_stress_year;low_response_year,dry,HLA2015_normal_grid_S0031,pareto_balanced,2015-09-12,255,136,131,"{""sim_day"": 136.0, ""doy"": 255.0, ""topwt"": 15960.634765625, ""grnwt"": 4707.855224609375, ""xlai"": 2.382678747177124, ""totir"": 30.0, ""tofer"": NaN, ""swfac"": 0.0, ""nstres"": 0.1603870987892151}",0.0,0.1603870987892151,15960.634765625,4707.855224609375,2.382678747177124,30.0,,0.0,0.0,30.0,180.0,8.096588134765625,20.096588134765625,Leave_One_experiments/all_year_offline_schedule_search/daily_outputs/HLA/HLA_2015_HLA2015_normal_grid_S0031_daily.csv
HLA,HLA,Hailun,2015,Leave_One_experiments\wth_generated_qc\HLA\HLA2015.WTH,dry_year;nitrogen_stress_year;low_response_year,dry,HLA2015_normal_grid_S0031,pareto_balanced,2015-09-13,256,137,132,"{""sim_day"": 137.0, ""doy"": 256.0, ""topwt"": 16121.0791015625, ""grnwt"": 4868.29833984375, ""xlai"": 2.3331916332244877, ""totir"": 30.0, ""tofer"": NaN, ""swfac"": 0.0, ""nstres"": 0.1661560535430908}",0.0,0.1661560535430908,16121.0791015625,4868.29833984375,2.3331916332244877,30.0,,0.0,0.0,30.0,180.0,8.096588134765625,20.096588134765625,Leave_One_experiments/all_year_offline_schedule_search/daily_outputs/HLA/HLA_2015_HLA2015_normal_grid_S0031_daily.csv
HLA,HLA,Hailun,2015,Leave_One_experiments\wth_generated_qc\HLA\HLA2015.WTH,dry_year;nitrogen_stress_year;low_response_year,dry,HLA2015_normal_grid_S0031,pareto_balanced,2015-09-14,257,138,133,"{""sim_day"": 138.0, ""doy"": 257.0, ""topwt"": 16281.52099609375, ""grnwt"": 5028.741455078125, ""xlai"": 2.2822537422180176, ""totir"": 30.0, ""tofer"": NaN, ""swfac"": 0.0, ""nstres"": 0.1746551990509033}",0.0,0.1746551990509033,16281.52099609375,5028.741455078125,2.2822537422180176,30.0,,0.0,0.0,30.0,180.0,8.096588134765625,20.096588134765625,Leave_One_experiments/all_year_offline_schedule_search/daily_outputs/HLA/HLA_2015_HLA2015_normal_grid_S0031_daily.csv
HLA,HLA,Hailun,2015,Leave_One_experiments\wth_generated_qc\HLA\HLA2015.WTH,dry_year;nitrogen_stress_year;low_response_year,dry,HLA2015_normal_grid_S0031,pareto_balanced,2015-09-15,258,139,134,"{""sim_day"": 139.0, ""doy"": 258.0, ""topwt"": 16441.96533203125, ""grnwt"": 5189.1845703125, ""xlai"": 2.229940176010132, ""totir"": 30.0, ""tofer"": NaN, ""swfac"": 0.0, ""nstres"": 0.1833749413490295}",0.0,0.1833749413490295,16441.96533203125,5189.1845703125,2.229940176010132,30.0,,0.0,0.0,30.0,180.0,8.096588134765625,20.096588134765625,Leave_One_experiments/all_year_offline_schedule_search/daily_outputs/HLA/HLA_2015_HLA2015_normal_grid_S0031_daily.csv
HLA,HLA,Hailun,2015,Leave_One_experiments\wth_generated_qc\HLA\HLA2015.WTH,dry_year;nitrogen_stress_year;low_response_year,dry,HLA2015_normal_grid_S0031,pareto_balanced,2015-09-16,259,140,135,"{""sim_day"": 140.0, ""doy"": 259.0, ""topwt"": 16602.4072265625, ""grnwt"": 5349.627685546875, ""xlai"": 2.1763312816619877, ""totir"": 30.0, ""tofer"": NaN, ""swfac"": 0.0, ""nstres"": 0.1923239231109619}",0.0,0.1923239231109619,16602.4072265625,5349.627685546875,2.1763312816619877,30.0,,0.0,0.0,30.0,180.0,8.096588134765625,20.096588134765625,Leave_One_experiments/all_year_offline_schedule_search/daily_outputs/HLA/HLA_2015_HLA2015_normal_grid_S0031_daily.csv
HLA,HLA,Hailun,2015,Leave_One_experiments\wth_generated_qc\HLA\HLA2015.WTH,dry_year;nitrogen_stress_year;low_response_year,dry,HLA2015_normal_grid_S0031,pareto_balanced,2015-09-17,260,141,136,"{""sim_day"": 141.0, ""doy"": 260.0, ""topwt"": 16762.8515625, ""grnwt"": 5510.07080078125, ""xlai"": 2.1216394901275635, ""totir"": 30.0, ""tofer"": NaN, ""swfac"": 0.0, ""nstres"": 0.2031250596046447}",0.0,0.2031250596046447,16762.8515625,5510.07080078125,2.1216394901275635,30.0,,0.0,0.0,30.0,180.0,8.096588134765625,20.096588134765625,Leave_One_experiments/all_year_offline_schedule_search/daily_outputs/HLA/HLA_2015_HLA2015_normal_grid_S0031_daily.csv
HLA,HLA,Hailun,2015,Leave_One_experiments\wth_generated_qc\HLA\HLA2015.WTH,dry_year;nitrogen_stress_year;low_response_year,dry,HLA2015_normal_grid_S0031,pareto_balanced,2015-09-18,261,142,137,"{""sim_day"": 142.0, ""doy"": 261.0, ""topwt"": 16878.51318359375, ""grnwt"": 5645.301513671875, ""xlai"": 2.065065860748291, ""totir"": 30.0, ""tofer"": NaN, ""swfac"": 0.0, ""nstres"": 0.239961564540863}",0.0,0.239961564540863,16878.51318359375,5645.301513671875,2.065065860748291,30.0,,0.0,0.0,30.0,180.0,8.096588134765625,20.096588134765625,Leave_One_experiments/all_year_offline_schedule_search/daily_outputs/HLA/HLA_2015_HLA2015_normal_grid_S0031_daily.csv
HLA,HLA,Hailun,2015,Leave_One_experiments\wth_generated_qc\HLA\HLA2015.WTH,dry_year;nitrogen_stress_year;low_response_year,dry,HLA2015_normal_grid_S0031,pareto_balanced,2015-09-19,262,143,138,"{""sim_day"": 143.0, ""doy"": 262.0, ""topwt"": 17005.80810546875, ""grnwt"": 5753.02734375, ""xlai"": 1.8792098760604856, ""totir"": 30.0, ""tofer"": NaN, ""swfac"": 0.0, ""nstres"": 0.2703261375427246}",0.0,0.2703261375427246,17005.80810546875,5753.02734375,1.8792098760604856,30.0,,0.0,0.0,30.0,180.0,8.096588134765625,20.096588134765625,Leave_One_experiments/all_year_offline_schedule_search/daily_outputs/HLA/HLA_2015_HLA2015_normal_grid_S0031_daily.csv
HLA,HLA,Hailun,2015,Leave_One_experiments\wth_generated_qc\HLA\HLA2015.WTH,dry_year;nitrogen_stress_year;low_response_year,dry,HLA2015_normal_grid_S0031,pareto_balanced,2015-09-20,263,144,139,"{""sim_day"": 144.0, ""doy"": 263.0, ""topwt"": 17166.25, ""grnwt"": 5913.470458984375, ""xlai"": 1.8254470825195312, ""totir"": 30.0, ""tofer"": NaN, ""swfac"": 0.0, ""nstres"": 0.286623477935791}",0.0,0.286623477935791,17166.25,5913.470458984375,1.8254470825195312,30.0,,0.0,0.0,30.0,180.0,8.096588134765625,20.096588134765625,Leave_One_experiments/all_year_offline_schedule_search/daily_outputs/HLA/HLA_2015_HLA2015_normal_grid_S0031_daily.csv
HLA,HLA,Hailun,2015,Leave_One_experiments\wth_generated_qc\HLA\HLA2015.WTH,dry_year;nitrogen_stress_year;low_response_year,dry,HLA2015_normal_grid_S0031,pareto_balanced,2015-09-21,264,145,140,"{""sim_day"": 145.0, ""doy"": 264.0, ""topwt"": 17183.62060546875, ""grnwt"": 5973.8275146484375, ""xlai"": 1.7697542905807495, ""totir"": 30.0, ""tofer"": NaN, ""swfac"": 0.0, ""nstres"": 0.3322164416313171}",0.0,0.3322164416313171,17183.62060546875,5973.8275146484375,1.7697542905807495,30.0,,0.0,0.0,30.0,180.0,8.096588134765625,20.096588134765625,Leave_One_experiments/all_year_offline_schedule_search/daily_outputs/HLA/HLA_2015_HLA2015_normal_grid_S0031_daily.csv
HLA,HLA,Hailun,2015,Leave_One_experiments\wth_generated_qc\HLA\HLA2015.WTH,dry_year;nitrogen_stress_year;low_response_year,dry,HLA2015_normal_grid_S0031,pareto_balanced,2015-09-22,265,146,141,"{""sim_day"": 146.0, ""doy"": 265.0, ""topwt"": 17207.607421875, ""grnwt"": 6001.331787109375, ""xlai"": 1.7145347595214844, ""totir"": 30.0, ""tofer"": NaN, ""swfac"": 0.0, ""nstres"": 0.3488461971282959}",0.0,0.3488461971282959,17207.607421875,6001.331787109375,1.7145347595214844,30.0,,0.0,0.0,30.0,180.0,8.096588134765625,20.096588134765625,Leave_One_experiments/all_year_offline_schedule_search/daily_outputs/HLA/HLA_2015_HLA2015_normal_grid_S0031_daily.csv
HLA,HLA,Hailun,2015,Leave_One_experiments\wth_generated_qc\HLA\HLA2015.WTH,dry_year;nitrogen_stress_year;low_response_year,dry,HLA2015_normal_grid_S0031,pareto_balanced,2015-09-23,266,147,142,"{""sim_day"": 147.0, ""doy"": 266.0, ""topwt"": 17286.08642578125, ""grnwt"": 6044.8809814453125, ""xlai"": 1.3357938528060913, ""totir"": 30.0, ""tofer"": NaN, ""swfac"": 0.0, ""nstres"": 0.3475368618965149}",0.0,0.3475368618965149,17286.08642578125,6044.8809814453125,1.3357938528060913,30.0,,0.0,0.0,30.0,180.0,8.096588134765625,20.096588134765625,Leave_One_experiments/all_year_offline_schedule_search/daily_outputs/HLA/HLA_2015_HLA2015_normal_grid_S0031_daily.csv
HLA,HLA,Hailun,2015,Leave_One_experiments\wth_generated_qc\HLA\HLA2015.WTH,dry_year;nitrogen_stress_year;low_response_year,dry,HLA2015_normal_grid_S0031,pareto_balanced,2015-09-24,267,148,143,"{""sim_day"": 148.0, ""doy"": 267.0, ""topwt"": 17314.874267578125, ""grnwt"": 6102.1820068359375, ""xlai"": 1.2875717878341677, ""totir"": 30.0, ""tofer"": NaN, ""swfac"": 0.0, ""nstres"": 0.3578283786773681}",0.0,0.3578283786773681,17314.874267578125,6102.1820068359375,1.2875717878341677,30.0,,0.0,0.0,30.0,180.0,8.096588134765625,20.096588134765625,Leave_One_experiments/all_year_offline_schedule_search/daily_outputs/HLA/HLA_2015_HLA2015_normal_grid_S0031_daily.csv
HLA,HLA,Hailun,2015,Leave_One_experiments\wth_generated_qc\HLA\HLA2015.WTH,dry_year;nitrogen_stress_year;low_response_year,dry,HLA2015_normal_grid_S0031,pareto_balanced,2015-09-25,268,149,144,"{""sim_day"": 149.0, ""doy"": 268.0, ""topwt"": 17334.37255859375, ""grnwt"": 6164.830932617188, ""xlai"": 1.2457529306411743, ""totir"": 30.0, ""tofer"": NaN, ""swfac"": 0.0, ""nstres"": 0.3794910907745361}",0.0,0.3794910907745361,17334.37255859375,6164.830932617188,1.2457529306411743,30.0,,0.0,0.0,30.0,180.0,8.096588134765625,20.096588134765625,Leave_One_experiments/all_year_offline_schedule_search/daily_outputs/HLA/HLA_2015_HLA2015_normal_grid_S0031_daily.csv
HLA,HLA,Hailun,2015,Leave_One_experiments\wth_generated_qc\HLA\HLA2015.WTH,dry_year;nitrogen_stress_year;low_response_year,dry,HLA2015_normal_grid_S0031,pareto_balanced,2015-09-26,269,150,145,"{""sim_day"": 150.0, ""doy"": 269.0, ""topwt"": 17396.246337890625, ""grnwt"": 6213.72802734375, ""xlai"": 1.118187665939331, ""totir"": 30.0, ""tofer"": NaN, ""swfac"": 0.0, ""nstres"": 0.389712393283844}",0.0,0.389712393283844,17396.246337890625,6213.72802734375,1.118187665939331,30.0,,0.0,0.0,30.0,180.0,8.096588134765625,20.096588134765625,Leave_One_experiments/all_year_offline_schedule_search/daily_outputs/HLA/HLA_2015_HLA2015_normal_grid_S0031_daily.csv
HLA,HLA,Hailun,2015,Leave_One_experiments\wth_generated_qc\HLA\HLA2015.WTH,dry_year;nitrogen_stress_year;low_response_year,dry,HLA2015_normal_grid_S0031,pareto_balanced,2015-09-27,270,151,146,"{""sim_day"": 151.0, ""doy"": 270.0, ""topwt"": 17453.472900390625, ""grnwt"": 6250.400390625, ""xlai"": 0.7921242713928223, ""totir"": 30.0, ""tofer"": NaN, ""swfac"": 0.0, ""nstres"": 0.3942105174064636}",0.0,0.3942105174064636,17453.472900390625,6250.400390625,0.7921242713928223,30.0,,0.0,0.0,30.0,180.0,8.096588134765625,20.096588134765625,Leave_One_experiments/all_year_offline_schedule_search/daily_outputs/HLA/HLA_2015_HLA2015_normal_grid_S0031_daily.csv
HLA,HLA,Hailun,2015,Leave_One_experiments\wth_generated_qc\HLA\HLA2015.WTH,dry_year;nitrogen_stress_year;low_response_year,dry,HLA2015_normal_grid_S0031,pareto_balanced,2015-09-28,271,152,147,"{""sim_day"": 152.0, ""doy"": 271.0, ""topwt"": 17499.603271484375, ""grnwt"": 6267.208862304688, ""xlai"": 0.2464296817779541, ""totir"": 30.0, ""tofer"": NaN, ""swfac"": 0.0, ""nstres"": 0.4063429832458496}",0.0,0.4063429832458496,17499.603271484375,6267.208862304688,0.2464296817779541,30.0,,0.0,0.0,30.0,180.0,8.096588134765625,20.096588134765625,Leave_One_experiments/all_year_offline_schedule_search/daily_outputs/HLA/HLA_2015_HLA2015_normal_grid_S0031_daily.csv
HLA,HLA,Hailun,2015,Leave_One_experiments\wth_generated_qc\HLA\HLA2015.WTH,dry_year;nitrogen_stress_year;low_response_year,dry,HLA2015_normal_grid_S0031,pareto_balanced,2015-09-29,272,153,148,"{""sim_day"": 153.0, ""doy"": 272.0, ""topwt"": 17523.53759765625, ""grnwt"": 6344.3743896484375, ""xlai"": 0.2310278266668319, ""totir"": 30.0, ""tofer"": NaN, ""swfac"": 0.0, ""nstres"": 0.4137595295906067}",0.0,0.4137595295906067,17523.53759765625,6344.3743896484375,0.2310278266668319,30.0,,0.0,0.0,30.0,180.0,8.096588134765625,20.096588134765625,Leave_One_experiments/all_year_offline_schedule_search/daily_outputs/HLA/HLA_2015_HLA2015_normal_grid_S0031_daily.csv
HLA,HLA,Hailun,2015,Leave_One_experiments\wth_generated_qc\HLA\HLA2015.WTH,dry_year;nitrogen_stress_year;low_response_year,dry,HLA2015_normal_grid_S0031,pareto_balanced,2015-09-30,273,154,149,"{""sim_day"": 154.0, ""doy"": 273.0, ""topwt"": 17529.35546875, ""grnwt"": 6387.923583984375, ""xlai"": 0.2208393514156341, ""totir"": 30.0, ""tofer"": NaN, ""swfac"": 0.0, ""nstres"": 0.4389809370040893}",0.0,0.4389809370040893,17529.35546875,6387.923583984375,0.2208393514156341,30.0,,0.0,0.0,30.0,180.0,8.096588134765625,20.096588134765625,Leave_One_experiments/all_year_offline_schedule_search/daily_outputs/HLA/HLA_2015_HLA2015_normal_grid_S0031_daily.csv
HLA,HLA,Hailun,2015,Leave_One_experiments\wth_generated_qc\HLA\HLA2015.WTH,dry_year;nitrogen_stress_year;low_response_year,dry,HLA2015_normal_grid_S0031,pareto_balanced,2015-10-01,274,155,150,"{""sim_day"": 155.0, ""doy"": 274.0, ""topwt"": 17531.585693359375, ""grnwt"": 6387.923583984375, ""xlai"": 0.1187231391668319, ""totir"": 30.0, ""tofer"": NaN, ""swfac"": 0.0, ""nstres"": 0.4422652125358581}",0.0,0.4422652125358581,17531.585693359375,6387.923583984375,0.1187231391668319,30.0,,0.0,0.0,30.0,180.0,8.096588134765625,20.096588134765625,Leave_One_experiments/all_year_offline_schedule_search/daily_outputs/HLA/HLA_2015_HLA2015_normal_grid_S0031_daily.csv
HLA,HLA,Hailun,2015,Leave_One_experiments\wth_generated_qc\HLA\HLA2015.WTH,dry_year;nitrogen_stress_year;low_response_year,dry,HLA2015_normal_grid_S0031,pareto_balanced,2015-10-02,275,156,151,"{""sim_day"": 156.0, ""doy"": 275.0, ""topwt"": 17531.982421875, ""grnwt"": 6387.923583984375, ""xlai"": 0.0890424773097038, ""totir"": 30.0, ""tofer"": NaN, ""swfac"": 0.0, ""nstres"": 0.4384613037109375}",0.0,0.4384613037109375,17531.982421875,6387.923583984375,0.0890424773097038,30.0,,0.0,0.0,30.0,180.0,8.096588134765625,20.096588134765625,Leave_One_experiments/all_year_offline_schedule_search/daily_outputs/HLA/HLA_2015_HLA2015_normal_grid_S0031_daily.csv
HLA,HLA,Hailun,2015,Leave_One_experiments\wth_generated_qc\HLA\HLA2015.WTH,dry_year;nitrogen_stress_year;low_response_year,dry,HLA2015_normal_grid_S0031,pareto_balanced,2015-10-03,276,157,152,"{""sim_day"": 157.0, ""doy"": 276.0, ""topwt"": 17542.872314453125, ""grnwt"": 6422.303466796875, ""xlai"": 0.0580468736588954, ""totir"": 30.0, ""tofer"": NaN, ""swfac"": 0.0, ""nstres"": 0.440108060836792}",0.0,0.440108060836792,17542.872314453125,6422.303466796875,0.0580468736588954,30.0,,0.0,0.0,30.0,180.0,8.096588134765625,20.096588134765625,Leave_One_experiments/all_year_offline_schedule_search/daily_outputs/HLA/HLA_2015_HLA2015_normal_grid_S0031_daily.csv
HLA,HLA,Hailun,2015,Leave_One_experiments\wth_generated_qc\HLA\HLA2015.WTH,dry_year;nitrogen_stress_year;low_response_year,dry,HLA2015_normal_grid_S0031,pareto_balanced,2015-10-04,277,158,153,"{""sim_day"": 158.0, ""doy"": 277.0, ""topwt"": 17547.53662109375, ""grnwt"": 6512.457275390625, ""xlai"": 0.0559511706233024, ""totir"": 30.0, ""tofer"": NaN, ""swfac"": 0.0, ""nstres"": 0.4477326273918152}",0.0,0.4477326273918152,17547.53662109375,6512.457275390625,0.0559511706233024,30.0,,0.0,0.0,30.0,180.0,8.096588134765625,20.096588134765625,Leave_One_experiments/all_year_offline_schedule_search/daily_outputs/HLA/HLA_2015_HLA2015_normal_grid_S0031_daily.csv
HLA,HLA,Hailun,2015,Leave_One_experiments\wth_generated_qc\HLA\HLA2015.WTH,dry_year;nitrogen_stress_year;low_response_year,dry,HLA2015_normal_grid_S0031,pareto_balanced,2015-10-05,278,159,154,"{""sim_day"": 159.0, ""doy"": 278.0, ""topwt"": 17551.14990234375, ""grnwt"": 6649.215698242188, ""xlai"": 0.0539409182965755, ""totir"": 30.0, ""tofer"": NaN, ""swfac"": 0.0, ""nstres"": 0.4622986912727356}",0.0,0.4622986912727356,17551.14990234375,6649.215698242188,0.0539409182965755,30.0,,0.0,0.0,30.0,180.0,8.096588134765625,20.096588134765625,Leave_One_experiments/all_year_offline_schedule_search/daily_outputs/HLA/HLA_2015_HLA2015_normal_grid_S0031_daily.csv
HLA,HLA,Hailun,2015,Leave_One_experiments\wth_generated_qc\HLA\HLA2015.WTH,dry_year;nitrogen_stress_year;low_response_year,dry,HLA2015_normal_grid_S0031,pareto_balanced,2015-10-06,279,160,155,"{""sim_day"": 160.0, ""doy"": 279.0, ""topwt"": 17555.92041015625, ""grnwt"": 6809.6588134765625, ""xlai"": 0.0519760735332965, ""totir"": 30.0, ""tofer"": NaN, ""swfac"": 0.0, ""nstres"": 0.4743208289146423}",0.0,0.4743208289146423,17555.92041015625,6809.6588134765625,0.0519760735332965,30.0,,0.0,0.0,30.0,180.0,8.096588134765625,20.096588134765625,Leave_One_experiments/all_year_offline_schedule_search/daily_outputs/HLA/HLA_2015_HLA2015_normal_grid_S0031_daily.csv
HLA,HLA,Hailun,2015,Leave_One_experiments\wth_generated_qc\HLA\HLA2015.WTH,dry_year;nitrogen_stress_year;low_response_year,dry,HLA2015_normal_grid_S0031,pareto_balanced,2015-10-07,280,161,156,"{""sim_day"": 161.0, ""doy"": 280.0, ""topwt"": 17555.92041015625, ""grnwt"": 6809.6588134765625, ""xlai"": 0.0519760735332965, ""totir"": 30.0, ""tofer"": NaN, ""swfac"": 0.0, ""nstres"": 0.4878794550895691}",0.0,0.4878794550895691,17555.92041015625,6809.6588134765625,0.0519760735332965,30.0,,0.0,0.0,30.0,180.0,8.096588134765625,20.096588134765625,Leave_One_experiments/all_year_offline_schedule_search/daily_outputs/HLA/HLA_2015_HLA2015_normal_grid_S0031_daily.csv
HLA,HLA,Hailun,2015,Leave_One_experiments\wth_generated_qc\HLA\HLA2015.WTH,dry_year;nitrogen_stress_year;low_response_year,dry,HLA2015_normal_grid_S0031,pareto_balanced,2015-10-08,281,162,157,"{""sim_day"": 162.0, ""doy"": 281.0, ""topwt"": 17555.92041015625, ""grnwt"": 6809.6588134765625, ""xlai"": 0.0519760735332965, ""totir"": 30.0, ""tofer"": NaN, ""swfac"": 0.0, ""nstres"": 0.4878794550895691}",0.0,0.4878794550895691,17555.92041015625,6809.6588134765625,0.0519760735332965,30.0,,0.0,0.0,30.0,180.0,8.096588134765625,20.096588134765625,Leave_One_experiments/all_year_offline_schedule_search/daily_outputs/HLA/HLA_2015_HLA2015_normal_grid_S0031_daily.csv
HLA,HLA,Hailun,2015,Leave_One_experiments\wth_generated_qc\HLA\HLA2015.WTH,dry_year;nitrogen_stress_year;low_response_year,dry,HLA2015_normal_grid_S0010,top_profit_low_water,2015-05-05,125,1,1,"{""sim_day"": 1.0, ""doy"": 125.0, ""topwt"": 0.0, ""grnwt"": 0.0, ""xlai"": 0.0, ""totir"": 0.0, ""tofer"": NaN, ""swfac"": 0.0, ""nstres"": 0.0}",0.0,0.0,0.0,0.0,0.0,0.0,,0.0,50.0,0.0,150.0,25.290093994140623,25.290093994140623,Leave_One_experiments/all_year_offline_schedule_search/daily_outputs/HLA/HLA_2015_HLA2015_normal_grid_S0010_daily.csv
HLA,HLA,Hailun,2015,Leave_One_experiments\wth_generated_qc\HLA\HLA2015.WTH,dry_year;nitrogen_stress_year;low_response_year,dry,HLA2015_normal_grid_S0010,top_profit_low_water,2015-05-06,126,2,2,"{""sim_day"": 2.0, ""doy"": 126.0, ""topwt"": 0.0, ""grnwt"": 0.0, ""xlai"": 0.0, ""totir"": 0.0, ""tofer"": NaN, ""swfac"": 0.0, ""nstres"": 0.0}",0.0,0.0,0.0,0.0,0.0,0.0,,0.0,0.0,0.0,150.0,25.290093994140623,25.290093994140623,Leave_One_experiments/all_year_offline_schedule_search/daily_outputs/HLA/HLA_2015_HLA2015_normal_grid_S0010_daily.csv
HLA,HLA,Hailun,2015,Leave_One_experiments\wth_generated_qc\HLA\HLA2015.WTH,dry_year;nitrogen_stress_year;low_response_year,dry,HLA2015_normal_grid_S0010,top_profit_low_water,2015-05-07,127,3,3,"{""sim_day"": 3.0, ""doy"": 127.0, ""topwt"": 0.0, ""grnwt"": 0.0, ""xlai"": 0.0, ""totir"": 0.0, ""tofer"": NaN, ""swfac"": 0.0, ""nstres"": 0.0}",0.0,0.0,0.0,0.0,0.0,0.0,,0.0,0.0,0.0,150.0,25.290093994140623,25.290093994140623,Leave_One_experiments/all_year_offline_schedule_search/daily_outputs/HLA/HLA_2015_HLA2015_normal_grid_S0010_daily.csv
HLA,HLA,Hailun,2015,Leave_One_experiments\wth_generated_qc\HLA\HLA2015.WTH,dry_year;nitrogen_stress_year;low_response_year,dry,HLA2015_normal_grid_S0010,top_profit_low_water,2015-05-08,128,4,4,"{""sim_day"": 4.0, ""doy"": 128.0, ""topwt"": 0.0, ""grnwt"": 0.0, ""xlai"": 0.0, ""totir"": 0.0, ""tofer"": NaN, ""swfac"": 0.0, ""nstres"": 0.0}",0.0,0.0,0.0,0.0,0.0,0.0,,0.0,0.0,0.0,150.0,25.290093994140623,25.290093994140623,Leave_One_experiments/all_year_offline_schedule_search/daily_outputs/HLA/HLA_2015_HLA2015_normal_grid_S0010_daily.csv
HLA,HLA,Hailun,2015,Leave_One_experiments\wth_generated_qc\HLA\HLA2015.WTH,dry_year;nitrogen_stress_year;low_response_year,dry,HLA2015_normal_grid_S0010,top_profit_low_water,2015-05-09,129,5,5,"{""sim_day"": 5.0, ""doy"": 129.0, ""topwt"": 0.0, ""grnwt"": 0.0, ""xlai"": 0.0, ""totir"": 0.0, ""tofer"": NaN, ""swfac"": 0.0, ""nstres"": 0.0}",0.0,0.0,0.0,0.0,0.0,0.0,,0.0,0.0,0.0,150.0,25.290093994140623,25.290093994140623,Leave_One_experiments/all_year_offline_schedule_search/daily_outputs/HLA/HLA_2015_HLA2015_normal_grid_S0010_daily.csv
HLA,HLA,Hailun,2015,Leave_One_experiments\wth_generated_qc\HLA\HLA2015.WTH,dry_year;nitrogen_stress_year;low_response_year,dry,HLA2015_normal_grid_S0010,top_profit_low_water,2015-05-05,125,6,1,"{""sim_day"": 6.0, ""doy"": 125.0, ""topwt"": 0.0, ""grnwt"": 0.0, ""xlai"": 0.0, ""totir"": 0.0, ""tofer"": NaN, ""swfac"": 0.0, ""nstres"": 0.0}",0.0,0.0,0.0,0.0,0.0,0.0,,0.0,0.0,0.0,150.0,25.290093994140623,25.290093994140623,Leave_One_experiments/all_year_offline_schedule_search/daily_outputs/HLA/HLA_2015_HLA2015_normal_grid_S0010_daily.csv
HLA,HLA,Hailun,2015,Leave_One_experiments\wth_generated_qc\HLA\HLA2015.WTH,dry_year;nitrogen_stress_year;low_response_year,dry,HLA2015_normal_grid_S0010,top_profit_low_water,2015-05-06,126,7,2,"{""sim_day"": 7.0, ""doy"": 126.0, ""topwt"": 0.0, ""grnwt"": 0.0, ""xlai"": 0.0, ""totir"": 0.0, ""tofer"": NaN, ""swfac"": 0.0, ""nstres"": 0.0}",0.0,0.0,0.0,0.0,0.0,0.0,,0.0,0.0,0.0,150.0,25.290093994140623,25.290093994140623,Leave_One_experiments/all_year_offline_schedule_search/daily_outputs/HLA/HLA_2015_HLA2015_normal_grid_S0010_daily.csv
HLA,HLA,Hailun,2015,Leave_One_experiments\wth_generated_qc\HLA\HLA2015.WTH,dry_year;nitrogen_stress_year;low_response_year,dry,HLA2015_normal_grid_S0010,top_profit_low_water,2015-05-07,127,8,3,"{""sim_day"": 8.0, ""doy"": 127.0, ""topwt"": 0.0, ""grnwt"": 0.0, ""xlai"": 0.0, ""totir"": 0.0, ""tofer"": NaN, ""swfac"": 0.0, ""nstres"": 0.0}",0.0,0.0,0.0,0.0,0.0,0.0,,0.0,0.0,0.0,150.0,25.290093994140623,25.290093994140623,Leave_One_experiments/all_year_offline_schedule_search/daily_outputs/HLA/HLA_2015_HLA2015_normal_grid_S0010_daily.csv
HLA,HLA,Hailun,2015,Leave_One_experiments\wth_generated_qc\HLA\HLA2015.WTH,dry_year;nitrogen_stress_year;low_response_year,dry,HLA2015_normal_grid_S0010,top_profit_low_water,2015-05-08,128,9,4,"{""sim_day"": 9.0, ""doy"": 128.0, ""topwt"": 0.0, ""grnwt"": 0.0, ""xlai"": 0.0, ""totir"": 0.0, ""tofer"": NaN, ""swfac"": 0.0, ""nstres"": 0.0}",0.0,0.0,0.0,0.0,0.0,0.0,,0.0,0.0,0.0,150.0,25.290093994140623,25.290093994140623,Leave_One_experiments/all_year_offline_schedule_search/daily_outputs/HLA/HLA_2015_HLA2015_normal_grid_S0010_daily.csv
HLA,HLA,Hailun,2015,Leave_One_experiments\wth_generated_qc\HLA\HLA2015.WTH,dry_year;nitrogen_stress_year;low_response_year,dry,HLA2015_normal_grid_S0010,top_profit_low_water,2015-05-09,129,10,5,"{""sim_day"": 10.0, ""doy"": 129.0, ""topwt"": 0.0, ""grnwt"": 0.0, ""xlai"": 0.0, ""totir"": 0.0, ""tofer"": NaN, ""swfac"": 0.0, ""nstres"": 0.0}",0.0,0.0,0.0,0.0,0.0,0.0,,0.0,0.0,0.0,150.0,25.290093994140623,25.290093994140623,Leave_One_experiments/all_year_offline_schedule_search/daily_outputs/HLA/HLA_2015_HLA2015_normal_grid_S0010_daily.csv
HLA,HLA,Hailun,2015,Leave_One_experiments\wth_generated_qc\HLA\HLA2015.WTH,dry_year;nitrogen_stress_year;low_response_year,dry,HLA2015_normal_grid_S0010,top_profit_low_water,2015-05-10,130,11,6,"{""sim_day"": 11.0, ""doy"": 130.0, ""topwt"": 0.0, ""grnwt"": 0.0, ""xlai"": 0.0, ""totir"": 0.0, ""tofer"": NaN, ""swfac"": 0.0, ""nstres"": 0.0}",0.0,0.0,0.0,0.0,0.0,0.0,,0.0,0.0,0.0,150.0,25.290093994140623,25.290093994140623,Leave_One_experiments/all_year_offline_schedule_search/daily_outputs/HLA/HLA_2015_HLA2015_normal_grid_S0010_daily.csv
HLA,HLA,Hailun,2015,Leave_One_experiments\wth_generated_qc\HLA\HLA2015.WTH,dry_year;nitrogen_stress_year;low_response_year,dry,HLA2015_normal_grid_S0010,top_profit_low_water,2015-05-11,131,12,7,"{""sim_day"": 12.0, ""doy"": 131.0, ""topwt"": 0.0, ""grnwt"": 0.0, ""xlai"": 0.0, ""totir"": 0.0, ""tofer"": NaN, ""swfac"": 0.0, ""nstres"": 0.0}",0.0,0.0,0.0,0.0,0.0,0.0,,0.0,0.0,0.0,150.0,25.290093994140623,25.290093994140623,Leave_One_experiments/all_year_offline_schedule_search/daily_outputs/HLA/HLA_2015_HLA2015_normal_grid_S0010_daily.csv
HLA,HLA,Hailun,2015,Leave_One_experiments\wth_generated_qc\HLA\HLA2015.WTH,dry_year;nitrogen_stress_year;low_response_year,dry,HLA2015_normal_grid_S0010,top_profit_low_water,2015-05-12,132,13,8,"{""sim_day"": 13.0, ""doy"": 132.0, ""topwt"": 0.0, ""grnwt"": 0.0, ""xlai"": 0.0, ""totir"": 0.0, ""tofer"": NaN, ""swfac"": 0.0, ""nstres"": 0.0}",0.0,0.0,0.0,0.0,0.0,0.0,,0.0,0.0,0.0,150.0,25.290093994140623,25.290093994140623,Leave_One_experiments/all_year_offline_schedule_search/daily_outputs/HLA/HLA_2015_HLA2015_normal_grid_S0010_daily.csv
HLA,HLA,Hailun,2015,Leave_One_experiments\wth_generated_qc\HLA\HLA2015.WTH,dry_year;nitrogen_stress_year;low_response_year,dry,HLA2015_normal_grid_S0010,top_profit_low_water,2015-05-13,133,14,9,"{""sim_day"": 14.0, ""doy"": 133.0, ""topwt"": 0.0, ""grnwt"": 0.0, ""xlai"": 0.0, ""totir"": 0.0, ""tofer"": NaN, ""swfac"": 0.0, ""nstres"": 0.0}",0.0,0.0,0.0,0.0,0.0,0.0,,0.0,0.0,0.0,150.0,25.290093994140623,25.290093994140623,Leave_One_experiments/all_year_offline_schedule_search/daily_outputs/HLA/HLA_2015_HLA2015_normal_grid_S0010_daily.csv
HLA,HLA,Hailun,2015,Leave_One_experiments\wth_generated_qc\HLA\HLA2015.WTH,dry_year;nitrogen_stress_year;low_response_year,dry,HLA2015_normal_grid_S0010,top_profit_low_water,2015-05-14,134,15,10,"{""sim_day"": 15.0, ""doy"": 134.0, ""topwt"": 0.0, ""grnwt"": 0.0, ""xlai"": 0.0, ""totir"": 0.0, ""tofer"": NaN, ""swfac"": 0.0, ""nstres"": 0.0}",0.0,0.0,0.0,0.0,0.0,0.0,,0.0,0.0,0.0,150.0,25.290093994140623,25.290093994140623,Leave_One_experiments/all_year_offline_schedule_search/daily_outputs/HLA/HLA_2015_HLA2015_normal_grid_S0010_daily.csv
HLA,HLA,Hailun,2015,Leave_One_experiments\wth_generated_qc\HLA\HLA2015.WTH,dry_year;nitrogen_stress_year;low_response_year,dry,HLA2015_normal_grid_S0010,top_profit_low_water,2015-05-15,135,16,11,"{""sim_day"": 16.0, ""doy"": 135.0, ""topwt"": 0.0, ""grnwt"": 0.0, ""xlai"": 0.0, ""totir"": 0.0, ""tofer"": NaN, ""swfac"": 0.0, ""nstres"": 0.0}",0.0,0.0,0.0,0.0,0.0,0.0,,0.0,0.0,0.0,150.0,25.290093994140623,25.290093994140623,Leave_One_experiments/all_year_offline_schedule_search/daily_outputs/HLA/HLA_2015_HLA2015_normal_grid_S0010_daily.csv
HLA,HLA,Hailun,2015,Leave_One_experiments\wth_generated_qc\HLA\HLA2015.WTH,dry_year;nitrogen_stress_year;low_response_year,dry,HLA2015_normal_grid_S0010,top_profit_low_water,2015-05-16,136,17,12,"{""sim_day"": 17.0, ""doy"": 136.0, ""topwt"": 0.0, ""grnwt"": 0.0, ""xlai"": 0.0, ""totir"": 0.0, ""tofer"": NaN, ""swfac"": 0.0, ""nstres"": 0.0}",0.0,0.0,0.0,0.0,0.0,0.0,,0.0,0.0,0.0,150.0,25.290093994140623,25.290093994140623,Leave_One_experiments/all_year_offline_schedule_search/daily_outputs/HLA/HLA_2015_HLA2015_normal_grid_S0010_daily.csv
HLA,HLA,Hailun,2015,Leave_One_experiments\wth_generated_qc\HLA\HLA2015.WTH,dry_year;nitrogen_stress_year;low_response_year,dry,HLA2015_normal_grid_S0010,top_profit_low_water,2015-05-17,137,18,13,"{""sim_day"": 18.0, ""doy"": 137.0, ""topwt"": 0.0, ""grnwt"": 0.0, ""xlai"": 0.0, ""totir"": 0.0, ""tofer"": NaN, ""swfac"": 0.0, ""nstres"": 0.0}",0.0,0.0,0.0,0.0,0.0,0.0,,0.0,0.0,0.0,150.0,25.290093994140623,25.290093994140623,Leave_One_experiments/all_year_offline_schedule_search/daily_outputs/HLA/HLA_2015_HLA2015_normal_grid_S0010_daily.csv
HLA,HLA,Hailun,2015,Leave_One_experiments\wth_generated_qc\HLA\HLA2015.WTH,dry_year;nitrogen_stress_year;low_response_year,dry,HLA2015_normal_grid_S0010,top_profit_low_water,2015-05-18,138,19,14,"{""sim_day"": 19.0, ""doy"": 138.0, ""topwt"": 0.0, ""grnwt"": 0.0, ""xlai"": 0.0, ""totir"": 0.0, ""tofer"": NaN, ""swfac"": 0.0, ""nstres"": 0.0}",0.0,0.0,0.0,0.0,0.0,0.0,,0.0,0.0,0.0,150.0,25.290093994140623,25.290093994140623,Leave_One_experiments/all_year_offline_schedule_search/daily_outputs/HLA/HLA_2015_HLA2015_normal_grid_S0010_daily.csv
HLA,HLA,Hailun,2015,Leave_One_experiments\wth_generated_qc\HLA\HLA2015.WTH,dry_year;nitrogen_stress_year;low_response_year,dry,HLA2015_normal_grid_S0010,top_profit_low_water,2015-05-19,139,20,15,"{""sim_day"": 20.0, ""doy"": 139.0, ""topwt"": 0.0, ""grnwt"": 0.0, ""xlai"": 0.0, ""totir"": 0.0, ""tofer"": NaN, ""swfac"": 0.0, ""nstres"": 0.0}",0.0,0.0,0.0,0.0,0.0,0.0,,0.0,0.0,0.0,150.0,25.290093994140623,25.290093994140623,Leave_One_experiments/all_year_offline_schedule_search/daily_outputs/HLA/HLA_2015_HLA2015_normal_grid_S0010_daily.csv
HLA,HLA,Hailun,2015,Leave_One_experiments\wth_generated_qc\HLA\HLA2015.WTH,dry_year;nitrogen_stress_year;low_response_year,dry,HLA2015_normal_grid_S0010,top_profit_low_water,2015-05-20,140,21,16,"{""sim_day"": 21.0, ""doy"": 140.0, ""topwt"": 0.0, ""grnwt"": 0.0, ""xlai"": 0.0, ""totir"": 0.0, ""tofer"": NaN, ""swfac"": 0.0, ""nstres"": 0.0}",0.0,0.0,0.0,0.0,0.0,0.0,,0.0,0.0,0.0,150.0,25.290093994140623,25.290093994140623,Leave_One_experiments/all_year_offline_schedule_search/daily_outputs/HLA/HLA_2015_HLA2015_normal_grid_S0010_daily.csv
HLA,HLA,Hailun,2015,Leave_One_experiments\wth_generated_qc\HLA\HLA2015.WTH,dry_year;nitrogen_stress_year;low_response_year,dry,HLA2015_normal_grid_S0010,top_profit_low_water,2015-05-21,141,22,17,"{""sim_day"": 22.0, ""doy"": 141.0, ""topwt"": 0.0, ""grnwt"": 0.0, ""xlai"": 0.0, ""totir"": 0.0, ""tofer"": NaN, ""swfac"": 0.0, ""nstres"": 0.0}",0.0,0.0,0.0,0.0,0.0,0.0,,0.0,0.0,0.0,150.0,25.290093994140623,25.290093994140623,Leave_One_experiments/all_year_offline_schedule_search/daily_outputs/HLA/HLA_2015_HLA2015_normal_grid_S0010_daily.csv
HLA,HLA,Hailun,2015,Leave_One_experiments\wth_generated_qc\HLA\HLA2015.WTH,dry_year;nitrogen_stress_year;low_response_year,dry,HLA2015_normal_grid_S0010,top_profit_low_water,2015-05-22,142,23,18,"{""sim_day"": 23.0, ""doy"": 142.0, ""topwt"": 20.0, ""grnwt"": 0.0, ""xlai"": 0.0019517545588314, ""totir"": 0.0, ""tofer"": NaN, ""swfac"": 0.0, ""nstres"": 0.0121910572052001}",0.0,0.0121910572052001,20.0,0.0,0.0019517545588314,0.0,,0.0,0.0,0.0,150.0,25.290093994140623,25.290093994140623,Leave_One_experiments/all_year_offline_schedule_search/daily_outputs/HLA/HLA_2015_HLA2015_normal_grid_S0010_daily.csv
HLA,HLA,Hailun,2015,Leave_One_experiments\wth_generated_qc\HLA\HLA2015.WTH,dry_year;nitrogen_stress_year;low_response_year,dry,HLA2015_normal_grid_S0010,top_profit_low_water,2015-05-23,143,24,19,"{""sim_day"": 24.0, ""doy"": 143.0, ""topwt"": 20.0, ""grnwt"": 0.0, ""xlai"": 0.0042526642791926, ""totir"": 0.0, ""tofer"": NaN, ""swfac"": 0.0, ""nstres"": 0.01454758644104}",0.0,0.01454758644104,20.0,0.0,0.0042526642791926,0.0,,0.0,0.0,0.0,150.0,25.290093994140623,25.290093994140623,Leave_One_experiments/all_year_offline_schedule_search/daily_outputs/HLA/HLA_2015_HLA2015_normal_grid_S0010_daily.csv
HLA,HLA,Hailun,2015,Leave_One_experiments\wth_generated_qc\HLA\HLA2015.WTH,dry_year;nitrogen_stress_year;low_response_year,dry,HLA2015_normal_grid_S0010,top_profit_low_water,2015-05-24,144,25,20,"{""sim_day"": 25.0, ""doy"": 144.0, ""topwt"": 20.0, ""grnwt"": 0.0, ""xlai"": 0.0052991057746112, ""totir"": 0.0, ""tofer"": NaN, ""swfac"": 0.0, ""nstres"": 0.0123004913330078}",0.0,0.0123004913330078,20.0,0.0,0.0052991057746112,0.0,,0.0,0.0,0.0,150.0,25.290093994140623,25.290093994140623,Leave_One_experiments/all_year_offline_schedule_search/daily_outputs/HLA/HLA_2015_HLA2015_normal_grid_S0010_daily.csv
HLA,HLA,Hailun,2015,Leave_One_experiments\wth_generated_qc\HLA\HLA2015.WTH,dry_year;nitrogen_stress_year;low_response_year,dry,HLA2015_normal_grid_S0010,top_profit_low_water,2015-05-25,145,26,21,"{""sim_day"": 26.0, ""doy"": 145.0, ""topwt"": 20.0, ""grnwt"": 0.0, ""xlai"": 0.0066870832815766, ""totir"": 0.0, ""tofer"": NaN, ""swfac"": 0.0, ""nstres"": 0.0095220208168029}",0.0,0.0095220208168029,20.0,0.0,0.0066870832815766,0.0,,0.0,0.0,0.0,150.0,25.290093994140623,25.290093994140623,Leave_One_experiments/all_year_offline_schedule_search/daily_outputs/HLA/HLA_2015_HLA2015_normal_grid_S0010_daily.csv
HLA,HLA,Hailun,2015,Leave_One_experiments\wth_generated_qc\HLA\HLA2015.WTH,dry_year;nitrogen_stress_year;low_response_year,dry,HLA2015_normal_grid_S0010,top_profit_low_water,2015-05-26,146,27,22,"{""sim_day"": 27.0, ""doy"": 146.0, ""topwt"": 20.0, ""grnwt"": 0.0, ""xlai"": 0.0091514894738793, ""totir"": 0.0, ""tofer"": NaN, ""swfac"": 0.0, ""nstres"": 0.0050685405731201}",0.0,0.0050685405731201,20.0,0.0,0.0091514894738793,0.0,,0.0,0.0,0.0,150.0,25.290093994140623,25.290093994140623,Leave_One_experiments/all_year_offline_schedule_search/daily_outputs/HLA/HLA_2015_HLA2015_normal_grid_S0010_daily.csv
HLA,HLA,Hailun,2015,Leave_One_experiments\wth_generated_qc\HLA\HLA2015.WTH,dry_year;nitrogen_stress_year;low_response_year,dry,HLA2015_normal_grid_S0010,top_profit_low_water,2015-05-27,147,28,23,"{""sim_day"": 28.0, ""doy"": 147.0, ""topwt"": 20.0, ""grnwt"": 0.0, ""xlai"": 0.0117484796792268, ""totir"": 0.0, ""tofer"": NaN, ""swfac"": 0.0, ""nstres"": 0.0006848573684692}",0.0,0.0006848573684692,20.0,0.0,0.0117484796792268,0.0,,0.0,0.0,0.0,150.0,25.290093994140623,25.290093994140623,Leave_One_experiments/all_year_offline_schedule_search/daily_outputs/HLA/HLA_2015_HLA2015_normal_grid_S0010_daily.csv
HLA,HLA,Hailun,2015,Leave_One_experiments\wth_generated_qc\HLA\HLA2015.WTH,dry_year;nitrogen_stress_year;low_response_year,dry,HLA2015_normal_grid_S0010,top_profit_low_water,2015-05-28,148,29,24,"{""sim_day"": 29.0, ""doy"": 148.0, ""topwt"": 20.0, ""grnwt"": 0.0, ""xlai"": 0.0149262603372335, ""totir"": 0.0, ""tofer"": NaN, ""swfac"": 0.0, ""nstres"": 0.0}",0.0,0.0,20.0,0.0,0.0149262603372335,0.0,,0.0,0.0,0.0,150.0,25.290093994140623,25.290093994140623,Leave_One_experiments/all_year_offline_schedule_search/daily_outputs/HLA/HLA_2015_HLA2015_normal_grid_S0010_daily.csv
HLA,HLA,Hailun,2015,Leave_One_experiments\wth_generated_qc\HLA\HLA2015.WTH,dry_year;nitrogen_stress_year;low_response_year,dry,HLA2015_normal_grid_S0010,top_profit_low_water,2015-05-29,149,30,25,"{""sim_day"": 30.0, ""doy"": 149.0, ""topwt"": 20.0, ""grnwt"": 0.0, ""xlai"": 0.0212068930268287, ""totir"": 0.0, ""tofer"": NaN, ""swfac"": 0.0, ""nstres"": 0.0}",0.0,0.0,20.0,0.0,0.0212068930268287,0.0,,0.0,0.0,0.0,150.0,25.290093994140623,25.290093994140623,Leave_One_experiments/all_year_offline_schedule_search/daily_outputs/HLA/HLA_2015_HLA2015_normal_grid_S0010_daily.csv
HLA,HLA,Hailun,2015,Leave_One_experiments\wth_generated_qc\HLA\HLA2015.WTH,dry_year;nitrogen_stress_year;low_response_year,dry,HLA2015_normal_grid_S0010,top_profit_low_water,2015-05-30,150,31,26,"{""sim_day"": 31.0, ""doy"": 150.0, ""topwt"": 20.0, ""grnwt"": 0.0, ""xlai"": 0.0287809111177921, ""totir"": 0.0, ""tofer"": NaN, ""swfac"": 0.0, ""nstres"": 0.0}",0.0,0.0,20.0,0.0,0.0287809111177921,0.0,,0.0,0.0,0.0,150.0,25.290093994140623,25.290093994140623,Leave_One_experiments/all_year_offline_schedule_search/daily_outputs/HLA/HLA_2015_HLA2015_normal_grid_S0010_daily.csv
HLA,HLA,Hailun,2015,Leave_One_experiments\wth_generated_qc\HLA\HLA2015.WTH,dry_year;nitrogen_stress_year;low_response_year,dry,HLA2015_normal_grid_S0010,top_profit_low_water,2015-05-31,151,32,27,"{""sim_day"": 32.0, ""doy"": 151.0, ""topwt"": 20.726678371429443, ""grnwt"": 0.0, ""xlai"": 0.0362971499562263, ""totir"": 0.0, ""tofer"": NaN, ""swfac"": 0.0, ""nstres"": 0.0}",0.0,0.0,20.726678371429443,0.0,0.0362971499562263,0.0,,0.0,0.0,0.0,150.0,25.290093994140623,25.290093994140623,Leave_One_experiments/all_year_offline_schedule_search/daily_outputs/HLA/HLA_2015_HLA2015_normal_grid_S0010_daily.csv
HLA,HLA,Hailun,2015,Leave_One_experiments\wth_generated_qc\HLA\HLA2015.WTH,dry_year;nitrogen_stress_year;low_response_year,dry,HLA2015_normal_grid_S0010,top_profit_low_water,2015-06-01,152,33,28,"{""sim_day"": 33.0, ""doy"": 152.0, ""topwt"": 23.977515697479248, ""grnwt"": 0.0, ""xlai"": 0.0448262766003608, ""totir"": 0.0, ""tofer"": NaN, ""swfac"": 0.0, ""nstres"": 0.0}",0.0,0.0,23.977515697479248,0.0,0.0448262766003608,0.0,,0.0,0.0,0.0,150.0,25.290093994140623,25.290093994140623,Leave_One_experiments/all_year_offline_schedule_search/daily_outputs/HLA/HLA_2015_HLA2015_normal_grid_S0010_daily.csv
HLA,HLA,Hailun,2015,Leave_One_experiments\wth_generated_qc\HLA\HLA2015.WTH,dry_year;nitrogen_stress_year;low_response_year,dry,HLA2015_normal_grid_S0010,top_profit_low_water,2015-06-02,153,34,29,"{""sim_day"": 34.0, ""doy"": 153.0, ""topwt"": 28.848648071289062, ""grnwt"": 0.0, ""xlai"": 0.0568868331611156, ""totir"": 0.0, ""tofer"": NaN, ""swfac"": 0.0, ""nstres"": 0.0}",0.0,0.0,28.848648071289062,0.0,0.0568868331611156,0.0,,0.0,0.0,0.0,150.0,25.290093994140623,25.290093994140623,Leave_One_experiments/all_year_offline_schedule_search/daily_outputs/HLA/HLA_2015_HLA2015_normal_grid_S0010_daily.csv
HLA,HLA,Hailun,2015,Leave_One_experiments\wth_generated_qc\HLA\HLA2015.WTH,dry_year;nitrogen_stress_year;low_response_year,dry,HLA2015_normal_grid_S0010,top_profit_low_water,2015-06-03,154,35,30,"{""sim_day"": 35.0, ""doy"": 154.0, ""topwt"": 35.39210319519043, ""grnwt"": 0.0, ""xlai"": 0.072124995291233, ""totir"": 0.0, ""tofer"": NaN, ""swfac"": 0.0, ""nstres"": 0.0}",0.0,0.0,35.39210319519043,0.0,0.072124995291233,0.0,,0.0,50.0,0.0,150.0,25.290093994140623,25.290093994140623,Leave_One_experiments/all_year_offline_schedule_search/daily_outputs/HLA/HLA_2015_HLA2015_normal_grid_S0010_daily.csv
HLA,HLA,Hailun,2015,Leave_One_experiments\wth_generated_qc\HLA\HLA2015.WTH,dry_year;nitrogen_stress_year;low_response_year,dry,HLA2015_normal_grid_S0010,top_profit_low_water,2015-06-04,155,36,31,"{""sim_day"": 36.0, ""doy"": 155.0, ""topwt"": 41.76493644714356, ""grnwt"": 0.0, ""xlai"": 0.0861963257193565, ""totir"": 0.0, ""tofer"": NaN, ""swfac"": 0.0, ""nstres"": 0.0}",0.0,0.0,41.76493644714356,0.0,0.0861963257193565,0.0,,0.0,0.0,0.0,150.0,25.290093994140623,25.290093994140623,Leave_One_experiments/all_year_offline_schedule_search/daily_outputs/HLA/HLA_2015_HLA2015_normal_grid_S0010_daily.csv
HLA,HLA,Hailun,2015,Leave_One_experiments\wth_generated_qc\HLA\HLA2015.WTH,dry_year;nitrogen_stress_year;low_response_year,dry,HLA2015_normal_grid_S0010,top_profit_low_water,2015-06-05,156,37,32,"{""sim_day"": 37.0, ""doy"": 156.0, ""topwt"": 46.28744602203369, ""grnwt"": 0.0, ""xlai"": 0.0958240628242492, ""totir"": 0.0, ""tofer"": NaN, ""swfac"": 0.0, ""nstres"": 0.0}",0.0,0.0,46.28744602203369,0.0,0.0958240628242492,0.0,,0.0,0.0,0.0,150.0,25.290093994140623,25.290093994140623,Leave_One_experiments/all_year_offline_schedule_search/daily_outputs/HLA/HLA_2015_HLA2015_normal_grid_S0010_daily.csv
HLA,HLA,Hailun,2015,Leave_One_experiments\wth_generated_qc\HLA\HLA2015.WTH,dry_year;nitrogen_stress_year;low_response_year,dry,HLA2015_normal_grid_S0010,top_profit_low_water,2015-06-06,157,38,33,"{""sim_day"": 38.0, ""doy"": 157.0, ""topwt"": 50.94032287597656, ""grnwt"": 0.0, ""xlai"": 0.105472519993782, ""totir"": 0.0, ""tofer"": NaN, ""swfac"": 0.0, ""nstres"": 0.0}",0.0,0.0,50.94032287597656,0.0,0.105472519993782,0.0,,0.0,0.0,0.0,150.0,25.290093994140623,25.290093994140623,Leave_One_experiments/all_year_offline_schedule_search/daily_outputs/HLA/HLA_2015_HLA2015_normal_grid_S0010_daily.csv
HLA,HLA,Hailun,2015,Leave_One_experiments\wth_generated_qc\HLA\HLA2015.WTH,dry_year;nitrogen_stress_year;low_response_year,dry,HLA2015_normal_grid_S0010,top_profit_low_water,2015-06-07,158,39,34,"{""sim_day"": 39.0, ""doy"": 158.0, ""topwt"": 57.61742115020752, ""grnwt"": 0.0, ""xlai"": 0.1189326718449592, ""totir"": 0.0, ""tofer"": NaN, ""swfac"": 0.0, ""nstres"": 0.0}",0.0,0.0,57.61742115020752,0.0,0.1189326718449592,0.0,,0.0,0.0,0.0,150.0,25.290093994140623,25.290093994140623,Leave_One_experiments/all_year_offline_schedule_search/daily_outputs/HLA/HLA_2015_HLA2015_normal_grid_S0010_daily.csv
HLA,HLA,Hailun,2015,Leave_One_experiments\wth_generated_qc\HLA\HLA2015.WTH,dry_year;nitrogen_stress_year;low_response_year,dry,HLA2015_normal_grid_S0010,top_profit_low_water,2015-06-08,159,40,35,"{""sim_day"": 40.0, ""doy"": 159.0, ""topwt"": 65.71531772613525, ""grnwt"": 0.0, ""xlai"": 0.1347425729036331, ""totir"": 0.0, ""tofer"": NaN, ""swfac"": 0.0, ""nstres"": 0.0}",0.0,0.0,65.71531772613525,0.0,0.1347425729036331,0.0,,0.0,0.0,0.0,150.0,25.290093994140623,25.290093994140623,Leave_One_experiments/all_year_offline_schedule_search/daily_outputs/HLA/HLA_2015_HLA2015_normal_grid_S0010_daily.csv
HLA,HLA,Hailun,2015,Leave_One_experiments\wth_generated_qc\HLA\HLA2015.WTH,dry_year;nitrogen_stress_year;low_response_year,dry,HLA2015_normal_grid_S0010,top_profit_low_water,2015-06-09,160,41,36,"{""sim_day"": 41.0, ""doy"": 160.0, ""topwt"": 77.93329238891602, ""grnwt"": 0.0, ""xlai"": 0.1577264368534088, ""totir"": 0.0, ""tofer"": NaN, ""swfac"": 0.0, ""nstres"": 0.0}",0.0,0.0,77.93329238891602,0.0,0.1577264368534088,0.0,,0.0,0.0,0.0,150.0,25.290093994140623,25.290093994140623,Leave_One_experiments/all_year_offline_schedule_search/daily_outputs/HLA/HLA_2015_HLA2015_normal_grid_S0010_daily.csv
HLA,HLA,Hailun,2015,Leave_One_experiments\wth_generated_qc\HLA\HLA2015.WTH,dry_year;nitrogen_stress_year;low_response_year,dry,HLA2015_normal_grid_S0010,top_profit_low_water,2015-06-10,161,42,37,"{""sim_day"": 42.0, ""doy"": 161.0, ""topwt"": 92.70647048950195, ""grnwt"": 0.0, ""xlai"": 0.1843954473733902, ""totir"": 0.0, ""tofer"": NaN, ""swfac"": 0.0, ""nstres"": 0.0}",0.0,0.0,92.70647048950195,0.0,0.1843954473733902,0.0,,0.0,0.0,0.0,150.0,25.290093994140623,25.290093994140623,Leave_One_experiments/all_year_offline_schedule_search/daily_outputs/HLA/HLA_2015_HLA2015_normal_grid_S0010_daily.csv
HLA,HLA,Hailun,2015,Leave_One_experiments\wth_generated_qc\HLA\HLA2015.WTH,dry_year;nitrogen_stress_year;low_response_year,dry,HLA2015_normal_grid_S0010,top_profit_low_water,2015-06-11,162,43,38,"{""sim_day"": 43.0, ""doy"": 162.0, ""topwt"": 108.83733749389648, ""grnwt"": 0.0, ""xlai"": 0.2123979181051254, ""totir"": 0.0, ""tofer"": NaN, ""swfac"": 0.0, ""nstres"": 0.0}",0.0,0.0,108.83733749389648,0.0,0.2123979181051254,0.0,,0.0,0.0,0.0,150.0,25.290093994140623,25.290093994140623,Leave_One_experiments/all_year_offline_schedule_search/daily_outputs/HLA/HLA_2015_HLA2015_normal_grid_S0010_daily.csv
HLA,HLA,Hailun,2015,Leave_One_experiments\wth_generated_qc\HLA\HLA2015.WTH,dry_year;nitrogen_stress_year;low_response_year,dry,HLA2015_normal_grid_S0010,top_profit_low_water,2015-06-12,163,44,39,"{""sim_day"": 44.0, ""doy"": 163.0, ""topwt"": 128.6435317993164, ""grnwt"": 0.0, ""xlai"": 0.2455031871795654, ""totir"": 0.0, ""tofer"": NaN, ""swfac"": 0.0, ""nstres"": 0.0}",0.0,0.0,128.6435317993164,0.0,0.2455031871795654,0.0,,0.0,0.0,0.0,150.0,25.290093994140623,25.290093994140623,Leave_One_experiments/all_year_offline_schedule_search/daily_outputs/HLA/HLA_2015_HLA2015_normal_grid_S0010_daily.csv
HLA,HLA,Hailun,2015,Leave_One_experiments\wth_generated_qc\HLA\HLA2015.WTH,dry_year;nitrogen_stress_year;low_response_year,dry,HLA2015_normal_grid_S0010,top_profit_low_water,2015-06-13,164,45,40,"{""sim_day"": 45.0, ""doy"": 164.0, ""topwt"": 147.82906532287598, ""grnwt"": 0.0, ""xlai"": 0.2953105270862579, ""totir"": 0.0, ""tofer"": NaN, ""swfac"": 0.0, ""nstres"": 0.0}",0.0,0.0,147.82906532287598,0.0,0.2953105270862579,0.0,,0.0,0.0,0.0,150.0,25.290093994140623,25.290093994140623,Leave_One_experiments/all_year_offline_schedule_search/daily_outputs/HLA/HLA_2015_HLA2015_normal_grid_S0010_daily.csv
HLA,HLA,Hailun,2015,Leave_One_experiments\wth_generated_qc\HLA\HLA2015.WTH,dry_year;nitrogen_stress_year;low_response_year,dry,HLA2015_normal_grid_S0010,top_profit_low_water,2015-06-14,165,46,41,"{""sim_day"": 46.0, ""doy"": 165.0, ""topwt"": 187.4351692199707, ""grnwt"": 0.0, ""xlai"": 0.3607876896858215, ""totir"": 0.0, ""tofer"": NaN, ""swfac"": 0.0, ""nstres"": 0.0020726323127746}",0.0,0.0020726323127746,187.4351692199707,0.0,0.3607876896858215,0.0,,0.0,0.0,0.0,150.0,25.290093994140623,25.290093994140623,Leave_One_experiments/all_year_offline_schedule_search/daily_outputs/HLA/HLA_2015_HLA2015_normal_grid_S0010_daily.csv
HLA,HLA,Hailun,2015,Leave_One_experiments\wth_generated_qc\HLA\HLA2015.WTH,dry_year;nitrogen_stress_year;low_response_year,dry,HLA2015_normal_grid_S0010,top_profit_low_water,2015-06-15,166,47,42,"{""sim_day"": 47.0, ""doy"": 166.0, ""topwt"": 238.6933135986328, ""grnwt"": 0.0, ""xlai"": 0.4411228001117706, ""totir"": 0.0, ""tofer"": NaN, ""swfac"": 0.0, ""nstres"": 0.0}",0.0,0.0,238.6933135986328,0.0,0.4411228001117706,0.0,,0.0,0.0,0.0,150.0,25.290093994140623,25.290093994140623,Leave_One_experiments/all_year_offline_schedule_search/daily_outputs/HLA/HLA_2015_HLA2015_normal_grid_S0010_daily.csv
HLA,HLA,Hailun,2015,Leave_One_experiments\wth_generated_qc\HLA\HLA2015.WTH,dry_year;nitrogen_stress_year;low_response_year,dry,HLA2015_normal_grid_S0010,top_profit_low_water,2015-06-16,167,48,43,"{""sim_day"": 48.0, ""doy"": 167.0, ""topwt"": 290.3912734985352, ""grnwt"": 0.0, ""xlai"": 0.5183335542678833, ""totir"": 0.0, ""tofer"": NaN, ""swfac"": 0.0, ""nstres"": 0.0}",0.0,0.0,290.3912734985352,0.0,0.5183335542678833,0.0,,0.0,0.0,0.0,150.0,25.290093994140623,25.290093994140623,Leave_One_experiments/all_year_offline_schedule_search/daily_outputs/HLA/HLA_2015_HLA2015_normal_grid_S0010_daily.csv
HLA,HLA,Hailun,2015,Leave_One_experiments\wth_generated_qc\HLA\HLA2015.WTH,dry_year;nitrogen_stress_year;low_response_year,dry,HLA2015_normal_grid_S0010,top_profit_low_water,2015-06-17,168,49,44,"{""sim_day"": 49.0, ""doy"": 168.0, ""topwt"": 343.1085968017578, ""grnwt"": 0.0, ""xlai"": 0.5939877033233643, ""totir"": 0.0, ""tofer"": NaN, ""swfac"": 0.0, ""nstres"": 0.0}",0.0,0.0,343.1085968017578,0.0,0.5939877033233643,0.0,,0.0,0.0,0.0,150.0,25.290093994140623,25.290093994140623,Leave_One_experiments/all_year_offline_schedule_search/daily_outputs/HLA/HLA_2015_HLA2015_normal_grid_S0010_daily.csv
HLA,HLA,Hailun,2015,Leave_One_experiments\wth_generated_qc\HLA\HLA2015.WTH,dry_year;nitrogen_stress_year;low_response_year,dry,HLA2015_normal_grid_S0010,top_profit_low_water,2015-06-18,169,50,45,"{""sim_day"": 50.0, ""doy"": 169.0, ""topwt"": 400.7585144042969, ""grnwt"": 0.0, ""xlai"": 0.6738418936729431, ""totir"": 0.0, ""tofer"": NaN, ""swfac"": 0.0, ""nstres"": 0.0}",0.0,0.0,400.7585144042969,0.0,0.6738418936729431,0.0,,0.0,0.0,0.0,150.0,25.290093994140623,25.290093994140623,Leave_One_experiments/all_year_offline_schedule_search/daily_outputs/HLA/HLA_2015_HLA2015_normal_grid_S0010_daily.csv
HLA,HLA,Hailun,2015,Leave_One_experiments\wth_generated_qc\HLA\HLA2015.WTH,dry_year;nitrogen_stress_year;low_response_year,dry,HLA2015_normal_grid_S0010,top_profit_low_water,2015-06-19,170,51,46,"{""sim_day"": 51.0, ""doy"": 170.0, ""topwt"": 459.687728881836, ""grnwt"": 0.0, ""xlai"": 0.7528884410858154, ""totir"": 0.0, ""tofer"": NaN, ""swfac"": 0.0, ""nstres"": 0.0}",0.0,0.0,459.687728881836,0.0,0.7528884410858154,0.0,,0.0,0.0,0.0,150.0,25.290093994140623,25.290093994140623,Leave_One_experiments/all_year_offline_schedule_search/daily_outputs/HLA/HLA_2015_HLA2015_normal_grid_S0010_daily.csv
HLA,HLA,Hailun,2015,Leave_One_experiments\wth_generated_qc\HLA\HLA2015.WTH,dry_year;nitrogen_stress_year;low_response_year,dry,HLA2015_normal_grid_S0010,top_profit_low_water,2015-06-20,171,52,47,"{""sim_day"": 52.0, ""doy"": 171.0, ""topwt"": 534.7988891601562, ""grnwt"": 0.0, ""xlai"": 0.848289430141449, ""totir"": 0.0, ""tofer"": NaN, ""swfac"": 0.0, ""nstres"": 0.0}",0.0,0.0,534.7988891601562,0.0,0.848289430141449,0.0,,0.0,0.0,0.0,150.0,25.290093994140623,25.290093994140623,Leave_One_experiments/all_year_offline_schedule_search/daily_outputs/HLA/HLA_2015_HLA2015_normal_grid_S0010_daily.csv
HLA,HLA,Hailun,2015,Leave_One_experiments\wth_generated_qc\HLA\HLA2015.WTH,dry_year;nitrogen_stress_year;low_response_year,dry,HLA2015_normal_grid_S0010,top_profit_low_water,2015-06-21,172,53,48,"{""sim_day"": 53.0, ""doy"": 172.0, ""topwt"": 635.9558868408203, ""grnwt"": 0.0, ""xlai"": 0.9790798425674438, ""totir"": 0.0, ""tofer"": NaN, ""swfac"": 0.0, ""nstres"": 0.0}",0.0,0.0,635.9558868408203,0.0,0.9790798425674438,0.0,,0.0,0.0,0.0,150.0,25.290093994140623,25.290093994140623,Leave_One_experiments/all_year_offline_schedule_search/daily_outputs/HLA/HLA_2015_HLA2015_normal_grid_S0010_daily.csv
HLA,HLA,Hailun,2015,Leave_One_experiments\wth_generated_qc\HLA\HLA2015.WTH,dry_year;nitrogen_stress_year;low_response_year,dry,HLA2015_normal_grid_S0010,top_profit_low_water,2015-06-22,173,54,49,"{""sim_day"": 54.0, ""doy"": 173.0, ""topwt"": 715.9077453613281, ""grnwt"": 0.0, ""xlai"": 1.0782363414764404, ""totir"": 0.0, ""tofer"": NaN, ""swfac"": 0.0, ""nstres"": 0.0}",0.0,0.0,715.9077453613281,0.0,1.0782363414764404,0.0,,0.0,0.0,0.0,150.0,25.290093994140623,25.290093994140623,Leave_One_experiments/all_year_offline_schedule_search/daily_outputs/HLA/HLA_2015_HLA2015_normal_grid_S0010_daily.csv
HLA,HLA,Hailun,2015,Leave_One_experiments\wth_generated_qc\HLA\HLA2015.WTH,dry_year;nitrogen_stress_year;low_response_year,dry,HLA2015_normal_grid_S0010,top_profit_low_water,2015-06-23,174,55,50,"{""sim_day"": 55.0, ""doy"": 174.0, ""topwt"": 800.6877899169922, ""grnwt"": 0.0, ""xlai"": 1.179302215576172, ""totir"": 0.0, ""tofer"": NaN, ""swfac"": 0.0, ""nstres"": 0.0}",0.0,0.0,800.6877899169922,0.0,1.179302215576172,0.0,,0.0,0.0,0.0,150.0,25.290093994140623,25.290093994140623,Leave_One_experiments/all_year_offline_schedule_search/daily_outputs/HLA/HLA_2015_HLA2015_normal_grid_S0010_daily.csv
HLA,HLA,Hailun,2015,Leave_One_experiments\wth_generated_qc\HLA\HLA2015.WTH,dry_year;nitrogen_stress_year;low_response_year,dry,HLA2015_normal_grid_S0010,top_profit_low_water,2015-06-24,175,56,51,"{""sim_day"": 56.0, ""doy"": 175.0, ""topwt"": 843.5150909423828, ""grnwt"": 0.0, ""xlai"": 1.228651523590088, ""totir"": 0.0, ""tofer"": NaN, ""swfac"": 0.0, ""nstres"": 0.0}",0.0,0.0,843.5150909423828,0.0,1.228651523590088,0.0,,0.0,0.0,0.0,150.0,25.290093994140623,25.290093994140623,Leave_One_experiments/all_year_offline_schedule_search/daily_outputs/HLA/HLA_2015_HLA2015_normal_grid_S0010_daily.csv
HLA,HLA,Hailun,2015,Leave_One_experiments\wth_generated_qc\HLA\HLA2015.WTH,dry_year;nitrogen_stress_year;low_response_year,dry,HLA2015_normal_grid_S0010,top_profit_low_water,2015-06-25,176,57,52,"{""sim_day"": 57.0, ""doy"": 176.0, ""topwt"": 919.1389465332032, ""grnwt"": 0.0, ""xlai"": 1.3123739957809448, ""totir"": 0.0, ""tofer"": NaN, ""swfac"": 0.0, ""nstres"": 0.0}",0.0,0.0,919.1389465332032,0.0,1.3123739957809448,0.0,,0.0,0.0,0.0,150.0,25.290093994140623,25.290093994140623,Leave_One_experiments/all_year_offline_schedule_search/daily_outputs/HLA/HLA_2015_HLA2015_normal_grid_S0010_daily.csv
HLA,HLA,Hailun,2015,Leave_One_experiments\wth_generated_qc\HLA\HLA2015.WTH,dry_year;nitrogen_stress_year;low_response_year,dry,HLA2015_normal_grid_S0010,top_profit_low_water,2015-06-26,177,58,53,"{""sim_day"": 58.0, ""doy"": 177.0, ""topwt"": 1012.7941131591796, ""grnwt"": 0.0, ""xlai"": 1.4110454320907593, ""totir"": 0.0, ""tofer"": NaN, ""swfac"": 0.0, ""nstres"": 0.0}",0.0,0.0,1012.7941131591796,0.0,1.4110454320907593,0.0,,0.0,0.0,0.0,150.0,25.290093994140623,25.290093994140623,Leave_One_experiments/all_year_offline_schedule_search/daily_outputs/HLA/HLA_2015_HLA2015_normal_grid_S0010_daily.csv
HLA,HLA,Hailun,2015,Leave_One_experiments\wth_generated_qc\HLA\HLA2015.WTH,dry_year;nitrogen_stress_year;low_response_year,dry,HLA2015_normal_grid_S0010,top_profit_low_water,2015-06-27,178,59,54,"{""sim_day"": 59.0, ""doy"": 178.0, ""topwt"": 1109.5092010498047, ""grnwt"": 0.0, ""xlai"": 1.5082850456237793, ""totir"": 0.0, ""tofer"": NaN, ""swfac"": 0.0, ""nstres"": 0.0}",0.0,0.0,1109.5092010498047,0.0,1.5082850456237793,0.0,,0.0,0.0,0.0,150.0,25.290093994140623,25.290093994140623,Leave_One_experiments/all_year_offline_schedule_search/daily_outputs/HLA/HLA_2015_HLA2015_normal_grid_S0010_daily.csv
HLA,HLA,Hailun,2015,Leave_One_experiments\wth_generated_qc\HLA\HLA2015.WTH,dry_year;nitrogen_stress_year;low_response_year,dry,HLA2015_normal_grid_S0010,top_profit_low_water,2015-06-28,179,60,55,"{""sim_day"": 60.0, ""doy"": 179.0, ""topwt"": 1205.0570678710938, ""grnwt"": 0.0, ""xlai"": 1.6000560522079468, ""totir"": 0.0, ""tofer"": NaN, ""swfac"": 0.0, ""nstres"": 0.0}",0.0,0.0,1205.0570678710938,0.0,1.6000560522079468,0.0,,0.0,0.0,0.0,150.0,25.290093994140623,25.290093994140623,Leave_One_experiments/all_year_offline_schedule_search/daily_outputs/HLA/HLA_2015_HLA2015_normal_grid_S0010_daily.csv
HLA,HLA,Hailun,2015,Leave_One_experiments\wth_generated_qc\HLA\HLA2015.WTH,dry_year;nitrogen_stress_year;low_response_year,dry,HLA2015_normal_grid_S0010,top_profit_low_water,2015-06-29,180,61,56,"{""sim_day"": 61.0, ""doy"": 180.0, ""topwt"": 1290.24658203125, ""grnwt"": 0.0, ""xlai"": 1.678612232208252, ""totir"": 0.0, ""tofer"": NaN, ""swfac"": 0.0, ""nstres"": 0.0}",0.0,0.0,1290.24658203125,0.0,1.678612232208252,0.0,,0.0,0.0,0.0,150.0,25.290093994140623,25.290093994140623,Leave_One_experiments/all_year_offline_schedule_search/daily_outputs/HLA/HLA_2015_HLA2015_normal_grid_S0010_daily.csv
HLA,HLA,Hailun,2015,Leave_One_experiments\wth_generated_qc\HLA\HLA2015.WTH,dry_year;nitrogen_stress_year;low_response_year,dry,HLA2015_normal_grid_S0010,top_profit_low_water,2015-06-30,181,62,57,"{""sim_day"": 62.0, ""doy"": 181.0, ""topwt"": 1383.6927795410156, ""grnwt"": 0.0, ""xlai"": 1.7612286806106567, ""totir"": 0.0, ""tofer"": NaN, ""swfac"": 0.0, ""nstres"": 0.0}",0.0,0.0,1383.6927795410156,0.0,1.7612286806106567,0.0,,0.0,0.0,0.0,150.0,25.290093994140623,25.290093994140623,Leave_One_experiments/all_year_offline_schedule_search/daily_outputs/HLA/HLA_2015_HLA2015_normal_grid_S0010_daily.csv
HLA,HLA,Hailun,2015,Leave_One_experiments\wth_generated_qc\HLA\HLA2015.WTH,dry_year;nitrogen_stress_year;low_response_year,dry,HLA2015_normal_grid_S0010,top_profit_low_water,2015-07-01,182,63,58,"{""sim_day"": 63.0, ""doy"": 182.0, ""topwt"": 1474.077606201172, ""grnwt"": 0.0, ""xlai"": 1.837961316108704, ""totir"": 0.0, ""tofer"": NaN, ""swfac"": 0.0, ""nstres"": 0.0}",0.0,0.0,1474.077606201172,0.0,1.837961316108704,0.0,,0.0,0.0,0.0,150.0,25.290093994140623,25.290093994140623,Leave_One_experiments/all_year_offline_schedule_search/daily_outputs/HLA/HLA_2015_HLA2015_normal_grid_S0010_daily.csv
HLA,HLA,Hailun,2015,Leave_One_experiments\wth_generated_qc\HLA\HLA2015.WTH,dry_year;nitrogen_stress_year;low_response_year,dry,HLA2015_normal_grid_S0010,top_profit_low_water,2015-07-02,183,64,59,"{""sim_day"": 64.0, ""doy"": 183.0, ""topwt"": 1569.155731201172, ""grnwt"": 0.0, ""xlai"": 1.91543710231781, ""totir"": 0.0, ""tofer"": NaN, ""swfac"": 0.0, ""nstres"": 0.0}",0.0,0.0,1569.155731201172,0.0,1.91543710231781,0.0,,0.0,0.0,0.0,150.0,25.290093994140623,25.290093994140623,Leave_One_experiments/all_year_offline_schedule_search/daily_outputs/HLA/HLA_2015_HLA2015_normal_grid_S0010_daily.csv
HLA,HLA,Hailun,2015,Leave_One_experiments\wth_generated_qc\HLA\HLA2015.WTH,dry_year;nitrogen_stress_year;low_response_year,dry,HLA2015_normal_grid_S0010,top_profit_low_water,2015-07-03,184,65,60,"{""sim_day"": 65.0, ""doy"": 184.0, ""topwt"": 1689.4195556640625, ""grnwt"": 0.0, ""xlai"": 2.0087623596191406, ""totir"": 0.0, ""tofer"": NaN, ""swfac"": 0.0, ""nstres"": 0.0}",0.0,0.0,1689.4195556640625,0.0,2.0087623596191406,0.0,,0.0,50.0,0.0,150.0,25.290093994140623,25.290093994140623,Leave_One_experiments/all_year_offline_schedule_search/daily_outputs/HLA/HLA_2015_HLA2015_normal_grid_S0010_daily.csv
HLA,HLA,Hailun,2015,Leave_One_experiments\wth_generated_qc\HLA\HLA2015.WTH,dry_year;nitrogen_stress_year;low_response_year,dry,HLA2015_normal_grid_S0010,top_profit_low_water,2015-07-04,185,66,61,"{""sim_day"": 66.0, ""doy"": 185.0, ""topwt"": 1841.1636352539065, ""grnwt"": 0.0, ""xlai"": 2.1197609901428223, ""totir"": 0.0, ""tofer"": NaN, ""swfac"": 0.0, ""nstres"": 0.0}",0.0,0.0,1841.1636352539065,0.0,2.1197609901428223,0.0,,0.0,0.0,0.0,150.0,25.290093994140623,25.290093994140623,Leave_One_experiments/all_year_offline_schedule_search/daily_outputs/HLA/HLA_2015_HLA2015_normal_grid_S0010_daily.csv
HLA,HLA,Hailun,2015,Leave_One_experiments\wth_generated_qc\HLA\HLA2015.WTH,dry_year;nitrogen_stress_year;low_response_year,dry,HLA2015_normal_grid_S0010,top_profit_low_water,2015-07-05,186,67,62,"{""sim_day"": 67.0, ""doy"": 186.0, ""topwt"": 2017.7493286132808, ""grnwt"": 0.0, ""xlai"": 2.240707874298096, ""totir"": 0.0, ""tofer"": NaN, ""swfac"": 0.0, ""nstres"": 0.0}",0.0,0.0,2017.7493286132808,0.0,2.240707874298096,0.0,,0.0,0.0,0.0,150.0,25.290093994140623,25.290093994140623,Leave_One_experiments/all_year_offline_schedule_search/daily_outputs/HLA/HLA_2015_HLA2015_normal_grid_S0010_daily.csv
HLA,HLA,Hailun,2015,Leave_One_experiments\wth_generated_qc\HLA\HLA2015.WTH,dry_year;nitrogen_stress_year;low_response_year,dry,HLA2015_normal_grid_S0010,top_profit_low_water,2015-07-06,187,68,63,"{""sim_day"": 68.0, ""doy"": 187.0, ""topwt"": 2216.958923339844, ""grnwt"": 0.0, ""xlai"": 2.3679299354553223, ""totir"": 0.0, ""tofer"": NaN, ""swfac"": 0.0, ""nstres"": 0.0}",0.0,0.0,2216.958923339844,0.0,2.3679299354553223,0.0,,0.0,0.0,0.0,150.0,25.290093994140623,25.290093994140623,Leave_One_experiments/all_year_offline_schedule_search/daily_outputs/HLA/HLA_2015_HLA2015_normal_grid_S0010_daily.csv
HLA,HLA,Hailun,2015,Leave_One_experiments\wth_generated_qc\HLA\HLA2015.WTH,dry_year;nitrogen_stress_year;low_response_year,dry,HLA2015_normal_grid_S0010,top_profit_low_water,2015-07-07,188,69,64,"{""sim_day"": 69.0, ""doy"": 188.0, ""topwt"": 2418.998413085937, ""grnwt"": 0.0, ""xlai"": 2.488561153411865, ""totir"": 0.0, ""tofer"": NaN, ""swfac"": 0.0, ""nstres"": 0.0}",0.0,0.0,2418.998413085937,0.0,2.488561153411865,0.0,,0.0,0.0,0.0,150.0,25.290093994140623,25.290093994140623,Leave_One_experiments/all_year_offline_schedule_search/daily_outputs/HLA/HLA_2015_HLA2015_normal_grid_S0010_daily.csv
HLA,HLA,Hailun,2015,Leave_One_experiments\wth_generated_qc\HLA\HLA2015.WTH,dry_year;nitrogen_stress_year;low_response_year,dry,HLA2015_normal_grid_S0010,top_profit_low_water,2015-07-08,189,70,65,"{""sim_day"": 70.0, ""doy"": 189.0, ""topwt"": 2650.4571533203125, ""grnwt"": 0.0, ""xlai"": 2.617307662963867, ""totir"": 0.0, ""tofer"": NaN, ""swfac"": 0.0, ""nstres"": 0.0}",0.0,0.0,2650.4571533203125,0.0,2.617307662963867,0.0,,0.0,0.0,0.0,150.0,25.290093994140623,25.290093994140623,Leave_One_experiments/all_year_offline_schedule_search/daily_outputs/HLA/HLA_2015_HLA2015_normal_grid_S0010_daily.csv
HLA,HLA,Hailun,2015,Leave_One_experiments\wth_generated_qc\HLA\HLA2015.WTH,dry_year;nitrogen_stress_year;low_response_year,dry,HLA2015_normal_grid_S0010,top_profit_low_water,2015-07-09,190,71,66,"{""sim_day"": 71.0, ""doy"": 190.0, ""topwt"": 2921.0211181640625, ""grnwt"": 0.0, ""xlai"": 2.7567455768585205, ""totir"": 0.0, ""tofer"": NaN, ""swfac"": 0.0, ""nstres"": 0.0}",0.0,0.0,2921.0211181640625,0.0,2.7567455768585205,0.0,,0.0,0.0,0.0,150.0,25.290093994140623,25.290093994140623,Leave_One_experiments/all_year_offline_schedule_search/daily_outputs/HLA/HLA_2015_HLA2015_normal_grid_S0010_daily.csv
HLA,HLA,Hailun,2015,Leave_One_experiments\wth_generated_qc\HLA\HLA2015.WTH,dry_year;nitrogen_stress_year;low_response_year,dry,HLA2015_normal_grid_S0010,top_profit_low_water,2015-07-10,191,72,67,"{""sim_day"": 72.0, ""doy"": 191.0, ""topwt"": 3144.5391845703125, ""grnwt"": 0.0, ""xlai"": 2.86466121673584, ""totir"": 0.0, ""tofer"": NaN, ""swfac"": 0.0, ""nstres"": 0.0}",0.0,0.0,3144.5391845703125,0.0,2.86466121673584,0.0,,0.0,0.0,0.0,150.0,25.290093994140623,25.290093994140623,Leave_One_experiments/all_year_offline_schedule_search/daily_outputs/HLA/HLA_2015_HLA2015_normal_grid_S0010_daily.csv
HLA,HLA,Hailun,2015,Leave_One_experiments\wth_generated_qc\HLA\HLA2015.WTH,dry_year;nitrogen_stress_year;low_response_year,dry,HLA2015_normal_grid_S0010,top_profit_low_water,2015-07-11,192,73,68,"{""sim_day"": 73.0, ""doy"": 192.0, ""topwt"": 3392.3800659179688, ""grnwt"": 0.0, ""xlai"": 2.977242946624756, ""totir"": 0.0, ""tofer"": NaN, ""swfac"": 0.0, ""nstres"": 0.0}",0.0,0.0,3392.3800659179688,0.0,2.977242946624756,0.0,,0.0,0.0,0.0,150.0,25.290093994140623,25.290093994140623,Leave_One_experiments/all_year_offline_schedule_search/daily_outputs/HLA/HLA_2015_HLA2015_normal_grid_S0010_daily.csv
HLA,HLA,Hailun,2015,Leave_One_experiments\wth_generated_qc\HLA\HLA2015.WTH,dry_year;nitrogen_stress_year;low_response_year,dry,HLA2015_normal_grid_S0010,top_profit_low_water,2015-07-12,193,74,69,"{""sim_day"": 74.0, ""doy"": 193.0, ""topwt"": 3639.4293212890634, ""grnwt"": 0.0, ""xlai"": 3.083186149597168, ""totir"": 0.0, ""tofer"": NaN, ""swfac"": 0.0, ""nstres"": 0.0}",0.0,0.0,3639.4293212890634,0.0,3.083186149597168,0.0,,0.0,0.0,0.0,150.0,25.290093994140623,25.290093994140623,Leave_One_experiments/all_year_offline_schedule_search/daily_outputs/HLA/HLA_2015_HLA2015_normal_grid_S0010_daily.csv
HLA,HLA,Hailun,2015,Leave_One_experiments\wth_generated_qc\HLA\HLA2015.WTH,dry_year;nitrogen_stress_year;low_response_year,dry,HLA2015_normal_grid_S0010,top_profit_low_water,2015-07-13,194,75,70,"{""sim_day"": 75.0, ""doy"": 194.0, ""topwt"": 3884.659423828125, ""grnwt"": 0.0, ""xlai"": 3.1828513145446777, ""totir"": 0.0, ""tofer"": NaN, ""swfac"": 0.0, ""nstres"": 0.0}",0.0,0.0,3884.659423828125,0.0,3.1828513145446777,0.0,,0.0,0.0,0.0,150.0,25.290093994140623,25.290093994140623,Leave_One_experiments/all_year_offline_schedule_search/daily_outputs/HLA/HLA_2015_HLA2015_normal_grid_S0010_daily.csv
HLA,HLA,Hailun,2015,Leave_One_experiments\wth_generated_qc\HLA\HLA2015.WTH,dry_year;nitrogen_stress_year;low_response_year,dry,HLA2015_normal_grid_S0010,top_profit_low_water,2015-07-14,195,76,71,"{""sim_day"": 76.0, ""doy"": 195.0, ""topwt"": 4137.1624755859375, ""grnwt"": 0.0, ""xlai"": 3.2802987098693848, ""totir"": 0.0, ""tofer"": NaN, ""swfac"": 0.0, ""nstres"": 0.0}",0.0,0.0,4137.1624755859375,0.0,3.2802987098693848,0.0,,0.0,0.0,0.0,150.0,25.290093994140623,25.290093994140623,Leave_One_experiments/all_year_offline_schedule_search/daily_outputs/HLA/HLA_2015_HLA2015_normal_grid_S0010_daily.csv
HLA,HLA,Hailun,2015,Leave_One_experiments\wth_generated_qc\HLA\HLA2015.WTH,dry_year;nitrogen_stress_year;low_response_year,dry,HLA2015_normal_grid_S0010,top_profit_low_water,2015-07-15,196,77,72,"{""sim_day"": 77.0, ""doy"": 196.0, ""topwt"": 4501.261596679688, ""grnwt"": 0.0, ""xlai"": 3.4876437187194824, ""totir"": 0.0, ""tofer"": NaN, ""swfac"": 0.0, ""nstres"": 0.0}",0.0,0.0,4501.261596679688,0.0,3.4876437187194824,0.0,,0.0,0.0,0.0,150.0,25.290093994140623,25.290093994140623,Leave_One_experiments/all_year_offline_schedule_search/daily_outputs/HLA/HLA_2015_HLA2015_normal_grid_S0010_daily.csv
HLA,HLA,Hailun,2015,Leave_One_experiments\wth_generated_qc\HLA\HLA2015.WTH,dry_year;nitrogen_stress_year;low_response_year,dry,HLA2015_normal_grid_S0010,top_profit_low_water,2015-07-16,197,78,73,"{""sim_day"": 78.0, ""doy"": 197.0, ""topwt"": 4783.048095703125, ""grnwt"": 0.0, ""xlai"": 3.616319417953491, ""totir"": 0.0, ""tofer"": NaN, ""swfac"": 0.0, ""nstres"": 0.0}",0.0,0.0,4783.048095703125,0.0,3.616319417953491,0.0,,0.0,0.0,0.0,150.0,25.290093994140623,25.290093994140623,Leave_One_experiments/all_year_offline_schedule_search/daily_outputs/HLA/HLA_2015_HLA2015_normal_grid_S0010_daily.csv
HLA,HLA,Hailun,2015,Leave_One_experiments\wth_generated_qc\HLA\HLA2015.WTH,dry_year;nitrogen_stress_year;low_response_year,dry,HLA2015_normal_grid_S0010,top_profit_low_water,2015-07-17,198,79,74,"{""sim_day"": 79.0, ""doy"": 198.0, ""topwt"": 5064.707946777344, ""grnwt"": 0.0, ""xlai"": 3.726296424865722, ""totir"": 0.0, ""tofer"": NaN, ""swfac"": 0.0, ""nstres"": 0.002386450767517}",0.0,0.002386450767517,5064.707946777344,0.0,3.726296424865722,0.0,,0.0,0.0,0.0,150.0,25.290093994140623,25.290093994140623,Leave_One_experiments/all_year_offline_schedule_search/daily_outputs/HLA/HLA_2015_HLA2015_normal_grid_S0010_daily.csv
HLA,HLA,Hailun,2015,Leave_One_experiments\wth_generated_qc\HLA\HLA2015.WTH,dry_year;nitrogen_stress_year;low_response_year,dry,HLA2015_normal_grid_S0010,top_profit_low_water,2015-07-18,199,80,75,"{""sim_day"": 80.0, ""doy"": 199.0, ""topwt"": 5323.905029296875, ""grnwt"": 0.0, ""xlai"": 3.8058948516845694, ""totir"": 0.0, ""tofer"": NaN, ""swfac"": 0.0, ""nstres"": 0.0252872705459594}",0.0,0.0252872705459594,5323.905029296875,0.0,3.8058948516845694,0.0,,0.0,0.0,0.0,150.0,25.290093994140623,25.290093994140623,Leave_One_experiments/all_year_offline_schedule_search/daily_outputs/HLA/HLA_2015_HLA2015_normal_grid_S0010_daily.csv
HLA,HLA,Hailun,2015,Leave_One_experiments\wth_generated_qc\HLA\HLA2015.WTH,dry_year;nitrogen_stress_year;low_response_year,dry,HLA2015_normal_grid_S0010,top_profit_low_water,2015-07-19,200,81,76,"{""sim_day"": 81.0, ""doy"": 200.0, ""topwt"": 5590.9912109375, ""grnwt"": 0.0, ""xlai"": 3.870249032974243, ""totir"": 0.0, ""tofer"": NaN, ""swfac"": 0.0, ""nstres"": 0.0441970825195312}",0.0,0.0441970825195312,5590.9912109375,0.0,3.870249032974243,0.0,,0.0,0.0,0.0,150.0,25.290093994140623,25.290093994140623,Leave_One_experiments/all_year_offline_schedule_search/daily_outputs/HLA/HLA_2015_HLA2015_normal_grid_S0010_daily.csv
HLA,HLA,Hailun,2015,Leave_One_experiments\wth_generated_qc\HLA\HLA2015.WTH,dry_year;nitrogen_stress_year;low_response_year,dry,HLA2015_normal_grid_S0010,top_profit_low_water,2015-07-20,201,82,77,"{""sim_day"": 82.0, ""doy"": 201.0, ""topwt"": 5806.669921875, ""grnwt"": 0.0, ""xlai"": 3.905689001083374, ""totir"": 0.0, ""tofer"": NaN, ""swfac"": 0.0, ""nstres"": 0.0594957470893859}",0.0,0.0594957470893859,5806.669921875,0.0,3.905689001083374,0.0,,0.0,0.0,0.0,150.0,25.290093994140623,25.290093994140623,Leave_One_experiments/all_year_offline_schedule_search/daily_outputs/HLA/HLA_2015_HLA2015_normal_grid_S0010_daily.csv
HLA,HLA,Hailun,2015,Leave_One_experiments\wth_generated_qc\HLA\HLA2015.WTH,dry_year;nitrogen_stress_year;low_response_year,dry,HLA2015_normal_grid_S0010,top_profit_low_water,2015-07-21,202,83,78,"{""sim_day"": 83.0, ""doy"": 202.0, ""topwt"": 6025.8331298828125, ""grnwt"": 0.0, ""xlai"": 3.931069850921631, ""totir"": 0.0, ""tofer"": NaN, ""swfac"": 0.0, ""nstres"": 0.0732961893081665}",0.0,0.0732961893081665,6025.8331298828125,0.0,3.931069850921631,0.0,,0.0,0.0,0.0,150.0,25.290093994140623,25.290093994140623,Leave_One_experiments/all_year_offline_schedule_search/daily_outputs/HLA/HLA_2015_HLA2015_normal_grid_S0010_daily.csv
HLA,HLA,Hailun,2015,Leave_One_experiments\wth_generated_qc\HLA\HLA2015.WTH,dry_year;nitrogen_stress_year;low_response_year,dry,HLA2015_normal_grid_S0010,top_profit_low_water,2015-07-22,203,84,79,"{""sim_day"": 84.0, ""doy"": 203.0, ""topwt"": 6236.3720703125, ""grnwt"": 0.0, ""xlai"": 3.946278095245361, ""totir"": 0.0, ""tofer"": NaN, ""swfac"": 0.0, ""nstres"": 0.0820344090461731}",0.0,0.0820344090461731,6236.3720703125,0.0,3.946278095245361,0.0,,0.0,0.0,0.0,150.0,25.290093994140623,25.290093994140623,Leave_One_experiments/all_year_offline_schedule_search/daily_outputs/HLA/HLA_2015_HLA2015_normal_grid_S0010_daily.csv
HLA,HLA,Hailun,2015,Leave_One_experiments\wth_generated_qc\HLA\HLA2015.WTH,dry_year;nitrogen_stress_year;low_response_year,dry,HLA2015_normal_grid_S0010,top_profit_low_water,2015-07-23,204,85,80,"{""sim_day"": 85.0, ""doy"": 204.0, ""topwt"": 6394.10888671875, ""grnwt"": 0.0, ""xlai"": 3.941430807113648, ""totir"": 0.0, ""tofer"": NaN, ""swfac"": 0.0, ""nstres"": 0.0898910760879516}",0.0,0.0898910760879516,6394.10888671875,0.0,3.941430807113648,0.0,,0.0,0.0,0.0,150.0,25.290093994140623,25.290093994140623,Leave_One_experiments/all_year_offline_schedule_search/daily_outputs/HLA/HLA_2015_HLA2015_normal_grid_S0010_daily.csv
HLA,HLA,Hailun,2015,Leave_One_experiments\wth_generated_qc\HLA\HLA2015.WTH,dry_year;nitrogen_stress_year;low_response_year,dry,HLA2015_normal_grid_S0010,top_profit_low_water,2015-07-24,205,86,81,"{""sim_day"": 86.0, ""doy"": 205.0, ""topwt"": 6584.415283203125, ""grnwt"": 0.0, ""xlai"": 3.939777612686157, ""totir"": 0.0, ""tofer"": NaN, ""swfac"": 0.0, ""nstres"": 0.0960839986801147}",0.0,0.0960839986801147,6584.415283203125,0.0,3.939777612686157,0.0,,0.0,0.0,0.0,150.0,25.290093994140623,25.290093994140623,Leave_One_experiments/all_year_offline_schedule_search/daily_outputs/HLA/HLA_2015_HLA2015_normal_grid_S0010_daily.csv
HLA,HLA,Hailun,2015,Leave_One_experiments\wth_generated_qc\HLA\HLA2015.WTH,dry_year;nitrogen_stress_year;low_response_year,dry,HLA2015_normal_grid_S0010,top_profit_low_water,2015-07-25,206,87,82,"{""sim_day"": 87.0, ""doy"": 206.0, ""topwt"": 6740.245361328125, ""grnwt"": 0.0, ""xlai"": 3.927567958831787, ""totir"": 0.0, ""tofer"": NaN, ""swfac"": 0.0, ""nstres"": 0.1004999876022338}",0.0,0.1004999876022338,6740.245361328125,0.0,3.927567958831787,0.0,,0.0,0.0,0.0,150.0,25.290093994140623,25.290093994140623,Leave_One_experiments/all_year_offline_schedule_search/daily_outputs/HLA/HLA_2015_HLA2015_normal_grid_S0010_daily.csv
HLA,HLA,Hailun,2015,Leave_One_experiments\wth_generated_qc\HLA\HLA2015.WTH,dry_year;nitrogen_stress_year;low_response_year,dry,HLA2015_normal_grid_S0010,top_profit_low_water,2015-07-26,207,88,83,"{""sim_day"": 88.0, ""doy"": 207.0, ""topwt"": 6887.4786376953125, ""grnwt"": 0.0, ""xlai"": 3.911189079284668, ""totir"": 0.0, ""tofer"": NaN, ""swfac"": 0.0, ""nstres"": 0.1049796938896179}",0.0,0.1049796938896179,6887.4786376953125,0.0,3.911189079284668,0.0,,0.0,0.0,0.0,150.0,25.290093994140623,25.290093994140623,Leave_One_experiments/all_year_offline_schedule_search/daily_outputs/HLA/HLA_2015_HLA2015_normal_grid_S0010_daily.csv
HLA,HLA,Hailun,2015,Leave_One_experiments\wth_generated_qc\HLA\HLA2015.WTH,dry_year;nitrogen_stress_year;low_response_year,dry,HLA2015_normal_grid_S0010,top_profit_low_water,2015-07-27,208,89,84,"{""sim_day"": 89.0, ""doy"": 208.0, ""topwt"": 7024.285888671875, ""grnwt"": 0.0, ""xlai"": 3.890751361846924, ""totir"": 0.0, ""tofer"": NaN, ""swfac"": 0.0, ""nstres"": 0.1084940433502197}",0.0,0.1084940433502197,7024.285888671875,0.0,3.890751361846924,0.0,,0.0,0.0,0.0,150.0,25.290093994140623,25.290093994140623,Leave_One_experiments/all_year_offline_schedule_search/daily_outputs/HLA/HLA_2015_HLA2015_normal_grid_S0010_daily.csv
HLA,HLA,Hailun,2015,Leave_One_experiments\wth_generated_qc\HLA\HLA2015.WTH,dry_year;nitrogen_stress_year;low_response_year,dry,HLA2015_normal_grid_S0010,top_profit_low_water,2015-07-28,209,90,85,"{""sim_day"": 90.0, ""doy"": 209.0, ""topwt"": 7170.294189453125, ""grnwt"": 0.0, ""xlai"": 3.8726017475128174, ""totir"": 0.0, ""tofer"": NaN, ""swfac"": 0.0, ""nstres"": 0.1088814735412597}",0.0,0.1088814735412597,7170.294189453125,0.0,3.8726017475128174,0.0,,0.0,0.0,0.0,150.0,25.290093994140623,25.290093994140623,Leave_One_experiments/all_year_offline_schedule_search/daily_outputs/HLA/HLA_2015_HLA2015_normal_grid_S0010_daily.csv
HLA,HLA,Hailun,2015,Leave_One_experiments\wth_generated_qc\HLA\HLA2015.WTH,dry_year;nitrogen_stress_year;low_response_year,dry,HLA2015_normal_grid_S0010,top_profit_low_water,2015-07-29,210,91,86,"{""sim_day"": 91.0, ""doy"": 210.0, ""topwt"": 7309.121704101562, ""grnwt"": 0.0, ""xlai"": 3.852086544036865, ""totir"": 0.0, ""tofer"": NaN, ""swfac"": 0.0, ""nstres"": 0.1106402873992919}",0.0,0.1106402873992919,7309.121704101562,0.0,3.852086544036865,0.0,,0.0,0.0,0.0,150.0,25.290093994140623,25.290093994140623,Leave_One_experiments/all_year_offline_schedule_search/daily_outputs/HLA/HLA_2015_HLA2015_normal_grid_S0010_daily.csv
HLA,HLA,Hailun,2015,Leave_One_experiments\wth_generated_qc\HLA\HLA2015.WTH,dry_year;nitrogen_stress_year;low_response_year,dry,HLA2015_normal_grid_S0010,top_profit_low_water,2015-07-30,211,92,87,"{""sim_day"": 92.0, ""doy"": 211.0, ""topwt"": 7454.607543945312, ""grnwt"": 0.0, ""xlai"": 3.832540988922119, ""totir"": 0.0, ""tofer"": NaN, ""swfac"": 0.0, ""nstres"": 0.1124913692474365}",0.0,0.1124913692474365,7454.607543945312,0.0,3.832540988922119,0.0,,0.0,0.0,0.0,150.0,25.290093994140623,25.290093994140623,Leave_One_experiments/all_year_offline_schedule_search/daily_outputs/HLA/HLA_2015_HLA2015_normal_grid_S0010_daily.csv
HLA,HLA,Hailun,2015,Leave_One_experiments\wth_generated_qc\HLA\HLA2015.WTH,dry_year;nitrogen_stress_year;low_response_year,dry,HLA2015_normal_grid_S0010,top_profit_low_water,2015-07-31,212,93,88,"{""sim_day"": 93.0, ""doy"": 212.0, ""topwt"": 7628.48876953125, ""grnwt"": 0.0, ""xlai"": 3.819705486297608, ""totir"": 0.0, ""tofer"": NaN, ""swfac"": 0.0, ""nstres"": 0.1132734417915344}",0.0,0.1132734417915344,7628.48876953125,0.0,3.819705486297608,0.0,,0.0,0.0,0.0,150.0,25.290093994140623,25.290093994140623,Leave_One_experiments/all_year_offline_schedule_search/daily_outputs/HLA/HLA_2015_HLA2015_normal_grid_S0010_daily.csv
HLA,HLA,Hailun,2015,Leave_One_experiments\wth_generated_qc\HLA\HLA2015.WTH,dry_year;nitrogen_stress_year;low_response_year,dry,HLA2015_normal_grid_S0010,top_profit_low_water,2015-08-01,213,94,89,"{""sim_day"": 94.0, ""doy"": 213.0, ""topwt"": 7845.2001953125, ""grnwt"": 0.0, ""xlai"": 3.765143156051636, ""totir"": 0.0, ""tofer"": NaN, ""swfac"": 0.0, ""nstres"": 0.1142750978469848}",0.0,0.1142750978469848,7845.2001953125,0.0,3.765143156051636,0.0,,0.0,0.0,0.0,150.0,25.290093994140623,25.290093994140623,Leave_One_experiments/all_year_offline_schedule_search/daily_outputs/HLA/HLA_2015_HLA2015_normal_grid_S0010_daily.csv
HLA,HLA,Hailun,2015,Leave_One_experiments\wth_generated_qc\HLA\HLA2015.WTH,dry_year;nitrogen_stress_year;low_response_year,dry,HLA2015_normal_grid_S0010,top_profit_low_water,2015-08-02,214,95,90,"{""sim_day"": 95.0, ""doy"": 214.0, ""topwt"": 8224.83154296875, ""grnwt"": 0.0, ""xlai"": 3.713531255722046, ""totir"": 0.0, ""tofer"": NaN, ""swfac"": 0.0, ""nstres"": 0.1096630096435546}",0.0,0.1096630096435546,8224.83154296875,0.0,3.713531255722046,0.0,,0.0,0.0,0.0,150.0,25.290093994140623,25.290093994140623,Leave_One_experiments/all_year_offline_schedule_search/daily_outputs/HLA/HLA_2015_HLA2015_normal_grid_S0010_daily.csv
HLA,HLA,Hailun,2015,Leave_One_experiments\wth_generated_qc\HLA\HLA2015.WTH,dry_year;nitrogen_stress_year;low_response_year,dry,HLA2015_normal_grid_S0010,top_profit_low_water,2015-08-03,215,96,91,"{""sim_day"": 96.0, ""doy"": 215.0, ""topwt"": 8541.09130859375, ""grnwt"": 0.0, ""xlai"": 3.663708925247192, ""totir"": 0.0, ""tofer"": NaN, ""swfac"": 0.0, ""nstres"": 0.1073312759399414}",0.0,0.1073312759399414,8541.09130859375,0.0,3.663708925247192,0.0,,0.0,0.0,0.0,150.0,25.290093994140623,25.290093994140623,Leave_One_experiments/all_year_offline_schedule_search/daily_outputs/HLA/HLA_2015_HLA2015_normal_grid_S0010_daily.csv
HLA,HLA,Hailun,2015,Leave_One_experiments\wth_generated_qc\HLA\HLA2015.WTH,dry_year;nitrogen_stress_year;low_response_year,dry,HLA2015_normal_grid_S0010,top_profit_low_water,2015-08-04,216,97,92,"{""sim_day"": 97.0, ""doy"": 216.0, ""topwt"": 8900.231323242188, ""grnwt"": 0.0, ""xlai"": 3.613943576812744, ""totir"": 0.0, ""tofer"": NaN, ""swfac"": 0.0, ""nstres"": 0.1086664199829101}",0.0,0.1086664199829101,8900.231323242188,0.0,3.613943576812744,0.0,,0.0,0.0,0.0,150.0,25.290093994140623,25.290093994140623,Leave_One_experiments/all_year_offline_schedule_search/daily_outputs/HLA/HLA_2015_HLA2015_normal_grid_S0010_daily.csv
HLA,HLA,Hailun,2015,Leave_One_experiments\wth_generated_qc\HLA\HLA2015.WTH,dry_year;nitrogen_stress_year;low_response_year,dry,HLA2015_normal_grid_S0010,top_profit_low_water,2015-08-05,217,98,93,"{""sim_day"": 98.0, ""doy"": 217.0, ""topwt"": 9096.587524414062, ""grnwt"": 0.0, ""xlai"": 3.5654685497283936, ""totir"": 0.0, ""tofer"": NaN, ""swfac"": 0.0, ""nstres"": 0.1073060631752014}",0.0,0.1073060631752014,9096.587524414062,0.0,3.5654685497283936,0.0,,0.0,0.0,0.0,150.0,25.290093994140623,25.290093994140623,Leave_One_experiments/all_year_offline_schedule_search/daily_outputs/HLA/HLA_2015_HLA2015_normal_grid_S0010_daily.csv
HLA,HLA,Hailun,2015,Leave_One_experiments\wth_generated_qc\HLA\HLA2015.WTH,dry_year;nitrogen_stress_year;low_response_year,dry,HLA2015_normal_grid_S0010,top_profit_low_water,2015-08-06,218,99,94,"{""sim_day"": 99.0, ""doy"": 218.0, ""topwt"": 9210.1171875, ""grnwt"": 0.0, ""xlai"": 3.5180046558380127, ""totir"": 0.0, ""tofer"": NaN, ""swfac"": 0.0, ""nstres"": 0.106497049331665}",0.0,0.106497049331665,9210.1171875,0.0,3.5180046558380127,0.0,,0.0,0.0,0.0,150.0,25.290093994140623,25.290093994140623,Leave_One_experiments/all_year_offline_schedule_search/daily_outputs/HLA/HLA_2015_HLA2015_normal_grid_S0010_daily.csv
HLA,HLA,Hailun,2015,Leave_One_experiments\wth_generated_qc\HLA\HLA2015.WTH,dry_year;nitrogen_stress_year;low_response_year,dry,HLA2015_normal_grid_S0010,top_profit_low_water,2015-08-07,219,100,95,"{""sim_day"": 100.0, ""doy"": 219.0, ""topwt"": 9295.315551757812, ""grnwt"": 0.0, ""xlai"": 3.4734578132629395, ""totir"": 0.0, ""tofer"": NaN, ""swfac"": 0.0, ""nstres"": 0.1013002395629882}",0.0,0.1013002395629882,9295.315551757812,0.0,3.4734578132629395,0.0,,0.0,0.0,0.0,150.0,25.290093994140623,25.290093994140623,Leave_One_experiments/all_year_offline_schedule_search/daily_outputs/HLA/HLA_2015_HLA2015_normal_grid_S0010_daily.csv
HLA,HLA,Hailun,2015,Leave_One_experiments\wth_generated_qc\HLA\HLA2015.WTH,dry_year;nitrogen_stress_year;low_response_year,dry,HLA2015_normal_grid_S0010,top_profit_low_water,2015-08-08,220,101,96,"{""sim_day"": 101.0, ""doy"": 220.0, ""topwt"": 9457.191162109377, ""grnwt"": 0.0, ""xlai"": 3.432373285293579, ""totir"": 0.0, ""tofer"": NaN, ""swfac"": 0.0, ""nstres"": 0.0946253538131713}",0.0,0.0946253538131713,9457.191162109377,0.0,3.432373285293579,0.0,,0.0,0.0,0.0,150.0,25.290093994140623,25.290093994140623,Leave_One_experiments/all_year_offline_schedule_search/daily_outputs/HLA/HLA_2015_HLA2015_normal_grid_S0010_daily.csv
HLA,HLA,Hailun,2015,Leave_One_experiments\wth_generated_qc\HLA\HLA2015.WTH,dry_year;nitrogen_stress_year;low_response_year,dry,HLA2015_normal_grid_S0010,top_profit_low_water,2015-08-09,221,102,97,"{""sim_day"": 102.0, ""doy"": 221.0, ""topwt"": 9705.120849609377, ""grnwt"": 0.0, ""xlai"": 3.395131826400757, ""totir"": 0.0, ""tofer"": NaN, ""swfac"": 0.0, ""nstres"": 0.0867996215820312}",0.0,0.0867996215820312,9705.120849609377,0.0,3.395131826400757,0.0,,0.0,0.0,0.0,150.0,25.290093994140623,25.290093994140623,Leave_One_experiments/all_year_offline_schedule_search/daily_outputs/HLA/HLA_2015_HLA2015_normal_grid_S0010_daily.csv
HLA,HLA,Hailun,2015,Leave_One_experiments\wth_generated_qc\HLA\HLA2015.WTH,dry_year;nitrogen_stress_year;low_response_year,dry,HLA2015_normal_grid_S0010,top_profit_low_water,2015-08-10,222,103,98,"{""sim_day"": 103.0, ""doy"": 222.0, ""topwt"": 10011.648559570312, ""grnwt"": 0.0, ""xlai"": 3.361436605453491, ""totir"": 0.0, ""tofer"": NaN, ""swfac"": 0.0, ""nstres"": 0.0793972611427307}",0.0,0.0793972611427307,10011.648559570312,0.0,3.361436605453491,0.0,,0.0,0.0,0.0,150.0,25.290093994140623,25.290093994140623,Leave_One_experiments/all_year_offline_schedule_search/daily_outputs/HLA/HLA_2015_HLA2015_normal_grid_S0010_daily.csv
HLA,HLA,Hailun,2015,Leave_One_experiments\wth_generated_qc\HLA\HLA2015.WTH,dry_year;nitrogen_stress_year;low_response_year,dry,HLA2015_normal_grid_S0010,top_profit_low_water,2015-08-11,223,104,99,"{""sim_day"": 104.0, ""doy"": 223.0, ""topwt"": 10358.67919921875, ""grnwt"": 0.0, ""xlai"": 3.3307673931121826, ""totir"": 0.0, ""tofer"": NaN, ""swfac"": 0.0, ""nstres"": 0.0729905366897583}",0.0,0.0729905366897583,10358.67919921875,0.0,3.3307673931121826,0.0,,0.0,0.0,0.0,150.0,25.290093994140623,25.290093994140623,Leave_One_experiments/all_year_offline_schedule_search/daily_outputs/HLA/HLA_2015_HLA2015_normal_grid_S0010_daily.csv
HLA,HLA,Hailun,2015,Leave_One_experiments\wth_generated_qc\HLA\HLA2015.WTH,dry_year;nitrogen_stress_year;low_response_year,dry,HLA2015_normal_grid_S0010,top_profit_low_water,2015-08-12,224,105,100,"{""sim_day"": 105.0, ""doy"": 224.0, ""topwt"": 10506.61865234375, ""grnwt"": 147.9403018951416, ""xlai"": 3.3029377460479736, ""totir"": 0.0, ""tofer"": NaN, ""swfac"": 0.0, ""nstres"": 0.0668420791625976}",0.0,0.0668420791625976,10506.61865234375,147.9403018951416,3.3029377460479736,0.0,,0.0,0.0,0.0,150.0,25.290093994140623,25.290093994140623,Leave_One_experiments/all_year_offline_schedule_search/daily_outputs/HLA/HLA_2015_HLA2015_normal_grid_S0010_daily.csv
HLA,HLA,Hailun,2015,Leave_One_experiments\wth_generated_qc\HLA\HLA2015.WTH,dry_year;nitrogen_stress_year;low_response_year,dry,HLA2015_normal_grid_S0010,top_profit_low_water,2015-08-13,225,106,101,"{""sim_day"": 106.0, ""doy"": 225.0, ""topwt"": 10654.560546875, ""grnwt"": 295.8806037902832, ""xlai"": 3.271969556808472, ""totir"": 0.0, ""tofer"": NaN, ""swfac"": 0.0, ""nstres"": 0.0750074982643127}",0.0,0.0750074982643127,10654.560546875,295.8806037902832,3.271969556808472,0.0,,0.0,0.0,0.0,150.0,25.290093994140623,25.290093994140623,Leave_One_experiments/all_year_offline_schedule_search/daily_outputs/HLA/HLA_2015_HLA2015_normal_grid_S0010_daily.csv
HLA,HLA,Hailun,2015,Leave_One_experiments\wth_generated_qc\HLA\HLA2015.WTH,dry_year;nitrogen_stress_year;low_response_year,dry,HLA2015_normal_grid_S0010,top_profit_low_water,2015-08-14,226,107,102,"{""sim_day"": 107.0, ""doy"": 226.0, ""topwt"": 10802.5, ""grnwt"": 443.820915222168, ""xlai"": 3.241382598876953, ""totir"": 0.0, ""tofer"": NaN, ""swfac"": 0.0, ""nstres"": 0.0747860670089721}",0.0,0.0747860670089721,10802.5,443.820915222168,3.241382598876953,0.0,,0.0,0.0,0.0,150.0,25.290093994140623,25.290093994140623,Leave_One_experiments/all_year_offline_schedule_search/daily_outputs/HLA/HLA_2015_HLA2015_normal_grid_S0010_daily.csv
HLA,HLA,Hailun,2015,Leave_One_experiments\wth_generated_qc\HLA\HLA2015.WTH,dry_year;nitrogen_stress_year;low_response_year,dry,HLA2015_normal_grid_S0010,top_profit_low_water,2015-08-15,227,108,103,"{""sim_day"": 108.0, ""doy"": 227.0, ""topwt"": 10950.440673828123, ""grnwt"": 591.7612075805664, ""xlai"": 3.210775136947632, ""totir"": 0.0, ""tofer"": NaN, ""swfac"": 0.0, ""nstres"": 0.0755413770675659}",0.0,0.0755413770675659,10950.440673828123,591.7612075805664,3.210775136947632,0.0,,0.0,0.0,0.0,150.0,25.290093994140623,25.290093994140623,Leave_One_experiments/all_year_offline_schedule_search/daily_outputs/HLA/HLA_2015_HLA2015_normal_grid_S0010_daily.csv
HLA,HLA,Hailun,2015,Leave_One_experiments\wth_generated_qc\HLA\HLA2015.WTH,dry_year;nitrogen_stress_year;low_response_year,dry,HLA2015_normal_grid_S0010,top_profit_low_water,2015-08-16,228,109,104,"{""sim_day"": 109.0, ""doy"": 228.0, ""topwt"": 11098.38134765625, ""grnwt"": 739.7015380859375, ""xlai"": 3.1796858310699463, ""totir"": 0.0, ""tofer"": NaN, ""swfac"": 0.0, ""nstres"": 0.0774614810943603}",0.0,0.0774614810943603,11098.38134765625,739.7015380859375,3.1796858310699463,0.0,,0.0,0.0,0.0,150.0,25.290093994140623,25.290093994140623,Leave_One_experiments/all_year_offline_schedule_search/daily_outputs/HLA/HLA_2015_HLA2015_normal_grid_S0010_daily.csv
HLA,HLA,Hailun,2015,Leave_One_experiments\wth_generated_qc\HLA\HLA2015.WTH,dry_year;nitrogen_stress_year;low_response_year,dry,HLA2015_normal_grid_S0010,top_profit_low_water,2015-08-17,229,110,105,"{""sim_day"": 110.0, ""doy"": 229.0, ""topwt"": 11246.32080078125, ""grnwt"": 887.6418304443359, ""xlai"": 3.148265838623047, ""totir"": 0.0, ""tofer"": NaN, ""swfac"": 0.0, ""nstres"": 0.079052448272705}",0.0,0.079052448272705,11246.32080078125,887.6418304443359,3.148265838623047,0.0,,0.0,0.0,0.0,150.0,25.290093994140623,25.290093994140623,Leave_One_experiments/all_year_offline_schedule_search/daily_outputs/HLA/HLA_2015_HLA2015_normal_grid_S0010_daily.csv
HLA,HLA,Hailun,2015,Leave_One_experiments\wth_generated_qc\HLA\HLA2015.WTH,dry_year;nitrogen_stress_year;low_response_year,dry,HLA2015_normal_grid_S0010,top_profit_low_water,2015-08-18,230,111,106,"{""sim_day"": 111.0, ""doy"": 230.0, ""topwt"": 11394.261474609377, ""grnwt"": 1035.5821228027344, ""xlai"": 3.11634373664856, ""totir"": 0.0, ""tofer"": NaN, ""swfac"": 0.0, ""nstres"": 0.081117033958435}",0.0,0.081117033958435,11394.261474609377,1035.5821228027344,3.11634373664856,0.0,,0.0,0.0,0.0,150.0,25.290093994140623,25.290093994140623,Leave_One_experiments/all_year_offline_schedule_search/daily_outputs/HLA/HLA_2015_HLA2015_normal_grid_S0010_daily.csv
HLA,HLA,Hailun,2015,Leave_One_experiments\wth_generated_qc\HLA\HLA2015.WTH,dry_year;nitrogen_stress_year;low_response_year,dry,HLA2015_normal_grid_S0010,top_profit_low_water,2015-08-19,231,112,107,"{""sim_day"": 112.0, ""doy"": 231.0, ""topwt"": 11542.2021484375, ""grnwt"": 1183.5224151611328, ""xlai"": 3.083483934402466, ""totir"": 0.0, ""tofer"": NaN, ""swfac"": 0.0, ""nstres"": 0.0843546390533447}",0.0,0.0843546390533447,11542.2021484375,1183.5224151611328,3.083483934402466,0.0,,0.0,0.0,0.0,150.0,25.290093994140623,25.290093994140623,Leave_One_experiments/all_year_offline_schedule_search/daily_outputs/HLA/HLA_2015_HLA2015_normal_grid_S0010_daily.csv
HLA,HLA,Hailun,2015,Leave_One_experiments\wth_generated_qc\HLA\HLA2015.WTH,dry_year;nitrogen_stress_year;low_response_year,dry,HLA2015_normal_grid_S0010,top_profit_low_water,2015-08-20,232,113,108,"{""sim_day"": 113.0, ""doy"": 232.0, ""topwt"": 11690.142822265623, ""grnwt"": 1331.4627075195312, ""xlai"": 3.0499658584594727, ""totir"": 0.0, ""tofer"": NaN, ""swfac"": 0.0, ""nstres"": 0.0869609117507934}",0.0,0.0869609117507934,11690.142822265623,1331.4627075195312,3.0499658584594727,0.0,,0.0,0.0,0.0,150.0,25.290093994140623,25.290093994140623,Leave_One_experiments/all_year_offline_schedule_search/daily_outputs/HLA/HLA_2015_HLA2015_normal_grid_S0010_daily.csv
HLA,HLA,Hailun,2015,Leave_One_experiments\wth_generated_qc\HLA\HLA2015.WTH,dry_year;nitrogen_stress_year;low_response_year,dry,HLA2015_normal_grid_S0010,top_profit_low_water,2015-08-21,233,114,109,"{""sim_day"": 114.0, ""doy"": 233.0, ""topwt"": 11838.08349609375, ""grnwt"": 1479.4029235839844, ""xlai"": 3.0156359672546387, ""totir"": 0.0, ""tofer"": NaN, ""swfac"": 0.0, ""nstres"": 0.0900461673736572}",0.0,0.0900461673736572,11838.08349609375,1479.4029235839844,3.0156359672546387,0.0,,0.0,0.0,0.0,150.0,25.290093994140623,25.290093994140623,Leave_One_experiments/all_year_offline_schedule_search/daily_outputs/HLA/HLA_2015_HLA2015_normal_grid_S0010_daily.csv
HLA,HLA,Hailun,2015,Leave_One_experiments\wth_generated_qc\HLA\HLA2015.WTH,dry_year;nitrogen_stress_year;low_response_year,dry,HLA2015_normal_grid_S0010,top_profit_low_water,2015-08-22,234,115,110,"{""sim_day"": 115.0, ""doy"": 234.0, ""topwt"": 11980.41259765625, ""grnwt"": 1627.3431396484375, ""xlai"": 2.979922294616699, ""totir"": 0.0, ""tofer"": NaN, ""swfac"": 0.0, ""nstres"": 0.0947420597076416}",0.0,0.0947420597076416,11980.41259765625,1627.3431396484375,2.979922294616699,0.0,,0.0,0.0,0.0,150.0,25.290093994140623,25.290093994140623,Leave_One_experiments/all_year_offline_schedule_search/daily_outputs/HLA/HLA_2015_HLA2015_normal_grid_S0010_daily.csv
HLA,HLA,Hailun,2015,Leave_One_experiments\wth_generated_qc\HLA\HLA2015.WTH,dry_year;nitrogen_stress_year;low_response_year,dry,HLA2015_normal_grid_S0010,top_profit_low_water,2015-08-23,235,116,111,"{""sim_day"": 116.0, ""doy"": 235.0, ""topwt"": 12133.96484375, ""grnwt"": 1775.2835083007812, ""xlai"": 2.9432528018951416, ""totir"": 0.0, ""tofer"": NaN, ""swfac"": 0.0, ""nstres"": 0.098443865776062}",0.0,0.098443865776062,12133.96484375,1775.2835083007812,2.9432528018951416,0.0,,0.0,0.0,0.0,150.0,25.290093994140623,25.290093994140623,Leave_One_experiments/all_year_offline_schedule_search/daily_outputs/HLA/HLA_2015_HLA2015_normal_grid_S0010_daily.csv
HLA,HLA,Hailun,2015,Leave_One_experiments\wth_generated_qc\HLA\HLA2015.WTH,dry_year;nitrogen_stress_year;low_response_year,dry,HLA2015_normal_grid_S0010,top_profit_low_water,2015-08-24,236,117,112,"{""sim_day"": 117.0, ""doy"": 236.0, ""topwt"": 12281.904296875, ""grnwt"": 1923.2237243652344, ""xlai"": 2.905376434326172, ""totir"": 0.0, ""tofer"": NaN, ""swfac"": 0.0, ""nstres"": 0.1029520630836486}",0.0,0.1029520630836486,12281.904296875,1923.2237243652344,2.905376434326172,0.0,,0.0,0.0,0.0,150.0,25.290093994140623,25.290093994140623,Leave_One_experiments/all_year_offline_schedule_search/daily_outputs/HLA/HLA_2015_HLA2015_normal_grid_S0010_daily.csv
HLA,HLA,Hailun,2015,Leave_One_experiments\wth_generated_qc\HLA\HLA2015.WTH,dry_year;nitrogen_stress_year;low_response_year,dry,HLA2015_normal_grid_S0010,top_profit_low_water,2015-08-25,237,118,113,"{""sim_day"": 118.0, ""doy"": 237.0, ""topwt"": 12429.844970703123, ""grnwt"": 2071.1639404296875, ""xlai"": 2.866217851638794, ""totir"": 0.0, ""tofer"": NaN, ""swfac"": 0.0, ""nstres"": 0.1078226566314697}",0.0,0.1078226566314697,12429.844970703123,2071.1639404296875,2.866217851638794,0.0,,0.0,0.0,0.0,150.0,25.290093994140623,25.290093994140623,Leave_One_experiments/all_year_offline_schedule_search/daily_outputs/HLA/HLA_2015_HLA2015_normal_grid_S0010_daily.csv
HLA,HLA,Hailun,2015,Leave_One_experiments\wth_generated_qc\HLA\HLA2015.WTH,dry_year;nitrogen_stress_year;low_response_year,dry,HLA2015_normal_grid_S0010,top_profit_low_water,2015-08-26,238,119,114,"{""sim_day"": 119.0, ""doy"": 238.0, ""topwt"": 12564.111328125, ""grnwt"": 2219.1041564941406, ""xlai"": 2.826155185699463, ""totir"": 0.0, ""tofer"": NaN, ""swfac"": 0.0, ""nstres"": 0.1118205785751342}",0.0,0.1118205785751342,12564.111328125,2219.1041564941406,2.826155185699463,0.0,,0.0,0.0,0.0,150.0,25.290093994140623,25.290093994140623,Leave_One_experiments/all_year_offline_schedule_search/daily_outputs/HLA/HLA_2015_HLA2015_normal_grid_S0010_daily.csv
HLA,HLA,Hailun,2015,Leave_One_experiments\wth_generated_qc\HLA\HLA2015.WTH,dry_year;nitrogen_stress_year;low_response_year,dry,HLA2015_normal_grid_S0010,top_profit_low_water,2015-08-27,239,120,115,"{""sim_day"": 120.0, ""doy"": 239.0, ""topwt"": 12725.726318359377, ""grnwt"": 2367.0443725585938, ""xlai"": 2.7846791744232178, ""totir"": 0.0, ""tofer"": NaN, ""swfac"": 0.0, ""nstres"": 0.1174055337905883}",0.0,0.1174055337905883,12725.726318359377,2367.0443725585938,2.7846791744232178,0.0,,0.0,0.0,0.0,150.0,25.290093994140623,25.290093994140623,Leave_One_experiments/all_year_offline_schedule_search/daily_outputs/HLA/HLA_2015_HLA2015_normal_grid_S0010_daily.csv
HLA,HLA,Hailun,2015,Leave_One_experiments\wth_generated_qc\HLA\HLA2015.WTH,dry_year;nitrogen_stress_year;low_response_year,dry,HLA2015_normal_grid_S0010,top_profit_low_water,2015-08-28,240,121,116,"{""sim_day"": 121.0, ""doy"": 240.0, ""topwt"": 12873.6669921875, ""grnwt"": 2514.984741210937, ""xlai"": 2.74226450920105, ""totir"": 0.0, ""tofer"": NaN, ""swfac"": 0.0, ""nstres"": 0.1218513250350952}",0.0,0.1218513250350952,12873.6669921875,2514.984741210937,2.74226450920105,0.0,,0.0,0.0,0.0,150.0,25.290093994140623,25.290093994140623,Leave_One_experiments/all_year_offline_schedule_search/daily_outputs/HLA/HLA_2015_HLA2015_normal_grid_S0010_daily.csv
HLA,HLA,Hailun,2015,Leave_One_experiments\wth_generated_qc\HLA\HLA2015.WTH,dry_year;nitrogen_stress_year;low_response_year,dry,HLA2015_normal_grid_S0010,top_profit_low_water,2015-08-29,241,122,117,"{""sim_day"": 122.0, ""doy"": 241.0, ""topwt"": 13021.6064453125, ""grnwt"": 2662.9248046875, ""xlai"": 2.698439359664917, ""totir"": 0.0, ""tofer"": NaN, ""swfac"": 0.0, ""nstres"": 0.1278510093688964}",0.0,0.1278510093688964,13021.6064453125,2662.9248046875,2.698439359664917,0.0,,0.0,0.0,0.0,150.0,25.290093994140623,25.290093994140623,Leave_One_experiments/all_year_offline_schedule_search/daily_outputs/HLA/HLA_2015_HLA2015_normal_grid_S0010_daily.csv
HLA,HLA,Hailun,2015,Leave_One_experiments\wth_generated_qc\HLA\HLA2015.WTH,dry_year;nitrogen_stress_year;low_response_year,dry,HLA2015_normal_grid_S0010,top_profit_low_water,2015-08-30,242,123,118,"{""sim_day"": 123.0, ""doy"": 242.0, ""topwt"": 13169.5458984375, ""grnwt"": 2810.865173339844, ""xlai"": 2.6536381244659424, ""totir"": 0.0, ""tofer"": NaN, ""swfac"": 0.0, ""nstres"": 0.1328203678131103}",0.0,0.1328203678131103,13169.5458984375,2810.865173339844,2.6536381244659424,0.0,,0.0,0.0,0.0,150.0,25.290093994140623,25.290093994140623,Leave_One_experiments/all_year_offline_schedule_search/daily_outputs/HLA/HLA_2015_HLA2015_normal_grid_S0010_daily.csv
HLA,HLA,Hailun,2015,Leave_One_experiments\wth_generated_qc\HLA\HLA2015.WTH,dry_year;nitrogen_stress_year;low_response_year,dry,HLA2015_normal_grid_S0010,top_profit_low_water,2015-08-31,243,124,119,"{""sim_day"": 124.0, ""doy"": 243.0, ""topwt"": 13317.48779296875, ""grnwt"": 2958.8055419921875, ""xlai"": 2.607672691345215, ""totir"": 0.0, ""tofer"": NaN, ""swfac"": 0.0, ""nstres"": 0.1385732889175415}",0.0,0.1385732889175415,13317.48779296875,2958.8055419921875,2.607672691345215,0.0,,0.0,0.0,0.0,150.0,25.290093994140623,25.290093994140623,Leave_One_experiments/all_year_offline_schedule_search/daily_outputs/HLA/HLA_2015_HLA2015_normal_grid_S0010_daily.csv
HLA,HLA,Hailun,2015,Leave_One_experiments\wth_generated_qc\HLA\HLA2015.WTH,dry_year;nitrogen_stress_year;low_response_year,dry,HLA2015_normal_grid_S0010,top_profit_low_water,2015-09-01,244,125,120,"{""sim_day"": 125.0, ""doy"": 244.0, ""topwt"": 13465.428466796877, ""grnwt"": 3106.74560546875, ""xlai"": 2.5605556964874268, ""totir"": 0.0, ""tofer"": NaN, ""swfac"": 0.0, ""nstres"": 0.1445487141609192}",0.0,0.1445487141609192,13465.428466796877,3106.74560546875,2.5605556964874268,0.0,,0.0,0.0,0.0,150.0,25.290093994140623,25.290093994140623,Leave_One_experiments/all_year_offline_schedule_search/daily_outputs/HLA/HLA_2015_HLA2015_normal_grid_S0010_daily.csv
HLA,HLA,Hailun,2015,Leave_One_experiments\wth_generated_qc\HLA\HLA2015.WTH,dry_year;nitrogen_stress_year;low_response_year,dry,HLA2015_normal_grid_S0010,top_profit_low_water,2015-09-02,245,126,121,"{""sim_day"": 126.0, ""doy"": 245.0, ""topwt"": 13592.23388671875, ""grnwt"": 3233.5516357421875, ""xlai"": 2.5114617347717285, ""totir"": 0.0, ""tofer"": NaN, ""swfac"": 0.0, ""nstres"": 0.1533852219581604}",0.0,0.1533852219581604,13592.23388671875,3233.5516357421875,2.5114617347717285,0.0,,0.0,0.0,0.0,150.0,25.290093994140623,25.290093994140623,Leave_One_experiments/all_year_offline_schedule_search/daily_outputs/HLA/HLA_2015_HLA2015_normal_grid_S0010_daily.csv
HLA,HLA,Hailun,2015,Leave_One_experiments\wth_generated_qc\HLA\HLA2015.WTH,dry_year;nitrogen_stress_year;low_response_year,dry,HLA2015_normal_grid_S0010,top_profit_low_water,2015-09-03,246,127,122,"{""sim_day"": 127.0, ""doy"": 246.0, ""topwt"": 13695.087890625, ""grnwt"": 3336.405639648437, ""xlai"": 2.460836887359619, ""totir"": 0.0, ""tofer"": NaN, ""swfac"": 0.0, ""nstres"": 0.1612603664398193}",0.0,0.1612603664398193,13695.087890625,3336.405639648437,2.460836887359619,0.0,,0.0,0.0,0.0,150.0,25.290093994140623,25.290093994140623,Leave_One_experiments/all_year_offline_schedule_search/daily_outputs/HLA/HLA_2015_HLA2015_normal_grid_S0010_daily.csv
HLA,HLA,Hailun,2015,Leave_One_experiments\wth_generated_qc\HLA\HLA2015.WTH,dry_year;nitrogen_stress_year;low_response_year,dry,HLA2015_normal_grid_S0010,top_profit_low_water,2015-09-04,247,128,123,"{""sim_day"": 128.0, ""doy"": 247.0, ""topwt"": 13786.669921875, ""grnwt"": 3427.987670898437, ""xlai"": 2.253880500793457, ""totir"": 0.0, ""tofer"": NaN, ""swfac"": 0.0, ""nstres"": 0.167255163192749}",0.0,0.167255163192749,13786.669921875,3427.987670898437,2.253880500793457,0.0,,0.0,0.0,0.0,150.0,25.290093994140623,25.290093994140623,Leave_One_experiments/all_year_offline_schedule_search/daily_outputs/HLA/HLA_2015_HLA2015_normal_grid_S0010_daily.csv
HLA,HLA,Hailun,2015,Leave_One_experiments\wth_generated_qc\HLA\HLA2015.WTH,dry_year;nitrogen_stress_year;low_response_year,dry,HLA2015_normal_grid_S0010,top_profit_low_water,2015-09-05,248,129,124,"{""sim_day"": 129.0, ""doy"": 248.0, ""topwt"": 13929.677734375, ""grnwt"": 3570.996398925781, ""xlai"": 2.205674648284912, ""totir"": 0.0, ""tofer"": NaN, ""swfac"": 0.0, ""nstres"": 0.1711042523384094}",0.0,0.1711042523384094,13929.677734375,3570.996398925781,2.205674648284912,0.0,,0.0,0.0,0.0,150.0,25.290093994140623,25.290093994140623,Leave_One_experiments/all_year_offline_schedule_search/daily_outputs/HLA/HLA_2015_HLA2015_normal_grid_S0010_daily.csv
HLA,HLA,Hailun,2015,Leave_One_experiments\wth_generated_qc\HLA\HLA2015.WTH,dry_year;nitrogen_stress_year;low_response_year,dry,HLA2015_normal_grid_S0010,top_profit_low_water,2015-09-06,249,130,125,"{""sim_day"": 130.0, ""doy"": 249.0, ""topwt"": 14065.643310546877, ""grnwt"": 3706.9607543945312, ""xlai"": 2.156188488006592, ""totir"": 0.0, ""tofer"": NaN, ""swfac"": 0.0, ""nstres"": 0.1794862747192382}",0.0,0.1794862747192382,14065.643310546877,3706.9607543945312,2.156188488006592,0.0,,0.0,0.0,0.0,150.0,25.290093994140623,25.290093994140623,Leave_One_experiments/all_year_offline_schedule_search/daily_outputs/HLA/HLA_2015_HLA2015_normal_grid_S0010_daily.csv
HLA,HLA,Hailun,2015,Leave_One_experiments\wth_generated_qc\HLA\HLA2015.WTH,dry_year;nitrogen_stress_year;low_response_year,dry,HLA2015_normal_grid_S0010,top_profit_low_water,2015-09-07,250,131,126,"{""sim_day"": 131.0, ""doy"": 250.0, ""topwt"": 14188.75732421875, ""grnwt"": 3837.289123535156, ""xlai"": 2.1056430339813232, ""totir"": 0.0, ""tofer"": NaN, ""swfac"": 0.0, ""nstres"": 0.1875359416007995}",0.0,0.1875359416007995,14188.75732421875,3837.289123535156,2.1056430339813232,0.0,,0.0,0.0,0.0,150.0,25.290093994140623,25.290093994140623,Leave_One_experiments/all_year_offline_schedule_search/daily_outputs/HLA/HLA_2015_HLA2015_normal_grid_S0010_daily.csv
HLA,HLA,Hailun,2015,Leave_One_experiments\wth_generated_qc\HLA\HLA2015.WTH,dry_year;nitrogen_stress_year;low_response_year,dry,HLA2015_normal_grid_S0010,top_profit_low_water,2015-09-08,251,132,127,"{""sim_day"": 132.0, ""doy"": 251.0, ""topwt"": 14308.2421875, ""grnwt"": 3985.2294921875, ""xlai"": 2.054439783096313, ""totir"": 0.0, ""tofer"": NaN, ""swfac"": 0.0, ""nstres"": 0.1945365667343139}",0.0,0.1945365667343139,14308.2421875,3985.2294921875,2.054439783096313,0.0,,0.0,0.0,0.0,150.0,25.290093994140623,25.290093994140623,Leave_One_experiments/all_year_offline_schedule_search/daily_outputs/HLA/HLA_2015_HLA2015_normal_grid_S0010_daily.csv
HLA,HLA,Hailun,2015,Leave_One_experiments\wth_generated_qc\HLA\HLA2015.WTH,dry_year;nitrogen_stress_year;low_response_year,dry,HLA2015_normal_grid_S0010,top_profit_low_water,2015-09-09,252,133,128,"{""sim_day"": 133.0, ""doy"": 252.0, ""topwt"": 14432.67578125, ""grnwt"": 4073.9935302734375, ""xlai"": 1.9878759384155276, ""totir"": 0.0, ""tofer"": NaN, ""swfac"": 0.0, ""nstres"": 0.2124667763710022}",0.0,0.2124667763710022,14432.67578125,4073.9935302734375,1.9878759384155276,0.0,,0.0,0.0,0.0,150.0,25.290093994140623,25.290093994140623,Leave_One_experiments/all_year_offline_schedule_search/daily_outputs/HLA/HLA_2015_HLA2015_normal_grid_S0010_daily.csv
HLA,HLA,Hailun,2015,Leave_One_experiments\wth_generated_qc\HLA\HLA2015.WTH,dry_year;nitrogen_stress_year;low_response_year,dry,HLA2015_normal_grid_S0010,top_profit_low_water,2015-09-10,253,134,129,"{""sim_day"": 134.0, ""doy"": 253.0, ""topwt"": 14535.528564453123, ""grnwt"": 4176.847534179688, ""xlai"": 1.9362980127334597, ""totir"": 0.0, ""tofer"": NaN, ""swfac"": 0.0, ""nstres"": 0.2227104306221008}",0.0,0.2227104306221008,14535.528564453123,4176.847534179688,1.9362980127334597,0.0,,0.0,0.0,0.0,150.0,25.290093994140623,25.290093994140623,Leave_One_experiments/all_year_offline_schedule_search/daily_outputs/HLA/HLA_2015_HLA2015_normal_grid_S0010_daily.csv
HLA,HLA,Hailun,2015,Leave_One_experiments\wth_generated_qc\HLA\HLA2015.WTH,dry_year;nitrogen_stress_year;low_response_year,dry,HLA2015_normal_grid_S0010,top_profit_low_water,2015-09-11,254,135,130,"{""sim_day"": 135.0, ""doy"": 254.0, ""topwt"": 14598.2275390625, ""grnwt"": 4239.5458984375, ""xlai"": 1.7254352569580078, ""totir"": 0.0, ""tofer"": NaN, ""swfac"": 0.0, ""nstres"": 0.250275194644928}",0.0,0.250275194644928,14598.2275390625,4239.5458984375,1.7254352569580078,0.0,,0.0,0.0,0.0,150.0,25.290093994140623,25.290093994140623,Leave_One_experiments/all_year_offline_schedule_search/daily_outputs/HLA/HLA_2015_HLA2015_normal_grid_S0010_daily.csv
HLA,HLA,Hailun,2015,Leave_One_experiments\wth_generated_qc\HLA\HLA2015.WTH,dry_year;nitrogen_stress_year;low_response_year,dry,HLA2015_normal_grid_S0010,top_profit_low_water,2015-09-12,255,136,131,"{""sim_day"": 136.0, ""doy"": 255.0, ""topwt"": 14699.671630859377, ""grnwt"": 4340.9906005859375, ""xlai"": 1.6780061721801758, ""totir"": 0.0, ""tofer"": NaN, ""swfac"": 0.0, ""nstres"": 0.2597131133079529}",0.0,0.2597131133079529,14699.671630859377,4340.9906005859375,1.6780061721801758,0.0,,0.0,0.0,0.0,150.0,25.290093994140623,25.290093994140623,Leave_One_experiments/all_year_offline_schedule_search/daily_outputs/HLA/HLA_2015_HLA2015_normal_grid_S0010_daily.csv
HLA,HLA,Hailun,2015,Leave_One_experiments\wth_generated_qc\HLA\HLA2015.WTH,dry_year;nitrogen_stress_year;low_response_year,dry,HLA2015_normal_grid_S0010,top_profit_low_water,2015-09-13,256,137,132,"{""sim_day"": 137.0, ""doy"": 256.0, ""topwt"": 14847.6123046875, ""grnwt"": 4488.930969238281, ""xlai"": 1.6308869123458862, ""totir"": 0.0, ""tofer"": NaN, ""swfac"": 0.0, ""nstres"": 0.2739343047142029}",0.0,0.2739343047142029,14847.6123046875,4488.930969238281,1.6308869123458862,0.0,,0.0,0.0,0.0,150.0,25.290093994140623,25.290093994140623,Leave_One_experiments/all_year_offline_schedule_search/daily_outputs/HLA/HLA_2015_HLA2015_normal_grid_S0010_daily.csv
HLA,HLA,Hailun,2015,Leave_One_experiments\wth_generated_qc\HLA\HLA2015.WTH,dry_year;nitrogen_stress_year;low_response_year,dry,HLA2015_normal_grid_S0010,top_profit_low_water,2015-09-14,257,138,133,"{""sim_day"": 138.0, ""doy"": 257.0, ""topwt"": 14995.5517578125, ""grnwt"": 4636.871337890625, ""xlai"": 1.5836743116378784, ""totir"": 0.0, ""tofer"": NaN, ""swfac"": 0.0, ""nstres"": 0.2947770953178406}",0.0,0.2947770953178406,14995.5517578125,4636.871337890625,1.5836743116378784,0.0,,0.0,0.0,0.0,150.0,25.290093994140623,25.290093994140623,Leave_One_experiments/all_year_offline_schedule_search/daily_outputs/HLA/HLA_2015_HLA2015_normal_grid_S0010_daily.csv
HLA,HLA,Hailun,2015,Leave_One_experiments\wth_generated_qc\HLA\HLA2015.WTH,dry_year;nitrogen_stress_year;low_response_year,dry,HLA2015_normal_grid_S0010,top_profit_low_water,2015-09-15,258,139,134,"{""sim_day"": 139.0, ""doy"": 258.0, ""topwt"": 15143.492431640623, ""grnwt"": 4784.811706542969, ""xlai"": 1.5364137887954712, ""totir"": 0.0, ""tofer"": NaN, ""swfac"": 0.0, ""nstres"": 0.316216230392456}",0.0,0.316216230392456,15143.492431640623,4784.811706542969,1.5364137887954712,0.0,,0.0,0.0,0.0,150.0,25.290093994140623,25.290093994140623,Leave_One_experiments/all_year_offline_schedule_search/daily_outputs/HLA/HLA_2015_HLA2015_normal_grid_S0010_daily.csv
HLA,HLA,Hailun,2015,Leave_One_experiments\wth_generated_qc\HLA\HLA2015.WTH,dry_year;nitrogen_stress_year;low_response_year,dry,HLA2015_normal_grid_S0010,top_profit_low_water,2015-09-16,259,140,135,"{""sim_day"": 140.0, ""doy"": 259.0, ""topwt"": 15291.431884765623, ""grnwt"": 4932.7520751953125, ""xlai"": 1.4891513586044312, ""totir"": 0.0, ""tofer"": NaN, ""swfac"": 0.0, ""nstres"": 0.338276743888855}",0.0,0.338276743888855,15291.431884765623,4932.7520751953125,1.4891513586044312,0.0,,0.0,0.0,0.0,150.0,25.290093994140623,25.290093994140623,Leave_One_experiments/all_year_offline_schedule_search/daily_outputs/HLA/HLA_2015_HLA2015_normal_grid_S0010_daily.csv
HLA,HLA,Hailun,2015,Leave_One_experiments\wth_generated_qc\HLA\HLA2015.WTH,dry_year;nitrogen_stress_year;low_response_year,dry,HLA2015_normal_grid_S0010,top_profit_low_water,2015-09-17,260,141,136,"{""sim_day"": 141.0, ""doy"": 260.0, ""topwt"": 15431.5673828125, ""grnwt"": 5080.6927490234375, ""xlai"": 1.441997766494751, ""totir"": 0.0, ""tofer"": NaN, ""swfac"": 0.0, ""nstres"": 0.3599526882171631}",0.0,0.3599526882171631,15431.5673828125,5080.6927490234375,1.441997766494751,0.0,,0.0,0.0,0.0,150.0,25.290093994140623,25.290093994140623,Leave_One_experiments/all_year_offline_schedule_search/daily_outputs/HLA/HLA_2015_HLA2015_normal_grid_S0010_daily.csv
HLA,HLA,Hailun,2015,Leave_One_experiments\wth_generated_qc\HLA\HLA2015.WTH,dry_year;nitrogen_stress_year;low_response_year,dry,HLA2015_normal_grid_S0010,top_profit_low_water,2015-09-18,261,142,137,"{""sim_day"": 142.0, ""doy"": 261.0, ""topwt"": 15508.11767578125, ""grnwt"": 5205.3851318359375, ""xlai"": 1.394554853439331, ""totir"": 0.0, ""tofer"": NaN, ""swfac"": 0.0, ""nstres"": 0.3896207213401794}",0.0,0.3896207213401794,15508.11767578125,5205.3851318359375,1.394554853439331,0.0,,0.0,0.0,0.0,150.0,25.290093994140623,25.290093994140623,Leave_One_experiments/all_year_offline_schedule_search/daily_outputs/HLA/HLA_2015_HLA2015_normal_grid_S0010_daily.csv
HLA,HLA,Hailun,2015,Leave_One_experiments\wth_generated_qc\HLA\HLA2015.WTH,dry_year;nitrogen_stress_year;low_response_year,dry,HLA2015_normal_grid_S0010,top_profit_low_water,2015-09-19,262,143,138,"{""sim_day"": 143.0, ""doy"": 262.0, ""topwt"": 15630.792236328123, ""grnwt"": 5304.716796875, ""xlai"": 1.2690448760986328, ""totir"": 0.0, ""tofer"": NaN, ""swfac"": 0.0, ""nstres"": 0.4129377603530884}",0.0,0.4129377603530884,15630.792236328123,5304.716796875,1.2690448760986328,0.0,,0.0,0.0,0.0,150.0,25.290093994140623,25.290093994140623,Leave_One_experiments/all_year_offline_schedule_search/daily_outputs/HLA/HLA_2015_HLA2015_normal_grid_S0010_daily.csv
HLA,HLA,Hailun,2015,Leave_One_experiments\wth_generated_qc\HLA\HLA2015.WTH,dry_year;nitrogen_stress_year;low_response_year,dry,HLA2015_normal_grid_S0010,top_profit_low_water,2015-09-20,263,144,139,"{""sim_day"": 144.0, ""doy"": 263.0, ""topwt"": 15741.700439453123, ""grnwt"": 5452.6568603515625, ""xlai"": 1.2256193161010742, ""totir"": 0.0, ""tofer"": NaN, ""swfac"": 0.0, ""nstres"": 0.4212566018104553}",0.0,0.4212566018104553,15741.700439453123,5452.6568603515625,1.2256193161010742,0.0,,0.0,0.0,0.0,150.0,25.290093994140623,25.290093994140623,Leave_One_experiments/all_year_offline_schedule_search/daily_outputs/HLA/HLA_2015_HLA2015_normal_grid_S0010_daily.csv
HLA,HLA,Hailun,2015,Leave_One_experiments\wth_generated_qc\HLA\HLA2015.WTH,dry_year;nitrogen_stress_year;low_response_year,dry,HLA2015_normal_grid_S0010,top_profit_low_water,2015-09-21,264,145,140,"{""sim_day"": 145.0, ""doy"": 264.0, ""topwt"": 15755.61279296875, ""grnwt"": 5508.310546875, ""xlai"": 1.1817396879196167, ""totir"": 0.0, ""tofer"": NaN, ""swfac"": 0.0, ""nstres"": 0.4592486023902893}",0.0,0.4592486023902893,15755.61279296875,5508.310546875,1.1817396879196167,0.0,,0.0,0.0,0.0,150.0,25.290093994140623,25.290093994140623,Leave_One_experiments/all_year_offline_schedule_search/daily_outputs/HLA/HLA_2015_HLA2015_normal_grid_S0010_daily.csv
HLA,HLA,Hailun,2015,Leave_One_experiments\wth_generated_qc\HLA\HLA2015.WTH,dry_year;nitrogen_stress_year;low_response_year,dry,HLA2015_normal_grid_S0010,top_profit_low_water,2015-09-22,265,146,141,"{""sim_day"": 146.0, ""doy"": 265.0, ""topwt"": 15774.669189453123, ""grnwt"": 5533.671875, ""xlai"": 1.1390663385391235, ""totir"": 0.0, ""tofer"": NaN, ""swfac"": 0.0, ""nstres"": 0.4666531085968017}",0.0,0.4666531085968017,15774.669189453123,5533.671875,1.1390663385391235,0.0,,0.0,0.0,0.0,150.0,25.290093994140623,25.290093994140623,Leave_One_experiments/all_year_offline_schedule_search/daily_outputs/HLA/HLA_2015_HLA2015_normal_grid_S0010_daily.csv
HLA,HLA,Hailun,2015,Leave_One_experiments\wth_generated_qc\HLA\HLA2015.WTH,dry_year;nitrogen_stress_year;low_response_year,dry,HLA2015_normal_grid_S0010,top_profit_low_water,2015-09-23,266,147,142,"{""sim_day"": 147.0, ""doy"": 266.0, ""topwt"": 15838.128662109377, ""grnwt"": 5573.8275146484375, ""xlai"": 0.8874464631080627, ""totir"": 0.0, ""tofer"": NaN, ""swfac"": 0.0, ""nstres"": 0.4654003381729126}",0.0,0.4654003381729126,15838.128662109377,5573.8275146484375,0.8874464631080627,0.0,,0.0,0.0,0.0,150.0,25.290093994140623,25.290093994140623,Leave_One_experiments/all_year_offline_schedule_search/daily_outputs/HLA/HLA_2015_HLA2015_normal_grid_S0010_daily.csv
HLA,HLA,Hailun,2015,Leave_One_experiments\wth_generated_qc\HLA\HLA2015.WTH,dry_year;nitrogen_stress_year;low_response_year,dry,HLA2015_normal_grid_S0010,top_profit_low_water,2015-09-24,267,148,143,"{""sim_day"": 148.0, ""doy"": 267.0, ""topwt"": 15859.307861328123, ""grnwt"": 5626.6632080078125, ""xlai"": 0.8551352620124817, ""totir"": 0.0, ""tofer"": NaN, ""swfac"": 0.0, ""nstres"": 0.473818838596344}",0.0,0.473818838596344,15859.307861328123,5626.6632080078125,0.8551352620124817,0.0,,0.0,0.0,0.0,150.0,25.290093994140623,25.290093994140623,Leave_One_experiments/all_year_offline_schedule_search/daily_outputs/HLA/HLA_2015_HLA2015_normal_grid_S0010_daily.csv
HLA,HLA,Hailun,2015,Leave_One_experiments\wth_generated_qc\HLA\HLA2015.WTH,dry_year;nitrogen_stress_year;low_response_year,dry,HLA2015_normal_grid_S0010,top_profit_low_water,2015-09-25,268,149,144,"{""sim_day"": 149.0, ""doy"": 268.0, ""topwt"": 15874.130859375, ""grnwt"": 5684.430541992188, ""xlai"": 0.8233984112739563, ""totir"": 0.0, ""tofer"": NaN, ""swfac"": 0.0, ""nstres"": 0.490715742111206}",0.0,0.490715742111206,15874.130859375,5684.430541992188,0.8233984112739563,0.0,,0.0,0.0,0.0,150.0,25.290093994140623,25.290093994140623,Leave_One_experiments/all_year_offline_schedule_search/daily_outputs/HLA/HLA_2015_HLA2015_normal_grid_S0010_daily.csv
HLA,HLA,Hailun,2015,Leave_One_experiments\wth_generated_qc\HLA\HLA2015.WTH,dry_year;nitrogen_stress_year;low_response_year,dry,HLA2015_normal_grid_S0010,top_profit_low_water,2015-09-26,269,150,145,"{""sim_day"": 150.0, ""doy"": 269.0, ""topwt"": 15923.450927734377, ""grnwt"": 5729.517211914063, ""xlai"": 0.7390825152397156, ""totir"": 0.0, ""tofer"": NaN, ""swfac"": 0.0, ""nstres"": 0.4982866644859314}",0.0,0.4982866644859314,15923.450927734377,5729.517211914063,0.7390825152397156,0.0,,0.0,0.0,0.0,150.0,25.290093994140623,25.290093994140623,Leave_One_experiments/all_year_offline_schedule_search/daily_outputs/HLA/HLA_2015_HLA2015_normal_grid_S0010_daily.csv
HLA,HLA,Hailun,2015,Leave_One_experiments\wth_generated_qc\HLA\HLA2015.WTH,dry_year;nitrogen_stress_year;low_response_year,dry,HLA2015_normal_grid_S0010,top_profit_low_water,2015-09-27,270,151,146,"{""sim_day"": 151.0, ""doy"": 270.0, ""topwt"": 15968.193359375, ""grnwt"": 5763.331909179688, ""xlai"": 0.5235661268234253, ""totir"": 0.0, ""tofer"": NaN, ""swfac"": 0.0, ""nstres"": 0.5014511942863464}",0.0,0.5014511942863464,15968.193359375,5763.331909179688,0.5235661268234253,0.0,,0.0,0.0,0.0,150.0,25.290093994140623,25.290093994140623,Leave_One_experiments/all_year_offline_schedule_search/daily_outputs/HLA/HLA_2015_HLA2015_normal_grid_S0010_daily.csv
HLA,HLA,Hailun,2015,Leave_One_experiments\wth_generated_qc\HLA\HLA2015.WTH,dry_year;nitrogen_stress_year;low_response_year,dry,HLA2015_normal_grid_S0010,top_profit_low_water,2015-09-28,271,152,147,"{""sim_day"": 152.0, ""doy"": 271.0, ""topwt"": 16003.184814453123, ""grnwt"": 5778.83056640625, ""xlai"": 0.1628813445568084, ""totir"": 0.0, ""tofer"": NaN, ""swfac"": 0.0, ""nstres"": 0.5105998516082764}",0.0,0.5105998516082764,16003.184814453123,5778.83056640625,0.1628813445568084,0.0,,0.0,0.0,0.0,150.0,25.290093994140623,25.290093994140623,Leave_One_experiments/all_year_offline_schedule_search/daily_outputs/HLA/HLA_2015_HLA2015_normal_grid_S0010_daily.csv
HLA,HLA,Hailun,2015,Leave_One_experiments\wth_generated_qc\HLA\HLA2015.WTH,dry_year;nitrogen_stress_year;low_response_year,dry,HLA2015_normal_grid_S0010,top_profit_low_water,2015-09-29,272,153,148,"{""sim_day"": 153.0, ""doy"": 272.0, ""topwt"": 16016.62841796875, ""grnwt"": 5849.982299804688, ""xlai"": 0.1527011692523956, ""totir"": 0.0, ""tofer"": NaN, ""swfac"": 0.0, ""nstres"": 0.5161051154136658}",0.0,0.5161051154136658,16016.62841796875,5849.982299804688,0.1527011692523956,0.0,,0.0,0.0,0.0,150.0,25.290093994140623,25.290093994140623,Leave_One_experiments/all_year_offline_schedule_search/daily_outputs/HLA/HLA_2015_HLA2015_normal_grid_S0010_daily.csv
HLA,HLA,Hailun,2015,Leave_One_experiments\wth_generated_qc\HLA\HLA2015.WTH,dry_year;nitrogen_stress_year;low_response_year,dry,HLA2015_normal_grid_S0010,top_profit_low_water,2015-09-30,273,154,149,"{""sim_day"": 154.0, ""doy"": 273.0, ""topwt"": 16020.5810546875, ""grnwt"": 5890.137939453125, ""xlai"": 0.1459672749042511, ""totir"": 0.0, ""tofer"": NaN, ""swfac"": 0.0, ""nstres"": 0.5362578630447388}",0.0,0.5362578630447388,16020.5810546875,5890.137939453125,0.1459672749042511,0.0,,0.0,0.0,0.0,150.0,25.290093994140623,25.290093994140623,Leave_One_experiments/all_year_offline_schedule_search/daily_outputs/HLA/HLA_2015_HLA2015_normal_grid_S0010_daily.csv
HLA,HLA,Hailun,2015,Leave_One_experiments\wth_generated_qc\HLA\HLA2015.WTH,dry_year;nitrogen_stress_year;low_response_year,dry,HLA2015_normal_grid_S0010,top_profit_low_water,2015-10-01,274,155,150,"{""sim_day"": 155.0, ""doy"": 274.0, ""topwt"": 16022.0947265625, ""grnwt"": 5890.137939453125, ""xlai"": 0.0784721672534942, ""totir"": 0.0, ""tofer"": NaN, ""swfac"": 0.0, ""nstres"": 0.5372957587242126}",0.0,0.5372957587242126,16022.0947265625,5890.137939453125,0.0784721672534942,0.0,,0.0,0.0,0.0,150.0,25.290093994140623,25.290093994140623,Leave_One_experiments/all_year_offline_schedule_search/daily_outputs/HLA/HLA_2015_HLA2015_normal_grid_S0010_daily.csv
HLA,HLA,Hailun,2015,Leave_One_experiments\wth_generated_qc\HLA\HLA2015.WTH,dry_year;nitrogen_stress_year;low_response_year,dry,HLA2015_normal_grid_S0010,top_profit_low_water,2015-10-02,275,156,151,"{""sim_day"": 156.0, ""doy"": 275.0, ""topwt"": 16022.36083984375, ""grnwt"": 5890.137939453125, ""xlai"": 0.0588540025055408, ""totir"": 0.0, ""tofer"": NaN, ""swfac"": 0.0, ""nstres"": 0.5339438915252686}",0.0,0.5339438915252686,16022.36083984375,5890.137939453125,0.0588540025055408,0.0,,0.0,0.0,0.0,150.0,25.290093994140623,25.290093994140623,Leave_One_experiments/all_year_offline_schedule_search/daily_outputs/HLA/HLA_2015_HLA2015_normal_grid_S0010_daily.csv
HLA,HLA,Hailun,2015,Leave_One_experiments\wth_generated_qc\HLA\HLA2015.WTH,dry_year;nitrogen_stress_year;low_response_year,dry,HLA2015_normal_grid_S0010,top_profit_low_water,2015-10-03,276,157,152,"{""sim_day"": 157.0, ""doy"": 276.0, ""topwt"": 16028.8330078125, ""grnwt"": 5921.839599609375, ""xlai"": 0.0383666977286338, ""totir"": 0.0, ""tofer"": NaN, ""swfac"": 0.0, ""nstres"": 0.535778820514679}",0.0,0.535778820514679,16028.8330078125,5921.839599609375,0.0383666977286338,0.0,,0.0,0.0,0.0,150.0,25.290093994140623,25.290093994140623,Leave_One_experiments/all_year_offline_schedule_search/daily_outputs/HLA/HLA_2015_HLA2015_normal_grid_S0010_daily.csv
HLA,HLA,Hailun,2015,Leave_One_experiments\wth_generated_qc\HLA\HLA2015.WTH,dry_year;nitrogen_stress_year;low_response_year,dry,HLA2015_normal_grid_S0010,top_profit_low_water,2015-10-04,277,158,153,"{""sim_day"": 158.0, ""doy"": 277.0, ""topwt"": 16031.402587890623, ""grnwt"": 6004.967651367188, ""xlai"": 0.0368593744933605, ""totir"": 0.0, ""tofer"": NaN, ""swfac"": 0.0, ""nstres"": 0.5427536964416504}",0.0,0.5427536964416504,16031.402587890623,6004.967651367188,0.0368593744933605,0.0,,0.0,0.0,0.0,150.0,25.290093994140623,25.290093994140623,Leave_One_experiments/all_year_offline_schedule_search/daily_outputs/HLA/HLA_2015_HLA2015_normal_grid_S0010_daily.csv
HLA,HLA,Hailun,2015,Leave_One_experiments\wth_generated_qc\HLA\HLA2015.WTH,dry_year;nitrogen_stress_year;low_response_year,dry,HLA2015_normal_grid_S0010,top_profit_low_water,2015-10-05,278,159,154,"{""sim_day"": 159.0, ""doy"": 278.0, ""topwt"": 16033.387451171877, ""grnwt"": 6131.0693359375, ""xlai"": 0.0353930667042732, ""totir"": 0.0, ""tofer"": NaN, ""swfac"": 0.0, ""nstres"": 0.5547541677951813}",0.0,0.5547541677951813,16033.387451171877,6131.0693359375,0.0353930667042732,0.0,,0.0,0.0,0.0,150.0,25.290093994140623,25.290093994140623,Leave_One_experiments/all_year_offline_schedule_search/daily_outputs/HLA/HLA_2015_HLA2015_normal_grid_S0010_daily.csv
HLA,HLA,Hailun,2015,Leave_One_experiments\wth_generated_qc\HLA\HLA2015.WTH,dry_year;nitrogen_stress_year;low_response_year,dry,HLA2015_normal_grid_S0010,top_profit_low_water,2015-10-06,279,160,155,"{""sim_day"": 160.0, ""doy"": 279.0, ""topwt"": 16035.99853515625, ""grnwt"": 6279.009399414063, ""xlai"": 0.0339707024395465, ""totir"": 0.0, ""tofer"": NaN, ""swfac"": 0.0, ""nstres"": 0.5645034611225128}",0.0,0.5645034611225128,16035.99853515625,6279.009399414063,0.0339707024395465,0.0,,0.0,0.0,0.0,150.0,25.290093994140623,25.290093994140623,Leave_One_experiments/all_year_offline_schedule_search/daily_outputs/HLA/HLA_2015_HLA2015_normal_grid_S0010_daily.csv
HLA,HLA,Hailun,2015,Leave_One_experiments\wth_generated_qc\HLA\HLA2015.WTH,dry_year;nitrogen_stress_year;low_response_year,dry,HLA2015_normal_grid_S0010,top_profit_low_water,2015-10-07,280,161,156,"{""sim_day"": 161.0, ""doy"": 280.0, ""topwt"": 16035.99853515625, ""grnwt"": 6279.009399414063, ""xlai"": 0.0339707024395465, ""totir"": 0.0, ""tofer"": NaN, ""swfac"": 0.0, ""nstres"": 0.5745387077331543}",0.0,0.5745387077331543,16035.99853515625,6279.009399414063,0.0339707024395465,0.0,,0.0,0.0,0.0,150.0,25.290093994140623,25.290093994140623,Leave_One_experiments/all_year_offline_schedule_search/daily_outputs/HLA/HLA_2015_HLA2015_normal_grid_S0010_daily.csv
HLA,HLA,Hailun,2015,Leave_One_experiments\wth_generated_qc\HLA\HLA2015.WTH,dry_year;nitrogen_stress_year;low_response_year,dry,HLA2015_normal_grid_S0010,top_profit_low_water,2015-10-08,281,162,157,"{""sim_day"": 162.0, ""doy"": 281.0, ""topwt"": 16035.99853515625, ""grnwt"": 6279.009399414063, ""xlai"": 0.0339707024395465, ""totir"": 0.0, ""tofer"": NaN, ""swfac"": 0.0, ""nstres"": 0.5745387077331543}",0.0,0.5745387077331543,16035.99853515625,6279.009399414063,0.0339707024395465,0.0,,0.0,0.0,0.0,150.0,25.290093994140623,25.290093994140623,Leave_One_experiments/all_year_offline_schedule_search/daily_outputs/HLA/HLA_2015_HLA2015_normal_grid_S0010_daily.csv
HLA,HLA,Hailun,2015,Leave_One_experiments\wth_generated_qc\HLA\HLA2015.WTH,dry_year;nitrogen_stress_year;low_response_year,dry,HLA2015_normal_grid_S0022,top_yield,2015-05-05,125,1,1,"{""sim_day"": 1.0, ""doy"": 125.0, ""topwt"": 0.0, ""grnwt"": 0.0, ""xlai"": 0.0, ""totir"": 0.0, ""tofer"": NaN, ""swfac"": 0.0, ""nstres"": 0.0}",0.0,0.0,0.0,0.0,0.0,0.0,,0.0,75.0,30.0,225.0,-1.3531005859374972,10.646899414062505,Leave_One_experiments/all_year_offline_schedule_search/daily_outputs/HLA/HLA_2015_HLA2015_normal_grid_S0022_daily.csv
HLA,HLA,Hailun,2015,Leave_One_experiments\wth_generated_qc\HLA\HLA2015.WTH,dry_year;nitrogen_stress_year;low_response_year,dry,HLA2015_normal_grid_S0022,top_yield,2015-05-06,126,2,2,"{""sim_day"": 2.0, ""doy"": 126.0, ""topwt"": 0.0, ""grnwt"": 0.0, ""xlai"": 0.0, ""totir"": 0.0, ""tofer"": NaN, ""swfac"": 0.0, ""nstres"": 0.0}",0.0,0.0,0.0,0.0,0.0,0.0,,0.0,0.0,30.0,225.0,-1.3531005859374972,10.646899414062505,Leave_One_experiments/all_year_offline_schedule_search/daily_outputs/HLA/HLA_2015_HLA2015_normal_grid_S0022_daily.csv
HLA,HLA,Hailun,2015,Leave_One_experiments\wth_generated_qc\HLA\HLA2015.WTH,dry_year;nitrogen_stress_year;low_response_year,dry,HLA2015_normal_grid_S0022,top_yield,2015-05-07,127,3,3,"{""sim_day"": 3.0, ""doy"": 127.0, ""topwt"": 0.0, ""grnwt"": 0.0, ""xlai"": 0.0, ""totir"": 0.0, ""tofer"": NaN, ""swfac"": 0.0, ""nstres"": 0.0}",0.0,0.0,0.0,0.0,0.0,0.0,,0.0,0.0,30.0,225.0,-1.3531005859374972,10.646899414062505,Leave_One_experiments/all_year_offline_schedule_search/daily_outputs/HLA/HLA_2015_HLA2015_normal_grid_S0022_daily.csv
HLA,HLA,Hailun,2015,Leave_One_experiments\wth_generated_qc\HLA\HLA2015.WTH,dry_year;nitrogen_stress_year;low_response_year,dry,HLA2015_normal_grid_S0022,top_yield,2015-05-08,128,4,4,"{""sim_day"": 4.0, ""doy"": 128.0, ""topwt"": 0.0, ""grnwt"": 0.0, ""xlai"": 0.0, ""totir"": 0.0, ""tofer"": NaN, ""swfac"": 0.0, ""nstres"": 0.0}",0.0,0.0,0.0,0.0,0.0,0.0,,0.0,0.0,30.0,225.0,-1.3531005859374972,10.646899414062505,Leave_One_experiments/all_year_offline_schedule_search/daily_outputs/HLA/HLA_2015_HLA2015_normal_grid_S0022_daily.csv
HLA,HLA,Hailun,2015,Leave_One_experiments\wth_generated_qc\HLA\HLA2015.WTH,dry_year;nitrogen_stress_year;low_response_year,dry,HLA2015_normal_grid_S0022,top_yield,2015-05-09,129,5,5,"{""sim_day"": 5.0, ""doy"": 129.0, ""topwt"": 0.0, ""grnwt"": 0.0, ""xlai"": 0.0, ""totir"": 0.0, ""tofer"": NaN, ""swfac"": 0.0, ""nstres"": 0.0}",0.0,0.0,0.0,0.0,0.0,0.0,,0.0,0.0,30.0,225.0,-1.3531005859374972,10.646899414062505,Leave_One_experiments/all_year_offline_schedule_search/daily_outputs/HLA/HLA_2015_HLA2015_normal_grid_S0022_daily.csv
HLA,HLA,Hailun,2015,Leave_One_experiments\wth_generated_qc\HLA\HLA2015.WTH,dry_year;nitrogen_stress_year;low_response_year,dry,HLA2015_normal_grid_S0022,top_yield,2015-05-05,125,6,1,"{""sim_day"": 6.0, ""doy"": 125.0, ""topwt"": 0.0, ""grnwt"": 0.0, ""xlai"": 0.0, ""totir"": 0.0, ""tofer"": NaN, ""swfac"": 0.0, ""nstres"": 0.0}",0.0,0.0,0.0,0.0,0.0,0.0,,0.0,0.0,30.0,225.0,-1.3531005859374972,10.646899414062505,Leave_One_experiments/all_year_offline_schedule_search/daily_outputs/HLA/HLA_2015_HLA2015_normal_grid_S0022_daily.csv
HLA,HLA,Hailun,2015,Leave_One_experiments\wth_generated_qc\HLA\HLA2015.WTH,dry_year;nitrogen_stress_year;low_response_year,dry,HLA2015_normal_grid_S0022,top_yield,2015-05-06,126,7,2,"{""sim_day"": 7.0, ""doy"": 126.0, ""topwt"": 0.0, ""grnwt"": 0.0, ""xlai"": 0.0, ""totir"": 0.0, ""tofer"": NaN, ""swfac"": 0.0, ""nstres"": 0.0}",0.0,0.0,0.0,0.0,0.0,0.0,,0.0,0.0,30.0,225.0,-1.3531005859374972,10.646899414062505,Leave_One_experiments/all_year_offline_schedule_search/daily_outputs/HLA/HLA_2015_HLA2015_normal_grid_S0022_daily.csv
HLA,HLA,Hailun,2015,Leave_One_experiments\wth_generated_qc\HLA\HLA2015.WTH,dry_year;nitrogen_stress_year;low_response_year,dry,HLA2015_normal_grid_S0022,top_yield,2015-05-07,127,8,3,"{""sim_day"": 8.0, ""doy"": 127.0, ""topwt"": 0.0, ""grnwt"": 0.0, ""xlai"": 0.0, ""totir"": 0.0, ""tofer"": NaN, ""swfac"": 0.0, ""nstres"": 0.0}",0.0,0.0,0.0,0.0,0.0,0.0,,0.0,0.0,30.0,225.0,-1.3531005859374972,10.646899414062505,Leave_One_experiments/all_year_offline_schedule_search/daily_outputs/HLA/HLA_2015_HLA2015_normal_grid_S0022_daily.csv
HLA,HLA,Hailun,2015,Leave_One_experiments\wth_generated_qc\HLA\HLA2015.WTH,dry_year;nitrogen_stress_year;low_response_year,dry,HLA2015_normal_grid_S0022,top_yield,2015-05-08,128,9,4,"{""sim_day"": 9.0, ""doy"": 128.0, ""topwt"": 0.0, ""grnwt"": 0.0, ""xlai"": 0.0, ""totir"": 0.0, ""tofer"": NaN, ""swfac"": 0.0, ""nstres"": 0.0}",0.0,0.0,0.0,0.0,0.0,0.0,,0.0,0.0,30.0,225.0,-1.3531005859374972,10.646899414062505,Leave_One_experiments/all_year_offline_schedule_search/daily_outputs/HLA/HLA_2015_HLA2015_normal_grid_S0022_daily.csv
HLA,HLA,Hailun,2015,Leave_One_experiments\wth_generated_qc\HLA\HLA2015.WTH,dry_year;nitrogen_stress_year;low_response_year,dry,HLA2015_normal_grid_S0022,top_yield,2015-05-09,129,10,5,"{""sim_day"": 10.0, ""doy"": 129.0, ""topwt"": 0.0, ""grnwt"": 0.0, ""xlai"": 0.0, ""totir"": 0.0, ""tofer"": NaN, ""swfac"": 0.0, ""nstres"": 0.0}",0.0,0.0,0.0,0.0,0.0,0.0,,0.0,0.0,30.0,225.0,-1.3531005859374972,10.646899414062505,Leave_One_experiments/all_year_offline_schedule_search/daily_outputs/HLA/HLA_2015_HLA2015_normal_grid_S0022_daily.csv
HLA,HLA,Hailun,2015,Leave_One_experiments\wth_generated_qc\HLA\HLA2015.WTH,dry_year;nitrogen_stress_year;low_response_year,dry,HLA2015_normal_grid_S0022,top_yield,2015-05-10,130,11,6,"{""sim_day"": 11.0, ""doy"": 130.0, ""topwt"": 0.0, ""grnwt"": 0.0, ""xlai"": 0.0, ""totir"": 0.0, ""tofer"": NaN, ""swfac"": 0.0, ""nstres"": 0.0}",0.0,0.0,0.0,0.0,0.0,0.0,,0.0,0.0,30.0,225.0,-1.3531005859374972,10.646899414062505,Leave_One_experiments/all_year_offline_schedule_search/daily_outputs/HLA/HLA_2015_HLA2015_normal_grid_S0022_daily.csv
HLA,HLA,Hailun,2015,Leave_One_experiments\wth_generated_qc\HLA\HLA2015.WTH,dry_year;nitrogen_stress_year;low_response_year,dry,HLA2015_normal_grid_S0022,top_yield,2015-05-11,131,12,7,"{""sim_day"": 12.0, ""doy"": 131.0, ""topwt"": 0.0, ""grnwt"": 0.0, ""xlai"": 0.0, ""totir"": 0.0, ""tofer"": NaN, ""swfac"": 0.0, ""nstres"": 0.0}",0.0,0.0,0.0,0.0,0.0,0.0,,0.0,0.0,30.0,225.0,-1.3531005859374972,10.646899414062505,Leave_One_experiments/all_year_offline_schedule_search/daily_outputs/HLA/HLA_2015_HLA2015_normal_grid_S0022_daily.csv
HLA,HLA,Hailun,2015,Leave_One_experiments\wth_generated_qc\HLA\HLA2015.WTH,dry_year;nitrogen_stress_year;low_response_year,dry,HLA2015_normal_grid_S0022,top_yield,2015-05-12,132,13,8,"{""sim_day"": 13.0, ""doy"": 132.0, ""topwt"": 0.0, ""grnwt"": 0.0, ""xlai"": 0.0, ""totir"": 0.0, ""tofer"": NaN, ""swfac"": 0.0, ""nstres"": 0.0}",0.0,0.0,0.0,0.0,0.0,0.0,,0.0,0.0,30.0,225.0,-1.3531005859374972,10.646899414062505,Leave_One_experiments/all_year_offline_schedule_search/daily_outputs/HLA/HLA_2015_HLA2015_normal_grid_S0022_daily.csv
HLA,HLA,Hailun,2015,Leave_One_experiments\wth_generated_qc\HLA\HLA2015.WTH,dry_year;nitrogen_stress_year;low_response_year,dry,HLA2015_normal_grid_S0022,top_yield,2015-05-13,133,14,9,"{""sim_day"": 14.0, ""doy"": 133.0, ""topwt"": 0.0, ""grnwt"": 0.0, ""xlai"": 0.0, ""totir"": 0.0, ""tofer"": NaN, ""swfac"": 0.0, ""nstres"": 0.0}",0.0,0.0,0.0,0.0,0.0,0.0,,0.0,0.0,30.0,225.0,-1.3531005859374972,10.646899414062505,Leave_One_experiments/all_year_offline_schedule_search/daily_outputs/HLA/HLA_2015_HLA2015_normal_grid_S0022_daily.csv
HLA,HLA,Hailun,2015,Leave_One_experiments\wth_generated_qc\HLA\HLA2015.WTH,dry_year;nitrogen_stress_year;low_response_year,dry,HLA2015_normal_grid_S0022,top_yield,2015-05-14,134,15,10,"{""sim_day"": 15.0, ""doy"": 134.0, ""topwt"": 0.0, ""grnwt"": 0.0, ""xlai"": 0.0, ""totir"": 0.0, ""tofer"": NaN, ""swfac"": 0.0, ""nstres"": 0.0}",0.0,0.0,0.0,0.0,0.0,0.0,,0.0,0.0,30.0,225.0,-1.3531005859374972,10.646899414062505,Leave_One_experiments/all_year_offline_schedule_search/daily_outputs/HLA/HLA_2015_HLA2015_normal_grid_S0022_daily.csv
HLA,HLA,Hailun,2015,Leave_One_experiments\wth_generated_qc\HLA\HLA2015.WTH,dry_year;nitrogen_stress_year;low_response_year,dry,HLA2015_normal_grid_S0022,top_yield,2015-05-15,135,16,11,"{""sim_day"": 16.0, ""doy"": 135.0, ""topwt"": 0.0, ""grnwt"": 0.0, ""xlai"": 0.0, ""totir"": 0.0, ""tofer"": NaN, ""swfac"": 0.0, ""nstres"": 0.0}",0.0,0.0,0.0,0.0,0.0,0.0,,0.0,0.0,30.0,225.0,-1.3531005859374972,10.646899414062505,Leave_One_experiments/all_year_offline_schedule_search/daily_outputs/HLA/HLA_2015_HLA2015_normal_grid_S0022_daily.csv
HLA,HLA,Hailun,2015,Leave_One_experiments\wth_generated_qc\HLA\HLA2015.WTH,dry_year;nitrogen_stress_year;low_response_year,dry,HLA2015_normal_grid_S0022,top_yield,2015-05-16,136,17,12,"{""sim_day"": 17.0, ""doy"": 136.0, ""topwt"": 0.0, ""grnwt"": 0.0, ""xlai"": 0.0, ""totir"": 0.0, ""tofer"": NaN, ""swfac"": 0.0, ""nstres"": 0.0}",0.0,0.0,0.0,0.0,0.0,0.0,,0.0,0.0,30.0,225.0,-1.3531005859374972,10.646899414062505,Leave_One_experiments/all_year_offline_schedule_search/daily_outputs/HLA/HLA_2015_HLA2015_normal_grid_S0022_daily.csv
HLA,HLA,Hailun,2015,Leave_One_experiments\wth_generated_qc\HLA\HLA2015.WTH,dry_year;nitrogen_stress_year;low_response_year,dry,HLA2015_normal_grid_S0022,top_yield,2015-05-17,137,18,13,"{""sim_day"": 18.0, ""doy"": 137.0, ""topwt"": 0.0, ""grnwt"": 0.0, ""xlai"": 0.0, ""totir"": 0.0, ""tofer"": NaN, ""swfac"": 0.0, ""nstres"": 0.0}",0.0,0.0,0.0,0.0,0.0,0.0,,0.0,0.0,30.0,225.0,-1.3531005859374972,10.646899414062505,Leave_One_experiments/all_year_offline_schedule_search/daily_outputs/HLA/HLA_2015_HLA2015_normal_grid_S0022_daily.csv
HLA,HLA,Hailun,2015,Leave_One_experiments\wth_generated_qc\HLA\HLA2015.WTH,dry_year;nitrogen_stress_year;low_response_year,dry,HLA2015_normal_grid_S0022,top_yield,2015-05-18,138,19,14,"{""sim_day"": 19.0, ""doy"": 138.0, ""topwt"": 0.0, ""grnwt"": 0.0, ""xlai"": 0.0, ""totir"": 0.0, ""tofer"": NaN, ""swfac"": 0.0, ""nstres"": 0.0}",0.0,0.0,0.0,0.0,0.0,0.0,,0.0,0.0,30.0,225.0,-1.3531005859374972,10.646899414062505,Leave_One_experiments/all_year_offline_schedule_search/daily_outputs/HLA/HLA_2015_HLA2015_normal_grid_S0022_daily.csv
HLA,HLA,Hailun,2015,Leave_One_experiments\wth_generated_qc\HLA\HLA2015.WTH,dry_year;nitrogen_stress_year;low_response_year,dry,HLA2015_normal_grid_S0022,top_yield,2015-05-19,139,20,15,"{""sim_day"": 20.0, ""doy"": 139.0, ""topwt"": 0.0, ""grnwt"": 0.0, ""xlai"": 0.0, ""totir"": 0.0, ""tofer"": NaN, ""swfac"": 0.0, ""nstres"": 0.0}",0.0,0.0,0.0,0.0,0.0,0.0,,0.0,0.0,30.0,225.0,-1.3531005859374972,10.646899414062505,Leave_One_experiments/all_year_offline_schedule_search/daily_outputs/HLA/HLA_2015_HLA2015_normal_grid_S0022_daily.csv
HLA,HLA,Hailun,2015,Leave_One_experiments\wth_generated_qc\HLA\HLA2015.WTH,dry_year;nitrogen_stress_year;low_response_year,dry,HLA2015_normal_grid_S0022,top_yield,2015-05-20,140,21,16,"{""sim_day"": 21.0, ""doy"": 140.0, ""topwt"": 0.0, ""grnwt"": 0.0, ""xlai"": 0.0, ""totir"": 0.0, ""tofer"": NaN, ""swfac"": 0.0, ""nstres"": 0.0}",0.0,0.0,0.0,0.0,0.0,0.0,,0.0,0.0,30.0,225.0,-1.3531005859374972,10.646899414062505,Leave_One_experiments/all_year_offline_schedule_search/daily_outputs/HLA/HLA_2015_HLA2015_normal_grid_S0022_daily.csv
HLA,HLA,Hailun,2015,Leave_One_experiments\wth_generated_qc\HLA\HLA2015.WTH,dry_year;nitrogen_stress_year;low_response_year,dry,HLA2015_normal_grid_S0022,top_yield,2015-05-21,141,22,17,"{""sim_day"": 22.0, ""doy"": 141.0, ""topwt"": 0.0, ""grnwt"": 0.0, ""xlai"": 0.0, ""totir"": 0.0, ""tofer"": NaN, ""swfac"": 0.0, ""nstres"": 0.0}",0.0,0.0,0.0,0.0,0.0,0.0,,0.0,0.0,30.0,225.0,-1.3531005859374972,10.646899414062505,Leave_One_experiments/all_year_offline_schedule_search/daily_outputs/HLA/HLA_2015_HLA2015_normal_grid_S0022_daily.csv
HLA,HLA,Hailun,2015,Leave_One_experiments\wth_generated_qc\HLA\HLA2015.WTH,dry_year;nitrogen_stress_year;low_response_year,dry,HLA2015_normal_grid_S0022,top_yield,2015-05-22,142,23,18,"{""sim_day"": 23.0, ""doy"": 142.0, ""topwt"": 20.0, ""grnwt"": 0.0, ""xlai"": 0.0019517545588314, ""totir"": 0.0, ""tofer"": NaN, ""swfac"": 0.0, ""nstres"": 0.0121910572052001}",0.0,0.0121910572052001,20.0,0.0,0.0019517545588314,0.0,,0.0,0.0,30.0,225.0,-1.3531005859374972,10.646899414062505,Leave_One_experiments/all_year_offline_schedule_search/daily_outputs/HLA/HLA_2015_HLA2015_normal_grid_S0022_daily.csv
HLA,HLA,Hailun,2015,Leave_One_experiments\wth_generated_qc\HLA\HLA2015.WTH,dry_year;nitrogen_stress_year;low_response_year,dry,HLA2015_normal_grid_S0022,top_yield,2015-05-23,143,24,19,"{""sim_day"": 24.0, ""doy"": 143.0, ""topwt"": 20.0, ""grnwt"": 0.0, ""xlai"": 0.0042526642791926, ""totir"": 0.0, ""tofer"": NaN, ""swfac"": 0.0, ""nstres"": 0.01454758644104}",0.0,0.01454758644104,20.0,0.0,0.0042526642791926,0.0,,0.0,0.0,30.0,225.0,-1.3531005859374972,10.646899414062505,Leave_One_experiments/all_year_offline_schedule_search/daily_outputs/HLA/HLA_2015_HLA2015_normal_grid_S0022_daily.csv
HLA,HLA,Hailun,2015,Leave_One_experiments\wth_generated_qc\HLA\HLA2015.WTH,dry_year;nitrogen_stress_year;low_response_year,dry,HLA2015_normal_grid_S0022,top_yield,2015-05-24,144,25,20,"{""sim_day"": 25.0, ""doy"": 144.0, ""topwt"": 20.0, ""grnwt"": 0.0, ""xlai"": 0.0052991057746112, ""totir"": 0.0, ""tofer"": NaN, ""swfac"": 0.0, ""nstres"": 0.0123004913330078}",0.0,0.0123004913330078,20.0,0.0,0.0052991057746112,0.0,,0.0,0.0,30.0,225.0,-1.3531005859374972,10.646899414062505,Leave_One_experiments/all_year_offline_schedule_search/daily_outputs/HLA/HLA_2015_HLA2015_normal_grid_S0022_daily.csv
HLA,HLA,Hailun,2015,Leave_One_experiments\wth_generated_qc\HLA\HLA2015.WTH,dry_year;nitrogen_stress_year;low_response_year,dry,HLA2015_normal_grid_S0022,top_yield,2015-05-25,145,26,21,"{""sim_day"": 26.0, ""doy"": 145.0, ""topwt"": 20.0, ""grnwt"": 0.0, ""xlai"": 0.0066870832815766, ""totir"": 0.0, ""tofer"": NaN, ""swfac"": 0.0, ""nstres"": 0.0095220208168029}",0.0,0.0095220208168029,20.0,0.0,0.0066870832815766,0.0,,0.0,0.0,30.0,225.0,-1.3531005859374972,10.646899414062505,Leave_One_experiments/all_year_offline_schedule_search/daily_outputs/HLA/HLA_2015_HLA2015_normal_grid_S0022_daily.csv
HLA,HLA,Hailun,2015,Leave_One_experiments\wth_generated_qc\HLA\HLA2015.WTH,dry_year;nitrogen_stress_year;low_response_year,dry,HLA2015_normal_grid_S0022,top_yield,2015-05-26,146,27,22,"{""sim_day"": 27.0, ""doy"": 146.0, ""topwt"": 20.0, ""grnwt"": 0.0, ""xlai"": 0.0091514894738793, ""totir"": 0.0, ""tofer"": NaN, ""swfac"": 0.0, ""nstres"": 0.0050685405731201}",0.0,0.0050685405731201,20.0,0.0,0.0091514894738793,0.0,,0.0,0.0,30.0,225.0,-1.3531005859374972,10.646899414062505,Leave_One_experiments/all_year_offline_schedule_search/daily_outputs/HLA/HLA_2015_HLA2015_normal_grid_S0022_daily.csv
HLA,HLA,Hailun,2015,Leave_One_experiments\wth_generated_qc\HLA\HLA2015.WTH,dry_year;nitrogen_stress_year;low_response_year,dry,HLA2015_normal_grid_S0022,top_yield,2015-05-27,147,28,23,"{""sim_day"": 28.0, ""doy"": 147.0, ""topwt"": 20.0, ""grnwt"": 0.0, ""xlai"": 0.0117484796792268, ""totir"": 0.0, ""tofer"": NaN, ""swfac"": 0.0, ""nstres"": 0.0006848573684692}",0.0,0.0006848573684692,20.0,0.0,0.0117484796792268,0.0,,0.0,0.0,30.0,225.0,-1.3531005859374972,10.646899414062505,Leave_One_experiments/all_year_offline_schedule_search/daily_outputs/HLA/HLA_2015_HLA2015_normal_grid_S0022_daily.csv
HLA,HLA,Hailun,2015,Leave_One_experiments\wth_generated_qc\HLA\HLA2015.WTH,dry_year;nitrogen_stress_year;low_response_year,dry,HLA2015_normal_grid_S0022,top_yield,2015-05-28,148,29,24,"{""sim_day"": 29.0, ""doy"": 148.0, ""topwt"": 20.0, ""grnwt"": 0.0, ""xlai"": 0.0149262603372335, ""totir"": 0.0, ""tofer"": NaN, ""swfac"": 0.0, ""nstres"": 0.0}",0.0,0.0,20.0,0.0,0.0149262603372335,0.0,,0.0,0.0,30.0,225.0,-1.3531005859374972,10.646899414062505,Leave_One_experiments/all_year_offline_schedule_search/daily_outputs/HLA/HLA_2015_HLA2015_normal_grid_S0022_daily.csv
HLA,HLA,Hailun,2015,Leave_One_experiments\wth_generated_qc\HLA\HLA2015.WTH,dry_year;nitrogen_stress_year;low_response_year,dry,HLA2015_normal_grid_S0022,top_yield,2015-05-29,149,30,25,"{""sim_day"": 30.0, ""doy"": 149.0, ""topwt"": 20.0, ""grnwt"": 0.0, ""xlai"": 0.0212068930268287, ""totir"": 0.0, ""tofer"": NaN, ""swfac"": 0.0, ""nstres"": 0.0}",0.0,0.0,20.0,0.0,0.0212068930268287,0.0,,0.0,0.0,30.0,225.0,-1.3531005859374972,10.646899414062505,Leave_One_experiments/all_year_offline_schedule_search/daily_outputs/HLA/HLA_2015_HLA2015_normal_grid_S0022_daily.csv
HLA,HLA,Hailun,2015,Leave_One_experiments\wth_generated_qc\HLA\HLA2015.WTH,dry_year;nitrogen_stress_year;low_response_year,dry,HLA2015_normal_grid_S0022,top_yield,2015-05-30,150,31,26,"{""sim_day"": 31.0, ""doy"": 150.0, ""topwt"": 20.0, ""grnwt"": 0.0, ""xlai"": 0.0287809111177921, ""totir"": 0.0, ""tofer"": NaN, ""swfac"": 0.0, ""nstres"": 0.0}",0.0,0.0,20.0,0.0,0.0287809111177921,0.0,,0.0,0.0,30.0,225.0,-1.3531005859374972,10.646899414062505,Leave_One_experiments/all_year_offline_schedule_search/daily_outputs/HLA/HLA_2015_HLA2015_normal_grid_S0022_daily.csv
HLA,HLA,Hailun,2015,Leave_One_experiments\wth_generated_qc\HLA\HLA2015.WTH,dry_year;nitrogen_stress_year;low_response_year,dry,HLA2015_normal_grid_S0022,top_yield,2015-05-31,151,32,27,"{""sim_day"": 32.0, ""doy"": 151.0, ""topwt"": 20.726678371429443, ""grnwt"": 0.0, ""xlai"": 0.0362971499562263, ""totir"": 0.0, ""tofer"": NaN, ""swfac"": 0.0, ""nstres"": 0.0}",0.0,0.0,20.726678371429443,0.0,0.0362971499562263,0.0,,0.0,0.0,30.0,225.0,-1.3531005859374972,10.646899414062505,Leave_One_experiments/all_year_offline_schedule_search/daily_outputs/HLA/HLA_2015_HLA2015_normal_grid_S0022_daily.csv
HLA,HLA,Hailun,2015,Leave_One_experiments\wth_generated_qc\HLA\HLA2015.WTH,dry_year;nitrogen_stress_year;low_response_year,dry,HLA2015_normal_grid_S0022,top_yield,2015-06-01,152,33,28,"{""sim_day"": 33.0, ""doy"": 152.0, ""topwt"": 23.977515697479248, ""grnwt"": 0.0, ""xlai"": 0.0448262766003608, ""totir"": 0.0, ""tofer"": NaN, ""swfac"": 0.0, ""nstres"": 0.0}",0.0,0.0,23.977515697479248,0.0,0.0448262766003608,0.0,,0.0,0.0,30.0,225.0,-1.3531005859374972,10.646899414062505,Leave_One_experiments/all_year_offline_schedule_search/daily_outputs/HLA/HLA_2015_HLA2015_normal_grid_S0022_daily.csv
HLA,HLA,Hailun,2015,Leave_One_experiments\wth_generated_qc\HLA\HLA2015.WTH,dry_year;nitrogen_stress_year;low_response_year,dry,HLA2015_normal_grid_S0022,top_yield,2015-06-02,153,34,29,"{""sim_day"": 34.0, ""doy"": 153.0, ""topwt"": 28.848648071289062, ""grnwt"": 0.0, ""xlai"": 0.0568868331611156, ""totir"": 0.0, ""tofer"": NaN, ""swfac"": 0.0, ""nstres"": 0.0}",0.0,0.0,28.848648071289062,0.0,0.0568868331611156,0.0,,0.0,0.0,30.0,225.0,-1.3531005859374972,10.646899414062505,Leave_One_experiments/all_year_offline_schedule_search/daily_outputs/HLA/HLA_2015_HLA2015_normal_grid_S0022_daily.csv
HLA,HLA,Hailun,2015,Leave_One_experiments\wth_generated_qc\HLA\HLA2015.WTH,dry_year;nitrogen_stress_year;low_response_year,dry,HLA2015_normal_grid_S0022,top_yield,2015-06-03,154,35,30,"{""sim_day"": 35.0, ""doy"": 154.0, ""topwt"": 35.39210319519043, ""grnwt"": 0.0, ""xlai"": 0.072124995291233, ""totir"": 0.0, ""tofer"": NaN, ""swfac"": 0.0, ""nstres"": 0.0}",0.0,0.0,35.39210319519043,0.0,0.072124995291233,0.0,,0.0,75.0,30.0,225.0,-1.3531005859374972,10.646899414062505,Leave_One_experiments/all_year_offline_schedule_search/daily_outputs/HLA/HLA_2015_HLA2015_normal_grid_S0022_daily.csv
HLA,HLA,Hailun,2015,Leave_One_experiments\wth_generated_qc\HLA\HLA2015.WTH,dry_year;nitrogen_stress_year;low_response_year,dry,HLA2015_normal_grid_S0022,top_yield,2015-06-04,155,36,31,"{""sim_day"": 36.0, ""doy"": 155.0, ""topwt"": 41.76493644714356, ""grnwt"": 0.0, ""xlai"": 0.0861963257193565, ""totir"": 0.0, ""tofer"": NaN, ""swfac"": 0.0, ""nstres"": 0.0}",0.0,0.0,41.76493644714356,0.0,0.0861963257193565,0.0,,0.0,0.0,30.0,225.0,-1.3531005859374972,10.646899414062505,Leave_One_experiments/all_year_offline_schedule_search/daily_outputs/HLA/HLA_2015_HLA2015_normal_grid_S0022_daily.csv
HLA,HLA,Hailun,2015,Leave_One_experiments\wth_generated_qc\HLA\HLA2015.WTH,dry_year;nitrogen_stress_year;low_response_year,dry,HLA2015_normal_grid_S0022,top_yield,2015-06-05,156,37,32,"{""sim_day"": 37.0, ""doy"": 156.0, ""topwt"": 46.28744602203369, ""grnwt"": 0.0, ""xlai"": 0.0958240628242492, ""totir"": 0.0, ""tofer"": NaN, ""swfac"": 0.0, ""nstres"": 0.0}",0.0,0.0,46.28744602203369,0.0,0.0958240628242492,0.0,,0.0,0.0,30.0,225.0,-1.3531005859374972,10.646899414062505,Leave_One_experiments/all_year_offline_schedule_search/daily_outputs/HLA/HLA_2015_HLA2015_normal_grid_S0022_daily.csv
HLA,HLA,Hailun,2015,Leave_One_experiments\wth_generated_qc\HLA\HLA2015.WTH,dry_year;nitrogen_stress_year;low_response_year,dry,HLA2015_normal_grid_S0022,top_yield,2015-06-06,157,38,33,"{""sim_day"": 38.0, ""doy"": 157.0, ""topwt"": 50.94032287597656, ""grnwt"": 0.0, ""xlai"": 0.105472519993782, ""totir"": 0.0, ""tofer"": NaN, ""swfac"": 0.0, ""nstres"": 0.0}",0.0,0.0,50.94032287597656,0.0,0.105472519993782,0.0,,0.0,0.0,30.0,225.0,-1.3531005859374972,10.646899414062505,Leave_One_experiments/all_year_offline_schedule_search/daily_outputs/HLA/HLA_2015_HLA2015_normal_grid_S0022_daily.csv
HLA,HLA,Hailun,2015,Leave_One_experiments\wth_generated_qc\HLA\HLA2015.WTH,dry_year;nitrogen_stress_year;low_response_year,dry,HLA2015_normal_grid_S0022,top_yield,2015-06-07,158,39,34,"{""sim_day"": 39.0, ""doy"": 158.0, ""topwt"": 57.61742115020752, ""grnwt"": 0.0, ""xlai"": 0.1189326718449592, ""totir"": 0.0, ""tofer"": NaN, ""swfac"": 0.0, ""nstres"": 0.0}",0.0,0.0,57.61742115020752,0.0,0.1189326718449592,0.0,,0.0,0.0,30.0,225.0,-1.3531005859374972,10.646899414062505,Leave_One_experiments/all_year_offline_schedule_search/daily_outputs/HLA/HLA_2015_HLA2015_normal_grid_S0022_daily.csv
HLA,HLA,Hailun,2015,Leave_One_experiments\wth_generated_qc\HLA\HLA2015.WTH,dry_year;nitrogen_stress_year;low_response_year,dry,HLA2015_normal_grid_S0022,top_yield,2015-06-08,159,40,35,"{""sim_day"": 40.0, ""doy"": 159.0, ""topwt"": 65.71531772613525, ""grnwt"": 0.0, ""xlai"": 0.1347425729036331, ""totir"": 0.0, ""tofer"": NaN, ""swfac"": 0.0, ""nstres"": 0.0}",0.0,0.0,65.71531772613525,0.0,0.1347425729036331,0.0,,0.0,0.0,30.0,225.0,-1.3531005859374972,10.646899414062505,Leave_One_experiments/all_year_offline_schedule_search/daily_outputs/HLA/HLA_2015_HLA2015_normal_grid_S0022_daily.csv
HLA,HLA,Hailun,2015,Leave_One_experiments\wth_generated_qc\HLA\HLA2015.WTH,dry_year;nitrogen_stress_year;low_response_year,dry,HLA2015_normal_grid_S0022,top_yield,2015-06-09,160,41,36,"{""sim_day"": 41.0, ""doy"": 160.0, ""topwt"": 77.93329238891602, ""grnwt"": 0.0, ""xlai"": 0.1577264368534088, ""totir"": 0.0, ""tofer"": NaN, ""swfac"": 0.0, ""nstres"": 0.0}",0.0,0.0,77.93329238891602,0.0,0.1577264368534088,0.0,,0.0,0.0,30.0,225.0,-1.3531005859374972,10.646899414062505,Leave_One_experiments/all_year_offline_schedule_search/daily_outputs/HLA/HLA_2015_HLA2015_normal_grid_S0022_daily.csv
HLA,HLA,Hailun,2015,Leave_One_experiments\wth_generated_qc\HLA\HLA2015.WTH,dry_year;nitrogen_stress_year;low_response_year,dry,HLA2015_normal_grid_S0022,top_yield,2015-06-10,161,42,37,"{""sim_day"": 42.0, ""doy"": 161.0, ""topwt"": 92.70647048950195, ""grnwt"": 0.0, ""xlai"": 0.1843954473733902, ""totir"": 0.0, ""tofer"": NaN, ""swfac"": 0.0, ""nstres"": 0.0}",0.0,0.0,92.70647048950195,0.0,0.1843954473733902,0.0,,0.0,0.0,30.0,225.0,-1.3531005859374972,10.646899414062505,Leave_One_experiments/all_year_offline_schedule_search/daily_outputs/HLA/HLA_2015_HLA2015_normal_grid_S0022_daily.csv
HLA,HLA,Hailun,2015,Leave_One_experiments\wth_generated_qc\HLA\HLA2015.WTH,dry_year;nitrogen_stress_year;low_response_year,dry,HLA2015_normal_grid_S0022,top_yield,2015-06-11,162,43,38,"{""sim_day"": 43.0, ""doy"": 162.0, ""topwt"": 108.83733749389648, ""grnwt"": 0.0, ""xlai"": 0.2123979181051254, ""totir"": 0.0, ""tofer"": NaN, ""swfac"": 0.0, ""nstres"": 0.0}",0.0,0.0,108.83733749389648,0.0,0.2123979181051254,0.0,,0.0,0.0,30.0,225.0,-1.3531005859374972,10.646899414062505,Leave_One_experiments/all_year_offline_schedule_search/daily_outputs/HLA/HLA_2015_HLA2015_normal_grid_S0022_daily.csv
HLA,HLA,Hailun,2015,Leave_One_experiments\wth_generated_qc\HLA\HLA2015.WTH,dry_year;nitrogen_stress_year;low_response_year,dry,HLA2015_normal_grid_S0022,top_yield,2015-06-12,163,44,39,"{""sim_day"": 44.0, ""doy"": 163.0, ""topwt"": 128.6435317993164, ""grnwt"": 0.0, ""xlai"": 0.2455031871795654, ""totir"": 0.0, ""tofer"": NaN, ""swfac"": 0.0, ""nstres"": 0.0}",0.0,0.0,128.6435317993164,0.0,0.2455031871795654,0.0,,0.0,0.0,30.0,225.0,-1.3531005859374972,10.646899414062505,Leave_One_experiments/all_year_offline_schedule_search/daily_outputs/HLA/HLA_2015_HLA2015_normal_grid_S0022_daily.csv
HLA,HLA,Hailun,2015,Leave_One_experiments\wth_generated_qc\HLA\HLA2015.WTH,dry_year;nitrogen_stress_year;low_response_year,dry,HLA2015_normal_grid_S0022,top_yield,2015-06-13,164,45,40,"{""sim_day"": 45.0, ""doy"": 164.0, ""topwt"": 147.82906532287598, ""grnwt"": 0.0, ""xlai"": 0.2953105270862579, ""totir"": 0.0, ""tofer"": NaN, ""swfac"": 0.0, ""nstres"": 0.0}",0.0,0.0,147.82906532287598,0.0,0.2953105270862579,0.0,,0.0,0.0,30.0,225.0,-1.3531005859374972,10.646899414062505,Leave_One_experiments/all_year_offline_schedule_search/daily_outputs/HLA/HLA_2015_HLA2015_normal_grid_S0022_daily.csv
HLA,HLA,Hailun,2015,Leave_One_experiments\wth_generated_qc\HLA\HLA2015.WTH,dry_year;nitrogen_stress_year;low_response_year,dry,HLA2015_normal_grid_S0022,top_yield,2015-06-14,165,46,41,"{""sim_day"": 46.0, ""doy"": 165.0, ""topwt"": 187.4351692199707, ""grnwt"": 0.0, ""xlai"": 0.3607876896858215, ""totir"": 0.0, ""tofer"": NaN, ""swfac"": 0.0, ""nstres"": 0.0020726323127746}",0.0,0.0020726323127746,187.4351692199707,0.0,0.3607876896858215,0.0,,0.0,0.0,30.0,225.0,-1.3531005859374972,10.646899414062505,Leave_One_experiments/all_year_offline_schedule_search/daily_outputs/HLA/HLA_2015_HLA2015_normal_grid_S0022_daily.csv
HLA,HLA,Hailun,2015,Leave_One_experiments\wth_generated_qc\HLA\HLA2015.WTH,dry_year;nitrogen_stress_year;low_response_year,dry,HLA2015_normal_grid_S0022,top_yield,2015-06-15,166,47,42,"{""sim_day"": 47.0, ""doy"": 166.0, ""topwt"": 238.6933135986328, ""grnwt"": 0.0, ""xlai"": 0.4411228001117706, ""totir"": 0.0, ""tofer"": NaN, ""swfac"": 0.0, ""nstres"": 0.0}",0.0,0.0,238.6933135986328,0.0,0.4411228001117706,0.0,,0.0,0.0,30.0,225.0,-1.3531005859374972,10.646899414062505,Leave_One_experiments/all_year_offline_schedule_search/daily_outputs/HLA/HLA_2015_HLA2015_normal_grid_S0022_daily.csv
HLA,HLA,Hailun,2015,Leave_One_experiments\wth_generated_qc\HLA\HLA2015.WTH,dry_year;nitrogen_stress_year;low_response_year,dry,HLA2015_normal_grid_S0022,top_yield,2015-06-16,167,48,43,"{""sim_day"": 48.0, ""doy"": 167.0, ""topwt"": 290.3912734985352, ""grnwt"": 0.0, ""xlai"": 0.5183335542678833, ""totir"": 0.0, ""tofer"": NaN, ""swfac"": 0.0, ""nstres"": 0.0}",0.0,0.0,290.3912734985352,0.0,0.5183335542678833,0.0,,0.0,0.0,30.0,225.0,-1.3531005859374972,10.646899414062505,Leave_One_experiments/all_year_offline_schedule_search/daily_outputs/HLA/HLA_2015_HLA2015_normal_grid_S0022_daily.csv
HLA,HLA,Hailun,2015,Leave_One_experiments\wth_generated_qc\HLA\HLA2015.WTH,dry_year;nitrogen_stress_year;low_response_year,dry,HLA2015_normal_grid_S0022,top_yield,2015-06-17,168,49,44,"{""sim_day"": 49.0, ""doy"": 168.0, ""topwt"": 343.1085968017578, ""grnwt"": 0.0, ""xlai"": 0.5939877033233643, ""totir"": 0.0, ""tofer"": NaN, ""swfac"": 0.0, ""nstres"": 0.0}",0.0,0.0,343.1085968017578,0.0,0.5939877033233643,0.0,,0.0,0.0,30.0,225.0,-1.3531005859374972,10.646899414062505,Leave_One_experiments/all_year_offline_schedule_search/daily_outputs/HLA/HLA_2015_HLA2015_normal_grid_S0022_daily.csv
HLA,HLA,Hailun,2015,Leave_One_experiments\wth_generated_qc\HLA\HLA2015.WTH,dry_year;nitrogen_stress_year;low_response_year,dry,HLA2015_normal_grid_S0022,top_yield,2015-06-18,169,50,45,"{""sim_day"": 50.0, ""doy"": 169.0, ""topwt"": 400.7585144042969, ""grnwt"": 0.0, ""xlai"": 0.6738418936729431, ""totir"": 0.0, ""tofer"": NaN, ""swfac"": 0.0, ""nstres"": 0.0}",0.0,0.0,400.7585144042969,0.0,0.6738418936729431,0.0,,0.0,0.0,30.0,225.0,-1.3531005859374972,10.646899414062505,Leave_One_experiments/all_year_offline_schedule_search/daily_outputs/HLA/HLA_2015_HLA2015_normal_grid_S0022_daily.csv
HLA,HLA,Hailun,2015,Leave_One_experiments\wth_generated_qc\HLA\HLA2015.WTH,dry_year;nitrogen_stress_year;low_response_year,dry,HLA2015_normal_grid_S0022,top_yield,2015-06-19,170,51,46,"{""sim_day"": 51.0, ""doy"": 170.0, ""topwt"": 459.687728881836, ""grnwt"": 0.0, ""xlai"": 0.7528884410858154, ""totir"": 0.0, ""tofer"": NaN, ""swfac"": 0.0, ""nstres"": 0.0}",0.0,0.0,459.687728881836,0.0,0.7528884410858154,0.0,,0.0,0.0,30.0,225.0,-1.3531005859374972,10.646899414062505,Leave_One_experiments/all_year_offline_schedule_search/daily_outputs/HLA/HLA_2015_HLA2015_normal_grid_S0022_daily.csv
HLA,HLA,Hailun,2015,Leave_One_experiments\wth_generated_qc\HLA\HLA2015.WTH,dry_year;nitrogen_stress_year;low_response_year,dry,HLA2015_normal_grid_S0022,top_yield,2015-06-20,171,52,47,"{""sim_day"": 52.0, ""doy"": 171.0, ""topwt"": 534.7988891601562, ""grnwt"": 0.0, ""xlai"": 0.848289430141449, ""totir"": 0.0, ""tofer"": NaN, ""swfac"": 0.0, ""nstres"": 0.0}",0.0,0.0,534.7988891601562,0.0,0.848289430141449,0.0,,0.0,0.0,30.0,225.0,-1.3531005859374972,10.646899414062505,Leave_One_experiments/all_year_offline_schedule_search/daily_outputs/HLA/HLA_2015_HLA2015_normal_grid_S0022_daily.csv
HLA,HLA,Hailun,2015,Leave_One_experiments\wth_generated_qc\HLA\HLA2015.WTH,dry_year;nitrogen_stress_year;low_response_year,dry,HLA2015_normal_grid_S0022,top_yield,2015-06-21,172,53,48,"{""sim_day"": 53.0, ""doy"": 172.0, ""topwt"": 635.9558868408203, ""grnwt"": 0.0, ""xlai"": 0.9790798425674438, ""totir"": 0.0, ""tofer"": NaN, ""swfac"": 0.0, ""nstres"": 0.0}",0.0,0.0,635.9558868408203,0.0,0.9790798425674438,0.0,,0.0,0.0,30.0,225.0,-1.3531005859374972,10.646899414062505,Leave_One_experiments/all_year_offline_schedule_search/daily_outputs/HLA/HLA_2015_HLA2015_normal_grid_S0022_daily.csv
HLA,HLA,Hailun,2015,Leave_One_experiments\wth_generated_qc\HLA\HLA2015.WTH,dry_year;nitrogen_stress_year;low_response_year,dry,HLA2015_normal_grid_S0022,top_yield,2015-06-22,173,54,49,"{""sim_day"": 54.0, ""doy"": 173.0, ""topwt"": 715.9077453613281, ""grnwt"": 0.0, ""xlai"": 1.0782363414764404, ""totir"": 0.0, ""tofer"": NaN, ""swfac"": 0.0, ""nstres"": 0.0}",0.0,0.0,715.9077453613281,0.0,1.0782363414764404,0.0,,0.0,0.0,30.0,225.0,-1.3531005859374972,10.646899414062505,Leave_One_experiments/all_year_offline_schedule_search/daily_outputs/HLA/HLA_2015_HLA2015_normal_grid_S0022_daily.csv
HLA,HLA,Hailun,2015,Leave_One_experiments\wth_generated_qc\HLA\HLA2015.WTH,dry_year;nitrogen_stress_year;low_response_year,dry,HLA2015_normal_grid_S0022,top_yield,2015-06-23,174,55,50,"{""sim_day"": 55.0, ""doy"": 174.0, ""topwt"": 800.6877899169922, ""grnwt"": 0.0, ""xlai"": 1.179302215576172, ""totir"": 0.0, ""tofer"": NaN, ""swfac"": 0.0, ""nstres"": 0.0}",0.0,0.0,800.6877899169922,0.0,1.179302215576172,0.0,,0.0,0.0,30.0,225.0,-1.3531005859374972,10.646899414062505,Leave_One_experiments/all_year_offline_schedule_search/daily_outputs/HLA/HLA_2015_HLA2015_normal_grid_S0022_daily.csv
HLA,HLA,Hailun,2015,Leave_One_experiments\wth_generated_qc\HLA\HLA2015.WTH,dry_year;nitrogen_stress_year;low_response_year,dry,HLA2015_normal_grid_S0022,top_yield,2015-06-24,175,56,51,"{""sim_day"": 56.0, ""doy"": 175.0, ""topwt"": 870.8850860595703, ""grnwt"": 0.0, ""xlai"": 1.2599453926086426, ""totir"": 0.0, ""tofer"": NaN, ""swfac"": 0.0, ""nstres"": 0.0}",0.0,0.0,870.8850860595703,0.0,1.2599453926086426,0.0,,0.0,0.0,30.0,225.0,-1.3531005859374972,10.646899414062505,Leave_One_experiments/all_year_offline_schedule_search/daily_outputs/HLA/HLA_2015_HLA2015_normal_grid_S0022_daily.csv
HLA,HLA,Hailun,2015,Leave_One_experiments\wth_generated_qc\HLA\HLA2015.WTH,dry_year;nitrogen_stress_year;low_response_year,dry,HLA2015_normal_grid_S0022,top_yield,2015-06-25,176,57,52,"{""sim_day"": 57.0, ""doy"": 176.0, ""topwt"": 974.3934631347656, ""grnwt"": 0.0, ""xlai"": 1.3735498189926147, ""totir"": 0.0, ""tofer"": NaN, ""swfac"": 0.0, ""nstres"": 0.0}",0.0,0.0,974.3934631347656,0.0,1.3735498189926147,0.0,,0.0,0.0,30.0,225.0,-1.3531005859374972,10.646899414062505,Leave_One_experiments/all_year_offline_schedule_search/daily_outputs/HLA/HLA_2015_HLA2015_normal_grid_S0022_daily.csv
HLA,HLA,Hailun,2015,Leave_One_experiments\wth_generated_qc\HLA\HLA2015.WTH,dry_year;nitrogen_stress_year;low_response_year,dry,HLA2015_normal_grid_S0022,top_yield,2015-06-26,177,58,53,"{""sim_day"": 58.0, ""doy"": 177.0, ""topwt"": 1082.5773620605469, ""grnwt"": 0.0, ""xlai"": 1.486175298690796, ""totir"": 0.0, ""tofer"": NaN, ""swfac"": 0.0, ""nstres"": 0.0}",0.0,0.0,1082.5773620605469,0.0,1.486175298690796,0.0,,0.0,0.0,30.0,225.0,-1.3531005859374972,10.646899414062505,Leave_One_experiments/all_year_offline_schedule_search/daily_outputs/HLA/HLA_2015_HLA2015_normal_grid_S0022_daily.csv
HLA,HLA,Hailun,2015,Leave_One_experiments\wth_generated_qc\HLA\HLA2015.WTH,dry_year;nitrogen_stress_year;low_response_year,dry,HLA2015_normal_grid_S0022,top_yield,2015-06-27,178,59,54,"{""sim_day"": 59.0, ""doy"": 178.0, ""topwt"": 1180.5221557617188, ""grnwt"": 0.0, ""xlai"": 1.5834426879882812, ""totir"": 0.0, ""tofer"": NaN, ""swfac"": 0.0, ""nstres"": 0.0}",0.0,0.0,1180.5221557617188,0.0,1.5834426879882812,0.0,,0.0,0.0,30.0,225.0,-1.3531005859374972,10.646899414062505,Leave_One_experiments/all_year_offline_schedule_search/daily_outputs/HLA/HLA_2015_HLA2015_normal_grid_S0022_daily.csv
HLA,HLA,Hailun,2015,Leave_One_experiments\wth_generated_qc\HLA\HLA2015.WTH,dry_year;nitrogen_stress_year;low_response_year,dry,HLA2015_normal_grid_S0022,top_yield,2015-06-28,179,60,55,"{""sim_day"": 60.0, ""doy"": 179.0, ""topwt"": 1277.2091674804688, ""grnwt"": 0.0, ""xlai"": 1.6752337217330933, ""totir"": 0.0, ""tofer"": NaN, ""swfac"": 0.0, ""nstres"": 0.0}",0.0,0.0,1277.2091674804688,0.0,1.6752337217330933,0.0,,0.0,0.0,30.0,225.0,-1.3531005859374972,10.646899414062505,Leave_One_experiments/all_year_offline_schedule_search/daily_outputs/HLA/HLA_2015_HLA2015_normal_grid_S0022_daily.csv
HLA,HLA,Hailun,2015,Leave_One_experiments\wth_generated_qc\HLA\HLA2015.WTH,dry_year;nitrogen_stress_year;low_response_year,dry,HLA2015_normal_grid_S0022,top_yield,2015-06-29,180,61,56,"{""sim_day"": 61.0, ""doy"": 180.0, ""topwt"": 1363.3567810058594, ""grnwt"": 0.0, ""xlai"": 1.7537997961044312, ""totir"": 0.0, ""tofer"": NaN, ""swfac"": 0.0, ""nstres"": 0.0}",0.0,0.0,1363.3567810058594,0.0,1.7537997961044312,0.0,,0.0,0.0,30.0,225.0,-1.3531005859374972,10.646899414062505,Leave_One_experiments/all_year_offline_schedule_search/daily_outputs/HLA/HLA_2015_HLA2015_normal_grid_S0022_daily.csv
HLA,HLA,Hailun,2015,Leave_One_experiments\wth_generated_qc\HLA\HLA2015.WTH,dry_year;nitrogen_stress_year;low_response_year,dry,HLA2015_normal_grid_S0022,top_yield,2015-06-30,181,62,57,"{""sim_day"": 62.0, ""doy"": 181.0, ""topwt"": 1457.8068542480469, ""grnwt"": 0.0, ""xlai"": 1.8364261388778689, ""totir"": 0.0, ""tofer"": NaN, ""swfac"": 0.0, ""nstres"": 0.0}",0.0,0.0,1457.8068542480469,0.0,1.8364261388778689,0.0,,0.0,0.0,30.0,225.0,-1.3531005859374972,10.646899414062505,Leave_One_experiments/all_year_offline_schedule_search/daily_outputs/HLA/HLA_2015_HLA2015_normal_grid_S0022_daily.csv
HLA,HLA,Hailun,2015,Leave_One_experiments\wth_generated_qc\HLA\HLA2015.WTH,dry_year;nitrogen_stress_year;low_response_year,dry,HLA2015_normal_grid_S0022,top_yield,2015-07-01,182,63,58,"{""sim_day"": 63.0, ""doy"": 182.0, ""topwt"": 1549.1178894042969, ""grnwt"": 0.0, ""xlai"": 1.9131643772125244, ""totir"": 0.0, ""tofer"": NaN, ""swfac"": 0.0, ""nstres"": 0.0}",0.0,0.0,1549.1178894042969,0.0,1.9131643772125244,0.0,,0.0,0.0,30.0,225.0,-1.3531005859374972,10.646899414062505,Leave_One_experiments/all_year_offline_schedule_search/daily_outputs/HLA/HLA_2015_HLA2015_normal_grid_S0022_daily.csv
HLA,HLA,Hailun,2015,Leave_One_experiments\wth_generated_qc\HLA\HLA2015.WTH,dry_year;nitrogen_stress_year;low_response_year,dry,HLA2015_normal_grid_S0022,top_yield,2015-07-02,183,64,59,"{""sim_day"": 64.0, ""doy"": 183.0, ""topwt"": 1645.1309204101562, ""grnwt"": 0.0, ""xlai"": 1.9906448125839236, ""totir"": 0.0, ""tofer"": NaN, ""swfac"": 0.0, ""nstres"": 0.0}",0.0,0.0,1645.1309204101562,0.0,1.9906448125839236,0.0,,0.0,0.0,30.0,225.0,-1.3531005859374972,10.646899414062505,Leave_One_experiments/all_year_offline_schedule_search/daily_outputs/HLA/HLA_2015_HLA2015_normal_grid_S0022_daily.csv
HLA,HLA,Hailun,2015,Leave_One_experiments\wth_generated_qc\HLA\HLA2015.WTH,dry_year;nitrogen_stress_year;low_response_year,dry,HLA2015_normal_grid_S0022,top_yield,2015-07-03,184,65,60,"{""sim_day"": 65.0, ""doy"": 184.0, ""topwt"": 1766.5328979492188, ""grnwt"": 0.0, ""xlai"": 2.0839805603027344, ""totir"": 0.0, ""tofer"": NaN, ""swfac"": 0.0, ""nstres"": 0.0}",0.0,0.0,1766.5328979492188,0.0,2.0839805603027344,0.0,,0.0,75.0,30.0,225.0,-1.3531005859374972,10.646899414062505,Leave_One_experiments/all_year_offline_schedule_search/daily_outputs/HLA/HLA_2015_HLA2015_normal_grid_S0022_daily.csv
HLA,HLA,Hailun,2015,Leave_One_experiments\wth_generated_qc\HLA\HLA2015.WTH,dry_year;nitrogen_stress_year;low_response_year,dry,HLA2015_normal_grid_S0022,top_yield,2015-07-04,185,66,61,"{""sim_day"": 66.0, ""doy"": 185.0, ""topwt"": 1919.6502685546875, ""grnwt"": 0.0, ""xlai"": 2.194995164871216, ""totir"": 0.0, ""tofer"": NaN, ""swfac"": 0.0, ""nstres"": 0.0}",0.0,0.0,1919.6502685546875,0.0,2.194995164871216,0.0,,0.0,0.0,30.0,225.0,-1.3531005859374972,10.646899414062505,Leave_One_experiments/all_year_offline_schedule_search/daily_outputs/HLA/HLA_2015_HLA2015_normal_grid_S0022_daily.csv
HLA,HLA,Hailun,2015,Leave_One_experiments\wth_generated_qc\HLA\HLA2015.WTH,dry_year;nitrogen_stress_year;low_response_year,dry,HLA2015_normal_grid_S0022,top_yield,2015-07-05,186,67,62,"{""sim_day"": 67.0, ""doy"": 186.0, ""topwt"": 2097.75390625, ""grnwt"": 0.0, ""xlai"": 2.315959215164185, ""totir"": 0.0, ""tofer"": NaN, ""swfac"": 0.0, ""nstres"": 0.0}",0.0,0.0,2097.75390625,0.0,2.315959215164185,0.0,,0.0,0.0,30.0,225.0,-1.3531005859374972,10.646899414062505,Leave_One_experiments/all_year_offline_schedule_search/daily_outputs/HLA/HLA_2015_HLA2015_normal_grid_S0022_daily.csv
HLA,HLA,Hailun,2015,Leave_One_experiments\wth_generated_qc\HLA\HLA2015.WTH,dry_year;nitrogen_stress_year;low_response_year,dry,HLA2015_normal_grid_S0022,top_yield,2015-07-06,187,68,63,"{""sim_day"": 68.0, ""doy"": 187.0, ""topwt"": 2298.58642578125, ""grnwt"": 0.0, ""xlai"": 2.443199634552002, ""totir"": 0.0, ""tofer"": NaN, ""swfac"": 0.0, ""nstres"": 0.0}",0.0,0.0,2298.58642578125,0.0,2.443199634552002,0.0,,0.0,0.0,30.0,225.0,-1.3531005859374972,10.646899414062505,Leave_One_experiments/all_year_offline_schedule_search/daily_outputs/HLA/HLA_2015_HLA2015_normal_grid_S0022_daily.csv
HLA,HLA,Hailun,2015,Leave_One_experiments\wth_generated_qc\HLA\HLA2015.WTH,dry_year;nitrogen_stress_year;low_response_year,dry,HLA2015_normal_grid_S0022,top_yield,2015-07-07,188,69,64,"{""sim_day"": 69.0, ""doy"": 188.0, ""topwt"": 2502.1856689453125, ""grnwt"": 0.0, ""xlai"": 2.5638434886932373, ""totir"": 0.0, ""tofer"": NaN, ""swfac"": 0.0, ""nstres"": 0.0}",0.0,0.0,2502.1856689453125,0.0,2.5638434886932373,0.0,,0.0,0.0,30.0,225.0,-1.3531005859374972,10.646899414062505,Leave_One_experiments/all_year_offline_schedule_search/daily_outputs/HLA/HLA_2015_HLA2015_normal_grid_S0022_daily.csv
HLA,HLA,Hailun,2015,Leave_One_experiments\wth_generated_qc\HLA\HLA2015.WTH,dry_year;nitrogen_stress_year;low_response_year,dry,HLA2015_normal_grid_S0022,top_yield,2015-07-08,189,70,65,"{""sim_day"": 70.0, ""doy"": 189.0, ""topwt"": 2735.3472900390625, ""grnwt"": 0.0, ""xlai"": 2.692603826522827, ""totir"": 30.0, ""tofer"": NaN, ""swfac"": 0.0, ""nstres"": 0.0}",0.0,0.0,2735.3472900390625,0.0,2.692603826522827,30.0,,30.0,0.0,30.0,225.0,-1.3531005859374972,10.646899414062505,Leave_One_experiments/all_year_offline_schedule_search/daily_outputs/HLA/HLA_2015_HLA2015_normal_grid_S0022_daily.csv
HLA,HLA,Hailun,2015,Leave_One_experiments\wth_generated_qc\HLA\HLA2015.WTH,dry_year;nitrogen_stress_year;low_response_year,dry,HLA2015_normal_grid_S0022,top_yield,2015-07-09,190,71,66,"{""sim_day"": 71.0, ""doy"": 190.0, ""topwt"": 3007.8082275390625, ""grnwt"": 0.0, ""xlai"": 2.8320565223693848, ""totir"": 30.0, ""tofer"": NaN, ""swfac"": 0.0, ""nstres"": 0.0}",0.0,0.0,3007.8082275390625,0.0,2.8320565223693848,30.0,,0.0,0.0,30.0,225.0,-1.3531005859374972,10.646899414062505,Leave_One_experiments/all_year_offline_schedule_search/daily_outputs/HLA/HLA_2015_HLA2015_normal_grid_S0022_daily.csv
HLA,HLA,Hailun,2015,Leave_One_experiments\wth_generated_qc\HLA\HLA2015.WTH,dry_year;nitrogen_stress_year;low_response_year,dry,HLA2015_normal_grid_S0022,top_yield,2015-07-10,191,72,67,"{""sim_day"": 72.0, ""doy"": 191.0, ""topwt"": 3233.21533203125, ""grnwt"": 0.0, ""xlai"": 2.940168619155884, ""totir"": 30.0, ""tofer"": NaN, ""swfac"": 0.0, ""nstres"": 0.0}",0.0,0.0,3233.21533203125,0.0,2.940168619155884,30.0,,0.0,0.0,30.0,225.0,-1.3531005859374972,10.646899414062505,Leave_One_experiments/all_year_offline_schedule_search/daily_outputs/HLA/HLA_2015_HLA2015_normal_grid_S0022_daily.csv
HLA,HLA,Hailun,2015,Leave_One_experiments\wth_generated_qc\HLA\HLA2015.WTH,dry_year;nitrogen_stress_year;low_response_year,dry,HLA2015_normal_grid_S0022,top_yield,2015-07-11,192,73,68,"{""sim_day"": 73.0, ""doy"": 192.0, ""topwt"": 3482.6492309570312, ""grnwt"": 0.0, ""xlai"": 3.0527548789978027, ""totir"": 30.0, ""tofer"": NaN, ""swfac"": 0.0, ""nstres"": 0.0}",0.0,0.0,3482.6492309570312,0.0,3.0527548789978027,30.0,,0.0,0.0,30.0,225.0,-1.3531005859374972,10.646899414062505,Leave_One_experiments/all_year_offline_schedule_search/daily_outputs/HLA/HLA_2015_HLA2015_normal_grid_S0022_daily.csv
HLA,HLA,Hailun,2015,Leave_One_experiments\wth_generated_qc\HLA\HLA2015.WTH,dry_year;nitrogen_stress_year;low_response_year,dry,HLA2015_normal_grid_S0022,top_yield,2015-07-12,193,74,69,"{""sim_day"": 74.0, ""doy"": 193.0, ""topwt"": 3731.2271118164062, ""grnwt"": 0.0, ""xlai"": 3.158699989318848, ""totir"": 30.0, ""tofer"": NaN, ""swfac"": 0.0, ""nstres"": 0.0}",0.0,0.0,3731.2271118164062,0.0,3.158699989318848,30.0,,0.0,0.0,30.0,225.0,-1.3531005859374972,10.646899414062505,Leave_One_experiments/all_year_offline_schedule_search/daily_outputs/HLA/HLA_2015_HLA2015_normal_grid_S0022_daily.csv
HLA,HLA,Hailun,2015,Leave_One_experiments\wth_generated_qc\HLA\HLA2015.WTH,dry_year;nitrogen_stress_year;low_response_year,dry,HLA2015_normal_grid_S0022,top_yield,2015-07-13,194,75,70,"{""sim_day"": 75.0, ""doy"": 194.0, ""topwt"": 3977.92236328125, ""grnwt"": 0.0, ""xlai"": 3.2583651542663574, ""totir"": 30.0, ""tofer"": NaN, ""swfac"": 0.0, ""nstres"": 0.0}",0.0,0.0,3977.92236328125,0.0,3.2583651542663574,30.0,,0.0,0.0,30.0,225.0,-1.3531005859374972,10.646899414062505,Leave_One_experiments/all_year_offline_schedule_search/daily_outputs/HLA/HLA_2015_HLA2015_normal_grid_S0022_daily.csv
HLA,HLA,Hailun,2015,Leave_One_experiments\wth_generated_qc\HLA\HLA2015.WTH,dry_year;nitrogen_stress_year;low_response_year,dry,HLA2015_normal_grid_S0022,top_yield,2015-07-14,195,76,71,"{""sim_day"": 76.0, ""doy"": 195.0, ""topwt"": 4231.888427734375, ""grnwt"": 0.0, ""xlai"": 3.355811595916748, ""totir"": 30.0, ""tofer"": NaN, ""swfac"": 0.0, ""nstres"": 0.0}",0.0,0.0,4231.888427734375,0.0,3.355811595916748,30.0,,0.0,0.0,30.0,225.0,-1.3531005859374972,10.646899414062505,Leave_One_experiments/all_year_offline_schedule_search/daily_outputs/HLA/HLA_2015_HLA2015_normal_grid_S0022_daily.csv
HLA,HLA,Hailun,2015,Leave_One_experiments\wth_generated_qc\HLA\HLA2015.WTH,dry_year;nitrogen_stress_year;low_response_year,dry,HLA2015_normal_grid_S0022,top_yield,2015-07-15,196,77,72,"{""sim_day"": 77.0, ""doy"": 196.0, ""topwt"": 4597.213439941406, ""grnwt"": 0.0, ""xlai"": 3.563182830810547, ""totir"": 30.0, ""tofer"": NaN, ""swfac"": 0.0, ""nstres"": 0.0}",0.0,0.0,4597.213439941406,0.0,3.563182830810547,30.0,,0.0,0.0,30.0,225.0,-1.3531005859374972,10.646899414062505,Leave_One_experiments/all_year_offline_schedule_search/daily_outputs/HLA/HLA_2015_HLA2015_normal_grid_S0022_daily.csv
HLA,HLA,Hailun,2015,Leave_One_experiments\wth_generated_qc\HLA\HLA2015.WTH,dry_year;nitrogen_stress_year;low_response_year,dry,HLA2015_normal_grid_S0022,top_yield,2015-07-16,197,78,73,"{""sim_day"": 78.0, ""doy"": 197.0, ""topwt"": 4879.7210693359375, ""grnwt"": 0.0, ""xlai"": 3.691861152648926, ""totir"": 30.0, ""tofer"": NaN, ""swfac"": 0.0, ""nstres"": 0.0}",0.0,0.0,4879.7210693359375,0.0,3.691861152648926,30.0,,0.0,0.0,30.0,225.0,-1.3531005859374972,10.646899414062505,Leave_One_experiments/all_year_offline_schedule_search/daily_outputs/HLA/HLA_2015_HLA2015_normal_grid_S0022_daily.csv
HLA,HLA,Hailun,2015,Leave_One_experiments\wth_generated_qc\HLA\HLA2015.WTH,dry_year;nitrogen_stress_year;low_response_year,dry,HLA2015_normal_grid_S0022,top_yield,2015-07-17,198,79,74,"{""sim_day"": 79.0, ""doy"": 198.0, ""topwt"": 5163.682861328125, ""grnwt"": 0.0, ""xlai"": 3.8036179542541504, ""totir"": 30.0, ""tofer"": NaN, ""swfac"": 0.0, ""nstres"": 0.0}",0.0,0.0,5163.682861328125,0.0,3.8036179542541504,30.0,,0.0,0.0,30.0,225.0,-1.3531005859374972,10.646899414062505,Leave_One_experiments/all_year_offline_schedule_search/daily_outputs/HLA/HLA_2015_HLA2015_normal_grid_S0022_daily.csv
HLA,HLA,Hailun,2015,Leave_One_experiments\wth_generated_qc\HLA\HLA2015.WTH,dry_year;nitrogen_stress_year;low_response_year,dry,HLA2015_normal_grid_S0022,top_yield,2015-07-18,199,80,75,"{""sim_day"": 80.0, ""doy"": 199.0, ""topwt"": 5440.9375, ""grnwt"": 0.0, ""xlai"": 3.9014878273010254, ""totir"": 30.0, ""tofer"": NaN, ""swfac"": 0.0, ""nstres"": 0.0}",0.0,0.0,5440.9375,0.0,3.9014878273010254,30.0,,0.0,0.0,30.0,225.0,-1.3531005859374972,10.646899414062505,Leave_One_experiments/all_year_offline_schedule_search/daily_outputs/HLA/HLA_2015_HLA2015_normal_grid_S0022_daily.csv
HLA,HLA,Hailun,2015,Leave_One_experiments\wth_generated_qc\HLA\HLA2015.WTH,dry_year;nitrogen_stress_year;low_response_year,dry,HLA2015_normal_grid_S0022,top_yield,2015-07-19,200,81,76,"{""sim_day"": 81.0, ""doy"": 200.0, ""topwt"": 5741.828002929688, ""grnwt"": 0.0, ""xlai"": 3.9980435371398926, ""totir"": 30.0, ""tofer"": NaN, ""swfac"": 0.0, ""nstres"": 0.0}",0.0,0.0,5741.828002929688,0.0,3.9980435371398926,30.0,,0.0,0.0,30.0,225.0,-1.3531005859374972,10.646899414062505,Leave_One_experiments/all_year_offline_schedule_search/daily_outputs/HLA/HLA_2015_HLA2015_normal_grid_S0022_daily.csv
HLA,HLA,Hailun,2015,Leave_One_experiments\wth_generated_qc\HLA\HLA2015.WTH,dry_year;nitrogen_stress_year;low_response_year,dry,HLA2015_normal_grid_S0022,top_yield,2015-07-20,201,82,77,"{""sim_day"": 82.0, ""doy"": 201.0, ""topwt"": 5995.782470703125, ""grnwt"": 0.0, ""xlai"": 4.074125289916992, ""totir"": 30.0, ""tofer"": NaN, ""swfac"": 0.0, ""nstres"": 0.0}",0.0,0.0,5995.782470703125,0.0,4.074125289916992,30.0,,0.0,0.0,30.0,225.0,-1.3531005859374972,10.646899414062505,Leave_One_experiments/all_year_offline_schedule_search/daily_outputs/HLA/HLA_2015_HLA2015_normal_grid_S0022_daily.csv
HLA,HLA,Hailun,2015,Leave_One_experiments\wth_generated_qc\HLA\HLA2015.WTH,dry_year;nitrogen_stress_year;low_response_year,dry,HLA2015_normal_grid_S0022,top_yield,2015-07-21,202,83,78,"{""sim_day"": 83.0, ""doy"": 202.0, ""topwt"": 6264.7894287109375, ""grnwt"": 0.0, ""xlai"": 4.147340297698975, ""totir"": 30.0, ""tofer"": NaN, ""swfac"": 0.0, ""nstres"": 0.0}",0.0,0.0,6264.7894287109375,0.0,4.147340297698975,30.0,,0.0,0.0,30.0,225.0,-1.3531005859374972,10.646899414062505,Leave_One_experiments/all_year_offline_schedule_search/daily_outputs/HLA/HLA_2015_HLA2015_normal_grid_S0022_daily.csv
HLA,HLA,Hailun,2015,Leave_One_experiments\wth_generated_qc\HLA\HLA2015.WTH,dry_year;nitrogen_stress_year;low_response_year,dry,HLA2015_normal_grid_S0022,top_yield,2015-07-22,203,84,79,"{""sim_day"": 84.0, ""doy"": 203.0, ""topwt"": 6530.36865234375, ""grnwt"": 0.0, ""xlai"": 4.2130513191223145, ""totir"": 30.0, ""tofer"": NaN, ""swfac"": 0.0, ""nstres"": 0.0}",0.0,0.0,6530.36865234375,0.0,4.2130513191223145,30.0,,0.0,0.0,30.0,225.0,-1.3531005859374972,10.646899414062505,Leave_One_experiments/all_year_offline_schedule_search/daily_outputs/HLA/HLA_2015_HLA2015_normal_grid_S0022_daily.csv
HLA,HLA,Hailun,2015,Leave_One_experiments\wth_generated_qc\HLA\HLA2015.WTH,dry_year;nitrogen_stress_year;low_response_year,dry,HLA2015_normal_grid_S0022,top_yield,2015-07-23,204,85,80,"{""sim_day"": 85.0, ""doy"": 204.0, ""topwt"": 6705.645751953125, ""grnwt"": 0.0, ""xlai"": 4.250114917755127, ""totir"": 30.0, ""tofer"": NaN, ""swfac"": 0.0, ""nstres"": 0.0}",0.0,0.0,6705.645751953125,0.0,4.250114917755127,30.0,,0.0,0.0,30.0,225.0,-1.3531005859374972,10.646899414062505,Leave_One_experiments/all_year_offline_schedule_search/daily_outputs/HLA/HLA_2015_HLA2015_normal_grid_S0022_daily.csv
HLA,HLA,Hailun,2015,Leave_One_experiments\wth_generated_qc\HLA\HLA2015.WTH,dry_year;nitrogen_stress_year;low_response_year,dry,HLA2015_normal_grid_S0022,top_yield,2015-07-24,205,86,81,"{""sim_day"": 86.0, ""doy"": 205.0, ""topwt"": 6956.871337890625, ""grnwt"": 0.0, ""xlai"": 4.302507400512695, ""totir"": 30.0, ""tofer"": NaN, ""swfac"": 0.0, ""nstres"": 0.0}",0.0,0.0,6956.871337890625,0.0,4.302507400512695,30.0,,0.0,0.0,30.0,225.0,-1.3531005859374972,10.646899414062505,Leave_One_experiments/all_year_offline_schedule_search/daily_outputs/HLA/HLA_2015_HLA2015_normal_grid_S0022_daily.csv
HLA,HLA,Hailun,2015,Leave_One_experiments\wth_generated_qc\HLA\HLA2015.WTH,dry_year;nitrogen_stress_year;low_response_year,dry,HLA2015_normal_grid_S0022,top_yield,2015-07-25,206,87,82,"{""sim_day"": 87.0, ""doy"": 206.0, ""topwt"": 7132.6953125, ""grnwt"": 0.0, ""xlai"": 4.334534168243408, ""totir"": 30.0, ""tofer"": NaN, ""swfac"": 0.0, ""nstres"": 0.0}",0.0,0.0,7132.6953125,0.0,4.334534168243408,30.0,,0.0,0.0,30.0,225.0,-1.3531005859374972,10.646899414062505,Leave_One_experiments/all_year_offline_schedule_search/daily_outputs/HLA/HLA_2015_HLA2015_normal_grid_S0022_daily.csv
HLA,HLA,Hailun,2015,Leave_One_experiments\wth_generated_qc\HLA\HLA2015.WTH,dry_year;nitrogen_stress_year;low_response_year,dry,HLA2015_normal_grid_S0022,top_yield,2015-07-26,207,88,83,"{""sim_day"": 88.0, ""doy"": 207.0, ""topwt"": 7333.04443359375, ""grnwt"": 0.0, ""xlai"": 4.371302127838135, ""totir"": 30.0, ""tofer"": NaN, ""swfac"": 0.0, ""nstres"": 0.0}",0.0,0.0,7333.04443359375,0.0,4.371302127838135,30.0,,0.0,0.0,30.0,225.0,-1.3531005859374972,10.646899414062505,Leave_One_experiments/all_year_offline_schedule_search/daily_outputs/HLA/HLA_2015_HLA2015_normal_grid_S0022_daily.csv
HLA,HLA,Hailun,2015,Leave_One_experiments\wth_generated_qc\HLA\HLA2015.WTH,dry_year;nitrogen_stress_year;low_response_year,dry,HLA2015_normal_grid_S0022,top_yield,2015-07-27,208,89,84,"{""sim_day"": 89.0, ""doy"": 208.0, ""topwt"": 7521.51123046875, ""grnwt"": 0.0, ""xlai"": 4.40374231338501, ""totir"": 30.0, ""tofer"": NaN, ""swfac"": 0.0, ""nstres"": 0.0}",0.0,0.0,7521.51123046875,0.0,4.40374231338501,30.0,,0.0,0.0,30.0,225.0,-1.3531005859374972,10.646899414062505,Leave_One_experiments/all_year_offline_schedule_search/daily_outputs/HLA/HLA_2015_HLA2015_normal_grid_S0022_daily.csv
HLA,HLA,Hailun,2015,Leave_One_experiments\wth_generated_qc\HLA\HLA2015.WTH,dry_year;nitrogen_stress_year;low_response_year,dry,HLA2015_normal_grid_S0022,top_yield,2015-07-28,209,90,85,"{""sim_day"": 90.0, ""doy"": 209.0, ""topwt"": 7722.939453125, ""grnwt"": 0.0, ""xlai"": 4.438046932220459, ""totir"": 30.0, ""tofer"": NaN, ""swfac"": 0.0, ""nstres"": 0.0}",0.0,0.0,7722.939453125,0.0,4.438046932220459,30.0,,0.0,0.0,30.0,225.0,-1.3531005859374972,10.646899414062505,Leave_One_experiments/all_year_offline_schedule_search/daily_outputs/HLA/HLA_2015_HLA2015_normal_grid_S0022_daily.csv
HLA,HLA,Hailun,2015,Leave_One_experiments\wth_generated_qc\HLA\HLA2015.WTH,dry_year;nitrogen_stress_year;low_response_year,dry,HLA2015_normal_grid_S0022,top_yield,2015-07-29,210,91,86,"{""sim_day"": 91.0, ""doy"": 210.0, ""topwt"": 7915.6787109375, ""grnwt"": 0.0, ""xlai"": 4.468859672546387, ""totir"": 30.0, ""tofer"": NaN, ""swfac"": 0.0, ""nstres"": 0.0}",0.0,0.0,7915.6787109375,0.0,4.468859672546387,30.0,,0.0,0.0,30.0,225.0,-1.3531005859374972,10.646899414062505,Leave_One_experiments/all_year_offline_schedule_search/daily_outputs/HLA/HLA_2015_HLA2015_normal_grid_S0022_daily.csv
HLA,HLA,Hailun,2015,Leave_One_experiments\wth_generated_qc\HLA\HLA2015.WTH,dry_year;nitrogen_stress_year;low_response_year,dry,HLA2015_normal_grid_S0022,top_yield,2015-07-30,211,92,87,"{""sim_day"": 92.0, ""doy"": 211.0, ""topwt"": 8118.9910888671875, ""grnwt"": 0.0, ""xlai"": 4.500980854034424, ""totir"": 30.0, ""tofer"": NaN, ""swfac"": 0.0, ""nstres"": 0.0}",0.0,0.0,8118.9910888671875,0.0,4.500980854034424,30.0,,0.0,0.0,30.0,225.0,-1.3531005859374972,10.646899414062505,Leave_One_experiments/all_year_offline_schedule_search/daily_outputs/HLA/HLA_2015_HLA2015_normal_grid_S0022_daily.csv
HLA,HLA,Hailun,2015,Leave_One_experiments\wth_generated_qc\HLA\HLA2015.WTH,dry_year;nitrogen_stress_year;low_response_year,dry,HLA2015_normal_grid_S0022,top_yield,2015-07-31,212,93,88,"{""sim_day"": 93.0, ""doy"": 212.0, ""topwt"": 8362.647705078125, ""grnwt"": 0.0, ""xlai"": 4.541543483734131, ""totir"": 30.0, ""tofer"": NaN, ""swfac"": 0.0, ""nstres"": 0.0}",0.0,0.0,8362.647705078125,0.0,4.541543483734131,30.0,,0.0,0.0,30.0,225.0,-1.3531005859374972,10.646899414062505,Leave_One_experiments/all_year_offline_schedule_search/daily_outputs/HLA/HLA_2015_HLA2015_normal_grid_S0022_daily.csv
HLA,HLA,Hailun,2015,Leave_One_experiments\wth_generated_qc\HLA\HLA2015.WTH,dry_year;nitrogen_stress_year;low_response_year,dry,HLA2015_normal_grid_S0022,top_yield,2015-08-01,213,94,89,"{""sim_day"": 94.0, ""doy"": 213.0, ""topwt"": 8618.427124023438, ""grnwt"": 0.0, ""xlai"": 4.442931652069092, ""totir"": 30.0, ""tofer"": NaN, ""swfac"": 0.0, ""nstres"": 0.0}",0.0,0.0,8618.427124023438,0.0,4.442931652069092,30.0,,0.0,0.0,30.0,225.0,-1.3531005859374972,10.646899414062505,Leave_One_experiments/all_year_offline_schedule_search/daily_outputs/HLA/HLA_2015_HLA2015_normal_grid_S0022_daily.csv
HLA,HLA,Hailun,2015,Leave_One_experiments\wth_generated_qc\HLA\HLA2015.WTH,dry_year;nitrogen_stress_year;low_response_year,dry,HLA2015_normal_grid_S0022,top_yield,2015-08-02,214,95,90,"{""sim_day"": 95.0, ""doy"": 214.0, ""topwt"": 9061.00341796875, ""grnwt"": 0.0, ""xlai"": 4.4244537353515625, ""totir"": 30.0, ""tofer"": NaN, ""swfac"": 0.0, ""nstres"": 0.0}",0.0,0.0,9061.00341796875,0.0,4.4244537353515625,30.0,,0.0,0.0,30.0,225.0,-1.3531005859374972,10.646899414062505,Leave_One_experiments/all_year_offline_schedule_search/daily_outputs/HLA/HLA_2015_HLA2015_normal_grid_S0022_daily.csv
HLA,HLA,Hailun,2015,Leave_One_experiments\wth_generated_qc\HLA\HLA2015.WTH,dry_year;nitrogen_stress_year;low_response_year,dry,HLA2015_normal_grid_S0022,top_yield,2015-08-03,215,96,91,"{""sim_day"": 96.0, ""doy"": 215.0, ""topwt"": 9430.504150390623, ""grnwt"": 0.0, ""xlai"": 4.406738758087158, ""totir"": 30.0, ""tofer"": NaN, ""swfac"": 0.0, ""nstres"": 0.0}",0.0,0.0,9430.504150390623,0.0,4.406738758087158,30.0,,0.0,0.0,30.0,225.0,-1.3531005859374972,10.646899414062505,Leave_One_experiments/all_year_offline_schedule_search/daily_outputs/HLA/HLA_2015_HLA2015_normal_grid_S0022_daily.csv
HLA,HLA,Hailun,2015,Leave_One_experiments\wth_generated_qc\HLA\HLA2015.WTH,dry_year;nitrogen_stress_year;low_response_year,dry,HLA2015_normal_grid_S0022,top_yield,2015-08-04,216,97,92,"{""sim_day"": 97.0, ""doy"": 216.0, ""topwt"": 9851.506958007812, ""grnwt"": 0.0, ""xlai"": 4.388906955718994, ""totir"": 30.0, ""tofer"": NaN, ""swfac"": 0.0, ""nstres"": 0.0}",0.0,0.0,9851.506958007812,0.0,4.388906955718994,30.0,,0.0,0.0,30.0,225.0,-1.3531005859374972,10.646899414062505,Leave_One_experiments/all_year_offline_schedule_search/daily_outputs/HLA/HLA_2015_HLA2015_normal_grid_S0022_daily.csv
HLA,HLA,Hailun,2015,Leave_One_experiments\wth_generated_qc\HLA\HLA2015.WTH,dry_year;nitrogen_stress_year;low_response_year,dry,HLA2015_normal_grid_S0022,top_yield,2015-08-05,217,98,93,"{""sim_day"": 98.0, ""doy"": 217.0, ""topwt"": 10084.473266601562, ""grnwt"": 0.0, ""xlai"": 4.370957374572754, ""totir"": 30.0, ""tofer"": NaN, ""swfac"": 0.0, ""nstres"": 0.0}",0.0,0.0,10084.473266601562,0.0,4.370957374572754,30.0,,0.0,0.0,30.0,225.0,-1.3531005859374972,10.646899414062505,Leave_One_experiments/all_year_offline_schedule_search/daily_outputs/HLA/HLA_2015_HLA2015_normal_grid_S0022_daily.csv
HLA,HLA,Hailun,2015,Leave_One_experiments\wth_generated_qc\HLA\HLA2015.WTH,dry_year;nitrogen_stress_year;low_response_year,dry,HLA2015_normal_grid_S0022,top_yield,2015-08-06,218,99,94,"{""sim_day"": 99.0, ""doy"": 218.0, ""topwt"": 10221.9970703125, ""grnwt"": 0.0, ""xlai"": 4.353301048278809, ""totir"": 30.0, ""tofer"": NaN, ""swfac"": 0.0, ""nstres"": 0.0}",0.0,0.0,10221.9970703125,0.0,4.353301048278809,30.0,,0.0,0.0,30.0,225.0,-1.3531005859374972,10.646899414062505,Leave_One_experiments/all_year_offline_schedule_search/daily_outputs/HLA/HLA_2015_HLA2015_normal_grid_S0022_daily.csv
HLA,HLA,Hailun,2015,Leave_One_experiments\wth_generated_qc\HLA\HLA2015.WTH,dry_year;nitrogen_stress_year;low_response_year,dry,HLA2015_normal_grid_S0022,top_yield,2015-08-07,219,100,95,"{""sim_day"": 100.0, ""doy"": 219.0, ""topwt"": 10326.361083984377, ""grnwt"": 0.0, ""xlai"": 4.335821151733398, ""totir"": 30.0, ""tofer"": NaN, ""swfac"": 0.0, ""nstres"": 0.0}",0.0,0.0,10326.361083984377,0.0,4.335821151733398,30.0,,0.0,0.0,30.0,225.0,-1.3531005859374972,10.646899414062505,Leave_One_experiments/all_year_offline_schedule_search/daily_outputs/HLA/HLA_2015_HLA2015_normal_grid_S0022_daily.csv
HLA,HLA,Hailun,2015,Leave_One_experiments\wth_generated_qc\HLA\HLA2015.WTH,dry_year;nitrogen_stress_year;low_response_year,dry,HLA2015_normal_grid_S0022,top_yield,2015-08-08,220,101,96,"{""sim_day"": 101.0, ""doy"": 220.0, ""topwt"": 10518.372802734377, ""grnwt"": 0.0, ""xlai"": 4.320218086242676, ""totir"": 30.0, ""tofer"": NaN, ""swfac"": 0.0, ""nstres"": 0.0}",0.0,0.0,10518.372802734377,0.0,4.320218086242676,30.0,,0.0,0.0,30.0,225.0,-1.3531005859374972,10.646899414062505,Leave_One_experiments/all_year_offline_schedule_search/daily_outputs/HLA/HLA_2015_HLA2015_normal_grid_S0022_daily.csv
HLA,HLA,Hailun,2015,Leave_One_experiments\wth_generated_qc\HLA\HLA2015.WTH,dry_year;nitrogen_stress_year;low_response_year,dry,HLA2015_normal_grid_S0022,top_yield,2015-08-09,221,102,97,"{""sim_day"": 102.0, ""doy"": 221.0, ""topwt"": 10807.3779296875, ""grnwt"": 0.0, ""xlai"": 4.30479097366333, ""totir"": 30.0, ""tofer"": NaN, ""swfac"": 0.0, ""nstres"": 0.0}",0.0,0.0,10807.3779296875,0.0,4.30479097366333,30.0,,0.0,0.0,30.0,225.0,-1.3531005859374972,10.646899414062505,Leave_One_experiments/all_year_offline_schedule_search/daily_outputs/HLA/HLA_2015_HLA2015_normal_grid_S0022_daily.csv
HLA,HLA,Hailun,2015,Leave_One_experiments\wth_generated_qc\HLA\HLA2015.WTH,dry_year;nitrogen_stress_year;low_response_year,dry,HLA2015_normal_grid_S0022,top_yield,2015-08-10,222,103,98,"{""sim_day"": 103.0, ""doy"": 222.0, ""topwt"": 11161.065673828123, ""grnwt"": 0.0, ""xlai"": 4.28789758682251, ""totir"": 30.0, ""tofer"": NaN, ""swfac"": 0.0, ""nstres"": 0.0}",0.0,0.0,11161.065673828123,0.0,4.28789758682251,30.0,,0.0,0.0,30.0,225.0,-1.3531005859374972,10.646899414062505,Leave_One_experiments/all_year_offline_schedule_search/daily_outputs/HLA/HLA_2015_HLA2015_normal_grid_S0022_daily.csv
HLA,HLA,Hailun,2015,Leave_One_experiments\wth_generated_qc\HLA\HLA2015.WTH,dry_year;nitrogen_stress_year;low_response_year,dry,HLA2015_normal_grid_S0022,top_yield,2015-08-11,223,104,99,"{""sim_day"": 104.0, ""doy"": 223.0, ""topwt"": 11558.59619140625, ""grnwt"": 0.0, ""xlai"": 4.27059268951416, ""totir"": 30.0, ""tofer"": NaN, ""swfac"": 0.0, ""nstres"": 0.0}",0.0,0.0,11558.59619140625,0.0,4.27059268951416,30.0,,0.0,0.0,30.0,225.0,-1.3531005859374972,10.646899414062505,Leave_One_experiments/all_year_offline_schedule_search/daily_outputs/HLA/HLA_2015_HLA2015_normal_grid_S0022_daily.csv
HLA,HLA,Hailun,2015,Leave_One_experiments\wth_generated_qc\HLA\HLA2015.WTH,dry_year;nitrogen_stress_year;low_response_year,dry,HLA2015_normal_grid_S0022,top_yield,2015-08-12,224,105,100,"{""sim_day"": 105.0, ""doy"": 224.0, ""topwt"": 11723.28125, ""grnwt"": 164.68475341796875, ""xlai"": 4.168745040893555, ""totir"": 30.0, ""tofer"": NaN, ""swfac"": 0.0, ""nstres"": 0.0}",0.0,0.0,11723.28125,164.68475341796875,4.168745040893555,30.0,,0.0,0.0,30.0,225.0,-1.3531005859374972,10.646899414062505,Leave_One_experiments/all_year_offline_schedule_search/daily_outputs/HLA/HLA_2015_HLA2015_normal_grid_S0022_daily.csv
HLA,HLA,Hailun,2015,Leave_One_experiments\wth_generated_qc\HLA\HLA2015.WTH,dry_year;nitrogen_stress_year;low_response_year,dry,HLA2015_normal_grid_S0022,top_yield,2015-08-13,225,106,101,"{""sim_day"": 106.0, ""doy"": 225.0, ""topwt"": 11887.96630859375, ""grnwt"": 329.3695068359375, ""xlai"": 4.151641845703125, ""totir"": 30.0, ""tofer"": NaN, ""swfac"": 0.0, ""nstres"": 0.0}",0.0,0.0,11887.96630859375,329.3695068359375,4.151641845703125,30.0,,0.0,0.0,30.0,225.0,-1.3531005859374972,10.646899414062505,Leave_One_experiments/all_year_offline_schedule_search/daily_outputs/HLA/HLA_2015_HLA2015_normal_grid_S0022_daily.csv
HLA,HLA,Hailun,2015,Leave_One_experiments\wth_generated_qc\HLA\HLA2015.WTH,dry_year;nitrogen_stress_year;low_response_year,dry,HLA2015_normal_grid_S0022,top_yield,2015-08-14,226,107,102,"{""sim_day"": 107.0, ""doy"": 226.0, ""topwt"": 12052.650146484377, ""grnwt"": 494.0542221069336, ""xlai"": 4.1324238777160645, ""totir"": 30.0, ""tofer"": NaN, ""swfac"": 0.0, ""nstres"": 0.0}",0.0,0.0,12052.650146484377,494.0542221069336,4.1324238777160645,30.0,,0.0,0.0,30.0,225.0,-1.3531005859374972,10.646899414062505,Leave_One_experiments/all_year_offline_schedule_search/daily_outputs/HLA/HLA_2015_HLA2015_normal_grid_S0022_daily.csv
HLA,HLA,Hailun,2015,Leave_One_experiments\wth_generated_qc\HLA\HLA2015.WTH,dry_year;nitrogen_stress_year;low_response_year,dry,HLA2015_normal_grid_S0022,top_yield,2015-08-15,227,108,103,"{""sim_day"": 108.0, ""doy"": 227.0, ""topwt"": 12217.335205078123, ""grnwt"": 658.739013671875, ""xlai"": 4.112097263336182, ""totir"": 30.0, ""tofer"": NaN, ""swfac"": 0.0, ""nstres"": 0.0}",0.0,0.0,12217.335205078123,658.739013671875,4.112097263336182,30.0,,0.0,0.0,30.0,225.0,-1.3531005859374972,10.646899414062505,Leave_One_experiments/all_year_offline_schedule_search/daily_outputs/HLA/HLA_2015_HLA2015_normal_grid_S0022_daily.csv
HLA,HLA,Hailun,2015,Leave_One_experiments\wth_generated_qc\HLA\HLA2015.WTH,dry_year;nitrogen_stress_year;low_response_year,dry,HLA2015_normal_grid_S0022,top_yield,2015-08-16,228,109,104,"{""sim_day"": 109.0, ""doy"": 228.0, ""topwt"": 12382.020263671877, ""grnwt"": 823.4237670898438, ""xlai"": 4.091665267944336, ""totir"": 30.0, ""tofer"": NaN, ""swfac"": 0.0, ""nstres"": 0.0}",0.0,0.0,12382.020263671877,823.4237670898438,4.091665267944336,30.0,,0.0,0.0,30.0,225.0,-1.3531005859374972,10.646899414062505,Leave_One_experiments/all_year_offline_schedule_search/daily_outputs/HLA/HLA_2015_HLA2015_normal_grid_S0022_daily.csv
HLA,HLA,Hailun,2015,Leave_One_experiments\wth_generated_qc\HLA\HLA2015.WTH,dry_year;nitrogen_stress_year;low_response_year,dry,HLA2015_normal_grid_S0022,top_yield,2015-08-17,229,110,105,"{""sim_day"": 110.0, ""doy"": 229.0, ""topwt"": 12546.705322265623, ""grnwt"": 988.1085205078124, ""xlai"": 4.067180156707764, ""totir"": 30.0, ""tofer"": NaN, ""swfac"": 0.0, ""nstres"": 0.0}",0.0,0.0,12546.705322265623,988.1085205078124,4.067180156707764,30.0,,0.0,0.0,30.0,225.0,-1.3531005859374972,10.646899414062505,Leave_One_experiments/all_year_offline_schedule_search/daily_outputs/HLA/HLA_2015_HLA2015_normal_grid_S0022_daily.csv
HLA,HLA,Hailun,2015,Leave_One_experiments\wth_generated_qc\HLA\HLA2015.WTH,dry_year;nitrogen_stress_year;low_response_year,dry,HLA2015_normal_grid_S0022,top_yield,2015-08-18,230,111,106,"{""sim_day"": 111.0, ""doy"": 230.0, ""topwt"": 12711.38916015625, ""grnwt"": 1152.7932739257812, ""xlai"": 4.040990352630615, ""totir"": 30.0, ""tofer"": NaN, ""swfac"": 0.0, ""nstres"": 0.0}",0.0,0.0,12711.38916015625,1152.7932739257812,4.040990352630615,30.0,,0.0,0.0,30.0,225.0,-1.3531005859374972,10.646899414062505,Leave_One_experiments/all_year_offline_schedule_search/daily_outputs/HLA/HLA_2015_HLA2015_normal_grid_S0022_daily.csv
HLA,HLA,Hailun,2015,Leave_One_experiments\wth_generated_qc\HLA\HLA2015.WTH,dry_year;nitrogen_stress_year;low_response_year,dry,HLA2015_normal_grid_S0022,top_yield,2015-08-19,231,112,107,"{""sim_day"": 112.0, ""doy"": 231.0, ""topwt"": 12876.07421875, ""grnwt"": 1317.47802734375, ""xlai"": 4.015588760375977, ""totir"": 30.0, ""tofer"": NaN, ""swfac"": 0.0, ""nstres"": 0.0}",0.0,0.0,12876.07421875,1317.47802734375,4.015588760375977,30.0,,0.0,0.0,30.0,225.0,-1.3531005859374972,10.646899414062505,Leave_One_experiments/all_year_offline_schedule_search/daily_outputs/HLA/HLA_2015_HLA2015_normal_grid_S0022_daily.csv
HLA,HLA,Hailun,2015,Leave_One_experiments\wth_generated_qc\HLA\HLA2015.WTH,dry_year;nitrogen_stress_year;low_response_year,dry,HLA2015_normal_grid_S0022,top_yield,2015-08-20,232,113,108,"{""sim_day"": 113.0, ""doy"": 232.0, ""topwt"": 13040.75927734375, ""grnwt"": 1482.1627807617188, ""xlai"": 3.984437704086304, ""totir"": 30.0, ""tofer"": NaN, ""swfac"": 0.0, ""nstres"": 0.0}",0.0,0.0,13040.75927734375,1482.1627807617188,3.984437704086304,30.0,,0.0,0.0,30.0,225.0,-1.3531005859374972,10.646899414062505,Leave_One_experiments/all_year_offline_schedule_search/daily_outputs/HLA/HLA_2015_HLA2015_normal_grid_S0022_daily.csv
HLA,HLA,Hailun,2015,Leave_One_experiments\wth_generated_qc\HLA\HLA2015.WTH,dry_year;nitrogen_stress_year;low_response_year,dry,HLA2015_normal_grid_S0022,top_yield,2015-08-21,233,114,109,"{""sim_day"": 114.0, ""doy"": 233.0, ""topwt"": 13205.4443359375, ""grnwt"": 1646.8475341796875, ""xlai"": 3.951141357421875, ""totir"": 30.0, ""tofer"": NaN, ""swfac"": 0.0, ""nstres"": 0.0}",0.0,0.0,13205.4443359375,1646.8475341796875,3.951141357421875,30.0,,0.0,0.0,30.0,225.0,-1.3531005859374972,10.646899414062505,Leave_One_experiments/all_year_offline_schedule_search/daily_outputs/HLA/HLA_2015_HLA2015_normal_grid_S0022_daily.csv
HLA,HLA,Hailun,2015,Leave_One_experiments\wth_generated_qc\HLA\HLA2015.WTH,dry_year;nitrogen_stress_year;low_response_year,dry,HLA2015_normal_grid_S0022,top_yield,2015-08-22,234,115,110,"{""sim_day"": 115.0, ""doy"": 234.0, ""topwt"": 13370.128173828123, ""grnwt"": 1811.532287597656, ""xlai"": 3.9218244552612314, ""totir"": 30.0, ""tofer"": NaN, ""swfac"": 0.0, ""nstres"": 0.0}",0.0,0.0,13370.128173828123,1811.532287597656,3.9218244552612314,30.0,,0.0,0.0,30.0,225.0,-1.3531005859374972,10.646899414062505,Leave_One_experiments/all_year_offline_schedule_search/daily_outputs/HLA/HLA_2015_HLA2015_normal_grid_S0022_daily.csv
HLA,HLA,Hailun,2015,Leave_One_experiments\wth_generated_qc\HLA\HLA2015.WTH,dry_year;nitrogen_stress_year;low_response_year,dry,HLA2015_normal_grid_S0022,top_yield,2015-08-23,235,116,111,"{""sim_day"": 116.0, ""doy"": 235.0, ""topwt"": 13534.813232421877, ""grnwt"": 1976.2168884277344, ""xlai"": 3.884019136428833, ""totir"": 30.0, ""tofer"": NaN, ""swfac"": 0.0, ""nstres"": 0.0}",0.0,0.0,13534.813232421877,1976.2168884277344,3.884019136428833,30.0,,0.0,0.0,30.0,225.0,-1.3531005859374972,10.646899414062505,Leave_One_experiments/all_year_offline_schedule_search/daily_outputs/HLA/HLA_2015_HLA2015_normal_grid_S0022_daily.csv
HLA,HLA,Hailun,2015,Leave_One_experiments\wth_generated_qc\HLA\HLA2015.WTH,dry_year;nitrogen_stress_year;low_response_year,dry,HLA2015_normal_grid_S0022,top_yield,2015-08-24,236,117,112,"{""sim_day"": 117.0, ""doy"": 236.0, ""topwt"": 13699.498291015623, ""grnwt"": 2140.9014892578125, ""xlai"": 3.848624229431152, ""totir"": 30.0, ""tofer"": NaN, ""swfac"": 0.0, ""nstres"": 0.0}",0.0,0.0,13699.498291015623,2140.9014892578125,3.848624229431152,30.0,,0.0,0.0,30.0,225.0,-1.3531005859374972,10.646899414062505,Leave_One_experiments/all_year_offline_schedule_search/daily_outputs/HLA/HLA_2015_HLA2015_normal_grid_S0022_daily.csv
HLA,HLA,Hailun,2015,Leave_One_experiments\wth_generated_qc\HLA\HLA2015.WTH,dry_year;nitrogen_stress_year;low_response_year,dry,HLA2015_normal_grid_S0022,top_yield,2015-08-25,237,118,113,"{""sim_day"": 118.0, ""doy"": 237.0, ""topwt"": 13864.18212890625, ""grnwt"": 2305.586242675781, ""xlai"": 3.808135747909546, ""totir"": 30.0, ""tofer"": NaN, ""swfac"": 0.0, ""nstres"": 0.0}",0.0,0.0,13864.18212890625,2305.586242675781,3.808135747909546,30.0,,0.0,0.0,30.0,225.0,-1.3531005859374972,10.646899414062505,Leave_One_experiments/all_year_offline_schedule_search/daily_outputs/HLA/HLA_2015_HLA2015_normal_grid_S0022_daily.csv
HLA,HLA,Hailun,2015,Leave_One_experiments\wth_generated_qc\HLA\HLA2015.WTH,dry_year;nitrogen_stress_year;low_response_year,dry,HLA2015_normal_grid_S0022,top_yield,2015-08-26,238,119,114,"{""sim_day"": 119.0, ""doy"": 238.0, ""topwt"": 14026.31591796875, ""grnwt"": 2470.27099609375, ""xlai"": 3.7593870162963863, ""totir"": 30.0, ""tofer"": NaN, ""swfac"": 0.0, ""nstres"": 0.0}",0.0,0.0,14026.31591796875,2470.27099609375,3.7593870162963863,30.0,,0.0,0.0,30.0,225.0,-1.3531005859374972,10.646899414062505,Leave_One_experiments/all_year_offline_schedule_search/daily_outputs/HLA/HLA_2015_HLA2015_normal_grid_S0022_daily.csv
HLA,HLA,Hailun,2015,Leave_One_experiments\wth_generated_qc\HLA\HLA2015.WTH,dry_year;nitrogen_stress_year;low_response_year,dry,HLA2015_normal_grid_S0022,top_yield,2015-08-27,239,120,115,"{""sim_day"": 120.0, ""doy"": 239.0, ""topwt"": 14193.55224609375, ""grnwt"": 2634.955444335937, ""xlai"": 3.716757297515869, ""totir"": 30.0, ""tofer"": NaN, ""swfac"": 0.0, ""nstres"": 0.0}",0.0,0.0,14193.55224609375,2634.955444335937,3.716757297515869,30.0,,0.0,0.0,30.0,225.0,-1.3531005859374972,10.646899414062505,Leave_One_experiments/all_year_offline_schedule_search/daily_outputs/HLA/HLA_2015_HLA2015_normal_grid_S0022_daily.csv
HLA,HLA,Hailun,2015,Leave_One_experiments\wth_generated_qc\HLA\HLA2015.WTH,dry_year;nitrogen_stress_year;low_response_year,dry,HLA2015_normal_grid_S0022,top_yield,2015-08-28,240,121,116,"{""sim_day"": 121.0, ""doy"": 240.0, ""topwt"": 14358.2373046875, ""grnwt"": 2799.6401977539062, ""xlai"": 3.6685194969177246, ""totir"": 30.0, ""tofer"": NaN, ""swfac"": 0.0, ""nstres"": 0.0}",0.0,0.0,14358.2373046875,2799.6401977539062,3.6685194969177246,30.0,,0.0,0.0,30.0,225.0,-1.3531005859374972,10.646899414062505,Leave_One_experiments/all_year_offline_schedule_search/daily_outputs/HLA/HLA_2015_HLA2015_normal_grid_S0022_daily.csv
HLA,HLA,Hailun,2015,Leave_One_experiments\wth_generated_qc\HLA\HLA2015.WTH,dry_year;nitrogen_stress_year;low_response_year,dry,HLA2015_normal_grid_S0022,top_yield,2015-08-29,241,122,117,"{""sim_day"": 122.0, ""doy"": 241.0, ""topwt"": 14522.92236328125, ""grnwt"": 2964.324951171875, ""xlai"": 3.614042043685913, ""totir"": 30.0, ""tofer"": NaN, ""swfac"": 0.0, ""nstres"": 0.0}",0.0,0.0,14522.92236328125,2964.324951171875,3.614042043685913,30.0,,0.0,0.0,30.0,225.0,-1.3531005859374972,10.646899414062505,Leave_One_experiments/all_year_offline_schedule_search/daily_outputs/HLA/HLA_2015_HLA2015_normal_grid_S0022_daily.csv
HLA,HLA,Hailun,2015,Leave_One_experiments\wth_generated_qc\HLA\HLA2015.WTH,dry_year;nitrogen_stress_year;low_response_year,dry,HLA2015_normal_grid_S0022,top_yield,2015-08-30,242,123,118,"{""sim_day"": 123.0, ""doy"": 242.0, ""topwt"": 14687.607421875, ""grnwt"": 3129.009704589844, ""xlai"": 3.552621841430664, ""totir"": 30.0, ""tofer"": NaN, ""swfac"": 0.0, ""nstres"": 0.0}",0.0,0.0,14687.607421875,3129.009704589844,3.552621841430664,30.0,,0.0,0.0,30.0,225.0,-1.3531005859374972,10.646899414062505,Leave_One_experiments/all_year_offline_schedule_search/daily_outputs/HLA/HLA_2015_HLA2015_normal_grid_S0022_daily.csv
HLA,HLA,Hailun,2015,Leave_One_experiments\wth_generated_qc\HLA\HLA2015.WTH,dry_year;nitrogen_stress_year;low_response_year,dry,HLA2015_normal_grid_S0022,top_yield,2015-08-31,243,124,119,"{""sim_day"": 124.0, ""doy"": 243.0, ""topwt"": 14852.29248046875, ""grnwt"": 3293.6944580078125, ""xlai"": 3.4927706718444824, ""totir"": 30.0, ""tofer"": NaN, ""swfac"": 0.0, ""nstres"": 0.0}",0.0,0.0,14852.29248046875,3293.6944580078125,3.4927706718444824,30.0,,0.0,0.0,30.0,225.0,-1.3531005859374972,10.646899414062505,Leave_One_experiments/all_year_offline_schedule_search/daily_outputs/HLA/HLA_2015_HLA2015_normal_grid_S0022_daily.csv
HLA,HLA,Hailun,2015,Leave_One_experiments\wth_generated_qc\HLA\HLA2015.WTH,dry_year;nitrogen_stress_year;low_response_year,dry,HLA2015_normal_grid_S0022,top_yield,2015-09-01,244,125,120,"{""sim_day"": 125.0, ""doy"": 244.0, ""topwt"": 15016.9775390625, ""grnwt"": 3458.37890625, ""xlai"": 3.4294612407684326, ""totir"": 30.0, ""tofer"": NaN, ""swfac"": 0.0, ""nstres"": 0.0}",0.0,0.0,15016.9775390625,3458.37890625,3.4294612407684326,30.0,,0.0,0.0,30.0,225.0,-1.3531005859374972,10.646899414062505,Leave_One_experiments/all_year_offline_schedule_search/daily_outputs/HLA/HLA_2015_HLA2015_normal_grid_S0022_daily.csv
HLA,HLA,Hailun,2015,Leave_One_experiments\wth_generated_qc\HLA\HLA2015.WTH,dry_year;nitrogen_stress_year;low_response_year,dry,HLA2015_normal_grid_S0022,top_yield,2015-09-02,245,126,121,"{""sim_day"": 126.0, ""doy"": 245.0, ""topwt"": 15158.135986328123, ""grnwt"": 3599.537353515625, ""xlai"": 3.391447067260742, ""totir"": 30.0, ""tofer"": NaN, ""swfac"": 0.0, ""nstres"": 0.0}",0.0,0.0,15158.135986328123,3599.537353515625,3.391447067260742,30.0,,0.0,0.0,30.0,225.0,-1.3531005859374972,10.646899414062505,Leave_One_experiments/all_year_offline_schedule_search/daily_outputs/HLA/HLA_2015_HLA2015_normal_grid_S0022_daily.csv
HLA,HLA,Hailun,2015,Leave_One_experiments\wth_generated_qc\HLA\HLA2015.WTH,dry_year;nitrogen_stress_year;low_response_year,dry,HLA2015_normal_grid_S0022,top_yield,2015-09-03,246,127,122,"{""sim_day"": 127.0, ""doy"": 246.0, ""topwt"": 15272.630615234377, ""grnwt"": 3714.032287597656, ""xlai"": 3.3609843254089355, ""totir"": 30.0, ""tofer"": NaN, ""swfac"": 0.0, ""nstres"": 0.0}",0.0,0.0,15272.630615234377,3714.032287597656,3.3609843254089355,30.0,,0.0,0.0,30.0,225.0,-1.3531005859374972,10.646899414062505,Leave_One_experiments/all_year_offline_schedule_search/daily_outputs/HLA/HLA_2015_HLA2015_normal_grid_S0022_daily.csv
HLA,HLA,Hailun,2015,Leave_One_experiments\wth_generated_qc\HLA\HLA2015.WTH,dry_year;nitrogen_stress_year;low_response_year,dry,HLA2015_normal_grid_S0022,top_yield,2015-09-04,247,128,123,"{""sim_day"": 128.0, ""doy"": 247.0, ""topwt"": 15374.578857421877, ""grnwt"": 3815.980224609375, ""xlai"": 3.0783257484436035, ""totir"": 30.0, ""tofer"": NaN, ""swfac"": 0.0, ""nstres"": 0.0}",0.0,0.0,15374.578857421877,3815.980224609375,3.0783257484436035,30.0,,0.0,0.0,30.0,225.0,-1.3531005859374972,10.646899414062505,Leave_One_experiments/all_year_offline_schedule_search/daily_outputs/HLA/HLA_2015_HLA2015_normal_grid_S0022_daily.csv
HLA,HLA,Hailun,2015,Leave_One_experiments\wth_generated_qc\HLA\HLA2015.WTH,dry_year;nitrogen_stress_year;low_response_year,dry,HLA2015_normal_grid_S0022,top_yield,2015-09-05,248,129,124,"{""sim_day"": 129.0, ""doy"": 248.0, ""topwt"": 15533.7744140625, ""grnwt"": 3975.1754760742183, ""xlai"": 3.0783257484436035, ""totir"": 30.0, ""tofer"": NaN, ""swfac"": 0.0, ""nstres"": 0.0}",0.0,0.0,15533.7744140625,3975.1754760742183,3.0783257484436035,30.0,,0.0,0.0,30.0,225.0,-1.3531005859374972,10.646899414062505,Leave_One_experiments/all_year_offline_schedule_search/daily_outputs/HLA/HLA_2015_HLA2015_normal_grid_S0022_daily.csv
HLA,HLA,Hailun,2015,Leave_One_experiments\wth_generated_qc\HLA\HLA2015.WTH,dry_year;nitrogen_stress_year;low_response_year,dry,HLA2015_normal_grid_S0022,top_yield,2015-09-06,249,130,125,"{""sim_day"": 130.0, ""doy"": 249.0, ""topwt"": 15685.125732421877, ""grnwt"": 4126.528625488281, ""xlai"": 3.0783257484436035, ""totir"": 30.0, ""tofer"": NaN, ""swfac"": 0.0, ""nstres"": 0.0}",0.0,0.0,15685.125732421877,4126.528625488281,3.0783257484436035,30.0,,0.0,0.0,30.0,225.0,-1.3531005859374972,10.646899414062505,Leave_One_experiments/all_year_offline_schedule_search/daily_outputs/HLA/HLA_2015_HLA2015_normal_grid_S0022_daily.csv
HLA,HLA,Hailun,2015,Leave_One_experiments\wth_generated_qc\HLA\HLA2015.WTH,dry_year;nitrogen_stress_year;low_response_year,dry,HLA2015_normal_grid_S0022,top_yield,2015-09-07,250,131,126,"{""sim_day"": 131.0, ""doy"": 250.0, ""topwt"": 15830.206298828123, ""grnwt"": 4271.607971191406, ""xlai"": 3.0783257484436035, ""totir"": 30.0, ""tofer"": NaN, ""swfac"": 0.0, ""nstres"": 0.0}",0.0,0.0,15830.206298828123,4271.607971191406,3.0783257484436035,30.0,,0.0,0.0,30.0,225.0,-1.3531005859374972,10.646899414062505,Leave_One_experiments/all_year_offline_schedule_search/daily_outputs/HLA/HLA_2015_HLA2015_normal_grid_S0022_daily.csv
HLA,HLA,Hailun,2015,Leave_One_experiments\wth_generated_qc\HLA\HLA2015.WTH,dry_year;nitrogen_stress_year;low_response_year,dry,HLA2015_normal_grid_S0022,top_yield,2015-09-08,251,132,127,"{""sim_day"": 132.0, ""doy"": 251.0, ""topwt"": 15994.891357421877, ""grnwt"": 4436.292724609375, ""xlai"": 3.0783257484436035, ""totir"": 30.0, ""tofer"": NaN, ""swfac"": 0.0, ""nstres"": 0.0}",0.0,0.0,15994.891357421877,4436.292724609375,3.0783257484436035,30.0,,0.0,0.0,30.0,225.0,-1.3531005859374972,10.646899414062505,Leave_One_experiments/all_year_offline_schedule_search/daily_outputs/HLA/HLA_2015_HLA2015_normal_grid_S0022_daily.csv
HLA,HLA,Hailun,2015,Leave_One_experiments\wth_generated_qc\HLA\HLA2015.WTH,dry_year;nitrogen_stress_year;low_response_year,dry,HLA2015_normal_grid_S0022,top_yield,2015-09-09,252,133,128,"{""sim_day"": 133.0, ""doy"": 252.0, ""topwt"": 16093.701171875, ""grnwt"": 4535.103759765625, ""xlai"": 2.978587865829468, ""totir"": 30.0, ""tofer"": NaN, ""swfac"": 0.0, ""nstres"": 0.0}",0.0,0.0,16093.701171875,4535.103759765625,2.978587865829468,30.0,,0.0,0.0,30.0,225.0,-1.3531005859374972,10.646899414062505,Leave_One_experiments/all_year_offline_schedule_search/daily_outputs/HLA/HLA_2015_HLA2015_normal_grid_S0022_daily.csv
HLA,HLA,Hailun,2015,Leave_One_experiments\wth_generated_qc\HLA\HLA2015.WTH,dry_year;nitrogen_stress_year;low_response_year,dry,HLA2015_normal_grid_S0022,top_yield,2015-09-10,253,134,129,"{""sim_day"": 134.0, ""doy"": 253.0, ""topwt"": 16208.197021484377, ""grnwt"": 4649.598693847656, ""xlai"": 2.9759068489074707, ""totir"": 30.0, ""tofer"": NaN, ""swfac"": 0.0, ""nstres"": 0.0}",0.0,0.0,16208.197021484377,4649.598693847656,2.9759068489074707,30.0,,0.0,0.0,30.0,225.0,-1.3531005859374972,10.646899414062505,Leave_One_experiments/all_year_offline_schedule_search/daily_outputs/HLA/HLA_2015_HLA2015_normal_grid_S0022_daily.csv
HLA,HLA,Hailun,2015,Leave_One_experiments\wth_generated_qc\HLA\HLA2015.WTH,dry_year;nitrogen_stress_year;low_response_year,dry,HLA2015_normal_grid_S0022,top_yield,2015-09-11,254,135,130,"{""sim_day"": 135.0, ""doy"": 254.0, ""topwt"": 16277.99072265625, ""grnwt"": 4719.393615722656, ""xlai"": 2.6518304347991943, ""totir"": 30.0, ""tofer"": NaN, ""swfac"": 0.0, ""nstres"": 0.0}",0.0,0.0,16277.99072265625,4719.393615722656,2.6518304347991943,30.0,,0.0,0.0,30.0,225.0,-1.3531005859374972,10.646899414062505,Leave_One_experiments/all_year_offline_schedule_search/daily_outputs/HLA/HLA_2015_HLA2015_normal_grid_S0022_daily.csv
HLA,HLA,Hailun,2015,Leave_One_experiments\wth_generated_qc\HLA\HLA2015.WTH,dry_year;nitrogen_stress_year;low_response_year,dry,HLA2015_normal_grid_S0022,top_yield,2015-09-12,255,136,131,"{""sim_day"": 136.0, ""doy"": 255.0, ""topwt"": 16390.91796875, ""grnwt"": 4832.320556640625, ""xlai"": 2.619743585586548, ""totir"": 30.0, ""tofer"": NaN, ""swfac"": 0.0, ""nstres"": 0.0}",0.0,0.0,16390.91796875,4832.320556640625,2.619743585586548,30.0,,0.0,0.0,30.0,225.0,-1.3531005859374972,10.646899414062505,Leave_One_experiments/all_year_offline_schedule_search/daily_outputs/HLA/HLA_2015_HLA2015_normal_grid_S0022_daily.csv
HLA,HLA,Hailun,2015,Leave_One_experiments\wth_generated_qc\HLA\HLA2015.WTH,dry_year;nitrogen_stress_year;low_response_year,dry,HLA2015_normal_grid_S0022,top_yield,2015-09-13,256,137,132,"{""sim_day"": 137.0, ""doy"": 256.0, ""topwt"": 16555.60302734375, ""grnwt"": 4997.0050048828125, ""xlai"": 2.619743585586548, ""totir"": 30.0, ""tofer"": NaN, ""swfac"": 0.0, ""nstres"": 0.0}",0.0,0.0,16555.60302734375,4997.0050048828125,2.619743585586548,30.0,,0.0,0.0,30.0,225.0,-1.3531005859374972,10.646899414062505,Leave_One_experiments/all_year_offline_schedule_search/daily_outputs/HLA/HLA_2015_HLA2015_normal_grid_S0022_daily.csv
HLA,HLA,Hailun,2015,Leave_One_experiments\wth_generated_qc\HLA\HLA2015.WTH,dry_year;nitrogen_stress_year;low_response_year,dry,HLA2015_normal_grid_S0022,top_yield,2015-09-14,257,138,133,"{""sim_day"": 138.0, ""doy"": 257.0, ""topwt"": 16720.2880859375, ""grnwt"": 5161.689453125, ""xlai"": 2.619743585586548, ""totir"": 30.0, ""tofer"": NaN, ""swfac"": 0.0, ""nstres"": 0.0}",0.0,0.0,16720.2880859375,5161.689453125,2.619743585586548,30.0,,0.0,0.0,30.0,225.0,-1.3531005859374972,10.646899414062505,Leave_One_experiments/all_year_offline_schedule_search/daily_outputs/HLA/HLA_2015_HLA2015_normal_grid_S0022_daily.csv
HLA,HLA,Hailun,2015,Leave_One_experiments\wth_generated_qc\HLA\HLA2015.WTH,dry_year;nitrogen_stress_year;low_response_year,dry,HLA2015_normal_grid_S0022,top_yield,2015-09-15,258,139,134,"{""sim_day"": 139.0, ""doy"": 258.0, ""topwt"": 16884.97314453125, ""grnwt"": 5326.37451171875, ""xlai"": 2.619743585586548, ""totir"": 30.0, ""tofer"": NaN, ""swfac"": 0.0, ""nstres"": 0.0}",0.0,0.0,16884.97314453125,5326.37451171875,2.619743585586548,30.0,,0.0,0.0,30.0,225.0,-1.3531005859374972,10.646899414062505,Leave_One_experiments/all_year_offline_schedule_search/daily_outputs/HLA/HLA_2015_HLA2015_normal_grid_S0022_daily.csv
HLA,HLA,Hailun,2015,Leave_One_experiments\wth_generated_qc\HLA\HLA2015.WTH,dry_year;nitrogen_stress_year;low_response_year,dry,HLA2015_normal_grid_S0022,top_yield,2015-09-16,259,140,135,"{""sim_day"": 140.0, ""doy"": 259.0, ""topwt"": 17049.658203125, ""grnwt"": 5491.0589599609375, ""xlai"": 2.619743585586548, ""totir"": 30.0, ""tofer"": NaN, ""swfac"": 0.0, ""nstres"": 0.0}",0.0,0.0,17049.658203125,5491.0589599609375,2.619743585586548,30.0,,0.0,0.0,30.0,225.0,-1.3531005859374972,10.646899414062505,Leave_One_experiments/all_year_offline_schedule_search/daily_outputs/HLA/HLA_2015_HLA2015_normal_grid_S0022_daily.csv
HLA,HLA,Hailun,2015,Leave_One_experiments\wth_generated_qc\HLA\HLA2015.WTH,dry_year;nitrogen_stress_year;low_response_year,dry,HLA2015_normal_grid_S0022,top_yield,2015-09-17,260,141,136,"{""sim_day"": 141.0, ""doy"": 260.0, ""topwt"": 17214.34326171875, ""grnwt"": 5655.744018554688, ""xlai"": 2.50123929977417, ""totir"": 30.0, ""tofer"": NaN, ""swfac"": 0.0, ""nstres"": 0.0}",0.0,0.0,17214.34326171875,5655.744018554688,2.50123929977417,30.0,,0.0,0.0,30.0,225.0,-1.3531005859374972,10.646899414062505,Leave_One_experiments/all_year_offline_schedule_search/daily_outputs/HLA/HLA_2015_HLA2015_normal_grid_S0022_daily.csv
HLA,HLA,Hailun,2015,Leave_One_experiments\wth_generated_qc\HLA\HLA2015.WTH,dry_year;nitrogen_stress_year;low_response_year,dry,HLA2015_normal_grid_S0022,top_yield,2015-09-18,261,142,137,"{""sim_day"": 142.0, ""doy"": 261.0, ""topwt"": 17353.1494140625, ""grnwt"": 5794.549560546875, ""xlai"": 2.4411208629608154, ""totir"": 30.0, ""tofer"": NaN, ""swfac"": 0.0, ""nstres"": 0.0087485313415527}",0.0,0.0087485313415527,17353.1494140625,5794.549560546875,2.4411208629608154,30.0,,0.0,0.0,30.0,225.0,-1.3531005859374972,10.646899414062505,Leave_One_experiments/all_year_offline_schedule_search/daily_outputs/HLA/HLA_2015_HLA2015_normal_grid_S0022_daily.csv
HLA,HLA,Hailun,2015,Leave_One_experiments\wth_generated_qc\HLA\HLA2015.WTH,dry_year;nitrogen_stress_year;low_response_year,dry,HLA2015_normal_grid_S0022,top_yield,2015-09-19,262,143,138,"{""sim_day"": 143.0, ""doy"": 262.0, ""topwt"": 17463.72314453125, ""grnwt"": 5905.123291015625, ""xlai"": 2.2214198112487797, ""totir"": 30.0, ""tofer"": NaN, ""swfac"": 0.0, ""nstres"": 0.0250328779220581}",0.0,0.0250328779220581,17463.72314453125,5905.123291015625,2.2214198112487797,30.0,,0.0,0.0,30.0,225.0,-1.3531005859374972,10.646899414062505,Leave_One_experiments/all_year_offline_schedule_search/daily_outputs/HLA/HLA_2015_HLA2015_normal_grid_S0022_daily.csv
HLA,HLA,Hailun,2015,Leave_One_experiments\wth_generated_qc\HLA\HLA2015.WTH,dry_year;nitrogen_stress_year;low_response_year,dry,HLA2015_normal_grid_S0022,top_yield,2015-09-20,263,144,139,"{""sim_day"": 144.0, ""doy"": 263.0, ""topwt"": 17628.408203125, ""grnwt"": 6069.808349609375, ""xlai"": 2.211702585220337, ""totir"": 30.0, ""tofer"": NaN, ""swfac"": 0.0, ""nstres"": 0.0349951982498168}",0.0,0.0349951982498168,17628.408203125,6069.808349609375,2.211702585220337,30.0,,0.0,0.0,30.0,225.0,-1.3531005859374972,10.646899414062505,Leave_One_experiments/all_year_offline_schedule_search/daily_outputs/HLA/HLA_2015_HLA2015_normal_grid_S0022_daily.csv
HLA,HLA,Hailun,2015,Leave_One_experiments\wth_generated_qc\HLA\HLA2015.WTH,dry_year;nitrogen_stress_year;low_response_year,dry,HLA2015_normal_grid_S0022,top_yield,2015-09-21,264,145,140,"{""sim_day"": 145.0, ""doy"": 264.0, ""topwt"": 17647.34130859375, ""grnwt"": 6131.761474609375, ""xlai"": 2.195544958114624, ""totir"": 30.0, ""tofer"": NaN, ""swfac"": 0.0, ""nstres"": 0.0584438443183898}",0.0,0.0584438443183898,17647.34130859375,6131.761474609375,2.195544958114624,30.0,,0.0,0.0,30.0,225.0,-1.3531005859374972,10.646899414062505,Leave_One_experiments/all_year_offline_schedule_search/daily_outputs/HLA/HLA_2015_HLA2015_normal_grid_S0022_daily.csv
HLA,HLA,Hailun,2015,Leave_One_experiments\wth_generated_qc\HLA\HLA2015.WTH,dry_year;nitrogen_stress_year;low_response_year,dry,HLA2015_normal_grid_S0022,top_yield,2015-09-22,265,146,141,"{""sim_day"": 146.0, ""doy"": 265.0, ""topwt"": 17673.802490234375, ""grnwt"": 6159.99267578125, ""xlai"": 2.139338731765747, ""totir"": 30.0, ""tofer"": NaN, ""swfac"": 0.0, ""nstres"": 0.0676831007003784}",0.0,0.0676831007003784,17673.802490234375,6159.99267578125,2.139338731765747,30.0,,0.0,0.0,30.0,225.0,-1.3531005859374972,10.646899414062505,Leave_One_experiments/all_year_offline_schedule_search/daily_outputs/HLA/HLA_2015_HLA2015_normal_grid_S0022_daily.csv
HLA,HLA,Hailun,2015,Leave_One_experiments\wth_generated_qc\HLA\HLA2015.WTH,dry_year;nitrogen_stress_year;low_response_year,dry,HLA2015_normal_grid_S0022,top_yield,2015-09-23,266,147,142,"{""sim_day"": 147.0, ""doy"": 266.0, ""topwt"": 17759.027099609375, ""grnwt"": 6204.692993164063, ""xlai"": 1.6667587757110596, ""totir"": 30.0, ""tofer"": NaN, ""swfac"": 0.0, ""nstres"": 0.0671219825744628}",0.0,0.0671219825744628,17759.027099609375,6204.692993164063,1.6667587757110596,30.0,,0.0,0.0,30.0,225.0,-1.3531005859374972,10.646899414062505,Leave_One_experiments/all_year_offline_schedule_search/daily_outputs/HLA/HLA_2015_HLA2015_normal_grid_S0022_daily.csv
HLA,HLA,Hailun,2015,Leave_One_experiments\wth_generated_qc\HLA\HLA2015.WTH,dry_year;nitrogen_stress_year;low_response_year,dry,HLA2015_normal_grid_S0022,top_yield,2015-09-24,267,148,143,"{""sim_day"": 148.0, ""doy"": 267.0, ""topwt"": 17791.612548828125, ""grnwt"": 6263.509521484375, ""xlai"": 1.6065888404846191, ""totir"": 30.0, ""tofer"": NaN, ""swfac"": 0.0, ""nstres"": 0.0726170539855957}",0.0,0.0726170539855957,17791.612548828125,6263.509521484375,1.6065888404846191,30.0,,0.0,0.0,30.0,225.0,-1.3531005859374972,10.646899414062505,Leave_One_experiments/all_year_offline_schedule_search/daily_outputs/HLA/HLA_2015_HLA2015_normal_grid_S0022_daily.csv
HLA,HLA,Hailun,2015,Leave_One_experiments\wth_generated_qc\HLA\HLA2015.WTH,dry_year;nitrogen_stress_year;low_response_year,dry,HLA2015_normal_grid_S0022,top_yield,2015-09-25,268,149,144,"{""sim_day"": 149.0, ""doy"": 268.0, ""topwt"": 17813.74267578125, ""grnwt"": 6327.81494140625, ""xlai"": 1.5896837711334229, ""totir"": 30.0, ""tofer"": NaN, ""swfac"": 0.0, ""nstres"": 0.0841789245605468}",0.0,0.0841789245605468,17813.74267578125,6327.81494140625,1.5896837711334229,30.0,,0.0,0.0,30.0,225.0,-1.3531005859374972,10.646899414062505,Leave_One_experiments/all_year_offline_schedule_search/daily_outputs/HLA/HLA_2015_HLA2015_normal_grid_S0022_daily.csv
HLA,HLA,Hailun,2015,Leave_One_experiments\wth_generated_qc\HLA\HLA2015.WTH,dry_year;nitrogen_stress_year;low_response_year,dry,HLA2015_normal_grid_S0022,top_yield,2015-09-26,269,150,145,"{""sim_day"": 150.0, ""doy"": 269.0, ""topwt"": 17881.943359375, ""grnwt"": 6378.004150390625, ""xlai"": 1.4269001483917236, ""totir"": 30.0, ""tofer"": NaN, ""swfac"": 0.0, ""nstres"": 0.0901494026184082}",0.0,0.0901494026184082,17881.943359375,6378.004150390625,1.4269001483917236,30.0,,0.0,0.0,30.0,225.0,-1.3531005859374972,10.646899414062505,Leave_One_experiments/all_year_offline_schedule_search/daily_outputs/HLA/HLA_2015_HLA2015_normal_grid_S0022_daily.csv
HLA,HLA,Hailun,2015,Leave_One_experiments\wth_generated_qc\HLA\HLA2015.WTH,dry_year;nitrogen_stress_year;low_response_year,dry,HLA2015_normal_grid_S0022,top_yield,2015-09-27,270,151,146,"{""sim_day"": 151.0, ""doy"": 270.0, ""topwt"": 17945.94482421875, ""grnwt"": 6415.646362304688, ""xlai"": 1.010816216468811, ""totir"": 30.0, ""tofer"": NaN, ""swfac"": 0.0, ""nstres"": 0.0929667949676513}",0.0,0.0929667949676513,17945.94482421875,6415.646362304688,1.010816216468811,30.0,,0.0,0.0,30.0,225.0,-1.3531005859374972,10.646899414062505,Leave_One_experiments/all_year_offline_schedule_search/daily_outputs/HLA/HLA_2015_HLA2015_normal_grid_S0022_daily.csv
HLA,HLA,Hailun,2015,Leave_One_experiments\wth_generated_qc\HLA\HLA2015.WTH,dry_year;nitrogen_stress_year;low_response_year,dry,HLA2015_normal_grid_S0022,top_yield,2015-09-28,271,152,147,"{""sim_day"": 152.0, ""doy"": 271.0, ""topwt"": 17991.497802734375, ""grnwt"": 6432.8985595703125, ""xlai"": 0.3144648373126983, ""totir"": 30.0, ""tofer"": NaN, ""swfac"": 0.0, ""nstres"": 0.0992591977119445}",0.0,0.0992591977119445,17991.497802734375,6432.8985595703125,0.3144648373126983,30.0,,0.0,0.0,30.0,225.0,-1.3531005859374972,10.646899414062505,Leave_One_experiments/all_year_offline_schedule_search/daily_outputs/HLA/HLA_2015_HLA2015_normal_grid_S0022_daily.csv
HLA,HLA,Hailun,2015,Leave_One_experiments\wth_generated_qc\HLA\HLA2015.WTH,dry_year;nitrogen_stress_year;low_response_year,dry,HLA2015_normal_grid_S0022,top_yield,2015-09-29,272,153,148,"{""sim_day"": 153.0, ""doy"": 272.0, ""topwt"": 18030.406494140625, ""grnwt"": 6512.1038818359375, ""xlai"": 0.2948105335235595, ""totir"": 30.0, ""tofer"": NaN, ""swfac"": 0.0, ""nstres"": 0.1024299263954162}",0.0,0.1024299263954162,18030.406494140625,6512.1038818359375,0.2948105335235595,30.0,,0.0,0.0,30.0,225.0,-1.3531005859374972,10.646899414062505,Leave_One_experiments/all_year_offline_schedule_search/daily_outputs/HLA/HLA_2015_HLA2015_normal_grid_S0022_daily.csv
HLA,HLA,Hailun,2015,Leave_One_experiments\wth_generated_qc\HLA\HLA2015.WTH,dry_year;nitrogen_stress_year;low_response_year,dry,HLA2015_normal_grid_S0022,top_yield,2015-09-30,273,154,149,"{""sim_day"": 154.0, ""doy"": 273.0, ""topwt"": 18037.66845703125, ""grnwt"": 6556.80419921875, ""xlai"": 0.2818095684051513, ""totir"": 30.0, ""tofer"": NaN, ""swfac"": 0.0, ""nstres"": 0.1154556274414062}",0.0,0.1154556274414062,18037.66845703125,6556.80419921875,0.2818095684051513,30.0,,0.0,0.0,30.0,225.0,-1.3531005859374972,10.646899414062505,Leave_One_experiments/all_year_offline_schedule_search/daily_outputs/HLA/HLA_2015_HLA2015_normal_grid_S0022_daily.csv
HLA,HLA,Hailun,2015,Leave_One_experiments\wth_generated_qc\HLA\HLA2015.WTH,dry_year;nitrogen_stress_year;low_response_year,dry,HLA2015_normal_grid_S0022,top_yield,2015-10-01,274,155,150,"{""sim_day"": 155.0, ""doy"": 274.0, ""topwt"": 18040.4541015625, ""grnwt"": 6556.80419921875, ""xlai"": 0.1515009701251983, ""totir"": 30.0, ""tofer"": NaN, ""swfac"": 0.0, ""nstres"": 0.119089663028717}",0.0,0.119089663028717,18040.4541015625,6556.80419921875,0.1515009701251983,30.0,,0.0,0.0,30.0,225.0,-1.3531005859374972,10.646899414062505,Leave_One_experiments/all_year_offline_schedule_search/daily_outputs/HLA/HLA_2015_HLA2015_normal_grid_S0022_daily.csv
HLA,HLA,Hailun,2015,Leave_One_experiments\wth_generated_qc\HLA\HLA2015.WTH,dry_year;nitrogen_stress_year;low_response_year,dry,HLA2015_normal_grid_S0022,top_yield,2015-10-02,275,156,151,"{""sim_day"": 156.0, ""doy"": 275.0, ""topwt"": 18040.95458984375, ""grnwt"": 6556.80419921875, ""xlai"": 0.1136259734630584, ""totir"": 30.0, ""tofer"": NaN, ""swfac"": 0.0, ""nstres"": 0.1173977255821228}",0.0,0.1173977255821228,18040.95458984375,6556.80419921875,0.1136259734630584,30.0,,0.0,0.0,30.0,225.0,-1.3531005859374972,10.646899414062505,Leave_One_experiments/all_year_offline_schedule_search/daily_outputs/HLA/HLA_2015_HLA2015_normal_grid_S0022_daily.csv
HLA,HLA,Hailun,2015,Leave_One_experiments\wth_generated_qc\HLA\HLA2015.WTH,dry_year;nitrogen_stress_year;low_response_year,dry,HLA2015_normal_grid_S0022,top_yield,2015-10-03,276,157,152,"{""sim_day"": 157.0, ""doy"": 276.0, ""topwt"": 18054.73388671875, ""grnwt"": 6592.093505859375, ""xlai"": 0.0740727484226226, ""totir"": 30.0, ""tofer"": NaN, ""swfac"": 0.0, ""nstres"": 0.1174590587615966}",0.0,0.1174590587615966,18054.73388671875,6592.093505859375,0.0740727484226226,30.0,,0.0,0.0,30.0,225.0,-1.3531005859374972,10.646899414062505,Leave_One_experiments/all_year_offline_schedule_search/daily_outputs/HLA/HLA_2015_HLA2015_normal_grid_S0022_daily.csv
HLA,HLA,Hailun,2015,Leave_One_experiments\wth_generated_qc\HLA\HLA2015.WTH,dry_year;nitrogen_stress_year;low_response_year,dry,HLA2015_normal_grid_S0022,top_yield,2015-10-04,277,158,153,"{""sim_day"": 158.0, ""doy"": 277.0, ""topwt"": 18063.9404296875, ""grnwt"": 6684.630737304688, ""xlai"": 0.0713989213109016, ""totir"": 30.0, ""tofer"": NaN, ""swfac"": 0.0, ""nstres"": 0.1205495595932006}",0.0,0.1205495595932006,18063.9404296875,6684.630737304688,0.0713989213109016,30.0,,0.0,0.0,30.0,225.0,-1.3531005859374972,10.646899414062505,Leave_One_experiments/all_year_offline_schedule_search/daily_outputs/HLA/HLA_2015_HLA2015_normal_grid_S0022_daily.csv
HLA,HLA,Hailun,2015,Leave_One_experiments\wth_generated_qc\HLA\HLA2015.WTH,dry_year;nitrogen_stress_year;low_response_year,dry,HLA2015_normal_grid_S0022,top_yield,2015-10-05,278,159,154,"{""sim_day"": 159.0, ""doy"": 278.0, ""topwt"": 18071.376953125, ""grnwt"": 6825.0048828125, ""xlai"": 0.0702578127384185, ""totir"": 30.0, ""tofer"": NaN, ""swfac"": 0.0, ""nstres"": 0.1278749704360962}",0.0,0.1278749704360962,18071.376953125,6825.0048828125,0.0702578127384185,30.0,,0.0,0.0,30.0,225.0,-1.3531005859374972,10.646899414062505,Leave_One_experiments/all_year_offline_schedule_search/daily_outputs/HLA/HLA_2015_HLA2015_normal_grid_S0022_daily.csv
HLA,HLA,Hailun,2015,Leave_One_experiments\wth_generated_qc\HLA\HLA2015.WTH,dry_year;nitrogen_stress_year;low_response_year,dry,HLA2015_normal_grid_S0022,top_yield,2015-10-06,279,160,155,"{""sim_day"": 160.0, ""doy"": 279.0, ""topwt"": 18081.549072265625, ""grnwt"": 6989.68994140625, ""xlai"": 0.06907519698143, ""totir"": 30.0, ""tofer"": NaN, ""swfac"": 0.0, ""nstres"": 0.1346622705459594}",0.0,0.1346622705459594,18081.549072265625,6989.68994140625,0.06907519698143,30.0,,0.0,0.0,30.0,225.0,-1.3531005859374972,10.646899414062505,Leave_One_experiments/all_year_offline_schedule_search/daily_outputs/HLA/HLA_2015_HLA2015_normal_grid_S0022_daily.csv
HLA,HLA,Hailun,2015,Leave_One_experiments\wth_generated_qc\HLA\HLA2015.WTH,dry_year;nitrogen_stress_year;low_response_year,dry,HLA2015_normal_grid_S0022,top_yield,2015-10-07,280,161,156,"{""sim_day"": 161.0, ""doy"": 280.0, ""topwt"": 18081.549072265625, ""grnwt"": 6989.68994140625, ""xlai"": 0.06907519698143, ""totir"": 30.0, ""tofer"": NaN, ""swfac"": 0.0, ""nstres"": 0.1444931030273437}",0.0,0.1444931030273437,18081.549072265625,6989.68994140625,0.06907519698143,30.0,,0.0,0.0,30.0,225.0,-1.3531005859374972,10.646899414062505,Leave_One_experiments/all_year_offline_schedule_search/daily_outputs/HLA/HLA_2015_HLA2015_normal_grid_S0022_daily.csv
HLA,HLA,Hailun,2015,Leave_One_experiments\wth_generated_qc\HLA\HLA2015.WTH,dry_year;nitrogen_stress_year;low_response_year,dry,HLA2015_normal_grid_S0022,top_yield,2015-10-08,281,162,157,"{""sim_day"": 162.0, ""doy"": 281.0, ""topwt"": 18081.549072265625, ""grnwt"": 6989.68994140625, ""xlai"": 0.06907519698143, ""totir"": 30.0, ""tofer"": NaN, ""swfac"": 0.0, ""nstres"": 0.1444931030273437}",0.0,0.1444931030273437,18081.549072265625,6989.68994140625,0.06907519698143,30.0,,0.0,0.0,30.0,225.0,-1.3531005859374972,10.646899414062505,Leave_One_experiments/all_year_offline_schedule_search/daily_outputs/HLA/HLA_2015_HLA2015_normal_grid_S0022_daily.csv
HLA,HLA,Hailun,2017,Leave_One_experiments\wth_generated_qc\HLA\HLA2017.WTH,normal_year;nitrogen_stress_year;low_response_year,normal,HLA2017_normal_grid_S0013,irrigation_positive_candidate,2017-05-05,125,1,1,"{""sim_day"": 1.0, ""doy"": 125.0, ""topwt"": 0.0, ""grnwt"": 0.0, ""xlai"": 0.0, ""totir"": 0.0, ""tofer"": NaN, ""swfac"": 0.0, ""nstres"": 0.0}",0.0,0.0,0.0,0.0,0.0,0.0,,0.0,50.0,30.0,150.0,3.0771850585937486,15.077185058593749,Leave_One_experiments/all_year_offline_schedule_search/daily_outputs/HLA/HLA_2017_HLA2017_normal_grid_S0013_daily.csv
HLA,HLA,Hailun,2017,Leave_One_experiments\wth_generated_qc\HLA\HLA2017.WTH,normal_year;nitrogen_stress_year;low_response_year,normal,HLA2017_normal_grid_S0013,irrigation_positive_candidate,2017-05-06,126,2,2,"{""sim_day"": 2.0, ""doy"": 126.0, ""topwt"": 0.0, ""grnwt"": 0.0, ""xlai"": 0.0, ""totir"": 0.0, ""tofer"": NaN, ""swfac"": 0.0, ""nstres"": 0.0}",0.0,0.0,0.0,0.0,0.0,0.0,,0.0,0.0,30.0,150.0,3.0771850585937486,15.077185058593749,Leave_One_experiments/all_year_offline_schedule_search/daily_outputs/HLA/HLA_2017_HLA2017_normal_grid_S0013_daily.csv
HLA,HLA,Hailun,2017,Leave_One_experiments\wth_generated_qc\HLA\HLA2017.WTH,normal_year;nitrogen_stress_year;low_response_year,normal,HLA2017_normal_grid_S0013,irrigation_positive_candidate,2017-05-07,127,3,3,"{""sim_day"": 3.0, ""doy"": 127.0, ""topwt"": 0.0, ""grnwt"": 0.0, ""xlai"": 0.0, ""totir"": 0.0, ""tofer"": NaN, ""swfac"": 0.0, ""nstres"": 0.0}",0.0,0.0,0.0,0.0,0.0,0.0,,0.0,0.0,30.0,150.0,3.0771850585937486,15.077185058593749,Leave_One_experiments/all_year_offline_schedule_search/daily_outputs/HLA/HLA_2017_HLA2017_normal_grid_S0013_daily.csv
HLA,HLA,Hailun,2017,Leave_One_experiments\wth_generated_qc\HLA\HLA2017.WTH,normal_year;nitrogen_stress_year;low_response_year,normal,HLA2017_normal_grid_S0013,irrigation_positive_candidate,2017-05-08,128,4,4,"{""sim_day"": 4.0, ""doy"": 128.0, ""topwt"": 0.0, ""grnwt"": 0.0, ""xlai"": 0.0, ""totir"": 0.0, ""tofer"": NaN, ""swfac"": 0.0, ""nstres"": 0.0}",0.0,0.0,0.0,0.0,0.0,0.0,,0.0,0.0,30.0,150.0,3.0771850585937486,15.077185058593749,Leave_One_experiments/all_year_offline_schedule_search/daily_outputs/HLA/HLA_2017_HLA2017_normal_grid_S0013_daily.csv
HLA,HLA,Hailun,2017,Leave_One_experiments\wth_generated_qc\HLA\HLA2017.WTH,normal_year;nitrogen_stress_year;low_response_year,normal,HLA2017_normal_grid_S0013,irrigation_positive_candidate,2017-05-09,129,5,5,"{""sim_day"": 5.0, ""doy"": 129.0, ""topwt"": 0.0, ""grnwt"": 0.0, ""xlai"": 0.0, ""totir"": 0.0, ""tofer"": NaN, ""swfac"": 0.0, ""nstres"": 0.0}",0.0,0.0,0.0,0.0,0.0,0.0,,0.0,0.0,30.0,150.0,3.0771850585937486,15.077185058593749,Leave_One_experiments/all_year_offline_schedule_search/daily_outputs/HLA/HLA_2017_HLA2017_normal_grid_S0013_daily.csv
HLA,HLA,Hailun,2017,Leave_One_experiments\wth_generated_qc\HLA\HLA2017.WTH,normal_year;nitrogen_stress_year;low_response_year,normal,HLA2017_normal_grid_S0013,irrigation_positive_candidate,2017-05-05,125,6,1,"{""sim_day"": 6.0, ""doy"": 125.0, ""topwt"": 0.0, ""grnwt"": 0.0, ""xlai"": 0.0, ""totir"": 0.0, ""tofer"": NaN, ""swfac"": 0.0, ""nstres"": 0.0}",0.0,0.0,0.0,0.0,0.0,0.0,,0.0,0.0,30.0,150.0,3.0771850585937486,15.077185058593749,Leave_One_experiments/all_year_offline_schedule_search/daily_outputs/HLA/HLA_2017_HLA2017_normal_grid_S0013_daily.csv
HLA,HLA,Hailun,2017,Leave_One_experiments\wth_generated_qc\HLA\HLA2017.WTH,normal_year;nitrogen_stress_year;low_response_year,normal,HLA2017_normal_grid_S0013,irrigation_positive_candidate,2017-05-06,126,7,2,"{""sim_day"": 7.0, ""doy"": 126.0, ""topwt"": 0.0, ""grnwt"": 0.0, ""xlai"": 0.0, ""totir"": 0.0, ""tofer"": NaN, ""swfac"": 0.0, ""nstres"": 0.0}",0.0,0.0,0.0,0.0,0.0,0.0,,0.0,0.0,30.0,150.0,3.0771850585937486,15.077185058593749,Leave_One_experiments/all_year_offline_schedule_search/daily_outputs/HLA/HLA_2017_HLA2017_normal_grid_S0013_daily.csv
HLA,HLA,Hailun,2017,Leave_One_experiments\wth_generated_qc\HLA\HLA2017.WTH,normal_year;nitrogen_stress_year;low_response_year,normal,HLA2017_normal_grid_S0013,irrigation_positive_candidate,2017-05-07,127,8,3,"{""sim_day"": 8.0, ""doy"": 127.0, ""topwt"": 0.0, ""grnwt"": 0.0, ""xlai"": 0.0, ""totir"": 0.0, ""tofer"": NaN, ""swfac"": 0.0, ""nstres"": 0.0}",0.0,0.0,0.0,0.0,0.0,0.0,,0.0,0.0,30.0,150.0,3.0771850585937486,15.077185058593749,Leave_One_experiments/all_year_offline_schedule_search/daily_outputs/HLA/HLA_2017_HLA2017_normal_grid_S0013_daily.csv
HLA,HLA,Hailun,2017,Leave_One_experiments\wth_generated_qc\HLA\HLA2017.WTH,normal_year;nitrogen_stress_year;low_response_year,normal,HLA2017_normal_grid_S0013,irrigation_positive_candidate,2017-05-08,128,9,4,"{""sim_day"": 9.0, ""doy"": 128.0, ""topwt"": 0.0, ""grnwt"": 0.0, ""xlai"": 0.0, ""totir"": 0.0, ""tofer"": NaN, ""swfac"": 0.0, ""nstres"": 0.0}",0.0,0.0,0.0,0.0,0.0,0.0,,0.0,0.0,30.0,150.0,3.0771850585937486,15.077185058593749,Leave_One_experiments/all_year_offline_schedule_search/daily_outputs/HLA/HLA_2017_HLA2017_normal_grid_S0013_daily.csv
HLA,HLA,Hailun,2017,Leave_One_experiments\wth_generated_qc\HLA\HLA2017.WTH,normal_year;nitrogen_stress_year;low_response_year,normal,HLA2017_normal_grid_S0013,irrigation_positive_candidate,2017-05-09,129,10,5,"{""sim_day"": 10.0, ""doy"": 129.0, ""topwt"": 0.0, ""grnwt"": 0.0, ""xlai"": 0.0, ""totir"": 0.0, ""tofer"": NaN, ""swfac"": 0.0, ""nstres"": 0.0}",0.0,0.0,0.0,0.0,0.0,0.0,,0.0,0.0,30.0,150.0,3.0771850585937486,15.077185058593749,Leave_One_experiments/all_year_offline_schedule_search/daily_outputs/HLA/HLA_2017_HLA2017_normal_grid_S0013_daily.csv
HLA,HLA,Hailun,2017,Leave_One_experiments\wth_generated_qc\HLA\HLA2017.WTH,normal_year;nitrogen_stress_year;low_response_year,normal,HLA2017_normal_grid_S0013,irrigation_positive_candidate,2017-05-10,130,11,6,"{""sim_day"": 11.0, ""doy"": 130.0, ""topwt"": 0.0, ""grnwt"": 0.0, ""xlai"": 0.0, ""totir"": 0.0, ""tofer"": NaN, ""swfac"": 0.0, ""nstres"": 0.0}",0.0,0.0,0.0,0.0,0.0,0.0,,0.0,0.0,30.0,150.0,3.0771850585937486,15.077185058593749,Leave_One_experiments/all_year_offline_schedule_search/daily_outputs/HLA/HLA_2017_HLA2017_normal_grid_S0013_daily.csv
HLA,HLA,Hailun,2017,Leave_One_experiments\wth_generated_qc\HLA\HLA2017.WTH,normal_year;nitrogen_stress_year;low_response_year,normal,HLA2017_normal_grid_S0013,irrigation_positive_candidate,2017-05-11,131,12,7,"{""sim_day"": 12.0, ""doy"": 131.0, ""topwt"": 0.0, ""grnwt"": 0.0, ""xlai"": 0.0, ""totir"": 0.0, ""tofer"": NaN, ""swfac"": 0.0, ""nstres"": 0.0}",0.0,0.0,0.0,0.0,0.0,0.0,,0.0,0.0,30.0,150.0,3.0771850585937486,15.077185058593749,Leave_One_experiments/all_year_offline_schedule_search/daily_outputs/HLA/HLA_2017_HLA2017_normal_grid_S0013_daily.csv
HLA,HLA,Hailun,2017,Leave_One_experiments\wth_generated_qc\HLA\HLA2017.WTH,normal_year;nitrogen_stress_year;low_response_year,normal,HLA2017_normal_grid_S0013,irrigation_positive_candidate,2017-05-12,132,13,8,"{""sim_day"": 13.0, ""doy"": 132.0, ""topwt"": 0.0, ""grnwt"": 0.0, ""xlai"": 0.0, ""totir"": 0.0, ""tofer"": NaN, ""swfac"": 0.0, ""nstres"": 0.0}",0.0,0.0,0.0,0.0,0.0,0.0,,0.0,0.0,30.0,150.0,3.0771850585937486,15.077185058593749,Leave_One_experiments/all_year_offline_schedule_search/daily_outputs/HLA/HLA_2017_HLA2017_normal_grid_S0013_daily.csv
HLA,HLA,Hailun,2017,Leave_One_experiments\wth_generated_qc\HLA\HLA2017.WTH,normal_year;nitrogen_stress_year;low_response_year,normal,HLA2017_normal_grid_S0013,irrigation_positive_candidate,2017-05-13,133,14,9,"{""sim_day"": 14.0, ""doy"": 133.0, ""topwt"": 0.0, ""grnwt"": 0.0, ""xlai"": 0.0, ""totir"": 0.0, ""tofer"": NaN, ""swfac"": 0.0, ""nstres"": 0.0}",0.0,0.0,0.0,0.0,0.0,0.0,,0.0,0.0,30.0,150.0,3.0771850585937486,15.077185058593749,Leave_One_experiments/all_year_offline_schedule_search/daily_outputs/HLA/HLA_2017_HLA2017_normal_grid_S0013_daily.csv
HLA,HLA,Hailun,2017,Leave_One_experiments\wth_generated_qc\HLA\HLA2017.WTH,normal_year;nitrogen_stress_year;low_response_year,normal,HLA2017_normal_grid_S0013,irrigation_positive_candidate,2017-05-14,134,15,10,"{""sim_day"": 15.0, ""doy"": 134.0, ""topwt"": 0.0, ""grnwt"": 0.0, ""xlai"": 0.0, ""totir"": 0.0, ""tofer"": NaN, ""swfac"": 0.0, ""nstres"": 0.0}",0.0,0.0,0.0,0.0,0.0,0.0,,0.0,0.0,30.0,150.0,3.0771850585937486,15.077185058593749,Leave_One_experiments/all_year_offline_schedule_search/daily_outputs/HLA/HLA_2017_HLA2017_normal_grid_S0013_daily.csv
HLA,HLA,Hailun,2017,Leave_One_experiments\wth_generated_qc\HLA\HLA2017.WTH,normal_year;nitrogen_stress_year;low_response_year,normal,HLA2017_normal_grid_S0013,irrigation_positive_candidate,2017-05-15,135,16,11,"{""sim_day"": 16.0, ""doy"": 135.0, ""topwt"": 20.0, ""grnwt"": 0.0, ""xlai"": 0.0020113089121878, ""totir"": 0.0, ""tofer"": NaN, ""swfac"": 0.0, ""nstres"": 0.0121910572052001}",0.0,0.0121910572052001,20.0,0.0,0.0020113089121878,0.0,,0.0,0.0,30.0,150.0,3.0771850585937486,15.077185058593749,Leave_One_experiments/all_year_offline_schedule_search/daily_outputs/HLA/HLA_2017_HLA2017_normal_grid_S0013_daily.csv
HLA,HLA,Hailun,2017,Leave_One_experiments\wth_generated_qc\HLA\HLA2017.WTH,normal_year;nitrogen_stress_year;low_response_year,normal,HLA2017_normal_grid_S0013,irrigation_positive_candidate,2017-05-16,136,17,12,"{""sim_day"": 17.0, ""doy"": 136.0, ""topwt"": 20.0, ""grnwt"": 0.0, ""xlai"": 0.0044344994239509, ""totir"": 0.0, ""tofer"": NaN, ""swfac"": 0.0, ""nstres"": 0.0118839144706726}",0.0,0.0118839144706726,20.0,0.0,0.0044344994239509,0.0,,0.0,0.0,30.0,150.0,3.0771850585937486,15.077185058593749,Leave_One_experiments/all_year_offline_schedule_search/daily_outputs/HLA/HLA_2017_HLA2017_normal_grid_S0013_daily.csv
HLA,HLA,Hailun,2017,Leave_One_experiments\wth_generated_qc\HLA\HLA2017.WTH,normal_year;nitrogen_stress_year;low_response_year,normal,HLA2017_normal_grid_S0013,irrigation_positive_candidate,2017-05-17,137,18,13,"{""sim_day"": 18.0, ""doy"": 137.0, ""topwt"": 20.0, ""grnwt"": 0.0, ""xlai"": 0.0078978706151247, ""totir"": 0.0, ""tofer"": NaN, ""swfac"": 0.0, ""nstres"": 0.0054238438606262}",0.0,0.0054238438606262,20.0,0.0,0.0078978706151247,0.0,,0.0,0.0,30.0,150.0,3.0771850585937486,15.077185058593749,Leave_One_experiments/all_year_offline_schedule_search/daily_outputs/HLA/HLA_2017_HLA2017_normal_grid_S0013_daily.csv
HLA,HLA,Hailun,2017,Leave_One_experiments\wth_generated_qc\HLA\HLA2017.WTH,normal_year;nitrogen_stress_year;low_response_year,normal,HLA2017_normal_grid_S0013,irrigation_positive_candidate,2017-05-18,138,19,14,"{""sim_day"": 19.0, ""doy"": 138.0, ""topwt"": 20.0, ""grnwt"": 0.0, ""xlai"": 0.0109876366332173, ""totir"": 0.0, ""tofer"": NaN, ""swfac"": 0.0, ""nstres"": 0.0001026391983032}",0.0,0.0001026391983032,20.0,0.0,0.0109876366332173,0.0,,0.0,0.0,30.0,150.0,3.0771850585937486,15.077185058593749,Leave_One_experiments/all_year_offline_schedule_search/daily_outputs/HLA/HLA_2017_HLA2017_normal_grid_S0013_daily.csv
HLA,HLA,Hailun,2017,Leave_One_experiments\wth_generated_qc\HLA\HLA2017.WTH,normal_year;nitrogen_stress_year;low_response_year,normal,HLA2017_normal_grid_S0013,irrigation_positive_candidate,2017-05-19,139,20,15,"{""sim_day"": 20.0, ""doy"": 139.0, ""topwt"": 20.0, ""grnwt"": 0.0, ""xlai"": 0.0125163737684488, ""totir"": 0.0, ""tofer"": NaN, ""swfac"": 0.0, ""nstres"": 0.0}",0.0,0.0,20.0,0.0,0.0125163737684488,0.0,,0.0,0.0,30.0,150.0,3.0771850585937486,15.077185058593749,Leave_One_experiments/all_year_offline_schedule_search/daily_outputs/HLA/HLA_2017_HLA2017_normal_grid_S0013_daily.csv
HLA,HLA,Hailun,2017,Leave_One_experiments\wth_generated_qc\HLA\HLA2017.WTH,normal_year;nitrogen_stress_year;low_response_year,normal,HLA2017_normal_grid_S0013,irrigation_positive_candidate,2017-05-20,140,21,16,"{""sim_day"": 21.0, ""doy"": 140.0, ""topwt"": 20.0, ""grnwt"": 0.0, ""xlai"": 0.0137979919090867, ""totir"": 0.0, ""tofer"": NaN, ""swfac"": 0.0, ""nstres"": 0.0}",0.0,0.0,20.0,0.0,0.0137979919090867,0.0,,0.0,0.0,30.0,150.0,3.0771850585937486,15.077185058593749,Leave_One_experiments/all_year_offline_schedule_search/daily_outputs/HLA/HLA_2017_HLA2017_normal_grid_S0013_daily.csv
HLA,HLA,Hailun,2017,Leave_One_experiments\wth_generated_qc\HLA\HLA2017.WTH,normal_year;nitrogen_stress_year;low_response_year,normal,HLA2017_normal_grid_S0013,irrigation_positive_candidate,2017-05-21,141,22,17,"{""sim_day"": 22.0, ""doy"": 141.0, ""topwt"": 20.0, ""grnwt"": 0.0, ""xlai"": 0.0146729918196797, ""totir"": 0.0, ""tofer"": NaN, ""swfac"": 0.0, ""nstres"": 0.0}",0.0,0.0,20.0,0.0,0.0146729918196797,0.0,,0.0,0.0,30.0,150.0,3.0771850585937486,15.077185058593749,Leave_One_experiments/all_year_offline_schedule_search/daily_outputs/HLA/HLA_2017_HLA2017_normal_grid_S0013_daily.csv
HLA,HLA,Hailun,2017,Leave_One_experiments\wth_generated_qc\HLA\HLA2017.WTH,normal_year;nitrogen_stress_year;low_response_year,normal,HLA2017_normal_grid_S0013,irrigation_positive_candidate,2017-05-22,142,23,18,"{""sim_day"": 23.0, ""doy"": 142.0, ""topwt"": 20.0, ""grnwt"": 0.0, ""xlai"": 0.0175681300461292, ""totir"": 0.0, ""tofer"": NaN, ""swfac"": 0.0, ""nstres"": 0.0}",0.0,0.0,20.0,0.0,0.0175681300461292,0.0,,0.0,0.0,30.0,150.0,3.0771850585937486,15.077185058593749,Leave_One_experiments/all_year_offline_schedule_search/daily_outputs/HLA/HLA_2017_HLA2017_normal_grid_S0013_daily.csv
HLA,HLA,Hailun,2017,Leave_One_experiments\wth_generated_qc\HLA\HLA2017.WTH,normal_year;nitrogen_stress_year;low_response_year,normal,HLA2017_normal_grid_S0013,irrigation_positive_candidate,2017-05-23,143,24,19,"{""sim_day"": 24.0, ""doy"": 143.0, ""topwt"": 20.0, ""grnwt"": 0.0, ""xlai"": 0.0210804361850023, ""totir"": 0.0, ""tofer"": NaN, ""swfac"": 0.0, ""nstres"": 0.0}",0.0,0.0,20.0,0.0,0.0210804361850023,0.0,,0.0,0.0,30.0,150.0,3.0771850585937486,15.077185058593749,Leave_One_experiments/all_year_offline_schedule_search/daily_outputs/HLA/HLA_2017_HLA2017_normal_grid_S0013_daily.csv
HLA,HLA,Hailun,2017,Leave_One_experiments\wth_generated_qc\HLA\HLA2017.WTH,normal_year;nitrogen_stress_year;low_response_year,normal,HLA2017_normal_grid_S0013,irrigation_positive_candidate,2017-05-24,144,25,20,"{""sim_day"": 25.0, ""doy"": 144.0, ""topwt"": 20.0, ""grnwt"": 0.0, ""xlai"": 0.0206488985568285, ""totir"": 0.0, ""tofer"": NaN, ""swfac"": 0.0, ""nstres"": 0.0}",0.0,0.0,20.0,0.0,0.0206488985568285,0.0,,0.0,0.0,30.0,150.0,3.0771850585937486,15.077185058593749,Leave_One_experiments/all_year_offline_schedule_search/daily_outputs/HLA/HLA_2017_HLA2017_normal_grid_S0013_daily.csv
HLA,HLA,Hailun,2017,Leave_One_experiments\wth_generated_qc\HLA\HLA2017.WTH,normal_year;nitrogen_stress_year;low_response_year,normal,HLA2017_normal_grid_S0013,irrigation_positive_candidate,2017-05-25,145,26,21,"{""sim_day"": 26.0, ""doy"": 145.0, ""topwt"": 20.31656265258789, ""grnwt"": 0.0, ""xlai"": 0.0303981099277734, ""totir"": 0.0, ""tofer"": NaN, ""swfac"": 0.0, ""nstres"": 0.0}",0.0,0.0,20.31656265258789,0.0,0.0303981099277734,0.0,,0.0,0.0,30.0,150.0,3.0771850585937486,15.077185058593749,Leave_One_experiments/all_year_offline_schedule_search/daily_outputs/HLA/HLA_2017_HLA2017_normal_grid_S0013_daily.csv
HLA,HLA,Hailun,2017,Leave_One_experiments\wth_generated_qc\HLA\HLA2017.WTH,normal_year;nitrogen_stress_year;low_response_year,normal,HLA2017_normal_grid_S0013,irrigation_positive_candidate,2017-05-26,146,27,22,"{""sim_day"": 27.0, ""doy"": 146.0, ""topwt"": 25.55394172668457, ""grnwt"": 0.0, ""xlai"": 0.0442201271653175, ""totir"": 0.0, ""tofer"": NaN, ""swfac"": 0.0, ""nstres"": 0.0}",0.0,0.0,25.55394172668457,0.0,0.0442201271653175,0.0,,0.0,0.0,30.0,150.0,3.0771850585937486,15.077185058593749,Leave_One_experiments/all_year_offline_schedule_search/daily_outputs/HLA/HLA_2017_HLA2017_normal_grid_S0013_daily.csv
HLA,HLA,Hailun,2017,Leave_One_experiments\wth_generated_qc\HLA\HLA2017.WTH,normal_year;nitrogen_stress_year;low_response_year,normal,HLA2017_normal_grid_S0013,irrigation_positive_candidate,2017-05-27,147,28,23,"{""sim_day"": 28.0, ""doy"": 147.0, ""topwt"": 32.07650184631348, ""grnwt"": 0.0, ""xlai"": 0.0601898282766342, ""totir"": 0.0, ""tofer"": NaN, ""swfac"": 0.0, ""nstres"": 0.0}",0.0,0.0,32.07650184631348,0.0,0.0601898282766342,0.0,,0.0,0.0,30.0,150.0,3.0771850585937486,15.077185058593749,Leave_One_experiments/all_year_offline_schedule_search/daily_outputs/HLA/HLA_2017_HLA2017_normal_grid_S0013_daily.csv
HLA,HLA,Hailun,2017,Leave_One_experiments\wth_generated_qc\HLA\HLA2017.WTH,normal_year;nitrogen_stress_year;low_response_year,normal,HLA2017_normal_grid_S0013,irrigation_positive_candidate,2017-05-28,148,29,24,"{""sim_day"": 29.0, ""doy"": 148.0, ""topwt"": 36.807382106781006, ""grnwt"": 0.0, ""xlai"": 0.071176990866661, ""totir"": 0.0, ""tofer"": NaN, ""swfac"": 0.0, ""nstres"": 0.0}",0.0,0.0,36.807382106781006,0.0,0.071176990866661,0.0,,0.0,0.0,30.0,150.0,3.0771850585937486,15.077185058593749,Leave_One_experiments/all_year_offline_schedule_search/daily_outputs/HLA/HLA_2017_HLA2017_normal_grid_S0013_daily.csv
HLA,HLA,Hailun,2017,Leave_One_experiments\wth_generated_qc\HLA\HLA2017.WTH,normal_year;nitrogen_stress_year;low_response_year,normal,HLA2017_normal_grid_S0013,irrigation_positive_candidate,2017-05-29,149,30,25,"{""sim_day"": 30.0, ""doy"": 149.0, ""topwt"": 40.86074352264404, ""grnwt"": 0.0, ""xlai"": 0.0802850052714347, ""totir"": 0.0, ""tofer"": NaN, ""swfac"": 0.0, ""nstres"": 0.0}",0.0,0.0,40.86074352264404,0.0,0.0802850052714347,0.0,,0.0,0.0,30.0,150.0,3.0771850585937486,15.077185058593749,Leave_One_experiments/all_year_offline_schedule_search/daily_outputs/HLA/HLA_2017_HLA2017_normal_grid_S0013_daily.csv
HLA,HLA,Hailun,2017,Leave_One_experiments\wth_generated_qc\HLA\HLA2017.WTH,normal_year;nitrogen_stress_year;low_response_year,normal,HLA2017_normal_grid_S0013,irrigation_positive_candidate,2017-05-30,150,31,26,"{""sim_day"": 31.0, ""doy"": 150.0, ""topwt"": 44.78638648986816, ""grnwt"": 0.0, ""xlai"": 0.087601438164711, ""totir"": 0.0, ""tofer"": NaN, ""swfac"": 0.0, ""nstres"": 0.0}",0.0,0.0,44.78638648986816,0.0,0.087601438164711,0.0,,0.0,0.0,30.0,150.0,3.0771850585937486,15.077185058593749,Leave_One_experiments/all_year_offline_schedule_search/daily_outputs/HLA/HLA_2017_HLA2017_normal_grid_S0013_daily.csv
HLA,HLA,Hailun,2017,Leave_One_experiments\wth_generated_qc\HLA\HLA2017.WTH,normal_year;nitrogen_stress_year;low_response_year,normal,HLA2017_normal_grid_S0013,irrigation_positive_candidate,2017-05-31,151,32,27,"{""sim_day"": 32.0, ""doy"": 151.0, ""topwt"": 47.099857330322266, ""grnwt"": 0.0, ""xlai"": 0.0925765410065651, ""totir"": 0.0, ""tofer"": NaN, ""swfac"": 0.0, ""nstres"": 0.0}",0.0,0.0,47.099857330322266,0.0,0.0925765410065651,0.0,,0.0,0.0,30.0,150.0,3.0771850585937486,15.077185058593749,Leave_One_experiments/all_year_offline_schedule_search/daily_outputs/HLA/HLA_2017_HLA2017_normal_grid_S0013_daily.csv
HLA,HLA,Hailun,2017,Leave_One_experiments\wth_generated_qc\HLA\HLA2017.WTH,normal_year;nitrogen_stress_year;low_response_year,normal,HLA2017_normal_grid_S0013,irrigation_positive_candidate,2017-06-01,152,33,28,"{""sim_day"": 33.0, ""doy"": 152.0, ""topwt"": 49.22661304473877, ""grnwt"": 0.0, ""xlai"": 0.0970959067344665, ""totir"": 0.0, ""tofer"": NaN, ""swfac"": 0.0, ""nstres"": 0.0}",0.0,0.0,49.22661304473877,0.0,0.0970959067344665,0.0,,0.0,0.0,30.0,150.0,3.0771850585937486,15.077185058593749,Leave_One_experiments/all_year_offline_schedule_search/daily_outputs/HLA/HLA_2017_HLA2017_normal_grid_S0013_daily.csv
HLA,HLA,Hailun,2017,Leave_One_experiments\wth_generated_qc\HLA\HLA2017.WTH,normal_year;nitrogen_stress_year;low_response_year,normal,HLA2017_normal_grid_S0013,irrigation_positive_candidate,2017-06-02,153,34,29,"{""sim_day"": 34.0, ""doy"": 153.0, ""topwt"": 52.23278999328613, ""grnwt"": 0.0, ""xlai"": 0.1034019291400909, ""totir"": 0.0, ""tofer"": NaN, ""swfac"": 0.0, ""nstres"": 0.0}",0.0,0.0,52.23278999328613,0.0,0.1034019291400909,0.0,,0.0,0.0,30.0,150.0,3.0771850585937486,15.077185058593749,Leave_One_experiments/all_year_offline_schedule_search/daily_outputs/HLA/HLA_2017_HLA2017_normal_grid_S0013_daily.csv
HLA,HLA,Hailun,2017,Leave_One_experiments\wth_generated_qc\HLA\HLA2017.WTH,normal_year;nitrogen_stress_year;low_response_year,normal,HLA2017_normal_grid_S0013,irrigation_positive_candidate,2017-06-03,154,35,30,"{""sim_day"": 35.0, ""doy"": 154.0, ""topwt"": 57.64723300933838, ""grnwt"": 0.0, ""xlai"": 0.1145403161644935, ""totir"": 0.0, ""tofer"": NaN, ""swfac"": 0.0, ""nstres"": 0.0}",0.0,0.0,57.64723300933838,0.0,0.1145403161644935,0.0,,0.0,50.0,30.0,150.0,3.0771850585937486,15.077185058593749,Leave_One_experiments/all_year_offline_schedule_search/daily_outputs/HLA/HLA_2017_HLA2017_normal_grid_S0013_daily.csv
HLA,HLA,Hailun,2017,Leave_One_experiments\wth_generated_qc\HLA\HLA2017.WTH,normal_year;nitrogen_stress_year;low_response_year,normal,HLA2017_normal_grid_S0013,irrigation_positive_candidate,2017-06-04,155,36,31,"{""sim_day"": 36.0, ""doy"": 155.0, ""topwt"": 69.0281343460083, ""grnwt"": 0.0, ""xlai"": 0.1371738314628601, ""totir"": 0.0, ""tofer"": NaN, ""swfac"": 0.0, ""nstres"": 0.0}",0.0,0.0,69.0281343460083,0.0,0.1371738314628601,0.0,,0.0,0.0,30.0,150.0,3.0771850585937486,15.077185058593749,Leave_One_experiments/all_year_offline_schedule_search/daily_outputs/HLA/HLA_2017_HLA2017_normal_grid_S0013_daily.csv
HLA,HLA,Hailun,2017,Leave_One_experiments\wth_generated_qc\HLA\HLA2017.WTH,normal_year;nitrogen_stress_year;low_response_year,normal,HLA2017_normal_grid_S0013,irrigation_positive_candidate,2017-06-05,156,37,32,"{""sim_day"": 37.0, ""doy"": 156.0, ""topwt"": 82.84920692443848, ""grnwt"": 0.0, ""xlai"": 0.1635239273309707, ""totir"": 0.0, ""tofer"": NaN, ""swfac"": 0.0, ""nstres"": 0.0}",0.0,0.0,82.84920692443848,0.0,0.1635239273309707,0.0,,0.0,0.0,30.0,150.0,3.0771850585937486,15.077185058593749,Leave_One_experiments/all_year_offline_schedule_search/daily_outputs/HLA/HLA_2017_HLA2017_normal_grid_S0013_daily.csv
HLA,HLA,Hailun,2017,Leave_One_experiments\wth_generated_qc\HLA\HLA2017.WTH,normal_year;nitrogen_stress_year;low_response_year,normal,HLA2017_normal_grid_S0013,irrigation_positive_candidate,2017-06-06,157,38,33,"{""sim_day"": 38.0, ""doy"": 157.0, ""topwt"": 94.48892593383788, ""grnwt"": 0.0, ""xlai"": 0.1849453747272491, ""totir"": 0.0, ""tofer"": NaN, ""swfac"": 0.0, ""nstres"": 0.0}",0.0,0.0,94.48892593383788,0.0,0.1849453747272491,0.0,,0.0,0.0,30.0,150.0,3.0771850585937486,15.077185058593749,Leave_One_experiments/all_year_offline_schedule_search/daily_outputs/HLA/HLA_2017_HLA2017_normal_grid_S0013_daily.csv
HLA,HLA,Hailun,2017,Leave_One_experiments\wth_generated_qc\HLA\HLA2017.WTH,normal_year;nitrogen_stress_year;low_response_year,normal,HLA2017_normal_grid_S0013,irrigation_positive_candidate,2017-06-07,158,39,34,"{""sim_day"": 39.0, ""doy"": 158.0, ""topwt"": 106.50662422180176, ""grnwt"": 0.0, ""xlai"": 0.206453800201416, ""totir"": 0.0, ""tofer"": NaN, ""swfac"": 0.0, ""nstres"": 0.0}",0.0,0.0,106.50662422180176,0.0,0.206453800201416,0.0,,0.0,0.0,30.0,150.0,3.0771850585937486,15.077185058593749,Leave_One_experiments/all_year_offline_schedule_search/daily_outputs/HLA/HLA_2017_HLA2017_normal_grid_S0013_daily.csv
HLA,HLA,Hailun,2017,Leave_One_experiments\wth_generated_qc\HLA\HLA2017.WTH,normal_year;nitrogen_stress_year;low_response_year,normal,HLA2017_normal_grid_S0013,irrigation_positive_candidate,2017-06-08,159,40,35,"{""sim_day"": 40.0, ""doy"": 159.0, ""topwt"": 114.84615325927734, ""grnwt"": 0.0, ""xlai"": 0.2210649847984314, ""totir"": 0.0, ""tofer"": NaN, ""swfac"": 0.0, ""nstres"": 0.0}",0.0,0.0,114.84615325927734,0.0,0.2210649847984314,0.0,,0.0,0.0,30.0,150.0,3.0771850585937486,15.077185058593749,Leave_One_experiments/all_year_offline_schedule_search/daily_outputs/HLA/HLA_2017_HLA2017_normal_grid_S0013_daily.csv
HLA,HLA,Hailun,2017,Leave_One_experiments\wth_generated_qc\HLA\HLA2017.WTH,normal_year;nitrogen_stress_year;low_response_year,normal,HLA2017_normal_grid_S0013,irrigation_positive_candidate,2017-06-09,160,41,36,"{""sim_day"": 41.0, ""doy"": 160.0, ""topwt"": 123.401460647583, ""grnwt"": 0.0, ""xlai"": 0.2358157634735107, ""totir"": 0.0, ""tofer"": NaN, ""swfac"": 0.0, ""nstres"": 0.0}",0.0,0.0,123.401460647583,0.0,0.2358157634735107,0.0,,0.0,0.0,30.0,150.0,3.0771850585937486,15.077185058593749,Leave_One_experiments/all_year_offline_schedule_search/daily_outputs/HLA/HLA_2017_HLA2017_normal_grid_S0013_daily.csv
HLA,HLA,Hailun,2017,Leave_One_experiments\wth_generated_qc\HLA\HLA2017.WTH,normal_year;nitrogen_stress_year;low_response_year,normal,HLA2017_normal_grid_S0013,irrigation_positive_candidate,2017-06-10,161,42,37,"{""sim_day"": 42.0, ""doy"": 161.0, ""topwt"": 136.79343223571777, ""grnwt"": 0.0, ""xlai"": 0.2584706544876098, ""totir"": 0.0, ""tofer"": NaN, ""swfac"": 0.0, ""nstres"": 0.0}",0.0,0.0,136.79343223571777,0.0,0.2584706544876098,0.0,,0.0,0.0,30.0,150.0,3.0771850585937486,15.077185058593749,Leave_One_experiments/all_year_offline_schedule_search/daily_outputs/HLA/HLA_2017_HLA2017_normal_grid_S0013_daily.csv
HLA,HLA,Hailun,2017,Leave_One_experiments\wth_generated_qc\HLA\HLA2017.WTH,normal_year;nitrogen_stress_year;low_response_year,normal,HLA2017_normal_grid_S0013,irrigation_positive_candidate,2017-06-11,162,43,38,"{""sim_day"": 43.0, ""doy"": 162.0, ""topwt"": 146.04363441467285, ""grnwt"": 0.0, ""xlai"": 0.2921142280101776, ""totir"": 0.0, ""tofer"": NaN, ""swfac"": 0.0, ""nstres"": 0.0}",0.0,0.0,146.04363441467285,0.0,0.2921142280101776,0.0,,0.0,0.0,30.0,150.0,3.0771850585937486,15.077185058593749,Leave_One_experiments/all_year_offline_schedule_search/daily_outputs/HLA/HLA_2017_HLA2017_normal_grid_S0013_daily.csv
HLA,HLA,Hailun,2017,Leave_One_experiments\wth_generated_qc\HLA\HLA2017.WTH,normal_year;nitrogen_stress_year;low_response_year,normal,HLA2017_normal_grid_S0013,irrigation_positive_candidate,2017-06-12,163,44,39,"{""sim_day"": 44.0, ""doy"": 163.0, ""topwt"": 181.6356086730957, ""grnwt"": 0.0, ""xlai"": 0.3512139022350311, ""totir"": 0.0, ""tofer"": NaN, ""swfac"": 0.0, ""nstres"": 0.0045218467712402}",0.0,0.0045218467712402,181.6356086730957,0.0,0.3512139022350311,0.0,,0.0,0.0,30.0,150.0,3.0771850585937486,15.077185058593749,Leave_One_experiments/all_year_offline_schedule_search/daily_outputs/HLA/HLA_2017_HLA2017_normal_grid_S0013_daily.csv
HLA,HLA,Hailun,2017,Leave_One_experiments\wth_generated_qc\HLA\HLA2017.WTH,normal_year;nitrogen_stress_year;low_response_year,normal,HLA2017_normal_grid_S0013,irrigation_positive_candidate,2017-06-13,164,45,40,"{""sim_day"": 45.0, ""doy"": 164.0, ""topwt"": 220.5369758605957, ""grnwt"": 0.0, ""xlai"": 0.4129159450531006, ""totir"": 0.0, ""tofer"": NaN, ""swfac"": 0.0, ""nstres"": 0.0}",0.0,0.0,220.5369758605957,0.0,0.4129159450531006,0.0,,0.0,0.0,30.0,150.0,3.0771850585937486,15.077185058593749,Leave_One_experiments/all_year_offline_schedule_search/daily_outputs/HLA/HLA_2017_HLA2017_normal_grid_S0013_daily.csv
HLA,HLA,Hailun,2017,Leave_One_experiments\wth_generated_qc\HLA\HLA2017.WTH,normal_year;nitrogen_stress_year;low_response_year,normal,HLA2017_normal_grid_S0013,irrigation_positive_candidate,2017-06-14,165,46,41,"{""sim_day"": 46.0, ""doy"": 165.0, ""topwt"": 259.0688705444336, ""grnwt"": 0.0, ""xlai"": 0.4716790914535522, ""totir"": 0.0, ""tofer"": NaN, ""swfac"": 0.0, ""nstres"": 0.0}",0.0,0.0,259.0688705444336,0.0,0.4716790914535522,0.0,,0.0,0.0,30.0,150.0,3.0771850585937486,15.077185058593749,Leave_One_experiments/all_year_offline_schedule_search/daily_outputs/HLA/HLA_2017_HLA2017_normal_grid_S0013_daily.csv
HLA,HLA,Hailun,2017,Leave_One_experiments\wth_generated_qc\HLA\HLA2017.WTH,normal_year;nitrogen_stress_year;low_response_year,normal,HLA2017_normal_grid_S0013,irrigation_positive_candidate,2017-06-15,166,47,42,"{""sim_day"": 47.0, ""doy"": 166.0, ""topwt"": 303.9552497863769, ""grnwt"": 0.0, ""xlai"": 0.537749707698822, ""totir"": 0.0, ""tofer"": NaN, ""swfac"": 0.0, ""nstres"": 0.0}",0.0,0.0,303.9552497863769,0.0,0.537749707698822,0.0,,0.0,0.0,30.0,150.0,3.0771850585937486,15.077185058593749,Leave_One_experiments/all_year_offline_schedule_search/daily_outputs/HLA/HLA_2017_HLA2017_normal_grid_S0013_daily.csv
HLA,HLA,Hailun,2017,Leave_One_experiments\wth_generated_qc\HLA\HLA2017.WTH,normal_year;nitrogen_stress_year;low_response_year,normal,HLA2017_normal_grid_S0013,irrigation_positive_candidate,2017-06-16,167,48,43,"{""sim_day"": 48.0, ""doy"": 167.0, ""topwt"": 358.9266967773437, ""grnwt"": 0.0, ""xlai"": 0.6158085465431213, ""totir"": 0.0, ""tofer"": NaN, ""swfac"": 0.0, ""nstres"": 0.0}",0.0,0.0,358.9266967773437,0.0,0.6158085465431213,0.0,,0.0,0.0,30.0,150.0,3.0771850585937486,15.077185058593749,Leave_One_experiments/all_year_offline_schedule_search/daily_outputs/HLA/HLA_2017_HLA2017_normal_grid_S0013_daily.csv
HLA,HLA,Hailun,2017,Leave_One_experiments\wth_generated_qc\HLA\HLA2017.WTH,normal_year;nitrogen_stress_year;low_response_year,normal,HLA2017_normal_grid_S0013,irrigation_positive_candidate,2017-06-17,168,49,44,"{""sim_day"": 49.0, ""doy"": 168.0, ""topwt"": 399.23229217529297, ""grnwt"": 0.0, ""xlai"": 0.6713572144508362, ""totir"": 0.0, ""tofer"": NaN, ""swfac"": 0.0, ""nstres"": 0.0}",0.0,0.0,399.23229217529297,0.0,0.6713572144508362,0.0,,0.0,0.0,30.0,150.0,3.0771850585937486,15.077185058593749,Leave_One_experiments/all_year_offline_schedule_search/daily_outputs/HLA/HLA_2017_HLA2017_normal_grid_S0013_daily.csv
HLA,HLA,Hailun,2017,Leave_One_experiments\wth_generated_qc\HLA\HLA2017.WTH,normal_year;nitrogen_stress_year;low_response_year,normal,HLA2017_normal_grid_S0013,irrigation_positive_candidate,2017-06-18,169,50,45,"{""sim_day"": 50.0, ""doy"": 169.0, ""topwt"": 443.8796997070313, ""grnwt"": 0.0, ""xlai"": 0.7284306287765503, ""totir"": 0.0, ""tofer"": NaN, ""swfac"": 0.0, ""nstres"": 0.0}",0.0,0.0,443.8796997070313,0.0,0.7284306287765503,0.0,,0.0,0.0,30.0,150.0,3.0771850585937486,15.077185058593749,Leave_One_experiments/all_year_offline_schedule_search/daily_outputs/HLA/HLA_2017_HLA2017_normal_grid_S0013_daily.csv
HLA,HLA,Hailun,2017,Leave_One_experiments\wth_generated_qc\HLA\HLA2017.WTH,normal_year;nitrogen_stress_year;low_response_year,normal,HLA2017_normal_grid_S0013,irrigation_positive_candidate,2017-06-19,170,51,46,"{""sim_day"": 51.0, ""doy"": 170.0, ""topwt"": 481.2776184082031, ""grnwt"": 0.0, ""xlai"": 0.7796050310134888, ""totir"": 0.0, ""tofer"": NaN, ""swfac"": 0.0, ""nstres"": 0.0}",0.0,0.0,481.2776184082031,0.0,0.7796050310134888,0.0,,0.0,0.0,30.0,150.0,3.0771850585937486,15.077185058593749,Leave_One_experiments/all_year_offline_schedule_search/daily_outputs/HLA/HLA_2017_HLA2017_normal_grid_S0013_daily.csv
HLA,HLA,Hailun,2017,Leave_One_experiments\wth_generated_qc\HLA\HLA2017.WTH,normal_year;nitrogen_stress_year;low_response_year,normal,HLA2017_normal_grid_S0013,irrigation_positive_candidate,2017-06-20,171,52,47,"{""sim_day"": 52.0, ""doy"": 171.0, ""topwt"": 512.5222778320312, ""grnwt"": 0.0, ""xlai"": 0.821495771408081, ""totir"": 0.0, ""tofer"": NaN, ""swfac"": 0.0, ""nstres"": 0.0}",0.0,0.0,512.5222778320312,0.0,0.821495771408081,0.0,,0.0,0.0,30.0,150.0,3.0771850585937486,15.077185058593749,Leave_One_experiments/all_year_offline_schedule_search/daily_outputs/HLA/HLA_2017_HLA2017_normal_grid_S0013_daily.csv
HLA,HLA,Hailun,2017,Leave_One_experiments\wth_generated_qc\HLA\HLA2017.WTH,normal_year;nitrogen_stress_year;low_response_year,normal,HLA2017_normal_grid_S0013,irrigation_positive_candidate,2017-06-21,172,53,48,"{""sim_day"": 53.0, ""doy"": 172.0, ""topwt"": 564.4935607910156, ""grnwt"": 0.0, ""xlai"": 0.8892987966537476, ""totir"": 0.0, ""tofer"": NaN, ""swfac"": 0.0, ""nstres"": 0.0}",0.0,0.0,564.4935607910156,0.0,0.8892987966537476,0.0,,0.0,0.0,30.0,150.0,3.0771850585937486,15.077185058593749,Leave_One_experiments/all_year_offline_schedule_search/daily_outputs/HLA/HLA_2017_HLA2017_normal_grid_S0013_daily.csv
HLA,HLA,Hailun,2017,Leave_One_experiments\wth_generated_qc\HLA\HLA2017.WTH,normal_year;nitrogen_stress_year;low_response_year,normal,HLA2017_normal_grid_S0013,irrigation_positive_candidate,2017-06-22,173,54,49,"{""sim_day"": 54.0, ""doy"": 173.0, ""topwt"": 661.2840270996094, ""grnwt"": 0.0, ""xlai"": 1.0100760459899902, ""totir"": 0.0, ""tofer"": NaN, ""swfac"": 0.0, ""nstres"": 0.0}",0.0,0.0,661.2840270996094,0.0,1.0100760459899902,0.0,,0.0,0.0,30.0,150.0,3.0771850585937486,15.077185058593749,Leave_One_experiments/all_year_offline_schedule_search/daily_outputs/HLA/HLA_2017_HLA2017_normal_grid_S0013_daily.csv
HLA,HLA,Hailun,2017,Leave_One_experiments\wth_generated_qc\HLA\HLA2017.WTH,normal_year;nitrogen_stress_year;low_response_year,normal,HLA2017_normal_grid_S0013,irrigation_positive_candidate,2017-06-23,174,55,50,"{""sim_day"": 55.0, ""doy"": 174.0, ""topwt"": 770.3121948242188, ""grnwt"": 0.0, ""xlai"": 1.1386502981185913, ""totir"": 0.0, ""tofer"": NaN, ""swfac"": 0.0, ""nstres"": 0.0}",0.0,0.0,770.3121948242188,0.0,1.1386502981185913,0.0,,0.0,0.0,30.0,150.0,3.0771850585937486,15.077185058593749,Leave_One_experiments/all_year_offline_schedule_search/daily_outputs/HLA/HLA_2017_HLA2017_normal_grid_S0013_daily.csv
HLA,HLA,Hailun,2017,Leave_One_experiments\wth_generated_qc\HLA\HLA2017.WTH,normal_year;nitrogen_stress_year;low_response_year,normal,HLA2017_normal_grid_S0013,irrigation_positive_candidate,2017-06-24,175,56,51,"{""sim_day"": 56.0, ""doy"": 175.0, ""topwt"": 865.8149719238281, ""grnwt"": 0.0, ""xlai"": 1.245593547821045, ""totir"": 0.0, ""tofer"": NaN, ""swfac"": 0.0, ""nstres"": 0.0}",0.0,0.0,865.8149719238281,0.0,1.245593547821045,0.0,,0.0,0.0,30.0,150.0,3.0771850585937486,15.077185058593749,Leave_One_experiments/all_year_offline_schedule_search/daily_outputs/HLA/HLA_2017_HLA2017_normal_grid_S0013_daily.csv
HLA,HLA,Hailun,2017,Leave_One_experiments\wth_generated_qc\HLA\HLA2017.WTH,normal_year;nitrogen_stress_year;low_response_year,normal,HLA2017_normal_grid_S0013,irrigation_positive_candidate,2017-06-25,176,57,52,"{""sim_day"": 57.0, ""doy"": 176.0, ""topwt"": 974.9793243408204, ""grnwt"": 0.0, ""xlai"": 1.3613709211349487, ""totir"": 0.0, ""tofer"": NaN, ""swfac"": 0.0, ""nstres"": 0.0}",0.0,0.0,974.9793243408204,0.0,1.3613709211349487,0.0,,0.0,0.0,30.0,150.0,3.0771850585937486,15.077185058593749,Leave_One_experiments/all_year_offline_schedule_search/daily_outputs/HLA/HLA_2017_HLA2017_normal_grid_S0013_daily.csv
HLA,HLA,Hailun,2017,Leave_One_experiments\wth_generated_qc\HLA\HLA2017.WTH,normal_year;nitrogen_stress_year;low_response_year,normal,HLA2017_normal_grid_S0013,irrigation_positive_candidate,2017-06-26,177,58,53,"{""sim_day"": 58.0, ""doy"": 177.0, ""topwt"": 1102.5371551513672, ""grnwt"": 0.0, ""xlai"": 1.4885414838790894, ""totir"": 0.0, ""tofer"": NaN, ""swfac"": 0.0, ""nstres"": 0.0}",0.0,0.0,1102.5371551513672,0.0,1.4885414838790894,0.0,,0.0,0.0,30.0,150.0,3.0771850585937486,15.077185058593749,Leave_One_experiments/all_year_offline_schedule_search/daily_outputs/HLA/HLA_2017_HLA2017_normal_grid_S0013_daily.csv
HLA,HLA,Hailun,2017,Leave_One_experiments\wth_generated_qc\HLA\HLA2017.WTH,normal_year;nitrogen_stress_year;low_response_year,normal,HLA2017_normal_grid_S0013,irrigation_positive_candidate,2017-06-27,178,59,54,"{""sim_day"": 59.0, ""doy"": 178.0, ""topwt"": 1250.3678131103516, ""grnwt"": 0.0, ""xlai"": 1.6260212659835815, ""totir"": 0.0, ""tofer"": NaN, ""swfac"": 0.0, ""nstres"": 0.0}",0.0,0.0,1250.3678131103516,0.0,1.6260212659835815,0.0,,0.0,0.0,30.0,150.0,3.0771850585937486,15.077185058593749,Leave_One_experiments/all_year_offline_schedule_search/daily_outputs/HLA/HLA_2017_HLA2017_normal_grid_S0013_daily.csv
HLA,HLA,Hailun,2017,Leave_One_experiments\wth_generated_qc\HLA\HLA2017.WTH,normal_year;nitrogen_stress_year;low_response_year,normal,HLA2017_normal_grid_S0013,irrigation_positive_candidate,2017-06-28,179,60,55,"{""sim_day"": 60.0, ""doy"": 179.0, ""topwt"": 1401.8312072753906, ""grnwt"": 0.0, ""xlai"": 1.7573949098587036, ""totir"": 0.0, ""tofer"": NaN, ""swfac"": 0.0, ""nstres"": 0.0}",0.0,0.0,1401.8312072753906,0.0,1.7573949098587036,0.0,,0.0,0.0,30.0,150.0,3.0771850585937486,15.077185058593749,Leave_One_experiments/all_year_offline_schedule_search/daily_outputs/HLA/HLA_2017_HLA2017_normal_grid_S0013_daily.csv
HLA,HLA,Hailun,2017,Leave_One_experiments\wth_generated_qc\HLA\HLA2017.WTH,normal_year;nitrogen_stress_year;low_response_year,normal,HLA2017_normal_grid_S0013,irrigation_positive_candidate,2017-06-29,180,61,56,"{""sim_day"": 61.0, ""doy"": 180.0, ""topwt"": 1544.4183349609375, ""grnwt"": 0.0, ""xlai"": 1.873458743095398, ""totir"": 0.0, ""tofer"": NaN, ""swfac"": 0.0, ""nstres"": 0.0}",0.0,0.0,1544.4183349609375,0.0,1.873458743095398,0.0,,0.0,0.0,30.0,150.0,3.0771850585937486,15.077185058593749,Leave_One_experiments/all_year_offline_schedule_search/daily_outputs/HLA/HLA_2017_HLA2017_normal_grid_S0013_daily.csv
HLA,HLA,Hailun,2017,Leave_One_experiments\wth_generated_qc\HLA\HLA2017.WTH,normal_year;nitrogen_stress_year;low_response_year,normal,HLA2017_normal_grid_S0013,irrigation_positive_candidate,2017-06-30,181,62,57,"{""sim_day"": 62.0, ""doy"": 181.0, ""topwt"": 1691.3093566894531, ""grnwt"": 0.0, ""xlai"": 1.985891342163086, ""totir"": 0.0, ""tofer"": NaN, ""swfac"": 0.0, ""nstres"": 0.0}",0.0,0.0,1691.3093566894531,0.0,1.985891342163086,0.0,,0.0,0.0,30.0,150.0,3.0771850585937486,15.077185058593749,Leave_One_experiments/all_year_offline_schedule_search/daily_outputs/HLA/HLA_2017_HLA2017_normal_grid_S0013_daily.csv
HLA,HLA,Hailun,2017,Leave_One_experiments\wth_generated_qc\HLA\HLA2017.WTH,normal_year;nitrogen_stress_year;low_response_year,normal,HLA2017_normal_grid_S0013,irrigation_positive_candidate,2017-07-01,182,63,58,"{""sim_day"": 63.0, ""doy"": 182.0, ""topwt"": 1847.62451171875, ""grnwt"": 0.0, ""xlai"": 2.098353385925293, ""totir"": 0.0, ""tofer"": NaN, ""swfac"": 0.0, ""nstres"": 0.0}",0.0,0.0,1847.62451171875,0.0,2.098353385925293,0.0,,0.0,0.0,30.0,150.0,3.0771850585937486,15.077185058593749,Leave_One_experiments/all_year_offline_schedule_search/daily_outputs/HLA/HLA_2017_HLA2017_normal_grid_S0013_daily.csv
HLA,HLA,Hailun,2017,Leave_One_experiments\wth_generated_qc\HLA\HLA2017.WTH,normal_year;nitrogen_stress_year;low_response_year,normal,HLA2017_normal_grid_S0013,irrigation_positive_candidate,2017-07-02,183,64,59,"{""sim_day"": 64.0, ""doy"": 183.0, ""topwt"": 2045.29541015625, ""grnwt"": 0.0, ""xlai"": 2.230673789978028, ""totir"": 0.0, ""tofer"": NaN, ""swfac"": 0.0, ""nstres"": 0.0}",0.0,0.0,2045.29541015625,0.0,2.230673789978028,0.0,,0.0,0.0,30.0,150.0,3.0771850585937486,15.077185058593749,Leave_One_experiments/all_year_offline_schedule_search/daily_outputs/HLA/HLA_2017_HLA2017_normal_grid_S0013_daily.csv
HLA,HLA,Hailun,2017,Leave_One_experiments\wth_generated_qc\HLA\HLA2017.WTH,normal_year;nitrogen_stress_year;low_response_year,normal,HLA2017_normal_grid_S0013,irrigation_positive_candidate,2017-07-03,184,65,60,"{""sim_day"": 65.0, ""doy"": 184.0, ""topwt"": 2256.2863159179688, ""grnwt"": 0.0, ""xlai"": 2.36193323135376, ""totir"": 0.0, ""tofer"": NaN, ""swfac"": 0.0, ""nstres"": 0.0}",0.0,0.0,2256.2863159179688,0.0,2.36193323135376,0.0,,0.0,50.0,30.0,150.0,3.0771850585937486,15.077185058593749,Leave_One_experiments/all_year_offline_schedule_search/daily_outputs/HLA/HLA_2017_HLA2017_normal_grid_S0013_daily.csv
HLA,HLA,Hailun,2017,Leave_One_experiments\wth_generated_qc\HLA\HLA2017.WTH,normal_year;nitrogen_stress_year;low_response_year,normal,HLA2017_normal_grid_S0013,irrigation_positive_candidate,2017-07-04,185,66,61,"{""sim_day"": 66.0, ""doy"": 185.0, ""topwt"": 2508.8331604003906, ""grnwt"": 0.0, ""xlai"": 2.506958246231079, ""totir"": 0.0, ""tofer"": NaN, ""swfac"": 0.0, ""nstres"": 0.0}",0.0,0.0,2508.8331604003906,0.0,2.506958246231079,0.0,,0.0,0.0,30.0,150.0,3.0771850585937486,15.077185058593749,Leave_One_experiments/all_year_offline_schedule_search/daily_outputs/HLA/HLA_2017_HLA2017_normal_grid_S0013_daily.csv
HLA,HLA,Hailun,2017,Leave_One_experiments\wth_generated_qc\HLA\HLA2017.WTH,normal_year;nitrogen_stress_year;low_response_year,normal,HLA2017_normal_grid_S0013,irrigation_positive_candidate,2017-07-05,186,67,62,"{""sim_day"": 67.0, ""doy"": 186.0, ""topwt"": 2788.3273315429688, ""grnwt"": 0.0, ""xlai"": 2.654819965362549, ""totir"": 0.0, ""tofer"": NaN, ""swfac"": 0.0, ""nstres"": 0.0}",0.0,0.0,2788.3273315429688,0.0,2.654819965362549,0.0,,0.0,0.0,30.0,150.0,3.0771850585937486,15.077185058593749,Leave_One_experiments/all_year_offline_schedule_search/daily_outputs/HLA/HLA_2017_HLA2017_normal_grid_S0013_daily.csv
HLA,HLA,Hailun,2017,Leave_One_experiments\wth_generated_qc\HLA\HLA2017.WTH,normal_year;nitrogen_stress_year;low_response_year,normal,HLA2017_normal_grid_S0013,irrigation_positive_candidate,2017-07-06,187,68,63,"{""sim_day"": 68.0, ""doy"": 187.0, ""topwt"": 3094.896850585937, ""grnwt"": 0.0, ""xlai"": 2.804190158843994, ""totir"": 0.0, ""tofer"": NaN, ""swfac"": 0.0, ""nstres"": 0.0}",0.0,0.0,3094.896850585937,0.0,2.804190158843994,0.0,,0.0,0.0,30.0,150.0,3.0771850585937486,15.077185058593749,Leave_One_experiments/all_year_offline_schedule_search/daily_outputs/HLA/HLA_2017_HLA2017_normal_grid_S0013_daily.csv
HLA,HLA,Hailun,2017,Leave_One_experiments\wth_generated_qc\HLA\HLA2017.WTH,normal_year;nitrogen_stress_year;low_response_year,normal,HLA2017_normal_grid_S0013,irrigation_positive_candidate,2017-07-07,188,69,64,"{""sim_day"": 69.0, ""doy"": 188.0, ""topwt"": 3263.1109619140625, ""grnwt"": 0.0, ""xlai"": 2.8806660175323486, ""totir"": 0.0, ""tofer"": NaN, ""swfac"": 0.0, ""nstres"": 0.0}",0.0,0.0,3263.1109619140625,0.0,2.8806660175323486,0.0,,0.0,0.0,30.0,150.0,3.0771850585937486,15.077185058593749,Leave_One_experiments/all_year_offline_schedule_search/daily_outputs/HLA/HLA_2017_HLA2017_normal_grid_S0013_daily.csv
HLA,HLA,Hailun,2017,Leave_One_experiments\wth_generated_qc\HLA\HLA2017.WTH,normal_year;nitrogen_stress_year;low_response_year,normal,HLA2017_normal_grid_S0013,irrigation_positive_candidate,2017-07-08,189,70,65,"{""sim_day"": 70.0, ""doy"": 189.0, ""topwt"": 3533.7518310546875, ""grnwt"": 0.0, ""xlai"": 2.9957985877990723, ""totir"": 30.0, ""tofer"": NaN, ""swfac"": 0.0, ""nstres"": 0.0}",0.0,0.0,3533.7518310546875,0.0,2.9957985877990723,30.0,,30.0,0.0,30.0,150.0,3.0771850585937486,15.077185058593749,Leave_One_experiments/all_year_offline_schedule_search/daily_outputs/HLA/HLA_2017_HLA2017_normal_grid_S0013_daily.csv
HLA,HLA,Hailun,2017,Leave_One_experiments\wth_generated_qc\HLA\HLA2017.WTH,normal_year;nitrogen_stress_year;low_response_year,normal,HLA2017_normal_grid_S0013,irrigation_positive_candidate,2017-07-09,190,71,66,"{""sim_day"": 71.0, ""doy"": 190.0, ""topwt"": 3761.5032958984375, ""grnwt"": 0.0, ""xlai"": 3.146390438079834, ""totir"": 30.0, ""tofer"": NaN, ""swfac"": 0.0, ""nstres"": 0.0}",0.0,0.0,3761.5032958984375,0.0,3.146390438079834,30.0,,0.0,0.0,30.0,150.0,3.0771850585937486,15.077185058593749,Leave_One_experiments/all_year_offline_schedule_search/daily_outputs/HLA/HLA_2017_HLA2017_normal_grid_S0013_daily.csv
HLA,HLA,Hailun,2017,Leave_One_experiments\wth_generated_qc\HLA\HLA2017.WTH,normal_year;nitrogen_stress_year;low_response_year,normal,HLA2017_normal_grid_S0013,irrigation_positive_candidate,2017-07-10,191,72,67,"{""sim_day"": 72.0, ""doy"": 191.0, ""topwt"": 4063.130187988281, ""grnwt"": 0.0, ""xlai"": 3.28581166267395, ""totir"": 30.0, ""tofer"": NaN, ""swfac"": 0.0, ""nstres"": 0.0}",0.0,0.0,4063.130187988281,0.0,3.28581166267395,30.0,,0.0,0.0,30.0,150.0,3.0771850585937486,15.077185058593749,Leave_One_experiments/all_year_offline_schedule_search/daily_outputs/HLA/HLA_2017_HLA2017_normal_grid_S0013_daily.csv
HLA,HLA,Hailun,2017,Leave_One_experiments\wth_generated_qc\HLA\HLA2017.WTH,normal_year;nitrogen_stress_year;low_response_year,normal,HLA2017_normal_grid_S0013,irrigation_positive_candidate,2017-07-11,192,73,68,"{""sim_day"": 73.0, ""doy"": 192.0, ""topwt"": 4370.071716308594, ""grnwt"": 0.0, ""xlai"": 3.40662169456482, ""totir"": 30.0, ""tofer"": NaN, ""swfac"": 0.0, ""nstres"": 0.0}",0.0,0.0,4370.071716308594,0.0,3.40662169456482,30.0,,0.0,0.0,30.0,150.0,3.0771850585937486,15.077185058593749,Leave_One_experiments/all_year_offline_schedule_search/daily_outputs/HLA/HLA_2017_HLA2017_normal_grid_S0013_daily.csv
HLA,HLA,Hailun,2017,Leave_One_experiments\wth_generated_qc\HLA\HLA2017.WTH,normal_year;nitrogen_stress_year;low_response_year,normal,HLA2017_normal_grid_S0013,irrigation_positive_candidate,2017-07-12,193,74,69,"{""sim_day"": 74.0, ""doy"": 193.0, ""topwt"": 4695.306701660156, ""grnwt"": 0.0, ""xlai"": 3.5195257663726807, ""totir"": 30.0, ""tofer"": NaN, ""swfac"": 0.0, ""nstres"": 0.0}",0.0,0.0,4695.306701660156,0.0,3.5195257663726807,30.0,,0.0,0.0,30.0,150.0,3.0771850585937486,15.077185058593749,Leave_One_experiments/all_year_offline_schedule_search/daily_outputs/HLA/HLA_2017_HLA2017_normal_grid_S0013_daily.csv
HLA,HLA,Hailun,2017,Leave_One_experiments\wth_generated_qc\HLA\HLA2017.WTH,normal_year;nitrogen_stress_year;low_response_year,normal,HLA2017_normal_grid_S0013,irrigation_positive_candidate,2017-07-13,194,75,70,"{""sim_day"": 75.0, ""doy"": 194.0, ""topwt"": 4949.528198242188, ""grnwt"": 0.0, ""xlai"": 3.601010799407959, ""totir"": 30.0, ""tofer"": NaN, ""swfac"": 0.0, ""nstres"": 0.0}",0.0,0.0,4949.528198242188,0.0,3.601010799407959,30.0,,0.0,0.0,30.0,150.0,3.0771850585937486,15.077185058593749,Leave_One_experiments/all_year_offline_schedule_search/daily_outputs/HLA/HLA_2017_HLA2017_normal_grid_S0013_daily.csv
HLA,HLA,Hailun,2017,Leave_One_experiments\wth_generated_qc\HLA\HLA2017.WTH,normal_year;nitrogen_stress_year;low_response_year,normal,HLA2017_normal_grid_S0013,irrigation_positive_candidate,2017-07-14,195,76,71,"{""sim_day"": 76.0, ""doy"": 195.0, ""topwt"": 5216.165771484375, ""grnwt"": 0.0, ""xlai"": 3.6806132793426514, ""totir"": 30.0, ""tofer"": NaN, ""swfac"": 0.0, ""nstres"": 0.0}",0.0,0.0,5216.165771484375,0.0,3.6806132793426514,30.0,,0.0,0.0,30.0,150.0,3.0771850585937486,15.077185058593749,Leave_One_experiments/all_year_offline_schedule_search/daily_outputs/HLA/HLA_2017_HLA2017_normal_grid_S0013_daily.csv
HLA,HLA,Hailun,2017,Leave_One_experiments\wth_generated_qc\HLA\HLA2017.WTH,normal_year;nitrogen_stress_year;low_response_year,normal,HLA2017_normal_grid_S0013,irrigation_positive_candidate,2017-07-15,196,77,72,"{""sim_day"": 77.0, ""doy"": 196.0, ""topwt"": 5463.9337158203125, ""grnwt"": 0.0, ""xlai"": 3.750388622283936, ""totir"": 30.0, ""tofer"": NaN, ""swfac"": 0.0, ""nstres"": 0.0}",0.0,0.0,5463.9337158203125,0.0,3.750388622283936,30.0,,0.0,0.0,30.0,150.0,3.0771850585937486,15.077185058593749,Leave_One_experiments/all_year_offline_schedule_search/daily_outputs/HLA/HLA_2017_HLA2017_normal_grid_S0013_daily.csv
HLA,HLA,Hailun,2017,Leave_One_experiments\wth_generated_qc\HLA\HLA2017.WTH,normal_year;nitrogen_stress_year;low_response_year,normal,HLA2017_normal_grid_S0013,irrigation_positive_candidate,2017-07-16,197,78,73,"{""sim_day"": 78.0, ""doy"": 197.0, ""topwt"": 5724.517822265625, ""grnwt"": 0.0, ""xlai"": 3.817504644393921, ""totir"": 30.0, ""tofer"": NaN, ""swfac"": 0.0, ""nstres"": 0.0049129724502563}",0.0,0.0049129724502563,5724.517822265625,0.0,3.817504644393921,30.0,,0.0,0.0,30.0,150.0,3.0771850585937486,15.077185058593749,Leave_One_experiments/all_year_offline_schedule_search/daily_outputs/HLA/HLA_2017_HLA2017_normal_grid_S0013_daily.csv
HLA,HLA,Hailun,2017,Leave_One_experiments\wth_generated_qc\HLA\HLA2017.WTH,normal_year;nitrogen_stress_year;low_response_year,normal,HLA2017_normal_grid_S0013,irrigation_positive_candidate,2017-07-17,198,79,74,"{""sim_day"": 79.0, ""doy"": 198.0, ""topwt"": 5998.96240234375, ""grnwt"": 0.0, ""xlai"": 3.8794875144958496, ""totir"": 30.0, ""tofer"": NaN, ""swfac"": 0.0, ""nstres"": 0.0151986479759216}",0.0,0.0151986479759216,5998.96240234375,0.0,3.8794875144958496,30.0,,0.0,0.0,30.0,150.0,3.0771850585937486,15.077185058593749,Leave_One_experiments/all_year_offline_schedule_search/daily_outputs/HLA/HLA_2017_HLA2017_normal_grid_S0013_daily.csv
HLA,HLA,Hailun,2017,Leave_One_experiments\wth_generated_qc\HLA\HLA2017.WTH,normal_year;nitrogen_stress_year;low_response_year,normal,HLA2017_normal_grid_S0013,irrigation_positive_candidate,2017-07-18,199,80,75,"{""sim_day"": 80.0, ""doy"": 199.0, ""topwt"": 6200.809326171875, ""grnwt"": 0.0, ""xlai"": 3.914400577545166, ""totir"": 30.0, ""tofer"": NaN, ""swfac"": 0.0, ""nstres"": 0.0287941098213195}",0.0,0.0287941098213195,6200.809326171875,0.0,3.914400577545166,30.0,,0.0,0.0,30.0,150.0,3.0771850585937486,15.077185058593749,Leave_One_experiments/all_year_offline_schedule_search/daily_outputs/HLA/HLA_2017_HLA2017_normal_grid_S0013_daily.csv
HLA,HLA,Hailun,2017,Leave_One_experiments\wth_generated_qc\HLA\HLA2017.WTH,normal_year;nitrogen_stress_year;low_response_year,normal,HLA2017_normal_grid_S0013,irrigation_positive_candidate,2017-07-19,200,81,76,"{""sim_day"": 81.0, ""doy"": 200.0, ""topwt"": 6385.379638671875, ""grnwt"": 0.0, ""xlai"": 3.9388139247894287, ""totir"": 30.0, ""tofer"": NaN, ""swfac"": 0.0, ""nstres"": 0.04115891456604}",0.0,0.04115891456604,6385.379638671875,0.0,3.9388139247894287,30.0,,0.0,0.0,30.0,150.0,3.0771850585937486,15.077185058593749,Leave_One_experiments/all_year_offline_schedule_search/daily_outputs/HLA/HLA_2017_HLA2017_normal_grid_S0013_daily.csv
HLA,HLA,Hailun,2017,Leave_One_experiments\wth_generated_qc\HLA\HLA2017.WTH,normal_year;nitrogen_stress_year;low_response_year,normal,HLA2017_normal_grid_S0013,irrigation_positive_candidate,2017-07-20,201,82,77,"{""sim_day"": 82.0, ""doy"": 201.0, ""topwt"": 6559.908447265625, ""grnwt"": 0.0, ""xlai"": 3.9597034454345694, ""totir"": 30.0, ""tofer"": NaN, ""swfac"": 0.0, ""nstres"": 0.0430049896240234}",0.0,0.0430049896240234,6559.908447265625,0.0,3.9597034454345694,30.0,,0.0,0.0,30.0,150.0,3.0771850585937486,15.077185058593749,Leave_One_experiments/all_year_offline_schedule_search/daily_outputs/HLA/HLA_2017_HLA2017_normal_grid_S0013_daily.csv
HLA,HLA,Hailun,2017,Leave_One_experiments\wth_generated_qc\HLA\HLA2017.WTH,normal_year;nitrogen_stress_year;low_response_year,normal,HLA2017_normal_grid_S0013,irrigation_positive_candidate,2017-07-21,202,83,78,"{""sim_day"": 83.0, ""doy"": 202.0, ""topwt"": 6762.154541015625, ""grnwt"": 0.0, ""xlai"": 3.9858713150024414, ""totir"": 30.0, ""tofer"": NaN, ""swfac"": 0.0, ""nstres"": 0.0456248521804809}",0.0,0.0456248521804809,6762.154541015625,0.0,3.9858713150024414,30.0,,0.0,0.0,30.0,150.0,3.0771850585937486,15.077185058593749,Leave_One_experiments/all_year_offline_schedule_search/daily_outputs/HLA/HLA_2017_HLA2017_normal_grid_S0013_daily.csv
HLA,HLA,Hailun,2017,Leave_One_experiments\wth_generated_qc\HLA\HLA2017.WTH,normal_year;nitrogen_stress_year;low_response_year,normal,HLA2017_normal_grid_S0013,irrigation_positive_candidate,2017-07-22,203,84,79,"{""sim_day"": 84.0, ""doy"": 203.0, ""topwt"": 6974.13818359375, ""grnwt"": 0.0, ""xlai"": 4.012789249420166, ""totir"": 30.0, ""tofer"": NaN, ""swfac"": 0.0, ""nstres"": 0.0484397411346435}",0.0,0.0484397411346435,6974.13818359375,0.0,4.012789249420166,30.0,,0.0,0.0,30.0,150.0,3.0771850585937486,15.077185058593749,Leave_One_experiments/all_year_offline_schedule_search/daily_outputs/HLA/HLA_2017_HLA2017_normal_grid_S0013_daily.csv
HLA,HLA,Hailun,2017,Leave_One_experiments\wth_generated_qc\HLA\HLA2017.WTH,normal_year;nitrogen_stress_year;low_response_year,normal,HLA2017_normal_grid_S0013,irrigation_positive_candidate,2017-07-23,204,85,80,"{""sim_day"": 85.0, ""doy"": 204.0, ""topwt"": 7120.855102539063, ""grnwt"": 0.0, ""xlai"": 4.0224456787109375, ""totir"": 30.0, ""tofer"": NaN, ""swfac"": 0.0, ""nstres"": 0.0508627891540527}",0.0,0.0508627891540527,7120.855102539063,0.0,4.0224456787109375,30.0,,0.0,0.0,30.0,150.0,3.0771850585937486,15.077185058593749,Leave_One_experiments/all_year_offline_schedule_search/daily_outputs/HLA/HLA_2017_HLA2017_normal_grid_S0013_daily.csv
HLA,HLA,Hailun,2017,Leave_One_experiments\wth_generated_qc\HLA\HLA2017.WTH,normal_year;nitrogen_stress_year;low_response_year,normal,HLA2017_normal_grid_S0013,irrigation_positive_candidate,2017-07-24,205,86,81,"{""sim_day"": 86.0, ""doy"": 205.0, ""topwt"": 7255.538940429687, ""grnwt"": 0.0, ""xlai"": 4.028731346130371, ""totir"": 30.0, ""tofer"": NaN, ""swfac"": 0.0, ""nstres"": 0.051591157913208}",0.0,0.051591157913208,7255.538940429687,0.0,4.028731346130371,30.0,,0.0,0.0,30.0,150.0,3.0771850585937486,15.077185058593749,Leave_One_experiments/all_year_offline_schedule_search/daily_outputs/HLA/HLA_2017_HLA2017_normal_grid_S0013_daily.csv
HLA,HLA,Hailun,2017,Leave_One_experiments\wth_generated_qc\HLA\HLA2017.WTH,normal_year;nitrogen_stress_year;low_response_year,normal,HLA2017_normal_grid_S0013,irrigation_positive_candidate,2017-07-25,206,87,82,"{""sim_day"": 87.0, ""doy"": 206.0, ""topwt"": 7386.22802734375, ""grnwt"": 0.0, ""xlai"": 4.032279014587402, ""totir"": 30.0, ""tofer"": NaN, ""swfac"": 0.0, ""nstres"": 0.0549606084823608}",0.0,0.0549606084823608,7386.22802734375,0.0,4.032279014587402,30.0,,0.0,0.0,30.0,150.0,3.0771850585937486,15.077185058593749,Leave_One_experiments/all_year_offline_schedule_search/daily_outputs/HLA/HLA_2017_HLA2017_normal_grid_S0013_daily.csv
HLA,HLA,Hailun,2017,Leave_One_experiments\wth_generated_qc\HLA\HLA2017.WTH,normal_year;nitrogen_stress_year;low_response_year,normal,HLA2017_normal_grid_S0013,irrigation_positive_candidate,2017-07-26,207,88,83,"{""sim_day"": 88.0, ""doy"": 207.0, ""topwt"": 7522.899169921875, ""grnwt"": 0.0, ""xlai"": 4.003318786621094, ""totir"": 30.0, ""tofer"": NaN, ""swfac"": 0.0, ""nstres"": 0.0574574470520019}",0.0,0.0574574470520019,7522.899169921875,0.0,4.003318786621094,30.0,,0.0,0.0,30.0,150.0,3.0771850585937486,15.077185058593749,Leave_One_experiments/all_year_offline_schedule_search/daily_outputs/HLA/HLA_2017_HLA2017_normal_grid_S0013_daily.csv
HLA,HLA,Hailun,2017,Leave_One_experiments\wth_generated_qc\HLA\HLA2017.WTH,normal_year;nitrogen_stress_year;low_response_year,normal,HLA2017_normal_grid_S0013,irrigation_positive_candidate,2017-07-27,208,89,84,"{""sim_day"": 89.0, ""doy"": 208.0, ""topwt"": 7923.8531494140625, ""grnwt"": 0.0, ""xlai"": 3.976478815078736, ""totir"": 30.0, ""tofer"": NaN, ""swfac"": 0.0, ""nstres"": 0.0536348819732666}",0.0,0.0536348819732666,7923.8531494140625,0.0,3.976478815078736,30.0,,0.0,0.0,30.0,150.0,3.0771850585937486,15.077185058593749,Leave_One_experiments/all_year_offline_schedule_search/daily_outputs/HLA/HLA_2017_HLA2017_normal_grid_S0013_daily.csv
HLA,HLA,Hailun,2017,Leave_One_experiments\wth_generated_qc\HLA\HLA2017.WTH,normal_year;nitrogen_stress_year;low_response_year,normal,HLA2017_normal_grid_S0013,irrigation_positive_candidate,2017-07-28,209,90,85,"{""sim_day"": 90.0, ""doy"": 209.0, ""topwt"": 8313.905029296875, ""grnwt"": 0.0, ""xlai"": 3.9527201652526855, ""totir"": 30.0, ""tofer"": NaN, ""swfac"": 0.0, ""nstres"": 0.0477982759475708}",0.0,0.0477982759475708,8313.905029296875,0.0,3.9527201652526855,30.0,,0.0,0.0,30.0,150.0,3.0771850585937486,15.077185058593749,Leave_One_experiments/all_year_offline_schedule_search/daily_outputs/HLA/HLA_2017_HLA2017_normal_grid_S0013_daily.csv
HLA,HLA,Hailun,2017,Leave_One_experiments\wth_generated_qc\HLA\HLA2017.WTH,normal_year;nitrogen_stress_year;low_response_year,normal,HLA2017_normal_grid_S0013,irrigation_positive_candidate,2017-07-29,210,91,86,"{""sim_day"": 91.0, ""doy"": 210.0, ""topwt"": 8532.762451171875, ""grnwt"": 0.0, ""xlai"": 3.928779602050781, ""totir"": 30.0, ""tofer"": NaN, ""swfac"": 0.0, ""nstres"": 0.0484540462493896}",0.0,0.0484540462493896,8532.762451171875,0.0,3.928779602050781,30.0,,0.0,0.0,30.0,150.0,3.0771850585937486,15.077185058593749,Leave_One_experiments/all_year_offline_schedule_search/daily_outputs/HLA/HLA_2017_HLA2017_normal_grid_S0013_daily.csv
HLA,HLA,Hailun,2017,Leave_One_experiments\wth_generated_qc\HLA\HLA2017.WTH,normal_year;nitrogen_stress_year;low_response_year,normal,HLA2017_normal_grid_S0013,irrigation_positive_candidate,2017-07-30,211,92,87,"{""sim_day"": 92.0, ""doy"": 211.0, ""topwt"": 8842.802734375, ""grnwt"": 0.0, ""xlai"": 3.9060921669006343, ""totir"": 30.0, ""tofer"": NaN, ""swfac"": 0.0, ""nstres"": 0.0461974143981933}",0.0,0.0461974143981933,8842.802734375,0.0,3.9060921669006343,30.0,,0.0,0.0,30.0,150.0,3.0771850585937486,15.077185058593749,Leave_One_experiments/all_year_offline_schedule_search/daily_outputs/HLA/HLA_2017_HLA2017_normal_grid_S0013_daily.csv
HLA,HLA,Hailun,2017,Leave_One_experiments\wth_generated_qc\HLA\HLA2017.WTH,normal_year;nitrogen_stress_year;low_response_year,normal,HLA2017_normal_grid_S0013,irrigation_positive_candidate,2017-07-31,212,93,88,"{""sim_day"": 93.0, ""doy"": 212.0, ""topwt"": 8972.691650390625, ""grnwt"": 0.0, ""xlai"": 3.886174917221069, ""totir"": 30.0, ""tofer"": NaN, ""swfac"": 0.0, ""nstres"": 0.0407923460006713}",0.0,0.0407923460006713,8972.691650390625,0.0,3.886174917221069,30.0,,0.0,0.0,30.0,150.0,3.0771850585937486,15.077185058593749,Leave_One_experiments/all_year_offline_schedule_search/daily_outputs/HLA/HLA_2017_HLA2017_normal_grid_S0013_daily.csv
HLA,HLA,Hailun,2017,Leave_One_experiments\wth_generated_qc\HLA\HLA2017.WTH,normal_year;nitrogen_stress_year;low_response_year,normal,HLA2017_normal_grid_S0013,irrigation_positive_candidate,2017-08-01,213,94,89,"{""sim_day"": 94.0, ""doy"": 213.0, ""topwt"": 9031.271362304688, ""grnwt"": 0.0, ""xlai"": 3.868661642074585, ""totir"": 30.0, ""tofer"": NaN, ""swfac"": 0.0, ""nstres"": 0.036051869392395}",0.0,0.036051869392395,9031.271362304688,0.0,3.868661642074585,30.0,,0.0,0.0,30.0,150.0,3.0771850585937486,15.077185058593749,Leave_One_experiments/all_year_offline_schedule_search/daily_outputs/HLA/HLA_2017_HLA2017_normal_grid_S0013_daily.csv
HLA,HLA,Hailun,2017,Leave_One_experiments\wth_generated_qc\HLA\HLA2017.WTH,normal_year;nitrogen_stress_year;low_response_year,normal,HLA2017_normal_grid_S0013,irrigation_positive_candidate,2017-08-02,214,95,90,"{""sim_day"": 95.0, ""doy"": 214.0, ""topwt"": 9066.737060546877, ""grnwt"": 0.0, ""xlai"": 3.855889797210693, ""totir"": 30.0, ""tofer"": NaN, ""swfac"": 0.0, ""nstres"": 0.0264104604721069}",0.0,0.0264104604721069,9066.737060546877,0.0,3.855889797210693,30.0,,0.0,0.0,30.0,150.0,3.0771850585937486,15.077185058593749,Leave_One_experiments/all_year_offline_schedule_search/daily_outputs/HLA/HLA_2017_HLA2017_normal_grid_S0013_daily.csv
HLA,HLA,Hailun,2017,Leave_One_experiments\wth_generated_qc\HLA\HLA2017.WTH,normal_year;nitrogen_stress_year;low_response_year,normal,HLA2017_normal_grid_S0013,irrigation_positive_candidate,2017-08-03,215,96,91,"{""sim_day"": 96.0, ""doy"": 215.0, ""topwt"": 9226.324462890623, ""grnwt"": 0.0, ""xlai"": 3.849318265914917, ""totir"": 30.0, ""tofer"": NaN, ""swfac"": 0.0, ""nstres"": 0.0136342048645019}",0.0,0.0136342048645019,9226.324462890623,0.0,3.849318265914917,30.0,,0.0,0.0,30.0,150.0,3.0771850585937486,15.077185058593749,Leave_One_experiments/all_year_offline_schedule_search/daily_outputs/HLA/HLA_2017_HLA2017_normal_grid_S0013_daily.csv
HLA,HLA,Hailun,2017,Leave_One_experiments\wth_generated_qc\HLA\HLA2017.WTH,normal_year;nitrogen_stress_year;low_response_year,normal,HLA2017_normal_grid_S0013,irrigation_positive_candidate,2017-08-04,216,97,92,"{""sim_day"": 97.0, ""doy"": 216.0, ""topwt"": 9480.365600585938, ""grnwt"": 0.0, ""xlai"": 3.849318265914917, ""totir"": 30.0, ""tofer"": NaN, ""swfac"": 0.0, ""nstres"": 0.0}",0.0,0.0,9480.365600585938,0.0,3.849318265914917,30.0,,0.0,0.0,30.0,150.0,3.0771850585937486,15.077185058593749,Leave_One_experiments/all_year_offline_schedule_search/daily_outputs/HLA/HLA_2017_HLA2017_normal_grid_S0013_daily.csv
HLA,HLA,Hailun,2017,Leave_One_experiments\wth_generated_qc\HLA\HLA2017.WTH,normal_year;nitrogen_stress_year;low_response_year,normal,HLA2017_normal_grid_S0013,irrigation_positive_candidate,2017-08-05,217,98,93,"{""sim_day"": 98.0, ""doy"": 217.0, ""topwt"": 9698.118896484377, ""grnwt"": 0.0, ""xlai"": 3.849318265914917, ""totir"": 30.0, ""tofer"": NaN, ""swfac"": 0.0, ""nstres"": 0.0}",0.0,0.0,9698.118896484377,0.0,3.849318265914917,30.0,,0.0,0.0,30.0,150.0,3.0771850585937486,15.077185058593749,Leave_One_experiments/all_year_offline_schedule_search/daily_outputs/HLA/HLA_2017_HLA2017_normal_grid_S0013_daily.csv
HLA,HLA,Hailun,2017,Leave_One_experiments\wth_generated_qc\HLA\HLA2017.WTH,normal_year;nitrogen_stress_year;low_response_year,normal,HLA2017_normal_grid_S0013,irrigation_positive_candidate,2017-08-06,218,99,94,"{""sim_day"": 99.0, ""doy"": 218.0, ""topwt"": 9828.642578125, ""grnwt"": 132.476806640625, ""xlai"": 3.777867078781128, ""totir"": 30.0, ""tofer"": NaN, ""swfac"": 0.0, ""nstres"": 0.0}",0.0,0.0,9828.642578125,132.476806640625,3.777867078781128,30.0,,0.0,0.0,30.0,150.0,3.0771850585937486,15.077185058593749,Leave_One_experiments/all_year_offline_schedule_search/daily_outputs/HLA/HLA_2017_HLA2017_normal_grid_S0013_daily.csv
HLA,HLA,Hailun,2017,Leave_One_experiments\wth_generated_qc\HLA\HLA2017.WTH,normal_year;nitrogen_stress_year;low_response_year,normal,HLA2017_normal_grid_S0013,irrigation_positive_candidate,2017-08-07,219,100,95,"{""sim_day"": 100.0, ""doy"": 219.0, ""topwt"": 9963.072509765623, ""grnwt"": 264.95361328125, ""xlai"": 3.7662155628204346, ""totir"": 30.0, ""tofer"": NaN, ""swfac"": 0.0, ""nstres"": 0.0}",0.0,0.0,9963.072509765623,264.95361328125,3.7662155628204346,30.0,,0.0,0.0,30.0,150.0,3.0771850585937486,15.077185058593749,Leave_One_experiments/all_year_offline_schedule_search/daily_outputs/HLA/HLA_2017_HLA2017_normal_grid_S0013_daily.csv
HLA,HLA,Hailun,2017,Leave_One_experiments\wth_generated_qc\HLA\HLA2017.WTH,normal_year;nitrogen_stress_year;low_response_year,normal,HLA2017_normal_grid_S0013,irrigation_positive_candidate,2017-08-08,220,101,96,"{""sim_day"": 101.0, ""doy"": 220.0, ""topwt"": 10095.54931640625, ""grnwt"": 397.430419921875, ""xlai"": 3.7512190341949454, ""totir"": 30.0, ""tofer"": NaN, ""swfac"": 0.0, ""nstres"": 0.0}",0.0,0.0,10095.54931640625,397.430419921875,3.7512190341949454,30.0,,0.0,0.0,30.0,150.0,3.0771850585937486,15.077185058593749,Leave_One_experiments/all_year_offline_schedule_search/daily_outputs/HLA/HLA_2017_HLA2017_normal_grid_S0013_daily.csv
HLA,HLA,Hailun,2017,Leave_One_experiments\wth_generated_qc\HLA\HLA2017.WTH,normal_year;nitrogen_stress_year;low_response_year,normal,HLA2017_normal_grid_S0013,irrigation_positive_candidate,2017-08-09,221,102,97,"{""sim_day"": 102.0, ""doy"": 221.0, ""topwt"": 10228.026123046877, ""grnwt"": 529.9072265625, ""xlai"": 3.732293367385864, ""totir"": 30.0, ""tofer"": NaN, ""swfac"": 0.0, ""nstres"": 0.0}",0.0,0.0,10228.026123046877,529.9072265625,3.732293367385864,30.0,,0.0,0.0,30.0,150.0,3.0771850585937486,15.077185058593749,Leave_One_experiments/all_year_offline_schedule_search/daily_outputs/HLA/HLA_2017_HLA2017_normal_grid_S0013_daily.csv
HLA,HLA,Hailun,2017,Leave_One_experiments\wth_generated_qc\HLA\HLA2017.WTH,normal_year;nitrogen_stress_year;low_response_year,normal,HLA2017_normal_grid_S0013,irrigation_positive_candidate,2017-08-10,222,103,98,"{""sim_day"": 103.0, ""doy"": 222.0, ""topwt"": 10360.5029296875, ""grnwt"": 662.384033203125, ""xlai"": 3.71180272102356, ""totir"": 30.0, ""tofer"": NaN, ""swfac"": 0.0, ""nstres"": 0.0}",0.0,0.0,10360.5029296875,662.384033203125,3.71180272102356,30.0,,0.0,0.0,30.0,150.0,3.0771850585937486,15.077185058593749,Leave_One_experiments/all_year_offline_schedule_search/daily_outputs/HLA/HLA_2017_HLA2017_normal_grid_S0013_daily.csv
HLA,HLA,Hailun,2017,Leave_One_experiments\wth_generated_qc\HLA\HLA2017.WTH,normal_year;nitrogen_stress_year;low_response_year,normal,HLA2017_normal_grid_S0013,irrigation_positive_candidate,2017-08-11,223,104,99,"{""sim_day"": 104.0, ""doy"": 223.0, ""topwt"": 10492.979736328123, ""grnwt"": 794.86083984375, ""xlai"": 3.687544345855713, ""totir"": 30.0, ""tofer"": NaN, ""swfac"": 0.0, ""nstres"": 0.0}",0.0,0.0,10492.979736328123,794.86083984375,3.687544345855713,30.0,,0.0,0.0,30.0,150.0,3.0771850585937486,15.077185058593749,Leave_One_experiments/all_year_offline_schedule_search/daily_outputs/HLA/HLA_2017_HLA2017_normal_grid_S0013_daily.csv
HLA,HLA,Hailun,2017,Leave_One_experiments\wth_generated_qc\HLA\HLA2017.WTH,normal_year;nitrogen_stress_year;low_response_year,normal,HLA2017_normal_grid_S0013,irrigation_positive_candidate,2017-08-12,224,105,100,"{""sim_day"": 105.0, ""doy"": 224.0, ""topwt"": 10625.45654296875, ""grnwt"": 927.337646484375, ""xlai"": 3.658215045928955, ""totir"": 30.0, ""tofer"": NaN, ""swfac"": 0.0, ""nstres"": 0.0}",0.0,0.0,10625.45654296875,927.337646484375,3.658215045928955,30.0,,0.0,0.0,30.0,150.0,3.0771850585937486,15.077185058593749,Leave_One_experiments/all_year_offline_schedule_search/daily_outputs/HLA/HLA_2017_HLA2017_normal_grid_S0013_daily.csv
HLA,HLA,Hailun,2017,Leave_One_experiments\wth_generated_qc\HLA\HLA2017.WTH,normal_year;nitrogen_stress_year;low_response_year,normal,HLA2017_normal_grid_S0013,irrigation_positive_candidate,2017-08-13,225,106,101,"{""sim_day"": 106.0, ""doy"": 225.0, ""topwt"": 10757.933349609377, ""grnwt"": 1059.814453125, ""xlai"": 3.625058889389038, ""totir"": 30.0, ""tofer"": NaN, ""swfac"": 0.0, ""nstres"": 0.0}",0.0,0.0,10757.933349609377,1059.814453125,3.625058889389038,30.0,,0.0,0.0,30.0,150.0,3.0771850585937486,15.077185058593749,Leave_One_experiments/all_year_offline_schedule_search/daily_outputs/HLA/HLA_2017_HLA2017_normal_grid_S0013_daily.csv
HLA,HLA,Hailun,2017,Leave_One_experiments\wth_generated_qc\HLA\HLA2017.WTH,normal_year;nitrogen_stress_year;low_response_year,normal,HLA2017_normal_grid_S0013,irrigation_positive_candidate,2017-08-14,226,107,102,"{""sim_day"": 107.0, ""doy"": 226.0, ""topwt"": 10890.41015625, ""grnwt"": 1192.291259765625, ""xlai"": 3.5906240940093994, ""totir"": 30.0, ""tofer"": NaN, ""swfac"": 0.0, ""nstres"": 0.0}",0.0,0.0,10890.41015625,1192.291259765625,3.5906240940093994,30.0,,0.0,0.0,30.0,150.0,3.0771850585937486,15.077185058593749,Leave_One_experiments/all_year_offline_schedule_search/daily_outputs/HLA/HLA_2017_HLA2017_normal_grid_S0013_daily.csv
HLA,HLA,Hailun,2017,Leave_One_experiments\wth_generated_qc\HLA\HLA2017.WTH,normal_year;nitrogen_stress_year;low_response_year,normal,HLA2017_normal_grid_S0013,irrigation_positive_candidate,2017-08-15,227,108,103,"{""sim_day"": 108.0, ""doy"": 227.0, ""topwt"": 11022.886962890623, ""grnwt"": 1324.76806640625, ""xlai"": 3.5499069690704346, ""totir"": 30.0, ""tofer"": NaN, ""swfac"": 0.0, ""nstres"": 0.0}",0.0,0.0,11022.886962890623,1324.76806640625,3.5499069690704346,30.0,,0.0,0.0,30.0,150.0,3.0771850585937486,15.077185058593749,Leave_One_experiments/all_year_offline_schedule_search/daily_outputs/HLA/HLA_2017_HLA2017_normal_grid_S0013_daily.csv
HLA,HLA,Hailun,2017,Leave_One_experiments\wth_generated_qc\HLA\HLA2017.WTH,normal_year;nitrogen_stress_year;low_response_year,normal,HLA2017_normal_grid_S0013,irrigation_positive_candidate,2017-08-16,228,109,104,"{""sim_day"": 109.0, ""doy"": 228.0, ""topwt"": 11155.36376953125, ""grnwt"": 1457.244873046875, ""xlai"": 3.5085155963897705, ""totir"": 30.0, ""tofer"": NaN, ""swfac"": 0.0, ""nstres"": 0.0}",0.0,0.0,11155.36376953125,1457.244873046875,3.5085155963897705,30.0,,0.0,0.0,30.0,150.0,3.0771850585937486,15.077185058593749,Leave_One_experiments/all_year_offline_schedule_search/daily_outputs/HLA/HLA_2017_HLA2017_normal_grid_S0013_daily.csv
HLA,HLA,Hailun,2017,Leave_One_experiments\wth_generated_qc\HLA\HLA2017.WTH,normal_year;nitrogen_stress_year;low_response_year,normal,HLA2017_normal_grid_S0013,irrigation_positive_candidate,2017-08-17,229,110,105,"{""sim_day"": 110.0, ""doy"": 229.0, ""topwt"": 11287.840576171877, ""grnwt"": 1589.7216796875, ""xlai"": 3.464585542678833, ""totir"": 30.0, ""tofer"": NaN, ""swfac"": 0.0, ""nstres"": 0.0}",0.0,0.0,11287.840576171877,1589.7216796875,3.464585542678833,30.0,,0.0,0.0,30.0,150.0,3.0771850585937486,15.077185058593749,Leave_One_experiments/all_year_offline_schedule_search/daily_outputs/HLA/HLA_2017_HLA2017_normal_grid_S0013_daily.csv
HLA,HLA,Hailun,2017,Leave_One_experiments\wth_generated_qc\HLA\HLA2017.WTH,normal_year;nitrogen_stress_year;low_response_year,normal,HLA2017_normal_grid_S0013,irrigation_positive_candidate,2017-08-18,230,111,106,"{""sim_day"": 111.0, ""doy"": 230.0, ""topwt"": 11420.3173828125, ""grnwt"": 1722.198486328125, ""xlai"": 3.4170982837677, ""totir"": 30.0, ""tofer"": NaN, ""swfac"": 0.0, ""nstres"": 0.0}",0.0,0.0,11420.3173828125,1722.198486328125,3.4170982837677,30.0,,0.0,0.0,30.0,150.0,3.0771850585937486,15.077185058593749,Leave_One_experiments/all_year_offline_schedule_search/daily_outputs/HLA/HLA_2017_HLA2017_normal_grid_S0013_daily.csv
HLA,HLA,Hailun,2017,Leave_One_experiments\wth_generated_qc\HLA\HLA2017.WTH,normal_year;nitrogen_stress_year;low_response_year,normal,HLA2017_normal_grid_S0013,irrigation_positive_candidate,2017-08-19,231,112,107,"{""sim_day"": 112.0, ""doy"": 231.0, ""topwt"": 11552.794189453123, ""grnwt"": 1854.67529296875, ""xlai"": 3.361656665802002, ""totir"": 30.0, ""tofer"": NaN, ""swfac"": 0.0, ""nstres"": 0.0}",0.0,0.0,11552.794189453123,1854.67529296875,3.361656665802002,30.0,,0.0,0.0,30.0,150.0,3.0771850585937486,15.077185058593749,Leave_One_experiments/all_year_offline_schedule_search/daily_outputs/HLA/HLA_2017_HLA2017_normal_grid_S0013_daily.csv
HLA,HLA,Hailun,2017,Leave_One_experiments\wth_generated_qc\HLA\HLA2017.WTH,normal_year;nitrogen_stress_year;low_response_year,normal,HLA2017_normal_grid_S0013,irrigation_positive_candidate,2017-08-20,232,113,108,"{""sim_day"": 113.0, ""doy"": 232.0, ""topwt"": 11685.27099609375, ""grnwt"": 1987.152099609375, ""xlai"": 3.2968826293945312, ""totir"": 30.0, ""tofer"": NaN, ""swfac"": 0.0, ""nstres"": 0.0}",0.0,0.0,11685.27099609375,1987.152099609375,3.2968826293945312,30.0,,0.0,0.0,30.0,150.0,3.0771850585937486,15.077185058593749,Leave_One_experiments/all_year_offline_schedule_search/daily_outputs/HLA/HLA_2017_HLA2017_normal_grid_S0013_daily.csv
HLA,HLA,Hailun,2017,Leave_One_experiments\wth_generated_qc\HLA\HLA2017.WTH,normal_year;nitrogen_stress_year;low_response_year,normal,HLA2017_normal_grid_S0013,irrigation_positive_candidate,2017-08-21,233,114,109,"{""sim_day"": 114.0, ""doy"": 233.0, ""topwt"": 11817.747802734377, ""grnwt"": 2119.62890625, ""xlai"": 3.241173028945923, ""totir"": 30.0, ""tofer"": NaN, ""swfac"": 0.0, ""nstres"": 0.0}",0.0,0.0,11817.747802734377,2119.62890625,3.241173028945923,30.0,,0.0,0.0,30.0,150.0,3.0771850585937486,15.077185058593749,Leave_One_experiments/all_year_offline_schedule_search/daily_outputs/HLA/HLA_2017_HLA2017_normal_grid_S0013_daily.csv
HLA,HLA,Hailun,2017,Leave_One_experiments\wth_generated_qc\HLA\HLA2017.WTH,normal_year;nitrogen_stress_year;low_response_year,normal,HLA2017_normal_grid_S0013,irrigation_positive_candidate,2017-08-22,234,115,110,"{""sim_day"": 115.0, ""doy"": 234.0, ""topwt"": 11950.224609375, ""grnwt"": 2252.105712890625, ""xlai"": 3.191467761993408, ""totir"": 30.0, ""tofer"": NaN, ""swfac"": 0.0, ""nstres"": 0.0034402012825012}",0.0,0.0034402012825012,11950.224609375,2252.105712890625,3.191467761993408,30.0,,0.0,0.0,30.0,150.0,3.0771850585937486,15.077185058593749,Leave_One_experiments/all_year_offline_schedule_search/daily_outputs/HLA/HLA_2017_HLA2017_normal_grid_S0013_daily.csv
HLA,HLA,Hailun,2017,Leave_One_experiments\wth_generated_qc\HLA\HLA2017.WTH,normal_year;nitrogen_stress_year;low_response_year,normal,HLA2017_normal_grid_S0013,irrigation_positive_candidate,2017-08-23,235,116,111,"{""sim_day"": 116.0, ""doy"": 235.0, ""topwt"": 12082.701416015623, ""grnwt"": 2384.58251953125, ""xlai"": 3.144627332687378, ""totir"": 30.0, ""tofer"": NaN, ""swfac"": 0.0, ""nstres"": 0.0121102333068847}",0.0,0.0121102333068847,12082.701416015623,2384.58251953125,3.144627332687378,30.0,,0.0,0.0,30.0,150.0,3.0771850585937486,15.077185058593749,Leave_One_experiments/all_year_offline_schedule_search/daily_outputs/HLA/HLA_2017_HLA2017_normal_grid_S0013_daily.csv
HLA,HLA,Hailun,2017,Leave_One_experiments\wth_generated_qc\HLA\HLA2017.WTH,normal_year;nitrogen_stress_year;low_response_year,normal,HLA2017_normal_grid_S0013,irrigation_positive_candidate,2017-08-24,236,117,112,"{""sim_day"": 117.0, ""doy"": 236.0, ""topwt"": 12195.621337890623, ""grnwt"": 2497.5033569335938, ""xlai"": 3.1127352714538574, ""totir"": 30.0, ""tofer"": NaN, ""swfac"": 0.0, ""nstres"": 0.0236990451812744}",0.0,0.0236990451812744,12195.621337890623,2497.5033569335938,3.1127352714538574,30.0,,0.0,0.0,30.0,150.0,3.0771850585937486,15.077185058593749,Leave_One_experiments/all_year_offline_schedule_search/daily_outputs/HLA/HLA_2017_HLA2017_normal_grid_S0013_daily.csv
HLA,HLA,Hailun,2017,Leave_One_experiments\wth_generated_qc\HLA\HLA2017.WTH,normal_year;nitrogen_stress_year;low_response_year,normal,HLA2017_normal_grid_S0013,irrigation_positive_candidate,2017-08-25,237,118,113,"{""sim_day"": 118.0, ""doy"": 237.0, ""topwt"": 12324.94384765625, ""grnwt"": 2626.8258666992188, ""xlai"": 3.0731141567230225, ""totir"": 30.0, ""tofer"": NaN, ""swfac"": 0.0, ""nstres"": 0.0317935347557067}",0.0,0.0317935347557067,12324.94384765625,2626.8258666992188,3.0731141567230225,30.0,,0.0,0.0,30.0,150.0,3.0771850585937486,15.077185058593749,Leave_One_experiments/all_year_offline_schedule_search/daily_outputs/HLA/HLA_2017_HLA2017_normal_grid_S0013_daily.csv
HLA,HLA,Hailun,2017,Leave_One_experiments\wth_generated_qc\HLA\HLA2017.WTH,normal_year;nitrogen_stress_year;low_response_year,normal,HLA2017_normal_grid_S0013,irrigation_positive_candidate,2017-08-26,238,119,114,"{""sim_day"": 119.0, ""doy"": 238.0, ""topwt"": 12457.420654296877, ""grnwt"": 2759.302673339844, ""xlai"": 3.0165765285491943, ""totir"": 30.0, ""tofer"": NaN, ""swfac"": 0.0, ""nstres"": 0.0398334860801696}",0.0,0.0398334860801696,12457.420654296877,2759.302673339844,3.0165765285491943,30.0,,0.0,0.0,30.0,150.0,3.0771850585937486,15.077185058593749,Leave_One_experiments/all_year_offline_schedule_search/daily_outputs/HLA/HLA_2017_HLA2017_normal_grid_S0013_daily.csv
HLA,HLA,Hailun,2017,Leave_One_experiments\wth_generated_qc\HLA\HLA2017.WTH,normal_year;nitrogen_stress_year;low_response_year,normal,HLA2017_normal_grid_S0013,irrigation_positive_candidate,2017-08-27,239,120,115,"{""sim_day"": 120.0, ""doy"": 239.0, ""topwt"": 12564.6630859375, ""grnwt"": 2866.5460205078125, ""xlai"": 2.983350992202759, ""totir"": 30.0, ""tofer"": NaN, ""swfac"": 0.0, ""nstres"": 0.0521075725555419}",0.0,0.0521075725555419,12564.6630859375,2866.5460205078125,2.983350992202759,30.0,,0.0,0.0,30.0,150.0,3.0771850585937486,15.077185058593749,Leave_One_experiments/all_year_offline_schedule_search/daily_outputs/HLA/HLA_2017_HLA2017_normal_grid_S0013_daily.csv
HLA,HLA,Hailun,2017,Leave_One_experiments\wth_generated_qc\HLA\HLA2017.WTH,normal_year;nitrogen_stress_year;low_response_year,normal,HLA2017_normal_grid_S0013,irrigation_positive_candidate,2017-08-28,240,121,116,"{""sim_day"": 121.0, ""doy"": 240.0, ""topwt"": 12622.0703125, ""grnwt"": 2923.95263671875, ""xlai"": 2.9595112800598145, ""totir"": 30.0, ""tofer"": NaN, ""swfac"": 0.0, ""nstres"": 0.0639277696609497}",0.0,0.0639277696609497,12622.0703125,2923.95263671875,2.9595112800598145,30.0,,0.0,0.0,30.0,150.0,3.0771850585937486,15.077185058593749,Leave_One_experiments/all_year_offline_schedule_search/daily_outputs/HLA/HLA_2017_HLA2017_normal_grid_S0013_daily.csv
HLA,HLA,Hailun,2017,Leave_One_experiments\wth_generated_qc\HLA\HLA2017.WTH,normal_year;nitrogen_stress_year;low_response_year,normal,HLA2017_normal_grid_S0013,irrigation_positive_candidate,2017-08-29,241,122,117,"{""sim_day"": 122.0, ""doy"": 241.0, ""topwt"": 12673.798828125, ""grnwt"": 2975.6814575195312, ""xlai"": 2.923701047897339, ""totir"": 30.0, ""tofer"": NaN, ""swfac"": 0.0, ""nstres"": 0.0695096254348754}",0.0,0.0695096254348754,12673.798828125,2975.6814575195312,2.923701047897339,30.0,,0.0,0.0,30.0,150.0,3.0771850585937486,15.077185058593749,Leave_One_experiments/all_year_offline_schedule_search/daily_outputs/HLA/HLA_2017_HLA2017_normal_grid_S0013_daily.csv
HLA,HLA,Hailun,2017,Leave_One_experiments\wth_generated_qc\HLA\HLA2017.WTH,normal_year;nitrogen_stress_year;low_response_year,normal,HLA2017_normal_grid_S0013,irrigation_positive_candidate,2017-08-30,242,123,118,"{""sim_day"": 123.0, ""doy"": 242.0, ""topwt"": 12787.982177734377, ""grnwt"": 3089.8638916015625, ""xlai"": 2.897541046142578, ""totir"": 30.0, ""tofer"": NaN, ""swfac"": 0.0, ""nstres"": 0.0715812444686889}",0.0,0.0715812444686889,12787.982177734377,3089.8638916015625,2.897541046142578,30.0,,0.0,0.0,30.0,150.0,3.0771850585937486,15.077185058593749,Leave_One_experiments/all_year_offline_schedule_search/daily_outputs/HLA/HLA_2017_HLA2017_normal_grid_S0013_daily.csv
HLA,HLA,Hailun,2017,Leave_One_experiments\wth_generated_qc\HLA\HLA2017.WTH,normal_year;nitrogen_stress_year;low_response_year,normal,HLA2017_normal_grid_S0013,irrigation_positive_candidate,2017-08-31,243,124,119,"{""sim_day"": 124.0, ""doy"": 243.0, ""topwt"": 12903.42529296875, ""grnwt"": 3205.3082275390625, ""xlai"": 2.86818265914917, ""totir"": 30.0, ""tofer"": NaN, ""swfac"": 0.0, ""nstres"": 0.081057071685791}",0.0,0.081057071685791,12903.42529296875,3205.3082275390625,2.86818265914917,30.0,,0.0,0.0,30.0,150.0,3.0771850585937486,15.077185058593749,Leave_One_experiments/all_year_offline_schedule_search/daily_outputs/HLA/HLA_2017_HLA2017_normal_grid_S0013_daily.csv
HLA,HLA,Hailun,2017,Leave_One_experiments\wth_generated_qc\HLA\HLA2017.WTH,normal_year;nitrogen_stress_year;low_response_year,normal,HLA2017_normal_grid_S0013,irrigation_positive_candidate,2017-09-01,244,125,120,"{""sim_day"": 125.0, ""doy"": 244.0, ""topwt"": 13030.224609375, ""grnwt"": 3332.1075439453125, ""xlai"": 2.8309195041656494, ""totir"": 30.0, ""tofer"": NaN, ""swfac"": 0.0, ""nstres"": 0.090051531791687}",0.0,0.090051531791687,13030.224609375,3332.1075439453125,2.8309195041656494,30.0,,0.0,0.0,30.0,150.0,3.0771850585937486,15.077185058593749,Leave_One_experiments/all_year_offline_schedule_search/daily_outputs/HLA/HLA_2017_HLA2017_normal_grid_S0013_daily.csv
HLA,HLA,Hailun,2017,Leave_One_experiments\wth_generated_qc\HLA\HLA2017.WTH,normal_year;nitrogen_stress_year;low_response_year,normal,HLA2017_normal_grid_S0013,irrigation_positive_candidate,2017-09-02,245,126,121,"{""sim_day"": 126.0, ""doy"": 245.0, ""topwt"": 13162.701416015623, ""grnwt"": 3464.584350585937, ""xlai"": 2.775023460388184, ""totir"": 30.0, ""tofer"": NaN, ""swfac"": 0.0, ""nstres"": 0.0997347831726074}",0.0,0.0997347831726074,13162.701416015623,3464.584350585937,2.775023460388184,30.0,,0.0,0.0,30.0,150.0,3.0771850585937486,15.077185058593749,Leave_One_experiments/all_year_offline_schedule_search/daily_outputs/HLA/HLA_2017_HLA2017_normal_grid_S0013_daily.csv
HLA,HLA,Hailun,2017,Leave_One_experiments\wth_generated_qc\HLA\HLA2017.WTH,normal_year;nitrogen_stress_year;low_response_year,normal,HLA2017_normal_grid_S0013,irrigation_positive_candidate,2017-09-03,246,127,122,"{""sim_day"": 127.0, ""doy"": 246.0, ""topwt"": 13208.8134765625, ""grnwt"": 3597.0611572265625, ""xlai"": 2.713017463684082, ""totir"": 30.0, ""tofer"": NaN, ""swfac"": 0.0, ""nstres"": 0.1097897887229919}",0.0,0.1097897887229919,13208.8134765625,3597.0611572265625,2.713017463684082,30.0,,0.0,0.0,30.0,150.0,3.0771850585937486,15.077185058593749,Leave_One_experiments/all_year_offline_schedule_search/daily_outputs/HLA/HLA_2017_HLA2017_normal_grid_S0013_daily.csv
HLA,HLA,Hailun,2017,Leave_One_experiments\wth_generated_qc\HLA\HLA2017.WTH,normal_year;nitrogen_stress_year;low_response_year,normal,HLA2017_normal_grid_S0013,irrigation_positive_candidate,2017-09-04,247,128,123,"{""sim_day"": 128.0, ""doy"": 247.0, ""topwt"": 13247.607421875, ""grnwt"": 3729.537963867188, ""xlai"": 2.647210597991944, ""totir"": 30.0, ""tofer"": NaN, ""swfac"": 0.0, ""nstres"": 0.1198103427886962}",0.0,0.1198103427886962,13247.607421875,3729.537963867188,2.647210597991944,30.0,,0.0,0.0,30.0,150.0,3.0771850585937486,15.077185058593749,Leave_One_experiments/all_year_offline_schedule_search/daily_outputs/HLA/HLA_2017_HLA2017_normal_grid_S0013_daily.csv
HLA,HLA,Hailun,2017,Leave_One_experiments\wth_generated_qc\HLA\HLA2017.WTH,normal_year;nitrogen_stress_year;low_response_year,normal,HLA2017_normal_grid_S0013,irrigation_positive_candidate,2017-09-05,248,129,124,"{""sim_day"": 129.0, ""doy"": 248.0, ""topwt"": 13450.579833984377, ""grnwt"": 3862.014770507813, ""xlai"": 2.5730111598968506, ""totir"": 30.0, ""tofer"": NaN, ""swfac"": 0.0, ""nstres"": 0.1221187114715576}",0.0,0.1221187114715576,13450.579833984377,3862.014770507813,2.5730111598968506,30.0,,0.0,0.0,30.0,150.0,3.0771850585937486,15.077185058593749,Leave_One_experiments/all_year_offline_schedule_search/daily_outputs/HLA/HLA_2017_HLA2017_normal_grid_S0013_daily.csv
HLA,HLA,Hailun,2017,Leave_One_experiments\wth_generated_qc\HLA\HLA2017.WTH,normal_year;nitrogen_stress_year;low_response_year,normal,HLA2017_normal_grid_S0013,irrigation_positive_candidate,2017-09-06,249,130,125,"{""sim_day"": 130.0, ""doy"": 249.0, ""topwt"": 13654.69970703125, ""grnwt"": 3978.7203979492183, ""xlai"": 2.522207975387573, ""totir"": 30.0, ""tofer"": NaN, ""swfac"": 0.0, ""nstres"": 0.1264926195144653}",0.0,0.1264926195144653,13654.69970703125,3978.7203979492183,2.522207975387573,30.0,,0.0,0.0,30.0,150.0,3.0771850585937486,15.077185058593749,Leave_One_experiments/all_year_offline_schedule_search/daily_outputs/HLA/HLA_2017_HLA2017_normal_grid_S0013_daily.csv
HLA,HLA,Hailun,2017,Leave_One_experiments\wth_generated_qc\HLA\HLA2017.WTH,normal_year;nitrogen_stress_year;low_response_year,normal,HLA2017_normal_grid_S0013,irrigation_positive_candidate,2017-09-07,250,131,126,"{""sim_day"": 131.0, ""doy"": 250.0, ""topwt"": 13769.57275390625, ""grnwt"": 4071.454162597656, ""xlai"": 2.4767725467681885, ""totir"": 30.0, ""tofer"": NaN, ""swfac"": 0.0, ""nstres"": 0.1441125869750976}",0.0,0.1441125869750976,13769.57275390625,4071.454162597656,2.4767725467681885,30.0,,0.0,0.0,30.0,150.0,3.0771850585937486,15.077185058593749,Leave_One_experiments/all_year_offline_schedule_search/daily_outputs/HLA/HLA_2017_HLA2017_normal_grid_S0013_daily.csv
HLA,HLA,Hailun,2017,Leave_One_experiments\wth_generated_qc\HLA\HLA2017.WTH,normal_year;nitrogen_stress_year;low_response_year,normal,HLA2017_normal_grid_S0013,irrigation_positive_candidate,2017-09-08,251,132,127,"{""sim_day"": 132.0, ""doy"": 251.0, ""topwt"": 13866.722412109377, ""grnwt"": 4168.603820800781, ""xlai"": 2.427461624145508, ""totir"": 30.0, ""tofer"": NaN, ""swfac"": 0.0, ""nstres"": 0.1592748165130615}",0.0,0.1592748165130615,13866.722412109377,4168.603820800781,2.427461624145508,30.0,,0.0,0.0,30.0,150.0,3.0771850585937486,15.077185058593749,Leave_One_experiments/all_year_offline_schedule_search/daily_outputs/HLA/HLA_2017_HLA2017_normal_grid_S0013_daily.csv
HLA,HLA,Hailun,2017,Leave_One_experiments\wth_generated_qc\HLA\HLA2017.WTH,normal_year;nitrogen_stress_year;low_response_year,normal,HLA2017_normal_grid_S0013,irrigation_positive_candidate,2017-09-09,252,133,128,"{""sim_day"": 133.0, ""doy"": 252.0, ""topwt"": 13981.53564453125, ""grnwt"": 4283.417053222656, ""xlai"": 2.3762013912200928, ""totir"": 30.0, ""tofer"": NaN, ""swfac"": 0.0, ""nstres"": 0.1689332723617553}",0.0,0.1689332723617553,13981.53564453125,4283.417053222656,2.3762013912200928,30.0,,0.0,0.0,30.0,150.0,3.0771850585937486,15.077185058593749,Leave_One_experiments/all_year_offline_schedule_search/daily_outputs/HLA/HLA_2017_HLA2017_normal_grid_S0013_daily.csv
HLA,HLA,Hailun,2017,Leave_One_experiments\wth_generated_qc\HLA\HLA2017.WTH,normal_year;nitrogen_stress_year;low_response_year,normal,HLA2017_normal_grid_S0013,irrigation_positive_candidate,2017-09-10,253,134,129,"{""sim_day"": 134.0, ""doy"": 253.0, ""topwt"": 14086.88720703125, ""grnwt"": 4388.7677001953125, ""xlai"": 2.322967052459717, ""totir"": 30.0, ""tofer"": NaN, ""swfac"": 0.0, ""nstres"": 0.1792265176773071}",0.0,0.1792265176773071,14086.88720703125,4388.7677001953125,2.322967052459717,30.0,,0.0,0.0,30.0,150.0,3.0771850585937486,15.077185058593749,Leave_One_experiments/all_year_offline_schedule_search/daily_outputs/HLA/HLA_2017_HLA2017_normal_grid_S0013_daily.csv
HLA,HLA,Hailun,2017,Leave_One_experiments\wth_generated_qc\HLA\HLA2017.WTH,normal_year;nitrogen_stress_year;low_response_year,normal,HLA2017_normal_grid_S0013,irrigation_positive_candidate,2017-09-11,254,135,130,"{""sim_day"": 135.0, ""doy"": 254.0, ""topwt"": 14155.64697265625, ""grnwt"": 4457.529296875, ""xlai"": 2.267918825149536, ""totir"": 30.0, ""tofer"": NaN, ""swfac"": 0.0, ""nstres"": 0.1895788311958313}",0.0,0.1895788311958313,14155.64697265625,4457.529296875,2.267918825149536,30.0,,0.0,0.0,30.0,150.0,3.0771850585937486,15.077185058593749,Leave_One_experiments/all_year_offline_schedule_search/daily_outputs/HLA/HLA_2017_HLA2017_normal_grid_S0013_daily.csv
HLA,HLA,Hailun,2017,Leave_One_experiments\wth_generated_qc\HLA\HLA2017.WTH,normal_year;nitrogen_stress_year;low_response_year,normal,HLA2017_normal_grid_S0013,irrigation_positive_candidate,2017-09-12,255,136,131,"{""sim_day"": 136.0, ""doy"": 255.0, ""topwt"": 14233.8720703125, ""grnwt"": 4535.754089355469, ""xlai"": 2.2124805450439453, ""totir"": 30.0, ""tofer"": NaN, ""swfac"": 0.0, ""nstres"": 0.1955556869506836}",0.0,0.1955556869506836,14233.8720703125,4535.754089355469,2.2124805450439453,30.0,,0.0,0.0,30.0,150.0,3.0771850585937486,15.077185058593749,Leave_One_experiments/all_year_offline_schedule_search/daily_outputs/HLA/HLA_2017_HLA2017_normal_grid_S0013_daily.csv
HLA,HLA,Hailun,2017,Leave_One_experiments\wth_generated_qc\HLA\HLA2017.WTH,normal_year;nitrogen_stress_year;low_response_year,normal,HLA2017_normal_grid_S0013,irrigation_positive_candidate,2017-09-13,256,137,132,"{""sim_day"": 137.0, ""doy"": 256.0, ""topwt"": 14303.26416015625, ""grnwt"": 4605.146789550781, ""xlai"": 1.999861240386963, ""totir"": 30.0, ""tofer"": NaN, ""swfac"": 0.0, ""nstres"": 0.2076554894447326}",0.0,0.2076554894447326,14303.26416015625,4605.146789550781,1.999861240386963,30.0,,0.0,0.0,30.0,150.0,3.0771850585937486,15.077185058593749,Leave_One_experiments/all_year_offline_schedule_search/daily_outputs/HLA/HLA_2017_HLA2017_normal_grid_S0013_daily.csv
HLA,HLA,Hailun,2017,Leave_One_experiments\wth_generated_qc\HLA\HLA2017.WTH,normal_year;nitrogen_stress_year;low_response_year,normal,HLA2017_normal_grid_S0013,irrigation_positive_candidate,2017-09-14,257,138,133,"{""sim_day"": 138.0, ""doy"": 257.0, ""topwt"": 14407.35107421875, ""grnwt"": 4709.23583984375, ""xlai"": 1.9479044675827024, ""totir"": 30.0, ""tofer"": NaN, ""swfac"": 0.0, ""nstres"": 0.223524808883667}",0.0,0.223524808883667,14407.35107421875,4709.23583984375,1.9479044675827024,30.0,,0.0,0.0,30.0,150.0,3.0771850585937486,15.077185058593749,Leave_One_experiments/all_year_offline_schedule_search/daily_outputs/HLA/HLA_2017_HLA2017_normal_grid_S0013_daily.csv
HLA,HLA,Hailun,2017,Leave_One_experiments\wth_generated_qc\HLA\HLA2017.WTH,normal_year;nitrogen_stress_year;low_response_year,normal,HLA2017_normal_grid_S0013,irrigation_positive_candidate,2017-09-15,258,139,134,"{""sim_day"": 139.0, ""doy"": 258.0, ""topwt"": 14502.97607421875, ""grnwt"": 4828.4649658203125, ""xlai"": 1.8952205181121824, ""totir"": 30.0, ""tofer"": NaN, ""swfac"": 0.0, ""nstres"": 0.2491174340248108}",0.0,0.2491174340248108,14502.97607421875,4828.4649658203125,1.8952205181121824,30.0,,0.0,0.0,30.0,150.0,3.0771850585937486,15.077185058593749,Leave_One_experiments/all_year_offline_schedule_search/daily_outputs/HLA/HLA_2017_HLA2017_normal_grid_S0013_daily.csv
HLA,HLA,Hailun,2017,Leave_One_experiments\wth_generated_qc\HLA\HLA2017.WTH,normal_year;nitrogen_stress_year;low_response_year,normal,HLA2017_normal_grid_S0013,irrigation_positive_candidate,2017-09-16,259,140,135,"{""sim_day"": 140.0, ""doy"": 259.0, ""topwt"": 14583.5107421875, ""grnwt"": 4960.9417724609375, ""xlai"": 1.84174919128418, ""totir"": 30.0, ""tofer"": NaN, ""swfac"": 0.0, ""nstres"": 0.2771298885345459}",0.0,0.2771298885345459,14583.5107421875,4960.9417724609375,1.84174919128418,30.0,,0.0,0.0,30.0,150.0,3.0771850585937486,15.077185058593749,Leave_One_experiments/all_year_offline_schedule_search/daily_outputs/HLA/HLA_2017_HLA2017_normal_grid_S0013_daily.csv
HLA,HLA,Hailun,2017,Leave_One_experiments\wth_generated_qc\HLA\HLA2017.WTH,normal_year;nitrogen_stress_year;low_response_year,normal,HLA2017_normal_grid_S0013,irrigation_positive_candidate,2017-09-17,260,141,136,"{""sim_day"": 141.0, ""doy"": 260.0, ""topwt"": 14715.96923828125, ""grnwt"": 5074.493408203125, ""xlai"": 1.787542700767517, ""totir"": 30.0, ""tofer"": NaN, ""swfac"": 0.0, ""nstres"": 0.3063686490058899}",0.0,0.3063686490058899,14715.96923828125,5074.493408203125,1.787542700767517,30.0,,0.0,0.0,30.0,150.0,3.0771850585937486,15.077185058593749,Leave_One_experiments/all_year_offline_schedule_search/daily_outputs/HLA/HLA_2017_HLA2017_normal_grid_S0013_daily.csv
HLA,HLA,Hailun,2017,Leave_One_experiments\wth_generated_qc\HLA\HLA2017.WTH,normal_year;nitrogen_stress_year;low_response_year,normal,HLA2017_normal_grid_S0013,irrigation_positive_candidate,2017-09-18,261,142,137,"{""sim_day"": 142.0, ""doy"": 261.0, ""topwt"": 14855.194091796877, ""grnwt"": 5182.3675537109375, ""xlai"": 1.733642578125, ""totir"": 30.0, ""tofer"": NaN, ""swfac"": 0.0, ""nstres"": 0.3236788511276245}",0.0,0.3236788511276245,14855.194091796877,5182.3675537109375,1.733642578125,30.0,,0.0,0.0,30.0,150.0,3.0771850585937486,15.077185058593749,Leave_One_experiments/all_year_offline_schedule_search/daily_outputs/HLA/HLA_2017_HLA2017_normal_grid_S0013_daily.csv
HLA,HLA,Hailun,2017,Leave_One_experiments\wth_generated_qc\HLA\HLA2017.WTH,normal_year;nitrogen_stress_year;low_response_year,normal,HLA2017_normal_grid_S0013,irrigation_positive_candidate,2017-09-19,262,143,138,"{""sim_day"": 143.0, ""doy"": 262.0, ""topwt"": 14990.88134765625, ""grnwt"": 5292.764892578125, ""xlai"": 1.6790704727172852, ""totir"": 30.0, ""tofer"": NaN, ""swfac"": 0.0, ""nstres"": 0.3554786443710327}",0.0,0.3554786443710327,14990.88134765625,5292.764892578125,1.6790704727172852,30.0,,0.0,0.0,30.0,150.0,3.0771850585937486,15.077185058593749,Leave_One_experiments/all_year_offline_schedule_search/daily_outputs/HLA/HLA_2017_HLA2017_normal_grid_S0013_daily.csv
HLA,HLA,Hailun,2017,Leave_One_experiments\wth_generated_qc\HLA\HLA2017.WTH,normal_year;nitrogen_stress_year;low_response_year,normal,HLA2017_normal_grid_S0013,irrigation_positive_candidate,2017-09-20,263,144,139,"{""sim_day"": 144.0, ""doy"": 263.0, ""topwt"": 15123.358154296877, ""grnwt"": 5425.24169921875, ""xlai"": 1.623947262763977, ""totir"": 30.0, ""tofer"": NaN, ""swfac"": 0.0, ""nstres"": 0.3879113793373108}",0.0,0.3879113793373108,15123.358154296877,5425.24169921875,1.623947262763977,30.0,,0.0,0.0,30.0,150.0,3.0771850585937486,15.077185058593749,Leave_One_experiments/all_year_offline_schedule_search/daily_outputs/HLA/HLA_2017_HLA2017_normal_grid_S0013_daily.csv
HLA,HLA,Hailun,2017,Leave_One_experiments\wth_generated_qc\HLA\HLA2017.WTH,normal_year;nitrogen_stress_year;low_response_year,normal,HLA2017_normal_grid_S0013,irrigation_positive_candidate,2017-09-21,264,145,140,"{""sim_day"": 145.0, ""doy"": 264.0, ""topwt"": 15163.10546875, ""grnwt"": 5557.718505859375, ""xlai"": 1.5680623054504397, ""totir"": 30.0, ""tofer"": NaN, ""swfac"": 0.0, ""nstres"": 0.4259147047996521}",0.0,0.4259147047996521,15163.10546875,5557.718505859375,1.5680623054504397,30.0,,0.0,0.0,30.0,150.0,3.0771850585937486,15.077185058593749,Leave_One_experiments/all_year_offline_schedule_search/daily_outputs/HLA/HLA_2017_HLA2017_normal_grid_S0013_daily.csv
HLA,HLA,Hailun,2017,Leave_One_experiments\wth_generated_qc\HLA\HLA2017.WTH,normal_year;nitrogen_stress_year;low_response_year,normal,HLA2017_normal_grid_S0013,irrigation_positive_candidate,2017-09-22,265,146,141,"{""sim_day"": 146.0, ""doy"": 265.0, ""topwt"": 15163.10546875, ""grnwt"": 5557.718505859375, ""xlai"": 1.5680623054504397, ""totir"": 30.0, ""tofer"": NaN, ""swfac"": 0.0, ""nstres"": 0.4581189751625061}",0.0,0.4581189751625061,15163.10546875,5557.718505859375,1.5680623054504397,30.0,,0.0,0.0,30.0,150.0,3.0771850585937486,15.077185058593749,Leave_One_experiments/all_year_offline_schedule_search/daily_outputs/HLA/HLA_2017_HLA2017_normal_grid_S0013_daily.csv
HLA,HLA,Hailun,2017,Leave_One_experiments\wth_generated_qc\HLA\HLA2017.WTH,normal_year;nitrogen_stress_year;low_response_year,normal,HLA2017_normal_grid_S0013,irrigation_positive_candidate,2017-09-23,266,147,142,"{""sim_day"": 147.0, ""doy"": 266.0, ""topwt"": 15163.10546875, ""grnwt"": 5557.718505859375, ""xlai"": 1.5680623054504397, ""totir"": 30.0, ""tofer"": NaN, ""swfac"": 0.0, ""nstres"": 0.4581189751625061}",0.0,0.4581189751625061,15163.10546875,5557.718505859375,1.5680623054504397,30.0,,0.0,0.0,30.0,150.0,3.0771850585937486,15.077185058593749,Leave_One_experiments/all_year_offline_schedule_search/daily_outputs/HLA/HLA_2017_HLA2017_normal_grid_S0013_daily.csv
HLA,HLA,Hailun,2017,Leave_One_experiments\wth_generated_qc\HLA\HLA2017.WTH,normal_year;nitrogen_stress_year;low_response_year,normal,HLA2017_normal_grid_S0013,irrigation_positive_candidate,2017-09-24,267,148,143,"{""sim_day"": 148.0, ""doy"": 267.0, ""topwt"": 15163.10546875, ""grnwt"": 5557.718505859375, ""xlai"": 1.5680623054504397, ""totir"": 30.0, ""tofer"": NaN, ""swfac"": 0.0, ""nstres"": 0.4581189751625061}",0.0,0.4581189751625061,15163.10546875,5557.718505859375,1.5680623054504397,30.0,,0.0,0.0,30.0,150.0,3.0771850585937486,15.077185058593749,Leave_One_experiments/all_year_offline_schedule_search/daily_outputs/HLA/HLA_2017_HLA2017_normal_grid_S0013_daily.csv
HLA,HLA,Hailun,2017,Leave_One_experiments\wth_generated_qc\HLA\HLA2017.WTH,normal_year;nitrogen_stress_year;low_response_year,normal,HLA2017_normal_grid_S0013,irrigation_positive_candidate,2017-09-25,268,149,144,"{""sim_day"": 149.0, ""doy"": 268.0, ""topwt"": 15163.10546875, ""grnwt"": 5557.718505859375, ""xlai"": 1.5680623054504397, ""totir"": 30.0, ""tofer"": NaN, ""swfac"": 0.0, ""nstres"": 0.4581189751625061}",0.0,0.4581189751625061,15163.10546875,5557.718505859375,1.5680623054504397,30.0,,0.0,0.0,30.0,150.0,3.0771850585937486,15.077185058593749,Leave_One_experiments/all_year_offline_schedule_search/daily_outputs/HLA/HLA_2017_HLA2017_normal_grid_S0013_daily.csv
HLA,HLA,Hailun,2017,Leave_One_experiments\wth_generated_qc\HLA\HLA2017.WTH,normal_year;nitrogen_stress_year;low_response_year,normal,HLA2017_normal_grid_S0013,irrigation_positive_candidate,2017-09-26,269,150,145,"{""sim_day"": 150.0, ""doy"": 269.0, ""topwt"": 15163.10546875, ""grnwt"": 5557.718505859375, ""xlai"": 1.5680623054504397, ""totir"": 30.0, ""tofer"": NaN, ""swfac"": 0.0, ""nstres"": 0.4581189751625061}",0.0,0.4581189751625061,15163.10546875,5557.718505859375,1.5680623054504397,30.0,,0.0,0.0,30.0,150.0,3.0771850585937486,15.077185058593749,Leave_One_experiments/all_year_offline_schedule_search/daily_outputs/HLA/HLA_2017_HLA2017_normal_grid_S0013_daily.csv
HLA,HLA,Hailun,2017,Leave_One_experiments\wth_generated_qc\HLA\HLA2017.WTH,normal_year;nitrogen_stress_year;low_response_year,normal,HLA2017_normal_grid_S0010,low_input_within_10pct_yield,2017-05-05,125,1,1,"{""sim_day"": 1.0, ""doy"": 125.0, ""topwt"": 0.0, ""grnwt"": 0.0, ""xlai"": 0.0, ""totir"": 0.0, ""tofer"": NaN, ""swfac"": 0.0, ""nstres"": 0.0}",0.0,0.0,0.0,0.0,0.0,0.0,,0.0,50.0,0.0,150.0,18.04266357421875,18.04266357421875,Leave_One_experiments/all_year_offline_schedule_search/daily_outputs/HLA/HLA_2017_HLA2017_normal_grid_S0010_daily.csv
HLA,HLA,Hailun,2017,Leave_One_experiments\wth_generated_qc\HLA\HLA2017.WTH,normal_year;nitrogen_stress_year;low_response_year,normal,HLA2017_normal_grid_S0010,low_input_within_10pct_yield,2017-05-06,126,2,2,"{""sim_day"": 2.0, ""doy"": 126.0, ""topwt"": 0.0, ""grnwt"": 0.0, ""xlai"": 0.0, ""totir"": 0.0, ""tofer"": NaN, ""swfac"": 0.0, ""nstres"": 0.0}",0.0,0.0,0.0,0.0,0.0,0.0,,0.0,0.0,0.0,150.0,18.04266357421875,18.04266357421875,Leave_One_experiments/all_year_offline_schedule_search/daily_outputs/HLA/HLA_2017_HLA2017_normal_grid_S0010_daily.csv
HLA,HLA,Hailun,2017,Leave_One_experiments\wth_generated_qc\HLA\HLA2017.WTH,normal_year;nitrogen_stress_year;low_response_year,normal,HLA2017_normal_grid_S0010,low_input_within_10pct_yield,2017-05-07,127,3,3,"{""sim_day"": 3.0, ""doy"": 127.0, ""topwt"": 0.0, ""grnwt"": 0.0, ""xlai"": 0.0, ""totir"": 0.0, ""tofer"": NaN, ""swfac"": 0.0, ""nstres"": 0.0}",0.0,0.0,0.0,0.0,0.0,0.0,,0.0,0.0,0.0,150.0,18.04266357421875,18.04266357421875,Leave_One_experiments/all_year_offline_schedule_search/daily_outputs/HLA/HLA_2017_HLA2017_normal_grid_S0010_daily.csv
HLA,HLA,Hailun,2017,Leave_One_experiments\wth_generated_qc\HLA\HLA2017.WTH,normal_year;nitrogen_stress_year;low_response_year,normal,HLA2017_normal_grid_S0010,low_input_within_10pct_yield,2017-05-08,128,4,4,"{""sim_day"": 4.0, ""doy"": 128.0, ""topwt"": 0.0, ""grnwt"": 0.0, ""xlai"": 0.0, ""totir"": 0.0, ""tofer"": NaN, ""swfac"": 0.0, ""nstres"": 0.0}",0.0,0.0,0.0,0.0,0.0,0.0,,0.0,0.0,0.0,150.0,18.04266357421875,18.04266357421875,Leave_One_experiments/all_year_offline_schedule_search/daily_outputs/HLA/HLA_2017_HLA2017_normal_grid_S0010_daily.csv
HLA,HLA,Hailun,2017,Leave_One_experiments\wth_generated_qc\HLA\HLA2017.WTH,normal_year;nitrogen_stress_year;low_response_year,normal,HLA2017_normal_grid_S0010,low_input_within_10pct_yield,2017-05-09,129,5,5,"{""sim_day"": 5.0, ""doy"": 129.0, ""topwt"": 0.0, ""grnwt"": 0.0, ""xlai"": 0.0, ""totir"": 0.0, ""tofer"": NaN, ""swfac"": 0.0, ""nstres"": 0.0}",0.0,0.0,0.0,0.0,0.0,0.0,,0.0,0.0,0.0,150.0,18.04266357421875,18.04266357421875,Leave_One_experiments/all_year_offline_schedule_search/daily_outputs/HLA/HLA_2017_HLA2017_normal_grid_S0010_daily.csv
HLA,HLA,Hailun,2017,Leave_One_experiments\wth_generated_qc\HLA\HLA2017.WTH,normal_year;nitrogen_stress_year;low_response_year,normal,HLA2017_normal_grid_S0010,low_input_within_10pct_yield,2017-05-05,125,6,1,"{""sim_day"": 6.0, ""doy"": 125.0, ""topwt"": 0.0, ""grnwt"": 0.0, ""xlai"": 0.0, ""totir"": 0.0, ""tofer"": NaN, ""swfac"": 0.0, ""nstres"": 0.0}",0.0,0.0,0.0,0.0,0.0,0.0,,0.0,0.0,0.0,150.0,18.04266357421875,18.04266357421875,Leave_One_experiments/all_year_offline_schedule_search/daily_outputs/HLA/HLA_2017_HLA2017_normal_grid_S0010_daily.csv
HLA,HLA,Hailun,2017,Leave_One_experiments\wth_generated_qc\HLA\HLA2017.WTH,normal_year;nitrogen_stress_year;low_response_year,normal,HLA2017_normal_grid_S0010,low_input_within_10pct_yield,2017-05-06,126,7,2,"{""sim_day"": 7.0, ""doy"": 126.0, ""topwt"": 0.0, ""grnwt"": 0.0, ""xlai"": 0.0, ""totir"": 0.0, ""tofer"": NaN, ""swfac"": 0.0, ""nstres"": 0.0}",0.0,0.0,0.0,0.0,0.0,0.0,,0.0,0.0,0.0,150.0,18.04266357421875,18.04266357421875,Leave_One_experiments/all_year_offline_schedule_search/daily_outputs/HLA/HLA_2017_HLA2017_normal_grid_S0010_daily.csv
HLA,HLA,Hailun,2017,Leave_One_experiments\wth_generated_qc\HLA\HLA2017.WTH,normal_year;nitrogen_stress_year;low_response_year,normal,HLA2017_normal_grid_S0010,low_input_within_10pct_yield,2017-05-07,127,8,3,"{""sim_day"": 8.0, ""doy"": 127.0, ""topwt"": 0.0, ""grnwt"": 0.0, ""xlai"": 0.0, ""totir"": 0.0, ""tofer"": NaN, ""swfac"": 0.0, ""nstres"": 0.0}",0.0,0.0,0.0,0.0,0.0,0.0,,0.0,0.0,0.0,150.0,18.04266357421875,18.04266357421875,Leave_One_experiments/all_year_offline_schedule_search/daily_outputs/HLA/HLA_2017_HLA2017_normal_grid_S0010_daily.csv
HLA,HLA,Hailun,2017,Leave_One_experiments\wth_generated_qc\HLA\HLA2017.WTH,normal_year;nitrogen_stress_year;low_response_year,normal,HLA2017_normal_grid_S0010,low_input_within_10pct_yield,2017-05-08,128,9,4,"{""sim_day"": 9.0, ""doy"": 128.0, ""topwt"": 0.0, ""grnwt"": 0.0, ""xlai"": 0.0, ""totir"": 0.0, ""tofer"": NaN, ""swfac"": 0.0, ""nstres"": 0.0}",0.0,0.0,0.0,0.0,0.0,0.0,,0.0,0.0,0.0,150.0,18.04266357421875,18.04266357421875,Leave_One_experiments/all_year_offline_schedule_search/daily_outputs/HLA/HLA_2017_HLA2017_normal_grid_S0010_daily.csv
HLA,HLA,Hailun,2017,Leave_One_experiments\wth_generated_qc\HLA\HLA2017.WTH,normal_year;nitrogen_stress_year;low_response_year,normal,HLA2017_normal_grid_S0010,low_input_within_10pct_yield,2017-05-09,129,10,5,"{""sim_day"": 10.0, ""doy"": 129.0, ""topwt"": 0.0, ""grnwt"": 0.0, ""xlai"": 0.0, ""totir"": 0.0, ""tofer"": NaN, ""swfac"": 0.0, ""nstres"": 0.0}",0.0,0.0,0.0,0.0,0.0,0.0,,0.0,0.0,0.0,150.0,18.04266357421875,18.04266357421875,Leave_One_experiments/all_year_offline_schedule_search/daily_outputs/HLA/HLA_2017_HLA2017_normal_grid_S0010_daily.csv
HLA,HLA,Hailun,2017,Leave_One_experiments\wth_generated_qc\HLA\HLA2017.WTH,normal_year;nitrogen_stress_year;low_response_year,normal,HLA2017_normal_grid_S0010,low_input_within_10pct_yield,2017-05-10,130,11,6,"{""sim_day"": 11.0, ""doy"": 130.0, ""topwt"": 0.0, ""grnwt"": 0.0, ""xlai"": 0.0, ""totir"": 0.0, ""tofer"": NaN, ""swfac"": 0.0, ""nstres"": 0.0}",0.0,0.0,0.0,0.0,0.0,0.0,,0.0,0.0,0.0,150.0,18.04266357421875,18.04266357421875,Leave_One_experiments/all_year_offline_schedule_search/daily_outputs/HLA/HLA_2017_HLA2017_normal_grid_S0010_daily.csv
HLA,HLA,Hailun,2017,Leave_One_experiments\wth_generated_qc\HLA\HLA2017.WTH,normal_year;nitrogen_stress_year;low_response_year,normal,HLA2017_normal_grid_S0010,low_input_within_10pct_yield,2017-05-11,131,12,7,"{""sim_day"": 12.0, ""doy"": 131.0, ""topwt"": 0.0, ""grnwt"": 0.0, ""xlai"": 0.0, ""totir"": 0.0, ""tofer"": NaN, ""swfac"": 0.0, ""nstres"": 0.0}",0.0,0.0,0.0,0.0,0.0,0.0,,0.0,0.0,0.0,150.0,18.04266357421875,18.04266357421875,Leave_One_experiments/all_year_offline_schedule_search/daily_outputs/HLA/HLA_2017_HLA2017_normal_grid_S0010_daily.csv
HLA,HLA,Hailun,2017,Leave_One_experiments\wth_generated_qc\HLA\HLA2017.WTH,normal_year;nitrogen_stress_year;low_response_year,normal,HLA2017_normal_grid_S0010,low_input_within_10pct_yield,2017-05-12,132,13,8,"{""sim_day"": 13.0, ""doy"": 132.0, ""topwt"": 0.0, ""grnwt"": 0.0, ""xlai"": 0.0, ""totir"": 0.0, ""tofer"": NaN, ""swfac"": 0.0, ""nstres"": 0.0}",0.0,0.0,0.0,0.0,0.0,0.0,,0.0,0.0,0.0,150.0,18.04266357421875,18.04266357421875,Leave_One_experiments/all_year_offline_schedule_search/daily_outputs/HLA/HLA_2017_HLA2017_normal_grid_S0010_daily.csv
HLA,HLA,Hailun,2017,Leave_One_experiments\wth_generated_qc\HLA\HLA2017.WTH,normal_year;nitrogen_stress_year;low_response_year,normal,HLA2017_normal_grid_S0010,low_input_within_10pct_yield,2017-05-13,133,14,9,"{""sim_day"": 14.0, ""doy"": 133.0, ""topwt"": 0.0, ""grnwt"": 0.0, ""xlai"": 0.0, ""totir"": 0.0, ""tofer"": NaN, ""swfac"": 0.0, ""nstres"": 0.0}",0.0,0.0,0.0,0.0,0.0,0.0,,0.0,0.0,0.0,150.0,18.04266357421875,18.04266357421875,Leave_One_experiments/all_year_offline_schedule_search/daily_outputs/HLA/HLA_2017_HLA2017_normal_grid_S0010_daily.csv
HLA,HLA,Hailun,2017,Leave_One_experiments\wth_generated_qc\HLA\HLA2017.WTH,normal_year;nitrogen_stress_year;low_response_year,normal,HLA2017_normal_grid_S0010,low_input_within_10pct_yield,2017-05-14,134,15,10,"{""sim_day"": 15.0, ""doy"": 134.0, ""topwt"": 0.0, ""grnwt"": 0.0, ""xlai"": 0.0, ""totir"": 0.0, ""tofer"": NaN, ""swfac"": 0.0, ""nstres"": 0.0}",0.0,0.0,0.0,0.0,0.0,0.0,,0.0,0.0,0.0,150.0,18.04266357421875,18.04266357421875,Leave_One_experiments/all_year_offline_schedule_search/daily_outputs/HLA/HLA_2017_HLA2017_normal_grid_S0010_daily.csv
HLA,HLA,Hailun,2017,Leave_One_experiments\wth_generated_qc\HLA\HLA2017.WTH,normal_year;nitrogen_stress_year;low_response_year,normal,HLA2017_normal_grid_S0010,low_input_within_10pct_yield,2017-05-15,135,16,11,"{""sim_day"": 16.0, ""doy"": 135.0, ""topwt"": 20.0, ""grnwt"": 0.0, ""xlai"": 0.0020113089121878, ""totir"": 0.0, ""tofer"": NaN, ""swfac"": 0.0, ""nstres"": 0.0121910572052001}",0.0,0.0121910572052001,20.0,0.0,0.0020113089121878,0.0,,0.0,0.0,0.0,150.0,18.04266357421875,18.04266357421875,Leave_One_experiments/all_year_offline_schedule_search/daily_outputs/HLA/HLA_2017_HLA2017_normal_grid_S0010_daily.csv
HLA,HLA,Hailun,2017,Leave_One_experiments\wth_generated_qc\HLA\HLA2017.WTH,normal_year;nitrogen_stress_year;low_response_year,normal,HLA2017_normal_grid_S0010,low_input_within_10pct_yield,2017-05-16,136,17,12,"{""sim_day"": 17.0, ""doy"": 136.0, ""topwt"": 20.0, ""grnwt"": 0.0, ""xlai"": 0.0044344994239509, ""totir"": 0.0, ""tofer"": NaN, ""swfac"": 0.0, ""nstres"": 0.0118839144706726}",0.0,0.0118839144706726,20.0,0.0,0.0044344994239509,0.0,,0.0,0.0,0.0,150.0,18.04266357421875,18.04266357421875,Leave_One_experiments/all_year_offline_schedule_search/daily_outputs/HLA/HLA_2017_HLA2017_normal_grid_S0010_daily.csv
HLA,HLA,Hailun,2017,Leave_One_experiments\wth_generated_qc\HLA\HLA2017.WTH,normal_year;nitrogen_stress_year;low_response_year,normal,HLA2017_normal_grid_S0010,low_input_within_10pct_yield,2017-05-17,137,18,13,"{""sim_day"": 18.0, ""doy"": 137.0, ""topwt"": 20.0, ""grnwt"": 0.0, ""xlai"": 0.0078978706151247, ""totir"": 0.0, ""tofer"": NaN, ""swfac"": 0.0, ""nstres"": 0.0054238438606262}",0.0,0.0054238438606262,20.0,0.0,0.0078978706151247,0.0,,0.0,0.0,0.0,150.0,18.04266357421875,18.04266357421875,Leave_One_experiments/all_year_offline_schedule_search/daily_outputs/HLA/HLA_2017_HLA2017_normal_grid_S0010_daily.csv
HLA,HLA,Hailun,2017,Leave_One_experiments\wth_generated_qc\HLA\HLA2017.WTH,normal_year;nitrogen_stress_year;low_response_year,normal,HLA2017_normal_grid_S0010,low_input_within_10pct_yield,2017-05-18,138,19,14,"{""sim_day"": 19.0, ""doy"": 138.0, ""topwt"": 20.0, ""grnwt"": 0.0, ""xlai"": 0.0109876366332173, ""totir"": 0.0, ""tofer"": NaN, ""swfac"": 0.0, ""nstres"": 0.0001026391983032}",0.0,0.0001026391983032,20.0,0.0,0.0109876366332173,0.0,,0.0,0.0,0.0,150.0,18.04266357421875,18.04266357421875,Leave_One_experiments/all_year_offline_schedule_search/daily_outputs/HLA/HLA_2017_HLA2017_normal_grid_S0010_daily.csv
HLA,HLA,Hailun,2017,Leave_One_experiments\wth_generated_qc\HLA\HLA2017.WTH,normal_year;nitrogen_stress_year;low_response_year,normal,HLA2017_normal_grid_S0010,low_input_within_10pct_yield,2017-05-19,139,20,15,"{""sim_day"": 20.0, ""doy"": 139.0, ""topwt"": 20.0, ""grnwt"": 0.0, ""xlai"": 0.0125163737684488, ""totir"": 0.0, ""tofer"": NaN, ""swfac"": 0.0, ""nstres"": 0.0}",0.0,0.0,20.0,0.0,0.0125163737684488,0.0,,0.0,0.0,0.0,150.0,18.04266357421875,18.04266357421875,Leave_One_experiments/all_year_offline_schedule_search/daily_outputs/HLA/HLA_2017_HLA2017_normal_grid_S0010_daily.csv
HLA,HLA,Hailun,2017,Leave_One_experiments\wth_generated_qc\HLA\HLA2017.WTH,normal_year;nitrogen_stress_year;low_response_year,normal,HLA2017_normal_grid_S0010,low_input_within_10pct_yield,2017-05-20,140,21,16,"{""sim_day"": 21.0, ""doy"": 140.0, ""topwt"": 20.0, ""grnwt"": 0.0, ""xlai"": 0.0137979919090867, ""totir"": 0.0, ""tofer"": NaN, ""swfac"": 0.0, ""nstres"": 0.0}",0.0,0.0,20.0,0.0,0.0137979919090867,0.0,,0.0,0.0,0.0,150.0,18.04266357421875,18.04266357421875,Leave_One_experiments/all_year_offline_schedule_search/daily_outputs/HLA/HLA_2017_HLA2017_normal_grid_S0010_daily.csv
HLA,HLA,Hailun,2017,Leave_One_experiments\wth_generated_qc\HLA\HLA2017.WTH,normal_year;nitrogen_stress_year;low_response_year,normal,HLA2017_normal_grid_S0010,low_input_within_10pct_yield,2017-05-21,141,22,17,"{""sim_day"": 22.0, ""doy"": 141.0, ""topwt"": 20.0, ""grnwt"": 0.0, ""xlai"": 0.0146729918196797, ""totir"": 0.0, ""tofer"": NaN, ""swfac"": 0.0, ""nstres"": 0.0}",0.0,0.0,20.0,0.0,0.0146729918196797,0.0,,0.0,0.0,0.0,150.0,18.04266357421875,18.04266357421875,Leave_One_experiments/all_year_offline_schedule_search/daily_outputs/HLA/HLA_2017_HLA2017_normal_grid_S0010_daily.csv
HLA,HLA,Hailun,2017,Leave_One_experiments\wth_generated_qc\HLA\HLA2017.WTH,normal_year;nitrogen_stress_year;low_response_year,normal,HLA2017_normal_grid_S0010,low_input_within_10pct_yield,2017-05-22,142,23,18,"{""sim_day"": 23.0, ""doy"": 142.0, ""topwt"": 20.0, ""grnwt"": 0.0, ""xlai"": 0.0175681300461292, ""totir"": 0.0, ""tofer"": NaN, ""swfac"": 0.0, ""nstres"": 0.0}",0.0,0.0,20.0,0.0,0.0175681300461292,0.0,,0.0,0.0,0.0,150.0,18.04266357421875,18.04266357421875,Leave_One_experiments/all_year_offline_schedule_search/daily_outputs/HLA/HLA_2017_HLA2017_normal_grid_S0010_daily.csv
HLA,HLA,Hailun,2017,Leave_One_experiments\wth_generated_qc\HLA\HLA2017.WTH,normal_year;nitrogen_stress_year;low_response_year,normal,HLA2017_normal_grid_S0010,low_input_within_10pct_yield,2017-05-23,143,24,19,"{""sim_day"": 24.0, ""doy"": 143.0, ""topwt"": 20.0, ""grnwt"": 0.0, ""xlai"": 0.0210804361850023, ""totir"": 0.0, ""tofer"": NaN, ""swfac"": 0.0, ""nstres"": 0.0}",0.0,0.0,20.0,0.0,0.0210804361850023,0.0,,0.0,0.0,0.0,150.0,18.04266357421875,18.04266357421875,Leave_One_experiments/all_year_offline_schedule_search/daily_outputs/HLA/HLA_2017_HLA2017_normal_grid_S0010_daily.csv
HLA,HLA,Hailun,2017,Leave_One_experiments\wth_generated_qc\HLA\HLA2017.WTH,normal_year;nitrogen_stress_year;low_response_year,normal,HLA2017_normal_grid_S0010,low_input_within_10pct_yield,2017-05-24,144,25,20,"{""sim_day"": 25.0, ""doy"": 144.0, ""topwt"": 20.0, ""grnwt"": 0.0, ""xlai"": 0.0206488985568285, ""totir"": 0.0, ""tofer"": NaN, ""swfac"": 0.0, ""nstres"": 0.0}",0.0,0.0,20.0,0.0,0.0206488985568285,0.0,,0.0,0.0,0.0,150.0,18.04266357421875,18.04266357421875,Leave_One_experiments/all_year_offline_schedule_search/daily_outputs/HLA/HLA_2017_HLA2017_normal_grid_S0010_daily.csv
HLA,HLA,Hailun,2017,Leave_One_experiments\wth_generated_qc\HLA\HLA2017.WTH,normal_year;nitrogen_stress_year;low_response_year,normal,HLA2017_normal_grid_S0010,low_input_within_10pct_yield,2017-05-25,145,26,21,"{""sim_day"": 26.0, ""doy"": 145.0, ""topwt"": 20.31656265258789, ""grnwt"": 0.0, ""xlai"": 0.0303981099277734, ""totir"": 0.0, ""tofer"": NaN, ""swfac"": 0.0, ""nstres"": 0.0}",0.0,0.0,20.31656265258789,0.0,0.0303981099277734,0.0,,0.0,0.0,0.0,150.0,18.04266357421875,18.04266357421875,Leave_One_experiments/all_year_offline_schedule_search/daily_outputs/HLA/HLA_2017_HLA2017_normal_grid_S0010_daily.csv
HLA,HLA,Hailun,2017,Leave_One_experiments\wth_generated_qc\HLA\HLA2017.WTH,normal_year;nitrogen_stress_year;low_response_year,normal,HLA2017_normal_grid_S0010,low_input_within_10pct_yield,2017-05-26,146,27,22,"{""sim_day"": 27.0, ""doy"": 146.0, ""topwt"": 25.55394172668457, ""grnwt"": 0.0, ""xlai"": 0.0442201271653175, ""totir"": 0.0, ""tofer"": NaN, ""swfac"": 0.0, ""nstres"": 0.0}",0.0,0.0,25.55394172668457,0.0,0.0442201271653175,0.0,,0.0,0.0,0.0,150.0,18.04266357421875,18.04266357421875,Leave_One_experiments/all_year_offline_schedule_search/daily_outputs/HLA/HLA_2017_HLA2017_normal_grid_S0010_daily.csv
HLA,HLA,Hailun,2017,Leave_One_experiments\wth_generated_qc\HLA\HLA2017.WTH,normal_year;nitrogen_stress_year;low_response_year,normal,HLA2017_normal_grid_S0010,low_input_within_10pct_yield,2017-05-27,147,28,23,"{""sim_day"": 28.0, ""doy"": 147.0, ""topwt"": 32.07650184631348, ""grnwt"": 0.0, ""xlai"": 0.0601898282766342, ""totir"": 0.0, ""tofer"": NaN, ""swfac"": 0.0, ""nstres"": 0.0}",0.0,0.0,32.07650184631348,0.0,0.0601898282766342,0.0,,0.0,0.0,0.0,150.0,18.04266357421875,18.04266357421875,Leave_One_experiments/all_year_offline_schedule_search/daily_outputs/HLA/HLA_2017_HLA2017_normal_grid_S0010_daily.csv
HLA,HLA,Hailun,2017,Leave_One_experiments\wth_generated_qc\HLA\HLA2017.WTH,normal_year;nitrogen_stress_year;low_response_year,normal,HLA2017_normal_grid_S0010,low_input_within_10pct_yield,2017-05-28,148,29,24,"{""sim_day"": 29.0, ""doy"": 148.0, ""topwt"": 36.807382106781006, ""grnwt"": 0.0, ""xlai"": 0.071176990866661, ""totir"": 0.0, ""tofer"": NaN, ""swfac"": 0.0, ""nstres"": 0.0}",0.0,0.0,36.807382106781006,0.0,0.071176990866661,0.0,,0.0,0.0,0.0,150.0,18.04266357421875,18.04266357421875,Leave_One_experiments/all_year_offline_schedule_search/daily_outputs/HLA/HLA_2017_HLA2017_normal_grid_S0010_daily.csv
HLA,HLA,Hailun,2017,Leave_One_experiments\wth_generated_qc\HLA\HLA2017.WTH,normal_year;nitrogen_stress_year;low_response_year,normal,HLA2017_normal_grid_S0010,low_input_within_10pct_yield,2017-05-29,149,30,25,"{""sim_day"": 30.0, ""doy"": 149.0, ""topwt"": 40.86074352264404, ""grnwt"": 0.0, ""xlai"": 0.0802850052714347, ""totir"": 0.0, ""tofer"": NaN, ""swfac"": 0.0, ""nstres"": 0.0}",0.0,0.0,40.86074352264404,0.0,0.0802850052714347,0.0,,0.0,0.0,0.0,150.0,18.04266357421875,18.04266357421875,Leave_One_experiments/all_year_offline_schedule_search/daily_outputs/HLA/HLA_2017_HLA2017_normal_grid_S0010_daily.csv
HLA,HLA,Hailun,2017,Leave_One_experiments\wth_generated_qc\HLA\HLA2017.WTH,normal_year;nitrogen_stress_year;low_response_year,normal,HLA2017_normal_grid_S0010,low_input_within_10pct_yield,2017-05-30,150,31,26,"{""sim_day"": 31.0, ""doy"": 150.0, ""topwt"": 44.78638648986816, ""grnwt"": 0.0, ""xlai"": 0.087601438164711, ""totir"": 0.0, ""tofer"": NaN, ""swfac"": 0.0, ""nstres"": 0.0}",0.0,0.0,44.78638648986816,0.0,0.087601438164711,0.0,,0.0,0.0,0.0,150.0,18.04266357421875,18.04266357421875,Leave_One_experiments/all_year_offline_schedule_search/daily_outputs/HLA/HLA_2017_HLA2017_normal_grid_S0010_daily.csv
HLA,HLA,Hailun,2017,Leave_One_experiments\wth_generated_qc\HLA\HLA2017.WTH,normal_year;nitrogen_stress_year;low_response_year,normal,HLA2017_normal_grid_S0010,low_input_within_10pct_yield,2017-05-31,151,32,27,"{""sim_day"": 32.0, ""doy"": 151.0, ""topwt"": 47.099857330322266, ""grnwt"": 0.0, ""xlai"": 0.0925765410065651, ""totir"": 0.0, ""tofer"": NaN, ""swfac"": 0.0, ""nstres"": 0.0}",0.0,0.0,47.099857330322266,0.0,0.0925765410065651,0.0,,0.0,0.0,0.0,150.0,18.04266357421875,18.04266357421875,Leave_One_experiments/all_year_offline_schedule_search/daily_outputs/HLA/HLA_2017_HLA2017_normal_grid_S0010_daily.csv
HLA,HLA,Hailun,2017,Leave_One_experiments\wth_generated_qc\HLA\HLA2017.WTH,normal_year;nitrogen_stress_year;low_response_year,normal,HLA2017_normal_grid_S0010,low_input_within_10pct_yield,2017-06-01,152,33,28,"{""sim_day"": 33.0, ""doy"": 152.0, ""topwt"": 49.22661304473877, ""grnwt"": 0.0, ""xlai"": 0.0970959067344665, ""totir"": 0.0, ""tofer"": NaN, ""swfac"": 0.0, ""nstres"": 0.0}",0.0,0.0,49.22661304473877,0.0,0.0970959067344665,0.0,,0.0,0.0,0.0,150.0,18.04266357421875,18.04266357421875,Leave_One_experiments/all_year_offline_schedule_search/daily_outputs/HLA/HLA_2017_HLA2017_normal_grid_S0010_daily.csv
HLA,HLA,Hailun,2017,Leave_One_experiments\wth_generated_qc\HLA\HLA2017.WTH,normal_year;nitrogen_stress_year;low_response_year,normal,HLA2017_normal_grid_S0010,low_input_within_10pct_yield,2017-06-02,153,34,29,"{""sim_day"": 34.0, ""doy"": 153.0, ""topwt"": 52.23278999328613, ""grnwt"": 0.0, ""xlai"": 0.1034019291400909, ""totir"": 0.0, ""tofer"": NaN, ""swfac"": 0.0, ""nstres"": 0.0}",0.0,0.0,52.23278999328613,0.0,0.1034019291400909,0.0,,0.0,0.0,0.0,150.0,18.04266357421875,18.04266357421875,Leave_One_experiments/all_year_offline_schedule_search/daily_outputs/HLA/HLA_2017_HLA2017_normal_grid_S0010_daily.csv
HLA,HLA,Hailun,2017,Leave_One_experiments\wth_generated_qc\HLA\HLA2017.WTH,normal_year;nitrogen_stress_year;low_response_year,normal,HLA2017_normal_grid_S0010,low_input_within_10pct_yield,2017-06-03,154,35,30,"{""sim_day"": 35.0, ""doy"": 154.0, ""topwt"": 57.64723300933838, ""grnwt"": 0.0, ""xlai"": 0.1145403161644935, ""totir"": 0.0, ""tofer"": NaN, ""swfac"": 0.0, ""nstres"": 0.0}",0.0,0.0,57.64723300933838,0.0,0.1145403161644935,0.0,,0.0,50.0,0.0,150.0,18.04266357421875,18.04266357421875,Leave_One_experiments/all_year_offline_schedule_search/daily_outputs/HLA/HLA_2017_HLA2017_normal_grid_S0010_daily.csv
HLA,HLA,Hailun,2017,Leave_One_experiments\wth_generated_qc\HLA\HLA2017.WTH,normal_year;nitrogen_stress_year;low_response_year,normal,HLA2017_normal_grid_S0010,low_input_within_10pct_yield,2017-06-04,155,36,31,"{""sim_day"": 36.0, ""doy"": 155.0, ""topwt"": 69.0281343460083, ""grnwt"": 0.0, ""xlai"": 0.1371738314628601, ""totir"": 0.0, ""tofer"": NaN, ""swfac"": 0.0, ""nstres"": 0.0}",0.0,0.0,69.0281343460083,0.0,0.1371738314628601,0.0,,0.0,0.0,0.0,150.0,18.04266357421875,18.04266357421875,Leave_One_experiments/all_year_offline_schedule_search/daily_outputs/HLA/HLA_2017_HLA2017_normal_grid_S0010_daily.csv
HLA,HLA,Hailun,2017,Leave_One_experiments\wth_generated_qc\HLA\HLA2017.WTH,normal_year;nitrogen_stress_year;low_response_year,normal,HLA2017_normal_grid_S0010,low_input_within_10pct_yield,2017-06-05,156,37,32,"{""sim_day"": 37.0, ""doy"": 156.0, ""topwt"": 82.84920692443848, ""grnwt"": 0.0, ""xlai"": 0.1635239273309707, ""totir"": 0.0, ""tofer"": NaN, ""swfac"": 0.0, ""nstres"": 0.0}",0.0,0.0,82.84920692443848,0.0,0.1635239273309707,0.0,,0.0,0.0,0.0,150.0,18.04266357421875,18.04266357421875,Leave_One_experiments/all_year_offline_schedule_search/daily_outputs/HLA/HLA_2017_HLA2017_normal_grid_S0010_daily.csv
HLA,HLA,Hailun,2017,Leave_One_experiments\wth_generated_qc\HLA\HLA2017.WTH,normal_year;nitrogen_stress_year;low_response_year,normal,HLA2017_normal_grid_S0010,low_input_within_10pct_yield,2017-06-06,157,38,33,"{""sim_day"": 38.0, ""doy"": 157.0, ""topwt"": 94.48892593383788, ""grnwt"": 0.0, ""xlai"": 0.1849453747272491, ""totir"": 0.0, ""tofer"": NaN, ""swfac"": 0.0, ""nstres"": 0.0}",0.0,0.0,94.48892593383788,0.0,0.1849453747272491,0.0,,0.0,0.0,0.0,150.0,18.04266357421875,18.04266357421875,Leave_One_experiments/all_year_offline_schedule_search/daily_outputs/HLA/HLA_2017_HLA2017_normal_grid_S0010_daily.csv
HLA,HLA,Hailun,2017,Leave_One_experiments\wth_generated_qc\HLA\HLA2017.WTH,normal_year;nitrogen_stress_year;low_response_year,normal,HLA2017_normal_grid_S0010,low_input_within_10pct_yield,2017-06-07,158,39,34,"{""sim_day"": 39.0, ""doy"": 158.0, ""topwt"": 106.50662422180176, ""grnwt"": 0.0, ""xlai"": 0.206453800201416, ""totir"": 0.0, ""tofer"": NaN, ""swfac"": 0.0, ""nstres"": 0.0}",0.0,0.0,106.50662422180176,0.0,0.206453800201416,0.0,,0.0,0.0,0.0,150.0,18.04266357421875,18.04266357421875,Leave_One_experiments/all_year_offline_schedule_search/daily_outputs/HLA/HLA_2017_HLA2017_normal_grid_S0010_daily.csv
HLA,HLA,Hailun,2017,Leave_One_experiments\wth_generated_qc\HLA\HLA2017.WTH,normal_year;nitrogen_stress_year;low_response_year,normal,HLA2017_normal_grid_S0010,low_input_within_10pct_yield,2017-06-08,159,40,35,"{""sim_day"": 40.0, ""doy"": 159.0, ""topwt"": 114.84615325927734, ""grnwt"": 0.0, ""xlai"": 0.2210649847984314, ""totir"": 0.0, ""tofer"": NaN, ""swfac"": 0.0, ""nstres"": 0.0}",0.0,0.0,114.84615325927734,0.0,0.2210649847984314,0.0,,0.0,0.0,0.0,150.0,18.04266357421875,18.04266357421875,Leave_One_experiments/all_year_offline_schedule_search/daily_outputs/HLA/HLA_2017_HLA2017_normal_grid_S0010_daily.csv
HLA,HLA,Hailun,2017,Leave_One_experiments\wth_generated_qc\HLA\HLA2017.WTH,normal_year;nitrogen_stress_year;low_response_year,normal,HLA2017_normal_grid_S0010,low_input_within_10pct_yield,2017-06-09,160,41,36,"{""sim_day"": 41.0, ""doy"": 160.0, ""topwt"": 123.401460647583, ""grnwt"": 0.0, ""xlai"": 0.2358157634735107, ""totir"": 0.0, ""tofer"": NaN, ""swfac"": 0.0, ""nstres"": 0.0}",0.0,0.0,123.401460647583,0.0,0.2358157634735107,0.0,,0.0,0.0,0.0,150.0,18.04266357421875,18.04266357421875,Leave_One_experiments/all_year_offline_schedule_search/daily_outputs/HLA/HLA_2017_HLA2017_normal_grid_S0010_daily.csv
HLA,HLA,Hailun,2017,Leave_One_experiments\wth_generated_qc\HLA\HLA2017.WTH,normal_year;nitrogen_stress_year;low_response_year,normal,HLA2017_normal_grid_S0010,low_input_within_10pct_yield,2017-06-10,161,42,37,"{""sim_day"": 42.0, ""doy"": 161.0, ""topwt"": 136.79343223571777, ""grnwt"": 0.0, ""xlai"": 0.2584706544876098, ""totir"": 0.0, ""tofer"": NaN, ""swfac"": 0.0, ""nstres"": 0.0}",0.0,0.0,136.79343223571777,0.0,0.2584706544876098,0.0,,0.0,0.0,0.0,150.0,18.04266357421875,18.04266357421875,Leave_One_experiments/all_year_offline_schedule_search/daily_outputs/HLA/HLA_2017_HLA2017_normal_grid_S0010_daily.csv
HLA,HLA,Hailun,2017,Leave_One_experiments\wth_generated_qc\HLA\HLA2017.WTH,normal_year;nitrogen_stress_year;low_response_year,normal,HLA2017_normal_grid_S0010,low_input_within_10pct_yield,2017-06-11,162,43,38,"{""sim_day"": 43.0, ""doy"": 162.0, ""topwt"": 146.04363441467285, ""grnwt"": 0.0, ""xlai"": 0.2921142280101776, ""totir"": 0.0, ""tofer"": NaN, ""swfac"": 0.0, ""nstres"": 0.0}",0.0,0.0,146.04363441467285,0.0,0.2921142280101776,0.0,,0.0,0.0,0.0,150.0,18.04266357421875,18.04266357421875,Leave_One_experiments/all_year_offline_schedule_search/daily_outputs/HLA/HLA_2017_HLA2017_normal_grid_S0010_daily.csv
HLA,HLA,Hailun,2017,Leave_One_experiments\wth_generated_qc\HLA\HLA2017.WTH,normal_year;nitrogen_stress_year;low_response_year,normal,HLA2017_normal_grid_S0010,low_input_within_10pct_yield,2017-06-12,163,44,39,"{""sim_day"": 44.0, ""doy"": 163.0, ""topwt"": 181.6356086730957, ""grnwt"": 0.0, ""xlai"": 0.3512139022350311, ""totir"": 0.0, ""tofer"": NaN, ""swfac"": 0.0, ""nstres"": 0.0045218467712402}",0.0,0.0045218467712402,181.6356086730957,0.0,0.3512139022350311,0.0,,0.0,0.0,0.0,150.0,18.04266357421875,18.04266357421875,Leave_One_experiments/all_year_offline_schedule_search/daily_outputs/HLA/HLA_2017_HLA2017_normal_grid_S0010_daily.csv
HLA,HLA,Hailun,2017,Leave_One_experiments\wth_generated_qc\HLA\HLA2017.WTH,normal_year;nitrogen_stress_year;low_response_year,normal,HLA2017_normal_grid_S0010,low_input_within_10pct_yield,2017-06-13,164,45,40,"{""sim_day"": 45.0, ""doy"": 164.0, ""topwt"": 220.5369758605957, ""grnwt"": 0.0, ""xlai"": 0.4129159450531006, ""totir"": 0.0, ""tofer"": NaN, ""swfac"": 0.0, ""nstres"": 0.0}",0.0,0.0,220.5369758605957,0.0,0.4129159450531006,0.0,,0.0,0.0,0.0,150.0,18.04266357421875,18.04266357421875,Leave_One_experiments/all_year_offline_schedule_search/daily_outputs/HLA/HLA_2017_HLA2017_normal_grid_S0010_daily.csv
HLA,HLA,Hailun,2017,Leave_One_experiments\wth_generated_qc\HLA\HLA2017.WTH,normal_year;nitrogen_stress_year;low_response_year,normal,HLA2017_normal_grid_S0010,low_input_within_10pct_yield,2017-06-14,165,46,41,"{""sim_day"": 46.0, ""doy"": 165.0, ""topwt"": 259.0688705444336, ""grnwt"": 0.0, ""xlai"": 0.4716790914535522, ""totir"": 0.0, ""tofer"": NaN, ""swfac"": 0.0, ""nstres"": 0.0}",0.0,0.0,259.0688705444336,0.0,0.4716790914535522,0.0,,0.0,0.0,0.0,150.0,18.04266357421875,18.04266357421875,Leave_One_experiments/all_year_offline_schedule_search/daily_outputs/HLA/HLA_2017_HLA2017_normal_grid_S0010_daily.csv
HLA,HLA,Hailun,2017,Leave_One_experiments\wth_generated_qc\HLA\HLA2017.WTH,normal_year;nitrogen_stress_year;low_response_year,normal,HLA2017_normal_grid_S0010,low_input_within_10pct_yield,2017-06-15,166,47,42,"{""sim_day"": 47.0, ""doy"": 166.0, ""topwt"": 303.9552497863769, ""grnwt"": 0.0, ""xlai"": 0.537749707698822, ""totir"": 0.0, ""tofer"": NaN, ""swfac"": 0.0, ""nstres"": 0.0}",0.0,0.0,303.9552497863769,0.0,0.537749707698822,0.0,,0.0,0.0,0.0,150.0,18.04266357421875,18.04266357421875,Leave_One_experiments/all_year_offline_schedule_search/daily_outputs/HLA/HLA_2017_HLA2017_normal_grid_S0010_daily.csv
HLA,HLA,Hailun,2017,Leave_One_experiments\wth_generated_qc\HLA\HLA2017.WTH,normal_year;nitrogen_stress_year;low_response_year,normal,HLA2017_normal_grid_S0010,low_input_within_10pct_yield,2017-06-16,167,48,43,"{""sim_day"": 48.0, ""doy"": 167.0, ""topwt"": 358.9266967773437, ""grnwt"": 0.0, ""xlai"": 0.6158085465431213, ""totir"": 0.0, ""tofer"": NaN, ""swfac"": 0.0, ""nstres"": 0.0}",0.0,0.0,358.9266967773437,0.0,0.6158085465431213,0.0,,0.0,0.0,0.0,150.0,18.04266357421875,18.04266357421875,Leave_One_experiments/all_year_offline_schedule_search/daily_outputs/HLA/HLA_2017_HLA2017_normal_grid_S0010_daily.csv
HLA,HLA,Hailun,2017,Leave_One_experiments\wth_generated_qc\HLA\HLA2017.WTH,normal_year;nitrogen_stress_year;low_response_year,normal,HLA2017_normal_grid_S0010,low_input_within_10pct_yield,2017-06-17,168,49,44,"{""sim_day"": 49.0, ""doy"": 168.0, ""topwt"": 399.23229217529297, ""grnwt"": 0.0, ""xlai"": 0.6713572144508362, ""totir"": 0.0, ""tofer"": NaN, ""swfac"": 0.0, ""nstres"": 0.0}",0.0,0.0,399.23229217529297,0.0,0.6713572144508362,0.0,,0.0,0.0,0.0,150.0,18.04266357421875,18.04266357421875,Leave_One_experiments/all_year_offline_schedule_search/daily_outputs/HLA/HLA_2017_HLA2017_normal_grid_S0010_daily.csv
HLA,HLA,Hailun,2017,Leave_One_experiments\wth_generated_qc\HLA\HLA2017.WTH,normal_year;nitrogen_stress_year;low_response_year,normal,HLA2017_normal_grid_S0010,low_input_within_10pct_yield,2017-06-18,169,50,45,"{""sim_day"": 50.0, ""doy"": 169.0, ""topwt"": 443.8796997070313, ""grnwt"": 0.0, ""xlai"": 0.7284306287765503, ""totir"": 0.0, ""tofer"": NaN, ""swfac"": 0.0, ""nstres"": 0.0}",0.0,0.0,443.8796997070313,0.0,0.7284306287765503,0.0,,0.0,0.0,0.0,150.0,18.04266357421875,18.04266357421875,Leave_One_experiments/all_year_offline_schedule_search/daily_outputs/HLA/HLA_2017_HLA2017_normal_grid_S0010_daily.csv
HLA,HLA,Hailun,2017,Leave_One_experiments\wth_generated_qc\HLA\HLA2017.WTH,normal_year;nitrogen_stress_year;low_response_year,normal,HLA2017_normal_grid_S0010,low_input_within_10pct_yield,2017-06-19,170,51,46,"{""sim_day"": 51.0, ""doy"": 170.0, ""topwt"": 481.2776184082031, ""grnwt"": 0.0, ""xlai"": 0.7796050310134888, ""totir"": 0.0, ""tofer"": NaN, ""swfac"": 0.0, ""nstres"": 0.0}",0.0,0.0,481.2776184082031,0.0,0.7796050310134888,0.0,,0.0,0.0,0.0,150.0,18.04266357421875,18.04266357421875,Leave_One_experiments/all_year_offline_schedule_search/daily_outputs/HLA/HLA_2017_HLA2017_normal_grid_S0010_daily.csv
HLA,HLA,Hailun,2017,Leave_One_experiments\wth_generated_qc\HLA\HLA2017.WTH,normal_year;nitrogen_stress_year;low_response_year,normal,HLA2017_normal_grid_S0010,low_input_within_10pct_yield,2017-06-20,171,52,47,"{""sim_day"": 52.0, ""doy"": 171.0, ""topwt"": 512.5222778320312, ""grnwt"": 0.0, ""xlai"": 0.821495771408081, ""totir"": 0.0, ""tofer"": NaN, ""swfac"": 0.0, ""nstres"": 0.0}",0.0,0.0,512.5222778320312,0.0,0.821495771408081,0.0,,0.0,0.0,0.0,150.0,18.04266357421875,18.04266357421875,Leave_One_experiments/all_year_offline_schedule_search/daily_outputs/HLA/HLA_2017_HLA2017_normal_grid_S0010_daily.csv
HLA,HLA,Hailun,2017,Leave_One_experiments\wth_generated_qc\HLA\HLA2017.WTH,normal_year;nitrogen_stress_year;low_response_year,normal,HLA2017_normal_grid_S0010,low_input_within_10pct_yield,2017-06-21,172,53,48,"{""sim_day"": 53.0, ""doy"": 172.0, ""topwt"": 564.4935607910156, ""grnwt"": 0.0, ""xlai"": 0.8892987966537476, ""totir"": 0.0, ""tofer"": NaN, ""swfac"": 0.0, ""nstres"": 0.0}",0.0,0.0,564.4935607910156,0.0,0.8892987966537476,0.0,,0.0,0.0,0.0,150.0,18.04266357421875,18.04266357421875,Leave_One_experiments/all_year_offline_schedule_search/daily_outputs/HLA/HLA_2017_HLA2017_normal_grid_S0010_daily.csv
HLA,HLA,Hailun,2017,Leave_One_experiments\wth_generated_qc\HLA\HLA2017.WTH,normal_year;nitrogen_stress_year;low_response_year,normal,HLA2017_normal_grid_S0010,low_input_within_10pct_yield,2017-06-22,173,54,49,"{""sim_day"": 54.0, ""doy"": 173.0, ""topwt"": 661.2840270996094, ""grnwt"": 0.0, ""xlai"": 1.0100760459899902, ""totir"": 0.0, ""tofer"": NaN, ""swfac"": 0.0, ""nstres"": 0.0}",0.0,0.0,661.2840270996094,0.0,1.0100760459899902,0.0,,0.0,0.0,0.0,150.0,18.04266357421875,18.04266357421875,Leave_One_experiments/all_year_offline_schedule_search/daily_outputs/HLA/HLA_2017_HLA2017_normal_grid_S0010_daily.csv
HLA,HLA,Hailun,2017,Leave_One_experiments\wth_generated_qc\HLA\HLA2017.WTH,normal_year;nitrogen_stress_year;low_response_year,normal,HLA2017_normal_grid_S0010,low_input_within_10pct_yield,2017-06-23,174,55,50,"{""sim_day"": 55.0, ""doy"": 174.0, ""topwt"": 770.3121948242188, ""grnwt"": 0.0, ""xlai"": 1.1386502981185913, ""totir"": 0.0, ""tofer"": NaN, ""swfac"": 0.0, ""nstres"": 0.0}",0.0,0.0,770.3121948242188,0.0,1.1386502981185913,0.0,,0.0,0.0,0.0,150.0,18.04266357421875,18.04266357421875,Leave_One_experiments/all_year_offline_schedule_search/daily_outputs/HLA/HLA_2017_HLA2017_normal_grid_S0010_daily.csv
HLA,HLA,Hailun,2017,Leave_One_experiments\wth_generated_qc\HLA\HLA2017.WTH,normal_year;nitrogen_stress_year;low_response_year,normal,HLA2017_normal_grid_S0010,low_input_within_10pct_yield,2017-06-24,175,56,51,"{""sim_day"": 56.0, ""doy"": 175.0, ""topwt"": 865.8149719238281, ""grnwt"": 0.0, ""xlai"": 1.245593547821045, ""totir"": 0.0, ""tofer"": NaN, ""swfac"": 0.0, ""nstres"": 0.0}",0.0,0.0,865.8149719238281,0.0,1.245593547821045,0.0,,0.0,0.0,0.0,150.0,18.04266357421875,18.04266357421875,Leave_One_experiments/all_year_offline_schedule_search/daily_outputs/HLA/HLA_2017_HLA2017_normal_grid_S0010_daily.csv
HLA,HLA,Hailun,2017,Leave_One_experiments\wth_generated_qc\HLA\HLA2017.WTH,normal_year;nitrogen_stress_year;low_response_year,normal,HLA2017_normal_grid_S0010,low_input_within_10pct_yield,2017-06-25,176,57,52,"{""sim_day"": 57.0, ""doy"": 176.0, ""topwt"": 974.9793243408204, ""grnwt"": 0.0, ""xlai"": 1.3613709211349487, ""totir"": 0.0, ""tofer"": NaN, ""swfac"": 0.0, ""nstres"": 0.0}",0.0,0.0,974.9793243408204,0.0,1.3613709211349487,0.0,,0.0,0.0,0.0,150.0,18.04266357421875,18.04266357421875,Leave_One_experiments/all_year_offline_schedule_search/daily_outputs/HLA/HLA_2017_HLA2017_normal_grid_S0010_daily.csv
HLA,HLA,Hailun,2017,Leave_One_experiments\wth_generated_qc\HLA\HLA2017.WTH,normal_year;nitrogen_stress_year;low_response_year,normal,HLA2017_normal_grid_S0010,low_input_within_10pct_yield,2017-06-26,177,58,53,"{""sim_day"": 58.0, ""doy"": 177.0, ""topwt"": 1102.5371551513672, ""grnwt"": 0.0, ""xlai"": 1.4885414838790894, ""totir"": 0.0, ""tofer"": NaN, ""swfac"": 0.0, ""nstres"": 0.0}",0.0,0.0,1102.5371551513672,0.0,1.4885414838790894,0.0,,0.0,0.0,0.0,150.0,18.04266357421875,18.04266357421875,Leave_One_experiments/all_year_offline_schedule_search/daily_outputs/HLA/HLA_2017_HLA2017_normal_grid_S0010_daily.csv
HLA,HLA,Hailun,2017,Leave_One_experiments\wth_generated_qc\HLA\HLA2017.WTH,normal_year;nitrogen_stress_year;low_response_year,normal,HLA2017_normal_grid_S0010,low_input_within_10pct_yield,2017-06-27,178,59,54,"{""sim_day"": 59.0, ""doy"": 178.0, ""topwt"": 1250.3678131103516, ""grnwt"": 0.0, ""xlai"": 1.6260212659835815, ""totir"": 0.0, ""tofer"": NaN, ""swfac"": 0.0, ""nstres"": 0.0}",0.0,0.0,1250.3678131103516,0.0,1.6260212659835815,0.0,,0.0,0.0,0.0,150.0,18.04266357421875,18.04266357421875,Leave_One_experiments/all_year_offline_schedule_search/daily_outputs/HLA/HLA_2017_HLA2017_normal_grid_S0010_daily.csv
HLA,HLA,Hailun,2017,Leave_One_experiments\wth_generated_qc\HLA\HLA2017.WTH,normal_year;nitrogen_stress_year;low_response_year,normal,HLA2017_normal_grid_S0010,low_input_within_10pct_yield,2017-06-28,179,60,55,"{""sim_day"": 60.0, ""doy"": 179.0, ""topwt"": 1401.8312072753906, ""grnwt"": 0.0, ""xlai"": 1.7573949098587036, ""totir"": 0.0, ""tofer"": NaN, ""swfac"": 0.0, ""nstres"": 0.0}",0.0,0.0,1401.8312072753906,0.0,1.7573949098587036,0.0,,0.0,0.0,0.0,150.0,18.04266357421875,18.04266357421875,Leave_One_experiments/all_year_offline_schedule_search/daily_outputs/HLA/HLA_2017_HLA2017_normal_grid_S0010_daily.csv
HLA,HLA,Hailun,2017,Leave_One_experiments\wth_generated_qc\HLA\HLA2017.WTH,normal_year;nitrogen_stress_year;low_response_year,normal,HLA2017_normal_grid_S0010,low_input_within_10pct_yield,2017-06-29,180,61,56,"{""sim_day"": 61.0, ""doy"": 180.0, ""topwt"": 1544.4183349609375, ""grnwt"": 0.0, ""xlai"": 1.873458743095398, ""totir"": 0.0, ""tofer"": NaN, ""swfac"": 0.0, ""nstres"": 0.0}",0.0,0.0,1544.4183349609375,0.0,1.873458743095398,0.0,,0.0,0.0,0.0,150.0,18.04266357421875,18.04266357421875,Leave_One_experiments/all_year_offline_schedule_search/daily_outputs/HLA/HLA_2017_HLA2017_normal_grid_S0010_daily.csv
HLA,HLA,Hailun,2017,Leave_One_experiments\wth_generated_qc\HLA\HLA2017.WTH,normal_year;nitrogen_stress_year;low_response_year,normal,HLA2017_normal_grid_S0010,low_input_within_10pct_yield,2017-06-30,181,62,57,"{""sim_day"": 62.0, ""doy"": 181.0, ""topwt"": 1691.3093566894531, ""grnwt"": 0.0, ""xlai"": 1.985891342163086, ""totir"": 0.0, ""tofer"": NaN, ""swfac"": 0.0, ""nstres"": 0.0}",0.0,0.0,1691.3093566894531,0.0,1.985891342163086,0.0,,0.0,0.0,0.0,150.0,18.04266357421875,18.04266357421875,Leave_One_experiments/all_year_offline_schedule_search/daily_outputs/HLA/HLA_2017_HLA2017_normal_grid_S0010_daily.csv
HLA,HLA,Hailun,2017,Leave_One_experiments\wth_generated_qc\HLA\HLA2017.WTH,normal_year;nitrogen_stress_year;low_response_year,normal,HLA2017_normal_grid_S0010,low_input_within_10pct_yield,2017-07-01,182,63,58,"{""sim_day"": 63.0, ""doy"": 182.0, ""topwt"": 1847.62451171875, ""grnwt"": 0.0, ""xlai"": 2.098353385925293, ""totir"": 0.0, ""tofer"": NaN, ""swfac"": 0.0, ""nstres"": 0.0}",0.0,0.0,1847.62451171875,0.0,2.098353385925293,0.0,,0.0,0.0,0.0,150.0,18.04266357421875,18.04266357421875,Leave_One_experiments/all_year_offline_schedule_search/daily_outputs/HLA/HLA_2017_HLA2017_normal_grid_S0010_daily.csv
HLA,HLA,Hailun,2017,Leave_One_experiments\wth_generated_qc\HLA\HLA2017.WTH,normal_year;nitrogen_stress_year;low_response_year,normal,HLA2017_normal_grid_S0010,low_input_within_10pct_yield,2017-07-02,183,64,59,"{""sim_day"": 64.0, ""doy"": 183.0, ""topwt"": 2045.29541015625, ""grnwt"": 0.0, ""xlai"": 2.230673789978028, ""totir"": 0.0, ""tofer"": NaN, ""swfac"": 0.0, ""nstres"": 0.0}",0.0,0.0,2045.29541015625,0.0,2.230673789978028,0.0,,0.0,0.0,0.0,150.0,18.04266357421875,18.04266357421875,Leave_One_experiments/all_year_offline_schedule_search/daily_outputs/HLA/HLA_2017_HLA2017_normal_grid_S0010_daily.csv
HLA,HLA,Hailun,2017,Leave_One_experiments\wth_generated_qc\HLA\HLA2017.WTH,normal_year;nitrogen_stress_year;low_response_year,normal,HLA2017_normal_grid_S0010,low_input_within_10pct_yield,2017-07-03,184,65,60,"{""sim_day"": 65.0, ""doy"": 184.0, ""topwt"": 2256.2863159179688, ""grnwt"": 0.0, ""xlai"": 2.36193323135376, ""totir"": 0.0, ""tofer"": NaN, ""swfac"": 0.0, ""nstres"": 0.0}",0.0,0.0,2256.2863159179688,0.0,2.36193323135376,0.0,,0.0,50.0,0.0,150.0,18.04266357421875,18.04266357421875,Leave_One_experiments/all_year_offline_schedule_search/daily_outputs/HLA/HLA_2017_HLA2017_normal_grid_S0010_daily.csv
HLA,HLA,Hailun,2017,Leave_One_experiments\wth_generated_qc\HLA\HLA2017.WTH,normal_year;nitrogen_stress_year;low_response_year,normal,HLA2017_normal_grid_S0010,low_input_within_10pct_yield,2017-07-04,185,66,61,"{""sim_day"": 66.0, ""doy"": 185.0, ""topwt"": 2508.8331604003906, ""grnwt"": 0.0, ""xlai"": 2.506958246231079, ""totir"": 0.0, ""tofer"": NaN, ""swfac"": 0.0, ""nstres"": 0.0}",0.0,0.0,2508.8331604003906,0.0,2.506958246231079,0.0,,0.0,0.0,0.0,150.0,18.04266357421875,18.04266357421875,Leave_One_experiments/all_year_offline_schedule_search/daily_outputs/HLA/HLA_2017_HLA2017_normal_grid_S0010_daily.csv
HLA,HLA,Hailun,2017,Leave_One_experiments\wth_generated_qc\HLA\HLA2017.WTH,normal_year;nitrogen_stress_year;low_response_year,normal,HLA2017_normal_grid_S0010,low_input_within_10pct_yield,2017-07-05,186,67,62,"{""sim_day"": 67.0, ""doy"": 186.0, ""topwt"": 2788.3273315429688, ""grnwt"": 0.0, ""xlai"": 2.654819965362549, ""totir"": 0.0, ""tofer"": NaN, ""swfac"": 0.0, ""nstres"": 0.0}",0.0,0.0,2788.3273315429688,0.0,2.654819965362549,0.0,,0.0,0.0,0.0,150.0,18.04266357421875,18.04266357421875,Leave_One_experiments/all_year_offline_schedule_search/daily_outputs/HLA/HLA_2017_HLA2017_normal_grid_S0010_daily.csv
HLA,HLA,Hailun,2017,Leave_One_experiments\wth_generated_qc\HLA\HLA2017.WTH,normal_year;nitrogen_stress_year;low_response_year,normal,HLA2017_normal_grid_S0010,low_input_within_10pct_yield,2017-07-06,187,68,63,"{""sim_day"": 68.0, ""doy"": 187.0, ""topwt"": 3094.896850585937, ""grnwt"": 0.0, ""xlai"": 2.804190158843994, ""totir"": 0.0, ""tofer"": NaN, ""swfac"": 0.0, ""nstres"": 0.0}",0.0,0.0,3094.896850585937,0.0,2.804190158843994,0.0,,0.0,0.0,0.0,150.0,18.04266357421875,18.04266357421875,Leave_One_experiments/all_year_offline_schedule_search/daily_outputs/HLA/HLA_2017_HLA2017_normal_grid_S0010_daily.csv
HLA,HLA,Hailun,2017,Leave_One_experiments\wth_generated_qc\HLA\HLA2017.WTH,normal_year;nitrogen_stress_year;low_response_year,normal,HLA2017_normal_grid_S0010,low_input_within_10pct_yield,2017-07-07,188,69,64,"{""sim_day"": 69.0, ""doy"": 188.0, ""topwt"": 3263.1109619140625, ""grnwt"": 0.0, ""xlai"": 2.8806660175323486, ""totir"": 0.0, ""tofer"": NaN, ""swfac"": 0.0, ""nstres"": 0.0}",0.0,0.0,3263.1109619140625,0.0,2.8806660175323486,0.0,,0.0,0.0,0.0,150.0,18.04266357421875,18.04266357421875,Leave_One_experiments/all_year_offline_schedule_search/daily_outputs/HLA/HLA_2017_HLA2017_normal_grid_S0010_daily.csv
HLA,HLA,Hailun,2017,Leave_One_experiments\wth_generated_qc\HLA\HLA2017.WTH,normal_year;nitrogen_stress_year;low_response_year,normal,HLA2017_normal_grid_S0010,low_input_within_10pct_yield,2017-07-08,189,70,65,"{""sim_day"": 70.0, ""doy"": 189.0, ""topwt"": 3533.7518310546875, ""grnwt"": 0.0, ""xlai"": 2.9957985877990723, ""totir"": 0.0, ""tofer"": NaN, ""swfac"": 0.0, ""nstres"": 0.0}",0.0,0.0,3533.7518310546875,0.0,2.9957985877990723,0.0,,0.0,0.0,0.0,150.0,18.04266357421875,18.04266357421875,Leave_One_experiments/all_year_offline_schedule_search/daily_outputs/HLA/HLA_2017_HLA2017_normal_grid_S0010_daily.csv
HLA,HLA,Hailun,2017,Leave_One_experiments\wth_generated_qc\HLA\HLA2017.WTH,normal_year;nitrogen_stress_year;low_response_year,normal,HLA2017_normal_grid_S0010,low_input_within_10pct_yield,2017-07-09,190,71,66,"{""sim_day"": 71.0, ""doy"": 190.0, ""topwt"": 3761.5032958984375, ""grnwt"": 0.0, ""xlai"": 3.146390438079834, ""totir"": 0.0, ""tofer"": NaN, ""swfac"": 0.0, ""nstres"": 0.0}",0.0,0.0,3761.5032958984375,0.0,3.146390438079834,0.0,,0.0,0.0,0.0,150.0,18.04266357421875,18.04266357421875,Leave_One_experiments/all_year_offline_schedule_search/daily_outputs/HLA/HLA_2017_HLA2017_normal_grid_S0010_daily.csv
HLA,HLA,Hailun,2017,Leave_One_experiments\wth_generated_qc\HLA\HLA2017.WTH,normal_year;nitrogen_stress_year;low_response_year,normal,HLA2017_normal_grid_S0010,low_input_within_10pct_yield,2017-07-10,191,72,67,"{""sim_day"": 72.0, ""doy"": 191.0, ""topwt"": 4063.130187988281, ""grnwt"": 0.0, ""xlai"": 3.28581166267395, ""totir"": 0.0, ""tofer"": NaN, ""swfac"": 0.0, ""nstres"": 0.0}",0.0,0.0,4063.130187988281,0.0,3.28581166267395,0.0,,0.0,0.0,0.0,150.0,18.04266357421875,18.04266357421875,Leave_One_experiments/all_year_offline_schedule_search/daily_outputs/HLA/HLA_2017_HLA2017_normal_grid_S0010_daily.csv
HLA,HLA,Hailun,2017,Leave_One_experiments\wth_generated_qc\HLA\HLA2017.WTH,normal_year;nitrogen_stress_year;low_response_year,normal,HLA2017_normal_grid_S0010,low_input_within_10pct_yield,2017-07-11,192,73,68,"{""sim_day"": 73.0, ""doy"": 192.0, ""topwt"": 4370.071716308594, ""grnwt"": 0.0, ""xlai"": 3.40662169456482, ""totir"": 0.0, ""tofer"": NaN, ""swfac"": 0.0, ""nstres"": 0.0}",0.0,0.0,4370.071716308594,0.0,3.40662169456482,0.0,,0.0,0.0,0.0,150.0,18.04266357421875,18.04266357421875,Leave_One_experiments/all_year_offline_schedule_search/daily_outputs/HLA/HLA_2017_HLA2017_normal_grid_S0010_daily.csv
HLA,HLA,Hailun,2017,Leave_One_experiments\wth_generated_qc\HLA\HLA2017.WTH,normal_year;nitrogen_stress_year;low_response_year,normal,HLA2017_normal_grid_S0010,low_input_within_10pct_yield,2017-07-12,193,74,69,"{""sim_day"": 74.0, ""doy"": 193.0, ""topwt"": 4695.306701660156, ""grnwt"": 0.0, ""xlai"": 3.5195257663726807, ""totir"": 0.0, ""tofer"": NaN, ""swfac"": 0.0, ""nstres"": 0.0}",0.0,0.0,4695.306701660156,0.0,3.5195257663726807,0.0,,0.0,0.0,0.0,150.0,18.04266357421875,18.04266357421875,Leave_One_experiments/all_year_offline_schedule_search/daily_outputs/HLA/HLA_2017_HLA2017_normal_grid_S0010_daily.csv
HLA,HLA,Hailun,2017,Leave_One_experiments\wth_generated_qc\HLA\HLA2017.WTH,normal_year;nitrogen_stress_year;low_response_year,normal,HLA2017_normal_grid_S0010,low_input_within_10pct_yield,2017-07-13,194,75,70,"{""sim_day"": 75.0, ""doy"": 194.0, ""topwt"": 4949.528198242188, ""grnwt"": 0.0, ""xlai"": 3.601010799407959, ""totir"": 0.0, ""tofer"": NaN, ""swfac"": 0.0, ""nstres"": 0.0}",0.0,0.0,4949.528198242188,0.0,3.601010799407959,0.0,,0.0,0.0,0.0,150.0,18.04266357421875,18.04266357421875,Leave_One_experiments/all_year_offline_schedule_search/daily_outputs/HLA/HLA_2017_HLA2017_normal_grid_S0010_daily.csv
HLA,HLA,Hailun,2017,Leave_One_experiments\wth_generated_qc\HLA\HLA2017.WTH,normal_year;nitrogen_stress_year;low_response_year,normal,HLA2017_normal_grid_S0010,low_input_within_10pct_yield,2017-07-14,195,76,71,"{""sim_day"": 76.0, ""doy"": 195.0, ""topwt"": 5216.165771484375, ""grnwt"": 0.0, ""xlai"": 3.6806132793426514, ""totir"": 0.0, ""tofer"": NaN, ""swfac"": 0.0, ""nstres"": 0.0}",0.0,0.0,5216.165771484375,0.0,3.6806132793426514,0.0,,0.0,0.0,0.0,150.0,18.04266357421875,18.04266357421875,Leave_One_experiments/all_year_offline_schedule_search/daily_outputs/HLA/HLA_2017_HLA2017_normal_grid_S0010_daily.csv
HLA,HLA,Hailun,2017,Leave_One_experiments\wth_generated_qc\HLA\HLA2017.WTH,normal_year;nitrogen_stress_year;low_response_year,normal,HLA2017_normal_grid_S0010,low_input_within_10pct_yield,2017-07-15,196,77,72,"{""sim_day"": 77.0, ""doy"": 196.0, ""topwt"": 5463.9337158203125, ""grnwt"": 0.0, ""xlai"": 3.750388622283936, ""totir"": 0.0, ""tofer"": NaN, ""swfac"": 0.0, ""nstres"": 0.0}",0.0,0.0,5463.9337158203125,0.0,3.750388622283936,0.0,,0.0,0.0,0.0,150.0,18.04266357421875,18.04266357421875,Leave_One_experiments/all_year_offline_schedule_search/daily_outputs/HLA/HLA_2017_HLA2017_normal_grid_S0010_daily.csv
HLA,HLA,Hailun,2017,Leave_One_experiments\wth_generated_qc\HLA\HLA2017.WTH,normal_year;nitrogen_stress_year;low_response_year,normal,HLA2017_normal_grid_S0010,low_input_within_10pct_yield,2017-07-16,197,78,73,"{""sim_day"": 78.0, ""doy"": 197.0, ""topwt"": 5724.53857421875, ""grnwt"": 0.0, ""xlai"": 3.817525386810303, ""totir"": 0.0, ""tofer"": NaN, ""swfac"": 0.0, ""nstres"": 0.004881739616394}",0.0,0.004881739616394,5724.53857421875,0.0,3.817525386810303,0.0,,0.0,0.0,0.0,150.0,18.04266357421875,18.04266357421875,Leave_One_experiments/all_year_offline_schedule_search/daily_outputs/HLA/HLA_2017_HLA2017_normal_grid_S0010_daily.csv
HLA,HLA,Hailun,2017,Leave_One_experiments\wth_generated_qc\HLA\HLA2017.WTH,normal_year;nitrogen_stress_year;low_response_year,normal,HLA2017_normal_grid_S0010,low_input_within_10pct_yield,2017-07-17,198,79,74,"{""sim_day"": 79.0, ""doy"": 198.0, ""topwt"": 5998.91845703125, ""grnwt"": 0.0, ""xlai"": 3.879447460174561, ""totir"": 0.0, ""tofer"": NaN, ""swfac"": 0.0, ""nstres"": 0.0152901411056518}",0.0,0.0152901411056518,5998.91845703125,0.0,3.879447460174561,0.0,,0.0,0.0,0.0,150.0,18.04266357421875,18.04266357421875,Leave_One_experiments/all_year_offline_schedule_search/daily_outputs/HLA/HLA_2017_HLA2017_normal_grid_S0010_daily.csv
HLA,HLA,Hailun,2017,Leave_One_experiments\wth_generated_qc\HLA\HLA2017.WTH,normal_year;nitrogen_stress_year;low_response_year,normal,HLA2017_normal_grid_S0010,low_input_within_10pct_yield,2017-07-18,199,80,75,"{""sim_day"": 80.0, ""doy"": 199.0, ""topwt"": 6200.66650390625, ""grnwt"": 0.0, ""xlai"": 3.914247512817383, ""totir"": 0.0, ""tofer"": NaN, ""swfac"": 0.0, ""nstres"": 0.0289752483367919}",0.0,0.0289752483367919,6200.66650390625,0.0,3.914247512817383,0.0,,0.0,0.0,0.0,150.0,18.04266357421875,18.04266357421875,Leave_One_experiments/all_year_offline_schedule_search/daily_outputs/HLA/HLA_2017_HLA2017_normal_grid_S0010_daily.csv
HLA,HLA,Hailun,2017,Leave_One_experiments\wth_generated_qc\HLA\HLA2017.WTH,normal_year;nitrogen_stress_year;low_response_year,normal,HLA2017_normal_grid_S0010,low_input_within_10pct_yield,2017-07-19,200,81,76,"{""sim_day"": 81.0, ""doy"": 200.0, ""topwt"": 6385.12451171875, ""grnwt"": 0.0, ""xlai"": 3.938526391983032, ""totir"": 0.0, ""tofer"": NaN, ""swfac"": 0.0, ""nstres"": 0.0413768887519836}",0.0,0.0413768887519836,6385.12451171875,0.0,3.938526391983032,0.0,,0.0,0.0,0.0,150.0,18.04266357421875,18.04266357421875,Leave_One_experiments/all_year_offline_schedule_search/daily_outputs/HLA/HLA_2017_HLA2017_normal_grid_S0010_daily.csv
HLA,HLA,Hailun,2017,Leave_One_experiments\wth_generated_qc\HLA\HLA2017.WTH,normal_year;nitrogen_stress_year;low_response_year,normal,HLA2017_normal_grid_S0010,low_input_within_10pct_yield,2017-07-20,201,82,77,"{""sim_day"": 82.0, ""doy"": 201.0, ""topwt"": 6559.51416015625, ""grnwt"": 0.0, ""xlai"": 3.9592435359954834, ""totir"": 0.0, ""tofer"": NaN, ""swfac"": 0.0, ""nstres"": 0.0432868003845214}",0.0,0.0432868003845214,6559.51416015625,0.0,3.9592435359954834,0.0,,0.0,0.0,0.0,150.0,18.04266357421875,18.04266357421875,Leave_One_experiments/all_year_offline_schedule_search/daily_outputs/HLA/HLA_2017_HLA2017_normal_grid_S0010_daily.csv
HLA,HLA,Hailun,2017,Leave_One_experiments\wth_generated_qc\HLA\HLA2017.WTH,normal_year;nitrogen_stress_year;low_response_year,normal,HLA2017_normal_grid_S0010,low_input_within_10pct_yield,2017-07-21,202,83,78,"{""sim_day"": 83.0, ""doy"": 202.0, ""topwt"": 6761.572265625, ""grnwt"": 0.0, ""xlai"": 3.985203504562378, ""totir"": 0.0, ""tofer"": NaN, ""swfac"": 0.0, ""nstres"": 0.0459537506103515}",0.0,0.0459537506103515,6761.572265625,0.0,3.985203504562378,0.0,,0.0,0.0,0.0,150.0,18.04266357421875,18.04266357421875,Leave_One_experiments/all_year_offline_schedule_search/daily_outputs/HLA/HLA_2017_HLA2017_normal_grid_S0010_daily.csv
HLA,HLA,Hailun,2017,Leave_One_experiments\wth_generated_qc\HLA\HLA2017.WTH,normal_year;nitrogen_stress_year;low_response_year,normal,HLA2017_normal_grid_S0010,low_input_within_10pct_yield,2017-07-22,203,84,79,"{""sim_day"": 84.0, ""doy"": 203.0, ""topwt"": 6973.326416015625, ""grnwt"": 0.0, ""xlai"": 4.011880397796631, ""totir"": 0.0, ""tofer"": NaN, ""swfac"": 0.0, ""nstres"": 0.0488165616989135}",0.0,0.0488165616989135,6973.326416015625,0.0,4.011880397796631,0.0,,0.0,0.0,0.0,150.0,18.04266357421875,18.04266357421875,Leave_One_experiments/all_year_offline_schedule_search/daily_outputs/HLA/HLA_2017_HLA2017_normal_grid_S0010_daily.csv
HLA,HLA,Hailun,2017,Leave_One_experiments\wth_generated_qc\HLA\HLA2017.WTH,normal_year;nitrogen_stress_year;low_response_year,normal,HLA2017_normal_grid_S0010,low_input_within_10pct_yield,2017-07-23,204,85,80,"{""sim_day"": 85.0, ""doy"": 204.0, ""topwt"": 7119.8663330078125, ""grnwt"": 0.0, ""xlai"": 4.0212883949279785, ""totir"": 0.0, ""tofer"": NaN, ""swfac"": 0.0, ""nstres"": 0.0512804985046386}",0.0,0.0512804985046386,7119.8663330078125,0.0,4.0212883949279785,0.0,,0.0,0.0,0.0,150.0,18.04266357421875,18.04266357421875,Leave_One_experiments/all_year_offline_schedule_search/daily_outputs/HLA/HLA_2017_HLA2017_normal_grid_S0010_daily.csv
HLA,HLA,Hailun,2017,Leave_One_experiments\wth_generated_qc\HLA\HLA2017.WTH,normal_year;nitrogen_stress_year;low_response_year,normal,HLA2017_normal_grid_S0010,low_input_within_10pct_yield,2017-07-24,205,86,81,"{""sim_day"": 86.0, ""doy"": 205.0, ""topwt"": 7254.375610351562, ""grnwt"": 0.0, ""xlai"": 4.027310371398926, ""totir"": 0.0, ""tofer"": NaN, ""swfac"": 0.0, ""nstres"": 0.0520418882369995}",0.0,0.0520418882369995,7254.375610351562,0.0,4.027310371398926,0.0,,0.0,0.0,0.0,150.0,18.04266357421875,18.04266357421875,Leave_One_experiments/all_year_offline_schedule_search/daily_outputs/HLA/HLA_2017_HLA2017_normal_grid_S0010_daily.csv
HLA,HLA,Hailun,2017,Leave_One_experiments\wth_generated_qc\HLA\HLA2017.WTH,normal_year;nitrogen_stress_year;low_response_year,normal,HLA2017_normal_grid_S0010,low_input_within_10pct_yield,2017-07-25,206,87,82,"{""sim_day"": 87.0, ""doy"": 206.0, ""topwt"": 7384.880981445312, ""grnwt"": 0.0, ""xlai"": 4.030580043792725, ""totir"": 0.0, ""tofer"": NaN, ""swfac"": 0.0, ""nstres"": 0.0554417371749877}",0.0,0.0554417371749877,7384.880981445312,0.0,4.030580043792725,0.0,,0.0,0.0,0.0,150.0,18.04266357421875,18.04266357421875,Leave_One_experiments/all_year_offline_schedule_search/daily_outputs/HLA/HLA_2017_HLA2017_normal_grid_S0010_daily.csv
HLA,HLA,Hailun,2017,Leave_One_experiments\wth_generated_qc\HLA\HLA2017.WTH,normal_year;nitrogen_stress_year;low_response_year,normal,HLA2017_normal_grid_S0010,low_input_within_10pct_yield,2017-07-26,207,88,83,"{""sim_day"": 88.0, ""doy"": 207.0, ""topwt"": 7521.447143554687, ""grnwt"": 0.0, ""xlai"": 4.00137186050415, ""totir"": 0.0, ""tofer"": NaN, ""swfac"": 0.0, ""nstres"": 0.0579729080200195}",0.0,0.0579729080200195,7521.447143554687,0.0,4.00137186050415,0.0,,0.0,0.0,0.0,150.0,18.04266357421875,18.04266357421875,Leave_One_experiments/all_year_offline_schedule_search/daily_outputs/HLA/HLA_2017_HLA2017_normal_grid_S0010_daily.csv
HLA,HLA,Hailun,2017,Leave_One_experiments\wth_generated_qc\HLA\HLA2017.WTH,normal_year;nitrogen_stress_year;low_response_year,normal,HLA2017_normal_grid_S0010,low_input_within_10pct_yield,2017-07-27,208,89,84,"{""sim_day"": 89.0, ""doy"": 208.0, ""topwt"": 7922.10693359375, ""grnwt"": 0.0, ""xlai"": 3.974265813827514, ""totir"": 0.0, ""tofer"": NaN, ""swfac"": 0.0, ""nstres"": 0.0541932582855224}",0.0,0.0541932582855224,7922.10693359375,0.0,3.974265813827514,0.0,,0.0,0.0,0.0,150.0,18.04266357421875,18.04266357421875,Leave_One_experiments/all_year_offline_schedule_search/daily_outputs/HLA/HLA_2017_HLA2017_normal_grid_S0010_daily.csv
HLA,HLA,Hailun,2017,Leave_One_experiments\wth_generated_qc\HLA\HLA2017.WTH,normal_year;nitrogen_stress_year;low_response_year,normal,HLA2017_normal_grid_S0010,low_input_within_10pct_yield,2017-07-28,209,90,85,"{""sim_day"": 90.0, ""doy"": 209.0, ""topwt"": 8311.834106445312, ""grnwt"": 0.0, ""xlai"": 3.9502065181732178, ""totir"": 0.0, ""tofer"": NaN, ""swfac"": 0.0, ""nstres"": 0.0484299659729003}",0.0,0.0484299659729003,8311.834106445312,0.0,3.9502065181732178,0.0,,0.0,0.0,0.0,150.0,18.04266357421875,18.04266357421875,Leave_One_experiments/all_year_offline_schedule_search/daily_outputs/HLA/HLA_2017_HLA2017_normal_grid_S0010_daily.csv
HLA,HLA,Hailun,2017,Leave_One_experiments\wth_generated_qc\HLA\HLA2017.WTH,normal_year;nitrogen_stress_year;low_response_year,normal,HLA2017_normal_grid_S0010,low_input_within_10pct_yield,2017-07-29,210,91,86,"{""sim_day"": 91.0, ""doy"": 210.0, ""topwt"": 8530.47119140625, ""grnwt"": 0.0, ""xlai"": 3.925936222076416, ""totir"": 0.0, ""tofer"": NaN, ""swfac"": 0.0, ""nstres"": 0.0491527915000915}",0.0,0.0491527915000915,8530.47119140625,0.0,3.925936222076416,0.0,,0.0,0.0,0.0,150.0,18.04266357421875,18.04266357421875,Leave_One_experiments/all_year_offline_schedule_search/daily_outputs/HLA/HLA_2017_HLA2017_normal_grid_S0010_daily.csv
HLA,HLA,Hailun,2017,Leave_One_experiments\wth_generated_qc\HLA\HLA2017.WTH,normal_year;nitrogen_stress_year;low_response_year,normal,HLA2017_normal_grid_S0010,low_input_within_10pct_yield,2017-07-30,211,92,87,"{""sim_day"": 92.0, ""doy"": 211.0, ""topwt"": 8840.182495117188, ""grnwt"": 0.0, ""xlai"": 3.902889728546143, ""totir"": 0.0, ""tofer"": NaN, ""swfac"": 0.0, ""nstres"": 0.0469624400138855}",0.0,0.0469624400138855,8840.182495117188,0.0,3.902889728546143,0.0,,0.0,0.0,0.0,150.0,18.04266357421875,18.04266357421875,Leave_One_experiments/all_year_offline_schedule_search/daily_outputs/HLA/HLA_2017_HLA2017_normal_grid_S0010_daily.csv
HLA,HLA,Hailun,2017,Leave_One_experiments\wth_generated_qc\HLA\HLA2017.WTH,normal_year;nitrogen_stress_year;low_response_year,normal,HLA2017_normal_grid_S0010,low_input_within_10pct_yield,2017-07-31,212,93,88,"{""sim_day"": 93.0, ""doy"": 212.0, ""topwt"": 8969.892578125, ""grnwt"": 0.0, ""xlai"": 3.8825833797454834, ""totir"": 0.0, ""tofer"": NaN, ""swfac"": 0.0, ""nstres"": 0.0416228771209716}",0.0,0.0416228771209716,8969.892578125,0.0,3.8825833797454834,0.0,,0.0,0.0,0.0,150.0,18.04266357421875,18.04266357421875,Leave_One_experiments/all_year_offline_schedule_search/daily_outputs/HLA/HLA_2017_HLA2017_normal_grid_S0010_daily.csv
HLA,HLA,Hailun,2017,Leave_One_experiments\wth_generated_qc\HLA\HLA2017.WTH,normal_year;nitrogen_stress_year;low_response_year,normal,HLA2017_normal_grid_S0010,low_input_within_10pct_yield,2017-08-01,213,94,89,"{""sim_day"": 94.0, ""doy"": 213.0, ""topwt"": 9028.353271484377, ""grnwt"": 0.0, ""xlai"": 3.864644765853882, ""totir"": 0.0, ""tofer"": NaN, ""swfac"": 0.0, ""nstres"": 0.0369626283645629}",0.0,0.0369626283645629,9028.353271484377,0.0,3.864644765853882,0.0,,0.0,0.0,0.0,150.0,18.04266357421875,18.04266357421875,Leave_One_experiments/all_year_offline_schedule_search/daily_outputs/HLA/HLA_2017_HLA2017_normal_grid_S0010_daily.csv
HLA,HLA,Hailun,2017,Leave_One_experiments\wth_generated_qc\HLA\HLA2017.WTH,normal_year;nitrogen_stress_year;low_response_year,normal,HLA2017_normal_grid_S0010,low_input_within_10pct_yield,2017-08-02,214,95,90,"{""sim_day"": 95.0, ""doy"": 214.0, ""topwt"": 9063.713989257812, ""grnwt"": 0.0, ""xlai"": 3.85139799118042, ""totir"": 0.0, ""tofer"": NaN, ""swfac"": 0.0, ""nstres"": 0.0274206399917602}",0.0,0.0274206399917602,9063.713989257812,0.0,3.85139799118042,0.0,,0.0,0.0,0.0,150.0,18.04266357421875,18.04266357421875,Leave_One_experiments/all_year_offline_schedule_search/daily_outputs/HLA/HLA_2017_HLA2017_normal_grid_S0010_daily.csv
HLA,HLA,Hailun,2017,Leave_One_experiments\wth_generated_qc\HLA\HLA2017.WTH,normal_year;nitrogen_stress_year;low_response_year,normal,HLA2017_normal_grid_S0010,low_input_within_10pct_yield,2017-08-03,215,96,91,"{""sim_day"": 96.0, ""doy"": 215.0, ""topwt"": 9223.018798828123, ""grnwt"": 0.0, ""xlai"": 3.844311237335205, ""totir"": 0.0, ""tofer"": NaN, ""swfac"": 0.0, ""nstres"": 0.0147204399108886}",0.0,0.0147204399108886,9223.018798828123,0.0,3.844311237335205,0.0,,0.0,0.0,0.0,150.0,18.04266357421875,18.04266357421875,Leave_One_experiments/all_year_offline_schedule_search/daily_outputs/HLA/HLA_2017_HLA2017_normal_grid_S0010_daily.csv
HLA,HLA,Hailun,2017,Leave_One_experiments\wth_generated_qc\HLA\HLA2017.WTH,normal_year;nitrogen_stress_year;low_response_year,normal,HLA2017_normal_grid_S0010,low_input_within_10pct_yield,2017-08-04,216,97,92,"{""sim_day"": 97.0, ""doy"": 216.0, ""topwt"": 9476.689453125, ""grnwt"": 0.0, ""xlai"": 3.843853712081909, ""totir"": 0.0, ""tofer"": NaN, ""swfac"": 0.0, ""nstres"": 0.0009520053863525}",0.0,0.0009520053863525,9476.689453125,0.0,3.843853712081909,0.0,,0.0,0.0,0.0,150.0,18.04266357421875,18.04266357421875,Leave_One_experiments/all_year_offline_schedule_search/daily_outputs/HLA/HLA_2017_HLA2017_normal_grid_S0010_daily.csv
HLA,HLA,Hailun,2017,Leave_One_experiments\wth_generated_qc\HLA\HLA2017.WTH,normal_year;nitrogen_stress_year;low_response_year,normal,HLA2017_normal_grid_S0010,low_input_within_10pct_yield,2017-08-05,217,98,93,"{""sim_day"": 98.0, ""doy"": 217.0, ""topwt"": 9694.371337890623, ""grnwt"": 0.0, ""xlai"": 3.843853712081909, ""totir"": 0.0, ""tofer"": NaN, ""swfac"": 0.0, ""nstres"": 0.0}",0.0,0.0,9694.371337890623,0.0,3.843853712081909,0.0,,0.0,0.0,0.0,150.0,18.04266357421875,18.04266357421875,Leave_One_experiments/all_year_offline_schedule_search/daily_outputs/HLA/HLA_2017_HLA2017_normal_grid_S0010_daily.csv
HLA,HLA,Hailun,2017,Leave_One_experiments\wth_generated_qc\HLA\HLA2017.WTH,normal_year;nitrogen_stress_year;low_response_year,normal,HLA2017_normal_grid_S0010,low_input_within_10pct_yield,2017-08-06,218,99,94,"{""sim_day"": 99.0, ""doy"": 218.0, ""topwt"": 9824.860229492188, ""grnwt"": 132.39456176757812, ""xlai"": 3.777575254440308, ""totir"": 0.0, ""tofer"": NaN, ""swfac"": 0.0, ""nstres"": 0.0}",0.0,0.0,9824.860229492188,132.39456176757812,3.777575254440308,0.0,,0.0,0.0,0.0,150.0,18.04266357421875,18.04266357421875,Leave_One_experiments/all_year_offline_schedule_search/daily_outputs/HLA/HLA_2017_HLA2017_normal_grid_S0010_daily.csv
HLA,HLA,Hailun,2017,Leave_One_experiments\wth_generated_qc\HLA\HLA2017.WTH,normal_year;nitrogen_stress_year;low_response_year,normal,HLA2017_normal_grid_S0010,low_input_within_10pct_yield,2017-08-07,219,100,95,"{""sim_day"": 100.0, ""doy"": 219.0, ""topwt"": 9959.16015625, ""grnwt"": 264.78912353515625, ""xlai"": 3.7659249305725098, ""totir"": 0.0, ""tofer"": NaN, ""swfac"": 0.0, ""nstres"": 0.0}",0.0,0.0,9959.16015625,264.78912353515625,3.7659249305725098,0.0,,0.0,0.0,0.0,150.0,18.04266357421875,18.04266357421875,Leave_One_experiments/all_year_offline_schedule_search/daily_outputs/HLA/HLA_2017_HLA2017_normal_grid_S0010_daily.csv
HLA,HLA,Hailun,2017,Leave_One_experiments\wth_generated_qc\HLA\HLA2017.WTH,normal_year;nitrogen_stress_year;low_response_year,normal,HLA2017_normal_grid_S0010,low_input_within_10pct_yield,2017-08-08,220,101,96,"{""sim_day"": 101.0, ""doy"": 220.0, ""topwt"": 10091.553955078123, ""grnwt"": 397.1836853027344, ""xlai"": 3.750929117202759, ""totir"": 0.0, ""tofer"": NaN, ""swfac"": 0.0, ""nstres"": 0.0}",0.0,0.0,10091.553955078123,397.1836853027344,3.750929117202759,0.0,,0.0,0.0,0.0,150.0,18.04266357421875,18.04266357421875,Leave_One_experiments/all_year_offline_schedule_search/daily_outputs/HLA/HLA_2017_HLA2017_normal_grid_S0010_daily.csv
HLA,HLA,Hailun,2017,Leave_One_experiments\wth_generated_qc\HLA\HLA2017.WTH,normal_year;nitrogen_stress_year;low_response_year,normal,HLA2017_normal_grid_S0010,low_input_within_10pct_yield,2017-08-09,221,102,97,"{""sim_day"": 102.0, ""doy"": 221.0, ""topwt"": 10223.948974609377, ""grnwt"": 529.5782470703125, ""xlai"": 3.732004642486572, ""totir"": 0.0, ""tofer"": NaN, ""swfac"": 0.0, ""nstres"": 0.0}",0.0,0.0,10223.948974609377,529.5782470703125,3.732004642486572,0.0,,0.0,0.0,0.0,150.0,18.04266357421875,18.04266357421875,Leave_One_experiments/all_year_offline_schedule_search/daily_outputs/HLA/HLA_2017_HLA2017_normal_grid_S0010_daily.csv
HLA,HLA,Hailun,2017,Leave_One_experiments\wth_generated_qc\HLA\HLA2017.WTH,normal_year;nitrogen_stress_year;low_response_year,normal,HLA2017_normal_grid_S0010,low_input_within_10pct_yield,2017-08-10,222,103,98,"{""sim_day"": 103.0, ""doy"": 222.0, ""topwt"": 10356.3427734375, ""grnwt"": 661.9728088378906, ""xlai"": 3.711515903472901, ""totir"": 0.0, ""tofer"": NaN, ""swfac"": 0.0, ""nstres"": 0.0}",0.0,0.0,10356.3427734375,661.9728088378906,3.711515903472901,0.0,,0.0,0.0,0.0,150.0,18.04266357421875,18.04266357421875,Leave_One_experiments/all_year_offline_schedule_search/daily_outputs/HLA/HLA_2017_HLA2017_normal_grid_S0010_daily.csv
HLA,HLA,Hailun,2017,Leave_One_experiments\wth_generated_qc\HLA\HLA2017.WTH,normal_year;nitrogen_stress_year;low_response_year,normal,HLA2017_normal_grid_S0010,low_input_within_10pct_yield,2017-08-11,223,104,99,"{""sim_day"": 104.0, ""doy"": 223.0, ""topwt"": 10488.73779296875, ""grnwt"": 794.3673706054688, ""xlai"": 3.6872596740722656, ""totir"": 0.0, ""tofer"": NaN, ""swfac"": 0.0, ""nstres"": 0.0}",0.0,0.0,10488.73779296875,794.3673706054688,3.6872596740722656,0.0,,0.0,0.0,0.0,150.0,18.04266357421875,18.04266357421875,Leave_One_experiments/all_year_offline_schedule_search/daily_outputs/HLA/HLA_2017_HLA2017_normal_grid_S0010_daily.csv
HLA,HLA,Hailun,2017,Leave_One_experiments\wth_generated_qc\HLA\HLA2017.WTH,normal_year;nitrogen_stress_year;low_response_year,normal,HLA2017_normal_grid_S0010,low_input_within_10pct_yield,2017-08-12,224,105,100,"{""sim_day"": 105.0, ""doy"": 224.0, ""topwt"": 10621.131591796877, ""grnwt"": 926.7619323730468, ""xlai"": 3.657932758331299, ""totir"": 0.0, ""tofer"": NaN, ""swfac"": 0.0, ""nstres"": 0.0}",0.0,0.0,10621.131591796877,926.7619323730468,3.657932758331299,0.0,,0.0,0.0,0.0,150.0,18.04266357421875,18.04266357421875,Leave_One_experiments/all_year_offline_schedule_search/daily_outputs/HLA/HLA_2017_HLA2017_normal_grid_S0010_daily.csv
HLA,HLA,Hailun,2017,Leave_One_experiments\wth_generated_qc\HLA\HLA2017.WTH,normal_year;nitrogen_stress_year;low_response_year,normal,HLA2017_normal_grid_S0010,low_input_within_10pct_yield,2017-08-13,225,106,101,"{""sim_day"": 106.0, ""doy"": 225.0, ""topwt"": 10753.526611328123, ""grnwt"": 1059.156494140625, ""xlai"": 3.624779224395752, ""totir"": 0.0, ""tofer"": NaN, ""swfac"": 0.0, ""nstres"": 0.0}",0.0,0.0,10753.526611328123,1059.156494140625,3.624779224395752,0.0,,0.0,0.0,0.0,150.0,18.04266357421875,18.04266357421875,Leave_One_experiments/all_year_offline_schedule_search/daily_outputs/HLA/HLA_2017_HLA2017_normal_grid_S0010_daily.csv
HLA,HLA,Hailun,2017,Leave_One_experiments\wth_generated_qc\HLA\HLA2017.WTH,normal_year;nitrogen_stress_year;low_response_year,normal,HLA2017_normal_grid_S0010,low_input_within_10pct_yield,2017-08-14,226,107,102,"{""sim_day"": 107.0, ""doy"": 226.0, ""topwt"": 10885.92041015625, ""grnwt"": 1191.5511322021484, ""xlai"": 3.5903468132019043, ""totir"": 0.0, ""tofer"": NaN, ""swfac"": 0.0, ""nstres"": 0.0}",0.0,0.0,10885.92041015625,1191.5511322021484,3.5903468132019043,0.0,,0.0,0.0,0.0,150.0,18.04266357421875,18.04266357421875,Leave_One_experiments/all_year_offline_schedule_search/daily_outputs/HLA/HLA_2017_HLA2017_normal_grid_S0010_daily.csv
HLA,HLA,Hailun,2017,Leave_One_experiments\wth_generated_qc\HLA\HLA2017.WTH,normal_year;nitrogen_stress_year;low_response_year,normal,HLA2017_normal_grid_S0010,low_input_within_10pct_yield,2017-08-15,227,108,103,"{""sim_day"": 108.0, ""doy"": 227.0, ""topwt"": 11018.3154296875, ""grnwt"": 1323.945770263672, ""xlai"": 3.549633026123047, ""totir"": 0.0, ""tofer"": NaN, ""swfac"": 0.0, ""nstres"": 0.0}",0.0,0.0,11018.3154296875,1323.945770263672,3.549633026123047,0.0,,0.0,0.0,0.0,150.0,18.04266357421875,18.04266357421875,Leave_One_experiments/all_year_offline_schedule_search/daily_outputs/HLA/HLA_2017_HLA2017_normal_grid_S0010_daily.csv
HLA,HLA,Hailun,2017,Leave_One_experiments\wth_generated_qc\HLA\HLA2017.WTH,normal_year;nitrogen_stress_year;low_response_year,normal,HLA2017_normal_grid_S0010,low_input_within_10pct_yield,2017-08-16,228,109,104,"{""sim_day"": 109.0, ""doy"": 228.0, ""topwt"": 11150.709228515623, ""grnwt"": 1456.34033203125, ""xlai"": 3.508244514465332, ""totir"": 0.0, ""tofer"": NaN, ""swfac"": 0.0, ""nstres"": 0.0}",0.0,0.0,11150.709228515623,1456.34033203125,3.508244514465332,0.0,,0.0,0.0,0.0,150.0,18.04266357421875,18.04266357421875,Leave_One_experiments/all_year_offline_schedule_search/daily_outputs/HLA/HLA_2017_HLA2017_normal_grid_S0010_daily.csv
HLA,HLA,Hailun,2017,Leave_One_experiments\wth_generated_qc\HLA\HLA2017.WTH,normal_year;nitrogen_stress_year;low_response_year,normal,HLA2017_normal_grid_S0010,low_input_within_10pct_yield,2017-08-17,229,110,105,"{""sim_day"": 110.0, ""doy"": 229.0, ""topwt"": 11283.104248046877, ""grnwt"": 1588.734893798828, ""xlai"": 3.464317798614502, ""totir"": 0.0, ""tofer"": NaN, ""swfac"": 0.0, ""nstres"": 0.0}",0.0,0.0,11283.104248046877,1588.734893798828,3.464317798614502,0.0,,0.0,0.0,0.0,150.0,18.04266357421875,18.04266357421875,Leave_One_experiments/all_year_offline_schedule_search/daily_outputs/HLA/HLA_2017_HLA2017_normal_grid_S0010_daily.csv
HLA,HLA,Hailun,2017,Leave_One_experiments\wth_generated_qc\HLA\HLA2017.WTH,normal_year;nitrogen_stress_year;low_response_year,normal,HLA2017_normal_grid_S0010,low_input_within_10pct_yield,2017-08-18,230,111,106,"{""sim_day"": 111.0, ""doy"": 230.0, ""topwt"": 11415.498046875, ""grnwt"": 1721.1294555664062, ""xlai"": 3.416835069656372, ""totir"": 0.0, ""tofer"": NaN, ""swfac"": 0.0, ""nstres"": 0.0}",0.0,0.0,11415.498046875,1721.1294555664062,3.416835069656372,0.0,,0.0,0.0,0.0,150.0,18.04266357421875,18.04266357421875,Leave_One_experiments/all_year_offline_schedule_search/daily_outputs/HLA/HLA_2017_HLA2017_normal_grid_S0010_daily.csv
HLA,HLA,Hailun,2017,Leave_One_experiments\wth_generated_qc\HLA\HLA2017.WTH,normal_year;nitrogen_stress_year;low_response_year,normal,HLA2017_normal_grid_S0010,low_input_within_10pct_yield,2017-08-19,231,112,107,"{""sim_day"": 112.0, ""doy"": 231.0, ""topwt"": 11547.89306640625, ""grnwt"": 1853.5240173339844, ""xlai"": 3.3613972663879395, ""totir"": 0.0, ""tofer"": NaN, ""swfac"": 0.0, ""nstres"": 0.0}",0.0,0.0,11547.89306640625,1853.5240173339844,3.3613972663879395,0.0,,0.0,0.0,0.0,150.0,18.04266357421875,18.04266357421875,Leave_One_experiments/all_year_offline_schedule_search/daily_outputs/HLA/HLA_2017_HLA2017_normal_grid_S0010_daily.csv
HLA,HLA,Hailun,2017,Leave_One_experiments\wth_generated_qc\HLA\HLA2017.WTH,normal_year;nitrogen_stress_year;low_response_year,normal,HLA2017_normal_grid_S0010,low_input_within_10pct_yield,2017-08-20,232,113,108,"{""sim_day"": 113.0, ""doy"": 232.0, ""topwt"": 11680.286865234377, ""grnwt"": 1985.9185791015625, ""xlai"": 3.296627998352051, ""totir"": 0.0, ""tofer"": NaN, ""swfac"": 0.0, ""nstres"": 0.0}",0.0,0.0,11680.286865234377,1985.9185791015625,3.296627998352051,0.0,,0.0,0.0,0.0,150.0,18.04266357421875,18.04266357421875,Leave_One_experiments/all_year_offline_schedule_search/daily_outputs/HLA/HLA_2017_HLA2017_normal_grid_S0010_daily.csv
HLA,HLA,Hailun,2017,Leave_One_experiments\wth_generated_qc\HLA\HLA2017.WTH,normal_year;nitrogen_stress_year;low_response_year,normal,HLA2017_normal_grid_S0010,low_input_within_10pct_yield,2017-08-21,233,114,109,"{""sim_day"": 114.0, ""doy"": 233.0, ""topwt"": 11812.681884765623, ""grnwt"": 2118.3132934570312, ""xlai"": 3.240922689437866, ""totir"": 0.0, ""tofer"": NaN, ""swfac"": 0.0, ""nstres"": 0.0}",0.0,0.0,11812.681884765623,2118.3132934570312,3.240922689437866,0.0,,0.0,0.0,0.0,150.0,18.04266357421875,18.04266357421875,Leave_One_experiments/all_year_offline_schedule_search/daily_outputs/HLA/HLA_2017_HLA2017_normal_grid_S0010_daily.csv
HLA,HLA,Hailun,2017,Leave_One_experiments\wth_generated_qc\HLA\HLA2017.WTH,normal_year;nitrogen_stress_year;low_response_year,normal,HLA2017_normal_grid_S0010,low_input_within_10pct_yield,2017-08-22,234,115,110,"{""sim_day"": 115.0, ""doy"": 234.0, ""topwt"": 11945.07568359375, ""grnwt"": 2250.7078552246094, ""xlai"": 3.191220998764038, ""totir"": 0.0, ""tofer"": NaN, ""swfac"": 0.0, ""nstres"": 0.0041136741638183}",0.0,0.0041136741638183,11945.07568359375,2250.7078552246094,3.191220998764038,0.0,,0.0,0.0,0.0,150.0,18.04266357421875,18.04266357421875,Leave_One_experiments/all_year_offline_schedule_search/daily_outputs/HLA/HLA_2017_HLA2017_normal_grid_S0010_daily.csv
HLA,HLA,Hailun,2017,Leave_One_experiments\wth_generated_qc\HLA\HLA2017.WTH,normal_year;nitrogen_stress_year;low_response_year,normal,HLA2017_normal_grid_S0010,low_input_within_10pct_yield,2017-08-23,235,116,111,"{""sim_day"": 116.0, ""doy"": 235.0, ""topwt"": 12077.470703125, ""grnwt"": 2383.1024169921875, ""xlai"": 3.1443846225738525, ""totir"": 0.0, ""tofer"": NaN, ""swfac"": 0.0, ""nstres"": 0.0128160715103149}",0.0,0.0128160715103149,12077.470703125,2383.1024169921875,3.1443846225738525,0.0,,0.0,0.0,0.0,150.0,18.04266357421875,18.04266357421875,Leave_One_experiments/all_year_offline_schedule_search/daily_outputs/HLA/HLA_2017_HLA2017_normal_grid_S0010_daily.csv
HLA,HLA,Hailun,2017,Leave_One_experiments\wth_generated_qc\HLA\HLA2017.WTH,normal_year;nitrogen_stress_year;low_response_year,normal,HLA2017_normal_grid_S0010,low_input_within_10pct_yield,2017-08-24,236,117,112,"{""sim_day"": 117.0, ""doy"": 236.0, ""topwt"": 12190.321044921877, ""grnwt"": 2495.953063964844, ""xlai"": 3.112494945526123, ""totir"": 0.0, ""tofer"": NaN, ""swfac"": 0.0, ""nstres"": 0.024434208869934}",0.0,0.024434208869934,12190.321044921877,2495.953063964844,3.112494945526123,0.0,,0.0,0.0,0.0,150.0,18.04266357421875,18.04266357421875,Leave_One_experiments/all_year_offline_schedule_search/daily_outputs/HLA/HLA_2017_HLA2017_normal_grid_S0010_daily.csv
HLA,HLA,Hailun,2017,Leave_One_experiments\wth_generated_qc\HLA\HLA2017.WTH,normal_year;nitrogen_stress_year;low_response_year,normal,HLA2017_normal_grid_S0010,low_input_within_10pct_yield,2017-08-25,237,118,113,"{""sim_day"": 118.0, ""doy"": 237.0, ""topwt"": 12319.56298828125, ""grnwt"": 2625.1953125, ""xlai"": 3.0728769302368164, ""totir"": 0.0, ""tofer"": NaN, ""swfac"": 0.0, ""nstres"": 0.0325663685798645}",0.0,0.0325663685798645,12319.56298828125,2625.1953125,3.0728769302368164,0.0,,0.0,0.0,0.0,150.0,18.04266357421875,18.04266357421875,Leave_One_experiments/all_year_offline_schedule_search/daily_outputs/HLA/HLA_2017_HLA2017_normal_grid_S0010_daily.csv
HLA,HLA,Hailun,2017,Leave_One_experiments\wth_generated_qc\HLA\HLA2017.WTH,normal_year;nitrogen_stress_year;low_response_year,normal,HLA2017_normal_grid_S0010,low_input_within_10pct_yield,2017-08-26,238,119,114,"{""sim_day"": 119.0, ""doy"": 238.0, ""topwt"": 12451.9580078125, ""grnwt"": 2757.5900268554688, ""xlai"": 3.016343593597412, ""totir"": 0.0, ""tofer"": NaN, ""swfac"": 0.0, ""nstres"": 0.0406205654144287}",0.0,0.0406205654144287,12451.9580078125,2757.5900268554688,3.016343593597412,0.0,,0.0,0.0,0.0,150.0,18.04266357421875,18.04266357421875,Leave_One_experiments/all_year_offline_schedule_search/daily_outputs/HLA/HLA_2017_HLA2017_normal_grid_S0010_daily.csv
HLA,HLA,Hailun,2017,Leave_One_experiments\wth_generated_qc\HLA\HLA2017.WTH,normal_year;nitrogen_stress_year;low_response_year,normal,HLA2017_normal_grid_S0010,low_input_within_10pct_yield,2017-08-27,239,120,115,"{""sim_day"": 120.0, ""doy"": 239.0, ""topwt"": 12559.13330078125, ""grnwt"": 2864.766540527344, ""xlai"": 2.9831206798553467, ""totir"": 0.0, ""tofer"": NaN, ""swfac"": 0.0, ""nstres"": 0.0529152750968933}",0.0,0.0529152750968933,12559.13330078125,2864.766540527344,2.9831206798553467,0.0,,0.0,0.0,0.0,150.0,18.04266357421875,18.04266357421875,Leave_One_experiments/all_year_offline_schedule_search/daily_outputs/HLA/HLA_2017_HLA2017_normal_grid_S0010_daily.csv
HLA,HLA,Hailun,2017,Leave_One_experiments\wth_generated_qc\HLA\HLA2017.WTH,normal_year;nitrogen_stress_year;low_response_year,normal,HLA2017_normal_grid_S0010,low_input_within_10pct_yield,2017-08-28,240,121,116,"{""sim_day"": 121.0, ""doy"": 240.0, ""topwt"": 12616.505126953123, ""grnwt"": 2922.137451171875, ""xlai"": 2.9589662551879883, ""totir"": 0.0, ""tofer"": NaN, ""swfac"": 0.0, ""nstres"": 0.0647764205932617}",0.0,0.0647764205932617,12616.505126953123,2922.137451171875,2.9589662551879883,0.0,,0.0,0.0,0.0,150.0,18.04266357421875,18.04266357421875,Leave_One_experiments/all_year_offline_schedule_search/daily_outputs/HLA/HLA_2017_HLA2017_normal_grid_S0010_daily.csv
HLA,HLA,Hailun,2017,Leave_One_experiments\wth_generated_qc\HLA\HLA2017.WTH,normal_year;nitrogen_stress_year;low_response_year,normal,HLA2017_normal_grid_S0010,low_input_within_10pct_yield,2017-08-29,241,122,117,"{""sim_day"": 122.0, ""doy"": 241.0, ""topwt"": 12668.201904296877, ""grnwt"": 2973.8345336914062, ""xlai"": 2.9231624603271484, ""totir"": 0.0, ""tofer"": NaN, ""swfac"": 0.0, ""nstres"": 0.0704064965248107}",0.0,0.0704064965248107,12668.201904296877,2973.8345336914062,2.9231624603271484,0.0,,0.0,0.0,0.0,150.0,18.04266357421875,18.04266357421875,Leave_One_experiments/all_year_offline_schedule_search/daily_outputs/HLA/HLA_2017_HLA2017_normal_grid_S0010_daily.csv
HLA,HLA,Hailun,2017,Leave_One_experiments\wth_generated_qc\HLA\HLA2017.WTH,normal_year;nitrogen_stress_year;low_response_year,normal,HLA2017_normal_grid_S0010,low_input_within_10pct_yield,2017-08-30,242,123,118,"{""sim_day"": 123.0, ""doy"": 242.0, ""topwt"": 12782.313232421877, ""grnwt"": 3087.9458618164062, ""xlai"": 2.896688461303711, ""totir"": 0.0, ""tofer"": NaN, ""swfac"": 0.0, ""nstres"": 0.0724532008171081}",0.0,0.0724532008171081,12782.313232421877,3087.9458618164062,2.896688461303711,0.0,,0.0,0.0,0.0,150.0,18.04266357421875,18.04266357421875,Leave_One_experiments/all_year_offline_schedule_search/daily_outputs/HLA/HLA_2017_HLA2017_normal_grid_S0010_daily.csv
HLA,HLA,Hailun,2017,Leave_One_experiments\wth_generated_qc\HLA\HLA2017.WTH,normal_year;nitrogen_stress_year;low_response_year,normal,HLA2017_normal_grid_S0010,low_input_within_10pct_yield,2017-08-31,243,124,119,"{""sim_day"": 124.0, ""doy"": 243.0, ""topwt"": 12897.686767578123, ""grnwt"": 3203.3184814453125, ""xlai"": 2.867039680480957, ""totir"": 0.0, ""tofer"": NaN, ""swfac"": 0.0, ""nstres"": 0.0818835496902465}",0.0,0.0818835496902465,12897.686767578123,3203.3184814453125,2.867039680480957,0.0,,0.0,0.0,0.0,150.0,18.04266357421875,18.04266357421875,Leave_One_experiments/all_year_offline_schedule_search/daily_outputs/HLA/HLA_2017_HLA2017_normal_grid_S0010_daily.csv
HLA,HLA,Hailun,2017,Leave_One_experiments\wth_generated_qc\HLA\HLA2017.WTH,normal_year;nitrogen_stress_year;low_response_year,normal,HLA2017_normal_grid_S0010,low_input_within_10pct_yield,2017-09-01,244,125,120,"{""sim_day"": 125.0, ""doy"": 244.0, ""topwt"": 13024.40673828125, ""grnwt"": 3330.0387573242188, ""xlai"": 2.830700635910034, ""totir"": 0.0, ""tofer"": NaN, ""swfac"": 0.0, ""nstres"": 0.0908834934234619}",0.0,0.0908834934234619,13024.40673828125,3330.0387573242188,2.830700635910034,0.0,,0.0,0.0,0.0,150.0,18.04266357421875,18.04266357421875,Leave_One_experiments/all_year_offline_schedule_search/daily_outputs/HLA/HLA_2017_HLA2017_normal_grid_S0010_daily.csv
HLA,HLA,Hailun,2017,Leave_One_experiments\wth_generated_qc\HLA\HLA2017.WTH,normal_year;nitrogen_stress_year;low_response_year,normal,HLA2017_normal_grid_S0010,low_input_within_10pct_yield,2017-09-02,245,126,121,"{""sim_day"": 126.0, ""doy"": 245.0, ""topwt"": 13156.800537109377, ""grnwt"": 3462.4331665039062, ""xlai"": 2.774808883666992, ""totir"": 0.0, ""tofer"": NaN, ""swfac"": 0.0, ""nstres"": 0.1005994081497192}",0.0,0.1005994081497192,13156.800537109377,3462.4331665039062,2.774808883666992,0.0,,0.0,0.0,0.0,150.0,18.04266357421875,18.04266357421875,Leave_One_experiments/all_year_offline_schedule_search/daily_outputs/HLA/HLA_2017_HLA2017_normal_grid_S0010_daily.csv
HLA,HLA,Hailun,2017,Leave_One_experiments\wth_generated_qc\HLA\HLA2017.WTH,normal_year;nitrogen_stress_year;low_response_year,normal,HLA2017_normal_grid_S0010,low_input_within_10pct_yield,2017-09-03,246,127,122,"{""sim_day"": 127.0, ""doy"": 246.0, ""topwt"": 13202.862548828123, ""grnwt"": 3594.8275756835938, ""xlai"": 2.712808132171631, ""totir"": 0.0, ""tofer"": NaN, ""swfac"": 0.0, ""nstres"": 0.1106992959976196}",0.0,0.1106992959976196,13202.862548828123,3594.8275756835938,2.712808132171631,0.0,,0.0,0.0,0.0,150.0,18.04266357421875,18.04266357421875,Leave_One_experiments/all_year_offline_schedule_search/daily_outputs/HLA/HLA_2017_HLA2017_normal_grid_S0010_daily.csv
HLA,HLA,Hailun,2017,Leave_One_experiments\wth_generated_qc\HLA\HLA2017.WTH,normal_year;nitrogen_stress_year;low_response_year,normal,HLA2017_normal_grid_S0010,low_input_within_10pct_yield,2017-09-04,247,128,123,"{""sim_day"": 128.0, ""doy"": 247.0, ""topwt"": 13241.614990234377, ""grnwt"": 3727.221984863281, ""xlai"": 2.647006034851074, ""totir"": 0.0, ""tofer"": NaN, ""swfac"": 0.0, ""nstres"": 0.1207776069641113}",0.0,0.1207776069641113,13241.614990234377,3727.221984863281,2.647006034851074,0.0,,0.0,0.0,0.0,150.0,18.04266357421875,18.04266357421875,Leave_One_experiments/all_year_offline_schedule_search/daily_outputs/HLA/HLA_2017_HLA2017_normal_grid_S0010_daily.csv
HLA,HLA,Hailun,2017,Leave_One_experiments\wth_generated_qc\HLA\HLA2017.WTH,normal_year;nitrogen_stress_year;low_response_year,normal,HLA2017_normal_grid_S0010,low_input_within_10pct_yield,2017-09-05,248,129,124,"{""sim_day"": 129.0, ""doy"": 248.0, ""topwt"": 13444.378662109377, ""grnwt"": 3859.6163940429688, ""xlai"": 2.57281231880188, ""totir"": 0.0, ""tofer"": NaN, ""swfac"": 0.0, ""nstres"": 0.1231672763824462}",0.0,0.1231672763824462,13444.378662109377,3859.6163940429688,2.57281231880188,0.0,,0.0,0.0,0.0,150.0,18.04266357421875,18.04266357421875,Leave_One_experiments/all_year_offline_schedule_search/daily_outputs/HLA/HLA_2017_HLA2017_normal_grid_S0010_daily.csv
HLA,HLA,Hailun,2017,Leave_One_experiments\wth_generated_qc\HLA\HLA2017.WTH,normal_year;nitrogen_stress_year;low_response_year,normal,HLA2017_normal_grid_S0010,low_input_within_10pct_yield,2017-09-06,249,130,125,"{""sim_day"": 130.0, ""doy"": 249.0, ""topwt"": 13648.27880859375, ""grnwt"": 3976.2496948242183, ""xlai"": 2.5220131874084477, ""totir"": 0.0, ""tofer"": NaN, ""swfac"": 0.0, ""nstres"": 0.1275672912597656}",0.0,0.1275672912597656,13648.27880859375,3976.2496948242183,2.5220131874084477,0.0,,0.0,0.0,0.0,150.0,18.04266357421875,18.04266357421875,Leave_One_experiments/all_year_offline_schedule_search/daily_outputs/HLA/HLA_2017_HLA2017_normal_grid_S0010_daily.csv
HLA,HLA,Hailun,2017,Leave_One_experiments\wth_generated_qc\HLA\HLA2017.WTH,normal_year;nitrogen_stress_year;low_response_year,normal,HLA2017_normal_grid_S0010,low_input_within_10pct_yield,2017-09-07,250,131,126,"{""sim_day"": 131.0, ""doy"": 250.0, ""topwt"": 13763.29345703125, ""grnwt"": 4068.92578125, ""xlai"": 2.476240396499634, ""totir"": 0.0, ""tofer"": NaN, ""swfac"": 0.0, ""nstres"": 0.1451945304870605}",0.0,0.1451945304870605,13763.29345703125,4068.92578125,2.476240396499634,0.0,,0.0,0.0,0.0,150.0,18.04266357421875,18.04266357421875,Leave_One_experiments/all_year_offline_schedule_search/daily_outputs/HLA/HLA_2017_HLA2017_normal_grid_S0010_daily.csv
HLA,HLA,Hailun,2017,Leave_One_experiments\wth_generated_qc\HLA\HLA2017.WTH,normal_year;nitrogen_stress_year;low_response_year,normal,HLA2017_normal_grid_S0010,low_input_within_10pct_yield,2017-09-08,251,132,127,"{""sim_day"": 132.0, ""doy"": 251.0, ""topwt"": 13860.38330078125, ""grnwt"": 4166.015319824219, ""xlai"": 2.4266011714935303, ""totir"": 0.0, ""tofer"": NaN, ""swfac"": 0.0, ""nstres"": 0.1603702306747436}",0.0,0.1603702306747436,13860.38330078125,4166.015319824219,2.4266011714935303,0.0,,0.0,0.0,0.0,150.0,18.04266357421875,18.04266357421875,Leave_One_experiments/all_year_offline_schedule_search/daily_outputs/HLA/HLA_2017_HLA2017_normal_grid_S0010_daily.csv
HLA,HLA,Hailun,2017,Leave_One_experiments\wth_generated_qc\HLA\HLA2017.WTH,normal_year;nitrogen_stress_year;low_response_year,normal,HLA2017_normal_grid_S0010,low_input_within_10pct_yield,2017-09-09,252,133,128,"{""sim_day"": 133.0, ""doy"": 252.0, ""topwt"": 13975.12451171875, ""grnwt"": 4280.757141113281, ""xlai"": 2.3750078678131104, ""totir"": 0.0, ""tofer"": NaN, ""swfac"": 0.0, ""nstres"": 0.1700924634933471}",0.0,0.1700924634933471,13975.12451171875,4280.757141113281,2.3750078678131104,0.0,,0.0,0.0,0.0,150.0,18.04266357421875,18.04266357421875,Leave_One_experiments/all_year_offline_schedule_search/daily_outputs/HLA/HLA_2017_HLA2017_normal_grid_S0010_daily.csv
HLA,HLA,Hailun,2017,Leave_One_experiments\wth_generated_qc\HLA\HLA2017.WTH,normal_year;nitrogen_stress_year;low_response_year,normal,HLA2017_normal_grid_S0010,low_input_within_10pct_yield,2017-09-10,253,134,129,"{""sim_day"": 134.0, ""doy"": 253.0, ""topwt"": 14080.41015625, ""grnwt"": 4386.04248046875, ""xlai"": 2.321437120437622, ""totir"": 0.0, ""tofer"": NaN, ""swfac"": 0.0, ""nstres"": 0.180448293685913}",0.0,0.180448293685913,14080.41015625,4386.04248046875,2.321437120437622,0.0,,0.0,0.0,0.0,150.0,18.04266357421875,18.04266357421875,Leave_One_experiments/all_year_offline_schedule_search/daily_outputs/HLA/HLA_2017_HLA2017_normal_grid_S0010_daily.csv
HLA,HLA,Hailun,2017,Leave_One_experiments\wth_generated_qc\HLA\HLA2017.WTH,normal_year;nitrogen_stress_year;low_response_year,normal,HLA2017_normal_grid_S0010,low_input_within_10pct_yield,2017-09-11,254,135,130,"{""sim_day"": 135.0, ""doy"": 254.0, ""topwt"": 14149.130859375, ""grnwt"": 4454.761352539063, ""xlai"": 2.266062021255493, ""totir"": 0.0, ""tofer"": NaN, ""swfac"": 0.0, ""nstres"": 0.1908289790153503}",0.0,0.1908289790153503,14149.130859375,4454.761352539063,2.266062021255493,0.0,,0.0,0.0,0.0,150.0,18.04266357421875,18.04266357421875,Leave_One_experiments/all_year_offline_schedule_search/daily_outputs/HLA/HLA_2017_HLA2017_normal_grid_S0010_daily.csv
HLA,HLA,Hailun,2017,Leave_One_experiments\wth_generated_qc\HLA\HLA2017.WTH,normal_year;nitrogen_stress_year;low_response_year,normal,HLA2017_normal_grid_S0010,low_input_within_10pct_yield,2017-09-12,255,136,131,"{""sim_day"": 136.0, ""doy"": 255.0, ""topwt"": 14227.305908203123, ""grnwt"": 4532.937316894531, ""xlai"": 2.2103075981140137, ""totir"": 0.0, ""tofer"": NaN, ""swfac"": 0.0, ""nstres"": 0.1968332529067993}",0.0,0.1968332529067993,14227.305908203123,4532.937316894531,2.2103075981140137,0.0,,0.0,0.0,0.0,150.0,18.04266357421875,18.04266357421875,Leave_One_experiments/all_year_offline_schedule_search/daily_outputs/HLA/HLA_2017_HLA2017_normal_grid_S0010_daily.csv
HLA,HLA,Hailun,2017,Leave_One_experiments\wth_generated_qc\HLA\HLA2017.WTH,normal_year;nitrogen_stress_year;low_response_year,normal,HLA2017_normal_grid_S0010,low_input_within_10pct_yield,2017-09-13,256,137,132,"{""sim_day"": 137.0, ""doy"": 256.0, ""topwt"": 14296.6552734375, ""grnwt"": 4602.286987304688, ""xlai"": 1.9978972673416135, ""totir"": 0.0, ""tofer"": NaN, ""swfac"": 0.0, ""nstres"": 0.2115612626075744}",0.0,0.2115612626075744,14296.6552734375,4602.286987304688,1.9978972673416135,0.0,,0.0,0.0,0.0,150.0,18.04266357421875,18.04266357421875,Leave_One_experiments/all_year_offline_schedule_search/daily_outputs/HLA/HLA_2017_HLA2017_normal_grid_S0010_daily.csv
HLA,HLA,Hailun,2017,Leave_One_experiments\wth_generated_qc\HLA\HLA2017.WTH,normal_year;nitrogen_stress_year;low_response_year,normal,HLA2017_normal_grid_S0010,low_input_within_10pct_yield,2017-09-14,257,138,133,"{""sim_day"": 138.0, ""doy"": 257.0, ""topwt"": 14400.68115234375, ""grnwt"": 4706.31103515625, ""xlai"": 1.945664405822754, ""totir"": 0.0, ""tofer"": NaN, ""swfac"": 0.0, ""nstres"": 0.2274499535560608}",0.0,0.2274499535560608,14400.68115234375,4706.31103515625,1.945664405822754,0.0,,0.0,0.0,0.0,150.0,18.04266357421875,18.04266357421875,Leave_One_experiments/all_year_offline_schedule_search/daily_outputs/HLA/HLA_2017_HLA2017_normal_grid_S0010_daily.csv
HLA,HLA,Hailun,2017,Leave_One_experiments\wth_generated_qc\HLA\HLA2017.WTH,normal_year;nitrogen_stress_year;low_response_year,normal,HLA2017_normal_grid_S0010,low_input_within_10pct_yield,2017-09-15,258,139,134,"{""sim_day"": 139.0, ""doy"": 258.0, ""topwt"": 14495.753173828123, ""grnwt"": 4825.46630859375, ""xlai"": 1.892722964286804, ""totir"": 0.0, ""tofer"": NaN, ""swfac"": 0.0, ""nstres"": 0.2530397176742553}",0.0,0.2530397176742553,14495.753173828123,4825.46630859375,1.892722964286804,0.0,,0.0,0.0,0.0,150.0,18.04266357421875,18.04266357421875,Leave_One_experiments/all_year_offline_schedule_search/daily_outputs/HLA/HLA_2017_HLA2017_normal_grid_S0010_daily.csv
HLA,HLA,Hailun,2017,Leave_One_experiments\wth_generated_qc\HLA\HLA2017.WTH,normal_year;nitrogen_stress_year;low_response_year,normal,HLA2017_normal_grid_S0010,low_input_within_10pct_yield,2017-09-16,259,140,135,"{""sim_day"": 140.0, ""doy"": 259.0, ""topwt"": 14575.792236328123, ""grnwt"": 4957.8607177734375, ""xlai"": 1.839006185531616, ""totir"": 0.0, ""tofer"": NaN, ""swfac"": 0.0, ""nstres"": 0.2811365723609924}",0.0,0.2811365723609924,14575.792236328123,4957.8607177734375,1.839006185531616,0.0,,0.0,0.0,0.0,150.0,18.04266357421875,18.04266357421875,Leave_One_experiments/all_year_offline_schedule_search/daily_outputs/HLA/HLA_2017_HLA2017_normal_grid_S0010_daily.csv
HLA,HLA,Hailun,2017,Leave_One_experiments\wth_generated_qc\HLA\HLA2017.WTH,normal_year;nitrogen_stress_year;low_response_year,normal,HLA2017_normal_grid_S0010,low_input_within_10pct_yield,2017-09-17,260,141,136,"{""sim_day"": 141.0, ""doy"": 260.0, ""topwt"": 14707.724609375, ""grnwt"": 5071.341552734375, ""xlai"": 1.7845722436904907, ""totir"": 0.0, ""tofer"": NaN, ""swfac"": 0.0, ""nstres"": 0.3103939294815063}",0.0,0.3103939294815063,14707.724609375,5071.341552734375,1.7845722436904907,0.0,,0.0,0.0,0.0,150.0,18.04266357421875,18.04266357421875,Leave_One_experiments/all_year_offline_schedule_search/daily_outputs/HLA/HLA_2017_HLA2017_normal_grid_S0010_daily.csv
HLA,HLA,Hailun,2017,Leave_One_experiments\wth_generated_qc\HLA\HLA2017.WTH,normal_year;nitrogen_stress_year;low_response_year,normal,HLA2017_normal_grid_S0010,low_input_within_10pct_yield,2017-09-18,261,142,137,"{""sim_day"": 142.0, ""doy"": 261.0, ""topwt"": 14846.343994140623, ""grnwt"": 5179.149169921875, ""xlai"": 1.7304675579071045, ""totir"": 0.0, ""tofer"": NaN, ""swfac"": 0.0, ""nstres"": 0.3276319503784179}",0.0,0.3276319503784179,14846.343994140623,5179.149169921875,1.7304675579071045,0.0,,0.0,0.0,0.0,150.0,18.04266357421875,18.04266357421875,Leave_One_experiments/all_year_offline_schedule_search/daily_outputs/HLA/HLA_2017_HLA2017_normal_grid_S0010_daily.csv
HLA,HLA,Hailun,2017,Leave_One_experiments\wth_generated_qc\HLA\HLA2017.WTH,normal_year;nitrogen_stress_year;low_response_year,normal,HLA2017_normal_grid_S0010,low_input_within_10pct_yield,2017-09-19,262,143,138,"{""sim_day"": 143.0, ""doy"": 262.0, ""topwt"": 14983.84765625, ""grnwt"": 5289.4775390625, ""xlai"": 1.675713062286377, ""totir"": 0.0, ""tofer"": NaN, ""swfac"": 0.0, ""nstres"": 0.359391987323761}",0.0,0.359391987323761,14983.84765625,5289.4775390625,1.675713062286377,0.0,,0.0,0.0,0.0,150.0,18.04266357421875,18.04266357421875,Leave_One_experiments/all_year_offline_schedule_search/daily_outputs/HLA/HLA_2017_HLA2017_normal_grid_S0010_daily.csv
HLA,HLA,Hailun,2017,Leave_One_experiments\wth_generated_qc\HLA\HLA2017.WTH,normal_year;nitrogen_stress_year;low_response_year,normal,HLA2017_normal_grid_S0010,low_input_within_10pct_yield,2017-09-20,263,144,139,"{""sim_day"": 144.0, ""doy"": 263.0, ""topwt"": 15116.241455078123, ""grnwt"": 5421.871948242188, ""xlai"": 1.6204323768615725, ""totir"": 0.0, ""tofer"": NaN, ""swfac"": 0.0, ""nstres"": 0.391744315624237}",0.0,0.391744315624237,15116.241455078123,5421.871948242188,1.6204323768615725,0.0,,0.0,0.0,0.0,150.0,18.04266357421875,18.04266357421875,Leave_One_experiments/all_year_offline_schedule_search/daily_outputs/HLA/HLA_2017_HLA2017_normal_grid_S0010_daily.csv
HLA,HLA,Hailun,2017,Leave_One_experiments\wth_generated_qc\HLA\HLA2017.WTH,normal_year;nitrogen_stress_year;low_response_year,normal,HLA2017_normal_grid_S0010,low_input_within_10pct_yield,2017-09-21,264,145,140,"{""sim_day"": 145.0, ""doy"": 264.0, ""topwt"": 15155.625, ""grnwt"": 5554.266357421875, ""xlai"": 1.5643569231033323, ""totir"": 0.0, ""tofer"": NaN, ""swfac"": 0.0, ""nstres"": 0.4305261969566345}",0.0,0.4305261969566345,15155.625,5554.266357421875,1.5643569231033323,0.0,,0.0,0.0,0.0,150.0,18.04266357421875,18.04266357421875,Leave_One_experiments/all_year_offline_schedule_search/daily_outputs/HLA/HLA_2017_HLA2017_normal_grid_S0010_daily.csv
HLA,HLA,Hailun,2017,Leave_One_experiments\wth_generated_qc\HLA\HLA2017.WTH,normal_year;nitrogen_stress_year;low_response_year,normal,HLA2017_normal_grid_S0010,low_input_within_10pct_yield,2017-09-22,265,146,141,"{""sim_day"": 146.0, ""doy"": 265.0, ""topwt"": 15155.625, ""grnwt"": 5554.266357421875, ""xlai"": 1.5643569231033323, ""totir"": 0.0, ""tofer"": NaN, ""swfac"": 0.0, ""nstres"": 0.4627402424812317}",0.0,0.4627402424812317,15155.625,5554.266357421875,1.5643569231033323,0.0,,0.0,0.0,0.0,150.0,18.04266357421875,18.04266357421875,Leave_One_experiments/all_year_offline_schedule_search/daily_outputs/HLA/HLA_2017_HLA2017_normal_grid_S0010_daily.csv
HLA,HLA,Hailun,2017,Leave_One_experiments\wth_generated_qc\HLA\HLA2017.WTH,normal_year;nitrogen_stress_year;low_response_year,normal,HLA2017_normal_grid_S0010,low_input_within_10pct_yield,2017-09-23,266,147,142,"{""sim_day"": 147.0, ""doy"": 266.0, ""topwt"": 15155.625, ""grnwt"": 5554.266357421875, ""xlai"": 1.5643569231033323, ""totir"": 0.0, ""tofer"": NaN, ""swfac"": 0.0, ""nstres"": 0.4627402424812317}",0.0,0.4627402424812317,15155.625,5554.266357421875,1.5643569231033323,0.0,,0.0,0.0,0.0,150.0,18.04266357421875,18.04266357421875,Leave_One_experiments/all_year_offline_schedule_search/daily_outputs/HLA/HLA_2017_HLA2017_normal_grid_S0010_daily.csv
HLA,HLA,Hailun,2017,Leave_One_experiments\wth_generated_qc\HLA\HLA2017.WTH,normal_year;nitrogen_stress_year;low_response_year,normal,HLA2017_normal_grid_S0010,low_input_within_10pct_yield,2017-09-24,267,148,143,"{""sim_day"": 148.0, ""doy"": 267.0, ""topwt"": 15155.625, ""grnwt"": 5554.266357421875, ""xlai"": 1.5643569231033323, ""totir"": 0.0, ""tofer"": NaN, ""swfac"": 0.0, ""nstres"": 0.4627402424812317}",0.0,0.4627402424812317,15155.625,5554.266357421875,1.5643569231033323,0.0,,0.0,0.0,0.0,150.0,18.04266357421875,18.04266357421875,Leave_One_experiments/all_year_offline_schedule_search/daily_outputs/HLA/HLA_2017_HLA2017_normal_grid_S0010_daily.csv
HLA,HLA,Hailun,2017,Leave_One_experiments\wth_generated_qc\HLA\HLA2017.WTH,normal_year;nitrogen_stress_year;low_response_year,normal,HLA2017_normal_grid_S0010,low_input_within_10pct_yield,2017-09-25,268,149,144,"{""sim_day"": 149.0, ""doy"": 268.0, ""topwt"": 15155.625, ""grnwt"": 5554.266357421875, ""xlai"": 1.5643569231033323, ""totir"": 0.0, ""tofer"": NaN, ""swfac"": 0.0, ""nstres"": 0.4627402424812317}",0.0,0.4627402424812317,15155.625,5554.266357421875,1.5643569231033323,0.0,,0.0,0.0,0.0,150.0,18.04266357421875,18.04266357421875,Leave_One_experiments/all_year_offline_schedule_search/daily_outputs/HLA/HLA_2017_HLA2017_normal_grid_S0010_daily.csv
HLA,HLA,Hailun,2017,Leave_One_experiments\wth_generated_qc\HLA\HLA2017.WTH,normal_year;nitrogen_stress_year;low_response_year,normal,HLA2017_normal_grid_S0010,low_input_within_10pct_yield,2017-09-26,269,150,145,"{""sim_day"": 150.0, ""doy"": 269.0, ""topwt"": 15155.625, ""grnwt"": 5554.266357421875, ""xlai"": 1.5643569231033323, ""totir"": 0.0, ""tofer"": NaN, ""swfac"": 0.0, ""nstres"": 0.4627402424812317}",0.0,0.4627402424812317,15155.625,5554.266357421875,1.5643569231033323,0.0,,0.0,0.0,0.0,150.0,18.04266357421875,18.04266357421875,Leave_One_experiments/all_year_offline_schedule_search/daily_outputs/HLA/HLA_2017_HLA2017_normal_grid_S0010_daily.csv
HLA,HLA,Hailun,2017,Leave_One_experiments\wth_generated_qc\HLA\HLA2017.WTH,normal_year;nitrogen_stress_year;low_response_year,normal,HLA2017_normal_grid_S0014,pareto_balanced,2017-05-05,125,1,1,"{""sim_day"": 1.0, ""doy"": 125.0, ""topwt"": 0.0, ""grnwt"": 0.0, ""xlai"": 0.0, ""totir"": 0.0, ""tofer"": NaN, ""swfac"": 0.0, ""nstres"": 0.0}",0.0,0.0,0.0,0.0,0.0,0.0,,0.0,50.0,40.0,150.0,-1.917645263671872,14.082354736328128,Leave_One_experiments/all_year_offline_schedule_search/daily_outputs/HLA/HLA_2017_HLA2017_normal_grid_S0014_daily.csv
HLA,HLA,Hailun,2017,Leave_One_experiments\wth_generated_qc\HLA\HLA2017.WTH,normal_year;nitrogen_stress_year;low_response_year,normal,HLA2017_normal_grid_S0014,pareto_balanced,2017-05-06,126,2,2,"{""sim_day"": 2.0, ""doy"": 126.0, ""topwt"": 0.0, ""grnwt"": 0.0, ""xlai"": 0.0, ""totir"": 0.0, ""tofer"": NaN, ""swfac"": 0.0, ""nstres"": 0.0}",0.0,0.0,0.0,0.0,0.0,0.0,,0.0,0.0,40.0,150.0,-1.917645263671872,14.082354736328128,Leave_One_experiments/all_year_offline_schedule_search/daily_outputs/HLA/HLA_2017_HLA2017_normal_grid_S0014_daily.csv
HLA,HLA,Hailun,2017,Leave_One_experiments\wth_generated_qc\HLA\HLA2017.WTH,normal_year;nitrogen_stress_year;low_response_year,normal,HLA2017_normal_grid_S0014,pareto_balanced,2017-05-07,127,3,3,"{""sim_day"": 3.0, ""doy"": 127.0, ""topwt"": 0.0, ""grnwt"": 0.0, ""xlai"": 0.0, ""totir"": 0.0, ""tofer"": NaN, ""swfac"": 0.0, ""nstres"": 0.0}",0.0,0.0,0.0,0.0,0.0,0.0,,0.0,0.0,40.0,150.0,-1.917645263671872,14.082354736328128,Leave_One_experiments/all_year_offline_schedule_search/daily_outputs/HLA/HLA_2017_HLA2017_normal_grid_S0014_daily.csv
HLA,HLA,Hailun,2017,Leave_One_experiments\wth_generated_qc\HLA\HLA2017.WTH,normal_year;nitrogen_stress_year;low_response_year,normal,HLA2017_normal_grid_S0014,pareto_balanced,2017-05-08,128,4,4,"{""sim_day"": 4.0, ""doy"": 128.0, ""topwt"": 0.0, ""grnwt"": 0.0, ""xlai"": 0.0, ""totir"": 0.0, ""tofer"": NaN, ""swfac"": 0.0, ""nstres"": 0.0}",0.0,0.0,0.0,0.0,0.0,0.0,,0.0,0.0,40.0,150.0,-1.917645263671872,14.082354736328128,Leave_One_experiments/all_year_offline_schedule_search/daily_outputs/HLA/HLA_2017_HLA2017_normal_grid_S0014_daily.csv
HLA,HLA,Hailun,2017,Leave_One_experiments\wth_generated_qc\HLA\HLA2017.WTH,normal_year;nitrogen_stress_year;low_response_year,normal,HLA2017_normal_grid_S0014,pareto_balanced,2017-05-09,129,5,5,"{""sim_day"": 5.0, ""doy"": 129.0, ""topwt"": 0.0, ""grnwt"": 0.0, ""xlai"": 0.0, ""totir"": 0.0, ""tofer"": NaN, ""swfac"": 0.0, ""nstres"": 0.0}",0.0,0.0,0.0,0.0,0.0,0.0,,0.0,0.0,40.0,150.0,-1.917645263671872,14.082354736328128,Leave_One_experiments/all_year_offline_schedule_search/daily_outputs/HLA/HLA_2017_HLA2017_normal_grid_S0014_daily.csv
HLA,HLA,Hailun,2017,Leave_One_experiments\wth_generated_qc\HLA\HLA2017.WTH,normal_year;nitrogen_stress_year;low_response_year,normal,HLA2017_normal_grid_S0014,pareto_balanced,2017-05-05,125,6,1,"{""sim_day"": 6.0, ""doy"": 125.0, ""topwt"": 0.0, ""grnwt"": 0.0, ""xlai"": 0.0, ""totir"": 0.0, ""tofer"": NaN, ""swfac"": 0.0, ""nstres"": 0.0}",0.0,0.0,0.0,0.0,0.0,0.0,,0.0,0.0,40.0,150.0,-1.917645263671872,14.082354736328128,Leave_One_experiments/all_year_offline_schedule_search/daily_outputs/HLA/HLA_2017_HLA2017_normal_grid_S0014_daily.csv
HLA,HLA,Hailun,2017,Leave_One_experiments\wth_generated_qc\HLA\HLA2017.WTH,normal_year;nitrogen_stress_year;low_response_year,normal,HLA2017_normal_grid_S0014,pareto_balanced,2017-05-06,126,7,2,"{""sim_day"": 7.0, ""doy"": 126.0, ""topwt"": 0.0, ""grnwt"": 0.0, ""xlai"": 0.0, ""totir"": 0.0, ""tofer"": NaN, ""swfac"": 0.0, ""nstres"": 0.0}",0.0,0.0,0.0,0.0,0.0,0.0,,0.0,0.0,40.0,150.0,-1.917645263671872,14.082354736328128,Leave_One_experiments/all_year_offline_schedule_search/daily_outputs/HLA/HLA_2017_HLA2017_normal_grid_S0014_daily.csv
HLA,HLA,Hailun,2017,Leave_One_experiments\wth_generated_qc\HLA\HLA2017.WTH,normal_year;nitrogen_stress_year;low_response_year,normal,HLA2017_normal_grid_S0014,pareto_balanced,2017-05-07,127,8,3,"{""sim_day"": 8.0, ""doy"": 127.0, ""topwt"": 0.0, ""grnwt"": 0.0, ""xlai"": 0.0, ""totir"": 0.0, ""tofer"": NaN, ""swfac"": 0.0, ""nstres"": 0.0}",0.0,0.0,0.0,0.0,0.0,0.0,,0.0,0.0,40.0,150.0,-1.917645263671872,14.082354736328128,Leave_One_experiments/all_year_offline_schedule_search/daily_outputs/HLA/HLA_2017_HLA2017_normal_grid_S0014_daily.csv
HLA,HLA,Hailun,2017,Leave_One_experiments\wth_generated_qc\HLA\HLA2017.WTH,normal_year;nitrogen_stress_year;low_response_year,normal,HLA2017_normal_grid_S0014,pareto_balanced,2017-05-08,128,9,4,"{""sim_day"": 9.0, ""doy"": 128.0, ""topwt"": 0.0, ""grnwt"": 0.0, ""xlai"": 0.0, ""totir"": 0.0, ""tofer"": NaN, ""swfac"": 0.0, ""nstres"": 0.0}",0.0,0.0,0.0,0.0,0.0,0.0,,0.0,0.0,40.0,150.0,-1.917645263671872,14.082354736328128,Leave_One_experiments/all_year_offline_schedule_search/daily_outputs/HLA/HLA_2017_HLA2017_normal_grid_S0014_daily.csv
HLA,HLA,Hailun,2017,Leave_One_experiments\wth_generated_qc\HLA\HLA2017.WTH,normal_year;nitrogen_stress_year;low_response_year,normal,HLA2017_normal_grid_S0014,pareto_balanced,2017-05-09,129,10,5,"{""sim_day"": 10.0, ""doy"": 129.0, ""topwt"": 0.0, ""grnwt"": 0.0, ""xlai"": 0.0, ""totir"": 0.0, ""tofer"": NaN, ""swfac"": 0.0, ""nstres"": 0.0}",0.0,0.0,0.0,0.0,0.0,0.0,,0.0,0.0,40.0,150.0,-1.917645263671872,14.082354736328128,Leave_One_experiments/all_year_offline_schedule_search/daily_outputs/HLA/HLA_2017_HLA2017_normal_grid_S0014_daily.csv
HLA,HLA,Hailun,2017,Leave_One_experiments\wth_generated_qc\HLA\HLA2017.WTH,normal_year;nitrogen_stress_year;low_response_year,normal,HLA2017_normal_grid_S0014,pareto_balanced,2017-05-10,130,11,6,"{""sim_day"": 11.0, ""doy"": 130.0, ""topwt"": 0.0, ""grnwt"": 0.0, ""xlai"": 0.0, ""totir"": 0.0, ""tofer"": NaN, ""swfac"": 0.0, ""nstres"": 0.0}",0.0,0.0,0.0,0.0,0.0,0.0,,0.0,0.0,40.0,150.0,-1.917645263671872,14.082354736328128,Leave_One_experiments/all_year_offline_schedule_search/daily_outputs/HLA/HLA_2017_HLA2017_normal_grid_S0014_daily.csv
HLA,HLA,Hailun,2017,Leave_One_experiments\wth_generated_qc\HLA\HLA2017.WTH,normal_year;nitrogen_stress_year;low_response_year,normal,HLA2017_normal_grid_S0014,pareto_balanced,2017-05-11,131,12,7,"{""sim_day"": 12.0, ""doy"": 131.0, ""topwt"": 0.0, ""grnwt"": 0.0, ""xlai"": 0.0, ""totir"": 0.0, ""tofer"": NaN, ""swfac"": 0.0, ""nstres"": 0.0}",0.0,0.0,0.0,0.0,0.0,0.0,,0.0,0.0,40.0,150.0,-1.917645263671872,14.082354736328128,Leave_One_experiments/all_year_offline_schedule_search/daily_outputs/HLA/HLA_2017_HLA2017_normal_grid_S0014_daily.csv
HLA,HLA,Hailun,2017,Leave_One_experiments\wth_generated_qc\HLA\HLA2017.WTH,normal_year;nitrogen_stress_year;low_response_year,normal,HLA2017_normal_grid_S0014,pareto_balanced,2017-05-12,132,13,8,"{""sim_day"": 13.0, ""doy"": 132.0, ""topwt"": 0.0, ""grnwt"": 0.0, ""xlai"": 0.0, ""totir"": 0.0, ""tofer"": NaN, ""swfac"": 0.0, ""nstres"": 0.0}",0.0,0.0,0.0,0.0,0.0,0.0,,0.0,0.0,40.0,150.0,-1.917645263671872,14.082354736328128,Leave_One_experiments/all_year_offline_schedule_search/daily_outputs/HLA/HLA_2017_HLA2017_normal_grid_S0014_daily.csv
HLA,HLA,Hailun,2017,Leave_One_experiments\wth_generated_qc\HLA\HLA2017.WTH,normal_year;nitrogen_stress_year;low_response_year,normal,HLA2017_normal_grid_S0014,pareto_balanced,2017-05-13,133,14,9,"{""sim_day"": 14.0, ""doy"": 133.0, ""topwt"": 0.0, ""grnwt"": 0.0, ""xlai"": 0.0, ""totir"": 0.0, ""tofer"": NaN, ""swfac"": 0.0, ""nstres"": 0.0}",0.0,0.0,0.0,0.0,0.0,0.0,,0.0,0.0,40.0,150.0,-1.917645263671872,14.082354736328128,Leave_One_experiments/all_year_offline_schedule_search/daily_outputs/HLA/HLA_2017_HLA2017_normal_grid_S0014_daily.csv
HLA,HLA,Hailun,2017,Leave_One_experiments\wth_generated_qc\HLA\HLA2017.WTH,normal_year;nitrogen_stress_year;low_response_year,normal,HLA2017_normal_grid_S0014,pareto_balanced,2017-05-14,134,15,10,"{""sim_day"": 15.0, ""doy"": 134.0, ""topwt"": 0.0, ""grnwt"": 0.0, ""xlai"": 0.0, ""totir"": 0.0, ""tofer"": NaN, ""swfac"": 0.0, ""nstres"": 0.0}",0.0,0.0,0.0,0.0,0.0,0.0,,0.0,0.0,40.0,150.0,-1.917645263671872,14.082354736328128,Leave_One_experiments/all_year_offline_schedule_search/daily_outputs/HLA/HLA_2017_HLA2017_normal_grid_S0014_daily.csv
HLA,HLA,Hailun,2017,Leave_One_experiments\wth_generated_qc\HLA\HLA2017.WTH,normal_year;nitrogen_stress_year;low_response_year,normal,HLA2017_normal_grid_S0014,pareto_balanced,2017-05-15,135,16,11,"{""sim_day"": 16.0, ""doy"": 135.0, ""topwt"": 20.0, ""grnwt"": 0.0, ""xlai"": 0.0020113089121878, ""totir"": 0.0, ""tofer"": NaN, ""swfac"": 0.0, ""nstres"": 0.0121910572052001}",0.0,0.0121910572052001,20.0,0.0,0.0020113089121878,0.0,,0.0,0.0,40.0,150.0,-1.917645263671872,14.082354736328128,Leave_One_experiments/all_year_offline_schedule_search/daily_outputs/HLA/HLA_2017_HLA2017_normal_grid_S0014_daily.csv
HLA,HLA,Hailun,2017,Leave_One_experiments\wth_generated_qc\HLA\HLA2017.WTH,normal_year;nitrogen_stress_year;low_response_year,normal,HLA2017_normal_grid_S0014,pareto_balanced,2017-05-16,136,17,12,"{""sim_day"": 17.0, ""doy"": 136.0, ""topwt"": 20.0, ""grnwt"": 0.0, ""xlai"": 0.0044344994239509, ""totir"": 0.0, ""tofer"": NaN, ""swfac"": 0.0, ""nstres"": 0.0118839144706726}",0.0,0.0118839144706726,20.0,0.0,0.0044344994239509,0.0,,0.0,0.0,40.0,150.0,-1.917645263671872,14.082354736328128,Leave_One_experiments/all_year_offline_schedule_search/daily_outputs/HLA/HLA_2017_HLA2017_normal_grid_S0014_daily.csv
HLA,HLA,Hailun,2017,Leave_One_experiments\wth_generated_qc\HLA\HLA2017.WTH,normal_year;nitrogen_stress_year;low_response_year,normal,HLA2017_normal_grid_S0014,pareto_balanced,2017-05-17,137,18,13,"{""sim_day"": 18.0, ""doy"": 137.0, ""topwt"": 20.0, ""grnwt"": 0.0, ""xlai"": 0.0078978706151247, ""totir"": 0.0, ""tofer"": NaN, ""swfac"": 0.0, ""nstres"": 0.0054238438606262}",0.0,0.0054238438606262,20.0,0.0,0.0078978706151247,0.0,,0.0,0.0,40.0,150.0,-1.917645263671872,14.082354736328128,Leave_One_experiments/all_year_offline_schedule_search/daily_outputs/HLA/HLA_2017_HLA2017_normal_grid_S0014_daily.csv
HLA,HLA,Hailun,2017,Leave_One_experiments\wth_generated_qc\HLA\HLA2017.WTH,normal_year;nitrogen_stress_year;low_response_year,normal,HLA2017_normal_grid_S0014,pareto_balanced,2017-05-18,138,19,14,"{""sim_day"": 19.0, ""doy"": 138.0, ""topwt"": 20.0, ""grnwt"": 0.0, ""xlai"": 0.0109876366332173, ""totir"": 0.0, ""tofer"": NaN, ""swfac"": 0.0, ""nstres"": 0.0001026391983032}",0.0,0.0001026391983032,20.0,0.0,0.0109876366332173,0.0,,0.0,0.0,40.0,150.0,-1.917645263671872,14.082354736328128,Leave_One_experiments/all_year_offline_schedule_search/daily_outputs/HLA/HLA_2017_HLA2017_normal_grid_S0014_daily.csv
HLA,HLA,Hailun,2017,Leave_One_experiments\wth_generated_qc\HLA\HLA2017.WTH,normal_year;nitrogen_stress_year;low_response_year,normal,HLA2017_normal_grid_S0014,pareto_balanced,2017-05-19,139,20,15,"{""sim_day"": 20.0, ""doy"": 139.0, ""topwt"": 20.0, ""grnwt"": 0.0, ""xlai"": 0.0125163737684488, ""totir"": 0.0, ""tofer"": NaN, ""swfac"": 0.0, ""nstres"": 0.0}",0.0,0.0,20.0,0.0,0.0125163737684488,0.0,,0.0,0.0,40.0,150.0,-1.917645263671872,14.082354736328128,Leave_One_experiments/all_year_offline_schedule_search/daily_outputs/HLA/HLA_2017_HLA2017_normal_grid_S0014_daily.csv
HLA,HLA,Hailun,2017,Leave_One_experiments\wth_generated_qc\HLA\HLA2017.WTH,normal_year;nitrogen_stress_year;low_response_year,normal,HLA2017_normal_grid_S0014,pareto_balanced,2017-05-20,140,21,16,"{""sim_day"": 21.0, ""doy"": 140.0, ""topwt"": 20.0, ""grnwt"": 0.0, ""xlai"": 0.0137979919090867, ""totir"": 0.0, ""tofer"": NaN, ""swfac"": 0.0, ""nstres"": 0.0}",0.0,0.0,20.0,0.0,0.0137979919090867,0.0,,0.0,0.0,40.0,150.0,-1.917645263671872,14.082354736328128,Leave_One_experiments/all_year_offline_schedule_search/daily_outputs/HLA/HLA_2017_HLA2017_normal_grid_S0014_daily.csv
HLA,HLA,Hailun,2017,Leave_One_experiments\wth_generated_qc\HLA\HLA2017.WTH,normal_year;nitrogen_stress_year;low_response_year,normal,HLA2017_normal_grid_S0014,pareto_balanced,2017-05-21,141,22,17,"{""sim_day"": 22.0, ""doy"": 141.0, ""topwt"": 20.0, ""grnwt"": 0.0, ""xlai"": 0.0146729918196797, ""totir"": 0.0, ""tofer"": NaN, ""swfac"": 0.0, ""nstres"": 0.0}",0.0,0.0,20.0,0.0,0.0146729918196797,0.0,,0.0,0.0,40.0,150.0,-1.917645263671872,14.082354736328128,Leave_One_experiments/all_year_offline_schedule_search/daily_outputs/HLA/HLA_2017_HLA2017_normal_grid_S0014_daily.csv
HLA,HLA,Hailun,2017,Leave_One_experiments\wth_generated_qc\HLA\HLA2017.WTH,normal_year;nitrogen_stress_year;low_response_year,normal,HLA2017_normal_grid_S0014,pareto_balanced,2017-05-22,142,23,18,"{""sim_day"": 23.0, ""doy"": 142.0, ""topwt"": 20.0, ""grnwt"": 0.0, ""xlai"": 0.0175681300461292, ""totir"": 0.0, ""tofer"": NaN, ""swfac"": 0.0, ""nstres"": 0.0}",0.0,0.0,20.0,0.0,0.0175681300461292,0.0,,0.0,0.0,40.0,150.0,-1.917645263671872,14.082354736328128,Leave_One_experiments/all_year_offline_schedule_search/daily_outputs/HLA/HLA_2017_HLA2017_normal_grid_S0014_daily.csv
HLA,HLA,Hailun,2017,Leave_One_experiments\wth_generated_qc\HLA\HLA2017.WTH,normal_year;nitrogen_stress_year;low_response_year,normal,HLA2017_normal_grid_S0014,pareto_balanced,2017-05-23,143,24,19,"{""sim_day"": 24.0, ""doy"": 143.0, ""topwt"": 20.0, ""grnwt"": 0.0, ""xlai"": 0.0210804361850023, ""totir"": 0.0, ""tofer"": NaN, ""swfac"": 0.0, ""nstres"": 0.0}",0.0,0.0,20.0,0.0,0.0210804361850023,0.0,,0.0,0.0,40.0,150.0,-1.917645263671872,14.082354736328128,Leave_One_experiments/all_year_offline_schedule_search/daily_outputs/HLA/HLA_2017_HLA2017_normal_grid_S0014_daily.csv
HLA,HLA,Hailun,2017,Leave_One_experiments\wth_generated_qc\HLA\HLA2017.WTH,normal_year;nitrogen_stress_year;low_response_year,normal,HLA2017_normal_grid_S0014,pareto_balanced,2017-05-24,144,25,20,"{""sim_day"": 25.0, ""doy"": 144.0, ""topwt"": 20.0, ""grnwt"": 0.0, ""xlai"": 0.0206488985568285, ""totir"": 0.0, ""tofer"": NaN, ""swfac"": 0.0, ""nstres"": 0.0}",0.0,0.0,20.0,0.0,0.0206488985568285,0.0,,0.0,0.0,40.0,150.0,-1.917645263671872,14.082354736328128,Leave_One_experiments/all_year_offline_schedule_search/daily_outputs/HLA/HLA_2017_HLA2017_normal_grid_S0014_daily.csv
HLA,HLA,Hailun,2017,Leave_One_experiments\wth_generated_qc\HLA\HLA2017.WTH,normal_year;nitrogen_stress_year;low_response_year,normal,HLA2017_normal_grid_S0014,pareto_balanced,2017-05-25,145,26,21,"{""sim_day"": 26.0, ""doy"": 145.0, ""topwt"": 20.31656265258789, ""grnwt"": 0.0, ""xlai"": 0.0303981099277734, ""totir"": 0.0, ""tofer"": NaN, ""swfac"": 0.0, ""nstres"": 0.0}",0.0,0.0,20.31656265258789,0.0,0.0303981099277734,0.0,,0.0,0.0,40.0,150.0,-1.917645263671872,14.082354736328128,Leave_One_experiments/all_year_offline_schedule_search/daily_outputs/HLA/HLA_2017_HLA2017_normal_grid_S0014_daily.csv
HLA,HLA,Hailun,2017,Leave_One_experiments\wth_generated_qc\HLA\HLA2017.WTH,normal_year;nitrogen_stress_year;low_response_year,normal,HLA2017_normal_grid_S0014,pareto_balanced,2017-05-26,146,27,22,"{""sim_day"": 27.0, ""doy"": 146.0, ""topwt"": 25.55394172668457, ""grnwt"": 0.0, ""xlai"": 0.0442201271653175, ""totir"": 0.0, ""tofer"": NaN, ""swfac"": 0.0, ""nstres"": 0.0}",0.0,0.0,25.55394172668457,0.0,0.0442201271653175,0.0,,0.0,0.0,40.0,150.0,-1.917645263671872,14.082354736328128,Leave_One_experiments/all_year_offline_schedule_search/daily_outputs/HLA/HLA_2017_HLA2017_normal_grid_S0014_daily.csv
HLA,HLA,Hailun,2017,Leave_One_experiments\wth_generated_qc\HLA\HLA2017.WTH,normal_year;nitrogen_stress_year;low_response_year,normal,HLA2017_normal_grid_S0014,pareto_balanced,2017-05-27,147,28,23,"{""sim_day"": 28.0, ""doy"": 147.0, ""topwt"": 32.07650184631348, ""grnwt"": 0.0, ""xlai"": 0.0601898282766342, ""totir"": 0.0, ""tofer"": NaN, ""swfac"": 0.0, ""nstres"": 0.0}",0.0,0.0,32.07650184631348,0.0,0.0601898282766342,0.0,,0.0,0.0,40.0,150.0,-1.917645263671872,14.082354736328128,Leave_One_experiments/all_year_offline_schedule_search/daily_outputs/HLA/HLA_2017_HLA2017_normal_grid_S0014_daily.csv
HLA,HLA,Hailun,2017,Leave_One_experiments\wth_generated_qc\HLA\HLA2017.WTH,normal_year;nitrogen_stress_year;low_response_year,normal,HLA2017_normal_grid_S0014,pareto_balanced,2017-05-28,148,29,24,"{""sim_day"": 29.0, ""doy"": 148.0, ""topwt"": 36.807382106781006, ""grnwt"": 0.0, ""xlai"": 0.071176990866661, ""totir"": 0.0, ""tofer"": NaN, ""swfac"": 0.0, ""nstres"": 0.0}",0.0,0.0,36.807382106781006,0.0,0.071176990866661,0.0,,0.0,0.0,40.0,150.0,-1.917645263671872,14.082354736328128,Leave_One_experiments/all_year_offline_schedule_search/daily_outputs/HLA/HLA_2017_HLA2017_normal_grid_S0014_daily.csv
HLA,HLA,Hailun,2017,Leave_One_experiments\wth_generated_qc\HLA\HLA2017.WTH,normal_year;nitrogen_stress_year;low_response_year,normal,HLA2017_normal_grid_S0014,pareto_balanced,2017-05-29,149,30,25,"{""sim_day"": 30.0, ""doy"": 149.0, ""topwt"": 40.86074352264404, ""grnwt"": 0.0, ""xlai"": 0.0802850052714347, ""totir"": 0.0, ""tofer"": NaN, ""swfac"": 0.0, ""nstres"": 0.0}",0.0,0.0,40.86074352264404,0.0,0.0802850052714347,0.0,,0.0,0.0,40.0,150.0,-1.917645263671872,14.082354736328128,Leave_One_experiments/all_year_offline_schedule_search/daily_outputs/HLA/HLA_2017_HLA2017_normal_grid_S0014_daily.csv
HLA,HLA,Hailun,2017,Leave_One_experiments\wth_generated_qc\HLA\HLA2017.WTH,normal_year;nitrogen_stress_year;low_response_year,normal,HLA2017_normal_grid_S0014,pareto_balanced,2017-05-30,150,31,26,"{""sim_day"": 31.0, ""doy"": 150.0, ""topwt"": 44.78638648986816, ""grnwt"": 0.0, ""xlai"": 0.087601438164711, ""totir"": 0.0, ""tofer"": NaN, ""swfac"": 0.0, ""nstres"": 0.0}",0.0,0.0,44.78638648986816,0.0,0.087601438164711,0.0,,0.0,0.0,40.0,150.0,-1.917645263671872,14.082354736328128,Leave_One_experiments/all_year_offline_schedule_search/daily_outputs/HLA/HLA_2017_HLA2017_normal_grid_S0014_daily.csv
HLA,HLA,Hailun,2017,Leave_One_experiments\wth_generated_qc\HLA\HLA2017.WTH,normal_year;nitrogen_stress_year;low_response_year,normal,HLA2017_normal_grid_S0014,pareto_balanced,2017-05-31,151,32,27,"{""sim_day"": 32.0, ""doy"": 151.0, ""topwt"": 47.099857330322266, ""grnwt"": 0.0, ""xlai"": 0.0925765410065651, ""totir"": 0.0, ""tofer"": NaN, ""swfac"": 0.0, ""nstres"": 0.0}",0.0,0.0,47.099857330322266,0.0,0.0925765410065651,0.0,,0.0,0.0,40.0,150.0,-1.917645263671872,14.082354736328128,Leave_One_experiments/all_year_offline_schedule_search/daily_outputs/HLA/HLA_2017_HLA2017_normal_grid_S0014_daily.csv
HLA,HLA,Hailun,2017,Leave_One_experiments\wth_generated_qc\HLA\HLA2017.WTH,normal_year;nitrogen_stress_year;low_response_year,normal,HLA2017_normal_grid_S0014,pareto_balanced,2017-06-01,152,33,28,"{""sim_day"": 33.0, ""doy"": 152.0, ""topwt"": 49.22661304473877, ""grnwt"": 0.0, ""xlai"": 0.0970959067344665, ""totir"": 0.0, ""tofer"": NaN, ""swfac"": 0.0, ""nstres"": 0.0}",0.0,0.0,49.22661304473877,0.0,0.0970959067344665,0.0,,0.0,0.0,40.0,150.0,-1.917645263671872,14.082354736328128,Leave_One_experiments/all_year_offline_schedule_search/daily_outputs/HLA/HLA_2017_HLA2017_normal_grid_S0014_daily.csv
HLA,HLA,Hailun,2017,Leave_One_experiments\wth_generated_qc\HLA\HLA2017.WTH,normal_year;nitrogen_stress_year;low_response_year,normal,HLA2017_normal_grid_S0014,pareto_balanced,2017-06-02,153,34,29,"{""sim_day"": 34.0, ""doy"": 153.0, ""topwt"": 52.23278999328613, ""grnwt"": 0.0, ""xlai"": 0.1034019291400909, ""totir"": 0.0, ""tofer"": NaN, ""swfac"": 0.0, ""nstres"": 0.0}",0.0,0.0,52.23278999328613,0.0,0.1034019291400909,0.0,,0.0,0.0,40.0,150.0,-1.917645263671872,14.082354736328128,Leave_One_experiments/all_year_offline_schedule_search/daily_outputs/HLA/HLA_2017_HLA2017_normal_grid_S0014_daily.csv
HLA,HLA,Hailun,2017,Leave_One_experiments\wth_generated_qc\HLA\HLA2017.WTH,normal_year;nitrogen_stress_year;low_response_year,normal,HLA2017_normal_grid_S0014,pareto_balanced,2017-06-03,154,35,30,"{""sim_day"": 35.0, ""doy"": 154.0, ""topwt"": 57.64723300933838, ""grnwt"": 0.0, ""xlai"": 0.1145403161644935, ""totir"": 0.0, ""tofer"": NaN, ""swfac"": 0.0, ""nstres"": 0.0}",0.0,0.0,57.64723300933838,0.0,0.1145403161644935,0.0,,0.0,50.0,40.0,150.0,-1.917645263671872,14.082354736328128,Leave_One_experiments/all_year_offline_schedule_search/daily_outputs/HLA/HLA_2017_HLA2017_normal_grid_S0014_daily.csv
HLA,HLA,Hailun,2017,Leave_One_experiments\wth_generated_qc\HLA\HLA2017.WTH,normal_year;nitrogen_stress_year;low_response_year,normal,HLA2017_normal_grid_S0014,pareto_balanced,2017-06-04,155,36,31,"{""sim_day"": 36.0, ""doy"": 155.0, ""topwt"": 69.0281343460083, ""grnwt"": 0.0, ""xlai"": 0.1371738314628601, ""totir"": 0.0, ""tofer"": NaN, ""swfac"": 0.0, ""nstres"": 0.0}",0.0,0.0,69.0281343460083,0.0,0.1371738314628601,0.0,,0.0,0.0,40.0,150.0,-1.917645263671872,14.082354736328128,Leave_One_experiments/all_year_offline_schedule_search/daily_outputs/HLA/HLA_2017_HLA2017_normal_grid_S0014_daily.csv
HLA,HLA,Hailun,2017,Leave_One_experiments\wth_generated_qc\HLA\HLA2017.WTH,normal_year;nitrogen_stress_year;low_response_year,normal,HLA2017_normal_grid_S0014,pareto_balanced,2017-06-05,156,37,32,"{""sim_day"": 37.0, ""doy"": 156.0, ""topwt"": 82.84920692443848, ""grnwt"": 0.0, ""xlai"": 0.1635239273309707, ""totir"": 0.0, ""tofer"": NaN, ""swfac"": 0.0, ""nstres"": 0.0}",0.0,0.0,82.84920692443848,0.0,0.1635239273309707,0.0,,0.0,0.0,40.0,150.0,-1.917645263671872,14.082354736328128,Leave_One_experiments/all_year_offline_schedule_search/daily_outputs/HLA/HLA_2017_HLA2017_normal_grid_S0014_daily.csv
HLA,HLA,Hailun,2017,Leave_One_experiments\wth_generated_qc\HLA\HLA2017.WTH,normal_year;nitrogen_stress_year;low_response_year,normal,HLA2017_normal_grid_S0014,pareto_balanced,2017-06-06,157,38,33,"{""sim_day"": 38.0, ""doy"": 157.0, ""topwt"": 94.48892593383788, ""grnwt"": 0.0, ""xlai"": 0.1849453747272491, ""totir"": 0.0, ""tofer"": NaN, ""swfac"": 0.0, ""nstres"": 0.0}",0.0,0.0,94.48892593383788,0.0,0.1849453747272491,0.0,,0.0,0.0,40.0,150.0,-1.917645263671872,14.082354736328128,Leave_One_experiments/all_year_offline_schedule_search/daily_outputs/HLA/HLA_2017_HLA2017_normal_grid_S0014_daily.csv
HLA,HLA,Hailun,2017,Leave_One_experiments\wth_generated_qc\HLA\HLA2017.WTH,normal_year;nitrogen_stress_year;low_response_year,normal,HLA2017_normal_grid_S0014,pareto_balanced,2017-06-07,158,39,34,"{""sim_day"": 39.0, ""doy"": 158.0, ""topwt"": 106.50662422180176, ""grnwt"": 0.0, ""xlai"": 0.206453800201416, ""totir"": 0.0, ""tofer"": NaN, ""swfac"": 0.0, ""nstres"": 0.0}",0.0,0.0,106.50662422180176,0.0,0.206453800201416,0.0,,0.0,0.0,40.0,150.0,-1.917645263671872,14.082354736328128,Leave_One_experiments/all_year_offline_schedule_search/daily_outputs/HLA/HLA_2017_HLA2017_normal_grid_S0014_daily.csv
HLA,HLA,Hailun,2017,Leave_One_experiments\wth_generated_qc\HLA\HLA2017.WTH,normal_year;nitrogen_stress_year;low_response_year,normal,HLA2017_normal_grid_S0014,pareto_balanced,2017-06-08,159,40,35,"{""sim_day"": 40.0, ""doy"": 159.0, ""topwt"": 114.84615325927734, ""grnwt"": 0.0, ""xlai"": 0.2210649847984314, ""totir"": 0.0, ""tofer"": NaN, ""swfac"": 0.0, ""nstres"": 0.0}",0.0,0.0,114.84615325927734,0.0,0.2210649847984314,0.0,,0.0,0.0,40.0,150.0,-1.917645263671872,14.082354736328128,Leave_One_experiments/all_year_offline_schedule_search/daily_outputs/HLA/HLA_2017_HLA2017_normal_grid_S0014_daily.csv
HLA,HLA,Hailun,2017,Leave_One_experiments\wth_generated_qc\HLA\HLA2017.WTH,normal_year;nitrogen_stress_year;low_response_year,normal,HLA2017_normal_grid_S0014,pareto_balanced,2017-06-09,160,41,36,"{""sim_day"": 41.0, ""doy"": 160.0, ""topwt"": 123.401460647583, ""grnwt"": 0.0, ""xlai"": 0.2358157634735107, ""totir"": 0.0, ""tofer"": NaN, ""swfac"": 0.0, ""nstres"": 0.0}",0.0,0.0,123.401460647583,0.0,0.2358157634735107,0.0,,0.0,0.0,40.0,150.0,-1.917645263671872,14.082354736328128,Leave_One_experiments/all_year_offline_schedule_search/daily_outputs/HLA/HLA_2017_HLA2017_normal_grid_S0014_daily.csv
HLA,HLA,Hailun,2017,Leave_One_experiments\wth_generated_qc\HLA\HLA2017.WTH,normal_year;nitrogen_stress_year;low_response_year,normal,HLA2017_normal_grid_S0014,pareto_balanced,2017-06-10,161,42,37,"{""sim_day"": 42.0, ""doy"": 161.0, ""topwt"": 136.79343223571777, ""grnwt"": 0.0, ""xlai"": 0.2584706544876098, ""totir"": 0.0, ""tofer"": NaN, ""swfac"": 0.0, ""nstres"": 0.0}",0.0,0.0,136.79343223571777,0.0,0.2584706544876098,0.0,,0.0,0.0,40.0,150.0,-1.917645263671872,14.082354736328128,Leave_One_experiments/all_year_offline_schedule_search/daily_outputs/HLA/HLA_2017_HLA2017_normal_grid_S0014_daily.csv
HLA,HLA,Hailun,2017,Leave_One_experiments\wth_generated_qc\HLA\HLA2017.WTH,normal_year;nitrogen_stress_year;low_response_year,normal,HLA2017_normal_grid_S0014,pareto_balanced,2017-06-11,162,43,38,"{""sim_day"": 43.0, ""doy"": 162.0, ""topwt"": 146.04363441467285, ""grnwt"": 0.0, ""xlai"": 0.2921142280101776, ""totir"": 0.0, ""tofer"": NaN, ""swfac"": 0.0, ""nstres"": 0.0}",0.0,0.0,146.04363441467285,0.0,0.2921142280101776,0.0,,0.0,0.0,40.0,150.0,-1.917645263671872,14.082354736328128,Leave_One_experiments/all_year_offline_schedule_search/daily_outputs/HLA/HLA_2017_HLA2017_normal_grid_S0014_daily.csv
HLA,HLA,Hailun,2017,Leave_One_experiments\wth_generated_qc\HLA\HLA2017.WTH,normal_year;nitrogen_stress_year;low_response_year,normal,HLA2017_normal_grid_S0014,pareto_balanced,2017-06-12,163,44,39,"{""sim_day"": 44.0, ""doy"": 163.0, ""topwt"": 181.6356086730957, ""grnwt"": 0.0, ""xlai"": 0.3512139022350311, ""totir"": 0.0, ""tofer"": NaN, ""swfac"": 0.0, ""nstres"": 0.0045218467712402}",0.0,0.0045218467712402,181.6356086730957,0.0,0.3512139022350311,0.0,,0.0,0.0,40.0,150.0,-1.917645263671872,14.082354736328128,Leave_One_experiments/all_year_offline_schedule_search/daily_outputs/HLA/HLA_2017_HLA2017_normal_grid_S0014_daily.csv
HLA,HLA,Hailun,2017,Leave_One_experiments\wth_generated_qc\HLA\HLA2017.WTH,normal_year;nitrogen_stress_year;low_response_year,normal,HLA2017_normal_grid_S0014,pareto_balanced,2017-06-13,164,45,40,"{""sim_day"": 45.0, ""doy"": 164.0, ""topwt"": 220.5369758605957, ""grnwt"": 0.0, ""xlai"": 0.4129159450531006, ""totir"": 0.0, ""tofer"": NaN, ""swfac"": 0.0, ""nstres"": 0.0}",0.0,0.0,220.5369758605957,0.0,0.4129159450531006,0.0,,0.0,0.0,40.0,150.0,-1.917645263671872,14.082354736328128,Leave_One_experiments/all_year_offline_schedule_search/daily_outputs/HLA/HLA_2017_HLA2017_normal_grid_S0014_daily.csv
HLA,HLA,Hailun,2017,Leave_One_experiments\wth_generated_qc\HLA\HLA2017.WTH,normal_year;nitrogen_stress_year;low_response_year,normal,HLA2017_normal_grid_S0014,pareto_balanced,2017-06-14,165,46,41,"{""sim_day"": 46.0, ""doy"": 165.0, ""topwt"": 259.0688705444336, ""grnwt"": 0.0, ""xlai"": 0.4716790914535522, ""totir"": 0.0, ""tofer"": NaN, ""swfac"": 0.0, ""nstres"": 0.0}",0.0,0.0,259.0688705444336,0.0,0.4716790914535522,0.0,,0.0,0.0,40.0,150.0,-1.917645263671872,14.082354736328128,Leave_One_experiments/all_year_offline_schedule_search/daily_outputs/HLA/HLA_2017_HLA2017_normal_grid_S0014_daily.csv
HLA,HLA,Hailun,2017,Leave_One_experiments\wth_generated_qc\HLA\HLA2017.WTH,normal_year;nitrogen_stress_year;low_response_year,normal,HLA2017_normal_grid_S0014,pareto_balanced,2017-06-15,166,47,42,"{""sim_day"": 47.0, ""doy"": 166.0, ""topwt"": 303.9552497863769, ""grnwt"": 0.0, ""xlai"": 0.537749707698822, ""totir"": 0.0, ""tofer"": NaN, ""swfac"": 0.0, ""nstres"": 0.0}",0.0,0.0,303.9552497863769,0.0,0.537749707698822,0.0,,0.0,0.0,40.0,150.0,-1.917645263671872,14.082354736328128,Leave_One_experiments/all_year_offline_schedule_search/daily_outputs/HLA/HLA_2017_HLA2017_normal_grid_S0014_daily.csv
HLA,HLA,Hailun,2017,Leave_One_experiments\wth_generated_qc\HLA\HLA2017.WTH,normal_year;nitrogen_stress_year;low_response_year,normal,HLA2017_normal_grid_S0014,pareto_balanced,2017-06-16,167,48,43,"{""sim_day"": 48.0, ""doy"": 167.0, ""topwt"": 358.9266967773437, ""grnwt"": 0.0, ""xlai"": 0.6158085465431213, ""totir"": 0.0, ""tofer"": NaN, ""swfac"": 0.0, ""nstres"": 0.0}",0.0,0.0,358.9266967773437,0.0,0.6158085465431213,0.0,,0.0,0.0,40.0,150.0,-1.917645263671872,14.082354736328128,Leave_One_experiments/all_year_offline_schedule_search/daily_outputs/HLA/HLA_2017_HLA2017_normal_grid_S0014_daily.csv
HLA,HLA,Hailun,2017,Leave_One_experiments\wth_generated_qc\HLA\HLA2017.WTH,normal_year;nitrogen_stress_year;low_response_year,normal,HLA2017_normal_grid_S0014,pareto_balanced,2017-06-17,168,49,44,"{""sim_day"": 49.0, ""doy"": 168.0, ""topwt"": 399.23229217529297, ""grnwt"": 0.0, ""xlai"": 0.6713572144508362, ""totir"": 0.0, ""tofer"": NaN, ""swfac"": 0.0, ""nstres"": 0.0}",0.0,0.0,399.23229217529297,0.0,0.6713572144508362,0.0,,0.0,0.0,40.0,150.0,-1.917645263671872,14.082354736328128,Leave_One_experiments/all_year_offline_schedule_search/daily_outputs/HLA/HLA_2017_HLA2017_normal_grid_S0014_daily.csv
HLA,HLA,Hailun,2017,Leave_One_experiments\wth_generated_qc\HLA\HLA2017.WTH,normal_year;nitrogen_stress_year;low_response_year,normal,HLA2017_normal_grid_S0014,pareto_balanced,2017-06-18,169,50,45,"{""sim_day"": 50.0, ""doy"": 169.0, ""topwt"": 443.8796997070313, ""grnwt"": 0.0, ""xlai"": 0.7284306287765503, ""totir"": 0.0, ""tofer"": NaN, ""swfac"": 0.0, ""nstres"": 0.0}",0.0,0.0,443.8796997070313,0.0,0.7284306287765503,0.0,,0.0,0.0,40.0,150.0,-1.917645263671872,14.082354736328128,Leave_One_experiments/all_year_offline_schedule_search/daily_outputs/HLA/HLA_2017_HLA2017_normal_grid_S0014_daily.csv
HLA,HLA,Hailun,2017,Leave_One_experiments\wth_generated_qc\HLA\HLA2017.WTH,normal_year;nitrogen_stress_year;low_response_year,normal,HLA2017_normal_grid_S0014,pareto_balanced,2017-06-19,170,51,46,"{""sim_day"": 51.0, ""doy"": 170.0, ""topwt"": 481.2776184082031, ""grnwt"": 0.0, ""xlai"": 0.7796050310134888, ""totir"": 0.0, ""tofer"": NaN, ""swfac"": 0.0, ""nstres"": 0.0}",0.0,0.0,481.2776184082031,0.0,0.7796050310134888,0.0,,0.0,0.0,40.0,150.0,-1.917645263671872,14.082354736328128,Leave_One_experiments/all_year_offline_schedule_search/daily_outputs/HLA/HLA_2017_HLA2017_normal_grid_S0014_daily.csv
HLA,HLA,Hailun,2017,Leave_One_experiments\wth_generated_qc\HLA\HLA2017.WTH,normal_year;nitrogen_stress_year;low_response_year,normal,HLA2017_normal_grid_S0014,pareto_balanced,2017-06-20,171,52,47,"{""sim_day"": 52.0, ""doy"": 171.0, ""topwt"": 512.5222778320312, ""grnwt"": 0.0, ""xlai"": 0.821495771408081, ""totir"": 0.0, ""tofer"": NaN, ""swfac"": 0.0, ""nstres"": 0.0}",0.0,0.0,512.5222778320312,0.0,0.821495771408081,0.0,,0.0,0.0,40.0,150.0,-1.917645263671872,14.082354736328128,Leave_One_experiments/all_year_offline_schedule_search/daily_outputs/HLA/HLA_2017_HLA2017_normal_grid_S0014_daily.csv
HLA,HLA,Hailun,2017,Leave_One_experiments\wth_generated_qc\HLA\HLA2017.WTH,normal_year;nitrogen_stress_year;low_response_year,normal,HLA2017_normal_grid_S0014,pareto_balanced,2017-06-21,172,53,48,"{""sim_day"": 53.0, ""doy"": 172.0, ""topwt"": 564.4935607910156, ""grnwt"": 0.0, ""xlai"": 0.8892987966537476, ""totir"": 0.0, ""tofer"": NaN, ""swfac"": 0.0, ""nstres"": 0.0}",0.0,0.0,564.4935607910156,0.0,0.8892987966537476,0.0,,0.0,0.0,40.0,150.0,-1.917645263671872,14.082354736328128,Leave_One_experiments/all_year_offline_schedule_search/daily_outputs/HLA/HLA_2017_HLA2017_normal_grid_S0014_daily.csv
HLA,HLA,Hailun,2017,Leave_One_experiments\wth_generated_qc\HLA\HLA2017.WTH,normal_year;nitrogen_stress_year;low_response_year,normal,HLA2017_normal_grid_S0014,pareto_balanced,2017-06-22,173,54,49,"{""sim_day"": 54.0, ""doy"": 173.0, ""topwt"": 661.2840270996094, ""grnwt"": 0.0, ""xlai"": 1.0100760459899902, ""totir"": 0.0, ""tofer"": NaN, ""swfac"": 0.0, ""nstres"": 0.0}",0.0,0.0,661.2840270996094,0.0,1.0100760459899902,0.0,,0.0,0.0,40.0,150.0,-1.917645263671872,14.082354736328128,Leave_One_experiments/all_year_offline_schedule_search/daily_outputs/HLA/HLA_2017_HLA2017_normal_grid_S0014_daily.csv
HLA,HLA,Hailun,2017,Leave_One_experiments\wth_generated_qc\HLA\HLA2017.WTH,normal_year;nitrogen_stress_year;low_response_year,normal,HLA2017_normal_grid_S0014,pareto_balanced,2017-06-23,174,55,50,"{""sim_day"": 55.0, ""doy"": 174.0, ""topwt"": 770.3121948242188, ""grnwt"": 0.0, ""xlai"": 1.1386502981185913, ""totir"": 0.0, ""tofer"": NaN, ""swfac"": 0.0, ""nstres"": 0.0}",0.0,0.0,770.3121948242188,0.0,1.1386502981185913,0.0,,0.0,0.0,40.0,150.0,-1.917645263671872,14.082354736328128,Leave_One_experiments/all_year_offline_schedule_search/daily_outputs/HLA/HLA_2017_HLA2017_normal_grid_S0014_daily.csv
HLA,HLA,Hailun,2017,Leave_One_experiments\wth_generated_qc\HLA\HLA2017.WTH,normal_year;nitrogen_stress_year;low_response_year,normal,HLA2017_normal_grid_S0014,pareto_balanced,2017-06-24,175,56,51,"{""sim_day"": 56.0, ""doy"": 175.0, ""topwt"": 865.8149719238281, ""grnwt"": 0.0, ""xlai"": 1.245593547821045, ""totir"": 0.0, ""tofer"": NaN, ""swfac"": 0.0, ""nstres"": 0.0}",0.0,0.0,865.8149719238281,0.0,1.245593547821045,0.0,,0.0,0.0,40.0,150.0,-1.917645263671872,14.082354736328128,Leave_One_experiments/all_year_offline_schedule_search/daily_outputs/HLA/HLA_2017_HLA2017_normal_grid_S0014_daily.csv
HLA,HLA,Hailun,2017,Leave_One_experiments\wth_generated_qc\HLA\HLA2017.WTH,normal_year;nitrogen_stress_year;low_response_year,normal,HLA2017_normal_grid_S0014,pareto_balanced,2017-06-25,176,57,52,"{""sim_day"": 57.0, ""doy"": 176.0, ""topwt"": 974.9793243408204, ""grnwt"": 0.0, ""xlai"": 1.3613709211349487, ""totir"": 0.0, ""tofer"": NaN, ""swfac"": 0.0, ""nstres"": 0.0}",0.0,0.0,974.9793243408204,0.0,1.3613709211349487,0.0,,0.0,0.0,40.0,150.0,-1.917645263671872,14.082354736328128,Leave_One_experiments/all_year_offline_schedule_search/daily_outputs/HLA/HLA_2017_HLA2017_normal_grid_S0014_daily.csv
HLA,HLA,Hailun,2017,Leave_One_experiments\wth_generated_qc\HLA\HLA2017.WTH,normal_year;nitrogen_stress_year;low_response_year,normal,HLA2017_normal_grid_S0014,pareto_balanced,2017-06-26,177,58,53,"{""sim_day"": 58.0, ""doy"": 177.0, ""topwt"": 1102.5371551513672, ""grnwt"": 0.0, ""xlai"": 1.4885414838790894, ""totir"": 0.0, ""tofer"": NaN, ""swfac"": 0.0, ""nstres"": 0.0}",0.0,0.0,1102.5371551513672,0.0,1.4885414838790894,0.0,,0.0,0.0,40.0,150.0,-1.917645263671872,14.082354736328128,Leave_One_experiments/all_year_offline_schedule_search/daily_outputs/HLA/HLA_2017_HLA2017_normal_grid_S0014_daily.csv
HLA,HLA,Hailun,2017,Leave_One_experiments\wth_generated_qc\HLA\HLA2017.WTH,normal_year;nitrogen_stress_year;low_response_year,normal,HLA2017_normal_grid_S0014,pareto_balanced,2017-06-27,178,59,54,"{""sim_day"": 59.0, ""doy"": 178.0, ""topwt"": 1250.3678131103516, ""grnwt"": 0.0, ""xlai"": 1.6260212659835815, ""totir"": 0.0, ""tofer"": NaN, ""swfac"": 0.0, ""nstres"": 0.0}",0.0,0.0,1250.3678131103516,0.0,1.6260212659835815,0.0,,0.0,0.0,40.0,150.0,-1.917645263671872,14.082354736328128,Leave_One_experiments/all_year_offline_schedule_search/daily_outputs/HLA/HLA_2017_HLA2017_normal_grid_S0014_daily.csv
HLA,HLA,Hailun,2017,Leave_One_experiments\wth_generated_qc\HLA\HLA2017.WTH,normal_year;nitrogen_stress_year;low_response_year,normal,HLA2017_normal_grid_S0014,pareto_balanced,2017-06-28,179,60,55,"{""sim_day"": 60.0, ""doy"": 179.0, ""topwt"": 1401.8312072753906, ""grnwt"": 0.0, ""xlai"": 1.7573949098587036, ""totir"": 0.0, ""tofer"": NaN, ""swfac"": 0.0, ""nstres"": 0.0}",0.0,0.0,1401.8312072753906,0.0,1.7573949098587036,0.0,,0.0,0.0,40.0,150.0,-1.917645263671872,14.082354736328128,Leave_One_experiments/all_year_offline_schedule_search/daily_outputs/HLA/HLA_2017_HLA2017_normal_grid_S0014_daily.csv
HLA,HLA,Hailun,2017,Leave_One_experiments\wth_generated_qc\HLA\HLA2017.WTH,normal_year;nitrogen_stress_year;low_response_year,normal,HLA2017_normal_grid_S0014,pareto_balanced,2017-06-29,180,61,56,"{""sim_day"": 61.0, ""doy"": 180.0, ""topwt"": 1544.4183349609375, ""grnwt"": 0.0, ""xlai"": 1.873458743095398, ""totir"": 0.0, ""tofer"": NaN, ""swfac"": 0.0, ""nstres"": 0.0}",0.0,0.0,1544.4183349609375,0.0,1.873458743095398,0.0,,0.0,0.0,40.0,150.0,-1.917645263671872,14.082354736328128,Leave_One_experiments/all_year_offline_schedule_search/daily_outputs/HLA/HLA_2017_HLA2017_normal_grid_S0014_daily.csv
HLA,HLA,Hailun,2017,Leave_One_experiments\wth_generated_qc\HLA\HLA2017.WTH,normal_year;nitrogen_stress_year;low_response_year,normal,HLA2017_normal_grid_S0014,pareto_balanced,2017-06-30,181,62,57,"{""sim_day"": 62.0, ""doy"": 181.0, ""topwt"": 1691.3093566894531, ""grnwt"": 0.0, ""xlai"": 1.985891342163086, ""totir"": 0.0, ""tofer"": NaN, ""swfac"": 0.0, ""nstres"": 0.0}",0.0,0.0,1691.3093566894531,0.0,1.985891342163086,0.0,,0.0,0.0,40.0,150.0,-1.917645263671872,14.082354736328128,Leave_One_experiments/all_year_offline_schedule_search/daily_outputs/HLA/HLA_2017_HLA2017_normal_grid_S0014_daily.csv
HLA,HLA,Hailun,2017,Leave_One_experiments\wth_generated_qc\HLA\HLA2017.WTH,normal_year;nitrogen_stress_year;low_response_year,normal,HLA2017_normal_grid_S0014,pareto_balanced,2017-07-01,182,63,58,"{""sim_day"": 63.0, ""doy"": 182.0, ""topwt"": 1847.62451171875, ""grnwt"": 0.0, ""xlai"": 2.098353385925293, ""totir"": 0.0, ""tofer"": NaN, ""swfac"": 0.0, ""nstres"": 0.0}",0.0,0.0,1847.62451171875,0.0,2.098353385925293,0.0,,0.0,0.0,40.0,150.0,-1.917645263671872,14.082354736328128,Leave_One_experiments/all_year_offline_schedule_search/daily_outputs/HLA/HLA_2017_HLA2017_normal_grid_S0014_daily.csv
HLA,HLA,Hailun,2017,Leave_One_experiments\wth_generated_qc\HLA\HLA2017.WTH,normal_year;nitrogen_stress_year;low_response_year,normal,HLA2017_normal_grid_S0014,pareto_balanced,2017-07-02,183,64,59,"{""sim_day"": 64.0, ""doy"": 183.0, ""topwt"": 2045.29541015625, ""grnwt"": 0.0, ""xlai"": 2.230673789978028, ""totir"": 0.0, ""tofer"": NaN, ""swfac"": 0.0, ""nstres"": 0.0}",0.0,0.0,2045.29541015625,0.0,2.230673789978028,0.0,,0.0,0.0,40.0,150.0,-1.917645263671872,14.082354736328128,Leave_One_experiments/all_year_offline_schedule_search/daily_outputs/HLA/HLA_2017_HLA2017_normal_grid_S0014_daily.csv
HLA,HLA,Hailun,2017,Leave_One_experiments\wth_generated_qc\HLA\HLA2017.WTH,normal_year;nitrogen_stress_year;low_response_year,normal,HLA2017_normal_grid_S0014,pareto_balanced,2017-07-03,184,65,60,"{""sim_day"": 65.0, ""doy"": 184.0, ""topwt"": 2256.2863159179688, ""grnwt"": 0.0, ""xlai"": 2.36193323135376, ""totir"": 0.0, ""tofer"": NaN, ""swfac"": 0.0, ""nstres"": 0.0}",0.0,0.0,2256.2863159179688,0.0,2.36193323135376,0.0,,0.0,50.0,40.0,150.0,-1.917645263671872,14.082354736328128,Leave_One_experiments/all_year_offline_schedule_search/daily_outputs/HLA/HLA_2017_HLA2017_normal_grid_S0014_daily.csv
HLA,HLA,Hailun,2017,Leave_One_experiments\wth_generated_qc\HLA\HLA2017.WTH,normal_year;nitrogen_stress_year;low_response_year,normal,HLA2017_normal_grid_S0014,pareto_balanced,2017-07-04,185,66,61,"{""sim_day"": 66.0, ""doy"": 185.0, ""topwt"": 2508.8331604003906, ""grnwt"": 0.0, ""xlai"": 2.506958246231079, ""totir"": 0.0, ""tofer"": NaN, ""swfac"": 0.0, ""nstres"": 0.0}",0.0,0.0,2508.8331604003906,0.0,2.506958246231079,0.0,,0.0,0.0,40.0,150.0,-1.917645263671872,14.082354736328128,Leave_One_experiments/all_year_offline_schedule_search/daily_outputs/HLA/HLA_2017_HLA2017_normal_grid_S0014_daily.csv
HLA,HLA,Hailun,2017,Leave_One_experiments\wth_generated_qc\HLA\HLA2017.WTH,normal_year;nitrogen_stress_year;low_response_year,normal,HLA2017_normal_grid_S0014,pareto_balanced,2017-07-05,186,67,62,"{""sim_day"": 67.0, ""doy"": 186.0, ""topwt"": 2788.3273315429688, ""grnwt"": 0.0, ""xlai"": 2.654819965362549, ""totir"": 0.0, ""tofer"": NaN, ""swfac"": 0.0, ""nstres"": 0.0}",0.0,0.0,2788.3273315429688,0.0,2.654819965362549,0.0,,0.0,0.0,40.0,150.0,-1.917645263671872,14.082354736328128,Leave_One_experiments/all_year_offline_schedule_search/daily_outputs/HLA/HLA_2017_HLA2017_normal_grid_S0014_daily.csv
HLA,HLA,Hailun,2017,Leave_One_experiments\wth_generated_qc\HLA\HLA2017.WTH,normal_year;nitrogen_stress_year;low_response_year,normal,HLA2017_normal_grid_S0014,pareto_balanced,2017-07-06,187,68,63,"{""sim_day"": 68.0, ""doy"": 187.0, ""topwt"": 3094.896850585937, ""grnwt"": 0.0, ""xlai"": 2.804190158843994, ""totir"": 0.0, ""tofer"": NaN, ""swfac"": 0.0, ""nstres"": 0.0}",0.0,0.0,3094.896850585937,0.0,2.804190158843994,0.0,,0.0,0.0,40.0,150.0,-1.917645263671872,14.082354736328128,Leave_One_experiments/all_year_offline_schedule_search/daily_outputs/HLA/HLA_2017_HLA2017_normal_grid_S0014_daily.csv
HLA,HLA,Hailun,2017,Leave_One_experiments\wth_generated_qc\HLA\HLA2017.WTH,normal_year;nitrogen_stress_year;low_response_year,normal,HLA2017_normal_grid_S0014,pareto_balanced,2017-07-07,188,69,64,"{""sim_day"": 69.0, ""doy"": 188.0, ""topwt"": 3263.1109619140625, ""grnwt"": 0.0, ""xlai"": 2.8806660175323486, ""totir"": 0.0, ""tofer"": NaN, ""swfac"": 0.0, ""nstres"": 0.0}",0.0,0.0,3263.1109619140625,0.0,2.8806660175323486,0.0,,0.0,0.0,40.0,150.0,-1.917645263671872,14.082354736328128,Leave_One_experiments/all_year_offline_schedule_search/daily_outputs/HLA/HLA_2017_HLA2017_normal_grid_S0014_daily.csv
HLA,HLA,Hailun,2017,Leave_One_experiments\wth_generated_qc\HLA\HLA2017.WTH,normal_year;nitrogen_stress_year;low_response_year,normal,HLA2017_normal_grid_S0014,pareto_balanced,2017-07-08,189,70,65,"{""sim_day"": 70.0, ""doy"": 189.0, ""topwt"": 3533.7518310546875, ""grnwt"": 0.0, ""xlai"": 2.9957985877990723, ""totir"": 40.0, ""tofer"": NaN, ""swfac"": 0.0, ""nstres"": 0.0}",0.0,0.0,3533.7518310546875,0.0,2.9957985877990723,40.0,,40.0,0.0,40.0,150.0,-1.917645263671872,14.082354736328128,Leave_One_experiments/all_year_offline_schedule_search/daily_outputs/HLA/HLA_2017_HLA2017_normal_grid_S0014_daily.csv
HLA,HLA,Hailun,2017,Leave_One_experiments\wth_generated_qc\HLA\HLA2017.WTH,normal_year;nitrogen_stress_year;low_response_year,normal,HLA2017_normal_grid_S0014,pareto_balanced,2017-07-09,190,71,66,"{""sim_day"": 71.0, ""doy"": 190.0, ""topwt"": 3761.5032958984375, ""grnwt"": 0.0, ""xlai"": 3.146390438079834, ""totir"": 40.0, ""tofer"": NaN, ""swfac"": 0.0, ""nstres"": 0.0}",0.0,0.0,3761.5032958984375,0.0,3.146390438079834,40.0,,0.0,0.0,40.0,150.0,-1.917645263671872,14.082354736328128,Leave_One_experiments/all_year_offline_schedule_search/daily_outputs/HLA/HLA_2017_HLA2017_normal_grid_S0014_daily.csv
HLA,HLA,Hailun,2017,Leave_One_experiments\wth_generated_qc\HLA\HLA2017.WTH,normal_year;nitrogen_stress_year;low_response_year,normal,HLA2017_normal_grid_S0014,pareto_balanced,2017-07-10,191,72,67,"{""sim_day"": 72.0, ""doy"": 191.0, ""topwt"": 4063.130187988281, ""grnwt"": 0.0, ""xlai"": 3.28581166267395, ""totir"": 40.0, ""tofer"": NaN, ""swfac"": 0.0, ""nstres"": 0.0}",0.0,0.0,4063.130187988281,0.0,3.28581166267395,40.0,,0.0,0.0,40.0,150.0,-1.917645263671872,14.082354736328128,Leave_One_experiments/all_year_offline_schedule_search/daily_outputs/HLA/HLA_2017_HLA2017_normal_grid_S0014_daily.csv
HLA,HLA,Hailun,2017,Leave_One_experiments\wth_generated_qc\HLA\HLA2017.WTH,normal_year;nitrogen_stress_year;low_response_year,normal,HLA2017_normal_grid_S0014,pareto_balanced,2017-07-11,192,73,68,"{""sim_day"": 73.0, ""doy"": 192.0, ""topwt"": 4370.071716308594, ""grnwt"": 0.0, ""xlai"": 3.40662169456482, ""totir"": 40.0, ""tofer"": NaN, ""swfac"": 0.0, ""nstres"": 0.0}",0.0,0.0,4370.071716308594,0.0,3.40662169456482,40.0,,0.0,0.0,40.0,150.0,-1.917645263671872,14.082354736328128,Leave_One_experiments/all_year_offline_schedule_search/daily_outputs/HLA/HLA_2017_HLA2017_normal_grid_S0014_daily.csv
HLA,HLA,Hailun,2017,Leave_One_experiments\wth_generated_qc\HLA\HLA2017.WTH,normal_year;nitrogen_stress_year;low_response_year,normal,HLA2017_normal_grid_S0014,pareto_balanced,2017-07-12,193,74,69,"{""sim_day"": 74.0, ""doy"": 193.0, ""topwt"": 4695.306701660156, ""grnwt"": 0.0, ""xlai"": 3.5195257663726807, ""totir"": 40.0, ""tofer"": NaN, ""swfac"": 0.0, ""nstres"": 0.0}",0.0,0.0,4695.306701660156,0.0,3.5195257663726807,40.0,,0.0,0.0,40.0,150.0,-1.917645263671872,14.082354736328128,Leave_One_experiments/all_year_offline_schedule_search/daily_outputs/HLA/HLA_2017_HLA2017_normal_grid_S0014_daily.csv
HLA,HLA,Hailun,2017,Leave_One_experiments\wth_generated_qc\HLA\HLA2017.WTH,normal_year;nitrogen_stress_year;low_response_year,normal,HLA2017_normal_grid_S0014,pareto_balanced,2017-07-13,194,75,70,"{""sim_day"": 75.0, ""doy"": 194.0, ""topwt"": 4949.528198242188, ""grnwt"": 0.0, ""xlai"": 3.601010799407959, ""totir"": 40.0, ""tofer"": NaN, ""swfac"": 0.0, ""nstres"": 0.0}",0.0,0.0,4949.528198242188,0.0,3.601010799407959,40.0,,0.0,0.0,40.0,150.0,-1.917645263671872,14.082354736328128,Leave_One_experiments/all_year_offline_schedule_search/daily_outputs/HLA/HLA_2017_HLA2017_normal_grid_S0014_daily.csv
HLA,HLA,Hailun,2017,Leave_One_experiments\wth_generated_qc\HLA\HLA2017.WTH,normal_year;nitrogen_stress_year;low_response_year,normal,HLA2017_normal_grid_S0014,pareto_balanced,2017-07-14,195,76,71,"{""sim_day"": 76.0, ""doy"": 195.0, ""topwt"": 5216.165771484375, ""grnwt"": 0.0, ""xlai"": 3.6806132793426514, ""totir"": 40.0, ""tofer"": NaN, ""swfac"": 0.0, ""nstres"": 0.0}",0.0,0.0,5216.165771484375,0.0,3.6806132793426514,40.0,,0.0,0.0,40.0,150.0,-1.917645263671872,14.082354736328128,Leave_One_experiments/all_year_offline_schedule_search/daily_outputs/HLA/HLA_2017_HLA2017_normal_grid_S0014_daily.csv
HLA,HLA,Hailun,2017,Leave_One_experiments\wth_generated_qc\HLA\HLA2017.WTH,normal_year;nitrogen_stress_year;low_response_year,normal,HLA2017_normal_grid_S0014,pareto_balanced,2017-07-15,196,77,72,"{""sim_day"": 77.0, ""doy"": 196.0, ""topwt"": 5463.9337158203125, ""grnwt"": 0.0, ""xlai"": 3.750388622283936, ""totir"": 40.0, ""tofer"": NaN, ""swfac"": 0.0, ""nstres"": 0.0}",0.0,0.0,5463.9337158203125,0.0,3.750388622283936,40.0,,0.0,0.0,40.0,150.0,-1.917645263671872,14.082354736328128,Leave_One_experiments/all_year_offline_schedule_search/daily_outputs/HLA/HLA_2017_HLA2017_normal_grid_S0014_daily.csv
HLA,HLA,Hailun,2017,Leave_One_experiments\wth_generated_qc\HLA\HLA2017.WTH,normal_year;nitrogen_stress_year;low_response_year,normal,HLA2017_normal_grid_S0014,pareto_balanced,2017-07-16,197,78,73,"{""sim_day"": 78.0, ""doy"": 197.0, ""topwt"": 5724.4775390625, ""grnwt"": 0.0, ""xlai"": 3.81746506690979, ""totir"": 40.0, ""tofer"": NaN, ""swfac"": 0.0, ""nstres"": 0.0049746036529541}",0.0,0.0049746036529541,5724.4775390625,0.0,3.81746506690979,40.0,,0.0,0.0,40.0,150.0,-1.917645263671872,14.082354736328128,Leave_One_experiments/all_year_offline_schedule_search/daily_outputs/HLA/HLA_2017_HLA2017_normal_grid_S0014_daily.csv
HLA,HLA,Hailun,2017,Leave_One_experiments\wth_generated_qc\HLA\HLA2017.WTH,normal_year;nitrogen_stress_year;low_response_year,normal,HLA2017_normal_grid_S0014,pareto_balanced,2017-07-17,198,79,74,"{""sim_day"": 79.0, ""doy"": 198.0, ""topwt"": 5998.900146484375, ""grnwt"": 0.0, ""xlai"": 3.879427194595337, ""totir"": 40.0, ""tofer"": NaN, ""swfac"": 0.0, ""nstres"": 0.0152293443679809}",0.0,0.0152293443679809,5998.900146484375,0.0,3.879427194595337,40.0,,0.0,0.0,40.0,150.0,-1.917645263671872,14.082354736328128,Leave_One_experiments/all_year_offline_schedule_search/daily_outputs/HLA/HLA_2017_HLA2017_normal_grid_S0014_daily.csv
HLA,HLA,Hailun,2017,Leave_One_experiments\wth_generated_qc\HLA\HLA2017.WTH,normal_year;nitrogen_stress_year;low_response_year,normal,HLA2017_normal_grid_S0014,pareto_balanced,2017-07-18,199,80,75,"{""sim_day"": 80.0, ""doy"": 199.0, ""topwt"": 6200.737915039063, ""grnwt"": 0.0, ""xlai"": 3.91433048248291, ""totir"": 40.0, ""tofer"": NaN, ""swfac"": 0.0, ""nstres"": 0.0288108587265014}",0.0,0.0288108587265014,6200.737915039063,0.0,3.91433048248291,40.0,,0.0,0.0,40.0,150.0,-1.917645263671872,14.082354736328128,Leave_One_experiments/all_year_offline_schedule_search/daily_outputs/HLA/HLA_2017_HLA2017_normal_grid_S0014_daily.csv
HLA,HLA,Hailun,2017,Leave_One_experiments\wth_generated_qc\HLA\HLA2017.WTH,normal_year;nitrogen_stress_year;low_response_year,normal,HLA2017_normal_grid_S0014,pareto_balanced,2017-07-19,200,81,76,"{""sim_day"": 81.0, ""doy"": 200.0, ""topwt"": 6385.3076171875, ""grnwt"": 0.0, ""xlai"": 3.938742876052856, ""totir"": 40.0, ""tofer"": NaN, ""swfac"": 0.0, ""nstres"": 0.0411605238914489}",0.0,0.0411605238914489,6385.3076171875,0.0,3.938742876052856,40.0,,0.0,0.0,40.0,150.0,-1.917645263671872,14.082354736328128,Leave_One_experiments/all_year_offline_schedule_search/daily_outputs/HLA/HLA_2017_HLA2017_normal_grid_S0014_daily.csv
HLA,HLA,Hailun,2017,Leave_One_experiments\wth_generated_qc\HLA\HLA2017.WTH,normal_year;nitrogen_stress_year;low_response_year,normal,HLA2017_normal_grid_S0014,pareto_balanced,2017-07-20,201,82,77,"{""sim_day"": 82.0, ""doy"": 201.0, ""topwt"": 6559.84375, ""grnwt"": 0.0, ""xlai"": 3.959642171859741, ""totir"": 40.0, ""tofer"": NaN, ""swfac"": 0.0, ""nstres"": 0.0429893732070922}",0.0,0.0429893732070922,6559.84375,0.0,3.959642171859741,40.0,,0.0,0.0,40.0,150.0,-1.917645263671872,14.082354736328128,Leave_One_experiments/all_year_offline_schedule_search/daily_outputs/HLA/HLA_2017_HLA2017_normal_grid_S0014_daily.csv
HLA,HLA,Hailun,2017,Leave_One_experiments\wth_generated_qc\HLA\HLA2017.WTH,normal_year;nitrogen_stress_year;low_response_year,normal,HLA2017_normal_grid_S0014,pareto_balanced,2017-07-21,202,83,78,"{""sim_day"": 83.0, ""doy"": 202.0, ""topwt"": 6762.106323242188, ""grnwt"": 0.0, ""xlai"": 3.985828399658203, ""totir"": 40.0, ""tofer"": NaN, ""swfac"": 0.0, ""nstres"": 0.0455963015556335}",0.0,0.0455963015556335,6762.106323242188,0.0,3.985828399658203,40.0,,0.0,0.0,40.0,150.0,-1.917645263671872,14.082354736328128,Leave_One_experiments/all_year_offline_schedule_search/daily_outputs/HLA/HLA_2017_HLA2017_normal_grid_S0014_daily.csv
HLA,HLA,Hailun,2017,Leave_One_experiments\wth_generated_qc\HLA\HLA2017.WTH,normal_year;nitrogen_stress_year;low_response_year,normal,HLA2017_normal_grid_S0014,pareto_balanced,2017-07-22,203,84,79,"{""sim_day"": 84.0, ""doy"": 203.0, ""topwt"": 6974.1143798828125, ""grnwt"": 0.0, ""xlai"": 4.012773513793945, ""totir"": 40.0, ""tofer"": NaN, ""swfac"": 0.0, ""nstres"": 0.0483982563018798}",0.0,0.0483982563018798,6974.1143798828125,0.0,4.012773513793945,40.0,,0.0,0.0,40.0,150.0,-1.917645263671872,14.082354736328128,Leave_One_experiments/all_year_offline_schedule_search/daily_outputs/HLA/HLA_2017_HLA2017_normal_grid_S0014_daily.csv
HLA,HLA,Hailun,2017,Leave_One_experiments\wth_generated_qc\HLA\HLA2017.WTH,normal_year;nitrogen_stress_year;low_response_year,normal,HLA2017_normal_grid_S0014,pareto_balanced,2017-07-23,204,85,80,"{""sim_day"": 85.0, ""doy"": 204.0, ""topwt"": 7120.853271484375, ""grnwt"": 0.0, ""xlai"": 4.022462368011475, ""totir"": 40.0, ""tofer"": NaN, ""swfac"": 0.0, ""nstres"": 0.0508092045783996}",0.0,0.0508092045783996,7120.853271484375,0.0,4.022462368011475,40.0,,0.0,0.0,40.0,150.0,-1.917645263671872,14.082354736328128,Leave_One_experiments/all_year_offline_schedule_search/daily_outputs/HLA/HLA_2017_HLA2017_normal_grid_S0014_daily.csv
HLA,HLA,Hailun,2017,Leave_One_experiments\wth_generated_qc\HLA\HLA2017.WTH,normal_year;nitrogen_stress_year;low_response_year,normal,HLA2017_normal_grid_S0014,pareto_balanced,2017-07-24,205,86,81,"{""sim_day"": 86.0, ""doy"": 205.0, ""topwt"": 7255.5633544921875, ""grnwt"": 0.0, ""xlai"": 4.028787136077881, ""totir"": 40.0, ""tofer"": NaN, ""swfac"": 0.0, ""nstres"": 0.0515272617340087}",0.0,0.0515272617340087,7255.5633544921875,0.0,4.028787136077881,40.0,,0.0,0.0,40.0,150.0,-1.917645263671872,14.082354736328128,Leave_One_experiments/all_year_offline_schedule_search/daily_outputs/HLA/HLA_2017_HLA2017_normal_grid_S0014_daily.csv
HLA,HLA,Hailun,2017,Leave_One_experiments\wth_generated_qc\HLA\HLA2017.WTH,normal_year;nitrogen_stress_year;low_response_year,normal,HLA2017_normal_grid_S0014,pareto_balanced,2017-07-25,206,87,82,"{""sim_day"": 87.0, ""doy"": 206.0, ""topwt"": 7386.279907226562, ""grnwt"": 0.0, ""xlai"": 4.032378196716309, ""totir"": 40.0, ""tofer"": NaN, ""swfac"": 0.0, ""nstres"": 0.0548872947692871}",0.0,0.0548872947692871,7386.279907226562,0.0,4.032378196716309,40.0,,0.0,0.0,40.0,150.0,-1.917645263671872,14.082354736328128,Leave_One_experiments/all_year_offline_schedule_search/daily_outputs/HLA/HLA_2017_HLA2017_normal_grid_S0014_daily.csv
HLA,HLA,Hailun,2017,Leave_One_experiments\wth_generated_qc\HLA\HLA2017.WTH,normal_year;nitrogen_stress_year;low_response_year,normal,HLA2017_normal_grid_S0014,pareto_balanced,2017-07-26,207,88,83,"{""sim_day"": 88.0, ""doy"": 207.0, ""topwt"": 7522.966918945312, ""grnwt"": 0.0, ""xlai"": 4.003459453582764, ""totir"": 40.0, ""tofer"": NaN, ""swfac"": 0.0, ""nstres"": 0.0573736429214477}",0.0,0.0573736429214477,7522.966918945312,0.0,4.003459453582764,40.0,,0.0,0.0,40.0,150.0,-1.917645263671872,14.082354736328128,Leave_One_experiments/all_year_offline_schedule_search/daily_outputs/HLA/HLA_2017_HLA2017_normal_grid_S0014_daily.csv
HLA,HLA,Hailun,2017,Leave_One_experiments\wth_generated_qc\HLA\HLA2017.WTH,normal_year;nitrogen_stress_year;low_response_year,normal,HLA2017_normal_grid_S0014,pareto_balanced,2017-07-27,208,89,84,"{""sim_day"": 89.0, ""doy"": 208.0, ""topwt"": 7923.967895507812, ""grnwt"": 0.0, ""xlai"": 3.976666212081909, ""totir"": 40.0, ""tofer"": NaN, ""swfac"": 0.0, ""nstres"": 0.0535392165184021}",0.0,0.0535392165184021,7923.967895507812,0.0,3.976666212081909,40.0,,0.0,0.0,40.0,150.0,-1.917645263671872,14.082354736328128,Leave_One_experiments/all_year_offline_schedule_search/daily_outputs/HLA/HLA_2017_HLA2017_normal_grid_S0014_daily.csv
HLA,HLA,Hailun,2017,Leave_One_experiments\wth_generated_qc\HLA\HLA2017.WTH,normal_year;nitrogen_stress_year;low_response_year,normal,HLA2017_normal_grid_S0014,pareto_balanced,2017-07-28,209,90,85,"{""sim_day"": 90.0, ""doy"": 209.0, ""topwt"": 8314.07470703125, ""grnwt"": 0.0, ""xlai"": 3.9529623985290527, ""totir"": 40.0, ""tofer"": NaN, ""swfac"": 0.0, ""nstres"": 0.0476863384246826}",0.0,0.0476863384246826,8314.07470703125,0.0,3.9529623985290527,40.0,,0.0,0.0,40.0,150.0,-1.917645263671872,14.082354736328128,Leave_One_experiments/all_year_offline_schedule_search/daily_outputs/HLA/HLA_2017_HLA2017_normal_grid_S0014_daily.csv
HLA,HLA,Hailun,2017,Leave_One_experiments\wth_generated_qc\HLA\HLA2017.WTH,normal_year;nitrogen_stress_year;low_response_year,normal,HLA2017_normal_grid_S0014,pareto_balanced,2017-07-29,210,91,86,"{""sim_day"": 91.0, ""doy"": 210.0, ""topwt"": 8532.969970703125, ""grnwt"": 0.0, ""xlai"": 3.929083585739136, ""totir"": 40.0, ""tofer"": NaN, ""swfac"": 0.0, ""nstres"": 0.0483253002166748}",0.0,0.0483253002166748,8532.969970703125,0.0,3.929083585739136,40.0,,0.0,0.0,40.0,150.0,-1.917645263671872,14.082354736328128,Leave_One_experiments/all_year_offline_schedule_search/daily_outputs/HLA/HLA_2017_HLA2017_normal_grid_S0014_daily.csv
HLA,HLA,Hailun,2017,Leave_One_experiments\wth_generated_qc\HLA\HLA2017.WTH,normal_year;nitrogen_stress_year;low_response_year,normal,HLA2017_normal_grid_S0014,pareto_balanced,2017-07-30,211,92,87,"{""sim_day"": 92.0, ""doy"": 211.0, ""topwt"": 8843.067626953125, ""grnwt"": 0.0, ""xlai"": 3.906463861465454, ""totir"": 40.0, ""tofer"": NaN, ""swfac"": 0.0, ""nstres"": 0.0460562705993652}",0.0,0.0460562705993652,8843.067626953125,0.0,3.906463861465454,40.0,,0.0,0.0,40.0,150.0,-1.917645263671872,14.082354736328128,Leave_One_experiments/all_year_offline_schedule_search/daily_outputs/HLA/HLA_2017_HLA2017_normal_grid_S0014_daily.csv
HLA,HLA,Hailun,2017,Leave_One_experiments\wth_generated_qc\HLA\HLA2017.WTH,normal_year;nitrogen_stress_year;low_response_year,normal,HLA2017_normal_grid_S0014,pareto_balanced,2017-07-31,212,93,88,"{""sim_day"": 93.0, ""doy"": 212.0, ""topwt"": 8972.989501953125, ""grnwt"": 0.0, ""xlai"": 3.886621475219727, ""totir"": 40.0, ""tofer"": NaN, ""swfac"": 0.0, ""nstres"": 0.0406352281570434}",0.0,0.0406352281570434,8972.989501953125,0.0,3.886621475219727,40.0,,0.0,0.0,40.0,150.0,-1.917645263671872,14.082354736328128,Leave_One_experiments/all_year_offline_schedule_search/daily_outputs/HLA/HLA_2017_HLA2017_normal_grid_S0014_daily.csv
HLA,HLA,Hailun,2017,Leave_One_experiments\wth_generated_qc\HLA\HLA2017.WTH,normal_year;nitrogen_stress_year;low_response_year,normal,HLA2017_normal_grid_S0014,pareto_balanced,2017-08-01,213,94,89,"{""sim_day"": 94.0, ""doy"": 213.0, ""topwt"": 9031.591796875, ""grnwt"": 0.0, ""xlai"": 3.869193553924561, ""totir"": 40.0, ""tofer"": NaN, ""swfac"": 0.0, ""nstres"": 0.0358720421791076}",0.0,0.0358720421791076,9031.591796875,0.0,3.869193553924561,40.0,,0.0,0.0,40.0,150.0,-1.917645263671872,14.082354736328128,Leave_One_experiments/all_year_offline_schedule_search/daily_outputs/HLA/HLA_2017_HLA2017_normal_grid_S0014_daily.csv
HLA,HLA,Hailun,2017,Leave_One_experiments\wth_generated_qc\HLA\HLA2017.WTH,normal_year;nitrogen_stress_year;low_response_year,normal,HLA2017_normal_grid_S0014,pareto_balanced,2017-08-02,214,95,90,"{""sim_day"": 95.0, ""doy"": 214.0, ""topwt"": 9067.080078125, ""grnwt"": 0.0, ""xlai"": 3.856520652770996, ""totir"": 40.0, ""tofer"": NaN, ""swfac"": 0.0, ""nstres"": 0.0262023210525512}",0.0,0.0262023210525512,9067.080078125,0.0,3.856520652770996,40.0,,0.0,0.0,40.0,150.0,-1.917645263671872,14.082354736328128,Leave_One_experiments/all_year_offline_schedule_search/daily_outputs/HLA/HLA_2017_HLA2017_normal_grid_S0014_daily.csv
HLA,HLA,Hailun,2017,Leave_One_experiments\wth_generated_qc\HLA\HLA2017.WTH,normal_year;nitrogen_stress_year;low_response_year,normal,HLA2017_normal_grid_S0014,pareto_balanced,2017-08-03,215,96,91,"{""sim_day"": 96.0, ""doy"": 215.0, ""topwt"": 9226.72119140625, ""grnwt"": 0.0, ""xlai"": 3.850054264068604, ""totir"": 40.0, ""tofer"": NaN, ""swfac"": 0.0, ""nstres"": 0.0134143233299255}",0.0,0.0134143233299255,9226.72119140625,0.0,3.850054264068604,40.0,,0.0,0.0,40.0,150.0,-1.917645263671872,14.082354736328128,Leave_One_experiments/all_year_offline_schedule_search/daily_outputs/HLA/HLA_2017_HLA2017_normal_grid_S0014_daily.csv
HLA,HLA,Hailun,2017,Leave_One_experiments\wth_generated_qc\HLA\HLA2017.WTH,normal_year;nitrogen_stress_year;low_response_year,normal,HLA2017_normal_grid_S0014,pareto_balanced,2017-08-04,216,97,92,"{""sim_day"": 97.0, ""doy"": 216.0, ""topwt"": 9480.77392578125, ""grnwt"": 0.0, ""xlai"": 3.850054264068604, ""totir"": 40.0, ""tofer"": NaN, ""swfac"": 0.0, ""nstres"": 0.0}",0.0,0.0,9480.77392578125,0.0,3.850054264068604,40.0,,0.0,0.0,40.0,150.0,-1.917645263671872,14.082354736328128,Leave_One_experiments/all_year_offline_schedule_search/daily_outputs/HLA/HLA_2017_HLA2017_normal_grid_S0014_daily.csv
HLA,HLA,Hailun,2017,Leave_One_experiments\wth_generated_qc\HLA\HLA2017.WTH,normal_year;nitrogen_stress_year;low_response_year,normal,HLA2017_normal_grid_S0014,pareto_balanced,2017-08-05,217,98,93,"{""sim_day"": 98.0, ""doy"": 217.0, ""topwt"": 9698.535766601562, ""grnwt"": 0.0, ""xlai"": 3.850054264068604, ""totir"": 40.0, ""tofer"": NaN, ""swfac"": 0.0, ""nstres"": 0.0}",0.0,0.0,9698.535766601562,0.0,3.850054264068604,40.0,,0.0,0.0,40.0,150.0,-1.917645263671872,14.082354736328128,Leave_One_experiments/all_year_offline_schedule_search/daily_outputs/HLA/HLA_2017_HLA2017_normal_grid_S0014_daily.csv
HLA,HLA,Hailun,2017,Leave_One_experiments\wth_generated_qc\HLA\HLA2017.WTH,normal_year;nitrogen_stress_year;low_response_year,normal,HLA2017_normal_grid_S0014,pareto_balanced,2017-08-06,218,99,94,"{""sim_day"": 99.0, ""doy"": 218.0, ""topwt"": 9829.06494140625, ""grnwt"": 132.48916625976562, ""xlai"": 3.777877569198608, ""totir"": 40.0, ""tofer"": NaN, ""swfac"": 0.0, ""nstres"": 0.0}",0.0,0.0,9829.06494140625,132.48916625976562,3.777877569198608,40.0,,0.0,0.0,40.0,150.0,-1.917645263671872,14.082354736328128,Leave_One_experiments/all_year_offline_schedule_search/daily_outputs/HLA/HLA_2017_HLA2017_normal_grid_S0014_daily.csv
HLA,HLA,Hailun,2017,Leave_One_experiments\wth_generated_qc\HLA\HLA2017.WTH,normal_year;nitrogen_stress_year;low_response_year,normal,HLA2017_normal_grid_S0014,pareto_balanced,2017-08-07,219,100,95,"{""sim_day"": 100.0, ""doy"": 219.0, ""topwt"": 9963.514404296877, ""grnwt"": 264.97833251953125, ""xlai"": 3.766226053237915, ""totir"": 40.0, ""tofer"": NaN, ""swfac"": 0.0, ""nstres"": 0.0}",0.0,0.0,9963.514404296877,264.97833251953125,3.766226053237915,40.0,,0.0,0.0,40.0,150.0,-1.917645263671872,14.082354736328128,Leave_One_experiments/all_year_offline_schedule_search/daily_outputs/HLA/HLA_2017_HLA2017_normal_grid_S0014_daily.csv
HLA,HLA,Hailun,2017,Leave_One_experiments\wth_generated_qc\HLA\HLA2017.WTH,normal_year;nitrogen_stress_year;low_response_year,normal,HLA2017_normal_grid_S0014,pareto_balanced,2017-08-08,220,101,96,"{""sim_day"": 101.0, ""doy"": 220.0, ""topwt"": 10096.00341796875, ""grnwt"": 397.4674987792969, ""xlai"": 3.7512295246124263, ""totir"": 40.0, ""tofer"": NaN, ""swfac"": 0.0, ""nstres"": 0.0}",0.0,0.0,10096.00341796875,397.4674987792969,3.7512295246124263,40.0,,0.0,0.0,40.0,150.0,-1.917645263671872,14.082354736328128,Leave_One_experiments/all_year_offline_schedule_search/daily_outputs/HLA/HLA_2017_HLA2017_normal_grid_S0014_daily.csv
HLA,HLA,Hailun,2017,Leave_One_experiments\wth_generated_qc\HLA\HLA2017.WTH,normal_year;nitrogen_stress_year;low_response_year,normal,HLA2017_normal_grid_S0014,pareto_balanced,2017-08-09,221,102,97,"{""sim_day"": 102.0, ""doy"": 221.0, ""topwt"": 10228.492431640623, ""grnwt"": 529.9566650390625, ""xlai"": 3.7323033809661865, ""totir"": 40.0, ""tofer"": NaN, ""swfac"": 0.0, ""nstres"": 0.0}",0.0,0.0,10228.492431640623,529.9566650390625,3.7323033809661865,40.0,,0.0,0.0,40.0,150.0,-1.917645263671872,14.082354736328128,Leave_One_experiments/all_year_offline_schedule_search/daily_outputs/HLA/HLA_2017_HLA2017_normal_grid_S0014_daily.csv
HLA,HLA,Hailun,2017,Leave_One_experiments\wth_generated_qc\HLA\HLA2017.WTH,normal_year;nitrogen_stress_year;low_response_year,normal,HLA2017_normal_grid_S0014,pareto_balanced,2017-08-10,222,103,98,"{""sim_day"": 103.0, ""doy"": 222.0, ""topwt"": 10360.9814453125, ""grnwt"": 662.4458312988281, ""xlai"": 3.711812734603882, ""totir"": 40.0, ""tofer"": NaN, ""swfac"": 0.0, ""nstres"": 0.0}",0.0,0.0,10360.9814453125,662.4458312988281,3.711812734603882,40.0,,0.0,0.0,40.0,150.0,-1.917645263671872,14.082354736328128,Leave_One_experiments/all_year_offline_schedule_search/daily_outputs/HLA/HLA_2017_HLA2017_normal_grid_S0014_daily.csv
HLA,HLA,Hailun,2017,Leave_One_experiments\wth_generated_qc\HLA\HLA2017.WTH,normal_year;nitrogen_stress_year;low_response_year,normal,HLA2017_normal_grid_S0014,pareto_balanced,2017-08-11,223,104,99,"{""sim_day"": 104.0, ""doy"": 223.0, ""topwt"": 10493.470458984377, ""grnwt"": 794.9349975585938, ""xlai"": 3.6875545978546143, ""totir"": 40.0, ""tofer"": NaN, ""swfac"": 0.0, ""nstres"": 0.0}",0.0,0.0,10493.470458984377,794.9349975585938,3.6875545978546143,40.0,,0.0,0.0,40.0,150.0,-1.917645263671872,14.082354736328128,Leave_One_experiments/all_year_offline_schedule_search/daily_outputs/HLA/HLA_2017_HLA2017_normal_grid_S0014_daily.csv
HLA,HLA,Hailun,2017,Leave_One_experiments\wth_generated_qc\HLA\HLA2017.WTH,normal_year;nitrogen_stress_year;low_response_year,normal,HLA2017_normal_grid_S0014,pareto_balanced,2017-08-12,224,105,100,"{""sim_day"": 105.0, ""doy"": 224.0, ""topwt"": 10625.95947265625, ""grnwt"": 927.4241638183594, ""xlai"": 3.658225297927856, ""totir"": 40.0, ""tofer"": NaN, ""swfac"": 0.0, ""nstres"": 0.0}",0.0,0.0,10625.95947265625,927.4241638183594,3.658225297927856,40.0,,0.0,0.0,40.0,150.0,-1.917645263671872,14.082354736328128,Leave_One_experiments/all_year_offline_schedule_search/daily_outputs/HLA/HLA_2017_HLA2017_normal_grid_S0014_daily.csv
HLA,HLA,Hailun,2017,Leave_One_experiments\wth_generated_qc\HLA\HLA2017.WTH,normal_year;nitrogen_stress_year;low_response_year,normal,HLA2017_normal_grid_S0014,pareto_balanced,2017-08-13,225,106,101,"{""sim_day"": 106.0, ""doy"": 225.0, ""topwt"": 10758.448486328123, ""grnwt"": 1059.913330078125, ""xlai"": 3.62506914138794, ""totir"": 40.0, ""tofer"": NaN, ""swfac"": 0.0, ""nstres"": 0.0}",0.0,0.0,10758.448486328123,1059.913330078125,3.62506914138794,40.0,,0.0,0.0,40.0,150.0,-1.917645263671872,14.082354736328128,Leave_One_experiments/all_year_offline_schedule_search/daily_outputs/HLA/HLA_2017_HLA2017_normal_grid_S0014_daily.csv
HLA,HLA,Hailun,2017,Leave_One_experiments\wth_generated_qc\HLA\HLA2017.WTH,normal_year;nitrogen_stress_year;low_response_year,normal,HLA2017_normal_grid_S0014,pareto_balanced,2017-08-14,226,107,102,"{""sim_day"": 107.0, ""doy"": 226.0, ""topwt"": 10890.9375, ""grnwt"": 1192.402572631836, ""xlai"": 3.5906333923339844, ""totir"": 40.0, ""tofer"": NaN, ""swfac"": 0.0, ""nstres"": 0.0}",0.0,0.0,10890.9375,1192.402572631836,3.5906333923339844,40.0,,0.0,0.0,40.0,150.0,-1.917645263671872,14.082354736328128,Leave_One_experiments/all_year_offline_schedule_search/daily_outputs/HLA/HLA_2017_HLA2017_normal_grid_S0014_daily.csv
HLA,HLA,Hailun,2017,Leave_One_experiments\wth_generated_qc\HLA\HLA2017.WTH,normal_year;nitrogen_stress_year;low_response_year,normal,HLA2017_normal_grid_S0014,pareto_balanced,2017-08-15,227,108,103,"{""sim_day"": 108.0, ""doy"": 227.0, ""topwt"": 11023.426513671877, ""grnwt"": 1324.8918151855469, ""xlai"": 3.549916982650757, ""totir"": 40.0, ""tofer"": NaN, ""swfac"": 0.0, ""nstres"": 0.0}",0.0,0.0,11023.426513671877,1324.8918151855469,3.549916982650757,40.0,,0.0,0.0,40.0,150.0,-1.917645263671872,14.082354736328128,Leave_One_experiments/all_year_offline_schedule_search/daily_outputs/HLA/HLA_2017_HLA2017_normal_grid_S0014_daily.csv
HLA,HLA,Hailun,2017,Leave_One_experiments\wth_generated_qc\HLA\HLA2017.WTH,normal_year;nitrogen_stress_year;low_response_year,normal,HLA2017_normal_grid_S0014,pareto_balanced,2017-08-16,228,109,104,"{""sim_day"": 109.0, ""doy"": 228.0, ""topwt"": 11155.91552734375, ""grnwt"": 1457.3809814453125, ""xlai"": 3.5085253715515137, ""totir"": 40.0, ""tofer"": NaN, ""swfac"": 0.0, ""nstres"": 0.0}",0.0,0.0,11155.91552734375,1457.3809814453125,3.5085253715515137,40.0,,0.0,0.0,40.0,150.0,-1.917645263671872,14.082354736328128,Leave_One_experiments/all_year_offline_schedule_search/daily_outputs/HLA/HLA_2017_HLA2017_normal_grid_S0014_daily.csv
HLA,HLA,Hailun,2017,Leave_One_experiments\wth_generated_qc\HLA\HLA2017.WTH,normal_year;nitrogen_stress_year;low_response_year,normal,HLA2017_normal_grid_S0014,pareto_balanced,2017-08-17,229,110,105,"{""sim_day"": 110.0, ""doy"": 229.0, ""topwt"": 11288.404541015623, ""grnwt"": 1589.870147705078, ""xlai"": 3.464594841003418, ""totir"": 40.0, ""tofer"": NaN, ""swfac"": 0.0, ""nstres"": 0.0}",0.0,0.0,11288.404541015623,1589.870147705078,3.464594841003418,40.0,,0.0,0.0,40.0,150.0,-1.917645263671872,14.082354736328128,Leave_One_experiments/all_year_offline_schedule_search/daily_outputs/HLA/HLA_2017_HLA2017_normal_grid_S0014_daily.csv
HLA,HLA,Hailun,2017,Leave_One_experiments\wth_generated_qc\HLA\HLA2017.WTH,normal_year;nitrogen_stress_year;low_response_year,normal,HLA2017_normal_grid_S0014,pareto_balanced,2017-08-18,230,111,106,"{""sim_day"": 111.0, ""doy"": 230.0, ""topwt"": 11420.8935546875, ""grnwt"": 1722.3593139648438, ""xlai"": 3.417108058929444, ""totir"": 40.0, ""tofer"": NaN, ""swfac"": 0.0, ""nstres"": 0.0}",0.0,0.0,11420.8935546875,1722.3593139648438,3.417108058929444,40.0,,0.0,0.0,40.0,150.0,-1.917645263671872,14.082354736328128,Leave_One_experiments/all_year_offline_schedule_search/daily_outputs/HLA/HLA_2017_HLA2017_normal_grid_S0014_daily.csv
HLA,HLA,Hailun,2017,Leave_One_experiments\wth_generated_qc\HLA\HLA2017.WTH,normal_year;nitrogen_stress_year;low_response_year,normal,HLA2017_normal_grid_S0014,pareto_balanced,2017-08-19,231,112,107,"{""sim_day"": 112.0, ""doy"": 231.0, ""topwt"": 11553.382568359377, ""grnwt"": 1854.8484802246091, ""xlai"": 3.361665964126587, ""totir"": 40.0, ""tofer"": NaN, ""swfac"": 0.0, ""nstres"": 0.0}",0.0,0.0,11553.382568359377,1854.8484802246091,3.361665964126587,40.0,,0.0,0.0,40.0,150.0,-1.917645263671872,14.082354736328128,Leave_One_experiments/all_year_offline_schedule_search/daily_outputs/HLA/HLA_2017_HLA2017_normal_grid_S0014_daily.csv
HLA,HLA,Hailun,2017,Leave_One_experiments\wth_generated_qc\HLA\HLA2017.WTH,normal_year;nitrogen_stress_year;low_response_year,normal,HLA2017_normal_grid_S0014,pareto_balanced,2017-08-20,232,113,108,"{""sim_day"": 113.0, ""doy"": 232.0, ""topwt"": 11685.87158203125, ""grnwt"": 1987.337646484375, ""xlai"": 3.296891689300537, ""totir"": 40.0, ""tofer"": NaN, ""swfac"": 0.0, ""nstres"": 0.0}",0.0,0.0,11685.87158203125,1987.337646484375,3.296891689300537,40.0,,0.0,0.0,40.0,150.0,-1.917645263671872,14.082354736328128,Leave_One_experiments/all_year_offline_schedule_search/daily_outputs/HLA/HLA_2017_HLA2017_normal_grid_S0014_daily.csv
HLA,HLA,Hailun,2017,Leave_One_experiments\wth_generated_qc\HLA\HLA2017.WTH,normal_year;nitrogen_stress_year;low_response_year,normal,HLA2017_normal_grid_S0014,pareto_balanced,2017-08-21,233,114,109,"{""sim_day"": 114.0, ""doy"": 233.0, ""topwt"": 11818.360595703123, ""grnwt"": 2119.8269653320312, ""xlai"": 3.2411818504333496, ""totir"": 40.0, ""tofer"": NaN, ""swfac"": 0.0, ""nstres"": 0.0}",0.0,0.0,11818.360595703123,2119.8269653320312,3.2411818504333496,40.0,,0.0,0.0,40.0,150.0,-1.917645263671872,14.082354736328128,Leave_One_experiments/all_year_offline_schedule_search/daily_outputs/HLA/HLA_2017_HLA2017_normal_grid_S0014_daily.csv
HLA,HLA,Hailun,2017,Leave_One_experiments\wth_generated_qc\HLA\HLA2017.WTH,normal_year;nitrogen_stress_year;low_response_year,normal,HLA2017_normal_grid_S0014,pareto_balanced,2017-08-22,234,115,110,"{""sim_day"": 115.0, ""doy"": 234.0, ""topwt"": 11950.849609375, ""grnwt"": 2252.316131591797, ""xlai"": 3.191476583480835, ""totir"": 40.0, ""tofer"": NaN, ""swfac"": 0.0, ""nstres"": 0.0029325485229492}",0.0,0.0029325485229492,11950.849609375,2252.316131591797,3.191476583480835,40.0,,0.0,0.0,40.0,150.0,-1.917645263671872,14.082354736328128,Leave_One_experiments/all_year_offline_schedule_search/daily_outputs/HLA/HLA_2017_HLA2017_normal_grid_S0014_daily.csv
HLA,HLA,Hailun,2017,Leave_One_experiments\wth_generated_qc\HLA\HLA2017.WTH,normal_year;nitrogen_stress_year;low_response_year,normal,HLA2017_normal_grid_S0014,pareto_balanced,2017-08-23,235,116,111,"{""sim_day"": 116.0, ""doy"": 235.0, ""topwt"": 12083.338623046877, ""grnwt"": 2384.8052978515625, ""xlai"": 3.1446361541748047, ""totir"": 40.0, ""tofer"": NaN, ""swfac"": 0.0, ""nstres"": 0.0116112828254699}",0.0,0.0116112828254699,12083.338623046877,2384.8052978515625,3.1446361541748047,40.0,,0.0,0.0,40.0,150.0,-1.917645263671872,14.082354736328128,Leave_One_experiments/all_year_offline_schedule_search/daily_outputs/HLA/HLA_2017_HLA2017_normal_grid_S0014_daily.csv
HLA,HLA,Hailun,2017,Leave_One_experiments\wth_generated_qc\HLA\HLA2017.WTH,normal_year;nitrogen_stress_year;low_response_year,normal,HLA2017_normal_grid_S0014,pareto_balanced,2017-08-24,236,117,112,"{""sim_day"": 117.0, ""doy"": 236.0, ""topwt"": 12196.26953125, ""grnwt"": 2497.7365112304688, ""xlai"": 3.112744092941284, ""totir"": 40.0, ""tofer"": NaN, ""swfac"": 0.0, ""nstres"": 0.0232108831405639}",0.0,0.0232108831405639,12196.26953125,2497.7365112304688,3.112744092941284,40.0,,0.0,0.0,40.0,150.0,-1.917645263671872,14.082354736328128,Leave_One_experiments/all_year_offline_schedule_search/daily_outputs/HLA/HLA_2017_HLA2017_normal_grid_S0014_daily.csv
HLA,HLA,Hailun,2017,Leave_One_experiments\wth_generated_qc\HLA\HLA2017.WTH,normal_year;nitrogen_stress_year;low_response_year,normal,HLA2017_normal_grid_S0014,pareto_balanced,2017-08-25,237,118,113,"{""sim_day"": 118.0, ""doy"": 237.0, ""topwt"": 12325.604248046877, ""grnwt"": 2627.071228027344, ""xlai"": 3.073122501373291, ""totir"": 40.0, ""tofer"": NaN, ""swfac"": 0.0, ""nstres"": 0.0313063263893127}",0.0,0.0313063263893127,12325.604248046877,2627.071228027344,3.073122501373291,40.0,,0.0,0.0,40.0,150.0,-1.917645263671872,14.082354736328128,Leave_One_experiments/all_year_offline_schedule_search/daily_outputs/HLA/HLA_2017_HLA2017_normal_grid_S0014_daily.csv
HLA,HLA,Hailun,2017,Leave_One_experiments\wth_generated_qc\HLA\HLA2017.WTH,normal_year;nitrogen_stress_year;low_response_year,normal,HLA2017_normal_grid_S0014,pareto_balanced,2017-08-26,238,119,114,"{""sim_day"": 119.0, ""doy"": 238.0, ""topwt"": 12458.09326171875, ""grnwt"": 2759.560546875, ""xlai"": 3.016585111618042, ""totir"": 40.0, ""tofer"": NaN, ""swfac"": 0.0, ""nstres"": 0.0393617153167724}",0.0,0.0393617153167724,12458.09326171875,2759.560546875,3.016585111618042,40.0,,0.0,0.0,40.0,150.0,-1.917645263671872,14.082354736328128,Leave_One_experiments/all_year_offline_schedule_search/daily_outputs/HLA/HLA_2017_HLA2017_normal_grid_S0014_daily.csv
HLA,HLA,Hailun,2017,Leave_One_experiments\wth_generated_qc\HLA\HLA2017.WTH,normal_year;nitrogen_stress_year;low_response_year,normal,HLA2017_normal_grid_S0014,pareto_balanced,2017-08-27,239,120,115,"{""sim_day"": 120.0, ""doy"": 239.0, ""topwt"": 12565.3466796875, ""grnwt"": 2866.8133544921875, ""xlai"": 2.983359336853028, ""totir"": 40.0, ""tofer"": NaN, ""swfac"": 0.0, ""nstres"": 0.0516466498374938}",0.0,0.0516466498374938,12565.3466796875,2866.8133544921875,2.983359336853028,40.0,,0.0,0.0,40.0,150.0,-1.917645263671872,14.082354736328128,Leave_One_experiments/all_year_offline_schedule_search/daily_outputs/HLA/HLA_2017_HLA2017_normal_grid_S0014_daily.csv
HLA,HLA,Hailun,2017,Leave_One_experiments\wth_generated_qc\HLA\HLA2017.WTH,normal_year;nitrogen_stress_year;low_response_year,normal,HLA2017_normal_grid_S0014,pareto_balanced,2017-08-28,240,121,116,"{""sim_day"": 121.0, ""doy"": 240.0, ""topwt"": 12622.7587890625, ""grnwt"": 2924.2254638671875, ""xlai"": 2.959693670272827, ""totir"": 40.0, ""tofer"": NaN, ""swfac"": 0.0, ""nstres"": 0.0634603500366211}",0.0,0.0634603500366211,12622.7587890625,2924.2254638671875,2.959693670272827,40.0,,0.0,0.0,40.0,150.0,-1.917645263671872,14.082354736328128,Leave_One_experiments/all_year_offline_schedule_search/daily_outputs/HLA/HLA_2017_HLA2017_normal_grid_S0014_daily.csv
HLA,HLA,Hailun,2017,Leave_One_experiments\wth_generated_qc\HLA\HLA2017.WTH,normal_year;nitrogen_stress_year;low_response_year,normal,HLA2017_normal_grid_S0014,pareto_balanced,2017-08-29,241,122,117,"{""sim_day"": 122.0, ""doy"": 241.0, ""topwt"": 12674.4921875, ""grnwt"": 2975.9591674804688, ""xlai"": 2.92388129234314, ""totir"": 40.0, ""tofer"": NaN, ""swfac"": 0.0, ""nstres"": 0.06904137134552}",0.0,0.06904137134552,12674.4921875,2975.9591674804688,2.92388129234314,40.0,,0.0,0.0,40.0,150.0,-1.917645263671872,14.082354736328128,Leave_One_experiments/all_year_offline_schedule_search/daily_outputs/HLA/HLA_2017_HLA2017_normal_grid_S0014_daily.csv
HLA,HLA,Hailun,2017,Leave_One_experiments\wth_generated_qc\HLA\HLA2017.WTH,normal_year;nitrogen_stress_year;low_response_year,normal,HLA2017_normal_grid_S0014,pareto_balanced,2017-08-30,242,123,118,"{""sim_day"": 123.0, ""doy"": 242.0, ""topwt"": 12788.685302734377, ""grnwt"": 3090.152282714844, ""xlai"": 2.89788556098938, ""totir"": 40.0, ""tofer"": NaN, ""swfac"": 0.0, ""nstres"": 0.0711264610290527}",0.0,0.0711264610290527,12788.685302734377,3090.152282714844,2.89788556098938,40.0,,0.0,0.0,40.0,150.0,-1.917645263671872,14.082354736328128,Leave_One_experiments/all_year_offline_schedule_search/daily_outputs/HLA/HLA_2017_HLA2017_normal_grid_S0014_daily.csv
HLA,HLA,Hailun,2017,Leave_One_experiments\wth_generated_qc\HLA\HLA2017.WTH,normal_year;nitrogen_stress_year;low_response_year,normal,HLA2017_normal_grid_S0014,pareto_balanced,2017-08-31,243,124,119,"{""sim_day"": 124.0, ""doy"": 243.0, ""topwt"": 12904.140625, ""grnwt"": 3205.606689453125, ""xlai"": 2.8686845302581787, ""totir"": 40.0, ""tofer"": NaN, ""swfac"": 0.0, ""nstres"": 0.080614149570465}",0.0,0.080614149570465,12904.140625,3205.606689453125,2.8686845302581787,40.0,,0.0,0.0,40.0,150.0,-1.917645263671872,14.082354736328128,Leave_One_experiments/all_year_offline_schedule_search/daily_outputs/HLA/HLA_2017_HLA2017_normal_grid_S0014_daily.csv
HLA,HLA,Hailun,2017,Leave_One_experiments\wth_generated_qc\HLA\HLA2017.WTH,normal_year;nitrogen_stress_year;low_response_year,normal,HLA2017_normal_grid_S0014,pareto_balanced,2017-09-01,244,125,120,"{""sim_day"": 125.0, ""doy"": 244.0, ""topwt"": 13030.950927734377, ""grnwt"": 3332.418212890625, ""xlai"": 2.83092737197876, ""totir"": 40.0, ""tofer"": NaN, ""swfac"": 0.0, ""nstres"": 0.0896092653274536}",0.0,0.0896092653274536,13030.950927734377,3332.418212890625,2.83092737197876,40.0,,0.0,0.0,40.0,150.0,-1.917645263671872,14.082354736328128,Leave_One_experiments/all_year_offline_schedule_search/daily_outputs/HLA/HLA_2017_HLA2017_normal_grid_S0014_daily.csv
HLA,HLA,Hailun,2017,Leave_One_experiments\wth_generated_qc\HLA\HLA2017.WTH,normal_year;nitrogen_stress_year;low_response_year,normal,HLA2017_normal_grid_S0014,pareto_balanced,2017-09-02,245,126,121,"{""sim_day"": 126.0, ""doy"": 245.0, ""topwt"": 13163.43994140625, ""grnwt"": 3464.9072265625, ""xlai"": 2.775031089782715, ""totir"": 40.0, ""tofer"": NaN, ""swfac"": 0.0, ""nstres"": 0.0993072986602783}",0.0,0.0993072986602783,13163.43994140625,3464.9072265625,2.775031089782715,40.0,,0.0,0.0,40.0,150.0,-1.917645263671872,14.082354736328128,Leave_One_experiments/all_year_offline_schedule_search/daily_outputs/HLA/HLA_2017_HLA2017_normal_grid_S0014_daily.csv
HLA,HLA,Hailun,2017,Leave_One_experiments\wth_generated_qc\HLA\HLA2017.WTH,normal_year;nitrogen_stress_year;low_response_year,normal,HLA2017_normal_grid_S0014,pareto_balanced,2017-09-03,246,127,122,"{""sim_day"": 127.0, ""doy"": 246.0, ""topwt"": 13209.57275390625, ""grnwt"": 3597.396240234375, ""xlai"": 2.713024854660034, ""totir"": 40.0, ""tofer"": NaN, ""swfac"": 0.0, ""nstres"": 0.1093611717224121}",0.0,0.1093611717224121,13209.57275390625,3597.396240234375,2.713024854660034,40.0,,0.0,0.0,40.0,150.0,-1.917645263671872,14.082354736328128,Leave_One_experiments/all_year_offline_schedule_search/daily_outputs/HLA/HLA_2017_HLA2017_normal_grid_S0014_daily.csv
HLA,HLA,Hailun,2017,Leave_One_experiments\wth_generated_qc\HLA\HLA2017.WTH,normal_year;nitrogen_stress_year;low_response_year,normal,HLA2017_normal_grid_S0014,pareto_balanced,2017-09-04,247,128,123,"{""sim_day"": 128.0, ""doy"": 247.0, ""topwt"": 13248.388671875, ""grnwt"": 3729.88525390625, ""xlai"": 2.6472177505493164, ""totir"": 40.0, ""tofer"": NaN, ""swfac"": 0.0, ""nstres"": 0.1193856000900268}",0.0,0.1193856000900268,13248.388671875,3729.88525390625,2.6472177505493164,40.0,,0.0,0.0,40.0,150.0,-1.917645263671872,14.082354736328128,Leave_One_experiments/all_year_offline_schedule_search/daily_outputs/HLA/HLA_2017_HLA2017_normal_grid_S0014_daily.csv
HLA,HLA,Hailun,2017,Leave_One_experiments\wth_generated_qc\HLA\HLA2017.WTH,normal_year;nitrogen_stress_year;low_response_year,normal,HLA2017_normal_grid_S0014,pareto_balanced,2017-09-05,248,129,124,"{""sim_day"": 129.0, ""doy"": 248.0, ""topwt"": 13451.4306640625, ""grnwt"": 3862.374267578125, ""xlai"": 2.573017835617065, ""totir"": 40.0, ""tofer"": NaN, ""swfac"": 0.0, ""nstres"": 0.1216886639595031}",0.0,0.1216886639595031,13451.4306640625,3862.374267578125,2.573017835617065,40.0,,0.0,0.0,40.0,150.0,-1.917645263671872,14.082354736328128,Leave_One_experiments/all_year_offline_schedule_search/daily_outputs/HLA/HLA_2017_HLA2017_normal_grid_S0014_daily.csv
HLA,HLA,Hailun,2017,Leave_One_experiments\wth_generated_qc\HLA\HLA2017.WTH,normal_year;nitrogen_stress_year;low_response_year,normal,HLA2017_normal_grid_S0014,pareto_balanced,2017-09-06,249,130,125,"{""sim_day"": 130.0, ""doy"": 249.0, ""topwt"": 13655.62744140625, ""grnwt"": 3979.090881347656, ""xlai"": 2.522214889526367, ""totir"": 40.0, ""tofer"": NaN, ""swfac"": 0.0, ""nstres"": 0.1260648965835571}",0.0,0.1260648965835571,13655.62744140625,3979.090881347656,2.522214889526367,40.0,,0.0,0.0,40.0,150.0,-1.917645263671872,14.082354736328128,Leave_One_experiments/all_year_offline_schedule_search/daily_outputs/HLA/HLA_2017_HLA2017_normal_grid_S0014_daily.csv
HLA,HLA,Hailun,2017,Leave_One_experiments\wth_generated_qc\HLA\HLA2017.WTH,normal_year;nitrogen_stress_year;low_response_year,normal,HLA2017_normal_grid_S0014,pareto_balanced,2017-09-07,250,131,126,"{""sim_day"": 131.0, ""doy"": 250.0, ""topwt"": 13770.367431640623, ""grnwt"": 4071.83349609375, ""xlai"": 2.4769084453582764, ""totir"": 40.0, ""tofer"": NaN, ""swfac"": 0.0, ""nstres"": 0.143703818321228}",0.0,0.143703818321228,13770.367431640623,4071.83349609375,2.4769084453582764,40.0,,0.0,0.0,40.0,150.0,-1.917645263671872,14.082354736328128,Leave_One_experiments/all_year_offline_schedule_search/daily_outputs/HLA/HLA_2017_HLA2017_normal_grid_S0014_daily.csv
HLA,HLA,Hailun,2017,Leave_One_experiments\wth_generated_qc\HLA\HLA2017.WTH,normal_year;nitrogen_stress_year;low_response_year,normal,HLA2017_normal_grid_S0014,pareto_balanced,2017-09-08,251,132,127,"{""sim_day"": 132.0, ""doy"": 251.0, ""topwt"": 13867.52685546875, ""grnwt"": 4168.9923095703125, ""xlai"": 2.4277150630950928, ""totir"": 40.0, ""tofer"": NaN, ""swfac"": 0.0, ""nstres"": 0.15888512134552}",0.0,0.15888512134552,13867.52685546875,4168.9923095703125,2.4277150630950928,40.0,,0.0,0.0,40.0,150.0,-1.917645263671872,14.082354736328128,Leave_One_experiments/all_year_offline_schedule_search/daily_outputs/HLA/HLA_2017_HLA2017_normal_grid_S0014_daily.csv
HLA,HLA,Hailun,2017,Leave_One_experiments\wth_generated_qc\HLA\HLA2017.WTH,normal_year;nitrogen_stress_year;low_response_year,normal,HLA2017_normal_grid_S0014,pareto_balanced,2017-09-09,252,133,128,"{""sim_day"": 133.0, ""doy"": 252.0, ""topwt"": 13982.3486328125, ""grnwt"": 4283.816223144531, ""xlai"": 2.3765690326690674, ""totir"": 40.0, ""tofer"": NaN, ""swfac"": 0.0, ""nstres"": 0.1685414910316467}",0.0,0.1685414910316467,13982.3486328125,4283.816223144531,2.3765690326690674,40.0,,0.0,0.0,40.0,150.0,-1.917645263671872,14.082354736328128,Leave_One_experiments/all_year_offline_schedule_search/daily_outputs/HLA/HLA_2017_HLA2017_normal_grid_S0014_daily.csv
HLA,HLA,Hailun,2017,Leave_One_experiments\wth_generated_qc\HLA\HLA2017.WTH,normal_year;nitrogen_stress_year;low_response_year,normal,HLA2017_normal_grid_S0014,pareto_balanced,2017-09-10,253,134,129,"{""sim_day"": 134.0, ""doy"": 253.0, ""topwt"": 14087.7099609375, ""grnwt"": 4389.176635742188, ""xlai"": 2.3234493732452397, ""totir"": 40.0, ""tofer"": NaN, ""swfac"": 0.0, ""nstres"": 0.1788111925125122}",0.0,0.1788111925125122,14087.7099609375,4389.176635742188,2.3234493732452397,40.0,,0.0,0.0,40.0,150.0,-1.917645263671872,14.082354736328128,Leave_One_experiments/all_year_offline_schedule_search/daily_outputs/HLA/HLA_2017_HLA2017_normal_grid_S0014_daily.csv
HLA,HLA,Hailun,2017,Leave_One_experiments\wth_generated_qc\HLA\HLA2017.WTH,normal_year;nitrogen_stress_year;low_response_year,normal,HLA2017_normal_grid_S0014,pareto_balanced,2017-09-11,254,135,130,"{""sim_day"": 135.0, ""doy"": 254.0, ""topwt"": 14156.4794921875, ""grnwt"": 4457.944946289063, ""xlai"": 2.2685093879699707, ""totir"": 40.0, ""tofer"": NaN, ""swfac"": 0.0, ""nstres"": 0.1891675591468811}",0.0,0.1891675591468811,14156.4794921875,4457.944946289063,2.2685093879699707,40.0,,0.0,0.0,40.0,150.0,-1.917645263671872,14.082354736328128,Leave_One_experiments/all_year_offline_schedule_search/daily_outputs/HLA/HLA_2017_HLA2017_normal_grid_S0014_daily.csv
HLA,HLA,Hailun,2017,Leave_One_experiments\wth_generated_qc\HLA\HLA2017.WTH,normal_year;nitrogen_stress_year;low_response_year,normal,HLA2017_normal_grid_S0014,pareto_balanced,2017-09-12,255,136,131,"{""sim_day"": 136.0, ""doy"": 255.0, ""topwt"": 14234.710693359377, ""grnwt"": 4536.1767578125, ""xlai"": 2.2131717205047607, ""totir"": 40.0, ""tofer"": NaN, ""swfac"": 0.0, ""nstres"": 0.1951497197151184}",0.0,0.1951497197151184,14234.710693359377,4536.1767578125,2.2131717205047607,40.0,,0.0,0.0,40.0,150.0,-1.917645263671872,14.082354736328128,Leave_One_experiments/all_year_offline_schedule_search/daily_outputs/HLA/HLA_2017_HLA2017_normal_grid_S0014_daily.csv
HLA,HLA,Hailun,2017,Leave_One_experiments\wth_generated_qc\HLA\HLA2017.WTH,normal_year;nitrogen_stress_year;low_response_year,normal,HLA2017_normal_grid_S0014,pareto_balanced,2017-09-13,256,137,132,"{""sim_day"": 137.0, ""doy"": 256.0, ""topwt"": 14304.10888671875, ""grnwt"": 4605.575866699219, ""xlai"": 2.000486135482788, ""totir"": 40.0, ""tofer"": NaN, ""swfac"": 0.0, ""nstres"": 0.2064127326011657}",0.0,0.2064127326011657,14304.10888671875,4605.575866699219,2.000486135482788,40.0,,0.0,0.0,40.0,150.0,-1.917645263671872,14.082354736328128,Leave_One_experiments/all_year_offline_schedule_search/daily_outputs/HLA/HLA_2017_HLA2017_normal_grid_S0014_daily.csv
HLA,HLA,Hailun,2017,Leave_One_experiments\wth_generated_qc\HLA\HLA2017.WTH,normal_year;nitrogen_stress_year;low_response_year,normal,HLA2017_normal_grid_S0014,pareto_balanced,2017-09-14,257,138,133,"{""sim_day"": 138.0, ""doy"": 257.0, ""topwt"": 14408.2080078125, ""grnwt"": 4709.674377441406, ""xlai"": 1.948619484901428, ""totir"": 40.0, ""tofer"": NaN, ""swfac"": 0.0, ""nstres"": 0.2222469449043274}",0.0,0.2222469449043274,14408.2080078125,4709.674377441406,1.948619484901428,40.0,,0.0,0.0,40.0,150.0,-1.917645263671872,14.082354736328128,Leave_One_experiments/all_year_offline_schedule_search/daily_outputs/HLA/HLA_2017_HLA2017_normal_grid_S0014_daily.csv
HLA,HLA,Hailun,2017,Leave_One_experiments\wth_generated_qc\HLA\HLA2017.WTH,normal_year;nitrogen_stress_year;low_response_year,normal,HLA2017_normal_grid_S0014,pareto_balanced,2017-09-15,258,139,134,"{""sim_day"": 139.0, ""doy"": 258.0, ""topwt"": 14504.00634765625, ""grnwt"": 4828.914794921875, ""xlai"": 1.89601731300354, ""totir"": 40.0, ""tofer"": NaN, ""swfac"": 0.0, ""nstres"": 0.2478701472282409}",0.0,0.2478701472282409,14504.00634765625,4828.914794921875,1.89601731300354,40.0,,0.0,0.0,40.0,150.0,-1.917645263671872,14.082354736328128,Leave_One_experiments/all_year_offline_schedule_search/daily_outputs/HLA/HLA_2017_HLA2017_normal_grid_S0014_daily.csv
HLA,HLA,Hailun,2017,Leave_One_experiments\wth_generated_qc\HLA\HLA2017.WTH,normal_year;nitrogen_stress_year;low_response_year,normal,HLA2017_normal_grid_S0014,pareto_balanced,2017-09-16,259,140,135,"{""sim_day"": 140.0, ""doy"": 259.0, ""topwt"": 14584.698486328123, ""grnwt"": 4961.40380859375, ""xlai"": 1.8426241874694824, ""totir"": 40.0, ""tofer"": NaN, ""swfac"": 0.0, ""nstres"": 0.2758567929267883}",0.0,0.2758567929267883,14584.698486328123,4961.40380859375,1.8426241874694824,40.0,,0.0,0.0,40.0,150.0,-1.917645263671872,14.082354736328128,Leave_One_experiments/all_year_offline_schedule_search/daily_outputs/HLA/HLA_2017_HLA2017_normal_grid_S0014_daily.csv
HLA,HLA,Hailun,2017,Leave_One_experiments\wth_generated_qc\HLA\HLA2017.WTH,normal_year;nitrogen_stress_year;low_response_year,normal,HLA2017_normal_grid_S0014,pareto_balanced,2017-09-17,260,141,136,"{""sim_day"": 141.0, ""doy"": 260.0, ""topwt"": 14717.31201171875, ""grnwt"": 5074.9658203125, ""xlai"": 1.7884845733642578, ""totir"": 40.0, ""tofer"": NaN, ""swfac"": 0.0, ""nstres"": 0.3051624298095703}",0.0,0.3051624298095703,14717.31201171875,5074.9658203125,1.7884845733642578,40.0,,0.0,0.0,40.0,150.0,-1.917645263671872,14.082354736328128,Leave_One_experiments/all_year_offline_schedule_search/daily_outputs/HLA/HLA_2017_HLA2017_normal_grid_S0014_daily.csv
HLA,HLA,Hailun,2017,Leave_One_experiments\wth_generated_qc\HLA\HLA2017.WTH,normal_year;nitrogen_stress_year;low_response_year,normal,HLA2017_normal_grid_S0014,pareto_balanced,2017-09-18,261,142,137,"{""sim_day"": 142.0, ""doy"": 261.0, ""topwt"": 14856.70654296875, ""grnwt"": 5182.8497314453125, ""xlai"": 1.7346409559249878, ""totir"": 40.0, ""tofer"": NaN, ""swfac"": 0.0, ""nstres"": 0.3225361108779907}",0.0,0.3225361108779907,14856.70654296875,5182.8497314453125,1.7346409559249878,40.0,,0.0,0.0,40.0,150.0,-1.917645263671872,14.082354736328128,Leave_One_experiments/all_year_offline_schedule_search/daily_outputs/HLA/HLA_2017_HLA2017_normal_grid_S0014_daily.csv
HLA,HLA,Hailun,2017,Leave_One_experiments\wth_generated_qc\HLA\HLA2017.WTH,normal_year;nitrogen_stress_year;low_response_year,normal,HLA2017_normal_grid_S0014,pareto_balanced,2017-09-19,262,143,138,"{""sim_day"": 143.0, ""doy"": 262.0, ""topwt"": 14991.790771484377, ""grnwt"": 5293.257446289063, ""xlai"": 1.6801167726516724, ""totir"": 40.0, ""tofer"": NaN, ""swfac"": 0.0, ""nstres"": 0.3543822169303894}",0.0,0.3543822169303894,14991.790771484377,5293.257446289063,1.6801167726516724,40.0,,0.0,0.0,40.0,150.0,-1.917645263671872,14.082354736328128,Leave_One_experiments/all_year_offline_schedule_search/daily_outputs/HLA/HLA_2017_HLA2017_normal_grid_S0014_daily.csv
HLA,HLA,Hailun,2017,Leave_One_experiments\wth_generated_qc\HLA\HLA2017.WTH,normal_year;nitrogen_stress_year;low_response_year,normal,HLA2017_normal_grid_S0014,pareto_balanced,2017-09-20,263,144,139,"{""sim_day"": 144.0, ""doy"": 263.0, ""topwt"": 15124.27978515625, ""grnwt"": 5425.7464599609375, ""xlai"": 1.6250319480895996, ""totir"": 40.0, ""tofer"": NaN, ""swfac"": 0.0, ""nstres"": 0.3868677020072937}",0.0,0.3868677020072937,15124.27978515625,5425.7464599609375,1.6250319480895996,40.0,,0.0,0.0,40.0,150.0,-1.917645263671872,14.082354736328128,Leave_One_experiments/all_year_offline_schedule_search/daily_outputs/HLA/HLA_2017_HLA2017_normal_grid_S0014_daily.csv
HLA,HLA,Hailun,2017,Leave_One_experiments\wth_generated_qc\HLA\HLA2017.WTH,normal_year;nitrogen_stress_year;low_response_year,normal,HLA2017_normal_grid_S0014,pareto_balanced,2017-09-21,264,145,140,"{""sim_day"": 145.0, ""doy"": 264.0, ""topwt"": 15164.1259765625, ""grnwt"": 5558.2354736328125, ""xlai"": 1.5691925287246704, ""totir"": 40.0, ""tofer"": NaN, ""swfac"": 0.0, ""nstres"": 0.4246891140937805}",0.0,0.4246891140937805,15164.1259765625,5558.2354736328125,1.5691925287246704,40.0,,0.0,0.0,40.0,150.0,-1.917645263671872,14.082354736328128,Leave_One_experiments/all_year_offline_schedule_search/daily_outputs/HLA/HLA_2017_HLA2017_normal_grid_S0014_daily.csv
HLA,HLA,Hailun,2017,Leave_One_experiments\wth_generated_qc\HLA\HLA2017.WTH,normal_year;nitrogen_stress_year;low_response_year,normal,HLA2017_normal_grid_S0014,pareto_balanced,2017-09-22,265,146,141,"{""sim_day"": 146.0, ""doy"": 265.0, ""topwt"": 15164.1259765625, ""grnwt"": 5558.2354736328125, ""xlai"": 1.5691925287246704, ""totir"": 40.0, ""tofer"": NaN, ""swfac"": 0.0, ""nstres"": 0.4569013118743896}",0.0,0.4569013118743896,15164.1259765625,5558.2354736328125,1.5691925287246704,40.0,,0.0,0.0,40.0,150.0,-1.917645263671872,14.082354736328128,Leave_One_experiments/all_year_offline_schedule_search/daily_outputs/HLA/HLA_2017_HLA2017_normal_grid_S0014_daily.csv
HLA,HLA,Hailun,2017,Leave_One_experiments\wth_generated_qc\HLA\HLA2017.WTH,normal_year;nitrogen_stress_year;low_response_year,normal,HLA2017_normal_grid_S0014,pareto_balanced,2017-09-23,266,147,142,"{""sim_day"": 147.0, ""doy"": 266.0, ""topwt"": 15164.1259765625, ""grnwt"": 5558.2354736328125, ""xlai"": 1.5691925287246704, ""totir"": 40.0, ""tofer"": NaN, ""swfac"": 0.0, ""nstres"": 0.4569013118743896}",0.0,0.4569013118743896,15164.1259765625,5558.2354736328125,1.5691925287246704,40.0,,0.0,0.0,40.0,150.0,-1.917645263671872,14.082354736328128,Leave_One_experiments/all_year_offline_schedule_search/daily_outputs/HLA/HLA_2017_HLA2017_normal_grid_S0014_daily.csv
HLA,HLA,Hailun,2017,Leave_One_experiments\wth_generated_qc\HLA\HLA2017.WTH,normal_year;nitrogen_stress_year;low_response_year,normal,HLA2017_normal_grid_S0014,pareto_balanced,2017-09-24,267,148,143,"{""sim_day"": 148.0, ""doy"": 267.0, ""topwt"": 15164.1259765625, ""grnwt"": 5558.2354736328125, ""xlai"": 1.5691925287246704, ""totir"": 40.0, ""tofer"": NaN, ""swfac"": 0.0, ""nstres"": 0.4569013118743896}",0.0,0.4569013118743896,15164.1259765625,5558.2354736328125,1.5691925287246704,40.0,,0.0,0.0,40.0,150.0,-1.917645263671872,14.082354736328128,Leave_One_experiments/all_year_offline_schedule_search/daily_outputs/HLA/HLA_2017_HLA2017_normal_grid_S0014_daily.csv
HLA,HLA,Hailun,2017,Leave_One_experiments\wth_generated_qc\HLA\HLA2017.WTH,normal_year;nitrogen_stress_year;low_response_year,normal,HLA2017_normal_grid_S0014,pareto_balanced,2017-09-25,268,149,144,"{""sim_day"": 149.0, ""doy"": 268.0, ""topwt"": 15164.1259765625, ""grnwt"": 5558.2354736328125, ""xlai"": 1.5691925287246704, ""totir"": 40.0, ""tofer"": NaN, ""swfac"": 0.0, ""nstres"": 0.4569013118743896}",0.0,0.4569013118743896,15164.1259765625,5558.2354736328125,1.5691925287246704,40.0,,0.0,0.0,40.0,150.0,-1.917645263671872,14.082354736328128,Leave_One_experiments/all_year_offline_schedule_search/daily_outputs/HLA/HLA_2017_HLA2017_normal_grid_S0014_daily.csv
HLA,HLA,Hailun,2017,Leave_One_experiments\wth_generated_qc\HLA\HLA2017.WTH,normal_year;nitrogen_stress_year;low_response_year,normal,HLA2017_normal_grid_S0014,pareto_balanced,2017-09-26,269,150,145,"{""sim_day"": 150.0, ""doy"": 269.0, ""topwt"": 15164.1259765625, ""grnwt"": 5558.2354736328125, ""xlai"": 1.5691925287246704, ""totir"": 40.0, ""tofer"": NaN, ""swfac"": 0.0, ""nstres"": 0.4569013118743896}",0.0,0.4569013118743896,15164.1259765625,5558.2354736328125,1.5691925287246704,40.0,,0.0,0.0,40.0,150.0,-1.917645263671872,14.082354736328128,Leave_One_experiments/all_year_offline_schedule_search/daily_outputs/HLA/HLA_2017_HLA2017_normal_grid_S0014_daily.csv
HLA,HLA,Hailun,2017,Leave_One_experiments\wth_generated_qc\HLA\HLA2017.WTH,normal_year;nitrogen_stress_year;low_response_year,normal,HLA2017_normal_grid_S0028,pareto_balanced,2017-05-05,125,1,1,"{""sim_day"": 1.0, ""doy"": 125.0, ""topwt"": 0.0, ""grnwt"": 0.0, ""xlai"": 0.0, ""totir"": 0.0, ""tofer"": NaN, ""swfac"": 0.0, ""nstres"": 0.0}",0.0,0.0,0.0,0.0,0.0,0.0,,0.0,80.0,0.0,180.0,12.242395019531251,12.242395019531251,Leave_One_experiments/all_year_offline_schedule_search/daily_outputs/HLA/HLA_2017_HLA2017_normal_grid_S0028_daily.csv
HLA,HLA,Hailun,2017,Leave_One_experiments\wth_generated_qc\HLA\HLA2017.WTH,normal_year;nitrogen_stress_year;low_response_year,normal,HLA2017_normal_grid_S0028,pareto_balanced,2017-05-06,126,2,2,"{""sim_day"": 2.0, ""doy"": 126.0, ""topwt"": 0.0, ""grnwt"": 0.0, ""xlai"": 0.0, ""totir"": 0.0, ""tofer"": NaN, ""swfac"": 0.0, ""nstres"": 0.0}",0.0,0.0,0.0,0.0,0.0,0.0,,0.0,0.0,0.0,180.0,12.242395019531251,12.242395019531251,Leave_One_experiments/all_year_offline_schedule_search/daily_outputs/HLA/HLA_2017_HLA2017_normal_grid_S0028_daily.csv
HLA,HLA,Hailun,2017,Leave_One_experiments\wth_generated_qc\HLA\HLA2017.WTH,normal_year;nitrogen_stress_year;low_response_year,normal,HLA2017_normal_grid_S0028,pareto_balanced,2017-05-07,127,3,3,"{""sim_day"": 3.0, ""doy"": 127.0, ""topwt"": 0.0, ""grnwt"": 0.0, ""xlai"": 0.0, ""totir"": 0.0, ""tofer"": NaN, ""swfac"": 0.0, ""nstres"": 0.0}",0.0,0.0,0.0,0.0,0.0,0.0,,0.0,0.0,0.0,180.0,12.242395019531251,12.242395019531251,Leave_One_experiments/all_year_offline_schedule_search/daily_outputs/HLA/HLA_2017_HLA2017_normal_grid_S0028_daily.csv
HLA,HLA,Hailun,2017,Leave_One_experiments\wth_generated_qc\HLA\HLA2017.WTH,normal_year;nitrogen_stress_year;low_response_year,normal,HLA2017_normal_grid_S0028,pareto_balanced,2017-05-08,128,4,4,"{""sim_day"": 4.0, ""doy"": 128.0, ""topwt"": 0.0, ""grnwt"": 0.0, ""xlai"": 0.0, ""totir"": 0.0, ""tofer"": NaN, ""swfac"": 0.0, ""nstres"": 0.0}",0.0,0.0,0.0,0.0,0.0,0.0,,0.0,0.0,0.0,180.0,12.242395019531251,12.242395019531251,Leave_One_experiments/all_year_offline_schedule_search/daily_outputs/HLA/HLA_2017_HLA2017_normal_grid_S0028_daily.csv
HLA,HLA,Hailun,2017,Leave_One_experiments\wth_generated_qc\HLA\HLA2017.WTH,normal_year;nitrogen_stress_year;low_response_year,normal,HLA2017_normal_grid_S0028,pareto_balanced,2017-05-09,129,5,5,"{""sim_day"": 5.0, ""doy"": 129.0, ""topwt"": 0.0, ""grnwt"": 0.0, ""xlai"": 0.0, ""totir"": 0.0, ""tofer"": NaN, ""swfac"": 0.0, ""nstres"": 0.0}",0.0,0.0,0.0,0.0,0.0,0.0,,0.0,0.0,0.0,180.0,12.242395019531251,12.242395019531251,Leave_One_experiments/all_year_offline_schedule_search/daily_outputs/HLA/HLA_2017_HLA2017_normal_grid_S0028_daily.csv
HLA,HLA,Hailun,2017,Leave_One_experiments\wth_generated_qc\HLA\HLA2017.WTH,normal_year;nitrogen_stress_year;low_response_year,normal,HLA2017_normal_grid_S0028,pareto_balanced,2017-05-05,125,6,1,"{""sim_day"": 6.0, ""doy"": 125.0, ""topwt"": 0.0, ""grnwt"": 0.0, ""xlai"": 0.0, ""totir"": 0.0, ""tofer"": NaN, ""swfac"": 0.0, ""nstres"": 0.0}",0.0,0.0,0.0,0.0,0.0,0.0,,0.0,0.0,0.0,180.0,12.242395019531251,12.242395019531251,Leave_One_experiments/all_year_offline_schedule_search/daily_outputs/HLA/HLA_2017_HLA2017_normal_grid_S0028_daily.csv
HLA,HLA,Hailun,2017,Leave_One_experiments\wth_generated_qc\HLA\HLA2017.WTH,normal_year;nitrogen_stress_year;low_response_year,normal,HLA2017_normal_grid_S0028,pareto_balanced,2017-05-06,126,7,2,"{""sim_day"": 7.0, ""doy"": 126.0, ""topwt"": 0.0, ""grnwt"": 0.0, ""xlai"": 0.0, ""totir"": 0.0, ""tofer"": NaN, ""swfac"": 0.0, ""nstres"": 0.0}",0.0,0.0,0.0,0.0,0.0,0.0,,0.0,0.0,0.0,180.0,12.242395019531251,12.242395019531251,Leave_One_experiments/all_year_offline_schedule_search/daily_outputs/HLA/HLA_2017_HLA2017_normal_grid_S0028_daily.csv
HLA,HLA,Hailun,2017,Leave_One_experiments\wth_generated_qc\HLA\HLA2017.WTH,normal_year;nitrogen_stress_year;low_response_year,normal,HLA2017_normal_grid_S0028,pareto_balanced,2017-05-07,127,8,3,"{""sim_day"": 8.0, ""doy"": 127.0, ""topwt"": 0.0, ""grnwt"": 0.0, ""xlai"": 0.0, ""totir"": 0.0, ""tofer"": NaN, ""swfac"": 0.0, ""nstres"": 0.0}",0.0,0.0,0.0,0.0,0.0,0.0,,0.0,0.0,0.0,180.0,12.242395019531251,12.242395019531251,Leave_One_experiments/all_year_offline_schedule_search/daily_outputs/HLA/HLA_2017_HLA2017_normal_grid_S0028_daily.csv
HLA,HLA,Hailun,2017,Leave_One_experiments\wth_generated_qc\HLA\HLA2017.WTH,normal_year;nitrogen_stress_year;low_response_year,normal,HLA2017_normal_grid_S0028,pareto_balanced,2017-05-08,128,9,4,"{""sim_day"": 9.0, ""doy"": 128.0, ""topwt"": 0.0, ""grnwt"": 0.0, ""xlai"": 0.0, ""totir"": 0.0, ""tofer"": NaN, ""swfac"": 0.0, ""nstres"": 0.0}",0.0,0.0,0.0,0.0,0.0,0.0,,0.0,0.0,0.0,180.0,12.242395019531251,12.242395019531251,Leave_One_experiments/all_year_offline_schedule_search/daily_outputs/HLA/HLA_2017_HLA2017_normal_grid_S0028_daily.csv
HLA,HLA,Hailun,2017,Leave_One_experiments\wth_generated_qc\HLA\HLA2017.WTH,normal_year;nitrogen_stress_year;low_response_year,normal,HLA2017_normal_grid_S0028,pareto_balanced,2017-05-09,129,10,5,"{""sim_day"": 10.0, ""doy"": 129.0, ""topwt"": 0.0, ""grnwt"": 0.0, ""xlai"": 0.0, ""totir"": 0.0, ""tofer"": NaN, ""swfac"": 0.0, ""nstres"": 0.0}",0.0,0.0,0.0,0.0,0.0,0.0,,0.0,0.0,0.0,180.0,12.242395019531251,12.242395019531251,Leave_One_experiments/all_year_offline_schedule_search/daily_outputs/HLA/HLA_2017_HLA2017_normal_grid_S0028_daily.csv
HLA,HLA,Hailun,2017,Leave_One_experiments\wth_generated_qc\HLA\HLA2017.WTH,normal_year;nitrogen_stress_year;low_response_year,normal,HLA2017_normal_grid_S0028,pareto_balanced,2017-05-10,130,11,6,"{""sim_day"": 11.0, ""doy"": 130.0, ""topwt"": 0.0, ""grnwt"": 0.0, ""xlai"": 0.0, ""totir"": 0.0, ""tofer"": NaN, ""swfac"": 0.0, ""nstres"": 0.0}",0.0,0.0,0.0,0.0,0.0,0.0,,0.0,0.0,0.0,180.0,12.242395019531251,12.242395019531251,Leave_One_experiments/all_year_offline_schedule_search/daily_outputs/HLA/HLA_2017_HLA2017_normal_grid_S0028_daily.csv
HLA,HLA,Hailun,2017,Leave_One_experiments\wth_generated_qc\HLA\HLA2017.WTH,normal_year;nitrogen_stress_year;low_response_year,normal,HLA2017_normal_grid_S0028,pareto_balanced,2017-05-11,131,12,7,"{""sim_day"": 12.0, ""doy"": 131.0, ""topwt"": 0.0, ""grnwt"": 0.0, ""xlai"": 0.0, ""totir"": 0.0, ""tofer"": NaN, ""swfac"": 0.0, ""nstres"": 0.0}",0.0,0.0,0.0,0.0,0.0,0.0,,0.0,0.0,0.0,180.0,12.242395019531251,12.242395019531251,Leave_One_experiments/all_year_offline_schedule_search/daily_outputs/HLA/HLA_2017_HLA2017_normal_grid_S0028_daily.csv
HLA,HLA,Hailun,2017,Leave_One_experiments\wth_generated_qc\HLA\HLA2017.WTH,normal_year;nitrogen_stress_year;low_response_year,normal,HLA2017_normal_grid_S0028,pareto_balanced,2017-05-12,132,13,8,"{""sim_day"": 13.0, ""doy"": 132.0, ""topwt"": 0.0, ""grnwt"": 0.0, ""xlai"": 0.0, ""totir"": 0.0, ""tofer"": NaN, ""swfac"": 0.0, ""nstres"": 0.0}",0.0,0.0,0.0,0.0,0.0,0.0,,0.0,0.0,0.0,180.0,12.242395019531251,12.242395019531251,Leave_One_experiments/all_year_offline_schedule_search/daily_outputs/HLA/HLA_2017_HLA2017_normal_grid_S0028_daily.csv
HLA,HLA,Hailun,2017,Leave_One_experiments\wth_generated_qc\HLA\HLA2017.WTH,normal_year;nitrogen_stress_year;low_response_year,normal,HLA2017_normal_grid_S0028,pareto_balanced,2017-05-13,133,14,9,"{""sim_day"": 14.0, ""doy"": 133.0, ""topwt"": 0.0, ""grnwt"": 0.0, ""xlai"": 0.0, ""totir"": 0.0, ""tofer"": NaN, ""swfac"": 0.0, ""nstres"": 0.0}",0.0,0.0,0.0,0.0,0.0,0.0,,0.0,0.0,0.0,180.0,12.242395019531251,12.242395019531251,Leave_One_experiments/all_year_offline_schedule_search/daily_outputs/HLA/HLA_2017_HLA2017_normal_grid_S0028_daily.csv
HLA,HLA,Hailun,2017,Leave_One_experiments\wth_generated_qc\HLA\HLA2017.WTH,normal_year;nitrogen_stress_year;low_response_year,normal,HLA2017_normal_grid_S0028,pareto_balanced,2017-05-14,134,15,10,"{""sim_day"": 15.0, ""doy"": 134.0, ""topwt"": 0.0, ""grnwt"": 0.0, ""xlai"": 0.0, ""totir"": 0.0, ""tofer"": NaN, ""swfac"": 0.0, ""nstres"": 0.0}",0.0,0.0,0.0,0.0,0.0,0.0,,0.0,0.0,0.0,180.0,12.242395019531251,12.242395019531251,Leave_One_experiments/all_year_offline_schedule_search/daily_outputs/HLA/HLA_2017_HLA2017_normal_grid_S0028_daily.csv
HLA,HLA,Hailun,2017,Leave_One_experiments\wth_generated_qc\HLA\HLA2017.WTH,normal_year;nitrogen_stress_year;low_response_year,normal,HLA2017_normal_grid_S0028,pareto_balanced,2017-05-15,135,16,11,"{""sim_day"": 16.0, ""doy"": 135.0, ""topwt"": 20.0, ""grnwt"": 0.0, ""xlai"": 0.0020113089121878, ""totir"": 0.0, ""tofer"": NaN, ""swfac"": 0.0, ""nstres"": 0.0121910572052001}",0.0,0.0121910572052001,20.0,0.0,0.0020113089121878,0.0,,0.0,0.0,0.0,180.0,12.242395019531251,12.242395019531251,Leave_One_experiments/all_year_offline_schedule_search/daily_outputs/HLA/HLA_2017_HLA2017_normal_grid_S0028_daily.csv
HLA,HLA,Hailun,2017,Leave_One_experiments\wth_generated_qc\HLA\HLA2017.WTH,normal_year;nitrogen_stress_year;low_response_year,normal,HLA2017_normal_grid_S0028,pareto_balanced,2017-05-16,136,17,12,"{""sim_day"": 17.0, ""doy"": 136.0, ""topwt"": 20.0, ""grnwt"": 0.0, ""xlai"": 0.0044344994239509, ""totir"": 0.0, ""tofer"": NaN, ""swfac"": 0.0, ""nstres"": 0.0118839144706726}",0.0,0.0118839144706726,20.0,0.0,0.0044344994239509,0.0,,0.0,0.0,0.0,180.0,12.242395019531251,12.242395019531251,Leave_One_experiments/all_year_offline_schedule_search/daily_outputs/HLA/HLA_2017_HLA2017_normal_grid_S0028_daily.csv
HLA,HLA,Hailun,2017,Leave_One_experiments\wth_generated_qc\HLA\HLA2017.WTH,normal_year;nitrogen_stress_year;low_response_year,normal,HLA2017_normal_grid_S0028,pareto_balanced,2017-05-17,137,18,13,"{""sim_day"": 18.0, ""doy"": 137.0, ""topwt"": 20.0, ""grnwt"": 0.0, ""xlai"": 0.0078978706151247, ""totir"": 0.0, ""tofer"": NaN, ""swfac"": 0.0, ""nstres"": 0.0054238438606262}",0.0,0.0054238438606262,20.0,0.0,0.0078978706151247,0.0,,0.0,0.0,0.0,180.0,12.242395019531251,12.242395019531251,Leave_One_experiments/all_year_offline_schedule_search/daily_outputs/HLA/HLA_2017_HLA2017_normal_grid_S0028_daily.csv
HLA,HLA,Hailun,2017,Leave_One_experiments\wth_generated_qc\HLA\HLA2017.WTH,normal_year;nitrogen_stress_year;low_response_year,normal,HLA2017_normal_grid_S0028,pareto_balanced,2017-05-18,138,19,14,"{""sim_day"": 19.0, ""doy"": 138.0, ""topwt"": 20.0, ""grnwt"": 0.0, ""xlai"": 0.0109876366332173, ""totir"": 0.0, ""tofer"": NaN, ""swfac"": 0.0, ""nstres"": 0.0001026391983032}",0.0,0.0001026391983032,20.0,0.0,0.0109876366332173,0.0,,0.0,0.0,0.0,180.0,12.242395019531251,12.242395019531251,Leave_One_experiments/all_year_offline_schedule_search/daily_outputs/HLA/HLA_2017_HLA2017_normal_grid_S0028_daily.csv
HLA,HLA,Hailun,2017,Leave_One_experiments\wth_generated_qc\HLA\HLA2017.WTH,normal_year;nitrogen_stress_year;low_response_year,normal,HLA2017_normal_grid_S0028,pareto_balanced,2017-05-19,139,20,15,"{""sim_day"": 20.0, ""doy"": 139.0, ""topwt"": 20.0, ""grnwt"": 0.0, ""xlai"": 0.0125163737684488, ""totir"": 0.0, ""tofer"": NaN, ""swfac"": 0.0, ""nstres"": 0.0}",0.0,0.0,20.0,0.0,0.0125163737684488,0.0,,0.0,0.0,0.0,180.0,12.242395019531251,12.242395019531251,Leave_One_experiments/all_year_offline_schedule_search/daily_outputs/HLA/HLA_2017_HLA2017_normal_grid_S0028_daily.csv
HLA,HLA,Hailun,2017,Leave_One_experiments\wth_generated_qc\HLA\HLA2017.WTH,normal_year;nitrogen_stress_year;low_response_year,normal,HLA2017_normal_grid_S0028,pareto_balanced,2017-05-20,140,21,16,"{""sim_day"": 21.0, ""doy"": 140.0, ""topwt"": 20.0, ""grnwt"": 0.0, ""xlai"": 0.0137979919090867, ""totir"": 0.0, ""tofer"": NaN, ""swfac"": 0.0, ""nstres"": 0.0}",0.0,0.0,20.0,0.0,0.0137979919090867,0.0,,0.0,0.0,0.0,180.0,12.242395019531251,12.242395019531251,Leave_One_experiments/all_year_offline_schedule_search/daily_outputs/HLA/HLA_2017_HLA2017_normal_grid_S0028_daily.csv
HLA,HLA,Hailun,2017,Leave_One_experiments\wth_generated_qc\HLA\HLA2017.WTH,normal_year;nitrogen_stress_year;low_response_year,normal,HLA2017_normal_grid_S0028,pareto_balanced,2017-05-21,141,22,17,"{""sim_day"": 22.0, ""doy"": 141.0, ""topwt"": 20.0, ""grnwt"": 0.0, ""xlai"": 0.0146729918196797, ""totir"": 0.0, ""tofer"": NaN, ""swfac"": 0.0, ""nstres"": 0.0}",0.0,0.0,20.0,0.0,0.0146729918196797,0.0,,0.0,0.0,0.0,180.0,12.242395019531251,12.242395019531251,Leave_One_experiments/all_year_offline_schedule_search/daily_outputs/HLA/HLA_2017_HLA2017_normal_grid_S0028_daily.csv
HLA,HLA,Hailun,2017,Leave_One_experiments\wth_generated_qc\HLA\HLA2017.WTH,normal_year;nitrogen_stress_year;low_response_year,normal,HLA2017_normal_grid_S0028,pareto_balanced,2017-05-22,142,23,18,"{""sim_day"": 23.0, ""doy"": 142.0, ""topwt"": 20.0, ""grnwt"": 0.0, ""xlai"": 0.0175681300461292, ""totir"": 0.0, ""tofer"": NaN, ""swfac"": 0.0, ""nstres"": 0.0}",0.0,0.0,20.0,0.0,0.0175681300461292,0.0,,0.0,0.0,0.0,180.0,12.242395019531251,12.242395019531251,Leave_One_experiments/all_year_offline_schedule_search/daily_outputs/HLA/HLA_2017_HLA2017_normal_grid_S0028_daily.csv
HLA,HLA,Hailun,2017,Leave_One_experiments\wth_generated_qc\HLA\HLA2017.WTH,normal_year;nitrogen_stress_year;low_response_year,normal,HLA2017_normal_grid_S0028,pareto_balanced,2017-05-23,143,24,19,"{""sim_day"": 24.0, ""doy"": 143.0, ""topwt"": 20.0, ""grnwt"": 0.0, ""xlai"": 0.0210804361850023, ""totir"": 0.0, ""tofer"": NaN, ""swfac"": 0.0, ""nstres"": 0.0}",0.0,0.0,20.0,0.0,0.0210804361850023,0.0,,0.0,0.0,0.0,180.0,12.242395019531251,12.242395019531251,Leave_One_experiments/all_year_offline_schedule_search/daily_outputs/HLA/HLA_2017_HLA2017_normal_grid_S0028_daily.csv
HLA,HLA,Hailun,2017,Leave_One_experiments\wth_generated_qc\HLA\HLA2017.WTH,normal_year;nitrogen_stress_year;low_response_year,normal,HLA2017_normal_grid_S0028,pareto_balanced,2017-05-24,144,25,20,"{""sim_day"": 25.0, ""doy"": 144.0, ""topwt"": 20.0, ""grnwt"": 0.0, ""xlai"": 0.0206488985568285, ""totir"": 0.0, ""tofer"": NaN, ""swfac"": 0.0, ""nstres"": 0.0}",0.0,0.0,20.0,0.0,0.0206488985568285,0.0,,0.0,0.0,0.0,180.0,12.242395019531251,12.242395019531251,Leave_One_experiments/all_year_offline_schedule_search/daily_outputs/HLA/HLA_2017_HLA2017_normal_grid_S0028_daily.csv
HLA,HLA,Hailun,2017,Leave_One_experiments\wth_generated_qc\HLA\HLA2017.WTH,normal_year;nitrogen_stress_year;low_response_year,normal,HLA2017_normal_grid_S0028,pareto_balanced,2017-05-25,145,26,21,"{""sim_day"": 26.0, ""doy"": 145.0, ""topwt"": 20.31656265258789, ""grnwt"": 0.0, ""xlai"": 0.0303981099277734, ""totir"": 0.0, ""tofer"": NaN, ""swfac"": 0.0, ""nstres"": 0.0}",0.0,0.0,20.31656265258789,0.0,0.0303981099277734,0.0,,0.0,0.0,0.0,180.0,12.242395019531251,12.242395019531251,Leave_One_experiments/all_year_offline_schedule_search/daily_outputs/HLA/HLA_2017_HLA2017_normal_grid_S0028_daily.csv
HLA,HLA,Hailun,2017,Leave_One_experiments\wth_generated_qc\HLA\HLA2017.WTH,normal_year;nitrogen_stress_year;low_response_year,normal,HLA2017_normal_grid_S0028,pareto_balanced,2017-05-26,146,27,22,"{""sim_day"": 27.0, ""doy"": 146.0, ""topwt"": 25.55394172668457, ""grnwt"": 0.0, ""xlai"": 0.0442201271653175, ""totir"": 0.0, ""tofer"": NaN, ""swfac"": 0.0, ""nstres"": 0.0}",0.0,0.0,25.55394172668457,0.0,0.0442201271653175,0.0,,0.0,0.0,0.0,180.0,12.242395019531251,12.242395019531251,Leave_One_experiments/all_year_offline_schedule_search/daily_outputs/HLA/HLA_2017_HLA2017_normal_grid_S0028_daily.csv
HLA,HLA,Hailun,2017,Leave_One_experiments\wth_generated_qc\HLA\HLA2017.WTH,normal_year;nitrogen_stress_year;low_response_year,normal,HLA2017_normal_grid_S0028,pareto_balanced,2017-05-27,147,28,23,"{""sim_day"": 28.0, ""doy"": 147.0, ""topwt"": 32.07650184631348, ""grnwt"": 0.0, ""xlai"": 0.0601898282766342, ""totir"": 0.0, ""tofer"": NaN, ""swfac"": 0.0, ""nstres"": 0.0}",0.0,0.0,32.07650184631348,0.0,0.0601898282766342,0.0,,0.0,0.0,0.0,180.0,12.242395019531251,12.242395019531251,Leave_One_experiments/all_year_offline_schedule_search/daily_outputs/HLA/HLA_2017_HLA2017_normal_grid_S0028_daily.csv
HLA,HLA,Hailun,2017,Leave_One_experiments\wth_generated_qc\HLA\HLA2017.WTH,normal_year;nitrogen_stress_year;low_response_year,normal,HLA2017_normal_grid_S0028,pareto_balanced,2017-05-28,148,29,24,"{""sim_day"": 29.0, ""doy"": 148.0, ""topwt"": 36.807382106781006, ""grnwt"": 0.0, ""xlai"": 0.071176990866661, ""totir"": 0.0, ""tofer"": NaN, ""swfac"": 0.0, ""nstres"": 0.0}",0.0,0.0,36.807382106781006,0.0,0.071176990866661,0.0,,0.0,0.0,0.0,180.0,12.242395019531251,12.242395019531251,Leave_One_experiments/all_year_offline_schedule_search/daily_outputs/HLA/HLA_2017_HLA2017_normal_grid_S0028_daily.csv
HLA,HLA,Hailun,2017,Leave_One_experiments\wth_generated_qc\HLA\HLA2017.WTH,normal_year;nitrogen_stress_year;low_response_year,normal,HLA2017_normal_grid_S0028,pareto_balanced,2017-05-29,149,30,25,"{""sim_day"": 30.0, ""doy"": 149.0, ""topwt"": 40.86074352264404, ""grnwt"": 0.0, ""xlai"": 0.0802850052714347, ""totir"": 0.0, ""tofer"": NaN, ""swfac"": 0.0, ""nstres"": 0.0}",0.0,0.0,40.86074352264404,0.0,0.0802850052714347,0.0,,0.0,0.0,0.0,180.0,12.242395019531251,12.242395019531251,Leave_One_experiments/all_year_offline_schedule_search/daily_outputs/HLA/HLA_2017_HLA2017_normal_grid_S0028_daily.csv
HLA,HLA,Hailun,2017,Leave_One_experiments\wth_generated_qc\HLA\HLA2017.WTH,normal_year;nitrogen_stress_year;low_response_year,normal,HLA2017_normal_grid_S0028,pareto_balanced,2017-05-30,150,31,26,"{""sim_day"": 31.0, ""doy"": 150.0, ""topwt"": 44.78638648986816, ""grnwt"": 0.0, ""xlai"": 0.087601438164711, ""totir"": 0.0, ""tofer"": NaN, ""swfac"": 0.0, ""nstres"": 0.0}",0.0,0.0,44.78638648986816,0.0,0.087601438164711,0.0,,0.0,0.0,0.0,180.0,12.242395019531251,12.242395019531251,Leave_One_experiments/all_year_offline_schedule_search/daily_outputs/HLA/HLA_2017_HLA2017_normal_grid_S0028_daily.csv
HLA,HLA,Hailun,2017,Leave_One_experiments\wth_generated_qc\HLA\HLA2017.WTH,normal_year;nitrogen_stress_year;low_response_year,normal,HLA2017_normal_grid_S0028,pareto_balanced,2017-05-31,151,32,27,"{""sim_day"": 32.0, ""doy"": 151.0, ""topwt"": 47.099857330322266, ""grnwt"": 0.0, ""xlai"": 0.0925765410065651, ""totir"": 0.0, ""tofer"": NaN, ""swfac"": 0.0, ""nstres"": 0.0}",0.0,0.0,47.099857330322266,0.0,0.0925765410065651,0.0,,0.0,0.0,0.0,180.0,12.242395019531251,12.242395019531251,Leave_One_experiments/all_year_offline_schedule_search/daily_outputs/HLA/HLA_2017_HLA2017_normal_grid_S0028_daily.csv
HLA,HLA,Hailun,2017,Leave_One_experiments\wth_generated_qc\HLA\HLA2017.WTH,normal_year;nitrogen_stress_year;low_response_year,normal,HLA2017_normal_grid_S0028,pareto_balanced,2017-06-01,152,33,28,"{""sim_day"": 33.0, ""doy"": 152.0, ""topwt"": 49.22661304473877, ""grnwt"": 0.0, ""xlai"": 0.0970959067344665, ""totir"": 0.0, ""tofer"": NaN, ""swfac"": 0.0, ""nstres"": 0.0}",0.0,0.0,49.22661304473877,0.0,0.0970959067344665,0.0,,0.0,0.0,0.0,180.0,12.242395019531251,12.242395019531251,Leave_One_experiments/all_year_offline_schedule_search/daily_outputs/HLA/HLA_2017_HLA2017_normal_grid_S0028_daily.csv
HLA,HLA,Hailun,2017,Leave_One_experiments\wth_generated_qc\HLA\HLA2017.WTH,normal_year;nitrogen_stress_year;low_response_year,normal,HLA2017_normal_grid_S0028,pareto_balanced,2017-06-02,153,34,29,"{""sim_day"": 34.0, ""doy"": 153.0, ""topwt"": 52.23278999328613, ""grnwt"": 0.0, ""xlai"": 0.1034019291400909, ""totir"": 0.0, ""tofer"": NaN, ""swfac"": 0.0, ""nstres"": 0.0}",0.0,0.0,52.23278999328613,0.0,0.1034019291400909,0.0,,0.0,0.0,0.0,180.0,12.242395019531251,12.242395019531251,Leave_One_experiments/all_year_offline_schedule_search/daily_outputs/HLA/HLA_2017_HLA2017_normal_grid_S0028_daily.csv
HLA,HLA,Hailun,2017,Leave_One_experiments\wth_generated_qc\HLA\HLA2017.WTH,normal_year;nitrogen_stress_year;low_response_year,normal,HLA2017_normal_grid_S0028,pareto_balanced,2017-06-03,154,35,30,"{""sim_day"": 35.0, ""doy"": 154.0, ""topwt"": 57.64723300933838, ""grnwt"": 0.0, ""xlai"": 0.1145403161644935, ""totir"": 0.0, ""tofer"": NaN, ""swfac"": 0.0, ""nstres"": 0.0}",0.0,0.0,57.64723300933838,0.0,0.1145403161644935,0.0,,0.0,50.0,0.0,180.0,12.242395019531251,12.242395019531251,Leave_One_experiments/all_year_offline_schedule_search/daily_outputs/HLA/HLA_2017_HLA2017_normal_grid_S0028_daily.csv
HLA,HLA,Hailun,2017,Leave_One_experiments\wth_generated_qc\HLA\HLA2017.WTH,normal_year;nitrogen_stress_year;low_response_year,normal,HLA2017_normal_grid_S0028,pareto_balanced,2017-06-04,155,36,31,"{""sim_day"": 36.0, ""doy"": 155.0, ""topwt"": 69.0281343460083, ""grnwt"": 0.0, ""xlai"": 0.1371738314628601, ""totir"": 0.0, ""tofer"": NaN, ""swfac"": 0.0, ""nstres"": 0.0}",0.0,0.0,69.0281343460083,0.0,0.1371738314628601,0.0,,0.0,0.0,0.0,180.0,12.242395019531251,12.242395019531251,Leave_One_experiments/all_year_offline_schedule_search/daily_outputs/HLA/HLA_2017_HLA2017_normal_grid_S0028_daily.csv
HLA,HLA,Hailun,2017,Leave_One_experiments\wth_generated_qc\HLA\HLA2017.WTH,normal_year;nitrogen_stress_year;low_response_year,normal,HLA2017_normal_grid_S0028,pareto_balanced,2017-06-05,156,37,32,"{""sim_day"": 37.0, ""doy"": 156.0, ""topwt"": 82.84920692443848, ""grnwt"": 0.0, ""xlai"": 0.1635239273309707, ""totir"": 0.0, ""tofer"": NaN, ""swfac"": 0.0, ""nstres"": 0.0}",0.0,0.0,82.84920692443848,0.0,0.1635239273309707,0.0,,0.0,0.0,0.0,180.0,12.242395019531251,12.242395019531251,Leave_One_experiments/all_year_offline_schedule_search/daily_outputs/HLA/HLA_2017_HLA2017_normal_grid_S0028_daily.csv
HLA,HLA,Hailun,2017,Leave_One_experiments\wth_generated_qc\HLA\HLA2017.WTH,normal_year;nitrogen_stress_year;low_response_year,normal,HLA2017_normal_grid_S0028,pareto_balanced,2017-06-06,157,38,33,"{""sim_day"": 38.0, ""doy"": 157.0, ""topwt"": 94.48892593383788, ""grnwt"": 0.0, ""xlai"": 0.1849453747272491, ""totir"": 0.0, ""tofer"": NaN, ""swfac"": 0.0, ""nstres"": 0.0}",0.0,0.0,94.48892593383788,0.0,0.1849453747272491,0.0,,0.0,0.0,0.0,180.0,12.242395019531251,12.242395019531251,Leave_One_experiments/all_year_offline_schedule_search/daily_outputs/HLA/HLA_2017_HLA2017_normal_grid_S0028_daily.csv
HLA,HLA,Hailun,2017,Leave_One_experiments\wth_generated_qc\HLA\HLA2017.WTH,normal_year;nitrogen_stress_year;low_response_year,normal,HLA2017_normal_grid_S0028,pareto_balanced,2017-06-07,158,39,34,"{""sim_day"": 39.0, ""doy"": 158.0, ""topwt"": 106.50662422180176, ""grnwt"": 0.0, ""xlai"": 0.206453800201416, ""totir"": 0.0, ""tofer"": NaN, ""swfac"": 0.0, ""nstres"": 0.0}",0.0,0.0,106.50662422180176,0.0,0.206453800201416,0.0,,0.0,0.0,0.0,180.0,12.242395019531251,12.242395019531251,Leave_One_experiments/all_year_offline_schedule_search/daily_outputs/HLA/HLA_2017_HLA2017_normal_grid_S0028_daily.csv
HLA,HLA,Hailun,2017,Leave_One_experiments\wth_generated_qc\HLA\HLA2017.WTH,normal_year;nitrogen_stress_year;low_response_year,normal,HLA2017_normal_grid_S0028,pareto_balanced,2017-06-08,159,40,35,"{""sim_day"": 40.0, ""doy"": 159.0, ""topwt"": 114.84615325927734, ""grnwt"": 0.0, ""xlai"": 0.2210649847984314, ""totir"": 0.0, ""tofer"": NaN, ""swfac"": 0.0, ""nstres"": 0.0}",0.0,0.0,114.84615325927734,0.0,0.2210649847984314,0.0,,0.0,0.0,0.0,180.0,12.242395019531251,12.242395019531251,Leave_One_experiments/all_year_offline_schedule_search/daily_outputs/HLA/HLA_2017_HLA2017_normal_grid_S0028_daily.csv
HLA,HLA,Hailun,2017,Leave_One_experiments\wth_generated_qc\HLA\HLA2017.WTH,normal_year;nitrogen_stress_year;low_response_year,normal,HLA2017_normal_grid_S0028,pareto_balanced,2017-06-09,160,41,36,"{""sim_day"": 41.0, ""doy"": 160.0, ""topwt"": 123.401460647583, ""grnwt"": 0.0, ""xlai"": 0.2358157634735107, ""totir"": 0.0, ""tofer"": NaN, ""swfac"": 0.0, ""nstres"": 0.0}",0.0,0.0,123.401460647583,0.0,0.2358157634735107,0.0,,0.0,0.0,0.0,180.0,12.242395019531251,12.242395019531251,Leave_One_experiments/all_year_offline_schedule_search/daily_outputs/HLA/HLA_2017_HLA2017_normal_grid_S0028_daily.csv
HLA,HLA,Hailun,2017,Leave_One_experiments\wth_generated_qc\HLA\HLA2017.WTH,normal_year;nitrogen_stress_year;low_response_year,normal,HLA2017_normal_grid_S0028,pareto_balanced,2017-06-10,161,42,37,"{""sim_day"": 42.0, ""doy"": 161.0, ""topwt"": 136.79343223571777, ""grnwt"": 0.0, ""xlai"": 0.2584706544876098, ""totir"": 0.0, ""tofer"": NaN, ""swfac"": 0.0, ""nstres"": 0.0}",0.0,0.0,136.79343223571777,0.0,0.2584706544876098,0.0,,0.0,0.0,0.0,180.0,12.242395019531251,12.242395019531251,Leave_One_experiments/all_year_offline_schedule_search/daily_outputs/HLA/HLA_2017_HLA2017_normal_grid_S0028_daily.csv
HLA,HLA,Hailun,2017,Leave_One_experiments\wth_generated_qc\HLA\HLA2017.WTH,normal_year;nitrogen_stress_year;low_response_year,normal,HLA2017_normal_grid_S0028,pareto_balanced,2017-06-11,162,43,38,"{""sim_day"": 43.0, ""doy"": 162.0, ""topwt"": 146.04363441467285, ""grnwt"": 0.0, ""xlai"": 0.2921142280101776, ""totir"": 0.0, ""tofer"": NaN, ""swfac"": 0.0, ""nstres"": 0.0}",0.0,0.0,146.04363441467285,0.0,0.2921142280101776,0.0,,0.0,0.0,0.0,180.0,12.242395019531251,12.242395019531251,Leave_One_experiments/all_year_offline_schedule_search/daily_outputs/HLA/HLA_2017_HLA2017_normal_grid_S0028_daily.csv
HLA,HLA,Hailun,2017,Leave_One_experiments\wth_generated_qc\HLA\HLA2017.WTH,normal_year;nitrogen_stress_year;low_response_year,normal,HLA2017_normal_grid_S0028,pareto_balanced,2017-06-12,163,44,39,"{""sim_day"": 44.0, ""doy"": 163.0, ""topwt"": 181.63570404052732, ""grnwt"": 0.0, ""xlai"": 0.3512140810489654, ""totir"": 0.0, ""tofer"": NaN, ""swfac"": 0.0, ""nstres"": 0.0045210123062133}",0.0,0.0045210123062133,181.63570404052732,0.0,0.3512140810489654,0.0,,0.0,0.0,0.0,180.0,12.242395019531251,12.242395019531251,Leave_One_experiments/all_year_offline_schedule_search/daily_outputs/HLA/HLA_2017_HLA2017_normal_grid_S0028_daily.csv
HLA,HLA,Hailun,2017,Leave_One_experiments\wth_generated_qc\HLA\HLA2017.WTH,normal_year;nitrogen_stress_year;low_response_year,normal,HLA2017_normal_grid_S0028,pareto_balanced,2017-06-13,164,45,40,"{""sim_day"": 45.0, ""doy"": 164.0, ""topwt"": 220.53707122802732, ""grnwt"": 0.0, ""xlai"": 0.4129160940647125, ""totir"": 0.0, ""tofer"": NaN, ""swfac"": 0.0, ""nstres"": 0.0}",0.0,0.0,220.53707122802732,0.0,0.4129160940647125,0.0,,0.0,0.0,0.0,180.0,12.242395019531251,12.242395019531251,Leave_One_experiments/all_year_offline_schedule_search/daily_outputs/HLA/HLA_2017_HLA2017_normal_grid_S0028_daily.csv
HLA,HLA,Hailun,2017,Leave_One_experiments\wth_generated_qc\HLA\HLA2017.WTH,normal_year;nitrogen_stress_year;low_response_year,normal,HLA2017_normal_grid_S0028,pareto_balanced,2017-06-14,165,46,41,"{""sim_day"": 46.0, ""doy"": 165.0, ""topwt"": 259.06896591186523, ""grnwt"": 0.0, ""xlai"": 0.4716792404651642, ""totir"": 0.0, ""tofer"": NaN, ""swfac"": 0.0, ""nstres"": 0.0}",0.0,0.0,259.06896591186523,0.0,0.4716792404651642,0.0,,0.0,0.0,0.0,180.0,12.242395019531251,12.242395019531251,Leave_One_experiments/all_year_offline_schedule_search/daily_outputs/HLA/HLA_2017_HLA2017_normal_grid_S0028_daily.csv
HLA,HLA,Hailun,2017,Leave_One_experiments\wth_generated_qc\HLA\HLA2017.WTH,normal_year;nitrogen_stress_year;low_response_year,normal,HLA2017_normal_grid_S0028,pareto_balanced,2017-06-15,166,47,42,"{""sim_day"": 47.0, ""doy"": 166.0, ""topwt"": 303.95538330078125, ""grnwt"": 0.0, ""xlai"": 0.5377498865127563, ""totir"": 0.0, ""tofer"": NaN, ""swfac"": 0.0, ""nstres"": 0.0}",0.0,0.0,303.95538330078125,0.0,0.5377498865127563,0.0,,0.0,0.0,0.0,180.0,12.242395019531251,12.242395019531251,Leave_One_experiments/all_year_offline_schedule_search/daily_outputs/HLA/HLA_2017_HLA2017_normal_grid_S0028_daily.csv
HLA,HLA,Hailun,2017,Leave_One_experiments\wth_generated_qc\HLA\HLA2017.WTH,normal_year;nitrogen_stress_year;low_response_year,normal,HLA2017_normal_grid_S0028,pareto_balanced,2017-06-16,167,48,43,"{""sim_day"": 48.0, ""doy"": 167.0, ""topwt"": 358.9268112182617, ""grnwt"": 0.0, ""xlai"": 0.6158086657524109, ""totir"": 0.0, ""tofer"": NaN, ""swfac"": 0.0, ""nstres"": 0.0}",0.0,0.0,358.9268112182617,0.0,0.6158086657524109,0.0,,0.0,0.0,0.0,180.0,12.242395019531251,12.242395019531251,Leave_One_experiments/all_year_offline_schedule_search/daily_outputs/HLA/HLA_2017_HLA2017_normal_grid_S0028_daily.csv
HLA,HLA,Hailun,2017,Leave_One_experiments\wth_generated_qc\HLA\HLA2017.WTH,normal_year;nitrogen_stress_year;low_response_year,normal,HLA2017_normal_grid_S0028,pareto_balanced,2017-06-17,168,49,44,"{""sim_day"": 49.0, ""doy"": 168.0, ""topwt"": 399.2324066162109, ""grnwt"": 0.0, ""xlai"": 0.6713573932647705, ""totir"": 0.0, ""tofer"": NaN, ""swfac"": 0.0, ""nstres"": 0.0}",0.0,0.0,399.2324066162109,0.0,0.6713573932647705,0.0,,0.0,0.0,0.0,180.0,12.242395019531251,12.242395019531251,Leave_One_experiments/all_year_offline_schedule_search/daily_outputs/HLA/HLA_2017_HLA2017_normal_grid_S0028_daily.csv
HLA,HLA,Hailun,2017,Leave_One_experiments\wth_generated_qc\HLA\HLA2017.WTH,normal_year;nitrogen_stress_year;low_response_year,normal,HLA2017_normal_grid_S0028,pareto_balanced,2017-06-18,169,50,45,"{""sim_day"": 50.0, ""doy"": 169.0, ""topwt"": 443.8798522949219, ""grnwt"": 0.0, ""xlai"": 0.7284308671951294, ""totir"": 0.0, ""tofer"": NaN, ""swfac"": 0.0, ""nstres"": 0.0}",0.0,0.0,443.8798522949219,0.0,0.7284308671951294,0.0,,0.0,0.0,0.0,180.0,12.242395019531251,12.242395019531251,Leave_One_experiments/all_year_offline_schedule_search/daily_outputs/HLA/HLA_2017_HLA2017_normal_grid_S0028_daily.csv
HLA,HLA,Hailun,2017,Leave_One_experiments\wth_generated_qc\HLA\HLA2017.WTH,normal_year;nitrogen_stress_year;low_response_year,normal,HLA2017_normal_grid_S0028,pareto_balanced,2017-06-19,170,51,46,"{""sim_day"": 51.0, ""doy"": 170.0, ""topwt"": 481.27777099609375, ""grnwt"": 0.0, ""xlai"": 0.7796052694320679, ""totir"": 0.0, ""tofer"": NaN, ""swfac"": 0.0, ""nstres"": 0.0}",0.0,0.0,481.27777099609375,0.0,0.7796052694320679,0.0,,0.0,0.0,0.0,180.0,12.242395019531251,12.242395019531251,Leave_One_experiments/all_year_offline_schedule_search/daily_outputs/HLA/HLA_2017_HLA2017_normal_grid_S0028_daily.csv
HLA,HLA,Hailun,2017,Leave_One_experiments\wth_generated_qc\HLA\HLA2017.WTH,normal_year;nitrogen_stress_year;low_response_year,normal,HLA2017_normal_grid_S0028,pareto_balanced,2017-06-20,171,52,47,"{""sim_day"": 52.0, ""doy"": 171.0, ""topwt"": 513.0014801025391, ""grnwt"": 0.0, ""xlai"": 0.8221341371536255, ""totir"": 0.0, ""tofer"": NaN, ""swfac"": 0.0, ""nstres"": 0.0}",0.0,0.0,513.0014801025391,0.0,0.8221341371536255,0.0,,0.0,0.0,0.0,180.0,12.242395019531251,12.242395019531251,Leave_One_experiments/all_year_offline_schedule_search/daily_outputs/HLA/HLA_2017_HLA2017_normal_grid_S0028_daily.csv
HLA,HLA,Hailun,2017,Leave_One_experiments\wth_generated_qc\HLA\HLA2017.WTH,normal_year;nitrogen_stress_year;low_response_year,normal,HLA2017_normal_grid_S0028,pareto_balanced,2017-06-21,172,53,48,"{""sim_day"": 53.0, ""doy"": 172.0, ""topwt"": 564.8630142211914, ""grnwt"": 0.0, ""xlai"": 0.8897832632064819, ""totir"": 0.0, ""tofer"": NaN, ""swfac"": 0.0, ""nstres"": 0.0}",0.0,0.0,564.8630142211914,0.0,0.8897832632064819,0.0,,0.0,0.0,0.0,180.0,12.242395019531251,12.242395019531251,Leave_One_experiments/all_year_offline_schedule_search/daily_outputs/HLA/HLA_2017_HLA2017_normal_grid_S0028_daily.csv
HLA,HLA,Hailun,2017,Leave_One_experiments\wth_generated_qc\HLA\HLA2017.WTH,normal_year;nitrogen_stress_year;low_response_year,normal,HLA2017_normal_grid_S0028,pareto_balanced,2017-06-22,173,54,49,"{""sim_day"": 54.0, ""doy"": 173.0, ""topwt"": 661.666259765625, ""grnwt"": 0.0, ""xlai"": 1.0105613470077517, ""totir"": 0.0, ""tofer"": NaN, ""swfac"": 0.0, ""nstres"": 0.0}",0.0,0.0,661.666259765625,0.0,1.0105613470077517,0.0,,0.0,0.0,0.0,180.0,12.242395019531251,12.242395019531251,Leave_One_experiments/all_year_offline_schedule_search/daily_outputs/HLA/HLA_2017_HLA2017_normal_grid_S0028_daily.csv
HLA,HLA,Hailun,2017,Leave_One_experiments\wth_generated_qc\HLA\HLA2017.WTH,normal_year;nitrogen_stress_year;low_response_year,normal,HLA2017_normal_grid_S0028,pareto_balanced,2017-06-23,174,55,50,"{""sim_day"": 55.0, ""doy"": 174.0, ""topwt"": 770.7070922851562, ""grnwt"": 0.0, ""xlai"": 1.1391361951828003, ""totir"": 0.0, ""tofer"": NaN, ""swfac"": 0.0, ""nstres"": 0.0}",0.0,0.0,770.7070922851562,0.0,1.1391361951828003,0.0,,0.0,0.0,0.0,180.0,12.242395019531251,12.242395019531251,Leave_One_experiments/all_year_offline_schedule_search/daily_outputs/HLA/HLA_2017_HLA2017_normal_grid_S0028_daily.csv
HLA,HLA,Hailun,2017,Leave_One_experiments\wth_generated_qc\HLA\HLA2017.WTH,normal_year;nitrogen_stress_year;low_response_year,normal,HLA2017_normal_grid_S0028,pareto_balanced,2017-06-24,175,56,51,"{""sim_day"": 56.0, ""doy"": 175.0, ""topwt"": 866.2197875976562, ""grnwt"": 0.0, ""xlai"": 1.246079921722412, ""totir"": 0.0, ""tofer"": NaN, ""swfac"": 0.0, ""nstres"": 0.0}",0.0,0.0,866.2197875976562,0.0,1.246079921722412,0.0,,0.0,0.0,0.0,180.0,12.242395019531251,12.242395019531251,Leave_One_experiments/all_year_offline_schedule_search/daily_outputs/HLA/HLA_2017_HLA2017_normal_grid_S0028_daily.csv
HLA,HLA,Hailun,2017,Leave_One_experiments\wth_generated_qc\HLA\HLA2017.WTH,normal_year;nitrogen_stress_year;low_response_year,normal,HLA2017_normal_grid_S0028,pareto_balanced,2017-06-25,176,57,52,"{""sim_day"": 57.0, ""doy"": 176.0, ""topwt"": 975.3945922851562, ""grnwt"": 0.0, ""xlai"": 1.3618578910827637, ""totir"": 0.0, ""tofer"": NaN, ""swfac"": 0.0, ""nstres"": 0.0}",0.0,0.0,975.3945922851562,0.0,1.3618578910827637,0.0,,0.0,0.0,0.0,180.0,12.242395019531251,12.242395019531251,Leave_One_experiments/all_year_offline_schedule_search/daily_outputs/HLA/HLA_2017_HLA2017_normal_grid_S0028_daily.csv
HLA,HLA,Hailun,2017,Leave_One_experiments\wth_generated_qc\HLA\HLA2017.WTH,normal_year;nitrogen_stress_year;low_response_year,normal,HLA2017_normal_grid_S0028,pareto_balanced,2017-06-26,177,58,53,"{""sim_day"": 58.0, ""doy"": 177.0, ""topwt"": 1102.9635620117188, ""grnwt"": 0.0, ""xlai"": 1.4890286922454834, ""totir"": 0.0, ""tofer"": NaN, ""swfac"": 0.0, ""nstres"": 0.0}",0.0,0.0,1102.9635620117188,0.0,1.4890286922454834,0.0,,0.0,0.0,0.0,180.0,12.242395019531251,12.242395019531251,Leave_One_experiments/all_year_offline_schedule_search/daily_outputs/HLA/HLA_2017_HLA2017_normal_grid_S0028_daily.csv
HLA,HLA,Hailun,2017,Leave_One_experiments\wth_generated_qc\HLA\HLA2017.WTH,normal_year;nitrogen_stress_year;low_response_year,normal,HLA2017_normal_grid_S0028,pareto_balanced,2017-06-27,178,59,54,"{""sim_day"": 59.0, ""doy"": 178.0, ""topwt"": 1250.8060455322266, ""grnwt"": 0.0, ""xlai"": 1.626508712768555, ""totir"": 0.0, ""tofer"": NaN, ""swfac"": 0.0, ""nstres"": 0.0}",0.0,0.0,1250.8060455322266,0.0,1.626508712768555,0.0,,0.0,0.0,0.0,180.0,12.242395019531251,12.242395019531251,Leave_One_experiments/all_year_offline_schedule_search/daily_outputs/HLA/HLA_2017_HLA2017_normal_grid_S0028_daily.csv
HLA,HLA,Hailun,2017,Leave_One_experiments\wth_generated_qc\HLA\HLA2017.WTH,normal_year;nitrogen_stress_year;low_response_year,normal,HLA2017_normal_grid_S0028,pareto_balanced,2017-06-28,179,60,55,"{""sim_day"": 60.0, ""doy"": 179.0, ""topwt"": 1402.2805786132812, ""grnwt"": 0.0, ""xlai"": 1.757882595062256, ""totir"": 0.0, ""tofer"": NaN, ""swfac"": 0.0, ""nstres"": 0.0}",0.0,0.0,1402.2805786132812,0.0,1.757882595062256,0.0,,0.0,0.0,0.0,180.0,12.242395019531251,12.242395019531251,Leave_One_experiments/all_year_offline_schedule_search/daily_outputs/HLA/HLA_2017_HLA2017_normal_grid_S0028_daily.csv
HLA,HLA,Hailun,2017,Leave_One_experiments\wth_generated_qc\HLA\HLA2017.WTH,normal_year;nitrogen_stress_year;low_response_year,normal,HLA2017_normal_grid_S0028,pareto_balanced,2017-06-29,180,61,56,"{""sim_day"": 61.0, ""doy"": 180.0, ""topwt"": 1544.8776245117188, ""grnwt"": 0.0, ""xlai"": 1.8739467859268188, ""totir"": 0.0, ""tofer"": NaN, ""swfac"": 0.0, ""nstres"": 0.0}",0.0,0.0,1544.8776245117188,0.0,1.8739467859268188,0.0,,0.0,0.0,0.0,180.0,12.242395019531251,12.242395019531251,Leave_One_experiments/all_year_offline_schedule_search/daily_outputs/HLA/HLA_2017_HLA2017_normal_grid_S0028_daily.csv
HLA,HLA,Hailun,2017,Leave_One_experiments\wth_generated_qc\HLA\HLA2017.WTH,normal_year;nitrogen_stress_year;low_response_year,normal,HLA2017_normal_grid_S0028,pareto_balanced,2017-06-30,181,62,57,"{""sim_day"": 62.0, ""doy"": 181.0, ""topwt"": 1691.777801513672, ""grnwt"": 0.0, ""xlai"": 1.986379623413086, ""totir"": 0.0, ""tofer"": NaN, ""swfac"": 0.0, ""nstres"": 0.0}",0.0,0.0,1691.777801513672,0.0,1.986379623413086,0.0,,0.0,0.0,0.0,180.0,12.242395019531251,12.242395019531251,Leave_One_experiments/all_year_offline_schedule_search/daily_outputs/HLA/HLA_2017_HLA2017_normal_grid_S0028_daily.csv
HLA,HLA,Hailun,2017,Leave_One_experiments\wth_generated_qc\HLA\HLA2017.WTH,normal_year;nitrogen_stress_year;low_response_year,normal,HLA2017_normal_grid_S0028,pareto_balanced,2017-07-01,182,63,58,"{""sim_day"": 63.0, ""doy"": 182.0, ""topwt"": 1848.102569580078, ""grnwt"": 0.0, ""xlai"": 2.098841905593872, ""totir"": 0.0, ""tofer"": NaN, ""swfac"": 0.0, ""nstres"": 0.0}",0.0,0.0,1848.102569580078,0.0,2.098841905593872,0.0,,0.0,0.0,0.0,180.0,12.242395019531251,12.242395019531251,Leave_One_experiments/all_year_offline_schedule_search/daily_outputs/HLA/HLA_2017_HLA2017_normal_grid_S0028_daily.csv
HLA,HLA,Hailun,2017,Leave_One_experiments\wth_generated_qc\HLA\HLA2017.WTH,normal_year;nitrogen_stress_year;low_response_year,normal,HLA2017_normal_grid_S0028,pareto_balanced,2017-07-02,183,64,59,"{""sim_day"": 64.0, ""doy"": 183.0, ""topwt"": 2045.784912109375, ""grnwt"": 0.0, ""xlai"": 2.2311627864837646, ""totir"": 0.0, ""tofer"": NaN, ""swfac"": 0.0, ""nstres"": 0.0}",0.0,0.0,2045.784912109375,0.0,2.2311627864837646,0.0,,0.0,0.0,0.0,180.0,12.242395019531251,12.242395019531251,Leave_One_experiments/all_year_offline_schedule_search/daily_outputs/HLA/HLA_2017_HLA2017_normal_grid_S0028_daily.csv
HLA,HLA,Hailun,2017,Leave_One_experiments\wth_generated_qc\HLA\HLA2017.WTH,normal_year;nitrogen_stress_year;low_response_year,normal,HLA2017_normal_grid_S0028,pareto_balanced,2017-07-03,184,65,60,"{""sim_day"": 65.0, ""doy"": 184.0, ""topwt"": 2256.787109375, ""grnwt"": 0.0, ""xlai"": 2.362422227859497, ""totir"": 0.0, ""tofer"": NaN, ""swfac"": 0.0, ""nstres"": 0.0}",0.0,0.0,2256.787109375,0.0,2.362422227859497,0.0,,0.0,50.0,0.0,180.0,12.242395019531251,12.242395019531251,Leave_One_experiments/all_year_offline_schedule_search/daily_outputs/HLA/HLA_2017_HLA2017_normal_grid_S0028_daily.csv
HLA,HLA,Hailun,2017,Leave_One_experiments\wth_generated_qc\HLA\HLA2017.WTH,normal_year;nitrogen_stress_year;low_response_year,normal,HLA2017_normal_grid_S0028,pareto_balanced,2017-07-04,185,66,61,"{""sim_day"": 66.0, ""doy"": 185.0, ""topwt"": 2509.3467712402344, ""grnwt"": 0.0, ""xlai"": 2.5074474811553955, ""totir"": 0.0, ""tofer"": NaN, ""swfac"": 0.0, ""nstres"": 0.0}",0.0,0.0,2509.3467712402344,0.0,2.5074474811553955,0.0,,0.0,0.0,0.0,180.0,12.242395019531251,12.242395019531251,Leave_One_experiments/all_year_offline_schedule_search/daily_outputs/HLA/HLA_2017_HLA2017_normal_grid_S0028_daily.csv
HLA,HLA,Hailun,2017,Leave_One_experiments\wth_generated_qc\HLA\HLA2017.WTH,normal_year;nitrogen_stress_year;low_response_year,normal,HLA2017_normal_grid_S0028,pareto_balanced,2017-07-05,186,67,62,"{""sim_day"": 67.0, ""doy"": 186.0, ""topwt"": 2788.8543701171875, ""grnwt"": 0.0, ""xlai"": 2.655308961868286, ""totir"": 0.0, ""tofer"": NaN, ""swfac"": 0.0, ""nstres"": 0.0}",0.0,0.0,2788.8543701171875,0.0,2.655308961868286,0.0,,0.0,0.0,0.0,180.0,12.242395019531251,12.242395019531251,Leave_One_experiments/all_year_offline_schedule_search/daily_outputs/HLA/HLA_2017_HLA2017_normal_grid_S0028_daily.csv
HLA,HLA,Hailun,2017,Leave_One_experiments\wth_generated_qc\HLA\HLA2017.WTH,normal_year;nitrogen_stress_year;low_response_year,normal,HLA2017_normal_grid_S0028,pareto_balanced,2017-07-06,187,68,63,"{""sim_day"": 68.0, ""doy"": 187.0, ""topwt"": 3095.4379272460938, ""grnwt"": 0.0, ""xlai"": 2.8046793937683105, ""totir"": 0.0, ""tofer"": NaN, ""swfac"": 0.0, ""nstres"": 0.0}",0.0,0.0,3095.4379272460938,0.0,2.8046793937683105,0.0,,0.0,0.0,0.0,180.0,12.242395019531251,12.242395019531251,Leave_One_experiments/all_year_offline_schedule_search/daily_outputs/HLA/HLA_2017_HLA2017_normal_grid_S0028_daily.csv
HLA,HLA,Hailun,2017,Leave_One_experiments\wth_generated_qc\HLA\HLA2017.WTH,normal_year;nitrogen_stress_year;low_response_year,normal,HLA2017_normal_grid_S0028,pareto_balanced,2017-07-07,188,69,64,"{""sim_day"": 69.0, ""doy"": 188.0, ""topwt"": 3263.661499023437, ""grnwt"": 0.0, ""xlai"": 2.881156206130981, ""totir"": 0.0, ""tofer"": NaN, ""swfac"": 0.0, ""nstres"": 0.0}",0.0,0.0,3263.661499023437,0.0,2.881156206130981,0.0,,0.0,0.0,0.0,180.0,12.242395019531251,12.242395019531251,Leave_One_experiments/all_year_offline_schedule_search/daily_outputs/HLA/HLA_2017_HLA2017_normal_grid_S0028_daily.csv
HLA,HLA,Hailun,2017,Leave_One_experiments\wth_generated_qc\HLA\HLA2017.WTH,normal_year;nitrogen_stress_year;low_response_year,normal,HLA2017_normal_grid_S0028,pareto_balanced,2017-07-08,189,70,65,"{""sim_day"": 70.0, ""doy"": 189.0, ""topwt"": 3534.315795898437, ""grnwt"": 0.0, ""xlai"": 2.99629020690918, ""totir"": 0.0, ""tofer"": NaN, ""swfac"": 0.0, ""nstres"": 0.0}",0.0,0.0,3534.315795898437,0.0,2.99629020690918,0.0,,0.0,0.0,0.0,180.0,12.242395019531251,12.242395019531251,Leave_One_experiments/all_year_offline_schedule_search/daily_outputs/HLA/HLA_2017_HLA2017_normal_grid_S0028_daily.csv
HLA,HLA,Hailun,2017,Leave_One_experiments\wth_generated_qc\HLA\HLA2017.WTH,normal_year;nitrogen_stress_year;low_response_year,normal,HLA2017_normal_grid_S0028,pareto_balanced,2017-07-09,190,71,66,"{""sim_day"": 71.0, ""doy"": 190.0, ""topwt"": 3762.07763671875, ""grnwt"": 0.0, ""xlai"": 3.1468844413757324, ""totir"": 0.0, ""tofer"": NaN, ""swfac"": 0.0, ""nstres"": 0.0}",0.0,0.0,3762.07763671875,0.0,3.1468844413757324,0.0,,0.0,0.0,0.0,180.0,12.242395019531251,12.242395019531251,Leave_One_experiments/all_year_offline_schedule_search/daily_outputs/HLA/HLA_2017_HLA2017_normal_grid_S0028_daily.csv
HLA,HLA,Hailun,2017,Leave_One_experiments\wth_generated_qc\HLA\HLA2017.WTH,normal_year;nitrogen_stress_year;low_response_year,normal,HLA2017_normal_grid_S0028,pareto_balanced,2017-07-10,191,72,67,"{""sim_day"": 72.0, ""doy"": 191.0, ""topwt"": 4063.7173461914062, ""grnwt"": 0.0, ""xlai"": 3.286309003829956, ""totir"": 0.0, ""tofer"": NaN, ""swfac"": 0.0, ""nstres"": 0.0}",0.0,0.0,4063.7173461914062,0.0,3.286309003829956,0.0,,0.0,0.0,0.0,180.0,12.242395019531251,12.242395019531251,Leave_One_experiments/all_year_offline_schedule_search/daily_outputs/HLA/HLA_2017_HLA2017_normal_grid_S0028_daily.csv
HLA,HLA,Hailun,2017,Leave_One_experiments\wth_generated_qc\HLA\HLA2017.WTH,normal_year;nitrogen_stress_year;low_response_year,normal,HLA2017_normal_grid_S0028,pareto_balanced,2017-07-11,192,73,68,"{""sim_day"": 73.0, ""doy"": 192.0, ""topwt"": 4370.6634521484375, ""grnwt"": 0.0, ""xlai"": 3.4071195125579834, ""totir"": 0.0, ""tofer"": NaN, ""swfac"": 0.0, ""nstres"": 0.0}",0.0,0.0,4370.6634521484375,0.0,3.4071195125579834,0.0,,0.0,0.0,0.0,180.0,12.242395019531251,12.242395019531251,Leave_One_experiments/all_year_offline_schedule_search/daily_outputs/HLA/HLA_2017_HLA2017_normal_grid_S0028_daily.csv
HLA,HLA,Hailun,2017,Leave_One_experiments\wth_generated_qc\HLA\HLA2017.WTH,normal_year;nitrogen_stress_year;low_response_year,normal,HLA2017_normal_grid_S0028,pareto_balanced,2017-07-12,193,74,69,"{""sim_day"": 74.0, ""doy"": 193.0, ""topwt"": 4695.9027099609375, ""grnwt"": 0.0, ""xlai"": 3.5200228691101074, ""totir"": 0.0, ""tofer"": NaN, ""swfac"": 0.0, ""nstres"": 0.0}",0.0,0.0,4695.9027099609375,0.0,3.5200228691101074,0.0,,0.0,0.0,0.0,180.0,12.242395019531251,12.242395019531251,Leave_One_experiments/all_year_offline_schedule_search/daily_outputs/HLA/HLA_2017_HLA2017_normal_grid_S0028_daily.csv
HLA,HLA,Hailun,2017,Leave_One_experiments\wth_generated_qc\HLA\HLA2017.WTH,normal_year;nitrogen_stress_year;low_response_year,normal,HLA2017_normal_grid_S0028,pareto_balanced,2017-07-13,194,75,70,"{""sim_day"": 75.0, ""doy"": 194.0, ""topwt"": 4950.1275634765625, ""grnwt"": 0.0, ""xlai"": 3.601508617401123, ""totir"": 0.0, ""tofer"": NaN, ""swfac"": 0.0, ""nstres"": 0.0}",0.0,0.0,4950.1275634765625,0.0,3.601508617401123,0.0,,0.0,0.0,0.0,180.0,12.242395019531251,12.242395019531251,Leave_One_experiments/all_year_offline_schedule_search/daily_outputs/HLA/HLA_2017_HLA2017_normal_grid_S0028_daily.csv
HLA,HLA,Hailun,2017,Leave_One_experiments\wth_generated_qc\HLA\HLA2017.WTH,normal_year;nitrogen_stress_year;low_response_year,normal,HLA2017_normal_grid_S0028,pareto_balanced,2017-07-14,195,76,71,"{""sim_day"": 76.0, ""doy"": 195.0, ""topwt"": 5216.767578125, ""grnwt"": 0.0, ""xlai"": 3.681110858917236, ""totir"": 0.0, ""tofer"": NaN, ""swfac"": 0.0, ""nstres"": 0.0}",0.0,0.0,5216.767578125,0.0,3.681110858917236,0.0,,0.0,0.0,0.0,180.0,12.242395019531251,12.242395019531251,Leave_One_experiments/all_year_offline_schedule_search/daily_outputs/HLA/HLA_2017_HLA2017_normal_grid_S0028_daily.csv
HLA,HLA,Hailun,2017,Leave_One_experiments\wth_generated_qc\HLA\HLA2017.WTH,normal_year;nitrogen_stress_year;low_response_year,normal,HLA2017_normal_grid_S0028,pareto_balanced,2017-07-15,196,77,72,"{""sim_day"": 77.0, ""doy"": 196.0, ""topwt"": 5464.53857421875, ""grnwt"": 0.0, ""xlai"": 3.750886201858521, ""totir"": 0.0, ""tofer"": NaN, ""swfac"": 0.0, ""nstres"": 0.0}",0.0,0.0,5464.53857421875,0.0,3.750886201858521,0.0,,0.0,0.0,0.0,180.0,12.242395019531251,12.242395019531251,Leave_One_experiments/all_year_offline_schedule_search/daily_outputs/HLA/HLA_2017_HLA2017_normal_grid_S0028_daily.csv
HLA,HLA,Hailun,2017,Leave_One_experiments\wth_generated_qc\HLA\HLA2017.WTH,normal_year;nitrogen_stress_year;low_response_year,normal,HLA2017_normal_grid_S0028,pareto_balanced,2017-07-16,197,78,73,"{""sim_day"": 78.0, ""doy"": 197.0, ""topwt"": 5728.372802734375, ""grnwt"": 0.0, ""xlai"": 3.8212175369262695, ""totir"": 0.0, ""tofer"": NaN, ""swfac"": 0.0, ""nstres"": 0.0}",0.0,0.0,5728.372802734375,0.0,3.8212175369262695,0.0,,0.0,0.0,0.0,180.0,12.242395019531251,12.242395019531251,Leave_One_experiments/all_year_offline_schedule_search/daily_outputs/HLA/HLA_2017_HLA2017_normal_grid_S0028_daily.csv
HLA,HLA,Hailun,2017,Leave_One_experiments\wth_generated_qc\HLA\HLA2017.WTH,normal_year;nitrogen_stress_year;low_response_year,normal,HLA2017_normal_grid_S0028,pareto_balanced,2017-07-17,198,79,74,"{""sim_day"": 79.0, ""doy"": 198.0, ""topwt"": 6013.6895751953125, ""grnwt"": 0.0, ""xlai"": 3.893340826034546, ""totir"": 0.0, ""tofer"": NaN, ""swfac"": 0.0, ""nstres"": 0.0}",0.0,0.0,6013.6895751953125,0.0,3.893340826034546,0.0,,0.0,0.0,0.0,180.0,12.242395019531251,12.242395019531251,Leave_One_experiments/all_year_offline_schedule_search/daily_outputs/HLA/HLA_2017_HLA2017_normal_grid_S0028_daily.csv
HLA,HLA,Hailun,2017,Leave_One_experiments\wth_generated_qc\HLA\HLA2017.WTH,normal_year;nitrogen_stress_year;low_response_year,normal,HLA2017_normal_grid_S0028,pareto_balanced,2017-07-18,199,80,75,"{""sim_day"": 80.0, ""doy"": 199.0, ""topwt"": 6231.2591552734375, ""grnwt"": 0.0, ""xlai"": 3.9462389945983887, ""totir"": 0.0, ""tofer"": NaN, ""swfac"": 0.0, ""nstres"": 0.0}",0.0,0.0,6231.2591552734375,0.0,3.9462389945983887,0.0,,0.0,0.0,0.0,180.0,12.242395019531251,12.242395019531251,Leave_One_experiments/all_year_offline_schedule_search/daily_outputs/HLA/HLA_2017_HLA2017_normal_grid_S0028_daily.csv
HLA,HLA,Hailun,2017,Leave_One_experiments\wth_generated_qc\HLA\HLA2017.WTH,normal_year;nitrogen_stress_year;low_response_year,normal,HLA2017_normal_grid_S0028,pareto_balanced,2017-07-19,200,81,76,"{""sim_day"": 81.0, ""doy"": 200.0, ""topwt"": 6437.1026611328125, ""grnwt"": 0.0, ""xlai"": 3.996219158172608, ""totir"": 0.0, ""tofer"": NaN, ""swfac"": 0.0, ""nstres"": 0.0}",0.0,0.0,6437.1026611328125,0.0,3.996219158172608,0.0,,0.0,0.0,0.0,180.0,12.242395019531251,12.242395019531251,Leave_One_experiments/all_year_offline_schedule_search/daily_outputs/HLA/HLA_2017_HLA2017_normal_grid_S0028_daily.csv
HLA,HLA,Hailun,2017,Leave_One_experiments\wth_generated_qc\HLA\HLA2017.WTH,normal_year;nitrogen_stress_year;low_response_year,normal,HLA2017_normal_grid_S0028,pareto_balanced,2017-07-20,201,82,77,"{""sim_day"": 82.0, ""doy"": 201.0, ""topwt"": 6632.7764892578125, ""grnwt"": 0.0, ""xlai"": 4.043668746948242, ""totir"": 0.0, ""tofer"": NaN, ""swfac"": 0.0, ""nstres"": 0.0}",0.0,0.0,6632.7764892578125,0.0,4.043668746948242,0.0,,0.0,0.0,0.0,180.0,12.242395019531251,12.242395019531251,Leave_One_experiments/all_year_offline_schedule_search/daily_outputs/HLA/HLA_2017_HLA2017_normal_grid_S0028_daily.csv
HLA,HLA,Hailun,2017,Leave_One_experiments\wth_generated_qc\HLA\HLA2017.WTH,normal_year;nitrogen_stress_year;low_response_year,normal,HLA2017_normal_grid_S0028,pareto_balanced,2017-07-21,202,83,78,"{""sim_day"": 83.0, ""doy"": 202.0, ""topwt"": 6861.2158203125, ""grnwt"": 0.0, ""xlai"": 4.09764575958252, ""totir"": 0.0, ""tofer"": NaN, ""swfac"": 0.0, ""nstres"": 0.0}",0.0,0.0,6861.2158203125,0.0,4.09764575958252,0.0,,0.0,0.0,0.0,180.0,12.242395019531251,12.242395019531251,Leave_One_experiments/all_year_offline_schedule_search/daily_outputs/HLA/HLA_2017_HLA2017_normal_grid_S0028_daily.csv
HLA,HLA,Hailun,2017,Leave_One_experiments\wth_generated_qc\HLA\HLA2017.WTH,normal_year;nitrogen_stress_year;low_response_year,normal,HLA2017_normal_grid_S0028,pareto_balanced,2017-07-22,203,84,79,"{""sim_day"": 84.0, ""doy"": 203.0, ""topwt"": 7102.594604492188, ""grnwt"": 0.0, ""xlai"": 4.152910232543945, ""totir"": 0.0, ""tofer"": NaN, ""swfac"": 0.0, ""nstres"": 0.0}",0.0,0.0,7102.594604492188,0.0,4.152910232543945,0.0,,0.0,0.0,0.0,180.0,12.242395019531251,12.242395019531251,Leave_One_experiments/all_year_offline_schedule_search/daily_outputs/HLA/HLA_2017_HLA2017_normal_grid_S0028_daily.csv
HLA,HLA,Hailun,2017,Leave_One_experiments\wth_generated_qc\HLA\HLA2017.WTH,normal_year;nitrogen_stress_year;low_response_year,normal,HLA2017_normal_grid_S0028,pareto_balanced,2017-07-23,204,85,80,"{""sim_day"": 85.0, ""doy"": 204.0, ""topwt"": 7270.867919921875, ""grnwt"": 0.0, ""xlai"": 4.188412189483643, ""totir"": 0.0, ""tofer"": NaN, ""swfac"": 0.0, ""nstres"": 0.0}",0.0,0.0,7270.867919921875,0.0,4.188412189483643,0.0,,0.0,0.0,0.0,180.0,12.242395019531251,12.242395019531251,Leave_One_experiments/all_year_offline_schedule_search/daily_outputs/HLA/HLA_2017_HLA2017_normal_grid_S0028_daily.csv
HLA,HLA,Hailun,2017,Leave_One_experiments\wth_generated_qc\HLA\HLA2017.WTH,normal_year;nitrogen_stress_year;low_response_year,normal,HLA2017_normal_grid_S0028,pareto_balanced,2017-07-24,205,86,81,"{""sim_day"": 86.0, ""doy"": 205.0, ""topwt"": 7425.686645507812, ""grnwt"": 0.0, ""xlai"": 4.219365119934082, ""totir"": 0.0, ""tofer"": NaN, ""swfac"": 0.0, ""nstres"": 0.0}",0.0,0.0,7425.686645507812,0.0,4.219365119934082,0.0,,0.0,0.0,0.0,180.0,12.242395019531251,12.242395019531251,Leave_One_experiments/all_year_offline_schedule_search/daily_outputs/HLA/HLA_2017_HLA2017_normal_grid_S0028_daily.csv
HLA,HLA,Hailun,2017,Leave_One_experiments\wth_generated_qc\HLA\HLA2017.WTH,normal_year;nitrogen_stress_year;low_response_year,normal,HLA2017_normal_grid_S0028,pareto_balanced,2017-07-25,206,87,82,"{""sim_day"": 87.0, ""doy"": 206.0, ""topwt"": 7577.39990234375, ""grnwt"": 0.0, ""xlai"": 4.248437404632568, ""totir"": 0.0, ""tofer"": NaN, ""swfac"": 0.0, ""nstres"": 0.0}",0.0,0.0,7577.39990234375,0.0,4.248437404632568,0.0,,0.0,0.0,0.0,180.0,12.242395019531251,12.242395019531251,Leave_One_experiments/all_year_offline_schedule_search/daily_outputs/HLA/HLA_2017_HLA2017_normal_grid_S0028_daily.csv
HLA,HLA,Hailun,2017,Leave_One_experiments\wth_generated_qc\HLA\HLA2017.WTH,normal_year;nitrogen_stress_year;low_response_year,normal,HLA2017_normal_grid_S0028,pareto_balanced,2017-07-26,207,88,83,"{""sim_day"": 88.0, ""doy"": 207.0, ""topwt"": 7725.823974609375, ""grnwt"": 0.0, ""xlai"": 4.070294380187988, ""totir"": 0.0, ""tofer"": NaN, ""swfac"": 0.0, ""nstres"": 0.0}",0.0,0.0,7725.823974609375,0.0,4.070294380187988,0.0,,0.0,0.0,0.0,180.0,12.242395019531251,12.242395019531251,Leave_One_experiments/all_year_offline_schedule_search/daily_outputs/HLA/HLA_2017_HLA2017_normal_grid_S0028_daily.csv
HLA,HLA,Hailun,2017,Leave_One_experiments\wth_generated_qc\HLA\HLA2017.WTH,normal_year;nitrogen_stress_year;low_response_year,normal,HLA2017_normal_grid_S0028,pareto_balanced,2017-07-27,208,89,84,"{""sim_day"": 89.0, ""doy"": 208.0, ""topwt"": 8152.60986328125, ""grnwt"": 0.0, ""xlai"": 4.057675838470459, ""totir"": 0.0, ""tofer"": NaN, ""swfac"": 0.0, ""nstres"": 0.0}",0.0,0.0,8152.60986328125,0.0,4.057675838470459,0.0,,0.0,0.0,0.0,180.0,12.242395019531251,12.242395019531251,Leave_One_experiments/all_year_offline_schedule_search/daily_outputs/HLA/HLA_2017_HLA2017_normal_grid_S0028_daily.csv
HLA,HLA,Hailun,2017,Leave_One_experiments\wth_generated_qc\HLA\HLA2017.WTH,normal_year;nitrogen_stress_year;low_response_year,normal,HLA2017_normal_grid_S0028,pareto_balanced,2017-07-28,209,90,85,"{""sim_day"": 90.0, ""doy"": 209.0, ""topwt"": 8565.457153320312, ""grnwt"": 0.0, ""xlai"": 4.042640686035156, ""totir"": 0.0, ""tofer"": NaN, ""swfac"": 0.0, ""nstres"": 0.0}",0.0,0.0,8565.457153320312,0.0,4.042640686035156,0.0,,0.0,0.0,0.0,180.0,12.242395019531251,12.242395019531251,Leave_One_experiments/all_year_offline_schedule_search/daily_outputs/HLA/HLA_2017_HLA2017_normal_grid_S0028_daily.csv
HLA,HLA,Hailun,2017,Leave_One_experiments\wth_generated_qc\HLA\HLA2017.WTH,normal_year;nitrogen_stress_year;low_response_year,normal,HLA2017_normal_grid_S0028,pareto_balanced,2017-07-29,210,91,86,"{""sim_day"": 91.0, ""doy"": 210.0, ""topwt"": 8798.309936523438, ""grnwt"": 0.0, ""xlai"": 4.026693344116211, ""totir"": 0.0, ""tofer"": NaN, ""swfac"": 0.0, ""nstres"": 0.0}",0.0,0.0,8798.309936523438,0.0,4.026693344116211,0.0,,0.0,0.0,0.0,180.0,12.242395019531251,12.242395019531251,Leave_One_experiments/all_year_offline_schedule_search/daily_outputs/HLA/HLA_2017_HLA2017_normal_grid_S0028_daily.csv
HLA,HLA,Hailun,2017,Leave_One_experiments\wth_generated_qc\HLA\HLA2017.WTH,normal_year;nitrogen_stress_year;low_response_year,normal,HLA2017_normal_grid_S0028,pareto_balanced,2017-07-30,211,92,87,"{""sim_day"": 92.0, ""doy"": 211.0, ""topwt"": 9126.7578125, ""grnwt"": 0.0, ""xlai"": 4.009134769439697, ""totir"": 0.0, ""tofer"": NaN, ""swfac"": 0.0, ""nstres"": 0.0}",0.0,0.0,9126.7578125,0.0,4.009134769439697,0.0,,0.0,0.0,0.0,180.0,12.242395019531251,12.242395019531251,Leave_One_experiments/all_year_offline_schedule_search/daily_outputs/HLA/HLA_2017_HLA2017_normal_grid_S0028_daily.csv
HLA,HLA,Hailun,2017,Leave_One_experiments\wth_generated_qc\HLA\HLA2017.WTH,normal_year;nitrogen_stress_year;low_response_year,normal,HLA2017_normal_grid_S0028,pareto_balanced,2017-07-31,212,93,88,"{""sim_day"": 93.0, ""doy"": 212.0, ""topwt"": 9264.596557617188, ""grnwt"": 0.0, ""xlai"": 3.994958877563477, ""totir"": 0.0, ""tofer"": NaN, ""swfac"": 0.0, ""nstres"": 0.0}",0.0,0.0,9264.596557617188,0.0,3.994958877563477,0.0,,0.0,0.0,0.0,180.0,12.242395019531251,12.242395019531251,Leave_One_experiments/all_year_offline_schedule_search/daily_outputs/HLA/HLA_2017_HLA2017_normal_grid_S0028_daily.csv
HLA,HLA,Hailun,2017,Leave_One_experiments\wth_generated_qc\HLA\HLA2017.WTH,normal_year;nitrogen_stress_year;low_response_year,normal,HLA2017_normal_grid_S0028,pareto_balanced,2017-08-01,213,94,89,"{""sim_day"": 94.0, ""doy"": 213.0, ""topwt"": 9327.30712890625, ""grnwt"": 0.0, ""xlai"": 3.9800851345062256, ""totir"": 0.0, ""tofer"": NaN, ""swfac"": 0.0, ""nstres"": 0.0}",0.0,0.0,9327.30712890625,0.0,3.9800851345062256,0.0,,0.0,0.0,0.0,180.0,12.242395019531251,12.242395019531251,Leave_One_experiments/all_year_offline_schedule_search/daily_outputs/HLA/HLA_2017_HLA2017_normal_grid_S0028_daily.csv
HLA,HLA,Hailun,2017,Leave_One_experiments\wth_generated_qc\HLA\HLA2017.WTH,normal_year;nitrogen_stress_year;low_response_year,normal,HLA2017_normal_grid_S0028,pareto_balanced,2017-08-02,214,95,90,"{""sim_day"": 95.0, ""doy"": 214.0, ""topwt"": 9365.086669921877, ""grnwt"": 0.0, ""xlai"": 3.9647815227508554, ""totir"": 0.0, ""tofer"": NaN, ""swfac"": 0.0, ""nstres"": 0.0}",0.0,0.0,9365.086669921877,0.0,3.9647815227508554,0.0,,0.0,0.0,0.0,180.0,12.242395019531251,12.242395019531251,Leave_One_experiments/all_year_offline_schedule_search/daily_outputs/HLA/HLA_2017_HLA2017_normal_grid_S0028_daily.csv
HLA,HLA,Hailun,2017,Leave_One_experiments\wth_generated_qc\HLA\HLA2017.WTH,normal_year;nitrogen_stress_year;low_response_year,normal,HLA2017_normal_grid_S0028,pareto_balanced,2017-08-03,215,96,91,"{""sim_day"": 96.0, ""doy"": 215.0, ""topwt"": 9528.154296875, ""grnwt"": 0.0, ""xlai"": 3.94792103767395, ""totir"": 0.0, ""tofer"": NaN, ""swfac"": 0.0, ""nstres"": 0.0}",0.0,0.0,9528.154296875,0.0,3.94792103767395,0.0,,0.0,0.0,0.0,180.0,12.242395019531251,12.242395019531251,Leave_One_experiments/all_year_offline_schedule_search/daily_outputs/HLA/HLA_2017_HLA2017_normal_grid_S0028_daily.csv
HLA,HLA,Hailun,2017,Leave_One_experiments\wth_generated_qc\HLA\HLA2017.WTH,normal_year;nitrogen_stress_year;low_response_year,normal,HLA2017_normal_grid_S0028,pareto_balanced,2017-08-04,216,97,92,"{""sim_day"": 97.0, ""doy"": 216.0, ""topwt"": 9782.98828125, ""grnwt"": 0.0, ""xlai"": 3.931597232818604, ""totir"": 0.0, ""tofer"": NaN, ""swfac"": 0.0, ""nstres"": 0.0}",0.0,0.0,9782.98828125,0.0,3.931597232818604,0.0,,0.0,0.0,0.0,180.0,12.242395019531251,12.242395019531251,Leave_One_experiments/all_year_offline_schedule_search/daily_outputs/HLA/HLA_2017_HLA2017_normal_grid_S0028_daily.csv
HLA,HLA,Hailun,2017,Leave_One_experiments\wth_generated_qc\HLA\HLA2017.WTH,normal_year;nitrogen_stress_year;low_response_year,normal,HLA2017_normal_grid_S0028,pareto_balanced,2017-08-05,217,98,93,"{""sim_day"": 98.0, ""doy"": 217.0, ""topwt"": 10001.135864257812, ""grnwt"": 0.0, ""xlai"": 3.9131791591644287, ""totir"": 0.0, ""tofer"": NaN, ""swfac"": 0.0, ""nstres"": 0.0}",0.0,0.0,10001.135864257812,0.0,3.9131791591644287,0.0,,0.0,0.0,0.0,180.0,12.242395019531251,12.242395019531251,Leave_One_experiments/all_year_offline_schedule_search/daily_outputs/HLA/HLA_2017_HLA2017_normal_grid_S0028_daily.csv
HLA,HLA,Hailun,2017,Leave_One_experiments\wth_generated_qc\HLA\HLA2017.WTH,normal_year;nitrogen_stress_year;low_response_year,normal,HLA2017_normal_grid_S0028,pareto_balanced,2017-08-06,218,99,94,"{""sim_day"": 99.0, ""doy"": 218.0, ""topwt"": 10132.056884765623, ""grnwt"": 136.4461326599121, ""xlai"": 3.81972599029541, ""totir"": 0.0, ""tofer"": NaN, ""swfac"": 0.0, ""nstres"": 0.0}",0.0,0.0,10132.056884765623,136.4461326599121,3.81972599029541,0.0,,0.0,0.0,0.0,180.0,12.242395019531251,12.242395019531251,Leave_One_experiments/all_year_offline_schedule_search/daily_outputs/HLA/HLA_2017_HLA2017_normal_grid_S0028_daily.csv
HLA,HLA,Hailun,2017,Leave_One_experiments\wth_generated_qc\HLA\HLA2017.WTH,normal_year;nitrogen_stress_year;low_response_year,normal,HLA2017_normal_grid_S0028,pareto_balanced,2017-08-07,219,100,95,"{""sim_day"": 100.0, ""doy"": 219.0, ""topwt"": 10274.0283203125, ""grnwt"": 272.8922653198242, ""xlai"": 3.807945966720581, ""totir"": 0.0, ""tofer"": NaN, ""swfac"": 0.0, ""nstres"": 0.0}",0.0,0.0,10274.0283203125,272.8922653198242,3.807945966720581,0.0,,0.0,0.0,0.0,180.0,12.242395019531251,12.242395019531251,Leave_One_experiments/all_year_offline_schedule_search/daily_outputs/HLA/HLA_2017_HLA2017_normal_grid_S0028_daily.csv
HLA,HLA,Hailun,2017,Leave_One_experiments\wth_generated_qc\HLA\HLA2017.WTH,normal_year;nitrogen_stress_year;low_response_year,normal,HLA2017_normal_grid_S0028,pareto_balanced,2017-08-08,220,101,96,"{""sim_day"": 101.0, ""doy"": 220.0, ""topwt"": 10410.4736328125, ""grnwt"": 409.33837890625, ""xlai"": 3.792782783508301, ""totir"": 0.0, ""tofer"": NaN, ""swfac"": 0.0, ""nstres"": 0.0}",0.0,0.0,10410.4736328125,409.33837890625,3.792782783508301,0.0,,0.0,0.0,0.0,180.0,12.242395019531251,12.242395019531251,Leave_One_experiments/all_year_offline_schedule_search/daily_outputs/HLA/HLA_2017_HLA2017_normal_grid_S0028_daily.csv
HLA,HLA,Hailun,2017,Leave_One_experiments\wth_generated_qc\HLA\HLA2017.WTH,normal_year;nitrogen_stress_year;low_response_year,normal,HLA2017_normal_grid_S0028,pareto_balanced,2017-08-09,221,102,97,"{""sim_day"": 102.0, ""doy"": 221.0, ""topwt"": 10546.920166015623, ""grnwt"": 545.7845306396484, ""xlai"": 3.773647546768189, ""totir"": 0.0, ""tofer"": NaN, ""swfac"": 0.0, ""nstres"": 0.0}",0.0,0.0,10546.920166015623,545.7845306396484,3.773647546768189,0.0,,0.0,0.0,0.0,180.0,12.242395019531251,12.242395019531251,Leave_One_experiments/all_year_offline_schedule_search/daily_outputs/HLA/HLA_2017_HLA2017_normal_grid_S0028_daily.csv
HLA,HLA,Hailun,2017,Leave_One_experiments\wth_generated_qc\HLA\HLA2017.WTH,normal_year;nitrogen_stress_year;low_response_year,normal,HLA2017_normal_grid_S0028,pareto_balanced,2017-08-10,222,103,98,"{""sim_day"": 103.0, ""doy"": 222.0, ""topwt"": 10683.36669921875, ""grnwt"": 682.2306823730469, ""xlai"": 3.7529296875, ""totir"": 0.0, ""tofer"": NaN, ""swfac"": 0.0, ""nstres"": 0.0}",0.0,0.0,10683.36669921875,682.2306823730469,3.7529296875,0.0,,0.0,0.0,0.0,180.0,12.242395019531251,12.242395019531251,Leave_One_experiments/all_year_offline_schedule_search/daily_outputs/HLA/HLA_2017_HLA2017_normal_grid_S0028_daily.csv
HLA,HLA,Hailun,2017,Leave_One_experiments\wth_generated_qc\HLA\HLA2017.WTH,normal_year;nitrogen_stress_year;low_response_year,normal,HLA2017_normal_grid_S0028,pareto_balanced,2017-08-11,223,104,99,"{""sim_day"": 104.0, ""doy"": 223.0, ""topwt"": 10819.81201171875, ""grnwt"": 818.6767578125, ""xlai"": 3.728403091430664, ""totir"": 0.0, ""tofer"": NaN, ""swfac"": 0.0, ""nstres"": 0.0}",0.0,0.0,10819.81201171875,818.6767578125,3.728403091430664,0.0,,0.0,0.0,0.0,180.0,12.242395019531251,12.242395019531251,Leave_One_experiments/all_year_offline_schedule_search/daily_outputs/HLA/HLA_2017_HLA2017_normal_grid_S0028_daily.csv
HLA,HLA,Hailun,2017,Leave_One_experiments\wth_generated_qc\HLA\HLA2017.WTH,normal_year;nitrogen_stress_year;low_response_year,normal,HLA2017_normal_grid_S0028,pareto_balanced,2017-08-12,224,105,100,"{""sim_day"": 105.0, ""doy"": 224.0, ""topwt"": 10956.25732421875, ""grnwt"": 955.1228332519532, ""xlai"": 3.6987483501434326, ""totir"": 0.0, ""tofer"": NaN, ""swfac"": 0.0, ""nstres"": 0.0}",0.0,0.0,10956.25732421875,955.1228332519532,3.6987483501434326,0.0,,0.0,0.0,0.0,180.0,12.242395019531251,12.242395019531251,Leave_One_experiments/all_year_offline_schedule_search/daily_outputs/HLA/HLA_2017_HLA2017_normal_grid_S0028_daily.csv
HLA,HLA,Hailun,2017,Leave_One_experiments\wth_generated_qc\HLA\HLA2017.WTH,normal_year;nitrogen_stress_year;low_response_year,normal,HLA2017_normal_grid_S0028,pareto_balanced,2017-08-13,225,106,101,"{""sim_day"": 106.0, ""doy"": 225.0, ""topwt"": 11092.703857421877, ""grnwt"": 1091.5689086914062, ""xlai"": 3.66522479057312, ""totir"": 0.0, ""tofer"": NaN, ""swfac"": 0.0, ""nstres"": 0.0}",0.0,0.0,11092.703857421877,1091.5689086914062,3.66522479057312,0.0,,0.0,0.0,0.0,180.0,12.242395019531251,12.242395019531251,Leave_One_experiments/all_year_offline_schedule_search/daily_outputs/HLA/HLA_2017_HLA2017_normal_grid_S0028_daily.csv
HLA,HLA,Hailun,2017,Leave_One_experiments\wth_generated_qc\HLA\HLA2017.WTH,normal_year;nitrogen_stress_year;low_response_year,normal,HLA2017_normal_grid_S0028,pareto_balanced,2017-08-14,226,107,102,"{""sim_day"": 107.0, ""doy"": 226.0, ""topwt"": 11229.150390625, ""grnwt"": 1228.0150604248047, ""xlai"": 3.630408525466919, ""totir"": 0.0, ""tofer"": NaN, ""swfac"": 0.0, ""nstres"": 0.0}",0.0,0.0,11229.150390625,1228.0150604248047,3.630408525466919,0.0,,0.0,0.0,0.0,180.0,12.242395019531251,12.242395019531251,Leave_One_experiments/all_year_offline_schedule_search/daily_outputs/HLA/HLA_2017_HLA2017_normal_grid_S0028_daily.csv
HLA,HLA,Hailun,2017,Leave_One_experiments\wth_generated_qc\HLA\HLA2017.WTH,normal_year;nitrogen_stress_year;low_response_year,normal,HLA2017_normal_grid_S0028,pareto_balanced,2017-08-15,227,108,103,"{""sim_day"": 108.0, ""doy"": 227.0, ""topwt"": 11365.595703125, ""grnwt"": 1364.4610595703125, ""xlai"": 3.589240550994873, ""totir"": 0.0, ""tofer"": NaN, ""swfac"": 0.0, ""nstres"": 0.0}",0.0,0.0,11365.595703125,1364.4610595703125,3.589240550994873,0.0,,0.0,0.0,0.0,180.0,12.242395019531251,12.242395019531251,Leave_One_experiments/all_year_offline_schedule_search/daily_outputs/HLA/HLA_2017_HLA2017_normal_grid_S0028_daily.csv
HLA,HLA,Hailun,2017,Leave_One_experiments\wth_generated_qc\HLA\HLA2017.WTH,normal_year;nitrogen_stress_year;low_response_year,normal,HLA2017_normal_grid_S0028,pareto_balanced,2017-08-16,228,109,104,"{""sim_day"": 109.0, ""doy"": 228.0, ""topwt"": 11502.041015625, ""grnwt"": 1500.9072875976562, ""xlai"": 3.5473902225494385, ""totir"": 0.0, ""tofer"": NaN, ""swfac"": 0.0, ""nstres"": 0.0}",0.0,0.0,11502.041015625,1500.9072875976562,3.5473902225494385,0.0,,0.0,0.0,0.0,180.0,12.242395019531251,12.242395019531251,Leave_One_experiments/all_year_offline_schedule_search/daily_outputs/HLA/HLA_2017_HLA2017_normal_grid_S0028_daily.csv
HLA,HLA,Hailun,2017,Leave_One_experiments\wth_generated_qc\HLA\HLA2017.WTH,normal_year;nitrogen_stress_year;low_response_year,normal,HLA2017_normal_grid_S0028,pareto_balanced,2017-08-17,229,110,105,"{""sim_day"": 110.0, ""doy"": 229.0, ""topwt"": 11638.487548828123, ""grnwt"": 1637.3533630371094, ""xlai"": 3.502973318099976, ""totir"": 0.0, ""tofer"": NaN, ""swfac"": 0.0, ""nstres"": 0.0}",0.0,0.0,11638.487548828123,1637.3533630371094,3.502973318099976,0.0,,0.0,0.0,0.0,180.0,12.242395019531251,12.242395019531251,Leave_One_experiments/all_year_offline_schedule_search/daily_outputs/HLA/HLA_2017_HLA2017_normal_grid_S0028_daily.csv
HLA,HLA,Hailun,2017,Leave_One_experiments\wth_generated_qc\HLA\HLA2017.WTH,normal_year;nitrogen_stress_year;low_response_year,normal,HLA2017_normal_grid_S0028,pareto_balanced,2017-08-18,230,111,106,"{""sim_day"": 111.0, ""doy"": 230.0, ""topwt"": 11774.93408203125, ""grnwt"": 1773.7994384765625, ""xlai"": 3.454960346221924, ""totir"": 0.0, ""tofer"": NaN, ""swfac"": 0.0, ""nstres"": 0.0}",0.0,0.0,11774.93408203125,1773.7994384765625,3.454960346221924,0.0,,0.0,0.0,0.0,180.0,12.242395019531251,12.242395019531251,Leave_One_experiments/all_year_offline_schedule_search/daily_outputs/HLA/HLA_2017_HLA2017_normal_grid_S0028_daily.csv
HLA,HLA,Hailun,2017,Leave_One_experiments\wth_generated_qc\HLA\HLA2017.WTH,normal_year;nitrogen_stress_year;low_response_year,normal,HLA2017_normal_grid_S0028,pareto_balanced,2017-08-19,231,112,107,"{""sim_day"": 112.0, ""doy"": 231.0, ""topwt"": 11911.37939453125, ""grnwt"": 1910.2456665039065, ""xlai"": 3.398904323577881, ""totir"": 0.0, ""tofer"": NaN, ""swfac"": 0.0, ""nstres"": 0.0}",0.0,0.0,11911.37939453125,1910.2456665039065,3.398904323577881,0.0,,0.0,0.0,0.0,180.0,12.242395019531251,12.242395019531251,Leave_One_experiments/all_year_offline_schedule_search/daily_outputs/HLA/HLA_2017_HLA2017_normal_grid_S0028_daily.csv
HLA,HLA,Hailun,2017,Leave_One_experiments\wth_generated_qc\HLA\HLA2017.WTH,normal_year;nitrogen_stress_year;low_response_year,normal,HLA2017_normal_grid_S0028,pareto_balanced,2017-08-20,232,113,108,"{""sim_day"": 113.0, ""doy"": 232.0, ""topwt"": 12047.825927734377, ""grnwt"": 2046.69189453125, ""xlai"": 3.333412408828736, ""totir"": 0.0, ""tofer"": NaN, ""swfac"": 0.0, ""nstres"": 0.0}",0.0,0.0,12047.825927734377,2046.69189453125,3.333412408828736,0.0,,0.0,0.0,0.0,180.0,12.242395019531251,12.242395019531251,Leave_One_experiments/all_year_offline_schedule_search/daily_outputs/HLA/HLA_2017_HLA2017_normal_grid_S0028_daily.csv
HLA,HLA,Hailun,2017,Leave_One_experiments\wth_generated_qc\HLA\HLA2017.WTH,normal_year;nitrogen_stress_year;low_response_year,normal,HLA2017_normal_grid_S0028,pareto_balanced,2017-08-21,233,114,109,"{""sim_day"": 114.0, ""doy"": 233.0, ""topwt"": 12184.2724609375, ""grnwt"": 2183.1381225585938, ""xlai"": 3.277085542678833, ""totir"": 0.0, ""tofer"": NaN, ""swfac"": 0.0, ""nstres"": 0.0}",0.0,0.0,12184.2724609375,2183.1381225585938,3.277085542678833,0.0,,0.0,0.0,0.0,180.0,12.242395019531251,12.242395019531251,Leave_One_experiments/all_year_offline_schedule_search/daily_outputs/HLA/HLA_2017_HLA2017_normal_grid_S0028_daily.csv
HLA,HLA,Hailun,2017,Leave_One_experiments\wth_generated_qc\HLA\HLA2017.WTH,normal_year;nitrogen_stress_year;low_response_year,normal,HLA2017_normal_grid_S0028,pareto_balanced,2017-08-22,234,115,110,"{""sim_day"": 115.0, ""doy"": 234.0, ""topwt"": 12320.7177734375, ""grnwt"": 2319.584350585937, ""xlai"": 3.2268295288085938, ""totir"": 0.0, ""tofer"": NaN, ""swfac"": 0.0, ""nstres"": 0.0}",0.0,0.0,12320.7177734375,2319.584350585937,3.2268295288085938,0.0,,0.0,0.0,0.0,180.0,12.242395019531251,12.242395019531251,Leave_One_experiments/all_year_offline_schedule_search/daily_outputs/HLA/HLA_2017_HLA2017_normal_grid_S0028_daily.csv
HLA,HLA,Hailun,2017,Leave_One_experiments\wth_generated_qc\HLA\HLA2017.WTH,normal_year;nitrogen_stress_year;low_response_year,normal,HLA2017_normal_grid_S0028,pareto_balanced,2017-08-23,235,116,111,"{""sim_day"": 116.0, ""doy"": 235.0, ""topwt"": 12457.164306640623, ""grnwt"": 2456.0304260253906, ""xlai"": 3.1794703006744385, ""totir"": 0.0, ""tofer"": NaN, ""swfac"": 0.0, ""nstres"": 0.0}",0.0,0.0,12457.164306640623,2456.0304260253906,3.1794703006744385,0.0,,0.0,0.0,0.0,180.0,12.242395019531251,12.242395019531251,Leave_One_experiments/all_year_offline_schedule_search/daily_outputs/HLA/HLA_2017_HLA2017_normal_grid_S0028_daily.csv
HLA,HLA,Hailun,2017,Leave_One_experiments\wth_generated_qc\HLA\HLA2017.WTH,normal_year;nitrogen_stress_year;low_response_year,normal,HLA2017_normal_grid_S0028,pareto_balanced,2017-08-24,236,117,112,"{""sim_day"": 117.0, ""doy"": 236.0, ""topwt"": 12573.468017578123, ""grnwt"": 2572.3345947265625, ""xlai"": 3.147224903106689, ""totir"": 0.0, ""tofer"": NaN, ""swfac"": 0.0, ""nstres"": 0.0}",0.0,0.0,12573.468017578123,2572.3345947265625,3.147224903106689,0.0,,0.0,0.0,0.0,180.0,12.242395019531251,12.242395019531251,Leave_One_experiments/all_year_offline_schedule_search/daily_outputs/HLA/HLA_2017_HLA2017_normal_grid_S0028_daily.csv
HLA,HLA,Hailun,2017,Leave_One_experiments\wth_generated_qc\HLA\HLA2017.WTH,normal_year;nitrogen_stress_year;low_response_year,normal,HLA2017_normal_grid_S0028,pareto_balanced,2017-08-25,237,118,113,"{""sim_day"": 118.0, ""doy"": 237.0, ""topwt"": 12706.6650390625, ""grnwt"": 2705.5319213867188, ""xlai"": 3.1071643829345703, ""totir"": 0.0, ""tofer"": NaN, ""swfac"": 0.0, ""nstres"": 0.0}",0.0,0.0,12706.6650390625,2705.5319213867188,3.1071643829345703,0.0,,0.0,0.0,0.0,180.0,12.242395019531251,12.242395019531251,Leave_One_experiments/all_year_offline_schedule_search/daily_outputs/HLA/HLA_2017_HLA2017_normal_grid_S0028_daily.csv
HLA,HLA,Hailun,2017,Leave_One_experiments\wth_generated_qc\HLA\HLA2017.WTH,normal_year;nitrogen_stress_year;low_response_year,normal,HLA2017_normal_grid_S0028,pareto_balanced,2017-08-26,238,119,114,"{""sim_day"": 119.0, ""doy"": 238.0, ""topwt"": 12843.11279296875, ""grnwt"": 2841.9781494140625, ""xlai"": 3.0500009059906006, ""totir"": 0.0, ""tofer"": NaN, ""swfac"": 0.0, ""nstres"": 0.0}",0.0,0.0,12843.11279296875,2841.9781494140625,3.0500009059906006,0.0,,0.0,0.0,0.0,180.0,12.242395019531251,12.242395019531251,Leave_One_experiments/all_year_offline_schedule_search/daily_outputs/HLA/HLA_2017_HLA2017_normal_grid_S0028_daily.csv
HLA,HLA,Hailun,2017,Leave_One_experiments\wth_generated_qc\HLA\HLA2017.WTH,normal_year;nitrogen_stress_year;low_response_year,normal,HLA2017_normal_grid_S0028,pareto_balanced,2017-08-27,239,120,115,"{""sim_day"": 120.0, ""doy"": 239.0, ""topwt"": 12953.56689453125, ""grnwt"": 2952.4346923828125, ""xlai"": 3.016407012939453, ""totir"": 0.0, ""tofer"": NaN, ""swfac"": 0.0, ""nstres"": 0.0}",0.0,0.0,12953.56689453125,2952.4346923828125,3.016407012939453,0.0,,0.0,0.0,0.0,180.0,12.242395019531251,12.242395019531251,Leave_One_experiments/all_year_offline_schedule_search/daily_outputs/HLA/HLA_2017_HLA2017_normal_grid_S0028_daily.csv
HLA,HLA,Hailun,2017,Leave_One_experiments\wth_generated_qc\HLA\HLA2017.WTH,normal_year;nitrogen_stress_year;low_response_year,normal,HLA2017_normal_grid_S0028,pareto_balanced,2017-08-28,240,121,116,"{""sim_day"": 121.0, ""doy"": 240.0, ""topwt"": 13012.6953125, ""grnwt"": 3011.561279296875, ""xlai"": 3.003286600112915, ""totir"": 0.0, ""tofer"": NaN, ""swfac"": 0.0, ""nstres"": 0.0}",0.0,0.0,13012.6953125,3011.561279296875,3.003286600112915,0.0,,0.0,0.0,0.0,180.0,12.242395019531251,12.242395019531251,Leave_One_experiments/all_year_offline_schedule_search/daily_outputs/HLA/HLA_2017_HLA2017_normal_grid_S0028_daily.csv
HLA,HLA,Hailun,2017,Leave_One_experiments\wth_generated_qc\HLA\HLA2017.WTH,normal_year;nitrogen_stress_year;low_response_year,normal,HLA2017_normal_grid_S0028,pareto_balanced,2017-08-29,241,122,117,"{""sim_day"": 122.0, ""doy"": 241.0, ""topwt"": 13065.972900390623, ""grnwt"": 3064.840087890625, ""xlai"": 2.966947078704834, ""totir"": 0.0, ""tofer"": NaN, ""swfac"": 0.0, ""nstres"": 0.0}",0.0,0.0,13065.972900390623,3064.840087890625,2.966947078704834,0.0,,0.0,0.0,0.0,180.0,12.242395019531251,12.242395019531251,Leave_One_experiments/all_year_offline_schedule_search/daily_outputs/HLA/HLA_2017_HLA2017_normal_grid_S0028_daily.csv
HLA,HLA,Hailun,2017,Leave_One_experiments\wth_generated_qc\HLA\HLA2017.WTH,normal_year;nitrogen_stress_year;low_response_year,normal,HLA2017_normal_grid_S0028,pareto_balanced,2017-08-30,242,123,118,"{""sim_day"": 123.0, ""doy"": 242.0, ""topwt"": 13183.57666015625, ""grnwt"": 3182.4435424804688, ""xlai"": 2.951038122177124, ""totir"": 0.0, ""tofer"": NaN, ""swfac"": 0.0, ""nstres"": 0.0}",0.0,0.0,13183.57666015625,3182.4435424804688,2.951038122177124,0.0,,0.0,0.0,0.0,180.0,12.242395019531251,12.242395019531251,Leave_One_experiments/all_year_offline_schedule_search/daily_outputs/HLA/HLA_2017_HLA2017_normal_grid_S0028_daily.csv
HLA,HLA,Hailun,2017,Leave_One_experiments\wth_generated_qc\HLA\HLA2017.WTH,normal_year;nitrogen_stress_year;low_response_year,normal,HLA2017_normal_grid_S0028,pareto_balanced,2017-08-31,243,124,119,"{""sim_day"": 124.0, ""doy"": 243.0, ""topwt"": 13302.48046875, ""grnwt"": 3301.346435546875, ""xlai"": 2.9101858139038086, ""totir"": 0.0, ""tofer"": NaN, ""swfac"": 0.0, ""nstres"": 0.0}",0.0,0.0,13302.48046875,3301.346435546875,2.9101858139038086,0.0,,0.0,0.0,0.0,180.0,12.242395019531251,12.242395019531251,Leave_One_experiments/all_year_offline_schedule_search/daily_outputs/HLA/HLA_2017_HLA2017_normal_grid_S0028_daily.csv
HLA,HLA,Hailun,2017,Leave_One_experiments\wth_generated_qc\HLA\HLA2017.WTH,normal_year;nitrogen_stress_year;low_response_year,normal,HLA2017_normal_grid_S0028,pareto_balanced,2017-09-01,244,125,120,"{""sim_day"": 125.0, ""doy"": 244.0, ""topwt"": 13433.07861328125, ""grnwt"": 3431.9451904296875, ""xlai"": 2.862286329269409, ""totir"": 0.0, ""tofer"": NaN, ""swfac"": 0.0, ""nstres"": 0.0}",0.0,0.0,13433.07861328125,3431.9451904296875,2.862286329269409,0.0,,0.0,0.0,0.0,180.0,12.242395019531251,12.242395019531251,Leave_One_experiments/all_year_offline_schedule_search/daily_outputs/HLA/HLA_2017_HLA2017_normal_grid_S0028_daily.csv
HLA,HLA,Hailun,2017,Leave_One_experiments\wth_generated_qc\HLA\HLA2017.WTH,normal_year;nitrogen_stress_year;low_response_year,normal,HLA2017_normal_grid_S0028,pareto_balanced,2017-09-02,245,126,121,"{""sim_day"": 126.0, ""doy"": 245.0, ""topwt"": 13569.525146484377, ""grnwt"": 3568.39111328125, ""xlai"": 2.8057711124420166, ""totir"": 0.0, ""tofer"": NaN, ""swfac"": 0.0, ""nstres"": 0.0}",0.0,0.0,13569.525146484377,3568.39111328125,2.8057711124420166,0.0,,0.0,0.0,0.0,180.0,12.242395019531251,12.242395019531251,Leave_One_experiments/all_year_offline_schedule_search/daily_outputs/HLA/HLA_2017_HLA2017_normal_grid_S0028_daily.csv
HLA,HLA,Hailun,2017,Leave_One_experiments\wth_generated_qc\HLA\HLA2017.WTH,normal_year;nitrogen_stress_year;low_response_year,normal,HLA2017_normal_grid_S0028,pareto_balanced,2017-09-03,246,127,122,"{""sim_day"": 127.0, ""doy"": 246.0, ""topwt"": 13621.502685546877, ""grnwt"": 3704.837036132813, ""xlai"": 2.7430779933929443, ""totir"": 0.0, ""tofer"": NaN, ""swfac"": 0.0, ""nstres"": 0.0}",0.0,0.0,13621.502685546877,3704.837036132813,2.7430779933929443,0.0,,0.0,0.0,0.0,180.0,12.242395019531251,12.242395019531251,Leave_One_experiments/all_year_offline_schedule_search/daily_outputs/HLA/HLA_2017_HLA2017_normal_grid_S0028_daily.csv
HLA,HLA,Hailun,2017,Leave_One_experiments\wth_generated_qc\HLA\HLA2017.WTH,normal_year;nitrogen_stress_year;low_response_year,normal,HLA2017_normal_grid_S0028,pareto_balanced,2017-09-04,247,128,123,"{""sim_day"": 128.0, ""doy"": 247.0, ""topwt"": 13665.191650390623, ""grnwt"": 3841.282958984375, ""xlai"": 2.676542043685913, ""totir"": 0.0, ""tofer"": NaN, ""swfac"": 0.0, ""nstres"": 0.0123300552368164}",0.0,0.0123300552368164,13665.191650390623,3841.282958984375,2.676542043685913,0.0,,0.0,0.0,0.0,180.0,12.242395019531251,12.242395019531251,Leave_One_experiments/all_year_offline_schedule_search/daily_outputs/HLA/HLA_2017_HLA2017_normal_grid_S0028_daily.csv
HLA,HLA,Hailun,2017,Leave_One_experiments\wth_generated_qc\HLA\HLA2017.WTH,normal_year;nitrogen_stress_year;low_response_year,normal,HLA2017_normal_grid_S0028,pareto_balanced,2017-09-05,248,129,124,"{""sim_day"": 129.0, ""doy"": 248.0, ""topwt"": 13887.26806640625, ""grnwt"": 3977.7288818359375, ""xlai"": 2.601520538330078, ""totir"": 0.0, ""tofer"": NaN, ""swfac"": 0.0, ""nstres"": 0.0158137679100036}",0.0,0.0158137679100036,13887.26806640625,3977.7288818359375,2.601520538330078,0.0,,0.0,0.0,0.0,180.0,12.242395019531251,12.242395019531251,Leave_One_experiments/all_year_offline_schedule_search/daily_outputs/HLA/HLA_2017_HLA2017_normal_grid_S0028_daily.csv
HLA,HLA,Hailun,2017,Leave_One_experiments\wth_generated_qc\HLA\HLA2017.WTH,normal_year;nitrogen_stress_year;low_response_year,normal,HLA2017_normal_grid_S0028,pareto_balanced,2017-09-06,249,130,125,"{""sim_day"": 130.0, ""doy"": 249.0, ""topwt"": 14099.066162109377, ""grnwt"": 4097.931518554688, ""xlai"": 2.550154209136963, ""totir"": 0.0, ""tofer"": NaN, ""swfac"": 0.0, ""nstres"": 0.0223408937454223}",0.0,0.0223408937454223,14099.066162109377,4097.931518554688,2.550154209136963,0.0,,0.0,0.0,0.0,180.0,12.242395019531251,12.242395019531251,Leave_One_experiments/all_year_offline_schedule_search/daily_outputs/HLA/HLA_2017_HLA2017_normal_grid_S0028_daily.csv
HLA,HLA,Hailun,2017,Leave_One_experiments\wth_generated_qc\HLA\HLA2017.WTH,normal_year;nitrogen_stress_year;low_response_year,normal,HLA2017_normal_grid_S0028,pareto_balanced,2017-09-07,250,131,126,"{""sim_day"": 131.0, ""doy"": 250.0, ""topwt"": 14194.580078125, ""grnwt"": 4193.444213867188, ""xlai"": 2.51029634475708, ""totir"": 0.0, ""tofer"": NaN, ""swfac"": 0.0, ""nstres"": 0.0461330413818359}",0.0,0.0461330413818359,14194.580078125,4193.444213867188,2.51029634475708,0.0,,0.0,0.0,0.0,180.0,12.242395019531251,12.242395019531251,Leave_One_experiments/all_year_offline_schedule_search/daily_outputs/HLA/HLA_2017_HLA2017_normal_grid_S0028_daily.csv
HLA,HLA,Hailun,2017,Leave_One_experiments\wth_generated_qc\HLA\HLA2017.WTH,normal_year;nitrogen_stress_year;low_response_year,normal,HLA2017_normal_grid_S0028,pareto_balanced,2017-09-08,251,132,127,"{""sim_day"": 132.0, ""doy"": 251.0, ""topwt"": 14294.639892578123, ""grnwt"": 4293.504638671875, ""xlai"": 2.4645745754241943, ""totir"": 0.0, ""tofer"": NaN, ""swfac"": 0.0, ""nstres"": 0.0653237104415893}",0.0,0.0653237104415893,14294.639892578123,4293.504638671875,2.4645745754241943,0.0,,0.0,0.0,0.0,180.0,12.242395019531251,12.242395019531251,Leave_One_experiments/all_year_offline_schedule_search/daily_outputs/HLA/HLA_2017_HLA2017_normal_grid_S0028_daily.csv
HLA,HLA,Hailun,2017,Leave_One_experiments\wth_generated_qc\HLA\HLA2017.WTH,normal_year;nitrogen_stress_year;low_response_year,normal,HLA2017_normal_grid_S0028,pareto_balanced,2017-09-09,252,133,128,"{""sim_day"": 133.0, ""doy"": 252.0, ""topwt"": 14412.89306640625, ""grnwt"": 4411.758117675781, ""xlai"": 2.41163969039917, ""totir"": 0.0, ""tofer"": NaN, ""swfac"": 0.0, ""nstres"": 0.0754731893539428}",0.0,0.0754731893539428,14412.89306640625,4411.758117675781,2.41163969039917,0.0,,0.0,0.0,0.0,180.0,12.242395019531251,12.242395019531251,Leave_One_experiments/all_year_offline_schedule_search/daily_outputs/HLA/HLA_2017_HLA2017_normal_grid_S0028_daily.csv
HLA,HLA,Hailun,2017,Leave_One_experiments\wth_generated_qc\HLA\HLA2017.WTH,normal_year;nitrogen_stress_year;low_response_year,normal,HLA2017_normal_grid_S0028,pareto_balanced,2017-09-10,253,134,129,"{""sim_day"": 134.0, ""doy"": 253.0, ""topwt"": 14521.400146484377, ""grnwt"": 4520.265197753906, ""xlai"": 2.3636200428009038, ""totir"": 0.0, ""tofer"": NaN, ""swfac"": 0.0, ""nstres"": 0.0887998342514038}",0.0,0.0887998342514038,14521.400146484377,4520.265197753906,2.3636200428009038,0.0,,0.0,0.0,0.0,180.0,12.242395019531251,12.242395019531251,Leave_One_experiments/all_year_offline_schedule_search/daily_outputs/HLA/HLA_2017_HLA2017_normal_grid_S0028_daily.csv
HLA,HLA,Hailun,2017,Leave_One_experiments\wth_generated_qc\HLA\HLA2017.WTH,normal_year;nitrogen_stress_year;low_response_year,normal,HLA2017_normal_grid_S0028,pareto_balanced,2017-09-11,254,135,130,"{""sim_day"": 135.0, ""doy"": 254.0, ""topwt"": 14592.222900390623, ""grnwt"": 4591.087341308594, ""xlai"": 2.3333818912506104, ""totir"": 0.0, ""tofer"": NaN, ""swfac"": 0.0, ""nstres"": 0.1023462414741516}",0.0,0.1023462414741516,14592.222900390623,4591.087341308594,2.3333818912506104,0.0,,0.0,0.0,0.0,180.0,12.242395019531251,12.242395019531251,Leave_One_experiments/all_year_offline_schedule_search/daily_outputs/HLA/HLA_2017_HLA2017_normal_grid_S0028_daily.csv
HLA,HLA,Hailun,2017,Leave_One_experiments\wth_generated_qc\HLA\HLA2017.WTH,normal_year;nitrogen_stress_year;low_response_year,normal,HLA2017_normal_grid_S0028,pareto_balanced,2017-09-12,255,136,131,"{""sim_day"": 136.0, ""doy"": 255.0, ""topwt"": 14672.79052734375, ""grnwt"": 4671.655578613281, ""xlai"": 2.301254272460937, ""totir"": 0.0, ""tofer"": NaN, ""swfac"": 0.0, ""nstres"": 0.1101490259170532}",0.0,0.1101490259170532,14672.79052734375,4671.655578613281,2.301254272460937,0.0,,0.0,0.0,0.0,180.0,12.242395019531251,12.242395019531251,Leave_One_experiments/all_year_offline_schedule_search/daily_outputs/HLA/HLA_2017_HLA2017_normal_grid_S0028_daily.csv
HLA,HLA,Hailun,2017,Leave_One_experiments\wth_generated_qc\HLA\HLA2017.WTH,normal_year;nitrogen_stress_year;low_response_year,normal,HLA2017_normal_grid_S0028,pareto_balanced,2017-09-13,256,137,132,"{""sim_day"": 137.0, ""doy"": 256.0, ""topwt"": 14744.2626953125, ""grnwt"": 4743.12744140625, ""xlai"": 2.080103635787964, ""totir"": 0.0, ""tofer"": NaN, ""swfac"": 0.0, ""nstres"": 0.1192375421524047}",0.0,0.1192375421524047,14744.2626953125,4743.12744140625,2.080103635787964,0.0,,0.0,0.0,0.0,180.0,12.242395019531251,12.242395019531251,Leave_One_experiments/all_year_offline_schedule_search/daily_outputs/HLA/HLA_2017_HLA2017_normal_grid_S0028_daily.csv
HLA,HLA,Hailun,2017,Leave_One_experiments\wth_generated_qc\HLA\HLA2017.WTH,normal_year;nitrogen_stress_year;low_response_year,normal,HLA2017_normal_grid_S0028,pareto_balanced,2017-09-14,257,138,133,"{""sim_day"": 138.0, ""doy"": 257.0, ""topwt"": 14851.4697265625, ""grnwt"": 4850.3350830078125, ""xlai"": 2.047344446182251, ""totir"": 0.0, ""tofer"": NaN, ""swfac"": 0.0, ""nstres"": 0.1259912252426147}",0.0,0.1259912252426147,14851.4697265625,4850.3350830078125,2.047344446182251,0.0,,0.0,0.0,0.0,180.0,12.242395019531251,12.242395019531251,Leave_One_experiments/all_year_offline_schedule_search/daily_outputs/HLA/HLA_2017_HLA2017_normal_grid_S0028_daily.csv
HLA,HLA,Hailun,2017,Leave_One_experiments\wth_generated_qc\HLA\HLA2017.WTH,normal_year;nitrogen_stress_year;low_response_year,normal,HLA2017_normal_grid_S0028,pareto_balanced,2017-09-15,258,139,134,"{""sim_day"": 139.0, ""doy"": 258.0, ""topwt"": 14963.8720703125, ""grnwt"": 4973.136596679688, ""xlai"": 2.0122995376586914, ""totir"": 0.0, ""tofer"": NaN, ""swfac"": 0.0, ""nstres"": 0.1369374990463256}",0.0,0.1369374990463256,14963.8720703125,4973.136596679688,2.0122995376586914,0.0,,0.0,0.0,0.0,180.0,12.242395019531251,12.242395019531251,Leave_One_experiments/all_year_offline_schedule_search/daily_outputs/HLA/HLA_2017_HLA2017_normal_grid_S0028_daily.csv
HLA,HLA,Hailun,2017,Leave_One_experiments\wth_generated_qc\HLA\HLA2017.WTH,normal_year;nitrogen_stress_year;low_response_year,normal,HLA2017_normal_grid_S0028,pareto_balanced,2017-09-16,259,140,135,"{""sim_day"": 140.0, ""doy"": 259.0, ""topwt"": 15061.346435546877, ""grnwt"": 5109.58251953125, ""xlai"": 1.9748600721359253, ""totir"": 0.0, ""tofer"": NaN, ""swfac"": 0.0, ""nstres"": 0.1488426923751831}",0.0,0.1488426923751831,15061.346435546877,5109.58251953125,1.9748600721359253,0.0,,0.0,0.0,0.0,180.0,12.242395019531251,12.242395019531251,Leave_One_experiments/all_year_offline_schedule_search/daily_outputs/HLA/HLA_2017_HLA2017_normal_grid_S0028_daily.csv
HLA,HLA,Hailun,2017,Leave_One_experiments\wth_generated_qc\HLA\HLA2017.WTH,normal_year;nitrogen_stress_year;low_response_year,normal,HLA2017_normal_grid_S0028,pareto_balanced,2017-09-17,260,141,136,"{""sim_day"": 141.0, ""doy"": 260.0, ""topwt"": 15214.21875, ""grnwt"": 5226.5362548828125, ""xlai"": 1.934690237045288, ""totir"": 0.0, ""tofer"": NaN, ""swfac"": 0.0, ""nstres"": 0.162725031375885}",0.0,0.162725031375885,15214.21875,5226.5362548828125,1.934690237045288,0.0,,0.0,0.0,0.0,180.0,12.242395019531251,12.242395019531251,Leave_One_experiments/all_year_offline_schedule_search/daily_outputs/HLA/HLA_2017_HLA2017_normal_grid_S0028_daily.csv
HLA,HLA,Hailun,2017,Leave_One_experiments\wth_generated_qc\HLA\HLA2017.WTH,normal_year;nitrogen_stress_year;low_response_year,normal,HLA2017_normal_grid_S0028,pareto_balanced,2017-09-18,261,142,137,"{""sim_day"": 142.0, ""doy"": 261.0, ""topwt"": 15338.77685546875, ""grnwt"": 5337.642211914063, ""xlai"": 1.893179416656494, ""totir"": 0.0, ""tofer"": NaN, ""swfac"": 0.0, ""nstres"": 0.1716483235359192}",0.0,0.1716483235359192,15338.77685546875,5337.642211914063,1.893179416656494,0.0,,0.0,0.0,0.0,180.0,12.242395019531251,12.242395019531251,Leave_One_experiments/all_year_offline_schedule_search/daily_outputs/HLA/HLA_2017_HLA2017_normal_grid_S0028_daily.csv
HLA,HLA,Hailun,2017,Leave_One_experiments\wth_generated_qc\HLA\HLA2017.WTH,normal_year;nitrogen_stress_year;low_response_year,normal,HLA2017_normal_grid_S0028,pareto_balanced,2017-09-19,262,143,138,"{""sim_day"": 143.0, ""doy"": 262.0, ""topwt"": 15452.48291015625, ""grnwt"": 5451.34765625, ""xlai"": 1.8490777015686035, ""totir"": 0.0, ""tofer"": NaN, ""swfac"": 0.0, ""nstres"": 0.1863609552383422}",0.0,0.1863609552383422,15452.48291015625,5451.34765625,1.8490777015686035,0.0,,0.0,0.0,0.0,180.0,12.242395019531251,12.242395019531251,Leave_One_experiments/all_year_offline_schedule_search/daily_outputs/HLA/HLA_2017_HLA2017_normal_grid_S0028_daily.csv
HLA,HLA,Hailun,2017,Leave_One_experiments\wth_generated_qc\HLA\HLA2017.WTH,normal_year;nitrogen_stress_year;low_response_year,normal,HLA2017_normal_grid_S0028,pareto_balanced,2017-09-20,263,144,139,"{""sim_day"": 144.0, ""doy"": 263.0, ""topwt"": 15588.92822265625, ""grnwt"": 5587.7935791015625, ""xlai"": 1.7972077131271362, ""totir"": 0.0, ""tofer"": NaN, ""swfac"": 0.0, ""nstres"": 0.1980706453323364}",0.0,0.1980706453323364,15588.92822265625,5587.7935791015625,1.7972077131271362,0.0,,0.0,0.0,0.0,180.0,12.242395019531251,12.242395019531251,Leave_One_experiments/all_year_offline_schedule_search/daily_outputs/HLA/HLA_2017_HLA2017_normal_grid_S0028_daily.csv
HLA,HLA,Hailun,2017,Leave_One_experiments\wth_generated_qc\HLA\HLA2017.WTH,normal_year;nitrogen_stress_year;low_response_year,normal,HLA2017_normal_grid_S0028,pareto_balanced,2017-09-21,264,145,140,"{""sim_day"": 145.0, ""doy"": 264.0, ""topwt"": 15644.642333984377, ""grnwt"": 5724.239501953125, ""xlai"": 1.7113187313079834, ""totir"": 0.0, ""tofer"": NaN, ""swfac"": 0.0, ""nstres"": 0.2359065413475036}",0.0,0.2359065413475036,15644.642333984377,5724.239501953125,1.7113187313079834,0.0,,0.0,0.0,0.0,180.0,12.242395019531251,12.242395019531251,Leave_One_experiments/all_year_offline_schedule_search/daily_outputs/HLA/HLA_2017_HLA2017_normal_grid_S0028_daily.csv
HLA,HLA,Hailun,2017,Leave_One_experiments\wth_generated_qc\HLA\HLA2017.WTH,normal_year;nitrogen_stress_year;low_response_year,normal,HLA2017_normal_grid_S0028,pareto_balanced,2017-09-22,265,146,141,"{""sim_day"": 146.0, ""doy"": 265.0, ""topwt"": 15644.642333984377, ""grnwt"": 5724.239501953125, ""xlai"": 1.7113187313079834, ""totir"": 0.0, ""tofer"": NaN, ""swfac"": 0.0, ""nstres"": 0.2766751646995544}",0.0,0.2766751646995544,15644.642333984377,5724.239501953125,1.7113187313079834,0.0,,0.0,0.0,0.0,180.0,12.242395019531251,12.242395019531251,Leave_One_experiments/all_year_offline_schedule_search/daily_outputs/HLA/HLA_2017_HLA2017_normal_grid_S0028_daily.csv
HLA,HLA,Hailun,2017,Leave_One_experiments\wth_generated_qc\HLA\HLA2017.WTH,normal_year;nitrogen_stress_year;low_response_year,normal,HLA2017_normal_grid_S0028,pareto_balanced,2017-09-23,266,147,142,"{""sim_day"": 147.0, ""doy"": 266.0, ""topwt"": 15644.642333984377, ""grnwt"": 5724.239501953125, ""xlai"": 1.7113187313079834, ""totir"": 0.0, ""tofer"": NaN, ""swfac"": 0.0, ""nstres"": 0.2766751646995544}",0.0,0.2766751646995544,15644.642333984377,5724.239501953125,1.7113187313079834,0.0,,0.0,0.0,0.0,180.0,12.242395019531251,12.242395019531251,Leave_One_experiments/all_year_offline_schedule_search/daily_outputs/HLA/HLA_2017_HLA2017_normal_grid_S0028_daily.csv
HLA,HLA,Hailun,2017,Leave_One_experiments\wth_generated_qc\HLA\HLA2017.WTH,normal_year;nitrogen_stress_year;low_response_year,normal,HLA2017_normal_grid_S0028,pareto_balanced,2017-09-24,267,148,143,"{""sim_day"": 148.0, ""doy"": 267.0, ""topwt"": 15644.642333984377, ""grnwt"": 5724.239501953125, ""xlai"": 1.7113187313079834, ""totir"": 0.0, ""tofer"": NaN, ""swfac"": 0.0, ""nstres"": 0.2766751646995544}",0.0,0.2766751646995544,15644.642333984377,5724.239501953125,1.7113187313079834,0.0,,0.0,0.0,0.0,180.0,12.242395019531251,12.242395019531251,Leave_One_experiments/all_year_offline_schedule_search/daily_outputs/HLA/HLA_2017_HLA2017_normal_grid_S0028_daily.csv
HLA,HLA,Hailun,2017,Leave_One_experiments\wth_generated_qc\HLA\HLA2017.WTH,normal_year;nitrogen_stress_year;low_response_year,normal,HLA2017_normal_grid_S0028,pareto_balanced,2017-09-25,268,149,144,"{""sim_day"": 149.0, ""doy"": 268.0, ""topwt"": 15644.642333984377, ""grnwt"": 5724.239501953125, ""xlai"": 1.7113187313079834, ""totir"": 0.0, ""tofer"": NaN, ""swfac"": 0.0, ""nstres"": 0.2766751646995544}",0.0,0.2766751646995544,15644.642333984377,5724.239501953125,1.7113187313079834,0.0,,0.0,0.0,0.0,180.0,12.242395019531251,12.242395019531251,Leave_One_experiments/all_year_offline_schedule_search/daily_outputs/HLA/HLA_2017_HLA2017_normal_grid_S0028_daily.csv
HLA,HLA,Hailun,2017,Leave_One_experiments\wth_generated_qc\HLA\HLA2017.WTH,normal_year;nitrogen_stress_year;low_response_year,normal,HLA2017_normal_grid_S0028,pareto_balanced,2017-09-26,269,150,145,"{""sim_day"": 150.0, ""doy"": 269.0, ""topwt"": 15644.642333984377, ""grnwt"": 5724.239501953125, ""xlai"": 1.7113187313079834, ""totir"": 0.0, ""tofer"": NaN, ""swfac"": 0.0, ""nstres"": 0.2766751646995544}",0.0,0.2766751646995544,15644.642333984377,5724.239501953125,1.7113187313079834,0.0,,0.0,0.0,0.0,180.0,12.242395019531251,12.242395019531251,Leave_One_experiments/all_year_offline_schedule_search/daily_outputs/HLA/HLA_2017_HLA2017_normal_grid_S0028_daily.csv
HLA,HLA,Hailun,2017,Leave_One_experiments\wth_generated_qc\HLA\HLA2017.WTH,normal_year;nitrogen_stress_year;low_response_year,normal,HLA2017_normal_grid_S0032,top_yield,2017-05-05,125,1,1,"{""sim_day"": 1.0, ""doy"": 125.0, ""topwt"": 0.0, ""grnwt"": 0.0, ""xlai"": 0.0, ""totir"": 0.0, ""tofer"": NaN, ""swfac"": 0.0, ""nstres"": 0.0}",0.0,0.0,0.0,0.0,0.0,0.0,,0.0,80.0,40.0,180.0,-7.757604980468749,8.242395019531251,Leave_One_experiments/all_year_offline_schedule_search/daily_outputs/HLA/HLA_2017_HLA2017_normal_grid_S0032_daily.csv
HLA,HLA,Hailun,2017,Leave_One_experiments\wth_generated_qc\HLA\HLA2017.WTH,normal_year;nitrogen_stress_year;low_response_year,normal,HLA2017_normal_grid_S0032,top_yield,2017-05-06,126,2,2,"{""sim_day"": 2.0, ""doy"": 126.0, ""topwt"": 0.0, ""grnwt"": 0.0, ""xlai"": 0.0, ""totir"": 0.0, ""tofer"": NaN, ""swfac"": 0.0, ""nstres"": 0.0}",0.0,0.0,0.0,0.0,0.0,0.0,,0.0,0.0,40.0,180.0,-7.757604980468749,8.242395019531251,Leave_One_experiments/all_year_offline_schedule_search/daily_outputs/HLA/HLA_2017_HLA2017_normal_grid_S0032_daily.csv
HLA,HLA,Hailun,2017,Leave_One_experiments\wth_generated_qc\HLA\HLA2017.WTH,normal_year;nitrogen_stress_year;low_response_year,normal,HLA2017_normal_grid_S0032,top_yield,2017-05-07,127,3,3,"{""sim_day"": 3.0, ""doy"": 127.0, ""topwt"": 0.0, ""grnwt"": 0.0, ""xlai"": 0.0, ""totir"": 0.0, ""tofer"": NaN, ""swfac"": 0.0, ""nstres"": 0.0}",0.0,0.0,0.0,0.0,0.0,0.0,,0.0,0.0,40.0,180.0,-7.757604980468749,8.242395019531251,Leave_One_experiments/all_year_offline_schedule_search/daily_outputs/HLA/HLA_2017_HLA2017_normal_grid_S0032_daily.csv
HLA,HLA,Hailun,2017,Leave_One_experiments\wth_generated_qc\HLA\HLA2017.WTH,normal_year;nitrogen_stress_year;low_response_year,normal,HLA2017_normal_grid_S0032,top_yield,2017-05-08,128,4,4,"{""sim_day"": 4.0, ""doy"": 128.0, ""topwt"": 0.0, ""grnwt"": 0.0, ""xlai"": 0.0, ""totir"": 0.0, ""tofer"": NaN, ""swfac"": 0.0, ""nstres"": 0.0}",0.0,0.0,0.0,0.0,0.0,0.0,,0.0,0.0,40.0,180.0,-7.757604980468749,8.242395019531251,Leave_One_experiments/all_year_offline_schedule_search/daily_outputs/HLA/HLA_2017_HLA2017_normal_grid_S0032_daily.csv
HLA,HLA,Hailun,2017,Leave_One_experiments\wth_generated_qc\HLA\HLA2017.WTH,normal_year;nitrogen_stress_year;low_response_year,normal,HLA2017_normal_grid_S0032,top_yield,2017-05-09,129,5,5,"{""sim_day"": 5.0, ""doy"": 129.0, ""topwt"": 0.0, ""grnwt"": 0.0, ""xlai"": 0.0, ""totir"": 0.0, ""tofer"": NaN, ""swfac"": 0.0, ""nstres"": 0.0}",0.0,0.0,0.0,0.0,0.0,0.0,,0.0,0.0,40.0,180.0,-7.757604980468749,8.242395019531251,Leave_One_experiments/all_year_offline_schedule_search/daily_outputs/HLA/HLA_2017_HLA2017_normal_grid_S0032_daily.csv
HLA,HLA,Hailun,2017,Leave_One_experiments\wth_generated_qc\HLA\HLA2017.WTH,normal_year;nitrogen_stress_year;low_response_year,normal,HLA2017_normal_grid_S0032,top_yield,2017-05-05,125,6,1,"{""sim_day"": 6.0, ""doy"": 125.0, ""topwt"": 0.0, ""grnwt"": 0.0, ""xlai"": 0.0, ""totir"": 0.0, ""tofer"": NaN, ""swfac"": 0.0, ""nstres"": 0.0}",0.0,0.0,0.0,0.0,0.0,0.0,,0.0,0.0,40.0,180.0,-7.757604980468749,8.242395019531251,Leave_One_experiments/all_year_offline_schedule_search/daily_outputs/HLA/HLA_2017_HLA2017_normal_grid_S0032_daily.csv
HLA,HLA,Hailun,2017,Leave_One_experiments\wth_generated_qc\HLA\HLA2017.WTH,normal_year;nitrogen_stress_year;low_response_year,normal,HLA2017_normal_grid_S0032,top_yield,2017-05-06,126,7,2,"{""sim_day"": 7.0, ""doy"": 126.0, ""topwt"": 0.0, ""grnwt"": 0.0, ""xlai"": 0.0, ""totir"": 0.0, ""tofer"": NaN, ""swfac"": 0.0, ""nstres"": 0.0}",0.0,0.0,0.0,0.0,0.0,0.0,,0.0,0.0,40.0,180.0,-7.757604980468749,8.242395019531251,Leave_One_experiments/all_year_offline_schedule_search/daily_outputs/HLA/HLA_2017_HLA2017_normal_grid_S0032_daily.csv
HLA,HLA,Hailun,2017,Leave_One_experiments\wth_generated_qc\HLA\HLA2017.WTH,normal_year;nitrogen_stress_year;low_response_year,normal,HLA2017_normal_grid_S0032,top_yield,2017-05-07,127,8,3,"{""sim_day"": 8.0, ""doy"": 127.0, ""topwt"": 0.0, ""grnwt"": 0.0, ""xlai"": 0.0, ""totir"": 0.0, ""tofer"": NaN, ""swfac"": 0.0, ""nstres"": 0.0}",0.0,0.0,0.0,0.0,0.0,0.0,,0.0,0.0,40.0,180.0,-7.757604980468749,8.242395019531251,Leave_One_experiments/all_year_offline_schedule_search/daily_outputs/HLA/HLA_2017_HLA2017_normal_grid_S0032_daily.csv
HLA,HLA,Hailun,2017,Leave_One_experiments\wth_generated_qc\HLA\HLA2017.WTH,normal_year;nitrogen_stress_year;low_response_year,normal,HLA2017_normal_grid_S0032,top_yield,2017-05-08,128,9,4,"{""sim_day"": 9.0, ""doy"": 128.0, ""topwt"": 0.0, ""grnwt"": 0.0, ""xlai"": 0.0, ""totir"": 0.0, ""tofer"": NaN, ""swfac"": 0.0, ""nstres"": 0.0}",0.0,0.0,0.0,0.0,0.0,0.0,,0.0,0.0,40.0,180.0,-7.757604980468749,8.242395019531251,Leave_One_experiments/all_year_offline_schedule_search/daily_outputs/HLA/HLA_2017_HLA2017_normal_grid_S0032_daily.csv
HLA,HLA,Hailun,2017,Leave_One_experiments\wth_generated_qc\HLA\HLA2017.WTH,normal_year;nitrogen_stress_year;low_response_year,normal,HLA2017_normal_grid_S0032,top_yield,2017-05-09,129,10,5,"{""sim_day"": 10.0, ""doy"": 129.0, ""topwt"": 0.0, ""grnwt"": 0.0, ""xlai"": 0.0, ""totir"": 0.0, ""tofer"": NaN, ""swfac"": 0.0, ""nstres"": 0.0}",0.0,0.0,0.0,0.0,0.0,0.0,,0.0,0.0,40.0,180.0,-7.757604980468749,8.242395019531251,Leave_One_experiments/all_year_offline_schedule_search/daily_outputs/HLA/HLA_2017_HLA2017_normal_grid_S0032_daily.csv
HLA,HLA,Hailun,2017,Leave_One_experiments\wth_generated_qc\HLA\HLA2017.WTH,normal_year;nitrogen_stress_year;low_response_year,normal,HLA2017_normal_grid_S0032,top_yield,2017-05-10,130,11,6,"{""sim_day"": 11.0, ""doy"": 130.0, ""topwt"": 0.0, ""grnwt"": 0.0, ""xlai"": 0.0, ""totir"": 0.0, ""tofer"": NaN, ""swfac"": 0.0, ""nstres"": 0.0}",0.0,0.0,0.0,0.0,0.0,0.0,,0.0,0.0,40.0,180.0,-7.757604980468749,8.242395019531251,Leave_One_experiments/all_year_offline_schedule_search/daily_outputs/HLA/HLA_2017_HLA2017_normal_grid_S0032_daily.csv
HLA,HLA,Hailun,2017,Leave_One_experiments\wth_generated_qc\HLA\HLA2017.WTH,normal_year;nitrogen_stress_year;low_response_year,normal,HLA2017_normal_grid_S0032,top_yield,2017-05-11,131,12,7,"{""sim_day"": 12.0, ""doy"": 131.0, ""topwt"": 0.0, ""grnwt"": 0.0, ""xlai"": 0.0, ""totir"": 0.0, ""tofer"": NaN, ""swfac"": 0.0, ""nstres"": 0.0}",0.0,0.0,0.0,0.0,0.0,0.0,,0.0,0.0,40.0,180.0,-7.757604980468749,8.242395019531251,Leave_One_experiments/all_year_offline_schedule_search/daily_outputs/HLA/HLA_2017_HLA2017_normal_grid_S0032_daily.csv
HLA,HLA,Hailun,2017,Leave_One_experiments\wth_generated_qc\HLA\HLA2017.WTH,normal_year;nitrogen_stress_year;low_response_year,normal,HLA2017_normal_grid_S0032,top_yield,2017-05-12,132,13,8,"{""sim_day"": 13.0, ""doy"": 132.0, ""topwt"": 0.0, ""grnwt"": 0.0, ""xlai"": 0.0, ""totir"": 0.0, ""tofer"": NaN, ""swfac"": 0.0, ""nstres"": 0.0}",0.0,0.0,0.0,0.0,0.0,0.0,,0.0,0.0,40.0,180.0,-7.757604980468749,8.242395019531251,Leave_One_experiments/all_year_offline_schedule_search/daily_outputs/HLA/HLA_2017_HLA2017_normal_grid_S0032_daily.csv
HLA,HLA,Hailun,2017,Leave_One_experiments\wth_generated_qc\HLA\HLA2017.WTH,normal_year;nitrogen_stress_year;low_response_year,normal,HLA2017_normal_grid_S0032,top_yield,2017-05-13,133,14,9,"{""sim_day"": 14.0, ""doy"": 133.0, ""topwt"": 0.0, ""grnwt"": 0.0, ""xlai"": 0.0, ""totir"": 0.0, ""tofer"": NaN, ""swfac"": 0.0, ""nstres"": 0.0}",0.0,0.0,0.0,0.0,0.0,0.0,,0.0,0.0,40.0,180.0,-7.757604980468749,8.242395019531251,Leave_One_experiments/all_year_offline_schedule_search/daily_outputs/HLA/HLA_2017_HLA2017_normal_grid_S0032_daily.csv
HLA,HLA,Hailun,2017,Leave_One_experiments\wth_generated_qc\HLA\HLA2017.WTH,normal_year;nitrogen_stress_year;low_response_year,normal,HLA2017_normal_grid_S0032,top_yield,2017-05-14,134,15,10,"{""sim_day"": 15.0, ""doy"": 134.0, ""topwt"": 0.0, ""grnwt"": 0.0, ""xlai"": 0.0, ""totir"": 0.0, ""tofer"": NaN, ""swfac"": 0.0, ""nstres"": 0.0}",0.0,0.0,0.0,0.0,0.0,0.0,,0.0,0.0,40.0,180.0,-7.757604980468749,8.242395019531251,Leave_One_experiments/all_year_offline_schedule_search/daily_outputs/HLA/HLA_2017_HLA2017_normal_grid_S0032_daily.csv
HLA,HLA,Hailun,2017,Leave_One_experiments\wth_generated_qc\HLA\HLA2017.WTH,normal_year;nitrogen_stress_year;low_response_year,normal,HLA2017_normal_grid_S0032,top_yield,2017-05-15,135,16,11,"{""sim_day"": 16.0, ""doy"": 135.0, ""topwt"": 20.0, ""grnwt"": 0.0, ""xlai"": 0.0020113089121878, ""totir"": 0.0, ""tofer"": NaN, ""swfac"": 0.0, ""nstres"": 0.0121910572052001}",0.0,0.0121910572052001,20.0,0.0,0.0020113089121878,0.0,,0.0,0.0,40.0,180.0,-7.757604980468749,8.242395019531251,Leave_One_experiments/all_year_offline_schedule_search/daily_outputs/HLA/HLA_2017_HLA2017_normal_grid_S0032_daily.csv
HLA,HLA,Hailun,2017,Leave_One_experiments\wth_generated_qc\HLA\HLA2017.WTH,normal_year;nitrogen_stress_year;low_response_year,normal,HLA2017_normal_grid_S0032,top_yield,2017-05-16,136,17,12,"{""sim_day"": 17.0, ""doy"": 136.0, ""topwt"": 20.0, ""grnwt"": 0.0, ""xlai"": 0.0044344994239509, ""totir"": 0.0, ""tofer"": NaN, ""swfac"": 0.0, ""nstres"": 0.0118839144706726}",0.0,0.0118839144706726,20.0,0.0,0.0044344994239509,0.0,,0.0,0.0,40.0,180.0,-7.757604980468749,8.242395019531251,Leave_One_experiments/all_year_offline_schedule_search/daily_outputs/HLA/HLA_2017_HLA2017_normal_grid_S0032_daily.csv
HLA,HLA,Hailun,2017,Leave_One_experiments\wth_generated_qc\HLA\HLA2017.WTH,normal_year;nitrogen_stress_year;low_response_year,normal,HLA2017_normal_grid_S0032,top_yield,2017-05-17,137,18,13,"{""sim_day"": 18.0, ""doy"": 137.0, ""topwt"": 20.0, ""grnwt"": 0.0, ""xlai"": 0.0078978706151247, ""totir"": 0.0, ""tofer"": NaN, ""swfac"": 0.0, ""nstres"": 0.0054238438606262}",0.0,0.0054238438606262,20.0,0.0,0.0078978706151247,0.0,,0.0,0.0,40.0,180.0,-7.757604980468749,8.242395019531251,Leave_One_experiments/all_year_offline_schedule_search/daily_outputs/HLA/HLA_2017_HLA2017_normal_grid_S0032_daily.csv
HLA,HLA,Hailun,2017,Leave_One_experiments\wth_generated_qc\HLA\HLA2017.WTH,normal_year;nitrogen_stress_year;low_response_year,normal,HLA2017_normal_grid_S0032,top_yield,2017-05-18,138,19,14,"{""sim_day"": 19.0, ""doy"": 138.0, ""topwt"": 20.0, ""grnwt"": 0.0, ""xlai"": 0.0109876366332173, ""totir"": 0.0, ""tofer"": NaN, ""swfac"": 0.0, ""nstres"": 0.0001026391983032}",0.0,0.0001026391983032,20.0,0.0,0.0109876366332173,0.0,,0.0,0.0,40.0,180.0,-7.757604980468749,8.242395019531251,Leave_One_experiments/all_year_offline_schedule_search/daily_outputs/HLA/HLA_2017_HLA2017_normal_grid_S0032_daily.csv
HLA,HLA,Hailun,2017,Leave_One_experiments\wth_generated_qc\HLA\HLA2017.WTH,normal_year;nitrogen_stress_year;low_response_year,normal,HLA2017_normal_grid_S0032,top_yield,2017-05-19,139,20,15,"{""sim_day"": 20.0, ""doy"": 139.0, ""topwt"": 20.0, ""grnwt"": 0.0, ""xlai"": 0.0125163737684488, ""totir"": 0.0, ""tofer"": NaN, ""swfac"": 0.0, ""nstres"": 0.0}",0.0,0.0,20.0,0.0,0.0125163737684488,0.0,,0.0,0.0,40.0,180.0,-7.757604980468749,8.242395019531251,Leave_One_experiments/all_year_offline_schedule_search/daily_outputs/HLA/HLA_2017_HLA2017_normal_grid_S0032_daily.csv
HLA,HLA,Hailun,2017,Leave_One_experiments\wth_generated_qc\HLA\HLA2017.WTH,normal_year;nitrogen_stress_year;low_response_year,normal,HLA2017_normal_grid_S0032,top_yield,2017-05-20,140,21,16,"{""sim_day"": 21.0, ""doy"": 140.0, ""topwt"": 20.0, ""grnwt"": 0.0, ""xlai"": 0.0137979919090867, ""totir"": 0.0, ""tofer"": NaN, ""swfac"": 0.0, ""nstres"": 0.0}",0.0,0.0,20.0,0.0,0.0137979919090867,0.0,,0.0,0.0,40.0,180.0,-7.757604980468749,8.242395019531251,Leave_One_experiments/all_year_offline_schedule_search/daily_outputs/HLA/HLA_2017_HLA2017_normal_grid_S0032_daily.csv
HLA,HLA,Hailun,2017,Leave_One_experiments\wth_generated_qc\HLA\HLA2017.WTH,normal_year;nitrogen_stress_year;low_response_year,normal,HLA2017_normal_grid_S0032,top_yield,2017-05-21,141,22,17,"{""sim_day"": 22.0, ""doy"": 141.0, ""topwt"": 20.0, ""grnwt"": 0.0, ""xlai"": 0.0146729918196797, ""totir"": 0.0, ""tofer"": NaN, ""swfac"": 0.0, ""nstres"": 0.0}",0.0,0.0,20.0,0.0,0.0146729918196797,0.0,,0.0,0.0,40.0,180.0,-7.757604980468749,8.242395019531251,Leave_One_experiments/all_year_offline_schedule_search/daily_outputs/HLA/HLA_2017_HLA2017_normal_grid_S0032_daily.csv
HLA,HLA,Hailun,2017,Leave_One_experiments\wth_generated_qc\HLA\HLA2017.WTH,normal_year;nitrogen_stress_year;low_response_year,normal,HLA2017_normal_grid_S0032,top_yield,2017-05-22,142,23,18,"{""sim_day"": 23.0, ""doy"": 142.0, ""topwt"": 20.0, ""grnwt"": 0.0, ""xlai"": 0.0175681300461292, ""totir"": 0.0, ""tofer"": NaN, ""swfac"": 0.0, ""nstres"": 0.0}",0.0,0.0,20.0,0.0,0.0175681300461292,0.0,,0.0,0.0,40.0,180.0,-7.757604980468749,8.242395019531251,Leave_One_experiments/all_year_offline_schedule_search/daily_outputs/HLA/HLA_2017_HLA2017_normal_grid_S0032_daily.csv
HLA,HLA,Hailun,2017,Leave_One_experiments\wth_generated_qc\HLA\HLA2017.WTH,normal_year;nitrogen_stress_year;low_response_year,normal,HLA2017_normal_grid_S0032,top_yield,2017-05-23,143,24,19,"{""sim_day"": 24.0, ""doy"": 143.0, ""topwt"": 20.0, ""grnwt"": 0.0, ""xlai"": 0.0210804361850023, ""totir"": 0.0, ""tofer"": NaN, ""swfac"": 0.0, ""nstres"": 0.0}",0.0,0.0,20.0,0.0,0.0210804361850023,0.0,,0.0,0.0,40.0,180.0,-7.757604980468749,8.242395019531251,Leave_One_experiments/all_year_offline_schedule_search/daily_outputs/HLA/HLA_2017_HLA2017_normal_grid_S0032_daily.csv
HLA,HLA,Hailun,2017,Leave_One_experiments\wth_generated_qc\HLA\HLA2017.WTH,normal_year;nitrogen_stress_year;low_response_year,normal,HLA2017_normal_grid_S0032,top_yield,2017-05-24,144,25,20,"{""sim_day"": 25.0, ""doy"": 144.0, ""topwt"": 20.0, ""grnwt"": 0.0, ""xlai"": 0.0206488985568285, ""totir"": 0.0, ""tofer"": NaN, ""swfac"": 0.0, ""nstres"": 0.0}",0.0,0.0,20.0,0.0,0.0206488985568285,0.0,,0.0,0.0,40.0,180.0,-7.757604980468749,8.242395019531251,Leave_One_experiments/all_year_offline_schedule_search/daily_outputs/HLA/HLA_2017_HLA2017_normal_grid_S0032_daily.csv
HLA,HLA,Hailun,2017,Leave_One_experiments\wth_generated_qc\HLA\HLA2017.WTH,normal_year;nitrogen_stress_year;low_response_year,normal,HLA2017_normal_grid_S0032,top_yield,2017-05-25,145,26,21,"{""sim_day"": 26.0, ""doy"": 145.0, ""topwt"": 20.31656265258789, ""grnwt"": 0.0, ""xlai"": 0.0303981099277734, ""totir"": 0.0, ""tofer"": NaN, ""swfac"": 0.0, ""nstres"": 0.0}",0.0,0.0,20.31656265258789,0.0,0.0303981099277734,0.0,,0.0,0.0,40.0,180.0,-7.757604980468749,8.242395019531251,Leave_One_experiments/all_year_offline_schedule_search/daily_outputs/HLA/HLA_2017_HLA2017_normal_grid_S0032_daily.csv
HLA,HLA,Hailun,2017,Leave_One_experiments\wth_generated_qc\HLA\HLA2017.WTH,normal_year;nitrogen_stress_year;low_response_year,normal,HLA2017_normal_grid_S0032,top_yield,2017-05-26,146,27,22,"{""sim_day"": 27.0, ""doy"": 146.0, ""topwt"": 25.55394172668457, ""grnwt"": 0.0, ""xlai"": 0.0442201271653175, ""totir"": 0.0, ""tofer"": NaN, ""swfac"": 0.0, ""nstres"": 0.0}",0.0,0.0,25.55394172668457,0.0,0.0442201271653175,0.0,,0.0,0.0,40.0,180.0,-7.757604980468749,8.242395019531251,Leave_One_experiments/all_year_offline_schedule_search/daily_outputs/HLA/HLA_2017_HLA2017_normal_grid_S0032_daily.csv
HLA,HLA,Hailun,2017,Leave_One_experiments\wth_generated_qc\HLA\HLA2017.WTH,normal_year;nitrogen_stress_year;low_response_year,normal,HLA2017_normal_grid_S0032,top_yield,2017-05-27,147,28,23,"{""sim_day"": 28.0, ""doy"": 147.0, ""topwt"": 32.07650184631348, ""grnwt"": 0.0, ""xlai"": 0.0601898282766342, ""totir"": 0.0, ""tofer"": NaN, ""swfac"": 0.0, ""nstres"": 0.0}",0.0,0.0,32.07650184631348,0.0,0.0601898282766342,0.0,,0.0,0.0,40.0,180.0,-7.757604980468749,8.242395019531251,Leave_One_experiments/all_year_offline_schedule_search/daily_outputs/HLA/HLA_2017_HLA2017_normal_grid_S0032_daily.csv
HLA,HLA,Hailun,2017,Leave_One_experiments\wth_generated_qc\HLA\HLA2017.WTH,normal_year;nitrogen_stress_year;low_response_year,normal,HLA2017_normal_grid_S0032,top_yield,2017-05-28,148,29,24,"{""sim_day"": 29.0, ""doy"": 148.0, ""topwt"": 36.807382106781006, ""grnwt"": 0.0, ""xlai"": 0.071176990866661, ""totir"": 0.0, ""tofer"": NaN, ""swfac"": 0.0, ""nstres"": 0.0}",0.0,0.0,36.807382106781006,0.0,0.071176990866661,0.0,,0.0,0.0,40.0,180.0,-7.757604980468749,8.242395019531251,Leave_One_experiments/all_year_offline_schedule_search/daily_outputs/HLA/HLA_2017_HLA2017_normal_grid_S0032_daily.csv
HLA,HLA,Hailun,2017,Leave_One_experiments\wth_generated_qc\HLA\HLA2017.WTH,normal_year;nitrogen_stress_year;low_response_year,normal,HLA2017_normal_grid_S0032,top_yield,2017-05-29,149,30,25,"{""sim_day"": 30.0, ""doy"": 149.0, ""topwt"": 40.86074352264404, ""grnwt"": 0.0, ""xlai"": 0.0802850052714347, ""totir"": 0.0, ""tofer"": NaN, ""swfac"": 0.0, ""nstres"": 0.0}",0.0,0.0,40.86074352264404,0.0,0.0802850052714347,0.0,,0.0,0.0,40.0,180.0,-7.757604980468749,8.242395019531251,Leave_One_experiments/all_year_offline_schedule_search/daily_outputs/HLA/HLA_2017_HLA2017_normal_grid_S0032_daily.csv
HLA,HLA,Hailun,2017,Leave_One_experiments\wth_generated_qc\HLA\HLA2017.WTH,normal_year;nitrogen_stress_year;low_response_year,normal,HLA2017_normal_grid_S0032,top_yield,2017-05-30,150,31,26,"{""sim_day"": 31.0, ""doy"": 150.0, ""topwt"": 44.78638648986816, ""grnwt"": 0.0, ""xlai"": 0.087601438164711, ""totir"": 0.0, ""tofer"": NaN, ""swfac"": 0.0, ""nstres"": 0.0}",0.0,0.0,44.78638648986816,0.0,0.087601438164711,0.0,,0.0,0.0,40.0,180.0,-7.757604980468749,8.242395019531251,Leave_One_experiments/all_year_offline_schedule_search/daily_outputs/HLA/HLA_2017_HLA2017_normal_grid_S0032_daily.csv
HLA,HLA,Hailun,2017,Leave_One_experiments\wth_generated_qc\HLA\HLA2017.WTH,normal_year;nitrogen_stress_year;low_response_year,normal,HLA2017_normal_grid_S0032,top_yield,2017-05-31,151,32,27,"{""sim_day"": 32.0, ""doy"": 151.0, ""topwt"": 47.099857330322266, ""grnwt"": 0.0, ""xlai"": 0.0925765410065651, ""totir"": 0.0, ""tofer"": NaN, ""swfac"": 0.0, ""nstres"": 0.0}",0.0,0.0,47.099857330322266,0.0,0.0925765410065651,0.0,,0.0,0.0,40.0,180.0,-7.757604980468749,8.242395019531251,Leave_One_experiments/all_year_offline_schedule_search/daily_outputs/HLA/HLA_2017_HLA2017_normal_grid_S0032_daily.csv
HLA,HLA,Hailun,2017,Leave_One_experiments\wth_generated_qc\HLA\HLA2017.WTH,normal_year;nitrogen_stress_year;low_response_year,normal,HLA2017_normal_grid_S0032,top_yield,2017-06-01,152,33,28,"{""sim_day"": 33.0, ""doy"": 152.0, ""topwt"": 49.22661304473877, ""grnwt"": 0.0, ""xlai"": 0.0970959067344665, ""totir"": 0.0, ""tofer"": NaN, ""swfac"": 0.0, ""nstres"": 0.0}",0.0,0.0,49.22661304473877,0.0,0.0970959067344665,0.0,,0.0,0.0,40.0,180.0,-7.757604980468749,8.242395019531251,Leave_One_experiments/all_year_offline_schedule_search/daily_outputs/HLA/HLA_2017_HLA2017_normal_grid_S0032_daily.csv
HLA,HLA,Hailun,2017,Leave_One_experiments\wth_generated_qc\HLA\HLA2017.WTH,normal_year;nitrogen_stress_year;low_response_year,normal,HLA2017_normal_grid_S0032,top_yield,2017-06-02,153,34,29,"{""sim_day"": 34.0, ""doy"": 153.0, ""topwt"": 52.23278999328613, ""grnwt"": 0.0, ""xlai"": 0.1034019291400909, ""totir"": 0.0, ""tofer"": NaN, ""swfac"": 0.0, ""nstres"": 0.0}",0.0,0.0,52.23278999328613,0.0,0.1034019291400909,0.0,,0.0,0.0,40.0,180.0,-7.757604980468749,8.242395019531251,Leave_One_experiments/all_year_offline_schedule_search/daily_outputs/HLA/HLA_2017_HLA2017_normal_grid_S0032_daily.csv
HLA,HLA,Hailun,2017,Leave_One_experiments\wth_generated_qc\HLA\HLA2017.WTH,normal_year;nitrogen_stress_year;low_response_year,normal,HLA2017_normal_grid_S0032,top_yield,2017-06-03,154,35,30,"{""sim_day"": 35.0, ""doy"": 154.0, ""topwt"": 57.64723300933838, ""grnwt"": 0.0, ""xlai"": 0.1145403161644935, ""totir"": 0.0, ""tofer"": NaN, ""swfac"": 0.0, ""nstres"": 0.0}",0.0,0.0,57.64723300933838,0.0,0.1145403161644935,0.0,,0.0,50.0,40.0,180.0,-7.757604980468749,8.242395019531251,Leave_One_experiments/all_year_offline_schedule_search/daily_outputs/HLA/HLA_2017_HLA2017_normal_grid_S0032_daily.csv
HLA,HLA,Hailun,2017,Leave_One_experiments\wth_generated_qc\HLA\HLA2017.WTH,normal_year;nitrogen_stress_year;low_response_year,normal,HLA2017_normal_grid_S0032,top_yield,2017-06-04,155,36,31,"{""sim_day"": 36.0, ""doy"": 155.0, ""topwt"": 69.0281343460083, ""grnwt"": 0.0, ""xlai"": 0.1371738314628601, ""totir"": 0.0, ""tofer"": NaN, ""swfac"": 0.0, ""nstres"": 0.0}",0.0,0.0,69.0281343460083,0.0,0.1371738314628601,0.0,,0.0,0.0,40.0,180.0,-7.757604980468749,8.242395019531251,Leave_One_experiments/all_year_offline_schedule_search/daily_outputs/HLA/HLA_2017_HLA2017_normal_grid_S0032_daily.csv
HLA,HLA,Hailun,2017,Leave_One_experiments\wth_generated_qc\HLA\HLA2017.WTH,normal_year;nitrogen_stress_year;low_response_year,normal,HLA2017_normal_grid_S0032,top_yield,2017-06-05,156,37,32,"{""sim_day"": 37.0, ""doy"": 156.0, ""topwt"": 82.84920692443848, ""grnwt"": 0.0, ""xlai"": 0.1635239273309707, ""totir"": 0.0, ""tofer"": NaN, ""swfac"": 0.0, ""nstres"": 0.0}",0.0,0.0,82.84920692443848,0.0,0.1635239273309707,0.0,,0.0,0.0,40.0,180.0,-7.757604980468749,8.242395019531251,Leave_One_experiments/all_year_offline_schedule_search/daily_outputs/HLA/HLA_2017_HLA2017_normal_grid_S0032_daily.csv
HLA,HLA,Hailun,2017,Leave_One_experiments\wth_generated_qc\HLA\HLA2017.WTH,normal_year;nitrogen_stress_year;low_response_year,normal,HLA2017_normal_grid_S0032,top_yield,2017-06-06,157,38,33,"{""sim_day"": 38.0, ""doy"": 157.0, ""topwt"": 94.48892593383788, ""grnwt"": 0.0, ""xlai"": 0.1849453747272491, ""totir"": 0.0, ""tofer"": NaN, ""swfac"": 0.0, ""nstres"": 0.0}",0.0,0.0,94.48892593383788,0.0,0.1849453747272491,0.0,,0.0,0.0,40.0,180.0,-7.757604980468749,8.242395019531251,Leave_One_experiments/all_year_offline_schedule_search/daily_outputs/HLA/HLA_2017_HLA2017_normal_grid_S0032_daily.csv
HLA,HLA,Hailun,2017,Leave_One_experiments\wth_generated_qc\HLA\HLA2017.WTH,normal_year;nitrogen_stress_year;low_response_year,normal,HLA2017_normal_grid_S0032,top_yield,2017-06-07,158,39,34,"{""sim_day"": 39.0, ""doy"": 158.0, ""topwt"": 106.50662422180176, ""grnwt"": 0.0, ""xlai"": 0.206453800201416, ""totir"": 0.0, ""tofer"": NaN, ""swfac"": 0.0, ""nstres"": 0.0}",0.0,0.0,106.50662422180176,0.0,0.206453800201416,0.0,,0.0,0.0,40.0,180.0,-7.757604980468749,8.242395019531251,Leave_One_experiments/all_year_offline_schedule_search/daily_outputs/HLA/HLA_2017_HLA2017_normal_grid_S0032_daily.csv
HLA,HLA,Hailun,2017,Leave_One_experiments\wth_generated_qc\HLA\HLA2017.WTH,normal_year;nitrogen_stress_year;low_response_year,normal,HLA2017_normal_grid_S0032,top_yield,2017-06-08,159,40,35,"{""sim_day"": 40.0, ""doy"": 159.0, ""topwt"": 114.84615325927734, ""grnwt"": 0.0, ""xlai"": 0.2210649847984314, ""totir"": 0.0, ""tofer"": NaN, ""swfac"": 0.0, ""nstres"": 0.0}",0.0,0.0,114.84615325927734,0.0,0.2210649847984314,0.0,,0.0,0.0,40.0,180.0,-7.757604980468749,8.242395019531251,Leave_One_experiments/all_year_offline_schedule_search/daily_outputs/HLA/HLA_2017_HLA2017_normal_grid_S0032_daily.csv
HLA,HLA,Hailun,2017,Leave_One_experiments\wth_generated_qc\HLA\HLA2017.WTH,normal_year;nitrogen_stress_year;low_response_year,normal,HLA2017_normal_grid_S0032,top_yield,2017-06-09,160,41,36,"{""sim_day"": 41.0, ""doy"": 160.0, ""topwt"": 123.401460647583, ""grnwt"": 0.0, ""xlai"": 0.2358157634735107, ""totir"": 0.0, ""tofer"": NaN, ""swfac"": 0.0, ""nstres"": 0.0}",0.0,0.0,123.401460647583,0.0,0.2358157634735107,0.0,,0.0,0.0,40.0,180.0,-7.757604980468749,8.242395019531251,Leave_One_experiments/all_year_offline_schedule_search/daily_outputs/HLA/HLA_2017_HLA2017_normal_grid_S0032_daily.csv
HLA,HLA,Hailun,2017,Leave_One_experiments\wth_generated_qc\HLA\HLA2017.WTH,normal_year;nitrogen_stress_year;low_response_year,normal,HLA2017_normal_grid_S0032,top_yield,2017-06-10,161,42,37,"{""sim_day"": 42.0, ""doy"": 161.0, ""topwt"": 136.79343223571777, ""grnwt"": 0.0, ""xlai"": 0.2584706544876098, ""totir"": 0.0, ""tofer"": NaN, ""swfac"": 0.0, ""nstres"": 0.0}",0.0,0.0,136.79343223571777,0.0,0.2584706544876098,0.0,,0.0,0.0,40.0,180.0,-7.757604980468749,8.242395019531251,Leave_One_experiments/all_year_offline_schedule_search/daily_outputs/HLA/HLA_2017_HLA2017_normal_grid_S0032_daily.csv
HLA,HLA,Hailun,2017,Leave_One_experiments\wth_generated_qc\HLA\HLA2017.WTH,normal_year;nitrogen_stress_year;low_response_year,normal,HLA2017_normal_grid_S0032,top_yield,2017-06-11,162,43,38,"{""sim_day"": 43.0, ""doy"": 162.0, ""topwt"": 146.04363441467285, ""grnwt"": 0.0, ""xlai"": 0.2921142280101776, ""totir"": 0.0, ""tofer"": NaN, ""swfac"": 0.0, ""nstres"": 0.0}",0.0,0.0,146.04363441467285,0.0,0.2921142280101776,0.0,,0.0,0.0,40.0,180.0,-7.757604980468749,8.242395019531251,Leave_One_experiments/all_year_offline_schedule_search/daily_outputs/HLA/HLA_2017_HLA2017_normal_grid_S0032_daily.csv
HLA,HLA,Hailun,2017,Leave_One_experiments\wth_generated_qc\HLA\HLA2017.WTH,normal_year;nitrogen_stress_year;low_response_year,normal,HLA2017_normal_grid_S0032,top_yield,2017-06-12,163,44,39,"{""sim_day"": 44.0, ""doy"": 163.0, ""topwt"": 181.63570404052732, ""grnwt"": 0.0, ""xlai"": 0.3512140810489654, ""totir"": 0.0, ""tofer"": NaN, ""swfac"": 0.0, ""nstres"": 0.0045210123062133}",0.0,0.0045210123062133,181.63570404052732,0.0,0.3512140810489654,0.0,,0.0,0.0,40.0,180.0,-7.757604980468749,8.242395019531251,Leave_One_experiments/all_year_offline_schedule_search/daily_outputs/HLA/HLA_2017_HLA2017_normal_grid_S0032_daily.csv
HLA,HLA,Hailun,2017,Leave_One_experiments\wth_generated_qc\HLA\HLA2017.WTH,normal_year;nitrogen_stress_year;low_response_year,normal,HLA2017_normal_grid_S0032,top_yield,2017-06-13,164,45,40,"{""sim_day"": 45.0, ""doy"": 164.0, ""topwt"": 220.53707122802732, ""grnwt"": 0.0, ""xlai"": 0.4129160940647125, ""totir"": 0.0, ""tofer"": NaN, ""swfac"": 0.0, ""nstres"": 0.0}",0.0,0.0,220.53707122802732,0.0,0.4129160940647125,0.0,,0.0,0.0,40.0,180.0,-7.757604980468749,8.242395019531251,Leave_One_experiments/all_year_offline_schedule_search/daily_outputs/HLA/HLA_2017_HLA2017_normal_grid_S0032_daily.csv
HLA,HLA,Hailun,2017,Leave_One_experiments\wth_generated_qc\HLA\HLA2017.WTH,normal_year;nitrogen_stress_year;low_response_year,normal,HLA2017_normal_grid_S0032,top_yield,2017-06-14,165,46,41,"{""sim_day"": 46.0, ""doy"": 165.0, ""topwt"": 259.06896591186523, ""grnwt"": 0.0, ""xlai"": 0.4716792404651642, ""totir"": 0.0, ""tofer"": NaN, ""swfac"": 0.0, ""nstres"": 0.0}",0.0,0.0,259.06896591186523,0.0,0.4716792404651642,0.0,,0.0,0.0,40.0,180.0,-7.757604980468749,8.242395019531251,Leave_One_experiments/all_year_offline_schedule_search/daily_outputs/HLA/HLA_2017_HLA2017_normal_grid_S0032_daily.csv
HLA,HLA,Hailun,2017,Leave_One_experiments\wth_generated_qc\HLA\HLA2017.WTH,normal_year;nitrogen_stress_year;low_response_year,normal,HLA2017_normal_grid_S0032,top_yield,2017-06-15,166,47,42,"{""sim_day"": 47.0, ""doy"": 166.0, ""topwt"": 303.95538330078125, ""grnwt"": 0.0, ""xlai"": 0.5377498865127563, ""totir"": 0.0, ""tofer"": NaN, ""swfac"": 0.0, ""nstres"": 0.0}",0.0,0.0,303.95538330078125,0.0,0.5377498865127563,0.0,,0.0,0.0,40.0,180.0,-7.757604980468749,8.242395019531251,Leave_One_experiments/all_year_offline_schedule_search/daily_outputs/HLA/HLA_2017_HLA2017_normal_grid_S0032_daily.csv
HLA,HLA,Hailun,2017,Leave_One_experiments\wth_generated_qc\HLA\HLA2017.WTH,normal_year;nitrogen_stress_year;low_response_year,normal,HLA2017_normal_grid_S0032,top_yield,2017-06-16,167,48,43,"{""sim_day"": 48.0, ""doy"": 167.0, ""topwt"": 358.9268112182617, ""grnwt"": 0.0, ""xlai"": 0.6158086657524109, ""totir"": 0.0, ""tofer"": NaN, ""swfac"": 0.0, ""nstres"": 0.0}",0.0,0.0,358.9268112182617,0.0,0.6158086657524109,0.0,,0.0,0.0,40.0,180.0,-7.757604980468749,8.242395019531251,Leave_One_experiments/all_year_offline_schedule_search/daily_outputs/HLA/HLA_2017_HLA2017_normal_grid_S0032_daily.csv
HLA,HLA,Hailun,2017,Leave_One_experiments\wth_generated_qc\HLA\HLA2017.WTH,normal_year;nitrogen_stress_year;low_response_year,normal,HLA2017_normal_grid_S0032,top_yield,2017-06-17,168,49,44,"{""sim_day"": 49.0, ""doy"": 168.0, ""topwt"": 399.2324066162109, ""grnwt"": 0.0, ""xlai"": 0.6713573932647705, ""totir"": 0.0, ""tofer"": NaN, ""swfac"": 0.0, ""nstres"": 0.0}",0.0,0.0,399.2324066162109,0.0,0.6713573932647705,0.0,,0.0,0.0,40.0,180.0,-7.757604980468749,8.242395019531251,Leave_One_experiments/all_year_offline_schedule_search/daily_outputs/HLA/HLA_2017_HLA2017_normal_grid_S0032_daily.csv
HLA,HLA,Hailun,2017,Leave_One_experiments\wth_generated_qc\HLA\HLA2017.WTH,normal_year;nitrogen_stress_year;low_response_year,normal,HLA2017_normal_grid_S0032,top_yield,2017-06-18,169,50,45,"{""sim_day"": 50.0, ""doy"": 169.0, ""topwt"": 443.8798522949219, ""grnwt"": 0.0, ""xlai"": 0.7284308671951294, ""totir"": 0.0, ""tofer"": NaN, ""swfac"": 0.0, ""nstres"": 0.0}",0.0,0.0,443.8798522949219,0.0,0.7284308671951294,0.0,,0.0,0.0,40.0,180.0,-7.757604980468749,8.242395019531251,Leave_One_experiments/all_year_offline_schedule_search/daily_outputs/HLA/HLA_2017_HLA2017_normal_grid_S0032_daily.csv
HLA,HLA,Hailun,2017,Leave_One_experiments\wth_generated_qc\HLA\HLA2017.WTH,normal_year;nitrogen_stress_year;low_response_year,normal,HLA2017_normal_grid_S0032,top_yield,2017-06-19,170,51,46,"{""sim_day"": 51.0, ""doy"": 170.0, ""topwt"": 481.27777099609375, ""grnwt"": 0.0, ""xlai"": 0.7796052694320679, ""totir"": 0.0, ""tofer"": NaN, ""swfac"": 0.0, ""nstres"": 0.0}",0.0,0.0,481.27777099609375,0.0,0.7796052694320679,0.0,,0.0,0.0,40.0,180.0,-7.757604980468749,8.242395019531251,Leave_One_experiments/all_year_offline_schedule_search/daily_outputs/HLA/HLA_2017_HLA2017_normal_grid_S0032_daily.csv
HLA,HLA,Hailun,2017,Leave_One_experiments\wth_generated_qc\HLA\HLA2017.WTH,normal_year;nitrogen_stress_year;low_response_year,normal,HLA2017_normal_grid_S0032,top_yield,2017-06-20,171,52,47,"{""sim_day"": 52.0, ""doy"": 171.0, ""topwt"": 513.0014801025391, ""grnwt"": 0.0, ""xlai"": 0.8221341371536255, ""totir"": 0.0, ""tofer"": NaN, ""swfac"": 0.0, ""nstres"": 0.0}",0.0,0.0,513.0014801025391,0.0,0.8221341371536255,0.0,,0.0,0.0,40.0,180.0,-7.757604980468749,8.242395019531251,Leave_One_experiments/all_year_offline_schedule_search/daily_outputs/HLA/HLA_2017_HLA2017_normal_grid_S0032_daily.csv
HLA,HLA,Hailun,2017,Leave_One_experiments\wth_generated_qc\HLA\HLA2017.WTH,normal_year;nitrogen_stress_year;low_response_year,normal,HLA2017_normal_grid_S0032,top_yield,2017-06-21,172,53,48,"{""sim_day"": 53.0, ""doy"": 172.0, ""topwt"": 564.8630142211914, ""grnwt"": 0.0, ""xlai"": 0.8897832632064819, ""totir"": 0.0, ""tofer"": NaN, ""swfac"": 0.0, ""nstres"": 0.0}",0.0,0.0,564.8630142211914,0.0,0.8897832632064819,0.0,,0.0,0.0,40.0,180.0,-7.757604980468749,8.242395019531251,Leave_One_experiments/all_year_offline_schedule_search/daily_outputs/HLA/HLA_2017_HLA2017_normal_grid_S0032_daily.csv
HLA,HLA,Hailun,2017,Leave_One_experiments\wth_generated_qc\HLA\HLA2017.WTH,normal_year;nitrogen_stress_year;low_response_year,normal,HLA2017_normal_grid_S0032,top_yield,2017-06-22,173,54,49,"{""sim_day"": 54.0, ""doy"": 173.0, ""topwt"": 661.666259765625, ""grnwt"": 0.0, ""xlai"": 1.0105613470077517, ""totir"": 0.0, ""tofer"": NaN, ""swfac"": 0.0, ""nstres"": 0.0}",0.0,0.0,661.666259765625,0.0,1.0105613470077517,0.0,,0.0,0.0,40.0,180.0,-7.757604980468749,8.242395019531251,Leave_One_experiments/all_year_offline_schedule_search/daily_outputs/HLA/HLA_2017_HLA2017_normal_grid_S0032_daily.csv
HLA,HLA,Hailun,2017,Leave_One_experiments\wth_generated_qc\HLA\HLA2017.WTH,normal_year;nitrogen_stress_year;low_response_year,normal,HLA2017_normal_grid_S0032,top_yield,2017-06-23,174,55,50,"{""sim_day"": 55.0, ""doy"": 174.0, ""topwt"": 770.7070922851562, ""grnwt"": 0.0, ""xlai"": 1.1391361951828003, ""totir"": 0.0, ""tofer"": NaN, ""swfac"": 0.0, ""nstres"": 0.0}",0.0,0.0,770.7070922851562,0.0,1.1391361951828003,0.0,,0.0,0.0,40.0,180.0,-7.757604980468749,8.242395019531251,Leave_One_experiments/all_year_offline_schedule_search/daily_outputs/HLA/HLA_2017_HLA2017_normal_grid_S0032_daily.csv
HLA,HLA,Hailun,2017,Leave_One_experiments\wth_generated_qc\HLA\HLA2017.WTH,normal_year;nitrogen_stress_year;low_response_year,normal,HLA2017_normal_grid_S0032,top_yield,2017-06-24,175,56,51,"{""sim_day"": 56.0, ""doy"": 175.0, ""topwt"": 866.2197875976562, ""grnwt"": 0.0, ""xlai"": 1.246079921722412, ""totir"": 0.0, ""tofer"": NaN, ""swfac"": 0.0, ""nstres"": 0.0}",0.0,0.0,866.2197875976562,0.0,1.246079921722412,0.0,,0.0,0.0,40.0,180.0,-7.757604980468749,8.242395019531251,Leave_One_experiments/all_year_offline_schedule_search/daily_outputs/HLA/HLA_2017_HLA2017_normal_grid_S0032_daily.csv
HLA,HLA,Hailun,2017,Leave_One_experiments\wth_generated_qc\HLA\HLA2017.WTH,normal_year;nitrogen_stress_year;low_response_year,normal,HLA2017_normal_grid_S0032,top_yield,2017-06-25,176,57,52,"{""sim_day"": 57.0, ""doy"": 176.0, ""topwt"": 975.3945922851562, ""grnwt"": 0.0, ""xlai"": 1.3618578910827637, ""totir"": 0.0, ""tofer"": NaN, ""swfac"": 0.0, ""nstres"": 0.0}",0.0,0.0,975.3945922851562,0.0,1.3618578910827637,0.0,,0.0,0.0,40.0,180.0,-7.757604980468749,8.242395019531251,Leave_One_experiments/all_year_offline_schedule_search/daily_outputs/HLA/HLA_2017_HLA2017_normal_grid_S0032_daily.csv
HLA,HLA,Hailun,2017,Leave_One_experiments\wth_generated_qc\HLA\HLA2017.WTH,normal_year;nitrogen_stress_year;low_response_year,normal,HLA2017_normal_grid_S0032,top_yield,2017-06-26,177,58,53,"{""sim_day"": 58.0, ""doy"": 177.0, ""topwt"": 1102.9635620117188, ""grnwt"": 0.0, ""xlai"": 1.4890286922454834, ""totir"": 0.0, ""tofer"": NaN, ""swfac"": 0.0, ""nstres"": 0.0}",0.0,0.0,1102.9635620117188,0.0,1.4890286922454834,0.0,,0.0,0.0,40.0,180.0,-7.757604980468749,8.242395019531251,Leave_One_experiments/all_year_offline_schedule_search/daily_outputs/HLA/HLA_2017_HLA2017_normal_grid_S0032_daily.csv
HLA,HLA,Hailun,2017,Leave_One_experiments\wth_generated_qc\HLA\HLA2017.WTH,normal_year;nitrogen_stress_year;low_response_year,normal,HLA2017_normal_grid_S0032,top_yield,2017-06-27,178,59,54,"{""sim_day"": 59.0, ""doy"": 178.0, ""topwt"": 1250.8060455322266, ""grnwt"": 0.0, ""xlai"": 1.626508712768555, ""totir"": 0.0, ""tofer"": NaN, ""swfac"": 0.0, ""nstres"": 0.0}",0.0,0.0,1250.8060455322266,0.0,1.626508712768555,0.0,,0.0,0.0,40.0,180.0,-7.757604980468749,8.242395019531251,Leave_One_experiments/all_year_offline_schedule_search/daily_outputs/HLA/HLA_2017_HLA2017_normal_grid_S0032_daily.csv
HLA,HLA,Hailun,2017,Leave_One_experiments\wth_generated_qc\HLA\HLA2017.WTH,normal_year;nitrogen_stress_year;low_response_year,normal,HLA2017_normal_grid_S0032,top_yield,2017-06-28,179,60,55,"{""sim_day"": 60.0, ""doy"": 179.0, ""topwt"": 1402.2805786132812, ""grnwt"": 0.0, ""xlai"": 1.757882595062256, ""totir"": 0.0, ""tofer"": NaN, ""swfac"": 0.0, ""nstres"": 0.0}",0.0,0.0,1402.2805786132812,0.0,1.757882595062256,0.0,,0.0,0.0,40.0,180.0,-7.757604980468749,8.242395019531251,Leave_One_experiments/all_year_offline_schedule_search/daily_outputs/HLA/HLA_2017_HLA2017_normal_grid_S0032_daily.csv
HLA,HLA,Hailun,2017,Leave_One_experiments\wth_generated_qc\HLA\HLA2017.WTH,normal_year;nitrogen_stress_year;low_response_year,normal,HLA2017_normal_grid_S0032,top_yield,2017-06-29,180,61,56,"{""sim_day"": 61.0, ""doy"": 180.0, ""topwt"": 1544.8776245117188, ""grnwt"": 0.0, ""xlai"": 1.8739467859268188, ""totir"": 0.0, ""tofer"": NaN, ""swfac"": 0.0, ""nstres"": 0.0}",0.0,0.0,1544.8776245117188,0.0,1.8739467859268188,0.0,,0.0,0.0,40.0,180.0,-7.757604980468749,8.242395019531251,Leave_One_experiments/all_year_offline_schedule_search/daily_outputs/HLA/HLA_2017_HLA2017_normal_grid_S0032_daily.csv
HLA,HLA,Hailun,2017,Leave_One_experiments\wth_generated_qc\HLA\HLA2017.WTH,normal_year;nitrogen_stress_year;low_response_year,normal,HLA2017_normal_grid_S0032,top_yield,2017-06-30,181,62,57,"{""sim_day"": 62.0, ""doy"": 181.0, ""topwt"": 1691.777801513672, ""grnwt"": 0.0, ""xlai"": 1.986379623413086, ""totir"": 0.0, ""tofer"": NaN, ""swfac"": 0.0, ""nstres"": 0.0}",0.0,0.0,1691.777801513672,0.0,1.986379623413086,0.0,,0.0,0.0,40.0,180.0,-7.757604980468749,8.242395019531251,Leave_One_experiments/all_year_offline_schedule_search/daily_outputs/HLA/HLA_2017_HLA2017_normal_grid_S0032_daily.csv
HLA,HLA,Hailun,2017,Leave_One_experiments\wth_generated_qc\HLA\HLA2017.WTH,normal_year;nitrogen_stress_year;low_response_year,normal,HLA2017_normal_grid_S0032,top_yield,2017-07-01,182,63,58,"{""sim_day"": 63.0, ""doy"": 182.0, ""topwt"": 1848.102569580078, ""grnwt"": 0.0, ""xlai"": 2.098841905593872, ""totir"": 0.0, ""tofer"": NaN, ""swfac"": 0.0, ""nstres"": 0.0}",0.0,0.0,1848.102569580078,0.0,2.098841905593872,0.0,,0.0,0.0,40.0,180.0,-7.757604980468749,8.242395019531251,Leave_One_experiments/all_year_offline_schedule_search/daily_outputs/HLA/HLA_2017_HLA2017_normal_grid_S0032_daily.csv
HLA,HLA,Hailun,2017,Leave_One_experiments\wth_generated_qc\HLA\HLA2017.WTH,normal_year;nitrogen_stress_year;low_response_year,normal,HLA2017_normal_grid_S0032,top_yield,2017-07-02,183,64,59,"{""sim_day"": 64.0, ""doy"": 183.0, ""topwt"": 2045.784912109375, ""grnwt"": 0.0, ""xlai"": 2.2311627864837646, ""totir"": 0.0, ""tofer"": NaN, ""swfac"": 0.0, ""nstres"": 0.0}",0.0,0.0,2045.784912109375,0.0,2.2311627864837646,0.0,,0.0,0.0,40.0,180.0,-7.757604980468749,8.242395019531251,Leave_One_experiments/all_year_offline_schedule_search/daily_outputs/HLA/HLA_2017_HLA2017_normal_grid_S0032_daily.csv
HLA,HLA,Hailun,2017,Leave_One_experiments\wth_generated_qc\HLA\HLA2017.WTH,normal_year;nitrogen_stress_year;low_response_year,normal,HLA2017_normal_grid_S0032,top_yield,2017-07-03,184,65,60,"{""sim_day"": 65.0, ""doy"": 184.0, ""topwt"": 2256.787109375, ""grnwt"": 0.0, ""xlai"": 2.362422227859497, ""totir"": 0.0, ""tofer"": NaN, ""swfac"": 0.0, ""nstres"": 0.0}",0.0,0.0,2256.787109375,0.0,2.362422227859497,0.0,,0.0,50.0,40.0,180.0,-7.757604980468749,8.242395019531251,Leave_One_experiments/all_year_offline_schedule_search/daily_outputs/HLA/HLA_2017_HLA2017_normal_grid_S0032_daily.csv
HLA,HLA,Hailun,2017,Leave_One_experiments\wth_generated_qc\HLA\HLA2017.WTH,normal_year;nitrogen_stress_year;low_response_year,normal,HLA2017_normal_grid_S0032,top_yield,2017-07-04,185,66,61,"{""sim_day"": 66.0, ""doy"": 185.0, ""topwt"": 2509.3467712402344, ""grnwt"": 0.0, ""xlai"": 2.5074474811553955, ""totir"": 0.0, ""tofer"": NaN, ""swfac"": 0.0, ""nstres"": 0.0}",0.0,0.0,2509.3467712402344,0.0,2.5074474811553955,0.0,,0.0,0.0,40.0,180.0,-7.757604980468749,8.242395019531251,Leave_One_experiments/all_year_offline_schedule_search/daily_outputs/HLA/HLA_2017_HLA2017_normal_grid_S0032_daily.csv
HLA,HLA,Hailun,2017,Leave_One_experiments\wth_generated_qc\HLA\HLA2017.WTH,normal_year;nitrogen_stress_year;low_response_year,normal,HLA2017_normal_grid_S0032,top_yield,2017-07-05,186,67,62,"{""sim_day"": 67.0, ""doy"": 186.0, ""topwt"": 2788.8543701171875, ""grnwt"": 0.0, ""xlai"": 2.655308961868286, ""totir"": 0.0, ""tofer"": NaN, ""swfac"": 0.0, ""nstres"": 0.0}",0.0,0.0,2788.8543701171875,0.0,2.655308961868286,0.0,,0.0,0.0,40.0,180.0,-7.757604980468749,8.242395019531251,Leave_One_experiments/all_year_offline_schedule_search/daily_outputs/HLA/HLA_2017_HLA2017_normal_grid_S0032_daily.csv
HLA,HLA,Hailun,2017,Leave_One_experiments\wth_generated_qc\HLA\HLA2017.WTH,normal_year;nitrogen_stress_year;low_response_year,normal,HLA2017_normal_grid_S0032,top_yield,2017-07-06,187,68,63,"{""sim_day"": 68.0, ""doy"": 187.0, ""topwt"": 3095.4379272460938, ""grnwt"": 0.0, ""xlai"": 2.8046793937683105, ""totir"": 0.0, ""tofer"": NaN, ""swfac"": 0.0, ""nstres"": 0.0}",0.0,0.0,3095.4379272460938,0.0,2.8046793937683105,0.0,,0.0,0.0,40.0,180.0,-7.757604980468749,8.242395019531251,Leave_One_experiments/all_year_offline_schedule_search/daily_outputs/HLA/HLA_2017_HLA2017_normal_grid_S0032_daily.csv
HLA,HLA,Hailun,2017,Leave_One_experiments\wth_generated_qc\HLA\HLA2017.WTH,normal_year;nitrogen_stress_year;low_response_year,normal,HLA2017_normal_grid_S0032,top_yield,2017-07-07,188,69,64,"{""sim_day"": 69.0, ""doy"": 188.0, ""topwt"": 3263.661499023437, ""grnwt"": 0.0, ""xlai"": 2.881156206130981, ""totir"": 0.0, ""tofer"": NaN, ""swfac"": 0.0, ""nstres"": 0.0}",0.0,0.0,3263.661499023437,0.0,2.881156206130981,0.0,,0.0,0.0,40.0,180.0,-7.757604980468749,8.242395019531251,Leave_One_experiments/all_year_offline_schedule_search/daily_outputs/HLA/HLA_2017_HLA2017_normal_grid_S0032_daily.csv
HLA,HLA,Hailun,2017,Leave_One_experiments\wth_generated_qc\HLA\HLA2017.WTH,normal_year;nitrogen_stress_year;low_response_year,normal,HLA2017_normal_grid_S0032,top_yield,2017-07-08,189,70,65,"{""sim_day"": 70.0, ""doy"": 189.0, ""topwt"": 3534.315795898437, ""grnwt"": 0.0, ""xlai"": 2.99629020690918, ""totir"": 40.0, ""tofer"": NaN, ""swfac"": 0.0, ""nstres"": 0.0}",0.0,0.0,3534.315795898437,0.0,2.99629020690918,40.0,,40.0,0.0,40.0,180.0,-7.757604980468749,8.242395019531251,Leave_One_experiments/all_year_offline_schedule_search/daily_outputs/HLA/HLA_2017_HLA2017_normal_grid_S0032_daily.csv
HLA,HLA,Hailun,2017,Leave_One_experiments\wth_generated_qc\HLA\HLA2017.WTH,normal_year;nitrogen_stress_year;low_response_year,normal,HLA2017_normal_grid_S0032,top_yield,2017-07-09,190,71,66,"{""sim_day"": 71.0, ""doy"": 190.0, ""topwt"": 3762.07763671875, ""grnwt"": 0.0, ""xlai"": 3.1468844413757324, ""totir"": 40.0, ""tofer"": NaN, ""swfac"": 0.0, ""nstres"": 0.0}",0.0,0.0,3762.07763671875,0.0,3.1468844413757324,40.0,,0.0,0.0,40.0,180.0,-7.757604980468749,8.242395019531251,Leave_One_experiments/all_year_offline_schedule_search/daily_outputs/HLA/HLA_2017_HLA2017_normal_grid_S0032_daily.csv
HLA,HLA,Hailun,2017,Leave_One_experiments\wth_generated_qc\HLA\HLA2017.WTH,normal_year;nitrogen_stress_year;low_response_year,normal,HLA2017_normal_grid_S0032,top_yield,2017-07-10,191,72,67,"{""sim_day"": 72.0, ""doy"": 191.0, ""topwt"": 4063.7173461914062, ""grnwt"": 0.0, ""xlai"": 3.286309003829956, ""totir"": 40.0, ""tofer"": NaN, ""swfac"": 0.0, ""nstres"": 0.0}",0.0,0.0,4063.7173461914062,0.0,3.286309003829956,40.0,,0.0,0.0,40.0,180.0,-7.757604980468749,8.242395019531251,Leave_One_experiments/all_year_offline_schedule_search/daily_outputs/HLA/HLA_2017_HLA2017_normal_grid_S0032_daily.csv
HLA,HLA,Hailun,2017,Leave_One_experiments\wth_generated_qc\HLA\HLA2017.WTH,normal_year;nitrogen_stress_year;low_response_year,normal,HLA2017_normal_grid_S0032,top_yield,2017-07-11,192,73,68,"{""sim_day"": 73.0, ""doy"": 192.0, ""topwt"": 4370.6634521484375, ""grnwt"": 0.0, ""xlai"": 3.4071195125579834, ""totir"": 40.0, ""tofer"": NaN, ""swfac"": 0.0, ""nstres"": 0.0}",0.0,0.0,4370.6634521484375,0.0,3.4071195125579834,40.0,,0.0,0.0,40.0,180.0,-7.757604980468749,8.242395019531251,Leave_One_experiments/all_year_offline_schedule_search/daily_outputs/HLA/HLA_2017_HLA2017_normal_grid_S0032_daily.csv
HLA,HLA,Hailun,2017,Leave_One_experiments\wth_generated_qc\HLA\HLA2017.WTH,normal_year;nitrogen_stress_year;low_response_year,normal,HLA2017_normal_grid_S0032,top_yield,2017-07-12,193,74,69,"{""sim_day"": 74.0, ""doy"": 193.0, ""topwt"": 4695.9027099609375, ""grnwt"": 0.0, ""xlai"": 3.5200228691101074, ""totir"": 40.0, ""tofer"": NaN, ""swfac"": 0.0, ""nstres"": 0.0}",0.0,0.0,4695.9027099609375,0.0,3.5200228691101074,40.0,,0.0,0.0,40.0,180.0,-7.757604980468749,8.242395019531251,Leave_One_experiments/all_year_offline_schedule_search/daily_outputs/HLA/HLA_2017_HLA2017_normal_grid_S0032_daily.csv
HLA,HLA,Hailun,2017,Leave_One_experiments\wth_generated_qc\HLA\HLA2017.WTH,normal_year;nitrogen_stress_year;low_response_year,normal,HLA2017_normal_grid_S0032,top_yield,2017-07-13,194,75,70,"{""sim_day"": 75.0, ""doy"": 194.0, ""topwt"": 4950.1275634765625, ""grnwt"": 0.0, ""xlai"": 3.601508617401123, ""totir"": 40.0, ""tofer"": NaN, ""swfac"": 0.0, ""nstres"": 0.0}",0.0,0.0,4950.1275634765625,0.0,3.601508617401123,40.0,,0.0,0.0,40.0,180.0,-7.757604980468749,8.242395019531251,Leave_One_experiments/all_year_offline_schedule_search/daily_outputs/HLA/HLA_2017_HLA2017_normal_grid_S0032_daily.csv
HLA,HLA,Hailun,2017,Leave_One_experiments\wth_generated_qc\HLA\HLA2017.WTH,normal_year;nitrogen_stress_year;low_response_year,normal,HLA2017_normal_grid_S0032,top_yield,2017-07-14,195,76,71,"{""sim_day"": 76.0, ""doy"": 195.0, ""topwt"": 5216.767578125, ""grnwt"": 0.0, ""xlai"": 3.681110858917236, ""totir"": 40.0, ""tofer"": NaN, ""swfac"": 0.0, ""nstres"": 0.0}",0.0,0.0,5216.767578125,0.0,3.681110858917236,40.0,,0.0,0.0,40.0,180.0,-7.757604980468749,8.242395019531251,Leave_One_experiments/all_year_offline_schedule_search/daily_outputs/HLA/HLA_2017_HLA2017_normal_grid_S0032_daily.csv
HLA,HLA,Hailun,2017,Leave_One_experiments\wth_generated_qc\HLA\HLA2017.WTH,normal_year;nitrogen_stress_year;low_response_year,normal,HLA2017_normal_grid_S0032,top_yield,2017-07-15,196,77,72,"{""sim_day"": 77.0, ""doy"": 196.0, ""topwt"": 5464.53857421875, ""grnwt"": 0.0, ""xlai"": 3.750886201858521, ""totir"": 40.0, ""tofer"": NaN, ""swfac"": 0.0, ""nstres"": 0.0}",0.0,0.0,5464.53857421875,0.0,3.750886201858521,40.0,,0.0,0.0,40.0,180.0,-7.757604980468749,8.242395019531251,Leave_One_experiments/all_year_offline_schedule_search/daily_outputs/HLA/HLA_2017_HLA2017_normal_grid_S0032_daily.csv
HLA,HLA,Hailun,2017,Leave_One_experiments\wth_generated_qc\HLA\HLA2017.WTH,normal_year;nitrogen_stress_year;low_response_year,normal,HLA2017_normal_grid_S0032,top_yield,2017-07-16,197,78,73,"{""sim_day"": 78.0, ""doy"": 197.0, ""topwt"": 5728.372802734375, ""grnwt"": 0.0, ""xlai"": 3.8212175369262695, ""totir"": 40.0, ""tofer"": NaN, ""swfac"": 0.0, ""nstres"": 0.0}",0.0,0.0,5728.372802734375,0.0,3.8212175369262695,40.0,,0.0,0.0,40.0,180.0,-7.757604980468749,8.242395019531251,Leave_One_experiments/all_year_offline_schedule_search/daily_outputs/HLA/HLA_2017_HLA2017_normal_grid_S0032_daily.csv
HLA,HLA,Hailun,2017,Leave_One_experiments\wth_generated_qc\HLA\HLA2017.WTH,normal_year;nitrogen_stress_year;low_response_year,normal,HLA2017_normal_grid_S0032,top_yield,2017-07-17,198,79,74,"{""sim_day"": 79.0, ""doy"": 198.0, ""topwt"": 6013.6895751953125, ""grnwt"": 0.0, ""xlai"": 3.893340826034546, ""totir"": 40.0, ""tofer"": NaN, ""swfac"": 0.0, ""nstres"": 0.0}",0.0,0.0,6013.6895751953125,0.0,3.893340826034546,40.0,,0.0,0.0,40.0,180.0,-7.757604980468749,8.242395019531251,Leave_One_experiments/all_year_offline_schedule_search/daily_outputs/HLA/HLA_2017_HLA2017_normal_grid_S0032_daily.csv
HLA,HLA,Hailun,2017,Leave_One_experiments\wth_generated_qc\HLA\HLA2017.WTH,normal_year;nitrogen_stress_year;low_response_year,normal,HLA2017_normal_grid_S0032,top_yield,2017-07-18,199,80,75,"{""sim_day"": 80.0, ""doy"": 199.0, ""topwt"": 6231.2591552734375, ""grnwt"": 0.0, ""xlai"": 3.9462389945983887, ""totir"": 40.0, ""tofer"": NaN, ""swfac"": 0.0, ""nstres"": 0.0}",0.0,0.0,6231.2591552734375,0.0,3.9462389945983887,40.0,,0.0,0.0,40.0,180.0,-7.757604980468749,8.242395019531251,Leave_One_experiments/all_year_offline_schedule_search/daily_outputs/HLA/HLA_2017_HLA2017_normal_grid_S0032_daily.csv
HLA,HLA,Hailun,2017,Leave_One_experiments\wth_generated_qc\HLA\HLA2017.WTH,normal_year;nitrogen_stress_year;low_response_year,normal,HLA2017_normal_grid_S0032,top_yield,2017-07-19,200,81,76,"{""sim_day"": 81.0, ""doy"": 200.0, ""topwt"": 6437.1026611328125, ""grnwt"": 0.0, ""xlai"": 3.996219158172608, ""totir"": 40.0, ""tofer"": NaN, ""swfac"": 0.0, ""nstres"": 0.0}",0.0,0.0,6437.1026611328125,0.0,3.996219158172608,40.0,,0.0,0.0,40.0,180.0,-7.757604980468749,8.242395019531251,Leave_One_experiments/all_year_offline_schedule_search/daily_outputs/HLA/HLA_2017_HLA2017_normal_grid_S0032_daily.csv
HLA,HLA,Hailun,2017,Leave_One_experiments\wth_generated_qc\HLA\HLA2017.WTH,normal_year;nitrogen_stress_year;low_response_year,normal,HLA2017_normal_grid_S0032,top_yield,2017-07-20,201,82,77,"{""sim_day"": 82.0, ""doy"": 201.0, ""topwt"": 6632.7764892578125, ""grnwt"": 0.0, ""xlai"": 4.043668746948242, ""totir"": 40.0, ""tofer"": NaN, ""swfac"": 0.0, ""nstres"": 0.0}",0.0,0.0,6632.7764892578125,0.0,4.043668746948242,40.0,,0.0,0.0,40.0,180.0,-7.757604980468749,8.242395019531251,Leave_One_experiments/all_year_offline_schedule_search/daily_outputs/HLA/HLA_2017_HLA2017_normal_grid_S0032_daily.csv
HLA,HLA,Hailun,2017,Leave_One_experiments\wth_generated_qc\HLA\HLA2017.WTH,normal_year;nitrogen_stress_year;low_response_year,normal,HLA2017_normal_grid_S0032,top_yield,2017-07-21,202,83,78,"{""sim_day"": 83.0, ""doy"": 202.0, ""topwt"": 6861.2158203125, ""grnwt"": 0.0, ""xlai"": 4.09764575958252, ""totir"": 40.0, ""tofer"": NaN, ""swfac"": 0.0, ""nstres"": 0.0}",0.0,0.0,6861.2158203125,0.0,4.09764575958252,40.0,,0.0,0.0,40.0,180.0,-7.757604980468749,8.242395019531251,Leave_One_experiments/all_year_offline_schedule_search/daily_outputs/HLA/HLA_2017_HLA2017_normal_grid_S0032_daily.csv
HLA,HLA,Hailun,2017,Leave_One_experiments\wth_generated_qc\HLA\HLA2017.WTH,normal_year;nitrogen_stress_year;low_response_year,normal,HLA2017_normal_grid_S0032,top_yield,2017-07-22,203,84,79,"{""sim_day"": 84.0, ""doy"": 203.0, ""topwt"": 7102.594604492188, ""grnwt"": 0.0, ""xlai"": 4.152910232543945, ""totir"": 40.0, ""tofer"": NaN, ""swfac"": 0.0, ""nstres"": 0.0}",0.0,0.0,7102.594604492188,0.0,4.152910232543945,40.0,,0.0,0.0,40.0,180.0,-7.757604980468749,8.242395019531251,Leave_One_experiments/all_year_offline_schedule_search/daily_outputs/HLA/HLA_2017_HLA2017_normal_grid_S0032_daily.csv
HLA,HLA,Hailun,2017,Leave_One_experiments\wth_generated_qc\HLA\HLA2017.WTH,normal_year;nitrogen_stress_year;low_response_year,normal,HLA2017_normal_grid_S0032,top_yield,2017-07-23,204,85,80,"{""sim_day"": 85.0, ""doy"": 204.0, ""topwt"": 7270.867919921875, ""grnwt"": 0.0, ""xlai"": 4.188412189483643, ""totir"": 40.0, ""tofer"": NaN, ""swfac"": 0.0, ""nstres"": 0.0}",0.0,0.0,7270.867919921875,0.0,4.188412189483643,40.0,,0.0,0.0,40.0,180.0,-7.757604980468749,8.242395019531251,Leave_One_experiments/all_year_offline_schedule_search/daily_outputs/HLA/HLA_2017_HLA2017_normal_grid_S0032_daily.csv
HLA,HLA,Hailun,2017,Leave_One_experiments\wth_generated_qc\HLA\HLA2017.WTH,normal_year;nitrogen_stress_year;low_response_year,normal,HLA2017_normal_grid_S0032,top_yield,2017-07-24,205,86,81,"{""sim_day"": 86.0, ""doy"": 205.0, ""topwt"": 7425.686645507812, ""grnwt"": 0.0, ""xlai"": 4.219365119934082, ""totir"": 40.0, ""tofer"": NaN, ""swfac"": 0.0, ""nstres"": 0.0}",0.0,0.0,7425.686645507812,0.0,4.219365119934082,40.0,,0.0,0.0,40.0,180.0,-7.757604980468749,8.242395019531251,Leave_One_experiments/all_year_offline_schedule_search/daily_outputs/HLA/HLA_2017_HLA2017_normal_grid_S0032_daily.csv
HLA,HLA,Hailun,2017,Leave_One_experiments\wth_generated_qc\HLA\HLA2017.WTH,normal_year;nitrogen_stress_year;low_response_year,normal,HLA2017_normal_grid_S0032,top_yield,2017-07-25,206,87,82,"{""sim_day"": 87.0, ""doy"": 206.0, ""topwt"": 7577.39990234375, ""grnwt"": 0.0, ""xlai"": 4.248437404632568, ""totir"": 40.0, ""tofer"": NaN, ""swfac"": 0.0, ""nstres"": 0.0}",0.0,0.0,7577.39990234375,0.0,4.248437404632568,40.0,,0.0,0.0,40.0,180.0,-7.757604980468749,8.242395019531251,Leave_One_experiments/all_year_offline_schedule_search/daily_outputs/HLA/HLA_2017_HLA2017_normal_grid_S0032_daily.csv
HLA,HLA,Hailun,2017,Leave_One_experiments\wth_generated_qc\HLA\HLA2017.WTH,normal_year;nitrogen_stress_year;low_response_year,normal,HLA2017_normal_grid_S0032,top_yield,2017-07-26,207,88,83,"{""sim_day"": 88.0, ""doy"": 207.0, ""topwt"": 7725.823974609375, ""grnwt"": 0.0, ""xlai"": 4.070294380187988, ""totir"": 40.0, ""tofer"": NaN, ""swfac"": 0.0, ""nstres"": 0.0}",0.0,0.0,7725.823974609375,0.0,4.070294380187988,40.0,,0.0,0.0,40.0,180.0,-7.757604980468749,8.242395019531251,Leave_One_experiments/all_year_offline_schedule_search/daily_outputs/HLA/HLA_2017_HLA2017_normal_grid_S0032_daily.csv
HLA,HLA,Hailun,2017,Leave_One_experiments\wth_generated_qc\HLA\HLA2017.WTH,normal_year;nitrogen_stress_year;low_response_year,normal,HLA2017_normal_grid_S0032,top_yield,2017-07-27,208,89,84,"{""sim_day"": 89.0, ""doy"": 208.0, ""topwt"": 8152.60986328125, ""grnwt"": 0.0, ""xlai"": 4.057675838470459, ""totir"": 40.0, ""tofer"": NaN, ""swfac"": 0.0, ""nstres"": 0.0}",0.0,0.0,8152.60986328125,0.0,4.057675838470459,40.0,,0.0,0.0,40.0,180.0,-7.757604980468749,8.242395019531251,Leave_One_experiments/all_year_offline_schedule_search/daily_outputs/HLA/HLA_2017_HLA2017_normal_grid_S0032_daily.csv
HLA,HLA,Hailun,2017,Leave_One_experiments\wth_generated_qc\HLA\HLA2017.WTH,normal_year;nitrogen_stress_year;low_response_year,normal,HLA2017_normal_grid_S0032,top_yield,2017-07-28,209,90,85,"{""sim_day"": 90.0, ""doy"": 209.0, ""topwt"": 8565.457153320312, ""grnwt"": 0.0, ""xlai"": 4.042640686035156, ""totir"": 40.0, ""tofer"": NaN, ""swfac"": 0.0, ""nstres"": 0.0}",0.0,0.0,8565.457153320312,0.0,4.042640686035156,40.0,,0.0,0.0,40.0,180.0,-7.757604980468749,8.242395019531251,Leave_One_experiments/all_year_offline_schedule_search/daily_outputs/HLA/HLA_2017_HLA2017_normal_grid_S0032_daily.csv
HLA,HLA,Hailun,2017,Leave_One_experiments\wth_generated_qc\HLA\HLA2017.WTH,normal_year;nitrogen_stress_year;low_response_year,normal,HLA2017_normal_grid_S0032,top_yield,2017-07-29,210,91,86,"{""sim_day"": 91.0, ""doy"": 210.0, ""topwt"": 8798.309936523438, ""grnwt"": 0.0, ""xlai"": 4.026693344116211, ""totir"": 40.0, ""tofer"": NaN, ""swfac"": 0.0, ""nstres"": 0.0}",0.0,0.0,8798.309936523438,0.0,4.026693344116211,40.0,,0.0,0.0,40.0,180.0,-7.757604980468749,8.242395019531251,Leave_One_experiments/all_year_offline_schedule_search/daily_outputs/HLA/HLA_2017_HLA2017_normal_grid_S0032_daily.csv
HLA,HLA,Hailun,2017,Leave_One_experiments\wth_generated_qc\HLA\HLA2017.WTH,normal_year;nitrogen_stress_year;low_response_year,normal,HLA2017_normal_grid_S0032,top_yield,2017-07-30,211,92,87,"{""sim_day"": 92.0, ""doy"": 211.0, ""topwt"": 9126.7578125, ""grnwt"": 0.0, ""xlai"": 4.009134769439697, ""totir"": 40.0, ""tofer"": NaN, ""swfac"": 0.0, ""nstres"": 0.0}",0.0,0.0,9126.7578125,0.0,4.009134769439697,40.0,,0.0,0.0,40.0,180.0,-7.757604980468749,8.242395019531251,Leave_One_experiments/all_year_offline_schedule_search/daily_outputs/HLA/HLA_2017_HLA2017_normal_grid_S0032_daily.csv
HLA,HLA,Hailun,2017,Leave_One_experiments\wth_generated_qc\HLA\HLA2017.WTH,normal_year;nitrogen_stress_year;low_response_year,normal,HLA2017_normal_grid_S0032,top_yield,2017-07-31,212,93,88,"{""sim_day"": 93.0, ""doy"": 212.0, ""topwt"": 9264.596557617188, ""grnwt"": 0.0, ""xlai"": 3.994958877563477, ""totir"": 40.0, ""tofer"": NaN, ""swfac"": 0.0, ""nstres"": 0.0}",0.0,0.0,9264.596557617188,0.0,3.994958877563477,40.0,,0.0,0.0,40.0,180.0,-7.757604980468749,8.242395019531251,Leave_One_experiments/all_year_offline_schedule_search/daily_outputs/HLA/HLA_2017_HLA2017_normal_grid_S0032_daily.csv
HLA,HLA,Hailun,2017,Leave_One_experiments\wth_generated_qc\HLA\HLA2017.WTH,normal_year;nitrogen_stress_year;low_response_year,normal,HLA2017_normal_grid_S0032,top_yield,2017-08-01,213,94,89,"{""sim_day"": 94.0, ""doy"": 213.0, ""topwt"": 9327.30712890625, ""grnwt"": 0.0, ""xlai"": 3.9800851345062256, ""totir"": 40.0, ""tofer"": NaN, ""swfac"": 0.0, ""nstres"": 0.0}",0.0,0.0,9327.30712890625,0.0,3.9800851345062256,40.0,,0.0,0.0,40.0,180.0,-7.757604980468749,8.242395019531251,Leave_One_experiments/all_year_offline_schedule_search/daily_outputs/HLA/HLA_2017_HLA2017_normal_grid_S0032_daily.csv
HLA,HLA,Hailun,2017,Leave_One_experiments\wth_generated_qc\HLA\HLA2017.WTH,normal_year;nitrogen_stress_year;low_response_year,normal,HLA2017_normal_grid_S0032,top_yield,2017-08-02,214,95,90,"{""sim_day"": 95.0, ""doy"": 214.0, ""topwt"": 9365.086669921877, ""grnwt"": 0.0, ""xlai"": 3.9647815227508554, ""totir"": 40.0, ""tofer"": NaN, ""swfac"": 0.0, ""nstres"": 0.0}",0.0,0.0,9365.086669921877,0.0,3.9647815227508554,40.0,,0.0,0.0,40.0,180.0,-7.757604980468749,8.242395019531251,Leave_One_experiments/all_year_offline_schedule_search/daily_outputs/HLA/HLA_2017_HLA2017_normal_grid_S0032_daily.csv
HLA,HLA,Hailun,2017,Leave_One_experiments\wth_generated_qc\HLA\HLA2017.WTH,normal_year;nitrogen_stress_year;low_response_year,normal,HLA2017_normal_grid_S0032,top_yield,2017-08-03,215,96,91,"{""sim_day"": 96.0, ""doy"": 215.0, ""topwt"": 9528.154296875, ""grnwt"": 0.0, ""xlai"": 3.94792103767395, ""totir"": 40.0, ""tofer"": NaN, ""swfac"": 0.0, ""nstres"": 0.0}",0.0,0.0,9528.154296875,0.0,3.94792103767395,40.0,,0.0,0.0,40.0,180.0,-7.757604980468749,8.242395019531251,Leave_One_experiments/all_year_offline_schedule_search/daily_outputs/HLA/HLA_2017_HLA2017_normal_grid_S0032_daily.csv
HLA,HLA,Hailun,2017,Leave_One_experiments\wth_generated_qc\HLA\HLA2017.WTH,normal_year;nitrogen_stress_year;low_response_year,normal,HLA2017_normal_grid_S0032,top_yield,2017-08-04,216,97,92,"{""sim_day"": 97.0, ""doy"": 216.0, ""topwt"": 9782.98828125, ""grnwt"": 0.0, ""xlai"": 3.931597232818604, ""totir"": 40.0, ""tofer"": NaN, ""swfac"": 0.0, ""nstres"": 0.0}",0.0,0.0,9782.98828125,0.0,3.931597232818604,40.0,,0.0,0.0,40.0,180.0,-7.757604980468749,8.242395019531251,Leave_One_experiments/all_year_offline_schedule_search/daily_outputs/HLA/HLA_2017_HLA2017_normal_grid_S0032_daily.csv
HLA,HLA,Hailun,2017,Leave_One_experiments\wth_generated_qc\HLA\HLA2017.WTH,normal_year;nitrogen_stress_year;low_response_year,normal,HLA2017_normal_grid_S0032,top_yield,2017-08-05,217,98,93,"{""sim_day"": 98.0, ""doy"": 217.0, ""topwt"": 10001.13525390625, ""grnwt"": 0.0, ""xlai"": 3.9131791591644287, ""totir"": 40.0, ""tofer"": NaN, ""swfac"": 0.0, ""nstres"": 0.0}",0.0,0.0,10001.13525390625,0.0,3.9131791591644287,40.0,,0.0,0.0,40.0,180.0,-7.757604980468749,8.242395019531251,Leave_One_experiments/all_year_offline_schedule_search/daily_outputs/HLA/HLA_2017_HLA2017_normal_grid_S0032_daily.csv
HLA,HLA,Hailun,2017,Leave_One_experiments\wth_generated_qc\HLA\HLA2017.WTH,normal_year;nitrogen_stress_year;low_response_year,normal,HLA2017_normal_grid_S0032,top_yield,2017-08-06,218,99,94,"{""sim_day"": 99.0, ""doy"": 218.0, ""topwt"": 10132.056884765623, ""grnwt"": 136.4461326599121, ""xlai"": 3.81972599029541, ""totir"": 40.0, ""tofer"": NaN, ""swfac"": 0.0, ""nstres"": 0.0}",0.0,0.0,10132.056884765623,136.4461326599121,3.81972599029541,40.0,,0.0,0.0,40.0,180.0,-7.757604980468749,8.242395019531251,Leave_One_experiments/all_year_offline_schedule_search/daily_outputs/HLA/HLA_2017_HLA2017_normal_grid_S0032_daily.csv
HLA,HLA,Hailun,2017,Leave_One_experiments\wth_generated_qc\HLA\HLA2017.WTH,normal_year;nitrogen_stress_year;low_response_year,normal,HLA2017_normal_grid_S0032,top_yield,2017-08-07,219,100,95,"{""sim_day"": 100.0, ""doy"": 219.0, ""topwt"": 10274.027099609377, ""grnwt"": 272.8922653198242, ""xlai"": 3.807945966720581, ""totir"": 40.0, ""tofer"": NaN, ""swfac"": 0.0, ""nstres"": 0.0}",0.0,0.0,10274.027099609377,272.8922653198242,3.807945966720581,40.0,,0.0,0.0,40.0,180.0,-7.757604980468749,8.242395019531251,Leave_One_experiments/all_year_offline_schedule_search/daily_outputs/HLA/HLA_2017_HLA2017_normal_grid_S0032_daily.csv
HLA,HLA,Hailun,2017,Leave_One_experiments\wth_generated_qc\HLA\HLA2017.WTH,normal_year;nitrogen_stress_year;low_response_year,normal,HLA2017_normal_grid_S0032,top_yield,2017-08-08,220,101,96,"{""sim_day"": 101.0, ""doy"": 220.0, ""topwt"": 10410.4736328125, ""grnwt"": 409.33837890625, ""xlai"": 3.792782783508301, ""totir"": 40.0, ""tofer"": NaN, ""swfac"": 0.0, ""nstres"": 0.0}",0.0,0.0,10410.4736328125,409.33837890625,3.792782783508301,40.0,,0.0,0.0,40.0,180.0,-7.757604980468749,8.242395019531251,Leave_One_experiments/all_year_offline_schedule_search/daily_outputs/HLA/HLA_2017_HLA2017_normal_grid_S0032_daily.csv
HLA,HLA,Hailun,2017,Leave_One_experiments\wth_generated_qc\HLA\HLA2017.WTH,normal_year;nitrogen_stress_year;low_response_year,normal,HLA2017_normal_grid_S0032,top_yield,2017-08-09,221,102,97,"{""sim_day"": 102.0, ""doy"": 221.0, ""topwt"": 10546.9189453125, ""grnwt"": 545.7845306396484, ""xlai"": 3.773647546768189, ""totir"": 40.0, ""tofer"": NaN, ""swfac"": 0.0, ""nstres"": 0.0}",0.0,0.0,10546.9189453125,545.7845306396484,3.773647546768189,40.0,,0.0,0.0,40.0,180.0,-7.757604980468749,8.242395019531251,Leave_One_experiments/all_year_offline_schedule_search/daily_outputs/HLA/HLA_2017_HLA2017_normal_grid_S0032_daily.csv
HLA,HLA,Hailun,2017,Leave_One_experiments\wth_generated_qc\HLA\HLA2017.WTH,normal_year;nitrogen_stress_year;low_response_year,normal,HLA2017_normal_grid_S0032,top_yield,2017-08-10,222,103,98,"{""sim_day"": 103.0, ""doy"": 222.0, ""topwt"": 10683.3642578125, ""grnwt"": 682.2306823730469, ""xlai"": 3.7529296875, ""totir"": 40.0, ""tofer"": NaN, ""swfac"": 0.0, ""nstres"": 0.0}",0.0,0.0,10683.3642578125,682.2306823730469,3.7529296875,40.0,,0.0,0.0,40.0,180.0,-7.757604980468749,8.242395019531251,Leave_One_experiments/all_year_offline_schedule_search/daily_outputs/HLA/HLA_2017_HLA2017_normal_grid_S0032_daily.csv
HLA,HLA,Hailun,2017,Leave_One_experiments\wth_generated_qc\HLA\HLA2017.WTH,normal_year;nitrogen_stress_year;low_response_year,normal,HLA2017_normal_grid_S0032,top_yield,2017-08-11,223,104,99,"{""sim_day"": 104.0, ""doy"": 223.0, ""topwt"": 10819.810791015623, ""grnwt"": 818.6767578125, ""xlai"": 3.728403091430664, ""totir"": 40.0, ""tofer"": NaN, ""swfac"": 0.0, ""nstres"": 0.0}",0.0,0.0,10819.810791015623,818.6767578125,3.728403091430664,40.0,,0.0,0.0,40.0,180.0,-7.757604980468749,8.242395019531251,Leave_One_experiments/all_year_offline_schedule_search/daily_outputs/HLA/HLA_2017_HLA2017_normal_grid_S0032_daily.csv
HLA,HLA,Hailun,2017,Leave_One_experiments\wth_generated_qc\HLA\HLA2017.WTH,normal_year;nitrogen_stress_year;low_response_year,normal,HLA2017_normal_grid_S0032,top_yield,2017-08-12,224,105,100,"{""sim_day"": 105.0, ""doy"": 224.0, ""topwt"": 10956.25732421875, ""grnwt"": 955.1228332519532, ""xlai"": 3.6987483501434326, ""totir"": 40.0, ""tofer"": NaN, ""swfac"": 0.0, ""nstres"": 0.0}",0.0,0.0,10956.25732421875,955.1228332519532,3.6987483501434326,40.0,,0.0,0.0,40.0,180.0,-7.757604980468749,8.242395019531251,Leave_One_experiments/all_year_offline_schedule_search/daily_outputs/HLA/HLA_2017_HLA2017_normal_grid_S0032_daily.csv
HLA,HLA,Hailun,2017,Leave_One_experiments\wth_generated_qc\HLA\HLA2017.WTH,normal_year;nitrogen_stress_year;low_response_year,normal,HLA2017_normal_grid_S0032,top_yield,2017-08-13,225,106,101,"{""sim_day"": 106.0, ""doy"": 225.0, ""topwt"": 11092.70263671875, ""grnwt"": 1091.5689086914062, ""xlai"": 3.66522479057312, ""totir"": 40.0, ""tofer"": NaN, ""swfac"": 0.0, ""nstres"": 0.0}",0.0,0.0,11092.70263671875,1091.5689086914062,3.66522479057312,40.0,,0.0,0.0,40.0,180.0,-7.757604980468749,8.242395019531251,Leave_One_experiments/all_year_offline_schedule_search/daily_outputs/HLA/HLA_2017_HLA2017_normal_grid_S0032_daily.csv
HLA,HLA,Hailun,2017,Leave_One_experiments\wth_generated_qc\HLA\HLA2017.WTH,normal_year;nitrogen_stress_year;low_response_year,normal,HLA2017_normal_grid_S0032,top_yield,2017-08-14,226,107,102,"{""sim_day"": 107.0, ""doy"": 226.0, ""topwt"": 11229.149169921877, ""grnwt"": 1228.0150604248047, ""xlai"": 3.630408525466919, ""totir"": 40.0, ""tofer"": NaN, ""swfac"": 0.0, ""nstres"": 0.0}",0.0,0.0,11229.149169921877,1228.0150604248047,3.630408525466919,40.0,,0.0,0.0,40.0,180.0,-7.757604980468749,8.242395019531251,Leave_One_experiments/all_year_offline_schedule_search/daily_outputs/HLA/HLA_2017_HLA2017_normal_grid_S0032_daily.csv
HLA,HLA,Hailun,2017,Leave_One_experiments\wth_generated_qc\HLA\HLA2017.WTH,normal_year;nitrogen_stress_year;low_response_year,normal,HLA2017_normal_grid_S0032,top_yield,2017-08-15,227,108,103,"{""sim_day"": 108.0, ""doy"": 227.0, ""topwt"": 11365.595703125, ""grnwt"": 1364.4610595703125, ""xlai"": 3.589240550994873, ""totir"": 40.0, ""tofer"": NaN, ""swfac"": 0.0, ""nstres"": 0.0}",0.0,0.0,11365.595703125,1364.4610595703125,3.589240550994873,40.0,,0.0,0.0,40.0,180.0,-7.757604980468749,8.242395019531251,Leave_One_experiments/all_year_offline_schedule_search/daily_outputs/HLA/HLA_2017_HLA2017_normal_grid_S0032_daily.csv
HLA,HLA,Hailun,2017,Leave_One_experiments\wth_generated_qc\HLA\HLA2017.WTH,normal_year;nitrogen_stress_year;low_response_year,normal,HLA2017_normal_grid_S0032,top_yield,2017-08-16,228,109,104,"{""sim_day"": 109.0, ""doy"": 228.0, ""topwt"": 11502.041015625, ""grnwt"": 1500.9072875976562, ""xlai"": 3.5473902225494385, ""totir"": 40.0, ""tofer"": NaN, ""swfac"": 0.0, ""nstres"": 0.0}",0.0,0.0,11502.041015625,1500.9072875976562,3.5473902225494385,40.0,,0.0,0.0,40.0,180.0,-7.757604980468749,8.242395019531251,Leave_One_experiments/all_year_offline_schedule_search/daily_outputs/HLA/HLA_2017_HLA2017_normal_grid_S0032_daily.csv
HLA,HLA,Hailun,2017,Leave_One_experiments\wth_generated_qc\HLA\HLA2017.WTH,normal_year;nitrogen_stress_year;low_response_year,normal,HLA2017_normal_grid_S0032,top_yield,2017-08-17,229,110,105,"{""sim_day"": 110.0, ""doy"": 229.0, ""topwt"": 11638.487548828123, ""grnwt"": 1637.3533630371094, ""xlai"": 3.502973318099976, ""totir"": 40.0, ""tofer"": NaN, ""swfac"": 0.0, ""nstres"": 0.0}",0.0,0.0,11638.487548828123,1637.3533630371094,3.502973318099976,40.0,,0.0,0.0,40.0,180.0,-7.757604980468749,8.242395019531251,Leave_One_experiments/all_year_offline_schedule_search/daily_outputs/HLA/HLA_2017_HLA2017_normal_grid_S0032_daily.csv
HLA,HLA,Hailun,2017,Leave_One_experiments\wth_generated_qc\HLA\HLA2017.WTH,normal_year;nitrogen_stress_year;low_response_year,normal,HLA2017_normal_grid_S0032,top_yield,2017-08-18,230,111,106,"{""sim_day"": 111.0, ""doy"": 230.0, ""topwt"": 11774.932861328123, ""grnwt"": 1773.7994384765625, ""xlai"": 3.454960346221924, ""totir"": 40.0, ""tofer"": NaN, ""swfac"": 0.0, ""nstres"": 0.0}",0.0,0.0,11774.932861328123,1773.7994384765625,3.454960346221924,40.0,,0.0,0.0,40.0,180.0,-7.757604980468749,8.242395019531251,Leave_One_experiments/all_year_offline_schedule_search/daily_outputs/HLA/HLA_2017_HLA2017_normal_grid_S0032_daily.csv
HLA,HLA,Hailun,2017,Leave_One_experiments\wth_generated_qc\HLA\HLA2017.WTH,normal_year;nitrogen_stress_year;low_response_year,normal,HLA2017_normal_grid_S0032,top_yield,2017-08-19,231,112,107,"{""sim_day"": 112.0, ""doy"": 231.0, ""topwt"": 11911.37939453125, ""grnwt"": 1910.2456665039065, ""xlai"": 3.398904323577881, ""totir"": 40.0, ""tofer"": NaN, ""swfac"": 0.0, ""nstres"": 0.0}",0.0,0.0,11911.37939453125,1910.2456665039065,3.398904323577881,40.0,,0.0,0.0,40.0,180.0,-7.757604980468749,8.242395019531251,Leave_One_experiments/all_year_offline_schedule_search/daily_outputs/HLA/HLA_2017_HLA2017_normal_grid_S0032_daily.csv
HLA,HLA,Hailun,2017,Leave_One_experiments\wth_generated_qc\HLA\HLA2017.WTH,normal_year;nitrogen_stress_year;low_response_year,normal,HLA2017_normal_grid_S0032,top_yield,2017-08-20,232,113,108,"{""sim_day"": 113.0, ""doy"": 232.0, ""topwt"": 12047.825927734377, ""grnwt"": 2046.69189453125, ""xlai"": 3.333412408828736, ""totir"": 40.0, ""tofer"": NaN, ""swfac"": 0.0, ""nstres"": 0.0}",0.0,0.0,12047.825927734377,2046.69189453125,3.333412408828736,40.0,,0.0,0.0,40.0,180.0,-7.757604980468749,8.242395019531251,Leave_One_experiments/all_year_offline_schedule_search/daily_outputs/HLA/HLA_2017_HLA2017_normal_grid_S0032_daily.csv
HLA,HLA,Hailun,2017,Leave_One_experiments\wth_generated_qc\HLA\HLA2017.WTH,normal_year;nitrogen_stress_year;low_response_year,normal,HLA2017_normal_grid_S0032,top_yield,2017-08-21,233,114,109,"{""sim_day"": 114.0, ""doy"": 233.0, ""topwt"": 12184.271240234377, ""grnwt"": 2183.1381225585938, ""xlai"": 3.277085542678833, ""totir"": 40.0, ""tofer"": NaN, ""swfac"": 0.0, ""nstres"": 0.0}",0.0,0.0,12184.271240234377,2183.1381225585938,3.277085542678833,40.0,,0.0,0.0,40.0,180.0,-7.757604980468749,8.242395019531251,Leave_One_experiments/all_year_offline_schedule_search/daily_outputs/HLA/HLA_2017_HLA2017_normal_grid_S0032_daily.csv
HLA,HLA,Hailun,2017,Leave_One_experiments\wth_generated_qc\HLA\HLA2017.WTH,normal_year;nitrogen_stress_year;low_response_year,normal,HLA2017_normal_grid_S0032,top_yield,2017-08-22,234,115,110,"{""sim_day"": 115.0, ""doy"": 234.0, ""topwt"": 12320.716552734377, ""grnwt"": 2319.584350585937, ""xlai"": 3.2268295288085938, ""totir"": 40.0, ""tofer"": NaN, ""swfac"": 0.0, ""nstres"": 0.0}",0.0,0.0,12320.716552734377,2319.584350585937,3.2268295288085938,40.0,,0.0,0.0,40.0,180.0,-7.757604980468749,8.242395019531251,Leave_One_experiments/all_year_offline_schedule_search/daily_outputs/HLA/HLA_2017_HLA2017_normal_grid_S0032_daily.csv
HLA,HLA,Hailun,2017,Leave_One_experiments\wth_generated_qc\HLA\HLA2017.WTH,normal_year;nitrogen_stress_year;low_response_year,normal,HLA2017_normal_grid_S0032,top_yield,2017-08-23,235,116,111,"{""sim_day"": 116.0, ""doy"": 235.0, ""topwt"": 12457.1630859375, ""grnwt"": 2456.0304260253906, ""xlai"": 3.1794703006744385, ""totir"": 40.0, ""tofer"": NaN, ""swfac"": 0.0, ""nstres"": 0.0}",0.0,0.0,12457.1630859375,2456.0304260253906,3.1794703006744385,40.0,,0.0,0.0,40.0,180.0,-7.757604980468749,8.242395019531251,Leave_One_experiments/all_year_offline_schedule_search/daily_outputs/HLA/HLA_2017_HLA2017_normal_grid_S0032_daily.csv
HLA,HLA,Hailun,2017,Leave_One_experiments\wth_generated_qc\HLA\HLA2017.WTH,normal_year;nitrogen_stress_year;low_response_year,normal,HLA2017_normal_grid_S0032,top_yield,2017-08-24,236,117,112,"{""sim_day"": 117.0, ""doy"": 236.0, ""topwt"": 12573.466796875, ""grnwt"": 2572.3345947265625, ""xlai"": 3.147224903106689, ""totir"": 40.0, ""tofer"": NaN, ""swfac"": 0.0, ""nstres"": 0.0}",0.0,0.0,12573.466796875,2572.3345947265625,3.147224903106689,40.0,,0.0,0.0,40.0,180.0,-7.757604980468749,8.242395019531251,Leave_One_experiments/all_year_offline_schedule_search/daily_outputs/HLA/HLA_2017_HLA2017_normal_grid_S0032_daily.csv
HLA,HLA,Hailun,2017,Leave_One_experiments\wth_generated_qc\HLA\HLA2017.WTH,normal_year;nitrogen_stress_year;low_response_year,normal,HLA2017_normal_grid_S0032,top_yield,2017-08-25,237,118,113,"{""sim_day"": 118.0, ""doy"": 237.0, ""topwt"": 12706.6650390625, ""grnwt"": 2705.5319213867188, ""xlai"": 3.1071643829345703, ""totir"": 40.0, ""tofer"": NaN, ""swfac"": 0.0, ""nstres"": 0.0}",0.0,0.0,12706.6650390625,2705.5319213867188,3.1071643829345703,40.0,,0.0,0.0,40.0,180.0,-7.757604980468749,8.242395019531251,Leave_One_experiments/all_year_offline_schedule_search/daily_outputs/HLA/HLA_2017_HLA2017_normal_grid_S0032_daily.csv
HLA,HLA,Hailun,2017,Leave_One_experiments\wth_generated_qc\HLA\HLA2017.WTH,normal_year;nitrogen_stress_year;low_response_year,normal,HLA2017_normal_grid_S0032,top_yield,2017-08-26,238,119,114,"{""sim_day"": 119.0, ""doy"": 238.0, ""topwt"": 12843.1103515625, ""grnwt"": 2841.9781494140625, ""xlai"": 3.0500009059906006, ""totir"": 40.0, ""tofer"": NaN, ""swfac"": 0.0, ""nstres"": 0.0}",0.0,0.0,12843.1103515625,2841.9781494140625,3.0500009059906006,40.0,,0.0,0.0,40.0,180.0,-7.757604980468749,8.242395019531251,Leave_One_experiments/all_year_offline_schedule_search/daily_outputs/HLA/HLA_2017_HLA2017_normal_grid_S0032_daily.csv
HLA,HLA,Hailun,2017,Leave_One_experiments\wth_generated_qc\HLA\HLA2017.WTH,normal_year;nitrogen_stress_year;low_response_year,normal,HLA2017_normal_grid_S0032,top_yield,2017-08-27,239,120,115,"{""sim_day"": 120.0, ""doy"": 239.0, ""topwt"": 12953.56689453125, ""grnwt"": 2952.4346923828125, ""xlai"": 3.016407012939453, ""totir"": 40.0, ""tofer"": NaN, ""swfac"": 0.0, ""nstres"": 0.0}",0.0,0.0,12953.56689453125,2952.4346923828125,3.016407012939453,40.0,,0.0,0.0,40.0,180.0,-7.757604980468749,8.242395019531251,Leave_One_experiments/all_year_offline_schedule_search/daily_outputs/HLA/HLA_2017_HLA2017_normal_grid_S0032_daily.csv
HLA,HLA,Hailun,2017,Leave_One_experiments\wth_generated_qc\HLA\HLA2017.WTH,normal_year;nitrogen_stress_year;low_response_year,normal,HLA2017_normal_grid_S0032,top_yield,2017-08-28,240,121,116,"{""sim_day"": 121.0, ""doy"": 240.0, ""topwt"": 13012.694091796877, ""grnwt"": 3011.561279296875, ""xlai"": 3.003286600112915, ""totir"": 40.0, ""tofer"": NaN, ""swfac"": 0.0, ""nstres"": 0.0}",0.0,0.0,13012.694091796877,3011.561279296875,3.003286600112915,40.0,,0.0,0.0,40.0,180.0,-7.757604980468749,8.242395019531251,Leave_One_experiments/all_year_offline_schedule_search/daily_outputs/HLA/HLA_2017_HLA2017_normal_grid_S0032_daily.csv
HLA,HLA,Hailun,2017,Leave_One_experiments\wth_generated_qc\HLA\HLA2017.WTH,normal_year;nitrogen_stress_year;low_response_year,normal,HLA2017_normal_grid_S0032,top_yield,2017-08-29,241,122,117,"{""sim_day"": 122.0, ""doy"": 241.0, ""topwt"": 13065.972900390623, ""grnwt"": 3064.840087890625, ""xlai"": 2.966947078704834, ""totir"": 40.0, ""tofer"": NaN, ""swfac"": 0.0, ""nstres"": 0.0}",0.0,0.0,13065.972900390623,3064.840087890625,2.966947078704834,40.0,,0.0,0.0,40.0,180.0,-7.757604980468749,8.242395019531251,Leave_One_experiments/all_year_offline_schedule_search/daily_outputs/HLA/HLA_2017_HLA2017_normal_grid_S0032_daily.csv
HLA,HLA,Hailun,2017,Leave_One_experiments\wth_generated_qc\HLA\HLA2017.WTH,normal_year;nitrogen_stress_year;low_response_year,normal,HLA2017_normal_grid_S0032,top_yield,2017-08-30,242,123,118,"{""sim_day"": 123.0, ""doy"": 242.0, ""topwt"": 13183.575439453123, ""grnwt"": 3182.4435424804688, ""xlai"": 2.951038122177124, ""totir"": 40.0, ""tofer"": NaN, ""swfac"": 0.0, ""nstres"": 0.0}",0.0,0.0,13183.575439453123,3182.4435424804688,2.951038122177124,40.0,,0.0,0.0,40.0,180.0,-7.757604980468749,8.242395019531251,Leave_One_experiments/all_year_offline_schedule_search/daily_outputs/HLA/HLA_2017_HLA2017_normal_grid_S0032_daily.csv
HLA,HLA,Hailun,2017,Leave_One_experiments\wth_generated_qc\HLA\HLA2017.WTH,normal_year;nitrogen_stress_year;low_response_year,normal,HLA2017_normal_grid_S0032,top_yield,2017-08-31,243,124,119,"{""sim_day"": 124.0, ""doy"": 243.0, ""topwt"": 13302.479248046877, ""grnwt"": 3301.346435546875, ""xlai"": 2.9101858139038086, ""totir"": 40.0, ""tofer"": NaN, ""swfac"": 0.0, ""nstres"": 0.0}",0.0,0.0,13302.479248046877,3301.346435546875,2.9101858139038086,40.0,,0.0,0.0,40.0,180.0,-7.757604980468749,8.242395019531251,Leave_One_experiments/all_year_offline_schedule_search/daily_outputs/HLA/HLA_2017_HLA2017_normal_grid_S0032_daily.csv
HLA,HLA,Hailun,2017,Leave_One_experiments\wth_generated_qc\HLA\HLA2017.WTH,normal_year;nitrogen_stress_year;low_response_year,normal,HLA2017_normal_grid_S0032,top_yield,2017-09-01,244,125,120,"{""sim_day"": 125.0, ""doy"": 244.0, ""topwt"": 13433.07861328125, ""grnwt"": 3431.9451904296875, ""xlai"": 2.862286329269409, ""totir"": 40.0, ""tofer"": NaN, ""swfac"": 0.0, ""nstres"": 0.0}",0.0,0.0,13433.07861328125,3431.9451904296875,2.862286329269409,40.0,,0.0,0.0,40.0,180.0,-7.757604980468749,8.242395019531251,Leave_One_experiments/all_year_offline_schedule_search/daily_outputs/HLA/HLA_2017_HLA2017_normal_grid_S0032_daily.csv
HLA,HLA,Hailun,2017,Leave_One_experiments\wth_generated_qc\HLA\HLA2017.WTH,normal_year;nitrogen_stress_year;low_response_year,normal,HLA2017_normal_grid_S0032,top_yield,2017-09-02,245,126,121,"{""sim_day"": 126.0, ""doy"": 245.0, ""topwt"": 13569.525146484377, ""grnwt"": 3568.39111328125, ""xlai"": 2.8057711124420166, ""totir"": 40.0, ""tofer"": NaN, ""swfac"": 0.0, ""nstres"": 0.0}",0.0,0.0,13569.525146484377,3568.39111328125,2.8057711124420166,40.0,,0.0,0.0,40.0,180.0,-7.757604980468749,8.242395019531251,Leave_One_experiments/all_year_offline_schedule_search/daily_outputs/HLA/HLA_2017_HLA2017_normal_grid_S0032_daily.csv
HLA,HLA,Hailun,2017,Leave_One_experiments\wth_generated_qc\HLA\HLA2017.WTH,normal_year;nitrogen_stress_year;low_response_year,normal,HLA2017_normal_grid_S0032,top_yield,2017-09-03,246,127,122,"{""sim_day"": 127.0, ""doy"": 246.0, ""topwt"": 13621.502685546877, ""grnwt"": 3704.837036132813, ""xlai"": 2.7430779933929443, ""totir"": 40.0, ""tofer"": NaN, ""swfac"": 0.0, ""nstres"": 0.0}",0.0,0.0,13621.502685546877,3704.837036132813,2.7430779933929443,40.0,,0.0,0.0,40.0,180.0,-7.757604980468749,8.242395019531251,Leave_One_experiments/all_year_offline_schedule_search/daily_outputs/HLA/HLA_2017_HLA2017_normal_grid_S0032_daily.csv
HLA,HLA,Hailun,2017,Leave_One_experiments\wth_generated_qc\HLA\HLA2017.WTH,normal_year;nitrogen_stress_year;low_response_year,normal,HLA2017_normal_grid_S0032,top_yield,2017-09-04,247,128,123,"{""sim_day"": 128.0, ""doy"": 247.0, ""topwt"": 13665.338134765623, ""grnwt"": 3841.282958984375, ""xlai"": 2.676542043685913, ""totir"": 40.0, ""tofer"": NaN, ""swfac"": 0.0, ""nstres"": 0.0090193748474121}",0.0,0.0090193748474121,13665.338134765623,3841.282958984375,2.676542043685913,40.0,,0.0,0.0,40.0,180.0,-7.757604980468749,8.242395019531251,Leave_One_experiments/all_year_offline_schedule_search/daily_outputs/HLA/HLA_2017_HLA2017_normal_grid_S0032_daily.csv
HLA,HLA,Hailun,2017,Leave_One_experiments\wth_generated_qc\HLA\HLA2017.WTH,normal_year;nitrogen_stress_year;low_response_year,normal,HLA2017_normal_grid_S0032,top_yield,2017-09-05,248,129,124,"{""sim_day"": 129.0, ""doy"": 248.0, ""topwt"": 13887.96630859375, ""grnwt"": 3977.7288818359375, ""xlai"": 2.601520538330078, ""totir"": 40.0, ""tofer"": NaN, ""swfac"": 0.0, ""nstres"": 0.0122898817062377}",0.0,0.0122898817062377,13887.96630859375,3977.7288818359375,2.601520538330078,40.0,,0.0,0.0,40.0,180.0,-7.757604980468749,8.242395019531251,Leave_One_experiments/all_year_offline_schedule_search/daily_outputs/HLA/HLA_2017_HLA2017_normal_grid_S0032_daily.csv
HLA,HLA,Hailun,2017,Leave_One_experiments\wth_generated_qc\HLA\HLA2017.WTH,normal_year;nitrogen_stress_year;low_response_year,normal,HLA2017_normal_grid_S0032,top_yield,2017-09-06,249,130,125,"{""sim_day"": 130.0, ""doy"": 249.0, ""topwt"": 14099.066162109377, ""grnwt"": 4097.931518554688, ""xlai"": 2.550154209136963, ""totir"": 40.0, ""tofer"": NaN, ""swfac"": 0.0, ""nstres"": 0.0187065601348876}",0.0,0.0187065601348876,14099.066162109377,4097.931518554688,2.550154209136963,40.0,,0.0,0.0,40.0,180.0,-7.757604980468749,8.242395019531251,Leave_One_experiments/all_year_offline_schedule_search/daily_outputs/HLA/HLA_2017_HLA2017_normal_grid_S0032_daily.csv
HLA,HLA,Hailun,2017,Leave_One_experiments\wth_generated_qc\HLA\HLA2017.WTH,normal_year;nitrogen_stress_year;low_response_year,normal,HLA2017_normal_grid_S0032,top_yield,2017-09-07,250,131,126,"{""sim_day"": 131.0, ""doy"": 250.0, ""topwt"": 14194.578857421877, ""grnwt"": 4193.444213867188, ""xlai"": 2.51029634475708, ""totir"": 40.0, ""tofer"": NaN, ""swfac"": 0.0, ""nstres"": 0.0424641370773315}",0.0,0.0424641370773315,14194.578857421877,4193.444213867188,2.51029634475708,40.0,,0.0,0.0,40.0,180.0,-7.757604980468749,8.242395019531251,Leave_One_experiments/all_year_offline_schedule_search/daily_outputs/HLA/HLA_2017_HLA2017_normal_grid_S0032_daily.csv
HLA,HLA,Hailun,2017,Leave_One_experiments\wth_generated_qc\HLA\HLA2017.WTH,normal_year;nitrogen_stress_year;low_response_year,normal,HLA2017_normal_grid_S0032,top_yield,2017-09-08,251,132,127,"{""sim_day"": 132.0, ""doy"": 251.0, ""topwt"": 14294.638671875, ""grnwt"": 4293.504638671875, ""xlai"": 2.4645745754241943, ""totir"": 40.0, ""tofer"": NaN, ""swfac"": 0.0, ""nstres"": 0.0615173578262329}",0.0,0.0615173578262329,14294.638671875,4293.504638671875,2.4645745754241943,40.0,,0.0,0.0,40.0,180.0,-7.757604980468749,8.242395019531251,Leave_One_experiments/all_year_offline_schedule_search/daily_outputs/HLA/HLA_2017_HLA2017_normal_grid_S0032_daily.csv
HLA,HLA,Hailun,2017,Leave_One_experiments\wth_generated_qc\HLA\HLA2017.WTH,normal_year;nitrogen_stress_year;low_response_year,normal,HLA2017_normal_grid_S0032,top_yield,2017-09-09,252,133,128,"{""sim_day"": 133.0, ""doy"": 252.0, ""topwt"": 14412.891845703123, ""grnwt"": 4411.758117675781, ""xlai"": 2.41163969039917, ""totir"": 40.0, ""tofer"": NaN, ""swfac"": 0.0, ""nstres"": 0.0715513229370117}",0.0,0.0715513229370117,14412.891845703123,4411.758117675781,2.41163969039917,40.0,,0.0,0.0,40.0,180.0,-7.757604980468749,8.242395019531251,Leave_One_experiments/all_year_offline_schedule_search/daily_outputs/HLA/HLA_2017_HLA2017_normal_grid_S0032_daily.csv
HLA,HLA,Hailun,2017,Leave_One_experiments\wth_generated_qc\HLA\HLA2017.WTH,normal_year;nitrogen_stress_year;low_response_year,normal,HLA2017_normal_grid_S0032,top_yield,2017-09-10,253,134,129,"{""sim_day"": 134.0, ""doy"": 253.0, ""topwt"": 14521.39892578125, ""grnwt"": 4520.265197753906, ""xlai"": 2.3636200428009038, ""totir"": 40.0, ""tofer"": NaN, ""swfac"": 0.0, ""nstres"": 0.0847764611244201}",0.0,0.0847764611244201,14521.39892578125,4520.265197753906,2.3636200428009038,40.0,,0.0,0.0,40.0,180.0,-7.757604980468749,8.242395019531251,Leave_One_experiments/all_year_offline_schedule_search/daily_outputs/HLA/HLA_2017_HLA2017_normal_grid_S0032_daily.csv
HLA,HLA,Hailun,2017,Leave_One_experiments\wth_generated_qc\HLA\HLA2017.WTH,normal_year;nitrogen_stress_year;low_response_year,normal,HLA2017_normal_grid_S0032,top_yield,2017-09-11,254,135,130,"{""sim_day"": 135.0, ""doy"": 254.0, ""topwt"": 14592.2216796875, ""grnwt"": 4591.087341308594, ""xlai"": 2.3345940113067627, ""totir"": 40.0, ""tofer"": NaN, ""swfac"": 0.0, ""nstres"": 0.0982422232627868}",0.0,0.0982422232627868,14592.2216796875,4591.087341308594,2.3345940113067627,40.0,,0.0,0.0,40.0,180.0,-7.757604980468749,8.242395019531251,Leave_One_experiments/all_year_offline_schedule_search/daily_outputs/HLA/HLA_2017_HLA2017_normal_grid_S0032_daily.csv
HLA,HLA,Hailun,2017,Leave_One_experiments\wth_generated_qc\HLA\HLA2017.WTH,normal_year;nitrogen_stress_year;low_response_year,normal,HLA2017_normal_grid_S0032,top_yield,2017-09-12,255,136,131,"{""sim_day"": 136.0, ""doy"": 255.0, ""topwt"": 14672.789306640623, ""grnwt"": 4671.655578613281, ""xlai"": 2.301964521408081, ""totir"": 40.0, ""tofer"": NaN, ""swfac"": 0.0, ""nstres"": 0.1059386134147644}",0.0,0.1059386134147644,14672.789306640623,4671.655578613281,2.301964521408081,40.0,,0.0,0.0,40.0,180.0,-7.757604980468749,8.242395019531251,Leave_One_experiments/all_year_offline_schedule_search/daily_outputs/HLA/HLA_2017_HLA2017_normal_grid_S0032_daily.csv
HLA,HLA,Hailun,2017,Leave_One_experiments\wth_generated_qc\HLA\HLA2017.WTH,normal_year;nitrogen_stress_year;low_response_year,normal,HLA2017_normal_grid_S0032,top_yield,2017-09-13,256,137,132,"{""sim_day"": 137.0, ""doy"": 256.0, ""topwt"": 14744.26025390625, ""grnwt"": 4743.12744140625, ""xlai"": 2.0807459354400635, ""totir"": 40.0, ""tofer"": NaN, ""swfac"": 0.0, ""nstres"": 0.1149603128433227}",0.0,0.1149603128433227,14744.26025390625,4743.12744140625,2.0807459354400635,40.0,,0.0,0.0,40.0,180.0,-7.757604980468749,8.242395019531251,Leave_One_experiments/all_year_offline_schedule_search/daily_outputs/HLA/HLA_2017_HLA2017_normal_grid_S0032_daily.csv
HLA,HLA,Hailun,2017,Leave_One_experiments\wth_generated_qc\HLA\HLA2017.WTH,normal_year;nitrogen_stress_year;low_response_year,normal,HLA2017_normal_grid_S0032,top_yield,2017-09-14,257,138,133,"{""sim_day"": 138.0, ""doy"": 257.0, ""topwt"": 14851.46728515625, ""grnwt"": 4850.3350830078125, ""xlai"": 2.049102544784546, ""totir"": 40.0, ""tofer"": NaN, ""swfac"": 0.0, ""nstres"": 0.1216610670089721}",0.0,0.1216610670089721,14851.46728515625,4850.3350830078125,2.049102544784546,40.0,,0.0,0.0,40.0,180.0,-7.757604980468749,8.242395019531251,Leave_One_experiments/all_year_offline_schedule_search/daily_outputs/HLA/HLA_2017_HLA2017_normal_grid_S0032_daily.csv
HLA,HLA,Hailun,2017,Leave_One_experiments\wth_generated_qc\HLA\HLA2017.WTH,normal_year;nitrogen_stress_year;low_response_year,normal,HLA2017_normal_grid_S0032,top_yield,2017-09-15,258,139,134,"{""sim_day"": 139.0, ""doy"": 258.0, ""topwt"": 14964.48486328125, ""grnwt"": 4973.136596679688, ""xlai"": 2.015150308609009, ""totir"": 40.0, ""tofer"": NaN, ""swfac"": 0.0, ""nstres"": 0.1325538158416748}",0.0,0.1325538158416748,14964.48486328125,4973.136596679688,2.015150308609009,40.0,,0.0,0.0,40.0,180.0,-7.757604980468749,8.242395019531251,Leave_One_experiments/all_year_offline_schedule_search/daily_outputs/HLA/HLA_2017_HLA2017_normal_grid_S0032_daily.csv
HLA,HLA,Hailun,2017,Leave_One_experiments\wth_generated_qc\HLA\HLA2017.WTH,normal_year;nitrogen_stress_year;low_response_year,normal,HLA2017_normal_grid_S0032,top_yield,2017-09-16,259,140,135,"{""sim_day"": 140.0, ""doy"": 259.0, ""topwt"": 15062.53662109375, ""grnwt"": 5109.58251953125, ""xlai"": 1.978787899017334, ""totir"": 40.0, ""tofer"": NaN, ""swfac"": 0.0, ""nstres"": 0.1443560123443603}",0.0,0.1443560123443603,15062.53662109375,5109.58251953125,1.978787899017334,40.0,,0.0,0.0,40.0,180.0,-7.757604980468749,8.242395019531251,Leave_One_experiments/all_year_offline_schedule_search/daily_outputs/HLA/HLA_2017_HLA2017_normal_grid_S0032_daily.csv
HLA,HLA,Hailun,2017,Leave_One_experiments\wth_generated_qc\HLA\HLA2017.WTH,normal_year;nitrogen_stress_year;low_response_year,normal,HLA2017_normal_grid_S0032,top_yield,2017-09-17,260,141,136,"{""sim_day"": 141.0, ""doy"": 260.0, ""topwt"": 15216.004638671877, ""grnwt"": 5226.5362548828125, ""xlai"": 1.939659118652344, ""totir"": 40.0, ""tofer"": NaN, ""swfac"": 0.0, ""nstres"": 0.1581923961639404}",0.0,0.1581923961639404,15216.004638671877,5226.5362548828125,1.939659118652344,40.0,,0.0,0.0,40.0,180.0,-7.757604980468749,8.242395019531251,Leave_One_experiments/all_year_offline_schedule_search/daily_outputs/HLA/HLA_2017_HLA2017_normal_grid_S0032_daily.csv
HLA,HLA,Hailun,2017,Leave_One_experiments\wth_generated_qc\HLA\HLA2017.WTH,normal_year;nitrogen_stress_year;low_response_year,normal,HLA2017_normal_grid_S0032,top_yield,2017-09-18,261,142,137,"{""sim_day"": 142.0, ""doy"": 261.0, ""topwt"": 15338.775634765623, ""grnwt"": 5337.642211914063, ""xlai"": 1.899141788482666, ""totir"": 40.0, ""tofer"": NaN, ""swfac"": 0.0, ""nstres"": 0.1671111583709716}",0.0,0.1671111583709716,15338.775634765623,5337.642211914063,1.899141788482666,40.0,,0.0,0.0,40.0,180.0,-7.757604980468749,8.242395019531251,Leave_One_experiments/all_year_offline_schedule_search/daily_outputs/HLA/HLA_2017_HLA2017_normal_grid_S0032_daily.csv
HLA,HLA,Hailun,2017,Leave_One_experiments\wth_generated_qc\HLA\HLA2017.WTH,normal_year;nitrogen_stress_year;low_response_year,normal,HLA2017_normal_grid_S0032,top_yield,2017-09-19,262,143,138,"{""sim_day"": 143.0, ""doy"": 262.0, ""topwt"": 15452.48046875, ""grnwt"": 5451.34765625, ""xlai"": 1.8559821844100952, ""totir"": 40.0, ""tofer"": NaN, ""swfac"": 0.0, ""nstres"": 0.1818069815635681}",0.0,0.1818069815635681,15452.48046875,5451.34765625,1.8559821844100952,40.0,,0.0,0.0,40.0,180.0,-7.757604980468749,8.242395019531251,Leave_One_experiments/all_year_offline_schedule_search/daily_outputs/HLA/HLA_2017_HLA2017_normal_grid_S0032_daily.csv
HLA,HLA,Hailun,2017,Leave_One_experiments\wth_generated_qc\HLA\HLA2017.WTH,normal_year;nitrogen_stress_year;low_response_year,normal,HLA2017_normal_grid_S0032,top_yield,2017-09-20,263,144,139,"{""sim_day"": 144.0, ""doy"": 263.0, ""topwt"": 15588.92822265625, ""grnwt"": 5587.7935791015625, ""xlai"": 1.7972077131271362, ""totir"": 40.0, ""tofer"": NaN, ""swfac"": 0.0, ""nstres"": 0.1932877302169799}",0.0,0.1932877302169799,15588.92822265625,5587.7935791015625,1.7972077131271362,40.0,,0.0,0.0,40.0,180.0,-7.757604980468749,8.242395019531251,Leave_One_experiments/all_year_offline_schedule_search/daily_outputs/HLA/HLA_2017_HLA2017_normal_grid_S0032_daily.csv
HLA,HLA,Hailun,2017,Leave_One_experiments\wth_generated_qc\HLA\HLA2017.WTH,normal_year;nitrogen_stress_year;low_response_year,normal,HLA2017_normal_grid_S0032,top_yield,2017-09-21,264,145,140,"{""sim_day"": 145.0, ""doy"": 264.0, ""topwt"": 15645.740966796877, ""grnwt"": 5724.239501953125, ""xlai"": 1.7113187313079834, ""totir"": 40.0, ""tofer"": NaN, ""swfac"": 0.0, ""nstres"": 0.2208306193351745}",0.0,0.2208306193351745,15645.740966796877,5724.239501953125,1.7113187313079834,40.0,,0.0,0.0,40.0,180.0,-7.757604980468749,8.242395019531251,Leave_One_experiments/all_year_offline_schedule_search/daily_outputs/HLA/HLA_2017_HLA2017_normal_grid_S0032_daily.csv
HLA,HLA,Hailun,2017,Leave_One_experiments\wth_generated_qc\HLA\HLA2017.WTH,normal_year;nitrogen_stress_year;low_response_year,normal,HLA2017_normal_grid_S0032,top_yield,2017-09-22,265,146,141,"{""sim_day"": 146.0, ""doy"": 265.0, ""topwt"": 15645.740966796877, ""grnwt"": 5724.239501953125, ""xlai"": 1.7113187313079834, ""totir"": 40.0, ""tofer"": NaN, ""swfac"": 0.0, ""nstres"": 0.2615013122558594}",0.0,0.2615013122558594,15645.740966796877,5724.239501953125,1.7113187313079834,40.0,,0.0,0.0,40.0,180.0,-7.757604980468749,8.242395019531251,Leave_One_experiments/all_year_offline_schedule_search/daily_outputs/HLA/HLA_2017_HLA2017_normal_grid_S0032_daily.csv
HLA,HLA,Hailun,2017,Leave_One_experiments\wth_generated_qc\HLA\HLA2017.WTH,normal_year;nitrogen_stress_year;low_response_year,normal,HLA2017_normal_grid_S0032,top_yield,2017-09-23,266,147,142,"{""sim_day"": 147.0, ""doy"": 266.0, ""topwt"": 15645.740966796877, ""grnwt"": 5724.239501953125, ""xlai"": 1.7113187313079834, ""totir"": 40.0, ""tofer"": NaN, ""swfac"": 0.0, ""nstres"": 0.2615013122558594}",0.0,0.2615013122558594,15645.740966796877,5724.239501953125,1.7113187313079834,40.0,,0.0,0.0,40.0,180.0,-7.757604980468749,8.242395019531251,Leave_One_experiments/all_year_offline_schedule_search/daily_outputs/HLA/HLA_2017_HLA2017_normal_grid_S0032_daily.csv
HLA,HLA,Hailun,2017,Leave_One_experiments\wth_generated_qc\HLA\HLA2017.WTH,normal_year;nitrogen_stress_year;low_response_year,normal,HLA2017_normal_grid_S0032,top_yield,2017-09-24,267,148,143,"{""sim_day"": 148.0, ""doy"": 267.0, ""topwt"": 15645.740966796877, ""grnwt"": 5724.239501953125, ""xlai"": 1.7113187313079834, ""totir"": 40.0, ""tofer"": NaN, ""swfac"": 0.0, ""nstres"": 0.2615013122558594}",0.0,0.2615013122558594,15645.740966796877,5724.239501953125,1.7113187313079834,40.0,,0.0,0.0,40.0,180.0,-7.757604980468749,8.242395019531251,Leave_One_experiments/all_year_offline_schedule_search/daily_outputs/HLA/HLA_2017_HLA2017_normal_grid_S0032_daily.csv
HLA,HLA,Hailun,2017,Leave_One_experiments\wth_generated_qc\HLA\HLA2017.WTH,normal_year;nitrogen_stress_year;low_response_year,normal,HLA2017_normal_grid_S0032,top_yield,2017-09-25,268,149,144,"{""sim_day"": 149.0, ""doy"": 268.0, ""topwt"": 15645.740966796877, ""grnwt"": 5724.239501953125, ""xlai"": 1.7113187313079834, ""totir"": 40.0, ""tofer"": NaN, ""swfac"": 0.0, ""nstres"": 0.2615013122558594}",0.0,0.2615013122558594,15645.740966796877,5724.239501953125,1.7113187313079834,40.0,,0.0,0.0,40.0,180.0,-7.757604980468749,8.242395019531251,Leave_One_experiments/all_year_offline_schedule_search/daily_outputs/HLA/HLA_2017_HLA2017_normal_grid_S0032_daily.csv
HLA,HLA,Hailun,2017,Leave_One_experiments\wth_generated_qc\HLA\HLA2017.WTH,normal_year;nitrogen_stress_year;low_response_year,normal,HLA2017_normal_grid_S0032,top_yield,2017-09-26,269,150,145,"{""sim_day"": 150.0, ""doy"": 269.0, ""topwt"": 15645.740966796877, ""grnwt"": 5724.239501953125, ""xlai"": 1.7113187313079834, ""totir"": 40.0, ""tofer"": NaN, ""swfac"": 0.0, ""nstres"": 0.2615013122558594}",0.0,0.2615013122558594,15645.740966796877,5724.239501953125,1.7113187313079834,40.0,,0.0,0.0,40.0,180.0,-7.757604980468749,8.242395019531251,Leave_One_experiments/all_year_offline_schedule_search/daily_outputs/HLA/HLA_2017_HLA2017_normal_grid_S0032_daily.csv
HLA,HLA,Hailun,2019,Leave_One_experiments\wth_generated_qc\HLA\HLA2019.WTH,wet_year;nitrogen_stress_year;low_response_year,wet,HLA2019_normal_grid_S0015,irrigation_positive_candidate,2019-05-05,125,1,1,"{""sim_day"": 1.0, ""doy"": 125.0, ""topwt"": 0.0, ""grnwt"": 0.0, ""xlai"": 0.0, ""totir"": 0.0, ""tofer"": NaN, ""swfac"": 0.0, ""nstres"": 0.0}",0.0,0.0,0.0,0.0,0.0,0.0,,0.0,50.0,30.0,150.0,0.6060119628906264,12.606011962890626,Leave_One_experiments/all_year_offline_schedule_search/daily_outputs/HLA/HLA_2019_HLA2019_normal_grid_S0015_daily.csv
HLA,HLA,Hailun,2019,Leave_One_experiments\wth_generated_qc\HLA\HLA2019.WTH,wet_year;nitrogen_stress_year;low_response_year,wet,HLA2019_normal_grid_S0015,irrigation_positive_candidate,2019-05-06,126,2,2,"{""sim_day"": 2.0, ""doy"": 126.0, ""topwt"": 0.0, ""grnwt"": 0.0, ""xlai"": 0.0, ""totir"": 0.0, ""tofer"": NaN, ""swfac"": 0.0, ""nstres"": 0.0}",0.0,0.0,0.0,0.0,0.0,0.0,,0.0,0.0,30.0,150.0,0.6060119628906264,12.606011962890626,Leave_One_experiments/all_year_offline_schedule_search/daily_outputs/HLA/HLA_2019_HLA2019_normal_grid_S0015_daily.csv
HLA,HLA,Hailun,2019,Leave_One_experiments\wth_generated_qc\HLA\HLA2019.WTH,wet_year;nitrogen_stress_year;low_response_year,wet,HLA2019_normal_grid_S0015,irrigation_positive_candidate,2019-05-07,127,3,3,"{""sim_day"": 3.0, ""doy"": 127.0, ""topwt"": 0.0, ""grnwt"": 0.0, ""xlai"": 0.0, ""totir"": 0.0, ""tofer"": NaN, ""swfac"": 0.0, ""nstres"": 0.0}",0.0,0.0,0.0,0.0,0.0,0.0,,0.0,0.0,30.0,150.0,0.6060119628906264,12.606011962890626,Leave_One_experiments/all_year_offline_schedule_search/daily_outputs/HLA/HLA_2019_HLA2019_normal_grid_S0015_daily.csv
HLA,HLA,Hailun,2019,Leave_One_experiments\wth_generated_qc\HLA\HLA2019.WTH,wet_year;nitrogen_stress_year;low_response_year,wet,HLA2019_normal_grid_S0015,irrigation_positive_candidate,2019-05-08,128,4,4,"{""sim_day"": 4.0, ""doy"": 128.0, ""topwt"": 0.0, ""grnwt"": 0.0, ""xlai"": 0.0, ""totir"": 0.0, ""tofer"": NaN, ""swfac"": 0.0, ""nstres"": 0.0}",0.0,0.0,0.0,0.0,0.0,0.0,,0.0,0.0,30.0,150.0,0.6060119628906264,12.606011962890626,Leave_One_experiments/all_year_offline_schedule_search/daily_outputs/HLA/HLA_2019_HLA2019_normal_grid_S0015_daily.csv
HLA,HLA,Hailun,2019,Leave_One_experiments\wth_generated_qc\HLA\HLA2019.WTH,wet_year;nitrogen_stress_year;low_response_year,wet,HLA2019_normal_grid_S0015,irrigation_positive_candidate,2019-05-09,129,5,5,"{""sim_day"": 5.0, ""doy"": 129.0, ""topwt"": 0.0, ""grnwt"": 0.0, ""xlai"": 0.0, ""totir"": 0.0, ""tofer"": NaN, ""swfac"": 0.0, ""nstres"": 0.0}",0.0,0.0,0.0,0.0,0.0,0.0,,0.0,0.0,30.0,150.0,0.6060119628906264,12.606011962890626,Leave_One_experiments/all_year_offline_schedule_search/daily_outputs/HLA/HLA_2019_HLA2019_normal_grid_S0015_daily.csv
HLA,HLA,Hailun,2019,Leave_One_experiments\wth_generated_qc\HLA\HLA2019.WTH,wet_year;nitrogen_stress_year;low_response_year,wet,HLA2019_normal_grid_S0015,irrigation_positive_candidate,2019-05-05,125,6,1,"{""sim_day"": 6.0, ""doy"": 125.0, ""topwt"": 0.0, ""grnwt"": 0.0, ""xlai"": 0.0, ""totir"": 0.0, ""tofer"": NaN, ""swfac"": 0.0, ""nstres"": 0.0}",0.0,0.0,0.0,0.0,0.0,0.0,,0.0,0.0,30.0,150.0,0.6060119628906264,12.606011962890626,Leave_One_experiments/all_year_offline_schedule_search/daily_outputs/HLA/HLA_2019_HLA2019_normal_grid_S0015_daily.csv
HLA,HLA,Hailun,2019,Leave_One_experiments\wth_generated_qc\HLA\HLA2019.WTH,wet_year;nitrogen_stress_year;low_response_year,wet,HLA2019_normal_grid_S0015,irrigation_positive_candidate,2019-05-06,126,7,2,"{""sim_day"": 7.0, ""doy"": 126.0, ""topwt"": 0.0, ""grnwt"": 0.0, ""xlai"": 0.0, ""totir"": 0.0, ""tofer"": NaN, ""swfac"": 0.0, ""nstres"": 0.0}",0.0,0.0,0.0,0.0,0.0,0.0,,0.0,0.0,30.0,150.0,0.6060119628906264,12.606011962890626,Leave_One_experiments/all_year_offline_schedule_search/daily_outputs/HLA/HLA_2019_HLA2019_normal_grid_S0015_daily.csv
HLA,HLA,Hailun,2019,Leave_One_experiments\wth_generated_qc\HLA\HLA2019.WTH,wet_year;nitrogen_stress_year;low_response_year,wet,HLA2019_normal_grid_S0015,irrigation_positive_candidate,2019-05-07,127,8,3,"{""sim_day"": 8.0, ""doy"": 127.0, ""topwt"": 0.0, ""grnwt"": 0.0, ""xlai"": 0.0, ""totir"": 0.0, ""tofer"": NaN, ""swfac"": 0.0, ""nstres"": 0.0}",0.0,0.0,0.0,0.0,0.0,0.0,,0.0,0.0,30.0,150.0,0.6060119628906264,12.606011962890626,Leave_One_experiments/all_year_offline_schedule_search/daily_outputs/HLA/HLA_2019_HLA2019_normal_grid_S0015_daily.csv
HLA,HLA,Hailun,2019,Leave_One_experiments\wth_generated_qc\HLA\HLA2019.WTH,wet_year;nitrogen_stress_year;low_response_year,wet,HLA2019_normal_grid_S0015,irrigation_positive_candidate,2019-05-08,128,9,4,"{""sim_day"": 9.0, ""doy"": 128.0, ""topwt"": 0.0, ""grnwt"": 0.0, ""xlai"": 0.0, ""totir"": 0.0, ""tofer"": NaN, ""swfac"": 0.0, ""nstres"": 0.0}",0.0,0.0,0.0,0.0,0.0,0.0,,0.0,0.0,30.0,150.0,0.6060119628906264,12.606011962890626,Leave_One_experiments/all_year_offline_schedule_search/daily_outputs/HLA/HLA_2019_HLA2019_normal_grid_S0015_daily.csv
HLA,HLA,Hailun,2019,Leave_One_experiments\wth_generated_qc\HLA\HLA2019.WTH,wet_year;nitrogen_stress_year;low_response_year,wet,HLA2019_normal_grid_S0015,irrigation_positive_candidate,2019-05-09,129,10,5,"{""sim_day"": 10.0, ""doy"": 129.0, ""topwt"": 0.0, ""grnwt"": 0.0, ""xlai"": 0.0, ""totir"": 0.0, ""tofer"": NaN, ""swfac"": 0.0, ""nstres"": 0.0}",0.0,0.0,0.0,0.0,0.0,0.0,,0.0,0.0,30.0,150.0,0.6060119628906264,12.606011962890626,Leave_One_experiments/all_year_offline_schedule_search/daily_outputs/HLA/HLA_2019_HLA2019_normal_grid_S0015_daily.csv
HLA,HLA,Hailun,2019,Leave_One_experiments\wth_generated_qc\HLA\HLA2019.WTH,wet_year;nitrogen_stress_year;low_response_year,wet,HLA2019_normal_grid_S0015,irrigation_positive_candidate,2019-05-10,130,11,6,"{""sim_day"": 11.0, ""doy"": 130.0, ""topwt"": 0.0, ""grnwt"": 0.0, ""xlai"": 0.0, ""totir"": 0.0, ""tofer"": NaN, ""swfac"": 0.0, ""nstres"": 0.0}",0.0,0.0,0.0,0.0,0.0,0.0,,0.0,0.0,30.0,150.0,0.6060119628906264,12.606011962890626,Leave_One_experiments/all_year_offline_schedule_search/daily_outputs/HLA/HLA_2019_HLA2019_normal_grid_S0015_daily.csv
HLA,HLA,Hailun,2019,Leave_One_experiments\wth_generated_qc\HLA\HLA2019.WTH,wet_year;nitrogen_stress_year;low_response_year,wet,HLA2019_normal_grid_S0015,irrigation_positive_candidate,2019-05-11,131,12,7,"{""sim_day"": 12.0, ""doy"": 131.0, ""topwt"": 0.0, ""grnwt"": 0.0, ""xlai"": 0.0, ""totir"": 0.0, ""tofer"": NaN, ""swfac"": 0.0, ""nstres"": 0.0}",0.0,0.0,0.0,0.0,0.0,0.0,,0.0,0.0,30.0,150.0,0.6060119628906264,12.606011962890626,Leave_One_experiments/all_year_offline_schedule_search/daily_outputs/HLA/HLA_2019_HLA2019_normal_grid_S0015_daily.csv
HLA,HLA,Hailun,2019,Leave_One_experiments\wth_generated_qc\HLA\HLA2019.WTH,wet_year;nitrogen_stress_year;low_response_year,wet,HLA2019_normal_grid_S0015,irrigation_positive_candidate,2019-05-12,132,13,8,"{""sim_day"": 13.0, ""doy"": 132.0, ""topwt"": 0.0, ""grnwt"": 0.0, ""xlai"": 0.0, ""totir"": 0.0, ""tofer"": NaN, ""swfac"": 0.0, ""nstres"": 0.0}",0.0,0.0,0.0,0.0,0.0,0.0,,0.0,0.0,30.0,150.0,0.6060119628906264,12.606011962890626,Leave_One_experiments/all_year_offline_schedule_search/daily_outputs/HLA/HLA_2019_HLA2019_normal_grid_S0015_daily.csv
HLA,HLA,Hailun,2019,Leave_One_experiments\wth_generated_qc\HLA\HLA2019.WTH,wet_year;nitrogen_stress_year;low_response_year,wet,HLA2019_normal_grid_S0015,irrigation_positive_candidate,2019-05-13,133,14,9,"{""sim_day"": 14.0, ""doy"": 133.0, ""topwt"": 0.0, ""grnwt"": 0.0, ""xlai"": 0.0, ""totir"": 0.0, ""tofer"": NaN, ""swfac"": 0.0, ""nstres"": 0.0}",0.0,0.0,0.0,0.0,0.0,0.0,,0.0,0.0,30.0,150.0,0.6060119628906264,12.606011962890626,Leave_One_experiments/all_year_offline_schedule_search/daily_outputs/HLA/HLA_2019_HLA2019_normal_grid_S0015_daily.csv
HLA,HLA,Hailun,2019,Leave_One_experiments\wth_generated_qc\HLA\HLA2019.WTH,wet_year;nitrogen_stress_year;low_response_year,wet,HLA2019_normal_grid_S0015,irrigation_positive_candidate,2019-05-14,134,15,10,"{""sim_day"": 15.0, ""doy"": 134.0, ""topwt"": 20.0, ""grnwt"": 0.0, ""xlai"": 0.0019392587710171, ""totir"": 0.0, ""tofer"": NaN, ""swfac"": 0.0, ""nstres"": 0.0121910572052001}",0.0,0.0121910572052001,20.0,0.0,0.0019392587710171,0.0,,0.0,0.0,30.0,150.0,0.6060119628906264,12.606011962890626,Leave_One_experiments/all_year_offline_schedule_search/daily_outputs/HLA/HLA_2019_HLA2019_normal_grid_S0015_daily.csv
HLA,HLA,Hailun,2019,Leave_One_experiments\wth_generated_qc\HLA\HLA2019.WTH,wet_year;nitrogen_stress_year;low_response_year,wet,HLA2019_normal_grid_S0015,irrigation_positive_candidate,2019-05-15,135,16,11,"{""sim_day"": 16.0, ""doy"": 135.0, ""topwt"": 20.0, ""grnwt"": 0.0, ""xlai"": 0.0034856738056987, ""totir"": 0.0, ""tofer"": NaN, ""swfac"": 0.0, ""nstres"": 0.0148732662200927}",0.0,0.0148732662200927,20.0,0.0,0.0034856738056987,0.0,,0.0,0.0,30.0,150.0,0.6060119628906264,12.606011962890626,Leave_One_experiments/all_year_offline_schedule_search/daily_outputs/HLA/HLA_2019_HLA2019_normal_grid_S0015_daily.csv
HLA,HLA,Hailun,2019,Leave_One_experiments\wth_generated_qc\HLA\HLA2019.WTH,wet_year;nitrogen_stress_year;low_response_year,wet,HLA2019_normal_grid_S0015,irrigation_positive_candidate,2019-05-16,136,17,12,"{""sim_day"": 17.0, ""doy"": 136.0, ""topwt"": 20.0, ""grnwt"": 0.0, ""xlai"": 0.0052798301912844, ""totir"": 0.0, ""tofer"": NaN, ""swfac"": 0.0, ""nstres"": 0.0110848546028137}",0.0,0.0110848546028137,20.0,0.0,0.0052798301912844,0.0,,0.0,0.0,30.0,150.0,0.6060119628906264,12.606011962890626,Leave_One_experiments/all_year_offline_schedule_search/daily_outputs/HLA/HLA_2019_HLA2019_normal_grid_S0015_daily.csv
HLA,HLA,Hailun,2019,Leave_One_experiments\wth_generated_qc\HLA\HLA2019.WTH,wet_year;nitrogen_stress_year;low_response_year,wet,HLA2019_normal_grid_S0015,irrigation_positive_candidate,2019-05-17,137,18,13,"{""sim_day"": 18.0, ""doy"": 137.0, ""topwt"": 20.0, ""grnwt"": 0.0, ""xlai"": 0.0064686392433941, ""totir"": 0.0, ""tofer"": NaN, ""swfac"": 0.0, ""nstres"": 0.0086739659309387}",0.0,0.0086739659309387,20.0,0.0,0.0064686392433941,0.0,,0.0,0.0,30.0,150.0,0.6060119628906264,12.606011962890626,Leave_One_experiments/all_year_offline_schedule_search/daily_outputs/HLA/HLA_2019_HLA2019_normal_grid_S0015_daily.csv
HLA,HLA,Hailun,2019,Leave_One_experiments\wth_generated_qc\HLA\HLA2019.WTH,wet_year;nitrogen_stress_year;low_response_year,wet,HLA2019_normal_grid_S0015,irrigation_positive_candidate,2019-05-18,138,19,14,"{""sim_day"": 19.0, ""doy"": 138.0, ""topwt"": 20.0, ""grnwt"": 0.0, ""xlai"": 0.0069965277798473, ""totir"": 0.0, ""tofer"": NaN, ""swfac"": 0.0, ""nstres"": 0.0076075792312622}",0.0,0.0076075792312622,20.0,0.0,0.0069965277798473,0.0,,0.0,0.0,30.0,150.0,0.6060119628906264,12.606011962890626,Leave_One_experiments/all_year_offline_schedule_search/daily_outputs/HLA/HLA_2019_HLA2019_normal_grid_S0015_daily.csv
HLA,HLA,Hailun,2019,Leave_One_experiments\wth_generated_qc\HLA\HLA2019.WTH,wet_year;nitrogen_stress_year;low_response_year,wet,HLA2019_normal_grid_S0015,irrigation_positive_candidate,2019-05-19,139,20,15,"{""sim_day"": 20.0, ""doy"": 139.0, ""topwt"": 20.0, ""grnwt"": 0.0, ""xlai"": 0.0074492138810455, ""totir"": 0.0, ""tofer"": NaN, ""swfac"": 0.0, ""nstres"": 0.0067070722579956}",0.0,0.0067070722579956,20.0,0.0,0.0074492138810455,0.0,,0.0,0.0,30.0,150.0,0.6060119628906264,12.606011962890626,Leave_One_experiments/all_year_offline_schedule_search/daily_outputs/HLA/HLA_2019_HLA2019_normal_grid_S0015_daily.csv
HLA,HLA,Hailun,2019,Leave_One_experiments\wth_generated_qc\HLA\HLA2019.WTH,wet_year;nitrogen_stress_year;low_response_year,wet,HLA2019_normal_grid_S0015,irrigation_positive_candidate,2019-05-20,140,21,16,"{""sim_day"": 21.0, ""doy"": 140.0, ""topwt"": 20.0, ""grnwt"": 0.0, ""xlai"": 0.0078754872083663, ""totir"": 0.0, ""tofer"": NaN, ""swfac"": 0.0, ""nstres"": 0.0058647394180297}",0.0,0.0058647394180297,20.0,0.0,0.0078754872083663,0.0,,0.0,0.0,30.0,150.0,0.6060119628906264,12.606011962890626,Leave_One_experiments/all_year_offline_schedule_search/daily_outputs/HLA/HLA_2019_HLA2019_normal_grid_S0015_daily.csv
HLA,HLA,Hailun,2019,Leave_One_experiments\wth_generated_qc\HLA\HLA2019.WTH,wet_year;nitrogen_stress_year;low_response_year,wet,HLA2019_normal_grid_S0015,irrigation_positive_candidate,2019-05-21,141,22,17,"{""sim_day"": 22.0, ""doy"": 141.0, ""topwt"": 20.0, ""grnwt"": 0.0, ""xlai"": 0.0081247650086879, ""totir"": 0.0, ""tofer"": NaN, ""swfac"": 0.0, ""nstres"": 0.0050820112228393}",0.0,0.0050820112228393,20.0,0.0,0.0081247650086879,0.0,,0.0,0.0,30.0,150.0,0.6060119628906264,12.606011962890626,Leave_One_experiments/all_year_offline_schedule_search/daily_outputs/HLA/HLA_2019_HLA2019_normal_grid_S0015_daily.csv
HLA,HLA,Hailun,2019,Leave_One_experiments\wth_generated_qc\HLA\HLA2019.WTH,wet_year;nitrogen_stress_year;low_response_year,wet,HLA2019_normal_grid_S0015,irrigation_positive_candidate,2019-05-22,142,23,18,"{""sim_day"": 23.0, ""doy"": 142.0, ""topwt"": 20.0, ""grnwt"": 0.0, ""xlai"": 0.0085318461060523, ""totir"": 0.0, ""tofer"": NaN, ""swfac"": 0.0, ""nstres"": 0.0025588274002075}",0.0,0.0025588274002075,20.0,0.0,0.0085318461060523,0.0,,0.0,0.0,30.0,150.0,0.6060119628906264,12.606011962890626,Leave_One_experiments/all_year_offline_schedule_search/daily_outputs/HLA/HLA_2019_HLA2019_normal_grid_S0015_daily.csv
HLA,HLA,Hailun,2019,Leave_One_experiments\wth_generated_qc\HLA\HLA2019.WTH,wet_year;nitrogen_stress_year;low_response_year,wet,HLA2019_normal_grid_S0015,irrigation_positive_candidate,2019-05-23,143,24,19,"{""sim_day"": 24.0, ""doy"": 143.0, ""topwt"": 20.0, ""grnwt"": 0.0, ""xlai"": 0.0123921455815434, ""totir"": 0.0, ""tofer"": NaN, ""swfac"": 0.0, ""nstres"": 0.0}",0.0,0.0,20.0,0.0,0.0123921455815434,0.0,,0.0,0.0,30.0,150.0,0.6060119628906264,12.606011962890626,Leave_One_experiments/all_year_offline_schedule_search/daily_outputs/HLA/HLA_2019_HLA2019_normal_grid_S0015_daily.csv
HLA,HLA,Hailun,2019,Leave_One_experiments\wth_generated_qc\HLA\HLA2019.WTH,wet_year;nitrogen_stress_year;low_response_year,wet,HLA2019_normal_grid_S0015,irrigation_positive_candidate,2019-05-24,144,25,20,"{""sim_day"": 25.0, ""doy"": 144.0, ""topwt"": 20.0, ""grnwt"": 0.0, ""xlai"": 0.0242528524249792, ""totir"": 0.0, ""tofer"": NaN, ""swfac"": 0.0, ""nstres"": 0.0}",0.0,0.0,20.0,0.0,0.0242528524249792,0.0,,0.0,0.0,30.0,150.0,0.6060119628906264,12.606011962890626,Leave_One_experiments/all_year_offline_schedule_search/daily_outputs/HLA/HLA_2019_HLA2019_normal_grid_S0015_daily.csv
HLA,HLA,Hailun,2019,Leave_One_experiments\wth_generated_qc\HLA\HLA2019.WTH,wet_year;nitrogen_stress_year;low_response_year,wet,HLA2019_normal_grid_S0015,irrigation_positive_candidate,2019-05-25,145,26,21,"{""sim_day"": 26.0, ""doy"": 145.0, ""topwt"": 20.0, ""grnwt"": 0.0, ""xlai"": 0.0282909944653511, ""totir"": 0.0, ""tofer"": NaN, ""swfac"": 0.0, ""nstres"": 0.0}",0.0,0.0,20.0,0.0,0.0282909944653511,0.0,,0.0,0.0,30.0,150.0,0.6060119628906264,12.606011962890626,Leave_One_experiments/all_year_offline_schedule_search/daily_outputs/HLA/HLA_2019_HLA2019_normal_grid_S0015_daily.csv
HLA,HLA,Hailun,2019,Leave_One_experiments\wth_generated_qc\HLA\HLA2019.WTH,wet_year;nitrogen_stress_year;low_response_year,wet,HLA2019_normal_grid_S0015,irrigation_positive_candidate,2019-05-26,146,27,22,"{""sim_day"": 27.0, ""doy"": 146.0, ""topwt"": 20.0, ""grnwt"": 0.0, ""xlai"": 0.0317384116351604, ""totir"": 0.0, ""tofer"": NaN, ""swfac"": 0.0, ""nstres"": 0.0}",0.0,0.0,20.0,0.0,0.0317384116351604,0.0,,0.0,0.0,30.0,150.0,0.6060119628906264,12.606011962890626,Leave_One_experiments/all_year_offline_schedule_search/daily_outputs/HLA/HLA_2019_HLA2019_normal_grid_S0015_daily.csv
HLA,HLA,Hailun,2019,Leave_One_experiments\wth_generated_qc\HLA\HLA2019.WTH,wet_year;nitrogen_stress_year;low_response_year,wet,HLA2019_normal_grid_S0015,irrigation_positive_candidate,2019-05-27,147,28,23,"{""sim_day"": 28.0, ""doy"": 147.0, ""topwt"": 20.10593891143799, ""grnwt"": 0.0, ""xlai"": 0.0343649238348007, ""totir"": 0.0, ""tofer"": NaN, ""swfac"": 0.0, ""nstres"": 0.0}",0.0,0.0,20.10593891143799,0.0,0.0343649238348007,0.0,,0.0,0.0,30.0,150.0,0.6060119628906264,12.606011962890626,Leave_One_experiments/all_year_offline_schedule_search/daily_outputs/HLA/HLA_2019_HLA2019_normal_grid_S0015_daily.csv
HLA,HLA,Hailun,2019,Leave_One_experiments\wth_generated_qc\HLA\HLA2019.WTH,wet_year;nitrogen_stress_year;low_response_year,wet,HLA2019_normal_grid_S0015,irrigation_positive_candidate,2019-05-28,148,29,24,"{""sim_day"": 29.0, ""doy"": 148.0, ""topwt"": 21.82089567184448, ""grnwt"": 0.0, ""xlai"": 0.0390409268438816, ""totir"": 0.0, ""tofer"": NaN, ""swfac"": 0.0, ""nstres"": 0.0}",0.0,0.0,21.82089567184448,0.0,0.0390409268438816,0.0,,0.0,0.0,30.0,150.0,0.6060119628906264,12.606011962890626,Leave_One_experiments/all_year_offline_schedule_search/daily_outputs/HLA/HLA_2019_HLA2019_normal_grid_S0015_daily.csv
HLA,HLA,Hailun,2019,Leave_One_experiments\wth_generated_qc\HLA\HLA2019.WTH,wet_year;nitrogen_stress_year;low_response_year,wet,HLA2019_normal_grid_S0015,irrigation_positive_candidate,2019-05-29,149,30,25,"{""sim_day"": 30.0, ""doy"": 149.0, ""topwt"": 24.480438232421875, ""grnwt"": 0.0, ""xlai"": 0.0460305400192737, ""totir"": 0.0, ""tofer"": NaN, ""swfac"": 0.0, ""nstres"": 0.0}",0.0,0.0,24.480438232421875,0.0,0.0460305400192737,0.0,,0.0,0.0,30.0,150.0,0.6060119628906264,12.606011962890626,Leave_One_experiments/all_year_offline_schedule_search/daily_outputs/HLA/HLA_2019_HLA2019_normal_grid_S0015_daily.csv
HLA,HLA,Hailun,2019,Leave_One_experiments\wth_generated_qc\HLA\HLA2019.WTH,wet_year;nitrogen_stress_year;low_response_year,wet,HLA2019_normal_grid_S0015,irrigation_positive_candidate,2019-05-30,150,31,26,"{""sim_day"": 31.0, ""doy"": 150.0, ""topwt"": 27.381272315979004, ""grnwt"": 0.0, ""xlai"": 0.053309679031372, ""totir"": 0.0, ""tofer"": NaN, ""swfac"": 0.0, ""nstres"": 0.0}",0.0,0.0,27.381272315979004,0.0,0.053309679031372,0.0,,0.0,0.0,30.0,150.0,0.6060119628906264,12.606011962890626,Leave_One_experiments/all_year_offline_schedule_search/daily_outputs/HLA/HLA_2019_HLA2019_normal_grid_S0015_daily.csv
HLA,HLA,Hailun,2019,Leave_One_experiments\wth_generated_qc\HLA\HLA2019.WTH,wet_year;nitrogen_stress_year;low_response_year,wet,HLA2019_normal_grid_S0015,irrigation_positive_candidate,2019-05-31,151,32,27,"{""sim_day"": 32.0, ""doy"": 151.0, ""topwt"": 31.565747261047363, ""grnwt"": 0.0, ""xlai"": 0.0633016675710678, ""totir"": 0.0, ""tofer"": NaN, ""swfac"": 0.0, ""nstres"": 0.0}",0.0,0.0,31.565747261047363,0.0,0.0633016675710678,0.0,,0.0,0.0,30.0,150.0,0.6060119628906264,12.606011962890626,Leave_One_experiments/all_year_offline_schedule_search/daily_outputs/HLA/HLA_2019_HLA2019_normal_grid_S0015_daily.csv
HLA,HLA,Hailun,2019,Leave_One_experiments\wth_generated_qc\HLA\HLA2019.WTH,wet_year;nitrogen_stress_year;low_response_year,wet,HLA2019_normal_grid_S0015,irrigation_positive_candidate,2019-06-01,152,33,28,"{""sim_day"": 33.0, ""doy"": 152.0, ""topwt"": 35.753514766693115, ""grnwt"": 0.0, ""xlai"": 0.07290680706501, ""totir"": 0.0, ""tofer"": NaN, ""swfac"": 0.0, ""nstres"": 0.0}",0.0,0.0,35.753514766693115,0.0,0.07290680706501,0.0,,0.0,0.0,30.0,150.0,0.6060119628906264,12.606011962890626,Leave_One_experiments/all_year_offline_schedule_search/daily_outputs/HLA/HLA_2019_HLA2019_normal_grid_S0015_daily.csv
HLA,HLA,Hailun,2019,Leave_One_experiments\wth_generated_qc\HLA\HLA2019.WTH,wet_year;nitrogen_stress_year;low_response_year,wet,HLA2019_normal_grid_S0015,irrigation_positive_candidate,2019-06-02,153,34,29,"{""sim_day"": 34.0, ""doy"": 153.0, ""topwt"": 41.60180568695069, ""grnwt"": 0.0, ""xlai"": 0.0858005732297897, ""totir"": 0.0, ""tofer"": NaN, ""swfac"": 0.0, ""nstres"": 0.0}",0.0,0.0,41.60180568695069,0.0,0.0858005732297897,0.0,,0.0,0.0,30.0,150.0,0.6060119628906264,12.606011962890626,Leave_One_experiments/all_year_offline_schedule_search/daily_outputs/HLA/HLA_2019_HLA2019_normal_grid_S0015_daily.csv
HLA,HLA,Hailun,2019,Leave_One_experiments\wth_generated_qc\HLA\HLA2019.WTH,wet_year;nitrogen_stress_year;low_response_year,wet,HLA2019_normal_grid_S0015,irrigation_positive_candidate,2019-06-03,154,35,30,"{""sim_day"": 35.0, ""doy"": 154.0, ""topwt"": 51.13842487335205, ""grnwt"": 0.0, ""xlai"": 0.105828657746315, ""totir"": 0.0, ""tofer"": NaN, ""swfac"": 0.0, ""nstres"": 0.0}",0.0,0.0,51.13842487335205,0.0,0.105828657746315,0.0,,0.0,50.0,30.0,150.0,0.6060119628906264,12.606011962890626,Leave_One_experiments/all_year_offline_schedule_search/daily_outputs/HLA/HLA_2019_HLA2019_normal_grid_S0015_daily.csv
HLA,HLA,Hailun,2019,Leave_One_experiments\wth_generated_qc\HLA\HLA2019.WTH,wet_year;nitrogen_stress_year;low_response_year,wet,HLA2019_normal_grid_S0015,irrigation_positive_candidate,2019-06-04,155,36,31,"{""sim_day"": 36.0, ""doy"": 155.0, ""topwt"": 61.88721656799317, ""grnwt"": 0.0, ""xlai"": 0.1272768378257751, ""totir"": 0.0, ""tofer"": NaN, ""swfac"": 0.0, ""nstres"": 0.0}",0.0,0.0,61.88721656799317,0.0,0.1272768378257751,0.0,,0.0,0.0,30.0,150.0,0.6060119628906264,12.606011962890626,Leave_One_experiments/all_year_offline_schedule_search/daily_outputs/HLA/HLA_2019_HLA2019_normal_grid_S0015_daily.csv
HLA,HLA,Hailun,2019,Leave_One_experiments\wth_generated_qc\HLA\HLA2019.WTH,wet_year;nitrogen_stress_year;low_response_year,wet,HLA2019_normal_grid_S0015,irrigation_positive_candidate,2019-06-05,156,37,32,"{""sim_day"": 37.0, ""doy"": 156.0, ""topwt"": 71.4772891998291, ""grnwt"": 0.0, ""xlai"": 0.1456366926431656, ""totir"": 0.0, ""tofer"": NaN, ""swfac"": 0.0, ""nstres"": 0.0}",0.0,0.0,71.4772891998291,0.0,0.1456366926431656,0.0,,0.0,0.0,30.0,150.0,0.6060119628906264,12.606011962890626,Leave_One_experiments/all_year_offline_schedule_search/daily_outputs/HLA/HLA_2019_HLA2019_normal_grid_S0015_daily.csv
HLA,HLA,Hailun,2019,Leave_One_experiments\wth_generated_qc\HLA\HLA2019.WTH,wet_year;nitrogen_stress_year;low_response_year,wet,HLA2019_normal_grid_S0015,irrigation_positive_candidate,2019-06-06,157,38,33,"{""sim_day"": 38.0, ""doy"": 157.0, ""topwt"": 82.36065864562988, ""grnwt"": 0.0, ""xlai"": 0.165763646364212, ""totir"": 0.0, ""tofer"": NaN, ""swfac"": 0.0, ""nstres"": 0.0}",0.0,0.0,82.36065864562988,0.0,0.165763646364212,0.0,,0.0,0.0,30.0,150.0,0.6060119628906264,12.606011962890626,Leave_One_experiments/all_year_offline_schedule_search/daily_outputs/HLA/HLA_2019_HLA2019_normal_grid_S0015_daily.csv
HLA,HLA,Hailun,2019,Leave_One_experiments\wth_generated_qc\HLA\HLA2019.WTH,wet_year;nitrogen_stress_year;low_response_year,wet,HLA2019_normal_grid_S0015,irrigation_positive_candidate,2019-06-07,158,39,34,"{""sim_day"": 39.0, ""doy"": 158.0, ""topwt"": 96.22730255126952, ""grnwt"": 0.0, ""xlai"": 0.1905165314674377, ""totir"": 0.0, ""tofer"": NaN, ""swfac"": 0.0, ""nstres"": 0.0}",0.0,0.0,96.22730255126952,0.0,0.1905165314674377,0.0,,0.0,0.0,30.0,150.0,0.6060119628906264,12.606011962890626,Leave_One_experiments/all_year_offline_schedule_search/daily_outputs/HLA/HLA_2019_HLA2019_normal_grid_S0015_daily.csv
HLA,HLA,Hailun,2019,Leave_One_experiments\wth_generated_qc\HLA\HLA2019.WTH,wet_year;nitrogen_stress_year;low_response_year,wet,HLA2019_normal_grid_S0015,irrigation_positive_candidate,2019-06-08,159,40,35,"{""sim_day"": 40.0, ""doy"": 159.0, ""topwt"": 114.41032409667967, ""grnwt"": 0.0, ""xlai"": 0.2217504531145095, ""totir"": 30.0, ""tofer"": NaN, ""swfac"": 0.0, ""nstres"": 0.0}",0.0,0.0,114.41032409667967,0.0,0.2217504531145095,30.0,,30.0,0.0,30.0,150.0,0.6060119628906264,12.606011962890626,Leave_One_experiments/all_year_offline_schedule_search/daily_outputs/HLA/HLA_2019_HLA2019_normal_grid_S0015_daily.csv
HLA,HLA,Hailun,2019,Leave_One_experiments\wth_generated_qc\HLA\HLA2019.WTH,wet_year;nitrogen_stress_year;low_response_year,wet,HLA2019_normal_grid_S0015,irrigation_positive_candidate,2019-06-09,160,41,36,"{""sim_day"": 41.0, ""doy"": 160.0, ""topwt"": 135.42656898498535, ""grnwt"": 0.0, ""xlai"": 0.2564602494239807, ""totir"": 30.0, ""tofer"": NaN, ""swfac"": 0.0, ""nstres"": 0.0}",0.0,0.0,135.42656898498535,0.0,0.2564602494239807,30.0,,0.0,0.0,30.0,150.0,0.6060119628906264,12.606011962890626,Leave_One_experiments/all_year_offline_schedule_search/daily_outputs/HLA/HLA_2019_HLA2019_normal_grid_S0015_daily.csv
HLA,HLA,Hailun,2019,Leave_One_experiments\wth_generated_qc\HLA\HLA2019.WTH,wet_year;nitrogen_stress_year;low_response_year,wet,HLA2019_normal_grid_S0015,irrigation_positive_candidate,2019-06-10,161,42,37,"{""sim_day"": 42.0, ""doy"": 161.0, ""topwt"": 133.06350708007812, ""grnwt"": 0.0, ""xlai"": 0.2696595191955566, ""totir"": 30.0, ""tofer"": NaN, ""swfac"": 0.0, ""nstres"": 0.0}",0.0,0.0,133.06350708007812,0.0,0.2696595191955566,30.0,,0.0,0.0,30.0,150.0,0.6060119628906264,12.606011962890626,Leave_One_experiments/all_year_offline_schedule_search/daily_outputs/HLA/HLA_2019_HLA2019_normal_grid_S0015_daily.csv
HLA,HLA,Hailun,2019,Leave_One_experiments\wth_generated_qc\HLA\HLA2019.WTH,wet_year;nitrogen_stress_year;low_response_year,wet,HLA2019_normal_grid_S0015,irrigation_positive_candidate,2019-06-11,162,43,38,"{""sim_day"": 43.0, ""doy"": 162.0, ""topwt"": 143.99490356445312, ""grnwt"": 0.0, ""xlai"": 0.2883612215518951, ""totir"": 30.0, ""tofer"": NaN, ""swfac"": 0.0, ""nstres"": 0.0040380954742431}",0.0,0.0040380954742431,143.99490356445312,0.0,0.2883612215518951,30.0,,0.0,0.0,30.0,150.0,0.6060119628906264,12.606011962890626,Leave_One_experiments/all_year_offline_schedule_search/daily_outputs/HLA/HLA_2019_HLA2019_normal_grid_S0015_daily.csv
HLA,HLA,Hailun,2019,Leave_One_experiments\wth_generated_qc\HLA\HLA2019.WTH,wet_year;nitrogen_stress_year;low_response_year,wet,HLA2019_normal_grid_S0015,irrigation_positive_candidate,2019-06-12,163,44,39,"{""sim_day"": 44.0, ""doy"": 163.0, ""topwt"": 157.07722663879397, ""grnwt"": 0.0, ""xlai"": 0.3103217482566833, ""totir"": 30.0, ""tofer"": NaN, ""swfac"": 0.0, ""nstres"": 0.0}",0.0,0.0,157.07722663879397,0.0,0.3103217482566833,30.0,,0.0,0.0,30.0,150.0,0.6060119628906264,12.606011962890626,Leave_One_experiments/all_year_offline_schedule_search/daily_outputs/HLA/HLA_2019_HLA2019_normal_grid_S0015_daily.csv
HLA,HLA,Hailun,2019,Leave_One_experiments\wth_generated_qc\HLA\HLA2019.WTH,wet_year;nitrogen_stress_year;low_response_year,wet,HLA2019_normal_grid_S0015,irrigation_positive_candidate,2019-06-13,164,45,40,"{""sim_day"": 45.0, ""doy"": 164.0, ""topwt"": 169.07180786132812, ""grnwt"": 0.0, ""xlai"": 0.3301326036453247, ""totir"": 30.0, ""tofer"": NaN, ""swfac"": 0.0, ""nstres"": 0.0}",0.0,0.0,169.07180786132812,0.0,0.3301326036453247,30.0,,0.0,0.0,30.0,150.0,0.6060119628906264,12.606011962890626,Leave_One_experiments/all_year_offline_schedule_search/daily_outputs/HLA/HLA_2019_HLA2019_normal_grid_S0015_daily.csv
HLA,HLA,Hailun,2019,Leave_One_experiments\wth_generated_qc\HLA\HLA2019.WTH,wet_year;nitrogen_stress_year;low_response_year,wet,HLA2019_normal_grid_S0015,irrigation_positive_candidate,2019-06-14,165,46,41,"{""sim_day"": 46.0, ""doy"": 165.0, ""topwt"": 187.63519287109372, ""grnwt"": 0.0, ""xlai"": 0.360285997390747, ""totir"": 30.0, ""tofer"": NaN, ""swfac"": 0.0, ""nstres"": 0.0}",0.0,0.0,187.63519287109372,0.0,0.360285997390747,30.0,,0.0,0.0,30.0,150.0,0.6060119628906264,12.606011962890626,Leave_One_experiments/all_year_offline_schedule_search/daily_outputs/HLA/HLA_2019_HLA2019_normal_grid_S0015_daily.csv
HLA,HLA,Hailun,2019,Leave_One_experiments\wth_generated_qc\HLA\HLA2019.WTH,wet_year;nitrogen_stress_year;low_response_year,wet,HLA2019_normal_grid_S0015,irrigation_positive_candidate,2019-06-15,166,47,42,"{""sim_day"": 47.0, ""doy"": 166.0, ""topwt"": 206.96144104003903, ""grnwt"": 0.0, ""xlai"": 0.3909882307052612, ""totir"": 30.0, ""tofer"": NaN, ""swfac"": 0.0, ""nstres"": 0.0}",0.0,0.0,206.96144104003903,0.0,0.3909882307052612,30.0,,0.0,0.0,30.0,150.0,0.6060119628906264,12.606011962890626,Leave_One_experiments/all_year_offline_schedule_search/daily_outputs/HLA/HLA_2019_HLA2019_normal_grid_S0015_daily.csv
HLA,HLA,Hailun,2019,Leave_One_experiments\wth_generated_qc\HLA\HLA2019.WTH,wet_year;nitrogen_stress_year;low_response_year,wet,HLA2019_normal_grid_S0015,irrigation_positive_candidate,2019-06-16,167,48,43,"{""sim_day"": 48.0, ""doy"": 167.0, ""topwt"": 241.9814682006836, ""grnwt"": 0.0, ""xlai"": 0.4451222419738769, ""totir"": 30.0, ""tofer"": NaN, ""swfac"": 0.0, ""nstres"": 0.0}",0.0,0.0,241.9814682006836,0.0,0.4451222419738769,30.0,,0.0,0.0,30.0,150.0,0.6060119628906264,12.606011962890626,Leave_One_experiments/all_year_offline_schedule_search/daily_outputs/HLA/HLA_2019_HLA2019_normal_grid_S0015_daily.csv
HLA,HLA,Hailun,2019,Leave_One_experiments\wth_generated_qc\HLA\HLA2019.WTH,wet_year;nitrogen_stress_year;low_response_year,wet,HLA2019_normal_grid_S0015,irrigation_positive_candidate,2019-06-17,168,49,44,"{""sim_day"": 49.0, ""doy"": 168.0, ""topwt"": 276.5657424926758, ""grnwt"": 0.0, ""xlai"": 0.4950120449066162, ""totir"": 30.0, ""tofer"": NaN, ""swfac"": 0.0, ""nstres"": 0.0}",0.0,0.0,276.5657424926758,0.0,0.4950120449066162,30.0,,0.0,0.0,30.0,150.0,0.6060119628906264,12.606011962890626,Leave_One_experiments/all_year_offline_schedule_search/daily_outputs/HLA/HLA_2019_HLA2019_normal_grid_S0015_daily.csv
HLA,HLA,Hailun,2019,Leave_One_experiments\wth_generated_qc\HLA\HLA2019.WTH,wet_year;nitrogen_stress_year;low_response_year,wet,HLA2019_normal_grid_S0015,irrigation_positive_candidate,2019-06-18,169,50,45,"{""sim_day"": 50.0, ""doy"": 169.0, ""topwt"": 322.54478454589844, ""grnwt"": 0.0, ""xlai"": 0.5636779069900513, ""totir"": 30.0, ""tofer"": NaN, ""swfac"": 0.0, ""nstres"": 0.0}",0.0,0.0,322.54478454589844,0.0,0.5636779069900513,30.0,,0.0,0.0,30.0,150.0,0.6060119628906264,12.606011962890626,Leave_One_experiments/all_year_offline_schedule_search/daily_outputs/HLA/HLA_2019_HLA2019_normal_grid_S0015_daily.csv
HLA,HLA,Hailun,2019,Leave_One_experiments\wth_generated_qc\HLA\HLA2019.WTH,wet_year;nitrogen_stress_year;low_response_year,wet,HLA2019_normal_grid_S0015,irrigation_positive_candidate,2019-06-19,170,51,46,"{""sim_day"": 51.0, ""doy"": 170.0, ""topwt"": 354.5248031616211, ""grnwt"": 0.0, ""xlai"": 0.6099730730056763, ""totir"": 30.0, ""tofer"": NaN, ""swfac"": 0.0, ""nstres"": 0.0}",0.0,0.0,354.5248031616211,0.0,0.6099730730056763,30.0,,0.0,0.0,30.0,150.0,0.6060119628906264,12.606011962890626,Leave_One_experiments/all_year_offline_schedule_search/daily_outputs/HLA/HLA_2019_HLA2019_normal_grid_S0015_daily.csv
HLA,HLA,Hailun,2019,Leave_One_experiments\wth_generated_qc\HLA\HLA2019.WTH,wet_year;nitrogen_stress_year;low_response_year,wet,HLA2019_normal_grid_S0015,irrigation_positive_candidate,2019-06-20,171,52,47,"{""sim_day"": 52.0, ""doy"": 171.0, ""topwt"": 405.6707382202149, ""grnwt"": 0.0, ""xlai"": 0.6814635396003723, ""totir"": 30.0, ""tofer"": NaN, ""swfac"": 0.0, ""nstres"": 0.0}",0.0,0.0,405.6707382202149,0.0,0.6814635396003723,30.0,,0.0,0.0,30.0,150.0,0.6060119628906264,12.606011962890626,Leave_One_experiments/all_year_offline_schedule_search/daily_outputs/HLA/HLA_2019_HLA2019_normal_grid_S0015_daily.csv
HLA,HLA,Hailun,2019,Leave_One_experiments\wth_generated_qc\HLA\HLA2019.WTH,wet_year;nitrogen_stress_year;low_response_year,wet,HLA2019_normal_grid_S0015,irrigation_positive_candidate,2019-06-21,172,53,48,"{""sim_day"": 53.0, ""doy"": 172.0, ""topwt"": 467.0765686035156, ""grnwt"": 0.0, ""xlai"": 0.7635852098464966, ""totir"": 30.0, ""tofer"": NaN, ""swfac"": 0.0, ""nstres"": 0.0}",0.0,0.0,467.0765686035156,0.0,0.7635852098464966,30.0,,0.0,0.0,30.0,150.0,0.6060119628906264,12.606011962890626,Leave_One_experiments/all_year_offline_schedule_search/daily_outputs/HLA/HLA_2019_HLA2019_normal_grid_S0015_daily.csv
HLA,HLA,Hailun,2019,Leave_One_experiments\wth_generated_qc\HLA\HLA2019.WTH,wet_year;nitrogen_stress_year;low_response_year,wet,HLA2019_normal_grid_S0015,irrigation_positive_candidate,2019-06-22,173,54,49,"{""sim_day"": 54.0, ""doy"": 173.0, ""topwt"": 551.1767578125, ""grnwt"": 0.0, ""xlai"": 0.8703926801681519, ""totir"": 30.0, ""tofer"": NaN, ""swfac"": 0.0, ""nstres"": 0.0}",0.0,0.0,551.1767578125,0.0,0.8703926801681519,30.0,,0.0,0.0,30.0,150.0,0.6060119628906264,12.606011962890626,Leave_One_experiments/all_year_offline_schedule_search/daily_outputs/HLA/HLA_2019_HLA2019_normal_grid_S0015_daily.csv
HLA,HLA,Hailun,2019,Leave_One_experiments\wth_generated_qc\HLA\HLA2019.WTH,wet_year;nitrogen_stress_year;low_response_year,wet,HLA2019_normal_grid_S0015,irrigation_positive_candidate,2019-06-23,174,55,50,"{""sim_day"": 55.0, ""doy"": 174.0, ""topwt"": 653.8201904296875, ""grnwt"": 0.0, ""xlai"": 0.992919921875, ""totir"": 30.0, ""tofer"": NaN, ""swfac"": 0.0, ""nstres"": 0.0}",0.0,0.0,653.8201904296875,0.0,0.992919921875,30.0,,0.0,0.0,30.0,150.0,0.6060119628906264,12.606011962890626,Leave_One_experiments/all_year_offline_schedule_search/daily_outputs/HLA/HLA_2019_HLA2019_normal_grid_S0015_daily.csv
HLA,HLA,Hailun,2019,Leave_One_experiments\wth_generated_qc\HLA\HLA2019.WTH,wet_year;nitrogen_stress_year;low_response_year,wet,HLA2019_normal_grid_S0015,irrigation_positive_candidate,2019-06-24,175,56,51,"{""sim_day"": 56.0, ""doy"": 175.0, ""topwt"": 773.7831878662109, ""grnwt"": 0.0, ""xlai"": 1.1265076398849487, ""totir"": 30.0, ""tofer"": NaN, ""swfac"": 0.0, ""nstres"": 0.0}",0.0,0.0,773.7831878662109,0.0,1.1265076398849487,30.0,,0.0,0.0,30.0,150.0,0.6060119628906264,12.606011962890626,Leave_One_experiments/all_year_offline_schedule_search/daily_outputs/HLA/HLA_2019_HLA2019_normal_grid_S0015_daily.csv
HLA,HLA,Hailun,2019,Leave_One_experiments\wth_generated_qc\HLA\HLA2019.WTH,wet_year;nitrogen_stress_year;low_response_year,wet,HLA2019_normal_grid_S0015,irrigation_positive_candidate,2019-06-25,176,57,52,"{""sim_day"": 57.0, ""doy"": 176.0, ""topwt"": 850.5187225341797, ""grnwt"": 0.0, ""xlai"": 1.207170486450195, ""totir"": 30.0, ""tofer"": NaN, ""swfac"": 0.0, ""nstres"": 0.0}",0.0,0.0,850.5187225341797,0.0,1.207170486450195,30.0,,0.0,0.0,30.0,150.0,0.6060119628906264,12.606011962890626,Leave_One_experiments/all_year_offline_schedule_search/daily_outputs/HLA/HLA_2019_HLA2019_normal_grid_S0015_daily.csv
HLA,HLA,Hailun,2019,Leave_One_experiments\wth_generated_qc\HLA\HLA2019.WTH,wet_year;nitrogen_stress_year;low_response_year,wet,HLA2019_normal_grid_S0015,irrigation_positive_candidate,2019-06-26,177,58,53,"{""sim_day"": 58.0, ""doy"": 177.0, ""topwt"": 905.038604736328, ""grnwt"": 0.0, ""xlai"": 1.2621827125549316, ""totir"": 30.0, ""tofer"": NaN, ""swfac"": 0.0, ""nstres"": 0.0}",0.0,0.0,905.038604736328,0.0,1.2621827125549316,30.0,,0.0,0.0,30.0,150.0,0.6060119628906264,12.606011962890626,Leave_One_experiments/all_year_offline_schedule_search/daily_outputs/HLA/HLA_2019_HLA2019_normal_grid_S0015_daily.csv
HLA,HLA,Hailun,2019,Leave_One_experiments\wth_generated_qc\HLA\HLA2019.WTH,wet_year;nitrogen_stress_year;low_response_year,wet,HLA2019_normal_grid_S0015,irrigation_positive_candidate,2019-06-27,178,59,54,"{""sim_day"": 59.0, ""doy"": 178.0, ""topwt"": 932.3098754882812, ""grnwt"": 0.0, ""xlai"": 1.2890346050262451, ""totir"": 30.0, ""tofer"": NaN, ""swfac"": 0.0, ""nstres"": 0.0}",0.0,0.0,932.3098754882812,0.0,1.2890346050262451,30.0,,0.0,0.0,30.0,150.0,0.6060119628906264,12.606011962890626,Leave_One_experiments/all_year_offline_schedule_search/daily_outputs/HLA/HLA_2019_HLA2019_normal_grid_S0015_daily.csv
HLA,HLA,Hailun,2019,Leave_One_experiments\wth_generated_qc\HLA\HLA2019.WTH,wet_year;nitrogen_stress_year;low_response_year,wet,HLA2019_normal_grid_S0015,irrigation_positive_candidate,2019-06-28,179,60,55,"{""sim_day"": 60.0, ""doy"": 179.0, ""topwt"": 959.1358947753906, ""grnwt"": 0.0, ""xlai"": 1.314826250076294, ""totir"": 30.0, ""tofer"": NaN, ""swfac"": 0.0, ""nstres"": 0.0}",0.0,0.0,959.1358947753906,0.0,1.314826250076294,30.0,,0.0,0.0,30.0,150.0,0.6060119628906264,12.606011962890626,Leave_One_experiments/all_year_offline_schedule_search/daily_outputs/HLA/HLA_2019_HLA2019_normal_grid_S0015_daily.csv
HLA,HLA,Hailun,2019,Leave_One_experiments\wth_generated_qc\HLA\HLA2019.WTH,wet_year;nitrogen_stress_year;low_response_year,wet,HLA2019_normal_grid_S0015,irrigation_positive_candidate,2019-06-29,180,61,56,"{""sim_day"": 61.0, ""doy"": 180.0, ""topwt"": 991.8842315673828, ""grnwt"": 0.0, ""xlai"": 1.3453749418258667, ""totir"": 30.0, ""tofer"": NaN, ""swfac"": 0.0, ""nstres"": 0.0}",0.0,0.0,991.8842315673828,0.0,1.3453749418258667,30.0,,0.0,0.0,30.0,150.0,0.6060119628906264,12.606011962890626,Leave_One_experiments/all_year_offline_schedule_search/daily_outputs/HLA/HLA_2019_HLA2019_normal_grid_S0015_daily.csv
HLA,HLA,Hailun,2019,Leave_One_experiments\wth_generated_qc\HLA\HLA2019.WTH,wet_year;nitrogen_stress_year;low_response_year,wet,HLA2019_normal_grid_S0015,irrigation_positive_candidate,2019-06-30,181,62,57,"{""sim_day"": 62.0, ""doy"": 181.0, ""topwt"": 1049.1583251953125, ""grnwt"": 0.0, ""xlai"": 1.3967316150665283, ""totir"": 30.0, ""tofer"": NaN, ""swfac"": 0.0, ""nstres"": 0.0}",0.0,0.0,1049.1583251953125,0.0,1.3967316150665283,30.0,,0.0,0.0,30.0,150.0,0.6060119628906264,12.606011962890626,Leave_One_experiments/all_year_offline_schedule_search/daily_outputs/HLA/HLA_2019_HLA2019_normal_grid_S0015_daily.csv
HLA,HLA,Hailun,2019,Leave_One_experiments\wth_generated_qc\HLA\HLA2019.WTH,wet_year;nitrogen_stress_year;low_response_year,wet,HLA2019_normal_grid_S0015,irrigation_positive_candidate,2019-07-01,182,63,58,"{""sim_day"": 63.0, ""doy"": 182.0, ""topwt"": 1086.268539428711, ""grnwt"": 0.0, ""xlai"": 1.4286928176879885, ""totir"": 30.0, ""tofer"": NaN, ""swfac"": 0.0, ""nstres"": 0.0}",0.0,0.0,1086.268539428711,0.0,1.4286928176879885,30.0,,0.0,0.0,30.0,150.0,0.6060119628906264,12.606011962890626,Leave_One_experiments/all_year_offline_schedule_search/daily_outputs/HLA/HLA_2019_HLA2019_normal_grid_S0015_daily.csv
HLA,HLA,Hailun,2019,Leave_One_experiments\wth_generated_qc\HLA\HLA2019.WTH,wet_year;nitrogen_stress_year;low_response_year,wet,HLA2019_normal_grid_S0015,irrigation_positive_candidate,2019-07-02,183,64,59,"{""sim_day"": 64.0, ""doy"": 183.0, ""topwt"": 1119.5769500732422, ""grnwt"": 0.0, ""xlai"": 1.456307053565979, ""totir"": 30.0, ""tofer"": NaN, ""swfac"": 0.0, ""nstres"": 0.0}",0.0,0.0,1119.5769500732422,0.0,1.456307053565979,30.0,,0.0,0.0,30.0,150.0,0.6060119628906264,12.606011962890626,Leave_One_experiments/all_year_offline_schedule_search/daily_outputs/HLA/HLA_2019_HLA2019_normal_grid_S0015_daily.csv
HLA,HLA,Hailun,2019,Leave_One_experiments\wth_generated_qc\HLA\HLA2019.WTH,wet_year;nitrogen_stress_year;low_response_year,wet,HLA2019_normal_grid_S0015,irrigation_positive_candidate,2019-07-03,184,65,60,"{""sim_day"": 65.0, ""doy"": 184.0, ""topwt"": 1175.3279113769531, ""grnwt"": 0.0, ""xlai"": 1.500704288482666, ""totir"": 30.0, ""tofer"": NaN, ""swfac"": 0.0, ""nstres"": 0.0}",0.0,0.0,1175.3279113769531,0.0,1.500704288482666,30.0,,0.0,50.0,30.0,150.0,0.6060119628906264,12.606011962890626,Leave_One_experiments/all_year_offline_schedule_search/daily_outputs/HLA/HLA_2019_HLA2019_normal_grid_S0015_daily.csv
HLA,HLA,Hailun,2019,Leave_One_experiments\wth_generated_qc\HLA\HLA2019.WTH,wet_year;nitrogen_stress_year;low_response_year,wet,HLA2019_normal_grid_S0015,irrigation_positive_candidate,2019-07-04,185,66,61,"{""sim_day"": 66.0, ""doy"": 185.0, ""topwt"": 1212.1283721923828, ""grnwt"": 0.0, ""xlai"": 1.5287044048309326, ""totir"": 30.0, ""tofer"": NaN, ""swfac"": 0.0, ""nstres"": 0.0}",0.0,0.0,1212.1283721923828,0.0,1.5287044048309326,30.0,,0.0,0.0,30.0,150.0,0.6060119628906264,12.606011962890626,Leave_One_experiments/all_year_offline_schedule_search/daily_outputs/HLA/HLA_2019_HLA2019_normal_grid_S0015_daily.csv
HLA,HLA,Hailun,2019,Leave_One_experiments\wth_generated_qc\HLA\HLA2019.WTH,wet_year;nitrogen_stress_year;low_response_year,wet,HLA2019_normal_grid_S0015,irrigation_positive_candidate,2019-07-05,186,67,62,"{""sim_day"": 67.0, ""doy"": 186.0, ""topwt"": 1252.8189086914062, ""grnwt"": 0.0, ""xlai"": 1.558181643486023, ""totir"": 30.0, ""tofer"": NaN, ""swfac"": 0.0, ""nstres"": 0.0}",0.0,0.0,1252.8189086914062,0.0,1.558181643486023,30.0,,0.0,0.0,30.0,150.0,0.6060119628906264,12.606011962890626,Leave_One_experiments/all_year_offline_schedule_search/daily_outputs/HLA/HLA_2019_HLA2019_normal_grid_S0015_daily.csv
HLA,HLA,Hailun,2019,Leave_One_experiments\wth_generated_qc\HLA\HLA2019.WTH,wet_year;nitrogen_stress_year;low_response_year,wet,HLA2019_normal_grid_S0015,irrigation_positive_candidate,2019-07-06,187,68,63,"{""sim_day"": 68.0, ""doy"": 187.0, ""topwt"": 1341.0113525390625, ""grnwt"": 0.0, ""xlai"": 1.618205189704895, ""totir"": 30.0, ""tofer"": NaN, ""swfac"": 0.0, ""nstres"": 0.0}",0.0,0.0,1341.0113525390625,0.0,1.618205189704895,30.0,,0.0,0.0,30.0,150.0,0.6060119628906264,12.606011962890626,Leave_One_experiments/all_year_offline_schedule_search/daily_outputs/HLA/HLA_2019_HLA2019_normal_grid_S0015_daily.csv
HLA,HLA,Hailun,2019,Leave_One_experiments\wth_generated_qc\HLA\HLA2019.WTH,wet_year;nitrogen_stress_year;low_response_year,wet,HLA2019_normal_grid_S0015,irrigation_positive_candidate,2019-07-07,188,69,64,"{""sim_day"": 69.0, ""doy"": 188.0, ""topwt"": 1476.0287475585938, ""grnwt"": 0.0, ""xlai"": 1.7042169570922852, ""totir"": 30.0, ""tofer"": NaN, ""swfac"": 0.0, ""nstres"": 0.0}",0.0,0.0,1476.0287475585938,0.0,1.7042169570922852,30.0,,0.0,0.0,30.0,150.0,0.6060119628906264,12.606011962890626,Leave_One_experiments/all_year_offline_schedule_search/daily_outputs/HLA/HLA_2019_HLA2019_normal_grid_S0015_daily.csv
HLA,HLA,Hailun,2019,Leave_One_experiments\wth_generated_qc\HLA\HLA2019.WTH,wet_year;nitrogen_stress_year;low_response_year,wet,HLA2019_normal_grid_S0015,irrigation_positive_candidate,2019-07-08,189,70,65,"{""sim_day"": 70.0, ""doy"": 189.0, ""topwt"": 1689.0472412109375, ""grnwt"": 0.0, ""xlai"": 1.8298964500427248, ""totir"": 30.0, ""tofer"": NaN, ""swfac"": 0.0, ""nstres"": 0.0}",0.0,0.0,1689.0472412109375,0.0,1.8298964500427248,30.0,,0.0,0.0,30.0,150.0,0.6060119628906264,12.606011962890626,Leave_One_experiments/all_year_offline_schedule_search/daily_outputs/HLA/HLA_2019_HLA2019_normal_grid_S0015_daily.csv
HLA,HLA,Hailun,2019,Leave_One_experiments\wth_generated_qc\HLA\HLA2019.WTH,wet_year;nitrogen_stress_year;low_response_year,wet,HLA2019_normal_grid_S0015,irrigation_positive_candidate,2019-07-09,190,71,66,"{""sim_day"": 71.0, ""doy"": 190.0, ""topwt"": 1928.692321777344, ""grnwt"": 0.0, ""xlai"": 1.9606772661209104, ""totir"": 30.0, ""tofer"": NaN, ""swfac"": 0.0, ""nstres"": 0.0}",0.0,0.0,1928.692321777344,0.0,1.9606772661209104,30.0,,0.0,0.0,30.0,150.0,0.6060119628906264,12.606011962890626,Leave_One_experiments/all_year_offline_schedule_search/daily_outputs/HLA/HLA_2019_HLA2019_normal_grid_S0015_daily.csv
HLA,HLA,Hailun,2019,Leave_One_experiments\wth_generated_qc\HLA\HLA2019.WTH,wet_year;nitrogen_stress_year;low_response_year,wet,HLA2019_normal_grid_S0015,irrigation_positive_candidate,2019-07-10,191,72,67,"{""sim_day"": 72.0, ""doy"": 191.0, ""topwt"": 2157.7197265625, ""grnwt"": 0.0, ""xlai"": 2.077258586883545, ""totir"": 30.0, ""tofer"": NaN, ""swfac"": 0.0, ""nstres"": 0.0}",0.0,0.0,2157.7197265625,0.0,2.077258586883545,30.0,,0.0,0.0,30.0,150.0,0.6060119628906264,12.606011962890626,Leave_One_experiments/all_year_offline_schedule_search/daily_outputs/HLA/HLA_2019_HLA2019_normal_grid_S0015_daily.csv
HLA,HLA,Hailun,2019,Leave_One_experiments\wth_generated_qc\HLA\HLA2019.WTH,wet_year;nitrogen_stress_year;low_response_year,wet,HLA2019_normal_grid_S0015,irrigation_positive_candidate,2019-07-11,192,73,68,"{""sim_day"": 73.0, ""doy"": 192.0, ""topwt"": 2412.9270935058594, ""grnwt"": 0.0, ""xlai"": 2.2271218299865723, ""totir"": 30.0, ""tofer"": NaN, ""swfac"": 0.0, ""nstres"": 0.0}",0.0,0.0,2412.9270935058594,0.0,2.2271218299865723,30.0,,0.0,0.0,30.0,150.0,0.6060119628906264,12.606011962890626,Leave_One_experiments/all_year_offline_schedule_search/daily_outputs/HLA/HLA_2019_HLA2019_normal_grid_S0015_daily.csv
HLA,HLA,Hailun,2019,Leave_One_experiments\wth_generated_qc\HLA\HLA2019.WTH,wet_year;nitrogen_stress_year;low_response_year,wet,HLA2019_normal_grid_S0015,irrigation_positive_candidate,2019-07-12,193,74,69,"{""sim_day"": 74.0, ""doy"": 193.0, ""topwt"": 2726.5069580078125, ""grnwt"": 0.0, ""xlai"": 2.369931697845459, ""totir"": 30.0, ""tofer"": NaN, ""swfac"": 0.0, ""nstres"": 0.0}",0.0,0.0,2726.5069580078125,0.0,2.369931697845459,30.0,,0.0,0.0,30.0,150.0,0.6060119628906264,12.606011962890626,Leave_One_experiments/all_year_offline_schedule_search/daily_outputs/HLA/HLA_2019_HLA2019_normal_grid_S0015_daily.csv
HLA,HLA,Hailun,2019,Leave_One_experiments\wth_generated_qc\HLA\HLA2019.WTH,wet_year;nitrogen_stress_year;low_response_year,wet,HLA2019_normal_grid_S0015,irrigation_positive_candidate,2019-07-13,194,75,70,"{""sim_day"": 75.0, ""doy"": 194.0, ""topwt"": 2990.8038330078125, ""grnwt"": 0.0, ""xlai"": 2.4748904705047607, ""totir"": 30.0, ""tofer"": NaN, ""swfac"": 0.0, ""nstres"": 0.0}",0.0,0.0,2990.8038330078125,0.0,2.4748904705047607,30.0,,0.0,0.0,30.0,150.0,0.6060119628906264,12.606011962890626,Leave_One_experiments/all_year_offline_schedule_search/daily_outputs/HLA/HLA_2019_HLA2019_normal_grid_S0015_daily.csv
HLA,HLA,Hailun,2019,Leave_One_experiments\wth_generated_qc\HLA\HLA2019.WTH,wet_year;nitrogen_stress_year;low_response_year,wet,HLA2019_normal_grid_S0015,irrigation_positive_candidate,2019-07-14,195,76,71,"{""sim_day"": 76.0, ""doy"": 195.0, ""topwt"": 3266.1557006835938, ""grnwt"": 0.0, ""xlai"": 2.572848320007324, ""totir"": 30.0, ""tofer"": NaN, ""swfac"": 0.0, ""nstres"": 0.0}",0.0,0.0,3266.1557006835938,0.0,2.572848320007324,30.0,,0.0,0.0,30.0,150.0,0.6060119628906264,12.606011962890626,Leave_One_experiments/all_year_offline_schedule_search/daily_outputs/HLA/HLA_2019_HLA2019_normal_grid_S0015_daily.csv
HLA,HLA,Hailun,2019,Leave_One_experiments\wth_generated_qc\HLA\HLA2019.WTH,wet_year;nitrogen_stress_year;low_response_year,wet,HLA2019_normal_grid_S0015,irrigation_positive_candidate,2019-07-15,196,77,72,"{""sim_day"": 77.0, ""doy"": 196.0, ""topwt"": 3468.8775634765625, ""grnwt"": 0.0, ""xlai"": 2.63905668258667, ""totir"": 30.0, ""tofer"": NaN, ""swfac"": 0.0, ""nstres"": 0.0}",0.0,0.0,3468.8775634765625,0.0,2.63905668258667,30.0,,0.0,0.0,30.0,150.0,0.6060119628906264,12.606011962890626,Leave_One_experiments/all_year_offline_schedule_search/daily_outputs/HLA/HLA_2019_HLA2019_normal_grid_S0015_daily.csv
HLA,HLA,Hailun,2019,Leave_One_experiments\wth_generated_qc\HLA\HLA2019.WTH,wet_year;nitrogen_stress_year;low_response_year,wet,HLA2019_normal_grid_S0015,irrigation_positive_candidate,2019-07-16,197,78,73,"{""sim_day"": 78.0, ""doy"": 197.0, ""topwt"": 3718.809509277344, ""grnwt"": 0.0, ""xlai"": 2.7152342796325684, ""totir"": 30.0, ""tofer"": NaN, ""swfac"": 0.0, ""nstres"": 0.0}",0.0,0.0,3718.809509277344,0.0,2.7152342796325684,30.0,,0.0,0.0,30.0,150.0,0.6060119628906264,12.606011962890626,Leave_One_experiments/all_year_offline_schedule_search/daily_outputs/HLA/HLA_2019_HLA2019_normal_grid_S0015_daily.csv
HLA,HLA,Hailun,2019,Leave_One_experiments\wth_generated_qc\HLA\HLA2019.WTH,wet_year;nitrogen_stress_year;low_response_year,wet,HLA2019_normal_grid_S0015,irrigation_positive_candidate,2019-07-17,198,79,74,"{""sim_day"": 79.0, ""doy"": 198.0, ""topwt"": 3956.799926757813, ""grnwt"": 0.0, ""xlai"": 2.783654928207397, ""totir"": 30.0, ""tofer"": NaN, ""swfac"": 0.0, ""nstres"": 0.0}",0.0,0.0,3956.799926757813,0.0,2.783654928207397,30.0,,0.0,0.0,30.0,150.0,0.6060119628906264,12.606011962890626,Leave_One_experiments/all_year_offline_schedule_search/daily_outputs/HLA/HLA_2019_HLA2019_normal_grid_S0015_daily.csv
HLA,HLA,Hailun,2019,Leave_One_experiments\wth_generated_qc\HLA\HLA2019.WTH,wet_year;nitrogen_stress_year;low_response_year,wet,HLA2019_normal_grid_S0015,irrigation_positive_candidate,2019-07-18,199,80,75,"{""sim_day"": 80.0, ""doy"": 199.0, ""topwt"": 4193.0419921875, ""grnwt"": 0.0, ""xlai"": 2.848143577575684, ""totir"": 30.0, ""tofer"": NaN, ""swfac"": 0.0, ""nstres"": 0.0}",0.0,0.0,4193.0419921875,0.0,2.848143577575684,30.0,,0.0,0.0,30.0,150.0,0.6060119628906264,12.606011962890626,Leave_One_experiments/all_year_offline_schedule_search/daily_outputs/HLA/HLA_2019_HLA2019_normal_grid_S0015_daily.csv
HLA,HLA,Hailun,2019,Leave_One_experiments\wth_generated_qc\HLA\HLA2019.WTH,wet_year;nitrogen_stress_year;low_response_year,wet,HLA2019_normal_grid_S0015,irrigation_positive_candidate,2019-07-19,200,81,76,"{""sim_day"": 81.0, ""doy"": 200.0, ""topwt"": 4477.763671875, ""grnwt"": 0.0, ""xlai"": 2.9216830730438232, ""totir"": 30.0, ""tofer"": NaN, ""swfac"": 0.0, ""nstres"": 0.0}",0.0,0.0,4477.763671875,0.0,2.9216830730438232,30.0,,0.0,0.0,30.0,150.0,0.6060119628906264,12.606011962890626,Leave_One_experiments/all_year_offline_schedule_search/daily_outputs/HLA/HLA_2019_HLA2019_normal_grid_S0015_daily.csv
HLA,HLA,Hailun,2019,Leave_One_experiments\wth_generated_qc\HLA\HLA2019.WTH,wet_year;nitrogen_stress_year;low_response_year,wet,HLA2019_normal_grid_S0015,irrigation_positive_candidate,2019-07-20,201,82,77,"{""sim_day"": 82.0, ""doy"": 201.0, ""topwt"": 4663.5101318359375, ""grnwt"": 0.0, ""xlai"": 2.9674606323242188, ""totir"": 30.0, ""tofer"": NaN, ""swfac"": 0.0, ""nstres"": 0.0}",0.0,0.0,4663.5101318359375,0.0,2.9674606323242188,30.0,,0.0,0.0,30.0,150.0,0.6060119628906264,12.606011962890626,Leave_One_experiments/all_year_offline_schedule_search/daily_outputs/HLA/HLA_2019_HLA2019_normal_grid_S0015_daily.csv
HLA,HLA,Hailun,2019,Leave_One_experiments\wth_generated_qc\HLA\HLA2019.WTH,wet_year;nitrogen_stress_year;low_response_year,wet,HLA2019_normal_grid_S0015,irrigation_positive_candidate,2019-07-21,202,83,78,"{""sim_day"": 83.0, ""doy"": 202.0, ""topwt"": 4901.895751953125, ""grnwt"": 0.0, ""xlai"": 3.026221513748169, ""totir"": 30.0, ""tofer"": NaN, ""swfac"": 0.0, ""nstres"": 0.0}",0.0,0.0,4901.895751953125,0.0,3.026221513748169,30.0,,0.0,0.0,30.0,150.0,0.6060119628906264,12.606011962890626,Leave_One_experiments/all_year_offline_schedule_search/daily_outputs/HLA/HLA_2019_HLA2019_normal_grid_S0015_daily.csv
HLA,HLA,Hailun,2019,Leave_One_experiments\wth_generated_qc\HLA\HLA2019.WTH,wet_year;nitrogen_stress_year;low_response_year,wet,HLA2019_normal_grid_S0015,irrigation_positive_candidate,2019-07-22,203,84,79,"{""sim_day"": 84.0, ""doy"": 203.0, ""topwt"": 5100.345153808594, ""grnwt"": 0.0, ""xlai"": 3.075033903121948, ""totir"": 30.0, ""tofer"": NaN, ""swfac"": 0.0, ""nstres"": 0.0}",0.0,0.0,5100.345153808594,0.0,3.075033903121948,30.0,,0.0,0.0,30.0,150.0,0.6060119628906264,12.606011962890626,Leave_One_experiments/all_year_offline_schedule_search/daily_outputs/HLA/HLA_2019_HLA2019_normal_grid_S0015_daily.csv
HLA,HLA,Hailun,2019,Leave_One_experiments\wth_generated_qc\HLA\HLA2019.WTH,wet_year;nitrogen_stress_year;low_response_year,wet,HLA2019_normal_grid_S0015,irrigation_positive_candidate,2019-07-23,204,85,80,"{""sim_day"": 85.0, ""doy"": 204.0, ""topwt"": 5269.73876953125, ""grnwt"": 0.0, ""xlai"": 3.116612195968628, ""totir"": 30.0, ""tofer"": NaN, ""swfac"": 0.0, ""nstres"": 0.0}",0.0,0.0,5269.73876953125,0.0,3.116612195968628,30.0,,0.0,0.0,30.0,150.0,0.6060119628906264,12.606011962890626,Leave_One_experiments/all_year_offline_schedule_search/daily_outputs/HLA/HLA_2019_HLA2019_normal_grid_S0015_daily.csv
HLA,HLA,Hailun,2019,Leave_One_experiments\wth_generated_qc\HLA\HLA2019.WTH,wet_year;nitrogen_stress_year;low_response_year,wet,HLA2019_normal_grid_S0015,irrigation_positive_candidate,2019-07-24,205,86,81,"{""sim_day"": 86.0, ""doy"": 205.0, ""topwt"": 5409.3011474609375, ""grnwt"": 0.0, ""xlai"": 3.150780439376831, ""totir"": 30.0, ""tofer"": NaN, ""swfac"": 0.0, ""nstres"": 0.0}",0.0,0.0,5409.3011474609375,0.0,3.150780439376831,30.0,,0.0,0.0,30.0,150.0,0.6060119628906264,12.606011962890626,Leave_One_experiments/all_year_offline_schedule_search/daily_outputs/HLA/HLA_2019_HLA2019_normal_grid_S0015_daily.csv
HLA,HLA,Hailun,2019,Leave_One_experiments\wth_generated_qc\HLA\HLA2019.WTH,wet_year;nitrogen_stress_year;low_response_year,wet,HLA2019_normal_grid_S0015,irrigation_positive_candidate,2019-07-25,206,87,82,"{""sim_day"": 87.0, ""doy"": 206.0, ""topwt"": 5542.9486083984375, ""grnwt"": 0.0, ""xlai"": 3.1828532218933105, ""totir"": 30.0, ""tofer"": NaN, ""swfac"": 0.0, ""nstres"": 0.0015283823013305}",0.0,0.0015283823013305,5542.9486083984375,0.0,3.1828532218933105,30.0,,0.0,0.0,30.0,150.0,0.6060119628906264,12.606011962890626,Leave_One_experiments/all_year_offline_schedule_search/daily_outputs/HLA/HLA_2019_HLA2019_normal_grid_S0015_daily.csv
HLA,HLA,Hailun,2019,Leave_One_experiments\wth_generated_qc\HLA\HLA2019.WTH,wet_year;nitrogen_stress_year;low_response_year,wet,HLA2019_normal_grid_S0015,irrigation_positive_candidate,2019-07-26,207,88,83,"{""sim_day"": 88.0, ""doy"": 207.0, ""topwt"": 5708.2708740234375, ""grnwt"": 0.0, ""xlai"": 3.22322416305542, ""totir"": 30.0, ""tofer"": NaN, ""swfac"": 0.0, ""nstres"": 0.0002581477165222}",0.0,0.0002581477165222,5708.2708740234375,0.0,3.22322416305542,30.0,,0.0,0.0,30.0,150.0,0.6060119628906264,12.606011962890626,Leave_One_experiments/all_year_offline_schedule_search/daily_outputs/HLA/HLA_2019_HLA2019_normal_grid_S0015_daily.csv
HLA,HLA,Hailun,2019,Leave_One_experiments\wth_generated_qc\HLA\HLA2019.WTH,wet_year;nitrogen_stress_year;low_response_year,wet,HLA2019_normal_grid_S0015,irrigation_positive_candidate,2019-07-27,208,89,84,"{""sim_day"": 89.0, ""doy"": 208.0, ""topwt"": 5900.65185546875, ""grnwt"": 0.0, ""xlai"": 3.069540977478028, ""totir"": 30.0, ""tofer"": NaN, ""swfac"": 0.0, ""nstres"": 0.0}",0.0,0.0,5900.65185546875,0.0,3.069540977478028,30.0,,0.0,0.0,30.0,150.0,0.6060119628906264,12.606011962890626,Leave_One_experiments/all_year_offline_schedule_search/daily_outputs/HLA/HLA_2019_HLA2019_normal_grid_S0015_daily.csv
HLA,HLA,Hailun,2019,Leave_One_experiments\wth_generated_qc\HLA\HLA2019.WTH,wet_year;nitrogen_stress_year;low_response_year,wet,HLA2019_normal_grid_S0015,irrigation_positive_candidate,2019-07-28,209,90,85,"{""sim_day"": 90.0, ""doy"": 209.0, ""topwt"": 6107.509765625, ""grnwt"": 0.0, ""xlai"": 3.0576000213623047, ""totir"": 30.0, ""tofer"": NaN, ""swfac"": 0.0, ""nstres"": 0.0}",0.0,0.0,6107.509765625,0.0,3.0576000213623047,30.0,,0.0,0.0,30.0,150.0,0.6060119628906264,12.606011962890626,Leave_One_experiments/all_year_offline_schedule_search/daily_outputs/HLA/HLA_2019_HLA2019_normal_grid_S0015_daily.csv
HLA,HLA,Hailun,2019,Leave_One_experiments\wth_generated_qc\HLA\HLA2019.WTH,wet_year;nitrogen_stress_year;low_response_year,wet,HLA2019_normal_grid_S0015,irrigation_positive_candidate,2019-07-29,210,91,86,"{""sim_day"": 91.0, ""doy"": 210.0, ""topwt"": 6254.151611328125, ""grnwt"": 0.0, ""xlai"": 3.045011281967163, ""totir"": 30.0, ""tofer"": NaN, ""swfac"": 0.0, ""nstres"": 0.0}",0.0,0.0,6254.151611328125,0.0,3.045011281967163,30.0,,0.0,0.0,30.0,150.0,0.6060119628906264,12.606011962890626,Leave_One_experiments/all_year_offline_schedule_search/daily_outputs/HLA/HLA_2019_HLA2019_normal_grid_S0015_daily.csv
HLA,HLA,Hailun,2019,Leave_One_experiments\wth_generated_qc\HLA\HLA2019.WTH,wet_year;nitrogen_stress_year;low_response_year,wet,HLA2019_normal_grid_S0015,irrigation_positive_candidate,2019-07-30,211,92,87,"{""sim_day"": 92.0, ""doy"": 211.0, ""topwt"": 6452.9052734375, ""grnwt"": 0.0, ""xlai"": 3.033151388168335, ""totir"": 30.0, ""tofer"": NaN, ""swfac"": 0.0, ""nstres"": 0.0}",0.0,0.0,6452.9052734375,0.0,3.033151388168335,30.0,,0.0,0.0,30.0,150.0,0.6060119628906264,12.606011962890626,Leave_One_experiments/all_year_offline_schedule_search/daily_outputs/HLA/HLA_2019_HLA2019_normal_grid_S0015_daily.csv
HLA,HLA,Hailun,2019,Leave_One_experiments\wth_generated_qc\HLA\HLA2019.WTH,wet_year;nitrogen_stress_year;low_response_year,wet,HLA2019_normal_grid_S0015,irrigation_positive_candidate,2019-07-31,212,93,88,"{""sim_day"": 93.0, ""doy"": 212.0, ""topwt"": 6737.018432617188, ""grnwt"": 0.0, ""xlai"": 3.021979331970215, ""totir"": 30.0, ""tofer"": NaN, ""swfac"": 0.0, ""nstres"": 0.0}",0.0,0.0,6737.018432617188,0.0,3.021979331970215,30.0,,0.0,0.0,30.0,150.0,0.6060119628906264,12.606011962890626,Leave_One_experiments/all_year_offline_schedule_search/daily_outputs/HLA/HLA_2019_HLA2019_normal_grid_S0015_daily.csv
HLA,HLA,Hailun,2019,Leave_One_experiments\wth_generated_qc\HLA\HLA2019.WTH,wet_year;nitrogen_stress_year;low_response_year,wet,HLA2019_normal_grid_S0015,irrigation_positive_candidate,2019-08-01,213,94,89,"{""sim_day"": 94.0, ""doy"": 213.0, ""topwt"": 7031.11083984375, ""grnwt"": 0.0, ""xlai"": 3.0104429721832275, ""totir"": 30.0, ""tofer"": NaN, ""swfac"": 0.0, ""nstres"": 0.0}",0.0,0.0,7031.11083984375,0.0,3.0104429721832275,30.0,,0.0,0.0,30.0,150.0,0.6060119628906264,12.606011962890626,Leave_One_experiments/all_year_offline_schedule_search/daily_outputs/HLA/HLA_2019_HLA2019_normal_grid_S0015_daily.csv
HLA,HLA,Hailun,2019,Leave_One_experiments\wth_generated_qc\HLA\HLA2019.WTH,wet_year;nitrogen_stress_year;low_response_year,wet,HLA2019_normal_grid_S0015,irrigation_positive_candidate,2019-08-02,214,95,90,"{""sim_day"": 95.0, ""doy"": 214.0, ""topwt"": 7261.542358398437, ""grnwt"": 0.0, ""xlai"": 2.9972469806671143, ""totir"": 30.0, ""tofer"": NaN, ""swfac"": 0.0, ""nstres"": 0.0}",0.0,0.0,7261.542358398437,0.0,2.9972469806671143,30.0,,0.0,0.0,30.0,150.0,0.6060119628906264,12.606011962890626,Leave_One_experiments/all_year_offline_schedule_search/daily_outputs/HLA/HLA_2019_HLA2019_normal_grid_S0015_daily.csv
HLA,HLA,Hailun,2019,Leave_One_experiments\wth_generated_qc\HLA\HLA2019.WTH,wet_year;nitrogen_stress_year;low_response_year,wet,HLA2019_normal_grid_S0015,irrigation_positive_candidate,2019-08-03,215,96,91,"{""sim_day"": 96.0, ""doy"": 215.0, ""topwt"": 7622.03369140625, ""grnwt"": 0.0, ""xlai"": 2.984537124633789, ""totir"": 30.0, ""tofer"": NaN, ""swfac"": 0.0, ""nstres"": 0.0}",0.0,0.0,7622.03369140625,0.0,2.984537124633789,30.0,,0.0,0.0,30.0,150.0,0.6060119628906264,12.606011962890626,Leave_One_experiments/all_year_offline_schedule_search/daily_outputs/HLA/HLA_2019_HLA2019_normal_grid_S0015_daily.csv
HLA,HLA,Hailun,2019,Leave_One_experiments\wth_generated_qc\HLA\HLA2019.WTH,wet_year;nitrogen_stress_year;low_response_year,wet,HLA2019_normal_grid_S0015,irrigation_positive_candidate,2019-08-04,216,97,92,"{""sim_day"": 97.0, ""doy"": 216.0, ""topwt"": 7920.4437255859375, ""grnwt"": 0.0, ""xlai"": 2.970248222351074, ""totir"": 30.0, ""tofer"": NaN, ""swfac"": 0.0, ""nstres"": 0.0}",0.0,0.0,7920.4437255859375,0.0,2.970248222351074,30.0,,0.0,0.0,30.0,150.0,0.6060119628906264,12.606011962890626,Leave_One_experiments/all_year_offline_schedule_search/daily_outputs/HLA/HLA_2019_HLA2019_normal_grid_S0015_daily.csv
HLA,HLA,Hailun,2019,Leave_One_experiments\wth_generated_qc\HLA\HLA2019.WTH,wet_year;nitrogen_stress_year;low_response_year,wet,HLA2019_normal_grid_S0015,irrigation_positive_candidate,2019-08-05,217,98,93,"{""sim_day"": 98.0, ""doy"": 217.0, ""topwt"": 8030.394287109375, ""grnwt"": 0.0, ""xlai"": 2.9588334560394287, ""totir"": 30.0, ""tofer"": NaN, ""swfac"": 0.0, ""nstres"": 0.0}",0.0,0.0,8030.394287109375,0.0,2.9588334560394287,30.0,,0.0,0.0,30.0,150.0,0.6060119628906264,12.606011962890626,Leave_One_experiments/all_year_offline_schedule_search/daily_outputs/HLA/HLA_2019_HLA2019_normal_grid_S0015_daily.csv
HLA,HLA,Hailun,2019,Leave_One_experiments\wth_generated_qc\HLA\HLA2019.WTH,wet_year;nitrogen_stress_year;low_response_year,wet,HLA2019_normal_grid_S0015,irrigation_positive_candidate,2019-08-06,218,99,94,"{""sim_day"": 99.0, ""doy"": 218.0, ""topwt"": 8096.737060546875, ""grnwt"": 0.0, ""xlai"": 2.948390245437622, ""totir"": 30.0, ""tofer"": NaN, ""swfac"": 0.0, ""nstres"": 0.0}",0.0,0.0,8096.737060546875,0.0,2.948390245437622,30.0,,0.0,0.0,30.0,150.0,0.6060119628906264,12.606011962890626,Leave_One_experiments/all_year_offline_schedule_search/daily_outputs/HLA/HLA_2019_HLA2019_normal_grid_S0015_daily.csv
HLA,HLA,Hailun,2019,Leave_One_experiments\wth_generated_qc\HLA\HLA2019.WTH,wet_year;nitrogen_stress_year;low_response_year,wet,HLA2019_normal_grid_S0015,irrigation_positive_candidate,2019-08-07,219,100,95,"{""sim_day"": 100.0, ""doy"": 219.0, ""topwt"": 8119.9774169921875, ""grnwt"": 0.0, ""xlai"": 2.940375328063965, ""totir"": 30.0, ""tofer"": NaN, ""swfac"": 0.0, ""nstres"": 0.0}",0.0,0.0,8119.9774169921875,0.0,2.940375328063965,30.0,,0.0,0.0,30.0,150.0,0.6060119628906264,12.606011962890626,Leave_One_experiments/all_year_offline_schedule_search/daily_outputs/HLA/HLA_2019_HLA2019_normal_grid_S0015_daily.csv
HLA,HLA,Hailun,2019,Leave_One_experiments\wth_generated_qc\HLA\HLA2019.WTH,wet_year;nitrogen_stress_year;low_response_year,wet,HLA2019_normal_grid_S0015,irrigation_positive_candidate,2019-08-08,220,101,96,"{""sim_day"": 101.0, ""doy"": 220.0, ""topwt"": 8233.06396484375, ""grnwt"": 125.1938247680664, ""xlai"": 2.875183582305908, ""totir"": 30.0, ""tofer"": NaN, ""swfac"": 0.0, ""nstres"": 0.0}",0.0,0.0,8233.06396484375,125.1938247680664,2.875183582305908,30.0,,0.0,0.0,30.0,150.0,0.6060119628906264,12.606011962890626,Leave_One_experiments/all_year_offline_schedule_search/daily_outputs/HLA/HLA_2019_HLA2019_normal_grid_S0015_daily.csv
HLA,HLA,Hailun,2019,Leave_One_experiments\wth_generated_qc\HLA\HLA2019.WTH,wet_year;nitrogen_stress_year;low_response_year,wet,HLA2019_normal_grid_S0015,irrigation_positive_candidate,2019-08-09,221,102,97,"{""sim_day"": 102.0, ""doy"": 221.0, ""topwt"": 8370.364990234375, ""grnwt"": 250.3876495361328, ""xlai"": 2.867856502532959, ""totir"": 30.0, ""tofer"": NaN, ""swfac"": 0.0, ""nstres"": 0.0}",0.0,0.0,8370.364990234375,250.3876495361328,2.867856502532959,30.0,,0.0,0.0,30.0,150.0,0.6060119628906264,12.606011962890626,Leave_One_experiments/all_year_offline_schedule_search/daily_outputs/HLA/HLA_2019_HLA2019_normal_grid_S0015_daily.csv
HLA,HLA,Hailun,2019,Leave_One_experiments\wth_generated_qc\HLA\HLA2019.WTH,wet_year;nitrogen_stress_year;low_response_year,wet,HLA2019_normal_grid_S0015,irrigation_positive_candidate,2019-08-10,222,103,98,"{""sim_day"": 103.0, ""doy"": 222.0, ""topwt"": 8495.55908203125, ""grnwt"": 375.58143615722656, ""xlai"": 2.859711170196533, ""totir"": 30.0, ""tofer"": NaN, ""swfac"": 0.0, ""nstres"": 0.0}",0.0,0.0,8495.55908203125,375.58143615722656,2.859711170196533,30.0,,0.0,0.0,30.0,150.0,0.6060119628906264,12.606011962890626,Leave_One_experiments/all_year_offline_schedule_search/daily_outputs/HLA/HLA_2019_HLA2019_normal_grid_S0015_daily.csv
HLA,HLA,Hailun,2019,Leave_One_experiments\wth_generated_qc\HLA\HLA2019.WTH,wet_year;nitrogen_stress_year;low_response_year,wet,HLA2019_normal_grid_S0015,irrigation_positive_candidate,2019-08-11,223,104,99,"{""sim_day"": 104.0, ""doy"": 223.0, ""topwt"": 8620.752563476562, ""grnwt"": 500.7752990722656, ""xlai"": 2.849698305130005, ""totir"": 30.0, ""tofer"": NaN, ""swfac"": 0.0, ""nstres"": 0.0}",0.0,0.0,8620.752563476562,500.7752990722656,2.849698305130005,30.0,,0.0,0.0,30.0,150.0,0.6060119628906264,12.606011962890626,Leave_One_experiments/all_year_offline_schedule_search/daily_outputs/HLA/HLA_2019_HLA2019_normal_grid_S0015_daily.csv
HLA,HLA,Hailun,2019,Leave_One_experiments\wth_generated_qc\HLA\HLA2019.WTH,wet_year;nitrogen_stress_year;low_response_year,wet,HLA2019_normal_grid_S0015,irrigation_positive_candidate,2019-08-12,224,105,100,"{""sim_day"": 105.0, ""doy"": 224.0, ""topwt"": 8745.946655273438, ""grnwt"": 625.969123840332, ""xlai"": 2.836712598800659, ""totir"": 30.0, ""tofer"": NaN, ""swfac"": 0.0, ""nstres"": 0.0}",0.0,0.0,8745.946655273438,625.969123840332,2.836712598800659,30.0,,0.0,0.0,30.0,150.0,0.6060119628906264,12.606011962890626,Leave_One_experiments/all_year_offline_schedule_search/daily_outputs/HLA/HLA_2019_HLA2019_normal_grid_S0015_daily.csv
HLA,HLA,Hailun,2019,Leave_One_experiments\wth_generated_qc\HLA\HLA2019.WTH,wet_year;nitrogen_stress_year;low_response_year,wet,HLA2019_normal_grid_S0015,irrigation_positive_candidate,2019-08-13,225,106,101,"{""sim_day"": 106.0, ""doy"": 225.0, ""topwt"": 8871.141357421875, ""grnwt"": 751.1629486083984, ""xlai"": 2.8199636936187744, ""totir"": 30.0, ""tofer"": NaN, ""swfac"": 0.0, ""nstres"": 0.0}",0.0,0.0,8871.141357421875,751.1629486083984,2.8199636936187744,30.0,,0.0,0.0,30.0,150.0,0.6060119628906264,12.606011962890626,Leave_One_experiments/all_year_offline_schedule_search/daily_outputs/HLA/HLA_2019_HLA2019_normal_grid_S0015_daily.csv
HLA,HLA,Hailun,2019,Leave_One_experiments\wth_generated_qc\HLA\HLA2019.WTH,wet_year;nitrogen_stress_year;low_response_year,wet,HLA2019_normal_grid_S0015,irrigation_positive_candidate,2019-08-14,226,107,102,"{""sim_day"": 107.0, ""doy"": 226.0, ""topwt"": 8996.334838867188, ""grnwt"": 876.3568115234375, ""xlai"": 2.8021090030670166, ""totir"": 30.0, ""tofer"": NaN, ""swfac"": 0.0, ""nstres"": 0.0}",0.0,0.0,8996.334838867188,876.3568115234375,2.8021090030670166,30.0,,0.0,0.0,30.0,150.0,0.6060119628906264,12.606011962890626,Leave_One_experiments/all_year_offline_schedule_search/daily_outputs/HLA/HLA_2019_HLA2019_normal_grid_S0015_daily.csv
HLA,HLA,Hailun,2019,Leave_One_experiments\wth_generated_qc\HLA\HLA2019.WTH,wet_year;nitrogen_stress_year;low_response_year,wet,HLA2019_normal_grid_S0015,irrigation_positive_candidate,2019-08-15,227,108,103,"{""sim_day"": 108.0, ""doy"": 227.0, ""topwt"": 9072.496337890623, ""grnwt"": 1001.5505981445312, ""xlai"": 2.78568959236145, ""totir"": 30.0, ""tofer"": NaN, ""swfac"": 0.0, ""nstres"": 0.0}",0.0,0.0,9072.496337890623,1001.5505981445312,2.78568959236145,30.0,,0.0,0.0,30.0,150.0,0.6060119628906264,12.606011962890626,Leave_One_experiments/all_year_offline_schedule_search/daily_outputs/HLA/HLA_2019_HLA2019_normal_grid_S0015_daily.csv
HLA,HLA,Hailun,2019,Leave_One_experiments\wth_generated_qc\HLA\HLA2019.WTH,wet_year;nitrogen_stress_year;low_response_year,wet,HLA2019_normal_grid_S0015,irrigation_positive_candidate,2019-08-16,228,109,104,"{""sim_day"": 109.0, ""doy"": 228.0, ""topwt"": 9210.186767578123, ""grnwt"": 1126.744384765625, ""xlai"": 2.7702109813690186, ""totir"": 30.0, ""tofer"": NaN, ""swfac"": 0.0, ""nstres"": 0.0}",0.0,0.0,9210.186767578123,1126.744384765625,2.7702109813690186,30.0,,0.0,0.0,30.0,150.0,0.6060119628906264,12.606011962890626,Leave_One_experiments/all_year_offline_schedule_search/daily_outputs/HLA/HLA_2019_HLA2019_normal_grid_S0015_daily.csv
HLA,HLA,Hailun,2019,Leave_One_experiments\wth_generated_qc\HLA\HLA2019.WTH,wet_year;nitrogen_stress_year;low_response_year,wet,HLA2019_normal_grid_S0015,irrigation_positive_candidate,2019-08-17,229,110,105,"{""sim_day"": 110.0, ""doy"": 229.0, ""topwt"": 9362.5537109375, ""grnwt"": 1251.9381713867188, ""xlai"": 2.753624200820923, ""totir"": 30.0, ""tofer"": NaN, ""swfac"": 0.0, ""nstres"": 0.0}",0.0,0.0,9362.5537109375,1251.9381713867188,2.753624200820923,30.0,,0.0,0.0,30.0,150.0,0.6060119628906264,12.606011962890626,Leave_One_experiments/all_year_offline_schedule_search/daily_outputs/HLA/HLA_2019_HLA2019_normal_grid_S0015_daily.csv
HLA,HLA,Hailun,2019,Leave_One_experiments\wth_generated_qc\HLA\HLA2019.WTH,wet_year;nitrogen_stress_year;low_response_year,wet,HLA2019_normal_grid_S0015,irrigation_positive_candidate,2019-08-18,230,111,106,"{""sim_day"": 111.0, ""doy"": 230.0, ""topwt"": 9497.109985351562, ""grnwt"": 1377.1319580078125, ""xlai"": 2.735629081726074, ""totir"": 30.0, ""tofer"": NaN, ""swfac"": 0.0, ""nstres"": 0.0}",0.0,0.0,9497.109985351562,1377.1319580078125,2.735629081726074,30.0,,0.0,0.0,30.0,150.0,0.6060119628906264,12.606011962890626,Leave_One_experiments/all_year_offline_schedule_search/daily_outputs/HLA/HLA_2019_HLA2019_normal_grid_S0015_daily.csv
HLA,HLA,Hailun,2019,Leave_One_experiments\wth_generated_qc\HLA\HLA2019.WTH,wet_year;nitrogen_stress_year;low_response_year,wet,HLA2019_normal_grid_S0015,irrigation_positive_candidate,2019-08-19,231,112,107,"{""sim_day"": 112.0, ""doy"": 231.0, ""topwt"": 9622.303466796877, ""grnwt"": 1502.3257446289062, ""xlai"": 2.720322370529175, ""totir"": 30.0, ""tofer"": NaN, ""swfac"": 0.0, ""nstres"": 0.0049390196800231}",0.0,0.0049390196800231,9622.303466796877,1502.3257446289062,2.720322370529175,30.0,,0.0,0.0,30.0,150.0,0.6060119628906264,12.606011962890626,Leave_One_experiments/all_year_offline_schedule_search/daily_outputs/HLA/HLA_2019_HLA2019_normal_grid_S0015_daily.csv
HLA,HLA,Hailun,2019,Leave_One_experiments\wth_generated_qc\HLA\HLA2019.WTH,wet_year;nitrogen_stress_year;low_response_year,wet,HLA2019_normal_grid_S0015,irrigation_positive_candidate,2019-08-20,232,113,108,"{""sim_day"": 113.0, ""doy"": 232.0, ""topwt"": 9689.462280273438, ""grnwt"": 1627.51953125, ""xlai"": 2.700068712234497, ""totir"": 30.0, ""tofer"": NaN, ""swfac"": 0.0, ""nstres"": 0.0136077404022216}",0.0,0.0136077404022216,9689.462280273438,1627.51953125,2.700068712234497,30.0,,0.0,0.0,30.0,150.0,0.6060119628906264,12.606011962890626,Leave_One_experiments/all_year_offline_schedule_search/daily_outputs/HLA/HLA_2019_HLA2019_normal_grid_S0015_daily.csv
HLA,HLA,Hailun,2019,Leave_One_experiments\wth_generated_qc\HLA\HLA2019.WTH,wet_year;nitrogen_stress_year;low_response_year,wet,HLA2019_normal_grid_S0015,irrigation_positive_candidate,2019-08-21,233,114,109,"{""sim_day"": 114.0, ""doy"": 233.0, ""topwt"": 9850.91064453125, ""grnwt"": 1752.7133178710938, ""xlai"": 2.677351951599121, ""totir"": 30.0, ""tofer"": NaN, ""swfac"": 0.0, ""nstres"": 0.0208954811096191}",0.0,0.0208954811096191,9850.91064453125,1752.7133178710938,2.677351951599121,30.0,,0.0,0.0,30.0,150.0,0.6060119628906264,12.606011962890626,Leave_One_experiments/all_year_offline_schedule_search/daily_outputs/HLA/HLA_2019_HLA2019_normal_grid_S0015_daily.csv
HLA,HLA,Hailun,2019,Leave_One_experiments\wth_generated_qc\HLA\HLA2019.WTH,wet_year;nitrogen_stress_year;low_response_year,wet,HLA2019_normal_grid_S0015,irrigation_positive_candidate,2019-08-22,234,115,110,"{""sim_day"": 115.0, ""doy"": 234.0, ""topwt"": 9997.885131835938, ""grnwt"": 1877.9071044921875, ""xlai"": 2.655079841613769, ""totir"": 30.0, ""tofer"": NaN, ""swfac"": 0.0, ""nstres"": 0.0233439207077026}",0.0,0.0233439207077026,9997.885131835938,1877.9071044921875,2.655079841613769,30.0,,0.0,0.0,30.0,150.0,0.6060119628906264,12.606011962890626,Leave_One_experiments/all_year_offline_schedule_search/daily_outputs/HLA/HLA_2019_HLA2019_normal_grid_S0015_daily.csv
HLA,HLA,Hailun,2019,Leave_One_experiments\wth_generated_qc\HLA\HLA2019.WTH,wet_year;nitrogen_stress_year;low_response_year,wet,HLA2019_normal_grid_S0015,irrigation_positive_candidate,2019-08-23,235,116,111,"{""sim_day"": 116.0, ""doy"": 235.0, ""topwt"": 10123.07861328125, ""grnwt"": 2003.1008911132808, ""xlai"": 2.6283414363861084, ""totir"": 30.0, ""tofer"": NaN, ""swfac"": 0.0, ""nstres"": 0.0349215269088745}",0.0,0.0349215269088745,10123.07861328125,2003.1008911132808,2.6283414363861084,30.0,,0.0,0.0,30.0,150.0,0.6060119628906264,12.606011962890626,Leave_One_experiments/all_year_offline_schedule_search/daily_outputs/HLA/HLA_2019_HLA2019_normal_grid_S0015_daily.csv
HLA,HLA,Hailun,2019,Leave_One_experiments\wth_generated_qc\HLA\HLA2019.WTH,wet_year;nitrogen_stress_year;low_response_year,wet,HLA2019_normal_grid_S0015,irrigation_positive_candidate,2019-08-24,236,117,112,"{""sim_day"": 117.0, ""doy"": 236.0, ""topwt"": 10248.272705078123, ""grnwt"": 2128.294677734375, ""xlai"": 2.6004910469055176, ""totir"": 30.0, ""tofer"": NaN, ""swfac"": 0.0, ""nstres"": 0.0452503561973571}",0.0,0.0452503561973571,10248.272705078123,2128.294677734375,2.6004910469055176,30.0,,0.0,0.0,30.0,150.0,0.6060119628906264,12.606011962890626,Leave_One_experiments/all_year_offline_schedule_search/daily_outputs/HLA/HLA_2019_HLA2019_normal_grid_S0015_daily.csv
HLA,HLA,Hailun,2019,Leave_One_experiments\wth_generated_qc\HLA\HLA2019.WTH,wet_year;nitrogen_stress_year;low_response_year,wet,HLA2019_normal_grid_S0015,irrigation_positive_candidate,2019-08-25,237,118,113,"{""sim_day"": 118.0, ""doy"": 237.0, ""topwt"": 10373.466796875, ""grnwt"": 2253.4884643554688, ""xlai"": 2.5683419704437256, ""totir"": 30.0, ""tofer"": NaN, ""swfac"": 0.0, ""nstres"": 0.0528795719146728}",0.0,0.0528795719146728,10373.466796875,2253.4884643554688,2.5683419704437256,30.0,,0.0,0.0,30.0,150.0,0.6060119628906264,12.606011962890626,Leave_One_experiments/all_year_offline_schedule_search/daily_outputs/HLA/HLA_2019_HLA2019_normal_grid_S0015_daily.csv
HLA,HLA,Hailun,2019,Leave_One_experiments\wth_generated_qc\HLA\HLA2019.WTH,wet_year;nitrogen_stress_year;low_response_year,wet,HLA2019_normal_grid_S0015,irrigation_positive_candidate,2019-08-26,238,119,114,"{""sim_day"": 119.0, ""doy"": 238.0, ""topwt"": 10498.65966796875, ""grnwt"": 2378.6822509765625, ""xlai"": 2.531646728515625, ""totir"": 30.0, ""tofer"": NaN, ""swfac"": 0.0, ""nstres"": 0.0601799488067626}",0.0,0.0601799488067626,10498.65966796875,2378.6822509765625,2.531646728515625,30.0,,0.0,0.0,30.0,150.0,0.6060119628906264,12.606011962890626,Leave_One_experiments/all_year_offline_schedule_search/daily_outputs/HLA/HLA_2019_HLA2019_normal_grid_S0015_daily.csv
HLA,HLA,Hailun,2019,Leave_One_experiments\wth_generated_qc\HLA\HLA2019.WTH,wet_year;nitrogen_stress_year;low_response_year,wet,HLA2019_normal_grid_S0015,irrigation_positive_candidate,2019-08-27,239,120,115,"{""sim_day"": 120.0, ""doy"": 239.0, ""topwt"": 10623.853759765623, ""grnwt"": 2503.876037597656, ""xlai"": 2.4963197708129883, ""totir"": 30.0, ""tofer"": NaN, ""swfac"": 0.0, ""nstres"": 0.0684928894042968}",0.0,0.0684928894042968,10623.853759765623,2503.876037597656,2.4963197708129883,30.0,,0.0,0.0,30.0,150.0,0.6060119628906264,12.606011962890626,Leave_One_experiments/all_year_offline_schedule_search/daily_outputs/HLA/HLA_2019_HLA2019_normal_grid_S0015_daily.csv
HLA,HLA,Hailun,2019,Leave_One_experiments\wth_generated_qc\HLA\HLA2019.WTH,wet_year;nitrogen_stress_year;low_response_year,wet,HLA2019_normal_grid_S0015,irrigation_positive_candidate,2019-08-28,240,121,116,"{""sim_day"": 121.0, ""doy"": 240.0, ""topwt"": 10749.0478515625, ""grnwt"": 2629.06982421875, ""xlai"": 2.467014074325561, ""totir"": 30.0, ""tofer"": NaN, ""swfac"": 0.0, ""nstres"": 0.0785573124885559}",0.0,0.0785573124885559,10749.0478515625,2629.06982421875,2.467014074325561,30.0,,0.0,0.0,30.0,150.0,0.6060119628906264,12.606011962890626,Leave_One_experiments/all_year_offline_schedule_search/daily_outputs/HLA/HLA_2019_HLA2019_normal_grid_S0015_daily.csv
HLA,HLA,Hailun,2019,Leave_One_experiments\wth_generated_qc\HLA\HLA2019.WTH,wet_year;nitrogen_stress_year;low_response_year,wet,HLA2019_normal_grid_S0015,irrigation_positive_candidate,2019-08-29,241,122,117,"{""sim_day"": 122.0, ""doy"": 241.0, ""topwt"": 10874.241943359377, ""grnwt"": 2754.263610839844, ""xlai"": 2.4271605014801025, ""totir"": 30.0, ""tofer"": NaN, ""swfac"": 0.0, ""nstres"": 0.0867848396301269}",0.0,0.0867848396301269,10874.241943359377,2754.263610839844,2.4271605014801025,30.0,,0.0,0.0,30.0,150.0,0.6060119628906264,12.606011962890626,Leave_One_experiments/all_year_offline_schedule_search/daily_outputs/HLA/HLA_2019_HLA2019_normal_grid_S0015_daily.csv
HLA,HLA,Hailun,2019,Leave_One_experiments\wth_generated_qc\HLA\HLA2019.WTH,wet_year;nitrogen_stress_year;low_response_year,wet,HLA2019_normal_grid_S0015,irrigation_positive_candidate,2019-08-30,242,123,118,"{""sim_day"": 123.0, ""doy"": 242.0, ""topwt"": 10999.43603515625, ""grnwt"": 2879.457397460937, ""xlai"": 2.3941845893859863, ""totir"": 30.0, ""tofer"": NaN, ""swfac"": 0.0, ""nstres"": 0.0971567630767822}",0.0,0.0971567630767822,10999.43603515625,2879.457397460937,2.3941845893859863,30.0,,0.0,0.0,30.0,150.0,0.6060119628906264,12.606011962890626,Leave_One_experiments/all_year_offline_schedule_search/daily_outputs/HLA/HLA_2019_HLA2019_normal_grid_S0015_daily.csv
HLA,HLA,Hailun,2019,Leave_One_experiments\wth_generated_qc\HLA\HLA2019.WTH,wet_year;nitrogen_stress_year;low_response_year,wet,HLA2019_normal_grid_S0015,irrigation_positive_candidate,2019-08-31,243,124,119,"{""sim_day"": 124.0, ""doy"": 243.0, ""topwt"": 11124.62890625, ""grnwt"": 3004.6511840820312, ""xlai"": 2.351159811019897, ""totir"": 30.0, ""tofer"": NaN, ""swfac"": 0.0, ""nstres"": 0.1063214540481567}",0.0,0.1063214540481567,11124.62890625,3004.6511840820312,2.351159811019897,30.0,,0.0,0.0,30.0,150.0,0.6060119628906264,12.606011962890626,Leave_One_experiments/all_year_offline_schedule_search/daily_outputs/HLA/HLA_2019_HLA2019_normal_grid_S0015_daily.csv
HLA,HLA,Hailun,2019,Leave_One_experiments\wth_generated_qc\HLA\HLA2019.WTH,wet_year;nitrogen_stress_year;low_response_year,wet,HLA2019_normal_grid_S0015,irrigation_positive_candidate,2019-09-01,244,125,120,"{""sim_day"": 125.0, ""doy"": 244.0, ""topwt"": 11249.822998046877, ""grnwt"": 3129.844970703125, ""xlai"": 2.3152849674224854, ""totir"": 30.0, ""tofer"": NaN, ""swfac"": 0.0, ""nstres"": 0.1169739961624145}",0.0,0.1169739961624145,11249.822998046877,3129.844970703125,2.3152849674224854,30.0,,0.0,0.0,30.0,150.0,0.6060119628906264,12.606011962890626,Leave_One_experiments/all_year_offline_schedule_search/daily_outputs/HLA/HLA_2019_HLA2019_normal_grid_S0015_daily.csv
HLA,HLA,Hailun,2019,Leave_One_experiments\wth_generated_qc\HLA\HLA2019.WTH,wet_year;nitrogen_stress_year;low_response_year,wet,HLA2019_normal_grid_S0015,irrigation_positive_candidate,2019-09-02,245,126,121,"{""sim_day"": 126.0, ""doy"": 245.0, ""topwt"": 11375.01708984375, ""grnwt"": 3255.0387573242188, ""xlai"": 2.2727928161621094, ""totir"": 30.0, ""tofer"": NaN, ""swfac"": 0.0, ""nstres"": 0.1270846128463745}",0.0,0.1270846128463745,11375.01708984375,3255.0387573242188,2.2727928161621094,30.0,,0.0,0.0,30.0,150.0,0.6060119628906264,12.606011962890626,Leave_One_experiments/all_year_offline_schedule_search/daily_outputs/HLA/HLA_2019_HLA2019_normal_grid_S0015_daily.csv
HLA,HLA,Hailun,2019,Leave_One_experiments\wth_generated_qc\HLA\HLA2019.WTH,wet_year;nitrogen_stress_year;low_response_year,wet,HLA2019_normal_grid_S0015,irrigation_positive_candidate,2019-09-03,246,127,122,"{""sim_day"": 127.0, ""doy"": 246.0, ""topwt"": 11500.2099609375, ""grnwt"": 3380.2325439453125, ""xlai"": 2.214362382888794, ""totir"": 30.0, ""tofer"": NaN, ""swfac"": 0.0, ""nstres"": 0.1354821920394897}",0.0,0.1354821920394897,11500.2099609375,3380.2325439453125,2.214362382888794,30.0,,0.0,0.0,30.0,150.0,0.6060119628906264,12.606011962890626,Leave_One_experiments/all_year_offline_schedule_search/daily_outputs/HLA/HLA_2019_HLA2019_normal_grid_S0015_daily.csv
HLA,HLA,Hailun,2019,Leave_One_experiments\wth_generated_qc\HLA\HLA2019.WTH,wet_year;nitrogen_stress_year;low_response_year,wet,HLA2019_normal_grid_S0015,irrigation_positive_candidate,2019-09-04,247,128,123,"{""sim_day"": 128.0, ""doy"": 247.0, ""topwt"": 11625.404052734377, ""grnwt"": 3505.4263305664062, ""xlai"": 2.139448881149292, ""totir"": 30.0, ""tofer"": NaN, ""swfac"": 0.0, ""nstres"": 0.1423527002334594}",0.0,0.1423527002334594,11625.404052734377,3505.4263305664062,2.139448881149292,30.0,,0.0,0.0,30.0,150.0,0.6060119628906264,12.606011962890626,Leave_One_experiments/all_year_offline_schedule_search/daily_outputs/HLA/HLA_2019_HLA2019_normal_grid_S0015_daily.csv
HLA,HLA,Hailun,2019,Leave_One_experiments\wth_generated_qc\HLA\HLA2019.WTH,wet_year;nitrogen_stress_year;low_response_year,wet,HLA2019_normal_grid_S0015,irrigation_positive_candidate,2019-09-05,248,129,124,"{""sim_day"": 129.0, ""doy"": 248.0, ""topwt"": 11750.59814453125, ""grnwt"": 3630.6201171875, ""xlai"": 2.0622215270996094, ""totir"": 30.0, ""tofer"": NaN, ""swfac"": 0.0, ""nstres"": 0.1499765515327453}",0.0,0.1499765515327453,11750.59814453125,3630.6201171875,2.0622215270996094,30.0,,0.0,0.0,30.0,150.0,0.6060119628906264,12.606011962890626,Leave_One_experiments/all_year_offline_schedule_search/daily_outputs/HLA/HLA_2019_HLA2019_normal_grid_S0015_daily.csv
HLA,HLA,Hailun,2019,Leave_One_experiments\wth_generated_qc\HLA\HLA2019.WTH,wet_year;nitrogen_stress_year;low_response_year,wet,HLA2019_normal_grid_S0015,irrigation_positive_candidate,2019-09-06,249,130,125,"{""sim_day"": 130.0, ""doy"": 249.0, ""topwt"": 11875.792236328123, ""grnwt"": 3755.8139038085938, ""xlai"": 1.986340045928955, ""totir"": 30.0, ""tofer"": NaN, ""swfac"": 0.0, ""nstres"": 0.1583949923515319}",0.0,0.1583949923515319,11875.792236328123,3755.8139038085938,1.986340045928955,30.0,,0.0,0.0,30.0,150.0,0.6060119628906264,12.606011962890626,Leave_One_experiments/all_year_offline_schedule_search/daily_outputs/HLA/HLA_2019_HLA2019_normal_grid_S0015_daily.csv
HLA,HLA,Hailun,2019,Leave_One_experiments\wth_generated_qc\HLA\HLA2019.WTH,wet_year;nitrogen_stress_year;low_response_year,wet,HLA2019_normal_grid_S0015,irrigation_positive_candidate,2019-09-07,250,131,126,"{""sim_day"": 131.0, ""doy"": 250.0, ""topwt"": 12000.986328125, ""grnwt"": 3881.007690429688, ""xlai"": 1.9066615104675293, ""totir"": 30.0, ""tofer"": NaN, ""swfac"": 0.0, ""nstres"": 0.1670293807983398}",0.0,0.1670293807983398,12000.986328125,3881.007690429688,1.9066615104675293,30.0,,0.0,0.0,30.0,150.0,0.6060119628906264,12.606011962890626,Leave_One_experiments/all_year_offline_schedule_search/daily_outputs/HLA/HLA_2019_HLA2019_normal_grid_S0015_daily.csv
HLA,HLA,Hailun,2019,Leave_One_experiments\wth_generated_qc\HLA\HLA2019.WTH,wet_year;nitrogen_stress_year;low_response_year,wet,HLA2019_normal_grid_S0015,irrigation_positive_candidate,2019-09-08,251,132,127,"{""sim_day"": 132.0, ""doy"": 251.0, ""topwt"": 12106.505126953123, ""grnwt"": 3986.5283203125, ""xlai"": 1.8638509511947632, ""totir"": 30.0, ""tofer"": NaN, ""swfac"": 0.0, ""nstres"": 0.1796250939369201}",0.0,0.1796250939369201,12106.505126953123,3986.5283203125,1.8638509511947632,30.0,,0.0,0.0,30.0,150.0,0.6060119628906264,12.606011962890626,Leave_One_experiments/all_year_offline_schedule_search/daily_outputs/HLA/HLA_2019_HLA2019_normal_grid_S0015_daily.csv
HLA,HLA,Hailun,2019,Leave_One_experiments\wth_generated_qc\HLA\HLA2019.WTH,wet_year;nitrogen_stress_year;low_response_year,wet,HLA2019_normal_grid_S0015,irrigation_positive_candidate,2019-09-09,252,133,128,"{""sim_day"": 133.0, ""doy"": 252.0, ""topwt"": 12167.91015625, ""grnwt"": 4047.932739257813, ""xlai"": 1.8193038702011108, ""totir"": 30.0, ""tofer"": NaN, ""swfac"": 0.0, ""nstres"": 0.1912043094635009}",0.0,0.1912043094635009,12167.91015625,4047.932739257813,1.8193038702011108,30.0,,0.0,0.0,30.0,150.0,0.6060119628906264,12.606011962890626,Leave_One_experiments/all_year_offline_schedule_search/daily_outputs/HLA/HLA_2019_HLA2019_normal_grid_S0015_daily.csv
HLA,HLA,Hailun,2019,Leave_One_experiments\wth_generated_qc\HLA\HLA2019.WTH,wet_year;nitrogen_stress_year;low_response_year,wet,HLA2019_normal_grid_S0015,irrigation_positive_candidate,2019-09-10,253,134,129,"{""sim_day"": 134.0, ""doy"": 253.0, ""topwt"": 12269.2578125, ""grnwt"": 4149.280090332031, ""xlai"": 1.774839997291565, ""totir"": 30.0, ""tofer"": NaN, ""swfac"": 0.0, ""nstres"": 0.1955201029777526}",0.0,0.1955201029777526,12269.2578125,4149.280090332031,1.774839997291565,30.0,,0.0,0.0,30.0,150.0,0.6060119628906264,12.606011962890626,Leave_One_experiments/all_year_offline_schedule_search/daily_outputs/HLA/HLA_2019_HLA2019_normal_grid_S0015_daily.csv
HLA,HLA,Hailun,2019,Leave_One_experiments\wth_generated_qc\HLA\HLA2019.WTH,wet_year;nitrogen_stress_year;low_response_year,wet,HLA2019_normal_grid_S0015,irrigation_positive_candidate,2019-09-11,254,135,130,"{""sim_day"": 135.0, ""doy"": 254.0, ""topwt"": 12394.45068359375, ""grnwt"": 4274.473876953125, ""xlai"": 1.7295122146606443, ""totir"": 30.0, ""tofer"": NaN, ""swfac"": 0.0, ""nstres"": 0.2129358649253845}",0.0,0.2129358649253845,12394.45068359375,4274.473876953125,1.7295122146606443,30.0,,0.0,0.0,30.0,150.0,0.6060119628906264,12.606011962890626,Leave_One_experiments/all_year_offline_schedule_search/daily_outputs/HLA/HLA_2019_HLA2019_normal_grid_S0015_daily.csv
HLA,HLA,Hailun,2019,Leave_One_experiments\wth_generated_qc\HLA\HLA2019.WTH,wet_year;nitrogen_stress_year;low_response_year,wet,HLA2019_normal_grid_S0015,irrigation_positive_candidate,2019-09-12,255,136,131,"{""sim_day"": 136.0, ""doy"": 255.0, ""topwt"": 12432.166748046877, ""grnwt"": 4390.129089355469, ""xlai"": 1.6826817989349363, ""totir"": 30.0, ""tofer"": NaN, ""swfac"": 0.0, ""nstres"": 0.2498536705970764}",0.0,0.2498536705970764,12432.166748046877,4390.129089355469,1.6826817989349363,30.0,,0.0,0.0,30.0,150.0,0.6060119628906264,12.606011962890626,Leave_One_experiments/all_year_offline_schedule_search/daily_outputs/HLA/HLA_2019_HLA2019_normal_grid_S0015_daily.csv
HLA,HLA,Hailun,2019,Leave_One_experiments\wth_generated_qc\HLA\HLA2019.WTH,wet_year;nitrogen_stress_year;low_response_year,wet,HLA2019_normal_grid_S0015,irrigation_positive_candidate,2019-09-13,256,137,132,"{""sim_day"": 137.0, ""doy"": 256.0, ""topwt"": 12584.984130859377, ""grnwt"": 4494.4573974609375, ""xlai"": 1.6347646713256836, ""totir"": 30.0, ""tofer"": NaN, ""swfac"": 0.0, ""nstres"": 0.2834399342536926}",0.0,0.2834399342536926,12584.984130859377,4494.4573974609375,1.6347646713256836,30.0,,0.0,0.0,30.0,150.0,0.6060119628906264,12.606011962890626,Leave_One_experiments/all_year_offline_schedule_search/daily_outputs/HLA/HLA_2019_HLA2019_normal_grid_S0015_daily.csv
HLA,HLA,Hailun,2019,Leave_One_experiments\wth_generated_qc\HLA\HLA2019.WTH,wet_year;nitrogen_stress_year;low_response_year,wet,HLA2019_normal_grid_S0015,irrigation_positive_candidate,2019-09-14,257,138,133,"{""sim_day"": 138.0, ""doy"": 257.0, ""topwt"": 12733.21533203125, ""grnwt"": 4619.65087890625, ""xlai"": 1.5877642631530762, ""totir"": 30.0, ""tofer"": NaN, ""swfac"": 0.0, ""nstres"": 0.2900139093399048}",0.0,0.2900139093399048,12733.21533203125,4619.65087890625,1.5877642631530762,30.0,,0.0,0.0,30.0,150.0,0.6060119628906264,12.606011962890626,Leave_One_experiments/all_year_offline_schedule_search/daily_outputs/HLA/HLA_2019_HLA2019_normal_grid_S0015_daily.csv
HLA,HLA,Hailun,2019,Leave_One_experiments\wth_generated_qc\HLA\HLA2019.WTH,wet_year;nitrogen_stress_year;low_response_year,wet,HLA2019_normal_grid_S0015,irrigation_positive_candidate,2019-09-15,258,139,134,"{""sim_day"": 139.0, ""doy"": 258.0, ""topwt"": 12780.76416015625, ""grnwt"": 4660.7861328125, ""xlai"": 1.2941864728927612, ""totir"": 30.0, ""tofer"": NaN, ""swfac"": 0.0, ""nstres"": 0.3455121517181396}",0.0,0.3455121517181396,12780.76416015625,4660.7861328125,1.2941864728927612,30.0,,0.0,0.0,30.0,150.0,0.6060119628906264,12.606011962890626,Leave_One_experiments/all_year_offline_schedule_search/daily_outputs/HLA/HLA_2019_HLA2019_normal_grid_S0015_daily.csv
HLA,HLA,Hailun,2019,Leave_One_experiments\wth_generated_qc\HLA\HLA2019.WTH,wet_year;nitrogen_stress_year;low_response_year,wet,HLA2019_normal_grid_S0015,irrigation_positive_candidate,2019-09-16,259,140,135,"{""sim_day"": 140.0, ""doy"": 259.0, ""topwt"": 12863.03466796875, ""grnwt"": 4743.0560302734375, ""xlai"": 1.25317120552063, ""totir"": 30.0, ""tofer"": NaN, ""swfac"": 0.0, ""nstres"": 0.3606058359146118}",0.0,0.3606058359146118,12863.03466796875,4743.0560302734375,1.25317120552063,30.0,,0.0,0.0,30.0,150.0,0.6060119628906264,12.606011962890626,Leave_One_experiments/all_year_offline_schedule_search/daily_outputs/HLA/HLA_2019_HLA2019_normal_grid_S0015_daily.csv
HLA,HLA,Hailun,2019,Leave_One_experiments\wth_generated_qc\HLA\HLA2019.WTH,wet_year;nitrogen_stress_year;low_response_year,wet,HLA2019_normal_grid_S0015,irrigation_positive_candidate,2019-09-17,260,141,136,"{""sim_day"": 141.0, ""doy"": 260.0, ""topwt"": 12883.30322265625, ""grnwt"": 4763.325500488281, ""xlai"": 1.0321117639541626, ""totir"": 30.0, ""tofer"": NaN, ""swfac"": 0.0, ""nstres"": 0.3887818455696106}",0.0,0.3887818455696106,12883.30322265625,4763.325500488281,1.0321117639541626,30.0,,0.0,0.0,30.0,150.0,0.6060119628906264,12.606011962890626,Leave_One_experiments/all_year_offline_schedule_search/daily_outputs/HLA/HLA_2019_HLA2019_normal_grid_S0015_daily.csv
HLA,HLA,Hailun,2019,Leave_One_experiments\wth_generated_qc\HLA\HLA2019.WTH,wet_year;nitrogen_stress_year;low_response_year,wet,HLA2019_normal_grid_S0015,irrigation_positive_candidate,2019-09-18,261,142,137,"{""sim_day"": 142.0, ""doy"": 261.0, ""topwt"": 12910.1318359375, ""grnwt"": 4790.152587890625, ""xlai"": 0.6728337407112122, ""totir"": 30.0, ""tofer"": NaN, ""swfac"": 0.0, ""nstres"": 0.393847644329071}",0.0,0.393847644329071,12910.1318359375,4790.152587890625,0.6728337407112122,30.0,,0.0,0.0,30.0,150.0,0.6060119628906264,12.606011962890626,Leave_One_experiments/all_year_offline_schedule_search/daily_outputs/HLA/HLA_2019_HLA2019_normal_grid_S0015_daily.csv
HLA,HLA,Hailun,2019,Leave_One_experiments\wth_generated_qc\HLA\HLA2019.WTH,wet_year;nitrogen_stress_year;low_response_year,wet,HLA2019_normal_grid_S0015,irrigation_positive_candidate,2019-09-19,262,143,138,"{""sim_day"": 143.0, ""doy"": 262.0, ""topwt"": 12974.15283203125, ""grnwt"": 4864.6728515625, ""xlai"": 0.6504260301589966, ""totir"": 30.0, ""tofer"": NaN, ""swfac"": 0.0, ""nstres"": 0.3992871642112732}",0.0,0.3992871642112732,12974.15283203125,4864.6728515625,0.6504260301589966,30.0,,0.0,0.0,30.0,150.0,0.6060119628906264,12.606011962890626,Leave_One_experiments/all_year_offline_schedule_search/daily_outputs/HLA/HLA_2019_HLA2019_normal_grid_S0015_daily.csv
HLA,HLA,Hailun,2019,Leave_One_experiments\wth_generated_qc\HLA\HLA2019.WTH,wet_year;nitrogen_stress_year;low_response_year,wet,HLA2019_normal_grid_S0015,irrigation_positive_candidate,2019-09-20,263,144,139,"{""sim_day"": 144.0, ""doy"": 263.0, ""topwt"": 13038.868408203123, ""grnwt"": 4918.923645019531, ""xlai"": 0.6281406283378601, ""totir"": 30.0, ""tofer"": NaN, ""swfac"": 0.0, ""nstres"": 0.4223080277442932}",0.0,0.4223080277442932,13038.868408203123,4918.923645019531,0.6281406283378601,30.0,,0.0,0.0,30.0,150.0,0.6060119628906264,12.606011962890626,Leave_One_experiments/all_year_offline_schedule_search/daily_outputs/HLA/HLA_2019_HLA2019_normal_grid_S0015_daily.csv
HLA,HLA,Hailun,2019,Leave_One_experiments\wth_generated_qc\HLA\HLA2019.WTH,wet_year;nitrogen_stress_year;low_response_year,wet,HLA2019_normal_grid_S0015,irrigation_positive_candidate,2019-09-21,264,145,140,"{""sim_day"": 145.0, ""doy"": 264.0, ""topwt"": 13117.845458984377, ""grnwt"": 5028.020935058594, ""xlai"": 0.606365978717804, ""totir"": 30.0, ""tofer"": NaN, ""swfac"": 0.0, ""nstres"": 0.4319638013839721}",0.0,0.4319638013839721,13117.845458984377,5028.020935058594,0.606365978717804,30.0,,0.0,0.0,30.0,150.0,0.6060119628906264,12.606011962890626,Leave_One_experiments/all_year_offline_schedule_search/daily_outputs/HLA/HLA_2019_HLA2019_normal_grid_S0015_daily.csv
HLA,HLA,Hailun,2019,Leave_One_experiments\wth_generated_qc\HLA\HLA2019.WTH,wet_year;nitrogen_stress_year;low_response_year,wet,HLA2019_normal_grid_S0015,irrigation_positive_candidate,2019-09-22,265,146,141,"{""sim_day"": 146.0, ""doy"": 265.0, ""topwt"": 13189.19677734375, ""grnwt"": 5153.214721679688, ""xlai"": 0.5845566391944885, ""totir"": 30.0, ""tofer"": NaN, ""swfac"": 0.0, ""nstres"": 0.4632115364074707}",0.0,0.4632115364074707,13189.19677734375,5153.214721679688,0.5845566391944885,30.0,,0.0,0.0,30.0,150.0,0.6060119628906264,12.606011962890626,Leave_One_experiments/all_year_offline_schedule_search/daily_outputs/HLA/HLA_2019_HLA2019_normal_grid_S0015_daily.csv
HLA,HLA,Hailun,2019,Leave_One_experiments\wth_generated_qc\HLA\HLA2019.WTH,wet_year;nitrogen_stress_year;low_response_year,wet,HLA2019_normal_grid_S0015,irrigation_positive_candidate,2019-09-23,266,147,142,"{""sim_day"": 147.0, ""doy"": 266.0, ""topwt"": 13252.296142578123, ""grnwt"": 5212.2344970703125, ""xlai"": 0.5536335110664368, ""totir"": 30.0, ""tofer"": NaN, ""swfac"": 0.0, ""nstres"": 0.4938817620277405}",0.0,0.4938817620277405,13252.296142578123,5212.2344970703125,0.5536335110664368,30.0,,0.0,0.0,30.0,150.0,0.6060119628906264,12.606011962890626,Leave_One_experiments/all_year_offline_schedule_search/daily_outputs/HLA/HLA_2019_HLA2019_normal_grid_S0015_daily.csv
HLA,HLA,Hailun,2019,Leave_One_experiments\wth_generated_qc\HLA\HLA2019.WTH,wet_year;nitrogen_stress_year;low_response_year,wet,HLA2019_normal_grid_S0015,irrigation_positive_candidate,2019-09-24,267,148,143,"{""sim_day"": 148.0, ""doy"": 267.0, ""topwt"": 13313.31787109375, ""grnwt"": 5310.601196289063, ""xlai"": 0.5329999923706055, ""totir"": 30.0, ""tofer"": NaN, ""swfac"": 0.0, ""nstres"": 0.4944599866867065}",0.0,0.4944599866867065,13313.31787109375,5310.601196289063,0.5329999923706055,30.0,,0.0,0.0,30.0,150.0,0.6060119628906264,12.606011962890626,Leave_One_experiments/all_year_offline_schedule_search/daily_outputs/HLA/HLA_2019_HLA2019_normal_grid_S0015_daily.csv
HLA,HLA,Hailun,2019,Leave_One_experiments\wth_generated_qc\HLA\HLA2019.WTH,wet_year;nitrogen_stress_year;low_response_year,wet,HLA2019_normal_grid_S0015,irrigation_positive_candidate,2019-09-25,268,149,144,"{""sim_day"": 149.0, ""doy"": 268.0, ""topwt"": 13313.31787109375, ""grnwt"": 5310.601196289063, ""xlai"": 0.5329999923706055, ""totir"": 30.0, ""tofer"": NaN, ""swfac"": 0.0, ""nstres"": 0.5207794308662415}",0.0,0.5207794308662415,13313.31787109375,5310.601196289063,0.5329999923706055,30.0,,0.0,0.0,30.0,150.0,0.6060119628906264,12.606011962890626,Leave_One_experiments/all_year_offline_schedule_search/daily_outputs/HLA/HLA_2019_HLA2019_normal_grid_S0015_daily.csv
HLA,HLA,Hailun,2019,Leave_One_experiments\wth_generated_qc\HLA\HLA2019.WTH,wet_year;nitrogen_stress_year;low_response_year,wet,HLA2019_normal_grid_S0015,irrigation_positive_candidate,2019-09-26,269,150,145,"{""sim_day"": 150.0, ""doy"": 269.0, ""topwt"": 13313.31787109375, ""grnwt"": 5310.601196289063, ""xlai"": 0.5329999923706055, ""totir"": 30.0, ""tofer"": NaN, ""swfac"": 0.0, ""nstres"": 0.5207794308662415}",0.0,0.5207794308662415,13313.31787109375,5310.601196289063,0.5329999923706055,30.0,,0.0,0.0,30.0,150.0,0.6060119628906264,12.606011962890626,Leave_One_experiments/all_year_offline_schedule_search/daily_outputs/HLA/HLA_2019_HLA2019_normal_grid_S0015_daily.csv
HLA,HLA,Hailun,2019,Leave_One_experiments\wth_generated_qc\HLA\HLA2019.WTH,wet_year;nitrogen_stress_year;low_response_year,wet,HLA2019_normal_grid_S0015,irrigation_positive_candidate,2019-09-27,270,151,146,"{""sim_day"": 151.0, ""doy"": 270.0, ""topwt"": 13313.31787109375, ""grnwt"": 5310.601196289063, ""xlai"": 0.5329999923706055, ""totir"": 30.0, ""tofer"": NaN, ""swfac"": 0.0, ""nstres"": 0.5207794308662415}",0.0,0.5207794308662415,13313.31787109375,5310.601196289063,0.5329999923706055,30.0,,0.0,0.0,30.0,150.0,0.6060119628906264,12.606011962890626,Leave_One_experiments/all_year_offline_schedule_search/daily_outputs/HLA/HLA_2019_HLA2019_normal_grid_S0015_daily.csv
HLA,HLA,Hailun,2019,Leave_One_experiments\wth_generated_qc\HLA\HLA2019.WTH,wet_year;nitrogen_stress_year;low_response_year,wet,HLA2019_normal_grid_S0015,irrigation_positive_candidate,2019-09-28,271,152,147,"{""sim_day"": 152.0, ""doy"": 271.0, ""topwt"": 13313.31787109375, ""grnwt"": 5310.601196289063, ""xlai"": 0.5329999923706055, ""totir"": 30.0, ""tofer"": NaN, ""swfac"": 0.0, ""nstres"": 0.5207794308662415}",0.0,0.5207794308662415,13313.31787109375,5310.601196289063,0.5329999923706055,30.0,,0.0,0.0,30.0,150.0,0.6060119628906264,12.606011962890626,Leave_One_experiments/all_year_offline_schedule_search/daily_outputs/HLA/HLA_2019_HLA2019_normal_grid_S0015_daily.csv
HLA,HLA,Hailun,2019,Leave_One_experiments\wth_generated_qc\HLA\HLA2019.WTH,wet_year;nitrogen_stress_year;low_response_year,wet,HLA2019_normal_grid_S0015,irrigation_positive_candidate,2019-09-29,272,153,148,"{""sim_day"": 153.0, ""doy"": 272.0, ""topwt"": 13313.31787109375, ""grnwt"": 5310.601196289063, ""xlai"": 0.5329999923706055, ""totir"": 30.0, ""tofer"": NaN, ""swfac"": 0.0, ""nstres"": 0.5207794308662415}",0.0,0.5207794308662415,13313.31787109375,5310.601196289063,0.5329999923706055,30.0,,0.0,0.0,30.0,150.0,0.6060119628906264,12.606011962890626,Leave_One_experiments/all_year_offline_schedule_search/daily_outputs/HLA/HLA_2019_HLA2019_normal_grid_S0015_daily.csv
HLA,HLA,Hailun,2019,Leave_One_experiments\wth_generated_qc\HLA\HLA2019.WTH,wet_year;nitrogen_stress_year;low_response_year,wet,HLA2019_normal_grid_S0010,low_input_within_10pct_yield,2019-05-05,125,1,1,"{""sim_day"": 1.0, ""doy"": 125.0, ""topwt"": 0.0, ""grnwt"": 0.0, ""xlai"": 0.0, ""totir"": 0.0, ""tofer"": NaN, ""swfac"": 0.0, ""nstres"": 0.0}",0.0,0.0,0.0,0.0,0.0,0.0,,0.0,50.0,0.0,150.0,16.085461425781254,16.085461425781254,Leave_One_experiments/all_year_offline_schedule_search/daily_outputs/HLA/HLA_2019_HLA2019_normal_grid_S0010_daily.csv
HLA,HLA,Hailun,2019,Leave_One_experiments\wth_generated_qc\HLA\HLA2019.WTH,wet_year;nitrogen_stress_year;low_response_year,wet,HLA2019_normal_grid_S0010,low_input_within_10pct_yield,2019-05-06,126,2,2,"{""sim_day"": 2.0, ""doy"": 126.0, ""topwt"": 0.0, ""grnwt"": 0.0, ""xlai"": 0.0, ""totir"": 0.0, ""tofer"": NaN, ""swfac"": 0.0, ""nstres"": 0.0}",0.0,0.0,0.0,0.0,0.0,0.0,,0.0,0.0,0.0,150.0,16.085461425781254,16.085461425781254,Leave_One_experiments/all_year_offline_schedule_search/daily_outputs/HLA/HLA_2019_HLA2019_normal_grid_S0010_daily.csv
HLA,HLA,Hailun,2019,Leave_One_experiments\wth_generated_qc\HLA\HLA2019.WTH,wet_year;nitrogen_stress_year;low_response_year,wet,HLA2019_normal_grid_S0010,low_input_within_10pct_yield,2019-05-07,127,3,3,"{""sim_day"": 3.0, ""doy"": 127.0, ""topwt"": 0.0, ""grnwt"": 0.0, ""xlai"": 0.0, ""totir"": 0.0, ""tofer"": NaN, ""swfac"": 0.0, ""nstres"": 0.0}",0.0,0.0,0.0,0.0,0.0,0.0,,0.0,0.0,0.0,150.0,16.085461425781254,16.085461425781254,Leave_One_experiments/all_year_offline_schedule_search/daily_outputs/HLA/HLA_2019_HLA2019_normal_grid_S0010_daily.csv
HLA,HLA,Hailun,2019,Leave_One_experiments\wth_generated_qc\HLA\HLA2019.WTH,wet_year;nitrogen_stress_year;low_response_year,wet,HLA2019_normal_grid_S0010,low_input_within_10pct_yield,2019-05-08,128,4,4,"{""sim_day"": 4.0, ""doy"": 128.0, ""topwt"": 0.0, ""grnwt"": 0.0, ""xlai"": 0.0, ""totir"": 0.0, ""tofer"": NaN, ""swfac"": 0.0, ""nstres"": 0.0}",0.0,0.0,0.0,0.0,0.0,0.0,,0.0,0.0,0.0,150.0,16.085461425781254,16.085461425781254,Leave_One_experiments/all_year_offline_schedule_search/daily_outputs/HLA/HLA_2019_HLA2019_normal_grid_S0010_daily.csv
HLA,HLA,Hailun,2019,Leave_One_experiments\wth_generated_qc\HLA\HLA2019.WTH,wet_year;nitrogen_stress_year;low_response_year,wet,HLA2019_normal_grid_S0010,low_input_within_10pct_yield,2019-05-09,129,5,5,"{""sim_day"": 5.0, ""doy"": 129.0, ""topwt"": 0.0, ""grnwt"": 0.0, ""xlai"": 0.0, ""totir"": 0.0, ""tofer"": NaN, ""swfac"": 0.0, ""nstres"": 0.0}",0.0,0.0,0.0,0.0,0.0,0.0,,0.0,0.0,0.0,150.0,16.085461425781254,16.085461425781254,Leave_One_experiments/all_year_offline_schedule_search/daily_outputs/HLA/HLA_2019_HLA2019_normal_grid_S0010_daily.csv
HLA,HLA,Hailun,2019,Leave_One_experiments\wth_generated_qc\HLA\HLA2019.WTH,wet_year;nitrogen_stress_year;low_response_year,wet,HLA2019_normal_grid_S0010,low_input_within_10pct_yield,2019-05-05,125,6,1,"{""sim_day"": 6.0, ""doy"": 125.0, ""topwt"": 0.0, ""grnwt"": 0.0, ""xlai"": 0.0, ""totir"": 0.0, ""tofer"": NaN, ""swfac"": 0.0, ""nstres"": 0.0}",0.0,0.0,0.0,0.0,0.0,0.0,,0.0,0.0,0.0,150.0,16.085461425781254,16.085461425781254,Leave_One_experiments/all_year_offline_schedule_search/daily_outputs/HLA/HLA_2019_HLA2019_normal_grid_S0010_daily.csv
HLA,HLA,Hailun,2019,Leave_One_experiments\wth_generated_qc\HLA\HLA2019.WTH,wet_year;nitrogen_stress_year;low_response_year,wet,HLA2019_normal_grid_S0010,low_input_within_10pct_yield,2019-05-06,126,7,2,"{""sim_day"": 7.0, ""doy"": 126.0, ""topwt"": 0.0, ""grnwt"": 0.0, ""xlai"": 0.0, ""totir"": 0.0, ""tofer"": NaN, ""swfac"": 0.0, ""nstres"": 0.0}",0.0,0.0,0.0,0.0,0.0,0.0,,0.0,0.0,0.0,150.0,16.085461425781254,16.085461425781254,Leave_One_experiments/all_year_offline_schedule_search/daily_outputs/HLA/HLA_2019_HLA2019_normal_grid_S0010_daily.csv
HLA,HLA,Hailun,2019,Leave_One_experiments\wth_generated_qc\HLA\HLA2019.WTH,wet_year;nitrogen_stress_year;low_response_year,wet,HLA2019_normal_grid_S0010,low_input_within_10pct_yield,2019-05-07,127,8,3,"{""sim_day"": 8.0, ""doy"": 127.0, ""topwt"": 0.0, ""grnwt"": 0.0, ""xlai"": 0.0, ""totir"": 0.0, ""tofer"": NaN, ""swfac"": 0.0, ""nstres"": 0.0}",0.0,0.0,0.0,0.0,0.0,0.0,,0.0,0.0,0.0,150.0,16.085461425781254,16.085461425781254,Leave_One_experiments/all_year_offline_schedule_search/daily_outputs/HLA/HLA_2019_HLA2019_normal_grid_S0010_daily.csv
HLA,HLA,Hailun,2019,Leave_One_experiments\wth_generated_qc\HLA\HLA2019.WTH,wet_year;nitrogen_stress_year;low_response_year,wet,HLA2019_normal_grid_S0010,low_input_within_10pct_yield,2019-05-08,128,9,4,"{""sim_day"": 9.0, ""doy"": 128.0, ""topwt"": 0.0, ""grnwt"": 0.0, ""xlai"": 0.0, ""totir"": 0.0, ""tofer"": NaN, ""swfac"": 0.0, ""nstres"": 0.0}",0.0,0.0,0.0,0.0,0.0,0.0,,0.0,0.0,0.0,150.0,16.085461425781254,16.085461425781254,Leave_One_experiments/all_year_offline_schedule_search/daily_outputs/HLA/HLA_2019_HLA2019_normal_grid_S0010_daily.csv
HLA,HLA,Hailun,2019,Leave_One_experiments\wth_generated_qc\HLA\HLA2019.WTH,wet_year;nitrogen_stress_year;low_response_year,wet,HLA2019_normal_grid_S0010,low_input_within_10pct_yield,2019-05-09,129,10,5,"{""sim_day"": 10.0, ""doy"": 129.0, ""topwt"": 0.0, ""grnwt"": 0.0, ""xlai"": 0.0, ""totir"": 0.0, ""tofer"": NaN, ""swfac"": 0.0, ""nstres"": 0.0}",0.0,0.0,0.0,0.0,0.0,0.0,,0.0,0.0,0.0,150.0,16.085461425781254,16.085461425781254,Leave_One_experiments/all_year_offline_schedule_search/daily_outputs/HLA/HLA_2019_HLA2019_normal_grid_S0010_daily.csv
HLA,HLA,Hailun,2019,Leave_One_experiments\wth_generated_qc\HLA\HLA2019.WTH,wet_year;nitrogen_stress_year;low_response_year,wet,HLA2019_normal_grid_S0010,low_input_within_10pct_yield,2019-05-10,130,11,6,"{""sim_day"": 11.0, ""doy"": 130.0, ""topwt"": 0.0, ""grnwt"": 0.0, ""xlai"": 0.0, ""totir"": 0.0, ""tofer"": NaN, ""swfac"": 0.0, ""nstres"": 0.0}",0.0,0.0,0.0,0.0,0.0,0.0,,0.0,0.0,0.0,150.0,16.085461425781254,16.085461425781254,Leave_One_experiments/all_year_offline_schedule_search/daily_outputs/HLA/HLA_2019_HLA2019_normal_grid_S0010_daily.csv
HLA,HLA,Hailun,2019,Leave_One_experiments\wth_generated_qc\HLA\HLA2019.WTH,wet_year;nitrogen_stress_year;low_response_year,wet,HLA2019_normal_grid_S0010,low_input_within_10pct_yield,2019-05-11,131,12,7,"{""sim_day"": 12.0, ""doy"": 131.0, ""topwt"": 0.0, ""grnwt"": 0.0, ""xlai"": 0.0, ""totir"": 0.0, ""tofer"": NaN, ""swfac"": 0.0, ""nstres"": 0.0}",0.0,0.0,0.0,0.0,0.0,0.0,,0.0,0.0,0.0,150.0,16.085461425781254,16.085461425781254,Leave_One_experiments/all_year_offline_schedule_search/daily_outputs/HLA/HLA_2019_HLA2019_normal_grid_S0010_daily.csv
HLA,HLA,Hailun,2019,Leave_One_experiments\wth_generated_qc\HLA\HLA2019.WTH,wet_year;nitrogen_stress_year;low_response_year,wet,HLA2019_normal_grid_S0010,low_input_within_10pct_yield,2019-05-12,132,13,8,"{""sim_day"": 13.0, ""doy"": 132.0, ""topwt"": 0.0, ""grnwt"": 0.0, ""xlai"": 0.0, ""totir"": 0.0, ""tofer"": NaN, ""swfac"": 0.0, ""nstres"": 0.0}",0.0,0.0,0.0,0.0,0.0,0.0,,0.0,0.0,0.0,150.0,16.085461425781254,16.085461425781254,Leave_One_experiments/all_year_offline_schedule_search/daily_outputs/HLA/HLA_2019_HLA2019_normal_grid_S0010_daily.csv
HLA,HLA,Hailun,2019,Leave_One_experiments\wth_generated_qc\HLA\HLA2019.WTH,wet_year;nitrogen_stress_year;low_response_year,wet,HLA2019_normal_grid_S0010,low_input_within_10pct_yield,2019-05-13,133,14,9,"{""sim_day"": 14.0, ""doy"": 133.0, ""topwt"": 0.0, ""grnwt"": 0.0, ""xlai"": 0.0, ""totir"": 0.0, ""tofer"": NaN, ""swfac"": 0.0, ""nstres"": 0.0}",0.0,0.0,0.0,0.0,0.0,0.0,,0.0,0.0,0.0,150.0,16.085461425781254,16.085461425781254,Leave_One_experiments/all_year_offline_schedule_search/daily_outputs/HLA/HLA_2019_HLA2019_normal_grid_S0010_daily.csv
HLA,HLA,Hailun,2019,Leave_One_experiments\wth_generated_qc\HLA\HLA2019.WTH,wet_year;nitrogen_stress_year;low_response_year,wet,HLA2019_normal_grid_S0010,low_input_within_10pct_yield,2019-05-14,134,15,10,"{""sim_day"": 15.0, ""doy"": 134.0, ""topwt"": 20.0, ""grnwt"": 0.0, ""xlai"": 0.0019392587710171, ""totir"": 0.0, ""tofer"": NaN, ""swfac"": 0.0, ""nstres"": 0.0121910572052001}",0.0,0.0121910572052001,20.0,0.0,0.0019392587710171,0.0,,0.0,0.0,0.0,150.0,16.085461425781254,16.085461425781254,Leave_One_experiments/all_year_offline_schedule_search/daily_outputs/HLA/HLA_2019_HLA2019_normal_grid_S0010_daily.csv
HLA,HLA,Hailun,2019,Leave_One_experiments\wth_generated_qc\HLA\HLA2019.WTH,wet_year;nitrogen_stress_year;low_response_year,wet,HLA2019_normal_grid_S0010,low_input_within_10pct_yield,2019-05-15,135,16,11,"{""sim_day"": 16.0, ""doy"": 135.0, ""topwt"": 20.0, ""grnwt"": 0.0, ""xlai"": 0.0034856738056987, ""totir"": 0.0, ""tofer"": NaN, ""swfac"": 0.0, ""nstres"": 0.0148732662200927}",0.0,0.0148732662200927,20.0,0.0,0.0034856738056987,0.0,,0.0,0.0,0.0,150.0,16.085461425781254,16.085461425781254,Leave_One_experiments/all_year_offline_schedule_search/daily_outputs/HLA/HLA_2019_HLA2019_normal_grid_S0010_daily.csv
HLA,HLA,Hailun,2019,Leave_One_experiments\wth_generated_qc\HLA\HLA2019.WTH,wet_year;nitrogen_stress_year;low_response_year,wet,HLA2019_normal_grid_S0010,low_input_within_10pct_yield,2019-05-16,136,17,12,"{""sim_day"": 17.0, ""doy"": 136.0, ""topwt"": 20.0, ""grnwt"": 0.0, ""xlai"": 0.0052798301912844, ""totir"": 0.0, ""tofer"": NaN, ""swfac"": 0.0, ""nstres"": 0.0110848546028137}",0.0,0.0110848546028137,20.0,0.0,0.0052798301912844,0.0,,0.0,0.0,0.0,150.0,16.085461425781254,16.085461425781254,Leave_One_experiments/all_year_offline_schedule_search/daily_outputs/HLA/HLA_2019_HLA2019_normal_grid_S0010_daily.csv
HLA,HLA,Hailun,2019,Leave_One_experiments\wth_generated_qc\HLA\HLA2019.WTH,wet_year;nitrogen_stress_year;low_response_year,wet,HLA2019_normal_grid_S0010,low_input_within_10pct_yield,2019-05-17,137,18,13,"{""sim_day"": 18.0, ""doy"": 137.0, ""topwt"": 20.0, ""grnwt"": 0.0, ""xlai"": 0.0064686392433941, ""totir"": 0.0, ""tofer"": NaN, ""swfac"": 0.0, ""nstres"": 0.0086739659309387}",0.0,0.0086739659309387,20.0,0.0,0.0064686392433941,0.0,,0.0,0.0,0.0,150.0,16.085461425781254,16.085461425781254,Leave_One_experiments/all_year_offline_schedule_search/daily_outputs/HLA/HLA_2019_HLA2019_normal_grid_S0010_daily.csv
HLA,HLA,Hailun,2019,Leave_One_experiments\wth_generated_qc\HLA\HLA2019.WTH,wet_year;nitrogen_stress_year;low_response_year,wet,HLA2019_normal_grid_S0010,low_input_within_10pct_yield,2019-05-18,138,19,14,"{""sim_day"": 19.0, ""doy"": 138.0, ""topwt"": 20.0, ""grnwt"": 0.0, ""xlai"": 0.0069965277798473, ""totir"": 0.0, ""tofer"": NaN, ""swfac"": 0.0, ""nstres"": 0.0076075792312622}",0.0,0.0076075792312622,20.0,0.0,0.0069965277798473,0.0,,0.0,0.0,0.0,150.0,16.085461425781254,16.085461425781254,Leave_One_experiments/all_year_offline_schedule_search/daily_outputs/HLA/HLA_2019_HLA2019_normal_grid_S0010_daily.csv
HLA,HLA,Hailun,2019,Leave_One_experiments\wth_generated_qc\HLA\HLA2019.WTH,wet_year;nitrogen_stress_year;low_response_year,wet,HLA2019_normal_grid_S0010,low_input_within_10pct_yield,2019-05-19,139,20,15,"{""sim_day"": 20.0, ""doy"": 139.0, ""topwt"": 20.0, ""grnwt"": 0.0, ""xlai"": 0.0074492138810455, ""totir"": 0.0, ""tofer"": NaN, ""swfac"": 0.0, ""nstres"": 0.0067070722579956}",0.0,0.0067070722579956,20.0,0.0,0.0074492138810455,0.0,,0.0,0.0,0.0,150.0,16.085461425781254,16.085461425781254,Leave_One_experiments/all_year_offline_schedule_search/daily_outputs/HLA/HLA_2019_HLA2019_normal_grid_S0010_daily.csv
HLA,HLA,Hailun,2019,Leave_One_experiments\wth_generated_qc\HLA\HLA2019.WTH,wet_year;nitrogen_stress_year;low_response_year,wet,HLA2019_normal_grid_S0010,low_input_within_10pct_yield,2019-05-20,140,21,16,"{""sim_day"": 21.0, ""doy"": 140.0, ""topwt"": 20.0, ""grnwt"": 0.0, ""xlai"": 0.0078754872083663, ""totir"": 0.0, ""tofer"": NaN, ""swfac"": 0.0, ""nstres"": 0.0058647394180297}",0.0,0.0058647394180297,20.0,0.0,0.0078754872083663,0.0,,0.0,0.0,0.0,150.0,16.085461425781254,16.085461425781254,Leave_One_experiments/all_year_offline_schedule_search/daily_outputs/HLA/HLA_2019_HLA2019_normal_grid_S0010_daily.csv
HLA,HLA,Hailun,2019,Leave_One_experiments\wth_generated_qc\HLA\HLA2019.WTH,wet_year;nitrogen_stress_year;low_response_year,wet,HLA2019_normal_grid_S0010,low_input_within_10pct_yield,2019-05-21,141,22,17,"{""sim_day"": 22.0, ""doy"": 141.0, ""topwt"": 20.0, ""grnwt"": 0.0, ""xlai"": 0.0081247650086879, ""totir"": 0.0, ""tofer"": NaN, ""swfac"": 0.0, ""nstres"": 0.0050820112228393}",0.0,0.0050820112228393,20.0,0.0,0.0081247650086879,0.0,,0.0,0.0,0.0,150.0,16.085461425781254,16.085461425781254,Leave_One_experiments/all_year_offline_schedule_search/daily_outputs/HLA/HLA_2019_HLA2019_normal_grid_S0010_daily.csv
HLA,HLA,Hailun,2019,Leave_One_experiments\wth_generated_qc\HLA\HLA2019.WTH,wet_year;nitrogen_stress_year;low_response_year,wet,HLA2019_normal_grid_S0010,low_input_within_10pct_yield,2019-05-22,142,23,18,"{""sim_day"": 23.0, ""doy"": 142.0, ""topwt"": 20.0, ""grnwt"": 0.0, ""xlai"": 0.0085318461060523, ""totir"": 0.0, ""tofer"": NaN, ""swfac"": 0.0, ""nstres"": 0.0025588274002075}",0.0,0.0025588274002075,20.0,0.0,0.0085318461060523,0.0,,0.0,0.0,0.0,150.0,16.085461425781254,16.085461425781254,Leave_One_experiments/all_year_offline_schedule_search/daily_outputs/HLA/HLA_2019_HLA2019_normal_grid_S0010_daily.csv
HLA,HLA,Hailun,2019,Leave_One_experiments\wth_generated_qc\HLA\HLA2019.WTH,wet_year;nitrogen_stress_year;low_response_year,wet,HLA2019_normal_grid_S0010,low_input_within_10pct_yield,2019-05-23,143,24,19,"{""sim_day"": 24.0, ""doy"": 143.0, ""topwt"": 20.0, ""grnwt"": 0.0, ""xlai"": 0.0123921455815434, ""totir"": 0.0, ""tofer"": NaN, ""swfac"": 0.0, ""nstres"": 0.0}",0.0,0.0,20.0,0.0,0.0123921455815434,0.0,,0.0,0.0,0.0,150.0,16.085461425781254,16.085461425781254,Leave_One_experiments/all_year_offline_schedule_search/daily_outputs/HLA/HLA_2019_HLA2019_normal_grid_S0010_daily.csv
HLA,HLA,Hailun,2019,Leave_One_experiments\wth_generated_qc\HLA\HLA2019.WTH,wet_year;nitrogen_stress_year;low_response_year,wet,HLA2019_normal_grid_S0010,low_input_within_10pct_yield,2019-05-24,144,25,20,"{""sim_day"": 25.0, ""doy"": 144.0, ""topwt"": 20.0, ""grnwt"": 0.0, ""xlai"": 0.0242528524249792, ""totir"": 0.0, ""tofer"": NaN, ""swfac"": 0.0, ""nstres"": 0.0}",0.0,0.0,20.0,0.0,0.0242528524249792,0.0,,0.0,0.0,0.0,150.0,16.085461425781254,16.085461425781254,Leave_One_experiments/all_year_offline_schedule_search/daily_outputs/HLA/HLA_2019_HLA2019_normal_grid_S0010_daily.csv
HLA,HLA,Hailun,2019,Leave_One_experiments\wth_generated_qc\HLA\HLA2019.WTH,wet_year;nitrogen_stress_year;low_response_year,wet,HLA2019_normal_grid_S0010,low_input_within_10pct_yield,2019-05-25,145,26,21,"{""sim_day"": 26.0, ""doy"": 145.0, ""topwt"": 20.0, ""grnwt"": 0.0, ""xlai"": 0.0282909944653511, ""totir"": 0.0, ""tofer"": NaN, ""swfac"": 0.0, ""nstres"": 0.0}",0.0,0.0,20.0,0.0,0.0282909944653511,0.0,,0.0,0.0,0.0,150.0,16.085461425781254,16.085461425781254,Leave_One_experiments/all_year_offline_schedule_search/daily_outputs/HLA/HLA_2019_HLA2019_normal_grid_S0010_daily.csv
HLA,HLA,Hailun,2019,Leave_One_experiments\wth_generated_qc\HLA\HLA2019.WTH,wet_year;nitrogen_stress_year;low_response_year,wet,HLA2019_normal_grid_S0010,low_input_within_10pct_yield,2019-05-26,146,27,22,"{""sim_day"": 27.0, ""doy"": 146.0, ""topwt"": 20.0, ""grnwt"": 0.0, ""xlai"": 0.0317384116351604, ""totir"": 0.0, ""tofer"": NaN, ""swfac"": 0.0, ""nstres"": 0.0}",0.0,0.0,20.0,0.0,0.0317384116351604,0.0,,0.0,0.0,0.0,150.0,16.085461425781254,16.085461425781254,Leave_One_experiments/all_year_offline_schedule_search/daily_outputs/HLA/HLA_2019_HLA2019_normal_grid_S0010_daily.csv
HLA,HLA,Hailun,2019,Leave_One_experiments\wth_generated_qc\HLA\HLA2019.WTH,wet_year;nitrogen_stress_year;low_response_year,wet,HLA2019_normal_grid_S0010,low_input_within_10pct_yield,2019-05-27,147,28,23,"{""sim_day"": 28.0, ""doy"": 147.0, ""topwt"": 20.10593891143799, ""grnwt"": 0.0, ""xlai"": 0.0343649238348007, ""totir"": 0.0, ""tofer"": NaN, ""swfac"": 0.0, ""nstres"": 0.0}",0.0,0.0,20.10593891143799,0.0,0.0343649238348007,0.0,,0.0,0.0,0.0,150.0,16.085461425781254,16.085461425781254,Leave_One_experiments/all_year_offline_schedule_search/daily_outputs/HLA/HLA_2019_HLA2019_normal_grid_S0010_daily.csv
HLA,HLA,Hailun,2019,Leave_One_experiments\wth_generated_qc\HLA\HLA2019.WTH,wet_year;nitrogen_stress_year;low_response_year,wet,HLA2019_normal_grid_S0010,low_input_within_10pct_yield,2019-05-28,148,29,24,"{""sim_day"": 29.0, ""doy"": 148.0, ""topwt"": 21.82089567184448, ""grnwt"": 0.0, ""xlai"": 0.0390409268438816, ""totir"": 0.0, ""tofer"": NaN, ""swfac"": 0.0, ""nstres"": 0.0}",0.0,0.0,21.82089567184448,0.0,0.0390409268438816,0.0,,0.0,0.0,0.0,150.0,16.085461425781254,16.085461425781254,Leave_One_experiments/all_year_offline_schedule_search/daily_outputs/HLA/HLA_2019_HLA2019_normal_grid_S0010_daily.csv
HLA,HLA,Hailun,2019,Leave_One_experiments\wth_generated_qc\HLA\HLA2019.WTH,wet_year;nitrogen_stress_year;low_response_year,wet,HLA2019_normal_grid_S0010,low_input_within_10pct_yield,2019-05-29,149,30,25,"{""sim_day"": 30.0, ""doy"": 149.0, ""topwt"": 24.480438232421875, ""grnwt"": 0.0, ""xlai"": 0.0460305400192737, ""totir"": 0.0, ""tofer"": NaN, ""swfac"": 0.0, ""nstres"": 0.0}",0.0,0.0,24.480438232421875,0.0,0.0460305400192737,0.0,,0.0,0.0,0.0,150.0,16.085461425781254,16.085461425781254,Leave_One_experiments/all_year_offline_schedule_search/daily_outputs/HLA/HLA_2019_HLA2019_normal_grid_S0010_daily.csv
HLA,HLA,Hailun,2019,Leave_One_experiments\wth_generated_qc\HLA\HLA2019.WTH,wet_year;nitrogen_stress_year;low_response_year,wet,HLA2019_normal_grid_S0010,low_input_within_10pct_yield,2019-05-30,150,31,26,"{""sim_day"": 31.0, ""doy"": 150.0, ""topwt"": 27.381272315979004, ""grnwt"": 0.0, ""xlai"": 0.053309679031372, ""totir"": 0.0, ""tofer"": NaN, ""swfac"": 0.0, ""nstres"": 0.0}",0.0,0.0,27.381272315979004,0.0,0.053309679031372,0.0,,0.0,0.0,0.0,150.0,16.085461425781254,16.085461425781254,Leave_One_experiments/all_year_offline_schedule_search/daily_outputs/HLA/HLA_2019_HLA2019_normal_grid_S0010_daily.csv
HLA,HLA,Hailun,2019,Leave_One_experiments\wth_generated_qc\HLA\HLA2019.WTH,wet_year;nitrogen_stress_year;low_response_year,wet,HLA2019_normal_grid_S0010,low_input_within_10pct_yield,2019-05-31,151,32,27,"{""sim_day"": 32.0, ""doy"": 151.0, ""topwt"": 31.565747261047363, ""grnwt"": 0.0, ""xlai"": 0.0633016675710678, ""totir"": 0.0, ""tofer"": NaN, ""swfac"": 0.0, ""nstres"": 0.0}",0.0,0.0,31.565747261047363,0.0,0.0633016675710678,0.0,,0.0,0.0,0.0,150.0,16.085461425781254,16.085461425781254,Leave_One_experiments/all_year_offline_schedule_search/daily_outputs/HLA/HLA_2019_HLA2019_normal_grid_S0010_daily.csv
HLA,HLA,Hailun,2019,Leave_One_experiments\wth_generated_qc\HLA\HLA2019.WTH,wet_year;nitrogen_stress_year;low_response_year,wet,HLA2019_normal_grid_S0010,low_input_within_10pct_yield,2019-06-01,152,33,28,"{""sim_day"": 33.0, ""doy"": 152.0, ""topwt"": 35.753514766693115, ""grnwt"": 0.0, ""xlai"": 0.07290680706501, ""totir"": 0.0, ""tofer"": NaN, ""swfac"": 0.0, ""nstres"": 0.0}",0.0,0.0,35.753514766693115,0.0,0.07290680706501,0.0,,0.0,0.0,0.0,150.0,16.085461425781254,16.085461425781254,Leave_One_experiments/all_year_offline_schedule_search/daily_outputs/HLA/HLA_2019_HLA2019_normal_grid_S0010_daily.csv
HLA,HLA,Hailun,2019,Leave_One_experiments\wth_generated_qc\HLA\HLA2019.WTH,wet_year;nitrogen_stress_year;low_response_year,wet,HLA2019_normal_grid_S0010,low_input_within_10pct_yield,2019-06-02,153,34,29,"{""sim_day"": 34.0, ""doy"": 153.0, ""topwt"": 41.60180568695069, ""grnwt"": 0.0, ""xlai"": 0.0858005732297897, ""totir"": 0.0, ""tofer"": NaN, ""swfac"": 0.0, ""nstres"": 0.0}",0.0,0.0,41.60180568695069,0.0,0.0858005732297897,0.0,,0.0,0.0,0.0,150.0,16.085461425781254,16.085461425781254,Leave_One_experiments/all_year_offline_schedule_search/daily_outputs/HLA/HLA_2019_HLA2019_normal_grid_S0010_daily.csv
HLA,HLA,Hailun,2019,Leave_One_experiments\wth_generated_qc\HLA\HLA2019.WTH,wet_year;nitrogen_stress_year;low_response_year,wet,HLA2019_normal_grid_S0010,low_input_within_10pct_yield,2019-06-03,154,35,30,"{""sim_day"": 35.0, ""doy"": 154.0, ""topwt"": 51.13842487335205, ""grnwt"": 0.0, ""xlai"": 0.105828657746315, ""totir"": 0.0, ""tofer"": NaN, ""swfac"": 0.0, ""nstres"": 0.0}",0.0,0.0,51.13842487335205,0.0,0.105828657746315,0.0,,0.0,50.0,0.0,150.0,16.085461425781254,16.085461425781254,Leave_One_experiments/all_year_offline_schedule_search/daily_outputs/HLA/HLA_2019_HLA2019_normal_grid_S0010_daily.csv
HLA,HLA,Hailun,2019,Leave_One_experiments\wth_generated_qc\HLA\HLA2019.WTH,wet_year;nitrogen_stress_year;low_response_year,wet,HLA2019_normal_grid_S0010,low_input_within_10pct_yield,2019-06-04,155,36,31,"{""sim_day"": 36.0, ""doy"": 155.0, ""topwt"": 61.88721656799317, ""grnwt"": 0.0, ""xlai"": 0.1272768378257751, ""totir"": 0.0, ""tofer"": NaN, ""swfac"": 0.0, ""nstres"": 0.0}",0.0,0.0,61.88721656799317,0.0,0.1272768378257751,0.0,,0.0,0.0,0.0,150.0,16.085461425781254,16.085461425781254,Leave_One_experiments/all_year_offline_schedule_search/daily_outputs/HLA/HLA_2019_HLA2019_normal_grid_S0010_daily.csv
HLA,HLA,Hailun,2019,Leave_One_experiments\wth_generated_qc\HLA\HLA2019.WTH,wet_year;nitrogen_stress_year;low_response_year,wet,HLA2019_normal_grid_S0010,low_input_within_10pct_yield,2019-06-05,156,37,32,"{""sim_day"": 37.0, ""doy"": 156.0, ""topwt"": 71.4772891998291, ""grnwt"": 0.0, ""xlai"": 0.1456366926431656, ""totir"": 0.0, ""tofer"": NaN, ""swfac"": 0.0, ""nstres"": 0.0}",0.0,0.0,71.4772891998291,0.0,0.1456366926431656,0.0,,0.0,0.0,0.0,150.0,16.085461425781254,16.085461425781254,Leave_One_experiments/all_year_offline_schedule_search/daily_outputs/HLA/HLA_2019_HLA2019_normal_grid_S0010_daily.csv
HLA,HLA,Hailun,2019,Leave_One_experiments\wth_generated_qc\HLA\HLA2019.WTH,wet_year;nitrogen_stress_year;low_response_year,wet,HLA2019_normal_grid_S0010,low_input_within_10pct_yield,2019-06-06,157,38,33,"{""sim_day"": 38.0, ""doy"": 157.0, ""topwt"": 82.36065864562988, ""grnwt"": 0.0, ""xlai"": 0.165763646364212, ""totir"": 0.0, ""tofer"": NaN, ""swfac"": 0.0, ""nstres"": 0.0}",0.0,0.0,82.36065864562988,0.0,0.165763646364212,0.0,,0.0,0.0,0.0,150.0,16.085461425781254,16.085461425781254,Leave_One_experiments/all_year_offline_schedule_search/daily_outputs/HLA/HLA_2019_HLA2019_normal_grid_S0010_daily.csv
HLA,HLA,Hailun,2019,Leave_One_experiments\wth_generated_qc\HLA\HLA2019.WTH,wet_year;nitrogen_stress_year;low_response_year,wet,HLA2019_normal_grid_S0010,low_input_within_10pct_yield,2019-06-07,158,39,34,"{""sim_day"": 39.0, ""doy"": 158.0, ""topwt"": 96.22730255126952, ""grnwt"": 0.0, ""xlai"": 0.1905165314674377, ""totir"": 0.0, ""tofer"": NaN, ""swfac"": 0.0, ""nstres"": 0.0}",0.0,0.0,96.22730255126952,0.0,0.1905165314674377,0.0,,0.0,0.0,0.0,150.0,16.085461425781254,16.085461425781254,Leave_One_experiments/all_year_offline_schedule_search/daily_outputs/HLA/HLA_2019_HLA2019_normal_grid_S0010_daily.csv
HLA,HLA,Hailun,2019,Leave_One_experiments\wth_generated_qc\HLA\HLA2019.WTH,wet_year;nitrogen_stress_year;low_response_year,wet,HLA2019_normal_grid_S0010,low_input_within_10pct_yield,2019-06-08,159,40,35,"{""sim_day"": 40.0, ""doy"": 159.0, ""topwt"": 114.41032409667967, ""grnwt"": 0.0, ""xlai"": 0.2217504531145095, ""totir"": 0.0, ""tofer"": NaN, ""swfac"": 0.0, ""nstres"": 0.0}",0.0,0.0,114.41032409667967,0.0,0.2217504531145095,0.0,,0.0,0.0,0.0,150.0,16.085461425781254,16.085461425781254,Leave_One_experiments/all_year_offline_schedule_search/daily_outputs/HLA/HLA_2019_HLA2019_normal_grid_S0010_daily.csv
HLA,HLA,Hailun,2019,Leave_One_experiments\wth_generated_qc\HLA\HLA2019.WTH,wet_year;nitrogen_stress_year;low_response_year,wet,HLA2019_normal_grid_S0010,low_input_within_10pct_yield,2019-06-09,160,41,36,"{""sim_day"": 41.0, ""doy"": 160.0, ""topwt"": 135.42656898498535, ""grnwt"": 0.0, ""xlai"": 0.2564602494239807, ""totir"": 0.0, ""tofer"": NaN, ""swfac"": 0.0, ""nstres"": 0.0}",0.0,0.0,135.42656898498535,0.0,0.2564602494239807,0.0,,0.0,0.0,0.0,150.0,16.085461425781254,16.085461425781254,Leave_One_experiments/all_year_offline_schedule_search/daily_outputs/HLA/HLA_2019_HLA2019_normal_grid_S0010_daily.csv
HLA,HLA,Hailun,2019,Leave_One_experiments\wth_generated_qc\HLA\HLA2019.WTH,wet_year;nitrogen_stress_year;low_response_year,wet,HLA2019_normal_grid_S0010,low_input_within_10pct_yield,2019-06-10,161,42,37,"{""sim_day"": 42.0, ""doy"": 161.0, ""topwt"": 146.07046127319336, ""grnwt"": 0.0, ""xlai"": 0.2921865284442901, ""totir"": 0.0, ""tofer"": NaN, ""swfac"": 0.0, ""nstres"": 0.0}",0.0,0.0,146.07046127319336,0.0,0.2921865284442901,0.0,,0.0,0.0,0.0,150.0,16.085461425781254,16.085461425781254,Leave_One_experiments/all_year_offline_schedule_search/daily_outputs/HLA/HLA_2019_HLA2019_normal_grid_S0010_daily.csv
HLA,HLA,Hailun,2019,Leave_One_experiments\wth_generated_qc\HLA\HLA2019.WTH,wet_year;nitrogen_stress_year;low_response_year,wet,HLA2019_normal_grid_S0010,low_input_within_10pct_yield,2019-06-11,162,43,38,"{""sim_day"": 43.0, ""doy"": 162.0, ""topwt"": 169.84661102294922, ""grnwt"": 0.0, ""xlai"": 0.3319825232028961, ""totir"": 0.0, ""tofer"": NaN, ""swfac"": 0.0, ""nstres"": 0.0040414333343505}",0.0,0.0040414333343505,169.84661102294922,0.0,0.3319825232028961,0.0,,0.0,0.0,0.0,150.0,16.085461425781254,16.085461425781254,Leave_One_experiments/all_year_offline_schedule_search/daily_outputs/HLA/HLA_2019_HLA2019_normal_grid_S0010_daily.csv
HLA,HLA,Hailun,2019,Leave_One_experiments\wth_generated_qc\HLA\HLA2019.WTH,wet_year;nitrogen_stress_year;low_response_year,wet,HLA2019_normal_grid_S0010,low_input_within_10pct_yield,2019-06-12,163,44,39,"{""sim_day"": 44.0, ""doy"": 163.0, ""topwt"": 186.77967071533203, ""grnwt"": 0.0, ""xlai"": 0.3594175577163696, ""totir"": 0.0, ""tofer"": NaN, ""swfac"": 0.0, ""nstres"": 0.0}",0.0,0.0,186.77967071533203,0.0,0.3594175577163696,0.0,,0.0,0.0,0.0,150.0,16.085461425781254,16.085461425781254,Leave_One_experiments/all_year_offline_schedule_search/daily_outputs/HLA/HLA_2019_HLA2019_normal_grid_S0010_daily.csv
HLA,HLA,Hailun,2019,Leave_One_experiments\wth_generated_qc\HLA\HLA2019.WTH,wet_year;nitrogen_stress_year;low_response_year,wet,HLA2019_normal_grid_S0010,low_input_within_10pct_yield,2019-06-13,164,45,40,"{""sim_day"": 45.0, ""doy"": 164.0, ""topwt"": 201.7848014831543, ""grnwt"": 0.0, ""xlai"": 0.3832996487617492, ""totir"": 0.0, ""tofer"": NaN, ""swfac"": 0.0, ""nstres"": 0.0}",0.0,0.0,201.7848014831543,0.0,0.3832996487617492,0.0,,0.0,0.0,0.0,150.0,16.085461425781254,16.085461425781254,Leave_One_experiments/all_year_offline_schedule_search/daily_outputs/HLA/HLA_2019_HLA2019_normal_grid_S0010_daily.csv
HLA,HLA,Hailun,2019,Leave_One_experiments\wth_generated_qc\HLA\HLA2019.WTH,wet_year;nitrogen_stress_year;low_response_year,wet,HLA2019_normal_grid_S0010,low_input_within_10pct_yield,2019-06-14,165,46,41,"{""sim_day"": 46.0, ""doy"": 165.0, ""topwt"": 224.8532867431641, ""grnwt"": 0.0, ""xlai"": 0.4193794727325439, ""totir"": 0.0, ""tofer"": NaN, ""swfac"": 0.0, ""nstres"": 0.0}",0.0,0.0,224.8532867431641,0.0,0.4193794727325439,0.0,,0.0,0.0,0.0,150.0,16.085461425781254,16.085461425781254,Leave_One_experiments/all_year_offline_schedule_search/daily_outputs/HLA/HLA_2019_HLA2019_normal_grid_S0010_daily.csv
HLA,HLA,Hailun,2019,Leave_One_experiments\wth_generated_qc\HLA\HLA2019.WTH,wet_year;nitrogen_stress_year;low_response_year,wet,HLA2019_normal_grid_S0010,low_input_within_10pct_yield,2019-06-15,166,47,42,"{""sim_day"": 47.0, ""doy"": 166.0, ""topwt"": 248.50341796875, ""grnwt"": 0.0, ""xlai"": 0.4555350542068481, ""totir"": 0.0, ""tofer"": NaN, ""swfac"": 0.0, ""nstres"": 0.0}",0.0,0.0,248.50341796875,0.0,0.4555350542068481,0.0,,0.0,0.0,0.0,150.0,16.085461425781254,16.085461425781254,Leave_One_experiments/all_year_offline_schedule_search/daily_outputs/HLA/HLA_2019_HLA2019_normal_grid_S0010_daily.csv
HLA,HLA,Hailun,2019,Leave_One_experiments\wth_generated_qc\HLA\HLA2019.WTH,wet_year;nitrogen_stress_year;low_response_year,wet,HLA2019_normal_grid_S0010,low_input_within_10pct_yield,2019-06-16,167,48,43,"{""sim_day"": 48.0, ""doy"": 167.0, ""topwt"": 285.6926918029785, ""grnwt"": 0.0, ""xlai"": 0.5109000205993652, ""totir"": 0.0, ""tofer"": NaN, ""swfac"": 0.0, ""nstres"": 0.0}",0.0,0.0,285.6926918029785,0.0,0.5109000205993652,0.0,,0.0,0.0,0.0,150.0,16.085461425781254,16.085461425781254,Leave_One_experiments/all_year_offline_schedule_search/daily_outputs/HLA/HLA_2019_HLA2019_normal_grid_S0010_daily.csv
HLA,HLA,Hailun,2019,Leave_One_experiments\wth_generated_qc\HLA\HLA2019.WTH,wet_year;nitrogen_stress_year;low_response_year,wet,HLA2019_normal_grid_S0010,low_input_within_10pct_yield,2019-06-17,168,49,44,"{""sim_day"": 49.0, ""doy"": 168.0, ""topwt"": 321.4810943603516, ""grnwt"": 0.0, ""xlai"": 0.5604727268218994, ""totir"": 0.0, ""tofer"": NaN, ""swfac"": 0.0, ""nstres"": 0.0}",0.0,0.0,321.4810943603516,0.0,0.5604727268218994,0.0,,0.0,0.0,0.0,150.0,16.085461425781254,16.085461425781254,Leave_One_experiments/all_year_offline_schedule_search/daily_outputs/HLA/HLA_2019_HLA2019_normal_grid_S0010_daily.csv
HLA,HLA,Hailun,2019,Leave_One_experiments\wth_generated_qc\HLA\HLA2019.WTH,wet_year;nitrogen_stress_year;low_response_year,wet,HLA2019_normal_grid_S0010,low_input_within_10pct_yield,2019-06-18,169,50,45,"{""sim_day"": 50.0, ""doy"": 169.0, ""topwt"": 368.9064407348633, ""grnwt"": 0.0, ""xlai"": 0.6292502880096436, ""totir"": 0.0, ""tofer"": NaN, ""swfac"": 0.0, ""nstres"": 0.0}",0.0,0.0,368.9064407348633,0.0,0.6292502880096436,0.0,,0.0,0.0,0.0,150.0,16.085461425781254,16.085461425781254,Leave_One_experiments/all_year_offline_schedule_search/daily_outputs/HLA/HLA_2019_HLA2019_normal_grid_S0010_daily.csv
HLA,HLA,Hailun,2019,Leave_One_experiments\wth_generated_qc\HLA\HLA2019.WTH,wet_year;nitrogen_stress_year;low_response_year,wet,HLA2019_normal_grid_S0010,low_input_within_10pct_yield,2019-06-19,170,51,46,"{""sim_day"": 51.0, ""doy"": 170.0, ""topwt"": 401.7758941650391, ""grnwt"": 0.0, ""xlai"": 0.675579309463501, ""totir"": 0.0, ""tofer"": NaN, ""swfac"": 0.0, ""nstres"": 0.0}",0.0,0.0,401.7758941650391,0.0,0.675579309463501,0.0,,0.0,0.0,0.0,150.0,16.085461425781254,16.085461425781254,Leave_One_experiments/all_year_offline_schedule_search/daily_outputs/HLA/HLA_2019_HLA2019_normal_grid_S0010_daily.csv
HLA,HLA,Hailun,2019,Leave_One_experiments\wth_generated_qc\HLA\HLA2019.WTH,wet_year;nitrogen_stress_year;low_response_year,wet,HLA2019_normal_grid_S0010,low_input_within_10pct_yield,2019-06-20,171,52,47,"{""sim_day"": 52.0, ""doy"": 171.0, ""topwt"": 454.2475128173828, ""grnwt"": 0.0, ""xlai"": 0.7471507787704468, ""totir"": 0.0, ""tofer"": NaN, ""swfac"": 0.0, ""nstres"": 0.0}",0.0,0.0,454.2475128173828,0.0,0.7471507787704468,0.0,,0.0,0.0,0.0,150.0,16.085461425781254,16.085461425781254,Leave_One_experiments/all_year_offline_schedule_search/daily_outputs/HLA/HLA_2019_HLA2019_normal_grid_S0010_daily.csv
HLA,HLA,Hailun,2019,Leave_One_experiments\wth_generated_qc\HLA\HLA2019.WTH,wet_year;nitrogen_stress_year;low_response_year,wet,HLA2019_normal_grid_S0010,low_input_within_10pct_yield,2019-06-21,172,53,48,"{""sim_day"": 53.0, ""doy"": 172.0, ""topwt"": 517.0893859863281, ""grnwt"": 0.0, ""xlai"": 0.8293602466583252, ""totir"": 0.0, ""tofer"": NaN, ""swfac"": 0.0, ""nstres"": 0.0}",0.0,0.0,517.0893859863281,0.0,0.8293602466583252,0.0,,0.0,0.0,0.0,150.0,16.085461425781254,16.085461425781254,Leave_One_experiments/all_year_offline_schedule_search/daily_outputs/HLA/HLA_2019_HLA2019_normal_grid_S0010_daily.csv
HLA,HLA,Hailun,2019,Leave_One_experiments\wth_generated_qc\HLA\HLA2019.WTH,wet_year;nitrogen_stress_year;low_response_year,wet,HLA2019_normal_grid_S0010,low_input_within_10pct_yield,2019-06-22,173,54,49,"{""sim_day"": 54.0, ""doy"": 173.0, ""topwt"": 602.9590606689453, ""grnwt"": 0.0, ""xlai"": 0.9362908005714417, ""totir"": 0.0, ""tofer"": NaN, ""swfac"": 0.0, ""nstres"": 0.0}",0.0,0.0,602.9590606689453,0.0,0.9362908005714417,0.0,,0.0,0.0,0.0,150.0,16.085461425781254,16.085461425781254,Leave_One_experiments/all_year_offline_schedule_search/daily_outputs/HLA/HLA_2019_HLA2019_normal_grid_S0010_daily.csv
HLA,HLA,Hailun,2019,Leave_One_experiments\wth_generated_qc\HLA\HLA2019.WTH,wet_year;nitrogen_stress_year;low_response_year,wet,HLA2019_normal_grid_S0010,low_input_within_10pct_yield,2019-06-23,174,55,50,"{""sim_day"": 55.0, ""doy"": 174.0, ""topwt"": 707.5125885009766, ""grnwt"": 0.0, ""xlai"": 1.0589449405670166, ""totir"": 0.0, ""tofer"": NaN, ""swfac"": 0.0, ""nstres"": 0.0}",0.0,0.0,707.5125885009766,0.0,1.0589449405670166,0.0,,0.0,0.0,0.0,150.0,16.085461425781254,16.085461425781254,Leave_One_experiments/all_year_offline_schedule_search/daily_outputs/HLA/HLA_2019_HLA2019_normal_grid_S0010_daily.csv
HLA,HLA,Hailun,2019,Leave_One_experiments\wth_generated_qc\HLA\HLA2019.WTH,wet_year;nitrogen_stress_year;low_response_year,wet,HLA2019_normal_grid_S0010,low_input_within_10pct_yield,2019-06-24,175,56,51,"{""sim_day"": 56.0, ""doy"": 175.0, ""topwt"": 829.4465637207031, ""grnwt"": 0.0, ""xlai"": 1.192650318145752, ""totir"": 0.0, ""tofer"": NaN, ""swfac"": 0.0, ""nstres"": 0.0}",0.0,0.0,829.4465637207031,0.0,1.192650318145752,0.0,,0.0,0.0,0.0,150.0,16.085461425781254,16.085461425781254,Leave_One_experiments/all_year_offline_schedule_search/daily_outputs/HLA/HLA_2019_HLA2019_normal_grid_S0010_daily.csv
HLA,HLA,Hailun,2019,Leave_One_experiments\wth_generated_qc\HLA\HLA2019.WTH,wet_year;nitrogen_stress_year;low_response_year,wet,HLA2019_normal_grid_S0010,low_input_within_10pct_yield,2019-06-25,176,57,52,"{""sim_day"": 57.0, ""doy"": 176.0, ""topwt"": 909.0424346923828, ""grnwt"": 0.0, ""xlai"": 1.2751365900039673, ""totir"": 0.0, ""tofer"": NaN, ""swfac"": 0.0, ""nstres"": 0.0}",0.0,0.0,909.0424346923828,0.0,1.2751365900039673,0.0,,0.0,0.0,0.0,150.0,16.085461425781254,16.085461425781254,Leave_One_experiments/all_year_offline_schedule_search/daily_outputs/HLA/HLA_2019_HLA2019_normal_grid_S0010_daily.csv
HLA,HLA,Hailun,2019,Leave_One_experiments\wth_generated_qc\HLA\HLA2019.WTH,wet_year;nitrogen_stress_year;low_response_year,wet,HLA2019_normal_grid_S0010,low_input_within_10pct_yield,2019-06-26,177,58,53,"{""sim_day"": 58.0, ""doy"": 177.0, ""topwt"": 965.4452514648438, ""grnwt"": 0.0, ""xlai"": 1.3312700986862185, ""totir"": 0.0, ""tofer"": NaN, ""swfac"": 0.0, ""nstres"": 0.0}",0.0,0.0,965.4452514648438,0.0,1.3312700986862185,0.0,,0.0,0.0,0.0,150.0,16.085461425781254,16.085461425781254,Leave_One_experiments/all_year_offline_schedule_search/daily_outputs/HLA/HLA_2019_HLA2019_normal_grid_S0010_daily.csv
HLA,HLA,Hailun,2019,Leave_One_experiments\wth_generated_qc\HLA\HLA2019.WTH,wet_year;nitrogen_stress_year;low_response_year,wet,HLA2019_normal_grid_S0010,low_input_within_10pct_yield,2019-06-27,178,59,54,"{""sim_day"": 59.0, ""doy"": 178.0, ""topwt"": 1003.8948059082032, ""grnwt"": 0.0, ""xlai"": 1.368604302406311, ""totir"": 0.0, ""tofer"": NaN, ""swfac"": 0.0, ""nstres"": 0.0}",0.0,0.0,1003.8948059082032,0.0,1.368604302406311,0.0,,0.0,0.0,0.0,150.0,16.085461425781254,16.085461425781254,Leave_One_experiments/all_year_offline_schedule_search/daily_outputs/HLA/HLA_2019_HLA2019_normal_grid_S0010_daily.csv
HLA,HLA,Hailun,2019,Leave_One_experiments\wth_generated_qc\HLA\HLA2019.WTH,wet_year;nitrogen_stress_year;low_response_year,wet,HLA2019_normal_grid_S0010,low_input_within_10pct_yield,2019-06-28,179,60,55,"{""sim_day"": 60.0, ""doy"": 179.0, ""topwt"": 1033.5938262939453, ""grnwt"": 0.0, ""xlai"": 1.3967276811599731, ""totir"": 0.0, ""tofer"": NaN, ""swfac"": 0.0, ""nstres"": 0.0}",0.0,0.0,1033.5938262939453,0.0,1.3967276811599731,0.0,,0.0,0.0,0.0,150.0,16.085461425781254,16.085461425781254,Leave_One_experiments/all_year_offline_schedule_search/daily_outputs/HLA/HLA_2019_HLA2019_normal_grid_S0010_daily.csv
HLA,HLA,Hailun,2019,Leave_One_experiments\wth_generated_qc\HLA\HLA2019.WTH,wet_year;nitrogen_stress_year;low_response_year,wet,HLA2019_normal_grid_S0010,low_input_within_10pct_yield,2019-06-29,180,61,56,"{""sim_day"": 61.0, ""doy"": 180.0, ""topwt"": 1078.0341339111328, ""grnwt"": 0.0, ""xlai"": 1.437540054321289, ""totir"": 0.0, ""tofer"": NaN, ""swfac"": 0.0, ""nstres"": 0.0}",0.0,0.0,1078.0341339111328,0.0,1.437540054321289,0.0,,0.0,0.0,0.0,150.0,16.085461425781254,16.085461425781254,Leave_One_experiments/all_year_offline_schedule_search/daily_outputs/HLA/HLA_2019_HLA2019_normal_grid_S0010_daily.csv
HLA,HLA,Hailun,2019,Leave_One_experiments\wth_generated_qc\HLA\HLA2019.WTH,wet_year;nitrogen_stress_year;low_response_year,wet,HLA2019_normal_grid_S0010,low_input_within_10pct_yield,2019-06-30,181,62,57,"{""sim_day"": 62.0, ""doy"": 181.0, ""topwt"": 1148.5009002685547, ""grnwt"": 0.0, ""xlai"": 1.499649167060852, ""totir"": 0.0, ""tofer"": NaN, ""swfac"": 0.0, ""nstres"": 0.0}",0.0,0.0,1148.5009002685547,0.0,1.499649167060852,0.0,,0.0,0.0,0.0,150.0,16.085461425781254,16.085461425781254,Leave_One_experiments/all_year_offline_schedule_search/daily_outputs/HLA/HLA_2019_HLA2019_normal_grid_S0010_daily.csv
HLA,HLA,Hailun,2019,Leave_One_experiments\wth_generated_qc\HLA\HLA2019.WTH,wet_year;nitrogen_stress_year;low_response_year,wet,HLA2019_normal_grid_S0010,low_input_within_10pct_yield,2019-07-01,182,63,58,"{""sim_day"": 63.0, ""doy"": 182.0, ""topwt"": 1194.8046875, ""grnwt"": 0.0, ""xlai"": 1.538815975189209, ""totir"": 0.0, ""tofer"": NaN, ""swfac"": 0.0, ""nstres"": 0.0}",0.0,0.0,1194.8046875,0.0,1.538815975189209,0.0,,0.0,0.0,0.0,150.0,16.085461425781254,16.085461425781254,Leave_One_experiments/all_year_offline_schedule_search/daily_outputs/HLA/HLA_2019_HLA2019_normal_grid_S0010_daily.csv
HLA,HLA,Hailun,2019,Leave_One_experiments\wth_generated_qc\HLA\HLA2019.WTH,wet_year;nitrogen_stress_year;low_response_year,wet,HLA2019_normal_grid_S0010,low_input_within_10pct_yield,2019-07-02,183,64,59,"{""sim_day"": 64.0, ""doy"": 183.0, ""topwt"": 1233.931884765625, ""grnwt"": 0.0, ""xlai"": 1.570655107498169, ""totir"": 0.0, ""tofer"": NaN, ""swfac"": 0.0, ""nstres"": 0.0}",0.0,0.0,1233.931884765625,0.0,1.570655107498169,0.0,,0.0,0.0,0.0,150.0,16.085461425781254,16.085461425781254,Leave_One_experiments/all_year_offline_schedule_search/daily_outputs/HLA/HLA_2019_HLA2019_normal_grid_S0010_daily.csv
HLA,HLA,Hailun,2019,Leave_One_experiments\wth_generated_qc\HLA\HLA2019.WTH,wet_year;nitrogen_stress_year;low_response_year,wet,HLA2019_normal_grid_S0010,low_input_within_10pct_yield,2019-07-03,184,65,60,"{""sim_day"": 65.0, ""doy"": 184.0, ""topwt"": 1297.3043823242188, ""grnwt"": 0.0, ""xlai"": 1.6201679706573486, ""totir"": 0.0, ""tofer"": NaN, ""swfac"": 0.0, ""nstres"": 0.0}",0.0,0.0,1297.3043823242188,0.0,1.6201679706573486,0.0,,0.0,50.0,0.0,150.0,16.085461425781254,16.085461425781254,Leave_One_experiments/all_year_offline_schedule_search/daily_outputs/HLA/HLA_2019_HLA2019_normal_grid_S0010_daily.csv
HLA,HLA,Hailun,2019,Leave_One_experiments\wth_generated_qc\HLA\HLA2019.WTH,wet_year;nitrogen_stress_year;low_response_year,wet,HLA2019_normal_grid_S0010,low_input_within_10pct_yield,2019-07-04,185,66,61,"{""sim_day"": 66.0, ""doy"": 185.0, ""topwt"": 1342.4934387207031, ""grnwt"": 0.0, ""xlai"": 1.6538991928100586, ""totir"": 0.0, ""tofer"": NaN, ""swfac"": 0.0, ""nstres"": 0.0}",0.0,0.0,1342.4934387207031,0.0,1.6538991928100586,0.0,,0.0,0.0,0.0,150.0,16.085461425781254,16.085461425781254,Leave_One_experiments/all_year_offline_schedule_search/daily_outputs/HLA/HLA_2019_HLA2019_normal_grid_S0010_daily.csv
HLA,HLA,Hailun,2019,Leave_One_experiments\wth_generated_qc\HLA\HLA2019.WTH,wet_year;nitrogen_stress_year;low_response_year,wet,HLA2019_normal_grid_S0010,low_input_within_10pct_yield,2019-07-05,186,67,62,"{""sim_day"": 67.0, ""doy"": 186.0, ""topwt"": 1392.5935363769531, ""grnwt"": 0.0, ""xlai"": 1.6894868612289429, ""totir"": 0.0, ""tofer"": NaN, ""swfac"": 0.0, ""nstres"": 0.0}",0.0,0.0,1392.5935363769531,0.0,1.6894868612289429,0.0,,0.0,0.0,0.0,150.0,16.085461425781254,16.085461425781254,Leave_One_experiments/all_year_offline_schedule_search/daily_outputs/HLA/HLA_2019_HLA2019_normal_grid_S0010_daily.csv
HLA,HLA,Hailun,2019,Leave_One_experiments\wth_generated_qc\HLA\HLA2019.WTH,wet_year;nitrogen_stress_year;low_response_year,wet,HLA2019_normal_grid_S0010,low_input_within_10pct_yield,2019-07-06,187,68,63,"{""sim_day"": 68.0, ""doy"": 187.0, ""topwt"": 1487.1865844726562, ""grnwt"": 0.0, ""xlai"": 1.7525769472122192, ""totir"": 0.0, ""tofer"": NaN, ""swfac"": 0.0, ""nstres"": 0.0}",0.0,0.0,1487.1865844726562,0.0,1.7525769472122192,0.0,,0.0,0.0,0.0,150.0,16.085461425781254,16.085461425781254,Leave_One_experiments/all_year_offline_schedule_search/daily_outputs/HLA/HLA_2019_HLA2019_normal_grid_S0010_daily.csv
HLA,HLA,Hailun,2019,Leave_One_experiments\wth_generated_qc\HLA\HLA2019.WTH,wet_year;nitrogen_stress_year;low_response_year,wet,HLA2019_normal_grid_S0010,low_input_within_10pct_yield,2019-07-07,188,69,64,"{""sim_day"": 69.0, ""doy"": 188.0, ""topwt"": 1632.17041015625, ""grnwt"": 0.0, ""xlai"": 1.843117356300354, ""totir"": 0.0, ""tofer"": NaN, ""swfac"": 0.0, ""nstres"": 0.0}",0.0,0.0,1632.17041015625,0.0,1.843117356300354,0.0,,0.0,0.0,0.0,150.0,16.085461425781254,16.085461425781254,Leave_One_experiments/all_year_offline_schedule_search/daily_outputs/HLA/HLA_2019_HLA2019_normal_grid_S0010_daily.csv
HLA,HLA,Hailun,2019,Leave_One_experiments\wth_generated_qc\HLA\HLA2019.WTH,wet_year;nitrogen_stress_year;low_response_year,wet,HLA2019_normal_grid_S0010,low_input_within_10pct_yield,2019-07-08,189,70,65,"{""sim_day"": 70.0, ""doy"": 189.0, ""topwt"": 1854.791259765625, ""grnwt"": 0.0, ""xlai"": 1.971951484680176, ""totir"": 0.0, ""tofer"": NaN, ""swfac"": 0.0, ""nstres"": 0.0}",0.0,0.0,1854.791259765625,0.0,1.971951484680176,0.0,,0.0,0.0,0.0,150.0,16.085461425781254,16.085461425781254,Leave_One_experiments/all_year_offline_schedule_search/daily_outputs/HLA/HLA_2019_HLA2019_normal_grid_S0010_daily.csv
HLA,HLA,Hailun,2019,Leave_One_experiments\wth_generated_qc\HLA\HLA2019.WTH,wet_year;nitrogen_stress_year;low_response_year,wet,HLA2019_normal_grid_S0010,low_input_within_10pct_yield,2019-07-09,190,71,66,"{""sim_day"": 71.0, ""doy"": 190.0, ""topwt"": 2098.0145263671875, ""grnwt"": 0.0, ""xlai"": 2.1022839546203613, ""totir"": 0.0, ""tofer"": NaN, ""swfac"": 0.0, ""nstres"": 0.0}",0.0,0.0,2098.0145263671875,0.0,2.1022839546203613,0.0,,0.0,0.0,0.0,150.0,16.085461425781254,16.085461425781254,Leave_One_experiments/all_year_offline_schedule_search/daily_outputs/HLA/HLA_2019_HLA2019_normal_grid_S0010_daily.csv
HLA,HLA,Hailun,2019,Leave_One_experiments\wth_generated_qc\HLA\HLA2019.WTH,wet_year;nitrogen_stress_year;low_response_year,wet,HLA2019_normal_grid_S0010,low_input_within_10pct_yield,2019-07-10,191,72,67,"{""sim_day"": 72.0, ""doy"": 191.0, ""topwt"": 2332.3812866210938, ""grnwt"": 0.0, ""xlai"": 2.2195487022399902, ""totir"": 0.0, ""tofer"": NaN, ""swfac"": 0.0, ""nstres"": 0.0}",0.0,0.0,2332.3812866210938,0.0,2.2195487022399902,0.0,,0.0,0.0,0.0,150.0,16.085461425781254,16.085461425781254,Leave_One_experiments/all_year_offline_schedule_search/daily_outputs/HLA/HLA_2019_HLA2019_normal_grid_S0010_daily.csv
HLA,HLA,Hailun,2019,Leave_One_experiments\wth_generated_qc\HLA\HLA2019.WTH,wet_year;nitrogen_stress_year;low_response_year,wet,HLA2019_normal_grid_S0010,low_input_within_10pct_yield,2019-07-11,192,73,68,"{""sim_day"": 73.0, ""doy"": 192.0, ""topwt"": 2594.8046875, ""grnwt"": 0.0, ""xlai"": 2.372287511825561, ""totir"": 0.0, ""tofer"": NaN, ""swfac"": 0.0, ""nstres"": 0.0}",0.0,0.0,2594.8046875,0.0,2.372287511825561,0.0,,0.0,0.0,0.0,150.0,16.085461425781254,16.085461425781254,Leave_One_experiments/all_year_offline_schedule_search/daily_outputs/HLA/HLA_2019_HLA2019_normal_grid_S0010_daily.csv
HLA,HLA,Hailun,2019,Leave_One_experiments\wth_generated_qc\HLA\HLA2019.WTH,wet_year;nitrogen_stress_year;low_response_year,wet,HLA2019_normal_grid_S0010,low_input_within_10pct_yield,2019-07-12,193,74,69,"{""sim_day"": 74.0, ""doy"": 193.0, ""topwt"": 2913.8006591796875, ""grnwt"": 0.0, ""xlai"": 2.51660704612732, ""totir"": 0.0, ""tofer"": NaN, ""swfac"": 0.0, ""nstres"": 0.0}",0.0,0.0,2913.8006591796875,0.0,2.51660704612732,0.0,,0.0,0.0,0.0,150.0,16.085461425781254,16.085461425781254,Leave_One_experiments/all_year_offline_schedule_search/daily_outputs/HLA/HLA_2019_HLA2019_normal_grid_S0010_daily.csv
HLA,HLA,Hailun,2019,Leave_One_experiments\wth_generated_qc\HLA\HLA2019.WTH,wet_year;nitrogen_stress_year;low_response_year,wet,HLA2019_normal_grid_S0010,low_input_within_10pct_yield,2019-07-13,194,75,70,"{""sim_day"": 75.0, ""doy"": 194.0, ""topwt"": 3179.627990722656, ""grnwt"": 0.0, ""xlai"": 2.621579647064209, ""totir"": 0.0, ""tofer"": NaN, ""swfac"": 0.0, ""nstres"": 0.0}",0.0,0.0,3179.627990722656,0.0,2.621579647064209,0.0,,0.0,0.0,0.0,150.0,16.085461425781254,16.085461425781254,Leave_One_experiments/all_year_offline_schedule_search/daily_outputs/HLA/HLA_2019_HLA2019_normal_grid_S0010_daily.csv
HLA,HLA,Hailun,2019,Leave_One_experiments\wth_generated_qc\HLA\HLA2019.WTH,wet_year;nitrogen_stress_year;low_response_year,wet,HLA2019_normal_grid_S0010,low_input_within_10pct_yield,2019-07-14,195,76,71,"{""sim_day"": 76.0, ""doy"": 195.0, ""topwt"": 3456.361083984375, ""grnwt"": 0.0, ""xlai"": 2.7195448875427246, ""totir"": 0.0, ""tofer"": NaN, ""swfac"": 0.0, ""nstres"": 0.0}",0.0,0.0,3456.361083984375,0.0,2.7195448875427246,0.0,,0.0,0.0,0.0,150.0,16.085461425781254,16.085461425781254,Leave_One_experiments/all_year_offline_schedule_search/daily_outputs/HLA/HLA_2019_HLA2019_normal_grid_S0010_daily.csv
HLA,HLA,Hailun,2019,Leave_One_experiments\wth_generated_qc\HLA\HLA2019.WTH,wet_year;nitrogen_stress_year;low_response_year,wet,HLA2019_normal_grid_S0010,low_input_within_10pct_yield,2019-07-15,196,77,72,"{""sim_day"": 77.0, ""doy"": 196.0, ""topwt"": 3662.8814697265625, ""grnwt"": 0.0, ""xlai"": 2.786689758300781, ""totir"": 0.0, ""tofer"": NaN, ""swfac"": 0.0, ""nstres"": 0.0}",0.0,0.0,3662.8814697265625,0.0,2.786689758300781,0.0,,0.0,0.0,0.0,150.0,16.085461425781254,16.085461425781254,Leave_One_experiments/all_year_offline_schedule_search/daily_outputs/HLA/HLA_2019_HLA2019_normal_grid_S0010_daily.csv
HLA,HLA,Hailun,2019,Leave_One_experiments\wth_generated_qc\HLA\HLA2019.WTH,wet_year;nitrogen_stress_year;low_response_year,wet,HLA2019_normal_grid_S0010,low_input_within_10pct_yield,2019-07-16,197,78,73,"{""sim_day"": 78.0, ""doy"": 197.0, ""topwt"": 3913.839111328125, ""grnwt"": 0.0, ""xlai"": 2.862863302230835, ""totir"": 0.0, ""tofer"": NaN, ""swfac"": 0.0, ""nstres"": 0.0}",0.0,0.0,3913.839111328125,0.0,2.862863302230835,0.0,,0.0,0.0,0.0,150.0,16.085461425781254,16.085461425781254,Leave_One_experiments/all_year_offline_schedule_search/daily_outputs/HLA/HLA_2019_HLA2019_normal_grid_S0010_daily.csv
HLA,HLA,Hailun,2019,Leave_One_experiments\wth_generated_qc\HLA\HLA2019.WTH,wet_year;nitrogen_stress_year;low_response_year,wet,HLA2019_normal_grid_S0010,low_input_within_10pct_yield,2019-07-17,198,79,74,"{""sim_day"": 79.0, ""doy"": 198.0, ""topwt"": 4152.798767089844, ""grnwt"": 0.0, ""xlai"": 2.9312961101531982, ""totir"": 0.0, ""tofer"": NaN, ""swfac"": 0.0, ""nstres"": 0.0}",0.0,0.0,4152.798767089844,0.0,2.9312961101531982,0.0,,0.0,0.0,0.0,150.0,16.085461425781254,16.085461425781254,Leave_One_experiments/all_year_offline_schedule_search/daily_outputs/HLA/HLA_2019_HLA2019_normal_grid_S0010_daily.csv
HLA,HLA,Hailun,2019,Leave_One_experiments\wth_generated_qc\HLA\HLA2019.WTH,wet_year;nitrogen_stress_year;low_response_year,wet,HLA2019_normal_grid_S0010,low_input_within_10pct_yield,2019-07-18,199,80,75,"{""sim_day"": 80.0, ""doy"": 199.0, ""topwt"": 4389.871826171875, ""grnwt"": 0.0, ""xlai"": 2.9957756996154785, ""totir"": 0.0, ""tofer"": NaN, ""swfac"": 0.0, ""nstres"": 0.0}",0.0,0.0,4389.871826171875,0.0,2.9957756996154785,0.0,,0.0,0.0,0.0,150.0,16.085461425781254,16.085461425781254,Leave_One_experiments/all_year_offline_schedule_search/daily_outputs/HLA/HLA_2019_HLA2019_normal_grid_S0010_daily.csv
HLA,HLA,Hailun,2019,Leave_One_experiments\wth_generated_qc\HLA\HLA2019.WTH,wet_year;nitrogen_stress_year;low_response_year,wet,HLA2019_normal_grid_S0010,low_input_within_10pct_yield,2019-07-19,200,81,76,"{""sim_day"": 81.0, ""doy"": 200.0, ""topwt"": 4675.528564453125, ""grnwt"": 0.0, ""xlai"": 3.069308280944824, ""totir"": 0.0, ""tofer"": NaN, ""swfac"": 0.0, ""nstres"": 0.0}",0.0,0.0,4675.528564453125,0.0,3.069308280944824,0.0,,0.0,0.0,0.0,150.0,16.085461425781254,16.085461425781254,Leave_One_experiments/all_year_offline_schedule_search/daily_outputs/HLA/HLA_2019_HLA2019_normal_grid_S0010_daily.csv
HLA,HLA,Hailun,2019,Leave_One_experiments\wth_generated_qc\HLA\HLA2019.WTH,wet_year;nitrogen_stress_year;low_response_year,wet,HLA2019_normal_grid_S0010,low_input_within_10pct_yield,2019-07-20,201,82,77,"{""sim_day"": 82.0, ""doy"": 201.0, ""topwt"": 4863.887939453125, ""grnwt"": 0.0, ""xlai"": 3.1155788898468018, ""totir"": 0.0, ""tofer"": NaN, ""swfac"": 0.0, ""nstres"": 0.0}",0.0,0.0,4863.887939453125,0.0,3.1155788898468018,0.0,,0.0,0.0,0.0,150.0,16.085461425781254,16.085461425781254,Leave_One_experiments/all_year_offline_schedule_search/daily_outputs/HLA/HLA_2019_HLA2019_normal_grid_S0010_daily.csv
HLA,HLA,Hailun,2019,Leave_One_experiments\wth_generated_qc\HLA\HLA2019.WTH,wet_year;nitrogen_stress_year;low_response_year,wet,HLA2019_normal_grid_S0010,low_input_within_10pct_yield,2019-07-21,202,83,78,"{""sim_day"": 83.0, ""doy"": 202.0, ""topwt"": 5102.9962158203125, ""grnwt"": 0.0, ""xlai"": 3.174328327178955, ""totir"": 0.0, ""tofer"": NaN, ""swfac"": 0.0, ""nstres"": 0.0}",0.0,0.0,5102.9962158203125,0.0,3.174328327178955,0.0,,0.0,0.0,0.0,150.0,16.085461425781254,16.085461425781254,Leave_One_experiments/all_year_offline_schedule_search/daily_outputs/HLA/HLA_2019_HLA2019_normal_grid_S0010_daily.csv
HLA,HLA,Hailun,2019,Leave_One_experiments\wth_generated_qc\HLA\HLA2019.WTH,wet_year;nitrogen_stress_year;low_response_year,wet,HLA2019_normal_grid_S0010,low_input_within_10pct_yield,2019-07-22,203,84,79,"{""sim_day"": 84.0, ""doy"": 203.0, ""topwt"": 5318.1524658203125, ""grnwt"": 0.0, ""xlai"": 3.227101802825928, ""totir"": 0.0, ""tofer"": NaN, ""swfac"": 0.0, ""nstres"": 0.0}",0.0,0.0,5318.1524658203125,0.0,3.227101802825928,0.0,,0.0,0.0,0.0,150.0,16.085461425781254,16.085461425781254,Leave_One_experiments/all_year_offline_schedule_search/daily_outputs/HLA/HLA_2019_HLA2019_normal_grid_S0010_daily.csv
HLA,HLA,Hailun,2019,Leave_One_experiments\wth_generated_qc\HLA\HLA2019.WTH,wet_year;nitrogen_stress_year;low_response_year,wet,HLA2019_normal_grid_S0010,low_input_within_10pct_yield,2019-07-23,204,85,80,"{""sim_day"": 85.0, ""doy"": 204.0, ""topwt"": 5503.794555664063, ""grnwt"": 0.0, ""xlai"": 3.272545576095581, ""totir"": 0.0, ""tofer"": NaN, ""swfac"": 0.0, ""nstres"": 0.0}",0.0,0.0,5503.794555664063,0.0,3.272545576095581,0.0,,0.0,0.0,0.0,150.0,16.085461425781254,16.085461425781254,Leave_One_experiments/all_year_offline_schedule_search/daily_outputs/HLA/HLA_2019_HLA2019_normal_grid_S0010_daily.csv
HLA,HLA,Hailun,2019,Leave_One_experiments\wth_generated_qc\HLA\HLA2019.WTH,wet_year;nitrogen_stress_year;low_response_year,wet,HLA2019_normal_grid_S0010,low_input_within_10pct_yield,2019-07-24,205,86,81,"{""sim_day"": 86.0, ""doy"": 205.0, ""topwt"": 5669.747924804688, ""grnwt"": 0.0, ""xlai"": 3.312913656234741, ""totir"": 0.0, ""tofer"": NaN, ""swfac"": 0.0, ""nstres"": 0.0004408359527587}",0.0,0.0004408359527587,5669.747924804688,0.0,3.312913656234741,0.0,,0.0,0.0,0.0,150.0,16.085461425781254,16.085461425781254,Leave_One_experiments/all_year_offline_schedule_search/daily_outputs/HLA/HLA_2019_HLA2019_normal_grid_S0010_daily.csv
HLA,HLA,Hailun,2019,Leave_One_experiments\wth_generated_qc\HLA\HLA2019.WTH,wet_year;nitrogen_stress_year;low_response_year,wet,HLA2019_normal_grid_S0010,low_input_within_10pct_yield,2019-07-25,206,87,82,"{""sim_day"": 87.0, ""doy"": 206.0, ""topwt"": 5805.499877929688, ""grnwt"": 0.0, ""xlai"": 3.3430490493774414, ""totir"": 0.0, ""tofer"": NaN, ""swfac"": 0.0, ""nstres"": 0.0070421695709228}",0.0,0.0070421695709228,5805.499877929688,0.0,3.3430490493774414,0.0,,0.0,0.0,0.0,150.0,16.085461425781254,16.085461425781254,Leave_One_experiments/all_year_offline_schedule_search/daily_outputs/HLA/HLA_2019_HLA2019_normal_grid_S0010_daily.csv
HLA,HLA,Hailun,2019,Leave_One_experiments\wth_generated_qc\HLA\HLA2019.WTH,wet_year;nitrogen_stress_year;low_response_year,wet,HLA2019_normal_grid_S0010,low_input_within_10pct_yield,2019-07-26,207,88,83,"{""sim_day"": 88.0, ""doy"": 207.0, ""topwt"": 5980.58349609375, ""grnwt"": 0.0, ""xlai"": 3.382241725921631, ""totir"": 0.0, ""tofer"": NaN, ""swfac"": 0.0, ""nstres"": 0.008367121219635}",0.0,0.008367121219635,5980.58349609375,0.0,3.382241725921631,0.0,,0.0,0.0,0.0,150.0,16.085461425781254,16.085461425781254,Leave_One_experiments/all_year_offline_schedule_search/daily_outputs/HLA/HLA_2019_HLA2019_normal_grid_S0010_daily.csv
HLA,HLA,Hailun,2019,Leave_One_experiments\wth_generated_qc\HLA\HLA2019.WTH,wet_year;nitrogen_stress_year;low_response_year,wet,HLA2019_normal_grid_S0010,low_input_within_10pct_yield,2019-07-27,208,89,84,"{""sim_day"": 89.0, ""doy"": 208.0, ""topwt"": 6172.716674804688, ""grnwt"": 0.0, ""xlai"": 3.2279253005981445, ""totir"": 0.0, ""tofer"": NaN, ""swfac"": 0.0, ""nstres"": 0.0063884258270263}",0.0,0.0063884258270263,6172.716674804688,0.0,3.2279253005981445,0.0,,0.0,0.0,0.0,150.0,16.085461425781254,16.085461425781254,Leave_One_experiments/all_year_offline_schedule_search/daily_outputs/HLA/HLA_2019_HLA2019_normal_grid_S0010_daily.csv
HLA,HLA,Hailun,2019,Leave_One_experiments\wth_generated_qc\HLA\HLA2019.WTH,wet_year;nitrogen_stress_year;low_response_year,wet,HLA2019_normal_grid_S0010,low_input_within_10pct_yield,2019-07-28,209,90,85,"{""sim_day"": 90.0, ""doy"": 209.0, ""topwt"": 6380.162963867188, ""grnwt"": 0.0, ""xlai"": 3.215367794036865, ""totir"": 0.0, ""tofer"": NaN, ""swfac"": 0.0, ""nstres"": 0.0043330192565917}",0.0,0.0043330192565917,6380.162963867188,0.0,3.215367794036865,0.0,,0.0,0.0,0.0,150.0,16.085461425781254,16.085461425781254,Leave_One_experiments/all_year_offline_schedule_search/daily_outputs/HLA/HLA_2019_HLA2019_normal_grid_S0010_daily.csv
HLA,HLA,Hailun,2019,Leave_One_experiments\wth_generated_qc\HLA\HLA2019.WTH,wet_year;nitrogen_stress_year;low_response_year,wet,HLA2019_normal_grid_S0010,low_input_within_10pct_yield,2019-07-29,210,91,86,"{""sim_day"": 91.0, ""doy"": 210.0, ""topwt"": 6527.27783203125, ""grnwt"": 0.0, ""xlai"": 3.20212984085083, ""totir"": 0.0, ""tofer"": NaN, ""swfac"": 0.0, ""nstres"": 0.0015521049499511}",0.0,0.0015521049499511,6527.27783203125,0.0,3.20212984085083,0.0,,0.0,0.0,0.0,150.0,16.085461425781254,16.085461425781254,Leave_One_experiments/all_year_offline_schedule_search/daily_outputs/HLA/HLA_2019_HLA2019_normal_grid_S0010_daily.csv
HLA,HLA,Hailun,2019,Leave_One_experiments\wth_generated_qc\HLA\HLA2019.WTH,wet_year;nitrogen_stress_year;low_response_year,wet,HLA2019_normal_grid_S0010,low_input_within_10pct_yield,2019-07-30,211,92,87,"{""sim_day"": 92.0, ""doy"": 211.0, ""topwt"": 6727.435302734375, ""grnwt"": 0.0, ""xlai"": 3.189657688140869, ""totir"": 0.0, ""tofer"": NaN, ""swfac"": 0.0, ""nstres"": 0.0}",0.0,0.0,6727.435302734375,0.0,3.189657688140869,0.0,,0.0,0.0,0.0,150.0,16.085461425781254,16.085461425781254,Leave_One_experiments/all_year_offline_schedule_search/daily_outputs/HLA/HLA_2019_HLA2019_normal_grid_S0010_daily.csv
HLA,HLA,Hailun,2019,Leave_One_experiments\wth_generated_qc\HLA\HLA2019.WTH,wet_year;nitrogen_stress_year;low_response_year,wet,HLA2019_normal_grid_S0010,low_input_within_10pct_yield,2019-07-31,212,93,88,"{""sim_day"": 93.0, ""doy"": 212.0, ""topwt"": 7014.0673828125, ""grnwt"": 0.0, ""xlai"": 3.177909135818481, ""totir"": 0.0, ""tofer"": NaN, ""swfac"": 0.0, ""nstres"": 0.0}",0.0,0.0,7014.0673828125,0.0,3.177909135818481,0.0,,0.0,0.0,0.0,150.0,16.085461425781254,16.085461425781254,Leave_One_experiments/all_year_offline_schedule_search/daily_outputs/HLA/HLA_2019_HLA2019_normal_grid_S0010_daily.csv
HLA,HLA,Hailun,2019,Leave_One_experiments\wth_generated_qc\HLA\HLA2019.WTH,wet_year;nitrogen_stress_year;low_response_year,wet,HLA2019_normal_grid_S0010,low_input_within_10pct_yield,2019-08-01,213,94,89,"{""sim_day"": 94.0, ""doy"": 213.0, ""topwt"": 7310.7666015625, ""grnwt"": 0.0, ""xlai"": 3.1657776832580566, ""totir"": 0.0, ""tofer"": NaN, ""swfac"": 0.0, ""nstres"": 0.0}",0.0,0.0,7310.7666015625,0.0,3.1657776832580566,0.0,,0.0,0.0,0.0,150.0,16.085461425781254,16.085461425781254,Leave_One_experiments/all_year_offline_schedule_search/daily_outputs/HLA/HLA_2019_HLA2019_normal_grid_S0010_daily.csv
HLA,HLA,Hailun,2019,Leave_One_experiments\wth_generated_qc\HLA\HLA2019.WTH,wet_year;nitrogen_stress_year;low_response_year,wet,HLA2019_normal_grid_S0010,low_input_within_10pct_yield,2019-08-02,214,95,90,"{""sim_day"": 95.0, ""doy"": 214.0, ""topwt"": 7542.8680419921875, ""grnwt"": 0.0, ""xlai"": 3.1519010066986084, ""totir"": 0.0, ""tofer"": NaN, ""swfac"": 0.0, ""nstres"": 0.0}",0.0,0.0,7542.8680419921875,0.0,3.1519010066986084,0.0,,0.0,0.0,0.0,150.0,16.085461425781254,16.085461425781254,Leave_One_experiments/all_year_offline_schedule_search/daily_outputs/HLA/HLA_2019_HLA2019_normal_grid_S0010_daily.csv
HLA,HLA,Hailun,2019,Leave_One_experiments\wth_generated_qc\HLA\HLA2019.WTH,wet_year;nitrogen_stress_year;low_response_year,wet,HLA2019_normal_grid_S0010,low_input_within_10pct_yield,2019-08-03,215,96,91,"{""sim_day"": 96.0, ""doy"": 215.0, ""topwt"": 7906.7840576171875, ""grnwt"": 0.0, ""xlai"": 3.138535022735596, ""totir"": 0.0, ""tofer"": NaN, ""swfac"": 0.0, ""nstres"": 0.0}",0.0,0.0,7906.7840576171875,0.0,3.138535022735596,0.0,,0.0,0.0,0.0,150.0,16.085461425781254,16.085461425781254,Leave_One_experiments/all_year_offline_schedule_search/daily_outputs/HLA/HLA_2019_HLA2019_normal_grid_S0010_daily.csv
HLA,HLA,Hailun,2019,Leave_One_experiments\wth_generated_qc\HLA\HLA2019.WTH,wet_year;nitrogen_stress_year;low_response_year,wet,HLA2019_normal_grid_S0010,low_input_within_10pct_yield,2019-08-04,216,97,92,"{""sim_day"": 97.0, ""doy"": 216.0, ""topwt"": 8207.6953125, ""grnwt"": 0.0, ""xlai"": 3.123508930206299, ""totir"": 0.0, ""tofer"": NaN, ""swfac"": 0.0, ""nstres"": 0.0}",0.0,0.0,8207.6953125,0.0,3.123508930206299,0.0,,0.0,0.0,0.0,150.0,16.085461425781254,16.085461425781254,Leave_One_experiments/all_year_offline_schedule_search/daily_outputs/HLA/HLA_2019_HLA2019_normal_grid_S0010_daily.csv
HLA,HLA,Hailun,2019,Leave_One_experiments\wth_generated_qc\HLA\HLA2019.WTH,wet_year;nitrogen_stress_year;low_response_year,wet,HLA2019_normal_grid_S0010,low_input_within_10pct_yield,2019-08-05,217,98,93,"{""sim_day"": 98.0, ""doy"": 217.0, ""topwt"": 8317.450561523438, ""grnwt"": 0.0, ""xlai"": 3.111505508422852, ""totir"": 0.0, ""tofer"": NaN, ""swfac"": 0.0, ""nstres"": 0.0}",0.0,0.0,8317.450561523438,0.0,3.111505508422852,0.0,,0.0,0.0,0.0,150.0,16.085461425781254,16.085461425781254,Leave_One_experiments/all_year_offline_schedule_search/daily_outputs/HLA/HLA_2019_HLA2019_normal_grid_S0010_daily.csv
HLA,HLA,Hailun,2019,Leave_One_experiments\wth_generated_qc\HLA\HLA2019.WTH,wet_year;nitrogen_stress_year;low_response_year,wet,HLA2019_normal_grid_S0010,low_input_within_10pct_yield,2019-08-06,218,99,94,"{""sim_day"": 99.0, ""doy"": 218.0, ""topwt"": 8382.927856445312, ""grnwt"": 0.0, ""xlai"": 3.100522994995117, ""totir"": 0.0, ""tofer"": NaN, ""swfac"": 0.0, ""nstres"": 0.0}",0.0,0.0,8382.927856445312,0.0,3.100522994995117,0.0,,0.0,0.0,0.0,150.0,16.085461425781254,16.085461425781254,Leave_One_experiments/all_year_offline_schedule_search/daily_outputs/HLA/HLA_2019_HLA2019_normal_grid_S0010_daily.csv
HLA,HLA,Hailun,2019,Leave_One_experiments\wth_generated_qc\HLA\HLA2019.WTH,wet_year;nitrogen_stress_year;low_response_year,wet,HLA2019_normal_grid_S0010,low_input_within_10pct_yield,2019-08-07,219,100,95,"{""sim_day"": 100.0, ""doy"": 219.0, ""topwt"": 8404.64599609375, ""grnwt"": 0.0, ""xlai"": 3.092094659805298, ""totir"": 0.0, ""tofer"": NaN, ""swfac"": 0.0, ""nstres"": 0.0}",0.0,0.0,8404.64599609375,0.0,3.092094659805298,0.0,,0.0,0.0,0.0,150.0,16.085461425781254,16.085461425781254,Leave_One_experiments/all_year_offline_schedule_search/daily_outputs/HLA/HLA_2019_HLA2019_normal_grid_S0010_daily.csv
HLA,HLA,Hailun,2019,Leave_One_experiments\wth_generated_qc\HLA\HLA2019.WTH,wet_year;nitrogen_stress_year;low_response_year,wet,HLA2019_normal_grid_S0010,low_input_within_10pct_yield,2019-08-08,220,101,96,"{""sim_day"": 101.0, ""doy"": 220.0, ""topwt"": 8519.351196289062, ""grnwt"": 126.32402420043944, ""xlai"": 3.0235390663146973, ""totir"": 0.0, ""tofer"": NaN, ""swfac"": 0.0, ""nstres"": 0.0}",0.0,0.0,8519.351196289062,126.32402420043944,3.0235390663146973,0.0,,0.0,0.0,0.0,150.0,16.085461425781254,16.085461425781254,Leave_One_experiments/all_year_offline_schedule_search/daily_outputs/HLA/HLA_2019_HLA2019_normal_grid_S0010_daily.csv
HLA,HLA,Hailun,2019,Leave_One_experiments\wth_generated_qc\HLA\HLA2019.WTH,wet_year;nitrogen_stress_year;low_response_year,wet,HLA2019_normal_grid_S0010,low_input_within_10pct_yield,2019-08-09,221,102,97,"{""sim_day"": 102.0, ""doy"": 221.0, ""topwt"": 8657.293701171875, ""grnwt"": 252.6480484008789, ""xlai"": 3.015833854675293, ""totir"": 0.0, ""tofer"": NaN, ""swfac"": 0.0, ""nstres"": 0.0}",0.0,0.0,8657.293701171875,252.6480484008789,3.015833854675293,0.0,,0.0,0.0,0.0,150.0,16.085461425781254,16.085461425781254,Leave_One_experiments/all_year_offline_schedule_search/daily_outputs/HLA/HLA_2019_HLA2019_normal_grid_S0010_daily.csv
HLA,HLA,Hailun,2019,Leave_One_experiments\wth_generated_qc\HLA\HLA2019.WTH,wet_year;nitrogen_stress_year;low_response_year,wet,HLA2019_normal_grid_S0010,low_input_within_10pct_yield,2019-08-10,222,103,98,"{""sim_day"": 103.0, ""doy"": 222.0, ""topwt"": 8783.6181640625, ""grnwt"": 378.972053527832, ""xlai"": 3.0072684288024902, ""totir"": 0.0, ""tofer"": NaN, ""swfac"": 0.0, ""nstres"": 0.0}",0.0,0.0,8783.6181640625,378.972053527832,3.0072684288024902,0.0,,0.0,0.0,0.0,150.0,16.085461425781254,16.085461425781254,Leave_One_experiments/all_year_offline_schedule_search/daily_outputs/HLA/HLA_2019_HLA2019_normal_grid_S0010_daily.csv
HLA,HLA,Hailun,2019,Leave_One_experiments\wth_generated_qc\HLA\HLA2019.WTH,wet_year;nitrogen_stress_year;low_response_year,wet,HLA2019_normal_grid_S0010,low_input_within_10pct_yield,2019-08-11,223,104,99,"{""sim_day"": 104.0, ""doy"": 223.0, ""topwt"": 8909.942626953125, ""grnwt"": 505.2960968017578, ""xlai"": 2.996738910675049, ""totir"": 0.0, ""tofer"": NaN, ""swfac"": 0.0, ""nstres"": 0.0}",0.0,0.0,8909.942626953125,505.2960968017578,2.996738910675049,0.0,,0.0,0.0,0.0,150.0,16.085461425781254,16.085461425781254,Leave_One_experiments/all_year_offline_schedule_search/daily_outputs/HLA/HLA_2019_HLA2019_normal_grid_S0010_daily.csv
HLA,HLA,Hailun,2019,Leave_One_experiments\wth_generated_qc\HLA\HLA2019.WTH,wet_year;nitrogen_stress_year;low_response_year,wet,HLA2019_normal_grid_S0010,low_input_within_10pct_yield,2019-08-12,224,105,100,"{""sim_day"": 105.0, ""doy"": 224.0, ""topwt"": 9036.266479492188, ""grnwt"": 631.6201019287109, ""xlai"": 2.9830830097198486, ""totir"": 0.0, ""tofer"": NaN, ""swfac"": 0.0, ""nstres"": 0.0}",0.0,0.0,9036.266479492188,631.6201019287109,2.9830830097198486,0.0,,0.0,0.0,0.0,150.0,16.085461425781254,16.085461425781254,Leave_One_experiments/all_year_offline_schedule_search/daily_outputs/HLA/HLA_2019_HLA2019_normal_grid_S0010_daily.csv
HLA,HLA,Hailun,2019,Leave_One_experiments\wth_generated_qc\HLA\HLA2019.WTH,wet_year;nitrogen_stress_year;low_response_year,wet,HLA2019_normal_grid_S0010,low_input_within_10pct_yield,2019-08-13,225,106,101,"{""sim_day"": 106.0, ""doy"": 225.0, ""topwt"": 9162.59033203125, ""grnwt"": 757.9441833496094, ""xlai"": 2.9654698371887207, ""totir"": 0.0, ""tofer"": NaN, ""swfac"": 0.0, ""nstres"": 0.0}",0.0,0.0,9162.59033203125,757.9441833496094,2.9654698371887207,0.0,,0.0,0.0,0.0,150.0,16.085461425781254,16.085461425781254,Leave_One_experiments/all_year_offline_schedule_search/daily_outputs/HLA/HLA_2019_HLA2019_normal_grid_S0010_daily.csv
HLA,HLA,Hailun,2019,Leave_One_experiments\wth_generated_qc\HLA\HLA2019.WTH,wet_year;nitrogen_stress_year;low_response_year,wet,HLA2019_normal_grid_S0010,low_input_within_10pct_yield,2019-08-14,226,107,102,"{""sim_day"": 107.0, ""doy"": 226.0, ""topwt"": 9288.914794921877, ""grnwt"": 884.2681884765625, ""xlai"": 2.9466941356658936, ""totir"": 0.0, ""tofer"": NaN, ""swfac"": 0.0, ""nstres"": 0.0}",0.0,0.0,9288.914794921877,884.2681884765625,2.9466941356658936,0.0,,0.0,0.0,0.0,150.0,16.085461425781254,16.085461425781254,Leave_One_experiments/all_year_offline_schedule_search/daily_outputs/HLA/HLA_2019_HLA2019_normal_grid_S0010_daily.csv
HLA,HLA,Hailun,2019,Leave_One_experiments\wth_generated_qc\HLA\HLA2019.WTH,wet_year;nitrogen_stress_year;low_response_year,wet,HLA2019_normal_grid_S0010,low_input_within_10pct_yield,2019-08-15,227,108,103,"{""sim_day"": 108.0, ""doy"": 227.0, ""topwt"": 9366.24267578125, ""grnwt"": 1010.5921936035156, ""xlai"": 2.9294273853302, ""totir"": 0.0, ""tofer"": NaN, ""swfac"": 0.0, ""nstres"": 0.0}",0.0,0.0,9366.24267578125,1010.5921936035156,2.9294273853302,0.0,,0.0,0.0,0.0,150.0,16.085461425781254,16.085461425781254,Leave_One_experiments/all_year_offline_schedule_search/daily_outputs/HLA/HLA_2019_HLA2019_normal_grid_S0010_daily.csv
HLA,HLA,Hailun,2019,Leave_One_experiments\wth_generated_qc\HLA\HLA2019.WTH,wet_year;nitrogen_stress_year;low_response_year,wet,HLA2019_normal_grid_S0010,low_input_within_10pct_yield,2019-08-16,228,109,104,"{""sim_day"": 109.0, ""doy"": 228.0, ""topwt"": 9505.658569335938, ""grnwt"": 1136.9161987304688, ""xlai"": 2.9131503105163574, ""totir"": 0.0, ""tofer"": NaN, ""swfac"": 0.0, ""nstres"": 0.0}",0.0,0.0,9505.658569335938,1136.9161987304688,2.9131503105163574,0.0,,0.0,0.0,0.0,150.0,16.085461425781254,16.085461425781254,Leave_One_experiments/all_year_offline_schedule_search/daily_outputs/HLA/HLA_2019_HLA2019_normal_grid_S0010_daily.csv
HLA,HLA,Hailun,2019,Leave_One_experiments\wth_generated_qc\HLA\HLA2019.WTH,wet_year;nitrogen_stress_year;low_response_year,wet,HLA2019_normal_grid_S0010,low_input_within_10pct_yield,2019-08-17,229,110,105,"{""sim_day"": 110.0, ""doy"": 229.0, ""topwt"": 9659.986572265623, ""grnwt"": 1263.2401275634766, ""xlai"": 2.895707368850708, ""totir"": 0.0, ""tofer"": NaN, ""swfac"": 0.0, ""nstres"": 0.0}",0.0,0.0,9659.986572265623,1263.2401275634766,2.895707368850708,0.0,,0.0,0.0,0.0,150.0,16.085461425781254,16.085461425781254,Leave_One_experiments/all_year_offline_schedule_search/daily_outputs/HLA/HLA_2019_HLA2019_normal_grid_S0010_daily.csv
HLA,HLA,Hailun,2019,Leave_One_experiments\wth_generated_qc\HLA\HLA2019.WTH,wet_year;nitrogen_stress_year;low_response_year,wet,HLA2019_normal_grid_S0010,low_input_within_10pct_yield,2019-08-18,230,111,106,"{""sim_day"": 111.0, ""doy"": 230.0, ""topwt"": 9794.210815429688, ""grnwt"": 1389.564208984375, ""xlai"": 2.876783847808838, ""totir"": 0.0, ""tofer"": NaN, ""swfac"": 0.0, ""nstres"": 0.0}",0.0,0.0,9794.210815429688,1389.564208984375,2.876783847808838,0.0,,0.0,0.0,0.0,150.0,16.085461425781254,16.085461425781254,Leave_One_experiments/all_year_offline_schedule_search/daily_outputs/HLA/HLA_2019_HLA2019_normal_grid_S0010_daily.csv
HLA,HLA,Hailun,2019,Leave_One_experiments\wth_generated_qc\HLA\HLA2019.WTH,wet_year;nitrogen_stress_year;low_response_year,wet,HLA2019_normal_grid_S0010,low_input_within_10pct_yield,2019-08-19,231,112,107,"{""sim_day"": 112.0, ""doy"": 231.0, ""topwt"": 9920.535278320312, ""grnwt"": 1515.8880615234375, ""xlai"": 2.860687494277954, ""totir"": 0.0, ""tofer"": NaN, ""swfac"": 0.0, ""nstres"": 0.0035909414291381}",0.0,0.0035909414291381,9920.535278320312,1515.8880615234375,2.860687494277954,0.0,,0.0,0.0,0.0,150.0,16.085461425781254,16.085461425781254,Leave_One_experiments/all_year_offline_schedule_search/daily_outputs/HLA/HLA_2019_HLA2019_normal_grid_S0010_daily.csv
HLA,HLA,Hailun,2019,Leave_One_experiments\wth_generated_qc\HLA\HLA2019.WTH,wet_year;nitrogen_stress_year;low_response_year,wet,HLA2019_normal_grid_S0010,low_input_within_10pct_yield,2019-08-20,232,113,108,"{""sim_day"": 113.0, ""doy"": 232.0, ""topwt"": 9988.905029296877, ""grnwt"": 1642.2120666503906, ""xlai"": 2.839388608932495, ""totir"": 0.0, ""tofer"": NaN, ""swfac"": 0.0, ""nstres"": 0.0115742683410644}",0.0,0.0115742683410644,9988.905029296877,1642.2120666503906,2.839388608932495,0.0,,0.0,0.0,0.0,150.0,16.085461425781254,16.085461425781254,Leave_One_experiments/all_year_offline_schedule_search/daily_outputs/HLA/HLA_2019_HLA2019_normal_grid_S0010_daily.csv
HLA,HLA,Hailun,2019,Leave_One_experiments\wth_generated_qc\HLA\HLA2019.WTH,wet_year;nitrogen_stress_year;low_response_year,wet,HLA2019_normal_grid_S0010,low_input_within_10pct_yield,2019-08-21,233,114,109,"{""sim_day"": 114.0, ""doy"": 233.0, ""topwt"": 10152.774047851562, ""grnwt"": 1768.5362243652344, ""xlai"": 2.815500020980835, ""totir"": 0.0, ""tofer"": NaN, ""swfac"": 0.0, ""nstres"": 0.0183335542678833}",0.0,0.0183335542678833,10152.774047851562,1768.5362243652344,2.815500020980835,0.0,,0.0,0.0,0.0,150.0,16.085461425781254,16.085461425781254,Leave_One_experiments/all_year_offline_schedule_search/daily_outputs/HLA/HLA_2019_HLA2019_normal_grid_S0010_daily.csv
HLA,HLA,Hailun,2019,Leave_One_experiments\wth_generated_qc\HLA\HLA2019.WTH,wet_year;nitrogen_stress_year;low_response_year,wet,HLA2019_normal_grid_S0010,low_input_within_10pct_yield,2019-08-22,234,115,110,"{""sim_day"": 115.0, ""doy"": 234.0, ""topwt"": 10299.5068359375, ""grnwt"": 1894.8602294921875, ""xlai"": 2.792078256607056, ""totir"": 0.0, ""tofer"": NaN, ""swfac"": 0.0, ""nstres"": 0.0205590724945068}",0.0,0.0205590724945068,10299.5068359375,1894.8602294921875,2.792078256607056,0.0,,0.0,0.0,0.0,150.0,16.085461425781254,16.085461425781254,Leave_One_experiments/all_year_offline_schedule_search/daily_outputs/HLA/HLA_2019_HLA2019_normal_grid_S0010_daily.csv
HLA,HLA,Hailun,2019,Leave_One_experiments\wth_generated_qc\HLA\HLA2019.WTH,wet_year;nitrogen_stress_year;low_response_year,wet,HLA2019_normal_grid_S0010,low_input_within_10pct_yield,2019-08-23,235,116,111,"{""sim_day"": 116.0, ""doy"": 235.0, ""topwt"": 10425.831298828123, ""grnwt"": 2021.1843872070312, ""xlai"": 2.763960361480713, ""totir"": 0.0, ""tofer"": NaN, ""swfac"": 0.0, ""nstres"": 0.0316175818443298}",0.0,0.0316175818443298,10425.831298828123,2021.1843872070312,2.763960361480713,0.0,,0.0,0.0,0.0,150.0,16.085461425781254,16.085461425781254,Leave_One_experiments/all_year_offline_schedule_search/daily_outputs/HLA/HLA_2019_HLA2019_normal_grid_S0010_daily.csv
HLA,HLA,Hailun,2019,Leave_One_experiments\wth_generated_qc\HLA\HLA2019.WTH,wet_year;nitrogen_stress_year;low_response_year,wet,HLA2019_normal_grid_S0010,low_input_within_10pct_yield,2019-08-24,236,117,112,"{""sim_day"": 117.0, ""doy"": 236.0, ""topwt"": 10552.15576171875, ""grnwt"": 2147.5083923339844, ""xlai"": 2.734673023223877, ""totir"": 0.0, ""tofer"": NaN, ""swfac"": 0.0, ""nstres"": 0.0412375330924987}",0.0,0.0412375330924987,10552.15576171875,2147.5083923339844,2.734673023223877,0.0,,0.0,0.0,0.0,150.0,16.085461425781254,16.085461425781254,Leave_One_experiments/all_year_offline_schedule_search/daily_outputs/HLA/HLA_2019_HLA2019_normal_grid_S0010_daily.csv
HLA,HLA,Hailun,2019,Leave_One_experiments\wth_generated_qc\HLA\HLA2019.WTH,wet_year;nitrogen_stress_year;low_response_year,wet,HLA2019_normal_grid_S0010,low_input_within_10pct_yield,2019-08-25,237,118,113,"{""sim_day"": 118.0, ""doy"": 237.0, ""topwt"": 10678.47900390625, ""grnwt"": 2273.832550048828, ""xlai"": 2.7008650302886963, ""totir"": 0.0, ""tofer"": NaN, ""swfac"": 0.0, ""nstres"": 0.0483733415603637}",0.0,0.0483733415603637,10678.47900390625,2273.832550048828,2.7008650302886963,0.0,,0.0,0.0,0.0,150.0,16.085461425781254,16.085461425781254,Leave_One_experiments/all_year_offline_schedule_search/daily_outputs/HLA/HLA_2019_HLA2019_normal_grid_S0010_daily.csv
HLA,HLA,Hailun,2019,Leave_One_experiments\wth_generated_qc\HLA\HLA2019.WTH,wet_year;nitrogen_stress_year;low_response_year,wet,HLA2019_normal_grid_S0010,low_input_within_10pct_yield,2019-08-26,238,119,114,"{""sim_day"": 119.0, ""doy"": 238.0, ""topwt"": 10804.803466796877, ""grnwt"": 2400.156555175781, ""xlai"": 2.662276268005371, ""totir"": 0.0, ""tofer"": NaN, ""swfac"": 0.0, ""nstres"": 0.0551744103431701}",0.0,0.0551744103431701,10804.803466796877,2400.156555175781,2.662276268005371,0.0,,0.0,0.0,0.0,150.0,16.085461425781254,16.085461425781254,Leave_One_experiments/all_year_offline_schedule_search/daily_outputs/HLA/HLA_2019_HLA2019_normal_grid_S0010_daily.csv
HLA,HLA,Hailun,2019,Leave_One_experiments\wth_generated_qc\HLA\HLA2019.WTH,wet_year;nitrogen_stress_year;low_response_year,wet,HLA2019_normal_grid_S0010,low_input_within_10pct_yield,2019-08-27,239,120,115,"{""sim_day"": 120.0, ""doy"": 239.0, ""topwt"": 10931.1279296875, ""grnwt"": 2526.480712890625, ""xlai"": 2.625126600265503, ""totir"": 0.0, ""tofer"": NaN, ""swfac"": 0.0, ""nstres"": 0.0630255937576294}",0.0,0.0630255937576294,10931.1279296875,2526.480712890625,2.625126600265503,0.0,,0.0,0.0,0.0,150.0,16.085461425781254,16.085461425781254,Leave_One_experiments/all_year_offline_schedule_search/daily_outputs/HLA/HLA_2019_HLA2019_normal_grid_S0010_daily.csv
HLA,HLA,Hailun,2019,Leave_One_experiments\wth_generated_qc\HLA\HLA2019.WTH,wet_year;nitrogen_stress_year;low_response_year,wet,HLA2019_normal_grid_S0010,low_input_within_10pct_yield,2019-08-28,240,121,116,"{""sim_day"": 121.0, ""doy"": 240.0, ""topwt"": 11057.451171875, ""grnwt"": 2652.8048706054688, ""xlai"": 2.594308614730835, ""totir"": 0.0, ""tofer"": NaN, ""swfac"": 0.0, ""nstres"": 0.072706401348114}",0.0,0.072706401348114,11057.451171875,2652.8048706054688,2.594308614730835,0.0,,0.0,0.0,0.0,150.0,16.085461425781254,16.085461425781254,Leave_One_experiments/all_year_offline_schedule_search/daily_outputs/HLA/HLA_2019_HLA2019_normal_grid_S0010_daily.csv
HLA,HLA,Hailun,2019,Leave_One_experiments\wth_generated_qc\HLA\HLA2019.WTH,wet_year;nitrogen_stress_year;low_response_year,wet,HLA2019_normal_grid_S0010,low_input_within_10pct_yield,2019-08-29,241,122,117,"{""sim_day"": 122.0, ""doy"": 241.0, ""topwt"": 11183.775634765623, ""grnwt"": 2779.1287231445312, ""xlai"": 2.552398681640625, ""totir"": 0.0, ""tofer"": NaN, ""swfac"": 0.0, ""nstres"": 0.0805832743644714}",0.0,0.0805832743644714,11183.775634765623,2779.1287231445312,2.552398681640625,0.0,,0.0,0.0,0.0,150.0,16.085461425781254,16.085461425781254,Leave_One_experiments/all_year_offline_schedule_search/daily_outputs/HLA/HLA_2019_HLA2019_normal_grid_S0010_daily.csv
HLA,HLA,Hailun,2019,Leave_One_experiments\wth_generated_qc\HLA\HLA2019.WTH,wet_year;nitrogen_stress_year;low_response_year,wet,HLA2019_normal_grid_S0010,low_input_within_10pct_yield,2019-08-30,242,123,118,"{""sim_day"": 123.0, ""doy"": 242.0, ""topwt"": 11310.10009765625, ""grnwt"": 2905.452880859375, ""xlai"": 2.51772141456604, ""totir"": 0.0, ""tofer"": NaN, ""swfac"": 0.0, ""nstres"": 0.0904773473739624}",0.0,0.0904773473739624,11310.10009765625,2905.452880859375,2.51772141456604,0.0,,0.0,0.0,0.0,150.0,16.085461425781254,16.085461425781254,Leave_One_experiments/all_year_offline_schedule_search/daily_outputs/HLA/HLA_2019_HLA2019_normal_grid_S0010_daily.csv
HLA,HLA,Hailun,2019,Leave_One_experiments\wth_generated_qc\HLA\HLA2019.WTH,wet_year;nitrogen_stress_year;low_response_year,wet,HLA2019_normal_grid_S0010,low_input_within_10pct_yield,2019-08-31,243,124,119,"{""sim_day"": 124.0, ""doy"": 243.0, ""topwt"": 11436.424560546877, ""grnwt"": 3031.7770385742188, ""xlai"": 2.4724764823913574, ""totir"": 0.0, ""tofer"": NaN, ""swfac"": 0.0, ""nstres"": 0.0991976261138916}",0.0,0.0991976261138916,11436.424560546877,3031.7770385742188,2.4724764823913574,0.0,,0.0,0.0,0.0,150.0,16.085461425781254,16.085461425781254,Leave_One_experiments/all_year_offline_schedule_search/daily_outputs/HLA/HLA_2019_HLA2019_normal_grid_S0010_daily.csv
HLA,HLA,Hailun,2019,Leave_One_experiments\wth_generated_qc\HLA\HLA2019.WTH,wet_year;nitrogen_stress_year;low_response_year,wet,HLA2019_normal_grid_S0010,low_input_within_10pct_yield,2019-09-01,244,125,120,"{""sim_day"": 125.0, ""doy"": 244.0, ""topwt"": 11562.747802734377, ""grnwt"": 3158.1011962890625, ""xlai"": 2.4347503185272217, ""totir"": 0.0, ""tofer"": NaN, ""swfac"": 0.0, ""nstres"": 0.1094732880592346}",0.0,0.1094732880592346,11562.747802734377,3158.1011962890625,2.4347503185272217,0.0,,0.0,0.0,0.0,150.0,16.085461425781254,16.085461425781254,Leave_One_experiments/all_year_offline_schedule_search/daily_outputs/HLA/HLA_2019_HLA2019_normal_grid_S0010_daily.csv
HLA,HLA,Hailun,2019,Leave_One_experiments\wth_generated_qc\HLA\HLA2019.WTH,wet_year;nitrogen_stress_year;low_response_year,wet,HLA2019_normal_grid_S0010,low_input_within_10pct_yield,2019-09-02,245,126,121,"{""sim_day"": 126.0, ""doy"": 245.0, ""topwt"": 11689.072265625, ""grnwt"": 3284.425048828125, ""xlai"": 2.390065908432007, ""totir"": 0.0, ""tofer"": NaN, ""swfac"": 0.0, ""nstres"": 0.1190329790115356}",0.0,0.1190329790115356,11689.072265625,3284.425048828125,2.390065908432007,0.0,,0.0,0.0,0.0,150.0,16.085461425781254,16.085461425781254,Leave_One_experiments/all_year_offline_schedule_search/daily_outputs/HLA/HLA_2019_HLA2019_normal_grid_S0010_daily.csv
HLA,HLA,Hailun,2019,Leave_One_experiments\wth_generated_qc\HLA\HLA2019.WTH,wet_year;nitrogen_stress_year;low_response_year,wet,HLA2019_normal_grid_S0010,low_input_within_10pct_yield,2019-09-03,246,127,122,"{""sim_day"": 127.0, ""doy"": 246.0, ""topwt"": 11815.3955078125, ""grnwt"": 3410.7489013671875, ""xlai"": 2.328620672225952, ""totir"": 0.0, ""tofer"": NaN, ""swfac"": 0.0, ""nstres"": 0.1268261075019836}",0.0,0.1268261075019836,11815.3955078125,3410.7489013671875,2.328620672225952,0.0,,0.0,0.0,0.0,150.0,16.085461425781254,16.085461425781254,Leave_One_experiments/all_year_offline_schedule_search/daily_outputs/HLA/HLA_2019_HLA2019_normal_grid_S0010_daily.csv
HLA,HLA,Hailun,2019,Leave_One_experiments\wth_generated_qc\HLA\HLA2019.WTH,wet_year;nitrogen_stress_year;low_response_year,wet,HLA2019_normal_grid_S0010,low_input_within_10pct_yield,2019-09-04,247,128,123,"{""sim_day"": 128.0, ""doy"": 247.0, ""topwt"": 11941.72119140625, ""grnwt"": 3537.0730590820312, ""xlai"": 2.249841451644897, ""totir"": 0.0, ""tofer"": NaN, ""swfac"": 0.0, ""nstres"": 0.1333181858062744}",0.0,0.1333181858062744,11941.72119140625,3537.0730590820312,2.249841451644897,0.0,,0.0,0.0,0.0,150.0,16.085461425781254,16.085461425781254,Leave_One_experiments/all_year_offline_schedule_search/daily_outputs/HLA/HLA_2019_HLA2019_normal_grid_S0010_daily.csv
HLA,HLA,Hailun,2019,Leave_One_experiments\wth_generated_qc\HLA\HLA2019.WTH,wet_year;nitrogen_stress_year;low_response_year,wet,HLA2019_normal_grid_S0010,low_input_within_10pct_yield,2019-09-05,248,129,124,"{""sim_day"": 129.0, ""doy"": 248.0, ""topwt"": 12068.04443359375, ""grnwt"": 3663.397216796875, ""xlai"": 2.1686291694641118, ""totir"": 0.0, ""tofer"": NaN, ""swfac"": 0.0, ""nstres"": 0.140505850315094}",0.0,0.140505850315094,12068.04443359375,3663.397216796875,2.1686291694641118,0.0,,0.0,0.0,0.0,150.0,16.085461425781254,16.085461425781254,Leave_One_experiments/all_year_offline_schedule_search/daily_outputs/HLA/HLA_2019_HLA2019_normal_grid_S0010_daily.csv
HLA,HLA,Hailun,2019,Leave_One_experiments\wth_generated_qc\HLA\HLA2019.WTH,wet_year;nitrogen_stress_year;low_response_year,wet,HLA2019_normal_grid_S0010,low_input_within_10pct_yield,2019-09-06,249,130,125,"{""sim_day"": 130.0, ""doy"": 249.0, ""topwt"": 12194.36767578125, ""grnwt"": 3789.721374511719, ""xlai"": 2.088832378387451, ""totir"": 0.0, ""tofer"": NaN, ""swfac"": 0.0, ""nstres"": 0.1485811471939087}",0.0,0.1485811471939087,12194.36767578125,3789.721374511719,2.088832378387451,0.0,,0.0,0.0,0.0,150.0,16.085461425781254,16.085461425781254,Leave_One_experiments/all_year_offline_schedule_search/daily_outputs/HLA/HLA_2019_HLA2019_normal_grid_S0010_daily.csv
HLA,HLA,Hailun,2019,Leave_One_experiments\wth_generated_qc\HLA\HLA2019.WTH,wet_year;nitrogen_stress_year;low_response_year,wet,HLA2019_normal_grid_S0010,low_input_within_10pct_yield,2019-09-07,250,131,126,"{""sim_day"": 131.0, ""doy"": 250.0, ""topwt"": 12320.692138671877, ""grnwt"": 3916.0455322265625, ""xlai"": 2.005042552947998, ""totir"": 0.0, ""tofer"": NaN, ""swfac"": 0.0, ""nstres"": 0.1566863059997558}",0.0,0.1566863059997558,12320.692138671877,3916.0455322265625,2.005042552947998,0.0,,0.0,0.0,0.0,150.0,16.085461425781254,16.085461425781254,Leave_One_experiments/all_year_offline_schedule_search/daily_outputs/HLA/HLA_2019_HLA2019_normal_grid_S0010_daily.csv
HLA,HLA,Hailun,2019,Leave_One_experiments\wth_generated_qc\HLA\HLA2019.WTH,wet_year;nitrogen_stress_year;low_response_year,wet,HLA2019_normal_grid_S0010,low_input_within_10pct_yield,2019-09-08,251,132,127,"{""sim_day"": 132.0, ""doy"": 251.0, ""topwt"": 12427.16552734375, ""grnwt"": 4022.518615722656, ""xlai"": 1.9626837968826292, ""totir"": 0.0, ""tofer"": NaN, ""swfac"": 0.0, ""nstres"": 0.1690087914466858}",0.0,0.1690087914466858,12427.16552734375,4022.518615722656,1.9626837968826292,0.0,,0.0,0.0,0.0,150.0,16.085461425781254,16.085461425781254,Leave_One_experiments/all_year_offline_schedule_search/daily_outputs/HLA/HLA_2019_HLA2019_normal_grid_S0010_daily.csv
HLA,HLA,Hailun,2019,Leave_One_experiments\wth_generated_qc\HLA\HLA2019.WTH,wet_year;nitrogen_stress_year;low_response_year,wet,HLA2019_normal_grid_S0010,low_input_within_10pct_yield,2019-09-09,252,133,128,"{""sim_day"": 133.0, ""doy"": 252.0, ""topwt"": 12489.124755859377, ""grnwt"": 4084.4775390625, ""xlai"": 1.91838800907135, ""totir"": 0.0, ""tofer"": NaN, ""swfac"": 0.0, ""nstres"": 0.1805518269538879}",0.0,0.1805518269538879,12489.124755859377,4084.4775390625,1.91838800907135,0.0,,0.0,0.0,0.0,150.0,16.085461425781254,16.085461425781254,Leave_One_experiments/all_year_offline_schedule_search/daily_outputs/HLA/HLA_2019_HLA2019_normal_grid_S0010_daily.csv
HLA,HLA,Hailun,2019,Leave_One_experiments\wth_generated_qc\HLA\HLA2019.WTH,wet_year;nitrogen_stress_year;low_response_year,wet,HLA2019_normal_grid_S0010,low_input_within_10pct_yield,2019-09-10,253,134,129,"{""sim_day"": 134.0, ""doy"": 253.0, ""topwt"": 12591.38671875, ""grnwt"": 4186.740112304688, ""xlai"": 1.874082326889038, ""totir"": 0.0, ""tofer"": NaN, ""swfac"": 0.0, ""nstres"": 0.1847613453865051}",0.0,0.1847613453865051,12591.38671875,4186.740112304688,1.874082326889038,0.0,,0.0,0.0,0.0,150.0,16.085461425781254,16.085461425781254,Leave_One_experiments/all_year_offline_schedule_search/daily_outputs/HLA/HLA_2019_HLA2019_normal_grid_S0010_daily.csv
HLA,HLA,Hailun,2019,Leave_One_experiments\wth_generated_qc\HLA\HLA2019.WTH,wet_year;nitrogen_stress_year;low_response_year,wet,HLA2019_normal_grid_S0010,low_input_within_10pct_yield,2019-09-11,254,135,130,"{""sim_day"": 135.0, ""doy"": 254.0, ""topwt"": 12717.7099609375, ""grnwt"": 4313.064270019531, ""xlai"": 1.8287818431854248, ""totir"": 0.0, ""tofer"": NaN, ""swfac"": 0.0, ""nstres"": 0.193377137184143}",0.0,0.193377137184143,12717.7099609375,4313.064270019531,1.8287818431854248,0.0,,0.0,0.0,0.0,150.0,16.085461425781254,16.085461425781254,Leave_One_experiments/all_year_offline_schedule_search/daily_outputs/HLA/HLA_2019_HLA2019_normal_grid_S0010_daily.csv
HLA,HLA,Hailun,2019,Leave_One_experiments\wth_generated_qc\HLA\HLA2019.WTH,wet_year;nitrogen_stress_year;low_response_year,wet,HLA2019_normal_grid_S0010,low_input_within_10pct_yield,2019-09-12,255,136,131,"{""sim_day"": 136.0, ""doy"": 255.0, ""topwt"": 12758.201904296877, ""grnwt"": 4429.763488769531, ""xlai"": 1.78179669380188, ""totir"": 0.0, ""tofer"": NaN, ""swfac"": 0.0, ""nstres"": 0.2166090011596679}",0.0,0.2166090011596679,12758.201904296877,4429.763488769531,1.78179669380188,0.0,,0.0,0.0,0.0,150.0,16.085461425781254,16.085461425781254,Leave_One_experiments/all_year_offline_schedule_search/daily_outputs/HLA/HLA_2019_HLA2019_normal_grid_S0010_daily.csv
HLA,HLA,Hailun,2019,Leave_One_experiments\wth_generated_qc\HLA\HLA2019.WTH,wet_year;nitrogen_stress_year;low_response_year,wet,HLA2019_normal_grid_S0010,low_input_within_10pct_yield,2019-09-13,256,137,132,"{""sim_day"": 137.0, ""doy"": 256.0, ""topwt"": 12919.3017578125, ""grnwt"": 4535.0335693359375, ""xlai"": 1.7335505485534668, ""totir"": 0.0, ""tofer"": NaN, ""swfac"": 0.0, ""nstres"": 0.2498555183410644}",0.0,0.2498555183410644,12919.3017578125,4535.0335693359375,1.7335505485534668,0.0,,0.0,0.0,0.0,150.0,16.085461425781254,16.085461425781254,Leave_One_experiments/all_year_offline_schedule_search/daily_outputs/HLA/HLA_2019_HLA2019_normal_grid_S0010_daily.csv
HLA,HLA,Hailun,2019,Leave_One_experiments\wth_generated_qc\HLA\HLA2019.WTH,wet_year;nitrogen_stress_year;low_response_year,wet,HLA2019_normal_grid_S0010,low_input_within_10pct_yield,2019-09-14,257,138,133,"{""sim_day"": 138.0, ""doy"": 257.0, ""topwt"": 13066.00341796875, ""grnwt"": 4661.357421875, ""xlai"": 1.686108946800232, ""totir"": 0.0, ""tofer"": NaN, ""swfac"": 0.0, ""nstres"": 0.2568010687828064}",0.0,0.2568010687828064,13066.00341796875,4661.357421875,1.686108946800232,0.0,,0.0,0.0,0.0,150.0,16.085461425781254,16.085461425781254,Leave_One_experiments/all_year_offline_schedule_search/daily_outputs/HLA/HLA_2019_HLA2019_normal_grid_S0010_daily.csv
HLA,HLA,Hailun,2019,Leave_One_experiments\wth_generated_qc\HLA\HLA2019.WTH,wet_year;nitrogen_stress_year;low_response_year,wet,HLA2019_normal_grid_S0010,low_input_within_10pct_yield,2019-09-15,258,139,134,"{""sim_day"": 139.0, ""doy"": 258.0, ""topwt"": 13107.509765625, ""grnwt"": 4702.864074707031, ""xlai"": 1.374347448348999, ""totir"": 0.0, ""tofer"": NaN, ""swfac"": 0.0, ""nstres"": 0.3139129877090454}",0.0,0.3139129877090454,13107.509765625,4702.864074707031,1.374347448348999,0.0,,0.0,0.0,0.0,150.0,16.085461425781254,16.085461425781254,Leave_One_experiments/all_year_offline_schedule_search/daily_outputs/HLA/HLA_2019_HLA2019_normal_grid_S0010_daily.csv
HLA,HLA,Hailun,2019,Leave_One_experiments\wth_generated_qc\HLA\HLA2019.WTH,wet_year;nitrogen_stress_year;low_response_year,wet,HLA2019_normal_grid_S0010,low_input_within_10pct_yield,2019-09-16,259,140,135,"{""sim_day"": 140.0, ""doy"": 259.0, ""topwt"": 13190.5224609375, ""grnwt"": 4785.876770019531, ""xlai"": 1.3326599597930908, ""totir"": 0.0, ""tofer"": NaN, ""swfac"": 0.0, ""nstres"": 0.3279821872711181}",0.0,0.3279821872711181,13190.5224609375,4785.876770019531,1.3326599597930908,0.0,,0.0,0.0,0.0,150.0,16.085461425781254,16.085461425781254,Leave_One_experiments/all_year_offline_schedule_search/daily_outputs/HLA/HLA_2019_HLA2019_normal_grid_S0010_daily.csv
HLA,HLA,Hailun,2019,Leave_One_experiments\wth_generated_qc\HLA\HLA2019.WTH,wet_year;nitrogen_stress_year;low_response_year,wet,HLA2019_normal_grid_S0010,low_input_within_10pct_yield,2019-09-17,260,141,136,"{""sim_day"": 141.0, ""doy"": 260.0, ""topwt"": 13210.97412109375, ""grnwt"": 4806.329345703125, ""xlai"": 1.0975788831710815, ""totir"": 0.0, ""tofer"": NaN, ""swfac"": 0.0, ""nstres"": 0.3546925783157348}",0.0,0.3546925783157348,13210.97412109375,4806.329345703125,1.0975788831710815,0.0,,0.0,0.0,0.0,150.0,16.085461425781254,16.085461425781254,Leave_One_experiments/all_year_offline_schedule_search/daily_outputs/HLA/HLA_2019_HLA2019_normal_grid_S0010_daily.csv
HLA,HLA,Hailun,2019,Leave_One_experiments\wth_generated_qc\HLA\HLA2019.WTH,wet_year;nitrogen_stress_year;low_response_year,wet,HLA2019_normal_grid_S0010,low_input_within_10pct_yield,2019-09-18,261,142,137,"{""sim_day"": 142.0, ""doy"": 261.0, ""topwt"": 13238.043212890623, ""grnwt"": 4833.398742675781, ""xlai"": 0.715511679649353, ""totir"": 0.0, ""tofer"": NaN, ""swfac"": 0.0, ""nstres"": 0.3597378134727478}",0.0,0.3597378134727478,13238.043212890623,4833.398742675781,0.715511679649353,0.0,,0.0,0.0,0.0,150.0,16.085461425781254,16.085461425781254,Leave_One_experiments/all_year_offline_schedule_search/daily_outputs/HLA/HLA_2019_HLA2019_normal_grid_S0010_daily.csv
HLA,HLA,Hailun,2019,Leave_One_experiments\wth_generated_qc\HLA\HLA2019.WTH,wet_year;nitrogen_stress_year;low_response_year,wet,HLA2019_normal_grid_S0010,low_input_within_10pct_yield,2019-09-19,262,143,138,"{""sim_day"": 143.0, ""doy"": 262.0, ""topwt"": 13309.014892578123, ""grnwt"": 4908.5919189453125, ""xlai"": 0.6927050352096558, ""totir"": 0.0, ""tofer"": NaN, ""swfac"": 0.0, ""nstres"": 0.3649849891662597}",0.0,0.3649849891662597,13309.014892578123,4908.5919189453125,0.6927050352096558,0.0,,0.0,0.0,0.0,150.0,16.085461425781254,16.085461425781254,Leave_One_experiments/all_year_offline_schedule_search/daily_outputs/HLA/HLA_2019_HLA2019_normal_grid_S0010_daily.csv
HLA,HLA,Hailun,2019,Leave_One_experiments\wth_generated_qc\HLA\HLA2019.WTH,wet_year;nitrogen_stress_year;low_response_year,wet,HLA2019_normal_grid_S0010,low_input_within_10pct_yield,2019-09-20,263,144,139,"{""sim_day"": 144.0, ""doy"": 263.0, ""topwt"": 13367.978515625, ""grnwt"": 4963.33251953125, ""xlai"": 0.669958233833313, ""totir"": 0.0, ""tofer"": NaN, ""swfac"": 0.0, ""nstres"": 0.3881065845489502}",0.0,0.3881065845489502,13367.978515625,4963.33251953125,0.669958233833313,0.0,,0.0,0.0,0.0,150.0,16.085461425781254,16.085461425781254,Leave_One_experiments/all_year_offline_schedule_search/daily_outputs/HLA/HLA_2019_HLA2019_normal_grid_S0010_daily.csv
HLA,HLA,Hailun,2019,Leave_One_experiments\wth_generated_qc\HLA\HLA2019.WTH,wet_year;nitrogen_stress_year;low_response_year,wet,HLA2019_normal_grid_S0010,low_input_within_10pct_yield,2019-09-21,264,145,140,"{""sim_day"": 145.0, ""doy"": 264.0, ""topwt"": 13455.87158203125, ""grnwt"": 5073.414611816406, ""xlai"": 0.647652804851532, ""totir"": 0.0, ""tofer"": NaN, ""swfac"": 0.0, ""nstres"": 0.3990504741668701}",0.0,0.3990504741668701,13455.87158203125,5073.414611816406,0.647652804851532,0.0,,0.0,0.0,0.0,150.0,16.085461425781254,16.085461425781254,Leave_One_experiments/all_year_offline_schedule_search/daily_outputs/HLA/HLA_2019_HLA2019_normal_grid_S0010_daily.csv
HLA,HLA,Hailun,2019,Leave_One_experiments\wth_generated_qc\HLA\HLA2019.WTH,wet_year;nitrogen_stress_year;low_response_year,wet,HLA2019_normal_grid_S0010,low_input_within_10pct_yield,2019-09-22,265,146,141,"{""sim_day"": 146.0, ""doy"": 265.0, ""topwt"": 13535.931396484377, ""grnwt"": 5199.73876953125, ""xlai"": 0.6252998113632202, ""totir"": 0.0, ""tofer"": NaN, ""swfac"": 0.0, ""nstres"": 0.4283303022384643}",0.0,0.4283303022384643,13535.931396484377,5199.73876953125,0.6252998113632202,0.0,,0.0,0.0,0.0,150.0,16.085461425781254,16.085461425781254,Leave_One_experiments/all_year_offline_schedule_search/daily_outputs/HLA/HLA_2019_HLA2019_normal_grid_S0010_daily.csv
HLA,HLA,Hailun,2019,Leave_One_experiments\wth_generated_qc\HLA\HLA2019.WTH,wet_year;nitrogen_stress_year;low_response_year,wet,HLA2019_normal_grid_S0010,low_input_within_10pct_yield,2019-09-23,266,147,142,"{""sim_day"": 147.0, ""doy"": 266.0, ""topwt"": 13603.43017578125, ""grnwt"": 5259.2913818359375, ""xlai"": 0.5922214388847351, ""totir"": 0.0, ""tofer"": NaN, ""swfac"": 0.0, ""nstres"": 0.461439311504364}",0.0,0.461439311504364,13603.43017578125,5259.2913818359375,0.5922214388847351,0.0,,0.0,0.0,0.0,150.0,16.085461425781254,16.085461425781254,Leave_One_experiments/all_year_offline_schedule_search/daily_outputs/HLA/HLA_2019_HLA2019_normal_grid_S0010_daily.csv
HLA,HLA,Hailun,2019,Leave_One_experiments\wth_generated_qc\HLA\HLA2019.WTH,wet_year;nitrogen_stress_year;low_response_year,wet,HLA2019_normal_grid_S0010,low_input_within_10pct_yield,2019-09-24,267,148,143,"{""sim_day"": 148.0, ""doy"": 267.0, ""topwt"": 13671.746826171877, ""grnwt"": 5358.546142578125, ""xlai"": 0.5709003806114197, ""totir"": 0.0, ""tofer"": NaN, ""swfac"": 0.0, ""nstres"": 0.4640471339225769}",0.0,0.4640471339225769,13671.746826171877,5358.546142578125,0.5709003806114197,0.0,,0.0,0.0,0.0,150.0,16.085461425781254,16.085461425781254,Leave_One_experiments/all_year_offline_schedule_search/daily_outputs/HLA/HLA_2019_HLA2019_normal_grid_S0010_daily.csv
HLA,HLA,Hailun,2019,Leave_One_experiments\wth_generated_qc\HLA\HLA2019.WTH,wet_year;nitrogen_stress_year;low_response_year,wet,HLA2019_normal_grid_S0010,low_input_within_10pct_yield,2019-09-25,268,149,144,"{""sim_day"": 149.0, ""doy"": 268.0, ""topwt"": 13671.746826171877, ""grnwt"": 5358.546142578125, ""xlai"": 0.5709003806114197, ""totir"": 0.0, ""tofer"": NaN, ""swfac"": 0.0, ""nstres"": 0.4906796216964721}",0.0,0.4906796216964721,13671.746826171877,5358.546142578125,0.5709003806114197,0.0,,0.0,0.0,0.0,150.0,16.085461425781254,16.085461425781254,Leave_One_experiments/all_year_offline_schedule_search/daily_outputs/HLA/HLA_2019_HLA2019_normal_grid_S0010_daily.csv
HLA,HLA,Hailun,2019,Leave_One_experiments\wth_generated_qc\HLA\HLA2019.WTH,wet_year;nitrogen_stress_year;low_response_year,wet,HLA2019_normal_grid_S0010,low_input_within_10pct_yield,2019-09-26,269,150,145,"{""sim_day"": 150.0, ""doy"": 269.0, ""topwt"": 13671.746826171877, ""grnwt"": 5358.546142578125, ""xlai"": 0.5709003806114197, ""totir"": 0.0, ""tofer"": NaN, ""swfac"": 0.0, ""nstres"": 0.4906796216964721}",0.0,0.4906796216964721,13671.746826171877,5358.546142578125,0.5709003806114197,0.0,,0.0,0.0,0.0,150.0,16.085461425781254,16.085461425781254,Leave_One_experiments/all_year_offline_schedule_search/daily_outputs/HLA/HLA_2019_HLA2019_normal_grid_S0010_daily.csv
HLA,HLA,Hailun,2019,Leave_One_experiments\wth_generated_qc\HLA\HLA2019.WTH,wet_year;nitrogen_stress_year;low_response_year,wet,HLA2019_normal_grid_S0010,low_input_within_10pct_yield,2019-09-27,270,151,146,"{""sim_day"": 151.0, ""doy"": 270.0, ""topwt"": 13671.746826171877, ""grnwt"": 5358.546142578125, ""xlai"": 0.5709003806114197, ""totir"": 0.0, ""tofer"": NaN, ""swfac"": 0.0, ""nstres"": 0.4906796216964721}",0.0,0.4906796216964721,13671.746826171877,5358.546142578125,0.5709003806114197,0.0,,0.0,0.0,0.0,150.0,16.085461425781254,16.085461425781254,Leave_One_experiments/all_year_offline_schedule_search/daily_outputs/HLA/HLA_2019_HLA2019_normal_grid_S0010_daily.csv
HLA,HLA,Hailun,2019,Leave_One_experiments\wth_generated_qc\HLA\HLA2019.WTH,wet_year;nitrogen_stress_year;low_response_year,wet,HLA2019_normal_grid_S0010,low_input_within_10pct_yield,2019-09-28,271,152,147,"{""sim_day"": 152.0, ""doy"": 271.0, ""topwt"": 13671.746826171877, ""grnwt"": 5358.546142578125, ""xlai"": 0.5709003806114197, ""totir"": 0.0, ""tofer"": NaN, ""swfac"": 0.0, ""nstres"": 0.4906796216964721}",0.0,0.4906796216964721,13671.746826171877,5358.546142578125,0.5709003806114197,0.0,,0.0,0.0,0.0,150.0,16.085461425781254,16.085461425781254,Leave_One_experiments/all_year_offline_schedule_search/daily_outputs/HLA/HLA_2019_HLA2019_normal_grid_S0010_daily.csv
HLA,HLA,Hailun,2019,Leave_One_experiments\wth_generated_qc\HLA\HLA2019.WTH,wet_year;nitrogen_stress_year;low_response_year,wet,HLA2019_normal_grid_S0010,low_input_within_10pct_yield,2019-09-29,272,153,148,"{""sim_day"": 153.0, ""doy"": 272.0, ""topwt"": 13671.746826171877, ""grnwt"": 5358.546142578125, ""xlai"": 0.5709003806114197, ""totir"": 0.0, ""tofer"": NaN, ""swfac"": 0.0, ""nstres"": 0.4906796216964721}",0.0,0.4906796216964721,13671.746826171877,5358.546142578125,0.5709003806114197,0.0,,0.0,0.0,0.0,150.0,16.085461425781254,16.085461425781254,Leave_One_experiments/all_year_offline_schedule_search/daily_outputs/HLA/HLA_2019_HLA2019_normal_grid_S0010_daily.csv
HLA,HLA,Hailun,2019,Leave_One_experiments\wth_generated_qc\HLA\HLA2019.WTH,wet_year;nitrogen_stress_year;low_response_year,wet,HLA2019_normal_grid_S0019,pareto_balanced,2019-05-05,125,1,1,"{""sim_day"": 1.0, ""doy"": 125.0, ""topwt"": 0.0, ""grnwt"": 0.0, ""xlai"": 0.0, ""totir"": 0.0, ""tofer"": NaN, ""swfac"": 0.0, ""nstres"": 0.0}",0.0,0.0,0.0,0.0,0.0,0.0,,0.0,75.0,0.0,225.0,-2.6383728027343736,-2.6383728027343736,Leave_One_experiments/all_year_offline_schedule_search/daily_outputs/HLA/HLA_2019_HLA2019_normal_grid_S0019_daily.csv
HLA,HLA,Hailun,2019,Leave_One_experiments\wth_generated_qc\HLA\HLA2019.WTH,wet_year;nitrogen_stress_year;low_response_year,wet,HLA2019_normal_grid_S0019,pareto_balanced,2019-05-06,126,2,2,"{""sim_day"": 2.0, ""doy"": 126.0, ""topwt"": 0.0, ""grnwt"": 0.0, ""xlai"": 0.0, ""totir"": 0.0, ""tofer"": NaN, ""swfac"": 0.0, ""nstres"": 0.0}",0.0,0.0,0.0,0.0,0.0,0.0,,0.0,0.0,0.0,225.0,-2.6383728027343736,-2.6383728027343736,Leave_One_experiments/all_year_offline_schedule_search/daily_outputs/HLA/HLA_2019_HLA2019_normal_grid_S0019_daily.csv
HLA,HLA,Hailun,2019,Leave_One_experiments\wth_generated_qc\HLA\HLA2019.WTH,wet_year;nitrogen_stress_year;low_response_year,wet,HLA2019_normal_grid_S0019,pareto_balanced,2019-05-07,127,3,3,"{""sim_day"": 3.0, ""doy"": 127.0, ""topwt"": 0.0, ""grnwt"": 0.0, ""xlai"": 0.0, ""totir"": 0.0, ""tofer"": NaN, ""swfac"": 0.0, ""nstres"": 0.0}",0.0,0.0,0.0,0.0,0.0,0.0,,0.0,0.0,0.0,225.0,-2.6383728027343736,-2.6383728027343736,Leave_One_experiments/all_year_offline_schedule_search/daily_outputs/HLA/HLA_2019_HLA2019_normal_grid_S0019_daily.csv
HLA,HLA,Hailun,2019,Leave_One_experiments\wth_generated_qc\HLA\HLA2019.WTH,wet_year;nitrogen_stress_year;low_response_year,wet,HLA2019_normal_grid_S0019,pareto_balanced,2019-05-08,128,4,4,"{""sim_day"": 4.0, ""doy"": 128.0, ""topwt"": 0.0, ""grnwt"": 0.0, ""xlai"": 0.0, ""totir"": 0.0, ""tofer"": NaN, ""swfac"": 0.0, ""nstres"": 0.0}",0.0,0.0,0.0,0.0,0.0,0.0,,0.0,0.0,0.0,225.0,-2.6383728027343736,-2.6383728027343736,Leave_One_experiments/all_year_offline_schedule_search/daily_outputs/HLA/HLA_2019_HLA2019_normal_grid_S0019_daily.csv
HLA,HLA,Hailun,2019,Leave_One_experiments\wth_generated_qc\HLA\HLA2019.WTH,wet_year;nitrogen_stress_year;low_response_year,wet,HLA2019_normal_grid_S0019,pareto_balanced,2019-05-09,129,5,5,"{""sim_day"": 5.0, ""doy"": 129.0, ""topwt"": 0.0, ""grnwt"": 0.0, ""xlai"": 0.0, ""totir"": 0.0, ""tofer"": NaN, ""swfac"": 0.0, ""nstres"": 0.0}",0.0,0.0,0.0,0.0,0.0,0.0,,0.0,0.0,0.0,225.0,-2.6383728027343736,-2.6383728027343736,Leave_One_experiments/all_year_offline_schedule_search/daily_outputs/HLA/HLA_2019_HLA2019_normal_grid_S0019_daily.csv
HLA,HLA,Hailun,2019,Leave_One_experiments\wth_generated_qc\HLA\HLA2019.WTH,wet_year;nitrogen_stress_year;low_response_year,wet,HLA2019_normal_grid_S0019,pareto_balanced,2019-05-05,125,6,1,"{""sim_day"": 6.0, ""doy"": 125.0, ""topwt"": 0.0, ""grnwt"": 0.0, ""xlai"": 0.0, ""totir"": 0.0, ""tofer"": NaN, ""swfac"": 0.0, ""nstres"": 0.0}",0.0,0.0,0.0,0.0,0.0,0.0,,0.0,0.0,0.0,225.0,-2.6383728027343736,-2.6383728027343736,Leave_One_experiments/all_year_offline_schedule_search/daily_outputs/HLA/HLA_2019_HLA2019_normal_grid_S0019_daily.csv
HLA,HLA,Hailun,2019,Leave_One_experiments\wth_generated_qc\HLA\HLA2019.WTH,wet_year;nitrogen_stress_year;low_response_year,wet,HLA2019_normal_grid_S0019,pareto_balanced,2019-05-06,126,7,2,"{""sim_day"": 7.0, ""doy"": 126.0, ""topwt"": 0.0, ""grnwt"": 0.0, ""xlai"": 0.0, ""totir"": 0.0, ""tofer"": NaN, ""swfac"": 0.0, ""nstres"": 0.0}",0.0,0.0,0.0,0.0,0.0,0.0,,0.0,0.0,0.0,225.0,-2.6383728027343736,-2.6383728027343736,Leave_One_experiments/all_year_offline_schedule_search/daily_outputs/HLA/HLA_2019_HLA2019_normal_grid_S0019_daily.csv
HLA,HLA,Hailun,2019,Leave_One_experiments\wth_generated_qc\HLA\HLA2019.WTH,wet_year;nitrogen_stress_year;low_response_year,wet,HLA2019_normal_grid_S0019,pareto_balanced,2019-05-07,127,8,3,"{""sim_day"": 8.0, ""doy"": 127.0, ""topwt"": 0.0, ""grnwt"": 0.0, ""xlai"": 0.0, ""totir"": 0.0, ""tofer"": NaN, ""swfac"": 0.0, ""nstres"": 0.0}",0.0,0.0,0.0,0.0,0.0,0.0,,0.0,0.0,0.0,225.0,-2.6383728027343736,-2.6383728027343736,Leave_One_experiments/all_year_offline_schedule_search/daily_outputs/HLA/HLA_2019_HLA2019_normal_grid_S0019_daily.csv
HLA,HLA,Hailun,2019,Leave_One_experiments\wth_generated_qc\HLA\HLA2019.WTH,wet_year;nitrogen_stress_year;low_response_year,wet,HLA2019_normal_grid_S0019,pareto_balanced,2019-05-08,128,9,4,"{""sim_day"": 9.0, ""doy"": 128.0, ""topwt"": 0.0, ""grnwt"": 0.0, ""xlai"": 0.0, ""totir"": 0.0, ""tofer"": NaN, ""swfac"": 0.0, ""nstres"": 0.0}",0.0,0.0,0.0,0.0,0.0,0.0,,0.0,0.0,0.0,225.0,-2.6383728027343736,-2.6383728027343736,Leave_One_experiments/all_year_offline_schedule_search/daily_outputs/HLA/HLA_2019_HLA2019_normal_grid_S0019_daily.csv
HLA,HLA,Hailun,2019,Leave_One_experiments\wth_generated_qc\HLA\HLA2019.WTH,wet_year;nitrogen_stress_year;low_response_year,wet,HLA2019_normal_grid_S0019,pareto_balanced,2019-05-09,129,10,5,"{""sim_day"": 10.0, ""doy"": 129.0, ""topwt"": 0.0, ""grnwt"": 0.0, ""xlai"": 0.0, ""totir"": 0.0, ""tofer"": NaN, ""swfac"": 0.0, ""nstres"": 0.0}",0.0,0.0,0.0,0.0,0.0,0.0,,0.0,0.0,0.0,225.0,-2.6383728027343736,-2.6383728027343736,Leave_One_experiments/all_year_offline_schedule_search/daily_outputs/HLA/HLA_2019_HLA2019_normal_grid_S0019_daily.csv
HLA,HLA,Hailun,2019,Leave_One_experiments\wth_generated_qc\HLA\HLA2019.WTH,wet_year;nitrogen_stress_year;low_response_year,wet,HLA2019_normal_grid_S0019,pareto_balanced,2019-05-10,130,11,6,"{""sim_day"": 11.0, ""doy"": 130.0, ""topwt"": 0.0, ""grnwt"": 0.0, ""xlai"": 0.0, ""totir"": 0.0, ""tofer"": NaN, ""swfac"": 0.0, ""nstres"": 0.0}",0.0,0.0,0.0,0.0,0.0,0.0,,0.0,0.0,0.0,225.0,-2.6383728027343736,-2.6383728027343736,Leave_One_experiments/all_year_offline_schedule_search/daily_outputs/HLA/HLA_2019_HLA2019_normal_grid_S0019_daily.csv
HLA,HLA,Hailun,2019,Leave_One_experiments\wth_generated_qc\HLA\HLA2019.WTH,wet_year;nitrogen_stress_year;low_response_year,wet,HLA2019_normal_grid_S0019,pareto_balanced,2019-05-11,131,12,7,"{""sim_day"": 12.0, ""doy"": 131.0, ""topwt"": 0.0, ""grnwt"": 0.0, ""xlai"": 0.0, ""totir"": 0.0, ""tofer"": NaN, ""swfac"": 0.0, ""nstres"": 0.0}",0.0,0.0,0.0,0.0,0.0,0.0,,0.0,0.0,0.0,225.0,-2.6383728027343736,-2.6383728027343736,Leave_One_experiments/all_year_offline_schedule_search/daily_outputs/HLA/HLA_2019_HLA2019_normal_grid_S0019_daily.csv
HLA,HLA,Hailun,2019,Leave_One_experiments\wth_generated_qc\HLA\HLA2019.WTH,wet_year;nitrogen_stress_year;low_response_year,wet,HLA2019_normal_grid_S0019,pareto_balanced,2019-05-12,132,13,8,"{""sim_day"": 13.0, ""doy"": 132.0, ""topwt"": 0.0, ""grnwt"": 0.0, ""xlai"": 0.0, ""totir"": 0.0, ""tofer"": NaN, ""swfac"": 0.0, ""nstres"": 0.0}",0.0,0.0,0.0,0.0,0.0,0.0,,0.0,0.0,0.0,225.0,-2.6383728027343736,-2.6383728027343736,Leave_One_experiments/all_year_offline_schedule_search/daily_outputs/HLA/HLA_2019_HLA2019_normal_grid_S0019_daily.csv
HLA,HLA,Hailun,2019,Leave_One_experiments\wth_generated_qc\HLA\HLA2019.WTH,wet_year;nitrogen_stress_year;low_response_year,wet,HLA2019_normal_grid_S0019,pareto_balanced,2019-05-13,133,14,9,"{""sim_day"": 14.0, ""doy"": 133.0, ""topwt"": 0.0, ""grnwt"": 0.0, ""xlai"": 0.0, ""totir"": 0.0, ""tofer"": NaN, ""swfac"": 0.0, ""nstres"": 0.0}",0.0,0.0,0.0,0.0,0.0,0.0,,0.0,0.0,0.0,225.0,-2.6383728027343736,-2.6383728027343736,Leave_One_experiments/all_year_offline_schedule_search/daily_outputs/HLA/HLA_2019_HLA2019_normal_grid_S0019_daily.csv
HLA,HLA,Hailun,2019,Leave_One_experiments\wth_generated_qc\HLA\HLA2019.WTH,wet_year;nitrogen_stress_year;low_response_year,wet,HLA2019_normal_grid_S0019,pareto_balanced,2019-05-14,134,15,10,"{""sim_day"": 15.0, ""doy"": 134.0, ""topwt"": 20.0, ""grnwt"": 0.0, ""xlai"": 0.0019392587710171, ""totir"": 0.0, ""tofer"": NaN, ""swfac"": 0.0, ""nstres"": 0.0121910572052001}",0.0,0.0121910572052001,20.0,0.0,0.0019392587710171,0.0,,0.0,0.0,0.0,225.0,-2.6383728027343736,-2.6383728027343736,Leave_One_experiments/all_year_offline_schedule_search/daily_outputs/HLA/HLA_2019_HLA2019_normal_grid_S0019_daily.csv
HLA,HLA,Hailun,2019,Leave_One_experiments\wth_generated_qc\HLA\HLA2019.WTH,wet_year;nitrogen_stress_year;low_response_year,wet,HLA2019_normal_grid_S0019,pareto_balanced,2019-05-15,135,16,11,"{""sim_day"": 16.0, ""doy"": 135.0, ""topwt"": 20.0, ""grnwt"": 0.0, ""xlai"": 0.0034856738056987, ""totir"": 0.0, ""tofer"": NaN, ""swfac"": 0.0, ""nstres"": 0.0148732662200927}",0.0,0.0148732662200927,20.0,0.0,0.0034856738056987,0.0,,0.0,0.0,0.0,225.0,-2.6383728027343736,-2.6383728027343736,Leave_One_experiments/all_year_offline_schedule_search/daily_outputs/HLA/HLA_2019_HLA2019_normal_grid_S0019_daily.csv
HLA,HLA,Hailun,2019,Leave_One_experiments\wth_generated_qc\HLA\HLA2019.WTH,wet_year;nitrogen_stress_year;low_response_year,wet,HLA2019_normal_grid_S0019,pareto_balanced,2019-05-16,136,17,12,"{""sim_day"": 17.0, ""doy"": 136.0, ""topwt"": 20.0, ""grnwt"": 0.0, ""xlai"": 0.0052798301912844, ""totir"": 0.0, ""tofer"": NaN, ""swfac"": 0.0, ""nstres"": 0.0110848546028137}",0.0,0.0110848546028137,20.0,0.0,0.0052798301912844,0.0,,0.0,0.0,0.0,225.0,-2.6383728027343736,-2.6383728027343736,Leave_One_experiments/all_year_offline_schedule_search/daily_outputs/HLA/HLA_2019_HLA2019_normal_grid_S0019_daily.csv
HLA,HLA,Hailun,2019,Leave_One_experiments\wth_generated_qc\HLA\HLA2019.WTH,wet_year;nitrogen_stress_year;low_response_year,wet,HLA2019_normal_grid_S0019,pareto_balanced,2019-05-17,137,18,13,"{""sim_day"": 18.0, ""doy"": 137.0, ""topwt"": 20.0, ""grnwt"": 0.0, ""xlai"": 0.0064686392433941, ""totir"": 0.0, ""tofer"": NaN, ""swfac"": 0.0, ""nstres"": 0.0086739659309387}",0.0,0.0086739659309387,20.0,0.0,0.0064686392433941,0.0,,0.0,0.0,0.0,225.0,-2.6383728027343736,-2.6383728027343736,Leave_One_experiments/all_year_offline_schedule_search/daily_outputs/HLA/HLA_2019_HLA2019_normal_grid_S0019_daily.csv
HLA,HLA,Hailun,2019,Leave_One_experiments\wth_generated_qc\HLA\HLA2019.WTH,wet_year;nitrogen_stress_year;low_response_year,wet,HLA2019_normal_grid_S0019,pareto_balanced,2019-05-18,138,19,14,"{""sim_day"": 19.0, ""doy"": 138.0, ""topwt"": 20.0, ""grnwt"": 0.0, ""xlai"": 0.0069965277798473, ""totir"": 0.0, ""tofer"": NaN, ""swfac"": 0.0, ""nstres"": 0.0076075792312622}",0.0,0.0076075792312622,20.0,0.0,0.0069965277798473,0.0,,0.0,0.0,0.0,225.0,-2.6383728027343736,-2.6383728027343736,Leave_One_experiments/all_year_offline_schedule_search/daily_outputs/HLA/HLA_2019_HLA2019_normal_grid_S0019_daily.csv
HLA,HLA,Hailun,2019,Leave_One_experiments\wth_generated_qc\HLA\HLA2019.WTH,wet_year;nitrogen_stress_year;low_response_year,wet,HLA2019_normal_grid_S0019,pareto_balanced,2019-05-19,139,20,15,"{""sim_day"": 20.0, ""doy"": 139.0, ""topwt"": 20.0, ""grnwt"": 0.0, ""xlai"": 0.0074492138810455, ""totir"": 0.0, ""tofer"": NaN, ""swfac"": 0.0, ""nstres"": 0.0067070722579956}",0.0,0.0067070722579956,20.0,0.0,0.0074492138810455,0.0,,0.0,0.0,0.0,225.0,-2.6383728027343736,-2.6383728027343736,Leave_One_experiments/all_year_offline_schedule_search/daily_outputs/HLA/HLA_2019_HLA2019_normal_grid_S0019_daily.csv
HLA,HLA,Hailun,2019,Leave_One_experiments\wth_generated_qc\HLA\HLA2019.WTH,wet_year;nitrogen_stress_year;low_response_year,wet,HLA2019_normal_grid_S0019,pareto_balanced,2019-05-20,140,21,16,"{""sim_day"": 21.0, ""doy"": 140.0, ""topwt"": 20.0, ""grnwt"": 0.0, ""xlai"": 0.0078755188733339, ""totir"": 0.0, ""tofer"": NaN, ""swfac"": 0.0, ""nstres"": 0.0058647394180297}",0.0,0.0058647394180297,20.0,0.0,0.0078755188733339,0.0,,0.0,0.0,0.0,225.0,-2.6383728027343736,-2.6383728027343736,Leave_One_experiments/all_year_offline_schedule_search/daily_outputs/HLA/HLA_2019_HLA2019_normal_grid_S0019_daily.csv
HLA,HLA,Hailun,2019,Leave_One_experiments\wth_generated_qc\HLA\HLA2019.WTH,wet_year;nitrogen_stress_year;low_response_year,wet,HLA2019_normal_grid_S0019,pareto_balanced,2019-05-21,141,22,17,"{""sim_day"": 22.0, ""doy"": 141.0, ""topwt"": 20.0, ""grnwt"": 0.0, ""xlai"": 0.0081254392862319, ""totir"": 0.0, ""tofer"": NaN, ""swfac"": 0.0, ""nstres"": 0.0050820112228393}",0.0,0.0050820112228393,20.0,0.0,0.0081254392862319,0.0,,0.0,0.0,0.0,225.0,-2.6383728027343736,-2.6383728027343736,Leave_One_experiments/all_year_offline_schedule_search/daily_outputs/HLA/HLA_2019_HLA2019_normal_grid_S0019_daily.csv
HLA,HLA,Hailun,2019,Leave_One_experiments\wth_generated_qc\HLA\HLA2019.WTH,wet_year;nitrogen_stress_year;low_response_year,wet,HLA2019_normal_grid_S0019,pareto_balanced,2019-05-22,142,23,18,"{""sim_day"": 23.0, ""doy"": 142.0, ""topwt"": 20.0, ""grnwt"": 0.0, ""xlai"": 0.0085342852398753, ""totir"": 0.0, ""tofer"": NaN, ""swfac"": 0.0, ""nstres"": 0.0025588274002075}",0.0,0.0025588274002075,20.0,0.0,0.0085342852398753,0.0,,0.0,0.0,0.0,225.0,-2.6383728027343736,-2.6383728027343736,Leave_One_experiments/all_year_offline_schedule_search/daily_outputs/HLA/HLA_2019_HLA2019_normal_grid_S0019_daily.csv
HLA,HLA,Hailun,2019,Leave_One_experiments\wth_generated_qc\HLA\HLA2019.WTH,wet_year;nitrogen_stress_year;low_response_year,wet,HLA2019_normal_grid_S0019,pareto_balanced,2019-05-23,143,24,19,"{""sim_day"": 24.0, ""doy"": 143.0, ""topwt"": 20.0, ""grnwt"": 0.0, ""xlai"": 0.0123945847153663, ""totir"": 0.0, ""tofer"": NaN, ""swfac"": 0.0, ""nstres"": 0.0}",0.0,0.0,20.0,0.0,0.0123945847153663,0.0,,0.0,0.0,0.0,225.0,-2.6383728027343736,-2.6383728027343736,Leave_One_experiments/all_year_offline_schedule_search/daily_outputs/HLA/HLA_2019_HLA2019_normal_grid_S0019_daily.csv
HLA,HLA,Hailun,2019,Leave_One_experiments\wth_generated_qc\HLA\HLA2019.WTH,wet_year;nitrogen_stress_year;low_response_year,wet,HLA2019_normal_grid_S0019,pareto_balanced,2019-05-24,144,25,20,"{""sim_day"": 25.0, ""doy"": 144.0, ""topwt"": 20.0, ""grnwt"": 0.0, ""xlai"": 0.0242552906274795, ""totir"": 0.0, ""tofer"": NaN, ""swfac"": 0.0, ""nstres"": 0.0}",0.0,0.0,20.0,0.0,0.0242552906274795,0.0,,0.0,0.0,0.0,225.0,-2.6383728027343736,-2.6383728027343736,Leave_One_experiments/all_year_offline_schedule_search/daily_outputs/HLA/HLA_2019_HLA2019_normal_grid_S0019_daily.csv
HLA,HLA,Hailun,2019,Leave_One_experiments\wth_generated_qc\HLA\HLA2019.WTH,wet_year;nitrogen_stress_year;low_response_year,wet,HLA2019_normal_grid_S0019,pareto_balanced,2019-05-25,145,26,21,"{""sim_day"": 26.0, ""doy"": 145.0, ""topwt"": 20.0, ""grnwt"": 0.0, ""xlai"": 0.0282934326678514, ""totir"": 0.0, ""tofer"": NaN, ""swfac"": 0.0, ""nstres"": 0.0}",0.0,0.0,20.0,0.0,0.0282934326678514,0.0,,0.0,0.0,0.0,225.0,-2.6383728027343736,-2.6383728027343736,Leave_One_experiments/all_year_offline_schedule_search/daily_outputs/HLA/HLA_2019_HLA2019_normal_grid_S0019_daily.csv
HLA,HLA,Hailun,2019,Leave_One_experiments\wth_generated_qc\HLA\HLA2019.WTH,wet_year;nitrogen_stress_year;low_response_year,wet,HLA2019_normal_grid_S0019,pareto_balanced,2019-05-26,146,27,22,"{""sim_day"": 27.0, ""doy"": 146.0, ""topwt"": 20.0, ""grnwt"": 0.0, ""xlai"": 0.0317408517003059, ""totir"": 0.0, ""tofer"": NaN, ""swfac"": 0.0, ""nstres"": 0.0}",0.0,0.0,20.0,0.0,0.0317408517003059,0.0,,0.0,0.0,0.0,225.0,-2.6383728027343736,-2.6383728027343736,Leave_One_experiments/all_year_offline_schedule_search/daily_outputs/HLA/HLA_2019_HLA2019_normal_grid_S0019_daily.csv
HLA,HLA,Hailun,2019,Leave_One_experiments\wth_generated_qc\HLA\HLA2019.WTH,wet_year;nitrogen_stress_year;low_response_year,wet,HLA2019_normal_grid_S0019,pareto_balanced,2019-05-27,147,28,23,"{""sim_day"": 28.0, ""doy"": 147.0, ""topwt"": 20.106875896453857, ""grnwt"": 0.0, ""xlai"": 0.0343673676252365, ""totir"": 0.0, ""tofer"": NaN, ""swfac"": 0.0, ""nstres"": 0.0}",0.0,0.0,20.106875896453857,0.0,0.0343673676252365,0.0,,0.0,0.0,0.0,225.0,-2.6383728027343736,-2.6383728027343736,Leave_One_experiments/all_year_offline_schedule_search/daily_outputs/HLA/HLA_2019_HLA2019_normal_grid_S0019_daily.csv
HLA,HLA,Hailun,2019,Leave_One_experiments\wth_generated_qc\HLA\HLA2019.WTH,wet_year;nitrogen_stress_year;low_response_year,wet,HLA2019_normal_grid_S0019,pareto_balanced,2019-05-28,148,29,24,"{""sim_day"": 29.0, ""doy"": 148.0, ""topwt"": 21.843221187591556, ""grnwt"": 0.0, ""xlai"": 0.0391005501151084, ""totir"": 0.0, ""tofer"": NaN, ""swfac"": 0.0, ""nstres"": 0.0}",0.0,0.0,21.843221187591556,0.0,0.0391005501151084,0.0,,0.0,0.0,0.0,225.0,-2.6383728027343736,-2.6383728027343736,Leave_One_experiments/all_year_offline_schedule_search/daily_outputs/HLA/HLA_2019_HLA2019_normal_grid_S0019_daily.csv
HLA,HLA,Hailun,2019,Leave_One_experiments\wth_generated_qc\HLA\HLA2019.WTH,wet_year;nitrogen_stress_year;low_response_year,wet,HLA2019_normal_grid_S0019,pareto_balanced,2019-05-29,149,30,25,"{""sim_day"": 30.0, ""doy"": 149.0, ""topwt"": 24.489336013793945, ""grnwt"": 0.0, ""xlai"": 0.0460532791912555, ""totir"": 0.0, ""tofer"": NaN, ""swfac"": 0.0, ""nstres"": 0.0}",0.0,0.0,24.489336013793945,0.0,0.0460532791912555,0.0,,0.0,0.0,0.0,225.0,-2.6383728027343736,-2.6383728027343736,Leave_One_experiments/all_year_offline_schedule_search/daily_outputs/HLA/HLA_2019_HLA2019_normal_grid_S0019_daily.csv
HLA,HLA,Hailun,2019,Leave_One_experiments\wth_generated_qc\HLA\HLA2019.WTH,wet_year;nitrogen_stress_year;low_response_year,wet,HLA2019_normal_grid_S0019,pareto_balanced,2019-05-30,150,31,26,"{""sim_day"": 31.0, ""doy"": 150.0, ""topwt"": 27.37599372863769, ""grnwt"": 0.0, ""xlai"": 0.0532967448234558, ""totir"": 0.0, ""tofer"": NaN, ""swfac"": 0.0, ""nstres"": 0.0}",0.0,0.0,27.37599372863769,0.0,0.0532967448234558,0.0,,0.0,0.0,0.0,225.0,-2.6383728027343736,-2.6383728027343736,Leave_One_experiments/all_year_offline_schedule_search/daily_outputs/HLA/HLA_2019_HLA2019_normal_grid_S0019_daily.csv
HLA,HLA,Hailun,2019,Leave_One_experiments\wth_generated_qc\HLA\HLA2019.WTH,wet_year;nitrogen_stress_year;low_response_year,wet,HLA2019_normal_grid_S0019,pareto_balanced,2019-05-31,151,32,27,"{""sim_day"": 32.0, ""doy"": 151.0, ""topwt"": 31.54272556304932, ""grnwt"": 0.0, ""xlai"": 0.0632476657629013, ""totir"": 0.0, ""tofer"": NaN, ""swfac"": 0.0, ""nstres"": 0.0}",0.0,0.0,31.54272556304932,0.0,0.0632476657629013,0.0,,0.0,0.0,0.0,225.0,-2.6383728027343736,-2.6383728027343736,Leave_One_experiments/all_year_offline_schedule_search/daily_outputs/HLA/HLA_2019_HLA2019_normal_grid_S0019_daily.csv
HLA,HLA,Hailun,2019,Leave_One_experiments\wth_generated_qc\HLA\HLA2019.WTH,wet_year;nitrogen_stress_year;low_response_year,wet,HLA2019_normal_grid_S0019,pareto_balanced,2019-06-01,152,33,28,"{""sim_day"": 33.0, ""doy"": 152.0, ""topwt"": 35.7169508934021, ""grnwt"": 0.0, ""xlai"": 0.0728241056203842, ""totir"": 0.0, ""tofer"": NaN, ""swfac"": 0.0, ""nstres"": 0.0}",0.0,0.0,35.7169508934021,0.0,0.0728241056203842,0.0,,0.0,0.0,0.0,225.0,-2.6383728027343736,-2.6383728027343736,Leave_One_experiments/all_year_offline_schedule_search/daily_outputs/HLA/HLA_2019_HLA2019_normal_grid_S0019_daily.csv
HLA,HLA,Hailun,2019,Leave_One_experiments\wth_generated_qc\HLA\HLA2019.WTH,wet_year;nitrogen_stress_year;low_response_year,wet,HLA2019_normal_grid_S0019,pareto_balanced,2019-06-02,153,34,29,"{""sim_day"": 34.0, ""doy"": 153.0, ""topwt"": 41.553168296813965, ""grnwt"": 0.0, ""xlai"": 0.0856950655579567, ""totir"": 0.0, ""tofer"": NaN, ""swfac"": 0.0, ""nstres"": 0.0}",0.0,0.0,41.553168296813965,0.0,0.0856950655579567,0.0,,0.0,0.0,0.0,225.0,-2.6383728027343736,-2.6383728027343736,Leave_One_experiments/all_year_offline_schedule_search/daily_outputs/HLA/HLA_2019_HLA2019_normal_grid_S0019_daily.csv
HLA,HLA,Hailun,2019,Leave_One_experiments\wth_generated_qc\HLA\HLA2019.WTH,wet_year;nitrogen_stress_year;low_response_year,wet,HLA2019_normal_grid_S0019,pareto_balanced,2019-06-03,154,35,30,"{""sim_day"": 35.0, ""doy"": 154.0, ""topwt"": 51.087164878845215, ""grnwt"": 0.0, ""xlai"": 0.1057232990860939, ""totir"": 0.0, ""tofer"": NaN, ""swfac"": 0.0, ""nstres"": 0.0}",0.0,0.0,51.087164878845215,0.0,0.1057232990860939,0.0,,0.0,75.0,0.0,225.0,-2.6383728027343736,-2.6383728027343736,Leave_One_experiments/all_year_offline_schedule_search/daily_outputs/HLA/HLA_2019_HLA2019_normal_grid_S0019_daily.csv
HLA,HLA,Hailun,2019,Leave_One_experiments\wth_generated_qc\HLA\HLA2019.WTH,wet_year;nitrogen_stress_year;low_response_year,wet,HLA2019_normal_grid_S0019,pareto_balanced,2019-06-04,155,36,31,"{""sim_day"": 36.0, ""doy"": 155.0, ""topwt"": 61.833534240722656, ""grnwt"": 0.0, ""xlai"": 0.1271716207265854, ""totir"": 0.0, ""tofer"": NaN, ""swfac"": 0.0, ""nstres"": 0.0}",0.0,0.0,61.833534240722656,0.0,0.1271716207265854,0.0,,0.0,0.0,0.0,225.0,-2.6383728027343736,-2.6383728027343736,Leave_One_experiments/all_year_offline_schedule_search/daily_outputs/HLA/HLA_2019_HLA2019_normal_grid_S0019_daily.csv
HLA,HLA,Hailun,2019,Leave_One_experiments\wth_generated_qc\HLA\HLA2019.WTH,wet_year;nitrogen_stress_year;low_response_year,wet,HLA2019_normal_grid_S0019,pareto_balanced,2019-06-05,156,37,32,"{""sim_day"": 37.0, ""doy"": 156.0, ""topwt"": 71.42175674438477, ""grnwt"": 0.0, ""xlai"": 0.1455315947532653, ""totir"": 0.0, ""tofer"": NaN, ""swfac"": 0.0, ""nstres"": 0.0}",0.0,0.0,71.42175674438477,0.0,0.1455315947532653,0.0,,0.0,0.0,0.0,225.0,-2.6383728027343736,-2.6383728027343736,Leave_One_experiments/all_year_offline_schedule_search/daily_outputs/HLA/HLA_2019_HLA2019_normal_grid_S0019_daily.csv
HLA,HLA,Hailun,2019,Leave_One_experiments\wth_generated_qc\HLA\HLA2019.WTH,wet_year;nitrogen_stress_year;low_response_year,wet,HLA2019_normal_grid_S0019,pareto_balanced,2019-06-06,157,38,33,"{""sim_day"": 38.0, ""doy"": 157.0, ""topwt"": 82.30329513549805, ""grnwt"": 0.0, ""xlai"": 0.165658637881279, ""totir"": 0.0, ""tofer"": NaN, ""swfac"": 0.0, ""nstres"": 0.0}",0.0,0.0,82.30329513549805,0.0,0.165658637881279,0.0,,0.0,0.0,0.0,225.0,-2.6383728027343736,-2.6383728027343736,Leave_One_experiments/all_year_offline_schedule_search/daily_outputs/HLA/HLA_2019_HLA2019_normal_grid_S0019_daily.csv
HLA,HLA,Hailun,2019,Leave_One_experiments\wth_generated_qc\HLA\HLA2019.WTH,wet_year;nitrogen_stress_year;low_response_year,wet,HLA2019_normal_grid_S0019,pareto_balanced,2019-06-07,158,39,34,"{""sim_day"": 39.0, ""doy"": 158.0, ""topwt"": 96.16788864135742, ""grnwt"": 0.0, ""xlai"": 0.1904116719961166, ""totir"": 0.0, ""tofer"": NaN, ""swfac"": 0.0, ""nstres"": 0.0}",0.0,0.0,96.16788864135742,0.0,0.1904116719961166,0.0,,0.0,0.0,0.0,225.0,-2.6383728027343736,-2.6383728027343736,Leave_One_experiments/all_year_offline_schedule_search/daily_outputs/HLA/HLA_2019_HLA2019_normal_grid_S0019_daily.csv
HLA,HLA,Hailun,2019,Leave_One_experiments\wth_generated_qc\HLA\HLA2019.WTH,wet_year;nitrogen_stress_year;low_response_year,wet,HLA2019_normal_grid_S0019,pareto_balanced,2019-06-08,159,40,35,"{""sim_day"": 40.0, ""doy"": 159.0, ""topwt"": 114.34860229492188, ""grnwt"": 0.0, ""xlai"": 0.2216457426548004, ""totir"": 0.0, ""tofer"": NaN, ""swfac"": 0.0, ""nstres"": 0.0}",0.0,0.0,114.34860229492188,0.0,0.2216457426548004,0.0,,0.0,0.0,0.0,225.0,-2.6383728027343736,-2.6383728027343736,Leave_One_experiments/all_year_offline_schedule_search/daily_outputs/HLA/HLA_2019_HLA2019_normal_grid_S0019_daily.csv
HLA,HLA,Hailun,2019,Leave_One_experiments\wth_generated_qc\HLA\HLA2019.WTH,wet_year;nitrogen_stress_year;low_response_year,wet,HLA2019_normal_grid_S0019,pareto_balanced,2019-06-09,160,41,36,"{""sim_day"": 41.0, ""doy"": 160.0, ""topwt"": 135.362548828125, ""grnwt"": 0.0, ""xlai"": 0.2563557028770447, ""totir"": 0.0, ""tofer"": NaN, ""swfac"": 0.0, ""nstres"": 0.0}",0.0,0.0,135.362548828125,0.0,0.2563557028770447,0.0,,0.0,0.0,0.0,225.0,-2.6383728027343736,-2.6383728027343736,Leave_One_experiments/all_year_offline_schedule_search/daily_outputs/HLA/HLA_2019_HLA2019_normal_grid_S0019_daily.csv
HLA,HLA,Hailun,2019,Leave_One_experiments\wth_generated_qc\HLA\HLA2019.WTH,wet_year;nitrogen_stress_year;low_response_year,wet,HLA2019_normal_grid_S0019,pareto_balanced,2019-06-10,161,42,37,"{""sim_day"": 42.0, ""doy"": 161.0, ""topwt"": 146.0095500946045, ""grnwt"": 0.0, ""xlai"": 0.2920820415019989, ""totir"": 0.0, ""tofer"": NaN, ""swfac"": 0.0, ""nstres"": 0.0}",0.0,0.0,146.0095500946045,0.0,0.2920820415019989,0.0,,0.0,0.0,0.0,225.0,-2.6383728027343736,-2.6383728027343736,Leave_One_experiments/all_year_offline_schedule_search/daily_outputs/HLA/HLA_2019_HLA2019_normal_grid_S0019_daily.csv
HLA,HLA,Hailun,2019,Leave_One_experiments\wth_generated_qc\HLA\HLA2019.WTH,wet_year;nitrogen_stress_year;low_response_year,wet,HLA2019_normal_grid_S0019,pareto_balanced,2019-06-11,162,43,38,"{""sim_day"": 43.0, ""doy"": 162.0, ""topwt"": 169.7838020324707, ""grnwt"": 0.0, ""xlai"": 0.3318783640861511, ""totir"": 0.0, ""tofer"": NaN, ""swfac"": 0.0, ""nstres"": 0.0040403604507446}",0.0,0.0040403604507446,169.7838020324707,0.0,0.3318783640861511,0.0,,0.0,0.0,0.0,225.0,-2.6383728027343736,-2.6383728027343736,Leave_One_experiments/all_year_offline_schedule_search/daily_outputs/HLA/HLA_2019_HLA2019_normal_grid_S0019_daily.csv
HLA,HLA,Hailun,2019,Leave_One_experiments\wth_generated_qc\HLA\HLA2019.WTH,wet_year;nitrogen_stress_year;low_response_year,wet,HLA2019_normal_grid_S0019,pareto_balanced,2019-06-12,163,44,39,"{""sim_day"": 44.0, ""doy"": 163.0, ""topwt"": 187.21925735473636, ""grnwt"": 0.0, ""xlai"": 0.3601310551166534, ""totir"": 0.0, ""tofer"": NaN, ""swfac"": 0.0, ""nstres"": 0.0}",0.0,0.0,187.21925735473636,0.0,0.3601310551166534,0.0,,0.0,0.0,0.0,225.0,-2.6383728027343736,-2.6383728027343736,Leave_One_experiments/all_year_offline_schedule_search/daily_outputs/HLA/HLA_2019_HLA2019_normal_grid_S0019_daily.csv
HLA,HLA,Hailun,2019,Leave_One_experiments\wth_generated_qc\HLA\HLA2019.WTH,wet_year;nitrogen_stress_year;low_response_year,wet,HLA2019_normal_grid_S0019,pareto_balanced,2019-06-13,164,45,40,"{""sim_day"": 45.0, ""doy"": 164.0, ""topwt"": 202.5253677368164, ""grnwt"": 0.0, ""xlai"": 0.3844809532165527, ""totir"": 0.0, ""tofer"": NaN, ""swfac"": 0.0, ""nstres"": 0.0}",0.0,0.0,202.5253677368164,0.0,0.3844809532165527,0.0,,0.0,0.0,0.0,225.0,-2.6383728027343736,-2.6383728027343736,Leave_One_experiments/all_year_offline_schedule_search/daily_outputs/HLA/HLA_2019_HLA2019_normal_grid_S0019_daily.csv
HLA,HLA,Hailun,2019,Leave_One_experiments\wth_generated_qc\HLA\HLA2019.WTH,wet_year;nitrogen_stress_year;low_response_year,wet,HLA2019_normal_grid_S0019,pareto_balanced,2019-06-14,165,46,41,"{""sim_day"": 46.0, ""doy"": 165.0, ""topwt"": 225.36008834838867, ""grnwt"": 0.0, ""xlai"": 0.4201691746711731, ""totir"": 0.0, ""tofer"": NaN, ""swfac"": 0.0, ""nstres"": 0.0}",0.0,0.0,225.36008834838867,0.0,0.4201691746711731,0.0,,0.0,0.0,0.0,225.0,-2.6383728027343736,-2.6383728027343736,Leave_One_experiments/all_year_offline_schedule_search/daily_outputs/HLA/HLA_2019_HLA2019_normal_grid_S0019_daily.csv
HLA,HLA,Hailun,2019,Leave_One_experiments\wth_generated_qc\HLA\HLA2019.WTH,wet_year;nitrogen_stress_year;low_response_year,wet,HLA2019_normal_grid_S0019,pareto_balanced,2019-06-15,166,47,42,"{""sim_day"": 47.0, ""doy"": 166.0, ""topwt"": 249.02088165283203, ""grnwt"": 0.0, ""xlai"": 0.4563240110874176, ""totir"": 0.0, ""tofer"": NaN, ""swfac"": 0.0, ""nstres"": 0.0}",0.0,0.0,249.02088165283203,0.0,0.4563240110874176,0.0,,0.0,0.0,0.0,225.0,-2.6383728027343736,-2.6383728027343736,Leave_One_experiments/all_year_offline_schedule_search/daily_outputs/HLA/HLA_2019_HLA2019_normal_grid_S0019_daily.csv
HLA,HLA,Hailun,2019,Leave_One_experiments\wth_generated_qc\HLA\HLA2019.WTH,wet_year;nitrogen_stress_year;low_response_year,wet,HLA2019_normal_grid_S0019,pareto_balanced,2019-06-16,167,48,43,"{""sim_day"": 48.0, ""doy"": 167.0, ""topwt"": 286.2252998352051, ""grnwt"": 0.0, ""xlai"": 0.5116879343986511, ""totir"": 0.0, ""tofer"": NaN, ""swfac"": 0.0, ""nstres"": 0.0}",0.0,0.0,286.2252998352051,0.0,0.5116879343986511,0.0,,0.0,0.0,0.0,225.0,-2.6383728027343736,-2.6383728027343736,Leave_One_experiments/all_year_offline_schedule_search/daily_outputs/HLA/HLA_2019_HLA2019_normal_grid_S0019_daily.csv
HLA,HLA,Hailun,2019,Leave_One_experiments\wth_generated_qc\HLA\HLA2019.WTH,wet_year;nitrogen_stress_year;low_response_year,wet,HLA2019_normal_grid_S0019,pareto_balanced,2019-06-17,168,49,44,"{""sim_day"": 49.0, ""doy"": 168.0, ""topwt"": 322.0273971557617, ""grnwt"": 0.0, ""xlai"": 0.5612567663192749, ""totir"": 0.0, ""tofer"": NaN, ""swfac"": 0.0, ""nstres"": 0.0}",0.0,0.0,322.0273971557617,0.0,0.5612567663192749,0.0,,0.0,0.0,0.0,225.0,-2.6383728027343736,-2.6383728027343736,Leave_One_experiments/all_year_offline_schedule_search/daily_outputs/HLA/HLA_2019_HLA2019_normal_grid_S0019_daily.csv
HLA,HLA,Hailun,2019,Leave_One_experiments\wth_generated_qc\HLA\HLA2019.WTH,wet_year;nitrogen_stress_year;low_response_year,wet,HLA2019_normal_grid_S0019,pareto_balanced,2019-06-18,169,50,45,"{""sim_day"": 50.0, ""doy"": 169.0, ""topwt"": 369.4692993164063, ""grnwt"": 0.0, ""xlai"": 0.6300355792045593, ""totir"": 0.0, ""tofer"": NaN, ""swfac"": 0.0, ""nstres"": 0.0}",0.0,0.0,369.4692993164063,0.0,0.6300355792045593,0.0,,0.0,0.0,0.0,225.0,-2.6383728027343736,-2.6383728027343736,Leave_One_experiments/all_year_offline_schedule_search/daily_outputs/HLA/HLA_2019_HLA2019_normal_grid_S0019_daily.csv
HLA,HLA,Hailun,2019,Leave_One_experiments\wth_generated_qc\HLA\HLA2019.WTH,wet_year;nitrogen_stress_year;low_response_year,wet,HLA2019_normal_grid_S0019,pareto_balanced,2019-06-19,170,51,46,"{""sim_day"": 51.0, ""doy"": 170.0, ""topwt"": 402.34901428222656, ""grnwt"": 0.0, ""xlai"": 0.6763649582862854, ""totir"": 0.0, ""tofer"": NaN, ""swfac"": 0.0, ""nstres"": 0.0}",0.0,0.0,402.34901428222656,0.0,0.6763649582862854,0.0,,0.0,0.0,0.0,225.0,-2.6383728027343736,-2.6383728027343736,Leave_One_experiments/all_year_offline_schedule_search/daily_outputs/HLA/HLA_2019_HLA2019_normal_grid_S0019_daily.csv
HLA,HLA,Hailun,2019,Leave_One_experiments\wth_generated_qc\HLA\HLA2019.WTH,wet_year;nitrogen_stress_year;low_response_year,wet,HLA2019_normal_grid_S0019,pareto_balanced,2019-06-20,171,52,47,"{""sim_day"": 52.0, ""doy"": 171.0, ""topwt"": 454.83585357666016, ""grnwt"": 0.0, ""xlai"": 0.7479372024536133, ""totir"": 0.0, ""tofer"": NaN, ""swfac"": 0.0, ""nstres"": 0.0}",0.0,0.0,454.83585357666016,0.0,0.7479372024536133,0.0,,0.0,0.0,0.0,225.0,-2.6383728027343736,-2.6383728027343736,Leave_One_experiments/all_year_offline_schedule_search/daily_outputs/HLA/HLA_2019_HLA2019_normal_grid_S0019_daily.csv
HLA,HLA,Hailun,2019,Leave_One_experiments\wth_generated_qc\HLA\HLA2019.WTH,wet_year;nitrogen_stress_year;low_response_year,wet,HLA2019_normal_grid_S0019,pareto_balanced,2019-06-21,172,53,48,"{""sim_day"": 53.0, ""doy"": 172.0, ""topwt"": 517.6942443847656, ""grnwt"": 0.0, ""xlai"": 0.8301475644111633, ""totir"": 0.0, ""tofer"": NaN, ""swfac"": 0.0, ""nstres"": 0.0}",0.0,0.0,517.6942443847656,0.0,0.8301475644111633,0.0,,0.0,0.0,0.0,225.0,-2.6383728027343736,-2.6383728027343736,Leave_One_experiments/all_year_offline_schedule_search/daily_outputs/HLA/HLA_2019_HLA2019_normal_grid_S0019_daily.csv
HLA,HLA,Hailun,2019,Leave_One_experiments\wth_generated_qc\HLA\HLA2019.WTH,wet_year;nitrogen_stress_year;low_response_year,wet,HLA2019_normal_grid_S0019,pareto_balanced,2019-06-22,173,54,49,"{""sim_day"": 54.0, ""doy"": 173.0, ""topwt"": 603.5844421386719, ""grnwt"": 0.0, ""xlai"": 0.9370792508125304, ""totir"": 0.0, ""tofer"": NaN, ""swfac"": 0.0, ""nstres"": 0.0}",0.0,0.0,603.5844421386719,0.0,0.9370792508125304,0.0,,0.0,0.0,0.0,225.0,-2.6383728027343736,-2.6383728027343736,Leave_One_experiments/all_year_offline_schedule_search/daily_outputs/HLA/HLA_2019_HLA2019_normal_grid_S0019_daily.csv
HLA,HLA,Hailun,2019,Leave_One_experiments\wth_generated_qc\HLA\HLA2019.WTH,wet_year;nitrogen_stress_year;low_response_year,wet,HLA2019_normal_grid_S0019,pareto_balanced,2019-06-23,174,55,50,"{""sim_day"": 55.0, ""doy"": 174.0, ""topwt"": 708.1601715087891, ""grnwt"": 0.0, ""xlai"": 1.0597351789474487, ""totir"": 0.0, ""tofer"": NaN, ""swfac"": 0.0, ""nstres"": 0.0}",0.0,0.0,708.1601715087891,0.0,1.0597351789474487,0.0,,0.0,0.0,0.0,225.0,-2.6383728027343736,-2.6383728027343736,Leave_One_experiments/all_year_offline_schedule_search/daily_outputs/HLA/HLA_2019_HLA2019_normal_grid_S0019_daily.csv
HLA,HLA,Hailun,2019,Leave_One_experiments\wth_generated_qc\HLA\HLA2019.WTH,wet_year;nitrogen_stress_year;low_response_year,wet,HLA2019_normal_grid_S0019,pareto_balanced,2019-06-24,175,56,51,"{""sim_day"": 56.0, ""doy"": 175.0, ""topwt"": 830.1171875, ""grnwt"": 0.0, ""xlai"": 1.19344162940979, ""totir"": 0.0, ""tofer"": NaN, ""swfac"": 0.0, ""nstres"": 0.0}",0.0,0.0,830.1171875,0.0,1.19344162940979,0.0,,0.0,0.0,0.0,225.0,-2.6383728027343736,-2.6383728027343736,Leave_One_experiments/all_year_offline_schedule_search/daily_outputs/HLA/HLA_2019_HLA2019_normal_grid_S0019_daily.csv
HLA,HLA,Hailun,2019,Leave_One_experiments\wth_generated_qc\HLA\HLA2019.WTH,wet_year;nitrogen_stress_year;low_response_year,wet,HLA2019_normal_grid_S0019,pareto_balanced,2019-06-25,176,57,52,"{""sim_day"": 57.0, ""doy"": 176.0, ""topwt"": 909.7463989257812, ""grnwt"": 0.0, ""xlai"": 1.275949001312256, ""totir"": 0.0, ""tofer"": NaN, ""swfac"": 0.0, ""nstres"": 0.0}",0.0,0.0,909.7463989257812,0.0,1.275949001312256,0.0,,0.0,0.0,0.0,225.0,-2.6383728027343736,-2.6383728027343736,Leave_One_experiments/all_year_offline_schedule_search/daily_outputs/HLA/HLA_2019_HLA2019_normal_grid_S0019_daily.csv
HLA,HLA,Hailun,2019,Leave_One_experiments\wth_generated_qc\HLA\HLA2019.WTH,wet_year;nitrogen_stress_year;low_response_year,wet,HLA2019_normal_grid_S0019,pareto_balanced,2019-06-26,177,58,53,"{""sim_day"": 58.0, ""doy"": 177.0, ""topwt"": 966.1711120605468, ""grnwt"": 0.0, ""xlai"": 1.3320952653884888, ""totir"": 0.0, ""tofer"": NaN, ""swfac"": 0.0, ""nstres"": 0.0}",0.0,0.0,966.1711120605468,0.0,1.3320952653884888,0.0,,0.0,0.0,0.0,225.0,-2.6383728027343736,-2.6383728027343736,Leave_One_experiments/all_year_offline_schedule_search/daily_outputs/HLA/HLA_2019_HLA2019_normal_grid_S0019_daily.csv
HLA,HLA,Hailun,2019,Leave_One_experiments\wth_generated_qc\HLA\HLA2019.WTH,wet_year;nitrogen_stress_year;low_response_year,wet,HLA2019_normal_grid_S0019,pareto_balanced,2019-06-27,178,59,54,"{""sim_day"": 59.0, ""doy"": 178.0, ""topwt"": 1005.2487182617188, ""grnwt"": 0.0, ""xlai"": 1.3700319528579712, ""totir"": 0.0, ""tofer"": NaN, ""swfac"": 0.0, ""nstres"": 0.0}",0.0,0.0,1005.2487182617188,0.0,1.3700319528579712,0.0,,0.0,0.0,0.0,225.0,-2.6383728027343736,-2.6383728027343736,Leave_One_experiments/all_year_offline_schedule_search/daily_outputs/HLA/HLA_2019_HLA2019_normal_grid_S0019_daily.csv
HLA,HLA,Hailun,2019,Leave_One_experiments\wth_generated_qc\HLA\HLA2019.WTH,wet_year;nitrogen_stress_year;low_response_year,wet,HLA2019_normal_grid_S0019,pareto_balanced,2019-06-28,179,60,55,"{""sim_day"": 60.0, ""doy"": 179.0, ""topwt"": 1037.086410522461, ""grnwt"": 0.0, ""xlai"": 1.400171399116516, ""totir"": 0.0, ""tofer"": NaN, ""swfac"": 0.0, ""nstres"": 0.0}",0.0,0.0,1037.086410522461,0.0,1.400171399116516,0.0,,0.0,0.0,0.0,225.0,-2.6383728027343736,-2.6383728027343736,Leave_One_experiments/all_year_offline_schedule_search/daily_outputs/HLA/HLA_2019_HLA2019_normal_grid_S0019_daily.csv
HLA,HLA,Hailun,2019,Leave_One_experiments\wth_generated_qc\HLA\HLA2019.WTH,wet_year;nitrogen_stress_year;low_response_year,wet,HLA2019_normal_grid_S0019,pareto_balanced,2019-06-29,180,61,56,"{""sim_day"": 61.0, ""doy"": 180.0, ""topwt"": 1081.5690612792969, ""grnwt"": 0.0, ""xlai"": 1.4409979581832886, ""totir"": 0.0, ""tofer"": NaN, ""swfac"": 0.0, ""nstres"": 0.0}",0.0,0.0,1081.5690612792969,0.0,1.4409979581832886,0.0,,0.0,0.0,0.0,225.0,-2.6383728027343736,-2.6383728027343736,Leave_One_experiments/all_year_offline_schedule_search/daily_outputs/HLA/HLA_2019_HLA2019_normal_grid_S0019_daily.csv
HLA,HLA,Hailun,2019,Leave_One_experiments\wth_generated_qc\HLA\HLA2019.WTH,wet_year;nitrogen_stress_year;low_response_year,wet,HLA2019_normal_grid_S0019,pareto_balanced,2019-06-30,181,62,57,"{""sim_day"": 62.0, ""doy"": 181.0, ""topwt"": 1153.076629638672, ""grnwt"": 0.0, ""xlai"": 1.503983497619629, ""totir"": 0.0, ""tofer"": NaN, ""swfac"": 0.0, ""nstres"": 0.0}",0.0,0.0,1153.076629638672,0.0,1.503983497619629,0.0,,0.0,0.0,0.0,225.0,-2.6383728027343736,-2.6383728027343736,Leave_One_experiments/all_year_offline_schedule_search/daily_outputs/HLA/HLA_2019_HLA2019_normal_grid_S0019_daily.csv
HLA,HLA,Hailun,2019,Leave_One_experiments\wth_generated_qc\HLA\HLA2019.WTH,wet_year;nitrogen_stress_year;low_response_year,wet,HLA2019_normal_grid_S0019,pareto_balanced,2019-07-01,182,63,58,"{""sim_day"": 63.0, ""doy"": 182.0, ""topwt"": 1201.3648986816406, ""grnwt"": 0.0, ""xlai"": 1.5447977781295776, ""totir"": 0.0, ""tofer"": NaN, ""swfac"": 0.0, ""nstres"": 0.0}",0.0,0.0,1201.3648986816406,0.0,1.5447977781295776,0.0,,0.0,0.0,0.0,225.0,-2.6383728027343736,-2.6383728027343736,Leave_One_experiments/all_year_offline_schedule_search/daily_outputs/HLA/HLA_2019_HLA2019_normal_grid_S0019_daily.csv
HLA,HLA,Hailun,2019,Leave_One_experiments\wth_generated_qc\HLA\HLA2019.WTH,wet_year;nitrogen_stress_year;low_response_year,wet,HLA2019_normal_grid_S0019,pareto_balanced,2019-07-02,183,64,59,"{""sim_day"": 64.0, ""doy"": 183.0, ""topwt"": 1241.4588928222656, ""grnwt"": 0.0, ""xlai"": 1.577392339706421, ""totir"": 0.0, ""tofer"": NaN, ""swfac"": 0.0, ""nstres"": 0.0}",0.0,0.0,1241.4588928222656,0.0,1.577392339706421,0.0,,0.0,0.0,0.0,225.0,-2.6383728027343736,-2.6383728027343736,Leave_One_experiments/all_year_offline_schedule_search/daily_outputs/HLA/HLA_2019_HLA2019_normal_grid_S0019_daily.csv
HLA,HLA,Hailun,2019,Leave_One_experiments\wth_generated_qc\HLA\HLA2019.WTH,wet_year;nitrogen_stress_year;low_response_year,wet,HLA2019_normal_grid_S0019,pareto_balanced,2019-07-03,184,65,60,"{""sim_day"": 65.0, ""doy"": 184.0, ""topwt"": 1305.9681701660156, ""grnwt"": 0.0, ""xlai"": 1.6277390718460083, ""totir"": 0.0, ""tofer"": NaN, ""swfac"": 0.0, ""nstres"": 0.0}",0.0,0.0,1305.9681701660156,0.0,1.6277390718460083,0.0,,0.0,75.0,0.0,225.0,-2.6383728027343736,-2.6383728027343736,Leave_One_experiments/all_year_offline_schedule_search/daily_outputs/HLA/HLA_2019_HLA2019_normal_grid_S0019_daily.csv
HLA,HLA,Hailun,2019,Leave_One_experiments\wth_generated_qc\HLA\HLA2019.WTH,wet_year;nitrogen_stress_year;low_response_year,wet,HLA2019_normal_grid_S0019,pareto_balanced,2019-07-04,185,66,61,"{""sim_day"": 66.0, ""doy"": 185.0, ""topwt"": 1353.437957763672, ""grnwt"": 0.0, ""xlai"": 1.6631324291229248, ""totir"": 0.0, ""tofer"": NaN, ""swfac"": 0.0, ""nstres"": 0.0}",0.0,0.0,1353.437957763672,0.0,1.6631324291229248,0.0,,0.0,0.0,0.0,225.0,-2.6383728027343736,-2.6383728027343736,Leave_One_experiments/all_year_offline_schedule_search/daily_outputs/HLA/HLA_2019_HLA2019_normal_grid_S0019_daily.csv
HLA,HLA,Hailun,2019,Leave_One_experiments\wth_generated_qc\HLA\HLA2019.WTH,wet_year;nitrogen_stress_year;low_response_year,wet,HLA2019_normal_grid_S0019,pareto_balanced,2019-07-05,186,67,62,"{""sim_day"": 67.0, ""doy"": 186.0, ""topwt"": 1406.7193603515625, ""grnwt"": 0.0, ""xlai"": 1.700928807258606, ""totir"": 0.0, ""tofer"": NaN, ""swfac"": 0.0, ""nstres"": 0.0}",0.0,0.0,1406.7193603515625,0.0,1.700928807258606,0.0,,0.0,0.0,0.0,225.0,-2.6383728027343736,-2.6383728027343736,Leave_One_experiments/all_year_offline_schedule_search/daily_outputs/HLA/HLA_2019_HLA2019_normal_grid_S0019_daily.csv
HLA,HLA,Hailun,2019,Leave_One_experiments\wth_generated_qc\HLA\HLA2019.WTH,wet_year;nitrogen_stress_year;low_response_year,wet,HLA2019_normal_grid_S0019,pareto_balanced,2019-07-06,187,68,63,"{""sim_day"": 68.0, ""doy"": 187.0, ""topwt"": 1499.4635009765625, ""grnwt"": 0.0, ""xlai"": 1.762686252593994, ""totir"": 0.0, ""tofer"": NaN, ""swfac"": 0.0, ""nstres"": 0.0}",0.0,0.0,1499.4635009765625,0.0,1.762686252593994,0.0,,0.0,0.0,0.0,225.0,-2.6383728027343736,-2.6383728027343736,Leave_One_experiments/all_year_offline_schedule_search/daily_outputs/HLA/HLA_2019_HLA2019_normal_grid_S0019_daily.csv
HLA,HLA,Hailun,2019,Leave_One_experiments\wth_generated_qc\HLA\HLA2019.WTH,wet_year;nitrogen_stress_year;low_response_year,wet,HLA2019_normal_grid_S0019,pareto_balanced,2019-07-07,188,69,64,"{""sim_day"": 69.0, ""doy"": 188.0, ""topwt"": 1639.2936706542969, ""grnwt"": 0.0, ""xlai"": 1.849900722503662, ""totir"": 0.0, ""tofer"": NaN, ""swfac"": 0.0, ""nstres"": 0.0}",0.0,0.0,1639.2936706542969,0.0,1.849900722503662,0.0,,0.0,0.0,0.0,225.0,-2.6383728027343736,-2.6383728027343736,Leave_One_experiments/all_year_offline_schedule_search/daily_outputs/HLA/HLA_2019_HLA2019_normal_grid_S0019_daily.csv
HLA,HLA,Hailun,2019,Leave_One_experiments\wth_generated_qc\HLA\HLA2019.WTH,wet_year;nitrogen_stress_year;low_response_year,wet,HLA2019_normal_grid_S0019,pareto_balanced,2019-07-08,189,70,65,"{""sim_day"": 70.0, ""doy"": 189.0, ""topwt"": 1864.8089599609373, ""grnwt"": 0.0, ""xlai"": 1.9802833795547483, ""totir"": 0.0, ""tofer"": NaN, ""swfac"": 0.0, ""nstres"": 0.0}",0.0,0.0,1864.8089599609373,0.0,1.9802833795547483,0.0,,0.0,0.0,0.0,225.0,-2.6383728027343736,-2.6383728027343736,Leave_One_experiments/all_year_offline_schedule_search/daily_outputs/HLA/HLA_2019_HLA2019_normal_grid_S0019_daily.csv
HLA,HLA,Hailun,2019,Leave_One_experiments\wth_generated_qc\HLA\HLA2019.WTH,wet_year;nitrogen_stress_year;low_response_year,wet,HLA2019_normal_grid_S0019,pareto_balanced,2019-07-09,190,71,66,"{""sim_day"": 71.0, ""doy"": 190.0, ""topwt"": 2111.9342041015625, ""grnwt"": 0.0, ""xlai"": 2.112558603286743, ""totir"": 0.0, ""tofer"": NaN, ""swfac"": 0.0, ""nstres"": 0.0}",0.0,0.0,2111.9342041015625,0.0,2.112558603286743,0.0,,0.0,0.0,0.0,225.0,-2.6383728027343736,-2.6383728027343736,Leave_One_experiments/all_year_offline_schedule_search/daily_outputs/HLA/HLA_2019_HLA2019_normal_grid_S0019_daily.csv
HLA,HLA,Hailun,2019,Leave_One_experiments\wth_generated_qc\HLA\HLA2019.WTH,wet_year;nitrogen_stress_year;low_response_year,wet,HLA2019_normal_grid_S0019,pareto_balanced,2019-07-10,191,72,67,"{""sim_day"": 72.0, ""doy"": 191.0, ""topwt"": 2346.5838623046875, ""grnwt"": 0.0, ""xlai"": 2.2298262119293213, ""totir"": 0.0, ""tofer"": NaN, ""swfac"": 0.0, ""nstres"": 0.0}",0.0,0.0,2346.5838623046875,0.0,2.2298262119293213,0.0,,0.0,0.0,0.0,225.0,-2.6383728027343736,-2.6383728027343736,Leave_One_experiments/all_year_offline_schedule_search/daily_outputs/HLA/HLA_2019_HLA2019_normal_grid_S0019_daily.csv
HLA,HLA,Hailun,2019,Leave_One_experiments\wth_generated_qc\HLA\HLA2019.WTH,wet_year;nitrogen_stress_year;low_response_year,wet,HLA2019_normal_grid_S0019,pareto_balanced,2019-07-11,192,73,68,"{""sim_day"": 73.0, ""doy"": 192.0, ""topwt"": 2609.500732421875, ""grnwt"": 0.0, ""xlai"": 2.382757663726806, ""totir"": 0.0, ""tofer"": NaN, ""swfac"": 0.0, ""nstres"": 0.0}",0.0,0.0,2609.500732421875,0.0,2.382757663726806,0.0,,0.0,0.0,0.0,225.0,-2.6383728027343736,-2.6383728027343736,Leave_One_experiments/all_year_offline_schedule_search/daily_outputs/HLA/HLA_2019_HLA2019_normal_grid_S0019_daily.csv
HLA,HLA,Hailun,2019,Leave_One_experiments\wth_generated_qc\HLA\HLA2019.WTH,wet_year;nitrogen_stress_year;low_response_year,wet,HLA2019_normal_grid_S0019,pareto_balanced,2019-07-12,193,74,69,"{""sim_day"": 74.0, ""doy"": 193.0, ""topwt"": 2928.648681640625, ""grnwt"": 0.0, ""xlai"": 2.5270802974700928, ""totir"": 0.0, ""tofer"": NaN, ""swfac"": 0.0, ""nstres"": 0.0}",0.0,0.0,2928.648681640625,0.0,2.5270802974700928,0.0,,0.0,0.0,0.0,225.0,-2.6383728027343736,-2.6383728027343736,Leave_One_experiments/all_year_offline_schedule_search/daily_outputs/HLA/HLA_2019_HLA2019_normal_grid_S0019_daily.csv
HLA,HLA,Hailun,2019,Leave_One_experiments\wth_generated_qc\HLA\HLA2019.WTH,wet_year;nitrogen_stress_year;low_response_year,wet,HLA2019_normal_grid_S0019,pareto_balanced,2019-07-13,194,75,70,"{""sim_day"": 75.0, ""doy"": 194.0, ""topwt"": 3194.581298828125, ""grnwt"": 0.0, ""xlai"": 2.63205361366272, ""totir"": 0.0, ""tofer"": NaN, ""swfac"": 0.0, ""nstres"": 0.0}",0.0,0.0,3194.581298828125,0.0,2.63205361366272,0.0,,0.0,0.0,0.0,225.0,-2.6383728027343736,-2.6383728027343736,Leave_One_experiments/all_year_offline_schedule_search/daily_outputs/HLA/HLA_2019_HLA2019_normal_grid_S0019_daily.csv
HLA,HLA,Hailun,2019,Leave_One_experiments\wth_generated_qc\HLA\HLA2019.WTH,wet_year;nitrogen_stress_year;low_response_year,wet,HLA2019_normal_grid_S0019,pareto_balanced,2019-07-14,195,76,71,"{""sim_day"": 76.0, ""doy"": 195.0, ""topwt"": 3471.4096069335938, ""grnwt"": 0.0, ""xlai"": 2.7300195693969727, ""totir"": 0.0, ""tofer"": NaN, ""swfac"": 0.0, ""nstres"": 0.0}",0.0,0.0,3471.4096069335938,0.0,2.7300195693969727,0.0,,0.0,0.0,0.0,225.0,-2.6383728027343736,-2.6383728027343736,Leave_One_experiments/all_year_offline_schedule_search/daily_outputs/HLA/HLA_2019_HLA2019_normal_grid_S0019_daily.csv
HLA,HLA,Hailun,2019,Leave_One_experiments\wth_generated_qc\HLA\HLA2019.WTH,wet_year;nitrogen_stress_year;low_response_year,wet,HLA2019_normal_grid_S0019,pareto_balanced,2019-07-15,196,77,72,"{""sim_day"": 77.0, ""doy"": 196.0, ""topwt"": 3678.18603515625, ""grnwt"": 0.0, ""xlai"": 2.797226905822754, ""totir"": 0.0, ""tofer"": NaN, ""swfac"": 0.0, ""nstres"": 0.0}",0.0,0.0,3678.18603515625,0.0,2.797226905822754,0.0,,0.0,0.0,0.0,225.0,-2.6383728027343736,-2.6383728027343736,Leave_One_experiments/all_year_offline_schedule_search/daily_outputs/HLA/HLA_2019_HLA2019_normal_grid_S0019_daily.csv
HLA,HLA,Hailun,2019,Leave_One_experiments\wth_generated_qc\HLA\HLA2019.WTH,wet_year;nitrogen_stress_year;low_response_year,wet,HLA2019_normal_grid_S0019,pareto_balanced,2019-07-16,197,78,73,"{""sim_day"": 78.0, ""doy"": 197.0, ""topwt"": 3929.2144775390634, ""grnwt"": 0.0, ""xlai"": 2.873399496078491, ""totir"": 0.0, ""tofer"": NaN, ""swfac"": 0.0, ""nstres"": 0.0}",0.0,0.0,3929.2144775390634,0.0,2.873399496078491,0.0,,0.0,0.0,0.0,225.0,-2.6383728027343736,-2.6383728027343736,Leave_One_experiments/all_year_offline_schedule_search/daily_outputs/HLA/HLA_2019_HLA2019_normal_grid_S0019_daily.csv
HLA,HLA,Hailun,2019,Leave_One_experiments\wth_generated_qc\HLA\HLA2019.WTH,wet_year;nitrogen_stress_year;low_response_year,wet,HLA2019_normal_grid_S0019,pareto_balanced,2019-07-17,198,79,74,"{""sim_day"": 79.0, ""doy"": 198.0, ""topwt"": 4167.222595214844, ""grnwt"": 0.0, ""xlai"": 2.9415411949157715, ""totir"": 0.0, ""tofer"": NaN, ""swfac"": 0.0, ""nstres"": 0.0}",0.0,0.0,4167.222595214844,0.0,2.9415411949157715,0.0,,0.0,0.0,0.0,225.0,-2.6383728027343736,-2.6383728027343736,Leave_One_experiments/all_year_offline_schedule_search/daily_outputs/HLA/HLA_2019_HLA2019_normal_grid_S0019_daily.csv
HLA,HLA,Hailun,2019,Leave_One_experiments\wth_generated_qc\HLA\HLA2019.WTH,wet_year;nitrogen_stress_year;low_response_year,wet,HLA2019_normal_grid_S0019,pareto_balanced,2019-07-18,199,80,75,"{""sim_day"": 80.0, ""doy"": 199.0, ""topwt"": 4404.351501464844, ""grnwt"": 0.0, ""xlai"": 3.0060205459594727, ""totir"": 0.0, ""tofer"": NaN, ""swfac"": 0.0, ""nstres"": 0.0}",0.0,0.0,4404.351501464844,0.0,3.0060205459594727,0.0,,0.0,0.0,0.0,225.0,-2.6383728027343736,-2.6383728027343736,Leave_One_experiments/all_year_offline_schedule_search/daily_outputs/HLA/HLA_2019_HLA2019_normal_grid_S0019_daily.csv
HLA,HLA,Hailun,2019,Leave_One_experiments\wth_generated_qc\HLA\HLA2019.WTH,wet_year;nitrogen_stress_year;low_response_year,wet,HLA2019_normal_grid_S0019,pareto_balanced,2019-07-19,200,81,76,"{""sim_day"": 81.0, ""doy"": 200.0, ""topwt"": 4690.07080078125, ""grnwt"": 0.0, ""xlai"": 3.079552412033081, ""totir"": 0.0, ""tofer"": NaN, ""swfac"": 0.0, ""nstres"": 0.0}",0.0,0.0,4690.07080078125,0.0,3.079552412033081,0.0,,0.0,0.0,0.0,225.0,-2.6383728027343736,-2.6383728027343736,Leave_One_experiments/all_year_offline_schedule_search/daily_outputs/HLA/HLA_2019_HLA2019_normal_grid_S0019_daily.csv
HLA,HLA,Hailun,2019,Leave_One_experiments\wth_generated_qc\HLA\HLA2019.WTH,wet_year;nitrogen_stress_year;low_response_year,wet,HLA2019_normal_grid_S0019,pareto_balanced,2019-07-20,201,82,77,"{""sim_day"": 82.0, ""doy"": 201.0, ""topwt"": 4878.6016845703125, ""grnwt"": 0.0, ""xlai"": 3.1258544921875, ""totir"": 0.0, ""tofer"": NaN, ""swfac"": 0.0, ""nstres"": 0.0}",0.0,0.0,4878.6016845703125,0.0,3.1258544921875,0.0,,0.0,0.0,0.0,225.0,-2.6383728027343736,-2.6383728027343736,Leave_One_experiments/all_year_offline_schedule_search/daily_outputs/HLA/HLA_2019_HLA2019_normal_grid_S0019_daily.csv
HLA,HLA,Hailun,2019,Leave_One_experiments\wth_generated_qc\HLA\HLA2019.WTH,wet_year;nitrogen_stress_year;low_response_year,wet,HLA2019_normal_grid_S0019,pareto_balanced,2019-07-21,202,83,78,"{""sim_day"": 83.0, ""doy"": 202.0, ""topwt"": 5117.7581787109375, ""grnwt"": 0.0, ""xlai"": 3.184603452682495, ""totir"": 0.0, ""tofer"": NaN, ""swfac"": 0.0, ""nstres"": 0.0}",0.0,0.0,5117.7581787109375,0.0,3.184603452682495,0.0,,0.0,0.0,0.0,225.0,-2.6383728027343736,-2.6383728027343736,Leave_One_experiments/all_year_offline_schedule_search/daily_outputs/HLA/HLA_2019_HLA2019_normal_grid_S0019_daily.csv
HLA,HLA,Hailun,2019,Leave_One_experiments\wth_generated_qc\HLA\HLA2019.WTH,wet_year;nitrogen_stress_year;low_response_year,wet,HLA2019_normal_grid_S0019,pareto_balanced,2019-07-22,203,84,79,"{""sim_day"": 84.0, ""doy"": 203.0, ""topwt"": 5326.3128662109375, ""grnwt"": 0.0, ""xlai"": 3.2357382774353027, ""totir"": 0.0, ""tofer"": NaN, ""swfac"": 0.0, ""nstres"": 0.0}",0.0,0.0,5326.3128662109375,0.0,3.2357382774353027,0.0,,0.0,0.0,0.0,225.0,-2.6383728027343736,-2.6383728027343736,Leave_One_experiments/all_year_offline_schedule_search/daily_outputs/HLA/HLA_2019_HLA2019_normal_grid_S0019_daily.csv
HLA,HLA,Hailun,2019,Leave_One_experiments\wth_generated_qc\HLA\HLA2019.WTH,wet_year;nitrogen_stress_year;low_response_year,wet,HLA2019_normal_grid_S0019,pareto_balanced,2019-07-23,204,85,80,"{""sim_day"": 85.0, ""doy"": 204.0, ""topwt"": 5496.461181640625, ""grnwt"": 0.0, ""xlai"": 3.2773549556732178, ""totir"": 0.0, ""tofer"": NaN, ""swfac"": 0.0, ""nstres"": 0.0}",0.0,0.0,5496.461181640625,0.0,3.2773549556732178,0.0,,0.0,0.0,0.0,225.0,-2.6383728027343736,-2.6383728027343736,Leave_One_experiments/all_year_offline_schedule_search/daily_outputs/HLA/HLA_2019_HLA2019_normal_grid_S0019_daily.csv
HLA,HLA,Hailun,2019,Leave_One_experiments\wth_generated_qc\HLA\HLA2019.WTH,wet_year;nitrogen_stress_year;low_response_year,wet,HLA2019_normal_grid_S0019,pareto_balanced,2019-07-24,205,86,81,"{""sim_day"": 86.0, ""doy"": 205.0, ""topwt"": 5636.9085693359375, ""grnwt"": 0.0, ""xlai"": 3.311617851257324, ""totir"": 0.0, ""tofer"": NaN, ""swfac"": 0.0, ""nstres"": 0.0}",0.0,0.0,5636.9085693359375,0.0,3.311617851257324,0.0,,0.0,0.0,0.0,225.0,-2.6383728027343736,-2.6383728027343736,Leave_One_experiments/all_year_offline_schedule_search/daily_outputs/HLA/HLA_2019_HLA2019_normal_grid_S0019_daily.csv
HLA,HLA,Hailun,2019,Leave_One_experiments\wth_generated_qc\HLA\HLA2019.WTH,wet_year;nitrogen_stress_year;low_response_year,wet,HLA2019_normal_grid_S0019,pareto_balanced,2019-07-25,206,87,82,"{""sim_day"": 87.0, ""doy"": 206.0, ""topwt"": 5770.84228515625, ""grnwt"": 0.0, ""xlai"": 3.344252347946167, ""totir"": 0.0, ""tofer"": NaN, ""swfac"": 0.0, ""nstres"": 0.0}",0.0,0.0,5770.84228515625,0.0,3.344252347946167,0.0,,0.0,0.0,0.0,225.0,-2.6383728027343736,-2.6383728027343736,Leave_One_experiments/all_year_offline_schedule_search/daily_outputs/HLA/HLA_2019_HLA2019_normal_grid_S0019_daily.csv
HLA,HLA,Hailun,2019,Leave_One_experiments\wth_generated_qc\HLA\HLA2019.WTH,wet_year;nitrogen_stress_year;low_response_year,wet,HLA2019_normal_grid_S0019,pareto_balanced,2019-07-26,207,88,83,"{""sim_day"": 88.0, ""doy"": 207.0, ""topwt"": 5938.1585693359375, ""grnwt"": 0.0, ""xlai"": 3.3850772380828857, ""totir"": 0.0, ""tofer"": NaN, ""swfac"": 0.0, ""nstres"": 0.0}",0.0,0.0,5938.1585693359375,0.0,3.3850772380828857,0.0,,0.0,0.0,0.0,225.0,-2.6383728027343736,-2.6383728027343736,Leave_One_experiments/all_year_offline_schedule_search/daily_outputs/HLA/HLA_2019_HLA2019_normal_grid_S0019_daily.csv
HLA,HLA,Hailun,2019,Leave_One_experiments\wth_generated_qc\HLA\HLA2019.WTH,wet_year;nitrogen_stress_year;low_response_year,wet,HLA2019_normal_grid_S0019,pareto_balanced,2019-07-27,208,89,84,"{""sim_day"": 89.0, ""doy"": 208.0, ""topwt"": 6131.7950439453125, ""grnwt"": 0.0, ""xlai"": 3.2243146896362305, ""totir"": 0.0, ""tofer"": NaN, ""swfac"": 0.0, ""nstres"": 0.0}",0.0,0.0,6131.7950439453125,0.0,3.2243146896362305,0.0,,0.0,0.0,0.0,225.0,-2.6383728027343736,-2.6383728027343736,Leave_One_experiments/all_year_offline_schedule_search/daily_outputs/HLA/HLA_2019_HLA2019_normal_grid_S0019_daily.csv
HLA,HLA,Hailun,2019,Leave_One_experiments\wth_generated_qc\HLA\HLA2019.WTH,wet_year;nitrogen_stress_year;low_response_year,wet,HLA2019_normal_grid_S0019,pareto_balanced,2019-07-28,209,90,85,"{""sim_day"": 90.0, ""doy"": 209.0, ""topwt"": 6340.247802734375, ""grnwt"": 0.0, ""xlai"": 3.2117717266082764, ""totir"": 0.0, ""tofer"": NaN, ""swfac"": 0.0, ""nstres"": 0.0}",0.0,0.0,6340.247802734375,0.0,3.2117717266082764,0.0,,0.0,0.0,0.0,225.0,-2.6383728027343736,-2.6383728027343736,Leave_One_experiments/all_year_offline_schedule_search/daily_outputs/HLA/HLA_2019_HLA2019_normal_grid_S0019_daily.csv
HLA,HLA,Hailun,2019,Leave_One_experiments\wth_generated_qc\HLA\HLA2019.WTH,wet_year;nitrogen_stress_year;low_response_year,wet,HLA2019_normal_grid_S0019,pareto_balanced,2019-07-29,210,91,86,"{""sim_day"": 91.0, ""doy"": 210.0, ""topwt"": 6487.630615234375, ""grnwt"": 0.0, ""xlai"": 3.1985483169555664, ""totir"": 0.0, ""tofer"": NaN, ""swfac"": 0.0, ""nstres"": 0.0}",0.0,0.0,6487.630615234375,0.0,3.1985483169555664,0.0,,0.0,0.0,0.0,225.0,-2.6383728027343736,-2.6383728027343736,Leave_One_experiments/all_year_offline_schedule_search/daily_outputs/HLA/HLA_2019_HLA2019_normal_grid_S0019_daily.csv
HLA,HLA,Hailun,2019,Leave_One_experiments\wth_generated_qc\HLA\HLA2019.WTH,wet_year;nitrogen_stress_year;low_response_year,wet,HLA2019_normal_grid_S0019,pareto_balanced,2019-07-30,211,92,87,"{""sim_day"": 92.0, ""doy"": 211.0, ""topwt"": 6687.759399414063, ""grnwt"": 0.0, ""xlai"": 3.1860902309417725, ""totir"": 0.0, ""tofer"": NaN, ""swfac"": 0.0, ""nstres"": 0.0}",0.0,0.0,6687.759399414063,0.0,3.1860902309417725,0.0,,0.0,0.0,0.0,225.0,-2.6383728027343736,-2.6383728027343736,Leave_One_experiments/all_year_offline_schedule_search/daily_outputs/HLA/HLA_2019_HLA2019_normal_grid_S0019_daily.csv
HLA,HLA,Hailun,2019,Leave_One_experiments\wth_generated_qc\HLA\HLA2019.WTH,wet_year;nitrogen_stress_year;low_response_year,wet,HLA2019_normal_grid_S0019,pareto_balanced,2019-07-31,212,93,88,"{""sim_day"": 93.0, ""doy"": 212.0, ""topwt"": 6974.339599609375, ""grnwt"": 0.0, ""xlai"": 3.1743550300598145, ""totir"": 0.0, ""tofer"": NaN, ""swfac"": 0.0, ""nstres"": 0.0}",0.0,0.0,6974.339599609375,0.0,3.1743550300598145,0.0,,0.0,0.0,0.0,225.0,-2.6383728027343736,-2.6383728027343736,Leave_One_experiments/all_year_offline_schedule_search/daily_outputs/HLA/HLA_2019_HLA2019_normal_grid_S0019_daily.csv
HLA,HLA,Hailun,2019,Leave_One_experiments\wth_generated_qc\HLA\HLA2019.WTH,wet_year;nitrogen_stress_year;low_response_year,wet,HLA2019_normal_grid_S0019,pareto_balanced,2019-08-01,213,94,89,"{""sim_day"": 94.0, ""doy"": 213.0, ""topwt"": 7270.984497070312, ""grnwt"": 0.0, ""xlai"": 3.16223692893982, ""totir"": 0.0, ""tofer"": NaN, ""swfac"": 0.0, ""nstres"": 0.0}",0.0,0.0,7270.984497070312,0.0,3.16223692893982,0.0,,0.0,0.0,0.0,225.0,-2.6383728027343736,-2.6383728027343736,Leave_One_experiments/all_year_offline_schedule_search/daily_outputs/HLA/HLA_2019_HLA2019_normal_grid_S0019_daily.csv
HLA,HLA,Hailun,2019,Leave_One_experiments\wth_generated_qc\HLA\HLA2019.WTH,wet_year;nitrogen_stress_year;low_response_year,wet,HLA2019_normal_grid_S0019,pareto_balanced,2019-08-02,214,95,90,"{""sim_day"": 95.0, ""doy"": 214.0, ""topwt"": 7503.052978515625, ""grnwt"": 0.0, ""xlai"": 3.148375988006592, ""totir"": 0.0, ""tofer"": NaN, ""swfac"": 0.0, ""nstres"": 0.0}",0.0,0.0,7503.052978515625,0.0,3.148375988006592,0.0,,0.0,0.0,0.0,225.0,-2.6383728027343736,-2.6383728027343736,Leave_One_experiments/all_year_offline_schedule_search/daily_outputs/HLA/HLA_2019_HLA2019_normal_grid_S0019_daily.csv
HLA,HLA,Hailun,2019,Leave_One_experiments\wth_generated_qc\HLA\HLA2019.WTH,wet_year;nitrogen_stress_year;low_response_year,wet,HLA2019_normal_grid_S0019,pareto_balanced,2019-08-03,215,96,91,"{""sim_day"": 96.0, ""doy"": 215.0, ""topwt"": 7866.897583007812, ""grnwt"": 0.0, ""xlai"": 3.1350250244140625, ""totir"": 0.0, ""tofer"": NaN, ""swfac"": 0.0, ""nstres"": 0.0}",0.0,0.0,7866.897583007812,0.0,3.1350250244140625,0.0,,0.0,0.0,0.0,225.0,-2.6383728027343736,-2.6383728027343736,Leave_One_experiments/all_year_offline_schedule_search/daily_outputs/HLA/HLA_2019_HLA2019_normal_grid_S0019_daily.csv
HLA,HLA,Hailun,2019,Leave_One_experiments\wth_generated_qc\HLA\HLA2019.WTH,wet_year;nitrogen_stress_year;low_response_year,wet,HLA2019_normal_grid_S0019,pareto_balanced,2019-08-04,216,97,92,"{""sim_day"": 97.0, ""doy"": 216.0, ""topwt"": 8167.75634765625, ""grnwt"": 0.0, ""xlai"": 3.1200156211853027, ""totir"": 0.0, ""tofer"": NaN, ""swfac"": 0.0, ""nstres"": 0.0}",0.0,0.0,8167.75634765625,0.0,3.1200156211853027,0.0,,0.0,0.0,0.0,225.0,-2.6383728027343736,-2.6383728027343736,Leave_One_experiments/all_year_offline_schedule_search/daily_outputs/HLA/HLA_2019_HLA2019_normal_grid_S0019_daily.csv
HLA,HLA,Hailun,2019,Leave_One_experiments\wth_generated_qc\HLA\HLA2019.WTH,wet_year;nitrogen_stress_year;low_response_year,wet,HLA2019_normal_grid_S0019,pareto_balanced,2019-08-05,217,98,93,"{""sim_day"": 98.0, ""doy"": 217.0, ""topwt"": 8277.520141601562, ""grnwt"": 0.0, ""xlai"": 3.108025312423706, ""totir"": 0.0, ""tofer"": NaN, ""swfac"": 0.0, ""nstres"": 0.0}",0.0,0.0,8277.520141601562,0.0,3.108025312423706,0.0,,0.0,0.0,0.0,225.0,-2.6383728027343736,-2.6383728027343736,Leave_One_experiments/all_year_offline_schedule_search/daily_outputs/HLA/HLA_2019_HLA2019_normal_grid_S0019_daily.csv
HLA,HLA,Hailun,2019,Leave_One_experiments\wth_generated_qc\HLA\HLA2019.WTH,wet_year;nitrogen_stress_year;low_response_year,wet,HLA2019_normal_grid_S0019,pareto_balanced,2019-08-06,218,99,94,"{""sim_day"": 99.0, ""doy"": 218.0, ""topwt"": 8343.018188476562, ""grnwt"": 0.0, ""xlai"": 3.097055435180664, ""totir"": 0.0, ""tofer"": NaN, ""swfac"": 0.0, ""nstres"": 0.0}",0.0,0.0,8343.018188476562,0.0,3.097055435180664,0.0,,0.0,0.0,0.0,225.0,-2.6383728027343736,-2.6383728027343736,Leave_One_experiments/all_year_offline_schedule_search/daily_outputs/HLA/HLA_2019_HLA2019_normal_grid_S0019_daily.csv
HLA,HLA,Hailun,2019,Leave_One_experiments\wth_generated_qc\HLA\HLA2019.WTH,wet_year;nitrogen_stress_year;low_response_year,wet,HLA2019_normal_grid_S0019,pareto_balanced,2019-08-07,219,100,95,"{""sim_day"": 100.0, ""doy"": 219.0, ""topwt"": 8364.773559570312, ""grnwt"": 0.0, ""xlai"": 3.088636636734009, ""totir"": 0.0, ""tofer"": NaN, ""swfac"": 0.0, ""nstres"": 0.0}",0.0,0.0,8364.773559570312,0.0,3.088636636734009,0.0,,0.0,0.0,0.0,225.0,-2.6383728027343736,-2.6383728027343736,Leave_One_experiments/all_year_offline_schedule_search/daily_outputs/HLA/HLA_2019_HLA2019_normal_grid_S0019_daily.csv
HLA,HLA,Hailun,2019,Leave_One_experiments\wth_generated_qc\HLA\HLA2019.WTH,wet_year;nitrogen_stress_year;low_response_year,wet,HLA2019_normal_grid_S0019,pareto_balanced,2019-08-08,220,101,96,"{""sim_day"": 101.0, ""doy"": 220.0, ""topwt"": 8479.443969726562, ""grnwt"": 126.3857078552246, ""xlai"": 3.0201573371887207, ""totir"": 0.0, ""tofer"": NaN, ""swfac"": 0.0, ""nstres"": 0.0}",0.0,0.0,8479.443969726562,126.3857078552246,3.0201573371887207,0.0,,0.0,0.0,0.0,225.0,-2.6383728027343736,-2.6383728027343736,Leave_One_experiments/all_year_offline_schedule_search/daily_outputs/HLA/HLA_2019_HLA2019_normal_grid_S0019_daily.csv
HLA,HLA,Hailun,2019,Leave_One_experiments\wth_generated_qc\HLA\HLA2019.WTH,wet_year;nitrogen_stress_year;low_response_year,wet,HLA2019_normal_grid_S0019,pareto_balanced,2019-08-09,221,102,97,"{""sim_day"": 102.0, ""doy"": 221.0, ""topwt"": 8617.544555664062, ""grnwt"": 252.7714157104492, ""xlai"": 3.012460947036743, ""totir"": 0.0, ""tofer"": NaN, ""swfac"": 0.0, ""nstres"": 0.0}",0.0,0.0,8617.544555664062,252.7714157104492,3.012460947036743,0.0,,0.0,0.0,0.0,225.0,-2.6383728027343736,-2.6383728027343736,Leave_One_experiments/all_year_offline_schedule_search/daily_outputs/HLA/HLA_2019_HLA2019_normal_grid_S0019_daily.csv
HLA,HLA,Hailun,2019,Leave_One_experiments\wth_generated_qc\HLA\HLA2019.WTH,wet_year;nitrogen_stress_year;low_response_year,wet,HLA2019_normal_grid_S0019,pareto_balanced,2019-08-10,222,103,98,"{""sim_day"": 103.0, ""doy"": 222.0, ""topwt"": 8743.930053710938, ""grnwt"": 379.15714263916016, ""xlai"": 3.003905296325684, ""totir"": 0.0, ""tofer"": NaN, ""swfac"": 0.0, ""nstres"": 0.0}",0.0,0.0,8743.930053710938,379.15714263916016,3.003905296325684,0.0,,0.0,0.0,0.0,225.0,-2.6383728027343736,-2.6383728027343736,Leave_One_experiments/all_year_offline_schedule_search/daily_outputs/HLA/HLA_2019_HLA2019_normal_grid_S0019_daily.csv
HLA,HLA,Hailun,2019,Leave_One_experiments\wth_generated_qc\HLA\HLA2019.WTH,wet_year;nitrogen_stress_year;low_response_year,wet,HLA2019_normal_grid_S0019,pareto_balanced,2019-08-11,223,104,99,"{""sim_day"": 104.0, ""doy"": 223.0, ""topwt"": 8870.315551757812, ""grnwt"": 505.5428314208984, ""xlai"": 2.993387460708618, ""totir"": 0.0, ""tofer"": NaN, ""swfac"": 0.0, ""nstres"": 0.0}",0.0,0.0,8870.315551757812,505.5428314208984,2.993387460708618,0.0,,0.0,0.0,0.0,225.0,-2.6383728027343736,-2.6383728027343736,Leave_One_experiments/all_year_offline_schedule_search/daily_outputs/HLA/HLA_2019_HLA2019_normal_grid_S0019_daily.csv
HLA,HLA,Hailun,2019,Leave_One_experiments\wth_generated_qc\HLA\HLA2019.WTH,wet_year;nitrogen_stress_year;low_response_year,wet,HLA2019_normal_grid_S0019,pareto_balanced,2019-08-12,224,105,100,"{""sim_day"": 105.0, ""doy"": 224.0, ""topwt"": 8996.70166015625, ""grnwt"": 631.9285583496094, ""xlai"": 2.9797468185424805, ""totir"": 0.0, ""tofer"": NaN, ""swfac"": 0.0, ""nstres"": 0.0}",0.0,0.0,8996.70166015625,631.9285583496094,2.9797468185424805,0.0,,0.0,0.0,0.0,225.0,-2.6383728027343736,-2.6383728027343736,Leave_One_experiments/all_year_offline_schedule_search/daily_outputs/HLA/HLA_2019_HLA2019_normal_grid_S0019_daily.csv
HLA,HLA,Hailun,2019,Leave_One_experiments\wth_generated_qc\HLA\HLA2019.WTH,wet_year;nitrogen_stress_year;low_response_year,wet,HLA2019_normal_grid_S0019,pareto_balanced,2019-08-13,225,106,101,"{""sim_day"": 106.0, ""doy"": 225.0, ""topwt"": 9123.087158203123, ""grnwt"": 758.314208984375, ""xlai"": 2.962153196334839, ""totir"": 0.0, ""tofer"": NaN, ""swfac"": 0.0, ""nstres"": 0.0}",0.0,0.0,9123.087158203123,758.314208984375,2.962153196334839,0.0,,0.0,0.0,0.0,225.0,-2.6383728027343736,-2.6383728027343736,Leave_One_experiments/all_year_offline_schedule_search/daily_outputs/HLA/HLA_2019_HLA2019_normal_grid_S0019_daily.csv
HLA,HLA,Hailun,2019,Leave_One_experiments\wth_generated_qc\HLA\HLA2019.WTH,wet_year;nitrogen_stress_year;low_response_year,wet,HLA2019_normal_grid_S0019,pareto_balanced,2019-08-14,226,107,102,"{""sim_day"": 107.0, ""doy"": 226.0, ""topwt"": 9249.473876953123, ""grnwt"": 884.6999359130859, ""xlai"": 2.9433984756469727, ""totir"": 0.0, ""tofer"": NaN, ""swfac"": 0.0, ""nstres"": 0.0}",0.0,0.0,9249.473876953123,884.6999359130859,2.9433984756469727,0.0,,0.0,0.0,0.0,225.0,-2.6383728027343736,-2.6383728027343736,Leave_One_experiments/all_year_offline_schedule_search/daily_outputs/HLA/HLA_2019_HLA2019_normal_grid_S0019_daily.csv
HLA,HLA,Hailun,2019,Leave_One_experiments\wth_generated_qc\HLA\HLA2019.WTH,wet_year;nitrogen_stress_year;low_response_year,wet,HLA2019_normal_grid_S0019,pareto_balanced,2019-08-15,227,108,103,"{""sim_day"": 108.0, ""doy"": 227.0, ""topwt"": 9326.776123046877, ""grnwt"": 1011.0855865478516, ""xlai"": 2.9261510372161865, ""totir"": 0.0, ""tofer"": NaN, ""swfac"": 0.0, ""nstres"": 0.0}",0.0,0.0,9326.776123046877,1011.0855865478516,2.9261510372161865,0.0,,0.0,0.0,0.0,225.0,-2.6383728027343736,-2.6383728027343736,Leave_One_experiments/all_year_offline_schedule_search/daily_outputs/HLA/HLA_2019_HLA2019_normal_grid_S0019_daily.csv
HLA,HLA,Hailun,2019,Leave_One_experiments\wth_generated_qc\HLA\HLA2019.WTH,wet_year;nitrogen_stress_year;low_response_year,wet,HLA2019_normal_grid_S0019,pareto_balanced,2019-08-16,228,109,104,"{""sim_day"": 109.0, ""doy"": 228.0, ""topwt"": 9466.197509765623, ""grnwt"": 1137.4713134765625, ""xlai"": 2.9098923206329346, ""totir"": 0.0, ""tofer"": NaN, ""swfac"": 0.0, ""nstres"": 0.0}",0.0,0.0,9466.197509765623,1137.4713134765625,2.9098923206329346,0.0,,0.0,0.0,0.0,225.0,-2.6383728027343736,-2.6383728027343736,Leave_One_experiments/all_year_offline_schedule_search/daily_outputs/HLA/HLA_2019_HLA2019_normal_grid_S0019_daily.csv
HLA,HLA,Hailun,2019,Leave_One_experiments\wth_generated_qc\HLA\HLA2019.WTH,wet_year;nitrogen_stress_year;low_response_year,wet,HLA2019_normal_grid_S0019,pareto_balanced,2019-08-17,229,110,105,"{""sim_day"": 110.0, ""doy"": 229.0, ""topwt"": 9620.526733398438, ""grnwt"": 1263.856964111328, ""xlai"": 2.8924689292907715, ""totir"": 0.0, ""tofer"": NaN, ""swfac"": 0.0, ""nstres"": 0.0}",0.0,0.0,9620.526733398438,1263.856964111328,2.8924689292907715,0.0,,0.0,0.0,0.0,225.0,-2.6383728027343736,-2.6383728027343736,Leave_One_experiments/all_year_offline_schedule_search/daily_outputs/HLA/HLA_2019_HLA2019_normal_grid_S0019_daily.csv
HLA,HLA,Hailun,2019,Leave_One_experiments\wth_generated_qc\HLA\HLA2019.WTH,wet_year;nitrogen_stress_year;low_response_year,wet,HLA2019_normal_grid_S0019,pareto_balanced,2019-08-18,230,111,106,"{""sim_day"": 111.0, ""doy"": 230.0, ""topwt"": 9755.01708984375, ""grnwt"": 1390.2426147460938, ""xlai"": 2.8735663890838623, ""totir"": 0.0, ""tofer"": NaN, ""swfac"": 0.0, ""nstres"": 0.0}",0.0,0.0,9755.01708984375,1390.2426147460938,2.8735663890838623,0.0,,0.0,0.0,0.0,225.0,-2.6383728027343736,-2.6383728027343736,Leave_One_experiments/all_year_offline_schedule_search/daily_outputs/HLA/HLA_2019_HLA2019_normal_grid_S0019_daily.csv
HLA,HLA,Hailun,2019,Leave_One_experiments\wth_generated_qc\HLA\HLA2019.WTH,wet_year;nitrogen_stress_year;low_response_year,wet,HLA2019_normal_grid_S0019,pareto_balanced,2019-08-19,231,112,107,"{""sim_day"": 112.0, ""doy"": 231.0, ""topwt"": 9881.402587890623, ""grnwt"": 1516.62841796875, ""xlai"": 2.857487916946411, ""totir"": 0.0, ""tofer"": NaN, ""swfac"": 0.0, ""nstres"": 0.0}",0.0,0.0,9881.402587890623,1516.62841796875,2.857487916946411,0.0,,0.0,0.0,0.0,225.0,-2.6383728027343736,-2.6383728027343736,Leave_One_experiments/all_year_offline_schedule_search/daily_outputs/HLA/HLA_2019_HLA2019_normal_grid_S0019_daily.csv
HLA,HLA,Hailun,2019,Leave_One_experiments\wth_generated_qc\HLA\HLA2019.WTH,wet_year;nitrogen_stress_year;low_response_year,wet,HLA2019_normal_grid_S0019,pareto_balanced,2019-08-20,232,113,108,"{""sim_day"": 113.0, ""doy"": 232.0, ""topwt"": 9950.54931640625, ""grnwt"": 1643.0142211914062, ""xlai"": 2.8362128734588623, ""totir"": 0.0, ""tofer"": NaN, ""swfac"": 0.0, ""nstres"": 0.0}",0.0,0.0,9950.54931640625,1643.0142211914062,2.8362128734588623,0.0,,0.0,0.0,0.0,225.0,-2.6383728027343736,-2.6383728027343736,Leave_One_experiments/all_year_offline_schedule_search/daily_outputs/HLA/HLA_2019_HLA2019_normal_grid_S0019_daily.csv
HLA,HLA,Hailun,2019,Leave_One_experiments\wth_generated_qc\HLA\HLA2019.WTH,wet_year;nitrogen_stress_year;low_response_year,wet,HLA2019_normal_grid_S0019,pareto_balanced,2019-08-21,233,114,109,"{""sim_day"": 114.0, ""doy"": 233.0, ""topwt"": 10116.295166015623, ""grnwt"": 1769.399871826172, ""xlai"": 2.812350988388061, ""totir"": 0.0, ""tofer"": NaN, ""swfac"": 0.0, ""nstres"": 0.0}",0.0,0.0,10116.295166015623,1769.399871826172,2.812350988388061,0.0,,0.0,0.0,0.0,225.0,-2.6383728027343736,-2.6383728027343736,Leave_One_experiments/all_year_offline_schedule_search/daily_outputs/HLA/HLA_2019_HLA2019_normal_grid_S0019_daily.csv
HLA,HLA,Hailun,2019,Leave_One_experiments\wth_generated_qc\HLA\HLA2019.WTH,wet_year;nitrogen_stress_year;low_response_year,wet,HLA2019_normal_grid_S0019,pareto_balanced,2019-08-22,234,115,110,"{""sim_day"": 115.0, ""doy"": 234.0, ""topwt"": 10260.560302734377, ""grnwt"": 1895.7855224609373, ""xlai"": 2.7889554500579834, ""totir"": 0.0, ""tofer"": NaN, ""swfac"": 0.0, ""nstres"": 0.0}",0.0,0.0,10260.560302734377,1895.7855224609373,2.7889554500579834,0.0,,0.0,0.0,0.0,225.0,-2.6383728027343736,-2.6383728027343736,Leave_One_experiments/all_year_offline_schedule_search/daily_outputs/HLA/HLA_2019_HLA2019_normal_grid_S0019_daily.csv
HLA,HLA,Hailun,2019,Leave_One_experiments\wth_generated_qc\HLA\HLA2019.WTH,wet_year;nitrogen_stress_year;low_response_year,wet,HLA2019_normal_grid_S0019,pareto_balanced,2019-08-23,235,116,111,"{""sim_day"": 116.0, ""doy"": 235.0, ""topwt"": 10386.94580078125, ""grnwt"": 2022.1711730957031, ""xlai"": 2.760869026184082, ""totir"": 0.0, ""tofer"": NaN, ""swfac"": 0.0, ""nstres"": 0.0}",0.0,0.0,10386.94580078125,2022.1711730957031,2.760869026184082,0.0,,0.0,0.0,0.0,225.0,-2.6383728027343736,-2.6383728027343736,Leave_One_experiments/all_year_offline_schedule_search/daily_outputs/HLA/HLA_2019_HLA2019_normal_grid_S0019_daily.csv
HLA,HLA,Hailun,2019,Leave_One_experiments\wth_generated_qc\HLA\HLA2019.WTH,wet_year;nitrogen_stress_year;low_response_year,wet,HLA2019_normal_grid_S0019,pareto_balanced,2019-08-24,236,117,112,"{""sim_day"": 117.0, ""doy"": 236.0, ""topwt"": 10513.331298828123, ""grnwt"": 2148.5568237304688, ""xlai"": 2.731614351272583, ""totir"": 0.0, ""tofer"": NaN, ""swfac"": 0.0, ""nstres"": 0.0}",0.0,0.0,10513.331298828123,2148.5568237304688,2.731614351272583,0.0,,0.0,0.0,0.0,225.0,-2.6383728027343736,-2.6383728027343736,Leave_One_experiments/all_year_offline_schedule_search/daily_outputs/HLA/HLA_2019_HLA2019_normal_grid_S0019_daily.csv
HLA,HLA,Hailun,2019,Leave_One_experiments\wth_generated_qc\HLA\HLA2019.WTH,wet_year;nitrogen_stress_year;low_response_year,wet,HLA2019_normal_grid_S0019,pareto_balanced,2019-08-25,237,118,113,"{""sim_day"": 118.0, ""doy"": 237.0, ""topwt"": 10639.718017578123, ""grnwt"": 2274.942626953125, ""xlai"": 2.6978440284729004, ""totir"": 0.0, ""tofer"": NaN, ""swfac"": 0.0, ""nstres"": 0.0}",0.0,0.0,10639.718017578123,2274.942626953125,2.6978440284729004,0.0,,0.0,0.0,0.0,225.0,-2.6383728027343736,-2.6383728027343736,Leave_One_experiments/all_year_offline_schedule_search/daily_outputs/HLA/HLA_2019_HLA2019_normal_grid_S0019_daily.csv
HLA,HLA,Hailun,2019,Leave_One_experiments\wth_generated_qc\HLA\HLA2019.WTH,wet_year;nitrogen_stress_year;low_response_year,wet,HLA2019_normal_grid_S0019,pareto_balanced,2019-08-26,238,119,114,"{""sim_day"": 119.0, ""doy"": 238.0, ""topwt"": 10766.103515625, ""grnwt"": 2401.3282775878906, ""xlai"": 2.659298658370972, ""totir"": 0.0, ""tofer"": NaN, ""swfac"": 0.0, ""nstres"": 0.0}",0.0,0.0,10766.103515625,2401.3282775878906,2.659298658370972,0.0,,0.0,0.0,0.0,225.0,-2.6383728027343736,-2.6383728027343736,Leave_One_experiments/all_year_offline_schedule_search/daily_outputs/HLA/HLA_2019_HLA2019_normal_grid_S0019_daily.csv
HLA,HLA,Hailun,2019,Leave_One_experiments\wth_generated_qc\HLA\HLA2019.WTH,wet_year;nitrogen_stress_year;low_response_year,wet,HLA2019_normal_grid_S0019,pareto_balanced,2019-08-27,239,120,115,"{""sim_day"": 120.0, ""doy"": 239.0, ""topwt"": 10892.490234375, ""grnwt"": 2527.713928222656, ""xlai"": 2.622190475463867, ""totir"": 0.0, ""tofer"": NaN, ""swfac"": 0.0, ""nstres"": 0.0}",0.0,0.0,10892.490234375,2527.713928222656,2.622190475463867,0.0,,0.0,0.0,0.0,225.0,-2.6383728027343736,-2.6383728027343736,Leave_One_experiments/all_year_offline_schedule_search/daily_outputs/HLA/HLA_2019_HLA2019_normal_grid_S0019_daily.csv
HLA,HLA,Hailun,2019,Leave_One_experiments\wth_generated_qc\HLA\HLA2019.WTH,wet_year;nitrogen_stress_year;low_response_year,wet,HLA2019_normal_grid_S0019,pareto_balanced,2019-08-28,240,121,116,"{""sim_day"": 121.0, ""doy"": 240.0, ""topwt"": 11018.87451171875, ""grnwt"": 2654.0997314453125, ""xlai"": 2.591407060623169, ""totir"": 0.0, ""tofer"": NaN, ""swfac"": 0.0, ""nstres"": 0.0}",0.0,0.0,11018.87451171875,2654.0997314453125,2.591407060623169,0.0,,0.0,0.0,0.0,225.0,-2.6383728027343736,-2.6383728027343736,Leave_One_experiments/all_year_offline_schedule_search/daily_outputs/HLA/HLA_2019_HLA2019_normal_grid_S0019_daily.csv
HLA,HLA,Hailun,2019,Leave_One_experiments\wth_generated_qc\HLA\HLA2019.WTH,wet_year;nitrogen_stress_year;low_response_year,wet,HLA2019_normal_grid_S0019,pareto_balanced,2019-08-29,241,122,117,"{""sim_day"": 122.0, ""doy"": 241.0, ""topwt"": 11145.26123046875, ""grnwt"": 2780.4852294921875, ""xlai"": 2.5495445728302, ""totir"": 0.0, ""tofer"": NaN, ""swfac"": 0.0, ""nstres"": 0.0}",0.0,0.0,11145.26123046875,2780.4852294921875,2.5495445728302,0.0,,0.0,0.0,0.0,225.0,-2.6383728027343736,-2.6383728027343736,Leave_One_experiments/all_year_offline_schedule_search/daily_outputs/HLA/HLA_2019_HLA2019_normal_grid_S0019_daily.csv
HLA,HLA,Hailun,2019,Leave_One_experiments\wth_generated_qc\HLA\HLA2019.WTH,wet_year;nitrogen_stress_year;low_response_year,wet,HLA2019_normal_grid_S0019,pareto_balanced,2019-08-30,242,123,118,"{""sim_day"": 123.0, ""doy"": 242.0, ""topwt"": 11271.64794921875, ""grnwt"": 2906.871032714844, ""xlai"": 2.5149054527282715, ""totir"": 0.0, ""tofer"": NaN, ""swfac"": 0.0, ""nstres"": 0.0}",0.0,0.0,11271.64794921875,2906.871032714844,2.5149054527282715,0.0,,0.0,0.0,0.0,225.0,-2.6383728027343736,-2.6383728027343736,Leave_One_experiments/all_year_offline_schedule_search/daily_outputs/HLA/HLA_2019_HLA2019_normal_grid_S0019_daily.csv
HLA,HLA,Hailun,2019,Leave_One_experiments\wth_generated_qc\HLA\HLA2019.WTH,wet_year;nitrogen_stress_year;low_response_year,wet,HLA2019_normal_grid_S0019,pareto_balanced,2019-08-31,243,124,119,"{""sim_day"": 124.0, ""doy"": 243.0, ""topwt"": 11398.033447265623, ""grnwt"": 3033.2568359375, ""xlai"": 2.4697110652923584, ""totir"": 0.0, ""tofer"": NaN, ""swfac"": 0.0, ""nstres"": 0.0}",0.0,0.0,11398.033447265623,3033.2568359375,2.4697110652923584,0.0,,0.0,0.0,0.0,225.0,-2.6383728027343736,-2.6383728027343736,Leave_One_experiments/all_year_offline_schedule_search/daily_outputs/HLA/HLA_2019_HLA2019_normal_grid_S0019_daily.csv
HLA,HLA,Hailun,2019,Leave_One_experiments\wth_generated_qc\HLA\HLA2019.WTH,wet_year;nitrogen_stress_year;low_response_year,wet,HLA2019_normal_grid_S0019,pareto_balanced,2019-09-01,244,125,120,"{""sim_day"": 125.0, ""doy"": 244.0, ""topwt"": 11524.4189453125, ""grnwt"": 3159.642333984375, ""xlai"": 2.4320273399353027, ""totir"": 0.0, ""tofer"": NaN, ""swfac"": 0.0, ""nstres"": 0.0}",0.0,0.0,11524.4189453125,3159.642333984375,2.4320273399353027,0.0,,0.0,0.0,0.0,225.0,-2.6383728027343736,-2.6383728027343736,Leave_One_experiments/all_year_offline_schedule_search/daily_outputs/HLA/HLA_2019_HLA2019_normal_grid_S0019_daily.csv
HLA,HLA,Hailun,2019,Leave_One_experiments\wth_generated_qc\HLA\HLA2019.WTH,wet_year;nitrogen_stress_year;low_response_year,wet,HLA2019_normal_grid_S0019,pareto_balanced,2019-09-02,245,126,121,"{""sim_day"": 126.0, ""doy"": 245.0, ""topwt"": 11650.804443359377, ""grnwt"": 3286.0284423828125, ""xlai"": 2.38739275932312, ""totir"": 0.0, ""tofer"": NaN, ""swfac"": 0.0, ""nstres"": 0.0}",0.0,0.0,11650.804443359377,3286.0284423828125,2.38739275932312,0.0,,0.0,0.0,0.0,225.0,-2.6383728027343736,-2.6383728027343736,Leave_One_experiments/all_year_offline_schedule_search/daily_outputs/HLA/HLA_2019_HLA2019_normal_grid_S0019_daily.csv
HLA,HLA,Hailun,2019,Leave_One_experiments\wth_generated_qc\HLA\HLA2019.WTH,wet_year;nitrogen_stress_year;low_response_year,wet,HLA2019_normal_grid_S0019,pareto_balanced,2019-09-03,246,127,122,"{""sim_day"": 127.0, ""doy"": 246.0, ""topwt"": 11777.191162109377, ""grnwt"": 3412.4142456054688, ""xlai"": 2.326016426086426, ""totir"": 0.0, ""tofer"": NaN, ""swfac"": 0.0, ""nstres"": 0.0}",0.0,0.0,11777.191162109377,3412.4142456054688,2.326016426086426,0.0,,0.0,0.0,0.0,225.0,-2.6383728027343736,-2.6383728027343736,Leave_One_experiments/all_year_offline_schedule_search/daily_outputs/HLA/HLA_2019_HLA2019_normal_grid_S0019_daily.csv
HLA,HLA,Hailun,2019,Leave_One_experiments\wth_generated_qc\HLA\HLA2019.WTH,wet_year;nitrogen_stress_year;low_response_year,wet,HLA2019_normal_grid_S0019,pareto_balanced,2019-09-04,247,128,123,"{""sim_day"": 128.0, ""doy"": 247.0, ""topwt"": 11903.57666015625, ""grnwt"": 3538.800048828125, ""xlai"": 2.2473249435424805, ""totir"": 0.0, ""tofer"": NaN, ""swfac"": 0.0, ""nstres"": 0.0}",0.0,0.0,11903.57666015625,3538.800048828125,2.2473249435424805,0.0,,0.0,0.0,0.0,225.0,-2.6383728027343736,-2.6383728027343736,Leave_One_experiments/all_year_offline_schedule_search/daily_outputs/HLA/HLA_2019_HLA2019_normal_grid_S0019_daily.csv
HLA,HLA,Hailun,2019,Leave_One_experiments\wth_generated_qc\HLA\HLA2019.WTH,wet_year;nitrogen_stress_year;low_response_year,wet,HLA2019_normal_grid_S0019,pareto_balanced,2019-09-05,248,129,124,"{""sim_day"": 129.0, ""doy"": 248.0, ""topwt"": 12029.962158203123, ""grnwt"": 3665.185852050781, ""xlai"": 2.1662039756774902, ""totir"": 0.0, ""tofer"": NaN, ""swfac"": 0.0, ""nstres"": 0.0}",0.0,0.0,12029.962158203123,3665.185852050781,2.1662039756774902,0.0,,0.0,0.0,0.0,225.0,-2.6383728027343736,-2.6383728027343736,Leave_One_experiments/all_year_offline_schedule_search/daily_outputs/HLA/HLA_2019_HLA2019_normal_grid_S0019_daily.csv
HLA,HLA,Hailun,2019,Leave_One_experiments\wth_generated_qc\HLA\HLA2019.WTH,wet_year;nitrogen_stress_year;low_response_year,wet,HLA2019_normal_grid_S0019,pareto_balanced,2019-09-06,249,130,125,"{""sim_day"": 130.0, ""doy"": 249.0, ""topwt"": 12156.348876953123, ""grnwt"": 3791.5716552734375, ""xlai"": 2.086496114730835, ""totir"": 0.0, ""tofer"": NaN, ""swfac"": 0.0, ""nstres"": 0.0}",0.0,0.0,12156.348876953123,3791.5716552734375,2.086496114730835,0.0,,0.0,0.0,0.0,225.0,-2.6383728027343736,-2.6383728027343736,Leave_One_experiments/all_year_offline_schedule_search/daily_outputs/HLA/HLA_2019_HLA2019_normal_grid_S0019_daily.csv
HLA,HLA,Hailun,2019,Leave_One_experiments\wth_generated_qc\HLA\HLA2019.WTH,wet_year;nitrogen_stress_year;low_response_year,wet,HLA2019_normal_grid_S0019,pareto_balanced,2019-09-07,250,131,126,"{""sim_day"": 131.0, ""doy"": 250.0, ""topwt"": 12282.734375, ""grnwt"": 3917.957763671875, ""xlai"": 2.002800226211548, ""totir"": 0.0, ""tofer"": NaN, ""swfac"": 0.0, ""nstres"": 0.0}",0.0,0.0,12282.734375,3917.957763671875,2.002800226211548,0.0,,0.0,0.0,0.0,225.0,-2.6383728027343736,-2.6383728027343736,Leave_One_experiments/all_year_offline_schedule_search/daily_outputs/HLA/HLA_2019_HLA2019_normal_grid_S0019_daily.csv
HLA,HLA,Hailun,2019,Leave_One_experiments\wth_generated_qc\HLA\HLA2019.WTH,wet_year;nitrogen_stress_year;low_response_year,wet,HLA2019_normal_grid_S0019,pareto_balanced,2019-09-08,251,132,127,"{""sim_day"": 132.0, ""doy"": 251.0, ""topwt"": 12389.259033203123, ""grnwt"": 4024.482727050781, ""xlai"": 1.963710069656372, ""totir"": 0.0, ""tofer"": NaN, ""swfac"": 0.0, ""nstres"": 0.0}",0.0,0.0,12389.259033203123,4024.482727050781,1.963710069656372,0.0,,0.0,0.0,0.0,225.0,-2.6383728027343736,-2.6383728027343736,Leave_One_experiments/all_year_offline_schedule_search/daily_outputs/HLA/HLA_2019_HLA2019_normal_grid_S0019_daily.csv
HLA,HLA,Hailun,2019,Leave_One_experiments\wth_generated_qc\HLA\HLA2019.WTH,wet_year;nitrogen_stress_year;low_response_year,wet,HLA2019_normal_grid_S0019,pareto_balanced,2019-09-09,252,133,128,"{""sim_day"": 133.0, ""doy"": 252.0, ""topwt"": 12451.24755859375, ""grnwt"": 4086.4718627929688, ""xlai"": 1.9444202184677124, ""totir"": 0.0, ""tofer"": NaN, ""swfac"": 0.0, ""nstres"": 0.0}",0.0,0.0,12451.24755859375,4086.4718627929688,1.9444202184677124,0.0,,0.0,0.0,0.0,225.0,-2.6383728027343736,-2.6383728027343736,Leave_One_experiments/all_year_offline_schedule_search/daily_outputs/HLA/HLA_2019_HLA2019_normal_grid_S0019_daily.csv
HLA,HLA,Hailun,2019,Leave_One_experiments\wth_generated_qc\HLA\HLA2019.WTH,wet_year;nitrogen_stress_year;low_response_year,wet,HLA2019_normal_grid_S0019,pareto_balanced,2019-09-10,253,134,129,"{""sim_day"": 134.0, ""doy"": 253.0, ""topwt"": 12553.560791015623, ""grnwt"": 4188.7841796875, ""xlai"": 1.9047356843948364, ""totir"": 0.0, ""tofer"": NaN, ""swfac"": 0.0, ""nstres"": 0.0}",0.0,0.0,12553.560791015623,4188.7841796875,1.9047356843948364,0.0,,0.0,0.0,0.0,225.0,-2.6383728027343736,-2.6383728027343736,Leave_One_experiments/all_year_offline_schedule_search/daily_outputs/HLA/HLA_2019_HLA2019_normal_grid_S0019_daily.csv
HLA,HLA,Hailun,2019,Leave_One_experiments\wth_generated_qc\HLA\HLA2019.WTH,wet_year;nitrogen_stress_year;low_response_year,wet,HLA2019_normal_grid_S0019,pareto_balanced,2019-09-11,254,135,130,"{""sim_day"": 135.0, ""doy"": 254.0, ""topwt"": 12679.9462890625, ""grnwt"": 4315.169982910156, ""xlai"": 1.8517183065414429, ""totir"": 0.0, ""tofer"": NaN, ""swfac"": 0.0, ""nstres"": 0.0}",0.0,0.0,12679.9462890625,4315.169982910156,1.8517183065414429,0.0,,0.0,0.0,0.0,225.0,-2.6383728027343736,-2.6383728027343736,Leave_One_experiments/all_year_offline_schedule_search/daily_outputs/HLA/HLA_2019_HLA2019_normal_grid_S0019_daily.csv
HLA,HLA,Hailun,2019,Leave_One_experiments\wth_generated_qc\HLA\HLA2019.WTH,wet_year;nitrogen_stress_year;low_response_year,wet,HLA2019_normal_grid_S0019,pareto_balanced,2019-09-12,255,136,131,"{""sim_day"": 136.0, ""doy"": 255.0, ""topwt"": 12731.944580078123, ""grnwt"": 4431.92626953125, ""xlai"": 1.803252458572388, ""totir"": 0.0, ""tofer"": NaN, ""swfac"": 0.0, ""nstres"": 0.0}",0.0,0.0,12731.944580078123,4431.92626953125,1.803252458572388,0.0,,0.0,0.0,0.0,225.0,-2.6383728027343736,-2.6383728027343736,Leave_One_experiments/all_year_offline_schedule_search/daily_outputs/HLA/HLA_2019_HLA2019_normal_grid_S0019_daily.csv
HLA,HLA,Hailun,2019,Leave_One_experiments\wth_generated_qc\HLA\HLA2019.WTH,wet_year;nitrogen_stress_year;low_response_year,wet,HLA2019_normal_grid_S0019,pareto_balanced,2019-09-13,256,137,132,"{""sim_day"": 137.0, ""doy"": 256.0, ""topwt"": 12902.02392578125, ""grnwt"": 4537.247924804688, ""xlai"": 1.7584547996520996, ""totir"": 0.0, ""tofer"": NaN, ""swfac"": 0.0, ""nstres"": 0.0}",0.0,0.0,12902.02392578125,4537.247924804688,1.7584547996520996,0.0,,0.0,0.0,0.0,225.0,-2.6383728027343736,-2.6383728027343736,Leave_One_experiments/all_year_offline_schedule_search/daily_outputs/HLA/HLA_2019_HLA2019_normal_grid_S0019_daily.csv
HLA,HLA,Hailun,2019,Leave_One_experiments\wth_generated_qc\HLA\HLA2019.WTH,wet_year;nitrogen_stress_year;low_response_year,wet,HLA2019_normal_grid_S0019,pareto_balanced,2019-09-14,257,138,133,"{""sim_day"": 138.0, ""doy"": 257.0, ""topwt"": 13028.408203125, ""grnwt"": 4663.633728027344, ""xlai"": 1.6949739456176758, ""totir"": 0.0, ""tofer"": NaN, ""swfac"": 0.0, ""nstres"": 0.0}",0.0,0.0,13028.408203125,4663.633728027344,1.6949739456176758,0.0,,0.0,0.0,0.0,225.0,-2.6383728027343736,-2.6383728027343736,Leave_One_experiments/all_year_offline_schedule_search/daily_outputs/HLA/HLA_2019_HLA2019_normal_grid_S0019_daily.csv
HLA,HLA,Hailun,2019,Leave_One_experiments\wth_generated_qc\HLA\HLA2019.WTH,wet_year;nitrogen_stress_year;low_response_year,wet,HLA2019_normal_grid_S0019,pareto_balanced,2019-09-15,258,139,134,"{""sim_day"": 139.0, ""doy"": 258.0, ""topwt"": 13069.9365234375, ""grnwt"": 4705.1605224609375, ""xlai"": 1.38157320022583, ""totir"": 0.0, ""tofer"": NaN, ""swfac"": 0.0, ""nstres"": 0.0}",0.0,0.0,13069.9365234375,4705.1605224609375,1.38157320022583,0.0,,0.0,0.0,0.0,225.0,-2.6383728027343736,-2.6383728027343736,Leave_One_experiments/all_year_offline_schedule_search/daily_outputs/HLA/HLA_2019_HLA2019_normal_grid_S0019_daily.csv
HLA,HLA,Hailun,2019,Leave_One_experiments\wth_generated_qc\HLA\HLA2019.WTH,wet_year;nitrogen_stress_year;low_response_year,wet,HLA2019_normal_grid_S0019,pareto_balanced,2019-09-16,259,140,135,"{""sim_day"": 140.0, ""doy"": 259.0, ""topwt"": 13152.99072265625, ""grnwt"": 4788.214111328125, ""xlai"": 1.3765995502471924, ""totir"": 0.0, ""tofer"": NaN, ""swfac"": 0.0, ""nstres"": 0.0}",0.0,0.0,13152.99072265625,4788.214111328125,1.3765995502471924,0.0,,0.0,0.0,0.0,225.0,-2.6383728027343736,-2.6383728027343736,Leave_One_experiments/all_year_offline_schedule_search/daily_outputs/HLA/HLA_2019_HLA2019_normal_grid_S0019_daily.csv
HLA,HLA,Hailun,2019,Leave_One_experiments\wth_generated_qc\HLA\HLA2019.WTH,wet_year;nitrogen_stress_year;low_response_year,wet,HLA2019_normal_grid_S0019,pareto_balanced,2019-09-17,260,141,136,"{""sim_day"": 141.0, ""doy"": 260.0, ""topwt"": 13173.4521484375, ""grnwt"": 4808.676452636719, ""xlai"": 1.1337676048278809, ""totir"": 0.0, ""tofer"": NaN, ""swfac"": 0.0, ""nstres"": 0.0}",0.0,0.0,13173.4521484375,4808.676452636719,1.1337676048278809,0.0,,0.0,0.0,0.0,225.0,-2.6383728027343736,-2.6383728027343736,Leave_One_experiments/all_year_offline_schedule_search/daily_outputs/HLA/HLA_2019_HLA2019_normal_grid_S0019_daily.csv
HLA,HLA,Hailun,2019,Leave_One_experiments\wth_generated_qc\HLA\HLA2019.WTH,wet_year;nitrogen_stress_year;low_response_year,wet,HLA2019_normal_grid_S0019,pareto_balanced,2019-09-18,261,142,137,"{""sim_day"": 142.0, ""doy"": 261.0, ""topwt"": 13200.535888671877, ""grnwt"": 4835.75927734375, ""xlai"": 0.7391030192375183, ""totir"": 0.0, ""tofer"": NaN, ""swfac"": 0.0, ""nstres"": 0.0}",0.0,0.0,13200.535888671877,4835.75927734375,0.7391030192375183,0.0,,0.0,0.0,0.0,225.0,-2.6383728027343736,-2.6383728027343736,Leave_One_experiments/all_year_offline_schedule_search/daily_outputs/HLA/HLA_2019_HLA2019_normal_grid_S0019_daily.csv
HLA,HLA,Hailun,2019,Leave_One_experiments\wth_generated_qc\HLA\HLA2019.WTH,wet_year;nitrogen_stress_year;low_response_year,wet,HLA2019_normal_grid_S0019,pareto_balanced,2019-09-19,262,143,138,"{""sim_day"": 143.0, ""doy"": 262.0, ""topwt"": 13275.7666015625, ""grnwt"": 4910.989074707031, ""xlai"": 0.7246167063713074, ""totir"": 0.0, ""tofer"": NaN, ""swfac"": 0.0, ""nstres"": 0.0}",0.0,0.0,13275.7666015625,4910.989074707031,0.7246167063713074,0.0,,0.0,0.0,0.0,225.0,-2.6383728027343736,-2.6383728027343736,Leave_One_experiments/all_year_offline_schedule_search/daily_outputs/HLA/HLA_2019_HLA2019_normal_grid_S0019_daily.csv
HLA,HLA,Hailun,2019,Leave_One_experiments\wth_generated_qc\HLA\HLA2019.WTH,wet_year;nitrogen_stress_year;low_response_year,wet,HLA2019_normal_grid_S0019,pareto_balanced,2019-09-20,263,144,139,"{""sim_day"": 144.0, ""doy"": 263.0, ""topwt"": 13330.5322265625, ""grnwt"": 4965.7562255859375, ""xlai"": 0.7173705697059631, ""totir"": 0.0, ""tofer"": NaN, ""swfac"": 0.0, ""nstres"": 0.0074337720870971}",0.0,0.0074337720870971,13330.5322265625,4965.7562255859375,0.7173705697059631,0.0,,0.0,0.0,0.0,225.0,-2.6383728027343736,-2.6383728027343736,Leave_One_experiments/all_year_offline_schedule_search/daily_outputs/HLA/HLA_2019_HLA2019_normal_grid_S0019_daily.csv
HLA,HLA,Hailun,2019,Leave_One_experiments\wth_generated_qc\HLA\HLA2019.WTH,wet_year;nitrogen_stress_year;low_response_year,wet,HLA2019_normal_grid_S0019,pareto_balanced,2019-09-21,264,145,140,"{""sim_day"": 145.0, ""doy"": 264.0, ""topwt"": 13440.667724609377, ""grnwt"": 5075.892333984375, ""xlai"": 0.71620112657547, ""totir"": 0.0, ""tofer"": NaN, ""swfac"": 0.0, ""nstres"": 0.0130423307418823}",0.0,0.0130423307418823,13440.667724609377,5075.892333984375,0.71620112657547,0.0,,0.0,0.0,0.0,225.0,-2.6383728027343736,-2.6383728027343736,Leave_One_experiments/all_year_offline_schedule_search/daily_outputs/HLA/HLA_2019_HLA2019_normal_grid_S0019_daily.csv
HLA,HLA,Hailun,2019,Leave_One_experiments\wth_generated_qc\HLA\HLA2019.WTH,wet_year;nitrogen_stress_year;low_response_year,wet,HLA2019_normal_grid_S0019,pareto_balanced,2019-09-22,265,146,141,"{""sim_day"": 146.0, ""doy"": 265.0, ""topwt"": 13567.05322265625, ""grnwt"": 5202.27783203125, ""xlai"": 0.7136596441268921, ""totir"": 0.0, ""tofer"": NaN, ""swfac"": 0.0, ""nstres"": 0.0283877849578857}",0.0,0.0283877849578857,13567.05322265625,5202.27783203125,0.7136596441268921,0.0,,0.0,0.0,0.0,225.0,-2.6383728027343736,-2.6383728027343736,Leave_One_experiments/all_year_offline_schedule_search/daily_outputs/HLA/HLA_2019_HLA2019_normal_grid_S0019_daily.csv
HLA,HLA,Hailun,2019,Leave_One_experiments\wth_generated_qc\HLA\HLA2019.WTH,wet_year;nitrogen_stress_year;low_response_year,wet,HLA2019_normal_grid_S0019,pareto_balanced,2019-09-23,266,147,142,"{""sim_day"": 147.0, ""doy"": 266.0, ""topwt"": 13626.6357421875, ""grnwt"": 5261.8597412109375, ""xlai"": 0.6759069561958313, ""totir"": 0.0, ""tofer"": NaN, ""swfac"": 0.0, ""nstres"": 0.0525925159454345}",0.0,0.0525925159454345,13626.6357421875,5261.8597412109375,0.6759069561958313,0.0,,0.0,0.0,0.0,225.0,-2.6383728027343736,-2.6383728027343736,Leave_One_experiments/all_year_offline_schedule_search/daily_outputs/HLA/HLA_2019_HLA2019_normal_grid_S0019_daily.csv
HLA,HLA,Hailun,2019,Leave_One_experiments\wth_generated_qc\HLA\HLA2019.WTH,wet_year;nitrogen_stress_year;low_response_year,wet,HLA2019_normal_grid_S0019,pareto_balanced,2019-09-24,267,148,143,"{""sim_day"": 148.0, ""doy"": 267.0, ""topwt"": 13725.93994140625, ""grnwt"": 5361.1627197265625, ""xlai"": 0.6704320907592773, ""totir"": 0.0, ""tofer"": NaN, ""swfac"": 0.0, ""nstres"": 0.0596068501472473}",0.0,0.0596068501472473,13725.93994140625,5361.1627197265625,0.6704320907592773,0.0,,0.0,0.0,0.0,225.0,-2.6383728027343736,-2.6383728027343736,Leave_One_experiments/all_year_offline_schedule_search/daily_outputs/HLA/HLA_2019_HLA2019_normal_grid_S0019_daily.csv
HLA,HLA,Hailun,2019,Leave_One_experiments\wth_generated_qc\HLA\HLA2019.WTH,wet_year;nitrogen_stress_year;low_response_year,wet,HLA2019_normal_grid_S0019,pareto_balanced,2019-09-25,268,149,144,"{""sim_day"": 149.0, ""doy"": 268.0, ""topwt"": 13725.93994140625, ""grnwt"": 5361.1627197265625, ""xlai"": 0.6704320907592773, ""totir"": 0.0, ""tofer"": NaN, ""swfac"": 0.0, ""nstres"": 0.0732514858245849}",0.0,0.0732514858245849,13725.93994140625,5361.1627197265625,0.6704320907592773,0.0,,0.0,0.0,0.0,225.0,-2.6383728027343736,-2.6383728027343736,Leave_One_experiments/all_year_offline_schedule_search/daily_outputs/HLA/HLA_2019_HLA2019_normal_grid_S0019_daily.csv
HLA,HLA,Hailun,2019,Leave_One_experiments\wth_generated_qc\HLA\HLA2019.WTH,wet_year;nitrogen_stress_year;low_response_year,wet,HLA2019_normal_grid_S0019,pareto_balanced,2019-09-26,269,150,145,"{""sim_day"": 150.0, ""doy"": 269.0, ""topwt"": 13725.93994140625, ""grnwt"": 5361.1627197265625, ""xlai"": 0.6704320907592773, ""totir"": 0.0, ""tofer"": NaN, ""swfac"": 0.0, ""nstres"": 0.0732514858245849}",0.0,0.0732514858245849,13725.93994140625,5361.1627197265625,0.6704320907592773,0.0,,0.0,0.0,0.0,225.0,-2.6383728027343736,-2.6383728027343736,Leave_One_experiments/all_year_offline_schedule_search/daily_outputs/HLA/HLA_2019_HLA2019_normal_grid_S0019_daily.csv
HLA,HLA,Hailun,2019,Leave_One_experiments\wth_generated_qc\HLA\HLA2019.WTH,wet_year;nitrogen_stress_year;low_response_year,wet,HLA2019_normal_grid_S0019,pareto_balanced,2019-09-27,270,151,146,"{""sim_day"": 151.0, ""doy"": 270.0, ""topwt"": 13725.93994140625, ""grnwt"": 5361.1627197265625, ""xlai"": 0.6704320907592773, ""totir"": 0.0, ""tofer"": NaN, ""swfac"": 0.0, ""nstres"": 0.0732514858245849}",0.0,0.0732514858245849,13725.93994140625,5361.1627197265625,0.6704320907592773,0.0,,0.0,0.0,0.0,225.0,-2.6383728027343736,-2.6383728027343736,Leave_One_experiments/all_year_offline_schedule_search/daily_outputs/HLA/HLA_2019_HLA2019_normal_grid_S0019_daily.csv
HLA,HLA,Hailun,2019,Leave_One_experiments\wth_generated_qc\HLA\HLA2019.WTH,wet_year;nitrogen_stress_year;low_response_year,wet,HLA2019_normal_grid_S0019,pareto_balanced,2019-09-28,271,152,147,"{""sim_day"": 152.0, ""doy"": 271.0, ""topwt"": 13725.93994140625, ""grnwt"": 5361.1627197265625, ""xlai"": 0.6704320907592773, ""totir"": 0.0, ""tofer"": NaN, ""swfac"": 0.0, ""nstres"": 0.0732514858245849}",0.0,0.0732514858245849,13725.93994140625,5361.1627197265625,0.6704320907592773,0.0,,0.0,0.0,0.0,225.0,-2.6383728027343736,-2.6383728027343736,Leave_One_experiments/all_year_offline_schedule_search/daily_outputs/HLA/HLA_2019_HLA2019_normal_grid_S0019_daily.csv
HLA,HLA,Hailun,2019,Leave_One_experiments\wth_generated_qc\HLA\HLA2019.WTH,wet_year;nitrogen_stress_year;low_response_year,wet,HLA2019_normal_grid_S0019,pareto_balanced,2019-09-29,272,153,148,"{""sim_day"": 153.0, ""doy"": 272.0, ""topwt"": 13725.93994140625, ""grnwt"": 5361.1627197265625, ""xlai"": 0.6704320907592773, ""totir"": 0.0, ""tofer"": NaN, ""swfac"": 0.0, ""nstres"": 0.0732514858245849}",0.0,0.0732514858245849,13725.93994140625,5361.1627197265625,0.6704320907592773,0.0,,0.0,0.0,0.0,225.0,-2.6383728027343736,-2.6383728027343736,Leave_One_experiments/all_year_offline_schedule_search/daily_outputs/HLA/HLA_2019_HLA2019_normal_grid_S0019_daily.csv
HLA,HLA,Hailun,2019,Leave_One_experiments\wth_generated_qc\HLA\HLA2019.WTH,wet_year;nitrogen_stress_year;low_response_year,wet,HLA2019_normal_grid_S0028,pareto_balanced,2019-05-05,125,1,1,"{""sim_day"": 1.0, ""doy"": 125.0, ""topwt"": 0.0, ""grnwt"": 0.0, ""xlai"": 0.0, ""totir"": 0.0, ""tofer"": NaN, ""swfac"": 0.0, ""nstres"": 0.0}",0.0,0.0,0.0,0.0,0.0,0.0,,0.0,80.0,0.0,180.0,8.607165527343753,8.607165527343753,Leave_One_experiments/all_year_offline_schedule_search/daily_outputs/HLA/HLA_2019_HLA2019_normal_grid_S0028_daily.csv
HLA,HLA,Hailun,2019,Leave_One_experiments\wth_generated_qc\HLA\HLA2019.WTH,wet_year;nitrogen_stress_year;low_response_year,wet,HLA2019_normal_grid_S0028,pareto_balanced,2019-05-06,126,2,2,"{""sim_day"": 2.0, ""doy"": 126.0, ""topwt"": 0.0, ""grnwt"": 0.0, ""xlai"": 0.0, ""totir"": 0.0, ""tofer"": NaN, ""swfac"": 0.0, ""nstres"": 0.0}",0.0,0.0,0.0,0.0,0.0,0.0,,0.0,0.0,0.0,180.0,8.607165527343753,8.607165527343753,Leave_One_experiments/all_year_offline_schedule_search/daily_outputs/HLA/HLA_2019_HLA2019_normal_grid_S0028_daily.csv
HLA,HLA,Hailun,2019,Leave_One_experiments\wth_generated_qc\HLA\HLA2019.WTH,wet_year;nitrogen_stress_year;low_response_year,wet,HLA2019_normal_grid_S0028,pareto_balanced,2019-05-07,127,3,3,"{""sim_day"": 3.0, ""doy"": 127.0, ""topwt"": 0.0, ""grnwt"": 0.0, ""xlai"": 0.0, ""totir"": 0.0, ""tofer"": NaN, ""swfac"": 0.0, ""nstres"": 0.0}",0.0,0.0,0.0,0.0,0.0,0.0,,0.0,0.0,0.0,180.0,8.607165527343753,8.607165527343753,Leave_One_experiments/all_year_offline_schedule_search/daily_outputs/HLA/HLA_2019_HLA2019_normal_grid_S0028_daily.csv
HLA,HLA,Hailun,2019,Leave_One_experiments\wth_generated_qc\HLA\HLA2019.WTH,wet_year;nitrogen_stress_year;low_response_year,wet,HLA2019_normal_grid_S0028,pareto_balanced,2019-05-08,128,4,4,"{""sim_day"": 4.0, ""doy"": 128.0, ""topwt"": 0.0, ""grnwt"": 0.0, ""xlai"": 0.0, ""totir"": 0.0, ""tofer"": NaN, ""swfac"": 0.0, ""nstres"": 0.0}",0.0,0.0,0.0,0.0,0.0,0.0,,0.0,0.0,0.0,180.0,8.607165527343753,8.607165527343753,Leave_One_experiments/all_year_offline_schedule_search/daily_outputs/HLA/HLA_2019_HLA2019_normal_grid_S0028_daily.csv
HLA,HLA,Hailun,2019,Leave_One_experiments\wth_generated_qc\HLA\HLA2019.WTH,wet_year;nitrogen_stress_year;low_response_year,wet,HLA2019_normal_grid_S0028,pareto_balanced,2019-05-09,129,5,5,"{""sim_day"": 5.0, ""doy"": 129.0, ""topwt"": 0.0, ""grnwt"": 0.0, ""xlai"": 0.0, ""totir"": 0.0, ""tofer"": NaN, ""swfac"": 0.0, ""nstres"": 0.0}",0.0,0.0,0.0,0.0,0.0,0.0,,0.0,0.0,0.0,180.0,8.607165527343753,8.607165527343753,Leave_One_experiments/all_year_offline_schedule_search/daily_outputs/HLA/HLA_2019_HLA2019_normal_grid_S0028_daily.csv
HLA,HLA,Hailun,2019,Leave_One_experiments\wth_generated_qc\HLA\HLA2019.WTH,wet_year;nitrogen_stress_year;low_response_year,wet,HLA2019_normal_grid_S0028,pareto_balanced,2019-05-05,125,6,1,"{""sim_day"": 6.0, ""doy"": 125.0, ""topwt"": 0.0, ""grnwt"": 0.0, ""xlai"": 0.0, ""totir"": 0.0, ""tofer"": NaN, ""swfac"": 0.0, ""nstres"": 0.0}",0.0,0.0,0.0,0.0,0.0,0.0,,0.0,0.0,0.0,180.0,8.607165527343753,8.607165527343753,Leave_One_experiments/all_year_offline_schedule_search/daily_outputs/HLA/HLA_2019_HLA2019_normal_grid_S0028_daily.csv
HLA,HLA,Hailun,2019,Leave_One_experiments\wth_generated_qc\HLA\HLA2019.WTH,wet_year;nitrogen_stress_year;low_response_year,wet,HLA2019_normal_grid_S0028,pareto_balanced,2019-05-06,126,7,2,"{""sim_day"": 7.0, ""doy"": 126.0, ""topwt"": 0.0, ""grnwt"": 0.0, ""xlai"": 0.0, ""totir"": 0.0, ""tofer"": NaN, ""swfac"": 0.0, ""nstres"": 0.0}",0.0,0.0,0.0,0.0,0.0,0.0,,0.0,0.0,0.0,180.0,8.607165527343753,8.607165527343753,Leave_One_experiments/all_year_offline_schedule_search/daily_outputs/HLA/HLA_2019_HLA2019_normal_grid_S0028_daily.csv
HLA,HLA,Hailun,2019,Leave_One_experiments\wth_generated_qc\HLA\HLA2019.WTH,wet_year;nitrogen_stress_year;low_response_year,wet,HLA2019_normal_grid_S0028,pareto_balanced,2019-05-07,127,8,3,"{""sim_day"": 8.0, ""doy"": 127.0, ""topwt"": 0.0, ""grnwt"": 0.0, ""xlai"": 0.0, ""totir"": 0.0, ""tofer"": NaN, ""swfac"": 0.0, ""nstres"": 0.0}",0.0,0.0,0.0,0.0,0.0,0.0,,0.0,0.0,0.0,180.0,8.607165527343753,8.607165527343753,Leave_One_experiments/all_year_offline_schedule_search/daily_outputs/HLA/HLA_2019_HLA2019_normal_grid_S0028_daily.csv
HLA,HLA,Hailun,2019,Leave_One_experiments\wth_generated_qc\HLA\HLA2019.WTH,wet_year;nitrogen_stress_year;low_response_year,wet,HLA2019_normal_grid_S0028,pareto_balanced,2019-05-08,128,9,4,"{""sim_day"": 9.0, ""doy"": 128.0, ""topwt"": 0.0, ""grnwt"": 0.0, ""xlai"": 0.0, ""totir"": 0.0, ""tofer"": NaN, ""swfac"": 0.0, ""nstres"": 0.0}",0.0,0.0,0.0,0.0,0.0,0.0,,0.0,0.0,0.0,180.0,8.607165527343753,8.607165527343753,Leave_One_experiments/all_year_offline_schedule_search/daily_outputs/HLA/HLA_2019_HLA2019_normal_grid_S0028_daily.csv
HLA,HLA,Hailun,2019,Leave_One_experiments\wth_generated_qc\HLA\HLA2019.WTH,wet_year;nitrogen_stress_year;low_response_year,wet,HLA2019_normal_grid_S0028,pareto_balanced,2019-05-09,129,10,5,"{""sim_day"": 10.0, ""doy"": 129.0, ""topwt"": 0.0, ""grnwt"": 0.0, ""xlai"": 0.0, ""totir"": 0.0, ""tofer"": NaN, ""swfac"": 0.0, ""nstres"": 0.0}",0.0,0.0,0.0,0.0,0.0,0.0,,0.0,0.0,0.0,180.0,8.607165527343753,8.607165527343753,Leave_One_experiments/all_year_offline_schedule_search/daily_outputs/HLA/HLA_2019_HLA2019_normal_grid_S0028_daily.csv
HLA,HLA,Hailun,2019,Leave_One_experiments\wth_generated_qc\HLA\HLA2019.WTH,wet_year;nitrogen_stress_year;low_response_year,wet,HLA2019_normal_grid_S0028,pareto_balanced,2019-05-10,130,11,6,"{""sim_day"": 11.0, ""doy"": 130.0, ""topwt"": 0.0, ""grnwt"": 0.0, ""xlai"": 0.0, ""totir"": 0.0, ""tofer"": NaN, ""swfac"": 0.0, ""nstres"": 0.0}",0.0,0.0,0.0,0.0,0.0,0.0,,0.0,0.0,0.0,180.0,8.607165527343753,8.607165527343753,Leave_One_experiments/all_year_offline_schedule_search/daily_outputs/HLA/HLA_2019_HLA2019_normal_grid_S0028_daily.csv
HLA,HLA,Hailun,2019,Leave_One_experiments\wth_generated_qc\HLA\HLA2019.WTH,wet_year;nitrogen_stress_year;low_response_year,wet,HLA2019_normal_grid_S0028,pareto_balanced,2019-05-11,131,12,7,"{""sim_day"": 12.0, ""doy"": 131.0, ""topwt"": 0.0, ""grnwt"": 0.0, ""xlai"": 0.0, ""totir"": 0.0, ""tofer"": NaN, ""swfac"": 0.0, ""nstres"": 0.0}",0.0,0.0,0.0,0.0,0.0,0.0,,0.0,0.0,0.0,180.0,8.607165527343753,8.607165527343753,Leave_One_experiments/all_year_offline_schedule_search/daily_outputs/HLA/HLA_2019_HLA2019_normal_grid_S0028_daily.csv
HLA,HLA,Hailun,2019,Leave_One_experiments\wth_generated_qc\HLA\HLA2019.WTH,wet_year;nitrogen_stress_year;low_response_year,wet,HLA2019_normal_grid_S0028,pareto_balanced,2019-05-12,132,13,8,"{""sim_day"": 13.0, ""doy"": 132.0, ""topwt"": 0.0, ""grnwt"": 0.0, ""xlai"": 0.0, ""totir"": 0.0, ""tofer"": NaN, ""swfac"": 0.0, ""nstres"": 0.0}",0.0,0.0,0.0,0.0,0.0,0.0,,0.0,0.0,0.0,180.0,8.607165527343753,8.607165527343753,Leave_One_experiments/all_year_offline_schedule_search/daily_outputs/HLA/HLA_2019_HLA2019_normal_grid_S0028_daily.csv
HLA,HLA,Hailun,2019,Leave_One_experiments\wth_generated_qc\HLA\HLA2019.WTH,wet_year;nitrogen_stress_year;low_response_year,wet,HLA2019_normal_grid_S0028,pareto_balanced,2019-05-13,133,14,9,"{""sim_day"": 14.0, ""doy"": 133.0, ""topwt"": 0.0, ""grnwt"": 0.0, ""xlai"": 0.0, ""totir"": 0.0, ""tofer"": NaN, ""swfac"": 0.0, ""nstres"": 0.0}",0.0,0.0,0.0,0.0,0.0,0.0,,0.0,0.0,0.0,180.0,8.607165527343753,8.607165527343753,Leave_One_experiments/all_year_offline_schedule_search/daily_outputs/HLA/HLA_2019_HLA2019_normal_grid_S0028_daily.csv
HLA,HLA,Hailun,2019,Leave_One_experiments\wth_generated_qc\HLA\HLA2019.WTH,wet_year;nitrogen_stress_year;low_response_year,wet,HLA2019_normal_grid_S0028,pareto_balanced,2019-05-14,134,15,10,"{""sim_day"": 15.0, ""doy"": 134.0, ""topwt"": 20.0, ""grnwt"": 0.0, ""xlai"": 0.0019392587710171, ""totir"": 0.0, ""tofer"": NaN, ""swfac"": 0.0, ""nstres"": 0.0121910572052001}",0.0,0.0121910572052001,20.0,0.0,0.0019392587710171,0.0,,0.0,0.0,0.0,180.0,8.607165527343753,8.607165527343753,Leave_One_experiments/all_year_offline_schedule_search/daily_outputs/HLA/HLA_2019_HLA2019_normal_grid_S0028_daily.csv
HLA,HLA,Hailun,2019,Leave_One_experiments\wth_generated_qc\HLA\HLA2019.WTH,wet_year;nitrogen_stress_year;low_response_year,wet,HLA2019_normal_grid_S0028,pareto_balanced,2019-05-15,135,16,11,"{""sim_day"": 16.0, ""doy"": 135.0, ""topwt"": 20.0, ""grnwt"": 0.0, ""xlai"": 0.0034856738056987, ""totir"": 0.0, ""tofer"": NaN, ""swfac"": 0.0, ""nstres"": 0.0148732662200927}",0.0,0.0148732662200927,20.0,0.0,0.0034856738056987,0.0,,0.0,0.0,0.0,180.0,8.607165527343753,8.607165527343753,Leave_One_experiments/all_year_offline_schedule_search/daily_outputs/HLA/HLA_2019_HLA2019_normal_grid_S0028_daily.csv
HLA,HLA,Hailun,2019,Leave_One_experiments\wth_generated_qc\HLA\HLA2019.WTH,wet_year;nitrogen_stress_year;low_response_year,wet,HLA2019_normal_grid_S0028,pareto_balanced,2019-05-16,136,17,12,"{""sim_day"": 17.0, ""doy"": 136.0, ""topwt"": 20.0, ""grnwt"": 0.0, ""xlai"": 0.0052798301912844, ""totir"": 0.0, ""tofer"": NaN, ""swfac"": 0.0, ""nstres"": 0.0110848546028137}",0.0,0.0110848546028137,20.0,0.0,0.0052798301912844,0.0,,0.0,0.0,0.0,180.0,8.607165527343753,8.607165527343753,Leave_One_experiments/all_year_offline_schedule_search/daily_outputs/HLA/HLA_2019_HLA2019_normal_grid_S0028_daily.csv
HLA,HLA,Hailun,2019,Leave_One_experiments\wth_generated_qc\HLA\HLA2019.WTH,wet_year;nitrogen_stress_year;low_response_year,wet,HLA2019_normal_grid_S0028,pareto_balanced,2019-05-17,137,18,13,"{""sim_day"": 18.0, ""doy"": 137.0, ""topwt"": 20.0, ""grnwt"": 0.0, ""xlai"": 0.0064686392433941, ""totir"": 0.0, ""tofer"": NaN, ""swfac"": 0.0, ""nstres"": 0.0086739659309387}",0.0,0.0086739659309387,20.0,0.0,0.0064686392433941,0.0,,0.0,0.0,0.0,180.0,8.607165527343753,8.607165527343753,Leave_One_experiments/all_year_offline_schedule_search/daily_outputs/HLA/HLA_2019_HLA2019_normal_grid_S0028_daily.csv
HLA,HLA,Hailun,2019,Leave_One_experiments\wth_generated_qc\HLA\HLA2019.WTH,wet_year;nitrogen_stress_year;low_response_year,wet,HLA2019_normal_grid_S0028,pareto_balanced,2019-05-18,138,19,14,"{""sim_day"": 19.0, ""doy"": 138.0, ""topwt"": 20.0, ""grnwt"": 0.0, ""xlai"": 0.0069965277798473, ""totir"": 0.0, ""tofer"": NaN, ""swfac"": 0.0, ""nstres"": 0.0076075792312622}",0.0,0.0076075792312622,20.0,0.0,0.0069965277798473,0.0,,0.0,0.0,0.0,180.0,8.607165527343753,8.607165527343753,Leave_One_experiments/all_year_offline_schedule_search/daily_outputs/HLA/HLA_2019_HLA2019_normal_grid_S0028_daily.csv
HLA,HLA,Hailun,2019,Leave_One_experiments\wth_generated_qc\HLA\HLA2019.WTH,wet_year;nitrogen_stress_year;low_response_year,wet,HLA2019_normal_grid_S0028,pareto_balanced,2019-05-19,139,20,15,"{""sim_day"": 20.0, ""doy"": 139.0, ""topwt"": 20.0, ""grnwt"": 0.0, ""xlai"": 0.0074492138810455, ""totir"": 0.0, ""tofer"": NaN, ""swfac"": 0.0, ""nstres"": 0.0067070722579956}",0.0,0.0067070722579956,20.0,0.0,0.0074492138810455,0.0,,0.0,0.0,0.0,180.0,8.607165527343753,8.607165527343753,Leave_One_experiments/all_year_offline_schedule_search/daily_outputs/HLA/HLA_2019_HLA2019_normal_grid_S0028_daily.csv
HLA,HLA,Hailun,2019,Leave_One_experiments\wth_generated_qc\HLA\HLA2019.WTH,wet_year;nitrogen_stress_year;low_response_year,wet,HLA2019_normal_grid_S0028,pareto_balanced,2019-05-20,140,21,16,"{""sim_day"": 21.0, ""doy"": 140.0, ""topwt"": 20.0, ""grnwt"": 0.0, ""xlai"": 0.0078755188733339, ""totir"": 0.0, ""tofer"": NaN, ""swfac"": 0.0, ""nstres"": 0.0058647394180297}",0.0,0.0058647394180297,20.0,0.0,0.0078755188733339,0.0,,0.0,0.0,0.0,180.0,8.607165527343753,8.607165527343753,Leave_One_experiments/all_year_offline_schedule_search/daily_outputs/HLA/HLA_2019_HLA2019_normal_grid_S0028_daily.csv
HLA,HLA,Hailun,2019,Leave_One_experiments\wth_generated_qc\HLA\HLA2019.WTH,wet_year;nitrogen_stress_year;low_response_year,wet,HLA2019_normal_grid_S0028,pareto_balanced,2019-05-21,141,22,17,"{""sim_day"": 22.0, ""doy"": 141.0, ""topwt"": 20.0, ""grnwt"": 0.0, ""xlai"": 0.0081254392862319, ""totir"": 0.0, ""tofer"": NaN, ""swfac"": 0.0, ""nstres"": 0.0050820112228393}",0.0,0.0050820112228393,20.0,0.0,0.0081254392862319,0.0,,0.0,0.0,0.0,180.0,8.607165527343753,8.607165527343753,Leave_One_experiments/all_year_offline_schedule_search/daily_outputs/HLA/HLA_2019_HLA2019_normal_grid_S0028_daily.csv
HLA,HLA,Hailun,2019,Leave_One_experiments\wth_generated_qc\HLA\HLA2019.WTH,wet_year;nitrogen_stress_year;low_response_year,wet,HLA2019_normal_grid_S0028,pareto_balanced,2019-05-22,142,23,18,"{""sim_day"": 23.0, ""doy"": 142.0, ""topwt"": 20.0, ""grnwt"": 0.0, ""xlai"": 0.0085342852398753, ""totir"": 0.0, ""tofer"": NaN, ""swfac"": 0.0, ""nstres"": 0.0025588274002075}",0.0,0.0025588274002075,20.0,0.0,0.0085342852398753,0.0,,0.0,0.0,0.0,180.0,8.607165527343753,8.607165527343753,Leave_One_experiments/all_year_offline_schedule_search/daily_outputs/HLA/HLA_2019_HLA2019_normal_grid_S0028_daily.csv
HLA,HLA,Hailun,2019,Leave_One_experiments\wth_generated_qc\HLA\HLA2019.WTH,wet_year;nitrogen_stress_year;low_response_year,wet,HLA2019_normal_grid_S0028,pareto_balanced,2019-05-23,143,24,19,"{""sim_day"": 24.0, ""doy"": 143.0, ""topwt"": 20.0, ""grnwt"": 0.0, ""xlai"": 0.0123945847153663, ""totir"": 0.0, ""tofer"": NaN, ""swfac"": 0.0, ""nstres"": 0.0}",0.0,0.0,20.0,0.0,0.0123945847153663,0.0,,0.0,0.0,0.0,180.0,8.607165527343753,8.607165527343753,Leave_One_experiments/all_year_offline_schedule_search/daily_outputs/HLA/HLA_2019_HLA2019_normal_grid_S0028_daily.csv
HLA,HLA,Hailun,2019,Leave_One_experiments\wth_generated_qc\HLA\HLA2019.WTH,wet_year;nitrogen_stress_year;low_response_year,wet,HLA2019_normal_grid_S0028,pareto_balanced,2019-05-24,144,25,20,"{""sim_day"": 25.0, ""doy"": 144.0, ""topwt"": 20.0, ""grnwt"": 0.0, ""xlai"": 0.0242552906274795, ""totir"": 0.0, ""tofer"": NaN, ""swfac"": 0.0, ""nstres"": 0.0}",0.0,0.0,20.0,0.0,0.0242552906274795,0.0,,0.0,0.0,0.0,180.0,8.607165527343753,8.607165527343753,Leave_One_experiments/all_year_offline_schedule_search/daily_outputs/HLA/HLA_2019_HLA2019_normal_grid_S0028_daily.csv
HLA,HLA,Hailun,2019,Leave_One_experiments\wth_generated_qc\HLA\HLA2019.WTH,wet_year;nitrogen_stress_year;low_response_year,wet,HLA2019_normal_grid_S0028,pareto_balanced,2019-05-25,145,26,21,"{""sim_day"": 26.0, ""doy"": 145.0, ""topwt"": 20.0, ""grnwt"": 0.0, ""xlai"": 0.0282934326678514, ""totir"": 0.0, ""tofer"": NaN, ""swfac"": 0.0, ""nstres"": 0.0}",0.0,0.0,20.0,0.0,0.0282934326678514,0.0,,0.0,0.0,0.0,180.0,8.607165527343753,8.607165527343753,Leave_One_experiments/all_year_offline_schedule_search/daily_outputs/HLA/HLA_2019_HLA2019_normal_grid_S0028_daily.csv
HLA,HLA,Hailun,2019,Leave_One_experiments\wth_generated_qc\HLA\HLA2019.WTH,wet_year;nitrogen_stress_year;low_response_year,wet,HLA2019_normal_grid_S0028,pareto_balanced,2019-05-26,146,27,22,"{""sim_day"": 27.0, ""doy"": 146.0, ""topwt"": 20.0, ""grnwt"": 0.0, ""xlai"": 0.0317408517003059, ""totir"": 0.0, ""tofer"": NaN, ""swfac"": 0.0, ""nstres"": 0.0}",0.0,0.0,20.0,0.0,0.0317408517003059,0.0,,0.0,0.0,0.0,180.0,8.607165527343753,8.607165527343753,Leave_One_experiments/all_year_offline_schedule_search/daily_outputs/HLA/HLA_2019_HLA2019_normal_grid_S0028_daily.csv
HLA,HLA,Hailun,2019,Leave_One_experiments\wth_generated_qc\HLA\HLA2019.WTH,wet_year;nitrogen_stress_year;low_response_year,wet,HLA2019_normal_grid_S0028,pareto_balanced,2019-05-27,147,28,23,"{""sim_day"": 28.0, ""doy"": 147.0, ""topwt"": 20.106875896453857, ""grnwt"": 0.0, ""xlai"": 0.0343673676252365, ""totir"": 0.0, ""tofer"": NaN, ""swfac"": 0.0, ""nstres"": 0.0}",0.0,0.0,20.106875896453857,0.0,0.0343673676252365,0.0,,0.0,0.0,0.0,180.0,8.607165527343753,8.607165527343753,Leave_One_experiments/all_year_offline_schedule_search/daily_outputs/HLA/HLA_2019_HLA2019_normal_grid_S0028_daily.csv
HLA,HLA,Hailun,2019,Leave_One_experiments\wth_generated_qc\HLA\HLA2019.WTH,wet_year;nitrogen_stress_year;low_response_year,wet,HLA2019_normal_grid_S0028,pareto_balanced,2019-05-28,148,29,24,"{""sim_day"": 29.0, ""doy"": 148.0, ""topwt"": 21.851296424865723, ""grnwt"": 0.0, ""xlai"": 0.0391221605241298, ""totir"": 0.0, ""tofer"": NaN, ""swfac"": 0.0, ""nstres"": 0.0}",0.0,0.0,21.851296424865723,0.0,0.0391221605241298,0.0,,0.0,0.0,0.0,180.0,8.607165527343753,8.607165527343753,Leave_One_experiments/all_year_offline_schedule_search/daily_outputs/HLA/HLA_2019_HLA2019_normal_grid_S0028_daily.csv
HLA,HLA,Hailun,2019,Leave_One_experiments\wth_generated_qc\HLA\HLA2019.WTH,wet_year;nitrogen_stress_year;low_response_year,wet,HLA2019_normal_grid_S0028,pareto_balanced,2019-05-29,149,30,25,"{""sim_day"": 30.0, ""doy"": 149.0, ""topwt"": 24.498474597930908, ""grnwt"": 0.0, ""xlai"": 0.0460767671465873, ""totir"": 0.0, ""tofer"": NaN, ""swfac"": 0.0, ""nstres"": 0.0}",0.0,0.0,24.498474597930908,0.0,0.0460767671465873,0.0,,0.0,0.0,0.0,180.0,8.607165527343753,8.607165527343753,Leave_One_experiments/all_year_offline_schedule_search/daily_outputs/HLA/HLA_2019_HLA2019_normal_grid_S0028_daily.csv
HLA,HLA,Hailun,2019,Leave_One_experiments\wth_generated_qc\HLA\HLA2019.WTH,wet_year;nitrogen_stress_year;low_response_year,wet,HLA2019_normal_grid_S0028,pareto_balanced,2019-05-30,150,31,26,"{""sim_day"": 31.0, ""doy"": 150.0, ""topwt"": 27.38556861877441, ""grnwt"": 0.0, ""xlai"": 0.0533202067017555, ""totir"": 0.0, ""tofer"": NaN, ""swfac"": 0.0, ""nstres"": 0.0}",0.0,0.0,27.38556861877441,0.0,0.0533202067017555,0.0,,0.0,0.0,0.0,180.0,8.607165527343753,8.607165527343753,Leave_One_experiments/all_year_offline_schedule_search/daily_outputs/HLA/HLA_2019_HLA2019_normal_grid_S0028_daily.csv
HLA,HLA,Hailun,2019,Leave_One_experiments\wth_generated_qc\HLA\HLA2019.WTH,wet_year;nitrogen_stress_year;low_response_year,wet,HLA2019_normal_grid_S0028,pareto_balanced,2019-05-31,151,32,27,"{""sim_day"": 32.0, ""doy"": 151.0, ""topwt"": 31.5531063079834, ""grnwt"": 0.0, ""xlai"": 0.0632720217108726, ""totir"": 0.0, ""tofer"": NaN, ""swfac"": 0.0, ""nstres"": 0.0}",0.0,0.0,31.5531063079834,0.0,0.0632720217108726,0.0,,0.0,0.0,0.0,180.0,8.607165527343753,8.607165527343753,Leave_One_experiments/all_year_offline_schedule_search/daily_outputs/HLA/HLA_2019_HLA2019_normal_grid_S0028_daily.csv
HLA,HLA,Hailun,2019,Leave_One_experiments\wth_generated_qc\HLA\HLA2019.WTH,wet_year;nitrogen_stress_year;low_response_year,wet,HLA2019_normal_grid_S0028,pareto_balanced,2019-06-01,152,33,28,"{""sim_day"": 33.0, ""doy"": 152.0, ""topwt"": 35.72779655456543, ""grnwt"": 0.0, ""xlai"": 0.0728486403822898, ""totir"": 0.0, ""tofer"": NaN, ""swfac"": 0.0, ""nstres"": 0.0}",0.0,0.0,35.72779655456543,0.0,0.0728486403822898,0.0,,0.0,0.0,0.0,180.0,8.607165527343753,8.607165527343753,Leave_One_experiments/all_year_offline_schedule_search/daily_outputs/HLA/HLA_2019_HLA2019_normal_grid_S0028_daily.csv
HLA,HLA,Hailun,2019,Leave_One_experiments\wth_generated_qc\HLA\HLA2019.WTH,wet_year;nitrogen_stress_year;low_response_year,wet,HLA2019_normal_grid_S0028,pareto_balanced,2019-06-02,153,34,29,"{""sim_day"": 34.0, ""doy"": 153.0, ""topwt"": 41.56585216522217, ""grnwt"": 0.0, ""xlai"": 0.0857225656509399, ""totir"": 0.0, ""tofer"": NaN, ""swfac"": 0.0, ""nstres"": 0.0}",0.0,0.0,41.56585216522217,0.0,0.0857225656509399,0.0,,0.0,0.0,0.0,180.0,8.607165527343753,8.607165527343753,Leave_One_experiments/all_year_offline_schedule_search/daily_outputs/HLA/HLA_2019_HLA2019_normal_grid_S0028_daily.csv
HLA,HLA,Hailun,2019,Leave_One_experiments\wth_generated_qc\HLA\HLA2019.WTH,wet_year;nitrogen_stress_year;low_response_year,wet,HLA2019_normal_grid_S0028,pareto_balanced,2019-06-03,154,35,30,"{""sim_day"": 35.0, ""doy"": 154.0, ""topwt"": 51.10053062438965, ""grnwt"": 0.0, ""xlai"": 0.1057507768273353, ""totir"": 0.0, ""tofer"": NaN, ""swfac"": 0.0, ""nstres"": 0.0}",0.0,0.0,51.10053062438965,0.0,0.1057507768273353,0.0,,0.0,50.0,0.0,180.0,8.607165527343753,8.607165527343753,Leave_One_experiments/all_year_offline_schedule_search/daily_outputs/HLA/HLA_2019_HLA2019_normal_grid_S0028_daily.csv
HLA,HLA,Hailun,2019,Leave_One_experiments\wth_generated_qc\HLA\HLA2019.WTH,wet_year;nitrogen_stress_year;low_response_year,wet,HLA2019_normal_grid_S0028,pareto_balanced,2019-06-04,155,36,31,"{""sim_day"": 36.0, ""doy"": 155.0, ""topwt"": 61.847524642944336, ""grnwt"": 0.0, ""xlai"": 0.127199038863182, ""totir"": 0.0, ""tofer"": NaN, ""swfac"": 0.0, ""nstres"": 0.0}",0.0,0.0,61.847524642944336,0.0,0.127199038863182,0.0,,0.0,0.0,0.0,180.0,8.607165527343753,8.607165527343753,Leave_One_experiments/all_year_offline_schedule_search/daily_outputs/HLA/HLA_2019_HLA2019_normal_grid_S0028_daily.csv
HLA,HLA,Hailun,2019,Leave_One_experiments\wth_generated_qc\HLA\HLA2019.WTH,wet_year;nitrogen_stress_year;low_response_year,wet,HLA2019_normal_grid_S0028,pareto_balanced,2019-06-05,156,37,32,"{""sim_day"": 37.0, ""doy"": 156.0, ""topwt"": 71.4362382888794, ""grnwt"": 0.0, ""xlai"": 0.1455589830875396, ""totir"": 0.0, ""tofer"": NaN, ""swfac"": 0.0, ""nstres"": 0.0}",0.0,0.0,71.4362382888794,0.0,0.1455589830875396,0.0,,0.0,0.0,0.0,180.0,8.607165527343753,8.607165527343753,Leave_One_experiments/all_year_offline_schedule_search/daily_outputs/HLA/HLA_2019_HLA2019_normal_grid_S0028_daily.csv
HLA,HLA,Hailun,2019,Leave_One_experiments\wth_generated_qc\HLA\HLA2019.WTH,wet_year;nitrogen_stress_year;low_response_year,wet,HLA2019_normal_grid_S0028,pareto_balanced,2019-06-06,157,38,33,"{""sim_day"": 38.0, ""doy"": 157.0, ""topwt"": 82.31825828552246, ""grnwt"": 0.0, ""xlai"": 0.1656860262155532, ""totir"": 0.0, ""tofer"": NaN, ""swfac"": 0.0, ""nstres"": 0.0}",0.0,0.0,82.31825828552246,0.0,0.1656860262155532,0.0,,0.0,0.0,0.0,180.0,8.607165527343753,8.607165527343753,Leave_One_experiments/all_year_offline_schedule_search/daily_outputs/HLA/HLA_2019_HLA2019_normal_grid_S0028_daily.csv
HLA,HLA,Hailun,2019,Leave_One_experiments\wth_generated_qc\HLA\HLA2019.WTH,wet_year;nitrogen_stress_year;low_response_year,wet,HLA2019_normal_grid_S0028,pareto_balanced,2019-06-07,158,39,34,"{""sim_day"": 39.0, ""doy"": 158.0, ""topwt"": 96.18338584899902, ""grnwt"": 0.0, ""xlai"": 0.1904390156269073, ""totir"": 0.0, ""tofer"": NaN, ""swfac"": 0.0, ""nstres"": 0.0}",0.0,0.0,96.18338584899902,0.0,0.1904390156269073,0.0,,0.0,0.0,0.0,180.0,8.607165527343753,8.607165527343753,Leave_One_experiments/all_year_offline_schedule_search/daily_outputs/HLA/HLA_2019_HLA2019_normal_grid_S0028_daily.csv
HLA,HLA,Hailun,2019,Leave_One_experiments\wth_generated_qc\HLA\HLA2019.WTH,wet_year;nitrogen_stress_year;low_response_year,wet,HLA2019_normal_grid_S0028,pareto_balanced,2019-06-08,159,40,35,"{""sim_day"": 40.0, ""doy"": 159.0, ""topwt"": 114.3647003173828, ""grnwt"": 0.0, ""xlai"": 0.2216730713844299, ""totir"": 0.0, ""tofer"": NaN, ""swfac"": 0.0, ""nstres"": 0.0}",0.0,0.0,114.3647003173828,0.0,0.2216730713844299,0.0,,0.0,0.0,0.0,180.0,8.607165527343753,8.607165527343753,Leave_One_experiments/all_year_offline_schedule_search/daily_outputs/HLA/HLA_2019_HLA2019_normal_grid_S0028_daily.csv
HLA,HLA,Hailun,2019,Leave_One_experiments\wth_generated_qc\HLA\HLA2019.WTH,wet_year;nitrogen_stress_year;low_response_year,wet,HLA2019_normal_grid_S0028,pareto_balanced,2019-06-09,160,41,36,"{""sim_day"": 41.0, ""doy"": 160.0, ""topwt"": 135.37925720214844, ""grnwt"": 0.0, ""xlai"": 0.2563830018043518, ""totir"": 0.0, ""tofer"": NaN, ""swfac"": 0.0, ""nstres"": 0.0}",0.0,0.0,135.37925720214844,0.0,0.2563830018043518,0.0,,0.0,0.0,0.0,180.0,8.607165527343753,8.607165527343753,Leave_One_experiments/all_year_offline_schedule_search/daily_outputs/HLA/HLA_2019_HLA2019_normal_grid_S0028_daily.csv
HLA,HLA,Hailun,2019,Leave_One_experiments\wth_generated_qc\HLA\HLA2019.WTH,wet_year;nitrogen_stress_year;low_response_year,wet,HLA2019_normal_grid_S0028,pareto_balanced,2019-06-10,161,42,37,"{""sim_day"": 42.0, ""doy"": 161.0, ""topwt"": 146.02544784545898, ""grnwt"": 0.0, ""xlai"": 0.2921093106269836, ""totir"": 0.0, ""tofer"": NaN, ""swfac"": 0.0, ""nstres"": 0.0}",0.0,0.0,146.02544784545898,0.0,0.2921093106269836,0.0,,0.0,0.0,0.0,180.0,8.607165527343753,8.607165527343753,Leave_One_experiments/all_year_offline_schedule_search/daily_outputs/HLA/HLA_2019_HLA2019_normal_grid_S0028_daily.csv
HLA,HLA,Hailun,2019,Leave_One_experiments\wth_generated_qc\HLA\HLA2019.WTH,wet_year;nitrogen_stress_year;low_response_year,wet,HLA2019_normal_grid_S0028,pareto_balanced,2019-06-11,162,43,38,"{""sim_day"": 43.0, ""doy"": 162.0, ""topwt"": 169.8003387451172, ""grnwt"": 0.0, ""xlai"": 0.3319057524204254, ""totir"": 0.0, ""tofer"": NaN, ""swfac"": 0.0, ""nstres"": 0.0040380954742431}",0.0,0.0040380954742431,169.8003387451172,0.0,0.3319057524204254,0.0,,0.0,0.0,0.0,180.0,8.607165527343753,8.607165527343753,Leave_One_experiments/all_year_offline_schedule_search/daily_outputs/HLA/HLA_2019_HLA2019_normal_grid_S0028_daily.csv
HLA,HLA,Hailun,2019,Leave_One_experiments\wth_generated_qc\HLA\HLA2019.WTH,wet_year;nitrogen_stress_year;low_response_year,wet,HLA2019_normal_grid_S0028,pareto_balanced,2019-06-12,163,44,39,"{""sim_day"": 44.0, ""doy"": 163.0, ""topwt"": 187.3150634765625, ""grnwt"": 0.0, ""xlai"": 0.3602865040302276, ""totir"": 0.0, ""tofer"": NaN, ""swfac"": 0.0, ""nstres"": 0.0}",0.0,0.0,187.3150634765625,0.0,0.3602865040302276,0.0,,0.0,0.0,0.0,180.0,8.607165527343753,8.607165527343753,Leave_One_experiments/all_year_offline_schedule_search/daily_outputs/HLA/HLA_2019_HLA2019_normal_grid_S0028_daily.csv
HLA,HLA,Hailun,2019,Leave_One_experiments\wth_generated_qc\HLA\HLA2019.WTH,wet_year;nitrogen_stress_year;low_response_year,wet,HLA2019_normal_grid_S0028,pareto_balanced,2019-06-13,164,45,40,"{""sim_day"": 45.0, ""doy"": 164.0, ""topwt"": 202.66353607177732, ""grnwt"": 0.0, ""xlai"": 0.3847012519836426, ""totir"": 0.0, ""tofer"": NaN, ""swfac"": 0.0, ""nstres"": 0.0}",0.0,0.0,202.66353607177732,0.0,0.3847012519836426,0.0,,0.0,0.0,0.0,180.0,8.607165527343753,8.607165527343753,Leave_One_experiments/all_year_offline_schedule_search/daily_outputs/HLA/HLA_2019_HLA2019_normal_grid_S0028_daily.csv
HLA,HLA,Hailun,2019,Leave_One_experiments\wth_generated_qc\HLA\HLA2019.WTH,wet_year;nitrogen_stress_year;low_response_year,wet,HLA2019_normal_grid_S0028,pareto_balanced,2019-06-14,165,46,41,"{""sim_day"": 46.0, ""doy"": 165.0, ""topwt"": 225.4662322998047, ""grnwt"": 0.0, ""xlai"": 0.4203345477581024, ""totir"": 0.0, ""tofer"": NaN, ""swfac"": 0.0, ""nstres"": 0.0}",0.0,0.0,225.4662322998047,0.0,0.4203345477581024,0.0,,0.0,0.0,0.0,180.0,8.607165527343753,8.607165527343753,Leave_One_experiments/all_year_offline_schedule_search/daily_outputs/HLA/HLA_2019_HLA2019_normal_grid_S0028_daily.csv
HLA,HLA,Hailun,2019,Leave_One_experiments\wth_generated_qc\HLA\HLA2019.WTH,wet_year;nitrogen_stress_year;low_response_year,wet,HLA2019_normal_grid_S0028,pareto_balanced,2019-06-15,166,47,42,"{""sim_day"": 47.0, ""doy"": 166.0, ""topwt"": 249.1292762756348, ""grnwt"": 0.0, ""xlai"": 0.4564892053604126, ""totir"": 0.0, ""tofer"": NaN, ""swfac"": 0.0, ""nstres"": 0.0}",0.0,0.0,249.1292762756348,0.0,0.4564892053604126,0.0,,0.0,0.0,0.0,180.0,8.607165527343753,8.607165527343753,Leave_One_experiments/all_year_offline_schedule_search/daily_outputs/HLA/HLA_2019_HLA2019_normal_grid_S0028_daily.csv
HLA,HLA,Hailun,2019,Leave_One_experiments\wth_generated_qc\HLA\HLA2019.WTH,wet_year;nitrogen_stress_year;low_response_year,wet,HLA2019_normal_grid_S0028,pareto_balanced,2019-06-16,167,48,43,"{""sim_day"": 48.0, ""doy"": 167.0, ""topwt"": 286.3368797302246, ""grnwt"": 0.0, ""xlai"": 0.5118529200553894, ""totir"": 0.0, ""tofer"": NaN, ""swfac"": 0.0, ""nstres"": 0.0}",0.0,0.0,286.3368797302246,0.0,0.5118529200553894,0.0,,0.0,0.0,0.0,180.0,8.607165527343753,8.607165527343753,Leave_One_experiments/all_year_offline_schedule_search/daily_outputs/HLA/HLA_2019_HLA2019_normal_grid_S0028_daily.csv
HLA,HLA,Hailun,2019,Leave_One_experiments\wth_generated_qc\HLA\HLA2019.WTH,wet_year;nitrogen_stress_year;low_response_year,wet,HLA2019_normal_grid_S0028,pareto_balanced,2019-06-17,168,49,44,"{""sim_day"": 49.0, ""doy"": 168.0, ""topwt"": 322.1417999267578, ""grnwt"": 0.0, ""xlai"": 0.5614209771156311, ""totir"": 0.0, ""tofer"": NaN, ""swfac"": 0.0, ""nstres"": 0.0}",0.0,0.0,322.1417999267578,0.0,0.5614209771156311,0.0,,0.0,0.0,0.0,180.0,8.607165527343753,8.607165527343753,Leave_One_experiments/all_year_offline_schedule_search/daily_outputs/HLA/HLA_2019_HLA2019_normal_grid_S0028_daily.csv
HLA,HLA,Hailun,2019,Leave_One_experiments\wth_generated_qc\HLA\HLA2019.WTH,wet_year;nitrogen_stress_year;low_response_year,wet,HLA2019_normal_grid_S0028,pareto_balanced,2019-06-18,169,50,45,"{""sim_day"": 50.0, ""doy"": 169.0, ""topwt"": 369.5872116088867, ""grnwt"": 0.0, ""xlai"": 0.6301999688148499, ""totir"": 0.0, ""tofer"": NaN, ""swfac"": 0.0, ""nstres"": 0.0}",0.0,0.0,369.5872116088867,0.0,0.6301999688148499,0.0,,0.0,0.0,0.0,180.0,8.607165527343753,8.607165527343753,Leave_One_experiments/all_year_offline_schedule_search/daily_outputs/HLA/HLA_2019_HLA2019_normal_grid_S0028_daily.csv
HLA,HLA,Hailun,2019,Leave_One_experiments\wth_generated_qc\HLA\HLA2019.WTH,wet_year;nitrogen_stress_year;low_response_year,wet,HLA2019_normal_grid_S0028,pareto_balanced,2019-06-19,170,51,46,"{""sim_day"": 51.0, ""doy"": 170.0, ""topwt"": 402.4690246582031, ""grnwt"": 0.0, ""xlai"": 0.6765294671058655, ""totir"": 0.0, ""tofer"": NaN, ""swfac"": 0.0, ""nstres"": 0.0}",0.0,0.0,402.4690246582031,0.0,0.6765294671058655,0.0,,0.0,0.0,0.0,180.0,8.607165527343753,8.607165527343753,Leave_One_experiments/all_year_offline_schedule_search/daily_outputs/HLA/HLA_2019_HLA2019_normal_grid_S0028_daily.csv
HLA,HLA,Hailun,2019,Leave_One_experiments\wth_generated_qc\HLA\HLA2019.WTH,wet_year;nitrogen_stress_year;low_response_year,wet,HLA2019_normal_grid_S0028,pareto_balanced,2019-06-20,171,52,47,"{""sim_day"": 52.0, ""doy"": 171.0, ""topwt"": 454.9591064453125, ""grnwt"": 0.0, ""xlai"": 0.7481017708778381, ""totir"": 0.0, ""tofer"": NaN, ""swfac"": 0.0, ""nstres"": 0.0}",0.0,0.0,454.9591064453125,0.0,0.7481017708778381,0.0,,0.0,0.0,0.0,180.0,8.607165527343753,8.607165527343753,Leave_One_experiments/all_year_offline_schedule_search/daily_outputs/HLA/HLA_2019_HLA2019_normal_grid_S0028_daily.csv
HLA,HLA,Hailun,2019,Leave_One_experiments\wth_generated_qc\HLA\HLA2019.WTH,wet_year;nitrogen_stress_year;low_response_year,wet,HLA2019_normal_grid_S0028,pareto_balanced,2019-06-21,172,53,48,"{""sim_day"": 53.0, ""doy"": 172.0, ""topwt"": 517.8209686279297, ""grnwt"": 0.0, ""xlai"": 0.8303125500679016, ""totir"": 0.0, ""tofer"": NaN, ""swfac"": 0.0, ""nstres"": 0.0}",0.0,0.0,517.8209686279297,0.0,0.8303125500679016,0.0,,0.0,0.0,0.0,180.0,8.607165527343753,8.607165527343753,Leave_One_experiments/all_year_offline_schedule_search/daily_outputs/HLA/HLA_2019_HLA2019_normal_grid_S0028_daily.csv
HLA,HLA,Hailun,2019,Leave_One_experiments\wth_generated_qc\HLA\HLA2019.WTH,wet_year;nitrogen_stress_year;low_response_year,wet,HLA2019_normal_grid_S0028,pareto_balanced,2019-06-22,173,54,49,"{""sim_day"": 54.0, ""doy"": 173.0, ""topwt"": 603.7155151367188, ""grnwt"": 0.0, ""xlai"": 0.9372445940971376, ""totir"": 0.0, ""tofer"": NaN, ""swfac"": 0.0, ""nstres"": 0.0}",0.0,0.0,603.7155151367188,0.0,0.9372445940971376,0.0,,0.0,0.0,0.0,180.0,8.607165527343753,8.607165527343753,Leave_One_experiments/all_year_offline_schedule_search/daily_outputs/HLA/HLA_2019_HLA2019_normal_grid_S0028_daily.csv
HLA,HLA,Hailun,2019,Leave_One_experiments\wth_generated_qc\HLA\HLA2019.WTH,wet_year;nitrogen_stress_year;low_response_year,wet,HLA2019_normal_grid_S0028,pareto_balanced,2019-06-23,174,55,50,"{""sim_day"": 55.0, ""doy"": 174.0, ""topwt"": 708.2959747314453, ""grnwt"": 0.0, ""xlai"": 1.059900403022766, ""totir"": 0.0, ""tofer"": NaN, ""swfac"": 0.0, ""nstres"": 0.0}",0.0,0.0,708.2959747314453,0.0,1.059900403022766,0.0,,0.0,0.0,0.0,180.0,8.607165527343753,8.607165527343753,Leave_One_experiments/all_year_offline_schedule_search/daily_outputs/HLA/HLA_2019_HLA2019_normal_grid_S0028_daily.csv
HLA,HLA,Hailun,2019,Leave_One_experiments\wth_generated_qc\HLA\HLA2019.WTH,wet_year;nitrogen_stress_year;low_response_year,wet,HLA2019_normal_grid_S0028,pareto_balanced,2019-06-24,175,56,51,"{""sim_day"": 56.0, ""doy"": 175.0, ""topwt"": 830.2578735351562, ""grnwt"": 0.0, ""xlai"": 1.1936074495315552, ""totir"": 0.0, ""tofer"": NaN, ""swfac"": 0.0, ""nstres"": 0.0}",0.0,0.0,830.2578735351562,0.0,1.1936074495315552,0.0,,0.0,0.0,0.0,180.0,8.607165527343753,8.607165527343753,Leave_One_experiments/all_year_offline_schedule_search/daily_outputs/HLA/HLA_2019_HLA2019_normal_grid_S0028_daily.csv
HLA,HLA,Hailun,2019,Leave_One_experiments\wth_generated_qc\HLA\HLA2019.WTH,wet_year;nitrogen_stress_year;low_response_year,wet,HLA2019_normal_grid_S0028,pareto_balanced,2019-06-25,176,57,52,"{""sim_day"": 57.0, ""doy"": 176.0, ""topwt"": 909.8941040039062, ""grnwt"": 0.0, ""xlai"": 1.276119351387024, ""totir"": 0.0, ""tofer"": NaN, ""swfac"": 0.0, ""nstres"": 0.0}",0.0,0.0,909.8941040039062,0.0,1.276119351387024,0.0,,0.0,0.0,0.0,180.0,8.607165527343753,8.607165527343753,Leave_One_experiments/all_year_offline_schedule_search/daily_outputs/HLA/HLA_2019_HLA2019_normal_grid_S0028_daily.csv
HLA,HLA,Hailun,2019,Leave_One_experiments\wth_generated_qc\HLA\HLA2019.WTH,wet_year;nitrogen_stress_year;low_response_year,wet,HLA2019_normal_grid_S0028,pareto_balanced,2019-06-26,177,58,53,"{""sim_day"": 58.0, ""doy"": 177.0, ""topwt"": 966.3233947753906, ""grnwt"": 0.0, ""xlai"": 1.3322681188583374, ""totir"": 0.0, ""tofer"": NaN, ""swfac"": 0.0, ""nstres"": 0.0}",0.0,0.0,966.3233947753906,0.0,1.3322681188583374,0.0,,0.0,0.0,0.0,180.0,8.607165527343753,8.607165527343753,Leave_One_experiments/all_year_offline_schedule_search/daily_outputs/HLA/HLA_2019_HLA2019_normal_grid_S0028_daily.csv
HLA,HLA,Hailun,2019,Leave_One_experiments\wth_generated_qc\HLA\HLA2019.WTH,wet_year;nitrogen_stress_year;low_response_year,wet,HLA2019_normal_grid_S0028,pareto_balanced,2019-06-27,178,59,54,"{""sim_day"": 59.0, ""doy"": 178.0, ""topwt"": 1005.4075622558594, ""grnwt"": 0.0, ""xlai"": 1.3702099323272705, ""totir"": 0.0, ""tofer"": NaN, ""swfac"": 0.0, ""nstres"": 0.0}",0.0,0.0,1005.4075622558594,0.0,1.3702099323272705,0.0,,0.0,0.0,0.0,180.0,8.607165527343753,8.607165527343753,Leave_One_experiments/all_year_offline_schedule_search/daily_outputs/HLA/HLA_2019_HLA2019_normal_grid_S0028_daily.csv
HLA,HLA,Hailun,2019,Leave_One_experiments\wth_generated_qc\HLA\HLA2019.WTH,wet_year;nitrogen_stress_year;low_response_year,wet,HLA2019_normal_grid_S0028,pareto_balanced,2019-06-28,179,60,55,"{""sim_day"": 60.0, ""doy"": 179.0, ""topwt"": 1037.2622680664062, ""grnwt"": 0.0, ""xlai"": 1.4003647565841677, ""totir"": 0.0, ""tofer"": NaN, ""swfac"": 0.0, ""nstres"": 0.0}",0.0,0.0,1037.2622680664062,0.0,1.4003647565841677,0.0,,0.0,0.0,0.0,180.0,8.607165527343753,8.607165527343753,Leave_One_experiments/all_year_offline_schedule_search/daily_outputs/HLA/HLA_2019_HLA2019_normal_grid_S0028_daily.csv
HLA,HLA,Hailun,2019,Leave_One_experiments\wth_generated_qc\HLA\HLA2019.WTH,wet_year;nitrogen_stress_year;low_response_year,wet,HLA2019_normal_grid_S0028,pareto_balanced,2019-06-29,180,61,56,"{""sim_day"": 61.0, ""doy"": 180.0, ""topwt"": 1081.7535400390625, ""grnwt"": 0.0, ""xlai"": 1.441197395324707, ""totir"": 0.0, ""tofer"": NaN, ""swfac"": 0.0, ""nstres"": 0.0}",0.0,0.0,1081.7535400390625,0.0,1.441197395324707,0.0,,0.0,0.0,0.0,180.0,8.607165527343753,8.607165527343753,Leave_One_experiments/all_year_offline_schedule_search/daily_outputs/HLA/HLA_2019_HLA2019_normal_grid_S0028_daily.csv
HLA,HLA,Hailun,2019,Leave_One_experiments\wth_generated_qc\HLA\HLA2019.WTH,wet_year;nitrogen_stress_year;low_response_year,wet,HLA2019_normal_grid_S0028,pareto_balanced,2019-06-30,181,62,57,"{""sim_day"": 62.0, ""doy"": 181.0, ""topwt"": 1153.2919311523438, ""grnwt"": 0.0, ""xlai"": 1.5042080879211426, ""totir"": 0.0, ""tofer"": NaN, ""swfac"": 0.0, ""nstres"": 0.0}",0.0,0.0,1153.2919311523438,0.0,1.5042080879211426,0.0,,0.0,0.0,0.0,180.0,8.607165527343753,8.607165527343753,Leave_One_experiments/all_year_offline_schedule_search/daily_outputs/HLA/HLA_2019_HLA2019_normal_grid_S0028_daily.csv
HLA,HLA,Hailun,2019,Leave_One_experiments\wth_generated_qc\HLA\HLA2019.WTH,wet_year;nitrogen_stress_year;low_response_year,wet,HLA2019_normal_grid_S0028,pareto_balanced,2019-07-01,182,63,58,"{""sim_day"": 63.0, ""doy"": 182.0, ""topwt"": 1201.5492248535156, ""grnwt"": 0.0, ""xlai"": 1.544994831085205, ""totir"": 0.0, ""tofer"": NaN, ""swfac"": 0.0, ""nstres"": 0.0}",0.0,0.0,1201.5492248535156,0.0,1.544994831085205,0.0,,0.0,0.0,0.0,180.0,8.607165527343753,8.607165527343753,Leave_One_experiments/all_year_offline_schedule_search/daily_outputs/HLA/HLA_2019_HLA2019_normal_grid_S0028_daily.csv
HLA,HLA,Hailun,2019,Leave_One_experiments\wth_generated_qc\HLA\HLA2019.WTH,wet_year;nitrogen_stress_year;low_response_year,wet,HLA2019_normal_grid_S0028,pareto_balanced,2019-07-02,183,64,59,"{""sim_day"": 64.0, ""doy"": 183.0, ""topwt"": 1241.527099609375, ""grnwt"": 0.0, ""xlai"": 1.577493667602539, ""totir"": 0.0, ""tofer"": NaN, ""swfac"": 0.0, ""nstres"": 0.0}",0.0,0.0,1241.527099609375,0.0,1.577493667602539,0.0,,0.0,0.0,0.0,180.0,8.607165527343753,8.607165527343753,Leave_One_experiments/all_year_offline_schedule_search/daily_outputs/HLA/HLA_2019_HLA2019_normal_grid_S0028_daily.csv
HLA,HLA,Hailun,2019,Leave_One_experiments\wth_generated_qc\HLA\HLA2019.WTH,wet_year;nitrogen_stress_year;low_response_year,wet,HLA2019_normal_grid_S0028,pareto_balanced,2019-07-03,184,65,60,"{""sim_day"": 65.0, ""doy"": 184.0, ""topwt"": 1306.0641479492188, ""grnwt"": 0.0, ""xlai"": 1.627861261367798, ""totir"": 0.0, ""tofer"": NaN, ""swfac"": 0.0, ""nstres"": 0.0}",0.0,0.0,1306.0641479492188,0.0,1.627861261367798,0.0,,0.0,50.0,0.0,180.0,8.607165527343753,8.607165527343753,Leave_One_experiments/all_year_offline_schedule_search/daily_outputs/HLA/HLA_2019_HLA2019_normal_grid_S0028_daily.csv
HLA,HLA,Hailun,2019,Leave_One_experiments\wth_generated_qc\HLA\HLA2019.WTH,wet_year;nitrogen_stress_year;low_response_year,wet,HLA2019_normal_grid_S0028,pareto_balanced,2019-07-04,185,66,61,"{""sim_day"": 66.0, ""doy"": 185.0, ""topwt"": 1352.9507446289062, ""grnwt"": 0.0, ""xlai"": 1.6628186702728271, ""totir"": 0.0, ""tofer"": NaN, ""swfac"": 0.0, ""nstres"": 0.0}",0.0,0.0,1352.9507446289062,0.0,1.6628186702728271,0.0,,0.0,0.0,0.0,180.0,8.607165527343753,8.607165527343753,Leave_One_experiments/all_year_offline_schedule_search/daily_outputs/HLA/HLA_2019_HLA2019_normal_grid_S0028_daily.csv
HLA,HLA,Hailun,2019,Leave_One_experiments\wth_generated_qc\HLA\HLA2019.WTH,wet_year;nitrogen_stress_year;low_response_year,wet,HLA2019_normal_grid_S0028,pareto_balanced,2019-07-05,186,67,62,"{""sim_day"": 67.0, ""doy"": 186.0, ""topwt"": 1405.3895568847656, ""grnwt"": 0.0, ""xlai"": 1.700019121170044, ""totir"": 0.0, ""tofer"": NaN, ""swfac"": 0.0, ""nstres"": 0.0}",0.0,0.0,1405.3895568847656,0.0,1.700019121170044,0.0,,0.0,0.0,0.0,180.0,8.607165527343753,8.607165527343753,Leave_One_experiments/all_year_offline_schedule_search/daily_outputs/HLA/HLA_2019_HLA2019_normal_grid_S0028_daily.csv
HLA,HLA,Hailun,2019,Leave_One_experiments\wth_generated_qc\HLA\HLA2019.WTH,wet_year;nitrogen_stress_year;low_response_year,wet,HLA2019_normal_grid_S0028,pareto_balanced,2019-07-06,187,68,63,"{""sim_day"": 68.0, ""doy"": 187.0, ""topwt"": 1498.4017944335938, ""grnwt"": 0.0, ""xlai"": 1.761962652206421, ""totir"": 0.0, ""tofer"": NaN, ""swfac"": 0.0, ""nstres"": 0.0}",0.0,0.0,1498.4017944335938,0.0,1.761962652206421,0.0,,0.0,0.0,0.0,180.0,8.607165527343753,8.607165527343753,Leave_One_experiments/all_year_offline_schedule_search/daily_outputs/HLA/HLA_2019_HLA2019_normal_grid_S0028_daily.csv
HLA,HLA,Hailun,2019,Leave_One_experiments\wth_generated_qc\HLA\HLA2019.WTH,wet_year;nitrogen_stress_year;low_response_year,wet,HLA2019_normal_grid_S0028,pareto_balanced,2019-07-07,188,69,64,"{""sim_day"": 69.0, ""doy"": 188.0, ""topwt"": 1638.729248046875, ""grnwt"": 0.0, ""xlai"": 1.849494457244873, ""totir"": 0.0, ""tofer"": NaN, ""swfac"": 0.0, ""nstres"": 0.0}",0.0,0.0,1638.729248046875,0.0,1.849494457244873,0.0,,0.0,0.0,0.0,180.0,8.607165527343753,8.607165527343753,Leave_One_experiments/all_year_offline_schedule_search/daily_outputs/HLA/HLA_2019_HLA2019_normal_grid_S0028_daily.csv
HLA,HLA,Hailun,2019,Leave_One_experiments\wth_generated_qc\HLA\HLA2019.WTH,wet_year;nitrogen_stress_year;low_response_year,wet,HLA2019_normal_grid_S0028,pareto_balanced,2019-07-08,189,70,65,"{""sim_day"": 70.0, ""doy"": 189.0, ""topwt"": 1862.8868103027344, ""grnwt"": 0.0, ""xlai"": 1.9791043996810915, ""totir"": 0.0, ""tofer"": NaN, ""swfac"": 0.0, ""nstres"": 0.0}",0.0,0.0,1862.8868103027344,0.0,1.9791043996810915,0.0,,0.0,0.0,0.0,180.0,8.607165527343753,8.607165527343753,Leave_One_experiments/all_year_offline_schedule_search/daily_outputs/HLA/HLA_2019_HLA2019_normal_grid_S0028_daily.csv
HLA,HLA,Hailun,2019,Leave_One_experiments\wth_generated_qc\HLA\HLA2019.WTH,wet_year;nitrogen_stress_year;low_response_year,wet,HLA2019_normal_grid_S0028,pareto_balanced,2019-07-09,190,71,66,"{""sim_day"": 71.0, ""doy"": 190.0, ""topwt"": 2109.976043701172, ""grnwt"": 0.0, ""xlai"": 2.111379146575928, ""totir"": 0.0, ""tofer"": NaN, ""swfac"": 0.0, ""nstres"": 0.0}",0.0,0.0,2109.976043701172,0.0,2.111379146575928,0.0,,0.0,0.0,0.0,180.0,8.607165527343753,8.607165527343753,Leave_One_experiments/all_year_offline_schedule_search/daily_outputs/HLA/HLA_2019_HLA2019_normal_grid_S0028_daily.csv
HLA,HLA,Hailun,2019,Leave_One_experiments\wth_generated_qc\HLA\HLA2019.WTH,wet_year;nitrogen_stress_year;low_response_year,wet,HLA2019_normal_grid_S0028,pareto_balanced,2019-07-10,191,72,67,"{""sim_day"": 72.0, ""doy"": 191.0, ""topwt"": 2344.5936584472656, ""grnwt"": 0.0, ""xlai"": 2.2286465167999268, ""totir"": 0.0, ""tofer"": NaN, ""swfac"": 0.0, ""nstres"": 0.0}",0.0,0.0,2344.5936584472656,0.0,2.2286465167999268,0.0,,0.0,0.0,0.0,180.0,8.607165527343753,8.607165527343753,Leave_One_experiments/all_year_offline_schedule_search/daily_outputs/HLA/HLA_2019_HLA2019_normal_grid_S0028_daily.csv
HLA,HLA,Hailun,2019,Leave_One_experiments\wth_generated_qc\HLA\HLA2019.WTH,wet_year;nitrogen_stress_year;low_response_year,wet,HLA2019_normal_grid_S0028,pareto_balanced,2019-07-11,192,73,68,"{""sim_day"": 73.0, ""doy"": 192.0, ""topwt"": 2607.4539184570312, ""grnwt"": 0.0, ""xlai"": 2.381556272506714, ""totir"": 0.0, ""tofer"": NaN, ""swfac"": 0.0, ""nstres"": 0.0}",0.0,0.0,2607.4539184570312,0.0,2.381556272506714,0.0,,0.0,0.0,0.0,180.0,8.607165527343753,8.607165527343753,Leave_One_experiments/all_year_offline_schedule_search/daily_outputs/HLA/HLA_2019_HLA2019_normal_grid_S0028_daily.csv
HLA,HLA,Hailun,2019,Leave_One_experiments\wth_generated_qc\HLA\HLA2019.WTH,wet_year;nitrogen_stress_year;low_response_year,wet,HLA2019_normal_grid_S0028,pareto_balanced,2019-07-12,193,74,69,"{""sim_day"": 74.0, ""doy"": 193.0, ""topwt"": 2926.58447265625, ""grnwt"": 0.0, ""xlai"": 2.525877952575684, ""totir"": 0.0, ""tofer"": NaN, ""swfac"": 0.0, ""nstres"": 0.0}",0.0,0.0,2926.58447265625,0.0,2.525877952575684,0.0,,0.0,0.0,0.0,180.0,8.607165527343753,8.607165527343753,Leave_One_experiments/all_year_offline_schedule_search/daily_outputs/HLA/HLA_2019_HLA2019_normal_grid_S0028_daily.csv
HLA,HLA,Hailun,2019,Leave_One_experiments\wth_generated_qc\HLA\HLA2019.WTH,wet_year;nitrogen_stress_year;low_response_year,wet,HLA2019_normal_grid_S0028,pareto_balanced,2019-07-13,194,75,70,"{""sim_day"": 75.0, ""doy"": 194.0, ""topwt"": 3192.5048828125, ""grnwt"": 0.0, ""xlai"": 2.6308515071868896, ""totir"": 0.0, ""tofer"": NaN, ""swfac"": 0.0, ""nstres"": 0.0}",0.0,0.0,3192.5048828125,0.0,2.6308515071868896,0.0,,0.0,0.0,0.0,180.0,8.607165527343753,8.607165527343753,Leave_One_experiments/all_year_offline_schedule_search/daily_outputs/HLA/HLA_2019_HLA2019_normal_grid_S0028_daily.csv
HLA,HLA,Hailun,2019,Leave_One_experiments\wth_generated_qc\HLA\HLA2019.WTH,wet_year;nitrogen_stress_year;low_response_year,wet,HLA2019_normal_grid_S0028,pareto_balanced,2019-07-14,195,76,71,"{""sim_day"": 76.0, ""doy"": 195.0, ""topwt"": 3469.322509765625, ""grnwt"": 0.0, ""xlai"": 2.7288172245025635, ""totir"": 0.0, ""tofer"": NaN, ""swfac"": 0.0, ""nstres"": 0.0}",0.0,0.0,3469.322509765625,0.0,2.7288172245025635,0.0,,0.0,0.0,0.0,180.0,8.607165527343753,8.607165527343753,Leave_One_experiments/all_year_offline_schedule_search/daily_outputs/HLA/HLA_2019_HLA2019_normal_grid_S0028_daily.csv
HLA,HLA,Hailun,2019,Leave_One_experiments\wth_generated_qc\HLA\HLA2019.WTH,wet_year;nitrogen_stress_year;low_response_year,wet,HLA2019_normal_grid_S0028,pareto_balanced,2019-07-15,196,77,72,"{""sim_day"": 77.0, ""doy"": 196.0, ""topwt"": 3676.069641113281, ""grnwt"": 0.0, ""xlai"": 2.796017646789551, ""totir"": 0.0, ""tofer"": NaN, ""swfac"": 0.0, ""nstres"": 0.0}",0.0,0.0,3676.069641113281,0.0,2.796017646789551,0.0,,0.0,0.0,0.0,180.0,8.607165527343753,8.607165527343753,Leave_One_experiments/all_year_offline_schedule_search/daily_outputs/HLA/HLA_2019_HLA2019_normal_grid_S0028_daily.csv
HLA,HLA,Hailun,2019,Leave_One_experiments\wth_generated_qc\HLA\HLA2019.WTH,wet_year;nitrogen_stress_year;low_response_year,wet,HLA2019_normal_grid_S0028,pareto_balanced,2019-07-16,197,78,73,"{""sim_day"": 78.0, ""doy"": 197.0, ""topwt"": 3927.0904541015625, ""grnwt"": 0.0, ""xlai"": 2.872190475463867, ""totir"": 0.0, ""tofer"": NaN, ""swfac"": 0.0, ""nstres"": 0.0}",0.0,0.0,3927.0904541015625,0.0,2.872190475463867,0.0,,0.0,0.0,0.0,180.0,8.607165527343753,8.607165527343753,Leave_One_experiments/all_year_offline_schedule_search/daily_outputs/HLA/HLA_2019_HLA2019_normal_grid_S0028_daily.csv
HLA,HLA,Hailun,2019,Leave_One_experiments\wth_generated_qc\HLA\HLA2019.WTH,wet_year;nitrogen_stress_year;low_response_year,wet,HLA2019_normal_grid_S0028,pareto_balanced,2019-07-17,198,79,74,"{""sim_day"": 79.0, ""doy"": 198.0, ""topwt"": 4165.415954589844, ""grnwt"": 0.0, ""xlai"": 2.940425395965576, ""totir"": 0.0, ""tofer"": NaN, ""swfac"": 0.0, ""nstres"": 0.0}",0.0,0.0,4165.415954589844,0.0,2.940425395965576,0.0,,0.0,0.0,0.0,180.0,8.607165527343753,8.607165527343753,Leave_One_experiments/all_year_offline_schedule_search/daily_outputs/HLA/HLA_2019_HLA2019_normal_grid_S0028_daily.csv
HLA,HLA,Hailun,2019,Leave_One_experiments\wth_generated_qc\HLA\HLA2019.WTH,wet_year;nitrogen_stress_year;low_response_year,wet,HLA2019_normal_grid_S0028,pareto_balanced,2019-07-18,199,80,75,"{""sim_day"": 80.0, ""doy"": 199.0, ""topwt"": 4402.5390625, ""grnwt"": 0.0, ""xlai"": 3.0049045085906982, ""totir"": 0.0, ""tofer"": NaN, ""swfac"": 0.0, ""nstres"": 0.0}",0.0,0.0,4402.5390625,0.0,3.0049045085906982,0.0,,0.0,0.0,0.0,180.0,8.607165527343753,8.607165527343753,Leave_One_experiments/all_year_offline_schedule_search/daily_outputs/HLA/HLA_2019_HLA2019_normal_grid_S0028_daily.csv
HLA,HLA,Hailun,2019,Leave_One_experiments\wth_generated_qc\HLA\HLA2019.WTH,wet_year;nitrogen_stress_year;low_response_year,wet,HLA2019_normal_grid_S0028,pareto_balanced,2019-07-19,200,81,76,"{""sim_day"": 81.0, ""doy"": 200.0, ""topwt"": 4688.2513427734375, ""grnwt"": 0.0, ""xlai"": 3.0784366130828857, ""totir"": 0.0, ""tofer"": NaN, ""swfac"": 0.0, ""nstres"": 0.0}",0.0,0.0,4688.2513427734375,0.0,3.0784366130828857,0.0,,0.0,0.0,0.0,180.0,8.607165527343753,8.607165527343753,Leave_One_experiments/all_year_offline_schedule_search/daily_outputs/HLA/HLA_2019_HLA2019_normal_grid_S0028_daily.csv
HLA,HLA,Hailun,2019,Leave_One_experiments\wth_generated_qc\HLA\HLA2019.WTH,wet_year;nitrogen_stress_year;low_response_year,wet,HLA2019_normal_grid_S0028,pareto_balanced,2019-07-20,201,82,77,"{""sim_day"": 82.0, ""doy"": 201.0, ""topwt"": 4876.763610839844, ""grnwt"": 0.0, ""xlai"": 3.1247353553771973, ""totir"": 0.0, ""tofer"": NaN, ""swfac"": 0.0, ""nstres"": 0.0}",0.0,0.0,4876.763610839844,0.0,3.1247353553771973,0.0,,0.0,0.0,0.0,180.0,8.607165527343753,8.607165527343753,Leave_One_experiments/all_year_offline_schedule_search/daily_outputs/HLA/HLA_2019_HLA2019_normal_grid_S0028_daily.csv
HLA,HLA,Hailun,2019,Leave_One_experiments\wth_generated_qc\HLA\HLA2019.WTH,wet_year;nitrogen_stress_year;low_response_year,wet,HLA2019_normal_grid_S0028,pareto_balanced,2019-07-21,202,83,78,"{""sim_day"": 83.0, ""doy"": 202.0, ""topwt"": 5115.914916992188, ""grnwt"": 0.0, ""xlai"": 3.1834843158721924, ""totir"": 0.0, ""tofer"": NaN, ""swfac"": 0.0, ""nstres"": 0.0}",0.0,0.0,5115.914916992188,0.0,3.1834843158721924,0.0,,0.0,0.0,0.0,180.0,8.607165527343753,8.607165527343753,Leave_One_experiments/all_year_offline_schedule_search/daily_outputs/HLA/HLA_2019_HLA2019_normal_grid_S0028_daily.csv
HLA,HLA,Hailun,2019,Leave_One_experiments\wth_generated_qc\HLA\HLA2019.WTH,wet_year;nitrogen_stress_year;low_response_year,wet,HLA2019_normal_grid_S0028,pareto_balanced,2019-07-22,203,84,79,"{""sim_day"": 84.0, ""doy"": 203.0, ""topwt"": 5327.1142578125, ""grnwt"": 0.0, ""xlai"": 3.235272169113159, ""totir"": 0.0, ""tofer"": NaN, ""swfac"": 0.0, ""nstres"": 0.0}",0.0,0.0,5327.1142578125,0.0,3.235272169113159,0.0,,0.0,0.0,0.0,180.0,8.607165527343753,8.607165527343753,Leave_One_experiments/all_year_offline_schedule_search/daily_outputs/HLA/HLA_2019_HLA2019_normal_grid_S0028_daily.csv
HLA,HLA,Hailun,2019,Leave_One_experiments\wth_generated_qc\HLA\HLA2019.WTH,wet_year;nitrogen_stress_year;low_response_year,wet,HLA2019_normal_grid_S0028,pareto_balanced,2019-07-23,204,85,80,"{""sim_day"": 85.0, ""doy"": 204.0, ""topwt"": 5494.822998046875, ""grnwt"": 0.0, ""xlai"": 3.2762882709503174, ""totir"": 0.0, ""tofer"": NaN, ""swfac"": 0.0, ""nstres"": 0.0}",0.0,0.0,5494.822998046875,0.0,3.2762882709503174,0.0,,0.0,0.0,0.0,180.0,8.607165527343753,8.607165527343753,Leave_One_experiments/all_year_offline_schedule_search/daily_outputs/HLA/HLA_2019_HLA2019_normal_grid_S0028_daily.csv
HLA,HLA,Hailun,2019,Leave_One_experiments\wth_generated_qc\HLA\HLA2019.WTH,wet_year;nitrogen_stress_year;low_response_year,wet,HLA2019_normal_grid_S0028,pareto_balanced,2019-07-24,205,86,81,"{""sim_day"": 86.0, ""doy"": 205.0, ""topwt"": 5634.12109375, ""grnwt"": 0.0, ""xlai"": 3.310269355773926, ""totir"": 0.0, ""tofer"": NaN, ""swfac"": 0.0, ""nstres"": 0.0}",0.0,0.0,5634.12109375,0.0,3.310269355773926,0.0,,0.0,0.0,0.0,180.0,8.607165527343753,8.607165527343753,Leave_One_experiments/all_year_offline_schedule_search/daily_outputs/HLA/HLA_2019_HLA2019_normal_grid_S0028_daily.csv
HLA,HLA,Hailun,2019,Leave_One_experiments\wth_generated_qc\HLA\HLA2019.WTH,wet_year;nitrogen_stress_year;low_response_year,wet,HLA2019_normal_grid_S0028,pareto_balanced,2019-07-25,206,87,82,"{""sim_day"": 87.0, ""doy"": 206.0, ""topwt"": 5766.8603515625, ""grnwt"": 0.0, ""xlai"": 3.342609643936157, ""totir"": 0.0, ""tofer"": NaN, ""swfac"": 0.0, ""nstres"": 0.0}",0.0,0.0,5766.8603515625,0.0,3.342609643936157,0.0,,0.0,0.0,0.0,180.0,8.607165527343753,8.607165527343753,Leave_One_experiments/all_year_offline_schedule_search/daily_outputs/HLA/HLA_2019_HLA2019_normal_grid_S0028_daily.csv
HLA,HLA,Hailun,2019,Leave_One_experiments\wth_generated_qc\HLA\HLA2019.WTH,wet_year;nitrogen_stress_year;low_response_year,wet,HLA2019_normal_grid_S0028,pareto_balanced,2019-07-26,207,88,83,"{""sim_day"": 88.0, ""doy"": 207.0, ""topwt"": 5934.669189453125, ""grnwt"": 0.0, ""xlai"": 3.3835577964782715, ""totir"": 0.0, ""tofer"": NaN, ""swfac"": 0.0, ""nstres"": 0.0}",0.0,0.0,5934.669189453125,0.0,3.3835577964782715,0.0,,0.0,0.0,0.0,180.0,8.607165527343753,8.607165527343753,Leave_One_experiments/all_year_offline_schedule_search/daily_outputs/HLA/HLA_2019_HLA2019_normal_grid_S0028_daily.csv
HLA,HLA,Hailun,2019,Leave_One_experiments\wth_generated_qc\HLA\HLA2019.WTH,wet_year;nitrogen_stress_year;low_response_year,wet,HLA2019_normal_grid_S0028,pareto_balanced,2019-07-27,208,89,84,"{""sim_day"": 89.0, ""doy"": 208.0, ""topwt"": 6128.294677734375, ""grnwt"": 0.0, ""xlai"": 3.222879648208618, ""totir"": 0.0, ""tofer"": NaN, ""swfac"": 0.0, ""nstres"": 0.0}",0.0,0.0,6128.294677734375,0.0,3.222879648208618,0.0,,0.0,0.0,0.0,180.0,8.607165527343753,8.607165527343753,Leave_One_experiments/all_year_offline_schedule_search/daily_outputs/HLA/HLA_2019_HLA2019_normal_grid_S0028_daily.csv
HLA,HLA,Hailun,2019,Leave_One_experiments\wth_generated_qc\HLA\HLA2019.WTH,wet_year;nitrogen_stress_year;low_response_year,wet,HLA2019_normal_grid_S0028,pareto_balanced,2019-07-28,209,90,85,"{""sim_day"": 90.0, ""doy"": 209.0, ""topwt"": 6336.734619140625, ""grnwt"": 0.0, ""xlai"": 3.2103421688079834, ""totir"": 0.0, ""tofer"": NaN, ""swfac"": 0.0, ""nstres"": 0.0}",0.0,0.0,6336.734619140625,0.0,3.2103421688079834,0.0,,0.0,0.0,0.0,180.0,8.607165527343753,8.607165527343753,Leave_One_experiments/all_year_offline_schedule_search/daily_outputs/HLA/HLA_2019_HLA2019_normal_grid_S0028_daily.csv
HLA,HLA,Hailun,2019,Leave_One_experiments\wth_generated_qc\HLA\HLA2019.WTH,wet_year;nitrogen_stress_year;low_response_year,wet,HLA2019_normal_grid_S0028,pareto_balanced,2019-07-29,210,91,86,"{""sim_day"": 91.0, ""doy"": 210.0, ""topwt"": 6484.1119384765625, ""grnwt"": 0.0, ""xlai"": 3.197124481201172, ""totir"": 0.0, ""tofer"": NaN, ""swfac"": 0.0, ""nstres"": 0.0}",0.0,0.0,6484.1119384765625,0.0,3.197124481201172,0.0,,0.0,0.0,0.0,180.0,8.607165527343753,8.607165527343753,Leave_One_experiments/all_year_offline_schedule_search/daily_outputs/HLA/HLA_2019_HLA2019_normal_grid_S0028_daily.csv
HLA,HLA,Hailun,2019,Leave_One_experiments\wth_generated_qc\HLA\HLA2019.WTH,wet_year;nitrogen_stress_year;low_response_year,wet,HLA2019_normal_grid_S0028,pareto_balanced,2019-07-30,211,92,87,"{""sim_day"": 92.0, ""doy"": 211.0, ""topwt"": 6684.2291259765625, ""grnwt"": 0.0, ""xlai"": 3.1846718788146973, ""totir"": 0.0, ""tofer"": NaN, ""swfac"": 0.0, ""nstres"": 0.0}",0.0,0.0,6684.2291259765625,0.0,3.1846718788146973,0.0,,0.0,0.0,0.0,180.0,8.607165527343753,8.607165527343753,Leave_One_experiments/all_year_offline_schedule_search/daily_outputs/HLA/HLA_2019_HLA2019_normal_grid_S0028_daily.csv
HLA,HLA,Hailun,2019,Leave_One_experiments\wth_generated_qc\HLA\HLA2019.WTH,wet_year;nitrogen_stress_year;low_response_year,wet,HLA2019_normal_grid_S0028,pareto_balanced,2019-07-31,212,93,88,"{""sim_day"": 93.0, ""doy"": 212.0, ""topwt"": 6970.787963867188, ""grnwt"": 0.0, ""xlai"": 3.1729421615600586, ""totir"": 0.0, ""tofer"": NaN, ""swfac"": 0.0, ""nstres"": 0.0}",0.0,0.0,6970.787963867188,0.0,3.1729421615600586,0.0,,0.0,0.0,0.0,180.0,8.607165527343753,8.607165527343753,Leave_One_experiments/all_year_offline_schedule_search/daily_outputs/HLA/HLA_2019_HLA2019_normal_grid_S0028_daily.csv
HLA,HLA,Hailun,2019,Leave_One_experiments\wth_generated_qc\HLA\HLA2019.WTH,wet_year;nitrogen_stress_year;low_response_year,wet,HLA2019_normal_grid_S0028,pareto_balanced,2019-08-01,213,94,89,"{""sim_day"": 94.0, ""doy"": 213.0, ""topwt"": 7267.412719726562, ""grnwt"": 0.0, ""xlai"": 3.160829544067383, ""totir"": 0.0, ""tofer"": NaN, ""swfac"": 0.0, ""nstres"": 0.0}",0.0,0.0,7267.412719726562,0.0,3.160829544067383,0.0,,0.0,0.0,0.0,180.0,8.607165527343753,8.607165527343753,Leave_One_experiments/all_year_offline_schedule_search/daily_outputs/HLA/HLA_2019_HLA2019_normal_grid_S0028_daily.csv
HLA,HLA,Hailun,2019,Leave_One_experiments\wth_generated_qc\HLA\HLA2019.WTH,wet_year;nitrogen_stress_year;low_response_year,wet,HLA2019_normal_grid_S0028,pareto_balanced,2019-08-02,214,95,90,"{""sim_day"": 95.0, ""doy"": 214.0, ""topwt"": 7499.466552734375, ""grnwt"": 0.0, ""xlai"": 3.1469743251800537, ""totir"": 0.0, ""tofer"": NaN, ""swfac"": 0.0, ""nstres"": 0.0}",0.0,0.0,7499.466552734375,0.0,3.1469743251800537,0.0,,0.0,0.0,0.0,180.0,8.607165527343753,8.607165527343753,Leave_One_experiments/all_year_offline_schedule_search/daily_outputs/HLA/HLA_2019_HLA2019_normal_grid_S0028_daily.csv
HLA,HLA,Hailun,2019,Leave_One_experiments\wth_generated_qc\HLA\HLA2019.WTH,wet_year;nitrogen_stress_year;low_response_year,wet,HLA2019_normal_grid_S0028,pareto_balanced,2019-08-03,215,96,91,"{""sim_day"": 96.0, ""doy"": 215.0, ""topwt"": 7863.282470703125, ""grnwt"": 0.0, ""xlai"": 3.133629322052002, ""totir"": 0.0, ""tofer"": NaN, ""swfac"": 0.0, ""nstres"": 0.0}",0.0,0.0,7863.282470703125,0.0,3.133629322052002,0.0,,0.0,0.0,0.0,180.0,8.607165527343753,8.607165527343753,Leave_One_experiments/all_year_offline_schedule_search/daily_outputs/HLA/HLA_2019_HLA2019_normal_grid_S0028_daily.csv
HLA,HLA,Hailun,2019,Leave_One_experiments\wth_generated_qc\HLA\HLA2019.WTH,wet_year;nitrogen_stress_year;low_response_year,wet,HLA2019_normal_grid_S0028,pareto_balanced,2019-08-04,216,97,92,"{""sim_day"": 97.0, ""doy"": 216.0, ""topwt"": 8164.122314453125, ""grnwt"": 0.0, ""xlai"": 3.118626832962036, ""totir"": 0.0, ""tofer"": NaN, ""swfac"": 0.0, ""nstres"": 0.0}",0.0,0.0,8164.122314453125,0.0,3.118626832962036,0.0,,0.0,0.0,0.0,180.0,8.607165527343753,8.607165527343753,Leave_One_experiments/all_year_offline_schedule_search/daily_outputs/HLA/HLA_2019_HLA2019_normal_grid_S0028_daily.csv
HLA,HLA,Hailun,2019,Leave_One_experiments\wth_generated_qc\HLA\HLA2019.WTH,wet_year;nitrogen_stress_year;low_response_year,wet,HLA2019_normal_grid_S0028,pareto_balanced,2019-08-05,217,98,93,"{""sim_day"": 98.0, ""doy"": 217.0, ""topwt"": 8273.88671875, ""grnwt"": 0.0, ""xlai"": 3.10664176940918, ""totir"": 0.0, ""tofer"": NaN, ""swfac"": 0.0, ""nstres"": 0.0}",0.0,0.0,8273.88671875,0.0,3.10664176940918,0.0,,0.0,0.0,0.0,180.0,8.607165527343753,8.607165527343753,Leave_One_experiments/all_year_offline_schedule_search/daily_outputs/HLA/HLA_2019_HLA2019_normal_grid_S0028_daily.csv
HLA,HLA,Hailun,2019,Leave_One_experiments\wth_generated_qc\HLA\HLA2019.WTH,wet_year;nitrogen_stress_year;low_response_year,wet,HLA2019_normal_grid_S0028,pareto_balanced,2019-08-06,218,99,94,"{""sim_day"": 99.0, ""doy"": 218.0, ""topwt"": 8339.39453125, ""grnwt"": 0.0, ""xlai"": 3.09567666053772, ""totir"": 0.0, ""tofer"": NaN, ""swfac"": 0.0, ""nstres"": 0.0}",0.0,0.0,8339.39453125,0.0,3.09567666053772,0.0,,0.0,0.0,0.0,180.0,8.607165527343753,8.607165527343753,Leave_One_experiments/all_year_offline_schedule_search/daily_outputs/HLA/HLA_2019_HLA2019_normal_grid_S0028_daily.csv
HLA,HLA,Hailun,2019,Leave_One_experiments\wth_generated_qc\HLA\HLA2019.WTH,wet_year;nitrogen_stress_year;low_response_year,wet,HLA2019_normal_grid_S0028,pareto_balanced,2019-08-07,219,100,95,"{""sim_day"": 100.0, ""doy"": 219.0, ""topwt"": 8361.163330078125, ""grnwt"": 0.0, ""xlai"": 3.08726167678833, ""totir"": 0.0, ""tofer"": NaN, ""swfac"": 0.0, ""nstres"": 0.0}",0.0,0.0,8361.163330078125,0.0,3.08726167678833,0.0,,0.0,0.0,0.0,180.0,8.607165527343753,8.607165527343753,Leave_One_experiments/all_year_offline_schedule_search/daily_outputs/HLA/HLA_2019_HLA2019_normal_grid_S0028_daily.csv
HLA,HLA,Hailun,2019,Leave_One_experiments\wth_generated_qc\HLA\HLA2019.WTH,wet_year;nitrogen_stress_year;low_response_year,wet,HLA2019_normal_grid_S0028,pareto_balanced,2019-08-08,220,101,96,"{""sim_day"": 101.0, ""doy"": 220.0, ""topwt"": 8475.819091796875, ""grnwt"": 126.37523651123048, ""xlai"": 3.018813133239746, ""totir"": 0.0, ""tofer"": NaN, ""swfac"": 0.0, ""nstres"": 0.0}",0.0,0.0,8475.819091796875,126.37523651123048,3.018813133239746,0.0,,0.0,0.0,0.0,180.0,8.607165527343753,8.607165527343753,Leave_One_experiments/all_year_offline_schedule_search/daily_outputs/HLA/HLA_2019_HLA2019_normal_grid_S0028_daily.csv
HLA,HLA,Hailun,2019,Leave_One_experiments\wth_generated_qc\HLA\HLA2019.WTH,wet_year;nitrogen_stress_year;low_response_year,wet,HLA2019_normal_grid_S0028,pareto_balanced,2019-08-09,221,102,97,"{""sim_day"": 102.0, ""doy"": 221.0, ""topwt"": 8613.91357421875, ""grnwt"": 252.7504730224609, ""xlai"": 3.011120080947876, ""totir"": 0.0, ""tofer"": NaN, ""swfac"": 0.0, ""nstres"": 0.0}",0.0,0.0,8613.91357421875,252.7504730224609,3.011120080947876,0.0,,0.0,0.0,0.0,180.0,8.607165527343753,8.607165527343753,Leave_One_experiments/all_year_offline_schedule_search/daily_outputs/HLA/HLA_2019_HLA2019_normal_grid_S0028_daily.csv
HLA,HLA,Hailun,2019,Leave_One_experiments\wth_generated_qc\HLA\HLA2019.WTH,wet_year;nitrogen_stress_year;low_response_year,wet,HLA2019_normal_grid_S0028,pareto_balanced,2019-08-10,222,103,98,"{""sim_day"": 103.0, ""doy"": 222.0, ""topwt"": 8740.289306640625, ""grnwt"": 379.1256713867188, ""xlai"": 3.002568006515503, ""totir"": 0.0, ""tofer"": NaN, ""swfac"": 0.0, ""nstres"": 0.0}",0.0,0.0,8740.289306640625,379.1256713867188,3.002568006515503,0.0,,0.0,0.0,0.0,180.0,8.607165527343753,8.607165527343753,Leave_One_experiments/all_year_offline_schedule_search/daily_outputs/HLA/HLA_2019_HLA2019_normal_grid_S0028_daily.csv
HLA,HLA,Hailun,2019,Leave_One_experiments\wth_generated_qc\HLA\HLA2019.WTH,wet_year;nitrogen_stress_year;low_response_year,wet,HLA2019_normal_grid_S0028,pareto_balanced,2019-08-11,223,104,99,"{""sim_day"": 104.0, ""doy"": 223.0, ""topwt"": 8866.663818359375, ""grnwt"": 505.5009460449219, ""xlai"": 2.9920547008514404, ""totir"": 0.0, ""tofer"": NaN, ""swfac"": 0.0, ""nstres"": 0.0}",0.0,0.0,8866.663818359375,505.5009460449219,2.9920547008514404,0.0,,0.0,0.0,0.0,180.0,8.607165527343753,8.607165527343753,Leave_One_experiments/all_year_offline_schedule_search/daily_outputs/HLA/HLA_2019_HLA2019_normal_grid_S0028_daily.csv
HLA,HLA,Hailun,2019,Leave_One_experiments\wth_generated_qc\HLA\HLA2019.WTH,wet_year;nitrogen_stress_year;low_response_year,wet,HLA2019_normal_grid_S0028,pareto_balanced,2019-08-12,224,105,100,"{""sim_day"": 105.0, ""doy"": 224.0, ""topwt"": 8993.038940429688, ""grnwt"": 631.8761825561523, ""xlai"": 2.97842025756836, ""totir"": 0.0, ""tofer"": NaN, ""swfac"": 0.0, ""nstres"": 0.0}",0.0,0.0,8993.038940429688,631.8761825561523,2.97842025756836,0.0,,0.0,0.0,0.0,180.0,8.607165527343753,8.607165527343753,Leave_One_experiments/all_year_offline_schedule_search/daily_outputs/HLA/HLA_2019_HLA2019_normal_grid_S0028_daily.csv
HLA,HLA,Hailun,2019,Leave_One_experiments\wth_generated_qc\HLA\HLA2019.WTH,wet_year;nitrogen_stress_year;low_response_year,wet,HLA2019_normal_grid_S0028,pareto_balanced,2019-08-13,225,106,101,"{""sim_day"": 106.0, ""doy"": 225.0, ""topwt"": 9119.414672851562, ""grnwt"": 758.2514190673828, ""xlai"": 2.9608347415924072, ""totir"": 0.0, ""tofer"": NaN, ""swfac"": 0.0, ""nstres"": 0.0}",0.0,0.0,9119.414672851562,758.2514190673828,2.9608347415924072,0.0,,0.0,0.0,0.0,180.0,8.607165527343753,8.607165527343753,Leave_One_experiments/all_year_offline_schedule_search/daily_outputs/HLA/HLA_2019_HLA2019_normal_grid_S0028_daily.csv
HLA,HLA,Hailun,2019,Leave_One_experiments\wth_generated_qc\HLA\HLA2019.WTH,wet_year;nitrogen_stress_year;low_response_year,wet,HLA2019_normal_grid_S0028,pareto_balanced,2019-08-14,226,107,102,"{""sim_day"": 107.0, ""doy"": 226.0, ""topwt"": 9245.789794921877, ""grnwt"": 884.6266937255859, ""xlai"": 2.9420881271362305, ""totir"": 0.0, ""tofer"": NaN, ""swfac"": 0.0, ""nstres"": 0.0}",0.0,0.0,9245.789794921877,884.6266937255859,2.9420881271362305,0.0,,0.0,0.0,0.0,180.0,8.607165527343753,8.607165527343753,Leave_One_experiments/all_year_offline_schedule_search/daily_outputs/HLA/HLA_2019_HLA2019_normal_grid_S0028_daily.csv
HLA,HLA,Hailun,2019,Leave_One_experiments\wth_generated_qc\HLA\HLA2019.WTH,wet_year;nitrogen_stress_year;low_response_year,wet,HLA2019_normal_grid_S0028,pareto_balanced,2019-08-15,227,108,103,"{""sim_day"": 108.0, ""doy"": 227.0, ""topwt"": 9323.082885742188, ""grnwt"": 1011.0018920898438, ""xlai"": 2.9248485565185547, ""totir"": 0.0, ""tofer"": NaN, ""swfac"": 0.0, ""nstres"": 0.0}",0.0,0.0,9323.082885742188,1011.0018920898438,2.9248485565185547,0.0,,0.0,0.0,0.0,180.0,8.607165527343753,8.607165527343753,Leave_One_experiments/all_year_offline_schedule_search/daily_outputs/HLA/HLA_2019_HLA2019_normal_grid_S0028_daily.csv
HLA,HLA,Hailun,2019,Leave_One_experiments\wth_generated_qc\HLA\HLA2019.WTH,wet_year;nitrogen_stress_year;low_response_year,wet,HLA2019_normal_grid_S0028,pareto_balanced,2019-08-16,228,109,104,"{""sim_day"": 109.0, ""doy"": 228.0, ""topwt"": 9462.489013671877, ""grnwt"": 1137.3770904541016, ""xlai"": 2.9085967540740967, ""totir"": 0.0, ""tofer"": NaN, ""swfac"": 0.0, ""nstres"": 0.0}",0.0,0.0,9462.489013671877,1137.3770904541016,2.9085967540740967,0.0,,0.0,0.0,0.0,180.0,8.607165527343753,8.607165527343753,Leave_One_experiments/all_year_offline_schedule_search/daily_outputs/HLA/HLA_2019_HLA2019_normal_grid_S0028_daily.csv
HLA,HLA,Hailun,2019,Leave_One_experiments\wth_generated_qc\HLA\HLA2019.WTH,wet_year;nitrogen_stress_year;low_response_year,wet,HLA2019_normal_grid_S0028,pareto_balanced,2019-08-17,229,110,105,"{""sim_day"": 110.0, ""doy"": 229.0, ""topwt"": 9616.799926757812, ""grnwt"": 1263.7522888183594, ""xlai"": 2.891181468963623, ""totir"": 0.0, ""tofer"": NaN, ""swfac"": 0.0, ""nstres"": 0.0}",0.0,0.0,9616.799926757812,1263.7522888183594,2.891181468963623,0.0,,0.0,0.0,0.0,180.0,8.607165527343753,8.607165527343753,Leave_One_experiments/all_year_offline_schedule_search/daily_outputs/HLA/HLA_2019_HLA2019_normal_grid_S0028_daily.csv
HLA,HLA,Hailun,2019,Leave_One_experiments\wth_generated_qc\HLA\HLA2019.WTH,wet_year;nitrogen_stress_year;low_response_year,wet,HLA2019_normal_grid_S0028,pareto_balanced,2019-08-18,230,111,106,"{""sim_day"": 111.0, ""doy"": 230.0, ""topwt"": 9751.290893554688, ""grnwt"": 1390.127410888672, ""xlai"": 2.8722872734069824, ""totir"": 0.0, ""tofer"": NaN, ""swfac"": 0.0, ""nstres"": 0.0}",0.0,0.0,9751.290893554688,1390.127410888672,2.8722872734069824,0.0,,0.0,0.0,0.0,180.0,8.607165527343753,8.607165527343753,Leave_One_experiments/all_year_offline_schedule_search/daily_outputs/HLA/HLA_2019_HLA2019_normal_grid_S0028_daily.csv
HLA,HLA,Hailun,2019,Leave_One_experiments\wth_generated_qc\HLA\HLA2019.WTH,wet_year;nitrogen_stress_year;low_response_year,wet,HLA2019_normal_grid_S0028,pareto_balanced,2019-08-19,231,112,107,"{""sim_day"": 112.0, ""doy"": 231.0, ""topwt"": 9877.666015625, ""grnwt"": 1516.502685546875, ""xlai"": 2.856215715408325, ""totir"": 0.0, ""tofer"": NaN, ""swfac"": 0.0, ""nstres"": 0.0}",0.0,0.0,9877.666015625,1516.502685546875,2.856215715408325,0.0,,0.0,0.0,0.0,180.0,8.607165527343753,8.607165527343753,Leave_One_experiments/all_year_offline_schedule_search/daily_outputs/HLA/HLA_2019_HLA2019_normal_grid_S0028_daily.csv
HLA,HLA,Hailun,2019,Leave_One_experiments\wth_generated_qc\HLA\HLA2019.WTH,wet_year;nitrogen_stress_year;low_response_year,wet,HLA2019_normal_grid_S0028,pareto_balanced,2019-08-20,232,113,108,"{""sim_day"": 113.0, ""doy"": 232.0, ""topwt"": 9946.802978515623, ""grnwt"": 1642.877960205078, ""xlai"": 2.8349502086639404, ""totir"": 0.0, ""tofer"": NaN, ""swfac"": 0.0, ""nstres"": 0.0}",0.0,0.0,9946.802978515623,1642.877960205078,2.8349502086639404,0.0,,0.0,0.0,0.0,180.0,8.607165527343753,8.607165527343753,Leave_One_experiments/all_year_offline_schedule_search/daily_outputs/HLA/HLA_2019_HLA2019_normal_grid_S0028_daily.csv
HLA,HLA,Hailun,2019,Leave_One_experiments\wth_generated_qc\HLA\HLA2019.WTH,wet_year;nitrogen_stress_year;low_response_year,wet,HLA2019_normal_grid_S0028,pareto_balanced,2019-08-21,233,114,109,"{""sim_day"": 114.0, ""doy"": 233.0, ""topwt"": 10112.529296875, ""grnwt"": 1769.2532348632812, ""xlai"": 2.811099052429199, ""totir"": 0.0, ""tofer"": NaN, ""swfac"": 0.0, ""nstres"": 0.0}",0.0,0.0,10112.529296875,1769.2532348632812,2.811099052429199,0.0,,0.0,0.0,0.0,180.0,8.607165527343753,8.607165527343753,Leave_One_experiments/all_year_offline_schedule_search/daily_outputs/HLA/HLA_2019_HLA2019_normal_grid_S0028_daily.csv
HLA,HLA,Hailun,2019,Leave_One_experiments\wth_generated_qc\HLA\HLA2019.WTH,wet_year;nitrogen_stress_year;low_response_year,wet,HLA2019_normal_grid_S0028,pareto_balanced,2019-08-22,234,115,110,"{""sim_day"": 115.0, ""doy"": 234.0, ""topwt"": 10256.7919921875, ""grnwt"": 1895.6283569335935, ""xlai"": 2.7877140045166016, ""totir"": 0.0, ""tofer"": NaN, ""swfac"": 0.0, ""nstres"": 0.0}",0.0,0.0,10256.7919921875,1895.6283569335935,2.7877140045166016,0.0,,0.0,0.0,0.0,180.0,8.607165527343753,8.607165527343753,Leave_One_experiments/all_year_offline_schedule_search/daily_outputs/HLA/HLA_2019_HLA2019_normal_grid_S0028_daily.csv
HLA,HLA,Hailun,2019,Leave_One_experiments\wth_generated_qc\HLA\HLA2019.WTH,wet_year;nitrogen_stress_year;low_response_year,wet,HLA2019_normal_grid_S0028,pareto_balanced,2019-08-23,235,116,111,"{""sim_day"": 116.0, ""doy"": 235.0, ""topwt"": 10383.16650390625, ""grnwt"": 2022.0034790039065, ""xlai"": 2.7596402168273926, ""totir"": 0.0, ""tofer"": NaN, ""swfac"": 0.0, ""nstres"": 0.0}",0.0,0.0,10383.16650390625,2022.0034790039065,2.7596402168273926,0.0,,0.0,0.0,0.0,180.0,8.607165527343753,8.607165527343753,Leave_One_experiments/all_year_offline_schedule_search/daily_outputs/HLA/HLA_2019_HLA2019_normal_grid_S0028_daily.csv
HLA,HLA,Hailun,2019,Leave_One_experiments\wth_generated_qc\HLA\HLA2019.WTH,wet_year;nitrogen_stress_year;low_response_year,wet,HLA2019_normal_grid_S0028,pareto_balanced,2019-08-24,236,117,112,"{""sim_day"": 117.0, ""doy"": 236.0, ""topwt"": 10509.541015625, ""grnwt"": 2148.3787536621094, ""xlai"": 2.730398416519165, ""totir"": 0.0, ""tofer"": NaN, ""swfac"": 0.0, ""nstres"": 0.0}",0.0,0.0,10509.541015625,2148.3787536621094,2.730398416519165,0.0,,0.0,0.0,0.0,180.0,8.607165527343753,8.607165527343753,Leave_One_experiments/all_year_offline_schedule_search/daily_outputs/HLA/HLA_2019_HLA2019_normal_grid_S0028_daily.csv
HLA,HLA,Hailun,2019,Leave_One_experiments\wth_generated_qc\HLA\HLA2019.WTH,wet_year;nitrogen_stress_year;low_response_year,wet,HLA2019_normal_grid_S0028,pareto_balanced,2019-08-25,237,118,113,"{""sim_day"": 118.0, ""doy"": 237.0, ""topwt"": 10635.916748046877, ""grnwt"": 2274.7540283203125, ""xlai"": 2.696643352508545, ""totir"": 0.0, ""tofer"": NaN, ""swfac"": 0.0, ""nstres"": 0.0}",0.0,0.0,10635.916748046877,2274.7540283203125,2.696643352508545,0.0,,0.0,0.0,0.0,180.0,8.607165527343753,8.607165527343753,Leave_One_experiments/all_year_offline_schedule_search/daily_outputs/HLA/HLA_2019_HLA2019_normal_grid_S0028_daily.csv
HLA,HLA,Hailun,2019,Leave_One_experiments\wth_generated_qc\HLA\HLA2019.WTH,wet_year;nitrogen_stress_year;low_response_year,wet,HLA2019_normal_grid_S0028,pareto_balanced,2019-08-26,238,119,114,"{""sim_day"": 119.0, ""doy"": 238.0, ""topwt"": 10762.29248046875, ""grnwt"": 2401.129150390625, ""xlai"": 2.6581151485443115, ""totir"": 0.0, ""tofer"": NaN, ""swfac"": 0.0, ""nstres"": 0.0}",0.0,0.0,10762.29248046875,2401.129150390625,2.6581151485443115,0.0,,0.0,0.0,0.0,180.0,8.607165527343753,8.607165527343753,Leave_One_experiments/all_year_offline_schedule_search/daily_outputs/HLA/HLA_2019_HLA2019_normal_grid_S0028_daily.csv
HLA,HLA,Hailun,2019,Leave_One_experiments\wth_generated_qc\HLA\HLA2019.WTH,wet_year;nitrogen_stress_year;low_response_year,wet,HLA2019_normal_grid_S0028,pareto_balanced,2019-08-27,239,120,115,"{""sim_day"": 120.0, ""doy"": 239.0, ""topwt"": 10888.6669921875, ""grnwt"": 2527.504272460937, ""xlai"": 2.621023416519165, ""totir"": 0.0, ""tofer"": NaN, ""swfac"": 0.0, ""nstres"": 0.0}",0.0,0.0,10888.6669921875,2527.504272460937,2.621023416519165,0.0,,0.0,0.0,0.0,180.0,8.607165527343753,8.607165527343753,Leave_One_experiments/all_year_offline_schedule_search/daily_outputs/HLA/HLA_2019_HLA2019_normal_grid_S0028_daily.csv
HLA,HLA,Hailun,2019,Leave_One_experiments\wth_generated_qc\HLA\HLA2019.WTH,wet_year;nitrogen_stress_year;low_response_year,wet,HLA2019_normal_grid_S0028,pareto_balanced,2019-08-28,240,121,116,"{""sim_day"": 121.0, ""doy"": 240.0, ""topwt"": 11015.04150390625, ""grnwt"": 2653.87939453125, ""xlai"": 2.590253591537476, ""totir"": 0.0, ""tofer"": NaN, ""swfac"": 0.0, ""nstres"": 0.0}",0.0,0.0,11015.04150390625,2653.87939453125,2.590253591537476,0.0,,0.0,0.0,0.0,180.0,8.607165527343753,8.607165527343753,Leave_One_experiments/all_year_offline_schedule_search/daily_outputs/HLA/HLA_2019_HLA2019_normal_grid_S0028_daily.csv
HLA,HLA,Hailun,2019,Leave_One_experiments\wth_generated_qc\HLA\HLA2019.WTH,wet_year;nitrogen_stress_year;low_response_year,wet,HLA2019_normal_grid_S0028,pareto_balanced,2019-08-29,241,122,117,"{""sim_day"": 122.0, ""doy"": 241.0, ""topwt"": 11141.417236328123, ""grnwt"": 2780.254821777344, ""xlai"": 2.5484092235565186, ""totir"": 0.0, ""tofer"": NaN, ""swfac"": 0.0, ""nstres"": 0.0}",0.0,0.0,11141.417236328123,2780.254821777344,2.5484092235565186,0.0,,0.0,0.0,0.0,180.0,8.607165527343753,8.607165527343753,Leave_One_experiments/all_year_offline_schedule_search/daily_outputs/HLA/HLA_2019_HLA2019_normal_grid_S0028_daily.csv
HLA,HLA,Hailun,2019,Leave_One_experiments\wth_generated_qc\HLA\HLA2019.WTH,wet_year;nitrogen_stress_year;low_response_year,wet,HLA2019_normal_grid_S0028,pareto_balanced,2019-08-30,242,123,118,"{""sim_day"": 123.0, ""doy"": 242.0, ""topwt"": 11267.79296875, ""grnwt"": 2906.629943847656, ""xlai"": 2.5137860774993896, ""totir"": 0.0, ""tofer"": NaN, ""swfac"": 0.0, ""nstres"": 0.0}",0.0,0.0,11267.79296875,2906.629943847656,2.5137860774993896,0.0,,0.0,0.0,0.0,180.0,8.607165527343753,8.607165527343753,Leave_One_experiments/all_year_offline_schedule_search/daily_outputs/HLA/HLA_2019_HLA2019_normal_grid_S0028_daily.csv
HLA,HLA,Hailun,2019,Leave_One_experiments\wth_generated_qc\HLA\HLA2019.WTH,wet_year;nitrogen_stress_year;low_response_year,wet,HLA2019_normal_grid_S0028,pareto_balanced,2019-08-31,243,124,119,"{""sim_day"": 124.0, ""doy"": 243.0, ""topwt"": 11394.16748046875, ""grnwt"": 3033.0050659179688, ""xlai"": 2.468611717224121, ""totir"": 0.0, ""tofer"": NaN, ""swfac"": 0.0, ""nstres"": 0.0}",0.0,0.0,11394.16748046875,3033.0050659179688,2.468611717224121,0.0,,0.0,0.0,0.0,180.0,8.607165527343753,8.607165527343753,Leave_One_experiments/all_year_offline_schedule_search/daily_outputs/HLA/HLA_2019_HLA2019_normal_grid_S0028_daily.csv
HLA,HLA,Hailun,2019,Leave_One_experiments\wth_generated_qc\HLA\HLA2019.WTH,wet_year;nitrogen_stress_year;low_response_year,wet,HLA2019_normal_grid_S0028,pareto_balanced,2019-09-01,244,125,120,"{""sim_day"": 125.0, ""doy"": 244.0, ""topwt"": 11520.543212890623, ""grnwt"": 3159.3804931640625, ""xlai"": 2.4309449195861816, ""totir"": 0.0, ""tofer"": NaN, ""swfac"": 0.0, ""nstres"": 0.006482720375061}",0.0,0.006482720375061,11520.543212890623,3159.3804931640625,2.4309449195861816,0.0,,0.0,0.0,0.0,180.0,8.607165527343753,8.607165527343753,Leave_One_experiments/all_year_offline_schedule_search/daily_outputs/HLA/HLA_2019_HLA2019_normal_grid_S0028_daily.csv
HLA,HLA,Hailun,2019,Leave_One_experiments\wth_generated_qc\HLA\HLA2019.WTH,wet_year;nitrogen_stress_year;low_response_year,wet,HLA2019_normal_grid_S0028,pareto_balanced,2019-09-02,245,126,121,"{""sim_day"": 126.0, ""doy"": 245.0, ""topwt"": 11646.9189453125, ""grnwt"": 3285.755615234375, ""xlai"": 2.3863301277160645, ""totir"": 0.0, ""tofer"": NaN, ""swfac"": 0.0, ""nstres"": 0.018000841140747}",0.0,0.018000841140747,11646.9189453125,3285.755615234375,2.3863301277160645,0.0,,0.0,0.0,0.0,180.0,8.607165527343753,8.607165527343753,Leave_One_experiments/all_year_offline_schedule_search/daily_outputs/HLA/HLA_2019_HLA2019_normal_grid_S0028_daily.csv
HLA,HLA,Hailun,2019,Leave_One_experiments\wth_generated_qc\HLA\HLA2019.WTH,wet_year;nitrogen_stress_year;low_response_year,wet,HLA2019_normal_grid_S0028,pareto_balanced,2019-09-03,246,127,122,"{""sim_day"": 127.0, ""doy"": 246.0, ""topwt"": 11773.29345703125, ""grnwt"": 3412.1307373046875, ""xlai"": 2.3249807357788086, ""totir"": 0.0, ""tofer"": NaN, ""swfac"": 0.0, ""nstres"": 0.0270775556564331}",0.0,0.0270775556564331,11773.29345703125,3412.1307373046875,2.3249807357788086,0.0,,0.0,0.0,0.0,180.0,8.607165527343753,8.607165527343753,Leave_One_experiments/all_year_offline_schedule_search/daily_outputs/HLA/HLA_2019_HLA2019_normal_grid_S0028_daily.csv
HLA,HLA,Hailun,2019,Leave_One_experiments\wth_generated_qc\HLA\HLA2019.WTH,wet_year;nitrogen_stress_year;low_response_year,wet,HLA2019_normal_grid_S0028,pareto_balanced,2019-09-04,247,128,123,"{""sim_day"": 128.0, ""doy"": 247.0, ""topwt"": 11899.669189453123, ""grnwt"": 3538.505859375, ""xlai"": 2.2463245391845703, ""totir"": 0.0, ""tofer"": NaN, ""swfac"": 0.0, ""nstres"": 0.034220814704895}",0.0,0.034220814704895,11899.669189453123,3538.505859375,2.2463245391845703,0.0,,0.0,0.0,0.0,180.0,8.607165527343753,8.607165527343753,Leave_One_experiments/all_year_offline_schedule_search/daily_outputs/HLA/HLA_2019_HLA2019_normal_grid_S0028_daily.csv
HLA,HLA,Hailun,2019,Leave_One_experiments\wth_generated_qc\HLA\HLA2019.WTH,wet_year;nitrogen_stress_year;low_response_year,wet,HLA2019_normal_grid_S0028,pareto_balanced,2019-09-05,248,129,124,"{""sim_day"": 129.0, ""doy"": 248.0, ""topwt"": 12026.043701171877, ""grnwt"": 3664.880981445313, ""xlai"": 2.1652398109436035, ""totir"": 0.0, ""tofer"": NaN, ""swfac"": 0.0, ""nstres"": 0.0422266721725463}",0.0,0.0422266721725463,12026.043701171877,3664.880981445313,2.1652398109436035,0.0,,0.0,0.0,0.0,180.0,8.607165527343753,8.607165527343753,Leave_One_experiments/all_year_offline_schedule_search/daily_outputs/HLA/HLA_2019_HLA2019_normal_grid_S0028_daily.csv
HLA,HLA,Hailun,2019,Leave_One_experiments\wth_generated_qc\HLA\HLA2019.WTH,wet_year;nitrogen_stress_year;low_response_year,wet,HLA2019_normal_grid_S0028,pareto_balanced,2019-09-06,249,130,125,"{""sim_day"": 130.0, ""doy"": 249.0, ""topwt"": 12152.41943359375, ""grnwt"": 3791.2564086914062, ""xlai"": 2.0855672359466557, ""totir"": 0.0, ""tofer"": NaN, ""swfac"": 0.0, ""nstres"": 0.0512559413909912}",0.0,0.0512559413909912,12152.41943359375,3791.2564086914062,2.0855672359466557,0.0,,0.0,0.0,0.0,180.0,8.607165527343753,8.607165527343753,Leave_One_experiments/all_year_offline_schedule_search/daily_outputs/HLA/HLA_2019_HLA2019_normal_grid_S0028_daily.csv
HLA,HLA,Hailun,2019,Leave_One_experiments\wth_generated_qc\HLA\HLA2019.WTH,wet_year;nitrogen_stress_year;low_response_year,wet,HLA2019_normal_grid_S0028,pareto_balanced,2019-09-07,250,131,126,"{""sim_day"": 131.0, ""doy"": 250.0, ""topwt"": 12278.795166015623, ""grnwt"": 3917.631530761719, ""xlai"": 2.001908540725708, ""totir"": 0.0, ""tofer"": NaN, ""swfac"": 0.0, ""nstres"": 0.0605006217956543}",0.0,0.0605006217956543,12278.795166015623,3917.631530761719,2.001908540725708,0.0,,0.0,0.0,0.0,180.0,8.607165527343753,8.607165527343753,Leave_One_experiments/all_year_offline_schedule_search/daily_outputs/HLA/HLA_2019_HLA2019_normal_grid_S0028_daily.csv
HLA,HLA,Hailun,2019,Leave_One_experiments\wth_generated_qc\HLA\HLA2019.WTH,wet_year;nitrogen_stress_year;low_response_year,wet,HLA2019_normal_grid_S0028,pareto_balanced,2019-09-08,251,132,127,"{""sim_day"": 132.0, ""doy"": 251.0, ""topwt"": 12385.311279296877, ""grnwt"": 4024.14794921875, ""xlai"": 1.9628360271453855, ""totir"": 0.0, ""tofer"": NaN, ""swfac"": 0.0, ""nstres"": 0.0760235786437988}",0.0,0.0760235786437988,12385.311279296877,4024.14794921875,1.9628360271453855,0.0,,0.0,0.0,0.0,180.0,8.607165527343753,8.607165527343753,Leave_One_experiments/all_year_offline_schedule_search/daily_outputs/HLA/HLA_2019_HLA2019_normal_grid_S0028_daily.csv
HLA,HLA,Hailun,2019,Leave_One_experiments\wth_generated_qc\HLA\HLA2019.WTH,wet_year;nitrogen_stress_year;low_response_year,wet,HLA2019_normal_grid_S0028,pareto_balanced,2019-09-09,252,133,128,"{""sim_day"": 133.0, ""doy"": 252.0, ""topwt"": 12447.294921875, ""grnwt"": 4086.131591796875, ""xlai"": 1.9405659437179563, ""totir"": 0.0, ""tofer"": NaN, ""swfac"": 0.0, ""nstres"": 0.0907672643661499}",0.0,0.0907672643661499,12447.294921875,4086.131591796875,1.9405659437179563,0.0,,0.0,0.0,0.0,180.0,8.607165527343753,8.607165527343753,Leave_One_experiments/all_year_offline_schedule_search/daily_outputs/HLA/HLA_2019_HLA2019_normal_grid_S0028_daily.csv
HLA,HLA,Hailun,2019,Leave_One_experiments\wth_generated_qc\HLA\HLA2019.WTH,wet_year;nitrogen_stress_year;low_response_year,wet,HLA2019_normal_grid_S0028,pareto_balanced,2019-09-10,253,134,129,"{""sim_day"": 134.0, ""doy"": 253.0, ""topwt"": 12549.599609375, ""grnwt"": 4188.435363769531, ""xlai"": 1.9038878679275515, ""totir"": 0.0, ""tofer"": NaN, ""swfac"": 0.0, ""nstres"": 0.0959352254867553}",0.0,0.0959352254867553,12549.599609375,4188.435363769531,1.9038878679275515,0.0,,0.0,0.0,0.0,180.0,8.607165527343753,8.607165527343753,Leave_One_experiments/all_year_offline_schedule_search/daily_outputs/HLA/HLA_2019_HLA2019_normal_grid_S0028_daily.csv
HLA,HLA,Hailun,2019,Leave_One_experiments\wth_generated_qc\HLA\HLA2019.WTH,wet_year;nitrogen_stress_year;low_response_year,wet,HLA2019_normal_grid_S0028,pareto_balanced,2019-09-11,254,135,130,"{""sim_day"": 135.0, ""doy"": 254.0, ""topwt"": 12675.975341796877, ""grnwt"": 4314.810485839844, ""xlai"": 1.8508940935134888, ""totir"": 0.0, ""tofer"": NaN, ""swfac"": 0.0, ""nstres"": 0.1064661741256713}",0.0,0.1064661741256713,12675.975341796877,4314.810485839844,1.8508940935134888,0.0,,0.0,0.0,0.0,180.0,8.607165527343753,8.607165527343753,Leave_One_experiments/all_year_offline_schedule_search/daily_outputs/HLA/HLA_2019_HLA2019_normal_grid_S0028_daily.csv
HLA,HLA,Hailun,2019,Leave_One_experiments\wth_generated_qc\HLA\HLA2019.WTH,wet_year;nitrogen_stress_year;low_response_year,wet,HLA2019_normal_grid_S0028,pareto_balanced,2019-09-12,255,136,131,"{""sim_day"": 136.0, ""doy"": 255.0, ""topwt"": 12721.64306640625, ""grnwt"": 4431.5570068359375, ""xlai"": 1.802449941635132, ""totir"": 0.0, ""tofer"": NaN, ""swfac"": 0.0, ""nstres"": 0.1215655803680419}",0.0,0.1215655803680419,12721.64306640625,4431.5570068359375,1.802449941635132,0.0,,0.0,0.0,0.0,180.0,8.607165527343753,8.607165527343753,Leave_One_experiments/all_year_offline_schedule_search/daily_outputs/HLA/HLA_2019_HLA2019_normal_grid_S0028_daily.csv
HLA,HLA,Hailun,2019,Leave_One_experiments\wth_generated_qc\HLA\HLA2019.WTH,wet_year;nitrogen_stress_year;low_response_year,wet,HLA2019_normal_grid_S0028,pareto_balanced,2019-09-13,256,137,132,"{""sim_day"": 137.0, ""doy"": 256.0, ""topwt"": 12898.03466796875, ""grnwt"": 4536.869812011719, ""xlai"": 1.7576720714569092, ""totir"": 0.0, ""tofer"": NaN, ""swfac"": 0.0, ""nstres"": 0.1352910995483398}",0.0,0.1352910995483398,12898.03466796875,4536.869812011719,1.7576720714569092,0.0,,0.0,0.0,0.0,180.0,8.607165527343753,8.607165527343753,Leave_One_experiments/all_year_offline_schedule_search/daily_outputs/HLA/HLA_2019_HLA2019_normal_grid_S0028_daily.csv
HLA,HLA,Hailun,2019,Leave_One_experiments\wth_generated_qc\HLA\HLA2019.WTH,wet_year;nitrogen_stress_year;low_response_year,wet,HLA2019_normal_grid_S0028,pareto_balanced,2019-09-14,257,138,133,"{""sim_day"": 138.0, ""doy"": 257.0, ""topwt"": 13024.4091796875, ""grnwt"": 4663.244934082031, ""xlai"": 1.6942194700241089, ""totir"": 0.0, ""tofer"": NaN, ""swfac"": 0.0, ""nstres"": 0.1389167308807373}",0.0,0.1389167308807373,13024.4091796875,4663.244934082031,1.6942194700241089,0.0,,0.0,0.0,0.0,180.0,8.607165527343753,8.607165527343753,Leave_One_experiments/all_year_offline_schedule_search/daily_outputs/HLA/HLA_2019_HLA2019_normal_grid_S0028_daily.csv
HLA,HLA,Hailun,2019,Leave_One_experiments\wth_generated_qc\HLA\HLA2019.WTH,wet_year;nitrogen_stress_year;low_response_year,wet,HLA2019_normal_grid_S0028,pareto_balanced,2019-09-15,258,139,134,"{""sim_day"": 139.0, ""doy"": 258.0, ""topwt"": 13065.9326171875, ""grnwt"": 4704.768371582031, ""xlai"": 1.3809581995010376, ""totir"": 0.0, ""tofer"": NaN, ""swfac"": 0.0, ""nstres"": 0.1637437343597412}",0.0,0.1637437343597412,13065.9326171875,4704.768371582031,1.3809581995010376,0.0,,0.0,0.0,0.0,180.0,8.607165527343753,8.607165527343753,Leave_One_experiments/all_year_offline_schedule_search/daily_outputs/HLA/HLA_2019_HLA2019_normal_grid_S0028_daily.csv
HLA,HLA,Hailun,2019,Leave_One_experiments\wth_generated_qc\HLA\HLA2019.WTH,wet_year;nitrogen_stress_year;low_response_year,wet,HLA2019_normal_grid_S0028,pareto_balanced,2019-09-16,259,140,135,"{""sim_day"": 140.0, ""doy"": 259.0, ""topwt"": 13148.9794921875, ""grnwt"": 4787.81494140625, ""xlai"": 1.3521151542663574, ""totir"": 0.0, ""tofer"": NaN, ""swfac"": 0.0, ""nstres"": 0.1670900583267212}",0.0,0.1670900583267212,13148.9794921875,4787.81494140625,1.3521151542663574,0.0,,0.0,0.0,0.0,180.0,8.607165527343753,8.607165527343753,Leave_One_experiments/all_year_offline_schedule_search/daily_outputs/HLA/HLA_2019_HLA2019_normal_grid_S0028_daily.csv
HLA,HLA,Hailun,2019,Leave_One_experiments\wth_generated_qc\HLA\HLA2019.WTH,wet_year;nitrogen_stress_year;low_response_year,wet,HLA2019_normal_grid_S0028,pareto_balanced,2019-09-17,260,141,136,"{""sim_day"": 141.0, ""doy"": 260.0, ""topwt"": 13169.439697265623, ""grnwt"": 4808.276062011719, ""xlai"": 1.1136020421981812, ""totir"": 0.0, ""tofer"": NaN, ""swfac"": 0.0, ""nstres"": 0.178288459777832}",0.0,0.178288459777832,13169.439697265623,4808.276062011719,1.1136020421981812,0.0,,0.0,0.0,0.0,180.0,8.607165527343753,8.607165527343753,Leave_One_experiments/all_year_offline_schedule_search/daily_outputs/HLA/HLA_2019_HLA2019_normal_grid_S0028_daily.csv
HLA,HLA,Hailun,2019,Leave_One_experiments\wth_generated_qc\HLA\HLA2019.WTH,wet_year;nitrogen_stress_year;low_response_year,wet,HLA2019_normal_grid_S0028,pareto_balanced,2019-09-18,261,142,137,"{""sim_day"": 142.0, ""doy"": 261.0, ""topwt"": 13196.52099609375, ""grnwt"": 4835.3564453125, ""xlai"": 0.7259572744369507, ""totir"": 0.0, ""tofer"": NaN, ""swfac"": 0.0, ""nstres"": 0.1802124977111816}",0.0,0.1802124977111816,13196.52099609375,4835.3564453125,0.7259572744369507,0.0,,0.0,0.0,0.0,180.0,8.607165527343753,8.607165527343753,Leave_One_experiments/all_year_offline_schedule_search/daily_outputs/HLA/HLA_2019_HLA2019_normal_grid_S0028_daily.csv
HLA,HLA,Hailun,2019,Leave_One_experiments\wth_generated_qc\HLA\HLA2019.WTH,wet_year;nitrogen_stress_year;low_response_year,wet,HLA2019_normal_grid_S0028,pareto_balanced,2019-09-19,262,143,138,"{""sim_day"": 143.0, ""doy"": 262.0, ""topwt"": 13271.7431640625, ""grnwt"": 4910.580139160156, ""xlai"": 0.7094367742538452, ""totir"": 0.0, ""tofer"": NaN, ""swfac"": 0.0, ""nstres"": 0.1820550560951233}",0.0,0.1820550560951233,13271.7431640625,4910.580139160156,0.7094367742538452,0.0,,0.0,0.0,0.0,180.0,8.607165527343753,8.607165527343753,Leave_One_experiments/all_year_offline_schedule_search/daily_outputs/HLA/HLA_2019_HLA2019_normal_grid_S0028_daily.csv
HLA,HLA,Hailun,2019,Leave_One_experiments\wth_generated_qc\HLA\HLA2019.WTH,wet_year;nitrogen_stress_year;low_response_year,wet,HLA2019_normal_grid_S0028,pareto_balanced,2019-09-20,263,144,139,"{""sim_day"": 144.0, ""doy"": 263.0, ""topwt"": 13326.50634765625, ""grnwt"": 4965.342712402344, ""xlai"": 0.6924494504928589, ""totir"": 0.0, ""tofer"": NaN, ""swfac"": 0.0, ""nstres"": 0.191558301448822}",0.0,0.191558301448822,13326.50634765625,4965.342712402344,0.6924494504928589,0.0,,0.0,0.0,0.0,180.0,8.607165527343753,8.607165527343753,Leave_One_experiments/all_year_offline_schedule_search/daily_outputs/HLA/HLA_2019_HLA2019_normal_grid_S0028_daily.csv
HLA,HLA,Hailun,2019,Leave_One_experiments\wth_generated_qc\HLA\HLA2019.WTH,wet_year;nitrogen_stress_year;low_response_year,wet,HLA2019_normal_grid_S0028,pareto_balanced,2019-09-21,264,145,140,"{""sim_day"": 145.0, ""doy"": 264.0, ""topwt"": 13436.63330078125, ""grnwt"": 5075.469665527344, ""xlai"": 0.6754765510559082, ""totir"": 0.0, ""tofer"": NaN, ""swfac"": 0.0, ""nstres"": 0.1960916519165039}",0.0,0.1960916519165039,13436.63330078125,5075.469665527344,0.6754765510559082,0.0,,0.0,0.0,0.0,180.0,8.607165527343753,8.607165527343753,Leave_One_experiments/all_year_offline_schedule_search/daily_outputs/HLA/HLA_2019_HLA2019_normal_grid_S0028_daily.csv
HLA,HLA,Hailun,2019,Leave_One_experiments\wth_generated_qc\HLA\HLA2019.WTH,wet_year;nitrogen_stress_year;low_response_year,wet,HLA2019_normal_grid_S0028,pareto_balanced,2019-09-22,265,146,141,"{""sim_day"": 146.0, ""doy"": 265.0, ""topwt"": 13549.27978515625, ""grnwt"": 5201.844482421875, ""xlai"": 0.6579794883728027, ""totir"": 0.0, ""tofer"": NaN, ""swfac"": 0.0, ""nstres"": 0.2216777205467224}",0.0,0.2216777205467224,13549.27978515625,5201.844482421875,0.6579794883728027,0.0,,0.0,0.0,0.0,180.0,8.607165527343753,8.607165527343753,Leave_One_experiments/all_year_offline_schedule_search/daily_outputs/HLA/HLA_2019_HLA2019_normal_grid_S0028_daily.csv
HLA,HLA,Hailun,2019,Leave_One_experiments\wth_generated_qc\HLA\HLA2019.WTH,wet_year;nitrogen_stress_year;low_response_year,wet,HLA2019_normal_grid_S0028,pareto_balanced,2019-09-23,266,147,142,"{""sim_day"": 147.0, ""doy"": 266.0, ""topwt"": 13622.58544921875, ""grnwt"": 5261.421508789063, ""xlai"": 0.6231723427772522, ""totir"": 0.0, ""tofer"": NaN, ""swfac"": 0.0, ""nstres"": 0.2698846459388733}",0.0,0.2698846459388733,13622.58544921875,5261.421508789063,0.6231723427772522,0.0,,0.0,0.0,0.0,180.0,8.607165527343753,8.607165527343753,Leave_One_experiments/all_year_offline_schedule_search/daily_outputs/HLA/HLA_2019_HLA2019_normal_grid_S0028_daily.csv
HLA,HLA,Hailun,2019,Leave_One_experiments\wth_generated_qc\HLA\HLA2019.WTH,wet_year;nitrogen_stress_year;low_response_year,wet,HLA2019_normal_grid_S0028,pareto_balanced,2019-09-24,267,148,143,"{""sim_day"": 148.0, ""doy"": 267.0, ""topwt"": 13717.8515625, ""grnwt"": 5360.716552734375, ""xlai"": 0.6054528951644897, ""totir"": 0.0, ""tofer"": NaN, ""swfac"": 0.0, ""nstres"": 0.2824236750602722}",0.0,0.2824236750602722,13717.8515625,5360.716552734375,0.6054528951644897,0.0,,0.0,0.0,0.0,180.0,8.607165527343753,8.607165527343753,Leave_One_experiments/all_year_offline_schedule_search/daily_outputs/HLA/HLA_2019_HLA2019_normal_grid_S0028_daily.csv
HLA,HLA,Hailun,2019,Leave_One_experiments\wth_generated_qc\HLA\HLA2019.WTH,wet_year;nitrogen_stress_year;low_response_year,wet,HLA2019_normal_grid_S0028,pareto_balanced,2019-09-25,268,149,144,"{""sim_day"": 149.0, ""doy"": 268.0, ""topwt"": 13717.8515625, ""grnwt"": 5360.716552734375, ""xlai"": 0.6054528951644897, ""totir"": 0.0, ""tofer"": NaN, ""swfac"": 0.0, ""nstres"": 0.3155554533004761}",0.0,0.3155554533004761,13717.8515625,5360.716552734375,0.6054528951644897,0.0,,0.0,0.0,0.0,180.0,8.607165527343753,8.607165527343753,Leave_One_experiments/all_year_offline_schedule_search/daily_outputs/HLA/HLA_2019_HLA2019_normal_grid_S0028_daily.csv
HLA,HLA,Hailun,2019,Leave_One_experiments\wth_generated_qc\HLA\HLA2019.WTH,wet_year;nitrogen_stress_year;low_response_year,wet,HLA2019_normal_grid_S0028,pareto_balanced,2019-09-26,269,150,145,"{""sim_day"": 150.0, ""doy"": 269.0, ""topwt"": 13717.8515625, ""grnwt"": 5360.716552734375, ""xlai"": 0.6054528951644897, ""totir"": 0.0, ""tofer"": NaN, ""swfac"": 0.0, ""nstres"": 0.3155554533004761}",0.0,0.3155554533004761,13717.8515625,5360.716552734375,0.6054528951644897,0.0,,0.0,0.0,0.0,180.0,8.607165527343753,8.607165527343753,Leave_One_experiments/all_year_offline_schedule_search/daily_outputs/HLA/HLA_2019_HLA2019_normal_grid_S0028_daily.csv
HLA,HLA,Hailun,2019,Leave_One_experiments\wth_generated_qc\HLA\HLA2019.WTH,wet_year;nitrogen_stress_year;low_response_year,wet,HLA2019_normal_grid_S0028,pareto_balanced,2019-09-27,270,151,146,"{""sim_day"": 151.0, ""doy"": 270.0, ""topwt"": 13717.8515625, ""grnwt"": 5360.716552734375, ""xlai"": 0.6054528951644897, ""totir"": 0.0, ""tofer"": NaN, ""swfac"": 0.0, ""nstres"": 0.3155554533004761}",0.0,0.3155554533004761,13717.8515625,5360.716552734375,0.6054528951644897,0.0,,0.0,0.0,0.0,180.0,8.607165527343753,8.607165527343753,Leave_One_experiments/all_year_offline_schedule_search/daily_outputs/HLA/HLA_2019_HLA2019_normal_grid_S0028_daily.csv
HLA,HLA,Hailun,2019,Leave_One_experiments\wth_generated_qc\HLA\HLA2019.WTH,wet_year;nitrogen_stress_year;low_response_year,wet,HLA2019_normal_grid_S0028,pareto_balanced,2019-09-28,271,152,147,"{""sim_day"": 152.0, ""doy"": 271.0, ""topwt"": 13717.8515625, ""grnwt"": 5360.716552734375, ""xlai"": 0.6054528951644897, ""totir"": 0.0, ""tofer"": NaN, ""swfac"": 0.0, ""nstres"": 0.3155554533004761}",0.0,0.3155554533004761,13717.8515625,5360.716552734375,0.6054528951644897,0.0,,0.0,0.0,0.0,180.0,8.607165527343753,8.607165527343753,Leave_One_experiments/all_year_offline_schedule_search/daily_outputs/HLA/HLA_2019_HLA2019_normal_grid_S0028_daily.csv
HLA,HLA,Hailun,2019,Leave_One_experiments\wth_generated_qc\HLA\HLA2019.WTH,wet_year;nitrogen_stress_year;low_response_year,wet,HLA2019_normal_grid_S0028,pareto_balanced,2019-09-29,272,153,148,"{""sim_day"": 153.0, ""doy"": 272.0, ""topwt"": 13717.8515625, ""grnwt"": 5360.716552734375, ""xlai"": 0.6054528951644897, ""totir"": 0.0, ""tofer"": NaN, ""swfac"": 0.0, ""nstres"": 0.3155554533004761}",0.0,0.3155554533004761,13717.8515625,5360.716552734375,0.6054528951644897,0.0,,0.0,0.0,0.0,180.0,8.607165527343753,8.607165527343753,Leave_One_experiments/all_year_offline_schedule_search/daily_outputs/HLA/HLA_2019_HLA2019_normal_grid_S0028_daily.csv
HLA,HLA,Hailun,2020,Leave_One_experiments\wth_generated_qc\HLA\HLA2020.WTH,wet_year;nitrogen_stress_year;low_response_year,wet,HLA2020_normal_grid_S0013,irrigation_positive_candidate,2020-05-04,125,1,1,"{""sim_day"": 1.0, ""doy"": 125.0, ""topwt"": 0.0, ""grnwt"": 0.0, ""xlai"": 0.0, ""totir"": 0.0, ""tofer"": NaN, ""swfac"": 0.0, ""nstres"": 0.0}",0.0,0.0,0.0,0.0,0.0,0.0,,0.0,50.0,30.0,150.0,13.505139160156247,25.505139160156247,Leave_One_experiments/all_year_offline_schedule_search/daily_outputs/HLA/HLA_2020_HLA2020_normal_grid_S0013_daily.csv
HLA,HLA,Hailun,2020,Leave_One_experiments\wth_generated_qc\HLA\HLA2020.WTH,wet_year;nitrogen_stress_year;low_response_year,wet,HLA2020_normal_grid_S0013,irrigation_positive_candidate,2020-05-05,126,2,2,"{""sim_day"": 2.0, ""doy"": 126.0, ""topwt"": 0.0, ""grnwt"": 0.0, ""xlai"": 0.0, ""totir"": 0.0, ""tofer"": NaN, ""swfac"": 0.0, ""nstres"": 0.0}",0.0,0.0,0.0,0.0,0.0,0.0,,0.0,0.0,30.0,150.0,13.505139160156247,25.505139160156247,Leave_One_experiments/all_year_offline_schedule_search/daily_outputs/HLA/HLA_2020_HLA2020_normal_grid_S0013_daily.csv
HLA,HLA,Hailun,2020,Leave_One_experiments\wth_generated_qc\HLA\HLA2020.WTH,wet_year;nitrogen_stress_year;low_response_year,wet,HLA2020_normal_grid_S0013,irrigation_positive_candidate,2020-05-06,127,3,3,"{""sim_day"": 3.0, ""doy"": 127.0, ""topwt"": 0.0, ""grnwt"": 0.0, ""xlai"": 0.0, ""totir"": 0.0, ""tofer"": NaN, ""swfac"": 0.0, ""nstres"": 0.0}",0.0,0.0,0.0,0.0,0.0,0.0,,0.0,0.0,30.0,150.0,13.505139160156247,25.505139160156247,Leave_One_experiments/all_year_offline_schedule_search/daily_outputs/HLA/HLA_2020_HLA2020_normal_grid_S0013_daily.csv
HLA,HLA,Hailun,2020,Leave_One_experiments\wth_generated_qc\HLA\HLA2020.WTH,wet_year;nitrogen_stress_year;low_response_year,wet,HLA2020_normal_grid_S0013,irrigation_positive_candidate,2020-05-07,128,4,4,"{""sim_day"": 4.0, ""doy"": 128.0, ""topwt"": 0.0, ""grnwt"": 0.0, ""xlai"": 0.0, ""totir"": 0.0, ""tofer"": NaN, ""swfac"": 0.0, ""nstres"": 0.0}",0.0,0.0,0.0,0.0,0.0,0.0,,0.0,0.0,30.0,150.0,13.505139160156247,25.505139160156247,Leave_One_experiments/all_year_offline_schedule_search/daily_outputs/HLA/HLA_2020_HLA2020_normal_grid_S0013_daily.csv
HLA,HLA,Hailun,2020,Leave_One_experiments\wth_generated_qc\HLA\HLA2020.WTH,wet_year;nitrogen_stress_year;low_response_year,wet,HLA2020_normal_grid_S0013,irrigation_positive_candidate,2020-05-08,129,5,5,"{""sim_day"": 5.0, ""doy"": 129.0, ""topwt"": 0.0, ""grnwt"": 0.0, ""xlai"": 0.0, ""totir"": 0.0, ""tofer"": NaN, ""swfac"": 0.0, ""nstres"": 0.0}",0.0,0.0,0.0,0.0,0.0,0.0,,0.0,0.0,30.0,150.0,13.505139160156247,25.505139160156247,Leave_One_experiments/all_year_offline_schedule_search/daily_outputs/HLA/HLA_2020_HLA2020_normal_grid_S0013_daily.csv
HLA,HLA,Hailun,2020,Leave_One_experiments\wth_generated_qc\HLA\HLA2020.WTH,wet_year;nitrogen_stress_year;low_response_year,wet,HLA2020_normal_grid_S0013,irrigation_positive_candidate,2020-05-04,125,6,1,"{""sim_day"": 6.0, ""doy"": 125.0, ""topwt"": 0.0, ""grnwt"": 0.0, ""xlai"": 0.0, ""totir"": 0.0, ""tofer"": NaN, ""swfac"": 0.0, ""nstres"": 0.0}",0.0,0.0,0.0,0.0,0.0,0.0,,0.0,0.0,30.0,150.0,13.505139160156247,25.505139160156247,Leave_One_experiments/all_year_offline_schedule_search/daily_outputs/HLA/HLA_2020_HLA2020_normal_grid_S0013_daily.csv
HLA,HLA,Hailun,2020,Leave_One_experiments\wth_generated_qc\HLA\HLA2020.WTH,wet_year;nitrogen_stress_year;low_response_year,wet,HLA2020_normal_grid_S0013,irrigation_positive_candidate,2020-05-05,126,7,2,"{""sim_day"": 7.0, ""doy"": 126.0, ""topwt"": 0.0, ""grnwt"": 0.0, ""xlai"": 0.0, ""totir"": 0.0, ""tofer"": NaN, ""swfac"": 0.0, ""nstres"": 0.0}",0.0,0.0,0.0,0.0,0.0,0.0,,0.0,0.0,30.0,150.0,13.505139160156247,25.505139160156247,Leave_One_experiments/all_year_offline_schedule_search/daily_outputs/HLA/HLA_2020_HLA2020_normal_grid_S0013_daily.csv
HLA,HLA,Hailun,2020,Leave_One_experiments\wth_generated_qc\HLA\HLA2020.WTH,wet_year;nitrogen_stress_year;low_response_year,wet,HLA2020_normal_grid_S0013,irrigation_positive_candidate,2020-05-06,127,8,3,"{""sim_day"": 8.0, ""doy"": 127.0, ""topwt"": 0.0, ""grnwt"": 0.0, ""xlai"": 0.0, ""totir"": 0.0, ""tofer"": NaN, ""swfac"": 0.0, ""nstres"": 0.0}",0.0,0.0,0.0,0.0,0.0,0.0,,0.0,0.0,30.0,150.0,13.505139160156247,25.505139160156247,Leave_One_experiments/all_year_offline_schedule_search/daily_outputs/HLA/HLA_2020_HLA2020_normal_grid_S0013_daily.csv
HLA,HLA,Hailun,2020,Leave_One_experiments\wth_generated_qc\HLA\HLA2020.WTH,wet_year;nitrogen_stress_year;low_response_year,wet,HLA2020_normal_grid_S0013,irrigation_positive_candidate,2020-05-07,128,9,4,"{""sim_day"": 9.0, ""doy"": 128.0, ""topwt"": 0.0, ""grnwt"": 0.0, ""xlai"": 0.0, ""totir"": 0.0, ""tofer"": NaN, ""swfac"": 0.0, ""nstres"": 0.0}",0.0,0.0,0.0,0.0,0.0,0.0,,0.0,0.0,30.0,150.0,13.505139160156247,25.505139160156247,Leave_One_experiments/all_year_offline_schedule_search/daily_outputs/HLA/HLA_2020_HLA2020_normal_grid_S0013_daily.csv
HLA,HLA,Hailun,2020,Leave_One_experiments\wth_generated_qc\HLA\HLA2020.WTH,wet_year;nitrogen_stress_year;low_response_year,wet,HLA2020_normal_grid_S0013,irrigation_positive_candidate,2020-05-08,129,10,5,"{""sim_day"": 10.0, ""doy"": 129.0, ""topwt"": 0.0, ""grnwt"": 0.0, ""xlai"": 0.0, ""totir"": 0.0, ""tofer"": NaN, ""swfac"": 0.0, ""nstres"": 0.0}",0.0,0.0,0.0,0.0,0.0,0.0,,0.0,0.0,30.0,150.0,13.505139160156247,25.505139160156247,Leave_One_experiments/all_year_offline_schedule_search/daily_outputs/HLA/HLA_2020_HLA2020_normal_grid_S0013_daily.csv
HLA,HLA,Hailun,2020,Leave_One_experiments\wth_generated_qc\HLA\HLA2020.WTH,wet_year;nitrogen_stress_year;low_response_year,wet,HLA2020_normal_grid_S0013,irrigation_positive_candidate,2020-05-09,130,11,6,"{""sim_day"": 11.0, ""doy"": 130.0, ""topwt"": 0.0, ""grnwt"": 0.0, ""xlai"": 0.0, ""totir"": 0.0, ""tofer"": NaN, ""swfac"": 0.0, ""nstres"": 0.0}",0.0,0.0,0.0,0.0,0.0,0.0,,0.0,0.0,30.0,150.0,13.505139160156247,25.505139160156247,Leave_One_experiments/all_year_offline_schedule_search/daily_outputs/HLA/HLA_2020_HLA2020_normal_grid_S0013_daily.csv
HLA,HLA,Hailun,2020,Leave_One_experiments\wth_generated_qc\HLA\HLA2020.WTH,wet_year;nitrogen_stress_year;low_response_year,wet,HLA2020_normal_grid_S0013,irrigation_positive_candidate,2020-05-10,131,12,7,"{""sim_day"": 12.0, ""doy"": 131.0, ""topwt"": 0.0, ""grnwt"": 0.0, ""xlai"": 0.0, ""totir"": 0.0, ""tofer"": NaN, ""swfac"": 0.0, ""nstres"": 0.0}",0.0,0.0,0.0,0.0,0.0,0.0,,0.0,0.0,30.0,150.0,13.505139160156247,25.505139160156247,Leave_One_experiments/all_year_offline_schedule_search/daily_outputs/HLA/HLA_2020_HLA2020_normal_grid_S0013_daily.csv
HLA,HLA,Hailun,2020,Leave_One_experiments\wth_generated_qc\HLA\HLA2020.WTH,wet_year;nitrogen_stress_year;low_response_year,wet,HLA2020_normal_grid_S0013,irrigation_positive_candidate,2020-05-11,132,13,8,"{""sim_day"": 13.0, ""doy"": 132.0, ""topwt"": 0.0, ""grnwt"": 0.0, ""xlai"": 0.0, ""totir"": 0.0, ""tofer"": NaN, ""swfac"": 0.0, ""nstres"": 0.0}",0.0,0.0,0.0,0.0,0.0,0.0,,0.0,0.0,30.0,150.0,13.505139160156247,25.505139160156247,Leave_One_experiments/all_year_offline_schedule_search/daily_outputs/HLA/HLA_2020_HLA2020_normal_grid_S0013_daily.csv
HLA,HLA,Hailun,2020,Leave_One_experiments\wth_generated_qc\HLA\HLA2020.WTH,wet_year;nitrogen_stress_year;low_response_year,wet,HLA2020_normal_grid_S0013,irrigation_positive_candidate,2020-05-12,133,14,9,"{""sim_day"": 14.0, ""doy"": 133.0, ""topwt"": 0.0, ""grnwt"": 0.0, ""xlai"": 0.0, ""totir"": 0.0, ""tofer"": NaN, ""swfac"": 0.0, ""nstres"": 0.0}",0.0,0.0,0.0,0.0,0.0,0.0,,0.0,0.0,30.0,150.0,13.505139160156247,25.505139160156247,Leave_One_experiments/all_year_offline_schedule_search/daily_outputs/HLA/HLA_2020_HLA2020_normal_grid_S0013_daily.csv
HLA,HLA,Hailun,2020,Leave_One_experiments\wth_generated_qc\HLA\HLA2020.WTH,wet_year;nitrogen_stress_year;low_response_year,wet,HLA2020_normal_grid_S0013,irrigation_positive_candidate,2020-05-13,134,15,10,"{""sim_day"": 15.0, ""doy"": 134.0, ""topwt"": 0.0, ""grnwt"": 0.0, ""xlai"": 0.0, ""totir"": 0.0, ""tofer"": NaN, ""swfac"": 0.0, ""nstres"": 0.0}",0.0,0.0,0.0,0.0,0.0,0.0,,0.0,0.0,30.0,150.0,13.505139160156247,25.505139160156247,Leave_One_experiments/all_year_offline_schedule_search/daily_outputs/HLA/HLA_2020_HLA2020_normal_grid_S0013_daily.csv
HLA,HLA,Hailun,2020,Leave_One_experiments\wth_generated_qc\HLA\HLA2020.WTH,wet_year;nitrogen_stress_year;low_response_year,wet,HLA2020_normal_grid_S0013,irrigation_positive_candidate,2020-05-14,135,16,11,"{""sim_day"": 16.0, ""doy"": 135.0, ""topwt"": 0.0, ""grnwt"": 0.0, ""xlai"": 0.0, ""totir"": 0.0, ""tofer"": NaN, ""swfac"": 0.0, ""nstres"": 0.0}",0.0,0.0,0.0,0.0,0.0,0.0,,0.0,0.0,30.0,150.0,13.505139160156247,25.505139160156247,Leave_One_experiments/all_year_offline_schedule_search/daily_outputs/HLA/HLA_2020_HLA2020_normal_grid_S0013_daily.csv
HLA,HLA,Hailun,2020,Leave_One_experiments\wth_generated_qc\HLA\HLA2020.WTH,wet_year;nitrogen_stress_year;low_response_year,wet,HLA2020_normal_grid_S0013,irrigation_positive_candidate,2020-05-15,136,17,12,"{""sim_day"": 17.0, ""doy"": 136.0, ""topwt"": 20.0, ""grnwt"": 0.0, ""xlai"": 0.0019170467276126, ""totir"": 0.0, ""tofer"": NaN, ""swfac"": 0.0, ""nstres"": 0.0121910572052001}",0.0,0.0121910572052001,20.0,0.0,0.0019170467276126,0.0,,0.0,0.0,30.0,150.0,13.505139160156247,25.505139160156247,Leave_One_experiments/all_year_offline_schedule_search/daily_outputs/HLA/HLA_2020_HLA2020_normal_grid_S0013_daily.csv
HLA,HLA,Hailun,2020,Leave_One_experiments\wth_generated_qc\HLA\HLA2020.WTH,wet_year;nitrogen_stress_year;low_response_year,wet,HLA2020_normal_grid_S0013,irrigation_positive_candidate,2020-05-16,137,18,13,"{""sim_day"": 18.0, ""doy"": 137.0, ""topwt"": 20.0, ""grnwt"": 0.0, ""xlai"": 0.0036967506166547, ""totir"": 0.0, ""tofer"": NaN, ""swfac"": 0.0, ""nstres"": 0.0149148106575012}",0.0,0.0149148106575012,20.0,0.0,0.0036967506166547,0.0,,0.0,0.0,30.0,150.0,13.505139160156247,25.505139160156247,Leave_One_experiments/all_year_offline_schedule_search/daily_outputs/HLA/HLA_2020_HLA2020_normal_grid_S0013_daily.csv
HLA,HLA,Hailun,2020,Leave_One_experiments\wth_generated_qc\HLA\HLA2020.WTH,wet_year;nitrogen_stress_year;low_response_year,wet,HLA2020_normal_grid_S0013,irrigation_positive_candidate,2020-05-17,138,19,14,"{""sim_day"": 19.0, ""doy"": 138.0, ""topwt"": 20.0, ""grnwt"": 0.0, ""xlai"": 0.0051076239906251, ""totir"": 0.0, ""tofer"": NaN, ""swfac"": 0.0, ""nstres"": 0.0118875503540039}",0.0,0.0118875503540039,20.0,0.0,0.0051076239906251,0.0,,0.0,0.0,30.0,150.0,13.505139160156247,25.505139160156247,Leave_One_experiments/all_year_offline_schedule_search/daily_outputs/HLA/HLA_2020_HLA2020_normal_grid_S0013_daily.csv
HLA,HLA,Hailun,2020,Leave_One_experiments\wth_generated_qc\HLA\HLA2020.WTH,wet_year;nitrogen_stress_year;low_response_year,wet,HLA2020_normal_grid_S0013,irrigation_positive_candidate,2020-05-18,139,20,15,"{""sim_day"": 20.0, ""doy"": 139.0, ""topwt"": 20.0, ""grnwt"": 0.0, ""xlai"": 0.0066419006325304, ""totir"": 0.0, ""tofer"": NaN, ""swfac"": 0.0, ""nstres"": 0.0088218450546264}",0.0,0.0088218450546264,20.0,0.0,0.0066419006325304,0.0,,0.0,0.0,30.0,150.0,13.505139160156247,25.505139160156247,Leave_One_experiments/all_year_offline_schedule_search/daily_outputs/HLA/HLA_2020_HLA2020_normal_grid_S0013_daily.csv
HLA,HLA,Hailun,2020,Leave_One_experiments\wth_generated_qc\HLA\HLA2020.WTH,wet_year;nitrogen_stress_year;low_response_year,wet,HLA2020_normal_grid_S0013,irrigation_positive_candidate,2020-05-19,140,21,16,"{""sim_day"": 21.0, ""doy"": 140.0, ""topwt"": 20.0, ""grnwt"": 0.0, ""xlai"": 0.0079962816089391, ""totir"": 0.0, ""tofer"": NaN, ""swfac"": 0.0, ""nstres"": 0.0062395334243774}",0.0,0.0062395334243774,20.0,0.0,0.0079962816089391,0.0,,0.0,0.0,30.0,150.0,13.505139160156247,25.505139160156247,Leave_One_experiments/all_year_offline_schedule_search/daily_outputs/HLA/HLA_2020_HLA2020_normal_grid_S0013_daily.csv
HLA,HLA,Hailun,2020,Leave_One_experiments\wth_generated_qc\HLA\HLA2020.WTH,wet_year;nitrogen_stress_year;low_response_year,wet,HLA2020_normal_grid_S0013,irrigation_positive_candidate,2020-05-20,141,22,17,"{""sim_day"": 22.0, ""doy"": 141.0, ""topwt"": 20.0, ""grnwt"": 0.0, ""xlai"": 0.009999606758356, ""totir"": 0.0, ""tofer"": NaN, ""swfac"": 0.0, ""nstres"": 0.0026842951774597}",0.0,0.0026842951774597,20.0,0.0,0.009999606758356,0.0,,0.0,0.0,30.0,150.0,13.505139160156247,25.505139160156247,Leave_One_experiments/all_year_offline_schedule_search/daily_outputs/HLA/HLA_2020_HLA2020_normal_grid_S0013_daily.csv
HLA,HLA,Hailun,2020,Leave_One_experiments\wth_generated_qc\HLA\HLA2020.WTH,wet_year;nitrogen_stress_year;low_response_year,wet,HLA2020_normal_grid_S0013,irrigation_positive_candidate,2020-05-21,142,23,18,"{""sim_day"": 23.0, ""doy"": 142.0, ""topwt"": 20.0, ""grnwt"": 0.0, ""xlai"": 0.0125290295109152, ""totir"": 0.0, ""tofer"": NaN, ""swfac"": 0.0, ""nstres"": 0.0}",0.0,0.0,20.0,0.0,0.0125290295109152,0.0,,0.0,0.0,30.0,150.0,13.505139160156247,25.505139160156247,Leave_One_experiments/all_year_offline_schedule_search/daily_outputs/HLA/HLA_2020_HLA2020_normal_grid_S0013_daily.csv
HLA,HLA,Hailun,2020,Leave_One_experiments\wth_generated_qc\HLA\HLA2020.WTH,wet_year;nitrogen_stress_year;low_response_year,wet,HLA2020_normal_grid_S0013,irrigation_positive_candidate,2020-05-22,143,24,19,"{""sim_day"": 24.0, ""doy"": 143.0, ""topwt"": 20.0, ""grnwt"": 0.0, ""xlai"": 0.0200553201138973, ""totir"": 0.0, ""tofer"": NaN, ""swfac"": 0.0, ""nstres"": 0.0}",0.0,0.0,20.0,0.0,0.0200553201138973,0.0,,0.0,0.0,30.0,150.0,13.505139160156247,25.505139160156247,Leave_One_experiments/all_year_offline_schedule_search/daily_outputs/HLA/HLA_2020_HLA2020_normal_grid_S0013_daily.csv
HLA,HLA,Hailun,2020,Leave_One_experiments\wth_generated_qc\HLA\HLA2020.WTH,wet_year;nitrogen_stress_year;low_response_year,wet,HLA2020_normal_grid_S0013,irrigation_positive_candidate,2020-05-23,144,25,20,"{""sim_day"": 25.0, ""doy"": 144.0, ""topwt"": 20.0, ""grnwt"": 0.0, ""xlai"": 0.0246596429497003, ""totir"": 0.0, ""tofer"": NaN, ""swfac"": 0.0, ""nstres"": 0.0}",0.0,0.0,20.0,0.0,0.0246596429497003,0.0,,0.0,0.0,30.0,150.0,13.505139160156247,25.505139160156247,Leave_One_experiments/all_year_offline_schedule_search/daily_outputs/HLA/HLA_2020_HLA2020_normal_grid_S0013_daily.csv
HLA,HLA,Hailun,2020,Leave_One_experiments\wth_generated_qc\HLA\HLA2020.WTH,wet_year;nitrogen_stress_year;low_response_year,wet,HLA2020_normal_grid_S0013,irrigation_positive_candidate,2020-05-24,145,26,21,"{""sim_day"": 26.0, ""doy"": 145.0, ""topwt"": 20.0, ""grnwt"": 0.0, ""xlai"": 0.0255924053490161, ""totir"": 0.0, ""tofer"": NaN, ""swfac"": 0.0, ""nstres"": 0.0}",0.0,0.0,20.0,0.0,0.0255924053490161,0.0,,0.0,0.0,30.0,150.0,13.505139160156247,25.505139160156247,Leave_One_experiments/all_year_offline_schedule_search/daily_outputs/HLA/HLA_2020_HLA2020_normal_grid_S0013_daily.csv
HLA,HLA,Hailun,2020,Leave_One_experiments\wth_generated_qc\HLA\HLA2020.WTH,wet_year;nitrogen_stress_year;low_response_year,wet,HLA2020_normal_grid_S0013,irrigation_positive_candidate,2020-05-25,146,27,22,"{""sim_day"": 27.0, ""doy"": 146.0, ""topwt"": 20.0, ""grnwt"": 0.0, ""xlai"": 0.0298073999583721, ""totir"": 0.0, ""tofer"": NaN, ""swfac"": 0.0, ""nstres"": 0.0}",0.0,0.0,20.0,0.0,0.0298073999583721,0.0,,0.0,0.0,30.0,150.0,13.505139160156247,25.505139160156247,Leave_One_experiments/all_year_offline_schedule_search/daily_outputs/HLA/HLA_2020_HLA2020_normal_grid_S0013_daily.csv
HLA,HLA,Hailun,2020,Leave_One_experiments\wth_generated_qc\HLA\HLA2020.WTH,wet_year;nitrogen_stress_year;low_response_year,wet,HLA2020_normal_grid_S0013,irrigation_positive_candidate,2020-05-26,147,28,23,"{""sim_day"": 28.0, ""doy"": 147.0, ""topwt"": 21.346449851989743, ""grnwt"": 0.0, ""xlai"": 0.0379648134112358, ""totir"": 0.0, ""tofer"": NaN, ""swfac"": 0.0, ""nstres"": 0.0}",0.0,0.0,21.346449851989743,0.0,0.0379648134112358,0.0,,0.0,0.0,30.0,150.0,13.505139160156247,25.505139160156247,Leave_One_experiments/all_year_offline_schedule_search/daily_outputs/HLA/HLA_2020_HLA2020_normal_grid_S0013_daily.csv
HLA,HLA,Hailun,2020,Leave_One_experiments\wth_generated_qc\HLA\HLA2020.WTH,wet_year;nitrogen_stress_year;low_response_year,wet,HLA2020_normal_grid_S0013,irrigation_positive_candidate,2020-05-27,148,29,24,"{""sim_day"": 29.0, ""doy"": 148.0, ""topwt"": 26.772711277008057, ""grnwt"": 0.0, ""xlai"": 0.0518428348004817, ""totir"": 0.0, ""tofer"": NaN, ""swfac"": 0.0, ""nstres"": 0.0}",0.0,0.0,26.772711277008057,0.0,0.0518428348004817,0.0,,0.0,0.0,30.0,150.0,13.505139160156247,25.505139160156247,Leave_One_experiments/all_year_offline_schedule_search/daily_outputs/HLA/HLA_2020_HLA2020_normal_grid_S0013_daily.csv
HLA,HLA,Hailun,2020,Leave_One_experiments\wth_generated_qc\HLA\HLA2020.WTH,wet_year;nitrogen_stress_year;low_response_year,wet,HLA2020_normal_grid_S0013,irrigation_positive_candidate,2020-05-28,149,30,25,"{""sim_day"": 30.0, ""doy"": 149.0, ""topwt"": 34.39574241638184, ""grnwt"": 0.0, ""xlai"": 0.0698710083961486, ""totir"": 0.0, ""tofer"": NaN, ""swfac"": 0.0, ""nstres"": 0.0}",0.0,0.0,34.39574241638184,0.0,0.0698710083961486,0.0,,0.0,0.0,30.0,150.0,13.505139160156247,25.505139160156247,Leave_One_experiments/all_year_offline_schedule_search/daily_outputs/HLA/HLA_2020_HLA2020_normal_grid_S0013_daily.csv
HLA,HLA,Hailun,2020,Leave_One_experiments\wth_generated_qc\HLA\HLA2020.WTH,wet_year;nitrogen_stress_year;low_response_year,wet,HLA2020_normal_grid_S0013,irrigation_positive_candidate,2020-05-29,150,31,26,"{""sim_day"": 31.0, ""doy"": 150.0, ""topwt"": 44.97461795806885, ""grnwt"": 0.0, ""xlai"": 0.0930695682764053, ""totir"": 0.0, ""tofer"": NaN, ""swfac"": 0.0, ""nstres"": 0.0}",0.0,0.0,44.97461795806885,0.0,0.0930695682764053,0.0,,0.0,0.0,30.0,150.0,13.505139160156247,25.505139160156247,Leave_One_experiments/all_year_offline_schedule_search/daily_outputs/HLA/HLA_2020_HLA2020_normal_grid_S0013_daily.csv
HLA,HLA,Hailun,2020,Leave_One_experiments\wth_generated_qc\HLA\HLA2020.WTH,wet_year;nitrogen_stress_year;low_response_year,wet,HLA2020_normal_grid_S0013,irrigation_positive_candidate,2020-05-30,151,32,27,"{""sim_day"": 32.0, ""doy"": 151.0, ""topwt"": 53.82845878601074, ""grnwt"": 0.0, ""xlai"": 0.1113625839352607, ""totir"": 0.0, ""tofer"": NaN, ""swfac"": 0.0, ""nstres"": 0.0}",0.0,0.0,53.82845878601074,0.0,0.1113625839352607,0.0,,0.0,0.0,30.0,150.0,13.505139160156247,25.505139160156247,Leave_One_experiments/all_year_offline_schedule_search/daily_outputs/HLA/HLA_2020_HLA2020_normal_grid_S0013_daily.csv
HLA,HLA,Hailun,2020,Leave_One_experiments\wth_generated_qc\HLA\HLA2020.WTH,wet_year;nitrogen_stress_year;low_response_year,wet,HLA2020_normal_grid_S0013,irrigation_positive_candidate,2020-05-31,152,33,28,"{""sim_day"": 33.0, ""doy"": 152.0, ""topwt"": 58.59722137451172, ""grnwt"": 0.0, ""xlai"": 0.1208891570568084, ""totir"": 0.0, ""tofer"": NaN, ""swfac"": 0.0, ""nstres"": 0.0}",0.0,0.0,58.59722137451172,0.0,0.1208891570568084,0.0,,0.0,0.0,30.0,150.0,13.505139160156247,25.505139160156247,Leave_One_experiments/all_year_offline_schedule_search/daily_outputs/HLA/HLA_2020_HLA2020_normal_grid_S0013_daily.csv
HLA,HLA,Hailun,2020,Leave_One_experiments\wth_generated_qc\HLA\HLA2020.WTH,wet_year;nitrogen_stress_year;low_response_year,wet,HLA2020_normal_grid_S0013,irrigation_positive_candidate,2020-06-01,153,34,29,"{""sim_day"": 34.0, ""doy"": 153.0, ""topwt"": 66.02163791656494, ""grnwt"": 0.0, ""xlai"": 0.1353459656238556, ""totir"": 0.0, ""tofer"": NaN, ""swfac"": 0.0, ""nstres"": 0.0}",0.0,0.0,66.02163791656494,0.0,0.1353459656238556,0.0,,0.0,0.0,30.0,150.0,13.505139160156247,25.505139160156247,Leave_One_experiments/all_year_offline_schedule_search/daily_outputs/HLA/HLA_2020_HLA2020_normal_grid_S0013_daily.csv
HLA,HLA,Hailun,2020,Leave_One_experiments\wth_generated_qc\HLA\HLA2020.WTH,wet_year;nitrogen_stress_year;low_response_year,wet,HLA2020_normal_grid_S0013,irrigation_positive_candidate,2020-06-02,154,35,30,"{""sim_day"": 35.0, ""doy"": 154.0, ""topwt"": 73.16883087158203, ""grnwt"": 0.0, ""xlai"": 0.1488890051841735, ""totir"": 0.0, ""tofer"": NaN, ""swfac"": 0.0, ""nstres"": 0.0}",0.0,0.0,73.16883087158203,0.0,0.1488890051841735,0.0,,0.0,50.0,30.0,150.0,13.505139160156247,25.505139160156247,Leave_One_experiments/all_year_offline_schedule_search/daily_outputs/HLA/HLA_2020_HLA2020_normal_grid_S0013_daily.csv
HLA,HLA,Hailun,2020,Leave_One_experiments\wth_generated_qc\HLA\HLA2020.WTH,wet_year;nitrogen_stress_year;low_response_year,wet,HLA2020_normal_grid_S0013,irrigation_positive_candidate,2020-06-03,155,36,31,"{""sim_day"": 36.0, ""doy"": 155.0, ""topwt"": 79.12142276763916, ""grnwt"": 0.0, ""xlai"": 0.159924566745758, ""totir"": 0.0, ""tofer"": NaN, ""swfac"": 0.0, ""nstres"": 0.0}",0.0,0.0,79.12142276763916,0.0,0.159924566745758,0.0,,0.0,0.0,30.0,150.0,13.505139160156247,25.505139160156247,Leave_One_experiments/all_year_offline_schedule_search/daily_outputs/HLA/HLA_2020_HLA2020_normal_grid_S0013_daily.csv
HLA,HLA,Hailun,2020,Leave_One_experiments\wth_generated_qc\HLA\HLA2020.WTH,wet_year;nitrogen_stress_year;low_response_year,wet,HLA2020_normal_grid_S0013,irrigation_positive_candidate,2020-06-04,156,37,32,"{""sim_day"": 37.0, ""doy"": 156.0, ""topwt"": 89.26190376281738, ""grnwt"": 0.0, ""xlai"": 0.1782820969820022, ""totir"": 0.0, ""tofer"": NaN, ""swfac"": 0.0, ""nstres"": 0.0}",0.0,0.0,89.26190376281738,0.0,0.1782820969820022,0.0,,0.0,0.0,30.0,150.0,13.505139160156247,25.505139160156247,Leave_One_experiments/all_year_offline_schedule_search/daily_outputs/HLA/HLA_2020_HLA2020_normal_grid_S0013_daily.csv
HLA,HLA,Hailun,2020,Leave_One_experiments\wth_generated_qc\HLA\HLA2020.WTH,wet_year;nitrogen_stress_year;low_response_year,wet,HLA2020_normal_grid_S0013,irrigation_positive_candidate,2020-06-05,157,38,33,"{""sim_day"": 38.0, ""doy"": 157.0, ""topwt"": 100.59152603149414, ""grnwt"": 0.0, ""xlai"": 0.1982204020023346, ""totir"": 0.0, ""tofer"": NaN, ""swfac"": 0.0, ""nstres"": 0.0}",0.0,0.0,100.59152603149414,0.0,0.1982204020023346,0.0,,0.0,0.0,30.0,150.0,13.505139160156247,25.505139160156247,Leave_One_experiments/all_year_offline_schedule_search/daily_outputs/HLA/HLA_2020_HLA2020_normal_grid_S0013_daily.csv
HLA,HLA,Hailun,2020,Leave_One_experiments\wth_generated_qc\HLA\HLA2020.WTH,wet_year;nitrogen_stress_year;low_response_year,wet,HLA2020_normal_grid_S0013,irrigation_positive_candidate,2020-06-06,158,39,34,"{""sim_day"": 39.0, ""doy"": 158.0, ""topwt"": 117.57002830505373, ""grnwt"": 0.0, ""xlai"": 0.2271552979946136, ""totir"": 0.0, ""tofer"": NaN, ""swfac"": 0.0, ""nstres"": 0.0}",0.0,0.0,117.57002830505373,0.0,0.2271552979946136,0.0,,0.0,0.0,30.0,150.0,13.505139160156247,25.505139160156247,Leave_One_experiments/all_year_offline_schedule_search/daily_outputs/HLA/HLA_2020_HLA2020_normal_grid_S0013_daily.csv
HLA,HLA,Hailun,2020,Leave_One_experiments\wth_generated_qc\HLA\HLA2020.WTH,wet_year;nitrogen_stress_year;low_response_year,wet,HLA2020_normal_grid_S0013,irrigation_positive_candidate,2020-06-07,159,40,35,"{""sim_day"": 40.0, ""doy"": 159.0, ""topwt"": 144.53235626220703, ""grnwt"": 0.0, ""xlai"": 0.2712247371673584, ""totir"": 0.0, ""tofer"": NaN, ""swfac"": 0.0, ""nstres"": 0.0}",0.0,0.0,144.53235626220703,0.0,0.2712247371673584,0.0,,0.0,0.0,30.0,150.0,13.505139160156247,25.505139160156247,Leave_One_experiments/all_year_offline_schedule_search/daily_outputs/HLA/HLA_2020_HLA2020_normal_grid_S0013_daily.csv
HLA,HLA,Hailun,2020,Leave_One_experiments\wth_generated_qc\HLA\HLA2020.WTH,wet_year;nitrogen_stress_year;low_response_year,wet,HLA2020_normal_grid_S0013,irrigation_positive_candidate,2020-06-08,160,41,36,"{""sim_day"": 41.0, ""doy"": 160.0, ""topwt"": 163.41554641723633, ""grnwt"": 0.0, ""xlai"": 0.3214648067951202, ""totir"": 0.0, ""tofer"": NaN, ""swfac"": 0.0, ""nstres"": 0.0}",0.0,0.0,163.41554641723633,0.0,0.3214648067951202,0.0,,0.0,0.0,30.0,150.0,13.505139160156247,25.505139160156247,Leave_One_experiments/all_year_offline_schedule_search/daily_outputs/HLA/HLA_2020_HLA2020_normal_grid_S0013_daily.csv
HLA,HLA,Hailun,2020,Leave_One_experiments\wth_generated_qc\HLA\HLA2020.WTH,wet_year;nitrogen_stress_year;low_response_year,wet,HLA2020_normal_grid_S0013,irrigation_positive_candidate,2020-06-09,161,42,37,"{""sim_day"": 42.0, ""doy"": 161.0, ""topwt"": 184.7212028503418, ""grnwt"": 0.0, ""xlai"": 0.3563607931137085, ""totir"": 0.0, ""tofer"": NaN, ""swfac"": 0.0, ""nstres"": 0.0055958032608032}",0.0,0.0055958032608032,184.7212028503418,0.0,0.3563607931137085,0.0,,0.0,0.0,30.0,150.0,13.505139160156247,25.505139160156247,Leave_One_experiments/all_year_offline_schedule_search/daily_outputs/HLA/HLA_2020_HLA2020_normal_grid_S0013_daily.csv
HLA,HLA,Hailun,2020,Leave_One_experiments\wth_generated_qc\HLA\HLA2020.WTH,wet_year;nitrogen_stress_year;low_response_year,wet,HLA2020_normal_grid_S0013,irrigation_positive_candidate,2020-06-10,162,43,38,"{""sim_day"": 43.0, ""doy"": 162.0, ""topwt"": 212.63628005981445, ""grnwt"": 0.0, ""xlai"": 0.400761216878891, ""totir"": 0.0, ""tofer"": NaN, ""swfac"": 0.0, ""nstres"": 0.0}",0.0,0.0,212.63628005981445,0.0,0.400761216878891,0.0,,0.0,0.0,30.0,150.0,13.505139160156247,25.505139160156247,Leave_One_experiments/all_year_offline_schedule_search/daily_outputs/HLA/HLA_2020_HLA2020_normal_grid_S0013_daily.csv
HLA,HLA,Hailun,2020,Leave_One_experiments\wth_generated_qc\HLA\HLA2020.WTH,wet_year;nitrogen_stress_year;low_response_year,wet,HLA2020_normal_grid_S0013,irrigation_positive_candidate,2020-06-11,163,44,39,"{""sim_day"": 44.0, ""doy"": 163.0, ""topwt"": 244.52938079833984, ""grnwt"": 0.0, ""xlai"": 0.4499333798885345, ""totir"": 0.0, ""tofer"": NaN, ""swfac"": 0.0, ""nstres"": 0.0}",0.0,0.0,244.52938079833984,0.0,0.4499333798885345,0.0,,0.0,0.0,30.0,150.0,13.505139160156247,25.505139160156247,Leave_One_experiments/all_year_offline_schedule_search/daily_outputs/HLA/HLA_2020_HLA2020_normal_grid_S0013_daily.csv
HLA,HLA,Hailun,2020,Leave_One_experiments\wth_generated_qc\HLA\HLA2020.WTH,wet_year;nitrogen_stress_year;low_response_year,wet,HLA2020_normal_grid_S0013,irrigation_positive_candidate,2020-06-12,164,45,40,"{""sim_day"": 45.0, ""doy"": 164.0, ""topwt"": 285.2796936035156, ""grnwt"": 0.0, ""xlai"": 0.5107492804527283, ""totir"": 0.0, ""tofer"": NaN, ""swfac"": 0.0, ""nstres"": 0.0}",0.0,0.0,285.2796936035156,0.0,0.5107492804527283,0.0,,0.0,0.0,30.0,150.0,13.505139160156247,25.505139160156247,Leave_One_experiments/all_year_offline_schedule_search/daily_outputs/HLA/HLA_2020_HLA2020_normal_grid_S0013_daily.csv
HLA,HLA,Hailun,2020,Leave_One_experiments\wth_generated_qc\HLA\HLA2020.WTH,wet_year;nitrogen_stress_year;low_response_year,wet,HLA2020_normal_grid_S0013,irrigation_positive_candidate,2020-06-13,165,46,41,"{""sim_day"": 46.0, ""doy"": 165.0, ""topwt"": 295.3075218200684, ""grnwt"": 0.0, ""xlai"": 0.5252103805541992, ""totir"": 0.0, ""tofer"": NaN, ""swfac"": 0.0, ""nstres"": 0.0}",0.0,0.0,295.3075218200684,0.0,0.5252103805541992,0.0,,0.0,0.0,30.0,150.0,13.505139160156247,25.505139160156247,Leave_One_experiments/all_year_offline_schedule_search/daily_outputs/HLA/HLA_2020_HLA2020_normal_grid_S0013_daily.csv
HLA,HLA,Hailun,2020,Leave_One_experiments\wth_generated_qc\HLA\HLA2020.WTH,wet_year;nitrogen_stress_year;low_response_year,wet,HLA2020_normal_grid_S0013,irrigation_positive_candidate,2020-06-14,166,47,42,"{""sim_day"": 47.0, ""doy"": 166.0, ""topwt"": 330.6667709350586, ""grnwt"": 0.0, ""xlai"": 0.5760537385940552, ""totir"": 0.0, ""tofer"": NaN, ""swfac"": 0.0, ""nstres"": 0.0}",0.0,0.0,330.6667709350586,0.0,0.5760537385940552,0.0,,0.0,0.0,30.0,150.0,13.505139160156247,25.505139160156247,Leave_One_experiments/all_year_offline_schedule_search/daily_outputs/HLA/HLA_2020_HLA2020_normal_grid_S0013_daily.csv
HLA,HLA,Hailun,2020,Leave_One_experiments\wth_generated_qc\HLA\HLA2020.WTH,wet_year;nitrogen_stress_year;low_response_year,wet,HLA2020_normal_grid_S0013,irrigation_positive_candidate,2020-06-15,167,48,43,"{""sim_day"": 48.0, ""doy"": 167.0, ""topwt"": 360.4043960571289, ""grnwt"": 0.0, ""xlai"": 0.6148272156715393, ""totir"": 0.0, ""tofer"": NaN, ""swfac"": 0.0, ""nstres"": 0.0}",0.0,0.0,360.4043960571289,0.0,0.6148272156715393,0.0,,0.0,0.0,30.0,150.0,13.505139160156247,25.505139160156247,Leave_One_experiments/all_year_offline_schedule_search/daily_outputs/HLA/HLA_2020_HLA2020_normal_grid_S0013_daily.csv
HLA,HLA,Hailun,2020,Leave_One_experiments\wth_generated_qc\HLA\HLA2020.WTH,wet_year;nitrogen_stress_year;low_response_year,wet,HLA2020_normal_grid_S0013,irrigation_positive_candidate,2020-06-16,168,49,44,"{""sim_day"": 49.0, ""doy"": 168.0, ""topwt"": 383.6089324951172, ""grnwt"": 0.0, ""xlai"": 0.6479442119598389, ""totir"": 0.0, ""tofer"": NaN, ""swfac"": 0.0, ""nstres"": 0.0}",0.0,0.0,383.6089324951172,0.0,0.6479442119598389,0.0,,0.0,0.0,30.0,150.0,13.505139160156247,25.505139160156247,Leave_One_experiments/all_year_offline_schedule_search/daily_outputs/HLA/HLA_2020_HLA2020_normal_grid_S0013_daily.csv
HLA,HLA,Hailun,2020,Leave_One_experiments\wth_generated_qc\HLA\HLA2020.WTH,wet_year;nitrogen_stress_year;low_response_year,wet,HLA2020_normal_grid_S0013,irrigation_positive_candidate,2020-06-17,169,50,45,"{""sim_day"": 50.0, ""doy"": 169.0, ""topwt"": 420.900764465332, ""grnwt"": 0.0, ""xlai"": 0.6999795436859131, ""totir"": 0.0, ""tofer"": NaN, ""swfac"": 0.0, ""nstres"": 0.0}",0.0,0.0,420.900764465332,0.0,0.6999795436859131,0.0,,0.0,0.0,30.0,150.0,13.505139160156247,25.505139160156247,Leave_One_experiments/all_year_offline_schedule_search/daily_outputs/HLA/HLA_2020_HLA2020_normal_grid_S0013_daily.csv
HLA,HLA,Hailun,2020,Leave_One_experiments\wth_generated_qc\HLA\HLA2020.WTH,wet_year;nitrogen_stress_year;low_response_year,wet,HLA2020_normal_grid_S0013,irrigation_positive_candidate,2020-06-18,170,51,46,"{""sim_day"": 51.0, ""doy"": 170.0, ""topwt"": 465.2267456054688, ""grnwt"": 0.0, ""xlai"": 0.7600627541542053, ""totir"": 0.0, ""tofer"": NaN, ""swfac"": 0.0, ""nstres"": 0.0}",0.0,0.0,465.2267456054688,0.0,0.7600627541542053,0.0,,0.0,0.0,30.0,150.0,13.505139160156247,25.505139160156247,Leave_One_experiments/all_year_offline_schedule_search/daily_outputs/HLA/HLA_2020_HLA2020_normal_grid_S0013_daily.csv
HLA,HLA,Hailun,2020,Leave_One_experiments\wth_generated_qc\HLA\HLA2020.WTH,wet_year;nitrogen_stress_year;low_response_year,wet,HLA2020_normal_grid_S0013,irrigation_positive_candidate,2020-06-19,171,52,47,"{""sim_day"": 52.0, ""doy"": 171.0, ""topwt"": 512.3587799072266, ""grnwt"": 0.0, ""xlai"": 0.821983277797699, ""totir"": 0.0, ""tofer"": NaN, ""swfac"": 0.0, ""nstres"": 0.0}",0.0,0.0,512.3587799072266,0.0,0.821983277797699,0.0,,0.0,0.0,30.0,150.0,13.505139160156247,25.505139160156247,Leave_One_experiments/all_year_offline_schedule_search/daily_outputs/HLA/HLA_2020_HLA2020_normal_grid_S0013_daily.csv
HLA,HLA,Hailun,2020,Leave_One_experiments\wth_generated_qc\HLA\HLA2020.WTH,wet_year;nitrogen_stress_year;low_response_year,wet,HLA2020_normal_grid_S0013,irrigation_positive_candidate,2020-06-20,172,53,48,"{""sim_day"": 53.0, ""doy"": 172.0, ""topwt"": 572.2829818725586, ""grnwt"": 0.0, ""xlai"": 0.8980529308319092, ""totir"": 0.0, ""tofer"": NaN, ""swfac"": 0.0, ""nstres"": 0.0}",0.0,0.0,572.2829818725586,0.0,0.8980529308319092,0.0,,0.0,0.0,30.0,150.0,13.505139160156247,25.505139160156247,Leave_One_experiments/all_year_offline_schedule_search/daily_outputs/HLA/HLA_2020_HLA2020_normal_grid_S0013_daily.csv
HLA,HLA,Hailun,2020,Leave_One_experiments\wth_generated_qc\HLA\HLA2020.WTH,wet_year;nitrogen_stress_year;low_response_year,wet,HLA2020_normal_grid_S0013,irrigation_positive_candidate,2020-06-21,173,54,49,"{""sim_day"": 54.0, ""doy"": 173.0, ""topwt"": 626.5488433837891, ""grnwt"": 0.0, ""xlai"": 0.9646729230880736, ""totir"": 0.0, ""tofer"": NaN, ""swfac"": 0.0, ""nstres"": 0.0}",0.0,0.0,626.5488433837891,0.0,0.9646729230880736,0.0,,0.0,0.0,30.0,150.0,13.505139160156247,25.505139160156247,Leave_One_experiments/all_year_offline_schedule_search/daily_outputs/HLA/HLA_2020_HLA2020_normal_grid_S0013_daily.csv
HLA,HLA,Hailun,2020,Leave_One_experiments\wth_generated_qc\HLA\HLA2020.WTH,wet_year;nitrogen_stress_year;low_response_year,wet,HLA2020_normal_grid_S0013,irrigation_positive_candidate,2020-06-22,174,55,50,"{""sim_day"": 55.0, ""doy"": 174.0, ""topwt"": 647.5711059570312, ""grnwt"": 0.0, ""xlai"": 0.9898172616958618, ""totir"": 0.0, ""tofer"": NaN, ""swfac"": 0.0, ""nstres"": 0.0}",0.0,0.0,647.5711059570312,0.0,0.9898172616958618,0.0,,0.0,0.0,30.0,150.0,13.505139160156247,25.505139160156247,Leave_One_experiments/all_year_offline_schedule_search/daily_outputs/HLA/HLA_2020_HLA2020_normal_grid_S0013_daily.csv
HLA,HLA,Hailun,2020,Leave_One_experiments\wth_generated_qc\HLA\HLA2020.WTH,wet_year;nitrogen_stress_year;low_response_year,wet,HLA2020_normal_grid_S0013,irrigation_positive_candidate,2020-06-23,175,56,51,"{""sim_day"": 56.0, ""doy"": 175.0, ""topwt"": 692.6341247558594, ""grnwt"": 0.0, ""xlai"": 1.0425230264663696, ""totir"": 0.0, ""tofer"": NaN, ""swfac"": 0.0, ""nstres"": 0.0}",0.0,0.0,692.6341247558594,0.0,1.0425230264663696,0.0,,0.0,0.0,30.0,150.0,13.505139160156247,25.505139160156247,Leave_One_experiments/all_year_offline_schedule_search/daily_outputs/HLA/HLA_2020_HLA2020_normal_grid_S0013_daily.csv
HLA,HLA,Hailun,2020,Leave_One_experiments\wth_generated_qc\HLA\HLA2020.WTH,wet_year;nitrogen_stress_year;low_response_year,wet,HLA2020_normal_grid_S0013,irrigation_positive_candidate,2020-06-24,176,57,52,"{""sim_day"": 57.0, ""doy"": 176.0, ""topwt"": 722.9641723632812, ""grnwt"": 0.0, ""xlai"": 1.0770052671432495, ""totir"": 0.0, ""tofer"": NaN, ""swfac"": 0.0, ""nstres"": 0.0}",0.0,0.0,722.9641723632812,0.0,1.0770052671432495,0.0,,0.0,0.0,30.0,150.0,13.505139160156247,25.505139160156247,Leave_One_experiments/all_year_offline_schedule_search/daily_outputs/HLA/HLA_2020_HLA2020_normal_grid_S0013_daily.csv
HLA,HLA,Hailun,2020,Leave_One_experiments\wth_generated_qc\HLA\HLA2020.WTH,wet_year;nitrogen_stress_year;low_response_year,wet,HLA2020_normal_grid_S0013,irrigation_positive_candidate,2020-06-25,177,58,53,"{""sim_day"": 58.0, ""doy"": 177.0, ""topwt"": 773.9176940917969, ""grnwt"": 0.0, ""xlai"": 1.1329303979873655, ""totir"": 0.0, ""tofer"": NaN, ""swfac"": 0.0, ""nstres"": 0.0}",0.0,0.0,773.9176940917969,0.0,1.1329303979873655,0.0,,0.0,0.0,30.0,150.0,13.505139160156247,25.505139160156247,Leave_One_experiments/all_year_offline_schedule_search/daily_outputs/HLA/HLA_2020_HLA2020_normal_grid_S0013_daily.csv
HLA,HLA,Hailun,2020,Leave_One_experiments\wth_generated_qc\HLA\HLA2020.WTH,wet_year;nitrogen_stress_year;low_response_year,wet,HLA2020_normal_grid_S0013,irrigation_positive_candidate,2020-06-26,178,59,54,"{""sim_day"": 59.0, ""doy"": 178.0, ""topwt"": 807.8563690185547, ""grnwt"": 0.0, ""xlai"": 1.1687390804290771, ""totir"": 0.0, ""tofer"": NaN, ""swfac"": 0.0, ""nstres"": 0.0}",0.0,0.0,807.8563690185547,0.0,1.1687390804290771,0.0,,0.0,0.0,30.0,150.0,13.505139160156247,25.505139160156247,Leave_One_experiments/all_year_offline_schedule_search/daily_outputs/HLA/HLA_2020_HLA2020_normal_grid_S0013_daily.csv
HLA,HLA,Hailun,2020,Leave_One_experiments\wth_generated_qc\HLA\HLA2020.WTH,wet_year;nitrogen_stress_year;low_response_year,wet,HLA2020_normal_grid_S0013,irrigation_positive_candidate,2020-06-27,179,60,55,"{""sim_day"": 60.0, ""doy"": 179.0, ""topwt"": 840.9408569335938, ""grnwt"": 0.0, ""xlai"": 1.2023006677627563, ""totir"": 0.0, ""tofer"": NaN, ""swfac"": 0.0, ""nstres"": 0.0}",0.0,0.0,840.9408569335938,0.0,1.2023006677627563,0.0,,0.0,0.0,30.0,150.0,13.505139160156247,25.505139160156247,Leave_One_experiments/all_year_offline_schedule_search/daily_outputs/HLA/HLA_2020_HLA2020_normal_grid_S0013_daily.csv
HLA,HLA,Hailun,2020,Leave_One_experiments\wth_generated_qc\HLA\HLA2020.WTH,wet_year;nitrogen_stress_year;low_response_year,wet,HLA2020_normal_grid_S0013,irrigation_positive_candidate,2020-06-28,180,61,56,"{""sim_day"": 61.0, ""doy"": 180.0, ""topwt"": 884.9124145507812, ""grnwt"": 0.0, ""xlai"": 1.2452069520950315, ""totir"": 0.0, ""tofer"": NaN, ""swfac"": 0.0, ""nstres"": 0.0}",0.0,0.0,884.9124145507812,0.0,1.2452069520950315,0.0,,0.0,0.0,30.0,150.0,13.505139160156247,25.505139160156247,Leave_One_experiments/all_year_offline_schedule_search/daily_outputs/HLA/HLA_2020_HLA2020_normal_grid_S0013_daily.csv
HLA,HLA,Hailun,2020,Leave_One_experiments\wth_generated_qc\HLA\HLA2020.WTH,wet_year;nitrogen_stress_year;low_response_year,wet,HLA2020_normal_grid_S0013,irrigation_positive_candidate,2020-06-29,181,62,57,"{""sim_day"": 62.0, ""doy"": 181.0, ""topwt"": 964.4766998291016, ""grnwt"": 0.0, ""xlai"": 1.3189443349838257, ""totir"": 0.0, ""tofer"": NaN, ""swfac"": 0.0, ""nstres"": 0.0}",0.0,0.0,964.4766998291016,0.0,1.3189443349838257,0.0,,0.0,0.0,30.0,150.0,13.505139160156247,25.505139160156247,Leave_One_experiments/all_year_offline_schedule_search/daily_outputs/HLA/HLA_2020_HLA2020_normal_grid_S0013_daily.csv
HLA,HLA,Hailun,2020,Leave_One_experiments\wth_generated_qc\HLA\HLA2020.WTH,wet_year;nitrogen_stress_year;low_response_year,wet,HLA2020_normal_grid_S0013,irrigation_positive_candidate,2020-06-30,182,63,58,"{""sim_day"": 63.0, ""doy"": 182.0, ""topwt"": 1091.7613983154297, ""grnwt"": 0.0, ""xlai"": 1.429760217666626, ""totir"": 0.0, ""tofer"": NaN, ""swfac"": 0.0, ""nstres"": 0.0}",0.0,0.0,1091.7613983154297,0.0,1.429760217666626,0.0,,0.0,0.0,30.0,150.0,13.505139160156247,25.505139160156247,Leave_One_experiments/all_year_offline_schedule_search/daily_outputs/HLA/HLA_2020_HLA2020_normal_grid_S0013_daily.csv
HLA,HLA,Hailun,2020,Leave_One_experiments\wth_generated_qc\HLA\HLA2020.WTH,wet_year;nitrogen_stress_year;low_response_year,wet,HLA2020_normal_grid_S0013,irrigation_positive_candidate,2020-07-01,183,64,59,"{""sim_day"": 64.0, ""doy"": 183.0, ""topwt"": 1234.6728515625, ""grnwt"": 0.0, ""xlai"": 1.5460307598114014, ""totir"": 0.0, ""tofer"": NaN, ""swfac"": 0.0, ""nstres"": 0.0}",0.0,0.0,1234.6728515625,0.0,1.5460307598114014,0.0,,0.0,0.0,30.0,150.0,13.505139160156247,25.505139160156247,Leave_One_experiments/all_year_offline_schedule_search/daily_outputs/HLA/HLA_2020_HLA2020_normal_grid_S0013_daily.csv
HLA,HLA,Hailun,2020,Leave_One_experiments\wth_generated_qc\HLA\HLA2020.WTH,wet_year;nitrogen_stress_year;low_response_year,wet,HLA2020_normal_grid_S0013,irrigation_positive_candidate,2020-07-02,184,65,60,"{""sim_day"": 65.0, ""doy"": 184.0, ""topwt"": 1399.550323486328, ""grnwt"": 0.0, ""xlai"": 1.6707758903503418, ""totir"": 0.0, ""tofer"": NaN, ""swfac"": 0.0, ""nstres"": 0.0}",0.0,0.0,1399.550323486328,0.0,1.6707758903503418,0.0,,0.0,50.0,30.0,150.0,13.505139160156247,25.505139160156247,Leave_One_experiments/all_year_offline_schedule_search/daily_outputs/HLA/HLA_2020_HLA2020_normal_grid_S0013_daily.csv
HLA,HLA,Hailun,2020,Leave_One_experiments\wth_generated_qc\HLA\HLA2020.WTH,wet_year;nitrogen_stress_year;low_response_year,wet,HLA2020_normal_grid_S0013,irrigation_positive_candidate,2020-07-03,185,66,61,"{""sim_day"": 66.0, ""doy"": 185.0, ""topwt"": 1566.0372924804688, ""grnwt"": 0.0, ""xlai"": 1.78826904296875, ""totir"": 0.0, ""tofer"": NaN, ""swfac"": 0.0, ""nstres"": 0.0}",0.0,0.0,1566.0372924804688,0.0,1.78826904296875,0.0,,0.0,0.0,30.0,150.0,13.505139160156247,25.505139160156247,Leave_One_experiments/all_year_offline_schedule_search/daily_outputs/HLA/HLA_2020_HLA2020_normal_grid_S0013_daily.csv
HLA,HLA,Hailun,2020,Leave_One_experiments\wth_generated_qc\HLA\HLA2020.WTH,wet_year;nitrogen_stress_year;low_response_year,wet,HLA2020_normal_grid_S0013,irrigation_positive_candidate,2020-07-04,186,67,62,"{""sim_day"": 67.0, ""doy"": 186.0, ""topwt"": 1723.9285278320312, ""grnwt"": 0.0, ""xlai"": 1.8929659128189087, ""totir"": 0.0, ""tofer"": NaN, ""swfac"": 0.0, ""nstres"": 0.0}",0.0,0.0,1723.9285278320312,0.0,1.8929659128189087,0.0,,0.0,0.0,30.0,150.0,13.505139160156247,25.505139160156247,Leave_One_experiments/all_year_offline_schedule_search/daily_outputs/HLA/HLA_2020_HLA2020_normal_grid_S0013_daily.csv
HLA,HLA,Hailun,2020,Leave_One_experiments\wth_generated_qc\HLA\HLA2020.WTH,wet_year;nitrogen_stress_year;low_response_year,wet,HLA2020_normal_grid_S0013,irrigation_positive_candidate,2020-07-05,187,68,63,"{""sim_day"": 68.0, ""doy"": 187.0, ""topwt"": 1891.1737060546875, ""grnwt"": 0.0, ""xlai"": 1.9973210096359253, ""totir"": 0.0, ""tofer"": NaN, ""swfac"": 0.0, ""nstres"": 0.0}",0.0,0.0,1891.1737060546875,0.0,1.9973210096359253,0.0,,0.0,0.0,30.0,150.0,13.505139160156247,25.505139160156247,Leave_One_experiments/all_year_offline_schedule_search/daily_outputs/HLA/HLA_2020_HLA2020_normal_grid_S0013_daily.csv
HLA,HLA,Hailun,2020,Leave_One_experiments\wth_generated_qc\HLA\HLA2020.WTH,wet_year;nitrogen_stress_year;low_response_year,wet,HLA2020_normal_grid_S0013,irrigation_positive_candidate,2020-07-06,188,69,64,"{""sim_day"": 69.0, ""doy"": 188.0, ""topwt"": 2025.211181640625, ""grnwt"": 0.0, ""xlai"": 2.077018976211548, ""totir"": 0.0, ""tofer"": NaN, ""swfac"": 0.0, ""nstres"": 0.0}",0.0,0.0,2025.211181640625,0.0,2.077018976211548,0.0,,0.0,0.0,30.0,150.0,13.505139160156247,25.505139160156247,Leave_One_experiments/all_year_offline_schedule_search/daily_outputs/HLA/HLA_2020_HLA2020_normal_grid_S0013_daily.csv
HLA,HLA,Hailun,2020,Leave_One_experiments\wth_generated_qc\HLA\HLA2020.WTH,wet_year;nitrogen_stress_year;low_response_year,wet,HLA2020_normal_grid_S0013,irrigation_positive_candidate,2020-07-07,189,70,65,"{""sim_day"": 70.0, ""doy"": 189.0, ""topwt"": 2174.8410034179688, ""grnwt"": 0.0, ""xlai"": 2.1617636680603027, ""totir"": 30.0, ""tofer"": NaN, ""swfac"": 0.0, ""nstres"": 0.0}",0.0,0.0,2174.8410034179688,0.0,2.1617636680603027,30.0,,30.0,0.0,30.0,150.0,13.505139160156247,25.505139160156247,Leave_One_experiments/all_year_offline_schedule_search/daily_outputs/HLA/HLA_2020_HLA2020_normal_grid_S0013_daily.csv
HLA,HLA,Hailun,2020,Leave_One_experiments\wth_generated_qc\HLA\HLA2020.WTH,wet_year;nitrogen_stress_year;low_response_year,wet,HLA2020_normal_grid_S0013,irrigation_positive_candidate,2020-07-08,190,71,66,"{""sim_day"": 71.0, ""doy"": 190.0, ""topwt"": 2355.146789550781, ""grnwt"": 0.0, ""xlai"": 2.258115291595459, ""totir"": 30.0, ""tofer"": NaN, ""swfac"": 0.0, ""nstres"": 0.0}",0.0,0.0,2355.146789550781,0.0,2.258115291595459,30.0,,0.0,0.0,30.0,150.0,13.505139160156247,25.505139160156247,Leave_One_experiments/all_year_offline_schedule_search/daily_outputs/HLA/HLA_2020_HLA2020_normal_grid_S0013_daily.csv
HLA,HLA,Hailun,2020,Leave_One_experiments\wth_generated_qc\HLA\HLA2020.WTH,wet_year;nitrogen_stress_year;low_response_year,wet,HLA2020_normal_grid_S0013,irrigation_positive_candidate,2020-07-09,191,72,67,"{""sim_day"": 72.0, ""doy"": 191.0, ""topwt"": 2585.1156616210938, ""grnwt"": 0.0, ""xlai"": 2.373287916183472, ""totir"": 30.0, ""tofer"": NaN, ""swfac"": 0.0, ""nstres"": 0.0}",0.0,0.0,2585.1156616210938,0.0,2.373287916183472,30.0,,0.0,0.0,30.0,150.0,13.505139160156247,25.505139160156247,Leave_One_experiments/all_year_offline_schedule_search/daily_outputs/HLA/HLA_2020_HLA2020_normal_grid_S0013_daily.csv
HLA,HLA,Hailun,2020,Leave_One_experiments\wth_generated_qc\HLA\HLA2020.WTH,wet_year;nitrogen_stress_year;low_response_year,wet,HLA2020_normal_grid_S0013,irrigation_positive_candidate,2020-07-10,192,73,68,"{""sim_day"": 73.0, ""doy"": 192.0, ""topwt"": 2830.322265625, ""grnwt"": 0.0, ""xlai"": 2.488398790359497, ""totir"": 30.0, ""tofer"": NaN, ""swfac"": 0.0, ""nstres"": 0.0}",0.0,0.0,2830.322265625,0.0,2.488398790359497,30.0,,0.0,0.0,30.0,150.0,13.505139160156247,25.505139160156247,Leave_One_experiments/all_year_offline_schedule_search/daily_outputs/HLA/HLA_2020_HLA2020_normal_grid_S0013_daily.csv
HLA,HLA,Hailun,2020,Leave_One_experiments\wth_generated_qc\HLA\HLA2020.WTH,wet_year;nitrogen_stress_year;low_response_year,wet,HLA2020_normal_grid_S0013,irrigation_positive_candidate,2020-07-11,193,74,69,"{""sim_day"": 74.0, ""doy"": 193.0, ""topwt"": 3265.3530883789062, ""grnwt"": 0.0, ""xlai"": 2.7807116508483887, ""totir"": 30.0, ""tofer"": NaN, ""swfac"": 0.0, ""nstres"": 0.0}",0.0,0.0,3265.3530883789062,0.0,2.7807116508483887,30.0,,0.0,0.0,30.0,150.0,13.505139160156247,25.505139160156247,Leave_One_experiments/all_year_offline_schedule_search/daily_outputs/HLA/HLA_2020_HLA2020_normal_grid_S0013_daily.csv
HLA,HLA,Hailun,2020,Leave_One_experiments\wth_generated_qc\HLA\HLA2020.WTH,wet_year;nitrogen_stress_year;low_response_year,wet,HLA2020_normal_grid_S0013,irrigation_positive_candidate,2020-07-12,194,75,70,"{""sim_day"": 75.0, ""doy"": 194.0, ""topwt"": 3654.447937011719, ""grnwt"": 0.0, ""xlai"": 2.959428548812866, ""totir"": 30.0, ""tofer"": NaN, ""swfac"": 0.0, ""nstres"": 0.0}",0.0,0.0,3654.447937011719,0.0,2.959428548812866,30.0,,0.0,0.0,30.0,150.0,13.505139160156247,25.505139160156247,Leave_One_experiments/all_year_offline_schedule_search/daily_outputs/HLA/HLA_2020_HLA2020_normal_grid_S0013_daily.csv
HLA,HLA,Hailun,2020,Leave_One_experiments\wth_generated_qc\HLA\HLA2020.WTH,wet_year;nitrogen_stress_year;low_response_year,wet,HLA2020_normal_grid_S0013,irrigation_positive_candidate,2020-07-13,195,76,71,"{""sim_day"": 76.0, ""doy"": 195.0, ""topwt"": 3997.9782104492183, ""grnwt"": 0.0, ""xlai"": 3.091838121414185, ""totir"": 30.0, ""tofer"": NaN, ""swfac"": 0.0, ""nstres"": 0.0}",0.0,0.0,3997.9782104492183,0.0,3.091838121414185,30.0,,0.0,0.0,30.0,150.0,13.505139160156247,25.505139160156247,Leave_One_experiments/all_year_offline_schedule_search/daily_outputs/HLA/HLA_2020_HLA2020_normal_grid_S0013_daily.csv
HLA,HLA,Hailun,2020,Leave_One_experiments\wth_generated_qc\HLA\HLA2020.WTH,wet_year;nitrogen_stress_year;low_response_year,wet,HLA2020_normal_grid_S0013,irrigation_positive_candidate,2020-07-14,196,77,72,"{""sim_day"": 77.0, ""doy"": 196.0, ""topwt"": 4319.6966552734375, ""grnwt"": 0.0, ""xlai"": 3.201845169067383, ""totir"": 30.0, ""tofer"": NaN, ""swfac"": 0.0, ""nstres"": 0.0}",0.0,0.0,4319.6966552734375,0.0,3.201845169067383,30.0,,0.0,0.0,30.0,150.0,13.505139160156247,25.505139160156247,Leave_One_experiments/all_year_offline_schedule_search/daily_outputs/HLA/HLA_2020_HLA2020_normal_grid_S0013_daily.csv
HLA,HLA,Hailun,2020,Leave_One_experiments\wth_generated_qc\HLA\HLA2020.WTH,wet_year;nitrogen_stress_year;low_response_year,wet,HLA2020_normal_grid_S0013,irrigation_positive_candidate,2020-07-15,197,78,73,"{""sim_day"": 78.0, ""doy"": 197.0, ""topwt"": 4629.505615234375, ""grnwt"": 0.0, ""xlai"": 3.2984182834625244, ""totir"": 30.0, ""tofer"": NaN, ""swfac"": 0.0, ""nstres"": 0.0}",0.0,0.0,4629.505615234375,0.0,3.2984182834625244,30.0,,0.0,0.0,30.0,150.0,13.505139160156247,25.505139160156247,Leave_One_experiments/all_year_offline_schedule_search/daily_outputs/HLA/HLA_2020_HLA2020_normal_grid_S0013_daily.csv
HLA,HLA,Hailun,2020,Leave_One_experiments\wth_generated_qc\HLA\HLA2020.WTH,wet_year;nitrogen_stress_year;low_response_year,wet,HLA2020_normal_grid_S0013,irrigation_positive_candidate,2020-07-16,198,79,74,"{""sim_day"": 79.0, ""doy"": 198.0, ""topwt"": 4937.853393554688, ""grnwt"": 0.0, ""xlai"": 3.3873815536499023, ""totir"": 30.0, ""tofer"": NaN, ""swfac"": 0.0, ""nstres"": 0.0}",0.0,0.0,4937.853393554688,0.0,3.3873815536499023,30.0,,0.0,0.0,30.0,150.0,13.505139160156247,25.505139160156247,Leave_One_experiments/all_year_offline_schedule_search/daily_outputs/HLA/HLA_2020_HLA2020_normal_grid_S0013_daily.csv
HLA,HLA,Hailun,2020,Leave_One_experiments\wth_generated_qc\HLA\HLA2020.WTH,wet_year;nitrogen_stress_year;low_response_year,wet,HLA2020_normal_grid_S0013,irrigation_positive_candidate,2020-07-17,199,80,75,"{""sim_day"": 80.0, ""doy"": 199.0, ""topwt"": 5237.120361328125, ""grnwt"": 0.0, ""xlai"": 3.4682862758636475, ""totir"": 30.0, ""tofer"": NaN, ""swfac"": 0.0, ""nstres"": 0.0}",0.0,0.0,5237.120361328125,0.0,3.4682862758636475,30.0,,0.0,0.0,30.0,150.0,13.505139160156247,25.505139160156247,Leave_One_experiments/all_year_offline_schedule_search/daily_outputs/HLA/HLA_2020_HLA2020_normal_grid_S0013_daily.csv
HLA,HLA,Hailun,2020,Leave_One_experiments\wth_generated_qc\HLA\HLA2020.WTH,wet_year;nitrogen_stress_year;low_response_year,wet,HLA2020_normal_grid_S0013,irrigation_positive_candidate,2020-07-18,200,81,76,"{""sim_day"": 81.0, ""doy"": 200.0, ""topwt"": 5416.63330078125, ""grnwt"": 0.0, ""xlai"": 3.508718967437744, ""totir"": 30.0, ""tofer"": NaN, ""swfac"": 0.0, ""nstres"": 0.0129711627960205}",0.0,0.0129711627960205,5416.63330078125,0.0,3.508718967437744,30.0,,0.0,0.0,30.0,150.0,13.505139160156247,25.505139160156247,Leave_One_experiments/all_year_offline_schedule_search/daily_outputs/HLA/HLA_2020_HLA2020_normal_grid_S0013_daily.csv
HLA,HLA,Hailun,2020,Leave_One_experiments\wth_generated_qc\HLA\HLA2020.WTH,wet_year;nitrogen_stress_year;low_response_year,wet,HLA2020_normal_grid_S0013,irrigation_positive_candidate,2020-07-19,201,82,77,"{""sim_day"": 82.0, ""doy"": 201.0, ""topwt"": 5607.83203125, ""grnwt"": 0.0, ""xlai"": 3.542698621749878, ""totir"": 30.0, ""tofer"": NaN, ""swfac"": 0.0, ""nstres"": 0.0301414728164672}",0.0,0.0301414728164672,5607.83203125,0.0,3.542698621749878,30.0,,0.0,0.0,30.0,150.0,13.505139160156247,25.505139160156247,Leave_One_experiments/all_year_offline_schedule_search/daily_outputs/HLA/HLA_2020_HLA2020_normal_grid_S0013_daily.csv
HLA,HLA,Hailun,2020,Leave_One_experiments\wth_generated_qc\HLA\HLA2020.WTH,wet_year;nitrogen_stress_year;low_response_year,wet,HLA2020_normal_grid_S0013,irrigation_positive_candidate,2020-07-20,202,83,78,"{""sim_day"": 83.0, ""doy"": 202.0, ""topwt"": 5796.0345458984375, ""grnwt"": 0.0, ""xlai"": 3.5705034732818604, ""totir"": 30.0, ""tofer"": NaN, ""swfac"": 0.0, ""nstres"": 0.0383682250976562}",0.0,0.0383682250976562,5796.0345458984375,0.0,3.5705034732818604,30.0,,0.0,0.0,30.0,150.0,13.505139160156247,25.505139160156247,Leave_One_experiments/all_year_offline_schedule_search/daily_outputs/HLA/HLA_2020_HLA2020_normal_grid_S0013_daily.csv
HLA,HLA,Hailun,2020,Leave_One_experiments\wth_generated_qc\HLA\HLA2020.WTH,wet_year;nitrogen_stress_year;low_response_year,wet,HLA2020_normal_grid_S0013,irrigation_positive_candidate,2020-07-21,203,84,79,"{""sim_day"": 84.0, ""doy"": 203.0, ""topwt"": 5971.25, ""grnwt"": 0.0, ""xlai"": 3.591852188110352, ""totir"": 30.0, ""tofer"": NaN, ""swfac"": 0.0, ""nstres"": 0.0453898906707763}",0.0,0.0453898906707763,5971.25,0.0,3.591852188110352,30.0,,0.0,0.0,30.0,150.0,13.505139160156247,25.505139160156247,Leave_One_experiments/all_year_offline_schedule_search/daily_outputs/HLA/HLA_2020_HLA2020_normal_grid_S0013_daily.csv
HLA,HLA,Hailun,2020,Leave_One_experiments\wth_generated_qc\HLA\HLA2020.WTH,wet_year;nitrogen_stress_year;low_response_year,wet,HLA2020_normal_grid_S0013,irrigation_positive_candidate,2020-07-22,204,85,80,"{""sim_day"": 85.0, ""doy"": 204.0, ""topwt"": 6200.698852539063, ""grnwt"": 0.0, ""xlai"": 3.626497507095337, ""totir"": 30.0, ""tofer"": NaN, ""swfac"": 0.0, ""nstres"": 0.0443407893180847}",0.0,0.0443407893180847,6200.698852539063,0.0,3.626497507095337,30.0,,0.0,0.0,30.0,150.0,13.505139160156247,25.505139160156247,Leave_One_experiments/all_year_offline_schedule_search/daily_outputs/HLA/HLA_2020_HLA2020_normal_grid_S0013_daily.csv
HLA,HLA,Hailun,2020,Leave_One_experiments\wth_generated_qc\HLA\HLA2020.WTH,wet_year;nitrogen_stress_year;low_response_year,wet,HLA2020_normal_grid_S0013,irrigation_positive_candidate,2020-07-23,205,86,81,"{""sim_day"": 86.0, ""doy"": 205.0, ""topwt"": 6441.046752929688, ""grnwt"": 0.0, ""xlai"": 3.66223669052124, ""totir"": 30.0, ""tofer"": NaN, ""swfac"": 0.0, ""nstres"": 0.047085165977478}",0.0,0.047085165977478,6441.046752929688,0.0,3.66223669052124,30.0,,0.0,0.0,30.0,150.0,13.505139160156247,25.505139160156247,Leave_One_experiments/all_year_offline_schedule_search/daily_outputs/HLA/HLA_2020_HLA2020_normal_grid_S0013_daily.csv
HLA,HLA,Hailun,2020,Leave_One_experiments\wth_generated_qc\HLA\HLA2020.WTH,wet_year;nitrogen_stress_year;low_response_year,wet,HLA2020_normal_grid_S0013,irrigation_positive_candidate,2020-07-24,206,87,82,"{""sim_day"": 87.0, ""doy"": 206.0, ""topwt"": 6682.960205078125, ""grnwt"": 0.0, ""xlai"": 3.695733785629273, ""totir"": 30.0, ""tofer"": NaN, ""swfac"": 0.0, ""nstres"": 0.0521278381347656}",0.0,0.0521278381347656,6682.960205078125,0.0,3.695733785629273,30.0,,0.0,0.0,30.0,150.0,13.505139160156247,25.505139160156247,Leave_One_experiments/all_year_offline_schedule_search/daily_outputs/HLA/HLA_2020_HLA2020_normal_grid_S0013_daily.csv
HLA,HLA,Hailun,2020,Leave_One_experiments\wth_generated_qc\HLA\HLA2020.WTH,wet_year;nitrogen_stress_year;low_response_year,wet,HLA2020_normal_grid_S0013,irrigation_positive_candidate,2020-07-25,207,88,83,"{""sim_day"": 88.0, ""doy"": 207.0, ""topwt"": 7031.3568115234375, ""grnwt"": 0.0, ""xlai"": 3.6433162689208975, ""totir"": 30.0, ""tofer"": NaN, ""swfac"": 0.0, ""nstres"": 0.0571511983871459}",0.0,0.0571511983871459,7031.3568115234375,0.0,3.6433162689208975,30.0,,0.0,0.0,30.0,150.0,13.505139160156247,25.505139160156247,Leave_One_experiments/all_year_offline_schedule_search/daily_outputs/HLA/HLA_2020_HLA2020_normal_grid_S0013_daily.csv
HLA,HLA,Hailun,2020,Leave_One_experiments\wth_generated_qc\HLA\HLA2020.WTH,wet_year;nitrogen_stress_year;low_response_year,wet,HLA2020_normal_grid_S0013,irrigation_positive_candidate,2020-07-26,208,89,84,"{""sim_day"": 89.0, ""doy"": 208.0, ""topwt"": 7444.912719726562, ""grnwt"": 0.0, ""xlai"": 3.617466688156128, ""totir"": 30.0, ""tofer"": NaN, ""swfac"": 0.0, ""nstres"": 0.0567600727081298}",0.0,0.0567600727081298,7444.912719726562,0.0,3.617466688156128,30.0,,0.0,0.0,30.0,150.0,13.505139160156247,25.505139160156247,Leave_One_experiments/all_year_offline_schedule_search/daily_outputs/HLA/HLA_2020_HLA2020_normal_grid_S0013_daily.csv
HLA,HLA,Hailun,2020,Leave_One_experiments\wth_generated_qc\HLA\HLA2020.WTH,wet_year;nitrogen_stress_year;low_response_year,wet,HLA2020_normal_grid_S0013,irrigation_positive_candidate,2020-07-27,209,90,85,"{""sim_day"": 90.0, ""doy"": 209.0, ""topwt"": 7865.3472900390625, ""grnwt"": 0.0, ""xlai"": 3.591862440109253, ""totir"": 30.0, ""tofer"": NaN, ""swfac"": 0.0, ""nstres"": 0.0566243529319763}",0.0,0.0566243529319763,7865.3472900390625,0.0,3.591862440109253,30.0,,0.0,0.0,30.0,150.0,13.505139160156247,25.505139160156247,Leave_One_experiments/all_year_offline_schedule_search/daily_outputs/HLA/HLA_2020_HLA2020_normal_grid_S0013_daily.csv
HLA,HLA,Hailun,2020,Leave_One_experiments\wth_generated_qc\HLA\HLA2020.WTH,wet_year;nitrogen_stress_year;low_response_year,wet,HLA2020_normal_grid_S0013,irrigation_positive_candidate,2020-07-28,210,91,86,"{""sim_day"": 91.0, ""doy"": 210.0, ""topwt"": 8259.825439453125, ""grnwt"": 0.0, ""xlai"": 3.56634521484375, ""totir"": 30.0, ""tofer"": NaN, ""swfac"": 0.0, ""nstres"": 0.0568331480026245}",0.0,0.0568331480026245,8259.825439453125,0.0,3.56634521484375,30.0,,0.0,0.0,30.0,150.0,13.505139160156247,25.505139160156247,Leave_One_experiments/all_year_offline_schedule_search/daily_outputs/HLA/HLA_2020_HLA2020_normal_grid_S0013_daily.csv
HLA,HLA,Hailun,2020,Leave_One_experiments\wth_generated_qc\HLA\HLA2020.WTH,wet_year;nitrogen_stress_year;low_response_year,wet,HLA2020_normal_grid_S0013,irrigation_positive_candidate,2020-07-29,211,92,87,"{""sim_day"": 92.0, ""doy"": 211.0, ""topwt"": 8620.380859375, ""grnwt"": 0.0, ""xlai"": 3.5413076877593994, ""totir"": 30.0, ""tofer"": NaN, ""swfac"": 0.0, ""nstres"": 0.0561639070510864}",0.0,0.0561639070510864,8620.380859375,0.0,3.5413076877593994,30.0,,0.0,0.0,30.0,150.0,13.505139160156247,25.505139160156247,Leave_One_experiments/all_year_offline_schedule_search/daily_outputs/HLA/HLA_2020_HLA2020_normal_grid_S0013_daily.csv
HLA,HLA,Hailun,2020,Leave_One_experiments\wth_generated_qc\HLA\HLA2020.WTH,wet_year;nitrogen_stress_year;low_response_year,wet,HLA2020_normal_grid_S0013,irrigation_positive_candidate,2020-07-30,212,93,88,"{""sim_day"": 93.0, ""doy"": 212.0, ""topwt"": 8884.164428710938, ""grnwt"": 0.0, ""xlai"": 3.517720937728882, ""totir"": 30.0, ""tofer"": NaN, ""swfac"": 0.0, ""nstres"": 0.053283154964447}",0.0,0.053283154964447,8884.164428710938,0.0,3.517720937728882,30.0,,0.0,0.0,30.0,150.0,13.505139160156247,25.505139160156247,Leave_One_experiments/all_year_offline_schedule_search/daily_outputs/HLA/HLA_2020_HLA2020_normal_grid_S0013_daily.csv
HLA,HLA,Hailun,2020,Leave_One_experiments\wth_generated_qc\HLA\HLA2020.WTH,wet_year;nitrogen_stress_year;low_response_year,wet,HLA2020_normal_grid_S0013,irrigation_positive_candidate,2020-07-31,213,94,89,"{""sim_day"": 94.0, ""doy"": 213.0, ""topwt"": 9044.400024414062, ""grnwt"": 0.0, ""xlai"": 3.4966189861297607, ""totir"": 30.0, ""tofer"": NaN, ""swfac"": 0.0, ""nstres"": 0.0479901432991027}",0.0,0.0479901432991027,9044.400024414062,0.0,3.4966189861297607,30.0,,0.0,0.0,30.0,150.0,13.505139160156247,25.505139160156247,Leave_One_experiments/all_year_offline_schedule_search/daily_outputs/HLA/HLA_2020_HLA2020_normal_grid_S0013_daily.csv
HLA,HLA,Hailun,2020,Leave_One_experiments\wth_generated_qc\HLA\HLA2020.WTH,wet_year;nitrogen_stress_year;low_response_year,wet,HLA2020_normal_grid_S0013,irrigation_positive_candidate,2020-08-01,214,95,90,"{""sim_day"": 95.0, ""doy"": 214.0, ""topwt"": 9285.33203125, ""grnwt"": 0.0, ""xlai"": 3.479447603225708, ""totir"": 30.0, ""tofer"": NaN, ""swfac"": 0.0, ""nstres"": 0.0392866134643554}",0.0,0.0392866134643554,9285.33203125,0.0,3.479447603225708,30.0,,0.0,0.0,30.0,150.0,13.505139160156247,25.505139160156247,Leave_One_experiments/all_year_offline_schedule_search/daily_outputs/HLA/HLA_2020_HLA2020_normal_grid_S0013_daily.csv
HLA,HLA,Hailun,2020,Leave_One_experiments\wth_generated_qc\HLA\HLA2020.WTH,wet_year;nitrogen_stress_year;low_response_year,wet,HLA2020_normal_grid_S0013,irrigation_positive_candidate,2020-08-02,215,96,91,"{""sim_day"": 96.0, ""doy"": 215.0, ""topwt"": 9552.904052734377, ""grnwt"": 0.0, ""xlai"": 3.4666619300842285, ""totir"": 30.0, ""tofer"": NaN, ""swfac"": 0.0, ""nstres"": 0.0293970704078674}",0.0,0.0293970704078674,9552.904052734377,0.0,3.4666619300842285,30.0,,0.0,0.0,30.0,150.0,13.505139160156247,25.505139160156247,Leave_One_experiments/all_year_offline_schedule_search/daily_outputs/HLA/HLA_2020_HLA2020_normal_grid_S0013_daily.csv
HLA,HLA,Hailun,2020,Leave_One_experiments\wth_generated_qc\HLA\HLA2020.WTH,wet_year;nitrogen_stress_year;low_response_year,wet,HLA2020_normal_grid_S0013,irrigation_positive_candidate,2020-08-03,216,97,92,"{""sim_day"": 97.0, ""doy"": 216.0, ""topwt"": 9620.516967773438, ""grnwt"": 0.0, ""xlai"": 3.4574499130249023, ""totir"": 30.0, ""tofer"": NaN, ""swfac"": 0.0, ""nstres"": 0.021257996559143}",0.0,0.021257996559143,9620.516967773438,0.0,3.4574499130249023,30.0,,0.0,0.0,30.0,150.0,13.505139160156247,25.505139160156247,Leave_One_experiments/all_year_offline_schedule_search/daily_outputs/HLA/HLA_2020_HLA2020_normal_grid_S0013_daily.csv
HLA,HLA,Hailun,2020,Leave_One_experiments\wth_generated_qc\HLA\HLA2020.WTH,wet_year;nitrogen_stress_year;low_response_year,wet,HLA2020_normal_grid_S0013,irrigation_positive_candidate,2020-08-04,217,98,93,"{""sim_day"": 98.0, ""doy"": 217.0, ""topwt"": 9783.513793945312, ""grnwt"": 0.0, ""xlai"": 3.45205307006836, ""totir"": 30.0, ""tofer"": NaN, ""swfac"": 0.0, ""nstres"": 0.0124883651733398}",0.0,0.0124883651733398,9783.513793945312,0.0,3.45205307006836,30.0,,0.0,0.0,30.0,150.0,13.505139160156247,25.505139160156247,Leave_One_experiments/all_year_offline_schedule_search/daily_outputs/HLA/HLA_2020_HLA2020_normal_grid_S0013_daily.csv
HLA,HLA,Hailun,2020,Leave_One_experiments\wth_generated_qc\HLA\HLA2020.WTH,wet_year;nitrogen_stress_year;low_response_year,wet,HLA2020_normal_grid_S0013,irrigation_positive_candidate,2020-08-05,218,99,94,"{""sim_day"": 99.0, ""doy"": 218.0, ""topwt"": 9941.22314453125, ""grnwt"": 157.709321975708, ""xlai"": 3.405982732772827, ""totir"": 30.0, ""tofer"": NaN, ""swfac"": 0.0, ""nstres"": 0.0006109476089477}",0.0,0.0006109476089477,9941.22314453125,157.709321975708,3.405982732772827,30.0,,0.0,0.0,30.0,150.0,13.505139160156247,25.505139160156247,Leave_One_experiments/all_year_offline_schedule_search/daily_outputs/HLA/HLA_2020_HLA2020_normal_grid_S0013_daily.csv
HLA,HLA,Hailun,2020,Leave_One_experiments\wth_generated_qc\HLA\HLA2020.WTH,wet_year;nitrogen_stress_year;low_response_year,wet,HLA2020_normal_grid_S0013,irrigation_positive_candidate,2020-08-06,219,100,95,"{""sim_day"": 100.0, ""doy"": 219.0, ""topwt"": 10098.932495117188, ""grnwt"": 315.418643951416, ""xlai"": 3.3954010009765625, ""totir"": 30.0, ""tofer"": NaN, ""swfac"": 0.0, ""nstres"": 0.0098196268081665}",0.0,0.0098196268081665,10098.932495117188,315.418643951416,3.3954010009765625,30.0,,0.0,0.0,30.0,150.0,13.505139160156247,25.505139160156247,Leave_One_experiments/all_year_offline_schedule_search/daily_outputs/HLA/HLA_2020_HLA2020_normal_grid_S0013_daily.csv
HLA,HLA,Hailun,2020,Leave_One_experiments\wth_generated_qc\HLA\HLA2020.WTH,wet_year;nitrogen_stress_year;low_response_year,wet,HLA2020_normal_grid_S0013,irrigation_positive_candidate,2020-08-07,220,101,96,"{""sim_day"": 101.0, ""doy"": 220.0, ""topwt"": 10256.641845703123, ""grnwt"": 473.1279754638672, ""xlai"": 3.3848636150360107, ""totir"": 30.0, ""tofer"": NaN, ""swfac"": 0.0, ""nstres"": 0.0150683522224426}",0.0,0.0150683522224426,10256.641845703123,473.1279754638672,3.3848636150360107,30.0,,0.0,0.0,30.0,150.0,13.505139160156247,25.505139160156247,Leave_One_experiments/all_year_offline_schedule_search/daily_outputs/HLA/HLA_2020_HLA2020_normal_grid_S0013_daily.csv
HLA,HLA,Hailun,2020,Leave_One_experiments\wth_generated_qc\HLA\HLA2020.WTH,wet_year;nitrogen_stress_year;low_response_year,wet,HLA2020_normal_grid_S0013,irrigation_positive_candidate,2020-08-08,221,102,97,"{""sim_day"": 102.0, ""doy"": 221.0, ""topwt"": 10383.33740234375, ""grnwt"": 630.837287902832, ""xlai"": 3.3710644245147705, ""totir"": 30.0, ""tofer"": NaN, ""swfac"": 0.0, ""nstres"": 0.0192593336105346}",0.0,0.0192593336105346,10383.33740234375,630.837287902832,3.3710644245147705,30.0,,0.0,0.0,30.0,150.0,13.505139160156247,25.505139160156247,Leave_One_experiments/all_year_offline_schedule_search/daily_outputs/HLA/HLA_2020_HLA2020_normal_grid_S0013_daily.csv
HLA,HLA,Hailun,2020,Leave_One_experiments\wth_generated_qc\HLA\HLA2020.WTH,wet_year;nitrogen_stress_year;low_response_year,wet,HLA2020_normal_grid_S0013,irrigation_positive_candidate,2020-08-09,222,103,98,"{""sim_day"": 103.0, ""doy"": 222.0, ""topwt"": 10572.060546875, ""grnwt"": 788.5466003417969, ""xlai"": 3.3521921634674072, ""totir"": 30.0, ""tofer"": NaN, ""swfac"": 0.0, ""nstres"": 0.0218604803085327}",0.0,0.0218604803085327,10572.060546875,788.5466003417969,3.3521921634674072,30.0,,0.0,0.0,30.0,150.0,13.505139160156247,25.505139160156247,Leave_One_experiments/all_year_offline_schedule_search/daily_outputs/HLA/HLA_2020_HLA2020_normal_grid_S0013_daily.csv
HLA,HLA,Hailun,2020,Leave_One_experiments\wth_generated_qc\HLA\HLA2020.WTH,wet_year;nitrogen_stress_year;low_response_year,wet,HLA2020_normal_grid_S0013,irrigation_positive_candidate,2020-08-10,223,104,99,"{""sim_day"": 104.0, ""doy"": 223.0, ""topwt"": 10729.7705078125, ""grnwt"": 946.2559509277344, ""xlai"": 3.332975387573242, ""totir"": 30.0, ""tofer"": NaN, ""swfac"": 0.0, ""nstres"": 0.0233486890792846}",0.0,0.0233486890792846,10729.7705078125,946.2559509277344,3.332975387573242,30.0,,0.0,0.0,30.0,150.0,13.505139160156247,25.505139160156247,Leave_One_experiments/all_year_offline_schedule_search/daily_outputs/HLA/HLA_2020_HLA2020_normal_grid_S0013_daily.csv
HLA,HLA,Hailun,2020,Leave_One_experiments\wth_generated_qc\HLA\HLA2020.WTH,wet_year;nitrogen_stress_year;low_response_year,wet,HLA2020_normal_grid_S0013,irrigation_positive_candidate,2020-08-11,224,105,100,"{""sim_day"": 105.0, ""doy"": 224.0, ""topwt"": 10887.48046875, ""grnwt"": 1103.965301513672, ""xlai"": 3.314366817474365, ""totir"": 30.0, ""tofer"": NaN, ""swfac"": 0.0, ""nstres"": 0.0314713716506958}",0.0,0.0314713716506958,10887.48046875,1103.965301513672,3.314366817474365,30.0,,0.0,0.0,30.0,150.0,13.505139160156247,25.505139160156247,Leave_One_experiments/all_year_offline_schedule_search/daily_outputs/HLA/HLA_2020_HLA2020_normal_grid_S0013_daily.csv
HLA,HLA,Hailun,2020,Leave_One_experiments\wth_generated_qc\HLA\HLA2020.WTH,wet_year;nitrogen_stress_year;low_response_year,wet,HLA2020_normal_grid_S0013,irrigation_positive_candidate,2020-08-12,225,106,101,"{""sim_day"": 106.0, ""doy"": 225.0, ""topwt"": 11045.189208984377, ""grnwt"": 1261.674575805664, ""xlai"": 3.2963521480560303, ""totir"": 30.0, ""tofer"": NaN, ""swfac"": 0.0, ""nstres"": 0.0381999015808105}",0.0,0.0381999015808105,11045.189208984377,1261.674575805664,3.2963521480560303,30.0,,0.0,0.0,30.0,150.0,13.505139160156247,25.505139160156247,Leave_One_experiments/all_year_offline_schedule_search/daily_outputs/HLA/HLA_2020_HLA2020_normal_grid_S0013_daily.csv
HLA,HLA,Hailun,2020,Leave_One_experiments\wth_generated_qc\HLA\HLA2020.WTH,wet_year;nitrogen_stress_year;low_response_year,wet,HLA2020_normal_grid_S0013,irrigation_positive_candidate,2020-08-13,226,107,102,"{""sim_day"": 107.0, ""doy"": 226.0, ""topwt"": 11180.836181640623, ""grnwt"": 1419.3838500976562, ""xlai"": 3.275309562683105, ""totir"": 30.0, ""tofer"": NaN, ""swfac"": 0.0, ""nstres"": 0.0445561408996582}",0.0,0.0445561408996582,11180.836181640623,1419.3838500976562,3.275309562683105,30.0,,0.0,0.0,30.0,150.0,13.505139160156247,25.505139160156247,Leave_One_experiments/all_year_offline_schedule_search/daily_outputs/HLA/HLA_2020_HLA2020_normal_grid_S0013_daily.csv
HLA,HLA,Hailun,2020,Leave_One_experiments\wth_generated_qc\HLA\HLA2020.WTH,wet_year;nitrogen_stress_year;low_response_year,wet,HLA2020_normal_grid_S0013,irrigation_positive_candidate,2020-08-14,227,108,103,"{""sim_day"": 108.0, ""doy"": 227.0, ""topwt"": 11360.609130859377, ""grnwt"": 1577.0932006835938, ""xlai"": 3.2520527839660645, ""totir"": 30.0, ""tofer"": NaN, ""swfac"": 0.0, ""nstres"": 0.0507169961929321}",0.0,0.0507169961929321,11360.609130859377,1577.0932006835938,3.2520527839660645,30.0,,0.0,0.0,30.0,150.0,13.505139160156247,25.505139160156247,Leave_One_experiments/all_year_offline_schedule_search/daily_outputs/HLA/HLA_2020_HLA2020_normal_grid_S0013_daily.csv
HLA,HLA,Hailun,2020,Leave_One_experiments\wth_generated_qc\HLA\HLA2020.WTH,wet_year;nitrogen_stress_year;low_response_year,wet,HLA2020_normal_grid_S0013,irrigation_positive_candidate,2020-08-15,228,109,104,"{""sim_day"": 109.0, ""doy"": 228.0, ""topwt"": 11518.31787109375, ""grnwt"": 1734.8025512695312, ""xlai"": 3.223213195800781, ""totir"": 30.0, ""tofer"": NaN, ""swfac"": 0.0, ""nstres"": 0.0545914769172668}",0.0,0.0545914769172668,11518.31787109375,1734.8025512695312,3.223213195800781,30.0,,0.0,0.0,30.0,150.0,13.505139160156247,25.505139160156247,Leave_One_experiments/all_year_offline_schedule_search/daily_outputs/HLA/HLA_2020_HLA2020_normal_grid_S0013_daily.csv
HLA,HLA,Hailun,2020,Leave_One_experiments\wth_generated_qc\HLA\HLA2020.WTH,wet_year;nitrogen_stress_year;low_response_year,wet,HLA2020_normal_grid_S0013,irrigation_positive_candidate,2020-08-16,229,110,105,"{""sim_day"": 110.0, ""doy"": 229.0, ""topwt"": 11676.02783203125, ""grnwt"": 1892.5119018554688, ""xlai"": 3.1902499198913574, ""totir"": 30.0, ""tofer"": NaN, ""swfac"": 0.0, ""nstres"": 0.0619106888771057}",0.0,0.0619106888771057,11676.02783203125,1892.5119018554688,3.1902499198913574,30.0,,0.0,0.0,30.0,150.0,13.505139160156247,25.505139160156247,Leave_One_experiments/all_year_offline_schedule_search/daily_outputs/HLA/HLA_2020_HLA2020_normal_grid_S0013_daily.csv
HLA,HLA,Hailun,2020,Leave_One_experiments\wth_generated_qc\HLA\HLA2020.WTH,wet_year;nitrogen_stress_year;low_response_year,wet,HLA2020_normal_grid_S0013,irrigation_positive_candidate,2020-08-17,230,111,106,"{""sim_day"": 111.0, ""doy"": 230.0, ""topwt"": 11833.73779296875, ""grnwt"": 2050.2212524414062, ""xlai"": 3.1559205055236816, ""totir"": 30.0, ""tofer"": NaN, ""swfac"": 0.0, ""nstres"": 0.0681357979774475}",0.0,0.0681357979774475,11833.73779296875,2050.2212524414062,3.1559205055236816,30.0,,0.0,0.0,30.0,150.0,13.505139160156247,25.505139160156247,Leave_One_experiments/all_year_offline_schedule_search/daily_outputs/HLA/HLA_2020_HLA2020_normal_grid_S0013_daily.csv
HLA,HLA,Hailun,2020,Leave_One_experiments\wth_generated_qc\HLA\HLA2020.WTH,wet_year;nitrogen_stress_year;low_response_year,wet,HLA2020_normal_grid_S0013,irrigation_positive_candidate,2020-08-18,231,112,107,"{""sim_day"": 112.0, ""doy"": 231.0, ""topwt"": 11991.446533203123, ""grnwt"": 2207.930603027344, ""xlai"": 3.125452756881714, ""totir"": 30.0, ""tofer"": NaN, ""swfac"": 0.0, ""nstres"": 0.0772336721420288}",0.0,0.0772336721420288,11991.446533203123,2207.930603027344,3.125452756881714,30.0,,0.0,0.0,30.0,150.0,13.505139160156247,25.505139160156247,Leave_One_experiments/all_year_offline_schedule_search/daily_outputs/HLA/HLA_2020_HLA2020_normal_grid_S0013_daily.csv
HLA,HLA,Hailun,2020,Leave_One_experiments\wth_generated_qc\HLA\HLA2020.WTH,wet_year;nitrogen_stress_year;low_response_year,wet,HLA2020_normal_grid_S0013,irrigation_positive_candidate,2020-08-19,232,113,108,"{""sim_day"": 113.0, ""doy"": 232.0, ""topwt"": 12134.886474609377, ""grnwt"": 2351.3710021972656, ""xlai"": 3.09120512008667, ""totir"": 30.0, ""tofer"": NaN, ""swfac"": 0.0, ""nstres"": 0.0876607894897461}",0.0,0.0876607894897461,12134.886474609377,2351.3710021972656,3.09120512008667,30.0,,0.0,0.0,30.0,150.0,13.505139160156247,25.505139160156247,Leave_One_experiments/all_year_offline_schedule_search/daily_outputs/HLA/HLA_2020_HLA2020_normal_grid_S0013_daily.csv
HLA,HLA,Hailun,2020,Leave_One_experiments\wth_generated_qc\HLA\HLA2020.WTH,wet_year;nitrogen_stress_year;low_response_year,wet,HLA2020_normal_grid_S0013,irrigation_positive_candidate,2020-08-20,233,114,109,"{""sim_day"": 114.0, ""doy"": 233.0, ""topwt"": 12292.596435546877, ""grnwt"": 2509.080352783203, ""xlai"": 3.0543007850646973, ""totir"": 30.0, ""tofer"": NaN, ""swfac"": 0.0, ""nstres"": 0.0955080389976501}",0.0,0.0955080389976501,12292.596435546877,2509.080352783203,3.0543007850646973,30.0,,0.0,0.0,30.0,150.0,13.505139160156247,25.505139160156247,Leave_One_experiments/all_year_offline_schedule_search/daily_outputs/HLA/HLA_2020_HLA2020_normal_grid_S0013_daily.csv
HLA,HLA,Hailun,2020,Leave_One_experiments\wth_generated_qc\HLA\HLA2020.WTH,wet_year;nitrogen_stress_year;low_response_year,wet,HLA2020_normal_grid_S0013,irrigation_positive_candidate,2020-08-21,234,115,110,"{""sim_day"": 115.0, ""doy"": 234.0, ""topwt"": 12450.306396484377, ""grnwt"": 2666.78955078125, ""xlai"": 3.014662504196167, ""totir"": 30.0, ""tofer"": NaN, ""swfac"": 0.0, ""nstres"": 0.103822648525238}",0.0,0.103822648525238,12450.306396484377,2666.78955078125,3.014662504196167,30.0,,0.0,0.0,30.0,150.0,13.505139160156247,25.505139160156247,Leave_One_experiments/all_year_offline_schedule_search/daily_outputs/HLA/HLA_2020_HLA2020_normal_grid_S0013_daily.csv
HLA,HLA,Hailun,2020,Leave_One_experiments\wth_generated_qc\HLA\HLA2020.WTH,wet_year;nitrogen_stress_year;low_response_year,wet,HLA2020_normal_grid_S0013,irrigation_positive_candidate,2020-08-22,235,116,111,"{""sim_day"": 116.0, ""doy"": 235.0, ""topwt"": 12608.01513671875, ""grnwt"": 2824.4989013671875, ""xlai"": 2.9727039337158203, ""totir"": 30.0, ""tofer"": NaN, ""swfac"": 0.0, ""nstres"": 0.1113448739051818}",0.0,0.1113448739051818,12608.01513671875,2824.4989013671875,2.9727039337158203,30.0,,0.0,0.0,30.0,150.0,13.505139160156247,25.505139160156247,Leave_One_experiments/all_year_offline_schedule_search/daily_outputs/HLA/HLA_2020_HLA2020_normal_grid_S0013_daily.csv
HLA,HLA,Hailun,2020,Leave_One_experiments\wth_generated_qc\HLA\HLA2020.WTH,wet_year;nitrogen_stress_year;low_response_year,wet,HLA2020_normal_grid_S0013,irrigation_positive_candidate,2020-08-23,236,117,112,"{""sim_day"": 117.0, ""doy"": 236.0, ""topwt"": 12666.318359375, ""grnwt"": 2982.208251953125, ""xlai"": 2.928291082382202, ""totir"": 30.0, ""tofer"": NaN, ""swfac"": 0.0, ""nstres"": 0.1195220947265625}",0.0,0.1195220947265625,12666.318359375,2982.208251953125,2.928291082382202,30.0,,0.0,0.0,30.0,150.0,13.505139160156247,25.505139160156247,Leave_One_experiments/all_year_offline_schedule_search/daily_outputs/HLA/HLA_2020_HLA2020_normal_grid_S0013_daily.csv
HLA,HLA,Hailun,2020,Leave_One_experiments\wth_generated_qc\HLA\HLA2020.WTH,wet_year;nitrogen_stress_year;low_response_year,wet,HLA2020_normal_grid_S0013,irrigation_positive_candidate,2020-08-24,237,118,113,"{""sim_day"": 118.0, ""doy"": 237.0, ""topwt"": 12833.173828125, ""grnwt"": 3139.9176025390625, ""xlai"": 2.881901979446411, ""totir"": 30.0, ""tofer"": NaN, ""swfac"": 0.0, ""nstres"": 0.1267340183258056}",0.0,0.1267340183258056,12833.173828125,3139.9176025390625,2.881901979446411,30.0,,0.0,0.0,30.0,150.0,13.505139160156247,25.505139160156247,Leave_One_experiments/all_year_offline_schedule_search/daily_outputs/HLA/HLA_2020_HLA2020_normal_grid_S0013_daily.csv
HLA,HLA,Hailun,2020,Leave_One_experiments\wth_generated_qc\HLA\HLA2020.WTH,wet_year;nitrogen_stress_year;low_response_year,wet,HLA2020_normal_grid_S0013,irrigation_positive_candidate,2020-08-25,238,119,114,"{""sim_day"": 119.0, ""doy"": 238.0, ""topwt"": 13081.142578125, ""grnwt"": 3297.626953125, ""xlai"": 2.836089849472046, ""totir"": 30.0, ""tofer"": NaN, ""swfac"": 0.0, ""nstres"": 0.1271710395812988}",0.0,0.1271710395812988,13081.142578125,3297.626953125,2.836089849472046,30.0,,0.0,0.0,30.0,150.0,13.505139160156247,25.505139160156247,Leave_One_experiments/all_year_offline_schedule_search/daily_outputs/HLA/HLA_2020_HLA2020_normal_grid_S0013_daily.csv
HLA,HLA,Hailun,2020,Leave_One_experiments\wth_generated_qc\HLA\HLA2020.WTH,wet_year;nitrogen_stress_year;low_response_year,wet,HLA2020_normal_grid_S0013,irrigation_positive_candidate,2020-08-26,239,120,115,"{""sim_day"": 120.0, ""doy"": 239.0, ""topwt"": 13197.14599609375, ""grnwt"": 3455.336303710937, ""xlai"": 2.787745714187622, ""totir"": 30.0, ""tofer"": NaN, ""swfac"": 0.0, ""nstres"": 0.1363692283630371}",0.0,0.1363692283630371,13197.14599609375,3455.336303710937,2.787745714187622,30.0,,0.0,0.0,30.0,150.0,13.505139160156247,25.505139160156247,Leave_One_experiments/all_year_offline_schedule_search/daily_outputs/HLA/HLA_2020_HLA2020_normal_grid_S0013_daily.csv
HLA,HLA,Hailun,2020,Leave_One_experiments\wth_generated_qc\HLA\HLA2020.WTH,wet_year;nitrogen_stress_year;low_response_year,wet,HLA2020_normal_grid_S0013,irrigation_positive_candidate,2020-08-27,240,121,116,"{""sim_day"": 121.0, ""doy"": 240.0, ""topwt"": 13285.05859375, ""grnwt"": 3613.045959472656, ""xlai"": 2.734080076217652, ""totir"": 30.0, ""tofer"": NaN, ""swfac"": 0.0, ""nstres"": 0.154004156589508}",0.0,0.154004156589508,13285.05859375,3613.045959472656,2.734080076217652,30.0,,0.0,0.0,30.0,150.0,13.505139160156247,25.505139160156247,Leave_One_experiments/all_year_offline_schedule_search/daily_outputs/HLA/HLA_2020_HLA2020_normal_grid_S0013_daily.csv
HLA,HLA,Hailun,2020,Leave_One_experiments\wth_generated_qc\HLA\HLA2020.WTH,wet_year;nitrogen_stress_year;low_response_year,wet,HLA2020_normal_grid_S0013,irrigation_positive_candidate,2020-08-28,241,122,117,"{""sim_day"": 122.0, ""doy"": 241.0, ""topwt"": 13382.421875, ""grnwt"": 3770.7553100585938, ""xlai"": 2.678727388381958, ""totir"": 30.0, ""tofer"": NaN, ""swfac"": 0.0, ""nstres"": 0.1619637012481689}",0.0,0.1619637012481689,13382.421875,3770.7553100585938,2.678727388381958,30.0,,0.0,0.0,30.0,150.0,13.505139160156247,25.505139160156247,Leave_One_experiments/all_year_offline_schedule_search/daily_outputs/HLA/HLA_2020_HLA2020_normal_grid_S0013_daily.csv
HLA,HLA,Hailun,2020,Leave_One_experiments\wth_generated_qc\HLA\HLA2020.WTH,wet_year;nitrogen_stress_year;low_response_year,wet,HLA2020_normal_grid_S0013,irrigation_positive_candidate,2020-08-29,242,123,118,"{""sim_day"": 123.0, ""doy"": 242.0, ""topwt"": 13480.01708984375, ""grnwt"": 3928.464965820313, ""xlai"": 2.622619152069092, ""totir"": 30.0, ""tofer"": NaN, ""swfac"": 0.0, ""nstres"": 0.1675664782524109}",0.0,0.1675664782524109,13480.01708984375,3928.464965820313,2.622619152069092,30.0,,0.0,0.0,30.0,150.0,13.505139160156247,25.505139160156247,Leave_One_experiments/all_year_offline_schedule_search/daily_outputs/HLA/HLA_2020_HLA2020_normal_grid_S0013_daily.csv
HLA,HLA,Hailun,2020,Leave_One_experiments\wth_generated_qc\HLA\HLA2020.WTH,wet_year;nitrogen_stress_year;low_response_year,wet,HLA2020_normal_grid_S0013,irrigation_positive_candidate,2020-08-30,243,124,119,"{""sim_day"": 124.0, ""doy"": 243.0, ""topwt"": 13583.78662109375, ""grnwt"": 4086.17431640625, ""xlai"": 2.5658414363861084, ""totir"": 30.0, ""tofer"": NaN, ""swfac"": 0.0, ""nstres"": 0.1731939315795898}",0.0,0.1731939315795898,13583.78662109375,4086.17431640625,2.5658414363861084,30.0,,0.0,0.0,30.0,150.0,13.505139160156247,25.505139160156247,Leave_One_experiments/all_year_offline_schedule_search/daily_outputs/HLA/HLA_2020_HLA2020_normal_grid_S0013_daily.csv
HLA,HLA,Hailun,2020,Leave_One_experiments\wth_generated_qc\HLA\HLA2020.WTH,wet_year;nitrogen_stress_year;low_response_year,wet,HLA2020_normal_grid_S0013,irrigation_positive_candidate,2020-08-31,244,125,120,"{""sim_day"": 125.0, ""doy"": 244.0, ""topwt"": 13760.545654296877, ""grnwt"": 4243.883972167969, ""xlai"": 2.5086612701416016, ""totir"": 30.0, ""tofer"": NaN, ""swfac"": 0.0, ""nstres"": 0.1782806515693664}",0.0,0.1782806515693664,13760.545654296877,4243.883972167969,2.5086612701416016,30.0,,0.0,0.0,30.0,150.0,13.505139160156247,25.505139160156247,Leave_One_experiments/all_year_offline_schedule_search/daily_outputs/HLA/HLA_2020_HLA2020_normal_grid_S0013_daily.csv
HLA,HLA,Hailun,2020,Leave_One_experiments\wth_generated_qc\HLA\HLA2020.WTH,wet_year;nitrogen_stress_year;low_response_year,wet,HLA2020_normal_grid_S0013,irrigation_positive_candidate,2020-09-01,245,126,121,"{""sim_day"": 126.0, ""doy"": 245.0, ""topwt"": 13989.0869140625, ""grnwt"": 4401.593322753906, ""xlai"": 2.450779914855957, ""totir"": 30.0, ""tofer"": NaN, ""swfac"": 0.0, ""nstres"": 0.1845808029174804}",0.0,0.1845808029174804,13989.0869140625,4401.593322753906,2.450779914855957,30.0,,0.0,0.0,30.0,150.0,13.505139160156247,25.505139160156247,Leave_One_experiments/all_year_offline_schedule_search/daily_outputs/HLA/HLA_2020_HLA2020_normal_grid_S0013_daily.csv
HLA,HLA,Hailun,2020,Leave_One_experiments\wth_generated_qc\HLA\HLA2020.WTH,wet_year;nitrogen_stress_year;low_response_year,wet,HLA2020_normal_grid_S0013,irrigation_positive_candidate,2020-09-02,246,127,122,"{""sim_day"": 127.0, ""doy"": 246.0, ""topwt"": 14033.192138671877, ""grnwt"": 4559.302978515625, ""xlai"": 2.3898744583129883, ""totir"": 30.0, ""tofer"": NaN, ""swfac"": 0.0, ""nstres"": 0.1988117098808288}",0.0,0.1988117098808288,14033.192138671877,4559.302978515625,2.3898744583129883,30.0,,0.0,0.0,30.0,150.0,13.505139160156247,25.505139160156247,Leave_One_experiments/all_year_offline_schedule_search/daily_outputs/HLA/HLA_2020_HLA2020_normal_grid_S0013_daily.csv
HLA,HLA,Hailun,2020,Leave_One_experiments\wth_generated_qc\HLA\HLA2020.WTH,wet_year;nitrogen_stress_year;low_response_year,wet,HLA2020_normal_grid_S0013,irrigation_positive_candidate,2020-09-03,247,128,123,"{""sim_day"": 128.0, ""doy"": 247.0, ""topwt"": 14096.75537109375, ""grnwt"": 4717.0123291015625, ""xlai"": 2.3254213333129883, ""totir"": 30.0, ""tofer"": NaN, ""swfac"": 0.0, ""nstres"": 0.2472627162933349}",0.0,0.2472627162933349,14096.75537109375,4717.0123291015625,2.3254213333129883,30.0,,0.0,0.0,30.0,150.0,13.505139160156247,25.505139160156247,Leave_One_experiments/all_year_offline_schedule_search/daily_outputs/HLA/HLA_2020_HLA2020_normal_grid_S0013_daily.csv
HLA,HLA,Hailun,2020,Leave_One_experiments\wth_generated_qc\HLA\HLA2020.WTH,wet_year;nitrogen_stress_year;low_response_year,wet,HLA2020_normal_grid_S0013,irrigation_positive_candidate,2020-09-04,248,129,124,"{""sim_day"": 129.0, ""doy"": 248.0, ""topwt"": 14285.77880859375, ""grnwt"": 4874.721984863281, ""xlai"": 2.261908054351806, ""totir"": 30.0, ""tofer"": NaN, ""swfac"": 0.0, ""nstres"": 0.2554992437362671}",0.0,0.2554992437362671,14285.77880859375,4874.721984863281,2.261908054351806,30.0,,0.0,0.0,30.0,150.0,13.505139160156247,25.505139160156247,Leave_One_experiments/all_year_offline_schedule_search/daily_outputs/HLA/HLA_2020_HLA2020_normal_grid_S0013_daily.csv
HLA,HLA,Hailun,2020,Leave_One_experiments\wth_generated_qc\HLA\HLA2020.WTH,wet_year;nitrogen_stress_year;low_response_year,wet,HLA2020_normal_grid_S0013,irrigation_positive_candidate,2020-09-05,249,130,125,"{""sim_day"": 130.0, ""doy"": 249.0, ""topwt"": 14454.197998046877, ""grnwt"": 5032.431335449219, ""xlai"": 2.199007272720337, ""totir"": 30.0, ""tofer"": NaN, ""swfac"": 0.0, ""nstres"": 0.2674112915992737}",0.0,0.2674112915992737,14454.197998046877,5032.431335449219,2.199007272720337,30.0,,0.0,0.0,30.0,150.0,13.505139160156247,25.505139160156247,Leave_One_experiments/all_year_offline_schedule_search/daily_outputs/HLA/HLA_2020_HLA2020_normal_grid_S0013_daily.csv
HLA,HLA,Hailun,2020,Leave_One_experiments\wth_generated_qc\HLA\HLA2020.WTH,wet_year;nitrogen_stress_year;low_response_year,wet,HLA2020_normal_grid_S0013,irrigation_positive_candidate,2020-09-06,250,131,126,"{""sim_day"": 131.0, ""doy"": 250.0, ""topwt"": 14621.18896484375, ""grnwt"": 5190.1409912109375, ""xlai"": 2.1264069080352783, ""totir"": 30.0, ""tofer"": NaN, ""swfac"": 0.0, ""nstres"": 0.3096919655799866}",0.0,0.3096919655799866,14621.18896484375,5190.1409912109375,2.1264069080352783,30.0,,0.0,0.0,30.0,150.0,13.505139160156247,25.505139160156247,Leave_One_experiments/all_year_offline_schedule_search/daily_outputs/HLA/HLA_2020_HLA2020_normal_grid_S0013_daily.csv
HLA,HLA,Hailun,2020,Leave_One_experiments\wth_generated_qc\HLA\HLA2020.WTH,wet_year;nitrogen_stress_year;low_response_year,wet,HLA2020_normal_grid_S0013,irrigation_positive_candidate,2020-09-07,251,132,127,"{""sim_day"": 132.0, ""doy"": 251.0, ""topwt"": 14640.887451171877, ""grnwt"": 5347.850341796875, ""xlai"": 2.0564124584198, ""totir"": 30.0, ""tofer"": NaN, ""swfac"": 0.0, ""nstres"": 0.3479889035224914}",0.0,0.3479889035224914,14640.887451171877,5347.850341796875,2.0564124584198,30.0,,0.0,0.0,30.0,150.0,13.505139160156247,25.505139160156247,Leave_One_experiments/all_year_offline_schedule_search/daily_outputs/HLA/HLA_2020_HLA2020_normal_grid_S0013_daily.csv
HLA,HLA,Hailun,2020,Leave_One_experiments\wth_generated_qc\HLA\HLA2020.WTH,wet_year;nitrogen_stress_year;low_response_year,wet,HLA2020_normal_grid_S0013,irrigation_positive_candidate,2020-09-08,252,133,128,"{""sim_day"": 133.0, ""doy"": 252.0, ""topwt"": 14777.838134765623, ""grnwt"": 5505.5596923828125, ""xlai"": 1.981635928153992, ""totir"": 30.0, ""tofer"": NaN, ""swfac"": 0.0, ""nstres"": 0.3868343830108642}",0.0,0.3868343830108642,14777.838134765623,5505.5596923828125,1.981635928153992,30.0,,0.0,0.0,30.0,150.0,13.505139160156247,25.505139160156247,Leave_One_experiments/all_year_offline_schedule_search/daily_outputs/HLA/HLA_2020_HLA2020_normal_grid_S0013_daily.csv
HLA,HLA,Hailun,2020,Leave_One_experiments\wth_generated_qc\HLA\HLA2020.WTH,wet_year;nitrogen_stress_year;low_response_year,wet,HLA2020_normal_grid_S0013,irrigation_positive_candidate,2020-09-09,253,134,129,"{""sim_day"": 134.0, ""doy"": 253.0, ""topwt"": 14908.49365234375, ""grnwt"": 5663.2696533203125, ""xlai"": 1.909941792488098, ""totir"": 30.0, ""tofer"": NaN, ""swfac"": 0.0, ""nstres"": 0.3963264226913452}",0.0,0.3963264226913452,14908.49365234375,5663.2696533203125,1.909941792488098,30.0,,0.0,0.0,30.0,150.0,13.505139160156247,25.505139160156247,Leave_One_experiments/all_year_offline_schedule_search/daily_outputs/HLA/HLA_2020_HLA2020_normal_grid_S0013_daily.csv
HLA,HLA,Hailun,2020,Leave_One_experiments\wth_generated_qc\HLA\HLA2020.WTH,wet_year;nitrogen_stress_year;low_response_year,wet,HLA2020_normal_grid_S0013,irrigation_positive_candidate,2020-09-10,254,135,130,"{""sim_day"": 135.0, ""doy"": 254.0, ""topwt"": 15079.9560546875, ""grnwt"": 5820.97900390625, ""xlai"": 1.84391188621521, ""totir"": 30.0, ""tofer"": NaN, ""swfac"": 0.0, ""nstres"": 0.4297206997871399}",0.0,0.4297206997871399,15079.9560546875,5820.97900390625,1.84391188621521,30.0,,0.0,0.0,30.0,150.0,13.505139160156247,25.505139160156247,Leave_One_experiments/all_year_offline_schedule_search/daily_outputs/HLA/HLA_2020_HLA2020_normal_grid_S0013_daily.csv
HLA,HLA,Hailun,2020,Leave_One_experiments\wth_generated_qc\HLA\HLA2020.WTH,wet_year;nitrogen_stress_year;low_response_year,wet,HLA2020_normal_grid_S0013,irrigation_positive_candidate,2020-09-11,255,136,131,"{""sim_day"": 136.0, ""doy"": 255.0, ""topwt"": 15244.83642578125, ""grnwt"": 5978.688354492188, ""xlai"": 1.775182604789734, ""totir"": 30.0, ""tofer"": NaN, ""swfac"": 0.0, ""nstres"": 0.4613280296325683}",0.0,0.4613280296325683,15244.83642578125,5978.688354492188,1.775182604789734,30.0,,0.0,0.0,30.0,150.0,13.505139160156247,25.505139160156247,Leave_One_experiments/all_year_offline_schedule_search/daily_outputs/HLA/HLA_2020_HLA2020_normal_grid_S0013_daily.csv
HLA,HLA,Hailun,2020,Leave_One_experiments\wth_generated_qc\HLA\HLA2020.WTH,wet_year;nitrogen_stress_year;low_response_year,wet,HLA2020_normal_grid_S0013,irrigation_positive_candidate,2020-09-12,256,137,132,"{""sim_day"": 137.0, ""doy"": 256.0, ""topwt"": 15354.16015625, ""grnwt"": 6136.397705078125, ""xlai"": 1.705399990081787, ""totir"": 30.0, ""tofer"": NaN, ""swfac"": 0.0, ""nstres"": 0.5015109777450562}",0.0,0.5015109777450562,15354.16015625,6136.397705078125,1.705399990081787,30.0,,0.0,0.0,30.0,150.0,13.505139160156247,25.505139160156247,Leave_One_experiments/all_year_offline_schedule_search/daily_outputs/HLA/HLA_2020_HLA2020_normal_grid_S0013_daily.csv
HLA,HLA,Hailun,2020,Leave_One_experiments\wth_generated_qc\HLA\HLA2020.WTH,wet_year;nitrogen_stress_year;low_response_year,wet,HLA2020_normal_grid_S0013,irrigation_positive_candidate,2020-09-13,257,138,133,"{""sim_day"": 138.0, ""doy"": 257.0, ""topwt"": 15451.22314453125, ""grnwt"": 6294.107666015625, ""xlai"": 1.6250685453414917, ""totir"": 30.0, ""tofer"": NaN, ""swfac"": 0.0, ""nstres"": 0.5386294722557068}",0.0,0.5386294722557068,15451.22314453125,6294.107666015625,1.6250685453414917,30.0,,0.0,0.0,30.0,150.0,13.505139160156247,25.505139160156247,Leave_One_experiments/all_year_offline_schedule_search/daily_outputs/HLA/HLA_2020_HLA2020_normal_grid_S0013_daily.csv
HLA,HLA,Hailun,2020,Leave_One_experiments\wth_generated_qc\HLA\HLA2020.WTH,wet_year;nitrogen_stress_year;low_response_year,wet,HLA2020_normal_grid_S0013,irrigation_positive_candidate,2020-09-14,258,139,134,"{""sim_day"": 139.0, ""doy"": 258.0, ""topwt"": 15545.15625, ""grnwt"": 6446.56005859375, ""xlai"": 1.5544860363006592, ""totir"": 30.0, ""tofer"": NaN, ""swfac"": 0.0, ""nstres"": 0.5641210973262787}",0.0,0.5641210973262787,15545.15625,6446.56005859375,1.5544860363006592,30.0,,0.0,0.0,30.0,150.0,13.505139160156247,25.505139160156247,Leave_One_experiments/all_year_offline_schedule_search/daily_outputs/HLA/HLA_2020_HLA2020_normal_grid_S0013_daily.csv
HLA,HLA,Hailun,2020,Leave_One_experiments\wth_generated_qc\HLA\HLA2020.WTH,wet_year;nitrogen_stress_year;low_response_year,wet,HLA2020_normal_grid_S0013,irrigation_positive_candidate,2020-09-15,259,140,135,"{""sim_day"": 140.0, ""doy"": 259.0, ""topwt"": 15561.88720703125, ""grnwt"": 6600.513916015625, ""xlai"": 1.481152057647705, ""totir"": 30.0, ""tofer"": NaN, ""swfac"": 0.0, ""nstres"": 0.5854516625404358}",0.0,0.5854516625404358,15561.88720703125,6600.513916015625,1.481152057647705,30.0,,0.0,0.0,30.0,150.0,13.505139160156247,25.505139160156247,Leave_One_experiments/all_year_offline_schedule_search/daily_outputs/HLA/HLA_2020_HLA2020_normal_grid_S0013_daily.csv
HLA,HLA,Hailun,2020,Leave_One_experiments\wth_generated_qc\HLA\HLA2020.WTH,wet_year;nitrogen_stress_year;low_response_year,wet,HLA2020_normal_grid_S0013,irrigation_positive_candidate,2020-09-16,260,141,136,"{""sim_day"": 141.0, ""doy"": 260.0, ""topwt"": 15561.88720703125, ""grnwt"": 6600.513916015625, ""xlai"": 1.481152057647705, ""totir"": 30.0, ""tofer"": NaN, ""swfac"": 0.0, ""nstres"": 0.6131215691566467}",0.0,0.6131215691566467,15561.88720703125,6600.513916015625,1.481152057647705,30.0,,0.0,0.0,30.0,150.0,13.505139160156247,25.505139160156247,Leave_One_experiments/all_year_offline_schedule_search/daily_outputs/HLA/HLA_2020_HLA2020_normal_grid_S0013_daily.csv
HLA,HLA,Hailun,2020,Leave_One_experiments\wth_generated_qc\HLA\HLA2020.WTH,wet_year;nitrogen_stress_year;low_response_year,wet,HLA2020_normal_grid_S0013,irrigation_positive_candidate,2020-09-17,261,142,137,"{""sim_day"": 142.0, ""doy"": 261.0, ""topwt"": 15561.88720703125, ""grnwt"": 6600.513916015625, ""xlai"": 1.481152057647705, ""totir"": 30.0, ""tofer"": NaN, ""swfac"": 0.0, ""nstres"": 0.6131215691566467}",0.0,0.6131215691566467,15561.88720703125,6600.513916015625,1.481152057647705,30.0,,0.0,0.0,30.0,150.0,13.505139160156247,25.505139160156247,Leave_One_experiments/all_year_offline_schedule_search/daily_outputs/HLA/HLA_2020_HLA2020_normal_grid_S0013_daily.csv
HLA,HLA,Hailun,2020,Leave_One_experiments\wth_generated_qc\HLA\HLA2020.WTH,wet_year;nitrogen_stress_year;low_response_year,wet,HLA2020_normal_grid_S0013,irrigation_positive_candidate,2020-09-18,262,143,138,"{""sim_day"": 143.0, ""doy"": 262.0, ""topwt"": 15561.88720703125, ""grnwt"": 6600.513916015625, ""xlai"": 1.481152057647705, ""totir"": 30.0, ""tofer"": NaN, ""swfac"": 0.0, ""nstres"": 0.6131215691566467}",0.0,0.6131215691566467,15561.88720703125,6600.513916015625,1.481152057647705,30.0,,0.0,0.0,30.0,150.0,13.505139160156247,25.505139160156247,Leave_One_experiments/all_year_offline_schedule_search/daily_outputs/HLA/HLA_2020_HLA2020_normal_grid_S0013_daily.csv
HLA,HLA,Hailun,2020,Leave_One_experiments\wth_generated_qc\HLA\HLA2020.WTH,wet_year;nitrogen_stress_year;low_response_year,wet,HLA2020_normal_grid_S0013,irrigation_positive_candidate,2020-09-19,263,144,139,"{""sim_day"": 144.0, ""doy"": 263.0, ""topwt"": 15561.88720703125, ""grnwt"": 6600.513916015625, ""xlai"": 1.481152057647705, ""totir"": 30.0, ""tofer"": NaN, ""swfac"": 0.0, ""nstres"": 0.6131215691566467}",0.0,0.6131215691566467,15561.88720703125,6600.513916015625,1.481152057647705,30.0,,0.0,0.0,30.0,150.0,13.505139160156247,25.505139160156247,Leave_One_experiments/all_year_offline_schedule_search/daily_outputs/HLA/HLA_2020_HLA2020_normal_grid_S0013_daily.csv
HLA,HLA,Hailun,2020,Leave_One_experiments\wth_generated_qc\HLA\HLA2020.WTH,wet_year;nitrogen_stress_year;low_response_year,wet,HLA2020_normal_grid_S0013,irrigation_positive_candidate,2020-09-20,264,145,140,"{""sim_day"": 145.0, ""doy"": 264.0, ""topwt"": 15561.88720703125, ""grnwt"": 6600.513916015625, ""xlai"": 1.481152057647705, ""totir"": 30.0, ""tofer"": NaN, ""swfac"": 0.0, ""nstres"": 0.6131215691566467}",0.0,0.6131215691566467,15561.88720703125,6600.513916015625,1.481152057647705,30.0,,0.0,0.0,30.0,150.0,13.505139160156247,25.505139160156247,Leave_One_experiments/all_year_offline_schedule_search/daily_outputs/HLA/HLA_2020_HLA2020_normal_grid_S0013_daily.csv
HLA,HLA,Hailun,2020,Leave_One_experiments\wth_generated_qc\HLA\HLA2020.WTH,wet_year;nitrogen_stress_year;low_response_year,wet,HLA2020_normal_grid_S0013,irrigation_positive_candidate,2020-09-21,265,146,141,"{""sim_day"": 146.0, ""doy"": 265.0, ""topwt"": 15561.88720703125, ""grnwt"": 6600.513916015625, ""xlai"": 1.481152057647705, ""totir"": 30.0, ""tofer"": NaN, ""swfac"": 0.0, ""nstres"": 0.6131215691566467}",0.0,0.6131215691566467,15561.88720703125,6600.513916015625,1.481152057647705,30.0,,0.0,0.0,30.0,150.0,13.505139160156247,25.505139160156247,Leave_One_experiments/all_year_offline_schedule_search/daily_outputs/HLA/HLA_2020_HLA2020_normal_grid_S0013_daily.csv
HLA,HLA,Hailun,2020,Leave_One_experiments\wth_generated_qc\HLA\HLA2020.WTH,wet_year;nitrogen_stress_year;low_response_year,wet,HLA2020_normal_grid_S0013,irrigation_positive_candidate,2020-09-22,266,147,142,"{""sim_day"": 147.0, ""doy"": 266.0, ""topwt"": 15561.88720703125, ""grnwt"": 6600.513916015625, ""xlai"": 1.481152057647705, ""totir"": 30.0, ""tofer"": NaN, ""swfac"": 0.0, ""nstres"": 0.6131215691566467}",0.0,0.6131215691566467,15561.88720703125,6600.513916015625,1.481152057647705,30.0,,0.0,0.0,30.0,150.0,13.505139160156247,25.505139160156247,Leave_One_experiments/all_year_offline_schedule_search/daily_outputs/HLA/HLA_2020_HLA2020_normal_grid_S0013_daily.csv
HLA,HLA,Hailun,2020,Leave_One_experiments\wth_generated_qc\HLA\HLA2020.WTH,wet_year;nitrogen_stress_year;low_response_year,wet,HLA2020_normal_grid_S0010,low_input_within_10pct_yield,2020-05-04,125,1,1,"{""sim_day"": 1.0, ""doy"": 125.0, ""topwt"": 0.0, ""grnwt"": 0.0, ""xlai"": 0.0, ""totir"": 0.0, ""tofer"": NaN, ""swfac"": 0.0, ""nstres"": 0.0}",0.0,0.0,0.0,0.0,0.0,0.0,,0.0,50.0,0.0,150.0,28.592785644531247,28.592785644531247,Leave_One_experiments/all_year_offline_schedule_search/daily_outputs/HLA/HLA_2020_HLA2020_normal_grid_S0010_daily.csv
HLA,HLA,Hailun,2020,Leave_One_experiments\wth_generated_qc\HLA\HLA2020.WTH,wet_year;nitrogen_stress_year;low_response_year,wet,HLA2020_normal_grid_S0010,low_input_within_10pct_yield,2020-05-05,126,2,2,"{""sim_day"": 2.0, ""doy"": 126.0, ""topwt"": 0.0, ""grnwt"": 0.0, ""xlai"": 0.0, ""totir"": 0.0, ""tofer"": NaN, ""swfac"": 0.0, ""nstres"": 0.0}",0.0,0.0,0.0,0.0,0.0,0.0,,0.0,0.0,0.0,150.0,28.592785644531247,28.592785644531247,Leave_One_experiments/all_year_offline_schedule_search/daily_outputs/HLA/HLA_2020_HLA2020_normal_grid_S0010_daily.csv
HLA,HLA,Hailun,2020,Leave_One_experiments\wth_generated_qc\HLA\HLA2020.WTH,wet_year;nitrogen_stress_year;low_response_year,wet,HLA2020_normal_grid_S0010,low_input_within_10pct_yield,2020-05-06,127,3,3,"{""sim_day"": 3.0, ""doy"": 127.0, ""topwt"": 0.0, ""grnwt"": 0.0, ""xlai"": 0.0, ""totir"": 0.0, ""tofer"": NaN, ""swfac"": 0.0, ""nstres"": 0.0}",0.0,0.0,0.0,0.0,0.0,0.0,,0.0,0.0,0.0,150.0,28.592785644531247,28.592785644531247,Leave_One_experiments/all_year_offline_schedule_search/daily_outputs/HLA/HLA_2020_HLA2020_normal_grid_S0010_daily.csv
HLA,HLA,Hailun,2020,Leave_One_experiments\wth_generated_qc\HLA\HLA2020.WTH,wet_year;nitrogen_stress_year;low_response_year,wet,HLA2020_normal_grid_S0010,low_input_within_10pct_yield,2020-05-07,128,4,4,"{""sim_day"": 4.0, ""doy"": 128.0, ""topwt"": 0.0, ""grnwt"": 0.0, ""xlai"": 0.0, ""totir"": 0.0, ""tofer"": NaN, ""swfac"": 0.0, ""nstres"": 0.0}",0.0,0.0,0.0,0.0,0.0,0.0,,0.0,0.0,0.0,150.0,28.592785644531247,28.592785644531247,Leave_One_experiments/all_year_offline_schedule_search/daily_outputs/HLA/HLA_2020_HLA2020_normal_grid_S0010_daily.csv
HLA,HLA,Hailun,2020,Leave_One_experiments\wth_generated_qc\HLA\HLA2020.WTH,wet_year;nitrogen_stress_year;low_response_year,wet,HLA2020_normal_grid_S0010,low_input_within_10pct_yield,2020-05-08,129,5,5,"{""sim_day"": 5.0, ""doy"": 129.0, ""topwt"": 0.0, ""grnwt"": 0.0, ""xlai"": 0.0, ""totir"": 0.0, ""tofer"": NaN, ""swfac"": 0.0, ""nstres"": 0.0}",0.0,0.0,0.0,0.0,0.0,0.0,,0.0,0.0,0.0,150.0,28.592785644531247,28.592785644531247,Leave_One_experiments/all_year_offline_schedule_search/daily_outputs/HLA/HLA_2020_HLA2020_normal_grid_S0010_daily.csv
HLA,HLA,Hailun,2020,Leave_One_experiments\wth_generated_qc\HLA\HLA2020.WTH,wet_year;nitrogen_stress_year;low_response_year,wet,HLA2020_normal_grid_S0010,low_input_within_10pct_yield,2020-05-04,125,6,1,"{""sim_day"": 6.0, ""doy"": 125.0, ""topwt"": 0.0, ""grnwt"": 0.0, ""xlai"": 0.0, ""totir"": 0.0, ""tofer"": NaN, ""swfac"": 0.0, ""nstres"": 0.0}",0.0,0.0,0.0,0.0,0.0,0.0,,0.0,0.0,0.0,150.0,28.592785644531247,28.592785644531247,Leave_One_experiments/all_year_offline_schedule_search/daily_outputs/HLA/HLA_2020_HLA2020_normal_grid_S0010_daily.csv
HLA,HLA,Hailun,2020,Leave_One_experiments\wth_generated_qc\HLA\HLA2020.WTH,wet_year;nitrogen_stress_year;low_response_year,wet,HLA2020_normal_grid_S0010,low_input_within_10pct_yield,2020-05-05,126,7,2,"{""sim_day"": 7.0, ""doy"": 126.0, ""topwt"": 0.0, ""grnwt"": 0.0, ""xlai"": 0.0, ""totir"": 0.0, ""tofer"": NaN, ""swfac"": 0.0, ""nstres"": 0.0}",0.0,0.0,0.0,0.0,0.0,0.0,,0.0,0.0,0.0,150.0,28.592785644531247,28.592785644531247,Leave_One_experiments/all_year_offline_schedule_search/daily_outputs/HLA/HLA_2020_HLA2020_normal_grid_S0010_daily.csv
HLA,HLA,Hailun,2020,Leave_One_experiments\wth_generated_qc\HLA\HLA2020.WTH,wet_year;nitrogen_stress_year;low_response_year,wet,HLA2020_normal_grid_S0010,low_input_within_10pct_yield,2020-05-06,127,8,3,"{""sim_day"": 8.0, ""doy"": 127.0, ""topwt"": 0.0, ""grnwt"": 0.0, ""xlai"": 0.0, ""totir"": 0.0, ""tofer"": NaN, ""swfac"": 0.0, ""nstres"": 0.0}",0.0,0.0,0.0,0.0,0.0,0.0,,0.0,0.0,0.0,150.0,28.592785644531247,28.592785644531247,Leave_One_experiments/all_year_offline_schedule_search/daily_outputs/HLA/HLA_2020_HLA2020_normal_grid_S0010_daily.csv
HLA,HLA,Hailun,2020,Leave_One_experiments\wth_generated_qc\HLA\HLA2020.WTH,wet_year;nitrogen_stress_year;low_response_year,wet,HLA2020_normal_grid_S0010,low_input_within_10pct_yield,2020-05-07,128,9,4,"{""sim_day"": 9.0, ""doy"": 128.0, ""topwt"": 0.0, ""grnwt"": 0.0, ""xlai"": 0.0, ""totir"": 0.0, ""tofer"": NaN, ""swfac"": 0.0, ""nstres"": 0.0}",0.0,0.0,0.0,0.0,0.0,0.0,,0.0,0.0,0.0,150.0,28.592785644531247,28.592785644531247,Leave_One_experiments/all_year_offline_schedule_search/daily_outputs/HLA/HLA_2020_HLA2020_normal_grid_S0010_daily.csv
HLA,HLA,Hailun,2020,Leave_One_experiments\wth_generated_qc\HLA\HLA2020.WTH,wet_year;nitrogen_stress_year;low_response_year,wet,HLA2020_normal_grid_S0010,low_input_within_10pct_yield,2020-05-08,129,10,5,"{""sim_day"": 10.0, ""doy"": 129.0, ""topwt"": 0.0, ""grnwt"": 0.0, ""xlai"": 0.0, ""totir"": 0.0, ""tofer"": NaN, ""swfac"": 0.0, ""nstres"": 0.0}",0.0,0.0,0.0,0.0,0.0,0.0,,0.0,0.0,0.0,150.0,28.592785644531247,28.592785644531247,Leave_One_experiments/all_year_offline_schedule_search/daily_outputs/HLA/HLA_2020_HLA2020_normal_grid_S0010_daily.csv
HLA,HLA,Hailun,2020,Leave_One_experiments\wth_generated_qc\HLA\HLA2020.WTH,wet_year;nitrogen_stress_year;low_response_year,wet,HLA2020_normal_grid_S0010,low_input_within_10pct_yield,2020-05-09,130,11,6,"{""sim_day"": 11.0, ""doy"": 130.0, ""topwt"": 0.0, ""grnwt"": 0.0, ""xlai"": 0.0, ""totir"": 0.0, ""tofer"": NaN, ""swfac"": 0.0, ""nstres"": 0.0}",0.0,0.0,0.0,0.0,0.0,0.0,,0.0,0.0,0.0,150.0,28.592785644531247,28.592785644531247,Leave_One_experiments/all_year_offline_schedule_search/daily_outputs/HLA/HLA_2020_HLA2020_normal_grid_S0010_daily.csv
HLA,HLA,Hailun,2020,Leave_One_experiments\wth_generated_qc\HLA\HLA2020.WTH,wet_year;nitrogen_stress_year;low_response_year,wet,HLA2020_normal_grid_S0010,low_input_within_10pct_yield,2020-05-10,131,12,7,"{""sim_day"": 12.0, ""doy"": 131.0, ""topwt"": 0.0, ""grnwt"": 0.0, ""xlai"": 0.0, ""totir"": 0.0, ""tofer"": NaN, ""swfac"": 0.0, ""nstres"": 0.0}",0.0,0.0,0.0,0.0,0.0,0.0,,0.0,0.0,0.0,150.0,28.592785644531247,28.592785644531247,Leave_One_experiments/all_year_offline_schedule_search/daily_outputs/HLA/HLA_2020_HLA2020_normal_grid_S0010_daily.csv
HLA,HLA,Hailun,2020,Leave_One_experiments\wth_generated_qc\HLA\HLA2020.WTH,wet_year;nitrogen_stress_year;low_response_year,wet,HLA2020_normal_grid_S0010,low_input_within_10pct_yield,2020-05-11,132,13,8,"{""sim_day"": 13.0, ""doy"": 132.0, ""topwt"": 0.0, ""grnwt"": 0.0, ""xlai"": 0.0, ""totir"": 0.0, ""tofer"": NaN, ""swfac"": 0.0, ""nstres"": 0.0}",0.0,0.0,0.0,0.0,0.0,0.0,,0.0,0.0,0.0,150.0,28.592785644531247,28.592785644531247,Leave_One_experiments/all_year_offline_schedule_search/daily_outputs/HLA/HLA_2020_HLA2020_normal_grid_S0010_daily.csv
HLA,HLA,Hailun,2020,Leave_One_experiments\wth_generated_qc\HLA\HLA2020.WTH,wet_year;nitrogen_stress_year;low_response_year,wet,HLA2020_normal_grid_S0010,low_input_within_10pct_yield,2020-05-12,133,14,9,"{""sim_day"": 14.0, ""doy"": 133.0, ""topwt"": 0.0, ""grnwt"": 0.0, ""xlai"": 0.0, ""totir"": 0.0, ""tofer"": NaN, ""swfac"": 0.0, ""nstres"": 0.0}",0.0,0.0,0.0,0.0,0.0,0.0,,0.0,0.0,0.0,150.0,28.592785644531247,28.592785644531247,Leave_One_experiments/all_year_offline_schedule_search/daily_outputs/HLA/HLA_2020_HLA2020_normal_grid_S0010_daily.csv
HLA,HLA,Hailun,2020,Leave_One_experiments\wth_generated_qc\HLA\HLA2020.WTH,wet_year;nitrogen_stress_year;low_response_year,wet,HLA2020_normal_grid_S0010,low_input_within_10pct_yield,2020-05-13,134,15,10,"{""sim_day"": 15.0, ""doy"": 134.0, ""topwt"": 0.0, ""grnwt"": 0.0, ""xlai"": 0.0, ""totir"": 0.0, ""tofer"": NaN, ""swfac"": 0.0, ""nstres"": 0.0}",0.0,0.0,0.0,0.0,0.0,0.0,,0.0,0.0,0.0,150.0,28.592785644531247,28.592785644531247,Leave_One_experiments/all_year_offline_schedule_search/daily_outputs/HLA/HLA_2020_HLA2020_normal_grid_S0010_daily.csv
HLA,HLA,Hailun,2020,Leave_One_experiments\wth_generated_qc\HLA\HLA2020.WTH,wet_year;nitrogen_stress_year;low_response_year,wet,HLA2020_normal_grid_S0010,low_input_within_10pct_yield,2020-05-14,135,16,11,"{""sim_day"": 16.0, ""doy"": 135.0, ""topwt"": 0.0, ""grnwt"": 0.0, ""xlai"": 0.0, ""totir"": 0.0, ""tofer"": NaN, ""swfac"": 0.0, ""nstres"": 0.0}",0.0,0.0,0.0,0.0,0.0,0.0,,0.0,0.0,0.0,150.0,28.592785644531247,28.592785644531247,Leave_One_experiments/all_year_offline_schedule_search/daily_outputs/HLA/HLA_2020_HLA2020_normal_grid_S0010_daily.csv
HLA,HLA,Hailun,2020,Leave_One_experiments\wth_generated_qc\HLA\HLA2020.WTH,wet_year;nitrogen_stress_year;low_response_year,wet,HLA2020_normal_grid_S0010,low_input_within_10pct_yield,2020-05-15,136,17,12,"{""sim_day"": 17.0, ""doy"": 136.0, ""topwt"": 20.0, ""grnwt"": 0.0, ""xlai"": 0.0019170467276126, ""totir"": 0.0, ""tofer"": NaN, ""swfac"": 0.0, ""nstres"": 0.0121910572052001}",0.0,0.0121910572052001,20.0,0.0,0.0019170467276126,0.0,,0.0,0.0,0.0,150.0,28.592785644531247,28.592785644531247,Leave_One_experiments/all_year_offline_schedule_search/daily_outputs/HLA/HLA_2020_HLA2020_normal_grid_S0010_daily.csv
HLA,HLA,Hailun,2020,Leave_One_experiments\wth_generated_qc\HLA\HLA2020.WTH,wet_year;nitrogen_stress_year;low_response_year,wet,HLA2020_normal_grid_S0010,low_input_within_10pct_yield,2020-05-16,137,18,13,"{""sim_day"": 18.0, ""doy"": 137.0, ""topwt"": 20.0, ""grnwt"": 0.0, ""xlai"": 0.0036967506166547, ""totir"": 0.0, ""tofer"": NaN, ""swfac"": 0.0, ""nstres"": 0.0149148106575012}",0.0,0.0149148106575012,20.0,0.0,0.0036967506166547,0.0,,0.0,0.0,0.0,150.0,28.592785644531247,28.592785644531247,Leave_One_experiments/all_year_offline_schedule_search/daily_outputs/HLA/HLA_2020_HLA2020_normal_grid_S0010_daily.csv
HLA,HLA,Hailun,2020,Leave_One_experiments\wth_generated_qc\HLA\HLA2020.WTH,wet_year;nitrogen_stress_year;low_response_year,wet,HLA2020_normal_grid_S0010,low_input_within_10pct_yield,2020-05-17,138,19,14,"{""sim_day"": 19.0, ""doy"": 138.0, ""topwt"": 20.0, ""grnwt"": 0.0, ""xlai"": 0.0051076239906251, ""totir"": 0.0, ""tofer"": NaN, ""swfac"": 0.0, ""nstres"": 0.0118875503540039}",0.0,0.0118875503540039,20.0,0.0,0.0051076239906251,0.0,,0.0,0.0,0.0,150.0,28.592785644531247,28.592785644531247,Leave_One_experiments/all_year_offline_schedule_search/daily_outputs/HLA/HLA_2020_HLA2020_normal_grid_S0010_daily.csv
HLA,HLA,Hailun,2020,Leave_One_experiments\wth_generated_qc\HLA\HLA2020.WTH,wet_year;nitrogen_stress_year;low_response_year,wet,HLA2020_normal_grid_S0010,low_input_within_10pct_yield,2020-05-18,139,20,15,"{""sim_day"": 20.0, ""doy"": 139.0, ""topwt"": 20.0, ""grnwt"": 0.0, ""xlai"": 0.0066419006325304, ""totir"": 0.0, ""tofer"": NaN, ""swfac"": 0.0, ""nstres"": 0.0088218450546264}",0.0,0.0088218450546264,20.0,0.0,0.0066419006325304,0.0,,0.0,0.0,0.0,150.0,28.592785644531247,28.592785644531247,Leave_One_experiments/all_year_offline_schedule_search/daily_outputs/HLA/HLA_2020_HLA2020_normal_grid_S0010_daily.csv
HLA,HLA,Hailun,2020,Leave_One_experiments\wth_generated_qc\HLA\HLA2020.WTH,wet_year;nitrogen_stress_year;low_response_year,wet,HLA2020_normal_grid_S0010,low_input_within_10pct_yield,2020-05-19,140,21,16,"{""sim_day"": 21.0, ""doy"": 140.0, ""topwt"": 20.0, ""grnwt"": 0.0, ""xlai"": 0.0079962816089391, ""totir"": 0.0, ""tofer"": NaN, ""swfac"": 0.0, ""nstres"": 0.0062395334243774}",0.0,0.0062395334243774,20.0,0.0,0.0079962816089391,0.0,,0.0,0.0,0.0,150.0,28.592785644531247,28.592785644531247,Leave_One_experiments/all_year_offline_schedule_search/daily_outputs/HLA/HLA_2020_HLA2020_normal_grid_S0010_daily.csv
HLA,HLA,Hailun,2020,Leave_One_experiments\wth_generated_qc\HLA\HLA2020.WTH,wet_year;nitrogen_stress_year;low_response_year,wet,HLA2020_normal_grid_S0010,low_input_within_10pct_yield,2020-05-20,141,22,17,"{""sim_day"": 22.0, ""doy"": 141.0, ""topwt"": 20.0, ""grnwt"": 0.0, ""xlai"": 0.009999606758356, ""totir"": 0.0, ""tofer"": NaN, ""swfac"": 0.0, ""nstres"": 0.0026842951774597}",0.0,0.0026842951774597,20.0,0.0,0.009999606758356,0.0,,0.0,0.0,0.0,150.0,28.592785644531247,28.592785644531247,Leave_One_experiments/all_year_offline_schedule_search/daily_outputs/HLA/HLA_2020_HLA2020_normal_grid_S0010_daily.csv
HLA,HLA,Hailun,2020,Leave_One_experiments\wth_generated_qc\HLA\HLA2020.WTH,wet_year;nitrogen_stress_year;low_response_year,wet,HLA2020_normal_grid_S0010,low_input_within_10pct_yield,2020-05-21,142,23,18,"{""sim_day"": 23.0, ""doy"": 142.0, ""topwt"": 20.0, ""grnwt"": 0.0, ""xlai"": 0.0125290295109152, ""totir"": 0.0, ""tofer"": NaN, ""swfac"": 0.0, ""nstres"": 0.0}",0.0,0.0,20.0,0.0,0.0125290295109152,0.0,,0.0,0.0,0.0,150.0,28.592785644531247,28.592785644531247,Leave_One_experiments/all_year_offline_schedule_search/daily_outputs/HLA/HLA_2020_HLA2020_normal_grid_S0010_daily.csv
HLA,HLA,Hailun,2020,Leave_One_experiments\wth_generated_qc\HLA\HLA2020.WTH,wet_year;nitrogen_stress_year;low_response_year,wet,HLA2020_normal_grid_S0010,low_input_within_10pct_yield,2020-05-22,143,24,19,"{""sim_day"": 24.0, ""doy"": 143.0, ""topwt"": 20.0, ""grnwt"": 0.0, ""xlai"": 0.0200553201138973, ""totir"": 0.0, ""tofer"": NaN, ""swfac"": 0.0, ""nstres"": 0.0}",0.0,0.0,20.0,0.0,0.0200553201138973,0.0,,0.0,0.0,0.0,150.0,28.592785644531247,28.592785644531247,Leave_One_experiments/all_year_offline_schedule_search/daily_outputs/HLA/HLA_2020_HLA2020_normal_grid_S0010_daily.csv
HLA,HLA,Hailun,2020,Leave_One_experiments\wth_generated_qc\HLA\HLA2020.WTH,wet_year;nitrogen_stress_year;low_response_year,wet,HLA2020_normal_grid_S0010,low_input_within_10pct_yield,2020-05-23,144,25,20,"{""sim_day"": 25.0, ""doy"": 144.0, ""topwt"": 20.0, ""grnwt"": 0.0, ""xlai"": 0.0246596429497003, ""totir"": 0.0, ""tofer"": NaN, ""swfac"": 0.0, ""nstres"": 0.0}",0.0,0.0,20.0,0.0,0.0246596429497003,0.0,,0.0,0.0,0.0,150.0,28.592785644531247,28.592785644531247,Leave_One_experiments/all_year_offline_schedule_search/daily_outputs/HLA/HLA_2020_HLA2020_normal_grid_S0010_daily.csv
HLA,HLA,Hailun,2020,Leave_One_experiments\wth_generated_qc\HLA\HLA2020.WTH,wet_year;nitrogen_stress_year;low_response_year,wet,HLA2020_normal_grid_S0010,low_input_within_10pct_yield,2020-05-24,145,26,21,"{""sim_day"": 26.0, ""doy"": 145.0, ""topwt"": 20.0, ""grnwt"": 0.0, ""xlai"": 0.0255924053490161, ""totir"": 0.0, ""tofer"": NaN, ""swfac"": 0.0, ""nstres"": 0.0}",0.0,0.0,20.0,0.0,0.0255924053490161,0.0,,0.0,0.0,0.0,150.0,28.592785644531247,28.592785644531247,Leave_One_experiments/all_year_offline_schedule_search/daily_outputs/HLA/HLA_2020_HLA2020_normal_grid_S0010_daily.csv
HLA,HLA,Hailun,2020,Leave_One_experiments\wth_generated_qc\HLA\HLA2020.WTH,wet_year;nitrogen_stress_year;low_response_year,wet,HLA2020_normal_grid_S0010,low_input_within_10pct_yield,2020-05-25,146,27,22,"{""sim_day"": 27.0, ""doy"": 146.0, ""topwt"": 20.0, ""grnwt"": 0.0, ""xlai"": 0.0298073999583721, ""totir"": 0.0, ""tofer"": NaN, ""swfac"": 0.0, ""nstres"": 0.0}",0.0,0.0,20.0,0.0,0.0298073999583721,0.0,,0.0,0.0,0.0,150.0,28.592785644531247,28.592785644531247,Leave_One_experiments/all_year_offline_schedule_search/daily_outputs/HLA/HLA_2020_HLA2020_normal_grid_S0010_daily.csv
HLA,HLA,Hailun,2020,Leave_One_experiments\wth_generated_qc\HLA\HLA2020.WTH,wet_year;nitrogen_stress_year;low_response_year,wet,HLA2020_normal_grid_S0010,low_input_within_10pct_yield,2020-05-26,147,28,23,"{""sim_day"": 28.0, ""doy"": 147.0, ""topwt"": 21.346449851989743, ""grnwt"": 0.0, ""xlai"": 0.0379648134112358, ""totir"": 0.0, ""tofer"": NaN, ""swfac"": 0.0, ""nstres"": 0.0}",0.0,0.0,21.346449851989743,0.0,0.0379648134112358,0.0,,0.0,0.0,0.0,150.0,28.592785644531247,28.592785644531247,Leave_One_experiments/all_year_offline_schedule_search/daily_outputs/HLA/HLA_2020_HLA2020_normal_grid_S0010_daily.csv
HLA,HLA,Hailun,2020,Leave_One_experiments\wth_generated_qc\HLA\HLA2020.WTH,wet_year;nitrogen_stress_year;low_response_year,wet,HLA2020_normal_grid_S0010,low_input_within_10pct_yield,2020-05-27,148,29,24,"{""sim_day"": 29.0, ""doy"": 148.0, ""topwt"": 26.772711277008057, ""grnwt"": 0.0, ""xlai"": 0.0518428348004817, ""totir"": 0.0, ""tofer"": NaN, ""swfac"": 0.0, ""nstres"": 0.0}",0.0,0.0,26.772711277008057,0.0,0.0518428348004817,0.0,,0.0,0.0,0.0,150.0,28.592785644531247,28.592785644531247,Leave_One_experiments/all_year_offline_schedule_search/daily_outputs/HLA/HLA_2020_HLA2020_normal_grid_S0010_daily.csv
HLA,HLA,Hailun,2020,Leave_One_experiments\wth_generated_qc\HLA\HLA2020.WTH,wet_year;nitrogen_stress_year;low_response_year,wet,HLA2020_normal_grid_S0010,low_input_within_10pct_yield,2020-05-28,149,30,25,"{""sim_day"": 30.0, ""doy"": 149.0, ""topwt"": 34.39574241638184, ""grnwt"": 0.0, ""xlai"": 0.0698710083961486, ""totir"": 0.0, ""tofer"": NaN, ""swfac"": 0.0, ""nstres"": 0.0}",0.0,0.0,34.39574241638184,0.0,0.0698710083961486,0.0,,0.0,0.0,0.0,150.0,28.592785644531247,28.592785644531247,Leave_One_experiments/all_year_offline_schedule_search/daily_outputs/HLA/HLA_2020_HLA2020_normal_grid_S0010_daily.csv
HLA,HLA,Hailun,2020,Leave_One_experiments\wth_generated_qc\HLA\HLA2020.WTH,wet_year;nitrogen_stress_year;low_response_year,wet,HLA2020_normal_grid_S0010,low_input_within_10pct_yield,2020-05-29,150,31,26,"{""sim_day"": 31.0, ""doy"": 150.0, ""topwt"": 44.97461795806885, ""grnwt"": 0.0, ""xlai"": 0.0930695682764053, ""totir"": 0.0, ""tofer"": NaN, ""swfac"": 0.0, ""nstres"": 0.0}",0.0,0.0,44.97461795806885,0.0,0.0930695682764053,0.0,,0.0,0.0,0.0,150.0,28.592785644531247,28.592785644531247,Leave_One_experiments/all_year_offline_schedule_search/daily_outputs/HLA/HLA_2020_HLA2020_normal_grid_S0010_daily.csv
HLA,HLA,Hailun,2020,Leave_One_experiments\wth_generated_qc\HLA\HLA2020.WTH,wet_year;nitrogen_stress_year;low_response_year,wet,HLA2020_normal_grid_S0010,low_input_within_10pct_yield,2020-05-30,151,32,27,"{""sim_day"": 32.0, ""doy"": 151.0, ""topwt"": 53.82845878601074, ""grnwt"": 0.0, ""xlai"": 0.1113625839352607, ""totir"": 0.0, ""tofer"": NaN, ""swfac"": 0.0, ""nstres"": 0.0}",0.0,0.0,53.82845878601074,0.0,0.1113625839352607,0.0,,0.0,0.0,0.0,150.0,28.592785644531247,28.592785644531247,Leave_One_experiments/all_year_offline_schedule_search/daily_outputs/HLA/HLA_2020_HLA2020_normal_grid_S0010_daily.csv
HLA,HLA,Hailun,2020,Leave_One_experiments\wth_generated_qc\HLA\HLA2020.WTH,wet_year;nitrogen_stress_year;low_response_year,wet,HLA2020_normal_grid_S0010,low_input_within_10pct_yield,2020-05-31,152,33,28,"{""sim_day"": 33.0, ""doy"": 152.0, ""topwt"": 58.59722137451172, ""grnwt"": 0.0, ""xlai"": 0.1208891570568084, ""totir"": 0.0, ""tofer"": NaN, ""swfac"": 0.0, ""nstres"": 0.0}",0.0,0.0,58.59722137451172,0.0,0.1208891570568084,0.0,,0.0,0.0,0.0,150.0,28.592785644531247,28.592785644531247,Leave_One_experiments/all_year_offline_schedule_search/daily_outputs/HLA/HLA_2020_HLA2020_normal_grid_S0010_daily.csv
HLA,HLA,Hailun,2020,Leave_One_experiments\wth_generated_qc\HLA\HLA2020.WTH,wet_year;nitrogen_stress_year;low_response_year,wet,HLA2020_normal_grid_S0010,low_input_within_10pct_yield,2020-06-01,153,34,29,"{""sim_day"": 34.0, ""doy"": 153.0, ""topwt"": 66.02163791656494, ""grnwt"": 0.0, ""xlai"": 0.1353459656238556, ""totir"": 0.0, ""tofer"": NaN, ""swfac"": 0.0, ""nstres"": 0.0}",0.0,0.0,66.02163791656494,0.0,0.1353459656238556,0.0,,0.0,0.0,0.0,150.0,28.592785644531247,28.592785644531247,Leave_One_experiments/all_year_offline_schedule_search/daily_outputs/HLA/HLA_2020_HLA2020_normal_grid_S0010_daily.csv
HLA,HLA,Hailun,2020,Leave_One_experiments\wth_generated_qc\HLA\HLA2020.WTH,wet_year;nitrogen_stress_year;low_response_year,wet,HLA2020_normal_grid_S0010,low_input_within_10pct_yield,2020-06-02,154,35,30,"{""sim_day"": 35.0, ""doy"": 154.0, ""topwt"": 73.16883087158203, ""grnwt"": 0.0, ""xlai"": 0.1488890051841735, ""totir"": 0.0, ""tofer"": NaN, ""swfac"": 0.0, ""nstres"": 0.0}",0.0,0.0,73.16883087158203,0.0,0.1488890051841735,0.0,,0.0,50.0,0.0,150.0,28.592785644531247,28.592785644531247,Leave_One_experiments/all_year_offline_schedule_search/daily_outputs/HLA/HLA_2020_HLA2020_normal_grid_S0010_daily.csv
HLA,HLA,Hailun,2020,Leave_One_experiments\wth_generated_qc\HLA\HLA2020.WTH,wet_year;nitrogen_stress_year;low_response_year,wet,HLA2020_normal_grid_S0010,low_input_within_10pct_yield,2020-06-03,155,36,31,"{""sim_day"": 36.0, ""doy"": 155.0, ""topwt"": 79.12142276763916, ""grnwt"": 0.0, ""xlai"": 0.159924566745758, ""totir"": 0.0, ""tofer"": NaN, ""swfac"": 0.0, ""nstres"": 0.0}",0.0,0.0,79.12142276763916,0.0,0.159924566745758,0.0,,0.0,0.0,0.0,150.0,28.592785644531247,28.592785644531247,Leave_One_experiments/all_year_offline_schedule_search/daily_outputs/HLA/HLA_2020_HLA2020_normal_grid_S0010_daily.csv
HLA,HLA,Hailun,2020,Leave_One_experiments\wth_generated_qc\HLA\HLA2020.WTH,wet_year;nitrogen_stress_year;low_response_year,wet,HLA2020_normal_grid_S0010,low_input_within_10pct_yield,2020-06-04,156,37,32,"{""sim_day"": 37.0, ""doy"": 156.0, ""topwt"": 89.26190376281738, ""grnwt"": 0.0, ""xlai"": 0.1782820969820022, ""totir"": 0.0, ""tofer"": NaN, ""swfac"": 0.0, ""nstres"": 0.0}",0.0,0.0,89.26190376281738,0.0,0.1782820969820022,0.0,,0.0,0.0,0.0,150.0,28.592785644531247,28.592785644531247,Leave_One_experiments/all_year_offline_schedule_search/daily_outputs/HLA/HLA_2020_HLA2020_normal_grid_S0010_daily.csv
HLA,HLA,Hailun,2020,Leave_One_experiments\wth_generated_qc\HLA\HLA2020.WTH,wet_year;nitrogen_stress_year;low_response_year,wet,HLA2020_normal_grid_S0010,low_input_within_10pct_yield,2020-06-05,157,38,33,"{""sim_day"": 38.0, ""doy"": 157.0, ""topwt"": 100.59152603149414, ""grnwt"": 0.0, ""xlai"": 0.1982204020023346, ""totir"": 0.0, ""tofer"": NaN, ""swfac"": 0.0, ""nstres"": 0.0}",0.0,0.0,100.59152603149414,0.0,0.1982204020023346,0.0,,0.0,0.0,0.0,150.0,28.592785644531247,28.592785644531247,Leave_One_experiments/all_year_offline_schedule_search/daily_outputs/HLA/HLA_2020_HLA2020_normal_grid_S0010_daily.csv
HLA,HLA,Hailun,2020,Leave_One_experiments\wth_generated_qc\HLA\HLA2020.WTH,wet_year;nitrogen_stress_year;low_response_year,wet,HLA2020_normal_grid_S0010,low_input_within_10pct_yield,2020-06-06,158,39,34,"{""sim_day"": 39.0, ""doy"": 158.0, ""topwt"": 117.57002830505373, ""grnwt"": 0.0, ""xlai"": 0.2271552979946136, ""totir"": 0.0, ""tofer"": NaN, ""swfac"": 0.0, ""nstres"": 0.0}",0.0,0.0,117.57002830505373,0.0,0.2271552979946136,0.0,,0.0,0.0,0.0,150.0,28.592785644531247,28.592785644531247,Leave_One_experiments/all_year_offline_schedule_search/daily_outputs/HLA/HLA_2020_HLA2020_normal_grid_S0010_daily.csv
HLA,HLA,Hailun,2020,Leave_One_experiments\wth_generated_qc\HLA\HLA2020.WTH,wet_year;nitrogen_stress_year;low_response_year,wet,HLA2020_normal_grid_S0010,low_input_within_10pct_yield,2020-06-07,159,40,35,"{""sim_day"": 40.0, ""doy"": 159.0, ""topwt"": 144.53235626220703, ""grnwt"": 0.0, ""xlai"": 0.2712247371673584, ""totir"": 0.0, ""tofer"": NaN, ""swfac"": 0.0, ""nstres"": 0.0}",0.0,0.0,144.53235626220703,0.0,0.2712247371673584,0.0,,0.0,0.0,0.0,150.0,28.592785644531247,28.592785644531247,Leave_One_experiments/all_year_offline_schedule_search/daily_outputs/HLA/HLA_2020_HLA2020_normal_grid_S0010_daily.csv
HLA,HLA,Hailun,2020,Leave_One_experiments\wth_generated_qc\HLA\HLA2020.WTH,wet_year;nitrogen_stress_year;low_response_year,wet,HLA2020_normal_grid_S0010,low_input_within_10pct_yield,2020-06-08,160,41,36,"{""sim_day"": 41.0, ""doy"": 160.0, ""topwt"": 163.41554641723633, ""grnwt"": 0.0, ""xlai"": 0.3214648067951202, ""totir"": 0.0, ""tofer"": NaN, ""swfac"": 0.0, ""nstres"": 0.0}",0.0,0.0,163.41554641723633,0.0,0.3214648067951202,0.0,,0.0,0.0,0.0,150.0,28.592785644531247,28.592785644531247,Leave_One_experiments/all_year_offline_schedule_search/daily_outputs/HLA/HLA_2020_HLA2020_normal_grid_S0010_daily.csv
HLA,HLA,Hailun,2020,Leave_One_experiments\wth_generated_qc\HLA\HLA2020.WTH,wet_year;nitrogen_stress_year;low_response_year,wet,HLA2020_normal_grid_S0010,low_input_within_10pct_yield,2020-06-09,161,42,37,"{""sim_day"": 42.0, ""doy"": 161.0, ""topwt"": 184.7212028503418, ""grnwt"": 0.0, ""xlai"": 0.3563607931137085, ""totir"": 0.0, ""tofer"": NaN, ""swfac"": 0.0, ""nstres"": 0.0055958032608032}",0.0,0.0055958032608032,184.7212028503418,0.0,0.3563607931137085,0.0,,0.0,0.0,0.0,150.0,28.592785644531247,28.592785644531247,Leave_One_experiments/all_year_offline_schedule_search/daily_outputs/HLA/HLA_2020_HLA2020_normal_grid_S0010_daily.csv
HLA,HLA,Hailun,2020,Leave_One_experiments\wth_generated_qc\HLA\HLA2020.WTH,wet_year;nitrogen_stress_year;low_response_year,wet,HLA2020_normal_grid_S0010,low_input_within_10pct_yield,2020-06-10,162,43,38,"{""sim_day"": 43.0, ""doy"": 162.0, ""topwt"": 212.63628005981445, ""grnwt"": 0.0, ""xlai"": 0.400761216878891, ""totir"": 0.0, ""tofer"": NaN, ""swfac"": 0.0, ""nstres"": 0.0}",0.0,0.0,212.63628005981445,0.0,0.400761216878891,0.0,,0.0,0.0,0.0,150.0,28.592785644531247,28.592785644531247,Leave_One_experiments/all_year_offline_schedule_search/daily_outputs/HLA/HLA_2020_HLA2020_normal_grid_S0010_daily.csv
HLA,HLA,Hailun,2020,Leave_One_experiments\wth_generated_qc\HLA\HLA2020.WTH,wet_year;nitrogen_stress_year;low_response_year,wet,HLA2020_normal_grid_S0010,low_input_within_10pct_yield,2020-06-11,163,44,39,"{""sim_day"": 44.0, ""doy"": 163.0, ""topwt"": 244.52938079833984, ""grnwt"": 0.0, ""xlai"": 0.4499333798885345, ""totir"": 0.0, ""tofer"": NaN, ""swfac"": 0.0, ""nstres"": 0.0}",0.0,0.0,244.52938079833984,0.0,0.4499333798885345,0.0,,0.0,0.0,0.0,150.0,28.592785644531247,28.592785644531247,Leave_One_experiments/all_year_offline_schedule_search/daily_outputs/HLA/HLA_2020_HLA2020_normal_grid_S0010_daily.csv
HLA,HLA,Hailun,2020,Leave_One_experiments\wth_generated_qc\HLA\HLA2020.WTH,wet_year;nitrogen_stress_year;low_response_year,wet,HLA2020_normal_grid_S0010,low_input_within_10pct_yield,2020-06-12,164,45,40,"{""sim_day"": 45.0, ""doy"": 164.0, ""topwt"": 285.2796936035156, ""grnwt"": 0.0, ""xlai"": 0.5107492804527283, ""totir"": 0.0, ""tofer"": NaN, ""swfac"": 0.0, ""nstres"": 0.0}",0.0,0.0,285.2796936035156,0.0,0.5107492804527283,0.0,,0.0,0.0,0.0,150.0,28.592785644531247,28.592785644531247,Leave_One_experiments/all_year_offline_schedule_search/daily_outputs/HLA/HLA_2020_HLA2020_normal_grid_S0010_daily.csv
HLA,HLA,Hailun,2020,Leave_One_experiments\wth_generated_qc\HLA\HLA2020.WTH,wet_year;nitrogen_stress_year;low_response_year,wet,HLA2020_normal_grid_S0010,low_input_within_10pct_yield,2020-06-13,165,46,41,"{""sim_day"": 46.0, ""doy"": 165.0, ""topwt"": 295.3075218200684, ""grnwt"": 0.0, ""xlai"": 0.5252103805541992, ""totir"": 0.0, ""tofer"": NaN, ""swfac"": 0.0, ""nstres"": 0.0}",0.0,0.0,295.3075218200684,0.0,0.5252103805541992,0.0,,0.0,0.0,0.0,150.0,28.592785644531247,28.592785644531247,Leave_One_experiments/all_year_offline_schedule_search/daily_outputs/HLA/HLA_2020_HLA2020_normal_grid_S0010_daily.csv
HLA,HLA,Hailun,2020,Leave_One_experiments\wth_generated_qc\HLA\HLA2020.WTH,wet_year;nitrogen_stress_year;low_response_year,wet,HLA2020_normal_grid_S0010,low_input_within_10pct_yield,2020-06-14,166,47,42,"{""sim_day"": 47.0, ""doy"": 166.0, ""topwt"": 330.6667709350586, ""grnwt"": 0.0, ""xlai"": 0.5760537385940552, ""totir"": 0.0, ""tofer"": NaN, ""swfac"": 0.0, ""nstres"": 0.0}",0.0,0.0,330.6667709350586,0.0,0.5760537385940552,0.0,,0.0,0.0,0.0,150.0,28.592785644531247,28.592785644531247,Leave_One_experiments/all_year_offline_schedule_search/daily_outputs/HLA/HLA_2020_HLA2020_normal_grid_S0010_daily.csv
HLA,HLA,Hailun,2020,Leave_One_experiments\wth_generated_qc\HLA\HLA2020.WTH,wet_year;nitrogen_stress_year;low_response_year,wet,HLA2020_normal_grid_S0010,low_input_within_10pct_yield,2020-06-15,167,48,43,"{""sim_day"": 48.0, ""doy"": 167.0, ""topwt"": 360.4043960571289, ""grnwt"": 0.0, ""xlai"": 0.6148272156715393, ""totir"": 0.0, ""tofer"": NaN, ""swfac"": 0.0, ""nstres"": 0.0}",0.0,0.0,360.4043960571289,0.0,0.6148272156715393,0.0,,0.0,0.0,0.0,150.0,28.592785644531247,28.592785644531247,Leave_One_experiments/all_year_offline_schedule_search/daily_outputs/HLA/HLA_2020_HLA2020_normal_grid_S0010_daily.csv
HLA,HLA,Hailun,2020,Leave_One_experiments\wth_generated_qc\HLA\HLA2020.WTH,wet_year;nitrogen_stress_year;low_response_year,wet,HLA2020_normal_grid_S0010,low_input_within_10pct_yield,2020-06-16,168,49,44,"{""sim_day"": 49.0, ""doy"": 168.0, ""topwt"": 383.6089324951172, ""grnwt"": 0.0, ""xlai"": 0.6479442119598389, ""totir"": 0.0, ""tofer"": NaN, ""swfac"": 0.0, ""nstres"": 0.0}",0.0,0.0,383.6089324951172,0.0,0.6479442119598389,0.0,,0.0,0.0,0.0,150.0,28.592785644531247,28.592785644531247,Leave_One_experiments/all_year_offline_schedule_search/daily_outputs/HLA/HLA_2020_HLA2020_normal_grid_S0010_daily.csv
HLA,HLA,Hailun,2020,Leave_One_experiments\wth_generated_qc\HLA\HLA2020.WTH,wet_year;nitrogen_stress_year;low_response_year,wet,HLA2020_normal_grid_S0010,low_input_within_10pct_yield,2020-06-17,169,50,45,"{""sim_day"": 50.0, ""doy"": 169.0, ""topwt"": 420.900764465332, ""grnwt"": 0.0, ""xlai"": 0.6999795436859131, ""totir"": 0.0, ""tofer"": NaN, ""swfac"": 0.0, ""nstres"": 0.0}",0.0,0.0,420.900764465332,0.0,0.6999795436859131,0.0,,0.0,0.0,0.0,150.0,28.592785644531247,28.592785644531247,Leave_One_experiments/all_year_offline_schedule_search/daily_outputs/HLA/HLA_2020_HLA2020_normal_grid_S0010_daily.csv
HLA,HLA,Hailun,2020,Leave_One_experiments\wth_generated_qc\HLA\HLA2020.WTH,wet_year;nitrogen_stress_year;low_response_year,wet,HLA2020_normal_grid_S0010,low_input_within_10pct_yield,2020-06-18,170,51,46,"{""sim_day"": 51.0, ""doy"": 170.0, ""topwt"": 465.2267456054688, ""grnwt"": 0.0, ""xlai"": 0.7600627541542053, ""totir"": 0.0, ""tofer"": NaN, ""swfac"": 0.0, ""nstres"": 0.0}",0.0,0.0,465.2267456054688,0.0,0.7600627541542053,0.0,,0.0,0.0,0.0,150.0,28.592785644531247,28.592785644531247,Leave_One_experiments/all_year_offline_schedule_search/daily_outputs/HLA/HLA_2020_HLA2020_normal_grid_S0010_daily.csv
HLA,HLA,Hailun,2020,Leave_One_experiments\wth_generated_qc\HLA\HLA2020.WTH,wet_year;nitrogen_stress_year;low_response_year,wet,HLA2020_normal_grid_S0010,low_input_within_10pct_yield,2020-06-19,171,52,47,"{""sim_day"": 52.0, ""doy"": 171.0, ""topwt"": 512.3587799072266, ""grnwt"": 0.0, ""xlai"": 0.821983277797699, ""totir"": 0.0, ""tofer"": NaN, ""swfac"": 0.0, ""nstres"": 0.0}",0.0,0.0,512.3587799072266,0.0,0.821983277797699,0.0,,0.0,0.0,0.0,150.0,28.592785644531247,28.592785644531247,Leave_One_experiments/all_year_offline_schedule_search/daily_outputs/HLA/HLA_2020_HLA2020_normal_grid_S0010_daily.csv
HLA,HLA,Hailun,2020,Leave_One_experiments\wth_generated_qc\HLA\HLA2020.WTH,wet_year;nitrogen_stress_year;low_response_year,wet,HLA2020_normal_grid_S0010,low_input_within_10pct_yield,2020-06-20,172,53,48,"{""sim_day"": 53.0, ""doy"": 172.0, ""topwt"": 572.2829818725586, ""grnwt"": 0.0, ""xlai"": 0.8980529308319092, ""totir"": 0.0, ""tofer"": NaN, ""swfac"": 0.0, ""nstres"": 0.0}",0.0,0.0,572.2829818725586,0.0,0.8980529308319092,0.0,,0.0,0.0,0.0,150.0,28.592785644531247,28.592785644531247,Leave_One_experiments/all_year_offline_schedule_search/daily_outputs/HLA/HLA_2020_HLA2020_normal_grid_S0010_daily.csv
HLA,HLA,Hailun,2020,Leave_One_experiments\wth_generated_qc\HLA\HLA2020.WTH,wet_year;nitrogen_stress_year;low_response_year,wet,HLA2020_normal_grid_S0010,low_input_within_10pct_yield,2020-06-21,173,54,49,"{""sim_day"": 54.0, ""doy"": 173.0, ""topwt"": 626.5488433837891, ""grnwt"": 0.0, ""xlai"": 0.9646729230880736, ""totir"": 0.0, ""tofer"": NaN, ""swfac"": 0.0, ""nstres"": 0.0}",0.0,0.0,626.5488433837891,0.0,0.9646729230880736,0.0,,0.0,0.0,0.0,150.0,28.592785644531247,28.592785644531247,Leave_One_experiments/all_year_offline_schedule_search/daily_outputs/HLA/HLA_2020_HLA2020_normal_grid_S0010_daily.csv
HLA,HLA,Hailun,2020,Leave_One_experiments\wth_generated_qc\HLA\HLA2020.WTH,wet_year;nitrogen_stress_year;low_response_year,wet,HLA2020_normal_grid_S0010,low_input_within_10pct_yield,2020-06-22,174,55,50,"{""sim_day"": 55.0, ""doy"": 174.0, ""topwt"": 647.5711059570312, ""grnwt"": 0.0, ""xlai"": 0.9898172616958618, ""totir"": 0.0, ""tofer"": NaN, ""swfac"": 0.0, ""nstres"": 0.0}",0.0,0.0,647.5711059570312,0.0,0.9898172616958618,0.0,,0.0,0.0,0.0,150.0,28.592785644531247,28.592785644531247,Leave_One_experiments/all_year_offline_schedule_search/daily_outputs/HLA/HLA_2020_HLA2020_normal_grid_S0010_daily.csv
HLA,HLA,Hailun,2020,Leave_One_experiments\wth_generated_qc\HLA\HLA2020.WTH,wet_year;nitrogen_stress_year;low_response_year,wet,HLA2020_normal_grid_S0010,low_input_within_10pct_yield,2020-06-23,175,56,51,"{""sim_day"": 56.0, ""doy"": 175.0, ""topwt"": 692.6341247558594, ""grnwt"": 0.0, ""xlai"": 1.0425230264663696, ""totir"": 0.0, ""tofer"": NaN, ""swfac"": 0.0, ""nstres"": 0.0}",0.0,0.0,692.6341247558594,0.0,1.0425230264663696,0.0,,0.0,0.0,0.0,150.0,28.592785644531247,28.592785644531247,Leave_One_experiments/all_year_offline_schedule_search/daily_outputs/HLA/HLA_2020_HLA2020_normal_grid_S0010_daily.csv
HLA,HLA,Hailun,2020,Leave_One_experiments\wth_generated_qc\HLA\HLA2020.WTH,wet_year;nitrogen_stress_year;low_response_year,wet,HLA2020_normal_grid_S0010,low_input_within_10pct_yield,2020-06-24,176,57,52,"{""sim_day"": 57.0, ""doy"": 176.0, ""topwt"": 722.9641723632812, ""grnwt"": 0.0, ""xlai"": 1.0770052671432495, ""totir"": 0.0, ""tofer"": NaN, ""swfac"": 0.0, ""nstres"": 0.0}",0.0,0.0,722.9641723632812,0.0,1.0770052671432495,0.0,,0.0,0.0,0.0,150.0,28.592785644531247,28.592785644531247,Leave_One_experiments/all_year_offline_schedule_search/daily_outputs/HLA/HLA_2020_HLA2020_normal_grid_S0010_daily.csv
HLA,HLA,Hailun,2020,Leave_One_experiments\wth_generated_qc\HLA\HLA2020.WTH,wet_year;nitrogen_stress_year;low_response_year,wet,HLA2020_normal_grid_S0010,low_input_within_10pct_yield,2020-06-25,177,58,53,"{""sim_day"": 58.0, ""doy"": 177.0, ""topwt"": 773.9176940917969, ""grnwt"": 0.0, ""xlai"": 1.1329303979873655, ""totir"": 0.0, ""tofer"": NaN, ""swfac"": 0.0, ""nstres"": 0.0}",0.0,0.0,773.9176940917969,0.0,1.1329303979873655,0.0,,0.0,0.0,0.0,150.0,28.592785644531247,28.592785644531247,Leave_One_experiments/all_year_offline_schedule_search/daily_outputs/HLA/HLA_2020_HLA2020_normal_grid_S0010_daily.csv
HLA,HLA,Hailun,2020,Leave_One_experiments\wth_generated_qc\HLA\HLA2020.WTH,wet_year;nitrogen_stress_year;low_response_year,wet,HLA2020_normal_grid_S0010,low_input_within_10pct_yield,2020-06-26,178,59,54,"{""sim_day"": 59.0, ""doy"": 178.0, ""topwt"": 807.8563690185547, ""grnwt"": 0.0, ""xlai"": 1.1687390804290771, ""totir"": 0.0, ""tofer"": NaN, ""swfac"": 0.0, ""nstres"": 0.0}",0.0,0.0,807.8563690185547,0.0,1.1687390804290771,0.0,,0.0,0.0,0.0,150.0,28.592785644531247,28.592785644531247,Leave_One_experiments/all_year_offline_schedule_search/daily_outputs/HLA/HLA_2020_HLA2020_normal_grid_S0010_daily.csv
HLA,HLA,Hailun,2020,Leave_One_experiments\wth_generated_qc\HLA\HLA2020.WTH,wet_year;nitrogen_stress_year;low_response_year,wet,HLA2020_normal_grid_S0010,low_input_within_10pct_yield,2020-06-27,179,60,55,"{""sim_day"": 60.0, ""doy"": 179.0, ""topwt"": 840.9408569335938, ""grnwt"": 0.0, ""xlai"": 1.2023006677627563, ""totir"": 0.0, ""tofer"": NaN, ""swfac"": 0.0, ""nstres"": 0.0}",0.0,0.0,840.9408569335938,0.0,1.2023006677627563,0.0,,0.0,0.0,0.0,150.0,28.592785644531247,28.592785644531247,Leave_One_experiments/all_year_offline_schedule_search/daily_outputs/HLA/HLA_2020_HLA2020_normal_grid_S0010_daily.csv
HLA,HLA,Hailun,2020,Leave_One_experiments\wth_generated_qc\HLA\HLA2020.WTH,wet_year;nitrogen_stress_year;low_response_year,wet,HLA2020_normal_grid_S0010,low_input_within_10pct_yield,2020-06-28,180,61,56,"{""sim_day"": 61.0, ""doy"": 180.0, ""topwt"": 884.9124145507812, ""grnwt"": 0.0, ""xlai"": 1.2452069520950315, ""totir"": 0.0, ""tofer"": NaN, ""swfac"": 0.0, ""nstres"": 0.0}",0.0,0.0,884.9124145507812,0.0,1.2452069520950315,0.0,,0.0,0.0,0.0,150.0,28.592785644531247,28.592785644531247,Leave_One_experiments/all_year_offline_schedule_search/daily_outputs/HLA/HLA_2020_HLA2020_normal_grid_S0010_daily.csv
HLA,HLA,Hailun,2020,Leave_One_experiments\wth_generated_qc\HLA\HLA2020.WTH,wet_year;nitrogen_stress_year;low_response_year,wet,HLA2020_normal_grid_S0010,low_input_within_10pct_yield,2020-06-29,181,62,57,"{""sim_day"": 62.0, ""doy"": 181.0, ""topwt"": 964.4766998291016, ""grnwt"": 0.0, ""xlai"": 1.3189443349838257, ""totir"": 0.0, ""tofer"": NaN, ""swfac"": 0.0, ""nstres"": 0.0}",0.0,0.0,964.4766998291016,0.0,1.3189443349838257,0.0,,0.0,0.0,0.0,150.0,28.592785644531247,28.592785644531247,Leave_One_experiments/all_year_offline_schedule_search/daily_outputs/HLA/HLA_2020_HLA2020_normal_grid_S0010_daily.csv
HLA,HLA,Hailun,2020,Leave_One_experiments\wth_generated_qc\HLA\HLA2020.WTH,wet_year;nitrogen_stress_year;low_response_year,wet,HLA2020_normal_grid_S0010,low_input_within_10pct_yield,2020-06-30,182,63,58,"{""sim_day"": 63.0, ""doy"": 182.0, ""topwt"": 1091.7613983154297, ""grnwt"": 0.0, ""xlai"": 1.429760217666626, ""totir"": 0.0, ""tofer"": NaN, ""swfac"": 0.0, ""nstres"": 0.0}",0.0,0.0,1091.7613983154297,0.0,1.429760217666626,0.0,,0.0,0.0,0.0,150.0,28.592785644531247,28.592785644531247,Leave_One_experiments/all_year_offline_schedule_search/daily_outputs/HLA/HLA_2020_HLA2020_normal_grid_S0010_daily.csv
HLA,HLA,Hailun,2020,Leave_One_experiments\wth_generated_qc\HLA\HLA2020.WTH,wet_year;nitrogen_stress_year;low_response_year,wet,HLA2020_normal_grid_S0010,low_input_within_10pct_yield,2020-07-01,183,64,59,"{""sim_day"": 64.0, ""doy"": 183.0, ""topwt"": 1234.6728515625, ""grnwt"": 0.0, ""xlai"": 1.5460307598114014, ""totir"": 0.0, ""tofer"": NaN, ""swfac"": 0.0, ""nstres"": 0.0}",0.0,0.0,1234.6728515625,0.0,1.5460307598114014,0.0,,0.0,0.0,0.0,150.0,28.592785644531247,28.592785644531247,Leave_One_experiments/all_year_offline_schedule_search/daily_outputs/HLA/HLA_2020_HLA2020_normal_grid_S0010_daily.csv
HLA,HLA,Hailun,2020,Leave_One_experiments\wth_generated_qc\HLA\HLA2020.WTH,wet_year;nitrogen_stress_year;low_response_year,wet,HLA2020_normal_grid_S0010,low_input_within_10pct_yield,2020-07-02,184,65,60,"{""sim_day"": 65.0, ""doy"": 184.0, ""topwt"": 1399.550323486328, ""grnwt"": 0.0, ""xlai"": 1.6707758903503418, ""totir"": 0.0, ""tofer"": NaN, ""swfac"": 0.0, ""nstres"": 0.0}",0.0,0.0,1399.550323486328,0.0,1.6707758903503418,0.0,,0.0,50.0,0.0,150.0,28.592785644531247,28.592785644531247,Leave_One_experiments/all_year_offline_schedule_search/daily_outputs/HLA/HLA_2020_HLA2020_normal_grid_S0010_daily.csv
HLA,HLA,Hailun,2020,Leave_One_experiments\wth_generated_qc\HLA\HLA2020.WTH,wet_year;nitrogen_stress_year;low_response_year,wet,HLA2020_normal_grid_S0010,low_input_within_10pct_yield,2020-07-03,185,66,61,"{""sim_day"": 66.0, ""doy"": 185.0, ""topwt"": 1566.0372924804688, ""grnwt"": 0.0, ""xlai"": 1.78826904296875, ""totir"": 0.0, ""tofer"": NaN, ""swfac"": 0.0, ""nstres"": 0.0}",0.0,0.0,1566.0372924804688,0.0,1.78826904296875,0.0,,0.0,0.0,0.0,150.0,28.592785644531247,28.592785644531247,Leave_One_experiments/all_year_offline_schedule_search/daily_outputs/HLA/HLA_2020_HLA2020_normal_grid_S0010_daily.csv
HLA,HLA,Hailun,2020,Leave_One_experiments\wth_generated_qc\HLA\HLA2020.WTH,wet_year;nitrogen_stress_year;low_response_year,wet,HLA2020_normal_grid_S0010,low_input_within_10pct_yield,2020-07-04,186,67,62,"{""sim_day"": 67.0, ""doy"": 186.0, ""topwt"": 1723.9285278320312, ""grnwt"": 0.0, ""xlai"": 1.8929659128189087, ""totir"": 0.0, ""tofer"": NaN, ""swfac"": 0.0, ""nstres"": 0.0}",0.0,0.0,1723.9285278320312,0.0,1.8929659128189087,0.0,,0.0,0.0,0.0,150.0,28.592785644531247,28.592785644531247,Leave_One_experiments/all_year_offline_schedule_search/daily_outputs/HLA/HLA_2020_HLA2020_normal_grid_S0010_daily.csv
HLA,HLA,Hailun,2020,Leave_One_experiments\wth_generated_qc\HLA\HLA2020.WTH,wet_year;nitrogen_stress_year;low_response_year,wet,HLA2020_normal_grid_S0010,low_input_within_10pct_yield,2020-07-05,187,68,63,"{""sim_day"": 68.0, ""doy"": 187.0, ""topwt"": 1891.1737060546875, ""grnwt"": 0.0, ""xlai"": 1.9973210096359253, ""totir"": 0.0, ""tofer"": NaN, ""swfac"": 0.0, ""nstres"": 0.0}",0.0,0.0,1891.1737060546875,0.0,1.9973210096359253,0.0,,0.0,0.0,0.0,150.0,28.592785644531247,28.592785644531247,Leave_One_experiments/all_year_offline_schedule_search/daily_outputs/HLA/HLA_2020_HLA2020_normal_grid_S0010_daily.csv
HLA,HLA,Hailun,2020,Leave_One_experiments\wth_generated_qc\HLA\HLA2020.WTH,wet_year;nitrogen_stress_year;low_response_year,wet,HLA2020_normal_grid_S0010,low_input_within_10pct_yield,2020-07-06,188,69,64,"{""sim_day"": 69.0, ""doy"": 188.0, ""topwt"": 2025.211181640625, ""grnwt"": 0.0, ""xlai"": 2.077018976211548, ""totir"": 0.0, ""tofer"": NaN, ""swfac"": 0.0, ""nstres"": 0.0}",0.0,0.0,2025.211181640625,0.0,2.077018976211548,0.0,,0.0,0.0,0.0,150.0,28.592785644531247,28.592785644531247,Leave_One_experiments/all_year_offline_schedule_search/daily_outputs/HLA/HLA_2020_HLA2020_normal_grid_S0010_daily.csv
HLA,HLA,Hailun,2020,Leave_One_experiments\wth_generated_qc\HLA\HLA2020.WTH,wet_year;nitrogen_stress_year;low_response_year,wet,HLA2020_normal_grid_S0010,low_input_within_10pct_yield,2020-07-07,189,70,65,"{""sim_day"": 70.0, ""doy"": 189.0, ""topwt"": 2175.7098388671875, ""grnwt"": 0.0, ""xlai"": 2.1622543334960938, ""totir"": 0.0, ""tofer"": NaN, ""swfac"": 0.0, ""nstres"": 0.0}",0.0,0.0,2175.7098388671875,0.0,2.1622543334960938,0.0,,0.0,0.0,0.0,150.0,28.592785644531247,28.592785644531247,Leave_One_experiments/all_year_offline_schedule_search/daily_outputs/HLA/HLA_2020_HLA2020_normal_grid_S0010_daily.csv
HLA,HLA,Hailun,2020,Leave_One_experiments\wth_generated_qc\HLA\HLA2020.WTH,wet_year;nitrogen_stress_year;low_response_year,wet,HLA2020_normal_grid_S0010,low_input_within_10pct_yield,2020-07-08,190,71,66,"{""sim_day"": 71.0, ""doy"": 190.0, ""topwt"": 2370.7989501953125, ""grnwt"": 0.0, ""xlai"": 2.266469955444336, ""totir"": 0.0, ""tofer"": NaN, ""swfac"": 0.0, ""nstres"": 0.0}",0.0,0.0,2370.7989501953125,0.0,2.266469955444336,0.0,,0.0,0.0,0.0,150.0,28.592785644531247,28.592785644531247,Leave_One_experiments/all_year_offline_schedule_search/daily_outputs/HLA/HLA_2020_HLA2020_normal_grid_S0010_daily.csv
HLA,HLA,Hailun,2020,Leave_One_experiments\wth_generated_qc\HLA\HLA2020.WTH,wet_year;nitrogen_stress_year;low_response_year,wet,HLA2020_normal_grid_S0010,low_input_within_10pct_yield,2020-07-09,191,72,67,"{""sim_day"": 72.0, ""doy"": 191.0, ""topwt"": 2604.5065307617188, ""grnwt"": 0.0, ""xlai"": 2.3834025859832764, ""totir"": 0.0, ""tofer"": NaN, ""swfac"": 0.0, ""nstres"": 0.0}",0.0,0.0,2604.5065307617188,0.0,2.3834025859832764,0.0,,0.0,0.0,0.0,150.0,28.592785644531247,28.592785644531247,Leave_One_experiments/all_year_offline_schedule_search/daily_outputs/HLA/HLA_2020_HLA2020_normal_grid_S0010_daily.csv
HLA,HLA,Hailun,2020,Leave_One_experiments\wth_generated_qc\HLA\HLA2020.WTH,wet_year;nitrogen_stress_year;low_response_year,wet,HLA2020_normal_grid_S0010,low_input_within_10pct_yield,2020-07-10,192,73,68,"{""sim_day"": 73.0, ""doy"": 192.0, ""topwt"": 2849.9703979492188, ""grnwt"": 0.0, ""xlai"": 2.4985146522521973, ""totir"": 0.0, ""tofer"": NaN, ""swfac"": 0.0, ""nstres"": 0.0}",0.0,0.0,2849.9703979492188,0.0,2.4985146522521973,0.0,,0.0,0.0,0.0,150.0,28.592785644531247,28.592785644531247,Leave_One_experiments/all_year_offline_schedule_search/daily_outputs/HLA/HLA_2020_HLA2020_normal_grid_S0010_daily.csv
HLA,HLA,Hailun,2020,Leave_One_experiments\wth_generated_qc\HLA\HLA2020.WTH,wet_year;nitrogen_stress_year;low_response_year,wet,HLA2020_normal_grid_S0010,low_input_within_10pct_yield,2020-07-11,193,74,69,"{""sim_day"": 74.0, ""doy"": 193.0, ""topwt"": 3285.63720703125, ""grnwt"": 0.0, ""xlai"": 2.7910711765289307, ""totir"": 0.0, ""tofer"": NaN, ""swfac"": 0.0, ""nstres"": 0.0}",0.0,0.0,3285.63720703125,0.0,2.7910711765289307,0.0,,0.0,0.0,0.0,150.0,28.592785644531247,28.592785644531247,Leave_One_experiments/all_year_offline_schedule_search/daily_outputs/HLA/HLA_2020_HLA2020_normal_grid_S0010_daily.csv
HLA,HLA,Hailun,2020,Leave_One_experiments\wth_generated_qc\HLA\HLA2020.WTH,wet_year;nitrogen_stress_year;low_response_year,wet,HLA2020_normal_grid_S0010,low_input_within_10pct_yield,2020-07-12,194,75,70,"{""sim_day"": 75.0, ""doy"": 194.0, ""topwt"": 3674.8974609375, ""grnwt"": 0.0, ""xlai"": 2.969791889190674, ""totir"": 0.0, ""tofer"": NaN, ""swfac"": 0.0, ""nstres"": 0.0}",0.0,0.0,3674.8974609375,0.0,2.969791889190674,0.0,,0.0,0.0,0.0,150.0,28.592785644531247,28.592785644531247,Leave_One_experiments/all_year_offline_schedule_search/daily_outputs/HLA/HLA_2020_HLA2020_normal_grid_S0010_daily.csv
HLA,HLA,Hailun,2020,Leave_One_experiments\wth_generated_qc\HLA\HLA2020.WTH,wet_year;nitrogen_stress_year;low_response_year,wet,HLA2020_normal_grid_S0010,low_input_within_10pct_yield,2020-07-13,195,76,71,"{""sim_day"": 76.0, ""doy"": 195.0, ""topwt"": 4018.544006347656, ""grnwt"": 0.0, ""xlai"": 3.102202892303467, ""totir"": 0.0, ""tofer"": NaN, ""swfac"": 0.0, ""nstres"": 0.0}",0.0,0.0,4018.544006347656,0.0,3.102202892303467,0.0,,0.0,0.0,0.0,150.0,28.592785644531247,28.592785644531247,Leave_One_experiments/all_year_offline_schedule_search/daily_outputs/HLA/HLA_2020_HLA2020_normal_grid_S0010_daily.csv
HLA,HLA,Hailun,2020,Leave_One_experiments\wth_generated_qc\HLA\HLA2020.WTH,wet_year;nitrogen_stress_year;low_response_year,wet,HLA2020_normal_grid_S0010,low_input_within_10pct_yield,2020-07-14,196,77,72,"{""sim_day"": 77.0, ""doy"": 196.0, ""topwt"": 4340.3558349609375, ""grnwt"": 0.0, ""xlai"": 3.212210178375244, ""totir"": 0.0, ""tofer"": NaN, ""swfac"": 0.0, ""nstres"": 0.0}",0.0,0.0,4340.3558349609375,0.0,3.212210178375244,0.0,,0.0,0.0,0.0,150.0,28.592785644531247,28.592785644531247,Leave_One_experiments/all_year_offline_schedule_search/daily_outputs/HLA/HLA_2020_HLA2020_normal_grid_S0010_daily.csv
HLA,HLA,Hailun,2020,Leave_One_experiments\wth_generated_qc\HLA\HLA2020.WTH,wet_year;nitrogen_stress_year;low_response_year,wet,HLA2020_normal_grid_S0010,low_input_within_10pct_yield,2020-07-15,197,78,73,"{""sim_day"": 78.0, ""doy"": 197.0, ""topwt"": 4650.243835449219, ""grnwt"": 0.0, ""xlai"": 3.308783054351806, ""totir"": 0.0, ""tofer"": NaN, ""swfac"": 0.0, ""nstres"": 0.0}",0.0,0.0,4650.243835449219,0.0,3.308783054351806,0.0,,0.0,0.0,0.0,150.0,28.592785644531247,28.592785644531247,Leave_One_experiments/all_year_offline_schedule_search/daily_outputs/HLA/HLA_2020_HLA2020_normal_grid_S0010_daily.csv
HLA,HLA,Hailun,2020,Leave_One_experiments\wth_generated_qc\HLA\HLA2020.WTH,wet_year;nitrogen_stress_year;low_response_year,wet,HLA2020_normal_grid_S0010,low_input_within_10pct_yield,2020-07-16,198,79,74,"{""sim_day"": 79.0, ""doy"": 198.0, ""topwt"": 4958.663940429688, ""grnwt"": 0.0, ""xlai"": 3.397746324539185, ""totir"": 0.0, ""tofer"": NaN, ""swfac"": 0.0, ""nstres"": 0.0}",0.0,0.0,4958.663940429688,0.0,3.397746324539185,0.0,,0.0,0.0,0.0,150.0,28.592785644531247,28.592785644531247,Leave_One_experiments/all_year_offline_schedule_search/daily_outputs/HLA/HLA_2020_HLA2020_normal_grid_S0010_daily.csv
HLA,HLA,Hailun,2020,Leave_One_experiments\wth_generated_qc\HLA\HLA2020.WTH,wet_year;nitrogen_stress_year;low_response_year,wet,HLA2020_normal_grid_S0010,low_input_within_10pct_yield,2020-07-17,199,80,75,"{""sim_day"": 80.0, ""doy"": 199.0, ""topwt"": 5257.993774414063, ""grnwt"": 0.0, ""xlai"": 3.4786508083343506, ""totir"": 0.0, ""tofer"": NaN, ""swfac"": 0.0, ""nstres"": 0.0}",0.0,0.0,5257.993774414063,0.0,3.4786508083343506,0.0,,0.0,0.0,0.0,150.0,28.592785644531247,28.592785644531247,Leave_One_experiments/all_year_offline_schedule_search/daily_outputs/HLA/HLA_2020_HLA2020_normal_grid_S0010_daily.csv
HLA,HLA,Hailun,2020,Leave_One_experiments\wth_generated_qc\HLA\HLA2020.WTH,wet_year;nitrogen_stress_year;low_response_year,wet,HLA2020_normal_grid_S0010,low_input_within_10pct_yield,2020-07-18,200,81,76,"{""sim_day"": 81.0, ""doy"": 200.0, ""topwt"": 5437.7935791015625, ""grnwt"": 0.0, ""xlai"": 3.51953125, ""totir"": 0.0, ""tofer"": NaN, ""swfac"": 0.0, ""nstres"": 0.0120611190795898}",0.0,0.0120611190795898,5437.7935791015625,0.0,3.51953125,0.0,,0.0,0.0,0.0,150.0,28.592785644531247,28.592785644531247,Leave_One_experiments/all_year_offline_schedule_search/daily_outputs/HLA/HLA_2020_HLA2020_normal_grid_S0010_daily.csv
HLA,HLA,Hailun,2020,Leave_One_experiments\wth_generated_qc\HLA\HLA2020.WTH,wet_year;nitrogen_stress_year;low_response_year,wet,HLA2020_normal_grid_S0010,low_input_within_10pct_yield,2020-07-19,201,82,77,"{""sim_day"": 82.0, ""doy"": 201.0, ""topwt"": 5629.567260742188, ""grnwt"": 0.0, ""xlai"": 3.5540671348571777, ""totir"": 0.0, ""tofer"": NaN, ""swfac"": 0.0, ""nstres"": 0.029101550579071}",0.0,0.029101550579071,5629.567260742188,0.0,3.5540671348571777,0.0,,0.0,0.0,0.0,150.0,28.592785644531247,28.592785644531247,Leave_One_experiments/all_year_offline_schedule_search/daily_outputs/HLA/HLA_2020_HLA2020_normal_grid_S0010_daily.csv
HLA,HLA,Hailun,2020,Leave_One_experiments\wth_generated_qc\HLA\HLA2020.WTH,wet_year;nitrogen_stress_year;low_response_year,wet,HLA2020_normal_grid_S0010,low_input_within_10pct_yield,2020-07-20,202,83,78,"{""sim_day"": 83.0, ""doy"": 202.0, ""topwt"": 5819.80224609375, ""grnwt"": 0.0, ""xlai"": 3.58267879486084, ""totir"": 0.0, ""tofer"": NaN, ""swfac"": 0.0, ""nstres"": 0.037515640258789}",0.0,0.037515640258789,5819.80224609375,0.0,3.58267879486084,0.0,,0.0,0.0,0.0,150.0,28.592785644531247,28.592785644531247,Leave_One_experiments/all_year_offline_schedule_search/daily_outputs/HLA/HLA_2020_HLA2020_normal_grid_S0010_daily.csv
HLA,HLA,Hailun,2020,Leave_One_experiments\wth_generated_qc\HLA\HLA2020.WTH,wet_year;nitrogen_stress_year;low_response_year,wet,HLA2020_normal_grid_S0010,low_input_within_10pct_yield,2020-07-21,203,84,79,"{""sim_day"": 84.0, ""doy"": 203.0, ""topwt"": 5998.1341552734375, ""grnwt"": 0.0, ""xlai"": 3.605098009109497, ""totir"": 0.0, ""tofer"": NaN, ""swfac"": 0.0, ""nstres"": 0.0445026755332946}",0.0,0.0445026755332946,5998.1341552734375,0.0,3.605098009109497,0.0,,0.0,0.0,0.0,150.0,28.592785644531247,28.592785644531247,Leave_One_experiments/all_year_offline_schedule_search/daily_outputs/HLA/HLA_2020_HLA2020_normal_grid_S0010_daily.csv
HLA,HLA,Hailun,2020,Leave_One_experiments\wth_generated_qc\HLA\HLA2020.WTH,wet_year;nitrogen_stress_year;low_response_year,wet,HLA2020_normal_grid_S0010,low_input_within_10pct_yield,2020-07-22,204,85,80,"{""sim_day"": 85.0, ""doy"": 204.0, ""topwt"": 6228.14697265625, ""grnwt"": 0.0, ""xlai"": 3.640159368515015, ""totir"": 0.0, ""tofer"": NaN, ""swfac"": 0.0, ""nstres"": 0.0435402989387512}",0.0,0.0435402989387512,6228.14697265625,0.0,3.640159368515015,0.0,,0.0,0.0,0.0,150.0,28.592785644531247,28.592785644531247,Leave_One_experiments/all_year_offline_schedule_search/daily_outputs/HLA/HLA_2020_HLA2020_normal_grid_S0010_daily.csv
HLA,HLA,Hailun,2020,Leave_One_experiments\wth_generated_qc\HLA\HLA2020.WTH,wet_year;nitrogen_stress_year;low_response_year,wet,HLA2020_normal_grid_S0010,low_input_within_10pct_yield,2020-07-23,205,86,81,"{""sim_day"": 86.0, ""doy"": 205.0, ""topwt"": 6469.002685546875, ""grnwt"": 0.0, ""xlai"": 3.67623782157898, ""totir"": 0.0, ""tofer"": NaN, ""swfac"": 0.0, ""nstres"": 0.0464107394218444}",0.0,0.0464107394218444,6469.002685546875,0.0,3.67623782157898,0.0,,0.0,0.0,0.0,150.0,28.592785644531247,28.592785644531247,Leave_One_experiments/all_year_offline_schedule_search/daily_outputs/HLA/HLA_2020_HLA2020_normal_grid_S0010_daily.csv
HLA,HLA,Hailun,2020,Leave_One_experiments\wth_generated_qc\HLA\HLA2020.WTH,wet_year;nitrogen_stress_year;low_response_year,wet,HLA2020_normal_grid_S0010,low_input_within_10pct_yield,2020-07-24,206,87,82,"{""sim_day"": 87.0, ""doy"": 206.0, ""topwt"": 6711.455078125, ""grnwt"": 0.0, ""xlai"": 3.710087776184082, ""totir"": 0.0, ""tofer"": NaN, ""swfac"": 0.0, ""nstres"": 0.0514248609542846}",0.0,0.0514248609542846,6711.455078125,0.0,3.710087776184082,0.0,,0.0,0.0,0.0,150.0,28.592785644531247,28.592785644531247,Leave_One_experiments/all_year_offline_schedule_search/daily_outputs/HLA/HLA_2020_HLA2020_normal_grid_S0010_daily.csv
HLA,HLA,Hailun,2020,Leave_One_experiments\wth_generated_qc\HLA\HLA2020.WTH,wet_year;nitrogen_stress_year;low_response_year,wet,HLA2020_normal_grid_S0010,low_input_within_10pct_yield,2020-07-25,207,88,83,"{""sim_day"": 88.0, ""doy"": 207.0, ""topwt"": 7060.357055664063, ""grnwt"": 0.0, ""xlai"": 3.654834747314453, ""totir"": 0.0, ""tofer"": NaN, ""swfac"": 0.0, ""nstres"": 0.0563836693763732}",0.0,0.0563836693763732,7060.357055664063,0.0,3.654834747314453,0.0,,0.0,0.0,0.0,150.0,28.592785644531247,28.592785644531247,Leave_One_experiments/all_year_offline_schedule_search/daily_outputs/HLA/HLA_2020_HLA2020_normal_grid_S0010_daily.csv
HLA,HLA,Hailun,2020,Leave_One_experiments\wth_generated_qc\HLA\HLA2020.WTH,wet_year;nitrogen_stress_year;low_response_year,wet,HLA2020_normal_grid_S0010,low_input_within_10pct_yield,2020-07-26,208,89,84,"{""sim_day"": 89.0, ""doy"": 208.0, ""topwt"": 7474.441528320312, ""grnwt"": 0.0, ""xlai"": 3.6292355060577393, ""totir"": 0.0, ""tofer"": NaN, ""swfac"": 0.0, ""nstres"": 0.0560333728790283}",0.0,0.0560333728790283,7474.441528320312,0.0,3.6292355060577393,0.0,,0.0,0.0,0.0,150.0,28.592785644531247,28.592785644531247,Leave_One_experiments/all_year_offline_schedule_search/daily_outputs/HLA/HLA_2020_HLA2020_normal_grid_S0010_daily.csv
HLA,HLA,Hailun,2020,Leave_One_experiments\wth_generated_qc\HLA\HLA2020.WTH,wet_year;nitrogen_stress_year;low_response_year,wet,HLA2020_normal_grid_S0010,low_input_within_10pct_yield,2020-07-27,209,90,85,"{""sim_day"": 90.0, ""doy"": 209.0, ""topwt"": 7895.4296875, ""grnwt"": 0.0, ""xlai"": 3.603884220123291, ""totir"": 0.0, ""tofer"": NaN, ""swfac"": 0.0, ""nstres"": 0.0558811426162719}",0.0,0.0558811426162719,7895.4296875,0.0,3.603884220123291,0.0,,0.0,0.0,0.0,150.0,28.592785644531247,28.592785644531247,Leave_One_experiments/all_year_offline_schedule_search/daily_outputs/HLA/HLA_2020_HLA2020_normal_grid_S0010_daily.csv
HLA,HLA,Hailun,2020,Leave_One_experiments\wth_generated_qc\HLA\HLA2020.WTH,wet_year;nitrogen_stress_year;low_response_year,wet,HLA2020_normal_grid_S0010,low_input_within_10pct_yield,2020-07-28,210,91,86,"{""sim_day"": 91.0, ""doy"": 210.0, ""topwt"": 8290.4638671875, ""grnwt"": 0.0, ""xlai"": 3.5786495208740234, ""totir"": 0.0, ""tofer"": NaN, ""swfac"": 0.0, ""nstres"": 0.0560173988342285}",0.0,0.0560173988342285,8290.4638671875,0.0,3.5786495208740234,0.0,,0.0,0.0,0.0,150.0,28.592785644531247,28.592785644531247,Leave_One_experiments/all_year_offline_schedule_search/daily_outputs/HLA/HLA_2020_HLA2020_normal_grid_S0010_daily.csv
HLA,HLA,Hailun,2020,Leave_One_experiments\wth_generated_qc\HLA\HLA2020.WTH,wet_year;nitrogen_stress_year;low_response_year,wet,HLA2020_normal_grid_S0010,low_input_within_10pct_yield,2020-07-29,211,92,87,"{""sim_day"": 92.0, ""doy"": 211.0, ""topwt"": 8651.558837890625, ""grnwt"": 0.0, ""xlai"": 3.5539183616638184, ""totir"": 0.0, ""tofer"": NaN, ""swfac"": 0.0, ""nstres"": 0.0552856922149658}",0.0,0.0552856922149658,8651.558837890625,0.0,3.5539183616638184,0.0,,0.0,0.0,0.0,150.0,28.592785644531247,28.592785644531247,Leave_One_experiments/all_year_offline_schedule_search/daily_outputs/HLA/HLA_2020_HLA2020_normal_grid_S0010_daily.csv
HLA,HLA,Hailun,2020,Leave_One_experiments\wth_generated_qc\HLA\HLA2020.WTH,wet_year;nitrogen_stress_year;low_response_year,wet,HLA2020_normal_grid_S0010,low_input_within_10pct_yield,2020-07-30,212,93,88,"{""sim_day"": 93.0, ""doy"": 212.0, ""topwt"": 8915.746459960938, ""grnwt"": 0.0, ""xlai"": 3.5306687355041504, ""totir"": 0.0, ""tofer"": NaN, ""swfac"": 0.0, ""nstres"": 0.0523356199264526}",0.0,0.0523356199264526,8915.746459960938,0.0,3.5306687355041504,0.0,,0.0,0.0,0.0,150.0,28.592785644531247,28.592785644531247,Leave_One_experiments/all_year_offline_schedule_search/daily_outputs/HLA/HLA_2020_HLA2020_normal_grid_S0010_daily.csv
HLA,HLA,Hailun,2020,Leave_One_experiments\wth_generated_qc\HLA\HLA2020.WTH,wet_year;nitrogen_stress_year;low_response_year,wet,HLA2020_normal_grid_S0010,low_input_within_10pct_yield,2020-07-31,213,94,89,"{""sim_day"": 94.0, ""doy"": 213.0, ""topwt"": 9076.212158203123, ""grnwt"": 0.0, ""xlai"": 3.509921073913574, ""totir"": 0.0, ""tofer"": NaN, ""swfac"": 0.0, ""nstres"": 0.0470114946365356}",0.0,0.0470114946365356,9076.212158203123,0.0,3.509921073913574,0.0,,0.0,0.0,0.0,150.0,28.592785644531247,28.592785644531247,Leave_One_experiments/all_year_offline_schedule_search/daily_outputs/HLA/HLA_2020_HLA2020_normal_grid_S0010_daily.csv
HLA,HLA,Hailun,2020,Leave_One_experiments\wth_generated_qc\HLA\HLA2020.WTH,wet_year;nitrogen_stress_year;low_response_year,wet,HLA2020_normal_grid_S0010,low_input_within_10pct_yield,2020-08-01,214,95,90,"{""sim_day"": 95.0, ""doy"": 214.0, ""topwt"": 9317.548217773438, ""grnwt"": 0.0, ""xlai"": 3.493145227432251, ""totir"": 0.0, ""tofer"": NaN, ""swfac"": 0.0, ""nstres"": 0.0382356643676757}",0.0,0.0382356643676757,9317.548217773438,0.0,3.493145227432251,0.0,,0.0,0.0,0.0,150.0,28.592785644531247,28.592785644531247,Leave_One_experiments/all_year_offline_schedule_search/daily_outputs/HLA/HLA_2020_HLA2020_normal_grid_S0010_daily.csv
HLA,HLA,Hailun,2020,Leave_One_experiments\wth_generated_qc\HLA\HLA2020.WTH,wet_year;nitrogen_stress_year;low_response_year,wet,HLA2020_normal_grid_S0010,low_input_within_10pct_yield,2020-08-02,215,96,91,"{""sim_day"": 96.0, ""doy"": 215.0, ""topwt"": 9585.608520507812, ""grnwt"": 0.0, ""xlai"": 3.480802536010742, ""totir"": 0.0, ""tofer"": NaN, ""swfac"": 0.0, ""nstres"": 0.0282667279243469}",0.0,0.0282667279243469,9585.608520507812,0.0,3.480802536010742,0.0,,0.0,0.0,0.0,150.0,28.592785644531247,28.592785644531247,Leave_One_experiments/all_year_offline_schedule_search/daily_outputs/HLA/HLA_2020_HLA2020_normal_grid_S0010_daily.csv
HLA,HLA,Hailun,2020,Leave_One_experiments\wth_generated_qc\HLA\HLA2020.WTH,wet_year;nitrogen_stress_year;low_response_year,wet,HLA2020_normal_grid_S0010,low_input_within_10pct_yield,2020-08-03,216,97,92,"{""sim_day"": 97.0, ""doy"": 216.0, ""topwt"": 9653.309326171877, ""grnwt"": 0.0, ""xlai"": 3.4720776081085205, ""totir"": 0.0, ""tofer"": NaN, ""swfac"": 0.0, ""nstres"": 0.0200533866882324}",0.0,0.0200533866882324,9653.309326171877,0.0,3.4720776081085205,0.0,,0.0,0.0,0.0,150.0,28.592785644531247,28.592785644531247,Leave_One_experiments/all_year_offline_schedule_search/daily_outputs/HLA/HLA_2020_HLA2020_normal_grid_S0010_daily.csv
HLA,HLA,Hailun,2020,Leave_One_experiments\wth_generated_qc\HLA\HLA2020.WTH,wet_year;nitrogen_stress_year;low_response_year,wet,HLA2020_normal_grid_S0010,low_input_within_10pct_yield,2020-08-04,217,98,93,"{""sim_day"": 98.0, ""doy"": 217.0, ""topwt"": 9816.624755859377, ""grnwt"": 0.0, ""xlai"": 3.467217206954956, ""totir"": 0.0, ""tofer"": NaN, ""swfac"": 0.0, ""nstres"": 0.0111987590789794}",0.0,0.0111987590789794,9816.624755859377,0.0,3.467217206954956,0.0,,0.0,0.0,0.0,150.0,28.592785644531247,28.592785644531247,Leave_One_experiments/all_year_offline_schedule_search/daily_outputs/HLA/HLA_2020_HLA2020_normal_grid_S0010_daily.csv
HLA,HLA,Hailun,2020,Leave_One_experiments\wth_generated_qc\HLA\HLA2020.WTH,wet_year;nitrogen_stress_year;low_response_year,wet,HLA2020_normal_grid_S0010,low_input_within_10pct_yield,2020-08-05,218,99,94,"{""sim_day"": 99.0, ""doy"": 218.0, ""topwt"": 9974.54345703125, ""grnwt"": 157.91874885559082, ""xlai"": 3.41675066947937, ""totir"": 0.0, ""tofer"": NaN, ""swfac"": 0.0, ""nstres"": 0.0}",0.0,0.0,9974.54345703125,157.91874885559082,3.41675066947937,0.0,,0.0,0.0,0.0,150.0,28.592785644531247,28.592785644531247,Leave_One_experiments/all_year_offline_schedule_search/daily_outputs/HLA/HLA_2020_HLA2020_normal_grid_S0010_daily.csv
HLA,HLA,Hailun,2020,Leave_One_experiments\wth_generated_qc\HLA\HLA2020.WTH,wet_year;nitrogen_stress_year;low_response_year,wet,HLA2020_normal_grid_S0010,low_input_within_10pct_yield,2020-08-06,219,100,95,"{""sim_day"": 100.0, ""doy"": 219.0, ""topwt"": 10132.462158203123, ""grnwt"": 315.83749771118164, ""xlai"": 3.4061357975006104, ""totir"": 0.0, ""tofer"": NaN, ""swfac"": 0.0, ""nstres"": 0.0082477331161499}",0.0,0.0082477331161499,10132.462158203123,315.83749771118164,3.4061357975006104,0.0,,0.0,0.0,0.0,150.0,28.592785644531247,28.592785644531247,Leave_One_experiments/all_year_offline_schedule_search/daily_outputs/HLA/HLA_2020_HLA2020_normal_grid_S0010_daily.csv
HLA,HLA,Hailun,2020,Leave_One_experiments\wth_generated_qc\HLA\HLA2020.WTH,wet_year;nitrogen_stress_year;low_response_year,wet,HLA2020_normal_grid_S0010,low_input_within_10pct_yield,2020-08-07,220,101,96,"{""sim_day"": 101.0, ""doy"": 220.0, ""topwt"": 10290.380859375, ""grnwt"": 473.7562561035156, ""xlai"": 3.3955647945404053, ""totir"": 0.0, ""tofer"": NaN, ""swfac"": 0.0, ""nstres"": 0.0134984850883483}",0.0,0.0134984850883483,10290.380859375,473.7562561035156,3.3955647945404053,0.0,,0.0,0.0,0.0,150.0,28.592785644531247,28.592785644531247,Leave_One_experiments/all_year_offline_schedule_search/daily_outputs/HLA/HLA_2020_HLA2020_normal_grid_S0010_daily.csv
HLA,HLA,Hailun,2020,Leave_One_experiments\wth_generated_qc\HLA\HLA2020.WTH,wet_year;nitrogen_stress_year;low_response_year,wet,HLA2020_normal_grid_S0010,low_input_within_10pct_yield,2020-08-08,221,102,97,"{""sim_day"": 102.0, ""doy"": 221.0, ""topwt"": 10417.37548828125, ""grnwt"": 631.6749954223633, ""xlai"": 3.381722211837769, ""totir"": 0.0, ""tofer"": NaN, ""swfac"": 0.0, ""nstres"": 0.0176678895950317}",0.0,0.0176678895950317,10417.37548828125,631.6749954223633,3.381722211837769,0.0,,0.0,0.0,0.0,150.0,28.592785644531247,28.592785644531247,Leave_One_experiments/all_year_offline_schedule_search/daily_outputs/HLA/HLA_2020_HLA2020_normal_grid_S0010_daily.csv
HLA,HLA,Hailun,2020,Leave_One_experiments\wth_generated_qc\HLA\HLA2020.WTH,wet_year;nitrogen_stress_year;low_response_year,wet,HLA2020_normal_grid_S0010,low_input_within_10pct_yield,2020-08-09,222,103,98,"{""sim_day"": 103.0, ""doy"": 222.0, ""topwt"": 10606.219482421877, ""grnwt"": 789.5937347412109, ""xlai"": 3.362789869308472, ""totir"": 0.0, ""tofer"": NaN, ""swfac"": 0.0, ""nstres"": 0.0202661156654357}",0.0,0.0202661156654357,10606.219482421877,789.5937347412109,3.362789869308472,0.0,,0.0,0.0,0.0,150.0,28.592785644531247,28.592785644531247,Leave_One_experiments/all_year_offline_schedule_search/daily_outputs/HLA/HLA_2020_HLA2020_normal_grid_S0010_daily.csv
HLA,HLA,Hailun,2020,Leave_One_experiments\wth_generated_qc\HLA\HLA2020.WTH,wet_year;nitrogen_stress_year;low_response_year,wet,HLA2020_normal_grid_S0010,low_input_within_10pct_yield,2020-08-10,223,104,99,"{""sim_day"": 104.0, ""doy"": 223.0, ""topwt"": 10764.13818359375, ""grnwt"": 947.5125122070312, ""xlai"": 3.343512296676636, ""totir"": 0.0, ""tofer"": NaN, ""swfac"": 0.0, ""nstres"": 0.0217289924621582}",0.0,0.0217289924621582,10764.13818359375,947.5125122070312,3.343512296676636,0.0,,0.0,0.0,0.0,150.0,28.592785644531247,28.592785644531247,Leave_One_experiments/all_year_offline_schedule_search/daily_outputs/HLA/HLA_2020_HLA2020_normal_grid_S0010_daily.csv
HLA,HLA,Hailun,2020,Leave_One_experiments\wth_generated_qc\HLA\HLA2020.WTH,wet_year;nitrogen_stress_year;low_response_year,wet,HLA2020_normal_grid_S0010,low_input_within_10pct_yield,2020-08-11,224,105,100,"{""sim_day"": 105.0, ""doy"": 224.0, ""topwt"": 10922.056884765623, ""grnwt"": 1105.4312896728516, ""xlai"": 3.324845314025879, ""totir"": 0.0, ""tofer"": NaN, ""swfac"": 0.0, ""nstres"": 0.0298571586608886}",0.0,0.0298571586608886,10922.056884765623,1105.4312896728516,3.324845314025879,0.0,,0.0,0.0,0.0,150.0,28.592785644531247,28.592785644531247,Leave_One_experiments/all_year_offline_schedule_search/daily_outputs/HLA/HLA_2020_HLA2020_normal_grid_S0010_daily.csv
HLA,HLA,Hailun,2020,Leave_One_experiments\wth_generated_qc\HLA\HLA2020.WTH,wet_year;nitrogen_stress_year;low_response_year,wet,HLA2020_normal_grid_S0010,low_input_within_10pct_yield,2020-08-12,225,106,101,"{""sim_day"": 106.0, ""doy"": 225.0, ""topwt"": 11079.9755859375, ""grnwt"": 1263.3499908447266, ""xlai"": 3.3067736625671387, ""totir"": 0.0, ""tofer"": NaN, ""swfac"": 0.0, ""nstres"": 0.0365354418754577}",0.0,0.0365354418754577,11079.9755859375,1263.3499908447266,3.3067736625671387,0.0,,0.0,0.0,0.0,150.0,28.592785644531247,28.592785644531247,Leave_One_experiments/all_year_offline_schedule_search/daily_outputs/HLA/HLA_2020_HLA2020_normal_grid_S0010_daily.csv
HLA,HLA,Hailun,2020,Leave_One_experiments\wth_generated_qc\HLA\HLA2020.WTH,wet_year;nitrogen_stress_year;low_response_year,wet,HLA2020_normal_grid_S0010,low_input_within_10pct_yield,2020-08-13,226,107,102,"{""sim_day"": 107.0, ""doy"": 226.0, ""topwt"": 11215.968017578123, ""grnwt"": 1421.2687683105469, ""xlai"": 3.285664319992065, ""totir"": 0.0, ""tofer"": NaN, ""swfac"": 0.0, ""nstres"": 0.042865514755249}",0.0,0.042865514755249,11215.968017578123,1421.2687683105469,3.285664319992065,0.0,,0.0,0.0,0.0,150.0,28.592785644531247,28.592785644531247,Leave_One_experiments/all_year_offline_schedule_search/daily_outputs/HLA/HLA_2020_HLA2020_normal_grid_S0010_daily.csv
HLA,HLA,Hailun,2020,Leave_One_experiments\wth_generated_qc\HLA\HLA2020.WTH,wet_year;nitrogen_stress_year;low_response_year,wet,HLA2020_normal_grid_S0010,low_input_within_10pct_yield,2020-08-14,227,108,103,"{""sim_day"": 108.0, ""doy"": 227.0, ""topwt"": 11395.814208984377, ""grnwt"": 1579.187469482422, ""xlai"": 3.26233434677124, ""totir"": 0.0, ""tofer"": NaN, ""swfac"": 0.0, ""nstres"": 0.0491513013839721}",0.0,0.0491513013839721,11395.814208984377,1579.187469482422,3.26233434677124,0.0,,0.0,0.0,0.0,150.0,28.592785644531247,28.592785644531247,Leave_One_experiments/all_year_offline_schedule_search/daily_outputs/HLA/HLA_2020_HLA2020_normal_grid_S0010_daily.csv
HLA,HLA,Hailun,2020,Leave_One_experiments\wth_generated_qc\HLA\HLA2020.WTH,wet_year;nitrogen_stress_year;low_response_year,wet,HLA2020_normal_grid_S0010,low_input_within_10pct_yield,2020-08-15,228,109,104,"{""sim_day"": 109.0, ""doy"": 228.0, ""topwt"": 11553.73291015625, ""grnwt"": 1737.1063232421875, ""xlai"": 3.233403444290161, ""totir"": 0.0, ""tofer"": NaN, ""swfac"": 0.0, ""nstres"": 0.0529578924179077}",0.0,0.0529578924179077,11553.73291015625,1737.1063232421875,3.233403444290161,0.0,,0.0,0.0,0.0,150.0,28.592785644531247,28.592785644531247,Leave_One_experiments/all_year_offline_schedule_search/daily_outputs/HLA/HLA_2020_HLA2020_normal_grid_S0010_daily.csv
HLA,HLA,Hailun,2020,Leave_One_experiments\wth_generated_qc\HLA\HLA2020.WTH,wet_year;nitrogen_stress_year;low_response_year,wet,HLA2020_normal_grid_S0010,low_input_within_10pct_yield,2020-08-16,229,110,105,"{""sim_day"": 110.0, ""doy"": 229.0, ""topwt"": 11711.651611328123, ""grnwt"": 1895.0250244140625, ""xlai"": 3.200335741043091, ""totir"": 0.0, ""tofer"": NaN, ""swfac"": 0.0, ""nstres"": 0.0602533817291259}",0.0,0.0602533817291259,11711.651611328123,1895.0250244140625,3.200335741043091,0.0,,0.0,0.0,0.0,150.0,28.592785644531247,28.592785644531247,Leave_One_experiments/all_year_offline_schedule_search/daily_outputs/HLA/HLA_2020_HLA2020_normal_grid_S0010_daily.csv
HLA,HLA,Hailun,2020,Leave_One_experiments\wth_generated_qc\HLA\HLA2020.WTH,wet_year;nitrogen_stress_year;low_response_year,wet,HLA2020_normal_grid_S0010,low_input_within_10pct_yield,2020-08-17,230,111,106,"{""sim_day"": 111.0, ""doy"": 230.0, ""topwt"": 11869.5703125, ""grnwt"": 2052.943725585937, ""xlai"": 3.165898084640503, ""totir"": 0.0, ""tofer"": NaN, ""swfac"": 0.0, ""nstres"": 0.0664131641387939}",0.0,0.0664131641387939,11869.5703125,2052.943725585937,3.165898084640503,0.0,,0.0,0.0,0.0,150.0,28.592785644531247,28.592785644531247,Leave_One_experiments/all_year_offline_schedule_search/daily_outputs/HLA/HLA_2020_HLA2020_normal_grid_S0010_daily.csv
HLA,HLA,Hailun,2020,Leave_One_experiments\wth_generated_qc\HLA\HLA2020.WTH,wet_year;nitrogen_stress_year;low_response_year,wet,HLA2020_normal_grid_S0010,low_input_within_10pct_yield,2020-08-18,231,112,107,"{""sim_day"": 112.0, ""doy"": 231.0, ""topwt"": 12027.489013671877, ""grnwt"": 2210.862579345703, ""xlai"": 3.1360371112823486, ""totir"": 0.0, ""tofer"": NaN, ""swfac"": 0.0, ""nstres"": 0.07545667886734}",0.0,0.07545667886734,12027.489013671877,2210.862579345703,3.1360371112823486,0.0,,0.0,0.0,0.0,150.0,28.592785644531247,28.592785644531247,Leave_One_experiments/all_year_offline_schedule_search/daily_outputs/HLA/HLA_2020_HLA2020_normal_grid_S0010_daily.csv
HLA,HLA,Hailun,2020,Leave_One_experiments\wth_generated_qc\HLA\HLA2020.WTH,wet_year;nitrogen_stress_year;low_response_year,wet,HLA2020_normal_grid_S0010,low_input_within_10pct_yield,2020-08-19,232,113,108,"{""sim_day"": 113.0, ""doy"": 232.0, ""topwt"": 12171.12060546875, ""grnwt"": 2354.493408203125, ""xlai"": 3.102391481399536, ""totir"": 0.0, ""tofer"": NaN, ""swfac"": 0.0, ""nstres"": 0.0858290791511535}",0.0,0.0858290791511535,12171.12060546875,2354.493408203125,3.102391481399536,0.0,,0.0,0.0,0.0,150.0,28.592785644531247,28.592785644531247,Leave_One_experiments/all_year_offline_schedule_search/daily_outputs/HLA/HLA_2020_HLA2020_normal_grid_S0010_daily.csv
HLA,HLA,Hailun,2020,Leave_One_experiments\wth_generated_qc\HLA\HLA2020.WTH,wet_year;nitrogen_stress_year;low_response_year,wet,HLA2020_normal_grid_S0010,low_input_within_10pct_yield,2020-08-20,233,114,109,"{""sim_day"": 114.0, ""doy"": 233.0, ""topwt"": 12329.039306640623, ""grnwt"": 2512.412109375, ""xlai"": 3.0660858154296875, ""totir"": 0.0, ""tofer"": NaN, ""swfac"": 0.0, ""nstres"": 0.0936198830604553}",0.0,0.0936198830604553,12329.039306640623,2512.412109375,3.0660858154296875,0.0,,0.0,0.0,0.0,150.0,28.592785644531247,28.592785644531247,Leave_One_experiments/all_year_offline_schedule_search/daily_outputs/HLA/HLA_2020_HLA2020_normal_grid_S0010_daily.csv
HLA,HLA,Hailun,2020,Leave_One_experiments\wth_generated_qc\HLA\HLA2020.WTH,wet_year;nitrogen_stress_year;low_response_year,wet,HLA2020_normal_grid_S0010,low_input_within_10pct_yield,2020-08-21,234,115,110,"{""sim_day"": 115.0, ""doy"": 234.0, ""topwt"": 12486.9580078125, ""grnwt"": 2670.330810546875, ""xlai"": 3.027017593383789, ""totir"": 0.0, ""tofer"": NaN, ""swfac"": 0.0, ""nstres"": 0.1019366383552551}",0.0,0.1019366383552551,12486.9580078125,2670.330810546875,3.027017593383789,0.0,,0.0,0.0,0.0,150.0,28.592785644531247,28.592785644531247,Leave_One_experiments/all_year_offline_schedule_search/daily_outputs/HLA/HLA_2020_HLA2020_normal_grid_S0010_daily.csv
HLA,HLA,Hailun,2020,Leave_One_experiments\wth_generated_qc\HLA\HLA2020.WTH,wet_year;nitrogen_stress_year;low_response_year,wet,HLA2020_normal_grid_S0010,low_input_within_10pct_yield,2020-08-22,235,116,111,"{""sim_day"": 116.0, ""doy"": 235.0, ""topwt"": 12644.8779296875, ""grnwt"": 2828.24951171875, ""xlai"": 2.98560118675232, ""totir"": 0.0, ""tofer"": NaN, ""swfac"": 0.0, ""nstres"": 0.1094578504562377}",0.0,0.1094578504562377,12644.8779296875,2828.24951171875,2.98560118675232,0.0,,0.0,0.0,0.0,150.0,28.592785644531247,28.592785644531247,Leave_One_experiments/all_year_offline_schedule_search/daily_outputs/HLA/HLA_2020_HLA2020_normal_grid_S0010_daily.csv
HLA,HLA,Hailun,2020,Leave_One_experiments\wth_generated_qc\HLA\HLA2020.WTH,wet_year;nitrogen_stress_year;low_response_year,wet,HLA2020_normal_grid_S0010,low_input_within_10pct_yield,2020-08-23,236,117,112,"{""sim_day"": 117.0, ""doy"": 236.0, ""topwt"": 12703.377685546877, ""grnwt"": 2986.168212890625, ""xlai"": 2.941702127456665, ""totir"": 0.0, ""tofer"": NaN, ""swfac"": 0.0, ""nstres"": 0.1176282167434692}",0.0,0.1176282167434692,12703.377685546877,2986.168212890625,2.941702127456665,0.0,,0.0,0.0,0.0,150.0,28.592785644531247,28.592785644531247,Leave_One_experiments/all_year_offline_schedule_search/daily_outputs/HLA/HLA_2020_HLA2020_normal_grid_S0010_daily.csv
HLA,HLA,Hailun,2020,Leave_One_experiments\wth_generated_qc\HLA\HLA2020.WTH,wet_year;nitrogen_stress_year;low_response_year,wet,HLA2020_normal_grid_S0010,low_input_within_10pct_yield,2020-08-24,237,118,113,"{""sim_day"": 118.0, ""doy"": 237.0, ""topwt"": 12870.65673828125, ""grnwt"": 3144.0869140625, ""xlai"": 2.895829200744629, ""totir"": 0.0, ""tofer"": NaN, ""swfac"": 0.0, ""nstres"": 0.1247519254684448}",0.0,0.1247519254684448,12870.65673828125,3144.0869140625,2.895829200744629,0.0,,0.0,0.0,0.0,150.0,28.592785644531247,28.592785644531247,Leave_One_experiments/all_year_offline_schedule_search/daily_outputs/HLA/HLA_2020_HLA2020_normal_grid_S0010_daily.csv
HLA,HLA,Hailun,2020,Leave_One_experiments\wth_generated_qc\HLA\HLA2020.WTH,wet_year;nitrogen_stress_year;low_response_year,wet,HLA2020_normal_grid_S0010,low_input_within_10pct_yield,2020-08-25,238,119,114,"{""sim_day"": 119.0, ""doy"": 238.0, ""topwt"": 13118.634033203123, ""grnwt"": 3302.005615234375, ""xlai"": 2.8504796028137207, ""totir"": 0.0, ""tofer"": NaN, ""swfac"": 0.0, ""nstres"": 0.1252827644348144}",0.0,0.1252827644348144,13118.634033203123,3302.005615234375,2.8504796028137207,0.0,,0.0,0.0,0.0,150.0,28.592785644531247,28.592785644531247,Leave_One_experiments/all_year_offline_schedule_search/daily_outputs/HLA/HLA_2020_HLA2020_normal_grid_S0010_daily.csv
HLA,HLA,Hailun,2020,Leave_One_experiments\wth_generated_qc\HLA\HLA2020.WTH,wet_year;nitrogen_stress_year;low_response_year,wet,HLA2020_normal_grid_S0010,low_input_within_10pct_yield,2020-08-26,239,120,115,"{""sim_day"": 120.0, ""doy"": 239.0, ""topwt"": 13235.07080078125, ""grnwt"": 3459.9246215820312, ""xlai"": 2.8025643825531006, ""totir"": 0.0, ""tofer"": NaN, ""swfac"": 0.0, ""nstres"": 0.1344767808914184}",0.0,0.1344767808914184,13235.07080078125,3459.9246215820312,2.8025643825531006,0.0,,0.0,0.0,0.0,150.0,28.592785644531247,28.592785644531247,Leave_One_experiments/all_year_offline_schedule_search/daily_outputs/HLA/HLA_2020_HLA2020_normal_grid_S0010_daily.csv
HLA,HLA,Hailun,2020,Leave_One_experiments\wth_generated_qc\HLA\HLA2020.WTH,wet_year;nitrogen_stress_year;low_response_year,wet,HLA2020_normal_grid_S0010,low_input_within_10pct_yield,2020-08-27,240,121,116,"{""sim_day"": 121.0, ""doy"": 240.0, ""topwt"": 13323.32763671875, ""grnwt"": 3617.843627929688, ""xlai"": 2.7492849826812744, ""totir"": 0.0, ""tofer"": NaN, ""swfac"": 0.0, ""nstres"": 0.1520878076553344}",0.0,0.1520878076553344,13323.32763671875,3617.843627929688,2.7492849826812744,0.0,,0.0,0.0,0.0,150.0,28.592785644531247,28.592785644531247,Leave_One_experiments/all_year_offline_schedule_search/daily_outputs/HLA/HLA_2020_HLA2020_normal_grid_S0010_daily.csv
HLA,HLA,Hailun,2020,Leave_One_experiments\wth_generated_qc\HLA\HLA2020.WTH,wet_year;nitrogen_stress_year;low_response_year,wet,HLA2020_normal_grid_S0010,low_input_within_10pct_yield,2020-08-28,241,122,117,"{""sim_day"": 122.0, ""doy"": 241.0, ""topwt"": 13421.08642578125, ""grnwt"": 3775.762634277344, ""xlai"": 2.694275379180908, ""totir"": 0.0, ""tofer"": NaN, ""swfac"": 0.0, ""nstres"": 0.1600695848464965}",0.0,0.1600695848464965,13421.08642578125,3775.762634277344,2.694275379180908,0.0,,0.0,0.0,0.0,150.0,28.592785644531247,28.592785644531247,Leave_One_experiments/all_year_offline_schedule_search/daily_outputs/HLA/HLA_2020_HLA2020_normal_grid_S0010_daily.csv
HLA,HLA,Hailun,2020,Leave_One_experiments\wth_generated_qc\HLA\HLA2020.WTH,wet_year;nitrogen_stress_year;low_response_year,wet,HLA2020_normal_grid_S0010,low_input_within_10pct_yield,2020-08-29,242,123,118,"{""sim_day"": 123.0, ""doy"": 242.0, ""topwt"": 13519.085693359377, ""grnwt"": 3933.681640625, ""xlai"": 2.6384706497192383, ""totir"": 0.0, ""tofer"": NaN, ""swfac"": 0.0, ""nstres"": 0.165698766708374}",0.0,0.165698766708374,13519.085693359377,3933.681640625,2.6384706497192383,0.0,,0.0,0.0,0.0,150.0,28.592785644531247,28.592785644531247,Leave_One_experiments/all_year_offline_schedule_search/daily_outputs/HLA/HLA_2020_HLA2020_normal_grid_S0010_daily.csv
HLA,HLA,Hailun,2020,Leave_One_experiments\wth_generated_qc\HLA\HLA2020.WTH,wet_year;nitrogen_stress_year;low_response_year,wet,HLA2020_normal_grid_S0010,low_input_within_10pct_yield,2020-08-30,243,124,119,"{""sim_day"": 124.0, ""doy"": 243.0, ""topwt"": 13623.30078125, ""grnwt"": 4091.600341796875, ""xlai"": 2.581962823867798, ""totir"": 0.0, ""tofer"": NaN, ""swfac"": 0.0, ""nstres"": 0.1713351607322693}",0.0,0.1713351607322693,13623.30078125,4091.600341796875,2.581962823867798,0.0,,0.0,0.0,0.0,150.0,28.592785644531247,28.592785644531247,Leave_One_experiments/all_year_offline_schedule_search/daily_outputs/HLA/HLA_2020_HLA2020_normal_grid_S0010_daily.csv
HLA,HLA,Hailun,2020,Leave_One_experiments\wth_generated_qc\HLA\HLA2020.WTH,wet_year;nitrogen_stress_year;low_response_year,wet,HLA2020_normal_grid_S0010,low_input_within_10pct_yield,2020-08-31,244,125,120,"{""sim_day"": 125.0, ""doy"": 244.0, ""topwt"": 13800.59814453125, ""grnwt"": 4249.519348144531, ""xlai"": 2.5250229835510254, ""totir"": 0.0, ""tofer"": NaN, ""swfac"": 0.0, ""nstres"": 0.1764230728149414}",0.0,0.1764230728149414,13800.59814453125,4249.519348144531,2.5250229835510254,0.0,,0.0,0.0,0.0,150.0,28.592785644531247,28.592785644531247,Leave_One_experiments/all_year_offline_schedule_search/daily_outputs/HLA/HLA_2020_HLA2020_normal_grid_S0010_daily.csv
HLA,HLA,Hailun,2020,Leave_One_experiments\wth_generated_qc\HLA\HLA2020.WTH,wet_year;nitrogen_stress_year;low_response_year,wet,HLA2020_normal_grid_S0010,low_input_within_10pct_yield,2020-09-01,245,126,121,"{""sim_day"": 126.0, ""doy"": 245.0, ""topwt"": 14029.930419921877, ""grnwt"": 4407.438354492188, ""xlai"": 2.4673426151275635, ""totir"": 0.0, ""tofer"": NaN, ""swfac"": 0.0, ""nstres"": 0.1827477216720581}",0.0,0.1827477216720581,14029.930419921877,4407.438354492188,2.4673426151275635,0.0,,0.0,0.0,0.0,150.0,28.592785644531247,28.592785644531247,Leave_One_experiments/all_year_offline_schedule_search/daily_outputs/HLA/HLA_2020_HLA2020_normal_grid_S0010_daily.csv
HLA,HLA,Hailun,2020,Leave_One_experiments\wth_generated_qc\HLA\HLA2020.WTH,wet_year;nitrogen_stress_year;low_response_year,wet,HLA2020_normal_grid_S0010,low_input_within_10pct_yield,2020-09-02,246,127,122,"{""sim_day"": 127.0, ""doy"": 246.0, ""topwt"": 14074.2431640625, ""grnwt"": 4565.357055664063, ""xlai"": 2.406578540802002, ""totir"": 0.0, ""tofer"": NaN, ""swfac"": 0.0, ""nstres"": 0.1970188021659851}",0.0,0.1970188021659851,14074.2431640625,4565.357055664063,2.406578540802002,0.0,,0.0,0.0,0.0,150.0,28.592785644531247,28.592785644531247,Leave_One_experiments/all_year_offline_schedule_search/daily_outputs/HLA/HLA_2020_HLA2020_normal_grid_S0010_daily.csv
HLA,HLA,Hailun,2020,Leave_One_experiments\wth_generated_qc\HLA\HLA2020.WTH,wet_year;nitrogen_stress_year;low_response_year,wet,HLA2020_normal_grid_S0010,low_input_within_10pct_yield,2020-09-03,247,128,123,"{""sim_day"": 128.0, ""doy"": 247.0, ""topwt"": 14138.426513671877, ""grnwt"": 4723.276062011719, ""xlai"": 2.342211961746216, ""totir"": 0.0, ""tofer"": NaN, ""swfac"": 0.0, ""nstres"": 0.2419089674949646}",0.0,0.2419089674949646,14138.426513671877,4723.276062011719,2.342211961746216,0.0,,0.0,0.0,0.0,150.0,28.592785644531247,28.592785644531247,Leave_One_experiments/all_year_offline_schedule_search/daily_outputs/HLA/HLA_2020_HLA2020_normal_grid_S0010_daily.csv
HLA,HLA,Hailun,2020,Leave_One_experiments\wth_generated_qc\HLA\HLA2020.WTH,wet_year;nitrogen_stress_year;low_response_year,wet,HLA2020_normal_grid_S0010,low_input_within_10pct_yield,2020-09-04,248,129,124,"{""sim_day"": 129.0, ""doy"": 248.0, ""topwt"": 14328.73291015625, ""grnwt"": 4881.195068359375, ""xlai"": 2.278813362121582, ""totir"": 0.0, ""tofer"": NaN, ""swfac"": 0.0, ""nstres"": 0.2496241927146911}",0.0,0.2496241927146911,14328.73291015625,4881.195068359375,2.278813362121582,0.0,,0.0,0.0,0.0,150.0,28.592785644531247,28.592785644531247,Leave_One_experiments/all_year_offline_schedule_search/daily_outputs/HLA/HLA_2020_HLA2020_normal_grid_S0010_daily.csv
HLA,HLA,Hailun,2020,Leave_One_experiments\wth_generated_qc\HLA\HLA2020.WTH,wet_year;nitrogen_stress_year;low_response_year,wet,HLA2020_normal_grid_S0010,low_input_within_10pct_yield,2020-09-05,249,130,125,"{""sim_day"": 130.0, ""doy"": 249.0, ""topwt"": 14497.8173828125, ""grnwt"": 5039.114074707031, ""xlai"": 2.208075761795044, ""totir"": 0.0, ""tofer"": NaN, ""swfac"": 0.0, ""nstres"": 0.2650063037872314}",0.0,0.2650063037872314,14497.8173828125,5039.114074707031,2.208075761795044,0.0,,0.0,0.0,0.0,150.0,28.592785644531247,28.592785644531247,Leave_One_experiments/all_year_offline_schedule_search/daily_outputs/HLA/HLA_2020_HLA2020_normal_grid_S0010_daily.csv
HLA,HLA,Hailun,2020,Leave_One_experiments\wth_generated_qc\HLA\HLA2020.WTH,wet_year;nitrogen_stress_year;low_response_year,wet,HLA2020_normal_grid_S0010,low_input_within_10pct_yield,2020-09-06,250,131,126,"{""sim_day"": 131.0, ""doy"": 250.0, ""topwt"": 14664.918212890623, ""grnwt"": 5197.033081054688, ""xlai"": 2.133129596710205, ""totir"": 0.0, ""tofer"": NaN, ""swfac"": 0.0, ""nstres"": 0.3108038306236267}",0.0,0.3108038306236267,14664.918212890623,5197.033081054688,2.133129596710205,0.0,,0.0,0.0,0.0,150.0,28.592785644531247,28.592785644531247,Leave_One_experiments/all_year_offline_schedule_search/daily_outputs/HLA/HLA_2020_HLA2020_normal_grid_S0010_daily.csv
HLA,HLA,Hailun,2020,Leave_One_experiments\wth_generated_qc\HLA\HLA2020.WTH,wet_year;nitrogen_stress_year;low_response_year,wet,HLA2020_normal_grid_S0010,low_input_within_10pct_yield,2020-09-07,251,132,127,"{""sim_day"": 132.0, ""doy"": 251.0, ""topwt"": 14684.51171875, ""grnwt"": 5354.9517822265625, ""xlai"": 2.0629138946533203, ""totir"": 0.0, ""tofer"": NaN, ""swfac"": 0.0, ""nstres"": 0.3523664474487304}",0.0,0.3523664474487304,14684.51171875,5354.9517822265625,2.0629138946533203,0.0,,0.0,0.0,0.0,150.0,28.592785644531247,28.592785644531247,Leave_One_experiments/all_year_offline_schedule_search/daily_outputs/HLA/HLA_2020_HLA2020_normal_grid_S0010_daily.csv
HLA,HLA,Hailun,2020,Leave_One_experiments\wth_generated_qc\HLA\HLA2020.WTH,wet_year;nitrogen_stress_year;low_response_year,wet,HLA2020_normal_grid_S0010,low_input_within_10pct_yield,2020-09-08,252,133,128,"{""sim_day"": 133.0, ""doy"": 252.0, ""topwt"": 14820.9033203125, ""grnwt"": 5512.87109375, ""xlai"": 1.987900733947754, ""totir"": 0.0, ""tofer"": NaN, ""swfac"": 0.0, ""nstres"": 0.3901841044425964}",0.0,0.3901841044425964,14820.9033203125,5512.87109375,1.987900733947754,0.0,,0.0,0.0,0.0,150.0,28.592785644531247,28.592785644531247,Leave_One_experiments/all_year_offline_schedule_search/daily_outputs/HLA/HLA_2020_HLA2020_normal_grid_S0010_daily.csv
HLA,HLA,Hailun,2020,Leave_One_experiments\wth_generated_qc\HLA\HLA2020.WTH,wet_year;nitrogen_stress_year;low_response_year,wet,HLA2020_normal_grid_S0010,low_input_within_10pct_yield,2020-09-09,253,134,129,"{""sim_day"": 134.0, ""doy"": 253.0, ""topwt"": 14951.1328125, ""grnwt"": 5670.789794921875, ""xlai"": 1.9159802198410036, ""totir"": 0.0, ""tofer"": NaN, ""swfac"": 0.0, ""nstres"": 0.399151861667633}",0.0,0.399151861667633,14951.1328125,5670.789794921875,1.9159802198410036,0.0,,0.0,0.0,0.0,150.0,28.592785644531247,28.592785644531247,Leave_One_experiments/all_year_offline_schedule_search/daily_outputs/HLA/HLA_2020_HLA2020_normal_grid_S0010_daily.csv
HLA,HLA,Hailun,2020,Leave_One_experiments\wth_generated_qc\HLA\HLA2020.WTH,wet_year;nitrogen_stress_year;low_response_year,wet,HLA2020_normal_grid_S0010,low_input_within_10pct_yield,2020-09-10,254,135,130,"{""sim_day"": 135.0, ""doy"": 254.0, ""topwt"": 15121.80419921875, ""grnwt"": 5828.70849609375, ""xlai"": 1.849234938621521, ""totir"": 0.0, ""tofer"": NaN, ""swfac"": 0.0, ""nstres"": 0.4360647797584533}",0.0,0.4360647797584533,15121.80419921875,5828.70849609375,1.849234938621521,0.0,,0.0,0.0,0.0,150.0,28.592785644531247,28.592785644531247,Leave_One_experiments/all_year_offline_schedule_search/daily_outputs/HLA/HLA_2020_HLA2020_normal_grid_S0010_daily.csv
HLA,HLA,Hailun,2020,Leave_One_experiments\wth_generated_qc\HLA\HLA2020.WTH,wet_year;nitrogen_stress_year;low_response_year,wet,HLA2020_normal_grid_S0010,low_input_within_10pct_yield,2020-09-11,255,136,131,"{""sim_day"": 136.0, ""doy"": 255.0, ""topwt"": 15285.340576171877, ""grnwt"": 5986.627807617188, ""xlai"": 1.7807948589324951, ""totir"": 0.0, ""tofer"": NaN, ""swfac"": 0.0, ""nstres"": 0.4711341857910156}",0.0,0.4711341857910156,15285.340576171877,5986.627807617188,1.7807948589324951,0.0,,0.0,0.0,0.0,150.0,28.592785644531247,28.592785644531247,Leave_One_experiments/all_year_offline_schedule_search/daily_outputs/HLA/HLA_2020_HLA2020_normal_grid_S0010_daily.csv
HLA,HLA,Hailun,2020,Leave_One_experiments\wth_generated_qc\HLA\HLA2020.WTH,wet_year;nitrogen_stress_year;low_response_year,wet,HLA2020_normal_grid_S0010,low_input_within_10pct_yield,2020-09-12,256,137,132,"{""sim_day"": 137.0, ""doy"": 256.0, ""topwt"": 15391.990966796877, ""grnwt"": 6144.546508789063, ""xlai"": 1.7107913494110107, ""totir"": 0.0, ""tofer"": NaN, ""swfac"": 0.0, ""nstres"": 0.5144585371017456}",0.0,0.5144585371017456,15391.990966796877,6144.546508789063,1.7107913494110107,0.0,,0.0,0.0,0.0,150.0,28.592785644531247,28.592785644531247,Leave_One_experiments/all_year_offline_schedule_search/daily_outputs/HLA/HLA_2020_HLA2020_normal_grid_S0010_daily.csv
HLA,HLA,Hailun,2020,Leave_One_experiments\wth_generated_qc\HLA\HLA2020.WTH,wet_year;nitrogen_stress_year;low_response_year,wet,HLA2020_normal_grid_S0010,low_input_within_10pct_yield,2020-09-13,257,138,133,"{""sim_day"": 138.0, ""doy"": 257.0, ""topwt"": 15485.858154296877, ""grnwt"": 6302.4652099609375, ""xlai"": 1.6302062273025513, ""totir"": 0.0, ""tofer"": NaN, ""swfac"": 0.0, ""nstres"": 0.5545451641082764}",0.0,0.5545451641082764,15485.858154296877,6302.4652099609375,1.6302062273025513,0.0,,0.0,0.0,0.0,150.0,28.592785644531247,28.592785644531247,Leave_One_experiments/all_year_offline_schedule_search/daily_outputs/HLA/HLA_2020_HLA2020_normal_grid_S0010_daily.csv
HLA,HLA,Hailun,2020,Leave_One_experiments\wth_generated_qc\HLA\HLA2020.WTH,wet_year;nitrogen_stress_year;low_response_year,wet,HLA2020_normal_grid_S0010,low_input_within_10pct_yield,2020-09-14,258,139,134,"{""sim_day"": 139.0, ""doy"": 258.0, ""topwt"": 15575.93017578125, ""grnwt"": 6455.1202392578125, ""xlai"": 1.5594003200531006, ""totir"": 0.0, ""tofer"": NaN, ""swfac"": 0.0, ""nstres"": 0.5827382802963257}",0.0,0.5827382802963257,15575.93017578125,6455.1202392578125,1.5594003200531006,0.0,,0.0,0.0,0.0,150.0,28.592785644531247,28.592785644531247,Leave_One_experiments/all_year_offline_schedule_search/daily_outputs/HLA/HLA_2020_HLA2020_normal_grid_S0010_daily.csv
HLA,HLA,Hailun,2020,Leave_One_experiments\wth_generated_qc\HLA\HLA2020.WTH,wet_year;nitrogen_stress_year;low_response_year,wet,HLA2020_normal_grid_S0010,low_input_within_10pct_yield,2020-09-15,259,140,135,"{""sim_day"": 140.0, ""doy"": 259.0, ""topwt"": 15591.8310546875, ""grnwt"": 6609.278564453125, ""xlai"": 1.4858349561691284, ""totir"": 0.0, ""tofer"": NaN, ""swfac"": 0.0, ""nstres"": 0.6066580712795258}",0.0,0.6066580712795258,15591.8310546875,6609.278564453125,1.4858349561691284,0.0,,0.0,0.0,0.0,150.0,28.592785644531247,28.592785644531247,Leave_One_experiments/all_year_offline_schedule_search/daily_outputs/HLA/HLA_2020_HLA2020_normal_grid_S0010_daily.csv
HLA,HLA,Hailun,2020,Leave_One_experiments\wth_generated_qc\HLA\HLA2020.WTH,wet_year;nitrogen_stress_year;low_response_year,wet,HLA2020_normal_grid_S0010,low_input_within_10pct_yield,2020-09-16,260,141,136,"{""sim_day"": 141.0, ""doy"": 260.0, ""topwt"": 15591.8310546875, ""grnwt"": 6609.278564453125, ""xlai"": 1.4858349561691284, ""totir"": 0.0, ""tofer"": NaN, ""swfac"": 0.0, ""nstres"": 0.6318002343177795}",0.0,0.6318002343177795,15591.8310546875,6609.278564453125,1.4858349561691284,0.0,,0.0,0.0,0.0,150.0,28.592785644531247,28.592785644531247,Leave_One_experiments/all_year_offline_schedule_search/daily_outputs/HLA/HLA_2020_HLA2020_normal_grid_S0010_daily.csv
HLA,HLA,Hailun,2020,Leave_One_experiments\wth_generated_qc\HLA\HLA2020.WTH,wet_year;nitrogen_stress_year;low_response_year,wet,HLA2020_normal_grid_S0010,low_input_within_10pct_yield,2020-09-17,261,142,137,"{""sim_day"": 142.0, ""doy"": 261.0, ""topwt"": 15591.8310546875, ""grnwt"": 6609.278564453125, ""xlai"": 1.4858349561691284, ""totir"": 0.0, ""tofer"": NaN, ""swfac"": 0.0, ""nstres"": 0.6318002343177795}",0.0,0.6318002343177795,15591.8310546875,6609.278564453125,1.4858349561691284,0.0,,0.0,0.0,0.0,150.0,28.592785644531247,28.592785644531247,Leave_One_experiments/all_year_offline_schedule_search/daily_outputs/HLA/HLA_2020_HLA2020_normal_grid_S0010_daily.csv
HLA,HLA,Hailun,2020,Leave_One_experiments\wth_generated_qc\HLA\HLA2020.WTH,wet_year;nitrogen_stress_year;low_response_year,wet,HLA2020_normal_grid_S0010,low_input_within_10pct_yield,2020-09-18,262,143,138,"{""sim_day"": 143.0, ""doy"": 262.0, ""topwt"": 15591.8310546875, ""grnwt"": 6609.278564453125, ""xlai"": 1.4858349561691284, ""totir"": 0.0, ""tofer"": NaN, ""swfac"": 0.0, ""nstres"": 0.6318002343177795}",0.0,0.6318002343177795,15591.8310546875,6609.278564453125,1.4858349561691284,0.0,,0.0,0.0,0.0,150.0,28.592785644531247,28.592785644531247,Leave_One_experiments/all_year_offline_schedule_search/daily_outputs/HLA/HLA_2020_HLA2020_normal_grid_S0010_daily.csv
HLA,HLA,Hailun,2020,Leave_One_experiments\wth_generated_qc\HLA\HLA2020.WTH,wet_year;nitrogen_stress_year;low_response_year,wet,HLA2020_normal_grid_S0010,low_input_within_10pct_yield,2020-09-19,263,144,139,"{""sim_day"": 144.0, ""doy"": 263.0, ""topwt"": 15591.8310546875, ""grnwt"": 6609.278564453125, ""xlai"": 1.4858349561691284, ""totir"": 0.0, ""tofer"": NaN, ""swfac"": 0.0, ""nstres"": 0.6318002343177795}",0.0,0.6318002343177795,15591.8310546875,6609.278564453125,1.4858349561691284,0.0,,0.0,0.0,0.0,150.0,28.592785644531247,28.592785644531247,Leave_One_experiments/all_year_offline_schedule_search/daily_outputs/HLA/HLA_2020_HLA2020_normal_grid_S0010_daily.csv
HLA,HLA,Hailun,2020,Leave_One_experiments\wth_generated_qc\HLA\HLA2020.WTH,wet_year;nitrogen_stress_year;low_response_year,wet,HLA2020_normal_grid_S0010,low_input_within_10pct_yield,2020-09-20,264,145,140,"{""sim_day"": 145.0, ""doy"": 264.0, ""topwt"": 15591.8310546875, ""grnwt"": 6609.278564453125, ""xlai"": 1.4858349561691284, ""totir"": 0.0, ""tofer"": NaN, ""swfac"": 0.0, ""nstres"": 0.6318002343177795}",0.0,0.6318002343177795,15591.8310546875,6609.278564453125,1.4858349561691284,0.0,,0.0,0.0,0.0,150.0,28.592785644531247,28.592785644531247,Leave_One_experiments/all_year_offline_schedule_search/daily_outputs/HLA/HLA_2020_HLA2020_normal_grid_S0010_daily.csv
HLA,HLA,Hailun,2020,Leave_One_experiments\wth_generated_qc\HLA\HLA2020.WTH,wet_year;nitrogen_stress_year;low_response_year,wet,HLA2020_normal_grid_S0010,low_input_within_10pct_yield,2020-09-21,265,146,141,"{""sim_day"": 146.0, ""doy"": 265.0, ""topwt"": 15591.8310546875, ""grnwt"": 6609.278564453125, ""xlai"": 1.4858349561691284, ""totir"": 0.0, ""tofer"": NaN, ""swfac"": 0.0, ""nstres"": 0.6318002343177795}",0.0,0.6318002343177795,15591.8310546875,6609.278564453125,1.4858349561691284,0.0,,0.0,0.0,0.0,150.0,28.592785644531247,28.592785644531247,Leave_One_experiments/all_year_offline_schedule_search/daily_outputs/HLA/HLA_2020_HLA2020_normal_grid_S0010_daily.csv
HLA,HLA,Hailun,2020,Leave_One_experiments\wth_generated_qc\HLA\HLA2020.WTH,wet_year;nitrogen_stress_year;low_response_year,wet,HLA2020_normal_grid_S0010,low_input_within_10pct_yield,2020-09-22,266,147,142,"{""sim_day"": 147.0, ""doy"": 266.0, ""topwt"": 15591.8310546875, ""grnwt"": 6609.278564453125, ""xlai"": 1.4858349561691284, ""totir"": 0.0, ""tofer"": NaN, ""swfac"": 0.0, ""nstres"": 0.6318002343177795}",0.0,0.6318002343177795,15591.8310546875,6609.278564453125,1.4858349561691284,0.0,,0.0,0.0,0.0,150.0,28.592785644531247,28.592785644531247,Leave_One_experiments/all_year_offline_schedule_search/daily_outputs/HLA/HLA_2020_HLA2020_normal_grid_S0010_daily.csv
HLA,HLA,Hailun,2020,Leave_One_experiments\wth_generated_qc\HLA\HLA2020.WTH,wet_year;nitrogen_stress_year;low_response_year,wet,HLA2020_normal_grid_S0028,pareto_balanced,2020-05-04,125,1,1,"{""sim_day"": 1.0, ""doy"": 125.0, ""topwt"": 0.0, ""grnwt"": 0.0, ""xlai"": 0.0, ""totir"": 0.0, ""tofer"": NaN, ""swfac"": 0.0, ""nstres"": 0.0}",0.0,0.0,0.0,0.0,0.0,0.0,,0.0,80.0,0.0,180.0,23.809320068359384,23.809320068359384,Leave_One_experiments/all_year_offline_schedule_search/daily_outputs/HLA/HLA_2020_HLA2020_normal_grid_S0028_daily.csv
HLA,HLA,Hailun,2020,Leave_One_experiments\wth_generated_qc\HLA\HLA2020.WTH,wet_year;nitrogen_stress_year;low_response_year,wet,HLA2020_normal_grid_S0028,pareto_balanced,2020-05-05,126,2,2,"{""sim_day"": 2.0, ""doy"": 126.0, ""topwt"": 0.0, ""grnwt"": 0.0, ""xlai"": 0.0, ""totir"": 0.0, ""tofer"": NaN, ""swfac"": 0.0, ""nstres"": 0.0}",0.0,0.0,0.0,0.0,0.0,0.0,,0.0,0.0,0.0,180.0,23.809320068359384,23.809320068359384,Leave_One_experiments/all_year_offline_schedule_search/daily_outputs/HLA/HLA_2020_HLA2020_normal_grid_S0028_daily.csv
HLA,HLA,Hailun,2020,Leave_One_experiments\wth_generated_qc\HLA\HLA2020.WTH,wet_year;nitrogen_stress_year;low_response_year,wet,HLA2020_normal_grid_S0028,pareto_balanced,2020-05-06,127,3,3,"{""sim_day"": 3.0, ""doy"": 127.0, ""topwt"": 0.0, ""grnwt"": 0.0, ""xlai"": 0.0, ""totir"": 0.0, ""tofer"": NaN, ""swfac"": 0.0, ""nstres"": 0.0}",0.0,0.0,0.0,0.0,0.0,0.0,,0.0,0.0,0.0,180.0,23.809320068359384,23.809320068359384,Leave_One_experiments/all_year_offline_schedule_search/daily_outputs/HLA/HLA_2020_HLA2020_normal_grid_S0028_daily.csv
HLA,HLA,Hailun,2020,Leave_One_experiments\wth_generated_qc\HLA\HLA2020.WTH,wet_year;nitrogen_stress_year;low_response_year,wet,HLA2020_normal_grid_S0028,pareto_balanced,2020-05-07,128,4,4,"{""sim_day"": 4.0, ""doy"": 128.0, ""topwt"": 0.0, ""grnwt"": 0.0, ""xlai"": 0.0, ""totir"": 0.0, ""tofer"": NaN, ""swfac"": 0.0, ""nstres"": 0.0}",0.0,0.0,0.0,0.0,0.0,0.0,,0.0,0.0,0.0,180.0,23.809320068359384,23.809320068359384,Leave_One_experiments/all_year_offline_schedule_search/daily_outputs/HLA/HLA_2020_HLA2020_normal_grid_S0028_daily.csv
HLA,HLA,Hailun,2020,Leave_One_experiments\wth_generated_qc\HLA\HLA2020.WTH,wet_year;nitrogen_stress_year;low_response_year,wet,HLA2020_normal_grid_S0028,pareto_balanced,2020-05-08,129,5,5,"{""sim_day"": 5.0, ""doy"": 129.0, ""topwt"": 0.0, ""grnwt"": 0.0, ""xlai"": 0.0, ""totir"": 0.0, ""tofer"": NaN, ""swfac"": 0.0, ""nstres"": 0.0}",0.0,0.0,0.0,0.0,0.0,0.0,,0.0,0.0,0.0,180.0,23.809320068359384,23.809320068359384,Leave_One_experiments/all_year_offline_schedule_search/daily_outputs/HLA/HLA_2020_HLA2020_normal_grid_S0028_daily.csv
HLA,HLA,Hailun,2020,Leave_One_experiments\wth_generated_qc\HLA\HLA2020.WTH,wet_year;nitrogen_stress_year;low_response_year,wet,HLA2020_normal_grid_S0028,pareto_balanced,2020-05-04,125,6,1,"{""sim_day"": 6.0, ""doy"": 125.0, ""topwt"": 0.0, ""grnwt"": 0.0, ""xlai"": 0.0, ""totir"": 0.0, ""tofer"": NaN, ""swfac"": 0.0, ""nstres"": 0.0}",0.0,0.0,0.0,0.0,0.0,0.0,,0.0,0.0,0.0,180.0,23.809320068359384,23.809320068359384,Leave_One_experiments/all_year_offline_schedule_search/daily_outputs/HLA/HLA_2020_HLA2020_normal_grid_S0028_daily.csv
HLA,HLA,Hailun,2020,Leave_One_experiments\wth_generated_qc\HLA\HLA2020.WTH,wet_year;nitrogen_stress_year;low_response_year,wet,HLA2020_normal_grid_S0028,pareto_balanced,2020-05-05,126,7,2,"{""sim_day"": 7.0, ""doy"": 126.0, ""topwt"": 0.0, ""grnwt"": 0.0, ""xlai"": 0.0, ""totir"": 0.0, ""tofer"": NaN, ""swfac"": 0.0, ""nstres"": 0.0}",0.0,0.0,0.0,0.0,0.0,0.0,,0.0,0.0,0.0,180.0,23.809320068359384,23.809320068359384,Leave_One_experiments/all_year_offline_schedule_search/daily_outputs/HLA/HLA_2020_HLA2020_normal_grid_S0028_daily.csv
HLA,HLA,Hailun,2020,Leave_One_experiments\wth_generated_qc\HLA\HLA2020.WTH,wet_year;nitrogen_stress_year;low_response_year,wet,HLA2020_normal_grid_S0028,pareto_balanced,2020-05-06,127,8,3,"{""sim_day"": 8.0, ""doy"": 127.0, ""topwt"": 0.0, ""grnwt"": 0.0, ""xlai"": 0.0, ""totir"": 0.0, ""tofer"": NaN, ""swfac"": 0.0, ""nstres"": 0.0}",0.0,0.0,0.0,0.0,0.0,0.0,,0.0,0.0,0.0,180.0,23.809320068359384,23.809320068359384,Leave_One_experiments/all_year_offline_schedule_search/daily_outputs/HLA/HLA_2020_HLA2020_normal_grid_S0028_daily.csv
HLA,HLA,Hailun,2020,Leave_One_experiments\wth_generated_qc\HLA\HLA2020.WTH,wet_year;nitrogen_stress_year;low_response_year,wet,HLA2020_normal_grid_S0028,pareto_balanced,2020-05-07,128,9,4,"{""sim_day"": 9.0, ""doy"": 128.0, ""topwt"": 0.0, ""grnwt"": 0.0, ""xlai"": 0.0, ""totir"": 0.0, ""tofer"": NaN, ""swfac"": 0.0, ""nstres"": 0.0}",0.0,0.0,0.0,0.0,0.0,0.0,,0.0,0.0,0.0,180.0,23.809320068359384,23.809320068359384,Leave_One_experiments/all_year_offline_schedule_search/daily_outputs/HLA/HLA_2020_HLA2020_normal_grid_S0028_daily.csv
HLA,HLA,Hailun,2020,Leave_One_experiments\wth_generated_qc\HLA\HLA2020.WTH,wet_year;nitrogen_stress_year;low_response_year,wet,HLA2020_normal_grid_S0028,pareto_balanced,2020-05-08,129,10,5,"{""sim_day"": 10.0, ""doy"": 129.0, ""topwt"": 0.0, ""grnwt"": 0.0, ""xlai"": 0.0, ""totir"": 0.0, ""tofer"": NaN, ""swfac"": 0.0, ""nstres"": 0.0}",0.0,0.0,0.0,0.0,0.0,0.0,,0.0,0.0,0.0,180.0,23.809320068359384,23.809320068359384,Leave_One_experiments/all_year_offline_schedule_search/daily_outputs/HLA/HLA_2020_HLA2020_normal_grid_S0028_daily.csv
HLA,HLA,Hailun,2020,Leave_One_experiments\wth_generated_qc\HLA\HLA2020.WTH,wet_year;nitrogen_stress_year;low_response_year,wet,HLA2020_normal_grid_S0028,pareto_balanced,2020-05-09,130,11,6,"{""sim_day"": 11.0, ""doy"": 130.0, ""topwt"": 0.0, ""grnwt"": 0.0, ""xlai"": 0.0, ""totir"": 0.0, ""tofer"": NaN, ""swfac"": 0.0, ""nstres"": 0.0}",0.0,0.0,0.0,0.0,0.0,0.0,,0.0,0.0,0.0,180.0,23.809320068359384,23.809320068359384,Leave_One_experiments/all_year_offline_schedule_search/daily_outputs/HLA/HLA_2020_HLA2020_normal_grid_S0028_daily.csv
HLA,HLA,Hailun,2020,Leave_One_experiments\wth_generated_qc\HLA\HLA2020.WTH,wet_year;nitrogen_stress_year;low_response_year,wet,HLA2020_normal_grid_S0028,pareto_balanced,2020-05-10,131,12,7,"{""sim_day"": 12.0, ""doy"": 131.0, ""topwt"": 0.0, ""grnwt"": 0.0, ""xlai"": 0.0, ""totir"": 0.0, ""tofer"": NaN, ""swfac"": 0.0, ""nstres"": 0.0}",0.0,0.0,0.0,0.0,0.0,0.0,,0.0,0.0,0.0,180.0,23.809320068359384,23.809320068359384,Leave_One_experiments/all_year_offline_schedule_search/daily_outputs/HLA/HLA_2020_HLA2020_normal_grid_S0028_daily.csv
HLA,HLA,Hailun,2020,Leave_One_experiments\wth_generated_qc\HLA\HLA2020.WTH,wet_year;nitrogen_stress_year;low_response_year,wet,HLA2020_normal_grid_S0028,pareto_balanced,2020-05-11,132,13,8,"{""sim_day"": 13.0, ""doy"": 132.0, ""topwt"": 0.0, ""grnwt"": 0.0, ""xlai"": 0.0, ""totir"": 0.0, ""tofer"": NaN, ""swfac"": 0.0, ""nstres"": 0.0}",0.0,0.0,0.0,0.0,0.0,0.0,,0.0,0.0,0.0,180.0,23.809320068359384,23.809320068359384,Leave_One_experiments/all_year_offline_schedule_search/daily_outputs/HLA/HLA_2020_HLA2020_normal_grid_S0028_daily.csv
HLA,HLA,Hailun,2020,Leave_One_experiments\wth_generated_qc\HLA\HLA2020.WTH,wet_year;nitrogen_stress_year;low_response_year,wet,HLA2020_normal_grid_S0028,pareto_balanced,2020-05-12,133,14,9,"{""sim_day"": 14.0, ""doy"": 133.0, ""topwt"": 0.0, ""grnwt"": 0.0, ""xlai"": 0.0, ""totir"": 0.0, ""tofer"": NaN, ""swfac"": 0.0, ""nstres"": 0.0}",0.0,0.0,0.0,0.0,0.0,0.0,,0.0,0.0,0.0,180.0,23.809320068359384,23.809320068359384,Leave_One_experiments/all_year_offline_schedule_search/daily_outputs/HLA/HLA_2020_HLA2020_normal_grid_S0028_daily.csv
HLA,HLA,Hailun,2020,Leave_One_experiments\wth_generated_qc\HLA\HLA2020.WTH,wet_year;nitrogen_stress_year;low_response_year,wet,HLA2020_normal_grid_S0028,pareto_balanced,2020-05-13,134,15,10,"{""sim_day"": 15.0, ""doy"": 134.0, ""topwt"": 0.0, ""grnwt"": 0.0, ""xlai"": 0.0, ""totir"": 0.0, ""tofer"": NaN, ""swfac"": 0.0, ""nstres"": 0.0}",0.0,0.0,0.0,0.0,0.0,0.0,,0.0,0.0,0.0,180.0,23.809320068359384,23.809320068359384,Leave_One_experiments/all_year_offline_schedule_search/daily_outputs/HLA/HLA_2020_HLA2020_normal_grid_S0028_daily.csv
HLA,HLA,Hailun,2020,Leave_One_experiments\wth_generated_qc\HLA\HLA2020.WTH,wet_year;nitrogen_stress_year;low_response_year,wet,HLA2020_normal_grid_S0028,pareto_balanced,2020-05-14,135,16,11,"{""sim_day"": 16.0, ""doy"": 135.0, ""topwt"": 0.0, ""grnwt"": 0.0, ""xlai"": 0.0, ""totir"": 0.0, ""tofer"": NaN, ""swfac"": 0.0, ""nstres"": 0.0}",0.0,0.0,0.0,0.0,0.0,0.0,,0.0,0.0,0.0,180.0,23.809320068359384,23.809320068359384,Leave_One_experiments/all_year_offline_schedule_search/daily_outputs/HLA/HLA_2020_HLA2020_normal_grid_S0028_daily.csv
HLA,HLA,Hailun,2020,Leave_One_experiments\wth_generated_qc\HLA\HLA2020.WTH,wet_year;nitrogen_stress_year;low_response_year,wet,HLA2020_normal_grid_S0028,pareto_balanced,2020-05-15,136,17,12,"{""sim_day"": 17.0, ""doy"": 136.0, ""topwt"": 20.0, ""grnwt"": 0.0, ""xlai"": 0.0019170467276126, ""totir"": 0.0, ""tofer"": NaN, ""swfac"": 0.0, ""nstres"": 0.0121910572052001}",0.0,0.0121910572052001,20.0,0.0,0.0019170467276126,0.0,,0.0,0.0,0.0,180.0,23.809320068359384,23.809320068359384,Leave_One_experiments/all_year_offline_schedule_search/daily_outputs/HLA/HLA_2020_HLA2020_normal_grid_S0028_daily.csv
HLA,HLA,Hailun,2020,Leave_One_experiments\wth_generated_qc\HLA\HLA2020.WTH,wet_year;nitrogen_stress_year;low_response_year,wet,HLA2020_normal_grid_S0028,pareto_balanced,2020-05-16,137,18,13,"{""sim_day"": 18.0, ""doy"": 137.0, ""topwt"": 20.0, ""grnwt"": 0.0, ""xlai"": 0.0036967506166547, ""totir"": 0.0, ""tofer"": NaN, ""swfac"": 0.0, ""nstres"": 0.0149148106575012}",0.0,0.0149148106575012,20.0,0.0,0.0036967506166547,0.0,,0.0,0.0,0.0,180.0,23.809320068359384,23.809320068359384,Leave_One_experiments/all_year_offline_schedule_search/daily_outputs/HLA/HLA_2020_HLA2020_normal_grid_S0028_daily.csv
HLA,HLA,Hailun,2020,Leave_One_experiments\wth_generated_qc\HLA\HLA2020.WTH,wet_year;nitrogen_stress_year;low_response_year,wet,HLA2020_normal_grid_S0028,pareto_balanced,2020-05-17,138,19,14,"{""sim_day"": 19.0, ""doy"": 138.0, ""topwt"": 20.0, ""grnwt"": 0.0, ""xlai"": 0.0051076239906251, ""totir"": 0.0, ""tofer"": NaN, ""swfac"": 0.0, ""nstres"": 0.0118875503540039}",0.0,0.0118875503540039,20.0,0.0,0.0051076239906251,0.0,,0.0,0.0,0.0,180.0,23.809320068359384,23.809320068359384,Leave_One_experiments/all_year_offline_schedule_search/daily_outputs/HLA/HLA_2020_HLA2020_normal_grid_S0028_daily.csv
HLA,HLA,Hailun,2020,Leave_One_experiments\wth_generated_qc\HLA\HLA2020.WTH,wet_year;nitrogen_stress_year;low_response_year,wet,HLA2020_normal_grid_S0028,pareto_balanced,2020-05-18,139,20,15,"{""sim_day"": 20.0, ""doy"": 139.0, ""topwt"": 20.0, ""grnwt"": 0.0, ""xlai"": 0.0066419006325304, ""totir"": 0.0, ""tofer"": NaN, ""swfac"": 0.0, ""nstres"": 0.0088218450546264}",0.0,0.0088218450546264,20.0,0.0,0.0066419006325304,0.0,,0.0,0.0,0.0,180.0,23.809320068359384,23.809320068359384,Leave_One_experiments/all_year_offline_schedule_search/daily_outputs/HLA/HLA_2020_HLA2020_normal_grid_S0028_daily.csv
HLA,HLA,Hailun,2020,Leave_One_experiments\wth_generated_qc\HLA\HLA2020.WTH,wet_year;nitrogen_stress_year;low_response_year,wet,HLA2020_normal_grid_S0028,pareto_balanced,2020-05-19,140,21,16,"{""sim_day"": 21.0, ""doy"": 140.0, ""topwt"": 20.0, ""grnwt"": 0.0, ""xlai"": 0.0079962816089391, ""totir"": 0.0, ""tofer"": NaN, ""swfac"": 0.0, ""nstres"": 0.0062395334243774}",0.0,0.0062395334243774,20.0,0.0,0.0079962816089391,0.0,,0.0,0.0,0.0,180.0,23.809320068359384,23.809320068359384,Leave_One_experiments/all_year_offline_schedule_search/daily_outputs/HLA/HLA_2020_HLA2020_normal_grid_S0028_daily.csv
HLA,HLA,Hailun,2020,Leave_One_experiments\wth_generated_qc\HLA\HLA2020.WTH,wet_year;nitrogen_stress_year;low_response_year,wet,HLA2020_normal_grid_S0028,pareto_balanced,2020-05-20,141,22,17,"{""sim_day"": 22.0, ""doy"": 141.0, ""topwt"": 20.0, ""grnwt"": 0.0, ""xlai"": 0.009999606758356, ""totir"": 0.0, ""tofer"": NaN, ""swfac"": 0.0, ""nstres"": 0.0026842951774597}",0.0,0.0026842951774597,20.0,0.0,0.009999606758356,0.0,,0.0,0.0,0.0,180.0,23.809320068359384,23.809320068359384,Leave_One_experiments/all_year_offline_schedule_search/daily_outputs/HLA/HLA_2020_HLA2020_normal_grid_S0028_daily.csv
HLA,HLA,Hailun,2020,Leave_One_experiments\wth_generated_qc\HLA\HLA2020.WTH,wet_year;nitrogen_stress_year;low_response_year,wet,HLA2020_normal_grid_S0028,pareto_balanced,2020-05-21,142,23,18,"{""sim_day"": 23.0, ""doy"": 142.0, ""topwt"": 20.0, ""grnwt"": 0.0, ""xlai"": 0.0125290295109152, ""totir"": 0.0, ""tofer"": NaN, ""swfac"": 0.0, ""nstres"": 0.0}",0.0,0.0,20.0,0.0,0.0125290295109152,0.0,,0.0,0.0,0.0,180.0,23.809320068359384,23.809320068359384,Leave_One_experiments/all_year_offline_schedule_search/daily_outputs/HLA/HLA_2020_HLA2020_normal_grid_S0028_daily.csv
HLA,HLA,Hailun,2020,Leave_One_experiments\wth_generated_qc\HLA\HLA2020.WTH,wet_year;nitrogen_stress_year;low_response_year,wet,HLA2020_normal_grid_S0028,pareto_balanced,2020-05-22,143,24,19,"{""sim_day"": 24.0, ""doy"": 143.0, ""topwt"": 20.0, ""grnwt"": 0.0, ""xlai"": 0.0200553201138973, ""totir"": 0.0, ""tofer"": NaN, ""swfac"": 0.0, ""nstres"": 0.0}",0.0,0.0,20.0,0.0,0.0200553201138973,0.0,,0.0,0.0,0.0,180.0,23.809320068359384,23.809320068359384,Leave_One_experiments/all_year_offline_schedule_search/daily_outputs/HLA/HLA_2020_HLA2020_normal_grid_S0028_daily.csv
HLA,HLA,Hailun,2020,Leave_One_experiments\wth_generated_qc\HLA\HLA2020.WTH,wet_year;nitrogen_stress_year;low_response_year,wet,HLA2020_normal_grid_S0028,pareto_balanced,2020-05-23,144,25,20,"{""sim_day"": 25.0, ""doy"": 144.0, ""topwt"": 20.0, ""grnwt"": 0.0, ""xlai"": 0.0246596429497003, ""totir"": 0.0, ""tofer"": NaN, ""swfac"": 0.0, ""nstres"": 0.0}",0.0,0.0,20.0,0.0,0.0246596429497003,0.0,,0.0,0.0,0.0,180.0,23.809320068359384,23.809320068359384,Leave_One_experiments/all_year_offline_schedule_search/daily_outputs/HLA/HLA_2020_HLA2020_normal_grid_S0028_daily.csv
HLA,HLA,Hailun,2020,Leave_One_experiments\wth_generated_qc\HLA\HLA2020.WTH,wet_year;nitrogen_stress_year;low_response_year,wet,HLA2020_normal_grid_S0028,pareto_balanced,2020-05-24,145,26,21,"{""sim_day"": 26.0, ""doy"": 145.0, ""topwt"": 20.0, ""grnwt"": 0.0, ""xlai"": 0.0255924053490161, ""totir"": 0.0, ""tofer"": NaN, ""swfac"": 0.0, ""nstres"": 0.0}",0.0,0.0,20.0,0.0,0.0255924053490161,0.0,,0.0,0.0,0.0,180.0,23.809320068359384,23.809320068359384,Leave_One_experiments/all_year_offline_schedule_search/daily_outputs/HLA/HLA_2020_HLA2020_normal_grid_S0028_daily.csv
HLA,HLA,Hailun,2020,Leave_One_experiments\wth_generated_qc\HLA\HLA2020.WTH,wet_year;nitrogen_stress_year;low_response_year,wet,HLA2020_normal_grid_S0028,pareto_balanced,2020-05-25,146,27,22,"{""sim_day"": 27.0, ""doy"": 146.0, ""topwt"": 20.0, ""grnwt"": 0.0, ""xlai"": 0.0298073999583721, ""totir"": 0.0, ""tofer"": NaN, ""swfac"": 0.0, ""nstres"": 0.0}",0.0,0.0,20.0,0.0,0.0298073999583721,0.0,,0.0,0.0,0.0,180.0,23.809320068359384,23.809320068359384,Leave_One_experiments/all_year_offline_schedule_search/daily_outputs/HLA/HLA_2020_HLA2020_normal_grid_S0028_daily.csv
HLA,HLA,Hailun,2020,Leave_One_experiments\wth_generated_qc\HLA\HLA2020.WTH,wet_year;nitrogen_stress_year;low_response_year,wet,HLA2020_normal_grid_S0028,pareto_balanced,2020-05-26,147,28,23,"{""sim_day"": 28.0, ""doy"": 147.0, ""topwt"": 21.346449851989743, ""grnwt"": 0.0, ""xlai"": 0.0379648134112358, ""totir"": 0.0, ""tofer"": NaN, ""swfac"": 0.0, ""nstres"": 0.0}",0.0,0.0,21.346449851989743,0.0,0.0379648134112358,0.0,,0.0,0.0,0.0,180.0,23.809320068359384,23.809320068359384,Leave_One_experiments/all_year_offline_schedule_search/daily_outputs/HLA/HLA_2020_HLA2020_normal_grid_S0028_daily.csv
HLA,HLA,Hailun,2020,Leave_One_experiments\wth_generated_qc\HLA\HLA2020.WTH,wet_year;nitrogen_stress_year;low_response_year,wet,HLA2020_normal_grid_S0028,pareto_balanced,2020-05-27,148,29,24,"{""sim_day"": 29.0, ""doy"": 148.0, ""topwt"": 26.772711277008057, ""grnwt"": 0.0, ""xlai"": 0.0518428348004817, ""totir"": 0.0, ""tofer"": NaN, ""swfac"": 0.0, ""nstres"": 0.0}",0.0,0.0,26.772711277008057,0.0,0.0518428348004817,0.0,,0.0,0.0,0.0,180.0,23.809320068359384,23.809320068359384,Leave_One_experiments/all_year_offline_schedule_search/daily_outputs/HLA/HLA_2020_HLA2020_normal_grid_S0028_daily.csv
HLA,HLA,Hailun,2020,Leave_One_experiments\wth_generated_qc\HLA\HLA2020.WTH,wet_year;nitrogen_stress_year;low_response_year,wet,HLA2020_normal_grid_S0028,pareto_balanced,2020-05-28,149,30,25,"{""sim_day"": 30.0, ""doy"": 149.0, ""topwt"": 34.39574241638184, ""grnwt"": 0.0, ""xlai"": 0.0698710083961486, ""totir"": 0.0, ""tofer"": NaN, ""swfac"": 0.0, ""nstres"": 0.0}",0.0,0.0,34.39574241638184,0.0,0.0698710083961486,0.0,,0.0,0.0,0.0,180.0,23.809320068359384,23.809320068359384,Leave_One_experiments/all_year_offline_schedule_search/daily_outputs/HLA/HLA_2020_HLA2020_normal_grid_S0028_daily.csv
HLA,HLA,Hailun,2020,Leave_One_experiments\wth_generated_qc\HLA\HLA2020.WTH,wet_year;nitrogen_stress_year;low_response_year,wet,HLA2020_normal_grid_S0028,pareto_balanced,2020-05-29,150,31,26,"{""sim_day"": 31.0, ""doy"": 150.0, ""topwt"": 44.97461795806885, ""grnwt"": 0.0, ""xlai"": 0.0930695682764053, ""totir"": 0.0, ""tofer"": NaN, ""swfac"": 0.0, ""nstres"": 0.0}",0.0,0.0,44.97461795806885,0.0,0.0930695682764053,0.0,,0.0,0.0,0.0,180.0,23.809320068359384,23.809320068359384,Leave_One_experiments/all_year_offline_schedule_search/daily_outputs/HLA/HLA_2020_HLA2020_normal_grid_S0028_daily.csv
HLA,HLA,Hailun,2020,Leave_One_experiments\wth_generated_qc\HLA\HLA2020.WTH,wet_year;nitrogen_stress_year;low_response_year,wet,HLA2020_normal_grid_S0028,pareto_balanced,2020-05-30,151,32,27,"{""sim_day"": 32.0, ""doy"": 151.0, ""topwt"": 53.82845878601074, ""grnwt"": 0.0, ""xlai"": 0.1113625839352607, ""totir"": 0.0, ""tofer"": NaN, ""swfac"": 0.0, ""nstres"": 0.0}",0.0,0.0,53.82845878601074,0.0,0.1113625839352607,0.0,,0.0,0.0,0.0,180.0,23.809320068359384,23.809320068359384,Leave_One_experiments/all_year_offline_schedule_search/daily_outputs/HLA/HLA_2020_HLA2020_normal_grid_S0028_daily.csv
HLA,HLA,Hailun,2020,Leave_One_experiments\wth_generated_qc\HLA\HLA2020.WTH,wet_year;nitrogen_stress_year;low_response_year,wet,HLA2020_normal_grid_S0028,pareto_balanced,2020-05-31,152,33,28,"{""sim_day"": 33.0, ""doy"": 152.0, ""topwt"": 58.59722137451172, ""grnwt"": 0.0, ""xlai"": 0.1208891570568084, ""totir"": 0.0, ""tofer"": NaN, ""swfac"": 0.0, ""nstres"": 0.0}",0.0,0.0,58.59722137451172,0.0,0.1208891570568084,0.0,,0.0,0.0,0.0,180.0,23.809320068359384,23.809320068359384,Leave_One_experiments/all_year_offline_schedule_search/daily_outputs/HLA/HLA_2020_HLA2020_normal_grid_S0028_daily.csv
HLA,HLA,Hailun,2020,Leave_One_experiments\wth_generated_qc\HLA\HLA2020.WTH,wet_year;nitrogen_stress_year;low_response_year,wet,HLA2020_normal_grid_S0028,pareto_balanced,2020-06-01,153,34,29,"{""sim_day"": 34.0, ""doy"": 153.0, ""topwt"": 66.02163791656494, ""grnwt"": 0.0, ""xlai"": 0.1353459656238556, ""totir"": 0.0, ""tofer"": NaN, ""swfac"": 0.0, ""nstres"": 0.0}",0.0,0.0,66.02163791656494,0.0,0.1353459656238556,0.0,,0.0,0.0,0.0,180.0,23.809320068359384,23.809320068359384,Leave_One_experiments/all_year_offline_schedule_search/daily_outputs/HLA/HLA_2020_HLA2020_normal_grid_S0028_daily.csv
HLA,HLA,Hailun,2020,Leave_One_experiments\wth_generated_qc\HLA\HLA2020.WTH,wet_year;nitrogen_stress_year;low_response_year,wet,HLA2020_normal_grid_S0028,pareto_balanced,2020-06-02,154,35,30,"{""sim_day"": 35.0, ""doy"": 154.0, ""topwt"": 73.16883087158203, ""grnwt"": 0.0, ""xlai"": 0.1488890051841735, ""totir"": 0.0, ""tofer"": NaN, ""swfac"": 0.0, ""nstres"": 0.0}",0.0,0.0,73.16883087158203,0.0,0.1488890051841735,0.0,,0.0,50.0,0.0,180.0,23.809320068359384,23.809320068359384,Leave_One_experiments/all_year_offline_schedule_search/daily_outputs/HLA/HLA_2020_HLA2020_normal_grid_S0028_daily.csv
HLA,HLA,Hailun,2020,Leave_One_experiments\wth_generated_qc\HLA\HLA2020.WTH,wet_year;nitrogen_stress_year;low_response_year,wet,HLA2020_normal_grid_S0028,pareto_balanced,2020-06-03,155,36,31,"{""sim_day"": 36.0, ""doy"": 155.0, ""topwt"": 79.12142276763916, ""grnwt"": 0.0, ""xlai"": 0.159924566745758, ""totir"": 0.0, ""tofer"": NaN, ""swfac"": 0.0, ""nstres"": 0.0}",0.0,0.0,79.12142276763916,0.0,0.159924566745758,0.0,,0.0,0.0,0.0,180.0,23.809320068359384,23.809320068359384,Leave_One_experiments/all_year_offline_schedule_search/daily_outputs/HLA/HLA_2020_HLA2020_normal_grid_S0028_daily.csv
HLA,HLA,Hailun,2020,Leave_One_experiments\wth_generated_qc\HLA\HLA2020.WTH,wet_year;nitrogen_stress_year;low_response_year,wet,HLA2020_normal_grid_S0028,pareto_balanced,2020-06-04,156,37,32,"{""sim_day"": 37.0, ""doy"": 156.0, ""topwt"": 89.26190376281738, ""grnwt"": 0.0, ""xlai"": 0.1782820969820022, ""totir"": 0.0, ""tofer"": NaN, ""swfac"": 0.0, ""nstres"": 0.0}",0.0,0.0,89.26190376281738,0.0,0.1782820969820022,0.0,,0.0,0.0,0.0,180.0,23.809320068359384,23.809320068359384,Leave_One_experiments/all_year_offline_schedule_search/daily_outputs/HLA/HLA_2020_HLA2020_normal_grid_S0028_daily.csv
HLA,HLA,Hailun,2020,Leave_One_experiments\wth_generated_qc\HLA\HLA2020.WTH,wet_year;nitrogen_stress_year;low_response_year,wet,HLA2020_normal_grid_S0028,pareto_balanced,2020-06-05,157,38,33,"{""sim_day"": 38.0, ""doy"": 157.0, ""topwt"": 100.59152603149414, ""grnwt"": 0.0, ""xlai"": 0.1982204020023346, ""totir"": 0.0, ""tofer"": NaN, ""swfac"": 0.0, ""nstres"": 0.0}",0.0,0.0,100.59152603149414,0.0,0.1982204020023346,0.0,,0.0,0.0,0.0,180.0,23.809320068359384,23.809320068359384,Leave_One_experiments/all_year_offline_schedule_search/daily_outputs/HLA/HLA_2020_HLA2020_normal_grid_S0028_daily.csv
HLA,HLA,Hailun,2020,Leave_One_experiments\wth_generated_qc\HLA\HLA2020.WTH,wet_year;nitrogen_stress_year;low_response_year,wet,HLA2020_normal_grid_S0028,pareto_balanced,2020-06-06,158,39,34,"{""sim_day"": 39.0, ""doy"": 158.0, ""topwt"": 117.57002830505373, ""grnwt"": 0.0, ""xlai"": 0.2271552979946136, ""totir"": 0.0, ""tofer"": NaN, ""swfac"": 0.0, ""nstres"": 0.0}",0.0,0.0,117.57002830505373,0.0,0.2271552979946136,0.0,,0.0,0.0,0.0,180.0,23.809320068359384,23.809320068359384,Leave_One_experiments/all_year_offline_schedule_search/daily_outputs/HLA/HLA_2020_HLA2020_normal_grid_S0028_daily.csv
HLA,HLA,Hailun,2020,Leave_One_experiments\wth_generated_qc\HLA\HLA2020.WTH,wet_year;nitrogen_stress_year;low_response_year,wet,HLA2020_normal_grid_S0028,pareto_balanced,2020-06-07,159,40,35,"{""sim_day"": 40.0, ""doy"": 159.0, ""topwt"": 144.53235626220703, ""grnwt"": 0.0, ""xlai"": 0.2712247371673584, ""totir"": 0.0, ""tofer"": NaN, ""swfac"": 0.0, ""nstres"": 0.0}",0.0,0.0,144.53235626220703,0.0,0.2712247371673584,0.0,,0.0,0.0,0.0,180.0,23.809320068359384,23.809320068359384,Leave_One_experiments/all_year_offline_schedule_search/daily_outputs/HLA/HLA_2020_HLA2020_normal_grid_S0028_daily.csv
HLA,HLA,Hailun,2020,Leave_One_experiments\wth_generated_qc\HLA\HLA2020.WTH,wet_year;nitrogen_stress_year;low_response_year,wet,HLA2020_normal_grid_S0028,pareto_balanced,2020-06-08,160,41,36,"{""sim_day"": 41.0, ""doy"": 160.0, ""topwt"": 163.41554641723633, ""grnwt"": 0.0, ""xlai"": 0.3214648067951202, ""totir"": 0.0, ""tofer"": NaN, ""swfac"": 0.0, ""nstres"": 0.0}",0.0,0.0,163.41554641723633,0.0,0.3214648067951202,0.0,,0.0,0.0,0.0,180.0,23.809320068359384,23.809320068359384,Leave_One_experiments/all_year_offline_schedule_search/daily_outputs/HLA/HLA_2020_HLA2020_normal_grid_S0028_daily.csv
HLA,HLA,Hailun,2020,Leave_One_experiments\wth_generated_qc\HLA\HLA2020.WTH,wet_year;nitrogen_stress_year;low_response_year,wet,HLA2020_normal_grid_S0028,pareto_balanced,2020-06-09,161,42,37,"{""sim_day"": 42.0, ""doy"": 161.0, ""topwt"": 184.7212028503418, ""grnwt"": 0.0, ""xlai"": 0.3563607931137085, ""totir"": 0.0, ""tofer"": NaN, ""swfac"": 0.0, ""nstres"": 0.0055958032608032}",0.0,0.0055958032608032,184.7212028503418,0.0,0.3563607931137085,0.0,,0.0,0.0,0.0,180.0,23.809320068359384,23.809320068359384,Leave_One_experiments/all_year_offline_schedule_search/daily_outputs/HLA/HLA_2020_HLA2020_normal_grid_S0028_daily.csv
HLA,HLA,Hailun,2020,Leave_One_experiments\wth_generated_qc\HLA\HLA2020.WTH,wet_year;nitrogen_stress_year;low_response_year,wet,HLA2020_normal_grid_S0028,pareto_balanced,2020-06-10,162,43,38,"{""sim_day"": 43.0, ""doy"": 162.0, ""topwt"": 212.63628005981445, ""grnwt"": 0.0, ""xlai"": 0.400761216878891, ""totir"": 0.0, ""tofer"": NaN, ""swfac"": 0.0, ""nstres"": 0.0}",0.0,0.0,212.63628005981445,0.0,0.400761216878891,0.0,,0.0,0.0,0.0,180.0,23.809320068359384,23.809320068359384,Leave_One_experiments/all_year_offline_schedule_search/daily_outputs/HLA/HLA_2020_HLA2020_normal_grid_S0028_daily.csv
HLA,HLA,Hailun,2020,Leave_One_experiments\wth_generated_qc\HLA\HLA2020.WTH,wet_year;nitrogen_stress_year;low_response_year,wet,HLA2020_normal_grid_S0028,pareto_balanced,2020-06-11,163,44,39,"{""sim_day"": 44.0, ""doy"": 163.0, ""topwt"": 244.52938079833984, ""grnwt"": 0.0, ""xlai"": 0.4499333798885345, ""totir"": 0.0, ""tofer"": NaN, ""swfac"": 0.0, ""nstres"": 0.0}",0.0,0.0,244.52938079833984,0.0,0.4499333798885345,0.0,,0.0,0.0,0.0,180.0,23.809320068359384,23.809320068359384,Leave_One_experiments/all_year_offline_schedule_search/daily_outputs/HLA/HLA_2020_HLA2020_normal_grid_S0028_daily.csv
HLA,HLA,Hailun,2020,Leave_One_experiments\wth_generated_qc\HLA\HLA2020.WTH,wet_year;nitrogen_stress_year;low_response_year,wet,HLA2020_normal_grid_S0028,pareto_balanced,2020-06-12,164,45,40,"{""sim_day"": 45.0, ""doy"": 164.0, ""topwt"": 285.2796936035156, ""grnwt"": 0.0, ""xlai"": 0.5107492804527283, ""totir"": 0.0, ""tofer"": NaN, ""swfac"": 0.0, ""nstres"": 0.0}",0.0,0.0,285.2796936035156,0.0,0.5107492804527283,0.0,,0.0,0.0,0.0,180.0,23.809320068359384,23.809320068359384,Leave_One_experiments/all_year_offline_schedule_search/daily_outputs/HLA/HLA_2020_HLA2020_normal_grid_S0028_daily.csv
HLA,HLA,Hailun,2020,Leave_One_experiments\wth_generated_qc\HLA\HLA2020.WTH,wet_year;nitrogen_stress_year;low_response_year,wet,HLA2020_normal_grid_S0028,pareto_balanced,2020-06-13,165,46,41,"{""sim_day"": 46.0, ""doy"": 165.0, ""topwt"": 295.3075218200684, ""grnwt"": 0.0, ""xlai"": 0.5252103805541992, ""totir"": 0.0, ""tofer"": NaN, ""swfac"": 0.0, ""nstres"": 0.0}",0.0,0.0,295.3075218200684,0.0,0.5252103805541992,0.0,,0.0,0.0,0.0,180.0,23.809320068359384,23.809320068359384,Leave_One_experiments/all_year_offline_schedule_search/daily_outputs/HLA/HLA_2020_HLA2020_normal_grid_S0028_daily.csv
HLA,HLA,Hailun,2020,Leave_One_experiments\wth_generated_qc\HLA\HLA2020.WTH,wet_year;nitrogen_stress_year;low_response_year,wet,HLA2020_normal_grid_S0028,pareto_balanced,2020-06-14,166,47,42,"{""sim_day"": 47.0, ""doy"": 166.0, ""topwt"": 330.6667709350586, ""grnwt"": 0.0, ""xlai"": 0.5760537385940552, ""totir"": 0.0, ""tofer"": NaN, ""swfac"": 0.0, ""nstres"": 0.0}",0.0,0.0,330.6667709350586,0.0,0.5760537385940552,0.0,,0.0,0.0,0.0,180.0,23.809320068359384,23.809320068359384,Leave_One_experiments/all_year_offline_schedule_search/daily_outputs/HLA/HLA_2020_HLA2020_normal_grid_S0028_daily.csv
HLA,HLA,Hailun,2020,Leave_One_experiments\wth_generated_qc\HLA\HLA2020.WTH,wet_year;nitrogen_stress_year;low_response_year,wet,HLA2020_normal_grid_S0028,pareto_balanced,2020-06-15,167,48,43,"{""sim_day"": 48.0, ""doy"": 167.0, ""topwt"": 361.45606994628906, ""grnwt"": 0.0, ""xlai"": 0.6163444519042969, ""totir"": 0.0, ""tofer"": NaN, ""swfac"": 0.0, ""nstres"": 0.0}",0.0,0.0,361.45606994628906,0.0,0.6163444519042969,0.0,,0.0,0.0,0.0,180.0,23.809320068359384,23.809320068359384,Leave_One_experiments/all_year_offline_schedule_search/daily_outputs/HLA/HLA_2020_HLA2020_normal_grid_S0028_daily.csv
HLA,HLA,Hailun,2020,Leave_One_experiments\wth_generated_qc\HLA\HLA2020.WTH,wet_year;nitrogen_stress_year;low_response_year,wet,HLA2020_normal_grid_S0028,pareto_balanced,2020-06-16,168,49,44,"{""sim_day"": 49.0, ""doy"": 168.0, ""topwt"": 385.1117706298828, ""grnwt"": 0.0, ""xlai"": 0.6500816941261292, ""totir"": 0.0, ""tofer"": NaN, ""swfac"": 0.0, ""nstres"": 0.0}",0.0,0.0,385.1117706298828,0.0,0.6500816941261292,0.0,,0.0,0.0,0.0,180.0,23.809320068359384,23.809320068359384,Leave_One_experiments/all_year_offline_schedule_search/daily_outputs/HLA/HLA_2020_HLA2020_normal_grid_S0028_daily.csv
HLA,HLA,Hailun,2020,Leave_One_experiments\wth_generated_qc\HLA\HLA2020.WTH,wet_year;nitrogen_stress_year;low_response_year,wet,HLA2020_normal_grid_S0028,pareto_balanced,2020-06-17,169,50,45,"{""sim_day"": 50.0, ""doy"": 169.0, ""topwt"": 423.3384704589844, ""grnwt"": 0.0, ""xlai"": 0.703368604183197, ""totir"": 0.0, ""tofer"": NaN, ""swfac"": 0.0, ""nstres"": 0.0}",0.0,0.0,423.3384704589844,0.0,0.703368604183197,0.0,,0.0,0.0,0.0,180.0,23.809320068359384,23.809320068359384,Leave_One_experiments/all_year_offline_schedule_search/daily_outputs/HLA/HLA_2020_HLA2020_normal_grid_S0028_daily.csv
HLA,HLA,Hailun,2020,Leave_One_experiments\wth_generated_qc\HLA\HLA2020.WTH,wet_year;nitrogen_stress_year;low_response_year,wet,HLA2020_normal_grid_S0028,pareto_balanced,2020-06-18,170,51,46,"{""sim_day"": 51.0, ""doy"": 170.0, ""topwt"": 467.7161407470703, ""grnwt"": 0.0, ""xlai"": 0.7634539604187012, ""totir"": 0.0, ""tofer"": NaN, ""swfac"": 0.0, ""nstres"": 0.0}",0.0,0.0,467.7161407470703,0.0,0.7634539604187012,0.0,,0.0,0.0,0.0,180.0,23.809320068359384,23.809320068359384,Leave_One_experiments/all_year_offline_schedule_search/daily_outputs/HLA/HLA_2020_HLA2020_normal_grid_S0028_daily.csv
HLA,HLA,Hailun,2020,Leave_One_experiments\wth_generated_qc\HLA\HLA2020.WTH,wet_year;nitrogen_stress_year;low_response_year,wet,HLA2020_normal_grid_S0028,pareto_balanced,2020-06-19,171,52,47,"{""sim_day"": 52.0, ""doy"": 171.0, ""topwt"": 514.8989105224609, ""grnwt"": 0.0, ""xlai"": 0.8253764510154724, ""totir"": 0.0, ""tofer"": NaN, ""swfac"": 0.0, ""nstres"": 0.0}",0.0,0.0,514.8989105224609,0.0,0.8253764510154724,0.0,,0.0,0.0,0.0,180.0,23.809320068359384,23.809320068359384,Leave_One_experiments/all_year_offline_schedule_search/daily_outputs/HLA/HLA_2020_HLA2020_normal_grid_S0028_daily.csv
HLA,HLA,Hailun,2020,Leave_One_experiments\wth_generated_qc\HLA\HLA2020.WTH,wet_year;nitrogen_stress_year;low_response_year,wet,HLA2020_normal_grid_S0028,pareto_balanced,2020-06-20,172,53,48,"{""sim_day"": 53.0, ""doy"": 172.0, ""topwt"": 574.8830795288086, ""grnwt"": 0.0, ""xlai"": 0.9014487862586976, ""totir"": 0.0, ""tofer"": NaN, ""swfac"": 0.0, ""nstres"": 0.0}",0.0,0.0,574.8830795288086,0.0,0.9014487862586976,0.0,,0.0,0.0,0.0,180.0,23.809320068359384,23.809320068359384,Leave_One_experiments/all_year_offline_schedule_search/daily_outputs/HLA/HLA_2020_HLA2020_normal_grid_S0028_daily.csv
HLA,HLA,Hailun,2020,Leave_One_experiments\wth_generated_qc\HLA\HLA2020.WTH,wet_year;nitrogen_stress_year;low_response_year,wet,HLA2020_normal_grid_S0028,pareto_balanced,2020-06-21,173,54,49,"{""sim_day"": 54.0, ""doy"": 173.0, ""topwt"": 629.1987609863281, ""grnwt"": 0.0, ""xlai"": 0.968070387840271, ""totir"": 0.0, ""tofer"": NaN, ""swfac"": 0.0, ""nstres"": 0.0}",0.0,0.0,629.1987609863281,0.0,0.968070387840271,0.0,,0.0,0.0,0.0,180.0,23.809320068359384,23.809320068359384,Leave_One_experiments/all_year_offline_schedule_search/daily_outputs/HLA/HLA_2020_HLA2020_normal_grid_S0028_daily.csv
HLA,HLA,Hailun,2020,Leave_One_experiments\wth_generated_qc\HLA\HLA2020.WTH,wet_year;nitrogen_stress_year;low_response_year,wet,HLA2020_normal_grid_S0028,pareto_balanced,2020-06-22,174,55,50,"{""sim_day"": 55.0, ""doy"": 174.0, ""topwt"": 650.2721405029297, ""grnwt"": 0.0, ""xlai"": 0.9932542443275452, ""totir"": 0.0, ""tofer"": NaN, ""swfac"": 0.0, ""nstres"": 0.0}",0.0,0.0,650.2721405029297,0.0,0.9932542443275452,0.0,,0.0,0.0,0.0,180.0,23.809320068359384,23.809320068359384,Leave_One_experiments/all_year_offline_schedule_search/daily_outputs/HLA/HLA_2020_HLA2020_normal_grid_S0028_daily.csv
HLA,HLA,Hailun,2020,Leave_One_experiments\wth_generated_qc\HLA\HLA2020.WTH,wet_year;nitrogen_stress_year;low_response_year,wet,HLA2020_normal_grid_S0028,pareto_balanced,2020-06-23,175,56,51,"{""sim_day"": 56.0, ""doy"": 175.0, ""topwt"": 695.3731536865234, ""grnwt"": 0.0, ""xlai"": 1.0459606647491455, ""totir"": 0.0, ""tofer"": NaN, ""swfac"": 0.0, ""nstres"": 0.0}",0.0,0.0,695.3731536865234,0.0,1.0459606647491455,0.0,,0.0,0.0,0.0,180.0,23.809320068359384,23.809320068359384,Leave_One_experiments/all_year_offline_schedule_search/daily_outputs/HLA/HLA_2020_HLA2020_normal_grid_S0028_daily.csv
HLA,HLA,Hailun,2020,Leave_One_experiments\wth_generated_qc\HLA\HLA2020.WTH,wet_year;nitrogen_stress_year;low_response_year,wet,HLA2020_normal_grid_S0028,pareto_balanced,2020-06-24,176,57,52,"{""sim_day"": 57.0, ""doy"": 176.0, ""topwt"": 724.4708251953125, ""grnwt"": 0.0, ""xlai"": 1.0790200233459473, ""totir"": 0.0, ""tofer"": NaN, ""swfac"": 0.0, ""nstres"": 0.0}",0.0,0.0,724.4708251953125,0.0,1.0790200233459473,0.0,,0.0,0.0,0.0,180.0,23.809320068359384,23.809320068359384,Leave_One_experiments/all_year_offline_schedule_search/daily_outputs/HLA/HLA_2020_HLA2020_normal_grid_S0028_daily.csv
HLA,HLA,Hailun,2020,Leave_One_experiments\wth_generated_qc\HLA\HLA2020.WTH,wet_year;nitrogen_stress_year;low_response_year,wet,HLA2020_normal_grid_S0028,pareto_balanced,2020-06-25,177,58,53,"{""sim_day"": 58.0, ""doy"": 177.0, ""topwt"": 774.8342895507812, ""grnwt"": 0.0, ""xlai"": 1.1342763900756836, ""totir"": 0.0, ""tofer"": NaN, ""swfac"": 0.0, ""nstres"": 0.0}",0.0,0.0,774.8342895507812,0.0,1.1342763900756836,0.0,,0.0,0.0,0.0,180.0,23.809320068359384,23.809320068359384,Leave_One_experiments/all_year_offline_schedule_search/daily_outputs/HLA/HLA_2020_HLA2020_normal_grid_S0028_daily.csv
HLA,HLA,Hailun,2020,Leave_One_experiments\wth_generated_qc\HLA\HLA2020.WTH,wet_year;nitrogen_stress_year;low_response_year,wet,HLA2020_normal_grid_S0028,pareto_balanced,2020-06-26,178,59,54,"{""sim_day"": 59.0, ""doy"": 178.0, ""topwt"": 809.7885131835938, ""grnwt"": 0.0, ""xlai"": 1.1711429357528689, ""totir"": 0.0, ""tofer"": NaN, ""swfac"": 0.0, ""nstres"": 0.0}",0.0,0.0,809.7885131835938,0.0,1.1711429357528689,0.0,,0.0,0.0,0.0,180.0,23.809320068359384,23.809320068359384,Leave_One_experiments/all_year_offline_schedule_search/daily_outputs/HLA/HLA_2020_HLA2020_normal_grid_S0028_daily.csv
HLA,HLA,Hailun,2020,Leave_One_experiments\wth_generated_qc\HLA\HLA2020.WTH,wet_year;nitrogen_stress_year;low_response_year,wet,HLA2020_normal_grid_S0028,pareto_balanced,2020-06-27,179,60,55,"{""sim_day"": 60.0, ""doy"": 179.0, ""topwt"": 844.6044921875, ""grnwt"": 0.0, ""xlai"": 1.2064388990402222, ""totir"": 0.0, ""tofer"": NaN, ""swfac"": 0.0, ""nstres"": 0.0}",0.0,0.0,844.6044921875,0.0,1.2064388990402222,0.0,,0.0,0.0,0.0,180.0,23.809320068359384,23.809320068359384,Leave_One_experiments/all_year_offline_schedule_search/daily_outputs/HLA/HLA_2020_HLA2020_normal_grid_S0028_daily.csv
HLA,HLA,Hailun,2020,Leave_One_experiments\wth_generated_qc\HLA\HLA2020.WTH,wet_year;nitrogen_stress_year;low_response_year,wet,HLA2020_normal_grid_S0028,pareto_balanced,2020-06-28,180,61,56,"{""sim_day"": 61.0, ""doy"": 180.0, ""topwt"": 889.5282745361328, ""grnwt"": 0.0, ""xlai"": 1.2502351999282837, ""totir"": 0.0, ""tofer"": NaN, ""swfac"": 0.0, ""nstres"": 0.0}",0.0,0.0,889.5282745361328,0.0,1.2502351999282837,0.0,,0.0,0.0,0.0,180.0,23.809320068359384,23.809320068359384,Leave_One_experiments/all_year_offline_schedule_search/daily_outputs/HLA/HLA_2020_HLA2020_normal_grid_S0028_daily.csv
HLA,HLA,Hailun,2020,Leave_One_experiments\wth_generated_qc\HLA\HLA2020.WTH,wet_year;nitrogen_stress_year;low_response_year,wet,HLA2020_normal_grid_S0028,pareto_balanced,2020-06-29,181,62,57,"{""sim_day"": 62.0, ""doy"": 181.0, ""topwt"": 968.1336212158204, ""grnwt"": 0.0, ""xlai"": 1.3230191469192505, ""totir"": 0.0, ""tofer"": NaN, ""swfac"": 0.0, ""nstres"": 0.0}",0.0,0.0,968.1336212158204,0.0,1.3230191469192505,0.0,,0.0,0.0,0.0,180.0,23.809320068359384,23.809320068359384,Leave_One_experiments/all_year_offline_schedule_search/daily_outputs/HLA/HLA_2020_HLA2020_normal_grid_S0028_daily.csv
HLA,HLA,Hailun,2020,Leave_One_experiments\wth_generated_qc\HLA\HLA2020.WTH,wet_year;nitrogen_stress_year;low_response_year,wet,HLA2020_normal_grid_S0028,pareto_balanced,2020-06-30,182,63,58,"{""sim_day"": 63.0, ""doy"": 182.0, ""topwt"": 1093.311767578125, ""grnwt"": 0.0, ""xlai"": 1.431938409805298, ""totir"": 0.0, ""tofer"": NaN, ""swfac"": 0.0, ""nstres"": 0.0}",0.0,0.0,1093.311767578125,0.0,1.431938409805298,0.0,,0.0,0.0,0.0,180.0,23.809320068359384,23.809320068359384,Leave_One_experiments/all_year_offline_schedule_search/daily_outputs/HLA/HLA_2020_HLA2020_normal_grid_S0028_daily.csv
HLA,HLA,Hailun,2020,Leave_One_experiments\wth_generated_qc\HLA\HLA2020.WTH,wet_year;nitrogen_stress_year;low_response_year,wet,HLA2020_normal_grid_S0028,pareto_balanced,2020-07-01,183,64,59,"{""sim_day"": 64.0, ""doy"": 183.0, ""topwt"": 1235.1841735839844, ""grnwt"": 0.0, ""xlai"": 1.5473295450210571, ""totir"": 0.0, ""tofer"": NaN, ""swfac"": 0.0, ""nstres"": 0.0}",0.0,0.0,1235.1841735839844,0.0,1.5473295450210571,0.0,,0.0,0.0,0.0,180.0,23.809320068359384,23.809320068359384,Leave_One_experiments/all_year_offline_schedule_search/daily_outputs/HLA/HLA_2020_HLA2020_normal_grid_S0028_daily.csv
HLA,HLA,Hailun,2020,Leave_One_experiments\wth_generated_qc\HLA\HLA2020.WTH,wet_year;nitrogen_stress_year;low_response_year,wet,HLA2020_normal_grid_S0028,pareto_balanced,2020-07-02,184,65,60,"{""sim_day"": 65.0, ""doy"": 184.0, ""topwt"": 1400.0958251953125, ""grnwt"": 0.0, ""xlai"": 1.6720757484436035, ""totir"": 0.0, ""tofer"": NaN, ""swfac"": 0.0, ""nstres"": 0.0}",0.0,0.0,1400.0958251953125,0.0,1.6720757484436035,0.0,,0.0,50.0,0.0,180.0,23.809320068359384,23.809320068359384,Leave_One_experiments/all_year_offline_schedule_search/daily_outputs/HLA/HLA_2020_HLA2020_normal_grid_S0028_daily.csv
HLA,HLA,Hailun,2020,Leave_One_experiments\wth_generated_qc\HLA\HLA2020.WTH,wet_year;nitrogen_stress_year;low_response_year,wet,HLA2020_normal_grid_S0028,pareto_balanced,2020-07-03,185,66,61,"{""sim_day"": 66.0, ""doy"": 185.0, ""topwt"": 1566.6145324707031, ""grnwt"": 0.0, ""xlai"": 1.7895692586898804, ""totir"": 0.0, ""tofer"": NaN, ""swfac"": 0.0, ""nstres"": 0.0}",0.0,0.0,1566.6145324707031,0.0,1.7895692586898804,0.0,,0.0,0.0,0.0,180.0,23.809320068359384,23.809320068359384,Leave_One_experiments/all_year_offline_schedule_search/daily_outputs/HLA/HLA_2020_HLA2020_normal_grid_S0028_daily.csv
HLA,HLA,Hailun,2020,Leave_One_experiments\wth_generated_qc\HLA\HLA2020.WTH,wet_year;nitrogen_stress_year;low_response_year,wet,HLA2020_normal_grid_S0028,pareto_balanced,2020-07-04,186,67,62,"{""sim_day"": 67.0, ""doy"": 186.0, ""topwt"": 1724.5338439941406, ""grnwt"": 0.0, ""xlai"": 1.8942666053771973, ""totir"": 0.0, ""tofer"": NaN, ""swfac"": 0.0, ""nstres"": 0.0}",0.0,0.0,1724.5338439941406,0.0,1.8942666053771973,0.0,,0.0,0.0,0.0,180.0,23.809320068359384,23.809320068359384,Leave_One_experiments/all_year_offline_schedule_search/daily_outputs/HLA/HLA_2020_HLA2020_normal_grid_S0028_daily.csv
HLA,HLA,Hailun,2020,Leave_One_experiments\wth_generated_qc\HLA\HLA2020.WTH,wet_year;nitrogen_stress_year;low_response_year,wet,HLA2020_normal_grid_S0028,pareto_balanced,2020-07-05,187,68,63,"{""sim_day"": 68.0, ""doy"": 187.0, ""topwt"": 1891.807556152344, ""grnwt"": 0.0, ""xlai"": 1.9986218214035036, ""totir"": 0.0, ""tofer"": NaN, ""swfac"": 0.0, ""nstres"": 0.0}",0.0,0.0,1891.807556152344,0.0,1.9986218214035036,0.0,,0.0,0.0,0.0,180.0,23.809320068359384,23.809320068359384,Leave_One_experiments/all_year_offline_schedule_search/daily_outputs/HLA/HLA_2020_HLA2020_normal_grid_S0028_daily.csv
HLA,HLA,Hailun,2020,Leave_One_experiments\wth_generated_qc\HLA\HLA2020.WTH,wet_year;nitrogen_stress_year;low_response_year,wet,HLA2020_normal_grid_S0028,pareto_balanced,2020-07-06,188,69,64,"{""sim_day"": 69.0, ""doy"": 188.0, ""topwt"": 2025.8665466308596, ""grnwt"": 0.0, ""xlai"": 2.078320026397705, ""totir"": 0.0, ""tofer"": NaN, ""swfac"": 0.0, ""nstres"": 0.0}",0.0,0.0,2025.8665466308596,0.0,2.078320026397705,0.0,,0.0,0.0,0.0,180.0,23.809320068359384,23.809320068359384,Leave_One_experiments/all_year_offline_schedule_search/daily_outputs/HLA/HLA_2020_HLA2020_normal_grid_S0028_daily.csv
HLA,HLA,Hailun,2020,Leave_One_experiments\wth_generated_qc\HLA\HLA2020.WTH,wet_year;nitrogen_stress_year;low_response_year,wet,HLA2020_normal_grid_S0028,pareto_balanced,2020-07-07,189,70,65,"{""sim_day"": 70.0, ""doy"": 189.0, ""topwt"": 2176.388397216797, ""grnwt"": 0.0, ""xlai"": 2.163555383682251, ""totir"": 0.0, ""tofer"": NaN, ""swfac"": 0.0, ""nstres"": 0.0}",0.0,0.0,2176.388397216797,0.0,2.163555383682251,0.0,,0.0,0.0,0.0,180.0,23.809320068359384,23.809320068359384,Leave_One_experiments/all_year_offline_schedule_search/daily_outputs/HLA/HLA_2020_HLA2020_normal_grid_S0028_daily.csv
HLA,HLA,Hailun,2020,Leave_One_experiments\wth_generated_qc\HLA\HLA2020.WTH,wet_year;nitrogen_stress_year;low_response_year,wet,HLA2020_normal_grid_S0028,pareto_balanced,2020-07-08,190,71,66,"{""sim_day"": 71.0, ""doy"": 190.0, ""topwt"": 2368.900756835937, ""grnwt"": 0.0, ""xlai"": 2.2663848400115967, ""totir"": 0.0, ""tofer"": NaN, ""swfac"": 0.0, ""nstres"": 0.0}",0.0,0.0,2368.900756835937,0.0,2.2663848400115967,0.0,,0.0,0.0,0.0,180.0,23.809320068359384,23.809320068359384,Leave_One_experiments/all_year_offline_schedule_search/daily_outputs/HLA/HLA_2020_HLA2020_normal_grid_S0028_daily.csv
HLA,HLA,Hailun,2020,Leave_One_experiments\wth_generated_qc\HLA\HLA2020.WTH,wet_year;nitrogen_stress_year;low_response_year,wet,HLA2020_normal_grid_S0028,pareto_balanced,2020-07-09,191,72,67,"{""sim_day"": 72.0, ""doy"": 191.0, ""topwt"": 2602.606201171875, ""grnwt"": 0.0, ""xlai"": 2.383317470550537, ""totir"": 0.0, ""tofer"": NaN, ""swfac"": 0.0, ""nstres"": 0.0}",0.0,0.0,2602.606201171875,0.0,2.383317470550537,0.0,,0.0,0.0,0.0,180.0,23.809320068359384,23.809320068359384,Leave_One_experiments/all_year_offline_schedule_search/daily_outputs/HLA/HLA_2020_HLA2020_normal_grid_S0028_daily.csv
HLA,HLA,Hailun,2020,Leave_One_experiments\wth_generated_qc\HLA\HLA2020.WTH,wet_year;nitrogen_stress_year;low_response_year,wet,HLA2020_normal_grid_S0028,pareto_balanced,2020-07-10,192,73,68,"{""sim_day"": 73.0, ""doy"": 192.0, ""topwt"": 2848.0679321289062, ""grnwt"": 0.0, ""xlai"": 2.498429536819458, ""totir"": 0.0, ""tofer"": NaN, ""swfac"": 0.0, ""nstres"": 0.0}",0.0,0.0,2848.0679321289062,0.0,2.498429536819458,0.0,,0.0,0.0,0.0,180.0,23.809320068359384,23.809320068359384,Leave_One_experiments/all_year_offline_schedule_search/daily_outputs/HLA/HLA_2020_HLA2020_normal_grid_S0028_daily.csv
HLA,HLA,Hailun,2020,Leave_One_experiments\wth_generated_qc\HLA\HLA2020.WTH,wet_year;nitrogen_stress_year;low_response_year,wet,HLA2020_normal_grid_S0028,pareto_balanced,2020-07-11,193,74,69,"{""sim_day"": 74.0, ""doy"": 193.0, ""topwt"": 3283.729248046875, ""grnwt"": 0.0, ""xlai"": 2.7909841537475586, ""totir"": 0.0, ""tofer"": NaN, ""swfac"": 0.0, ""nstres"": 0.0}",0.0,0.0,3283.729248046875,0.0,2.7909841537475586,0.0,,0.0,0.0,0.0,180.0,23.809320068359384,23.809320068359384,Leave_One_experiments/all_year_offline_schedule_search/daily_outputs/HLA/HLA_2020_HLA2020_normal_grid_S0028_daily.csv
HLA,HLA,Hailun,2020,Leave_One_experiments\wth_generated_qc\HLA\HLA2020.WTH,wet_year;nitrogen_stress_year;low_response_year,wet,HLA2020_normal_grid_S0028,pareto_balanced,2020-07-12,194,75,70,"{""sim_day"": 75.0, ""doy"": 194.0, ""topwt"": 3672.98828125, ""grnwt"": 0.0, ""xlai"": 2.9697048664093018, ""totir"": 0.0, ""tofer"": NaN, ""swfac"": 0.0, ""nstres"": 0.0}",0.0,0.0,3672.98828125,0.0,2.9697048664093018,0.0,,0.0,0.0,0.0,180.0,23.809320068359384,23.809320068359384,Leave_One_experiments/all_year_offline_schedule_search/daily_outputs/HLA/HLA_2020_HLA2020_normal_grid_S0028_daily.csv
HLA,HLA,Hailun,2020,Leave_One_experiments\wth_generated_qc\HLA\HLA2020.WTH,wet_year;nitrogen_stress_year;low_response_year,wet,HLA2020_normal_grid_S0028,pareto_balanced,2020-07-13,195,76,71,"{""sim_day"": 76.0, ""doy"": 195.0, ""topwt"": 4016.633911132813, ""grnwt"": 0.0, ""xlai"": 3.102115631103516, ""totir"": 0.0, ""tofer"": NaN, ""swfac"": 0.0, ""nstres"": 0.0}",0.0,0.0,4016.633911132813,0.0,3.102115631103516,0.0,,0.0,0.0,0.0,180.0,23.809320068359384,23.809320068359384,Leave_One_experiments/all_year_offline_schedule_search/daily_outputs/HLA/HLA_2020_HLA2020_normal_grid_S0028_daily.csv
HLA,HLA,Hailun,2020,Leave_One_experiments\wth_generated_qc\HLA\HLA2020.WTH,wet_year;nitrogen_stress_year;low_response_year,wet,HLA2020_normal_grid_S0028,pareto_balanced,2020-07-14,196,77,72,"{""sim_day"": 77.0, ""doy"": 196.0, ""topwt"": 4338.44482421875, ""grnwt"": 0.0, ""xlai"": 3.212122917175293, ""totir"": 0.0, ""tofer"": NaN, ""swfac"": 0.0, ""nstres"": 0.0}",0.0,0.0,4338.44482421875,0.0,3.212122917175293,0.0,,0.0,0.0,0.0,180.0,23.809320068359384,23.809320068359384,Leave_One_experiments/all_year_offline_schedule_search/daily_outputs/HLA/HLA_2020_HLA2020_normal_grid_S0028_daily.csv
HLA,HLA,Hailun,2020,Leave_One_experiments\wth_generated_qc\HLA\HLA2020.WTH,wet_year;nitrogen_stress_year;low_response_year,wet,HLA2020_normal_grid_S0028,pareto_balanced,2020-07-15,197,78,73,"{""sim_day"": 78.0, ""doy"": 197.0, ""topwt"": 4648.33251953125, ""grnwt"": 0.0, ""xlai"": 3.3086960315704346, ""totir"": 0.0, ""tofer"": NaN, ""swfac"": 0.0, ""nstres"": 0.0}",0.0,0.0,4648.33251953125,0.0,3.3086960315704346,0.0,,0.0,0.0,0.0,180.0,23.809320068359384,23.809320068359384,Leave_One_experiments/all_year_offline_schedule_search/daily_outputs/HLA/HLA_2020_HLA2020_normal_grid_S0028_daily.csv
HLA,HLA,Hailun,2020,Leave_One_experiments\wth_generated_qc\HLA\HLA2020.WTH,wet_year;nitrogen_stress_year;low_response_year,wet,HLA2020_normal_grid_S0028,pareto_balanced,2020-07-16,198,79,74,"{""sim_day"": 79.0, ""doy"": 198.0, ""topwt"": 4956.7510986328125, ""grnwt"": 0.0, ""xlai"": 3.3976593017578125, ""totir"": 0.0, ""tofer"": NaN, ""swfac"": 0.0, ""nstres"": 0.0}",0.0,0.0,4956.7510986328125,0.0,3.3976593017578125,0.0,,0.0,0.0,0.0,180.0,23.809320068359384,23.809320068359384,Leave_One_experiments/all_year_offline_schedule_search/daily_outputs/HLA/HLA_2020_HLA2020_normal_grid_S0028_daily.csv
HLA,HLA,Hailun,2020,Leave_One_experiments\wth_generated_qc\HLA\HLA2020.WTH,wet_year;nitrogen_stress_year;low_response_year,wet,HLA2020_normal_grid_S0028,pareto_balanced,2020-07-17,199,80,75,"{""sim_day"": 80.0, ""doy"": 199.0, ""topwt"": 5256.080932617188, ""grnwt"": 0.0, ""xlai"": 3.4785635471343994, ""totir"": 0.0, ""tofer"": NaN, ""swfac"": 0.0, ""nstres"": 0.0}",0.0,0.0,5256.080932617188,0.0,3.4785635471343994,0.0,,0.0,0.0,0.0,180.0,23.809320068359384,23.809320068359384,Leave_One_experiments/all_year_offline_schedule_search/daily_outputs/HLA/HLA_2020_HLA2020_normal_grid_S0028_daily.csv
HLA,HLA,Hailun,2020,Leave_One_experiments\wth_generated_qc\HLA\HLA2020.WTH,wet_year;nitrogen_stress_year;low_response_year,wet,HLA2020_normal_grid_S0028,pareto_balanced,2020-07-18,200,81,76,"{""sim_day"": 81.0, ""doy"": 200.0, ""topwt"": 5438.081665039063, ""grnwt"": 0.0, ""xlai"": 3.525327682495117, ""totir"": 0.0, ""tofer"": NaN, ""swfac"": 0.0, ""nstres"": 0.0}",0.0,0.0,5438.081665039063,0.0,3.525327682495117,0.0,,0.0,0.0,0.0,180.0,23.809320068359384,23.809320068359384,Leave_One_experiments/all_year_offline_schedule_search/daily_outputs/HLA/HLA_2020_HLA2020_normal_grid_S0028_daily.csv
HLA,HLA,Hailun,2020,Leave_One_experiments\wth_generated_qc\HLA\HLA2020.WTH,wet_year;nitrogen_stress_year;low_response_year,wet,HLA2020_normal_grid_S0028,pareto_balanced,2020-07-19,201,82,77,"{""sim_day"": 82.0, ""doy"": 201.0, ""topwt"": 5644.951171875, ""grnwt"": 0.0, ""xlai"": 3.576604127883911, ""totir"": 0.0, ""tofer"": NaN, ""swfac"": 0.0, ""nstres"": 0.0}",0.0,0.0,5644.951171875,0.0,3.576604127883911,0.0,,0.0,0.0,0.0,180.0,23.809320068359384,23.809320068359384,Leave_One_experiments/all_year_offline_schedule_search/daily_outputs/HLA/HLA_2020_HLA2020_normal_grid_S0028_daily.csv
HLA,HLA,Hailun,2020,Leave_One_experiments\wth_generated_qc\HLA\HLA2020.WTH,wet_year;nitrogen_stress_year;low_response_year,wet,HLA2020_normal_grid_S0028,pareto_balanced,2020-07-20,202,83,78,"{""sim_day"": 83.0, ""doy"": 202.0, ""topwt"": 5835.205078125, ""grnwt"": 0.0, ""xlai"": 3.6220972537994394, ""totir"": 0.0, ""tofer"": NaN, ""swfac"": 0.0, ""nstres"": 0.0}",0.0,0.0,5835.205078125,0.0,3.6220972537994394,0.0,,0.0,0.0,0.0,180.0,23.809320068359384,23.809320068359384,Leave_One_experiments/all_year_offline_schedule_search/daily_outputs/HLA/HLA_2020_HLA2020_normal_grid_S0028_daily.csv
HLA,HLA,Hailun,2020,Leave_One_experiments\wth_generated_qc\HLA\HLA2020.WTH,wet_year;nitrogen_stress_year;low_response_year,wet,HLA2020_normal_grid_S0028,pareto_balanced,2020-07-21,203,84,79,"{""sim_day"": 84.0, ""doy"": 203.0, ""topwt"": 6016.5863037109375, ""grnwt"": 0.0, ""xlai"": 3.665413618087769, ""totir"": 0.0, ""tofer"": NaN, ""swfac"": 0.0, ""nstres"": 0.0}",0.0,0.0,6016.5863037109375,0.0,3.665413618087769,0.0,,0.0,0.0,0.0,180.0,23.809320068359384,23.809320068359384,Leave_One_experiments/all_year_offline_schedule_search/daily_outputs/HLA/HLA_2020_HLA2020_normal_grid_S0028_daily.csv
HLA,HLA,Hailun,2020,Leave_One_experiments\wth_generated_qc\HLA\HLA2020.WTH,wet_year;nitrogen_stress_year;low_response_year,wet,HLA2020_normal_grid_S0028,pareto_balanced,2020-07-22,204,85,80,"{""sim_day"": 85.0, ""doy"": 204.0, ""topwt"": 6264.4427490234375, ""grnwt"": 0.0, ""xlai"": 3.7246792316436768, ""totir"": 0.0, ""tofer"": NaN, ""swfac"": 0.0, ""nstres"": 0.0}",0.0,0.0,6264.4427490234375,0.0,3.7246792316436768,0.0,,0.0,0.0,0.0,180.0,23.809320068359384,23.809320068359384,Leave_One_experiments/all_year_offline_schedule_search/daily_outputs/HLA/HLA_2020_HLA2020_normal_grid_S0028_daily.csv
HLA,HLA,Hailun,2020,Leave_One_experiments\wth_generated_qc\HLA\HLA2020.WTH,wet_year;nitrogen_stress_year;low_response_year,wet,HLA2020_normal_grid_S0028,pareto_balanced,2020-07-23,205,86,81,"{""sim_day"": 86.0, ""doy"": 205.0, ""topwt"": 6537.036743164063, ""grnwt"": 0.0, ""xlai"": 3.789819478988648, ""totir"": 0.0, ""tofer"": NaN, ""swfac"": 0.0, ""nstres"": 0.0}",0.0,0.0,6537.036743164063,0.0,3.789819478988648,0.0,,0.0,0.0,0.0,180.0,23.809320068359384,23.809320068359384,Leave_One_experiments/all_year_offline_schedule_search/daily_outputs/HLA/HLA_2020_HLA2020_normal_grid_S0028_daily.csv
HLA,HLA,Hailun,2020,Leave_One_experiments\wth_generated_qc\HLA\HLA2020.WTH,wet_year;nitrogen_stress_year;low_response_year,wet,HLA2020_normal_grid_S0028,pareto_balanced,2020-07-24,206,87,82,"{""sim_day"": 87.0, ""doy"": 206.0, ""topwt"": 6815.4296875, ""grnwt"": 0.0, ""xlai"": 3.856273651123047, ""totir"": 0.0, ""tofer"": NaN, ""swfac"": 0.0, ""nstres"": 0.0}",0.0,0.0,6815.4296875,0.0,3.856273651123047,0.0,,0.0,0.0,0.0,180.0,23.809320068359384,23.809320068359384,Leave_One_experiments/all_year_offline_schedule_search/daily_outputs/HLA/HLA_2020_HLA2020_normal_grid_S0028_daily.csv
HLA,HLA,Hailun,2020,Leave_One_experiments\wth_generated_qc\HLA\HLA2020.WTH,wet_year;nitrogen_stress_year;low_response_year,wet,HLA2020_normal_grid_S0028,pareto_balanced,2020-07-25,207,88,83,"{""sim_day"": 88.0, ""doy"": 207.0, ""topwt"": 7189.949951171875, ""grnwt"": 0.0, ""xlai"": 3.67901873588562, ""totir"": 0.0, ""tofer"": NaN, ""swfac"": 0.0, ""nstres"": 0.0}",0.0,0.0,7189.949951171875,0.0,3.67901873588562,0.0,,0.0,0.0,0.0,180.0,23.809320068359384,23.809320068359384,Leave_One_experiments/all_year_offline_schedule_search/daily_outputs/HLA/HLA_2020_HLA2020_normal_grid_S0028_daily.csv
HLA,HLA,Hailun,2020,Leave_One_experiments\wth_generated_qc\HLA\HLA2020.WTH,wet_year;nitrogen_stress_year;low_response_year,wet,HLA2020_normal_grid_S0028,pareto_balanced,2020-07-26,208,89,84,"{""sim_day"": 89.0, ""doy"": 208.0, ""topwt"": 7631.129150390625, ""grnwt"": 0.0, ""xlai"": 3.661192178726196, ""totir"": 0.0, ""tofer"": NaN, ""swfac"": 0.0, ""nstres"": 0.0}",0.0,0.0,7631.129150390625,0.0,3.661192178726196,0.0,,0.0,0.0,0.0,180.0,23.809320068359384,23.809320068359384,Leave_One_experiments/all_year_offline_schedule_search/daily_outputs/HLA/HLA_2020_HLA2020_normal_grid_S0028_daily.csv
HLA,HLA,Hailun,2020,Leave_One_experiments\wth_generated_qc\HLA\HLA2020.WTH,wet_year;nitrogen_stress_year;low_response_year,wet,HLA2020_normal_grid_S0028,pareto_balanced,2020-07-27,209,90,85,"{""sim_day"": 90.0, ""doy"": 209.0, ""topwt"": 8079.937744140625, ""grnwt"": 0.0, ""xlai"": 3.643850326538086, ""totir"": 0.0, ""tofer"": NaN, ""swfac"": 0.0, ""nstres"": 0.0}",0.0,0.0,8079.937744140625,0.0,3.643850326538086,0.0,,0.0,0.0,0.0,180.0,23.809320068359384,23.809320068359384,Leave_One_experiments/all_year_offline_schedule_search/daily_outputs/HLA/HLA_2020_HLA2020_normal_grid_S0028_daily.csv
HLA,HLA,Hailun,2020,Leave_One_experiments\wth_generated_qc\HLA\HLA2020.WTH,wet_year;nitrogen_stress_year;low_response_year,wet,HLA2020_normal_grid_S0028,pareto_balanced,2020-07-28,210,91,86,"{""sim_day"": 91.0, ""doy"": 210.0, ""topwt"": 8501.654052734375, ""grnwt"": 0.0, ""xlai"": 3.626944541931152, ""totir"": 0.0, ""tofer"": NaN, ""swfac"": 0.0, ""nstres"": 0.0}",0.0,0.0,8501.654052734375,0.0,3.626944541931152,0.0,,0.0,0.0,0.0,180.0,23.809320068359384,23.809320068359384,Leave_One_experiments/all_year_offline_schedule_search/daily_outputs/HLA/HLA_2020_HLA2020_normal_grid_S0028_daily.csv
HLA,HLA,Hailun,2020,Leave_One_experiments\wth_generated_qc\HLA\HLA2020.WTH,wet_year;nitrogen_stress_year;low_response_year,wet,HLA2020_normal_grid_S0028,pareto_balanced,2020-07-29,211,92,87,"{""sim_day"": 92.0, ""doy"": 211.0, ""topwt"": 8887.371215820312, ""grnwt"": 0.0, ""xlai"": 3.611152648925781, ""totir"": 0.0, ""tofer"": NaN, ""swfac"": 0.0, ""nstres"": 0.0}",0.0,0.0,8887.371215820312,0.0,3.611152648925781,0.0,,0.0,0.0,0.0,180.0,23.809320068359384,23.809320068359384,Leave_One_experiments/all_year_offline_schedule_search/daily_outputs/HLA/HLA_2020_HLA2020_normal_grid_S0028_daily.csv
HLA,HLA,Hailun,2020,Leave_One_experiments\wth_generated_qc\HLA\HLA2020.WTH,wet_year;nitrogen_stress_year;low_response_year,wet,HLA2020_normal_grid_S0028,pareto_balanced,2020-07-30,212,93,88,"{""sim_day"": 93.0, ""doy"": 212.0, ""topwt"": 9169.52880859375, ""grnwt"": 0.0, ""xlai"": 3.5950701236724854, ""totir"": 0.0, ""tofer"": NaN, ""swfac"": 0.0, ""nstres"": 0.0}",0.0,0.0,9169.52880859375,0.0,3.5950701236724854,0.0,,0.0,0.0,0.0,180.0,23.809320068359384,23.809320068359384,Leave_One_experiments/all_year_offline_schedule_search/daily_outputs/HLA/HLA_2020_HLA2020_normal_grid_S0028_daily.csv
HLA,HLA,Hailun,2020,Leave_One_experiments\wth_generated_qc\HLA\HLA2020.WTH,wet_year;nitrogen_stress_year;low_response_year,wet,HLA2020_normal_grid_S0028,pareto_balanced,2020-07-31,213,94,89,"{""sim_day"": 94.0, ""doy"": 213.0, ""topwt"": 9340.874633789062, ""grnwt"": 0.0, ""xlai"": 3.5782127380371094, ""totir"": 0.0, ""tofer"": NaN, ""swfac"": 0.0, ""nstres"": 0.0}",0.0,0.0,9340.874633789062,0.0,3.5782127380371094,0.0,,0.0,0.0,0.0,180.0,23.809320068359384,23.809320068359384,Leave_One_experiments/all_year_offline_schedule_search/daily_outputs/HLA/HLA_2020_HLA2020_normal_grid_S0028_daily.csv
HLA,HLA,Hailun,2020,Leave_One_experiments\wth_generated_qc\HLA\HLA2020.WTH,wet_year;nitrogen_stress_year;low_response_year,wet,HLA2020_normal_grid_S0028,pareto_balanced,2020-08-01,214,95,90,"{""sim_day"": 95.0, ""doy"": 214.0, ""topwt"": 9594.817504882812, ""grnwt"": 0.0, ""xlai"": 3.560919523239136, ""totir"": 0.0, ""tofer"": NaN, ""swfac"": 0.0, ""nstres"": 0.0}",0.0,0.0,9594.817504882812,0.0,3.560919523239136,0.0,,0.0,0.0,0.0,180.0,23.809320068359384,23.809320068359384,Leave_One_experiments/all_year_offline_schedule_search/daily_outputs/HLA/HLA_2020_HLA2020_normal_grid_S0028_daily.csv
HLA,HLA,Hailun,2020,Leave_One_experiments\wth_generated_qc\HLA\HLA2020.WTH,wet_year;nitrogen_stress_year;low_response_year,wet,HLA2020_normal_grid_S0028,pareto_balanced,2020-08-02,215,96,91,"{""sim_day"": 96.0, ""doy"": 215.0, ""topwt"": 9873.308715820312, ""grnwt"": 0.0, ""xlai"": 3.5461933612823486, ""totir"": 0.0, ""tofer"": NaN, ""swfac"": 0.0, ""nstres"": 0.0}",0.0,0.0,9873.308715820312,0.0,3.5461933612823486,0.0,,0.0,0.0,0.0,180.0,23.809320068359384,23.809320068359384,Leave_One_experiments/all_year_offline_schedule_search/daily_outputs/HLA/HLA_2020_HLA2020_normal_grid_S0028_daily.csv
HLA,HLA,Hailun,2020,Leave_One_experiments\wth_generated_qc\HLA\HLA2020.WTH,wet_year;nitrogen_stress_year;low_response_year,wet,HLA2020_normal_grid_S0028,pareto_balanced,2020-08-03,216,97,92,"{""sim_day"": 97.0, ""doy"": 216.0, ""topwt"": 9943.704833984377, ""grnwt"": 0.0, ""xlai"": 3.5333077907562256, ""totir"": 0.0, ""tofer"": NaN, ""swfac"": 0.0, ""nstres"": 0.0}",0.0,0.0,9943.704833984377,0.0,3.5333077907562256,0.0,,0.0,0.0,0.0,180.0,23.809320068359384,23.809320068359384,Leave_One_experiments/all_year_offline_schedule_search/daily_outputs/HLA/HLA_2020_HLA2020_normal_grid_S0028_daily.csv
HLA,HLA,Hailun,2020,Leave_One_experiments\wth_generated_qc\HLA\HLA2020.WTH,wet_year;nitrogen_stress_year;low_response_year,wet,HLA2020_normal_grid_S0028,pareto_balanced,2020-08-04,217,98,93,"{""sim_day"": 98.0, ""doy"": 217.0, ""topwt"": 10110.023193359377, ""grnwt"": 0.0, ""xlai"": 3.520277261734009, ""totir"": 0.0, ""tofer"": NaN, ""swfac"": 0.0, ""nstres"": 0.0}",0.0,0.0,10110.023193359377,0.0,3.520277261734009,0.0,,0.0,0.0,0.0,180.0,23.809320068359384,23.809320068359384,Leave_One_experiments/all_year_offline_schedule_search/daily_outputs/HLA/HLA_2020_HLA2020_normal_grid_S0028_daily.csv
HLA,HLA,Hailun,2020,Leave_One_experiments\wth_generated_qc\HLA\HLA2020.WTH,wet_year;nitrogen_stress_year;low_response_year,wet,HLA2020_normal_grid_S0028,pareto_balanced,2020-08-05,218,99,94,"{""sim_day"": 99.0, ""doy"": 218.0, ""topwt"": 10274.43359375, ""grnwt"": 164.4095230102539, ""xlai"": 3.439359664916992, ""totir"": 0.0, ""tofer"": NaN, ""swfac"": 0.0, ""nstres"": 0.0}",0.0,0.0,10274.43359375,164.4095230102539,3.439359664916992,0.0,,0.0,0.0,0.0,180.0,23.809320068359384,23.809320068359384,Leave_One_experiments/all_year_offline_schedule_search/daily_outputs/HLA/HLA_2020_HLA2020_normal_grid_S0028_daily.csv
HLA,HLA,Hailun,2020,Leave_One_experiments\wth_generated_qc\HLA\HLA2020.WTH,wet_year;nitrogen_stress_year;low_response_year,wet,HLA2020_normal_grid_S0028,pareto_balanced,2020-08-06,219,100,95,"{""sim_day"": 100.0, ""doy"": 219.0, ""topwt"": 10438.8427734375, ""grnwt"": 328.8190460205078, ""xlai"": 3.42867374420166, ""totir"": 0.0, ""tofer"": NaN, ""swfac"": 0.0, ""nstres"": 0.0}",0.0,0.0,10438.8427734375,328.8190460205078,3.42867374420166,0.0,,0.0,0.0,0.0,180.0,23.809320068359384,23.809320068359384,Leave_One_experiments/all_year_offline_schedule_search/daily_outputs/HLA/HLA_2020_HLA2020_normal_grid_S0028_daily.csv
HLA,HLA,Hailun,2020,Leave_One_experiments\wth_generated_qc\HLA\HLA2020.WTH,wet_year;nitrogen_stress_year;low_response_year,wet,HLA2020_normal_grid_S0028,pareto_balanced,2020-08-07,220,101,96,"{""sim_day"": 101.0, ""doy"": 220.0, ""topwt"": 10603.251953125, ""grnwt"": 493.2285690307617, ""xlai"": 3.418032646179199, ""totir"": 0.0, ""tofer"": NaN, ""swfac"": 0.0, ""nstres"": 0.0}",0.0,0.0,10603.251953125,493.2285690307617,3.418032646179199,0.0,,0.0,0.0,0.0,180.0,23.809320068359384,23.809320068359384,Leave_One_experiments/all_year_offline_schedule_search/daily_outputs/HLA/HLA_2020_HLA2020_normal_grid_S0028_daily.csv
HLA,HLA,Hailun,2020,Leave_One_experiments\wth_generated_qc\HLA\HLA2020.WTH,wet_year;nitrogen_stress_year;low_response_year,wet,HLA2020_normal_grid_S0028,pareto_balanced,2020-08-08,221,102,97,"{""sim_day"": 102.0, ""doy"": 221.0, ""topwt"": 10732.730712890623, ""grnwt"": 657.6380920410156, ""xlai"": 3.4040987491607666, ""totir"": 0.0, ""tofer"": NaN, ""swfac"": 0.0, ""nstres"": 0.0}",0.0,0.0,10732.730712890623,657.6380920410156,3.4040987491607666,0.0,,0.0,0.0,0.0,180.0,23.809320068359384,23.809320068359384,Leave_One_experiments/all_year_offline_schedule_search/daily_outputs/HLA/HLA_2020_HLA2020_normal_grid_S0028_daily.csv
HLA,HLA,Hailun,2020,Leave_One_experiments\wth_generated_qc\HLA\HLA2020.WTH,wet_year;nitrogen_stress_year;low_response_year,wet,HLA2020_normal_grid_S0028,pareto_balanced,2020-08-09,222,103,98,"{""sim_day"": 103.0, ""doy"": 222.0, ""topwt"": 10932.071533203123, ""grnwt"": 822.0475769042969, ""xlai"": 3.3850417137146, ""totir"": 0.0, ""tofer"": NaN, ""swfac"": 0.0, ""nstres"": 0.0}",0.0,0.0,10932.071533203123,822.0475769042969,3.3850417137146,0.0,,0.0,0.0,0.0,180.0,23.809320068359384,23.809320068359384,Leave_One_experiments/all_year_offline_schedule_search/daily_outputs/HLA/HLA_2020_HLA2020_normal_grid_S0028_daily.csv
HLA,HLA,Hailun,2020,Leave_One_experiments\wth_generated_qc\HLA\HLA2020.WTH,wet_year;nitrogen_stress_year;low_response_year,wet,HLA2020_normal_grid_S0028,pareto_balanced,2020-08-10,223,104,99,"{""sim_day"": 104.0, ""doy"": 223.0, ""topwt"": 11096.48193359375, ""grnwt"": 986.4571380615234, ""xlai"": 3.3656365871429443, ""totir"": 0.0, ""tofer"": NaN, ""swfac"": 0.0, ""nstres"": 0.0}",0.0,0.0,11096.48193359375,986.4571380615234,3.3656365871429443,0.0,,0.0,0.0,0.0,180.0,23.809320068359384,23.809320068359384,Leave_One_experiments/all_year_offline_schedule_search/daily_outputs/HLA/HLA_2020_HLA2020_normal_grid_S0028_daily.csv
HLA,HLA,Hailun,2020,Leave_One_experiments\wth_generated_qc\HLA\HLA2020.WTH,wet_year;nitrogen_stress_year;low_response_year,wet,HLA2020_normal_grid_S0028,pareto_balanced,2020-08-11,224,105,100,"{""sim_day"": 105.0, ""doy"": 224.0, ""topwt"": 11260.89111328125, ""grnwt"": 1150.86669921875, ""xlai"": 3.3468456268310547, ""totir"": 0.0, ""tofer"": NaN, ""swfac"": 0.0, ""nstres"": 0.0}",0.0,0.0,11260.89111328125,1150.86669921875,3.3468456268310547,0.0,,0.0,0.0,0.0,180.0,23.809320068359384,23.809320068359384,Leave_One_experiments/all_year_offline_schedule_search/daily_outputs/HLA/HLA_2020_HLA2020_normal_grid_S0028_daily.csv
HLA,HLA,Hailun,2020,Leave_One_experiments\wth_generated_qc\HLA\HLA2020.WTH,wet_year;nitrogen_stress_year;low_response_year,wet,HLA2020_normal_grid_S0028,pareto_balanced,2020-08-12,225,106,101,"{""sim_day"": 106.0, ""doy"": 225.0, ""topwt"": 11425.30029296875, ""grnwt"": 1315.2761840820312, ""xlai"": 3.328654527664185, ""totir"": 0.0, ""tofer"": NaN, ""swfac"": 0.0, ""nstres"": 0.0}",0.0,0.0,11425.30029296875,1315.2761840820312,3.328654527664185,0.0,,0.0,0.0,0.0,180.0,23.809320068359384,23.809320068359384,Leave_One_experiments/all_year_offline_schedule_search/daily_outputs/HLA/HLA_2020_HLA2020_normal_grid_S0028_daily.csv
HLA,HLA,Hailun,2020,Leave_One_experiments\wth_generated_qc\HLA\HLA2020.WTH,wet_year;nitrogen_stress_year;low_response_year,wet,HLA2020_normal_grid_S0028,pareto_balanced,2020-08-13,226,107,102,"{""sim_day"": 107.0, ""doy"": 226.0, ""topwt"": 11567.6123046875, ""grnwt"": 1479.6858215332031, ""xlai"": 3.307405710220337, ""totir"": 0.0, ""tofer"": NaN, ""swfac"": 0.0, ""nstres"": 0.0}",0.0,0.0,11567.6123046875,1479.6858215332031,3.307405710220337,0.0,,0.0,0.0,0.0,180.0,23.809320068359384,23.809320068359384,Leave_One_experiments/all_year_offline_schedule_search/daily_outputs/HLA/HLA_2020_HLA2020_normal_grid_S0028_daily.csv
HLA,HLA,Hailun,2020,Leave_One_experiments\wth_generated_qc\HLA\HLA2020.WTH,wet_year;nitrogen_stress_year;low_response_year,wet,HLA2020_normal_grid_S0028,pareto_balanced,2020-08-14,227,108,103,"{""sim_day"": 108.0, ""doy"": 227.0, ""topwt"": 11754.119873046877, ""grnwt"": 1644.0951538085938, ""xlai"": 3.283921003341675, ""totir"": 0.0, ""tofer"": NaN, ""swfac"": 0.0, ""nstres"": 0.0}",0.0,0.0,11754.119873046877,1644.0951538085938,3.283921003341675,0.0,,0.0,0.0,0.0,180.0,23.809320068359384,23.809320068359384,Leave_One_experiments/all_year_offline_schedule_search/daily_outputs/HLA/HLA_2020_HLA2020_normal_grid_S0028_daily.csv
HLA,HLA,Hailun,2020,Leave_One_experiments\wth_generated_qc\HLA\HLA2020.WTH,wet_year;nitrogen_stress_year;low_response_year,wet,HLA2020_normal_grid_S0028,pareto_balanced,2020-08-15,228,109,104,"{""sim_day"": 109.0, ""doy"": 228.0, ""topwt"": 11918.529052734377, ""grnwt"": 1808.504638671875, ""xlai"": 3.254798650741577, ""totir"": 0.0, ""tofer"": NaN, ""swfac"": 0.0, ""nstres"": 0.0}",0.0,0.0,11918.529052734377,1808.504638671875,3.254798650741577,0.0,,0.0,0.0,0.0,180.0,23.809320068359384,23.809320068359384,Leave_One_experiments/all_year_offline_schedule_search/daily_outputs/HLA/HLA_2020_HLA2020_normal_grid_S0028_daily.csv
HLA,HLA,Hailun,2020,Leave_One_experiments\wth_generated_qc\HLA\HLA2020.WTH,wet_year;nitrogen_stress_year;low_response_year,wet,HLA2020_normal_grid_S0028,pareto_balanced,2020-08-16,229,110,105,"{""sim_day"": 110.0, ""doy"": 229.0, ""topwt"": 12082.939453125, ""grnwt"": 1972.914123535156, ""xlai"": 3.2215123176574707, ""totir"": 0.0, ""tofer"": NaN, ""swfac"": 0.0, ""nstres"": 0.0}",0.0,0.0,12082.939453125,1972.914123535156,3.2215123176574707,0.0,,0.0,0.0,0.0,180.0,23.809320068359384,23.809320068359384,Leave_One_experiments/all_year_offline_schedule_search/daily_outputs/HLA/HLA_2020_HLA2020_normal_grid_S0028_daily.csv
HLA,HLA,Hailun,2020,Leave_One_experiments\wth_generated_qc\HLA\HLA2020.WTH,wet_year;nitrogen_stress_year;low_response_year,wet,HLA2020_normal_grid_S0028,pareto_balanced,2020-08-17,230,111,106,"{""sim_day"": 111.0, ""doy"": 230.0, ""topwt"": 12247.3486328125, ""grnwt"": 2137.323608398437, ""xlai"": 3.1868464946746826, ""totir"": 0.0, ""tofer"": NaN, ""swfac"": 0.0, ""nstres"": 0.0}",0.0,0.0,12247.3486328125,2137.323608398437,3.1868464946746826,0.0,,0.0,0.0,0.0,180.0,23.809320068359384,23.809320068359384,Leave_One_experiments/all_year_offline_schedule_search/daily_outputs/HLA/HLA_2020_HLA2020_normal_grid_S0028_daily.csv
HLA,HLA,Hailun,2020,Leave_One_experiments\wth_generated_qc\HLA\HLA2020.WTH,wet_year;nitrogen_stress_year;low_response_year,wet,HLA2020_normal_grid_S0028,pareto_balanced,2020-08-18,231,112,107,"{""sim_day"": 112.0, ""doy"": 231.0, ""topwt"": 12411.7578125, ""grnwt"": 2301.7330932617188, ""xlai"": 3.16117525100708, ""totir"": 0.0, ""tofer"": NaN, ""swfac"": 0.0, ""nstres"": 0.0}",0.0,0.0,12411.7578125,2301.7330932617188,3.16117525100708,0.0,,0.0,0.0,0.0,180.0,23.809320068359384,23.809320068359384,Leave_One_experiments/all_year_offline_schedule_search/daily_outputs/HLA/HLA_2020_HLA2020_normal_grid_S0028_daily.csv
HLA,HLA,Hailun,2020,Leave_One_experiments\wth_generated_qc\HLA\HLA2020.WTH,wet_year;nitrogen_stress_year;low_response_year,wet,HLA2020_normal_grid_S0028,pareto_balanced,2020-08-19,232,113,108,"{""sim_day"": 113.0, ""doy"": 232.0, ""topwt"": 12561.292724609377, ""grnwt"": 2451.2673950195312, ""xlai"": 3.140005588531494, ""totir"": 0.0, ""tofer"": NaN, ""swfac"": 0.0, ""nstres"": 0.0}",0.0,0.0,12561.292724609377,2451.2673950195312,3.140005588531494,0.0,,0.0,0.0,0.0,180.0,23.809320068359384,23.809320068359384,Leave_One_experiments/all_year_offline_schedule_search/daily_outputs/HLA/HLA_2020_HLA2020_normal_grid_S0028_daily.csv
HLA,HLA,Hailun,2020,Leave_One_experiments\wth_generated_qc\HLA\HLA2020.WTH,wet_year;nitrogen_stress_year;low_response_year,wet,HLA2020_normal_grid_S0028,pareto_balanced,2020-08-20,233,114,109,"{""sim_day"": 114.0, ""doy"": 233.0, ""topwt"": 12725.701904296877, ""grnwt"": 2615.6768798828125, ""xlai"": 3.111611604690552, ""totir"": 0.0, ""tofer"": NaN, ""swfac"": 0.0, ""nstres"": 0.0}",0.0,0.0,12725.701904296877,2615.6768798828125,3.111611604690552,0.0,,0.0,0.0,0.0,180.0,23.809320068359384,23.809320068359384,Leave_One_experiments/all_year_offline_schedule_search/daily_outputs/HLA/HLA_2020_HLA2020_normal_grid_S0028_daily.csv
HLA,HLA,Hailun,2020,Leave_One_experiments\wth_generated_qc\HLA\HLA2020.WTH,wet_year;nitrogen_stress_year;low_response_year,wet,HLA2020_normal_grid_S0028,pareto_balanced,2020-08-21,234,115,110,"{""sim_day"": 115.0, ""doy"": 234.0, ""topwt"": 12890.1123046875, ""grnwt"": 2780.0863647460938, ""xlai"": 3.07666563987732, ""totir"": 0.0, ""tofer"": NaN, ""swfac"": 0.0, ""nstres"": 0.0}",0.0,0.0,12890.1123046875,2780.0863647460938,3.07666563987732,0.0,,0.0,0.0,0.0,180.0,23.809320068359384,23.809320068359384,Leave_One_experiments/all_year_offline_schedule_search/daily_outputs/HLA/HLA_2020_HLA2020_normal_grid_S0028_daily.csv
HLA,HLA,Hailun,2020,Leave_One_experiments\wth_generated_qc\HLA\HLA2020.WTH,wet_year;nitrogen_stress_year;low_response_year,wet,HLA2020_normal_grid_S0028,pareto_balanced,2020-08-22,235,116,111,"{""sim_day"": 116.0, ""doy"": 235.0, ""topwt"": 13054.521484375, ""grnwt"": 2944.495849609375, ""xlai"": 3.0335073471069336, ""totir"": 0.0, ""tofer"": NaN, ""swfac"": 0.0, ""nstres"": 0.0}",0.0,0.0,13054.521484375,2944.495849609375,3.0335073471069336,0.0,,0.0,0.0,0.0,180.0,23.809320068359384,23.809320068359384,Leave_One_experiments/all_year_offline_schedule_search/daily_outputs/HLA/HLA_2020_HLA2020_normal_grid_S0028_daily.csv
HLA,HLA,Hailun,2020,Leave_One_experiments\wth_generated_qc\HLA\HLA2020.WTH,wet_year;nitrogen_stress_year;low_response_year,wet,HLA2020_normal_grid_S0028,pareto_balanced,2020-08-23,236,117,112,"{""sim_day"": 117.0, ""doy"": 236.0, ""topwt"": 13120.8349609375, ""grnwt"": 3108.905334472656, ""xlai"": 2.990504503250122, ""totir"": 0.0, ""tofer"": NaN, ""swfac"": 0.0, ""nstres"": 0.0042909383773803}",0.0,0.0042909383773803,13120.8349609375,3108.905334472656,2.990504503250122,0.0,,0.0,0.0,0.0,180.0,23.809320068359384,23.809320068359384,Leave_One_experiments/all_year_offline_schedule_search/daily_outputs/HLA/HLA_2020_HLA2020_normal_grid_S0028_daily.csv
HLA,HLA,Hailun,2020,Leave_One_experiments\wth_generated_qc\HLA\HLA2020.WTH,wet_year;nitrogen_stress_year;low_response_year,wet,HLA2020_normal_grid_S0028,pareto_balanced,2020-08-24,237,118,113,"{""sim_day"": 118.0, ""doy"": 237.0, ""topwt"": 13302.98828125, ""grnwt"": 3273.314819335937, ""xlai"": 2.9373109340667725, ""totir"": 0.0, ""tofer"": NaN, ""swfac"": 0.0, ""nstres"": 0.0142154097557067}",0.0,0.0142154097557067,13302.98828125,3273.314819335937,2.9373109340667725,0.0,,0.0,0.0,0.0,180.0,23.809320068359384,23.809320068359384,Leave_One_experiments/all_year_offline_schedule_search/daily_outputs/HLA/HLA_2020_HLA2020_normal_grid_S0028_daily.csv
HLA,HLA,Hailun,2020,Leave_One_experiments\wth_generated_qc\HLA\HLA2020.WTH,wet_year;nitrogen_stress_year;low_response_year,wet,HLA2020_normal_grid_S0028,pareto_balanced,2020-08-25,238,119,114,"{""sim_day"": 119.0, ""doy"": 238.0, ""topwt"": 13547.75146484375, ""grnwt"": 3437.7243041992188, ""xlai"": 2.8843886852264404, ""totir"": 0.0, ""tofer"": NaN, ""swfac"": 0.0, ""nstres"": 0.015554666519165}",0.0,0.015554666519165,13547.75146484375,3437.7243041992188,2.8843886852264404,0.0,,0.0,0.0,0.0,180.0,23.809320068359384,23.809320068359384,Leave_One_experiments/all_year_offline_schedule_search/daily_outputs/HLA/HLA_2020_HLA2020_normal_grid_S0028_daily.csv
HLA,HLA,Hailun,2020,Leave_One_experiments\wth_generated_qc\HLA\HLA2020.WTH,wet_year;nitrogen_stress_year;low_response_year,wet,HLA2020_normal_grid_S0028,pareto_balanced,2020-08-26,239,120,115,"{""sim_day"": 120.0, ""doy"": 239.0, ""topwt"": 13678.88427734375, ""grnwt"": 3602.1337890625, ""xlai"": 2.8249318599700928, ""totir"": 0.0, ""tofer"": NaN, ""swfac"": 0.0, ""nstres"": 0.0287173986434936}",0.0,0.0287173986434936,13678.88427734375,3602.1337890625,2.8249318599700928,0.0,,0.0,0.0,0.0,180.0,23.809320068359384,23.809320068359384,Leave_One_experiments/all_year_offline_schedule_search/daily_outputs/HLA/HLA_2020_HLA2020_normal_grid_S0028_daily.csv
HLA,HLA,Hailun,2020,Leave_One_experiments\wth_generated_qc\HLA\HLA2020.WTH,wet_year;nitrogen_stress_year;low_response_year,wet,HLA2020_normal_grid_S0028,pareto_balanced,2020-08-27,240,121,116,"{""sim_day"": 121.0, ""doy"": 240.0, ""topwt"": 13777.91748046875, ""grnwt"": 3766.5435791015625, ""xlai"": 2.781019687652588, ""totir"": 0.0, ""tofer"": NaN, ""swfac"": 0.0, ""nstres"": 0.050899863243103}",0.0,0.050899863243103,13777.91748046875,3766.5435791015625,2.781019687652588,0.0,,0.0,0.0,0.0,180.0,23.809320068359384,23.809320068359384,Leave_One_experiments/all_year_offline_schedule_search/daily_outputs/HLA/HLA_2020_HLA2020_normal_grid_S0028_daily.csv
HLA,HLA,Hailun,2020,Leave_One_experiments\wth_generated_qc\HLA\HLA2020.WTH,wet_year;nitrogen_stress_year;low_response_year,wet,HLA2020_normal_grid_S0028,pareto_balanced,2020-08-28,241,122,117,"{""sim_day"": 122.0, ""doy"": 241.0, ""topwt"": 13887.412109375, ""grnwt"": 3930.953369140625, ""xlai"": 2.740757703781128, ""totir"": 0.0, ""tofer"": NaN, ""swfac"": 0.0, ""nstres"": 0.0626821517944336}",0.0,0.0626821517944336,13887.412109375,3930.953369140625,2.740757703781128,0.0,,0.0,0.0,0.0,180.0,23.809320068359384,23.809320068359384,Leave_One_experiments/all_year_offline_schedule_search/daily_outputs/HLA/HLA_2020_HLA2020_normal_grid_S0028_daily.csv
HLA,HLA,Hailun,2020,Leave_One_experiments\wth_generated_qc\HLA\HLA2020.WTH,wet_year;nitrogen_stress_year;low_response_year,wet,HLA2020_normal_grid_S0028,pareto_balanced,2020-08-29,242,123,118,"{""sim_day"": 123.0, ""doy"": 242.0, ""topwt"": 13997.120361328123, ""grnwt"": 4095.362854003906, ""xlai"": 2.6963837146759038, ""totir"": 0.0, ""tofer"": NaN, ""swfac"": 0.0, ""nstres"": 0.0711855292320251}",0.0,0.0711855292320251,13997.120361328123,4095.362854003906,2.6963837146759038,0.0,,0.0,0.0,0.0,180.0,23.809320068359384,23.809320068359384,Leave_One_experiments/all_year_offline_schedule_search/daily_outputs/HLA/HLA_2020_HLA2020_normal_grid_S0028_daily.csv
HLA,HLA,Hailun,2020,Leave_One_experiments\wth_generated_qc\HLA\HLA2020.WTH,wet_year;nitrogen_stress_year;low_response_year,wet,HLA2020_normal_grid_S0028,pareto_balanced,2020-08-30,243,124,119,"{""sim_day"": 124.0, ""doy"": 243.0, ""topwt"": 14113.70849609375, ""grnwt"": 4259.772338867188, ""xlai"": 2.636637926101685, ""totir"": 0.0, ""tofer"": NaN, ""swfac"": 0.0, ""nstres"": 0.0796095728874206}",0.0,0.0796095728874206,14113.70849609375,4259.772338867188,2.636637926101685,0.0,,0.0,0.0,0.0,180.0,23.809320068359384,23.809320068359384,Leave_One_experiments/all_year_offline_schedule_search/daily_outputs/HLA/HLA_2020_HLA2020_normal_grid_S0028_daily.csv
HLA,HLA,Hailun,2020,Leave_One_experiments\wth_generated_qc\HLA\HLA2020.WTH,wet_year;nitrogen_stress_year;low_response_year,wet,HLA2020_normal_grid_S0028,pareto_balanced,2020-08-31,244,125,120,"{""sim_day"": 125.0, ""doy"": 244.0, ""topwt"": 14305.693359375, ""grnwt"": 4424.18212890625, ""xlai"": 2.5618183612823486, ""totir"": 0.0, ""tofer"": NaN, ""swfac"": 0.0, ""nstres"": 0.0871925354003906}",0.0,0.0871925354003906,14305.693359375,4424.18212890625,2.5618183612823486,0.0,,0.0,0.0,0.0,180.0,23.809320068359384,23.809320068359384,Leave_One_experiments/all_year_offline_schedule_search/daily_outputs/HLA/HLA_2020_HLA2020_normal_grid_S0028_daily.csv
HLA,HLA,Hailun,2020,Leave_One_experiments\wth_generated_qc\HLA\HLA2020.WTH,wet_year;nitrogen_stress_year;low_response_year,wet,HLA2020_normal_grid_S0028,pareto_balanced,2020-09-01,245,126,121,"{""sim_day"": 126.0, ""doy"": 245.0, ""topwt"": 14554.991455078123, ""grnwt"": 4588.5919189453125, ""xlai"": 2.4842703342437744, ""totir"": 0.0, ""tofer"": NaN, ""swfac"": 0.0, ""nstres"": 0.0964837074279785}",0.0,0.0964837074279785,14554.991455078123,4588.5919189453125,2.4842703342437744,0.0,,0.0,0.0,0.0,180.0,23.809320068359384,23.809320068359384,Leave_One_experiments/all_year_offline_schedule_search/daily_outputs/HLA/HLA_2020_HLA2020_normal_grid_S0028_daily.csv
HLA,HLA,Hailun,2020,Leave_One_experiments\wth_generated_qc\HLA\HLA2020.WTH,wet_year;nitrogen_stress_year;low_response_year,wet,HLA2020_normal_grid_S0028,pareto_balanced,2020-09-02,246,127,122,"{""sim_day"": 127.0, ""doy"": 246.0, ""topwt"": 14603.896484375, ""grnwt"": 4753.001403808594, ""xlai"": 2.4322452545166016, ""totir"": 0.0, ""tofer"": NaN, ""swfac"": 0.0, ""nstres"": 0.1160171031951904}",0.0,0.1160171031951904,14603.896484375,4753.001403808594,2.4322452545166016,0.0,,0.0,0.0,0.0,180.0,23.809320068359384,23.809320068359384,Leave_One_experiments/all_year_offline_schedule_search/daily_outputs/HLA/HLA_2020_HLA2020_normal_grid_S0028_daily.csv
HLA,HLA,Hailun,2020,Leave_One_experiments\wth_generated_qc\HLA\HLA2020.WTH,wet_year;nitrogen_stress_year;low_response_year,wet,HLA2020_normal_grid_S0028,pareto_balanced,2020-09-03,247,128,123,"{""sim_day"": 128.0, ""doy"": 247.0, ""topwt"": 14677.06787109375, ""grnwt"": 4917.410888671875, ""xlai"": 2.375830888748169, ""totir"": 0.0, ""tofer"": NaN, ""swfac"": 0.0, ""nstres"": 0.1391801238059997}",0.0,0.1391801238059997,14677.06787109375,4917.410888671875,2.375830888748169,0.0,,0.0,0.0,0.0,180.0,23.809320068359384,23.809320068359384,Leave_One_experiments/all_year_offline_schedule_search/daily_outputs/HLA/HLA_2020_HLA2020_normal_grid_S0028_daily.csv
HLA,HLA,Hailun,2020,Leave_One_experiments\wth_generated_qc\HLA\HLA2020.WTH,wet_year;nitrogen_stress_year;low_response_year,wet,HLA2020_normal_grid_S0028,pareto_balanced,2020-09-04,248,129,124,"{""sim_day"": 129.0, ""doy"": 248.0, ""topwt"": 14887.15576171875, ""grnwt"": 5081.8206787109375, ""xlai"": 2.3017613887786865, ""totir"": 0.0, ""tofer"": NaN, ""swfac"": 0.0, ""nstres"": 0.1428890228271484}",0.0,0.1428890228271484,14887.15576171875,5081.8206787109375,2.3017613887786865,0.0,,0.0,0.0,0.0,180.0,23.809320068359384,23.809320068359384,Leave_One_experiments/all_year_offline_schedule_search/daily_outputs/HLA/HLA_2020_HLA2020_normal_grid_S0028_daily.csv
HLA,HLA,Hailun,2020,Leave_One_experiments\wth_generated_qc\HLA\HLA2020.WTH,wet_year;nitrogen_stress_year;low_response_year,wet,HLA2020_normal_grid_S0028,pareto_balanced,2020-09-05,249,130,125,"{""sim_day"": 130.0, ""doy"": 249.0, ""topwt"": 15073.931884765623, ""grnwt"": 5246.23046875, ""xlai"": 2.222686529159546, ""totir"": 0.0, ""tofer"": NaN, ""swfac"": 0.0, ""nstres"": 0.1505663394927978}",0.0,0.1505663394927978,15073.931884765623,5246.23046875,2.222686529159546,0.0,,0.0,0.0,0.0,180.0,23.809320068359384,23.809320068359384,Leave_One_experiments/all_year_offline_schedule_search/daily_outputs/HLA/HLA_2020_HLA2020_normal_grid_S0028_daily.csv
HLA,HLA,Hailun,2020,Leave_One_experiments\wth_generated_qc\HLA\HLA2020.WTH,wet_year;nitrogen_stress_year;low_response_year,wet,HLA2020_normal_grid_S0028,pareto_balanced,2020-09-06,250,131,126,"{""sim_day"": 131.0, ""doy"": 250.0, ""topwt"": 15262.412109375, ""grnwt"": 5410.6396484375, ""xlai"": 2.147244453430176, ""totir"": 0.0, ""tofer"": NaN, ""swfac"": 0.0, ""nstres"": 0.1712564826011657}",0.0,0.1712564826011657,15262.412109375,5410.6396484375,2.147244453430176,0.0,,0.0,0.0,0.0,180.0,23.809320068359384,23.809320068359384,Leave_One_experiments/all_year_offline_schedule_search/daily_outputs/HLA/HLA_2020_HLA2020_normal_grid_S0028_daily.csv
HLA,HLA,Hailun,2020,Leave_One_experiments\wth_generated_qc\HLA\HLA2020.WTH,wet_year;nitrogen_stress_year;low_response_year,wet,HLA2020_normal_grid_S0028,pareto_balanced,2020-09-07,251,132,127,"{""sim_day"": 132.0, ""doy"": 251.0, ""topwt"": 15286.9873046875, ""grnwt"": 5575.0494384765625, ""xlai"": 2.076564311981201, ""totir"": 0.0, ""tofer"": NaN, ""swfac"": 0.0, ""nstres"": 0.1899802684783935}",0.0,0.1899802684783935,15286.9873046875,5575.0494384765625,2.076564311981201,0.0,,0.0,0.0,0.0,180.0,23.809320068359384,23.809320068359384,Leave_One_experiments/all_year_offline_schedule_search/daily_outputs/HLA/HLA_2020_HLA2020_normal_grid_S0028_daily.csv
HLA,HLA,Hailun,2020,Leave_One_experiments\wth_generated_qc\HLA\HLA2020.WTH,wet_year;nitrogen_stress_year;low_response_year,wet,HLA2020_normal_grid_S0028,pareto_balanced,2020-09-08,252,133,128,"{""sim_day"": 133.0, ""doy"": 252.0, ""topwt"": 15456.4501953125, ""grnwt"": 5739.459228515625, ""xlai"": 2.0010547637939453, ""totir"": 0.0, ""tofer"": NaN, ""swfac"": 0.0, ""nstres"": 0.2219634056091308}",0.0,0.2219634056091308,15456.4501953125,5739.459228515625,2.0010547637939453,0.0,,0.0,0.0,0.0,180.0,23.809320068359384,23.809320068359384,Leave_One_experiments/all_year_offline_schedule_search/daily_outputs/HLA/HLA_2020_HLA2020_normal_grid_S0028_daily.csv
HLA,HLA,Hailun,2020,Leave_One_experiments\wth_generated_qc\HLA\HLA2020.WTH,wet_year;nitrogen_stress_year;low_response_year,wet,HLA2020_normal_grid_S0028,pareto_balanced,2020-09-09,253,134,129,"{""sim_day"": 134.0, ""doy"": 253.0, ""topwt"": 15621.61376953125, ""grnwt"": 5903.869018554688, ""xlai"": 1.928658127784729, ""totir"": 0.0, ""tofer"": NaN, ""swfac"": 0.0, ""nstres"": 0.2367691397666931}",0.0,0.2367691397666931,15621.61376953125,5903.869018554688,1.928658127784729,0.0,,0.0,0.0,0.0,180.0,23.809320068359384,23.809320068359384,Leave_One_experiments/all_year_offline_schedule_search/daily_outputs/HLA/HLA_2020_HLA2020_normal_grid_S0028_daily.csv
HLA,HLA,Hailun,2020,Leave_One_experiments\wth_generated_qc\HLA\HLA2020.WTH,wet_year;nitrogen_stress_year;low_response_year,wet,HLA2020_normal_grid_S0028,pareto_balanced,2020-09-10,254,135,130,"{""sim_day"": 135.0, ""doy"": 254.0, ""topwt"": 15819.49462890625, ""grnwt"": 6068.27880859375, ""xlai"": 1.8619896173477173, ""totir"": 0.0, ""tofer"": NaN, ""swfac"": 0.0, ""nstres"": 0.290893018245697}",0.0,0.290893018245697,15819.49462890625,6068.27880859375,1.8619896173477173,0.0,,0.0,0.0,0.0,180.0,23.809320068359384,23.809320068359384,Leave_One_experiments/all_year_offline_schedule_search/daily_outputs/HLA/HLA_2020_HLA2020_normal_grid_S0028_daily.csv
HLA,HLA,Hailun,2020,Leave_One_experiments\wth_generated_qc\HLA\HLA2020.WTH,wet_year;nitrogen_stress_year;low_response_year,wet,HLA2020_normal_grid_S0028,pareto_balanced,2020-09-11,255,136,131,"{""sim_day"": 136.0, ""doy"": 255.0, ""topwt"": 16007.2021484375, ""grnwt"": 6232.68798828125, ""xlai"": 1.7925782203674316, ""totir"": 0.0, ""tofer"": NaN, ""swfac"": 0.0, ""nstres"": 0.3424650430679321}",0.0,0.3424650430679321,16007.2021484375,6232.68798828125,1.7925782203674316,0.0,,0.0,0.0,0.0,180.0,23.809320068359384,23.809320068359384,Leave_One_experiments/all_year_offline_schedule_search/daily_outputs/HLA/HLA_2020_HLA2020_normal_grid_S0028_daily.csv
HLA,HLA,Hailun,2020,Leave_One_experiments\wth_generated_qc\HLA\HLA2020.WTH,wet_year;nitrogen_stress_year;low_response_year,wet,HLA2020_normal_grid_S0028,pareto_balanced,2020-09-12,256,137,132,"{""sim_day"": 137.0, ""doy"": 256.0, ""topwt"": 16139.3310546875, ""grnwt"": 6397.0977783203125, ""xlai"": 1.722111701965332, ""totir"": 0.0, ""tofer"": NaN, ""swfac"": 0.0, ""nstres"": 0.4004204273223877}",0.0,0.4004204273223877,16139.3310546875,6397.0977783203125,1.722111701965332,0.0,,0.0,0.0,0.0,180.0,23.809320068359384,23.809320068359384,Leave_One_experiments/all_year_offline_schedule_search/daily_outputs/HLA/HLA_2020_HLA2020_normal_grid_S0028_daily.csv
HLA,HLA,Hailun,2020,Leave_One_experiments\wth_generated_qc\HLA\HLA2020.WTH,wet_year;nitrogen_stress_year;low_response_year,wet,HLA2020_normal_grid_S0028,pareto_balanced,2020-09-13,257,138,133,"{""sim_day"": 138.0, ""doy"": 257.0, ""topwt"": 16254.981689453123, ""grnwt"": 6561.507568359375, ""xlai"": 1.640993356704712, ""totir"": 0.0, ""tofer"": NaN, ""swfac"": 0.0, ""nstres"": 0.4530020356178283}",0.0,0.4530020356178283,16254.981689453123,6561.507568359375,1.640993356704712,0.0,,0.0,0.0,0.0,180.0,23.809320068359384,23.809320068359384,Leave_One_experiments/all_year_offline_schedule_search/daily_outputs/HLA/HLA_2020_HLA2020_normal_grid_S0028_daily.csv
HLA,HLA,Hailun,2020,Leave_One_experiments\wth_generated_qc\HLA\HLA2020.WTH,wet_year;nitrogen_stress_year;low_response_year,wet,HLA2020_normal_grid_S0028,pareto_balanced,2020-09-14,258,139,134,"{""sim_day"": 139.0, ""doy"": 258.0, ""topwt"": 16364.89013671875, ""grnwt"": 6720.43701171875, ""xlai"": 1.5697189569473269, ""totir"": 0.0, ""tofer"": NaN, ""swfac"": 0.0, ""nstres"": 0.4926211833953857}",0.0,0.4926211833953857,16364.89013671875,6720.43701171875,1.5697189569473269,0.0,,0.0,0.0,0.0,180.0,23.809320068359384,23.809320068359384,Leave_One_experiments/all_year_offline_schedule_search/daily_outputs/HLA/HLA_2020_HLA2020_normal_grid_S0028_daily.csv
HLA,HLA,Hailun,2020,Leave_One_experiments\wth_generated_qc\HLA\HLA2020.WTH,wet_year;nitrogen_stress_year;low_response_year,wet,HLA2020_normal_grid_S0028,pareto_balanced,2020-09-15,259,140,135,"{""sim_day"": 140.0, ""doy"": 259.0, ""topwt"": 16384.112548828125, ""grnwt"": 6880.9320068359375, ""xlai"": 1.49566650390625, ""totir"": 0.0, ""tofer"": NaN, ""swfac"": 0.0, ""nstres"": 0.5262001156806946}",0.0,0.5262001156806946,16384.112548828125,6880.9320068359375,1.49566650390625,0.0,,0.0,0.0,0.0,180.0,23.809320068359384,23.809320068359384,Leave_One_experiments/all_year_offline_schedule_search/daily_outputs/HLA/HLA_2020_HLA2020_normal_grid_S0028_daily.csv
HLA,HLA,Hailun,2020,Leave_One_experiments\wth_generated_qc\HLA\HLA2020.WTH,wet_year;nitrogen_stress_year;low_response_year,wet,HLA2020_normal_grid_S0028,pareto_balanced,2020-09-16,260,141,136,"{""sim_day"": 141.0, ""doy"": 260.0, ""topwt"": 16384.112548828125, ""grnwt"": 6880.9320068359375, ""xlai"": 1.49566650390625, ""totir"": 0.0, ""tofer"": NaN, ""swfac"": 0.0, ""nstres"": 0.5606867074966431}",0.0,0.5606867074966431,16384.112548828125,6880.9320068359375,1.49566650390625,0.0,,0.0,0.0,0.0,180.0,23.809320068359384,23.809320068359384,Leave_One_experiments/all_year_offline_schedule_search/daily_outputs/HLA/HLA_2020_HLA2020_normal_grid_S0028_daily.csv
HLA,HLA,Hailun,2020,Leave_One_experiments\wth_generated_qc\HLA\HLA2020.WTH,wet_year;nitrogen_stress_year;low_response_year,wet,HLA2020_normal_grid_S0028,pareto_balanced,2020-09-17,261,142,137,"{""sim_day"": 142.0, ""doy"": 261.0, ""topwt"": 16384.112548828125, ""grnwt"": 6880.9320068359375, ""xlai"": 1.49566650390625, ""totir"": 0.0, ""tofer"": NaN, ""swfac"": 0.0, ""nstres"": 0.5606867074966431}",0.0,0.5606867074966431,16384.112548828125,6880.9320068359375,1.49566650390625,0.0,,0.0,0.0,0.0,180.0,23.809320068359384,23.809320068359384,Leave_One_experiments/all_year_offline_schedule_search/daily_outputs/HLA/HLA_2020_HLA2020_normal_grid_S0028_daily.csv
HLA,HLA,Hailun,2020,Leave_One_experiments\wth_generated_qc\HLA\HLA2020.WTH,wet_year;nitrogen_stress_year;low_response_year,wet,HLA2020_normal_grid_S0028,pareto_balanced,2020-09-18,262,143,138,"{""sim_day"": 143.0, ""doy"": 262.0, ""topwt"": 16384.112548828125, ""grnwt"": 6880.9320068359375, ""xlai"": 1.49566650390625, ""totir"": 0.0, ""tofer"": NaN, ""swfac"": 0.0, ""nstres"": 0.5606867074966431}",0.0,0.5606867074966431,16384.112548828125,6880.9320068359375,1.49566650390625,0.0,,0.0,0.0,0.0,180.0,23.809320068359384,23.809320068359384,Leave_One_experiments/all_year_offline_schedule_search/daily_outputs/HLA/HLA_2020_HLA2020_normal_grid_S0028_daily.csv
HLA,HLA,Hailun,2020,Leave_One_experiments\wth_generated_qc\HLA\HLA2020.WTH,wet_year;nitrogen_stress_year;low_response_year,wet,HLA2020_normal_grid_S0028,pareto_balanced,2020-09-19,263,144,139,"{""sim_day"": 144.0, ""doy"": 263.0, ""topwt"": 16384.112548828125, ""grnwt"": 6880.9320068359375, ""xlai"": 1.49566650390625, ""totir"": 0.0, ""tofer"": NaN, ""swfac"": 0.0, ""nstres"": 0.5606867074966431}",0.0,0.5606867074966431,16384.112548828125,6880.9320068359375,1.49566650390625,0.0,,0.0,0.0,0.0,180.0,23.809320068359384,23.809320068359384,Leave_One_experiments/all_year_offline_schedule_search/daily_outputs/HLA/HLA_2020_HLA2020_normal_grid_S0028_daily.csv
HLA,HLA,Hailun,2020,Leave_One_experiments\wth_generated_qc\HLA\HLA2020.WTH,wet_year;nitrogen_stress_year;low_response_year,wet,HLA2020_normal_grid_S0028,pareto_balanced,2020-09-20,264,145,140,"{""sim_day"": 145.0, ""doy"": 264.0, ""topwt"": 16384.112548828125, ""grnwt"": 6880.9320068359375, ""xlai"": 1.49566650390625, ""totir"": 0.0, ""tofer"": NaN, ""swfac"": 0.0, ""nstres"": 0.5606867074966431}",0.0,0.5606867074966431,16384.112548828125,6880.9320068359375,1.49566650390625,0.0,,0.0,0.0,0.0,180.0,23.809320068359384,23.809320068359384,Leave_One_experiments/all_year_offline_schedule_search/daily_outputs/HLA/HLA_2020_HLA2020_normal_grid_S0028_daily.csv
HLA,HLA,Hailun,2020,Leave_One_experiments\wth_generated_qc\HLA\HLA2020.WTH,wet_year;nitrogen_stress_year;low_response_year,wet,HLA2020_normal_grid_S0028,pareto_balanced,2020-09-21,265,146,141,"{""sim_day"": 146.0, ""doy"": 265.0, ""topwt"": 16384.112548828125, ""grnwt"": 6880.9320068359375, ""xlai"": 1.49566650390625, ""totir"": 0.0, ""tofer"": NaN, ""swfac"": 0.0, ""nstres"": 0.5606867074966431}",0.0,0.5606867074966431,16384.112548828125,6880.9320068359375,1.49566650390625,0.0,,0.0,0.0,0.0,180.0,23.809320068359384,23.809320068359384,Leave_One_experiments/all_year_offline_schedule_search/daily_outputs/HLA/HLA_2020_HLA2020_normal_grid_S0028_daily.csv
HLA,HLA,Hailun,2020,Leave_One_experiments\wth_generated_qc\HLA\HLA2020.WTH,wet_year;nitrogen_stress_year;low_response_year,wet,HLA2020_normal_grid_S0028,pareto_balanced,2020-09-22,266,147,142,"{""sim_day"": 147.0, ""doy"": 266.0, ""topwt"": 16384.112548828125, ""grnwt"": 6880.9320068359375, ""xlai"": 1.49566650390625, ""totir"": 0.0, ""tofer"": NaN, ""swfac"": 0.0, ""nstres"": 0.5606867074966431}",0.0,0.5606867074966431,16384.112548828125,6880.9320068359375,1.49566650390625,0.0,,0.0,0.0,0.0,180.0,23.809320068359384,23.809320068359384,Leave_One_experiments/all_year_offline_schedule_search/daily_outputs/HLA/HLA_2020_HLA2020_normal_grid_S0028_daily.csv
HLA,HLA,Hailun,2021,Leave_One_experiments\wth_generated_qc\HLA\HLA2021.WTH,wet_year;nitrogen_stress_year;low_response_year,wet,HLA2021_normal_grid_S0013,irrigation_positive_candidate,2021-05-05,125,1,1,"{""sim_day"": 1.0, ""doy"": 125.0, ""topwt"": 0.0, ""grnwt"": 0.0, ""xlai"": 0.0, ""totir"": 0.0, ""tofer"": NaN, ""swfac"": 0.0, ""nstres"": 0.0}",0.0,0.0,0.0,0.0,0.0,0.0,,0.0,50.0,30.0,150.0,-2.256878662109372,9.743121337890628,Leave_One_experiments/all_year_offline_schedule_search/daily_outputs/HLA/HLA_2021_HLA2021_normal_grid_S0013_daily.csv
HLA,HLA,Hailun,2021,Leave_One_experiments\wth_generated_qc\HLA\HLA2021.WTH,wet_year;nitrogen_stress_year;low_response_year,wet,HLA2021_normal_grid_S0013,irrigation_positive_candidate,2021-05-06,126,2,2,"{""sim_day"": 2.0, ""doy"": 126.0, ""topwt"": 0.0, ""grnwt"": 0.0, ""xlai"": 0.0, ""totir"": 0.0, ""tofer"": NaN, ""swfac"": 0.0, ""nstres"": 0.0}",0.0,0.0,0.0,0.0,0.0,0.0,,0.0,0.0,30.0,150.0,-2.256878662109372,9.743121337890628,Leave_One_experiments/all_year_offline_schedule_search/daily_outputs/HLA/HLA_2021_HLA2021_normal_grid_S0013_daily.csv
HLA,HLA,Hailun,2021,Leave_One_experiments\wth_generated_qc\HLA\HLA2021.WTH,wet_year;nitrogen_stress_year;low_response_year,wet,HLA2021_normal_grid_S0013,irrigation_positive_candidate,2021-05-07,127,3,3,"{""sim_day"": 3.0, ""doy"": 127.0, ""topwt"": 0.0, ""grnwt"": 0.0, ""xlai"": 0.0, ""totir"": 0.0, ""tofer"": NaN, ""swfac"": 0.0, ""nstres"": 0.0}",0.0,0.0,0.0,0.0,0.0,0.0,,0.0,0.0,30.0,150.0,-2.256878662109372,9.743121337890628,Leave_One_experiments/all_year_offline_schedule_search/daily_outputs/HLA/HLA_2021_HLA2021_normal_grid_S0013_daily.csv
HLA,HLA,Hailun,2021,Leave_One_experiments\wth_generated_qc\HLA\HLA2021.WTH,wet_year;nitrogen_stress_year;low_response_year,wet,HLA2021_normal_grid_S0013,irrigation_positive_candidate,2021-05-08,128,4,4,"{""sim_day"": 4.0, ""doy"": 128.0, ""topwt"": 0.0, ""grnwt"": 0.0, ""xlai"": 0.0, ""totir"": 0.0, ""tofer"": NaN, ""swfac"": 0.0, ""nstres"": 0.0}",0.0,0.0,0.0,0.0,0.0,0.0,,0.0,0.0,30.0,150.0,-2.256878662109372,9.743121337890628,Leave_One_experiments/all_year_offline_schedule_search/daily_outputs/HLA/HLA_2021_HLA2021_normal_grid_S0013_daily.csv
HLA,HLA,Hailun,2021,Leave_One_experiments\wth_generated_qc\HLA\HLA2021.WTH,wet_year;nitrogen_stress_year;low_response_year,wet,HLA2021_normal_grid_S0013,irrigation_positive_candidate,2021-05-09,129,5,5,"{""sim_day"": 5.0, ""doy"": 129.0, ""topwt"": 0.0, ""grnwt"": 0.0, ""xlai"": 0.0, ""totir"": 0.0, ""tofer"": NaN, ""swfac"": 0.0, ""nstres"": 0.0}",0.0,0.0,0.0,0.0,0.0,0.0,,0.0,0.0,30.0,150.0,-2.256878662109372,9.743121337890628,Leave_One_experiments/all_year_offline_schedule_search/daily_outputs/HLA/HLA_2021_HLA2021_normal_grid_S0013_daily.csv
HLA,HLA,Hailun,2021,Leave_One_experiments\wth_generated_qc\HLA\HLA2021.WTH,wet_year;nitrogen_stress_year;low_response_year,wet,HLA2021_normal_grid_S0013,irrigation_positive_candidate,2021-05-05,125,6,1,"{""sim_day"": 6.0, ""doy"": 125.0, ""topwt"": 0.0, ""grnwt"": 0.0, ""xlai"": 0.0, ""totir"": 0.0, ""tofer"": NaN, ""swfac"": 0.0, ""nstres"": 0.0}",0.0,0.0,0.0,0.0,0.0,0.0,,0.0,0.0,30.0,150.0,-2.256878662109372,9.743121337890628,Leave_One_experiments/all_year_offline_schedule_search/daily_outputs/HLA/HLA_2021_HLA2021_normal_grid_S0013_daily.csv
HLA,HLA,Hailun,2021,Leave_One_experiments\wth_generated_qc\HLA\HLA2021.WTH,wet_year;nitrogen_stress_year;low_response_year,wet,HLA2021_normal_grid_S0013,irrigation_positive_candidate,2021-05-06,126,7,2,"{""sim_day"": 7.0, ""doy"": 126.0, ""topwt"": 0.0, ""grnwt"": 0.0, ""xlai"": 0.0, ""totir"": 0.0, ""tofer"": NaN, ""swfac"": 0.0, ""nstres"": 0.0}",0.0,0.0,0.0,0.0,0.0,0.0,,0.0,0.0,30.0,150.0,-2.256878662109372,9.743121337890628,Leave_One_experiments/all_year_offline_schedule_search/daily_outputs/HLA/HLA_2021_HLA2021_normal_grid_S0013_daily.csv
HLA,HLA,Hailun,2021,Leave_One_experiments\wth_generated_qc\HLA\HLA2021.WTH,wet_year;nitrogen_stress_year;low_response_year,wet,HLA2021_normal_grid_S0013,irrigation_positive_candidate,2021-05-07,127,8,3,"{""sim_day"": 8.0, ""doy"": 127.0, ""topwt"": 0.0, ""grnwt"": 0.0, ""xlai"": 0.0, ""totir"": 0.0, ""tofer"": NaN, ""swfac"": 0.0, ""nstres"": 0.0}",0.0,0.0,0.0,0.0,0.0,0.0,,0.0,0.0,30.0,150.0,-2.256878662109372,9.743121337890628,Leave_One_experiments/all_year_offline_schedule_search/daily_outputs/HLA/HLA_2021_HLA2021_normal_grid_S0013_daily.csv
HLA,HLA,Hailun,2021,Leave_One_experiments\wth_generated_qc\HLA\HLA2021.WTH,wet_year;nitrogen_stress_year;low_response_year,wet,HLA2021_normal_grid_S0013,irrigation_positive_candidate,2021-05-08,128,9,4,"{""sim_day"": 9.0, ""doy"": 128.0, ""topwt"": 0.0, ""grnwt"": 0.0, ""xlai"": 0.0, ""totir"": 0.0, ""tofer"": NaN, ""swfac"": 0.0, ""nstres"": 0.0}",0.0,0.0,0.0,0.0,0.0,0.0,,0.0,0.0,30.0,150.0,-2.256878662109372,9.743121337890628,Leave_One_experiments/all_year_offline_schedule_search/daily_outputs/HLA/HLA_2021_HLA2021_normal_grid_S0013_daily.csv
HLA,HLA,Hailun,2021,Leave_One_experiments\wth_generated_qc\HLA\HLA2021.WTH,wet_year;nitrogen_stress_year;low_response_year,wet,HLA2021_normal_grid_S0013,irrigation_positive_candidate,2021-05-09,129,10,5,"{""sim_day"": 10.0, ""doy"": 129.0, ""topwt"": 0.0, ""grnwt"": 0.0, ""xlai"": 0.0, ""totir"": 0.0, ""tofer"": NaN, ""swfac"": 0.0, ""nstres"": 0.0}",0.0,0.0,0.0,0.0,0.0,0.0,,0.0,0.0,30.0,150.0,-2.256878662109372,9.743121337890628,Leave_One_experiments/all_year_offline_schedule_search/daily_outputs/HLA/HLA_2021_HLA2021_normal_grid_S0013_daily.csv
HLA,HLA,Hailun,2021,Leave_One_experiments\wth_generated_qc\HLA\HLA2021.WTH,wet_year;nitrogen_stress_year;low_response_year,wet,HLA2021_normal_grid_S0013,irrigation_positive_candidate,2021-05-10,130,11,6,"{""sim_day"": 11.0, ""doy"": 130.0, ""topwt"": 0.0, ""grnwt"": 0.0, ""xlai"": 0.0, ""totir"": 0.0, ""tofer"": NaN, ""swfac"": 0.0, ""nstres"": 0.0}",0.0,0.0,0.0,0.0,0.0,0.0,,0.0,0.0,30.0,150.0,-2.256878662109372,9.743121337890628,Leave_One_experiments/all_year_offline_schedule_search/daily_outputs/HLA/HLA_2021_HLA2021_normal_grid_S0013_daily.csv
HLA,HLA,Hailun,2021,Leave_One_experiments\wth_generated_qc\HLA\HLA2021.WTH,wet_year;nitrogen_stress_year;low_response_year,wet,HLA2021_normal_grid_S0013,irrigation_positive_candidate,2021-05-11,131,12,7,"{""sim_day"": 12.0, ""doy"": 131.0, ""topwt"": 0.0, ""grnwt"": 0.0, ""xlai"": 0.0, ""totir"": 0.0, ""tofer"": NaN, ""swfac"": 0.0, ""nstres"": 0.0}",0.0,0.0,0.0,0.0,0.0,0.0,,0.0,0.0,30.0,150.0,-2.256878662109372,9.743121337890628,Leave_One_experiments/all_year_offline_schedule_search/daily_outputs/HLA/HLA_2021_HLA2021_normal_grid_S0013_daily.csv
HLA,HLA,Hailun,2021,Leave_One_experiments\wth_generated_qc\HLA\HLA2021.WTH,wet_year;nitrogen_stress_year;low_response_year,wet,HLA2021_normal_grid_S0013,irrigation_positive_candidate,2021-05-12,132,13,8,"{""sim_day"": 13.0, ""doy"": 132.0, ""topwt"": 0.0, ""grnwt"": 0.0, ""xlai"": 0.0, ""totir"": 0.0, ""tofer"": NaN, ""swfac"": 0.0, ""nstres"": 0.0}",0.0,0.0,0.0,0.0,0.0,0.0,,0.0,0.0,30.0,150.0,-2.256878662109372,9.743121337890628,Leave_One_experiments/all_year_offline_schedule_search/daily_outputs/HLA/HLA_2021_HLA2021_normal_grid_S0013_daily.csv
HLA,HLA,Hailun,2021,Leave_One_experiments\wth_generated_qc\HLA\HLA2021.WTH,wet_year;nitrogen_stress_year;low_response_year,wet,HLA2021_normal_grid_S0013,irrigation_positive_candidate,2021-05-13,133,14,9,"{""sim_day"": 14.0, ""doy"": 133.0, ""topwt"": 0.0, ""grnwt"": 0.0, ""xlai"": 0.0, ""totir"": 0.0, ""tofer"": NaN, ""swfac"": 0.0, ""nstres"": 0.0}",0.0,0.0,0.0,0.0,0.0,0.0,,0.0,0.0,30.0,150.0,-2.256878662109372,9.743121337890628,Leave_One_experiments/all_year_offline_schedule_search/daily_outputs/HLA/HLA_2021_HLA2021_normal_grid_S0013_daily.csv
HLA,HLA,Hailun,2021,Leave_One_experiments\wth_generated_qc\HLA\HLA2021.WTH,wet_year;nitrogen_stress_year;low_response_year,wet,HLA2021_normal_grid_S0013,irrigation_positive_candidate,2021-05-14,134,15,10,"{""sim_day"": 15.0, ""doy"": 134.0, ""topwt"": 0.0, ""grnwt"": 0.0, ""xlai"": 0.0, ""totir"": 0.0, ""tofer"": NaN, ""swfac"": 0.0, ""nstres"": 0.0}",0.0,0.0,0.0,0.0,0.0,0.0,,0.0,0.0,30.0,150.0,-2.256878662109372,9.743121337890628,Leave_One_experiments/all_year_offline_schedule_search/daily_outputs/HLA/HLA_2021_HLA2021_normal_grid_S0013_daily.csv
HLA,HLA,Hailun,2021,Leave_One_experiments\wth_generated_qc\HLA\HLA2021.WTH,wet_year;nitrogen_stress_year;low_response_year,wet,HLA2021_normal_grid_S0013,irrigation_positive_candidate,2021-05-15,135,16,11,"{""sim_day"": 16.0, ""doy"": 135.0, ""topwt"": 0.0, ""grnwt"": 0.0, ""xlai"": 0.0, ""totir"": 0.0, ""tofer"": NaN, ""swfac"": 0.0, ""nstres"": 0.0}",0.0,0.0,0.0,0.0,0.0,0.0,,0.0,0.0,30.0,150.0,-2.256878662109372,9.743121337890628,Leave_One_experiments/all_year_offline_schedule_search/daily_outputs/HLA/HLA_2021_HLA2021_normal_grid_S0013_daily.csv
HLA,HLA,Hailun,2021,Leave_One_experiments\wth_generated_qc\HLA\HLA2021.WTH,wet_year;nitrogen_stress_year;low_response_year,wet,HLA2021_normal_grid_S0013,irrigation_positive_candidate,2021-05-16,136,17,12,"{""sim_day"": 17.0, ""doy"": 136.0, ""topwt"": 0.0, ""grnwt"": 0.0, ""xlai"": 0.0, ""totir"": 0.0, ""tofer"": NaN, ""swfac"": 0.0, ""nstres"": 0.0}",0.0,0.0,0.0,0.0,0.0,0.0,,0.0,0.0,30.0,150.0,-2.256878662109372,9.743121337890628,Leave_One_experiments/all_year_offline_schedule_search/daily_outputs/HLA/HLA_2021_HLA2021_normal_grid_S0013_daily.csv
HLA,HLA,Hailun,2021,Leave_One_experiments\wth_generated_qc\HLA\HLA2021.WTH,wet_year;nitrogen_stress_year;low_response_year,wet,HLA2021_normal_grid_S0013,irrigation_positive_candidate,2021-05-17,137,18,13,"{""sim_day"": 18.0, ""doy"": 137.0, ""topwt"": 20.0, ""grnwt"": 0.0, ""xlai"": 0.0029451723676174, ""totir"": 0.0, ""tofer"": NaN, ""swfac"": 0.0, ""nstres"": 0.0121910572052001}",0.0,0.0121910572052001,20.0,0.0,0.0029451723676174,0.0,,0.0,0.0,30.0,150.0,-2.256878662109372,9.743121337890628,Leave_One_experiments/all_year_offline_schedule_search/daily_outputs/HLA/HLA_2021_HLA2021_normal_grid_S0013_daily.csv
HLA,HLA,Hailun,2021,Leave_One_experiments\wth_generated_qc\HLA\HLA2021.WTH,wet_year;nitrogen_stress_year;low_response_year,wet,HLA2021_normal_grid_S0013,irrigation_positive_candidate,2021-05-18,138,19,14,"{""sim_day"": 19.0, ""doy"": 138.0, ""topwt"": 20.0, ""grnwt"": 0.0, ""xlai"": 0.0047085876576602, ""totir"": 0.0, ""tofer"": NaN, ""swfac"": 0.0, ""nstres"": 0.0137567520141601}",0.0,0.0137567520141601,20.0,0.0,0.0047085876576602,0.0,,0.0,0.0,30.0,150.0,-2.256878662109372,9.743121337890628,Leave_One_experiments/all_year_offline_schedule_search/daily_outputs/HLA/HLA_2021_HLA2021_normal_grid_S0013_daily.csv
HLA,HLA,Hailun,2021,Leave_One_experiments\wth_generated_qc\HLA\HLA2021.WTH,wet_year;nitrogen_stress_year;low_response_year,wet,HLA2021_normal_grid_S0013,irrigation_positive_candidate,2021-05-19,139,20,15,"{""sim_day"": 20.0, ""doy"": 139.0, ""topwt"": 20.0, ""grnwt"": 0.0, ""xlai"": 0.0071015935391187, ""totir"": 0.0, ""tofer"": NaN, ""swfac"": 0.0, ""nstres"": 0.0091074705123901}",0.0,0.0091074705123901,20.0,0.0,0.0071015935391187,0.0,,0.0,0.0,30.0,150.0,-2.256878662109372,9.743121337890628,Leave_One_experiments/all_year_offline_schedule_search/daily_outputs/HLA/HLA_2021_HLA2021_normal_grid_S0013_daily.csv
HLA,HLA,Hailun,2021,Leave_One_experiments\wth_generated_qc\HLA\HLA2021.WTH,wet_year;nitrogen_stress_year;low_response_year,wet,HLA2021_normal_grid_S0013,irrigation_positive_candidate,2021-05-20,140,21,16,"{""sim_day"": 21.0, ""doy"": 140.0, ""topwt"": 20.0, ""grnwt"": 0.0, ""xlai"": 0.0104569485411047, ""totir"": 0.0, ""tofer"": NaN, ""swfac"": 0.0, ""nstres"": 0.003299593925476}",0.0,0.003299593925476,20.0,0.0,0.0104569485411047,0.0,,0.0,0.0,30.0,150.0,-2.256878662109372,9.743121337890628,Leave_One_experiments/all_year_offline_schedule_search/daily_outputs/HLA/HLA_2021_HLA2021_normal_grid_S0013_daily.csv
HLA,HLA,Hailun,2021,Leave_One_experiments\wth_generated_qc\HLA\HLA2021.WTH,wet_year;nitrogen_stress_year;low_response_year,wet,HLA2021_normal_grid_S0013,irrigation_positive_candidate,2021-05-21,141,22,17,"{""sim_day"": 22.0, ""doy"": 141.0, ""topwt"": 20.0, ""grnwt"": 0.0, ""xlai"": 0.0150464139878749, ""totir"": 0.0, ""tofer"": NaN, ""swfac"": 0.0, ""nstres"": 0.0}",0.0,0.0,20.0,0.0,0.0150464139878749,0.0,,0.0,0.0,30.0,150.0,-2.256878662109372,9.743121337890628,Leave_One_experiments/all_year_offline_schedule_search/daily_outputs/HLA/HLA_2021_HLA2021_normal_grid_S0013_daily.csv
HLA,HLA,Hailun,2021,Leave_One_experiments\wth_generated_qc\HLA\HLA2021.WTH,wet_year;nitrogen_stress_year;low_response_year,wet,HLA2021_normal_grid_S0013,irrigation_positive_candidate,2021-05-22,142,23,18,"{""sim_day"": 23.0, ""doy"": 142.0, ""topwt"": 20.0, ""grnwt"": 0.0, ""xlai"": 0.0234904345124959, ""totir"": 0.0, ""tofer"": NaN, ""swfac"": 0.0, ""nstres"": 0.0}",0.0,0.0,20.0,0.0,0.0234904345124959,0.0,,0.0,0.0,30.0,150.0,-2.256878662109372,9.743121337890628,Leave_One_experiments/all_year_offline_schedule_search/daily_outputs/HLA/HLA_2021_HLA2021_normal_grid_S0013_daily.csv
HLA,HLA,Hailun,2021,Leave_One_experiments\wth_generated_qc\HLA\HLA2021.WTH,wet_year;nitrogen_stress_year;low_response_year,wet,HLA2021_normal_grid_S0013,irrigation_positive_candidate,2021-05-23,143,24,19,"{""sim_day"": 24.0, ""doy"": 143.0, ""topwt"": 20.0, ""grnwt"": 0.0, ""xlai"": 0.0266627222299575, ""totir"": 0.0, ""tofer"": NaN, ""swfac"": 0.0, ""nstres"": 0.0}",0.0,0.0,20.0,0.0,0.0266627222299575,0.0,,0.0,0.0,30.0,150.0,-2.256878662109372,9.743121337890628,Leave_One_experiments/all_year_offline_schedule_search/daily_outputs/HLA/HLA_2021_HLA2021_normal_grid_S0013_daily.csv
HLA,HLA,Hailun,2021,Leave_One_experiments\wth_generated_qc\HLA\HLA2021.WTH,wet_year;nitrogen_stress_year;low_response_year,wet,HLA2021_normal_grid_S0013,irrigation_positive_candidate,2021-05-24,144,25,20,"{""sim_day"": 25.0, ""doy"": 144.0, ""topwt"": 20.0, ""grnwt"": 0.0, ""xlai"": 0.0301265642046928, ""totir"": 0.0, ""tofer"": NaN, ""swfac"": 0.0, ""nstres"": 0.0}",0.0,0.0,20.0,0.0,0.0301265642046928,0.0,,0.0,0.0,30.0,150.0,-2.256878662109372,9.743121337890628,Leave_One_experiments/all_year_offline_schedule_search/daily_outputs/HLA/HLA_2021_HLA2021_normal_grid_S0013_daily.csv
HLA,HLA,Hailun,2021,Leave_One_experiments\wth_generated_qc\HLA\HLA2021.WTH,wet_year;nitrogen_stress_year;low_response_year,wet,HLA2021_normal_grid_S0013,irrigation_positive_candidate,2021-05-25,145,26,21,"{""sim_day"": 26.0, ""doy"": 145.0, ""topwt"": 20.85622787475586, ""grnwt"": 0.0, ""xlai"": 0.0363642461597919, ""totir"": 0.0, ""tofer"": NaN, ""swfac"": 0.0, ""nstres"": 0.0}",0.0,0.0,20.85622787475586,0.0,0.0363642461597919,0.0,,0.0,0.0,30.0,150.0,-2.256878662109372,9.743121337890628,Leave_One_experiments/all_year_offline_schedule_search/daily_outputs/HLA/HLA_2021_HLA2021_normal_grid_S0013_daily.csv
HLA,HLA,Hailun,2021,Leave_One_experiments\wth_generated_qc\HLA\HLA2021.WTH,wet_year;nitrogen_stress_year;low_response_year,wet,HLA2021_normal_grid_S0013,irrigation_positive_candidate,2021-05-26,146,27,22,"{""sim_day"": 27.0, ""doy"": 146.0, ""topwt"": 22.98959732055664, ""grnwt"": 0.0, ""xlai"": 0.0420781560242176, ""totir"": 0.0, ""tofer"": NaN, ""swfac"": 0.0, ""nstres"": 0.0}",0.0,0.0,22.98959732055664,0.0,0.0420781560242176,0.0,,0.0,0.0,30.0,150.0,-2.256878662109372,9.743121337890628,Leave_One_experiments/all_year_offline_schedule_search/daily_outputs/HLA/HLA_2021_HLA2021_normal_grid_S0013_daily.csv
HLA,HLA,Hailun,2021,Leave_One_experiments\wth_generated_qc\HLA\HLA2021.WTH,wet_year;nitrogen_stress_year;low_response_year,wet,HLA2021_normal_grid_S0013,irrigation_positive_candidate,2021-05-27,147,28,23,"{""sim_day"": 28.0, ""doy"": 147.0, ""topwt"": 25.47417640686035, ""grnwt"": 0.0, ""xlai"": 0.0483276806771755, ""totir"": 0.0, ""tofer"": NaN, ""swfac"": 0.0, ""nstres"": 0.0}",0.0,0.0,25.47417640686035,0.0,0.0483276806771755,0.0,,0.0,0.0,30.0,150.0,-2.256878662109372,9.743121337890628,Leave_One_experiments/all_year_offline_schedule_search/daily_outputs/HLA/HLA_2021_HLA2021_normal_grid_S0013_daily.csv
HLA,HLA,Hailun,2021,Leave_One_experiments\wth_generated_qc\HLA\HLA2021.WTH,wet_year;nitrogen_stress_year;low_response_year,wet,HLA2021_normal_grid_S0013,irrigation_positive_candidate,2021-05-28,148,29,24,"{""sim_day"": 29.0, ""doy"": 148.0, ""topwt"": 29.18236494064331, ""grnwt"": 0.0, ""xlai"": 0.0575485713779926, ""totir"": 0.0, ""tofer"": NaN, ""swfac"": 0.0, ""nstres"": 0.0}",0.0,0.0,29.18236494064331,0.0,0.0575485713779926,0.0,,0.0,0.0,30.0,150.0,-2.256878662109372,9.743121337890628,Leave_One_experiments/all_year_offline_schedule_search/daily_outputs/HLA/HLA_2021_HLA2021_normal_grid_S0013_daily.csv
HLA,HLA,Hailun,2021,Leave_One_experiments\wth_generated_qc\HLA\HLA2021.WTH,wet_year;nitrogen_stress_year;low_response_year,wet,HLA2021_normal_grid_S0013,irrigation_positive_candidate,2021-05-29,149,30,25,"{""sim_day"": 30.0, ""doy"": 149.0, ""topwt"": 32.77121067047119, ""grnwt"": 0.0, ""xlai"": 0.0661334842443466, ""totir"": 0.0, ""tofer"": NaN, ""swfac"": 0.0, ""nstres"": 0.0}",0.0,0.0,32.77121067047119,0.0,0.0661334842443466,0.0,,0.0,0.0,30.0,150.0,-2.256878662109372,9.743121337890628,Leave_One_experiments/all_year_offline_schedule_search/daily_outputs/HLA/HLA_2021_HLA2021_normal_grid_S0013_daily.csv
HLA,HLA,Hailun,2021,Leave_One_experiments\wth_generated_qc\HLA\HLA2021.WTH,wet_year;nitrogen_stress_year;low_response_year,wet,HLA2021_normal_grid_S0013,irrigation_positive_candidate,2021-05-30,150,31,26,"{""sim_day"": 31.0, ""doy"": 150.0, ""topwt"": 38.93650770187378, ""grnwt"": 0.0, ""xlai"": 0.0800324752926826, ""totir"": 0.0, ""tofer"": NaN, ""swfac"": 0.0, ""nstres"": 0.0}",0.0,0.0,38.93650770187378,0.0,0.0800324752926826,0.0,,0.0,0.0,30.0,150.0,-2.256878662109372,9.743121337890628,Leave_One_experiments/all_year_offline_schedule_search/daily_outputs/HLA/HLA_2021_HLA2021_normal_grid_S0013_daily.csv
HLA,HLA,Hailun,2021,Leave_One_experiments\wth_generated_qc\HLA\HLA2021.WTH,wet_year;nitrogen_stress_year;low_response_year,wet,HLA2021_normal_grid_S0013,irrigation_positive_candidate,2021-05-31,151,32,27,"{""sim_day"": 32.0, ""doy"": 151.0, ""topwt"": 43.4917688369751, ""grnwt"": 0.0, ""xlai"": 0.0899053663015365, ""totir"": 0.0, ""tofer"": NaN, ""swfac"": 0.0, ""nstres"": 0.0}",0.0,0.0,43.4917688369751,0.0,0.0899053663015365,0.0,,0.0,0.0,30.0,150.0,-2.256878662109372,9.743121337890628,Leave_One_experiments/all_year_offline_schedule_search/daily_outputs/HLA/HLA_2021_HLA2021_normal_grid_S0013_daily.csv
HLA,HLA,Hailun,2021,Leave_One_experiments\wth_generated_qc\HLA\HLA2021.WTH,wet_year;nitrogen_stress_year;low_response_year,wet,HLA2021_normal_grid_S0013,irrigation_positive_candidate,2021-06-01,152,33,28,"{""sim_day"": 33.0, ""doy"": 152.0, ""topwt"": 49.50936317443848, ""grnwt"": 0.0, ""xlai"": 0.1025328561663627, ""totir"": 0.0, ""tofer"": NaN, ""swfac"": 0.0, ""nstres"": 0.0}",0.0,0.0,49.50936317443848,0.0,0.1025328561663627,0.0,,0.0,0.0,30.0,150.0,-2.256878662109372,9.743121337890628,Leave_One_experiments/all_year_offline_schedule_search/daily_outputs/HLA/HLA_2021_HLA2021_normal_grid_S0013_daily.csv
HLA,HLA,Hailun,2021,Leave_One_experiments\wth_generated_qc\HLA\HLA2021.WTH,wet_year;nitrogen_stress_year;low_response_year,wet,HLA2021_normal_grid_S0013,irrigation_positive_candidate,2021-06-02,153,34,29,"{""sim_day"": 34.0, ""doy"": 153.0, ""topwt"": 52.32517719268799, ""grnwt"": 0.0, ""xlai"": 0.1082792729139328, ""totir"": 0.0, ""tofer"": NaN, ""swfac"": 0.0, ""nstres"": 0.0}",0.0,0.0,52.32517719268799,0.0,0.1082792729139328,0.0,,0.0,0.0,30.0,150.0,-2.256878662109372,9.743121337890628,Leave_One_experiments/all_year_offline_schedule_search/daily_outputs/HLA/HLA_2021_HLA2021_normal_grid_S0013_daily.csv
HLA,HLA,Hailun,2021,Leave_One_experiments\wth_generated_qc\HLA\HLA2021.WTH,wet_year;nitrogen_stress_year;low_response_year,wet,HLA2021_normal_grid_S0013,irrigation_positive_candidate,2021-06-03,154,35,30,"{""sim_day"": 35.0, ""doy"": 154.0, ""topwt"": 55.10105609893799, ""grnwt"": 0.0, ""xlai"": 0.1138700619339943, ""totir"": 0.0, ""tofer"": NaN, ""swfac"": 0.0, ""nstres"": 0.0}",0.0,0.0,55.10105609893799,0.0,0.1138700619339943,0.0,,0.0,50.0,30.0,150.0,-2.256878662109372,9.743121337890628,Leave_One_experiments/all_year_offline_schedule_search/daily_outputs/HLA/HLA_2021_HLA2021_normal_grid_S0013_daily.csv
HLA,HLA,Hailun,2021,Leave_One_experiments\wth_generated_qc\HLA\HLA2021.WTH,wet_year;nitrogen_stress_year;low_response_year,wet,HLA2021_normal_grid_S0013,irrigation_positive_candidate,2021-06-04,155,36,31,"{""sim_day"": 36.0, ""doy"": 155.0, ""topwt"": 58.4766149520874, ""grnwt"": 0.0, ""xlai"": 0.1205705255270004, ""totir"": 0.0, ""tofer"": NaN, ""swfac"": 0.0, ""nstres"": 0.0}",0.0,0.0,58.4766149520874,0.0,0.1205705255270004,0.0,,0.0,0.0,30.0,150.0,-2.256878662109372,9.743121337890628,Leave_One_experiments/all_year_offline_schedule_search/daily_outputs/HLA/HLA_2021_HLA2021_normal_grid_S0013_daily.csv
HLA,HLA,Hailun,2021,Leave_One_experiments\wth_generated_qc\HLA\HLA2021.WTH,wet_year;nitrogen_stress_year;low_response_year,wet,HLA2021_normal_grid_S0013,irrigation_positive_candidate,2021-06-05,156,37,32,"{""sim_day"": 37.0, ""doy"": 156.0, ""topwt"": 66.4616584777832, ""grnwt"": 0.0, ""xlai"": 0.1360972225666046, ""totir"": 0.0, ""tofer"": NaN, ""swfac"": 0.0, ""nstres"": 0.0}",0.0,0.0,66.4616584777832,0.0,0.1360972225666046,0.0,,0.0,0.0,30.0,150.0,-2.256878662109372,9.743121337890628,Leave_One_experiments/all_year_offline_schedule_search/daily_outputs/HLA/HLA_2021_HLA2021_normal_grid_S0013_daily.csv
HLA,HLA,Hailun,2021,Leave_One_experiments\wth_generated_qc\HLA\HLA2021.WTH,wet_year;nitrogen_stress_year;low_response_year,wet,HLA2021_normal_grid_S0013,irrigation_positive_candidate,2021-06-06,157,38,33,"{""sim_day"": 38.0, ""doy"": 157.0, ""topwt"": 78.57884883880615, ""grnwt"": 0.0, ""xlai"": 0.1588202863931656, ""totir"": 0.0, ""tofer"": NaN, ""swfac"": 0.0, ""nstres"": 0.0}",0.0,0.0,78.57884883880615,0.0,0.1588202863931656,0.0,,0.0,0.0,30.0,150.0,-2.256878662109372,9.743121337890628,Leave_One_experiments/all_year_offline_schedule_search/daily_outputs/HLA/HLA_2021_HLA2021_normal_grid_S0013_daily.csv
HLA,HLA,Hailun,2021,Leave_One_experiments\wth_generated_qc\HLA\HLA2021.WTH,wet_year;nitrogen_stress_year;low_response_year,wet,HLA2021_normal_grid_S0013,irrigation_positive_candidate,2021-06-07,158,39,34,"{""sim_day"": 39.0, ""doy"": 158.0, ""topwt"": 96.48233413696288, ""grnwt"": 0.0, ""xlai"": 0.1909306049346923, ""totir"": 0.0, ""tofer"": NaN, ""swfac"": 0.0, ""nstres"": 0.0}",0.0,0.0,96.48233413696288,0.0,0.1909306049346923,0.0,,0.0,0.0,30.0,150.0,-2.256878662109372,9.743121337890628,Leave_One_experiments/all_year_offline_schedule_search/daily_outputs/HLA/HLA_2021_HLA2021_normal_grid_S0013_daily.csv
HLA,HLA,Hailun,2021,Leave_One_experiments\wth_generated_qc\HLA\HLA2021.WTH,wet_year;nitrogen_stress_year;low_response_year,wet,HLA2021_normal_grid_S0013,irrigation_positive_candidate,2021-06-08,159,40,35,"{""sim_day"": 40.0, ""doy"": 159.0, ""topwt"": 113.14762115478516, ""grnwt"": 0.0, ""xlai"": 0.2195875197649002, ""totir"": 0.0, ""tofer"": NaN, ""swfac"": 0.0, ""nstres"": 0.0}",0.0,0.0,113.14762115478516,0.0,0.2195875197649002,0.0,,0.0,0.0,30.0,150.0,-2.256878662109372,9.743121337890628,Leave_One_experiments/all_year_offline_schedule_search/daily_outputs/HLA/HLA_2021_HLA2021_normal_grid_S0013_daily.csv
HLA,HLA,Hailun,2021,Leave_One_experiments\wth_generated_qc\HLA\HLA2021.WTH,wet_year;nitrogen_stress_year;low_response_year,wet,HLA2021_normal_grid_S0013,irrigation_positive_candidate,2021-06-09,160,41,36,"{""sim_day"": 41.0, ""doy"": 160.0, ""topwt"": 135.70158004760742, ""grnwt"": 0.0, ""xlai"": 0.2568767070770263, ""totir"": 0.0, ""tofer"": NaN, ""swfac"": 0.0, ""nstres"": 0.0}",0.0,0.0,135.70158004760742,0.0,0.2568767070770263,0.0,,0.0,0.0,30.0,150.0,-2.256878662109372,9.743121337890628,Leave_One_experiments/all_year_offline_schedule_search/daily_outputs/HLA/HLA_2021_HLA2021_normal_grid_S0013_daily.csv
HLA,HLA,Hailun,2021,Leave_One_experiments\wth_generated_qc\HLA\HLA2021.WTH,wet_year;nitrogen_stress_year;low_response_year,wet,HLA2021_normal_grid_S0013,irrigation_positive_candidate,2021-06-10,161,42,37,"{""sim_day"": 42.0, ""doy"": 161.0, ""topwt"": 148.1785774230957, ""grnwt"": 0.0, ""xlai"": 0.2957460582256317, ""totir"": 0.0, ""tofer"": NaN, ""swfac"": 0.0, ""nstres"": 0.0}",0.0,0.0,148.1785774230957,0.0,0.2957460582256317,0.0,,0.0,0.0,30.0,150.0,-2.256878662109372,9.743121337890628,Leave_One_experiments/all_year_offline_schedule_search/daily_outputs/HLA/HLA_2021_HLA2021_normal_grid_S0013_daily.csv
HLA,HLA,Hailun,2021,Leave_One_experiments\wth_generated_qc\HLA\HLA2021.WTH,wet_year;nitrogen_stress_year;low_response_year,wet,HLA2021_normal_grid_S0013,irrigation_positive_candidate,2021-06-11,162,43,38,"{""sim_day"": 43.0, ""doy"": 162.0, ""topwt"": 183.52468490600583, ""grnwt"": 0.0, ""xlai"": 0.3542905747890472, ""totir"": 0.0, ""tofer"": NaN, ""swfac"": 0.0, ""nstres"": 0.0048924684524536}",0.0,0.0048924684524536,183.52468490600583,0.0,0.3542905747890472,0.0,,0.0,0.0,30.0,150.0,-2.256878662109372,9.743121337890628,Leave_One_experiments/all_year_offline_schedule_search/daily_outputs/HLA/HLA_2021_HLA2021_normal_grid_S0013_daily.csv
HLA,HLA,Hailun,2021,Leave_One_experiments\wth_generated_qc\HLA\HLA2021.WTH,wet_year;nitrogen_stress_year;low_response_year,wet,HLA2021_normal_grid_S0013,irrigation_positive_candidate,2021-06-12,163,44,39,"{""sim_day"": 44.0, ""doy"": 163.0, ""topwt"": 227.4925994873047, ""grnwt"": 0.0, ""xlai"": 0.4237224459648132, ""totir"": 0.0, ""tofer"": NaN, ""swfac"": 0.0, ""nstres"": 0.0}",0.0,0.0,227.4925994873047,0.0,0.4237224459648132,0.0,,0.0,0.0,30.0,150.0,-2.256878662109372,9.743121337890628,Leave_One_experiments/all_year_offline_schedule_search/daily_outputs/HLA/HLA_2021_HLA2021_normal_grid_S0013_daily.csv
HLA,HLA,Hailun,2021,Leave_One_experiments\wth_generated_qc\HLA\HLA2021.WTH,wet_year;nitrogen_stress_year;low_response_year,wet,HLA2021_normal_grid_S0013,irrigation_positive_candidate,2021-06-13,164,45,40,"{""sim_day"": 45.0, ""doy"": 164.0, ""topwt"": 275.6141471862793, ""grnwt"": 0.0, ""xlai"": 0.4963759183883667, ""totir"": 0.0, ""tofer"": NaN, ""swfac"": 0.0, ""nstres"": 0.0}",0.0,0.0,275.6141471862793,0.0,0.4963759183883667,0.0,,0.0,0.0,30.0,150.0,-2.256878662109372,9.743121337890628,Leave_One_experiments/all_year_offline_schedule_search/daily_outputs/HLA/HLA_2021_HLA2021_normal_grid_S0013_daily.csv
HLA,HLA,Hailun,2021,Leave_One_experiments\wth_generated_qc\HLA\HLA2021.WTH,wet_year;nitrogen_stress_year;low_response_year,wet,HLA2021_normal_grid_S0013,irrigation_positive_candidate,2021-06-14,165,46,41,"{""sim_day"": 46.0, ""doy"": 165.0, ""topwt"": 320.6782913208008, ""grnwt"": 0.0, ""xlai"": 0.5618948936462402, ""totir"": 0.0, ""tofer"": NaN, ""swfac"": 0.0, ""nstres"": 0.0}",0.0,0.0,320.6782913208008,0.0,0.5618948936462402,0.0,,0.0,0.0,30.0,150.0,-2.256878662109372,9.743121337890628,Leave_One_experiments/all_year_offline_schedule_search/daily_outputs/HLA/HLA_2021_HLA2021_normal_grid_S0013_daily.csv
HLA,HLA,Hailun,2021,Leave_One_experiments\wth_generated_qc\HLA\HLA2021.WTH,wet_year;nitrogen_stress_year;low_response_year,wet,HLA2021_normal_grid_S0013,irrigation_positive_candidate,2021-06-15,166,47,42,"{""sim_day"": 47.0, ""doy"": 166.0, ""topwt"": 377.8717041015625, ""grnwt"": 0.0, ""xlai"": 0.6422077417373657, ""totir"": 0.0, ""tofer"": NaN, ""swfac"": 0.0, ""nstres"": 0.0}",0.0,0.0,377.8717041015625,0.0,0.6422077417373657,0.0,,0.0,0.0,30.0,150.0,-2.256878662109372,9.743121337890628,Leave_One_experiments/all_year_offline_schedule_search/daily_outputs/HLA/HLA_2021_HLA2021_normal_grid_S0013_daily.csv
HLA,HLA,Hailun,2021,Leave_One_experiments\wth_generated_qc\HLA\HLA2021.WTH,wet_year;nitrogen_stress_year;low_response_year,wet,HLA2021_normal_grid_S0013,irrigation_positive_candidate,2021-06-16,167,48,43,"{""sim_day"": 48.0, ""doy"": 167.0, ""topwt"": 428.5501098632813, ""grnwt"": 0.0, ""xlai"": 0.7111459970474243, ""totir"": 0.0, ""tofer"": NaN, ""swfac"": 0.0, ""nstres"": 0.0}",0.0,0.0,428.5501098632813,0.0,0.7111459970474243,0.0,,0.0,0.0,30.0,150.0,-2.256878662109372,9.743121337890628,Leave_One_experiments/all_year_offline_schedule_search/daily_outputs/HLA/HLA_2021_HLA2021_normal_grid_S0013_daily.csv
HLA,HLA,Hailun,2021,Leave_One_experiments\wth_generated_qc\HLA\HLA2021.WTH,wet_year;nitrogen_stress_year;low_response_year,wet,HLA2021_normal_grid_S0013,irrigation_positive_candidate,2021-06-17,168,49,44,"{""sim_day"": 49.0, ""doy"": 168.0, ""topwt"": 461.1976623535156, ""grnwt"": 0.0, ""xlai"": 0.7506314516067505, ""totir"": 0.0, ""tofer"": NaN, ""swfac"": 0.0, ""nstres"": 0.0}",0.0,0.0,461.1976623535156,0.0,0.7506314516067505,0.0,,0.0,0.0,30.0,150.0,-2.256878662109372,9.743121337890628,Leave_One_experiments/all_year_offline_schedule_search/daily_outputs/HLA/HLA_2021_HLA2021_normal_grid_S0013_daily.csv
HLA,HLA,Hailun,2021,Leave_One_experiments\wth_generated_qc\HLA\HLA2021.WTH,wet_year;nitrogen_stress_year;low_response_year,wet,HLA2021_normal_grid_S0013,irrigation_positive_candidate,2021-06-18,169,50,45,"{""sim_day"": 50.0, ""doy"": 169.0, ""topwt"": 500.618896484375, ""grnwt"": 0.0, ""xlai"": 0.804227888584137, ""totir"": 0.0, ""tofer"": NaN, ""swfac"": 0.0, ""nstres"": 0.0}",0.0,0.0,500.618896484375,0.0,0.804227888584137,0.0,,0.0,0.0,30.0,150.0,-2.256878662109372,9.743121337890628,Leave_One_experiments/all_year_offline_schedule_search/daily_outputs/HLA/HLA_2021_HLA2021_normal_grid_S0013_daily.csv
HLA,HLA,Hailun,2021,Leave_One_experiments\wth_generated_qc\HLA\HLA2021.WTH,wet_year;nitrogen_stress_year;low_response_year,wet,HLA2021_normal_grid_S0013,irrigation_positive_candidate,2021-06-19,170,51,46,"{""sim_day"": 51.0, ""doy"": 170.0, ""topwt"": 532.8626251220703, ""grnwt"": 0.0, ""xlai"": 0.8471747040748596, ""totir"": 0.0, ""tofer"": NaN, ""swfac"": 0.0, ""nstres"": 0.0}",0.0,0.0,532.8626251220703,0.0,0.8471747040748596,0.0,,0.0,0.0,30.0,150.0,-2.256878662109372,9.743121337890628,Leave_One_experiments/all_year_offline_schedule_search/daily_outputs/HLA/HLA_2021_HLA2021_normal_grid_S0013_daily.csv
HLA,HLA,Hailun,2021,Leave_One_experiments\wth_generated_qc\HLA\HLA2021.WTH,wet_year;nitrogen_stress_year;low_response_year,wet,HLA2021_normal_grid_S0013,irrigation_positive_candidate,2021-06-20,171,52,47,"{""sim_day"": 52.0, ""doy"": 171.0, ""topwt"": 585.7170104980469, ""grnwt"": 0.0, ""xlai"": 0.9158319234848022, ""totir"": 0.0, ""tofer"": NaN, ""swfac"": 0.0, ""nstres"": 0.0}",0.0,0.0,585.7170104980469,0.0,0.9158319234848022,0.0,,0.0,0.0,30.0,150.0,-2.256878662109372,9.743121337890628,Leave_One_experiments/all_year_offline_schedule_search/daily_outputs/HLA/HLA_2021_HLA2021_normal_grid_S0013_daily.csv
HLA,HLA,Hailun,2021,Leave_One_experiments\wth_generated_qc\HLA\HLA2021.WTH,wet_year;nitrogen_stress_year;low_response_year,wet,HLA2021_normal_grid_S0013,irrigation_positive_candidate,2021-06-21,172,53,48,"{""sim_day"": 53.0, ""doy"": 172.0, ""topwt"": 657.1212005615234, ""grnwt"": 0.0, ""xlai"": 1.0054548978805542, ""totir"": 0.0, ""tofer"": NaN, ""swfac"": 0.0, ""nstres"": 0.0}",0.0,0.0,657.1212005615234,0.0,1.0054548978805542,0.0,,0.0,0.0,30.0,150.0,-2.256878662109372,9.743121337890628,Leave_One_experiments/all_year_offline_schedule_search/daily_outputs/HLA/HLA_2021_HLA2021_normal_grid_S0013_daily.csv
HLA,HLA,Hailun,2021,Leave_One_experiments\wth_generated_qc\HLA\HLA2021.WTH,wet_year;nitrogen_stress_year;low_response_year,wet,HLA2021_normal_grid_S0013,irrigation_positive_candidate,2021-06-22,173,54,49,"{""sim_day"": 54.0, ""doy"": 173.0, ""topwt"": 748.7819671630859, ""grnwt"": 0.0, ""xlai"": 1.115541934967041, ""totir"": 0.0, ""tofer"": NaN, ""swfac"": 0.0, ""nstres"": 0.0}",0.0,0.0,748.7819671630859,0.0,1.115541934967041,0.0,,0.0,0.0,30.0,150.0,-2.256878662109372,9.743121337890628,Leave_One_experiments/all_year_offline_schedule_search/daily_outputs/HLA/HLA_2021_HLA2021_normal_grid_S0013_daily.csv
HLA,HLA,Hailun,2021,Leave_One_experiments\wth_generated_qc\HLA\HLA2021.WTH,wet_year;nitrogen_stress_year;low_response_year,wet,HLA2021_normal_grid_S0013,irrigation_positive_candidate,2021-06-23,174,55,50,"{""sim_day"": 55.0, ""doy"": 174.0, ""topwt"": 835.8809661865234, ""grnwt"": 0.0, ""xlai"": 1.215541958808899, ""totir"": 0.0, ""tofer"": NaN, ""swfac"": 0.0, ""nstres"": 0.0}",0.0,0.0,835.8809661865234,0.0,1.215541958808899,0.0,,0.0,0.0,30.0,150.0,-2.256878662109372,9.743121337890628,Leave_One_experiments/all_year_offline_schedule_search/daily_outputs/HLA/HLA_2021_HLA2021_normal_grid_S0013_daily.csv
HLA,HLA,Hailun,2021,Leave_One_experiments\wth_generated_qc\HLA\HLA2021.WTH,wet_year;nitrogen_stress_year;low_response_year,wet,HLA2021_normal_grid_S0013,irrigation_positive_candidate,2021-06-24,175,56,51,"{""sim_day"": 56.0, ""doy"": 175.0, ""topwt"": 945.1358795166016, ""grnwt"": 0.0, ""xlai"": 1.3345730304718018, ""totir"": 0.0, ""tofer"": NaN, ""swfac"": 0.0, ""nstres"": 0.0}",0.0,0.0,945.1358795166016,0.0,1.3345730304718018,0.0,,0.0,0.0,30.0,150.0,-2.256878662109372,9.743121337890628,Leave_One_experiments/all_year_offline_schedule_search/daily_outputs/HLA/HLA_2021_HLA2021_normal_grid_S0013_daily.csv
HLA,HLA,Hailun,2021,Leave_One_experiments\wth_generated_qc\HLA\HLA2021.WTH,wet_year;nitrogen_stress_year;low_response_year,wet,HLA2021_normal_grid_S0013,irrigation_positive_candidate,2021-06-25,176,57,52,"{""sim_day"": 57.0, ""doy"": 176.0, ""topwt"": 1064.9496459960938, ""grnwt"": 0.0, ""xlai"": 1.4577138423919678, ""totir"": 0.0, ""tofer"": NaN, ""swfac"": 0.0, ""nstres"": 0.0}",0.0,0.0,1064.9496459960938,0.0,1.4577138423919678,0.0,,0.0,0.0,30.0,150.0,-2.256878662109372,9.743121337890628,Leave_One_experiments/all_year_offline_schedule_search/daily_outputs/HLA/HLA_2021_HLA2021_normal_grid_S0013_daily.csv
HLA,HLA,Hailun,2021,Leave_One_experiments\wth_generated_qc\HLA\HLA2021.WTH,wet_year;nitrogen_stress_year;low_response_year,wet,HLA2021_normal_grid_S0013,irrigation_positive_candidate,2021-06-26,177,58,53,"{""sim_day"": 58.0, ""doy"": 177.0, ""topwt"": 1184.8595428466797, ""grnwt"": 0.0, ""xlai"": 1.5740050077438354, ""totir"": 0.0, ""tofer"": NaN, ""swfac"": 0.0, ""nstres"": 0.0}",0.0,0.0,1184.8595428466797,0.0,1.5740050077438354,0.0,,0.0,0.0,30.0,150.0,-2.256878662109372,9.743121337890628,Leave_One_experiments/all_year_offline_schedule_search/daily_outputs/HLA/HLA_2021_HLA2021_normal_grid_S0013_daily.csv
HLA,HLA,Hailun,2021,Leave_One_experiments\wth_generated_qc\HLA\HLA2021.WTH,wet_year;nitrogen_stress_year;low_response_year,wet,HLA2021_normal_grid_S0013,irrigation_positive_candidate,2021-06-27,178,59,54,"{""sim_day"": 59.0, ""doy"": 178.0, ""topwt"": 1319.320068359375, ""grnwt"": 0.0, ""xlai"": 1.696577072143555, ""totir"": 0.0, ""tofer"": NaN, ""swfac"": 0.0, ""nstres"": 0.0}",0.0,0.0,1319.320068359375,0.0,1.696577072143555,0.0,,0.0,0.0,30.0,150.0,-2.256878662109372,9.743121337890628,Leave_One_experiments/all_year_offline_schedule_search/daily_outputs/HLA/HLA_2021_HLA2021_normal_grid_S0013_daily.csv
HLA,HLA,Hailun,2021,Leave_One_experiments\wth_generated_qc\HLA\HLA2021.WTH,wet_year;nitrogen_stress_year;low_response_year,wet,HLA2021_normal_grid_S0013,irrigation_positive_candidate,2021-06-28,179,60,55,"{""sim_day"": 60.0, ""doy"": 179.0, ""topwt"": 1470.4695129394531, ""grnwt"": 0.0, ""xlai"": 1.825432538986206, ""totir"": 0.0, ""tofer"": NaN, ""swfac"": 0.0, ""nstres"": 0.0}",0.0,0.0,1470.4695129394531,0.0,1.825432538986206,0.0,,0.0,0.0,30.0,150.0,-2.256878662109372,9.743121337890628,Leave_One_experiments/all_year_offline_schedule_search/daily_outputs/HLA/HLA_2021_HLA2021_normal_grid_S0013_daily.csv
HLA,HLA,Hailun,2021,Leave_One_experiments\wth_generated_qc\HLA\HLA2021.WTH,wet_year;nitrogen_stress_year;low_response_year,wet,HLA2021_normal_grid_S0013,irrigation_positive_candidate,2021-06-29,180,61,56,"{""sim_day"": 61.0, ""doy"": 180.0, ""topwt"": 1604.4236755371094, ""grnwt"": 0.0, ""xlai"": 1.93307900428772, ""totir"": 0.0, ""tofer"": NaN, ""swfac"": 0.0, ""nstres"": 0.0}",0.0,0.0,1604.4236755371094,0.0,1.93307900428772,0.0,,0.0,0.0,30.0,150.0,-2.256878662109372,9.743121337890628,Leave_One_experiments/all_year_offline_schedule_search/daily_outputs/HLA/HLA_2021_HLA2021_normal_grid_S0013_daily.csv
HLA,HLA,Hailun,2021,Leave_One_experiments\wth_generated_qc\HLA\HLA2021.WTH,wet_year;nitrogen_stress_year;low_response_year,wet,HLA2021_normal_grid_S0013,irrigation_positive_candidate,2021-06-30,181,62,57,"{""sim_day"": 62.0, ""doy"": 181.0, ""topwt"": 1680.8586120605469, ""grnwt"": 0.0, ""xlai"": 1.9918296337127688, ""totir"": 0.0, ""tofer"": NaN, ""swfac"": 0.0, ""nstres"": 0.0}",0.0,0.0,1680.8586120605469,0.0,1.9918296337127688,0.0,,0.0,0.0,30.0,150.0,-2.256878662109372,9.743121337890628,Leave_One_experiments/all_year_offline_schedule_search/daily_outputs/HLA/HLA_2021_HLA2021_normal_grid_S0013_daily.csv
HLA,HLA,Hailun,2021,Leave_One_experiments\wth_generated_qc\HLA\HLA2021.WTH,wet_year;nitrogen_stress_year;low_response_year,wet,HLA2021_normal_grid_S0013,irrigation_positive_candidate,2021-07-01,182,63,58,"{""sim_day"": 63.0, ""doy"": 182.0, ""topwt"": 1795.0407409667969, ""grnwt"": 0.0, ""xlai"": 2.07507061958313, ""totir"": 0.0, ""tofer"": NaN, ""swfac"": 0.0, ""nstres"": 0.0}",0.0,0.0,1795.0407409667969,0.0,2.07507061958313,0.0,,0.0,0.0,30.0,150.0,-2.256878662109372,9.743121337890628,Leave_One_experiments/all_year_offline_schedule_search/daily_outputs/HLA/HLA_2021_HLA2021_normal_grid_S0013_daily.csv
HLA,HLA,Hailun,2021,Leave_One_experiments\wth_generated_qc\HLA\HLA2021.WTH,wet_year;nitrogen_stress_year;low_response_year,wet,HLA2021_normal_grid_S0013,irrigation_positive_candidate,2021-07-02,183,64,59,"{""sim_day"": 64.0, ""doy"": 183.0, ""topwt"": 1882.965850830078, ""grnwt"": 0.0, ""xlai"": 2.135720729827881, ""totir"": 0.0, ""tofer"": NaN, ""swfac"": 0.0, ""nstres"": 0.0}",0.0,0.0,1882.965850830078,0.0,2.135720729827881,0.0,,0.0,0.0,30.0,150.0,-2.256878662109372,9.743121337890628,Leave_One_experiments/all_year_offline_schedule_search/daily_outputs/HLA/HLA_2021_HLA2021_normal_grid_S0013_daily.csv
HLA,HLA,Hailun,2021,Leave_One_experiments\wth_generated_qc\HLA\HLA2021.WTH,wet_year;nitrogen_stress_year;low_response_year,wet,HLA2021_normal_grid_S0013,irrigation_positive_candidate,2021-07-03,184,65,60,"{""sim_day"": 65.0, ""doy"": 184.0, ""topwt"": 2021.829833984375, ""grnwt"": 0.0, ""xlai"": 2.225760698318481, ""totir"": 0.0, ""tofer"": NaN, ""swfac"": 0.0, ""nstres"": 0.0}",0.0,0.0,2021.829833984375,0.0,2.225760698318481,0.0,,0.0,50.0,30.0,150.0,-2.256878662109372,9.743121337890628,Leave_One_experiments/all_year_offline_schedule_search/daily_outputs/HLA/HLA_2021_HLA2021_normal_grid_S0013_daily.csv
HLA,HLA,Hailun,2021,Leave_One_experiments\wth_generated_qc\HLA\HLA2021.WTH,wet_year;nitrogen_stress_year;low_response_year,wet,HLA2021_normal_grid_S0013,irrigation_positive_candidate,2021-07-04,185,66,61,"{""sim_day"": 66.0, ""doy"": 185.0, ""topwt"": 2166.6893005371094, ""grnwt"": 0.0, ""xlai"": 2.3144476413726807, ""totir"": 0.0, ""tofer"": NaN, ""swfac"": 0.0, ""nstres"": 0.0}",0.0,0.0,2166.6893005371094,0.0,2.3144476413726807,0.0,,0.0,0.0,30.0,150.0,-2.256878662109372,9.743121337890628,Leave_One_experiments/all_year_offline_schedule_search/daily_outputs/HLA/HLA_2021_HLA2021_normal_grid_S0013_daily.csv
HLA,HLA,Hailun,2021,Leave_One_experiments\wth_generated_qc\HLA\HLA2021.WTH,wet_year;nitrogen_stress_year;low_response_year,wet,HLA2021_normal_grid_S0013,irrigation_positive_candidate,2021-07-05,186,67,62,"{""sim_day"": 67.0, ""doy"": 186.0, ""topwt"": 2347.0932006835938, ""grnwt"": 0.0, ""xlai"": 2.418577194213867, ""totir"": 0.0, ""tofer"": NaN, ""swfac"": 0.0, ""nstres"": 0.0}",0.0,0.0,2347.0932006835938,0.0,2.418577194213867,0.0,,0.0,0.0,30.0,150.0,-2.256878662109372,9.743121337890628,Leave_One_experiments/all_year_offline_schedule_search/daily_outputs/HLA/HLA_2021_HLA2021_normal_grid_S0013_daily.csv
HLA,HLA,Hailun,2021,Leave_One_experiments\wth_generated_qc\HLA\HLA2021.WTH,wet_year;nitrogen_stress_year;low_response_year,wet,HLA2021_normal_grid_S0013,irrigation_positive_candidate,2021-07-06,187,68,63,"{""sim_day"": 68.0, ""doy"": 187.0, ""topwt"": 2553.852996826172, ""grnwt"": 0.0, ""xlai"": 2.530576229095459, ""totir"": 0.0, ""tofer"": NaN, ""swfac"": 0.0, ""nstres"": 0.0}",0.0,0.0,2553.852996826172,0.0,2.530576229095459,0.0,,0.0,0.0,30.0,150.0,-2.256878662109372,9.743121337890628,Leave_One_experiments/all_year_offline_schedule_search/daily_outputs/HLA/HLA_2021_HLA2021_normal_grid_S0013_daily.csv
HLA,HLA,Hailun,2021,Leave_One_experiments\wth_generated_qc\HLA\HLA2021.WTH,wet_year;nitrogen_stress_year;low_response_year,wet,HLA2021_normal_grid_S0013,irrigation_positive_candidate,2021-07-07,188,69,64,"{""sim_day"": 69.0, ""doy"": 188.0, ""topwt"": 2773.638610839844, ""grnwt"": 0.0, ""xlai"": 2.642339944839477, ""totir"": 0.0, ""tofer"": NaN, ""swfac"": 0.0, ""nstres"": 0.0}",0.0,0.0,2773.638610839844,0.0,2.642339944839477,0.0,,0.0,0.0,30.0,150.0,-2.256878662109372,9.743121337890628,Leave_One_experiments/all_year_offline_schedule_search/daily_outputs/HLA/HLA_2021_HLA2021_normal_grid_S0013_daily.csv
HLA,HLA,Hailun,2021,Leave_One_experiments\wth_generated_qc\HLA\HLA2021.WTH,wet_year;nitrogen_stress_year;low_response_year,wet,HLA2021_normal_grid_S0013,irrigation_positive_candidate,2021-07-08,189,70,65,"{""sim_day"": 70.0, ""doy"": 189.0, ""topwt"": 2991.348876953125, ""grnwt"": 0.0, ""xlai"": 2.746354341506958, ""totir"": 30.0, ""tofer"": NaN, ""swfac"": 0.0, ""nstres"": 0.0}",0.0,0.0,2991.348876953125,0.0,2.746354341506958,30.0,,30.0,0.0,30.0,150.0,-2.256878662109372,9.743121337890628,Leave_One_experiments/all_year_offline_schedule_search/daily_outputs/HLA/HLA_2021_HLA2021_normal_grid_S0013_daily.csv
HLA,HLA,Hailun,2021,Leave_One_experiments\wth_generated_qc\HLA\HLA2021.WTH,wet_year;nitrogen_stress_year;low_response_year,wet,HLA2021_normal_grid_S0013,irrigation_positive_candidate,2021-07-09,190,71,66,"{""sim_day"": 71.0, ""doy"": 190.0, ""topwt"": 3229.852600097656, ""grnwt"": 0.0, ""xlai"": 2.8533167839050293, ""totir"": 30.0, ""tofer"": NaN, ""swfac"": 0.0, ""nstres"": 0.0}",0.0,0.0,3229.852600097656,0.0,2.8533167839050293,30.0,,0.0,0.0,30.0,150.0,-2.256878662109372,9.743121337890628,Leave_One_experiments/all_year_offline_schedule_search/daily_outputs/HLA/HLA_2021_HLA2021_normal_grid_S0013_daily.csv
HLA,HLA,Hailun,2021,Leave_One_experiments\wth_generated_qc\HLA\HLA2021.WTH,wet_year;nitrogen_stress_year;low_response_year,wet,HLA2021_normal_grid_S0013,irrigation_positive_candidate,2021-07-10,191,72,67,"{""sim_day"": 72.0, ""doy"": 191.0, ""topwt"": 3575.9576416015625, ""grnwt"": 0.0, ""xlai"": 3.1625959873199463, ""totir"": 30.0, ""tofer"": NaN, ""swfac"": 0.0, ""nstres"": 0.0}",0.0,0.0,3575.9576416015625,0.0,3.1625959873199463,30.0,,0.0,0.0,30.0,150.0,-2.256878662109372,9.743121337890628,Leave_One_experiments/all_year_offline_schedule_search/daily_outputs/HLA/HLA_2021_HLA2021_normal_grid_S0013_daily.csv
HLA,HLA,Hailun,2021,Leave_One_experiments\wth_generated_qc\HLA\HLA2021.WTH,wet_year;nitrogen_stress_year;low_response_year,wet,HLA2021_normal_grid_S0013,irrigation_positive_candidate,2021-07-11,192,73,68,"{""sim_day"": 73.0, ""doy"": 192.0, ""topwt"": 3861.524963378906, ""grnwt"": 0.0, ""xlai"": 3.2987077236175537, ""totir"": 30.0, ""tofer"": NaN, ""swfac"": 0.0, ""nstres"": 0.0}",0.0,0.0,3861.524963378906,0.0,3.2987077236175537,30.0,,0.0,0.0,30.0,150.0,-2.256878662109372,9.743121337890628,Leave_One_experiments/all_year_offline_schedule_search/daily_outputs/HLA/HLA_2021_HLA2021_normal_grid_S0013_daily.csv
HLA,HLA,Hailun,2021,Leave_One_experiments\wth_generated_qc\HLA\HLA2021.WTH,wet_year;nitrogen_stress_year;low_response_year,wet,HLA2021_normal_grid_S0013,irrigation_positive_candidate,2021-07-12,193,74,69,"{""sim_day"": 74.0, ""doy"": 193.0, ""topwt"": 4214.5166015625, ""grnwt"": 0.0, ""xlai"": 3.435548782348633, ""totir"": 30.0, ""tofer"": NaN, ""swfac"": 0.0, ""nstres"": 0.0}",0.0,0.0,4214.5166015625,0.0,3.435548782348633,30.0,,0.0,0.0,30.0,150.0,-2.256878662109372,9.743121337890628,Leave_One_experiments/all_year_offline_schedule_search/daily_outputs/HLA/HLA_2021_HLA2021_normal_grid_S0013_daily.csv
HLA,HLA,Hailun,2021,Leave_One_experiments\wth_generated_qc\HLA\HLA2021.WTH,wet_year;nitrogen_stress_year;low_response_year,wet,HLA2021_normal_grid_S0013,irrigation_positive_candidate,2021-07-13,194,75,70,"{""sim_day"": 75.0, ""doy"": 194.0, ""topwt"": 4426.255493164063, ""grnwt"": 0.0, ""xlai"": 3.507937431335449, ""totir"": 30.0, ""tofer"": NaN, ""swfac"": 0.0, ""nstres"": 0.0}",0.0,0.0,4426.255493164063,0.0,3.507937431335449,30.0,,0.0,0.0,30.0,150.0,-2.256878662109372,9.743121337890628,Leave_One_experiments/all_year_offline_schedule_search/daily_outputs/HLA/HLA_2021_HLA2021_normal_grid_S0013_daily.csv
HLA,HLA,Hailun,2021,Leave_One_experiments\wth_generated_qc\HLA\HLA2021.WTH,wet_year;nitrogen_stress_year;low_response_year,wet,HLA2021_normal_grid_S0013,irrigation_positive_candidate,2021-07-14,195,76,71,"{""sim_day"": 76.0, ""doy"": 195.0, ""topwt"": 4651.3037109375, ""grnwt"": 0.0, ""xlai"": 3.577958106994629, ""totir"": 30.0, ""tofer"": NaN, ""swfac"": 0.0, ""nstres"": 0.0}",0.0,0.0,4651.3037109375,0.0,3.577958106994629,30.0,,0.0,0.0,30.0,150.0,-2.256878662109372,9.743121337890628,Leave_One_experiments/all_year_offline_schedule_search/daily_outputs/HLA/HLA_2021_HLA2021_normal_grid_S0013_daily.csv
HLA,HLA,Hailun,2021,Leave_One_experiments\wth_generated_qc\HLA\HLA2021.WTH,wet_year;nitrogen_stress_year;low_response_year,wet,HLA2021_normal_grid_S0013,irrigation_positive_candidate,2021-07-15,196,77,72,"{""sim_day"": 77.0, ""doy"": 196.0, ""topwt"": 4795.3070068359375, ""grnwt"": 0.0, ""xlai"": 3.619394779205322, ""totir"": 30.0, ""tofer"": NaN, ""swfac"": 0.0, ""nstres"": 0.0}",0.0,0.0,4795.3070068359375,0.0,3.619394779205322,30.0,,0.0,0.0,30.0,150.0,-2.256878662109372,9.743121337890628,Leave_One_experiments/all_year_offline_schedule_search/daily_outputs/HLA/HLA_2021_HLA2021_normal_grid_S0013_daily.csv
HLA,HLA,Hailun,2021,Leave_One_experiments\wth_generated_qc\HLA\HLA2021.WTH,wet_year;nitrogen_stress_year;low_response_year,wet,HLA2021_normal_grid_S0013,irrigation_positive_candidate,2021-07-16,197,78,73,"{""sim_day"": 78.0, ""doy"": 197.0, ""topwt"": 4995.99365234375, ""grnwt"": 0.0, ""xlai"": 3.673511266708374, ""totir"": 30.0, ""tofer"": NaN, ""swfac"": 0.0, ""nstres"": 0.0}",0.0,0.0,4995.99365234375,0.0,3.673511266708374,30.0,,0.0,0.0,30.0,150.0,-2.256878662109372,9.743121337890628,Leave_One_experiments/all_year_offline_schedule_search/daily_outputs/HLA/HLA_2021_HLA2021_normal_grid_S0013_daily.csv
HLA,HLA,Hailun,2021,Leave_One_experiments\wth_generated_qc\HLA\HLA2021.WTH,wet_year;nitrogen_stress_year;low_response_year,wet,HLA2021_normal_grid_S0013,irrigation_positive_candidate,2021-07-17,198,79,74,"{""sim_day"": 79.0, ""doy"": 198.0, ""topwt"": 5175.148315429688, ""grnwt"": 0.0, ""xlai"": 3.719087839126587, ""totir"": 30.0, ""tofer"": NaN, ""swfac"": 0.0, ""nstres"": 0.0}",0.0,0.0,5175.148315429688,0.0,3.719087839126587,30.0,,0.0,0.0,30.0,150.0,-2.256878662109372,9.743121337890628,Leave_One_experiments/all_year_offline_schedule_search/daily_outputs/HLA/HLA_2021_HLA2021_normal_grid_S0013_daily.csv
HLA,HLA,Hailun,2021,Leave_One_experiments\wth_generated_qc\HLA\HLA2021.WTH,wet_year;nitrogen_stress_year;low_response_year,wet,HLA2021_normal_grid_S0013,irrigation_positive_candidate,2021-07-18,199,80,75,"{""sim_day"": 80.0, ""doy"": 199.0, ""topwt"": 5397.8607177734375, ""grnwt"": 0.0, ""xlai"": 3.771363496780396, ""totir"": 30.0, ""tofer"": NaN, ""swfac"": 0.0, ""nstres"": 0.0037159919738769}",0.0,0.0037159919738769,5397.8607177734375,0.0,3.771363496780396,30.0,,0.0,0.0,30.0,150.0,-2.256878662109372,9.743121337890628,Leave_One_experiments/all_year_offline_schedule_search/daily_outputs/HLA/HLA_2021_HLA2021_normal_grid_S0013_daily.csv
HLA,HLA,Hailun,2021,Leave_One_experiments\wth_generated_qc\HLA\HLA2021.WTH,wet_year;nitrogen_stress_year;low_response_year,wet,HLA2021_normal_grid_S0013,irrigation_positive_candidate,2021-07-19,200,81,76,"{""sim_day"": 81.0, ""doy"": 200.0, ""topwt"": 5663.678588867188, ""grnwt"": 0.0, ""xlai"": 3.832606077194214, ""totir"": 30.0, ""tofer"": NaN, ""swfac"": 0.0, ""nstres"": 0.0067553520202636}",0.0,0.0067553520202636,5663.678588867188,0.0,3.832606077194214,30.0,,0.0,0.0,30.0,150.0,-2.256878662109372,9.743121337890628,Leave_One_experiments/all_year_offline_schedule_search/daily_outputs/HLA/HLA_2021_HLA2021_normal_grid_S0013_daily.csv
HLA,HLA,Hailun,2021,Leave_One_experiments\wth_generated_qc\HLA\HLA2021.WTH,wet_year;nitrogen_stress_year;low_response_year,wet,HLA2021_normal_grid_S0013,irrigation_positive_candidate,2021-07-20,201,82,77,"{""sim_day"": 82.0, ""doy"": 201.0, ""topwt"": 5957.4395751953125, ""grnwt"": 0.0, ""xlai"": 3.900095224380493, ""totir"": 30.0, ""tofer"": NaN, ""swfac"": 0.0, ""nstres"": 0.0076205730438232}",0.0,0.0076205730438232,5957.4395751953125,0.0,3.900095224380493,30.0,,0.0,0.0,30.0,150.0,-2.256878662109372,9.743121337890628,Leave_One_experiments/all_year_offline_schedule_search/daily_outputs/HLA/HLA_2021_HLA2021_normal_grid_S0013_daily.csv
HLA,HLA,Hailun,2021,Leave_One_experiments\wth_generated_qc\HLA\HLA2021.WTH,wet_year;nitrogen_stress_year;low_response_year,wet,HLA2021_normal_grid_S0013,irrigation_positive_candidate,2021-07-21,202,83,78,"{""sim_day"": 83.0, ""doy"": 202.0, ""topwt"": 6253.389892578125, ""grnwt"": 0.0, ""xlai"": 3.966286182403565, ""totir"": 30.0, ""tofer"": NaN, ""swfac"": 0.0, ""nstres"": 0.0109962224960327}",0.0,0.0109962224960327,6253.389892578125,0.0,3.966286182403565,30.0,,0.0,0.0,30.0,150.0,-2.256878662109372,9.743121337890628,Leave_One_experiments/all_year_offline_schedule_search/daily_outputs/HLA/HLA_2021_HLA2021_normal_grid_S0013_daily.csv
HLA,HLA,Hailun,2021,Leave_One_experiments\wth_generated_qc\HLA\HLA2021.WTH,wet_year;nitrogen_stress_year;low_response_year,wet,HLA2021_normal_grid_S0013,irrigation_positive_candidate,2021-07-22,203,84,79,"{""sim_day"": 84.0, ""doy"": 203.0, ""topwt"": 6538.271484375, ""grnwt"": 0.0, ""xlai"": 4.027102947235107, ""totir"": 30.0, ""tofer"": NaN, ""swfac"": 0.0, ""nstres"": 0.0159746408462524}",0.0,0.0159746408462524,6538.271484375,0.0,4.027102947235107,30.0,,0.0,0.0,30.0,150.0,-2.256878662109372,9.743121337890628,Leave_One_experiments/all_year_offline_schedule_search/daily_outputs/HLA/HLA_2021_HLA2021_normal_grid_S0013_daily.csv
HLA,HLA,Hailun,2021,Leave_One_experiments\wth_generated_qc\HLA\HLA2021.WTH,wet_year;nitrogen_stress_year;low_response_year,wet,HLA2021_normal_grid_S0013,irrigation_positive_candidate,2021-07-23,204,85,80,"{""sim_day"": 85.0, ""doy"": 204.0, ""topwt"": 6944.55810546875, ""grnwt"": 0.0, ""xlai"": 3.866099119186402, ""totir"": 30.0, ""tofer"": NaN, ""swfac"": 0.0, ""nstres"": 0.0193394422531127}",0.0,0.0193394422531127,6944.55810546875,0.0,3.866099119186402,30.0,,0.0,0.0,30.0,150.0,-2.256878662109372,9.743121337890628,Leave_One_experiments/all_year_offline_schedule_search/daily_outputs/HLA/HLA_2021_HLA2021_normal_grid_S0013_daily.csv
HLA,HLA,Hailun,2021,Leave_One_experiments\wth_generated_qc\HLA\HLA2021.WTH,wet_year;nitrogen_stress_year;low_response_year,wet,HLA2021_normal_grid_S0013,irrigation_positive_candidate,2021-07-24,205,86,81,"{""sim_day"": 86.0, ""doy"": 205.0, ""topwt"": 7122.5531005859375, ""grnwt"": 0.0, ""xlai"": 3.8501057624816895, ""totir"": 30.0, ""tofer"": NaN, ""swfac"": 0.0, ""nstres"": 0.0228253602981567}",0.0,0.0228253602981567,7122.5531005859375,0.0,3.8501057624816895,30.0,,0.0,0.0,30.0,150.0,-2.256878662109372,9.743121337890628,Leave_One_experiments/all_year_offline_schedule_search/daily_outputs/HLA/HLA_2021_HLA2021_normal_grid_S0013_daily.csv
HLA,HLA,Hailun,2021,Leave_One_experiments\wth_generated_qc\HLA\HLA2021.WTH,wet_year;nitrogen_stress_year;low_response_year,wet,HLA2021_normal_grid_S0013,irrigation_positive_candidate,2021-07-25,206,87,82,"{""sim_day"": 87.0, ""doy"": 206.0, ""topwt"": 7196.224365234375, ""grnwt"": 0.0, ""xlai"": 3.833653926849365, ""totir"": 30.0, ""tofer"": NaN, ""swfac"": 0.0, ""nstres"": 0.0238014459609985}",0.0,0.0238014459609985,7196.224365234375,0.0,3.833653926849365,30.0,,0.0,0.0,30.0,150.0,-2.256878662109372,9.743121337890628,Leave_One_experiments/all_year_offline_schedule_search/daily_outputs/HLA/HLA_2021_HLA2021_normal_grid_S0013_daily.csv
HLA,HLA,Hailun,2021,Leave_One_experiments\wth_generated_qc\HLA\HLA2021.WTH,wet_year;nitrogen_stress_year;low_response_year,wet,HLA2021_normal_grid_S0013,irrigation_positive_candidate,2021-07-26,207,88,83,"{""sim_day"": 88.0, ""doy"": 207.0, ""topwt"": 7426.3739013671875, ""grnwt"": 0.0, ""xlai"": 3.8156232833862314, ""totir"": 30.0, ""tofer"": NaN, ""swfac"": 0.0, ""nstres"": 0.0148639678955078}",0.0,0.0148639678955078,7426.3739013671875,0.0,3.8156232833862314,30.0,,0.0,0.0,30.0,150.0,-2.256878662109372,9.743121337890628,Leave_One_experiments/all_year_offline_schedule_search/daily_outputs/HLA/HLA_2021_HLA2021_normal_grid_S0013_daily.csv
HLA,HLA,Hailun,2021,Leave_One_experiments\wth_generated_qc\HLA\HLA2021.WTH,wet_year;nitrogen_stress_year;low_response_year,wet,HLA2021_normal_grid_S0013,irrigation_positive_candidate,2021-07-27,208,89,84,"{""sim_day"": 89.0, ""doy"": 208.0, ""topwt"": 7832.113037109375, ""grnwt"": 0.0, ""xlai"": 3.798051118850708, ""totir"": 30.0, ""tofer"": NaN, ""swfac"": 0.0, ""nstres"": 0.0020384788513183}",0.0,0.0020384788513183,7832.113037109375,0.0,3.798051118850708,30.0,,0.0,0.0,30.0,150.0,-2.256878662109372,9.743121337890628,Leave_One_experiments/all_year_offline_schedule_search/daily_outputs/HLA/HLA_2021_HLA2021_normal_grid_S0013_daily.csv
HLA,HLA,Hailun,2021,Leave_One_experiments\wth_generated_qc\HLA\HLA2021.WTH,wet_year;nitrogen_stress_year;low_response_year,wet,HLA2021_normal_grid_S0013,irrigation_positive_candidate,2021-07-28,209,90,85,"{""sim_day"": 90.0, ""doy"": 209.0, ""topwt"": 8014.171752929687, ""grnwt"": 0.0, ""xlai"": 3.7822611331939697, ""totir"": 30.0, ""tofer"": NaN, ""swfac"": 0.0, ""nstres"": 0.0}",0.0,0.0,8014.171752929687,0.0,3.7822611331939697,30.0,,0.0,0.0,30.0,150.0,-2.256878662109372,9.743121337890628,Leave_One_experiments/all_year_offline_schedule_search/daily_outputs/HLA/HLA_2021_HLA2021_normal_grid_S0013_daily.csv
HLA,HLA,Hailun,2021,Leave_One_experiments\wth_generated_qc\HLA\HLA2021.WTH,wet_year;nitrogen_stress_year;low_response_year,wet,HLA2021_normal_grid_S0013,irrigation_positive_candidate,2021-07-29,210,91,86,"{""sim_day"": 91.0, ""doy"": 210.0, ""topwt"": 8324.241943359375, ""grnwt"": 0.0, ""xlai"": 3.765504121780396, ""totir"": 30.0, ""tofer"": NaN, ""swfac"": 0.0, ""nstres"": 0.0}",0.0,0.0,8324.241943359375,0.0,3.765504121780396,30.0,,0.0,0.0,30.0,150.0,-2.256878662109372,9.743121337890628,Leave_One_experiments/all_year_offline_schedule_search/daily_outputs/HLA/HLA_2021_HLA2021_normal_grid_S0013_daily.csv
HLA,HLA,Hailun,2021,Leave_One_experiments\wth_generated_qc\HLA\HLA2021.WTH,wet_year;nitrogen_stress_year;low_response_year,wet,HLA2021_normal_grid_S0013,irrigation_positive_candidate,2021-07-30,211,92,87,"{""sim_day"": 92.0, ""doy"": 211.0, ""topwt"": 8441.334228515625, ""grnwt"": 0.0, ""xlai"": 3.7486960887908936, ""totir"": 30.0, ""tofer"": NaN, ""swfac"": 0.0, ""nstres"": 0.0}",0.0,0.0,8441.334228515625,0.0,3.7486960887908936,30.0,,0.0,0.0,30.0,150.0,-2.256878662109372,9.743121337890628,Leave_One_experiments/all_year_offline_schedule_search/daily_outputs/HLA/HLA_2021_HLA2021_normal_grid_S0013_daily.csv
HLA,HLA,Hailun,2021,Leave_One_experiments\wth_generated_qc\HLA\HLA2021.WTH,wet_year;nitrogen_stress_year;low_response_year,wet,HLA2021_normal_grid_S0013,irrigation_positive_candidate,2021-07-31,212,93,88,"{""sim_day"": 93.0, ""doy"": 212.0, ""topwt"": 8634.84619140625, ""grnwt"": 0.0, ""xlai"": 3.732957363128662, ""totir"": 30.0, ""tofer"": NaN, ""swfac"": 0.0, ""nstres"": 0.0}",0.0,0.0,8634.84619140625,0.0,3.732957363128662,30.0,,0.0,0.0,30.0,150.0,-2.256878662109372,9.743121337890628,Leave_One_experiments/all_year_offline_schedule_search/daily_outputs/HLA/HLA_2021_HLA2021_normal_grid_S0013_daily.csv
HLA,HLA,Hailun,2021,Leave_One_experiments\wth_generated_qc\HLA\HLA2021.WTH,wet_year;nitrogen_stress_year;low_response_year,wet,HLA2021_normal_grid_S0013,irrigation_positive_candidate,2021-08-01,213,94,89,"{""sim_day"": 94.0, ""doy"": 213.0, ""topwt"": 8702.947998046875, ""grnwt"": 0.0, ""xlai"": 3.721496820449829, ""totir"": 30.0, ""tofer"": NaN, ""swfac"": 0.0, ""nstres"": 0.0}",0.0,0.0,8702.947998046875,0.0,3.721496820449829,30.0,,0.0,0.0,30.0,150.0,-2.256878662109372,9.743121337890628,Leave_One_experiments/all_year_offline_schedule_search/daily_outputs/HLA/HLA_2021_HLA2021_normal_grid_S0013_daily.csv
HLA,HLA,Hailun,2021,Leave_One_experiments\wth_generated_qc\HLA\HLA2021.WTH,wet_year;nitrogen_stress_year;low_response_year,wet,HLA2021_normal_grid_S0013,irrigation_positive_candidate,2021-08-02,214,95,90,"{""sim_day"": 95.0, ""doy"": 214.0, ""topwt"": 8763.237915039062, ""grnwt"": 0.0, ""xlai"": 3.7082033157348633, ""totir"": 30.0, ""tofer"": NaN, ""swfac"": 0.0, ""nstres"": 0.0}",0.0,0.0,8763.237915039062,0.0,3.7082033157348633,30.0,,0.0,0.0,30.0,150.0,-2.256878662109372,9.743121337890628,Leave_One_experiments/all_year_offline_schedule_search/daily_outputs/HLA/HLA_2021_HLA2021_normal_grid_S0013_daily.csv
HLA,HLA,Hailun,2021,Leave_One_experiments\wth_generated_qc\HLA\HLA2021.WTH,wet_year;nitrogen_stress_year;low_response_year,wet,HLA2021_normal_grid_S0013,irrigation_positive_candidate,2021-08-03,215,96,91,"{""sim_day"": 96.0, ""doy"": 215.0, ""topwt"": 8892.349853515625, ""grnwt"": 129.1123008728027, ""xlai"": 3.621302366256714, ""totir"": 30.0, ""tofer"": NaN, ""swfac"": 0.0, ""nstres"": 0.0}",0.0,0.0,8892.349853515625,129.1123008728027,3.621302366256714,30.0,,0.0,0.0,30.0,150.0,-2.256878662109372,9.743121337890628,Leave_One_experiments/all_year_offline_schedule_search/daily_outputs/HLA/HLA_2021_HLA2021_normal_grid_S0013_daily.csv
HLA,HLA,Hailun,2021,Leave_One_experiments\wth_generated_qc\HLA\HLA2021.WTH,wet_year;nitrogen_stress_year;low_response_year,wet,HLA2021_normal_grid_S0013,irrigation_positive_candidate,2021-08-04,216,97,92,"{""sim_day"": 97.0, ""doy"": 216.0, ""topwt"": 9021.46240234375, ""grnwt"": 258.22460174560547, ""xlai"": 3.60879135131836, ""totir"": 30.0, ""tofer"": NaN, ""swfac"": 0.0, ""nstres"": 0.0}",0.0,0.0,9021.46240234375,258.22460174560547,3.60879135131836,30.0,,0.0,0.0,30.0,150.0,-2.256878662109372,9.743121337890628,Leave_One_experiments/all_year_offline_schedule_search/daily_outputs/HLA/HLA_2021_HLA2021_normal_grid_S0013_daily.csv
HLA,HLA,Hailun,2021,Leave_One_experiments\wth_generated_qc\HLA\HLA2021.WTH,wet_year;nitrogen_stress_year;low_response_year,wet,HLA2021_normal_grid_S0013,irrigation_positive_candidate,2021-08-05,217,98,93,"{""sim_day"": 98.0, ""doy"": 217.0, ""topwt"": 9150.574340820312, ""grnwt"": 387.3369216918945, ""xlai"": 3.5944643020629883, ""totir"": 30.0, ""tofer"": NaN, ""swfac"": 0.0, ""nstres"": 0.0}",0.0,0.0,9150.574340820312,387.3369216918945,3.5944643020629883,30.0,,0.0,0.0,30.0,150.0,-2.256878662109372,9.743121337890628,Leave_One_experiments/all_year_offline_schedule_search/daily_outputs/HLA/HLA_2021_HLA2021_normal_grid_S0013_daily.csv
HLA,HLA,Hailun,2021,Leave_One_experiments\wth_generated_qc\HLA\HLA2021.WTH,wet_year;nitrogen_stress_year;low_response_year,wet,HLA2021_normal_grid_S0013,irrigation_positive_candidate,2021-08-06,218,99,94,"{""sim_day"": 99.0, ""doy"": 218.0, ""topwt"": 9279.686889648438, ""grnwt"": 516.4492034912109, ""xlai"": 3.5765342712402344, ""totir"": 30.0, ""tofer"": NaN, ""swfac"": 0.0, ""nstres"": 0.0}",0.0,0.0,9279.686889648438,516.4492034912109,3.5765342712402344,30.0,,0.0,0.0,30.0,150.0,-2.256878662109372,9.743121337890628,Leave_One_experiments/all_year_offline_schedule_search/daily_outputs/HLA/HLA_2021_HLA2021_normal_grid_S0013_daily.csv
HLA,HLA,Hailun,2021,Leave_One_experiments\wth_generated_qc\HLA\HLA2021.WTH,wet_year;nitrogen_stress_year;low_response_year,wet,HLA2021_normal_grid_S0013,irrigation_positive_candidate,2021-08-07,219,100,95,"{""sim_day"": 100.0, ""doy"": 219.0, ""topwt"": 9408.798828125, ""grnwt"": 645.5615234375, ""xlai"": 3.554506063461304, ""totir"": 30.0, ""tofer"": NaN, ""swfac"": 0.0, ""nstres"": 0.0}",0.0,0.0,9408.798828125,645.5615234375,3.554506063461304,30.0,,0.0,0.0,30.0,150.0,-2.256878662109372,9.743121337890628,Leave_One_experiments/all_year_offline_schedule_search/daily_outputs/HLA/HLA_2021_HLA2021_normal_grid_S0013_daily.csv
HLA,HLA,Hailun,2021,Leave_One_experiments\wth_generated_qc\HLA\HLA2021.WTH,wet_year;nitrogen_stress_year;low_response_year,wet,HLA2021_normal_grid_S0013,irrigation_positive_candidate,2021-08-08,220,101,96,"{""sim_day"": 101.0, ""doy"": 220.0, ""topwt"": 9537.911376953123, ""grnwt"": 774.6737670898438, ""xlai"": 3.5345795154571533, ""totir"": 30.0, ""tofer"": NaN, ""swfac"": 0.0, ""nstres"": 0.0}",0.0,0.0,9537.911376953123,774.6737670898438,3.5345795154571533,30.0,,0.0,0.0,30.0,150.0,-2.256878662109372,9.743121337890628,Leave_One_experiments/all_year_offline_schedule_search/daily_outputs/HLA/HLA_2021_HLA2021_normal_grid_S0013_daily.csv
HLA,HLA,Hailun,2021,Leave_One_experiments\wth_generated_qc\HLA\HLA2021.WTH,wet_year;nitrogen_stress_year;low_response_year,wet,HLA2021_normal_grid_S0013,irrigation_positive_candidate,2021-08-09,221,102,97,"{""sim_day"": 102.0, ""doy"": 221.0, ""topwt"": 9667.023315429688, ""grnwt"": 903.7860870361328, ""xlai"": 3.5191433429718018, ""totir"": 30.0, ""tofer"": NaN, ""swfac"": 0.0, ""nstres"": 0.0}",0.0,0.0,9667.023315429688,903.7860870361328,3.5191433429718018,30.0,,0.0,0.0,30.0,150.0,-2.256878662109372,9.743121337890628,Leave_One_experiments/all_year_offline_schedule_search/daily_outputs/HLA/HLA_2021_HLA2021_normal_grid_S0013_daily.csv
HLA,HLA,Hailun,2021,Leave_One_experiments\wth_generated_qc\HLA\HLA2021.WTH,wet_year;nitrogen_stress_year;low_response_year,wet,HLA2021_normal_grid_S0013,irrigation_positive_candidate,2021-08-10,222,103,98,"{""sim_day"": 103.0, ""doy"": 222.0, ""topwt"": 9796.135864257812, ""grnwt"": 1032.898406982422, ""xlai"": 3.498316764831543, ""totir"": 30.0, ""tofer"": NaN, ""swfac"": 0.0, ""nstres"": 0.0}",0.0,0.0,9796.135864257812,1032.898406982422,3.498316764831543,30.0,,0.0,0.0,30.0,150.0,-2.256878662109372,9.743121337890628,Leave_One_experiments/all_year_offline_schedule_search/daily_outputs/HLA/HLA_2021_HLA2021_normal_grid_S0013_daily.csv
HLA,HLA,Hailun,2021,Leave_One_experiments\wth_generated_qc\HLA\HLA2021.WTH,wet_year;nitrogen_stress_year;low_response_year,wet,HLA2021_normal_grid_S0013,irrigation_positive_candidate,2021-08-11,223,104,99,"{""sim_day"": 104.0, ""doy"": 223.0, ""topwt"": 9925.247802734377, ""grnwt"": 1162.0108032226562, ""xlai"": 3.479929208755493, ""totir"": 30.0, ""tofer"": NaN, ""swfac"": 0.0, ""nstres"": 0.0051608085632324}",0.0,0.0051608085632324,9925.247802734377,1162.0108032226562,3.479929208755493,30.0,,0.0,0.0,30.0,150.0,-2.256878662109372,9.743121337890628,Leave_One_experiments/all_year_offline_schedule_search/daily_outputs/HLA/HLA_2021_HLA2021_normal_grid_S0013_daily.csv
HLA,HLA,Hailun,2021,Leave_One_experiments\wth_generated_qc\HLA\HLA2021.WTH,wet_year;nitrogen_stress_year;low_response_year,wet,HLA2021_normal_grid_S0013,irrigation_positive_candidate,2021-08-12,224,105,100,"{""sim_day"": 105.0, ""doy"": 224.0, ""topwt"": 10054.3603515625, ""grnwt"": 1291.123046875, ""xlai"": 3.4525487422943115, ""totir"": 30.0, ""tofer"": NaN, ""swfac"": 0.0, ""nstres"": 0.0092262625694274}",0.0,0.0092262625694274,10054.3603515625,1291.123046875,3.4525487422943115,30.0,,0.0,0.0,30.0,150.0,-2.256878662109372,9.743121337890628,Leave_One_experiments/all_year_offline_schedule_search/daily_outputs/HLA/HLA_2021_HLA2021_normal_grid_S0013_daily.csv
HLA,HLA,Hailun,2021,Leave_One_experiments\wth_generated_qc\HLA\HLA2021.WTH,wet_year;nitrogen_stress_year;low_response_year,wet,HLA2021_normal_grid_S0013,irrigation_positive_candidate,2021-08-13,225,106,101,"{""sim_day"": 106.0, ""doy"": 225.0, ""topwt"": 10183.472290039062, ""grnwt"": 1420.2354431152344, ""xlai"": 3.4216487407684326, ""totir"": 30.0, ""tofer"": NaN, ""swfac"": 0.0, ""nstres"": 0.0132731199264526}",0.0,0.0132731199264526,10183.472290039062,1420.2354431152344,3.4216487407684326,30.0,,0.0,0.0,30.0,150.0,-2.256878662109372,9.743121337890628,Leave_One_experiments/all_year_offline_schedule_search/daily_outputs/HLA/HLA_2021_HLA2021_normal_grid_S0013_daily.csv
HLA,HLA,Hailun,2021,Leave_One_experiments\wth_generated_qc\HLA\HLA2021.WTH,wet_year;nitrogen_stress_year;low_response_year,wet,HLA2021_normal_grid_S0013,irrigation_positive_candidate,2021-08-14,226,107,102,"{""sim_day"": 107.0, ""doy"": 226.0, ""topwt"": 10312.584228515623, ""grnwt"": 1549.3478393554688, ""xlai"": 3.390432834625244, ""totir"": 30.0, ""tofer"": NaN, ""swfac"": 0.0, ""nstres"": 0.0183212161064147}",0.0,0.0183212161064147,10312.584228515623,1549.3478393554688,3.390432834625244,30.0,,0.0,0.0,30.0,150.0,-2.256878662109372,9.743121337890628,Leave_One_experiments/all_year_offline_schedule_search/daily_outputs/HLA/HLA_2021_HLA2021_normal_grid_S0013_daily.csv
HLA,HLA,Hailun,2021,Leave_One_experiments\wth_generated_qc\HLA\HLA2021.WTH,wet_year;nitrogen_stress_year;low_response_year,wet,HLA2021_normal_grid_S0013,irrigation_positive_candidate,2021-08-15,227,108,103,"{""sim_day"": 108.0, ""doy"": 227.0, ""topwt"": 10441.69677734375, ""grnwt"": 1678.4600830078125, ""xlai"": 3.357532262802124, ""totir"": 30.0, ""tofer"": NaN, ""swfac"": 0.0, ""nstres"": 0.0238300561904907}",0.0,0.0238300561904907,10441.69677734375,1678.4600830078125,3.357532262802124,30.0,,0.0,0.0,30.0,150.0,-2.256878662109372,9.743121337890628,Leave_One_experiments/all_year_offline_schedule_search/daily_outputs/HLA/HLA_2021_HLA2021_normal_grid_S0013_daily.csv
HLA,HLA,Hailun,2021,Leave_One_experiments\wth_generated_qc\HLA\HLA2021.WTH,wet_year;nitrogen_stress_year;low_response_year,wet,HLA2021_normal_grid_S0013,irrigation_positive_candidate,2021-08-16,228,109,104,"{""sim_day"": 109.0, ""doy"": 228.0, ""topwt"": 10570.809326171877, ""grnwt"": 1807.572326660156, ""xlai"": 3.318594455718994, ""totir"": 30.0, ""tofer"": NaN, ""swfac"": 0.0, ""nstres"": 0.0286026000976562}",0.0,0.0286026000976562,10570.809326171877,1807.572326660156,3.318594455718994,30.0,,0.0,0.0,30.0,150.0,-2.256878662109372,9.743121337890628,Leave_One_experiments/all_year_offline_schedule_search/daily_outputs/HLA/HLA_2021_HLA2021_normal_grid_S0013_daily.csv
HLA,HLA,Hailun,2021,Leave_One_experiments\wth_generated_qc\HLA\HLA2021.WTH,wet_year;nitrogen_stress_year;low_response_year,wet,HLA2021_normal_grid_S0013,irrigation_positive_candidate,2021-08-17,229,110,105,"{""sim_day"": 110.0, ""doy"": 229.0, ""topwt"": 10699.921875, ""grnwt"": 1936.6845703125, ""xlai"": 3.2756922245025635, ""totir"": 30.0, ""tofer"": NaN, ""swfac"": 0.0, ""nstres"": 0.0332379341125488}",0.0,0.0332379341125488,10699.921875,1936.6845703125,3.2756922245025635,30.0,,0.0,0.0,30.0,150.0,-2.256878662109372,9.743121337890628,Leave_One_experiments/all_year_offline_schedule_search/daily_outputs/HLA/HLA_2021_HLA2021_normal_grid_S0013_daily.csv
HLA,HLA,Hailun,2021,Leave_One_experiments\wth_generated_qc\HLA\HLA2021.WTH,wet_year;nitrogen_stress_year;low_response_year,wet,HLA2021_normal_grid_S0013,irrigation_positive_candidate,2021-08-18,230,111,106,"{""sim_day"": 111.0, ""doy"": 230.0, ""topwt"": 10829.033203125, ""grnwt"": 2065.796813964844, ""xlai"": 3.2236487865448, ""totir"": 30.0, ""tofer"": NaN, ""swfac"": 0.0, ""nstres"": 0.0369070172309875}",0.0,0.0369070172309875,10829.033203125,2065.796813964844,3.2236487865448,30.0,,0.0,0.0,30.0,150.0,-2.256878662109372,9.743121337890628,Leave_One_experiments/all_year_offline_schedule_search/daily_outputs/HLA/HLA_2021_HLA2021_normal_grid_S0013_daily.csv
HLA,HLA,Hailun,2021,Leave_One_experiments\wth_generated_qc\HLA\HLA2021.WTH,wet_year;nitrogen_stress_year;low_response_year,wet,HLA2021_normal_grid_S0013,irrigation_positive_candidate,2021-08-19,231,112,107,"{""sim_day"": 112.0, ""doy"": 231.0, ""topwt"": 10958.145751953123, ""grnwt"": 2194.9090576171875, ""xlai"": 3.1642444133758545, ""totir"": 30.0, ""tofer"": NaN, ""swfac"": 0.0, ""nstres"": 0.0402203202247619}",0.0,0.0402203202247619,10958.145751953123,2194.9090576171875,3.1642444133758545,30.0,,0.0,0.0,30.0,150.0,-2.256878662109372,9.743121337890628,Leave_One_experiments/all_year_offline_schedule_search/daily_outputs/HLA/HLA_2021_HLA2021_normal_grid_S0013_daily.csv
HLA,HLA,Hailun,2021,Leave_One_experiments\wth_generated_qc\HLA\HLA2021.WTH,wet_year;nitrogen_stress_year;low_response_year,wet,HLA2021_normal_grid_S0013,irrigation_positive_candidate,2021-08-20,232,113,108,"{""sim_day"": 113.0, ""doy"": 232.0, ""topwt"": 11060.96435546875, ""grnwt"": 2324.0213012695312, ""xlai"": 3.114120960235596, ""totir"": 30.0, ""tofer"": NaN, ""swfac"": 0.0, ""nstres"": 0.0464110374450683}",0.0,0.0464110374450683,11060.96435546875,2324.0213012695312,3.114120960235596,30.0,,0.0,0.0,30.0,150.0,-2.256878662109372,9.743121337890628,Leave_One_experiments/all_year_offline_schedule_search/daily_outputs/HLA/HLA_2021_HLA2021_normal_grid_S0013_daily.csv
HLA,HLA,Hailun,2021,Leave_One_experiments\wth_generated_qc\HLA\HLA2021.WTH,wet_year;nitrogen_stress_year;low_response_year,wet,HLA2021_normal_grid_S0013,irrigation_positive_candidate,2021-08-21,233,114,109,"{""sim_day"": 114.0, ""doy"": 233.0, ""topwt"": 11131.688232421877, ""grnwt"": 2453.133544921875, ""xlai"": 3.068312406539917, ""totir"": 30.0, ""tofer"": NaN, ""swfac"": 0.0, ""nstres"": 0.0541304349899292}",0.0,0.0541304349899292,11131.688232421877,2453.133544921875,3.068312406539917,30.0,,0.0,0.0,30.0,150.0,-2.256878662109372,9.743121337890628,Leave_One_experiments/all_year_offline_schedule_search/daily_outputs/HLA/HLA_2021_HLA2021_normal_grid_S0013_daily.csv
HLA,HLA,Hailun,2021,Leave_One_experiments\wth_generated_qc\HLA\HLA2021.WTH,wet_year;nitrogen_stress_year;low_response_year,wet,HLA2021_normal_grid_S0013,irrigation_positive_candidate,2021-08-22,234,115,110,"{""sim_day"": 115.0, ""doy"": 234.0, ""topwt"": 11344.556884765623, ""grnwt"": 2582.2457885742188, ""xlai"": 3.010931968688965, ""totir"": 30.0, ""tofer"": NaN, ""swfac"": 0.0, ""nstres"": 0.0585461854934692}",0.0,0.0585461854934692,11344.556884765623,2582.2457885742188,3.010931968688965,30.0,,0.0,0.0,30.0,150.0,-2.256878662109372,9.743121337890628,Leave_One_experiments/all_year_offline_schedule_search/daily_outputs/HLA/HLA_2021_HLA2021_normal_grid_S0013_daily.csv
HLA,HLA,Hailun,2021,Leave_One_experiments\wth_generated_qc\HLA\HLA2021.WTH,wet_year;nitrogen_stress_year;low_response_year,wet,HLA2021_normal_grid_S0013,irrigation_positive_candidate,2021-08-23,235,116,111,"{""sim_day"": 116.0, ""doy"": 235.0, ""topwt"": 11474.5947265625, ""grnwt"": 2711.3580322265625, ""xlai"": 2.9509942531585693, ""totir"": 30.0, ""tofer"": NaN, ""swfac"": 0.0, ""nstres"": 0.0604233741760253}",0.0,0.0604233741760253,11474.5947265625,2711.3580322265625,2.9509942531585693,30.0,,0.0,0.0,30.0,150.0,-2.256878662109372,9.743121337890628,Leave_One_experiments/all_year_offline_schedule_search/daily_outputs/HLA/HLA_2021_HLA2021_normal_grid_S0013_daily.csv
HLA,HLA,Hailun,2021,Leave_One_experiments\wth_generated_qc\HLA\HLA2021.WTH,wet_year;nitrogen_stress_year;low_response_year,wet,HLA2021_normal_grid_S0013,irrigation_positive_candidate,2021-08-24,236,117,112,"{""sim_day"": 117.0, ""doy"": 236.0, ""topwt"": 11603.707275390623, ""grnwt"": 2840.4702758789062, ""xlai"": 2.884615182876587, ""totir"": 30.0, ""tofer"": NaN, ""swfac"": 0.0, ""nstres"": 0.0760376453399658}",0.0,0.0760376453399658,11603.707275390623,2840.4702758789062,2.884615182876587,30.0,,0.0,0.0,30.0,150.0,-2.256878662109372,9.743121337890628,Leave_One_experiments/all_year_offline_schedule_search/daily_outputs/HLA/HLA_2021_HLA2021_normal_grid_S0013_daily.csv
HLA,HLA,Hailun,2021,Leave_One_experiments\wth_generated_qc\HLA\HLA2021.WTH,wet_year;nitrogen_stress_year;low_response_year,wet,HLA2021_normal_grid_S0013,irrigation_positive_candidate,2021-08-25,237,118,113,"{""sim_day"": 118.0, ""doy"": 237.0, ""topwt"": 11732.81982421875, ""grnwt"": 2969.58251953125, ""xlai"": 2.8242783546447754, ""totir"": 30.0, ""tofer"": NaN, ""swfac"": 0.0, ""nstres"": 0.0851317644119262}",0.0,0.0851317644119262,11732.81982421875,2969.58251953125,2.8242783546447754,30.0,,0.0,0.0,30.0,150.0,-2.256878662109372,9.743121337890628,Leave_One_experiments/all_year_offline_schedule_search/daily_outputs/HLA/HLA_2021_HLA2021_normal_grid_S0013_daily.csv
HLA,HLA,Hailun,2021,Leave_One_experiments\wth_generated_qc\HLA\HLA2021.WTH,wet_year;nitrogen_stress_year;low_response_year,wet,HLA2021_normal_grid_S0013,irrigation_positive_candidate,2021-08-26,238,119,114,"{""sim_day"": 119.0, ""doy"": 238.0, ""topwt"": 11861.93115234375, ""grnwt"": 3098.6947631835938, ""xlai"": 2.760044813156128, ""totir"": 30.0, ""tofer"": NaN, ""swfac"": 0.0, ""nstres"": 0.0938483476638794}",0.0,0.0938483476638794,11861.93115234375,3098.6947631835938,2.760044813156128,30.0,,0.0,0.0,30.0,150.0,-2.256878662109372,9.743121337890628,Leave_One_experiments/all_year_offline_schedule_search/daily_outputs/HLA/HLA_2021_HLA2021_normal_grid_S0013_daily.csv
HLA,HLA,Hailun,2021,Leave_One_experiments\wth_generated_qc\HLA\HLA2021.WTH,wet_year;nitrogen_stress_year;low_response_year,wet,HLA2021_normal_grid_S0013,irrigation_positive_candidate,2021-08-27,239,120,115,"{""sim_day"": 120.0, ""doy"": 239.0, ""topwt"": 11991.043701171877, ""grnwt"": 3227.8073120117188, ""xlai"": 2.7005484104156494, ""totir"": 30.0, ""tofer"": NaN, ""swfac"": 0.0, ""nstres"": 0.1042699813842773}",0.0,0.1042699813842773,11991.043701171877,3227.8073120117188,2.7005484104156494,30.0,,0.0,0.0,30.0,150.0,-2.256878662109372,9.743121337890628,Leave_One_experiments/all_year_offline_schedule_search/daily_outputs/HLA/HLA_2021_HLA2021_normal_grid_S0013_daily.csv
HLA,HLA,Hailun,2021,Leave_One_experiments\wth_generated_qc\HLA\HLA2021.WTH,wet_year;nitrogen_stress_year;low_response_year,wet,HLA2021_normal_grid_S0013,irrigation_positive_candidate,2021-08-28,240,121,116,"{""sim_day"": 121.0, ""doy"": 240.0, ""topwt"": 12109.70458984375, ""grnwt"": 3346.4675903320312, ""xlai"": 2.6564507484436035, ""totir"": 30.0, ""tofer"": NaN, ""swfac"": 0.0, ""nstres"": 0.1164654493331909}",0.0,0.1164654493331909,12109.70458984375,3346.4675903320312,2.6564507484436035,30.0,,0.0,0.0,30.0,150.0,-2.256878662109372,9.743121337890628,Leave_One_experiments/all_year_offline_schedule_search/daily_outputs/HLA/HLA_2021_HLA2021_normal_grid_S0013_daily.csv
HLA,HLA,Hailun,2021,Leave_One_experiments\wth_generated_qc\HLA\HLA2021.WTH,wet_year;nitrogen_stress_year;low_response_year,wet,HLA2021_normal_grid_S0013,irrigation_positive_candidate,2021-08-29,241,122,117,"{""sim_day"": 122.0, ""doy"": 241.0, ""topwt"": 12199.4677734375, ""grnwt"": 3436.2310791015625, ""xlai"": 2.6136934757232666, ""totir"": 30.0, ""tofer"": NaN, ""swfac"": 0.0, ""nstres"": 0.1287639141082763}",0.0,0.1287639141082763,12199.4677734375,3436.2310791015625,2.6136934757232666,30.0,,0.0,0.0,30.0,150.0,-2.256878662109372,9.743121337890628,Leave_One_experiments/all_year_offline_schedule_search/daily_outputs/HLA/HLA_2021_HLA2021_normal_grid_S0013_daily.csv
HLA,HLA,Hailun,2021,Leave_One_experiments\wth_generated_qc\HLA\HLA2021.WTH,wet_year;nitrogen_stress_year;low_response_year,wet,HLA2021_normal_grid_S0013,irrigation_positive_candidate,2021-08-30,242,123,118,"{""sim_day"": 123.0, ""doy"": 242.0, ""topwt"": 12327.35107421875, ""grnwt"": 3564.1140747070312, ""xlai"": 2.569347381591797, ""totir"": 30.0, ""tofer"": NaN, ""swfac"": 0.0, ""nstres"": 0.1357349157333374}",0.0,0.1357349157333374,12327.35107421875,3564.1140747070312,2.569347381591797,30.0,,0.0,0.0,30.0,150.0,-2.256878662109372,9.743121337890628,Leave_One_experiments/all_year_offline_schedule_search/daily_outputs/HLA/HLA_2021_HLA2021_normal_grid_S0013_daily.csv
HLA,HLA,Hailun,2021,Leave_One_experiments\wth_generated_qc\HLA\HLA2021.WTH,wet_year;nitrogen_stress_year;low_response_year,wet,HLA2021_normal_grid_S0013,irrigation_positive_candidate,2021-08-31,243,124,119,"{""sim_day"": 124.0, ""doy"": 243.0, ""topwt"": 12456.46240234375, ""grnwt"": 3693.226318359375, ""xlai"": 2.492007255554199, ""totir"": 30.0, ""tofer"": NaN, ""swfac"": 0.0, ""nstres"": 0.1450599431991577}",0.0,0.1450599431991577,12456.46240234375,3693.226318359375,2.492007255554199,30.0,,0.0,0.0,30.0,150.0,-2.256878662109372,9.743121337890628,Leave_One_experiments/all_year_offline_schedule_search/daily_outputs/HLA/HLA_2021_HLA2021_normal_grid_S0013_daily.csv
HLA,HLA,Hailun,2021,Leave_One_experiments\wth_generated_qc\HLA\HLA2021.WTH,wet_year;nitrogen_stress_year;low_response_year,wet,HLA2021_normal_grid_S0013,irrigation_positive_candidate,2021-09-01,244,125,120,"{""sim_day"": 125.0, ""doy"": 244.0, ""topwt"": 12585.574951171877, ""grnwt"": 3822.338562011719, ""xlai"": 2.4084315299987797, ""totir"": 30.0, ""tofer"": NaN, ""swfac"": 0.0, ""nstres"": 0.1549158096313476}",0.0,0.1549158096313476,12585.574951171877,3822.338562011719,2.4084315299987797,30.0,,0.0,0.0,30.0,150.0,-2.256878662109372,9.743121337890628,Leave_One_experiments/all_year_offline_schedule_search/daily_outputs/HLA/HLA_2021_HLA2021_normal_grid_S0013_daily.csv
HLA,HLA,Hailun,2021,Leave_One_experiments\wth_generated_qc\HLA\HLA2021.WTH,wet_year;nitrogen_stress_year;low_response_year,wet,HLA2021_normal_grid_S0013,irrigation_positive_candidate,2021-09-02,245,126,121,"{""sim_day"": 126.0, ""doy"": 245.0, ""topwt"": 12714.6875, ""grnwt"": 3951.4508056640634, ""xlai"": 2.3126323223114014, ""totir"": 30.0, ""tofer"": NaN, ""swfac"": 0.0, ""nstres"": 0.1644659638404846}",0.0,0.1644659638404846,12714.6875,3951.4508056640634,2.3126323223114014,30.0,,0.0,0.0,30.0,150.0,-2.256878662109372,9.743121337890628,Leave_One_experiments/all_year_offline_schedule_search/daily_outputs/HLA/HLA_2021_HLA2021_normal_grid_S0013_daily.csv
HLA,HLA,Hailun,2021,Leave_One_experiments\wth_generated_qc\HLA\HLA2021.WTH,wet_year;nitrogen_stress_year;low_response_year,wet,HLA2021_normal_grid_S0013,irrigation_positive_candidate,2021-09-03,246,127,122,"{""sim_day"": 127.0, ""doy"": 246.0, ""topwt"": 12843.798828125, ""grnwt"": 4080.5630493164062, ""xlai"": 2.2024943828582764, ""totir"": 30.0, ""tofer"": NaN, ""swfac"": 0.0, ""nstres"": 0.1736043691635131}",0.0,0.1736043691635131,12843.798828125,4080.5630493164062,2.2024943828582764,30.0,,0.0,0.0,30.0,150.0,-2.256878662109372,9.743121337890628,Leave_One_experiments/all_year_offline_schedule_search/daily_outputs/HLA/HLA_2021_HLA2021_normal_grid_S0013_daily.csv
HLA,HLA,Hailun,2021,Leave_One_experiments\wth_generated_qc\HLA\HLA2021.WTH,wet_year;nitrogen_stress_year;low_response_year,wet,HLA2021_normal_grid_S0013,irrigation_positive_candidate,2021-09-04,247,128,123,"{""sim_day"": 128.0, ""doy"": 247.0, ""topwt"": 12972.91259765625, ""grnwt"": 4209.67529296875, ""xlai"": 2.0907561779022217, ""totir"": 30.0, ""tofer"": NaN, ""swfac"": 0.0, ""nstres"": 0.1832876205444336}",0.0,0.1832876205444336,12972.91259765625,4209.67529296875,2.0907561779022217,30.0,,0.0,0.0,30.0,150.0,-2.256878662109372,9.743121337890628,Leave_One_experiments/all_year_offline_schedule_search/daily_outputs/HLA/HLA_2021_HLA2021_normal_grid_S0013_daily.csv
HLA,HLA,Hailun,2021,Leave_One_experiments\wth_generated_qc\HLA\HLA2021.WTH,wet_year;nitrogen_stress_year;low_response_year,wet,HLA2021_normal_grid_S0013,irrigation_positive_candidate,2021-09-05,248,129,124,"{""sim_day"": 129.0, ""doy"": 248.0, ""topwt"": 13102.02392578125, ""grnwt"": 4338.787536621094, ""xlai"": 1.9849284887313845, ""totir"": 30.0, ""tofer"": NaN, ""swfac"": 0.0, ""nstres"": 0.1939103603363037}",0.0,0.1939103603363037,13102.02392578125,4338.787536621094,1.9849284887313845,30.0,,0.0,0.0,30.0,150.0,-2.256878662109372,9.743121337890628,Leave_One_experiments/all_year_offline_schedule_search/daily_outputs/HLA/HLA_2021_HLA2021_normal_grid_S0013_daily.csv
HLA,HLA,Hailun,2021,Leave_One_experiments\wth_generated_qc\HLA\HLA2021.WTH,wet_year;nitrogen_stress_year;low_response_year,wet,HLA2021_normal_grid_S0013,irrigation_positive_candidate,2021-09-06,249,130,125,"{""sim_day"": 130.0, ""doy"": 249.0, ""topwt"": 13174.638671875, ""grnwt"": 4467.8997802734375, ""xlai"": 1.8982079029083248, ""totir"": 30.0, ""tofer"": NaN, ""swfac"": 0.0, ""nstres"": 0.2180168032646179}",0.0,0.2180168032646179,13174.638671875,4467.8997802734375,1.8982079029083248,30.0,,0.0,0.0,30.0,150.0,-2.256878662109372,9.743121337890628,Leave_One_experiments/all_year_offline_schedule_search/daily_outputs/HLA/HLA_2021_HLA2021_normal_grid_S0013_daily.csv
HLA,HLA,Hailun,2021,Leave_One_experiments\wth_generated_qc\HLA\HLA2021.WTH,wet_year;nitrogen_stress_year;low_response_year,wet,HLA2021_normal_grid_S0013,irrigation_positive_candidate,2021-09-07,250,131,126,"{""sim_day"": 131.0, ""doy"": 250.0, ""topwt"": 13359.625244140623, ""grnwt"": 4597.012023925781, ""xlai"": 1.823549509048462, ""totir"": 30.0, ""tofer"": NaN, ""swfac"": 0.0, ""nstres"": 0.2564977407455444}",0.0,0.2564977407455444,13359.625244140623,4597.012023925781,1.823549509048462,30.0,,0.0,0.0,30.0,150.0,-2.256878662109372,9.743121337890628,Leave_One_experiments/all_year_offline_schedule_search/daily_outputs/HLA/HLA_2021_HLA2021_normal_grid_S0013_daily.csv
HLA,HLA,Hailun,2021,Leave_One_experiments\wth_generated_qc\HLA\HLA2021.WTH,wet_year;nitrogen_stress_year;low_response_year,wet,HLA2021_normal_grid_S0013,irrigation_positive_candidate,2021-09-08,251,132,127,"{""sim_day"": 132.0, ""doy"": 251.0, ""topwt"": 13431.74072265625, ""grnwt"": 4726.124267578125, ""xlai"": 1.7439374923706057, ""totir"": 30.0, ""tofer"": NaN, ""swfac"": 0.0, ""nstres"": 0.2802220582962036}",0.0,0.2802220582962036,13431.74072265625,4726.124267578125,1.7439374923706057,30.0,,0.0,0.0,30.0,150.0,-2.256878662109372,9.743121337890628,Leave_One_experiments/all_year_offline_schedule_search/daily_outputs/HLA/HLA_2021_HLA2021_normal_grid_S0013_daily.csv
HLA,HLA,Hailun,2021,Leave_One_experiments\wth_generated_qc\HLA\HLA2021.WTH,wet_year;nitrogen_stress_year;low_response_year,wet,HLA2021_normal_grid_S0013,irrigation_positive_candidate,2021-09-09,252,133,128,"{""sim_day"": 133.0, ""doy"": 252.0, ""topwt"": 13565.819091796877, ""grnwt"": 4853.392028808594, ""xlai"": 1.667495846748352, ""totir"": 30.0, ""tofer"": NaN, ""swfac"": 0.0, ""nstres"": 0.3332940340042114}",0.0,0.3332940340042114,13565.819091796877,4853.392028808594,1.667495846748352,30.0,,0.0,0.0,30.0,150.0,-2.256878662109372,9.743121337890628,Leave_One_experiments/all_year_offline_schedule_search/daily_outputs/HLA/HLA_2021_HLA2021_normal_grid_S0013_daily.csv
HLA,HLA,Hailun,2021,Leave_One_experiments\wth_generated_qc\HLA\HLA2021.WTH,wet_year;nitrogen_stress_year;low_response_year,wet,HLA2021_normal_grid_S0013,irrigation_positive_candidate,2021-09-10,253,134,129,"{""sim_day"": 134.0, ""doy"": 253.0, ""topwt"": 13649.541015625, ""grnwt"": 4930.859375, ""xlai"": 1.6146628856658936, ""totir"": 30.0, ""tofer"": NaN, ""swfac"": 0.0, ""nstres"": 0.360416054725647}",0.0,0.360416054725647,13649.541015625,4930.859375,1.6146628856658936,30.0,,0.0,0.0,30.0,150.0,-2.256878662109372,9.743121337890628,Leave_One_experiments/all_year_offline_schedule_search/daily_outputs/HLA/HLA_2021_HLA2021_normal_grid_S0013_daily.csv
HLA,HLA,Hailun,2021,Leave_One_experiments\wth_generated_qc\HLA\HLA2021.WTH,wet_year;nitrogen_stress_year;low_response_year,wet,HLA2021_normal_grid_S0013,irrigation_positive_candidate,2021-09-11,254,135,130,"{""sim_day"": 135.0, ""doy"": 254.0, ""topwt"": 13778.343505859377, ""grnwt"": 5024.312133789063, ""xlai"": 1.561939358711243, ""totir"": 30.0, ""tofer"": NaN, ""swfac"": 0.0, ""nstres"": 0.3836694359779358}",0.0,0.3836694359779358,13778.343505859377,5024.312133789063,1.561939358711243,30.0,,0.0,0.0,30.0,150.0,-2.256878662109372,9.743121337890628,Leave_One_experiments/all_year_offline_schedule_search/daily_outputs/HLA/HLA_2021_HLA2021_normal_grid_S0013_daily.csv
HLA,HLA,Hailun,2021,Leave_One_experiments\wth_generated_qc\HLA\HLA2021.WTH,wet_year;nitrogen_stress_year;low_response_year,wet,HLA2021_normal_grid_S0013,irrigation_positive_candidate,2021-09-12,255,136,131,"{""sim_day"": 136.0, ""doy"": 255.0, ""topwt"": 13778.343505859377, ""grnwt"": 5024.312133789063, ""xlai"": 1.561939358711243, ""totir"": 30.0, ""tofer"": NaN, ""swfac"": 0.0, ""nstres"": 0.4134016036987304}",0.0,0.4134016036987304,13778.343505859377,5024.312133789063,1.561939358711243,30.0,,0.0,0.0,30.0,150.0,-2.256878662109372,9.743121337890628,Leave_One_experiments/all_year_offline_schedule_search/daily_outputs/HLA/HLA_2021_HLA2021_normal_grid_S0013_daily.csv
HLA,HLA,Hailun,2021,Leave_One_experiments\wth_generated_qc\HLA\HLA2021.WTH,wet_year;nitrogen_stress_year;low_response_year,wet,HLA2021_normal_grid_S0013,irrigation_positive_candidate,2021-09-13,256,137,132,"{""sim_day"": 137.0, ""doy"": 256.0, ""topwt"": 13778.343505859377, ""grnwt"": 5024.312133789063, ""xlai"": 1.561939358711243, ""totir"": 30.0, ""tofer"": NaN, ""swfac"": 0.0, ""nstres"": 0.4134016036987304}",0.0,0.4134016036987304,13778.343505859377,5024.312133789063,1.561939358711243,30.0,,0.0,0.0,30.0,150.0,-2.256878662109372,9.743121337890628,Leave_One_experiments/all_year_offline_schedule_search/daily_outputs/HLA/HLA_2021_HLA2021_normal_grid_S0013_daily.csv
HLA,HLA,Hailun,2021,Leave_One_experiments\wth_generated_qc\HLA\HLA2021.WTH,wet_year;nitrogen_stress_year;low_response_year,wet,HLA2021_normal_grid_S0013,irrigation_positive_candidate,2021-09-14,257,138,133,"{""sim_day"": 138.0, ""doy"": 257.0, ""topwt"": 13778.343505859377, ""grnwt"": 5024.312133789063, ""xlai"": 1.561939358711243, ""totir"": 30.0, ""tofer"": NaN, ""swfac"": 0.0, ""nstres"": 0.4134016036987304}",0.0,0.4134016036987304,13778.343505859377,5024.312133789063,1.561939358711243,30.0,,0.0,0.0,30.0,150.0,-2.256878662109372,9.743121337890628,Leave_One_experiments/all_year_offline_schedule_search/daily_outputs/HLA/HLA_2021_HLA2021_normal_grid_S0013_daily.csv
HLA,HLA,Hailun,2021,Leave_One_experiments\wth_generated_qc\HLA\HLA2021.WTH,wet_year;nitrogen_stress_year;low_response_year,wet,HLA2021_normal_grid_S0013,irrigation_positive_candidate,2021-09-15,258,139,134,"{""sim_day"": 139.0, ""doy"": 258.0, ""topwt"": 13778.343505859377, ""grnwt"": 5024.312133789063, ""xlai"": 1.561939358711243, ""totir"": 30.0, ""tofer"": NaN, ""swfac"": 0.0, ""nstres"": 0.4134016036987304}",0.0,0.4134016036987304,13778.343505859377,5024.312133789063,1.561939358711243,30.0,,0.0,0.0,30.0,150.0,-2.256878662109372,9.743121337890628,Leave_One_experiments/all_year_offline_schedule_search/daily_outputs/HLA/HLA_2021_HLA2021_normal_grid_S0013_daily.csv
HLA,HLA,Hailun,2021,Leave_One_experiments\wth_generated_qc\HLA\HLA2021.WTH,wet_year;nitrogen_stress_year;low_response_year,wet,HLA2021_normal_grid_S0013,irrigation_positive_candidate,2021-09-16,259,140,135,"{""sim_day"": 140.0, ""doy"": 259.0, ""topwt"": 13778.343505859377, ""grnwt"": 5024.312133789063, ""xlai"": 1.561939358711243, ""totir"": 30.0, ""tofer"": NaN, ""swfac"": 0.0, ""nstres"": 0.4134016036987304}",0.0,0.4134016036987304,13778.343505859377,5024.312133789063,1.561939358711243,30.0,,0.0,0.0,30.0,150.0,-2.256878662109372,9.743121337890628,Leave_One_experiments/all_year_offline_schedule_search/daily_outputs/HLA/HLA_2021_HLA2021_normal_grid_S0013_daily.csv
HLA,HLA,Hailun,2021,Leave_One_experiments\wth_generated_qc\HLA\HLA2021.WTH,wet_year;nitrogen_stress_year;low_response_year,wet,HLA2021_normal_grid_S0010,low_input_within_10pct_yield,2021-05-05,125,1,1,"{""sim_day"": 1.0, ""doy"": 125.0, ""topwt"": 0.0, ""grnwt"": 0.0, ""xlai"": 0.0, ""totir"": 0.0, ""tofer"": NaN, ""swfac"": 0.0, ""nstres"": 0.0}",0.0,0.0,0.0,0.0,0.0,0.0,,0.0,50.0,0.0,150.0,12.523712158203123,12.523712158203123,Leave_One_experiments/all_year_offline_schedule_search/daily_outputs/HLA/HLA_2021_HLA2021_normal_grid_S0010_daily.csv
HLA,HLA,Hailun,2021,Leave_One_experiments\wth_generated_qc\HLA\HLA2021.WTH,wet_year;nitrogen_stress_year;low_response_year,wet,HLA2021_normal_grid_S0010,low_input_within_10pct_yield,2021-05-06,126,2,2,"{""sim_day"": 2.0, ""doy"": 126.0, ""topwt"": 0.0, ""grnwt"": 0.0, ""xlai"": 0.0, ""totir"": 0.0, ""tofer"": NaN, ""swfac"": 0.0, ""nstres"": 0.0}",0.0,0.0,0.0,0.0,0.0,0.0,,0.0,0.0,0.0,150.0,12.523712158203123,12.523712158203123,Leave_One_experiments/all_year_offline_schedule_search/daily_outputs/HLA/HLA_2021_HLA2021_normal_grid_S0010_daily.csv
HLA,HLA,Hailun,2021,Leave_One_experiments\wth_generated_qc\HLA\HLA2021.WTH,wet_year;nitrogen_stress_year;low_response_year,wet,HLA2021_normal_grid_S0010,low_input_within_10pct_yield,2021-05-07,127,3,3,"{""sim_day"": 3.0, ""doy"": 127.0, ""topwt"": 0.0, ""grnwt"": 0.0, ""xlai"": 0.0, ""totir"": 0.0, ""tofer"": NaN, ""swfac"": 0.0, ""nstres"": 0.0}",0.0,0.0,0.0,0.0,0.0,0.0,,0.0,0.0,0.0,150.0,12.523712158203123,12.523712158203123,Leave_One_experiments/all_year_offline_schedule_search/daily_outputs/HLA/HLA_2021_HLA2021_normal_grid_S0010_daily.csv
HLA,HLA,Hailun,2021,Leave_One_experiments\wth_generated_qc\HLA\HLA2021.WTH,wet_year;nitrogen_stress_year;low_response_year,wet,HLA2021_normal_grid_S0010,low_input_within_10pct_yield,2021-05-08,128,4,4,"{""sim_day"": 4.0, ""doy"": 128.0, ""topwt"": 0.0, ""grnwt"": 0.0, ""xlai"": 0.0, ""totir"": 0.0, ""tofer"": NaN, ""swfac"": 0.0, ""nstres"": 0.0}",0.0,0.0,0.0,0.0,0.0,0.0,,0.0,0.0,0.0,150.0,12.523712158203123,12.523712158203123,Leave_One_experiments/all_year_offline_schedule_search/daily_outputs/HLA/HLA_2021_HLA2021_normal_grid_S0010_daily.csv
HLA,HLA,Hailun,2021,Leave_One_experiments\wth_generated_qc\HLA\HLA2021.WTH,wet_year;nitrogen_stress_year;low_response_year,wet,HLA2021_normal_grid_S0010,low_input_within_10pct_yield,2021-05-09,129,5,5,"{""sim_day"": 5.0, ""doy"": 129.0, ""topwt"": 0.0, ""grnwt"": 0.0, ""xlai"": 0.0, ""totir"": 0.0, ""tofer"": NaN, ""swfac"": 0.0, ""nstres"": 0.0}",0.0,0.0,0.0,0.0,0.0,0.0,,0.0,0.0,0.0,150.0,12.523712158203123,12.523712158203123,Leave_One_experiments/all_year_offline_schedule_search/daily_outputs/HLA/HLA_2021_HLA2021_normal_grid_S0010_daily.csv
HLA,HLA,Hailun,2021,Leave_One_experiments\wth_generated_qc\HLA\HLA2021.WTH,wet_year;nitrogen_stress_year;low_response_year,wet,HLA2021_normal_grid_S0010,low_input_within_10pct_yield,2021-05-05,125,6,1,"{""sim_day"": 6.0, ""doy"": 125.0, ""topwt"": 0.0, ""grnwt"": 0.0, ""xlai"": 0.0, ""totir"": 0.0, ""tofer"": NaN, ""swfac"": 0.0, ""nstres"": 0.0}",0.0,0.0,0.0,0.0,0.0,0.0,,0.0,0.0,0.0,150.0,12.523712158203123,12.523712158203123,Leave_One_experiments/all_year_offline_schedule_search/daily_outputs/HLA/HLA_2021_HLA2021_normal_grid_S0010_daily.csv
HLA,HLA,Hailun,2021,Leave_One_experiments\wth_generated_qc\HLA\HLA2021.WTH,wet_year;nitrogen_stress_year;low_response_year,wet,HLA2021_normal_grid_S0010,low_input_within_10pct_yield,2021-05-06,126,7,2,"{""sim_day"": 7.0, ""doy"": 126.0, ""topwt"": 0.0, ""grnwt"": 0.0, ""xlai"": 0.0, ""totir"": 0.0, ""tofer"": NaN, ""swfac"": 0.0, ""nstres"": 0.0}",0.0,0.0,0.0,0.0,0.0,0.0,,0.0,0.0,0.0,150.0,12.523712158203123,12.523712158203123,Leave_One_experiments/all_year_offline_schedule_search/daily_outputs/HLA/HLA_2021_HLA2021_normal_grid_S0010_daily.csv
HLA,HLA,Hailun,2021,Leave_One_experiments\wth_generated_qc\HLA\HLA2021.WTH,wet_year;nitrogen_stress_year;low_response_year,wet,HLA2021_normal_grid_S0010,low_input_within_10pct_yield,2021-05-07,127,8,3,"{""sim_day"": 8.0, ""doy"": 127.0, ""topwt"": 0.0, ""grnwt"": 0.0, ""xlai"": 0.0, ""totir"": 0.0, ""tofer"": NaN, ""swfac"": 0.0, ""nstres"": 0.0}",0.0,0.0,0.0,0.0,0.0,0.0,,0.0,0.0,0.0,150.0,12.523712158203123,12.523712158203123,Leave_One_experiments/all_year_offline_schedule_search/daily_outputs/HLA/HLA_2021_HLA2021_normal_grid_S0010_daily.csv
HLA,HLA,Hailun,2021,Leave_One_experiments\wth_generated_qc\HLA\HLA2021.WTH,wet_year;nitrogen_stress_year;low_response_year,wet,HLA2021_normal_grid_S0010,low_input_within_10pct_yield,2021-05-08,128,9,4,"{""sim_day"": 9.0, ""doy"": 128.0, ""topwt"": 0.0, ""grnwt"": 0.0, ""xlai"": 0.0, ""totir"": 0.0, ""tofer"": NaN, ""swfac"": 0.0, ""nstres"": 0.0}",0.0,0.0,0.0,0.0,0.0,0.0,,0.0,0.0,0.0,150.0,12.523712158203123,12.523712158203123,Leave_One_experiments/all_year_offline_schedule_search/daily_outputs/HLA/HLA_2021_HLA2021_normal_grid_S0010_daily.csv
HLA,HLA,Hailun,2021,Leave_One_experiments\wth_generated_qc\HLA\HLA2021.WTH,wet_year;nitrogen_stress_year;low_response_year,wet,HLA2021_normal_grid_S0010,low_input_within_10pct_yield,2021-05-09,129,10,5,"{""sim_day"": 10.0, ""doy"": 129.0, ""topwt"": 0.0, ""grnwt"": 0.0, ""xlai"": 0.0, ""totir"": 0.0, ""tofer"": NaN, ""swfac"": 0.0, ""nstres"": 0.0}",0.0,0.0,0.0,0.0,0.0,0.0,,0.0,0.0,0.0,150.0,12.523712158203123,12.523712158203123,Leave_One_experiments/all_year_offline_schedule_search/daily_outputs/HLA/HLA_2021_HLA2021_normal_grid_S0010_daily.csv
HLA,HLA,Hailun,2021,Leave_One_experiments\wth_generated_qc\HLA\HLA2021.WTH,wet_year;nitrogen_stress_year;low_response_year,wet,HLA2021_normal_grid_S0010,low_input_within_10pct_yield,2021-05-10,130,11,6,"{""sim_day"": 11.0, ""doy"": 130.0, ""topwt"": 0.0, ""grnwt"": 0.0, ""xlai"": 0.0, ""totir"": 0.0, ""tofer"": NaN, ""swfac"": 0.0, ""nstres"": 0.0}",0.0,0.0,0.0,0.0,0.0,0.0,,0.0,0.0,0.0,150.0,12.523712158203123,12.523712158203123,Leave_One_experiments/all_year_offline_schedule_search/daily_outputs/HLA/HLA_2021_HLA2021_normal_grid_S0010_daily.csv
HLA,HLA,Hailun,2021,Leave_One_experiments\wth_generated_qc\HLA\HLA2021.WTH,wet_year;nitrogen_stress_year;low_response_year,wet,HLA2021_normal_grid_S0010,low_input_within_10pct_yield,2021-05-11,131,12,7,"{""sim_day"": 12.0, ""doy"": 131.0, ""topwt"": 0.0, ""grnwt"": 0.0, ""xlai"": 0.0, ""totir"": 0.0, ""tofer"": NaN, ""swfac"": 0.0, ""nstres"": 0.0}",0.0,0.0,0.0,0.0,0.0,0.0,,0.0,0.0,0.0,150.0,12.523712158203123,12.523712158203123,Leave_One_experiments/all_year_offline_schedule_search/daily_outputs/HLA/HLA_2021_HLA2021_normal_grid_S0010_daily.csv
HLA,HLA,Hailun,2021,Leave_One_experiments\wth_generated_qc\HLA\HLA2021.WTH,wet_year;nitrogen_stress_year;low_response_year,wet,HLA2021_normal_grid_S0010,low_input_within_10pct_yield,2021-05-12,132,13,8,"{""sim_day"": 13.0, ""doy"": 132.0, ""topwt"": 0.0, ""grnwt"": 0.0, ""xlai"": 0.0, ""totir"": 0.0, ""tofer"": NaN, ""swfac"": 0.0, ""nstres"": 0.0}",0.0,0.0,0.0,0.0,0.0,0.0,,0.0,0.0,0.0,150.0,12.523712158203123,12.523712158203123,Leave_One_experiments/all_year_offline_schedule_search/daily_outputs/HLA/HLA_2021_HLA2021_normal_grid_S0010_daily.csv
HLA,HLA,Hailun,2021,Leave_One_experiments\wth_generated_qc\HLA\HLA2021.WTH,wet_year;nitrogen_stress_year;low_response_year,wet,HLA2021_normal_grid_S0010,low_input_within_10pct_yield,2021-05-13,133,14,9,"{""sim_day"": 14.0, ""doy"": 133.0, ""topwt"": 0.0, ""grnwt"": 0.0, ""xlai"": 0.0, ""totir"": 0.0, ""tofer"": NaN, ""swfac"": 0.0, ""nstres"": 0.0}",0.0,0.0,0.0,0.0,0.0,0.0,,0.0,0.0,0.0,150.0,12.523712158203123,12.523712158203123,Leave_One_experiments/all_year_offline_schedule_search/daily_outputs/HLA/HLA_2021_HLA2021_normal_grid_S0010_daily.csv
HLA,HLA,Hailun,2021,Leave_One_experiments\wth_generated_qc\HLA\HLA2021.WTH,wet_year;nitrogen_stress_year;low_response_year,wet,HLA2021_normal_grid_S0010,low_input_within_10pct_yield,2021-05-14,134,15,10,"{""sim_day"": 15.0, ""doy"": 134.0, ""topwt"": 0.0, ""grnwt"": 0.0, ""xlai"": 0.0, ""totir"": 0.0, ""tofer"": NaN, ""swfac"": 0.0, ""nstres"": 0.0}",0.0,0.0,0.0,0.0,0.0,0.0,,0.0,0.0,0.0,150.0,12.523712158203123,12.523712158203123,Leave_One_experiments/all_year_offline_schedule_search/daily_outputs/HLA/HLA_2021_HLA2021_normal_grid_S0010_daily.csv
HLA,HLA,Hailun,2021,Leave_One_experiments\wth_generated_qc\HLA\HLA2021.WTH,wet_year;nitrogen_stress_year;low_response_year,wet,HLA2021_normal_grid_S0010,low_input_within_10pct_yield,2021-05-15,135,16,11,"{""sim_day"": 16.0, ""doy"": 135.0, ""topwt"": 0.0, ""grnwt"": 0.0, ""xlai"": 0.0, ""totir"": 0.0, ""tofer"": NaN, ""swfac"": 0.0, ""nstres"": 0.0}",0.0,0.0,0.0,0.0,0.0,0.0,,0.0,0.0,0.0,150.0,12.523712158203123,12.523712158203123,Leave_One_experiments/all_year_offline_schedule_search/daily_outputs/HLA/HLA_2021_HLA2021_normal_grid_S0010_daily.csv
HLA,HLA,Hailun,2021,Leave_One_experiments\wth_generated_qc\HLA\HLA2021.WTH,wet_year;nitrogen_stress_year;low_response_year,wet,HLA2021_normal_grid_S0010,low_input_within_10pct_yield,2021-05-16,136,17,12,"{""sim_day"": 17.0, ""doy"": 136.0, ""topwt"": 0.0, ""grnwt"": 0.0, ""xlai"": 0.0, ""totir"": 0.0, ""tofer"": NaN, ""swfac"": 0.0, ""nstres"": 0.0}",0.0,0.0,0.0,0.0,0.0,0.0,,0.0,0.0,0.0,150.0,12.523712158203123,12.523712158203123,Leave_One_experiments/all_year_offline_schedule_search/daily_outputs/HLA/HLA_2021_HLA2021_normal_grid_S0010_daily.csv
HLA,HLA,Hailun,2021,Leave_One_experiments\wth_generated_qc\HLA\HLA2021.WTH,wet_year;nitrogen_stress_year;low_response_year,wet,HLA2021_normal_grid_S0010,low_input_within_10pct_yield,2021-05-17,137,18,13,"{""sim_day"": 18.0, ""doy"": 137.0, ""topwt"": 20.0, ""grnwt"": 0.0, ""xlai"": 0.0029451723676174, ""totir"": 0.0, ""tofer"": NaN, ""swfac"": 0.0, ""nstres"": 0.0121910572052001}",0.0,0.0121910572052001,20.0,0.0,0.0029451723676174,0.0,,0.0,0.0,0.0,150.0,12.523712158203123,12.523712158203123,Leave_One_experiments/all_year_offline_schedule_search/daily_outputs/HLA/HLA_2021_HLA2021_normal_grid_S0010_daily.csv
HLA,HLA,Hailun,2021,Leave_One_experiments\wth_generated_qc\HLA\HLA2021.WTH,wet_year;nitrogen_stress_year;low_response_year,wet,HLA2021_normal_grid_S0010,low_input_within_10pct_yield,2021-05-18,138,19,14,"{""sim_day"": 19.0, ""doy"": 138.0, ""topwt"": 20.0, ""grnwt"": 0.0, ""xlai"": 0.0047085876576602, ""totir"": 0.0, ""tofer"": NaN, ""swfac"": 0.0, ""nstres"": 0.0137567520141601}",0.0,0.0137567520141601,20.0,0.0,0.0047085876576602,0.0,,0.0,0.0,0.0,150.0,12.523712158203123,12.523712158203123,Leave_One_experiments/all_year_offline_schedule_search/daily_outputs/HLA/HLA_2021_HLA2021_normal_grid_S0010_daily.csv
HLA,HLA,Hailun,2021,Leave_One_experiments\wth_generated_qc\HLA\HLA2021.WTH,wet_year;nitrogen_stress_year;low_response_year,wet,HLA2021_normal_grid_S0010,low_input_within_10pct_yield,2021-05-19,139,20,15,"{""sim_day"": 20.0, ""doy"": 139.0, ""topwt"": 20.0, ""grnwt"": 0.0, ""xlai"": 0.0071015935391187, ""totir"": 0.0, ""tofer"": NaN, ""swfac"": 0.0, ""nstres"": 0.0091074705123901}",0.0,0.0091074705123901,20.0,0.0,0.0071015935391187,0.0,,0.0,0.0,0.0,150.0,12.523712158203123,12.523712158203123,Leave_One_experiments/all_year_offline_schedule_search/daily_outputs/HLA/HLA_2021_HLA2021_normal_grid_S0010_daily.csv
HLA,HLA,Hailun,2021,Leave_One_experiments\wth_generated_qc\HLA\HLA2021.WTH,wet_year;nitrogen_stress_year;low_response_year,wet,HLA2021_normal_grid_S0010,low_input_within_10pct_yield,2021-05-20,140,21,16,"{""sim_day"": 21.0, ""doy"": 140.0, ""topwt"": 20.0, ""grnwt"": 0.0, ""xlai"": 0.0104569485411047, ""totir"": 0.0, ""tofer"": NaN, ""swfac"": 0.0, ""nstres"": 0.003299593925476}",0.0,0.003299593925476,20.0,0.0,0.0104569485411047,0.0,,0.0,0.0,0.0,150.0,12.523712158203123,12.523712158203123,Leave_One_experiments/all_year_offline_schedule_search/daily_outputs/HLA/HLA_2021_HLA2021_normal_grid_S0010_daily.csv
HLA,HLA,Hailun,2021,Leave_One_experiments\wth_generated_qc\HLA\HLA2021.WTH,wet_year;nitrogen_stress_year;low_response_year,wet,HLA2021_normal_grid_S0010,low_input_within_10pct_yield,2021-05-21,141,22,17,"{""sim_day"": 22.0, ""doy"": 141.0, ""topwt"": 20.0, ""grnwt"": 0.0, ""xlai"": 0.0150464139878749, ""totir"": 0.0, ""tofer"": NaN, ""swfac"": 0.0, ""nstres"": 0.0}",0.0,0.0,20.0,0.0,0.0150464139878749,0.0,,0.0,0.0,0.0,150.0,12.523712158203123,12.523712158203123,Leave_One_experiments/all_year_offline_schedule_search/daily_outputs/HLA/HLA_2021_HLA2021_normal_grid_S0010_daily.csv
HLA,HLA,Hailun,2021,Leave_One_experiments\wth_generated_qc\HLA\HLA2021.WTH,wet_year;nitrogen_stress_year;low_response_year,wet,HLA2021_normal_grid_S0010,low_input_within_10pct_yield,2021-05-22,142,23,18,"{""sim_day"": 23.0, ""doy"": 142.0, ""topwt"": 20.0, ""grnwt"": 0.0, ""xlai"": 0.0234904345124959, ""totir"": 0.0, ""tofer"": NaN, ""swfac"": 0.0, ""nstres"": 0.0}",0.0,0.0,20.0,0.0,0.0234904345124959,0.0,,0.0,0.0,0.0,150.0,12.523712158203123,12.523712158203123,Leave_One_experiments/all_year_offline_schedule_search/daily_outputs/HLA/HLA_2021_HLA2021_normal_grid_S0010_daily.csv
HLA,HLA,Hailun,2021,Leave_One_experiments\wth_generated_qc\HLA\HLA2021.WTH,wet_year;nitrogen_stress_year;low_response_year,wet,HLA2021_normal_grid_S0010,low_input_within_10pct_yield,2021-05-23,143,24,19,"{""sim_day"": 24.0, ""doy"": 143.0, ""topwt"": 20.0, ""grnwt"": 0.0, ""xlai"": 0.0266627222299575, ""totir"": 0.0, ""tofer"": NaN, ""swfac"": 0.0, ""nstres"": 0.0}",0.0,0.0,20.0,0.0,0.0266627222299575,0.0,,0.0,0.0,0.0,150.0,12.523712158203123,12.523712158203123,Leave_One_experiments/all_year_offline_schedule_search/daily_outputs/HLA/HLA_2021_HLA2021_normal_grid_S0010_daily.csv
HLA,HLA,Hailun,2021,Leave_One_experiments\wth_generated_qc\HLA\HLA2021.WTH,wet_year;nitrogen_stress_year;low_response_year,wet,HLA2021_normal_grid_S0010,low_input_within_10pct_yield,2021-05-24,144,25,20,"{""sim_day"": 25.0, ""doy"": 144.0, ""topwt"": 20.0, ""grnwt"": 0.0, ""xlai"": 0.0301265642046928, ""totir"": 0.0, ""tofer"": NaN, ""swfac"": 0.0, ""nstres"": 0.0}",0.0,0.0,20.0,0.0,0.0301265642046928,0.0,,0.0,0.0,0.0,150.0,12.523712158203123,12.523712158203123,Leave_One_experiments/all_year_offline_schedule_search/daily_outputs/HLA/HLA_2021_HLA2021_normal_grid_S0010_daily.csv
HLA,HLA,Hailun,2021,Leave_One_experiments\wth_generated_qc\HLA\HLA2021.WTH,wet_year;nitrogen_stress_year;low_response_year,wet,HLA2021_normal_grid_S0010,low_input_within_10pct_yield,2021-05-25,145,26,21,"{""sim_day"": 26.0, ""doy"": 145.0, ""topwt"": 20.85622787475586, ""grnwt"": 0.0, ""xlai"": 0.0363642461597919, ""totir"": 0.0, ""tofer"": NaN, ""swfac"": 0.0, ""nstres"": 0.0}",0.0,0.0,20.85622787475586,0.0,0.0363642461597919,0.0,,0.0,0.0,0.0,150.0,12.523712158203123,12.523712158203123,Leave_One_experiments/all_year_offline_schedule_search/daily_outputs/HLA/HLA_2021_HLA2021_normal_grid_S0010_daily.csv
HLA,HLA,Hailun,2021,Leave_One_experiments\wth_generated_qc\HLA\HLA2021.WTH,wet_year;nitrogen_stress_year;low_response_year,wet,HLA2021_normal_grid_S0010,low_input_within_10pct_yield,2021-05-26,146,27,22,"{""sim_day"": 27.0, ""doy"": 146.0, ""topwt"": 22.98959732055664, ""grnwt"": 0.0, ""xlai"": 0.0420781560242176, ""totir"": 0.0, ""tofer"": NaN, ""swfac"": 0.0, ""nstres"": 0.0}",0.0,0.0,22.98959732055664,0.0,0.0420781560242176,0.0,,0.0,0.0,0.0,150.0,12.523712158203123,12.523712158203123,Leave_One_experiments/all_year_offline_schedule_search/daily_outputs/HLA/HLA_2021_HLA2021_normal_grid_S0010_daily.csv
HLA,HLA,Hailun,2021,Leave_One_experiments\wth_generated_qc\HLA\HLA2021.WTH,wet_year;nitrogen_stress_year;low_response_year,wet,HLA2021_normal_grid_S0010,low_input_within_10pct_yield,2021-05-27,147,28,23,"{""sim_day"": 28.0, ""doy"": 147.0, ""topwt"": 25.47417640686035, ""grnwt"": 0.0, ""xlai"": 0.0483276806771755, ""totir"": 0.0, ""tofer"": NaN, ""swfac"": 0.0, ""nstres"": 0.0}",0.0,0.0,25.47417640686035,0.0,0.0483276806771755,0.0,,0.0,0.0,0.0,150.0,12.523712158203123,12.523712158203123,Leave_One_experiments/all_year_offline_schedule_search/daily_outputs/HLA/HLA_2021_HLA2021_normal_grid_S0010_daily.csv
HLA,HLA,Hailun,2021,Leave_One_experiments\wth_generated_qc\HLA\HLA2021.WTH,wet_year;nitrogen_stress_year;low_response_year,wet,HLA2021_normal_grid_S0010,low_input_within_10pct_yield,2021-05-28,148,29,24,"{""sim_day"": 29.0, ""doy"": 148.0, ""topwt"": 29.18236494064331, ""grnwt"": 0.0, ""xlai"": 0.0575485713779926, ""totir"": 0.0, ""tofer"": NaN, ""swfac"": 0.0, ""nstres"": 0.0}",0.0,0.0,29.18236494064331,0.0,0.0575485713779926,0.0,,0.0,0.0,0.0,150.0,12.523712158203123,12.523712158203123,Leave_One_experiments/all_year_offline_schedule_search/daily_outputs/HLA/HLA_2021_HLA2021_normal_grid_S0010_daily.csv
HLA,HLA,Hailun,2021,Leave_One_experiments\wth_generated_qc\HLA\HLA2021.WTH,wet_year;nitrogen_stress_year;low_response_year,wet,HLA2021_normal_grid_S0010,low_input_within_10pct_yield,2021-05-29,149,30,25,"{""sim_day"": 30.0, ""doy"": 149.0, ""topwt"": 32.77121067047119, ""grnwt"": 0.0, ""xlai"": 0.0661334842443466, ""totir"": 0.0, ""tofer"": NaN, ""swfac"": 0.0, ""nstres"": 0.0}",0.0,0.0,32.77121067047119,0.0,0.0661334842443466,0.0,,0.0,0.0,0.0,150.0,12.523712158203123,12.523712158203123,Leave_One_experiments/all_year_offline_schedule_search/daily_outputs/HLA/HLA_2021_HLA2021_normal_grid_S0010_daily.csv
HLA,HLA,Hailun,2021,Leave_One_experiments\wth_generated_qc\HLA\HLA2021.WTH,wet_year;nitrogen_stress_year;low_response_year,wet,HLA2021_normal_grid_S0010,low_input_within_10pct_yield,2021-05-30,150,31,26,"{""sim_day"": 31.0, ""doy"": 150.0, ""topwt"": 38.93650770187378, ""grnwt"": 0.0, ""xlai"": 0.0800324752926826, ""totir"": 0.0, ""tofer"": NaN, ""swfac"": 0.0, ""nstres"": 0.0}",0.0,0.0,38.93650770187378,0.0,0.0800324752926826,0.0,,0.0,0.0,0.0,150.0,12.523712158203123,12.523712158203123,Leave_One_experiments/all_year_offline_schedule_search/daily_outputs/HLA/HLA_2021_HLA2021_normal_grid_S0010_daily.csv
HLA,HLA,Hailun,2021,Leave_One_experiments\wth_generated_qc\HLA\HLA2021.WTH,wet_year;nitrogen_stress_year;low_response_year,wet,HLA2021_normal_grid_S0010,low_input_within_10pct_yield,2021-05-31,151,32,27,"{""sim_day"": 32.0, ""doy"": 151.0, ""topwt"": 43.4917688369751, ""grnwt"": 0.0, ""xlai"": 0.0899053663015365, ""totir"": 0.0, ""tofer"": NaN, ""swfac"": 0.0, ""nstres"": 0.0}",0.0,0.0,43.4917688369751,0.0,0.0899053663015365,0.0,,0.0,0.0,0.0,150.0,12.523712158203123,12.523712158203123,Leave_One_experiments/all_year_offline_schedule_search/daily_outputs/HLA/HLA_2021_HLA2021_normal_grid_S0010_daily.csv
HLA,HLA,Hailun,2021,Leave_One_experiments\wth_generated_qc\HLA\HLA2021.WTH,wet_year;nitrogen_stress_year;low_response_year,wet,HLA2021_normal_grid_S0010,low_input_within_10pct_yield,2021-06-01,152,33,28,"{""sim_day"": 33.0, ""doy"": 152.0, ""topwt"": 49.50936317443848, ""grnwt"": 0.0, ""xlai"": 0.1025328561663627, ""totir"": 0.0, ""tofer"": NaN, ""swfac"": 0.0, ""nstres"": 0.0}",0.0,0.0,49.50936317443848,0.0,0.1025328561663627,0.0,,0.0,0.0,0.0,150.0,12.523712158203123,12.523712158203123,Leave_One_experiments/all_year_offline_schedule_search/daily_outputs/HLA/HLA_2021_HLA2021_normal_grid_S0010_daily.csv
HLA,HLA,Hailun,2021,Leave_One_experiments\wth_generated_qc\HLA\HLA2021.WTH,wet_year;nitrogen_stress_year;low_response_year,wet,HLA2021_normal_grid_S0010,low_input_within_10pct_yield,2021-06-02,153,34,29,"{""sim_day"": 34.0, ""doy"": 153.0, ""topwt"": 52.32517719268799, ""grnwt"": 0.0, ""xlai"": 0.1082792729139328, ""totir"": 0.0, ""tofer"": NaN, ""swfac"": 0.0, ""nstres"": 0.0}",0.0,0.0,52.32517719268799,0.0,0.1082792729139328,0.0,,0.0,0.0,0.0,150.0,12.523712158203123,12.523712158203123,Leave_One_experiments/all_year_offline_schedule_search/daily_outputs/HLA/HLA_2021_HLA2021_normal_grid_S0010_daily.csv
HLA,HLA,Hailun,2021,Leave_One_experiments\wth_generated_qc\HLA\HLA2021.WTH,wet_year;nitrogen_stress_year;low_response_year,wet,HLA2021_normal_grid_S0010,low_input_within_10pct_yield,2021-06-03,154,35,30,"{""sim_day"": 35.0, ""doy"": 154.0, ""topwt"": 55.10105609893799, ""grnwt"": 0.0, ""xlai"": 0.1138700619339943, ""totir"": 0.0, ""tofer"": NaN, ""swfac"": 0.0, ""nstres"": 0.0}",0.0,0.0,55.10105609893799,0.0,0.1138700619339943,0.0,,0.0,50.0,0.0,150.0,12.523712158203123,12.523712158203123,Leave_One_experiments/all_year_offline_schedule_search/daily_outputs/HLA/HLA_2021_HLA2021_normal_grid_S0010_daily.csv
HLA,HLA,Hailun,2021,Leave_One_experiments\wth_generated_qc\HLA\HLA2021.WTH,wet_year;nitrogen_stress_year;low_response_year,wet,HLA2021_normal_grid_S0010,low_input_within_10pct_yield,2021-06-04,155,36,31,"{""sim_day"": 36.0, ""doy"": 155.0, ""topwt"": 58.4766149520874, ""grnwt"": 0.0, ""xlai"": 0.1205705255270004, ""totir"": 0.0, ""tofer"": NaN, ""swfac"": 0.0, ""nstres"": 0.0}",0.0,0.0,58.4766149520874,0.0,0.1205705255270004,0.0,,0.0,0.0,0.0,150.0,12.523712158203123,12.523712158203123,Leave_One_experiments/all_year_offline_schedule_search/daily_outputs/HLA/HLA_2021_HLA2021_normal_grid_S0010_daily.csv
HLA,HLA,Hailun,2021,Leave_One_experiments\wth_generated_qc\HLA\HLA2021.WTH,wet_year;nitrogen_stress_year;low_response_year,wet,HLA2021_normal_grid_S0010,low_input_within_10pct_yield,2021-06-05,156,37,32,"{""sim_day"": 37.0, ""doy"": 156.0, ""topwt"": 66.4616584777832, ""grnwt"": 0.0, ""xlai"": 0.1360972225666046, ""totir"": 0.0, ""tofer"": NaN, ""swfac"": 0.0, ""nstres"": 0.0}",0.0,0.0,66.4616584777832,0.0,0.1360972225666046,0.0,,0.0,0.0,0.0,150.0,12.523712158203123,12.523712158203123,Leave_One_experiments/all_year_offline_schedule_search/daily_outputs/HLA/HLA_2021_HLA2021_normal_grid_S0010_daily.csv
HLA,HLA,Hailun,2021,Leave_One_experiments\wth_generated_qc\HLA\HLA2021.WTH,wet_year;nitrogen_stress_year;low_response_year,wet,HLA2021_normal_grid_S0010,low_input_within_10pct_yield,2021-06-06,157,38,33,"{""sim_day"": 38.0, ""doy"": 157.0, ""topwt"": 78.57884883880615, ""grnwt"": 0.0, ""xlai"": 0.1588202863931656, ""totir"": 0.0, ""tofer"": NaN, ""swfac"": 0.0, ""nstres"": 0.0}",0.0,0.0,78.57884883880615,0.0,0.1588202863931656,0.0,,0.0,0.0,0.0,150.0,12.523712158203123,12.523712158203123,Leave_One_experiments/all_year_offline_schedule_search/daily_outputs/HLA/HLA_2021_HLA2021_normal_grid_S0010_daily.csv
HLA,HLA,Hailun,2021,Leave_One_experiments\wth_generated_qc\HLA\HLA2021.WTH,wet_year;nitrogen_stress_year;low_response_year,wet,HLA2021_normal_grid_S0010,low_input_within_10pct_yield,2021-06-07,158,39,34,"{""sim_day"": 39.0, ""doy"": 158.0, ""topwt"": 96.48233413696288, ""grnwt"": 0.0, ""xlai"": 0.1909306049346923, ""totir"": 0.0, ""tofer"": NaN, ""swfac"": 0.0, ""nstres"": 0.0}",0.0,0.0,96.48233413696288,0.0,0.1909306049346923,0.0,,0.0,0.0,0.0,150.0,12.523712158203123,12.523712158203123,Leave_One_experiments/all_year_offline_schedule_search/daily_outputs/HLA/HLA_2021_HLA2021_normal_grid_S0010_daily.csv
HLA,HLA,Hailun,2021,Leave_One_experiments\wth_generated_qc\HLA\HLA2021.WTH,wet_year;nitrogen_stress_year;low_response_year,wet,HLA2021_normal_grid_S0010,low_input_within_10pct_yield,2021-06-08,159,40,35,"{""sim_day"": 40.0, ""doy"": 159.0, ""topwt"": 113.14762115478516, ""grnwt"": 0.0, ""xlai"": 0.2195875197649002, ""totir"": 0.0, ""tofer"": NaN, ""swfac"": 0.0, ""nstres"": 0.0}",0.0,0.0,113.14762115478516,0.0,0.2195875197649002,0.0,,0.0,0.0,0.0,150.0,12.523712158203123,12.523712158203123,Leave_One_experiments/all_year_offline_schedule_search/daily_outputs/HLA/HLA_2021_HLA2021_normal_grid_S0010_daily.csv
HLA,HLA,Hailun,2021,Leave_One_experiments\wth_generated_qc\HLA\HLA2021.WTH,wet_year;nitrogen_stress_year;low_response_year,wet,HLA2021_normal_grid_S0010,low_input_within_10pct_yield,2021-06-09,160,41,36,"{""sim_day"": 41.0, ""doy"": 160.0, ""topwt"": 135.70158004760742, ""grnwt"": 0.0, ""xlai"": 0.2568767070770263, ""totir"": 0.0, ""tofer"": NaN, ""swfac"": 0.0, ""nstres"": 0.0}",0.0,0.0,135.70158004760742,0.0,0.2568767070770263,0.0,,0.0,0.0,0.0,150.0,12.523712158203123,12.523712158203123,Leave_One_experiments/all_year_offline_schedule_search/daily_outputs/HLA/HLA_2021_HLA2021_normal_grid_S0010_daily.csv
HLA,HLA,Hailun,2021,Leave_One_experiments\wth_generated_qc\HLA\HLA2021.WTH,wet_year;nitrogen_stress_year;low_response_year,wet,HLA2021_normal_grid_S0010,low_input_within_10pct_yield,2021-06-10,161,42,37,"{""sim_day"": 42.0, ""doy"": 161.0, ""topwt"": 148.1785774230957, ""grnwt"": 0.0, ""xlai"": 0.2957460582256317, ""totir"": 0.0, ""tofer"": NaN, ""swfac"": 0.0, ""nstres"": 0.0}",0.0,0.0,148.1785774230957,0.0,0.2957460582256317,0.0,,0.0,0.0,0.0,150.0,12.523712158203123,12.523712158203123,Leave_One_experiments/all_year_offline_schedule_search/daily_outputs/HLA/HLA_2021_HLA2021_normal_grid_S0010_daily.csv
HLA,HLA,Hailun,2021,Leave_One_experiments\wth_generated_qc\HLA\HLA2021.WTH,wet_year;nitrogen_stress_year;low_response_year,wet,HLA2021_normal_grid_S0010,low_input_within_10pct_yield,2021-06-11,162,43,38,"{""sim_day"": 43.0, ""doy"": 162.0, ""topwt"": 183.52468490600583, ""grnwt"": 0.0, ""xlai"": 0.3542905747890472, ""totir"": 0.0, ""tofer"": NaN, ""swfac"": 0.0, ""nstres"": 0.0048924684524536}",0.0,0.0048924684524536,183.52468490600583,0.0,0.3542905747890472,0.0,,0.0,0.0,0.0,150.0,12.523712158203123,12.523712158203123,Leave_One_experiments/all_year_offline_schedule_search/daily_outputs/HLA/HLA_2021_HLA2021_normal_grid_S0010_daily.csv
HLA,HLA,Hailun,2021,Leave_One_experiments\wth_generated_qc\HLA\HLA2021.WTH,wet_year;nitrogen_stress_year;low_response_year,wet,HLA2021_normal_grid_S0010,low_input_within_10pct_yield,2021-06-12,163,44,39,"{""sim_day"": 44.0, ""doy"": 163.0, ""topwt"": 227.4925994873047, ""grnwt"": 0.0, ""xlai"": 0.4237224459648132, ""totir"": 0.0, ""tofer"": NaN, ""swfac"": 0.0, ""nstres"": 0.0}",0.0,0.0,227.4925994873047,0.0,0.4237224459648132,0.0,,0.0,0.0,0.0,150.0,12.523712158203123,12.523712158203123,Leave_One_experiments/all_year_offline_schedule_search/daily_outputs/HLA/HLA_2021_HLA2021_normal_grid_S0010_daily.csv
HLA,HLA,Hailun,2021,Leave_One_experiments\wth_generated_qc\HLA\HLA2021.WTH,wet_year;nitrogen_stress_year;low_response_year,wet,HLA2021_normal_grid_S0010,low_input_within_10pct_yield,2021-06-13,164,45,40,"{""sim_day"": 45.0, ""doy"": 164.0, ""topwt"": 275.6141471862793, ""grnwt"": 0.0, ""xlai"": 0.4963759183883667, ""totir"": 0.0, ""tofer"": NaN, ""swfac"": 0.0, ""nstres"": 0.0}",0.0,0.0,275.6141471862793,0.0,0.4963759183883667,0.0,,0.0,0.0,0.0,150.0,12.523712158203123,12.523712158203123,Leave_One_experiments/all_year_offline_schedule_search/daily_outputs/HLA/HLA_2021_HLA2021_normal_grid_S0010_daily.csv
HLA,HLA,Hailun,2021,Leave_One_experiments\wth_generated_qc\HLA\HLA2021.WTH,wet_year;nitrogen_stress_year;low_response_year,wet,HLA2021_normal_grid_S0010,low_input_within_10pct_yield,2021-06-14,165,46,41,"{""sim_day"": 46.0, ""doy"": 165.0, ""topwt"": 320.6782913208008, ""grnwt"": 0.0, ""xlai"": 0.5618948936462402, ""totir"": 0.0, ""tofer"": NaN, ""swfac"": 0.0, ""nstres"": 0.0}",0.0,0.0,320.6782913208008,0.0,0.5618948936462402,0.0,,0.0,0.0,0.0,150.0,12.523712158203123,12.523712158203123,Leave_One_experiments/all_year_offline_schedule_search/daily_outputs/HLA/HLA_2021_HLA2021_normal_grid_S0010_daily.csv
HLA,HLA,Hailun,2021,Leave_One_experiments\wth_generated_qc\HLA\HLA2021.WTH,wet_year;nitrogen_stress_year;low_response_year,wet,HLA2021_normal_grid_S0010,low_input_within_10pct_yield,2021-06-15,166,47,42,"{""sim_day"": 47.0, ""doy"": 166.0, ""topwt"": 377.8717041015625, ""grnwt"": 0.0, ""xlai"": 0.6422077417373657, ""totir"": 0.0, ""tofer"": NaN, ""swfac"": 0.0, ""nstres"": 0.0}",0.0,0.0,377.8717041015625,0.0,0.6422077417373657,0.0,,0.0,0.0,0.0,150.0,12.523712158203123,12.523712158203123,Leave_One_experiments/all_year_offline_schedule_search/daily_outputs/HLA/HLA_2021_HLA2021_normal_grid_S0010_daily.csv
HLA,HLA,Hailun,2021,Leave_One_experiments\wth_generated_qc\HLA\HLA2021.WTH,wet_year;nitrogen_stress_year;low_response_year,wet,HLA2021_normal_grid_S0010,low_input_within_10pct_yield,2021-06-16,167,48,43,"{""sim_day"": 48.0, ""doy"": 167.0, ""topwt"": 428.5501098632813, ""grnwt"": 0.0, ""xlai"": 0.7111459970474243, ""totir"": 0.0, ""tofer"": NaN, ""swfac"": 0.0, ""nstres"": 0.0}",0.0,0.0,428.5501098632813,0.0,0.7111459970474243,0.0,,0.0,0.0,0.0,150.0,12.523712158203123,12.523712158203123,Leave_One_experiments/all_year_offline_schedule_search/daily_outputs/HLA/HLA_2021_HLA2021_normal_grid_S0010_daily.csv
HLA,HLA,Hailun,2021,Leave_One_experiments\wth_generated_qc\HLA\HLA2021.WTH,wet_year;nitrogen_stress_year;low_response_year,wet,HLA2021_normal_grid_S0010,low_input_within_10pct_yield,2021-06-17,168,49,44,"{""sim_day"": 49.0, ""doy"": 168.0, ""topwt"": 461.1976623535156, ""grnwt"": 0.0, ""xlai"": 0.7506314516067505, ""totir"": 0.0, ""tofer"": NaN, ""swfac"": 0.0, ""nstres"": 0.0}",0.0,0.0,461.1976623535156,0.0,0.7506314516067505,0.0,,0.0,0.0,0.0,150.0,12.523712158203123,12.523712158203123,Leave_One_experiments/all_year_offline_schedule_search/daily_outputs/HLA/HLA_2021_HLA2021_normal_grid_S0010_daily.csv
HLA,HLA,Hailun,2021,Leave_One_experiments\wth_generated_qc\HLA\HLA2021.WTH,wet_year;nitrogen_stress_year;low_response_year,wet,HLA2021_normal_grid_S0010,low_input_within_10pct_yield,2021-06-18,169,50,45,"{""sim_day"": 50.0, ""doy"": 169.0, ""topwt"": 500.618896484375, ""grnwt"": 0.0, ""xlai"": 0.804227888584137, ""totir"": 0.0, ""tofer"": NaN, ""swfac"": 0.0, ""nstres"": 0.0}",0.0,0.0,500.618896484375,0.0,0.804227888584137,0.0,,0.0,0.0,0.0,150.0,12.523712158203123,12.523712158203123,Leave_One_experiments/all_year_offline_schedule_search/daily_outputs/HLA/HLA_2021_HLA2021_normal_grid_S0010_daily.csv
HLA,HLA,Hailun,2021,Leave_One_experiments\wth_generated_qc\HLA\HLA2021.WTH,wet_year;nitrogen_stress_year;low_response_year,wet,HLA2021_normal_grid_S0010,low_input_within_10pct_yield,2021-06-19,170,51,46,"{""sim_day"": 51.0, ""doy"": 170.0, ""topwt"": 532.8626251220703, ""grnwt"": 0.0, ""xlai"": 0.8471747040748596, ""totir"": 0.0, ""tofer"": NaN, ""swfac"": 0.0, ""nstres"": 0.0}",0.0,0.0,532.8626251220703,0.0,0.8471747040748596,0.0,,0.0,0.0,0.0,150.0,12.523712158203123,12.523712158203123,Leave_One_experiments/all_year_offline_schedule_search/daily_outputs/HLA/HLA_2021_HLA2021_normal_grid_S0010_daily.csv
HLA,HLA,Hailun,2021,Leave_One_experiments\wth_generated_qc\HLA\HLA2021.WTH,wet_year;nitrogen_stress_year;low_response_year,wet,HLA2021_normal_grid_S0010,low_input_within_10pct_yield,2021-06-20,171,52,47,"{""sim_day"": 52.0, ""doy"": 171.0, ""topwt"": 585.7170104980469, ""grnwt"": 0.0, ""xlai"": 0.9158319234848022, ""totir"": 0.0, ""tofer"": NaN, ""swfac"": 0.0, ""nstres"": 0.0}",0.0,0.0,585.7170104980469,0.0,0.9158319234848022,0.0,,0.0,0.0,0.0,150.0,12.523712158203123,12.523712158203123,Leave_One_experiments/all_year_offline_schedule_search/daily_outputs/HLA/HLA_2021_HLA2021_normal_grid_S0010_daily.csv
HLA,HLA,Hailun,2021,Leave_One_experiments\wth_generated_qc\HLA\HLA2021.WTH,wet_year;nitrogen_stress_year;low_response_year,wet,HLA2021_normal_grid_S0010,low_input_within_10pct_yield,2021-06-21,172,53,48,"{""sim_day"": 53.0, ""doy"": 172.0, ""topwt"": 657.1212005615234, ""grnwt"": 0.0, ""xlai"": 1.0054548978805542, ""totir"": 0.0, ""tofer"": NaN, ""swfac"": 0.0, ""nstres"": 0.0}",0.0,0.0,657.1212005615234,0.0,1.0054548978805542,0.0,,0.0,0.0,0.0,150.0,12.523712158203123,12.523712158203123,Leave_One_experiments/all_year_offline_schedule_search/daily_outputs/HLA/HLA_2021_HLA2021_normal_grid_S0010_daily.csv
HLA,HLA,Hailun,2021,Leave_One_experiments\wth_generated_qc\HLA\HLA2021.WTH,wet_year;nitrogen_stress_year;low_response_year,wet,HLA2021_normal_grid_S0010,low_input_within_10pct_yield,2021-06-22,173,54,49,"{""sim_day"": 54.0, ""doy"": 173.0, ""topwt"": 748.7819671630859, ""grnwt"": 0.0, ""xlai"": 1.115541934967041, ""totir"": 0.0, ""tofer"": NaN, ""swfac"": 0.0, ""nstres"": 0.0}",0.0,0.0,748.7819671630859,0.0,1.115541934967041,0.0,,0.0,0.0,0.0,150.0,12.523712158203123,12.523712158203123,Leave_One_experiments/all_year_offline_schedule_search/daily_outputs/HLA/HLA_2021_HLA2021_normal_grid_S0010_daily.csv
HLA,HLA,Hailun,2021,Leave_One_experiments\wth_generated_qc\HLA\HLA2021.WTH,wet_year;nitrogen_stress_year;low_response_year,wet,HLA2021_normal_grid_S0010,low_input_within_10pct_yield,2021-06-23,174,55,50,"{""sim_day"": 55.0, ""doy"": 174.0, ""topwt"": 835.8809661865234, ""grnwt"": 0.0, ""xlai"": 1.215541958808899, ""totir"": 0.0, ""tofer"": NaN, ""swfac"": 0.0, ""nstres"": 0.0}",0.0,0.0,835.8809661865234,0.0,1.215541958808899,0.0,,0.0,0.0,0.0,150.0,12.523712158203123,12.523712158203123,Leave_One_experiments/all_year_offline_schedule_search/daily_outputs/HLA/HLA_2021_HLA2021_normal_grid_S0010_daily.csv
HLA,HLA,Hailun,2021,Leave_One_experiments\wth_generated_qc\HLA\HLA2021.WTH,wet_year;nitrogen_stress_year;low_response_year,wet,HLA2021_normal_grid_S0010,low_input_within_10pct_yield,2021-06-24,175,56,51,"{""sim_day"": 56.0, ""doy"": 175.0, ""topwt"": 945.1358795166016, ""grnwt"": 0.0, ""xlai"": 1.3345730304718018, ""totir"": 0.0, ""tofer"": NaN, ""swfac"": 0.0, ""nstres"": 0.0}",0.0,0.0,945.1358795166016,0.0,1.3345730304718018,0.0,,0.0,0.0,0.0,150.0,12.523712158203123,12.523712158203123,Leave_One_experiments/all_year_offline_schedule_search/daily_outputs/HLA/HLA_2021_HLA2021_normal_grid_S0010_daily.csv
HLA,HLA,Hailun,2021,Leave_One_experiments\wth_generated_qc\HLA\HLA2021.WTH,wet_year;nitrogen_stress_year;low_response_year,wet,HLA2021_normal_grid_S0010,low_input_within_10pct_yield,2021-06-25,176,57,52,"{""sim_day"": 57.0, ""doy"": 176.0, ""topwt"": 1064.9496459960938, ""grnwt"": 0.0, ""xlai"": 1.4577138423919678, ""totir"": 0.0, ""tofer"": NaN, ""swfac"": 0.0, ""nstres"": 0.0}",0.0,0.0,1064.9496459960938,0.0,1.4577138423919678,0.0,,0.0,0.0,0.0,150.0,12.523712158203123,12.523712158203123,Leave_One_experiments/all_year_offline_schedule_search/daily_outputs/HLA/HLA_2021_HLA2021_normal_grid_S0010_daily.csv
HLA,HLA,Hailun,2021,Leave_One_experiments\wth_generated_qc\HLA\HLA2021.WTH,wet_year;nitrogen_stress_year;low_response_year,wet,HLA2021_normal_grid_S0010,low_input_within_10pct_yield,2021-06-26,177,58,53,"{""sim_day"": 58.0, ""doy"": 177.0, ""topwt"": 1184.8595428466797, ""grnwt"": 0.0, ""xlai"": 1.5740050077438354, ""totir"": 0.0, ""tofer"": NaN, ""swfac"": 0.0, ""nstres"": 0.0}",0.0,0.0,1184.8595428466797,0.0,1.5740050077438354,0.0,,0.0,0.0,0.0,150.0,12.523712158203123,12.523712158203123,Leave_One_experiments/all_year_offline_schedule_search/daily_outputs/HLA/HLA_2021_HLA2021_normal_grid_S0010_daily.csv
HLA,HLA,Hailun,2021,Leave_One_experiments\wth_generated_qc\HLA\HLA2021.WTH,wet_year;nitrogen_stress_year;low_response_year,wet,HLA2021_normal_grid_S0010,low_input_within_10pct_yield,2021-06-27,178,59,54,"{""sim_day"": 59.0, ""doy"": 178.0, ""topwt"": 1319.320068359375, ""grnwt"": 0.0, ""xlai"": 1.696577072143555, ""totir"": 0.0, ""tofer"": NaN, ""swfac"": 0.0, ""nstres"": 0.0}",0.0,0.0,1319.320068359375,0.0,1.696577072143555,0.0,,0.0,0.0,0.0,150.0,12.523712158203123,12.523712158203123,Leave_One_experiments/all_year_offline_schedule_search/daily_outputs/HLA/HLA_2021_HLA2021_normal_grid_S0010_daily.csv
HLA,HLA,Hailun,2021,Leave_One_experiments\wth_generated_qc\HLA\HLA2021.WTH,wet_year;nitrogen_stress_year;low_response_year,wet,HLA2021_normal_grid_S0010,low_input_within_10pct_yield,2021-06-28,179,60,55,"{""sim_day"": 60.0, ""doy"": 179.0, ""topwt"": 1470.4695129394531, ""grnwt"": 0.0, ""xlai"": 1.825432538986206, ""totir"": 0.0, ""tofer"": NaN, ""swfac"": 0.0, ""nstres"": 0.0}",0.0,0.0,1470.4695129394531,0.0,1.825432538986206,0.0,,0.0,0.0,0.0,150.0,12.523712158203123,12.523712158203123,Leave_One_experiments/all_year_offline_schedule_search/daily_outputs/HLA/HLA_2021_HLA2021_normal_grid_S0010_daily.csv
HLA,HLA,Hailun,2021,Leave_One_experiments\wth_generated_qc\HLA\HLA2021.WTH,wet_year;nitrogen_stress_year;low_response_year,wet,HLA2021_normal_grid_S0010,low_input_within_10pct_yield,2021-06-29,180,61,56,"{""sim_day"": 61.0, ""doy"": 180.0, ""topwt"": 1604.4236755371094, ""grnwt"": 0.0, ""xlai"": 1.93307900428772, ""totir"": 0.0, ""tofer"": NaN, ""swfac"": 0.0, ""nstres"": 0.0}",0.0,0.0,1604.4236755371094,0.0,1.93307900428772,0.0,,0.0,0.0,0.0,150.0,12.523712158203123,12.523712158203123,Leave_One_experiments/all_year_offline_schedule_search/daily_outputs/HLA/HLA_2021_HLA2021_normal_grid_S0010_daily.csv
HLA,HLA,Hailun,2021,Leave_One_experiments\wth_generated_qc\HLA\HLA2021.WTH,wet_year;nitrogen_stress_year;low_response_year,wet,HLA2021_normal_grid_S0010,low_input_within_10pct_yield,2021-06-30,181,62,57,"{""sim_day"": 62.0, ""doy"": 181.0, ""topwt"": 1680.8586120605469, ""grnwt"": 0.0, ""xlai"": 1.9918296337127688, ""totir"": 0.0, ""tofer"": NaN, ""swfac"": 0.0, ""nstres"": 0.0}",0.0,0.0,1680.8586120605469,0.0,1.9918296337127688,0.0,,0.0,0.0,0.0,150.0,12.523712158203123,12.523712158203123,Leave_One_experiments/all_year_offline_schedule_search/daily_outputs/HLA/HLA_2021_HLA2021_normal_grid_S0010_daily.csv
HLA,HLA,Hailun,2021,Leave_One_experiments\wth_generated_qc\HLA\HLA2021.WTH,wet_year;nitrogen_stress_year;low_response_year,wet,HLA2021_normal_grid_S0010,low_input_within_10pct_yield,2021-07-01,182,63,58,"{""sim_day"": 63.0, ""doy"": 182.0, ""topwt"": 1795.0407409667969, ""grnwt"": 0.0, ""xlai"": 2.07507061958313, ""totir"": 0.0, ""tofer"": NaN, ""swfac"": 0.0, ""nstres"": 0.0}",0.0,0.0,1795.0407409667969,0.0,2.07507061958313,0.0,,0.0,0.0,0.0,150.0,12.523712158203123,12.523712158203123,Leave_One_experiments/all_year_offline_schedule_search/daily_outputs/HLA/HLA_2021_HLA2021_normal_grid_S0010_daily.csv
HLA,HLA,Hailun,2021,Leave_One_experiments\wth_generated_qc\HLA\HLA2021.WTH,wet_year;nitrogen_stress_year;low_response_year,wet,HLA2021_normal_grid_S0010,low_input_within_10pct_yield,2021-07-02,183,64,59,"{""sim_day"": 64.0, ""doy"": 183.0, ""topwt"": 1882.965850830078, ""grnwt"": 0.0, ""xlai"": 2.135720729827881, ""totir"": 0.0, ""tofer"": NaN, ""swfac"": 0.0, ""nstres"": 0.0}",0.0,0.0,1882.965850830078,0.0,2.135720729827881,0.0,,0.0,0.0,0.0,150.0,12.523712158203123,12.523712158203123,Leave_One_experiments/all_year_offline_schedule_search/daily_outputs/HLA/HLA_2021_HLA2021_normal_grid_S0010_daily.csv
HLA,HLA,Hailun,2021,Leave_One_experiments\wth_generated_qc\HLA\HLA2021.WTH,wet_year;nitrogen_stress_year;low_response_year,wet,HLA2021_normal_grid_S0010,low_input_within_10pct_yield,2021-07-03,184,65,60,"{""sim_day"": 65.0, ""doy"": 184.0, ""topwt"": 2021.829833984375, ""grnwt"": 0.0, ""xlai"": 2.225760698318481, ""totir"": 0.0, ""tofer"": NaN, ""swfac"": 0.0, ""nstres"": 0.0}",0.0,0.0,2021.829833984375,0.0,2.225760698318481,0.0,,0.0,50.0,0.0,150.0,12.523712158203123,12.523712158203123,Leave_One_experiments/all_year_offline_schedule_search/daily_outputs/HLA/HLA_2021_HLA2021_normal_grid_S0010_daily.csv
HLA,HLA,Hailun,2021,Leave_One_experiments\wth_generated_qc\HLA\HLA2021.WTH,wet_year;nitrogen_stress_year;low_response_year,wet,HLA2021_normal_grid_S0010,low_input_within_10pct_yield,2021-07-04,185,66,61,"{""sim_day"": 66.0, ""doy"": 185.0, ""topwt"": 2166.6893005371094, ""grnwt"": 0.0, ""xlai"": 2.3144476413726807, ""totir"": 0.0, ""tofer"": NaN, ""swfac"": 0.0, ""nstres"": 0.0}",0.0,0.0,2166.6893005371094,0.0,2.3144476413726807,0.0,,0.0,0.0,0.0,150.0,12.523712158203123,12.523712158203123,Leave_One_experiments/all_year_offline_schedule_search/daily_outputs/HLA/HLA_2021_HLA2021_normal_grid_S0010_daily.csv
HLA,HLA,Hailun,2021,Leave_One_experiments\wth_generated_qc\HLA\HLA2021.WTH,wet_year;nitrogen_stress_year;low_response_year,wet,HLA2021_normal_grid_S0010,low_input_within_10pct_yield,2021-07-05,186,67,62,"{""sim_day"": 67.0, ""doy"": 186.0, ""topwt"": 2347.0932006835938, ""grnwt"": 0.0, ""xlai"": 2.418577194213867, ""totir"": 0.0, ""tofer"": NaN, ""swfac"": 0.0, ""nstres"": 0.0}",0.0,0.0,2347.0932006835938,0.0,2.418577194213867,0.0,,0.0,0.0,0.0,150.0,12.523712158203123,12.523712158203123,Leave_One_experiments/all_year_offline_schedule_search/daily_outputs/HLA/HLA_2021_HLA2021_normal_grid_S0010_daily.csv
HLA,HLA,Hailun,2021,Leave_One_experiments\wth_generated_qc\HLA\HLA2021.WTH,wet_year;nitrogen_stress_year;low_response_year,wet,HLA2021_normal_grid_S0010,low_input_within_10pct_yield,2021-07-06,187,68,63,"{""sim_day"": 68.0, ""doy"": 187.0, ""topwt"": 2553.852996826172, ""grnwt"": 0.0, ""xlai"": 2.530576229095459, ""totir"": 0.0, ""tofer"": NaN, ""swfac"": 0.0, ""nstres"": 0.0}",0.0,0.0,2553.852996826172,0.0,2.530576229095459,0.0,,0.0,0.0,0.0,150.0,12.523712158203123,12.523712158203123,Leave_One_experiments/all_year_offline_schedule_search/daily_outputs/HLA/HLA_2021_HLA2021_normal_grid_S0010_daily.csv
HLA,HLA,Hailun,2021,Leave_One_experiments\wth_generated_qc\HLA\HLA2021.WTH,wet_year;nitrogen_stress_year;low_response_year,wet,HLA2021_normal_grid_S0010,low_input_within_10pct_yield,2021-07-07,188,69,64,"{""sim_day"": 69.0, ""doy"": 188.0, ""topwt"": 2773.638610839844, ""grnwt"": 0.0, ""xlai"": 2.642339944839477, ""totir"": 0.0, ""tofer"": NaN, ""swfac"": 0.0, ""nstres"": 0.0}",0.0,0.0,2773.638610839844,0.0,2.642339944839477,0.0,,0.0,0.0,0.0,150.0,12.523712158203123,12.523712158203123,Leave_One_experiments/all_year_offline_schedule_search/daily_outputs/HLA/HLA_2021_HLA2021_normal_grid_S0010_daily.csv
HLA,HLA,Hailun,2021,Leave_One_experiments\wth_generated_qc\HLA\HLA2021.WTH,wet_year;nitrogen_stress_year;low_response_year,wet,HLA2021_normal_grid_S0010,low_input_within_10pct_yield,2021-07-08,189,70,65,"{""sim_day"": 70.0, ""doy"": 189.0, ""topwt"": 3010.1089477539062, ""grnwt"": 0.0, ""xlai"": 2.755291223526001, ""totir"": 0.0, ""tofer"": NaN, ""swfac"": 0.0, ""nstres"": 0.0}",0.0,0.0,3010.1089477539062,0.0,2.755291223526001,0.0,,0.0,0.0,0.0,150.0,12.523712158203123,12.523712158203123,Leave_One_experiments/all_year_offline_schedule_search/daily_outputs/HLA/HLA_2021_HLA2021_normal_grid_S0010_daily.csv
HLA,HLA,Hailun,2021,Leave_One_experiments\wth_generated_qc\HLA\HLA2021.WTH,wet_year;nitrogen_stress_year;low_response_year,wet,HLA2021_normal_grid_S0010,low_input_within_10pct_yield,2021-07-09,190,71,66,"{""sim_day"": 71.0, ""doy"": 190.0, ""topwt"": 3267.613220214844, ""grnwt"": 0.0, ""xlai"": 2.8706603050231934, ""totir"": 0.0, ""tofer"": NaN, ""swfac"": 0.0, ""nstres"": 0.0}",0.0,0.0,3267.613220214844,0.0,2.8706603050231934,0.0,,0.0,0.0,0.0,150.0,12.523712158203123,12.523712158203123,Leave_One_experiments/all_year_offline_schedule_search/daily_outputs/HLA/HLA_2021_HLA2021_normal_grid_S0010_daily.csv
HLA,HLA,Hailun,2021,Leave_One_experiments\wth_generated_qc\HLA\HLA2021.WTH,wet_year;nitrogen_stress_year;low_response_year,wet,HLA2021_normal_grid_S0010,low_input_within_10pct_yield,2021-07-10,191,72,67,"{""sim_day"": 72.0, ""doy"": 191.0, ""topwt"": 3614.354248046875, ""grnwt"": 0.0, ""xlai"": 3.1801044940948486, ""totir"": 0.0, ""tofer"": NaN, ""swfac"": 0.0, ""nstres"": 0.0}",0.0,0.0,3614.354248046875,0.0,3.1801044940948486,0.0,,0.0,0.0,0.0,150.0,12.523712158203123,12.523712158203123,Leave_One_experiments/all_year_offline_schedule_search/daily_outputs/HLA/HLA_2021_HLA2021_normal_grid_S0010_daily.csv
HLA,HLA,Hailun,2021,Leave_One_experiments\wth_generated_qc\HLA\HLA2021.WTH,wet_year;nitrogen_stress_year;low_response_year,wet,HLA2021_normal_grid_S0010,low_input_within_10pct_yield,2021-07-11,192,73,68,"{""sim_day"": 73.0, ""doy"": 192.0, ""topwt"": 3960.819091796875, ""grnwt"": 0.0, ""xlai"": 3.345008134841919, ""totir"": 0.0, ""tofer"": NaN, ""swfac"": 0.0, ""nstres"": 0.0}",0.0,0.0,3960.819091796875,0.0,3.345008134841919,0.0,,0.0,0.0,0.0,150.0,12.523712158203123,12.523712158203123,Leave_One_experiments/all_year_offline_schedule_search/daily_outputs/HLA/HLA_2021_HLA2021_normal_grid_S0010_daily.csv
HLA,HLA,Hailun,2021,Leave_One_experiments\wth_generated_qc\HLA\HLA2021.WTH,wet_year;nitrogen_stress_year;low_response_year,wet,HLA2021_normal_grid_S0010,low_input_within_10pct_yield,2021-07-12,193,74,69,"{""sim_day"": 74.0, ""doy"": 193.0, ""topwt"": 4334.5361328125, ""grnwt"": 0.0, ""xlai"": 3.4896631240844727, ""totir"": 0.0, ""tofer"": NaN, ""swfac"": 0.0, ""nstres"": 0.0}",0.0,0.0,4334.5361328125,0.0,3.4896631240844727,0.0,,0.0,0.0,0.0,150.0,12.523712158203123,12.523712158203123,Leave_One_experiments/all_year_offline_schedule_search/daily_outputs/HLA/HLA_2021_HLA2021_normal_grid_S0010_daily.csv
HLA,HLA,Hailun,2021,Leave_One_experiments\wth_generated_qc\HLA\HLA2021.WTH,wet_year;nitrogen_stress_year;low_response_year,wet,HLA2021_normal_grid_S0010,low_input_within_10pct_yield,2021-07-13,194,75,70,"{""sim_day"": 75.0, ""doy"": 194.0, ""topwt"": 4578.8427734375, ""grnwt"": 0.0, ""xlai"": 3.5730881690979004, ""totir"": 0.0, ""tofer"": NaN, ""swfac"": 0.0, ""nstres"": 0.0}",0.0,0.0,4578.8427734375,0.0,3.5730881690979004,0.0,,0.0,0.0,0.0,150.0,12.523712158203123,12.523712158203123,Leave_One_experiments/all_year_offline_schedule_search/daily_outputs/HLA/HLA_2021_HLA2021_normal_grid_S0010_daily.csv
HLA,HLA,Hailun,2021,Leave_One_experiments\wth_generated_qc\HLA\HLA2021.WTH,wet_year;nitrogen_stress_year;low_response_year,wet,HLA2021_normal_grid_S0010,low_input_within_10pct_yield,2021-07-14,195,76,71,"{""sim_day"": 76.0, ""doy"": 195.0, ""topwt"": 4804.791564941406, ""grnwt"": 0.0, ""xlai"": 3.6432812213897705, ""totir"": 0.0, ""tofer"": NaN, ""swfac"": 0.0, ""nstres"": 0.0}",0.0,0.0,4804.791564941406,0.0,3.6432812213897705,0.0,,0.0,0.0,0.0,150.0,12.523712158203123,12.523712158203123,Leave_One_experiments/all_year_offline_schedule_search/daily_outputs/HLA/HLA_2021_HLA2021_normal_grid_S0010_daily.csv
HLA,HLA,Hailun,2021,Leave_One_experiments\wth_generated_qc\HLA\HLA2021.WTH,wet_year;nitrogen_stress_year;low_response_year,wet,HLA2021_normal_grid_S0010,low_input_within_10pct_yield,2021-07-15,196,77,72,"{""sim_day"": 77.0, ""doy"": 196.0, ""topwt"": 5040.6195068359375, ""grnwt"": 0.0, ""xlai"": 3.711227655410767, ""totir"": 0.0, ""tofer"": NaN, ""swfac"": 0.0, ""nstres"": 0.0}",0.0,0.0,5040.6195068359375,0.0,3.711227655410767,0.0,,0.0,0.0,0.0,150.0,12.523712158203123,12.523712158203123,Leave_One_experiments/all_year_offline_schedule_search/daily_outputs/HLA/HLA_2021_HLA2021_normal_grid_S0010_daily.csv
HLA,HLA,Hailun,2021,Leave_One_experiments\wth_generated_qc\HLA\HLA2021.WTH,wet_year;nitrogen_stress_year;low_response_year,wet,HLA2021_normal_grid_S0010,low_input_within_10pct_yield,2021-07-16,197,78,73,"{""sim_day"": 78.0, ""doy"": 197.0, ""topwt"": 5339.976196289063, ""grnwt"": 0.0, ""xlai"": 3.791927337646485, ""totir"": 0.0, ""tofer"": NaN, ""swfac"": 0.0, ""nstres"": 0.0}",0.0,0.0,5339.976196289063,0.0,3.791927337646485,0.0,,0.0,0.0,0.0,150.0,12.523712158203123,12.523712158203123,Leave_One_experiments/all_year_offline_schedule_search/daily_outputs/HLA/HLA_2021_HLA2021_normal_grid_S0010_daily.csv
HLA,HLA,Hailun,2021,Leave_One_experiments\wth_generated_qc\HLA\HLA2021.WTH,wet_year;nitrogen_stress_year;low_response_year,wet,HLA2021_normal_grid_S0010,low_input_within_10pct_yield,2021-07-17,198,79,74,"{""sim_day"": 79.0, ""doy"": 198.0, ""topwt"": 5573.140869140625, ""grnwt"": 0.0, ""xlai"": 3.850301742553711, ""totir"": 0.0, ""tofer"": NaN, ""swfac"": 0.0, ""nstres"": 0.0018765926361083}",0.0,0.0018765926361083,5573.140869140625,0.0,3.850301742553711,0.0,,0.0,0.0,0.0,150.0,12.523712158203123,12.523712158203123,Leave_One_experiments/all_year_offline_schedule_search/daily_outputs/HLA/HLA_2021_HLA2021_normal_grid_S0010_daily.csv
HLA,HLA,Hailun,2021,Leave_One_experiments\wth_generated_qc\HLA\HLA2021.WTH,wet_year;nitrogen_stress_year;low_response_year,wet,HLA2021_normal_grid_S0010,low_input_within_10pct_yield,2021-07-18,199,80,75,"{""sim_day"": 80.0, ""doy"": 199.0, ""topwt"": 5840.1220703125, ""grnwt"": 0.0, ""xlai"": 3.906510353088379, ""totir"": 0.0, ""tofer"": NaN, ""swfac"": 0.0, ""nstres"": 0.0172994136810302}",0.0,0.0172994136810302,5840.1220703125,0.0,3.906510353088379,0.0,,0.0,0.0,0.0,150.0,12.523712158203123,12.523712158203123,Leave_One_experiments/all_year_offline_schedule_search/daily_outputs/HLA/HLA_2021_HLA2021_normal_grid_S0010_daily.csv
HLA,HLA,Hailun,2021,Leave_One_experiments\wth_generated_qc\HLA\HLA2021.WTH,wet_year;nitrogen_stress_year;low_response_year,wet,HLA2021_normal_grid_S0010,low_input_within_10pct_yield,2021-07-19,200,81,76,"{""sim_day"": 81.0, ""doy"": 200.0, ""topwt"": 6116.3525390625, ""grnwt"": 0.0, ""xlai"": 3.9608325958251953, ""totir"": 0.0, ""tofer"": NaN, ""swfac"": 0.0, ""nstres"": 0.0252203345298767}",0.0,0.0252203345298767,6116.3525390625,0.0,3.9608325958251953,0.0,,0.0,0.0,0.0,150.0,12.523712158203123,12.523712158203123,Leave_One_experiments/all_year_offline_schedule_search/daily_outputs/HLA/HLA_2021_HLA2021_normal_grid_S0010_daily.csv
HLA,HLA,Hailun,2021,Leave_One_experiments\wth_generated_qc\HLA\HLA2021.WTH,wet_year;nitrogen_stress_year;low_response_year,wet,HLA2021_normal_grid_S0010,low_input_within_10pct_yield,2021-07-20,201,82,77,"{""sim_day"": 82.0, ""doy"": 201.0, ""topwt"": 6394.835205078125, ""grnwt"": 0.0, ""xlai"": 4.012790679931641, ""totir"": 0.0, ""tofer"": NaN, ""swfac"": 0.0, ""nstres"": 0.030504822731018}",0.0,0.030504822731018,6394.835205078125,0.0,4.012790679931641,0.0,,0.0,0.0,0.0,150.0,12.523712158203123,12.523712158203123,Leave_One_experiments/all_year_offline_schedule_search/daily_outputs/HLA/HLA_2021_HLA2021_normal_grid_S0010_daily.csv
HLA,HLA,Hailun,2021,Leave_One_experiments\wth_generated_qc\HLA\HLA2021.WTH,wet_year;nitrogen_stress_year;low_response_year,wet,HLA2021_normal_grid_S0010,low_input_within_10pct_yield,2021-07-21,202,83,78,"{""sim_day"": 83.0, ""doy"": 202.0, ""topwt"": 6673.7744140625, ""grnwt"": 0.0, ""xlai"": 4.062729358673096, ""totir"": 0.0, ""tofer"": NaN, ""swfac"": 0.0, ""nstres"": 0.0341384410858154}",0.0,0.0341384410858154,6673.7744140625,0.0,4.062729358673096,0.0,,0.0,0.0,0.0,150.0,12.523712158203123,12.523712158203123,Leave_One_experiments/all_year_offline_schedule_search/daily_outputs/HLA/HLA_2021_HLA2021_normal_grid_S0010_daily.csv
HLA,HLA,Hailun,2021,Leave_One_experiments\wth_generated_qc\HLA\HLA2021.WTH,wet_year;nitrogen_stress_year;low_response_year,wet,HLA2021_normal_grid_S0010,low_input_within_10pct_yield,2021-07-22,203,84,79,"{""sim_day"": 84.0, ""doy"": 203.0, ""topwt"": 6943.734130859375, ""grnwt"": 0.0, ""xlai"": 4.108822345733643, ""totir"": 0.0, ""tofer"": NaN, ""swfac"": 0.0, ""nstres"": 0.0368306636810302}",0.0,0.0368306636810302,6943.734130859375,0.0,4.108822345733643,0.0,,0.0,0.0,0.0,150.0,12.523712158203123,12.523712158203123,Leave_One_experiments/all_year_offline_schedule_search/daily_outputs/HLA/HLA_2021_HLA2021_normal_grid_S0010_daily.csv
HLA,HLA,Hailun,2021,Leave_One_experiments\wth_generated_qc\HLA\HLA2021.WTH,wet_year;nitrogen_stress_year;low_response_year,wet,HLA2021_normal_grid_S0010,low_input_within_10pct_yield,2021-07-23,204,85,80,"{""sim_day"": 85.0, ""doy"": 204.0, ""topwt"": 7341.912231445312, ""grnwt"": 0.0, ""xlai"": 3.992444038391113, ""totir"": 0.0, ""tofer"": NaN, ""swfac"": 0.0, ""nstres"": 0.0380932092666626}",0.0,0.0380932092666626,7341.912231445312,0.0,3.992444038391113,0.0,,0.0,0.0,0.0,150.0,12.523712158203123,12.523712158203123,Leave_One_experiments/all_year_offline_schedule_search/daily_outputs/HLA/HLA_2021_HLA2021_normal_grid_S0010_daily.csv
HLA,HLA,Hailun,2021,Leave_One_experiments\wth_generated_qc\HLA\HLA2021.WTH,wet_year;nitrogen_stress_year;low_response_year,wet,HLA2021_normal_grid_S0010,low_input_within_10pct_yield,2021-07-24,205,86,81,"{""sim_day"": 86.0, ""doy"": 205.0, ""topwt"": 7516.214599609375, ""grnwt"": 0.0, ""xlai"": 3.9726760387420654, ""totir"": 0.0, ""tofer"": NaN, ""swfac"": 0.0, ""nstres"": 0.039610207080841}",0.0,0.039610207080841,7516.214599609375,0.0,3.9726760387420654,0.0,,0.0,0.0,0.0,150.0,12.523712158203123,12.523712158203123,Leave_One_experiments/all_year_offline_schedule_search/daily_outputs/HLA/HLA_2021_HLA2021_normal_grid_S0010_daily.csv
HLA,HLA,Hailun,2021,Leave_One_experiments\wth_generated_qc\HLA\HLA2021.WTH,wet_year;nitrogen_stress_year;low_response_year,wet,HLA2021_normal_grid_S0010,low_input_within_10pct_yield,2021-07-25,206,87,82,"{""sim_day"": 87.0, ""doy"": 206.0, ""topwt"": 7587.28515625, ""grnwt"": 0.0, ""xlai"": 3.952651500701904, ""totir"": 0.0, ""tofer"": NaN, ""swfac"": 0.0, ""nstres"": 0.0403255224227905}",0.0,0.0403255224227905,7587.28515625,0.0,3.952651500701904,0.0,,0.0,0.0,0.0,150.0,12.523712158203123,12.523712158203123,Leave_One_experiments/all_year_offline_schedule_search/daily_outputs/HLA/HLA_2021_HLA2021_normal_grid_S0010_daily.csv
HLA,HLA,Hailun,2021,Leave_One_experiments\wth_generated_qc\HLA\HLA2021.WTH,wet_year;nitrogen_stress_year;low_response_year,wet,HLA2021_normal_grid_S0010,low_input_within_10pct_yield,2021-07-26,207,88,83,"{""sim_day"": 88.0, ""doy"": 207.0, ""topwt"": 7812.874755859375, ""grnwt"": 0.0, ""xlai"": 3.937007427215576, ""totir"": 0.0, ""tofer"": NaN, ""swfac"": 0.0, ""nstres"": 0.0316629409790039}",0.0,0.0316629409790039,7812.874755859375,0.0,3.937007427215576,0.0,,0.0,0.0,0.0,150.0,12.523712158203123,12.523712158203123,Leave_One_experiments/all_year_offline_schedule_search/daily_outputs/HLA/HLA_2021_HLA2021_normal_grid_S0010_daily.csv
HLA,HLA,Hailun,2021,Leave_One_experiments\wth_generated_qc\HLA\HLA2021.WTH,wet_year;nitrogen_stress_year;low_response_year,wet,HLA2021_normal_grid_S0010,low_input_within_10pct_yield,2021-07-27,208,89,84,"{""sim_day"": 89.0, ""doy"": 208.0, ""topwt"": 8211.793212890625, ""grnwt"": 0.0, ""xlai"": 3.922172069549561, ""totir"": 0.0, ""tofer"": NaN, ""swfac"": 0.0, ""nstres"": 0.0194777250289917}",0.0,0.0194777250289917,8211.793212890625,0.0,3.922172069549561,0.0,,0.0,0.0,0.0,150.0,12.523712158203123,12.523712158203123,Leave_One_experiments/all_year_offline_schedule_search/daily_outputs/HLA/HLA_2021_HLA2021_normal_grid_S0010_daily.csv
HLA,HLA,Hailun,2021,Leave_One_experiments\wth_generated_qc\HLA\HLA2021.WTH,wet_year;nitrogen_stress_year;low_response_year,wet,HLA2021_normal_grid_S0010,low_input_within_10pct_yield,2021-07-28,209,90,85,"{""sim_day"": 90.0, ""doy"": 209.0, ""topwt"": 8391.00830078125, ""grnwt"": 0.0, ""xlai"": 3.9058666229248047, ""totir"": 0.0, ""tofer"": NaN, ""swfac"": 0.0, ""nstres"": 0.0113741159439086}",0.0,0.0113741159439086,8391.00830078125,0.0,3.9058666229248047,0.0,,0.0,0.0,0.0,150.0,12.523712158203123,12.523712158203123,Leave_One_experiments/all_year_offline_schedule_search/daily_outputs/HLA/HLA_2021_HLA2021_normal_grid_S0010_daily.csv
HLA,HLA,Hailun,2021,Leave_One_experiments\wth_generated_qc\HLA\HLA2021.WTH,wet_year;nitrogen_stress_year;low_response_year,wet,HLA2021_normal_grid_S0010,low_input_within_10pct_yield,2021-07-29,210,91,86,"{""sim_day"": 91.0, ""doy"": 210.0, ""topwt"": 8698.94287109375, ""grnwt"": 0.0, ""xlai"": 3.888561725616455, ""totir"": 0.0, ""tofer"": NaN, ""swfac"": 0.0, ""nstres"": 0.007278025150299}",0.0,0.007278025150299,8698.94287109375,0.0,3.888561725616455,0.0,,0.0,0.0,0.0,150.0,12.523712158203123,12.523712158203123,Leave_One_experiments/all_year_offline_schedule_search/daily_outputs/HLA/HLA_2021_HLA2021_normal_grid_S0010_daily.csv
HLA,HLA,Hailun,2021,Leave_One_experiments\wth_generated_qc\HLA\HLA2021.WTH,wet_year;nitrogen_stress_year;low_response_year,wet,HLA2021_normal_grid_S0010,low_input_within_10pct_yield,2021-07-30,211,92,87,"{""sim_day"": 92.0, ""doy"": 211.0, ""topwt"": 8815.308227539062, ""grnwt"": 0.0, ""xlai"": 3.871203899383545, ""totir"": 0.0, ""tofer"": NaN, ""swfac"": 0.0, ""nstres"": 0.0}",0.0,0.0,8815.308227539062,0.0,3.871203899383545,0.0,,0.0,0.0,0.0,150.0,12.523712158203123,12.523712158203123,Leave_One_experiments/all_year_offline_schedule_search/daily_outputs/HLA/HLA_2021_HLA2021_normal_grid_S0010_daily.csv
HLA,HLA,Hailun,2021,Leave_One_experiments\wth_generated_qc\HLA\HLA2021.WTH,wet_year;nitrogen_stress_year;low_response_year,wet,HLA2021_normal_grid_S0010,low_input_within_10pct_yield,2021-07-31,212,93,88,"{""sim_day"": 93.0, ""doy"": 212.0, ""topwt"": 9008.505859375, ""grnwt"": 0.0, ""xlai"": 3.8549511432647705, ""totir"": 0.0, ""tofer"": NaN, ""swfac"": 0.0, ""nstres"": 0.0}",0.0,0.0,9008.505859375,0.0,3.8549511432647705,0.0,,0.0,0.0,0.0,150.0,12.523712158203123,12.523712158203123,Leave_One_experiments/all_year_offline_schedule_search/daily_outputs/HLA/HLA_2021_HLA2021_normal_grid_S0010_daily.csv
HLA,HLA,Hailun,2021,Leave_One_experiments\wth_generated_qc\HLA\HLA2021.WTH,wet_year;nitrogen_stress_year;low_response_year,wet,HLA2021_normal_grid_S0010,low_input_within_10pct_yield,2021-08-01,213,94,89,"{""sim_day"": 94.0, ""doy"": 213.0, ""topwt"": 9075.473022460938, ""grnwt"": 0.0, ""xlai"": 3.843116283416748, ""totir"": 0.0, ""tofer"": NaN, ""swfac"": 0.0, ""nstres"": 0.0}",0.0,0.0,9075.473022460938,0.0,3.843116283416748,0.0,,0.0,0.0,0.0,150.0,12.523712158203123,12.523712158203123,Leave_One_experiments/all_year_offline_schedule_search/daily_outputs/HLA/HLA_2021_HLA2021_normal_grid_S0010_daily.csv
HLA,HLA,Hailun,2021,Leave_One_experiments\wth_generated_qc\HLA\HLA2021.WTH,wet_year;nitrogen_stress_year;low_response_year,wet,HLA2021_normal_grid_S0010,low_input_within_10pct_yield,2021-08-02,214,95,90,"{""sim_day"": 95.0, ""doy"": 214.0, ""topwt"": 9134.527587890623, ""grnwt"": 0.0, ""xlai"": 3.82938814163208, ""totir"": 0.0, ""tofer"": NaN, ""swfac"": 0.0, ""nstres"": 0.0}",0.0,0.0,9134.527587890623,0.0,3.82938814163208,0.0,,0.0,0.0,0.0,150.0,12.523712158203123,12.523712158203123,Leave_One_experiments/all_year_offline_schedule_search/daily_outputs/HLA/HLA_2021_HLA2021_normal_grid_S0010_daily.csv
HLA,HLA,Hailun,2021,Leave_One_experiments\wth_generated_qc\HLA\HLA2021.WTH,wet_year;nitrogen_stress_year;low_response_year,wet,HLA2021_normal_grid_S0010,low_input_within_10pct_yield,2021-08-03,215,96,91,"{""sim_day"": 96.0, ""doy"": 215.0, ""topwt"": 9263.076171875, ""grnwt"": 128.54846954345703, ""xlai"": 3.739647626876831, ""totir"": 0.0, ""tofer"": NaN, ""swfac"": 0.0, ""nstres"": 0.0}",0.0,0.0,9263.076171875,128.54846954345703,3.739647626876831,0.0,,0.0,0.0,0.0,150.0,12.523712158203123,12.523712158203123,Leave_One_experiments/all_year_offline_schedule_search/daily_outputs/HLA/HLA_2021_HLA2021_normal_grid_S0010_daily.csv
HLA,HLA,Hailun,2021,Leave_One_experiments\wth_generated_qc\HLA\HLA2021.WTH,wet_year;nitrogen_stress_year;low_response_year,wet,HLA2021_normal_grid_S0010,low_input_within_10pct_yield,2021-08-04,216,97,92,"{""sim_day"": 97.0, ""doy"": 216.0, ""topwt"": 9391.624755859377, ""grnwt"": 257.09693908691406, ""xlai"": 3.726727247238159, ""totir"": 0.0, ""tofer"": NaN, ""swfac"": 0.0, ""nstres"": 0.0}",0.0,0.0,9391.624755859377,257.09693908691406,3.726727247238159,0.0,,0.0,0.0,0.0,150.0,12.523712158203123,12.523712158203123,Leave_One_experiments/all_year_offline_schedule_search/daily_outputs/HLA/HLA_2021_HLA2021_normal_grid_S0010_daily.csv
HLA,HLA,Hailun,2021,Leave_One_experiments\wth_generated_qc\HLA\HLA2021.WTH,wet_year;nitrogen_stress_year;low_response_year,wet,HLA2021_normal_grid_S0010,low_input_within_10pct_yield,2021-08-05,217,98,93,"{""sim_day"": 98.0, ""doy"": 217.0, ""topwt"": 9520.172729492188, ""grnwt"": 385.6453704833984, ""xlai"": 3.711932420730591, ""totir"": 0.0, ""tofer"": NaN, ""swfac"": 0.0, ""nstres"": 0.0}",0.0,0.0,9520.172729492188,385.6453704833984,3.711932420730591,0.0,,0.0,0.0,0.0,150.0,12.523712158203123,12.523712158203123,Leave_One_experiments/all_year_offline_schedule_search/daily_outputs/HLA/HLA_2021_HLA2021_normal_grid_S0010_daily.csv
HLA,HLA,Hailun,2021,Leave_One_experiments\wth_generated_qc\HLA\HLA2021.WTH,wet_year;nitrogen_stress_year;low_response_year,wet,HLA2021_normal_grid_S0010,low_input_within_10pct_yield,2021-08-06,218,99,94,"{""sim_day"": 99.0, ""doy"": 218.0, ""topwt"": 9648.721313476562, ""grnwt"": 514.1938781738281, ""xlai"": 3.693416357040405, ""totir"": 0.0, ""tofer"": NaN, ""swfac"": 0.0, ""nstres"": 0.0}",0.0,0.0,9648.721313476562,514.1938781738281,3.693416357040405,0.0,,0.0,0.0,0.0,150.0,12.523712158203123,12.523712158203123,Leave_One_experiments/all_year_offline_schedule_search/daily_outputs/HLA/HLA_2021_HLA2021_normal_grid_S0010_daily.csv
HLA,HLA,Hailun,2021,Leave_One_experiments\wth_generated_qc\HLA\HLA2021.WTH,wet_year;nitrogen_stress_year;low_response_year,wet,HLA2021_normal_grid_S0010,low_input_within_10pct_yield,2021-08-07,219,100,95,"{""sim_day"": 100.0, ""doy"": 219.0, ""topwt"": 9777.2705078125, ""grnwt"": 642.7423095703125, ""xlai"": 3.670668363571167, ""totir"": 0.0, ""tofer"": NaN, ""swfac"": 0.0, ""nstres"": 0.0}",0.0,0.0,9777.2705078125,642.7423095703125,3.670668363571167,0.0,,0.0,0.0,0.0,150.0,12.523712158203123,12.523712158203123,Leave_One_experiments/all_year_offline_schedule_search/daily_outputs/HLA/HLA_2021_HLA2021_normal_grid_S0010_daily.csv
HLA,HLA,Hailun,2021,Leave_One_experiments\wth_generated_qc\HLA\HLA2021.WTH,wet_year;nitrogen_stress_year;low_response_year,wet,HLA2021_normal_grid_S0010,low_input_within_10pct_yield,2021-08-08,220,101,96,"{""sim_day"": 101.0, ""doy"": 220.0, ""topwt"": 9905.81787109375, ""grnwt"": 771.2908172607422, ""xlai"": 3.650090217590332, ""totir"": 0.0, ""tofer"": NaN, ""swfac"": 0.0, ""nstres"": 0.0}",0.0,0.0,9905.81787109375,771.2908172607422,3.650090217590332,0.0,,0.0,0.0,0.0,150.0,12.523712158203123,12.523712158203123,Leave_One_experiments/all_year_offline_schedule_search/daily_outputs/HLA/HLA_2021_HLA2021_normal_grid_S0010_daily.csv
HLA,HLA,Hailun,2021,Leave_One_experiments\wth_generated_qc\HLA\HLA2021.WTH,wet_year;nitrogen_stress_year;low_response_year,wet,HLA2021_normal_grid_S0010,low_input_within_10pct_yield,2021-08-09,221,102,97,"{""sim_day"": 102.0, ""doy"": 221.0, ""topwt"": 10034.36767578125, ""grnwt"": 899.8393249511719, ""xlai"": 3.6341497898101807, ""totir"": 0.0, ""tofer"": NaN, ""swfac"": 0.0, ""nstres"": 0.0}",0.0,0.0,10034.36767578125,899.8393249511719,3.6341497898101807,0.0,,0.0,0.0,0.0,150.0,12.523712158203123,12.523712158203123,Leave_One_experiments/all_year_offline_schedule_search/daily_outputs/HLA/HLA_2021_HLA2021_normal_grid_S0010_daily.csv
HLA,HLA,Hailun,2021,Leave_One_experiments\wth_generated_qc\HLA\HLA2021.WTH,wet_year;nitrogen_stress_year;low_response_year,wet,HLA2021_normal_grid_S0010,low_input_within_10pct_yield,2021-08-10,222,103,98,"{""sim_day"": 103.0, ""doy"": 222.0, ""topwt"": 10162.9150390625, ""grnwt"": 1028.3877563476562, ""xlai"": 3.612642526626587, ""totir"": 0.0, ""tofer"": NaN, ""swfac"": 0.0, ""nstres"": 0.0}",0.0,0.0,10162.9150390625,1028.3877563476562,3.612642526626587,0.0,,0.0,0.0,0.0,150.0,12.523712158203123,12.523712158203123,Leave_One_experiments/all_year_offline_schedule_search/daily_outputs/HLA/HLA_2021_HLA2021_normal_grid_S0010_daily.csv
HLA,HLA,Hailun,2021,Leave_One_experiments\wth_generated_qc\HLA\HLA2021.WTH,wet_year;nitrogen_stress_year;low_response_year,wet,HLA2021_normal_grid_S0010,low_input_within_10pct_yield,2021-08-11,223,104,99,"{""sim_day"": 104.0, ""doy"": 223.0, ""topwt"": 10291.46484375, ""grnwt"": 1156.9361877441406, ""xlai"": 3.593654155731201, ""totir"": 0.0, ""tofer"": NaN, ""swfac"": 0.0, ""nstres"": 0.0}",0.0,0.0,10291.46484375,1156.9361877441406,3.593654155731201,0.0,,0.0,0.0,0.0,150.0,12.523712158203123,12.523712158203123,Leave_One_experiments/all_year_offline_schedule_search/daily_outputs/HLA/HLA_2021_HLA2021_normal_grid_S0010_daily.csv
HLA,HLA,Hailun,2021,Leave_One_experiments\wth_generated_qc\HLA\HLA2021.WTH,wet_year;nitrogen_stress_year;low_response_year,wet,HLA2021_normal_grid_S0010,low_input_within_10pct_yield,2021-08-12,224,105,100,"{""sim_day"": 105.0, ""doy"": 224.0, ""topwt"": 10420.01220703125, ""grnwt"": 1285.484619140625, ""xlai"": 3.565378904342652, ""totir"": 0.0, ""tofer"": NaN, ""swfac"": 0.0, ""nstres"": 0.0}",0.0,0.0,10420.01220703125,1285.484619140625,3.565378904342652,0.0,,0.0,0.0,0.0,150.0,12.523712158203123,12.523712158203123,Leave_One_experiments/all_year_offline_schedule_search/daily_outputs/HLA/HLA_2021_HLA2021_normal_grid_S0010_daily.csv
HLA,HLA,Hailun,2021,Leave_One_experiments\wth_generated_qc\HLA\HLA2021.WTH,wet_year;nitrogen_stress_year;low_response_year,wet,HLA2021_normal_grid_S0010,low_input_within_10pct_yield,2021-08-13,225,106,101,"{""sim_day"": 106.0, ""doy"": 225.0, ""topwt"": 10548.560791015623, ""grnwt"": 1414.0330505371094, ""xlai"": 3.533468723297119, ""totir"": 0.0, ""tofer"": NaN, ""swfac"": 0.0, ""nstres"": 0.0}",0.0,0.0,10548.560791015623,1414.0330505371094,3.533468723297119,0.0,,0.0,0.0,0.0,150.0,12.523712158203123,12.523712158203123,Leave_One_experiments/all_year_offline_schedule_search/daily_outputs/HLA/HLA_2021_HLA2021_normal_grid_S0010_daily.csv
HLA,HLA,Hailun,2021,Leave_One_experiments\wth_generated_qc\HLA\HLA2021.WTH,wet_year;nitrogen_stress_year;low_response_year,wet,HLA2021_normal_grid_S0010,low_input_within_10pct_yield,2021-08-14,226,107,102,"{""sim_day"": 107.0, ""doy"": 226.0, ""topwt"": 10677.109375, ""grnwt"": 1542.5814819335938, ""xlai"": 3.501232624053955, ""totir"": 0.0, ""tofer"": NaN, ""swfac"": 0.0, ""nstres"": 0.0}",0.0,0.0,10677.109375,1542.5814819335938,3.501232624053955,0.0,,0.0,0.0,0.0,150.0,12.523712158203123,12.523712158203123,Leave_One_experiments/all_year_offline_schedule_search/daily_outputs/HLA/HLA_2021_HLA2021_normal_grid_S0010_daily.csv
HLA,HLA,Hailun,2021,Leave_One_experiments\wth_generated_qc\HLA\HLA2021.WTH,wet_year;nitrogen_stress_year;low_response_year,wet,HLA2021_normal_grid_S0010,low_input_within_10pct_yield,2021-08-15,227,108,103,"{""sim_day"": 108.0, ""doy"": 227.0, ""topwt"": 10805.657958984377, ""grnwt"": 1671.1300659179688, ""xlai"": 3.467257261276245, ""totir"": 0.0, ""tofer"": NaN, ""swfac"": 0.0, ""nstres"": 0.0}",0.0,0.0,10805.657958984377,1671.1300659179688,3.467257261276245,0.0,,0.0,0.0,0.0,150.0,12.523712158203123,12.523712158203123,Leave_One_experiments/all_year_offline_schedule_search/daily_outputs/HLA/HLA_2021_HLA2021_normal_grid_S0010_daily.csv
HLA,HLA,Hailun,2021,Leave_One_experiments\wth_generated_qc\HLA\HLA2021.WTH,wet_year;nitrogen_stress_year;low_response_year,wet,HLA2021_normal_grid_S0010,low_input_within_10pct_yield,2021-08-16,228,109,104,"{""sim_day"": 109.0, ""doy"": 228.0, ""topwt"": 10934.205322265623, ""grnwt"": 1799.6783447265625, ""xlai"": 3.4270472526550293, ""totir"": 0.0, ""tofer"": NaN, ""swfac"": 0.0, ""nstres"": 0.0006897449493408}",0.0,0.0006897449493408,10934.205322265623,1799.6783447265625,3.4270472526550293,0.0,,0.0,0.0,0.0,150.0,12.523712158203123,12.523712158203123,Leave_One_experiments/all_year_offline_schedule_search/daily_outputs/HLA/HLA_2021_HLA2021_normal_grid_S0010_daily.csv
HLA,HLA,Hailun,2021,Leave_One_experiments\wth_generated_qc\HLA\HLA2021.WTH,wet_year;nitrogen_stress_year;low_response_year,wet,HLA2021_normal_grid_S0010,low_input_within_10pct_yield,2021-08-17,229,110,105,"{""sim_day"": 110.0, ""doy"": 229.0, ""topwt"": 11062.755126953123, ""grnwt"": 1928.2269287109373, ""xlai"": 3.382742404937744, ""totir"": 0.0, ""tofer"": NaN, ""swfac"": 0.0, ""nstres"": 0.0045939087867736}",0.0,0.0045939087867736,11062.755126953123,1928.2269287109373,3.382742404937744,0.0,,0.0,0.0,0.0,150.0,12.523712158203123,12.523712158203123,Leave_One_experiments/all_year_offline_schedule_search/daily_outputs/HLA/HLA_2021_HLA2021_normal_grid_S0010_daily.csv
HLA,HLA,Hailun,2021,Leave_One_experiments\wth_generated_qc\HLA\HLA2021.WTH,wet_year;nitrogen_stress_year;low_response_year,wet,HLA2021_normal_grid_S0010,low_input_within_10pct_yield,2021-08-18,230,111,106,"{""sim_day"": 111.0, ""doy"": 230.0, ""topwt"": 11191.302490234377, ""grnwt"": 2056.7752075195312, ""xlai"": 3.328998327255249, ""totir"": 0.0, ""tofer"": NaN, ""swfac"": 0.0, ""nstres"": 0.0074235200881958}",0.0,0.0074235200881958,11191.302490234377,2056.7752075195312,3.328998327255249,0.0,,0.0,0.0,0.0,150.0,12.523712158203123,12.523712158203123,Leave_One_experiments/all_year_offline_schedule_search/daily_outputs/HLA/HLA_2021_HLA2021_normal_grid_S0010_daily.csv
HLA,HLA,Hailun,2021,Leave_One_experiments\wth_generated_qc\HLA\HLA2021.WTH,wet_year;nitrogen_stress_year;low_response_year,wet,HLA2021_normal_grid_S0010,low_input_within_10pct_yield,2021-08-19,231,112,107,"{""sim_day"": 112.0, ""doy"": 231.0, ""topwt"": 11319.85107421875, ""grnwt"": 2185.3237915039062, ""xlai"": 3.267652750015259, ""totir"": 0.0, ""tofer"": NaN, ""swfac"": 0.0, ""nstres"": 0.0099414587020874}",0.0,0.0099414587020874,11319.85107421875,2185.3237915039062,3.267652750015259,0.0,,0.0,0.0,0.0,150.0,12.523712158203123,12.523712158203123,Leave_One_experiments/all_year_offline_schedule_search/daily_outputs/HLA/HLA_2021_HLA2021_normal_grid_S0010_daily.csv
HLA,HLA,Hailun,2021,Leave_One_experiments\wth_generated_qc\HLA\HLA2021.WTH,wet_year;nitrogen_stress_year;low_response_year,wet,HLA2021_normal_grid_S0010,low_input_within_10pct_yield,2021-08-20,232,113,108,"{""sim_day"": 113.0, ""doy"": 232.0, ""topwt"": 11426.873779296877, ""grnwt"": 2313.8720703125, ""xlai"": 3.2158913612365723, ""totir"": 0.0, ""tofer"": NaN, ""swfac"": 0.0, ""nstres"": 0.0155708789825439}",0.0,0.0155708789825439,11426.873779296877,2313.8720703125,3.2158913612365723,0.0,,0.0,0.0,0.0,150.0,12.523712158203123,12.523712158203123,Leave_One_experiments/all_year_offline_schedule_search/daily_outputs/HLA/HLA_2021_HLA2021_normal_grid_S0010_daily.csv
HLA,HLA,Hailun,2021,Leave_One_experiments\wth_generated_qc\HLA\HLA2021.WTH,wet_year;nitrogen_stress_year;low_response_year,wet,HLA2021_normal_grid_S0010,low_input_within_10pct_yield,2021-08-21,233,114,109,"{""sim_day"": 114.0, ""doy"": 233.0, ""topwt"": 11500.560302734377, ""grnwt"": 2442.420654296875, ""xlai"": 3.168585777282715, ""totir"": 0.0, ""tofer"": NaN, ""swfac"": 0.0, ""nstres"": 0.0228227972984313}",0.0,0.0228227972984313,11500.560302734377,2442.420654296875,3.168585777282715,0.0,,0.0,0.0,0.0,150.0,12.523712158203123,12.523712158203123,Leave_One_experiments/all_year_offline_schedule_search/daily_outputs/HLA/HLA_2021_HLA2021_normal_grid_S0010_daily.csv
HLA,HLA,Hailun,2021,Leave_One_experiments\wth_generated_qc\HLA\HLA2021.WTH,wet_year;nitrogen_stress_year;low_response_year,wet,HLA2021_normal_grid_S0010,low_input_within_10pct_yield,2021-08-22,234,115,110,"{""sim_day"": 115.0, ""doy"": 234.0, ""topwt"": 11705.49560546875, ""grnwt"": 2570.9689331054688, ""xlai"": 3.10932993888855, ""totir"": 0.0, ""tofer"": NaN, ""swfac"": 0.0, ""nstres"": 0.0269795060157775}",0.0,0.0269795060157775,11705.49560546875,2570.9689331054688,3.10932993888855,0.0,,0.0,0.0,0.0,150.0,12.523712158203123,12.523712158203123,Leave_One_experiments/all_year_offline_schedule_search/daily_outputs/HLA/HLA_2021_HLA2021_normal_grid_S0010_daily.csv
HLA,HLA,Hailun,2021,Leave_One_experiments\wth_generated_qc\HLA\HLA2021.WTH,wet_year;nitrogen_stress_year;low_response_year,wet,HLA2021_normal_grid_S0010,low_input_within_10pct_yield,2021-08-23,235,116,111,"{""sim_day"": 116.0, ""doy"": 235.0, ""topwt"": 11834.04541015625, ""grnwt"": 2699.517517089844, ""xlai"": 3.047433614730835, ""totir"": 0.0, ""tofer"": NaN, ""swfac"": 0.0, ""nstres"": 0.0286309719085693}",0.0,0.0286309719085693,11834.04541015625,2699.517517089844,3.047433614730835,0.0,,0.0,0.0,0.0,150.0,12.523712158203123,12.523712158203123,Leave_One_experiments/all_year_offline_schedule_search/daily_outputs/HLA/HLA_2021_HLA2021_normal_grid_S0010_daily.csv
HLA,HLA,Hailun,2021,Leave_One_experiments\wth_generated_qc\HLA\HLA2021.WTH,wet_year;nitrogen_stress_year;low_response_year,wet,HLA2021_normal_grid_S0010,low_input_within_10pct_yield,2021-08-24,236,117,112,"{""sim_day"": 117.0, ""doy"": 236.0, ""topwt"": 11962.5927734375, ""grnwt"": 2828.065795898437, ""xlai"": 2.9788849353790283, ""totir"": 0.0, ""tofer"": NaN, ""swfac"": 0.0, ""nstres"": 0.0426266193389892}",0.0,0.0426266193389892,11962.5927734375,2828.065795898437,2.9788849353790283,0.0,,0.0,0.0,0.0,150.0,12.523712158203123,12.523712158203123,Leave_One_experiments/all_year_offline_schedule_search/daily_outputs/HLA/HLA_2021_HLA2021_normal_grid_S0010_daily.csv
HLA,HLA,Hailun,2021,Leave_One_experiments\wth_generated_qc\HLA\HLA2021.WTH,wet_year;nitrogen_stress_year;low_response_year,wet,HLA2021_normal_grid_S0010,low_input_within_10pct_yield,2021-08-25,237,118,113,"{""sim_day"": 118.0, ""doy"": 237.0, ""topwt"": 12091.142578125, ""grnwt"": 2956.6143798828125, ""xlai"": 2.916576385498047, ""totir"": 0.0, ""tofer"": NaN, ""swfac"": 0.0, ""nstres"": 0.0509767532348632}",0.0,0.0509767532348632,12091.142578125,2956.6143798828125,2.916576385498047,0.0,,0.0,0.0,0.0,150.0,12.523712158203123,12.523712158203123,Leave_One_experiments/all_year_offline_schedule_search/daily_outputs/HLA/HLA_2021_HLA2021_normal_grid_S0010_daily.csv
HLA,HLA,Hailun,2021,Leave_One_experiments\wth_generated_qc\HLA\HLA2021.WTH,wet_year;nitrogen_stress_year;low_response_year,wet,HLA2021_normal_grid_S0010,low_input_within_10pct_yield,2021-08-26,238,119,114,"{""sim_day"": 119.0, ""doy"": 238.0, ""topwt"": 12219.68994140625, ""grnwt"": 3085.1626586914062, ""xlai"": 2.85024356842041, ""totir"": 0.0, ""tofer"": NaN, ""swfac"": 0.0, ""nstres"": 0.0592125654220581}",0.0,0.0592125654220581,12219.68994140625,3085.1626586914062,2.85024356842041,0.0,,0.0,0.0,0.0,150.0,12.523712158203123,12.523712158203123,Leave_One_experiments/all_year_offline_schedule_search/daily_outputs/HLA/HLA_2021_HLA2021_normal_grid_S0010_daily.csv
HLA,HLA,Hailun,2021,Leave_One_experiments\wth_generated_qc\HLA\HLA2021.WTH,wet_year;nitrogen_stress_year;low_response_year,wet,HLA2021_normal_grid_S0010,low_input_within_10pct_yield,2021-08-27,239,120,115,"{""sim_day"": 120.0, ""doy"": 239.0, ""topwt"": 12348.23974609375, ""grnwt"": 3213.711242675781, ""xlai"": 2.7888028621673584, ""totir"": 0.0, ""tofer"": NaN, ""swfac"": 0.0, ""nstres"": 0.0689960718154907}",0.0,0.0689960718154907,12348.23974609375,3213.711242675781,2.7888028621673584,0.0,,0.0,0.0,0.0,150.0,12.523712158203123,12.523712158203123,Leave_One_experiments/all_year_offline_schedule_search/daily_outputs/HLA/HLA_2021_HLA2021_normal_grid_S0010_daily.csv
HLA,HLA,Hailun,2021,Leave_One_experiments\wth_generated_qc\HLA\HLA2021.WTH,wet_year;nitrogen_stress_year;low_response_year,wet,HLA2021_normal_grid_S0010,low_input_within_10pct_yield,2021-08-28,240,121,116,"{""sim_day"": 121.0, ""doy"": 240.0, ""topwt"": 12466.380615234377, ""grnwt"": 3331.8536376953125, ""xlai"": 2.7432637214660645, ""totir"": 0.0, ""tofer"": NaN, ""swfac"": 0.0, ""nstres"": 0.0808869004249572}",0.0,0.0808869004249572,12466.380615234377,3331.8536376953125,2.7432637214660645,0.0,,0.0,0.0,0.0,150.0,12.523712158203123,12.523712158203123,Leave_One_experiments/all_year_offline_schedule_search/daily_outputs/HLA/HLA_2021_HLA2021_normal_grid_S0010_daily.csv
HLA,HLA,Hailun,2021,Leave_One_experiments\wth_generated_qc\HLA\HLA2021.WTH,wet_year;nitrogen_stress_year;low_response_year,wet,HLA2021_normal_grid_S0010,low_input_within_10pct_yield,2021-08-29,241,122,117,"{""sim_day"": 122.0, ""doy"": 241.0, ""topwt"": 12555.751953125, ""grnwt"": 3421.2252807617188, ""xlai"": 2.710194826126098, ""totir"": 0.0, ""tofer"": NaN, ""swfac"": 0.0, ""nstres"": 0.0929816961288452}",0.0,0.0929816961288452,12555.751953125,3421.2252807617188,2.710194826126098,0.0,,0.0,0.0,0.0,150.0,12.523712158203123,12.523712158203123,Leave_One_experiments/all_year_offline_schedule_search/daily_outputs/HLA/HLA_2021_HLA2021_normal_grid_S0010_daily.csv
HLA,HLA,Hailun,2021,Leave_One_experiments\wth_generated_qc\HLA\HLA2021.WTH,wet_year;nitrogen_stress_year;low_response_year,wet,HLA2021_normal_grid_S0010,low_input_within_10pct_yield,2021-08-30,242,123,118,"{""sim_day"": 123.0, ""doy"": 242.0, ""topwt"": 12683.077392578123, ""grnwt"": 3548.5498046875, ""xlai"": 2.6572105884552, ""totir"": 0.0, ""tofer"": NaN, ""swfac"": 0.0, ""nstres"": 0.0994240641593933}",0.0,0.0994240641593933,12683.077392578123,3548.5498046875,2.6572105884552,0.0,,0.0,0.0,0.0,150.0,12.523712158203123,12.523712158203123,Leave_One_experiments/all_year_offline_schedule_search/daily_outputs/HLA/HLA_2021_HLA2021_normal_grid_S0010_daily.csv
HLA,HLA,Hailun,2021,Leave_One_experiments\wth_generated_qc\HLA\HLA2021.WTH,wet_year;nitrogen_stress_year;low_response_year,wet,HLA2021_normal_grid_S0010,low_input_within_10pct_yield,2021-08-31,243,124,119,"{""sim_day"": 124.0, ""doy"": 243.0, ""topwt"": 12811.6259765625, ""grnwt"": 3677.0980834960938, ""xlai"": 2.573446750640869, ""totir"": 0.0, ""tofer"": NaN, ""swfac"": 0.0, ""nstres"": 0.1080437302589416}",0.0,0.1080437302589416,12811.6259765625,3677.0980834960938,2.573446750640869,0.0,,0.0,0.0,0.0,150.0,12.523712158203123,12.523712158203123,Leave_One_experiments/all_year_offline_schedule_search/daily_outputs/HLA/HLA_2021_HLA2021_normal_grid_S0010_daily.csv
HLA,HLA,Hailun,2021,Leave_One_experiments\wth_generated_qc\HLA\HLA2021.WTH,wet_year;nitrogen_stress_year;low_response_year,wet,HLA2021_normal_grid_S0010,low_input_within_10pct_yield,2021-09-01,244,125,120,"{""sim_day"": 125.0, ""doy"": 244.0, ""topwt"": 12940.17333984375, ""grnwt"": 3805.646362304688, ""xlai"": 2.4871397018432617, ""totir"": 0.0, ""tofer"": NaN, ""swfac"": 0.0, ""nstres"": 0.1172500848770141}",0.0,0.1172500848770141,12940.17333984375,3805.646362304688,2.4871397018432617,0.0,,0.0,0.0,0.0,150.0,12.523712158203123,12.523712158203123,Leave_One_experiments/all_year_offline_schedule_search/daily_outputs/HLA/HLA_2021_HLA2021_normal_grid_S0010_daily.csv
HLA,HLA,Hailun,2021,Leave_One_experiments\wth_generated_qc\HLA\HLA2021.WTH,wet_year;nitrogen_stress_year;low_response_year,wet,HLA2021_normal_grid_S0010,low_input_within_10pct_yield,2021-09-02,245,126,121,"{""sim_day"": 126.0, ""doy"": 245.0, ""topwt"": 13068.72314453125, ""grnwt"": 3934.1949462890634, ""xlai"": 2.388209819793701, ""totir"": 0.0, ""tofer"": NaN, ""swfac"": 0.0, ""nstres"": 0.1260676980018615}",0.0,0.1260676980018615,13068.72314453125,3934.1949462890634,2.388209819793701,0.0,,0.0,0.0,0.0,150.0,12.523712158203123,12.523712158203123,Leave_One_experiments/all_year_offline_schedule_search/daily_outputs/HLA/HLA_2021_HLA2021_normal_grid_S0010_daily.csv
HLA,HLA,Hailun,2021,Leave_One_experiments\wth_generated_qc\HLA\HLA2021.WTH,wet_year;nitrogen_stress_year;low_response_year,wet,HLA2021_normal_grid_S0010,low_input_within_10pct_yield,2021-09-03,246,127,122,"{""sim_day"": 127.0, ""doy"": 246.0, ""topwt"": 13197.271728515623, ""grnwt"": 4062.7435302734375, ""xlai"": 2.274472713470459, ""totir"": 0.0, ""tofer"": NaN, ""swfac"": 0.0, ""nstres"": 0.1344199180603027}",0.0,0.1344199180603027,13197.271728515623,4062.7435302734375,2.274472713470459,0.0,,0.0,0.0,0.0,150.0,12.523712158203123,12.523712158203123,Leave_One_experiments/all_year_offline_schedule_search/daily_outputs/HLA/HLA_2021_HLA2021_normal_grid_S0010_daily.csv
HLA,HLA,Hailun,2021,Leave_One_experiments\wth_generated_qc\HLA\HLA2021.WTH,wet_year;nitrogen_stress_year;low_response_year,wet,HLA2021_normal_grid_S0010,low_input_within_10pct_yield,2021-09-04,247,128,123,"{""sim_day"": 128.0, ""doy"": 247.0, ""topwt"": 13325.819091796877, ""grnwt"": 4191.291809082031, ""xlai"": 2.1590826511383057, ""totir"": 0.0, ""tofer"": NaN, ""swfac"": 0.0, ""nstres"": 0.1433997750282287}",0.0,0.1433997750282287,13325.819091796877,4191.291809082031,2.1590826511383057,0.0,,0.0,0.0,0.0,150.0,12.523712158203123,12.523712158203123,Leave_One_experiments/all_year_offline_schedule_search/daily_outputs/HLA/HLA_2021_HLA2021_normal_grid_S0010_daily.csv
HLA,HLA,Hailun,2021,Leave_One_experiments\wth_generated_qc\HLA\HLA2021.WTH,wet_year;nitrogen_stress_year;low_response_year,wet,HLA2021_normal_grid_S0010,low_input_within_10pct_yield,2021-09-05,248,129,124,"{""sim_day"": 129.0, ""doy"": 248.0, ""topwt"": 13454.36767578125, ""grnwt"": 4319.840087890625, ""xlai"": 2.0497963428497314, ""totir"": 0.0, ""tofer"": NaN, ""swfac"": 0.0, ""nstres"": 0.1535414457321167}",0.0,0.1535414457321167,13454.36767578125,4319.840087890625,2.0497963428497314,0.0,,0.0,0.0,0.0,150.0,12.523712158203123,12.523712158203123,Leave_One_experiments/all_year_offline_schedule_search/daily_outputs/HLA/HLA_2021_HLA2021_normal_grid_S0010_daily.csv
HLA,HLA,Hailun,2021,Leave_One_experiments\wth_generated_qc\HLA\HLA2021.WTH,wet_year;nitrogen_stress_year;low_response_year,wet,HLA2021_normal_grid_S0010,low_input_within_10pct_yield,2021-09-06,249,130,125,"{""sim_day"": 130.0, ""doy"": 249.0, ""topwt"": 13532.9833984375, ""grnwt"": 4448.388671875, ""xlai"": 1.9602419137954712, ""totir"": 0.0, ""tofer"": NaN, ""swfac"": 0.0, ""nstres"": 0.1654581427574157}",0.0,0.1654581427574157,13532.9833984375,4448.388671875,1.9602419137954712,0.0,,0.0,0.0,0.0,150.0,12.523712158203123,12.523712158203123,Leave_One_experiments/all_year_offline_schedule_search/daily_outputs/HLA/HLA_2021_HLA2021_normal_grid_S0010_daily.csv
HLA,HLA,Hailun,2021,Leave_One_experiments\wth_generated_qc\HLA\HLA2021.WTH,wet_year;nitrogen_stress_year;low_response_year,wet,HLA2021_normal_grid_S0010,low_input_within_10pct_yield,2021-09-07,250,131,126,"{""sim_day"": 131.0, ""doy"": 250.0, ""topwt"": 13711.46484375, ""grnwt"": 4576.937255859375, ""xlai"": 1.8831435441970823, ""totir"": 0.0, ""tofer"": NaN, ""swfac"": 0.0, ""nstres"": 0.1783055067062378}",0.0,0.1783055067062378,13711.46484375,4576.937255859375,1.8831435441970823,0.0,,0.0,0.0,0.0,150.0,12.523712158203123,12.523712158203123,Leave_One_experiments/all_year_offline_schedule_search/daily_outputs/HLA/HLA_2021_HLA2021_normal_grid_S0010_daily.csv
HLA,HLA,Hailun,2021,Leave_One_experiments\wth_generated_qc\HLA\HLA2021.WTH,wet_year;nitrogen_stress_year;low_response_year,wet,HLA2021_normal_grid_S0010,low_input_within_10pct_yield,2021-09-08,251,132,127,"{""sim_day"": 132.0, ""doy"": 251.0, ""topwt"": 13794.219970703123, ""grnwt"": 4705.485534667969, ""xlai"": 1.8009296655654907, ""totir"": 0.0, ""tofer"": NaN, ""swfac"": 0.0, ""nstres"": 0.1866782903671264}",0.0,0.1866782903671264,13794.219970703123,4705.485534667969,1.8009296655654907,0.0,,0.0,0.0,0.0,150.0,12.523712158203123,12.523712158203123,Leave_One_experiments/all_year_offline_schedule_search/daily_outputs/HLA/HLA_2021_HLA2021_normal_grid_S0010_daily.csv
HLA,HLA,Hailun,2021,Leave_One_experiments\wth_generated_qc\HLA\HLA2021.WTH,wet_year;nitrogen_stress_year;low_response_year,wet,HLA2021_normal_grid_S0010,low_input_within_10pct_yield,2021-09-09,252,133,128,"{""sim_day"": 133.0, ""doy"": 252.0, ""topwt"": 13942.16064453125, ""grnwt"": 4832.197570800781, ""xlai"": 1.721989989280701, ""totir"": 0.0, ""tofer"": NaN, ""swfac"": 0.0, ""nstres"": 0.212165892124176}",0.0,0.212165892124176,13942.16064453125,4832.197570800781,1.721989989280701,0.0,,0.0,0.0,0.0,150.0,12.523712158203123,12.523712158203123,Leave_One_experiments/all_year_offline_schedule_search/daily_outputs/HLA/HLA_2021_HLA2021_normal_grid_S0010_daily.csv
HLA,HLA,Hailun,2021,Leave_One_experiments\wth_generated_qc\HLA\HLA2021.WTH,wet_year;nitrogen_stress_year;low_response_year,wet,HLA2021_normal_grid_S0010,low_input_within_10pct_yield,2021-09-10,253,134,129,"{""sim_day"": 134.0, ""doy"": 253.0, ""topwt"": 14031.75537109375, ""grnwt"": 4909.326477050781, ""xlai"": 1.6757882833480835, ""totir"": 0.0, ""tofer"": NaN, ""swfac"": 0.0, ""nstres"": 0.2439300417900085}",0.0,0.2439300417900085,14031.75537109375,4909.326477050781,1.6757882833480835,0.0,,0.0,0.0,0.0,150.0,12.523712158203123,12.523712158203123,Leave_One_experiments/all_year_offline_schedule_search/daily_outputs/HLA/HLA_2021_HLA2021_normal_grid_S0010_daily.csv
HLA,HLA,Hailun,2021,Leave_One_experiments\wth_generated_qc\HLA\HLA2021.WTH,wet_year;nitrogen_stress_year;low_response_year,wet,HLA2021_normal_grid_S0010,low_input_within_10pct_yield,2021-09-11,254,135,130,"{""sim_day"": 135.0, ""doy"": 254.0, ""topwt"": 14136.8994140625, ""grnwt"": 5002.3712158203125, ""xlai"": 1.6248754262924194, ""totir"": 0.0, ""tofer"": NaN, ""swfac"": 0.0, ""nstres"": 0.2715115547180176}",0.0,0.2715115547180176,14136.8994140625,5002.3712158203125,1.6248754262924194,0.0,,0.0,0.0,0.0,150.0,12.523712158203123,12.523712158203123,Leave_One_experiments/all_year_offline_schedule_search/daily_outputs/HLA/HLA_2021_HLA2021_normal_grid_S0010_daily.csv
HLA,HLA,Hailun,2021,Leave_One_experiments\wth_generated_qc\HLA\HLA2021.WTH,wet_year;nitrogen_stress_year;low_response_year,wet,HLA2021_normal_grid_S0010,low_input_within_10pct_yield,2021-09-12,255,136,131,"{""sim_day"": 136.0, ""doy"": 255.0, ""topwt"": 14136.8994140625, ""grnwt"": 5002.3712158203125, ""xlai"": 1.6248754262924194, ""totir"": 0.0, ""tofer"": NaN, ""swfac"": 0.0, ""nstres"": 0.3031492829322815}",0.0,0.3031492829322815,14136.8994140625,5002.3712158203125,1.6248754262924194,0.0,,0.0,0.0,0.0,150.0,12.523712158203123,12.523712158203123,Leave_One_experiments/all_year_offline_schedule_search/daily_outputs/HLA/HLA_2021_HLA2021_normal_grid_S0010_daily.csv
HLA,HLA,Hailun,2021,Leave_One_experiments\wth_generated_qc\HLA\HLA2021.WTH,wet_year;nitrogen_stress_year;low_response_year,wet,HLA2021_normal_grid_S0010,low_input_within_10pct_yield,2021-09-13,256,137,132,"{""sim_day"": 137.0, ""doy"": 256.0, ""topwt"": 14136.8994140625, ""grnwt"": 5002.3712158203125, ""xlai"": 1.6248754262924194, ""totir"": 0.0, ""tofer"": NaN, ""swfac"": 0.0, ""nstres"": 0.3031492829322815}",0.0,0.3031492829322815,14136.8994140625,5002.3712158203125,1.6248754262924194,0.0,,0.0,0.0,0.0,150.0,12.523712158203123,12.523712158203123,Leave_One_experiments/all_year_offline_schedule_search/daily_outputs/HLA/HLA_2021_HLA2021_normal_grid_S0010_daily.csv
HLA,HLA,Hailun,2021,Leave_One_experiments\wth_generated_qc\HLA\HLA2021.WTH,wet_year;nitrogen_stress_year;low_response_year,wet,HLA2021_normal_grid_S0010,low_input_within_10pct_yield,2021-09-14,257,138,133,"{""sim_day"": 138.0, ""doy"": 257.0, ""topwt"": 14136.8994140625, ""grnwt"": 5002.3712158203125, ""xlai"": 1.6248754262924194, ""totir"": 0.0, ""tofer"": NaN, ""swfac"": 0.0, ""nstres"": 0.3031492829322815}",0.0,0.3031492829322815,14136.8994140625,5002.3712158203125,1.6248754262924194,0.0,,0.0,0.0,0.0,150.0,12.523712158203123,12.523712158203123,Leave_One_experiments/all_year_offline_schedule_search/daily_outputs/HLA/HLA_2021_HLA2021_normal_grid_S0010_daily.csv
HLA,HLA,Hailun,2021,Leave_One_experiments\wth_generated_qc\HLA\HLA2021.WTH,wet_year;nitrogen_stress_year;low_response_year,wet,HLA2021_normal_grid_S0010,low_input_within_10pct_yield,2021-09-15,258,139,134,"{""sim_day"": 139.0, ""doy"": 258.0, ""topwt"": 14136.8994140625, ""grnwt"": 5002.3712158203125, ""xlai"": 1.6248754262924194, ""totir"": 0.0, ""tofer"": NaN, ""swfac"": 0.0, ""nstres"": 0.3031492829322815}",0.0,0.3031492829322815,14136.8994140625,5002.3712158203125,1.6248754262924194,0.0,,0.0,0.0,0.0,150.0,12.523712158203123,12.523712158203123,Leave_One_experiments/all_year_offline_schedule_search/daily_outputs/HLA/HLA_2021_HLA2021_normal_grid_S0010_daily.csv
HLA,HLA,Hailun,2021,Leave_One_experiments\wth_generated_qc\HLA\HLA2021.WTH,wet_year;nitrogen_stress_year;low_response_year,wet,HLA2021_normal_grid_S0010,low_input_within_10pct_yield,2021-09-16,259,140,135,"{""sim_day"": 140.0, ""doy"": 259.0, ""topwt"": 14136.8994140625, ""grnwt"": 5002.3712158203125, ""xlai"": 1.6248754262924194, ""totir"": 0.0, ""tofer"": NaN, ""swfac"": 0.0, ""nstres"": 0.3031492829322815}",0.0,0.3031492829322815,14136.8994140625,5002.3712158203125,1.6248754262924194,0.0,,0.0,0.0,0.0,150.0,12.523712158203123,12.523712158203123,Leave_One_experiments/all_year_offline_schedule_search/daily_outputs/HLA/HLA_2021_HLA2021_normal_grid_S0010_daily.csv
HLA,HLA,Hailun,2021,Leave_One_experiments\wth_generated_qc\HLA\HLA2021.WTH,wet_year;nitrogen_stress_year;low_response_year,wet,HLA2021_normal_grid_S0014,pareto_balanced,2021-05-05,125,1,1,"{""sim_day"": 1.0, ""doy"": 125.0, ""topwt"": 0.0, ""grnwt"": 0.0, ""xlai"": 0.0, ""totir"": 0.0, ""tofer"": NaN, ""swfac"": 0.0, ""nstres"": 0.0}",0.0,0.0,0.0,0.0,0.0,0.0,,0.0,50.0,40.0,150.0,-7.232119750976558,8.767880249023442,Leave_One_experiments/all_year_offline_schedule_search/daily_outputs/HLA/HLA_2021_HLA2021_normal_grid_S0014_daily.csv
HLA,HLA,Hailun,2021,Leave_One_experiments\wth_generated_qc\HLA\HLA2021.WTH,wet_year;nitrogen_stress_year;low_response_year,wet,HLA2021_normal_grid_S0014,pareto_balanced,2021-05-06,126,2,2,"{""sim_day"": 2.0, ""doy"": 126.0, ""topwt"": 0.0, ""grnwt"": 0.0, ""xlai"": 0.0, ""totir"": 0.0, ""tofer"": NaN, ""swfac"": 0.0, ""nstres"": 0.0}",0.0,0.0,0.0,0.0,0.0,0.0,,0.0,0.0,40.0,150.0,-7.232119750976558,8.767880249023442,Leave_One_experiments/all_year_offline_schedule_search/daily_outputs/HLA/HLA_2021_HLA2021_normal_grid_S0014_daily.csv
HLA,HLA,Hailun,2021,Leave_One_experiments\wth_generated_qc\HLA\HLA2021.WTH,wet_year;nitrogen_stress_year;low_response_year,wet,HLA2021_normal_grid_S0014,pareto_balanced,2021-05-07,127,3,3,"{""sim_day"": 3.0, ""doy"": 127.0, ""topwt"": 0.0, ""grnwt"": 0.0, ""xlai"": 0.0, ""totir"": 0.0, ""tofer"": NaN, ""swfac"": 0.0, ""nstres"": 0.0}",0.0,0.0,0.0,0.0,0.0,0.0,,0.0,0.0,40.0,150.0,-7.232119750976558,8.767880249023442,Leave_One_experiments/all_year_offline_schedule_search/daily_outputs/HLA/HLA_2021_HLA2021_normal_grid_S0014_daily.csv
HLA,HLA,Hailun,2021,Leave_One_experiments\wth_generated_qc\HLA\HLA2021.WTH,wet_year;nitrogen_stress_year;low_response_year,wet,HLA2021_normal_grid_S0014,pareto_balanced,2021-05-08,128,4,4,"{""sim_day"": 4.0, ""doy"": 128.0, ""topwt"": 0.0, ""grnwt"": 0.0, ""xlai"": 0.0, ""totir"": 0.0, ""tofer"": NaN, ""swfac"": 0.0, ""nstres"": 0.0}",0.0,0.0,0.0,0.0,0.0,0.0,,0.0,0.0,40.0,150.0,-7.232119750976558,8.767880249023442,Leave_One_experiments/all_year_offline_schedule_search/daily_outputs/HLA/HLA_2021_HLA2021_normal_grid_S0014_daily.csv
HLA,HLA,Hailun,2021,Leave_One_experiments\wth_generated_qc\HLA\HLA2021.WTH,wet_year;nitrogen_stress_year;low_response_year,wet,HLA2021_normal_grid_S0014,pareto_balanced,2021-05-09,129,5,5,"{""sim_day"": 5.0, ""doy"": 129.0, ""topwt"": 0.0, ""grnwt"": 0.0, ""xlai"": 0.0, ""totir"": 0.0, ""tofer"": NaN, ""swfac"": 0.0, ""nstres"": 0.0}",0.0,0.0,0.0,0.0,0.0,0.0,,0.0,0.0,40.0,150.0,-7.232119750976558,8.767880249023442,Leave_One_experiments/all_year_offline_schedule_search/daily_outputs/HLA/HLA_2021_HLA2021_normal_grid_S0014_daily.csv
HLA,HLA,Hailun,2021,Leave_One_experiments\wth_generated_qc\HLA\HLA2021.WTH,wet_year;nitrogen_stress_year;low_response_year,wet,HLA2021_normal_grid_S0014,pareto_balanced,2021-05-05,125,6,1,"{""sim_day"": 6.0, ""doy"": 125.0, ""topwt"": 0.0, ""grnwt"": 0.0, ""xlai"": 0.0, ""totir"": 0.0, ""tofer"": NaN, ""swfac"": 0.0, ""nstres"": 0.0}",0.0,0.0,0.0,0.0,0.0,0.0,,0.0,0.0,40.0,150.0,-7.232119750976558,8.767880249023442,Leave_One_experiments/all_year_offline_schedule_search/daily_outputs/HLA/HLA_2021_HLA2021_normal_grid_S0014_daily.csv
HLA,HLA,Hailun,2021,Leave_One_experiments\wth_generated_qc\HLA\HLA2021.WTH,wet_year;nitrogen_stress_year;low_response_year,wet,HLA2021_normal_grid_S0014,pareto_balanced,2021-05-06,126,7,2,"{""sim_day"": 7.0, ""doy"": 126.0, ""topwt"": 0.0, ""grnwt"": 0.0, ""xlai"": 0.0, ""totir"": 0.0, ""tofer"": NaN, ""swfac"": 0.0, ""nstres"": 0.0}",0.0,0.0,0.0,0.0,0.0,0.0,,0.0,0.0,40.0,150.0,-7.232119750976558,8.767880249023442,Leave_One_experiments/all_year_offline_schedule_search/daily_outputs/HLA/HLA_2021_HLA2021_normal_grid_S0014_daily.csv
HLA,HLA,Hailun,2021,Leave_One_experiments\wth_generated_qc\HLA\HLA2021.WTH,wet_year;nitrogen_stress_year;low_response_year,wet,HLA2021_normal_grid_S0014,pareto_balanced,2021-05-07,127,8,3,"{""sim_day"": 8.0, ""doy"": 127.0, ""topwt"": 0.0, ""grnwt"": 0.0, ""xlai"": 0.0, ""totir"": 0.0, ""tofer"": NaN, ""swfac"": 0.0, ""nstres"": 0.0}",0.0,0.0,0.0,0.0,0.0,0.0,,0.0,0.0,40.0,150.0,-7.232119750976558,8.767880249023442,Leave_One_experiments/all_year_offline_schedule_search/daily_outputs/HLA/HLA_2021_HLA2021_normal_grid_S0014_daily.csv
HLA,HLA,Hailun,2021,Leave_One_experiments\wth_generated_qc\HLA\HLA2021.WTH,wet_year;nitrogen_stress_year;low_response_year,wet,HLA2021_normal_grid_S0014,pareto_balanced,2021-05-08,128,9,4,"{""sim_day"": 9.0, ""doy"": 128.0, ""topwt"": 0.0, ""grnwt"": 0.0, ""xlai"": 0.0, ""totir"": 0.0, ""tofer"": NaN, ""swfac"": 0.0, ""nstres"": 0.0}",0.0,0.0,0.0,0.0,0.0,0.0,,0.0,0.0,40.0,150.0,-7.232119750976558,8.767880249023442,Leave_One_experiments/all_year_offline_schedule_search/daily_outputs/HLA/HLA_2021_HLA2021_normal_grid_S0014_daily.csv
HLA,HLA,Hailun,2021,Leave_One_experiments\wth_generated_qc\HLA\HLA2021.WTH,wet_year;nitrogen_stress_year;low_response_year,wet,HLA2021_normal_grid_S0014,pareto_balanced,2021-05-09,129,10,5,"{""sim_day"": 10.0, ""doy"": 129.0, ""topwt"": 0.0, ""grnwt"": 0.0, ""xlai"": 0.0, ""totir"": 0.0, ""tofer"": NaN, ""swfac"": 0.0, ""nstres"": 0.0}",0.0,0.0,0.0,0.0,0.0,0.0,,0.0,0.0,40.0,150.0,-7.232119750976558,8.767880249023442,Leave_One_experiments/all_year_offline_schedule_search/daily_outputs/HLA/HLA_2021_HLA2021_normal_grid_S0014_daily.csv
HLA,HLA,Hailun,2021,Leave_One_experiments\wth_generated_qc\HLA\HLA2021.WTH,wet_year;nitrogen_stress_year;low_response_year,wet,HLA2021_normal_grid_S0014,pareto_balanced,2021-05-10,130,11,6,"{""sim_day"": 11.0, ""doy"": 130.0, ""topwt"": 0.0, ""grnwt"": 0.0, ""xlai"": 0.0, ""totir"": 0.0, ""tofer"": NaN, ""swfac"": 0.0, ""nstres"": 0.0}",0.0,0.0,0.0,0.0,0.0,0.0,,0.0,0.0,40.0,150.0,-7.232119750976558,8.767880249023442,Leave_One_experiments/all_year_offline_schedule_search/daily_outputs/HLA/HLA_2021_HLA2021_normal_grid_S0014_daily.csv
HLA,HLA,Hailun,2021,Leave_One_experiments\wth_generated_qc\HLA\HLA2021.WTH,wet_year;nitrogen_stress_year;low_response_year,wet,HLA2021_normal_grid_S0014,pareto_balanced,2021-05-11,131,12,7,"{""sim_day"": 12.0, ""doy"": 131.0, ""topwt"": 0.0, ""grnwt"": 0.0, ""xlai"": 0.0, ""totir"": 0.0, ""tofer"": NaN, ""swfac"": 0.0, ""nstres"": 0.0}",0.0,0.0,0.0,0.0,0.0,0.0,,0.0,0.0,40.0,150.0,-7.232119750976558,8.767880249023442,Leave_One_experiments/all_year_offline_schedule_search/daily_outputs/HLA/HLA_2021_HLA2021_normal_grid_S0014_daily.csv
HLA,HLA,Hailun,2021,Leave_One_experiments\wth_generated_qc\HLA\HLA2021.WTH,wet_year;nitrogen_stress_year;low_response_year,wet,HLA2021_normal_grid_S0014,pareto_balanced,2021-05-12,132,13,8,"{""sim_day"": 13.0, ""doy"": 132.0, ""topwt"": 0.0, ""grnwt"": 0.0, ""xlai"": 0.0, ""totir"": 0.0, ""tofer"": NaN, ""swfac"": 0.0, ""nstres"": 0.0}",0.0,0.0,0.0,0.0,0.0,0.0,,0.0,0.0,40.0,150.0,-7.232119750976558,8.767880249023442,Leave_One_experiments/all_year_offline_schedule_search/daily_outputs/HLA/HLA_2021_HLA2021_normal_grid_S0014_daily.csv
HLA,HLA,Hailun,2021,Leave_One_experiments\wth_generated_qc\HLA\HLA2021.WTH,wet_year;nitrogen_stress_year;low_response_year,wet,HLA2021_normal_grid_S0014,pareto_balanced,2021-05-13,133,14,9,"{""sim_day"": 14.0, ""doy"": 133.0, ""topwt"": 0.0, ""grnwt"": 0.0, ""xlai"": 0.0, ""totir"": 0.0, ""tofer"": NaN, ""swfac"": 0.0, ""nstres"": 0.0}",0.0,0.0,0.0,0.0,0.0,0.0,,0.0,0.0,40.0,150.0,-7.232119750976558,8.767880249023442,Leave_One_experiments/all_year_offline_schedule_search/daily_outputs/HLA/HLA_2021_HLA2021_normal_grid_S0014_daily.csv
HLA,HLA,Hailun,2021,Leave_One_experiments\wth_generated_qc\HLA\HLA2021.WTH,wet_year;nitrogen_stress_year;low_response_year,wet,HLA2021_normal_grid_S0014,pareto_balanced,2021-05-14,134,15,10,"{""sim_day"": 15.0, ""doy"": 134.0, ""topwt"": 0.0, ""grnwt"": 0.0, ""xlai"": 0.0, ""totir"": 0.0, ""tofer"": NaN, ""swfac"": 0.0, ""nstres"": 0.0}",0.0,0.0,0.0,0.0,0.0,0.0,,0.0,0.0,40.0,150.0,-7.232119750976558,8.767880249023442,Leave_One_experiments/all_year_offline_schedule_search/daily_outputs/HLA/HLA_2021_HLA2021_normal_grid_S0014_daily.csv
HLA,HLA,Hailun,2021,Leave_One_experiments\wth_generated_qc\HLA\HLA2021.WTH,wet_year;nitrogen_stress_year;low_response_year,wet,HLA2021_normal_grid_S0014,pareto_balanced,2021-05-15,135,16,11,"{""sim_day"": 16.0, ""doy"": 135.0, ""topwt"": 0.0, ""grnwt"": 0.0, ""xlai"": 0.0, ""totir"": 0.0, ""tofer"": NaN, ""swfac"": 0.0, ""nstres"": 0.0}",0.0,0.0,0.0,0.0,0.0,0.0,,0.0,0.0,40.0,150.0,-7.232119750976558,8.767880249023442,Leave_One_experiments/all_year_offline_schedule_search/daily_outputs/HLA/HLA_2021_HLA2021_normal_grid_S0014_daily.csv
HLA,HLA,Hailun,2021,Leave_One_experiments\wth_generated_qc\HLA\HLA2021.WTH,wet_year;nitrogen_stress_year;low_response_year,wet,HLA2021_normal_grid_S0014,pareto_balanced,2021-05-16,136,17,12,"{""sim_day"": 17.0, ""doy"": 136.0, ""topwt"": 0.0, ""grnwt"": 0.0, ""xlai"": 0.0, ""totir"": 0.0, ""tofer"": NaN, ""swfac"": 0.0, ""nstres"": 0.0}",0.0,0.0,0.0,0.0,0.0,0.0,,0.0,0.0,40.0,150.0,-7.232119750976558,8.767880249023442,Leave_One_experiments/all_year_offline_schedule_search/daily_outputs/HLA/HLA_2021_HLA2021_normal_grid_S0014_daily.csv
HLA,HLA,Hailun,2021,Leave_One_experiments\wth_generated_qc\HLA\HLA2021.WTH,wet_year;nitrogen_stress_year;low_response_year,wet,HLA2021_normal_grid_S0014,pareto_balanced,2021-05-17,137,18,13,"{""sim_day"": 18.0, ""doy"": 137.0, ""topwt"": 20.0, ""grnwt"": 0.0, ""xlai"": 0.0029451723676174, ""totir"": 0.0, ""tofer"": NaN, ""swfac"": 0.0, ""nstres"": 0.0121910572052001}",0.0,0.0121910572052001,20.0,0.0,0.0029451723676174,0.0,,0.0,0.0,40.0,150.0,-7.232119750976558,8.767880249023442,Leave_One_experiments/all_year_offline_schedule_search/daily_outputs/HLA/HLA_2021_HLA2021_normal_grid_S0014_daily.csv
HLA,HLA,Hailun,2021,Leave_One_experiments\wth_generated_qc\HLA\HLA2021.WTH,wet_year;nitrogen_stress_year;low_response_year,wet,HLA2021_normal_grid_S0014,pareto_balanced,2021-05-18,138,19,14,"{""sim_day"": 19.0, ""doy"": 138.0, ""topwt"": 20.0, ""grnwt"": 0.0, ""xlai"": 0.0047085876576602, ""totir"": 0.0, ""tofer"": NaN, ""swfac"": 0.0, ""nstres"": 0.0137567520141601}",0.0,0.0137567520141601,20.0,0.0,0.0047085876576602,0.0,,0.0,0.0,40.0,150.0,-7.232119750976558,8.767880249023442,Leave_One_experiments/all_year_offline_schedule_search/daily_outputs/HLA/HLA_2021_HLA2021_normal_grid_S0014_daily.csv
HLA,HLA,Hailun,2021,Leave_One_experiments\wth_generated_qc\HLA\HLA2021.WTH,wet_year;nitrogen_stress_year;low_response_year,wet,HLA2021_normal_grid_S0014,pareto_balanced,2021-05-19,139,20,15,"{""sim_day"": 20.0, ""doy"": 139.0, ""topwt"": 20.0, ""grnwt"": 0.0, ""xlai"": 0.0071015935391187, ""totir"": 0.0, ""tofer"": NaN, ""swfac"": 0.0, ""nstres"": 0.0091074705123901}",0.0,0.0091074705123901,20.0,0.0,0.0071015935391187,0.0,,0.0,0.0,40.0,150.0,-7.232119750976558,8.767880249023442,Leave_One_experiments/all_year_offline_schedule_search/daily_outputs/HLA/HLA_2021_HLA2021_normal_grid_S0014_daily.csv
HLA,HLA,Hailun,2021,Leave_One_experiments\wth_generated_qc\HLA\HLA2021.WTH,wet_year;nitrogen_stress_year;low_response_year,wet,HLA2021_normal_grid_S0014,pareto_balanced,2021-05-20,140,21,16,"{""sim_day"": 21.0, ""doy"": 140.0, ""topwt"": 20.0, ""grnwt"": 0.0, ""xlai"": 0.0104569485411047, ""totir"": 0.0, ""tofer"": NaN, ""swfac"": 0.0, ""nstres"": 0.003299593925476}",0.0,0.003299593925476,20.0,0.0,0.0104569485411047,0.0,,0.0,0.0,40.0,150.0,-7.232119750976558,8.767880249023442,Leave_One_experiments/all_year_offline_schedule_search/daily_outputs/HLA/HLA_2021_HLA2021_normal_grid_S0014_daily.csv
HLA,HLA,Hailun,2021,Leave_One_experiments\wth_generated_qc\HLA\HLA2021.WTH,wet_year;nitrogen_stress_year;low_response_year,wet,HLA2021_normal_grid_S0014,pareto_balanced,2021-05-21,141,22,17,"{""sim_day"": 22.0, ""doy"": 141.0, ""topwt"": 20.0, ""grnwt"": 0.0, ""xlai"": 0.0150464139878749, ""totir"": 0.0, ""tofer"": NaN, ""swfac"": 0.0, ""nstres"": 0.0}",0.0,0.0,20.0,0.0,0.0150464139878749,0.0,,0.0,0.0,40.0,150.0,-7.232119750976558,8.767880249023442,Leave_One_experiments/all_year_offline_schedule_search/daily_outputs/HLA/HLA_2021_HLA2021_normal_grid_S0014_daily.csv
HLA,HLA,Hailun,2021,Leave_One_experiments\wth_generated_qc\HLA\HLA2021.WTH,wet_year;nitrogen_stress_year;low_response_year,wet,HLA2021_normal_grid_S0014,pareto_balanced,2021-05-22,142,23,18,"{""sim_day"": 23.0, ""doy"": 142.0, ""topwt"": 20.0, ""grnwt"": 0.0, ""xlai"": 0.0234904345124959, ""totir"": 0.0, ""tofer"": NaN, ""swfac"": 0.0, ""nstres"": 0.0}",0.0,0.0,20.0,0.0,0.0234904345124959,0.0,,0.0,0.0,40.0,150.0,-7.232119750976558,8.767880249023442,Leave_One_experiments/all_year_offline_schedule_search/daily_outputs/HLA/HLA_2021_HLA2021_normal_grid_S0014_daily.csv
HLA,HLA,Hailun,2021,Leave_One_experiments\wth_generated_qc\HLA\HLA2021.WTH,wet_year;nitrogen_stress_year;low_response_year,wet,HLA2021_normal_grid_S0014,pareto_balanced,2021-05-23,143,24,19,"{""sim_day"": 24.0, ""doy"": 143.0, ""topwt"": 20.0, ""grnwt"": 0.0, ""xlai"": 0.0266627222299575, ""totir"": 0.0, ""tofer"": NaN, ""swfac"": 0.0, ""nstres"": 0.0}",0.0,0.0,20.0,0.0,0.0266627222299575,0.0,,0.0,0.0,40.0,150.0,-7.232119750976558,8.767880249023442,Leave_One_experiments/all_year_offline_schedule_search/daily_outputs/HLA/HLA_2021_HLA2021_normal_grid_S0014_daily.csv
HLA,HLA,Hailun,2021,Leave_One_experiments\wth_generated_qc\HLA\HLA2021.WTH,wet_year;nitrogen_stress_year;low_response_year,wet,HLA2021_normal_grid_S0014,pareto_balanced,2021-05-24,144,25,20,"{""sim_day"": 25.0, ""doy"": 144.0, ""topwt"": 20.0, ""grnwt"": 0.0, ""xlai"": 0.0301265642046928, ""totir"": 0.0, ""tofer"": NaN, ""swfac"": 0.0, ""nstres"": 0.0}",0.0,0.0,20.0,0.0,0.0301265642046928,0.0,,0.0,0.0,40.0,150.0,-7.232119750976558,8.767880249023442,Leave_One_experiments/all_year_offline_schedule_search/daily_outputs/HLA/HLA_2021_HLA2021_normal_grid_S0014_daily.csv
HLA,HLA,Hailun,2021,Leave_One_experiments\wth_generated_qc\HLA\HLA2021.WTH,wet_year;nitrogen_stress_year;low_response_year,wet,HLA2021_normal_grid_S0014,pareto_balanced,2021-05-25,145,26,21,"{""sim_day"": 26.0, ""doy"": 145.0, ""topwt"": 20.85622787475586, ""grnwt"": 0.0, ""xlai"": 0.0363642461597919, ""totir"": 0.0, ""tofer"": NaN, ""swfac"": 0.0, ""nstres"": 0.0}",0.0,0.0,20.85622787475586,0.0,0.0363642461597919,0.0,,0.0,0.0,40.0,150.0,-7.232119750976558,8.767880249023442,Leave_One_experiments/all_year_offline_schedule_search/daily_outputs/HLA/HLA_2021_HLA2021_normal_grid_S0014_daily.csv
HLA,HLA,Hailun,2021,Leave_One_experiments\wth_generated_qc\HLA\HLA2021.WTH,wet_year;nitrogen_stress_year;low_response_year,wet,HLA2021_normal_grid_S0014,pareto_balanced,2021-05-26,146,27,22,"{""sim_day"": 27.0, ""doy"": 146.0, ""topwt"": 22.98959732055664, ""grnwt"": 0.0, ""xlai"": 0.0420781560242176, ""totir"": 0.0, ""tofer"": NaN, ""swfac"": 0.0, ""nstres"": 0.0}",0.0,0.0,22.98959732055664,0.0,0.0420781560242176,0.0,,0.0,0.0,40.0,150.0,-7.232119750976558,8.767880249023442,Leave_One_experiments/all_year_offline_schedule_search/daily_outputs/HLA/HLA_2021_HLA2021_normal_grid_S0014_daily.csv
HLA,HLA,Hailun,2021,Leave_One_experiments\wth_generated_qc\HLA\HLA2021.WTH,wet_year;nitrogen_stress_year;low_response_year,wet,HLA2021_normal_grid_S0014,pareto_balanced,2021-05-27,147,28,23,"{""sim_day"": 28.0, ""doy"": 147.0, ""topwt"": 25.47417640686035, ""grnwt"": 0.0, ""xlai"": 0.0483276806771755, ""totir"": 0.0, ""tofer"": NaN, ""swfac"": 0.0, ""nstres"": 0.0}",0.0,0.0,25.47417640686035,0.0,0.0483276806771755,0.0,,0.0,0.0,40.0,150.0,-7.232119750976558,8.767880249023442,Leave_One_experiments/all_year_offline_schedule_search/daily_outputs/HLA/HLA_2021_HLA2021_normal_grid_S0014_daily.csv
HLA,HLA,Hailun,2021,Leave_One_experiments\wth_generated_qc\HLA\HLA2021.WTH,wet_year;nitrogen_stress_year;low_response_year,wet,HLA2021_normal_grid_S0014,pareto_balanced,2021-05-28,148,29,24,"{""sim_day"": 29.0, ""doy"": 148.0, ""topwt"": 29.18236494064331, ""grnwt"": 0.0, ""xlai"": 0.0575485713779926, ""totir"": 0.0, ""tofer"": NaN, ""swfac"": 0.0, ""nstres"": 0.0}",0.0,0.0,29.18236494064331,0.0,0.0575485713779926,0.0,,0.0,0.0,40.0,150.0,-7.232119750976558,8.767880249023442,Leave_One_experiments/all_year_offline_schedule_search/daily_outputs/HLA/HLA_2021_HLA2021_normal_grid_S0014_daily.csv
HLA,HLA,Hailun,2021,Leave_One_experiments\wth_generated_qc\HLA\HLA2021.WTH,wet_year;nitrogen_stress_year;low_response_year,wet,HLA2021_normal_grid_S0014,pareto_balanced,2021-05-29,149,30,25,"{""sim_day"": 30.0, ""doy"": 149.0, ""topwt"": 32.77121067047119, ""grnwt"": 0.0, ""xlai"": 0.0661334842443466, ""totir"": 0.0, ""tofer"": NaN, ""swfac"": 0.0, ""nstres"": 0.0}",0.0,0.0,32.77121067047119,0.0,0.0661334842443466,0.0,,0.0,0.0,40.0,150.0,-7.232119750976558,8.767880249023442,Leave_One_experiments/all_year_offline_schedule_search/daily_outputs/HLA/HLA_2021_HLA2021_normal_grid_S0014_daily.csv
HLA,HLA,Hailun,2021,Leave_One_experiments\wth_generated_qc\HLA\HLA2021.WTH,wet_year;nitrogen_stress_year;low_response_year,wet,HLA2021_normal_grid_S0014,pareto_balanced,2021-05-30,150,31,26,"{""sim_day"": 31.0, ""doy"": 150.0, ""topwt"": 38.93650770187378, ""grnwt"": 0.0, ""xlai"": 0.0800324752926826, ""totir"": 0.0, ""tofer"": NaN, ""swfac"": 0.0, ""nstres"": 0.0}",0.0,0.0,38.93650770187378,0.0,0.0800324752926826,0.0,,0.0,0.0,40.0,150.0,-7.232119750976558,8.767880249023442,Leave_One_experiments/all_year_offline_schedule_search/daily_outputs/HLA/HLA_2021_HLA2021_normal_grid_S0014_daily.csv
HLA,HLA,Hailun,2021,Leave_One_experiments\wth_generated_qc\HLA\HLA2021.WTH,wet_year;nitrogen_stress_year;low_response_year,wet,HLA2021_normal_grid_S0014,pareto_balanced,2021-05-31,151,32,27,"{""sim_day"": 32.0, ""doy"": 151.0, ""topwt"": 43.4917688369751, ""grnwt"": 0.0, ""xlai"": 0.0899053663015365, ""totir"": 0.0, ""tofer"": NaN, ""swfac"": 0.0, ""nstres"": 0.0}",0.0,0.0,43.4917688369751,0.0,0.0899053663015365,0.0,,0.0,0.0,40.0,150.0,-7.232119750976558,8.767880249023442,Leave_One_experiments/all_year_offline_schedule_search/daily_outputs/HLA/HLA_2021_HLA2021_normal_grid_S0014_daily.csv
HLA,HLA,Hailun,2021,Leave_One_experiments\wth_generated_qc\HLA\HLA2021.WTH,wet_year;nitrogen_stress_year;low_response_year,wet,HLA2021_normal_grid_S0014,pareto_balanced,2021-06-01,152,33,28,"{""sim_day"": 33.0, ""doy"": 152.0, ""topwt"": 49.50936317443848, ""grnwt"": 0.0, ""xlai"": 0.1025328561663627, ""totir"": 0.0, ""tofer"": NaN, ""swfac"": 0.0, ""nstres"": 0.0}",0.0,0.0,49.50936317443848,0.0,0.1025328561663627,0.0,,0.0,0.0,40.0,150.0,-7.232119750976558,8.767880249023442,Leave_One_experiments/all_year_offline_schedule_search/daily_outputs/HLA/HLA_2021_HLA2021_normal_grid_S0014_daily.csv
HLA,HLA,Hailun,2021,Leave_One_experiments\wth_generated_qc\HLA\HLA2021.WTH,wet_year;nitrogen_stress_year;low_response_year,wet,HLA2021_normal_grid_S0014,pareto_balanced,2021-06-02,153,34,29,"{""sim_day"": 34.0, ""doy"": 153.0, ""topwt"": 52.32517719268799, ""grnwt"": 0.0, ""xlai"": 0.1082792729139328, ""totir"": 0.0, ""tofer"": NaN, ""swfac"": 0.0, ""nstres"": 0.0}",0.0,0.0,52.32517719268799,0.0,0.1082792729139328,0.0,,0.0,0.0,40.0,150.0,-7.232119750976558,8.767880249023442,Leave_One_experiments/all_year_offline_schedule_search/daily_outputs/HLA/HLA_2021_HLA2021_normal_grid_S0014_daily.csv
HLA,HLA,Hailun,2021,Leave_One_experiments\wth_generated_qc\HLA\HLA2021.WTH,wet_year;nitrogen_stress_year;low_response_year,wet,HLA2021_normal_grid_S0014,pareto_balanced,2021-06-03,154,35,30,"{""sim_day"": 35.0, ""doy"": 154.0, ""topwt"": 55.10105609893799, ""grnwt"": 0.0, ""xlai"": 0.1138700619339943, ""totir"": 0.0, ""tofer"": NaN, ""swfac"": 0.0, ""nstres"": 0.0}",0.0,0.0,55.10105609893799,0.0,0.1138700619339943,0.0,,0.0,50.0,40.0,150.0,-7.232119750976558,8.767880249023442,Leave_One_experiments/all_year_offline_schedule_search/daily_outputs/HLA/HLA_2021_HLA2021_normal_grid_S0014_daily.csv
HLA,HLA,Hailun,2021,Leave_One_experiments\wth_generated_qc\HLA\HLA2021.WTH,wet_year;nitrogen_stress_year;low_response_year,wet,HLA2021_normal_grid_S0014,pareto_balanced,2021-06-04,155,36,31,"{""sim_day"": 36.0, ""doy"": 155.0, ""topwt"": 58.4766149520874, ""grnwt"": 0.0, ""xlai"": 0.1205705255270004, ""totir"": 0.0, ""tofer"": NaN, ""swfac"": 0.0, ""nstres"": 0.0}",0.0,0.0,58.4766149520874,0.0,0.1205705255270004,0.0,,0.0,0.0,40.0,150.0,-7.232119750976558,8.767880249023442,Leave_One_experiments/all_year_offline_schedule_search/daily_outputs/HLA/HLA_2021_HLA2021_normal_grid_S0014_daily.csv
HLA,HLA,Hailun,2021,Leave_One_experiments\wth_generated_qc\HLA\HLA2021.WTH,wet_year;nitrogen_stress_year;low_response_year,wet,HLA2021_normal_grid_S0014,pareto_balanced,2021-06-05,156,37,32,"{""sim_day"": 37.0, ""doy"": 156.0, ""topwt"": 66.4616584777832, ""grnwt"": 0.0, ""xlai"": 0.1360972225666046, ""totir"": 0.0, ""tofer"": NaN, ""swfac"": 0.0, ""nstres"": 0.0}",0.0,0.0,66.4616584777832,0.0,0.1360972225666046,0.0,,0.0,0.0,40.0,150.0,-7.232119750976558,8.767880249023442,Leave_One_experiments/all_year_offline_schedule_search/daily_outputs/HLA/HLA_2021_HLA2021_normal_grid_S0014_daily.csv
HLA,HLA,Hailun,2021,Leave_One_experiments\wth_generated_qc\HLA\HLA2021.WTH,wet_year;nitrogen_stress_year;low_response_year,wet,HLA2021_normal_grid_S0014,pareto_balanced,2021-06-06,157,38,33,"{""sim_day"": 38.0, ""doy"": 157.0, ""topwt"": 78.57884883880615, ""grnwt"": 0.0, ""xlai"": 0.1588202863931656, ""totir"": 0.0, ""tofer"": NaN, ""swfac"": 0.0, ""nstres"": 0.0}",0.0,0.0,78.57884883880615,0.0,0.1588202863931656,0.0,,0.0,0.0,40.0,150.0,-7.232119750976558,8.767880249023442,Leave_One_experiments/all_year_offline_schedule_search/daily_outputs/HLA/HLA_2021_HLA2021_normal_grid_S0014_daily.csv
HLA,HLA,Hailun,2021,Leave_One_experiments\wth_generated_qc\HLA\HLA2021.WTH,wet_year;nitrogen_stress_year;low_response_year,wet,HLA2021_normal_grid_S0014,pareto_balanced,2021-06-07,158,39,34,"{""sim_day"": 39.0, ""doy"": 158.0, ""topwt"": 96.48233413696288, ""grnwt"": 0.0, ""xlai"": 0.1909306049346923, ""totir"": 0.0, ""tofer"": NaN, ""swfac"": 0.0, ""nstres"": 0.0}",0.0,0.0,96.48233413696288,0.0,0.1909306049346923,0.0,,0.0,0.0,40.0,150.0,-7.232119750976558,8.767880249023442,Leave_One_experiments/all_year_offline_schedule_search/daily_outputs/HLA/HLA_2021_HLA2021_normal_grid_S0014_daily.csv
HLA,HLA,Hailun,2021,Leave_One_experiments\wth_generated_qc\HLA\HLA2021.WTH,wet_year;nitrogen_stress_year;low_response_year,wet,HLA2021_normal_grid_S0014,pareto_balanced,2021-06-08,159,40,35,"{""sim_day"": 40.0, ""doy"": 159.0, ""topwt"": 113.14762115478516, ""grnwt"": 0.0, ""xlai"": 0.2195875197649002, ""totir"": 0.0, ""tofer"": NaN, ""swfac"": 0.0, ""nstres"": 0.0}",0.0,0.0,113.14762115478516,0.0,0.2195875197649002,0.0,,0.0,0.0,40.0,150.0,-7.232119750976558,8.767880249023442,Leave_One_experiments/all_year_offline_schedule_search/daily_outputs/HLA/HLA_2021_HLA2021_normal_grid_S0014_daily.csv
HLA,HLA,Hailun,2021,Leave_One_experiments\wth_generated_qc\HLA\HLA2021.WTH,wet_year;nitrogen_stress_year;low_response_year,wet,HLA2021_normal_grid_S0014,pareto_balanced,2021-06-09,160,41,36,"{""sim_day"": 41.0, ""doy"": 160.0, ""topwt"": 135.70158004760742, ""grnwt"": 0.0, ""xlai"": 0.2568767070770263, ""totir"": 0.0, ""tofer"": NaN, ""swfac"": 0.0, ""nstres"": 0.0}",0.0,0.0,135.70158004760742,0.0,0.2568767070770263,0.0,,0.0,0.0,40.0,150.0,-7.232119750976558,8.767880249023442,Leave_One_experiments/all_year_offline_schedule_search/daily_outputs/HLA/HLA_2021_HLA2021_normal_grid_S0014_daily.csv
HLA,HLA,Hailun,2021,Leave_One_experiments\wth_generated_qc\HLA\HLA2021.WTH,wet_year;nitrogen_stress_year;low_response_year,wet,HLA2021_normal_grid_S0014,pareto_balanced,2021-06-10,161,42,37,"{""sim_day"": 42.0, ""doy"": 161.0, ""topwt"": 148.1785774230957, ""grnwt"": 0.0, ""xlai"": 0.2957460582256317, ""totir"": 0.0, ""tofer"": NaN, ""swfac"": 0.0, ""nstres"": 0.0}",0.0,0.0,148.1785774230957,0.0,0.2957460582256317,0.0,,0.0,0.0,40.0,150.0,-7.232119750976558,8.767880249023442,Leave_One_experiments/all_year_offline_schedule_search/daily_outputs/HLA/HLA_2021_HLA2021_normal_grid_S0014_daily.csv
HLA,HLA,Hailun,2021,Leave_One_experiments\wth_generated_qc\HLA\HLA2021.WTH,wet_year;nitrogen_stress_year;low_response_year,wet,HLA2021_normal_grid_S0014,pareto_balanced,2021-06-11,162,43,38,"{""sim_day"": 43.0, ""doy"": 162.0, ""topwt"": 183.52468490600583, ""grnwt"": 0.0, ""xlai"": 0.3542905747890472, ""totir"": 0.0, ""tofer"": NaN, ""swfac"": 0.0, ""nstres"": 0.0048924684524536}",0.0,0.0048924684524536,183.52468490600583,0.0,0.3542905747890472,0.0,,0.0,0.0,40.0,150.0,-7.232119750976558,8.767880249023442,Leave_One_experiments/all_year_offline_schedule_search/daily_outputs/HLA/HLA_2021_HLA2021_normal_grid_S0014_daily.csv
HLA,HLA,Hailun,2021,Leave_One_experiments\wth_generated_qc\HLA\HLA2021.WTH,wet_year;nitrogen_stress_year;low_response_year,wet,HLA2021_normal_grid_S0014,pareto_balanced,2021-06-12,163,44,39,"{""sim_day"": 44.0, ""doy"": 163.0, ""topwt"": 227.4925994873047, ""grnwt"": 0.0, ""xlai"": 0.4237224459648132, ""totir"": 0.0, ""tofer"": NaN, ""swfac"": 0.0, ""nstres"": 0.0}",0.0,0.0,227.4925994873047,0.0,0.4237224459648132,0.0,,0.0,0.0,40.0,150.0,-7.232119750976558,8.767880249023442,Leave_One_experiments/all_year_offline_schedule_search/daily_outputs/HLA/HLA_2021_HLA2021_normal_grid_S0014_daily.csv
HLA,HLA,Hailun,2021,Leave_One_experiments\wth_generated_qc\HLA\HLA2021.WTH,wet_year;nitrogen_stress_year;low_response_year,wet,HLA2021_normal_grid_S0014,pareto_balanced,2021-06-13,164,45,40,"{""sim_day"": 45.0, ""doy"": 164.0, ""topwt"": 275.6141471862793, ""grnwt"": 0.0, ""xlai"": 0.4963759183883667, ""totir"": 0.0, ""tofer"": NaN, ""swfac"": 0.0, ""nstres"": 0.0}",0.0,0.0,275.6141471862793,0.0,0.4963759183883667,0.0,,0.0,0.0,40.0,150.0,-7.232119750976558,8.767880249023442,Leave_One_experiments/all_year_offline_schedule_search/daily_outputs/HLA/HLA_2021_HLA2021_normal_grid_S0014_daily.csv
HLA,HLA,Hailun,2021,Leave_One_experiments\wth_generated_qc\HLA\HLA2021.WTH,wet_year;nitrogen_stress_year;low_response_year,wet,HLA2021_normal_grid_S0014,pareto_balanced,2021-06-14,165,46,41,"{""sim_day"": 46.0, ""doy"": 165.0, ""topwt"": 320.6782913208008, ""grnwt"": 0.0, ""xlai"": 0.5618948936462402, ""totir"": 0.0, ""tofer"": NaN, ""swfac"": 0.0, ""nstres"": 0.0}",0.0,0.0,320.6782913208008,0.0,0.5618948936462402,0.0,,0.0,0.0,40.0,150.0,-7.232119750976558,8.767880249023442,Leave_One_experiments/all_year_offline_schedule_search/daily_outputs/HLA/HLA_2021_HLA2021_normal_grid_S0014_daily.csv
HLA,HLA,Hailun,2021,Leave_One_experiments\wth_generated_qc\HLA\HLA2021.WTH,wet_year;nitrogen_stress_year;low_response_year,wet,HLA2021_normal_grid_S0014,pareto_balanced,2021-06-15,166,47,42,"{""sim_day"": 47.0, ""doy"": 166.0, ""topwt"": 377.8717041015625, ""grnwt"": 0.0, ""xlai"": 0.6422077417373657, ""totir"": 0.0, ""tofer"": NaN, ""swfac"": 0.0, ""nstres"": 0.0}",0.0,0.0,377.8717041015625,0.0,0.6422077417373657,0.0,,0.0,0.0,40.0,150.0,-7.232119750976558,8.767880249023442,Leave_One_experiments/all_year_offline_schedule_search/daily_outputs/HLA/HLA_2021_HLA2021_normal_grid_S0014_daily.csv
HLA,HLA,Hailun,2021,Leave_One_experiments\wth_generated_qc\HLA\HLA2021.WTH,wet_year;nitrogen_stress_year;low_response_year,wet,HLA2021_normal_grid_S0014,pareto_balanced,2021-06-16,167,48,43,"{""sim_day"": 48.0, ""doy"": 167.0, ""topwt"": 428.5501098632813, ""grnwt"": 0.0, ""xlai"": 0.7111459970474243, ""totir"": 0.0, ""tofer"": NaN, ""swfac"": 0.0, ""nstres"": 0.0}",0.0,0.0,428.5501098632813,0.0,0.7111459970474243,0.0,,0.0,0.0,40.0,150.0,-7.232119750976558,8.767880249023442,Leave_One_experiments/all_year_offline_schedule_search/daily_outputs/HLA/HLA_2021_HLA2021_normal_grid_S0014_daily.csv
HLA,HLA,Hailun,2021,Leave_One_experiments\wth_generated_qc\HLA\HLA2021.WTH,wet_year;nitrogen_stress_year;low_response_year,wet,HLA2021_normal_grid_S0014,pareto_balanced,2021-06-17,168,49,44,"{""sim_day"": 49.0, ""doy"": 168.0, ""topwt"": 461.1976623535156, ""grnwt"": 0.0, ""xlai"": 0.7506314516067505, ""totir"": 0.0, ""tofer"": NaN, ""swfac"": 0.0, ""nstres"": 0.0}",0.0,0.0,461.1976623535156,0.0,0.7506314516067505,0.0,,0.0,0.0,40.0,150.0,-7.232119750976558,8.767880249023442,Leave_One_experiments/all_year_offline_schedule_search/daily_outputs/HLA/HLA_2021_HLA2021_normal_grid_S0014_daily.csv
HLA,HLA,Hailun,2021,Leave_One_experiments\wth_generated_qc\HLA\HLA2021.WTH,wet_year;nitrogen_stress_year;low_response_year,wet,HLA2021_normal_grid_S0014,pareto_balanced,2021-06-18,169,50,45,"{""sim_day"": 50.0, ""doy"": 169.0, ""topwt"": 500.618896484375, ""grnwt"": 0.0, ""xlai"": 0.804227888584137, ""totir"": 0.0, ""tofer"": NaN, ""swfac"": 0.0, ""nstres"": 0.0}",0.0,0.0,500.618896484375,0.0,0.804227888584137,0.0,,0.0,0.0,40.0,150.0,-7.232119750976558,8.767880249023442,Leave_One_experiments/all_year_offline_schedule_search/daily_outputs/HLA/HLA_2021_HLA2021_normal_grid_S0014_daily.csv
HLA,HLA,Hailun,2021,Leave_One_experiments\wth_generated_qc\HLA\HLA2021.WTH,wet_year;nitrogen_stress_year;low_response_year,wet,HLA2021_normal_grid_S0014,pareto_balanced,2021-06-19,170,51,46,"{""sim_day"": 51.0, ""doy"": 170.0, ""topwt"": 532.8626251220703, ""grnwt"": 0.0, ""xlai"": 0.8471747040748596, ""totir"": 0.0, ""tofer"": NaN, ""swfac"": 0.0, ""nstres"": 0.0}",0.0,0.0,532.8626251220703,0.0,0.8471747040748596,0.0,,0.0,0.0,40.0,150.0,-7.232119750976558,8.767880249023442,Leave_One_experiments/all_year_offline_schedule_search/daily_outputs/HLA/HLA_2021_HLA2021_normal_grid_S0014_daily.csv
HLA,HLA,Hailun,2021,Leave_One_experiments\wth_generated_qc\HLA\HLA2021.WTH,wet_year;nitrogen_stress_year;low_response_year,wet,HLA2021_normal_grid_S0014,pareto_balanced,2021-06-20,171,52,47,"{""sim_day"": 52.0, ""doy"": 171.0, ""topwt"": 585.7170104980469, ""grnwt"": 0.0, ""xlai"": 0.9158319234848022, ""totir"": 0.0, ""tofer"": NaN, ""swfac"": 0.0, ""nstres"": 0.0}",0.0,0.0,585.7170104980469,0.0,0.9158319234848022,0.0,,0.0,0.0,40.0,150.0,-7.232119750976558,8.767880249023442,Leave_One_experiments/all_year_offline_schedule_search/daily_outputs/HLA/HLA_2021_HLA2021_normal_grid_S0014_daily.csv
HLA,HLA,Hailun,2021,Leave_One_experiments\wth_generated_qc\HLA\HLA2021.WTH,wet_year;nitrogen_stress_year;low_response_year,wet,HLA2021_normal_grid_S0014,pareto_balanced,2021-06-21,172,53,48,"{""sim_day"": 53.0, ""doy"": 172.0, ""topwt"": 657.1212005615234, ""grnwt"": 0.0, ""xlai"": 1.0054548978805542, ""totir"": 0.0, ""tofer"": NaN, ""swfac"": 0.0, ""nstres"": 0.0}",0.0,0.0,657.1212005615234,0.0,1.0054548978805542,0.0,,0.0,0.0,40.0,150.0,-7.232119750976558,8.767880249023442,Leave_One_experiments/all_year_offline_schedule_search/daily_outputs/HLA/HLA_2021_HLA2021_normal_grid_S0014_daily.csv
HLA,HLA,Hailun,2021,Leave_One_experiments\wth_generated_qc\HLA\HLA2021.WTH,wet_year;nitrogen_stress_year;low_response_year,wet,HLA2021_normal_grid_S0014,pareto_balanced,2021-06-22,173,54,49,"{""sim_day"": 54.0, ""doy"": 173.0, ""topwt"": 748.7819671630859, ""grnwt"": 0.0, ""xlai"": 1.115541934967041, ""totir"": 0.0, ""tofer"": NaN, ""swfac"": 0.0, ""nstres"": 0.0}",0.0,0.0,748.7819671630859,0.0,1.115541934967041,0.0,,0.0,0.0,40.0,150.0,-7.232119750976558,8.767880249023442,Leave_One_experiments/all_year_offline_schedule_search/daily_outputs/HLA/HLA_2021_HLA2021_normal_grid_S0014_daily.csv
HLA,HLA,Hailun,2021,Leave_One_experiments\wth_generated_qc\HLA\HLA2021.WTH,wet_year;nitrogen_stress_year;low_response_year,wet,HLA2021_normal_grid_S0014,pareto_balanced,2021-06-23,174,55,50,"{""sim_day"": 55.0, ""doy"": 174.0, ""topwt"": 835.8809661865234, ""grnwt"": 0.0, ""xlai"": 1.215541958808899, ""totir"": 0.0, ""tofer"": NaN, ""swfac"": 0.0, ""nstres"": 0.0}",0.0,0.0,835.8809661865234,0.0,1.215541958808899,0.0,,0.0,0.0,40.0,150.0,-7.232119750976558,8.767880249023442,Leave_One_experiments/all_year_offline_schedule_search/daily_outputs/HLA/HLA_2021_HLA2021_normal_grid_S0014_daily.csv
HLA,HLA,Hailun,2021,Leave_One_experiments\wth_generated_qc\HLA\HLA2021.WTH,wet_year;nitrogen_stress_year;low_response_year,wet,HLA2021_normal_grid_S0014,pareto_balanced,2021-06-24,175,56,51,"{""sim_day"": 56.0, ""doy"": 175.0, ""topwt"": 945.1358795166016, ""grnwt"": 0.0, ""xlai"": 1.3345730304718018, ""totir"": 0.0, ""tofer"": NaN, ""swfac"": 0.0, ""nstres"": 0.0}",0.0,0.0,945.1358795166016,0.0,1.3345730304718018,0.0,,0.0,0.0,40.0,150.0,-7.232119750976558,8.767880249023442,Leave_One_experiments/all_year_offline_schedule_search/daily_outputs/HLA/HLA_2021_HLA2021_normal_grid_S0014_daily.csv
HLA,HLA,Hailun,2021,Leave_One_experiments\wth_generated_qc\HLA\HLA2021.WTH,wet_year;nitrogen_stress_year;low_response_year,wet,HLA2021_normal_grid_S0014,pareto_balanced,2021-06-25,176,57,52,"{""sim_day"": 57.0, ""doy"": 176.0, ""topwt"": 1064.9496459960938, ""grnwt"": 0.0, ""xlai"": 1.4577138423919678, ""totir"": 0.0, ""tofer"": NaN, ""swfac"": 0.0, ""nstres"": 0.0}",0.0,0.0,1064.9496459960938,0.0,1.4577138423919678,0.0,,0.0,0.0,40.0,150.0,-7.232119750976558,8.767880249023442,Leave_One_experiments/all_year_offline_schedule_search/daily_outputs/HLA/HLA_2021_HLA2021_normal_grid_S0014_daily.csv
HLA,HLA,Hailun,2021,Leave_One_experiments\wth_generated_qc\HLA\HLA2021.WTH,wet_year;nitrogen_stress_year;low_response_year,wet,HLA2021_normal_grid_S0014,pareto_balanced,2021-06-26,177,58,53,"{""sim_day"": 58.0, ""doy"": 177.0, ""topwt"": 1184.8595428466797, ""grnwt"": 0.0, ""xlai"": 1.5740050077438354, ""totir"": 0.0, ""tofer"": NaN, ""swfac"": 0.0, ""nstres"": 0.0}",0.0,0.0,1184.8595428466797,0.0,1.5740050077438354,0.0,,0.0,0.0,40.0,150.0,-7.232119750976558,8.767880249023442,Leave_One_experiments/all_year_offline_schedule_search/daily_outputs/HLA/HLA_2021_HLA2021_normal_grid_S0014_daily.csv
HLA,HLA,Hailun,2021,Leave_One_experiments\wth_generated_qc\HLA\HLA2021.WTH,wet_year;nitrogen_stress_year;low_response_year,wet,HLA2021_normal_grid_S0014,pareto_balanced,2021-06-27,178,59,54,"{""sim_day"": 59.0, ""doy"": 178.0, ""topwt"": 1319.320068359375, ""grnwt"": 0.0, ""xlai"": 1.696577072143555, ""totir"": 0.0, ""tofer"": NaN, ""swfac"": 0.0, ""nstres"": 0.0}",0.0,0.0,1319.320068359375,0.0,1.696577072143555,0.0,,0.0,0.0,40.0,150.0,-7.232119750976558,8.767880249023442,Leave_One_experiments/all_year_offline_schedule_search/daily_outputs/HLA/HLA_2021_HLA2021_normal_grid_S0014_daily.csv
HLA,HLA,Hailun,2021,Leave_One_experiments\wth_generated_qc\HLA\HLA2021.WTH,wet_year;nitrogen_stress_year;low_response_year,wet,HLA2021_normal_grid_S0014,pareto_balanced,2021-06-28,179,60,55,"{""sim_day"": 60.0, ""doy"": 179.0, ""topwt"": 1470.4695129394531, ""grnwt"": 0.0, ""xlai"": 1.825432538986206, ""totir"": 0.0, ""tofer"": NaN, ""swfac"": 0.0, ""nstres"": 0.0}",0.0,0.0,1470.4695129394531,0.0,1.825432538986206,0.0,,0.0,0.0,40.0,150.0,-7.232119750976558,8.767880249023442,Leave_One_experiments/all_year_offline_schedule_search/daily_outputs/HLA/HLA_2021_HLA2021_normal_grid_S0014_daily.csv
HLA,HLA,Hailun,2021,Leave_One_experiments\wth_generated_qc\HLA\HLA2021.WTH,wet_year;nitrogen_stress_year;low_response_year,wet,HLA2021_normal_grid_S0014,pareto_balanced,2021-06-29,180,61,56,"{""sim_day"": 61.0, ""doy"": 180.0, ""topwt"": 1604.4236755371094, ""grnwt"": 0.0, ""xlai"": 1.93307900428772, ""totir"": 0.0, ""tofer"": NaN, ""swfac"": 0.0, ""nstres"": 0.0}",0.0,0.0,1604.4236755371094,0.0,1.93307900428772,0.0,,0.0,0.0,40.0,150.0,-7.232119750976558,8.767880249023442,Leave_One_experiments/all_year_offline_schedule_search/daily_outputs/HLA/HLA_2021_HLA2021_normal_grid_S0014_daily.csv
HLA,HLA,Hailun,2021,Leave_One_experiments\wth_generated_qc\HLA\HLA2021.WTH,wet_year;nitrogen_stress_year;low_response_year,wet,HLA2021_normal_grid_S0014,pareto_balanced,2021-06-30,181,62,57,"{""sim_day"": 62.0, ""doy"": 181.0, ""topwt"": 1680.8586120605469, ""grnwt"": 0.0, ""xlai"": 1.9918296337127688, ""totir"": 0.0, ""tofer"": NaN, ""swfac"": 0.0, ""nstres"": 0.0}",0.0,0.0,1680.8586120605469,0.0,1.9918296337127688,0.0,,0.0,0.0,40.0,150.0,-7.232119750976558,8.767880249023442,Leave_One_experiments/all_year_offline_schedule_search/daily_outputs/HLA/HLA_2021_HLA2021_normal_grid_S0014_daily.csv
HLA,HLA,Hailun,2021,Leave_One_experiments\wth_generated_qc\HLA\HLA2021.WTH,wet_year;nitrogen_stress_year;low_response_year,wet,HLA2021_normal_grid_S0014,pareto_balanced,2021-07-01,182,63,58,"{""sim_day"": 63.0, ""doy"": 182.0, ""topwt"": 1795.0407409667969, ""grnwt"": 0.0, ""xlai"": 2.07507061958313, ""totir"": 0.0, ""tofer"": NaN, ""swfac"": 0.0, ""nstres"": 0.0}",0.0,0.0,1795.0407409667969,0.0,2.07507061958313,0.0,,0.0,0.0,40.0,150.0,-7.232119750976558,8.767880249023442,Leave_One_experiments/all_year_offline_schedule_search/daily_outputs/HLA/HLA_2021_HLA2021_normal_grid_S0014_daily.csv
HLA,HLA,Hailun,2021,Leave_One_experiments\wth_generated_qc\HLA\HLA2021.WTH,wet_year;nitrogen_stress_year;low_response_year,wet,HLA2021_normal_grid_S0014,pareto_balanced,2021-07-02,183,64,59,"{""sim_day"": 64.0, ""doy"": 183.0, ""topwt"": 1882.965850830078, ""grnwt"": 0.0, ""xlai"": 2.135720729827881, ""totir"": 0.0, ""tofer"": NaN, ""swfac"": 0.0, ""nstres"": 0.0}",0.0,0.0,1882.965850830078,0.0,2.135720729827881,0.0,,0.0,0.0,40.0,150.0,-7.232119750976558,8.767880249023442,Leave_One_experiments/all_year_offline_schedule_search/daily_outputs/HLA/HLA_2021_HLA2021_normal_grid_S0014_daily.csv
HLA,HLA,Hailun,2021,Leave_One_experiments\wth_generated_qc\HLA\HLA2021.WTH,wet_year;nitrogen_stress_year;low_response_year,wet,HLA2021_normal_grid_S0014,pareto_balanced,2021-07-03,184,65,60,"{""sim_day"": 65.0, ""doy"": 184.0, ""topwt"": 2021.829833984375, ""grnwt"": 0.0, ""xlai"": 2.225760698318481, ""totir"": 0.0, ""tofer"": NaN, ""swfac"": 0.0, ""nstres"": 0.0}",0.0,0.0,2021.829833984375,0.0,2.225760698318481,0.0,,0.0,50.0,40.0,150.0,-7.232119750976558,8.767880249023442,Leave_One_experiments/all_year_offline_schedule_search/daily_outputs/HLA/HLA_2021_HLA2021_normal_grid_S0014_daily.csv
HLA,HLA,Hailun,2021,Leave_One_experiments\wth_generated_qc\HLA\HLA2021.WTH,wet_year;nitrogen_stress_year;low_response_year,wet,HLA2021_normal_grid_S0014,pareto_balanced,2021-07-04,185,66,61,"{""sim_day"": 66.0, ""doy"": 185.0, ""topwt"": 2166.6893005371094, ""grnwt"": 0.0, ""xlai"": 2.3144476413726807, ""totir"": 0.0, ""tofer"": NaN, ""swfac"": 0.0, ""nstres"": 0.0}",0.0,0.0,2166.6893005371094,0.0,2.3144476413726807,0.0,,0.0,0.0,40.0,150.0,-7.232119750976558,8.767880249023442,Leave_One_experiments/all_year_offline_schedule_search/daily_outputs/HLA/HLA_2021_HLA2021_normal_grid_S0014_daily.csv
HLA,HLA,Hailun,2021,Leave_One_experiments\wth_generated_qc\HLA\HLA2021.WTH,wet_year;nitrogen_stress_year;low_response_year,wet,HLA2021_normal_grid_S0014,pareto_balanced,2021-07-05,186,67,62,"{""sim_day"": 67.0, ""doy"": 186.0, ""topwt"": 2347.0932006835938, ""grnwt"": 0.0, ""xlai"": 2.418577194213867, ""totir"": 0.0, ""tofer"": NaN, ""swfac"": 0.0, ""nstres"": 0.0}",0.0,0.0,2347.0932006835938,0.0,2.418577194213867,0.0,,0.0,0.0,40.0,150.0,-7.232119750976558,8.767880249023442,Leave_One_experiments/all_year_offline_schedule_search/daily_outputs/HLA/HLA_2021_HLA2021_normal_grid_S0014_daily.csv
HLA,HLA,Hailun,2021,Leave_One_experiments\wth_generated_qc\HLA\HLA2021.WTH,wet_year;nitrogen_stress_year;low_response_year,wet,HLA2021_normal_grid_S0014,pareto_balanced,2021-07-06,187,68,63,"{""sim_day"": 68.0, ""doy"": 187.0, ""topwt"": 2553.852996826172, ""grnwt"": 0.0, ""xlai"": 2.530576229095459, ""totir"": 0.0, ""tofer"": NaN, ""swfac"": 0.0, ""nstres"": 0.0}",0.0,0.0,2553.852996826172,0.0,2.530576229095459,0.0,,0.0,0.0,40.0,150.0,-7.232119750976558,8.767880249023442,Leave_One_experiments/all_year_offline_schedule_search/daily_outputs/HLA/HLA_2021_HLA2021_normal_grid_S0014_daily.csv
HLA,HLA,Hailun,2021,Leave_One_experiments\wth_generated_qc\HLA\HLA2021.WTH,wet_year;nitrogen_stress_year;low_response_year,wet,HLA2021_normal_grid_S0014,pareto_balanced,2021-07-07,188,69,64,"{""sim_day"": 69.0, ""doy"": 188.0, ""topwt"": 2773.638610839844, ""grnwt"": 0.0, ""xlai"": 2.642339944839477, ""totir"": 0.0, ""tofer"": NaN, ""swfac"": 0.0, ""nstres"": 0.0}",0.0,0.0,2773.638610839844,0.0,2.642339944839477,0.0,,0.0,0.0,40.0,150.0,-7.232119750976558,8.767880249023442,Leave_One_experiments/all_year_offline_schedule_search/daily_outputs/HLA/HLA_2021_HLA2021_normal_grid_S0014_daily.csv
HLA,HLA,Hailun,2021,Leave_One_experiments\wth_generated_qc\HLA\HLA2021.WTH,wet_year;nitrogen_stress_year;low_response_year,wet,HLA2021_normal_grid_S0014,pareto_balanced,2021-07-08,189,70,65,"{""sim_day"": 70.0, ""doy"": 189.0, ""topwt"": 2991.348876953125, ""grnwt"": 0.0, ""xlai"": 2.746354341506958, ""totir"": 40.0, ""tofer"": NaN, ""swfac"": 0.0, ""nstres"": 0.0}",0.0,0.0,2991.348876953125,0.0,2.746354341506958,40.0,,40.0,0.0,40.0,150.0,-7.232119750976558,8.767880249023442,Leave_One_experiments/all_year_offline_schedule_search/daily_outputs/HLA/HLA_2021_HLA2021_normal_grid_S0014_daily.csv
HLA,HLA,Hailun,2021,Leave_One_experiments\wth_generated_qc\HLA\HLA2021.WTH,wet_year;nitrogen_stress_year;low_response_year,wet,HLA2021_normal_grid_S0014,pareto_balanced,2021-07-09,190,71,66,"{""sim_day"": 71.0, ""doy"": 190.0, ""topwt"": 3229.7021484375, ""grnwt"": 0.0, ""xlai"": 2.8532490730285645, ""totir"": 40.0, ""tofer"": NaN, ""swfac"": 0.0, ""nstres"": 0.0}",0.0,0.0,3229.7021484375,0.0,2.8532490730285645,40.0,,0.0,0.0,40.0,150.0,-7.232119750976558,8.767880249023442,Leave_One_experiments/all_year_offline_schedule_search/daily_outputs/HLA/HLA_2021_HLA2021_normal_grid_S0014_daily.csv
HLA,HLA,Hailun,2021,Leave_One_experiments\wth_generated_qc\HLA\HLA2021.WTH,wet_year;nitrogen_stress_year;low_response_year,wet,HLA2021_normal_grid_S0014,pareto_balanced,2021-07-10,191,72,67,"{""sim_day"": 72.0, ""doy"": 191.0, ""topwt"": 3575.804443359375, ""grnwt"": 0.0, ""xlai"": 3.1625280380249023, ""totir"": 40.0, ""tofer"": NaN, ""swfac"": 0.0, ""nstres"": 0.0}",0.0,0.0,3575.804443359375,0.0,3.1625280380249023,40.0,,0.0,0.0,40.0,150.0,-7.232119750976558,8.767880249023442,Leave_One_experiments/all_year_offline_schedule_search/daily_outputs/HLA/HLA_2021_HLA2021_normal_grid_S0014_daily.csv
HLA,HLA,Hailun,2021,Leave_One_experiments\wth_generated_qc\HLA\HLA2021.WTH,wet_year;nitrogen_stress_year;low_response_year,wet,HLA2021_normal_grid_S0014,pareto_balanced,2021-07-11,192,73,68,"{""sim_day"": 73.0, ""doy"": 192.0, ""topwt"": 3857.694091796875, ""grnwt"": 0.0, ""xlai"": 3.2968928813934326, ""totir"": 40.0, ""tofer"": NaN, ""swfac"": 0.0, ""nstres"": 0.0}",0.0,0.0,3857.694091796875,0.0,3.2968928813934326,40.0,,0.0,0.0,40.0,150.0,-7.232119750976558,8.767880249023442,Leave_One_experiments/all_year_offline_schedule_search/daily_outputs/HLA/HLA_2021_HLA2021_normal_grid_S0014_daily.csv
HLA,HLA,Hailun,2021,Leave_One_experiments\wth_generated_qc\HLA\HLA2021.WTH,wet_year;nitrogen_stress_year;low_response_year,wet,HLA2021_normal_grid_S0014,pareto_balanced,2021-07-12,193,74,69,"{""sim_day"": 74.0, ""doy"": 193.0, ""topwt"": 4207.353515625, ""grnwt"": 0.0, ""xlai"": 3.43245267868042, ""totir"": 40.0, ""tofer"": NaN, ""swfac"": 0.0, ""nstres"": 0.0}",0.0,0.0,4207.353515625,0.0,3.43245267868042,40.0,,0.0,0.0,40.0,150.0,-7.232119750976558,8.767880249023442,Leave_One_experiments/all_year_offline_schedule_search/daily_outputs/HLA/HLA_2021_HLA2021_normal_grid_S0014_daily.csv
HLA,HLA,Hailun,2021,Leave_One_experiments\wth_generated_qc\HLA\HLA2021.WTH,wet_year;nitrogen_stress_year;low_response_year,wet,HLA2021_normal_grid_S0014,pareto_balanced,2021-07-13,194,75,70,"{""sim_day"": 75.0, ""doy"": 194.0, ""topwt"": 4416.935424804688, ""grnwt"": 0.0, ""xlai"": 3.504108190536499, ""totir"": 40.0, ""tofer"": NaN, ""swfac"": 0.0, ""nstres"": 0.0}",0.0,0.0,4416.935424804688,0.0,3.504108190536499,40.0,,0.0,0.0,40.0,150.0,-7.232119750976558,8.767880249023442,Leave_One_experiments/all_year_offline_schedule_search/daily_outputs/HLA/HLA_2021_HLA2021_normal_grid_S0014_daily.csv
HLA,HLA,Hailun,2021,Leave_One_experiments\wth_generated_qc\HLA\HLA2021.WTH,wet_year;nitrogen_stress_year;low_response_year,wet,HLA2021_normal_grid_S0014,pareto_balanced,2021-07-14,195,76,71,"{""sim_day"": 76.0, ""doy"": 195.0, ""topwt"": 4641.929321289063, ""grnwt"": 0.0, ""xlai"": 3.57411789894104, ""totir"": 40.0, ""tofer"": NaN, ""swfac"": 0.0, ""nstres"": 0.0}",0.0,0.0,4641.929321289063,0.0,3.57411789894104,40.0,,0.0,0.0,40.0,150.0,-7.232119750976558,8.767880249023442,Leave_One_experiments/all_year_offline_schedule_search/daily_outputs/HLA/HLA_2021_HLA2021_normal_grid_S0014_daily.csv
HLA,HLA,Hailun,2021,Leave_One_experiments\wth_generated_qc\HLA\HLA2021.WTH,wet_year;nitrogen_stress_year;low_response_year,wet,HLA2021_normal_grid_S0014,pareto_balanced,2021-07-15,196,77,72,"{""sim_day"": 77.0, ""doy"": 196.0, ""topwt"": 4781.216430664063, ""grnwt"": 0.0, ""xlai"": 3.614190578460693, ""totir"": 40.0, ""tofer"": NaN, ""swfac"": 0.0, ""nstres"": 0.0}",0.0,0.0,4781.216430664063,0.0,3.614190578460693,40.0,,0.0,0.0,40.0,150.0,-7.232119750976558,8.767880249023442,Leave_One_experiments/all_year_offline_schedule_search/daily_outputs/HLA/HLA_2021_HLA2021_normal_grid_S0014_daily.csv
HLA,HLA,Hailun,2021,Leave_One_experiments\wth_generated_qc\HLA\HLA2021.WTH,wet_year;nitrogen_stress_year;low_response_year,wet,HLA2021_normal_grid_S0014,pareto_balanced,2021-07-16,197,78,73,"{""sim_day"": 78.0, ""doy"": 197.0, ""topwt"": 4976.987915039063, ""grnwt"": 0.0, ""xlai"": 3.666980028152466, ""totir"": 40.0, ""tofer"": NaN, ""swfac"": 0.0, ""nstres"": 0.0}",0.0,0.0,4976.987915039063,0.0,3.666980028152466,40.0,,0.0,0.0,40.0,150.0,-7.232119750976558,8.767880249023442,Leave_One_experiments/all_year_offline_schedule_search/daily_outputs/HLA/HLA_2021_HLA2021_normal_grid_S0014_daily.csv
HLA,HLA,Hailun,2021,Leave_One_experiments\wth_generated_qc\HLA\HLA2021.WTH,wet_year;nitrogen_stress_year;low_response_year,wet,HLA2021_normal_grid_S0014,pareto_balanced,2021-07-17,198,79,74,"{""sim_day"": 79.0, ""doy"": 198.0, ""topwt"": 5150.4888916015625, ""grnwt"": 0.0, ""xlai"": 3.71111273765564, ""totir"": 40.0, ""tofer"": NaN, ""swfac"": 0.0, ""nstres"": 0.0}",0.0,0.0,5150.4888916015625,0.0,3.71111273765564,40.0,,0.0,0.0,40.0,150.0,-7.232119750976558,8.767880249023442,Leave_One_experiments/all_year_offline_schedule_search/daily_outputs/HLA/HLA_2021_HLA2021_normal_grid_S0014_daily.csv
HLA,HLA,Hailun,2021,Leave_One_experiments\wth_generated_qc\HLA\HLA2021.WTH,wet_year;nitrogen_stress_year;low_response_year,wet,HLA2021_normal_grid_S0014,pareto_balanced,2021-07-18,199,80,75,"{""sim_day"": 80.0, ""doy"": 199.0, ""topwt"": 5368.497314453125, ""grnwt"": 0.0, ""xlai"": 3.7625131607055664, ""totir"": 40.0, ""tofer"": NaN, ""swfac"": 0.0, ""nstres"": 0.0031630992889404}",0.0,0.0031630992889404,5368.497314453125,0.0,3.7625131607055664,40.0,,0.0,0.0,40.0,150.0,-7.232119750976558,8.767880249023442,Leave_One_experiments/all_year_offline_schedule_search/daily_outputs/HLA/HLA_2021_HLA2021_normal_grid_S0014_daily.csv
HLA,HLA,Hailun,2021,Leave_One_experiments\wth_generated_qc\HLA\HLA2021.WTH,wet_year;nitrogen_stress_year;low_response_year,wet,HLA2021_normal_grid_S0014,pareto_balanced,2021-07-19,200,81,76,"{""sim_day"": 81.0, ""doy"": 200.0, ""topwt"": 5630.1788330078125, ""grnwt"": 0.0, ""xlai"": 3.823340892791748, ""totir"": 40.0, ""tofer"": NaN, ""swfac"": 0.0, ""nstres"": 0.0055534243583679}",0.0,0.0055534243583679,5630.1788330078125,0.0,3.823340892791748,40.0,,0.0,0.0,40.0,150.0,-7.232119750976558,8.767880249023442,Leave_One_experiments/all_year_offline_schedule_search/daily_outputs/HLA/HLA_2021_HLA2021_normal_grid_S0014_daily.csv
HLA,HLA,Hailun,2021,Leave_One_experiments\wth_generated_qc\HLA\HLA2021.WTH,wet_year;nitrogen_stress_year;low_response_year,wet,HLA2021_normal_grid_S0014,pareto_balanced,2021-07-20,201,82,77,"{""sim_day"": 82.0, ""doy"": 201.0, ""topwt"": 5920.0860595703125, ""grnwt"": 0.0, ""xlai"": 3.8907065391540527, ""totir"": 40.0, ""tofer"": NaN, ""swfac"": 0.0, ""nstres"": 0.0059943795204162}",0.0,0.0059943795204162,5920.0860595703125,0.0,3.8907065391540527,40.0,,0.0,0.0,40.0,150.0,-7.232119750976558,8.767880249023442,Leave_One_experiments/all_year_offline_schedule_search/daily_outputs/HLA/HLA_2021_HLA2021_normal_grid_S0014_daily.csv
HLA,HLA,Hailun,2021,Leave_One_experiments\wth_generated_qc\HLA\HLA2021.WTH,wet_year;nitrogen_stress_year;low_response_year,wet,HLA2021_normal_grid_S0014,pareto_balanced,2021-07-21,202,83,78,"{""sim_day"": 83.0, ""doy"": 202.0, ""topwt"": 6217.50244140625, ""grnwt"": 0.0, ""xlai"": 3.9582674503326416, ""totir"": 40.0, ""tofer"": NaN, ""swfac"": 0.0, ""nstres"": 0.0090032815933227}",0.0,0.0090032815933227,6217.50244140625,0.0,3.9582674503326416,40.0,,0.0,0.0,40.0,150.0,-7.232119750976558,8.767880249023442,Leave_One_experiments/all_year_offline_schedule_search/daily_outputs/HLA/HLA_2021_HLA2021_normal_grid_S0014_daily.csv
HLA,HLA,Hailun,2021,Leave_One_experiments\wth_generated_qc\HLA\HLA2021.WTH,wet_year;nitrogen_stress_year;low_response_year,wet,HLA2021_normal_grid_S0014,pareto_balanced,2021-07-22,203,84,79,"{""sim_day"": 84.0, ""doy"": 203.0, ""topwt"": 6504.07470703125, ""grnwt"": 0.0, ""xlai"": 4.020701408386231, ""totir"": 40.0, ""tofer"": NaN, ""swfac"": 0.0, ""nstres"": 0.0136331319808959}",0.0,0.0136331319808959,6504.07470703125,0.0,4.020701408386231,40.0,,0.0,0.0,40.0,150.0,-7.232119750976558,8.767880249023442,Leave_One_experiments/all_year_offline_schedule_search/daily_outputs/HLA/HLA_2021_HLA2021_normal_grid_S0014_daily.csv
HLA,HLA,Hailun,2021,Leave_One_experiments\wth_generated_qc\HLA\HLA2021.WTH,wet_year;nitrogen_stress_year;low_response_year,wet,HLA2021_normal_grid_S0014,pareto_balanced,2021-07-23,204,85,80,"{""sim_day"": 85.0, ""doy"": 204.0, ""topwt"": 6911.297607421875, ""grnwt"": 0.0, ""xlai"": 3.856379508972168, ""totir"": 40.0, ""tofer"": NaN, ""swfac"": 0.0, ""nstres"": 0.0171828269958496}",0.0,0.0171828269958496,6911.297607421875,0.0,3.856379508972168,40.0,,0.0,0.0,40.0,150.0,-7.232119750976558,8.767880249023442,Leave_One_experiments/all_year_offline_schedule_search/daily_outputs/HLA/HLA_2021_HLA2021_normal_grid_S0014_daily.csv
HLA,HLA,Hailun,2021,Leave_One_experiments\wth_generated_qc\HLA\HLA2021.WTH,wet_year;nitrogen_stress_year;low_response_year,wet,HLA2021_normal_grid_S0014,pareto_balanced,2021-07-24,205,86,81,"{""sim_day"": 86.0, ""doy"": 205.0, ""topwt"": 7089.720458984375, ""grnwt"": 0.0, ""xlai"": 3.840426445007324, ""totir"": 40.0, ""tofer"": NaN, ""swfac"": 0.0, ""nstres"": 0.0208550095558166}",0.0,0.0208550095558166,7089.720458984375,0.0,3.840426445007324,40.0,,0.0,0.0,40.0,150.0,-7.232119750976558,8.767880249023442,Leave_One_experiments/all_year_offline_schedule_search/daily_outputs/HLA/HLA_2021_HLA2021_normal_grid_S0014_daily.csv
HLA,HLA,Hailun,2021,Leave_One_experiments\wth_generated_qc\HLA\HLA2021.WTH,wet_year;nitrogen_stress_year;low_response_year,wet,HLA2021_normal_grid_S0014,pareto_balanced,2021-07-25,206,87,82,"{""sim_day"": 87.0, ""doy"": 206.0, ""topwt"": 7163.6712646484375, ""grnwt"": 0.0, ""xlai"": 3.824016332626343, ""totir"": 40.0, ""tofer"": NaN, ""swfac"": 0.0, ""nstres"": 0.0218070745468139}",0.0,0.0218070745468139,7163.6712646484375,0.0,3.824016332626343,40.0,,0.0,0.0,40.0,150.0,-7.232119750976558,8.767880249023442,Leave_One_experiments/all_year_offline_schedule_search/daily_outputs/HLA/HLA_2021_HLA2021_normal_grid_S0014_daily.csv
HLA,HLA,Hailun,2021,Leave_One_experiments\wth_generated_qc\HLA\HLA2021.WTH,wet_year;nitrogen_stress_year;low_response_year,wet,HLA2021_normal_grid_S0014,pareto_balanced,2021-07-26,207,88,83,"{""sim_day"": 88.0, ""doy"": 207.0, ""topwt"": 7394.375, ""grnwt"": 0.0, ""xlai"": 3.806030750274658, ""totir"": 40.0, ""tofer"": NaN, ""swfac"": 0.0, ""nstres"": 0.0127848386764526}",0.0,0.0127848386764526,7394.375,0.0,3.806030750274658,40.0,,0.0,0.0,40.0,150.0,-7.232119750976558,8.767880249023442,Leave_One_experiments/all_year_offline_schedule_search/daily_outputs/HLA/HLA_2021_HLA2021_normal_grid_S0014_daily.csv
HLA,HLA,Hailun,2021,Leave_One_experiments\wth_generated_qc\HLA\HLA2021.WTH,wet_year;nitrogen_stress_year;low_response_year,wet,HLA2021_normal_grid_S0014,pareto_balanced,2021-07-27,208,89,84,"{""sim_day"": 89.0, ""doy"": 208.0, ""topwt"": 7800.9344482421875, ""grnwt"": 0.0, ""xlai"": 3.7885029315948486, ""totir"": 40.0, ""tofer"": NaN, ""swfac"": 0.0, ""nstres"": 0.0}",0.0,0.0,7800.9344482421875,0.0,3.7885029315948486,40.0,,0.0,0.0,40.0,150.0,-7.232119750976558,8.767880249023442,Leave_One_experiments/all_year_offline_schedule_search/daily_outputs/HLA/HLA_2021_HLA2021_normal_grid_S0014_daily.csv
HLA,HLA,Hailun,2021,Leave_One_experiments\wth_generated_qc\HLA\HLA2021.WTH,wet_year;nitrogen_stress_year;low_response_year,wet,HLA2021_normal_grid_S0014,pareto_balanced,2021-07-28,209,90,85,"{""sim_day"": 90.0, ""doy"": 209.0, ""topwt"": 7983.004150390625, ""grnwt"": 0.0, ""xlai"": 3.7727530002594, ""totir"": 40.0, ""tofer"": NaN, ""swfac"": 0.0, ""nstres"": 0.0}",0.0,0.0,7983.004150390625,0.0,3.7727530002594,40.0,,0.0,0.0,40.0,150.0,-7.232119750976558,8.767880249023442,Leave_One_experiments/all_year_offline_schedule_search/daily_outputs/HLA/HLA_2021_HLA2021_normal_grid_S0014_daily.csv
HLA,HLA,Hailun,2021,Leave_One_experiments\wth_generated_qc\HLA\HLA2021.WTH,wet_year;nitrogen_stress_year;low_response_year,wet,HLA2021_normal_grid_S0014,pareto_balanced,2021-07-29,210,91,86,"{""sim_day"": 91.0, ""doy"": 210.0, ""topwt"": 8293.026733398438, ""grnwt"": 0.0, ""xlai"": 3.756037712097168, ""totir"": 40.0, ""tofer"": NaN, ""swfac"": 0.0, ""nstres"": 0.0}",0.0,0.0,8293.026733398438,0.0,3.756037712097168,40.0,,0.0,0.0,40.0,150.0,-7.232119750976558,8.767880249023442,Leave_One_experiments/all_year_offline_schedule_search/daily_outputs/HLA/HLA_2021_HLA2021_normal_grid_S0014_daily.csv
HLA,HLA,Hailun,2021,Leave_One_experiments\wth_generated_qc\HLA\HLA2021.WTH,wet_year;nitrogen_stress_year;low_response_year,wet,HLA2021_normal_grid_S0014,pareto_balanced,2021-07-30,211,92,87,"{""sim_day"": 92.0, ""doy"": 211.0, ""topwt"": 8410.171508789062, ""grnwt"": 0.0, ""xlai"": 3.739271879196167, ""totir"": 40.0, ""tofer"": NaN, ""swfac"": 0.0, ""nstres"": 0.0}",0.0,0.0,8410.171508789062,0.0,3.739271879196167,40.0,,0.0,0.0,40.0,150.0,-7.232119750976558,8.767880249023442,Leave_One_experiments/all_year_offline_schedule_search/daily_outputs/HLA/HLA_2021_HLA2021_normal_grid_S0014_daily.csv
HLA,HLA,Hailun,2021,Leave_One_experiments\wth_generated_qc\HLA\HLA2021.WTH,wet_year;nitrogen_stress_year;low_response_year,wet,HLA2021_normal_grid_S0014,pareto_balanced,2021-07-31,212,93,88,"{""sim_day"": 93.0, ""doy"": 212.0, ""topwt"": 8603.701782226562, ""grnwt"": 0.0, ""xlai"": 3.7235724925994873, ""totir"": 40.0, ""tofer"": NaN, ""swfac"": 0.0, ""nstres"": 0.0}",0.0,0.0,8603.701782226562,0.0,3.7235724925994873,40.0,,0.0,0.0,40.0,150.0,-7.232119750976558,8.767880249023442,Leave_One_experiments/all_year_offline_schedule_search/daily_outputs/HLA/HLA_2021_HLA2021_normal_grid_S0014_daily.csv
HLA,HLA,Hailun,2021,Leave_One_experiments\wth_generated_qc\HLA\HLA2021.WTH,wet_year;nitrogen_stress_year;low_response_year,wet,HLA2021_normal_grid_S0014,pareto_balanced,2021-08-01,213,94,89,"{""sim_day"": 94.0, ""doy"": 213.0, ""topwt"": 8671.88720703125, ""grnwt"": 0.0, ""xlai"": 3.712141275405884, ""totir"": 40.0, ""tofer"": NaN, ""swfac"": 0.0, ""nstres"": 0.0}",0.0,0.0,8671.88720703125,0.0,3.712141275405884,40.0,,0.0,0.0,40.0,150.0,-7.232119750976558,8.767880249023442,Leave_One_experiments/all_year_offline_schedule_search/daily_outputs/HLA/HLA_2021_HLA2021_normal_grid_S0014_daily.csv
HLA,HLA,Hailun,2021,Leave_One_experiments\wth_generated_qc\HLA\HLA2021.WTH,wet_year;nitrogen_stress_year;low_response_year,wet,HLA2021_normal_grid_S0014,pareto_balanced,2021-08-02,214,95,90,"{""sim_day"": 95.0, ""doy"": 214.0, ""topwt"": 8732.269287109375, ""grnwt"": 0.0, ""xlai"": 3.698880672454834, ""totir"": 40.0, ""tofer"": NaN, ""swfac"": 0.0, ""nstres"": 0.0}",0.0,0.0,8732.269287109375,0.0,3.698880672454834,40.0,,0.0,0.0,40.0,150.0,-7.232119750976558,8.767880249023442,Leave_One_experiments/all_year_offline_schedule_search/daily_outputs/HLA/HLA_2021_HLA2021_normal_grid_S0014_daily.csv
HLA,HLA,Hailun,2021,Leave_One_experiments\wth_generated_qc\HLA\HLA2021.WTH,wet_year;nitrogen_stress_year;low_response_year,wet,HLA2021_normal_grid_S0014,pareto_balanced,2021-08-03,215,96,91,"{""sim_day"": 96.0, ""doy"": 215.0, ""topwt"": 8861.4453125, ""grnwt"": 129.17587280273438, ""xlai"": 3.6121983528137207, ""totir"": 40.0, ""tofer"": NaN, ""swfac"": 0.0, ""nstres"": 0.0}",0.0,0.0,8861.4453125,129.17587280273438,3.6121983528137207,40.0,,0.0,0.0,40.0,150.0,-7.232119750976558,8.767880249023442,Leave_One_experiments/all_year_offline_schedule_search/daily_outputs/HLA/HLA_2021_HLA2021_normal_grid_S0014_daily.csv
HLA,HLA,Hailun,2021,Leave_One_experiments\wth_generated_qc\HLA\HLA2021.WTH,wet_year;nitrogen_stress_year;low_response_year,wet,HLA2021_normal_grid_S0014,pareto_balanced,2021-08-04,216,97,92,"{""sim_day"": 97.0, ""doy"": 216.0, ""topwt"": 8990.621948242188, ""grnwt"": 258.35174560546875, ""xlai"": 3.5997185707092285, ""totir"": 40.0, ""tofer"": NaN, ""swfac"": 0.0, ""nstres"": 0.0}",0.0,0.0,8990.621948242188,258.35174560546875,3.5997185707092285,40.0,,0.0,0.0,40.0,150.0,-7.232119750976558,8.767880249023442,Leave_One_experiments/all_year_offline_schedule_search/daily_outputs/HLA/HLA_2021_HLA2021_normal_grid_S0014_daily.csv
HLA,HLA,Hailun,2021,Leave_One_experiments\wth_generated_qc\HLA\HLA2021.WTH,wet_year;nitrogen_stress_year;low_response_year,wet,HLA2021_normal_grid_S0014,pareto_balanced,2021-08-05,217,98,93,"{""sim_day"": 98.0, ""doy"": 217.0, ""topwt"": 9119.79736328125, ""grnwt"": 387.5276184082031, ""xlai"": 3.58542799949646, ""totir"": 40.0, ""tofer"": NaN, ""swfac"": 0.0, ""nstres"": 0.0}",0.0,0.0,9119.79736328125,387.5276184082031,3.58542799949646,40.0,,0.0,0.0,40.0,150.0,-7.232119750976558,8.767880249023442,Leave_One_experiments/all_year_offline_schedule_search/daily_outputs/HLA/HLA_2021_HLA2021_normal_grid_S0014_daily.csv
HLA,HLA,Hailun,2021,Leave_One_experiments\wth_generated_qc\HLA\HLA2021.WTH,wet_year;nitrogen_stress_year;low_response_year,wet,HLA2021_normal_grid_S0014,pareto_balanced,2021-08-06,218,99,94,"{""sim_day"": 99.0, ""doy"": 218.0, ""topwt"": 9248.973388671877, ""grnwt"": 516.7034912109375, ""xlai"": 3.567542791366577, ""totir"": 40.0, ""tofer"": NaN, ""swfac"": 0.0, ""nstres"": 0.0}",0.0,0.0,9248.973388671877,516.7034912109375,3.567542791366577,40.0,,0.0,0.0,40.0,150.0,-7.232119750976558,8.767880249023442,Leave_One_experiments/all_year_offline_schedule_search/daily_outputs/HLA/HLA_2021_HLA2021_normal_grid_S0014_daily.csv
HLA,HLA,Hailun,2021,Leave_One_experiments\wth_generated_qc\HLA\HLA2021.WTH,wet_year;nitrogen_stress_year;low_response_year,wet,HLA2021_normal_grid_S0014,pareto_balanced,2021-08-07,219,100,95,"{""sim_day"": 100.0, ""doy"": 219.0, ""topwt"": 9378.1494140625, ""grnwt"": 645.8793640136719, ""xlai"": 3.545569896697998, ""totir"": 40.0, ""tofer"": NaN, ""swfac"": 0.0, ""nstres"": 0.0}",0.0,0.0,9378.1494140625,645.8793640136719,3.545569896697998,40.0,,0.0,0.0,40.0,150.0,-7.232119750976558,8.767880249023442,Leave_One_experiments/all_year_offline_schedule_search/daily_outputs/HLA/HLA_2021_HLA2021_normal_grid_S0014_daily.csv
HLA,HLA,Hailun,2021,Leave_One_experiments\wth_generated_qc\HLA\HLA2021.WTH,wet_year;nitrogen_stress_year;low_response_year,wet,HLA2021_normal_grid_S0014,pareto_balanced,2021-08-08,220,101,96,"{""sim_day"": 101.0, ""doy"": 220.0, ""topwt"": 9507.325439453123, ""grnwt"": 775.0552368164062, ""xlai"": 3.52569317817688, ""totir"": 40.0, ""tofer"": NaN, ""swfac"": 0.0, ""nstres"": 0.0}",0.0,0.0,9507.325439453123,775.0552368164062,3.52569317817688,40.0,,0.0,0.0,40.0,150.0,-7.232119750976558,8.767880249023442,Leave_One_experiments/all_year_offline_schedule_search/daily_outputs/HLA/HLA_2021_HLA2021_normal_grid_S0014_daily.csv
HLA,HLA,Hailun,2021,Leave_One_experiments\wth_generated_qc\HLA\HLA2021.WTH,wet_year;nitrogen_stress_year;low_response_year,wet,HLA2021_normal_grid_S0014,pareto_balanced,2021-08-09,221,102,97,"{""sim_day"": 102.0, ""doy"": 221.0, ""topwt"": 9636.50146484375, ""grnwt"": 904.2311096191406, ""xlai"": 3.510296106338501, ""totir"": 40.0, ""tofer"": NaN, ""swfac"": 0.0, ""nstres"": 0.0}",0.0,0.0,9636.50146484375,904.2311096191406,3.510296106338501,40.0,,0.0,0.0,40.0,150.0,-7.232119750976558,8.767880249023442,Leave_One_experiments/all_year_offline_schedule_search/daily_outputs/HLA/HLA_2021_HLA2021_normal_grid_S0014_daily.csv
HLA,HLA,Hailun,2021,Leave_One_experiments\wth_generated_qc\HLA\HLA2021.WTH,wet_year;nitrogen_stress_year;low_response_year,wet,HLA2021_normal_grid_S0014,pareto_balanced,2021-08-10,222,103,98,"{""sim_day"": 103.0, ""doy"": 222.0, ""topwt"": 9765.676879882812, ""grnwt"": 1033.4069061279297, ""xlai"": 3.489521741867065, ""totir"": 40.0, ""tofer"": NaN, ""swfac"": 0.0, ""nstres"": 0.0}",0.0,0.0,9765.676879882812,1033.4069061279297,3.489521741867065,40.0,,0.0,0.0,40.0,150.0,-7.232119750976558,8.767880249023442,Leave_One_experiments/all_year_offline_schedule_search/daily_outputs/HLA/HLA_2021_HLA2021_normal_grid_S0014_daily.csv
HLA,HLA,Hailun,2021,Leave_One_experiments\wth_generated_qc\HLA\HLA2021.WTH,wet_year;nitrogen_stress_year;low_response_year,wet,HLA2021_normal_grid_S0014,pareto_balanced,2021-08-11,223,104,99,"{""sim_day"": 104.0, ""doy"": 223.0, ""topwt"": 9894.853515625, ""grnwt"": 1162.582778930664, ""xlai"": 3.4711806774139404, ""totir"": 40.0, ""tofer"": NaN, ""swfac"": 0.0, ""nstres"": 0.0}",0.0,0.0,9894.853515625,1162.582778930664,3.4711806774139404,40.0,,0.0,0.0,40.0,150.0,-7.232119750976558,8.767880249023442,Leave_One_experiments/all_year_offline_schedule_search/daily_outputs/HLA/HLA_2021_HLA2021_normal_grid_S0014_daily.csv
HLA,HLA,Hailun,2021,Leave_One_experiments\wth_generated_qc\HLA\HLA2021.WTH,wet_year;nitrogen_stress_year;low_response_year,wet,HLA2021_normal_grid_S0014,pareto_balanced,2021-08-12,224,105,100,"{""sim_day"": 105.0, ""doy"": 224.0, ""topwt"": 10024.029541015623, ""grnwt"": 1291.7585754394531, ""xlai"": 3.443869113922119, ""totir"": 40.0, ""tofer"": NaN, ""swfac"": 0.0, ""nstres"": 0.0}",0.0,0.0,10024.029541015623,1291.7585754394531,3.443869113922119,40.0,,0.0,0.0,40.0,150.0,-7.232119750976558,8.767880249023442,Leave_One_experiments/all_year_offline_schedule_search/daily_outputs/HLA/HLA_2021_HLA2021_normal_grid_S0014_daily.csv
HLA,HLA,Hailun,2021,Leave_One_experiments\wth_generated_qc\HLA\HLA2021.WTH,wet_year;nitrogen_stress_year;low_response_year,wet,HLA2021_normal_grid_S0014,pareto_balanced,2021-08-13,225,106,101,"{""sim_day"": 106.0, ""doy"": 225.0, ""topwt"": 10153.204956054688, ""grnwt"": 1420.9344482421875, ""xlai"": 3.413046360015869, ""totir"": 40.0, ""tofer"": NaN, ""swfac"": 0.0, ""nstres"": 0.0}",0.0,0.0,10153.204956054688,1420.9344482421875,3.413046360015869,40.0,,0.0,0.0,40.0,150.0,-7.232119750976558,8.767880249023442,Leave_One_experiments/all_year_offline_schedule_search/daily_outputs/HLA/HLA_2021_HLA2021_normal_grid_S0014_daily.csv
HLA,HLA,Hailun,2021,Leave_One_experiments\wth_generated_qc\HLA\HLA2021.WTH,wet_year;nitrogen_stress_year;low_response_year,wet,HLA2021_normal_grid_S0014,pareto_balanced,2021-08-14,226,107,102,"{""sim_day"": 107.0, ""doy"": 226.0, ""topwt"": 10282.38037109375, ""grnwt"": 1550.110321044922, ""xlai"": 3.3819093704223637, ""totir"": 40.0, ""tofer"": NaN, ""swfac"": 0.0, ""nstres"": 0.0}",0.0,0.0,10282.38037109375,1550.110321044922,3.3819093704223637,40.0,,0.0,0.0,40.0,150.0,-7.232119750976558,8.767880249023442,Leave_One_experiments/all_year_offline_schedule_search/daily_outputs/HLA/HLA_2021_HLA2021_normal_grid_S0014_daily.csv
HLA,HLA,Hailun,2021,Leave_One_experiments\wth_generated_qc\HLA\HLA2021.WTH,wet_year;nitrogen_stress_year;low_response_year,wet,HLA2021_normal_grid_S0014,pareto_balanced,2021-08-15,227,108,103,"{""sim_day"": 108.0, ""doy"": 227.0, ""topwt"": 10411.5576171875, ""grnwt"": 1679.2861938476562, ""xlai"": 3.3490912914276123, ""totir"": 40.0, ""tofer"": NaN, ""swfac"": 0.0, ""nstres"": 0.0}",0.0,0.0,10411.5576171875,1679.2861938476562,3.3490912914276123,40.0,,0.0,0.0,40.0,150.0,-7.232119750976558,8.767880249023442,Leave_One_experiments/all_year_offline_schedule_search/daily_outputs/HLA/HLA_2021_HLA2021_normal_grid_S0014_daily.csv
HLA,HLA,Hailun,2021,Leave_One_experiments\wth_generated_qc\HLA\HLA2021.WTH,wet_year;nitrogen_stress_year;low_response_year,wet,HLA2021_normal_grid_S0014,pareto_balanced,2021-08-16,228,109,104,"{""sim_day"": 109.0, ""doy"": 228.0, ""topwt"": 10540.733642578123, ""grnwt"": 1808.4622192382808, ""xlai"": 3.310251951217652, ""totir"": 40.0, ""tofer"": NaN, ""swfac"": 0.0, ""nstres"": 0.0023820400238037}",0.0,0.0023820400238037,10540.733642578123,1808.4622192382808,3.310251951217652,40.0,,0.0,0.0,40.0,150.0,-7.232119750976558,8.767880249023442,Leave_One_experiments/all_year_offline_schedule_search/daily_outputs/HLA/HLA_2021_HLA2021_normal_grid_S0014_daily.csv
HLA,HLA,Hailun,2021,Leave_One_experiments\wth_generated_qc\HLA\HLA2021.WTH,wet_year;nitrogen_stress_year;low_response_year,wet,HLA2021_normal_grid_S0014,pareto_balanced,2021-08-17,229,110,105,"{""sim_day"": 110.0, ""doy"": 229.0, ""topwt"": 10669.908447265623, ""grnwt"": 1937.638092041016, ""xlai"": 3.2674572467803955, ""totir"": 40.0, ""tofer"": NaN, ""swfac"": 0.0, ""nstres"": 0.0073636770248413}",0.0,0.0073636770248413,10669.908447265623,1937.638092041016,3.2674572467803955,40.0,,0.0,0.0,40.0,150.0,-7.232119750976558,8.767880249023442,Leave_One_experiments/all_year_offline_schedule_search/daily_outputs/HLA/HLA_2021_HLA2021_normal_grid_S0014_daily.csv
HLA,HLA,Hailun,2021,Leave_One_experiments\wth_generated_qc\HLA\HLA2021.WTH,wet_year;nitrogen_stress_year;low_response_year,wet,HLA2021_normal_grid_S0014,pareto_balanced,2021-08-18,230,111,106,"{""sim_day"": 111.0, ""doy"": 230.0, ""topwt"": 10799.08447265625, ""grnwt"": 2066.81396484375, ""xlai"": 3.2155447006225586, ""totir"": 40.0, ""tofer"": NaN, ""swfac"": 0.0, ""nstres"": 0.0113022327423095}",0.0,0.0113022327423095,10799.08447265625,2066.81396484375,3.2155447006225586,40.0,,0.0,0.0,40.0,150.0,-7.232119750976558,8.767880249023442,Leave_One_experiments/all_year_offline_schedule_search/daily_outputs/HLA/HLA_2021_HLA2021_normal_grid_S0014_daily.csv
HLA,HLA,Hailun,2021,Leave_One_experiments\wth_generated_qc\HLA\HLA2021.WTH,wet_year;nitrogen_stress_year;low_response_year,wet,HLA2021_normal_grid_S0014,pareto_balanced,2021-08-19,231,112,107,"{""sim_day"": 112.0, ""doy"": 231.0, ""topwt"": 10928.260498046877, ""grnwt"": 2195.989990234375, ""xlai"": 3.156289339065552, ""totir"": 40.0, ""tofer"": NaN, ""swfac"": 0.0, ""nstres"": 0.0149276256561279}",0.0,0.0149276256561279,10928.260498046877,2195.989990234375,3.156289339065552,40.0,,0.0,0.0,40.0,150.0,-7.232119750976558,8.767880249023442,Leave_One_experiments/all_year_offline_schedule_search/daily_outputs/HLA/HLA_2021_HLA2021_normal_grid_S0014_daily.csv
HLA,HLA,Hailun,2021,Leave_One_experiments\wth_generated_qc\HLA\HLA2021.WTH,wet_year;nitrogen_stress_year;low_response_year,wet,HLA2021_normal_grid_S0014,pareto_balanced,2021-08-20,232,113,108,"{""sim_day"": 113.0, ""doy"": 232.0, ""topwt"": 11033.681640625, ""grnwt"": 2325.166015625, ""xlai"": 3.1062920093536377, ""totir"": 40.0, ""tofer"": NaN, ""swfac"": 0.0, ""nstres"": 0.0216208696365356}",0.0,0.0216208696365356,11033.681640625,2325.166015625,3.1062920093536377,40.0,,0.0,0.0,40.0,150.0,-7.232119750976558,8.767880249023442,Leave_One_experiments/all_year_offline_schedule_search/daily_outputs/HLA/HLA_2021_HLA2021_normal_grid_S0014_daily.csv
HLA,HLA,Hailun,2021,Leave_One_experiments\wth_generated_qc\HLA\HLA2021.WTH,wet_year;nitrogen_stress_year;low_response_year,wet,HLA2021_normal_grid_S0014,pareto_balanced,2021-08-21,233,114,109,"{""sim_day"": 114.0, ""doy"": 233.0, ""topwt"": 11106.163330078123, ""grnwt"": 2454.3418884277344, ""xlai"": 3.060598850250244, ""totir"": 40.0, ""tofer"": NaN, ""swfac"": 0.0, ""nstres"": 0.0299673080444335}",0.0,0.0299673080444335,11106.163330078123,2454.3418884277344,3.060598850250244,40.0,,0.0,0.0,40.0,150.0,-7.232119750976558,8.767880249023442,Leave_One_experiments/all_year_offline_schedule_search/daily_outputs/HLA/HLA_2021_HLA2021_normal_grid_S0014_daily.csv
HLA,HLA,Hailun,2021,Leave_One_experiments\wth_generated_qc\HLA\HLA2021.WTH,wet_year;nitrogen_stress_year;low_response_year,wet,HLA2021_normal_grid_S0014,pareto_balanced,2021-08-22,234,115,110,"{""sim_day"": 115.0, ""doy"": 234.0, ""topwt"": 11315.78857421875, ""grnwt"": 2583.5177612304688, ""xlai"": 3.0033624172210693, ""totir"": 40.0, ""tofer"": NaN, ""swfac"": 0.0, ""nstres"": 0.034942626953125}",0.0,0.034942626953125,11315.78857421875,2583.5177612304688,3.0033624172210693,40.0,,0.0,0.0,40.0,150.0,-7.232119750976558,8.767880249023442,Leave_One_experiments/all_year_offline_schedule_search/daily_outputs/HLA/HLA_2021_HLA2021_normal_grid_S0014_daily.csv
HLA,HLA,Hailun,2021,Leave_One_experiments\wth_generated_qc\HLA\HLA2021.WTH,wet_year;nitrogen_stress_year;low_response_year,wet,HLA2021_normal_grid_S0014,pareto_balanced,2021-08-23,235,116,111,"{""sim_day"": 116.0, ""doy"": 235.0, ""topwt"": 11444.964599609377, ""grnwt"": 2712.6937866210938, ""xlai"": 2.943575620651245, ""totir"": 40.0, ""tofer"": NaN, ""swfac"": 0.0, ""nstres"": 0.037161111831665}",0.0,0.037161111831665,11444.964599609377,2712.6937866210938,2.943575620651245,40.0,,0.0,0.0,40.0,150.0,-7.232119750976558,8.767880249023442,Leave_One_experiments/all_year_offline_schedule_search/daily_outputs/HLA/HLA_2021_HLA2021_normal_grid_S0014_daily.csv
HLA,HLA,Hailun,2021,Leave_One_experiments\wth_generated_qc\HLA\HLA2021.WTH,wet_year;nitrogen_stress_year;low_response_year,wet,HLA2021_normal_grid_S0014,pareto_balanced,2021-08-24,236,117,112,"{""sim_day"": 117.0, ""doy"": 236.0, ""topwt"": 11574.140625, ""grnwt"": 2841.8698120117188, ""xlai"": 2.8773632049560547, ""totir"": 40.0, ""tofer"": NaN, ""swfac"": 0.0, ""nstres"": 0.0531435012817382}",0.0,0.0531435012817382,11574.140625,2841.8698120117188,2.8773632049560547,40.0,,0.0,0.0,40.0,150.0,-7.232119750976558,8.767880249023442,Leave_One_experiments/all_year_offline_schedule_search/daily_outputs/HLA/HLA_2021_HLA2021_normal_grid_S0014_daily.csv
HLA,HLA,Hailun,2021,Leave_One_experiments\wth_generated_qc\HLA\HLA2021.WTH,wet_year;nitrogen_stress_year;low_response_year,wet,HLA2021_normal_grid_S0014,pareto_balanced,2021-08-25,237,118,113,"{""sim_day"": 118.0, ""doy"": 237.0, ""topwt"": 11703.316650390623, ""grnwt"": 2971.0455322265625, ""xlai"": 2.817178010940552, ""totir"": 40.0, ""tofer"": NaN, ""swfac"": 0.0, ""nstres"": 0.0626163482666015}",0.0,0.0626163482666015,11703.316650390623,2971.0455322265625,2.817178010940552,40.0,,0.0,0.0,40.0,150.0,-7.232119750976558,8.767880249023442,Leave_One_experiments/all_year_offline_schedule_search/daily_outputs/HLA/HLA_2021_HLA2021_normal_grid_S0014_daily.csv
HLA,HLA,Hailun,2021,Leave_One_experiments\wth_generated_qc\HLA\HLA2021.WTH,wet_year;nitrogen_stress_year;low_response_year,wet,HLA2021_normal_grid_S0014,pareto_balanced,2021-08-26,238,119,114,"{""sim_day"": 119.0, ""doy"": 238.0, ""topwt"": 11832.49267578125, ""grnwt"": 3100.2215576171875, ""xlai"": 2.753105878829956, ""totir"": 40.0, ""tofer"": NaN, ""swfac"": 0.0, ""nstres"": 0.0719097256660461}",0.0,0.0719097256660461,11832.49267578125,3100.2215576171875,2.753105878829956,40.0,,0.0,0.0,40.0,150.0,-7.232119750976558,8.767880249023442,Leave_One_experiments/all_year_offline_schedule_search/daily_outputs/HLA/HLA_2021_HLA2021_normal_grid_S0014_daily.csv
HLA,HLA,Hailun,2021,Leave_One_experiments\wth_generated_qc\HLA\HLA2021.WTH,wet_year;nitrogen_stress_year;low_response_year,wet,HLA2021_normal_grid_S0014,pareto_balanced,2021-08-27,239,120,115,"{""sim_day"": 120.0, ""doy"": 239.0, ""topwt"": 11961.668701171877, ""grnwt"": 3229.3975830078125, ""xlai"": 2.6937592029571533, ""totir"": 40.0, ""tofer"": NaN, ""swfac"": 0.0, ""nstres"": 0.0827556848526001}",0.0,0.0827556848526001,11961.668701171877,3229.3975830078125,2.6937592029571533,40.0,,0.0,0.0,40.0,150.0,-7.232119750976558,8.767880249023442,Leave_One_experiments/all_year_offline_schedule_search/daily_outputs/HLA/HLA_2021_HLA2021_normal_grid_S0014_daily.csv
HLA,HLA,Hailun,2021,Leave_One_experiments\wth_generated_qc\HLA\HLA2021.WTH,wet_year;nitrogen_stress_year;low_response_year,wet,HLA2021_normal_grid_S0014,pareto_balanced,2021-08-28,240,121,116,"{""sim_day"": 121.0, ""doy"": 240.0, ""topwt"": 12080.386962890623, ""grnwt"": 3348.116455078125, ""xlai"": 2.6497721672058105, ""totir"": 40.0, ""tofer"": NaN, ""swfac"": 0.0, ""nstres"": 0.0955703258514404}",0.0,0.0955703258514404,12080.386962890623,3348.116455078125,2.6497721672058105,40.0,,0.0,0.0,40.0,150.0,-7.232119750976558,8.767880249023442,Leave_One_experiments/all_year_offline_schedule_search/daily_outputs/HLA/HLA_2021_HLA2021_normal_grid_S0014_daily.csv
HLA,HLA,Hailun,2021,Leave_One_experiments\wth_generated_qc\HLA\HLA2021.WTH,wet_year;nitrogen_stress_year;low_response_year,wet,HLA2021_normal_grid_S0014,pareto_balanced,2021-08-29,241,122,117,"{""sim_day"": 122.0, ""doy"": 241.0, ""topwt"": 12170.1953125, ""grnwt"": 3437.924194335937, ""xlai"": 2.613837957382202, ""totir"": 40.0, ""tofer"": NaN, ""swfac"": 0.0, ""nstres"": 0.1084896326065063}",0.0,0.1084896326065063,12170.1953125,3437.924194335937,2.613837957382202,40.0,,0.0,0.0,40.0,150.0,-7.232119750976558,8.767880249023442,Leave_One_experiments/all_year_offline_schedule_search/daily_outputs/HLA/HLA_2021_HLA2021_normal_grid_S0014_daily.csv
HLA,HLA,Hailun,2021,Leave_One_experiments\wth_generated_qc\HLA\HLA2021.WTH,wet_year;nitrogen_stress_year;low_response_year,wet,HLA2021_normal_grid_S0014,pareto_balanced,2021-08-30,242,123,118,"{""sim_day"": 123.0, ""doy"": 242.0, ""topwt"": 12298.140869140623, ""grnwt"": 3565.8697509765625, ""xlai"": 2.5666513442993164, ""totir"": 40.0, ""tofer"": NaN, ""swfac"": 0.0, ""nstres"": 0.1157172918319702}",0.0,0.1157172918319702,12298.140869140623,3565.8697509765625,2.5666513442993164,40.0,,0.0,0.0,40.0,150.0,-7.232119750976558,8.767880249023442,Leave_One_experiments/all_year_offline_schedule_search/daily_outputs/HLA/HLA_2021_HLA2021_normal_grid_S0014_daily.csv
HLA,HLA,Hailun,2021,Leave_One_experiments\wth_generated_qc\HLA\HLA2021.WTH,wet_year;nitrogen_stress_year;low_response_year,wet,HLA2021_normal_grid_S0014,pareto_balanced,2021-08-31,243,124,119,"{""sim_day"": 124.0, ""doy"": 243.0, ""topwt"": 12427.31689453125, ""grnwt"": 3695.045776367188, ""xlai"": 2.4857423305511475, ""totir"": 40.0, ""tofer"": NaN, ""swfac"": 0.0, ""nstres"": 0.1254023313522339}",0.0,0.1254023313522339,12427.31689453125,3695.045776367188,2.4857423305511475,40.0,,0.0,0.0,40.0,150.0,-7.232119750976558,8.767880249023442,Leave_One_experiments/all_year_offline_schedule_search/daily_outputs/HLA/HLA_2021_HLA2021_normal_grid_S0014_daily.csv
HLA,HLA,Hailun,2021,Leave_One_experiments\wth_generated_qc\HLA\HLA2021.WTH,wet_year;nitrogen_stress_year;low_response_year,wet,HLA2021_normal_grid_S0014,pareto_balanced,2021-09-01,244,125,120,"{""sim_day"": 125.0, ""doy"": 244.0, ""topwt"": 12556.492919921877, ""grnwt"": 3824.221801757813, ""xlai"": 2.402376890182495, ""totir"": 40.0, ""tofer"": NaN, ""swfac"": 0.0, ""nstres"": 0.1356392502784729}",0.0,0.1356392502784729,12556.492919921877,3824.221801757813,2.402376890182495,40.0,,0.0,0.0,40.0,150.0,-7.232119750976558,8.767880249023442,Leave_One_experiments/all_year_offline_schedule_search/daily_outputs/HLA/HLA_2021_HLA2021_normal_grid_S0014_daily.csv
HLA,HLA,Hailun,2021,Leave_One_experiments\wth_generated_qc\HLA\HLA2021.WTH,wet_year;nitrogen_stress_year;low_response_year,wet,HLA2021_normal_grid_S0014,pareto_balanced,2021-09-02,245,126,121,"{""sim_day"": 126.0, ""doy"": 245.0, ""topwt"": 12685.667724609377, ""grnwt"": 3953.3978271484375, ""xlai"": 2.3068182468414307, ""totir"": 40.0, ""tofer"": NaN, ""swfac"": 0.0, ""nstres"": 0.1455422043800354}",0.0,0.1455422043800354,12685.667724609377,3953.3978271484375,2.3068182468414307,40.0,,0.0,0.0,40.0,150.0,-7.232119750976558,8.767880249023442,Leave_One_experiments/all_year_offline_schedule_search/daily_outputs/HLA/HLA_2021_HLA2021_normal_grid_S0014_daily.csv
HLA,HLA,Hailun,2021,Leave_One_experiments\wth_generated_qc\HLA\HLA2021.WTH,wet_year;nitrogen_stress_year;low_response_year,wet,HLA2021_normal_grid_S0014,pareto_balanced,2021-09-03,246,127,122,"{""sim_day"": 127.0, ""doy"": 246.0, ""topwt"": 12814.84375, ""grnwt"": 4082.5738525390634, ""xlai"": 2.1969573497772217, ""totir"": 40.0, ""tofer"": NaN, ""swfac"": 0.0, ""nstres"": 0.155003547668457}",0.0,0.155003547668457,12814.84375,4082.5738525390634,2.1969573497772217,40.0,,0.0,0.0,40.0,150.0,-7.232119750976558,8.767880249023442,Leave_One_experiments/all_year_offline_schedule_search/daily_outputs/HLA/HLA_2021_HLA2021_normal_grid_S0014_daily.csv
HLA,HLA,Hailun,2021,Leave_One_experiments\wth_generated_qc\HLA\HLA2021.WTH,wet_year;nitrogen_stress_year;low_response_year,wet,HLA2021_normal_grid_S0014,pareto_balanced,2021-09-04,247,128,123,"{""sim_day"": 128.0, ""doy"": 247.0, ""topwt"": 12944.0185546875, ""grnwt"": 4211.749572753906, ""xlai"": 2.0855000019073486, ""totir"": 40.0, ""tofer"": NaN, ""swfac"": 0.0, ""nstres"": 0.165050983428955}",0.0,0.165050983428955,12944.0185546875,4211.749572753906,2.0855000019073486,40.0,,0.0,0.0,40.0,150.0,-7.232119750976558,8.767880249023442,Leave_One_experiments/all_year_offline_schedule_search/daily_outputs/HLA/HLA_2021_HLA2021_normal_grid_S0014_daily.csv
HLA,HLA,Hailun,2021,Leave_One_experiments\wth_generated_qc\HLA\HLA2021.WTH,wet_year;nitrogen_stress_year;low_response_year,wet,HLA2021_normal_grid_S0014,pareto_balanced,2021-09-05,248,129,124,"{""sim_day"": 129.0, ""doy"": 248.0, ""topwt"": 13073.194580078123, ""grnwt"": 4340.925598144531, ""xlai"": 1.9799383878707888, ""totir"": 40.0, ""tofer"": NaN, ""swfac"": 0.0, ""nstres"": 0.1761211156845092}",0.0,0.1761211156845092,13073.194580078123,4340.925598144531,1.9799383878707888,40.0,,0.0,0.0,40.0,150.0,-7.232119750976558,8.767880249023442,Leave_One_experiments/all_year_offline_schedule_search/daily_outputs/HLA/HLA_2021_HLA2021_normal_grid_S0014_daily.csv
HLA,HLA,Hailun,2021,Leave_One_experiments\wth_generated_qc\HLA\HLA2021.WTH,wet_year;nitrogen_stress_year;low_response_year,wet,HLA2021_normal_grid_S0014,pareto_balanced,2021-09-06,249,130,125,"{""sim_day"": 130.0, ""doy"": 249.0, ""topwt"": 13148.436279296877, ""grnwt"": 4470.101623535156, ""xlai"": 1.8934358358383176, ""totir"": 40.0, ""tofer"": NaN, ""swfac"": 0.0, ""nstres"": 0.1887935400009155}",0.0,0.1887935400009155,13148.436279296877,4470.101623535156,1.8934358358383176,40.0,,0.0,0.0,40.0,150.0,-7.232119750976558,8.767880249023442,Leave_One_experiments/all_year_offline_schedule_search/daily_outputs/HLA/HLA_2021_HLA2021_normal_grid_S0014_daily.csv
HLA,HLA,Hailun,2021,Leave_One_experiments\wth_generated_qc\HLA\HLA2021.WTH,wet_year;nitrogen_stress_year;low_response_year,wet,HLA2021_normal_grid_S0014,pareto_balanced,2021-09-07,250,131,126,"{""sim_day"": 131.0, ""doy"": 250.0, ""topwt"": 13331.54541015625, ""grnwt"": 4599.27734375, ""xlai"": 1.818964958190918, ""totir"": 40.0, ""tofer"": NaN, ""swfac"": 0.0, ""nstres"": 0.2070383429527282}",0.0,0.2070383429527282,13331.54541015625,4599.27734375,1.818964958190918,40.0,,0.0,0.0,40.0,150.0,-7.232119750976558,8.767880249023442,Leave_One_experiments/all_year_offline_schedule_search/daily_outputs/HLA/HLA_2021_HLA2021_normal_grid_S0014_daily.csv
HLA,HLA,Hailun,2021,Leave_One_experiments\wth_generated_qc\HLA\HLA2021.WTH,wet_year;nitrogen_stress_year;low_response_year,wet,HLA2021_normal_grid_S0014,pareto_balanced,2021-09-08,251,132,127,"{""sim_day"": 132.0, ""doy"": 251.0, ""topwt"": 13408.326416015623, ""grnwt"": 4728.453369140625, ""xlai"": 1.7395530939102173, ""totir"": 40.0, ""tofer"": NaN, ""swfac"": 0.0, ""nstres"": 0.2327174544334411}",0.0,0.2327174544334411,13408.326416015623,4728.453369140625,1.7395530939102173,40.0,,0.0,0.0,40.0,150.0,-7.232119750976558,8.767880249023442,Leave_One_experiments/all_year_offline_schedule_search/daily_outputs/HLA/HLA_2021_HLA2021_normal_grid_S0014_daily.csv
HLA,HLA,Hailun,2021,Leave_One_experiments\wth_generated_qc\HLA\HLA2021.WTH,wet_year;nitrogen_stress_year;low_response_year,wet,HLA2021_normal_grid_S0014,pareto_balanced,2021-09-09,252,133,128,"{""sim_day"": 133.0, ""doy"": 252.0, ""topwt"": 13547.113037109377, ""grnwt"": 4855.78369140625, ""xlai"": 1.6633036136627195, ""totir"": 40.0, ""tofer"": NaN, ""swfac"": 0.0, ""nstres"": 0.2881413102149963}",0.0,0.2881413102149963,13547.113037109377,4855.78369140625,1.6633036136627195,40.0,,0.0,0.0,40.0,150.0,-7.232119750976558,8.767880249023442,Leave_One_experiments/all_year_offline_schedule_search/daily_outputs/HLA/HLA_2021_HLA2021_normal_grid_S0014_daily.csv
HLA,HLA,Hailun,2021,Leave_One_experiments\wth_generated_qc\HLA\HLA2021.WTH,wet_year;nitrogen_stress_year;low_response_year,wet,HLA2021_normal_grid_S0014,pareto_balanced,2021-09-10,253,134,129,"{""sim_day"": 134.0, ""doy"": 253.0, ""topwt"": 13633.74267578125, ""grnwt"": 4933.2891845703125, ""xlai"": 1.6135114431381226, ""totir"": 40.0, ""tofer"": NaN, ""swfac"": 0.0, ""nstres"": 0.3184578418731689}",0.0,0.3184578418731689,13633.74267578125,4933.2891845703125,1.6135114431381226,40.0,,0.0,0.0,40.0,150.0,-7.232119750976558,8.767880249023442,Leave_One_experiments/all_year_offline_schedule_search/daily_outputs/HLA/HLA_2021_HLA2021_normal_grid_S0014_daily.csv
HLA,HLA,Hailun,2021,Leave_One_experiments\wth_generated_qc\HLA\HLA2021.WTH,wet_year;nitrogen_stress_year;low_response_year,wet,HLA2021_normal_grid_S0014,pareto_balanced,2021-09-11,254,135,130,"{""sim_day"": 135.0, ""doy"": 254.0, ""topwt"": 13759.0576171875, ""grnwt"": 5026.788024902344, ""xlai"": 1.5634636878967283, ""totir"": 40.0, ""tofer"": NaN, ""swfac"": 0.0, ""nstres"": 0.3444302678108215}",0.0,0.3444302678108215,13759.0576171875,5026.788024902344,1.5634636878967283,40.0,,0.0,0.0,40.0,150.0,-7.232119750976558,8.767880249023442,Leave_One_experiments/all_year_offline_schedule_search/daily_outputs/HLA/HLA_2021_HLA2021_normal_grid_S0014_daily.csv
HLA,HLA,Hailun,2021,Leave_One_experiments\wth_generated_qc\HLA\HLA2021.WTH,wet_year;nitrogen_stress_year;low_response_year,wet,HLA2021_normal_grid_S0014,pareto_balanced,2021-09-12,255,136,131,"{""sim_day"": 136.0, ""doy"": 255.0, ""topwt"": 13759.0576171875, ""grnwt"": 5026.788024902344, ""xlai"": 1.5634636878967283, ""totir"": 40.0, ""tofer"": NaN, ""swfac"": 0.0, ""nstres"": 0.3762831091880798}",0.0,0.3762831091880798,13759.0576171875,5026.788024902344,1.5634636878967283,40.0,,0.0,0.0,40.0,150.0,-7.232119750976558,8.767880249023442,Leave_One_experiments/all_year_offline_schedule_search/daily_outputs/HLA/HLA_2021_HLA2021_normal_grid_S0014_daily.csv
HLA,HLA,Hailun,2021,Leave_One_experiments\wth_generated_qc\HLA\HLA2021.WTH,wet_year;nitrogen_stress_year;low_response_year,wet,HLA2021_normal_grid_S0014,pareto_balanced,2021-09-13,256,137,132,"{""sim_day"": 137.0, ""doy"": 256.0, ""topwt"": 13759.0576171875, ""grnwt"": 5026.788024902344, ""xlai"": 1.5634636878967283, ""totir"": 40.0, ""tofer"": NaN, ""swfac"": 0.0, ""nstres"": 0.3762831091880798}",0.0,0.3762831091880798,13759.0576171875,5026.788024902344,1.5634636878967283,40.0,,0.0,0.0,40.0,150.0,-7.232119750976558,8.767880249023442,Leave_One_experiments/all_year_offline_schedule_search/daily_outputs/HLA/HLA_2021_HLA2021_normal_grid_S0014_daily.csv
HLA,HLA,Hailun,2021,Leave_One_experiments\wth_generated_qc\HLA\HLA2021.WTH,wet_year;nitrogen_stress_year;low_response_year,wet,HLA2021_normal_grid_S0014,pareto_balanced,2021-09-14,257,138,133,"{""sim_day"": 138.0, ""doy"": 257.0, ""topwt"": 13759.0576171875, ""grnwt"": 5026.788024902344, ""xlai"": 1.5634636878967283, ""totir"": 40.0, ""tofer"": NaN, ""swfac"": 0.0, ""nstres"": 0.3762831091880798}",0.0,0.3762831091880798,13759.0576171875,5026.788024902344,1.5634636878967283,40.0,,0.0,0.0,40.0,150.0,-7.232119750976558,8.767880249023442,Leave_One_experiments/all_year_offline_schedule_search/daily_outputs/HLA/HLA_2021_HLA2021_normal_grid_S0014_daily.csv
HLA,HLA,Hailun,2021,Leave_One_experiments\wth_generated_qc\HLA\HLA2021.WTH,wet_year;nitrogen_stress_year;low_response_year,wet,HLA2021_normal_grid_S0014,pareto_balanced,2021-09-15,258,139,134,"{""sim_day"": 139.0, ""doy"": 258.0, ""topwt"": 13759.0576171875, ""grnwt"": 5026.788024902344, ""xlai"": 1.5634636878967283, ""totir"": 40.0, ""tofer"": NaN, ""swfac"": 0.0, ""nstres"": 0.3762831091880798}",0.0,0.3762831091880798,13759.0576171875,5026.788024902344,1.5634636878967283,40.0,,0.0,0.0,40.0,150.0,-7.232119750976558,8.767880249023442,Leave_One_experiments/all_year_offline_schedule_search/daily_outputs/HLA/HLA_2021_HLA2021_normal_grid_S0014_daily.csv
HLA,HLA,Hailun,2021,Leave_One_experiments\wth_generated_qc\HLA\HLA2021.WTH,wet_year;nitrogen_stress_year;low_response_year,wet,HLA2021_normal_grid_S0014,pareto_balanced,2021-09-16,259,140,135,"{""sim_day"": 140.0, ""doy"": 259.0, ""topwt"": 13759.0576171875, ""grnwt"": 5026.788024902344, ""xlai"": 1.5634636878967283, ""totir"": 40.0, ""tofer"": NaN, ""swfac"": 0.0, ""nstres"": 0.3762831091880798}",0.0,0.3762831091880798,13759.0576171875,5026.788024902344,1.5634636878967283,40.0,,0.0,0.0,40.0,150.0,-7.232119750976558,8.767880249023442,Leave_One_experiments/all_year_offline_schedule_search/daily_outputs/HLA/HLA_2021_HLA2021_normal_grid_S0014_daily.csv
HLA,HLA,Hailun,2021,Leave_One_experiments\wth_generated_qc\HLA\HLA2021.WTH,wet_year;nitrogen_stress_year;low_response_year,wet,HLA2021_normal_grid_S0028,pareto_balanced,2021-05-05,125,1,1,"{""sim_day"": 1.0, ""doy"": 125.0, ""topwt"": 0.0, ""grnwt"": 0.0, ""xlai"": 0.0, ""totir"": 0.0, ""tofer"": NaN, ""swfac"": 0.0, ""nstres"": 0.0}",0.0,0.0,0.0,0.0,0.0,0.0,,0.0,80.0,0.0,180.0,5.7235870361328125,5.7235870361328125,Leave_One_experiments/all_year_offline_schedule_search/daily_outputs/HLA/HLA_2021_HLA2021_normal_grid_S0028_daily.csv
HLA,HLA,Hailun,2021,Leave_One_experiments\wth_generated_qc\HLA\HLA2021.WTH,wet_year;nitrogen_stress_year;low_response_year,wet,HLA2021_normal_grid_S0028,pareto_balanced,2021-05-06,126,2,2,"{""sim_day"": 2.0, ""doy"": 126.0, ""topwt"": 0.0, ""grnwt"": 0.0, ""xlai"": 0.0, ""totir"": 0.0, ""tofer"": NaN, ""swfac"": 0.0, ""nstres"": 0.0}",0.0,0.0,0.0,0.0,0.0,0.0,,0.0,0.0,0.0,180.0,5.7235870361328125,5.7235870361328125,Leave_One_experiments/all_year_offline_schedule_search/daily_outputs/HLA/HLA_2021_HLA2021_normal_grid_S0028_daily.csv
HLA,HLA,Hailun,2021,Leave_One_experiments\wth_generated_qc\HLA\HLA2021.WTH,wet_year;nitrogen_stress_year;low_response_year,wet,HLA2021_normal_grid_S0028,pareto_balanced,2021-05-07,127,3,3,"{""sim_day"": 3.0, ""doy"": 127.0, ""topwt"": 0.0, ""grnwt"": 0.0, ""xlai"": 0.0, ""totir"": 0.0, ""tofer"": NaN, ""swfac"": 0.0, ""nstres"": 0.0}",0.0,0.0,0.0,0.0,0.0,0.0,,0.0,0.0,0.0,180.0,5.7235870361328125,5.7235870361328125,Leave_One_experiments/all_year_offline_schedule_search/daily_outputs/HLA/HLA_2021_HLA2021_normal_grid_S0028_daily.csv
HLA,HLA,Hailun,2021,Leave_One_experiments\wth_generated_qc\HLA\HLA2021.WTH,wet_year;nitrogen_stress_year;low_response_year,wet,HLA2021_normal_grid_S0028,pareto_balanced,2021-05-08,128,4,4,"{""sim_day"": 4.0, ""doy"": 128.0, ""topwt"": 0.0, ""grnwt"": 0.0, ""xlai"": 0.0, ""totir"": 0.0, ""tofer"": NaN, ""swfac"": 0.0, ""nstres"": 0.0}",0.0,0.0,0.0,0.0,0.0,0.0,,0.0,0.0,0.0,180.0,5.7235870361328125,5.7235870361328125,Leave_One_experiments/all_year_offline_schedule_search/daily_outputs/HLA/HLA_2021_HLA2021_normal_grid_S0028_daily.csv
HLA,HLA,Hailun,2021,Leave_One_experiments\wth_generated_qc\HLA\HLA2021.WTH,wet_year;nitrogen_stress_year;low_response_year,wet,HLA2021_normal_grid_S0028,pareto_balanced,2021-05-09,129,5,5,"{""sim_day"": 5.0, ""doy"": 129.0, ""topwt"": 0.0, ""grnwt"": 0.0, ""xlai"": 0.0, ""totir"": 0.0, ""tofer"": NaN, ""swfac"": 0.0, ""nstres"": 0.0}",0.0,0.0,0.0,0.0,0.0,0.0,,0.0,0.0,0.0,180.0,5.7235870361328125,5.7235870361328125,Leave_One_experiments/all_year_offline_schedule_search/daily_outputs/HLA/HLA_2021_HLA2021_normal_grid_S0028_daily.csv
HLA,HLA,Hailun,2021,Leave_One_experiments\wth_generated_qc\HLA\HLA2021.WTH,wet_year;nitrogen_stress_year;low_response_year,wet,HLA2021_normal_grid_S0028,pareto_balanced,2021-05-05,125,6,1,"{""sim_day"": 6.0, ""doy"": 125.0, ""topwt"": 0.0, ""grnwt"": 0.0, ""xlai"": 0.0, ""totir"": 0.0, ""tofer"": NaN, ""swfac"": 0.0, ""nstres"": 0.0}",0.0,0.0,0.0,0.0,0.0,0.0,,0.0,0.0,0.0,180.0,5.7235870361328125,5.7235870361328125,Leave_One_experiments/all_year_offline_schedule_search/daily_outputs/HLA/HLA_2021_HLA2021_normal_grid_S0028_daily.csv
HLA,HLA,Hailun,2021,Leave_One_experiments\wth_generated_qc\HLA\HLA2021.WTH,wet_year;nitrogen_stress_year;low_response_year,wet,HLA2021_normal_grid_S0028,pareto_balanced,2021-05-06,126,7,2,"{""sim_day"": 7.0, ""doy"": 126.0, ""topwt"": 0.0, ""grnwt"": 0.0, ""xlai"": 0.0, ""totir"": 0.0, ""tofer"": NaN, ""swfac"": 0.0, ""nstres"": 0.0}",0.0,0.0,0.0,0.0,0.0,0.0,,0.0,0.0,0.0,180.0,5.7235870361328125,5.7235870361328125,Leave_One_experiments/all_year_offline_schedule_search/daily_outputs/HLA/HLA_2021_HLA2021_normal_grid_S0028_daily.csv
HLA,HLA,Hailun,2021,Leave_One_experiments\wth_generated_qc\HLA\HLA2021.WTH,wet_year;nitrogen_stress_year;low_response_year,wet,HLA2021_normal_grid_S0028,pareto_balanced,2021-05-07,127,8,3,"{""sim_day"": 8.0, ""doy"": 127.0, ""topwt"": 0.0, ""grnwt"": 0.0, ""xlai"": 0.0, ""totir"": 0.0, ""tofer"": NaN, ""swfac"": 0.0, ""nstres"": 0.0}",0.0,0.0,0.0,0.0,0.0,0.0,,0.0,0.0,0.0,180.0,5.7235870361328125,5.7235870361328125,Leave_One_experiments/all_year_offline_schedule_search/daily_outputs/HLA/HLA_2021_HLA2021_normal_grid_S0028_daily.csv
HLA,HLA,Hailun,2021,Leave_One_experiments\wth_generated_qc\HLA\HLA2021.WTH,wet_year;nitrogen_stress_year;low_response_year,wet,HLA2021_normal_grid_S0028,pareto_balanced,2021-05-08,128,9,4,"{""sim_day"": 9.0, ""doy"": 128.0, ""topwt"": 0.0, ""grnwt"": 0.0, ""xlai"": 0.0, ""totir"": 0.0, ""tofer"": NaN, ""swfac"": 0.0, ""nstres"": 0.0}",0.0,0.0,0.0,0.0,0.0,0.0,,0.0,0.0,0.0,180.0,5.7235870361328125,5.7235870361328125,Leave_One_experiments/all_year_offline_schedule_search/daily_outputs/HLA/HLA_2021_HLA2021_normal_grid_S0028_daily.csv
HLA,HLA,Hailun,2021,Leave_One_experiments\wth_generated_qc\HLA\HLA2021.WTH,wet_year;nitrogen_stress_year;low_response_year,wet,HLA2021_normal_grid_S0028,pareto_balanced,2021-05-09,129,10,5,"{""sim_day"": 10.0, ""doy"": 129.0, ""topwt"": 0.0, ""grnwt"": 0.0, ""xlai"": 0.0, ""totir"": 0.0, ""tofer"": NaN, ""swfac"": 0.0, ""nstres"": 0.0}",0.0,0.0,0.0,0.0,0.0,0.0,,0.0,0.0,0.0,180.0,5.7235870361328125,5.7235870361328125,Leave_One_experiments/all_year_offline_schedule_search/daily_outputs/HLA/HLA_2021_HLA2021_normal_grid_S0028_daily.csv
HLA,HLA,Hailun,2021,Leave_One_experiments\wth_generated_qc\HLA\HLA2021.WTH,wet_year;nitrogen_stress_year;low_response_year,wet,HLA2021_normal_grid_S0028,pareto_balanced,2021-05-10,130,11,6,"{""sim_day"": 11.0, ""doy"": 130.0, ""topwt"": 0.0, ""grnwt"": 0.0, ""xlai"": 0.0, ""totir"": 0.0, ""tofer"": NaN, ""swfac"": 0.0, ""nstres"": 0.0}",0.0,0.0,0.0,0.0,0.0,0.0,,0.0,0.0,0.0,180.0,5.7235870361328125,5.7235870361328125,Leave_One_experiments/all_year_offline_schedule_search/daily_outputs/HLA/HLA_2021_HLA2021_normal_grid_S0028_daily.csv
HLA,HLA,Hailun,2021,Leave_One_experiments\wth_generated_qc\HLA\HLA2021.WTH,wet_year;nitrogen_stress_year;low_response_year,wet,HLA2021_normal_grid_S0028,pareto_balanced,2021-05-11,131,12,7,"{""sim_day"": 12.0, ""doy"": 131.0, ""topwt"": 0.0, ""grnwt"": 0.0, ""xlai"": 0.0, ""totir"": 0.0, ""tofer"": NaN, ""swfac"": 0.0, ""nstres"": 0.0}",0.0,0.0,0.0,0.0,0.0,0.0,,0.0,0.0,0.0,180.0,5.7235870361328125,5.7235870361328125,Leave_One_experiments/all_year_offline_schedule_search/daily_outputs/HLA/HLA_2021_HLA2021_normal_grid_S0028_daily.csv
HLA,HLA,Hailun,2021,Leave_One_experiments\wth_generated_qc\HLA\HLA2021.WTH,wet_year;nitrogen_stress_year;low_response_year,wet,HLA2021_normal_grid_S0028,pareto_balanced,2021-05-12,132,13,8,"{""sim_day"": 13.0, ""doy"": 132.0, ""topwt"": 0.0, ""grnwt"": 0.0, ""xlai"": 0.0, ""totir"": 0.0, ""tofer"": NaN, ""swfac"": 0.0, ""nstres"": 0.0}",0.0,0.0,0.0,0.0,0.0,0.0,,0.0,0.0,0.0,180.0,5.7235870361328125,5.7235870361328125,Leave_One_experiments/all_year_offline_schedule_search/daily_outputs/HLA/HLA_2021_HLA2021_normal_grid_S0028_daily.csv
HLA,HLA,Hailun,2021,Leave_One_experiments\wth_generated_qc\HLA\HLA2021.WTH,wet_year;nitrogen_stress_year;low_response_year,wet,HLA2021_normal_grid_S0028,pareto_balanced,2021-05-13,133,14,9,"{""sim_day"": 14.0, ""doy"": 133.0, ""topwt"": 0.0, ""grnwt"": 0.0, ""xlai"": 0.0, ""totir"": 0.0, ""tofer"": NaN, ""swfac"": 0.0, ""nstres"": 0.0}",0.0,0.0,0.0,0.0,0.0,0.0,,0.0,0.0,0.0,180.0,5.7235870361328125,5.7235870361328125,Leave_One_experiments/all_year_offline_schedule_search/daily_outputs/HLA/HLA_2021_HLA2021_normal_grid_S0028_daily.csv
HLA,HLA,Hailun,2021,Leave_One_experiments\wth_generated_qc\HLA\HLA2021.WTH,wet_year;nitrogen_stress_year;low_response_year,wet,HLA2021_normal_grid_S0028,pareto_balanced,2021-05-14,134,15,10,"{""sim_day"": 15.0, ""doy"": 134.0, ""topwt"": 0.0, ""grnwt"": 0.0, ""xlai"": 0.0, ""totir"": 0.0, ""tofer"": NaN, ""swfac"": 0.0, ""nstres"": 0.0}",0.0,0.0,0.0,0.0,0.0,0.0,,0.0,0.0,0.0,180.0,5.7235870361328125,5.7235870361328125,Leave_One_experiments/all_year_offline_schedule_search/daily_outputs/HLA/HLA_2021_HLA2021_normal_grid_S0028_daily.csv
HLA,HLA,Hailun,2021,Leave_One_experiments\wth_generated_qc\HLA\HLA2021.WTH,wet_year;nitrogen_stress_year;low_response_year,wet,HLA2021_normal_grid_S0028,pareto_balanced,2021-05-15,135,16,11,"{""sim_day"": 16.0, ""doy"": 135.0, ""topwt"": 0.0, ""grnwt"": 0.0, ""xlai"": 0.0, ""totir"": 0.0, ""tofer"": NaN, ""swfac"": 0.0, ""nstres"": 0.0}",0.0,0.0,0.0,0.0,0.0,0.0,,0.0,0.0,0.0,180.0,5.7235870361328125,5.7235870361328125,Leave_One_experiments/all_year_offline_schedule_search/daily_outputs/HLA/HLA_2021_HLA2021_normal_grid_S0028_daily.csv
HLA,HLA,Hailun,2021,Leave_One_experiments\wth_generated_qc\HLA\HLA2021.WTH,wet_year;nitrogen_stress_year;low_response_year,wet,HLA2021_normal_grid_S0028,pareto_balanced,2021-05-16,136,17,12,"{""sim_day"": 17.0, ""doy"": 136.0, ""topwt"": 0.0, ""grnwt"": 0.0, ""xlai"": 0.0, ""totir"": 0.0, ""tofer"": NaN, ""swfac"": 0.0, ""nstres"": 0.0}",0.0,0.0,0.0,0.0,0.0,0.0,,0.0,0.0,0.0,180.0,5.7235870361328125,5.7235870361328125,Leave_One_experiments/all_year_offline_schedule_search/daily_outputs/HLA/HLA_2021_HLA2021_normal_grid_S0028_daily.csv
HLA,HLA,Hailun,2021,Leave_One_experiments\wth_generated_qc\HLA\HLA2021.WTH,wet_year;nitrogen_stress_year;low_response_year,wet,HLA2021_normal_grid_S0028,pareto_balanced,2021-05-17,137,18,13,"{""sim_day"": 18.0, ""doy"": 137.0, ""topwt"": 20.0, ""grnwt"": 0.0, ""xlai"": 0.0029451723676174, ""totir"": 0.0, ""tofer"": NaN, ""swfac"": 0.0, ""nstres"": 0.0121910572052001}",0.0,0.0121910572052001,20.0,0.0,0.0029451723676174,0.0,,0.0,0.0,0.0,180.0,5.7235870361328125,5.7235870361328125,Leave_One_experiments/all_year_offline_schedule_search/daily_outputs/HLA/HLA_2021_HLA2021_normal_grid_S0028_daily.csv
HLA,HLA,Hailun,2021,Leave_One_experiments\wth_generated_qc\HLA\HLA2021.WTH,wet_year;nitrogen_stress_year;low_response_year,wet,HLA2021_normal_grid_S0028,pareto_balanced,2021-05-18,138,19,14,"{""sim_day"": 19.0, ""doy"": 138.0, ""topwt"": 20.0, ""grnwt"": 0.0, ""xlai"": 0.0047085876576602, ""totir"": 0.0, ""tofer"": NaN, ""swfac"": 0.0, ""nstres"": 0.0137567520141601}",0.0,0.0137567520141601,20.0,0.0,0.0047085876576602,0.0,,0.0,0.0,0.0,180.0,5.7235870361328125,5.7235870361328125,Leave_One_experiments/all_year_offline_schedule_search/daily_outputs/HLA/HLA_2021_HLA2021_normal_grid_S0028_daily.csv
HLA,HLA,Hailun,2021,Leave_One_experiments\wth_generated_qc\HLA\HLA2021.WTH,wet_year;nitrogen_stress_year;low_response_year,wet,HLA2021_normal_grid_S0028,pareto_balanced,2021-05-19,139,20,15,"{""sim_day"": 20.0, ""doy"": 139.0, ""topwt"": 20.0, ""grnwt"": 0.0, ""xlai"": 0.0071015935391187, ""totir"": 0.0, ""tofer"": NaN, ""swfac"": 0.0, ""nstres"": 0.0091074705123901}",0.0,0.0091074705123901,20.0,0.0,0.0071015935391187,0.0,,0.0,0.0,0.0,180.0,5.7235870361328125,5.7235870361328125,Leave_One_experiments/all_year_offline_schedule_search/daily_outputs/HLA/HLA_2021_HLA2021_normal_grid_S0028_daily.csv
HLA,HLA,Hailun,2021,Leave_One_experiments\wth_generated_qc\HLA\HLA2021.WTH,wet_year;nitrogen_stress_year;low_response_year,wet,HLA2021_normal_grid_S0028,pareto_balanced,2021-05-20,140,21,16,"{""sim_day"": 21.0, ""doy"": 140.0, ""topwt"": 20.0, ""grnwt"": 0.0, ""xlai"": 0.0104569485411047, ""totir"": 0.0, ""tofer"": NaN, ""swfac"": 0.0, ""nstres"": 0.003299593925476}",0.0,0.003299593925476,20.0,0.0,0.0104569485411047,0.0,,0.0,0.0,0.0,180.0,5.7235870361328125,5.7235870361328125,Leave_One_experiments/all_year_offline_schedule_search/daily_outputs/HLA/HLA_2021_HLA2021_normal_grid_S0028_daily.csv
HLA,HLA,Hailun,2021,Leave_One_experiments\wth_generated_qc\HLA\HLA2021.WTH,wet_year;nitrogen_stress_year;low_response_year,wet,HLA2021_normal_grid_S0028,pareto_balanced,2021-05-21,141,22,17,"{""sim_day"": 22.0, ""doy"": 141.0, ""topwt"": 20.0, ""grnwt"": 0.0, ""xlai"": 0.0150464139878749, ""totir"": 0.0, ""tofer"": NaN, ""swfac"": 0.0, ""nstres"": 0.0}",0.0,0.0,20.0,0.0,0.0150464139878749,0.0,,0.0,0.0,0.0,180.0,5.7235870361328125,5.7235870361328125,Leave_One_experiments/all_year_offline_schedule_search/daily_outputs/HLA/HLA_2021_HLA2021_normal_grid_S0028_daily.csv
HLA,HLA,Hailun,2021,Leave_One_experiments\wth_generated_qc\HLA\HLA2021.WTH,wet_year;nitrogen_stress_year;low_response_year,wet,HLA2021_normal_grid_S0028,pareto_balanced,2021-05-22,142,23,18,"{""sim_day"": 23.0, ""doy"": 142.0, ""topwt"": 20.0, ""grnwt"": 0.0, ""xlai"": 0.0234904345124959, ""totir"": 0.0, ""tofer"": NaN, ""swfac"": 0.0, ""nstres"": 0.0}",0.0,0.0,20.0,0.0,0.0234904345124959,0.0,,0.0,0.0,0.0,180.0,5.7235870361328125,5.7235870361328125,Leave_One_experiments/all_year_offline_schedule_search/daily_outputs/HLA/HLA_2021_HLA2021_normal_grid_S0028_daily.csv
HLA,HLA,Hailun,2021,Leave_One_experiments\wth_generated_qc\HLA\HLA2021.WTH,wet_year;nitrogen_stress_year;low_response_year,wet,HLA2021_normal_grid_S0028,pareto_balanced,2021-05-23,143,24,19,"{""sim_day"": 24.0, ""doy"": 143.0, ""topwt"": 20.0, ""grnwt"": 0.0, ""xlai"": 0.0266627222299575, ""totir"": 0.0, ""tofer"": NaN, ""swfac"": 0.0, ""nstres"": 0.0}",0.0,0.0,20.0,0.0,0.0266627222299575,0.0,,0.0,0.0,0.0,180.0,5.7235870361328125,5.7235870361328125,Leave_One_experiments/all_year_offline_schedule_search/daily_outputs/HLA/HLA_2021_HLA2021_normal_grid_S0028_daily.csv
HLA,HLA,Hailun,2021,Leave_One_experiments\wth_generated_qc\HLA\HLA2021.WTH,wet_year;nitrogen_stress_year;low_response_year,wet,HLA2021_normal_grid_S0028,pareto_balanced,2021-05-24,144,25,20,"{""sim_day"": 25.0, ""doy"": 144.0, ""topwt"": 20.0, ""grnwt"": 0.0, ""xlai"": 0.0301265642046928, ""totir"": 0.0, ""tofer"": NaN, ""swfac"": 0.0, ""nstres"": 0.0}",0.0,0.0,20.0,0.0,0.0301265642046928,0.0,,0.0,0.0,0.0,180.0,5.7235870361328125,5.7235870361328125,Leave_One_experiments/all_year_offline_schedule_search/daily_outputs/HLA/HLA_2021_HLA2021_normal_grid_S0028_daily.csv
HLA,HLA,Hailun,2021,Leave_One_experiments\wth_generated_qc\HLA\HLA2021.WTH,wet_year;nitrogen_stress_year;low_response_year,wet,HLA2021_normal_grid_S0028,pareto_balanced,2021-05-25,145,26,21,"{""sim_day"": 26.0, ""doy"": 145.0, ""topwt"": 20.85622787475586, ""grnwt"": 0.0, ""xlai"": 0.0363642461597919, ""totir"": 0.0, ""tofer"": NaN, ""swfac"": 0.0, ""nstres"": 0.0}",0.0,0.0,20.85622787475586,0.0,0.0363642461597919,0.0,,0.0,0.0,0.0,180.0,5.7235870361328125,5.7235870361328125,Leave_One_experiments/all_year_offline_schedule_search/daily_outputs/HLA/HLA_2021_HLA2021_normal_grid_S0028_daily.csv
HLA,HLA,Hailun,2021,Leave_One_experiments\wth_generated_qc\HLA\HLA2021.WTH,wet_year;nitrogen_stress_year;low_response_year,wet,HLA2021_normal_grid_S0028,pareto_balanced,2021-05-26,146,27,22,"{""sim_day"": 27.0, ""doy"": 146.0, ""topwt"": 22.98959732055664, ""grnwt"": 0.0, ""xlai"": 0.0420781560242176, ""totir"": 0.0, ""tofer"": NaN, ""swfac"": 0.0, ""nstres"": 0.0}",0.0,0.0,22.98959732055664,0.0,0.0420781560242176,0.0,,0.0,0.0,0.0,180.0,5.7235870361328125,5.7235870361328125,Leave_One_experiments/all_year_offline_schedule_search/daily_outputs/HLA/HLA_2021_HLA2021_normal_grid_S0028_daily.csv
HLA,HLA,Hailun,2021,Leave_One_experiments\wth_generated_qc\HLA\HLA2021.WTH,wet_year;nitrogen_stress_year;low_response_year,wet,HLA2021_normal_grid_S0028,pareto_balanced,2021-05-27,147,28,23,"{""sim_day"": 28.0, ""doy"": 147.0, ""topwt"": 25.47417640686035, ""grnwt"": 0.0, ""xlai"": 0.0483276806771755, ""totir"": 0.0, ""tofer"": NaN, ""swfac"": 0.0, ""nstres"": 0.0}",0.0,0.0,25.47417640686035,0.0,0.0483276806771755,0.0,,0.0,0.0,0.0,180.0,5.7235870361328125,5.7235870361328125,Leave_One_experiments/all_year_offline_schedule_search/daily_outputs/HLA/HLA_2021_HLA2021_normal_grid_S0028_daily.csv
HLA,HLA,Hailun,2021,Leave_One_experiments\wth_generated_qc\HLA\HLA2021.WTH,wet_year;nitrogen_stress_year;low_response_year,wet,HLA2021_normal_grid_S0028,pareto_balanced,2021-05-28,148,29,24,"{""sim_day"": 29.0, ""doy"": 148.0, ""topwt"": 29.18236494064331, ""grnwt"": 0.0, ""xlai"": 0.0575485713779926, ""totir"": 0.0, ""tofer"": NaN, ""swfac"": 0.0, ""nstres"": 0.0}",0.0,0.0,29.18236494064331,0.0,0.0575485713779926,0.0,,0.0,0.0,0.0,180.0,5.7235870361328125,5.7235870361328125,Leave_One_experiments/all_year_offline_schedule_search/daily_outputs/HLA/HLA_2021_HLA2021_normal_grid_S0028_daily.csv
HLA,HLA,Hailun,2021,Leave_One_experiments\wth_generated_qc\HLA\HLA2021.WTH,wet_year;nitrogen_stress_year;low_response_year,wet,HLA2021_normal_grid_S0028,pareto_balanced,2021-05-29,149,30,25,"{""sim_day"": 30.0, ""doy"": 149.0, ""topwt"": 32.77121067047119, ""grnwt"": 0.0, ""xlai"": 0.0661334842443466, ""totir"": 0.0, ""tofer"": NaN, ""swfac"": 0.0, ""nstres"": 0.0}",0.0,0.0,32.77121067047119,0.0,0.0661334842443466,0.0,,0.0,0.0,0.0,180.0,5.7235870361328125,5.7235870361328125,Leave_One_experiments/all_year_offline_schedule_search/daily_outputs/HLA/HLA_2021_HLA2021_normal_grid_S0028_daily.csv
HLA,HLA,Hailun,2021,Leave_One_experiments\wth_generated_qc\HLA\HLA2021.WTH,wet_year;nitrogen_stress_year;low_response_year,wet,HLA2021_normal_grid_S0028,pareto_balanced,2021-05-30,150,31,26,"{""sim_day"": 31.0, ""doy"": 150.0, ""topwt"": 38.93650770187378, ""grnwt"": 0.0, ""xlai"": 0.0800324752926826, ""totir"": 0.0, ""tofer"": NaN, ""swfac"": 0.0, ""nstres"": 0.0}",0.0,0.0,38.93650770187378,0.0,0.0800324752926826,0.0,,0.0,0.0,0.0,180.0,5.7235870361328125,5.7235870361328125,Leave_One_experiments/all_year_offline_schedule_search/daily_outputs/HLA/HLA_2021_HLA2021_normal_grid_S0028_daily.csv
HLA,HLA,Hailun,2021,Leave_One_experiments\wth_generated_qc\HLA\HLA2021.WTH,wet_year;nitrogen_stress_year;low_response_year,wet,HLA2021_normal_grid_S0028,pareto_balanced,2021-05-31,151,32,27,"{""sim_day"": 32.0, ""doy"": 151.0, ""topwt"": 43.4917688369751, ""grnwt"": 0.0, ""xlai"": 0.0899053663015365, ""totir"": 0.0, ""tofer"": NaN, ""swfac"": 0.0, ""nstres"": 0.0}",0.0,0.0,43.4917688369751,0.0,0.0899053663015365,0.0,,0.0,0.0,0.0,180.0,5.7235870361328125,5.7235870361328125,Leave_One_experiments/all_year_offline_schedule_search/daily_outputs/HLA/HLA_2021_HLA2021_normal_grid_S0028_daily.csv
HLA,HLA,Hailun,2021,Leave_One_experiments\wth_generated_qc\HLA\HLA2021.WTH,wet_year;nitrogen_stress_year;low_response_year,wet,HLA2021_normal_grid_S0028,pareto_balanced,2021-06-01,152,33,28,"{""sim_day"": 33.0, ""doy"": 152.0, ""topwt"": 49.50936317443848, ""grnwt"": 0.0, ""xlai"": 0.1025328561663627, ""totir"": 0.0, ""tofer"": NaN, ""swfac"": 0.0, ""nstres"": 0.0}",0.0,0.0,49.50936317443848,0.0,0.1025328561663627,0.0,,0.0,0.0,0.0,180.0,5.7235870361328125,5.7235870361328125,Leave_One_experiments/all_year_offline_schedule_search/daily_outputs/HLA/HLA_2021_HLA2021_normal_grid_S0028_daily.csv
HLA,HLA,Hailun,2021,Leave_One_experiments\wth_generated_qc\HLA\HLA2021.WTH,wet_year;nitrogen_stress_year;low_response_year,wet,HLA2021_normal_grid_S0028,pareto_balanced,2021-06-02,153,34,29,"{""sim_day"": 34.0, ""doy"": 153.0, ""topwt"": 52.36981391906738, ""grnwt"": 0.0, ""xlai"": 0.1083704903721809, ""totir"": 0.0, ""tofer"": NaN, ""swfac"": 0.0, ""nstres"": 0.0}",0.0,0.0,52.36981391906738,0.0,0.1083704903721809,0.0,,0.0,0.0,0.0,180.0,5.7235870361328125,5.7235870361328125,Leave_One_experiments/all_year_offline_schedule_search/daily_outputs/HLA/HLA_2021_HLA2021_normal_grid_S0028_daily.csv
HLA,HLA,Hailun,2021,Leave_One_experiments\wth_generated_qc\HLA\HLA2021.WTH,wet_year;nitrogen_stress_year;low_response_year,wet,HLA2021_normal_grid_S0028,pareto_balanced,2021-06-03,154,35,30,"{""sim_day"": 35.0, ""doy"": 154.0, ""topwt"": 55.195560455322266, ""grnwt"": 0.0, ""xlai"": 0.1140606552362442, ""totir"": 0.0, ""tofer"": NaN, ""swfac"": 0.0, ""nstres"": 0.0}",0.0,0.0,55.195560455322266,0.0,0.1140606552362442,0.0,,0.0,50.0,0.0,180.0,5.7235870361328125,5.7235870361328125,Leave_One_experiments/all_year_offline_schedule_search/daily_outputs/HLA/HLA_2021_HLA2021_normal_grid_S0028_daily.csv
HLA,HLA,Hailun,2021,Leave_One_experiments\wth_generated_qc\HLA\HLA2021.WTH,wet_year;nitrogen_stress_year;low_response_year,wet,HLA2021_normal_grid_S0028,pareto_balanced,2021-06-04,155,36,31,"{""sim_day"": 36.0, ""doy"": 155.0, ""topwt"": 58.50113868713379, ""grnwt"": 0.0, ""xlai"": 0.1206192374229431, ""totir"": 0.0, ""tofer"": NaN, ""swfac"": 0.0, ""nstres"": 0.0}",0.0,0.0,58.50113868713379,0.0,0.1206192374229431,0.0,,0.0,0.0,0.0,180.0,5.7235870361328125,5.7235870361328125,Leave_One_experiments/all_year_offline_schedule_search/daily_outputs/HLA/HLA_2021_HLA2021_normal_grid_S0028_daily.csv
HLA,HLA,Hailun,2021,Leave_One_experiments\wth_generated_qc\HLA\HLA2021.WTH,wet_year;nitrogen_stress_year;low_response_year,wet,HLA2021_normal_grid_S0028,pareto_balanced,2021-06-05,156,37,32,"{""sim_day"": 37.0, ""doy"": 156.0, ""topwt"": 66.35470867156982, ""grnwt"": 0.0, ""xlai"": 0.1358912587165832, ""totir"": 0.0, ""tofer"": NaN, ""swfac"": 0.0, ""nstres"": 0.0}",0.0,0.0,66.35470867156982,0.0,0.1358912587165832,0.0,,0.0,0.0,0.0,180.0,5.7235870361328125,5.7235870361328125,Leave_One_experiments/all_year_offline_schedule_search/daily_outputs/HLA/HLA_2021_HLA2021_normal_grid_S0028_daily.csv
HLA,HLA,Hailun,2021,Leave_One_experiments\wth_generated_qc\HLA\HLA2021.WTH,wet_year;nitrogen_stress_year;low_response_year,wet,HLA2021_normal_grid_S0028,pareto_balanced,2021-06-06,157,38,33,"{""sim_day"": 38.0, ""doy"": 157.0, ""topwt"": 78.33747863769531, ""grnwt"": 0.0, ""xlai"": 0.1583736091852188, ""totir"": 0.0, ""tofer"": NaN, ""swfac"": 0.0, ""nstres"": 0.0}",0.0,0.0,78.33747863769531,0.0,0.1583736091852188,0.0,,0.0,0.0,0.0,180.0,5.7235870361328125,5.7235870361328125,Leave_One_experiments/all_year_offline_schedule_search/daily_outputs/HLA/HLA_2021_HLA2021_normal_grid_S0028_daily.csv
HLA,HLA,Hailun,2021,Leave_One_experiments\wth_generated_qc\HLA\HLA2021.WTH,wet_year;nitrogen_stress_year;low_response_year,wet,HLA2021_normal_grid_S0028,pareto_balanced,2021-06-07,158,39,34,"{""sim_day"": 39.0, ""doy"": 158.0, ""topwt"": 96.09688758850098, ""grnwt"": 0.0, ""xlai"": 0.1902505904436111, ""totir"": 0.0, ""tofer"": NaN, ""swfac"": 0.0, ""nstres"": 0.0}",0.0,0.0,96.09688758850098,0.0,0.1902505904436111,0.0,,0.0,0.0,0.0,180.0,5.7235870361328125,5.7235870361328125,Leave_One_experiments/all_year_offline_schedule_search/daily_outputs/HLA/HLA_2021_HLA2021_normal_grid_S0028_daily.csv
HLA,HLA,Hailun,2021,Leave_One_experiments\wth_generated_qc\HLA\HLA2021.WTH,wet_year;nitrogen_stress_year;low_response_year,wet,HLA2021_normal_grid_S0028,pareto_balanced,2021-06-08,159,40,35,"{""sim_day"": 40.0, ""doy"": 159.0, ""topwt"": 112.73556709289552, ""grnwt"": 0.0, ""xlai"": 0.2188865840435028, ""totir"": 0.0, ""tofer"": NaN, ""swfac"": 0.0, ""nstres"": 0.0}",0.0,0.0,112.73556709289552,0.0,0.2188865840435028,0.0,,0.0,0.0,0.0,180.0,5.7235870361328125,5.7235870361328125,Leave_One_experiments/all_year_offline_schedule_search/daily_outputs/HLA/HLA_2021_HLA2021_normal_grid_S0028_daily.csv
HLA,HLA,Hailun,2021,Leave_One_experiments\wth_generated_qc\HLA\HLA2021.WTH,wet_year;nitrogen_stress_year;low_response_year,wet,HLA2021_normal_grid_S0028,pareto_balanced,2021-06-09,160,41,36,"{""sim_day"": 41.0, ""doy"": 160.0, ""topwt"": 135.2729606628418, ""grnwt"": 0.0, ""xlai"": 0.2561768591403961, ""totir"": 0.0, ""tofer"": NaN, ""swfac"": 0.0, ""nstres"": 0.0}",0.0,0.0,135.2729606628418,0.0,0.2561768591403961,0.0,,0.0,0.0,0.0,180.0,5.7235870361328125,5.7235870361328125,Leave_One_experiments/all_year_offline_schedule_search/daily_outputs/HLA/HLA_2021_HLA2021_normal_grid_S0028_daily.csv
HLA,HLA,Hailun,2021,Leave_One_experiments\wth_generated_qc\HLA\HLA2021.WTH,wet_year;nitrogen_stress_year;low_response_year,wet,HLA2021_normal_grid_S0028,pareto_balanced,2021-06-10,161,42,37,"{""sim_day"": 42.0, ""doy"": 161.0, ""topwt"": 147.7697467803955, ""grnwt"": 0.0, ""xlai"": 0.2950470745563507, ""totir"": 0.0, ""tofer"": NaN, ""swfac"": 0.0, ""nstres"": 0.0}",0.0,0.0,147.7697467803955,0.0,0.2950470745563507,0.0,,0.0,0.0,0.0,180.0,5.7235870361328125,5.7235870361328125,Leave_One_experiments/all_year_offline_schedule_search/daily_outputs/HLA/HLA_2021_HLA2021_normal_grid_S0028_daily.csv
HLA,HLA,Hailun,2021,Leave_One_experiments\wth_generated_qc\HLA\HLA2021.WTH,wet_year;nitrogen_stress_year;low_response_year,wet,HLA2021_normal_grid_S0028,pareto_balanced,2021-06-11,162,43,38,"{""sim_day"": 43.0, ""doy"": 162.0, ""topwt"": 183.0967712402344, ""grnwt"": 0.0, ""xlai"": 0.3535927534103393, ""totir"": 0.0, ""tofer"": NaN, ""swfac"": 0.0, ""nstres"": 0.0048929452896118}",0.0,0.0048929452896118,183.0967712402344,0.0,0.3535927534103393,0.0,,0.0,0.0,0.0,180.0,5.7235870361328125,5.7235870361328125,Leave_One_experiments/all_year_offline_schedule_search/daily_outputs/HLA/HLA_2021_HLA2021_normal_grid_S0028_daily.csv
HLA,HLA,Hailun,2021,Leave_One_experiments\wth_generated_qc\HLA\HLA2021.WTH,wet_year;nitrogen_stress_year;low_response_year,wet,HLA2021_normal_grid_S0028,pareto_balanced,2021-06-12,163,44,39,"{""sim_day"": 44.0, ""doy"": 163.0, ""topwt"": 227.0449447631836, ""grnwt"": 0.0, ""xlai"": 0.4230259656906128, ""totir"": 0.0, ""tofer"": NaN, ""swfac"": 0.0, ""nstres"": 0.0}",0.0,0.0,227.0449447631836,0.0,0.4230259656906128,0.0,,0.0,0.0,0.0,180.0,5.7235870361328125,5.7235870361328125,Leave_One_experiments/all_year_offline_schedule_search/daily_outputs/HLA/HLA_2021_HLA2021_normal_grid_S0028_daily.csv
HLA,HLA,Hailun,2021,Leave_One_experiments\wth_generated_qc\HLA\HLA2021.WTH,wet_year;nitrogen_stress_year;low_response_year,wet,HLA2021_normal_grid_S0028,pareto_balanced,2021-06-13,164,45,40,"{""sim_day"": 45.0, ""doy"": 164.0, ""topwt"": 275.1482391357422, ""grnwt"": 0.0, ""xlai"": 0.4956806600093841, ""totir"": 0.0, ""tofer"": NaN, ""swfac"": 0.0, ""nstres"": 0.0}",0.0,0.0,275.1482391357422,0.0,0.4956806600093841,0.0,,0.0,0.0,0.0,180.0,5.7235870361328125,5.7235870361328125,Leave_One_experiments/all_year_offline_schedule_search/daily_outputs/HLA/HLA_2021_HLA2021_normal_grid_S0028_daily.csv
HLA,HLA,Hailun,2021,Leave_One_experiments\wth_generated_qc\HLA\HLA2021.WTH,wet_year;nitrogen_stress_year;low_response_year,wet,HLA2021_normal_grid_S0028,pareto_balanced,2021-06-14,165,46,41,"{""sim_day"": 46.0, ""doy"": 165.0, ""topwt"": 320.1976013183594, ""grnwt"": 0.0, ""xlai"": 0.5612006783485413, ""totir"": 0.0, ""tofer"": NaN, ""swfac"": 0.0, ""nstres"": 0.0}",0.0,0.0,320.1976013183594,0.0,0.5612006783485413,0.0,,0.0,0.0,0.0,180.0,5.7235870361328125,5.7235870361328125,Leave_One_experiments/all_year_offline_schedule_search/daily_outputs/HLA/HLA_2021_HLA2021_normal_grid_S0028_daily.csv
HLA,HLA,Hailun,2021,Leave_One_experiments\wth_generated_qc\HLA\HLA2021.WTH,wet_year;nitrogen_stress_year;low_response_year,wet,HLA2021_normal_grid_S0028,pareto_balanced,2021-06-15,166,47,42,"{""sim_day"": 47.0, ""doy"": 166.0, ""topwt"": 377.37449645996094, ""grnwt"": 0.0, ""xlai"": 0.6415146589279175, ""totir"": 0.0, ""tofer"": NaN, ""swfac"": 0.0, ""nstres"": 0.0}",0.0,0.0,377.37449645996094,0.0,0.6415146589279175,0.0,,0.0,0.0,0.0,180.0,5.7235870361328125,5.7235870361328125,Leave_One_experiments/all_year_offline_schedule_search/daily_outputs/HLA/HLA_2021_HLA2021_normal_grid_S0028_daily.csv
HLA,HLA,Hailun,2021,Leave_One_experiments\wth_generated_qc\HLA\HLA2021.WTH,wet_year;nitrogen_stress_year;low_response_year,wet,HLA2021_normal_grid_S0028,pareto_balanced,2021-06-16,167,48,43,"{""sim_day"": 48.0, ""doy"": 167.0, ""topwt"": 428.03993225097656, ""grnwt"": 0.0, ""xlai"": 0.7104538679122925, ""totir"": 0.0, ""tofer"": NaN, ""swfac"": 0.0, ""nstres"": 0.0}",0.0,0.0,428.03993225097656,0.0,0.7104538679122925,0.0,,0.0,0.0,0.0,180.0,5.7235870361328125,5.7235870361328125,Leave_One_experiments/all_year_offline_schedule_search/daily_outputs/HLA/HLA_2021_HLA2021_normal_grid_S0028_daily.csv
HLA,HLA,Hailun,2021,Leave_One_experiments\wth_generated_qc\HLA\HLA2021.WTH,wet_year;nitrogen_stress_year;low_response_year,wet,HLA2021_normal_grid_S0028,pareto_balanced,2021-06-17,168,49,44,"{""sim_day"": 49.0, ""doy"": 168.0, ""topwt"": 460.6795883178711, ""grnwt"": 0.0, ""xlai"": 0.7499433159828186, ""totir"": 0.0, ""tofer"": NaN, ""swfac"": 0.0, ""nstres"": 0.0}",0.0,0.0,460.6795883178711,0.0,0.7499433159828186,0.0,,0.0,0.0,0.0,180.0,5.7235870361328125,5.7235870361328125,Leave_One_experiments/all_year_offline_schedule_search/daily_outputs/HLA/HLA_2021_HLA2021_normal_grid_S0028_daily.csv
HLA,HLA,Hailun,2021,Leave_One_experiments\wth_generated_qc\HLA\HLA2021.WTH,wet_year;nitrogen_stress_year;low_response_year,wet,HLA2021_normal_grid_S0028,pareto_balanced,2021-06-18,169,50,45,"{""sim_day"": 50.0, ""doy"": 169.0, ""topwt"": 500.0918960571289, ""grnwt"": 0.0, ""xlai"": 0.8035394549369812, ""totir"": 0.0, ""tofer"": NaN, ""swfac"": 0.0, ""nstres"": 0.0}",0.0,0.0,500.0918960571289,0.0,0.8035394549369812,0.0,,0.0,0.0,0.0,180.0,5.7235870361328125,5.7235870361328125,Leave_One_experiments/all_year_offline_schedule_search/daily_outputs/HLA/HLA_2021_HLA2021_normal_grid_S0028_daily.csv
HLA,HLA,Hailun,2021,Leave_One_experiments\wth_generated_qc\HLA\HLA2021.WTH,wet_year;nitrogen_stress_year;low_response_year,wet,HLA2021_normal_grid_S0028,pareto_balanced,2021-06-19,170,51,46,"{""sim_day"": 51.0, ""doy"": 170.0, ""topwt"": 532.7117156982422, ""grnwt"": 0.0, ""xlai"": 0.8469930291175842, ""totir"": 0.0, ""tofer"": NaN, ""swfac"": 0.0, ""nstres"": 0.0}",0.0,0.0,532.7117156982422,0.0,0.8469930291175842,0.0,,0.0,0.0,0.0,180.0,5.7235870361328125,5.7235870361328125,Leave_One_experiments/all_year_offline_schedule_search/daily_outputs/HLA/HLA_2021_HLA2021_normal_grid_S0028_daily.csv
HLA,HLA,Hailun,2021,Leave_One_experiments\wth_generated_qc\HLA\HLA2021.WTH,wet_year;nitrogen_stress_year;low_response_year,wet,HLA2021_normal_grid_S0028,pareto_balanced,2021-06-20,171,52,47,"{""sim_day"": 52.0, ""doy"": 171.0, ""topwt"": 585.0521850585938, ""grnwt"": 0.0, ""xlai"": 0.91499263048172, ""totir"": 0.0, ""tofer"": NaN, ""swfac"": 0.0, ""nstres"": 0.0}",0.0,0.0,585.0521850585938,0.0,0.91499263048172,0.0,,0.0,0.0,0.0,180.0,5.7235870361328125,5.7235870361328125,Leave_One_experiments/all_year_offline_schedule_search/daily_outputs/HLA/HLA_2021_HLA2021_normal_grid_S0028_daily.csv
HLA,HLA,Hailun,2021,Leave_One_experiments\wth_generated_qc\HLA\HLA2021.WTH,wet_year;nitrogen_stress_year;low_response_year,wet,HLA2021_normal_grid_S0028,pareto_balanced,2021-06-21,172,53,48,"{""sim_day"": 53.0, ""doy"": 172.0, ""topwt"": 656.259765625, ""grnwt"": 0.0, ""xlai"": 1.0043911933898926, ""totir"": 0.0, ""tofer"": NaN, ""swfac"": 0.0, ""nstres"": 0.0}",0.0,0.0,656.259765625,0.0,1.0043911933898926,0.0,,0.0,0.0,0.0,180.0,5.7235870361328125,5.7235870361328125,Leave_One_experiments/all_year_offline_schedule_search/daily_outputs/HLA/HLA_2021_HLA2021_normal_grid_S0028_daily.csv
HLA,HLA,Hailun,2021,Leave_One_experiments\wth_generated_qc\HLA\HLA2021.WTH,wet_year;nitrogen_stress_year;low_response_year,wet,HLA2021_normal_grid_S0028,pareto_balanced,2021-06-22,173,54,49,"{""sim_day"": 54.0, ""doy"": 173.0, ""topwt"": 747.8964996337891, ""grnwt"": 0.0, ""xlai"": 1.1144766807556152, ""totir"": 0.0, ""tofer"": NaN, ""swfac"": 0.0, ""nstres"": 0.0}",0.0,0.0,747.8964996337891,0.0,1.1144766807556152,0.0,,0.0,0.0,0.0,180.0,5.7235870361328125,5.7235870361328125,Leave_One_experiments/all_year_offline_schedule_search/daily_outputs/HLA/HLA_2021_HLA2021_normal_grid_S0028_daily.csv
HLA,HLA,Hailun,2021,Leave_One_experiments\wth_generated_qc\HLA\HLA2021.WTH,wet_year;nitrogen_stress_year;low_response_year,wet,HLA2021_normal_grid_S0028,pareto_balanced,2021-06-23,174,55,50,"{""sim_day"": 55.0, ""doy"": 174.0, ""topwt"": 834.9747467041016, ""grnwt"": 0.0, ""xlai"": 1.2144759893417358, ""totir"": 0.0, ""tofer"": NaN, ""swfac"": 0.0, ""nstres"": 0.0}",0.0,0.0,834.9747467041016,0.0,1.2144759893417358,0.0,,0.0,0.0,0.0,180.0,5.7235870361328125,5.7235870361328125,Leave_One_experiments/all_year_offline_schedule_search/daily_outputs/HLA/HLA_2021_HLA2021_normal_grid_S0028_daily.csv
HLA,HLA,Hailun,2021,Leave_One_experiments\wth_generated_qc\HLA\HLA2021.WTH,wet_year;nitrogen_stress_year;low_response_year,wet,HLA2021_normal_grid_S0028,pareto_balanced,2021-06-24,175,56,51,"{""sim_day"": 56.0, ""doy"": 175.0, ""topwt"": 944.2058563232422, ""grnwt"": 0.0, ""xlai"": 1.3335059881210327, ""totir"": 0.0, ""tofer"": NaN, ""swfac"": 0.0, ""nstres"": 0.0}",0.0,0.0,944.2058563232422,0.0,1.3335059881210327,0.0,,0.0,0.0,0.0,180.0,5.7235870361328125,5.7235870361328125,Leave_One_experiments/all_year_offline_schedule_search/daily_outputs/HLA/HLA_2021_HLA2021_normal_grid_S0028_daily.csv
HLA,HLA,Hailun,2021,Leave_One_experiments\wth_generated_qc\HLA\HLA2021.WTH,wet_year;nitrogen_stress_year;low_response_year,wet,HLA2021_normal_grid_S0028,pareto_balanced,2021-06-25,176,57,52,"{""sim_day"": 57.0, ""doy"": 176.0, ""topwt"": 1063.9957427978516, ""grnwt"": 0.0, ""xlai"": 1.4566460847854614, ""totir"": 0.0, ""tofer"": NaN, ""swfac"": 0.0, ""nstres"": 0.0}",0.0,0.0,1063.9957427978516,0.0,1.4566460847854614,0.0,,0.0,0.0,0.0,180.0,5.7235870361328125,5.7235870361328125,Leave_One_experiments/all_year_offline_schedule_search/daily_outputs/HLA/HLA_2021_HLA2021_normal_grid_S0028_daily.csv
HLA,HLA,Hailun,2021,Leave_One_experiments\wth_generated_qc\HLA\HLA2021.WTH,wet_year;nitrogen_stress_year;low_response_year,wet,HLA2021_normal_grid_S0028,pareto_balanced,2021-06-26,177,58,53,"{""sim_day"": 58.0, ""doy"": 177.0, ""topwt"": 1183.8836669921875, ""grnwt"": 0.0, ""xlai"": 1.5729365348815918, ""totir"": 0.0, ""tofer"": NaN, ""swfac"": 0.0, ""nstres"": 0.0}",0.0,0.0,1183.8836669921875,0.0,1.5729365348815918,0.0,,0.0,0.0,0.0,180.0,5.7235870361328125,5.7235870361328125,Leave_One_experiments/all_year_offline_schedule_search/daily_outputs/HLA/HLA_2021_HLA2021_normal_grid_S0028_daily.csv
HLA,HLA,Hailun,2021,Leave_One_experiments\wth_generated_qc\HLA\HLA2021.WTH,wet_year;nitrogen_stress_year;low_response_year,wet,HLA2021_normal_grid_S0028,pareto_balanced,2021-06-27,178,59,54,"{""sim_day"": 59.0, ""doy"": 178.0, ""topwt"": 1318.3213806152344, ""grnwt"": 0.0, ""xlai"": 1.6955080032348633, ""totir"": 0.0, ""tofer"": NaN, ""swfac"": 0.0, ""nstres"": 0.0}",0.0,0.0,1318.3213806152344,0.0,1.6955080032348633,0.0,,0.0,0.0,0.0,180.0,5.7235870361328125,5.7235870361328125,Leave_One_experiments/all_year_offline_schedule_search/daily_outputs/HLA/HLA_2021_HLA2021_normal_grid_S0028_daily.csv
HLA,HLA,Hailun,2021,Leave_One_experiments\wth_generated_qc\HLA\HLA2021.WTH,wet_year;nitrogen_stress_year;low_response_year,wet,HLA2021_normal_grid_S0028,pareto_balanced,2021-06-28,179,60,55,"{""sim_day"": 60.0, ""doy"": 179.0, ""topwt"": 1469.4468688964844, ""grnwt"": 0.0, ""xlai"": 1.824362874031067, ""totir"": 0.0, ""tofer"": NaN, ""swfac"": 0.0, ""nstres"": 0.0}",0.0,0.0,1469.4468688964844,0.0,1.824362874031067,0.0,,0.0,0.0,0.0,180.0,5.7235870361328125,5.7235870361328125,Leave_One_experiments/all_year_offline_schedule_search/daily_outputs/HLA/HLA_2021_HLA2021_normal_grid_S0028_daily.csv
HLA,HLA,Hailun,2021,Leave_One_experiments\wth_generated_qc\HLA\HLA2021.WTH,wet_year;nitrogen_stress_year;low_response_year,wet,HLA2021_normal_grid_S0028,pareto_balanced,2021-06-29,180,61,56,"{""sim_day"": 61.0, ""doy"": 180.0, ""topwt"": 1603.38134765625, ""grnwt"": 0.0, ""xlai"": 1.932008981704712, ""totir"": 0.0, ""tofer"": NaN, ""swfac"": 0.0, ""nstres"": 0.0}",0.0,0.0,1603.38134765625,0.0,1.932008981704712,0.0,,0.0,0.0,0.0,180.0,5.7235870361328125,5.7235870361328125,Leave_One_experiments/all_year_offline_schedule_search/daily_outputs/HLA/HLA_2021_HLA2021_normal_grid_S0028_daily.csv
HLA,HLA,Hailun,2021,Leave_One_experiments\wth_generated_qc\HLA\HLA2021.WTH,wet_year;nitrogen_stress_year;low_response_year,wet,HLA2021_normal_grid_S0028,pareto_balanced,2021-06-30,181,62,57,"{""sim_day"": 62.0, ""doy"": 181.0, ""topwt"": 1679.7967529296875, ""grnwt"": 0.0, ""xlai"": 1.9907526969909668, ""totir"": 0.0, ""tofer"": NaN, ""swfac"": 0.0, ""nstres"": 0.0}",0.0,0.0,1679.7967529296875,0.0,1.9907526969909668,0.0,,0.0,0.0,0.0,180.0,5.7235870361328125,5.7235870361328125,Leave_One_experiments/all_year_offline_schedule_search/daily_outputs/HLA/HLA_2021_HLA2021_normal_grid_S0028_daily.csv
HLA,HLA,Hailun,2021,Leave_One_experiments\wth_generated_qc\HLA\HLA2021.WTH,wet_year;nitrogen_stress_year;low_response_year,wet,HLA2021_normal_grid_S0028,pareto_balanced,2021-07-01,182,63,58,"{""sim_day"": 63.0, ""doy"": 182.0, ""topwt"": 1794.3162536621094, ""grnwt"": 0.0, ""xlai"": 2.0742502212524414, ""totir"": 0.0, ""tofer"": NaN, ""swfac"": 0.0, ""nstres"": 0.0}",0.0,0.0,1794.3162536621094,0.0,2.0742502212524414,0.0,,0.0,0.0,0.0,180.0,5.7235870361328125,5.7235870361328125,Leave_One_experiments/all_year_offline_schedule_search/daily_outputs/HLA/HLA_2021_HLA2021_normal_grid_S0028_daily.csv
HLA,HLA,Hailun,2021,Leave_One_experiments\wth_generated_qc\HLA\HLA2021.WTH,wet_year;nitrogen_stress_year;low_response_year,wet,HLA2021_normal_grid_S0028,pareto_balanced,2021-07-02,183,64,59,"{""sim_day"": 64.0, ""doy"": 183.0, ""topwt"": 1882.996826171875, ""grnwt"": 0.0, ""xlai"": 2.1354267597198486, ""totir"": 0.0, ""tofer"": NaN, ""swfac"": 0.0, ""nstres"": 0.0}",0.0,0.0,1882.996826171875,0.0,2.1354267597198486,0.0,,0.0,0.0,0.0,180.0,5.7235870361328125,5.7235870361328125,Leave_One_experiments/all_year_offline_schedule_search/daily_outputs/HLA/HLA_2021_HLA2021_normal_grid_S0028_daily.csv
HLA,HLA,Hailun,2021,Leave_One_experiments\wth_generated_qc\HLA\HLA2021.WTH,wet_year;nitrogen_stress_year;low_response_year,wet,HLA2021_normal_grid_S0028,pareto_balanced,2021-07-03,184,65,60,"{""sim_day"": 65.0, ""doy"": 184.0, ""topwt"": 2021.1474609375, ""grnwt"": 0.0, ""xlai"": 2.225008964538574, ""totir"": 0.0, ""tofer"": NaN, ""swfac"": 0.0, ""nstres"": 0.0}",0.0,0.0,2021.1474609375,0.0,2.225008964538574,0.0,,0.0,50.0,0.0,180.0,5.7235870361328125,5.7235870361328125,Leave_One_experiments/all_year_offline_schedule_search/daily_outputs/HLA/HLA_2021_HLA2021_normal_grid_S0028_daily.csv
HLA,HLA,Hailun,2021,Leave_One_experiments\wth_generated_qc\HLA\HLA2021.WTH,wet_year;nitrogen_stress_year;low_response_year,wet,HLA2021_normal_grid_S0028,pareto_balanced,2021-07-04,185,66,61,"{""sim_day"": 66.0, ""doy"": 185.0, ""topwt"": 2164.065399169922, ""grnwt"": 0.0, ""xlai"": 2.3125178813934326, ""totir"": 0.0, ""tofer"": NaN, ""swfac"": 0.0, ""nstres"": 0.0}",0.0,0.0,2164.065399169922,0.0,2.3125178813934326,0.0,,0.0,0.0,0.0,180.0,5.7235870361328125,5.7235870361328125,Leave_One_experiments/all_year_offline_schedule_search/daily_outputs/HLA/HLA_2021_HLA2021_normal_grid_S0028_daily.csv
HLA,HLA,Hailun,2021,Leave_One_experiments\wth_generated_qc\HLA\HLA2021.WTH,wet_year;nitrogen_stress_year;low_response_year,wet,HLA2021_normal_grid_S0028,pareto_balanced,2021-07-05,186,67,62,"{""sim_day"": 67.0, ""doy"": 186.0, ""topwt"": 2341.41845703125, ""grnwt"": 0.0, ""xlai"": 2.414913892745972, ""totir"": 0.0, ""tofer"": NaN, ""swfac"": 0.0, ""nstres"": 0.0}",0.0,0.0,2341.41845703125,0.0,2.414913892745972,0.0,,0.0,0.0,0.0,180.0,5.7235870361328125,5.7235870361328125,Leave_One_experiments/all_year_offline_schedule_search/daily_outputs/HLA/HLA_2021_HLA2021_normal_grid_S0028_daily.csv
HLA,HLA,Hailun,2021,Leave_One_experiments\wth_generated_qc\HLA\HLA2021.WTH,wet_year;nitrogen_stress_year;low_response_year,wet,HLA2021_normal_grid_S0028,pareto_balanced,2021-07-06,187,68,63,"{""sim_day"": 68.0, ""doy"": 187.0, ""topwt"": 2549.0505981445312, ""grnwt"": 0.0, ""xlai"": 2.5274252891540527, ""totir"": 0.0, ""tofer"": NaN, ""swfac"": 0.0, ""nstres"": 0.0}",0.0,0.0,2549.0505981445312,0.0,2.5274252891540527,0.0,,0.0,0.0,0.0,180.0,5.7235870361328125,5.7235870361328125,Leave_One_experiments/all_year_offline_schedule_search/daily_outputs/HLA/HLA_2021_HLA2021_normal_grid_S0028_daily.csv
HLA,HLA,Hailun,2021,Leave_One_experiments\wth_generated_qc\HLA\HLA2021.WTH,wet_year;nitrogen_stress_year;low_response_year,wet,HLA2021_normal_grid_S0028,pareto_balanced,2021-07-07,188,69,64,"{""sim_day"": 69.0, ""doy"": 188.0, ""topwt"": 2771.69189453125, ""grnwt"": 0.0, ""xlai"": 2.6406705379486084, ""totir"": 0.0, ""tofer"": NaN, ""swfac"": 0.0, ""nstres"": 0.0}",0.0,0.0,2771.69189453125,0.0,2.6406705379486084,0.0,,0.0,0.0,0.0,180.0,5.7235870361328125,5.7235870361328125,Leave_One_experiments/all_year_offline_schedule_search/daily_outputs/HLA/HLA_2021_HLA2021_normal_grid_S0028_daily.csv
HLA,HLA,Hailun,2021,Leave_One_experiments\wth_generated_qc\HLA\HLA2021.WTH,wet_year;nitrogen_stress_year;low_response_year,wet,HLA2021_normal_grid_S0028,pareto_balanced,2021-07-08,189,70,65,"{""sim_day"": 70.0, ""doy"": 189.0, ""topwt"": 3009.635009765625, ""grnwt"": 0.0, ""xlai"": 2.754340648651123, ""totir"": 0.0, ""tofer"": NaN, ""swfac"": 0.0, ""nstres"": 0.0}",0.0,0.0,3009.635009765625,0.0,2.754340648651123,0.0,,0.0,0.0,0.0,180.0,5.7235870361328125,5.7235870361328125,Leave_One_experiments/all_year_offline_schedule_search/daily_outputs/HLA/HLA_2021_HLA2021_normal_grid_S0028_daily.csv
HLA,HLA,Hailun,2021,Leave_One_experiments\wth_generated_qc\HLA\HLA2021.WTH,wet_year;nitrogen_stress_year;low_response_year,wet,HLA2021_normal_grid_S0028,pareto_balanced,2021-07-09,190,71,66,"{""sim_day"": 71.0, ""doy"": 190.0, ""topwt"": 3267.1109008789062, ""grnwt"": 0.0, ""xlai"": 2.8697071075439453, ""totir"": 0.0, ""tofer"": NaN, ""swfac"": 0.0, ""nstres"": 0.0}",0.0,0.0,3267.1109008789062,0.0,2.8697071075439453,0.0,,0.0,0.0,0.0,180.0,5.7235870361328125,5.7235870361328125,Leave_One_experiments/all_year_offline_schedule_search/daily_outputs/HLA/HLA_2021_HLA2021_normal_grid_S0028_daily.csv
HLA,HLA,Hailun,2021,Leave_One_experiments\wth_generated_qc\HLA\HLA2021.WTH,wet_year;nitrogen_stress_year;low_response_year,wet,HLA2021_normal_grid_S0028,pareto_balanced,2021-07-10,191,72,67,"{""sim_day"": 72.0, ""doy"": 191.0, ""topwt"": 3613.8168334960938, ""grnwt"": 0.0, ""xlai"": 3.179142951965332, ""totir"": 0.0, ""tofer"": NaN, ""swfac"": 0.0, ""nstres"": 0.0}",0.0,0.0,3613.8168334960938,0.0,3.179142951965332,0.0,,0.0,0.0,0.0,180.0,5.7235870361328125,5.7235870361328125,Leave_One_experiments/all_year_offline_schedule_search/daily_outputs/HLA/HLA_2021_HLA2021_normal_grid_S0028_daily.csv
HLA,HLA,Hailun,2021,Leave_One_experiments\wth_generated_qc\HLA\HLA2021.WTH,wet_year;nitrogen_stress_year;low_response_year,wet,HLA2021_normal_grid_S0028,pareto_balanced,2021-07-11,192,73,68,"{""sim_day"": 73.0, ""doy"": 192.0, ""topwt"": 3960.2545166015625, ""grnwt"": 0.0, ""xlai"": 3.3440396785736084, ""totir"": 0.0, ""tofer"": NaN, ""swfac"": 0.0, ""nstres"": 0.0}",0.0,0.0,3960.2545166015625,0.0,3.3440396785736084,0.0,,0.0,0.0,0.0,180.0,5.7235870361328125,5.7235870361328125,Leave_One_experiments/all_year_offline_schedule_search/daily_outputs/HLA/HLA_2021_HLA2021_normal_grid_S0028_daily.csv
HLA,HLA,Hailun,2021,Leave_One_experiments\wth_generated_qc\HLA\HLA2021.WTH,wet_year;nitrogen_stress_year;low_response_year,wet,HLA2021_normal_grid_S0028,pareto_balanced,2021-07-12,193,74,69,"{""sim_day"": 74.0, ""doy"": 193.0, ""topwt"": 4333.9459228515625, ""grnwt"": 0.0, ""xlai"": 3.488688945770264, ""totir"": 0.0, ""tofer"": NaN, ""swfac"": 0.0, ""nstres"": 0.0}",0.0,0.0,4333.9459228515625,0.0,3.488688945770264,0.0,,0.0,0.0,0.0,180.0,5.7235870361328125,5.7235870361328125,Leave_One_experiments/all_year_offline_schedule_search/daily_outputs/HLA/HLA_2021_HLA2021_normal_grid_S0028_daily.csv
HLA,HLA,Hailun,2021,Leave_One_experiments\wth_generated_qc\HLA\HLA2021.WTH,wet_year;nitrogen_stress_year;low_response_year,wet,HLA2021_normal_grid_S0028,pareto_balanced,2021-07-13,194,75,70,"{""sim_day"": 75.0, ""doy"": 194.0, ""topwt"": 4578.237609863281, ""grnwt"": 0.0, ""xlai"": 3.572111129760742, ""totir"": 0.0, ""tofer"": NaN, ""swfac"": 0.0, ""nstres"": 0.0}",0.0,0.0,4578.237609863281,0.0,3.572111129760742,0.0,,0.0,0.0,0.0,180.0,5.7235870361328125,5.7235870361328125,Leave_One_experiments/all_year_offline_schedule_search/daily_outputs/HLA/HLA_2021_HLA2021_normal_grid_S0028_daily.csv
HLA,HLA,Hailun,2021,Leave_One_experiments\wth_generated_qc\HLA\HLA2021.WTH,wet_year;nitrogen_stress_year;low_response_year,wet,HLA2021_normal_grid_S0028,pareto_balanced,2021-07-14,195,76,71,"{""sim_day"": 76.0, ""doy"": 195.0, ""topwt"": 4804.1729736328125, ""grnwt"": 0.0, ""xlai"": 3.642301559448242, ""totir"": 0.0, ""tofer"": NaN, ""swfac"": 0.0, ""nstres"": 0.0}",0.0,0.0,4804.1729736328125,0.0,3.642301559448242,0.0,,0.0,0.0,0.0,180.0,5.7235870361328125,5.7235870361328125,Leave_One_experiments/all_year_offline_schedule_search/daily_outputs/HLA/HLA_2021_HLA2021_normal_grid_S0028_daily.csv
HLA,HLA,Hailun,2021,Leave_One_experiments\wth_generated_qc\HLA\HLA2021.WTH,wet_year;nitrogen_stress_year;low_response_year,wet,HLA2021_normal_grid_S0028,pareto_balanced,2021-07-15,196,77,72,"{""sim_day"": 77.0, ""doy"": 196.0, ""topwt"": 5022.449951171875, ""grnwt"": 0.0, ""xlai"": 3.705174446105957, ""totir"": 0.0, ""tofer"": NaN, ""swfac"": 0.0, ""nstres"": 0.0}",0.0,0.0,5022.449951171875,0.0,3.705174446105957,0.0,,0.0,0.0,0.0,180.0,5.7235870361328125,5.7235870361328125,Leave_One_experiments/all_year_offline_schedule_search/daily_outputs/HLA/HLA_2021_HLA2021_normal_grid_S0028_daily.csv
HLA,HLA,Hailun,2021,Leave_One_experiments\wth_generated_qc\HLA\HLA2021.WTH,wet_year;nitrogen_stress_year;low_response_year,wet,HLA2021_normal_grid_S0028,pareto_balanced,2021-07-16,197,78,73,"{""sim_day"": 78.0, ""doy"": 197.0, ""topwt"": 5275.919189453125, ""grnwt"": 0.0, ""xlai"": 3.77347731590271, ""totir"": 0.0, ""tofer"": NaN, ""swfac"": 0.0, ""nstres"": 0.0}",0.0,0.0,5275.919189453125,0.0,3.77347731590271,0.0,,0.0,0.0,0.0,180.0,5.7235870361328125,5.7235870361328125,Leave_One_experiments/all_year_offline_schedule_search/daily_outputs/HLA/HLA_2021_HLA2021_normal_grid_S0028_daily.csv
HLA,HLA,Hailun,2021,Leave_One_experiments\wth_generated_qc\HLA\HLA2021.WTH,wet_year;nitrogen_stress_year;low_response_year,wet,HLA2021_normal_grid_S0028,pareto_balanced,2021-07-17,198,79,74,"{""sim_day"": 79.0, ""doy"": 198.0, ""topwt"": 5493.001708984375, ""grnwt"": 0.0, ""xlai"": 3.828665256500244, ""totir"": 0.0, ""tofer"": NaN, ""swfac"": 0.0, ""nstres"": 0.0}",0.0,0.0,5493.001708984375,0.0,3.828665256500244,0.0,,0.0,0.0,0.0,180.0,5.7235870361328125,5.7235870361328125,Leave_One_experiments/all_year_offline_schedule_search/daily_outputs/HLA/HLA_2021_HLA2021_normal_grid_S0028_daily.csv
HLA,HLA,Hailun,2021,Leave_One_experiments\wth_generated_qc\HLA\HLA2021.WTH,wet_year;nitrogen_stress_year;low_response_year,wet,HLA2021_normal_grid_S0028,pareto_balanced,2021-07-18,199,80,75,"{""sim_day"": 80.0, ""doy"": 199.0, ""topwt"": 5731.119384765625, ""grnwt"": 0.0, ""xlai"": 3.8863365650177, ""totir"": 0.0, ""tofer"": NaN, ""swfac"": 0.0, ""nstres"": 0.0}",0.0,0.0,5731.119384765625,0.0,3.8863365650177,0.0,,0.0,0.0,0.0,180.0,5.7235870361328125,5.7235870361328125,Leave_One_experiments/all_year_offline_schedule_search/daily_outputs/HLA/HLA_2021_HLA2021_normal_grid_S0028_daily.csv
HLA,HLA,Hailun,2021,Leave_One_experiments\wth_generated_qc\HLA\HLA2021.WTH,wet_year;nitrogen_stress_year;low_response_year,wet,HLA2021_normal_grid_S0028,pareto_balanced,2021-07-19,200,81,76,"{""sim_day"": 81.0, ""doy"": 200.0, ""topwt"": 6000.762939453125, ""grnwt"": 0.0, ""xlai"": 3.951618671417236, ""totir"": 0.0, ""tofer"": NaN, ""swfac"": 0.0, ""nstres"": 0.0}",0.0,0.0,6000.762939453125,0.0,3.951618671417236,0.0,,0.0,0.0,0.0,180.0,5.7235870361328125,5.7235870361328125,Leave_One_experiments/all_year_offline_schedule_search/daily_outputs/HLA/HLA_2021_HLA2021_normal_grid_S0028_daily.csv
HLA,HLA,Hailun,2021,Leave_One_experiments\wth_generated_qc\HLA\HLA2021.WTH,wet_year;nitrogen_stress_year;low_response_year,wet,HLA2021_normal_grid_S0028,pareto_balanced,2021-07-20,201,82,77,"{""sim_day"": 82.0, ""doy"": 201.0, ""topwt"": 6295.739135742188, ""grnwt"": 0.0, ""xlai"": 4.022979259490967, ""totir"": 0.0, ""tofer"": NaN, ""swfac"": 0.0, ""nstres"": 0.0}",0.0,0.0,6295.739135742188,0.0,4.022979259490967,0.0,,0.0,0.0,0.0,180.0,5.7235870361328125,5.7235870361328125,Leave_One_experiments/all_year_offline_schedule_search/daily_outputs/HLA/HLA_2021_HLA2021_normal_grid_S0028_daily.csv
HLA,HLA,Hailun,2021,Leave_One_experiments\wth_generated_qc\HLA\HLA2021.WTH,wet_year;nitrogen_stress_year;low_response_year,wet,HLA2021_normal_grid_S0028,pareto_balanced,2021-07-21,202,83,78,"{""sim_day"": 83.0, ""doy"": 202.0, ""topwt"": 6600.6378173828125, ""grnwt"": 0.0, ""xlai"": 4.095906734466553, ""totir"": 0.0, ""tofer"": NaN, ""swfac"": 0.0, ""nstres"": 0.0}",0.0,0.0,6600.6378173828125,0.0,4.095906734466553,0.0,,0.0,0.0,0.0,180.0,5.7235870361328125,5.7235870361328125,Leave_One_experiments/all_year_offline_schedule_search/daily_outputs/HLA/HLA_2021_HLA2021_normal_grid_S0028_daily.csv
HLA,HLA,Hailun,2021,Leave_One_experiments\wth_generated_qc\HLA\HLA2021.WTH,wet_year;nitrogen_stress_year;low_response_year,wet,HLA2021_normal_grid_S0028,pareto_balanced,2021-07-22,203,84,79,"{""sim_day"": 84.0, ""doy"": 203.0, ""topwt"": 6897.947998046875, ""grnwt"": 0.0, ""xlai"": 4.16445779800415, ""totir"": 0.0, ""tofer"": NaN, ""swfac"": 0.0, ""nstres"": 0.0}",0.0,0.0,6897.947998046875,0.0,4.16445779800415,0.0,,0.0,0.0,0.0,180.0,5.7235870361328125,5.7235870361328125,Leave_One_experiments/all_year_offline_schedule_search/daily_outputs/HLA/HLA_2021_HLA2021_normal_grid_S0028_daily.csv
HLA,HLA,Hailun,2021,Leave_One_experiments\wth_generated_qc\HLA\HLA2021.WTH,wet_year;nitrogen_stress_year;low_response_year,wet,HLA2021_normal_grid_S0028,pareto_balanced,2021-07-23,204,85,80,"{""sim_day"": 85.0, ""doy"": 204.0, ""topwt"": 7314.422607421875, ""grnwt"": 0.0, ""xlai"": 3.979056596755981, ""totir"": 0.0, ""tofer"": NaN, ""swfac"": 0.0, ""nstres"": 0.0}",0.0,0.0,7314.422607421875,0.0,3.979056596755981,0.0,,0.0,0.0,0.0,180.0,5.7235870361328125,5.7235870361328125,Leave_One_experiments/all_year_offline_schedule_search/daily_outputs/HLA/HLA_2021_HLA2021_normal_grid_S0028_daily.csv
HLA,HLA,Hailun,2021,Leave_One_experiments\wth_generated_qc\HLA\HLA2021.WTH,wet_year;nitrogen_stress_year;low_response_year,wet,HLA2021_normal_grid_S0028,pareto_balanced,2021-07-24,205,86,81,"{""sim_day"": 86.0, ""doy"": 205.0, ""topwt"": 7497.508544921875, ""grnwt"": 0.0, ""xlai"": 3.9625959396362314, ""totir"": 0.0, ""tofer"": NaN, ""swfac"": 0.0, ""nstres"": 0.0}",0.0,0.0,7497.508544921875,0.0,3.9625959396362314,0.0,,0.0,0.0,0.0,180.0,5.7235870361328125,5.7235870361328125,Leave_One_experiments/all_year_offline_schedule_search/daily_outputs/HLA/HLA_2021_HLA2021_normal_grid_S0028_daily.csv
HLA,HLA,Hailun,2021,Leave_One_experiments\wth_generated_qc\HLA\HLA2021.WTH,wet_year;nitrogen_stress_year;low_response_year,wet,HLA2021_normal_grid_S0028,pareto_balanced,2021-07-25,206,87,82,"{""sim_day"": 87.0, ""doy"": 206.0, ""topwt"": 7573.3953857421875, ""grnwt"": 0.0, ""xlai"": 3.9456636905670166, ""totir"": 0.0, ""tofer"": NaN, ""swfac"": 0.0, ""nstres"": 0.0}",0.0,0.0,7573.3953857421875,0.0,3.9456636905670166,0.0,,0.0,0.0,0.0,180.0,5.7235870361328125,5.7235870361328125,Leave_One_experiments/all_year_offline_schedule_search/daily_outputs/HLA/HLA_2021_HLA2021_normal_grid_S0028_daily.csv
HLA,HLA,Hailun,2021,Leave_One_experiments\wth_generated_qc\HLA\HLA2021.WTH,wet_year;nitrogen_stress_year;low_response_year,wet,HLA2021_normal_grid_S0028,pareto_balanced,2021-07-26,207,88,83,"{""sim_day"": 88.0, ""doy"": 207.0, ""topwt"": 7807.880249023437, ""grnwt"": 0.0, ""xlai"": 3.9271061420440674, ""totir"": 0.0, ""tofer"": NaN, ""swfac"": 0.0, ""nstres"": 0.0}",0.0,0.0,7807.880249023437,0.0,3.9271061420440674,0.0,,0.0,0.0,0.0,180.0,5.7235870361328125,5.7235870361328125,Leave_One_experiments/all_year_offline_schedule_search/daily_outputs/HLA/HLA_2021_HLA2021_normal_grid_S0028_daily.csv
HLA,HLA,Hailun,2021,Leave_One_experiments\wth_generated_qc\HLA\HLA2021.WTH,wet_year;nitrogen_stress_year;low_response_year,wet,HLA2021_normal_grid_S0028,pareto_balanced,2021-07-27,208,89,84,"{""sim_day"": 89.0, ""doy"": 208.0, ""topwt"": 8215.62255859375, ""grnwt"": 0.0, ""xlai"": 3.909020185470581, ""totir"": 0.0, ""tofer"": NaN, ""swfac"": 0.0, ""nstres"": 0.0}",0.0,0.0,8215.62255859375,0.0,3.909020185470581,0.0,,0.0,0.0,0.0,180.0,5.7235870361328125,5.7235870361328125,Leave_One_experiments/all_year_offline_schedule_search/daily_outputs/HLA/HLA_2021_HLA2021_normal_grid_S0028_daily.csv
HLA,HLA,Hailun,2021,Leave_One_experiments\wth_generated_qc\HLA\HLA2021.WTH,wet_year;nitrogen_stress_year;low_response_year,wet,HLA2021_normal_grid_S0028,pareto_balanced,2021-07-28,209,90,85,"{""sim_day"": 90.0, ""doy"": 209.0, ""topwt"": 8397.506103515625, ""grnwt"": 0.0, ""xlai"": 3.89276933670044, ""totir"": 0.0, ""tofer"": NaN, ""swfac"": 0.0, ""nstres"": 0.0}",0.0,0.0,8397.506103515625,0.0,3.89276933670044,0.0,,0.0,0.0,0.0,180.0,5.7235870361328125,5.7235870361328125,Leave_One_experiments/all_year_offline_schedule_search/daily_outputs/HLA/HLA_2021_HLA2021_normal_grid_S0028_daily.csv
HLA,HLA,Hailun,2021,Leave_One_experiments\wth_generated_qc\HLA\HLA2021.WTH,wet_year;nitrogen_stress_year;low_response_year,wet,HLA2021_normal_grid_S0028,pareto_balanced,2021-07-29,210,91,86,"{""sim_day"": 91.0, ""doy"": 210.0, ""topwt"": 8708.043212890625, ""grnwt"": 0.0, ""xlai"": 3.875522613525391, ""totir"": 0.0, ""tofer"": NaN, ""swfac"": 0.0, ""nstres"": 0.0}",0.0,0.0,8708.043212890625,0.0,3.875522613525391,0.0,,0.0,0.0,0.0,180.0,5.7235870361328125,5.7235870361328125,Leave_One_experiments/all_year_offline_schedule_search/daily_outputs/HLA/HLA_2021_HLA2021_normal_grid_S0028_daily.csv
HLA,HLA,Hailun,2021,Leave_One_experiments\wth_generated_qc\HLA\HLA2021.WTH,wet_year;nitrogen_stress_year;low_response_year,wet,HLA2021_normal_grid_S0028,pareto_balanced,2021-07-30,211,92,87,"{""sim_day"": 92.0, ""doy"": 211.0, ""topwt"": 8824.490356445312, ""grnwt"": 0.0, ""xlai"": 3.85822343826294, ""totir"": 0.0, ""tofer"": NaN, ""swfac"": 0.0, ""nstres"": 0.0}",0.0,0.0,8824.490356445312,0.0,3.85822343826294,0.0,,0.0,0.0,0.0,180.0,5.7235870361328125,5.7235870361328125,Leave_One_experiments/all_year_offline_schedule_search/daily_outputs/HLA/HLA_2021_HLA2021_normal_grid_S0028_daily.csv
HLA,HLA,Hailun,2021,Leave_One_experiments\wth_generated_qc\HLA\HLA2021.WTH,wet_year;nitrogen_stress_year;low_response_year,wet,HLA2021_normal_grid_S0028,pareto_balanced,2021-07-31,212,93,88,"{""sim_day"": 93.0, ""doy"": 212.0, ""topwt"": 9017.727661132812, ""grnwt"": 0.0, ""xlai"": 3.842024803161621, ""totir"": 0.0, ""tofer"": NaN, ""swfac"": 0.0, ""nstres"": 0.0}",0.0,0.0,9017.727661132812,0.0,3.842024803161621,0.0,,0.0,0.0,0.0,180.0,5.7235870361328125,5.7235870361328125,Leave_One_experiments/all_year_offline_schedule_search/daily_outputs/HLA/HLA_2021_HLA2021_normal_grid_S0028_daily.csv
HLA,HLA,Hailun,2021,Leave_One_experiments\wth_generated_qc\HLA\HLA2021.WTH,wet_year;nitrogen_stress_year;low_response_year,wet,HLA2021_normal_grid_S0028,pareto_balanced,2021-08-01,213,94,89,"{""sim_day"": 94.0, ""doy"": 213.0, ""topwt"": 9084.8193359375, ""grnwt"": 0.0, ""xlai"": 3.830229997634888, ""totir"": 0.0, ""tofer"": NaN, ""swfac"": 0.0, ""nstres"": 0.0}",0.0,0.0,9084.8193359375,0.0,3.830229997634888,0.0,,0.0,0.0,0.0,180.0,5.7235870361328125,5.7235870361328125,Leave_One_experiments/all_year_offline_schedule_search/daily_outputs/HLA/HLA_2021_HLA2021_normal_grid_S0028_daily.csv
HLA,HLA,Hailun,2021,Leave_One_experiments\wth_generated_qc\HLA\HLA2021.WTH,wet_year;nitrogen_stress_year;low_response_year,wet,HLA2021_normal_grid_S0028,pareto_balanced,2021-08-02,214,95,90,"{""sim_day"": 95.0, ""doy"": 214.0, ""topwt"": 9144.00634765625, ""grnwt"": 0.0, ""xlai"": 3.8165476322174072, ""totir"": 0.0, ""tofer"": NaN, ""swfac"": 0.0, ""nstres"": 0.0}",0.0,0.0,9144.00634765625,0.0,3.8165476322174072,0.0,,0.0,0.0,0.0,180.0,5.7235870361328125,5.7235870361328125,Leave_One_experiments/all_year_offline_schedule_search/daily_outputs/HLA/HLA_2021_HLA2021_normal_grid_S0028_daily.csv
HLA,HLA,Hailun,2021,Leave_One_experiments\wth_generated_qc\HLA\HLA2021.WTH,wet_year;nitrogen_stress_year;low_response_year,wet,HLA2021_normal_grid_S0028,pareto_balanced,2021-08-03,215,96,91,"{""sim_day"": 96.0, ""doy"": 215.0, ""topwt"": 9274.353637695312, ""grnwt"": 130.34695625305176, ""xlai"": 3.727107763290405, ""totir"": 0.0, ""tofer"": NaN, ""swfac"": 0.0, ""nstres"": 0.0}",0.0,0.0,9274.353637695312,130.34695625305176,3.727107763290405,0.0,,0.0,0.0,0.0,180.0,5.7235870361328125,5.7235870361328125,Leave_One_experiments/all_year_offline_schedule_search/daily_outputs/HLA/HLA_2021_HLA2021_normal_grid_S0028_daily.csv
HLA,HLA,Hailun,2021,Leave_One_experiments\wth_generated_qc\HLA\HLA2021.WTH,wet_year;nitrogen_stress_year;low_response_year,wet,HLA2021_normal_grid_S0028,pareto_balanced,2021-08-04,216,97,92,"{""sim_day"": 97.0, ""doy"": 216.0, ""topwt"": 9404.700317382812, ""grnwt"": 260.6939125061035, ""xlai"": 3.71423077583313, ""totir"": 0.0, ""tofer"": NaN, ""swfac"": 0.0, ""nstres"": 0.0}",0.0,0.0,9404.700317382812,260.6939125061035,3.71423077583313,0.0,,0.0,0.0,0.0,180.0,5.7235870361328125,5.7235870361328125,Leave_One_experiments/all_year_offline_schedule_search/daily_outputs/HLA/HLA_2021_HLA2021_normal_grid_S0028_daily.csv
HLA,HLA,Hailun,2021,Leave_One_experiments\wth_generated_qc\HLA\HLA2021.WTH,wet_year;nitrogen_stress_year;low_response_year,wet,HLA2021_normal_grid_S0028,pareto_balanced,2021-08-05,217,98,93,"{""sim_day"": 98.0, ""doy"": 217.0, ""topwt"": 9535.046997070312, ""grnwt"": 391.0408401489258, ""xlai"": 3.699485540390015, ""totir"": 0.0, ""tofer"": NaN, ""swfac"": 0.0, ""nstres"": 0.0}",0.0,0.0,9535.046997070312,391.0408401489258,3.699485540390015,0.0,,0.0,0.0,0.0,180.0,5.7235870361328125,5.7235870361328125,Leave_One_experiments/all_year_offline_schedule_search/daily_outputs/HLA/HLA_2021_HLA2021_normal_grid_S0028_daily.csv
HLA,HLA,Hailun,2021,Leave_One_experiments\wth_generated_qc\HLA\HLA2021.WTH,wet_year;nitrogen_stress_year;low_response_year,wet,HLA2021_normal_grid_S0028,pareto_balanced,2021-08-06,218,99,94,"{""sim_day"": 99.0, ""doy"": 218.0, ""topwt"": 9665.394287109377, ""grnwt"": 521.387825012207, ""xlai"": 3.681031465530396, ""totir"": 0.0, ""tofer"": NaN, ""swfac"": 0.0, ""nstres"": 0.0}",0.0,0.0,9665.394287109377,521.387825012207,3.681031465530396,0.0,,0.0,0.0,0.0,180.0,5.7235870361328125,5.7235870361328125,Leave_One_experiments/all_year_offline_schedule_search/daily_outputs/HLA/HLA_2021_HLA2021_normal_grid_S0028_daily.csv
HLA,HLA,Hailun,2021,Leave_One_experiments\wth_generated_qc\HLA\HLA2021.WTH,wet_year;nitrogen_stress_year;low_response_year,wet,HLA2021_normal_grid_S0028,pareto_balanced,2021-08-07,219,100,95,"{""sim_day"": 100.0, ""doy"": 219.0, ""topwt"": 9795.740966796877, ""grnwt"": 651.7347717285156, ""xlai"": 3.6583597660064697, ""totir"": 0.0, ""tofer"": NaN, ""swfac"": 0.0, ""nstres"": 0.0}",0.0,0.0,9795.740966796877,651.7347717285156,3.6583597660064697,0.0,,0.0,0.0,0.0,180.0,5.7235870361328125,5.7235870361328125,Leave_One_experiments/all_year_offline_schedule_search/daily_outputs/HLA/HLA_2021_HLA2021_normal_grid_S0028_daily.csv
HLA,HLA,Hailun,2021,Leave_One_experiments\wth_generated_qc\HLA\HLA2021.WTH,wet_year;nitrogen_stress_year;low_response_year,wet,HLA2021_normal_grid_S0028,pareto_balanced,2021-08-08,220,101,96,"{""sim_day"": 101.0, ""doy"": 220.0, ""topwt"": 9926.087646484377, ""grnwt"": 782.0817565917969, ""xlai"": 3.637850761413574, ""totir"": 0.0, ""tofer"": NaN, ""swfac"": 0.0, ""nstres"": 0.0}",0.0,0.0,9926.087646484377,782.0817565917969,3.637850761413574,0.0,,0.0,0.0,0.0,180.0,5.7235870361328125,5.7235870361328125,Leave_One_experiments/all_year_offline_schedule_search/daily_outputs/HLA/HLA_2021_HLA2021_normal_grid_S0028_daily.csv
HLA,HLA,Hailun,2021,Leave_One_experiments\wth_generated_qc\HLA\HLA2021.WTH,wet_year;nitrogen_stress_year;low_response_year,wet,HLA2021_normal_grid_S0028,pareto_balanced,2021-08-09,221,102,97,"{""sim_day"": 102.0, ""doy"": 221.0, ""topwt"": 10056.435546875, ""grnwt"": 912.4286651611328, ""xlai"": 3.6219639778137207, ""totir"": 0.0, ""tofer"": NaN, ""swfac"": 0.0, ""nstres"": 0.0}",0.0,0.0,10056.435546875,912.4286651611328,3.6219639778137207,0.0,,0.0,0.0,0.0,180.0,5.7235870361328125,5.7235870361328125,Leave_One_experiments/all_year_offline_schedule_search/daily_outputs/HLA/HLA_2021_HLA2021_normal_grid_S0028_daily.csv
HLA,HLA,Hailun,2021,Leave_One_experiments\wth_generated_qc\HLA\HLA2021.WTH,wet_year;nitrogen_stress_year;low_response_year,wet,HLA2021_normal_grid_S0028,pareto_balanced,2021-08-10,222,103,98,"{""sim_day"": 103.0, ""doy"": 222.0, ""topwt"": 10186.782836914062, ""grnwt"": 1042.775650024414, ""xlai"": 3.600528717041016, ""totir"": 0.0, ""tofer"": NaN, ""swfac"": 0.0, ""nstres"": 0.0}",0.0,0.0,10186.782836914062,1042.775650024414,3.600528717041016,0.0,,0.0,0.0,0.0,180.0,5.7235870361328125,5.7235870361328125,Leave_One_experiments/all_year_offline_schedule_search/daily_outputs/HLA/HLA_2021_HLA2021_normal_grid_S0028_daily.csv
HLA,HLA,Hailun,2021,Leave_One_experiments\wth_generated_qc\HLA\HLA2021.WTH,wet_year;nitrogen_stress_year;low_response_year,wet,HLA2021_normal_grid_S0028,pareto_balanced,2021-08-11,223,104,99,"{""sim_day"": 104.0, ""doy"": 223.0, ""topwt"": 10317.12890625, ""grnwt"": 1173.12255859375, ""xlai"": 3.581603765487671, ""totir"": 0.0, ""tofer"": NaN, ""swfac"": 0.0, ""nstres"": 0.0}",0.0,0.0,10317.12890625,1173.12255859375,3.581603765487671,0.0,,0.0,0.0,0.0,180.0,5.7235870361328125,5.7235870361328125,Leave_One_experiments/all_year_offline_schedule_search/daily_outputs/HLA/HLA_2021_HLA2021_normal_grid_S0028_daily.csv
HLA,HLA,Hailun,2021,Leave_One_experiments\wth_generated_qc\HLA\HLA2021.WTH,wet_year;nitrogen_stress_year;low_response_year,wet,HLA2021_normal_grid_S0028,pareto_balanced,2021-08-12,224,105,100,"{""sim_day"": 105.0, ""doy"": 224.0, ""topwt"": 10447.4755859375, ""grnwt"": 1303.4695434570312, ""xlai"": 3.5534234046936035, ""totir"": 0.0, ""tofer"": NaN, ""swfac"": 0.0, ""nstres"": 0.0}",0.0,0.0,10447.4755859375,1303.4695434570312,3.5534234046936035,0.0,,0.0,0.0,0.0,180.0,5.7235870361328125,5.7235870361328125,Leave_One_experiments/all_year_offline_schedule_search/daily_outputs/HLA/HLA_2021_HLA2021_normal_grid_S0028_daily.csv
HLA,HLA,Hailun,2021,Leave_One_experiments\wth_generated_qc\HLA\HLA2021.WTH,wet_year;nitrogen_stress_year;low_response_year,wet,HLA2021_normal_grid_S0028,pareto_balanced,2021-08-13,225,106,101,"{""sim_day"": 106.0, ""doy"": 225.0, ""topwt"": 10577.823486328123, ""grnwt"": 1433.8165283203125, ""xlai"": 3.521620512008667, ""totir"": 0.0, ""tofer"": NaN, ""swfac"": 0.0, ""nstres"": 0.0}",0.0,0.0,10577.823486328123,1433.8165283203125,3.521620512008667,0.0,,0.0,0.0,0.0,180.0,5.7235870361328125,5.7235870361328125,Leave_One_experiments/all_year_offline_schedule_search/daily_outputs/HLA/HLA_2021_HLA2021_normal_grid_S0028_daily.csv
HLA,HLA,Hailun,2021,Leave_One_experiments\wth_generated_qc\HLA\HLA2021.WTH,wet_year;nitrogen_stress_year;low_response_year,wet,HLA2021_normal_grid_S0028,pareto_balanced,2021-08-14,226,107,102,"{""sim_day"": 107.0, ""doy"": 226.0, ""topwt"": 10708.17138671875, ""grnwt"": 1564.1635131835938, ""xlai"": 3.489492416381836, ""totir"": 0.0, ""tofer"": NaN, ""swfac"": 0.0, ""nstres"": 0.0}",0.0,0.0,10708.17138671875,1564.1635131835938,3.489492416381836,0.0,,0.0,0.0,0.0,180.0,5.7235870361328125,5.7235870361328125,Leave_One_experiments/all_year_offline_schedule_search/daily_outputs/HLA/HLA_2021_HLA2021_normal_grid_S0028_daily.csv
HLA,HLA,Hailun,2021,Leave_One_experiments\wth_generated_qc\HLA\HLA2021.WTH,wet_year;nitrogen_stress_year;low_response_year,wet,HLA2021_normal_grid_S0028,pareto_balanced,2021-08-15,227,108,103,"{""sim_day"": 108.0, ""doy"": 227.0, ""topwt"": 10838.51806640625, ""grnwt"": 1694.510498046875, ""xlai"": 3.4556307792663574, ""totir"": 0.0, ""tofer"": NaN, ""swfac"": 0.0, ""nstres"": 0.0}",0.0,0.0,10838.51806640625,1694.510498046875,3.4556307792663574,0.0,,0.0,0.0,0.0,180.0,5.7235870361328125,5.7235870361328125,Leave_One_experiments/all_year_offline_schedule_search/daily_outputs/HLA/HLA_2021_HLA2021_normal_grid_S0028_daily.csv
HLA,HLA,Hailun,2021,Leave_One_experiments\wth_generated_qc\HLA\HLA2021.WTH,wet_year;nitrogen_stress_year;low_response_year,wet,HLA2021_normal_grid_S0028,pareto_balanced,2021-08-16,228,109,104,"{""sim_day"": 109.0, ""doy"": 228.0, ""topwt"": 10968.86474609375, ""grnwt"": 1824.8573303222656, ""xlai"": 3.415555477142334, ""totir"": 0.0, ""tofer"": NaN, ""swfac"": 0.0, ""nstres"": 0.0}",0.0,0.0,10968.86474609375,1824.8573303222656,3.415555477142334,0.0,,0.0,0.0,0.0,180.0,5.7235870361328125,5.7235870361328125,Leave_One_experiments/all_year_offline_schedule_search/daily_outputs/HLA/HLA_2021_HLA2021_normal_grid_S0028_daily.csv
HLA,HLA,Hailun,2021,Leave_One_experiments\wth_generated_qc\HLA\HLA2021.WTH,wet_year;nitrogen_stress_year;low_response_year,wet,HLA2021_normal_grid_S0028,pareto_balanced,2021-08-17,229,110,105,"{""sim_day"": 110.0, ""doy"": 229.0, ""topwt"": 11099.21142578125, ""grnwt"": 1955.204162597656, ""xlai"": 3.3713998794555664, ""totir"": 0.0, ""tofer"": NaN, ""swfac"": 0.0, ""nstres"": 0.0}",0.0,0.0,11099.21142578125,1955.204162597656,3.3713998794555664,0.0,,0.0,0.0,0.0,180.0,5.7235870361328125,5.7235870361328125,Leave_One_experiments/all_year_offline_schedule_search/daily_outputs/HLA/HLA_2021_HLA2021_normal_grid_S0028_daily.csv
HLA,HLA,Hailun,2021,Leave_One_experiments\wth_generated_qc\HLA\HLA2021.WTH,wet_year;nitrogen_stress_year;low_response_year,wet,HLA2021_normal_grid_S0028,pareto_balanced,2021-08-18,230,111,106,"{""sim_day"": 111.0, ""doy"": 230.0, ""topwt"": 11229.559326171877, ""grnwt"": 2085.551147460937, ""xlai"": 3.317835569381714, ""totir"": 0.0, ""tofer"": NaN, ""swfac"": 0.0, ""nstres"": 0.0}",0.0,0.0,11229.559326171877,2085.551147460937,3.317835569381714,0.0,,0.0,0.0,0.0,180.0,5.7235870361328125,5.7235870361328125,Leave_One_experiments/all_year_offline_schedule_search/daily_outputs/HLA/HLA_2021_HLA2021_normal_grid_S0028_daily.csv
HLA,HLA,Hailun,2021,Leave_One_experiments\wth_generated_qc\HLA\HLA2021.WTH,wet_year;nitrogen_stress_year;low_response_year,wet,HLA2021_normal_grid_S0028,pareto_balanced,2021-08-19,231,112,107,"{""sim_day"": 112.0, ""doy"": 231.0, ""topwt"": 11359.906005859377, ""grnwt"": 2215.897979736328, ""xlai"": 3.256695508956909, ""totir"": 0.0, ""tofer"": NaN, ""swfac"": 0.0, ""nstres"": 0.0}",0.0,0.0,11359.906005859377,2215.897979736328,3.256695508956909,0.0,,0.0,0.0,0.0,180.0,5.7235870361328125,5.7235870361328125,Leave_One_experiments/all_year_offline_schedule_search/daily_outputs/HLA/HLA_2021_HLA2021_normal_grid_S0028_daily.csv
HLA,HLA,Hailun,2021,Leave_One_experiments\wth_generated_qc\HLA\HLA2021.WTH,wet_year;nitrogen_stress_year;low_response_year,wet,HLA2021_normal_grid_S0028,pareto_balanced,2021-08-20,232,113,108,"{""sim_day"": 113.0, ""doy"": 232.0, ""topwt"": 11468.5302734375, ""grnwt"": 2346.2448120117188, ""xlai"": 3.2051076889038086, ""totir"": 0.0, ""tofer"": NaN, ""swfac"": 0.0, ""nstres"": 0.0}",0.0,0.0,11468.5302734375,2346.2448120117188,3.2051076889038086,0.0,,0.0,0.0,0.0,180.0,5.7235870361328125,5.7235870361328125,Leave_One_experiments/all_year_offline_schedule_search/daily_outputs/HLA/HLA_2021_HLA2021_normal_grid_S0028_daily.csv
HLA,HLA,Hailun,2021,Leave_One_experiments\wth_generated_qc\HLA\HLA2021.WTH,wet_year;nitrogen_stress_year;low_response_year,wet,HLA2021_normal_grid_S0028,pareto_balanced,2021-08-21,233,114,109,"{""sim_day"": 114.0, ""doy"": 233.0, ""topwt"": 11543.8720703125, ""grnwt"": 2476.5916442871094, ""xlai"": 3.157960891723633, ""totir"": 0.0, ""tofer"": NaN, ""swfac"": 0.0, ""nstres"": 0.0}",0.0,0.0,11543.8720703125,2476.5916442871094,3.157960891723633,0.0,,0.0,0.0,0.0,180.0,5.7235870361328125,5.7235870361328125,Leave_One_experiments/all_year_offline_schedule_search/daily_outputs/HLA/HLA_2021_HLA2021_normal_grid_S0028_daily.csv
HLA,HLA,Hailun,2021,Leave_One_experiments\wth_generated_qc\HLA\HLA2021.WTH,wet_year;nitrogen_stress_year;low_response_year,wet,HLA2021_normal_grid_S0028,pareto_balanced,2021-08-22,234,115,110,"{""sim_day"": 115.0, ""doy"": 234.0, ""topwt"": 11750.947265625, ""grnwt"": 2606.9384765625, ""xlai"": 3.0989038944244385, ""totir"": 0.0, ""tofer"": NaN, ""swfac"": 0.0, ""nstres"": 0.0}",0.0,0.0,11750.947265625,2606.9384765625,3.0989038944244385,0.0,,0.0,0.0,0.0,180.0,5.7235870361328125,5.7235870361328125,Leave_One_experiments/all_year_offline_schedule_search/daily_outputs/HLA/HLA_2021_HLA2021_normal_grid_S0028_daily.csv
HLA,HLA,Hailun,2021,Leave_One_experiments\wth_generated_qc\HLA\HLA2021.WTH,wet_year;nitrogen_stress_year;low_response_year,wet,HLA2021_normal_grid_S0028,pareto_balanced,2021-08-23,235,116,111,"{""sim_day"": 116.0, ""doy"": 235.0, ""topwt"": 11881.2939453125, ""grnwt"": 2737.285461425781, ""xlai"": 3.037214756011963, ""totir"": 0.0, ""tofer"": NaN, ""swfac"": 0.0, ""nstres"": 0.0}",0.0,0.0,11881.2939453125,2737.285461425781,3.037214756011963,0.0,,0.0,0.0,0.0,180.0,5.7235870361328125,5.7235870361328125,Leave_One_experiments/all_year_offline_schedule_search/daily_outputs/HLA/HLA_2021_HLA2021_normal_grid_S0028_daily.csv
HLA,HLA,Hailun,2021,Leave_One_experiments\wth_generated_qc\HLA\HLA2021.WTH,wet_year;nitrogen_stress_year;low_response_year,wet,HLA2021_normal_grid_S0028,pareto_balanced,2021-08-24,236,117,112,"{""sim_day"": 117.0, ""doy"": 236.0, ""topwt"": 12011.640625, ""grnwt"": 2867.6324462890625, ""xlai"": 2.9688961505889893, ""totir"": 0.0, ""tofer"": NaN, ""swfac"": 0.0, ""nstres"": 0.0}",0.0,0.0,12011.640625,2867.6324462890625,2.9688961505889893,0.0,,0.0,0.0,0.0,180.0,5.7235870361328125,5.7235870361328125,Leave_One_experiments/all_year_offline_schedule_search/daily_outputs/HLA/HLA_2021_HLA2021_normal_grid_S0028_daily.csv
HLA,HLA,Hailun,2021,Leave_One_experiments\wth_generated_qc\HLA\HLA2021.WTH,wet_year;nitrogen_stress_year;low_response_year,wet,HLA2021_normal_grid_S0028,pareto_balanced,2021-08-25,237,118,113,"{""sim_day"": 118.0, ""doy"": 237.0, ""topwt"": 12141.988525390623, ""grnwt"": 2997.9791259765625, ""xlai"": 2.90679669380188, ""totir"": 0.0, ""tofer"": NaN, ""swfac"": 0.0, ""nstres"": 0.0}",0.0,0.0,12141.988525390623,2997.9791259765625,2.90679669380188,0.0,,0.0,0.0,0.0,180.0,5.7235870361328125,5.7235870361328125,Leave_One_experiments/all_year_offline_schedule_search/daily_outputs/HLA/HLA_2021_HLA2021_normal_grid_S0028_daily.csv
HLA,HLA,Hailun,2021,Leave_One_experiments\wth_generated_qc\HLA\HLA2021.WTH,wet_year;nitrogen_stress_year;low_response_year,wet,HLA2021_normal_grid_S0028,pareto_balanced,2021-08-26,238,119,114,"{""sim_day"": 119.0, ""doy"": 238.0, ""topwt"": 12272.33642578125, ""grnwt"": 3128.326110839844, ""xlai"": 2.840686321258545, ""totir"": 0.0, ""tofer"": NaN, ""swfac"": 0.0, ""nstres"": 0.0}",0.0,0.0,12272.33642578125,3128.326110839844,2.840686321258545,0.0,,0.0,0.0,0.0,180.0,5.7235870361328125,5.7235870361328125,Leave_One_experiments/all_year_offline_schedule_search/daily_outputs/HLA/HLA_2021_HLA2021_normal_grid_S0028_daily.csv
HLA,HLA,Hailun,2021,Leave_One_experiments\wth_generated_qc\HLA\HLA2021.WTH,wet_year;nitrogen_stress_year;low_response_year,wet,HLA2021_normal_grid_S0028,pareto_balanced,2021-08-27,239,120,115,"{""sim_day"": 120.0, ""doy"": 239.0, ""topwt"": 12402.68310546875, ""grnwt"": 3258.673095703125, ""xlai"": 2.779451608657837, ""totir"": 0.0, ""tofer"": NaN, ""swfac"": 0.0, ""nstres"": 0.0}",0.0,0.0,12402.68310546875,3258.673095703125,2.779451608657837,0.0,,0.0,0.0,0.0,180.0,5.7235870361328125,5.7235870361328125,Leave_One_experiments/all_year_offline_schedule_search/daily_outputs/HLA/HLA_2021_HLA2021_normal_grid_S0028_daily.csv
HLA,HLA,Hailun,2021,Leave_One_experiments\wth_generated_qc\HLA\HLA2021.WTH,wet_year;nitrogen_stress_year;low_response_year,wet,HLA2021_normal_grid_S0028,pareto_balanced,2021-08-28,240,121,116,"{""sim_day"": 121.0, ""doy"": 240.0, ""topwt"": 12522.47802734375, ""grnwt"": 3378.4683227539062, ""xlai"": 2.734065055847168, ""totir"": 0.0, ""tofer"": NaN, ""swfac"": 0.0, ""nstres"": 0.0}",0.0,0.0,12522.47802734375,3378.4683227539062,2.734065055847168,0.0,,0.0,0.0,0.0,180.0,5.7235870361328125,5.7235870361328125,Leave_One_experiments/all_year_offline_schedule_search/daily_outputs/HLA/HLA_2021_HLA2021_normal_grid_S0028_daily.csv
HLA,HLA,Hailun,2021,Leave_One_experiments\wth_generated_qc\HLA\HLA2021.WTH,wet_year;nitrogen_stress_year;low_response_year,wet,HLA2021_normal_grid_S0028,pareto_balanced,2021-08-29,241,122,117,"{""sim_day"": 122.0, ""doy"": 241.0, ""topwt"": 12613.099365234377, ""grnwt"": 3469.090576171875, ""xlai"": 2.7011070251464844, ""totir"": 0.0, ""tofer"": NaN, ""swfac"": 0.0, ""nstres"": 0.0}",0.0,0.0,12613.099365234377,3469.090576171875,2.7011070251464844,0.0,,0.0,0.0,0.0,180.0,5.7235870361328125,5.7235870361328125,Leave_One_experiments/all_year_offline_schedule_search/daily_outputs/HLA/HLA_2021_HLA2021_normal_grid_S0028_daily.csv
HLA,HLA,Hailun,2021,Leave_One_experiments\wth_generated_qc\HLA\HLA2021.WTH,wet_year;nitrogen_stress_year;low_response_year,wet,HLA2021_normal_grid_S0028,pareto_balanced,2021-08-30,242,123,118,"{""sim_day"": 123.0, ""doy"": 242.0, ""topwt"": 12742.205810546877, ""grnwt"": 3598.1961059570312, ""xlai"": 2.6483004093170166, ""totir"": 0.0, ""tofer"": NaN, ""swfac"": 0.0, ""nstres"": 0.0}",0.0,0.0,12742.205810546877,3598.1961059570312,2.6483004093170166,0.0,,0.0,0.0,0.0,180.0,5.7235870361328125,5.7235870361328125,Leave_One_experiments/all_year_offline_schedule_search/daily_outputs/HLA/HLA_2021_HLA2021_normal_grid_S0028_daily.csv
HLA,HLA,Hailun,2021,Leave_One_experiments\wth_generated_qc\HLA\HLA2021.WTH,wet_year;nitrogen_stress_year;low_response_year,wet,HLA2021_normal_grid_S0028,pareto_balanced,2021-08-31,243,124,119,"{""sim_day"": 124.0, ""doy"": 243.0, ""topwt"": 12872.552490234377, ""grnwt"": 3728.543090820313, ""xlai"": 2.564817428588867, ""totir"": 0.0, ""tofer"": NaN, ""swfac"": 0.0, ""nstres"": 0.0}",0.0,0.0,12872.552490234377,3728.543090820313,2.564817428588867,0.0,,0.0,0.0,0.0,180.0,5.7235870361328125,5.7235870361328125,Leave_One_experiments/all_year_offline_schedule_search/daily_outputs/HLA/HLA_2021_HLA2021_normal_grid_S0028_daily.csv
HLA,HLA,Hailun,2021,Leave_One_experiments\wth_generated_qc\HLA\HLA2021.WTH,wet_year;nitrogen_stress_year;low_response_year,wet,HLA2021_normal_grid_S0028,pareto_balanced,2021-09-01,244,125,120,"{""sim_day"": 125.0, ""doy"": 244.0, ""topwt"": 13002.899169921877, ""grnwt"": 3858.8900756835938, ""xlai"": 2.478799819946289, ""totir"": 0.0, ""tofer"": NaN, ""swfac"": 0.0, ""nstres"": 0.0009974241256713}",0.0,0.0009974241256713,13002.899169921877,3858.8900756835938,2.478799819946289,0.0,,0.0,0.0,0.0,180.0,5.7235870361328125,5.7235870361328125,Leave_One_experiments/all_year_offline_schedule_search/daily_outputs/HLA/HLA_2021_HLA2021_normal_grid_S0028_daily.csv
HLA,HLA,Hailun,2021,Leave_One_experiments\wth_generated_qc\HLA\HLA2021.WTH,wet_year;nitrogen_stress_year;low_response_year,wet,HLA2021_normal_grid_S0028,pareto_balanced,2021-09-02,245,126,121,"{""sim_day"": 126.0, ""doy"": 245.0, ""topwt"": 13133.245849609377, ""grnwt"": 3989.237060546875, ""xlai"": 2.380201578140259, ""totir"": 0.0, ""tofer"": NaN, ""swfac"": 0.0, ""nstres"": 0.0120567083358764}",0.0,0.0120567083358764,13133.245849609377,3989.237060546875,2.380201578140259,0.0,,0.0,0.0,0.0,180.0,5.7235870361328125,5.7235870361328125,Leave_One_experiments/all_year_offline_schedule_search/daily_outputs/HLA/HLA_2021_HLA2021_normal_grid_S0028_daily.csv
HLA,HLA,Hailun,2021,Leave_One_experiments\wth_generated_qc\HLA\HLA2021.WTH,wet_year;nitrogen_stress_year;low_response_year,wet,HLA2021_normal_grid_S0028,pareto_balanced,2021-09-03,246,127,122,"{""sim_day"": 127.0, ""doy"": 246.0, ""topwt"": 13263.592529296877, ""grnwt"": 4119.5843505859375, ""xlai"": 2.266845703125, ""totir"": 0.0, ""tofer"": NaN, ""swfac"": 0.0, ""nstres"": 0.0226943492889404}",0.0,0.0226943492889404,13263.592529296877,4119.5843505859375,2.266845703125,0.0,,0.0,0.0,0.0,180.0,5.7235870361328125,5.7235870361328125,Leave_One_experiments/all_year_offline_schedule_search/daily_outputs/HLA/HLA_2021_HLA2021_normal_grid_S0028_daily.csv
HLA,HLA,Hailun,2021,Leave_One_experiments\wth_generated_qc\HLA\HLA2021.WTH,wet_year;nitrogen_stress_year;low_response_year,wet,HLA2021_normal_grid_S0028,pareto_balanced,2021-09-04,247,128,123,"{""sim_day"": 128.0, ""doy"": 247.0, ""topwt"": 13393.939208984377, ""grnwt"": 4249.931335449219, ""xlai"": 2.151842832565308, ""totir"": 0.0, ""tofer"": NaN, ""swfac"": 0.0, ""nstres"": 0.034226655960083}",0.0,0.034226655960083,13393.939208984377,4249.931335449219,2.151842832565308,0.0,,0.0,0.0,0.0,180.0,5.7235870361328125,5.7235870361328125,Leave_One_experiments/all_year_offline_schedule_search/daily_outputs/HLA/HLA_2021_HLA2021_normal_grid_S0028_daily.csv
HLA,HLA,Hailun,2021,Leave_One_experiments\wth_generated_qc\HLA\HLA2021.WTH,wet_year;nitrogen_stress_year;low_response_year,wet,HLA2021_normal_grid_S0028,pareto_balanced,2021-09-05,248,129,124,"{""sim_day"": 129.0, ""doy"": 248.0, ""topwt"": 13524.285888671877, ""grnwt"": 4380.2783203125, ""xlai"": 2.0429229736328125, ""totir"": 0.0, ""tofer"": NaN, ""swfac"": 0.0, ""nstres"": 0.047292947769165}",0.0,0.047292947769165,13524.285888671877,4380.2783203125,2.0429229736328125,0.0,,0.0,0.0,0.0,180.0,5.7235870361328125,5.7235870361328125,Leave_One_experiments/all_year_offline_schedule_search/daily_outputs/HLA/HLA_2021_HLA2021_normal_grid_S0028_daily.csv
HLA,HLA,Hailun,2021,Leave_One_experiments\wth_generated_qc\HLA\HLA2021.WTH,wet_year;nitrogen_stress_year;low_response_year,wet,HLA2021_normal_grid_S0028,pareto_balanced,2021-09-06,249,130,125,"{""sim_day"": 130.0, ""doy"": 249.0, ""topwt"": 13612.451171875, ""grnwt"": 4510.6256103515625, ""xlai"": 1.95366895198822, ""totir"": 0.0, ""tofer"": NaN, ""swfac"": 0.0, ""nstres"": 0.0626841783523559}",0.0,0.0626841783523559,13612.451171875,4510.6256103515625,1.95366895198822,0.0,,0.0,0.0,0.0,180.0,5.7235870361328125,5.7235870361328125,Leave_One_experiments/all_year_offline_schedule_search/daily_outputs/HLA/HLA_2021_HLA2021_normal_grid_S0028_daily.csv
HLA,HLA,Hailun,2021,Leave_One_experiments\wth_generated_qc\HLA\HLA2021.WTH,wet_year;nitrogen_stress_year;low_response_year,wet,HLA2021_normal_grid_S0028,pareto_balanced,2021-09-07,250,131,126,"{""sim_day"": 131.0, ""doy"": 250.0, ""topwt"": 13784.979248046877, ""grnwt"": 4640.972595214844, ""xlai"": 1.876828908920288, ""totir"": 0.0, ""tofer"": NaN, ""swfac"": 0.0, ""nstres"": 0.0792710781097412}",0.0,0.0792710781097412,13784.979248046877,4640.972595214844,1.876828908920288,0.0,,0.0,0.0,0.0,180.0,5.7235870361328125,5.7235870361328125,Leave_One_experiments/all_year_offline_schedule_search/daily_outputs/HLA/HLA_2021_HLA2021_normal_grid_S0028_daily.csv
HLA,HLA,Hailun,2021,Leave_One_experiments\wth_generated_qc\HLA\HLA2021.WTH,wet_year;nitrogen_stress_year;low_response_year,wet,HLA2021_normal_grid_S0028,pareto_balanced,2021-09-08,251,132,127,"{""sim_day"": 132.0, ""doy"": 251.0, ""topwt"": 13877.288818359377, ""grnwt"": 4771.319580078125, ""xlai"": 1.7948907613754272, ""totir"": 0.0, ""tofer"": NaN, ""swfac"": 0.0, ""nstres"": 0.0913357734680175}",0.0,0.0913357734680175,13877.288818359377,4771.319580078125,1.7948907613754272,0.0,,0.0,0.0,0.0,180.0,5.7235870361328125,5.7235870361328125,Leave_One_experiments/all_year_offline_schedule_search/daily_outputs/HLA/HLA_2021_HLA2021_normal_grid_S0028_daily.csv
HLA,HLA,Hailun,2021,Leave_One_experiments\wth_generated_qc\HLA\HLA2021.WTH,wet_year;nitrogen_stress_year;low_response_year,wet,HLA2021_normal_grid_S0028,pareto_balanced,2021-09-09,252,133,128,"{""sim_day"": 133.0, ""doy"": 252.0, ""topwt"": 14036.63330078125, ""grnwt"": 4899.804382324219, ""xlai"": 1.71621572971344, ""totir"": 0.0, ""tofer"": NaN, ""swfac"": 0.0, ""nstres"": 0.1127243638038635}",0.0,0.1127243638038635,14036.63330078125,4899.804382324219,1.71621572971344,0.0,,0.0,0.0,0.0,180.0,5.7235870361328125,5.7235870361328125,Leave_One_experiments/all_year_offline_schedule_search/daily_outputs/HLA/HLA_2021_HLA2021_normal_grid_S0028_daily.csv
HLA,HLA,Hailun,2021,Leave_One_experiments\wth_generated_qc\HLA\HLA2021.WTH,wet_year;nitrogen_stress_year;low_response_year,wet,HLA2021_normal_grid_S0028,pareto_balanced,2021-09-10,253,134,129,"{""sim_day"": 134.0, ""doy"": 253.0, ""topwt"": 14122.01904296875, ""grnwt"": 4978.012390136719, ""xlai"": 1.6773942708969116, ""totir"": 0.0, ""tofer"": NaN, ""swfac"": 0.0, ""nstres"": 0.128114104270935}",0.0,0.128114104270935,14122.01904296875,4978.012390136719,1.6773942708969116,0.0,,0.0,0.0,0.0,180.0,5.7235870361328125,5.7235870361328125,Leave_One_experiments/all_year_offline_schedule_search/daily_outputs/HLA/HLA_2021_HLA2021_normal_grid_S0028_daily.csv
HLA,HLA,Hailun,2021,Leave_One_experiments\wth_generated_qc\HLA\HLA2021.WTH,wet_year;nitrogen_stress_year;low_response_year,wet,HLA2021_normal_grid_S0028,pareto_balanced,2021-09-11,254,135,130,"{""sim_day"": 135.0, ""doy"": 254.0, ""topwt"": 14216.36474609375, ""grnwt"": 5072.358703613281, ""xlai"": 1.619426965713501, ""totir"": 0.0, ""tofer"": NaN, ""swfac"": 0.0, ""nstres"": 0.140571117401123}",0.0,0.140571117401123,14216.36474609375,5072.358703613281,1.619426965713501,0.0,,0.0,0.0,0.0,180.0,5.7235870361328125,5.7235870361328125,Leave_One_experiments/all_year_offline_schedule_search/daily_outputs/HLA/HLA_2021_HLA2021_normal_grid_S0028_daily.csv
HLA,HLA,Hailun,2021,Leave_One_experiments\wth_generated_qc\HLA\HLA2021.WTH,wet_year;nitrogen_stress_year;low_response_year,wet,HLA2021_normal_grid_S0028,pareto_balanced,2021-09-12,255,136,131,"{""sim_day"": 136.0, ""doy"": 255.0, ""topwt"": 14216.36474609375, ""grnwt"": 5072.358703613281, ""xlai"": 1.619426965713501, ""totir"": 0.0, ""tofer"": NaN, ""swfac"": 0.0, ""nstres"": 0.1537466049194336}",0.0,0.1537466049194336,14216.36474609375,5072.358703613281,1.619426965713501,0.0,,0.0,0.0,0.0,180.0,5.7235870361328125,5.7235870361328125,Leave_One_experiments/all_year_offline_schedule_search/daily_outputs/HLA/HLA_2021_HLA2021_normal_grid_S0028_daily.csv
HLA,HLA,Hailun,2021,Leave_One_experiments\wth_generated_qc\HLA\HLA2021.WTH,wet_year;nitrogen_stress_year;low_response_year,wet,HLA2021_normal_grid_S0028,pareto_balanced,2021-09-13,256,137,132,"{""sim_day"": 137.0, ""doy"": 256.0, ""topwt"": 14216.36474609375, ""grnwt"": 5072.358703613281, ""xlai"": 1.619426965713501, ""totir"": 0.0, ""tofer"": NaN, ""swfac"": 0.0, ""nstres"": 0.1537466049194336}",0.0,0.1537466049194336,14216.36474609375,5072.358703613281,1.619426965713501,0.0,,0.0,0.0,0.0,180.0,5.7235870361328125,5.7235870361328125,Leave_One_experiments/all_year_offline_schedule_search/daily_outputs/HLA/HLA_2021_HLA2021_normal_grid_S0028_daily.csv
HLA,HLA,Hailun,2021,Leave_One_experiments\wth_generated_qc\HLA\HLA2021.WTH,wet_year;nitrogen_stress_year;low_response_year,wet,HLA2021_normal_grid_S0028,pareto_balanced,2021-09-14,257,138,133,"{""sim_day"": 138.0, ""doy"": 257.0, ""topwt"": 14216.36474609375, ""grnwt"": 5072.358703613281, ""xlai"": 1.619426965713501, ""totir"": 0.0, ""tofer"": NaN, ""swfac"": 0.0, ""nstres"": 0.1537466049194336}",0.0,0.1537466049194336,14216.36474609375,5072.358703613281,1.619426965713501,0.0,,0.0,0.0,0.0,180.0,5.7235870361328125,5.7235870361328125,Leave_One_experiments/all_year_offline_schedule_search/daily_outputs/HLA/HLA_2021_HLA2021_normal_grid_S0028_daily.csv
HLA,HLA,Hailun,2021,Leave_One_experiments\wth_generated_qc\HLA\HLA2021.WTH,wet_year;nitrogen_stress_year;low_response_year,wet,HLA2021_normal_grid_S0028,pareto_balanced,2021-09-15,258,139,134,"{""sim_day"": 139.0, ""doy"": 258.0, ""topwt"": 14216.36474609375, ""grnwt"": 5072.358703613281, ""xlai"": 1.619426965713501, ""totir"": 0.0, ""tofer"": NaN, ""swfac"": 0.0, ""nstres"": 0.1537466049194336}",0.0,0.1537466049194336,14216.36474609375,5072.358703613281,1.619426965713501,0.0,,0.0,0.0,0.0,180.0,5.7235870361328125,5.7235870361328125,Leave_One_experiments/all_year_offline_schedule_search/daily_outputs/HLA/HLA_2021_HLA2021_normal_grid_S0028_daily.csv
HLA,HLA,Hailun,2021,Leave_One_experiments\wth_generated_qc\HLA\HLA2021.WTH,wet_year;nitrogen_stress_year;low_response_year,wet,HLA2021_normal_grid_S0028,pareto_balanced,2021-09-16,259,140,135,"{""sim_day"": 140.0, ""doy"": 259.0, ""topwt"": 14216.36474609375, ""grnwt"": 5072.358703613281, ""xlai"": 1.619426965713501, ""totir"": 0.0, ""tofer"": NaN, ""swfac"": 0.0, ""nstres"": 0.1537466049194336}",0.0,0.1537466049194336,14216.36474609375,5072.358703613281,1.619426965713501,0.0,,0.0,0.0,0.0,180.0,5.7235870361328125,5.7235870361328125,Leave_One_experiments/all_year_offline_schedule_search/daily_outputs/HLA/HLA_2021_HLA2021_normal_grid_S0028_daily.csv
HLA,HLA,Hailun,2022,Leave_One_experiments\wth_generated_qc\HLA\HLA2022.WTH,normal_year;nitrogen_stress_year;low_response_year,normal,HLA2022_normal_grid_S0013,irrigation_positive_candidate,2022-05-05,125,1,1,"{""sim_day"": 1.0, ""doy"": 125.0, ""topwt"": 0.0, ""grnwt"": 0.0, ""xlai"": 0.0, ""totir"": 0.0, ""tofer"": NaN, ""swfac"": 0.0, ""nstres"": 0.0}",0.0,0.0,0.0,0.0,0.0,0.0,,0.0,50.0,30.0,150.0,16.844531250000003,28.844531250000003,Leave_One_experiments/all_year_offline_schedule_search/daily_outputs/HLA/HLA_2022_HLA2022_normal_grid_S0013_daily.csv
HLA,HLA,Hailun,2022,Leave_One_experiments\wth_generated_qc\HLA\HLA2022.WTH,normal_year;nitrogen_stress_year;low_response_year,normal,HLA2022_normal_grid_S0013,irrigation_positive_candidate,2022-05-06,126,2,2,"{""sim_day"": 2.0, ""doy"": 126.0, ""topwt"": 0.0, ""grnwt"": 0.0, ""xlai"": 0.0, ""totir"": 0.0, ""tofer"": NaN, ""swfac"": 0.0, ""nstres"": 0.0}",0.0,0.0,0.0,0.0,0.0,0.0,,0.0,0.0,30.0,150.0,16.844531250000003,28.844531250000003,Leave_One_experiments/all_year_offline_schedule_search/daily_outputs/HLA/HLA_2022_HLA2022_normal_grid_S0013_daily.csv
HLA,HLA,Hailun,2022,Leave_One_experiments\wth_generated_qc\HLA\HLA2022.WTH,normal_year;nitrogen_stress_year;low_response_year,normal,HLA2022_normal_grid_S0013,irrigation_positive_candidate,2022-05-07,127,3,3,"{""sim_day"": 3.0, ""doy"": 127.0, ""topwt"": 0.0, ""grnwt"": 0.0, ""xlai"": 0.0, ""totir"": 0.0, ""tofer"": NaN, ""swfac"": 0.0, ""nstres"": 0.0}",0.0,0.0,0.0,0.0,0.0,0.0,,0.0,0.0,30.0,150.0,16.844531250000003,28.844531250000003,Leave_One_experiments/all_year_offline_schedule_search/daily_outputs/HLA/HLA_2022_HLA2022_normal_grid_S0013_daily.csv
HLA,HLA,Hailun,2022,Leave_One_experiments\wth_generated_qc\HLA\HLA2022.WTH,normal_year;nitrogen_stress_year;low_response_year,normal,HLA2022_normal_grid_S0013,irrigation_positive_candidate,2022-05-08,128,4,4,"{""sim_day"": 4.0, ""doy"": 128.0, ""topwt"": 0.0, ""grnwt"": 0.0, ""xlai"": 0.0, ""totir"": 0.0, ""tofer"": NaN, ""swfac"": 0.0, ""nstres"": 0.0}",0.0,0.0,0.0,0.0,0.0,0.0,,0.0,0.0,30.0,150.0,16.844531250000003,28.844531250000003,Leave_One_experiments/all_year_offline_schedule_search/daily_outputs/HLA/HLA_2022_HLA2022_normal_grid_S0013_daily.csv
HLA,HLA,Hailun,2022,Leave_One_experiments\wth_generated_qc\HLA\HLA2022.WTH,normal_year;nitrogen_stress_year;low_response_year,normal,HLA2022_normal_grid_S0013,irrigation_positive_candidate,2022-05-09,129,5,5,"{""sim_day"": 5.0, ""doy"": 129.0, ""topwt"": 0.0, ""grnwt"": 0.0, ""xlai"": 0.0, ""totir"": 0.0, ""tofer"": NaN, ""swfac"": 0.0, ""nstres"": 0.0}",0.0,0.0,0.0,0.0,0.0,0.0,,0.0,0.0,30.0,150.0,16.844531250000003,28.844531250000003,Leave_One_experiments/all_year_offline_schedule_search/daily_outputs/HLA/HLA_2022_HLA2022_normal_grid_S0013_daily.csv
HLA,HLA,Hailun,2022,Leave_One_experiments\wth_generated_qc\HLA\HLA2022.WTH,normal_year;nitrogen_stress_year;low_response_year,normal,HLA2022_normal_grid_S0013,irrigation_positive_candidate,2022-05-05,125,6,1,"{""sim_day"": 6.0, ""doy"": 125.0, ""topwt"": 0.0, ""grnwt"": 0.0, ""xlai"": 0.0, ""totir"": 0.0, ""tofer"": NaN, ""swfac"": 0.0, ""nstres"": 0.0}",0.0,0.0,0.0,0.0,0.0,0.0,,0.0,0.0,30.0,150.0,16.844531250000003,28.844531250000003,Leave_One_experiments/all_year_offline_schedule_search/daily_outputs/HLA/HLA_2022_HLA2022_normal_grid_S0013_daily.csv
HLA,HLA,Hailun,2022,Leave_One_experiments\wth_generated_qc\HLA\HLA2022.WTH,normal_year;nitrogen_stress_year;low_response_year,normal,HLA2022_normal_grid_S0013,irrigation_positive_candidate,2022-05-06,126,7,2,"{""sim_day"": 7.0, ""doy"": 126.0, ""topwt"": 0.0, ""grnwt"": 0.0, ""xlai"": 0.0, ""totir"": 0.0, ""tofer"": NaN, ""swfac"": 0.0, ""nstres"": 0.0}",0.0,0.0,0.0,0.0,0.0,0.0,,0.0,0.0,30.0,150.0,16.844531250000003,28.844531250000003,Leave_One_experiments/all_year_offline_schedule_search/daily_outputs/HLA/HLA_2022_HLA2022_normal_grid_S0013_daily.csv
HLA,HLA,Hailun,2022,Leave_One_experiments\wth_generated_qc\HLA\HLA2022.WTH,normal_year;nitrogen_stress_year;low_response_year,normal,HLA2022_normal_grid_S0013,irrigation_positive_candidate,2022-05-07,127,8,3,"{""sim_day"": 8.0, ""doy"": 127.0, ""topwt"": 0.0, ""grnwt"": 0.0, ""xlai"": 0.0, ""totir"": 0.0, ""tofer"": NaN, ""swfac"": 0.0, ""nstres"": 0.0}",0.0,0.0,0.0,0.0,0.0,0.0,,0.0,0.0,30.0,150.0,16.844531250000003,28.844531250000003,Leave_One_experiments/all_year_offline_schedule_search/daily_outputs/HLA/HLA_2022_HLA2022_normal_grid_S0013_daily.csv
HLA,HLA,Hailun,2022,Leave_One_experiments\wth_generated_qc\HLA\HLA2022.WTH,normal_year;nitrogen_stress_year;low_response_year,normal,HLA2022_normal_grid_S0013,irrigation_positive_candidate,2022-05-08,128,9,4,"{""sim_day"": 9.0, ""doy"": 128.0, ""topwt"": 0.0, ""grnwt"": 0.0, ""xlai"": 0.0, ""totir"": 0.0, ""tofer"": NaN, ""swfac"": 0.0, ""nstres"": 0.0}",0.0,0.0,0.0,0.0,0.0,0.0,,0.0,0.0,30.0,150.0,16.844531250000003,28.844531250000003,Leave_One_experiments/all_year_offline_schedule_search/daily_outputs/HLA/HLA_2022_HLA2022_normal_grid_S0013_daily.csv
HLA,HLA,Hailun,2022,Leave_One_experiments\wth_generated_qc\HLA\HLA2022.WTH,normal_year;nitrogen_stress_year;low_response_year,normal,HLA2022_normal_grid_S0013,irrigation_positive_candidate,2022-05-09,129,10,5,"{""sim_day"": 10.0, ""doy"": 129.0, ""topwt"": 0.0, ""grnwt"": 0.0, ""xlai"": 0.0, ""totir"": 0.0, ""tofer"": NaN, ""swfac"": 0.0, ""nstres"": 0.0}",0.0,0.0,0.0,0.0,0.0,0.0,,0.0,0.0,30.0,150.0,16.844531250000003,28.844531250000003,Leave_One_experiments/all_year_offline_schedule_search/daily_outputs/HLA/HLA_2022_HLA2022_normal_grid_S0013_daily.csv
HLA,HLA,Hailun,2022,Leave_One_experiments\wth_generated_qc\HLA\HLA2022.WTH,normal_year;nitrogen_stress_year;low_response_year,normal,HLA2022_normal_grid_S0013,irrigation_positive_candidate,2022-05-10,130,11,6,"{""sim_day"": 11.0, ""doy"": 130.0, ""topwt"": 0.0, ""grnwt"": 0.0, ""xlai"": 0.0, ""totir"": 0.0, ""tofer"": NaN, ""swfac"": 0.0, ""nstres"": 0.0}",0.0,0.0,0.0,0.0,0.0,0.0,,0.0,0.0,30.0,150.0,16.844531250000003,28.844531250000003,Leave_One_experiments/all_year_offline_schedule_search/daily_outputs/HLA/HLA_2022_HLA2022_normal_grid_S0013_daily.csv
HLA,HLA,Hailun,2022,Leave_One_experiments\wth_generated_qc\HLA\HLA2022.WTH,normal_year;nitrogen_stress_year;low_response_year,normal,HLA2022_normal_grid_S0013,irrigation_positive_candidate,2022-05-11,131,12,7,"{""sim_day"": 12.0, ""doy"": 131.0, ""topwt"": 0.0, ""grnwt"": 0.0, ""xlai"": 0.0, ""totir"": 0.0, ""tofer"": NaN, ""swfac"": 0.0, ""nstres"": 0.0}",0.0,0.0,0.0,0.0,0.0,0.0,,0.0,0.0,30.0,150.0,16.844531250000003,28.844531250000003,Leave_One_experiments/all_year_offline_schedule_search/daily_outputs/HLA/HLA_2022_HLA2022_normal_grid_S0013_daily.csv
HLA,HLA,Hailun,2022,Leave_One_experiments\wth_generated_qc\HLA\HLA2022.WTH,normal_year;nitrogen_stress_year;low_response_year,normal,HLA2022_normal_grid_S0013,irrigation_positive_candidate,2022-05-12,132,13,8,"{""sim_day"": 13.0, ""doy"": 132.0, ""topwt"": 0.0, ""grnwt"": 0.0, ""xlai"": 0.0, ""totir"": 0.0, ""tofer"": NaN, ""swfac"": 0.0, ""nstres"": 0.0}",0.0,0.0,0.0,0.0,0.0,0.0,,0.0,0.0,30.0,150.0,16.844531250000003,28.844531250000003,Leave_One_experiments/all_year_offline_schedule_search/daily_outputs/HLA/HLA_2022_HLA2022_normal_grid_S0013_daily.csv
HLA,HLA,Hailun,2022,Leave_One_experiments\wth_generated_qc\HLA\HLA2022.WTH,normal_year;nitrogen_stress_year;low_response_year,normal,HLA2022_normal_grid_S0013,irrigation_positive_candidate,2022-05-13,133,14,9,"{""sim_day"": 14.0, ""doy"": 133.0, ""topwt"": 0.0, ""grnwt"": 0.0, ""xlai"": 0.0, ""totir"": 0.0, ""tofer"": NaN, ""swfac"": 0.0, ""nstres"": 0.0}",0.0,0.0,0.0,0.0,0.0,0.0,,0.0,0.0,30.0,150.0,16.844531250000003,28.844531250000003,Leave_One_experiments/all_year_offline_schedule_search/daily_outputs/HLA/HLA_2022_HLA2022_normal_grid_S0013_daily.csv
HLA,HLA,Hailun,2022,Leave_One_experiments\wth_generated_qc\HLA\HLA2022.WTH,normal_year;nitrogen_stress_year;low_response_year,normal,HLA2022_normal_grid_S0013,irrigation_positive_candidate,2022-05-14,134,15,10,"{""sim_day"": 15.0, ""doy"": 134.0, ""topwt"": 0.0, ""grnwt"": 0.0, ""xlai"": 0.0, ""totir"": 0.0, ""tofer"": NaN, ""swfac"": 0.0, ""nstres"": 0.0}",0.0,0.0,0.0,0.0,0.0,0.0,,0.0,0.0,30.0,150.0,16.844531250000003,28.844531250000003,Leave_One_experiments/all_year_offline_schedule_search/daily_outputs/HLA/HLA_2022_HLA2022_normal_grid_S0013_daily.csv
HLA,HLA,Hailun,2022,Leave_One_experiments\wth_generated_qc\HLA\HLA2022.WTH,normal_year;nitrogen_stress_year;low_response_year,normal,HLA2022_normal_grid_S0013,irrigation_positive_candidate,2022-05-15,135,16,11,"{""sim_day"": 16.0, ""doy"": 135.0, ""topwt"": 0.0, ""grnwt"": 0.0, ""xlai"": 0.0, ""totir"": 0.0, ""tofer"": NaN, ""swfac"": 0.0, ""nstres"": 0.0}",0.0,0.0,0.0,0.0,0.0,0.0,,0.0,0.0,30.0,150.0,16.844531250000003,28.844531250000003,Leave_One_experiments/all_year_offline_schedule_search/daily_outputs/HLA/HLA_2022_HLA2022_normal_grid_S0013_daily.csv
HLA,HLA,Hailun,2022,Leave_One_experiments\wth_generated_qc\HLA\HLA2022.WTH,normal_year;nitrogen_stress_year;low_response_year,normal,HLA2022_normal_grid_S0013,irrigation_positive_candidate,2022-05-16,136,17,12,"{""sim_day"": 17.0, ""doy"": 136.0, ""topwt"": 0.0, ""grnwt"": 0.0, ""xlai"": 0.0, ""totir"": 0.0, ""tofer"": NaN, ""swfac"": 0.0, ""nstres"": 0.0}",0.0,0.0,0.0,0.0,0.0,0.0,,0.0,0.0,30.0,150.0,16.844531250000003,28.844531250000003,Leave_One_experiments/all_year_offline_schedule_search/daily_outputs/HLA/HLA_2022_HLA2022_normal_grid_S0013_daily.csv
HLA,HLA,Hailun,2022,Leave_One_experiments\wth_generated_qc\HLA\HLA2022.WTH,normal_year;nitrogen_stress_year;low_response_year,normal,HLA2022_normal_grid_S0013,irrigation_positive_candidate,2022-05-17,137,18,13,"{""sim_day"": 18.0, ""doy"": 137.0, ""topwt"": 0.0, ""grnwt"": 0.0, ""xlai"": 0.0, ""totir"": 0.0, ""tofer"": NaN, ""swfac"": 0.0, ""nstres"": 0.0}",0.0,0.0,0.0,0.0,0.0,0.0,,0.0,0.0,30.0,150.0,16.844531250000003,28.844531250000003,Leave_One_experiments/all_year_offline_schedule_search/daily_outputs/HLA/HLA_2022_HLA2022_normal_grid_S0013_daily.csv
HLA,HLA,Hailun,2022,Leave_One_experiments\wth_generated_qc\HLA\HLA2022.WTH,normal_year;nitrogen_stress_year;low_response_year,normal,HLA2022_normal_grid_S0013,irrigation_positive_candidate,2022-05-18,138,19,14,"{""sim_day"": 19.0, ""doy"": 138.0, ""topwt"": 0.0, ""grnwt"": 0.0, ""xlai"": 0.0, ""totir"": 0.0, ""tofer"": NaN, ""swfac"": 0.0, ""nstres"": 0.0}",0.0,0.0,0.0,0.0,0.0,0.0,,0.0,0.0,30.0,150.0,16.844531250000003,28.844531250000003,Leave_One_experiments/all_year_offline_schedule_search/daily_outputs/HLA/HLA_2022_HLA2022_normal_grid_S0013_daily.csv
HLA,HLA,Hailun,2022,Leave_One_experiments\wth_generated_qc\HLA\HLA2022.WTH,normal_year;nitrogen_stress_year;low_response_year,normal,HLA2022_normal_grid_S0013,irrigation_positive_candidate,2022-05-19,139,20,15,"{""sim_day"": 20.0, ""doy"": 139.0, ""topwt"": 20.0, ""grnwt"": 0.0, ""xlai"": 0.002767837839201, ""totir"": 0.0, ""tofer"": NaN, ""swfac"": 0.0, ""nstres"": 0.0121910572052001}",0.0,0.0121910572052001,20.0,0.0,0.002767837839201,0.0,,0.0,0.0,30.0,150.0,16.844531250000003,28.844531250000003,Leave_One_experiments/all_year_offline_schedule_search/daily_outputs/HLA/HLA_2022_HLA2022_normal_grid_S0013_daily.csv
HLA,HLA,Hailun,2022,Leave_One_experiments\wth_generated_qc\HLA\HLA2022.WTH,normal_year;nitrogen_stress_year;low_response_year,normal,HLA2022_normal_grid_S0013,irrigation_positive_candidate,2022-05-20,140,21,16,"{""sim_day"": 21.0, ""doy"": 140.0, ""topwt"": 20.0, ""grnwt"": 0.0, ""xlai"": 0.0042747529223561, ""totir"": 0.0, ""tofer"": NaN, ""swfac"": 0.0, ""nstres"": 0.0120898485183715}",0.0,0.0120898485183715,20.0,0.0,0.0042747529223561,0.0,,0.0,0.0,30.0,150.0,16.844531250000003,28.844531250000003,Leave_One_experiments/all_year_offline_schedule_search/daily_outputs/HLA/HLA_2022_HLA2022_normal_grid_S0013_daily.csv
HLA,HLA,Hailun,2022,Leave_One_experiments\wth_generated_qc\HLA\HLA2022.WTH,normal_year;nitrogen_stress_year;low_response_year,normal,HLA2022_normal_grid_S0013,irrigation_positive_candidate,2022-05-21,141,22,17,"{""sim_day"": 22.0, ""doy"": 141.0, ""topwt"": 20.0, ""grnwt"": 0.0, ""xlai"": 0.0061569265089929, ""totir"": 0.0, ""tofer"": NaN, ""swfac"": 0.0, ""nstres"": 0.0082526206970214}",0.0,0.0082526206970214,20.0,0.0,0.0061569265089929,0.0,,0.0,0.0,30.0,150.0,16.844531250000003,28.844531250000003,Leave_One_experiments/all_year_offline_schedule_search/daily_outputs/HLA/HLA_2022_HLA2022_normal_grid_S0013_daily.csv
HLA,HLA,Hailun,2022,Leave_One_experiments\wth_generated_qc\HLA\HLA2022.WTH,normal_year;nitrogen_stress_year;low_response_year,normal,HLA2022_normal_grid_S0013,irrigation_positive_candidate,2022-05-22,142,23,18,"{""sim_day"": 23.0, ""doy"": 142.0, ""topwt"": 20.0, ""grnwt"": 0.0, ""xlai"": 0.0095539018511772, ""totir"": 0.0, ""tofer"": NaN, ""swfac"": 0.0, ""nstres"": 0.0022212266921997}",0.0,0.0022212266921997,20.0,0.0,0.0095539018511772,0.0,,0.0,0.0,30.0,150.0,16.844531250000003,28.844531250000003,Leave_One_experiments/all_year_offline_schedule_search/daily_outputs/HLA/HLA_2022_HLA2022_normal_grid_S0013_daily.csv
HLA,HLA,Hailun,2022,Leave_One_experiments\wth_generated_qc\HLA\HLA2022.WTH,normal_year;nitrogen_stress_year;low_response_year,normal,HLA2022_normal_grid_S0013,irrigation_positive_candidate,2022-05-23,143,24,19,"{""sim_day"": 24.0, ""doy"": 143.0, ""topwt"": 20.0, ""grnwt"": 0.0, ""xlai"": 0.0107942093163728, ""totir"": 0.0, ""tofer"": NaN, ""swfac"": 0.0, ""nstres"": 2.5212764739990234e-05}",0.0,2.5212764739990234e-05,20.0,0.0,0.0107942093163728,0.0,,0.0,0.0,30.0,150.0,16.844531250000003,28.844531250000003,Leave_One_experiments/all_year_offline_schedule_search/daily_outputs/HLA/HLA_2022_HLA2022_normal_grid_S0013_daily.csv
HLA,HLA,Hailun,2022,Leave_One_experiments\wth_generated_qc\HLA\HLA2022.WTH,normal_year;nitrogen_stress_year;low_response_year,normal,HLA2022_normal_grid_S0013,irrigation_positive_candidate,2022-05-24,144,25,20,"{""sim_day"": 25.0, ""doy"": 144.0, ""topwt"": 20.0, ""grnwt"": 0.0, ""xlai"": 0.0117665166035294, ""totir"": 0.0, ""tofer"": NaN, ""swfac"": 0.0, ""nstres"": 0.0}",0.0,0.0,20.0,0.0,0.0117665166035294,0.0,,0.0,0.0,30.0,150.0,16.844531250000003,28.844531250000003,Leave_One_experiments/all_year_offline_schedule_search/daily_outputs/HLA/HLA_2022_HLA2022_normal_grid_S0013_daily.csv
HLA,HLA,Hailun,2022,Leave_One_experiments\wth_generated_qc\HLA\HLA2022.WTH,normal_year;nitrogen_stress_year;low_response_year,normal,HLA2022_normal_grid_S0013,irrigation_positive_candidate,2022-05-25,145,26,21,"{""sim_day"": 26.0, ""doy"": 145.0, ""topwt"": 20.0, ""grnwt"": 0.0, ""xlai"": 0.0137230530381202, ""totir"": 0.0, ""tofer"": NaN, ""swfac"": 0.0, ""nstres"": 0.0}",0.0,0.0,20.0,0.0,0.0137230530381202,0.0,,0.0,0.0,30.0,150.0,16.844531250000003,28.844531250000003,Leave_One_experiments/all_year_offline_schedule_search/daily_outputs/HLA/HLA_2022_HLA2022_normal_grid_S0013_daily.csv
HLA,HLA,Hailun,2022,Leave_One_experiments\wth_generated_qc\HLA\HLA2022.WTH,normal_year;nitrogen_stress_year;low_response_year,normal,HLA2022_normal_grid_S0013,irrigation_positive_candidate,2022-05-26,146,27,22,"{""sim_day"": 27.0, ""doy"": 146.0, ""topwt"": 20.0, ""grnwt"": 0.0, ""xlai"": 0.0203296691179275, ""totir"": 0.0, ""tofer"": NaN, ""swfac"": 0.0, ""nstres"": 0.0}",0.0,0.0,20.0,0.0,0.0203296691179275,0.0,,0.0,0.0,30.0,150.0,16.844531250000003,28.844531250000003,Leave_One_experiments/all_year_offline_schedule_search/daily_outputs/HLA/HLA_2022_HLA2022_normal_grid_S0013_daily.csv
HLA,HLA,Hailun,2022,Leave_One_experiments\wth_generated_qc\HLA\HLA2022.WTH,normal_year;nitrogen_stress_year;low_response_year,normal,HLA2022_normal_grid_S0013,irrigation_positive_candidate,2022-05-27,147,28,23,"{""sim_day"": 28.0, ""doy"": 147.0, ""topwt"": 20.0, ""grnwt"": 0.0, ""xlai"": 0.0301650408655405, ""totir"": 0.0, ""tofer"": NaN, ""swfac"": 0.0, ""nstres"": 0.0}",0.0,0.0,20.0,0.0,0.0301650408655405,0.0,,0.0,0.0,30.0,150.0,16.844531250000003,28.844531250000003,Leave_One_experiments/all_year_offline_schedule_search/daily_outputs/HLA/HLA_2022_HLA2022_normal_grid_S0013_daily.csv
HLA,HLA,Hailun,2022,Leave_One_experiments\wth_generated_qc\HLA\HLA2022.WTH,normal_year;nitrogen_stress_year;low_response_year,normal,HLA2022_normal_grid_S0013,irrigation_positive_candidate,2022-05-28,148,29,24,"{""sim_day"": 29.0, ""doy"": 148.0, ""topwt"": 20.510330200195312, ""grnwt"": 0.0, ""xlai"": 0.0357045754790306, ""totir"": 0.0, ""tofer"": NaN, ""swfac"": 0.0, ""nstres"": 0.0}",0.0,0.0,20.510330200195312,0.0,0.0357045754790306,0.0,,0.0,0.0,30.0,150.0,16.844531250000003,28.844531250000003,Leave_One_experiments/all_year_offline_schedule_search/daily_outputs/HLA/HLA_2022_HLA2022_normal_grid_S0013_daily.csv
HLA,HLA,Hailun,2022,Leave_One_experiments\wth_generated_qc\HLA\HLA2022.WTH,normal_year;nitrogen_stress_year;low_response_year,normal,HLA2022_normal_grid_S0013,irrigation_positive_candidate,2022-05-29,149,30,25,"{""sim_day"": 30.0, ""doy"": 149.0, ""topwt"": 22.907087802886963, ""grnwt"": 0.0, ""xlai"": 0.0420579500496387, ""totir"": 0.0, ""tofer"": NaN, ""swfac"": 0.0, ""nstres"": 0.0}",0.0,0.0,22.907087802886963,0.0,0.0420579500496387,0.0,,0.0,0.0,30.0,150.0,16.844531250000003,28.844531250000003,Leave_One_experiments/all_year_offline_schedule_search/daily_outputs/HLA/HLA_2022_HLA2022_normal_grid_S0013_daily.csv
HLA,HLA,Hailun,2022,Leave_One_experiments\wth_generated_qc\HLA\HLA2022.WTH,normal_year;nitrogen_stress_year;low_response_year,normal,HLA2022_normal_grid_S0013,irrigation_positive_candidate,2022-05-30,150,31,26,"{""sim_day"": 31.0, ""doy"": 150.0, ""topwt"": 25.183322429656982, ""grnwt"": 0.0, ""xlai"": 0.0478702969849109, ""totir"": 0.0, ""tofer"": NaN, ""swfac"": 0.0, ""nstres"": 0.0}",0.0,0.0,25.183322429656982,0.0,0.0478702969849109,0.0,,0.0,0.0,30.0,150.0,16.844531250000003,28.844531250000003,Leave_One_experiments/all_year_offline_schedule_search/daily_outputs/HLA/HLA_2022_HLA2022_normal_grid_S0013_daily.csv
HLA,HLA,Hailun,2022,Leave_One_experiments\wth_generated_qc\HLA\HLA2022.WTH,normal_year;nitrogen_stress_year;low_response_year,normal,HLA2022_normal_grid_S0013,irrigation_positive_candidate,2022-05-31,151,32,27,"{""sim_day"": 32.0, ""doy"": 151.0, ""topwt"": 28.07793617248535, ""grnwt"": 0.0, ""xlai"": 0.05501040071249, ""totir"": 0.0, ""tofer"": NaN, ""swfac"": 0.0, ""nstres"": 0.0}",0.0,0.0,28.07793617248535,0.0,0.05501040071249,0.0,,0.0,0.0,30.0,150.0,16.844531250000003,28.844531250000003,Leave_One_experiments/all_year_offline_schedule_search/daily_outputs/HLA/HLA_2022_HLA2022_normal_grid_S0013_daily.csv
HLA,HLA,Hailun,2022,Leave_One_experiments\wth_generated_qc\HLA\HLA2022.WTH,normal_year;nitrogen_stress_year;low_response_year,normal,HLA2022_normal_grid_S0013,irrigation_positive_candidate,2022-06-01,152,33,28,"{""sim_day"": 33.0, ""doy"": 152.0, ""topwt"": 32.696616649627686, ""grnwt"": 0.0, ""xlai"": 0.0659392327070236, ""totir"": 0.0, ""tofer"": NaN, ""swfac"": 0.0, ""nstres"": 0.0}",0.0,0.0,32.696616649627686,0.0,0.0659392327070236,0.0,,0.0,0.0,30.0,150.0,16.844531250000003,28.844531250000003,Leave_One_experiments/all_year_offline_schedule_search/daily_outputs/HLA/HLA_2022_HLA2022_normal_grid_S0013_daily.csv
HLA,HLA,Hailun,2022,Leave_One_experiments\wth_generated_qc\HLA\HLA2022.WTH,normal_year;nitrogen_stress_year;low_response_year,normal,HLA2022_normal_grid_S0013,irrigation_positive_candidate,2022-06-02,153,34,29,"{""sim_day"": 34.0, ""doy"": 153.0, ""topwt"": 38.60158681869507, ""grnwt"": 0.0, ""xlai"": 0.0792667269706726, ""totir"": 0.0, ""tofer"": NaN, ""swfac"": 0.0, ""nstres"": 0.0}",0.0,0.0,38.60158681869507,0.0,0.0792667269706726,0.0,,0.0,0.0,30.0,150.0,16.844531250000003,28.844531250000003,Leave_One_experiments/all_year_offline_schedule_search/daily_outputs/HLA/HLA_2022_HLA2022_normal_grid_S0013_daily.csv
HLA,HLA,Hailun,2022,Leave_One_experiments\wth_generated_qc\HLA\HLA2022.WTH,normal_year;nitrogen_stress_year;low_response_year,normal,HLA2022_normal_grid_S0013,irrigation_positive_candidate,2022-06-03,154,35,30,"{""sim_day"": 35.0, ""doy"": 154.0, ""topwt"": 45.6247615814209, ""grnwt"": 0.0, ""xlai"": 0.0943978577852249, ""totir"": 0.0, ""tofer"": NaN, ""swfac"": 0.0, ""nstres"": 0.0}",0.0,0.0,45.6247615814209,0.0,0.0943978577852249,0.0,,0.0,50.0,30.0,150.0,16.844531250000003,28.844531250000003,Leave_One_experiments/all_year_offline_schedule_search/daily_outputs/HLA/HLA_2022_HLA2022_normal_grid_S0013_daily.csv
HLA,HLA,Hailun,2022,Leave_One_experiments\wth_generated_qc\HLA\HLA2022.WTH,normal_year;nitrogen_stress_year;low_response_year,normal,HLA2022_normal_grid_S0013,irrigation_positive_candidate,2022-06-04,155,36,31,"{""sim_day"": 36.0, ""doy"": 155.0, ""topwt"": 50.885114669799805, ""grnwt"": 0.0, ""xlai"": 0.1053230464458465, ""totir"": 0.0, ""tofer"": NaN, ""swfac"": 0.0, ""nstres"": 0.0}",0.0,0.0,50.885114669799805,0.0,0.1053230464458465,0.0,,0.0,0.0,30.0,150.0,16.844531250000003,28.844531250000003,Leave_One_experiments/all_year_offline_schedule_search/daily_outputs/HLA/HLA_2022_HLA2022_normal_grid_S0013_daily.csv
HLA,HLA,Hailun,2022,Leave_One_experiments\wth_generated_qc\HLA\HLA2022.WTH,normal_year;nitrogen_stress_year;low_response_year,normal,HLA2022_normal_grid_S0013,irrigation_positive_candidate,2022-06-05,156,37,32,"{""sim_day"": 37.0, ""doy"": 156.0, ""topwt"": 54.75914001464844, ""grnwt"": 0.0, ""xlai"": 0.1131816282868385, ""totir"": 0.0, ""tofer"": NaN, ""swfac"": 0.0, ""nstres"": 0.0}",0.0,0.0,54.75914001464844,0.0,0.1131816282868385,0.0,,0.0,0.0,30.0,150.0,16.844531250000003,28.844531250000003,Leave_One_experiments/all_year_offline_schedule_search/daily_outputs/HLA/HLA_2022_HLA2022_normal_grid_S0013_daily.csv
HLA,HLA,Hailun,2022,Leave_One_experiments\wth_generated_qc\HLA\HLA2022.WTH,normal_year;nitrogen_stress_year;low_response_year,normal,HLA2022_normal_grid_S0013,irrigation_positive_candidate,2022-06-06,157,38,33,"{""sim_day"": 38.0, ""doy"": 157.0, ""topwt"": 64.23118114471436, ""grnwt"": 0.0, ""xlai"": 0.1318344473838806, ""totir"": 0.0, ""tofer"": NaN, ""swfac"": 0.0, ""nstres"": 0.0}",0.0,0.0,64.23118114471436,0.0,0.1318344473838806,0.0,,0.0,0.0,30.0,150.0,16.844531250000003,28.844531250000003,Leave_One_experiments/all_year_offline_schedule_search/daily_outputs/HLA/HLA_2022_HLA2022_normal_grid_S0013_daily.csv
HLA,HLA,Hailun,2022,Leave_One_experiments\wth_generated_qc\HLA\HLA2022.WTH,normal_year;nitrogen_stress_year;low_response_year,normal,HLA2022_normal_grid_S0013,irrigation_positive_candidate,2022-06-07,158,39,34,"{""sim_day"": 39.0, ""doy"": 158.0, ""topwt"": 78.10202121734619, ""grnwt"": 0.0, ""xlai"": 0.157977670431137, ""totir"": 0.0, ""tofer"": NaN, ""swfac"": 0.0, ""nstres"": 0.0}",0.0,0.0,78.10202121734619,0.0,0.157977670431137,0.0,,0.0,0.0,30.0,150.0,16.844531250000003,28.844531250000003,Leave_One_experiments/all_year_offline_schedule_search/daily_outputs/HLA/HLA_2022_HLA2022_normal_grid_S0013_daily.csv
HLA,HLA,Hailun,2022,Leave_One_experiments\wth_generated_qc\HLA\HLA2022.WTH,normal_year;nitrogen_stress_year;low_response_year,normal,HLA2022_normal_grid_S0013,irrigation_positive_candidate,2022-06-08,159,40,35,"{""sim_day"": 40.0, ""doy"": 159.0, ""topwt"": 94.70778465270996, ""grnwt"": 0.0, ""xlai"": 0.18785460293293, ""totir"": 0.0, ""tofer"": NaN, ""swfac"": 0.0, ""nstres"": 0.0}",0.0,0.0,94.70778465270996,0.0,0.18785460293293,0.0,,0.0,0.0,30.0,150.0,16.844531250000003,28.844531250000003,Leave_One_experiments/all_year_offline_schedule_search/daily_outputs/HLA/HLA_2022_HLA2022_normal_grid_S0013_daily.csv
HLA,HLA,Hailun,2022,Leave_One_experiments\wth_generated_qc\HLA\HLA2022.WTH,normal_year;nitrogen_stress_year;low_response_year,normal,HLA2022_normal_grid_S0013,irrigation_positive_candidate,2022-06-09,160,41,36,"{""sim_day"": 41.0, ""doy"": 160.0, ""topwt"": 110.24003028869627, ""grnwt"": 0.0, ""xlai"": 0.2146983593702316, ""totir"": 0.0, ""tofer"": NaN, ""swfac"": 0.0, ""nstres"": 0.0}",0.0,0.0,110.24003028869627,0.0,0.2146983593702316,0.0,,0.0,0.0,30.0,150.0,16.844531250000003,28.844531250000003,Leave_One_experiments/all_year_offline_schedule_search/daily_outputs/HLA/HLA_2022_HLA2022_normal_grid_S0013_daily.csv
HLA,HLA,Hailun,2022,Leave_One_experiments\wth_generated_qc\HLA\HLA2022.WTH,normal_year;nitrogen_stress_year;low_response_year,normal,HLA2022_normal_grid_S0013,irrigation_positive_candidate,2022-06-10,161,42,37,"{""sim_day"": 42.0, ""doy"": 161.0, ""topwt"": 129.95201110839844, ""grnwt"": 0.0, ""xlai"": 0.2475432306528091, ""totir"": 0.0, ""tofer"": NaN, ""swfac"": 0.0, ""nstres"": 0.0}",0.0,0.0,129.95201110839844,0.0,0.2475432306528091,0.0,,0.0,0.0,30.0,150.0,16.844531250000003,28.844531250000003,Leave_One_experiments/all_year_offline_schedule_search/daily_outputs/HLA/HLA_2022_HLA2022_normal_grid_S0013_daily.csv
HLA,HLA,Hailun,2022,Leave_One_experiments\wth_generated_qc\HLA\HLA2022.WTH,normal_year;nitrogen_stress_year;low_response_year,normal,HLA2022_normal_grid_S0013,irrigation_positive_candidate,2022-06-11,162,43,38,"{""sim_day"": 43.0, ""doy"": 162.0, ""topwt"": 146.26421928405762, ""grnwt"": 0.0, ""xlai"": 0.2925207912921905, ""totir"": 0.0, ""tofer"": NaN, ""swfac"": 0.0, ""nstres"": 0.0}",0.0,0.0,146.26421928405762,0.0,0.2925207912921905,0.0,,0.0,0.0,30.0,150.0,16.844531250000003,28.844531250000003,Leave_One_experiments/all_year_offline_schedule_search/daily_outputs/HLA/HLA_2022_HLA2022_normal_grid_S0013_daily.csv
HLA,HLA,Hailun,2022,Leave_One_experiments\wth_generated_qc\HLA\HLA2022.WTH,normal_year;nitrogen_stress_year;low_response_year,normal,HLA2022_normal_grid_S0013,irrigation_positive_candidate,2022-06-12,163,44,39,"{""sim_day"": 44.0, ""doy"": 163.0, ""topwt"": 169.3464469909668, ""grnwt"": 0.0, ""xlai"": 0.3311577439308166, ""totir"": 0.0, ""tofer"": NaN, ""swfac"": 0.0, ""nstres"": 0.0040383338928222}",0.0,0.0040383338928222,169.3464469909668,0.0,0.3311577439308166,0.0,,0.0,0.0,30.0,150.0,16.844531250000003,28.844531250000003,Leave_One_experiments/all_year_offline_schedule_search/daily_outputs/HLA/HLA_2022_HLA2022_normal_grid_S0013_daily.csv
HLA,HLA,Hailun,2022,Leave_One_experiments\wth_generated_qc\HLA\HLA2022.WTH,normal_year;nitrogen_stress_year;low_response_year,normal,HLA2022_normal_grid_S0013,irrigation_positive_candidate,2022-06-13,164,45,40,"{""sim_day"": 45.0, ""doy"": 164.0, ""topwt"": 199.4301986694336, ""grnwt"": 0.0, ""xlai"": 0.3797968924045563, ""totir"": 0.0, ""tofer"": NaN, ""swfac"": 0.0, ""nstres"": 0.0}",0.0,0.0,199.4301986694336,0.0,0.3797968924045563,0.0,,0.0,0.0,30.0,150.0,16.844531250000003,28.844531250000003,Leave_One_experiments/all_year_offline_schedule_search/daily_outputs/HLA/HLA_2022_HLA2022_normal_grid_S0013_daily.csv
HLA,HLA,Hailun,2022,Leave_One_experiments\wth_generated_qc\HLA\HLA2022.WTH,normal_year;nitrogen_stress_year;low_response_year,normal,HLA2022_normal_grid_S0013,irrigation_positive_candidate,2022-06-14,165,46,41,"{""sim_day"": 46.0, ""doy"": 165.0, ""topwt"": 235.08129119873047, ""grnwt"": 0.0, ""xlai"": 0.4353713691234588, ""totir"": 0.0, ""tofer"": NaN, ""swfac"": 0.0, ""nstres"": 0.0}",0.0,0.0,235.08129119873047,0.0,0.4353713691234588,0.0,,0.0,0.0,30.0,150.0,16.844531250000003,28.844531250000003,Leave_One_experiments/all_year_offline_schedule_search/daily_outputs/HLA/HLA_2022_HLA2022_normal_grid_S0013_daily.csv
HLA,HLA,Hailun,2022,Leave_One_experiments\wth_generated_qc\HLA\HLA2022.WTH,normal_year;nitrogen_stress_year;low_response_year,normal,HLA2022_normal_grid_S0013,irrigation_positive_candidate,2022-06-15,166,47,42,"{""sim_day"": 47.0, ""doy"": 166.0, ""topwt"": 271.68981552124023, ""grnwt"": 0.0, ""xlai"": 0.4905203878879547, ""totir"": 0.0, ""tofer"": NaN, ""swfac"": 0.0, ""nstres"": 0.0}",0.0,0.0,271.68981552124023,0.0,0.4905203878879547,0.0,,0.0,0.0,30.0,150.0,16.844531250000003,28.844531250000003,Leave_One_experiments/all_year_offline_schedule_search/daily_outputs/HLA/HLA_2022_HLA2022_normal_grid_S0013_daily.csv
HLA,HLA,Hailun,2022,Leave_One_experiments\wth_generated_qc\HLA\HLA2022.WTH,normal_year;nitrogen_stress_year;low_response_year,normal,HLA2022_normal_grid_S0013,irrigation_positive_candidate,2022-06-16,167,48,43,"{""sim_day"": 48.0, ""doy"": 167.0, ""topwt"": 310.4355049133301, ""grnwt"": 0.0, ""xlai"": 0.5471257567405701, ""totir"": 0.0, ""tofer"": NaN, ""swfac"": 0.0, ""nstres"": 0.0}",0.0,0.0,310.4355049133301,0.0,0.5471257567405701,0.0,,0.0,0.0,30.0,150.0,16.844531250000003,28.844531250000003,Leave_One_experiments/all_year_offline_schedule_search/daily_outputs/HLA/HLA_2022_HLA2022_normal_grid_S0013_daily.csv
HLA,HLA,Hailun,2022,Leave_One_experiments\wth_generated_qc\HLA\HLA2022.WTH,normal_year;nitrogen_stress_year;low_response_year,normal,HLA2022_normal_grid_S0013,irrigation_positive_candidate,2022-06-17,168,49,44,"{""sim_day"": 49.0, ""doy"": 168.0, ""topwt"": 358.8534164428711, ""grnwt"": 0.0, ""xlai"": 0.6157243251800537, ""totir"": 0.0, ""tofer"": NaN, ""swfac"": 0.0, ""nstres"": 0.0}",0.0,0.0,358.8534164428711,0.0,0.6157243251800537,0.0,,0.0,0.0,30.0,150.0,16.844531250000003,28.844531250000003,Leave_One_experiments/all_year_offline_schedule_search/daily_outputs/HLA/HLA_2022_HLA2022_normal_grid_S0013_daily.csv
HLA,HLA,Hailun,2022,Leave_One_experiments\wth_generated_qc\HLA\HLA2022.WTH,normal_year;nitrogen_stress_year;low_response_year,normal,HLA2022_normal_grid_S0013,irrigation_positive_candidate,2022-06-18,169,50,45,"{""sim_day"": 50.0, ""doy"": 169.0, ""topwt"": 418.0911254882813, ""grnwt"": 0.0, ""xlai"": 0.6950295567512512, ""totir"": 0.0, ""tofer"": NaN, ""swfac"": 0.0, ""nstres"": 0.0}",0.0,0.0,418.0911254882813,0.0,0.6950295567512512,0.0,,0.0,0.0,30.0,150.0,16.844531250000003,28.844531250000003,Leave_One_experiments/all_year_offline_schedule_search/daily_outputs/HLA/HLA_2022_HLA2022_normal_grid_S0013_daily.csv
HLA,HLA,Hailun,2022,Leave_One_experiments\wth_generated_qc\HLA\HLA2022.WTH,normal_year;nitrogen_stress_year;low_response_year,normal,HLA2022_normal_grid_S0013,irrigation_positive_candidate,2022-06-19,170,51,46,"{""sim_day"": 51.0, ""doy"": 170.0, ""topwt"": 479.533576965332, ""grnwt"": 0.0, ""xlai"": 0.7791062593460083, ""totir"": 0.0, ""tofer"": NaN, ""swfac"": 0.0, ""nstres"": 0.0}",0.0,0.0,479.533576965332,0.0,0.7791062593460083,0.0,,0.0,0.0,30.0,150.0,16.844531250000003,28.844531250000003,Leave_One_experiments/all_year_offline_schedule_search/daily_outputs/HLA/HLA_2022_HLA2022_normal_grid_S0013_daily.csv
HLA,HLA,Hailun,2022,Leave_One_experiments\wth_generated_qc\HLA\HLA2022.WTH,normal_year;nitrogen_stress_year;low_response_year,normal,HLA2022_normal_grid_S0013,irrigation_positive_candidate,2022-06-20,171,52,47,"{""sim_day"": 52.0, ""doy"": 171.0, ""topwt"": 554.7293853759766, ""grnwt"": 0.0, ""xlai"": 0.8776223659515381, ""totir"": 0.0, ""tofer"": NaN, ""swfac"": 0.0, ""nstres"": 0.0}",0.0,0.0,554.7293853759766,0.0,0.8776223659515381,0.0,,0.0,0.0,30.0,150.0,16.844531250000003,28.844531250000003,Leave_One_experiments/all_year_offline_schedule_search/daily_outputs/HLA/HLA_2022_HLA2022_normal_grid_S0013_daily.csv
HLA,HLA,Hailun,2022,Leave_One_experiments\wth_generated_qc\HLA\HLA2022.WTH,normal_year;nitrogen_stress_year;low_response_year,normal,HLA2022_normal_grid_S0013,irrigation_positive_candidate,2022-06-21,172,53,48,"{""sim_day"": 53.0, ""doy"": 172.0, ""topwt"": 657.1427917480469, ""grnwt"": 0.0, ""xlai"": 1.0048640966415403, ""totir"": 0.0, ""tofer"": NaN, ""swfac"": 0.0, ""nstres"": 0.0}",0.0,0.0,657.1427917480469,0.0,1.0048640966415403,0.0,,0.0,0.0,30.0,150.0,16.844531250000003,28.844531250000003,Leave_One_experiments/all_year_offline_schedule_search/daily_outputs/HLA/HLA_2022_HLA2022_normal_grid_S0013_daily.csv
HLA,HLA,Hailun,2022,Leave_One_experiments\wth_generated_qc\HLA\HLA2022.WTH,normal_year;nitrogen_stress_year;low_response_year,normal,HLA2022_normal_grid_S0013,irrigation_positive_candidate,2022-06-22,173,54,49,"{""sim_day"": 54.0, ""doy"": 173.0, ""topwt"": 754.7146606445312, ""grnwt"": 0.0, ""xlai"": 1.1196626424789429, ""totir"": 0.0, ""tofer"": NaN, ""swfac"": 0.0, ""nstres"": 0.0}",0.0,0.0,754.7146606445312,0.0,1.1196626424789429,0.0,,0.0,0.0,30.0,150.0,16.844531250000003,28.844531250000003,Leave_One_experiments/all_year_offline_schedule_search/daily_outputs/HLA/HLA_2022_HLA2022_normal_grid_S0013_daily.csv
HLA,HLA,Hailun,2022,Leave_One_experiments\wth_generated_qc\HLA\HLA2022.WTH,normal_year;nitrogen_stress_year;low_response_year,normal,HLA2022_normal_grid_S0013,irrigation_positive_candidate,2022-06-23,174,55,50,"{""sim_day"": 55.0, ""doy"": 174.0, ""topwt"": 827.8398132324219, ""grnwt"": 0.0, ""xlai"": 1.2021249532699585, ""totir"": 0.0, ""tofer"": NaN, ""swfac"": 0.0, ""nstres"": 0.0}",0.0,0.0,827.8398132324219,0.0,1.2021249532699585,0.0,,0.0,0.0,30.0,150.0,16.844531250000003,28.844531250000003,Leave_One_experiments/all_year_offline_schedule_search/daily_outputs/HLA/HLA_2022_HLA2022_normal_grid_S0013_daily.csv
HLA,HLA,Hailun,2022,Leave_One_experiments\wth_generated_qc\HLA\HLA2022.WTH,normal_year;nitrogen_stress_year;low_response_year,normal,HLA2022_normal_grid_S0013,irrigation_positive_candidate,2022-06-24,175,56,51,"{""sim_day"": 56.0, ""doy"": 175.0, ""topwt"": 923.5954284667968, ""grnwt"": 0.0, ""xlai"": 1.3051025867462158, ""totir"": 0.0, ""tofer"": NaN, ""swfac"": 0.0, ""nstres"": 0.0}",0.0,0.0,923.5954284667968,0.0,1.3051025867462158,0.0,,0.0,0.0,30.0,150.0,16.844531250000003,28.844531250000003,Leave_One_experiments/all_year_offline_schedule_search/daily_outputs/HLA/HLA_2022_HLA2022_normal_grid_S0013_daily.csv
HLA,HLA,Hailun,2022,Leave_One_experiments\wth_generated_qc\HLA\HLA2022.WTH,normal_year;nitrogen_stress_year;low_response_year,normal,HLA2022_normal_grid_S0013,irrigation_positive_candidate,2022-06-25,176,57,52,"{""sim_day"": 57.0, ""doy"": 176.0, ""topwt"": 1024.4367980957031, ""grnwt"": 0.0, ""xlai"": 1.408144474029541, ""totir"": 0.0, ""tofer"": NaN, ""swfac"": 0.0, ""nstres"": 0.0}",0.0,0.0,1024.4367980957031,0.0,1.408144474029541,0.0,,0.0,0.0,30.0,150.0,16.844531250000003,28.844531250000003,Leave_One_experiments/all_year_offline_schedule_search/daily_outputs/HLA/HLA_2022_HLA2022_normal_grid_S0013_daily.csv
HLA,HLA,Hailun,2022,Leave_One_experiments\wth_generated_qc\HLA\HLA2022.WTH,normal_year;nitrogen_stress_year;low_response_year,normal,HLA2022_normal_grid_S0013,irrigation_positive_candidate,2022-06-26,177,58,53,"{""sim_day"": 58.0, ""doy"": 177.0, ""topwt"": 1142.6367950439453, ""grnwt"": 0.0, ""xlai"": 1.522210955619812, ""totir"": 0.0, ""tofer"": NaN, ""swfac"": 0.0, ""nstres"": 0.0}",0.0,0.0,1142.6367950439453,0.0,1.522210955619812,0.0,,0.0,0.0,30.0,150.0,16.844531250000003,28.844531250000003,Leave_One_experiments/all_year_offline_schedule_search/daily_outputs/HLA/HLA_2022_HLA2022_normal_grid_S0013_daily.csv
HLA,HLA,Hailun,2022,Leave_One_experiments\wth_generated_qc\HLA\HLA2022.WTH,normal_year;nitrogen_stress_year;low_response_year,normal,HLA2022_normal_grid_S0013,irrigation_positive_candidate,2022-06-27,178,59,54,"{""sim_day"": 59.0, ""doy"": 178.0, ""topwt"": 1283.0567932128906, ""grnwt"": 0.0, ""xlai"": 1.6491339206695557, ""totir"": 0.0, ""tofer"": NaN, ""swfac"": 0.0, ""nstres"": 0.0}",0.0,0.0,1283.0567932128906,0.0,1.6491339206695557,0.0,,0.0,0.0,30.0,150.0,16.844531250000003,28.844531250000003,Leave_One_experiments/all_year_offline_schedule_search/daily_outputs/HLA/HLA_2022_HLA2022_normal_grid_S0013_daily.csv
HLA,HLA,Hailun,2022,Leave_One_experiments\wth_generated_qc\HLA\HLA2022.WTH,normal_year;nitrogen_stress_year;low_response_year,normal,HLA2022_normal_grid_S0013,irrigation_positive_candidate,2022-06-28,179,60,55,"{""sim_day"": 60.0, ""doy"": 179.0, ""topwt"": 1425.2305603027344, ""grnwt"": 0.0, ""xlai"": 1.7695472240447998, ""totir"": 0.0, ""tofer"": NaN, ""swfac"": 0.0, ""nstres"": 0.0}",0.0,0.0,1425.2305603027344,0.0,1.7695472240447998,0.0,,0.0,0.0,30.0,150.0,16.844531250000003,28.844531250000003,Leave_One_experiments/all_year_offline_schedule_search/daily_outputs/HLA/HLA_2022_HLA2022_normal_grid_S0013_daily.csv
HLA,HLA,Hailun,2022,Leave_One_experiments\wth_generated_qc\HLA\HLA2022.WTH,normal_year;nitrogen_stress_year;low_response_year,normal,HLA2022_normal_grid_S0013,irrigation_positive_candidate,2022-06-29,180,61,56,"{""sim_day"": 61.0, ""doy"": 180.0, ""topwt"": 1582.4986267089844, ""grnwt"": 0.0, ""xlai"": 1.8940430879592896, ""totir"": 0.0, ""tofer"": NaN, ""swfac"": 0.0, ""nstres"": 0.0}",0.0,0.0,1582.4986267089844,0.0,1.8940430879592896,0.0,,0.0,0.0,30.0,150.0,16.844531250000003,28.844531250000003,Leave_One_experiments/all_year_offline_schedule_search/daily_outputs/HLA/HLA_2022_HLA2022_normal_grid_S0013_daily.csv
HLA,HLA,Hailun,2022,Leave_One_experiments\wth_generated_qc\HLA\HLA2022.WTH,normal_year;nitrogen_stress_year;low_response_year,normal,HLA2022_normal_grid_S0013,irrigation_positive_candidate,2022-06-30,181,62,57,"{""sim_day"": 62.0, ""doy"": 181.0, ""topwt"": 1745.7766723632812, ""grnwt"": 0.0, ""xlai"": 2.0149216651916504, ""totir"": 0.0, ""tofer"": NaN, ""swfac"": 0.0, ""nstres"": 0.0}",0.0,0.0,1745.7766723632812,0.0,2.0149216651916504,0.0,,0.0,0.0,30.0,150.0,16.844531250000003,28.844531250000003,Leave_One_experiments/all_year_offline_schedule_search/daily_outputs/HLA/HLA_2022_HLA2022_normal_grid_S0013_daily.csv
HLA,HLA,Hailun,2022,Leave_One_experiments\wth_generated_qc\HLA\HLA2022.WTH,normal_year;nitrogen_stress_year;low_response_year,normal,HLA2022_normal_grid_S0013,irrigation_positive_candidate,2022-07-01,182,63,58,"{""sim_day"": 63.0, ""doy"": 182.0, ""topwt"": 1914.3049621582031, ""grnwt"": 0.0, ""xlai"": 2.13179874420166, ""totir"": 0.0, ""tofer"": NaN, ""swfac"": 0.0, ""nstres"": 0.0}",0.0,0.0,1914.3049621582031,0.0,2.13179874420166,0.0,,0.0,0.0,30.0,150.0,16.844531250000003,28.844531250000003,Leave_One_experiments/all_year_offline_schedule_search/daily_outputs/HLA/HLA_2022_HLA2022_normal_grid_S0013_daily.csv
HLA,HLA,Hailun,2022,Leave_One_experiments\wth_generated_qc\HLA\HLA2022.WTH,normal_year;nitrogen_stress_year;low_response_year,normal,HLA2022_normal_grid_S0013,irrigation_positive_candidate,2022-07-02,183,64,59,"{""sim_day"": 64.0, ""doy"": 183.0, ""topwt"": 2092.4609375, ""grnwt"": 0.0, ""xlai"": 2.2476017475128174, ""totir"": 0.0, ""tofer"": NaN, ""swfac"": 0.0, ""nstres"": 0.0}",0.0,0.0,2092.4609375,0.0,2.2476017475128174,0.0,,0.0,0.0,30.0,150.0,16.844531250000003,28.844531250000003,Leave_One_experiments/all_year_offline_schedule_search/daily_outputs/HLA/HLA_2022_HLA2022_normal_grid_S0013_daily.csv
HLA,HLA,Hailun,2022,Leave_One_experiments\wth_generated_qc\HLA\HLA2022.WTH,normal_year;nitrogen_stress_year;low_response_year,normal,HLA2022_normal_grid_S0013,irrigation_positive_candidate,2022-07-03,184,65,60,"{""sim_day"": 65.0, ""doy"": 184.0, ""topwt"": 2296.0389709472656, ""grnwt"": 0.0, ""xlai"": 2.3711493015289307, ""totir"": 0.0, ""tofer"": NaN, ""swfac"": 0.0, ""nstres"": 0.0}",0.0,0.0,2296.0389709472656,0.0,2.3711493015289307,0.0,,0.0,50.0,30.0,150.0,16.844531250000003,28.844531250000003,Leave_One_experiments/all_year_offline_schedule_search/daily_outputs/HLA/HLA_2022_HLA2022_normal_grid_S0013_daily.csv
HLA,HLA,Hailun,2022,Leave_One_experiments\wth_generated_qc\HLA\HLA2022.WTH,normal_year;nitrogen_stress_year;low_response_year,normal,HLA2022_normal_grid_S0013,irrigation_positive_candidate,2022-07-04,185,66,61,"{""sim_day"": 66.0, ""doy"": 185.0, ""topwt"": 2527.3580932617188, ""grnwt"": 0.0, ""xlai"": 2.501708984375, ""totir"": 0.0, ""tofer"": NaN, ""swfac"": 0.0, ""nstres"": 0.0}",0.0,0.0,2527.3580932617188,0.0,2.501708984375,0.0,,0.0,0.0,30.0,150.0,16.844531250000003,28.844531250000003,Leave_One_experiments/all_year_offline_schedule_search/daily_outputs/HLA/HLA_2022_HLA2022_normal_grid_S0013_daily.csv
HLA,HLA,Hailun,2022,Leave_One_experiments\wth_generated_qc\HLA\HLA2022.WTH,normal_year;nitrogen_stress_year;low_response_year,normal,HLA2022_normal_grid_S0013,irrigation_positive_candidate,2022-07-05,186,67,62,"{""sim_day"": 67.0, ""doy"": 186.0, ""topwt"": 2785.8868408203125, ""grnwt"": 0.0, ""xlai"": 2.6370763778686523, ""totir"": 0.0, ""tofer"": NaN, ""swfac"": 0.0, ""nstres"": 0.0}",0.0,0.0,2785.8868408203125,0.0,2.6370763778686523,0.0,,0.0,0.0,30.0,150.0,16.844531250000003,28.844531250000003,Leave_One_experiments/all_year_offline_schedule_search/daily_outputs/HLA/HLA_2022_HLA2022_normal_grid_S0013_daily.csv
HLA,HLA,Hailun,2022,Leave_One_experiments\wth_generated_qc\HLA\HLA2022.WTH,normal_year;nitrogen_stress_year;low_response_year,normal,HLA2022_normal_grid_S0013,irrigation_positive_candidate,2022-07-06,187,68,63,"{""sim_day"": 68.0, ""doy"": 187.0, ""topwt"": 3029.8779296875, ""grnwt"": 0.0, ""xlai"": 2.7565293312072754, ""totir"": 0.0, ""tofer"": NaN, ""swfac"": 0.0, ""nstres"": 0.0}",0.0,0.0,3029.8779296875,0.0,2.7565293312072754,0.0,,0.0,0.0,30.0,150.0,16.844531250000003,28.844531250000003,Leave_One_experiments/all_year_offline_schedule_search/daily_outputs/HLA/HLA_2022_HLA2022_normal_grid_S0013_daily.csv
HLA,HLA,Hailun,2022,Leave_One_experiments\wth_generated_qc\HLA\HLA2022.WTH,normal_year;nitrogen_stress_year;low_response_year,normal,HLA2022_normal_grid_S0013,irrigation_positive_candidate,2022-07-07,188,69,64,"{""sim_day"": 69.0, ""doy"": 188.0, ""topwt"": 3294.058837890625, ""grnwt"": 0.0, ""xlai"": 2.87758207321167, ""totir"": 0.0, ""tofer"": NaN, ""swfac"": 0.0, ""nstres"": 0.0}",0.0,0.0,3294.058837890625,0.0,2.87758207321167,0.0,,0.0,0.0,30.0,150.0,16.844531250000003,28.844531250000003,Leave_One_experiments/all_year_offline_schedule_search/daily_outputs/HLA/HLA_2022_HLA2022_normal_grid_S0013_daily.csv
HLA,HLA,Hailun,2022,Leave_One_experiments\wth_generated_qc\HLA\HLA2022.WTH,normal_year;nitrogen_stress_year;low_response_year,normal,HLA2022_normal_grid_S0013,irrigation_positive_candidate,2022-07-08,189,70,65,"{""sim_day"": 70.0, ""doy"": 189.0, ""topwt"": 3553.5577392578125, ""grnwt"": 0.0, ""xlai"": 2.9894261360168457, ""totir"": 30.0, ""tofer"": NaN, ""swfac"": 0.0, ""nstres"": 0.0}",0.0,0.0,3553.5577392578125,0.0,2.9894261360168457,30.0,,30.0,0.0,30.0,150.0,16.844531250000003,28.844531250000003,Leave_One_experiments/all_year_offline_schedule_search/daily_outputs/HLA/HLA_2022_HLA2022_normal_grid_S0013_daily.csv
HLA,HLA,Hailun,2022,Leave_One_experiments\wth_generated_qc\HLA\HLA2022.WTH,normal_year;nitrogen_stress_year;low_response_year,normal,HLA2022_normal_grid_S0013,irrigation_positive_candidate,2022-07-09,190,71,66,"{""sim_day"": 71.0, ""doy"": 190.0, ""topwt"": 3816.705932617188, ""grnwt"": 0.0, ""xlai"": 3.0964772701263428, ""totir"": 30.0, ""tofer"": NaN, ""swfac"": 0.0, ""nstres"": 0.0}",0.0,0.0,3816.705932617188,0.0,3.0964772701263428,30.0,,0.0,0.0,30.0,150.0,16.844531250000003,28.844531250000003,Leave_One_experiments/all_year_offline_schedule_search/daily_outputs/HLA/HLA_2022_HLA2022_normal_grid_S0013_daily.csv
HLA,HLA,Hailun,2022,Leave_One_experiments\wth_generated_qc\HLA\HLA2022.WTH,normal_year;nitrogen_stress_year;low_response_year,normal,HLA2022_normal_grid_S0013,irrigation_positive_candidate,2022-07-10,191,72,67,"{""sim_day"": 72.0, ""doy"": 191.0, ""topwt"": 4146.795959472656, ""grnwt"": 0.0, ""xlai"": 3.261737823486328, ""totir"": 30.0, ""tofer"": NaN, ""swfac"": 0.0, ""nstres"": 0.0}",0.0,0.0,4146.795959472656,0.0,3.261737823486328,30.0,,0.0,0.0,30.0,150.0,16.844531250000003,28.844531250000003,Leave_One_experiments/all_year_offline_schedule_search/daily_outputs/HLA/HLA_2022_HLA2022_normal_grid_S0013_daily.csv
HLA,HLA,Hailun,2022,Leave_One_experiments\wth_generated_qc\HLA\HLA2022.WTH,normal_year;nitrogen_stress_year;low_response_year,normal,HLA2022_normal_grid_S0013,irrigation_positive_candidate,2022-07-11,192,73,68,"{""sim_day"": 73.0, ""doy"": 192.0, ""topwt"": 4488.076171875, ""grnwt"": 0.0, ""xlai"": 3.401055335998535, ""totir"": 30.0, ""tofer"": NaN, ""swfac"": 0.0, ""nstres"": 0.0}",0.0,0.0,4488.076171875,0.0,3.401055335998535,30.0,,0.0,0.0,30.0,150.0,16.844531250000003,28.844531250000003,Leave_One_experiments/all_year_offline_schedule_search/daily_outputs/HLA/HLA_2022_HLA2022_normal_grid_S0013_daily.csv
HLA,HLA,Hailun,2022,Leave_One_experiments\wth_generated_qc\HLA\HLA2022.WTH,normal_year;nitrogen_stress_year;low_response_year,normal,HLA2022_normal_grid_S0013,irrigation_positive_candidate,2022-07-12,193,74,69,"{""sim_day"": 74.0, ""doy"": 193.0, ""topwt"": 4798.1243896484375, ""grnwt"": 0.0, ""xlai"": 3.5123136043548584, ""totir"": 30.0, ""tofer"": NaN, ""swfac"": 0.0, ""nstres"": 0.0}",0.0,0.0,4798.1243896484375,0.0,3.5123136043548584,30.0,,0.0,0.0,30.0,150.0,16.844531250000003,28.844531250000003,Leave_One_experiments/all_year_offline_schedule_search/daily_outputs/HLA/HLA_2022_HLA2022_normal_grid_S0013_daily.csv
HLA,HLA,Hailun,2022,Leave_One_experiments\wth_generated_qc\HLA\HLA2022.WTH,normal_year;nitrogen_stress_year;low_response_year,normal,HLA2022_normal_grid_S0013,irrigation_positive_candidate,2022-07-13,194,75,70,"{""sim_day"": 75.0, ""doy"": 194.0, ""topwt"": 5065.391845703125, ""grnwt"": 0.0, ""xlai"": 3.6000847816467285, ""totir"": 30.0, ""tofer"": NaN, ""swfac"": 0.0, ""nstres"": 0.0}",0.0,0.0,5065.391845703125,0.0,3.6000847816467285,30.0,,0.0,0.0,30.0,150.0,16.844531250000003,28.844531250000003,Leave_One_experiments/all_year_offline_schedule_search/daily_outputs/HLA/HLA_2022_HLA2022_normal_grid_S0013_daily.csv
HLA,HLA,Hailun,2022,Leave_One_experiments\wth_generated_qc\HLA\HLA2022.WTH,normal_year;nitrogen_stress_year;low_response_year,normal,HLA2022_normal_grid_S0013,irrigation_positive_candidate,2022-07-14,195,76,71,"{""sim_day"": 76.0, ""doy"": 195.0, ""topwt"": 5336.2548828125, ""grnwt"": 0.0, ""xlai"": 3.682558059692383, ""totir"": 30.0, ""tofer"": NaN, ""swfac"": 0.0, ""nstres"": 0.0}",0.0,0.0,5336.2548828125,0.0,3.682558059692383,30.0,,0.0,0.0,30.0,150.0,16.844531250000003,28.844531250000003,Leave_One_experiments/all_year_offline_schedule_search/daily_outputs/HLA/HLA_2022_HLA2022_normal_grid_S0013_daily.csv
HLA,HLA,Hailun,2022,Leave_One_experiments\wth_generated_qc\HLA\HLA2022.WTH,normal_year;nitrogen_stress_year;low_response_year,normal,HLA2022_normal_grid_S0013,irrigation_positive_candidate,2022-07-15,196,77,72,"{""sim_day"": 77.0, ""doy"": 196.0, ""topwt"": 5591.642456054688, ""grnwt"": 0.0, ""xlai"": 3.7556264400482178, ""totir"": 30.0, ""tofer"": NaN, ""swfac"": 0.0, ""nstres"": 0.0}",0.0,0.0,5591.642456054688,0.0,3.7556264400482178,30.0,,0.0,0.0,30.0,150.0,16.844531250000003,28.844531250000003,Leave_One_experiments/all_year_offline_schedule_search/daily_outputs/HLA/HLA_2022_HLA2022_normal_grid_S0013_daily.csv
HLA,HLA,Hailun,2022,Leave_One_experiments\wth_generated_qc\HLA\HLA2022.WTH,normal_year;nitrogen_stress_year;low_response_year,normal,HLA2022_normal_grid_S0013,irrigation_positive_candidate,2022-07-16,197,78,73,"{""sim_day"": 78.0, ""doy"": 197.0, ""topwt"": 5824.6759033203125, ""grnwt"": 0.0, ""xlai"": 3.8189849853515625, ""totir"": 30.0, ""tofer"": NaN, ""swfac"": 0.0, ""nstres"": 0.0}",0.0,0.0,5824.6759033203125,0.0,3.8189849853515625,30.0,,0.0,0.0,30.0,150.0,16.844531250000003,28.844531250000003,Leave_One_experiments/all_year_offline_schedule_search/daily_outputs/HLA/HLA_2022_HLA2022_normal_grid_S0013_daily.csv
HLA,HLA,Hailun,2022,Leave_One_experiments\wth_generated_qc\HLA\HLA2022.WTH,normal_year;nitrogen_stress_year;low_response_year,normal,HLA2022_normal_grid_S0013,irrigation_positive_candidate,2022-07-17,198,79,74,"{""sim_day"": 79.0, ""doy"": 198.0, ""topwt"": 6055.0860595703125, ""grnwt"": 0.0, ""xlai"": 3.871995687484741, ""totir"": 30.0, ""tofer"": NaN, ""swfac"": 0.0, ""nstres"": 0.0139387845993042}",0.0,0.0139387845993042,6055.0860595703125,0.0,3.871995687484741,30.0,,0.0,0.0,30.0,150.0,16.844531250000003,28.844531250000003,Leave_One_experiments/all_year_offline_schedule_search/daily_outputs/HLA/HLA_2022_HLA2022_normal_grid_S0013_daily.csv
HLA,HLA,Hailun,2022,Leave_One_experiments\wth_generated_qc\HLA\HLA2022.WTH,normal_year;nitrogen_stress_year;low_response_year,normal,HLA2022_normal_grid_S0013,irrigation_positive_candidate,2022-07-18,199,80,75,"{""sim_day"": 80.0, ""doy"": 199.0, ""topwt"": 6291.8157958984375, ""grnwt"": 0.0, ""xlai"": 3.9189839363098153, ""totir"": 30.0, ""tofer"": NaN, ""swfac"": 0.0, ""nstres"": 0.0238528251647949}",0.0,0.0238528251647949,6291.8157958984375,0.0,3.9189839363098153,30.0,,0.0,0.0,30.0,150.0,16.844531250000003,28.844531250000003,Leave_One_experiments/all_year_offline_schedule_search/daily_outputs/HLA/HLA_2022_HLA2022_normal_grid_S0013_daily.csv
HLA,HLA,Hailun,2022,Leave_One_experiments\wth_generated_qc\HLA\HLA2022.WTH,normal_year;nitrogen_stress_year;low_response_year,normal,HLA2022_normal_grid_S0013,irrigation_positive_candidate,2022-07-19,200,81,76,"{""sim_day"": 81.0, ""doy"": 200.0, ""topwt"": 6535.33203125, ""grnwt"": 0.0, ""xlai"": 3.964459180831909, ""totir"": 30.0, ""tofer"": NaN, ""swfac"": 0.0, ""nstres"": 0.0298753976821899}",0.0,0.0298753976821899,6535.33203125,0.0,3.964459180831909,30.0,,0.0,0.0,30.0,150.0,16.844531250000003,28.844531250000003,Leave_One_experiments/all_year_offline_schedule_search/daily_outputs/HLA/HLA_2022_HLA2022_normal_grid_S0013_daily.csv
HLA,HLA,Hailun,2022,Leave_One_experiments\wth_generated_qc\HLA\HLA2022.WTH,normal_year;nitrogen_stress_year;low_response_year,normal,HLA2022_normal_grid_S0013,irrigation_positive_candidate,2022-07-20,201,82,77,"{""sim_day"": 82.0, ""doy"": 201.0, ""topwt"": 6757.94677734375, ""grnwt"": 0.0, ""xlai"": 4.001753330230713, ""totir"": 30.0, ""tofer"": NaN, ""swfac"": 0.0, ""nstres"": 0.0353748798370361}",0.0,0.0353748798370361,6757.94677734375,0.0,4.001753330230713,30.0,,0.0,0.0,30.0,150.0,16.844531250000003,28.844531250000003,Leave_One_experiments/all_year_offline_schedule_search/daily_outputs/HLA/HLA_2022_HLA2022_normal_grid_S0013_daily.csv
HLA,HLA,Hailun,2022,Leave_One_experiments\wth_generated_qc\HLA\HLA2022.WTH,normal_year;nitrogen_stress_year;low_response_year,normal,HLA2022_normal_grid_S0013,irrigation_positive_candidate,2022-07-21,202,83,78,"{""sim_day"": 83.0, ""doy"": 202.0, ""topwt"": 6984.92919921875, ""grnwt"": 0.0, ""xlai"": 4.037397861480713, ""totir"": 30.0, ""tofer"": NaN, ""swfac"": 0.0, ""nstres"": 0.0403274297714233}",0.0,0.0403274297714233,6984.92919921875,0.0,4.037397861480713,30.0,,0.0,0.0,30.0,150.0,16.844531250000003,28.844531250000003,Leave_One_experiments/all_year_offline_schedule_search/daily_outputs/HLA/HLA_2022_HLA2022_normal_grid_S0013_daily.csv
HLA,HLA,Hailun,2022,Leave_One_experiments\wth_generated_qc\HLA\HLA2022.WTH,normal_year;nitrogen_stress_year;low_response_year,normal,HLA2022_normal_grid_S0013,irrigation_positive_candidate,2022-07-22,203,84,79,"{""sim_day"": 84.0, ""doy"": 203.0, ""topwt"": 7204.9261474609375, ""grnwt"": 0.0, ""xlai"": 4.068724155426025, ""totir"": 30.0, ""tofer"": NaN, ""swfac"": 0.0, ""nstres"": 0.0449342727661132}",0.0,0.0449342727661132,7204.9261474609375,0.0,4.068724155426025,30.0,,0.0,0.0,30.0,150.0,16.844531250000003,28.844531250000003,Leave_One_experiments/all_year_offline_schedule_search/daily_outputs/HLA/HLA_2022_HLA2022_normal_grid_S0013_daily.csv
HLA,HLA,Hailun,2022,Leave_One_experiments\wth_generated_qc\HLA\HLA2022.WTH,normal_year;nitrogen_stress_year;low_response_year,normal,HLA2022_normal_grid_S0013,irrigation_positive_candidate,2022-07-23,204,85,80,"{""sim_day"": 85.0, ""doy"": 204.0, ""topwt"": 7408.006591796875, ""grnwt"": 0.0, ""xlai"": 4.0931172370910645, ""totir"": 30.0, ""tofer"": NaN, ""swfac"": 0.0, ""nstres"": 0.0498439073562622}",0.0,0.0498439073562622,7408.006591796875,0.0,4.0931172370910645,30.0,,0.0,0.0,30.0,150.0,16.844531250000003,28.844531250000003,Leave_One_experiments/all_year_offline_schedule_search/daily_outputs/HLA/HLA_2022_HLA2022_normal_grid_S0013_daily.csv
HLA,HLA,Hailun,2022,Leave_One_experiments\wth_generated_qc\HLA\HLA2022.WTH,normal_year;nitrogen_stress_year;low_response_year,normal,HLA2022_normal_grid_S0013,irrigation_positive_candidate,2022-07-24,205,86,81,"{""sim_day"": 86.0, ""doy"": 205.0, ""topwt"": 7738.994140625, ""grnwt"": 0.0, ""xlai"": 4.021041870117188, ""totir"": 30.0, ""tofer"": NaN, ""swfac"": 0.0, ""nstres"": 0.0538263320922851}",0.0,0.0538263320922851,7738.994140625,0.0,4.021041870117188,30.0,,0.0,0.0,30.0,150.0,16.844531250000003,28.844531250000003,Leave_One_experiments/all_year_offline_schedule_search/daily_outputs/HLA/HLA_2022_HLA2022_normal_grid_S0013_daily.csv
HLA,HLA,Hailun,2022,Leave_One_experiments\wth_generated_qc\HLA\HLA2022.WTH,normal_year;nitrogen_stress_year;low_response_year,normal,HLA2022_normal_grid_S0013,irrigation_positive_candidate,2022-07-25,206,87,82,"{""sim_day"": 87.0, ""doy"": 206.0, ""topwt"": 8125.0927734375, ""grnwt"": 0.0, ""xlai"": 3.9950671195983887, ""totir"": 30.0, ""tofer"": NaN, ""swfac"": 0.0, ""nstres"": 0.0516766309738159}",0.0,0.0516766309738159,8125.0927734375,0.0,3.9950671195983887,30.0,,0.0,0.0,30.0,150.0,16.844531250000003,28.844531250000003,Leave_One_experiments/all_year_offline_schedule_search/daily_outputs/HLA/HLA_2022_HLA2022_normal_grid_S0013_daily.csv
HLA,HLA,Hailun,2022,Leave_One_experiments\wth_generated_qc\HLA\HLA2022.WTH,normal_year;nitrogen_stress_year;low_response_year,normal,HLA2022_normal_grid_S0013,irrigation_positive_candidate,2022-07-26,207,88,83,"{""sim_day"": 88.0, ""doy"": 207.0, ""topwt"": 8504.9755859375, ""grnwt"": 0.0, ""xlai"": 3.9704225063323975, ""totir"": 30.0, ""tofer"": NaN, ""swfac"": 0.0, ""nstres"": 0.0493503212928772}",0.0,0.0493503212928772,8504.9755859375,0.0,3.9704225063323975,30.0,,0.0,0.0,30.0,150.0,16.844531250000003,28.844531250000003,Leave_One_experiments/all_year_offline_schedule_search/daily_outputs/HLA/HLA_2022_HLA2022_normal_grid_S0013_daily.csv
HLA,HLA,Hailun,2022,Leave_One_experiments\wth_generated_qc\HLA\HLA2022.WTH,normal_year;nitrogen_stress_year;low_response_year,normal,HLA2022_normal_grid_S0013,irrigation_positive_candidate,2022-07-27,208,89,84,"{""sim_day"": 89.0, ""doy"": 208.0, ""topwt"": 8711.923828125, ""grnwt"": 0.0, ""xlai"": 3.94706130027771, ""totir"": 30.0, ""tofer"": NaN, ""swfac"": 0.0, ""nstres"": 0.0470709204673767}",0.0,0.0470709204673767,8711.923828125,0.0,3.94706130027771,30.0,,0.0,0.0,30.0,150.0,16.844531250000003,28.844531250000003,Leave_One_experiments/all_year_offline_schedule_search/daily_outputs/HLA/HLA_2022_HLA2022_normal_grid_S0013_daily.csv
HLA,HLA,Hailun,2022,Leave_One_experiments\wth_generated_qc\HLA\HLA2022.WTH,normal_year;nitrogen_stress_year;low_response_year,normal,HLA2022_normal_grid_S0013,irrigation_positive_candidate,2022-07-28,209,90,85,"{""sim_day"": 90.0, ""doy"": 209.0, ""topwt"": 8765.667724609375, ""grnwt"": 0.0, ""xlai"": 3.924621343612671, ""totir"": 30.0, ""tofer"": NaN, ""swfac"": 0.0, ""nstres"": 0.0454815626144409}",0.0,0.0454815626144409,8765.667724609375,0.0,3.924621343612671,30.0,,0.0,0.0,30.0,150.0,16.844531250000003,28.844531250000003,Leave_One_experiments/all_year_offline_schedule_search/daily_outputs/HLA/HLA_2022_HLA2022_normal_grid_S0013_daily.csv
HLA,HLA,Hailun,2022,Leave_One_experiments\wth_generated_qc\HLA\HLA2022.WTH,normal_year;nitrogen_stress_year;low_response_year,normal,HLA2022_normal_grid_S0013,irrigation_positive_candidate,2022-07-29,210,91,86,"{""sim_day"": 91.0, ""doy"": 210.0, ""topwt"": 9049.826049804688, ""grnwt"": 0.0, ""xlai"": 3.90613865852356, ""totir"": 30.0, ""tofer"": NaN, ""swfac"": 0.0, ""nstres"": 0.0376754999160766}",0.0,0.0376754999160766,9049.826049804688,0.0,3.90613865852356,30.0,,0.0,0.0,30.0,150.0,16.844531250000003,28.844531250000003,Leave_One_experiments/all_year_offline_schedule_search/daily_outputs/HLA/HLA_2022_HLA2022_normal_grid_S0013_daily.csv
HLA,HLA,Hailun,2022,Leave_One_experiments\wth_generated_qc\HLA\HLA2022.WTH,normal_year;nitrogen_stress_year;low_response_year,normal,HLA2022_normal_grid_S0013,irrigation_positive_candidate,2022-07-30,211,92,87,"{""sim_day"": 92.0, ""doy"": 211.0, ""topwt"": 9356.985473632812, ""grnwt"": 0.0, ""xlai"": 3.894330739974976, ""totir"": 30.0, ""tofer"": NaN, ""swfac"": 0.0, ""nstres"": 0.0241833329200744}",0.0,0.0241833329200744,9356.985473632812,0.0,3.894330739974976,30.0,,0.0,0.0,30.0,150.0,16.844531250000003,28.844531250000003,Leave_One_experiments/all_year_offline_schedule_search/daily_outputs/HLA/HLA_2022_HLA2022_normal_grid_S0013_daily.csv
HLA,HLA,Hailun,2022,Leave_One_experiments\wth_generated_qc\HLA\HLA2022.WTH,normal_year;nitrogen_stress_year;low_response_year,normal,HLA2022_normal_grid_S0013,irrigation_positive_candidate,2022-07-31,212,93,88,"{""sim_day"": 93.0, ""doy"": 212.0, ""topwt"": 9719.049072265623, ""grnwt"": 0.0, ""xlai"": 3.886644124984741, ""totir"": 30.0, ""tofer"": NaN, ""swfac"": 0.0, ""nstres"": 0.0157905220985412}",0.0,0.0157905220985412,9719.049072265623,0.0,3.886644124984741,30.0,,0.0,0.0,30.0,150.0,16.844531250000003,28.844531250000003,Leave_One_experiments/all_year_offline_schedule_search/daily_outputs/HLA/HLA_2022_HLA2022_normal_grid_S0013_daily.csv
HLA,HLA,Hailun,2022,Leave_One_experiments\wth_generated_qc\HLA\HLA2022.WTH,normal_year;nitrogen_stress_year;low_response_year,normal,HLA2022_normal_grid_S0013,irrigation_positive_candidate,2022-08-01,213,94,89,"{""sim_day"": 94.0, ""doy"": 213.0, ""topwt"": 9940.453491210938, ""grnwt"": 0.0, ""xlai"": 3.878772497177124, ""totir"": 30.0, ""tofer"": NaN, ""swfac"": 0.0, ""nstres"": 0.0043854713439941}",0.0,0.0043854713439941,9940.453491210938,0.0,3.878772497177124,30.0,,0.0,0.0,30.0,150.0,16.844531250000003,28.844531250000003,Leave_One_experiments/all_year_offline_schedule_search/daily_outputs/HLA/HLA_2022_HLA2022_normal_grid_S0013_daily.csv
HLA,HLA,Hailun,2022,Leave_One_experiments\wth_generated_qc\HLA\HLA2022.WTH,normal_year;nitrogen_stress_year;low_response_year,normal,HLA2022_normal_grid_S0013,irrigation_positive_candidate,2022-08-02,214,95,90,"{""sim_day"": 95.0, ""doy"": 214.0, ""topwt"": 10313.69140625, ""grnwt"": 0.0, ""xlai"": 3.8598241806030273, ""totir"": 30.0, ""tofer"": NaN, ""swfac"": 0.0, ""nstres"": 0.0}",0.0,0.0,10313.69140625,0.0,3.8598241806030273,30.0,,0.0,0.0,30.0,150.0,16.844531250000003,28.844531250000003,Leave_One_experiments/all_year_offline_schedule_search/daily_outputs/HLA/HLA_2022_HLA2022_normal_grid_S0013_daily.csv
HLA,HLA,Hailun,2022,Leave_One_experiments\wth_generated_qc\HLA\HLA2022.WTH,normal_year;nitrogen_stress_year;low_response_year,normal,HLA2022_normal_grid_S0013,irrigation_positive_candidate,2022-08-03,215,96,91,"{""sim_day"": 96.0, ""doy"": 215.0, ""topwt"": 10475.675048828123, ""grnwt"": 161.9839096069336, ""xlai"": 3.7648167610168457, ""totir"": 30.0, ""tofer"": NaN, ""swfac"": 0.0, ""nstres"": 0.0}",0.0,0.0,10475.675048828123,161.9839096069336,3.7648167610168457,30.0,,0.0,0.0,30.0,150.0,16.844531250000003,28.844531250000003,Leave_One_experiments/all_year_offline_schedule_search/daily_outputs/HLA/HLA_2022_HLA2022_normal_grid_S0013_daily.csv
HLA,HLA,Hailun,2022,Leave_One_experiments\wth_generated_qc\HLA\HLA2022.WTH,normal_year;nitrogen_stress_year;low_response_year,normal,HLA2022_normal_grid_S0013,irrigation_positive_candidate,2022-08-04,216,97,92,"{""sim_day"": 97.0, ""doy"": 216.0, ""topwt"": 10637.65869140625, ""grnwt"": 323.9678192138672, ""xlai"": 3.750546455383301, ""totir"": 30.0, ""tofer"": NaN, ""swfac"": 0.0, ""nstres"": 0.0}",0.0,0.0,10637.65869140625,323.9678192138672,3.750546455383301,30.0,,0.0,0.0,30.0,150.0,16.844531250000003,28.844531250000003,Leave_One_experiments/all_year_offline_schedule_search/daily_outputs/HLA/HLA_2022_HLA2022_normal_grid_S0013_daily.csv
HLA,HLA,Hailun,2022,Leave_One_experiments\wth_generated_qc\HLA\HLA2022.WTH,normal_year;nitrogen_stress_year;low_response_year,normal,HLA2022_normal_grid_S0013,irrigation_positive_candidate,2022-08-05,217,98,93,"{""sim_day"": 98.0, ""doy"": 217.0, ""topwt"": 10799.6435546875, ""grnwt"": 485.9516906738281, ""xlai"": 3.734614372253418, ""totir"": 30.0, ""tofer"": NaN, ""swfac"": 0.0, ""nstres"": 0.0}",0.0,0.0,10799.6435546875,485.9516906738281,3.734614372253418,30.0,,0.0,0.0,30.0,150.0,16.844531250000003,28.844531250000003,Leave_One_experiments/all_year_offline_schedule_search/daily_outputs/HLA/HLA_2022_HLA2022_normal_grid_S0013_daily.csv
HLA,HLA,Hailun,2022,Leave_One_experiments\wth_generated_qc\HLA\HLA2022.WTH,normal_year;nitrogen_stress_year;low_response_year,normal,HLA2022_normal_grid_S0013,irrigation_positive_candidate,2022-08-06,218,99,94,"{""sim_day"": 99.0, ""doy"": 218.0, ""topwt"": 10961.627197265623, ""grnwt"": 647.9356384277344, ""xlai"": 3.718172073364258, ""totir"": 30.0, ""tofer"": NaN, ""swfac"": 0.0, ""nstres"": 0.0}",0.0,0.0,10961.627197265623,647.9356384277344,3.718172073364258,30.0,,0.0,0.0,30.0,150.0,16.844531250000003,28.844531250000003,Leave_One_experiments/all_year_offline_schedule_search/daily_outputs/HLA/HLA_2022_HLA2022_normal_grid_S0013_daily.csv
HLA,HLA,Hailun,2022,Leave_One_experiments\wth_generated_qc\HLA\HLA2022.WTH,normal_year;nitrogen_stress_year;low_response_year,normal,HLA2022_normal_grid_S0013,irrigation_positive_candidate,2022-08-07,219,100,95,"{""sim_day"": 100.0, ""doy"": 219.0, ""topwt"": 11123.61083984375, ""grnwt"": 809.9195861816406, ""xlai"": 3.703405380249024, ""totir"": 30.0, ""tofer"": NaN, ""swfac"": 0.0, ""nstres"": 0.0}",0.0,0.0,11123.61083984375,809.9195861816406,3.703405380249024,30.0,,0.0,0.0,30.0,150.0,16.844531250000003,28.844531250000003,Leave_One_experiments/all_year_offline_schedule_search/daily_outputs/HLA/HLA_2022_HLA2022_normal_grid_S0013_daily.csv
HLA,HLA,Hailun,2022,Leave_One_experiments\wth_generated_qc\HLA\HLA2022.WTH,normal_year;nitrogen_stress_year;low_response_year,normal,HLA2022_normal_grid_S0013,irrigation_positive_candidate,2022-08-08,220,101,96,"{""sim_day"": 101.0, ""doy"": 220.0, ""topwt"": 11285.594482421877, ""grnwt"": 971.9033813476562, ""xlai"": 3.6869900226593018, ""totir"": 30.0, ""tofer"": NaN, ""swfac"": 0.0, ""nstres"": 0.0}",0.0,0.0,11285.594482421877,971.9033813476562,3.6869900226593018,30.0,,0.0,0.0,30.0,150.0,16.844531250000003,28.844531250000003,Leave_One_experiments/all_year_offline_schedule_search/daily_outputs/HLA/HLA_2022_HLA2022_normal_grid_S0013_daily.csv
HLA,HLA,Hailun,2022,Leave_One_experiments\wth_generated_qc\HLA\HLA2022.WTH,normal_year;nitrogen_stress_year;low_response_year,normal,HLA2022_normal_grid_S0013,irrigation_positive_candidate,2022-08-09,221,102,97,"{""sim_day"": 102.0, ""doy"": 221.0, ""topwt"": 11447.578125, ""grnwt"": 1133.8873291015625, ""xlai"": 3.6706018447875977, ""totir"": 30.0, ""tofer"": NaN, ""swfac"": 0.0, ""nstres"": 0.0040774345397949}",0.0,0.0040774345397949,11447.578125,1133.8873291015625,3.6706018447875977,30.0,,0.0,0.0,30.0,150.0,16.844531250000003,28.844531250000003,Leave_One_experiments/all_year_offline_schedule_search/daily_outputs/HLA/HLA_2022_HLA2022_normal_grid_S0013_daily.csv
HLA,HLA,Hailun,2022,Leave_One_experiments\wth_generated_qc\HLA\HLA2022.WTH,normal_year;nitrogen_stress_year;low_response_year,normal,HLA2022_normal_grid_S0013,irrigation_positive_candidate,2022-08-10,222,103,98,"{""sim_day"": 103.0, ""doy"": 222.0, ""topwt"": 11609.56298828125, ""grnwt"": 1295.871124267578, ""xlai"": 3.651443958282471, ""totir"": 30.0, ""tofer"": NaN, ""swfac"": 0.0, ""nstres"": 0.0099654197692871}",0.0,0.0099654197692871,11609.56298828125,1295.871124267578,3.651443958282471,30.0,,0.0,0.0,30.0,150.0,16.844531250000003,28.844531250000003,Leave_One_experiments/all_year_offline_schedule_search/daily_outputs/HLA/HLA_2022_HLA2022_normal_grid_S0013_daily.csv
HLA,HLA,Hailun,2022,Leave_One_experiments\wth_generated_qc\HLA\HLA2022.WTH,normal_year;nitrogen_stress_year;low_response_year,normal,HLA2022_normal_grid_S0013,irrigation_positive_candidate,2022-08-11,223,104,99,"{""sim_day"": 104.0, ""doy"": 223.0, ""topwt"": 11771.546630859377, ""grnwt"": 1457.8550720214844, ""xlai"": 3.631617784500122, ""totir"": 30.0, ""tofer"": NaN, ""swfac"": 0.0, ""nstres"": 0.0163829326629638}",0.0,0.0163829326629638,11771.546630859377,1457.8550720214844,3.631617784500122,30.0,,0.0,0.0,30.0,150.0,16.844531250000003,28.844531250000003,Leave_One_experiments/all_year_offline_schedule_search/daily_outputs/HLA/HLA_2022_HLA2022_normal_grid_S0013_daily.csv
HLA,HLA,Hailun,2022,Leave_One_experiments\wth_generated_qc\HLA\HLA2022.WTH,normal_year;nitrogen_stress_year;low_response_year,normal,HLA2022_normal_grid_S0013,irrigation_positive_candidate,2022-08-12,224,105,100,"{""sim_day"": 105.0, ""doy"": 224.0, ""topwt"": 11933.5302734375, ""grnwt"": 1619.8388671875, ""xlai"": 3.609023332595825, ""totir"": 30.0, ""tofer"": NaN, ""swfac"": 0.0, ""nstres"": 0.022619605064392}",0.0,0.022619605064392,11933.5302734375,1619.8388671875,3.609023332595825,30.0,,0.0,0.0,30.0,150.0,16.844531250000003,28.844531250000003,Leave_One_experiments/all_year_offline_schedule_search/daily_outputs/HLA/HLA_2022_HLA2022_normal_grid_S0013_daily.csv
HLA,HLA,Hailun,2022,Leave_One_experiments\wth_generated_qc\HLA\HLA2022.WTH,normal_year;nitrogen_stress_year;low_response_year,normal,HLA2022_normal_grid_S0013,irrigation_positive_candidate,2022-08-13,225,106,101,"{""sim_day"": 106.0, ""doy"": 225.0, ""topwt"": 12095.513916015623, ""grnwt"": 1781.8228149414062, ""xlai"": 3.5843706130981445, ""totir"": 30.0, ""tofer"": NaN, ""swfac"": 0.0, ""nstres"": 0.0290231704711914}",0.0,0.0290231704711914,12095.513916015623,1781.8228149414062,3.5843706130981445,30.0,,0.0,0.0,30.0,150.0,16.844531250000003,28.844531250000003,Leave_One_experiments/all_year_offline_schedule_search/daily_outputs/HLA/HLA_2022_HLA2022_normal_grid_S0013_daily.csv
HLA,HLA,Hailun,2022,Leave_One_experiments\wth_generated_qc\HLA\HLA2022.WTH,normal_year;nitrogen_stress_year;low_response_year,normal,HLA2022_normal_grid_S0013,irrigation_positive_candidate,2022-08-14,226,107,102,"{""sim_day"": 107.0, ""doy"": 226.0, ""topwt"": 12257.49755859375, ""grnwt"": 1943.8066101074216, ""xlai"": 3.5504150390625, ""totir"": 30.0, ""tofer"": NaN, ""swfac"": 0.0, ""nstres"": 0.033471941947937}",0.0,0.033471941947937,12257.49755859375,1943.8066101074216,3.5504150390625,30.0,,0.0,0.0,30.0,150.0,16.844531250000003,28.844531250000003,Leave_One_experiments/all_year_offline_schedule_search/daily_outputs/HLA/HLA_2022_HLA2022_normal_grid_S0013_daily.csv
HLA,HLA,Hailun,2022,Leave_One_experiments\wth_generated_qc\HLA\HLA2022.WTH,normal_year;nitrogen_stress_year;low_response_year,normal,HLA2022_normal_grid_S0013,irrigation_positive_candidate,2022-08-15,227,108,103,"{""sim_day"": 108.0, ""doy"": 227.0, ""topwt"": 12419.481201171877, ""grnwt"": 2105.790557861328, ""xlai"": 3.5182456970214844, ""totir"": 30.0, ""tofer"": NaN, ""swfac"": 0.0, ""nstres"": 0.0395708084106445}",0.0,0.0395708084106445,12419.481201171877,2105.790557861328,3.5182456970214844,30.0,,0.0,0.0,30.0,150.0,16.844531250000003,28.844531250000003,Leave_One_experiments/all_year_offline_schedule_search/daily_outputs/HLA/HLA_2022_HLA2022_normal_grid_S0013_daily.csv
HLA,HLA,Hailun,2022,Leave_One_experiments\wth_generated_qc\HLA\HLA2022.WTH,normal_year;nitrogen_stress_year;low_response_year,normal,HLA2022_normal_grid_S0013,irrigation_positive_candidate,2022-08-16,228,109,104,"{""sim_day"": 109.0, ""doy"": 228.0, ""topwt"": 12581.46484375, ""grnwt"": 2267.774353027344, ""xlai"": 3.473870277404785, ""totir"": 30.0, ""tofer"": NaN, ""swfac"": 0.0, ""nstres"": 0.0436583757400512}",0.0,0.0436583757400512,12581.46484375,2267.774353027344,3.473870277404785,30.0,,0.0,0.0,30.0,150.0,16.844531250000003,28.844531250000003,Leave_One_experiments/all_year_offline_schedule_search/daily_outputs/HLA/HLA_2022_HLA2022_normal_grid_S0013_daily.csv
HLA,HLA,Hailun,2022,Leave_One_experiments\wth_generated_qc\HLA\HLA2022.WTH,normal_year;nitrogen_stress_year;low_response_year,normal,HLA2022_normal_grid_S0013,irrigation_positive_candidate,2022-08-17,229,110,105,"{""sim_day"": 110.0, ""doy"": 229.0, ""topwt"": 12743.44970703125, ""grnwt"": 2429.75830078125, ""xlai"": 3.428213119506836, ""totir"": 30.0, ""tofer"": NaN, ""swfac"": 0.0, ""nstres"": 0.0486983060836792}",0.0,0.0486983060836792,12743.44970703125,2429.75830078125,3.428213119506836,30.0,,0.0,0.0,30.0,150.0,16.844531250000003,28.844531250000003,Leave_One_experiments/all_year_offline_schedule_search/daily_outputs/HLA/HLA_2022_HLA2022_normal_grid_S0013_daily.csv
HLA,HLA,Hailun,2022,Leave_One_experiments\wth_generated_qc\HLA\HLA2022.WTH,normal_year;nitrogen_stress_year;low_response_year,normal,HLA2022_normal_grid_S0013,irrigation_positive_candidate,2022-08-18,230,111,106,"{""sim_day"": 111.0, ""doy"": 230.0, ""topwt"": 12905.433349609377, ""grnwt"": 2591.742248535156, ""xlai"": 3.3909029960632324, ""totir"": 30.0, ""tofer"": NaN, ""swfac"": 0.0, ""nstres"": 0.0565021038055419}",0.0,0.0565021038055419,12905.433349609377,2591.742248535156,3.3909029960632324,30.0,,0.0,0.0,30.0,150.0,16.844531250000003,28.844531250000003,Leave_One_experiments/all_year_offline_schedule_search/daily_outputs/HLA/HLA_2022_HLA2022_normal_grid_S0013_daily.csv
HLA,HLA,Hailun,2022,Leave_One_experiments\wth_generated_qc\HLA\HLA2022.WTH,normal_year;nitrogen_stress_year;low_response_year,normal,HLA2022_normal_grid_S0013,irrigation_positive_candidate,2022-08-19,231,112,107,"{""sim_day"": 112.0, ""doy"": 231.0, ""topwt"": 13067.4169921875, ""grnwt"": 2753.725891113281, ""xlai"": 3.3596253395080566, ""totir"": 30.0, ""tofer"": NaN, ""swfac"": 0.0, ""nstres"": 0.0659626722335815}",0.0,0.0659626722335815,13067.4169921875,2753.725891113281,3.3596253395080566,30.0,,0.0,0.0,30.0,150.0,16.844531250000003,28.844531250000003,Leave_One_experiments/all_year_offline_schedule_search/daily_outputs/HLA/HLA_2022_HLA2022_normal_grid_S0013_daily.csv
HLA,HLA,Hailun,2022,Leave_One_experiments\wth_generated_qc\HLA\HLA2022.WTH,normal_year;nitrogen_stress_year;low_response_year,normal,HLA2022_normal_grid_S0013,irrigation_positive_candidate,2022-08-20,232,113,108,"{""sim_day"": 113.0, ""doy"": 232.0, ""topwt"": 13229.400634765623, ""grnwt"": 2915.7098388671875, ""xlai"": 3.3244998455047607, ""totir"": 30.0, ""tofer"": NaN, ""swfac"": 0.0, ""nstres"": 0.0751194953918457}",0.0,0.0751194953918457,13229.400634765623,2915.7098388671875,3.3244998455047607,30.0,,0.0,0.0,30.0,150.0,16.844531250000003,28.844531250000003,Leave_One_experiments/all_year_offline_schedule_search/daily_outputs/HLA/HLA_2022_HLA2022_normal_grid_S0013_daily.csv
HLA,HLA,Hailun,2022,Leave_One_experiments\wth_generated_qc\HLA\HLA2022.WTH,normal_year;nitrogen_stress_year;low_response_year,normal,HLA2022_normal_grid_S0013,irrigation_positive_candidate,2022-08-21,233,114,109,"{""sim_day"": 114.0, ""doy"": 233.0, ""topwt"": 13329.1455078125, ""grnwt"": 3053.78173828125, ""xlai"": 3.2885851860046387, ""totir"": 30.0, ""tofer"": NaN, ""swfac"": 0.0, ""nstres"": 0.0864241123199462}",0.0,0.0864241123199462,13329.1455078125,3053.78173828125,3.2885851860046387,30.0,,0.0,0.0,30.0,150.0,16.844531250000003,28.844531250000003,Leave_One_experiments/all_year_offline_schedule_search/daily_outputs/HLA/HLA_2022_HLA2022_normal_grid_S0013_daily.csv
HLA,HLA,Hailun,2022,Leave_One_experiments\wth_generated_qc\HLA\HLA2022.WTH,normal_year;nitrogen_stress_year;low_response_year,normal,HLA2022_normal_grid_S0013,irrigation_positive_candidate,2022-08-22,234,115,110,"{""sim_day"": 115.0, ""doy"": 234.0, ""topwt"": 13517.8857421875, ""grnwt"": 3204.195556640625, ""xlai"": 3.249619960784912, ""totir"": 30.0, ""tofer"": NaN, ""swfac"": 0.0, ""nstres"": 0.0947885513305664}",0.0,0.0947885513305664,13517.8857421875,3204.195556640625,3.249619960784912,30.0,,0.0,0.0,30.0,150.0,16.844531250000003,28.844531250000003,Leave_One_experiments/all_year_offline_schedule_search/daily_outputs/HLA/HLA_2022_HLA2022_normal_grid_S0013_daily.csv
HLA,HLA,Hailun,2022,Leave_One_experiments\wth_generated_qc\HLA\HLA2022.WTH,normal_year;nitrogen_stress_year;low_response_year,normal,HLA2022_normal_grid_S0013,irrigation_positive_candidate,2022-08-23,235,116,111,"{""sim_day"": 116.0, ""doy"": 235.0, ""topwt"": 13679.87060546875, ""grnwt"": 3366.17919921875, ""xlai"": 3.2085835933685303, ""totir"": 30.0, ""tofer"": NaN, ""swfac"": 0.0, ""nstres"": 0.1010242700576782}",0.0,0.1010242700576782,13679.87060546875,3366.17919921875,3.2085835933685303,30.0,,0.0,0.0,30.0,150.0,16.844531250000003,28.844531250000003,Leave_One_experiments/all_year_offline_schedule_search/daily_outputs/HLA/HLA_2022_HLA2022_normal_grid_S0013_daily.csv
HLA,HLA,Hailun,2022,Leave_One_experiments\wth_generated_qc\HLA\HLA2022.WTH,normal_year;nitrogen_stress_year;low_response_year,normal,HLA2022_normal_grid_S0013,irrigation_positive_candidate,2022-08-24,236,117,112,"{""sim_day"": 117.0, ""doy"": 236.0, ""topwt"": 13841.85546875, ""grnwt"": 3528.163146972656, ""xlai"": 3.1629080772399902, ""totir"": 30.0, ""tofer"": NaN, ""swfac"": 0.0, ""nstres"": 0.1138828992843627}",0.0,0.1138828992843627,13841.85546875,3528.163146972656,3.1629080772399902,30.0,,0.0,0.0,30.0,150.0,16.844531250000003,28.844531250000003,Leave_One_experiments/all_year_offline_schedule_search/daily_outputs/HLA/HLA_2022_HLA2022_normal_grid_S0013_daily.csv
HLA,HLA,Hailun,2022,Leave_One_experiments\wth_generated_qc\HLA\HLA2022.WTH,normal_year;nitrogen_stress_year;low_response_year,normal,HLA2022_normal_grid_S0013,irrigation_positive_candidate,2022-08-25,237,118,113,"{""sim_day"": 118.0, ""doy"": 237.0, ""topwt"": 13972.984619140623, ""grnwt"": 3659.292907714844, ""xlai"": 3.1133124828338623, ""totir"": 30.0, ""tofer"": NaN, ""swfac"": 0.0, ""nstres"": 0.1254432201385498}",0.0,0.1254432201385498,13972.984619140623,3659.292907714844,3.1133124828338623,30.0,,0.0,0.0,30.0,150.0,16.844531250000003,28.844531250000003,Leave_One_experiments/all_year_offline_schedule_search/daily_outputs/HLA/HLA_2022_HLA2022_normal_grid_S0013_daily.csv
HLA,HLA,Hailun,2022,Leave_One_experiments\wth_generated_qc\HLA\HLA2022.WTH,normal_year;nitrogen_stress_year;low_response_year,normal,HLA2022_normal_grid_S0013,irrigation_positive_candidate,2022-08-26,238,119,114,"{""sim_day"": 119.0, ""doy"": 238.0, ""topwt"": 14109.51416015625, ""grnwt"": 3795.822143554688, ""xlai"": 3.0611884593963623, ""totir"": 30.0, ""tofer"": NaN, ""swfac"": 0.0, ""nstres"": 0.1339384317398071}",0.0,0.1339384317398071,14109.51416015625,3795.822143554688,3.0611884593963623,30.0,,0.0,0.0,30.0,150.0,16.844531250000003,28.844531250000003,Leave_One_experiments/all_year_offline_schedule_search/daily_outputs/HLA/HLA_2022_HLA2022_normal_grid_S0013_daily.csv
HLA,HLA,Hailun,2022,Leave_One_experiments\wth_generated_qc\HLA\HLA2022.WTH,normal_year;nitrogen_stress_year;low_response_year,normal,HLA2022_normal_grid_S0013,irrigation_positive_candidate,2022-08-27,239,120,115,"{""sim_day"": 120.0, ""doy"": 239.0, ""topwt"": 14271.497802734377, ""grnwt"": 3957.8060913085938, ""xlai"": 3.0072059631347656, ""totir"": 30.0, ""tofer"": NaN, ""swfac"": 0.0, ""nstres"": 0.1410754919052124}",0.0,0.1410754919052124,14271.497802734377,3957.8060913085938,3.0072059631347656,30.0,,0.0,0.0,30.0,150.0,16.844531250000003,28.844531250000003,Leave_One_experiments/all_year_offline_schedule_search/daily_outputs/HLA/HLA_2022_HLA2022_normal_grid_S0013_daily.csv
HLA,HLA,Hailun,2022,Leave_One_experiments\wth_generated_qc\HLA\HLA2022.WTH,normal_year;nitrogen_stress_year;low_response_year,normal,HLA2022_normal_grid_S0013,irrigation_positive_candidate,2022-08-28,240,121,116,"{""sim_day"": 121.0, ""doy"": 240.0, ""topwt"": 14433.482666015623, ""grnwt"": 4119.7900390625, ""xlai"": 2.950670003890991, ""totir"": 30.0, ""tofer"": NaN, ""swfac"": 0.0, ""nstres"": 0.1504005789756775}",0.0,0.1504005789756775,14433.482666015623,4119.7900390625,2.950670003890991,30.0,,0.0,0.0,30.0,150.0,16.844531250000003,28.844531250000003,Leave_One_experiments/all_year_offline_schedule_search/daily_outputs/HLA/HLA_2022_HLA2022_normal_grid_S0013_daily.csv
HLA,HLA,Hailun,2022,Leave_One_experiments\wth_generated_qc\HLA\HLA2022.WTH,normal_year;nitrogen_stress_year;low_response_year,normal,HLA2022_normal_grid_S0013,irrigation_positive_candidate,2022-08-29,241,122,117,"{""sim_day"": 122.0, ""doy"": 241.0, ""topwt"": 14595.46630859375, ""grnwt"": 4281.773681640625, ""xlai"": 2.891357660293579, ""totir"": 30.0, ""tofer"": NaN, ""swfac"": 0.0, ""nstres"": 0.1608098149299621}",0.0,0.1608098149299621,14595.46630859375,4281.773681640625,2.891357660293579,30.0,,0.0,0.0,30.0,150.0,16.844531250000003,28.844531250000003,Leave_One_experiments/all_year_offline_schedule_search/daily_outputs/HLA/HLA_2022_HLA2022_normal_grid_S0013_daily.csv
HLA,HLA,Hailun,2022,Leave_One_experiments\wth_generated_qc\HLA\HLA2022.WTH,normal_year;nitrogen_stress_year;low_response_year,normal,HLA2022_normal_grid_S0013,irrigation_positive_candidate,2022-08-30,242,123,118,"{""sim_day"": 123.0, ""doy"": 242.0, ""topwt"": 14757.451171875, ""grnwt"": 4443.757629394531, ""xlai"": 2.829863309860229, ""totir"": 30.0, ""tofer"": NaN, ""swfac"": 0.0, ""nstres"": 0.1701468825340271}",0.0,0.1701468825340271,14757.451171875,4443.757629394531,2.829863309860229,30.0,,0.0,0.0,30.0,150.0,16.844531250000003,28.844531250000003,Leave_One_experiments/all_year_offline_schedule_search/daily_outputs/HLA/HLA_2022_HLA2022_normal_grid_S0013_daily.csv
HLA,HLA,Hailun,2022,Leave_One_experiments\wth_generated_qc\HLA\HLA2022.WTH,normal_year;nitrogen_stress_year;low_response_year,normal,HLA2022_normal_grid_S0013,irrigation_positive_candidate,2022-08-31,243,124,119,"{""sim_day"": 124.0, ""doy"": 243.0, ""topwt"": 14880.86669921875, ""grnwt"": 4567.173767089844, ""xlai"": 2.765469074249268, ""totir"": 30.0, ""tofer"": NaN, ""swfac"": 0.0, ""nstres"": 0.1820424199104309}",0.0,0.1820424199104309,14880.86669921875,4567.173767089844,2.765469074249268,30.0,,0.0,0.0,30.0,150.0,16.844531250000003,28.844531250000003,Leave_One_experiments/all_year_offline_schedule_search/daily_outputs/HLA/HLA_2022_HLA2022_normal_grid_S0013_daily.csv
HLA,HLA,Hailun,2022,Leave_One_experiments\wth_generated_qc\HLA\HLA2022.WTH,normal_year;nitrogen_stress_year;low_response_year,normal,HLA2022_normal_grid_S0013,irrigation_positive_candidate,2022-09-01,244,125,120,"{""sim_day"": 125.0, ""doy"": 244.0, ""topwt"": 15042.8515625, ""grnwt"": 4729.15771484375, ""xlai"": 2.700262546539306, ""totir"": 30.0, ""tofer"": NaN, ""swfac"": 0.0, ""nstres"": 0.1886305809020996}",0.0,0.1886305809020996,15042.8515625,4729.15771484375,2.700262546539306,30.0,,0.0,0.0,30.0,150.0,16.844531250000003,28.844531250000003,Leave_One_experiments/all_year_offline_schedule_search/daily_outputs/HLA/HLA_2022_HLA2022_normal_grid_S0013_daily.csv
HLA,HLA,Hailun,2022,Leave_One_experiments\wth_generated_qc\HLA\HLA2022.WTH,normal_year;nitrogen_stress_year;low_response_year,normal,HLA2022_normal_grid_S0013,irrigation_positive_candidate,2022-09-02,245,126,121,"{""sim_day"": 126.0, ""doy"": 245.0, ""topwt"": 15204.835205078123, ""grnwt"": 4891.141357421875, ""xlai"": 2.6335644721984863, ""totir"": 30.0, ""tofer"": NaN, ""swfac"": 0.0, ""nstres"": 0.1976051330566406}",0.0,0.1976051330566406,15204.835205078123,4891.141357421875,2.6335644721984863,30.0,,0.0,0.0,30.0,150.0,16.844531250000003,28.844531250000003,Leave_One_experiments/all_year_offline_schedule_search/daily_outputs/HLA/HLA_2022_HLA2022_normal_grid_S0013_daily.csv
HLA,HLA,Hailun,2022,Leave_One_experiments\wth_generated_qc\HLA\HLA2022.WTH,normal_year;nitrogen_stress_year;low_response_year,normal,HLA2022_normal_grid_S0013,irrigation_positive_candidate,2022-09-03,246,127,122,"{""sim_day"": 127.0, ""doy"": 246.0, ""topwt"": 15366.820068359377, ""grnwt"": 5053.125305175781, ""xlai"": 2.56543517112732, ""totir"": 30.0, ""tofer"": NaN, ""swfac"": 0.0, ""nstres"": 0.2208706736564636}",0.0,0.2208706736564636,15366.820068359377,5053.125305175781,2.56543517112732,30.0,,0.0,0.0,30.0,150.0,16.844531250000003,28.844531250000003,Leave_One_experiments/all_year_offline_schedule_search/daily_outputs/HLA/HLA_2022_HLA2022_normal_grid_S0013_daily.csv
HLA,HLA,Hailun,2022,Leave_One_experiments\wth_generated_qc\HLA\HLA2022.WTH,normal_year;nitrogen_stress_year;low_response_year,normal,HLA2022_normal_grid_S0013,irrigation_positive_candidate,2022-09-04,247,128,123,"{""sim_day"": 128.0, ""doy"": 247.0, ""topwt"": 15459.959716796877, ""grnwt"": 5215.109252929688, ""xlai"": 2.4956891536712646, ""totir"": 30.0, ""tofer"": NaN, ""swfac"": 0.0, ""nstres"": 0.2524824738502502}",0.0,0.2524824738502502,15459.959716796877,5215.109252929688,2.4956891536712646,30.0,,0.0,0.0,30.0,150.0,16.844531250000003,28.844531250000003,Leave_One_experiments/all_year_offline_schedule_search/daily_outputs/HLA/HLA_2022_HLA2022_normal_grid_S0013_daily.csv
HLA,HLA,Hailun,2022,Leave_One_experiments\wth_generated_qc\HLA\HLA2022.WTH,normal_year;nitrogen_stress_year;low_response_year,normal,HLA2022_normal_grid_S0013,irrigation_positive_candidate,2022-09-05,248,129,124,"{""sim_day"": 129.0, ""doy"": 248.0, ""topwt"": 15659.8388671875, ""grnwt"": 5370.9222412109375, ""xlai"": 2.4243783950805664, ""totir"": 30.0, ""tofer"": NaN, ""swfac"": 0.0, ""nstres"": 0.2857655882835388}",0.0,0.2857655882835388,15659.8388671875,5370.9222412109375,2.4243783950805664,30.0,,0.0,0.0,30.0,150.0,16.844531250000003,28.844531250000003,Leave_One_experiments/all_year_offline_schedule_search/daily_outputs/HLA/HLA_2022_HLA2022_normal_grid_S0013_daily.csv
HLA,HLA,Hailun,2022,Leave_One_experiments\wth_generated_qc\HLA\HLA2022.WTH,normal_year;nitrogen_stress_year;low_response_year,normal,HLA2022_normal_grid_S0013,irrigation_positive_candidate,2022-09-06,249,130,125,"{""sim_day"": 130.0, ""doy"": 249.0, ""topwt"": 15835.03173828125, ""grnwt"": 5521.3360595703125, ""xlai"": 2.353271722793579, ""totir"": 30.0, ""tofer"": NaN, ""swfac"": 0.0, ""nstres"": 0.3039157390594482}",0.0,0.3039157390594482,15835.03173828125,5521.3360595703125,2.353271722793579,30.0,,0.0,0.0,30.0,150.0,16.844531250000003,28.844531250000003,Leave_One_experiments/all_year_offline_schedule_search/daily_outputs/HLA/HLA_2022_HLA2022_normal_grid_S0013_daily.csv
HLA,HLA,Hailun,2022,Leave_One_experiments\wth_generated_qc\HLA\HLA2022.WTH,normal_year;nitrogen_stress_year;low_response_year,normal,HLA2022_normal_grid_S0013,irrigation_positive_candidate,2022-09-07,250,131,126,"{""sim_day"": 131.0, ""doy"": 250.0, ""topwt"": 15997.015380859377, ""grnwt"": 5683.3197021484375, ""xlai"": 2.280916929244995, ""totir"": 30.0, ""tofer"": NaN, ""swfac"": 0.0, ""nstres"": 0.3379160165786743}",0.0,0.3379160165786743,15997.015380859377,5683.3197021484375,2.280916929244995,30.0,,0.0,0.0,30.0,150.0,16.844531250000003,28.844531250000003,Leave_One_experiments/all_year_offline_schedule_search/daily_outputs/HLA/HLA_2022_HLA2022_normal_grid_S0013_daily.csv
HLA,HLA,Hailun,2022,Leave_One_experiments\wth_generated_qc\HLA\HLA2022.WTH,normal_year;nitrogen_stress_year;low_response_year,normal,HLA2022_normal_grid_S0013,irrigation_positive_candidate,2022-09-08,251,132,127,"{""sim_day"": 132.0, ""doy"": 251.0, ""topwt"": 16158.9990234375, ""grnwt"": 5845.303955078125, ""xlai"": 2.2073452472686768, ""totir"": 30.0, ""tofer"": NaN, ""swfac"": 0.0, ""nstres"": 0.3741295337677002}",0.0,0.3741295337677002,16158.9990234375,5845.303955078125,2.2073452472686768,30.0,,0.0,0.0,30.0,150.0,16.844531250000003,28.844531250000003,Leave_One_experiments/all_year_offline_schedule_search/daily_outputs/HLA/HLA_2022_HLA2022_normal_grid_S0013_daily.csv
HLA,HLA,Hailun,2022,Leave_One_experiments\wth_generated_qc\HLA\HLA2022.WTH,normal_year;nitrogen_stress_year;low_response_year,normal,HLA2022_normal_grid_S0013,irrigation_positive_candidate,2022-09-09,252,133,128,"{""sim_day"": 133.0, ""doy"": 252.0, ""topwt"": 16320.98388671875, ""grnwt"": 6007.28759765625, ""xlai"": 2.13350510597229, ""totir"": 30.0, ""tofer"": NaN, ""swfac"": 0.0, ""nstres"": 0.402846097946167}",0.0,0.402846097946167,16320.98388671875,6007.28759765625,2.13350510597229,30.0,,0.0,0.0,30.0,150.0,16.844531250000003,28.844531250000003,Leave_One_experiments/all_year_offline_schedule_search/daily_outputs/HLA/HLA_2022_HLA2022_normal_grid_S0013_daily.csv
HLA,HLA,Hailun,2022,Leave_One_experiments\wth_generated_qc\HLA\HLA2022.WTH,normal_year;nitrogen_stress_year;low_response_year,normal,HLA2022_normal_grid_S0013,irrigation_positive_candidate,2022-09-10,253,134,129,"{""sim_day"": 134.0, ""doy"": 253.0, ""topwt"": 16475.0830078125, ""grnwt"": 6169.271240234375, ""xlai"": 2.059650421142578, ""totir"": 30.0, ""tofer"": NaN, ""swfac"": 0.0, ""nstres"": 0.4307946562767029}",0.0,0.4307946562767029,16475.0830078125,6169.271240234375,2.059650421142578,30.0,,0.0,0.0,30.0,150.0,16.844531250000003,28.844531250000003,Leave_One_experiments/all_year_offline_schedule_search/daily_outputs/HLA/HLA_2022_HLA2022_normal_grid_S0013_daily.csv
HLA,HLA,Hailun,2022,Leave_One_experiments\wth_generated_qc\HLA\HLA2022.WTH,normal_year;nitrogen_stress_year;low_response_year,normal,HLA2022_normal_grid_S0013,irrigation_positive_candidate,2022-09-11,254,135,130,"{""sim_day"": 135.0, ""doy"": 254.0, ""topwt"": 16628.8427734375, ""grnwt"": 6331.255493164063, ""xlai"": 1.985827088356018, ""totir"": 30.0, ""tofer"": NaN, ""swfac"": 0.0, ""nstres"": 0.4602248072624206}",0.0,0.4602248072624206,16628.8427734375,6331.255493164063,1.985827088356018,30.0,,0.0,0.0,30.0,150.0,16.844531250000003,28.844531250000003,Leave_One_experiments/all_year_offline_schedule_search/daily_outputs/HLA/HLA_2022_HLA2022_normal_grid_S0013_daily.csv
HLA,HLA,Hailun,2022,Leave_One_experiments\wth_generated_qc\HLA\HLA2022.WTH,normal_year;nitrogen_stress_year;low_response_year,normal,HLA2022_normal_grid_S0013,irrigation_positive_candidate,2022-09-12,255,136,131,"{""sim_day"": 136.0, ""doy"": 255.0, ""topwt"": 16769.139404296875, ""grnwt"": 6455.443115234375, ""xlai"": 1.9118776321411133, ""totir"": 30.0, ""tofer"": NaN, ""swfac"": 0.0, ""nstres"": 0.4937266111373901}",0.0,0.4937266111373901,16769.139404296875,6455.443115234375,1.9118776321411133,30.0,,0.0,0.0,30.0,150.0,16.844531250000003,28.844531250000003,Leave_One_experiments/all_year_offline_schedule_search/daily_outputs/HLA/HLA_2022_HLA2022_normal_grid_S0013_daily.csv
HLA,HLA,Hailun,2022,Leave_One_experiments\wth_generated_qc\HLA\HLA2022.WTH,normal_year;nitrogen_stress_year;low_response_year,normal,HLA2022_normal_grid_S0013,irrigation_positive_candidate,2022-09-13,256,137,132,"{""sim_day"": 137.0, ""doy"": 256.0, ""topwt"": 16913.990478515625, ""grnwt"": 6610.484619140625, ""xlai"": 1.8388887643814087, ""totir"": 30.0, ""tofer"": NaN, ""swfac"": 0.0, ""nstres"": 0.5162367820739746}",0.0,0.5162367820739746,16913.990478515625,6610.484619140625,1.8388887643814087,30.0,,0.0,0.0,30.0,150.0,16.844531250000003,28.844531250000003,Leave_One_experiments/all_year_offline_schedule_search/daily_outputs/HLA/HLA_2022_HLA2022_normal_grid_S0013_daily.csv
HLA,HLA,Hailun,2022,Leave_One_experiments\wth_generated_qc\HLA\HLA2022.WTH,normal_year;nitrogen_stress_year;low_response_year,normal,HLA2022_normal_grid_S0013,irrigation_positive_candidate,2022-09-14,257,138,133,"{""sim_day"": 138.0, ""doy"": 257.0, ""topwt"": 17006.82373046875, ""grnwt"": 6772.46826171875, ""xlai"": 1.7661628723144531, ""totir"": 30.0, ""tofer"": NaN, ""swfac"": 0.0, ""nstres"": 0.5491743087768555}",0.0,0.5491743087768555,17006.82373046875,6772.46826171875,1.7661628723144531,30.0,,0.0,0.0,30.0,150.0,16.844531250000003,28.844531250000003,Leave_One_experiments/all_year_offline_schedule_search/daily_outputs/HLA/HLA_2022_HLA2022_normal_grid_S0013_daily.csv
HLA,HLA,Hailun,2022,Leave_One_experiments\wth_generated_qc\HLA\HLA2022.WTH,normal_year;nitrogen_stress_year;low_response_year,normal,HLA2022_normal_grid_S0013,irrigation_positive_candidate,2022-09-15,258,139,134,"{""sim_day"": 139.0, ""doy"": 258.0, ""topwt"": 17117.474365234375, ""grnwt"": 6934.453125, ""xlai"": 1.6768863201141355, ""totir"": 30.0, ""tofer"": NaN, ""swfac"": 0.0, ""nstres"": 0.5776362717151642}",0.0,0.5776362717151642,17117.474365234375,6934.453125,1.6768863201141355,30.0,,0.0,0.0,30.0,150.0,16.844531250000003,28.844531250000003,Leave_One_experiments/all_year_offline_schedule_search/daily_outputs/HLA/HLA_2022_HLA2022_normal_grid_S0013_daily.csv
HLA,HLA,Hailun,2022,Leave_One_experiments\wth_generated_qc\HLA\HLA2022.WTH,normal_year;nitrogen_stress_year;low_response_year,normal,HLA2022_normal_grid_S0013,irrigation_positive_candidate,2022-09-16,259,140,135,"{""sim_day"": 140.0, ""doy"": 259.0, ""topwt"": 17117.474365234375, ""grnwt"": 6934.453125, ""xlai"": 1.6768863201141355, ""totir"": 30.0, ""tofer"": NaN, ""swfac"": 0.0, ""nstres"": 0.5968154966831207}",0.0,0.5968154966831207,17117.474365234375,6934.453125,1.6768863201141355,30.0,,0.0,0.0,30.0,150.0,16.844531250000003,28.844531250000003,Leave_One_experiments/all_year_offline_schedule_search/daily_outputs/HLA/HLA_2022_HLA2022_normal_grid_S0013_daily.csv
HLA,HLA,Hailun,2022,Leave_One_experiments\wth_generated_qc\HLA\HLA2022.WTH,normal_year;nitrogen_stress_year;low_response_year,normal,HLA2022_normal_grid_S0013,irrigation_positive_candidate,2022-09-17,260,141,136,"{""sim_day"": 141.0, ""doy"": 260.0, ""topwt"": 17117.474365234375, ""grnwt"": 6934.453125, ""xlai"": 1.6768863201141355, ""totir"": 30.0, ""tofer"": NaN, ""swfac"": 0.0, ""nstres"": 0.5968154966831207}",0.0,0.5968154966831207,17117.474365234375,6934.453125,1.6768863201141355,30.0,,0.0,0.0,30.0,150.0,16.844531250000003,28.844531250000003,Leave_One_experiments/all_year_offline_schedule_search/daily_outputs/HLA/HLA_2022_HLA2022_normal_grid_S0013_daily.csv
HLA,HLA,Hailun,2022,Leave_One_experiments\wth_generated_qc\HLA\HLA2022.WTH,normal_year;nitrogen_stress_year;low_response_year,normal,HLA2022_normal_grid_S0013,irrigation_positive_candidate,2022-09-18,261,142,137,"{""sim_day"": 142.0, ""doy"": 261.0, ""topwt"": 17117.474365234375, ""grnwt"": 6934.453125, ""xlai"": 1.6768863201141355, ""totir"": 30.0, ""tofer"": NaN, ""swfac"": 0.0, ""nstres"": 0.5968154966831207}",0.0,0.5968154966831207,17117.474365234375,6934.453125,1.6768863201141355,30.0,,0.0,0.0,30.0,150.0,16.844531250000003,28.844531250000003,Leave_One_experiments/all_year_offline_schedule_search/daily_outputs/HLA/HLA_2022_HLA2022_normal_grid_S0013_daily.csv
HLA,HLA,Hailun,2022,Leave_One_experiments\wth_generated_qc\HLA\HLA2022.WTH,normal_year;nitrogen_stress_year;low_response_year,normal,HLA2022_normal_grid_S0010,low_input_within_10pct_yield,2022-05-05,125,1,1,"{""sim_day"": 1.0, ""doy"": 125.0, ""topwt"": 0.0, ""grnwt"": 0.0, ""xlai"": 0.0, ""totir"": 0.0, ""tofer"": NaN, ""swfac"": 0.0, ""nstres"": 0.0}",0.0,0.0,0.0,0.0,0.0,0.0,,0.0,50.0,0.0,150.0,31.8050537109375,31.8050537109375,Leave_One_experiments/all_year_offline_schedule_search/daily_outputs/HLA/HLA_2022_HLA2022_normal_grid_S0010_daily.csv
HLA,HLA,Hailun,2022,Leave_One_experiments\wth_generated_qc\HLA\HLA2022.WTH,normal_year;nitrogen_stress_year;low_response_year,normal,HLA2022_normal_grid_S0010,low_input_within_10pct_yield,2022-05-06,126,2,2,"{""sim_day"": 2.0, ""doy"": 126.0, ""topwt"": 0.0, ""grnwt"": 0.0, ""xlai"": 0.0, ""totir"": 0.0, ""tofer"": NaN, ""swfac"": 0.0, ""nstres"": 0.0}",0.0,0.0,0.0,0.0,0.0,0.0,,0.0,0.0,0.0,150.0,31.8050537109375,31.8050537109375,Leave_One_experiments/all_year_offline_schedule_search/daily_outputs/HLA/HLA_2022_HLA2022_normal_grid_S0010_daily.csv
HLA,HLA,Hailun,2022,Leave_One_experiments\wth_generated_qc\HLA\HLA2022.WTH,normal_year;nitrogen_stress_year;low_response_year,normal,HLA2022_normal_grid_S0010,low_input_within_10pct_yield,2022-05-07,127,3,3,"{""sim_day"": 3.0, ""doy"": 127.0, ""topwt"": 0.0, ""grnwt"": 0.0, ""xlai"": 0.0, ""totir"": 0.0, ""tofer"": NaN, ""swfac"": 0.0, ""nstres"": 0.0}",0.0,0.0,0.0,0.0,0.0,0.0,,0.0,0.0,0.0,150.0,31.8050537109375,31.8050537109375,Leave_One_experiments/all_year_offline_schedule_search/daily_outputs/HLA/HLA_2022_HLA2022_normal_grid_S0010_daily.csv
HLA,HLA,Hailun,2022,Leave_One_experiments\wth_generated_qc\HLA\HLA2022.WTH,normal_year;nitrogen_stress_year;low_response_year,normal,HLA2022_normal_grid_S0010,low_input_within_10pct_yield,2022-05-08,128,4,4,"{""sim_day"": 4.0, ""doy"": 128.0, ""topwt"": 0.0, ""grnwt"": 0.0, ""xlai"": 0.0, ""totir"": 0.0, ""tofer"": NaN, ""swfac"": 0.0, ""nstres"": 0.0}",0.0,0.0,0.0,0.0,0.0,0.0,,0.0,0.0,0.0,150.0,31.8050537109375,31.8050537109375,Leave_One_experiments/all_year_offline_schedule_search/daily_outputs/HLA/HLA_2022_HLA2022_normal_grid_S0010_daily.csv
HLA,HLA,Hailun,2022,Leave_One_experiments\wth_generated_qc\HLA\HLA2022.WTH,normal_year;nitrogen_stress_year;low_response_year,normal,HLA2022_normal_grid_S0010,low_input_within_10pct_yield,2022-05-09,129,5,5,"{""sim_day"": 5.0, ""doy"": 129.0, ""topwt"": 0.0, ""grnwt"": 0.0, ""xlai"": 0.0, ""totir"": 0.0, ""tofer"": NaN, ""swfac"": 0.0, ""nstres"": 0.0}",0.0,0.0,0.0,0.0,0.0,0.0,,0.0,0.0,0.0,150.0,31.8050537109375,31.8050537109375,Leave_One_experiments/all_year_offline_schedule_search/daily_outputs/HLA/HLA_2022_HLA2022_normal_grid_S0010_daily.csv
HLA,HLA,Hailun,2022,Leave_One_experiments\wth_generated_qc\HLA\HLA2022.WTH,normal_year;nitrogen_stress_year;low_response_year,normal,HLA2022_normal_grid_S0010,low_input_within_10pct_yield,2022-05-05,125,6,1,"{""sim_day"": 6.0, ""doy"": 125.0, ""topwt"": 0.0, ""grnwt"": 0.0, ""xlai"": 0.0, ""totir"": 0.0, ""tofer"": NaN, ""swfac"": 0.0, ""nstres"": 0.0}",0.0,0.0,0.0,0.0,0.0,0.0,,0.0,0.0,0.0,150.0,31.8050537109375,31.8050537109375,Leave_One_experiments/all_year_offline_schedule_search/daily_outputs/HLA/HLA_2022_HLA2022_normal_grid_S0010_daily.csv
HLA,HLA,Hailun,2022,Leave_One_experiments\wth_generated_qc\HLA\HLA2022.WTH,normal_year;nitrogen_stress_year;low_response_year,normal,HLA2022_normal_grid_S0010,low_input_within_10pct_yield,2022-05-06,126,7,2,"{""sim_day"": 7.0, ""doy"": 126.0, ""topwt"": 0.0, ""grnwt"": 0.0, ""xlai"": 0.0, ""totir"": 0.0, ""tofer"": NaN, ""swfac"": 0.0, ""nstres"": 0.0}",0.0,0.0,0.0,0.0,0.0,0.0,,0.0,0.0,0.0,150.0,31.8050537109375,31.8050537109375,Leave_One_experiments/all_year_offline_schedule_search/daily_outputs/HLA/HLA_2022_HLA2022_normal_grid_S0010_daily.csv
HLA,HLA,Hailun,2022,Leave_One_experiments\wth_generated_qc\HLA\HLA2022.WTH,normal_year;nitrogen_stress_year;low_response_year,normal,HLA2022_normal_grid_S0010,low_input_within_10pct_yield,2022-05-07,127,8,3,"{""sim_day"": 8.0, ""doy"": 127.0, ""topwt"": 0.0, ""grnwt"": 0.0, ""xlai"": 0.0, ""totir"": 0.0, ""tofer"": NaN, ""swfac"": 0.0, ""nstres"": 0.0}",0.0,0.0,0.0,0.0,0.0,0.0,,0.0,0.0,0.0,150.0,31.8050537109375,31.8050537109375,Leave_One_experiments/all_year_offline_schedule_search/daily_outputs/HLA/HLA_2022_HLA2022_normal_grid_S0010_daily.csv
HLA,HLA,Hailun,2022,Leave_One_experiments\wth_generated_qc\HLA\HLA2022.WTH,normal_year;nitrogen_stress_year;low_response_year,normal,HLA2022_normal_grid_S0010,low_input_within_10pct_yield,2022-05-08,128,9,4,"{""sim_day"": 9.0, ""doy"": 128.0, ""topwt"": 0.0, ""grnwt"": 0.0, ""xlai"": 0.0, ""totir"": 0.0, ""tofer"": NaN, ""swfac"": 0.0, ""nstres"": 0.0}",0.0,0.0,0.0,0.0,0.0,0.0,,0.0,0.0,0.0,150.0,31.8050537109375,31.8050537109375,Leave_One_experiments/all_year_offline_schedule_search/daily_outputs/HLA/HLA_2022_HLA2022_normal_grid_S0010_daily.csv
HLA,HLA,Hailun,2022,Leave_One_experiments\wth_generated_qc\HLA\HLA2022.WTH,normal_year;nitrogen_stress_year;low_response_year,normal,HLA2022_normal_grid_S0010,low_input_within_10pct_yield,2022-05-09,129,10,5,"{""sim_day"": 10.0, ""doy"": 129.0, ""topwt"": 0.0, ""grnwt"": 0.0, ""xlai"": 0.0, ""totir"": 0.0, ""tofer"": NaN, ""swfac"": 0.0, ""nstres"": 0.0}",0.0,0.0,0.0,0.0,0.0,0.0,,0.0,0.0,0.0,150.0,31.8050537109375,31.8050537109375,Leave_One_experiments/all_year_offline_schedule_search/daily_outputs/HLA/HLA_2022_HLA2022_normal_grid_S0010_daily.csv
HLA,HLA,Hailun,2022,Leave_One_experiments\wth_generated_qc\HLA\HLA2022.WTH,normal_year;nitrogen_stress_year;low_response_year,normal,HLA2022_normal_grid_S0010,low_input_within_10pct_yield,2022-05-10,130,11,6,"{""sim_day"": 11.0, ""doy"": 130.0, ""topwt"": 0.0, ""grnwt"": 0.0, ""xlai"": 0.0, ""totir"": 0.0, ""tofer"": NaN, ""swfac"": 0.0, ""nstres"": 0.0}",0.0,0.0,0.0,0.0,0.0,0.0,,0.0,0.0,0.0,150.0,31.8050537109375,31.8050537109375,Leave_One_experiments/all_year_offline_schedule_search/daily_outputs/HLA/HLA_2022_HLA2022_normal_grid_S0010_daily.csv
HLA,HLA,Hailun,2022,Leave_One_experiments\wth_generated_qc\HLA\HLA2022.WTH,normal_year;nitrogen_stress_year;low_response_year,normal,HLA2022_normal_grid_S0010,low_input_within_10pct_yield,2022-05-11,131,12,7,"{""sim_day"": 12.0, ""doy"": 131.0, ""topwt"": 0.0, ""grnwt"": 0.0, ""xlai"": 0.0, ""totir"": 0.0, ""tofer"": NaN, ""swfac"": 0.0, ""nstres"": 0.0}",0.0,0.0,0.0,0.0,0.0,0.0,,0.0,0.0,0.0,150.0,31.8050537109375,31.8050537109375,Leave_One_experiments/all_year_offline_schedule_search/daily_outputs/HLA/HLA_2022_HLA2022_normal_grid_S0010_daily.csv
HLA,HLA,Hailun,2022,Leave_One_experiments\wth_generated_qc\HLA\HLA2022.WTH,normal_year;nitrogen_stress_year;low_response_year,normal,HLA2022_normal_grid_S0010,low_input_within_10pct_yield,2022-05-12,132,13,8,"{""sim_day"": 13.0, ""doy"": 132.0, ""topwt"": 0.0, ""grnwt"": 0.0, ""xlai"": 0.0, ""totir"": 0.0, ""tofer"": NaN, ""swfac"": 0.0, ""nstres"": 0.0}",0.0,0.0,0.0,0.0,0.0,0.0,,0.0,0.0,0.0,150.0,31.8050537109375,31.8050537109375,Leave_One_experiments/all_year_offline_schedule_search/daily_outputs/HLA/HLA_2022_HLA2022_normal_grid_S0010_daily.csv
HLA,HLA,Hailun,2022,Leave_One_experiments\wth_generated_qc\HLA\HLA2022.WTH,normal_year;nitrogen_stress_year;low_response_year,normal,HLA2022_normal_grid_S0010,low_input_within_10pct_yield,2022-05-13,133,14,9,"{""sim_day"": 14.0, ""doy"": 133.0, ""topwt"": 0.0, ""grnwt"": 0.0, ""xlai"": 0.0, ""totir"": 0.0, ""tofer"": NaN, ""swfac"": 0.0, ""nstres"": 0.0}",0.0,0.0,0.0,0.0,0.0,0.0,,0.0,0.0,0.0,150.0,31.8050537109375,31.8050537109375,Leave_One_experiments/all_year_offline_schedule_search/daily_outputs/HLA/HLA_2022_HLA2022_normal_grid_S0010_daily.csv
HLA,HLA,Hailun,2022,Leave_One_experiments\wth_generated_qc\HLA\HLA2022.WTH,normal_year;nitrogen_stress_year;low_response_year,normal,HLA2022_normal_grid_S0010,low_input_within_10pct_yield,2022-05-14,134,15,10,"{""sim_day"": 15.0, ""doy"": 134.0, ""topwt"": 0.0, ""grnwt"": 0.0, ""xlai"": 0.0, ""totir"": 0.0, ""tofer"": NaN, ""swfac"": 0.0, ""nstres"": 0.0}",0.0,0.0,0.0,0.0,0.0,0.0,,0.0,0.0,0.0,150.0,31.8050537109375,31.8050537109375,Leave_One_experiments/all_year_offline_schedule_search/daily_outputs/HLA/HLA_2022_HLA2022_normal_grid_S0010_daily.csv
HLA,HLA,Hailun,2022,Leave_One_experiments\wth_generated_qc\HLA\HLA2022.WTH,normal_year;nitrogen_stress_year;low_response_year,normal,HLA2022_normal_grid_S0010,low_input_within_10pct_yield,2022-05-15,135,16,11,"{""sim_day"": 16.0, ""doy"": 135.0, ""topwt"": 0.0, ""grnwt"": 0.0, ""xlai"": 0.0, ""totir"": 0.0, ""tofer"": NaN, ""swfac"": 0.0, ""nstres"": 0.0}",0.0,0.0,0.0,0.0,0.0,0.0,,0.0,0.0,0.0,150.0,31.8050537109375,31.8050537109375,Leave_One_experiments/all_year_offline_schedule_search/daily_outputs/HLA/HLA_2022_HLA2022_normal_grid_S0010_daily.csv
HLA,HLA,Hailun,2022,Leave_One_experiments\wth_generated_qc\HLA\HLA2022.WTH,normal_year;nitrogen_stress_year;low_response_year,normal,HLA2022_normal_grid_S0010,low_input_within_10pct_yield,2022-05-16,136,17,12,"{""sim_day"": 17.0, ""doy"": 136.0, ""topwt"": 0.0, ""grnwt"": 0.0, ""xlai"": 0.0, ""totir"": 0.0, ""tofer"": NaN, ""swfac"": 0.0, ""nstres"": 0.0}",0.0,0.0,0.0,0.0,0.0,0.0,,0.0,0.0,0.0,150.0,31.8050537109375,31.8050537109375,Leave_One_experiments/all_year_offline_schedule_search/daily_outputs/HLA/HLA_2022_HLA2022_normal_grid_S0010_daily.csv
HLA,HLA,Hailun,2022,Leave_One_experiments\wth_generated_qc\HLA\HLA2022.WTH,normal_year;nitrogen_stress_year;low_response_year,normal,HLA2022_normal_grid_S0010,low_input_within_10pct_yield,2022-05-17,137,18,13,"{""sim_day"": 18.0, ""doy"": 137.0, ""topwt"": 0.0, ""grnwt"": 0.0, ""xlai"": 0.0, ""totir"": 0.0, ""tofer"": NaN, ""swfac"": 0.0, ""nstres"": 0.0}",0.0,0.0,0.0,0.0,0.0,0.0,,0.0,0.0,0.0,150.0,31.8050537109375,31.8050537109375,Leave_One_experiments/all_year_offline_schedule_search/daily_outputs/HLA/HLA_2022_HLA2022_normal_grid_S0010_daily.csv
HLA,HLA,Hailun,2022,Leave_One_experiments\wth_generated_qc\HLA\HLA2022.WTH,normal_year;nitrogen_stress_year;low_response_year,normal,HLA2022_normal_grid_S0010,low_input_within_10pct_yield,2022-05-18,138,19,14,"{""sim_day"": 19.0, ""doy"": 138.0, ""topwt"": 0.0, ""grnwt"": 0.0, ""xlai"": 0.0, ""totir"": 0.0, ""tofer"": NaN, ""swfac"": 0.0, ""nstres"": 0.0}",0.0,0.0,0.0,0.0,0.0,0.0,,0.0,0.0,0.0,150.0,31.8050537109375,31.8050537109375,Leave_One_experiments/all_year_offline_schedule_search/daily_outputs/HLA/HLA_2022_HLA2022_normal_grid_S0010_daily.csv
HLA,HLA,Hailun,2022,Leave_One_experiments\wth_generated_qc\HLA\HLA2022.WTH,normal_year;nitrogen_stress_year;low_response_year,normal,HLA2022_normal_grid_S0010,low_input_within_10pct_yield,2022-05-19,139,20,15,"{""sim_day"": 20.0, ""doy"": 139.0, ""topwt"": 20.0, ""grnwt"": 0.0, ""xlai"": 0.002767837839201, ""totir"": 0.0, ""tofer"": NaN, ""swfac"": 0.0, ""nstres"": 0.0121910572052001}",0.0,0.0121910572052001,20.0,0.0,0.002767837839201,0.0,,0.0,0.0,0.0,150.0,31.8050537109375,31.8050537109375,Leave_One_experiments/all_year_offline_schedule_search/daily_outputs/HLA/HLA_2022_HLA2022_normal_grid_S0010_daily.csv
HLA,HLA,Hailun,2022,Leave_One_experiments\wth_generated_qc\HLA\HLA2022.WTH,normal_year;nitrogen_stress_year;low_response_year,normal,HLA2022_normal_grid_S0010,low_input_within_10pct_yield,2022-05-20,140,21,16,"{""sim_day"": 21.0, ""doy"": 140.0, ""topwt"": 20.0, ""grnwt"": 0.0, ""xlai"": 0.0042747529223561, ""totir"": 0.0, ""tofer"": NaN, ""swfac"": 0.0, ""nstres"": 0.0120898485183715}",0.0,0.0120898485183715,20.0,0.0,0.0042747529223561,0.0,,0.0,0.0,0.0,150.0,31.8050537109375,31.8050537109375,Leave_One_experiments/all_year_offline_schedule_search/daily_outputs/HLA/HLA_2022_HLA2022_normal_grid_S0010_daily.csv
HLA,HLA,Hailun,2022,Leave_One_experiments\wth_generated_qc\HLA\HLA2022.WTH,normal_year;nitrogen_stress_year;low_response_year,normal,HLA2022_normal_grid_S0010,low_input_within_10pct_yield,2022-05-21,141,22,17,"{""sim_day"": 22.0, ""doy"": 141.0, ""topwt"": 20.0, ""grnwt"": 0.0, ""xlai"": 0.0061569265089929, ""totir"": 0.0, ""tofer"": NaN, ""swfac"": 0.0, ""nstres"": 0.0082526206970214}",0.0,0.0082526206970214,20.0,0.0,0.0061569265089929,0.0,,0.0,0.0,0.0,150.0,31.8050537109375,31.8050537109375,Leave_One_experiments/all_year_offline_schedule_search/daily_outputs/HLA/HLA_2022_HLA2022_normal_grid_S0010_daily.csv
HLA,HLA,Hailun,2022,Leave_One_experiments\wth_generated_qc\HLA\HLA2022.WTH,normal_year;nitrogen_stress_year;low_response_year,normal,HLA2022_normal_grid_S0010,low_input_within_10pct_yield,2022-05-22,142,23,18,"{""sim_day"": 23.0, ""doy"": 142.0, ""topwt"": 20.0, ""grnwt"": 0.0, ""xlai"": 0.0095539018511772, ""totir"": 0.0, ""tofer"": NaN, ""swfac"": 0.0, ""nstres"": 0.0022212266921997}",0.0,0.0022212266921997,20.0,0.0,0.0095539018511772,0.0,,0.0,0.0,0.0,150.0,31.8050537109375,31.8050537109375,Leave_One_experiments/all_year_offline_schedule_search/daily_outputs/HLA/HLA_2022_HLA2022_normal_grid_S0010_daily.csv
HLA,HLA,Hailun,2022,Leave_One_experiments\wth_generated_qc\HLA\HLA2022.WTH,normal_year;nitrogen_stress_year;low_response_year,normal,HLA2022_normal_grid_S0010,low_input_within_10pct_yield,2022-05-23,143,24,19,"{""sim_day"": 24.0, ""doy"": 143.0, ""topwt"": 20.0, ""grnwt"": 0.0, ""xlai"": 0.0107942093163728, ""totir"": 0.0, ""tofer"": NaN, ""swfac"": 0.0, ""nstres"": 2.5212764739990234e-05}",0.0,2.5212764739990234e-05,20.0,0.0,0.0107942093163728,0.0,,0.0,0.0,0.0,150.0,31.8050537109375,31.8050537109375,Leave_One_experiments/all_year_offline_schedule_search/daily_outputs/HLA/HLA_2022_HLA2022_normal_grid_S0010_daily.csv
HLA,HLA,Hailun,2022,Leave_One_experiments\wth_generated_qc\HLA\HLA2022.WTH,normal_year;nitrogen_stress_year;low_response_year,normal,HLA2022_normal_grid_S0010,low_input_within_10pct_yield,2022-05-24,144,25,20,"{""sim_day"": 25.0, ""doy"": 144.0, ""topwt"": 20.0, ""grnwt"": 0.0, ""xlai"": 0.0117665166035294, ""totir"": 0.0, ""tofer"": NaN, ""swfac"": 0.0, ""nstres"": 0.0}",0.0,0.0,20.0,0.0,0.0117665166035294,0.0,,0.0,0.0,0.0,150.0,31.8050537109375,31.8050537109375,Leave_One_experiments/all_year_offline_schedule_search/daily_outputs/HLA/HLA_2022_HLA2022_normal_grid_S0010_daily.csv
HLA,HLA,Hailun,2022,Leave_One_experiments\wth_generated_qc\HLA\HLA2022.WTH,normal_year;nitrogen_stress_year;low_response_year,normal,HLA2022_normal_grid_S0010,low_input_within_10pct_yield,2022-05-25,145,26,21,"{""sim_day"": 26.0, ""doy"": 145.0, ""topwt"": 20.0, ""grnwt"": 0.0, ""xlai"": 0.0137230530381202, ""totir"": 0.0, ""tofer"": NaN, ""swfac"": 0.0, ""nstres"": 0.0}",0.0,0.0,20.0,0.0,0.0137230530381202,0.0,,0.0,0.0,0.0,150.0,31.8050537109375,31.8050537109375,Leave_One_experiments/all_year_offline_schedule_search/daily_outputs/HLA/HLA_2022_HLA2022_normal_grid_S0010_daily.csv
HLA,HLA,Hailun,2022,Leave_One_experiments\wth_generated_qc\HLA\HLA2022.WTH,normal_year;nitrogen_stress_year;low_response_year,normal,HLA2022_normal_grid_S0010,low_input_within_10pct_yield,2022-05-26,146,27,22,"{""sim_day"": 27.0, ""doy"": 146.0, ""topwt"": 20.0, ""grnwt"": 0.0, ""xlai"": 0.0203296691179275, ""totir"": 0.0, ""tofer"": NaN, ""swfac"": 0.0, ""nstres"": 0.0}",0.0,0.0,20.0,0.0,0.0203296691179275,0.0,,0.0,0.0,0.0,150.0,31.8050537109375,31.8050537109375,Leave_One_experiments/all_year_offline_schedule_search/daily_outputs/HLA/HLA_2022_HLA2022_normal_grid_S0010_daily.csv
HLA,HLA,Hailun,2022,Leave_One_experiments\wth_generated_qc\HLA\HLA2022.WTH,normal_year;nitrogen_stress_year;low_response_year,normal,HLA2022_normal_grid_S0010,low_input_within_10pct_yield,2022-05-27,147,28,23,"{""sim_day"": 28.0, ""doy"": 147.0, ""topwt"": 20.0, ""grnwt"": 0.0, ""xlai"": 0.0301650408655405, ""totir"": 0.0, ""tofer"": NaN, ""swfac"": 0.0, ""nstres"": 0.0}",0.0,0.0,20.0,0.0,0.0301650408655405,0.0,,0.0,0.0,0.0,150.0,31.8050537109375,31.8050537109375,Leave_One_experiments/all_year_offline_schedule_search/daily_outputs/HLA/HLA_2022_HLA2022_normal_grid_S0010_daily.csv
HLA,HLA,Hailun,2022,Leave_One_experiments\wth_generated_qc\HLA\HLA2022.WTH,normal_year;nitrogen_stress_year;low_response_year,normal,HLA2022_normal_grid_S0010,low_input_within_10pct_yield,2022-05-28,148,29,24,"{""sim_day"": 29.0, ""doy"": 148.0, ""topwt"": 20.510330200195312, ""grnwt"": 0.0, ""xlai"": 0.0357045754790306, ""totir"": 0.0, ""tofer"": NaN, ""swfac"": 0.0, ""nstres"": 0.0}",0.0,0.0,20.510330200195312,0.0,0.0357045754790306,0.0,,0.0,0.0,0.0,150.0,31.8050537109375,31.8050537109375,Leave_One_experiments/all_year_offline_schedule_search/daily_outputs/HLA/HLA_2022_HLA2022_normal_grid_S0010_daily.csv
HLA,HLA,Hailun,2022,Leave_One_experiments\wth_generated_qc\HLA\HLA2022.WTH,normal_year;nitrogen_stress_year;low_response_year,normal,HLA2022_normal_grid_S0010,low_input_within_10pct_yield,2022-05-29,149,30,25,"{""sim_day"": 30.0, ""doy"": 149.0, ""topwt"": 22.907087802886963, ""grnwt"": 0.0, ""xlai"": 0.0420579500496387, ""totir"": 0.0, ""tofer"": NaN, ""swfac"": 0.0, ""nstres"": 0.0}",0.0,0.0,22.907087802886963,0.0,0.0420579500496387,0.0,,0.0,0.0,0.0,150.0,31.8050537109375,31.8050537109375,Leave_One_experiments/all_year_offline_schedule_search/daily_outputs/HLA/HLA_2022_HLA2022_normal_grid_S0010_daily.csv
HLA,HLA,Hailun,2022,Leave_One_experiments\wth_generated_qc\HLA\HLA2022.WTH,normal_year;nitrogen_stress_year;low_response_year,normal,HLA2022_normal_grid_S0010,low_input_within_10pct_yield,2022-05-30,150,31,26,"{""sim_day"": 31.0, ""doy"": 150.0, ""topwt"": 25.183322429656982, ""grnwt"": 0.0, ""xlai"": 0.0478702969849109, ""totir"": 0.0, ""tofer"": NaN, ""swfac"": 0.0, ""nstres"": 0.0}",0.0,0.0,25.183322429656982,0.0,0.0478702969849109,0.0,,0.0,0.0,0.0,150.0,31.8050537109375,31.8050537109375,Leave_One_experiments/all_year_offline_schedule_search/daily_outputs/HLA/HLA_2022_HLA2022_normal_grid_S0010_daily.csv
HLA,HLA,Hailun,2022,Leave_One_experiments\wth_generated_qc\HLA\HLA2022.WTH,normal_year;nitrogen_stress_year;low_response_year,normal,HLA2022_normal_grid_S0010,low_input_within_10pct_yield,2022-05-31,151,32,27,"{""sim_day"": 32.0, ""doy"": 151.0, ""topwt"": 28.07793617248535, ""grnwt"": 0.0, ""xlai"": 0.05501040071249, ""totir"": 0.0, ""tofer"": NaN, ""swfac"": 0.0, ""nstres"": 0.0}",0.0,0.0,28.07793617248535,0.0,0.05501040071249,0.0,,0.0,0.0,0.0,150.0,31.8050537109375,31.8050537109375,Leave_One_experiments/all_year_offline_schedule_search/daily_outputs/HLA/HLA_2022_HLA2022_normal_grid_S0010_daily.csv
HLA,HLA,Hailun,2022,Leave_One_experiments\wth_generated_qc\HLA\HLA2022.WTH,normal_year;nitrogen_stress_year;low_response_year,normal,HLA2022_normal_grid_S0010,low_input_within_10pct_yield,2022-06-01,152,33,28,"{""sim_day"": 33.0, ""doy"": 152.0, ""topwt"": 32.696616649627686, ""grnwt"": 0.0, ""xlai"": 0.0659392327070236, ""totir"": 0.0, ""tofer"": NaN, ""swfac"": 0.0, ""nstres"": 0.0}",0.0,0.0,32.696616649627686,0.0,0.0659392327070236,0.0,,0.0,0.0,0.0,150.0,31.8050537109375,31.8050537109375,Leave_One_experiments/all_year_offline_schedule_search/daily_outputs/HLA/HLA_2022_HLA2022_normal_grid_S0010_daily.csv
HLA,HLA,Hailun,2022,Leave_One_experiments\wth_generated_qc\HLA\HLA2022.WTH,normal_year;nitrogen_stress_year;low_response_year,normal,HLA2022_normal_grid_S0010,low_input_within_10pct_yield,2022-06-02,153,34,29,"{""sim_day"": 34.0, ""doy"": 153.0, ""topwt"": 38.60158681869507, ""grnwt"": 0.0, ""xlai"": 0.0792667269706726, ""totir"": 0.0, ""tofer"": NaN, ""swfac"": 0.0, ""nstres"": 0.0}",0.0,0.0,38.60158681869507,0.0,0.0792667269706726,0.0,,0.0,0.0,0.0,150.0,31.8050537109375,31.8050537109375,Leave_One_experiments/all_year_offline_schedule_search/daily_outputs/HLA/HLA_2022_HLA2022_normal_grid_S0010_daily.csv
HLA,HLA,Hailun,2022,Leave_One_experiments\wth_generated_qc\HLA\HLA2022.WTH,normal_year;nitrogen_stress_year;low_response_year,normal,HLA2022_normal_grid_S0010,low_input_within_10pct_yield,2022-06-03,154,35,30,"{""sim_day"": 35.0, ""doy"": 154.0, ""topwt"": 45.6247615814209, ""grnwt"": 0.0, ""xlai"": 0.0943978577852249, ""totir"": 0.0, ""tofer"": NaN, ""swfac"": 0.0, ""nstres"": 0.0}",0.0,0.0,45.6247615814209,0.0,0.0943978577852249,0.0,,0.0,50.0,0.0,150.0,31.8050537109375,31.8050537109375,Leave_One_experiments/all_year_offline_schedule_search/daily_outputs/HLA/HLA_2022_HLA2022_normal_grid_S0010_daily.csv
HLA,HLA,Hailun,2022,Leave_One_experiments\wth_generated_qc\HLA\HLA2022.WTH,normal_year;nitrogen_stress_year;low_response_year,normal,HLA2022_normal_grid_S0010,low_input_within_10pct_yield,2022-06-04,155,36,31,"{""sim_day"": 36.0, ""doy"": 155.0, ""topwt"": 50.885114669799805, ""grnwt"": 0.0, ""xlai"": 0.1053230464458465, ""totir"": 0.0, ""tofer"": NaN, ""swfac"": 0.0, ""nstres"": 0.0}",0.0,0.0,50.885114669799805,0.0,0.1053230464458465,0.0,,0.0,0.0,0.0,150.0,31.8050537109375,31.8050537109375,Leave_One_experiments/all_year_offline_schedule_search/daily_outputs/HLA/HLA_2022_HLA2022_normal_grid_S0010_daily.csv
HLA,HLA,Hailun,2022,Leave_One_experiments\wth_generated_qc\HLA\HLA2022.WTH,normal_year;nitrogen_stress_year;low_response_year,normal,HLA2022_normal_grid_S0010,low_input_within_10pct_yield,2022-06-05,156,37,32,"{""sim_day"": 37.0, ""doy"": 156.0, ""topwt"": 54.75914001464844, ""grnwt"": 0.0, ""xlai"": 0.1131816282868385, ""totir"": 0.0, ""tofer"": NaN, ""swfac"": 0.0, ""nstres"": 0.0}",0.0,0.0,54.75914001464844,0.0,0.1131816282868385,0.0,,0.0,0.0,0.0,150.0,31.8050537109375,31.8050537109375,Leave_One_experiments/all_year_offline_schedule_search/daily_outputs/HLA/HLA_2022_HLA2022_normal_grid_S0010_daily.csv
HLA,HLA,Hailun,2022,Leave_One_experiments\wth_generated_qc\HLA\HLA2022.WTH,normal_year;nitrogen_stress_year;low_response_year,normal,HLA2022_normal_grid_S0010,low_input_within_10pct_yield,2022-06-06,157,38,33,"{""sim_day"": 38.0, ""doy"": 157.0, ""topwt"": 64.23118114471436, ""grnwt"": 0.0, ""xlai"": 0.1318344473838806, ""totir"": 0.0, ""tofer"": NaN, ""swfac"": 0.0, ""nstres"": 0.0}",0.0,0.0,64.23118114471436,0.0,0.1318344473838806,0.0,,0.0,0.0,0.0,150.0,31.8050537109375,31.8050537109375,Leave_One_experiments/all_year_offline_schedule_search/daily_outputs/HLA/HLA_2022_HLA2022_normal_grid_S0010_daily.csv
HLA,HLA,Hailun,2022,Leave_One_experiments\wth_generated_qc\HLA\HLA2022.WTH,normal_year;nitrogen_stress_year;low_response_year,normal,HLA2022_normal_grid_S0010,low_input_within_10pct_yield,2022-06-07,158,39,34,"{""sim_day"": 39.0, ""doy"": 158.0, ""topwt"": 78.10202121734619, ""grnwt"": 0.0, ""xlai"": 0.157977670431137, ""totir"": 0.0, ""tofer"": NaN, ""swfac"": 0.0, ""nstres"": 0.0}",0.0,0.0,78.10202121734619,0.0,0.157977670431137,0.0,,0.0,0.0,0.0,150.0,31.8050537109375,31.8050537109375,Leave_One_experiments/all_year_offline_schedule_search/daily_outputs/HLA/HLA_2022_HLA2022_normal_grid_S0010_daily.csv
HLA,HLA,Hailun,2022,Leave_One_experiments\wth_generated_qc\HLA\HLA2022.WTH,normal_year;nitrogen_stress_year;low_response_year,normal,HLA2022_normal_grid_S0010,low_input_within_10pct_yield,2022-06-08,159,40,35,"{""sim_day"": 40.0, ""doy"": 159.0, ""topwt"": 94.70778465270996, ""grnwt"": 0.0, ""xlai"": 0.18785460293293, ""totir"": 0.0, ""tofer"": NaN, ""swfac"": 0.0, ""nstres"": 0.0}",0.0,0.0,94.70778465270996,0.0,0.18785460293293,0.0,,0.0,0.0,0.0,150.0,31.8050537109375,31.8050537109375,Leave_One_experiments/all_year_offline_schedule_search/daily_outputs/HLA/HLA_2022_HLA2022_normal_grid_S0010_daily.csv
HLA,HLA,Hailun,2022,Leave_One_experiments\wth_generated_qc\HLA\HLA2022.WTH,normal_year;nitrogen_stress_year;low_response_year,normal,HLA2022_normal_grid_S0010,low_input_within_10pct_yield,2022-06-09,160,41,36,"{""sim_day"": 41.0, ""doy"": 160.0, ""topwt"": 110.24003028869627, ""grnwt"": 0.0, ""xlai"": 0.2146983593702316, ""totir"": 0.0, ""tofer"": NaN, ""swfac"": 0.0, ""nstres"": 0.0}",0.0,0.0,110.24003028869627,0.0,0.2146983593702316,0.0,,0.0,0.0,0.0,150.0,31.8050537109375,31.8050537109375,Leave_One_experiments/all_year_offline_schedule_search/daily_outputs/HLA/HLA_2022_HLA2022_normal_grid_S0010_daily.csv
HLA,HLA,Hailun,2022,Leave_One_experiments\wth_generated_qc\HLA\HLA2022.WTH,normal_year;nitrogen_stress_year;low_response_year,normal,HLA2022_normal_grid_S0010,low_input_within_10pct_yield,2022-06-10,161,42,37,"{""sim_day"": 42.0, ""doy"": 161.0, ""topwt"": 129.95201110839844, ""grnwt"": 0.0, ""xlai"": 0.2475432306528091, ""totir"": 0.0, ""tofer"": NaN, ""swfac"": 0.0, ""nstres"": 0.0}",0.0,0.0,129.95201110839844,0.0,0.2475432306528091,0.0,,0.0,0.0,0.0,150.0,31.8050537109375,31.8050537109375,Leave_One_experiments/all_year_offline_schedule_search/daily_outputs/HLA/HLA_2022_HLA2022_normal_grid_S0010_daily.csv
HLA,HLA,Hailun,2022,Leave_One_experiments\wth_generated_qc\HLA\HLA2022.WTH,normal_year;nitrogen_stress_year;low_response_year,normal,HLA2022_normal_grid_S0010,low_input_within_10pct_yield,2022-06-11,162,43,38,"{""sim_day"": 43.0, ""doy"": 162.0, ""topwt"": 146.26421928405762, ""grnwt"": 0.0, ""xlai"": 0.2925207912921905, ""totir"": 0.0, ""tofer"": NaN, ""swfac"": 0.0, ""nstres"": 0.0}",0.0,0.0,146.26421928405762,0.0,0.2925207912921905,0.0,,0.0,0.0,0.0,150.0,31.8050537109375,31.8050537109375,Leave_One_experiments/all_year_offline_schedule_search/daily_outputs/HLA/HLA_2022_HLA2022_normal_grid_S0010_daily.csv
HLA,HLA,Hailun,2022,Leave_One_experiments\wth_generated_qc\HLA\HLA2022.WTH,normal_year;nitrogen_stress_year;low_response_year,normal,HLA2022_normal_grid_S0010,low_input_within_10pct_yield,2022-06-12,163,44,39,"{""sim_day"": 44.0, ""doy"": 163.0, ""topwt"": 169.3464469909668, ""grnwt"": 0.0, ""xlai"": 0.3311577439308166, ""totir"": 0.0, ""tofer"": NaN, ""swfac"": 0.0, ""nstres"": 0.0040383338928222}",0.0,0.0040383338928222,169.3464469909668,0.0,0.3311577439308166,0.0,,0.0,0.0,0.0,150.0,31.8050537109375,31.8050537109375,Leave_One_experiments/all_year_offline_schedule_search/daily_outputs/HLA/HLA_2022_HLA2022_normal_grid_S0010_daily.csv
HLA,HLA,Hailun,2022,Leave_One_experiments\wth_generated_qc\HLA\HLA2022.WTH,normal_year;nitrogen_stress_year;low_response_year,normal,HLA2022_normal_grid_S0010,low_input_within_10pct_yield,2022-06-13,164,45,40,"{""sim_day"": 45.0, ""doy"": 164.0, ""topwt"": 199.4301986694336, ""grnwt"": 0.0, ""xlai"": 0.3797968924045563, ""totir"": 0.0, ""tofer"": NaN, ""swfac"": 0.0, ""nstres"": 0.0}",0.0,0.0,199.4301986694336,0.0,0.3797968924045563,0.0,,0.0,0.0,0.0,150.0,31.8050537109375,31.8050537109375,Leave_One_experiments/all_year_offline_schedule_search/daily_outputs/HLA/HLA_2022_HLA2022_normal_grid_S0010_daily.csv
HLA,HLA,Hailun,2022,Leave_One_experiments\wth_generated_qc\HLA\HLA2022.WTH,normal_year;nitrogen_stress_year;low_response_year,normal,HLA2022_normal_grid_S0010,low_input_within_10pct_yield,2022-06-14,165,46,41,"{""sim_day"": 46.0, ""doy"": 165.0, ""topwt"": 235.08129119873047, ""grnwt"": 0.0, ""xlai"": 0.4353713691234588, ""totir"": 0.0, ""tofer"": NaN, ""swfac"": 0.0, ""nstres"": 0.0}",0.0,0.0,235.08129119873047,0.0,0.4353713691234588,0.0,,0.0,0.0,0.0,150.0,31.8050537109375,31.8050537109375,Leave_One_experiments/all_year_offline_schedule_search/daily_outputs/HLA/HLA_2022_HLA2022_normal_grid_S0010_daily.csv
HLA,HLA,Hailun,2022,Leave_One_experiments\wth_generated_qc\HLA\HLA2022.WTH,normal_year;nitrogen_stress_year;low_response_year,normal,HLA2022_normal_grid_S0010,low_input_within_10pct_yield,2022-06-15,166,47,42,"{""sim_day"": 47.0, ""doy"": 166.0, ""topwt"": 271.68981552124023, ""grnwt"": 0.0, ""xlai"": 0.4905203878879547, ""totir"": 0.0, ""tofer"": NaN, ""swfac"": 0.0, ""nstres"": 0.0}",0.0,0.0,271.68981552124023,0.0,0.4905203878879547,0.0,,0.0,0.0,0.0,150.0,31.8050537109375,31.8050537109375,Leave_One_experiments/all_year_offline_schedule_search/daily_outputs/HLA/HLA_2022_HLA2022_normal_grid_S0010_daily.csv
HLA,HLA,Hailun,2022,Leave_One_experiments\wth_generated_qc\HLA\HLA2022.WTH,normal_year;nitrogen_stress_year;low_response_year,normal,HLA2022_normal_grid_S0010,low_input_within_10pct_yield,2022-06-16,167,48,43,"{""sim_day"": 48.0, ""doy"": 167.0, ""topwt"": 310.4355049133301, ""grnwt"": 0.0, ""xlai"": 0.5471257567405701, ""totir"": 0.0, ""tofer"": NaN, ""swfac"": 0.0, ""nstres"": 0.0}",0.0,0.0,310.4355049133301,0.0,0.5471257567405701,0.0,,0.0,0.0,0.0,150.0,31.8050537109375,31.8050537109375,Leave_One_experiments/all_year_offline_schedule_search/daily_outputs/HLA/HLA_2022_HLA2022_normal_grid_S0010_daily.csv
HLA,HLA,Hailun,2022,Leave_One_experiments\wth_generated_qc\HLA\HLA2022.WTH,normal_year;nitrogen_stress_year;low_response_year,normal,HLA2022_normal_grid_S0010,low_input_within_10pct_yield,2022-06-17,168,49,44,"{""sim_day"": 49.0, ""doy"": 168.0, ""topwt"": 358.8534164428711, ""grnwt"": 0.0, ""xlai"": 0.6157243251800537, ""totir"": 0.0, ""tofer"": NaN, ""swfac"": 0.0, ""nstres"": 0.0}",0.0,0.0,358.8534164428711,0.0,0.6157243251800537,0.0,,0.0,0.0,0.0,150.0,31.8050537109375,31.8050537109375,Leave_One_experiments/all_year_offline_schedule_search/daily_outputs/HLA/HLA_2022_HLA2022_normal_grid_S0010_daily.csv
HLA,HLA,Hailun,2022,Leave_One_experiments\wth_generated_qc\HLA\HLA2022.WTH,normal_year;nitrogen_stress_year;low_response_year,normal,HLA2022_normal_grid_S0010,low_input_within_10pct_yield,2022-06-18,169,50,45,"{""sim_day"": 50.0, ""doy"": 169.0, ""topwt"": 418.0911254882813, ""grnwt"": 0.0, ""xlai"": 0.6950295567512512, ""totir"": 0.0, ""tofer"": NaN, ""swfac"": 0.0, ""nstres"": 0.0}",0.0,0.0,418.0911254882813,0.0,0.6950295567512512,0.0,,0.0,0.0,0.0,150.0,31.8050537109375,31.8050537109375,Leave_One_experiments/all_year_offline_schedule_search/daily_outputs/HLA/HLA_2022_HLA2022_normal_grid_S0010_daily.csv
HLA,HLA,Hailun,2022,Leave_One_experiments\wth_generated_qc\HLA\HLA2022.WTH,normal_year;nitrogen_stress_year;low_response_year,normal,HLA2022_normal_grid_S0010,low_input_within_10pct_yield,2022-06-19,170,51,46,"{""sim_day"": 51.0, ""doy"": 170.0, ""topwt"": 479.533576965332, ""grnwt"": 0.0, ""xlai"": 0.7791062593460083, ""totir"": 0.0, ""tofer"": NaN, ""swfac"": 0.0, ""nstres"": 0.0}",0.0,0.0,479.533576965332,0.0,0.7791062593460083,0.0,,0.0,0.0,0.0,150.0,31.8050537109375,31.8050537109375,Leave_One_experiments/all_year_offline_schedule_search/daily_outputs/HLA/HLA_2022_HLA2022_normal_grid_S0010_daily.csv
HLA,HLA,Hailun,2022,Leave_One_experiments\wth_generated_qc\HLA\HLA2022.WTH,normal_year;nitrogen_stress_year;low_response_year,normal,HLA2022_normal_grid_S0010,low_input_within_10pct_yield,2022-06-20,171,52,47,"{""sim_day"": 52.0, ""doy"": 171.0, ""topwt"": 554.7293853759766, ""grnwt"": 0.0, ""xlai"": 0.8776223659515381, ""totir"": 0.0, ""tofer"": NaN, ""swfac"": 0.0, ""nstres"": 0.0}",0.0,0.0,554.7293853759766,0.0,0.8776223659515381,0.0,,0.0,0.0,0.0,150.0,31.8050537109375,31.8050537109375,Leave_One_experiments/all_year_offline_schedule_search/daily_outputs/HLA/HLA_2022_HLA2022_normal_grid_S0010_daily.csv
HLA,HLA,Hailun,2022,Leave_One_experiments\wth_generated_qc\HLA\HLA2022.WTH,normal_year;nitrogen_stress_year;low_response_year,normal,HLA2022_normal_grid_S0010,low_input_within_10pct_yield,2022-06-21,172,53,48,"{""sim_day"": 53.0, ""doy"": 172.0, ""topwt"": 657.1427917480469, ""grnwt"": 0.0, ""xlai"": 1.0048640966415403, ""totir"": 0.0, ""tofer"": NaN, ""swfac"": 0.0, ""nstres"": 0.0}",0.0,0.0,657.1427917480469,0.0,1.0048640966415403,0.0,,0.0,0.0,0.0,150.0,31.8050537109375,31.8050537109375,Leave_One_experiments/all_year_offline_schedule_search/daily_outputs/HLA/HLA_2022_HLA2022_normal_grid_S0010_daily.csv
HLA,HLA,Hailun,2022,Leave_One_experiments\wth_generated_qc\HLA\HLA2022.WTH,normal_year;nitrogen_stress_year;low_response_year,normal,HLA2022_normal_grid_S0010,low_input_within_10pct_yield,2022-06-22,173,54,49,"{""sim_day"": 54.0, ""doy"": 173.0, ""topwt"": 754.7146606445312, ""grnwt"": 0.0, ""xlai"": 1.1196626424789429, ""totir"": 0.0, ""tofer"": NaN, ""swfac"": 0.0, ""nstres"": 0.0}",0.0,0.0,754.7146606445312,0.0,1.1196626424789429,0.0,,0.0,0.0,0.0,150.0,31.8050537109375,31.8050537109375,Leave_One_experiments/all_year_offline_schedule_search/daily_outputs/HLA/HLA_2022_HLA2022_normal_grid_S0010_daily.csv
HLA,HLA,Hailun,2022,Leave_One_experiments\wth_generated_qc\HLA\HLA2022.WTH,normal_year;nitrogen_stress_year;low_response_year,normal,HLA2022_normal_grid_S0010,low_input_within_10pct_yield,2022-06-23,174,55,50,"{""sim_day"": 55.0, ""doy"": 174.0, ""topwt"": 827.8398132324219, ""grnwt"": 0.0, ""xlai"": 1.2021249532699585, ""totir"": 0.0, ""tofer"": NaN, ""swfac"": 0.0, ""nstres"": 0.0}",0.0,0.0,827.8398132324219,0.0,1.2021249532699585,0.0,,0.0,0.0,0.0,150.0,31.8050537109375,31.8050537109375,Leave_One_experiments/all_year_offline_schedule_search/daily_outputs/HLA/HLA_2022_HLA2022_normal_grid_S0010_daily.csv
HLA,HLA,Hailun,2022,Leave_One_experiments\wth_generated_qc\HLA\HLA2022.WTH,normal_year;nitrogen_stress_year;low_response_year,normal,HLA2022_normal_grid_S0010,low_input_within_10pct_yield,2022-06-24,175,56,51,"{""sim_day"": 56.0, ""doy"": 175.0, ""topwt"": 923.5954284667968, ""grnwt"": 0.0, ""xlai"": 1.3051025867462158, ""totir"": 0.0, ""tofer"": NaN, ""swfac"": 0.0, ""nstres"": 0.0}",0.0,0.0,923.5954284667968,0.0,1.3051025867462158,0.0,,0.0,0.0,0.0,150.0,31.8050537109375,31.8050537109375,Leave_One_experiments/all_year_offline_schedule_search/daily_outputs/HLA/HLA_2022_HLA2022_normal_grid_S0010_daily.csv
HLA,HLA,Hailun,2022,Leave_One_experiments\wth_generated_qc\HLA\HLA2022.WTH,normal_year;nitrogen_stress_year;low_response_year,normal,HLA2022_normal_grid_S0010,low_input_within_10pct_yield,2022-06-25,176,57,52,"{""sim_day"": 57.0, ""doy"": 176.0, ""topwt"": 1024.4367980957031, ""grnwt"": 0.0, ""xlai"": 1.408144474029541, ""totir"": 0.0, ""tofer"": NaN, ""swfac"": 0.0, ""nstres"": 0.0}",0.0,0.0,1024.4367980957031,0.0,1.408144474029541,0.0,,0.0,0.0,0.0,150.0,31.8050537109375,31.8050537109375,Leave_One_experiments/all_year_offline_schedule_search/daily_outputs/HLA/HLA_2022_HLA2022_normal_grid_S0010_daily.csv
HLA,HLA,Hailun,2022,Leave_One_experiments\wth_generated_qc\HLA\HLA2022.WTH,normal_year;nitrogen_stress_year;low_response_year,normal,HLA2022_normal_grid_S0010,low_input_within_10pct_yield,2022-06-26,177,58,53,"{""sim_day"": 58.0, ""doy"": 177.0, ""topwt"": 1142.6367950439453, ""grnwt"": 0.0, ""xlai"": 1.522210955619812, ""totir"": 0.0, ""tofer"": NaN, ""swfac"": 0.0, ""nstres"": 0.0}",0.0,0.0,1142.6367950439453,0.0,1.522210955619812,0.0,,0.0,0.0,0.0,150.0,31.8050537109375,31.8050537109375,Leave_One_experiments/all_year_offline_schedule_search/daily_outputs/HLA/HLA_2022_HLA2022_normal_grid_S0010_daily.csv
HLA,HLA,Hailun,2022,Leave_One_experiments\wth_generated_qc\HLA\HLA2022.WTH,normal_year;nitrogen_stress_year;low_response_year,normal,HLA2022_normal_grid_S0010,low_input_within_10pct_yield,2022-06-27,178,59,54,"{""sim_day"": 59.0, ""doy"": 178.0, ""topwt"": 1283.0567932128906, ""grnwt"": 0.0, ""xlai"": 1.6491339206695557, ""totir"": 0.0, ""tofer"": NaN, ""swfac"": 0.0, ""nstres"": 0.0}",0.0,0.0,1283.0567932128906,0.0,1.6491339206695557,0.0,,0.0,0.0,0.0,150.0,31.8050537109375,31.8050537109375,Leave_One_experiments/all_year_offline_schedule_search/daily_outputs/HLA/HLA_2022_HLA2022_normal_grid_S0010_daily.csv
HLA,HLA,Hailun,2022,Leave_One_experiments\wth_generated_qc\HLA\HLA2022.WTH,normal_year;nitrogen_stress_year;low_response_year,normal,HLA2022_normal_grid_S0010,low_input_within_10pct_yield,2022-06-28,179,60,55,"{""sim_day"": 60.0, ""doy"": 179.0, ""topwt"": 1425.2305603027344, ""grnwt"": 0.0, ""xlai"": 1.7695472240447998, ""totir"": 0.0, ""tofer"": NaN, ""swfac"": 0.0, ""nstres"": 0.0}",0.0,0.0,1425.2305603027344,0.0,1.7695472240447998,0.0,,0.0,0.0,0.0,150.0,31.8050537109375,31.8050537109375,Leave_One_experiments/all_year_offline_schedule_search/daily_outputs/HLA/HLA_2022_HLA2022_normal_grid_S0010_daily.csv
HLA,HLA,Hailun,2022,Leave_One_experiments\wth_generated_qc\HLA\HLA2022.WTH,normal_year;nitrogen_stress_year;low_response_year,normal,HLA2022_normal_grid_S0010,low_input_within_10pct_yield,2022-06-29,180,61,56,"{""sim_day"": 61.0, ""doy"": 180.0, ""topwt"": 1582.4986267089844, ""grnwt"": 0.0, ""xlai"": 1.8940430879592896, ""totir"": 0.0, ""tofer"": NaN, ""swfac"": 0.0, ""nstres"": 0.0}",0.0,0.0,1582.4986267089844,0.0,1.8940430879592896,0.0,,0.0,0.0,0.0,150.0,31.8050537109375,31.8050537109375,Leave_One_experiments/all_year_offline_schedule_search/daily_outputs/HLA/HLA_2022_HLA2022_normal_grid_S0010_daily.csv
HLA,HLA,Hailun,2022,Leave_One_experiments\wth_generated_qc\HLA\HLA2022.WTH,normal_year;nitrogen_stress_year;low_response_year,normal,HLA2022_normal_grid_S0010,low_input_within_10pct_yield,2022-06-30,181,62,57,"{""sim_day"": 62.0, ""doy"": 181.0, ""topwt"": 1745.7766723632812, ""grnwt"": 0.0, ""xlai"": 2.0149216651916504, ""totir"": 0.0, ""tofer"": NaN, ""swfac"": 0.0, ""nstres"": 0.0}",0.0,0.0,1745.7766723632812,0.0,2.0149216651916504,0.0,,0.0,0.0,0.0,150.0,31.8050537109375,31.8050537109375,Leave_One_experiments/all_year_offline_schedule_search/daily_outputs/HLA/HLA_2022_HLA2022_normal_grid_S0010_daily.csv
HLA,HLA,Hailun,2022,Leave_One_experiments\wth_generated_qc\HLA\HLA2022.WTH,normal_year;nitrogen_stress_year;low_response_year,normal,HLA2022_normal_grid_S0010,low_input_within_10pct_yield,2022-07-01,182,63,58,"{""sim_day"": 63.0, ""doy"": 182.0, ""topwt"": 1914.3049621582031, ""grnwt"": 0.0, ""xlai"": 2.13179874420166, ""totir"": 0.0, ""tofer"": NaN, ""swfac"": 0.0, ""nstres"": 0.0}",0.0,0.0,1914.3049621582031,0.0,2.13179874420166,0.0,,0.0,0.0,0.0,150.0,31.8050537109375,31.8050537109375,Leave_One_experiments/all_year_offline_schedule_search/daily_outputs/HLA/HLA_2022_HLA2022_normal_grid_S0010_daily.csv
HLA,HLA,Hailun,2022,Leave_One_experiments\wth_generated_qc\HLA\HLA2022.WTH,normal_year;nitrogen_stress_year;low_response_year,normal,HLA2022_normal_grid_S0010,low_input_within_10pct_yield,2022-07-02,183,64,59,"{""sim_day"": 64.0, ""doy"": 183.0, ""topwt"": 2092.4609375, ""grnwt"": 0.0, ""xlai"": 2.2476017475128174, ""totir"": 0.0, ""tofer"": NaN, ""swfac"": 0.0, ""nstres"": 0.0}",0.0,0.0,2092.4609375,0.0,2.2476017475128174,0.0,,0.0,0.0,0.0,150.0,31.8050537109375,31.8050537109375,Leave_One_experiments/all_year_offline_schedule_search/daily_outputs/HLA/HLA_2022_HLA2022_normal_grid_S0010_daily.csv
HLA,HLA,Hailun,2022,Leave_One_experiments\wth_generated_qc\HLA\HLA2022.WTH,normal_year;nitrogen_stress_year;low_response_year,normal,HLA2022_normal_grid_S0010,low_input_within_10pct_yield,2022-07-03,184,65,60,"{""sim_day"": 65.0, ""doy"": 184.0, ""topwt"": 2296.0389709472656, ""grnwt"": 0.0, ""xlai"": 2.3711493015289307, ""totir"": 0.0, ""tofer"": NaN, ""swfac"": 0.0, ""nstres"": 0.0}",0.0,0.0,2296.0389709472656,0.0,2.3711493015289307,0.0,,0.0,50.0,0.0,150.0,31.8050537109375,31.8050537109375,Leave_One_experiments/all_year_offline_schedule_search/daily_outputs/HLA/HLA_2022_HLA2022_normal_grid_S0010_daily.csv
HLA,HLA,Hailun,2022,Leave_One_experiments\wth_generated_qc\HLA\HLA2022.WTH,normal_year;nitrogen_stress_year;low_response_year,normal,HLA2022_normal_grid_S0010,low_input_within_10pct_yield,2022-07-04,185,66,61,"{""sim_day"": 66.0, ""doy"": 185.0, ""topwt"": 2527.3580932617188, ""grnwt"": 0.0, ""xlai"": 2.501708984375, ""totir"": 0.0, ""tofer"": NaN, ""swfac"": 0.0, ""nstres"": 0.0}",0.0,0.0,2527.3580932617188,0.0,2.501708984375,0.0,,0.0,0.0,0.0,150.0,31.8050537109375,31.8050537109375,Leave_One_experiments/all_year_offline_schedule_search/daily_outputs/HLA/HLA_2022_HLA2022_normal_grid_S0010_daily.csv
HLA,HLA,Hailun,2022,Leave_One_experiments\wth_generated_qc\HLA\HLA2022.WTH,normal_year;nitrogen_stress_year;low_response_year,normal,HLA2022_normal_grid_S0010,low_input_within_10pct_yield,2022-07-05,186,67,62,"{""sim_day"": 67.0, ""doy"": 186.0, ""topwt"": 2785.8868408203125, ""grnwt"": 0.0, ""xlai"": 2.6370763778686523, ""totir"": 0.0, ""tofer"": NaN, ""swfac"": 0.0, ""nstres"": 0.0}",0.0,0.0,2785.8868408203125,0.0,2.6370763778686523,0.0,,0.0,0.0,0.0,150.0,31.8050537109375,31.8050537109375,Leave_One_experiments/all_year_offline_schedule_search/daily_outputs/HLA/HLA_2022_HLA2022_normal_grid_S0010_daily.csv
HLA,HLA,Hailun,2022,Leave_One_experiments\wth_generated_qc\HLA\HLA2022.WTH,normal_year;nitrogen_stress_year;low_response_year,normal,HLA2022_normal_grid_S0010,low_input_within_10pct_yield,2022-07-06,187,68,63,"{""sim_day"": 68.0, ""doy"": 187.0, ""topwt"": 3029.8779296875, ""grnwt"": 0.0, ""xlai"": 2.7565293312072754, ""totir"": 0.0, ""tofer"": NaN, ""swfac"": 0.0, ""nstres"": 0.0}",0.0,0.0,3029.8779296875,0.0,2.7565293312072754,0.0,,0.0,0.0,0.0,150.0,31.8050537109375,31.8050537109375,Leave_One_experiments/all_year_offline_schedule_search/daily_outputs/HLA/HLA_2022_HLA2022_normal_grid_S0010_daily.csv
HLA,HLA,Hailun,2022,Leave_One_experiments\wth_generated_qc\HLA\HLA2022.WTH,normal_year;nitrogen_stress_year;low_response_year,normal,HLA2022_normal_grid_S0010,low_input_within_10pct_yield,2022-07-07,188,69,64,"{""sim_day"": 69.0, ""doy"": 188.0, ""topwt"": 3294.058837890625, ""grnwt"": 0.0, ""xlai"": 2.87758207321167, ""totir"": 0.0, ""tofer"": NaN, ""swfac"": 0.0, ""nstres"": 0.0}",0.0,0.0,3294.058837890625,0.0,2.87758207321167,0.0,,0.0,0.0,0.0,150.0,31.8050537109375,31.8050537109375,Leave_One_experiments/all_year_offline_schedule_search/daily_outputs/HLA/HLA_2022_HLA2022_normal_grid_S0010_daily.csv
HLA,HLA,Hailun,2022,Leave_One_experiments\wth_generated_qc\HLA\HLA2022.WTH,normal_year;nitrogen_stress_year;low_response_year,normal,HLA2022_normal_grid_S0010,low_input_within_10pct_yield,2022-07-08,189,70,65,"{""sim_day"": 70.0, ""doy"": 189.0, ""topwt"": 3553.5577392578125, ""grnwt"": 0.0, ""xlai"": 2.9894261360168457, ""totir"": 0.0, ""tofer"": NaN, ""swfac"": 0.0, ""nstres"": 0.0}",0.0,0.0,3553.5577392578125,0.0,2.9894261360168457,0.0,,0.0,0.0,0.0,150.0,31.8050537109375,31.8050537109375,Leave_One_experiments/all_year_offline_schedule_search/daily_outputs/HLA/HLA_2022_HLA2022_normal_grid_S0010_daily.csv
HLA,HLA,Hailun,2022,Leave_One_experiments\wth_generated_qc\HLA\HLA2022.WTH,normal_year;nitrogen_stress_year;low_response_year,normal,HLA2022_normal_grid_S0010,low_input_within_10pct_yield,2022-07-09,190,71,66,"{""sim_day"": 71.0, ""doy"": 190.0, ""topwt"": 3816.705932617188, ""grnwt"": 0.0, ""xlai"": 3.0964772701263428, ""totir"": 0.0, ""tofer"": NaN, ""swfac"": 0.0, ""nstres"": 0.0}",0.0,0.0,3816.705932617188,0.0,3.0964772701263428,0.0,,0.0,0.0,0.0,150.0,31.8050537109375,31.8050537109375,Leave_One_experiments/all_year_offline_schedule_search/daily_outputs/HLA/HLA_2022_HLA2022_normal_grid_S0010_daily.csv
HLA,HLA,Hailun,2022,Leave_One_experiments\wth_generated_qc\HLA\HLA2022.WTH,normal_year;nitrogen_stress_year;low_response_year,normal,HLA2022_normal_grid_S0010,low_input_within_10pct_yield,2022-07-10,191,72,67,"{""sim_day"": 72.0, ""doy"": 191.0, ""topwt"": 4183.7646484375, ""grnwt"": 0.0, ""xlai"": 3.280142545700073, ""totir"": 0.0, ""tofer"": NaN, ""swfac"": 0.0, ""nstres"": 0.0}",0.0,0.0,4183.7646484375,0.0,3.280142545700073,0.0,,0.0,0.0,0.0,150.0,31.8050537109375,31.8050537109375,Leave_One_experiments/all_year_offline_schedule_search/daily_outputs/HLA/HLA_2022_HLA2022_normal_grid_S0010_daily.csv
HLA,HLA,Hailun,2022,Leave_One_experiments\wth_generated_qc\HLA\HLA2022.WTH,normal_year;nitrogen_stress_year;low_response_year,normal,HLA2022_normal_grid_S0010,low_input_within_10pct_yield,2022-07-11,192,73,68,"{""sim_day"": 73.0, ""doy"": 192.0, ""topwt"": 4525.246887207031, ""grnwt"": 0.0, ""xlai"": 3.419461727142334, ""totir"": 0.0, ""tofer"": NaN, ""swfac"": 0.0, ""nstres"": 0.0}",0.0,0.0,4525.246887207031,0.0,3.419461727142334,0.0,,0.0,0.0,0.0,150.0,31.8050537109375,31.8050537109375,Leave_One_experiments/all_year_offline_schedule_search/daily_outputs/HLA/HLA_2022_HLA2022_normal_grid_S0010_daily.csv
HLA,HLA,Hailun,2022,Leave_One_experiments\wth_generated_qc\HLA\HLA2022.WTH,normal_year;nitrogen_stress_year;low_response_year,normal,HLA2022_normal_grid_S0010,low_input_within_10pct_yield,2022-07-12,193,74,69,"{""sim_day"": 74.0, ""doy"": 193.0, ""topwt"": 4835.450744628906, ""grnwt"": 0.0, ""xlai"": 3.5307202339172363, ""totir"": 0.0, ""tofer"": NaN, ""swfac"": 0.0, ""nstres"": 0.0}",0.0,0.0,4835.450744628906,0.0,3.5307202339172363,0.0,,0.0,0.0,0.0,150.0,31.8050537109375,31.8050537109375,Leave_One_experiments/all_year_offline_schedule_search/daily_outputs/HLA/HLA_2022_HLA2022_normal_grid_S0010_daily.csv
HLA,HLA,Hailun,2022,Leave_One_experiments\wth_generated_qc\HLA\HLA2022.WTH,normal_year;nitrogen_stress_year;low_response_year,normal,HLA2022_normal_grid_S0010,low_input_within_10pct_yield,2022-07-13,194,75,70,"{""sim_day"": 75.0, ""doy"": 194.0, ""topwt"": 5102.838134765625, ""grnwt"": 0.0, ""xlai"": 3.61849045753479, ""totir"": 0.0, ""tofer"": NaN, ""swfac"": 0.0, ""nstres"": 0.0}",0.0,0.0,5102.838134765625,0.0,3.61849045753479,0.0,,0.0,0.0,0.0,150.0,31.8050537109375,31.8050537109375,Leave_One_experiments/all_year_offline_schedule_search/daily_outputs/HLA/HLA_2022_HLA2022_normal_grid_S0010_daily.csv
HLA,HLA,Hailun,2022,Leave_One_experiments\wth_generated_qc\HLA\HLA2022.WTH,normal_year;nitrogen_stress_year;low_response_year,normal,HLA2022_normal_grid_S0010,low_input_within_10pct_yield,2022-07-14,195,76,71,"{""sim_day"": 76.0, ""doy"": 195.0, ""topwt"": 5373.810424804688, ""grnwt"": 0.0, ""xlai"": 3.700962781906128, ""totir"": 0.0, ""tofer"": NaN, ""swfac"": 0.0, ""nstres"": 0.0}",0.0,0.0,5373.810424804688,0.0,3.700962781906128,0.0,,0.0,0.0,0.0,150.0,31.8050537109375,31.8050537109375,Leave_One_experiments/all_year_offline_schedule_search/daily_outputs/HLA/HLA_2022_HLA2022_normal_grid_S0010_daily.csv
HLA,HLA,Hailun,2022,Leave_One_experiments\wth_generated_qc\HLA\HLA2022.WTH,normal_year;nitrogen_stress_year;low_response_year,normal,HLA2022_normal_grid_S0010,low_input_within_10pct_yield,2022-07-15,196,77,72,"{""sim_day"": 77.0, ""doy"": 196.0, ""topwt"": 5629.293212890625, ""grnwt"": 0.0, ""xlai"": 3.774029493331909, ""totir"": 0.0, ""tofer"": NaN, ""swfac"": 0.0, ""nstres"": 0.0}",0.0,0.0,5629.293212890625,0.0,3.774029493331909,0.0,,0.0,0.0,0.0,150.0,31.8050537109375,31.8050537109375,Leave_One_experiments/all_year_offline_schedule_search/daily_outputs/HLA/HLA_2022_HLA2022_normal_grid_S0010_daily.csv
HLA,HLA,Hailun,2022,Leave_One_experiments\wth_generated_qc\HLA\HLA2022.WTH,normal_year;nitrogen_stress_year;low_response_year,normal,HLA2022_normal_grid_S0010,low_input_within_10pct_yield,2022-07-16,197,78,73,"{""sim_day"": 78.0, ""doy"": 197.0, ""topwt"": 5861.239013671875, ""grnwt"": 0.0, ""xlai"": 3.836108922958374, ""totir"": 0.0, ""tofer"": NaN, ""swfac"": 0.0, ""nstres"": 0.0019998550415039}",0.0,0.0019998550415039,5861.239013671875,0.0,3.836108922958374,0.0,,0.0,0.0,0.0,150.0,31.8050537109375,31.8050537109375,Leave_One_experiments/all_year_offline_schedule_search/daily_outputs/HLA/HLA_2022_HLA2022_normal_grid_S0010_daily.csv
HLA,HLA,Hailun,2022,Leave_One_experiments\wth_generated_qc\HLA\HLA2022.WTH,normal_year;nitrogen_stress_year;low_response_year,normal,HLA2022_normal_grid_S0010,low_input_within_10pct_yield,2022-07-17,198,79,74,"{""sim_day"": 79.0, ""doy"": 198.0, ""topwt"": 6090.4534912109375, ""grnwt"": 0.0, ""xlai"": 3.8877248764038086, ""totir"": 0.0, ""tofer"": NaN, ""swfac"": 0.0, ""nstres"": 0.0160586833953857}",0.0,0.0160586833953857,6090.4534912109375,0.0,3.8877248764038086,0.0,,0.0,0.0,0.0,150.0,31.8050537109375,31.8050537109375,Leave_One_experiments/all_year_offline_schedule_search/daily_outputs/HLA/HLA_2022_HLA2022_normal_grid_S0010_daily.csv
HLA,HLA,Hailun,2022,Leave_One_experiments\wth_generated_qc\HLA\HLA2022.WTH,normal_year;nitrogen_stress_year;low_response_year,normal,HLA2022_normal_grid_S0010,low_input_within_10pct_yield,2022-07-18,199,80,75,"{""sim_day"": 80.0, ""doy"": 199.0, ""topwt"": 6326.0382080078125, ""grnwt"": 0.0, ""xlai"": 3.933412790298462, ""totir"": 0.0, ""tofer"": NaN, ""swfac"": 0.0, ""nstres"": 0.0257789492607116}",0.0,0.0257789492607116,6326.0382080078125,0.0,3.933412790298462,0.0,,0.0,0.0,0.0,150.0,31.8050537109375,31.8050537109375,Leave_One_experiments/all_year_offline_schedule_search/daily_outputs/HLA/HLA_2022_HLA2022_normal_grid_S0010_daily.csv
HLA,HLA,Hailun,2022,Leave_One_experiments\wth_generated_qc\HLA\HLA2022.WTH,normal_year;nitrogen_stress_year;low_response_year,normal,HLA2022_normal_grid_S0010,low_input_within_10pct_yield,2022-07-19,200,81,76,"{""sim_day"": 81.0, ""doy"": 200.0, ""topwt"": 6568.462524414063, ""grnwt"": 0.0, ""xlai"": 3.9776647090911865, ""totir"": 0.0, ""tofer"": NaN, ""swfac"": 0.0, ""nstres"": 0.0316377878189086}",0.0,0.0316377878189086,6568.462524414063,0.0,3.9776647090911865,0.0,,0.0,0.0,0.0,150.0,31.8050537109375,31.8050537109375,Leave_One_experiments/all_year_offline_schedule_search/daily_outputs/HLA/HLA_2022_HLA2022_normal_grid_S0010_daily.csv
HLA,HLA,Hailun,2022,Leave_One_experiments\wth_generated_qc\HLA\HLA2022.WTH,normal_year;nitrogen_stress_year;low_response_year,normal,HLA2022_normal_grid_S0010,low_input_within_10pct_yield,2022-07-20,201,82,77,"{""sim_day"": 82.0, ""doy"": 201.0, ""topwt"": 6790.15625, ""grnwt"": 0.0, ""xlai"": 4.013847351074219, ""totir"": 0.0, ""tofer"": NaN, ""swfac"": 0.0, ""nstres"": 0.0369788408279418}",0.0,0.0369788408279418,6790.15625,0.0,4.013847351074219,0.0,,0.0,0.0,0.0,150.0,31.8050537109375,31.8050537109375,Leave_One_experiments/all_year_offline_schedule_search/daily_outputs/HLA/HLA_2022_HLA2022_normal_grid_S0010_daily.csv
HLA,HLA,Hailun,2022,Leave_One_experiments\wth_generated_qc\HLA\HLA2022.WTH,normal_year;nitrogen_stress_year;low_response_year,normal,HLA2022_normal_grid_S0010,low_input_within_10pct_yield,2022-07-21,202,83,78,"{""sim_day"": 83.0, ""doy"": 202.0, ""topwt"": 7016.25732421875, ""grnwt"": 0.0, ""xlai"": 4.048437595367432, ""totir"": 0.0, ""tofer"": NaN, ""swfac"": 0.0, ""nstres"": 0.0418181419372558}",0.0,0.0418181419372558,7016.25732421875,0.0,4.048437595367432,0.0,,0.0,0.0,0.0,150.0,31.8050537109375,31.8050537109375,Leave_One_experiments/all_year_offline_schedule_search/daily_outputs/HLA/HLA_2022_HLA2022_normal_grid_S0010_daily.csv
HLA,HLA,Hailun,2022,Leave_One_experiments\wth_generated_qc\HLA\HLA2022.WTH,normal_year;nitrogen_stress_year;low_response_year,normal,HLA2022_normal_grid_S0010,low_input_within_10pct_yield,2022-07-22,203,84,79,"{""sim_day"": 84.0, ""doy"": 203.0, ""topwt"": 7235.433349609375, ""grnwt"": 0.0, ""xlai"": 4.078756332397461, ""totir"": 0.0, ""tofer"": NaN, ""swfac"": 0.0, ""nstres"": 0.0463491678237915}",0.0,0.0463491678237915,7235.433349609375,0.0,4.078756332397461,0.0,,0.0,0.0,0.0,150.0,31.8050537109375,31.8050537109375,Leave_One_experiments/all_year_offline_schedule_search/daily_outputs/HLA/HLA_2022_HLA2022_normal_grid_S0010_daily.csv
HLA,HLA,Hailun,2022,Leave_One_experiments\wth_generated_qc\HLA\HLA2022.WTH,normal_year;nitrogen_stress_year;low_response_year,normal,HLA2022_normal_grid_S0010,low_input_within_10pct_yield,2022-07-23,204,85,80,"{""sim_day"": 85.0, ""doy"": 204.0, ""topwt"": 7437.777099609375, ""grnwt"": 0.0, ""xlai"": 4.102193355560303, ""totir"": 0.0, ""tofer"": NaN, ""swfac"": 0.0, ""nstres"": 0.0511965751647949}",0.0,0.0511965751647949,7437.777099609375,0.0,4.102193355560303,0.0,,0.0,0.0,0.0,150.0,31.8050537109375,31.8050537109375,Leave_One_experiments/all_year_offline_schedule_search/daily_outputs/HLA/HLA_2022_HLA2022_normal_grid_S0010_daily.csv
HLA,HLA,Hailun,2022,Leave_One_experiments\wth_generated_qc\HLA\HLA2022.WTH,normal_year;nitrogen_stress_year;low_response_year,normal,HLA2022_normal_grid_S0010,low_input_within_10pct_yield,2022-07-24,205,86,81,"{""sim_day"": 86.0, ""doy"": 205.0, ""topwt"": 7768.26904296875, ""grnwt"": 0.0, ""xlai"": 4.036478042602539, ""totir"": 0.0, ""tofer"": NaN, ""swfac"": 0.0, ""nstres"": 0.0551003217697143}",0.0,0.0551003217697143,7768.26904296875,0.0,4.036478042602539,0.0,,0.0,0.0,0.0,150.0,31.8050537109375,31.8050537109375,Leave_One_experiments/all_year_offline_schedule_search/daily_outputs/HLA/HLA_2022_HLA2022_normal_grid_S0010_daily.csv
HLA,HLA,Hailun,2022,Leave_One_experiments\wth_generated_qc\HLA\HLA2022.WTH,normal_year;nitrogen_stress_year;low_response_year,normal,HLA2022_normal_grid_S0010,low_input_within_10pct_yield,2022-07-25,206,87,82,"{""sim_day"": 87.0, ""doy"": 206.0, ""topwt"": 8153.94287109375, ""grnwt"": 0.0, ""xlai"": 4.009777069091797, ""totir"": 0.0, ""tofer"": NaN, ""swfac"": 0.0, ""nstres"": 0.0529204010963439}",0.0,0.0529204010963439,8153.94287109375,0.0,4.009777069091797,0.0,,0.0,0.0,0.0,150.0,31.8050537109375,31.8050537109375,Leave_One_experiments/all_year_offline_schedule_search/daily_outputs/HLA/HLA_2022_HLA2022_normal_grid_S0010_daily.csv
HLA,HLA,Hailun,2022,Leave_One_experiments\wth_generated_qc\HLA\HLA2022.WTH,normal_year;nitrogen_stress_year;low_response_year,normal,HLA2022_normal_grid_S0010,low_input_within_10pct_yield,2022-07-26,207,88,83,"{""sim_day"": 88.0, ""doy"": 207.0, ""topwt"": 8533.367309570312, ""grnwt"": 0.0, ""xlai"": 3.98440146446228, ""totir"": 0.0, ""tofer"": NaN, ""swfac"": 0.0, ""nstres"": 0.0506269931793212}",0.0,0.0506269931793212,8533.367309570312,0.0,3.98440146446228,0.0,,0.0,0.0,0.0,150.0,31.8050537109375,31.8050537109375,Leave_One_experiments/all_year_offline_schedule_search/daily_outputs/HLA/HLA_2022_HLA2022_normal_grid_S0010_daily.csv
HLA,HLA,Hailun,2022,Leave_One_experiments\wth_generated_qc\HLA\HLA2022.WTH,normal_year;nitrogen_stress_year;low_response_year,normal,HLA2022_normal_grid_S0010,low_input_within_10pct_yield,2022-07-27,208,89,84,"{""sim_day"": 89.0, ""doy"": 208.0, ""topwt"": 8739.947509765625, ""grnwt"": 0.0, ""xlai"": 3.9602975845336914, ""totir"": 0.0, ""tofer"": NaN, ""swfac"": 0.0, ""nstres"": 0.048395812511444}",0.0,0.048395812511444,8739.947509765625,0.0,3.9602975845336914,0.0,,0.0,0.0,0.0,150.0,31.8050537109375,31.8050537109375,Leave_One_experiments/all_year_offline_schedule_search/daily_outputs/HLA/HLA_2022_HLA2022_normal_grid_S0010_daily.csv
HLA,HLA,Hailun,2022,Leave_One_experiments\wth_generated_qc\HLA\HLA2022.WTH,normal_year;nitrogen_stress_year;low_response_year,normal,HLA2022_normal_grid_S0010,low_input_within_10pct_yield,2022-07-28,209,90,85,"{""sim_day"": 90.0, ""doy"": 209.0, ""topwt"": 8793.4228515625, ""grnwt"": 0.0, ""xlai"": 3.937097549438477, ""totir"": 0.0, ""tofer"": NaN, ""swfac"": 0.0, ""nstres"": 0.0468646883964538}",0.0,0.0468646883964538,8793.4228515625,0.0,3.937097549438477,0.0,,0.0,0.0,0.0,150.0,31.8050537109375,31.8050537109375,Leave_One_experiments/all_year_offline_schedule_search/daily_outputs/HLA/HLA_2022_HLA2022_normal_grid_S0010_daily.csv
HLA,HLA,Hailun,2022,Leave_One_experiments\wth_generated_qc\HLA\HLA2022.WTH,normal_year;nitrogen_stress_year;low_response_year,normal,HLA2022_normal_grid_S0010,low_input_within_10pct_yield,2022-07-29,210,91,86,"{""sim_day"": 91.0, ""doy"": 210.0, ""topwt"": 9077.066040039062, ""grnwt"": 0.0, ""xlai"": 3.917828321456909, ""totir"": 0.0, ""tofer"": NaN, ""swfac"": 0.0, ""nstres"": 0.0391542315483093}",0.0,0.0391542315483093,9077.066040039062,0.0,3.917828321456909,0.0,,0.0,0.0,0.0,150.0,31.8050537109375,31.8050537109375,Leave_One_experiments/all_year_offline_schedule_search/daily_outputs/HLA/HLA_2022_HLA2022_normal_grid_S0010_daily.csv
HLA,HLA,Hailun,2022,Leave_One_experiments\wth_generated_qc\HLA\HLA2022.WTH,normal_year;nitrogen_stress_year;low_response_year,normal,HLA2022_normal_grid_S0010,low_input_within_10pct_yield,2022-07-30,211,92,87,"{""sim_day"": 92.0, ""doy"": 211.0, ""topwt"": 9383.619384765623, ""grnwt"": 0.0, ""xlai"": 3.905192852020264, ""totir"": 0.0, ""tofer"": NaN, ""swfac"": 0.0, ""nstres"": 0.0257999897003173}",0.0,0.0257999897003173,9383.619384765623,0.0,3.905192852020264,0.0,,0.0,0.0,0.0,150.0,31.8050537109375,31.8050537109375,Leave_One_experiments/all_year_offline_schedule_search/daily_outputs/HLA/HLA_2022_HLA2022_normal_grid_S0010_daily.csv
HLA,HLA,Hailun,2022,Leave_One_experiments\wth_generated_qc\HLA\HLA2022.WTH,normal_year;nitrogen_stress_year;low_response_year,normal,HLA2022_normal_grid_S0010,low_input_within_10pct_yield,2022-07-31,212,93,88,"{""sim_day"": 93.0, ""doy"": 212.0, ""topwt"": 9744.979248046877, ""grnwt"": 0.0, ""xlai"": 3.896678924560547, ""totir"": 0.0, ""tofer"": NaN, ""swfac"": 0.0, ""nstres"": 0.0174415111541748}",0.0,0.0174415111541748,9744.979248046877,0.0,3.896678924560547,0.0,,0.0,0.0,0.0,150.0,31.8050537109375,31.8050537109375,Leave_One_experiments/all_year_offline_schedule_search/daily_outputs/HLA/HLA_2022_HLA2022_normal_grid_S0010_daily.csv
HLA,HLA,Hailun,2022,Leave_One_experiments\wth_generated_qc\HLA\HLA2022.WTH,normal_year;nitrogen_stress_year;low_response_year,normal,HLA2022_normal_grid_S0010,low_input_within_10pct_yield,2022-08-01,213,94,89,"{""sim_day"": 94.0, ""doy"": 213.0, ""topwt"": 9965.784912109377, ""grnwt"": 0.0, ""xlai"": 3.893662691116333, ""totir"": 0.0, ""tofer"": NaN, ""swfac"": 0.0, ""nstres"": 0.0061681270599365}",0.0,0.0061681270599365,9965.784912109377,0.0,3.893662691116333,0.0,,0.0,0.0,0.0,150.0,31.8050537109375,31.8050537109375,Leave_One_experiments/all_year_offline_schedule_search/daily_outputs/HLA/HLA_2022_HLA2022_normal_grid_S0010_daily.csv
HLA,HLA,Hailun,2022,Leave_One_experiments\wth_generated_qc\HLA\HLA2022.WTH,normal_year;nitrogen_stress_year;low_response_year,normal,HLA2022_normal_grid_S0010,low_input_within_10pct_yield,2022-08-02,214,95,90,"{""sim_day"": 95.0, ""doy"": 214.0, ""topwt"": 10339.093017578123, ""grnwt"": 0.0, ""xlai"": 3.8746416568756095, ""totir"": 0.0, ""tofer"": NaN, ""swfac"": 0.0, ""nstres"": 0.0}",0.0,0.0,10339.093017578123,0.0,3.8746416568756095,0.0,,0.0,0.0,0.0,150.0,31.8050537109375,31.8050537109375,Leave_One_experiments/all_year_offline_schedule_search/daily_outputs/HLA/HLA_2022_HLA2022_normal_grid_S0010_daily.csv
HLA,HLA,Hailun,2022,Leave_One_experiments\wth_generated_qc\HLA\HLA2022.WTH,normal_year;nitrogen_stress_year;low_response_year,normal,HLA2022_normal_grid_S0010,low_input_within_10pct_yield,2022-08-03,215,96,91,"{""sim_day"": 96.0, ""doy"": 215.0, ""topwt"": 10500.98388671875, ""grnwt"": 161.8916893005371, ""xlai"": 3.7792699337005615, ""totir"": 0.0, ""tofer"": NaN, ""swfac"": 0.0, ""nstres"": 0.0}",0.0,0.0,10500.98388671875,161.8916893005371,3.7792699337005615,0.0,,0.0,0.0,0.0,150.0,31.8050537109375,31.8050537109375,Leave_One_experiments/all_year_offline_schedule_search/daily_outputs/HLA/HLA_2022_HLA2022_normal_grid_S0010_daily.csv
HLA,HLA,Hailun,2022,Leave_One_experiments\wth_generated_qc\HLA\HLA2022.WTH,normal_year;nitrogen_stress_year;low_response_year,normal,HLA2022_normal_grid_S0010,low_input_within_10pct_yield,2022-08-04,216,97,92,"{""sim_day"": 97.0, ""doy"": 216.0, ""topwt"": 10662.8759765625, ""grnwt"": 323.7833786010742, ""xlai"": 3.7649447917938232, ""totir"": 0.0, ""tofer"": NaN, ""swfac"": 0.0, ""nstres"": 0.0}",0.0,0.0,10662.8759765625,323.7833786010742,3.7649447917938232,0.0,,0.0,0.0,0.0,150.0,31.8050537109375,31.8050537109375,Leave_One_experiments/all_year_offline_schedule_search/daily_outputs/HLA/HLA_2022_HLA2022_normal_grid_S0010_daily.csv
HLA,HLA,Hailun,2022,Leave_One_experiments\wth_generated_qc\HLA\HLA2022.WTH,normal_year;nitrogen_stress_year;low_response_year,normal,HLA2022_normal_grid_S0010,low_input_within_10pct_yield,2022-08-05,217,98,93,"{""sim_day"": 98.0, ""doy"": 217.0, ""topwt"": 10824.76806640625, ""grnwt"": 485.675048828125, ""xlai"": 3.7489514350891113, ""totir"": 0.0, ""tofer"": NaN, ""swfac"": 0.0, ""nstres"": 0.0}",0.0,0.0,10824.76806640625,485.675048828125,3.7489514350891113,0.0,,0.0,0.0,0.0,150.0,31.8050537109375,31.8050537109375,Leave_One_experiments/all_year_offline_schedule_search/daily_outputs/HLA/HLA_2022_HLA2022_normal_grid_S0010_daily.csv
HLA,HLA,Hailun,2022,Leave_One_experiments\wth_generated_qc\HLA\HLA2022.WTH,normal_year;nitrogen_stress_year;low_response_year,normal,HLA2022_normal_grid_S0010,low_input_within_10pct_yield,2022-08-06,218,99,94,"{""sim_day"": 99.0, ""doy"": 218.0, ""topwt"": 10986.658935546877, ""grnwt"": 647.5667572021484, ""xlai"": 3.732445955276489, ""totir"": 0.0, ""tofer"": NaN, ""swfac"": 0.0, ""nstres"": 0.0}",0.0,0.0,10986.658935546877,647.5667572021484,3.732445955276489,0.0,,0.0,0.0,0.0,150.0,31.8050537109375,31.8050537109375,Leave_One_experiments/all_year_offline_schedule_search/daily_outputs/HLA/HLA_2022_HLA2022_normal_grid_S0010_daily.csv
HLA,HLA,Hailun,2022,Leave_One_experiments\wth_generated_qc\HLA\HLA2022.WTH,normal_year;nitrogen_stress_year;low_response_year,normal,HLA2022_normal_grid_S0010,low_input_within_10pct_yield,2022-08-07,219,100,95,"{""sim_day"": 100.0, ""doy"": 219.0, ""topwt"": 11148.5498046875, ""grnwt"": 809.4584655761719, ""xlai"": 3.7176225185394287, ""totir"": 0.0, ""tofer"": NaN, ""swfac"": 0.0, ""nstres"": 0.0}",0.0,0.0,11148.5498046875,809.4584655761719,3.7176225185394287,0.0,,0.0,0.0,0.0,150.0,31.8050537109375,31.8050537109375,Leave_One_experiments/all_year_offline_schedule_search/daily_outputs/HLA/HLA_2022_HLA2022_normal_grid_S0010_daily.csv
HLA,HLA,Hailun,2022,Leave_One_experiments\wth_generated_qc\HLA\HLA2022.WTH,normal_year;nitrogen_stress_year;low_response_year,normal,HLA2022_normal_grid_S0010,low_input_within_10pct_yield,2022-08-08,220,101,96,"{""sim_day"": 101.0, ""doy"": 220.0, ""topwt"": 11310.44189453125, ""grnwt"": 971.35009765625, ""xlai"": 3.701143980026245, ""totir"": 0.0, ""tofer"": NaN, ""swfac"": 0.0, ""nstres"": 0.0}",0.0,0.0,11310.44189453125,971.35009765625,3.701143980026245,0.0,,0.0,0.0,0.0,150.0,31.8050537109375,31.8050537109375,Leave_One_experiments/all_year_offline_schedule_search/daily_outputs/HLA/HLA_2022_HLA2022_normal_grid_S0010_daily.csv
HLA,HLA,Hailun,2022,Leave_One_experiments\wth_generated_qc\HLA\HLA2022.WTH,normal_year;nitrogen_stress_year;low_response_year,normal,HLA2022_normal_grid_S0010,low_input_within_10pct_yield,2022-08-09,221,102,97,"{""sim_day"": 102.0, ""doy"": 221.0, ""topwt"": 11472.333984375, ""grnwt"": 1133.241729736328, ""xlai"": 3.684692859649658, ""totir"": 0.0, ""tofer"": NaN, ""swfac"": 0.0, ""nstres"": 0.0059598088264465}",0.0,0.0059598088264465,11472.333984375,1133.241729736328,3.684692859649658,0.0,,0.0,0.0,0.0,150.0,31.8050537109375,31.8050537109375,Leave_One_experiments/all_year_offline_schedule_search/daily_outputs/HLA/HLA_2022_HLA2022_normal_grid_S0010_daily.csv
HLA,HLA,Hailun,2022,Leave_One_experiments\wth_generated_qc\HLA\HLA2022.WTH,normal_year;nitrogen_stress_year;low_response_year,normal,HLA2022_normal_grid_S0010,low_input_within_10pct_yield,2022-08-10,222,103,98,"{""sim_day"": 103.0, ""doy"": 222.0, ""topwt"": 11634.22607421875, ""grnwt"": 1295.1333618164062, ""xlai"": 3.665461540222168, ""totir"": 0.0, ""tofer"": NaN, ""swfac"": 0.0, ""nstres"": 0.0117800831794738}",0.0,0.0117800831794738,11634.22607421875,1295.1333618164062,3.665461540222168,0.0,,0.0,0.0,0.0,150.0,31.8050537109375,31.8050537109375,Leave_One_experiments/all_year_offline_schedule_search/daily_outputs/HLA/HLA_2022_HLA2022_normal_grid_S0010_daily.csv
HLA,HLA,Hailun,2022,Leave_One_experiments\wth_generated_qc\HLA\HLA2022.WTH,normal_year;nitrogen_stress_year;low_response_year,normal,HLA2022_normal_grid_S0010,low_input_within_10pct_yield,2022-08-11,223,104,99,"{""sim_day"": 104.0, ""doy"": 223.0, ""topwt"": 11796.116943359377, ""grnwt"": 1457.0249938964844, ""xlai"": 3.645559310913086, ""totir"": 0.0, ""tofer"": NaN, ""swfac"": 0.0, ""nstres"": 0.0181611776351928}",0.0,0.0181611776351928,11796.116943359377,1457.0249938964844,3.645559310913086,0.0,,0.0,0.0,0.0,150.0,31.8050537109375,31.8050537109375,Leave_One_experiments/all_year_offline_schedule_search/daily_outputs/HLA/HLA_2022_HLA2022_normal_grid_S0010_daily.csv
HLA,HLA,Hailun,2022,Leave_One_experiments\wth_generated_qc\HLA\HLA2022.WTH,normal_year;nitrogen_stress_year;low_response_year,normal,HLA2022_normal_grid_S0010,low_input_within_10pct_yield,2022-08-12,224,105,100,"{""sim_day"": 105.0, ""doy"": 224.0, ""topwt"": 11958.009033203123, ""grnwt"": 1618.9166259765625, ""xlai"": 3.622878074645996, ""totir"": 0.0, ""tofer"": NaN, ""swfac"": 0.0, ""nstres"": 0.0242990255355834}",0.0,0.0242990255355834,11958.009033203123,1618.9166259765625,3.622878074645996,0.0,,0.0,0.0,0.0,150.0,31.8050537109375,31.8050537109375,Leave_One_experiments/all_year_offline_schedule_search/daily_outputs/HLA/HLA_2022_HLA2022_normal_grid_S0010_daily.csv
HLA,HLA,Hailun,2022,Leave_One_experiments\wth_generated_qc\HLA\HLA2022.WTH,normal_year;nitrogen_stress_year;low_response_year,normal,HLA2022_normal_grid_S0010,low_input_within_10pct_yield,2022-08-13,225,106,101,"{""sim_day"": 106.0, ""doy"": 225.0, ""topwt"": 12119.89990234375, ""grnwt"": 1780.8084106445312, ""xlai"": 3.5981311798095703, ""totir"": 0.0, ""tofer"": NaN, ""swfac"": 0.0, ""nstres"": 0.0306044816970825}",0.0,0.0306044816970825,12119.89990234375,1780.8084106445312,3.5981311798095703,0.0,,0.0,0.0,0.0,150.0,31.8050537109375,31.8050537109375,Leave_One_experiments/all_year_offline_schedule_search/daily_outputs/HLA/HLA_2022_HLA2022_normal_grid_S0010_daily.csv
HLA,HLA,Hailun,2022,Leave_One_experiments\wth_generated_qc\HLA\HLA2022.WTH,normal_year;nitrogen_stress_year;low_response_year,normal,HLA2022_normal_grid_S0010,low_input_within_10pct_yield,2022-08-14,226,107,102,"{""sim_day"": 107.0, ""doy"": 226.0, ""topwt"": 12281.7919921875, ""grnwt"": 1942.7001953125, ""xlai"": 3.564045190811157, ""totir"": 0.0, ""tofer"": NaN, ""swfac"": 0.0, ""nstres"": 0.0350087285041809}",0.0,0.0350087285041809,12281.7919921875,1942.7001953125,3.564045190811157,0.0,,0.0,0.0,0.0,150.0,31.8050537109375,31.8050537109375,Leave_One_experiments/all_year_offline_schedule_search/daily_outputs/HLA/HLA_2022_HLA2022_normal_grid_S0010_daily.csv
HLA,HLA,Hailun,2022,Leave_One_experiments\wth_generated_qc\HLA\HLA2022.WTH,normal_year;nitrogen_stress_year;low_response_year,normal,HLA2022_normal_grid_S0010,low_input_within_10pct_yield,2022-08-15,227,108,103,"{""sim_day"": 108.0, ""doy"": 227.0, ""topwt"": 12443.682861328123, ""grnwt"": 2104.5919799804688, ""xlai"": 3.531751871109009, ""totir"": 0.0, ""tofer"": NaN, ""swfac"": 0.0, ""nstres"": 0.0410376787185668}",0.0,0.0410376787185668,12443.682861328123,2104.5919799804688,3.531751871109009,0.0,,0.0,0.0,0.0,150.0,31.8050537109375,31.8050537109375,Leave_One_experiments/all_year_offline_schedule_search/daily_outputs/HLA/HLA_2022_HLA2022_normal_grid_S0010_daily.csv
HLA,HLA,Hailun,2022,Leave_One_experiments\wth_generated_qc\HLA\HLA2022.WTH,normal_year;nitrogen_stress_year;low_response_year,normal,HLA2022_normal_grid_S0010,low_input_within_10pct_yield,2022-08-16,228,109,104,"{""sim_day"": 109.0, ""doy"": 228.0, ""topwt"": 12605.574951171877, ""grnwt"": 2266.483764648437, ""xlai"": 3.487206220626831, ""totir"": 0.0, ""tofer"": NaN, ""swfac"": 0.0, ""nstres"": 0.0450350642204284}",0.0,0.0450350642204284,12605.574951171877,2266.483764648437,3.487206220626831,0.0,,0.0,0.0,0.0,150.0,31.8050537109375,31.8050537109375,Leave_One_experiments/all_year_offline_schedule_search/daily_outputs/HLA/HLA_2022_HLA2022_normal_grid_S0010_daily.csv
HLA,HLA,Hailun,2022,Leave_One_experiments\wth_generated_qc\HLA\HLA2022.WTH,normal_year;nitrogen_stress_year;low_response_year,normal,HLA2022_normal_grid_S0010,low_input_within_10pct_yield,2022-08-17,229,110,105,"{""sim_day"": 110.0, ""doy"": 229.0, ""topwt"": 12767.467041015623, ""grnwt"": 2428.375396728516, ""xlai"": 3.4413740634918213, ""totir"": 0.0, ""tofer"": NaN, ""swfac"": 0.0, ""nstres"": 0.0500224828720092}",0.0,0.0500224828720092,12767.467041015623,2428.375396728516,3.4413740634918213,0.0,,0.0,0.0,0.0,150.0,31.8050537109375,31.8050537109375,Leave_One_experiments/all_year_offline_schedule_search/daily_outputs/HLA/HLA_2022_HLA2022_normal_grid_S0010_daily.csv
HLA,HLA,Hailun,2022,Leave_One_experiments\wth_generated_qc\HLA\HLA2022.WTH,normal_year;nitrogen_stress_year;low_response_year,normal,HLA2022_normal_grid_S0010,low_input_within_10pct_yield,2022-08-18,230,111,106,"{""sim_day"": 111.0, ""doy"": 230.0, ""topwt"": 12929.35791015625, ""grnwt"": 2590.267333984375, ""xlai"": 3.4039206504821777, ""totir"": 0.0, ""tofer"": NaN, ""swfac"": 0.0, ""nstres"": 0.0577766895294189}",0.0,0.0577766895294189,12929.35791015625,2590.267333984375,3.4039206504821777,0.0,,0.0,0.0,0.0,150.0,31.8050537109375,31.8050537109375,Leave_One_experiments/all_year_offline_schedule_search/daily_outputs/HLA/HLA_2022_HLA2022_normal_grid_S0010_daily.csv
HLA,HLA,Hailun,2022,Leave_One_experiments\wth_generated_qc\HLA\HLA2022.WTH,normal_year;nitrogen_stress_year;low_response_year,normal,HLA2022_normal_grid_S0010,low_input_within_10pct_yield,2022-08-19,231,112,107,"{""sim_day"": 112.0, ""doy"": 231.0, ""topwt"": 13091.248779296877, ""grnwt"": 2752.1588134765625, ""xlai"": 3.372523069381714, ""totir"": 0.0, ""tofer"": NaN, ""swfac"": 0.0, ""nstres"": 0.0671874284744262}",0.0,0.0671874284744262,13091.248779296877,2752.1588134765625,3.372523069381714,0.0,,0.0,0.0,0.0,150.0,31.8050537109375,31.8050537109375,Leave_One_experiments/all_year_offline_schedule_search/daily_outputs/HLA/HLA_2022_HLA2022_normal_grid_S0010_daily.csv
HLA,HLA,Hailun,2022,Leave_One_experiments\wth_generated_qc\HLA\HLA2022.WTH,normal_year;nitrogen_stress_year;low_response_year,normal,HLA2022_normal_grid_S0010,low_input_within_10pct_yield,2022-08-20,232,113,108,"{""sim_day"": 113.0, ""doy"": 232.0, ""topwt"": 13253.1396484375, ""grnwt"": 2914.0505981445312, ""xlai"": 3.3372623920440674, ""totir"": 0.0, ""tofer"": NaN, ""swfac"": 0.0, ""nstres"": 0.0762873888015747}",0.0,0.0762873888015747,13253.1396484375,2914.0505981445312,3.3372623920440674,0.0,,0.0,0.0,0.0,150.0,31.8050537109375,31.8050537109375,Leave_One_experiments/all_year_offline_schedule_search/daily_outputs/HLA/HLA_2022_HLA2022_normal_grid_S0010_daily.csv
HLA,HLA,Hailun,2022,Leave_One_experiments\wth_generated_qc\HLA\HLA2022.WTH,normal_year;nitrogen_stress_year;low_response_year,normal,HLA2022_normal_grid_S0010,low_input_within_10pct_yield,2022-08-21,233,114,109,"{""sim_day"": 114.0, ""doy"": 233.0, ""topwt"": 13352.862548828123, ""grnwt"": 3052.0440673828125, ""xlai"": 3.300769805908203, ""totir"": 0.0, ""tofer"": NaN, ""swfac"": 0.0, ""nstres"": 0.0874793529510498}",0.0,0.0874793529510498,13352.862548828123,3052.0440673828125,3.300769805908203,0.0,,0.0,0.0,0.0,150.0,31.8050537109375,31.8050537109375,Leave_One_experiments/all_year_offline_schedule_search/daily_outputs/HLA/HLA_2022_HLA2022_normal_grid_S0010_daily.csv
HLA,HLA,Hailun,2022,Leave_One_experiments\wth_generated_qc\HLA\HLA2022.WTH,normal_year;nitrogen_stress_year;low_response_year,normal,HLA2022_normal_grid_S0010,low_input_within_10pct_yield,2022-08-22,234,115,110,"{""sim_day"": 115.0, ""doy"": 234.0, ""topwt"": 13541.46240234375, ""grnwt"": 3202.371826171875, ""xlai"": 3.261248111724853, ""totir"": 0.0, ""tofer"": NaN, ""swfac"": 0.0, ""nstres"": 0.0957875251770019}",0.0,0.0957875251770019,13541.46240234375,3202.371826171875,3.261248111724853,0.0,,0.0,0.0,0.0,150.0,31.8050537109375,31.8050537109375,Leave_One_experiments/all_year_offline_schedule_search/daily_outputs/HLA/HLA_2022_HLA2022_normal_grid_S0010_daily.csv
HLA,HLA,Hailun,2022,Leave_One_experiments\wth_generated_qc\HLA\HLA2022.WTH,normal_year;nitrogen_stress_year;low_response_year,normal,HLA2022_normal_grid_S0010,low_input_within_10pct_yield,2022-08-23,235,116,111,"{""sim_day"": 116.0, ""doy"": 235.0, ""topwt"": 13703.3544921875, ""grnwt"": 3364.263610839844, ""xlai"": 3.219679117202759, ""totir"": 0.0, ""tofer"": NaN, ""swfac"": 0.0, ""nstres"": 0.1019703149795532}",0.0,0.1019703149795532,13703.3544921875,3364.263610839844,3.219679117202759,0.0,,0.0,0.0,0.0,150.0,31.8050537109375,31.8050537109375,Leave_One_experiments/all_year_offline_schedule_search/daily_outputs/HLA/HLA_2022_HLA2022_normal_grid_S0010_daily.csv
HLA,HLA,Hailun,2022,Leave_One_experiments\wth_generated_qc\HLA\HLA2022.WTH,normal_year;nitrogen_stress_year;low_response_year,normal,HLA2022_normal_grid_S0010,low_input_within_10pct_yield,2022-08-24,236,117,112,"{""sim_day"": 117.0, ""doy"": 236.0, ""topwt"": 13865.24658203125, ""grnwt"": 3526.1550903320312, ""xlai"": 3.173511505126953, ""totir"": 0.0, ""tofer"": NaN, ""swfac"": 0.0, ""nstres"": 0.1147141456604003}",0.0,0.1147141456604003,13865.24658203125,3526.1550903320312,3.173511505126953,0.0,,0.0,0.0,0.0,150.0,31.8050537109375,31.8050537109375,Leave_One_experiments/all_year_offline_schedule_search/daily_outputs/HLA/HLA_2022_HLA2022_normal_grid_S0010_daily.csv
HLA,HLA,Hailun,2022,Leave_One_experiments\wth_generated_qc\HLA\HLA2022.WTH,normal_year;nitrogen_stress_year;low_response_year,normal,HLA2022_normal_grid_S0010,low_input_within_10pct_yield,2022-08-25,237,118,113,"{""sim_day"": 118.0, ""doy"": 237.0, ""topwt"": 13996.30126953125, ""grnwt"": 3657.210083007813, ""xlai"": 3.123455047607422, ""totir"": 0.0, ""tofer"": NaN, ""swfac"": 0.0, ""nstres"": 0.1261850595474243}",0.0,0.1261850595474243,13996.30126953125,3657.210083007813,3.123455047607422,0.0,,0.0,0.0,0.0,150.0,31.8050537109375,31.8050537109375,Leave_One_experiments/all_year_offline_schedule_search/daily_outputs/HLA/HLA_2022_HLA2022_normal_grid_S0010_daily.csv
HLA,HLA,Hailun,2022,Leave_One_experiments\wth_generated_qc\HLA\HLA2022.WTH,normal_year;nitrogen_stress_year;low_response_year,normal,HLA2022_normal_grid_S0010,low_input_within_10pct_yield,2022-08-26,238,119,114,"{""sim_day"": 119.0, ""doy"": 238.0, ""topwt"": 14132.752685546877, ""grnwt"": 3793.6618041992183, ""xlai"": 3.0708940029144287, ""totir"": 0.0, ""tofer"": NaN, ""swfac"": 0.0, ""nstres"": 0.1346222162246704}",0.0,0.1346222162246704,14132.752685546877,3793.6618041992183,3.0708940029144287,0.0,,0.0,0.0,0.0,150.0,31.8050537109375,31.8050537109375,Leave_One_experiments/all_year_offline_schedule_search/daily_outputs/HLA/HLA_2022_HLA2022_normal_grid_S0010_daily.csv
HLA,HLA,Hailun,2022,Leave_One_experiments\wth_generated_qc\HLA\HLA2022.WTH,normal_year;nitrogen_stress_year;low_response_year,normal,HLA2022_normal_grid_S0010,low_input_within_10pct_yield,2022-08-27,239,120,115,"{""sim_day"": 120.0, ""doy"": 239.0, ""topwt"": 14294.6435546875, ""grnwt"": 3955.553588867188, ""xlai"": 3.016500949859619, ""totir"": 0.0, ""tofer"": NaN, ""swfac"": 0.0, ""nstres"": 0.1416994333267212}",0.0,0.1416994333267212,14294.6435546875,3955.553588867188,3.016500949859619,0.0,,0.0,0.0,0.0,150.0,31.8050537109375,31.8050537109375,Leave_One_experiments/all_year_offline_schedule_search/daily_outputs/HLA/HLA_2022_HLA2022_normal_grid_S0010_daily.csv
HLA,HLA,Hailun,2022,Leave_One_experiments\wth_generated_qc\HLA\HLA2022.WTH,normal_year;nitrogen_stress_year;low_response_year,normal,HLA2022_normal_grid_S0010,low_input_within_10pct_yield,2022-08-28,240,121,116,"{""sim_day"": 121.0, ""doy"": 240.0, ""topwt"": 14456.536865234377, ""grnwt"": 4117.445068359375, ""xlai"": 2.959579944610596, ""totir"": 0.0, ""tofer"": NaN, ""swfac"": 0.0, ""nstres"": 0.1509590148925781}",0.0,0.1509590148925781,14456.536865234377,4117.445068359375,2.959579944610596,0.0,,0.0,0.0,0.0,150.0,31.8050537109375,31.8050537109375,Leave_One_experiments/all_year_offline_schedule_search/daily_outputs/HLA/HLA_2022_HLA2022_normal_grid_S0010_daily.csv
HLA,HLA,Hailun,2022,Leave_One_experiments\wth_generated_qc\HLA\HLA2022.WTH,normal_year;nitrogen_stress_year;low_response_year,normal,HLA2022_normal_grid_S0010,low_input_within_10pct_yield,2022-08-29,241,122,117,"{""sim_day"": 122.0, ""doy"": 241.0, ""topwt"": 14618.43017578125, ""grnwt"": 4279.3365478515625, ""xlai"": 2.89990782737732, ""totir"": 0.0, ""tofer"": NaN, ""swfac"": 0.0, ""nstres"": 0.1612992286682129}",0.0,0.1612992286682129,14618.43017578125,4279.3365478515625,2.89990782737732,0.0,,0.0,0.0,0.0,150.0,31.8050537109375,31.8050537109375,Leave_One_experiments/all_year_offline_schedule_search/daily_outputs/HLA/HLA_2022_HLA2022_normal_grid_S0010_daily.csv
HLA,HLA,Hailun,2022,Leave_One_experiments\wth_generated_qc\HLA\HLA2022.WTH,normal_year;nitrogen_stress_year;low_response_year,normal,HLA2022_normal_grid_S0010,low_input_within_10pct_yield,2022-08-30,242,123,118,"{""sim_day"": 123.0, ""doy"": 242.0, ""topwt"": 14780.321044921877, ""grnwt"": 4441.22802734375, ""xlai"": 2.838051080703736, ""totir"": 0.0, ""tofer"": NaN, ""swfac"": 0.0, ""nstres"": 0.1706443428993225}",0.0,0.1706443428993225,14780.321044921877,4441.22802734375,2.838051080703736,0.0,,0.0,0.0,0.0,150.0,31.8050537109375,31.8050537109375,Leave_One_experiments/all_year_offline_schedule_search/daily_outputs/HLA/HLA_2022_HLA2022_normal_grid_S0010_daily.csv
HLA,HLA,Hailun,2022,Leave_One_experiments\wth_generated_qc\HLA\HLA2022.WTH,normal_year;nitrogen_stress_year;low_response_year,normal,HLA2022_normal_grid_S0010,low_input_within_10pct_yield,2022-08-31,243,124,119,"{""sim_day"": 124.0, ""doy"": 243.0, ""topwt"": 14903.6669921875, ""grnwt"": 4564.573974609375, ""xlai"": 2.773322105407715, ""totir"": 0.0, ""tofer"": NaN, ""swfac"": 0.0, ""nstres"": 0.1824603080749511}",0.0,0.1824603080749511,14903.6669921875,4564.573974609375,2.773322105407715,0.0,,0.0,0.0,0.0,150.0,31.8050537109375,31.8050537109375,Leave_One_experiments/all_year_offline_schedule_search/daily_outputs/HLA/HLA_2022_HLA2022_normal_grid_S0010_daily.csv
HLA,HLA,Hailun,2022,Leave_One_experiments\wth_generated_qc\HLA\HLA2022.WTH,normal_year;nitrogen_stress_year;low_response_year,normal,HLA2022_normal_grid_S0010,low_input_within_10pct_yield,2022-09-01,244,125,120,"{""sim_day"": 125.0, ""doy"": 244.0, ""topwt"": 15065.557861328123, ""grnwt"": 4726.4654541015625, ""xlai"": 2.7077925205230717, ""totir"": 0.0, ""tofer"": NaN, ""swfac"": 0.0, ""nstres"": 0.1890279650688171}",0.0,0.1890279650688171,15065.557861328123,4726.4654541015625,2.7077925205230717,0.0,,0.0,0.0,0.0,150.0,31.8050537109375,31.8050537109375,Leave_One_experiments/all_year_offline_schedule_search/daily_outputs/HLA/HLA_2022_HLA2022_normal_grid_S0010_daily.csv
HLA,HLA,Hailun,2022,Leave_One_experiments\wth_generated_qc\HLA\HLA2022.WTH,normal_year;nitrogen_stress_year;low_response_year,normal,HLA2022_normal_grid_S0010,low_input_within_10pct_yield,2022-09-02,245,126,121,"{""sim_day"": 126.0, ""doy"": 245.0, ""topwt"": 15227.451171875, ""grnwt"": 4888.357238769531, ""xlai"": 2.6407909393310547, ""totir"": 0.0, ""tofer"": NaN, ""swfac"": 0.0, ""nstres"": 0.1979517936706543}",0.0,0.1979517936706543,15227.451171875,4888.357238769531,2.6407909393310547,0.0,,0.0,0.0,0.0,150.0,31.8050537109375,31.8050537109375,Leave_One_experiments/all_year_offline_schedule_search/daily_outputs/HLA/HLA_2022_HLA2022_normal_grid_S0010_daily.csv
HLA,HLA,Hailun,2022,Leave_One_experiments\wth_generated_qc\HLA\HLA2022.WTH,normal_year;nitrogen_stress_year;low_response_year,normal,HLA2022_normal_grid_S0010,low_input_within_10pct_yield,2022-09-03,246,127,122,"{""sim_day"": 127.0, ""doy"": 246.0, ""topwt"": 15389.34326171875, ""grnwt"": 5050.248718261719, ""xlai"": 2.5723769664764404, ""totir"": 0.0, ""tofer"": NaN, ""swfac"": 0.0, ""nstres"": 0.2217569351196289}",0.0,0.2217569351196289,15389.34326171875,5050.248718261719,2.5723769664764404,0.0,,0.0,0.0,0.0,150.0,31.8050537109375,31.8050537109375,Leave_One_experiments/all_year_offline_schedule_search/daily_outputs/HLA/HLA_2022_HLA2022_normal_grid_S0010_daily.csv
HLA,HLA,Hailun,2022,Leave_One_experiments\wth_generated_qc\HLA\HLA2022.WTH,normal_year;nitrogen_stress_year;low_response_year,normal,HLA2022_normal_grid_S0010,low_input_within_10pct_yield,2022-09-04,247,128,123,"{""sim_day"": 128.0, ""doy"": 247.0, ""topwt"": 15482.476806640623, ""grnwt"": 5212.140502929688, ""xlai"": 2.5023632049560547, ""totir"": 0.0, ""tofer"": NaN, ""swfac"": 0.0, ""nstres"": 0.2532210350036621}",0.0,0.2532210350036621,15482.476806640623,5212.140502929688,2.5023632049560547,0.0,,0.0,0.0,0.0,150.0,31.8050537109375,31.8050537109375,Leave_One_experiments/all_year_offline_schedule_search/daily_outputs/HLA/HLA_2022_HLA2022_normal_grid_S0010_daily.csv
HLA,HLA,Hailun,2022,Leave_One_experiments\wth_generated_qc\HLA\HLA2022.WTH,normal_year;nitrogen_stress_year;low_response_year,normal,HLA2022_normal_grid_S0010,low_input_within_10pct_yield,2022-09-05,248,129,124,"{""sim_day"": 129.0, ""doy"": 248.0, ""topwt"": 15682.32421875, ""grnwt"": 5367.8643798828125, ""xlai"": 2.430797815322876, ""totir"": 0.0, ""tofer"": NaN, ""swfac"": 0.0, ""nstres"": 0.2863796353340149}",0.0,0.2863796353340149,15682.32421875,5367.8643798828125,2.430797815322876,0.0,,0.0,0.0,0.0,150.0,31.8050537109375,31.8050537109375,Leave_One_experiments/all_year_offline_schedule_search/daily_outputs/HLA/HLA_2022_HLA2022_normal_grid_S0010_daily.csv
HLA,HLA,Hailun,2022,Leave_One_experiments\wth_generated_qc\HLA\HLA2022.WTH,normal_year;nitrogen_stress_year;low_response_year,normal,HLA2022_normal_grid_S0010,low_input_within_10pct_yield,2022-09-06,249,130,125,"{""sim_day"": 130.0, ""doy"": 249.0, ""topwt"": 15857.28759765625, ""grnwt"": 5518.1927490234375, ""xlai"": 2.3594346046447754, ""totir"": 0.0, ""tofer"": NaN, ""swfac"": 0.0, ""nstres"": 0.3045911192893982}",0.0,0.3045911192893982,15857.28759765625,5518.1927490234375,2.3594346046447754,0.0,,0.0,0.0,0.0,150.0,31.8050537109375,31.8050537109375,Leave_One_experiments/all_year_offline_schedule_search/daily_outputs/HLA/HLA_2022_HLA2022_normal_grid_S0010_daily.csv
HLA,HLA,Hailun,2022,Leave_One_experiments\wth_generated_qc\HLA\HLA2022.WTH,normal_year;nitrogen_stress_year;low_response_year,normal,HLA2022_normal_grid_S0010,low_input_within_10pct_yield,2022-09-07,250,131,126,"{""sim_day"": 131.0, ""doy"": 250.0, ""topwt"": 16019.178466796877, ""grnwt"": 5680.084228515625, ""xlai"": 2.2868363857269287, ""totir"": 0.0, ""tofer"": NaN, ""swfac"": 0.0, ""nstres"": 0.3384637832641601}",0.0,0.3384637832641601,16019.178466796877,5680.084228515625,2.2868363857269287,0.0,,0.0,0.0,0.0,150.0,31.8050537109375,31.8050537109375,Leave_One_experiments/all_year_offline_schedule_search/daily_outputs/HLA/HLA_2022_HLA2022_normal_grid_S0010_daily.csv
HLA,HLA,Hailun,2022,Leave_One_experiments\wth_generated_qc\HLA\HLA2022.WTH,normal_year;nitrogen_stress_year;low_response_year,normal,HLA2022_normal_grid_S0010,low_input_within_10pct_yield,2022-09-08,251,132,127,"{""sim_day"": 132.0, ""doy"": 251.0, ""topwt"": 16181.0693359375, ""grnwt"": 5841.9757080078125, ""xlai"": 2.213036298751831, ""totir"": 0.0, ""tofer"": NaN, ""swfac"": 0.0, ""nstres"": 0.3745202422142029}",0.0,0.3745202422142029,16181.0693359375,5841.9757080078125,2.213036298751831,0.0,,0.0,0.0,0.0,150.0,31.8050537109375,31.8050537109375,Leave_One_experiments/all_year_offline_schedule_search/daily_outputs/HLA/HLA_2022_HLA2022_normal_grid_S0010_daily.csv
HLA,HLA,Hailun,2022,Leave_One_experiments\wth_generated_qc\HLA\HLA2022.WTH,normal_year;nitrogen_stress_year;low_response_year,normal,HLA2022_normal_grid_S0010,low_input_within_10pct_yield,2022-09-09,252,133,128,"{""sim_day"": 133.0, ""doy"": 252.0, ""topwt"": 16342.962646484377, ""grnwt"": 6003.8671875, ""xlai"": 2.138980865478516, ""totir"": 0.0, ""tofer"": NaN, ""swfac"": 0.0, ""nstres"": 0.4031177163124084}",0.0,0.4031177163124084,16342.962646484377,6003.8671875,2.138980865478516,0.0,,0.0,0.0,0.0,150.0,31.8050537109375,31.8050537109375,Leave_One_experiments/all_year_offline_schedule_search/daily_outputs/HLA/HLA_2022_HLA2022_normal_grid_S0010_daily.csv
HLA,HLA,Hailun,2022,Leave_One_experiments\wth_generated_qc\HLA\HLA2022.WTH,normal_year;nitrogen_stress_year;low_response_year,normal,HLA2022_normal_grid_S0010,low_input_within_10pct_yield,2022-09-10,253,134,129,"{""sim_day"": 134.0, ""doy"": 253.0, ""topwt"": 16497.20703125, ""grnwt"": 6165.758666992188, ""xlai"": 2.0649304389953613, ""totir"": 0.0, ""tofer"": NaN, ""swfac"": 0.0, ""nstres"": 0.4308695197105407}",0.0,0.4308695197105407,16497.20703125,6165.758666992188,2.0649304389953613,0.0,,0.0,0.0,0.0,150.0,31.8050537109375,31.8050537109375,Leave_One_experiments/all_year_offline_schedule_search/daily_outputs/HLA/HLA_2022_HLA2022_normal_grid_S0010_daily.csv
HLA,HLA,Hailun,2022,Leave_One_experiments\wth_generated_qc\HLA\HLA2022.WTH,normal_year;nitrogen_stress_year;low_response_year,normal,HLA2022_normal_grid_S0010,low_input_within_10pct_yield,2022-09-11,254,135,130,"{""sim_day"": 135.0, ""doy"": 254.0, ""topwt"": 16651.153564453125, ""grnwt"": 6327.650146484375, ""xlai"": 1.990921974182129, ""totir"": 0.0, ""tofer"": NaN, ""swfac"": 0.0, ""nstres"": 0.4601752161979675}",0.0,0.4601752161979675,16651.153564453125,6327.650146484375,1.990921974182129,0.0,,0.0,0.0,0.0,150.0,31.8050537109375,31.8050537109375,Leave_One_experiments/all_year_offline_schedule_search/daily_outputs/HLA/HLA_2022_HLA2022_normal_grid_S0010_daily.csv
HLA,HLA,Hailun,2022,Leave_One_experiments\wth_generated_qc\HLA\HLA2022.WTH,normal_year;nitrogen_stress_year;low_response_year,normal,HLA2022_normal_grid_S0010,low_input_within_10pct_yield,2022-09-12,255,136,131,"{""sim_day"": 136.0, ""doy"": 255.0, ""topwt"": 16790.863037109375, ""grnwt"": 6451.767578125, ""xlai"": 1.9167853593826292, ""totir"": 0.0, ""tofer"": NaN, ""swfac"": 0.0, ""nstres"": 0.4936965703964233}",0.0,0.4936965703964233,16790.863037109375,6451.767578125,1.9167853593826292,0.0,,0.0,0.0,0.0,150.0,31.8050537109375,31.8050537109375,Leave_One_experiments/all_year_offline_schedule_search/daily_outputs/HLA/HLA_2022_HLA2022_normal_grid_S0010_daily.csv
HLA,HLA,Hailun,2022,Leave_One_experiments\wth_generated_qc\HLA\HLA2022.WTH,normal_year;nitrogen_stress_year;low_response_year,normal,HLA2022_normal_grid_S0010,low_input_within_10pct_yield,2022-09-13,256,137,132,"{""sim_day"": 137.0, ""doy"": 256.0, ""topwt"": 16935.86669921875, ""grnwt"": 6606.72119140625, ""xlai"": 1.8436031341552732, ""totir"": 0.0, ""tofer"": NaN, ""swfac"": 0.0, ""nstres"": 0.5163120627403259}",0.0,0.5163120627403259,16935.86669921875,6606.72119140625,1.8436031341552732,0.0,,0.0,0.0,0.0,150.0,31.8050537109375,31.8050537109375,Leave_One_experiments/all_year_offline_schedule_search/daily_outputs/HLA/HLA_2022_HLA2022_normal_grid_S0010_daily.csv
HLA,HLA,Hailun,2022,Leave_One_experiments\wth_generated_qc\HLA\HLA2022.WTH,normal_year;nitrogen_stress_year;low_response_year,normal,HLA2022_normal_grid_S0010,low_input_within_10pct_yield,2022-09-14,257,138,133,"{""sim_day"": 138.0, ""doy"": 257.0, ""topwt"": 17028.78662109375, ""grnwt"": 6768.61328125, ""xlai"": 1.7706806659698486, ""totir"": 0.0, ""tofer"": NaN, ""swfac"": 0.0, ""nstres"": 0.5493025779724121}",0.0,0.5493025779724121,17028.78662109375,6768.61328125,1.7706806659698486,0.0,,0.0,0.0,0.0,150.0,31.8050537109375,31.8050537109375,Leave_One_experiments/all_year_offline_schedule_search/daily_outputs/HLA/HLA_2022_HLA2022_normal_grid_S0010_daily.csv
HLA,HLA,Hailun,2022,Leave_One_experiments\wth_generated_qc\HLA\HLA2022.WTH,normal_year;nitrogen_stress_year;low_response_year,normal,HLA2022_normal_grid_S0010,low_input_within_10pct_yield,2022-09-15,258,139,134,"{""sim_day"": 139.0, ""doy"": 258.0, ""topwt"": 17139.4921875, ""grnwt"": 6930.50537109375, ""xlai"": 1.6833237409591677, ""totir"": 0.0, ""tofer"": NaN, ""swfac"": 0.0, ""nstres"": 0.5779627859592438}",0.0,0.5779627859592438,17139.4921875,6930.50537109375,1.6833237409591677,0.0,,0.0,0.0,0.0,150.0,31.8050537109375,31.8050537109375,Leave_One_experiments/all_year_offline_schedule_search/daily_outputs/HLA/HLA_2022_HLA2022_normal_grid_S0010_daily.csv
HLA,HLA,Hailun,2022,Leave_One_experiments\wth_generated_qc\HLA\HLA2022.WTH,normal_year;nitrogen_stress_year;low_response_year,normal,HLA2022_normal_grid_S0010,low_input_within_10pct_yield,2022-09-16,259,140,135,"{""sim_day"": 140.0, ""doy"": 259.0, ""topwt"": 17139.4921875, ""grnwt"": 6930.50537109375, ""xlai"": 1.6833237409591677, ""totir"": 0.0, ""tofer"": NaN, ""swfac"": 0.0, ""nstres"": 0.5972484350204468}",0.0,0.5972484350204468,17139.4921875,6930.50537109375,1.6833237409591677,0.0,,0.0,0.0,0.0,150.0,31.8050537109375,31.8050537109375,Leave_One_experiments/all_year_offline_schedule_search/daily_outputs/HLA/HLA_2022_HLA2022_normal_grid_S0010_daily.csv
HLA,HLA,Hailun,2022,Leave_One_experiments\wth_generated_qc\HLA\HLA2022.WTH,normal_year;nitrogen_stress_year;low_response_year,normal,HLA2022_normal_grid_S0010,low_input_within_10pct_yield,2022-09-17,260,141,136,"{""sim_day"": 141.0, ""doy"": 260.0, ""topwt"": 17139.4921875, ""grnwt"": 6930.50537109375, ""xlai"": 1.6833237409591677, ""totir"": 0.0, ""tofer"": NaN, ""swfac"": 0.0, ""nstres"": 0.5972484350204468}",0.0,0.5972484350204468,17139.4921875,6930.50537109375,1.6833237409591677,0.0,,0.0,0.0,0.0,150.0,31.8050537109375,31.8050537109375,Leave_One_experiments/all_year_offline_schedule_search/daily_outputs/HLA/HLA_2022_HLA2022_normal_grid_S0010_daily.csv
HLA,HLA,Hailun,2022,Leave_One_experiments\wth_generated_qc\HLA\HLA2022.WTH,normal_year;nitrogen_stress_year;low_response_year,normal,HLA2022_normal_grid_S0010,low_input_within_10pct_yield,2022-09-18,261,142,137,"{""sim_day"": 142.0, ""doy"": 261.0, ""topwt"": 17139.4921875, ""grnwt"": 6930.50537109375, ""xlai"": 1.6833237409591677, ""totir"": 0.0, ""tofer"": NaN, ""swfac"": 0.0, ""nstres"": 0.5972484350204468}",0.0,0.5972484350204468,17139.4921875,6930.50537109375,1.6833237409591677,0.0,,0.0,0.0,0.0,150.0,31.8050537109375,31.8050537109375,Leave_One_experiments/all_year_offline_schedule_search/daily_outputs/HLA/HLA_2022_HLA2022_normal_grid_S0010_daily.csv
HLA,HLA,Hailun,2022,Leave_One_experiments\wth_generated_qc\HLA\HLA2022.WTH,normal_year;nitrogen_stress_year;low_response_year,normal,HLA2022_normal_grid_S0016,pareto_balanced,2022-05-05,125,1,1,"{""sim_day"": 1.0, ""doy"": 125.0, ""topwt"": 0.0, ""grnwt"": 0.0, ""xlai"": 0.0, ""totir"": 0.0, ""tofer"": NaN, ""swfac"": 0.0, ""nstres"": 0.0}",0.0,0.0,0.0,0.0,0.0,0.0,,0.0,50.0,70.0,150.0,-3.060717773437503,24.939282226562497,Leave_One_experiments/all_year_offline_schedule_search/daily_outputs/HLA/HLA_2022_HLA2022_normal_grid_S0016_daily.csv
HLA,HLA,Hailun,2022,Leave_One_experiments\wth_generated_qc\HLA\HLA2022.WTH,normal_year;nitrogen_stress_year;low_response_year,normal,HLA2022_normal_grid_S0016,pareto_balanced,2022-05-06,126,2,2,"{""sim_day"": 2.0, ""doy"": 126.0, ""topwt"": 0.0, ""grnwt"": 0.0, ""xlai"": 0.0, ""totir"": 0.0, ""tofer"": NaN, ""swfac"": 0.0, ""nstres"": 0.0}",0.0,0.0,0.0,0.0,0.0,0.0,,0.0,0.0,70.0,150.0,-3.060717773437503,24.939282226562497,Leave_One_experiments/all_year_offline_schedule_search/daily_outputs/HLA/HLA_2022_HLA2022_normal_grid_S0016_daily.csv
HLA,HLA,Hailun,2022,Leave_One_experiments\wth_generated_qc\HLA\HLA2022.WTH,normal_year;nitrogen_stress_year;low_response_year,normal,HLA2022_normal_grid_S0016,pareto_balanced,2022-05-07,127,3,3,"{""sim_day"": 3.0, ""doy"": 127.0, ""topwt"": 0.0, ""grnwt"": 0.0, ""xlai"": 0.0, ""totir"": 0.0, ""tofer"": NaN, ""swfac"": 0.0, ""nstres"": 0.0}",0.0,0.0,0.0,0.0,0.0,0.0,,0.0,0.0,70.0,150.0,-3.060717773437503,24.939282226562497,Leave_One_experiments/all_year_offline_schedule_search/daily_outputs/HLA/HLA_2022_HLA2022_normal_grid_S0016_daily.csv
HLA,HLA,Hailun,2022,Leave_One_experiments\wth_generated_qc\HLA\HLA2022.WTH,normal_year;nitrogen_stress_year;low_response_year,normal,HLA2022_normal_grid_S0016,pareto_balanced,2022-05-08,128,4,4,"{""sim_day"": 4.0, ""doy"": 128.0, ""topwt"": 0.0, ""grnwt"": 0.0, ""xlai"": 0.0, ""totir"": 0.0, ""tofer"": NaN, ""swfac"": 0.0, ""nstres"": 0.0}",0.0,0.0,0.0,0.0,0.0,0.0,,0.0,0.0,70.0,150.0,-3.060717773437503,24.939282226562497,Leave_One_experiments/all_year_offline_schedule_search/daily_outputs/HLA/HLA_2022_HLA2022_normal_grid_S0016_daily.csv
HLA,HLA,Hailun,2022,Leave_One_experiments\wth_generated_qc\HLA\HLA2022.WTH,normal_year;nitrogen_stress_year;low_response_year,normal,HLA2022_normal_grid_S0016,pareto_balanced,2022-05-09,129,5,5,"{""sim_day"": 5.0, ""doy"": 129.0, ""topwt"": 0.0, ""grnwt"": 0.0, ""xlai"": 0.0, ""totir"": 0.0, ""tofer"": NaN, ""swfac"": 0.0, ""nstres"": 0.0}",0.0,0.0,0.0,0.0,0.0,0.0,,0.0,0.0,70.0,150.0,-3.060717773437503,24.939282226562497,Leave_One_experiments/all_year_offline_schedule_search/daily_outputs/HLA/HLA_2022_HLA2022_normal_grid_S0016_daily.csv
HLA,HLA,Hailun,2022,Leave_One_experiments\wth_generated_qc\HLA\HLA2022.WTH,normal_year;nitrogen_stress_year;low_response_year,normal,HLA2022_normal_grid_S0016,pareto_balanced,2022-05-05,125,6,1,"{""sim_day"": 6.0, ""doy"": 125.0, ""topwt"": 0.0, ""grnwt"": 0.0, ""xlai"": 0.0, ""totir"": 0.0, ""tofer"": NaN, ""swfac"": 0.0, ""nstres"": 0.0}",0.0,0.0,0.0,0.0,0.0,0.0,,0.0,0.0,70.0,150.0,-3.060717773437503,24.939282226562497,Leave_One_experiments/all_year_offline_schedule_search/daily_outputs/HLA/HLA_2022_HLA2022_normal_grid_S0016_daily.csv
HLA,HLA,Hailun,2022,Leave_One_experiments\wth_generated_qc\HLA\HLA2022.WTH,normal_year;nitrogen_stress_year;low_response_year,normal,HLA2022_normal_grid_S0016,pareto_balanced,2022-05-06,126,7,2,"{""sim_day"": 7.0, ""doy"": 126.0, ""topwt"": 0.0, ""grnwt"": 0.0, ""xlai"": 0.0, ""totir"": 0.0, ""tofer"": NaN, ""swfac"": 0.0, ""nstres"": 0.0}",0.0,0.0,0.0,0.0,0.0,0.0,,0.0,0.0,70.0,150.0,-3.060717773437503,24.939282226562497,Leave_One_experiments/all_year_offline_schedule_search/daily_outputs/HLA/HLA_2022_HLA2022_normal_grid_S0016_daily.csv
HLA,HLA,Hailun,2022,Leave_One_experiments\wth_generated_qc\HLA\HLA2022.WTH,normal_year;nitrogen_stress_year;low_response_year,normal,HLA2022_normal_grid_S0016,pareto_balanced,2022-05-07,127,8,3,"{""sim_day"": 8.0, ""doy"": 127.0, ""topwt"": 0.0, ""grnwt"": 0.0, ""xlai"": 0.0, ""totir"": 0.0, ""tofer"": NaN, ""swfac"": 0.0, ""nstres"": 0.0}",0.0,0.0,0.0,0.0,0.0,0.0,,0.0,0.0,70.0,150.0,-3.060717773437503,24.939282226562497,Leave_One_experiments/all_year_offline_schedule_search/daily_outputs/HLA/HLA_2022_HLA2022_normal_grid_S0016_daily.csv
HLA,HLA,Hailun,2022,Leave_One_experiments\wth_generated_qc\HLA\HLA2022.WTH,normal_year;nitrogen_stress_year;low_response_year,normal,HLA2022_normal_grid_S0016,pareto_balanced,2022-05-08,128,9,4,"{""sim_day"": 9.0, ""doy"": 128.0, ""topwt"": 0.0, ""grnwt"": 0.0, ""xlai"": 0.0, ""totir"": 0.0, ""tofer"": NaN, ""swfac"": 0.0, ""nstres"": 0.0}",0.0,0.0,0.0,0.0,0.0,0.0,,0.0,0.0,70.0,150.0,-3.060717773437503,24.939282226562497,Leave_One_experiments/all_year_offline_schedule_search/daily_outputs/HLA/HLA_2022_HLA2022_normal_grid_S0016_daily.csv
HLA,HLA,Hailun,2022,Leave_One_experiments\wth_generated_qc\HLA\HLA2022.WTH,normal_year;nitrogen_stress_year;low_response_year,normal,HLA2022_normal_grid_S0016,pareto_balanced,2022-05-09,129,10,5,"{""sim_day"": 10.0, ""doy"": 129.0, ""topwt"": 0.0, ""grnwt"": 0.0, ""xlai"": 0.0, ""totir"": 0.0, ""tofer"": NaN, ""swfac"": 0.0, ""nstres"": 0.0}",0.0,0.0,0.0,0.0,0.0,0.0,,0.0,0.0,70.0,150.0,-3.060717773437503,24.939282226562497,Leave_One_experiments/all_year_offline_schedule_search/daily_outputs/HLA/HLA_2022_HLA2022_normal_grid_S0016_daily.csv
HLA,HLA,Hailun,2022,Leave_One_experiments\wth_generated_qc\HLA\HLA2022.WTH,normal_year;nitrogen_stress_year;low_response_year,normal,HLA2022_normal_grid_S0016,pareto_balanced,2022-05-10,130,11,6,"{""sim_day"": 11.0, ""doy"": 130.0, ""topwt"": 0.0, ""grnwt"": 0.0, ""xlai"": 0.0, ""totir"": 0.0, ""tofer"": NaN, ""swfac"": 0.0, ""nstres"": 0.0}",0.0,0.0,0.0,0.0,0.0,0.0,,0.0,0.0,70.0,150.0,-3.060717773437503,24.939282226562497,Leave_One_experiments/all_year_offline_schedule_search/daily_outputs/HLA/HLA_2022_HLA2022_normal_grid_S0016_daily.csv
HLA,HLA,Hailun,2022,Leave_One_experiments\wth_generated_qc\HLA\HLA2022.WTH,normal_year;nitrogen_stress_year;low_response_year,normal,HLA2022_normal_grid_S0016,pareto_balanced,2022-05-11,131,12,7,"{""sim_day"": 12.0, ""doy"": 131.0, ""topwt"": 0.0, ""grnwt"": 0.0, ""xlai"": 0.0, ""totir"": 0.0, ""tofer"": NaN, ""swfac"": 0.0, ""nstres"": 0.0}",0.0,0.0,0.0,0.0,0.0,0.0,,0.0,0.0,70.0,150.0,-3.060717773437503,24.939282226562497,Leave_One_experiments/all_year_offline_schedule_search/daily_outputs/HLA/HLA_2022_HLA2022_normal_grid_S0016_daily.csv
HLA,HLA,Hailun,2022,Leave_One_experiments\wth_generated_qc\HLA\HLA2022.WTH,normal_year;nitrogen_stress_year;low_response_year,normal,HLA2022_normal_grid_S0016,pareto_balanced,2022-05-12,132,13,8,"{""sim_day"": 13.0, ""doy"": 132.0, ""topwt"": 0.0, ""grnwt"": 0.0, ""xlai"": 0.0, ""totir"": 0.0, ""tofer"": NaN, ""swfac"": 0.0, ""nstres"": 0.0}",0.0,0.0,0.0,0.0,0.0,0.0,,0.0,0.0,70.0,150.0,-3.060717773437503,24.939282226562497,Leave_One_experiments/all_year_offline_schedule_search/daily_outputs/HLA/HLA_2022_HLA2022_normal_grid_S0016_daily.csv
HLA,HLA,Hailun,2022,Leave_One_experiments\wth_generated_qc\HLA\HLA2022.WTH,normal_year;nitrogen_stress_year;low_response_year,normal,HLA2022_normal_grid_S0016,pareto_balanced,2022-05-13,133,14,9,"{""sim_day"": 14.0, ""doy"": 133.0, ""topwt"": 0.0, ""grnwt"": 0.0, ""xlai"": 0.0, ""totir"": 0.0, ""tofer"": NaN, ""swfac"": 0.0, ""nstres"": 0.0}",0.0,0.0,0.0,0.0,0.0,0.0,,0.0,0.0,70.0,150.0,-3.060717773437503,24.939282226562497,Leave_One_experiments/all_year_offline_schedule_search/daily_outputs/HLA/HLA_2022_HLA2022_normal_grid_S0016_daily.csv
HLA,HLA,Hailun,2022,Leave_One_experiments\wth_generated_qc\HLA\HLA2022.WTH,normal_year;nitrogen_stress_year;low_response_year,normal,HLA2022_normal_grid_S0016,pareto_balanced,2022-05-14,134,15,10,"{""sim_day"": 15.0, ""doy"": 134.0, ""topwt"": 0.0, ""grnwt"": 0.0, ""xlai"": 0.0, ""totir"": 0.0, ""tofer"": NaN, ""swfac"": 0.0, ""nstres"": 0.0}",0.0,0.0,0.0,0.0,0.0,0.0,,0.0,0.0,70.0,150.0,-3.060717773437503,24.939282226562497,Leave_One_experiments/all_year_offline_schedule_search/daily_outputs/HLA/HLA_2022_HLA2022_normal_grid_S0016_daily.csv
HLA,HLA,Hailun,2022,Leave_One_experiments\wth_generated_qc\HLA\HLA2022.WTH,normal_year;nitrogen_stress_year;low_response_year,normal,HLA2022_normal_grid_S0016,pareto_balanced,2022-05-15,135,16,11,"{""sim_day"": 16.0, ""doy"": 135.0, ""topwt"": 0.0, ""grnwt"": 0.0, ""xlai"": 0.0, ""totir"": 0.0, ""tofer"": NaN, ""swfac"": 0.0, ""nstres"": 0.0}",0.0,0.0,0.0,0.0,0.0,0.0,,0.0,0.0,70.0,150.0,-3.060717773437503,24.939282226562497,Leave_One_experiments/all_year_offline_schedule_search/daily_outputs/HLA/HLA_2022_HLA2022_normal_grid_S0016_daily.csv
HLA,HLA,Hailun,2022,Leave_One_experiments\wth_generated_qc\HLA\HLA2022.WTH,normal_year;nitrogen_stress_year;low_response_year,normal,HLA2022_normal_grid_S0016,pareto_balanced,2022-05-16,136,17,12,"{""sim_day"": 17.0, ""doy"": 136.0, ""topwt"": 0.0, ""grnwt"": 0.0, ""xlai"": 0.0, ""totir"": 0.0, ""tofer"": NaN, ""swfac"": 0.0, ""nstres"": 0.0}",0.0,0.0,0.0,0.0,0.0,0.0,,0.0,0.0,70.0,150.0,-3.060717773437503,24.939282226562497,Leave_One_experiments/all_year_offline_schedule_search/daily_outputs/HLA/HLA_2022_HLA2022_normal_grid_S0016_daily.csv
HLA,HLA,Hailun,2022,Leave_One_experiments\wth_generated_qc\HLA\HLA2022.WTH,normal_year;nitrogen_stress_year;low_response_year,normal,HLA2022_normal_grid_S0016,pareto_balanced,2022-05-17,137,18,13,"{""sim_day"": 18.0, ""doy"": 137.0, ""topwt"": 0.0, ""grnwt"": 0.0, ""xlai"": 0.0, ""totir"": 0.0, ""tofer"": NaN, ""swfac"": 0.0, ""nstres"": 0.0}",0.0,0.0,0.0,0.0,0.0,0.0,,0.0,0.0,70.0,150.0,-3.060717773437503,24.939282226562497,Leave_One_experiments/all_year_offline_schedule_search/daily_outputs/HLA/HLA_2022_HLA2022_normal_grid_S0016_daily.csv
HLA,HLA,Hailun,2022,Leave_One_experiments\wth_generated_qc\HLA\HLA2022.WTH,normal_year;nitrogen_stress_year;low_response_year,normal,HLA2022_normal_grid_S0016,pareto_balanced,2022-05-18,138,19,14,"{""sim_day"": 19.0, ""doy"": 138.0, ""topwt"": 0.0, ""grnwt"": 0.0, ""xlai"": 0.0, ""totir"": 0.0, ""tofer"": NaN, ""swfac"": 0.0, ""nstres"": 0.0}",0.0,0.0,0.0,0.0,0.0,0.0,,0.0,0.0,70.0,150.0,-3.060717773437503,24.939282226562497,Leave_One_experiments/all_year_offline_schedule_search/daily_outputs/HLA/HLA_2022_HLA2022_normal_grid_S0016_daily.csv
HLA,HLA,Hailun,2022,Leave_One_experiments\wth_generated_qc\HLA\HLA2022.WTH,normal_year;nitrogen_stress_year;low_response_year,normal,HLA2022_normal_grid_S0016,pareto_balanced,2022-05-19,139,20,15,"{""sim_day"": 20.0, ""doy"": 139.0, ""topwt"": 20.0, ""grnwt"": 0.0, ""xlai"": 0.002767837839201, ""totir"": 0.0, ""tofer"": NaN, ""swfac"": 0.0, ""nstres"": 0.0121910572052001}",0.0,0.0121910572052001,20.0,0.0,0.002767837839201,0.0,,0.0,0.0,70.0,150.0,-3.060717773437503,24.939282226562497,Leave_One_experiments/all_year_offline_schedule_search/daily_outputs/HLA/HLA_2022_HLA2022_normal_grid_S0016_daily.csv
HLA,HLA,Hailun,2022,Leave_One_experiments\wth_generated_qc\HLA\HLA2022.WTH,normal_year;nitrogen_stress_year;low_response_year,normal,HLA2022_normal_grid_S0016,pareto_balanced,2022-05-20,140,21,16,"{""sim_day"": 21.0, ""doy"": 140.0, ""topwt"": 20.0, ""grnwt"": 0.0, ""xlai"": 0.0042747529223561, ""totir"": 0.0, ""tofer"": NaN, ""swfac"": 0.0, ""nstres"": 0.0120898485183715}",0.0,0.0120898485183715,20.0,0.0,0.0042747529223561,0.0,,0.0,0.0,70.0,150.0,-3.060717773437503,24.939282226562497,Leave_One_experiments/all_year_offline_schedule_search/daily_outputs/HLA/HLA_2022_HLA2022_normal_grid_S0016_daily.csv
HLA,HLA,Hailun,2022,Leave_One_experiments\wth_generated_qc\HLA\HLA2022.WTH,normal_year;nitrogen_stress_year;low_response_year,normal,HLA2022_normal_grid_S0016,pareto_balanced,2022-05-21,141,22,17,"{""sim_day"": 22.0, ""doy"": 141.0, ""topwt"": 20.0, ""grnwt"": 0.0, ""xlai"": 0.0061569265089929, ""totir"": 0.0, ""tofer"": NaN, ""swfac"": 0.0, ""nstres"": 0.0082526206970214}",0.0,0.0082526206970214,20.0,0.0,0.0061569265089929,0.0,,0.0,0.0,70.0,150.0,-3.060717773437503,24.939282226562497,Leave_One_experiments/all_year_offline_schedule_search/daily_outputs/HLA/HLA_2022_HLA2022_normal_grid_S0016_daily.csv
HLA,HLA,Hailun,2022,Leave_One_experiments\wth_generated_qc\HLA\HLA2022.WTH,normal_year;nitrogen_stress_year;low_response_year,normal,HLA2022_normal_grid_S0016,pareto_balanced,2022-05-22,142,23,18,"{""sim_day"": 23.0, ""doy"": 142.0, ""topwt"": 20.0, ""grnwt"": 0.0, ""xlai"": 0.0095539018511772, ""totir"": 0.0, ""tofer"": NaN, ""swfac"": 0.0, ""nstres"": 0.0022212266921997}",0.0,0.0022212266921997,20.0,0.0,0.0095539018511772,0.0,,0.0,0.0,70.0,150.0,-3.060717773437503,24.939282226562497,Leave_One_experiments/all_year_offline_schedule_search/daily_outputs/HLA/HLA_2022_HLA2022_normal_grid_S0016_daily.csv
HLA,HLA,Hailun,2022,Leave_One_experiments\wth_generated_qc\HLA\HLA2022.WTH,normal_year;nitrogen_stress_year;low_response_year,normal,HLA2022_normal_grid_S0016,pareto_balanced,2022-05-23,143,24,19,"{""sim_day"": 24.0, ""doy"": 143.0, ""topwt"": 20.0, ""grnwt"": 0.0, ""xlai"": 0.0107942093163728, ""totir"": 0.0, ""tofer"": NaN, ""swfac"": 0.0, ""nstres"": 2.5212764739990234e-05}",0.0,2.5212764739990234e-05,20.0,0.0,0.0107942093163728,0.0,,0.0,0.0,70.0,150.0,-3.060717773437503,24.939282226562497,Leave_One_experiments/all_year_offline_schedule_search/daily_outputs/HLA/HLA_2022_HLA2022_normal_grid_S0016_daily.csv
HLA,HLA,Hailun,2022,Leave_One_experiments\wth_generated_qc\HLA\HLA2022.WTH,normal_year;nitrogen_stress_year;low_response_year,normal,HLA2022_normal_grid_S0016,pareto_balanced,2022-05-24,144,25,20,"{""sim_day"": 25.0, ""doy"": 144.0, ""topwt"": 20.0, ""grnwt"": 0.0, ""xlai"": 0.0117665166035294, ""totir"": 0.0, ""tofer"": NaN, ""swfac"": 0.0, ""nstres"": 0.0}",0.0,0.0,20.0,0.0,0.0117665166035294,0.0,,0.0,0.0,70.0,150.0,-3.060717773437503,24.939282226562497,Leave_One_experiments/all_year_offline_schedule_search/daily_outputs/HLA/HLA_2022_HLA2022_normal_grid_S0016_daily.csv
HLA,HLA,Hailun,2022,Leave_One_experiments\wth_generated_qc\HLA\HLA2022.WTH,normal_year;nitrogen_stress_year;low_response_year,normal,HLA2022_normal_grid_S0016,pareto_balanced,2022-05-25,145,26,21,"{""sim_day"": 26.0, ""doy"": 145.0, ""topwt"": 20.0, ""grnwt"": 0.0, ""xlai"": 0.0137230530381202, ""totir"": 0.0, ""tofer"": NaN, ""swfac"": 0.0, ""nstres"": 0.0}",0.0,0.0,20.0,0.0,0.0137230530381202,0.0,,0.0,0.0,70.0,150.0,-3.060717773437503,24.939282226562497,Leave_One_experiments/all_year_offline_schedule_search/daily_outputs/HLA/HLA_2022_HLA2022_normal_grid_S0016_daily.csv
HLA,HLA,Hailun,2022,Leave_One_experiments\wth_generated_qc\HLA\HLA2022.WTH,normal_year;nitrogen_stress_year;low_response_year,normal,HLA2022_normal_grid_S0016,pareto_balanced,2022-05-26,146,27,22,"{""sim_day"": 27.0, ""doy"": 146.0, ""topwt"": 20.0, ""grnwt"": 0.0, ""xlai"": 0.0203296691179275, ""totir"": 0.0, ""tofer"": NaN, ""swfac"": 0.0, ""nstres"": 0.0}",0.0,0.0,20.0,0.0,0.0203296691179275,0.0,,0.0,0.0,70.0,150.0,-3.060717773437503,24.939282226562497,Leave_One_experiments/all_year_offline_schedule_search/daily_outputs/HLA/HLA_2022_HLA2022_normal_grid_S0016_daily.csv
HLA,HLA,Hailun,2022,Leave_One_experiments\wth_generated_qc\HLA\HLA2022.WTH,normal_year;nitrogen_stress_year;low_response_year,normal,HLA2022_normal_grid_S0016,pareto_balanced,2022-05-27,147,28,23,"{""sim_day"": 28.0, ""doy"": 147.0, ""topwt"": 20.0, ""grnwt"": 0.0, ""xlai"": 0.0301650408655405, ""totir"": 0.0, ""tofer"": NaN, ""swfac"": 0.0, ""nstres"": 0.0}",0.0,0.0,20.0,0.0,0.0301650408655405,0.0,,0.0,0.0,70.0,150.0,-3.060717773437503,24.939282226562497,Leave_One_experiments/all_year_offline_schedule_search/daily_outputs/HLA/HLA_2022_HLA2022_normal_grid_S0016_daily.csv
HLA,HLA,Hailun,2022,Leave_One_experiments\wth_generated_qc\HLA\HLA2022.WTH,normal_year;nitrogen_stress_year;low_response_year,normal,HLA2022_normal_grid_S0016,pareto_balanced,2022-05-28,148,29,24,"{""sim_day"": 29.0, ""doy"": 148.0, ""topwt"": 20.510330200195312, ""grnwt"": 0.0, ""xlai"": 0.0357045754790306, ""totir"": 0.0, ""tofer"": NaN, ""swfac"": 0.0, ""nstres"": 0.0}",0.0,0.0,20.510330200195312,0.0,0.0357045754790306,0.0,,0.0,0.0,70.0,150.0,-3.060717773437503,24.939282226562497,Leave_One_experiments/all_year_offline_schedule_search/daily_outputs/HLA/HLA_2022_HLA2022_normal_grid_S0016_daily.csv
HLA,HLA,Hailun,2022,Leave_One_experiments\wth_generated_qc\HLA\HLA2022.WTH,normal_year;nitrogen_stress_year;low_response_year,normal,HLA2022_normal_grid_S0016,pareto_balanced,2022-05-29,149,30,25,"{""sim_day"": 30.0, ""doy"": 149.0, ""topwt"": 22.907087802886963, ""grnwt"": 0.0, ""xlai"": 0.0420579500496387, ""totir"": 0.0, ""tofer"": NaN, ""swfac"": 0.0, ""nstres"": 0.0}",0.0,0.0,22.907087802886963,0.0,0.0420579500496387,0.0,,0.0,0.0,70.0,150.0,-3.060717773437503,24.939282226562497,Leave_One_experiments/all_year_offline_schedule_search/daily_outputs/HLA/HLA_2022_HLA2022_normal_grid_S0016_daily.csv
HLA,HLA,Hailun,2022,Leave_One_experiments\wth_generated_qc\HLA\HLA2022.WTH,normal_year;nitrogen_stress_year;low_response_year,normal,HLA2022_normal_grid_S0016,pareto_balanced,2022-05-30,150,31,26,"{""sim_day"": 31.0, ""doy"": 150.0, ""topwt"": 25.183322429656982, ""grnwt"": 0.0, ""xlai"": 0.0478702969849109, ""totir"": 0.0, ""tofer"": NaN, ""swfac"": 0.0, ""nstres"": 0.0}",0.0,0.0,25.183322429656982,0.0,0.0478702969849109,0.0,,0.0,0.0,70.0,150.0,-3.060717773437503,24.939282226562497,Leave_One_experiments/all_year_offline_schedule_search/daily_outputs/HLA/HLA_2022_HLA2022_normal_grid_S0016_daily.csv
HLA,HLA,Hailun,2022,Leave_One_experiments\wth_generated_qc\HLA\HLA2022.WTH,normal_year;nitrogen_stress_year;low_response_year,normal,HLA2022_normal_grid_S0016,pareto_balanced,2022-05-31,151,32,27,"{""sim_day"": 32.0, ""doy"": 151.0, ""topwt"": 28.07793617248535, ""grnwt"": 0.0, ""xlai"": 0.05501040071249, ""totir"": 0.0, ""tofer"": NaN, ""swfac"": 0.0, ""nstres"": 0.0}",0.0,0.0,28.07793617248535,0.0,0.05501040071249,0.0,,0.0,0.0,70.0,150.0,-3.060717773437503,24.939282226562497,Leave_One_experiments/all_year_offline_schedule_search/daily_outputs/HLA/HLA_2022_HLA2022_normal_grid_S0016_daily.csv
HLA,HLA,Hailun,2022,Leave_One_experiments\wth_generated_qc\HLA\HLA2022.WTH,normal_year;nitrogen_stress_year;low_response_year,normal,HLA2022_normal_grid_S0016,pareto_balanced,2022-06-01,152,33,28,"{""sim_day"": 33.0, ""doy"": 152.0, ""topwt"": 32.696616649627686, ""grnwt"": 0.0, ""xlai"": 0.0659392327070236, ""totir"": 0.0, ""tofer"": NaN, ""swfac"": 0.0, ""nstres"": 0.0}",0.0,0.0,32.696616649627686,0.0,0.0659392327070236,0.0,,0.0,0.0,70.0,150.0,-3.060717773437503,24.939282226562497,Leave_One_experiments/all_year_offline_schedule_search/daily_outputs/HLA/HLA_2022_HLA2022_normal_grid_S0016_daily.csv
HLA,HLA,Hailun,2022,Leave_One_experiments\wth_generated_qc\HLA\HLA2022.WTH,normal_year;nitrogen_stress_year;low_response_year,normal,HLA2022_normal_grid_S0016,pareto_balanced,2022-06-02,153,34,29,"{""sim_day"": 34.0, ""doy"": 153.0, ""topwt"": 38.60158681869507, ""grnwt"": 0.0, ""xlai"": 0.0792667269706726, ""totir"": 0.0, ""tofer"": NaN, ""swfac"": 0.0, ""nstres"": 0.0}",0.0,0.0,38.60158681869507,0.0,0.0792667269706726,0.0,,0.0,0.0,70.0,150.0,-3.060717773437503,24.939282226562497,Leave_One_experiments/all_year_offline_schedule_search/daily_outputs/HLA/HLA_2022_HLA2022_normal_grid_S0016_daily.csv
HLA,HLA,Hailun,2022,Leave_One_experiments\wth_generated_qc\HLA\HLA2022.WTH,normal_year;nitrogen_stress_year;low_response_year,normal,HLA2022_normal_grid_S0016,pareto_balanced,2022-06-03,154,35,30,"{""sim_day"": 35.0, ""doy"": 154.0, ""topwt"": 45.6247615814209, ""grnwt"": 0.0, ""xlai"": 0.0943978577852249, ""totir"": 0.0, ""tofer"": NaN, ""swfac"": 0.0, ""nstres"": 0.0}",0.0,0.0,45.6247615814209,0.0,0.0943978577852249,0.0,,0.0,50.0,70.0,150.0,-3.060717773437503,24.939282226562497,Leave_One_experiments/all_year_offline_schedule_search/daily_outputs/HLA/HLA_2022_HLA2022_normal_grid_S0016_daily.csv
HLA,HLA,Hailun,2022,Leave_One_experiments\wth_generated_qc\HLA\HLA2022.WTH,normal_year;nitrogen_stress_year;low_response_year,normal,HLA2022_normal_grid_S0016,pareto_balanced,2022-06-04,155,36,31,"{""sim_day"": 36.0, ""doy"": 155.0, ""topwt"": 50.885114669799805, ""grnwt"": 0.0, ""xlai"": 0.1053230464458465, ""totir"": 0.0, ""tofer"": NaN, ""swfac"": 0.0, ""nstres"": 0.0}",0.0,0.0,50.885114669799805,0.0,0.1053230464458465,0.0,,0.0,0.0,70.0,150.0,-3.060717773437503,24.939282226562497,Leave_One_experiments/all_year_offline_schedule_search/daily_outputs/HLA/HLA_2022_HLA2022_normal_grid_S0016_daily.csv
HLA,HLA,Hailun,2022,Leave_One_experiments\wth_generated_qc\HLA\HLA2022.WTH,normal_year;nitrogen_stress_year;low_response_year,normal,HLA2022_normal_grid_S0016,pareto_balanced,2022-06-05,156,37,32,"{""sim_day"": 37.0, ""doy"": 156.0, ""topwt"": 54.75914001464844, ""grnwt"": 0.0, ""xlai"": 0.1131816282868385, ""totir"": 0.0, ""tofer"": NaN, ""swfac"": 0.0, ""nstres"": 0.0}",0.0,0.0,54.75914001464844,0.0,0.1131816282868385,0.0,,0.0,0.0,70.0,150.0,-3.060717773437503,24.939282226562497,Leave_One_experiments/all_year_offline_schedule_search/daily_outputs/HLA/HLA_2022_HLA2022_normal_grid_S0016_daily.csv
HLA,HLA,Hailun,2022,Leave_One_experiments\wth_generated_qc\HLA\HLA2022.WTH,normal_year;nitrogen_stress_year;low_response_year,normal,HLA2022_normal_grid_S0016,pareto_balanced,2022-06-06,157,38,33,"{""sim_day"": 38.0, ""doy"": 157.0, ""topwt"": 64.23118114471436, ""grnwt"": 0.0, ""xlai"": 0.1318344473838806, ""totir"": 0.0, ""tofer"": NaN, ""swfac"": 0.0, ""nstres"": 0.0}",0.0,0.0,64.23118114471436,0.0,0.1318344473838806,0.0,,0.0,0.0,70.0,150.0,-3.060717773437503,24.939282226562497,Leave_One_experiments/all_year_offline_schedule_search/daily_outputs/HLA/HLA_2022_HLA2022_normal_grid_S0016_daily.csv
HLA,HLA,Hailun,2022,Leave_One_experiments\wth_generated_qc\HLA\HLA2022.WTH,normal_year;nitrogen_stress_year;low_response_year,normal,HLA2022_normal_grid_S0016,pareto_balanced,2022-06-07,158,39,34,"{""sim_day"": 39.0, ""doy"": 158.0, ""topwt"": 78.10202121734619, ""grnwt"": 0.0, ""xlai"": 0.157977670431137, ""totir"": 0.0, ""tofer"": NaN, ""swfac"": 0.0, ""nstres"": 0.0}",0.0,0.0,78.10202121734619,0.0,0.157977670431137,0.0,,0.0,0.0,70.0,150.0,-3.060717773437503,24.939282226562497,Leave_One_experiments/all_year_offline_schedule_search/daily_outputs/HLA/HLA_2022_HLA2022_normal_grid_S0016_daily.csv
HLA,HLA,Hailun,2022,Leave_One_experiments\wth_generated_qc\HLA\HLA2022.WTH,normal_year;nitrogen_stress_year;low_response_year,normal,HLA2022_normal_grid_S0016,pareto_balanced,2022-06-08,159,40,35,"{""sim_day"": 40.0, ""doy"": 159.0, ""topwt"": 94.70778465270996, ""grnwt"": 0.0, ""xlai"": 0.18785460293293, ""totir"": 30.0, ""tofer"": NaN, ""swfac"": 0.0, ""nstres"": 0.0}",0.0,0.0,94.70778465270996,0.0,0.18785460293293,30.0,,30.0,0.0,70.0,150.0,-3.060717773437503,24.939282226562497,Leave_One_experiments/all_year_offline_schedule_search/daily_outputs/HLA/HLA_2022_HLA2022_normal_grid_S0016_daily.csv
HLA,HLA,Hailun,2022,Leave_One_experiments\wth_generated_qc\HLA\HLA2022.WTH,normal_year;nitrogen_stress_year;low_response_year,normal,HLA2022_normal_grid_S0016,pareto_balanced,2022-06-09,160,41,36,"{""sim_day"": 41.0, ""doy"": 160.0, ""topwt"": 110.24003028869627, ""grnwt"": 0.0, ""xlai"": 0.2146983593702316, ""totir"": 30.0, ""tofer"": NaN, ""swfac"": 0.0, ""nstres"": 0.0}",0.0,0.0,110.24003028869627,0.0,0.2146983593702316,30.0,,0.0,0.0,70.0,150.0,-3.060717773437503,24.939282226562497,Leave_One_experiments/all_year_offline_schedule_search/daily_outputs/HLA/HLA_2022_HLA2022_normal_grid_S0016_daily.csv
HLA,HLA,Hailun,2022,Leave_One_experiments\wth_generated_qc\HLA\HLA2022.WTH,normal_year;nitrogen_stress_year;low_response_year,normal,HLA2022_normal_grid_S0016,pareto_balanced,2022-06-10,161,42,37,"{""sim_day"": 42.0, ""doy"": 161.0, ""topwt"": 127.6491928100586, ""grnwt"": 0.0, ""xlai"": 0.2437401264905929, ""totir"": 30.0, ""tofer"": NaN, ""swfac"": 0.0, ""nstres"": 0.0}",0.0,0.0,127.6491928100586,0.0,0.2437401264905929,30.0,,0.0,0.0,70.0,150.0,-3.060717773437503,24.939282226562497,Leave_One_experiments/all_year_offline_schedule_search/daily_outputs/HLA/HLA_2022_HLA2022_normal_grid_S0016_daily.csv
HLA,HLA,Hailun,2022,Leave_One_experiments\wth_generated_qc\HLA\HLA2022.WTH,normal_year;nitrogen_stress_year;low_response_year,normal,HLA2022_normal_grid_S0016,pareto_balanced,2022-06-11,162,43,38,"{""sim_day"": 43.0, ""doy"": 162.0, ""topwt"": 141.39517784118652, ""grnwt"": 0.0, ""xlai"": 0.2841433882713318, ""totir"": 30.0, ""tofer"": NaN, ""swfac"": 0.0, ""nstres"": 0.0}",0.0,0.0,141.39517784118652,0.0,0.2841433882713318,30.0,,0.0,0.0,70.0,150.0,-3.060717773437503,24.939282226562497,Leave_One_experiments/all_year_offline_schedule_search/daily_outputs/HLA/HLA_2022_HLA2022_normal_grid_S0016_daily.csv
HLA,HLA,Hailun,2022,Leave_One_experiments\wth_generated_qc\HLA\HLA2022.WTH,normal_year;nitrogen_stress_year;low_response_year,normal,HLA2022_normal_grid_S0016,pareto_balanced,2022-06-12,163,44,39,"{""sim_day"": 44.0, ""doy"": 163.0, ""topwt"": 163.3731460571289, ""grnwt"": 0.0, ""xlai"": 0.3212068676948547, ""totir"": 30.0, ""tofer"": NaN, ""swfac"": 0.0, ""nstres"": 0.004044771194458}",0.0,0.004044771194458,163.3731460571289,0.0,0.3212068676948547,30.0,,0.0,0.0,70.0,150.0,-3.060717773437503,24.939282226562497,Leave_One_experiments/all_year_offline_schedule_search/daily_outputs/HLA/HLA_2022_HLA2022_normal_grid_S0016_daily.csv
HLA,HLA,Hailun,2022,Leave_One_experiments\wth_generated_qc\HLA\HLA2022.WTH,normal_year;nitrogen_stress_year;low_response_year,normal,HLA2022_normal_grid_S0016,pareto_balanced,2022-06-13,164,45,40,"{""sim_day"": 45.0, ""doy"": 164.0, ""topwt"": 192.22679138183597, ""grnwt"": 0.0, ""xlai"": 0.3682196736335754, ""totir"": 30.0, ""tofer"": NaN, ""swfac"": 0.0, ""nstres"": 0.0}",0.0,0.0,192.22679138183597,0.0,0.3682196736335754,30.0,,0.0,0.0,70.0,150.0,-3.060717773437503,24.939282226562497,Leave_One_experiments/all_year_offline_schedule_search/daily_outputs/HLA/HLA_2022_HLA2022_normal_grid_S0016_daily.csv
HLA,HLA,Hailun,2022,Leave_One_experiments\wth_generated_qc\HLA\HLA2022.WTH,normal_year;nitrogen_stress_year;low_response_year,normal,HLA2022_normal_grid_S0016,pareto_balanced,2022-06-14,165,46,41,"{""sim_day"": 46.0, ""doy"": 165.0, ""topwt"": 226.67104721069336, ""grnwt"": 0.0, ""xlai"": 0.422332227230072, ""totir"": 30.0, ""tofer"": NaN, ""swfac"": 0.0, ""nstres"": 0.0}",0.0,0.0,226.67104721069336,0.0,0.422332227230072,30.0,,0.0,0.0,70.0,150.0,-3.060717773437503,24.939282226562497,Leave_One_experiments/all_year_offline_schedule_search/daily_outputs/HLA/HLA_2022_HLA2022_normal_grid_S0016_daily.csv
HLA,HLA,Hailun,2022,Leave_One_experiments\wth_generated_qc\HLA\HLA2022.WTH,normal_year;nitrogen_stress_year;low_response_year,normal,HLA2022_normal_grid_S0016,pareto_balanced,2022-06-15,166,47,42,"{""sim_day"": 47.0, ""doy"": 166.0, ""topwt"": 262.353630065918, ""grnwt"": 0.0, ""xlai"": 0.4764964580535888, ""totir"": 30.0, ""tofer"": NaN, ""swfac"": 0.0, ""nstres"": 0.0}",0.0,0.0,262.353630065918,0.0,0.4764964580535888,30.0,,0.0,0.0,70.0,150.0,-3.060717773437503,24.939282226562497,Leave_One_experiments/all_year_offline_schedule_search/daily_outputs/HLA/HLA_2022_HLA2022_normal_grid_S0016_daily.csv
HLA,HLA,Hailun,2022,Leave_One_experiments\wth_generated_qc\HLA\HLA2022.WTH,normal_year;nitrogen_stress_year;low_response_year,normal,HLA2022_normal_grid_S0016,pareto_balanced,2022-06-16,167,48,43,"{""sim_day"": 48.0, ""doy"": 167.0, ""topwt"": 300.5118560791016, ""grnwt"": 0.0, ""xlai"": 0.5326478481292725, ""totir"": 30.0, ""tofer"": NaN, ""swfac"": 0.0, ""nstres"": 0.0}",0.0,0.0,300.5118560791016,0.0,0.5326478481292725,30.0,,0.0,0.0,70.0,150.0,-3.060717773437503,24.939282226562497,Leave_One_experiments/all_year_offline_schedule_search/daily_outputs/HLA/HLA_2022_HLA2022_normal_grid_S0016_daily.csv
HLA,HLA,Hailun,2022,Leave_One_experiments\wth_generated_qc\HLA\HLA2022.WTH,normal_year;nitrogen_stress_year;low_response_year,normal,HLA2022_normal_grid_S0016,pareto_balanced,2022-06-17,168,49,44,"{""sim_day"": 49.0, ""doy"": 168.0, ""topwt"": 348.6258316040039, ""grnwt"": 0.0, ""xlai"": 0.6012687087059021, ""totir"": 30.0, ""tofer"": NaN, ""swfac"": 0.0, ""nstres"": 0.0}",0.0,0.0,348.6258316040039,0.0,0.6012687087059021,30.0,,0.0,0.0,70.0,150.0,-3.060717773437503,24.939282226562497,Leave_One_experiments/all_year_offline_schedule_search/daily_outputs/HLA/HLA_2022_HLA2022_normal_grid_S0016_daily.csv
HLA,HLA,Hailun,2022,Leave_One_experiments\wth_generated_qc\HLA\HLA2022.WTH,normal_year;nitrogen_stress_year;low_response_year,normal,HLA2022_normal_grid_S0016,pareto_balanced,2022-06-18,169,50,45,"{""sim_day"": 50.0, ""doy"": 169.0, ""topwt"": 407.514533996582, ""grnwt"": 0.0, ""xlai"": 0.6806330680847168, ""totir"": 30.0, ""tofer"": NaN, ""swfac"": 0.0, ""nstres"": 0.0}",0.0,0.0,407.514533996582,0.0,0.6806330680847168,30.0,,0.0,0.0,70.0,150.0,-3.060717773437503,24.939282226562497,Leave_One_experiments/all_year_offline_schedule_search/daily_outputs/HLA/HLA_2022_HLA2022_normal_grid_S0016_daily.csv
HLA,HLA,Hailun,2022,Leave_One_experiments\wth_generated_qc\HLA\HLA2022.WTH,normal_year;nitrogen_stress_year;low_response_year,normal,HLA2022_normal_grid_S0016,pareto_balanced,2022-06-19,170,51,46,"{""sim_day"": 51.0, ""doy"": 170.0, ""topwt"": 468.6368560791016, ""grnwt"": 0.0, ""xlai"": 0.7646881937980652, ""totir"": 30.0, ""tofer"": NaN, ""swfac"": 0.0, ""nstres"": 0.0}",0.0,0.0,468.6368560791016,0.0,0.7646881937980652,30.0,,0.0,0.0,70.0,150.0,-3.060717773437503,24.939282226562497,Leave_One_experiments/all_year_offline_schedule_search/daily_outputs/HLA/HLA_2022_HLA2022_normal_grid_S0016_daily.csv
HLA,HLA,Hailun,2022,Leave_One_experiments\wth_generated_qc\HLA\HLA2022.WTH,normal_year;nitrogen_stress_year;low_response_year,normal,HLA2022_normal_grid_S0016,pareto_balanced,2022-06-20,171,52,47,"{""sim_day"": 52.0, ""doy"": 171.0, ""topwt"": 543.4815979003906, ""grnwt"": 0.0, ""xlai"": 0.8631804585456848, ""totir"": 30.0, ""tofer"": NaN, ""swfac"": 0.0, ""nstres"": 0.0}",0.0,0.0,543.4815979003906,0.0,0.8631804585456848,30.0,,0.0,0.0,70.0,150.0,-3.060717773437503,24.939282226562497,Leave_One_experiments/all_year_offline_schedule_search/daily_outputs/HLA/HLA_2022_HLA2022_normal_grid_S0016_daily.csv
HLA,HLA,Hailun,2022,Leave_One_experiments\wth_generated_qc\HLA\HLA2022.WTH,normal_year;nitrogen_stress_year;low_response_year,normal,HLA2022_normal_grid_S0016,pareto_balanced,2022-06-21,172,53,48,"{""sim_day"": 53.0, ""doy"": 172.0, ""topwt"": 645.4685974121094, ""grnwt"": 0.0, ""xlai"": 0.9903899431228638, ""totir"": 30.0, ""tofer"": NaN, ""swfac"": 0.0, ""nstres"": 0.0}",0.0,0.0,645.4685974121094,0.0,0.9903899431228638,30.0,,0.0,0.0,70.0,150.0,-3.060717773437503,24.939282226562497,Leave_One_experiments/all_year_offline_schedule_search/daily_outputs/HLA/HLA_2022_HLA2022_normal_grid_S0016_daily.csv
HLA,HLA,Hailun,2022,Leave_One_experiments\wth_generated_qc\HLA\HLA2022.WTH,normal_year;nitrogen_stress_year;low_response_year,normal,HLA2022_normal_grid_S0016,pareto_balanced,2022-06-22,173,54,49,"{""sim_day"": 54.0, ""doy"": 173.0, ""topwt"": 742.6844787597656, ""grnwt"": 0.0, ""xlai"": 1.1051690578460691, ""totir"": 30.0, ""tofer"": NaN, ""swfac"": 0.0, ""nstres"": 0.0}",0.0,0.0,742.6844787597656,0.0,1.1051690578460691,30.0,,0.0,0.0,70.0,150.0,-3.060717773437503,24.939282226562497,Leave_One_experiments/all_year_offline_schedule_search/daily_outputs/HLA/HLA_2022_HLA2022_normal_grid_S0016_daily.csv
HLA,HLA,Hailun,2022,Leave_One_experiments\wth_generated_qc\HLA\HLA2022.WTH,normal_year;nitrogen_stress_year;low_response_year,normal,HLA2022_normal_grid_S0016,pareto_balanced,2022-06-23,174,55,50,"{""sim_day"": 55.0, ""doy"": 174.0, ""topwt"": 815.570068359375, ""grnwt"": 0.0, ""xlai"": 1.187624216079712, ""totir"": 30.0, ""tofer"": NaN, ""swfac"": 0.0, ""nstres"": 0.0}",0.0,0.0,815.570068359375,0.0,1.187624216079712,30.0,,0.0,0.0,70.0,150.0,-3.060717773437503,24.939282226562497,Leave_One_experiments/all_year_offline_schedule_search/daily_outputs/HLA/HLA_2022_HLA2022_normal_grid_S0016_daily.csv
HLA,HLA,Hailun,2022,Leave_One_experiments\wth_generated_qc\HLA\HLA2022.WTH,normal_year;nitrogen_stress_year;low_response_year,normal,HLA2022_normal_grid_S0016,pareto_balanced,2022-06-24,175,56,51,"{""sim_day"": 56.0, ""doy"": 175.0, ""topwt"": 911.03271484375, ""grnwt"": 0.0, ""xlai"": 1.290591597557068, ""totir"": 30.0, ""tofer"": NaN, ""swfac"": 0.0, ""nstres"": 0.0}",0.0,0.0,911.03271484375,0.0,1.290591597557068,30.0,,0.0,0.0,70.0,150.0,-3.060717773437503,24.939282226562497,Leave_One_experiments/all_year_offline_schedule_search/daily_outputs/HLA/HLA_2022_HLA2022_normal_grid_S0016_daily.csv
HLA,HLA,Hailun,2022,Leave_One_experiments\wth_generated_qc\HLA\HLA2022.WTH,normal_year;nitrogen_stress_year;low_response_year,normal,HLA2022_normal_grid_S0016,pareto_balanced,2022-06-25,176,57,52,"{""sim_day"": 57.0, ""doy"": 176.0, ""topwt"": 1011.58935546875, ""grnwt"": 0.0, ""xlai"": 1.3936245441436768, ""totir"": 30.0, ""tofer"": NaN, ""swfac"": 0.0, ""nstres"": 0.0}",0.0,0.0,1011.58935546875,0.0,1.3936245441436768,30.0,,0.0,0.0,70.0,150.0,-3.060717773437503,24.939282226562497,Leave_One_experiments/all_year_offline_schedule_search/daily_outputs/HLA/HLA_2022_HLA2022_normal_grid_S0016_daily.csv
HLA,HLA,Hailun,2022,Leave_One_experiments\wth_generated_qc\HLA\HLA2022.WTH,normal_year;nitrogen_stress_year;low_response_year,normal,HLA2022_normal_grid_S0016,pareto_balanced,2022-06-26,177,58,53,"{""sim_day"": 58.0, ""doy"": 177.0, ""topwt"": 1129.4795989990234, ""grnwt"": 0.0, ""xlai"": 1.507681965827942, ""totir"": 30.0, ""tofer"": NaN, ""swfac"": 0.0, ""nstres"": 0.0}",0.0,0.0,1129.4795989990234,0.0,1.507681965827942,30.0,,0.0,0.0,70.0,150.0,-3.060717773437503,24.939282226562497,Leave_One_experiments/all_year_offline_schedule_search/daily_outputs/HLA/HLA_2022_HLA2022_normal_grid_S0016_daily.csv
HLA,HLA,Hailun,2022,Leave_One_experiments\wth_generated_qc\HLA\HLA2022.WTH,normal_year;nitrogen_stress_year;low_response_year,normal,HLA2022_normal_grid_S0016,pareto_balanced,2022-06-27,178,59,54,"{""sim_day"": 59.0, ""doy"": 178.0, ""topwt"": 1269.5584106445312, ""grnwt"": 0.0, ""xlai"": 1.6345949172973633, ""totir"": 30.0, ""tofer"": NaN, ""swfac"": 0.0, ""nstres"": 0.0}",0.0,0.0,1269.5584106445312,0.0,1.6345949172973633,30.0,,0.0,0.0,70.0,150.0,-3.060717773437503,24.939282226562497,Leave_One_experiments/all_year_offline_schedule_search/daily_outputs/HLA/HLA_2022_HLA2022_normal_grid_S0016_daily.csv
HLA,HLA,Hailun,2022,Leave_One_experiments\wth_generated_qc\HLA\HLA2022.WTH,normal_year;nitrogen_stress_year;low_response_year,normal,HLA2022_normal_grid_S0016,pareto_balanced,2022-06-28,179,60,55,"{""sim_day"": 60.0, ""doy"": 179.0, ""topwt"": 1411.413116455078, ""grnwt"": 0.0, ""xlai"": 1.7550009489059448, ""totir"": 30.0, ""tofer"": NaN, ""swfac"": 0.0, ""nstres"": 0.0}",0.0,0.0,1411.413116455078,0.0,1.7550009489059448,30.0,,0.0,0.0,70.0,150.0,-3.060717773437503,24.939282226562497,Leave_One_experiments/all_year_offline_schedule_search/daily_outputs/HLA/HLA_2022_HLA2022_normal_grid_S0016_daily.csv
HLA,HLA,Hailun,2022,Leave_One_experiments\wth_generated_qc\HLA\HLA2022.WTH,normal_year;nitrogen_stress_year;low_response_year,normal,HLA2022_normal_grid_S0016,pareto_balanced,2022-06-29,180,61,56,"{""sim_day"": 61.0, ""doy"": 180.0, ""topwt"": 1568.3518981933594, ""grnwt"": 0.0, ""xlai"": 1.87949013710022, ""totir"": 30.0, ""tofer"": NaN, ""swfac"": 0.0, ""nstres"": 0.0}",0.0,0.0,1568.3518981933594,0.0,1.87949013710022,30.0,,0.0,0.0,70.0,150.0,-3.060717773437503,24.939282226562497,Leave_One_experiments/all_year_offline_schedule_search/daily_outputs/HLA/HLA_2022_HLA2022_normal_grid_S0016_daily.csv
HLA,HLA,Hailun,2022,Leave_One_experiments\wth_generated_qc\HLA\HLA2022.WTH,normal_year;nitrogen_stress_year;low_response_year,normal,HLA2022_normal_grid_S0016,pareto_balanced,2022-06-30,181,62,57,"{""sim_day"": 62.0, ""doy"": 181.0, ""topwt"": 1731.3101196289062, ""grnwt"": 0.0, ""xlai"": 2.00036358833313, ""totir"": 30.0, ""tofer"": NaN, ""swfac"": 0.0, ""nstres"": 0.0}",0.0,0.0,1731.3101196289062,0.0,2.00036358833313,30.0,,0.0,0.0,70.0,150.0,-3.060717773437503,24.939282226562497,Leave_One_experiments/all_year_offline_schedule_search/daily_outputs/HLA/HLA_2022_HLA2022_normal_grid_S0016_daily.csv
HLA,HLA,Hailun,2022,Leave_One_experiments\wth_generated_qc\HLA\HLA2022.WTH,normal_year;nitrogen_stress_year;low_response_year,normal,HLA2022_normal_grid_S0016,pareto_balanced,2022-07-01,182,63,58,"{""sim_day"": 63.0, ""doy"": 182.0, ""topwt"": 1899.527740478516, ""grnwt"": 0.0, ""xlai"": 2.117237091064453, ""totir"": 30.0, ""tofer"": NaN, ""swfac"": 0.0, ""nstres"": 0.0}",0.0,0.0,1899.527740478516,0.0,2.117237091064453,30.0,,0.0,0.0,70.0,150.0,-3.060717773437503,24.939282226562497,Leave_One_experiments/all_year_offline_schedule_search/daily_outputs/HLA/HLA_2022_HLA2022_normal_grid_S0016_daily.csv
HLA,HLA,Hailun,2022,Leave_One_experiments\wth_generated_qc\HLA\HLA2022.WTH,normal_year;nitrogen_stress_year;low_response_year,normal,HLA2022_normal_grid_S0016,pareto_balanced,2022-07-02,183,64,59,"{""sim_day"": 64.0, ""doy"": 183.0, ""topwt"": 2077.373504638672, ""grnwt"": 0.0, ""xlai"": 2.2330362796783447, ""totir"": 30.0, ""tofer"": NaN, ""swfac"": 0.0, ""nstres"": 0.0}",0.0,0.0,2077.373504638672,0.0,2.2330362796783447,30.0,,0.0,0.0,70.0,150.0,-3.060717773437503,24.939282226562497,Leave_One_experiments/all_year_offline_schedule_search/daily_outputs/HLA/HLA_2022_HLA2022_normal_grid_S0016_daily.csv
HLA,HLA,Hailun,2022,Leave_One_experiments\wth_generated_qc\HLA\HLA2022.WTH,normal_year;nitrogen_stress_year;low_response_year,normal,HLA2022_normal_grid_S0016,pareto_balanced,2022-07-03,184,65,60,"{""sim_day"": 65.0, ""doy"": 184.0, ""topwt"": 2280.614471435547, ""grnwt"": 0.0, ""xlai"": 2.3565804958343506, ""totir"": 30.0, ""tofer"": NaN, ""swfac"": 0.0, ""nstres"": 0.0}",0.0,0.0,2280.614471435547,0.0,2.3565804958343506,30.0,,0.0,50.0,70.0,150.0,-3.060717773437503,24.939282226562497,Leave_One_experiments/all_year_offline_schedule_search/daily_outputs/HLA/HLA_2022_HLA2022_normal_grid_S0016_daily.csv
HLA,HLA,Hailun,2022,Leave_One_experiments\wth_generated_qc\HLA\HLA2022.WTH,normal_year;nitrogen_stress_year;low_response_year,normal,HLA2022_normal_grid_S0016,pareto_balanced,2022-07-04,185,66,61,"{""sim_day"": 66.0, ""doy"": 185.0, ""topwt"": 2500.5165100097656, ""grnwt"": 0.0, ""xlai"": 2.480918407440185, ""totir"": 30.0, ""tofer"": NaN, ""swfac"": 0.0, ""nstres"": 0.0}",0.0,0.0,2500.5165100097656,0.0,2.480918407440185,30.0,,0.0,0.0,70.0,150.0,-3.060717773437503,24.939282226562497,Leave_One_experiments/all_year_offline_schedule_search/daily_outputs/HLA/HLA_2022_HLA2022_normal_grid_S0016_daily.csv
HLA,HLA,Hailun,2022,Leave_One_experiments\wth_generated_qc\HLA\HLA2022.WTH,normal_year;nitrogen_stress_year;low_response_year,normal,HLA2022_normal_grid_S0016,pareto_balanced,2022-07-05,186,67,62,"{""sim_day"": 67.0, ""doy"": 186.0, ""topwt"": 2710.9603881835938, ""grnwt"": 0.0, ""xlai"": 2.5914318561553955, ""totir"": 30.0, ""tofer"": NaN, ""swfac"": 0.0, ""nstres"": 0.0}",0.0,0.0,2710.9603881835938,0.0,2.5914318561553955,30.0,,0.0,0.0,70.0,150.0,-3.060717773437503,24.939282226562497,Leave_One_experiments/all_year_offline_schedule_search/daily_outputs/HLA/HLA_2022_HLA2022_normal_grid_S0016_daily.csv
HLA,HLA,Hailun,2022,Leave_One_experiments\wth_generated_qc\HLA\HLA2022.WTH,normal_year;nitrogen_stress_year;low_response_year,normal,HLA2022_normal_grid_S0016,pareto_balanced,2022-07-06,187,68,63,"{""sim_day"": 68.0, ""doy"": 187.0, ""topwt"": 2894.4805908203125, ""grnwt"": 0.0, ""xlai"": 2.6817352771759038, ""totir"": 30.0, ""tofer"": NaN, ""swfac"": 0.0, ""nstres"": 0.0}",0.0,0.0,2894.4805908203125,0.0,2.6817352771759038,30.0,,0.0,0.0,70.0,150.0,-3.060717773437503,24.939282226562497,Leave_One_experiments/all_year_offline_schedule_search/daily_outputs/HLA/HLA_2022_HLA2022_normal_grid_S0016_daily.csv
HLA,HLA,Hailun,2022,Leave_One_experiments\wth_generated_qc\HLA\HLA2022.WTH,normal_year;nitrogen_stress_year;low_response_year,normal,HLA2022_normal_grid_S0016,pareto_balanced,2022-07-07,188,69,64,"{""sim_day"": 69.0, ""doy"": 188.0, ""topwt"": 3104.2477416992188, ""grnwt"": 0.0, ""xlai"": 2.778563499450684, ""totir"": 30.0, ""tofer"": NaN, ""swfac"": 0.0, ""nstres"": 0.0}",0.0,0.0,3104.2477416992188,0.0,2.778563499450684,30.0,,0.0,0.0,70.0,150.0,-3.060717773437503,24.939282226562497,Leave_One_experiments/all_year_offline_schedule_search/daily_outputs/HLA/HLA_2022_HLA2022_normal_grid_S0016_daily.csv
HLA,HLA,Hailun,2022,Leave_One_experiments\wth_generated_qc\HLA\HLA2022.WTH,normal_year;nitrogen_stress_year;low_response_year,normal,HLA2022_normal_grid_S0016,pareto_balanced,2022-07-08,189,70,65,"{""sim_day"": 70.0, ""doy"": 189.0, ""topwt"": 3305.7684326171875, ""grnwt"": 0.0, ""xlai"": 2.866208553314209, ""totir"": 70.0, ""tofer"": NaN, ""swfac"": 0.0, ""nstres"": 0.0}",0.0,0.0,3305.7684326171875,0.0,2.866208553314209,70.0,,40.0,0.0,70.0,150.0,-3.060717773437503,24.939282226562497,Leave_One_experiments/all_year_offline_schedule_search/daily_outputs/HLA/HLA_2022_HLA2022_normal_grid_S0016_daily.csv
HLA,HLA,Hailun,2022,Leave_One_experiments\wth_generated_qc\HLA\HLA2022.WTH,normal_year;nitrogen_stress_year;low_response_year,normal,HLA2022_normal_grid_S0016,pareto_balanced,2022-07-09,190,71,66,"{""sim_day"": 71.0, ""doy"": 190.0, ""topwt"": 3503.315734863281, ""grnwt"": 0.0, ""xlai"": 2.9474339485168457, ""totir"": 70.0, ""tofer"": NaN, ""swfac"": 0.0, ""nstres"": 0.0}",0.0,0.0,3503.315734863281,0.0,2.9474339485168457,70.0,,0.0,0.0,70.0,150.0,-3.060717773437503,24.939282226562497,Leave_One_experiments/all_year_offline_schedule_search/daily_outputs/HLA/HLA_2022_HLA2022_normal_grid_S0016_daily.csv
HLA,HLA,Hailun,2022,Leave_One_experiments\wth_generated_qc\HLA\HLA2022.WTH,normal_year;nitrogen_stress_year;low_response_year,normal,HLA2022_normal_grid_S0016,pareto_balanced,2022-07-10,191,72,67,"{""sim_day"": 72.0, ""doy"": 191.0, ""topwt"": 3770.79345703125, ""grnwt"": 0.0, ""xlai"": 3.082289218902588, ""totir"": 70.0, ""tofer"": NaN, ""swfac"": 0.0, ""nstres"": 0.0}",0.0,0.0,3770.79345703125,0.0,3.082289218902588,70.0,,0.0,0.0,70.0,150.0,-3.060717773437503,24.939282226562497,Leave_One_experiments/all_year_offline_schedule_search/daily_outputs/HLA/HLA_2022_HLA2022_normal_grid_S0016_daily.csv
HLA,HLA,Hailun,2022,Leave_One_experiments\wth_generated_qc\HLA\HLA2022.WTH,normal_year;nitrogen_stress_year;low_response_year,normal,HLA2022_normal_grid_S0016,pareto_balanced,2022-07-11,192,73,68,"{""sim_day"": 73.0, ""doy"": 192.0, ""topwt"": 4056.9329833984375, ""grnwt"": 0.0, ""xlai"": 3.199831247329712, ""totir"": 70.0, ""tofer"": NaN, ""swfac"": 0.0, ""nstres"": 0.0}",0.0,0.0,4056.9329833984375,0.0,3.199831247329712,70.0,,0.0,0.0,70.0,150.0,-3.060717773437503,24.939282226562497,Leave_One_experiments/all_year_offline_schedule_search/daily_outputs/HLA/HLA_2022_HLA2022_normal_grid_S0016_daily.csv
HLA,HLA,Hailun,2022,Leave_One_experiments\wth_generated_qc\HLA\HLA2022.WTH,normal_year;nitrogen_stress_year;low_response_year,normal,HLA2022_normal_grid_S0016,pareto_balanced,2022-07-12,193,74,69,"{""sim_day"": 74.0, ""doy"": 193.0, ""topwt"": 4353.955078125, ""grnwt"": 0.0, ""xlai"": 3.307021379470825, ""totir"": 70.0, ""tofer"": NaN, ""swfac"": 0.0, ""nstres"": 0.0}",0.0,0.0,4353.955078125,0.0,3.307021379470825,70.0,,0.0,0.0,70.0,150.0,-3.060717773437503,24.939282226562497,Leave_One_experiments/all_year_offline_schedule_search/daily_outputs/HLA/HLA_2022_HLA2022_normal_grid_S0016_daily.csv
HLA,HLA,Hailun,2022,Leave_One_experiments\wth_generated_qc\HLA\HLA2022.WTH,normal_year;nitrogen_stress_year;low_response_year,normal,HLA2022_normal_grid_S0016,pareto_balanced,2022-07-13,194,75,70,"{""sim_day"": 75.0, ""doy"": 194.0, ""topwt"": 4618.896179199219, ""grnwt"": 0.0, ""xlai"": 3.3944826126098637, ""totir"": 70.0, ""tofer"": NaN, ""swfac"": 0.0, ""nstres"": 0.0}",0.0,0.0,4618.896179199219,0.0,3.3944826126098637,70.0,,0.0,0.0,70.0,150.0,-3.060717773437503,24.939282226562497,Leave_One_experiments/all_year_offline_schedule_search/daily_outputs/HLA/HLA_2022_HLA2022_normal_grid_S0016_daily.csv
HLA,HLA,Hailun,2022,Leave_One_experiments\wth_generated_qc\HLA\HLA2022.WTH,normal_year;nitrogen_stress_year;low_response_year,normal,HLA2022_normal_grid_S0016,pareto_balanced,2022-07-14,195,76,71,"{""sim_day"": 76.0, ""doy"": 195.0, ""topwt"": 4888.499450683594, ""grnwt"": 0.0, ""xlai"": 3.47696590423584, ""totir"": 70.0, ""tofer"": NaN, ""swfac"": 0.0, ""nstres"": 0.0}",0.0,0.0,4888.499450683594,0.0,3.47696590423584,70.0,,0.0,0.0,70.0,150.0,-3.060717773437503,24.939282226562497,Leave_One_experiments/all_year_offline_schedule_search/daily_outputs/HLA/HLA_2022_HLA2022_normal_grid_S0016_daily.csv
HLA,HLA,Hailun,2022,Leave_One_experiments\wth_generated_qc\HLA\HLA2022.WTH,normal_year;nitrogen_stress_year;low_response_year,normal,HLA2022_normal_grid_S0016,pareto_balanced,2022-07-15,196,77,72,"{""sim_day"": 77.0, ""doy"": 196.0, ""topwt"": 5142.7935791015625, ""grnwt"": 0.0, ""xlai"": 3.550047874450684, ""totir"": 70.0, ""tofer"": NaN, ""swfac"": 0.0, ""nstres"": 0.0}",0.0,0.0,5142.7935791015625,0.0,3.550047874450684,70.0,,0.0,0.0,70.0,150.0,-3.060717773437503,24.939282226562497,Leave_One_experiments/all_year_offline_schedule_search/daily_outputs/HLA/HLA_2022_HLA2022_normal_grid_S0016_daily.csv
HLA,HLA,Hailun,2022,Leave_One_experiments\wth_generated_qc\HLA\HLA2022.WTH,normal_year;nitrogen_stress_year;low_response_year,normal,HLA2022_normal_grid_S0016,pareto_balanced,2022-07-16,197,78,73,"{""sim_day"": 78.0, ""doy"": 197.0, ""topwt"": 5374.898681640625, ""grnwt"": 0.0, ""xlai"": 3.6134226322174072, ""totir"": 70.0, ""tofer"": NaN, ""swfac"": 0.0, ""nstres"": 0.0}",0.0,0.0,5374.898681640625,0.0,3.6134226322174072,70.0,,0.0,0.0,70.0,150.0,-3.060717773437503,24.939282226562497,Leave_One_experiments/all_year_offline_schedule_search/daily_outputs/HLA/HLA_2022_HLA2022_normal_grid_S0016_daily.csv
HLA,HLA,Hailun,2022,Leave_One_experiments\wth_generated_qc\HLA\HLA2022.WTH,normal_year;nitrogen_stress_year;low_response_year,normal,HLA2022_normal_grid_S0016,pareto_balanced,2022-07-17,198,79,74,"{""sim_day"": 79.0, ""doy"": 198.0, ""topwt"": 5612.755126953125, ""grnwt"": 0.0, ""xlai"": 3.675383090972901, ""totir"": 70.0, ""tofer"": NaN, ""swfac"": 0.0, ""nstres"": 0.0}",0.0,0.0,5612.755126953125,0.0,3.675383090972901,70.0,,0.0,0.0,70.0,150.0,-3.060717773437503,24.939282226562497,Leave_One_experiments/all_year_offline_schedule_search/daily_outputs/HLA/HLA_2022_HLA2022_normal_grid_S0016_daily.csv
HLA,HLA,Hailun,2022,Leave_One_experiments\wth_generated_qc\HLA\HLA2022.WTH,normal_year;nitrogen_stress_year;low_response_year,normal,HLA2022_normal_grid_S0016,pareto_balanced,2022-07-18,199,80,75,"{""sim_day"": 80.0, ""doy"": 199.0, ""topwt"": 5857.7423095703125, ""grnwt"": 0.0, ""xlai"": 3.731990814208984, ""totir"": 70.0, ""tofer"": NaN, ""swfac"": 0.0, ""nstres"": 0.0094021558761596}",0.0,0.0094021558761596,5857.7423095703125,0.0,3.731990814208984,70.0,,0.0,0.0,70.0,150.0,-3.060717773437503,24.939282226562497,Leave_One_experiments/all_year_offline_schedule_search/daily_outputs/HLA/HLA_2022_HLA2022_normal_grid_S0016_daily.csv
HLA,HLA,Hailun,2022,Leave_One_experiments\wth_generated_qc\HLA\HLA2022.WTH,normal_year;nitrogen_stress_year;low_response_year,normal,HLA2022_normal_grid_S0016,pareto_balanced,2022-07-19,200,81,76,"{""sim_day"": 81.0, ""doy"": 200.0, ""topwt"": 6108.67431640625, ""grnwt"": 0.0, ""xlai"": 3.786186695098877, ""totir"": 70.0, ""tofer"": NaN, ""swfac"": 0.0, ""nstres"": 0.0173285007476806}",0.0,0.0173285007476806,6108.67431640625,0.0,3.786186695098877,70.0,,0.0,0.0,70.0,150.0,-3.060717773437503,24.939282226562497,Leave_One_experiments/all_year_offline_schedule_search/daily_outputs/HLA/HLA_2022_HLA2022_normal_grid_S0016_daily.csv
HLA,HLA,Hailun,2022,Leave_One_experiments\wth_generated_qc\HLA\HLA2022.WTH,normal_year;nitrogen_stress_year;low_response_year,normal,HLA2022_normal_grid_S0016,pareto_balanced,2022-07-20,201,82,77,"{""sim_day"": 82.0, ""doy"": 201.0, ""topwt"": 6337.1588134765625, ""grnwt"": 0.0, ""xlai"": 3.8311338424682617, ""totir"": 70.0, ""tofer"": NaN, ""swfac"": 0.0, ""nstres"": 0.02454274892807}",0.0,0.02454274892807,6337.1588134765625,0.0,3.8311338424682617,70.0,,0.0,0.0,70.0,150.0,-3.060717773437503,24.939282226562497,Leave_One_experiments/all_year_offline_schedule_search/daily_outputs/HLA/HLA_2022_HLA2022_normal_grid_S0016_daily.csv
HLA,HLA,Hailun,2022,Leave_One_experiments\wth_generated_qc\HLA\HLA2022.WTH,normal_year;nitrogen_stress_year;low_response_year,normal,HLA2022_normal_grid_S0016,pareto_balanced,2022-07-21,202,83,78,"{""sim_day"": 83.0, ""doy"": 202.0, ""topwt"": 6569.259643554688, ""grnwt"": 0.0, ""xlai"": 3.873624563217163, ""totir"": 70.0, ""tofer"": NaN, ""swfac"": 0.0, ""nstres"": 0.0310413837432861}",0.0,0.0310413837432861,6569.259643554688,0.0,3.873624563217163,70.0,,0.0,0.0,70.0,150.0,-3.060717773437503,24.939282226562497,Leave_One_experiments/all_year_offline_schedule_search/daily_outputs/HLA/HLA_2022_HLA2022_normal_grid_S0016_daily.csv
HLA,HLA,Hailun,2022,Leave_One_experiments\wth_generated_qc\HLA\HLA2022.WTH,normal_year;nitrogen_stress_year;low_response_year,normal,HLA2022_normal_grid_S0016,pareto_balanced,2022-07-22,203,84,79,"{""sim_day"": 84.0, ""doy"": 203.0, ""topwt"": 6797.71484375, ""grnwt"": 0.0, ""xlai"": 3.9154224395751953, ""totir"": 70.0, ""tofer"": NaN, ""swfac"": 0.0, ""nstres"": 0.0301469564437866}",0.0,0.0301469564437866,6797.71484375,0.0,3.9154224395751953,70.0,,0.0,0.0,70.0,150.0,-3.060717773437503,24.939282226562497,Leave_One_experiments/all_year_offline_schedule_search/daily_outputs/HLA/HLA_2022_HLA2022_normal_grid_S0016_daily.csv
HLA,HLA,Hailun,2022,Leave_One_experiments\wth_generated_qc\HLA\HLA2022.WTH,normal_year;nitrogen_stress_year;low_response_year,normal,HLA2022_normal_grid_S0016,pareto_balanced,2022-07-23,204,85,80,"{""sim_day"": 85.0, ""doy"": 204.0, ""topwt"": 7007.994384765625, ""grnwt"": 0.0, ""xlai"": 3.949423313140869, ""totir"": 70.0, ""tofer"": NaN, ""swfac"": 0.0, ""nstres"": 0.036342978477478}",0.0,0.036342978477478,7007.994384765625,0.0,3.949423313140869,70.0,,0.0,0.0,70.0,150.0,-3.060717773437503,24.939282226562497,Leave_One_experiments/all_year_offline_schedule_search/daily_outputs/HLA/HLA_2022_HLA2022_normal_grid_S0016_daily.csv
HLA,HLA,Hailun,2022,Leave_One_experiments\wth_generated_qc\HLA\HLA2022.WTH,normal_year;nitrogen_stress_year;low_response_year,normal,HLA2022_normal_grid_S0016,pareto_balanced,2022-07-24,205,86,81,"{""sim_day"": 86.0, ""doy"": 205.0, ""topwt"": 7343.055419921875, ""grnwt"": 0.0, ""xlai"": 3.8386385440826416, ""totir"": 70.0, ""tofer"": NaN, ""swfac"": 0.0, ""nstres"": 0.0415939092636108}",0.0,0.0415939092636108,7343.055419921875,0.0,3.8386385440826416,70.0,,0.0,0.0,70.0,150.0,-3.060717773437503,24.939282226562497,Leave_One_experiments/all_year_offline_schedule_search/daily_outputs/HLA/HLA_2022_HLA2022_normal_grid_S0016_daily.csv
HLA,HLA,Hailun,2022,Leave_One_experiments\wth_generated_qc\HLA\HLA2022.WTH,normal_year;nitrogen_stress_year;low_response_year,normal,HLA2022_normal_grid_S0016,pareto_balanced,2022-07-25,206,87,82,"{""sim_day"": 87.0, ""doy"": 206.0, ""topwt"": 7732.372436523437, ""grnwt"": 0.0, ""xlai"": 3.819256067276001, ""totir"": 70.0, ""tofer"": NaN, ""swfac"": 0.0, ""nstres"": 0.0403945446014404}",0.0,0.0403945446014404,7732.372436523437,0.0,3.819256067276001,70.0,,0.0,0.0,70.0,150.0,-3.060717773437503,24.939282226562497,Leave_One_experiments/all_year_offline_schedule_search/daily_outputs/HLA/HLA_2022_HLA2022_normal_grid_S0016_daily.csv
HLA,HLA,Hailun,2022,Leave_One_experiments\wth_generated_qc\HLA\HLA2022.WTH,normal_year;nitrogen_stress_year;low_response_year,normal,HLA2022_normal_grid_S0016,pareto_balanced,2022-07-26,207,88,83,"{""sim_day"": 88.0, ""doy"": 207.0, ""topwt"": 8115.543212890625, ""grnwt"": 0.0, ""xlai"": 3.80094838142395, ""totir"": 70.0, ""tofer"": NaN, ""swfac"": 0.0, ""nstres"": 0.0383476018905639}",0.0,0.0383476018905639,8115.543212890625,0.0,3.80094838142395,70.0,,0.0,0.0,70.0,150.0,-3.060717773437503,24.939282226562497,Leave_One_experiments/all_year_offline_schedule_search/daily_outputs/HLA/HLA_2022_HLA2022_normal_grid_S0016_daily.csv
HLA,HLA,Hailun,2022,Leave_One_experiments\wth_generated_qc\HLA\HLA2022.WTH,normal_year;nitrogen_stress_year;low_response_year,normal,HLA2022_normal_grid_S0016,pareto_balanced,2022-07-27,208,89,84,"{""sim_day"": 89.0, ""doy"": 208.0, ""topwt"": 8325.3564453125, ""grnwt"": 0.0, ""xlai"": 3.783735036849976, ""totir"": 70.0, ""tofer"": NaN, ""swfac"": 0.0, ""nstres"": 0.0362290143966674}",0.0,0.0362290143966674,8325.3564453125,0.0,3.783735036849976,70.0,,0.0,0.0,70.0,150.0,-3.060717773437503,24.939282226562497,Leave_One_experiments/all_year_offline_schedule_search/daily_outputs/HLA/HLA_2022_HLA2022_normal_grid_S0016_daily.csv
HLA,HLA,Hailun,2022,Leave_One_experiments\wth_generated_qc\HLA\HLA2022.WTH,normal_year;nitrogen_stress_year;low_response_year,normal,HLA2022_normal_grid_S0016,pareto_balanced,2022-07-28,209,90,85,"{""sim_day"": 90.0, ""doy"": 209.0, ""topwt"": 8381.592407226562, ""grnwt"": 0.0, ""xlai"": 3.767324924468994, ""totir"": 70.0, ""tofer"": NaN, ""swfac"": 0.0, ""nstres"": 0.0346964001655578}",0.0,0.0346964001655578,8381.592407226562,0.0,3.767324924468994,70.0,,0.0,0.0,70.0,150.0,-3.060717773437503,24.939282226562497,Leave_One_experiments/all_year_offline_schedule_search/daily_outputs/HLA/HLA_2022_HLA2022_normal_grid_S0016_daily.csv
HLA,HLA,Hailun,2022,Leave_One_experiments\wth_generated_qc\HLA\HLA2022.WTH,normal_year;nitrogen_stress_year;low_response_year,normal,HLA2022_normal_grid_S0016,pareto_balanced,2022-07-29,210,91,86,"{""sim_day"": 91.0, ""doy"": 210.0, ""topwt"": 8669.265747070312, ""grnwt"": 0.0, ""xlai"": 3.7547764778137207, ""totir"": 70.0, ""tofer"": NaN, ""swfac"": 0.0, ""nstres"": 0.0266470909118652}",0.0,0.0266470909118652,8669.265747070312,0.0,3.7547764778137207,70.0,,0.0,0.0,70.0,150.0,-3.060717773437503,24.939282226562497,Leave_One_experiments/all_year_offline_schedule_search/daily_outputs/HLA/HLA_2022_HLA2022_normal_grid_S0016_daily.csv
HLA,HLA,Hailun,2022,Leave_One_experiments\wth_generated_qc\HLA\HLA2022.WTH,normal_year;nitrogen_stress_year;low_response_year,normal,HLA2022_normal_grid_S0016,pareto_balanced,2022-07-30,211,92,87,"{""sim_day"": 92.0, ""doy"": 211.0, ""topwt"": 8980.352783203125, ""grnwt"": 0.0, ""xlai"": 3.7369284629821777, ""totir"": 70.0, ""tofer"": NaN, ""swfac"": 0.0, ""nstres"": 0.0127285718917846}",0.0,0.0127285718917846,8980.352783203125,0.0,3.7369284629821777,70.0,,0.0,0.0,70.0,150.0,-3.060717773437503,24.939282226562497,Leave_One_experiments/all_year_offline_schedule_search/daily_outputs/HLA/HLA_2022_HLA2022_normal_grid_S0016_daily.csv
HLA,HLA,Hailun,2022,Leave_One_experiments\wth_generated_qc\HLA\HLA2022.WTH,normal_year;nitrogen_stress_year;low_response_year,normal,HLA2022_normal_grid_S0016,pareto_balanced,2022-07-31,212,93,88,"{""sim_day"": 93.0, ""doy"": 212.0, ""topwt"": 9346.698608398438, ""grnwt"": 0.0, ""xlai"": 3.721062898635864, ""totir"": 70.0, ""tofer"": NaN, ""swfac"": 0.0, ""nstres"": 0.0038757920265197}",0.0,0.0038757920265197,9346.698608398438,0.0,3.721062898635864,70.0,,0.0,0.0,70.0,150.0,-3.060717773437503,24.939282226562497,Leave_One_experiments/all_year_offline_schedule_search/daily_outputs/HLA/HLA_2022_HLA2022_normal_grid_S0016_daily.csv
HLA,HLA,Hailun,2022,Leave_One_experiments\wth_generated_qc\HLA\HLA2022.WTH,normal_year;nitrogen_stress_year;low_response_year,normal,HLA2022_normal_grid_S0016,pareto_balanced,2022-08-01,213,94,89,"{""sim_day"": 94.0, ""doy"": 213.0, ""topwt"": 9569.677734375, ""grnwt"": 0.0, ""xlai"": 3.7028229236602783, ""totir"": 70.0, ""tofer"": NaN, ""swfac"": 0.0, ""nstres"": 0.0}",0.0,0.0,9569.677734375,0.0,3.7028229236602783,70.0,,0.0,0.0,70.0,150.0,-3.060717773437503,24.939282226562497,Leave_One_experiments/all_year_offline_schedule_search/daily_outputs/HLA/HLA_2022_HLA2022_normal_grid_S0016_daily.csv
HLA,HLA,Hailun,2022,Leave_One_experiments\wth_generated_qc\HLA\HLA2022.WTH,normal_year;nitrogen_stress_year;low_response_year,normal,HLA2022_normal_grid_S0016,pareto_balanced,2022-08-02,214,95,90,"{""sim_day"": 95.0, ""doy"": 214.0, ""topwt"": 9941.854248046877, ""grnwt"": 0.0, ""xlai"": 3.684734344482422, ""totir"": 70.0, ""tofer"": NaN, ""swfac"": 0.0, ""nstres"": 0.0}",0.0,0.0,9941.854248046877,0.0,3.684734344482422,70.0,,0.0,0.0,70.0,150.0,-3.060717773437503,24.939282226562497,Leave_One_experiments/all_year_offline_schedule_search/daily_outputs/HLA/HLA_2022_HLA2022_normal_grid_S0016_daily.csv
HLA,HLA,Hailun,2022,Leave_One_experiments\wth_generated_qc\HLA\HLA2022.WTH,normal_year;nitrogen_stress_year;low_response_year,normal,HLA2022_normal_grid_S0016,pareto_balanced,2022-08-03,215,96,91,"{""sim_day"": 96.0, ""doy"": 215.0, ""topwt"": 10104.058837890623, ""grnwt"": 162.20523834228516, ""xlai"": 3.59403657913208, ""totir"": 70.0, ""tofer"": NaN, ""swfac"": 0.0, ""nstres"": 0.0}",0.0,0.0,10104.058837890623,162.20523834228516,3.59403657913208,70.0,,0.0,0.0,70.0,150.0,-3.060717773437503,24.939282226562497,Leave_One_experiments/all_year_offline_schedule_search/daily_outputs/HLA/HLA_2022_HLA2022_normal_grid_S0016_daily.csv
HLA,HLA,Hailun,2022,Leave_One_experiments\wth_generated_qc\HLA\HLA2022.WTH,normal_year;nitrogen_stress_year;low_response_year,normal,HLA2022_normal_grid_S0016,pareto_balanced,2022-08-04,216,97,92,"{""sim_day"": 97.0, ""doy"": 216.0, ""topwt"": 10266.2646484375, ""grnwt"": 324.4104766845703, ""xlai"": 3.580413579940796, ""totir"": 70.0, ""tofer"": NaN, ""swfac"": 0.0, ""nstres"": 0.0}",0.0,0.0,10266.2646484375,324.4104766845703,3.580413579940796,70.0,,0.0,0.0,70.0,150.0,-3.060717773437503,24.939282226562497,Leave_One_experiments/all_year_offline_schedule_search/daily_outputs/HLA/HLA_2022_HLA2022_normal_grid_S0016_daily.csv
HLA,HLA,Hailun,2022,Leave_One_experiments\wth_generated_qc\HLA\HLA2022.WTH,normal_year;nitrogen_stress_year;low_response_year,normal,HLA2022_normal_grid_S0016,pareto_balanced,2022-08-05,217,98,93,"{""sim_day"": 98.0, ""doy"": 217.0, ""topwt"": 10428.46923828125, ""grnwt"": 486.6157150268554, ""xlai"": 3.56520414352417, ""totir"": 70.0, ""tofer"": NaN, ""swfac"": 0.0, ""nstres"": 0.0}",0.0,0.0,10428.46923828125,486.6157150268554,3.56520414352417,70.0,,0.0,0.0,70.0,150.0,-3.060717773437503,24.939282226562497,Leave_One_experiments/all_year_offline_schedule_search/daily_outputs/HLA/HLA_2022_HLA2022_normal_grid_S0016_daily.csv
HLA,HLA,Hailun,2022,Leave_One_experiments\wth_generated_qc\HLA\HLA2022.WTH,normal_year;nitrogen_stress_year;low_response_year,normal,HLA2022_normal_grid_S0016,pareto_balanced,2022-08-06,218,99,94,"{""sim_day"": 99.0, ""doy"": 218.0, ""topwt"": 10590.675048828123, ""grnwt"": 648.8209533691406, ""xlai"": 3.5495080947875977, ""totir"": 70.0, ""tofer"": NaN, ""swfac"": 0.0, ""nstres"": 0.0}",0.0,0.0,10590.675048828123,648.8209533691406,3.5495080947875977,70.0,,0.0,0.0,70.0,150.0,-3.060717773437503,24.939282226562497,Leave_One_experiments/all_year_offline_schedule_search/daily_outputs/HLA/HLA_2022_HLA2022_normal_grid_S0016_daily.csv
HLA,HLA,Hailun,2022,Leave_One_experiments\wth_generated_qc\HLA\HLA2022.WTH,normal_year;nitrogen_stress_year;low_response_year,normal,HLA2022_normal_grid_S0016,pareto_balanced,2022-08-07,219,100,95,"{""sim_day"": 100.0, ""doy"": 219.0, ""topwt"": 10752.879638671877, ""grnwt"": 811.0261535644531, ""xlai"": 3.5354108810424805, ""totir"": 70.0, ""tofer"": NaN, ""swfac"": 0.0, ""nstres"": 0.0}",0.0,0.0,10752.879638671877,811.0261535644531,3.5354108810424805,70.0,,0.0,0.0,70.0,150.0,-3.060717773437503,24.939282226562497,Leave_One_experiments/all_year_offline_schedule_search/daily_outputs/HLA/HLA_2022_HLA2022_normal_grid_S0016_daily.csv
HLA,HLA,Hailun,2022,Leave_One_experiments\wth_generated_qc\HLA\HLA2022.WTH,normal_year;nitrogen_stress_year;low_response_year,normal,HLA2022_normal_grid_S0016,pareto_balanced,2022-08-08,220,101,96,"{""sim_day"": 101.0, ""doy"": 220.0, ""topwt"": 10915.08544921875, ""grnwt"": 973.2314300537108, ""xlai"": 3.519740104675293, ""totir"": 70.0, ""tofer"": NaN, ""swfac"": 0.0, ""nstres"": 0.0}",0.0,0.0,10915.08544921875,973.2314300537108,3.519740104675293,70.0,,0.0,0.0,70.0,150.0,-3.060717773437503,24.939282226562497,Leave_One_experiments/all_year_offline_schedule_search/daily_outputs/HLA/HLA_2022_HLA2022_normal_grid_S0016_daily.csv
HLA,HLA,Hailun,2022,Leave_One_experiments\wth_generated_qc\HLA\HLA2022.WTH,normal_year;nitrogen_stress_year;low_response_year,normal,HLA2022_normal_grid_S0016,pareto_balanced,2022-08-09,221,102,97,"{""sim_day"": 102.0, ""doy"": 221.0, ""topwt"": 11077.2900390625, ""grnwt"": 1135.4366302490234, ""xlai"": 3.5040953159332275, ""totir"": 70.0, ""tofer"": NaN, ""swfac"": 0.0, ""nstres"": 0.0}",0.0,0.0,11077.2900390625,1135.4366302490234,3.5040953159332275,70.0,,0.0,0.0,70.0,150.0,-3.060717773437503,24.939282226562497,Leave_One_experiments/all_year_offline_schedule_search/daily_outputs/HLA/HLA_2022_HLA2022_normal_grid_S0016_daily.csv
HLA,HLA,Hailun,2022,Leave_One_experiments\wth_generated_qc\HLA\HLA2022.WTH,normal_year;nitrogen_stress_year;low_response_year,normal,HLA2022_normal_grid_S0016,pareto_balanced,2022-08-10,222,103,98,"{""sim_day"": 103.0, ""doy"": 222.0, ""topwt"": 11239.49462890625, ""grnwt"": 1297.6419067382812, ""xlai"": 3.485806465148926, ""totir"": 70.0, ""tofer"": NaN, ""swfac"": 0.0, ""nstres"": 0.003003716468811}",0.0,0.003003716468811,11239.49462890625,1297.6419067382812,3.485806465148926,70.0,,0.0,0.0,70.0,150.0,-3.060717773437503,24.939282226562497,Leave_One_experiments/all_year_offline_schedule_search/daily_outputs/HLA/HLA_2022_HLA2022_normal_grid_S0016_daily.csv
HLA,HLA,Hailun,2022,Leave_One_experiments\wth_generated_qc\HLA\HLA2022.WTH,normal_year;nitrogen_stress_year;low_response_year,normal,HLA2022_normal_grid_S0016,pareto_balanced,2022-08-11,223,104,99,"{""sim_day"": 104.0, ""doy"": 223.0, ""topwt"": 11401.69921875, ""grnwt"": 1459.8471069335938, ""xlai"": 3.4668800830841064, ""totir"": 70.0, ""tofer"": NaN, ""swfac"": 0.0, ""nstres"": 0.0107208490371704}",0.0,0.0107208490371704,11401.69921875,1459.8471069335938,3.4668800830841064,70.0,,0.0,0.0,70.0,150.0,-3.060717773437503,24.939282226562497,Leave_One_experiments/all_year_offline_schedule_search/daily_outputs/HLA/HLA_2022_HLA2022_normal_grid_S0016_daily.csv
HLA,HLA,Hailun,2022,Leave_One_experiments\wth_generated_qc\HLA\HLA2022.WTH,normal_year;nitrogen_stress_year;low_response_year,normal,HLA2022_normal_grid_S0016,pareto_balanced,2022-08-12,224,105,100,"{""sim_day"": 105.0, ""doy"": 224.0, ""topwt"": 11563.905029296877, ""grnwt"": 1622.0523071289062, ""xlai"": 3.445310115814209, ""totir"": 70.0, ""tofer"": NaN, ""swfac"": 0.0, ""nstres"": 0.0181611776351928}",0.0,0.0181611776351928,11563.905029296877,1622.0523071289062,3.445310115814209,70.0,,0.0,0.0,70.0,150.0,-3.060717773437503,24.939282226562497,Leave_One_experiments/all_year_offline_schedule_search/daily_outputs/HLA/HLA_2022_HLA2022_normal_grid_S0016_daily.csv
HLA,HLA,Hailun,2022,Leave_One_experiments\wth_generated_qc\HLA\HLA2022.WTH,normal_year;nitrogen_stress_year;low_response_year,normal,HLA2022_normal_grid_S0016,pareto_balanced,2022-08-13,225,106,101,"{""sim_day"": 106.0, ""doy"": 225.0, ""topwt"": 11726.11083984375, ""grnwt"": 1784.2576599121094, ""xlai"": 3.421776056289673, ""totir"": 70.0, ""tofer"": NaN, ""swfac"": 0.0, ""nstres"": 0.0258302688598632}",0.0,0.0258302688598632,11726.11083984375,1784.2576599121094,3.421776056289673,70.0,,0.0,0.0,70.0,150.0,-3.060717773437503,24.939282226562497,Leave_One_experiments/all_year_offline_schedule_search/daily_outputs/HLA/HLA_2022_HLA2022_normal_grid_S0016_daily.csv
HLA,HLA,Hailun,2022,Leave_One_experiments\wth_generated_qc\HLA\HLA2022.WTH,normal_year;nitrogen_stress_year;low_response_year,normal,HLA2022_normal_grid_S0016,pareto_balanced,2022-08-14,226,107,102,"{""sim_day"": 107.0, ""doy"": 226.0, ""topwt"": 11888.3154296875, ""grnwt"": 1946.4630126953125, ""xlai"": 3.3893609046936035, ""totir"": 70.0, ""tofer"": NaN, ""swfac"": 0.0, ""nstres"": 0.0315378904342651}",0.0,0.0315378904342651,11888.3154296875,1946.4630126953125,3.3893609046936035,70.0,,0.0,0.0,70.0,150.0,-3.060717773437503,24.939282226562497,Leave_One_experiments/all_year_offline_schedule_search/daily_outputs/HLA/HLA_2022_HLA2022_normal_grid_S0016_daily.csv
HLA,HLA,Hailun,2022,Leave_One_experiments\wth_generated_qc\HLA\HLA2022.WTH,normal_year;nitrogen_stress_year;low_response_year,normal,HLA2022_normal_grid_S0016,pareto_balanced,2022-08-15,227,108,103,"{""sim_day"": 108.0, ""doy"": 227.0, ""topwt"": 12050.52001953125, ""grnwt"": 2108.668365478516, ""xlai"": 3.3586502075195312, ""totir"": 70.0, ""tofer"": NaN, ""swfac"": 0.0, ""nstres"": 0.0388729572296142}",0.0,0.0388729572296142,12050.52001953125,2108.668365478516,3.3586502075195312,70.0,,0.0,0.0,70.0,150.0,-3.060717773437503,24.939282226562497,Leave_One_experiments/all_year_offline_schedule_search/daily_outputs/HLA/HLA_2022_HLA2022_normal_grid_S0016_daily.csv
HLA,HLA,Hailun,2022,Leave_One_experiments\wth_generated_qc\HLA\HLA2022.WTH,normal_year;nitrogen_stress_year;low_response_year,normal,HLA2022_normal_grid_S0016,pareto_balanced,2022-08-16,228,109,104,"{""sim_day"": 109.0, ""doy"": 228.0, ""topwt"": 12212.725830078123, ""grnwt"": 2270.8737182617188, ""xlai"": 3.3162882328033447, ""totir"": 70.0, ""tofer"": NaN, ""swfac"": 0.0, ""nstres"": 0.0441522598266601}",0.0,0.0441522598266601,12212.725830078123,2270.8737182617188,3.3162882328033447,70.0,,0.0,0.0,70.0,150.0,-3.060717773437503,24.939282226562497,Leave_One_experiments/all_year_offline_schedule_search/daily_outputs/HLA/HLA_2022_HLA2022_normal_grid_S0016_daily.csv
HLA,HLA,Hailun,2022,Leave_One_experiments\wth_generated_qc\HLA\HLA2022.WTH,normal_year;nitrogen_stress_year;low_response_year,normal,HLA2022_normal_grid_S0016,pareto_balanced,2022-08-17,229,110,105,"{""sim_day"": 110.0, ""doy"": 229.0, ""topwt"": 12374.931640625, ""grnwt"": 2433.0789184570312, ""xlai"": 3.272702217102051, ""totir"": 70.0, ""tofer"": NaN, ""swfac"": 0.0, ""nstres"": 0.0504385232925415}",0.0,0.0504385232925415,12374.931640625,2433.0789184570312,3.272702217102051,70.0,,0.0,0.0,70.0,150.0,-3.060717773437503,24.939282226562497,Leave_One_experiments/all_year_offline_schedule_search/daily_outputs/HLA/HLA_2022_HLA2022_normal_grid_S0016_daily.csv
HLA,HLA,Hailun,2022,Leave_One_experiments\wth_generated_qc\HLA\HLA2022.WTH,normal_year;nitrogen_stress_year;low_response_year,normal,HLA2022_normal_grid_S0016,pareto_balanced,2022-08-18,230,111,106,"{""sim_day"": 111.0, ""doy"": 230.0, ""topwt"": 12537.13623046875, ""grnwt"": 2595.284423828125, ""xlai"": 3.23708438873291, ""totir"": 70.0, ""tofer"": NaN, ""swfac"": 0.0, ""nstres"": 0.0594900846481323}",0.0,0.0594900846481323,12537.13623046875,2595.284423828125,3.23708438873291,70.0,,0.0,0.0,70.0,150.0,-3.060717773437503,24.939282226562497,Leave_One_experiments/all_year_offline_schedule_search/daily_outputs/HLA/HLA_2022_HLA2022_normal_grid_S0016_daily.csv
HLA,HLA,Hailun,2022,Leave_One_experiments\wth_generated_qc\HLA\HLA2022.WTH,normal_year;nitrogen_stress_year;low_response_year,normal,HLA2022_normal_grid_S0016,pareto_balanced,2022-08-19,231,112,107,"{""sim_day"": 112.0, ""doy"": 231.0, ""topwt"": 12699.3408203125, ""grnwt"": 2757.489624023437, ""xlai"": 3.207225561141968, ""totir"": 70.0, ""tofer"": NaN, ""swfac"": 0.0, ""nstres"": 0.0701383352279663}",0.0,0.0701383352279663,12699.3408203125,2757.489624023437,3.207225561141968,70.0,,0.0,0.0,70.0,150.0,-3.060717773437503,24.939282226562497,Leave_One_experiments/all_year_offline_schedule_search/daily_outputs/HLA/HLA_2022_HLA2022_normal_grid_S0016_daily.csv
HLA,HLA,Hailun,2022,Leave_One_experiments\wth_generated_qc\HLA\HLA2022.WTH,normal_year;nitrogen_stress_year;low_response_year,normal,HLA2022_normal_grid_S0016,pareto_balanced,2022-08-20,232,113,108,"{""sim_day"": 113.0, ""doy"": 232.0, ""topwt"": 12861.546630859377, ""grnwt"": 2919.69482421875, ""xlai"": 3.1736931800842285, ""totir"": 70.0, ""tofer"": NaN, ""swfac"": 0.0, ""nstres"": 0.0805075168609619}",0.0,0.0805075168609619,12861.546630859377,2919.69482421875,3.1736931800842285,70.0,,0.0,0.0,70.0,150.0,-3.060717773437503,24.939282226562497,Leave_One_experiments/all_year_offline_schedule_search/daily_outputs/HLA/HLA_2022_HLA2022_normal_grid_S0016_daily.csv
HLA,HLA,Hailun,2022,Leave_One_experiments\wth_generated_qc\HLA\HLA2022.WTH,normal_year;nitrogen_stress_year;low_response_year,normal,HLA2022_normal_grid_S0016,pareto_balanced,2022-08-21,233,114,109,"{""sim_day"": 114.0, ""doy"": 233.0, ""topwt"": 12959.423828125, ""grnwt"": 3057.9556274414062, ""xlai"": 3.136819362640381, ""totir"": 70.0, ""tofer"": NaN, ""swfac"": 0.0, ""nstres"": 0.0929489135742187}",0.0,0.0929489135742187,12959.423828125,3057.9556274414062,3.136819362640381,70.0,,0.0,0.0,70.0,150.0,-3.060717773437503,24.939282226562497,Leave_One_experiments/all_year_offline_schedule_search/daily_outputs/HLA/HLA_2022_HLA2022_normal_grid_S0016_daily.csv
HLA,HLA,Hailun,2022,Leave_One_experiments\wth_generated_qc\HLA\HLA2022.WTH,normal_year;nitrogen_stress_year;low_response_year,normal,HLA2022_normal_grid_S0016,pareto_balanced,2022-08-22,234,115,110,"{""sim_day"": 115.0, ""doy"": 234.0, ""topwt"": 13150.42724609375, ""grnwt"": 3208.5748291015625, ""xlai"": 3.096729278564453, ""totir"": 70.0, ""tofer"": NaN, ""swfac"": 0.0, ""nstres"": 0.10224449634552}",0.0,0.10224449634552,13150.42724609375,3208.5748291015625,3.096729278564453,70.0,,0.0,0.0,70.0,150.0,-3.060717773437503,24.939282226562497,Leave_One_experiments/all_year_offline_schedule_search/daily_outputs/HLA/HLA_2022_HLA2022_normal_grid_S0016_daily.csv
HLA,HLA,Hailun,2022,Leave_One_experiments\wth_generated_qc\HLA\HLA2022.WTH,normal_year;nitrogen_stress_year;low_response_year,normal,HLA2022_normal_grid_S0016,pareto_balanced,2022-08-23,235,116,111,"{""sim_day"": 116.0, ""doy"": 235.0, ""topwt"": 13312.6318359375, ""grnwt"": 3370.7797241210938, ""xlai"": 3.0544333457946777, ""totir"": 70.0, ""tofer"": NaN, ""swfac"": 0.0, ""nstres"": 0.1092662811279296}",0.0,0.1092662811279296,13312.6318359375,3370.7797241210938,3.0544333457946777,70.0,,0.0,0.0,70.0,150.0,-3.060717773437503,24.939282226562497,Leave_One_experiments/all_year_offline_schedule_search/daily_outputs/HLA/HLA_2022_HLA2022_normal_grid_S0016_daily.csv
HLA,HLA,Hailun,2022,Leave_One_experiments\wth_generated_qc\HLA\HLA2022.WTH,normal_year;nitrogen_stress_year;low_response_year,normal,HLA2022_normal_grid_S0016,pareto_balanced,2022-08-24,236,117,112,"{""sim_day"": 117.0, ""doy"": 236.0, ""topwt"": 13474.8388671875, ""grnwt"": 3532.9849243164062, ""xlai"": 3.007277250289917, ""totir"": 70.0, ""tofer"": NaN, ""swfac"": 0.0, ""nstres"": 0.1235084533691406}",0.0,0.1235084533691406,13474.8388671875,3532.9849243164062,3.007277250289917,70.0,,0.0,0.0,70.0,150.0,-3.060717773437503,24.939282226562497,Leave_One_experiments/all_year_offline_schedule_search/daily_outputs/HLA/HLA_2022_HLA2022_normal_grid_S0016_daily.csv
HLA,HLA,Hailun,2022,Leave_One_experiments\wth_generated_qc\HLA\HLA2022.WTH,normal_year;nitrogen_stress_year;low_response_year,normal,HLA2022_normal_grid_S0016,pareto_balanced,2022-08-25,237,118,113,"{""sim_day"": 118.0, ""doy"": 237.0, ""topwt"": 13606.146240234377, ""grnwt"": 3664.2941284179688, ""xlai"": 2.9561166763305664, ""totir"": 70.0, ""tofer"": NaN, ""swfac"": 0.0, ""nstres"": 0.1360983848571777}",0.0,0.1360983848571777,13606.146240234377,3664.2941284179688,2.9561166763305664,70.0,,0.0,0.0,70.0,150.0,-3.060717773437503,24.939282226562497,Leave_One_experiments/all_year_offline_schedule_search/daily_outputs/HLA/HLA_2022_HLA2022_normal_grid_S0016_daily.csv
HLA,HLA,Hailun,2022,Leave_One_experiments\wth_generated_qc\HLA\HLA2022.WTH,normal_year;nitrogen_stress_year;low_response_year,normal,HLA2022_normal_grid_S0016,pareto_balanced,2022-08-26,238,119,114,"{""sim_day"": 119.0, ""doy"": 238.0, ""topwt"": 13742.861328125, ""grnwt"": 3801.009826660156, ""xlai"": 2.90242862701416, ""totir"": 70.0, ""tofer"": NaN, ""swfac"": 0.0, ""nstres"": 0.145292580127716}",0.0,0.145292580127716,13742.861328125,3801.009826660156,2.90242862701416,70.0,,0.0,0.0,70.0,150.0,-3.060717773437503,24.939282226562497,Leave_One_experiments/all_year_offline_schedule_search/daily_outputs/HLA/HLA_2022_HLA2022_normal_grid_S0016_daily.csv
HLA,HLA,Hailun,2022,Leave_One_experiments\wth_generated_qc\HLA\HLA2022.WTH,normal_year;nitrogen_stress_year;low_response_year,normal,HLA2022_normal_grid_S0016,pareto_balanced,2022-08-27,239,120,115,"{""sim_day"": 120.0, ""doy"": 239.0, ""topwt"": 13905.067138671877, ""grnwt"": 3963.214721679688, ""xlai"": 2.8467862606048584, ""totir"": 70.0, ""tofer"": NaN, ""swfac"": 0.0, ""nstres"": 0.1533676385879516}",0.0,0.1533676385879516,13905.067138671877,3963.214721679688,2.8467862606048584,70.0,,0.0,0.0,70.0,150.0,-3.060717773437503,24.939282226562497,Leave_One_experiments/all_year_offline_schedule_search/daily_outputs/HLA/HLA_2022_HLA2022_normal_grid_S0016_daily.csv
HLA,HLA,Hailun,2022,Leave_One_experiments\wth_generated_qc\HLA\HLA2022.WTH,normal_year;nitrogen_stress_year;low_response_year,normal,HLA2022_normal_grid_S0016,pareto_balanced,2022-08-28,240,121,116,"{""sim_day"": 121.0, ""doy"": 240.0, ""topwt"": 14067.27294921875, ""grnwt"": 4125.419921875, ""xlai"": 2.788492202758789, ""totir"": 70.0, ""tofer"": NaN, ""swfac"": 0.0, ""nstres"": 0.163816750049591}",0.0,0.163816750049591,14067.27294921875,4125.419921875,2.788492202758789,70.0,,0.0,0.0,70.0,150.0,-3.060717773437503,24.939282226562497,Leave_One_experiments/all_year_offline_schedule_search/daily_outputs/HLA/HLA_2022_HLA2022_normal_grid_S0016_daily.csv
HLA,HLA,Hailun,2022,Leave_One_experiments\wth_generated_qc\HLA\HLA2022.WTH,normal_year;nitrogen_stress_year;low_response_year,normal,HLA2022_normal_grid_S0016,pareto_balanced,2022-08-29,241,122,117,"{""sim_day"": 122.0, ""doy"": 241.0, ""topwt"": 14229.478759765623, ""grnwt"": 4287.6251220703125, ""xlai"": 2.727491617202759, ""totir"": 70.0, ""tofer"": NaN, ""swfac"": 0.0, ""nstres"": 0.1750072240829467}",0.0,0.1750072240829467,14229.478759765623,4287.6251220703125,2.727491617202759,70.0,,0.0,0.0,70.0,150.0,-3.060717773437503,24.939282226562497,Leave_One_experiments/all_year_offline_schedule_search/daily_outputs/HLA/HLA_2022_HLA2022_normal_grid_S0016_daily.csv
HLA,HLA,Hailun,2022,Leave_One_experiments\wth_generated_qc\HLA\HLA2022.WTH,normal_year;nitrogen_stress_year;low_response_year,normal,HLA2022_normal_grid_S0016,pareto_balanced,2022-08-30,242,123,118,"{""sim_day"": 123.0, ""doy"": 242.0, ""topwt"": 14391.6845703125, ""grnwt"": 4449.830322265625, ""xlai"": 2.6643261909484863, ""totir"": 70.0, ""tofer"": NaN, ""swfac"": 0.0, ""nstres"": 0.1852700114250183}",0.0,0.1852700114250183,14391.6845703125,4449.830322265625,2.6643261909484863,70.0,,0.0,0.0,70.0,150.0,-3.060717773437503,24.939282226562497,Leave_One_experiments/all_year_offline_schedule_search/daily_outputs/HLA/HLA_2022_HLA2022_normal_grid_S0016_daily.csv
HLA,HLA,Hailun,2022,Leave_One_experiments\wth_generated_qc\HLA\HLA2022.WTH,normal_year;nitrogen_stress_year;low_response_year,normal,HLA2022_normal_grid_S0016,pareto_balanced,2022-08-31,243,124,119,"{""sim_day"": 124.0, ""doy"": 243.0, ""topwt"": 14515.2685546875, ""grnwt"": 4573.41552734375, ""xlai"": 2.5984206199646, ""totir"": 70.0, ""tofer"": NaN, ""swfac"": 0.0, ""nstres"": 0.1978902220726013}",0.0,0.1978902220726013,14515.2685546875,4573.41552734375,2.5984206199646,70.0,,0.0,0.0,70.0,150.0,-3.060717773437503,24.939282226562497,Leave_One_experiments/all_year_offline_schedule_search/daily_outputs/HLA/HLA_2022_HLA2022_normal_grid_S0016_daily.csv
HLA,HLA,Hailun,2022,Leave_One_experiments\wth_generated_qc\HLA\HLA2022.WTH,normal_year;nitrogen_stress_year;low_response_year,normal,HLA2022_normal_grid_S0016,pareto_balanced,2022-09-01,244,125,120,"{""sim_day"": 125.0, ""doy"": 244.0, ""topwt"": 14677.4755859375, ""grnwt"": 4735.620422363281, ""xlai"": 2.531759262084961, ""totir"": 70.0, ""tofer"": NaN, ""swfac"": 0.0, ""nstres"": 0.2157098650932312}",0.0,0.2157098650932312,14677.4755859375,4735.620422363281,2.531759262084961,70.0,,0.0,0.0,70.0,150.0,-3.060717773437503,24.939282226562497,Leave_One_experiments/all_year_offline_schedule_search/daily_outputs/HLA/HLA_2022_HLA2022_normal_grid_S0016_daily.csv
HLA,HLA,Hailun,2022,Leave_One_experiments\wth_generated_qc\HLA\HLA2022.WTH,normal_year;nitrogen_stress_year;low_response_year,normal,HLA2022_normal_grid_S0016,pareto_balanced,2022-09-02,245,126,121,"{""sim_day"": 126.0, ""doy"": 245.0, ""topwt"": 14839.678955078123, ""grnwt"": 4897.825622558594, ""xlai"": 2.463700771331787, ""totir"": 70.0, ""tofer"": NaN, ""swfac"": 0.0, ""nstres"": 0.2451656460762024}",0.0,0.2451656460762024,14839.678955078123,4897.825622558594,2.463700771331787,70.0,,0.0,0.0,70.0,150.0,-3.060717773437503,24.939282226562497,Leave_One_experiments/all_year_offline_schedule_search/daily_outputs/HLA/HLA_2022_HLA2022_normal_grid_S0016_daily.csv
HLA,HLA,Hailun,2022,Leave_One_experiments\wth_generated_qc\HLA\HLA2022.WTH,normal_year;nitrogen_stress_year;low_response_year,normal,HLA2022_normal_grid_S0016,pareto_balanced,2022-09-03,246,127,122,"{""sim_day"": 127.0, ""doy"": 246.0, ""topwt"": 14995.70556640625, ""grnwt"": 5060.030822753906, ""xlai"": 2.394355058670044, ""totir"": 70.0, ""tofer"": NaN, ""swfac"": 0.0, ""nstres"": 0.2755242586135864}",0.0,0.2755242586135864,14995.70556640625,5060.030822753906,2.394355058670044,70.0,,0.0,0.0,70.0,150.0,-3.060717773437503,24.939282226562497,Leave_One_experiments/all_year_offline_schedule_search/daily_outputs/HLA/HLA_2022_HLA2022_normal_grid_S0016_daily.csv
HLA,HLA,Hailun,2022,Leave_One_experiments\wth_generated_qc\HLA\HLA2022.WTH,normal_year;nitrogen_stress_year;low_response_year,normal,HLA2022_normal_grid_S0016,pareto_balanced,2022-09-04,247,128,123,"{""sim_day"": 128.0, ""doy"": 247.0, ""topwt"": 15079.67529296875, ""grnwt"": 5222.2357177734375, ""xlai"": 2.323624849319458, ""totir"": 70.0, ""tofer"": NaN, ""swfac"": 0.0, ""nstres"": 0.3089693188667297}",0.0,0.3089693188667297,15079.67529296875,5222.2357177734375,2.323624849319458,70.0,,0.0,0.0,70.0,150.0,-3.060717773437503,24.939282226562497,Leave_One_experiments/all_year_offline_schedule_search/daily_outputs/HLA/HLA_2022_HLA2022_normal_grid_S0016_daily.csv
HLA,HLA,Hailun,2022,Leave_One_experiments\wth_generated_qc\HLA\HLA2022.WTH,normal_year;nitrogen_stress_year;low_response_year,normal,HLA2022_normal_grid_S0016,pareto_balanced,2022-09-05,248,129,124,"{""sim_day"": 129.0, ""doy"": 248.0, ""topwt"": 15266.998291015623, ""grnwt"": 5378.26171875, ""xlai"": 2.2517340183258057, ""totir"": 70.0, ""tofer"": NaN, ""swfac"": 0.0, ""nstres"": 0.3425369262695312}",0.0,0.3425369262695312,15266.998291015623,5378.26171875,2.2517340183258057,70.0,,0.0,0.0,70.0,150.0,-3.060717773437503,24.939282226562497,Leave_One_experiments/all_year_offline_schedule_search/daily_outputs/HLA/HLA_2022_HLA2022_normal_grid_S0016_daily.csv
HLA,HLA,Hailun,2022,Leave_One_experiments\wth_generated_qc\HLA\HLA2022.WTH,normal_year;nitrogen_stress_year;low_response_year,normal,HLA2022_normal_grid_S0016,pareto_balanced,2022-09-06,249,130,125,"{""sim_day"": 130.0, ""doy"": 249.0, ""topwt"": 15442.4951171875, ""grnwt"": 5528.8812255859375, ""xlai"": 2.180458068847656, ""totir"": 70.0, ""tofer"": NaN, ""swfac"": 0.0, ""nstres"": 0.359694242477417}",0.0,0.359694242477417,15442.4951171875,5528.8812255859375,2.180458068847656,70.0,,0.0,0.0,70.0,150.0,-3.060717773437503,24.939282226562497,Leave_One_experiments/all_year_offline_schedule_search/daily_outputs/HLA/HLA_2022_HLA2022_normal_grid_S0016_daily.csv
HLA,HLA,Hailun,2022,Leave_One_experiments\wth_generated_qc\HLA\HLA2022.WTH,normal_year;nitrogen_stress_year;low_response_year,normal,HLA2022_normal_grid_S0016,pareto_balanced,2022-09-07,250,131,126,"{""sim_day"": 131.0, ""doy"": 250.0, ""topwt"": 15612.60009765625, ""grnwt"": 5691.08642578125, ""xlai"": 2.108351945877075, ""totir"": 70.0, ""tofer"": NaN, ""swfac"": 0.0, ""nstres"": 0.393657386302948}",0.0,0.393657386302948,15612.60009765625,5691.08642578125,2.108351945877075,70.0,,0.0,0.0,70.0,150.0,-3.060717773437503,24.939282226562497,Leave_One_experiments/all_year_offline_schedule_search/daily_outputs/HLA/HLA_2022_HLA2022_normal_grid_S0016_daily.csv
HLA,HLA,Hailun,2022,Leave_One_experiments\wth_generated_qc\HLA\HLA2022.WTH,normal_year;nitrogen_stress_year;low_response_year,normal,HLA2022_normal_grid_S0016,pareto_balanced,2022-09-08,251,132,127,"{""sim_day"": 132.0, ""doy"": 251.0, ""topwt"": 15786.85302734375, ""grnwt"": 5853.291015625, ""xlai"": 2.035273313522339, ""totir"": 70.0, ""tofer"": NaN, ""swfac"": 0.0, ""nstres"": 0.4318768382072449}",0.0,0.4318768382072449,15786.85302734375,5853.291015625,2.035273313522339,70.0,,0.0,0.0,70.0,150.0,-3.060717773437503,24.939282226562497,Leave_One_experiments/all_year_offline_schedule_search/daily_outputs/HLA/HLA_2022_HLA2022_normal_grid_S0016_daily.csv
HLA,HLA,Hailun,2022,Leave_One_experiments\wth_generated_qc\HLA\HLA2022.WTH,normal_year;nitrogen_stress_year;low_response_year,normal,HLA2022_normal_grid_S0016,pareto_balanced,2022-09-09,252,133,128,"{""sim_day"": 133.0, ""doy"": 252.0, ""topwt"": 15951.788330078123, ""grnwt"": 6015.4962158203125, ""xlai"": 1.961972951889038, ""totir"": 70.0, ""tofer"": NaN, ""swfac"": 0.0, ""nstres"": 0.4643570184707641}",0.0,0.4643570184707641,15951.788330078123,6015.4962158203125,1.961972951889038,70.0,,0.0,0.0,70.0,150.0,-3.060717773437503,24.939282226562497,Leave_One_experiments/all_year_offline_schedule_search/daily_outputs/HLA/HLA_2022_HLA2022_normal_grid_S0016_daily.csv
HLA,HLA,Hailun,2022,Leave_One_experiments\wth_generated_qc\HLA\HLA2022.WTH,normal_year;nitrogen_stress_year;low_response_year,normal,HLA2022_normal_grid_S0016,pareto_balanced,2022-09-10,253,134,129,"{""sim_day"": 134.0, ""doy"": 253.0, ""topwt"": 16083.07861328125, ""grnwt"": 6177.701416015625, ""xlai"": 1.8886620998382568, ""totir"": 70.0, ""tofer"": NaN, ""swfac"": 0.0, ""nstres"": 0.4967848658561706}",0.0,0.4967848658561706,16083.07861328125,6177.701416015625,1.8886620998382568,70.0,,0.0,0.0,70.0,150.0,-3.060717773437503,24.939282226562497,Leave_One_experiments/all_year_offline_schedule_search/daily_outputs/HLA/HLA_2022_HLA2022_normal_grid_S0016_daily.csv
HLA,HLA,Hailun,2022,Leave_One_experiments\wth_generated_qc\HLA\HLA2022.WTH,normal_year;nitrogen_stress_year;low_response_year,normal,HLA2022_normal_grid_S0016,pareto_balanced,2022-09-11,254,135,130,"{""sim_day"": 135.0, ""doy"": 254.0, ""topwt"": 16212.2802734375, ""grnwt"": 6339.9066162109375, ""xlai"": 1.815620303153992, ""totir"": 70.0, ""tofer"": NaN, ""swfac"": 0.0, ""nstres"": 0.5281701683998108}",0.0,0.5281701683998108,16212.2802734375,6339.9066162109375,1.815620303153992,70.0,,0.0,0.0,70.0,150.0,-3.060717773437503,24.939282226562497,Leave_One_experiments/all_year_offline_schedule_search/daily_outputs/HLA/HLA_2022_HLA2022_normal_grid_S0016_daily.csv
HLA,HLA,Hailun,2022,Leave_One_experiments\wth_generated_qc\HLA\HLA2022.WTH,normal_year;nitrogen_stress_year;low_response_year,normal,HLA2022_normal_grid_S0016,pareto_balanced,2022-09-12,255,136,131,"{""sim_day"": 136.0, ""doy"": 255.0, ""topwt"": 16342.93701171875, ""grnwt"": 6464.263916015625, ""xlai"": 1.743205428123474, ""totir"": 70.0, ""tofer"": NaN, ""swfac"": 0.0, ""nstres"": 0.5572232306003571}",0.0,0.5572232306003571,16342.93701171875,6464.263916015625,1.743205428123474,70.0,,0.0,0.0,70.0,150.0,-3.060717773437503,24.939282226562497,Leave_One_experiments/all_year_offline_schedule_search/daily_outputs/HLA/HLA_2022_HLA2022_normal_grid_S0016_daily.csv
HLA,HLA,Hailun,2022,Leave_One_experiments\wth_generated_qc\HLA\HLA2022.WTH,normal_year;nitrogen_stress_year;low_response_year,normal,HLA2022_normal_grid_S0016,pareto_balanced,2022-09-13,256,137,132,"{""sim_day"": 137.0, ""doy"": 256.0, ""topwt"": 16464.5166015625, ""grnwt"": 6619.517822265625, ""xlai"": 1.6723634004592896, ""totir"": 70.0, ""tofer"": NaN, ""swfac"": 0.0, ""nstres"": 0.5753343105316162}",0.0,0.5753343105316162,16464.5166015625,6619.517822265625,1.6723634004592896,70.0,,0.0,0.0,70.0,150.0,-3.060717773437503,24.939282226562497,Leave_One_experiments/all_year_offline_schedule_search/daily_outputs/HLA/HLA_2022_HLA2022_normal_grid_S0016_daily.csv
HLA,HLA,Hailun,2022,Leave_One_experiments\wth_generated_qc\HLA\HLA2022.WTH,normal_year;nitrogen_stress_year;low_response_year,normal,HLA2022_normal_grid_S0016,pareto_balanced,2022-09-14,257,138,133,"{""sim_day"": 138.0, ""doy"": 257.0, ""topwt"": 16541.57470703125, ""grnwt"": 6781.7230224609375, ""xlai"": 1.602155089378357, ""totir"": 70.0, ""tofer"": NaN, ""swfac"": 0.0, ""nstres"": 0.6075571477413177}",0.0,0.6075571477413177,16541.57470703125,6781.7230224609375,1.602155089378357,70.0,,0.0,0.0,70.0,150.0,-3.060717773437503,24.939282226562497,Leave_One_experiments/all_year_offline_schedule_search/daily_outputs/HLA/HLA_2022_HLA2022_normal_grid_S0016_daily.csv
HLA,HLA,Hailun,2022,Leave_One_experiments\wth_generated_qc\HLA\HLA2022.WTH,normal_year;nitrogen_stress_year;low_response_year,normal,HLA2022_normal_grid_S0016,pareto_balanced,2022-09-15,258,139,134,"{""sim_day"": 139.0, ""doy"": 258.0, ""topwt"": 16633.1005859375, ""grnwt"": 6943.92822265625, ""xlai"": 1.5332220792770386, ""totir"": 70.0, ""tofer"": NaN, ""swfac"": 0.0, ""nstres"": 0.6326003074645996}",0.0,0.6326003074645996,16633.1005859375,6943.92822265625,1.5332220792770386,70.0,,0.0,0.0,70.0,150.0,-3.060717773437503,24.939282226562497,Leave_One_experiments/all_year_offline_schedule_search/daily_outputs/HLA/HLA_2022_HLA2022_normal_grid_S0016_daily.csv
HLA,HLA,Hailun,2022,Leave_One_experiments\wth_generated_qc\HLA\HLA2022.WTH,normal_year;nitrogen_stress_year;low_response_year,normal,HLA2022_normal_grid_S0016,pareto_balanced,2022-09-16,259,140,135,"{""sim_day"": 140.0, ""doy"": 259.0, ""topwt"": 16633.1005859375, ""grnwt"": 6943.92822265625, ""xlai"": 1.5332220792770386, ""totir"": 70.0, ""tofer"": NaN, ""swfac"": 0.0, ""nstres"": 0.6480407118797302}",0.0,0.6480407118797302,16633.1005859375,6943.92822265625,1.5332220792770386,70.0,,0.0,0.0,70.0,150.0,-3.060717773437503,24.939282226562497,Leave_One_experiments/all_year_offline_schedule_search/daily_outputs/HLA/HLA_2022_HLA2022_normal_grid_S0016_daily.csv
HLA,HLA,Hailun,2022,Leave_One_experiments\wth_generated_qc\HLA\HLA2022.WTH,normal_year;nitrogen_stress_year;low_response_year,normal,HLA2022_normal_grid_S0016,pareto_balanced,2022-09-17,260,141,136,"{""sim_day"": 141.0, ""doy"": 260.0, ""topwt"": 16633.1005859375, ""grnwt"": 6943.92822265625, ""xlai"": 1.5332220792770386, ""totir"": 70.0, ""tofer"": NaN, ""swfac"": 0.0, ""nstres"": 0.6480407118797302}",0.0,0.6480407118797302,16633.1005859375,6943.92822265625,1.5332220792770386,70.0,,0.0,0.0,70.0,150.0,-3.060717773437503,24.939282226562497,Leave_One_experiments/all_year_offline_schedule_search/daily_outputs/HLA/HLA_2022_HLA2022_normal_grid_S0016_daily.csv
HLA,HLA,Hailun,2022,Leave_One_experiments\wth_generated_qc\HLA\HLA2022.WTH,normal_year;nitrogen_stress_year;low_response_year,normal,HLA2022_normal_grid_S0016,pareto_balanced,2022-09-18,261,142,137,"{""sim_day"": 142.0, ""doy"": 261.0, ""topwt"": 16633.1005859375, ""grnwt"": 6943.92822265625, ""xlai"": 1.5332220792770386, ""totir"": 70.0, ""tofer"": NaN, ""swfac"": 0.0, ""nstres"": 0.6480407118797302}",0.0,0.6480407118797302,16633.1005859375,6943.92822265625,1.5332220792770386,70.0,,0.0,0.0,70.0,150.0,-3.060717773437503,24.939282226562497,Leave_One_experiments/all_year_offline_schedule_search/daily_outputs/HLA/HLA_2022_HLA2022_normal_grid_S0016_daily.csv
HLA,HLA,Hailun,2022,Leave_One_experiments\wth_generated_qc\HLA\HLA2022.WTH,normal_year;nitrogen_stress_year;low_response_year,normal,HLA2022_normal_grid_S0028,pareto_balanced,2022-05-05,125,1,1,"{""sim_day"": 1.0, ""doy"": 125.0, ""topwt"": 0.0, ""grnwt"": 0.0, ""xlai"": 0.0, ""totir"": 0.0, ""tofer"": NaN, ""swfac"": 0.0, ""nstres"": 0.0}",0.0,0.0,0.0,0.0,0.0,0.0,,0.0,80.0,0.0,180.0,26.31677856445313,26.31677856445313,Leave_One_experiments/all_year_offline_schedule_search/daily_outputs/HLA/HLA_2022_HLA2022_normal_grid_S0028_daily.csv
HLA,HLA,Hailun,2022,Leave_One_experiments\wth_generated_qc\HLA\HLA2022.WTH,normal_year;nitrogen_stress_year;low_response_year,normal,HLA2022_normal_grid_S0028,pareto_balanced,2022-05-06,126,2,2,"{""sim_day"": 2.0, ""doy"": 126.0, ""topwt"": 0.0, ""grnwt"": 0.0, ""xlai"": 0.0, ""totir"": 0.0, ""tofer"": NaN, ""swfac"": 0.0, ""nstres"": 0.0}",0.0,0.0,0.0,0.0,0.0,0.0,,0.0,0.0,0.0,180.0,26.31677856445313,26.31677856445313,Leave_One_experiments/all_year_offline_schedule_search/daily_outputs/HLA/HLA_2022_HLA2022_normal_grid_S0028_daily.csv
HLA,HLA,Hailun,2022,Leave_One_experiments\wth_generated_qc\HLA\HLA2022.WTH,normal_year;nitrogen_stress_year;low_response_year,normal,HLA2022_normal_grid_S0028,pareto_balanced,2022-05-07,127,3,3,"{""sim_day"": 3.0, ""doy"": 127.0, ""topwt"": 0.0, ""grnwt"": 0.0, ""xlai"": 0.0, ""totir"": 0.0, ""tofer"": NaN, ""swfac"": 0.0, ""nstres"": 0.0}",0.0,0.0,0.0,0.0,0.0,0.0,,0.0,0.0,0.0,180.0,26.31677856445313,26.31677856445313,Leave_One_experiments/all_year_offline_schedule_search/daily_outputs/HLA/HLA_2022_HLA2022_normal_grid_S0028_daily.csv
HLA,HLA,Hailun,2022,Leave_One_experiments\wth_generated_qc\HLA\HLA2022.WTH,normal_year;nitrogen_stress_year;low_response_year,normal,HLA2022_normal_grid_S0028,pareto_balanced,2022-05-08,128,4,4,"{""sim_day"": 4.0, ""doy"": 128.0, ""topwt"": 0.0, ""grnwt"": 0.0, ""xlai"": 0.0, ""totir"": 0.0, ""tofer"": NaN, ""swfac"": 0.0, ""nstres"": 0.0}",0.0,0.0,0.0,0.0,0.0,0.0,,0.0,0.0,0.0,180.0,26.31677856445313,26.31677856445313,Leave_One_experiments/all_year_offline_schedule_search/daily_outputs/HLA/HLA_2022_HLA2022_normal_grid_S0028_daily.csv
HLA,HLA,Hailun,2022,Leave_One_experiments\wth_generated_qc\HLA\HLA2022.WTH,normal_year;nitrogen_stress_year;low_response_year,normal,HLA2022_normal_grid_S0028,pareto_balanced,2022-05-09,129,5,5,"{""sim_day"": 5.0, ""doy"": 129.0, ""topwt"": 0.0, ""grnwt"": 0.0, ""xlai"": 0.0, ""totir"": 0.0, ""tofer"": NaN, ""swfac"": 0.0, ""nstres"": 0.0}",0.0,0.0,0.0,0.0,0.0,0.0,,0.0,0.0,0.0,180.0,26.31677856445313,26.31677856445313,Leave_One_experiments/all_year_offline_schedule_search/daily_outputs/HLA/HLA_2022_HLA2022_normal_grid_S0028_daily.csv
HLA,HLA,Hailun,2022,Leave_One_experiments\wth_generated_qc\HLA\HLA2022.WTH,normal_year;nitrogen_stress_year;low_response_year,normal,HLA2022_normal_grid_S0028,pareto_balanced,2022-05-05,125,6,1,"{""sim_day"": 6.0, ""doy"": 125.0, ""topwt"": 0.0, ""grnwt"": 0.0, ""xlai"": 0.0, ""totir"": 0.0, ""tofer"": NaN, ""swfac"": 0.0, ""nstres"": 0.0}",0.0,0.0,0.0,0.0,0.0,0.0,,0.0,0.0,0.0,180.0,26.31677856445313,26.31677856445313,Leave_One_experiments/all_year_offline_schedule_search/daily_outputs/HLA/HLA_2022_HLA2022_normal_grid_S0028_daily.csv
HLA,HLA,Hailun,2022,Leave_One_experiments\wth_generated_qc\HLA\HLA2022.WTH,normal_year;nitrogen_stress_year;low_response_year,normal,HLA2022_normal_grid_S0028,pareto_balanced,2022-05-06,126,7,2,"{""sim_day"": 7.0, ""doy"": 126.0, ""topwt"": 0.0, ""grnwt"": 0.0, ""xlai"": 0.0, ""totir"": 0.0, ""tofer"": NaN, ""swfac"": 0.0, ""nstres"": 0.0}",0.0,0.0,0.0,0.0,0.0,0.0,,0.0,0.0,0.0,180.0,26.31677856445313,26.31677856445313,Leave_One_experiments/all_year_offline_schedule_search/daily_outputs/HLA/HLA_2022_HLA2022_normal_grid_S0028_daily.csv
HLA,HLA,Hailun,2022,Leave_One_experiments\wth_generated_qc\HLA\HLA2022.WTH,normal_year;nitrogen_stress_year;low_response_year,normal,HLA2022_normal_grid_S0028,pareto_balanced,2022-05-07,127,8,3,"{""sim_day"": 8.0, ""doy"": 127.0, ""topwt"": 0.0, ""grnwt"": 0.0, ""xlai"": 0.0, ""totir"": 0.0, ""tofer"": NaN, ""swfac"": 0.0, ""nstres"": 0.0}",0.0,0.0,0.0,0.0,0.0,0.0,,0.0,0.0,0.0,180.0,26.31677856445313,26.31677856445313,Leave_One_experiments/all_year_offline_schedule_search/daily_outputs/HLA/HLA_2022_HLA2022_normal_grid_S0028_daily.csv
HLA,HLA,Hailun,2022,Leave_One_experiments\wth_generated_qc\HLA\HLA2022.WTH,normal_year;nitrogen_stress_year;low_response_year,normal,HLA2022_normal_grid_S0028,pareto_balanced,2022-05-08,128,9,4,"{""sim_day"": 9.0, ""doy"": 128.0, ""topwt"": 0.0, ""grnwt"": 0.0, ""xlai"": 0.0, ""totir"": 0.0, ""tofer"": NaN, ""swfac"": 0.0, ""nstres"": 0.0}",0.0,0.0,0.0,0.0,0.0,0.0,,0.0,0.0,0.0,180.0,26.31677856445313,26.31677856445313,Leave_One_experiments/all_year_offline_schedule_search/daily_outputs/HLA/HLA_2022_HLA2022_normal_grid_S0028_daily.csv
HLA,HLA,Hailun,2022,Leave_One_experiments\wth_generated_qc\HLA\HLA2022.WTH,normal_year;nitrogen_stress_year;low_response_year,normal,HLA2022_normal_grid_S0028,pareto_balanced,2022-05-09,129,10,5,"{""sim_day"": 10.0, ""doy"": 129.0, ""topwt"": 0.0, ""grnwt"": 0.0, ""xlai"": 0.0, ""totir"": 0.0, ""tofer"": NaN, ""swfac"": 0.0, ""nstres"": 0.0}",0.0,0.0,0.0,0.0,0.0,0.0,,0.0,0.0,0.0,180.0,26.31677856445313,26.31677856445313,Leave_One_experiments/all_year_offline_schedule_search/daily_outputs/HLA/HLA_2022_HLA2022_normal_grid_S0028_daily.csv
HLA,HLA,Hailun,2022,Leave_One_experiments\wth_generated_qc\HLA\HLA2022.WTH,normal_year;nitrogen_stress_year;low_response_year,normal,HLA2022_normal_grid_S0028,pareto_balanced,2022-05-10,130,11,6,"{""sim_day"": 11.0, ""doy"": 130.0, ""topwt"": 0.0, ""grnwt"": 0.0, ""xlai"": 0.0, ""totir"": 0.0, ""tofer"": NaN, ""swfac"": 0.0, ""nstres"": 0.0}",0.0,0.0,0.0,0.0,0.0,0.0,,0.0,0.0,0.0,180.0,26.31677856445313,26.31677856445313,Leave_One_experiments/all_year_offline_schedule_search/daily_outputs/HLA/HLA_2022_HLA2022_normal_grid_S0028_daily.csv
HLA,HLA,Hailun,2022,Leave_One_experiments\wth_generated_qc\HLA\HLA2022.WTH,normal_year;nitrogen_stress_year;low_response_year,normal,HLA2022_normal_grid_S0028,pareto_balanced,2022-05-11,131,12,7,"{""sim_day"": 12.0, ""doy"": 131.0, ""topwt"": 0.0, ""grnwt"": 0.0, ""xlai"": 0.0, ""totir"": 0.0, ""tofer"": NaN, ""swfac"": 0.0, ""nstres"": 0.0}",0.0,0.0,0.0,0.0,0.0,0.0,,0.0,0.0,0.0,180.0,26.31677856445313,26.31677856445313,Leave_One_experiments/all_year_offline_schedule_search/daily_outputs/HLA/HLA_2022_HLA2022_normal_grid_S0028_daily.csv
HLA,HLA,Hailun,2022,Leave_One_experiments\wth_generated_qc\HLA\HLA2022.WTH,normal_year;nitrogen_stress_year;low_response_year,normal,HLA2022_normal_grid_S0028,pareto_balanced,2022-05-12,132,13,8,"{""sim_day"": 13.0, ""doy"": 132.0, ""topwt"": 0.0, ""grnwt"": 0.0, ""xlai"": 0.0, ""totir"": 0.0, ""tofer"": NaN, ""swfac"": 0.0, ""nstres"": 0.0}",0.0,0.0,0.0,0.0,0.0,0.0,,0.0,0.0,0.0,180.0,26.31677856445313,26.31677856445313,Leave_One_experiments/all_year_offline_schedule_search/daily_outputs/HLA/HLA_2022_HLA2022_normal_grid_S0028_daily.csv
HLA,HLA,Hailun,2022,Leave_One_experiments\wth_generated_qc\HLA\HLA2022.WTH,normal_year;nitrogen_stress_year;low_response_year,normal,HLA2022_normal_grid_S0028,pareto_balanced,2022-05-13,133,14,9,"{""sim_day"": 14.0, ""doy"": 133.0, ""topwt"": 0.0, ""grnwt"": 0.0, ""xlai"": 0.0, ""totir"": 0.0, ""tofer"": NaN, ""swfac"": 0.0, ""nstres"": 0.0}",0.0,0.0,0.0,0.0,0.0,0.0,,0.0,0.0,0.0,180.0,26.31677856445313,26.31677856445313,Leave_One_experiments/all_year_offline_schedule_search/daily_outputs/HLA/HLA_2022_HLA2022_normal_grid_S0028_daily.csv
HLA,HLA,Hailun,2022,Leave_One_experiments\wth_generated_qc\HLA\HLA2022.WTH,normal_year;nitrogen_stress_year;low_response_year,normal,HLA2022_normal_grid_S0028,pareto_balanced,2022-05-14,134,15,10,"{""sim_day"": 15.0, ""doy"": 134.0, ""topwt"": 0.0, ""grnwt"": 0.0, ""xlai"": 0.0, ""totir"": 0.0, ""tofer"": NaN, ""swfac"": 0.0, ""nstres"": 0.0}",0.0,0.0,0.0,0.0,0.0,0.0,,0.0,0.0,0.0,180.0,26.31677856445313,26.31677856445313,Leave_One_experiments/all_year_offline_schedule_search/daily_outputs/HLA/HLA_2022_HLA2022_normal_grid_S0028_daily.csv
HLA,HLA,Hailun,2022,Leave_One_experiments\wth_generated_qc\HLA\HLA2022.WTH,normal_year;nitrogen_stress_year;low_response_year,normal,HLA2022_normal_grid_S0028,pareto_balanced,2022-05-15,135,16,11,"{""sim_day"": 16.0, ""doy"": 135.0, ""topwt"": 0.0, ""grnwt"": 0.0, ""xlai"": 0.0, ""totir"": 0.0, ""tofer"": NaN, ""swfac"": 0.0, ""nstres"": 0.0}",0.0,0.0,0.0,0.0,0.0,0.0,,0.0,0.0,0.0,180.0,26.31677856445313,26.31677856445313,Leave_One_experiments/all_year_offline_schedule_search/daily_outputs/HLA/HLA_2022_HLA2022_normal_grid_S0028_daily.csv
HLA,HLA,Hailun,2022,Leave_One_experiments\wth_generated_qc\HLA\HLA2022.WTH,normal_year;nitrogen_stress_year;low_response_year,normal,HLA2022_normal_grid_S0028,pareto_balanced,2022-05-16,136,17,12,"{""sim_day"": 17.0, ""doy"": 136.0, ""topwt"": 0.0, ""grnwt"": 0.0, ""xlai"": 0.0, ""totir"": 0.0, ""tofer"": NaN, ""swfac"": 0.0, ""nstres"": 0.0}",0.0,0.0,0.0,0.0,0.0,0.0,,0.0,0.0,0.0,180.0,26.31677856445313,26.31677856445313,Leave_One_experiments/all_year_offline_schedule_search/daily_outputs/HLA/HLA_2022_HLA2022_normal_grid_S0028_daily.csv
HLA,HLA,Hailun,2022,Leave_One_experiments\wth_generated_qc\HLA\HLA2022.WTH,normal_year;nitrogen_stress_year;low_response_year,normal,HLA2022_normal_grid_S0028,pareto_balanced,2022-05-17,137,18,13,"{""sim_day"": 18.0, ""doy"": 137.0, ""topwt"": 0.0, ""grnwt"": 0.0, ""xlai"": 0.0, ""totir"": 0.0, ""tofer"": NaN, ""swfac"": 0.0, ""nstres"": 0.0}",0.0,0.0,0.0,0.0,0.0,0.0,,0.0,0.0,0.0,180.0,26.31677856445313,26.31677856445313,Leave_One_experiments/all_year_offline_schedule_search/daily_outputs/HLA/HLA_2022_HLA2022_normal_grid_S0028_daily.csv
HLA,HLA,Hailun,2022,Leave_One_experiments\wth_generated_qc\HLA\HLA2022.WTH,normal_year;nitrogen_stress_year;low_response_year,normal,HLA2022_normal_grid_S0028,pareto_balanced,2022-05-18,138,19,14,"{""sim_day"": 19.0, ""doy"": 138.0, ""topwt"": 0.0, ""grnwt"": 0.0, ""xlai"": 0.0, ""totir"": 0.0, ""tofer"": NaN, ""swfac"": 0.0, ""nstres"": 0.0}",0.0,0.0,0.0,0.0,0.0,0.0,,0.0,0.0,0.0,180.0,26.31677856445313,26.31677856445313,Leave_One_experiments/all_year_offline_schedule_search/daily_outputs/HLA/HLA_2022_HLA2022_normal_grid_S0028_daily.csv
HLA,HLA,Hailun,2022,Leave_One_experiments\wth_generated_qc\HLA\HLA2022.WTH,normal_year;nitrogen_stress_year;low_response_year,normal,HLA2022_normal_grid_S0028,pareto_balanced,2022-05-19,139,20,15,"{""sim_day"": 20.0, ""doy"": 139.0, ""topwt"": 20.0, ""grnwt"": 0.0, ""xlai"": 0.002767837839201, ""totir"": 0.0, ""tofer"": NaN, ""swfac"": 0.0, ""nstres"": 0.0121910572052001}",0.0,0.0121910572052001,20.0,0.0,0.002767837839201,0.0,,0.0,0.0,0.0,180.0,26.31677856445313,26.31677856445313,Leave_One_experiments/all_year_offline_schedule_search/daily_outputs/HLA/HLA_2022_HLA2022_normal_grid_S0028_daily.csv
HLA,HLA,Hailun,2022,Leave_One_experiments\wth_generated_qc\HLA\HLA2022.WTH,normal_year;nitrogen_stress_year;low_response_year,normal,HLA2022_normal_grid_S0028,pareto_balanced,2022-05-20,140,21,16,"{""sim_day"": 21.0, ""doy"": 140.0, ""topwt"": 20.0, ""grnwt"": 0.0, ""xlai"": 0.0042747529223561, ""totir"": 0.0, ""tofer"": NaN, ""swfac"": 0.0, ""nstres"": 0.0120898485183715}",0.0,0.0120898485183715,20.0,0.0,0.0042747529223561,0.0,,0.0,0.0,0.0,180.0,26.31677856445313,26.31677856445313,Leave_One_experiments/all_year_offline_schedule_search/daily_outputs/HLA/HLA_2022_HLA2022_normal_grid_S0028_daily.csv
HLA,HLA,Hailun,2022,Leave_One_experiments\wth_generated_qc\HLA\HLA2022.WTH,normal_year;nitrogen_stress_year;low_response_year,normal,HLA2022_normal_grid_S0028,pareto_balanced,2022-05-21,141,22,17,"{""sim_day"": 22.0, ""doy"": 141.0, ""topwt"": 20.0, ""grnwt"": 0.0, ""xlai"": 0.0061569265089929, ""totir"": 0.0, ""tofer"": NaN, ""swfac"": 0.0, ""nstres"": 0.0082526206970214}",0.0,0.0082526206970214,20.0,0.0,0.0061569265089929,0.0,,0.0,0.0,0.0,180.0,26.31677856445313,26.31677856445313,Leave_One_experiments/all_year_offline_schedule_search/daily_outputs/HLA/HLA_2022_HLA2022_normal_grid_S0028_daily.csv
HLA,HLA,Hailun,2022,Leave_One_experiments\wth_generated_qc\HLA\HLA2022.WTH,normal_year;nitrogen_stress_year;low_response_year,normal,HLA2022_normal_grid_S0028,pareto_balanced,2022-05-22,142,23,18,"{""sim_day"": 23.0, ""doy"": 142.0, ""topwt"": 20.0, ""grnwt"": 0.0, ""xlai"": 0.0095539018511772, ""totir"": 0.0, ""tofer"": NaN, ""swfac"": 0.0, ""nstres"": 0.0022212266921997}",0.0,0.0022212266921997,20.0,0.0,0.0095539018511772,0.0,,0.0,0.0,0.0,180.0,26.31677856445313,26.31677856445313,Leave_One_experiments/all_year_offline_schedule_search/daily_outputs/HLA/HLA_2022_HLA2022_normal_grid_S0028_daily.csv
HLA,HLA,Hailun,2022,Leave_One_experiments\wth_generated_qc\HLA\HLA2022.WTH,normal_year;nitrogen_stress_year;low_response_year,normal,HLA2022_normal_grid_S0028,pareto_balanced,2022-05-23,143,24,19,"{""sim_day"": 24.0, ""doy"": 143.0, ""topwt"": 20.0, ""grnwt"": 0.0, ""xlai"": 0.0107942093163728, ""totir"": 0.0, ""tofer"": NaN, ""swfac"": 0.0, ""nstres"": 2.5212764739990234e-05}",0.0,2.5212764739990234e-05,20.0,0.0,0.0107942093163728,0.0,,0.0,0.0,0.0,180.0,26.31677856445313,26.31677856445313,Leave_One_experiments/all_year_offline_schedule_search/daily_outputs/HLA/HLA_2022_HLA2022_normal_grid_S0028_daily.csv
HLA,HLA,Hailun,2022,Leave_One_experiments\wth_generated_qc\HLA\HLA2022.WTH,normal_year;nitrogen_stress_year;low_response_year,normal,HLA2022_normal_grid_S0028,pareto_balanced,2022-05-24,144,25,20,"{""sim_day"": 25.0, ""doy"": 144.0, ""topwt"": 20.0, ""grnwt"": 0.0, ""xlai"": 0.0117665166035294, ""totir"": 0.0, ""tofer"": NaN, ""swfac"": 0.0, ""nstres"": 0.0}",0.0,0.0,20.0,0.0,0.0117665166035294,0.0,,0.0,0.0,0.0,180.0,26.31677856445313,26.31677856445313,Leave_One_experiments/all_year_offline_schedule_search/daily_outputs/HLA/HLA_2022_HLA2022_normal_grid_S0028_daily.csv
HLA,HLA,Hailun,2022,Leave_One_experiments\wth_generated_qc\HLA\HLA2022.WTH,normal_year;nitrogen_stress_year;low_response_year,normal,HLA2022_normal_grid_S0028,pareto_balanced,2022-05-25,145,26,21,"{""sim_day"": 26.0, ""doy"": 145.0, ""topwt"": 20.0, ""grnwt"": 0.0, ""xlai"": 0.0137230530381202, ""totir"": 0.0, ""tofer"": NaN, ""swfac"": 0.0, ""nstres"": 0.0}",0.0,0.0,20.0,0.0,0.0137230530381202,0.0,,0.0,0.0,0.0,180.0,26.31677856445313,26.31677856445313,Leave_One_experiments/all_year_offline_schedule_search/daily_outputs/HLA/HLA_2022_HLA2022_normal_grid_S0028_daily.csv
HLA,HLA,Hailun,2022,Leave_One_experiments\wth_generated_qc\HLA\HLA2022.WTH,normal_year;nitrogen_stress_year;low_response_year,normal,HLA2022_normal_grid_S0028,pareto_balanced,2022-05-26,146,27,22,"{""sim_day"": 27.0, ""doy"": 146.0, ""topwt"": 20.0, ""grnwt"": 0.0, ""xlai"": 0.0203296691179275, ""totir"": 0.0, ""tofer"": NaN, ""swfac"": 0.0, ""nstres"": 0.0}",0.0,0.0,20.0,0.0,0.0203296691179275,0.0,,0.0,0.0,0.0,180.0,26.31677856445313,26.31677856445313,Leave_One_experiments/all_year_offline_schedule_search/daily_outputs/HLA/HLA_2022_HLA2022_normal_grid_S0028_daily.csv
HLA,HLA,Hailun,2022,Leave_One_experiments\wth_generated_qc\HLA\HLA2022.WTH,normal_year;nitrogen_stress_year;low_response_year,normal,HLA2022_normal_grid_S0028,pareto_balanced,2022-05-27,147,28,23,"{""sim_day"": 28.0, ""doy"": 147.0, ""topwt"": 20.0, ""grnwt"": 0.0, ""xlai"": 0.0301650408655405, ""totir"": 0.0, ""tofer"": NaN, ""swfac"": 0.0, ""nstres"": 0.0}",0.0,0.0,20.0,0.0,0.0301650408655405,0.0,,0.0,0.0,0.0,180.0,26.31677856445313,26.31677856445313,Leave_One_experiments/all_year_offline_schedule_search/daily_outputs/HLA/HLA_2022_HLA2022_normal_grid_S0028_daily.csv
HLA,HLA,Hailun,2022,Leave_One_experiments\wth_generated_qc\HLA\HLA2022.WTH,normal_year;nitrogen_stress_year;low_response_year,normal,HLA2022_normal_grid_S0028,pareto_balanced,2022-05-28,148,29,24,"{""sim_day"": 29.0, ""doy"": 148.0, ""topwt"": 20.510330200195312, ""grnwt"": 0.0, ""xlai"": 0.0357045754790306, ""totir"": 0.0, ""tofer"": NaN, ""swfac"": 0.0, ""nstres"": 0.0}",0.0,0.0,20.510330200195312,0.0,0.0357045754790306,0.0,,0.0,0.0,0.0,180.0,26.31677856445313,26.31677856445313,Leave_One_experiments/all_year_offline_schedule_search/daily_outputs/HLA/HLA_2022_HLA2022_normal_grid_S0028_daily.csv
HLA,HLA,Hailun,2022,Leave_One_experiments\wth_generated_qc\HLA\HLA2022.WTH,normal_year;nitrogen_stress_year;low_response_year,normal,HLA2022_normal_grid_S0028,pareto_balanced,2022-05-29,149,30,25,"{""sim_day"": 30.0, ""doy"": 149.0, ""topwt"": 22.907087802886963, ""grnwt"": 0.0, ""xlai"": 0.0420579500496387, ""totir"": 0.0, ""tofer"": NaN, ""swfac"": 0.0, ""nstres"": 0.0}",0.0,0.0,22.907087802886963,0.0,0.0420579500496387,0.0,,0.0,0.0,0.0,180.0,26.31677856445313,26.31677856445313,Leave_One_experiments/all_year_offline_schedule_search/daily_outputs/HLA/HLA_2022_HLA2022_normal_grid_S0028_daily.csv
HLA,HLA,Hailun,2022,Leave_One_experiments\wth_generated_qc\HLA\HLA2022.WTH,normal_year;nitrogen_stress_year;low_response_year,normal,HLA2022_normal_grid_S0028,pareto_balanced,2022-05-30,150,31,26,"{""sim_day"": 31.0, ""doy"": 150.0, ""topwt"": 25.183322429656982, ""grnwt"": 0.0, ""xlai"": 0.0478702969849109, ""totir"": 0.0, ""tofer"": NaN, ""swfac"": 0.0, ""nstres"": 0.0}",0.0,0.0,25.183322429656982,0.0,0.0478702969849109,0.0,,0.0,0.0,0.0,180.0,26.31677856445313,26.31677856445313,Leave_One_experiments/all_year_offline_schedule_search/daily_outputs/HLA/HLA_2022_HLA2022_normal_grid_S0028_daily.csv
HLA,HLA,Hailun,2022,Leave_One_experiments\wth_generated_qc\HLA\HLA2022.WTH,normal_year;nitrogen_stress_year;low_response_year,normal,HLA2022_normal_grid_S0028,pareto_balanced,2022-05-31,151,32,27,"{""sim_day"": 32.0, ""doy"": 151.0, ""topwt"": 28.07793617248535, ""grnwt"": 0.0, ""xlai"": 0.05501040071249, ""totir"": 0.0, ""tofer"": NaN, ""swfac"": 0.0, ""nstres"": 0.0}",0.0,0.0,28.07793617248535,0.0,0.05501040071249,0.0,,0.0,0.0,0.0,180.0,26.31677856445313,26.31677856445313,Leave_One_experiments/all_year_offline_schedule_search/daily_outputs/HLA/HLA_2022_HLA2022_normal_grid_S0028_daily.csv
HLA,HLA,Hailun,2022,Leave_One_experiments\wth_generated_qc\HLA\HLA2022.WTH,normal_year;nitrogen_stress_year;low_response_year,normal,HLA2022_normal_grid_S0028,pareto_balanced,2022-06-01,152,33,28,"{""sim_day"": 33.0, ""doy"": 152.0, ""topwt"": 32.696616649627686, ""grnwt"": 0.0, ""xlai"": 0.0659392327070236, ""totir"": 0.0, ""tofer"": NaN, ""swfac"": 0.0, ""nstres"": 0.0}",0.0,0.0,32.696616649627686,0.0,0.0659392327070236,0.0,,0.0,0.0,0.0,180.0,26.31677856445313,26.31677856445313,Leave_One_experiments/all_year_offline_schedule_search/daily_outputs/HLA/HLA_2022_HLA2022_normal_grid_S0028_daily.csv
HLA,HLA,Hailun,2022,Leave_One_experiments\wth_generated_qc\HLA\HLA2022.WTH,normal_year;nitrogen_stress_year;low_response_year,normal,HLA2022_normal_grid_S0028,pareto_balanced,2022-06-02,153,34,29,"{""sim_day"": 34.0, ""doy"": 153.0, ""topwt"": 38.60158681869507, ""grnwt"": 0.0, ""xlai"": 0.0792667269706726, ""totir"": 0.0, ""tofer"": NaN, ""swfac"": 0.0, ""nstres"": 0.0}",0.0,0.0,38.60158681869507,0.0,0.0792667269706726,0.0,,0.0,0.0,0.0,180.0,26.31677856445313,26.31677856445313,Leave_One_experiments/all_year_offline_schedule_search/daily_outputs/HLA/HLA_2022_HLA2022_normal_grid_S0028_daily.csv
HLA,HLA,Hailun,2022,Leave_One_experiments\wth_generated_qc\HLA\HLA2022.WTH,normal_year;nitrogen_stress_year;low_response_year,normal,HLA2022_normal_grid_S0028,pareto_balanced,2022-06-03,154,35,30,"{""sim_day"": 35.0, ""doy"": 154.0, ""topwt"": 45.6247615814209, ""grnwt"": 0.0, ""xlai"": 0.0943978577852249, ""totir"": 0.0, ""tofer"": NaN, ""swfac"": 0.0, ""nstres"": 0.0}",0.0,0.0,45.6247615814209,0.0,0.0943978577852249,0.0,,0.0,50.0,0.0,180.0,26.31677856445313,26.31677856445313,Leave_One_experiments/all_year_offline_schedule_search/daily_outputs/HLA/HLA_2022_HLA2022_normal_grid_S0028_daily.csv
HLA,HLA,Hailun,2022,Leave_One_experiments\wth_generated_qc\HLA\HLA2022.WTH,normal_year;nitrogen_stress_year;low_response_year,normal,HLA2022_normal_grid_S0028,pareto_balanced,2022-06-04,155,36,31,"{""sim_day"": 36.0, ""doy"": 155.0, ""topwt"": 50.885114669799805, ""grnwt"": 0.0, ""xlai"": 0.1053230464458465, ""totir"": 0.0, ""tofer"": NaN, ""swfac"": 0.0, ""nstres"": 0.0}",0.0,0.0,50.885114669799805,0.0,0.1053230464458465,0.0,,0.0,0.0,0.0,180.0,26.31677856445313,26.31677856445313,Leave_One_experiments/all_year_offline_schedule_search/daily_outputs/HLA/HLA_2022_HLA2022_normal_grid_S0028_daily.csv
HLA,HLA,Hailun,2022,Leave_One_experiments\wth_generated_qc\HLA\HLA2022.WTH,normal_year;nitrogen_stress_year;low_response_year,normal,HLA2022_normal_grid_S0028,pareto_balanced,2022-06-05,156,37,32,"{""sim_day"": 37.0, ""doy"": 156.0, ""topwt"": 54.75914001464844, ""grnwt"": 0.0, ""xlai"": 0.1131816282868385, ""totir"": 0.0, ""tofer"": NaN, ""swfac"": 0.0, ""nstres"": 0.0}",0.0,0.0,54.75914001464844,0.0,0.1131816282868385,0.0,,0.0,0.0,0.0,180.0,26.31677856445313,26.31677856445313,Leave_One_experiments/all_year_offline_schedule_search/daily_outputs/HLA/HLA_2022_HLA2022_normal_grid_S0028_daily.csv
HLA,HLA,Hailun,2022,Leave_One_experiments\wth_generated_qc\HLA\HLA2022.WTH,normal_year;nitrogen_stress_year;low_response_year,normal,HLA2022_normal_grid_S0028,pareto_balanced,2022-06-06,157,38,33,"{""sim_day"": 38.0, ""doy"": 157.0, ""topwt"": 64.23118114471436, ""grnwt"": 0.0, ""xlai"": 0.1318344473838806, ""totir"": 0.0, ""tofer"": NaN, ""swfac"": 0.0, ""nstres"": 0.0}",0.0,0.0,64.23118114471436,0.0,0.1318344473838806,0.0,,0.0,0.0,0.0,180.0,26.31677856445313,26.31677856445313,Leave_One_experiments/all_year_offline_schedule_search/daily_outputs/HLA/HLA_2022_HLA2022_normal_grid_S0028_daily.csv
HLA,HLA,Hailun,2022,Leave_One_experiments\wth_generated_qc\HLA\HLA2022.WTH,normal_year;nitrogen_stress_year;low_response_year,normal,HLA2022_normal_grid_S0028,pareto_balanced,2022-06-07,158,39,34,"{""sim_day"": 39.0, ""doy"": 158.0, ""topwt"": 78.10202121734619, ""grnwt"": 0.0, ""xlai"": 0.157977670431137, ""totir"": 0.0, ""tofer"": NaN, ""swfac"": 0.0, ""nstres"": 0.0}",0.0,0.0,78.10202121734619,0.0,0.157977670431137,0.0,,0.0,0.0,0.0,180.0,26.31677856445313,26.31677856445313,Leave_One_experiments/all_year_offline_schedule_search/daily_outputs/HLA/HLA_2022_HLA2022_normal_grid_S0028_daily.csv
HLA,HLA,Hailun,2022,Leave_One_experiments\wth_generated_qc\HLA\HLA2022.WTH,normal_year;nitrogen_stress_year;low_response_year,normal,HLA2022_normal_grid_S0028,pareto_balanced,2022-06-08,159,40,35,"{""sim_day"": 40.0, ""doy"": 159.0, ""topwt"": 94.70778465270996, ""grnwt"": 0.0, ""xlai"": 0.18785460293293, ""totir"": 0.0, ""tofer"": NaN, ""swfac"": 0.0, ""nstres"": 0.0}",0.0,0.0,94.70778465270996,0.0,0.18785460293293,0.0,,0.0,0.0,0.0,180.0,26.31677856445313,26.31677856445313,Leave_One_experiments/all_year_offline_schedule_search/daily_outputs/HLA/HLA_2022_HLA2022_normal_grid_S0028_daily.csv
HLA,HLA,Hailun,2022,Leave_One_experiments\wth_generated_qc\HLA\HLA2022.WTH,normal_year;nitrogen_stress_year;low_response_year,normal,HLA2022_normal_grid_S0028,pareto_balanced,2022-06-09,160,41,36,"{""sim_day"": 41.0, ""doy"": 160.0, ""topwt"": 110.24003028869627, ""grnwt"": 0.0, ""xlai"": 0.2146983593702316, ""totir"": 0.0, ""tofer"": NaN, ""swfac"": 0.0, ""nstres"": 0.0}",0.0,0.0,110.24003028869627,0.0,0.2146983593702316,0.0,,0.0,0.0,0.0,180.0,26.31677856445313,26.31677856445313,Leave_One_experiments/all_year_offline_schedule_search/daily_outputs/HLA/HLA_2022_HLA2022_normal_grid_S0028_daily.csv
HLA,HLA,Hailun,2022,Leave_One_experiments\wth_generated_qc\HLA\HLA2022.WTH,normal_year;nitrogen_stress_year;low_response_year,normal,HLA2022_normal_grid_S0028,pareto_balanced,2022-06-10,161,42,37,"{""sim_day"": 42.0, ""doy"": 161.0, ""topwt"": 129.95201110839844, ""grnwt"": 0.0, ""xlai"": 0.2475432306528091, ""totir"": 0.0, ""tofer"": NaN, ""swfac"": 0.0, ""nstres"": 0.0}",0.0,0.0,129.95201110839844,0.0,0.2475432306528091,0.0,,0.0,0.0,0.0,180.0,26.31677856445313,26.31677856445313,Leave_One_experiments/all_year_offline_schedule_search/daily_outputs/HLA/HLA_2022_HLA2022_normal_grid_S0028_daily.csv
HLA,HLA,Hailun,2022,Leave_One_experiments\wth_generated_qc\HLA\HLA2022.WTH,normal_year;nitrogen_stress_year;low_response_year,normal,HLA2022_normal_grid_S0028,pareto_balanced,2022-06-11,162,43,38,"{""sim_day"": 43.0, ""doy"": 162.0, ""topwt"": 146.26421928405762, ""grnwt"": 0.0, ""xlai"": 0.2925207912921905, ""totir"": 0.0, ""tofer"": NaN, ""swfac"": 0.0, ""nstres"": 0.0}",0.0,0.0,146.26421928405762,0.0,0.2925207912921905,0.0,,0.0,0.0,0.0,180.0,26.31677856445313,26.31677856445313,Leave_One_experiments/all_year_offline_schedule_search/daily_outputs/HLA/HLA_2022_HLA2022_normal_grid_S0028_daily.csv
HLA,HLA,Hailun,2022,Leave_One_experiments\wth_generated_qc\HLA\HLA2022.WTH,normal_year;nitrogen_stress_year;low_response_year,normal,HLA2022_normal_grid_S0028,pareto_balanced,2022-06-12,163,44,39,"{""sim_day"": 44.0, ""doy"": 163.0, ""topwt"": 169.3464469909668, ""grnwt"": 0.0, ""xlai"": 0.3311577439308166, ""totir"": 0.0, ""tofer"": NaN, ""swfac"": 0.0, ""nstres"": 0.0040382146835327}",0.0,0.0040382146835327,169.3464469909668,0.0,0.3311577439308166,0.0,,0.0,0.0,0.0,180.0,26.31677856445313,26.31677856445313,Leave_One_experiments/all_year_offline_schedule_search/daily_outputs/HLA/HLA_2022_HLA2022_normal_grid_S0028_daily.csv
HLA,HLA,Hailun,2022,Leave_One_experiments\wth_generated_qc\HLA\HLA2022.WTH,normal_year;nitrogen_stress_year;low_response_year,normal,HLA2022_normal_grid_S0028,pareto_balanced,2022-06-13,164,45,40,"{""sim_day"": 45.0, ""doy"": 164.0, ""topwt"": 199.4301986694336, ""grnwt"": 0.0, ""xlai"": 0.3797968924045563, ""totir"": 0.0, ""tofer"": NaN, ""swfac"": 0.0, ""nstres"": 0.0}",0.0,0.0,199.4301986694336,0.0,0.3797968924045563,0.0,,0.0,0.0,0.0,180.0,26.31677856445313,26.31677856445313,Leave_One_experiments/all_year_offline_schedule_search/daily_outputs/HLA/HLA_2022_HLA2022_normal_grid_S0028_daily.csv
HLA,HLA,Hailun,2022,Leave_One_experiments\wth_generated_qc\HLA\HLA2022.WTH,normal_year;nitrogen_stress_year;low_response_year,normal,HLA2022_normal_grid_S0028,pareto_balanced,2022-06-14,165,46,41,"{""sim_day"": 46.0, ""doy"": 165.0, ""topwt"": 235.08129119873047, ""grnwt"": 0.0, ""xlai"": 0.4353713691234588, ""totir"": 0.0, ""tofer"": NaN, ""swfac"": 0.0, ""nstres"": 0.0}",0.0,0.0,235.08129119873047,0.0,0.4353713691234588,0.0,,0.0,0.0,0.0,180.0,26.31677856445313,26.31677856445313,Leave_One_experiments/all_year_offline_schedule_search/daily_outputs/HLA/HLA_2022_HLA2022_normal_grid_S0028_daily.csv
HLA,HLA,Hailun,2022,Leave_One_experiments\wth_generated_qc\HLA\HLA2022.WTH,normal_year;nitrogen_stress_year;low_response_year,normal,HLA2022_normal_grid_S0028,pareto_balanced,2022-06-15,166,47,42,"{""sim_day"": 47.0, ""doy"": 166.0, ""topwt"": 271.68981552124023, ""grnwt"": 0.0, ""xlai"": 0.4905203878879547, ""totir"": 0.0, ""tofer"": NaN, ""swfac"": 0.0, ""nstres"": 0.0}",0.0,0.0,271.68981552124023,0.0,0.4905203878879547,0.0,,0.0,0.0,0.0,180.0,26.31677856445313,26.31677856445313,Leave_One_experiments/all_year_offline_schedule_search/daily_outputs/HLA/HLA_2022_HLA2022_normal_grid_S0028_daily.csv
HLA,HLA,Hailun,2022,Leave_One_experiments\wth_generated_qc\HLA\HLA2022.WTH,normal_year;nitrogen_stress_year;low_response_year,normal,HLA2022_normal_grid_S0028,pareto_balanced,2022-06-16,167,48,43,"{""sim_day"": 48.0, ""doy"": 167.0, ""topwt"": 310.4355049133301, ""grnwt"": 0.0, ""xlai"": 0.5471257567405701, ""totir"": 0.0, ""tofer"": NaN, ""swfac"": 0.0, ""nstres"": 0.0}",0.0,0.0,310.4355049133301,0.0,0.5471257567405701,0.0,,0.0,0.0,0.0,180.0,26.31677856445313,26.31677856445313,Leave_One_experiments/all_year_offline_schedule_search/daily_outputs/HLA/HLA_2022_HLA2022_normal_grid_S0028_daily.csv
HLA,HLA,Hailun,2022,Leave_One_experiments\wth_generated_qc\HLA\HLA2022.WTH,normal_year;nitrogen_stress_year;low_response_year,normal,HLA2022_normal_grid_S0028,pareto_balanced,2022-06-17,168,49,44,"{""sim_day"": 49.0, ""doy"": 168.0, ""topwt"": 358.8534164428711, ""grnwt"": 0.0, ""xlai"": 0.6157243251800537, ""totir"": 0.0, ""tofer"": NaN, ""swfac"": 0.0, ""nstres"": 0.0}",0.0,0.0,358.8534164428711,0.0,0.6157243251800537,0.0,,0.0,0.0,0.0,180.0,26.31677856445313,26.31677856445313,Leave_One_experiments/all_year_offline_schedule_search/daily_outputs/HLA/HLA_2022_HLA2022_normal_grid_S0028_daily.csv
HLA,HLA,Hailun,2022,Leave_One_experiments\wth_generated_qc\HLA\HLA2022.WTH,normal_year;nitrogen_stress_year;low_response_year,normal,HLA2022_normal_grid_S0028,pareto_balanced,2022-06-18,169,50,45,"{""sim_day"": 50.0, ""doy"": 169.0, ""topwt"": 418.0911254882813, ""grnwt"": 0.0, ""xlai"": 0.6950295567512512, ""totir"": 0.0, ""tofer"": NaN, ""swfac"": 0.0, ""nstres"": 0.0}",0.0,0.0,418.0911254882813,0.0,0.6950295567512512,0.0,,0.0,0.0,0.0,180.0,26.31677856445313,26.31677856445313,Leave_One_experiments/all_year_offline_schedule_search/daily_outputs/HLA/HLA_2022_HLA2022_normal_grid_S0028_daily.csv
HLA,HLA,Hailun,2022,Leave_One_experiments\wth_generated_qc\HLA\HLA2022.WTH,normal_year;nitrogen_stress_year;low_response_year,normal,HLA2022_normal_grid_S0028,pareto_balanced,2022-06-19,170,51,46,"{""sim_day"": 51.0, ""doy"": 170.0, ""topwt"": 479.533576965332, ""grnwt"": 0.0, ""xlai"": 0.7791062593460083, ""totir"": 0.0, ""tofer"": NaN, ""swfac"": 0.0, ""nstres"": 0.0}",0.0,0.0,479.533576965332,0.0,0.7791062593460083,0.0,,0.0,0.0,0.0,180.0,26.31677856445313,26.31677856445313,Leave_One_experiments/all_year_offline_schedule_search/daily_outputs/HLA/HLA_2022_HLA2022_normal_grid_S0028_daily.csv
HLA,HLA,Hailun,2022,Leave_One_experiments\wth_generated_qc\HLA\HLA2022.WTH,normal_year;nitrogen_stress_year;low_response_year,normal,HLA2022_normal_grid_S0028,pareto_balanced,2022-06-20,171,52,47,"{""sim_day"": 52.0, ""doy"": 171.0, ""topwt"": 554.7293853759766, ""grnwt"": 0.0, ""xlai"": 0.8776223659515381, ""totir"": 0.0, ""tofer"": NaN, ""swfac"": 0.0, ""nstres"": 0.0}",0.0,0.0,554.7293853759766,0.0,0.8776223659515381,0.0,,0.0,0.0,0.0,180.0,26.31677856445313,26.31677856445313,Leave_One_experiments/all_year_offline_schedule_search/daily_outputs/HLA/HLA_2022_HLA2022_normal_grid_S0028_daily.csv
HLA,HLA,Hailun,2022,Leave_One_experiments\wth_generated_qc\HLA\HLA2022.WTH,normal_year;nitrogen_stress_year;low_response_year,normal,HLA2022_normal_grid_S0028,pareto_balanced,2022-06-21,172,53,48,"{""sim_day"": 53.0, ""doy"": 172.0, ""topwt"": 657.1427917480469, ""grnwt"": 0.0, ""xlai"": 1.0048640966415403, ""totir"": 0.0, ""tofer"": NaN, ""swfac"": 0.0, ""nstres"": 0.0}",0.0,0.0,657.1427917480469,0.0,1.0048640966415403,0.0,,0.0,0.0,0.0,180.0,26.31677856445313,26.31677856445313,Leave_One_experiments/all_year_offline_schedule_search/daily_outputs/HLA/HLA_2022_HLA2022_normal_grid_S0028_daily.csv
HLA,HLA,Hailun,2022,Leave_One_experiments\wth_generated_qc\HLA\HLA2022.WTH,normal_year;nitrogen_stress_year;low_response_year,normal,HLA2022_normal_grid_S0028,pareto_balanced,2022-06-22,173,54,49,"{""sim_day"": 54.0, ""doy"": 173.0, ""topwt"": 754.7146606445312, ""grnwt"": 0.0, ""xlai"": 1.1196626424789429, ""totir"": 0.0, ""tofer"": NaN, ""swfac"": 0.0, ""nstres"": 0.0}",0.0,0.0,754.7146606445312,0.0,1.1196626424789429,0.0,,0.0,0.0,0.0,180.0,26.31677856445313,26.31677856445313,Leave_One_experiments/all_year_offline_schedule_search/daily_outputs/HLA/HLA_2022_HLA2022_normal_grid_S0028_daily.csv
HLA,HLA,Hailun,2022,Leave_One_experiments\wth_generated_qc\HLA\HLA2022.WTH,normal_year;nitrogen_stress_year;low_response_year,normal,HLA2022_normal_grid_S0028,pareto_balanced,2022-06-23,174,55,50,"{""sim_day"": 55.0, ""doy"": 174.0, ""topwt"": 827.8398132324219, ""grnwt"": 0.0, ""xlai"": 1.2021249532699585, ""totir"": 0.0, ""tofer"": NaN, ""swfac"": 0.0, ""nstres"": 0.0}",0.0,0.0,827.8398132324219,0.0,1.2021249532699585,0.0,,0.0,0.0,0.0,180.0,26.31677856445313,26.31677856445313,Leave_One_experiments/all_year_offline_schedule_search/daily_outputs/HLA/HLA_2022_HLA2022_normal_grid_S0028_daily.csv
HLA,HLA,Hailun,2022,Leave_One_experiments\wth_generated_qc\HLA\HLA2022.WTH,normal_year;nitrogen_stress_year;low_response_year,normal,HLA2022_normal_grid_S0028,pareto_balanced,2022-06-24,175,56,51,"{""sim_day"": 56.0, ""doy"": 175.0, ""topwt"": 923.5954284667968, ""grnwt"": 0.0, ""xlai"": 1.3051025867462158, ""totir"": 0.0, ""tofer"": NaN, ""swfac"": 0.0, ""nstres"": 0.0}",0.0,0.0,923.5954284667968,0.0,1.3051025867462158,0.0,,0.0,0.0,0.0,180.0,26.31677856445313,26.31677856445313,Leave_One_experiments/all_year_offline_schedule_search/daily_outputs/HLA/HLA_2022_HLA2022_normal_grid_S0028_daily.csv
HLA,HLA,Hailun,2022,Leave_One_experiments\wth_generated_qc\HLA\HLA2022.WTH,normal_year;nitrogen_stress_year;low_response_year,normal,HLA2022_normal_grid_S0028,pareto_balanced,2022-06-25,176,57,52,"{""sim_day"": 57.0, ""doy"": 176.0, ""topwt"": 1024.4367980957031, ""grnwt"": 0.0, ""xlai"": 1.408144474029541, ""totir"": 0.0, ""tofer"": NaN, ""swfac"": 0.0, ""nstres"": 0.0}",0.0,0.0,1024.4367980957031,0.0,1.408144474029541,0.0,,0.0,0.0,0.0,180.0,26.31677856445313,26.31677856445313,Leave_One_experiments/all_year_offline_schedule_search/daily_outputs/HLA/HLA_2022_HLA2022_normal_grid_S0028_daily.csv
HLA,HLA,Hailun,2022,Leave_One_experiments\wth_generated_qc\HLA\HLA2022.WTH,normal_year;nitrogen_stress_year;low_response_year,normal,HLA2022_normal_grid_S0028,pareto_balanced,2022-06-26,177,58,53,"{""sim_day"": 58.0, ""doy"": 177.0, ""topwt"": 1142.6367950439453, ""grnwt"": 0.0, ""xlai"": 1.522210955619812, ""totir"": 0.0, ""tofer"": NaN, ""swfac"": 0.0, ""nstres"": 0.0}",0.0,0.0,1142.6367950439453,0.0,1.522210955619812,0.0,,0.0,0.0,0.0,180.0,26.31677856445313,26.31677856445313,Leave_One_experiments/all_year_offline_schedule_search/daily_outputs/HLA/HLA_2022_HLA2022_normal_grid_S0028_daily.csv
HLA,HLA,Hailun,2022,Leave_One_experiments\wth_generated_qc\HLA\HLA2022.WTH,normal_year;nitrogen_stress_year;low_response_year,normal,HLA2022_normal_grid_S0028,pareto_balanced,2022-06-27,178,59,54,"{""sim_day"": 59.0, ""doy"": 178.0, ""topwt"": 1283.0567932128906, ""grnwt"": 0.0, ""xlai"": 1.6491339206695557, ""totir"": 0.0, ""tofer"": NaN, ""swfac"": 0.0, ""nstres"": 0.0}",0.0,0.0,1283.0567932128906,0.0,1.6491339206695557,0.0,,0.0,0.0,0.0,180.0,26.31677856445313,26.31677856445313,Leave_One_experiments/all_year_offline_schedule_search/daily_outputs/HLA/HLA_2022_HLA2022_normal_grid_S0028_daily.csv
HLA,HLA,Hailun,2022,Leave_One_experiments\wth_generated_qc\HLA\HLA2022.WTH,normal_year;nitrogen_stress_year;low_response_year,normal,HLA2022_normal_grid_S0028,pareto_balanced,2022-06-28,179,60,55,"{""sim_day"": 60.0, ""doy"": 179.0, ""topwt"": 1425.2305603027344, ""grnwt"": 0.0, ""xlai"": 1.7695472240447998, ""totir"": 0.0, ""tofer"": NaN, ""swfac"": 0.0, ""nstres"": 0.0}",0.0,0.0,1425.2305603027344,0.0,1.7695472240447998,0.0,,0.0,0.0,0.0,180.0,26.31677856445313,26.31677856445313,Leave_One_experiments/all_year_offline_schedule_search/daily_outputs/HLA/HLA_2022_HLA2022_normal_grid_S0028_daily.csv
HLA,HLA,Hailun,2022,Leave_One_experiments\wth_generated_qc\HLA\HLA2022.WTH,normal_year;nitrogen_stress_year;low_response_year,normal,HLA2022_normal_grid_S0028,pareto_balanced,2022-06-29,180,61,56,"{""sim_day"": 61.0, ""doy"": 180.0, ""topwt"": 1582.4986267089844, ""grnwt"": 0.0, ""xlai"": 1.8940430879592896, ""totir"": 0.0, ""tofer"": NaN, ""swfac"": 0.0, ""nstres"": 0.0}",0.0,0.0,1582.4986267089844,0.0,1.8940430879592896,0.0,,0.0,0.0,0.0,180.0,26.31677856445313,26.31677856445313,Leave_One_experiments/all_year_offline_schedule_search/daily_outputs/HLA/HLA_2022_HLA2022_normal_grid_S0028_daily.csv
HLA,HLA,Hailun,2022,Leave_One_experiments\wth_generated_qc\HLA\HLA2022.WTH,normal_year;nitrogen_stress_year;low_response_year,normal,HLA2022_normal_grid_S0028,pareto_balanced,2022-06-30,181,62,57,"{""sim_day"": 62.0, ""doy"": 181.0, ""topwt"": 1745.7766723632812, ""grnwt"": 0.0, ""xlai"": 2.0149216651916504, ""totir"": 0.0, ""tofer"": NaN, ""swfac"": 0.0, ""nstres"": 0.0}",0.0,0.0,1745.7766723632812,0.0,2.0149216651916504,0.0,,0.0,0.0,0.0,180.0,26.31677856445313,26.31677856445313,Leave_One_experiments/all_year_offline_schedule_search/daily_outputs/HLA/HLA_2022_HLA2022_normal_grid_S0028_daily.csv
HLA,HLA,Hailun,2022,Leave_One_experiments\wth_generated_qc\HLA\HLA2022.WTH,normal_year;nitrogen_stress_year;low_response_year,normal,HLA2022_normal_grid_S0028,pareto_balanced,2022-07-01,182,63,58,"{""sim_day"": 63.0, ""doy"": 182.0, ""topwt"": 1914.3049621582031, ""grnwt"": 0.0, ""xlai"": 2.13179874420166, ""totir"": 0.0, ""tofer"": NaN, ""swfac"": 0.0, ""nstres"": 0.0}",0.0,0.0,1914.3049621582031,0.0,2.13179874420166,0.0,,0.0,0.0,0.0,180.0,26.31677856445313,26.31677856445313,Leave_One_experiments/all_year_offline_schedule_search/daily_outputs/HLA/HLA_2022_HLA2022_normal_grid_S0028_daily.csv
HLA,HLA,Hailun,2022,Leave_One_experiments\wth_generated_qc\HLA\HLA2022.WTH,normal_year;nitrogen_stress_year;low_response_year,normal,HLA2022_normal_grid_S0028,pareto_balanced,2022-07-02,183,64,59,"{""sim_day"": 64.0, ""doy"": 183.0, ""topwt"": 2092.4609375, ""grnwt"": 0.0, ""xlai"": 2.2476017475128174, ""totir"": 0.0, ""tofer"": NaN, ""swfac"": 0.0, ""nstres"": 0.0}",0.0,0.0,2092.4609375,0.0,2.2476017475128174,0.0,,0.0,0.0,0.0,180.0,26.31677856445313,26.31677856445313,Leave_One_experiments/all_year_offline_schedule_search/daily_outputs/HLA/HLA_2022_HLA2022_normal_grid_S0028_daily.csv
HLA,HLA,Hailun,2022,Leave_One_experiments\wth_generated_qc\HLA\HLA2022.WTH,normal_year;nitrogen_stress_year;low_response_year,normal,HLA2022_normal_grid_S0028,pareto_balanced,2022-07-03,184,65,60,"{""sim_day"": 65.0, ""doy"": 184.0, ""topwt"": 2296.0389709472656, ""grnwt"": 0.0, ""xlai"": 2.3711493015289307, ""totir"": 0.0, ""tofer"": NaN, ""swfac"": 0.0, ""nstres"": 0.0}",0.0,0.0,2296.0389709472656,0.0,2.3711493015289307,0.0,,0.0,50.0,0.0,180.0,26.31677856445313,26.31677856445313,Leave_One_experiments/all_year_offline_schedule_search/daily_outputs/HLA/HLA_2022_HLA2022_normal_grid_S0028_daily.csv
HLA,HLA,Hailun,2022,Leave_One_experiments\wth_generated_qc\HLA\HLA2022.WTH,normal_year;nitrogen_stress_year;low_response_year,normal,HLA2022_normal_grid_S0028,pareto_balanced,2022-07-04,185,66,61,"{""sim_day"": 66.0, ""doy"": 185.0, ""topwt"": 2527.3580932617188, ""grnwt"": 0.0, ""xlai"": 2.501708984375, ""totir"": 0.0, ""tofer"": NaN, ""swfac"": 0.0, ""nstres"": 0.0}",0.0,0.0,2527.3580932617188,0.0,2.501708984375,0.0,,0.0,0.0,0.0,180.0,26.31677856445313,26.31677856445313,Leave_One_experiments/all_year_offline_schedule_search/daily_outputs/HLA/HLA_2022_HLA2022_normal_grid_S0028_daily.csv
HLA,HLA,Hailun,2022,Leave_One_experiments\wth_generated_qc\HLA\HLA2022.WTH,normal_year;nitrogen_stress_year;low_response_year,normal,HLA2022_normal_grid_S0028,pareto_balanced,2022-07-05,186,67,62,"{""sim_day"": 67.0, ""doy"": 186.0, ""topwt"": 2785.8868408203125, ""grnwt"": 0.0, ""xlai"": 2.6370763778686523, ""totir"": 0.0, ""tofer"": NaN, ""swfac"": 0.0, ""nstres"": 0.0}",0.0,0.0,2785.8868408203125,0.0,2.6370763778686523,0.0,,0.0,0.0,0.0,180.0,26.31677856445313,26.31677856445313,Leave_One_experiments/all_year_offline_schedule_search/daily_outputs/HLA/HLA_2022_HLA2022_normal_grid_S0028_daily.csv
HLA,HLA,Hailun,2022,Leave_One_experiments\wth_generated_qc\HLA\HLA2022.WTH,normal_year;nitrogen_stress_year;low_response_year,normal,HLA2022_normal_grid_S0028,pareto_balanced,2022-07-06,187,68,63,"{""sim_day"": 68.0, ""doy"": 187.0, ""topwt"": 3029.8779296875, ""grnwt"": 0.0, ""xlai"": 2.7565293312072754, ""totir"": 0.0, ""tofer"": NaN, ""swfac"": 0.0, ""nstres"": 0.0}",0.0,0.0,3029.8779296875,0.0,2.7565293312072754,0.0,,0.0,0.0,0.0,180.0,26.31677856445313,26.31677856445313,Leave_One_experiments/all_year_offline_schedule_search/daily_outputs/HLA/HLA_2022_HLA2022_normal_grid_S0028_daily.csv
HLA,HLA,Hailun,2022,Leave_One_experiments\wth_generated_qc\HLA\HLA2022.WTH,normal_year;nitrogen_stress_year;low_response_year,normal,HLA2022_normal_grid_S0028,pareto_balanced,2022-07-07,188,69,64,"{""sim_day"": 69.0, ""doy"": 188.0, ""topwt"": 3294.058837890625, ""grnwt"": 0.0, ""xlai"": 2.87758207321167, ""totir"": 0.0, ""tofer"": NaN, ""swfac"": 0.0, ""nstres"": 0.0}",0.0,0.0,3294.058837890625,0.0,2.87758207321167,0.0,,0.0,0.0,0.0,180.0,26.31677856445313,26.31677856445313,Leave_One_experiments/all_year_offline_schedule_search/daily_outputs/HLA/HLA_2022_HLA2022_normal_grid_S0028_daily.csv
HLA,HLA,Hailun,2022,Leave_One_experiments\wth_generated_qc\HLA\HLA2022.WTH,normal_year;nitrogen_stress_year;low_response_year,normal,HLA2022_normal_grid_S0028,pareto_balanced,2022-07-08,189,70,65,"{""sim_day"": 70.0, ""doy"": 189.0, ""topwt"": 3553.5577392578125, ""grnwt"": 0.0, ""xlai"": 2.9894261360168457, ""totir"": 0.0, ""tofer"": NaN, ""swfac"": 0.0, ""nstres"": 0.0}",0.0,0.0,3553.5577392578125,0.0,2.9894261360168457,0.0,,0.0,0.0,0.0,180.0,26.31677856445313,26.31677856445313,Leave_One_experiments/all_year_offline_schedule_search/daily_outputs/HLA/HLA_2022_HLA2022_normal_grid_S0028_daily.csv
HLA,HLA,Hailun,2022,Leave_One_experiments\wth_generated_qc\HLA\HLA2022.WTH,normal_year;nitrogen_stress_year;low_response_year,normal,HLA2022_normal_grid_S0028,pareto_balanced,2022-07-09,190,71,66,"{""sim_day"": 71.0, ""doy"": 190.0, ""topwt"": 3816.705932617188, ""grnwt"": 0.0, ""xlai"": 3.0964772701263428, ""totir"": 0.0, ""tofer"": NaN, ""swfac"": 0.0, ""nstres"": 0.0}",0.0,0.0,3816.705932617188,0.0,3.0964772701263428,0.0,,0.0,0.0,0.0,180.0,26.31677856445313,26.31677856445313,Leave_One_experiments/all_year_offline_schedule_search/daily_outputs/HLA/HLA_2022_HLA2022_normal_grid_S0028_daily.csv
HLA,HLA,Hailun,2022,Leave_One_experiments\wth_generated_qc\HLA\HLA2022.WTH,normal_year;nitrogen_stress_year;low_response_year,normal,HLA2022_normal_grid_S0028,pareto_balanced,2022-07-10,191,72,67,"{""sim_day"": 72.0, ""doy"": 191.0, ""topwt"": 4183.7646484375, ""grnwt"": 0.0, ""xlai"": 3.280142545700073, ""totir"": 0.0, ""tofer"": NaN, ""swfac"": 0.0, ""nstres"": 0.0}",0.0,0.0,4183.7646484375,0.0,3.280142545700073,0.0,,0.0,0.0,0.0,180.0,26.31677856445313,26.31677856445313,Leave_One_experiments/all_year_offline_schedule_search/daily_outputs/HLA/HLA_2022_HLA2022_normal_grid_S0028_daily.csv
HLA,HLA,Hailun,2022,Leave_One_experiments\wth_generated_qc\HLA\HLA2022.WTH,normal_year;nitrogen_stress_year;low_response_year,normal,HLA2022_normal_grid_S0028,pareto_balanced,2022-07-11,192,73,68,"{""sim_day"": 73.0, ""doy"": 192.0, ""topwt"": 4525.246887207031, ""grnwt"": 0.0, ""xlai"": 3.419461727142334, ""totir"": 0.0, ""tofer"": NaN, ""swfac"": 0.0, ""nstres"": 0.0}",0.0,0.0,4525.246887207031,0.0,3.419461727142334,0.0,,0.0,0.0,0.0,180.0,26.31677856445313,26.31677856445313,Leave_One_experiments/all_year_offline_schedule_search/daily_outputs/HLA/HLA_2022_HLA2022_normal_grid_S0028_daily.csv
HLA,HLA,Hailun,2022,Leave_One_experiments\wth_generated_qc\HLA\HLA2022.WTH,normal_year;nitrogen_stress_year;low_response_year,normal,HLA2022_normal_grid_S0028,pareto_balanced,2022-07-12,193,74,69,"{""sim_day"": 74.0, ""doy"": 193.0, ""topwt"": 4835.450744628906, ""grnwt"": 0.0, ""xlai"": 3.5307202339172363, ""totir"": 0.0, ""tofer"": NaN, ""swfac"": 0.0, ""nstres"": 0.0}",0.0,0.0,4835.450744628906,0.0,3.5307202339172363,0.0,,0.0,0.0,0.0,180.0,26.31677856445313,26.31677856445313,Leave_One_experiments/all_year_offline_schedule_search/daily_outputs/HLA/HLA_2022_HLA2022_normal_grid_S0028_daily.csv
HLA,HLA,Hailun,2022,Leave_One_experiments\wth_generated_qc\HLA\HLA2022.WTH,normal_year;nitrogen_stress_year;low_response_year,normal,HLA2022_normal_grid_S0028,pareto_balanced,2022-07-13,194,75,70,"{""sim_day"": 75.0, ""doy"": 194.0, ""topwt"": 5102.838134765625, ""grnwt"": 0.0, ""xlai"": 3.61849045753479, ""totir"": 0.0, ""tofer"": NaN, ""swfac"": 0.0, ""nstres"": 0.0}",0.0,0.0,5102.838134765625,0.0,3.61849045753479,0.0,,0.0,0.0,0.0,180.0,26.31677856445313,26.31677856445313,Leave_One_experiments/all_year_offline_schedule_search/daily_outputs/HLA/HLA_2022_HLA2022_normal_grid_S0028_daily.csv
HLA,HLA,Hailun,2022,Leave_One_experiments\wth_generated_qc\HLA\HLA2022.WTH,normal_year;nitrogen_stress_year;low_response_year,normal,HLA2022_normal_grid_S0028,pareto_balanced,2022-07-14,195,76,71,"{""sim_day"": 76.0, ""doy"": 195.0, ""topwt"": 5373.810424804688, ""grnwt"": 0.0, ""xlai"": 3.700962781906128, ""totir"": 0.0, ""tofer"": NaN, ""swfac"": 0.0, ""nstres"": 0.0}",0.0,0.0,5373.810424804688,0.0,3.700962781906128,0.0,,0.0,0.0,0.0,180.0,26.31677856445313,26.31677856445313,Leave_One_experiments/all_year_offline_schedule_search/daily_outputs/HLA/HLA_2022_HLA2022_normal_grid_S0028_daily.csv
HLA,HLA,Hailun,2022,Leave_One_experiments\wth_generated_qc\HLA\HLA2022.WTH,normal_year;nitrogen_stress_year;low_response_year,normal,HLA2022_normal_grid_S0028,pareto_balanced,2022-07-15,196,77,72,"{""sim_day"": 77.0, ""doy"": 196.0, ""topwt"": 5629.293212890625, ""grnwt"": 0.0, ""xlai"": 3.774029493331909, ""totir"": 0.0, ""tofer"": NaN, ""swfac"": 0.0, ""nstres"": 0.0}",0.0,0.0,5629.293212890625,0.0,3.774029493331909,0.0,,0.0,0.0,0.0,180.0,26.31677856445313,26.31677856445313,Leave_One_experiments/all_year_offline_schedule_search/daily_outputs/HLA/HLA_2022_HLA2022_normal_grid_S0028_daily.csv
HLA,HLA,Hailun,2022,Leave_One_experiments\wth_generated_qc\HLA\HLA2022.WTH,normal_year;nitrogen_stress_year;low_response_year,normal,HLA2022_normal_grid_S0028,pareto_balanced,2022-07-16,197,78,73,"{""sim_day"": 78.0, ""doy"": 197.0, ""topwt"": 5862.407836914063, ""grnwt"": 0.0, ""xlai"": 3.8373870849609375, ""totir"": 0.0, ""tofer"": NaN, ""swfac"": 0.0, ""nstres"": 0.0}",0.0,0.0,5862.407836914063,0.0,3.8373870849609375,0.0,,0.0,0.0,0.0,180.0,26.31677856445313,26.31677856445313,Leave_One_experiments/all_year_offline_schedule_search/daily_outputs/HLA/HLA_2022_HLA2022_normal_grid_S0028_daily.csv
HLA,HLA,Hailun,2022,Leave_One_experiments\wth_generated_qc\HLA\HLA2022.WTH,normal_year;nitrogen_stress_year;low_response_year,normal,HLA2022_normal_grid_S0028,pareto_balanced,2022-07-17,198,79,74,"{""sim_day"": 79.0, ""doy"": 198.0, ""topwt"": 6101.23779296875, ""grnwt"": 0.0, ""xlai"": 3.899328470230103, ""totir"": 0.0, ""tofer"": NaN, ""swfac"": 0.0, ""nstres"": 0.0}",0.0,0.0,6101.23779296875,0.0,3.899328470230103,0.0,,0.0,0.0,0.0,180.0,26.31677856445313,26.31677856445313,Leave_One_experiments/all_year_offline_schedule_search/daily_outputs/HLA/HLA_2022_HLA2022_normal_grid_S0028_daily.csv
HLA,HLA,Hailun,2022,Leave_One_experiments\wth_generated_qc\HLA\HLA2022.WTH,normal_year;nitrogen_stress_year;low_response_year,normal,HLA2022_normal_grid_S0028,pareto_balanced,2022-07-18,199,80,75,"{""sim_day"": 80.0, ""doy"": 199.0, ""topwt"": 6353.107299804688, ""grnwt"": 0.0, ""xlai"": 3.9617881774902335, ""totir"": 0.0, ""tofer"": NaN, ""swfac"": 0.0, ""nstres"": 0.0}",0.0,0.0,6353.107299804688,0.0,3.9617881774902335,0.0,,0.0,0.0,0.0,180.0,26.31677856445313,26.31677856445313,Leave_One_experiments/all_year_offline_schedule_search/daily_outputs/HLA/HLA_2022_HLA2022_normal_grid_S0028_daily.csv
HLA,HLA,Hailun,2022,Leave_One_experiments\wth_generated_qc\HLA\HLA2022.WTH,normal_year;nitrogen_stress_year;low_response_year,normal,HLA2022_normal_grid_S0028,pareto_balanced,2022-07-19,200,81,76,"{""sim_day"": 81.0, ""doy"": 200.0, ""topwt"": 6616.4398193359375, ""grnwt"": 0.0, ""xlai"": 4.027030944824219, ""totir"": 0.0, ""tofer"": NaN, ""swfac"": 0.0, ""nstres"": 0.0}",0.0,0.0,6616.4398193359375,0.0,4.027030944824219,0.0,,0.0,0.0,0.0,180.0,26.31677856445313,26.31677856445313,Leave_One_experiments/all_year_offline_schedule_search/daily_outputs/HLA/HLA_2022_HLA2022_normal_grid_S0028_daily.csv
HLA,HLA,Hailun,2022,Leave_One_experiments\wth_generated_qc\HLA\HLA2022.WTH,normal_year;nitrogen_stress_year;low_response_year,normal,HLA2022_normal_grid_S0028,pareto_balanced,2022-07-20,201,82,77,"{""sim_day"": 82.0, ""doy"": 201.0, ""topwt"": 6860.8331298828125, ""grnwt"": 0.0, ""xlai"": 4.086604118347168, ""totir"": 0.0, ""tofer"": NaN, ""swfac"": 0.0, ""nstres"": 0.0}",0.0,0.0,6860.8331298828125,0.0,4.086604118347168,0.0,,0.0,0.0,0.0,180.0,26.31677856445313,26.31677856445313,Leave_One_experiments/all_year_offline_schedule_search/daily_outputs/HLA/HLA_2022_HLA2022_normal_grid_S0028_daily.csv
HLA,HLA,Hailun,2022,Leave_One_experiments\wth_generated_qc\HLA\HLA2022.WTH,normal_year;nitrogen_stress_year;low_response_year,normal,HLA2022_normal_grid_S0028,pareto_balanced,2022-07-21,202,83,78,"{""sim_day"": 83.0, ""doy"": 202.0, ""topwt"": 7113.483276367188, ""grnwt"": 0.0, ""xlai"": 4.14617395401001, ""totir"": 0.0, ""tofer"": NaN, ""swfac"": 0.0, ""nstres"": 0.0}",0.0,0.0,7113.483276367188,0.0,4.14617395401001,0.0,,0.0,0.0,0.0,180.0,26.31677856445313,26.31677856445313,Leave_One_experiments/all_year_offline_schedule_search/daily_outputs/HLA/HLA_2022_HLA2022_normal_grid_S0028_daily.csv
HLA,HLA,Hailun,2022,Leave_One_experiments\wth_generated_qc\HLA\HLA2022.WTH,normal_year;nitrogen_stress_year;low_response_year,normal,HLA2022_normal_grid_S0028,pareto_balanced,2022-07-22,203,84,79,"{""sim_day"": 84.0, ""doy"": 203.0, ""topwt"": 7361.571044921875, ""grnwt"": 0.0, ""xlai"": 4.202497482299805, ""totir"": 0.0, ""tofer"": NaN, ""swfac"": 0.0, ""nstres"": 0.0}",0.0,0.0,7361.571044921875,0.0,4.202497482299805,0.0,,0.0,0.0,0.0,180.0,26.31677856445313,26.31677856445313,Leave_One_experiments/all_year_offline_schedule_search/daily_outputs/HLA/HLA_2022_HLA2022_normal_grid_S0028_daily.csv
HLA,HLA,Hailun,2022,Leave_One_experiments\wth_generated_qc\HLA\HLA2022.WTH,normal_year;nitrogen_stress_year;low_response_year,normal,HLA2022_normal_grid_S0028,pareto_balanced,2022-07-23,204,85,80,"{""sim_day"": 85.0, ""doy"": 204.0, ""topwt"": 7593.8323974609375, ""grnwt"": 0.0, ""xlai"": 4.252849578857422, ""totir"": 0.0, ""tofer"": NaN, ""swfac"": 0.0, ""nstres"": 0.0}",0.0,0.0,7593.8323974609375,0.0,4.252849578857422,0.0,,0.0,0.0,0.0,180.0,26.31677856445313,26.31677856445313,Leave_One_experiments/all_year_offline_schedule_search/daily_outputs/HLA/HLA_2022_HLA2022_normal_grid_S0028_daily.csv
HLA,HLA,Hailun,2022,Leave_One_experiments\wth_generated_qc\HLA\HLA2022.WTH,normal_year;nitrogen_stress_year;low_response_year,normal,HLA2022_normal_grid_S0028,pareto_balanced,2022-07-24,205,86,81,"{""sim_day"": 86.0, ""doy"": 205.0, ""topwt"": 7947.577514648437, ""grnwt"": 0.0, ""xlai"": 4.073367595672607, ""totir"": 0.0, ""tofer"": NaN, ""swfac"": 0.0, ""nstres"": 0.0}",0.0,0.0,7947.577514648437,0.0,4.073367595672607,0.0,,0.0,0.0,0.0,180.0,26.31677856445313,26.31677856445313,Leave_One_experiments/all_year_offline_schedule_search/daily_outputs/HLA/HLA_2022_HLA2022_normal_grid_S0028_daily.csv
HLA,HLA,Hailun,2022,Leave_One_experiments\wth_generated_qc\HLA\HLA2022.WTH,normal_year;nitrogen_stress_year;low_response_year,normal,HLA2022_normal_grid_S0028,pareto_balanced,2022-07-25,206,87,82,"{""sim_day"": 87.0, ""doy"": 206.0, ""topwt"": 8357.2998046875, ""grnwt"": 0.0, ""xlai"": 4.055084228515625, ""totir"": 0.0, ""tofer"": NaN, ""swfac"": 0.0, ""nstres"": 0.0}",0.0,0.0,8357.2998046875,0.0,4.055084228515625,0.0,,0.0,0.0,0.0,180.0,26.31677856445313,26.31677856445313,Leave_One_experiments/all_year_offline_schedule_search/daily_outputs/HLA/HLA_2022_HLA2022_normal_grid_S0028_daily.csv
HLA,HLA,Hailun,2022,Leave_One_experiments\wth_generated_qc\HLA\HLA2022.WTH,normal_year;nitrogen_stress_year;low_response_year,normal,HLA2022_normal_grid_S0028,pareto_balanced,2022-07-26,207,88,83,"{""sim_day"": 88.0, ""doy"": 207.0, ""topwt"": 8759.664916992188, ""grnwt"": 0.0, ""xlai"": 4.035407066345215, ""totir"": 0.0, ""tofer"": NaN, ""swfac"": 0.0, ""nstres"": 0.0}",0.0,0.0,8759.664916992188,0.0,4.035407066345215,0.0,,0.0,0.0,0.0,180.0,26.31677856445313,26.31677856445313,Leave_One_experiments/all_year_offline_schedule_search/daily_outputs/HLA/HLA_2022_HLA2022_normal_grid_S0028_daily.csv
HLA,HLA,Hailun,2022,Leave_One_experiments\wth_generated_qc\HLA\HLA2022.WTH,normal_year;nitrogen_stress_year;low_response_year,normal,HLA2022_normal_grid_S0028,pareto_balanced,2022-07-27,208,89,84,"{""sim_day"": 89.0, ""doy"": 208.0, ""topwt"": 8979.217529296875, ""grnwt"": 0.0, ""xlai"": 4.016051292419434, ""totir"": 0.0, ""tofer"": NaN, ""swfac"": 0.0, ""nstres"": 0.0}",0.0,0.0,8979.217529296875,0.0,4.016051292419434,0.0,,0.0,0.0,0.0,180.0,26.31677856445313,26.31677856445313,Leave_One_experiments/all_year_offline_schedule_search/daily_outputs/HLA/HLA_2022_HLA2022_normal_grid_S0028_daily.csv
HLA,HLA,Hailun,2022,Leave_One_experiments\wth_generated_qc\HLA\HLA2022.WTH,normal_year;nitrogen_stress_year;low_response_year,normal,HLA2022_normal_grid_S0028,pareto_balanced,2022-07-28,209,90,85,"{""sim_day"": 90.0, ""doy"": 209.0, ""topwt"": 9037.48779296875, ""grnwt"": 0.0, ""xlai"": 4.000985145568848, ""totir"": 0.0, ""tofer"": NaN, ""swfac"": 0.0, ""nstres"": 0.0}",0.0,0.0,9037.48779296875,0.0,4.000985145568848,0.0,,0.0,0.0,0.0,180.0,26.31677856445313,26.31677856445313,Leave_One_experiments/all_year_offline_schedule_search/daily_outputs/HLA/HLA_2022_HLA2022_normal_grid_S0028_daily.csv
HLA,HLA,Hailun,2022,Leave_One_experiments\wth_generated_qc\HLA\HLA2022.WTH,normal_year;nitrogen_stress_year;low_response_year,normal,HLA2022_normal_grid_S0028,pareto_balanced,2022-07-29,210,91,86,"{""sim_day"": 91.0, ""doy"": 210.0, ""topwt"": 9335.27099609375, ""grnwt"": 0.0, ""xlai"": 3.9844717979431152, ""totir"": 0.0, ""tofer"": NaN, ""swfac"": 0.0, ""nstres"": 0.0}",0.0,0.0,9335.27099609375,0.0,3.9844717979431152,0.0,,0.0,0.0,0.0,180.0,26.31677856445313,26.31677856445313,Leave_One_experiments/all_year_offline_schedule_search/daily_outputs/HLA/HLA_2022_HLA2022_normal_grid_S0028_daily.csv
HLA,HLA,Hailun,2022,Leave_One_experiments\wth_generated_qc\HLA\HLA2022.WTH,normal_year;nitrogen_stress_year;low_response_year,normal,HLA2022_normal_grid_S0028,pareto_balanced,2022-07-30,211,92,87,"{""sim_day"": 92.0, ""doy"": 211.0, ""topwt"": 9651.983642578123, ""grnwt"": 0.0, ""xlai"": 3.965437889099121, ""totir"": 0.0, ""tofer"": NaN, ""swfac"": 0.0, ""nstres"": 0.0}",0.0,0.0,9651.983642578123,0.0,3.965437889099121,0.0,,0.0,0.0,0.0,180.0,26.31677856445313,26.31677856445313,Leave_One_experiments/all_year_offline_schedule_search/daily_outputs/HLA/HLA_2022_HLA2022_normal_grid_S0028_daily.csv
HLA,HLA,Hailun,2022,Leave_One_experiments\wth_generated_qc\HLA\HLA2022.WTH,normal_year;nitrogen_stress_year;low_response_year,normal,HLA2022_normal_grid_S0028,pareto_balanced,2022-07-31,212,93,88,"{""sim_day"": 93.0, ""doy"": 212.0, ""topwt"": 10021.414184570312, ""grnwt"": 0.0, ""xlai"": 3.9486021995544434, ""totir"": 0.0, ""tofer"": NaN, ""swfac"": 0.0, ""nstres"": 0.0}",0.0,0.0,10021.414184570312,0.0,3.9486021995544434,0.0,,0.0,0.0,0.0,180.0,26.31677856445313,26.31677856445313,Leave_One_experiments/all_year_offline_schedule_search/daily_outputs/HLA/HLA_2022_HLA2022_normal_grid_S0028_daily.csv
HLA,HLA,Hailun,2022,Leave_One_experiments\wth_generated_qc\HLA\HLA2022.WTH,normal_year;nitrogen_stress_year;low_response_year,normal,HLA2022_normal_grid_S0028,pareto_balanced,2022-08-01,213,94,89,"{""sim_day"": 94.0, ""doy"": 213.0, ""topwt"": 10244.091796875, ""grnwt"": 0.0, ""xlai"": 3.929246425628662, ""totir"": 0.0, ""tofer"": NaN, ""swfac"": 0.0, ""nstres"": 0.0}",0.0,0.0,10244.091796875,0.0,3.929246425628662,0.0,,0.0,0.0,0.0,180.0,26.31677856445313,26.31677856445313,Leave_One_experiments/all_year_offline_schedule_search/daily_outputs/HLA/HLA_2022_HLA2022_normal_grid_S0028_daily.csv
HLA,HLA,Hailun,2022,Leave_One_experiments\wth_generated_qc\HLA\HLA2022.WTH,normal_year;nitrogen_stress_year;low_response_year,normal,HLA2022_normal_grid_S0028,pareto_balanced,2022-08-02,214,95,90,"{""sim_day"": 95.0, ""doy"": 214.0, ""topwt"": 10617.548828125, ""grnwt"": 0.0, ""xlai"": 3.9100518226623535, ""totir"": 0.0, ""tofer"": NaN, ""swfac"": 0.0, ""nstres"": 0.0}",0.0,0.0,10617.548828125,0.0,3.9100518226623535,0.0,,0.0,0.0,0.0,180.0,26.31677856445313,26.31677856445313,Leave_One_experiments/all_year_offline_schedule_search/daily_outputs/HLA/HLA_2022_HLA2022_normal_grid_S0028_daily.csv
HLA,HLA,Hailun,2022,Leave_One_experiments\wth_generated_qc\HLA\HLA2022.WTH,normal_year;nitrogen_stress_year;low_response_year,normal,HLA2022_normal_grid_S0028,pareto_balanced,2022-08-03,215,96,91,"{""sim_day"": 96.0, ""doy"": 215.0, ""topwt"": 10784.139404296877, ""grnwt"": 166.59090042114258, ""xlai"": 3.8138082027435294, ""totir"": 0.0, ""tofer"": NaN, ""swfac"": 0.0, ""nstres"": 0.0}",0.0,0.0,10784.139404296877,166.59090042114258,3.8138082027435294,0.0,,0.0,0.0,0.0,180.0,26.31677856445313,26.31677856445313,Leave_One_experiments/all_year_offline_schedule_search/daily_outputs/HLA/HLA_2022_HLA2022_normal_grid_S0028_daily.csv
HLA,HLA,Hailun,2022,Leave_One_experiments\wth_generated_qc\HLA\HLA2022.WTH,normal_year;nitrogen_stress_year;low_response_year,normal,HLA2022_normal_grid_S0028,pareto_balanced,2022-08-04,216,97,92,"{""sim_day"": 97.0, ""doy"": 216.0, ""topwt"": 10950.72998046875, ""grnwt"": 333.1818008422852, ""xlai"": 3.799352169036865, ""totir"": 0.0, ""tofer"": NaN, ""swfac"": 0.0, ""nstres"": 0.0}",0.0,0.0,10950.72998046875,333.1818008422852,3.799352169036865,0.0,,0.0,0.0,0.0,180.0,26.31677856445313,26.31677856445313,Leave_One_experiments/all_year_offline_schedule_search/daily_outputs/HLA/HLA_2022_HLA2022_normal_grid_S0028_daily.csv
HLA,HLA,Hailun,2022,Leave_One_experiments\wth_generated_qc\HLA\HLA2022.WTH,normal_year;nitrogen_stress_year;low_response_year,normal,HLA2022_normal_grid_S0028,pareto_balanced,2022-08-05,217,98,93,"{""sim_day"": 98.0, ""doy"": 217.0, ""topwt"": 11117.320556640623, ""grnwt"": 499.77272033691406, ""xlai"": 3.783212900161743, ""totir"": 0.0, ""tofer"": NaN, ""swfac"": 0.0, ""nstres"": 0.0}",0.0,0.0,11117.320556640623,499.77272033691406,3.783212900161743,0.0,,0.0,0.0,0.0,180.0,26.31677856445313,26.31677856445313,Leave_One_experiments/all_year_offline_schedule_search/daily_outputs/HLA/HLA_2022_HLA2022_normal_grid_S0028_daily.csv
HLA,HLA,Hailun,2022,Leave_One_experiments\wth_generated_qc\HLA\HLA2022.WTH,normal_year;nitrogen_stress_year;low_response_year,normal,HLA2022_normal_grid_S0028,pareto_balanced,2022-08-06,218,99,94,"{""sim_day"": 99.0, ""doy"": 218.0, ""topwt"": 11283.912353515623, ""grnwt"": 666.3636016845703, ""xlai"": 3.766556978225708, ""totir"": 0.0, ""tofer"": NaN, ""swfac"": 0.0, ""nstres"": 0.0}",0.0,0.0,11283.912353515623,666.3636016845703,3.766556978225708,0.0,,0.0,0.0,0.0,180.0,26.31677856445313,26.31677856445313,Leave_One_experiments/all_year_offline_schedule_search/daily_outputs/HLA/HLA_2022_HLA2022_normal_grid_S0028_daily.csv
HLA,HLA,Hailun,2022,Leave_One_experiments\wth_generated_qc\HLA\HLA2022.WTH,normal_year;nitrogen_stress_year;low_response_year,normal,HLA2022_normal_grid_S0028,pareto_balanced,2022-08-07,219,100,95,"{""sim_day"": 100.0, ""doy"": 219.0, ""topwt"": 11450.5029296875, ""grnwt"": 832.9544830322266, ""xlai"": 3.75159764289856, ""totir"": 0.0, ""tofer"": NaN, ""swfac"": 0.0, ""nstres"": 0.0}",0.0,0.0,11450.5029296875,832.9544830322266,3.75159764289856,0.0,,0.0,0.0,0.0,180.0,26.31677856445313,26.31677856445313,Leave_One_experiments/all_year_offline_schedule_search/daily_outputs/HLA/HLA_2022_HLA2022_normal_grid_S0028_daily.csv
HLA,HLA,Hailun,2022,Leave_One_experiments\wth_generated_qc\HLA\HLA2022.WTH,normal_year;nitrogen_stress_year;low_response_year,normal,HLA2022_normal_grid_S0028,pareto_balanced,2022-08-08,220,101,96,"{""sim_day"": 101.0, ""doy"": 220.0, ""topwt"": 11617.093505859377, ""grnwt"": 999.5453643798828, ""xlai"": 3.734968662261963, ""totir"": 0.0, ""tofer"": NaN, ""swfac"": 0.0, ""nstres"": 0.0}",0.0,0.0,11617.093505859377,999.5453643798828,3.734968662261963,0.0,,0.0,0.0,0.0,180.0,26.31677856445313,26.31677856445313,Leave_One_experiments/all_year_offline_schedule_search/daily_outputs/HLA/HLA_2022_HLA2022_normal_grid_S0028_daily.csv
HLA,HLA,Hailun,2022,Leave_One_experiments\wth_generated_qc\HLA\HLA2022.WTH,normal_year;nitrogen_stress_year;low_response_year,normal,HLA2022_normal_grid_S0028,pareto_balanced,2022-08-09,221,102,97,"{""sim_day"": 102.0, ""doy"": 221.0, ""topwt"": 11783.68408203125, ""grnwt"": 1166.136245727539, ""xlai"": 3.718367576599121, ""totir"": 0.0, ""tofer"": NaN, ""swfac"": 0.0, ""nstres"": 0.0}",0.0,0.0,11783.68408203125,1166.136245727539,3.718367576599121,0.0,,0.0,0.0,0.0,180.0,26.31677856445313,26.31677856445313,Leave_One_experiments/all_year_offline_schedule_search/daily_outputs/HLA/HLA_2022_HLA2022_normal_grid_S0028_daily.csv
HLA,HLA,Hailun,2022,Leave_One_experiments\wth_generated_qc\HLA\HLA2022.WTH,normal_year;nitrogen_stress_year;low_response_year,normal,HLA2022_normal_grid_S0028,pareto_balanced,2022-08-10,222,103,98,"{""sim_day"": 103.0, ""doy"": 222.0, ""topwt"": 11950.27587890625, ""grnwt"": 1332.7272033691406, ""xlai"": 3.698960065841675, ""totir"": 0.0, ""tofer"": NaN, ""swfac"": 0.0, ""nstres"": 0.0}",0.0,0.0,11950.27587890625,1332.7272033691406,3.698960065841675,0.0,,0.0,0.0,0.0,180.0,26.31677856445313,26.31677856445313,Leave_One_experiments/all_year_offline_schedule_search/daily_outputs/HLA/HLA_2022_HLA2022_normal_grid_S0028_daily.csv
HLA,HLA,Hailun,2022,Leave_One_experiments\wth_generated_qc\HLA\HLA2022.WTH,normal_year;nitrogen_stress_year;low_response_year,normal,HLA2022_normal_grid_S0028,pareto_balanced,2022-08-11,223,104,99,"{""sim_day"": 104.0, ""doy"": 223.0, ""topwt"": 12116.866455078123, ""grnwt"": 1499.3180847167969, ""xlai"": 3.678876161575317, ""totir"": 0.0, ""tofer"": NaN, ""swfac"": 0.0, ""nstres"": 0.0}",0.0,0.0,12116.866455078123,1499.3180847167969,3.678876161575317,0.0,,0.0,0.0,0.0,180.0,26.31677856445313,26.31677856445313,Leave_One_experiments/all_year_offline_schedule_search/daily_outputs/HLA/HLA_2022_HLA2022_normal_grid_S0028_daily.csv
HLA,HLA,Hailun,2022,Leave_One_experiments\wth_generated_qc\HLA\HLA2022.WTH,normal_year;nitrogen_stress_year;low_response_year,normal,HLA2022_normal_grid_S0028,pareto_balanced,2022-08-12,224,105,100,"{""sim_day"": 105.0, ""doy"": 224.0, ""topwt"": 12283.45703125, ""grnwt"": 1665.9089660644531, ""xlai"": 3.655987501144409, ""totir"": 0.0, ""tofer"": NaN, ""swfac"": 0.0, ""nstres"": 0.0}",0.0,0.0,12283.45703125,1665.9089660644531,3.655987501144409,0.0,,0.0,0.0,0.0,180.0,26.31677856445313,26.31677856445313,Leave_One_experiments/all_year_offline_schedule_search/daily_outputs/HLA/HLA_2022_HLA2022_normal_grid_S0028_daily.csv
HLA,HLA,Hailun,2022,Leave_One_experiments\wth_generated_qc\HLA\HLA2022.WTH,normal_year;nitrogen_stress_year;low_response_year,normal,HLA2022_normal_grid_S0028,pareto_balanced,2022-08-13,225,106,101,"{""sim_day"": 106.0, ""doy"": 225.0, ""topwt"": 12450.047607421877, ""grnwt"": 1832.4998474121091, ""xlai"": 3.631013870239258, ""totir"": 0.0, ""tofer"": NaN, ""swfac"": 0.0, ""nstres"": 0.0}",0.0,0.0,12450.047607421877,1832.4998474121091,3.631013870239258,0.0,,0.0,0.0,0.0,180.0,26.31677856445313,26.31677856445313,Leave_One_experiments/all_year_offline_schedule_search/daily_outputs/HLA/HLA_2022_HLA2022_normal_grid_S0028_daily.csv
HLA,HLA,Hailun,2022,Leave_One_experiments\wth_generated_qc\HLA\HLA2022.WTH,normal_year;nitrogen_stress_year;low_response_year,normal,HLA2022_normal_grid_S0028,pareto_balanced,2022-08-14,226,107,102,"{""sim_day"": 107.0, ""doy"": 226.0, ""topwt"": 12616.639404296877, ""grnwt"": 1999.0907287597656, ""xlai"": 3.596616744995117, ""totir"": 0.0, ""tofer"": NaN, ""swfac"": 0.0, ""nstres"": 0.0}",0.0,0.0,12616.639404296877,1999.0907287597656,3.596616744995117,0.0,,0.0,0.0,0.0,180.0,26.31677856445313,26.31677856445313,Leave_One_experiments/all_year_offline_schedule_search/daily_outputs/HLA/HLA_2022_HLA2022_normal_grid_S0028_daily.csv
HLA,HLA,Hailun,2022,Leave_One_experiments\wth_generated_qc\HLA\HLA2022.WTH,normal_year;nitrogen_stress_year;low_response_year,normal,HLA2022_normal_grid_S0028,pareto_balanced,2022-08-15,227,108,103,"{""sim_day"": 108.0, ""doy"": 227.0, ""topwt"": 12783.22998046875, ""grnwt"": 2165.681610107422, ""xlai"": 3.564028024673462, ""totir"": 0.0, ""tofer"": NaN, ""swfac"": 0.0, ""nstres"": 0.0}",0.0,0.0,12783.22998046875,2165.681610107422,3.564028024673462,0.0,,0.0,0.0,0.0,180.0,26.31677856445313,26.31677856445313,Leave_One_experiments/all_year_offline_schedule_search/daily_outputs/HLA/HLA_2022_HLA2022_normal_grid_S0028_daily.csv
HLA,HLA,Hailun,2022,Leave_One_experiments\wth_generated_qc\HLA\HLA2022.WTH,normal_year;nitrogen_stress_year;low_response_year,normal,HLA2022_normal_grid_S0028,pareto_balanced,2022-08-16,228,109,104,"{""sim_day"": 109.0, ""doy"": 228.0, ""topwt"": 12949.8193359375, ""grnwt"": 2332.272491455078, ""xlai"": 3.519075632095337, ""totir"": 0.0, ""tofer"": NaN, ""swfac"": 0.0, ""nstres"": 0.0}",0.0,0.0,12949.8193359375,2332.272491455078,3.519075632095337,0.0,,0.0,0.0,0.0,180.0,26.31677856445313,26.31677856445313,Leave_One_experiments/all_year_offline_schedule_search/daily_outputs/HLA/HLA_2022_HLA2022_normal_grid_S0028_daily.csv
HLA,HLA,Hailun,2022,Leave_One_experiments\wth_generated_qc\HLA\HLA2022.WTH,normal_year;nitrogen_stress_year;low_response_year,normal,HLA2022_normal_grid_S0028,pareto_balanced,2022-08-17,229,110,105,"{""sim_day"": 110.0, ""doy"": 229.0, ""topwt"": 13116.412353515623, ""grnwt"": 2498.8633728027344, ""xlai"": 3.4728245735168457, ""totir"": 0.0, ""tofer"": NaN, ""swfac"": 0.0, ""nstres"": 0.0}",0.0,0.0,13116.412353515623,2498.8633728027344,3.4728245735168457,0.0,,0.0,0.0,0.0,180.0,26.31677856445313,26.31677856445313,Leave_One_experiments/all_year_offline_schedule_search/daily_outputs/HLA/HLA_2022_HLA2022_normal_grid_S0028_daily.csv
HLA,HLA,Hailun,2022,Leave_One_experiments\wth_generated_qc\HLA\HLA2022.WTH,normal_year;nitrogen_stress_year;low_response_year,normal,HLA2022_normal_grid_S0028,pareto_balanced,2022-08-18,230,111,106,"{""sim_day"": 111.0, ""doy"": 230.0, ""topwt"": 13283.001708984377, ""grnwt"": 2665.454406738281, ""xlai"": 3.4350287914276123, ""totir"": 0.0, ""tofer"": NaN, ""swfac"": 0.0, ""nstres"": 0.0}",0.0,0.0,13283.001708984377,2665.454406738281,3.4350287914276123,0.0,,0.0,0.0,0.0,180.0,26.31677856445313,26.31677856445313,Leave_One_experiments/all_year_offline_schedule_search/daily_outputs/HLA/HLA_2022_HLA2022_normal_grid_S0028_daily.csv
HLA,HLA,Hailun,2022,Leave_One_experiments\wth_generated_qc\HLA\HLA2022.WTH,normal_year;nitrogen_stress_year;low_response_year,normal,HLA2022_normal_grid_S0028,pareto_balanced,2022-08-19,231,112,107,"{""sim_day"": 112.0, ""doy"": 231.0, ""topwt"": 13449.5947265625, ""grnwt"": 2832.045288085937, ""xlai"": 3.40334415435791, ""totir"": 0.0, ""tofer"": NaN, ""swfac"": 0.0, ""nstres"": 0.0}",0.0,0.0,13449.5947265625,2832.045288085937,3.40334415435791,0.0,,0.0,0.0,0.0,180.0,26.31677856445313,26.31677856445313,Leave_One_experiments/all_year_offline_schedule_search/daily_outputs/HLA/HLA_2022_HLA2022_normal_grid_S0028_daily.csv
HLA,HLA,Hailun,2022,Leave_One_experiments\wth_generated_qc\HLA\HLA2022.WTH,normal_year;nitrogen_stress_year;low_response_year,normal,HLA2022_normal_grid_S0028,pareto_balanced,2022-08-20,232,113,108,"{""sim_day"": 113.0, ""doy"": 232.0, ""topwt"": 13616.18408203125, ""grnwt"": 2998.6361694335938, ""xlai"": 3.367761611938477, ""totir"": 0.0, ""tofer"": NaN, ""swfac"": 0.0, ""nstres"": 0.0}",0.0,0.0,13616.18408203125,2998.6361694335938,3.367761611938477,0.0,,0.0,0.0,0.0,180.0,26.31677856445313,26.31677856445313,Leave_One_experiments/all_year_offline_schedule_search/daily_outputs/HLA/HLA_2022_HLA2022_normal_grid_S0028_daily.csv
HLA,HLA,Hailun,2022,Leave_One_experiments\wth_generated_qc\HLA\HLA2022.WTH,normal_year;nitrogen_stress_year;low_response_year,normal,HLA2022_normal_grid_S0028,pareto_balanced,2022-08-21,233,114,109,"{""sim_day"": 114.0, ""doy"": 233.0, ""topwt"": 13719.591064453123, ""grnwt"": 3140.634765625, ""xlai"": 3.3418869972229004, ""totir"": 0.0, ""tofer"": NaN, ""swfac"": 0.0, ""nstres"": 0.0}",0.0,0.0,13719.591064453123,3140.634765625,3.3418869972229004,0.0,,0.0,0.0,0.0,180.0,26.31677856445313,26.31677856445313,Leave_One_experiments/all_year_offline_schedule_search/daily_outputs/HLA/HLA_2022_HLA2022_normal_grid_S0028_daily.csv
HLA,HLA,Hailun,2022,Leave_One_experiments\wth_generated_qc\HLA\HLA2022.WTH,normal_year;nitrogen_stress_year;low_response_year,normal,HLA2022_normal_grid_S0028,pareto_balanced,2022-08-22,234,115,110,"{""sim_day"": 115.0, ""doy"": 234.0, ""topwt"": 13912.8759765625, ""grnwt"": 3295.326538085937, ""xlai"": 3.311739683151245, ""totir"": 0.0, ""tofer"": NaN, ""swfac"": 0.0, ""nstres"": 0.0025000572204589}",0.0,0.0025000572204589,13912.8759765625,3295.326538085937,3.311739683151245,0.0,,0.0,0.0,0.0,180.0,26.31677856445313,26.31677856445313,Leave_One_experiments/all_year_offline_schedule_search/daily_outputs/HLA/HLA_2022_HLA2022_normal_grid_S0028_daily.csv
HLA,HLA,Hailun,2022,Leave_One_experiments\wth_generated_qc\HLA\HLA2022.WTH,normal_year;nitrogen_stress_year;low_response_year,normal,HLA2022_normal_grid_S0028,pareto_balanced,2022-08-23,235,116,111,"{""sim_day"": 116.0, ""doy"": 235.0, ""topwt"": 14079.46533203125, ""grnwt"": 3461.9174194335938, ""xlai"": 3.276479959487915, ""totir"": 0.0, ""tofer"": NaN, ""swfac"": 0.0, ""nstres"": 0.0106009840965271}",0.0,0.0106009840965271,14079.46533203125,3461.9174194335938,3.276479959487915,0.0,,0.0,0.0,0.0,180.0,26.31677856445313,26.31677856445313,Leave_One_experiments/all_year_offline_schedule_search/daily_outputs/HLA/HLA_2022_HLA2022_normal_grid_S0028_daily.csv
HLA,HLA,Hailun,2022,Leave_One_experiments\wth_generated_qc\HLA\HLA2022.WTH,normal_year;nitrogen_stress_year;low_response_year,normal,HLA2022_normal_grid_S0028,pareto_balanced,2022-08-24,236,117,112,"{""sim_day"": 117.0, ""doy"": 236.0, ""topwt"": 14246.05712890625, ""grnwt"": 3628.50830078125, ""xlai"": 3.2372071743011475, ""totir"": 0.0, ""tofer"": NaN, ""swfac"": 0.0, ""nstres"": 0.0267191529273986}",0.0,0.0267191529273986,14246.05712890625,3628.50830078125,3.2372071743011475,0.0,,0.0,0.0,0.0,180.0,26.31677856445313,26.31677856445313,Leave_One_experiments/all_year_offline_schedule_search/daily_outputs/HLA/HLA_2022_HLA2022_normal_grid_S0028_daily.csv
HLA,HLA,Hailun,2022,Leave_One_experiments\wth_generated_qc\HLA\HLA2022.WTH,normal_year;nitrogen_stress_year;low_response_year,normal,HLA2022_normal_grid_S0028,pareto_balanced,2022-08-25,237,118,113,"{""sim_day"": 118.0, ""doy"": 237.0, ""topwt"": 14380.91552734375, ""grnwt"": 3763.367919921875, ""xlai"": 3.2090301513671875, ""totir"": 0.0, ""tofer"": NaN, ""swfac"": 0.0, ""nstres"": 0.0414431095123291}",0.0,0.0414431095123291,14380.91552734375,3763.367919921875,3.2090301513671875,0.0,,0.0,0.0,0.0,180.0,26.31677856445313,26.31677856445313,Leave_One_experiments/all_year_offline_schedule_search/daily_outputs/HLA/HLA_2022_HLA2022_normal_grid_S0028_daily.csv
HLA,HLA,Hailun,2022,Leave_One_experiments\wth_generated_qc\HLA\HLA2022.WTH,normal_year;nitrogen_stress_year;low_response_year,normal,HLA2022_normal_grid_S0028,pareto_balanced,2022-08-26,238,119,114,"{""sim_day"": 119.0, ""doy"": 238.0, ""topwt"": 14521.328125, ""grnwt"": 3903.780517578125, ""xlai"": 3.1775968074798584, ""totir"": 0.0, ""tofer"": NaN, ""swfac"": 0.0, ""nstres"": 0.0521928071975708}",0.0,0.0521928071975708,14521.328125,3903.780517578125,3.1775968074798584,0.0,,0.0,0.0,0.0,180.0,26.31677856445313,26.31677856445313,Leave_One_experiments/all_year_offline_schedule_search/daily_outputs/HLA/HLA_2022_HLA2022_normal_grid_S0028_daily.csv
HLA,HLA,Hailun,2022,Leave_One_experiments\wth_generated_qc\HLA\HLA2022.WTH,normal_year;nitrogen_stress_year;low_response_year,normal,HLA2022_normal_grid_S0028,pareto_balanced,2022-08-27,239,120,115,"{""sim_day"": 120.0, ""doy"": 239.0, ""topwt"": 14687.91748046875, ""grnwt"": 4070.37109375, ""xlai"": 3.128165006637573, ""totir"": 0.0, ""tofer"": NaN, ""swfac"": 0.0, ""nstres"": 0.0612120628356933}",0.0,0.0612120628356933,14687.91748046875,4070.37109375,3.128165006637573,0.0,,0.0,0.0,0.0,180.0,26.31677856445313,26.31677856445313,Leave_One_experiments/all_year_offline_schedule_search/daily_outputs/HLA/HLA_2022_HLA2022_normal_grid_S0028_daily.csv
HLA,HLA,Hailun,2022,Leave_One_experiments\wth_generated_qc\HLA\HLA2022.WTH,normal_year;nitrogen_stress_year;low_response_year,normal,HLA2022_normal_grid_S0028,pareto_balanced,2022-08-28,240,121,116,"{""sim_day"": 121.0, ""doy"": 240.0, ""topwt"": 14854.510498046877, ""grnwt"": 4236.9622802734375, ""xlai"": 3.07478928565979, ""totir"": 0.0, ""tofer"": NaN, ""swfac"": 0.0, ""nstres"": 0.0730379819869995}",0.0,0.0730379819869995,14854.510498046877,4236.9622802734375,3.07478928565979,0.0,,0.0,0.0,0.0,180.0,26.31677856445313,26.31677856445313,Leave_One_experiments/all_year_offline_schedule_search/daily_outputs/HLA/HLA_2022_HLA2022_normal_grid_S0028_daily.csv
HLA,HLA,Hailun,2022,Leave_One_experiments\wth_generated_qc\HLA\HLA2022.WTH,normal_year;nitrogen_stress_year;low_response_year,normal,HLA2022_normal_grid_S0028,pareto_balanced,2022-08-29,241,122,117,"{""sim_day"": 122.0, ""doy"": 241.0, ""topwt"": 15021.099853515623, ""grnwt"": 4403.5528564453125, ""xlai"": 3.027864694595337, ""totir"": 0.0, ""tofer"": NaN, ""swfac"": 0.0, ""nstres"": 0.0860401391983032}",0.0,0.0860401391983032,15021.099853515623,4403.5528564453125,3.027864694595337,0.0,,0.0,0.0,0.0,180.0,26.31677856445313,26.31677856445313,Leave_One_experiments/all_year_offline_schedule_search/daily_outputs/HLA/HLA_2022_HLA2022_normal_grid_S0028_daily.csv
HLA,HLA,Hailun,2022,Leave_One_experiments\wth_generated_qc\HLA\HLA2022.WTH,normal_year;nitrogen_stress_year;low_response_year,normal,HLA2022_normal_grid_S0028,pareto_balanced,2022-08-30,242,123,118,"{""sim_day"": 123.0, ""doy"": 242.0, ""topwt"": 15187.69287109375, ""grnwt"": 4570.14404296875, ""xlai"": 2.9677274227142334, ""totir"": 0.0, ""tofer"": NaN, ""swfac"": 0.0, ""nstres"": 0.0977102518081665}",0.0,0.0977102518081665,15187.69287109375,4570.14404296875,2.9677274227142334,0.0,,0.0,0.0,0.0,180.0,26.31677856445313,26.31677856445313,Leave_One_experiments/all_year_offline_schedule_search/daily_outputs/HLA/HLA_2022_HLA2022_normal_grid_S0028_daily.csv
HLA,HLA,Hailun,2022,Leave_One_experiments\wth_generated_qc\HLA\HLA2022.WTH,normal_year;nitrogen_stress_year;low_response_year,normal,HLA2022_normal_grid_S0028,pareto_balanced,2022-08-31,243,124,119,"{""sim_day"": 124.0, ""doy"": 243.0, ""topwt"": 15314.617919921877, ""grnwt"": 4697.0703125, ""xlai"": 2.925915002822876, ""totir"": 0.0, ""tofer"": NaN, ""swfac"": 0.0, ""nstres"": 0.1127128601074218}",0.0,0.1127128601074218,15314.617919921877,4697.0703125,2.925915002822876,0.0,,0.0,0.0,0.0,180.0,26.31677856445313,26.31677856445313,Leave_One_experiments/all_year_offline_schedule_search/daily_outputs/HLA/HLA_2022_HLA2022_normal_grid_S0028_daily.csv
HLA,HLA,Hailun,2022,Leave_One_experiments\wth_generated_qc\HLA\HLA2022.WTH,normal_year;nitrogen_stress_year;low_response_year,normal,HLA2022_normal_grid_S0028,pareto_balanced,2022-09-01,244,125,120,"{""sim_day"": 125.0, ""doy"": 244.0, ""topwt"": 15481.20849609375, ""grnwt"": 4863.661193847656, ""xlai"": 2.876979112625122, ""totir"": 0.0, ""tofer"": NaN, ""swfac"": 0.0, ""nstres"": 0.12094247341156}",0.0,0.12094247341156,15481.20849609375,4863.661193847656,2.876979112625122,0.0,,0.0,0.0,0.0,180.0,26.31677856445313,26.31677856445313,Leave_One_experiments/all_year_offline_schedule_search/daily_outputs/HLA/HLA_2022_HLA2022_normal_grid_S0028_daily.csv
HLA,HLA,Hailun,2022,Leave_One_experiments\wth_generated_qc\HLA\HLA2022.WTH,normal_year;nitrogen_stress_year;low_response_year,normal,HLA2022_normal_grid_S0028,pareto_balanced,2022-09-02,245,126,121,"{""sim_day"": 126.0, ""doy"": 245.0, ""topwt"": 15647.80029296875, ""grnwt"": 5030.2520751953125, ""xlai"": 2.8013477325439453, ""totir"": 0.0, ""tofer"": NaN, ""swfac"": 0.0, ""nstres"": 0.1320735216140747}",0.0,0.1320735216140747,15647.80029296875,5030.2520751953125,2.8013477325439453,0.0,,0.0,0.0,0.0,180.0,26.31677856445313,26.31677856445313,Leave_One_experiments/all_year_offline_schedule_search/daily_outputs/HLA/HLA_2022_HLA2022_normal_grid_S0028_daily.csv
HLA,HLA,Hailun,2022,Leave_One_experiments\wth_generated_qc\HLA\HLA2022.WTH,normal_year;nitrogen_stress_year;low_response_year,normal,HLA2022_normal_grid_S0028,pareto_balanced,2022-09-03,246,127,122,"{""sim_day"": 127.0, ""doy"": 246.0, ""topwt"": 15814.390869140623, ""grnwt"": 5196.84326171875, ""xlai"": 2.7243454456329346, ""totir"": 0.0, ""tofer"": NaN, ""swfac"": 0.0, ""nstres"": 0.1436691880226135}",0.0,0.1436691880226135,15814.390869140623,5196.84326171875,2.7243454456329346,0.0,,0.0,0.0,0.0,180.0,26.31677856445313,26.31677856445313,Leave_One_experiments/all_year_offline_schedule_search/daily_outputs/HLA/HLA_2022_HLA2022_normal_grid_S0028_daily.csv
HLA,HLA,Hailun,2022,Leave_One_experiments\wth_generated_qc\HLA\HLA2022.WTH,normal_year;nitrogen_stress_year;low_response_year,normal,HLA2022_normal_grid_S0028,pareto_balanced,2022-09-04,247,128,123,"{""sim_day"": 128.0, ""doy"": 247.0, ""topwt"": 15921.59912109375, ""grnwt"": 5363.433837890625, ""xlai"": 2.6612651348114014, ""totir"": 0.0, ""tofer"": NaN, ""swfac"": 0.0, ""nstres"": 0.1567983627319336}",0.0,0.1567983627319336,15921.59912109375,5363.433837890625,2.6612651348114014,0.0,,0.0,0.0,0.0,180.0,26.31677856445313,26.31677856445313,Leave_One_experiments/all_year_offline_schedule_search/daily_outputs/HLA/HLA_2022_HLA2022_normal_grid_S0028_daily.csv
HLA,HLA,Hailun,2022,Leave_One_experiments\wth_generated_qc\HLA\HLA2022.WTH,normal_year;nitrogen_stress_year;low_response_year,normal,HLA2022_normal_grid_S0028,pareto_balanced,2022-09-05,248,129,124,"{""sim_day"": 129.0, ""doy"": 248.0, ""topwt"": 16141.2255859375, ""grnwt"": 5523.678588867188, ""xlai"": 2.604498863220215, ""totir"": 0.0, ""tofer"": NaN, ""swfac"": 0.0, ""nstres"": 0.1706447601318359}",0.0,0.1706447601318359,16141.2255859375,5523.678588867188,2.604498863220215,0.0,,0.0,0.0,0.0,180.0,26.31677856445313,26.31677856445313,Leave_One_experiments/all_year_offline_schedule_search/daily_outputs/HLA/HLA_2022_HLA2022_normal_grid_S0028_daily.csv
HLA,HLA,Hailun,2022,Leave_One_experiments\wth_generated_qc\HLA\HLA2022.WTH,normal_year;nitrogen_stress_year;low_response_year,normal,HLA2022_normal_grid_S0028,pareto_balanced,2022-09-06,249,130,125,"{""sim_day"": 130.0, ""doy"": 249.0, ""topwt"": 16295.916748046877, ""grnwt"": 5678.370361328125, ""xlai"": 2.5460991859436035, ""totir"": 0.0, ""tofer"": NaN, ""swfac"": 0.0, ""nstres"": 0.1793801188468933}",0.0,0.1793801188468933,16295.916748046877,5678.370361328125,2.5460991859436035,0.0,,0.0,0.0,0.0,180.0,26.31677856445313,26.31677856445313,Leave_One_experiments/all_year_offline_schedule_search/daily_outputs/HLA/HLA_2022_HLA2022_normal_grid_S0028_daily.csv
HLA,HLA,Hailun,2022,Leave_One_experiments\wth_generated_qc\HLA\HLA2022.WTH,normal_year;nitrogen_stress_year;low_response_year,normal,HLA2022_normal_grid_S0028,pareto_balanced,2022-09-07,250,131,126,"{""sim_day"": 131.0, ""doy"": 250.0, ""topwt"": 16462.509765625, ""grnwt"": 5844.9609375, ""xlai"": 2.4584991931915283, ""totir"": 0.0, ""tofer"": NaN, ""swfac"": 0.0, ""nstres"": 0.1940347552299499}",0.0,0.1940347552299499,16462.509765625,5844.9609375,2.4584991931915283,0.0,,0.0,0.0,0.0,180.0,26.31677856445313,26.31677856445313,Leave_One_experiments/all_year_offline_schedule_search/daily_outputs/HLA/HLA_2022_HLA2022_normal_grid_S0028_daily.csv
HLA,HLA,Hailun,2022,Leave_One_experiments\wth_generated_qc\HLA\HLA2022.WTH,normal_year;nitrogen_stress_year;low_response_year,normal,HLA2022_normal_grid_S0028,pareto_balanced,2022-09-08,251,132,127,"{""sim_day"": 132.0, ""doy"": 251.0, ""topwt"": 16629.09912109375, ""grnwt"": 6011.5521240234375, ""xlai"": 2.385605812072754, ""totir"": 0.0, ""tofer"": NaN, ""swfac"": 0.0, ""nstres"": 0.2208524346351623}",0.0,0.2208524346351623,16629.09912109375,6011.5521240234375,2.385605812072754,0.0,,0.0,0.0,0.0,180.0,26.31677856445313,26.31677856445313,Leave_One_experiments/all_year_offline_schedule_search/daily_outputs/HLA/HLA_2022_HLA2022_normal_grid_S0028_daily.csv
HLA,HLA,Hailun,2022,Leave_One_experiments\wth_generated_qc\HLA\HLA2022.WTH,normal_year;nitrogen_stress_year;low_response_year,normal,HLA2022_normal_grid_S0028,pareto_balanced,2022-09-09,252,133,128,"{""sim_day"": 133.0, ""doy"": 252.0, ""topwt"": 16795.69091796875, ""grnwt"": 6178.1427001953125, ""xlai"": 2.2808308601379395, ""totir"": 0.0, ""tofer"": NaN, ""swfac"": 0.0, ""nstres"": 0.2559289932250976}",0.0,0.2559289932250976,16795.69091796875,6178.1427001953125,2.2808308601379395,0.0,,0.0,0.0,0.0,180.0,26.31677856445313,26.31677856445313,Leave_One_experiments/all_year_offline_schedule_search/daily_outputs/HLA/HLA_2022_HLA2022_normal_grid_S0028_daily.csv
HLA,HLA,Hailun,2022,Leave_One_experiments\wth_generated_qc\HLA\HLA2022.WTH,normal_year;nitrogen_stress_year;low_response_year,normal,HLA2022_normal_grid_S0028,pareto_balanced,2022-09-10,253,134,129,"{""sim_day"": 134.0, ""doy"": 253.0, ""topwt"": 16962.2802734375, ""grnwt"": 6344.73388671875, ""xlai"": 2.15862250328064, ""totir"": 0.0, ""tofer"": NaN, ""swfac"": 0.0, ""nstres"": 0.2896183133125305}",0.0,0.2896183133125305,16962.2802734375,6344.73388671875,2.15862250328064,0.0,,0.0,0.0,0.0,180.0,26.31677856445313,26.31677856445313,Leave_One_experiments/all_year_offline_schedule_search/daily_outputs/HLA/HLA_2022_HLA2022_normal_grid_S0028_daily.csv
HLA,HLA,Hailun,2022,Leave_One_experiments\wth_generated_qc\HLA\HLA2022.WTH,normal_year;nitrogen_stress_year;low_response_year,normal,HLA2022_normal_grid_S0028,pareto_balanced,2022-09-11,254,135,130,"{""sim_day"": 135.0, ""doy"": 254.0, ""topwt"": 17128.8720703125, ""grnwt"": 6511.325073242188, ""xlai"": 2.041595220565796, ""totir"": 0.0, ""tofer"": NaN, ""swfac"": 0.0, ""nstres"": 0.3251500129699707}",0.0,0.3251500129699707,17128.8720703125,6511.325073242188,2.041595220565796,0.0,,0.0,0.0,0.0,180.0,26.31677856445313,26.31677856445313,Leave_One_experiments/all_year_offline_schedule_search/daily_outputs/HLA/HLA_2022_HLA2022_normal_grid_S0028_daily.csv
HLA,HLA,Hailun,2022,Leave_One_experiments\wth_generated_qc\HLA\HLA2022.WTH,normal_year;nitrogen_stress_year;low_response_year,normal,HLA2022_normal_grid_S0028,pareto_balanced,2022-09-12,255,136,131,"{""sim_day"": 136.0, ""doy"": 255.0, ""topwt"": 17256.591796875, ""grnwt"": 6639.044799804688, ""xlai"": 1.976214051246643, ""totir"": 0.0, ""tofer"": NaN, ""swfac"": 0.0, ""nstres"": 0.3685880899429321}",0.0,0.3685880899429321,17256.591796875,6639.044799804688,1.976214051246643,0.0,,0.0,0.0,0.0,180.0,26.31677856445313,26.31677856445313,Leave_One_experiments/all_year_offline_schedule_search/daily_outputs/HLA/HLA_2022_HLA2022_normal_grid_S0028_daily.csv
HLA,HLA,Hailun,2022,Leave_One_experiments\wth_generated_qc\HLA\HLA2022.WTH,normal_year;nitrogen_stress_year;low_response_year,normal,HLA2022_normal_grid_S0028,pareto_balanced,2022-09-13,256,137,132,"{""sim_day"": 137.0, ""doy"": 256.0, ""topwt"": 17416.04248046875, ""grnwt"": 6798.49609375, ""xlai"": 1.9105048179626465, ""totir"": 0.0, ""tofer"": NaN, ""swfac"": 0.0, ""nstres"": 0.3980013728141784}",0.0,0.3980013728141784,17416.04248046875,6798.49609375,1.9105048179626465,0.0,,0.0,0.0,0.0,180.0,26.31677856445313,26.31677856445313,Leave_One_experiments/all_year_offline_schedule_search/daily_outputs/HLA/HLA_2022_HLA2022_normal_grid_S0028_daily.csv
HLA,HLA,Hailun,2022,Leave_One_experiments\wth_generated_qc\HLA\HLA2022.WTH,normal_year;nitrogen_stress_year;low_response_year,normal,HLA2022_normal_grid_S0028,pareto_balanced,2022-09-14,257,138,133,"{""sim_day"": 138.0, ""doy"": 257.0, ""topwt"": 17534.66552734375, ""grnwt"": 6965.0872802734375, ""xlai"": 1.814936280250549, ""totir"": 0.0, ""tofer"": NaN, ""swfac"": 0.0, ""nstres"": 0.4342963695526123}",0.0,0.4342963695526123,17534.66552734375,6965.0872802734375,1.814936280250549,0.0,,0.0,0.0,0.0,180.0,26.31677856445313,26.31677856445313,Leave_One_experiments/all_year_offline_schedule_search/daily_outputs/HLA/HLA_2022_HLA2022_normal_grid_S0028_daily.csv
HLA,HLA,Hailun,2022,Leave_One_experiments\wth_generated_qc\HLA\HLA2022.WTH,normal_year;nitrogen_stress_year;low_response_year,normal,HLA2022_normal_grid_S0028,pareto_balanced,2022-09-15,258,139,134,"{""sim_day"": 139.0, ""doy"": 258.0, ""topwt"": 17675.11962890625, ""grnwt"": 7131.6778564453125, ""xlai"": 1.6987073421478271, ""totir"": 0.0, ""tofer"": NaN, ""swfac"": 0.0, ""nstres"": 0.4710246920585632}",0.0,0.4710246920585632,17675.11962890625,7131.6778564453125,1.6987073421478271,0.0,,0.0,0.0,0.0,180.0,26.31677856445313,26.31677856445313,Leave_One_experiments/all_year_offline_schedule_search/daily_outputs/HLA/HLA_2022_HLA2022_normal_grid_S0028_daily.csv
HLA,HLA,Hailun,2022,Leave_One_experiments\wth_generated_qc\HLA\HLA2022.WTH,normal_year;nitrogen_stress_year;low_response_year,normal,HLA2022_normal_grid_S0028,pareto_balanced,2022-09-16,259,140,135,"{""sim_day"": 140.0, ""doy"": 259.0, ""topwt"": 17675.11962890625, ""grnwt"": 7131.6778564453125, ""xlai"": 1.6987073421478271, ""totir"": 0.0, ""tofer"": NaN, ""swfac"": 0.0, ""nstres"": 0.5004077553749084}",0.0,0.5004077553749084,17675.11962890625,7131.6778564453125,1.6987073421478271,0.0,,0.0,0.0,0.0,180.0,26.31677856445313,26.31677856445313,Leave_One_experiments/all_year_offline_schedule_search/daily_outputs/HLA/HLA_2022_HLA2022_normal_grid_S0028_daily.csv
HLA,HLA,Hailun,2022,Leave_One_experiments\wth_generated_qc\HLA\HLA2022.WTH,normal_year;nitrogen_stress_year;low_response_year,normal,HLA2022_normal_grid_S0028,pareto_balanced,2022-09-17,260,141,136,"{""sim_day"": 141.0, ""doy"": 260.0, ""topwt"": 17675.11962890625, ""grnwt"": 7131.6778564453125, ""xlai"": 1.6987073421478271, ""totir"": 0.0, ""tofer"": NaN, ""swfac"": 0.0, ""nstres"": 0.5004077553749084}",0.0,0.5004077553749084,17675.11962890625,7131.6778564453125,1.6987073421478271,0.0,,0.0,0.0,0.0,180.0,26.31677856445313,26.31677856445313,Leave_One_experiments/all_year_offline_schedule_search/daily_outputs/HLA/HLA_2022_HLA2022_normal_grid_S0028_daily.csv
HLA,HLA,Hailun,2022,Leave_One_experiments\wth_generated_qc\HLA\HLA2022.WTH,normal_year;nitrogen_stress_year;low_response_year,normal,HLA2022_normal_grid_S0028,pareto_balanced,2022-09-18,261,142,137,"{""sim_day"": 142.0, ""doy"": 261.0, ""topwt"": 17675.11962890625, ""grnwt"": 7131.6778564453125, ""xlai"": 1.6987073421478271, ""totir"": 0.0, ""tofer"": NaN, ""swfac"": 0.0, ""nstres"": 0.5004077553749084}",0.0,0.5004077553749084,17675.11962890625,7131.6778564453125,1.6987073421478271,0.0,,0.0,0.0,0.0,180.0,26.31677856445313,26.31677856445313,Leave_One_experiments/all_year_offline_schedule_search/daily_outputs/HLA/HLA_2022_HLA2022_normal_grid_S0028_daily.csv
HLA,HLA,Hailun,2023,Leave_One_experiments\wth_generated_qc\HLA\HLA2023.WTH,wet_year;nitrogen_stress_year;low_response_year,wet,HLA2023_normal_grid_S0013,irrigation_positive_candidate,2023-05-05,125,1,1,"{""sim_day"": 1.0, ""doy"": 125.0, ""topwt"": 0.0, ""grnwt"": 0.0, ""xlai"": 0.0, ""totir"": 0.0, ""tofer"": NaN, ""swfac"": 0.0, ""nstres"": 0.0}",0.0,0.0,0.0,0.0,0.0,0.0,,0.0,50.0,30.0,150.0,7.126379394531249,19.12637939453125,Leave_One_experiments/all_year_offline_schedule_search/daily_outputs/HLA/HLA_2023_HLA2023_normal_grid_S0013_daily.csv
HLA,HLA,Hailun,2023,Leave_One_experiments\wth_generated_qc\HLA\HLA2023.WTH,wet_year;nitrogen_stress_year;low_response_year,wet,HLA2023_normal_grid_S0013,irrigation_positive_candidate,2023-05-06,126,2,2,"{""sim_day"": 2.0, ""doy"": 126.0, ""topwt"": 0.0, ""grnwt"": 0.0, ""xlai"": 0.0, ""totir"": 0.0, ""tofer"": NaN, ""swfac"": 0.0, ""nstres"": 0.0}",0.0,0.0,0.0,0.0,0.0,0.0,,0.0,0.0,30.0,150.0,7.126379394531249,19.12637939453125,Leave_One_experiments/all_year_offline_schedule_search/daily_outputs/HLA/HLA_2023_HLA2023_normal_grid_S0013_daily.csv
HLA,HLA,Hailun,2023,Leave_One_experiments\wth_generated_qc\HLA\HLA2023.WTH,wet_year;nitrogen_stress_year;low_response_year,wet,HLA2023_normal_grid_S0013,irrigation_positive_candidate,2023-05-07,127,3,3,"{""sim_day"": 3.0, ""doy"": 127.0, ""topwt"": 0.0, ""grnwt"": 0.0, ""xlai"": 0.0, ""totir"": 0.0, ""tofer"": NaN, ""swfac"": 0.0, ""nstres"": 0.0}",0.0,0.0,0.0,0.0,0.0,0.0,,0.0,0.0,30.0,150.0,7.126379394531249,19.12637939453125,Leave_One_experiments/all_year_offline_schedule_search/daily_outputs/HLA/HLA_2023_HLA2023_normal_grid_S0013_daily.csv
HLA,HLA,Hailun,2023,Leave_One_experiments\wth_generated_qc\HLA\HLA2023.WTH,wet_year;nitrogen_stress_year;low_response_year,wet,HLA2023_normal_grid_S0013,irrigation_positive_candidate,2023-05-08,128,4,4,"{""sim_day"": 4.0, ""doy"": 128.0, ""topwt"": 0.0, ""grnwt"": 0.0, ""xlai"": 0.0, ""totir"": 0.0, ""tofer"": NaN, ""swfac"": 0.0, ""nstres"": 0.0}",0.0,0.0,0.0,0.0,0.0,0.0,,0.0,0.0,30.0,150.0,7.126379394531249,19.12637939453125,Leave_One_experiments/all_year_offline_schedule_search/daily_outputs/HLA/HLA_2023_HLA2023_normal_grid_S0013_daily.csv
HLA,HLA,Hailun,2023,Leave_One_experiments\wth_generated_qc\HLA\HLA2023.WTH,wet_year;nitrogen_stress_year;low_response_year,wet,HLA2023_normal_grid_S0013,irrigation_positive_candidate,2023-05-09,129,5,5,"{""sim_day"": 5.0, ""doy"": 129.0, ""topwt"": 0.0, ""grnwt"": 0.0, ""xlai"": 0.0, ""totir"": 0.0, ""tofer"": NaN, ""swfac"": 0.0, ""nstres"": 0.0}",0.0,0.0,0.0,0.0,0.0,0.0,,0.0,0.0,30.0,150.0,7.126379394531249,19.12637939453125,Leave_One_experiments/all_year_offline_schedule_search/daily_outputs/HLA/HLA_2023_HLA2023_normal_grid_S0013_daily.csv
HLA,HLA,Hailun,2023,Leave_One_experiments\wth_generated_qc\HLA\HLA2023.WTH,wet_year;nitrogen_stress_year;low_response_year,wet,HLA2023_normal_grid_S0013,irrigation_positive_candidate,2023-05-05,125,6,1,"{""sim_day"": 6.0, ""doy"": 125.0, ""topwt"": 0.0, ""grnwt"": 0.0, ""xlai"": 0.0, ""totir"": 0.0, ""tofer"": NaN, ""swfac"": 0.0, ""nstres"": 0.0}",0.0,0.0,0.0,0.0,0.0,0.0,,0.0,0.0,30.0,150.0,7.126379394531249,19.12637939453125,Leave_One_experiments/all_year_offline_schedule_search/daily_outputs/HLA/HLA_2023_HLA2023_normal_grid_S0013_daily.csv
HLA,HLA,Hailun,2023,Leave_One_experiments\wth_generated_qc\HLA\HLA2023.WTH,wet_year;nitrogen_stress_year;low_response_year,wet,HLA2023_normal_grid_S0013,irrigation_positive_candidate,2023-05-06,126,7,2,"{""sim_day"": 7.0, ""doy"": 126.0, ""topwt"": 0.0, ""grnwt"": 0.0, ""xlai"": 0.0, ""totir"": 0.0, ""tofer"": NaN, ""swfac"": 0.0, ""nstres"": 0.0}",0.0,0.0,0.0,0.0,0.0,0.0,,0.0,0.0,30.0,150.0,7.126379394531249,19.12637939453125,Leave_One_experiments/all_year_offline_schedule_search/daily_outputs/HLA/HLA_2023_HLA2023_normal_grid_S0013_daily.csv
HLA,HLA,Hailun,2023,Leave_One_experiments\wth_generated_qc\HLA\HLA2023.WTH,wet_year;nitrogen_stress_year;low_response_year,wet,HLA2023_normal_grid_S0013,irrigation_positive_candidate,2023-05-07,127,8,3,"{""sim_day"": 8.0, ""doy"": 127.0, ""topwt"": 0.0, ""grnwt"": 0.0, ""xlai"": 0.0, ""totir"": 0.0, ""tofer"": NaN, ""swfac"": 0.0, ""nstres"": 0.0}",0.0,0.0,0.0,0.0,0.0,0.0,,0.0,0.0,30.0,150.0,7.126379394531249,19.12637939453125,Leave_One_experiments/all_year_offline_schedule_search/daily_outputs/HLA/HLA_2023_HLA2023_normal_grid_S0013_daily.csv
HLA,HLA,Hailun,2023,Leave_One_experiments\wth_generated_qc\HLA\HLA2023.WTH,wet_year;nitrogen_stress_year;low_response_year,wet,HLA2023_normal_grid_S0013,irrigation_positive_candidate,2023-05-08,128,9,4,"{""sim_day"": 9.0, ""doy"": 128.0, ""topwt"": 0.0, ""grnwt"": 0.0, ""xlai"": 0.0, ""totir"": 0.0, ""tofer"": NaN, ""swfac"": 0.0, ""nstres"": 0.0}",0.0,0.0,0.0,0.0,0.0,0.0,,0.0,0.0,30.0,150.0,7.126379394531249,19.12637939453125,Leave_One_experiments/all_year_offline_schedule_search/daily_outputs/HLA/HLA_2023_HLA2023_normal_grid_S0013_daily.csv
HLA,HLA,Hailun,2023,Leave_One_experiments\wth_generated_qc\HLA\HLA2023.WTH,wet_year;nitrogen_stress_year;low_response_year,wet,HLA2023_normal_grid_S0013,irrigation_positive_candidate,2023-05-09,129,10,5,"{""sim_day"": 10.0, ""doy"": 129.0, ""topwt"": 0.0, ""grnwt"": 0.0, ""xlai"": 0.0, ""totir"": 0.0, ""tofer"": NaN, ""swfac"": 0.0, ""nstres"": 0.0}",0.0,0.0,0.0,0.0,0.0,0.0,,0.0,0.0,30.0,150.0,7.126379394531249,19.12637939453125,Leave_One_experiments/all_year_offline_schedule_search/daily_outputs/HLA/HLA_2023_HLA2023_normal_grid_S0013_daily.csv
HLA,HLA,Hailun,2023,Leave_One_experiments\wth_generated_qc\HLA\HLA2023.WTH,wet_year;nitrogen_stress_year;low_response_year,wet,HLA2023_normal_grid_S0013,irrigation_positive_candidate,2023-05-10,130,11,6,"{""sim_day"": 11.0, ""doy"": 130.0, ""topwt"": 0.0, ""grnwt"": 0.0, ""xlai"": 0.0, ""totir"": 0.0, ""tofer"": NaN, ""swfac"": 0.0, ""nstres"": 0.0}",0.0,0.0,0.0,0.0,0.0,0.0,,0.0,0.0,30.0,150.0,7.126379394531249,19.12637939453125,Leave_One_experiments/all_year_offline_schedule_search/daily_outputs/HLA/HLA_2023_HLA2023_normal_grid_S0013_daily.csv
HLA,HLA,Hailun,2023,Leave_One_experiments\wth_generated_qc\HLA\HLA2023.WTH,wet_year;nitrogen_stress_year;low_response_year,wet,HLA2023_normal_grid_S0013,irrigation_positive_candidate,2023-05-11,131,12,7,"{""sim_day"": 12.0, ""doy"": 131.0, ""topwt"": 0.0, ""grnwt"": 0.0, ""xlai"": 0.0, ""totir"": 0.0, ""tofer"": NaN, ""swfac"": 0.0, ""nstres"": 0.0}",0.0,0.0,0.0,0.0,0.0,0.0,,0.0,0.0,30.0,150.0,7.126379394531249,19.12637939453125,Leave_One_experiments/all_year_offline_schedule_search/daily_outputs/HLA/HLA_2023_HLA2023_normal_grid_S0013_daily.csv
HLA,HLA,Hailun,2023,Leave_One_experiments\wth_generated_qc\HLA\HLA2023.WTH,wet_year;nitrogen_stress_year;low_response_year,wet,HLA2023_normal_grid_S0013,irrigation_positive_candidate,2023-05-12,132,13,8,"{""sim_day"": 13.0, ""doy"": 132.0, ""topwt"": 0.0, ""grnwt"": 0.0, ""xlai"": 0.0, ""totir"": 0.0, ""tofer"": NaN, ""swfac"": 0.0, ""nstres"": 0.0}",0.0,0.0,0.0,0.0,0.0,0.0,,0.0,0.0,30.0,150.0,7.126379394531249,19.12637939453125,Leave_One_experiments/all_year_offline_schedule_search/daily_outputs/HLA/HLA_2023_HLA2023_normal_grid_S0013_daily.csv
HLA,HLA,Hailun,2023,Leave_One_experiments\wth_generated_qc\HLA\HLA2023.WTH,wet_year;nitrogen_stress_year;low_response_year,wet,HLA2023_normal_grid_S0013,irrigation_positive_candidate,2023-05-13,133,14,9,"{""sim_day"": 14.0, ""doy"": 133.0, ""topwt"": 0.0, ""grnwt"": 0.0, ""xlai"": 0.0, ""totir"": 0.0, ""tofer"": NaN, ""swfac"": 0.0, ""nstres"": 0.0}",0.0,0.0,0.0,0.0,0.0,0.0,,0.0,0.0,30.0,150.0,7.126379394531249,19.12637939453125,Leave_One_experiments/all_year_offline_schedule_search/daily_outputs/HLA/HLA_2023_HLA2023_normal_grid_S0013_daily.csv
HLA,HLA,Hailun,2023,Leave_One_experiments\wth_generated_qc\HLA\HLA2023.WTH,wet_year;nitrogen_stress_year;low_response_year,wet,HLA2023_normal_grid_S0013,irrigation_positive_candidate,2023-05-14,134,15,10,"{""sim_day"": 15.0, ""doy"": 134.0, ""topwt"": 0.0, ""grnwt"": 0.0, ""xlai"": 0.0, ""totir"": 0.0, ""tofer"": NaN, ""swfac"": 0.0, ""nstres"": 0.0}",0.0,0.0,0.0,0.0,0.0,0.0,,0.0,0.0,30.0,150.0,7.126379394531249,19.12637939453125,Leave_One_experiments/all_year_offline_schedule_search/daily_outputs/HLA/HLA_2023_HLA2023_normal_grid_S0013_daily.csv
HLA,HLA,Hailun,2023,Leave_One_experiments\wth_generated_qc\HLA\HLA2023.WTH,wet_year;nitrogen_stress_year;low_response_year,wet,HLA2023_normal_grid_S0013,irrigation_positive_candidate,2023-05-15,135,16,11,"{""sim_day"": 16.0, ""doy"": 135.0, ""topwt"": 0.0, ""grnwt"": 0.0, ""xlai"": 0.0, ""totir"": 0.0, ""tofer"": NaN, ""swfac"": 0.0, ""nstres"": 0.0}",0.0,0.0,0.0,0.0,0.0,0.0,,0.0,0.0,30.0,150.0,7.126379394531249,19.12637939453125,Leave_One_experiments/all_year_offline_schedule_search/daily_outputs/HLA/HLA_2023_HLA2023_normal_grid_S0013_daily.csv
HLA,HLA,Hailun,2023,Leave_One_experiments\wth_generated_qc\HLA\HLA2023.WTH,wet_year;nitrogen_stress_year;low_response_year,wet,HLA2023_normal_grid_S0013,irrigation_positive_candidate,2023-05-16,136,17,12,"{""sim_day"": 17.0, ""doy"": 136.0, ""topwt"": 0.0, ""grnwt"": 0.0, ""xlai"": 0.0, ""totir"": 0.0, ""tofer"": NaN, ""swfac"": 0.0, ""nstres"": 0.0}",0.0,0.0,0.0,0.0,0.0,0.0,,0.0,0.0,30.0,150.0,7.126379394531249,19.12637939453125,Leave_One_experiments/all_year_offline_schedule_search/daily_outputs/HLA/HLA_2023_HLA2023_normal_grid_S0013_daily.csv
HLA,HLA,Hailun,2023,Leave_One_experiments\wth_generated_qc\HLA\HLA2023.WTH,wet_year;nitrogen_stress_year;low_response_year,wet,HLA2023_normal_grid_S0013,irrigation_positive_candidate,2023-05-17,137,18,13,"{""sim_day"": 18.0, ""doy"": 137.0, ""topwt"": 20.0, ""grnwt"": 0.0, ""xlai"": 0.0019508658442646, ""totir"": 0.0, ""tofer"": NaN, ""swfac"": 0.0, ""nstres"": 0.0121910572052001}",0.0,0.0121910572052001,20.0,0.0,0.0019508658442646,0.0,,0.0,0.0,30.0,150.0,7.126379394531249,19.12637939453125,Leave_One_experiments/all_year_offline_schedule_search/daily_outputs/HLA/HLA_2023_HLA2023_normal_grid_S0013_daily.csv
HLA,HLA,Hailun,2023,Leave_One_experiments\wth_generated_qc\HLA\HLA2023.WTH,wet_year;nitrogen_stress_year;low_response_year,wet,HLA2023_normal_grid_S0013,irrigation_positive_candidate,2023-05-18,138,19,14,"{""sim_day"": 19.0, ""doy"": 138.0, ""topwt"": 20.0, ""grnwt"": 0.0, ""xlai"": 0.0033279296476393, ""totir"": 0.0, ""tofer"": NaN, ""swfac"": 0.0, ""nstres"": 0.0142937898635864}",0.0,0.0142937898635864,20.0,0.0,0.0033279296476393,0.0,,0.0,0.0,30.0,150.0,7.126379394531249,19.12637939453125,Leave_One_experiments/all_year_offline_schedule_search/daily_outputs/HLA/HLA_2023_HLA2023_normal_grid_S0013_daily.csv
HLA,HLA,Hailun,2023,Leave_One_experiments\wth_generated_qc\HLA\HLA2023.WTH,wet_year;nitrogen_stress_year;low_response_year,wet,HLA2023_normal_grid_S0013,irrigation_positive_candidate,2023-05-19,139,20,15,"{""sim_day"": 20.0, ""doy"": 139.0, ""topwt"": 20.0, ""grnwt"": 0.0, ""xlai"": 0.0044415351003408, ""totir"": 0.0, ""tofer"": NaN, ""swfac"": 0.0, ""nstres"": 0.0118013620376586}",0.0,0.0118013620376586,20.0,0.0,0.0044415351003408,0.0,,0.0,0.0,30.0,150.0,7.126379394531249,19.12637939453125,Leave_One_experiments/all_year_offline_schedule_search/daily_outputs/HLA/HLA_2023_HLA2023_normal_grid_S0013_daily.csv
HLA,HLA,Hailun,2023,Leave_One_experiments\wth_generated_qc\HLA\HLA2023.WTH,wet_year;nitrogen_stress_year;low_response_year,wet,HLA2023_normal_grid_S0013,irrigation_positive_candidate,2023-05-20,140,21,16,"{""sim_day"": 21.0, ""doy"": 140.0, ""topwt"": 20.0, ""grnwt"": 0.0, ""xlai"": 0.0056867459788918, ""totir"": 0.0, ""tofer"": NaN, ""swfac"": 0.0, ""nstres"": 0.0091943144798278}",0.0,0.0091943144798278,20.0,0.0,0.0056867459788918,0.0,,0.0,0.0,30.0,150.0,7.126379394531249,19.12637939453125,Leave_One_experiments/all_year_offline_schedule_search/daily_outputs/HLA/HLA_2023_HLA2023_normal_grid_S0013_daily.csv
HLA,HLA,Hailun,2023,Leave_One_experiments\wth_generated_qc\HLA\HLA2023.WTH,wet_year;nitrogen_stress_year;low_response_year,wet,HLA2023_normal_grid_S0013,irrigation_positive_candidate,2023-05-21,141,22,17,"{""sim_day"": 22.0, ""doy"": 141.0, ""topwt"": 20.0, ""grnwt"": 0.0, ""xlai"": 0.0073851025663316, ""totir"": 0.0, ""tofer"": NaN, ""swfac"": 0.0, ""nstres"": 0.0058680176734924}",0.0,0.0058680176734924,20.0,0.0,0.0073851025663316,0.0,,0.0,0.0,30.0,150.0,7.126379394531249,19.12637939453125,Leave_One_experiments/all_year_offline_schedule_search/daily_outputs/HLA/HLA_2023_HLA2023_normal_grid_S0013_daily.csv
HLA,HLA,Hailun,2023,Leave_One_experiments\wth_generated_qc\HLA\HLA2023.WTH,wet_year;nitrogen_stress_year;low_response_year,wet,HLA2023_normal_grid_S0013,irrigation_positive_candidate,2023-05-22,142,23,18,"{""sim_day"": 23.0, ""doy"": 142.0, ""topwt"": 20.0, ""grnwt"": 0.0, ""xlai"": 0.010367720387876, ""totir"": 0.0, ""tofer"": NaN, ""swfac"": 0.0, ""nstres"": 0.0006886720657348}",0.0,0.0006886720657348,20.0,0.0,0.010367720387876,0.0,,0.0,0.0,30.0,150.0,7.126379394531249,19.12637939453125,Leave_One_experiments/all_year_offline_schedule_search/daily_outputs/HLA/HLA_2023_HLA2023_normal_grid_S0013_daily.csv
HLA,HLA,Hailun,2023,Leave_One_experiments\wth_generated_qc\HLA\HLA2023.WTH,wet_year;nitrogen_stress_year;low_response_year,wet,HLA2023_normal_grid_S0013,irrigation_positive_candidate,2023-05-23,143,24,19,"{""sim_day"": 24.0, ""doy"": 143.0, ""topwt"": 20.0, ""grnwt"": 0.0, ""xlai"": 0.0144340051338076, ""totir"": 0.0, ""tofer"": NaN, ""swfac"": 0.0, ""nstres"": 0.0}",0.0,0.0,20.0,0.0,0.0144340051338076,0.0,,0.0,0.0,30.0,150.0,7.126379394531249,19.12637939453125,Leave_One_experiments/all_year_offline_schedule_search/daily_outputs/HLA/HLA_2023_HLA2023_normal_grid_S0013_daily.csv
HLA,HLA,Hailun,2023,Leave_One_experiments\wth_generated_qc\HLA\HLA2023.WTH,wet_year;nitrogen_stress_year;low_response_year,wet,HLA2023_normal_grid_S0013,irrigation_positive_candidate,2023-05-24,144,25,20,"{""sim_day"": 25.0, ""doy"": 144.0, ""topwt"": 20.0, ""grnwt"": 0.0, ""xlai"": 0.0243988335132598, ""totir"": 0.0, ""tofer"": NaN, ""swfac"": 0.0, ""nstres"": 0.0}",0.0,0.0,20.0,0.0,0.0243988335132598,0.0,,0.0,0.0,30.0,150.0,7.126379394531249,19.12637939453125,Leave_One_experiments/all_year_offline_schedule_search/daily_outputs/HLA/HLA_2023_HLA2023_normal_grid_S0013_daily.csv
HLA,HLA,Hailun,2023,Leave_One_experiments\wth_generated_qc\HLA\HLA2023.WTH,wet_year;nitrogen_stress_year;low_response_year,wet,HLA2023_normal_grid_S0013,irrigation_positive_candidate,2023-05-25,145,26,21,"{""sim_day"": 26.0, ""doy"": 145.0, ""topwt"": 20.0, ""grnwt"": 0.0, ""xlai"": 0.0334518887102603, ""totir"": 0.0, ""tofer"": NaN, ""swfac"": 0.0, ""nstres"": 0.0}",0.0,0.0,20.0,0.0,0.0334518887102603,0.0,,0.0,0.0,30.0,150.0,7.126379394531249,19.12637939453125,Leave_One_experiments/all_year_offline_schedule_search/daily_outputs/HLA/HLA_2023_HLA2023_normal_grid_S0013_daily.csv
HLA,HLA,Hailun,2023,Leave_One_experiments\wth_generated_qc\HLA\HLA2023.WTH,wet_year;nitrogen_stress_year;low_response_year,wet,HLA2023_normal_grid_S0013,irrigation_positive_candidate,2023-05-26,146,27,22,"{""sim_day"": 27.0, ""doy"": 146.0, ""topwt"": 23.574581146240234, ""grnwt"": 0.0, ""xlai"": 0.0437826514244079, ""totir"": 0.0, ""tofer"": NaN, ""swfac"": 0.0, ""nstres"": 0.0}",0.0,0.0,23.574581146240234,0.0,0.0437826514244079,0.0,,0.0,0.0,30.0,150.0,7.126379394531249,19.12637939453125,Leave_One_experiments/all_year_offline_schedule_search/daily_outputs/HLA/HLA_2023_HLA2023_normal_grid_S0013_daily.csv
HLA,HLA,Hailun,2023,Leave_One_experiments\wth_generated_qc\HLA\HLA2023.WTH,wet_year;nitrogen_stress_year;low_response_year,wet,HLA2023_normal_grid_S0013,irrigation_positive_candidate,2023-05-27,147,28,23,"{""sim_day"": 28.0, ""doy"": 147.0, ""topwt"": 26.040313243865967, ""grnwt"": 0.0, ""xlai"": 0.0500113554298877, ""totir"": 0.0, ""tofer"": NaN, ""swfac"": 0.0, ""nstres"": 0.0}",0.0,0.0,26.040313243865967,0.0,0.0500113554298877,0.0,,0.0,0.0,30.0,150.0,7.126379394531249,19.12637939453125,Leave_One_experiments/all_year_offline_schedule_search/daily_outputs/HLA/HLA_2023_HLA2023_normal_grid_S0013_daily.csv
HLA,HLA,Hailun,2023,Leave_One_experiments\wth_generated_qc\HLA\HLA2023.WTH,wet_year;nitrogen_stress_year;low_response_year,wet,HLA2023_normal_grid_S0013,irrigation_positive_candidate,2023-05-28,148,29,24,"{""sim_day"": 29.0, ""doy"": 148.0, ""topwt"": 28.84204626083374, ""grnwt"": 0.0, ""xlai"": 0.0568267926573753, ""totir"": 0.0, ""tofer"": NaN, ""swfac"": 0.0, ""nstres"": 0.0}",0.0,0.0,28.84204626083374,0.0,0.0568267926573753,0.0,,0.0,0.0,30.0,150.0,7.126379394531249,19.12637939453125,Leave_One_experiments/all_year_offline_schedule_search/daily_outputs/HLA/HLA_2023_HLA2023_normal_grid_S0013_daily.csv
HLA,HLA,Hailun,2023,Leave_One_experiments\wth_generated_qc\HLA\HLA2023.WTH,wet_year;nitrogen_stress_year;low_response_year,wet,HLA2023_normal_grid_S0013,irrigation_positive_candidate,2023-05-29,149,30,25,"{""sim_day"": 30.0, ""doy"": 149.0, ""topwt"": 33.84886741638184, ""grnwt"": 0.0, ""xlai"": 0.0685917735099792, ""totir"": 0.0, ""tofer"": NaN, ""swfac"": 0.0, ""nstres"": 0.0}",0.0,0.0,33.84886741638184,0.0,0.0685917735099792,0.0,,0.0,0.0,30.0,150.0,7.126379394531249,19.12637939453125,Leave_One_experiments/all_year_offline_schedule_search/daily_outputs/HLA/HLA_2023_HLA2023_normal_grid_S0013_daily.csv
HLA,HLA,Hailun,2023,Leave_One_experiments\wth_generated_qc\HLA\HLA2023.WTH,wet_year;nitrogen_stress_year;low_response_year,wet,HLA2023_normal_grid_S0013,irrigation_positive_candidate,2023-05-30,150,31,26,"{""sim_day"": 31.0, ""doy"": 150.0, ""topwt"": 41.08908653259277, ""grnwt"": 0.0, ""xlai"": 0.0847073271870613, ""totir"": 0.0, ""tofer"": NaN, ""swfac"": 0.0, ""nstres"": 0.0}",0.0,0.0,41.08908653259277,0.0,0.0847073271870613,0.0,,0.0,0.0,30.0,150.0,7.126379394531249,19.12637939453125,Leave_One_experiments/all_year_offline_schedule_search/daily_outputs/HLA/HLA_2023_HLA2023_normal_grid_S0013_daily.csv
HLA,HLA,Hailun,2023,Leave_One_experiments\wth_generated_qc\HLA\HLA2023.WTH,wet_year;nitrogen_stress_year;low_response_year,wet,HLA2023_normal_grid_S0013,irrigation_positive_candidate,2023-05-31,151,32,27,"{""sim_day"": 32.0, ""doy"": 151.0, ""topwt"": 47.71078586578369, ""grnwt"": 0.0, ""xlai"": 0.0987704470753669, ""totir"": 0.0, ""tofer"": NaN, ""swfac"": 0.0, ""nstres"": 0.0}",0.0,0.0,47.71078586578369,0.0,0.0987704470753669,0.0,,0.0,0.0,30.0,150.0,7.126379394531249,19.12637939453125,Leave_One_experiments/all_year_offline_schedule_search/daily_outputs/HLA/HLA_2023_HLA2023_normal_grid_S0013_daily.csv
HLA,HLA,Hailun,2023,Leave_One_experiments\wth_generated_qc\HLA\HLA2023.WTH,wet_year;nitrogen_stress_year;low_response_year,wet,HLA2023_normal_grid_S0013,irrigation_positive_candidate,2023-06-01,152,33,28,"{""sim_day"": 33.0, ""doy"": 152.0, ""topwt"": 54.159111976623535, ""grnwt"": 0.0, ""xlai"": 0.1119780018925666, ""totir"": 0.0, ""tofer"": NaN, ""swfac"": 0.0, ""nstres"": 0.0}",0.0,0.0,54.159111976623535,0.0,0.1119780018925666,0.0,,0.0,0.0,30.0,150.0,7.126379394531249,19.12637939453125,Leave_One_experiments/all_year_offline_schedule_search/daily_outputs/HLA/HLA_2023_HLA2023_normal_grid_S0013_daily.csv
HLA,HLA,Hailun,2023,Leave_One_experiments\wth_generated_qc\HLA\HLA2023.WTH,wet_year;nitrogen_stress_year;low_response_year,wet,HLA2023_normal_grid_S0013,irrigation_positive_candidate,2023-06-02,153,34,29,"{""sim_day"": 34.0, ""doy"": 153.0, ""topwt"": 61.131935119628906, ""grnwt"": 0.0, ""xlai"": 0.1258163005113601, ""totir"": 0.0, ""tofer"": NaN, ""swfac"": 0.0, ""nstres"": 0.0}",0.0,0.0,61.131935119628906,0.0,0.1258163005113601,0.0,,0.0,0.0,30.0,150.0,7.126379394531249,19.12637939453125,Leave_One_experiments/all_year_offline_schedule_search/daily_outputs/HLA/HLA_2023_HLA2023_normal_grid_S0013_daily.csv
HLA,HLA,Hailun,2023,Leave_One_experiments\wth_generated_qc\HLA\HLA2023.WTH,wet_year;nitrogen_stress_year;low_response_year,wet,HLA2023_normal_grid_S0013,irrigation_positive_candidate,2023-06-03,154,35,30,"{""sim_day"": 35.0, ""doy"": 154.0, ""topwt"": 71.93167209625244, ""grnwt"": 0.0, ""xlai"": 0.1465051174163818, ""totir"": 0.0, ""tofer"": NaN, ""swfac"": 0.0, ""nstres"": 0.0}",0.0,0.0,71.93167209625244,0.0,0.1465051174163818,0.0,,0.0,50.0,30.0,150.0,7.126379394531249,19.12637939453125,Leave_One_experiments/all_year_offline_schedule_search/daily_outputs/HLA/HLA_2023_HLA2023_normal_grid_S0013_daily.csv
HLA,HLA,Hailun,2023,Leave_One_experiments\wth_generated_qc\HLA\HLA2023.WTH,wet_year;nitrogen_stress_year;low_response_year,wet,HLA2023_normal_grid_S0013,irrigation_positive_candidate,2023-06-04,155,36,31,"{""sim_day"": 36.0, ""doy"": 155.0, ""topwt"": 86.42505645751953, ""grnwt"": 0.0, ""xlai"": 0.1731286644935608, ""totir"": 0.0, ""tofer"": NaN, ""swfac"": 0.0, ""nstres"": 0.0}",0.0,0.0,86.42505645751953,0.0,0.1731286644935608,0.0,,0.0,0.0,30.0,150.0,7.126379394531249,19.12637939453125,Leave_One_experiments/all_year_offline_schedule_search/daily_outputs/HLA/HLA_2023_HLA2023_normal_grid_S0013_daily.csv
HLA,HLA,Hailun,2023,Leave_One_experiments\wth_generated_qc\HLA\HLA2023.WTH,wet_year;nitrogen_stress_year;low_response_year,wet,HLA2023_normal_grid_S0013,irrigation_positive_candidate,2023-06-05,156,37,32,"{""sim_day"": 37.0, ""doy"": 156.0, ""topwt"": 99.62896347045898, ""grnwt"": 0.0, ""xlai"": 0.1964698284864425, ""totir"": 0.0, ""tofer"": NaN, ""swfac"": 0.0, ""nstres"": 0.0}",0.0,0.0,99.62896347045898,0.0,0.1964698284864425,0.0,,0.0,0.0,30.0,150.0,7.126379394531249,19.12637939453125,Leave_One_experiments/all_year_offline_schedule_search/daily_outputs/HLA/HLA_2023_HLA2023_normal_grid_S0013_daily.csv
HLA,HLA,Hailun,2023,Leave_One_experiments\wth_generated_qc\HLA\HLA2023.WTH,wet_year;nitrogen_stress_year;low_response_year,wet,HLA2023_normal_grid_S0013,irrigation_positive_candidate,2023-06-06,157,38,33,"{""sim_day"": 38.0, ""doy"": 157.0, ""topwt"": 114.93865966796876, ""grnwt"": 0.0, ""xlai"": 0.2226495593786239, ""totir"": 0.0, ""tofer"": NaN, ""swfac"": 0.0, ""nstres"": 0.0}",0.0,0.0,114.93865966796876,0.0,0.2226495593786239,0.0,,0.0,0.0,30.0,150.0,7.126379394531249,19.12637939453125,Leave_One_experiments/all_year_offline_schedule_search/daily_outputs/HLA/HLA_2023_HLA2023_normal_grid_S0013_daily.csv
HLA,HLA,Hailun,2023,Leave_One_experiments\wth_generated_qc\HLA\HLA2023.WTH,wet_year;nitrogen_stress_year;low_response_year,wet,HLA2023_normal_grid_S0013,irrigation_positive_candidate,2023-06-07,158,39,34,"{""sim_day"": 39.0, ""doy"": 158.0, ""topwt"": 129.46043014526367, ""grnwt"": 0.0, ""xlai"": 0.2467458397150039, ""totir"": 0.0, ""tofer"": NaN, ""swfac"": 0.0, ""nstres"": 0.0}",0.0,0.0,129.46043014526367,0.0,0.2467458397150039,0.0,,0.0,0.0,30.0,150.0,7.126379394531249,19.12637939453125,Leave_One_experiments/all_year_offline_schedule_search/daily_outputs/HLA/HLA_2023_HLA2023_normal_grid_S0013_daily.csv
HLA,HLA,Hailun,2023,Leave_One_experiments\wth_generated_qc\HLA\HLA2023.WTH,wet_year;nitrogen_stress_year;low_response_year,wet,HLA2023_normal_grid_S0013,irrigation_positive_candidate,2023-06-08,159,40,35,"{""sim_day"": 40.0, ""doy"": 159.0, ""topwt"": 134.08958435058594, ""grnwt"": 0.0, ""xlai"": 0.2715969383716583, ""totir"": 0.0, ""tofer"": NaN, ""swfac"": 0.0, ""nstres"": 0.0}",0.0,0.0,134.08958435058594,0.0,0.2715969383716583,0.0,,0.0,0.0,30.0,150.0,7.126379394531249,19.12637939453125,Leave_One_experiments/all_year_offline_schedule_search/daily_outputs/HLA/HLA_2023_HLA2023_normal_grid_S0013_daily.csv
HLA,HLA,Hailun,2023,Leave_One_experiments\wth_generated_qc\HLA\HLA2023.WTH,wet_year;nitrogen_stress_year;low_response_year,wet,HLA2023_normal_grid_S0013,irrigation_positive_candidate,2023-06-09,160,41,36,"{""sim_day"": 41.0, ""doy"": 160.0, ""topwt"": 156.85035705566406, ""grnwt"": 0.0, ""xlai"": 0.3104071021080017, ""totir"": 0.0, ""tofer"": NaN, ""swfac"": 0.0, ""nstres"": 0.0013279318809509}",0.0,0.0013279318809509,156.85035705566406,0.0,0.3104071021080017,0.0,,0.0,0.0,30.0,150.0,7.126379394531249,19.12637939453125,Leave_One_experiments/all_year_offline_schedule_search/daily_outputs/HLA/HLA_2023_HLA2023_normal_grid_S0013_daily.csv
HLA,HLA,Hailun,2023,Leave_One_experiments\wth_generated_qc\HLA\HLA2023.WTH,wet_year;nitrogen_stress_year;low_response_year,wet,HLA2023_normal_grid_S0013,irrigation_positive_candidate,2023-06-10,161,42,37,"{""sim_day"": 42.0, ""doy"": 161.0, ""topwt"": 183.77840042114255, ""grnwt"": 0.0, ""xlai"": 0.3547253906726837, ""totir"": 0.0, ""tofer"": NaN, ""swfac"": 0.0, ""nstres"": 0.0}",0.0,0.0,183.77840042114255,0.0,0.3547253906726837,0.0,,0.0,0.0,30.0,150.0,7.126379394531249,19.12637939453125,Leave_One_experiments/all_year_offline_schedule_search/daily_outputs/HLA/HLA_2023_HLA2023_normal_grid_S0013_daily.csv
HLA,HLA,Hailun,2023,Leave_One_experiments\wth_generated_qc\HLA\HLA2023.WTH,wet_year;nitrogen_stress_year;low_response_year,wet,HLA2023_normal_grid_S0013,irrigation_positive_candidate,2023-06-11,162,43,38,"{""sim_day"": 43.0, ""doy"": 162.0, ""topwt"": 215.0846290588379, ""grnwt"": 0.0, ""xlai"": 0.4044656753540039, ""totir"": 0.0, ""tofer"": NaN, ""swfac"": 0.0, ""nstres"": 0.0}",0.0,0.0,215.0846290588379,0.0,0.4044656753540039,0.0,,0.0,0.0,30.0,150.0,7.126379394531249,19.12637939453125,Leave_One_experiments/all_year_offline_schedule_search/daily_outputs/HLA/HLA_2023_HLA2023_normal_grid_S0013_daily.csv
HLA,HLA,Hailun,2023,Leave_One_experiments\wth_generated_qc\HLA\HLA2023.WTH,wet_year;nitrogen_stress_year;low_response_year,wet,HLA2023_normal_grid_S0013,irrigation_positive_candidate,2023-06-12,163,44,39,"{""sim_day"": 44.0, ""doy"": 163.0, ""topwt"": 259.6666717529297, ""grnwt"": 0.0, ""xlai"": 0.472625732421875, ""totir"": 0.0, ""tofer"": NaN, ""swfac"": 0.0, ""nstres"": 0.0}",0.0,0.0,259.6666717529297,0.0,0.472625732421875,0.0,,0.0,0.0,30.0,150.0,7.126379394531249,19.12637939453125,Leave_One_experiments/all_year_offline_schedule_search/daily_outputs/HLA/HLA_2023_HLA2023_normal_grid_S0013_daily.csv
HLA,HLA,Hailun,2023,Leave_One_experiments\wth_generated_qc\HLA\HLA2023.WTH,wet_year;nitrogen_stress_year;low_response_year,wet,HLA2023_normal_grid_S0013,irrigation_positive_candidate,2023-06-13,164,45,40,"{""sim_day"": 45.0, ""doy"": 164.0, ""topwt"": 309.44053649902344, ""grnwt"": 0.0, ""xlai"": 0.54572993516922, ""totir"": 0.0, ""tofer"": NaN, ""swfac"": 0.0, ""nstres"": 0.0}",0.0,0.0,309.44053649902344,0.0,0.54572993516922,0.0,,0.0,0.0,30.0,150.0,7.126379394531249,19.12637939453125,Leave_One_experiments/all_year_offline_schedule_search/daily_outputs/HLA/HLA_2023_HLA2023_normal_grid_S0013_daily.csv
HLA,HLA,Hailun,2023,Leave_One_experiments\wth_generated_qc\HLA\HLA2023.WTH,wet_year;nitrogen_stress_year;low_response_year,wet,HLA2023_normal_grid_S0013,irrigation_positive_candidate,2023-06-14,165,46,41,"{""sim_day"": 46.0, ""doy"": 165.0, ""topwt"": 348.7796401977539, ""grnwt"": 0.0, ""xlai"": 0.6016679406166077, ""totir"": 0.0, ""tofer"": NaN, ""swfac"": 0.0, ""nstres"": 0.0}",0.0,0.0,348.7796401977539,0.0,0.6016679406166077,0.0,,0.0,0.0,30.0,150.0,7.126379394531249,19.12637939453125,Leave_One_experiments/all_year_offline_schedule_search/daily_outputs/HLA/HLA_2023_HLA2023_normal_grid_S0013_daily.csv
HLA,HLA,Hailun,2023,Leave_One_experiments\wth_generated_qc\HLA\HLA2023.WTH,wet_year;nitrogen_stress_year;low_response_year,wet,HLA2023_normal_grid_S0013,irrigation_positive_candidate,2023-06-15,166,47,42,"{""sim_day"": 47.0, ""doy"": 166.0, ""topwt"": 403.6806106567383, ""grnwt"": 0.0, ""xlai"": 0.675490140914917, ""totir"": 0.0, ""tofer"": NaN, ""swfac"": 0.0, ""nstres"": 0.0}",0.0,0.0,403.6806106567383,0.0,0.675490140914917,0.0,,0.0,0.0,30.0,150.0,7.126379394531249,19.12637939453125,Leave_One_experiments/all_year_offline_schedule_search/daily_outputs/HLA/HLA_2023_HLA2023_normal_grid_S0013_daily.csv
HLA,HLA,Hailun,2023,Leave_One_experiments\wth_generated_qc\HLA\HLA2023.WTH,wet_year;nitrogen_stress_year;low_response_year,wet,HLA2023_normal_grid_S0013,irrigation_positive_candidate,2023-06-16,167,48,43,"{""sim_day"": 48.0, ""doy"": 167.0, ""topwt"": 466.09596252441406, ""grnwt"": 0.0, ""xlai"": 0.7614699006080627, ""totir"": 0.0, ""tofer"": NaN, ""swfac"": 0.0, ""nstres"": 0.0}",0.0,0.0,466.09596252441406,0.0,0.7614699006080627,0.0,,0.0,0.0,30.0,150.0,7.126379394531249,19.12637939453125,Leave_One_experiments/all_year_offline_schedule_search/daily_outputs/HLA/HLA_2023_HLA2023_normal_grid_S0013_daily.csv
HLA,HLA,Hailun,2023,Leave_One_experiments\wth_generated_qc\HLA\HLA2023.WTH,wet_year;nitrogen_stress_year;low_response_year,wet,HLA2023_normal_grid_S0013,irrigation_positive_candidate,2023-06-17,168,49,44,"{""sim_day"": 49.0, ""doy"": 168.0, ""topwt"": 518.0557632446289, ""grnwt"": 0.0, ""xlai"": 0.8305686116218567, ""totir"": 0.0, ""tofer"": NaN, ""swfac"": 0.0, ""nstres"": 0.0}",0.0,0.0,518.0557632446289,0.0,0.8305686116218567,0.0,,0.0,0.0,30.0,150.0,7.126379394531249,19.12637939453125,Leave_One_experiments/all_year_offline_schedule_search/daily_outputs/HLA/HLA_2023_HLA2023_normal_grid_S0013_daily.csv
HLA,HLA,Hailun,2023,Leave_One_experiments\wth_generated_qc\HLA\HLA2023.WTH,wet_year;nitrogen_stress_year;low_response_year,wet,HLA2023_normal_grid_S0013,irrigation_positive_candidate,2023-06-18,169,50,45,"{""sim_day"": 50.0, ""doy"": 169.0, ""topwt"": 594.3769836425781, ""grnwt"": 0.0, ""xlai"": 0.9278477430343628, ""totir"": 0.0, ""tofer"": NaN, ""swfac"": 0.0, ""nstres"": 0.0}",0.0,0.0,594.3769836425781,0.0,0.9278477430343628,0.0,,0.0,0.0,30.0,150.0,7.126379394531249,19.12637939453125,Leave_One_experiments/all_year_offline_schedule_search/daily_outputs/HLA/HLA_2023_HLA2023_normal_grid_S0013_daily.csv
HLA,HLA,Hailun,2023,Leave_One_experiments\wth_generated_qc\HLA\HLA2023.WTH,wet_year;nitrogen_stress_year;low_response_year,wet,HLA2023_normal_grid_S0013,irrigation_positive_candidate,2023-06-19,170,51,46,"{""sim_day"": 51.0, ""doy"": 170.0, ""topwt"": 680.0538635253906, ""grnwt"": 0.0, ""xlai"": 1.0320271253585815, ""totir"": 0.0, ""tofer"": NaN, ""swfac"": 0.0, ""nstres"": 0.0}",0.0,0.0,680.0538635253906,0.0,1.0320271253585815,0.0,,0.0,0.0,30.0,150.0,7.126379394531249,19.12637939453125,Leave_One_experiments/all_year_offline_schedule_search/daily_outputs/HLA/HLA_2023_HLA2023_normal_grid_S0013_daily.csv
HLA,HLA,Hailun,2023,Leave_One_experiments\wth_generated_qc\HLA\HLA2023.WTH,wet_year;nitrogen_stress_year;low_response_year,wet,HLA2023_normal_grid_S0013,irrigation_positive_candidate,2023-06-20,171,52,47,"{""sim_day"": 52.0, ""doy"": 171.0, ""topwt"": 770.4758453369141, ""grnwt"": 0.0, ""xlai"": 1.1366853713989258, ""totir"": 0.0, ""tofer"": NaN, ""swfac"": 0.0, ""nstres"": 0.0}",0.0,0.0,770.4758453369141,0.0,1.1366853713989258,0.0,,0.0,0.0,30.0,150.0,7.126379394531249,19.12637939453125,Leave_One_experiments/all_year_offline_schedule_search/daily_outputs/HLA/HLA_2023_HLA2023_normal_grid_S0013_daily.csv
HLA,HLA,Hailun,2023,Leave_One_experiments\wth_generated_qc\HLA\HLA2023.WTH,wet_year;nitrogen_stress_year;low_response_year,wet,HLA2023_normal_grid_S0013,irrigation_positive_candidate,2023-06-21,172,53,48,"{""sim_day"": 53.0, ""doy"": 172.0, ""topwt"": 851.6160583496094, ""grnwt"": 0.0, ""xlai"": 1.226471781730652, ""totir"": 0.0, ""tofer"": NaN, ""swfac"": 0.0, ""nstres"": 0.0}",0.0,0.0,851.6160583496094,0.0,1.226471781730652,0.0,,0.0,0.0,30.0,150.0,7.126379394531249,19.12637939453125,Leave_One_experiments/all_year_offline_schedule_search/daily_outputs/HLA/HLA_2023_HLA2023_normal_grid_S0013_daily.csv
HLA,HLA,Hailun,2023,Leave_One_experiments\wth_generated_qc\HLA\HLA2023.WTH,wet_year;nitrogen_stress_year;low_response_year,wet,HLA2023_normal_grid_S0013,irrigation_positive_candidate,2023-06-22,173,54,49,"{""sim_day"": 54.0, ""doy"": 173.0, ""topwt"": 935.3976440429688, ""grnwt"": 0.0, ""xlai"": 1.3152058124542236, ""totir"": 0.0, ""tofer"": NaN, ""swfac"": 0.0, ""nstres"": 0.0}",0.0,0.0,935.3976440429688,0.0,1.3152058124542236,0.0,,0.0,0.0,30.0,150.0,7.126379394531249,19.12637939453125,Leave_One_experiments/all_year_offline_schedule_search/daily_outputs/HLA/HLA_2023_HLA2023_normal_grid_S0013_daily.csv
HLA,HLA,Hailun,2023,Leave_One_experiments\wth_generated_qc\HLA\HLA2023.WTH,wet_year;nitrogen_stress_year;low_response_year,wet,HLA2023_normal_grid_S0013,irrigation_positive_candidate,2023-06-23,174,55,50,"{""sim_day"": 55.0, ""doy"": 174.0, ""topwt"": 1049.5364379882812, ""grnwt"": 0.0, ""xlai"": 1.4295755624771118, ""totir"": 0.0, ""tofer"": NaN, ""swfac"": 0.0, ""nstres"": 0.0}",0.0,0.0,1049.5364379882812,0.0,1.4295755624771118,0.0,,0.0,0.0,30.0,150.0,7.126379394531249,19.12637939453125,Leave_One_experiments/all_year_offline_schedule_search/daily_outputs/HLA/HLA_2023_HLA2023_normal_grid_S0013_daily.csv
HLA,HLA,Hailun,2023,Leave_One_experiments\wth_generated_qc\HLA\HLA2023.WTH,wet_year;nitrogen_stress_year;low_response_year,wet,HLA2023_normal_grid_S0013,irrigation_positive_candidate,2023-06-24,175,56,51,"{""sim_day"": 56.0, ""doy"": 175.0, ""topwt"": 1184.642333984375, ""grnwt"": 0.0, ""xlai"": 1.5564327239990234, ""totir"": 0.0, ""tofer"": NaN, ""swfac"": 0.0, ""nstres"": 0.0}",0.0,0.0,1184.642333984375,0.0,1.5564327239990234,0.0,,0.0,0.0,30.0,150.0,7.126379394531249,19.12637939453125,Leave_One_experiments/all_year_offline_schedule_search/daily_outputs/HLA/HLA_2023_HLA2023_normal_grid_S0013_daily.csv
HLA,HLA,Hailun,2023,Leave_One_experiments\wth_generated_qc\HLA\HLA2023.WTH,wet_year;nitrogen_stress_year;low_response_year,wet,HLA2023_normal_grid_S0013,irrigation_positive_candidate,2023-06-25,176,57,52,"{""sim_day"": 57.0, ""doy"": 176.0, ""topwt"": 1355.5482482910156, ""grnwt"": 0.0, ""xlai"": 1.704897403717041, ""totir"": 0.0, ""tofer"": NaN, ""swfac"": 0.0, ""nstres"": 0.0}",0.0,0.0,1355.5482482910156,0.0,1.704897403717041,0.0,,0.0,0.0,30.0,150.0,7.126379394531249,19.12637939453125,Leave_One_experiments/all_year_offline_schedule_search/daily_outputs/HLA/HLA_2023_HLA2023_normal_grid_S0013_daily.csv
HLA,HLA,Hailun,2023,Leave_One_experiments\wth_generated_qc\HLA\HLA2023.WTH,wet_year;nitrogen_stress_year;low_response_year,wet,HLA2023_normal_grid_S0013,irrigation_positive_candidate,2023-06-26,177,58,53,"{""sim_day"": 58.0, ""doy"": 177.0, ""topwt"": 1518.791046142578, ""grnwt"": 0.0, ""xlai"": 1.8366804122924805, ""totir"": 0.0, ""tofer"": NaN, ""swfac"": 0.0, ""nstres"": 0.0}",0.0,0.0,1518.791046142578,0.0,1.8366804122924805,0.0,,0.0,0.0,30.0,150.0,7.126379394531249,19.12637939453125,Leave_One_experiments/all_year_offline_schedule_search/daily_outputs/HLA/HLA_2023_HLA2023_normal_grid_S0013_daily.csv
HLA,HLA,Hailun,2023,Leave_One_experiments\wth_generated_qc\HLA\HLA2023.WTH,wet_year;nitrogen_stress_year;low_response_year,wet,HLA2023_normal_grid_S0013,irrigation_positive_candidate,2023-06-27,178,59,54,"{""sim_day"": 59.0, ""doy"": 178.0, ""topwt"": 1673.3309936523438, ""grnwt"": 0.0, ""xlai"": 1.95350444316864, ""totir"": 0.0, ""tofer"": NaN, ""swfac"": 0.0, ""nstres"": 0.0}",0.0,0.0,1673.3309936523438,0.0,1.95350444316864,0.0,,0.0,0.0,30.0,150.0,7.126379394531249,19.12637939453125,Leave_One_experiments/all_year_offline_schedule_search/daily_outputs/HLA/HLA_2023_HLA2023_normal_grid_S0013_daily.csv
HLA,HLA,Hailun,2023,Leave_One_experiments\wth_generated_qc\HLA\HLA2023.WTH,wet_year;nitrogen_stress_year;low_response_year,wet,HLA2023_normal_grid_S0013,irrigation_positive_candidate,2023-06-28,179,60,55,"{""sim_day"": 60.0, ""doy"": 179.0, ""topwt"": 1813.8365173339844, ""grnwt"": 0.0, ""xlai"": 2.053826808929444, ""totir"": 0.0, ""tofer"": NaN, ""swfac"": 0.0, ""nstres"": 0.0}",0.0,0.0,1813.8365173339844,0.0,2.053826808929444,0.0,,0.0,0.0,30.0,150.0,7.126379394531249,19.12637939453125,Leave_One_experiments/all_year_offline_schedule_search/daily_outputs/HLA/HLA_2023_HLA2023_normal_grid_S0013_daily.csv
HLA,HLA,Hailun,2023,Leave_One_experiments\wth_generated_qc\HLA\HLA2023.WTH,wet_year;nitrogen_stress_year;low_response_year,wet,HLA2023_normal_grid_S0013,irrigation_positive_candidate,2023-06-29,180,61,56,"{""sim_day"": 61.0, ""doy"": 180.0, ""topwt"": 1949.3685913085935, ""grnwt"": 0.0, ""xlai"": 2.1456949710845947, ""totir"": 0.0, ""tofer"": NaN, ""swfac"": 0.0, ""nstres"": 0.0}",0.0,0.0,1949.3685913085935,0.0,2.1456949710845947,0.0,,0.0,0.0,30.0,150.0,7.126379394531249,19.12637939453125,Leave_One_experiments/all_year_offline_schedule_search/daily_outputs/HLA/HLA_2023_HLA2023_normal_grid_S0013_daily.csv
HLA,HLA,Hailun,2023,Leave_One_experiments\wth_generated_qc\HLA\HLA2023.WTH,wet_year;nitrogen_stress_year;low_response_year,wet,HLA2023_normal_grid_S0013,irrigation_positive_candidate,2023-06-30,181,62,57,"{""sim_day"": 62.0, ""doy"": 181.0, ""topwt"": 2105.2818298339844, ""grnwt"": 0.0, ""xlai"": 2.245678186416626, ""totir"": 0.0, ""tofer"": NaN, ""swfac"": 0.0, ""nstres"": 0.0}",0.0,0.0,2105.2818298339844,0.0,2.245678186416626,0.0,,0.0,0.0,30.0,150.0,7.126379394531249,19.12637939453125,Leave_One_experiments/all_year_offline_schedule_search/daily_outputs/HLA/HLA_2023_HLA2023_normal_grid_S0013_daily.csv
HLA,HLA,Hailun,2023,Leave_One_experiments\wth_generated_qc\HLA\HLA2023.WTH,wet_year;nitrogen_stress_year;low_response_year,wet,HLA2023_normal_grid_S0013,irrigation_positive_candidate,2023-07-01,182,63,58,"{""sim_day"": 63.0, ""doy"": 182.0, ""topwt"": 2272.1221923828125, ""grnwt"": 0.0, ""xlai"": 2.346778154373169, ""totir"": 0.0, ""tofer"": NaN, ""swfac"": 0.0, ""nstres"": 0.0}",0.0,0.0,2272.1221923828125,0.0,2.346778154373169,0.0,,0.0,0.0,30.0,150.0,7.126379394531249,19.12637939453125,Leave_One_experiments/all_year_offline_schedule_search/daily_outputs/HLA/HLA_2023_HLA2023_normal_grid_S0013_daily.csv
HLA,HLA,Hailun,2023,Leave_One_experiments\wth_generated_qc\HLA\HLA2023.WTH,wet_year;nitrogen_stress_year;low_response_year,wet,HLA2023_normal_grid_S0013,irrigation_positive_candidate,2023-07-02,183,64,59,"{""sim_day"": 64.0, ""doy"": 183.0, ""topwt"": 2475.902709960937, ""grnwt"": 0.0, ""xlai"": 2.462620973587036, ""totir"": 0.0, ""tofer"": NaN, ""swfac"": 0.0, ""nstres"": 0.0}",0.0,0.0,2475.902709960937,0.0,2.462620973587036,0.0,,0.0,0.0,30.0,150.0,7.126379394531249,19.12637939453125,Leave_One_experiments/all_year_offline_schedule_search/daily_outputs/HLA/HLA_2023_HLA2023_normal_grid_S0013_daily.csv
HLA,HLA,Hailun,2023,Leave_One_experiments\wth_generated_qc\HLA\HLA2023.WTH,wet_year;nitrogen_stress_year;low_response_year,wet,HLA2023_normal_grid_S0013,irrigation_positive_candidate,2023-07-03,184,65,60,"{""sim_day"": 65.0, ""doy"": 184.0, ""topwt"": 2707.245178222656, ""grnwt"": 0.0, ""xlai"": 2.585475206375122, ""totir"": 0.0, ""tofer"": NaN, ""swfac"": 0.0, ""nstres"": 0.0}",0.0,0.0,2707.245178222656,0.0,2.585475206375122,0.0,,0.0,50.0,30.0,150.0,7.126379394531249,19.12637939453125,Leave_One_experiments/all_year_offline_schedule_search/daily_outputs/HLA/HLA_2023_HLA2023_normal_grid_S0013_daily.csv
HLA,HLA,Hailun,2023,Leave_One_experiments\wth_generated_qc\HLA\HLA2023.WTH,wet_year;nitrogen_stress_year;low_response_year,wet,HLA2023_normal_grid_S0013,irrigation_positive_candidate,2023-07-04,185,66,61,"{""sim_day"": 66.0, ""doy"": 185.0, ""topwt"": 2837.1676635742188, ""grnwt"": 0.0, ""xlai"": 2.6504697799682617, ""totir"": 0.0, ""tofer"": NaN, ""swfac"": 0.0, ""nstres"": 0.0}",0.0,0.0,2837.1676635742188,0.0,2.6504697799682617,0.0,,0.0,0.0,30.0,150.0,7.126379394531249,19.12637939453125,Leave_One_experiments/all_year_offline_schedule_search/daily_outputs/HLA/HLA_2023_HLA2023_normal_grid_S0013_daily.csv
HLA,HLA,Hailun,2023,Leave_One_experiments\wth_generated_qc\HLA\HLA2023.WTH,wet_year;nitrogen_stress_year;low_response_year,wet,HLA2023_normal_grid_S0013,irrigation_positive_candidate,2023-07-05,186,67,62,"{""sim_day"": 67.0, ""doy"": 186.0, ""topwt"": 3047.851867675781, ""grnwt"": 0.0, ""xlai"": 2.75049376487732, ""totir"": 0.0, ""tofer"": NaN, ""swfac"": 0.0, ""nstres"": 0.0}",0.0,0.0,3047.851867675781,0.0,2.75049376487732,0.0,,0.0,0.0,30.0,150.0,7.126379394531249,19.12637939453125,Leave_One_experiments/all_year_offline_schedule_search/daily_outputs/HLA/HLA_2023_HLA2023_normal_grid_S0013_daily.csv
HLA,HLA,Hailun,2023,Leave_One_experiments\wth_generated_qc\HLA\HLA2023.WTH,wet_year;nitrogen_stress_year;low_response_year,wet,HLA2023_normal_grid_S0013,irrigation_positive_candidate,2023-07-06,187,68,63,"{""sim_day"": 68.0, ""doy"": 187.0, ""topwt"": 3283.34228515625, ""grnwt"": 0.0, ""xlai"": 2.856058359146118, ""totir"": 0.0, ""tofer"": NaN, ""swfac"": 0.0, ""nstres"": 0.0}",0.0,0.0,3283.34228515625,0.0,2.856058359146118,0.0,,0.0,0.0,30.0,150.0,7.126379394531249,19.12637939453125,Leave_One_experiments/all_year_offline_schedule_search/daily_outputs/HLA/HLA_2023_HLA2023_normal_grid_S0013_daily.csv
HLA,HLA,Hailun,2023,Leave_One_experiments\wth_generated_qc\HLA\HLA2023.WTH,wet_year;nitrogen_stress_year;low_response_year,wet,HLA2023_normal_grid_S0013,irrigation_positive_candidate,2023-07-07,188,69,64,"{""sim_day"": 69.0, ""doy"": 188.0, ""topwt"": 3558.4597778320312, ""grnwt"": 0.0, ""xlai"": 2.971958875656128, ""totir"": 0.0, ""tofer"": NaN, ""swfac"": 0.0, ""nstres"": 0.0}",0.0,0.0,3558.4597778320312,0.0,2.971958875656128,0.0,,0.0,0.0,30.0,150.0,7.126379394531249,19.12637939453125,Leave_One_experiments/all_year_offline_schedule_search/daily_outputs/HLA/HLA_2023_HLA2023_normal_grid_S0013_daily.csv
HLA,HLA,Hailun,2023,Leave_One_experiments\wth_generated_qc\HLA\HLA2023.WTH,wet_year;nitrogen_stress_year;low_response_year,wet,HLA2023_normal_grid_S0013,irrigation_positive_candidate,2023-07-08,189,70,65,"{""sim_day"": 70.0, ""doy"": 189.0, ""topwt"": 3837.2564697265625, ""grnwt"": 0.0, ""xlai"": 3.112726211547852, ""totir"": 30.0, ""tofer"": NaN, ""swfac"": 0.0, ""nstres"": 0.0}",0.0,0.0,3837.2564697265625,0.0,3.112726211547852,30.0,,30.0,0.0,30.0,150.0,7.126379394531249,19.12637939453125,Leave_One_experiments/all_year_offline_schedule_search/daily_outputs/HLA/HLA_2023_HLA2023_normal_grid_S0013_daily.csv
HLA,HLA,Hailun,2023,Leave_One_experiments\wth_generated_qc\HLA\HLA2023.WTH,wet_year;nitrogen_stress_year;low_response_year,wet,HLA2023_normal_grid_S0013,irrigation_positive_candidate,2023-07-09,190,71,66,"{""sim_day"": 71.0, ""doy"": 190.0, ""topwt"": 4057.557678222656, ""grnwt"": 0.0, ""xlai"": 3.2051804065704346, ""totir"": 30.0, ""tofer"": NaN, ""swfac"": 0.0, ""nstres"": 0.0}",0.0,0.0,4057.557678222656,0.0,3.2051804065704346,30.0,,0.0,0.0,30.0,150.0,7.126379394531249,19.12637939453125,Leave_One_experiments/all_year_offline_schedule_search/daily_outputs/HLA/HLA_2023_HLA2023_normal_grid_S0013_daily.csv
HLA,HLA,Hailun,2023,Leave_One_experiments\wth_generated_qc\HLA\HLA2023.WTH,wet_year;nitrogen_stress_year;low_response_year,wet,HLA2023_normal_grid_S0013,irrigation_positive_candidate,2023-07-10,191,72,67,"{""sim_day"": 72.0, ""doy"": 191.0, ""topwt"": 4312.1124267578125, ""grnwt"": 0.0, ""xlai"": 3.300575017929077, ""totir"": 30.0, ""tofer"": NaN, ""swfac"": 0.0, ""nstres"": 0.0}",0.0,0.0,4312.1124267578125,0.0,3.300575017929077,30.0,,0.0,0.0,30.0,150.0,7.126379394531249,19.12637939453125,Leave_One_experiments/all_year_offline_schedule_search/daily_outputs/HLA/HLA_2023_HLA2023_normal_grid_S0013_daily.csv
HLA,HLA,Hailun,2023,Leave_One_experiments\wth_generated_qc\HLA\HLA2023.WTH,wet_year;nitrogen_stress_year;low_response_year,wet,HLA2023_normal_grid_S0013,irrigation_positive_candidate,2023-07-11,192,73,68,"{""sim_day"": 73.0, ""doy"": 192.0, ""topwt"": 4585.786437988281, ""grnwt"": 0.0, ""xlai"": 3.39357328414917, ""totir"": 30.0, ""tofer"": NaN, ""swfac"": 0.0, ""nstres"": 0.0}",0.0,0.0,4585.786437988281,0.0,3.39357328414917,30.0,,0.0,0.0,30.0,150.0,7.126379394531249,19.12637939453125,Leave_One_experiments/all_year_offline_schedule_search/daily_outputs/HLA/HLA_2023_HLA2023_normal_grid_S0013_daily.csv
HLA,HLA,Hailun,2023,Leave_One_experiments\wth_generated_qc\HLA\HLA2023.WTH,wet_year;nitrogen_stress_year;low_response_year,wet,HLA2023_normal_grid_S0013,irrigation_positive_candidate,2023-07-12,193,74,69,"{""sim_day"": 74.0, ""doy"": 193.0, ""topwt"": 4885.3033447265625, ""grnwt"": 0.0, ""xlai"": 3.486744165420532, ""totir"": 30.0, ""tofer"": NaN, ""swfac"": 0.0, ""nstres"": 0.0}",0.0,0.0,4885.3033447265625,0.0,3.486744165420532,30.0,,0.0,0.0,30.0,150.0,7.126379394531249,19.12637939453125,Leave_One_experiments/all_year_offline_schedule_search/daily_outputs/HLA/HLA_2023_HLA2023_normal_grid_S0013_daily.csv
HLA,HLA,Hailun,2023,Leave_One_experiments\wth_generated_qc\HLA\HLA2023.WTH,wet_year;nitrogen_stress_year;low_response_year,wet,HLA2023_normal_grid_S0013,irrigation_positive_candidate,2023-07-13,194,75,70,"{""sim_day"": 75.0, ""doy"": 194.0, ""topwt"": 5024.886779785156, ""grnwt"": 0.0, ""xlai"": 3.5272998809814453, ""totir"": 30.0, ""tofer"": NaN, ""swfac"": 0.0, ""nstres"": 0.0}",0.0,0.0,5024.886779785156,0.0,3.5272998809814453,30.0,,0.0,0.0,30.0,150.0,7.126379394531249,19.12637939453125,Leave_One_experiments/all_year_offline_schedule_search/daily_outputs/HLA/HLA_2023_HLA2023_normal_grid_S0013_daily.csv
HLA,HLA,Hailun,2023,Leave_One_experiments\wth_generated_qc\HLA\HLA2023.WTH,wet_year;nitrogen_stress_year;low_response_year,wet,HLA2023_normal_grid_S0013,irrigation_positive_candidate,2023-07-14,195,76,71,"{""sim_day"": 76.0, ""doy"": 195.0, ""topwt"": 5205.249633789063, ""grnwt"": 0.0, ""xlai"": 3.577692031860352, ""totir"": 30.0, ""tofer"": NaN, ""swfac"": 0.0, ""nstres"": 0.0}",0.0,0.0,5205.249633789063,0.0,3.577692031860352,30.0,,0.0,0.0,30.0,150.0,7.126379394531249,19.12637939453125,Leave_One_experiments/all_year_offline_schedule_search/daily_outputs/HLA/HLA_2023_HLA2023_normal_grid_S0013_daily.csv
HLA,HLA,Hailun,2023,Leave_One_experiments\wth_generated_qc\HLA\HLA2023.WTH,wet_year;nitrogen_stress_year;low_response_year,wet,HLA2023_normal_grid_S0013,irrigation_positive_candidate,2023-07-15,196,77,72,"{""sim_day"": 77.0, ""doy"": 196.0, ""topwt"": 5383.082275390625, ""grnwt"": 0.0, ""xlai"": 3.625544786453247, ""totir"": 30.0, ""tofer"": NaN, ""swfac"": 0.0, ""nstres"": 0.0}",0.0,0.0,5383.082275390625,0.0,3.625544786453247,30.0,,0.0,0.0,30.0,150.0,7.126379394531249,19.12637939453125,Leave_One_experiments/all_year_offline_schedule_search/daily_outputs/HLA/HLA_2023_HLA2023_normal_grid_S0013_daily.csv
HLA,HLA,Hailun,2023,Leave_One_experiments\wth_generated_qc\HLA\HLA2023.WTH,wet_year;nitrogen_stress_year;low_response_year,wet,HLA2023_normal_grid_S0013,irrigation_positive_candidate,2023-07-16,197,78,73,"{""sim_day"": 78.0, ""doy"": 197.0, ""topwt"": 5557.890625, ""grnwt"": 0.0, ""xlai"": 3.670110940933228, ""totir"": 30.0, ""tofer"": NaN, ""swfac"": 0.0, ""nstres"": 0.0018996000289916}",0.0,0.0018996000289916,5557.890625,0.0,3.670110940933228,30.0,,0.0,0.0,30.0,150.0,7.126379394531249,19.12637939453125,Leave_One_experiments/all_year_offline_schedule_search/daily_outputs/HLA/HLA_2023_HLA2023_normal_grid_S0013_daily.csv
HLA,HLA,Hailun,2023,Leave_One_experiments\wth_generated_qc\HLA\HLA2023.WTH,wet_year;nitrogen_stress_year;low_response_year,wet,HLA2023_normal_grid_S0013,irrigation_positive_candidate,2023-07-17,198,79,74,"{""sim_day"": 79.0, ""doy"": 198.0, ""topwt"": 5775.989990234375, ""grnwt"": 0.0, ""xlai"": 3.720878124237061, ""totir"": 30.0, ""tofer"": NaN, ""swfac"": 0.0, ""nstres"": 0.0080857276916503}",0.0,0.0080857276916503,5775.989990234375,0.0,3.720878124237061,30.0,,0.0,0.0,30.0,150.0,7.126379394531249,19.12637939453125,Leave_One_experiments/all_year_offline_schedule_search/daily_outputs/HLA/HLA_2023_HLA2023_normal_grid_S0013_daily.csv
HLA,HLA,Hailun,2023,Leave_One_experiments\wth_generated_qc\HLA\HLA2023.WTH,wet_year;nitrogen_stress_year;low_response_year,wet,HLA2023_normal_grid_S0013,irrigation_positive_candidate,2023-07-18,199,80,75,"{""sim_day"": 80.0, ""doy"": 199.0, ""topwt"": 6030.1806640625, ""grnwt"": 0.0, ""xlai"": 3.778838634490967, ""totir"": 30.0, ""tofer"": NaN, ""swfac"": 0.0, ""nstres"": 0.0117914676666259}",0.0,0.0117914676666259,6030.1806640625,0.0,3.778838634490967,30.0,,0.0,0.0,30.0,150.0,7.126379394531249,19.12637939453125,Leave_One_experiments/all_year_offline_schedule_search/daily_outputs/HLA/HLA_2023_HLA2023_normal_grid_S0013_daily.csv
HLA,HLA,Hailun,2023,Leave_One_experiments\wth_generated_qc\HLA\HLA2023.WTH,wet_year;nitrogen_stress_year;low_response_year,wet,HLA2023_normal_grid_S0013,irrigation_positive_candidate,2023-07-19,200,81,76,"{""sim_day"": 81.0, ""doy"": 200.0, ""topwt"": 6288.463745117188, ""grnwt"": 0.0, ""xlai"": 3.834866762161255, ""totir"": 30.0, ""tofer"": NaN, ""swfac"": 0.0, ""nstres"": 0.0176131725311279}",0.0,0.0176131725311279,6288.463745117188,0.0,3.834866762161255,30.0,,0.0,0.0,30.0,150.0,7.126379394531249,19.12637939453125,Leave_One_experiments/all_year_offline_schedule_search/daily_outputs/HLA/HLA_2023_HLA2023_normal_grid_S0013_daily.csv
HLA,HLA,Hailun,2023,Leave_One_experiments\wth_generated_qc\HLA\HLA2023.WTH,wet_year;nitrogen_stress_year;low_response_year,wet,HLA2023_normal_grid_S0013,irrigation_positive_candidate,2023-07-20,201,82,77,"{""sim_day"": 82.0, ""doy"": 201.0, ""topwt"": 6512.658081054688, ""grnwt"": 0.0, ""xlai"": 3.878478765487671, ""totir"": 30.0, ""tofer"": NaN, ""swfac"": 0.0, ""nstres"": 0.025204598903656}",0.0,0.025204598903656,6512.658081054688,0.0,3.878478765487671,30.0,,0.0,0.0,30.0,150.0,7.126379394531249,19.12637939453125,Leave_One_experiments/all_year_offline_schedule_search/daily_outputs/HLA/HLA_2023_HLA2023_normal_grid_S0013_daily.csv
HLA,HLA,Hailun,2023,Leave_One_experiments\wth_generated_qc\HLA\HLA2023.WTH,wet_year;nitrogen_stress_year;low_response_year,wet,HLA2023_normal_grid_S0013,irrigation_positive_candidate,2023-07-21,202,83,78,"{""sim_day"": 83.0, ""doy"": 202.0, ""topwt"": 6711.9720458984375, ""grnwt"": 0.0, ""xlai"": 3.912664413452149, ""totir"": 30.0, ""tofer"": NaN, ""swfac"": 0.0, ""nstres"": 0.0313527584075927}",0.0,0.0313527584075927,6711.9720458984375,0.0,3.912664413452149,30.0,,0.0,0.0,30.0,150.0,7.126379394531249,19.12637939453125,Leave_One_experiments/all_year_offline_schedule_search/daily_outputs/HLA/HLA_2023_HLA2023_normal_grid_S0013_daily.csv
HLA,HLA,Hailun,2023,Leave_One_experiments\wth_generated_qc\HLA\HLA2023.WTH,wet_year;nitrogen_stress_year;low_response_year,wet,HLA2023_normal_grid_S0013,irrigation_positive_candidate,2023-07-22,203,84,79,"{""sim_day"": 84.0, ""doy"": 203.0, ""topwt"": 6898.01513671875, ""grnwt"": 0.0, ""xlai"": 3.9425041675567623, ""totir"": 30.0, ""tofer"": NaN, ""swfac"": 0.0, ""nstres"": 0.0330827236175537}",0.0,0.0330827236175537,6898.01513671875,0.0,3.9425041675567623,30.0,,0.0,0.0,30.0,150.0,7.126379394531249,19.12637939453125,Leave_One_experiments/all_year_offline_schedule_search/daily_outputs/HLA/HLA_2023_HLA2023_normal_grid_S0013_daily.csv
HLA,HLA,Hailun,2023,Leave_One_experiments\wth_generated_qc\HLA\HLA2023.WTH,wet_year;nitrogen_stress_year;low_response_year,wet,HLA2023_normal_grid_S0013,irrigation_positive_candidate,2023-07-23,204,85,80,"{""sim_day"": 85.0, ""doy"": 204.0, ""topwt"": 7083.863525390625, ""grnwt"": 0.0, ""xlai"": 3.9696741104125977, ""totir"": 30.0, ""tofer"": NaN, ""swfac"": 0.0, ""nstres"": 0.0380141735076904}",0.0,0.0380141735076904,7083.863525390625,0.0,3.9696741104125977,30.0,,0.0,0.0,30.0,150.0,7.126379394531249,19.12637939453125,Leave_One_experiments/all_year_offline_schedule_search/daily_outputs/HLA/HLA_2023_HLA2023_normal_grid_S0013_daily.csv
HLA,HLA,Hailun,2023,Leave_One_experiments\wth_generated_qc\HLA\HLA2023.WTH,wet_year;nitrogen_stress_year;low_response_year,wet,HLA2023_normal_grid_S0013,irrigation_positive_candidate,2023-07-24,205,86,81,"{""sim_day"": 86.0, ""doy"": 205.0, ""topwt"": 7389.481201171875, ""grnwt"": 0.0, ""xlai"": 3.8604140281677246, ""totir"": 30.0, ""tofer"": NaN, ""swfac"": 0.0, ""nstres"": 0.0415130853652954}",0.0,0.0415130853652954,7389.481201171875,0.0,3.8604140281677246,30.0,,0.0,0.0,30.0,150.0,7.126379394531249,19.12637939453125,Leave_One_experiments/all_year_offline_schedule_search/daily_outputs/HLA/HLA_2023_HLA2023_normal_grid_S0013_daily.csv
HLA,HLA,Hailun,2023,Leave_One_experiments\wth_generated_qc\HLA\HLA2023.WTH,wet_year;nitrogen_stress_year;low_response_year,wet,HLA2023_normal_grid_S0013,irrigation_positive_candidate,2023-07-25,206,87,82,"{""sim_day"": 87.0, ""doy"": 206.0, ""topwt"": 7691.797485351562, ""grnwt"": 0.0, ""xlai"": 3.84197735786438, ""totir"": 30.0, ""tofer"": NaN, ""swfac"": 0.0, ""nstres"": 0.0382062196731567}",0.0,0.0382062196731567,7691.797485351562,0.0,3.84197735786438,30.0,,0.0,0.0,30.0,150.0,7.126379394531249,19.12637939453125,Leave_One_experiments/all_year_offline_schedule_search/daily_outputs/HLA/HLA_2023_HLA2023_normal_grid_S0013_daily.csv
HLA,HLA,Hailun,2023,Leave_One_experiments\wth_generated_qc\HLA\HLA2023.WTH,wet_year;nitrogen_stress_year;low_response_year,wet,HLA2023_normal_grid_S0013,irrigation_positive_candidate,2023-07-26,207,88,83,"{""sim_day"": 88.0, ""doy"": 207.0, ""topwt"": 7991.6845703125, ""grnwt"": 0.0, ""xlai"": 3.824062824249268, ""totir"": 30.0, ""tofer"": NaN, ""swfac"": 0.0, ""nstres"": 0.0373023748397827}",0.0,0.0373023748397827,7991.6845703125,0.0,3.824062824249268,30.0,,0.0,0.0,30.0,150.0,7.126379394531249,19.12637939453125,Leave_One_experiments/all_year_offline_schedule_search/daily_outputs/HLA/HLA_2023_HLA2023_normal_grid_S0013_daily.csv
HLA,HLA,Hailun,2023,Leave_One_experiments\wth_generated_qc\HLA\HLA2023.WTH,wet_year;nitrogen_stress_year;low_response_year,wet,HLA2023_normal_grid_S0013,irrigation_positive_candidate,2023-07-27,208,89,84,"{""sim_day"": 89.0, ""doy"": 208.0, ""topwt"": 8289.3505859375, ""grnwt"": 0.0, ""xlai"": 3.807077169418335, ""totir"": 30.0, ""tofer"": NaN, ""swfac"": 0.0, ""nstres"": 0.0355341434478759}",0.0,0.0355341434478759,8289.3505859375,0.0,3.807077169418335,30.0,,0.0,0.0,30.0,150.0,7.126379394531249,19.12637939453125,Leave_One_experiments/all_year_offline_schedule_search/daily_outputs/HLA/HLA_2023_HLA2023_normal_grid_S0013_daily.csv
HLA,HLA,Hailun,2023,Leave_One_experiments\wth_generated_qc\HLA\HLA2023.WTH,wet_year;nitrogen_stress_year;low_response_year,wet,HLA2023_normal_grid_S0013,irrigation_positive_candidate,2023-07-28,209,90,85,"{""sim_day"": 90.0, ""doy"": 209.0, ""topwt"": 8585.1025390625, ""grnwt"": 0.0, ""xlai"": 3.791749954223633, ""totir"": 30.0, ""tofer"": NaN, ""swfac"": 0.0, ""nstres"": 0.03220796585083}",0.0,0.03220796585083,8585.1025390625,0.0,3.791749954223633,30.0,,0.0,0.0,30.0,150.0,7.126379394531249,19.12637939453125,Leave_One_experiments/all_year_offline_schedule_search/daily_outputs/HLA/HLA_2023_HLA2023_normal_grid_S0013_daily.csv
HLA,HLA,Hailun,2023,Leave_One_experiments\wth_generated_qc\HLA\HLA2023.WTH,wet_year;nitrogen_stress_year;low_response_year,wet,HLA2023_normal_grid_S0013,irrigation_positive_candidate,2023-07-29,210,91,86,"{""sim_day"": 91.0, ""doy"": 210.0, ""topwt"": 8879.40673828125, ""grnwt"": 0.0, ""xlai"": 3.778508424758911, ""totir"": 30.0, ""tofer"": NaN, ""swfac"": 0.0, ""nstres"": 0.0279371738433837}",0.0,0.0279371738433837,8879.40673828125,0.0,3.778508424758911,30.0,,0.0,0.0,30.0,150.0,7.126379394531249,19.12637939453125,Leave_One_experiments/all_year_offline_schedule_search/daily_outputs/HLA/HLA_2023_HLA2023_normal_grid_S0013_daily.csv
HLA,HLA,Hailun,2023,Leave_One_experiments\wth_generated_qc\HLA\HLA2023.WTH,wet_year;nitrogen_stress_year;low_response_year,wet,HLA2023_normal_grid_S0013,irrigation_positive_candidate,2023-07-30,211,92,87,"{""sim_day"": 92.0, ""doy"": 211.0, ""topwt"": 9172.92724609375, ""grnwt"": 0.0, ""xlai"": 3.7652428150177, ""totir"": 30.0, ""tofer"": NaN, ""swfac"": 0.0, ""nstres"": 0.0220115780830383}",0.0,0.0220115780830383,9172.92724609375,0.0,3.7652428150177,30.0,,0.0,0.0,30.0,150.0,7.126379394531249,19.12637939453125,Leave_One_experiments/all_year_offline_schedule_search/daily_outputs/HLA/HLA_2023_HLA2023_normal_grid_S0013_daily.csv
HLA,HLA,Hailun,2023,Leave_One_experiments\wth_generated_qc\HLA\HLA2023.WTH,wet_year;nitrogen_stress_year;low_response_year,wet,HLA2023_normal_grid_S0013,irrigation_positive_candidate,2023-07-31,212,93,88,"{""sim_day"": 93.0, ""doy"": 212.0, ""topwt"": 9519.752197265623, ""grnwt"": 0.0, ""xlai"": 3.745038270950317, ""totir"": 30.0, ""tofer"": NaN, ""swfac"": 0.0, ""nstres"": 0.0105969905853271}",0.0,0.0105969905853271,9519.752197265623,0.0,3.745038270950317,30.0,,0.0,0.0,30.0,150.0,7.126379394531249,19.12637939453125,Leave_One_experiments/all_year_offline_schedule_search/daily_outputs/HLA/HLA_2023_HLA2023_normal_grid_S0013_daily.csv
HLA,HLA,Hailun,2023,Leave_One_experiments\wth_generated_qc\HLA\HLA2023.WTH,wet_year;nitrogen_stress_year;low_response_year,wet,HLA2023_normal_grid_S0013,irrigation_positive_candidate,2023-08-01,213,94,89,"{""sim_day"": 94.0, ""doy"": 213.0, ""topwt"": 9769.97802734375, ""grnwt"": 0.0, ""xlai"": 3.727785348892212, ""totir"": 30.0, ""tofer"": NaN, ""swfac"": 0.0, ""nstres"": 0.0}",0.0,0.0,9769.97802734375,0.0,3.727785348892212,30.0,,0.0,0.0,30.0,150.0,7.126379394531249,19.12637939453125,Leave_One_experiments/all_year_offline_schedule_search/daily_outputs/HLA/HLA_2023_HLA2023_normal_grid_S0013_daily.csv
HLA,HLA,Hailun,2023,Leave_One_experiments\wth_generated_qc\HLA\HLA2023.WTH,wet_year;nitrogen_stress_year;low_response_year,wet,HLA2023_normal_grid_S0013,irrigation_positive_candidate,2023-08-02,214,95,90,"{""sim_day"": 95.0, ""doy"": 214.0, ""topwt"": 10017.36083984375, ""grnwt"": 0.0, ""xlai"": 3.7124154567718506, ""totir"": 30.0, ""tofer"": NaN, ""swfac"": 0.0, ""nstres"": 0.0}",0.0,0.0,10017.36083984375,0.0,3.7124154567718506,30.0,,0.0,0.0,30.0,150.0,7.126379394531249,19.12637939453125,Leave_One_experiments/all_year_offline_schedule_search/daily_outputs/HLA/HLA_2023_HLA2023_normal_grid_S0013_daily.csv
HLA,HLA,Hailun,2023,Leave_One_experiments\wth_generated_qc\HLA\HLA2023.WTH,wet_year;nitrogen_stress_year;low_response_year,wet,HLA2023_normal_grid_S0013,irrigation_positive_candidate,2023-08-03,215,96,91,"{""sim_day"": 96.0, ""doy"": 215.0, ""topwt"": 10262.681884765623, ""grnwt"": 0.0, ""xlai"": 3.7015748023986816, ""totir"": 30.0, ""tofer"": NaN, ""swfac"": 0.0, ""nstres"": 0.0}",0.0,0.0,10262.681884765623,0.0,3.7015748023986816,30.0,,0.0,0.0,30.0,150.0,7.126379394531249,19.12637939453125,Leave_One_experiments/all_year_offline_schedule_search/daily_outputs/HLA/HLA_2023_HLA2023_normal_grid_S0013_daily.csv
HLA,HLA,Hailun,2023,Leave_One_experiments\wth_generated_qc\HLA\HLA2023.WTH,wet_year;nitrogen_stress_year;low_response_year,wet,HLA2023_normal_grid_S0013,irrigation_positive_candidate,2023-08-04,216,97,92,"{""sim_day"": 97.0, ""doy"": 216.0, ""topwt"": 10423.958740234377, ""grnwt"": 161.27683639526367, ""xlai"": 3.618886232376098, ""totir"": 30.0, ""tofer"": NaN, ""swfac"": 0.0, ""nstres"": 0.0}",0.0,0.0,10423.958740234377,161.27683639526367,3.618886232376098,30.0,,0.0,0.0,30.0,150.0,7.126379394531249,19.12637939453125,Leave_One_experiments/all_year_offline_schedule_search/daily_outputs/HLA/HLA_2023_HLA2023_normal_grid_S0013_daily.csv
HLA,HLA,Hailun,2023,Leave_One_experiments\wth_generated_qc\HLA\HLA2023.WTH,wet_year;nitrogen_stress_year;low_response_year,wet,HLA2023_normal_grid_S0013,irrigation_positive_candidate,2023-08-05,217,98,93,"{""sim_day"": 98.0, ""doy"": 217.0, ""topwt"": 10585.235595703123, ""grnwt"": 322.55367279052734, ""xlai"": 3.608895301818848, ""totir"": 30.0, ""tofer"": NaN, ""swfac"": 0.0, ""nstres"": 0.0}",0.0,0.0,10585.235595703123,322.55367279052734,3.608895301818848,30.0,,0.0,0.0,30.0,150.0,7.126379394531249,19.12637939453125,Leave_One_experiments/all_year_offline_schedule_search/daily_outputs/HLA/HLA_2023_HLA2023_normal_grid_S0013_daily.csv
HLA,HLA,Hailun,2023,Leave_One_experiments\wth_generated_qc\HLA\HLA2023.WTH,wet_year;nitrogen_stress_year;low_response_year,wet,HLA2023_normal_grid_S0013,irrigation_positive_candidate,2023-08-06,218,99,94,"{""sim_day"": 99.0, ""doy"": 218.0, ""topwt"": 10746.512451171877, ""grnwt"": 483.83056640625, ""xlai"": 3.5979971885681152, ""totir"": 30.0, ""tofer"": NaN, ""swfac"": 0.0, ""nstres"": 0.0}",0.0,0.0,10746.512451171877,483.83056640625,3.5979971885681152,30.0,,0.0,0.0,30.0,150.0,7.126379394531249,19.12637939453125,Leave_One_experiments/all_year_offline_schedule_search/daily_outputs/HLA/HLA_2023_HLA2023_normal_grid_S0013_daily.csv
HLA,HLA,Hailun,2023,Leave_One_experiments\wth_generated_qc\HLA\HLA2023.WTH,wet_year;nitrogen_stress_year;low_response_year,wet,HLA2023_normal_grid_S0013,irrigation_positive_candidate,2023-08-07,219,100,95,"{""sim_day"": 100.0, ""doy"": 219.0, ""topwt"": 10907.789306640623, ""grnwt"": 645.1073455810547, ""xlai"": 3.584265947341919, ""totir"": 30.0, ""tofer"": NaN, ""swfac"": 0.0, ""nstres"": 0.0}",0.0,0.0,10907.789306640623,645.1073455810547,3.584265947341919,30.0,,0.0,0.0,30.0,150.0,7.126379394531249,19.12637939453125,Leave_One_experiments/all_year_offline_schedule_search/daily_outputs/HLA/HLA_2023_HLA2023_normal_grid_S0013_daily.csv
HLA,HLA,Hailun,2023,Leave_One_experiments\wth_generated_qc\HLA\HLA2023.WTH,wet_year;nitrogen_stress_year;low_response_year,wet,HLA2023_normal_grid_S0013,irrigation_positive_candidate,2023-08-08,220,101,96,"{""sim_day"": 101.0, ""doy"": 220.0, ""topwt"": 11069.066162109377, ""grnwt"": 806.3842010498047, ""xlai"": 3.5685646533966064, ""totir"": 30.0, ""tofer"": NaN, ""swfac"": 0.0, ""nstres"": 0.0}",0.0,0.0,11069.066162109377,806.3842010498047,3.5685646533966064,30.0,,0.0,0.0,30.0,150.0,7.126379394531249,19.12637939453125,Leave_One_experiments/all_year_offline_schedule_search/daily_outputs/HLA/HLA_2023_HLA2023_normal_grid_S0013_daily.csv
HLA,HLA,Hailun,2023,Leave_One_experiments\wth_generated_qc\HLA\HLA2023.WTH,wet_year;nitrogen_stress_year;low_response_year,wet,HLA2023_normal_grid_S0013,irrigation_positive_candidate,2023-08-09,221,102,97,"{""sim_day"": 102.0, ""doy"": 221.0, ""topwt"": 11230.34423828125, ""grnwt"": 967.6609802246094, ""xlai"": 3.55115270614624, ""totir"": 30.0, ""tofer"": NaN, ""swfac"": 0.0, ""nstres"": 0.0022346377372741}",0.0,0.0022346377372741,11230.34423828125,967.6609802246094,3.55115270614624,30.0,,0.0,0.0,30.0,150.0,7.126379394531249,19.12637939453125,Leave_One_experiments/all_year_offline_schedule_search/daily_outputs/HLA/HLA_2023_HLA2023_normal_grid_S0013_daily.csv
HLA,HLA,Hailun,2023,Leave_One_experiments\wth_generated_qc\HLA\HLA2023.WTH,wet_year;nitrogen_stress_year;low_response_year,wet,HLA2023_normal_grid_S0013,irrigation_positive_candidate,2023-08-10,222,103,98,"{""sim_day"": 103.0, ""doy"": 222.0, ""topwt"": 11391.62109375, ""grnwt"": 1128.9378356933594, ""xlai"": 3.527998447418213, ""totir"": 30.0, ""tofer"": NaN, ""swfac"": 0.0, ""nstres"": 0.0056338310241699}",0.0,0.0056338310241699,11391.62109375,1128.9378356933594,3.527998447418213,30.0,,0.0,0.0,30.0,150.0,7.126379394531249,19.12637939453125,Leave_One_experiments/all_year_offline_schedule_search/daily_outputs/HLA/HLA_2023_HLA2023_normal_grid_S0013_daily.csv
HLA,HLA,Hailun,2023,Leave_One_experiments\wth_generated_qc\HLA\HLA2023.WTH,wet_year;nitrogen_stress_year;low_response_year,wet,HLA2023_normal_grid_S0013,irrigation_positive_candidate,2023-08-11,223,104,99,"{""sim_day"": 104.0, ""doy"": 223.0, ""topwt"": 11552.89794921875, ""grnwt"": 1290.2146911621094, ""xlai"": 3.5047335624694824, ""totir"": 30.0, ""tofer"": NaN, ""swfac"": 0.0, ""nstres"": 0.0105536580085754}",0.0,0.0105536580085754,11552.89794921875,1290.2146911621094,3.5047335624694824,30.0,,0.0,0.0,30.0,150.0,7.126379394531249,19.12637939453125,Leave_One_experiments/all_year_offline_schedule_search/daily_outputs/HLA/HLA_2023_HLA2023_normal_grid_S0013_daily.csv
HLA,HLA,Hailun,2023,Leave_One_experiments\wth_generated_qc\HLA\HLA2023.WTH,wet_year;nitrogen_stress_year;low_response_year,wet,HLA2023_normal_grid_S0013,irrigation_positive_candidate,2023-08-12,224,105,100,"{""sim_day"": 105.0, ""doy"": 224.0, ""topwt"": 11714.1748046875, ""grnwt"": 1451.4913940429688, ""xlai"": 3.477443218231201, ""totir"": 30.0, ""tofer"": NaN, ""swfac"": 0.0, ""nstres"": 0.0150107741355896}",0.0,0.0150107741355896,11714.1748046875,1451.4913940429688,3.477443218231201,30.0,,0.0,0.0,30.0,150.0,7.126379394531249,19.12637939453125,Leave_One_experiments/all_year_offline_schedule_search/daily_outputs/HLA/HLA_2023_HLA2023_normal_grid_S0013_daily.csv
HLA,HLA,Hailun,2023,Leave_One_experiments\wth_generated_qc\HLA\HLA2023.WTH,wet_year;nitrogen_stress_year;low_response_year,wet,HLA2023_normal_grid_S0013,irrigation_positive_candidate,2023-08-13,225,106,101,"{""sim_day"": 106.0, ""doy"": 225.0, ""topwt"": 11875.45166015625, ""grnwt"": 1612.7684020996094, ""xlai"": 3.4443893432617188, ""totir"": 30.0, ""tofer"": NaN, ""swfac"": 0.0, ""nstres"": 0.019081711769104}",0.0,0.019081711769104,11875.45166015625,1612.7684020996094,3.4443893432617188,30.0,,0.0,0.0,30.0,150.0,7.126379394531249,19.12637939453125,Leave_One_experiments/all_year_offline_schedule_search/daily_outputs/HLA/HLA_2023_HLA2023_normal_grid_S0013_daily.csv
HLA,HLA,Hailun,2023,Leave_One_experiments\wth_generated_qc\HLA\HLA2023.WTH,wet_year;nitrogen_stress_year;low_response_year,wet,HLA2023_normal_grid_S0013,irrigation_positive_candidate,2023-08-14,226,107,102,"{""sim_day"": 107.0, ""doy"": 226.0, ""topwt"": 12036.728515625, ""grnwt"": 1774.0451049804688, ""xlai"": 3.403361320495605, ""totir"": 30.0, ""tofer"": NaN, ""swfac"": 0.0, ""nstres"": 0.0222180485725402}",0.0,0.0222180485725402,12036.728515625,1774.0451049804688,3.403361320495605,30.0,,0.0,0.0,30.0,150.0,7.126379394531249,19.12637939453125,Leave_One_experiments/all_year_offline_schedule_search/daily_outputs/HLA/HLA_2023_HLA2023_normal_grid_S0013_daily.csv
HLA,HLA,Hailun,2023,Leave_One_experiments\wth_generated_qc\HLA\HLA2023.WTH,wet_year;nitrogen_stress_year;low_response_year,wet,HLA2023_normal_grid_S0013,irrigation_positive_candidate,2023-08-15,227,108,103,"{""sim_day"": 108.0, ""doy"": 227.0, ""topwt"": 12198.00537109375, ""grnwt"": 1935.3219604492188, ""xlai"": 3.3580894470214844, ""totir"": 30.0, ""tofer"": NaN, ""swfac"": 0.0, ""nstres"": 0.0259826779365539}",0.0,0.0259826779365539,12198.00537109375,1935.3219604492188,3.3580894470214844,30.0,,0.0,0.0,30.0,150.0,7.126379394531249,19.12637939453125,Leave_One_experiments/all_year_offline_schedule_search/daily_outputs/HLA/HLA_2023_HLA2023_normal_grid_S0013_daily.csv
HLA,HLA,Hailun,2023,Leave_One_experiments\wth_generated_qc\HLA\HLA2023.WTH,wet_year;nitrogen_stress_year;low_response_year,wet,HLA2023_normal_grid_S0013,irrigation_positive_candidate,2023-08-16,228,109,104,"{""sim_day"": 109.0, ""doy"": 228.0, ""topwt"": 12359.2822265625, ""grnwt"": 2096.5988159179688, ""xlai"": 3.311753511428833, ""totir"": 30.0, ""tofer"": NaN, ""swfac"": 0.0, ""nstres"": 0.0311123132705688}",0.0,0.0311123132705688,12359.2822265625,2096.5988159179688,3.311753511428833,30.0,,0.0,0.0,30.0,150.0,7.126379394531249,19.12637939453125,Leave_One_experiments/all_year_offline_schedule_search/daily_outputs/HLA/HLA_2023_HLA2023_normal_grid_S0013_daily.csv
HLA,HLA,Hailun,2023,Leave_One_experiments\wth_generated_qc\HLA\HLA2023.WTH,wet_year;nitrogen_stress_year;low_response_year,wet,HLA2023_normal_grid_S0013,irrigation_positive_candidate,2023-08-17,229,110,105,"{""sim_day"": 110.0, ""doy"": 229.0, ""topwt"": 12520.55908203125, ""grnwt"": 2257.8756713867188, ""xlai"": 3.2585854530334477, ""totir"": 30.0, ""tofer"": NaN, ""swfac"": 0.0, ""nstres"": 0.0360494256019592}",0.0,0.0360494256019592,12520.55908203125,2257.8756713867188,3.2585854530334477,30.0,,0.0,0.0,30.0,150.0,7.126379394531249,19.12637939453125,Leave_One_experiments/all_year_offline_schedule_search/daily_outputs/HLA/HLA_2023_HLA2023_normal_grid_S0013_daily.csv
HLA,HLA,Hailun,2023,Leave_One_experiments\wth_generated_qc\HLA\HLA2023.WTH,wet_year;nitrogen_stress_year;low_response_year,wet,HLA2023_normal_grid_S0013,irrigation_positive_candidate,2023-08-18,230,111,106,"{""sim_day"": 111.0, ""doy"": 230.0, ""topwt"": 12681.837158203123, ""grnwt"": 2419.1525268554688, ""xlai"": 3.215243339538574, ""totir"": 30.0, ""tofer"": NaN, ""swfac"": 0.0, ""nstres"": 0.044396162033081}",0.0,0.044396162033081,12681.837158203123,2419.1525268554688,3.215243339538574,30.0,,0.0,0.0,30.0,150.0,7.126379394531249,19.12637939453125,Leave_One_experiments/all_year_offline_schedule_search/daily_outputs/HLA/HLA_2023_HLA2023_normal_grid_S0013_daily.csv
HLA,HLA,Hailun,2023,Leave_One_experiments\wth_generated_qc\HLA\HLA2023.WTH,wet_year;nitrogen_stress_year;low_response_year,wet,HLA2023_normal_grid_S0013,irrigation_positive_candidate,2023-08-19,231,112,107,"{""sim_day"": 112.0, ""doy"": 231.0, ""topwt"": 12843.114013671877, ""grnwt"": 2580.4293823242188, ""xlai"": 3.161295175552368, ""totir"": 30.0, ""tofer"": NaN, ""swfac"": 0.0, ""nstres"": 0.0515780448913574}",0.0,0.0515780448913574,12843.114013671877,2580.4293823242188,3.161295175552368,30.0,,0.0,0.0,30.0,150.0,7.126379394531249,19.12637939453125,Leave_One_experiments/all_year_offline_schedule_search/daily_outputs/HLA/HLA_2023_HLA2023_normal_grid_S0013_daily.csv
HLA,HLA,Hailun,2023,Leave_One_experiments\wth_generated_qc\HLA\HLA2023.WTH,wet_year;nitrogen_stress_year;low_response_year,wet,HLA2023_normal_grid_S0013,irrigation_positive_candidate,2023-08-20,232,113,108,"{""sim_day"": 113.0, ""doy"": 232.0, ""topwt"": 13004.39208984375, ""grnwt"": 2741.7059326171875, ""xlai"": 3.100650787353516, ""totir"": 30.0, ""tofer"": NaN, ""swfac"": 0.0, ""nstres"": 0.0586661100387573}",0.0,0.0586661100387573,13004.39208984375,2741.7059326171875,3.100650787353516,30.0,,0.0,0.0,30.0,150.0,7.126379394531249,19.12637939453125,Leave_One_experiments/all_year_offline_schedule_search/daily_outputs/HLA/HLA_2023_HLA2023_normal_grid_S0013_daily.csv
HLA,HLA,Hailun,2023,Leave_One_experiments\wth_generated_qc\HLA\HLA2023.WTH,wet_year;nitrogen_stress_year;low_response_year,wet,HLA2023_normal_grid_S0013,irrigation_positive_candidate,2023-08-21,233,114,109,"{""sim_day"": 114.0, ""doy"": 233.0, ""topwt"": 13165.667724609377, ""grnwt"": 2902.982788085937, ""xlai"": 3.043040990829468, ""totir"": 30.0, ""tofer"": NaN, ""swfac"": 0.0, ""nstres"": 0.067371129989624}",0.0,0.067371129989624,13165.667724609377,2902.982788085937,3.043040990829468,30.0,,0.0,0.0,30.0,150.0,7.126379394531249,19.12637939453125,Leave_One_experiments/all_year_offline_schedule_search/daily_outputs/HLA/HLA_2023_HLA2023_normal_grid_S0013_daily.csv
HLA,HLA,Hailun,2023,Leave_One_experiments\wth_generated_qc\HLA\HLA2023.WTH,wet_year;nitrogen_stress_year;low_response_year,wet,HLA2023_normal_grid_S0013,irrigation_positive_candidate,2023-08-22,234,115,110,"{""sim_day"": 115.0, ""doy"": 234.0, ""topwt"": 13326.943359375, ""grnwt"": 3064.2596435546875, ""xlai"": 2.985480308532715, ""totir"": 30.0, ""tofer"": NaN, ""swfac"": 0.0, ""nstres"": 0.0769368410110473}",0.0,0.0769368410110473,13326.943359375,3064.2596435546875,2.985480308532715,30.0,,0.0,0.0,30.0,150.0,7.126379394531249,19.12637939453125,Leave_One_experiments/all_year_offline_schedule_search/daily_outputs/HLA/HLA_2023_HLA2023_normal_grid_S0013_daily.csv
HLA,HLA,Hailun,2023,Leave_One_experiments\wth_generated_qc\HLA\HLA2023.WTH,wet_year;nitrogen_stress_year;low_response_year,wet,HLA2023_normal_grid_S0013,irrigation_positive_candidate,2023-08-23,235,116,111,"{""sim_day"": 116.0, ""doy"": 235.0, ""topwt"": 13488.221435546877, ""grnwt"": 3225.5368041992188, ""xlai"": 2.937856435775757, ""totir"": 30.0, ""tofer"": NaN, ""swfac"": 0.0, ""nstres"": 0.0885066986083984}",0.0,0.0885066986083984,13488.221435546877,3225.5368041992188,2.937856435775757,30.0,,0.0,0.0,30.0,150.0,7.126379394531249,19.12637939453125,Leave_One_experiments/all_year_offline_schedule_search/daily_outputs/HLA/HLA_2023_HLA2023_normal_grid_S0013_daily.csv
HLA,HLA,Hailun,2023,Leave_One_experiments\wth_generated_qc\HLA\HLA2023.WTH,wet_year;nitrogen_stress_year;low_response_year,wet,HLA2023_normal_grid_S0013,irrigation_positive_candidate,2023-08-24,236,117,112,"{""sim_day"": 117.0, ""doy"": 236.0, ""topwt"": 13649.49951171875, ""grnwt"": 3386.8136596679688, ""xlai"": 2.8849031925201416, ""totir"": 30.0, ""tofer"": NaN, ""swfac"": 0.0, ""nstres"": 0.0997613668441772}",0.0,0.0997613668441772,13649.49951171875,3386.8136596679688,2.8849031925201416,30.0,,0.0,0.0,30.0,150.0,7.126379394531249,19.12637939453125,Leave_One_experiments/all_year_offline_schedule_search/daily_outputs/HLA/HLA_2023_HLA2023_normal_grid_S0013_daily.csv
HLA,HLA,Hailun,2023,Leave_One_experiments\wth_generated_qc\HLA\HLA2023.WTH,wet_year;nitrogen_stress_year;low_response_year,wet,HLA2023_normal_grid_S0013,irrigation_positive_candidate,2023-08-25,237,118,113,"{""sim_day"": 118.0, ""doy"": 237.0, ""topwt"": 13810.7763671875, ""grnwt"": 3548.0908203125, ""xlai"": 2.826956272125244, ""totir"": 30.0, ""tofer"": NaN, ""swfac"": 0.0, ""nstres"": 0.1108896732330322}",0.0,0.1108896732330322,13810.7763671875,3548.0908203125,2.826956272125244,30.0,,0.0,0.0,30.0,150.0,7.126379394531249,19.12637939453125,Leave_One_experiments/all_year_offline_schedule_search/daily_outputs/HLA/HLA_2023_HLA2023_normal_grid_S0013_daily.csv
HLA,HLA,Hailun,2023,Leave_One_experiments\wth_generated_qc\HLA\HLA2023.WTH,wet_year;nitrogen_stress_year;low_response_year,wet,HLA2023_normal_grid_S0013,irrigation_positive_candidate,2023-08-26,238,119,114,"{""sim_day"": 119.0, ""doy"": 238.0, ""topwt"": 13972.052001953123, ""grnwt"": 3709.36767578125, ""xlai"": 2.7618608474731445, ""totir"": 30.0, ""tofer"": NaN, ""swfac"": 0.0, ""nstres"": 0.1214789152145385}",0.0,0.1214789152145385,13972.052001953123,3709.36767578125,2.7618608474731445,30.0,,0.0,0.0,30.0,150.0,7.126379394531249,19.12637939453125,Leave_One_experiments/all_year_offline_schedule_search/daily_outputs/HLA/HLA_2023_HLA2023_normal_grid_S0013_daily.csv
HLA,HLA,Hailun,2023,Leave_One_experiments\wth_generated_qc\HLA\HLA2023.WTH,wet_year;nitrogen_stress_year;low_response_year,wet,HLA2023_normal_grid_S0013,irrigation_positive_candidate,2023-08-27,239,120,115,"{""sim_day"": 120.0, ""doy"": 239.0, ""topwt"": 14133.330078125, ""grnwt"": 3870.644836425781, ""xlai"": 2.7056093215942383, ""totir"": 30.0, ""tofer"": NaN, ""swfac"": 0.0, ""nstres"": 0.1337948441505432}",0.0,0.1337948441505432,14133.330078125,3870.644836425781,2.7056093215942383,30.0,,0.0,0.0,30.0,150.0,7.126379394531249,19.12637939453125,Leave_One_experiments/all_year_offline_schedule_search/daily_outputs/HLA/HLA_2023_HLA2023_normal_grid_S0013_daily.csv
HLA,HLA,Hailun,2023,Leave_One_experiments\wth_generated_qc\HLA\HLA2023.WTH,wet_year;nitrogen_stress_year;low_response_year,wet,HLA2023_normal_grid_S0013,irrigation_positive_candidate,2023-08-28,240,121,116,"{""sim_day"": 121.0, ""doy"": 240.0, ""topwt"": 14238.568115234377, ""grnwt"": 4031.9216918945312, ""xlai"": 2.6423470973968506, ""totir"": 30.0, ""tofer"": NaN, ""swfac"": 0.0, ""nstres"": 0.1456643342971801}",0.0,0.1456643342971801,14238.568115234377,4031.9216918945312,2.6423470973968506,30.0,,0.0,0.0,30.0,150.0,7.126379394531249,19.12637939453125,Leave_One_experiments/all_year_offline_schedule_search/daily_outputs/HLA/HLA_2023_HLA2023_normal_grid_S0013_daily.csv
HLA,HLA,Hailun,2023,Leave_One_experiments\wth_generated_qc\HLA\HLA2023.WTH,wet_year;nitrogen_stress_year;low_response_year,wet,HLA2023_normal_grid_S0013,irrigation_positive_candidate,2023-08-29,241,122,117,"{""sim_day"": 122.0, ""doy"": 241.0, ""topwt"": 14358.29345703125, ""grnwt"": 4193.198852539063, ""xlai"": 2.586190223693848, ""totir"": 30.0, ""tofer"": NaN, ""swfac"": 0.0, ""nstres"": 0.1585443019866943}",0.0,0.1585443019866943,14358.29345703125,4193.198852539063,2.586190223693848,30.0,,0.0,0.0,30.0,150.0,7.126379394531249,19.12637939453125,Leave_One_experiments/all_year_offline_schedule_search/daily_outputs/HLA/HLA_2023_HLA2023_normal_grid_S0013_daily.csv
HLA,HLA,Hailun,2023,Leave_One_experiments\wth_generated_qc\HLA\HLA2023.WTH,wet_year;nitrogen_stress_year;low_response_year,wet,HLA2023_normal_grid_S0013,irrigation_positive_candidate,2023-08-30,242,123,118,"{""sim_day"": 123.0, ""doy"": 242.0, ""topwt"": 14477.4853515625, ""grnwt"": 4354.4757080078125, ""xlai"": 2.52801251411438, ""totir"": 30.0, ""tofer"": NaN, ""swfac"": 0.0, ""nstres"": 0.1668097972869873}",0.0,0.1668097972869873,14477.4853515625,4354.4757080078125,2.52801251411438,30.0,,0.0,0.0,30.0,150.0,7.126379394531249,19.12637939453125,Leave_One_experiments/all_year_offline_schedule_search/daily_outputs/HLA/HLA_2023_HLA2023_normal_grid_S0013_daily.csv
HLA,HLA,Hailun,2023,Leave_One_experiments\wth_generated_qc\HLA\HLA2023.WTH,wet_year;nitrogen_stress_year;low_response_year,wet,HLA2023_normal_grid_S0013,irrigation_positive_candidate,2023-08-31,243,124,119,"{""sim_day"": 124.0, ""doy"": 243.0, ""topwt"": 14663.99169921875, ""grnwt"": 4515.752868652344, ""xlai"": 2.4561877250671387, ""totir"": 30.0, ""tofer"": NaN, ""swfac"": 0.0, ""nstres"": 0.1757916808128357}",0.0,0.1757916808128357,14663.99169921875,4515.752868652344,2.4561877250671387,30.0,,0.0,0.0,30.0,150.0,7.126379394531249,19.12637939453125,Leave_One_experiments/all_year_offline_schedule_search/daily_outputs/HLA/HLA_2023_HLA2023_normal_grid_S0013_daily.csv
HLA,HLA,Hailun,2023,Leave_One_experiments\wth_generated_qc\HLA\HLA2023.WTH,wet_year;nitrogen_stress_year;low_response_year,wet,HLA2023_normal_grid_S0013,irrigation_positive_candidate,2023-09-01,244,125,120,"{""sim_day"": 125.0, ""doy"": 244.0, ""topwt"": 14902.099609375, ""grnwt"": 4677.029724121094, ""xlai"": 2.358893394470215, ""totir"": 30.0, ""tofer"": NaN, ""swfac"": 0.0, ""nstres"": 0.1836631298065185}",0.0,0.1836631298065185,14902.099609375,4677.029724121094,2.358893394470215,30.0,,0.0,0.0,30.0,150.0,7.126379394531249,19.12637939453125,Leave_One_experiments/all_year_offline_schedule_search/daily_outputs/HLA/HLA_2023_HLA2023_normal_grid_S0013_daily.csv
HLA,HLA,Hailun,2023,Leave_One_experiments\wth_generated_qc\HLA\HLA2023.WTH,wet_year;nitrogen_stress_year;low_response_year,wet,HLA2023_normal_grid_S0013,irrigation_positive_candidate,2023-09-02,245,126,121,"{""sim_day"": 126.0, ""doy"": 245.0, ""topwt"": 15100.9912109375, ""grnwt"": 4838.306884765625, ""xlai"": 2.251431941986084, ""totir"": 30.0, ""tofer"": NaN, ""swfac"": 0.0, ""nstres"": 0.1966555118560791}",0.0,0.1966555118560791,15100.9912109375,4838.306884765625,2.251431941986084,30.0,,0.0,0.0,30.0,150.0,7.126379394531249,19.12637939453125,Leave_One_experiments/all_year_offline_schedule_search/daily_outputs/HLA/HLA_2023_HLA2023_normal_grid_S0013_daily.csv
HLA,HLA,Hailun,2023,Leave_One_experiments\wth_generated_qc\HLA\HLA2023.WTH,wet_year;nitrogen_stress_year;low_response_year,wet,HLA2023_normal_grid_S0013,irrigation_positive_candidate,2023-09-03,246,127,122,"{""sim_day"": 127.0, ""doy"": 246.0, ""topwt"": 15235.8642578125, ""grnwt"": 4999.583740234375, ""xlai"": 2.168092727661133, ""totir"": 30.0, ""tofer"": NaN, ""swfac"": 0.0, ""nstres"": 0.2457265853881836}",0.0,0.2457265853881836,15235.8642578125,4999.583740234375,2.168092727661133,30.0,,0.0,0.0,30.0,150.0,7.126379394531249,19.12637939453125,Leave_One_experiments/all_year_offline_schedule_search/daily_outputs/HLA/HLA_2023_HLA2023_normal_grid_S0013_daily.csv
HLA,HLA,Hailun,2023,Leave_One_experiments\wth_generated_qc\HLA\HLA2023.WTH,wet_year;nitrogen_stress_year;low_response_year,wet,HLA2023_normal_grid_S0013,irrigation_positive_candidate,2023-09-04,247,128,123,"{""sim_day"": 128.0, ""doy"": 247.0, ""topwt"": 15418.93798828125, ""grnwt"": 5156.25244140625, ""xlai"": 2.104631900787353, ""totir"": 30.0, ""tofer"": NaN, ""swfac"": 0.0, ""nstres"": 0.2948800921440124}",0.0,0.2948800921440124,15418.93798828125,5156.25244140625,2.104631900787353,30.0,,0.0,0.0,30.0,150.0,7.126379394531249,19.12637939453125,Leave_One_experiments/all_year_offline_schedule_search/daily_outputs/HLA/HLA_2023_HLA2023_normal_grid_S0013_daily.csv
HLA,HLA,Hailun,2023,Leave_One_experiments\wth_generated_qc\HLA\HLA2023.WTH,wet_year;nitrogen_stress_year;low_response_year,wet,HLA2023_normal_grid_S0013,irrigation_positive_candidate,2023-09-05,248,129,124,"{""sim_day"": 129.0, ""doy"": 248.0, ""topwt"": 15580.21484375, ""grnwt"": 5317.5299072265625, ""xlai"": 2.019569396972656, ""totir"": 30.0, ""tofer"": NaN, ""swfac"": 0.0, ""nstres"": 0.3253501057624817}",0.0,0.3253501057624817,15580.21484375,5317.5299072265625,2.019569396972656,30.0,,0.0,0.0,30.0,150.0,7.126379394531249,19.12637939453125,Leave_One_experiments/all_year_offline_schedule_search/daily_outputs/HLA/HLA_2023_HLA2023_normal_grid_S0013_daily.csv
HLA,HLA,Hailun,2023,Leave_One_experiments\wth_generated_qc\HLA\HLA2023.WTH,wet_year;nitrogen_stress_year;low_response_year,wet,HLA2023_normal_grid_S0013,irrigation_positive_candidate,2023-09-06,249,130,125,"{""sim_day"": 130.0, ""doy"": 249.0, ""topwt"": 15741.49169921875, ""grnwt"": 5478.8067626953125, ""xlai"": 1.8985456228256223, ""totir"": 30.0, ""tofer"": NaN, ""swfac"": 0.0, ""nstres"": 0.3650650382041931}",0.0,0.3650650382041931,15741.49169921875,5478.8067626953125,1.8985456228256223,30.0,,0.0,0.0,30.0,150.0,7.126379394531249,19.12637939453125,Leave_One_experiments/all_year_offline_schedule_search/daily_outputs/HLA/HLA_2023_HLA2023_normal_grid_S0013_daily.csv
HLA,HLA,Hailun,2023,Leave_One_experiments\wth_generated_qc\HLA\HLA2023.WTH,wet_year;nitrogen_stress_year;low_response_year,wet,HLA2023_normal_grid_S0013,irrigation_positive_candidate,2023-09-07,250,131,126,"{""sim_day"": 131.0, ""doy"": 250.0, ""topwt"": 15902.7685546875, ""grnwt"": 5640.083618164063, ""xlai"": 1.792091727256775, ""totir"": 30.0, ""tofer"": NaN, ""swfac"": 0.0, ""nstres"": 0.4013002514839172}",0.0,0.4013002514839172,15902.7685546875,5640.083618164063,1.792091727256775,30.0,,0.0,0.0,30.0,150.0,7.126379394531249,19.12637939453125,Leave_One_experiments/all_year_offline_schedule_search/daily_outputs/HLA/HLA_2023_HLA2023_normal_grid_S0013_daily.csv
HLA,HLA,Hailun,2023,Leave_One_experiments\wth_generated_qc\HLA\HLA2023.WTH,wet_year;nitrogen_stress_year;low_response_year,wet,HLA2023_normal_grid_S0013,irrigation_positive_candidate,2023-09-08,251,132,127,"{""sim_day"": 132.0, ""doy"": 251.0, ""topwt"": 16064.04541015625, ""grnwt"": 5801.3604736328125, ""xlai"": 1.7150830030441284, ""totir"": 30.0, ""tofer"": NaN, ""swfac"": 0.0, ""nstres"": 0.4407061338424682}",0.0,0.4407061338424682,16064.04541015625,5801.3604736328125,1.7150830030441284,30.0,,0.0,0.0,30.0,150.0,7.126379394531249,19.12637939453125,Leave_One_experiments/all_year_offline_schedule_search/daily_outputs/HLA/HLA_2023_HLA2023_normal_grid_S0013_daily.csv
HLA,HLA,Hailun,2023,Leave_One_experiments\wth_generated_qc\HLA\HLA2023.WTH,wet_year;nitrogen_stress_year;low_response_year,wet,HLA2023_normal_grid_S0013,irrigation_positive_candidate,2023-09-09,252,133,128,"{""sim_day"": 133.0, ""doy"": 252.0, ""topwt"": 16225.323486328123, ""grnwt"": 5962.637939453125, ""xlai"": 1.6195193529129028, ""totir"": 30.0, ""tofer"": NaN, ""swfac"": 0.0, ""nstres"": 0.4776148200035095}",0.0,0.4776148200035095,16225.323486328123,5962.637939453125,1.6195193529129028,30.0,,0.0,0.0,30.0,150.0,7.126379394531249,19.12637939453125,Leave_One_experiments/all_year_offline_schedule_search/daily_outputs/HLA/HLA_2023_HLA2023_normal_grid_S0013_daily.csv
HLA,HLA,Hailun,2023,Leave_One_experiments\wth_generated_qc\HLA\HLA2023.WTH,wet_year;nitrogen_stress_year;low_response_year,wet,HLA2023_normal_grid_S0013,irrigation_positive_candidate,2023-09-10,253,134,129,"{""sim_day"": 134.0, ""doy"": 253.0, ""topwt"": 16225.323486328123, ""grnwt"": 5962.637939453125, ""xlai"": 1.6195193529129028, ""totir"": 30.0, ""tofer"": NaN, ""swfac"": 0.0, ""nstres"": 0.5130608677864075}",0.0,0.5130608677864075,16225.323486328123,5962.637939453125,1.6195193529129028,30.0,,0.0,0.0,30.0,150.0,7.126379394531249,19.12637939453125,Leave_One_experiments/all_year_offline_schedule_search/daily_outputs/HLA/HLA_2023_HLA2023_normal_grid_S0013_daily.csv
HLA,HLA,Hailun,2023,Leave_One_experiments\wth_generated_qc\HLA\HLA2023.WTH,wet_year;nitrogen_stress_year;low_response_year,wet,HLA2023_normal_grid_S0013,irrigation_positive_candidate,2023-09-11,254,135,130,"{""sim_day"": 135.0, ""doy"": 254.0, ""topwt"": 16225.323486328123, ""grnwt"": 5962.637939453125, ""xlai"": 1.6195193529129028, ""totir"": 30.0, ""tofer"": NaN, ""swfac"": 0.0, ""nstres"": 0.5130608677864075}",0.0,0.5130608677864075,16225.323486328123,5962.637939453125,1.6195193529129028,30.0,,0.0,0.0,30.0,150.0,7.126379394531249,19.12637939453125,Leave_One_experiments/all_year_offline_schedule_search/daily_outputs/HLA/HLA_2023_HLA2023_normal_grid_S0013_daily.csv
HLA,HLA,Hailun,2023,Leave_One_experiments\wth_generated_qc\HLA\HLA2023.WTH,wet_year;nitrogen_stress_year;low_response_year,wet,HLA2023_normal_grid_S0013,irrigation_positive_candidate,2023-09-12,255,136,131,"{""sim_day"": 136.0, ""doy"": 255.0, ""topwt"": 16225.323486328123, ""grnwt"": 5962.637939453125, ""xlai"": 1.6195193529129028, ""totir"": 30.0, ""tofer"": NaN, ""swfac"": 0.0, ""nstres"": 0.5130608677864075}",0.0,0.5130608677864075,16225.323486328123,5962.637939453125,1.6195193529129028,30.0,,0.0,0.0,30.0,150.0,7.126379394531249,19.12637939453125,Leave_One_experiments/all_year_offline_schedule_search/daily_outputs/HLA/HLA_2023_HLA2023_normal_grid_S0013_daily.csv
HLA,HLA,Hailun,2023,Leave_One_experiments\wth_generated_qc\HLA\HLA2023.WTH,wet_year;nitrogen_stress_year;low_response_year,wet,HLA2023_normal_grid_S0013,irrigation_positive_candidate,2023-09-13,256,137,132,"{""sim_day"": 137.0, ""doy"": 256.0, ""topwt"": 16225.323486328123, ""grnwt"": 5962.637939453125, ""xlai"": 1.6195193529129028, ""totir"": 30.0, ""tofer"": NaN, ""swfac"": 0.0, ""nstres"": 0.5130608677864075}",0.0,0.5130608677864075,16225.323486328123,5962.637939453125,1.6195193529129028,30.0,,0.0,0.0,30.0,150.0,7.126379394531249,19.12637939453125,Leave_One_experiments/all_year_offline_schedule_search/daily_outputs/HLA/HLA_2023_HLA2023_normal_grid_S0013_daily.csv
HLA,HLA,Hailun,2023,Leave_One_experiments\wth_generated_qc\HLA\HLA2023.WTH,wet_year;nitrogen_stress_year;low_response_year,wet,HLA2023_normal_grid_S0013,irrigation_positive_candidate,2023-09-14,257,138,133,"{""sim_day"": 138.0, ""doy"": 257.0, ""topwt"": 16225.323486328123, ""grnwt"": 5962.637939453125, ""xlai"": 1.6195193529129028, ""totir"": 30.0, ""tofer"": NaN, ""swfac"": 0.0, ""nstres"": 0.5130608677864075}",0.0,0.5130608677864075,16225.323486328123,5962.637939453125,1.6195193529129028,30.0,,0.0,0.0,30.0,150.0,7.126379394531249,19.12637939453125,Leave_One_experiments/all_year_offline_schedule_search/daily_outputs/HLA/HLA_2023_HLA2023_normal_grid_S0013_daily.csv
HLA,HLA,Hailun,2023,Leave_One_experiments\wth_generated_qc\HLA\HLA2023.WTH,wet_year;nitrogen_stress_year;low_response_year,wet,HLA2023_normal_grid_S0010,low_input_within_10pct_yield,2023-05-05,125,1,1,"{""sim_day"": 1.0, ""doy"": 125.0, ""topwt"": 0.0, ""grnwt"": 0.0, ""xlai"": 0.0, ""totir"": 0.0, ""tofer"": NaN, ""swfac"": 0.0, ""nstres"": 0.0}",0.0,0.0,0.0,0.0,0.0,0.0,,0.0,50.0,0.0,150.0,22.21156616210937,22.21156616210937,Leave_One_experiments/all_year_offline_schedule_search/daily_outputs/HLA/HLA_2023_HLA2023_normal_grid_S0010_daily.csv
HLA,HLA,Hailun,2023,Leave_One_experiments\wth_generated_qc\HLA\HLA2023.WTH,wet_year;nitrogen_stress_year;low_response_year,wet,HLA2023_normal_grid_S0010,low_input_within_10pct_yield,2023-05-06,126,2,2,"{""sim_day"": 2.0, ""doy"": 126.0, ""topwt"": 0.0, ""grnwt"": 0.0, ""xlai"": 0.0, ""totir"": 0.0, ""tofer"": NaN, ""swfac"": 0.0, ""nstres"": 0.0}",0.0,0.0,0.0,0.0,0.0,0.0,,0.0,0.0,0.0,150.0,22.21156616210937,22.21156616210937,Leave_One_experiments/all_year_offline_schedule_search/daily_outputs/HLA/HLA_2023_HLA2023_normal_grid_S0010_daily.csv
HLA,HLA,Hailun,2023,Leave_One_experiments\wth_generated_qc\HLA\HLA2023.WTH,wet_year;nitrogen_stress_year;low_response_year,wet,HLA2023_normal_grid_S0010,low_input_within_10pct_yield,2023-05-07,127,3,3,"{""sim_day"": 3.0, ""doy"": 127.0, ""topwt"": 0.0, ""grnwt"": 0.0, ""xlai"": 0.0, ""totir"": 0.0, ""tofer"": NaN, ""swfac"": 0.0, ""nstres"": 0.0}",0.0,0.0,0.0,0.0,0.0,0.0,,0.0,0.0,0.0,150.0,22.21156616210937,22.21156616210937,Leave_One_experiments/all_year_offline_schedule_search/daily_outputs/HLA/HLA_2023_HLA2023_normal_grid_S0010_daily.csv
HLA,HLA,Hailun,2023,Leave_One_experiments\wth_generated_qc\HLA\HLA2023.WTH,wet_year;nitrogen_stress_year;low_response_year,wet,HLA2023_normal_grid_S0010,low_input_within_10pct_yield,2023-05-08,128,4,4,"{""sim_day"": 4.0, ""doy"": 128.0, ""topwt"": 0.0, ""grnwt"": 0.0, ""xlai"": 0.0, ""totir"": 0.0, ""tofer"": NaN, ""swfac"": 0.0, ""nstres"": 0.0}",0.0,0.0,0.0,0.0,0.0,0.0,,0.0,0.0,0.0,150.0,22.21156616210937,22.21156616210937,Leave_One_experiments/all_year_offline_schedule_search/daily_outputs/HLA/HLA_2023_HLA2023_normal_grid_S0010_daily.csv
HLA,HLA,Hailun,2023,Leave_One_experiments\wth_generated_qc\HLA\HLA2023.WTH,wet_year;nitrogen_stress_year;low_response_year,wet,HLA2023_normal_grid_S0010,low_input_within_10pct_yield,2023-05-09,129,5,5,"{""sim_day"": 5.0, ""doy"": 129.0, ""topwt"": 0.0, ""grnwt"": 0.0, ""xlai"": 0.0, ""totir"": 0.0, ""tofer"": NaN, ""swfac"": 0.0, ""nstres"": 0.0}",0.0,0.0,0.0,0.0,0.0,0.0,,0.0,0.0,0.0,150.0,22.21156616210937,22.21156616210937,Leave_One_experiments/all_year_offline_schedule_search/daily_outputs/HLA/HLA_2023_HLA2023_normal_grid_S0010_daily.csv
HLA,HLA,Hailun,2023,Leave_One_experiments\wth_generated_qc\HLA\HLA2023.WTH,wet_year;nitrogen_stress_year;low_response_year,wet,HLA2023_normal_grid_S0010,low_input_within_10pct_yield,2023-05-05,125,6,1,"{""sim_day"": 6.0, ""doy"": 125.0, ""topwt"": 0.0, ""grnwt"": 0.0, ""xlai"": 0.0, ""totir"": 0.0, ""tofer"": NaN, ""swfac"": 0.0, ""nstres"": 0.0}",0.0,0.0,0.0,0.0,0.0,0.0,,0.0,0.0,0.0,150.0,22.21156616210937,22.21156616210937,Leave_One_experiments/all_year_offline_schedule_search/daily_outputs/HLA/HLA_2023_HLA2023_normal_grid_S0010_daily.csv
HLA,HLA,Hailun,2023,Leave_One_experiments\wth_generated_qc\HLA\HLA2023.WTH,wet_year;nitrogen_stress_year;low_response_year,wet,HLA2023_normal_grid_S0010,low_input_within_10pct_yield,2023-05-06,126,7,2,"{""sim_day"": 7.0, ""doy"": 126.0, ""topwt"": 0.0, ""grnwt"": 0.0, ""xlai"": 0.0, ""totir"": 0.0, ""tofer"": NaN, ""swfac"": 0.0, ""nstres"": 0.0}",0.0,0.0,0.0,0.0,0.0,0.0,,0.0,0.0,0.0,150.0,22.21156616210937,22.21156616210937,Leave_One_experiments/all_year_offline_schedule_search/daily_outputs/HLA/HLA_2023_HLA2023_normal_grid_S0010_daily.csv
HLA,HLA,Hailun,2023,Leave_One_experiments\wth_generated_qc\HLA\HLA2023.WTH,wet_year;nitrogen_stress_year;low_response_year,wet,HLA2023_normal_grid_S0010,low_input_within_10pct_yield,2023-05-07,127,8,3,"{""sim_day"": 8.0, ""doy"": 127.0, ""topwt"": 0.0, ""grnwt"": 0.0, ""xlai"": 0.0, ""totir"": 0.0, ""tofer"": NaN, ""swfac"": 0.0, ""nstres"": 0.0}",0.0,0.0,0.0,0.0,0.0,0.0,,0.0,0.0,0.0,150.0,22.21156616210937,22.21156616210937,Leave_One_experiments/all_year_offline_schedule_search/daily_outputs/HLA/HLA_2023_HLA2023_normal_grid_S0010_daily.csv
HLA,HLA,Hailun,2023,Leave_One_experiments\wth_generated_qc\HLA\HLA2023.WTH,wet_year;nitrogen_stress_year;low_response_year,wet,HLA2023_normal_grid_S0010,low_input_within_10pct_yield,2023-05-08,128,9,4,"{""sim_day"": 9.0, ""doy"": 128.0, ""topwt"": 0.0, ""grnwt"": 0.0, ""xlai"": 0.0, ""totir"": 0.0, ""tofer"": NaN, ""swfac"": 0.0, ""nstres"": 0.0}",0.0,0.0,0.0,0.0,0.0,0.0,,0.0,0.0,0.0,150.0,22.21156616210937,22.21156616210937,Leave_One_experiments/all_year_offline_schedule_search/daily_outputs/HLA/HLA_2023_HLA2023_normal_grid_S0010_daily.csv
HLA,HLA,Hailun,2023,Leave_One_experiments\wth_generated_qc\HLA\HLA2023.WTH,wet_year;nitrogen_stress_year;low_response_year,wet,HLA2023_normal_grid_S0010,low_input_within_10pct_yield,2023-05-09,129,10,5,"{""sim_day"": 10.0, ""doy"": 129.0, ""topwt"": 0.0, ""grnwt"": 0.0, ""xlai"": 0.0, ""totir"": 0.0, ""tofer"": NaN, ""swfac"": 0.0, ""nstres"": 0.0}",0.0,0.0,0.0,0.0,0.0,0.0,,0.0,0.0,0.0,150.0,22.21156616210937,22.21156616210937,Leave_One_experiments/all_year_offline_schedule_search/daily_outputs/HLA/HLA_2023_HLA2023_normal_grid_S0010_daily.csv
HLA,HLA,Hailun,2023,Leave_One_experiments\wth_generated_qc\HLA\HLA2023.WTH,wet_year;nitrogen_stress_year;low_response_year,wet,HLA2023_normal_grid_S0010,low_input_within_10pct_yield,2023-05-10,130,11,6,"{""sim_day"": 11.0, ""doy"": 130.0, ""topwt"": 0.0, ""grnwt"": 0.0, ""xlai"": 0.0, ""totir"": 0.0, ""tofer"": NaN, ""swfac"": 0.0, ""nstres"": 0.0}",0.0,0.0,0.0,0.0,0.0,0.0,,0.0,0.0,0.0,150.0,22.21156616210937,22.21156616210937,Leave_One_experiments/all_year_offline_schedule_search/daily_outputs/HLA/HLA_2023_HLA2023_normal_grid_S0010_daily.csv
HLA,HLA,Hailun,2023,Leave_One_experiments\wth_generated_qc\HLA\HLA2023.WTH,wet_year;nitrogen_stress_year;low_response_year,wet,HLA2023_normal_grid_S0010,low_input_within_10pct_yield,2023-05-11,131,12,7,"{""sim_day"": 12.0, ""doy"": 131.0, ""topwt"": 0.0, ""grnwt"": 0.0, ""xlai"": 0.0, ""totir"": 0.0, ""tofer"": NaN, ""swfac"": 0.0, ""nstres"": 0.0}",0.0,0.0,0.0,0.0,0.0,0.0,,0.0,0.0,0.0,150.0,22.21156616210937,22.21156616210937,Leave_One_experiments/all_year_offline_schedule_search/daily_outputs/HLA/HLA_2023_HLA2023_normal_grid_S0010_daily.csv
HLA,HLA,Hailun,2023,Leave_One_experiments\wth_generated_qc\HLA\HLA2023.WTH,wet_year;nitrogen_stress_year;low_response_year,wet,HLA2023_normal_grid_S0010,low_input_within_10pct_yield,2023-05-12,132,13,8,"{""sim_day"": 13.0, ""doy"": 132.0, ""topwt"": 0.0, ""grnwt"": 0.0, ""xlai"": 0.0, ""totir"": 0.0, ""tofer"": NaN, ""swfac"": 0.0, ""nstres"": 0.0}",0.0,0.0,0.0,0.0,0.0,0.0,,0.0,0.0,0.0,150.0,22.21156616210937,22.21156616210937,Leave_One_experiments/all_year_offline_schedule_search/daily_outputs/HLA/HLA_2023_HLA2023_normal_grid_S0010_daily.csv
HLA,HLA,Hailun,2023,Leave_One_experiments\wth_generated_qc\HLA\HLA2023.WTH,wet_year;nitrogen_stress_year;low_response_year,wet,HLA2023_normal_grid_S0010,low_input_within_10pct_yield,2023-05-13,133,14,9,"{""sim_day"": 14.0, ""doy"": 133.0, ""topwt"": 0.0, ""grnwt"": 0.0, ""xlai"": 0.0, ""totir"": 0.0, ""tofer"": NaN, ""swfac"": 0.0, ""nstres"": 0.0}",0.0,0.0,0.0,0.0,0.0,0.0,,0.0,0.0,0.0,150.0,22.21156616210937,22.21156616210937,Leave_One_experiments/all_year_offline_schedule_search/daily_outputs/HLA/HLA_2023_HLA2023_normal_grid_S0010_daily.csv
HLA,HLA,Hailun,2023,Leave_One_experiments\wth_generated_qc\HLA\HLA2023.WTH,wet_year;nitrogen_stress_year;low_response_year,wet,HLA2023_normal_grid_S0010,low_input_within_10pct_yield,2023-05-14,134,15,10,"{""sim_day"": 15.0, ""doy"": 134.0, ""topwt"": 0.0, ""grnwt"": 0.0, ""xlai"": 0.0, ""totir"": 0.0, ""tofer"": NaN, ""swfac"": 0.0, ""nstres"": 0.0}",0.0,0.0,0.0,0.0,0.0,0.0,,0.0,0.0,0.0,150.0,22.21156616210937,22.21156616210937,Leave_One_experiments/all_year_offline_schedule_search/daily_outputs/HLA/HLA_2023_HLA2023_normal_grid_S0010_daily.csv
HLA,HLA,Hailun,2023,Leave_One_experiments\wth_generated_qc\HLA\HLA2023.WTH,wet_year;nitrogen_stress_year;low_response_year,wet,HLA2023_normal_grid_S0010,low_input_within_10pct_yield,2023-05-15,135,16,11,"{""sim_day"": 16.0, ""doy"": 135.0, ""topwt"": 0.0, ""grnwt"": 0.0, ""xlai"": 0.0, ""totir"": 0.0, ""tofer"": NaN, ""swfac"": 0.0, ""nstres"": 0.0}",0.0,0.0,0.0,0.0,0.0,0.0,,0.0,0.0,0.0,150.0,22.21156616210937,22.21156616210937,Leave_One_experiments/all_year_offline_schedule_search/daily_outputs/HLA/HLA_2023_HLA2023_normal_grid_S0010_daily.csv
HLA,HLA,Hailun,2023,Leave_One_experiments\wth_generated_qc\HLA\HLA2023.WTH,wet_year;nitrogen_stress_year;low_response_year,wet,HLA2023_normal_grid_S0010,low_input_within_10pct_yield,2023-05-16,136,17,12,"{""sim_day"": 17.0, ""doy"": 136.0, ""topwt"": 0.0, ""grnwt"": 0.0, ""xlai"": 0.0, ""totir"": 0.0, ""tofer"": NaN, ""swfac"": 0.0, ""nstres"": 0.0}",0.0,0.0,0.0,0.0,0.0,0.0,,0.0,0.0,0.0,150.0,22.21156616210937,22.21156616210937,Leave_One_experiments/all_year_offline_schedule_search/daily_outputs/HLA/HLA_2023_HLA2023_normal_grid_S0010_daily.csv
HLA,HLA,Hailun,2023,Leave_One_experiments\wth_generated_qc\HLA\HLA2023.WTH,wet_year;nitrogen_stress_year;low_response_year,wet,HLA2023_normal_grid_S0010,low_input_within_10pct_yield,2023-05-17,137,18,13,"{""sim_day"": 18.0, ""doy"": 137.0, ""topwt"": 20.0, ""grnwt"": 0.0, ""xlai"": 0.0019508658442646, ""totir"": 0.0, ""tofer"": NaN, ""swfac"": 0.0, ""nstres"": 0.0121910572052001}",0.0,0.0121910572052001,20.0,0.0,0.0019508658442646,0.0,,0.0,0.0,0.0,150.0,22.21156616210937,22.21156616210937,Leave_One_experiments/all_year_offline_schedule_search/daily_outputs/HLA/HLA_2023_HLA2023_normal_grid_S0010_daily.csv
HLA,HLA,Hailun,2023,Leave_One_experiments\wth_generated_qc\HLA\HLA2023.WTH,wet_year;nitrogen_stress_year;low_response_year,wet,HLA2023_normal_grid_S0010,low_input_within_10pct_yield,2023-05-18,138,19,14,"{""sim_day"": 19.0, ""doy"": 138.0, ""topwt"": 20.0, ""grnwt"": 0.0, ""xlai"": 0.0033279296476393, ""totir"": 0.0, ""tofer"": NaN, ""swfac"": 0.0, ""nstres"": 0.0142937898635864}",0.0,0.0142937898635864,20.0,0.0,0.0033279296476393,0.0,,0.0,0.0,0.0,150.0,22.21156616210937,22.21156616210937,Leave_One_experiments/all_year_offline_schedule_search/daily_outputs/HLA/HLA_2023_HLA2023_normal_grid_S0010_daily.csv
HLA,HLA,Hailun,2023,Leave_One_experiments\wth_generated_qc\HLA\HLA2023.WTH,wet_year;nitrogen_stress_year;low_response_year,wet,HLA2023_normal_grid_S0010,low_input_within_10pct_yield,2023-05-19,139,20,15,"{""sim_day"": 20.0, ""doy"": 139.0, ""topwt"": 20.0, ""grnwt"": 0.0, ""xlai"": 0.0044415351003408, ""totir"": 0.0, ""tofer"": NaN, ""swfac"": 0.0, ""nstres"": 0.0118013620376586}",0.0,0.0118013620376586,20.0,0.0,0.0044415351003408,0.0,,0.0,0.0,0.0,150.0,22.21156616210937,22.21156616210937,Leave_One_experiments/all_year_offline_schedule_search/daily_outputs/HLA/HLA_2023_HLA2023_normal_grid_S0010_daily.csv
HLA,HLA,Hailun,2023,Leave_One_experiments\wth_generated_qc\HLA\HLA2023.WTH,wet_year;nitrogen_stress_year;low_response_year,wet,HLA2023_normal_grid_S0010,low_input_within_10pct_yield,2023-05-20,140,21,16,"{""sim_day"": 21.0, ""doy"": 140.0, ""topwt"": 20.0, ""grnwt"": 0.0, ""xlai"": 0.0056867459788918, ""totir"": 0.0, ""tofer"": NaN, ""swfac"": 0.0, ""nstres"": 0.0091943144798278}",0.0,0.0091943144798278,20.0,0.0,0.0056867459788918,0.0,,0.0,0.0,0.0,150.0,22.21156616210937,22.21156616210937,Leave_One_experiments/all_year_offline_schedule_search/daily_outputs/HLA/HLA_2023_HLA2023_normal_grid_S0010_daily.csv
HLA,HLA,Hailun,2023,Leave_One_experiments\wth_generated_qc\HLA\HLA2023.WTH,wet_year;nitrogen_stress_year;low_response_year,wet,HLA2023_normal_grid_S0010,low_input_within_10pct_yield,2023-05-21,141,22,17,"{""sim_day"": 22.0, ""doy"": 141.0, ""topwt"": 20.0, ""grnwt"": 0.0, ""xlai"": 0.0073851025663316, ""totir"": 0.0, ""tofer"": NaN, ""swfac"": 0.0, ""nstres"": 0.0058680176734924}",0.0,0.0058680176734924,20.0,0.0,0.0073851025663316,0.0,,0.0,0.0,0.0,150.0,22.21156616210937,22.21156616210937,Leave_One_experiments/all_year_offline_schedule_search/daily_outputs/HLA/HLA_2023_HLA2023_normal_grid_S0010_daily.csv
HLA,HLA,Hailun,2023,Leave_One_experiments\wth_generated_qc\HLA\HLA2023.WTH,wet_year;nitrogen_stress_year;low_response_year,wet,HLA2023_normal_grid_S0010,low_input_within_10pct_yield,2023-05-22,142,23,18,"{""sim_day"": 23.0, ""doy"": 142.0, ""topwt"": 20.0, ""grnwt"": 0.0, ""xlai"": 0.010367720387876, ""totir"": 0.0, ""tofer"": NaN, ""swfac"": 0.0, ""nstres"": 0.0006886720657348}",0.0,0.0006886720657348,20.0,0.0,0.010367720387876,0.0,,0.0,0.0,0.0,150.0,22.21156616210937,22.21156616210937,Leave_One_experiments/all_year_offline_schedule_search/daily_outputs/HLA/HLA_2023_HLA2023_normal_grid_S0010_daily.csv
HLA,HLA,Hailun,2023,Leave_One_experiments\wth_generated_qc\HLA\HLA2023.WTH,wet_year;nitrogen_stress_year;low_response_year,wet,HLA2023_normal_grid_S0010,low_input_within_10pct_yield,2023-05-23,143,24,19,"{""sim_day"": 24.0, ""doy"": 143.0, ""topwt"": 20.0, ""grnwt"": 0.0, ""xlai"": 0.0144340051338076, ""totir"": 0.0, ""tofer"": NaN, ""swfac"": 0.0, ""nstres"": 0.0}",0.0,0.0,20.0,0.0,0.0144340051338076,0.0,,0.0,0.0,0.0,150.0,22.21156616210937,22.21156616210937,Leave_One_experiments/all_year_offline_schedule_search/daily_outputs/HLA/HLA_2023_HLA2023_normal_grid_S0010_daily.csv
HLA,HLA,Hailun,2023,Leave_One_experiments\wth_generated_qc\HLA\HLA2023.WTH,wet_year;nitrogen_stress_year;low_response_year,wet,HLA2023_normal_grid_S0010,low_input_within_10pct_yield,2023-05-24,144,25,20,"{""sim_day"": 25.0, ""doy"": 144.0, ""topwt"": 20.0, ""grnwt"": 0.0, ""xlai"": 0.0243988335132598, ""totir"": 0.0, ""tofer"": NaN, ""swfac"": 0.0, ""nstres"": 0.0}",0.0,0.0,20.0,0.0,0.0243988335132598,0.0,,0.0,0.0,0.0,150.0,22.21156616210937,22.21156616210937,Leave_One_experiments/all_year_offline_schedule_search/daily_outputs/HLA/HLA_2023_HLA2023_normal_grid_S0010_daily.csv
HLA,HLA,Hailun,2023,Leave_One_experiments\wth_generated_qc\HLA\HLA2023.WTH,wet_year;nitrogen_stress_year;low_response_year,wet,HLA2023_normal_grid_S0010,low_input_within_10pct_yield,2023-05-25,145,26,21,"{""sim_day"": 26.0, ""doy"": 145.0, ""topwt"": 20.0, ""grnwt"": 0.0, ""xlai"": 0.0334518887102603, ""totir"": 0.0, ""tofer"": NaN, ""swfac"": 0.0, ""nstres"": 0.0}",0.0,0.0,20.0,0.0,0.0334518887102603,0.0,,0.0,0.0,0.0,150.0,22.21156616210937,22.21156616210937,Leave_One_experiments/all_year_offline_schedule_search/daily_outputs/HLA/HLA_2023_HLA2023_normal_grid_S0010_daily.csv
HLA,HLA,Hailun,2023,Leave_One_experiments\wth_generated_qc\HLA\HLA2023.WTH,wet_year;nitrogen_stress_year;low_response_year,wet,HLA2023_normal_grid_S0010,low_input_within_10pct_yield,2023-05-26,146,27,22,"{""sim_day"": 27.0, ""doy"": 146.0, ""topwt"": 23.574581146240234, ""grnwt"": 0.0, ""xlai"": 0.0437826514244079, ""totir"": 0.0, ""tofer"": NaN, ""swfac"": 0.0, ""nstres"": 0.0}",0.0,0.0,23.574581146240234,0.0,0.0437826514244079,0.0,,0.0,0.0,0.0,150.0,22.21156616210937,22.21156616210937,Leave_One_experiments/all_year_offline_schedule_search/daily_outputs/HLA/HLA_2023_HLA2023_normal_grid_S0010_daily.csv
HLA,HLA,Hailun,2023,Leave_One_experiments\wth_generated_qc\HLA\HLA2023.WTH,wet_year;nitrogen_stress_year;low_response_year,wet,HLA2023_normal_grid_S0010,low_input_within_10pct_yield,2023-05-27,147,28,23,"{""sim_day"": 28.0, ""doy"": 147.0, ""topwt"": 26.040313243865967, ""grnwt"": 0.0, ""xlai"": 0.0500113554298877, ""totir"": 0.0, ""tofer"": NaN, ""swfac"": 0.0, ""nstres"": 0.0}",0.0,0.0,26.040313243865967,0.0,0.0500113554298877,0.0,,0.0,0.0,0.0,150.0,22.21156616210937,22.21156616210937,Leave_One_experiments/all_year_offline_schedule_search/daily_outputs/HLA/HLA_2023_HLA2023_normal_grid_S0010_daily.csv
HLA,HLA,Hailun,2023,Leave_One_experiments\wth_generated_qc\HLA\HLA2023.WTH,wet_year;nitrogen_stress_year;low_response_year,wet,HLA2023_normal_grid_S0010,low_input_within_10pct_yield,2023-05-28,148,29,24,"{""sim_day"": 29.0, ""doy"": 148.0, ""topwt"": 28.84204626083374, ""grnwt"": 0.0, ""xlai"": 0.0568267926573753, ""totir"": 0.0, ""tofer"": NaN, ""swfac"": 0.0, ""nstres"": 0.0}",0.0,0.0,28.84204626083374,0.0,0.0568267926573753,0.0,,0.0,0.0,0.0,150.0,22.21156616210937,22.21156616210937,Leave_One_experiments/all_year_offline_schedule_search/daily_outputs/HLA/HLA_2023_HLA2023_normal_grid_S0010_daily.csv
HLA,HLA,Hailun,2023,Leave_One_experiments\wth_generated_qc\HLA\HLA2023.WTH,wet_year;nitrogen_stress_year;low_response_year,wet,HLA2023_normal_grid_S0010,low_input_within_10pct_yield,2023-05-29,149,30,25,"{""sim_day"": 30.0, ""doy"": 149.0, ""topwt"": 33.84886741638184, ""grnwt"": 0.0, ""xlai"": 0.0685917735099792, ""totir"": 0.0, ""tofer"": NaN, ""swfac"": 0.0, ""nstres"": 0.0}",0.0,0.0,33.84886741638184,0.0,0.0685917735099792,0.0,,0.0,0.0,0.0,150.0,22.21156616210937,22.21156616210937,Leave_One_experiments/all_year_offline_schedule_search/daily_outputs/HLA/HLA_2023_HLA2023_normal_grid_S0010_daily.csv
HLA,HLA,Hailun,2023,Leave_One_experiments\wth_generated_qc\HLA\HLA2023.WTH,wet_year;nitrogen_stress_year;low_response_year,wet,HLA2023_normal_grid_S0010,low_input_within_10pct_yield,2023-05-30,150,31,26,"{""sim_day"": 31.0, ""doy"": 150.0, ""topwt"": 41.08908653259277, ""grnwt"": 0.0, ""xlai"": 0.0847073271870613, ""totir"": 0.0, ""tofer"": NaN, ""swfac"": 0.0, ""nstres"": 0.0}",0.0,0.0,41.08908653259277,0.0,0.0847073271870613,0.0,,0.0,0.0,0.0,150.0,22.21156616210937,22.21156616210937,Leave_One_experiments/all_year_offline_schedule_search/daily_outputs/HLA/HLA_2023_HLA2023_normal_grid_S0010_daily.csv
HLA,HLA,Hailun,2023,Leave_One_experiments\wth_generated_qc\HLA\HLA2023.WTH,wet_year;nitrogen_stress_year;low_response_year,wet,HLA2023_normal_grid_S0010,low_input_within_10pct_yield,2023-05-31,151,32,27,"{""sim_day"": 32.0, ""doy"": 151.0, ""topwt"": 47.71078586578369, ""grnwt"": 0.0, ""xlai"": 0.0987704470753669, ""totir"": 0.0, ""tofer"": NaN, ""swfac"": 0.0, ""nstres"": 0.0}",0.0,0.0,47.71078586578369,0.0,0.0987704470753669,0.0,,0.0,0.0,0.0,150.0,22.21156616210937,22.21156616210937,Leave_One_experiments/all_year_offline_schedule_search/daily_outputs/HLA/HLA_2023_HLA2023_normal_grid_S0010_daily.csv
HLA,HLA,Hailun,2023,Leave_One_experiments\wth_generated_qc\HLA\HLA2023.WTH,wet_year;nitrogen_stress_year;low_response_year,wet,HLA2023_normal_grid_S0010,low_input_within_10pct_yield,2023-06-01,152,33,28,"{""sim_day"": 33.0, ""doy"": 152.0, ""topwt"": 54.159111976623535, ""grnwt"": 0.0, ""xlai"": 0.1119780018925666, ""totir"": 0.0, ""tofer"": NaN, ""swfac"": 0.0, ""nstres"": 0.0}",0.0,0.0,54.159111976623535,0.0,0.1119780018925666,0.0,,0.0,0.0,0.0,150.0,22.21156616210937,22.21156616210937,Leave_One_experiments/all_year_offline_schedule_search/daily_outputs/HLA/HLA_2023_HLA2023_normal_grid_S0010_daily.csv
HLA,HLA,Hailun,2023,Leave_One_experiments\wth_generated_qc\HLA\HLA2023.WTH,wet_year;nitrogen_stress_year;low_response_year,wet,HLA2023_normal_grid_S0010,low_input_within_10pct_yield,2023-06-02,153,34,29,"{""sim_day"": 34.0, ""doy"": 153.0, ""topwt"": 61.131935119628906, ""grnwt"": 0.0, ""xlai"": 0.1258163005113601, ""totir"": 0.0, ""tofer"": NaN, ""swfac"": 0.0, ""nstres"": 0.0}",0.0,0.0,61.131935119628906,0.0,0.1258163005113601,0.0,,0.0,0.0,0.0,150.0,22.21156616210937,22.21156616210937,Leave_One_experiments/all_year_offline_schedule_search/daily_outputs/HLA/HLA_2023_HLA2023_normal_grid_S0010_daily.csv
HLA,HLA,Hailun,2023,Leave_One_experiments\wth_generated_qc\HLA\HLA2023.WTH,wet_year;nitrogen_stress_year;low_response_year,wet,HLA2023_normal_grid_S0010,low_input_within_10pct_yield,2023-06-03,154,35,30,"{""sim_day"": 35.0, ""doy"": 154.0, ""topwt"": 71.93167209625244, ""grnwt"": 0.0, ""xlai"": 0.1465051174163818, ""totir"": 0.0, ""tofer"": NaN, ""swfac"": 0.0, ""nstres"": 0.0}",0.0,0.0,71.93167209625244,0.0,0.1465051174163818,0.0,,0.0,50.0,0.0,150.0,22.21156616210937,22.21156616210937,Leave_One_experiments/all_year_offline_schedule_search/daily_outputs/HLA/HLA_2023_HLA2023_normal_grid_S0010_daily.csv
HLA,HLA,Hailun,2023,Leave_One_experiments\wth_generated_qc\HLA\HLA2023.WTH,wet_year;nitrogen_stress_year;low_response_year,wet,HLA2023_normal_grid_S0010,low_input_within_10pct_yield,2023-06-04,155,36,31,"{""sim_day"": 36.0, ""doy"": 155.0, ""topwt"": 86.42505645751953, ""grnwt"": 0.0, ""xlai"": 0.1731286644935608, ""totir"": 0.0, ""tofer"": NaN, ""swfac"": 0.0, ""nstres"": 0.0}",0.0,0.0,86.42505645751953,0.0,0.1731286644935608,0.0,,0.0,0.0,0.0,150.0,22.21156616210937,22.21156616210937,Leave_One_experiments/all_year_offline_schedule_search/daily_outputs/HLA/HLA_2023_HLA2023_normal_grid_S0010_daily.csv
HLA,HLA,Hailun,2023,Leave_One_experiments\wth_generated_qc\HLA\HLA2023.WTH,wet_year;nitrogen_stress_year;low_response_year,wet,HLA2023_normal_grid_S0010,low_input_within_10pct_yield,2023-06-05,156,37,32,"{""sim_day"": 37.0, ""doy"": 156.0, ""topwt"": 99.62896347045898, ""grnwt"": 0.0, ""xlai"": 0.1964698284864425, ""totir"": 0.0, ""tofer"": NaN, ""swfac"": 0.0, ""nstres"": 0.0}",0.0,0.0,99.62896347045898,0.0,0.1964698284864425,0.0,,0.0,0.0,0.0,150.0,22.21156616210937,22.21156616210937,Leave_One_experiments/all_year_offline_schedule_search/daily_outputs/HLA/HLA_2023_HLA2023_normal_grid_S0010_daily.csv
HLA,HLA,Hailun,2023,Leave_One_experiments\wth_generated_qc\HLA\HLA2023.WTH,wet_year;nitrogen_stress_year;low_response_year,wet,HLA2023_normal_grid_S0010,low_input_within_10pct_yield,2023-06-06,157,38,33,"{""sim_day"": 38.0, ""doy"": 157.0, ""topwt"": 114.93865966796876, ""grnwt"": 0.0, ""xlai"": 0.2226495593786239, ""totir"": 0.0, ""tofer"": NaN, ""swfac"": 0.0, ""nstres"": 0.0}",0.0,0.0,114.93865966796876,0.0,0.2226495593786239,0.0,,0.0,0.0,0.0,150.0,22.21156616210937,22.21156616210937,Leave_One_experiments/all_year_offline_schedule_search/daily_outputs/HLA/HLA_2023_HLA2023_normal_grid_S0010_daily.csv
HLA,HLA,Hailun,2023,Leave_One_experiments\wth_generated_qc\HLA\HLA2023.WTH,wet_year;nitrogen_stress_year;low_response_year,wet,HLA2023_normal_grid_S0010,low_input_within_10pct_yield,2023-06-07,158,39,34,"{""sim_day"": 39.0, ""doy"": 158.0, ""topwt"": 129.46043014526367, ""grnwt"": 0.0, ""xlai"": 0.2467458397150039, ""totir"": 0.0, ""tofer"": NaN, ""swfac"": 0.0, ""nstres"": 0.0}",0.0,0.0,129.46043014526367,0.0,0.2467458397150039,0.0,,0.0,0.0,0.0,150.0,22.21156616210937,22.21156616210937,Leave_One_experiments/all_year_offline_schedule_search/daily_outputs/HLA/HLA_2023_HLA2023_normal_grid_S0010_daily.csv
HLA,HLA,Hailun,2023,Leave_One_experiments\wth_generated_qc\HLA\HLA2023.WTH,wet_year;nitrogen_stress_year;low_response_year,wet,HLA2023_normal_grid_S0010,low_input_within_10pct_yield,2023-06-08,159,40,35,"{""sim_day"": 40.0, ""doy"": 159.0, ""topwt"": 134.08958435058594, ""grnwt"": 0.0, ""xlai"": 0.2715969383716583, ""totir"": 0.0, ""tofer"": NaN, ""swfac"": 0.0, ""nstres"": 0.0}",0.0,0.0,134.08958435058594,0.0,0.2715969383716583,0.0,,0.0,0.0,0.0,150.0,22.21156616210937,22.21156616210937,Leave_One_experiments/all_year_offline_schedule_search/daily_outputs/HLA/HLA_2023_HLA2023_normal_grid_S0010_daily.csv
HLA,HLA,Hailun,2023,Leave_One_experiments\wth_generated_qc\HLA\HLA2023.WTH,wet_year;nitrogen_stress_year;low_response_year,wet,HLA2023_normal_grid_S0010,low_input_within_10pct_yield,2023-06-09,160,41,36,"{""sim_day"": 41.0, ""doy"": 160.0, ""topwt"": 156.85035705566406, ""grnwt"": 0.0, ""xlai"": 0.3104071021080017, ""totir"": 0.0, ""tofer"": NaN, ""swfac"": 0.0, ""nstres"": 0.0013279318809509}",0.0,0.0013279318809509,156.85035705566406,0.0,0.3104071021080017,0.0,,0.0,0.0,0.0,150.0,22.21156616210937,22.21156616210937,Leave_One_experiments/all_year_offline_schedule_search/daily_outputs/HLA/HLA_2023_HLA2023_normal_grid_S0010_daily.csv
HLA,HLA,Hailun,2023,Leave_One_experiments\wth_generated_qc\HLA\HLA2023.WTH,wet_year;nitrogen_stress_year;low_response_year,wet,HLA2023_normal_grid_S0010,low_input_within_10pct_yield,2023-06-10,161,42,37,"{""sim_day"": 42.0, ""doy"": 161.0, ""topwt"": 183.77840042114255, ""grnwt"": 0.0, ""xlai"": 0.3547253906726837, ""totir"": 0.0, ""tofer"": NaN, ""swfac"": 0.0, ""nstres"": 0.0}",0.0,0.0,183.77840042114255,0.0,0.3547253906726837,0.0,,0.0,0.0,0.0,150.0,22.21156616210937,22.21156616210937,Leave_One_experiments/all_year_offline_schedule_search/daily_outputs/HLA/HLA_2023_HLA2023_normal_grid_S0010_daily.csv
HLA,HLA,Hailun,2023,Leave_One_experiments\wth_generated_qc\HLA\HLA2023.WTH,wet_year;nitrogen_stress_year;low_response_year,wet,HLA2023_normal_grid_S0010,low_input_within_10pct_yield,2023-06-11,162,43,38,"{""sim_day"": 43.0, ""doy"": 162.0, ""topwt"": 215.0846290588379, ""grnwt"": 0.0, ""xlai"": 0.4044656753540039, ""totir"": 0.0, ""tofer"": NaN, ""swfac"": 0.0, ""nstres"": 0.0}",0.0,0.0,215.0846290588379,0.0,0.4044656753540039,0.0,,0.0,0.0,0.0,150.0,22.21156616210937,22.21156616210937,Leave_One_experiments/all_year_offline_schedule_search/daily_outputs/HLA/HLA_2023_HLA2023_normal_grid_S0010_daily.csv
HLA,HLA,Hailun,2023,Leave_One_experiments\wth_generated_qc\HLA\HLA2023.WTH,wet_year;nitrogen_stress_year;low_response_year,wet,HLA2023_normal_grid_S0010,low_input_within_10pct_yield,2023-06-12,163,44,39,"{""sim_day"": 44.0, ""doy"": 163.0, ""topwt"": 259.6666717529297, ""grnwt"": 0.0, ""xlai"": 0.472625732421875, ""totir"": 0.0, ""tofer"": NaN, ""swfac"": 0.0, ""nstres"": 0.0}",0.0,0.0,259.6666717529297,0.0,0.472625732421875,0.0,,0.0,0.0,0.0,150.0,22.21156616210937,22.21156616210937,Leave_One_experiments/all_year_offline_schedule_search/daily_outputs/HLA/HLA_2023_HLA2023_normal_grid_S0010_daily.csv
HLA,HLA,Hailun,2023,Leave_One_experiments\wth_generated_qc\HLA\HLA2023.WTH,wet_year;nitrogen_stress_year;low_response_year,wet,HLA2023_normal_grid_S0010,low_input_within_10pct_yield,2023-06-13,164,45,40,"{""sim_day"": 45.0, ""doy"": 164.0, ""topwt"": 309.44053649902344, ""grnwt"": 0.0, ""xlai"": 0.54572993516922, ""totir"": 0.0, ""tofer"": NaN, ""swfac"": 0.0, ""nstres"": 0.0}",0.0,0.0,309.44053649902344,0.0,0.54572993516922,0.0,,0.0,0.0,0.0,150.0,22.21156616210937,22.21156616210937,Leave_One_experiments/all_year_offline_schedule_search/daily_outputs/HLA/HLA_2023_HLA2023_normal_grid_S0010_daily.csv
HLA,HLA,Hailun,2023,Leave_One_experiments\wth_generated_qc\HLA\HLA2023.WTH,wet_year;nitrogen_stress_year;low_response_year,wet,HLA2023_normal_grid_S0010,low_input_within_10pct_yield,2023-06-14,165,46,41,"{""sim_day"": 46.0, ""doy"": 165.0, ""topwt"": 348.7796401977539, ""grnwt"": 0.0, ""xlai"": 0.6016679406166077, ""totir"": 0.0, ""tofer"": NaN, ""swfac"": 0.0, ""nstres"": 0.0}",0.0,0.0,348.7796401977539,0.0,0.6016679406166077,0.0,,0.0,0.0,0.0,150.0,22.21156616210937,22.21156616210937,Leave_One_experiments/all_year_offline_schedule_search/daily_outputs/HLA/HLA_2023_HLA2023_normal_grid_S0010_daily.csv
HLA,HLA,Hailun,2023,Leave_One_experiments\wth_generated_qc\HLA\HLA2023.WTH,wet_year;nitrogen_stress_year;low_response_year,wet,HLA2023_normal_grid_S0010,low_input_within_10pct_yield,2023-06-15,166,47,42,"{""sim_day"": 47.0, ""doy"": 166.0, ""topwt"": 403.6806106567383, ""grnwt"": 0.0, ""xlai"": 0.675490140914917, ""totir"": 0.0, ""tofer"": NaN, ""swfac"": 0.0, ""nstres"": 0.0}",0.0,0.0,403.6806106567383,0.0,0.675490140914917,0.0,,0.0,0.0,0.0,150.0,22.21156616210937,22.21156616210937,Leave_One_experiments/all_year_offline_schedule_search/daily_outputs/HLA/HLA_2023_HLA2023_normal_grid_S0010_daily.csv
HLA,HLA,Hailun,2023,Leave_One_experiments\wth_generated_qc\HLA\HLA2023.WTH,wet_year;nitrogen_stress_year;low_response_year,wet,HLA2023_normal_grid_S0010,low_input_within_10pct_yield,2023-06-16,167,48,43,"{""sim_day"": 48.0, ""doy"": 167.0, ""topwt"": 466.09596252441406, ""grnwt"": 0.0, ""xlai"": 0.7614699006080627, ""totir"": 0.0, ""tofer"": NaN, ""swfac"": 0.0, ""nstres"": 0.0}",0.0,0.0,466.09596252441406,0.0,0.7614699006080627,0.0,,0.0,0.0,0.0,150.0,22.21156616210937,22.21156616210937,Leave_One_experiments/all_year_offline_schedule_search/daily_outputs/HLA/HLA_2023_HLA2023_normal_grid_S0010_daily.csv
HLA,HLA,Hailun,2023,Leave_One_experiments\wth_generated_qc\HLA\HLA2023.WTH,wet_year;nitrogen_stress_year;low_response_year,wet,HLA2023_normal_grid_S0010,low_input_within_10pct_yield,2023-06-17,168,49,44,"{""sim_day"": 49.0, ""doy"": 168.0, ""topwt"": 518.0557632446289, ""grnwt"": 0.0, ""xlai"": 0.8305686116218567, ""totir"": 0.0, ""tofer"": NaN, ""swfac"": 0.0, ""nstres"": 0.0}",0.0,0.0,518.0557632446289,0.0,0.8305686116218567,0.0,,0.0,0.0,0.0,150.0,22.21156616210937,22.21156616210937,Leave_One_experiments/all_year_offline_schedule_search/daily_outputs/HLA/HLA_2023_HLA2023_normal_grid_S0010_daily.csv
HLA,HLA,Hailun,2023,Leave_One_experiments\wth_generated_qc\HLA\HLA2023.WTH,wet_year;nitrogen_stress_year;low_response_year,wet,HLA2023_normal_grid_S0010,low_input_within_10pct_yield,2023-06-18,169,50,45,"{""sim_day"": 50.0, ""doy"": 169.0, ""topwt"": 594.3769836425781, ""grnwt"": 0.0, ""xlai"": 0.9278477430343628, ""totir"": 0.0, ""tofer"": NaN, ""swfac"": 0.0, ""nstres"": 0.0}",0.0,0.0,594.3769836425781,0.0,0.9278477430343628,0.0,,0.0,0.0,0.0,150.0,22.21156616210937,22.21156616210937,Leave_One_experiments/all_year_offline_schedule_search/daily_outputs/HLA/HLA_2023_HLA2023_normal_grid_S0010_daily.csv
HLA,HLA,Hailun,2023,Leave_One_experiments\wth_generated_qc\HLA\HLA2023.WTH,wet_year;nitrogen_stress_year;low_response_year,wet,HLA2023_normal_grid_S0010,low_input_within_10pct_yield,2023-06-19,170,51,46,"{""sim_day"": 51.0, ""doy"": 170.0, ""topwt"": 680.0538635253906, ""grnwt"": 0.0, ""xlai"": 1.0320271253585815, ""totir"": 0.0, ""tofer"": NaN, ""swfac"": 0.0, ""nstres"": 0.0}",0.0,0.0,680.0538635253906,0.0,1.0320271253585815,0.0,,0.0,0.0,0.0,150.0,22.21156616210937,22.21156616210937,Leave_One_experiments/all_year_offline_schedule_search/daily_outputs/HLA/HLA_2023_HLA2023_normal_grid_S0010_daily.csv
HLA,HLA,Hailun,2023,Leave_One_experiments\wth_generated_qc\HLA\HLA2023.WTH,wet_year;nitrogen_stress_year;low_response_year,wet,HLA2023_normal_grid_S0010,low_input_within_10pct_yield,2023-06-20,171,52,47,"{""sim_day"": 52.0, ""doy"": 171.0, ""topwt"": 770.4758453369141, ""grnwt"": 0.0, ""xlai"": 1.1366853713989258, ""totir"": 0.0, ""tofer"": NaN, ""swfac"": 0.0, ""nstres"": 0.0}",0.0,0.0,770.4758453369141,0.0,1.1366853713989258,0.0,,0.0,0.0,0.0,150.0,22.21156616210937,22.21156616210937,Leave_One_experiments/all_year_offline_schedule_search/daily_outputs/HLA/HLA_2023_HLA2023_normal_grid_S0010_daily.csv
HLA,HLA,Hailun,2023,Leave_One_experiments\wth_generated_qc\HLA\HLA2023.WTH,wet_year;nitrogen_stress_year;low_response_year,wet,HLA2023_normal_grid_S0010,low_input_within_10pct_yield,2023-06-21,172,53,48,"{""sim_day"": 53.0, ""doy"": 172.0, ""topwt"": 851.6160583496094, ""grnwt"": 0.0, ""xlai"": 1.226471781730652, ""totir"": 0.0, ""tofer"": NaN, ""swfac"": 0.0, ""nstres"": 0.0}",0.0,0.0,851.6160583496094,0.0,1.226471781730652,0.0,,0.0,0.0,0.0,150.0,22.21156616210937,22.21156616210937,Leave_One_experiments/all_year_offline_schedule_search/daily_outputs/HLA/HLA_2023_HLA2023_normal_grid_S0010_daily.csv
HLA,HLA,Hailun,2023,Leave_One_experiments\wth_generated_qc\HLA\HLA2023.WTH,wet_year;nitrogen_stress_year;low_response_year,wet,HLA2023_normal_grid_S0010,low_input_within_10pct_yield,2023-06-22,173,54,49,"{""sim_day"": 54.0, ""doy"": 173.0, ""topwt"": 935.3976440429688, ""grnwt"": 0.0, ""xlai"": 1.3152058124542236, ""totir"": 0.0, ""tofer"": NaN, ""swfac"": 0.0, ""nstres"": 0.0}",0.0,0.0,935.3976440429688,0.0,1.3152058124542236,0.0,,0.0,0.0,0.0,150.0,22.21156616210937,22.21156616210937,Leave_One_experiments/all_year_offline_schedule_search/daily_outputs/HLA/HLA_2023_HLA2023_normal_grid_S0010_daily.csv
HLA,HLA,Hailun,2023,Leave_One_experiments\wth_generated_qc\HLA\HLA2023.WTH,wet_year;nitrogen_stress_year;low_response_year,wet,HLA2023_normal_grid_S0010,low_input_within_10pct_yield,2023-06-23,174,55,50,"{""sim_day"": 55.0, ""doy"": 174.0, ""topwt"": 1049.5364379882812, ""grnwt"": 0.0, ""xlai"": 1.4295755624771118, ""totir"": 0.0, ""tofer"": NaN, ""swfac"": 0.0, ""nstres"": 0.0}",0.0,0.0,1049.5364379882812,0.0,1.4295755624771118,0.0,,0.0,0.0,0.0,150.0,22.21156616210937,22.21156616210937,Leave_One_experiments/all_year_offline_schedule_search/daily_outputs/HLA/HLA_2023_HLA2023_normal_grid_S0010_daily.csv
HLA,HLA,Hailun,2023,Leave_One_experiments\wth_generated_qc\HLA\HLA2023.WTH,wet_year;nitrogen_stress_year;low_response_year,wet,HLA2023_normal_grid_S0010,low_input_within_10pct_yield,2023-06-24,175,56,51,"{""sim_day"": 56.0, ""doy"": 175.0, ""topwt"": 1184.642333984375, ""grnwt"": 0.0, ""xlai"": 1.5564327239990234, ""totir"": 0.0, ""tofer"": NaN, ""swfac"": 0.0, ""nstres"": 0.0}",0.0,0.0,1184.642333984375,0.0,1.5564327239990234,0.0,,0.0,0.0,0.0,150.0,22.21156616210937,22.21156616210937,Leave_One_experiments/all_year_offline_schedule_search/daily_outputs/HLA/HLA_2023_HLA2023_normal_grid_S0010_daily.csv
HLA,HLA,Hailun,2023,Leave_One_experiments\wth_generated_qc\HLA\HLA2023.WTH,wet_year;nitrogen_stress_year;low_response_year,wet,HLA2023_normal_grid_S0010,low_input_within_10pct_yield,2023-06-25,176,57,52,"{""sim_day"": 57.0, ""doy"": 176.0, ""topwt"": 1355.5482482910156, ""grnwt"": 0.0, ""xlai"": 1.704897403717041, ""totir"": 0.0, ""tofer"": NaN, ""swfac"": 0.0, ""nstres"": 0.0}",0.0,0.0,1355.5482482910156,0.0,1.704897403717041,0.0,,0.0,0.0,0.0,150.0,22.21156616210937,22.21156616210937,Leave_One_experiments/all_year_offline_schedule_search/daily_outputs/HLA/HLA_2023_HLA2023_normal_grid_S0010_daily.csv
HLA,HLA,Hailun,2023,Leave_One_experiments\wth_generated_qc\HLA\HLA2023.WTH,wet_year;nitrogen_stress_year;low_response_year,wet,HLA2023_normal_grid_S0010,low_input_within_10pct_yield,2023-06-26,177,58,53,"{""sim_day"": 58.0, ""doy"": 177.0, ""topwt"": 1518.791046142578, ""grnwt"": 0.0, ""xlai"": 1.8366804122924805, ""totir"": 0.0, ""tofer"": NaN, ""swfac"": 0.0, ""nstres"": 0.0}",0.0,0.0,1518.791046142578,0.0,1.8366804122924805,0.0,,0.0,0.0,0.0,150.0,22.21156616210937,22.21156616210937,Leave_One_experiments/all_year_offline_schedule_search/daily_outputs/HLA/HLA_2023_HLA2023_normal_grid_S0010_daily.csv
HLA,HLA,Hailun,2023,Leave_One_experiments\wth_generated_qc\HLA\HLA2023.WTH,wet_year;nitrogen_stress_year;low_response_year,wet,HLA2023_normal_grid_S0010,low_input_within_10pct_yield,2023-06-27,178,59,54,"{""sim_day"": 59.0, ""doy"": 178.0, ""topwt"": 1673.3309936523438, ""grnwt"": 0.0, ""xlai"": 1.95350444316864, ""totir"": 0.0, ""tofer"": NaN, ""swfac"": 0.0, ""nstres"": 0.0}",0.0,0.0,1673.3309936523438,0.0,1.95350444316864,0.0,,0.0,0.0,0.0,150.0,22.21156616210937,22.21156616210937,Leave_One_experiments/all_year_offline_schedule_search/daily_outputs/HLA/HLA_2023_HLA2023_normal_grid_S0010_daily.csv
HLA,HLA,Hailun,2023,Leave_One_experiments\wth_generated_qc\HLA\HLA2023.WTH,wet_year;nitrogen_stress_year;low_response_year,wet,HLA2023_normal_grid_S0010,low_input_within_10pct_yield,2023-06-28,179,60,55,"{""sim_day"": 60.0, ""doy"": 179.0, ""topwt"": 1813.8365173339844, ""grnwt"": 0.0, ""xlai"": 2.053826808929444, ""totir"": 0.0, ""tofer"": NaN, ""swfac"": 0.0, ""nstres"": 0.0}",0.0,0.0,1813.8365173339844,0.0,2.053826808929444,0.0,,0.0,0.0,0.0,150.0,22.21156616210937,22.21156616210937,Leave_One_experiments/all_year_offline_schedule_search/daily_outputs/HLA/HLA_2023_HLA2023_normal_grid_S0010_daily.csv
HLA,HLA,Hailun,2023,Leave_One_experiments\wth_generated_qc\HLA\HLA2023.WTH,wet_year;nitrogen_stress_year;low_response_year,wet,HLA2023_normal_grid_S0010,low_input_within_10pct_yield,2023-06-29,180,61,56,"{""sim_day"": 61.0, ""doy"": 180.0, ""topwt"": 1949.3685913085935, ""grnwt"": 0.0, ""xlai"": 2.1456949710845947, ""totir"": 0.0, ""tofer"": NaN, ""swfac"": 0.0, ""nstres"": 0.0}",0.0,0.0,1949.3685913085935,0.0,2.1456949710845947,0.0,,0.0,0.0,0.0,150.0,22.21156616210937,22.21156616210937,Leave_One_experiments/all_year_offline_schedule_search/daily_outputs/HLA/HLA_2023_HLA2023_normal_grid_S0010_daily.csv
HLA,HLA,Hailun,2023,Leave_One_experiments\wth_generated_qc\HLA\HLA2023.WTH,wet_year;nitrogen_stress_year;low_response_year,wet,HLA2023_normal_grid_S0010,low_input_within_10pct_yield,2023-06-30,181,62,57,"{""sim_day"": 62.0, ""doy"": 181.0, ""topwt"": 2105.2818298339844, ""grnwt"": 0.0, ""xlai"": 2.245678186416626, ""totir"": 0.0, ""tofer"": NaN, ""swfac"": 0.0, ""nstres"": 0.0}",0.0,0.0,2105.2818298339844,0.0,2.245678186416626,0.0,,0.0,0.0,0.0,150.0,22.21156616210937,22.21156616210937,Leave_One_experiments/all_year_offline_schedule_search/daily_outputs/HLA/HLA_2023_HLA2023_normal_grid_S0010_daily.csv
HLA,HLA,Hailun,2023,Leave_One_experiments\wth_generated_qc\HLA\HLA2023.WTH,wet_year;nitrogen_stress_year;low_response_year,wet,HLA2023_normal_grid_S0010,low_input_within_10pct_yield,2023-07-01,182,63,58,"{""sim_day"": 63.0, ""doy"": 182.0, ""topwt"": 2272.1221923828125, ""grnwt"": 0.0, ""xlai"": 2.346778154373169, ""totir"": 0.0, ""tofer"": NaN, ""swfac"": 0.0, ""nstres"": 0.0}",0.0,0.0,2272.1221923828125,0.0,2.346778154373169,0.0,,0.0,0.0,0.0,150.0,22.21156616210937,22.21156616210937,Leave_One_experiments/all_year_offline_schedule_search/daily_outputs/HLA/HLA_2023_HLA2023_normal_grid_S0010_daily.csv
HLA,HLA,Hailun,2023,Leave_One_experiments\wth_generated_qc\HLA\HLA2023.WTH,wet_year;nitrogen_stress_year;low_response_year,wet,HLA2023_normal_grid_S0010,low_input_within_10pct_yield,2023-07-02,183,64,59,"{""sim_day"": 64.0, ""doy"": 183.0, ""topwt"": 2475.902709960937, ""grnwt"": 0.0, ""xlai"": 2.462620973587036, ""totir"": 0.0, ""tofer"": NaN, ""swfac"": 0.0, ""nstres"": 0.0}",0.0,0.0,2475.902709960937,0.0,2.462620973587036,0.0,,0.0,0.0,0.0,150.0,22.21156616210937,22.21156616210937,Leave_One_experiments/all_year_offline_schedule_search/daily_outputs/HLA/HLA_2023_HLA2023_normal_grid_S0010_daily.csv
HLA,HLA,Hailun,2023,Leave_One_experiments\wth_generated_qc\HLA\HLA2023.WTH,wet_year;nitrogen_stress_year;low_response_year,wet,HLA2023_normal_grid_S0010,low_input_within_10pct_yield,2023-07-03,184,65,60,"{""sim_day"": 65.0, ""doy"": 184.0, ""topwt"": 2707.245178222656, ""grnwt"": 0.0, ""xlai"": 2.585475206375122, ""totir"": 0.0, ""tofer"": NaN, ""swfac"": 0.0, ""nstres"": 0.0}",0.0,0.0,2707.245178222656,0.0,2.585475206375122,0.0,,0.0,50.0,0.0,150.0,22.21156616210937,22.21156616210937,Leave_One_experiments/all_year_offline_schedule_search/daily_outputs/HLA/HLA_2023_HLA2023_normal_grid_S0010_daily.csv
HLA,HLA,Hailun,2023,Leave_One_experiments\wth_generated_qc\HLA\HLA2023.WTH,wet_year;nitrogen_stress_year;low_response_year,wet,HLA2023_normal_grid_S0010,low_input_within_10pct_yield,2023-07-04,185,66,61,"{""sim_day"": 66.0, ""doy"": 185.0, ""topwt"": 2837.1676635742188, ""grnwt"": 0.0, ""xlai"": 2.6504697799682617, ""totir"": 0.0, ""tofer"": NaN, ""swfac"": 0.0, ""nstres"": 0.0}",0.0,0.0,2837.1676635742188,0.0,2.6504697799682617,0.0,,0.0,0.0,0.0,150.0,22.21156616210937,22.21156616210937,Leave_One_experiments/all_year_offline_schedule_search/daily_outputs/HLA/HLA_2023_HLA2023_normal_grid_S0010_daily.csv
HLA,HLA,Hailun,2023,Leave_One_experiments\wth_generated_qc\HLA\HLA2023.WTH,wet_year;nitrogen_stress_year;low_response_year,wet,HLA2023_normal_grid_S0010,low_input_within_10pct_yield,2023-07-05,186,67,62,"{""sim_day"": 67.0, ""doy"": 186.0, ""topwt"": 3047.851867675781, ""grnwt"": 0.0, ""xlai"": 2.75049376487732, ""totir"": 0.0, ""tofer"": NaN, ""swfac"": 0.0, ""nstres"": 0.0}",0.0,0.0,3047.851867675781,0.0,2.75049376487732,0.0,,0.0,0.0,0.0,150.0,22.21156616210937,22.21156616210937,Leave_One_experiments/all_year_offline_schedule_search/daily_outputs/HLA/HLA_2023_HLA2023_normal_grid_S0010_daily.csv
HLA,HLA,Hailun,2023,Leave_One_experiments\wth_generated_qc\HLA\HLA2023.WTH,wet_year;nitrogen_stress_year;low_response_year,wet,HLA2023_normal_grid_S0010,low_input_within_10pct_yield,2023-07-06,187,68,63,"{""sim_day"": 68.0, ""doy"": 187.0, ""topwt"": 3283.34228515625, ""grnwt"": 0.0, ""xlai"": 2.856058359146118, ""totir"": 0.0, ""tofer"": NaN, ""swfac"": 0.0, ""nstres"": 0.0}",0.0,0.0,3283.34228515625,0.0,2.856058359146118,0.0,,0.0,0.0,0.0,150.0,22.21156616210937,22.21156616210937,Leave_One_experiments/all_year_offline_schedule_search/daily_outputs/HLA/HLA_2023_HLA2023_normal_grid_S0010_daily.csv
HLA,HLA,Hailun,2023,Leave_One_experiments\wth_generated_qc\HLA\HLA2023.WTH,wet_year;nitrogen_stress_year;low_response_year,wet,HLA2023_normal_grid_S0010,low_input_within_10pct_yield,2023-07-07,188,69,64,"{""sim_day"": 69.0, ""doy"": 188.0, ""topwt"": 3558.4597778320312, ""grnwt"": 0.0, ""xlai"": 2.971958875656128, ""totir"": 0.0, ""tofer"": NaN, ""swfac"": 0.0, ""nstres"": 0.0}",0.0,0.0,3558.4597778320312,0.0,2.971958875656128,0.0,,0.0,0.0,0.0,150.0,22.21156616210937,22.21156616210937,Leave_One_experiments/all_year_offline_schedule_search/daily_outputs/HLA/HLA_2023_HLA2023_normal_grid_S0010_daily.csv
HLA,HLA,Hailun,2023,Leave_One_experiments\wth_generated_qc\HLA\HLA2023.WTH,wet_year;nitrogen_stress_year;low_response_year,wet,HLA2023_normal_grid_S0010,low_input_within_10pct_yield,2023-07-08,189,70,65,"{""sim_day"": 70.0, ""doy"": 189.0, ""topwt"": 3837.2564697265625, ""grnwt"": 0.0, ""xlai"": 3.112726211547852, ""totir"": 0.0, ""tofer"": NaN, ""swfac"": 0.0, ""nstres"": 0.0}",0.0,0.0,3837.2564697265625,0.0,3.112726211547852,0.0,,0.0,0.0,0.0,150.0,22.21156616210937,22.21156616210937,Leave_One_experiments/all_year_offline_schedule_search/daily_outputs/HLA/HLA_2023_HLA2023_normal_grid_S0010_daily.csv
HLA,HLA,Hailun,2023,Leave_One_experiments\wth_generated_qc\HLA\HLA2023.WTH,wet_year;nitrogen_stress_year;low_response_year,wet,HLA2023_normal_grid_S0010,low_input_within_10pct_yield,2023-07-09,190,71,66,"{""sim_day"": 71.0, ""doy"": 190.0, ""topwt"": 4057.557678222656, ""grnwt"": 0.0, ""xlai"": 3.2051804065704346, ""totir"": 0.0, ""tofer"": NaN, ""swfac"": 0.0, ""nstres"": 0.0}",0.0,0.0,4057.557678222656,0.0,3.2051804065704346,0.0,,0.0,0.0,0.0,150.0,22.21156616210937,22.21156616210937,Leave_One_experiments/all_year_offline_schedule_search/daily_outputs/HLA/HLA_2023_HLA2023_normal_grid_S0010_daily.csv
HLA,HLA,Hailun,2023,Leave_One_experiments\wth_generated_qc\HLA\HLA2023.WTH,wet_year;nitrogen_stress_year;low_response_year,wet,HLA2023_normal_grid_S0010,low_input_within_10pct_yield,2023-07-10,191,72,67,"{""sim_day"": 72.0, ""doy"": 191.0, ""topwt"": 4312.1124267578125, ""grnwt"": 0.0, ""xlai"": 3.300575017929077, ""totir"": 0.0, ""tofer"": NaN, ""swfac"": 0.0, ""nstres"": 0.0}",0.0,0.0,4312.1124267578125,0.0,3.300575017929077,0.0,,0.0,0.0,0.0,150.0,22.21156616210937,22.21156616210937,Leave_One_experiments/all_year_offline_schedule_search/daily_outputs/HLA/HLA_2023_HLA2023_normal_grid_S0010_daily.csv
HLA,HLA,Hailun,2023,Leave_One_experiments\wth_generated_qc\HLA\HLA2023.WTH,wet_year;nitrogen_stress_year;low_response_year,wet,HLA2023_normal_grid_S0010,low_input_within_10pct_yield,2023-07-11,192,73,68,"{""sim_day"": 73.0, ""doy"": 192.0, ""topwt"": 4585.786437988281, ""grnwt"": 0.0, ""xlai"": 3.39357328414917, ""totir"": 0.0, ""tofer"": NaN, ""swfac"": 0.0, ""nstres"": 0.0}",0.0,0.0,4585.786437988281,0.0,3.39357328414917,0.0,,0.0,0.0,0.0,150.0,22.21156616210937,22.21156616210937,Leave_One_experiments/all_year_offline_schedule_search/daily_outputs/HLA/HLA_2023_HLA2023_normal_grid_S0010_daily.csv
HLA,HLA,Hailun,2023,Leave_One_experiments\wth_generated_qc\HLA\HLA2023.WTH,wet_year;nitrogen_stress_year;low_response_year,wet,HLA2023_normal_grid_S0010,low_input_within_10pct_yield,2023-07-12,193,74,69,"{""sim_day"": 74.0, ""doy"": 193.0, ""topwt"": 4885.3033447265625, ""grnwt"": 0.0, ""xlai"": 3.486744165420532, ""totir"": 0.0, ""tofer"": NaN, ""swfac"": 0.0, ""nstres"": 0.0}",0.0,0.0,4885.3033447265625,0.0,3.486744165420532,0.0,,0.0,0.0,0.0,150.0,22.21156616210937,22.21156616210937,Leave_One_experiments/all_year_offline_schedule_search/daily_outputs/HLA/HLA_2023_HLA2023_normal_grid_S0010_daily.csv
HLA,HLA,Hailun,2023,Leave_One_experiments\wth_generated_qc\HLA\HLA2023.WTH,wet_year;nitrogen_stress_year;low_response_year,wet,HLA2023_normal_grid_S0010,low_input_within_10pct_yield,2023-07-13,194,75,70,"{""sim_day"": 75.0, ""doy"": 194.0, ""topwt"": 5024.886779785156, ""grnwt"": 0.0, ""xlai"": 3.5272998809814453, ""totir"": 0.0, ""tofer"": NaN, ""swfac"": 0.0, ""nstres"": 0.0}",0.0,0.0,5024.886779785156,0.0,3.5272998809814453,0.0,,0.0,0.0,0.0,150.0,22.21156616210937,22.21156616210937,Leave_One_experiments/all_year_offline_schedule_search/daily_outputs/HLA/HLA_2023_HLA2023_normal_grid_S0010_daily.csv
HLA,HLA,Hailun,2023,Leave_One_experiments\wth_generated_qc\HLA\HLA2023.WTH,wet_year;nitrogen_stress_year;low_response_year,wet,HLA2023_normal_grid_S0010,low_input_within_10pct_yield,2023-07-14,195,76,71,"{""sim_day"": 76.0, ""doy"": 195.0, ""topwt"": 5205.249633789063, ""grnwt"": 0.0, ""xlai"": 3.577692031860352, ""totir"": 0.0, ""tofer"": NaN, ""swfac"": 0.0, ""nstres"": 0.0}",0.0,0.0,5205.249633789063,0.0,3.577692031860352,0.0,,0.0,0.0,0.0,150.0,22.21156616210937,22.21156616210937,Leave_One_experiments/all_year_offline_schedule_search/daily_outputs/HLA/HLA_2023_HLA2023_normal_grid_S0010_daily.csv
HLA,HLA,Hailun,2023,Leave_One_experiments\wth_generated_qc\HLA\HLA2023.WTH,wet_year;nitrogen_stress_year;low_response_year,wet,HLA2023_normal_grid_S0010,low_input_within_10pct_yield,2023-07-15,196,77,72,"{""sim_day"": 77.0, ""doy"": 196.0, ""topwt"": 5383.082275390625, ""grnwt"": 0.0, ""xlai"": 3.625544786453247, ""totir"": 0.0, ""tofer"": NaN, ""swfac"": 0.0, ""nstres"": 0.0}",0.0,0.0,5383.082275390625,0.0,3.625544786453247,0.0,,0.0,0.0,0.0,150.0,22.21156616210937,22.21156616210937,Leave_One_experiments/all_year_offline_schedule_search/daily_outputs/HLA/HLA_2023_HLA2023_normal_grid_S0010_daily.csv
HLA,HLA,Hailun,2023,Leave_One_experiments\wth_generated_qc\HLA\HLA2023.WTH,wet_year;nitrogen_stress_year;low_response_year,wet,HLA2023_normal_grid_S0010,low_input_within_10pct_yield,2023-07-16,197,78,73,"{""sim_day"": 78.0, ""doy"": 197.0, ""topwt"": 5557.8460693359375, ""grnwt"": 0.0, ""xlai"": 3.670053482055664, ""totir"": 0.0, ""tofer"": NaN, ""swfac"": 0.0, ""nstres"": 0.00199955701828}",0.0,0.00199955701828,5557.8460693359375,0.0,3.670053482055664,0.0,,0.0,0.0,0.0,150.0,22.21156616210937,22.21156616210937,Leave_One_experiments/all_year_offline_schedule_search/daily_outputs/HLA/HLA_2023_HLA2023_normal_grid_S0010_daily.csv
HLA,HLA,Hailun,2023,Leave_One_experiments\wth_generated_qc\HLA\HLA2023.WTH,wet_year;nitrogen_stress_year;low_response_year,wet,HLA2023_normal_grid_S0010,low_input_within_10pct_yield,2023-07-17,198,79,74,"{""sim_day"": 79.0, ""doy"": 198.0, ""topwt"": 5775.83984375, ""grnwt"": 0.0, ""xlai"": 3.720704317092896, ""totir"": 0.0, ""tofer"": NaN, ""swfac"": 0.0, ""nstres"": 0.0082776546478271}",0.0,0.0082776546478271,5775.83984375,0.0,3.720704317092896,0.0,,0.0,0.0,0.0,150.0,22.21156616210937,22.21156616210937,Leave_One_experiments/all_year_offline_schedule_search/daily_outputs/HLA/HLA_2023_HLA2023_normal_grid_S0010_daily.csv
HLA,HLA,Hailun,2023,Leave_One_experiments\wth_generated_qc\HLA\HLA2023.WTH,wet_year;nitrogen_stress_year;low_response_year,wet,HLA2023_normal_grid_S0010,low_input_within_10pct_yield,2023-07-18,199,80,75,"{""sim_day"": 80.0, ""doy"": 199.0, ""topwt"": 6029.876708984375, ""grnwt"": 0.0, ""xlai"": 3.77851676940918, ""totir"": 0.0, ""tofer"": NaN, ""swfac"": 0.0, ""nstres"": 0.0120251178741455}",0.0,0.0120251178741455,6029.876708984375,0.0,3.77851676940918,0.0,,0.0,0.0,0.0,150.0,22.21156616210937,22.21156616210937,Leave_One_experiments/all_year_offline_schedule_search/daily_outputs/HLA/HLA_2023_HLA2023_normal_grid_S0010_daily.csv
HLA,HLA,Hailun,2023,Leave_One_experiments\wth_generated_qc\HLA\HLA2023.WTH,wet_year;nitrogen_stress_year;low_response_year,wet,HLA2023_normal_grid_S0010,low_input_within_10pct_yield,2023-07-19,200,81,76,"{""sim_day"": 81.0, ""doy"": 200.0, ""topwt"": 6287.980346679688, ""grnwt"": 0.0, ""xlai"": 3.834373235702514, ""totir"": 0.0, ""tofer"": NaN, ""swfac"": 0.0, ""nstres"": 0.0178780555725097}",0.0,0.0178780555725097,6287.980346679688,0.0,3.834373235702514,0.0,,0.0,0.0,0.0,150.0,22.21156616210937,22.21156616210937,Leave_One_experiments/all_year_offline_schedule_search/daily_outputs/HLA/HLA_2023_HLA2023_normal_grid_S0010_daily.csv
HLA,HLA,Hailun,2023,Leave_One_experiments\wth_generated_qc\HLA\HLA2023.WTH,wet_year;nitrogen_stress_year;low_response_year,wet,HLA2023_normal_grid_S0010,low_input_within_10pct_yield,2023-07-20,201,82,77,"{""sim_day"": 82.0, ""doy"": 201.0, ""topwt"": 6511.9964599609375, ""grnwt"": 0.0, ""xlai"": 3.877799034118652, ""totir"": 0.0, ""tofer"": NaN, ""swfac"": 0.0, ""nstres"": 0.0255000591278076}",0.0,0.0255000591278076,6511.9964599609375,0.0,3.877799034118652,0.0,,0.0,0.0,0.0,150.0,22.21156616210937,22.21156616210937,Leave_One_experiments/all_year_offline_schedule_search/daily_outputs/HLA/HLA_2023_HLA2023_normal_grid_S0010_daily.csv
HLA,HLA,Hailun,2023,Leave_One_experiments\wth_generated_qc\HLA\HLA2023.WTH,wet_year;nitrogen_stress_year;low_response_year,wet,HLA2023_normal_grid_S0010,low_input_within_10pct_yield,2023-07-21,202,83,78,"{""sim_day"": 83.0, ""doy"": 202.0, ""topwt"": 6711.131591796875, ""grnwt"": 0.0, ""xlai"": 3.91178035736084, ""totir"": 0.0, ""tofer"": NaN, ""swfac"": 0.0, ""nstres"": 0.0316834449768066}",0.0,0.0316834449768066,6711.131591796875,0.0,3.91178035736084,0.0,,0.0,0.0,0.0,150.0,22.21156616210937,22.21156616210937,Leave_One_experiments/all_year_offline_schedule_search/daily_outputs/HLA/HLA_2023_HLA2023_normal_grid_S0010_daily.csv
HLA,HLA,Hailun,2023,Leave_One_experiments\wth_generated_qc\HLA\HLA2023.WTH,wet_year;nitrogen_stress_year;low_response_year,wet,HLA2023_normal_grid_S0010,low_input_within_10pct_yield,2023-07-22,203,84,79,"{""sim_day"": 84.0, ""doy"": 203.0, ""topwt"": 6896.983642578125, ""grnwt"": 0.0, ""xlai"": 3.941392183303833, ""totir"": 0.0, ""tofer"": NaN, ""swfac"": 0.0, ""nstres"": 0.0334558486938476}",0.0,0.0334558486938476,6896.983642578125,0.0,3.941392183303833,0.0,,0.0,0.0,0.0,150.0,22.21156616210937,22.21156616210937,Leave_One_experiments/all_year_offline_schedule_search/daily_outputs/HLA/HLA_2023_HLA2023_normal_grid_S0010_daily.csv
HLA,HLA,Hailun,2023,Leave_One_experiments\wth_generated_qc\HLA\HLA2023.WTH,wet_year;nitrogen_stress_year;low_response_year,wet,HLA2023_normal_grid_S0010,low_input_within_10pct_yield,2023-07-23,204,85,80,"{""sim_day"": 85.0, ""doy"": 204.0, ""topwt"": 7082.60498046875, ""grnwt"": 0.0, ""xlai"": 3.9682912826538086, ""totir"": 0.0, ""tofer"": NaN, ""swfac"": 0.0, ""nstres"": 0.0384550094604492}",0.0,0.0384550094604492,7082.60498046875,0.0,3.9682912826538086,0.0,,0.0,0.0,0.0,150.0,22.21156616210937,22.21156616210937,Leave_One_experiments/all_year_offline_schedule_search/daily_outputs/HLA/HLA_2023_HLA2023_normal_grid_S0010_daily.csv
HLA,HLA,Hailun,2023,Leave_One_experiments\wth_generated_qc\HLA\HLA2023.WTH,wet_year;nitrogen_stress_year;low_response_year,wet,HLA2023_normal_grid_S0010,low_input_within_10pct_yield,2023-07-24,205,86,81,"{""sim_day"": 86.0, ""doy"": 205.0, ""topwt"": 7388.060302734375, ""grnwt"": 0.0, ""xlai"": 3.8601155281066895, ""totir"": 0.0, ""tofer"": NaN, ""swfac"": 0.0, ""nstres"": 0.0419189929962158}",0.0,0.0419189929962158,7388.060302734375,0.0,3.8601155281066895,0.0,,0.0,0.0,0.0,150.0,22.21156616210937,22.21156616210937,Leave_One_experiments/all_year_offline_schedule_search/daily_outputs/HLA/HLA_2023_HLA2023_normal_grid_S0010_daily.csv
HLA,HLA,Hailun,2023,Leave_One_experiments\wth_generated_qc\HLA\HLA2023.WTH,wet_year;nitrogen_stress_year;low_response_year,wet,HLA2023_normal_grid_S0010,low_input_within_10pct_yield,2023-07-25,206,87,82,"{""sim_day"": 87.0, ""doy"": 206.0, ""topwt"": 7690.234375, ""grnwt"": 0.0, ""xlai"": 3.841489791870117, ""totir"": 0.0, ""tofer"": NaN, ""swfac"": 0.0, ""nstres"": 0.0386019349098205}",0.0,0.0386019349098205,7690.234375,0.0,3.841489791870117,0.0,,0.0,0.0,0.0,150.0,22.21156616210937,22.21156616210937,Leave_One_experiments/all_year_offline_schedule_search/daily_outputs/HLA/HLA_2023_HLA2023_normal_grid_S0010_daily.csv
HLA,HLA,Hailun,2023,Leave_One_experiments\wth_generated_qc\HLA\HLA2023.WTH,wet_year;nitrogen_stress_year;low_response_year,wet,HLA2023_normal_grid_S0010,low_input_within_10pct_yield,2023-07-26,207,88,83,"{""sim_day"": 88.0, ""doy"": 207.0, ""topwt"": 7989.942626953125, ""grnwt"": 0.0, ""xlai"": 3.823342084884644, ""totir"": 0.0, ""tofer"": NaN, ""swfac"": 0.0, ""nstres"": 0.0377919673919677}",0.0,0.0377919673919677,7989.942626953125,0.0,3.823342084884644,0.0,,0.0,0.0,0.0,150.0,22.21156616210937,22.21156616210937,Leave_One_experiments/all_year_offline_schedule_search/daily_outputs/HLA/HLA_2023_HLA2023_normal_grid_S0010_daily.csv
HLA,HLA,Hailun,2023,Leave_One_experiments\wth_generated_qc\HLA\HLA2023.WTH,wet_year;nitrogen_stress_year;low_response_year,wet,HLA2023_normal_grid_S0010,low_input_within_10pct_yield,2023-07-27,208,89,84,"{""sim_day"": 89.0, ""doy"": 208.0, ""topwt"": 8287.8466796875, ""grnwt"": 0.0, ""xlai"": 3.806692123413086, ""totir"": 0.0, ""tofer"": NaN, ""swfac"": 0.0, ""nstres"": 0.0348386168479919}",0.0,0.0348386168479919,8287.8466796875,0.0,3.806692123413086,0.0,,0.0,0.0,0.0,150.0,22.21156616210937,22.21156616210937,Leave_One_experiments/all_year_offline_schedule_search/daily_outputs/HLA/HLA_2023_HLA2023_normal_grid_S0010_daily.csv
HLA,HLA,Hailun,2023,Leave_One_experiments\wth_generated_qc\HLA\HLA2023.WTH,wet_year;nitrogen_stress_year;low_response_year,wet,HLA2023_normal_grid_S0010,low_input_within_10pct_yield,2023-07-28,209,90,85,"{""sim_day"": 90.0, ""doy"": 209.0, ""topwt"": 8584.520263671875, ""grnwt"": 0.0, ""xlai"": 3.792613983154297, ""totir"": 0.0, ""tofer"": NaN, ""swfac"": 0.0, ""nstres"": 0.0295857191085815}",0.0,0.0295857191085815,8584.520263671875,0.0,3.792613983154297,0.0,,0.0,0.0,0.0,150.0,22.21156616210937,22.21156616210937,Leave_One_experiments/all_year_offline_schedule_search/daily_outputs/HLA/HLA_2023_HLA2023_normal_grid_S0010_daily.csv
HLA,HLA,Hailun,2023,Leave_One_experiments\wth_generated_qc\HLA\HLA2023.WTH,wet_year;nitrogen_stress_year;low_response_year,wet,HLA2023_normal_grid_S0010,low_input_within_10pct_yield,2023-07-29,210,91,86,"{""sim_day"": 91.0, ""doy"": 210.0, ""topwt"": 8880.419921875, ""grnwt"": 0.0, ""xlai"": 3.7807788848876953, ""totir"": 0.0, ""tofer"": NaN, ""swfac"": 0.0, ""nstres"": 0.0234620571136474}",0.0,0.0234620571136474,8880.419921875,0.0,3.7807788848876953,0.0,,0.0,0.0,0.0,150.0,22.21156616210937,22.21156616210937,Leave_One_experiments/all_year_offline_schedule_search/daily_outputs/HLA/HLA_2023_HLA2023_normal_grid_S0010_daily.csv
HLA,HLA,Hailun,2023,Leave_One_experiments\wth_generated_qc\HLA\HLA2023.WTH,wet_year;nitrogen_stress_year;low_response_year,wet,HLA2023_normal_grid_S0010,low_input_within_10pct_yield,2023-07-30,211,92,87,"{""sim_day"": 92.0, ""doy"": 211.0, ""topwt"": 9176.041259765623, ""grnwt"": 0.0, ""xlai"": 3.764952182769776, ""totir"": 0.0, ""tofer"": NaN, ""swfac"": 0.0, ""nstres"": 0.0161730051040649}",0.0,0.0161730051040649,9176.041259765623,0.0,3.764952182769776,0.0,,0.0,0.0,0.0,150.0,22.21156616210937,22.21156616210937,Leave_One_experiments/all_year_offline_schedule_search/daily_outputs/HLA/HLA_2023_HLA2023_normal_grid_S0010_daily.csv
HLA,HLA,Hailun,2023,Leave_One_experiments\wth_generated_qc\HLA\HLA2023.WTH,wet_year;nitrogen_stress_year;low_response_year,wet,HLA2023_normal_grid_S0010,low_input_within_10pct_yield,2023-07-31,212,93,88,"{""sim_day"": 93.0, ""doy"": 212.0, ""topwt"": 9525.379638671877, ""grnwt"": 0.0, ""xlai"": 3.744749069213867, ""totir"": 0.0, ""tofer"": NaN, ""swfac"": 0.0, ""nstres"": 0.0043944120407104}",0.0,0.0043944120407104,9525.379638671877,0.0,3.744749069213867,0.0,,0.0,0.0,0.0,150.0,22.21156616210937,22.21156616210937,Leave_One_experiments/all_year_offline_schedule_search/daily_outputs/HLA/HLA_2023_HLA2023_normal_grid_S0010_daily.csv
HLA,HLA,Hailun,2023,Leave_One_experiments\wth_generated_qc\HLA\HLA2023.WTH,wet_year;nitrogen_stress_year;low_response_year,wet,HLA2023_normal_grid_S0010,low_input_within_10pct_yield,2023-08-01,213,94,89,"{""sim_day"": 94.0, ""doy"": 213.0, ""topwt"": 9775.60546875, ""grnwt"": 0.0, ""xlai"": 3.727497100830078, ""totir"": 0.0, ""tofer"": NaN, ""swfac"": 0.0, ""nstres"": 0.0}",0.0,0.0,9775.60546875,0.0,3.727497100830078,0.0,,0.0,0.0,0.0,150.0,22.21156616210937,22.21156616210937,Leave_One_experiments/all_year_offline_schedule_search/daily_outputs/HLA/HLA_2023_HLA2023_normal_grid_S0010_daily.csv
HLA,HLA,Hailun,2023,Leave_One_experiments\wth_generated_qc\HLA\HLA2023.WTH,wet_year;nitrogen_stress_year;low_response_year,wet,HLA2023_normal_grid_S0010,low_input_within_10pct_yield,2023-08-02,214,95,90,"{""sim_day"": 95.0, ""doy"": 214.0, ""topwt"": 10022.98828125, ""grnwt"": 0.0, ""xlai"": 3.712128400802612, ""totir"": 0.0, ""tofer"": NaN, ""swfac"": 0.0, ""nstres"": 0.0}",0.0,0.0,10022.98828125,0.0,3.712128400802612,0.0,,0.0,0.0,0.0,150.0,22.21156616210937,22.21156616210937,Leave_One_experiments/all_year_offline_schedule_search/daily_outputs/HLA/HLA_2023_HLA2023_normal_grid_S0010_daily.csv
HLA,HLA,Hailun,2023,Leave_One_experiments\wth_generated_qc\HLA\HLA2023.WTH,wet_year;nitrogen_stress_year;low_response_year,wet,HLA2023_normal_grid_S0010,low_input_within_10pct_yield,2023-08-03,215,96,91,"{""sim_day"": 96.0, ""doy"": 215.0, ""topwt"": 10268.309326171877, ""grnwt"": 0.0, ""xlai"": 3.701289415359497, ""totir"": 0.0, ""tofer"": NaN, ""swfac"": 0.0, ""nstres"": 0.0}",0.0,0.0,10268.309326171877,0.0,3.701289415359497,0.0,,0.0,0.0,0.0,150.0,22.21156616210937,22.21156616210937,Leave_One_experiments/all_year_offline_schedule_search/daily_outputs/HLA/HLA_2023_HLA2023_normal_grid_S0010_daily.csv
HLA,HLA,Hailun,2023,Leave_One_experiments\wth_generated_qc\HLA\HLA2023.WTH,wet_year;nitrogen_stress_year;low_response_year,wet,HLA2023_normal_grid_S0010,low_input_within_10pct_yield,2023-08-04,216,97,92,"{""sim_day"": 97.0, ""doy"": 216.0, ""topwt"": 10429.81689453125, ""grnwt"": 161.5073013305664, ""xlai"": 3.618606567382813, ""totir"": 0.0, ""tofer"": NaN, ""swfac"": 0.0, ""nstres"": 0.0}",0.0,0.0,10429.81689453125,161.5073013305664,3.618606567382813,0.0,,0.0,0.0,0.0,150.0,22.21156616210937,22.21156616210937,Leave_One_experiments/all_year_offline_schedule_search/daily_outputs/HLA/HLA_2023_HLA2023_normal_grid_S0010_daily.csv
HLA,HLA,Hailun,2023,Leave_One_experiments\wth_generated_qc\HLA\HLA2023.WTH,wet_year;nitrogen_stress_year;low_response_year,wet,HLA2023_normal_grid_S0010,low_input_within_10pct_yield,2023-08-05,217,98,93,"{""sim_day"": 98.0, ""doy"": 217.0, ""topwt"": 10591.3232421875, ""grnwt"": 323.0146026611328, ""xlai"": 3.608616352081299, ""totir"": 0.0, ""tofer"": NaN, ""swfac"": 0.0, ""nstres"": 0.0}",0.0,0.0,10591.3232421875,323.0146026611328,3.608616352081299,0.0,,0.0,0.0,0.0,150.0,22.21156616210937,22.21156616210937,Leave_One_experiments/all_year_offline_schedule_search/daily_outputs/HLA/HLA_2023_HLA2023_normal_grid_S0010_daily.csv
HLA,HLA,Hailun,2023,Leave_One_experiments\wth_generated_qc\HLA\HLA2023.WTH,wet_year;nitrogen_stress_year;low_response_year,wet,HLA2023_normal_grid_S0010,low_input_within_10pct_yield,2023-08-06,218,99,94,"{""sim_day"": 99.0, ""doy"": 218.0, ""topwt"": 10752.830810546877, ""grnwt"": 484.5219039916992, ""xlai"": 3.597718954086304, ""totir"": 0.0, ""tofer"": NaN, ""swfac"": 0.0, ""nstres"": 0.0}",0.0,0.0,10752.830810546877,484.5219039916992,3.597718954086304,0.0,,0.0,0.0,0.0,150.0,22.21156616210937,22.21156616210937,Leave_One_experiments/all_year_offline_schedule_search/daily_outputs/HLA/HLA_2023_HLA2023_normal_grid_S0010_daily.csv
HLA,HLA,Hailun,2023,Leave_One_experiments\wth_generated_qc\HLA\HLA2023.WTH,wet_year;nitrogen_stress_year;low_response_year,wet,HLA2023_normal_grid_S0010,low_input_within_10pct_yield,2023-08-07,219,100,95,"{""sim_day"": 100.0, ""doy"": 219.0, ""topwt"": 10914.33837890625, ""grnwt"": 646.0292053222656, ""xlai"": 3.583988904953003, ""totir"": 0.0, ""tofer"": NaN, ""swfac"": 0.0, ""nstres"": 0.0}",0.0,0.0,10914.33837890625,646.0292053222656,3.583988904953003,0.0,,0.0,0.0,0.0,150.0,22.21156616210937,22.21156616210937,Leave_One_experiments/all_year_offline_schedule_search/daily_outputs/HLA/HLA_2023_HLA2023_normal_grid_S0010_daily.csv
HLA,HLA,Hailun,2023,Leave_One_experiments\wth_generated_qc\HLA\HLA2023.WTH,wet_year;nitrogen_stress_year;low_response_year,wet,HLA2023_normal_grid_S0010,low_input_within_10pct_yield,2023-08-08,220,101,96,"{""sim_day"": 101.0, ""doy"": 220.0, ""topwt"": 11075.845947265623, ""grnwt"": 807.5364685058594, ""xlai"": 3.568289041519165, ""totir"": 0.0, ""tofer"": NaN, ""swfac"": 0.0, ""nstres"": 0.0}",0.0,0.0,11075.845947265623,807.5364685058594,3.568289041519165,0.0,,0.0,0.0,0.0,150.0,22.21156616210937,22.21156616210937,Leave_One_experiments/all_year_offline_schedule_search/daily_outputs/HLA/HLA_2023_HLA2023_normal_grid_S0010_daily.csv
HLA,HLA,Hailun,2023,Leave_One_experiments\wth_generated_qc\HLA\HLA2023.WTH,wet_year;nitrogen_stress_year;low_response_year,wet,HLA2023_normal_grid_S0010,low_input_within_10pct_yield,2023-08-09,221,102,97,"{""sim_day"": 102.0, ""doy"": 221.0, ""topwt"": 11237.353515625, ""grnwt"": 969.0438079833984, ""xlai"": 3.550878524780273, ""totir"": 0.0, ""tofer"": NaN, ""swfac"": 0.0, ""nstres"": 0.0}",0.0,0.0,11237.353515625,969.0438079833984,3.550878524780273,0.0,,0.0,0.0,0.0,150.0,22.21156616210937,22.21156616210937,Leave_One_experiments/all_year_offline_schedule_search/daily_outputs/HLA/HLA_2023_HLA2023_normal_grid_S0010_daily.csv
HLA,HLA,Hailun,2023,Leave_One_experiments\wth_generated_qc\HLA\HLA2023.WTH,wet_year;nitrogen_stress_year;low_response_year,wet,HLA2023_normal_grid_S0010,low_input_within_10pct_yield,2023-08-10,222,103,98,"{""sim_day"": 103.0, ""doy"": 222.0, ""topwt"": 11398.861083984377, ""grnwt"": 1130.5511474609375, ""xlai"": 3.5277256965637207, ""totir"": 0.0, ""tofer"": NaN, ""swfac"": 0.0, ""nstres"": 0.0}",0.0,0.0,11398.861083984377,1130.5511474609375,3.5277256965637207,0.0,,0.0,0.0,0.0,150.0,22.21156616210937,22.21156616210937,Leave_One_experiments/all_year_offline_schedule_search/daily_outputs/HLA/HLA_2023_HLA2023_normal_grid_S0010_daily.csv
HLA,HLA,Hailun,2023,Leave_One_experiments\wth_generated_qc\HLA\HLA2023.WTH,wet_year;nitrogen_stress_year;low_response_year,wet,HLA2023_normal_grid_S0010,low_input_within_10pct_yield,2023-08-11,223,104,99,"{""sim_day"": 104.0, ""doy"": 223.0, ""topwt"": 11560.36865234375, ""grnwt"": 1292.0584106445312, ""xlai"": 3.504462480545044, ""totir"": 0.0, ""tofer"": NaN, ""swfac"": 0.0, ""nstres"": 0.0029712915420532}",0.0,0.0029712915420532,11560.36865234375,1292.0584106445312,3.504462480545044,0.0,,0.0,0.0,0.0,150.0,22.21156616210937,22.21156616210937,Leave_One_experiments/all_year_offline_schedule_search/daily_outputs/HLA/HLA_2023_HLA2023_normal_grid_S0010_daily.csv
HLA,HLA,Hailun,2023,Leave_One_experiments\wth_generated_qc\HLA\HLA2023.WTH,wet_year;nitrogen_stress_year;low_response_year,wet,HLA2023_normal_grid_S0010,low_input_within_10pct_yield,2023-08-12,224,105,100,"{""sim_day"": 105.0, ""doy"": 224.0, ""topwt"": 11721.876220703123, ""grnwt"": 1453.5658264160156, ""xlai"": 3.4771745204925537, ""totir"": 0.0, ""tofer"": NaN, ""swfac"": 0.0, ""nstres"": 0.007757544517517}",0.0,0.007757544517517,11721.876220703123,1453.5658264160156,3.4771745204925537,0.0,,0.0,0.0,0.0,150.0,22.21156616210937,22.21156616210937,Leave_One_experiments/all_year_offline_schedule_search/daily_outputs/HLA/HLA_2023_HLA2023_normal_grid_S0010_daily.csv
HLA,HLA,Hailun,2023,Leave_One_experiments\wth_generated_qc\HLA\HLA2023.WTH,wet_year;nitrogen_stress_year;low_response_year,wet,HLA2023_normal_grid_S0010,low_input_within_10pct_yield,2023-08-13,225,106,101,"{""sim_day"": 106.0, ""doy"": 225.0, ""topwt"": 11883.3837890625, ""grnwt"": 1615.0729370117188, ""xlai"": 3.4441230297088623, ""totir"": 0.0, ""tofer"": NaN, ""swfac"": 0.0, ""nstres"": 0.0121221542358398}",0.0,0.0121221542358398,11883.3837890625,1615.0729370117188,3.4441230297088623,0.0,,0.0,0.0,0.0,150.0,22.21156616210937,22.21156616210937,Leave_One_experiments/all_year_offline_schedule_search/daily_outputs/HLA/HLA_2023_HLA2023_normal_grid_S0010_daily.csv
HLA,HLA,Hailun,2023,Leave_One_experiments\wth_generated_qc\HLA\HLA2023.WTH,wet_year;nitrogen_stress_year;low_response_year,wet,HLA2023_normal_grid_S0010,low_input_within_10pct_yield,2023-08-14,226,107,102,"{""sim_day"": 107.0, ""doy"": 226.0, ""topwt"": 12044.89013671875, ""grnwt"": 1776.5802001953125, ""xlai"": 3.4030983448028564, ""totir"": 0.0, ""tofer"": NaN, ""swfac"": 0.0, ""nstres"": 0.0155515670776367}",0.0,0.0155515670776367,12044.89013671875,1776.5802001953125,3.4030983448028564,0.0,,0.0,0.0,0.0,150.0,22.21156616210937,22.21156616210937,Leave_One_experiments/all_year_offline_schedule_search/daily_outputs/HLA/HLA_2023_HLA2023_normal_grid_S0010_daily.csv
HLA,HLA,Hailun,2023,Leave_One_experiments\wth_generated_qc\HLA\HLA2023.WTH,wet_year;nitrogen_stress_year;low_response_year,wet,HLA2023_normal_grid_S0010,low_input_within_10pct_yield,2023-08-15,227,108,103,"{""sim_day"": 108.0, ""doy"": 227.0, ""topwt"": 12206.397705078123, ""grnwt"": 1938.0874633789065, ""xlai"": 3.357829570770264, ""totir"": 0.0, ""tofer"": NaN, ""swfac"": 0.0, ""nstres"": 0.0196413993835449}",0.0,0.0196413993835449,12206.397705078123,1938.0874633789065,3.357829570770264,0.0,,0.0,0.0,0.0,150.0,22.21156616210937,22.21156616210937,Leave_One_experiments/all_year_offline_schedule_search/daily_outputs/HLA/HLA_2023_HLA2023_normal_grid_S0010_daily.csv
HLA,HLA,Hailun,2023,Leave_One_experiments\wth_generated_qc\HLA\HLA2023.WTH,wet_year;nitrogen_stress_year;low_response_year,wet,HLA2023_normal_grid_S0010,low_input_within_10pct_yield,2023-08-16,228,109,104,"{""sim_day"": 109.0, ""doy"": 228.0, ""topwt"": 12367.9052734375, ""grnwt"": 2099.5947265625, ""xlai"": 3.311497688293457, ""totir"": 0.0, ""tofer"": NaN, ""swfac"": 0.0, ""nstres"": 0.0250930786132812}",0.0,0.0250930786132812,12367.9052734375,2099.5947265625,3.311497688293457,0.0,,0.0,0.0,0.0,150.0,22.21156616210937,22.21156616210937,Leave_One_experiments/all_year_offline_schedule_search/daily_outputs/HLA/HLA_2023_HLA2023_normal_grid_S0010_daily.csv
HLA,HLA,Hailun,2023,Leave_One_experiments\wth_generated_qc\HLA\HLA2023.WTH,wet_year;nitrogen_stress_year;low_response_year,wet,HLA2023_normal_grid_S0010,low_input_within_10pct_yield,2023-08-17,229,110,105,"{""sim_day"": 110.0, ""doy"": 229.0, ""topwt"": 12529.412841796877, ""grnwt"": 2261.1019897460938, ""xlai"": 3.258333444595337, ""totir"": 0.0, ""tofer"": NaN, ""swfac"": 0.0, ""nstres"": 0.0303633213043212}",0.0,0.0303633213043212,12529.412841796877,2261.1019897460938,3.258333444595337,0.0,,0.0,0.0,0.0,150.0,22.21156616210937,22.21156616210937,Leave_One_experiments/all_year_offline_schedule_search/daily_outputs/HLA/HLA_2023_HLA2023_normal_grid_S0010_daily.csv
HLA,HLA,Hailun,2023,Leave_One_experiments\wth_generated_qc\HLA\HLA2023.WTH,wet_year;nitrogen_stress_year;low_response_year,wet,HLA2023_normal_grid_S0010,low_input_within_10pct_yield,2023-08-18,230,111,106,"{""sim_day"": 111.0, ""doy"": 230.0, ""topwt"": 12690.92041015625, ""grnwt"": 2422.609100341797, ""xlai"": 3.2149949073791504, ""totir"": 0.0, ""tofer"": NaN, ""swfac"": 0.0, ""nstres"": 0.0390912294387817}",0.0,0.0390912294387817,12690.92041015625,2422.609100341797,3.2149949073791504,0.0,,0.0,0.0,0.0,150.0,22.21156616210937,22.21156616210937,Leave_One_experiments/all_year_offline_schedule_search/daily_outputs/HLA/HLA_2023_HLA2023_normal_grid_S0010_daily.csv
HLA,HLA,Hailun,2023,Leave_One_experiments\wth_generated_qc\HLA\HLA2023.WTH,wet_year;nitrogen_stress_year;low_response_year,wet,HLA2023_normal_grid_S0010,low_input_within_10pct_yield,2023-08-19,231,112,107,"{""sim_day"": 112.0, ""doy"": 231.0, ""topwt"": 12852.427978515623, ""grnwt"": 2584.1162109375, ""xlai"": 3.161050796508789, ""totir"": 0.0, ""tofer"": NaN, ""swfac"": 0.0, ""nstres"": 0.0466645956039428}",0.0,0.0466645956039428,12852.427978515623,2584.1162109375,3.161050796508789,0.0,,0.0,0.0,0.0,150.0,22.21156616210937,22.21156616210937,Leave_One_experiments/all_year_offline_schedule_search/daily_outputs/HLA/HLA_2023_HLA2023_normal_grid_S0010_daily.csv
HLA,HLA,Hailun,2023,Leave_One_experiments\wth_generated_qc\HLA\HLA2023.WTH,wet_year;nitrogen_stress_year;low_response_year,wet,HLA2023_normal_grid_S0010,low_input_within_10pct_yield,2023-08-20,232,113,108,"{""sim_day"": 113.0, ""doy"": 232.0, ""topwt"": 13013.934326171877, ""grnwt"": 2745.6234741210938, ""xlai"": 3.1004111766815186, ""totir"": 0.0, ""tofer"": NaN, ""swfac"": 0.0, ""nstres"": 0.0541286468505859}",0.0,0.0541286468505859,13013.934326171877,2745.6234741210938,3.1004111766815186,0.0,,0.0,0.0,0.0,150.0,22.21156616210937,22.21156616210937,Leave_One_experiments/all_year_offline_schedule_search/daily_outputs/HLA/HLA_2023_HLA2023_normal_grid_S0010_daily.csv
HLA,HLA,Hailun,2023,Leave_One_experiments\wth_generated_qc\HLA\HLA2023.WTH,wet_year;nitrogen_stress_year;low_response_year,wet,HLA2023_normal_grid_S0010,low_input_within_10pct_yield,2023-08-21,233,114,109,"{""sim_day"": 114.0, ""doy"": 233.0, ""topwt"": 13175.44189453125, ""grnwt"": 2907.1307373046875, ""xlai"": 3.0428056716918945, ""totir"": 0.0, ""tofer"": NaN, ""swfac"": 0.0, ""nstres"": 0.0632599592208862}",0.0,0.0632599592208862,13175.44189453125,2907.1307373046875,3.0428056716918945,0.0,,0.0,0.0,0.0,150.0,22.21156616210937,22.21156616210937,Leave_One_experiments/all_year_offline_schedule_search/daily_outputs/HLA/HLA_2023_HLA2023_normal_grid_S0010_daily.csv
HLA,HLA,Hailun,2023,Leave_One_experiments\wth_generated_qc\HLA\HLA2023.WTH,wet_year;nitrogen_stress_year;low_response_year,wet,HLA2023_normal_grid_S0010,low_input_within_10pct_yield,2023-08-22,234,115,110,"{""sim_day"": 115.0, ""doy"": 234.0, ""topwt"": 13336.95068359375, ""grnwt"": 3068.638000488281, ""xlai"": 2.9852495193481445, ""totir"": 0.0, ""tofer"": NaN, ""swfac"": 0.0, ""nstres"": 0.0732468366622924}",0.0,0.0732468366622924,13336.95068359375,3068.638000488281,2.9852495193481445,0.0,,0.0,0.0,0.0,150.0,22.21156616210937,22.21156616210937,Leave_One_experiments/all_year_offline_schedule_search/daily_outputs/HLA/HLA_2023_HLA2023_normal_grid_S0010_daily.csv
HLA,HLA,Hailun,2023,Leave_One_experiments\wth_generated_qc\HLA\HLA2023.WTH,wet_year;nitrogen_stress_year;low_response_year,wet,HLA2023_normal_grid_S0010,low_input_within_10pct_yield,2023-08-23,235,116,111,"{""sim_day"": 116.0, ""doy"": 235.0, ""topwt"": 13498.45703125, ""grnwt"": 3230.145263671875, ""xlai"": 2.937629222869873, ""totir"": 0.0, ""tofer"": NaN, ""swfac"": 0.0, ""nstres"": 0.0852503776550293}",0.0,0.0852503776550293,13498.45703125,3230.145263671875,2.937629222869873,0.0,,0.0,0.0,0.0,150.0,22.21156616210937,22.21156616210937,Leave_One_experiments/all_year_offline_schedule_search/daily_outputs/HLA/HLA_2023_HLA2023_normal_grid_S0010_daily.csv
HLA,HLA,Hailun,2023,Leave_One_experiments\wth_generated_qc\HLA\HLA2023.WTH,wet_year;nitrogen_stress_year;low_response_year,wet,HLA2023_normal_grid_S0010,low_input_within_10pct_yield,2023-08-24,236,117,112,"{""sim_day"": 117.0, ""doy"": 236.0, ""topwt"": 13659.96337890625, ""grnwt"": 3391.65283203125, ""xlai"": 2.8846800327301025, ""totir"": 0.0, ""tofer"": NaN, ""swfac"": 0.0, ""nstres"": 0.0969901084899902}",0.0,0.0969901084899902,13659.96337890625,3391.65283203125,2.8846800327301025,0.0,,0.0,0.0,0.0,150.0,22.21156616210937,22.21156616210937,Leave_One_experiments/all_year_offline_schedule_search/daily_outputs/HLA/HLA_2023_HLA2023_normal_grid_S0010_daily.csv
HLA,HLA,Hailun,2023,Leave_One_experiments\wth_generated_qc\HLA\HLA2023.WTH,wet_year;nitrogen_stress_year;low_response_year,wet,HLA2023_normal_grid_S0010,low_input_within_10pct_yield,2023-08-25,237,118,113,"{""sim_day"": 118.0, ""doy"": 237.0, ""topwt"": 13821.47216796875, ""grnwt"": 3553.160095214844, ""xlai"": 2.826737880706787, ""totir"": 0.0, ""tofer"": NaN, ""swfac"": 0.0, ""nstres"": 0.1085602045059204}",0.0,0.1085602045059204,13821.47216796875,3553.160095214844,2.826737880706787,0.0,,0.0,0.0,0.0,150.0,22.21156616210937,22.21156616210937,Leave_One_experiments/all_year_offline_schedule_search/daily_outputs/HLA/HLA_2023_HLA2023_normal_grid_S0010_daily.csv
HLA,HLA,Hailun,2023,Leave_One_experiments\wth_generated_qc\HLA\HLA2023.WTH,wet_year;nitrogen_stress_year;low_response_year,wet,HLA2023_normal_grid_S0010,low_input_within_10pct_yield,2023-08-26,238,119,114,"{""sim_day"": 119.0, ""doy"": 238.0, ""topwt"": 13982.98095703125, ""grnwt"": 3714.6673583984375, ""xlai"": 2.7616474628448486, ""totir"": 0.0, ""tofer"": NaN, ""swfac"": 0.0, ""nstres"": 0.1196501851081848}",0.0,0.1196501851081848,13982.98095703125,3714.6673583984375,2.7616474628448486,0.0,,0.0,0.0,0.0,150.0,22.21156616210937,22.21156616210937,Leave_One_experiments/all_year_offline_schedule_search/daily_outputs/HLA/HLA_2023_HLA2023_normal_grid_S0010_daily.csv
HLA,HLA,Hailun,2023,Leave_One_experiments\wth_generated_qc\HLA\HLA2023.WTH,wet_year;nitrogen_stress_year;low_response_year,wet,HLA2023_normal_grid_S0010,low_input_within_10pct_yield,2023-08-27,239,120,115,"{""sim_day"": 120.0, ""doy"": 239.0, ""topwt"": 14144.4873046875, ""grnwt"": 3876.174926757813, ""xlai"": 2.705400228500366, ""totir"": 0.0, ""tofer"": NaN, ""swfac"": 0.0, ""nstres"": 0.1323922276496887}",0.0,0.1323922276496887,14144.4873046875,3876.174926757813,2.705400228500366,0.0,,0.0,0.0,0.0,150.0,22.21156616210937,22.21156616210937,Leave_One_experiments/all_year_offline_schedule_search/daily_outputs/HLA/HLA_2023_HLA2023_normal_grid_S0010_daily.csv
HLA,HLA,Hailun,2023,Leave_One_experiments\wth_generated_qc\HLA\HLA2023.WTH,wet_year;nitrogen_stress_year;low_response_year,wet,HLA2023_normal_grid_S0010,low_input_within_10pct_yield,2023-08-28,240,121,116,"{""sim_day"": 121.0, ""doy"": 240.0, ""topwt"": 14249.84619140625, ""grnwt"": 4037.682495117188, ""xlai"": 2.6421427726745605, ""totir"": 0.0, ""tofer"": NaN, ""swfac"": 0.0, ""nstres"": 0.144666850566864}",0.0,0.144666850566864,14249.84619140625,4037.682495117188,2.6421427726745605,0.0,,0.0,0.0,0.0,150.0,22.21156616210937,22.21156616210937,Leave_One_experiments/all_year_offline_schedule_search/daily_outputs/HLA/HLA_2023_HLA2023_normal_grid_S0010_daily.csv
HLA,HLA,Hailun,2023,Leave_One_experiments\wth_generated_qc\HLA\HLA2023.WTH,wet_year;nitrogen_stress_year;low_response_year,wet,HLA2023_normal_grid_S0010,low_input_within_10pct_yield,2023-08-29,241,122,117,"{""sim_day"": 122.0, ""doy"": 241.0, ""topwt"": 14369.659423828123, ""grnwt"": 4199.189758300781, ""xlai"": 2.585990190505981, ""totir"": 0.0, ""tofer"": NaN, ""swfac"": 0.0, ""nstres"": 0.1578975915908813}",0.0,0.1578975915908813,14369.659423828123,4199.189758300781,2.585990190505981,0.0,,0.0,0.0,0.0,150.0,22.21156616210937,22.21156616210937,Leave_One_experiments/all_year_offline_schedule_search/daily_outputs/HLA/HLA_2023_HLA2023_normal_grid_S0010_daily.csv
HLA,HLA,Hailun,2023,Leave_One_experiments\wth_generated_qc\HLA\HLA2023.WTH,wet_year;nitrogen_stress_year;low_response_year,wet,HLA2023_normal_grid_S0010,low_input_within_10pct_yield,2023-08-30,242,123,118,"{""sim_day"": 123.0, ""doy"": 242.0, ""topwt"": 14488.90625, ""grnwt"": 4360.697021484375, ""xlai"": 2.527817249298096, ""totir"": 0.0, ""tofer"": NaN, ""swfac"": 0.0, ""nstres"": 0.1664061546325683}",0.0,0.1664061546325683,14488.90625,4360.697021484375,2.527817249298096,0.0,,0.0,0.0,0.0,150.0,22.21156616210937,22.21156616210937,Leave_One_experiments/all_year_offline_schedule_search/daily_outputs/HLA/HLA_2023_HLA2023_normal_grid_S0010_daily.csv
HLA,HLA,Hailun,2023,Leave_One_experiments\wth_generated_qc\HLA\HLA2023.WTH,wet_year;nitrogen_stress_year;low_response_year,wet,HLA2023_normal_grid_S0010,low_input_within_10pct_yield,2023-08-31,243,124,119,"{""sim_day"": 124.0, ""doy"": 243.0, ""topwt"": 14675.53955078125, ""grnwt"": 4522.20458984375, ""xlai"": 2.455997943878174, ""totir"": 0.0, ""tofer"": NaN, ""swfac"": 0.0, ""nstres"": 0.1756653189659118}",0.0,0.1756653189659118,14675.53955078125,4522.20458984375,2.455997943878174,0.0,,0.0,0.0,0.0,150.0,22.21156616210937,22.21156616210937,Leave_One_experiments/all_year_offline_schedule_search/daily_outputs/HLA/HLA_2023_HLA2023_normal_grid_S0010_daily.csv
HLA,HLA,Hailun,2023,Leave_One_experiments\wth_generated_qc\HLA\HLA2023.WTH,wet_year;nitrogen_stress_year;low_response_year,wet,HLA2023_normal_grid_S0010,low_input_within_10pct_yield,2023-09-01,244,125,120,"{""sim_day"": 125.0, ""doy"": 244.0, ""topwt"": 14913.72314453125, ""grnwt"": 4683.712158203125, ""xlai"": 2.358710765838623, ""totir"": 0.0, ""tofer"": NaN, ""swfac"": 0.0, ""nstres"": 0.1838583350181579}",0.0,0.1838583350181579,14913.72314453125,4683.712158203125,2.358710765838623,0.0,,0.0,0.0,0.0,150.0,22.21156616210937,22.21156616210937,Leave_One_experiments/all_year_offline_schedule_search/daily_outputs/HLA/HLA_2023_HLA2023_normal_grid_S0010_daily.csv
HLA,HLA,Hailun,2023,Leave_One_experiments\wth_generated_qc\HLA\HLA2023.WTH,wet_year;nitrogen_stress_year;low_response_year,wet,HLA2023_normal_grid_S0010,low_input_within_10pct_yield,2023-09-02,245,126,121,"{""sim_day"": 126.0, ""doy"": 245.0, ""topwt"": 15113.531494140623, ""grnwt"": 4845.219421386719, ""xlai"": 2.251258134841919, ""totir"": 0.0, ""tofer"": NaN, ""swfac"": 0.0, ""nstres"": 0.1972897052764892}",0.0,0.1972897052764892,15113.531494140623,4845.219421386719,2.251258134841919,0.0,,0.0,0.0,0.0,150.0,22.21156616210937,22.21156616210937,Leave_One_experiments/all_year_offline_schedule_search/daily_outputs/HLA/HLA_2023_HLA2023_normal_grid_S0010_daily.csv
HLA,HLA,Hailun,2023,Leave_One_experiments\wth_generated_qc\HLA\HLA2023.WTH,wet_year;nitrogen_stress_year;low_response_year,wet,HLA2023_normal_grid_S0010,low_input_within_10pct_yield,2023-09-03,246,127,122,"{""sim_day"": 127.0, ""doy"": 246.0, ""topwt"": 15247.803955078123, ""grnwt"": 5006.7266845703125, ""xlai"": 2.1679253578186035, ""totir"": 0.0, ""tofer"": NaN, ""swfac"": 0.0, ""nstres"": 0.2490519881248474}",0.0,0.2490519881248474,15247.803955078123,5006.7266845703125,2.1679253578186035,0.0,,0.0,0.0,0.0,150.0,22.21156616210937,22.21156616210937,Leave_One_experiments/all_year_offline_schedule_search/daily_outputs/HLA/HLA_2023_HLA2023_normal_grid_S0010_daily.csv
HLA,HLA,Hailun,2023,Leave_One_experiments\wth_generated_qc\HLA\HLA2023.WTH,wet_year;nitrogen_stress_year;low_response_year,wet,HLA2023_normal_grid_S0010,low_input_within_10pct_yield,2023-09-04,247,128,123,"{""sim_day"": 128.0, ""doy"": 247.0, ""topwt"": 15431.932373046877, ""grnwt"": 5163.619384765625, ""xlai"": 2.104469060897827, ""totir"": 0.0, ""tofer"": NaN, ""swfac"": 0.0, ""nstres"": 0.299552857875824}",0.0,0.299552857875824,15431.932373046877,5163.619384765625,2.104469060897827,0.0,,0.0,0.0,0.0,150.0,22.21156616210937,22.21156616210937,Leave_One_experiments/all_year_offline_schedule_search/daily_outputs/HLA/HLA_2023_HLA2023_normal_grid_S0010_daily.csv
HLA,HLA,Hailun,2023,Leave_One_experiments\wth_generated_qc\HLA\HLA2023.WTH,wet_year;nitrogen_stress_year;low_response_year,wet,HLA2023_normal_grid_S0010,low_input_within_10pct_yield,2023-09-05,248,129,124,"{""sim_day"": 129.0, ""doy"": 248.0, ""topwt"": 15593.438720703123, ""grnwt"": 5325.126953125, ""xlai"": 2.0194132328033447, ""totir"": 0.0, ""tofer"": NaN, ""swfac"": 0.0, ""nstres"": 0.3307626843452453}",0.0,0.3307626843452453,15593.438720703123,5325.126953125,2.0194132328033447,0.0,,0.0,0.0,0.0,150.0,22.21156616210937,22.21156616210937,Leave_One_experiments/all_year_offline_schedule_search/daily_outputs/HLA/HLA_2023_HLA2023_normal_grid_S0010_daily.csv
HLA,HLA,Hailun,2023,Leave_One_experiments\wth_generated_qc\HLA\HLA2023.WTH,wet_year;nitrogen_stress_year;low_response_year,wet,HLA2023_normal_grid_S0010,low_input_within_10pct_yield,2023-09-06,249,130,125,"{""sim_day"": 130.0, ""doy"": 249.0, ""topwt"": 15754.9462890625, ""grnwt"": 5486.634521484375, ""xlai"": 1.898398756980896, ""totir"": 0.0, ""tofer"": NaN, ""swfac"": 0.0, ""nstres"": 0.3716626167297363}",0.0,0.3716626167297363,15754.9462890625,5486.634521484375,1.898398756980896,0.0,,0.0,0.0,0.0,150.0,22.21156616210937,22.21156616210937,Leave_One_experiments/all_year_offline_schedule_search/daily_outputs/HLA/HLA_2023_HLA2023_normal_grid_S0010_daily.csv
HLA,HLA,Hailun,2023,Leave_One_experiments\wth_generated_qc\HLA\HLA2023.WTH,wet_year;nitrogen_stress_year;low_response_year,wet,HLA2023_normal_grid_S0010,low_input_within_10pct_yield,2023-09-07,250,131,126,"{""sim_day"": 131.0, ""doy"": 250.0, ""topwt"": 15916.455078125, ""grnwt"": 5648.14208984375, ""xlai"": 1.7919533252716064, ""totir"": 0.0, ""tofer"": NaN, ""swfac"": 0.0, ""nstres"": 0.4086394309997558}",0.0,0.4086394309997558,15916.455078125,5648.14208984375,1.7919533252716064,0.0,,0.0,0.0,0.0,150.0,22.21156616210937,22.21156616210937,Leave_One_experiments/all_year_offline_schedule_search/daily_outputs/HLA/HLA_2023_HLA2023_normal_grid_S0010_daily.csv
HLA,HLA,Hailun,2023,Leave_One_experiments\wth_generated_qc\HLA\HLA2023.WTH,wet_year;nitrogen_stress_year;low_response_year,wet,HLA2023_normal_grid_S0010,low_input_within_10pct_yield,2023-09-08,251,132,127,"{""sim_day"": 132.0, ""doy"": 251.0, ""topwt"": 16077.96142578125, ""grnwt"": 5809.6490478515625, ""xlai"": 1.7149503231048584, ""totir"": 0.0, ""tofer"": NaN, ""swfac"": 0.0, ""nstres"": 0.4488675594329834}",0.0,0.4488675594329834,16077.96142578125,5809.6490478515625,1.7149503231048584,0.0,,0.0,0.0,0.0,150.0,22.21156616210937,22.21156616210937,Leave_One_experiments/all_year_offline_schedule_search/daily_outputs/HLA/HLA_2023_HLA2023_normal_grid_S0010_daily.csv
HLA,HLA,Hailun,2023,Leave_One_experiments\wth_generated_qc\HLA\HLA2023.WTH,wet_year;nitrogen_stress_year;low_response_year,wet,HLA2023_normal_grid_S0010,low_input_within_10pct_yield,2023-09-09,252,133,128,"{""sim_day"": 133.0, ""doy"": 252.0, ""topwt"": 16238.560791015623, ""grnwt"": 5971.1566162109375, ""xlai"": 1.6193939447402954, ""totir"": 0.0, ""tofer"": NaN, ""swfac"": 0.0, ""nstres"": 0.4865525960922241}",0.0,0.4865525960922241,16238.560791015623,5971.1566162109375,1.6193939447402954,0.0,,0.0,0.0,0.0,150.0,22.21156616210937,22.21156616210937,Leave_One_experiments/all_year_offline_schedule_search/daily_outputs/HLA/HLA_2023_HLA2023_normal_grid_S0010_daily.csv
HLA,HLA,Hailun,2023,Leave_One_experiments\wth_generated_qc\HLA\HLA2023.WTH,wet_year;nitrogen_stress_year;low_response_year,wet,HLA2023_normal_grid_S0010,low_input_within_10pct_yield,2023-09-10,253,134,129,"{""sim_day"": 134.0, ""doy"": 253.0, ""topwt"": 16238.560791015623, ""grnwt"": 5971.1566162109375, ""xlai"": 1.6193939447402954, ""totir"": 0.0, ""tofer"": NaN, ""swfac"": 0.0, ""nstres"": 0.5229750275611877}",0.0,0.5229750275611877,16238.560791015623,5971.1566162109375,1.6193939447402954,0.0,,0.0,0.0,0.0,150.0,22.21156616210937,22.21156616210937,Leave_One_experiments/all_year_offline_schedule_search/daily_outputs/HLA/HLA_2023_HLA2023_normal_grid_S0010_daily.csv
HLA,HLA,Hailun,2023,Leave_One_experiments\wth_generated_qc\HLA\HLA2023.WTH,wet_year;nitrogen_stress_year;low_response_year,wet,HLA2023_normal_grid_S0010,low_input_within_10pct_yield,2023-09-11,254,135,130,"{""sim_day"": 135.0, ""doy"": 254.0, ""topwt"": 16238.560791015623, ""grnwt"": 5971.1566162109375, ""xlai"": 1.6193939447402954, ""totir"": 0.0, ""tofer"": NaN, ""swfac"": 0.0, ""nstres"": 0.5229750275611877}",0.0,0.5229750275611877,16238.560791015623,5971.1566162109375,1.6193939447402954,0.0,,0.0,0.0,0.0,150.0,22.21156616210937,22.21156616210937,Leave_One_experiments/all_year_offline_schedule_search/daily_outputs/HLA/HLA_2023_HLA2023_normal_grid_S0010_daily.csv
HLA,HLA,Hailun,2023,Leave_One_experiments\wth_generated_qc\HLA\HLA2023.WTH,wet_year;nitrogen_stress_year;low_response_year,wet,HLA2023_normal_grid_S0010,low_input_within_10pct_yield,2023-09-12,255,136,131,"{""sim_day"": 136.0, ""doy"": 255.0, ""topwt"": 16238.560791015623, ""grnwt"": 5971.1566162109375, ""xlai"": 1.6193939447402954, ""totir"": 0.0, ""tofer"": NaN, ""swfac"": 0.0, ""nstres"": 0.5229750275611877}",0.0,0.5229750275611877,16238.560791015623,5971.1566162109375,1.6193939447402954,0.0,,0.0,0.0,0.0,150.0,22.21156616210937,22.21156616210937,Leave_One_experiments/all_year_offline_schedule_search/daily_outputs/HLA/HLA_2023_HLA2023_normal_grid_S0010_daily.csv
HLA,HLA,Hailun,2023,Leave_One_experiments\wth_generated_qc\HLA\HLA2023.WTH,wet_year;nitrogen_stress_year;low_response_year,wet,HLA2023_normal_grid_S0010,low_input_within_10pct_yield,2023-09-13,256,137,132,"{""sim_day"": 137.0, ""doy"": 256.0, ""topwt"": 16238.560791015623, ""grnwt"": 5971.1566162109375, ""xlai"": 1.6193939447402954, ""totir"": 0.0, ""tofer"": NaN, ""swfac"": 0.0, ""nstres"": 0.5229750275611877}",0.0,0.5229750275611877,16238.560791015623,5971.1566162109375,1.6193939447402954,0.0,,0.0,0.0,0.0,150.0,22.21156616210937,22.21156616210937,Leave_One_experiments/all_year_offline_schedule_search/daily_outputs/HLA/HLA_2023_HLA2023_normal_grid_S0010_daily.csv
HLA,HLA,Hailun,2023,Leave_One_experiments\wth_generated_qc\HLA\HLA2023.WTH,wet_year;nitrogen_stress_year;low_response_year,wet,HLA2023_normal_grid_S0010,low_input_within_10pct_yield,2023-09-14,257,138,133,"{""sim_day"": 138.0, ""doy"": 257.0, ""topwt"": 16238.560791015623, ""grnwt"": 5971.1566162109375, ""xlai"": 1.6193939447402954, ""totir"": 0.0, ""tofer"": NaN, ""swfac"": 0.0, ""nstres"": 0.5229750275611877}",0.0,0.5229750275611877,16238.560791015623,5971.1566162109375,1.6193939447402954,0.0,,0.0,0.0,0.0,150.0,22.21156616210937,22.21156616210937,Leave_One_experiments/all_year_offline_schedule_search/daily_outputs/HLA/HLA_2023_HLA2023_normal_grid_S0010_daily.csv
HLA,HLA,Hailun,2023,Leave_One_experiments\wth_generated_qc\HLA\HLA2023.WTH,wet_year;nitrogen_stress_year;low_response_year,wet,HLA2023_normal_grid_S0028,pareto_balanced,2023-05-05,125,1,1,"{""sim_day"": 1.0, ""doy"": 125.0, ""topwt"": 0.0, ""grnwt"": 0.0, ""xlai"": 0.0, ""totir"": 0.0, ""tofer"": NaN, ""swfac"": 0.0, ""nstres"": 0.0}",0.0,0.0,0.0,0.0,0.0,0.0,,0.0,80.0,0.0,180.0,15.784741210937504,15.784741210937504,Leave_One_experiments/all_year_offline_schedule_search/daily_outputs/HLA/HLA_2023_HLA2023_normal_grid_S0028_daily.csv
HLA,HLA,Hailun,2023,Leave_One_experiments\wth_generated_qc\HLA\HLA2023.WTH,wet_year;nitrogen_stress_year;low_response_year,wet,HLA2023_normal_grid_S0028,pareto_balanced,2023-05-06,126,2,2,"{""sim_day"": 2.0, ""doy"": 126.0, ""topwt"": 0.0, ""grnwt"": 0.0, ""xlai"": 0.0, ""totir"": 0.0, ""tofer"": NaN, ""swfac"": 0.0, ""nstres"": 0.0}",0.0,0.0,0.0,0.0,0.0,0.0,,0.0,0.0,0.0,180.0,15.784741210937504,15.784741210937504,Leave_One_experiments/all_year_offline_schedule_search/daily_outputs/HLA/HLA_2023_HLA2023_normal_grid_S0028_daily.csv
HLA,HLA,Hailun,2023,Leave_One_experiments\wth_generated_qc\HLA\HLA2023.WTH,wet_year;nitrogen_stress_year;low_response_year,wet,HLA2023_normal_grid_S0028,pareto_balanced,2023-05-07,127,3,3,"{""sim_day"": 3.0, ""doy"": 127.0, ""topwt"": 0.0, ""grnwt"": 0.0, ""xlai"": 0.0, ""totir"": 0.0, ""tofer"": NaN, ""swfac"": 0.0, ""nstres"": 0.0}",0.0,0.0,0.0,0.0,0.0,0.0,,0.0,0.0,0.0,180.0,15.784741210937504,15.784741210937504,Leave_One_experiments/all_year_offline_schedule_search/daily_outputs/HLA/HLA_2023_HLA2023_normal_grid_S0028_daily.csv
HLA,HLA,Hailun,2023,Leave_One_experiments\wth_generated_qc\HLA\HLA2023.WTH,wet_year;nitrogen_stress_year;low_response_year,wet,HLA2023_normal_grid_S0028,pareto_balanced,2023-05-08,128,4,4,"{""sim_day"": 4.0, ""doy"": 128.0, ""topwt"": 0.0, ""grnwt"": 0.0, ""xlai"": 0.0, ""totir"": 0.0, ""tofer"": NaN, ""swfac"": 0.0, ""nstres"": 0.0}",0.0,0.0,0.0,0.0,0.0,0.0,,0.0,0.0,0.0,180.0,15.784741210937504,15.784741210937504,Leave_One_experiments/all_year_offline_schedule_search/daily_outputs/HLA/HLA_2023_HLA2023_normal_grid_S0028_daily.csv
HLA,HLA,Hailun,2023,Leave_One_experiments\wth_generated_qc\HLA\HLA2023.WTH,wet_year;nitrogen_stress_year;low_response_year,wet,HLA2023_normal_grid_S0028,pareto_balanced,2023-05-09,129,5,5,"{""sim_day"": 5.0, ""doy"": 129.0, ""topwt"": 0.0, ""grnwt"": 0.0, ""xlai"": 0.0, ""totir"": 0.0, ""tofer"": NaN, ""swfac"": 0.0, ""nstres"": 0.0}",0.0,0.0,0.0,0.0,0.0,0.0,,0.0,0.0,0.0,180.0,15.784741210937504,15.784741210937504,Leave_One_experiments/all_year_offline_schedule_search/daily_outputs/HLA/HLA_2023_HLA2023_normal_grid_S0028_daily.csv
HLA,HLA,Hailun,2023,Leave_One_experiments\wth_generated_qc\HLA\HLA2023.WTH,wet_year;nitrogen_stress_year;low_response_year,wet,HLA2023_normal_grid_S0028,pareto_balanced,2023-05-05,125,6,1,"{""sim_day"": 6.0, ""doy"": 125.0, ""topwt"": 0.0, ""grnwt"": 0.0, ""xlai"": 0.0, ""totir"": 0.0, ""tofer"": NaN, ""swfac"": 0.0, ""nstres"": 0.0}",0.0,0.0,0.0,0.0,0.0,0.0,,0.0,0.0,0.0,180.0,15.784741210937504,15.784741210937504,Leave_One_experiments/all_year_offline_schedule_search/daily_outputs/HLA/HLA_2023_HLA2023_normal_grid_S0028_daily.csv
HLA,HLA,Hailun,2023,Leave_One_experiments\wth_generated_qc\HLA\HLA2023.WTH,wet_year;nitrogen_stress_year;low_response_year,wet,HLA2023_normal_grid_S0028,pareto_balanced,2023-05-06,126,7,2,"{""sim_day"": 7.0, ""doy"": 126.0, ""topwt"": 0.0, ""grnwt"": 0.0, ""xlai"": 0.0, ""totir"": 0.0, ""tofer"": NaN, ""swfac"": 0.0, ""nstres"": 0.0}",0.0,0.0,0.0,0.0,0.0,0.0,,0.0,0.0,0.0,180.0,15.784741210937504,15.784741210937504,Leave_One_experiments/all_year_offline_schedule_search/daily_outputs/HLA/HLA_2023_HLA2023_normal_grid_S0028_daily.csv
HLA,HLA,Hailun,2023,Leave_One_experiments\wth_generated_qc\HLA\HLA2023.WTH,wet_year;nitrogen_stress_year;low_response_year,wet,HLA2023_normal_grid_S0028,pareto_balanced,2023-05-07,127,8,3,"{""sim_day"": 8.0, ""doy"": 127.0, ""topwt"": 0.0, ""grnwt"": 0.0, ""xlai"": 0.0, ""totir"": 0.0, ""tofer"": NaN, ""swfac"": 0.0, ""nstres"": 0.0}",0.0,0.0,0.0,0.0,0.0,0.0,,0.0,0.0,0.0,180.0,15.784741210937504,15.784741210937504,Leave_One_experiments/all_year_offline_schedule_search/daily_outputs/HLA/HLA_2023_HLA2023_normal_grid_S0028_daily.csv
HLA,HLA,Hailun,2023,Leave_One_experiments\wth_generated_qc\HLA\HLA2023.WTH,wet_year;nitrogen_stress_year;low_response_year,wet,HLA2023_normal_grid_S0028,pareto_balanced,2023-05-08,128,9,4,"{""sim_day"": 9.0, ""doy"": 128.0, ""topwt"": 0.0, ""grnwt"": 0.0, ""xlai"": 0.0, ""totir"": 0.0, ""tofer"": NaN, ""swfac"": 0.0, ""nstres"": 0.0}",0.0,0.0,0.0,0.0,0.0,0.0,,0.0,0.0,0.0,180.0,15.784741210937504,15.784741210937504,Leave_One_experiments/all_year_offline_schedule_search/daily_outputs/HLA/HLA_2023_HLA2023_normal_grid_S0028_daily.csv
HLA,HLA,Hailun,2023,Leave_One_experiments\wth_generated_qc\HLA\HLA2023.WTH,wet_year;nitrogen_stress_year;low_response_year,wet,HLA2023_normal_grid_S0028,pareto_balanced,2023-05-09,129,10,5,"{""sim_day"": 10.0, ""doy"": 129.0, ""topwt"": 0.0, ""grnwt"": 0.0, ""xlai"": 0.0, ""totir"": 0.0, ""tofer"": NaN, ""swfac"": 0.0, ""nstres"": 0.0}",0.0,0.0,0.0,0.0,0.0,0.0,,0.0,0.0,0.0,180.0,15.784741210937504,15.784741210937504,Leave_One_experiments/all_year_offline_schedule_search/daily_outputs/HLA/HLA_2023_HLA2023_normal_grid_S0028_daily.csv
HLA,HLA,Hailun,2023,Leave_One_experiments\wth_generated_qc\HLA\HLA2023.WTH,wet_year;nitrogen_stress_year;low_response_year,wet,HLA2023_normal_grid_S0028,pareto_balanced,2023-05-10,130,11,6,"{""sim_day"": 11.0, ""doy"": 130.0, ""topwt"": 0.0, ""grnwt"": 0.0, ""xlai"": 0.0, ""totir"": 0.0, ""tofer"": NaN, ""swfac"": 0.0, ""nstres"": 0.0}",0.0,0.0,0.0,0.0,0.0,0.0,,0.0,0.0,0.0,180.0,15.784741210937504,15.784741210937504,Leave_One_experiments/all_year_offline_schedule_search/daily_outputs/HLA/HLA_2023_HLA2023_normal_grid_S0028_daily.csv
HLA,HLA,Hailun,2023,Leave_One_experiments\wth_generated_qc\HLA\HLA2023.WTH,wet_year;nitrogen_stress_year;low_response_year,wet,HLA2023_normal_grid_S0028,pareto_balanced,2023-05-11,131,12,7,"{""sim_day"": 12.0, ""doy"": 131.0, ""topwt"": 0.0, ""grnwt"": 0.0, ""xlai"": 0.0, ""totir"": 0.0, ""tofer"": NaN, ""swfac"": 0.0, ""nstres"": 0.0}",0.0,0.0,0.0,0.0,0.0,0.0,,0.0,0.0,0.0,180.0,15.784741210937504,15.784741210937504,Leave_One_experiments/all_year_offline_schedule_search/daily_outputs/HLA/HLA_2023_HLA2023_normal_grid_S0028_daily.csv
HLA,HLA,Hailun,2023,Leave_One_experiments\wth_generated_qc\HLA\HLA2023.WTH,wet_year;nitrogen_stress_year;low_response_year,wet,HLA2023_normal_grid_S0028,pareto_balanced,2023-05-12,132,13,8,"{""sim_day"": 13.0, ""doy"": 132.0, ""topwt"": 0.0, ""grnwt"": 0.0, ""xlai"": 0.0, ""totir"": 0.0, ""tofer"": NaN, ""swfac"": 0.0, ""nstres"": 0.0}",0.0,0.0,0.0,0.0,0.0,0.0,,0.0,0.0,0.0,180.0,15.784741210937504,15.784741210937504,Leave_One_experiments/all_year_offline_schedule_search/daily_outputs/HLA/HLA_2023_HLA2023_normal_grid_S0028_daily.csv
HLA,HLA,Hailun,2023,Leave_One_experiments\wth_generated_qc\HLA\HLA2023.WTH,wet_year;nitrogen_stress_year;low_response_year,wet,HLA2023_normal_grid_S0028,pareto_balanced,2023-05-13,133,14,9,"{""sim_day"": 14.0, ""doy"": 133.0, ""topwt"": 0.0, ""grnwt"": 0.0, ""xlai"": 0.0, ""totir"": 0.0, ""tofer"": NaN, ""swfac"": 0.0, ""nstres"": 0.0}",0.0,0.0,0.0,0.0,0.0,0.0,,0.0,0.0,0.0,180.0,15.784741210937504,15.784741210937504,Leave_One_experiments/all_year_offline_schedule_search/daily_outputs/HLA/HLA_2023_HLA2023_normal_grid_S0028_daily.csv
HLA,HLA,Hailun,2023,Leave_One_experiments\wth_generated_qc\HLA\HLA2023.WTH,wet_year;nitrogen_stress_year;low_response_year,wet,HLA2023_normal_grid_S0028,pareto_balanced,2023-05-14,134,15,10,"{""sim_day"": 15.0, ""doy"": 134.0, ""topwt"": 0.0, ""grnwt"": 0.0, ""xlai"": 0.0, ""totir"": 0.0, ""tofer"": NaN, ""swfac"": 0.0, ""nstres"": 0.0}",0.0,0.0,0.0,0.0,0.0,0.0,,0.0,0.0,0.0,180.0,15.784741210937504,15.784741210937504,Leave_One_experiments/all_year_offline_schedule_search/daily_outputs/HLA/HLA_2023_HLA2023_normal_grid_S0028_daily.csv
HLA,HLA,Hailun,2023,Leave_One_experiments\wth_generated_qc\HLA\HLA2023.WTH,wet_year;nitrogen_stress_year;low_response_year,wet,HLA2023_normal_grid_S0028,pareto_balanced,2023-05-15,135,16,11,"{""sim_day"": 16.0, ""doy"": 135.0, ""topwt"": 0.0, ""grnwt"": 0.0, ""xlai"": 0.0, ""totir"": 0.0, ""tofer"": NaN, ""swfac"": 0.0, ""nstres"": 0.0}",0.0,0.0,0.0,0.0,0.0,0.0,,0.0,0.0,0.0,180.0,15.784741210937504,15.784741210937504,Leave_One_experiments/all_year_offline_schedule_search/daily_outputs/HLA/HLA_2023_HLA2023_normal_grid_S0028_daily.csv
HLA,HLA,Hailun,2023,Leave_One_experiments\wth_generated_qc\HLA\HLA2023.WTH,wet_year;nitrogen_stress_year;low_response_year,wet,HLA2023_normal_grid_S0028,pareto_balanced,2023-05-16,136,17,12,"{""sim_day"": 17.0, ""doy"": 136.0, ""topwt"": 0.0, ""grnwt"": 0.0, ""xlai"": 0.0, ""totir"": 0.0, ""tofer"": NaN, ""swfac"": 0.0, ""nstres"": 0.0}",0.0,0.0,0.0,0.0,0.0,0.0,,0.0,0.0,0.0,180.0,15.784741210937504,15.784741210937504,Leave_One_experiments/all_year_offline_schedule_search/daily_outputs/HLA/HLA_2023_HLA2023_normal_grid_S0028_daily.csv
HLA,HLA,Hailun,2023,Leave_One_experiments\wth_generated_qc\HLA\HLA2023.WTH,wet_year;nitrogen_stress_year;low_response_year,wet,HLA2023_normal_grid_S0028,pareto_balanced,2023-05-17,137,18,13,"{""sim_day"": 18.0, ""doy"": 137.0, ""topwt"": 20.0, ""grnwt"": 0.0, ""xlai"": 0.0019508658442646, ""totir"": 0.0, ""tofer"": NaN, ""swfac"": 0.0, ""nstres"": 0.0121910572052001}",0.0,0.0121910572052001,20.0,0.0,0.0019508658442646,0.0,,0.0,0.0,0.0,180.0,15.784741210937504,15.784741210937504,Leave_One_experiments/all_year_offline_schedule_search/daily_outputs/HLA/HLA_2023_HLA2023_normal_grid_S0028_daily.csv
HLA,HLA,Hailun,2023,Leave_One_experiments\wth_generated_qc\HLA\HLA2023.WTH,wet_year;nitrogen_stress_year;low_response_year,wet,HLA2023_normal_grid_S0028,pareto_balanced,2023-05-18,138,19,14,"{""sim_day"": 19.0, ""doy"": 138.0, ""topwt"": 20.0, ""grnwt"": 0.0, ""xlai"": 0.0033279296476393, ""totir"": 0.0, ""tofer"": NaN, ""swfac"": 0.0, ""nstres"": 0.0142937898635864}",0.0,0.0142937898635864,20.0,0.0,0.0033279296476393,0.0,,0.0,0.0,0.0,180.0,15.784741210937504,15.784741210937504,Leave_One_experiments/all_year_offline_schedule_search/daily_outputs/HLA/HLA_2023_HLA2023_normal_grid_S0028_daily.csv
HLA,HLA,Hailun,2023,Leave_One_experiments\wth_generated_qc\HLA\HLA2023.WTH,wet_year;nitrogen_stress_year;low_response_year,wet,HLA2023_normal_grid_S0028,pareto_balanced,2023-05-19,139,20,15,"{""sim_day"": 20.0, ""doy"": 139.0, ""topwt"": 20.0, ""grnwt"": 0.0, ""xlai"": 0.0044415351003408, ""totir"": 0.0, ""tofer"": NaN, ""swfac"": 0.0, ""nstres"": 0.0118013620376586}",0.0,0.0118013620376586,20.0,0.0,0.0044415351003408,0.0,,0.0,0.0,0.0,180.0,15.784741210937504,15.784741210937504,Leave_One_experiments/all_year_offline_schedule_search/daily_outputs/HLA/HLA_2023_HLA2023_normal_grid_S0028_daily.csv
HLA,HLA,Hailun,2023,Leave_One_experiments\wth_generated_qc\HLA\HLA2023.WTH,wet_year;nitrogen_stress_year;low_response_year,wet,HLA2023_normal_grid_S0028,pareto_balanced,2023-05-20,140,21,16,"{""sim_day"": 21.0, ""doy"": 140.0, ""topwt"": 20.0, ""grnwt"": 0.0, ""xlai"": 0.0056867459788918, ""totir"": 0.0, ""tofer"": NaN, ""swfac"": 0.0, ""nstres"": 0.0091943144798278}",0.0,0.0091943144798278,20.0,0.0,0.0056867459788918,0.0,,0.0,0.0,0.0,180.0,15.784741210937504,15.784741210937504,Leave_One_experiments/all_year_offline_schedule_search/daily_outputs/HLA/HLA_2023_HLA2023_normal_grid_S0028_daily.csv
HLA,HLA,Hailun,2023,Leave_One_experiments\wth_generated_qc\HLA\HLA2023.WTH,wet_year;nitrogen_stress_year;low_response_year,wet,HLA2023_normal_grid_S0028,pareto_balanced,2023-05-21,141,22,17,"{""sim_day"": 22.0, ""doy"": 141.0, ""topwt"": 20.0, ""grnwt"": 0.0, ""xlai"": 0.0073851025663316, ""totir"": 0.0, ""tofer"": NaN, ""swfac"": 0.0, ""nstres"": 0.0058680176734924}",0.0,0.0058680176734924,20.0,0.0,0.0073851025663316,0.0,,0.0,0.0,0.0,180.0,15.784741210937504,15.784741210937504,Leave_One_experiments/all_year_offline_schedule_search/daily_outputs/HLA/HLA_2023_HLA2023_normal_grid_S0028_daily.csv
HLA,HLA,Hailun,2023,Leave_One_experiments\wth_generated_qc\HLA\HLA2023.WTH,wet_year;nitrogen_stress_year;low_response_year,wet,HLA2023_normal_grid_S0028,pareto_balanced,2023-05-22,142,23,18,"{""sim_day"": 23.0, ""doy"": 142.0, ""topwt"": 20.0, ""grnwt"": 0.0, ""xlai"": 0.010367720387876, ""totir"": 0.0, ""tofer"": NaN, ""swfac"": 0.0, ""nstres"": 0.0006886720657348}",0.0,0.0006886720657348,20.0,0.0,0.010367720387876,0.0,,0.0,0.0,0.0,180.0,15.784741210937504,15.784741210937504,Leave_One_experiments/all_year_offline_schedule_search/daily_outputs/HLA/HLA_2023_HLA2023_normal_grid_S0028_daily.csv
HLA,HLA,Hailun,2023,Leave_One_experiments\wth_generated_qc\HLA\HLA2023.WTH,wet_year;nitrogen_stress_year;low_response_year,wet,HLA2023_normal_grid_S0028,pareto_balanced,2023-05-23,143,24,19,"{""sim_day"": 24.0, ""doy"": 143.0, ""topwt"": 20.0, ""grnwt"": 0.0, ""xlai"": 0.0144340051338076, ""totir"": 0.0, ""tofer"": NaN, ""swfac"": 0.0, ""nstres"": 0.0}",0.0,0.0,20.0,0.0,0.0144340051338076,0.0,,0.0,0.0,0.0,180.0,15.784741210937504,15.784741210937504,Leave_One_experiments/all_year_offline_schedule_search/daily_outputs/HLA/HLA_2023_HLA2023_normal_grid_S0028_daily.csv
HLA,HLA,Hailun,2023,Leave_One_experiments\wth_generated_qc\HLA\HLA2023.WTH,wet_year;nitrogen_stress_year;low_response_year,wet,HLA2023_normal_grid_S0028,pareto_balanced,2023-05-24,144,25,20,"{""sim_day"": 25.0, ""doy"": 144.0, ""topwt"": 20.0, ""grnwt"": 0.0, ""xlai"": 0.0243988335132598, ""totir"": 0.0, ""tofer"": NaN, ""swfac"": 0.0, ""nstres"": 0.0}",0.0,0.0,20.0,0.0,0.0243988335132598,0.0,,0.0,0.0,0.0,180.0,15.784741210937504,15.784741210937504,Leave_One_experiments/all_year_offline_schedule_search/daily_outputs/HLA/HLA_2023_HLA2023_normal_grid_S0028_daily.csv
HLA,HLA,Hailun,2023,Leave_One_experiments\wth_generated_qc\HLA\HLA2023.WTH,wet_year;nitrogen_stress_year;low_response_year,wet,HLA2023_normal_grid_S0028,pareto_balanced,2023-05-25,145,26,21,"{""sim_day"": 26.0, ""doy"": 145.0, ""topwt"": 20.0, ""grnwt"": 0.0, ""xlai"": 0.0334518887102603, ""totir"": 0.0, ""tofer"": NaN, ""swfac"": 0.0, ""nstres"": 0.0}",0.0,0.0,20.0,0.0,0.0334518887102603,0.0,,0.0,0.0,0.0,180.0,15.784741210937504,15.784741210937504,Leave_One_experiments/all_year_offline_schedule_search/daily_outputs/HLA/HLA_2023_HLA2023_normal_grid_S0028_daily.csv
HLA,HLA,Hailun,2023,Leave_One_experiments\wth_generated_qc\HLA\HLA2023.WTH,wet_year;nitrogen_stress_year;low_response_year,wet,HLA2023_normal_grid_S0028,pareto_balanced,2023-05-26,146,27,22,"{""sim_day"": 27.0, ""doy"": 146.0, ""topwt"": 23.574581146240234, ""grnwt"": 0.0, ""xlai"": 0.0437826514244079, ""totir"": 0.0, ""tofer"": NaN, ""swfac"": 0.0, ""nstres"": 0.0}",0.0,0.0,23.574581146240234,0.0,0.0437826514244079,0.0,,0.0,0.0,0.0,180.0,15.784741210937504,15.784741210937504,Leave_One_experiments/all_year_offline_schedule_search/daily_outputs/HLA/HLA_2023_HLA2023_normal_grid_S0028_daily.csv
HLA,HLA,Hailun,2023,Leave_One_experiments\wth_generated_qc\HLA\HLA2023.WTH,wet_year;nitrogen_stress_year;low_response_year,wet,HLA2023_normal_grid_S0028,pareto_balanced,2023-05-27,147,28,23,"{""sim_day"": 28.0, ""doy"": 147.0, ""topwt"": 26.040313243865967, ""grnwt"": 0.0, ""xlai"": 0.0500113554298877, ""totir"": 0.0, ""tofer"": NaN, ""swfac"": 0.0, ""nstres"": 0.0}",0.0,0.0,26.040313243865967,0.0,0.0500113554298877,0.0,,0.0,0.0,0.0,180.0,15.784741210937504,15.784741210937504,Leave_One_experiments/all_year_offline_schedule_search/daily_outputs/HLA/HLA_2023_HLA2023_normal_grid_S0028_daily.csv
HLA,HLA,Hailun,2023,Leave_One_experiments\wth_generated_qc\HLA\HLA2023.WTH,wet_year;nitrogen_stress_year;low_response_year,wet,HLA2023_normal_grid_S0028,pareto_balanced,2023-05-28,148,29,24,"{""sim_day"": 29.0, ""doy"": 148.0, ""topwt"": 28.84204626083374, ""grnwt"": 0.0, ""xlai"": 0.0568267926573753, ""totir"": 0.0, ""tofer"": NaN, ""swfac"": 0.0, ""nstres"": 0.0}",0.0,0.0,28.84204626083374,0.0,0.0568267926573753,0.0,,0.0,0.0,0.0,180.0,15.784741210937504,15.784741210937504,Leave_One_experiments/all_year_offline_schedule_search/daily_outputs/HLA/HLA_2023_HLA2023_normal_grid_S0028_daily.csv
HLA,HLA,Hailun,2023,Leave_One_experiments\wth_generated_qc\HLA\HLA2023.WTH,wet_year;nitrogen_stress_year;low_response_year,wet,HLA2023_normal_grid_S0028,pareto_balanced,2023-05-29,149,30,25,"{""sim_day"": 30.0, ""doy"": 149.0, ""topwt"": 33.84886741638184, ""grnwt"": 0.0, ""xlai"": 0.0685917735099792, ""totir"": 0.0, ""tofer"": NaN, ""swfac"": 0.0, ""nstres"": 0.0}",0.0,0.0,33.84886741638184,0.0,0.0685917735099792,0.0,,0.0,0.0,0.0,180.0,15.784741210937504,15.784741210937504,Leave_One_experiments/all_year_offline_schedule_search/daily_outputs/HLA/HLA_2023_HLA2023_normal_grid_S0028_daily.csv
HLA,HLA,Hailun,2023,Leave_One_experiments\wth_generated_qc\HLA\HLA2023.WTH,wet_year;nitrogen_stress_year;low_response_year,wet,HLA2023_normal_grid_S0028,pareto_balanced,2023-05-30,150,31,26,"{""sim_day"": 31.0, ""doy"": 150.0, ""topwt"": 41.08908653259277, ""grnwt"": 0.0, ""xlai"": 0.0847073271870613, ""totir"": 0.0, ""tofer"": NaN, ""swfac"": 0.0, ""nstres"": 0.0}",0.0,0.0,41.08908653259277,0.0,0.0847073271870613,0.0,,0.0,0.0,0.0,180.0,15.784741210937504,15.784741210937504,Leave_One_experiments/all_year_offline_schedule_search/daily_outputs/HLA/HLA_2023_HLA2023_normal_grid_S0028_daily.csv
HLA,HLA,Hailun,2023,Leave_One_experiments\wth_generated_qc\HLA\HLA2023.WTH,wet_year;nitrogen_stress_year;low_response_year,wet,HLA2023_normal_grid_S0028,pareto_balanced,2023-05-31,151,32,27,"{""sim_day"": 32.0, ""doy"": 151.0, ""topwt"": 47.71078586578369, ""grnwt"": 0.0, ""xlai"": 0.0987704470753669, ""totir"": 0.0, ""tofer"": NaN, ""swfac"": 0.0, ""nstres"": 0.0}",0.0,0.0,47.71078586578369,0.0,0.0987704470753669,0.0,,0.0,0.0,0.0,180.0,15.784741210937504,15.784741210937504,Leave_One_experiments/all_year_offline_schedule_search/daily_outputs/HLA/HLA_2023_HLA2023_normal_grid_S0028_daily.csv
HLA,HLA,Hailun,2023,Leave_One_experiments\wth_generated_qc\HLA\HLA2023.WTH,wet_year;nitrogen_stress_year;low_response_year,wet,HLA2023_normal_grid_S0028,pareto_balanced,2023-06-01,152,33,28,"{""sim_day"": 33.0, ""doy"": 152.0, ""topwt"": 54.159111976623535, ""grnwt"": 0.0, ""xlai"": 0.1119780018925666, ""totir"": 0.0, ""tofer"": NaN, ""swfac"": 0.0, ""nstres"": 0.0}",0.0,0.0,54.159111976623535,0.0,0.1119780018925666,0.0,,0.0,0.0,0.0,180.0,15.784741210937504,15.784741210937504,Leave_One_experiments/all_year_offline_schedule_search/daily_outputs/HLA/HLA_2023_HLA2023_normal_grid_S0028_daily.csv
HLA,HLA,Hailun,2023,Leave_One_experiments\wth_generated_qc\HLA\HLA2023.WTH,wet_year;nitrogen_stress_year;low_response_year,wet,HLA2023_normal_grid_S0028,pareto_balanced,2023-06-02,153,34,29,"{""sim_day"": 34.0, ""doy"": 153.0, ""topwt"": 61.131935119628906, ""grnwt"": 0.0, ""xlai"": 0.1258163005113601, ""totir"": 0.0, ""tofer"": NaN, ""swfac"": 0.0, ""nstres"": 0.0}",0.0,0.0,61.131935119628906,0.0,0.1258163005113601,0.0,,0.0,0.0,0.0,180.0,15.784741210937504,15.784741210937504,Leave_One_experiments/all_year_offline_schedule_search/daily_outputs/HLA/HLA_2023_HLA2023_normal_grid_S0028_daily.csv
HLA,HLA,Hailun,2023,Leave_One_experiments\wth_generated_qc\HLA\HLA2023.WTH,wet_year;nitrogen_stress_year;low_response_year,wet,HLA2023_normal_grid_S0028,pareto_balanced,2023-06-03,154,35,30,"{""sim_day"": 35.0, ""doy"": 154.0, ""topwt"": 71.93167209625244, ""grnwt"": 0.0, ""xlai"": 0.1465051174163818, ""totir"": 0.0, ""tofer"": NaN, ""swfac"": 0.0, ""nstres"": 0.0}",0.0,0.0,71.93167209625244,0.0,0.1465051174163818,0.0,,0.0,50.0,0.0,180.0,15.784741210937504,15.784741210937504,Leave_One_experiments/all_year_offline_schedule_search/daily_outputs/HLA/HLA_2023_HLA2023_normal_grid_S0028_daily.csv
HLA,HLA,Hailun,2023,Leave_One_experiments\wth_generated_qc\HLA\HLA2023.WTH,wet_year;nitrogen_stress_year;low_response_year,wet,HLA2023_normal_grid_S0028,pareto_balanced,2023-06-04,155,36,31,"{""sim_day"": 36.0, ""doy"": 155.0, ""topwt"": 86.42505645751953, ""grnwt"": 0.0, ""xlai"": 0.1731286644935608, ""totir"": 0.0, ""tofer"": NaN, ""swfac"": 0.0, ""nstres"": 0.0}",0.0,0.0,86.42505645751953,0.0,0.1731286644935608,0.0,,0.0,0.0,0.0,180.0,15.784741210937504,15.784741210937504,Leave_One_experiments/all_year_offline_schedule_search/daily_outputs/HLA/HLA_2023_HLA2023_normal_grid_S0028_daily.csv
HLA,HLA,Hailun,2023,Leave_One_experiments\wth_generated_qc\HLA\HLA2023.WTH,wet_year;nitrogen_stress_year;low_response_year,wet,HLA2023_normal_grid_S0028,pareto_balanced,2023-06-05,156,37,32,"{""sim_day"": 37.0, ""doy"": 156.0, ""topwt"": 99.62896347045898, ""grnwt"": 0.0, ""xlai"": 0.1964698284864425, ""totir"": 0.0, ""tofer"": NaN, ""swfac"": 0.0, ""nstres"": 0.0}",0.0,0.0,99.62896347045898,0.0,0.1964698284864425,0.0,,0.0,0.0,0.0,180.0,15.784741210937504,15.784741210937504,Leave_One_experiments/all_year_offline_schedule_search/daily_outputs/HLA/HLA_2023_HLA2023_normal_grid_S0028_daily.csv
HLA,HLA,Hailun,2023,Leave_One_experiments\wth_generated_qc\HLA\HLA2023.WTH,wet_year;nitrogen_stress_year;low_response_year,wet,HLA2023_normal_grid_S0028,pareto_balanced,2023-06-06,157,38,33,"{""sim_day"": 38.0, ""doy"": 157.0, ""topwt"": 114.93865966796876, ""grnwt"": 0.0, ""xlai"": 0.2226495593786239, ""totir"": 0.0, ""tofer"": NaN, ""swfac"": 0.0, ""nstres"": 0.0}",0.0,0.0,114.93865966796876,0.0,0.2226495593786239,0.0,,0.0,0.0,0.0,180.0,15.784741210937504,15.784741210937504,Leave_One_experiments/all_year_offline_schedule_search/daily_outputs/HLA/HLA_2023_HLA2023_normal_grid_S0028_daily.csv
HLA,HLA,Hailun,2023,Leave_One_experiments\wth_generated_qc\HLA\HLA2023.WTH,wet_year;nitrogen_stress_year;low_response_year,wet,HLA2023_normal_grid_S0028,pareto_balanced,2023-06-07,158,39,34,"{""sim_day"": 39.0, ""doy"": 158.0, ""topwt"": 129.46043014526367, ""grnwt"": 0.0, ""xlai"": 0.2467458397150039, ""totir"": 0.0, ""tofer"": NaN, ""swfac"": 0.0, ""nstres"": 0.0}",0.0,0.0,129.46043014526367,0.0,0.2467458397150039,0.0,,0.0,0.0,0.0,180.0,15.784741210937504,15.784741210937504,Leave_One_experiments/all_year_offline_schedule_search/daily_outputs/HLA/HLA_2023_HLA2023_normal_grid_S0028_daily.csv
HLA,HLA,Hailun,2023,Leave_One_experiments\wth_generated_qc\HLA\HLA2023.WTH,wet_year;nitrogen_stress_year;low_response_year,wet,HLA2023_normal_grid_S0028,pareto_balanced,2023-06-08,159,40,35,"{""sim_day"": 40.0, ""doy"": 159.0, ""topwt"": 134.08958435058594, ""grnwt"": 0.0, ""xlai"": 0.2715969383716583, ""totir"": 0.0, ""tofer"": NaN, ""swfac"": 0.0, ""nstres"": 0.0}",0.0,0.0,134.08958435058594,0.0,0.2715969383716583,0.0,,0.0,0.0,0.0,180.0,15.784741210937504,15.784741210937504,Leave_One_experiments/all_year_offline_schedule_search/daily_outputs/HLA/HLA_2023_HLA2023_normal_grid_S0028_daily.csv
HLA,HLA,Hailun,2023,Leave_One_experiments\wth_generated_qc\HLA\HLA2023.WTH,wet_year;nitrogen_stress_year;low_response_year,wet,HLA2023_normal_grid_S0028,pareto_balanced,2023-06-09,160,41,36,"{""sim_day"": 41.0, ""doy"": 160.0, ""topwt"": 156.85035705566406, ""grnwt"": 0.0, ""xlai"": 0.3104071021080017, ""totir"": 0.0, ""tofer"": NaN, ""swfac"": 0.0, ""nstres"": 0.0013279914855957}",0.0,0.0013279914855957,156.85035705566406,0.0,0.3104071021080017,0.0,,0.0,0.0,0.0,180.0,15.784741210937504,15.784741210937504,Leave_One_experiments/all_year_offline_schedule_search/daily_outputs/HLA/HLA_2023_HLA2023_normal_grid_S0028_daily.csv
HLA,HLA,Hailun,2023,Leave_One_experiments\wth_generated_qc\HLA\HLA2023.WTH,wet_year;nitrogen_stress_year;low_response_year,wet,HLA2023_normal_grid_S0028,pareto_balanced,2023-06-10,161,42,37,"{""sim_day"": 42.0, ""doy"": 161.0, ""topwt"": 183.77840042114255, ""grnwt"": 0.0, ""xlai"": 0.3547253906726837, ""totir"": 0.0, ""tofer"": NaN, ""swfac"": 0.0, ""nstres"": 0.0}",0.0,0.0,183.77840042114255,0.0,0.3547253906726837,0.0,,0.0,0.0,0.0,180.0,15.784741210937504,15.784741210937504,Leave_One_experiments/all_year_offline_schedule_search/daily_outputs/HLA/HLA_2023_HLA2023_normal_grid_S0028_daily.csv
HLA,HLA,Hailun,2023,Leave_One_experiments\wth_generated_qc\HLA\HLA2023.WTH,wet_year;nitrogen_stress_year;low_response_year,wet,HLA2023_normal_grid_S0028,pareto_balanced,2023-06-11,162,43,38,"{""sim_day"": 43.0, ""doy"": 162.0, ""topwt"": 215.0846290588379, ""grnwt"": 0.0, ""xlai"": 0.4044656753540039, ""totir"": 0.0, ""tofer"": NaN, ""swfac"": 0.0, ""nstres"": 0.0}",0.0,0.0,215.0846290588379,0.0,0.4044656753540039,0.0,,0.0,0.0,0.0,180.0,15.784741210937504,15.784741210937504,Leave_One_experiments/all_year_offline_schedule_search/daily_outputs/HLA/HLA_2023_HLA2023_normal_grid_S0028_daily.csv
HLA,HLA,Hailun,2023,Leave_One_experiments\wth_generated_qc\HLA\HLA2023.WTH,wet_year;nitrogen_stress_year;low_response_year,wet,HLA2023_normal_grid_S0028,pareto_balanced,2023-06-12,163,44,39,"{""sim_day"": 44.0, ""doy"": 163.0, ""topwt"": 259.6666717529297, ""grnwt"": 0.0, ""xlai"": 0.472625732421875, ""totir"": 0.0, ""tofer"": NaN, ""swfac"": 0.0, ""nstres"": 0.0}",0.0,0.0,259.6666717529297,0.0,0.472625732421875,0.0,,0.0,0.0,0.0,180.0,15.784741210937504,15.784741210937504,Leave_One_experiments/all_year_offline_schedule_search/daily_outputs/HLA/HLA_2023_HLA2023_normal_grid_S0028_daily.csv
HLA,HLA,Hailun,2023,Leave_One_experiments\wth_generated_qc\HLA\HLA2023.WTH,wet_year;nitrogen_stress_year;low_response_year,wet,HLA2023_normal_grid_S0028,pareto_balanced,2023-06-13,164,45,40,"{""sim_day"": 45.0, ""doy"": 164.0, ""topwt"": 309.44053649902344, ""grnwt"": 0.0, ""xlai"": 0.54572993516922, ""totir"": 0.0, ""tofer"": NaN, ""swfac"": 0.0, ""nstres"": 0.0}",0.0,0.0,309.44053649902344,0.0,0.54572993516922,0.0,,0.0,0.0,0.0,180.0,15.784741210937504,15.784741210937504,Leave_One_experiments/all_year_offline_schedule_search/daily_outputs/HLA/HLA_2023_HLA2023_normal_grid_S0028_daily.csv
HLA,HLA,Hailun,2023,Leave_One_experiments\wth_generated_qc\HLA\HLA2023.WTH,wet_year;nitrogen_stress_year;low_response_year,wet,HLA2023_normal_grid_S0028,pareto_balanced,2023-06-14,165,46,41,"{""sim_day"": 46.0, ""doy"": 165.0, ""topwt"": 348.7796401977539, ""grnwt"": 0.0, ""xlai"": 0.6016679406166077, ""totir"": 0.0, ""tofer"": NaN, ""swfac"": 0.0, ""nstres"": 0.0}",0.0,0.0,348.7796401977539,0.0,0.6016679406166077,0.0,,0.0,0.0,0.0,180.0,15.784741210937504,15.784741210937504,Leave_One_experiments/all_year_offline_schedule_search/daily_outputs/HLA/HLA_2023_HLA2023_normal_grid_S0028_daily.csv
HLA,HLA,Hailun,2023,Leave_One_experiments\wth_generated_qc\HLA\HLA2023.WTH,wet_year;nitrogen_stress_year;low_response_year,wet,HLA2023_normal_grid_S0028,pareto_balanced,2023-06-15,166,47,42,"{""sim_day"": 47.0, ""doy"": 166.0, ""topwt"": 403.6806106567383, ""grnwt"": 0.0, ""xlai"": 0.675490140914917, ""totir"": 0.0, ""tofer"": NaN, ""swfac"": 0.0, ""nstres"": 0.0}",0.0,0.0,403.6806106567383,0.0,0.675490140914917,0.0,,0.0,0.0,0.0,180.0,15.784741210937504,15.784741210937504,Leave_One_experiments/all_year_offline_schedule_search/daily_outputs/HLA/HLA_2023_HLA2023_normal_grid_S0028_daily.csv
HLA,HLA,Hailun,2023,Leave_One_experiments\wth_generated_qc\HLA\HLA2023.WTH,wet_year;nitrogen_stress_year;low_response_year,wet,HLA2023_normal_grid_S0028,pareto_balanced,2023-06-16,167,48,43,"{""sim_day"": 48.0, ""doy"": 167.0, ""topwt"": 466.09596252441406, ""grnwt"": 0.0, ""xlai"": 0.7614699006080627, ""totir"": 0.0, ""tofer"": NaN, ""swfac"": 0.0, ""nstres"": 0.0}",0.0,0.0,466.09596252441406,0.0,0.7614699006080627,0.0,,0.0,0.0,0.0,180.0,15.784741210937504,15.784741210937504,Leave_One_experiments/all_year_offline_schedule_search/daily_outputs/HLA/HLA_2023_HLA2023_normal_grid_S0028_daily.csv
HLA,HLA,Hailun,2023,Leave_One_experiments\wth_generated_qc\HLA\HLA2023.WTH,wet_year;nitrogen_stress_year;low_response_year,wet,HLA2023_normal_grid_S0028,pareto_balanced,2023-06-17,168,49,44,"{""sim_day"": 49.0, ""doy"": 168.0, ""topwt"": 518.0557632446289, ""grnwt"": 0.0, ""xlai"": 0.8305686116218567, ""totir"": 0.0, ""tofer"": NaN, ""swfac"": 0.0, ""nstres"": 0.0}",0.0,0.0,518.0557632446289,0.0,0.8305686116218567,0.0,,0.0,0.0,0.0,180.0,15.784741210937504,15.784741210937504,Leave_One_experiments/all_year_offline_schedule_search/daily_outputs/HLA/HLA_2023_HLA2023_normal_grid_S0028_daily.csv
HLA,HLA,Hailun,2023,Leave_One_experiments\wth_generated_qc\HLA\HLA2023.WTH,wet_year;nitrogen_stress_year;low_response_year,wet,HLA2023_normal_grid_S0028,pareto_balanced,2023-06-18,169,50,45,"{""sim_day"": 50.0, ""doy"": 169.0, ""topwt"": 594.3769836425781, ""grnwt"": 0.0, ""xlai"": 0.9278477430343628, ""totir"": 0.0, ""tofer"": NaN, ""swfac"": 0.0, ""nstres"": 0.0}",0.0,0.0,594.3769836425781,0.0,0.9278477430343628,0.0,,0.0,0.0,0.0,180.0,15.784741210937504,15.784741210937504,Leave_One_experiments/all_year_offline_schedule_search/daily_outputs/HLA/HLA_2023_HLA2023_normal_grid_S0028_daily.csv
HLA,HLA,Hailun,2023,Leave_One_experiments\wth_generated_qc\HLA\HLA2023.WTH,wet_year;nitrogen_stress_year;low_response_year,wet,HLA2023_normal_grid_S0028,pareto_balanced,2023-06-19,170,51,46,"{""sim_day"": 51.0, ""doy"": 170.0, ""topwt"": 680.0538635253906, ""grnwt"": 0.0, ""xlai"": 1.0320271253585815, ""totir"": 0.0, ""tofer"": NaN, ""swfac"": 0.0, ""nstres"": 0.0}",0.0,0.0,680.0538635253906,0.0,1.0320271253585815,0.0,,0.0,0.0,0.0,180.0,15.784741210937504,15.784741210937504,Leave_One_experiments/all_year_offline_schedule_search/daily_outputs/HLA/HLA_2023_HLA2023_normal_grid_S0028_daily.csv
HLA,HLA,Hailun,2023,Leave_One_experiments\wth_generated_qc\HLA\HLA2023.WTH,wet_year;nitrogen_stress_year;low_response_year,wet,HLA2023_normal_grid_S0028,pareto_balanced,2023-06-20,171,52,47,"{""sim_day"": 52.0, ""doy"": 171.0, ""topwt"": 770.4758453369141, ""grnwt"": 0.0, ""xlai"": 1.1366853713989258, ""totir"": 0.0, ""tofer"": NaN, ""swfac"": 0.0, ""nstres"": 0.0}",0.0,0.0,770.4758453369141,0.0,1.1366853713989258,0.0,,0.0,0.0,0.0,180.0,15.784741210937504,15.784741210937504,Leave_One_experiments/all_year_offline_schedule_search/daily_outputs/HLA/HLA_2023_HLA2023_normal_grid_S0028_daily.csv
HLA,HLA,Hailun,2023,Leave_One_experiments\wth_generated_qc\HLA\HLA2023.WTH,wet_year;nitrogen_stress_year;low_response_year,wet,HLA2023_normal_grid_S0028,pareto_balanced,2023-06-21,172,53,48,"{""sim_day"": 53.0, ""doy"": 172.0, ""topwt"": 851.6160583496094, ""grnwt"": 0.0, ""xlai"": 1.226471781730652, ""totir"": 0.0, ""tofer"": NaN, ""swfac"": 0.0, ""nstres"": 0.0}",0.0,0.0,851.6160583496094,0.0,1.226471781730652,0.0,,0.0,0.0,0.0,180.0,15.784741210937504,15.784741210937504,Leave_One_experiments/all_year_offline_schedule_search/daily_outputs/HLA/HLA_2023_HLA2023_normal_grid_S0028_daily.csv
HLA,HLA,Hailun,2023,Leave_One_experiments\wth_generated_qc\HLA\HLA2023.WTH,wet_year;nitrogen_stress_year;low_response_year,wet,HLA2023_normal_grid_S0028,pareto_balanced,2023-06-22,173,54,49,"{""sim_day"": 54.0, ""doy"": 173.0, ""topwt"": 935.3976440429688, ""grnwt"": 0.0, ""xlai"": 1.3152058124542236, ""totir"": 0.0, ""tofer"": NaN, ""swfac"": 0.0, ""nstres"": 0.0}",0.0,0.0,935.3976440429688,0.0,1.3152058124542236,0.0,,0.0,0.0,0.0,180.0,15.784741210937504,15.784741210937504,Leave_One_experiments/all_year_offline_schedule_search/daily_outputs/HLA/HLA_2023_HLA2023_normal_grid_S0028_daily.csv
HLA,HLA,Hailun,2023,Leave_One_experiments\wth_generated_qc\HLA\HLA2023.WTH,wet_year;nitrogen_stress_year;low_response_year,wet,HLA2023_normal_grid_S0028,pareto_balanced,2023-06-23,174,55,50,"{""sim_day"": 55.0, ""doy"": 174.0, ""topwt"": 1049.5364379882812, ""grnwt"": 0.0, ""xlai"": 1.4295755624771118, ""totir"": 0.0, ""tofer"": NaN, ""swfac"": 0.0, ""nstres"": 0.0}",0.0,0.0,1049.5364379882812,0.0,1.4295755624771118,0.0,,0.0,0.0,0.0,180.0,15.784741210937504,15.784741210937504,Leave_One_experiments/all_year_offline_schedule_search/daily_outputs/HLA/HLA_2023_HLA2023_normal_grid_S0028_daily.csv
HLA,HLA,Hailun,2023,Leave_One_experiments\wth_generated_qc\HLA\HLA2023.WTH,wet_year;nitrogen_stress_year;low_response_year,wet,HLA2023_normal_grid_S0028,pareto_balanced,2023-06-24,175,56,51,"{""sim_day"": 56.0, ""doy"": 175.0, ""topwt"": 1184.642333984375, ""grnwt"": 0.0, ""xlai"": 1.5564327239990234, ""totir"": 0.0, ""tofer"": NaN, ""swfac"": 0.0, ""nstres"": 0.0}",0.0,0.0,1184.642333984375,0.0,1.5564327239990234,0.0,,0.0,0.0,0.0,180.0,15.784741210937504,15.784741210937504,Leave_One_experiments/all_year_offline_schedule_search/daily_outputs/HLA/HLA_2023_HLA2023_normal_grid_S0028_daily.csv
HLA,HLA,Hailun,2023,Leave_One_experiments\wth_generated_qc\HLA\HLA2023.WTH,wet_year;nitrogen_stress_year;low_response_year,wet,HLA2023_normal_grid_S0028,pareto_balanced,2023-06-25,176,57,52,"{""sim_day"": 57.0, ""doy"": 176.0, ""topwt"": 1355.5482482910156, ""grnwt"": 0.0, ""xlai"": 1.704897403717041, ""totir"": 0.0, ""tofer"": NaN, ""swfac"": 0.0, ""nstres"": 0.0}",0.0,0.0,1355.5482482910156,0.0,1.704897403717041,0.0,,0.0,0.0,0.0,180.0,15.784741210937504,15.784741210937504,Leave_One_experiments/all_year_offline_schedule_search/daily_outputs/HLA/HLA_2023_HLA2023_normal_grid_S0028_daily.csv
HLA,HLA,Hailun,2023,Leave_One_experiments\wth_generated_qc\HLA\HLA2023.WTH,wet_year;nitrogen_stress_year;low_response_year,wet,HLA2023_normal_grid_S0028,pareto_balanced,2023-06-26,177,58,53,"{""sim_day"": 58.0, ""doy"": 177.0, ""topwt"": 1518.791046142578, ""grnwt"": 0.0, ""xlai"": 1.8366804122924805, ""totir"": 0.0, ""tofer"": NaN, ""swfac"": 0.0, ""nstres"": 0.0}",0.0,0.0,1518.791046142578,0.0,1.8366804122924805,0.0,,0.0,0.0,0.0,180.0,15.784741210937504,15.784741210937504,Leave_One_experiments/all_year_offline_schedule_search/daily_outputs/HLA/HLA_2023_HLA2023_normal_grid_S0028_daily.csv
HLA,HLA,Hailun,2023,Leave_One_experiments\wth_generated_qc\HLA\HLA2023.WTH,wet_year;nitrogen_stress_year;low_response_year,wet,HLA2023_normal_grid_S0028,pareto_balanced,2023-06-27,178,59,54,"{""sim_day"": 59.0, ""doy"": 178.0, ""topwt"": 1673.3309936523438, ""grnwt"": 0.0, ""xlai"": 1.95350444316864, ""totir"": 0.0, ""tofer"": NaN, ""swfac"": 0.0, ""nstres"": 0.0}",0.0,0.0,1673.3309936523438,0.0,1.95350444316864,0.0,,0.0,0.0,0.0,180.0,15.784741210937504,15.784741210937504,Leave_One_experiments/all_year_offline_schedule_search/daily_outputs/HLA/HLA_2023_HLA2023_normal_grid_S0028_daily.csv
HLA,HLA,Hailun,2023,Leave_One_experiments\wth_generated_qc\HLA\HLA2023.WTH,wet_year;nitrogen_stress_year;low_response_year,wet,HLA2023_normal_grid_S0028,pareto_balanced,2023-06-28,179,60,55,"{""sim_day"": 60.0, ""doy"": 179.0, ""topwt"": 1813.8365173339844, ""grnwt"": 0.0, ""xlai"": 2.053826808929444, ""totir"": 0.0, ""tofer"": NaN, ""swfac"": 0.0, ""nstres"": 0.0}",0.0,0.0,1813.8365173339844,0.0,2.053826808929444,0.0,,0.0,0.0,0.0,180.0,15.784741210937504,15.784741210937504,Leave_One_experiments/all_year_offline_schedule_search/daily_outputs/HLA/HLA_2023_HLA2023_normal_grid_S0028_daily.csv
HLA,HLA,Hailun,2023,Leave_One_experiments\wth_generated_qc\HLA\HLA2023.WTH,wet_year;nitrogen_stress_year;low_response_year,wet,HLA2023_normal_grid_S0028,pareto_balanced,2023-06-29,180,61,56,"{""sim_day"": 61.0, ""doy"": 180.0, ""topwt"": 1949.3685913085935, ""grnwt"": 0.0, ""xlai"": 2.1456949710845947, ""totir"": 0.0, ""tofer"": NaN, ""swfac"": 0.0, ""nstres"": 0.0}",0.0,0.0,1949.3685913085935,0.0,2.1456949710845947,0.0,,0.0,0.0,0.0,180.0,15.784741210937504,15.784741210937504,Leave_One_experiments/all_year_offline_schedule_search/daily_outputs/HLA/HLA_2023_HLA2023_normal_grid_S0028_daily.csv
HLA,HLA,Hailun,2023,Leave_One_experiments\wth_generated_qc\HLA\HLA2023.WTH,wet_year;nitrogen_stress_year;low_response_year,wet,HLA2023_normal_grid_S0028,pareto_balanced,2023-06-30,181,62,57,"{""sim_day"": 62.0, ""doy"": 181.0, ""topwt"": 2105.2818298339844, ""grnwt"": 0.0, ""xlai"": 2.245678186416626, ""totir"": 0.0, ""tofer"": NaN, ""swfac"": 0.0, ""nstres"": 0.0}",0.0,0.0,2105.2818298339844,0.0,2.245678186416626,0.0,,0.0,0.0,0.0,180.0,15.784741210937504,15.784741210937504,Leave_One_experiments/all_year_offline_schedule_search/daily_outputs/HLA/HLA_2023_HLA2023_normal_grid_S0028_daily.csv
HLA,HLA,Hailun,2023,Leave_One_experiments\wth_generated_qc\HLA\HLA2023.WTH,wet_year;nitrogen_stress_year;low_response_year,wet,HLA2023_normal_grid_S0028,pareto_balanced,2023-07-01,182,63,58,"{""sim_day"": 63.0, ""doy"": 182.0, ""topwt"": 2272.1221923828125, ""grnwt"": 0.0, ""xlai"": 2.346778154373169, ""totir"": 0.0, ""tofer"": NaN, ""swfac"": 0.0, ""nstres"": 0.0}",0.0,0.0,2272.1221923828125,0.0,2.346778154373169,0.0,,0.0,0.0,0.0,180.0,15.784741210937504,15.784741210937504,Leave_One_experiments/all_year_offline_schedule_search/daily_outputs/HLA/HLA_2023_HLA2023_normal_grid_S0028_daily.csv
HLA,HLA,Hailun,2023,Leave_One_experiments\wth_generated_qc\HLA\HLA2023.WTH,wet_year;nitrogen_stress_year;low_response_year,wet,HLA2023_normal_grid_S0028,pareto_balanced,2023-07-02,183,64,59,"{""sim_day"": 64.0, ""doy"": 183.0, ""topwt"": 2475.902709960937, ""grnwt"": 0.0, ""xlai"": 2.462620973587036, ""totir"": 0.0, ""tofer"": NaN, ""swfac"": 0.0, ""nstres"": 0.0}",0.0,0.0,2475.902709960937,0.0,2.462620973587036,0.0,,0.0,0.0,0.0,180.0,15.784741210937504,15.784741210937504,Leave_One_experiments/all_year_offline_schedule_search/daily_outputs/HLA/HLA_2023_HLA2023_normal_grid_S0028_daily.csv
HLA,HLA,Hailun,2023,Leave_One_experiments\wth_generated_qc\HLA\HLA2023.WTH,wet_year;nitrogen_stress_year;low_response_year,wet,HLA2023_normal_grid_S0028,pareto_balanced,2023-07-03,184,65,60,"{""sim_day"": 65.0, ""doy"": 184.0, ""topwt"": 2707.245178222656, ""grnwt"": 0.0, ""xlai"": 2.585475206375122, ""totir"": 0.0, ""tofer"": NaN, ""swfac"": 0.0, ""nstres"": 0.0}",0.0,0.0,2707.245178222656,0.0,2.585475206375122,0.0,,0.0,50.0,0.0,180.0,15.784741210937504,15.784741210937504,Leave_One_experiments/all_year_offline_schedule_search/daily_outputs/HLA/HLA_2023_HLA2023_normal_grid_S0028_daily.csv
HLA,HLA,Hailun,2023,Leave_One_experiments\wth_generated_qc\HLA\HLA2023.WTH,wet_year;nitrogen_stress_year;low_response_year,wet,HLA2023_normal_grid_S0028,pareto_balanced,2023-07-04,185,66,61,"{""sim_day"": 66.0, ""doy"": 185.0, ""topwt"": 2837.1676635742188, ""grnwt"": 0.0, ""xlai"": 2.6504697799682617, ""totir"": 0.0, ""tofer"": NaN, ""swfac"": 0.0, ""nstres"": 0.0}",0.0,0.0,2837.1676635742188,0.0,2.6504697799682617,0.0,,0.0,0.0,0.0,180.0,15.784741210937504,15.784741210937504,Leave_One_experiments/all_year_offline_schedule_search/daily_outputs/HLA/HLA_2023_HLA2023_normal_grid_S0028_daily.csv
HLA,HLA,Hailun,2023,Leave_One_experiments\wth_generated_qc\HLA\HLA2023.WTH,wet_year;nitrogen_stress_year;low_response_year,wet,HLA2023_normal_grid_S0028,pareto_balanced,2023-07-05,186,67,62,"{""sim_day"": 67.0, ""doy"": 186.0, ""topwt"": 3047.851867675781, ""grnwt"": 0.0, ""xlai"": 2.75049376487732, ""totir"": 0.0, ""tofer"": NaN, ""swfac"": 0.0, ""nstres"": 0.0}",0.0,0.0,3047.851867675781,0.0,2.75049376487732,0.0,,0.0,0.0,0.0,180.0,15.784741210937504,15.784741210937504,Leave_One_experiments/all_year_offline_schedule_search/daily_outputs/HLA/HLA_2023_HLA2023_normal_grid_S0028_daily.csv
HLA,HLA,Hailun,2023,Leave_One_experiments\wth_generated_qc\HLA\HLA2023.WTH,wet_year;nitrogen_stress_year;low_response_year,wet,HLA2023_normal_grid_S0028,pareto_balanced,2023-07-06,187,68,63,"{""sim_day"": 68.0, ""doy"": 187.0, ""topwt"": 3283.34228515625, ""grnwt"": 0.0, ""xlai"": 2.856058359146118, ""totir"": 0.0, ""tofer"": NaN, ""swfac"": 0.0, ""nstres"": 0.0}",0.0,0.0,3283.34228515625,0.0,2.856058359146118,0.0,,0.0,0.0,0.0,180.0,15.784741210937504,15.784741210937504,Leave_One_experiments/all_year_offline_schedule_search/daily_outputs/HLA/HLA_2023_HLA2023_normal_grid_S0028_daily.csv
HLA,HLA,Hailun,2023,Leave_One_experiments\wth_generated_qc\HLA\HLA2023.WTH,wet_year;nitrogen_stress_year;low_response_year,wet,HLA2023_normal_grid_S0028,pareto_balanced,2023-07-07,188,69,64,"{""sim_day"": 69.0, ""doy"": 188.0, ""topwt"": 3558.4597778320312, ""grnwt"": 0.0, ""xlai"": 2.971958875656128, ""totir"": 0.0, ""tofer"": NaN, ""swfac"": 0.0, ""nstres"": 0.0}",0.0,0.0,3558.4597778320312,0.0,2.971958875656128,0.0,,0.0,0.0,0.0,180.0,15.784741210937504,15.784741210937504,Leave_One_experiments/all_year_offline_schedule_search/daily_outputs/HLA/HLA_2023_HLA2023_normal_grid_S0028_daily.csv
HLA,HLA,Hailun,2023,Leave_One_experiments\wth_generated_qc\HLA\HLA2023.WTH,wet_year;nitrogen_stress_year;low_response_year,wet,HLA2023_normal_grid_S0028,pareto_balanced,2023-07-08,189,70,65,"{""sim_day"": 70.0, ""doy"": 189.0, ""topwt"": 3837.2564697265625, ""grnwt"": 0.0, ""xlai"": 3.112726211547852, ""totir"": 0.0, ""tofer"": NaN, ""swfac"": 0.0, ""nstres"": 0.0}",0.0,0.0,3837.2564697265625,0.0,3.112726211547852,0.0,,0.0,0.0,0.0,180.0,15.784741210937504,15.784741210937504,Leave_One_experiments/all_year_offline_schedule_search/daily_outputs/HLA/HLA_2023_HLA2023_normal_grid_S0028_daily.csv
HLA,HLA,Hailun,2023,Leave_One_experiments\wth_generated_qc\HLA\HLA2023.WTH,wet_year;nitrogen_stress_year;low_response_year,wet,HLA2023_normal_grid_S0028,pareto_balanced,2023-07-09,190,71,66,"{""sim_day"": 71.0, ""doy"": 190.0, ""topwt"": 4057.557678222656, ""grnwt"": 0.0, ""xlai"": 3.2051804065704346, ""totir"": 0.0, ""tofer"": NaN, ""swfac"": 0.0, ""nstres"": 0.0}",0.0,0.0,4057.557678222656,0.0,3.2051804065704346,0.0,,0.0,0.0,0.0,180.0,15.784741210937504,15.784741210937504,Leave_One_experiments/all_year_offline_schedule_search/daily_outputs/HLA/HLA_2023_HLA2023_normal_grid_S0028_daily.csv
HLA,HLA,Hailun,2023,Leave_One_experiments\wth_generated_qc\HLA\HLA2023.WTH,wet_year;nitrogen_stress_year;low_response_year,wet,HLA2023_normal_grid_S0028,pareto_balanced,2023-07-10,191,72,67,"{""sim_day"": 72.0, ""doy"": 191.0, ""topwt"": 4312.1124267578125, ""grnwt"": 0.0, ""xlai"": 3.300575017929077, ""totir"": 0.0, ""tofer"": NaN, ""swfac"": 0.0, ""nstres"": 0.0}",0.0,0.0,4312.1124267578125,0.0,3.300575017929077,0.0,,0.0,0.0,0.0,180.0,15.784741210937504,15.784741210937504,Leave_One_experiments/all_year_offline_schedule_search/daily_outputs/HLA/HLA_2023_HLA2023_normal_grid_S0028_daily.csv
HLA,HLA,Hailun,2023,Leave_One_experiments\wth_generated_qc\HLA\HLA2023.WTH,wet_year;nitrogen_stress_year;low_response_year,wet,HLA2023_normal_grid_S0028,pareto_balanced,2023-07-11,192,73,68,"{""sim_day"": 73.0, ""doy"": 192.0, ""topwt"": 4585.786437988281, ""grnwt"": 0.0, ""xlai"": 3.39357328414917, ""totir"": 0.0, ""tofer"": NaN, ""swfac"": 0.0, ""nstres"": 0.0}",0.0,0.0,4585.786437988281,0.0,3.39357328414917,0.0,,0.0,0.0,0.0,180.0,15.784741210937504,15.784741210937504,Leave_One_experiments/all_year_offline_schedule_search/daily_outputs/HLA/HLA_2023_HLA2023_normal_grid_S0028_daily.csv
HLA,HLA,Hailun,2023,Leave_One_experiments\wth_generated_qc\HLA\HLA2023.WTH,wet_year;nitrogen_stress_year;low_response_year,wet,HLA2023_normal_grid_S0028,pareto_balanced,2023-07-12,193,74,69,"{""sim_day"": 74.0, ""doy"": 193.0, ""topwt"": 4885.3033447265625, ""grnwt"": 0.0, ""xlai"": 3.486744165420532, ""totir"": 0.0, ""tofer"": NaN, ""swfac"": 0.0, ""nstres"": 0.0}",0.0,0.0,4885.3033447265625,0.0,3.486744165420532,0.0,,0.0,0.0,0.0,180.0,15.784741210937504,15.784741210937504,Leave_One_experiments/all_year_offline_schedule_search/daily_outputs/HLA/HLA_2023_HLA2023_normal_grid_S0028_daily.csv
HLA,HLA,Hailun,2023,Leave_One_experiments\wth_generated_qc\HLA\HLA2023.WTH,wet_year;nitrogen_stress_year;low_response_year,wet,HLA2023_normal_grid_S0028,pareto_balanced,2023-07-13,194,75,70,"{""sim_day"": 75.0, ""doy"": 194.0, ""topwt"": 5024.886779785156, ""grnwt"": 0.0, ""xlai"": 3.5272998809814453, ""totir"": 0.0, ""tofer"": NaN, ""swfac"": 0.0, ""nstres"": 0.0}",0.0,0.0,5024.886779785156,0.0,3.5272998809814453,0.0,,0.0,0.0,0.0,180.0,15.784741210937504,15.784741210937504,Leave_One_experiments/all_year_offline_schedule_search/daily_outputs/HLA/HLA_2023_HLA2023_normal_grid_S0028_daily.csv
HLA,HLA,Hailun,2023,Leave_One_experiments\wth_generated_qc\HLA\HLA2023.WTH,wet_year;nitrogen_stress_year;low_response_year,wet,HLA2023_normal_grid_S0028,pareto_balanced,2023-07-14,195,76,71,"{""sim_day"": 76.0, ""doy"": 195.0, ""topwt"": 5205.249633789063, ""grnwt"": 0.0, ""xlai"": 3.577692031860352, ""totir"": 0.0, ""tofer"": NaN, ""swfac"": 0.0, ""nstres"": 0.0}",0.0,0.0,5205.249633789063,0.0,3.577692031860352,0.0,,0.0,0.0,0.0,180.0,15.784741210937504,15.784741210937504,Leave_One_experiments/all_year_offline_schedule_search/daily_outputs/HLA/HLA_2023_HLA2023_normal_grid_S0028_daily.csv
HLA,HLA,Hailun,2023,Leave_One_experiments\wth_generated_qc\HLA\HLA2023.WTH,wet_year;nitrogen_stress_year;low_response_year,wet,HLA2023_normal_grid_S0028,pareto_balanced,2023-07-15,196,77,72,"{""sim_day"": 77.0, ""doy"": 196.0, ""topwt"": 5383.082275390625, ""grnwt"": 0.0, ""xlai"": 3.625544786453247, ""totir"": 0.0, ""tofer"": NaN, ""swfac"": 0.0, ""nstres"": 0.0}",0.0,0.0,5383.082275390625,0.0,3.625544786453247,0.0,,0.0,0.0,0.0,180.0,15.784741210937504,15.784741210937504,Leave_One_experiments/all_year_offline_schedule_search/daily_outputs/HLA/HLA_2023_HLA2023_normal_grid_S0028_daily.csv
HLA,HLA,Hailun,2023,Leave_One_experiments\wth_generated_qc\HLA\HLA2023.WTH,wet_year;nitrogen_stress_year;low_response_year,wet,HLA2023_normal_grid_S0028,pareto_balanced,2023-07-16,197,78,73,"{""sim_day"": 78.0, ""doy"": 197.0, ""topwt"": 5558.726806640625, ""grnwt"": 0.0, ""xlai"": 3.671201944351196, ""totir"": 0.0, ""tofer"": NaN, ""swfac"": 0.0, ""nstres"": 0.0}",0.0,0.0,5558.726806640625,0.0,3.671201944351196,0.0,,0.0,0.0,0.0,180.0,15.784741210937504,15.784741210937504,Leave_One_experiments/all_year_offline_schedule_search/daily_outputs/HLA/HLA_2023_HLA2023_normal_grid_S0028_daily.csv
HLA,HLA,Hailun,2023,Leave_One_experiments\wth_generated_qc\HLA\HLA2023.WTH,wet_year;nitrogen_stress_year;low_response_year,wet,HLA2023_normal_grid_S0028,pareto_balanced,2023-07-17,198,79,74,"{""sim_day"": 79.0, ""doy"": 198.0, ""topwt"": 5781.3409423828125, ""grnwt"": 0.0, ""xlai"": 3.726867914199829, ""totir"": 0.0, ""tofer"": NaN, ""swfac"": 0.0, ""nstres"": 0.0}",0.0,0.0,5781.3409423828125,0.0,3.726867914199829,0.0,,0.0,0.0,0.0,180.0,15.784741210937504,15.784741210937504,Leave_One_experiments/all_year_offline_schedule_search/daily_outputs/HLA/HLA_2023_HLA2023_normal_grid_S0028_daily.csv
HLA,HLA,Hailun,2023,Leave_One_experiments\wth_generated_qc\HLA\HLA2023.WTH,wet_year;nitrogen_stress_year;low_response_year,wet,HLA2023_normal_grid_S0028,pareto_balanced,2023-07-18,199,80,75,"{""sim_day"": 80.0, ""doy"": 199.0, ""topwt"": 6043.2763671875, ""grnwt"": 0.0, ""xlai"": 3.792349815368652, ""totir"": 0.0, ""tofer"": NaN, ""swfac"": 0.0, ""nstres"": 0.0}",0.0,0.0,6043.2763671875,0.0,3.792349815368652,0.0,,0.0,0.0,0.0,180.0,15.784741210937504,15.784741210937504,Leave_One_experiments/all_year_offline_schedule_search/daily_outputs/HLA/HLA_2023_HLA2023_normal_grid_S0028_daily.csv
HLA,HLA,Hailun,2023,Leave_One_experiments\wth_generated_qc\HLA\HLA2023.WTH,wet_year;nitrogen_stress_year;low_response_year,wet,HLA2023_normal_grid_S0028,pareto_balanced,2023-07-19,200,81,76,"{""sim_day"": 81.0, ""doy"": 200.0, ""topwt"": 6313.501586914063, ""grnwt"": 0.0, ""xlai"": 3.859830379486084, ""totir"": 0.0, ""tofer"": NaN, ""swfac"": 0.0, ""nstres"": 0.0}",0.0,0.0,6313.501586914063,0.0,3.859830379486084,0.0,,0.0,0.0,0.0,180.0,15.784741210937504,15.784741210937504,Leave_One_experiments/all_year_offline_schedule_search/daily_outputs/HLA/HLA_2023_HLA2023_normal_grid_S0028_daily.csv
HLA,HLA,Hailun,2023,Leave_One_experiments\wth_generated_qc\HLA\HLA2023.WTH,wet_year;nitrogen_stress_year;low_response_year,wet,HLA2023_normal_grid_S0028,pareto_balanced,2023-07-20,201,82,77,"{""sim_day"": 82.0, ""doy"": 201.0, ""topwt"": 6552.841796875, ""grnwt"": 0.0, ""xlai"": 3.919490098953247, ""totir"": 0.0, ""tofer"": NaN, ""swfac"": 0.0, ""nstres"": 0.0}",0.0,0.0,6552.841796875,0.0,3.919490098953247,0.0,,0.0,0.0,0.0,180.0,15.784741210937504,15.784741210937504,Leave_One_experiments/all_year_offline_schedule_search/daily_outputs/HLA/HLA_2023_HLA2023_normal_grid_S0028_daily.csv
HLA,HLA,Hailun,2023,Leave_One_experiments\wth_generated_qc\HLA\HLA2023.WTH,wet_year;nitrogen_stress_year;low_response_year,wet,HLA2023_normal_grid_S0028,pareto_balanced,2023-07-21,202,83,78,"{""sim_day"": 83.0, ""doy"": 202.0, ""topwt"": 6769.19921875, ""grnwt"": 0.0, ""xlai"": 3.973329544067383, ""totir"": 0.0, ""tofer"": NaN, ""swfac"": 0.0, ""nstres"": 0.0}",0.0,0.0,6769.19921875,0.0,3.973329544067383,0.0,,0.0,0.0,0.0,180.0,15.784741210937504,15.784741210937504,Leave_One_experiments/all_year_offline_schedule_search/daily_outputs/HLA/HLA_2023_HLA2023_normal_grid_S0028_daily.csv
HLA,HLA,Hailun,2023,Leave_One_experiments\wth_generated_qc\HLA\HLA2023.WTH,wet_year;nitrogen_stress_year;low_response_year,wet,HLA2023_normal_grid_S0028,pareto_balanced,2023-07-22,203,84,79,"{""sim_day"": 84.0, ""doy"": 203.0, ""topwt"": 6972.124633789063, ""grnwt"": 0.0, ""xlai"": 4.023754119873047, ""totir"": 0.0, ""tofer"": NaN, ""swfac"": 0.0, ""nstres"": 0.0}",0.0,0.0,6972.124633789063,0.0,4.023754119873047,0.0,,0.0,0.0,0.0,180.0,15.784741210937504,15.784741210937504,Leave_One_experiments/all_year_offline_schedule_search/daily_outputs/HLA/HLA_2023_HLA2023_normal_grid_S0028_daily.csv
HLA,HLA,Hailun,2023,Leave_One_experiments\wth_generated_qc\HLA\HLA2023.WTH,wet_year;nitrogen_stress_year;low_response_year,wet,HLA2023_normal_grid_S0028,pareto_balanced,2023-07-23,204,85,80,"{""sim_day"": 85.0, ""doy"": 204.0, ""topwt"": 7177.623901367188, ""grnwt"": 0.0, ""xlai"": 4.074001789093018, ""totir"": 0.0, ""tofer"": NaN, ""swfac"": 0.0, ""nstres"": 0.0}",0.0,0.0,7177.623901367188,0.0,4.074001789093018,0.0,,0.0,0.0,0.0,180.0,15.784741210937504,15.784741210937504,Leave_One_experiments/all_year_offline_schedule_search/daily_outputs/HLA/HLA_2023_HLA2023_normal_grid_S0028_daily.csv
HLA,HLA,Hailun,2023,Leave_One_experiments\wth_generated_qc\HLA\HLA2023.WTH,wet_year;nitrogen_stress_year;low_response_year,wet,HLA2023_normal_grid_S0028,pareto_balanced,2023-07-24,205,86,81,"{""sim_day"": 86.0, ""doy"": 205.0, ""topwt"": 7499.3890380859375, ""grnwt"": 0.0, ""xlai"": 3.8826472759246826, ""totir"": 0.0, ""tofer"": NaN, ""swfac"": 0.0, ""nstres"": 0.0}",0.0,0.0,7499.3890380859375,0.0,3.8826472759246826,0.0,,0.0,0.0,0.0,180.0,15.784741210937504,15.784741210937504,Leave_One_experiments/all_year_offline_schedule_search/daily_outputs/HLA/HLA_2023_HLA2023_normal_grid_S0028_daily.csv
HLA,HLA,Hailun,2023,Leave_One_experiments\wth_generated_qc\HLA\HLA2023.WTH,wet_year;nitrogen_stress_year;low_response_year,wet,HLA2023_normal_grid_S0028,pareto_balanced,2023-07-25,206,87,82,"{""sim_day"": 87.0, ""doy"": 206.0, ""topwt"": 7815.379638671875, ""grnwt"": 0.0, ""xlai"": 3.866062879562378, ""totir"": 0.0, ""tofer"": NaN, ""swfac"": 0.0, ""nstres"": 0.0}",0.0,0.0,7815.379638671875,0.0,3.866062879562378,0.0,,0.0,0.0,0.0,180.0,15.784741210937504,15.784741210937504,Leave_One_experiments/all_year_offline_schedule_search/daily_outputs/HLA/HLA_2023_HLA2023_normal_grid_S0028_daily.csv
HLA,HLA,Hailun,2023,Leave_One_experiments\wth_generated_qc\HLA\HLA2023.WTH,wet_year;nitrogen_stress_year;low_response_year,wet,HLA2023_normal_grid_S0028,pareto_balanced,2023-07-26,207,88,83,"{""sim_day"": 88.0, ""doy"": 207.0, ""topwt"": 8128.631591796875, ""grnwt"": 0.0, ""xlai"": 3.85132098197937, ""totir"": 0.0, ""tofer"": NaN, ""swfac"": 0.0, ""nstres"": 0.0}",0.0,0.0,8128.631591796875,0.0,3.85132098197937,0.0,,0.0,0.0,0.0,180.0,15.784741210937504,15.784741210937504,Leave_One_experiments/all_year_offline_schedule_search/daily_outputs/HLA/HLA_2023_HLA2023_normal_grid_S0028_daily.csv
HLA,HLA,Hailun,2023,Leave_One_experiments\wth_generated_qc\HLA\HLA2023.WTH,wet_year;nitrogen_stress_year;low_response_year,wet,HLA2023_normal_grid_S0028,pareto_balanced,2023-07-27,208,89,84,"{""sim_day"": 89.0, ""doy"": 208.0, ""topwt"": 8439.073486328125, ""grnwt"": 0.0, ""xlai"": 3.8359646797180176, ""totir"": 0.0, ""tofer"": NaN, ""swfac"": 0.0, ""nstres"": 0.0}",0.0,0.0,8439.073486328125,0.0,3.8359646797180176,0.0,,0.0,0.0,0.0,180.0,15.784741210937504,15.784741210937504,Leave_One_experiments/all_year_offline_schedule_search/daily_outputs/HLA/HLA_2023_HLA2023_normal_grid_S0028_daily.csv
HLA,HLA,Hailun,2023,Leave_One_experiments\wth_generated_qc\HLA\HLA2023.WTH,wet_year;nitrogen_stress_year;low_response_year,wet,HLA2023_normal_grid_S0028,pareto_balanced,2023-07-28,209,90,85,"{""sim_day"": 90.0, ""doy"": 209.0, ""topwt"": 8746.43310546875, ""grnwt"": 0.0, ""xlai"": 3.819073438644409, ""totir"": 0.0, ""tofer"": NaN, ""swfac"": 0.0, ""nstres"": 0.0}",0.0,0.0,8746.43310546875,0.0,3.819073438644409,0.0,,0.0,0.0,0.0,180.0,15.784741210937504,15.784741210937504,Leave_One_experiments/all_year_offline_schedule_search/daily_outputs/HLA/HLA_2023_HLA2023_normal_grid_S0028_daily.csv
HLA,HLA,Hailun,2023,Leave_One_experiments\wth_generated_qc\HLA\HLA2023.WTH,wet_year;nitrogen_stress_year;low_response_year,wet,HLA2023_normal_grid_S0028,pareto_balanced,2023-07-29,210,91,86,"{""sim_day"": 91.0, ""doy"": 210.0, ""topwt"": 9050.79345703125, ""grnwt"": 0.0, ""xlai"": 3.802847146987915, ""totir"": 0.0, ""tofer"": NaN, ""swfac"": 0.0, ""nstres"": 0.0}",0.0,0.0,9050.79345703125,0.0,3.802847146987915,0.0,,0.0,0.0,0.0,180.0,15.784741210937504,15.784741210937504,Leave_One_experiments/all_year_offline_schedule_search/daily_outputs/HLA/HLA_2023_HLA2023_normal_grid_S0028_daily.csv
HLA,HLA,Hailun,2023,Leave_One_experiments\wth_generated_qc\HLA\HLA2023.WTH,wet_year;nitrogen_stress_year;low_response_year,wet,HLA2023_normal_grid_S0028,pareto_balanced,2023-07-30,211,92,87,"{""sim_day"": 92.0, ""doy"": 211.0, ""topwt"": 9352.212524414062, ""grnwt"": 0.0, ""xlai"": 3.786927938461304, ""totir"": 0.0, ""tofer"": NaN, ""swfac"": 0.0, ""nstres"": 0.0}",0.0,0.0,9352.212524414062,0.0,3.786927938461304,0.0,,0.0,0.0,0.0,180.0,15.784741210937504,15.784741210937504,Leave_One_experiments/all_year_offline_schedule_search/daily_outputs/HLA/HLA_2023_HLA2023_normal_grid_S0028_daily.csv
HLA,HLA,Hailun,2023,Leave_One_experiments\wth_generated_qc\HLA\HLA2023.WTH,wet_year;nitrogen_stress_year;low_response_year,wet,HLA2023_normal_grid_S0028,pareto_balanced,2023-07-31,212,93,88,"{""sim_day"": 93.0, ""doy"": 212.0, ""topwt"": 9703.475952148438, ""grnwt"": 0.0, ""xlai"": 3.7666070461273193, ""totir"": 0.0, ""tofer"": NaN, ""swfac"": 0.0, ""nstres"": 0.0}",0.0,0.0,9703.475952148438,0.0,3.7666070461273193,0.0,,0.0,0.0,0.0,180.0,15.784741210937504,15.784741210937504,Leave_One_experiments/all_year_offline_schedule_search/daily_outputs/HLA/HLA_2023_HLA2023_normal_grid_S0028_daily.csv
HLA,HLA,Hailun,2023,Leave_One_experiments\wth_generated_qc\HLA\HLA2023.WTH,wet_year;nitrogen_stress_year;low_response_year,wet,HLA2023_normal_grid_S0028,pareto_balanced,2023-08-01,213,94,89,"{""sim_day"": 94.0, ""doy"": 213.0, ""topwt"": 9953.71826171875, ""grnwt"": 0.0, ""xlai"": 3.749254703521729, ""totir"": 0.0, ""tofer"": NaN, ""swfac"": 0.0, ""nstres"": 0.0}",0.0,0.0,9953.71826171875,0.0,3.749254703521729,0.0,,0.0,0.0,0.0,180.0,15.784741210937504,15.784741210937504,Leave_One_experiments/all_year_offline_schedule_search/daily_outputs/HLA/HLA_2023_HLA2023_normal_grid_S0028_daily.csv
HLA,HLA,Hailun,2023,Leave_One_experiments\wth_generated_qc\HLA\HLA2023.WTH,wet_year;nitrogen_stress_year;low_response_year,wet,HLA2023_normal_grid_S0028,pareto_balanced,2023-08-02,214,95,90,"{""sim_day"": 95.0, ""doy"": 214.0, ""topwt"": 10201.10595703125, ""grnwt"": 0.0, ""xlai"": 3.733796358108521, ""totir"": 0.0, ""tofer"": NaN, ""swfac"": 0.0, ""nstres"": 0.0}",0.0,0.0,10201.10595703125,0.0,3.733796358108521,0.0,,0.0,0.0,0.0,180.0,15.784741210937504,15.784741210937504,Leave_One_experiments/all_year_offline_schedule_search/daily_outputs/HLA/HLA_2023_HLA2023_normal_grid_S0028_daily.csv
HLA,HLA,Hailun,2023,Leave_One_experiments\wth_generated_qc\HLA\HLA2023.WTH,wet_year;nitrogen_stress_year;low_response_year,wet,HLA2023_normal_grid_S0028,pareto_balanced,2023-08-03,215,96,91,"{""sim_day"": 96.0, ""doy"": 215.0, ""topwt"": 10446.424560546877, ""grnwt"": 0.0, ""xlai"": 3.722893714904785, ""totir"": 0.0, ""tofer"": NaN, ""swfac"": 0.0, ""nstres"": 0.0}",0.0,0.0,10446.424560546877,0.0,3.722893714904785,0.0,,0.0,0.0,0.0,180.0,15.784741210937504,15.784741210937504,Leave_One_experiments/all_year_offline_schedule_search/daily_outputs/HLA/HLA_2023_HLA2023_normal_grid_S0028_daily.csv
HLA,HLA,Hailun,2023,Leave_One_experiments\wth_generated_qc\HLA\HLA2023.WTH,wet_year;nitrogen_stress_year;low_response_year,wet,HLA2023_normal_grid_S0028,pareto_balanced,2023-08-04,216,97,92,"{""sim_day"": 97.0, ""doy"": 216.0, ""topwt"": 10610.8349609375, ""grnwt"": 164.41011428833008, ""xlai"": 3.639728307723999, ""totir"": 0.0, ""tofer"": NaN, ""swfac"": 0.0, ""nstres"": 0.0}",0.0,0.0,10610.8349609375,164.41011428833008,3.639728307723999,0.0,,0.0,0.0,0.0,180.0,15.784741210937504,15.784741210937504,Leave_One_experiments/all_year_offline_schedule_search/daily_outputs/HLA/HLA_2023_HLA2023_normal_grid_S0028_daily.csv
HLA,HLA,Hailun,2023,Leave_One_experiments\wth_generated_qc\HLA\HLA2023.WTH,wet_year;nitrogen_stress_year;low_response_year,wet,HLA2023_normal_grid_S0028,pareto_balanced,2023-08-05,217,98,93,"{""sim_day"": 98.0, ""doy"": 217.0, ""topwt"": 10775.245361328123, ""grnwt"": 328.82022857666016, ""xlai"": 3.629679918289185, ""totir"": 0.0, ""tofer"": NaN, ""swfac"": 0.0, ""nstres"": 0.0}",0.0,0.0,10775.245361328123,328.82022857666016,3.629679918289185,0.0,,0.0,0.0,0.0,180.0,15.784741210937504,15.784741210937504,Leave_One_experiments/all_year_offline_schedule_search/daily_outputs/HLA/HLA_2023_HLA2023_normal_grid_S0028_daily.csv
HLA,HLA,Hailun,2023,Leave_One_experiments\wth_generated_qc\HLA\HLA2023.WTH,wet_year;nitrogen_stress_year;low_response_year,wet,HLA2023_normal_grid_S0028,pareto_balanced,2023-08-06,218,99,94,"{""sim_day"": 99.0, ""doy"": 218.0, ""topwt"": 10939.65576171875, ""grnwt"": 493.23036193847656, ""xlai"": 3.618719100952149, ""totir"": 0.0, ""tofer"": NaN, ""swfac"": 0.0, ""nstres"": 0.0}",0.0,0.0,10939.65576171875,493.23036193847656,3.618719100952149,0.0,,0.0,0.0,0.0,180.0,15.784741210937504,15.784741210937504,Leave_One_experiments/all_year_offline_schedule_search/daily_outputs/HLA/HLA_2023_HLA2023_normal_grid_S0028_daily.csv
HLA,HLA,Hailun,2023,Leave_One_experiments\wth_generated_qc\HLA\HLA2023.WTH,wet_year;nitrogen_stress_year;low_response_year,wet,HLA2023_normal_grid_S0028,pareto_balanced,2023-08-07,219,100,95,"{""sim_day"": 100.0, ""doy"": 219.0, ""topwt"": 11104.06494140625, ""grnwt"": 657.6404571533203, ""xlai"": 3.6049089431762695, ""totir"": 0.0, ""tofer"": NaN, ""swfac"": 0.0, ""nstres"": 0.0}",0.0,0.0,11104.06494140625,657.6404571533203,3.6049089431762695,0.0,,0.0,0.0,0.0,180.0,15.784741210937504,15.784741210937504,Leave_One_experiments/all_year_offline_schedule_search/daily_outputs/HLA/HLA_2023_HLA2023_normal_grid_S0028_daily.csv
HLA,HLA,Hailun,2023,Leave_One_experiments\wth_generated_qc\HLA\HLA2023.WTH,wet_year;nitrogen_stress_year;low_response_year,wet,HLA2023_normal_grid_S0028,pareto_balanced,2023-08-08,220,101,96,"{""sim_day"": 101.0, ""doy"": 220.0, ""topwt"": 11268.475341796877, ""grnwt"": 822.0505523681641, ""xlai"": 3.5891170501708984, ""totir"": 0.0, ""tofer"": NaN, ""swfac"": 0.0, ""nstres"": 0.0}",0.0,0.0,11268.475341796877,822.0505523681641,3.5891170501708984,0.0,,0.0,0.0,0.0,180.0,15.784741210937504,15.784741210937504,Leave_One_experiments/all_year_offline_schedule_search/daily_outputs/HLA/HLA_2023_HLA2023_normal_grid_S0028_daily.csv
HLA,HLA,Hailun,2023,Leave_One_experiments\wth_generated_qc\HLA\HLA2023.WTH,wet_year;nitrogen_stress_year;low_response_year,wet,HLA2023_normal_grid_S0028,pareto_balanced,2023-08-09,221,102,97,"{""sim_day"": 102.0, ""doy"": 221.0, ""topwt"": 11432.8857421875, ""grnwt"": 986.4607238769532, ""xlai"": 3.5716049671173096, ""totir"": 0.0, ""tofer"": NaN, ""swfac"": 0.0, ""nstres"": 0.0}",0.0,0.0,11432.8857421875,986.4607238769532,3.5716049671173096,0.0,,0.0,0.0,0.0,180.0,15.784741210937504,15.784741210937504,Leave_One_experiments/all_year_offline_schedule_search/daily_outputs/HLA/HLA_2023_HLA2023_normal_grid_S0028_daily.csv
HLA,HLA,Hailun,2023,Leave_One_experiments\wth_generated_qc\HLA\HLA2023.WTH,wet_year;nitrogen_stress_year;low_response_year,wet,HLA2023_normal_grid_S0028,pareto_balanced,2023-08-10,222,103,98,"{""sim_day"": 103.0, ""doy"": 222.0, ""topwt"": 11597.294921875, ""grnwt"": 1150.8708190917969, ""xlai"": 3.548316717147827, ""totir"": 0.0, ""tofer"": NaN, ""swfac"": 0.0, ""nstres"": 0.0}",0.0,0.0,11597.294921875,1150.8708190917969,3.548316717147827,0.0,,0.0,0.0,0.0,180.0,15.784741210937504,15.784741210937504,Leave_One_experiments/all_year_offline_schedule_search/daily_outputs/HLA/HLA_2023_HLA2023_normal_grid_S0028_daily.csv
HLA,HLA,Hailun,2023,Leave_One_experiments\wth_generated_qc\HLA\HLA2023.WTH,wet_year;nitrogen_stress_year;low_response_year,wet,HLA2023_normal_grid_S0028,pareto_balanced,2023-08-11,223,104,99,"{""sim_day"": 104.0, ""doy"": 223.0, ""topwt"": 11761.705322265623, ""grnwt"": 1315.2809143066406, ""xlai"": 3.5249183177948, ""totir"": 0.0, ""tofer"": NaN, ""swfac"": 0.0, ""nstres"": 0.0}",0.0,0.0,11761.705322265623,1315.2809143066406,3.5249183177948,0.0,,0.0,0.0,0.0,180.0,15.784741210937504,15.784741210937504,Leave_One_experiments/all_year_offline_schedule_search/daily_outputs/HLA/HLA_2023_HLA2023_normal_grid_S0028_daily.csv
HLA,HLA,Hailun,2023,Leave_One_experiments\wth_generated_qc\HLA\HLA2023.WTH,wet_year;nitrogen_stress_year;low_response_year,wet,HLA2023_normal_grid_S0028,pareto_balanced,2023-08-12,224,105,100,"{""sim_day"": 105.0, ""doy"": 224.0, ""topwt"": 11926.11572265625, ""grnwt"": 1479.6910095214844, ""xlai"": 3.4974710941314697, ""totir"": 0.0, ""tofer"": NaN, ""swfac"": 0.0, ""nstres"": 0.0}",0.0,0.0,11926.11572265625,1479.6910095214844,3.4974710941314697,0.0,,0.0,0.0,0.0,180.0,15.784741210937504,15.784741210937504,Leave_One_experiments/all_year_offline_schedule_search/daily_outputs/HLA/HLA_2023_HLA2023_normal_grid_S0028_daily.csv
HLA,HLA,Hailun,2023,Leave_One_experiments\wth_generated_qc\HLA\HLA2023.WTH,wet_year;nitrogen_stress_year;low_response_year,wet,HLA2023_normal_grid_S0028,pareto_balanced,2023-08-13,225,106,101,"{""sim_day"": 106.0, ""doy"": 225.0, ""topwt"": 12090.526123046877, ""grnwt"": 1644.101104736328, ""xlai"": 3.464226484298706, ""totir"": 0.0, ""tofer"": NaN, ""swfac"": 0.0, ""nstres"": 0.0}",0.0,0.0,12090.526123046877,1644.101104736328,3.464226484298706,0.0,,0.0,0.0,0.0,180.0,15.784741210937504,15.784741210937504,Leave_One_experiments/all_year_offline_schedule_search/daily_outputs/HLA/HLA_2023_HLA2023_normal_grid_S0028_daily.csv
HLA,HLA,Hailun,2023,Leave_One_experiments\wth_generated_qc\HLA\HLA2023.WTH,wet_year;nitrogen_stress_year;low_response_year,wet,HLA2023_normal_grid_S0028,pareto_balanced,2023-08-14,226,107,102,"{""sim_day"": 107.0, ""doy"": 226.0, ""topwt"": 12254.935302734377, ""grnwt"": 1808.5113525390625, ""xlai"": 3.422961950302124, ""totir"": 0.0, ""tofer"": NaN, ""swfac"": 0.0, ""nstres"": 0.0}",0.0,0.0,12254.935302734377,1808.5113525390625,3.422961950302124,0.0,,0.0,0.0,0.0,180.0,15.784741210937504,15.784741210937504,Leave_One_experiments/all_year_offline_schedule_search/daily_outputs/HLA/HLA_2023_HLA2023_normal_grid_S0028_daily.csv
HLA,HLA,Hailun,2023,Leave_One_experiments\wth_generated_qc\HLA\HLA2023.WTH,wet_year;nitrogen_stress_year;low_response_year,wet,HLA2023_normal_grid_S0028,pareto_balanced,2023-08-15,227,108,103,"{""sim_day"": 108.0, ""doy"": 227.0, ""topwt"": 12419.345703125, ""grnwt"": 1972.9214477539065, ""xlai"": 3.377429485321045, ""totir"": 0.0, ""tofer"": NaN, ""swfac"": 0.0, ""nstres"": 0.0}",0.0,0.0,12419.345703125,1972.9214477539065,3.377429485321045,0.0,,0.0,0.0,0.0,180.0,15.784741210937504,15.784741210937504,Leave_One_experiments/all_year_offline_schedule_search/daily_outputs/HLA/HLA_2023_HLA2023_normal_grid_S0028_daily.csv
HLA,HLA,Hailun,2023,Leave_One_experiments\wth_generated_qc\HLA\HLA2023.WTH,wet_year;nitrogen_stress_year;low_response_year,wet,HLA2023_normal_grid_S0028,pareto_balanced,2023-08-16,228,109,104,"{""sim_day"": 109.0, ""doy"": 228.0, ""topwt"": 12583.7548828125, ""grnwt"": 2137.3313903808594, ""xlai"": 3.3308265209198, ""totir"": 0.0, ""tofer"": NaN, ""swfac"": 0.0, ""nstres"": 0.0}",0.0,0.0,12583.7548828125,2137.3313903808594,3.3308265209198,0.0,,0.0,0.0,0.0,180.0,15.784741210937504,15.784741210937504,Leave_One_experiments/all_year_offline_schedule_search/daily_outputs/HLA/HLA_2023_HLA2023_normal_grid_S0028_daily.csv
HLA,HLA,Hailun,2023,Leave_One_experiments\wth_generated_qc\HLA\HLA2023.WTH,wet_year;nitrogen_stress_year;low_response_year,wet,HLA2023_normal_grid_S0028,pareto_balanced,2023-08-17,229,110,105,"{""sim_day"": 110.0, ""doy"": 229.0, ""topwt"": 12748.16650390625, ""grnwt"": 2301.7413330078125, ""xlai"": 3.277352333068848, ""totir"": 0.0, ""tofer"": NaN, ""swfac"": 0.0, ""nstres"": 0.0}",0.0,0.0,12748.16650390625,2301.7413330078125,3.277352333068848,0.0,,0.0,0.0,0.0,180.0,15.784741210937504,15.784741210937504,Leave_One_experiments/all_year_offline_schedule_search/daily_outputs/HLA/HLA_2023_HLA2023_normal_grid_S0028_daily.csv
HLA,HLA,Hailun,2023,Leave_One_experiments\wth_generated_qc\HLA\HLA2023.WTH,wet_year;nitrogen_stress_year;low_response_year,wet,HLA2023_normal_grid_S0028,pareto_balanced,2023-08-18,230,111,106,"{""sim_day"": 111.0, ""doy"": 230.0, ""topwt"": 12912.57568359375, ""grnwt"": 2466.151428222656, ""xlai"": 3.2337605953216557, ""totir"": 0.0, ""tofer"": NaN, ""swfac"": 0.0, ""nstres"": 0.0}",0.0,0.0,12912.57568359375,2466.151428222656,3.2337605953216557,0.0,,0.0,0.0,0.0,180.0,15.784741210937504,15.784741210937504,Leave_One_experiments/all_year_offline_schedule_search/daily_outputs/HLA/HLA_2023_HLA2023_normal_grid_S0028_daily.csv
HLA,HLA,Hailun,2023,Leave_One_experiments\wth_generated_qc\HLA\HLA2023.WTH,wet_year;nitrogen_stress_year;low_response_year,wet,HLA2023_normal_grid_S0028,pareto_balanced,2023-08-19,231,112,107,"{""sim_day"": 112.0, ""doy"": 231.0, ""topwt"": 13076.9873046875, ""grnwt"": 2630.5615234375, ""xlai"": 3.17950177192688, ""totir"": 0.0, ""tofer"": NaN, ""swfac"": 0.0, ""nstres"": 0.0}",0.0,0.0,13076.9873046875,2630.5615234375,3.17950177192688,0.0,,0.0,0.0,0.0,180.0,15.784741210937504,15.784741210937504,Leave_One_experiments/all_year_offline_schedule_search/daily_outputs/HLA/HLA_2023_HLA2023_normal_grid_S0028_daily.csv
HLA,HLA,Hailun,2023,Leave_One_experiments\wth_generated_qc\HLA\HLA2023.WTH,wet_year;nitrogen_stress_year;low_response_year,wet,HLA2023_normal_grid_S0028,pareto_balanced,2023-08-20,232,113,108,"{""sim_day"": 113.0, ""doy"": 232.0, ""topwt"": 13241.396484375, ""grnwt"": 2794.9713134765625, ""xlai"": 3.118508100509644, ""totir"": 0.0, ""tofer"": NaN, ""swfac"": 0.0, ""nstres"": 0.0}",0.0,0.0,13241.396484375,2794.9713134765625,3.118508100509644,0.0,,0.0,0.0,0.0,180.0,15.784741210937504,15.784741210937504,Leave_One_experiments/all_year_offline_schedule_search/daily_outputs/HLA/HLA_2023_HLA2023_normal_grid_S0028_daily.csv
HLA,HLA,Hailun,2023,Leave_One_experiments\wth_generated_qc\HLA\HLA2023.WTH,wet_year;nitrogen_stress_year;low_response_year,wet,HLA2023_normal_grid_S0028,pareto_balanced,2023-08-21,233,114,109,"{""sim_day"": 114.0, ""doy"": 233.0, ""topwt"": 13405.80810546875, ""grnwt"": 2959.3814086914062, ""xlai"": 3.0605664253234863, ""totir"": 0.0, ""tofer"": NaN, ""swfac"": 0.0, ""nstres"": 0.0}",0.0,0.0,13405.80810546875,2959.3814086914062,3.0605664253234863,0.0,,0.0,0.0,0.0,180.0,15.784741210937504,15.784741210937504,Leave_One_experiments/all_year_offline_schedule_search/daily_outputs/HLA/HLA_2023_HLA2023_normal_grid_S0028_daily.csv
HLA,HLA,Hailun,2023,Leave_One_experiments\wth_generated_qc\HLA\HLA2023.WTH,wet_year;nitrogen_stress_year;low_response_year,wet,HLA2023_normal_grid_S0028,pareto_balanced,2023-08-22,234,115,110,"{""sim_day"": 115.0, ""doy"": 234.0, ""topwt"": 13570.21728515625, ""grnwt"": 3123.79150390625, ""xlai"": 3.002674102783203, ""totir"": 0.0, ""tofer"": NaN, ""swfac"": 0.0, ""nstres"": 0.0}",0.0,0.0,13570.21728515625,3123.79150390625,3.002674102783203,0.0,,0.0,0.0,0.0,180.0,15.784741210937504,15.784741210937504,Leave_One_experiments/all_year_offline_schedule_search/daily_outputs/HLA/HLA_2023_HLA2023_normal_grid_S0028_daily.csv
HLA,HLA,Hailun,2023,Leave_One_experiments\wth_generated_qc\HLA\HLA2023.WTH,wet_year;nitrogen_stress_year;low_response_year,wet,HLA2023_normal_grid_S0028,pareto_balanced,2023-08-23,235,116,111,"{""sim_day"": 116.0, ""doy"": 235.0, ""topwt"": 13734.62890625, ""grnwt"": 3288.2015991210938, ""xlai"": 2.9547762870788574, ""totir"": 0.0, ""tofer"": NaN, ""swfac"": 0.0, ""nstres"": 0.0}",0.0,0.0,13734.62890625,3288.2015991210938,2.9547762870788574,0.0,,0.0,0.0,0.0,180.0,15.784741210937504,15.784741210937504,Leave_One_experiments/all_year_offline_schedule_search/daily_outputs/HLA/HLA_2023_HLA2023_normal_grid_S0028_daily.csv
HLA,HLA,Hailun,2023,Leave_One_experiments\wth_generated_qc\HLA\HLA2023.WTH,wet_year;nitrogen_stress_year;low_response_year,wet,HLA2023_normal_grid_S0028,pareto_balanced,2023-08-24,236,117,112,"{""sim_day"": 117.0, ""doy"": 236.0, ""topwt"": 13899.0380859375, ""grnwt"": 3452.611694335937, ""xlai"": 2.901517868041992, ""totir"": 0.0, ""tofer"": NaN, ""swfac"": 0.0, ""nstres"": 0.0}",0.0,0.0,13899.0380859375,3452.611694335937,2.901517868041992,0.0,,0.0,0.0,0.0,180.0,15.784741210937504,15.784741210937504,Leave_One_experiments/all_year_offline_schedule_search/daily_outputs/HLA/HLA_2023_HLA2023_normal_grid_S0028_daily.csv
HLA,HLA,Hailun,2023,Leave_One_experiments\wth_generated_qc\HLA\HLA2023.WTH,wet_year;nitrogen_stress_year;low_response_year,wet,HLA2023_normal_grid_S0028,pareto_balanced,2023-08-25,237,118,113,"{""sim_day"": 118.0, ""doy"": 237.0, ""topwt"": 14063.44970703125, ""grnwt"": 3617.021484375, ""xlai"": 2.8432371616363525, ""totir"": 0.0, ""tofer"": NaN, ""swfac"": 0.0, ""nstres"": 0.0}",0.0,0.0,14063.44970703125,3617.021484375,2.8432371616363525,0.0,,0.0,0.0,0.0,180.0,15.784741210937504,15.784741210937504,Leave_One_experiments/all_year_offline_schedule_search/daily_outputs/HLA/HLA_2023_HLA2023_normal_grid_S0028_daily.csv
HLA,HLA,Hailun,2023,Leave_One_experiments\wth_generated_qc\HLA\HLA2023.WTH,wet_year;nitrogen_stress_year;low_response_year,wet,HLA2023_normal_grid_S0028,pareto_balanced,2023-08-26,238,119,114,"{""sim_day"": 119.0, ""doy"": 238.0, ""topwt"": 14227.85888671875, ""grnwt"": 3781.431579589844, ""xlai"": 2.7777671813964844, ""totir"": 0.0, ""tofer"": NaN, ""swfac"": 0.0, ""nstres"": 0.0}",0.0,0.0,14227.85888671875,3781.431579589844,2.7777671813964844,0.0,,0.0,0.0,0.0,180.0,15.784741210937504,15.784741210937504,Leave_One_experiments/all_year_offline_schedule_search/daily_outputs/HLA/HLA_2023_HLA2023_normal_grid_S0028_daily.csv
HLA,HLA,Hailun,2023,Leave_One_experiments\wth_generated_qc\HLA\HLA2023.WTH,wet_year;nitrogen_stress_year;low_response_year,wet,HLA2023_normal_grid_S0028,pareto_balanced,2023-08-27,239,120,115,"{""sim_day"": 120.0, ""doy"": 239.0, ""topwt"": 14392.2705078125, ""grnwt"": 3945.841674804688, ""xlai"": 2.721191644668579, ""totir"": 0.0, ""tofer"": NaN, ""swfac"": 0.0, ""nstres"": 0.0}",0.0,0.0,14392.2705078125,3945.841674804688,2.721191644668579,0.0,,0.0,0.0,0.0,180.0,15.784741210937504,15.784741210937504,Leave_One_experiments/all_year_offline_schedule_search/daily_outputs/HLA/HLA_2023_HLA2023_normal_grid_S0028_daily.csv
HLA,HLA,Hailun,2023,Leave_One_experiments\wth_generated_qc\HLA\HLA2023.WTH,wet_year;nitrogen_stress_year;low_response_year,wet,HLA2023_normal_grid_S0028,pareto_balanced,2023-08-28,240,121,116,"{""sim_day"": 121.0, ""doy"": 240.0, ""topwt"": 14514.739990234377, ""grnwt"": 4110.25146484375, ""xlai"": 2.657564878463745, ""totir"": 0.0, ""tofer"": NaN, ""swfac"": 0.0, ""nstres"": 0.007624864578247}",0.0,0.007624864578247,14514.739990234377,4110.25146484375,2.657564878463745,0.0,,0.0,0.0,0.0,180.0,15.784741210937504,15.784741210937504,Leave_One_experiments/all_year_offline_schedule_search/daily_outputs/HLA/HLA_2023_HLA2023_normal_grid_S0028_daily.csv
HLA,HLA,Hailun,2023,Leave_One_experiments\wth_generated_qc\HLA\HLA2023.WTH,wet_year;nitrogen_stress_year;low_response_year,wet,HLA2023_normal_grid_S0028,pareto_balanced,2023-08-29,241,122,117,"{""sim_day"": 122.0, ""doy"": 241.0, ""topwt"": 14653.6962890625, ""grnwt"": 4274.661560058594, ""xlai"": 2.6010847091674805, ""totir"": 0.0, ""tofer"": NaN, ""swfac"": 0.0, ""nstres"": 0.025274634361267}",0.0,0.025274634361267,14653.6962890625,4274.661560058594,2.6010847091674805,0.0,,0.0,0.0,0.0,180.0,15.784741210937504,15.784741210937504,Leave_One_experiments/all_year_offline_schedule_search/daily_outputs/HLA/HLA_2023_HLA2023_normal_grid_S0028_daily.csv
HLA,HLA,Hailun,2023,Leave_One_experiments\wth_generated_qc\HLA\HLA2023.WTH,wet_year;nitrogen_stress_year;low_response_year,wet,HLA2023_normal_grid_S0028,pareto_balanced,2023-08-30,242,123,118,"{""sim_day"": 123.0, ""doy"": 242.0, ""topwt"": 14791.575927734377, ""grnwt"": 4439.0716552734375, ""xlai"": 2.542572259902954, ""totir"": 0.0, ""tofer"": NaN, ""swfac"": 0.0, ""nstres"": 0.0380865931510925}",0.0,0.0380865931510925,14791.575927734377,4439.0716552734375,2.542572259902954,0.0,,0.0,0.0,0.0,180.0,15.784741210937504,15.784741210937504,Leave_One_experiments/all_year_offline_schedule_search/daily_outputs/HLA/HLA_2023_HLA2023_normal_grid_S0028_daily.csv
HLA,HLA,Hailun,2023,Leave_One_experiments\wth_generated_qc\HLA\HLA2023.WTH,wet_year;nitrogen_stress_year;low_response_year,wet,HLA2023_normal_grid_S0028,pareto_balanced,2023-08-31,243,124,119,"{""sim_day"": 124.0, ""doy"": 243.0, ""topwt"": 14995.806884765623, ""grnwt"": 4603.481750488281, ""xlai"": 2.4703335762023926, ""totir"": 0.0, ""tofer"": NaN, ""swfac"": 0.0, ""nstres"": 0.051926851272583}",0.0,0.051926851272583,14995.806884765623,4603.481750488281,2.4703335762023926,0.0,,0.0,0.0,0.0,180.0,15.784741210937504,15.784741210937504,Leave_One_experiments/all_year_offline_schedule_search/daily_outputs/HLA/HLA_2023_HLA2023_normal_grid_S0028_daily.csv
HLA,HLA,Hailun,2023,Leave_One_experiments\wth_generated_qc\HLA\HLA2023.WTH,wet_year;nitrogen_stress_year;low_response_year,wet,HLA2023_normal_grid_S0028,pareto_balanced,2023-09-01,244,125,120,"{""sim_day"": 125.0, ""doy"": 244.0, ""topwt"": 15214.3212890625, ""grnwt"": 4767.891845703125, ""xlai"": 2.37247896194458, ""totir"": 0.0, ""tofer"": NaN, ""swfac"": 0.0, ""nstres"": 0.0639382600784301}",0.0,0.0639382600784301,15214.3212890625,4767.891845703125,2.37247896194458,0.0,,0.0,0.0,0.0,180.0,15.784741210937504,15.784741210937504,Leave_One_experiments/all_year_offline_schedule_search/daily_outputs/HLA/HLA_2023_HLA2023_normal_grid_S0028_daily.csv
HLA,HLA,Hailun,2023,Leave_One_experiments\wth_generated_qc\HLA\HLA2023.WTH,wet_year;nitrogen_stress_year;low_response_year,wet,HLA2023_normal_grid_S0028,pareto_balanced,2023-09-02,245,126,121,"{""sim_day"": 126.0, ""doy"": 245.0, ""topwt"": 15378.73291015625, ""grnwt"": 4932.301635742188, ""xlai"": 2.2643988132476807, ""totir"": 0.0, ""tofer"": NaN, ""swfac"": 0.0, ""nstres"": 0.0822255611419677}",0.0,0.0822255611419677,15378.73291015625,4932.301635742188,2.2643988132476807,0.0,,0.0,0.0,0.0,180.0,15.784741210937504,15.784741210937504,Leave_One_experiments/all_year_offline_schedule_search/daily_outputs/HLA/HLA_2023_HLA2023_normal_grid_S0028_daily.csv
HLA,HLA,Hailun,2023,Leave_One_experiments\wth_generated_qc\HLA\HLA2023.WTH,wet_year;nitrogen_stress_year;low_response_year,wet,HLA2023_normal_grid_S0028,pareto_balanced,2023-09-03,246,127,122,"{""sim_day"": 127.0, ""doy"": 246.0, ""topwt"": 15539.22119140625, ""grnwt"": 5096.711730957031, ""xlai"": 2.180579662322998, ""totir"": 0.0, ""tofer"": NaN, ""swfac"": 0.0, ""nstres"": 0.1045265793800354}",0.0,0.1045265793800354,15539.22119140625,5096.711730957031,2.180579662322998,0.0,,0.0,0.0,0.0,180.0,15.784741210937504,15.784741210937504,Leave_One_experiments/all_year_offline_schedule_search/daily_outputs/HLA/HLA_2023_HLA2023_normal_grid_S0028_daily.csv
HLA,HLA,Hailun,2023,Leave_One_experiments\wth_generated_qc\HLA\HLA2023.WTH,wet_year;nitrogen_stress_year;low_response_year,wet,HLA2023_normal_grid_S0028,pareto_balanced,2023-09-04,247,128,123,"{""sim_day"": 128.0, ""doy"": 247.0, ""topwt"": 15702.855224609377, ""grnwt"": 5256.424560546875, ""xlai"": 2.116752862930298, ""totir"": 0.0, ""tofer"": NaN, ""swfac"": 0.0, ""nstres"": 0.1232994794845581}",0.0,0.1232994794845581,15702.855224609377,5256.424560546875,2.116752862930298,0.0,,0.0,0.0,0.0,180.0,15.784741210937504,15.784741210937504,Leave_One_experiments/all_year_offline_schedule_search/daily_outputs/HLA/HLA_2023_HLA2023_normal_grid_S0028_daily.csv
HLA,HLA,Hailun,2023,Leave_One_experiments\wth_generated_qc\HLA\HLA2023.WTH,wet_year;nitrogen_stress_year;low_response_year,wet,HLA2023_normal_grid_S0028,pareto_balanced,2023-09-05,248,129,124,"{""sim_day"": 129.0, ""doy"": 248.0, ""topwt"": 15867.265625, ""grnwt"": 5420.8343505859375, ""xlai"": 2.031200647354126, ""totir"": 0.0, ""tofer"": NaN, ""swfac"": 0.0, ""nstres"": 0.1392708420753479}",0.0,0.1392708420753479,15867.265625,5420.8343505859375,2.031200647354126,0.0,,0.0,0.0,0.0,180.0,15.784741210937504,15.784741210937504,Leave_One_experiments/all_year_offline_schedule_search/daily_outputs/HLA/HLA_2023_HLA2023_normal_grid_S0028_daily.csv
HLA,HLA,Hailun,2023,Leave_One_experiments\wth_generated_qc\HLA\HLA2023.WTH,wet_year;nitrogen_stress_year;low_response_year,wet,HLA2023_normal_grid_S0028,pareto_balanced,2023-09-06,249,130,125,"{""sim_day"": 130.0, ""doy"": 249.0, ""topwt"": 16031.676025390623, ""grnwt"": 5585.244140625, ""xlai"": 1.9094796180725095, ""totir"": 0.0, ""tofer"": NaN, ""swfac"": 0.0, ""nstres"": 0.1544569134712219}",0.0,0.1544569134712219,16031.676025390623,5585.244140625,1.9094796180725095,0.0,,0.0,0.0,0.0,180.0,15.784741210937504,15.784741210937504,Leave_One_experiments/all_year_offline_schedule_search/daily_outputs/HLA/HLA_2023_HLA2023_normal_grid_S0028_daily.csv
HLA,HLA,Hailun,2023,Leave_One_experiments\wth_generated_qc\HLA\HLA2023.WTH,wet_year;nitrogen_stress_year;low_response_year,wet,HLA2023_normal_grid_S0028,pareto_balanced,2023-09-07,250,131,126,"{""sim_day"": 131.0, ""doy"": 250.0, ""topwt"": 16196.08642578125, ""grnwt"": 5749.654541015625, ""xlai"": 1.802412986755371, ""totir"": 0.0, ""tofer"": NaN, ""swfac"": 0.0, ""nstres"": 0.1706625819206237}",0.0,0.1706625819206237,16196.08642578125,5749.654541015625,1.802412986755371,0.0,,0.0,0.0,0.0,180.0,15.784741210937504,15.784741210937504,Leave_One_experiments/all_year_offline_schedule_search/daily_outputs/HLA/HLA_2023_HLA2023_normal_grid_S0028_daily.csv
HLA,HLA,Hailun,2023,Leave_One_experiments\wth_generated_qc\HLA\HLA2023.WTH,wet_year;nitrogen_stress_year;low_response_year,wet,HLA2023_normal_grid_S0028,pareto_balanced,2023-09-08,251,132,127,"{""sim_day"": 132.0, ""doy"": 251.0, ""topwt"": 16360.496826171877, ""grnwt"": 5914.064331054688, ""xlai"": 1.724960446357727, ""totir"": 0.0, ""tofer"": NaN, ""swfac"": 0.0, ""nstres"": 0.1887732744216919}",0.0,0.1887732744216919,16360.496826171877,5914.064331054688,1.724960446357727,0.0,,0.0,0.0,0.0,180.0,15.784741210937504,15.784741210937504,Leave_One_experiments/all_year_offline_schedule_search/daily_outputs/HLA/HLA_2023_HLA2023_normal_grid_S0028_daily.csv
HLA,HLA,Hailun,2023,Leave_One_experiments\wth_generated_qc\HLA\HLA2023.WTH,wet_year;nitrogen_stress_year;low_response_year,wet,HLA2023_normal_grid_S0028,pareto_balanced,2023-09-09,252,133,128,"{""sim_day"": 133.0, ""doy"": 252.0, ""topwt"": 16524.9072265625, ""grnwt"": 6078.47412109375, ""xlai"": 1.6288464069366455, ""totir"": 0.0, ""tofer"": NaN, ""swfac"": 0.0, ""nstres"": 0.2164586186408996}",0.0,0.2164586186408996,16524.9072265625,6078.47412109375,1.6288464069366455,0.0,,0.0,0.0,0.0,180.0,15.784741210937504,15.784741210937504,Leave_One_experiments/all_year_offline_schedule_search/daily_outputs/HLA/HLA_2023_HLA2023_normal_grid_S0028_daily.csv
HLA,HLA,Hailun,2023,Leave_One_experiments\wth_generated_qc\HLA\HLA2023.WTH,wet_year;nitrogen_stress_year;low_response_year,wet,HLA2023_normal_grid_S0028,pareto_balanced,2023-09-10,253,134,129,"{""sim_day"": 134.0, ""doy"": 253.0, ""topwt"": 16524.9072265625, ""grnwt"": 6078.47412109375, ""xlai"": 1.6288464069366455, ""totir"": 0.0, ""tofer"": NaN, ""swfac"": 0.0, ""nstres"": 0.2631546854972839}",0.0,0.2631546854972839,16524.9072265625,6078.47412109375,1.6288464069366455,0.0,,0.0,0.0,0.0,180.0,15.784741210937504,15.784741210937504,Leave_One_experiments/all_year_offline_schedule_search/daily_outputs/HLA/HLA_2023_HLA2023_normal_grid_S0028_daily.csv
HLA,HLA,Hailun,2023,Leave_One_experiments\wth_generated_qc\HLA\HLA2023.WTH,wet_year;nitrogen_stress_year;low_response_year,wet,HLA2023_normal_grid_S0028,pareto_balanced,2023-09-11,254,135,130,"{""sim_day"": 135.0, ""doy"": 254.0, ""topwt"": 16524.9072265625, ""grnwt"": 6078.47412109375, ""xlai"": 1.6288464069366455, ""totir"": 0.0, ""tofer"": NaN, ""swfac"": 0.0, ""nstres"": 0.2631546854972839}",0.0,0.2631546854972839,16524.9072265625,6078.47412109375,1.6288464069366455,0.0,,0.0,0.0,0.0,180.0,15.784741210937504,15.784741210937504,Leave_One_experiments/all_year_offline_schedule_search/daily_outputs/HLA/HLA_2023_HLA2023_normal_grid_S0028_daily.csv
HLA,HLA,Hailun,2023,Leave_One_experiments\wth_generated_qc\HLA\HLA2023.WTH,wet_year;nitrogen_stress_year;low_response_year,wet,HLA2023_normal_grid_S0028,pareto_balanced,2023-09-12,255,136,131,"{""sim_day"": 136.0, ""doy"": 255.0, ""topwt"": 16524.9072265625, ""grnwt"": 6078.47412109375, ""xlai"": 1.6288464069366455, ""totir"": 0.0, ""tofer"": NaN, ""swfac"": 0.0, ""nstres"": 0.2631546854972839}",0.0,0.2631546854972839,16524.9072265625,6078.47412109375,1.6288464069366455,0.0,,0.0,0.0,0.0,180.0,15.784741210937504,15.784741210937504,Leave_One_experiments/all_year_offline_schedule_search/daily_outputs/HLA/HLA_2023_HLA2023_normal_grid_S0028_daily.csv
HLA,HLA,Hailun,2023,Leave_One_experiments\wth_generated_qc\HLA\HLA2023.WTH,wet_year;nitrogen_stress_year;low_response_year,wet,HLA2023_normal_grid_S0028,pareto_balanced,2023-09-13,256,137,132,"{""sim_day"": 137.0, ""doy"": 256.0, ""topwt"": 16524.9072265625, ""grnwt"": 6078.47412109375, ""xlai"": 1.6288464069366455, ""totir"": 0.0, ""tofer"": NaN, ""swfac"": 0.0, ""nstres"": 0.2631546854972839}",0.0,0.2631546854972839,16524.9072265625,6078.47412109375,1.6288464069366455,0.0,,0.0,0.0,0.0,180.0,15.784741210937504,15.784741210937504,Leave_One_experiments/all_year_offline_schedule_search/daily_outputs/HLA/HLA_2023_HLA2023_normal_grid_S0028_daily.csv
HLA,HLA,Hailun,2023,Leave_One_experiments\wth_generated_qc\HLA\HLA2023.WTH,wet_year;nitrogen_stress_year;low_response_year,wet,HLA2023_normal_grid_S0028,pareto_balanced,2023-09-14,257,138,133,"{""sim_day"": 138.0, ""doy"": 257.0, ""topwt"": 16524.9072265625, ""grnwt"": 6078.47412109375, ""xlai"": 1.6288464069366455, ""totir"": 0.0, ""tofer"": NaN, ""swfac"": 0.0, ""nstres"": 0.2631546854972839}",0.0,0.2631546854972839,16524.9072265625,6078.47412109375,1.6288464069366455,0.0,,0.0,0.0,0.0,180.0,15.784741210937504,15.784741210937504,Leave_One_experiments/all_year_offline_schedule_search/daily_outputs/HLA/HLA_2023_HLA2023_normal_grid_S0028_daily.csv
HLA,HLA,Hailun,2023,Leave_One_experiments\wth_generated_qc\HLA\HLA2023.WTH,wet_year;nitrogen_stress_year;low_response_year,wet,HLA2023_normal_grid_S0032,top_yield,2023-05-05,125,1,1,"{""sim_day"": 1.0, ""doy"": 125.0, ""topwt"": 0.0, ""grnwt"": 0.0, ""xlai"": 0.0, ""totir"": 0.0, ""tofer"": NaN, ""swfac"": 0.0, ""nstres"": 0.0}",0.0,0.0,0.0,0.0,0.0,0.0,,0.0,80.0,40.0,180.0,-4.215258789062496,11.784741210937504,Leave_One_experiments/all_year_offline_schedule_search/daily_outputs/HLA/HLA_2023_HLA2023_normal_grid_S0032_daily.csv
HLA,HLA,Hailun,2023,Leave_One_experiments\wth_generated_qc\HLA\HLA2023.WTH,wet_year;nitrogen_stress_year;low_response_year,wet,HLA2023_normal_grid_S0032,top_yield,2023-05-06,126,2,2,"{""sim_day"": 2.0, ""doy"": 126.0, ""topwt"": 0.0, ""grnwt"": 0.0, ""xlai"": 0.0, ""totir"": 0.0, ""tofer"": NaN, ""swfac"": 0.0, ""nstres"": 0.0}",0.0,0.0,0.0,0.0,0.0,0.0,,0.0,0.0,40.0,180.0,-4.215258789062496,11.784741210937504,Leave_One_experiments/all_year_offline_schedule_search/daily_outputs/HLA/HLA_2023_HLA2023_normal_grid_S0032_daily.csv
HLA,HLA,Hailun,2023,Leave_One_experiments\wth_generated_qc\HLA\HLA2023.WTH,wet_year;nitrogen_stress_year;low_response_year,wet,HLA2023_normal_grid_S0032,top_yield,2023-05-07,127,3,3,"{""sim_day"": 3.0, ""doy"": 127.0, ""topwt"": 0.0, ""grnwt"": 0.0, ""xlai"": 0.0, ""totir"": 0.0, ""tofer"": NaN, ""swfac"": 0.0, ""nstres"": 0.0}",0.0,0.0,0.0,0.0,0.0,0.0,,0.0,0.0,40.0,180.0,-4.215258789062496,11.784741210937504,Leave_One_experiments/all_year_offline_schedule_search/daily_outputs/HLA/HLA_2023_HLA2023_normal_grid_S0032_daily.csv
HLA,HLA,Hailun,2023,Leave_One_experiments\wth_generated_qc\HLA\HLA2023.WTH,wet_year;nitrogen_stress_year;low_response_year,wet,HLA2023_normal_grid_S0032,top_yield,2023-05-08,128,4,4,"{""sim_day"": 4.0, ""doy"": 128.0, ""topwt"": 0.0, ""grnwt"": 0.0, ""xlai"": 0.0, ""totir"": 0.0, ""tofer"": NaN, ""swfac"": 0.0, ""nstres"": 0.0}",0.0,0.0,0.0,0.0,0.0,0.0,,0.0,0.0,40.0,180.0,-4.215258789062496,11.784741210937504,Leave_One_experiments/all_year_offline_schedule_search/daily_outputs/HLA/HLA_2023_HLA2023_normal_grid_S0032_daily.csv
HLA,HLA,Hailun,2023,Leave_One_experiments\wth_generated_qc\HLA\HLA2023.WTH,wet_year;nitrogen_stress_year;low_response_year,wet,HLA2023_normal_grid_S0032,top_yield,2023-05-09,129,5,5,"{""sim_day"": 5.0, ""doy"": 129.0, ""topwt"": 0.0, ""grnwt"": 0.0, ""xlai"": 0.0, ""totir"": 0.0, ""tofer"": NaN, ""swfac"": 0.0, ""nstres"": 0.0}",0.0,0.0,0.0,0.0,0.0,0.0,,0.0,0.0,40.0,180.0,-4.215258789062496,11.784741210937504,Leave_One_experiments/all_year_offline_schedule_search/daily_outputs/HLA/HLA_2023_HLA2023_normal_grid_S0032_daily.csv
HLA,HLA,Hailun,2023,Leave_One_experiments\wth_generated_qc\HLA\HLA2023.WTH,wet_year;nitrogen_stress_year;low_response_year,wet,HLA2023_normal_grid_S0032,top_yield,2023-05-05,125,6,1,"{""sim_day"": 6.0, ""doy"": 125.0, ""topwt"": 0.0, ""grnwt"": 0.0, ""xlai"": 0.0, ""totir"": 0.0, ""tofer"": NaN, ""swfac"": 0.0, ""nstres"": 0.0}",0.0,0.0,0.0,0.0,0.0,0.0,,0.0,0.0,40.0,180.0,-4.215258789062496,11.784741210937504,Leave_One_experiments/all_year_offline_schedule_search/daily_outputs/HLA/HLA_2023_HLA2023_normal_grid_S0032_daily.csv
HLA,HLA,Hailun,2023,Leave_One_experiments\wth_generated_qc\HLA\HLA2023.WTH,wet_year;nitrogen_stress_year;low_response_year,wet,HLA2023_normal_grid_S0032,top_yield,2023-05-06,126,7,2,"{""sim_day"": 7.0, ""doy"": 126.0, ""topwt"": 0.0, ""grnwt"": 0.0, ""xlai"": 0.0, ""totir"": 0.0, ""tofer"": NaN, ""swfac"": 0.0, ""nstres"": 0.0}",0.0,0.0,0.0,0.0,0.0,0.0,,0.0,0.0,40.0,180.0,-4.215258789062496,11.784741210937504,Leave_One_experiments/all_year_offline_schedule_search/daily_outputs/HLA/HLA_2023_HLA2023_normal_grid_S0032_daily.csv
HLA,HLA,Hailun,2023,Leave_One_experiments\wth_generated_qc\HLA\HLA2023.WTH,wet_year;nitrogen_stress_year;low_response_year,wet,HLA2023_normal_grid_S0032,top_yield,2023-05-07,127,8,3,"{""sim_day"": 8.0, ""doy"": 127.0, ""topwt"": 0.0, ""grnwt"": 0.0, ""xlai"": 0.0, ""totir"": 0.0, ""tofer"": NaN, ""swfac"": 0.0, ""nstres"": 0.0}",0.0,0.0,0.0,0.0,0.0,0.0,,0.0,0.0,40.0,180.0,-4.215258789062496,11.784741210937504,Leave_One_experiments/all_year_offline_schedule_search/daily_outputs/HLA/HLA_2023_HLA2023_normal_grid_S0032_daily.csv
HLA,HLA,Hailun,2023,Leave_One_experiments\wth_generated_qc\HLA\HLA2023.WTH,wet_year;nitrogen_stress_year;low_response_year,wet,HLA2023_normal_grid_S0032,top_yield,2023-05-08,128,9,4,"{""sim_day"": 9.0, ""doy"": 128.0, ""topwt"": 0.0, ""grnwt"": 0.0, ""xlai"": 0.0, ""totir"": 0.0, ""tofer"": NaN, ""swfac"": 0.0, ""nstres"": 0.0}",0.0,0.0,0.0,0.0,0.0,0.0,,0.0,0.0,40.0,180.0,-4.215258789062496,11.784741210937504,Leave_One_experiments/all_year_offline_schedule_search/daily_outputs/HLA/HLA_2023_HLA2023_normal_grid_S0032_daily.csv
HLA,HLA,Hailun,2023,Leave_One_experiments\wth_generated_qc\HLA\HLA2023.WTH,wet_year;nitrogen_stress_year;low_response_year,wet,HLA2023_normal_grid_S0032,top_yield,2023-05-09,129,10,5,"{""sim_day"": 10.0, ""doy"": 129.0, ""topwt"": 0.0, ""grnwt"": 0.0, ""xlai"": 0.0, ""totir"": 0.0, ""tofer"": NaN, ""swfac"": 0.0, ""nstres"": 0.0}",0.0,0.0,0.0,0.0,0.0,0.0,,0.0,0.0,40.0,180.0,-4.215258789062496,11.784741210937504,Leave_One_experiments/all_year_offline_schedule_search/daily_outputs/HLA/HLA_2023_HLA2023_normal_grid_S0032_daily.csv
HLA,HLA,Hailun,2023,Leave_One_experiments\wth_generated_qc\HLA\HLA2023.WTH,wet_year;nitrogen_stress_year;low_response_year,wet,HLA2023_normal_grid_S0032,top_yield,2023-05-10,130,11,6,"{""sim_day"": 11.0, ""doy"": 130.0, ""topwt"": 0.0, ""grnwt"": 0.0, ""xlai"": 0.0, ""totir"": 0.0, ""tofer"": NaN, ""swfac"": 0.0, ""nstres"": 0.0}",0.0,0.0,0.0,0.0,0.0,0.0,,0.0,0.0,40.0,180.0,-4.215258789062496,11.784741210937504,Leave_One_experiments/all_year_offline_schedule_search/daily_outputs/HLA/HLA_2023_HLA2023_normal_grid_S0032_daily.csv
HLA,HLA,Hailun,2023,Leave_One_experiments\wth_generated_qc\HLA\HLA2023.WTH,wet_year;nitrogen_stress_year;low_response_year,wet,HLA2023_normal_grid_S0032,top_yield,2023-05-11,131,12,7,"{""sim_day"": 12.0, ""doy"": 131.0, ""topwt"": 0.0, ""grnwt"": 0.0, ""xlai"": 0.0, ""totir"": 0.0, ""tofer"": NaN, ""swfac"": 0.0, ""nstres"": 0.0}",0.0,0.0,0.0,0.0,0.0,0.0,,0.0,0.0,40.0,180.0,-4.215258789062496,11.784741210937504,Leave_One_experiments/all_year_offline_schedule_search/daily_outputs/HLA/HLA_2023_HLA2023_normal_grid_S0032_daily.csv
HLA,HLA,Hailun,2023,Leave_One_experiments\wth_generated_qc\HLA\HLA2023.WTH,wet_year;nitrogen_stress_year;low_response_year,wet,HLA2023_normal_grid_S0032,top_yield,2023-05-12,132,13,8,"{""sim_day"": 13.0, ""doy"": 132.0, ""topwt"": 0.0, ""grnwt"": 0.0, ""xlai"": 0.0, ""totir"": 0.0, ""tofer"": NaN, ""swfac"": 0.0, ""nstres"": 0.0}",0.0,0.0,0.0,0.0,0.0,0.0,,0.0,0.0,40.0,180.0,-4.215258789062496,11.784741210937504,Leave_One_experiments/all_year_offline_schedule_search/daily_outputs/HLA/HLA_2023_HLA2023_normal_grid_S0032_daily.csv
HLA,HLA,Hailun,2023,Leave_One_experiments\wth_generated_qc\HLA\HLA2023.WTH,wet_year;nitrogen_stress_year;low_response_year,wet,HLA2023_normal_grid_S0032,top_yield,2023-05-13,133,14,9,"{""sim_day"": 14.0, ""doy"": 133.0, ""topwt"": 0.0, ""grnwt"": 0.0, ""xlai"": 0.0, ""totir"": 0.0, ""tofer"": NaN, ""swfac"": 0.0, ""nstres"": 0.0}",0.0,0.0,0.0,0.0,0.0,0.0,,0.0,0.0,40.0,180.0,-4.215258789062496,11.784741210937504,Leave_One_experiments/all_year_offline_schedule_search/daily_outputs/HLA/HLA_2023_HLA2023_normal_grid_S0032_daily.csv
HLA,HLA,Hailun,2023,Leave_One_experiments\wth_generated_qc\HLA\HLA2023.WTH,wet_year;nitrogen_stress_year;low_response_year,wet,HLA2023_normal_grid_S0032,top_yield,2023-05-14,134,15,10,"{""sim_day"": 15.0, ""doy"": 134.0, ""topwt"": 0.0, ""grnwt"": 0.0, ""xlai"": 0.0, ""totir"": 0.0, ""tofer"": NaN, ""swfac"": 0.0, ""nstres"": 0.0}",0.0,0.0,0.0,0.0,0.0,0.0,,0.0,0.0,40.0,180.0,-4.215258789062496,11.784741210937504,Leave_One_experiments/all_year_offline_schedule_search/daily_outputs/HLA/HLA_2023_HLA2023_normal_grid_S0032_daily.csv
HLA,HLA,Hailun,2023,Leave_One_experiments\wth_generated_qc\HLA\HLA2023.WTH,wet_year;nitrogen_stress_year;low_response_year,wet,HLA2023_normal_grid_S0032,top_yield,2023-05-15,135,16,11,"{""sim_day"": 16.0, ""doy"": 135.0, ""topwt"": 0.0, ""grnwt"": 0.0, ""xlai"": 0.0, ""totir"": 0.0, ""tofer"": NaN, ""swfac"": 0.0, ""nstres"": 0.0}",0.0,0.0,0.0,0.0,0.0,0.0,,0.0,0.0,40.0,180.0,-4.215258789062496,11.784741210937504,Leave_One_experiments/all_year_offline_schedule_search/daily_outputs/HLA/HLA_2023_HLA2023_normal_grid_S0032_daily.csv
HLA,HLA,Hailun,2023,Leave_One_experiments\wth_generated_qc\HLA\HLA2023.WTH,wet_year;nitrogen_stress_year;low_response_year,wet,HLA2023_normal_grid_S0032,top_yield,2023-05-16,136,17,12,"{""sim_day"": 17.0, ""doy"": 136.0, ""topwt"": 0.0, ""grnwt"": 0.0, ""xlai"": 0.0, ""totir"": 0.0, ""tofer"": NaN, ""swfac"": 0.0, ""nstres"": 0.0}",0.0,0.0,0.0,0.0,0.0,0.0,,0.0,0.0,40.0,180.0,-4.215258789062496,11.784741210937504,Leave_One_experiments/all_year_offline_schedule_search/daily_outputs/HLA/HLA_2023_HLA2023_normal_grid_S0032_daily.csv
HLA,HLA,Hailun,2023,Leave_One_experiments\wth_generated_qc\HLA\HLA2023.WTH,wet_year;nitrogen_stress_year;low_response_year,wet,HLA2023_normal_grid_S0032,top_yield,2023-05-17,137,18,13,"{""sim_day"": 18.0, ""doy"": 137.0, ""topwt"": 20.0, ""grnwt"": 0.0, ""xlai"": 0.0019508658442646, ""totir"": 0.0, ""tofer"": NaN, ""swfac"": 0.0, ""nstres"": 0.0121910572052001}",0.0,0.0121910572052001,20.0,0.0,0.0019508658442646,0.0,,0.0,0.0,40.0,180.0,-4.215258789062496,11.784741210937504,Leave_One_experiments/all_year_offline_schedule_search/daily_outputs/HLA/HLA_2023_HLA2023_normal_grid_S0032_daily.csv
HLA,HLA,Hailun,2023,Leave_One_experiments\wth_generated_qc\HLA\HLA2023.WTH,wet_year;nitrogen_stress_year;low_response_year,wet,HLA2023_normal_grid_S0032,top_yield,2023-05-18,138,19,14,"{""sim_day"": 19.0, ""doy"": 138.0, ""topwt"": 20.0, ""grnwt"": 0.0, ""xlai"": 0.0033279296476393, ""totir"": 0.0, ""tofer"": NaN, ""swfac"": 0.0, ""nstres"": 0.0142937898635864}",0.0,0.0142937898635864,20.0,0.0,0.0033279296476393,0.0,,0.0,0.0,40.0,180.0,-4.215258789062496,11.784741210937504,Leave_One_experiments/all_year_offline_schedule_search/daily_outputs/HLA/HLA_2023_HLA2023_normal_grid_S0032_daily.csv
HLA,HLA,Hailun,2023,Leave_One_experiments\wth_generated_qc\HLA\HLA2023.WTH,wet_year;nitrogen_stress_year;low_response_year,wet,HLA2023_normal_grid_S0032,top_yield,2023-05-19,139,20,15,"{""sim_day"": 20.0, ""doy"": 139.0, ""topwt"": 20.0, ""grnwt"": 0.0, ""xlai"": 0.0044415351003408, ""totir"": 0.0, ""tofer"": NaN, ""swfac"": 0.0, ""nstres"": 0.0118013620376586}",0.0,0.0118013620376586,20.0,0.0,0.0044415351003408,0.0,,0.0,0.0,40.0,180.0,-4.215258789062496,11.784741210937504,Leave_One_experiments/all_year_offline_schedule_search/daily_outputs/HLA/HLA_2023_HLA2023_normal_grid_S0032_daily.csv
HLA,HLA,Hailun,2023,Leave_One_experiments\wth_generated_qc\HLA\HLA2023.WTH,wet_year;nitrogen_stress_year;low_response_year,wet,HLA2023_normal_grid_S0032,top_yield,2023-05-20,140,21,16,"{""sim_day"": 21.0, ""doy"": 140.0, ""topwt"": 20.0, ""grnwt"": 0.0, ""xlai"": 0.0056867459788918, ""totir"": 0.0, ""tofer"": NaN, ""swfac"": 0.0, ""nstres"": 0.0091943144798278}",0.0,0.0091943144798278,20.0,0.0,0.0056867459788918,0.0,,0.0,0.0,40.0,180.0,-4.215258789062496,11.784741210937504,Leave_One_experiments/all_year_offline_schedule_search/daily_outputs/HLA/HLA_2023_HLA2023_normal_grid_S0032_daily.csv
HLA,HLA,Hailun,2023,Leave_One_experiments\wth_generated_qc\HLA\HLA2023.WTH,wet_year;nitrogen_stress_year;low_response_year,wet,HLA2023_normal_grid_S0032,top_yield,2023-05-21,141,22,17,"{""sim_day"": 22.0, ""doy"": 141.0, ""topwt"": 20.0, ""grnwt"": 0.0, ""xlai"": 0.0073851025663316, ""totir"": 0.0, ""tofer"": NaN, ""swfac"": 0.0, ""nstres"": 0.0058680176734924}",0.0,0.0058680176734924,20.0,0.0,0.0073851025663316,0.0,,0.0,0.0,40.0,180.0,-4.215258789062496,11.784741210937504,Leave_One_experiments/all_year_offline_schedule_search/daily_outputs/HLA/HLA_2023_HLA2023_normal_grid_S0032_daily.csv
HLA,HLA,Hailun,2023,Leave_One_experiments\wth_generated_qc\HLA\HLA2023.WTH,wet_year;nitrogen_stress_year;low_response_year,wet,HLA2023_normal_grid_S0032,top_yield,2023-05-22,142,23,18,"{""sim_day"": 23.0, ""doy"": 142.0, ""topwt"": 20.0, ""grnwt"": 0.0, ""xlai"": 0.010367720387876, ""totir"": 0.0, ""tofer"": NaN, ""swfac"": 0.0, ""nstres"": 0.0006886720657348}",0.0,0.0006886720657348,20.0,0.0,0.010367720387876,0.0,,0.0,0.0,40.0,180.0,-4.215258789062496,11.784741210937504,Leave_One_experiments/all_year_offline_schedule_search/daily_outputs/HLA/HLA_2023_HLA2023_normal_grid_S0032_daily.csv
HLA,HLA,Hailun,2023,Leave_One_experiments\wth_generated_qc\HLA\HLA2023.WTH,wet_year;nitrogen_stress_year;low_response_year,wet,HLA2023_normal_grid_S0032,top_yield,2023-05-23,143,24,19,"{""sim_day"": 24.0, ""doy"": 143.0, ""topwt"": 20.0, ""grnwt"": 0.0, ""xlai"": 0.0144340051338076, ""totir"": 0.0, ""tofer"": NaN, ""swfac"": 0.0, ""nstres"": 0.0}",0.0,0.0,20.0,0.0,0.0144340051338076,0.0,,0.0,0.0,40.0,180.0,-4.215258789062496,11.784741210937504,Leave_One_experiments/all_year_offline_schedule_search/daily_outputs/HLA/HLA_2023_HLA2023_normal_grid_S0032_daily.csv
HLA,HLA,Hailun,2023,Leave_One_experiments\wth_generated_qc\HLA\HLA2023.WTH,wet_year;nitrogen_stress_year;low_response_year,wet,HLA2023_normal_grid_S0032,top_yield,2023-05-24,144,25,20,"{""sim_day"": 25.0, ""doy"": 144.0, ""topwt"": 20.0, ""grnwt"": 0.0, ""xlai"": 0.0243988335132598, ""totir"": 0.0, ""tofer"": NaN, ""swfac"": 0.0, ""nstres"": 0.0}",0.0,0.0,20.0,0.0,0.0243988335132598,0.0,,0.0,0.0,40.0,180.0,-4.215258789062496,11.784741210937504,Leave_One_experiments/all_year_offline_schedule_search/daily_outputs/HLA/HLA_2023_HLA2023_normal_grid_S0032_daily.csv
HLA,HLA,Hailun,2023,Leave_One_experiments\wth_generated_qc\HLA\HLA2023.WTH,wet_year;nitrogen_stress_year;low_response_year,wet,HLA2023_normal_grid_S0032,top_yield,2023-05-25,145,26,21,"{""sim_day"": 26.0, ""doy"": 145.0, ""topwt"": 20.0, ""grnwt"": 0.0, ""xlai"": 0.0334518887102603, ""totir"": 0.0, ""tofer"": NaN, ""swfac"": 0.0, ""nstres"": 0.0}",0.0,0.0,20.0,0.0,0.0334518887102603,0.0,,0.0,0.0,40.0,180.0,-4.215258789062496,11.784741210937504,Leave_One_experiments/all_year_offline_schedule_search/daily_outputs/HLA/HLA_2023_HLA2023_normal_grid_S0032_daily.csv
HLA,HLA,Hailun,2023,Leave_One_experiments\wth_generated_qc\HLA\HLA2023.WTH,wet_year;nitrogen_stress_year;low_response_year,wet,HLA2023_normal_grid_S0032,top_yield,2023-05-26,146,27,22,"{""sim_day"": 27.0, ""doy"": 146.0, ""topwt"": 23.574581146240234, ""grnwt"": 0.0, ""xlai"": 0.0437826514244079, ""totir"": 0.0, ""tofer"": NaN, ""swfac"": 0.0, ""nstres"": 0.0}",0.0,0.0,23.574581146240234,0.0,0.0437826514244079,0.0,,0.0,0.0,40.0,180.0,-4.215258789062496,11.784741210937504,Leave_One_experiments/all_year_offline_schedule_search/daily_outputs/HLA/HLA_2023_HLA2023_normal_grid_S0032_daily.csv
HLA,HLA,Hailun,2023,Leave_One_experiments\wth_generated_qc\HLA\HLA2023.WTH,wet_year;nitrogen_stress_year;low_response_year,wet,HLA2023_normal_grid_S0032,top_yield,2023-05-27,147,28,23,"{""sim_day"": 28.0, ""doy"": 147.0, ""topwt"": 26.040313243865967, ""grnwt"": 0.0, ""xlai"": 0.0500113554298877, ""totir"": 0.0, ""tofer"": NaN, ""swfac"": 0.0, ""nstres"": 0.0}",0.0,0.0,26.040313243865967,0.0,0.0500113554298877,0.0,,0.0,0.0,40.0,180.0,-4.215258789062496,11.784741210937504,Leave_One_experiments/all_year_offline_schedule_search/daily_outputs/HLA/HLA_2023_HLA2023_normal_grid_S0032_daily.csv
HLA,HLA,Hailun,2023,Leave_One_experiments\wth_generated_qc\HLA\HLA2023.WTH,wet_year;nitrogen_stress_year;low_response_year,wet,HLA2023_normal_grid_S0032,top_yield,2023-05-28,148,29,24,"{""sim_day"": 29.0, ""doy"": 148.0, ""topwt"": 28.84204626083374, ""grnwt"": 0.0, ""xlai"": 0.0568267926573753, ""totir"": 0.0, ""tofer"": NaN, ""swfac"": 0.0, ""nstres"": 0.0}",0.0,0.0,28.84204626083374,0.0,0.0568267926573753,0.0,,0.0,0.0,40.0,180.0,-4.215258789062496,11.784741210937504,Leave_One_experiments/all_year_offline_schedule_search/daily_outputs/HLA/HLA_2023_HLA2023_normal_grid_S0032_daily.csv
HLA,HLA,Hailun,2023,Leave_One_experiments\wth_generated_qc\HLA\HLA2023.WTH,wet_year;nitrogen_stress_year;low_response_year,wet,HLA2023_normal_grid_S0032,top_yield,2023-05-29,149,30,25,"{""sim_day"": 30.0, ""doy"": 149.0, ""topwt"": 33.84886741638184, ""grnwt"": 0.0, ""xlai"": 0.0685917735099792, ""totir"": 0.0, ""tofer"": NaN, ""swfac"": 0.0, ""nstres"": 0.0}",0.0,0.0,33.84886741638184,0.0,0.0685917735099792,0.0,,0.0,0.0,40.0,180.0,-4.215258789062496,11.784741210937504,Leave_One_experiments/all_year_offline_schedule_search/daily_outputs/HLA/HLA_2023_HLA2023_normal_grid_S0032_daily.csv
HLA,HLA,Hailun,2023,Leave_One_experiments\wth_generated_qc\HLA\HLA2023.WTH,wet_year;nitrogen_stress_year;low_response_year,wet,HLA2023_normal_grid_S0032,top_yield,2023-05-30,150,31,26,"{""sim_day"": 31.0, ""doy"": 150.0, ""topwt"": 41.08908653259277, ""grnwt"": 0.0, ""xlai"": 0.0847073271870613, ""totir"": 0.0, ""tofer"": NaN, ""swfac"": 0.0, ""nstres"": 0.0}",0.0,0.0,41.08908653259277,0.0,0.0847073271870613,0.0,,0.0,0.0,40.0,180.0,-4.215258789062496,11.784741210937504,Leave_One_experiments/all_year_offline_schedule_search/daily_outputs/HLA/HLA_2023_HLA2023_normal_grid_S0032_daily.csv
HLA,HLA,Hailun,2023,Leave_One_experiments\wth_generated_qc\HLA\HLA2023.WTH,wet_year;nitrogen_stress_year;low_response_year,wet,HLA2023_normal_grid_S0032,top_yield,2023-05-31,151,32,27,"{""sim_day"": 32.0, ""doy"": 151.0, ""topwt"": 47.71078586578369, ""grnwt"": 0.0, ""xlai"": 0.0987704470753669, ""totir"": 0.0, ""tofer"": NaN, ""swfac"": 0.0, ""nstres"": 0.0}",0.0,0.0,47.71078586578369,0.0,0.0987704470753669,0.0,,0.0,0.0,40.0,180.0,-4.215258789062496,11.784741210937504,Leave_One_experiments/all_year_offline_schedule_search/daily_outputs/HLA/HLA_2023_HLA2023_normal_grid_S0032_daily.csv
HLA,HLA,Hailun,2023,Leave_One_experiments\wth_generated_qc\HLA\HLA2023.WTH,wet_year;nitrogen_stress_year;low_response_year,wet,HLA2023_normal_grid_S0032,top_yield,2023-06-01,152,33,28,"{""sim_day"": 33.0, ""doy"": 152.0, ""topwt"": 54.159111976623535, ""grnwt"": 0.0, ""xlai"": 0.1119780018925666, ""totir"": 0.0, ""tofer"": NaN, ""swfac"": 0.0, ""nstres"": 0.0}",0.0,0.0,54.159111976623535,0.0,0.1119780018925666,0.0,,0.0,0.0,40.0,180.0,-4.215258789062496,11.784741210937504,Leave_One_experiments/all_year_offline_schedule_search/daily_outputs/HLA/HLA_2023_HLA2023_normal_grid_S0032_daily.csv
HLA,HLA,Hailun,2023,Leave_One_experiments\wth_generated_qc\HLA\HLA2023.WTH,wet_year;nitrogen_stress_year;low_response_year,wet,HLA2023_normal_grid_S0032,top_yield,2023-06-02,153,34,29,"{""sim_day"": 34.0, ""doy"": 153.0, ""topwt"": 61.131935119628906, ""grnwt"": 0.0, ""xlai"": 0.1258163005113601, ""totir"": 0.0, ""tofer"": NaN, ""swfac"": 0.0, ""nstres"": 0.0}",0.0,0.0,61.131935119628906,0.0,0.1258163005113601,0.0,,0.0,0.0,40.0,180.0,-4.215258789062496,11.784741210937504,Leave_One_experiments/all_year_offline_schedule_search/daily_outputs/HLA/HLA_2023_HLA2023_normal_grid_S0032_daily.csv
HLA,HLA,Hailun,2023,Leave_One_experiments\wth_generated_qc\HLA\HLA2023.WTH,wet_year;nitrogen_stress_year;low_response_year,wet,HLA2023_normal_grid_S0032,top_yield,2023-06-03,154,35,30,"{""sim_day"": 35.0, ""doy"": 154.0, ""topwt"": 71.93167209625244, ""grnwt"": 0.0, ""xlai"": 0.1465051174163818, ""totir"": 0.0, ""tofer"": NaN, ""swfac"": 0.0, ""nstres"": 0.0}",0.0,0.0,71.93167209625244,0.0,0.1465051174163818,0.0,,0.0,50.0,40.0,180.0,-4.215258789062496,11.784741210937504,Leave_One_experiments/all_year_offline_schedule_search/daily_outputs/HLA/HLA_2023_HLA2023_normal_grid_S0032_daily.csv
HLA,HLA,Hailun,2023,Leave_One_experiments\wth_generated_qc\HLA\HLA2023.WTH,wet_year;nitrogen_stress_year;low_response_year,wet,HLA2023_normal_grid_S0032,top_yield,2023-06-04,155,36,31,"{""sim_day"": 36.0, ""doy"": 155.0, ""topwt"": 86.42505645751953, ""grnwt"": 0.0, ""xlai"": 0.1731286644935608, ""totir"": 0.0, ""tofer"": NaN, ""swfac"": 0.0, ""nstres"": 0.0}",0.0,0.0,86.42505645751953,0.0,0.1731286644935608,0.0,,0.0,0.0,40.0,180.0,-4.215258789062496,11.784741210937504,Leave_One_experiments/all_year_offline_schedule_search/daily_outputs/HLA/HLA_2023_HLA2023_normal_grid_S0032_daily.csv
HLA,HLA,Hailun,2023,Leave_One_experiments\wth_generated_qc\HLA\HLA2023.WTH,wet_year;nitrogen_stress_year;low_response_year,wet,HLA2023_normal_grid_S0032,top_yield,2023-06-05,156,37,32,"{""sim_day"": 37.0, ""doy"": 156.0, ""topwt"": 99.62896347045898, ""grnwt"": 0.0, ""xlai"": 0.1964698284864425, ""totir"": 0.0, ""tofer"": NaN, ""swfac"": 0.0, ""nstres"": 0.0}",0.0,0.0,99.62896347045898,0.0,0.1964698284864425,0.0,,0.0,0.0,40.0,180.0,-4.215258789062496,11.784741210937504,Leave_One_experiments/all_year_offline_schedule_search/daily_outputs/HLA/HLA_2023_HLA2023_normal_grid_S0032_daily.csv
HLA,HLA,Hailun,2023,Leave_One_experiments\wth_generated_qc\HLA\HLA2023.WTH,wet_year;nitrogen_stress_year;low_response_year,wet,HLA2023_normal_grid_S0032,top_yield,2023-06-06,157,38,33,"{""sim_day"": 38.0, ""doy"": 157.0, ""topwt"": 114.93865966796876, ""grnwt"": 0.0, ""xlai"": 0.2226495593786239, ""totir"": 0.0, ""tofer"": NaN, ""swfac"": 0.0, ""nstres"": 0.0}",0.0,0.0,114.93865966796876,0.0,0.2226495593786239,0.0,,0.0,0.0,40.0,180.0,-4.215258789062496,11.784741210937504,Leave_One_experiments/all_year_offline_schedule_search/daily_outputs/HLA/HLA_2023_HLA2023_normal_grid_S0032_daily.csv
HLA,HLA,Hailun,2023,Leave_One_experiments\wth_generated_qc\HLA\HLA2023.WTH,wet_year;nitrogen_stress_year;low_response_year,wet,HLA2023_normal_grid_S0032,top_yield,2023-06-07,158,39,34,"{""sim_day"": 39.0, ""doy"": 158.0, ""topwt"": 129.46043014526367, ""grnwt"": 0.0, ""xlai"": 0.2467458397150039, ""totir"": 0.0, ""tofer"": NaN, ""swfac"": 0.0, ""nstres"": 0.0}",0.0,0.0,129.46043014526367,0.0,0.2467458397150039,0.0,,0.0,0.0,40.0,180.0,-4.215258789062496,11.784741210937504,Leave_One_experiments/all_year_offline_schedule_search/daily_outputs/HLA/HLA_2023_HLA2023_normal_grid_S0032_daily.csv
HLA,HLA,Hailun,2023,Leave_One_experiments\wth_generated_qc\HLA\HLA2023.WTH,wet_year;nitrogen_stress_year;low_response_year,wet,HLA2023_normal_grid_S0032,top_yield,2023-06-08,159,40,35,"{""sim_day"": 40.0, ""doy"": 159.0, ""topwt"": 134.08958435058594, ""grnwt"": 0.0, ""xlai"": 0.2715969383716583, ""totir"": 0.0, ""tofer"": NaN, ""swfac"": 0.0, ""nstres"": 0.0}",0.0,0.0,134.08958435058594,0.0,0.2715969383716583,0.0,,0.0,0.0,40.0,180.0,-4.215258789062496,11.784741210937504,Leave_One_experiments/all_year_offline_schedule_search/daily_outputs/HLA/HLA_2023_HLA2023_normal_grid_S0032_daily.csv
HLA,HLA,Hailun,2023,Leave_One_experiments\wth_generated_qc\HLA\HLA2023.WTH,wet_year;nitrogen_stress_year;low_response_year,wet,HLA2023_normal_grid_S0032,top_yield,2023-06-09,160,41,36,"{""sim_day"": 41.0, ""doy"": 160.0, ""topwt"": 156.85035705566406, ""grnwt"": 0.0, ""xlai"": 0.3104071021080017, ""totir"": 0.0, ""tofer"": NaN, ""swfac"": 0.0, ""nstres"": 0.0013279914855957}",0.0,0.0013279914855957,156.85035705566406,0.0,0.3104071021080017,0.0,,0.0,0.0,40.0,180.0,-4.215258789062496,11.784741210937504,Leave_One_experiments/all_year_offline_schedule_search/daily_outputs/HLA/HLA_2023_HLA2023_normal_grid_S0032_daily.csv
HLA,HLA,Hailun,2023,Leave_One_experiments\wth_generated_qc\HLA\HLA2023.WTH,wet_year;nitrogen_stress_year;low_response_year,wet,HLA2023_normal_grid_S0032,top_yield,2023-06-10,161,42,37,"{""sim_day"": 42.0, ""doy"": 161.0, ""topwt"": 183.77840042114255, ""grnwt"": 0.0, ""xlai"": 0.3547253906726837, ""totir"": 0.0, ""tofer"": NaN, ""swfac"": 0.0, ""nstres"": 0.0}",0.0,0.0,183.77840042114255,0.0,0.3547253906726837,0.0,,0.0,0.0,40.0,180.0,-4.215258789062496,11.784741210937504,Leave_One_experiments/all_year_offline_schedule_search/daily_outputs/HLA/HLA_2023_HLA2023_normal_grid_S0032_daily.csv
HLA,HLA,Hailun,2023,Leave_One_experiments\wth_generated_qc\HLA\HLA2023.WTH,wet_year;nitrogen_stress_year;low_response_year,wet,HLA2023_normal_grid_S0032,top_yield,2023-06-11,162,43,38,"{""sim_day"": 43.0, ""doy"": 162.0, ""topwt"": 215.0846290588379, ""grnwt"": 0.0, ""xlai"": 0.4044656753540039, ""totir"": 0.0, ""tofer"": NaN, ""swfac"": 0.0, ""nstres"": 0.0}",0.0,0.0,215.0846290588379,0.0,0.4044656753540039,0.0,,0.0,0.0,40.0,180.0,-4.215258789062496,11.784741210937504,Leave_One_experiments/all_year_offline_schedule_search/daily_outputs/HLA/HLA_2023_HLA2023_normal_grid_S0032_daily.csv
HLA,HLA,Hailun,2023,Leave_One_experiments\wth_generated_qc\HLA\HLA2023.WTH,wet_year;nitrogen_stress_year;low_response_year,wet,HLA2023_normal_grid_S0032,top_yield,2023-06-12,163,44,39,"{""sim_day"": 44.0, ""doy"": 163.0, ""topwt"": 259.6666717529297, ""grnwt"": 0.0, ""xlai"": 0.472625732421875, ""totir"": 0.0, ""tofer"": NaN, ""swfac"": 0.0, ""nstres"": 0.0}",0.0,0.0,259.6666717529297,0.0,0.472625732421875,0.0,,0.0,0.0,40.0,180.0,-4.215258789062496,11.784741210937504,Leave_One_experiments/all_year_offline_schedule_search/daily_outputs/HLA/HLA_2023_HLA2023_normal_grid_S0032_daily.csv
HLA,HLA,Hailun,2023,Leave_One_experiments\wth_generated_qc\HLA\HLA2023.WTH,wet_year;nitrogen_stress_year;low_response_year,wet,HLA2023_normal_grid_S0032,top_yield,2023-06-13,164,45,40,"{""sim_day"": 45.0, ""doy"": 164.0, ""topwt"": 309.44053649902344, ""grnwt"": 0.0, ""xlai"": 0.54572993516922, ""totir"": 0.0, ""tofer"": NaN, ""swfac"": 0.0, ""nstres"": 0.0}",0.0,0.0,309.44053649902344,0.0,0.54572993516922,0.0,,0.0,0.0,40.0,180.0,-4.215258789062496,11.784741210937504,Leave_One_experiments/all_year_offline_schedule_search/daily_outputs/HLA/HLA_2023_HLA2023_normal_grid_S0032_daily.csv
HLA,HLA,Hailun,2023,Leave_One_experiments\wth_generated_qc\HLA\HLA2023.WTH,wet_year;nitrogen_stress_year;low_response_year,wet,HLA2023_normal_grid_S0032,top_yield,2023-06-14,165,46,41,"{""sim_day"": 46.0, ""doy"": 165.0, ""topwt"": 348.7796401977539, ""grnwt"": 0.0, ""xlai"": 0.6016679406166077, ""totir"": 0.0, ""tofer"": NaN, ""swfac"": 0.0, ""nstres"": 0.0}",0.0,0.0,348.7796401977539,0.0,0.6016679406166077,0.0,,0.0,0.0,40.0,180.0,-4.215258789062496,11.784741210937504,Leave_One_experiments/all_year_offline_schedule_search/daily_outputs/HLA/HLA_2023_HLA2023_normal_grid_S0032_daily.csv
HLA,HLA,Hailun,2023,Leave_One_experiments\wth_generated_qc\HLA\HLA2023.WTH,wet_year;nitrogen_stress_year;low_response_year,wet,HLA2023_normal_grid_S0032,top_yield,2023-06-15,166,47,42,"{""sim_day"": 47.0, ""doy"": 166.0, ""topwt"": 403.6806106567383, ""grnwt"": 0.0, ""xlai"": 0.675490140914917, ""totir"": 0.0, ""tofer"": NaN, ""swfac"": 0.0, ""nstres"": 0.0}",0.0,0.0,403.6806106567383,0.0,0.675490140914917,0.0,,0.0,0.0,40.0,180.0,-4.215258789062496,11.784741210937504,Leave_One_experiments/all_year_offline_schedule_search/daily_outputs/HLA/HLA_2023_HLA2023_normal_grid_S0032_daily.csv
HLA,HLA,Hailun,2023,Leave_One_experiments\wth_generated_qc\HLA\HLA2023.WTH,wet_year;nitrogen_stress_year;low_response_year,wet,HLA2023_normal_grid_S0032,top_yield,2023-06-16,167,48,43,"{""sim_day"": 48.0, ""doy"": 167.0, ""topwt"": 466.09596252441406, ""grnwt"": 0.0, ""xlai"": 0.7614699006080627, ""totir"": 0.0, ""tofer"": NaN, ""swfac"": 0.0, ""nstres"": 0.0}",0.0,0.0,466.09596252441406,0.0,0.7614699006080627,0.0,,0.0,0.0,40.0,180.0,-4.215258789062496,11.784741210937504,Leave_One_experiments/all_year_offline_schedule_search/daily_outputs/HLA/HLA_2023_HLA2023_normal_grid_S0032_daily.csv
HLA,HLA,Hailun,2023,Leave_One_experiments\wth_generated_qc\HLA\HLA2023.WTH,wet_year;nitrogen_stress_year;low_response_year,wet,HLA2023_normal_grid_S0032,top_yield,2023-06-17,168,49,44,"{""sim_day"": 49.0, ""doy"": 168.0, ""topwt"": 518.0557632446289, ""grnwt"": 0.0, ""xlai"": 0.8305686116218567, ""totir"": 0.0, ""tofer"": NaN, ""swfac"": 0.0, ""nstres"": 0.0}",0.0,0.0,518.0557632446289,0.0,0.8305686116218567,0.0,,0.0,0.0,40.0,180.0,-4.215258789062496,11.784741210937504,Leave_One_experiments/all_year_offline_schedule_search/daily_outputs/HLA/HLA_2023_HLA2023_normal_grid_S0032_daily.csv
HLA,HLA,Hailun,2023,Leave_One_experiments\wth_generated_qc\HLA\HLA2023.WTH,wet_year;nitrogen_stress_year;low_response_year,wet,HLA2023_normal_grid_S0032,top_yield,2023-06-18,169,50,45,"{""sim_day"": 50.0, ""doy"": 169.0, ""topwt"": 594.3769836425781, ""grnwt"": 0.0, ""xlai"": 0.9278477430343628, ""totir"": 0.0, ""tofer"": NaN, ""swfac"": 0.0, ""nstres"": 0.0}",0.0,0.0,594.3769836425781,0.0,0.9278477430343628,0.0,,0.0,0.0,40.0,180.0,-4.215258789062496,11.784741210937504,Leave_One_experiments/all_year_offline_schedule_search/daily_outputs/HLA/HLA_2023_HLA2023_normal_grid_S0032_daily.csv
HLA,HLA,Hailun,2023,Leave_One_experiments\wth_generated_qc\HLA\HLA2023.WTH,wet_year;nitrogen_stress_year;low_response_year,wet,HLA2023_normal_grid_S0032,top_yield,2023-06-19,170,51,46,"{""sim_day"": 51.0, ""doy"": 170.0, ""topwt"": 680.0538635253906, ""grnwt"": 0.0, ""xlai"": 1.0320271253585815, ""totir"": 0.0, ""tofer"": NaN, ""swfac"": 0.0, ""nstres"": 0.0}",0.0,0.0,680.0538635253906,0.0,1.0320271253585815,0.0,,0.0,0.0,40.0,180.0,-4.215258789062496,11.784741210937504,Leave_One_experiments/all_year_offline_schedule_search/daily_outputs/HLA/HLA_2023_HLA2023_normal_grid_S0032_daily.csv
HLA,HLA,Hailun,2023,Leave_One_experiments\wth_generated_qc\HLA\HLA2023.WTH,wet_year;nitrogen_stress_year;low_response_year,wet,HLA2023_normal_grid_S0032,top_yield,2023-06-20,171,52,47,"{""sim_day"": 52.0, ""doy"": 171.0, ""topwt"": 770.4758453369141, ""grnwt"": 0.0, ""xlai"": 1.1366853713989258, ""totir"": 0.0, ""tofer"": NaN, ""swfac"": 0.0, ""nstres"": 0.0}",0.0,0.0,770.4758453369141,0.0,1.1366853713989258,0.0,,0.0,0.0,40.0,180.0,-4.215258789062496,11.784741210937504,Leave_One_experiments/all_year_offline_schedule_search/daily_outputs/HLA/HLA_2023_HLA2023_normal_grid_S0032_daily.csv
HLA,HLA,Hailun,2023,Leave_One_experiments\wth_generated_qc\HLA\HLA2023.WTH,wet_year;nitrogen_stress_year;low_response_year,wet,HLA2023_normal_grid_S0032,top_yield,2023-06-21,172,53,48,"{""sim_day"": 53.0, ""doy"": 172.0, ""topwt"": 851.6160583496094, ""grnwt"": 0.0, ""xlai"": 1.226471781730652, ""totir"": 0.0, ""tofer"": NaN, ""swfac"": 0.0, ""nstres"": 0.0}",0.0,0.0,851.6160583496094,0.0,1.226471781730652,0.0,,0.0,0.0,40.0,180.0,-4.215258789062496,11.784741210937504,Leave_One_experiments/all_year_offline_schedule_search/daily_outputs/HLA/HLA_2023_HLA2023_normal_grid_S0032_daily.csv
HLA,HLA,Hailun,2023,Leave_One_experiments\wth_generated_qc\HLA\HLA2023.WTH,wet_year;nitrogen_stress_year;low_response_year,wet,HLA2023_normal_grid_S0032,top_yield,2023-06-22,173,54,49,"{""sim_day"": 54.0, ""doy"": 173.0, ""topwt"": 935.3976440429688, ""grnwt"": 0.0, ""xlai"": 1.3152058124542236, ""totir"": 0.0, ""tofer"": NaN, ""swfac"": 0.0, ""nstres"": 0.0}",0.0,0.0,935.3976440429688,0.0,1.3152058124542236,0.0,,0.0,0.0,40.0,180.0,-4.215258789062496,11.784741210937504,Leave_One_experiments/all_year_offline_schedule_search/daily_outputs/HLA/HLA_2023_HLA2023_normal_grid_S0032_daily.csv
HLA,HLA,Hailun,2023,Leave_One_experiments\wth_generated_qc\HLA\HLA2023.WTH,wet_year;nitrogen_stress_year;low_response_year,wet,HLA2023_normal_grid_S0032,top_yield,2023-06-23,174,55,50,"{""sim_day"": 55.0, ""doy"": 174.0, ""topwt"": 1049.5364379882812, ""grnwt"": 0.0, ""xlai"": 1.4295755624771118, ""totir"": 0.0, ""tofer"": NaN, ""swfac"": 0.0, ""nstres"": 0.0}",0.0,0.0,1049.5364379882812,0.0,1.4295755624771118,0.0,,0.0,0.0,40.0,180.0,-4.215258789062496,11.784741210937504,Leave_One_experiments/all_year_offline_schedule_search/daily_outputs/HLA/HLA_2023_HLA2023_normal_grid_S0032_daily.csv
HLA,HLA,Hailun,2023,Leave_One_experiments\wth_generated_qc\HLA\HLA2023.WTH,wet_year;nitrogen_stress_year;low_response_year,wet,HLA2023_normal_grid_S0032,top_yield,2023-06-24,175,56,51,"{""sim_day"": 56.0, ""doy"": 175.0, ""topwt"": 1184.642333984375, ""grnwt"": 0.0, ""xlai"": 1.5564327239990234, ""totir"": 0.0, ""tofer"": NaN, ""swfac"": 0.0, ""nstres"": 0.0}",0.0,0.0,1184.642333984375,0.0,1.5564327239990234,0.0,,0.0,0.0,40.0,180.0,-4.215258789062496,11.784741210937504,Leave_One_experiments/all_year_offline_schedule_search/daily_outputs/HLA/HLA_2023_HLA2023_normal_grid_S0032_daily.csv
HLA,HLA,Hailun,2023,Leave_One_experiments\wth_generated_qc\HLA\HLA2023.WTH,wet_year;nitrogen_stress_year;low_response_year,wet,HLA2023_normal_grid_S0032,top_yield,2023-06-25,176,57,52,"{""sim_day"": 57.0, ""doy"": 176.0, ""topwt"": 1355.5482482910156, ""grnwt"": 0.0, ""xlai"": 1.704897403717041, ""totir"": 0.0, ""tofer"": NaN, ""swfac"": 0.0, ""nstres"": 0.0}",0.0,0.0,1355.5482482910156,0.0,1.704897403717041,0.0,,0.0,0.0,40.0,180.0,-4.215258789062496,11.784741210937504,Leave_One_experiments/all_year_offline_schedule_search/daily_outputs/HLA/HLA_2023_HLA2023_normal_grid_S0032_daily.csv
HLA,HLA,Hailun,2023,Leave_One_experiments\wth_generated_qc\HLA\HLA2023.WTH,wet_year;nitrogen_stress_year;low_response_year,wet,HLA2023_normal_grid_S0032,top_yield,2023-06-26,177,58,53,"{""sim_day"": 58.0, ""doy"": 177.0, ""topwt"": 1518.791046142578, ""grnwt"": 0.0, ""xlai"": 1.8366804122924805, ""totir"": 0.0, ""tofer"": NaN, ""swfac"": 0.0, ""nstres"": 0.0}",0.0,0.0,1518.791046142578,0.0,1.8366804122924805,0.0,,0.0,0.0,40.0,180.0,-4.215258789062496,11.784741210937504,Leave_One_experiments/all_year_offline_schedule_search/daily_outputs/HLA/HLA_2023_HLA2023_normal_grid_S0032_daily.csv
HLA,HLA,Hailun,2023,Leave_One_experiments\wth_generated_qc\HLA\HLA2023.WTH,wet_year;nitrogen_stress_year;low_response_year,wet,HLA2023_normal_grid_S0032,top_yield,2023-06-27,178,59,54,"{""sim_day"": 59.0, ""doy"": 178.0, ""topwt"": 1673.3309936523438, ""grnwt"": 0.0, ""xlai"": 1.95350444316864, ""totir"": 0.0, ""tofer"": NaN, ""swfac"": 0.0, ""nstres"": 0.0}",0.0,0.0,1673.3309936523438,0.0,1.95350444316864,0.0,,0.0,0.0,40.0,180.0,-4.215258789062496,11.784741210937504,Leave_One_experiments/all_year_offline_schedule_search/daily_outputs/HLA/HLA_2023_HLA2023_normal_grid_S0032_daily.csv
HLA,HLA,Hailun,2023,Leave_One_experiments\wth_generated_qc\HLA\HLA2023.WTH,wet_year;nitrogen_stress_year;low_response_year,wet,HLA2023_normal_grid_S0032,top_yield,2023-06-28,179,60,55,"{""sim_day"": 60.0, ""doy"": 179.0, ""topwt"": 1813.8365173339844, ""grnwt"": 0.0, ""xlai"": 2.053826808929444, ""totir"": 0.0, ""tofer"": NaN, ""swfac"": 0.0, ""nstres"": 0.0}",0.0,0.0,1813.8365173339844,0.0,2.053826808929444,0.0,,0.0,0.0,40.0,180.0,-4.215258789062496,11.784741210937504,Leave_One_experiments/all_year_offline_schedule_search/daily_outputs/HLA/HLA_2023_HLA2023_normal_grid_S0032_daily.csv
HLA,HLA,Hailun,2023,Leave_One_experiments\wth_generated_qc\HLA\HLA2023.WTH,wet_year;nitrogen_stress_year;low_response_year,wet,HLA2023_normal_grid_S0032,top_yield,2023-06-29,180,61,56,"{""sim_day"": 61.0, ""doy"": 180.0, ""topwt"": 1949.3685913085935, ""grnwt"": 0.0, ""xlai"": 2.1456949710845947, ""totir"": 0.0, ""tofer"": NaN, ""swfac"": 0.0, ""nstres"": 0.0}",0.0,0.0,1949.3685913085935,0.0,2.1456949710845947,0.0,,0.0,0.0,40.0,180.0,-4.215258789062496,11.784741210937504,Leave_One_experiments/all_year_offline_schedule_search/daily_outputs/HLA/HLA_2023_HLA2023_normal_grid_S0032_daily.csv
HLA,HLA,Hailun,2023,Leave_One_experiments\wth_generated_qc\HLA\HLA2023.WTH,wet_year;nitrogen_stress_year;low_response_year,wet,HLA2023_normal_grid_S0032,top_yield,2023-06-30,181,62,57,"{""sim_day"": 62.0, ""doy"": 181.0, ""topwt"": 2105.2818298339844, ""grnwt"": 0.0, ""xlai"": 2.245678186416626, ""totir"": 0.0, ""tofer"": NaN, ""swfac"": 0.0, ""nstres"": 0.0}",0.0,0.0,2105.2818298339844,0.0,2.245678186416626,0.0,,0.0,0.0,40.0,180.0,-4.215258789062496,11.784741210937504,Leave_One_experiments/all_year_offline_schedule_search/daily_outputs/HLA/HLA_2023_HLA2023_normal_grid_S0032_daily.csv
HLA,HLA,Hailun,2023,Leave_One_experiments\wth_generated_qc\HLA\HLA2023.WTH,wet_year;nitrogen_stress_year;low_response_year,wet,HLA2023_normal_grid_S0032,top_yield,2023-07-01,182,63,58,"{""sim_day"": 63.0, ""doy"": 182.0, ""topwt"": 2272.1221923828125, ""grnwt"": 0.0, ""xlai"": 2.346778154373169, ""totir"": 0.0, ""tofer"": NaN, ""swfac"": 0.0, ""nstres"": 0.0}",0.0,0.0,2272.1221923828125,0.0,2.346778154373169,0.0,,0.0,0.0,40.0,180.0,-4.215258789062496,11.784741210937504,Leave_One_experiments/all_year_offline_schedule_search/daily_outputs/HLA/HLA_2023_HLA2023_normal_grid_S0032_daily.csv
HLA,HLA,Hailun,2023,Leave_One_experiments\wth_generated_qc\HLA\HLA2023.WTH,wet_year;nitrogen_stress_year;low_response_year,wet,HLA2023_normal_grid_S0032,top_yield,2023-07-02,183,64,59,"{""sim_day"": 64.0, ""doy"": 183.0, ""topwt"": 2475.902709960937, ""grnwt"": 0.0, ""xlai"": 2.462620973587036, ""totir"": 0.0, ""tofer"": NaN, ""swfac"": 0.0, ""nstres"": 0.0}",0.0,0.0,2475.902709960937,0.0,2.462620973587036,0.0,,0.0,0.0,40.0,180.0,-4.215258789062496,11.784741210937504,Leave_One_experiments/all_year_offline_schedule_search/daily_outputs/HLA/HLA_2023_HLA2023_normal_grid_S0032_daily.csv
HLA,HLA,Hailun,2023,Leave_One_experiments\wth_generated_qc\HLA\HLA2023.WTH,wet_year;nitrogen_stress_year;low_response_year,wet,HLA2023_normal_grid_S0032,top_yield,2023-07-03,184,65,60,"{""sim_day"": 65.0, ""doy"": 184.0, ""topwt"": 2707.245178222656, ""grnwt"": 0.0, ""xlai"": 2.585475206375122, ""totir"": 0.0, ""tofer"": NaN, ""swfac"": 0.0, ""nstres"": 0.0}",0.0,0.0,2707.245178222656,0.0,2.585475206375122,0.0,,0.0,50.0,40.0,180.0,-4.215258789062496,11.784741210937504,Leave_One_experiments/all_year_offline_schedule_search/daily_outputs/HLA/HLA_2023_HLA2023_normal_grid_S0032_daily.csv
HLA,HLA,Hailun,2023,Leave_One_experiments\wth_generated_qc\HLA\HLA2023.WTH,wet_year;nitrogen_stress_year;low_response_year,wet,HLA2023_normal_grid_S0032,top_yield,2023-07-04,185,66,61,"{""sim_day"": 66.0, ""doy"": 185.0, ""topwt"": 2837.1676635742188, ""grnwt"": 0.0, ""xlai"": 2.6504697799682617, ""totir"": 0.0, ""tofer"": NaN, ""swfac"": 0.0, ""nstres"": 0.0}",0.0,0.0,2837.1676635742188,0.0,2.6504697799682617,0.0,,0.0,0.0,40.0,180.0,-4.215258789062496,11.784741210937504,Leave_One_experiments/all_year_offline_schedule_search/daily_outputs/HLA/HLA_2023_HLA2023_normal_grid_S0032_daily.csv
HLA,HLA,Hailun,2023,Leave_One_experiments\wth_generated_qc\HLA\HLA2023.WTH,wet_year;nitrogen_stress_year;low_response_year,wet,HLA2023_normal_grid_S0032,top_yield,2023-07-05,186,67,62,"{""sim_day"": 67.0, ""doy"": 186.0, ""topwt"": 3047.851867675781, ""grnwt"": 0.0, ""xlai"": 2.75049376487732, ""totir"": 0.0, ""tofer"": NaN, ""swfac"": 0.0, ""nstres"": 0.0}",0.0,0.0,3047.851867675781,0.0,2.75049376487732,0.0,,0.0,0.0,40.0,180.0,-4.215258789062496,11.784741210937504,Leave_One_experiments/all_year_offline_schedule_search/daily_outputs/HLA/HLA_2023_HLA2023_normal_grid_S0032_daily.csv
HLA,HLA,Hailun,2023,Leave_One_experiments\wth_generated_qc\HLA\HLA2023.WTH,wet_year;nitrogen_stress_year;low_response_year,wet,HLA2023_normal_grid_S0032,top_yield,2023-07-06,187,68,63,"{""sim_day"": 68.0, ""doy"": 187.0, ""topwt"": 3283.34228515625, ""grnwt"": 0.0, ""xlai"": 2.856058359146118, ""totir"": 0.0, ""tofer"": NaN, ""swfac"": 0.0, ""nstres"": 0.0}",0.0,0.0,3283.34228515625,0.0,2.856058359146118,0.0,,0.0,0.0,40.0,180.0,-4.215258789062496,11.784741210937504,Leave_One_experiments/all_year_offline_schedule_search/daily_outputs/HLA/HLA_2023_HLA2023_normal_grid_S0032_daily.csv
HLA,HLA,Hailun,2023,Leave_One_experiments\wth_generated_qc\HLA\HLA2023.WTH,wet_year;nitrogen_stress_year;low_response_year,wet,HLA2023_normal_grid_S0032,top_yield,2023-07-07,188,69,64,"{""sim_day"": 69.0, ""doy"": 188.0, ""topwt"": 3558.4597778320312, ""grnwt"": 0.0, ""xlai"": 2.971958875656128, ""totir"": 0.0, ""tofer"": NaN, ""swfac"": 0.0, ""nstres"": 0.0}",0.0,0.0,3558.4597778320312,0.0,2.971958875656128,0.0,,0.0,0.0,40.0,180.0,-4.215258789062496,11.784741210937504,Leave_One_experiments/all_year_offline_schedule_search/daily_outputs/HLA/HLA_2023_HLA2023_normal_grid_S0032_daily.csv
HLA,HLA,Hailun,2023,Leave_One_experiments\wth_generated_qc\HLA\HLA2023.WTH,wet_year;nitrogen_stress_year;low_response_year,wet,HLA2023_normal_grid_S0032,top_yield,2023-07-08,189,70,65,"{""sim_day"": 70.0, ""doy"": 189.0, ""topwt"": 3837.2564697265625, ""grnwt"": 0.0, ""xlai"": 3.112726211547852, ""totir"": 40.0, ""tofer"": NaN, ""swfac"": 0.0, ""nstres"": 0.0}",0.0,0.0,3837.2564697265625,0.0,3.112726211547852,40.0,,40.0,0.0,40.0,180.0,-4.215258789062496,11.784741210937504,Leave_One_experiments/all_year_offline_schedule_search/daily_outputs/HLA/HLA_2023_HLA2023_normal_grid_S0032_daily.csv
HLA,HLA,Hailun,2023,Leave_One_experiments\wth_generated_qc\HLA\HLA2023.WTH,wet_year;nitrogen_stress_year;low_response_year,wet,HLA2023_normal_grid_S0032,top_yield,2023-07-09,190,71,66,"{""sim_day"": 71.0, ""doy"": 190.0, ""topwt"": 4057.557678222656, ""grnwt"": 0.0, ""xlai"": 3.2051804065704346, ""totir"": 40.0, ""tofer"": NaN, ""swfac"": 0.0, ""nstres"": 0.0}",0.0,0.0,4057.557678222656,0.0,3.2051804065704346,40.0,,0.0,0.0,40.0,180.0,-4.215258789062496,11.784741210937504,Leave_One_experiments/all_year_offline_schedule_search/daily_outputs/HLA/HLA_2023_HLA2023_normal_grid_S0032_daily.csv
HLA,HLA,Hailun,2023,Leave_One_experiments\wth_generated_qc\HLA\HLA2023.WTH,wet_year;nitrogen_stress_year;low_response_year,wet,HLA2023_normal_grid_S0032,top_yield,2023-07-10,191,72,67,"{""sim_day"": 72.0, ""doy"": 191.0, ""topwt"": 4312.1124267578125, ""grnwt"": 0.0, ""xlai"": 3.300575017929077, ""totir"": 40.0, ""tofer"": NaN, ""swfac"": 0.0, ""nstres"": 0.0}",0.0,0.0,4312.1124267578125,0.0,3.300575017929077,40.0,,0.0,0.0,40.0,180.0,-4.215258789062496,11.784741210937504,Leave_One_experiments/all_year_offline_schedule_search/daily_outputs/HLA/HLA_2023_HLA2023_normal_grid_S0032_daily.csv
HLA,HLA,Hailun,2023,Leave_One_experiments\wth_generated_qc\HLA\HLA2023.WTH,wet_year;nitrogen_stress_year;low_response_year,wet,HLA2023_normal_grid_S0032,top_yield,2023-07-11,192,73,68,"{""sim_day"": 73.0, ""doy"": 192.0, ""topwt"": 4585.786437988281, ""grnwt"": 0.0, ""xlai"": 3.39357328414917, ""totir"": 40.0, ""tofer"": NaN, ""swfac"": 0.0, ""nstres"": 0.0}",0.0,0.0,4585.786437988281,0.0,3.39357328414917,40.0,,0.0,0.0,40.0,180.0,-4.215258789062496,11.784741210937504,Leave_One_experiments/all_year_offline_schedule_search/daily_outputs/HLA/HLA_2023_HLA2023_normal_grid_S0032_daily.csv
HLA,HLA,Hailun,2023,Leave_One_experiments\wth_generated_qc\HLA\HLA2023.WTH,wet_year;nitrogen_stress_year;low_response_year,wet,HLA2023_normal_grid_S0032,top_yield,2023-07-12,193,74,69,"{""sim_day"": 74.0, ""doy"": 193.0, ""topwt"": 4885.3033447265625, ""grnwt"": 0.0, ""xlai"": 3.486744165420532, ""totir"": 40.0, ""tofer"": NaN, ""swfac"": 0.0, ""nstres"": 0.0}",0.0,0.0,4885.3033447265625,0.0,3.486744165420532,40.0,,0.0,0.0,40.0,180.0,-4.215258789062496,11.784741210937504,Leave_One_experiments/all_year_offline_schedule_search/daily_outputs/HLA/HLA_2023_HLA2023_normal_grid_S0032_daily.csv
HLA,HLA,Hailun,2023,Leave_One_experiments\wth_generated_qc\HLA\HLA2023.WTH,wet_year;nitrogen_stress_year;low_response_year,wet,HLA2023_normal_grid_S0032,top_yield,2023-07-13,194,75,70,"{""sim_day"": 75.0, ""doy"": 194.0, ""topwt"": 5024.886779785156, ""grnwt"": 0.0, ""xlai"": 3.5272998809814453, ""totir"": 40.0, ""tofer"": NaN, ""swfac"": 0.0, ""nstres"": 0.0}",0.0,0.0,5024.886779785156,0.0,3.5272998809814453,40.0,,0.0,0.0,40.0,180.0,-4.215258789062496,11.784741210937504,Leave_One_experiments/all_year_offline_schedule_search/daily_outputs/HLA/HLA_2023_HLA2023_normal_grid_S0032_daily.csv
HLA,HLA,Hailun,2023,Leave_One_experiments\wth_generated_qc\HLA\HLA2023.WTH,wet_year;nitrogen_stress_year;low_response_year,wet,HLA2023_normal_grid_S0032,top_yield,2023-07-14,195,76,71,"{""sim_day"": 76.0, ""doy"": 195.0, ""topwt"": 5205.249633789063, ""grnwt"": 0.0, ""xlai"": 3.577692031860352, ""totir"": 40.0, ""tofer"": NaN, ""swfac"": 0.0, ""nstres"": 0.0}",0.0,0.0,5205.249633789063,0.0,3.577692031860352,40.0,,0.0,0.0,40.0,180.0,-4.215258789062496,11.784741210937504,Leave_One_experiments/all_year_offline_schedule_search/daily_outputs/HLA/HLA_2023_HLA2023_normal_grid_S0032_daily.csv
HLA,HLA,Hailun,2023,Leave_One_experiments\wth_generated_qc\HLA\HLA2023.WTH,wet_year;nitrogen_stress_year;low_response_year,wet,HLA2023_normal_grid_S0032,top_yield,2023-07-15,196,77,72,"{""sim_day"": 77.0, ""doy"": 196.0, ""topwt"": 5383.082275390625, ""grnwt"": 0.0, ""xlai"": 3.625544786453247, ""totir"": 40.0, ""tofer"": NaN, ""swfac"": 0.0, ""nstres"": 0.0}",0.0,0.0,5383.082275390625,0.0,3.625544786453247,40.0,,0.0,0.0,40.0,180.0,-4.215258789062496,11.784741210937504,Leave_One_experiments/all_year_offline_schedule_search/daily_outputs/HLA/HLA_2023_HLA2023_normal_grid_S0032_daily.csv
HLA,HLA,Hailun,2023,Leave_One_experiments\wth_generated_qc\HLA\HLA2023.WTH,wet_year;nitrogen_stress_year;low_response_year,wet,HLA2023_normal_grid_S0032,top_yield,2023-07-16,197,78,73,"{""sim_day"": 78.0, ""doy"": 197.0, ""topwt"": 5558.726806640625, ""grnwt"": 0.0, ""xlai"": 3.671201944351196, ""totir"": 40.0, ""tofer"": NaN, ""swfac"": 0.0, ""nstres"": 0.0}",0.0,0.0,5558.726806640625,0.0,3.671201944351196,40.0,,0.0,0.0,40.0,180.0,-4.215258789062496,11.784741210937504,Leave_One_experiments/all_year_offline_schedule_search/daily_outputs/HLA/HLA_2023_HLA2023_normal_grid_S0032_daily.csv
HLA,HLA,Hailun,2023,Leave_One_experiments\wth_generated_qc\HLA\HLA2023.WTH,wet_year;nitrogen_stress_year;low_response_year,wet,HLA2023_normal_grid_S0032,top_yield,2023-07-17,198,79,74,"{""sim_day"": 79.0, ""doy"": 198.0, ""topwt"": 5781.3409423828125, ""grnwt"": 0.0, ""xlai"": 3.726867914199829, ""totir"": 40.0, ""tofer"": NaN, ""swfac"": 0.0, ""nstres"": 0.0}",0.0,0.0,5781.3409423828125,0.0,3.726867914199829,40.0,,0.0,0.0,40.0,180.0,-4.215258789062496,11.784741210937504,Leave_One_experiments/all_year_offline_schedule_search/daily_outputs/HLA/HLA_2023_HLA2023_normal_grid_S0032_daily.csv
HLA,HLA,Hailun,2023,Leave_One_experiments\wth_generated_qc\HLA\HLA2023.WTH,wet_year;nitrogen_stress_year;low_response_year,wet,HLA2023_normal_grid_S0032,top_yield,2023-07-18,199,80,75,"{""sim_day"": 80.0, ""doy"": 199.0, ""topwt"": 6043.2763671875, ""grnwt"": 0.0, ""xlai"": 3.792349815368652, ""totir"": 40.0, ""tofer"": NaN, ""swfac"": 0.0, ""nstres"": 0.0}",0.0,0.0,6043.2763671875,0.0,3.792349815368652,40.0,,0.0,0.0,40.0,180.0,-4.215258789062496,11.784741210937504,Leave_One_experiments/all_year_offline_schedule_search/daily_outputs/HLA/HLA_2023_HLA2023_normal_grid_S0032_daily.csv
HLA,HLA,Hailun,2023,Leave_One_experiments\wth_generated_qc\HLA\HLA2023.WTH,wet_year;nitrogen_stress_year;low_response_year,wet,HLA2023_normal_grid_S0032,top_yield,2023-07-19,200,81,76,"{""sim_day"": 81.0, ""doy"": 200.0, ""topwt"": 6313.501586914063, ""grnwt"": 0.0, ""xlai"": 3.859830379486084, ""totir"": 40.0, ""tofer"": NaN, ""swfac"": 0.0, ""nstres"": 0.0}",0.0,0.0,6313.501586914063,0.0,3.859830379486084,40.0,,0.0,0.0,40.0,180.0,-4.215258789062496,11.784741210937504,Leave_One_experiments/all_year_offline_schedule_search/daily_outputs/HLA/HLA_2023_HLA2023_normal_grid_S0032_daily.csv
HLA,HLA,Hailun,2023,Leave_One_experiments\wth_generated_qc\HLA\HLA2023.WTH,wet_year;nitrogen_stress_year;low_response_year,wet,HLA2023_normal_grid_S0032,top_yield,2023-07-20,201,82,77,"{""sim_day"": 82.0, ""doy"": 201.0, ""topwt"": 6552.841796875, ""grnwt"": 0.0, ""xlai"": 3.919490098953247, ""totir"": 40.0, ""tofer"": NaN, ""swfac"": 0.0, ""nstres"": 0.0}",0.0,0.0,6552.841796875,0.0,3.919490098953247,40.0,,0.0,0.0,40.0,180.0,-4.215258789062496,11.784741210937504,Leave_One_experiments/all_year_offline_schedule_search/daily_outputs/HLA/HLA_2023_HLA2023_normal_grid_S0032_daily.csv
HLA,HLA,Hailun,2023,Leave_One_experiments\wth_generated_qc\HLA\HLA2023.WTH,wet_year;nitrogen_stress_year;low_response_year,wet,HLA2023_normal_grid_S0032,top_yield,2023-07-21,202,83,78,"{""sim_day"": 83.0, ""doy"": 202.0, ""topwt"": 6769.19921875, ""grnwt"": 0.0, ""xlai"": 3.973329544067383, ""totir"": 40.0, ""tofer"": NaN, ""swfac"": 0.0, ""nstres"": 0.0}",0.0,0.0,6769.19921875,0.0,3.973329544067383,40.0,,0.0,0.0,40.0,180.0,-4.215258789062496,11.784741210937504,Leave_One_experiments/all_year_offline_schedule_search/daily_outputs/HLA/HLA_2023_HLA2023_normal_grid_S0032_daily.csv
HLA,HLA,Hailun,2023,Leave_One_experiments\wth_generated_qc\HLA\HLA2023.WTH,wet_year;nitrogen_stress_year;low_response_year,wet,HLA2023_normal_grid_S0032,top_yield,2023-07-22,203,84,79,"{""sim_day"": 84.0, ""doy"": 203.0, ""topwt"": 6972.124633789063, ""grnwt"": 0.0, ""xlai"": 4.023754119873047, ""totir"": 40.0, ""tofer"": NaN, ""swfac"": 0.0, ""nstres"": 0.0}",0.0,0.0,6972.124633789063,0.0,4.023754119873047,40.0,,0.0,0.0,40.0,180.0,-4.215258789062496,11.784741210937504,Leave_One_experiments/all_year_offline_schedule_search/daily_outputs/HLA/HLA_2023_HLA2023_normal_grid_S0032_daily.csv
HLA,HLA,Hailun,2023,Leave_One_experiments\wth_generated_qc\HLA\HLA2023.WTH,wet_year;nitrogen_stress_year;low_response_year,wet,HLA2023_normal_grid_S0032,top_yield,2023-07-23,204,85,80,"{""sim_day"": 85.0, ""doy"": 204.0, ""topwt"": 7177.623901367188, ""grnwt"": 0.0, ""xlai"": 4.074001789093018, ""totir"": 40.0, ""tofer"": NaN, ""swfac"": 0.0, ""nstres"": 0.0}",0.0,0.0,7177.623901367188,0.0,4.074001789093018,40.0,,0.0,0.0,40.0,180.0,-4.215258789062496,11.784741210937504,Leave_One_experiments/all_year_offline_schedule_search/daily_outputs/HLA/HLA_2023_HLA2023_normal_grid_S0032_daily.csv
HLA,HLA,Hailun,2023,Leave_One_experiments\wth_generated_qc\HLA\HLA2023.WTH,wet_year;nitrogen_stress_year;low_response_year,wet,HLA2023_normal_grid_S0032,top_yield,2023-07-24,205,86,81,"{""sim_day"": 86.0, ""doy"": 205.0, ""topwt"": 7499.3890380859375, ""grnwt"": 0.0, ""xlai"": 3.8826472759246826, ""totir"": 40.0, ""tofer"": NaN, ""swfac"": 0.0, ""nstres"": 0.0}",0.0,0.0,7499.3890380859375,0.0,3.8826472759246826,40.0,,0.0,0.0,40.0,180.0,-4.215258789062496,11.784741210937504,Leave_One_experiments/all_year_offline_schedule_search/daily_outputs/HLA/HLA_2023_HLA2023_normal_grid_S0032_daily.csv
HLA,HLA,Hailun,2023,Leave_One_experiments\wth_generated_qc\HLA\HLA2023.WTH,wet_year;nitrogen_stress_year;low_response_year,wet,HLA2023_normal_grid_S0032,top_yield,2023-07-25,206,87,82,"{""sim_day"": 87.0, ""doy"": 206.0, ""topwt"": 7815.379638671875, ""grnwt"": 0.0, ""xlai"": 3.866062879562378, ""totir"": 40.0, ""tofer"": NaN, ""swfac"": 0.0, ""nstres"": 0.0}",0.0,0.0,7815.379638671875,0.0,3.866062879562378,40.0,,0.0,0.0,40.0,180.0,-4.215258789062496,11.784741210937504,Leave_One_experiments/all_year_offline_schedule_search/daily_outputs/HLA/HLA_2023_HLA2023_normal_grid_S0032_daily.csv
HLA,HLA,Hailun,2023,Leave_One_experiments\wth_generated_qc\HLA\HLA2023.WTH,wet_year;nitrogen_stress_year;low_response_year,wet,HLA2023_normal_grid_S0032,top_yield,2023-07-26,207,88,83,"{""sim_day"": 88.0, ""doy"": 207.0, ""topwt"": 8128.632202148437, ""grnwt"": 0.0, ""xlai"": 3.85132098197937, ""totir"": 40.0, ""tofer"": NaN, ""swfac"": 0.0, ""nstres"": 0.0}",0.0,0.0,8128.632202148437,0.0,3.85132098197937,40.0,,0.0,0.0,40.0,180.0,-4.215258789062496,11.784741210937504,Leave_One_experiments/all_year_offline_schedule_search/daily_outputs/HLA/HLA_2023_HLA2023_normal_grid_S0032_daily.csv
HLA,HLA,Hailun,2023,Leave_One_experiments\wth_generated_qc\HLA\HLA2023.WTH,wet_year;nitrogen_stress_year;low_response_year,wet,HLA2023_normal_grid_S0032,top_yield,2023-07-27,208,89,84,"{""sim_day"": 89.0, ""doy"": 208.0, ""topwt"": 8439.074096679688, ""grnwt"": 0.0, ""xlai"": 3.8359646797180176, ""totir"": 40.0, ""tofer"": NaN, ""swfac"": 0.0, ""nstres"": 0.0}",0.0,0.0,8439.074096679688,0.0,3.8359646797180176,40.0,,0.0,0.0,40.0,180.0,-4.215258789062496,11.784741210937504,Leave_One_experiments/all_year_offline_schedule_search/daily_outputs/HLA/HLA_2023_HLA2023_normal_grid_S0032_daily.csv
HLA,HLA,Hailun,2023,Leave_One_experiments\wth_generated_qc\HLA\HLA2023.WTH,wet_year;nitrogen_stress_year;low_response_year,wet,HLA2023_normal_grid_S0032,top_yield,2023-07-28,209,90,85,"{""sim_day"": 90.0, ""doy"": 209.0, ""topwt"": 8746.434326171875, ""grnwt"": 0.0, ""xlai"": 3.819073438644409, ""totir"": 40.0, ""tofer"": NaN, ""swfac"": 0.0, ""nstres"": 0.0}",0.0,0.0,8746.434326171875,0.0,3.819073438644409,40.0,,0.0,0.0,40.0,180.0,-4.215258789062496,11.784741210937504,Leave_One_experiments/all_year_offline_schedule_search/daily_outputs/HLA/HLA_2023_HLA2023_normal_grid_S0032_daily.csv
HLA,HLA,Hailun,2023,Leave_One_experiments\wth_generated_qc\HLA\HLA2023.WTH,wet_year;nitrogen_stress_year;low_response_year,wet,HLA2023_normal_grid_S0032,top_yield,2023-07-29,210,91,86,"{""sim_day"": 91.0, ""doy"": 210.0, ""topwt"": 9050.79345703125, ""grnwt"": 0.0, ""xlai"": 3.802847146987915, ""totir"": 40.0, ""tofer"": NaN, ""swfac"": 0.0, ""nstres"": 0.0}",0.0,0.0,9050.79345703125,0.0,3.802847146987915,40.0,,0.0,0.0,40.0,180.0,-4.215258789062496,11.784741210937504,Leave_One_experiments/all_year_offline_schedule_search/daily_outputs/HLA/HLA_2023_HLA2023_normal_grid_S0032_daily.csv
HLA,HLA,Hailun,2023,Leave_One_experiments\wth_generated_qc\HLA\HLA2023.WTH,wet_year;nitrogen_stress_year;low_response_year,wet,HLA2023_normal_grid_S0032,top_yield,2023-07-30,211,92,87,"{""sim_day"": 92.0, ""doy"": 211.0, ""topwt"": 9352.212524414062, ""grnwt"": 0.0, ""xlai"": 3.786927938461304, ""totir"": 40.0, ""tofer"": NaN, ""swfac"": 0.0, ""nstres"": 0.0}",0.0,0.0,9352.212524414062,0.0,3.786927938461304,40.0,,0.0,0.0,40.0,180.0,-4.215258789062496,11.784741210937504,Leave_One_experiments/all_year_offline_schedule_search/daily_outputs/HLA/HLA_2023_HLA2023_normal_grid_S0032_daily.csv
HLA,HLA,Hailun,2023,Leave_One_experiments\wth_generated_qc\HLA\HLA2023.WTH,wet_year;nitrogen_stress_year;low_response_year,wet,HLA2023_normal_grid_S0032,top_yield,2023-07-31,212,93,88,"{""sim_day"": 93.0, ""doy"": 212.0, ""topwt"": 9703.475952148438, ""grnwt"": 0.0, ""xlai"": 3.7666070461273193, ""totir"": 40.0, ""tofer"": NaN, ""swfac"": 0.0, ""nstres"": 0.0}",0.0,0.0,9703.475952148438,0.0,3.7666070461273193,40.0,,0.0,0.0,40.0,180.0,-4.215258789062496,11.784741210937504,Leave_One_experiments/all_year_offline_schedule_search/daily_outputs/HLA/HLA_2023_HLA2023_normal_grid_S0032_daily.csv
HLA,HLA,Hailun,2023,Leave_One_experiments\wth_generated_qc\HLA\HLA2023.WTH,wet_year;nitrogen_stress_year;low_response_year,wet,HLA2023_normal_grid_S0032,top_yield,2023-08-01,213,94,89,"{""sim_day"": 94.0, ""doy"": 213.0, ""topwt"": 9953.71826171875, ""grnwt"": 0.0, ""xlai"": 3.749254703521729, ""totir"": 40.0, ""tofer"": NaN, ""swfac"": 0.0, ""nstres"": 0.0}",0.0,0.0,9953.71826171875,0.0,3.749254703521729,40.0,,0.0,0.0,40.0,180.0,-4.215258789062496,11.784741210937504,Leave_One_experiments/all_year_offline_schedule_search/daily_outputs/HLA/HLA_2023_HLA2023_normal_grid_S0032_daily.csv
HLA,HLA,Hailun,2023,Leave_One_experiments\wth_generated_qc\HLA\HLA2023.WTH,wet_year;nitrogen_stress_year;low_response_year,wet,HLA2023_normal_grid_S0032,top_yield,2023-08-02,214,95,90,"{""sim_day"": 95.0, ""doy"": 214.0, ""topwt"": 10201.107177734377, ""grnwt"": 0.0, ""xlai"": 3.733796358108521, ""totir"": 40.0, ""tofer"": NaN, ""swfac"": 0.0, ""nstres"": 0.0}",0.0,0.0,10201.107177734377,0.0,3.733796358108521,40.0,,0.0,0.0,40.0,180.0,-4.215258789062496,11.784741210937504,Leave_One_experiments/all_year_offline_schedule_search/daily_outputs/HLA/HLA_2023_HLA2023_normal_grid_S0032_daily.csv
HLA,HLA,Hailun,2023,Leave_One_experiments\wth_generated_qc\HLA\HLA2023.WTH,wet_year;nitrogen_stress_year;low_response_year,wet,HLA2023_normal_grid_S0032,top_yield,2023-08-03,215,96,91,"{""sim_day"": 96.0, ""doy"": 215.0, ""topwt"": 10446.42578125, ""grnwt"": 0.0, ""xlai"": 3.722893714904785, ""totir"": 40.0, ""tofer"": NaN, ""swfac"": 0.0, ""nstres"": 0.0}",0.0,0.0,10446.42578125,0.0,3.722893714904785,40.0,,0.0,0.0,40.0,180.0,-4.215258789062496,11.784741210937504,Leave_One_experiments/all_year_offline_schedule_search/daily_outputs/HLA/HLA_2023_HLA2023_normal_grid_S0032_daily.csv
HLA,HLA,Hailun,2023,Leave_One_experiments\wth_generated_qc\HLA\HLA2023.WTH,wet_year;nitrogen_stress_year;low_response_year,wet,HLA2023_normal_grid_S0032,top_yield,2023-08-04,216,97,92,"{""sim_day"": 97.0, ""doy"": 216.0, ""topwt"": 10610.836181640623, ""grnwt"": 164.41011428833008, ""xlai"": 3.639728307723999, ""totir"": 40.0, ""tofer"": NaN, ""swfac"": 0.0, ""nstres"": 0.0}",0.0,0.0,10610.836181640623,164.41011428833008,3.639728307723999,40.0,,0.0,0.0,40.0,180.0,-4.215258789062496,11.784741210937504,Leave_One_experiments/all_year_offline_schedule_search/daily_outputs/HLA/HLA_2023_HLA2023_normal_grid_S0032_daily.csv
HLA,HLA,Hailun,2023,Leave_One_experiments\wth_generated_qc\HLA\HLA2023.WTH,wet_year;nitrogen_stress_year;low_response_year,wet,HLA2023_normal_grid_S0032,top_yield,2023-08-05,217,98,93,"{""sim_day"": 98.0, ""doy"": 217.0, ""topwt"": 10775.245361328123, ""grnwt"": 328.82022857666016, ""xlai"": 3.629679918289185, ""totir"": 40.0, ""tofer"": NaN, ""swfac"": 0.0, ""nstres"": 0.0}",0.0,0.0,10775.245361328123,328.82022857666016,3.629679918289185,40.0,,0.0,0.0,40.0,180.0,-4.215258789062496,11.784741210937504,Leave_One_experiments/all_year_offline_schedule_search/daily_outputs/HLA/HLA_2023_HLA2023_normal_grid_S0032_daily.csv
HLA,HLA,Hailun,2023,Leave_One_experiments\wth_generated_qc\HLA\HLA2023.WTH,wet_year;nitrogen_stress_year;low_response_year,wet,HLA2023_normal_grid_S0032,top_yield,2023-08-06,218,99,94,"{""sim_day"": 99.0, ""doy"": 218.0, ""topwt"": 10939.65576171875, ""grnwt"": 493.23036193847656, ""xlai"": 3.618719100952149, ""totir"": 40.0, ""tofer"": NaN, ""swfac"": 0.0, ""nstres"": 0.0}",0.0,0.0,10939.65576171875,493.23036193847656,3.618719100952149,40.0,,0.0,0.0,40.0,180.0,-4.215258789062496,11.784741210937504,Leave_One_experiments/all_year_offline_schedule_search/daily_outputs/HLA/HLA_2023_HLA2023_normal_grid_S0032_daily.csv
HLA,HLA,Hailun,2023,Leave_One_experiments\wth_generated_qc\HLA\HLA2023.WTH,wet_year;nitrogen_stress_year;low_response_year,wet,HLA2023_normal_grid_S0032,top_yield,2023-08-07,219,100,95,"{""sim_day"": 100.0, ""doy"": 219.0, ""topwt"": 11104.066162109377, ""grnwt"": 657.6404571533203, ""xlai"": 3.6049089431762695, ""totir"": 40.0, ""tofer"": NaN, ""swfac"": 0.0, ""nstres"": 0.0}",0.0,0.0,11104.066162109377,657.6404571533203,3.6049089431762695,40.0,,0.0,0.0,40.0,180.0,-4.215258789062496,11.784741210937504,Leave_One_experiments/all_year_offline_schedule_search/daily_outputs/HLA/HLA_2023_HLA2023_normal_grid_S0032_daily.csv
HLA,HLA,Hailun,2023,Leave_One_experiments\wth_generated_qc\HLA\HLA2023.WTH,wet_year;nitrogen_stress_year;low_response_year,wet,HLA2023_normal_grid_S0032,top_yield,2023-08-08,220,101,96,"{""sim_day"": 101.0, ""doy"": 220.0, ""topwt"": 11268.4765625, ""grnwt"": 822.0505523681641, ""xlai"": 3.5891170501708984, ""totir"": 40.0, ""tofer"": NaN, ""swfac"": 0.0, ""nstres"": 0.0}",0.0,0.0,11268.4765625,822.0505523681641,3.5891170501708984,40.0,,0.0,0.0,40.0,180.0,-4.215258789062496,11.784741210937504,Leave_One_experiments/all_year_offline_schedule_search/daily_outputs/HLA/HLA_2023_HLA2023_normal_grid_S0032_daily.csv
HLA,HLA,Hailun,2023,Leave_One_experiments\wth_generated_qc\HLA\HLA2023.WTH,wet_year;nitrogen_stress_year;low_response_year,wet,HLA2023_normal_grid_S0032,top_yield,2023-08-09,221,102,97,"{""sim_day"": 102.0, ""doy"": 221.0, ""topwt"": 11432.8857421875, ""grnwt"": 986.4607238769532, ""xlai"": 3.5716049671173096, ""totir"": 40.0, ""tofer"": NaN, ""swfac"": 0.0, ""nstres"": 0.0}",0.0,0.0,11432.8857421875,986.4607238769532,3.5716049671173096,40.0,,0.0,0.0,40.0,180.0,-4.215258789062496,11.784741210937504,Leave_One_experiments/all_year_offline_schedule_search/daily_outputs/HLA/HLA_2023_HLA2023_normal_grid_S0032_daily.csv
HLA,HLA,Hailun,2023,Leave_One_experiments\wth_generated_qc\HLA\HLA2023.WTH,wet_year;nitrogen_stress_year;low_response_year,wet,HLA2023_normal_grid_S0032,top_yield,2023-08-10,222,103,98,"{""sim_day"": 103.0, ""doy"": 222.0, ""topwt"": 11597.296142578123, ""grnwt"": 1150.8708190917969, ""xlai"": 3.548316717147827, ""totir"": 40.0, ""tofer"": NaN, ""swfac"": 0.0, ""nstres"": 0.0}",0.0,0.0,11597.296142578123,1150.8708190917969,3.548316717147827,40.0,,0.0,0.0,40.0,180.0,-4.215258789062496,11.784741210937504,Leave_One_experiments/all_year_offline_schedule_search/daily_outputs/HLA/HLA_2023_HLA2023_normal_grid_S0032_daily.csv
HLA,HLA,Hailun,2023,Leave_One_experiments\wth_generated_qc\HLA\HLA2023.WTH,wet_year;nitrogen_stress_year;low_response_year,wet,HLA2023_normal_grid_S0032,top_yield,2023-08-11,223,104,99,"{""sim_day"": 104.0, ""doy"": 223.0, ""topwt"": 11761.70654296875, ""grnwt"": 1315.2809143066406, ""xlai"": 3.5249183177948, ""totir"": 40.0, ""tofer"": NaN, ""swfac"": 0.0, ""nstres"": 0.0}",0.0,0.0,11761.70654296875,1315.2809143066406,3.5249183177948,40.0,,0.0,0.0,40.0,180.0,-4.215258789062496,11.784741210937504,Leave_One_experiments/all_year_offline_schedule_search/daily_outputs/HLA/HLA_2023_HLA2023_normal_grid_S0032_daily.csv
HLA,HLA,Hailun,2023,Leave_One_experiments\wth_generated_qc\HLA\HLA2023.WTH,wet_year;nitrogen_stress_year;low_response_year,wet,HLA2023_normal_grid_S0032,top_yield,2023-08-12,224,105,100,"{""sim_day"": 105.0, ""doy"": 224.0, ""topwt"": 11926.11572265625, ""grnwt"": 1479.6910095214844, ""xlai"": 3.4974710941314697, ""totir"": 40.0, ""tofer"": NaN, ""swfac"": 0.0, ""nstres"": 0.0}",0.0,0.0,11926.11572265625,1479.6910095214844,3.4974710941314697,40.0,,0.0,0.0,40.0,180.0,-4.215258789062496,11.784741210937504,Leave_One_experiments/all_year_offline_schedule_search/daily_outputs/HLA/HLA_2023_HLA2023_normal_grid_S0032_daily.csv
HLA,HLA,Hailun,2023,Leave_One_experiments\wth_generated_qc\HLA\HLA2023.WTH,wet_year;nitrogen_stress_year;low_response_year,wet,HLA2023_normal_grid_S0032,top_yield,2023-08-13,225,106,101,"{""sim_day"": 106.0, ""doy"": 225.0, ""topwt"": 12090.526123046877, ""grnwt"": 1644.101104736328, ""xlai"": 3.464226484298706, ""totir"": 40.0, ""tofer"": NaN, ""swfac"": 0.0, ""nstres"": 0.0}",0.0,0.0,12090.526123046877,1644.101104736328,3.464226484298706,40.0,,0.0,0.0,40.0,180.0,-4.215258789062496,11.784741210937504,Leave_One_experiments/all_year_offline_schedule_search/daily_outputs/HLA/HLA_2023_HLA2023_normal_grid_S0032_daily.csv
HLA,HLA,Hailun,2023,Leave_One_experiments\wth_generated_qc\HLA\HLA2023.WTH,wet_year;nitrogen_stress_year;low_response_year,wet,HLA2023_normal_grid_S0032,top_yield,2023-08-14,226,107,102,"{""sim_day"": 107.0, ""doy"": 226.0, ""topwt"": 12254.9365234375, ""grnwt"": 1808.5113525390625, ""xlai"": 3.422961950302124, ""totir"": 40.0, ""tofer"": NaN, ""swfac"": 0.0, ""nstres"": 0.0}",0.0,0.0,12254.9365234375,1808.5113525390625,3.422961950302124,40.0,,0.0,0.0,40.0,180.0,-4.215258789062496,11.784741210937504,Leave_One_experiments/all_year_offline_schedule_search/daily_outputs/HLA/HLA_2023_HLA2023_normal_grid_S0032_daily.csv
HLA,HLA,Hailun,2023,Leave_One_experiments\wth_generated_qc\HLA\HLA2023.WTH,wet_year;nitrogen_stress_year;low_response_year,wet,HLA2023_normal_grid_S0032,top_yield,2023-08-15,227,108,103,"{""sim_day"": 108.0, ""doy"": 227.0, ""topwt"": 12419.346923828123, ""grnwt"": 1972.9214477539065, ""xlai"": 3.377429485321045, ""totir"": 40.0, ""tofer"": NaN, ""swfac"": 0.0, ""nstres"": 0.0}",0.0,0.0,12419.346923828123,1972.9214477539065,3.377429485321045,40.0,,0.0,0.0,40.0,180.0,-4.215258789062496,11.784741210937504,Leave_One_experiments/all_year_offline_schedule_search/daily_outputs/HLA/HLA_2023_HLA2023_normal_grid_S0032_daily.csv
HLA,HLA,Hailun,2023,Leave_One_experiments\wth_generated_qc\HLA\HLA2023.WTH,wet_year;nitrogen_stress_year;low_response_year,wet,HLA2023_normal_grid_S0032,top_yield,2023-08-16,228,109,104,"{""sim_day"": 109.0, ""doy"": 228.0, ""topwt"": 12583.756103515623, ""grnwt"": 2137.3313903808594, ""xlai"": 3.3308265209198, ""totir"": 40.0, ""tofer"": NaN, ""swfac"": 0.0, ""nstres"": 0.0}",0.0,0.0,12583.756103515623,2137.3313903808594,3.3308265209198,40.0,,0.0,0.0,40.0,180.0,-4.215258789062496,11.784741210937504,Leave_One_experiments/all_year_offline_schedule_search/daily_outputs/HLA/HLA_2023_HLA2023_normal_grid_S0032_daily.csv
HLA,HLA,Hailun,2023,Leave_One_experiments\wth_generated_qc\HLA\HLA2023.WTH,wet_year;nitrogen_stress_year;low_response_year,wet,HLA2023_normal_grid_S0032,top_yield,2023-08-17,229,110,105,"{""sim_day"": 110.0, ""doy"": 229.0, ""topwt"": 12748.16650390625, ""grnwt"": 2301.7413330078125, ""xlai"": 3.277352333068848, ""totir"": 40.0, ""tofer"": NaN, ""swfac"": 0.0, ""nstres"": 0.0}",0.0,0.0,12748.16650390625,2301.7413330078125,3.277352333068848,40.0,,0.0,0.0,40.0,180.0,-4.215258789062496,11.784741210937504,Leave_One_experiments/all_year_offline_schedule_search/daily_outputs/HLA/HLA_2023_HLA2023_normal_grid_S0032_daily.csv
HLA,HLA,Hailun,2023,Leave_One_experiments\wth_generated_qc\HLA\HLA2023.WTH,wet_year;nitrogen_stress_year;low_response_year,wet,HLA2023_normal_grid_S0032,top_yield,2023-08-18,230,111,106,"{""sim_day"": 111.0, ""doy"": 230.0, ""topwt"": 12912.57568359375, ""grnwt"": 2466.151428222656, ""xlai"": 3.2337605953216557, ""totir"": 40.0, ""tofer"": NaN, ""swfac"": 0.0, ""nstres"": 0.0}",0.0,0.0,12912.57568359375,2466.151428222656,3.2337605953216557,40.0,,0.0,0.0,40.0,180.0,-4.215258789062496,11.784741210937504,Leave_One_experiments/all_year_offline_schedule_search/daily_outputs/HLA/HLA_2023_HLA2023_normal_grid_S0032_daily.csv
HLA,HLA,Hailun,2023,Leave_One_experiments\wth_generated_qc\HLA\HLA2023.WTH,wet_year;nitrogen_stress_year;low_response_year,wet,HLA2023_normal_grid_S0032,top_yield,2023-08-19,231,112,107,"{""sim_day"": 112.0, ""doy"": 231.0, ""topwt"": 13076.9873046875, ""grnwt"": 2630.5615234375, ""xlai"": 3.17950177192688, ""totir"": 40.0, ""tofer"": NaN, ""swfac"": 0.0, ""nstres"": 0.0}",0.0,0.0,13076.9873046875,2630.5615234375,3.17950177192688,40.0,,0.0,0.0,40.0,180.0,-4.215258789062496,11.784741210937504,Leave_One_experiments/all_year_offline_schedule_search/daily_outputs/HLA/HLA_2023_HLA2023_normal_grid_S0032_daily.csv
HLA,HLA,Hailun,2023,Leave_One_experiments\wth_generated_qc\HLA\HLA2023.WTH,wet_year;nitrogen_stress_year;low_response_year,wet,HLA2023_normal_grid_S0032,top_yield,2023-08-20,232,113,108,"{""sim_day"": 113.0, ""doy"": 232.0, ""topwt"": 13241.396484375, ""grnwt"": 2794.9713134765625, ""xlai"": 3.118508100509644, ""totir"": 40.0, ""tofer"": NaN, ""swfac"": 0.0, ""nstres"": 0.0}",0.0,0.0,13241.396484375,2794.9713134765625,3.118508100509644,40.0,,0.0,0.0,40.0,180.0,-4.215258789062496,11.784741210937504,Leave_One_experiments/all_year_offline_schedule_search/daily_outputs/HLA/HLA_2023_HLA2023_normal_grid_S0032_daily.csv
HLA,HLA,Hailun,2023,Leave_One_experiments\wth_generated_qc\HLA\HLA2023.WTH,wet_year;nitrogen_stress_year;low_response_year,wet,HLA2023_normal_grid_S0032,top_yield,2023-08-21,233,114,109,"{""sim_day"": 114.0, ""doy"": 233.0, ""topwt"": 13405.80810546875, ""grnwt"": 2959.3814086914062, ""xlai"": 3.0605664253234863, ""totir"": 40.0, ""tofer"": NaN, ""swfac"": 0.0, ""nstres"": 0.0}",0.0,0.0,13405.80810546875,2959.3814086914062,3.0605664253234863,40.0,,0.0,0.0,40.0,180.0,-4.215258789062496,11.784741210937504,Leave_One_experiments/all_year_offline_schedule_search/daily_outputs/HLA/HLA_2023_HLA2023_normal_grid_S0032_daily.csv
HLA,HLA,Hailun,2023,Leave_One_experiments\wth_generated_qc\HLA\HLA2023.WTH,wet_year;nitrogen_stress_year;low_response_year,wet,HLA2023_normal_grid_S0032,top_yield,2023-08-22,234,115,110,"{""sim_day"": 115.0, ""doy"": 234.0, ""topwt"": 13570.21728515625, ""grnwt"": 3123.79150390625, ""xlai"": 3.002674102783203, ""totir"": 40.0, ""tofer"": NaN, ""swfac"": 0.0, ""nstres"": 0.0}",0.0,0.0,13570.21728515625,3123.79150390625,3.002674102783203,40.0,,0.0,0.0,40.0,180.0,-4.215258789062496,11.784741210937504,Leave_One_experiments/all_year_offline_schedule_search/daily_outputs/HLA/HLA_2023_HLA2023_normal_grid_S0032_daily.csv
HLA,HLA,Hailun,2023,Leave_One_experiments\wth_generated_qc\HLA\HLA2023.WTH,wet_year;nitrogen_stress_year;low_response_year,wet,HLA2023_normal_grid_S0032,top_yield,2023-08-23,235,116,111,"{""sim_day"": 116.0, ""doy"": 235.0, ""topwt"": 13734.62890625, ""grnwt"": 3288.2015991210938, ""xlai"": 2.9547762870788574, ""totir"": 40.0, ""tofer"": NaN, ""swfac"": 0.0, ""nstres"": 0.0}",0.0,0.0,13734.62890625,3288.2015991210938,2.9547762870788574,40.0,,0.0,0.0,40.0,180.0,-4.215258789062496,11.784741210937504,Leave_One_experiments/all_year_offline_schedule_search/daily_outputs/HLA/HLA_2023_HLA2023_normal_grid_S0032_daily.csv
HLA,HLA,Hailun,2023,Leave_One_experiments\wth_generated_qc\HLA\HLA2023.WTH,wet_year;nitrogen_stress_year;low_response_year,wet,HLA2023_normal_grid_S0032,top_yield,2023-08-24,236,117,112,"{""sim_day"": 117.0, ""doy"": 236.0, ""topwt"": 13899.0380859375, ""grnwt"": 3452.611694335937, ""xlai"": 2.901517868041992, ""totir"": 40.0, ""tofer"": NaN, ""swfac"": 0.0, ""nstres"": 0.0}",0.0,0.0,13899.0380859375,3452.611694335937,2.901517868041992,40.0,,0.0,0.0,40.0,180.0,-4.215258789062496,11.784741210937504,Leave_One_experiments/all_year_offline_schedule_search/daily_outputs/HLA/HLA_2023_HLA2023_normal_grid_S0032_daily.csv
HLA,HLA,Hailun,2023,Leave_One_experiments\wth_generated_qc\HLA\HLA2023.WTH,wet_year;nitrogen_stress_year;low_response_year,wet,HLA2023_normal_grid_S0032,top_yield,2023-08-25,237,118,113,"{""sim_day"": 118.0, ""doy"": 237.0, ""topwt"": 14063.44970703125, ""grnwt"": 3617.021484375, ""xlai"": 2.8432371616363525, ""totir"": 40.0, ""tofer"": NaN, ""swfac"": 0.0, ""nstres"": 0.0}",0.0,0.0,14063.44970703125,3617.021484375,2.8432371616363525,40.0,,0.0,0.0,40.0,180.0,-4.215258789062496,11.784741210937504,Leave_One_experiments/all_year_offline_schedule_search/daily_outputs/HLA/HLA_2023_HLA2023_normal_grid_S0032_daily.csv
HLA,HLA,Hailun,2023,Leave_One_experiments\wth_generated_qc\HLA\HLA2023.WTH,wet_year;nitrogen_stress_year;low_response_year,wet,HLA2023_normal_grid_S0032,top_yield,2023-08-26,238,119,114,"{""sim_day"": 119.0, ""doy"": 238.0, ""topwt"": 14227.85888671875, ""grnwt"": 3781.431579589844, ""xlai"": 2.7777671813964844, ""totir"": 40.0, ""tofer"": NaN, ""swfac"": 0.0, ""nstres"": 0.0}",0.0,0.0,14227.85888671875,3781.431579589844,2.7777671813964844,40.0,,0.0,0.0,40.0,180.0,-4.215258789062496,11.784741210937504,Leave_One_experiments/all_year_offline_schedule_search/daily_outputs/HLA/HLA_2023_HLA2023_normal_grid_S0032_daily.csv
HLA,HLA,Hailun,2023,Leave_One_experiments\wth_generated_qc\HLA\HLA2023.WTH,wet_year;nitrogen_stress_year;low_response_year,wet,HLA2023_normal_grid_S0032,top_yield,2023-08-27,239,120,115,"{""sim_day"": 120.0, ""doy"": 239.0, ""topwt"": 14392.2705078125, ""grnwt"": 3945.841674804688, ""xlai"": 2.721191644668579, ""totir"": 40.0, ""tofer"": NaN, ""swfac"": 0.0, ""nstres"": 0.0117502212524414}",0.0,0.0117502212524414,14392.2705078125,3945.841674804688,2.721191644668579,40.0,,0.0,0.0,40.0,180.0,-4.215258789062496,11.784741210937504,Leave_One_experiments/all_year_offline_schedule_search/daily_outputs/HLA/HLA_2023_HLA2023_normal_grid_S0032_daily.csv
HLA,HLA,Hailun,2023,Leave_One_experiments\wth_generated_qc\HLA\HLA2023.WTH,wet_year;nitrogen_stress_year;low_response_year,wet,HLA2023_normal_grid_S0032,top_yield,2023-08-28,240,121,116,"{""sim_day"": 121.0, ""doy"": 240.0, ""topwt"": 14512.36328125, ""grnwt"": 4110.25146484375, ""xlai"": 2.657564878463745, ""totir"": 40.0, ""tofer"": NaN, ""swfac"": 0.0, ""nstres"": 0.0268865227699279}",0.0,0.0268865227699279,14512.36328125,4110.25146484375,2.657564878463745,40.0,,0.0,0.0,40.0,180.0,-4.215258789062496,11.784741210937504,Leave_One_experiments/all_year_offline_schedule_search/daily_outputs/HLA/HLA_2023_HLA2023_normal_grid_S0032_daily.csv
HLA,HLA,Hailun,2023,Leave_One_experiments\wth_generated_qc\HLA\HLA2023.WTH,wet_year;nitrogen_stress_year;low_response_year,wet,HLA2023_normal_grid_S0032,top_yield,2023-08-29,241,122,117,"{""sim_day"": 122.0, ""doy"": 241.0, ""topwt"": 14648.7353515625, ""grnwt"": 4274.661560058594, ""xlai"": 2.6010847091674805, ""totir"": 40.0, ""tofer"": NaN, ""swfac"": 0.0, ""nstres"": 0.0433995723724365}",0.0,0.0433995723724365,14648.7353515625,4274.661560058594,2.6010847091674805,40.0,,0.0,0.0,40.0,180.0,-4.215258789062496,11.784741210937504,Leave_One_experiments/all_year_offline_schedule_search/daily_outputs/HLA/HLA_2023_HLA2023_normal_grid_S0032_daily.csv
HLA,HLA,Hailun,2023,Leave_One_experiments\wth_generated_qc\HLA\HLA2023.WTH,wet_year;nitrogen_stress_year;low_response_year,wet,HLA2023_normal_grid_S0032,top_yield,2023-08-30,242,123,118,"{""sim_day"": 123.0, ""doy"": 242.0, ""topwt"": 14784.140625, ""grnwt"": 4439.0716552734375, ""xlai"": 2.542572259902954, ""totir"": 40.0, ""tofer"": NaN, ""swfac"": 0.0, ""nstres"": 0.0553470253944397}",0.0,0.0553470253944397,14784.140625,4439.0716552734375,2.542572259902954,40.0,,0.0,0.0,40.0,180.0,-4.215258789062496,11.784741210937504,Leave_One_experiments/all_year_offline_schedule_search/daily_outputs/HLA/HLA_2023_HLA2023_normal_grid_S0032_daily.csv
HLA,HLA,Hailun,2023,Leave_One_experiments\wth_generated_qc\HLA\HLA2023.WTH,wet_year;nitrogen_stress_year;low_response_year,wet,HLA2023_normal_grid_S0032,top_yield,2023-08-31,243,124,119,"{""sim_day"": 124.0, ""doy"": 243.0, ""topwt"": 14986.328125, ""grnwt"": 4603.481750488281, ""xlai"": 2.4703335762023926, ""totir"": 40.0, ""tofer"": NaN, ""swfac"": 0.0, ""nstres"": 0.067789077758789}",0.0,0.067789077758789,14986.328125,4603.481750488281,2.4703335762023926,40.0,,0.0,0.0,40.0,180.0,-4.215258789062496,11.784741210937504,Leave_One_experiments/all_year_offline_schedule_search/daily_outputs/HLA/HLA_2023_HLA2023_normal_grid_S0032_daily.csv
HLA,HLA,Hailun,2023,Leave_One_experiments\wth_generated_qc\HLA\HLA2023.WTH,wet_year;nitrogen_stress_year;low_response_year,wet,HLA2023_normal_grid_S0032,top_yield,2023-09-01,244,125,120,"{""sim_day"": 125.0, ""doy"": 244.0, ""topwt"": 15214.3212890625, ""grnwt"": 4767.891845703125, ""xlai"": 2.37247896194458, ""totir"": 40.0, ""tofer"": NaN, ""swfac"": 0.0, ""nstres"": 0.0787454843521118}",0.0,0.0787454843521118,15214.3212890625,4767.891845703125,2.37247896194458,40.0,,0.0,0.0,40.0,180.0,-4.215258789062496,11.784741210937504,Leave_One_experiments/all_year_offline_schedule_search/daily_outputs/HLA/HLA_2023_HLA2023_normal_grid_S0032_daily.csv
HLA,HLA,Hailun,2023,Leave_One_experiments\wth_generated_qc\HLA\HLA2023.WTH,wet_year;nitrogen_stress_year;low_response_year,wet,HLA2023_normal_grid_S0032,top_yield,2023-09-02,245,126,121,"{""sim_day"": 126.0, ""doy"": 245.0, ""topwt"": 15378.73291015625, ""grnwt"": 4932.301635742188, ""xlai"": 2.2643988132476807, ""totir"": 40.0, ""tofer"": NaN, ""swfac"": 0.0, ""nstres"": 0.0957109928131103}",0.0,0.0957109928131103,15378.73291015625,4932.301635742188,2.2643988132476807,40.0,,0.0,0.0,40.0,180.0,-4.215258789062496,11.784741210937504,Leave_One_experiments/all_year_offline_schedule_search/daily_outputs/HLA/HLA_2023_HLA2023_normal_grid_S0032_daily.csv
HLA,HLA,Hailun,2023,Leave_One_experiments\wth_generated_qc\HLA\HLA2023.WTH,wet_year;nitrogen_stress_year;low_response_year,wet,HLA2023_normal_grid_S0032,top_yield,2023-09-03,246,127,122,"{""sim_day"": 127.0, ""doy"": 246.0, ""topwt"": 15536.8896484375, ""grnwt"": 5096.711730957031, ""xlai"": 2.180579662322998, ""totir"": 40.0, ""tofer"": NaN, ""swfac"": 0.0, ""nstres"": 0.1175358295440673}",0.0,0.1175358295440673,15536.8896484375,5096.711730957031,2.180579662322998,40.0,,0.0,0.0,40.0,180.0,-4.215258789062496,11.784741210937504,Leave_One_experiments/all_year_offline_schedule_search/daily_outputs/HLA/HLA_2023_HLA2023_normal_grid_S0032_daily.csv
HLA,HLA,Hailun,2023,Leave_One_experiments\wth_generated_qc\HLA\HLA2023.WTH,wet_year;nitrogen_stress_year;low_response_year,wet,HLA2023_normal_grid_S0032,top_yield,2023-09-04,247,128,123,"{""sim_day"": 128.0, ""doy"": 247.0, ""topwt"": 15702.855224609377, ""grnwt"": 5256.424560546875, ""xlai"": 2.116752862930298, ""totir"": 40.0, ""tofer"": NaN, ""swfac"": 0.0, ""nstres"": 0.1351926326751709}",0.0,0.1351926326751709,15702.855224609377,5256.424560546875,2.116752862930298,40.0,,0.0,0.0,40.0,180.0,-4.215258789062496,11.784741210937504,Leave_One_experiments/all_year_offline_schedule_search/daily_outputs/HLA/HLA_2023_HLA2023_normal_grid_S0032_daily.csv
HLA,HLA,Hailun,2023,Leave_One_experiments\wth_generated_qc\HLA\HLA2023.WTH,wet_year;nitrogen_stress_year;low_response_year,wet,HLA2023_normal_grid_S0032,top_yield,2023-09-05,248,129,124,"{""sim_day"": 129.0, ""doy"": 248.0, ""topwt"": 15867.265625, ""grnwt"": 5420.8343505859375, ""xlai"": 2.031200647354126, ""totir"": 40.0, ""tofer"": NaN, ""swfac"": 0.0, ""nstres"": 0.1502572298049926}",0.0,0.1502572298049926,15867.265625,5420.8343505859375,2.031200647354126,40.0,,0.0,0.0,40.0,180.0,-4.215258789062496,11.784741210937504,Leave_One_experiments/all_year_offline_schedule_search/daily_outputs/HLA/HLA_2023_HLA2023_normal_grid_S0032_daily.csv
HLA,HLA,Hailun,2023,Leave_One_experiments\wth_generated_qc\HLA\HLA2023.WTH,wet_year;nitrogen_stress_year;low_response_year,wet,HLA2023_normal_grid_S0032,top_yield,2023-09-06,249,130,125,"{""sim_day"": 130.0, ""doy"": 249.0, ""topwt"": 16031.676025390623, ""grnwt"": 5585.244140625, ""xlai"": 1.9094796180725095, ""totir"": 40.0, ""tofer"": NaN, ""swfac"": 0.0, ""nstres"": 0.1648247241973877}",0.0,0.1648247241973877,16031.676025390623,5585.244140625,1.9094796180725095,40.0,,0.0,0.0,40.0,180.0,-4.215258789062496,11.784741210937504,Leave_One_experiments/all_year_offline_schedule_search/daily_outputs/HLA/HLA_2023_HLA2023_normal_grid_S0032_daily.csv
HLA,HLA,Hailun,2023,Leave_One_experiments\wth_generated_qc\HLA\HLA2023.WTH,wet_year;nitrogen_stress_year;low_response_year,wet,HLA2023_normal_grid_S0032,top_yield,2023-09-07,250,131,126,"{""sim_day"": 131.0, ""doy"": 250.0, ""topwt"": 16196.08642578125, ""grnwt"": 5749.654541015625, ""xlai"": 1.802412986755371, ""totir"": 40.0, ""tofer"": NaN, ""swfac"": 0.0, ""nstres"": 0.1801990270614624}",0.0,0.1801990270614624,16196.08642578125,5749.654541015625,1.802412986755371,40.0,,0.0,0.0,40.0,180.0,-4.215258789062496,11.784741210937504,Leave_One_experiments/all_year_offline_schedule_search/daily_outputs/HLA/HLA_2023_HLA2023_normal_grid_S0032_daily.csv
HLA,HLA,Hailun,2023,Leave_One_experiments\wth_generated_qc\HLA\HLA2023.WTH,wet_year;nitrogen_stress_year;low_response_year,wet,HLA2023_normal_grid_S0032,top_yield,2023-09-08,251,132,127,"{""sim_day"": 132.0, ""doy"": 251.0, ""topwt"": 16360.496826171877, ""grnwt"": 5914.064331054688, ""xlai"": 1.724960446357727, ""totir"": 40.0, ""tofer"": NaN, ""swfac"": 0.0, ""nstres"": 0.1974477171897888}",0.0,0.1974477171897888,16360.496826171877,5914.064331054688,1.724960446357727,40.0,,0.0,0.0,40.0,180.0,-4.215258789062496,11.784741210937504,Leave_One_experiments/all_year_offline_schedule_search/daily_outputs/HLA/HLA_2023_HLA2023_normal_grid_S0032_daily.csv
HLA,HLA,Hailun,2023,Leave_One_experiments\wth_generated_qc\HLA\HLA2023.WTH,wet_year;nitrogen_stress_year;low_response_year,wet,HLA2023_normal_grid_S0032,top_yield,2023-09-09,252,133,128,"{""sim_day"": 133.0, ""doy"": 252.0, ""topwt"": 16524.9072265625, ""grnwt"": 6078.47412109375, ""xlai"": 1.6288464069366455, ""totir"": 40.0, ""tofer"": NaN, ""swfac"": 0.0, ""nstres"": 0.2400117516517639}",0.0,0.2400117516517639,16524.9072265625,6078.47412109375,1.6288464069366455,40.0,,0.0,0.0,40.0,180.0,-4.215258789062496,11.784741210937504,Leave_One_experiments/all_year_offline_schedule_search/daily_outputs/HLA/HLA_2023_HLA2023_normal_grid_S0032_daily.csv
HLA,HLA,Hailun,2023,Leave_One_experiments\wth_generated_qc\HLA\HLA2023.WTH,wet_year;nitrogen_stress_year;low_response_year,wet,HLA2023_normal_grid_S0032,top_yield,2023-09-10,253,134,129,"{""sim_day"": 134.0, ""doy"": 253.0, ""topwt"": 16524.9072265625, ""grnwt"": 6078.47412109375, ""xlai"": 1.6288464069366455, ""totir"": 40.0, ""tofer"": NaN, ""swfac"": 0.0, ""nstres"": 0.2836363315582275}",0.0,0.2836363315582275,16524.9072265625,6078.47412109375,1.6288464069366455,40.0,,0.0,0.0,40.0,180.0,-4.215258789062496,11.784741210937504,Leave_One_experiments/all_year_offline_schedule_search/daily_outputs/HLA/HLA_2023_HLA2023_normal_grid_S0032_daily.csv
HLA,HLA,Hailun,2023,Leave_One_experiments\wth_generated_qc\HLA\HLA2023.WTH,wet_year;nitrogen_stress_year;low_response_year,wet,HLA2023_normal_grid_S0032,top_yield,2023-09-11,254,135,130,"{""sim_day"": 135.0, ""doy"": 254.0, ""topwt"": 16524.9072265625, ""grnwt"": 6078.47412109375, ""xlai"": 1.6288464069366455, ""totir"": 40.0, ""tofer"": NaN, ""swfac"": 0.0, ""nstres"": 0.2836363315582275}",0.0,0.2836363315582275,16524.9072265625,6078.47412109375,1.6288464069366455,40.0,,0.0,0.0,40.0,180.0,-4.215258789062496,11.784741210937504,Leave_One_experiments/all_year_offline_schedule_search/daily_outputs/HLA/HLA_2023_HLA2023_normal_grid_S0032_daily.csv
HLA,HLA,Hailun,2023,Leave_One_experiments\wth_generated_qc\HLA\HLA2023.WTH,wet_year;nitrogen_stress_year;low_response_year,wet,HLA2023_normal_grid_S0032,top_yield,2023-09-12,255,136,131,"{""sim_day"": 136.0, ""doy"": 255.0, ""topwt"": 16524.9072265625, ""grnwt"": 6078.47412109375, ""xlai"": 1.6288464069366455, ""totir"": 40.0, ""tofer"": NaN, ""swfac"": 0.0, ""nstres"": 0.2836363315582275}",0.0,0.2836363315582275,16524.9072265625,6078.47412109375,1.6288464069366455,40.0,,0.0,0.0,40.0,180.0,-4.215258789062496,11.784741210937504,Leave_One_experiments/all_year_offline_schedule_search/daily_outputs/HLA/HLA_2023_HLA2023_normal_grid_S0032_daily.csv
HLA,HLA,Hailun,2023,Leave_One_experiments\wth_generated_qc\HLA\HLA2023.WTH,wet_year;nitrogen_stress_year;low_response_year,wet,HLA2023_normal_grid_S0032,top_yield,2023-09-13,256,137,132,"{""sim_day"": 137.0, ""doy"": 256.0, ""topwt"": 16524.9072265625, ""grnwt"": 6078.47412109375, ""xlai"": 1.6288464069366455, ""totir"": 40.0, ""tofer"": NaN, ""swfac"": 0.0, ""nstres"": 0.2836363315582275}",0.0,0.2836363315582275,16524.9072265625,6078.47412109375,1.6288464069366455,40.0,,0.0,0.0,40.0,180.0,-4.215258789062496,11.784741210937504,Leave_One_experiments/all_year_offline_schedule_search/daily_outputs/HLA/HLA_2023_HLA2023_normal_grid_S0032_daily.csv
HLA,HLA,Hailun,2023,Leave_One_experiments\wth_generated_qc\HLA\HLA2023.WTH,wet_year;nitrogen_stress_year;low_response_year,wet,HLA2023_normal_grid_S0032,top_yield,2023-09-14,257,138,133,"{""sim_day"": 138.0, ""doy"": 257.0, ""topwt"": 16524.9072265625, ""grnwt"": 6078.47412109375, ""xlai"": 1.6288464069366455, ""totir"": 40.0, ""tofer"": NaN, ""swfac"": 0.0, ""nstres"": 0.2836363315582275}",0.0,0.2836363315582275,16524.9072265625,6078.47412109375,1.6288464069366455,40.0,,0.0,0.0,40.0,180.0,-4.215258789062496,11.784741210937504,Leave_One_experiments/all_year_offline_schedule_search/daily_outputs/HLA/HLA_2023_HLA2023_normal_grid_S0032_daily.csv
LCA,LCA,Luancheng,2006,Leave_One_experiments\wth_generated_qc\LCA\LCA2006.WTH,wet_year;nitrogen_stress_year;low_response_year,wet,LCA2006_normal_grid_S0013,irrigation_positive_candidate,2006-06-15,166,1,1,"{""sim_day"": 1.0, ""doy"": 166.0, ""topwt"": 0.0, ""grnwt"": 0.0, ""xlai"": 0.0, ""totir"": 0.0, ""tofer"": NaN, ""swfac"": 0.0, ""nstres"": 0.0}",0.0,0.0,0.0,0.0,0.0,0.0,,0.0,50.0,30.0,150.0,37.86492309570313,49.86492309570313,Leave_One_experiments/all_year_offline_schedule_search/daily_outputs/LCA/LCA_2006_LCA2006_normal_grid_S0013_daily.csv
LCA,LCA,Luancheng,2006,Leave_One_experiments\wth_generated_qc\LCA\LCA2006.WTH,wet_year;nitrogen_stress_year;low_response_year,wet,LCA2006_normal_grid_S0013,irrigation_positive_candidate,2006-06-16,167,2,2,"{""sim_day"": 2.0, ""doy"": 167.0, ""topwt"": 0.0, ""grnwt"": 0.0, ""xlai"": 0.0, ""totir"": 0.0, ""tofer"": NaN, ""swfac"": 0.0, ""nstres"": 0.0}",0.0,0.0,0.0,0.0,0.0,0.0,,0.0,0.0,30.0,150.0,37.86492309570313,49.86492309570313,Leave_One_experiments/all_year_offline_schedule_search/daily_outputs/LCA/LCA_2006_LCA2006_normal_grid_S0013_daily.csv
LCA,LCA,Luancheng,2006,Leave_One_experiments\wth_generated_qc\LCA\LCA2006.WTH,wet_year;nitrogen_stress_year;low_response_year,wet,LCA2006_normal_grid_S0013,irrigation_positive_candidate,2006-06-17,168,3,3,"{""sim_day"": 3.0, ""doy"": 168.0, ""topwt"": 0.0, ""grnwt"": 0.0, ""xlai"": 0.0, ""totir"": 0.0, ""tofer"": NaN, ""swfac"": 0.0, ""nstres"": 0.0}",0.0,0.0,0.0,0.0,0.0,0.0,,0.0,0.0,30.0,150.0,37.86492309570313,49.86492309570313,Leave_One_experiments/all_year_offline_schedule_search/daily_outputs/LCA/LCA_2006_LCA2006_normal_grid_S0013_daily.csv
LCA,LCA,Luancheng,2006,Leave_One_experiments\wth_generated_qc\LCA\LCA2006.WTH,wet_year;nitrogen_stress_year;low_response_year,wet,LCA2006_normal_grid_S0013,irrigation_positive_candidate,2006-06-18,169,4,4,"{""sim_day"": 4.0, ""doy"": 169.0, ""topwt"": 0.0, ""grnwt"": 0.0, ""xlai"": 0.0, ""totir"": 0.0, ""tofer"": NaN, ""swfac"": 0.0, ""nstres"": 0.0}",0.0,0.0,0.0,0.0,0.0,0.0,,0.0,0.0,30.0,150.0,37.86492309570313,49.86492309570313,Leave_One_experiments/all_year_offline_schedule_search/daily_outputs/LCA/LCA_2006_LCA2006_normal_grid_S0013_daily.csv
LCA,LCA,Luancheng,2006,Leave_One_experiments\wth_generated_qc\LCA\LCA2006.WTH,wet_year;nitrogen_stress_year;low_response_year,wet,LCA2006_normal_grid_S0013,irrigation_positive_candidate,2006-06-19,170,5,5,"{""sim_day"": 5.0, ""doy"": 170.0, ""topwt"": 0.0, ""grnwt"": 0.0, ""xlai"": 0.0, ""totir"": 0.0, ""tofer"": NaN, ""swfac"": 0.0, ""nstres"": 0.0}",0.0,0.0,0.0,0.0,0.0,0.0,,0.0,0.0,30.0,150.0,37.86492309570313,49.86492309570313,Leave_One_experiments/all_year_offline_schedule_search/daily_outputs/LCA/LCA_2006_LCA2006_normal_grid_S0013_daily.csv
LCA,LCA,Luancheng,2006,Leave_One_experiments\wth_generated_qc\LCA\LCA2006.WTH,wet_year;nitrogen_stress_year;low_response_year,wet,LCA2006_normal_grid_S0013,irrigation_positive_candidate,2006-06-15,166,6,1,"{""sim_day"": 6.0, ""doy"": 166.0, ""topwt"": 0.0, ""grnwt"": 0.0, ""xlai"": 0.0, ""totir"": 0.0, ""tofer"": NaN, ""swfac"": 0.0, ""nstres"": 0.0}",0.0,0.0,0.0,0.0,0.0,0.0,,0.0,0.0,30.0,150.0,37.86492309570313,49.86492309570313,Leave_One_experiments/all_year_offline_schedule_search/daily_outputs/LCA/LCA_2006_LCA2006_normal_grid_S0013_daily.csv
LCA,LCA,Luancheng,2006,Leave_One_experiments\wth_generated_qc\LCA\LCA2006.WTH,wet_year;nitrogen_stress_year;low_response_year,wet,LCA2006_normal_grid_S0013,irrigation_positive_candidate,2006-06-16,167,7,2,"{""sim_day"": 7.0, ""doy"": 167.0, ""topwt"": 0.0, ""grnwt"": 0.0, ""xlai"": 0.0, ""totir"": 0.0, ""tofer"": NaN, ""swfac"": 0.0, ""nstres"": 0.0}",0.0,0.0,0.0,0.0,0.0,0.0,,0.0,0.0,30.0,150.0,37.86492309570313,49.86492309570313,Leave_One_experiments/all_year_offline_schedule_search/daily_outputs/LCA/LCA_2006_LCA2006_normal_grid_S0013_daily.csv
LCA,LCA,Luancheng,2006,Leave_One_experiments\wth_generated_qc\LCA\LCA2006.WTH,wet_year;nitrogen_stress_year;low_response_year,wet,LCA2006_normal_grid_S0013,irrigation_positive_candidate,2006-06-17,168,8,3,"{""sim_day"": 8.0, ""doy"": 168.0, ""topwt"": 0.0, ""grnwt"": 0.0, ""xlai"": 0.0, ""totir"": 0.0, ""tofer"": NaN, ""swfac"": 0.0, ""nstres"": 0.0}",0.0,0.0,0.0,0.0,0.0,0.0,,0.0,0.0,30.0,150.0,37.86492309570313,49.86492309570313,Leave_One_experiments/all_year_offline_schedule_search/daily_outputs/LCA/LCA_2006_LCA2006_normal_grid_S0013_daily.csv
LCA,LCA,Luancheng,2006,Leave_One_experiments\wth_generated_qc\LCA\LCA2006.WTH,wet_year;nitrogen_stress_year;low_response_year,wet,LCA2006_normal_grid_S0013,irrigation_positive_candidate,2006-06-18,169,9,4,"{""sim_day"": 9.0, ""doy"": 169.0, ""topwt"": 0.0, ""grnwt"": 0.0, ""xlai"": 0.0, ""totir"": 0.0, ""tofer"": NaN, ""swfac"": 0.0, ""nstres"": 0.0}",0.0,0.0,0.0,0.0,0.0,0.0,,0.0,0.0,30.0,150.0,37.86492309570313,49.86492309570313,Leave_One_experiments/all_year_offline_schedule_search/daily_outputs/LCA/LCA_2006_LCA2006_normal_grid_S0013_daily.csv
LCA,LCA,Luancheng,2006,Leave_One_experiments\wth_generated_qc\LCA\LCA2006.WTH,wet_year;nitrogen_stress_year;low_response_year,wet,LCA2006_normal_grid_S0013,irrigation_positive_candidate,2006-06-19,170,10,5,"{""sim_day"": 10.0, ""doy"": 170.0, ""topwt"": 23.600001335144043, ""grnwt"": 0.0, ""xlai"": 0.0046154274605214, ""totir"": 0.0, ""tofer"": NaN, ""swfac"": 0.0, ""nstres"": 0.0121910572052001}",0.0,0.0121910572052001,23.600001335144043,0.0,0.0046154274605214,0.0,,0.0,0.0,30.0,150.0,37.86492309570313,49.86492309570313,Leave_One_experiments/all_year_offline_schedule_search/daily_outputs/LCA/LCA_2006_LCA2006_normal_grid_S0013_daily.csv
LCA,LCA,Luancheng,2006,Leave_One_experiments\wth_generated_qc\LCA\LCA2006.WTH,wet_year;nitrogen_stress_year;low_response_year,wet,LCA2006_normal_grid_S0013,irrigation_positive_candidate,2006-06-20,171,11,6,"{""sim_day"": 11.0, ""doy"": 171.0, ""topwt"": 23.600001335144043, ""grnwt"": 0.0, ""xlai"": 0.0098075997084379, ""totir"": 0.0, ""tofer"": NaN, ""swfac"": 0.0, ""nstres"": 0.0070016384124755}",0.0,0.0070016384124755,23.600001335144043,0.0,0.0098075997084379,0.0,,0.0,0.0,30.0,150.0,37.86492309570313,49.86492309570313,Leave_One_experiments/all_year_offline_schedule_search/daily_outputs/LCA/LCA_2006_LCA2006_normal_grid_S0013_daily.csv
LCA,LCA,Luancheng,2006,Leave_One_experiments\wth_generated_qc\LCA\LCA2006.WTH,wet_year;nitrogen_stress_year;low_response_year,wet,LCA2006_normal_grid_S0013,irrigation_positive_candidate,2006-06-21,172,12,7,"{""sim_day"": 12.0, ""doy"": 172.0, ""topwt"": 23.600001335144043, ""grnwt"": 0.0, ""xlai"": 0.0152520835399627, ""totir"": 0.0, ""tofer"": NaN, ""swfac"": 0.0, ""nstres"": 0.0}",0.0,0.0,23.600001335144043,0.0,0.0152520835399627,0.0,,0.0,0.0,30.0,150.0,37.86492309570313,49.86492309570313,Leave_One_experiments/all_year_offline_schedule_search/daily_outputs/LCA/LCA_2006_LCA2006_normal_grid_S0013_daily.csv
LCA,LCA,Luancheng,2006,Leave_One_experiments\wth_generated_qc\LCA\LCA2006.WTH,wet_year;nitrogen_stress_year;low_response_year,wet,LCA2006_normal_grid_S0013,irrigation_positive_candidate,2006-06-22,173,13,8,"{""sim_day"": 13.0, ""doy"": 173.0, ""topwt"": 23.600001335144043, ""grnwt"": 0.0, ""xlai"": 0.0390414781868457, ""totir"": 0.0, ""tofer"": NaN, ""swfac"": 0.0, ""nstres"": 0.0}",0.0,0.0,23.600001335144043,0.0,0.0390414781868457,0.0,,0.0,0.0,30.0,150.0,37.86492309570313,49.86492309570313,Leave_One_experiments/all_year_offline_schedule_search/daily_outputs/LCA/LCA_2006_LCA2006_normal_grid_S0013_daily.csv
LCA,LCA,Luancheng,2006,Leave_One_experiments\wth_generated_qc\LCA\LCA2006.WTH,wet_year;nitrogen_stress_year;low_response_year,wet,LCA2006_normal_grid_S0013,irrigation_positive_candidate,2006-06-23,174,14,9,"{""sim_day"": 14.0, ""doy"": 174.0, ""topwt"": 36.08451128005981, ""grnwt"": 0.0, ""xlai"": 0.0721104443073272, ""totir"": 0.0, ""tofer"": NaN, ""swfac"": 0.0, ""nstres"": 0.0}",0.0,0.0,36.08451128005981,0.0,0.0721104443073272,0.0,,0.0,0.0,30.0,150.0,37.86492309570313,49.86492309570313,Leave_One_experiments/all_year_offline_schedule_search/daily_outputs/LCA/LCA_2006_LCA2006_normal_grid_S0013_daily.csv
LCA,LCA,Luancheng,2006,Leave_One_experiments\wth_generated_qc\LCA\LCA2006.WTH,wet_year;nitrogen_stress_year;low_response_year,wet,LCA2006_normal_grid_S0013,irrigation_positive_candidate,2006-06-24,175,15,10,"{""sim_day"": 15.0, ""doy"": 175.0, ""topwt"": 51.0037899017334, ""grnwt"": 0.0, ""xlai"": 0.1056098639965057, ""totir"": 0.0, ""tofer"": NaN, ""swfac"": 0.0, ""nstres"": 0.0}",0.0,0.0,51.0037899017334,0.0,0.1056098639965057,0.0,,0.0,0.0,30.0,150.0,37.86492309570313,49.86492309570313,Leave_One_experiments/all_year_offline_schedule_search/daily_outputs/LCA/LCA_2006_LCA2006_normal_grid_S0013_daily.csv
LCA,LCA,Luancheng,2006,Leave_One_experiments\wth_generated_qc\LCA\LCA2006.WTH,wet_year;nitrogen_stress_year;low_response_year,wet,LCA2006_normal_grid_S0013,irrigation_positive_candidate,2006-06-25,176,16,11,"{""sim_day"": 16.0, ""doy"": 176.0, ""topwt"": 72.71061897277832, ""grnwt"": 0.0, ""xlai"": 0.1499698758125305, ""totir"": 0.0, ""tofer"": NaN, ""swfac"": 0.0, ""nstres"": 0.0}",0.0,0.0,72.71061897277832,0.0,0.1499698758125305,0.0,,0.0,0.0,30.0,150.0,37.86492309570313,49.86492309570313,Leave_One_experiments/all_year_offline_schedule_search/daily_outputs/LCA/LCA_2006_LCA2006_normal_grid_S0013_daily.csv
LCA,LCA,Luancheng,2006,Leave_One_experiments\wth_generated_qc\LCA\LCA2006.WTH,wet_year;nitrogen_stress_year;low_response_year,wet,LCA2006_normal_grid_S0013,irrigation_positive_candidate,2006-06-26,177,17,12,"{""sim_day"": 17.0, ""doy"": 177.0, ""topwt"": 101.34719848632812, ""grnwt"": 0.0, ""xlai"": 0.2037331014871597, ""totir"": 0.0, ""tofer"": NaN, ""swfac"": 0.0, ""nstres"": 0.0}",0.0,0.0,101.34719848632812,0.0,0.2037331014871597,0.0,,0.0,0.0,30.0,150.0,37.86492309570313,49.86492309570313,Leave_One_experiments/all_year_offline_schedule_search/daily_outputs/LCA/LCA_2006_LCA2006_normal_grid_S0013_daily.csv
LCA,LCA,Luancheng,2006,Leave_One_experiments\wth_generated_qc\LCA\LCA2006.WTH,wet_year;nitrogen_stress_year;low_response_year,wet,LCA2006_normal_grid_S0013,irrigation_positive_candidate,2006-06-27,178,18,13,"{""sim_day"": 18.0, ""doy"": 178.0, ""topwt"": 130.98679542541504, ""grnwt"": 0.0, ""xlai"": 0.2556801736354828, ""totir"": 0.0, ""tofer"": NaN, ""swfac"": 0.0, ""nstres"": 0.0}",0.0,0.0,130.98679542541504,0.0,0.2556801736354828,0.0,,0.0,0.0,30.0,150.0,37.86492309570313,49.86492309570313,Leave_One_experiments/all_year_offline_schedule_search/daily_outputs/LCA/LCA_2006_LCA2006_normal_grid_S0013_daily.csv
LCA,LCA,Luancheng,2006,Leave_One_experiments\wth_generated_qc\LCA\LCA2006.WTH,wet_year;nitrogen_stress_year;low_response_year,wet,LCA2006_normal_grid_S0013,irrigation_positive_candidate,2006-06-28,179,19,14,"{""sim_day"": 19.0, ""doy"": 179.0, ""topwt"": 165.21245956420898, ""grnwt"": 0.0, ""xlai"": 0.3336997628211975, ""totir"": 0.0, ""tofer"": NaN, ""swfac"": 0.0, ""nstres"": 0.0}",0.0,0.0,165.21245956420898,0.0,0.3336997628211975,0.0,,0.0,0.0,30.0,150.0,37.86492309570313,49.86492309570313,Leave_One_experiments/all_year_offline_schedule_search/daily_outputs/LCA/LCA_2006_LCA2006_normal_grid_S0013_daily.csv
LCA,LCA,Luancheng,2006,Leave_One_experiments\wth_generated_qc\LCA\LCA2006.WTH,wet_year;nitrogen_stress_year;low_response_year,wet,LCA2006_normal_grid_S0013,irrigation_positive_candidate,2006-06-29,180,20,15,"{""sim_day"": 20.0, ""doy"": 180.0, ""topwt"": 217.01984405517575, ""grnwt"": 0.0, ""xlai"": 0.42038094997406, ""totir"": 0.0, ""tofer"": NaN, ""swfac"": 0.0, ""nstres"": 0.0066841840744018}",0.0,0.0066841840744018,217.01984405517575,0.0,0.42038094997406,0.0,,0.0,0.0,30.0,150.0,37.86492309570313,49.86492309570313,Leave_One_experiments/all_year_offline_schedule_search/daily_outputs/LCA/LCA_2006_LCA2006_normal_grid_S0013_daily.csv
LCA,LCA,Luancheng,2006,Leave_One_experiments\wth_generated_qc\LCA\LCA2006.WTH,wet_year;nitrogen_stress_year;low_response_year,wet,LCA2006_normal_grid_S0013,irrigation_positive_candidate,2006-06-30,181,21,16,"{""sim_day"": 21.0, ""doy"": 181.0, ""topwt"": 229.5689010620117, ""grnwt"": 0.0, ""xlai"": 0.4402216076850891, ""totir"": 0.0, ""tofer"": NaN, ""swfac"": 0.0, ""nstres"": 0.0}",0.0,0.0,229.5689010620117,0.0,0.4402216076850891,0.0,,0.0,0.0,30.0,150.0,37.86492309570313,49.86492309570313,Leave_One_experiments/all_year_offline_schedule_search/daily_outputs/LCA/LCA_2006_LCA2006_normal_grid_S0013_daily.csv
LCA,LCA,Luancheng,2006,Leave_One_experiments\wth_generated_qc\LCA\LCA2006.WTH,wet_year;nitrogen_stress_year;low_response_year,wet,LCA2006_normal_grid_S0013,irrigation_positive_candidate,2006-07-01,182,22,17,"{""sim_day"": 22.0, ""doy"": 182.0, ""topwt"": 257.6618766784668, ""grnwt"": 0.0, ""xlai"": 0.4843946099281311, ""totir"": 0.0, ""tofer"": NaN, ""swfac"": 0.0, ""nstres"": 0.0}",0.0,0.0,257.6618766784668,0.0,0.4843946099281311,0.0,,0.0,0.0,30.0,150.0,37.86492309570313,49.86492309570313,Leave_One_experiments/all_year_offline_schedule_search/daily_outputs/LCA/LCA_2006_LCA2006_normal_grid_S0013_daily.csv
LCA,LCA,Luancheng,2006,Leave_One_experiments\wth_generated_qc\LCA\LCA2006.WTH,wet_year;nitrogen_stress_year;low_response_year,wet,LCA2006_normal_grid_S0013,irrigation_positive_candidate,2006-07-02,183,23,18,"{""sim_day"": 23.0, ""doy"": 183.0, ""topwt"": 292.0327568054199, ""grnwt"": 0.0, ""xlai"": 0.5369482040405273, ""totir"": 0.0, ""tofer"": NaN, ""swfac"": 0.0, ""nstres"": 0.0}",0.0,0.0,292.0327568054199,0.0,0.5369482040405273,0.0,,0.0,0.0,30.0,150.0,37.86492309570313,49.86492309570313,Leave_One_experiments/all_year_offline_schedule_search/daily_outputs/LCA/LCA_2006_LCA2006_normal_grid_S0013_daily.csv
LCA,LCA,Luancheng,2006,Leave_One_experiments\wth_generated_qc\LCA\LCA2006.WTH,wet_year;nitrogen_stress_year;low_response_year,wet,LCA2006_normal_grid_S0013,irrigation_positive_candidate,2006-07-03,184,24,19,"{""sim_day"": 24.0, ""doy"": 184.0, ""topwt"": 385.00858306884766, ""grnwt"": 0.0, ""xlai"": 0.6739161014556885, ""totir"": 0.0, ""tofer"": NaN, ""swfac"": 0.0, ""nstres"": 0.0}",0.0,0.0,385.00858306884766,0.0,0.6739161014556885,0.0,,0.0,0.0,30.0,150.0,37.86492309570313,49.86492309570313,Leave_One_experiments/all_year_offline_schedule_search/daily_outputs/LCA/LCA_2006_LCA2006_normal_grid_S0013_daily.csv
LCA,LCA,Luancheng,2006,Leave_One_experiments\wth_generated_qc\LCA\LCA2006.WTH,wet_year;nitrogen_stress_year;low_response_year,wet,LCA2006_normal_grid_S0013,irrigation_positive_candidate,2006-07-04,185,25,20,"{""sim_day"": 25.0, ""doy"": 185.0, ""topwt"": 507.6474380493164, ""grnwt"": 0.0, ""xlai"": 0.8436883687973022, ""totir"": 0.0, ""tofer"": NaN, ""swfac"": 0.0, ""nstres"": 0.0}",0.0,0.0,507.6474380493164,0.0,0.8436883687973022,0.0,,0.0,0.0,30.0,150.0,37.86492309570313,49.86492309570313,Leave_One_experiments/all_year_offline_schedule_search/daily_outputs/LCA/LCA_2006_LCA2006_normal_grid_S0013_daily.csv
LCA,LCA,Luancheng,2006,Leave_One_experiments\wth_generated_qc\LCA\LCA2006.WTH,wet_year;nitrogen_stress_year;low_response_year,wet,LCA2006_normal_grid_S0013,irrigation_positive_candidate,2006-07-05,186,26,21,"{""sim_day"": 26.0, ""doy"": 186.0, ""topwt"": 655.7051849365234, ""grnwt"": 0.0, ""xlai"": 1.0395714044570925, ""totir"": 0.0, ""tofer"": NaN, ""swfac"": 0.0, ""nstres"": 0.0}",0.0,0.0,655.7051849365234,0.0,1.0395714044570925,0.0,,0.0,0.0,30.0,150.0,37.86492309570313,49.86492309570313,Leave_One_experiments/all_year_offline_schedule_search/daily_outputs/LCA/LCA_2006_LCA2006_normal_grid_S0013_daily.csv
LCA,LCA,Luancheng,2006,Leave_One_experiments\wth_generated_qc\LCA\LCA2006.WTH,wet_year;nitrogen_stress_year;low_response_year,wet,LCA2006_normal_grid_S0013,irrigation_positive_candidate,2006-07-06,187,27,22,"{""sim_day"": 27.0, ""doy"": 187.0, ""topwt"": 819.5143890380859, ""grnwt"": 0.0, ""xlai"": 1.2400285005569458, ""totir"": 0.0, ""tofer"": NaN, ""swfac"": 0.0, ""nstres"": 0.0}",0.0,0.0,819.5143890380859,0.0,1.2400285005569458,0.0,,0.0,0.0,30.0,150.0,37.86492309570313,49.86492309570313,Leave_One_experiments/all_year_offline_schedule_search/daily_outputs/LCA/LCA_2006_LCA2006_normal_grid_S0013_daily.csv
LCA,LCA,Luancheng,2006,Leave_One_experiments\wth_generated_qc\LCA\LCA2006.WTH,wet_year;nitrogen_stress_year;low_response_year,wet,LCA2006_normal_grid_S0013,irrigation_positive_candidate,2006-07-07,188,28,23,"{""sim_day"": 28.0, ""doy"": 188.0, ""topwt"": 996.9114685058594, ""grnwt"": 0.0, ""xlai"": 1.4401963949203491, ""totir"": 0.0, ""tofer"": NaN, ""swfac"": 0.0, ""nstres"": 0.0}",0.0,0.0,996.9114685058594,0.0,1.4401963949203491,0.0,,0.0,0.0,30.0,150.0,37.86492309570313,49.86492309570313,Leave_One_experiments/all_year_offline_schedule_search/daily_outputs/LCA/LCA_2006_LCA2006_normal_grid_S0013_daily.csv
LCA,LCA,Luancheng,2006,Leave_One_experiments\wth_generated_qc\LCA\LCA2006.WTH,wet_year;nitrogen_stress_year;low_response_year,wet,LCA2006_normal_grid_S0013,irrigation_positive_candidate,2006-07-08,189,29,24,"{""sim_day"": 29.0, ""doy"": 189.0, ""topwt"": 1121.0487365722656, ""grnwt"": 0.0, ""xlai"": 1.5694917440414429, ""totir"": 0.0, ""tofer"": NaN, ""swfac"": 0.0, ""nstres"": 0.0}",0.0,0.0,1121.0487365722656,0.0,1.5694917440414429,0.0,,0.0,0.0,30.0,150.0,37.86492309570313,49.86492309570313,Leave_One_experiments/all_year_offline_schedule_search/daily_outputs/LCA/LCA_2006_LCA2006_normal_grid_S0013_daily.csv
LCA,LCA,Luancheng,2006,Leave_One_experiments\wth_generated_qc\LCA\LCA2006.WTH,wet_year;nitrogen_stress_year;low_response_year,wet,LCA2006_normal_grid_S0013,irrigation_positive_candidate,2006-07-09,190,30,25,"{""sim_day"": 30.0, ""doy"": 190.0, ""topwt"": 1299.9806213378906, ""grnwt"": 0.0, ""xlai"": 1.7412177324295044, ""totir"": 0.0, ""tofer"": NaN, ""swfac"": 0.0, ""nstres"": 0.0}",0.0,0.0,1299.9806213378906,0.0,1.7412177324295044,0.0,,0.0,0.0,30.0,150.0,37.86492309570313,49.86492309570313,Leave_One_experiments/all_year_offline_schedule_search/daily_outputs/LCA/LCA_2006_LCA2006_normal_grid_S0013_daily.csv
LCA,LCA,Luancheng,2006,Leave_One_experiments\wth_generated_qc\LCA\LCA2006.WTH,wet_year;nitrogen_stress_year;low_response_year,wet,LCA2006_normal_grid_S0013,irrigation_positive_candidate,2006-07-10,191,31,26,"{""sim_day"": 31.0, ""doy"": 191.0, ""topwt"": 1524.2149353027344, ""grnwt"": 0.0, ""xlai"": 1.938109755516052, ""totir"": 0.0, ""tofer"": NaN, ""swfac"": 0.0, ""nstres"": 0.0}",0.0,0.0,1524.2149353027344,0.0,1.938109755516052,0.0,,0.0,0.0,30.0,150.0,37.86492309570313,49.86492309570313,Leave_One_experiments/all_year_offline_schedule_search/daily_outputs/LCA/LCA_2006_LCA2006_normal_grid_S0013_daily.csv
LCA,LCA,Luancheng,2006,Leave_One_experiments\wth_generated_qc\LCA\LCA2006.WTH,wet_year;nitrogen_stress_year;low_response_year,wet,LCA2006_normal_grid_S0013,irrigation_positive_candidate,2006-07-11,192,32,27,"{""sim_day"": 32.0, ""doy"": 192.0, ""topwt"": 1754.788818359375, ""grnwt"": 0.0, ""xlai"": 2.121856451034546, ""totir"": 0.0, ""tofer"": NaN, ""swfac"": 0.0, ""nstres"": 0.0}",0.0,0.0,1754.788818359375,0.0,2.121856451034546,0.0,,0.0,0.0,30.0,150.0,37.86492309570313,49.86492309570313,Leave_One_experiments/all_year_offline_schedule_search/daily_outputs/LCA/LCA_2006_LCA2006_normal_grid_S0013_daily.csv
LCA,LCA,Luancheng,2006,Leave_One_experiments\wth_generated_qc\LCA\LCA2006.WTH,wet_year;nitrogen_stress_year;low_response_year,wet,LCA2006_normal_grid_S0013,irrigation_positive_candidate,2006-07-12,193,33,28,"{""sim_day"": 33.0, ""doy"": 193.0, ""topwt"": 1966.7686462402344, ""grnwt"": 0.0, ""xlai"": 2.2760324478149414, ""totir"": 0.0, ""tofer"": NaN, ""swfac"": 0.0, ""nstres"": 0.0}",0.0,0.0,1966.7686462402344,0.0,2.2760324478149414,0.0,,0.0,0.0,30.0,150.0,37.86492309570313,49.86492309570313,Leave_One_experiments/all_year_offline_schedule_search/daily_outputs/LCA/LCA_2006_LCA2006_normal_grid_S0013_daily.csv
LCA,LCA,Luancheng,2006,Leave_One_experiments\wth_generated_qc\LCA\LCA2006.WTH,wet_year;nitrogen_stress_year;low_response_year,wet,LCA2006_normal_grid_S0013,irrigation_positive_candidate,2006-07-13,194,34,29,"{""sim_day"": 34.0, ""doy"": 194.0, ""topwt"": 2067.31689453125, ""grnwt"": 0.0, ""xlai"": 2.3432507514953613, ""totir"": 0.0, ""tofer"": NaN, ""swfac"": 0.0, ""nstres"": 0.0}",0.0,0.0,2067.31689453125,0.0,2.3432507514953613,0.0,,0.0,0.0,30.0,150.0,37.86492309570313,49.86492309570313,Leave_One_experiments/all_year_offline_schedule_search/daily_outputs/LCA/LCA_2006_LCA2006_normal_grid_S0013_daily.csv
LCA,LCA,Luancheng,2006,Leave_One_experiments\wth_generated_qc\LCA\LCA2006.WTH,wet_year;nitrogen_stress_year;low_response_year,wet,LCA2006_normal_grid_S0013,irrigation_positive_candidate,2006-07-14,195,35,30,"{""sim_day"": 35.0, ""doy"": 195.0, ""topwt"": 2338.0242919921875, ""grnwt"": 0.0, ""xlai"": 2.49934196472168, ""totir"": 0.0, ""tofer"": NaN, ""swfac"": 0.0, ""nstres"": 0.0319455862045288}",0.0,0.0319455862045288,2338.0242919921875,0.0,2.49934196472168,0.0,,0.0,50.0,30.0,150.0,37.86492309570313,49.86492309570313,Leave_One_experiments/all_year_offline_schedule_search/daily_outputs/LCA/LCA_2006_LCA2006_normal_grid_S0013_daily.csv
LCA,LCA,Luancheng,2006,Leave_One_experiments\wth_generated_qc\LCA\LCA2006.WTH,wet_year;nitrogen_stress_year;low_response_year,wet,LCA2006_normal_grid_S0013,irrigation_positive_candidate,2006-07-15,196,36,31,"{""sim_day"": 36.0, ""doy"": 196.0, ""topwt"": 2591.3104248046875, ""grnwt"": 0.0, ""xlai"": 2.6406455039978027, ""totir"": 0.0, ""tofer"": NaN, ""swfac"": 0.0, ""nstres"": 0.0}",0.0,0.0,2591.3104248046875,0.0,2.6406455039978027,0.0,,0.0,0.0,30.0,150.0,37.86492309570313,49.86492309570313,Leave_One_experiments/all_year_offline_schedule_search/daily_outputs/LCA/LCA_2006_LCA2006_normal_grid_S0013_daily.csv
LCA,LCA,Luancheng,2006,Leave_One_experiments\wth_generated_qc\LCA\LCA2006.WTH,wet_year;nitrogen_stress_year;low_response_year,wet,LCA2006_normal_grid_S0013,irrigation_positive_candidate,2006-07-16,197,37,32,"{""sim_day"": 37.0, ""doy"": 197.0, ""topwt"": 2938.8787841796875, ""grnwt"": 0.0, ""xlai"": 2.81839656829834, ""totir"": 0.0, ""tofer"": NaN, ""swfac"": 0.0, ""nstres"": 0.0}",0.0,0.0,2938.8787841796875,0.0,2.81839656829834,0.0,,0.0,0.0,30.0,150.0,37.86492309570313,49.86492309570313,Leave_One_experiments/all_year_offline_schedule_search/daily_outputs/LCA/LCA_2006_LCA2006_normal_grid_S0013_daily.csv
LCA,LCA,Luancheng,2006,Leave_One_experiments\wth_generated_qc\LCA\LCA2006.WTH,wet_year;nitrogen_stress_year;low_response_year,wet,LCA2006_normal_grid_S0013,irrigation_positive_candidate,2006-07-17,198,38,33,"{""sim_day"": 38.0, ""doy"": 198.0, ""topwt"": 2978.0593872070312, ""grnwt"": 0.0, ""xlai"": 2.836854934692383, ""totir"": 0.0, ""tofer"": NaN, ""swfac"": 0.0, ""nstres"": 0.0}",0.0,0.0,2978.0593872070312,0.0,2.836854934692383,0.0,,0.0,0.0,30.0,150.0,37.86492309570313,49.86492309570313,Leave_One_experiments/all_year_offline_schedule_search/daily_outputs/LCA/LCA_2006_LCA2006_normal_grid_S0013_daily.csv
LCA,LCA,Luancheng,2006,Leave_One_experiments\wth_generated_qc\LCA\LCA2006.WTH,wet_year;nitrogen_stress_year;low_response_year,wet,LCA2006_normal_grid_S0013,irrigation_positive_candidate,2006-07-18,199,39,34,"{""sim_day"": 39.0, ""doy"": 199.0, ""topwt"": 3201.1050415039062, ""grnwt"": 0.0, ""xlai"": 2.9360246658325195, ""totir"": 0.0, ""tofer"": NaN, ""swfac"": 0.0, ""nstres"": 0.0}",0.0,0.0,3201.1050415039062,0.0,2.9360246658325195,0.0,,0.0,0.0,30.0,150.0,37.86492309570313,49.86492309570313,Leave_One_experiments/all_year_offline_schedule_search/daily_outputs/LCA/LCA_2006_LCA2006_normal_grid_S0013_daily.csv
LCA,LCA,Luancheng,2006,Leave_One_experiments\wth_generated_qc\LCA\LCA2006.WTH,wet_year;nitrogen_stress_year;low_response_year,wet,LCA2006_normal_grid_S0013,irrigation_positive_candidate,2006-07-19,200,40,35,"{""sim_day"": 40.0, ""doy"": 200.0, ""topwt"": 3555.361328125, ""grnwt"": 0.0, ""xlai"": 3.0812792778015137, ""totir"": 0.0, ""tofer"": NaN, ""swfac"": 0.0, ""nstres"": 0.0}",0.0,0.0,3555.361328125,0.0,3.0812792778015137,0.0,,0.0,0.0,30.0,150.0,37.86492309570313,49.86492309570313,Leave_One_experiments/all_year_offline_schedule_search/daily_outputs/LCA/LCA_2006_LCA2006_normal_grid_S0013_daily.csv
LCA,LCA,Luancheng,2006,Leave_One_experiments\wth_generated_qc\LCA\LCA2006.WTH,wet_year;nitrogen_stress_year;low_response_year,wet,LCA2006_normal_grid_S0013,irrigation_positive_candidate,2006-07-20,201,41,36,"{""sim_day"": 41.0, ""doy"": 201.0, ""topwt"": 3941.76513671875, ""grnwt"": 0.0, ""xlai"": 3.2560276985168457, ""totir"": 0.0, ""tofer"": NaN, ""swfac"": 0.0, ""nstres"": 0.0}",0.0,0.0,3941.76513671875,0.0,3.2560276985168457,0.0,,0.0,0.0,30.0,150.0,37.86492309570313,49.86492309570313,Leave_One_experiments/all_year_offline_schedule_search/daily_outputs/LCA/LCA_2006_LCA2006_normal_grid_S0013_daily.csv
LCA,LCA,Luancheng,2006,Leave_One_experiments\wth_generated_qc\LCA\LCA2006.WTH,wet_year;nitrogen_stress_year;low_response_year,wet,LCA2006_normal_grid_S0013,irrigation_positive_candidate,2006-07-21,202,42,37,"{""sim_day"": 42.0, ""doy"": 202.0, ""topwt"": 4232.32421875, ""grnwt"": 0.0, ""xlai"": 3.363379955291748, ""totir"": 0.0, ""tofer"": NaN, ""swfac"": 0.0, ""nstres"": 0.0}",0.0,0.0,4232.32421875,0.0,3.363379955291748,0.0,,0.0,0.0,30.0,150.0,37.86492309570313,49.86492309570313,Leave_One_experiments/all_year_offline_schedule_search/daily_outputs/LCA/LCA_2006_LCA2006_normal_grid_S0013_daily.csv
LCA,LCA,Luancheng,2006,Leave_One_experiments\wth_generated_qc\LCA\LCA2006.WTH,wet_year;nitrogen_stress_year;low_response_year,wet,LCA2006_normal_grid_S0013,irrigation_positive_candidate,2006-07-22,203,43,38,"{""sim_day"": 43.0, ""doy"": 203.0, ""topwt"": 4509.6319580078125, ""grnwt"": 0.0, ""xlai"": 3.45383620262146, ""totir"": 0.0, ""tofer"": NaN, ""swfac"": 0.0, ""nstres"": 0.0}",0.0,0.0,4509.6319580078125,0.0,3.45383620262146,0.0,,0.0,0.0,30.0,150.0,37.86492309570313,49.86492309570313,Leave_One_experiments/all_year_offline_schedule_search/daily_outputs/LCA/LCA_2006_LCA2006_normal_grid_S0013_daily.csv
LCA,LCA,Luancheng,2006,Leave_One_experiments\wth_generated_qc\LCA\LCA2006.WTH,wet_year;nitrogen_stress_year;low_response_year,wet,LCA2006_normal_grid_S0013,irrigation_positive_candidate,2006-07-23,204,44,39,"{""sim_day"": 44.0, ""doy"": 204.0, ""topwt"": 4718.794250488281, ""grnwt"": 0.0, ""xlai"": 3.516476392745972, ""totir"": 0.0, ""tofer"": NaN, ""swfac"": 0.0, ""nstres"": 0.0}",0.0,0.0,4718.794250488281,0.0,3.516476392745972,0.0,,0.0,0.0,30.0,150.0,37.86492309570313,49.86492309570313,Leave_One_experiments/all_year_offline_schedule_search/daily_outputs/LCA/LCA_2006_LCA2006_normal_grid_S0013_daily.csv
LCA,LCA,Luancheng,2006,Leave_One_experiments\wth_generated_qc\LCA\LCA2006.WTH,wet_year;nitrogen_stress_year;low_response_year,wet,LCA2006_normal_grid_S0013,irrigation_positive_candidate,2006-07-24,205,45,40,"{""sim_day"": 45.0, ""doy"": 205.0, ""topwt"": 4788.294982910156, ""grnwt"": 0.0, ""xlai"": 3.535130023956299, ""totir"": 0.0, ""tofer"": NaN, ""swfac"": 0.0, ""nstres"": 0.0016422271728515}",0.0,0.0016422271728515,4788.294982910156,0.0,3.535130023956299,0.0,,0.0,0.0,30.0,150.0,37.86492309570313,49.86492309570313,Leave_One_experiments/all_year_offline_schedule_search/daily_outputs/LCA/LCA_2006_LCA2006_normal_grid_S0013_daily.csv
LCA,LCA,Luancheng,2006,Leave_One_experiments\wth_generated_qc\LCA\LCA2006.WTH,wet_year;nitrogen_stress_year;low_response_year,wet,LCA2006_normal_grid_S0013,irrigation_positive_candidate,2006-07-25,206,46,41,"{""sim_day"": 46.0, ""doy"": 206.0, ""topwt"": 4911.08154296875, ""grnwt"": 0.0, ""xlai"": 3.5630428791046143, ""totir"": 0.0, ""tofer"": NaN, ""swfac"": 0.0, ""nstres"": 0.0111130475997924}",0.0,0.0111130475997924,4911.08154296875,0.0,3.5630428791046143,0.0,,0.0,0.0,30.0,150.0,37.86492309570313,49.86492309570313,Leave_One_experiments/all_year_offline_schedule_search/daily_outputs/LCA/LCA_2006_LCA2006_normal_grid_S0013_daily.csv
LCA,LCA,Luancheng,2006,Leave_One_experiments\wth_generated_qc\LCA\LCA2006.WTH,wet_year;nitrogen_stress_year;low_response_year,wet,LCA2006_normal_grid_S0013,irrigation_positive_candidate,2006-07-26,207,47,42,"{""sim_day"": 47.0, ""doy"": 207.0, ""topwt"": 5213.1231689453125, ""grnwt"": 0.0, ""xlai"": 3.63710618019104, ""totir"": 0.0, ""tofer"": NaN, ""swfac"": 0.0, ""nstres"": 0.0062679648399353}",0.0,0.0062679648399353,5213.1231689453125,0.0,3.63710618019104,0.0,,0.0,0.0,30.0,150.0,37.86492309570313,49.86492309570313,Leave_One_experiments/all_year_offline_schedule_search/daily_outputs/LCA/LCA_2006_LCA2006_normal_grid_S0013_daily.csv
LCA,LCA,Luancheng,2006,Leave_One_experiments\wth_generated_qc\LCA\LCA2006.WTH,wet_year;nitrogen_stress_year;low_response_year,wet,LCA2006_normal_grid_S0013,irrigation_positive_candidate,2006-07-27,208,48,43,"{""sim_day"": 48.0, ""doy"": 208.0, ""topwt"": 5474.5196533203125, ""grnwt"": 0.0, ""xlai"": 3.69736123085022, ""totir"": 0.0, ""tofer"": NaN, ""swfac"": 0.0, ""nstres"": 0.00562185049057}",0.0,0.00562185049057,5474.5196533203125,0.0,3.69736123085022,0.0,,0.0,0.0,30.0,150.0,37.86492309570313,49.86492309570313,Leave_One_experiments/all_year_offline_schedule_search/daily_outputs/LCA/LCA_2006_LCA2006_normal_grid_S0013_daily.csv
LCA,LCA,Luancheng,2006,Leave_One_experiments\wth_generated_qc\LCA\LCA2006.WTH,wet_year;nitrogen_stress_year;low_response_year,wet,LCA2006_normal_grid_S0013,irrigation_positive_candidate,2006-07-28,209,49,44,"{""sim_day"": 49.0, ""doy"": 209.0, ""topwt"": 5760.2813720703125, ""grnwt"": 0.0, ""xlai"": 3.7585136890411377, ""totir"": 0.0, ""tofer"": NaN, ""swfac"": 0.0, ""nstres"": 0.0159615278244018}",0.0,0.0159615278244018,5760.2813720703125,0.0,3.7585136890411377,0.0,,0.0,0.0,30.0,150.0,37.86492309570313,49.86492309570313,Leave_One_experiments/all_year_offline_schedule_search/daily_outputs/LCA/LCA_2006_LCA2006_normal_grid_S0013_daily.csv
LCA,LCA,Luancheng,2006,Leave_One_experiments\wth_generated_qc\LCA\LCA2006.WTH,wet_year;nitrogen_stress_year;low_response_year,wet,LCA2006_normal_grid_S0013,irrigation_positive_candidate,2006-07-29,210,50,45,"{""sim_day"": 50.0, ""doy"": 210.0, ""topwt"": 6073.2818603515625, ""grnwt"": 0.0, ""xlai"": 3.823389053344727, ""totir"": 0.0, ""tofer"": NaN, ""swfac"": 0.0, ""nstres"": 0.0214407444000244}",0.0,0.0214407444000244,6073.2818603515625,0.0,3.823389053344727,0.0,,0.0,0.0,30.0,150.0,37.86492309570313,49.86492309570313,Leave_One_experiments/all_year_offline_schedule_search/daily_outputs/LCA/LCA_2006_LCA2006_normal_grid_S0013_daily.csv
LCA,LCA,Luancheng,2006,Leave_One_experiments\wth_generated_qc\LCA\LCA2006.WTH,wet_year;nitrogen_stress_year;low_response_year,wet,LCA2006_normal_grid_S0013,irrigation_positive_candidate,2006-07-30,211,51,46,"{""sim_day"": 51.0, ""doy"": 211.0, ""topwt"": 6249.92431640625, ""grnwt"": 0.0, ""xlai"": 3.852454900741577, ""totir"": 0.0, ""tofer"": NaN, ""swfac"": 0.0, ""nstres"": 0.027180790901184}",0.0,0.027180790901184,6249.92431640625,0.0,3.852454900741577,0.0,,0.0,0.0,30.0,150.0,37.86492309570313,49.86492309570313,Leave_One_experiments/all_year_offline_schedule_search/daily_outputs/LCA/LCA_2006_LCA2006_normal_grid_S0013_daily.csv
LCA,LCA,Luancheng,2006,Leave_One_experiments\wth_generated_qc\LCA\LCA2006.WTH,wet_year;nitrogen_stress_year;low_response_year,wet,LCA2006_normal_grid_S0013,irrigation_positive_candidate,2006-07-31,212,52,47,"{""sim_day"": 52.0, ""doy"": 212.0, ""topwt"": 6631.237182617188, ""grnwt"": 0.0, ""xlai"": 3.7266685962677, ""totir"": 0.0, ""tofer"": NaN, ""swfac"": 0.0, ""nstres"": 0.0320791006088256}",0.0,0.0320791006088256,6631.237182617188,0.0,3.7266685962677,0.0,,0.0,0.0,30.0,150.0,37.86492309570313,49.86492309570313,Leave_One_experiments/all_year_offline_schedule_search/daily_outputs/LCA/LCA_2006_LCA2006_normal_grid_S0013_daily.csv
LCA,LCA,Luancheng,2006,Leave_One_experiments\wth_generated_qc\LCA\LCA2006.WTH,wet_year;nitrogen_stress_year;low_response_year,wet,LCA2006_normal_grid_S0013,irrigation_positive_candidate,2006-08-01,213,53,48,"{""sim_day"": 53.0, ""doy"": 213.0, ""topwt"": 6913.228759765625, ""grnwt"": 0.0, ""xlai"": 3.7097437381744394, ""totir"": 0.0, ""tofer"": NaN, ""swfac"": 0.0, ""nstres"": 0.0283514857292175}",0.0,0.0283514857292175,6913.228759765625,0.0,3.7097437381744394,0.0,,0.0,0.0,30.0,150.0,37.86492309570313,49.86492309570313,Leave_One_experiments/all_year_offline_schedule_search/daily_outputs/LCA/LCA_2006_LCA2006_normal_grid_S0013_daily.csv
LCA,LCA,Luancheng,2006,Leave_One_experiments\wth_generated_qc\LCA\LCA2006.WTH,wet_year;nitrogen_stress_year;low_response_year,wet,LCA2006_normal_grid_S0013,irrigation_positive_candidate,2006-08-02,214,54,49,"{""sim_day"": 54.0, ""doy"": 214.0, ""topwt"": 6968.41064453125, ""grnwt"": 0.0, ""xlai"": 3.694143772125244, ""totir"": 0.0, ""tofer"": NaN, ""swfac"": 0.0, ""nstres"": 0.0272736549377441}",0.0,0.0272736549377441,6968.41064453125,0.0,3.694143772125244,0.0,,0.0,0.0,30.0,150.0,37.86492309570313,49.86492309570313,Leave_One_experiments/all_year_offline_schedule_search/daily_outputs/LCA/LCA_2006_LCA2006_normal_grid_S0013_daily.csv
LCA,LCA,Luancheng,2006,Leave_One_experiments\wth_generated_qc\LCA\LCA2006.WTH,wet_year;nitrogen_stress_year;low_response_year,wet,LCA2006_normal_grid_S0013,irrigation_positive_candidate,2006-08-03,215,55,50,"{""sim_day"": 55.0, ""doy"": 215.0, ""topwt"": 7168.790893554688, ""grnwt"": 0.0, ""xlai"": 3.676875352859497, ""totir"": 0.0, ""tofer"": NaN, ""swfac"": 0.0, ""nstres"": 0.0202919244766235}",0.0,0.0202919244766235,7168.790893554688,0.0,3.676875352859497,0.0,,0.0,0.0,30.0,150.0,37.86492309570313,49.86492309570313,Leave_One_experiments/all_year_offline_schedule_search/daily_outputs/LCA/LCA_2006_LCA2006_normal_grid_S0013_daily.csv
LCA,LCA,Luancheng,2006,Leave_One_experiments\wth_generated_qc\LCA\LCA2006.WTH,wet_year;nitrogen_stress_year;low_response_year,wet,LCA2006_normal_grid_S0013,irrigation_positive_candidate,2006-08-04,216,56,51,"{""sim_day"": 56.0, ""doy"": 216.0, ""topwt"": 7425.2606201171875, ""grnwt"": 0.0, ""xlai"": 3.6593620777130127, ""totir"": 0.0, ""tofer"": NaN, ""swfac"": 0.0, ""nstres"": 0.0063562393188476}",0.0,0.0063562393188476,7425.2606201171875,0.0,3.6593620777130127,0.0,,0.0,0.0,30.0,150.0,37.86492309570313,49.86492309570313,Leave_One_experiments/all_year_offline_schedule_search/daily_outputs/LCA/LCA_2006_LCA2006_normal_grid_S0013_daily.csv
LCA,LCA,Luancheng,2006,Leave_One_experiments\wth_generated_qc\LCA\LCA2006.WTH,wet_year;nitrogen_stress_year;low_response_year,wet,LCA2006_normal_grid_S0013,irrigation_positive_candidate,2006-08-05,217,57,52,"{""sim_day"": 57.0, ""doy"": 217.0, ""topwt"": 7720.169677734375, ""grnwt"": 0.0, ""xlai"": 3.641357660293579, ""totir"": 0.0, ""tofer"": NaN, ""swfac"": 0.0, ""nstres"": 0.0}",0.0,0.0,7720.169677734375,0.0,3.641357660293579,0.0,,0.0,0.0,30.0,150.0,37.86492309570313,49.86492309570313,Leave_One_experiments/all_year_offline_schedule_search/daily_outputs/LCA/LCA_2006_LCA2006_normal_grid_S0013_daily.csv
LCA,LCA,Luancheng,2006,Leave_One_experiments\wth_generated_qc\LCA\LCA2006.WTH,wet_year;nitrogen_stress_year;low_response_year,wet,LCA2006_normal_grid_S0013,irrigation_positive_candidate,2006-08-06,218,58,53,"{""sim_day"": 58.0, ""doy"": 218.0, ""topwt"": 7973.587646484375, ""grnwt"": 0.0, ""xlai"": 3.622421741485596, ""totir"": 0.0, ""tofer"": NaN, ""swfac"": 0.0, ""nstres"": 0.0}",0.0,0.0,7973.587646484375,0.0,3.622421741485596,0.0,,0.0,0.0,30.0,150.0,37.86492309570313,49.86492309570313,Leave_One_experiments/all_year_offline_schedule_search/daily_outputs/LCA/LCA_2006_LCA2006_normal_grid_S0013_daily.csv
LCA,LCA,Luancheng,2006,Leave_One_experiments\wth_generated_qc\LCA\LCA2006.WTH,wet_year;nitrogen_stress_year;low_response_year,wet,LCA2006_normal_grid_S0013,irrigation_positive_candidate,2006-08-07,219,59,54,"{""sim_day"": 59.0, ""doy"": 219.0, ""topwt"": 8248.681030273438, ""grnwt"": 0.0, ""xlai"": 3.6027991771698, ""totir"": 0.0, ""tofer"": NaN, ""swfac"": 0.0, ""nstres"": 0.0}",0.0,0.0,8248.681030273438,0.0,3.6027991771698,0.0,,0.0,0.0,30.0,150.0,37.86492309570313,49.86492309570313,Leave_One_experiments/all_year_offline_schedule_search/daily_outputs/LCA/LCA_2006_LCA2006_normal_grid_S0013_daily.csv
LCA,LCA,Luancheng,2006,Leave_One_experiments\wth_generated_qc\LCA\LCA2006.WTH,wet_year;nitrogen_stress_year;low_response_year,wet,LCA2006_normal_grid_S0013,irrigation_positive_candidate,2006-08-08,220,60,55,"{""sim_day"": 60.0, ""doy"": 220.0, ""topwt"": 8388.197631835938, ""grnwt"": 0.0, ""xlai"": 3.5818514823913574, ""totir"": 0.0, ""tofer"": NaN, ""swfac"": 0.0, ""nstres"": 0.0}",0.0,0.0,8388.197631835938,0.0,3.5818514823913574,0.0,,0.0,0.0,30.0,150.0,37.86492309570313,49.86492309570313,Leave_One_experiments/all_year_offline_schedule_search/daily_outputs/LCA/LCA_2006_LCA2006_normal_grid_S0013_daily.csv
LCA,LCA,Luancheng,2006,Leave_One_experiments\wth_generated_qc\LCA\LCA2006.WTH,wet_year;nitrogen_stress_year;low_response_year,wet,LCA2006_normal_grid_S0013,irrigation_positive_candidate,2006-08-09,221,61,56,"{""sim_day"": 61.0, ""doy"": 221.0, ""topwt"": 8617.237548828125, ""grnwt"": 229.0397071838379, ""xlai"": 3.5017690658569336, ""totir"": 0.0, ""tofer"": NaN, ""swfac"": 0.0, ""nstres"": 0.0}",0.0,0.0,8617.237548828125,229.0397071838379,3.5017690658569336,0.0,,0.0,0.0,30.0,150.0,37.86492309570313,49.86492309570313,Leave_One_experiments/all_year_offline_schedule_search/daily_outputs/LCA/LCA_2006_LCA2006_normal_grid_S0013_daily.csv
LCA,LCA,Luancheng,2006,Leave_One_experiments\wth_generated_qc\LCA\LCA2006.WTH,wet_year;nitrogen_stress_year;low_response_year,wet,LCA2006_normal_grid_S0013,irrigation_positive_candidate,2006-08-10,222,62,57,"{""sim_day"": 62.0, ""doy"": 222.0, ""topwt"": 8833.450317382812, ""grnwt"": 445.25318145751953, ""xlai"": 3.4890096187591557, ""totir"": 0.0, ""tofer"": NaN, ""swfac"": 0.0, ""nstres"": 0.0}",0.0,0.0,8833.450317382812,445.25318145751953,3.4890096187591557,0.0,,0.0,0.0,30.0,150.0,37.86492309570313,49.86492309570313,Leave_One_experiments/all_year_offline_schedule_search/daily_outputs/LCA/LCA_2006_LCA2006_normal_grid_S0013_daily.csv
LCA,LCA,Luancheng,2006,Leave_One_experiments\wth_generated_qc\LCA\LCA2006.WTH,wet_year;nitrogen_stress_year;low_response_year,wet,LCA2006_normal_grid_S0013,irrigation_positive_candidate,2006-08-11,223,63,58,"{""sim_day"": 63.0, ""doy"": 223.0, ""topwt"": 9025.844116210938, ""grnwt"": 637.646484375, ""xlai"": 3.472701072692871, ""totir"": 0.0, ""tofer"": NaN, ""swfac"": 0.0, ""nstres"": 0.0}",0.0,0.0,9025.844116210938,637.646484375,3.472701072692871,0.0,,0.0,0.0,30.0,150.0,37.86492309570313,49.86492309570313,Leave_One_experiments/all_year_offline_schedule_search/daily_outputs/LCA/LCA_2006_LCA2006_normal_grid_S0013_daily.csv
LCA,LCA,Luancheng,2006,Leave_One_experiments\wth_generated_qc\LCA\LCA2006.WTH,wet_year;nitrogen_stress_year;low_response_year,wet,LCA2006_normal_grid_S0013,irrigation_positive_candidate,2006-08-12,224,64,59,"{""sim_day"": 64.0, ""doy"": 224.0, ""topwt"": 9210.908203125, ""grnwt"": 822.7105712890625, ""xlai"": 3.45267653465271, ""totir"": 0.0, ""tofer"": NaN, ""swfac"": 0.0, ""nstres"": 0.0}",0.0,0.0,9210.908203125,822.7105712890625,3.45267653465271,0.0,,0.0,0.0,30.0,150.0,37.86492309570313,49.86492309570313,Leave_One_experiments/all_year_offline_schedule_search/daily_outputs/LCA/LCA_2006_LCA2006_normal_grid_S0013_daily.csv
LCA,LCA,Luancheng,2006,Leave_One_experiments\wth_generated_qc\LCA\LCA2006.WTH,wet_year;nitrogen_stress_year;low_response_year,wet,LCA2006_normal_grid_S0013,irrigation_positive_candidate,2006-08-13,225,65,60,"{""sim_day"": 65.0, ""doy"": 225.0, ""topwt"": 9339.080200195312, ""grnwt"": 1115.88134765625, ""xlai"": 3.435210466384888, ""totir"": 0.0, ""tofer"": NaN, ""swfac"": 0.0, ""nstres"": 0.0}",0.0,0.0,9339.080200195312,1115.88134765625,3.435210466384888,0.0,,0.0,50.0,30.0,150.0,37.86492309570313,49.86492309570313,Leave_One_experiments/all_year_offline_schedule_search/daily_outputs/LCA/LCA_2006_LCA2006_normal_grid_S0013_daily.csv
LCA,LCA,Luancheng,2006,Leave_One_experiments\wth_generated_qc\LCA\LCA2006.WTH,wet_year;nitrogen_stress_year;low_response_year,wet,LCA2006_normal_grid_S0013,irrigation_positive_candidate,2006-08-14,226,66,61,"{""sim_day"": 66.0, ""doy"": 226.0, ""topwt"": 9677.701416015623, ""grnwt"": 1409.0521240234375, ""xlai"": 3.412506580352783, ""totir"": 0.0, ""tofer"": NaN, ""swfac"": 0.0, ""nstres"": 0.0}",0.0,0.0,9677.701416015623,1409.0521240234375,3.412506580352783,0.0,,0.0,0.0,30.0,150.0,37.86492309570313,49.86492309570313,Leave_One_experiments/all_year_offline_schedule_search/daily_outputs/LCA/LCA_2006_LCA2006_normal_grid_S0013_daily.csv
LCA,LCA,Luancheng,2006,Leave_One_experiments\wth_generated_qc\LCA\LCA2006.WTH,wet_year;nitrogen_stress_year;low_response_year,wet,LCA2006_normal_grid_S0013,irrigation_positive_candidate,2006-08-15,227,67,62,"{""sim_day"": 67.0, ""doy"": 227.0, ""topwt"": 10024.73388671875, ""grnwt"": 1702.2230529785156, ""xlai"": 3.3865835666656494, ""totir"": 0.0, ""tofer"": NaN, ""swfac"": 0.0, ""nstres"": 0.0}",0.0,0.0,10024.73388671875,1702.2230529785156,3.3865835666656494,0.0,,0.0,0.0,30.0,150.0,37.86492309570313,49.86492309570313,Leave_One_experiments/all_year_offline_schedule_search/daily_outputs/LCA/LCA_2006_LCA2006_normal_grid_S0013_daily.csv
LCA,LCA,Luancheng,2006,Leave_One_experiments\wth_generated_qc\LCA\LCA2006.WTH,wet_year;nitrogen_stress_year;low_response_year,wet,LCA2006_normal_grid_S0013,irrigation_positive_candidate,2006-08-16,228,68,63,"{""sim_day"": 68.0, ""doy"": 228.0, ""topwt"": 10321.13525390625, ""grnwt"": 1995.3939819335935, ""xlai"": 3.357764720916748, ""totir"": 0.0, ""tofer"": NaN, ""swfac"": 0.0, ""nstres"": 0.0}",0.0,0.0,10321.13525390625,1995.3939819335935,3.357764720916748,0.0,,0.0,0.0,30.0,150.0,37.86492309570313,49.86492309570313,Leave_One_experiments/all_year_offline_schedule_search/daily_outputs/LCA/LCA_2006_LCA2006_normal_grid_S0013_daily.csv
LCA,LCA,Luancheng,2006,Leave_One_experiments\wth_generated_qc\LCA\LCA2006.WTH,wet_year;nitrogen_stress_year;low_response_year,wet,LCA2006_normal_grid_S0013,irrigation_positive_candidate,2006-08-17,229,69,64,"{""sim_day"": 69.0, ""doy"": 229.0, ""topwt"": 10651.947021484377, ""grnwt"": 2288.564910888672, ""xlai"": 3.324697971343994, ""totir"": 0.0, ""tofer"": NaN, ""swfac"": 0.0, ""nstres"": 0.0}",0.0,0.0,10651.947021484377,2288.564910888672,3.324697971343994,0.0,,0.0,0.0,30.0,150.0,37.86492309570313,49.86492309570313,Leave_One_experiments/all_year_offline_schedule_search/daily_outputs/LCA/LCA_2006_LCA2006_normal_grid_S0013_daily.csv
LCA,LCA,Luancheng,2006,Leave_One_experiments\wth_generated_qc\LCA\LCA2006.WTH,wet_year;nitrogen_stress_year;low_response_year,wet,LCA2006_normal_grid_S0013,irrigation_positive_candidate,2006-08-18,230,70,65,"{""sim_day"": 70.0, ""doy"": 230.0, ""topwt"": 10969.932861328123, ""grnwt"": 2581.73583984375, ""xlai"": 3.2908010482788086, ""totir"": 30.0, ""tofer"": NaN, ""swfac"": 0.0, ""nstres"": 0.0}",0.0,0.0,10969.932861328123,2581.73583984375,3.2908010482788086,30.0,,30.0,0.0,30.0,150.0,37.86492309570313,49.86492309570313,Leave_One_experiments/all_year_offline_schedule_search/daily_outputs/LCA/LCA_2006_LCA2006_normal_grid_S0013_daily.csv
LCA,LCA,Luancheng,2006,Leave_One_experiments\wth_generated_qc\LCA\LCA2006.WTH,wet_year;nitrogen_stress_year;low_response_year,wet,LCA2006_normal_grid_S0013,irrigation_positive_candidate,2006-08-19,231,71,66,"{""sim_day"": 71.0, ""doy"": 231.0, ""topwt"": 11173.382568359377, ""grnwt"": 2874.906616210937, ""xlai"": 3.2493879795074463, ""totir"": 30.0, ""tofer"": NaN, ""swfac"": 0.0, ""nstres"": 0.0}",0.0,0.0,11173.382568359377,2874.906616210937,3.2493879795074463,30.0,,0.0,0.0,30.0,150.0,37.86492309570313,49.86492309570313,Leave_One_experiments/all_year_offline_schedule_search/daily_outputs/LCA/LCA_2006_LCA2006_normal_grid_S0013_daily.csv
LCA,LCA,Luancheng,2006,Leave_One_experiments\wth_generated_qc\LCA\LCA2006.WTH,wet_year;nitrogen_stress_year;low_response_year,wet,LCA2006_normal_grid_S0013,irrigation_positive_candidate,2006-08-20,232,72,67,"{""sim_day"": 72.0, ""doy"": 232.0, ""topwt"": 11282.430419921877, ""grnwt"": 3168.077392578125, ""xlai"": 3.213218927383423, ""totir"": 30.0, ""tofer"": NaN, ""swfac"": 0.0, ""nstres"": 0.0}",0.0,0.0,11282.430419921877,3168.077392578125,3.213218927383423,30.0,,0.0,0.0,30.0,150.0,37.86492309570313,49.86492309570313,Leave_One_experiments/all_year_offline_schedule_search/daily_outputs/LCA/LCA_2006_LCA2006_normal_grid_S0013_daily.csv
LCA,LCA,Luancheng,2006,Leave_One_experiments\wth_generated_qc\LCA\LCA2006.WTH,wet_year;nitrogen_stress_year;low_response_year,wet,LCA2006_normal_grid_S0013,irrigation_positive_candidate,2006-08-21,233,73,68,"{""sim_day"": 73.0, ""doy"": 233.0, ""topwt"": 11385.433349609377, ""grnwt"": 3461.2484741210938, ""xlai"": 3.1812551021575928, ""totir"": 30.0, ""tofer"": NaN, ""swfac"": 0.0, ""nstres"": 0.0}",0.0,0.0,11385.433349609377,3461.2484741210938,3.1812551021575928,30.0,,0.0,0.0,30.0,150.0,37.86492309570313,49.86492309570313,Leave_One_experiments/all_year_offline_schedule_search/daily_outputs/LCA/LCA_2006_LCA2006_normal_grid_S0013_daily.csv
LCA,LCA,Luancheng,2006,Leave_One_experiments\wth_generated_qc\LCA\LCA2006.WTH,wet_year;nitrogen_stress_year;low_response_year,wet,LCA2006_normal_grid_S0013,irrigation_positive_candidate,2006-08-22,234,74,69,"{""sim_day"": 74.0, ""doy"": 234.0, ""topwt"": 11695.628662109377, ""grnwt"": 3754.419250488281, ""xlai"": 3.1372387409210205, ""totir"": 30.0, ""tofer"": NaN, ""swfac"": 0.0, ""nstres"": 0.0}",0.0,0.0,11695.628662109377,3754.419250488281,3.1372387409210205,30.0,,0.0,0.0,30.0,150.0,37.86492309570313,49.86492309570313,Leave_One_experiments/all_year_offline_schedule_search/daily_outputs/LCA/LCA_2006_LCA2006_normal_grid_S0013_daily.csv
LCA,LCA,Luancheng,2006,Leave_One_experiments\wth_generated_qc\LCA\LCA2006.WTH,wet_year;nitrogen_stress_year;low_response_year,wet,LCA2006_normal_grid_S0013,irrigation_positive_candidate,2006-08-23,235,75,70,"{""sim_day"": 75.0, ""doy"": 235.0, ""topwt"": 11985.601806640623, ""grnwt"": 4047.5900268554688, ""xlai"": 3.079221487045288, ""totir"": 30.0, ""tofer"": NaN, ""swfac"": 0.0, ""nstres"": 0.0}",0.0,0.0,11985.601806640623,4047.5900268554688,3.079221487045288,30.0,,0.0,0.0,30.0,150.0,37.86492309570313,49.86492309570313,Leave_One_experiments/all_year_offline_schedule_search/daily_outputs/LCA/LCA_2006_LCA2006_normal_grid_S0013_daily.csv
LCA,LCA,Luancheng,2006,Leave_One_experiments\wth_generated_qc\LCA\LCA2006.WTH,wet_year;nitrogen_stress_year;low_response_year,wet,LCA2006_normal_grid_S0013,irrigation_positive_candidate,2006-08-24,236,76,71,"{""sim_day"": 76.0, ""doy"": 236.0, ""topwt"": 12106.27197265625, ""grnwt"": 4340.760498046875, ""xlai"": 3.0249369144439697, ""totir"": 30.0, ""tofer"": NaN, ""swfac"": 0.0, ""nstres"": 0.0}",0.0,0.0,12106.27197265625,4340.760498046875,3.0249369144439697,30.0,,0.0,0.0,30.0,150.0,37.86492309570313,49.86492309570313,Leave_One_experiments/all_year_offline_schedule_search/daily_outputs/LCA/LCA_2006_LCA2006_normal_grid_S0013_daily.csv
LCA,LCA,Luancheng,2006,Leave_One_experiments\wth_generated_qc\LCA\LCA2006.WTH,wet_year;nitrogen_stress_year;low_response_year,wet,LCA2006_normal_grid_S0013,irrigation_positive_candidate,2006-08-25,237,77,72,"{""sim_day"": 77.0, ""doy"": 237.0, ""topwt"": 12414.1845703125, ""grnwt"": 4633.931274414063, ""xlai"": 2.964029312133789, ""totir"": 30.0, ""tofer"": NaN, ""swfac"": 0.0, ""nstres"": 0.0}",0.0,0.0,12414.1845703125,4633.931274414063,2.964029312133789,30.0,,0.0,0.0,30.0,150.0,37.86492309570313,49.86492309570313,Leave_One_experiments/all_year_offline_schedule_search/daily_outputs/LCA/LCA_2006_LCA2006_normal_grid_S0013_daily.csv
LCA,LCA,Luancheng,2006,Leave_One_experiments\wth_generated_qc\LCA\LCA2006.WTH,wet_year;nitrogen_stress_year;low_response_year,wet,LCA2006_normal_grid_S0013,irrigation_positive_candidate,2006-08-26,238,78,73,"{""sim_day"": 78.0, ""doy"": 238.0, ""topwt"": 12717.410888671877, ""grnwt"": 4927.10205078125, ""xlai"": 2.893138885498047, ""totir"": 30.0, ""tofer"": NaN, ""swfac"": 0.0, ""nstres"": 0.0}",0.0,0.0,12717.410888671877,4927.10205078125,2.893138885498047,30.0,,0.0,0.0,30.0,150.0,37.86492309570313,49.86492309570313,Leave_One_experiments/all_year_offline_schedule_search/daily_outputs/LCA/LCA_2006_LCA2006_normal_grid_S0013_daily.csv
LCA,LCA,Luancheng,2006,Leave_One_experiments\wth_generated_qc\LCA\LCA2006.WTH,wet_year;nitrogen_stress_year;low_response_year,wet,LCA2006_normal_grid_S0013,irrigation_positive_candidate,2006-08-27,239,79,74,"{""sim_day"": 79.0, ""doy"": 239.0, ""topwt"": 12767.392578125, ""grnwt"": 5220.2728271484375, ""xlai"": 2.826660394668579, ""totir"": 30.0, ""tofer"": NaN, ""swfac"": 0.0, ""nstres"": 0.0}",0.0,0.0,12767.392578125,5220.2728271484375,2.826660394668579,30.0,,0.0,0.0,30.0,150.0,37.86492309570313,49.86492309570313,Leave_One_experiments/all_year_offline_schedule_search/daily_outputs/LCA/LCA_2006_LCA2006_normal_grid_S0013_daily.csv
LCA,LCA,Luancheng,2006,Leave_One_experiments\wth_generated_qc\LCA\LCA2006.WTH,wet_year;nitrogen_stress_year;low_response_year,wet,LCA2006_normal_grid_S0013,irrigation_positive_candidate,2006-08-28,240,80,75,"{""sim_day"": 80.0, ""doy"": 240.0, ""topwt"": 12651.8896484375, ""grnwt"": 5295.6231689453125, ""xlai"": 2.762213706970215, ""totir"": 30.0, ""tofer"": NaN, ""swfac"": 0.0, ""nstres"": 0.0}",0.0,0.0,12651.8896484375,5295.6231689453125,2.762213706970215,30.0,,0.0,0.0,30.0,150.0,37.86492309570313,49.86492309570313,Leave_One_experiments/all_year_offline_schedule_search/daily_outputs/LCA/LCA_2006_LCA2006_normal_grid_S0013_daily.csv
LCA,LCA,Luancheng,2006,Leave_One_experiments\wth_generated_qc\LCA\LCA2006.WTH,wet_year;nitrogen_stress_year;low_response_year,wet,LCA2006_normal_grid_S0013,irrigation_positive_candidate,2006-08-29,241,81,76,"{""sim_day"": 81.0, ""doy"": 241.0, ""topwt"": 12688.375244140623, ""grnwt"": 5332.108154296875, ""xlai"": 2.705885171890259, ""totir"": 30.0, ""tofer"": NaN, ""swfac"": 0.0, ""nstres"": 0.0}",0.0,0.0,12688.375244140623,5332.108154296875,2.705885171890259,30.0,,0.0,0.0,30.0,150.0,37.86492309570313,49.86492309570313,Leave_One_experiments/all_year_offline_schedule_search/daily_outputs/LCA/LCA_2006_LCA2006_normal_grid_S0013_daily.csv
LCA,LCA,Luancheng,2006,Leave_One_experiments\wth_generated_qc\LCA\LCA2006.WTH,wet_year;nitrogen_stress_year;low_response_year,wet,LCA2006_normal_grid_S0013,irrigation_positive_candidate,2006-08-30,242,82,77,"{""sim_day"": 82.0, ""doy"": 242.0, ""topwt"": 12983.53515625, ""grnwt"": 5625.278930664063, ""xlai"": 2.62642502784729, ""totir"": 30.0, ""tofer"": NaN, ""swfac"": 0.0, ""nstres"": 0.0}",0.0,0.0,12983.53515625,5625.278930664063,2.62642502784729,30.0,,0.0,0.0,30.0,150.0,37.86492309570313,49.86492309570313,Leave_One_experiments/all_year_offline_schedule_search/daily_outputs/LCA/LCA_2006_LCA2006_normal_grid_S0013_daily.csv
LCA,LCA,Luancheng,2006,Leave_One_experiments\wth_generated_qc\LCA\LCA2006.WTH,wet_year;nitrogen_stress_year;low_response_year,wet,LCA2006_normal_grid_S0013,irrigation_positive_candidate,2006-08-31,243,83,78,"{""sim_day"": 83.0, ""doy"": 243.0, ""topwt"": 13290.64453125, ""grnwt"": 5918.44970703125, ""xlai"": 2.535727500915528, ""totir"": 30.0, ""tofer"": NaN, ""swfac"": 0.0, ""nstres"": 0.0}",0.0,0.0,13290.64453125,5918.44970703125,2.535727500915528,30.0,,0.0,0.0,30.0,150.0,37.86492309570313,49.86492309570313,Leave_One_experiments/all_year_offline_schedule_search/daily_outputs/LCA/LCA_2006_LCA2006_normal_grid_S0013_daily.csv
LCA,LCA,Luancheng,2006,Leave_One_experiments\wth_generated_qc\LCA\LCA2006.WTH,wet_year;nitrogen_stress_year;low_response_year,wet,LCA2006_normal_grid_S0013,irrigation_positive_candidate,2006-09-01,244,84,79,"{""sim_day"": 84.0, ""doy"": 244.0, ""topwt"": 13590.45654296875, ""grnwt"": 6211.6204833984375, ""xlai"": 2.437707901000977, ""totir"": 30.0, ""tofer"": NaN, ""swfac"": 0.0, ""nstres"": 0.0}",0.0,0.0,13590.45654296875,6211.6204833984375,2.437707901000977,30.0,,0.0,0.0,30.0,150.0,37.86492309570313,49.86492309570313,Leave_One_experiments/all_year_offline_schedule_search/daily_outputs/LCA/LCA_2006_LCA2006_normal_grid_S0013_daily.csv
LCA,LCA,Luancheng,2006,Leave_One_experiments\wth_generated_qc\LCA\LCA2006.WTH,wet_year;nitrogen_stress_year;low_response_year,wet,LCA2006_normal_grid_S0013,irrigation_positive_candidate,2006-09-02,245,85,80,"{""sim_day"": 85.0, ""doy"": 245.0, ""topwt"": 13807.060546875, ""grnwt"": 6450.79345703125, ""xlai"": 2.330976724624634, ""totir"": 30.0, ""tofer"": NaN, ""swfac"": 0.0, ""nstres"": 0.0}",0.0,0.0,13807.060546875,6450.79345703125,2.330976724624634,30.0,,0.0,0.0,30.0,150.0,37.86492309570313,49.86492309570313,Leave_One_experiments/all_year_offline_schedule_search/daily_outputs/LCA/LCA_2006_LCA2006_normal_grid_S0013_daily.csv
LCA,LCA,Luancheng,2006,Leave_One_experiments\wth_generated_qc\LCA\LCA2006.WTH,wet_year;nitrogen_stress_year;low_response_year,wet,LCA2006_normal_grid_S0013,irrigation_positive_candidate,2006-09-03,246,86,81,"{""sim_day"": 86.0, ""doy"": 246.0, ""topwt"": 13882.557373046877, ""grnwt"": 6526.2896728515625, ""xlai"": 2.2696468830108643, ""totir"": 30.0, ""tofer"": NaN, ""swfac"": 0.0, ""nstres"": 0.0}",0.0,0.0,13882.557373046877,6526.2896728515625,2.2696468830108643,30.0,,0.0,0.0,30.0,150.0,37.86492309570313,49.86492309570313,Leave_One_experiments/all_year_offline_schedule_search/daily_outputs/LCA/LCA_2006_LCA2006_normal_grid_S0013_daily.csv
LCA,LCA,Luancheng,2006,Leave_One_experiments\wth_generated_qc\LCA\LCA2006.WTH,wet_year;nitrogen_stress_year;low_response_year,wet,LCA2006_normal_grid_S0013,irrigation_positive_candidate,2006-09-04,247,87,82,"{""sim_day"": 87.0, ""doy"": 247.0, ""topwt"": 14213.328857421877, ""grnwt"": 6819.459838867188, ""xlai"": 2.2019431591033936, ""totir"": 30.0, ""tofer"": NaN, ""swfac"": 0.0, ""nstres"": 0.0}",0.0,0.0,14213.328857421877,6819.459838867188,2.2019431591033936,30.0,,0.0,0.0,30.0,150.0,37.86492309570313,49.86492309570313,Leave_One_experiments/all_year_offline_schedule_search/daily_outputs/LCA/LCA_2006_LCA2006_normal_grid_S0013_daily.csv
LCA,LCA,Luancheng,2006,Leave_One_experiments\wth_generated_qc\LCA\LCA2006.WTH,wet_year;nitrogen_stress_year;low_response_year,wet,LCA2006_normal_grid_S0013,irrigation_positive_candidate,2006-09-05,248,88,83,"{""sim_day"": 88.0, ""doy"": 248.0, ""topwt"": 14542.64892578125, ""grnwt"": 7112.630615234375, ""xlai"": 2.113876819610596, ""totir"": 30.0, ""tofer"": NaN, ""swfac"": 0.0, ""nstres"": 0.0}",0.0,0.0,14542.64892578125,7112.630615234375,2.113876819610596,30.0,,0.0,0.0,30.0,150.0,37.86492309570313,49.86492309570313,Leave_One_experiments/all_year_offline_schedule_search/daily_outputs/LCA/LCA_2006_LCA2006_normal_grid_S0013_daily.csv
LCA,LCA,Luancheng,2006,Leave_One_experiments\wth_generated_qc\LCA\LCA2006.WTH,wet_year;nitrogen_stress_year;low_response_year,wet,LCA2006_normal_grid_S0013,irrigation_positive_candidate,2006-09-06,249,89,84,"{""sim_day"": 89.0, ""doy"": 249.0, ""topwt"": 14786.060791015623, ""grnwt"": 7405.801391601562, ""xlai"": 2.01729416847229, ""totir"": 30.0, ""tofer"": NaN, ""swfac"": 0.0, ""nstres"": 0.0}",0.0,0.0,14786.060791015623,7405.801391601562,2.01729416847229,30.0,,0.0,0.0,30.0,150.0,37.86492309570313,49.86492309570313,Leave_One_experiments/all_year_offline_schedule_search/daily_outputs/LCA/LCA_2006_LCA2006_normal_grid_S0013_daily.csv
LCA,LCA,Luancheng,2006,Leave_One_experiments\wth_generated_qc\LCA\LCA2006.WTH,wet_year;nitrogen_stress_year;low_response_year,wet,LCA2006_normal_grid_S0013,irrigation_positive_candidate,2006-09-07,250,90,85,"{""sim_day"": 90.0, ""doy"": 250.0, ""topwt"": 15088.841552734377, ""grnwt"": 7698.972778320312, ""xlai"": 1.9551308155059812, ""totir"": 30.0, ""tofer"": NaN, ""swfac"": 0.0, ""nstres"": 0.0071510076522827}",0.0,0.0071510076522827,15088.841552734377,7698.972778320312,1.9551308155059812,30.0,,0.0,0.0,30.0,150.0,37.86492309570313,49.86492309570313,Leave_One_experiments/all_year_offline_schedule_search/daily_outputs/LCA/LCA_2006_LCA2006_normal_grid_S0013_daily.csv
LCA,LCA,Luancheng,2006,Leave_One_experiments\wth_generated_qc\LCA\LCA2006.WTH,wet_year;nitrogen_stress_year;low_response_year,wet,LCA2006_normal_grid_S0013,irrigation_positive_candidate,2006-09-08,251,91,86,"{""sim_day"": 91.0, ""doy"": 251.0, ""topwt"": 15386.285400390623, ""grnwt"": 7951.658325195312, ""xlai"": 1.902495622634888, ""totir"": 30.0, ""tofer"": NaN, ""swfac"": 0.0, ""nstres"": 0.0308504104614257}",0.0,0.0308504104614257,15386.285400390623,7951.658325195312,1.902495622634888,30.0,,0.0,0.0,30.0,150.0,37.86492309570313,49.86492309570313,Leave_One_experiments/all_year_offline_schedule_search/daily_outputs/LCA/LCA_2006_LCA2006_normal_grid_S0013_daily.csv
LCA,LCA,Luancheng,2006,Leave_One_experiments\wth_generated_qc\LCA\LCA2006.WTH,wet_year;nitrogen_stress_year;low_response_year,wet,LCA2006_normal_grid_S0013,irrigation_positive_candidate,2006-09-09,252,92,87,"{""sim_day"": 92.0, ""doy"": 252.0, ""topwt"": 15696.55029296875, ""grnwt"": 8244.8291015625, ""xlai"": 1.8143720626831052, ""totir"": 30.0, ""tofer"": NaN, ""swfac"": 0.0, ""nstres"": 0.0566276311874389}",0.0,0.0566276311874389,15696.55029296875,8244.8291015625,1.8143720626831052,30.0,,0.0,0.0,30.0,150.0,37.86492309570313,49.86492309570313,Leave_One_experiments/all_year_offline_schedule_search/daily_outputs/LCA/LCA_2006_LCA2006_normal_grid_S0013_daily.csv
LCA,LCA,Luancheng,2006,Leave_One_experiments\wth_generated_qc\LCA\LCA2006.WTH,wet_year;nitrogen_stress_year;low_response_year,wet,LCA2006_normal_grid_S0013,irrigation_positive_candidate,2006-09-10,253,93,88,"{""sim_day"": 93.0, ""doy"": 253.0, ""topwt"": 15973.34228515625, ""grnwt"": 8537.999267578125, ""xlai"": 1.7203623056411743, ""totir"": 30.0, ""tofer"": NaN, ""swfac"": 0.0, ""nstres"": 0.1047074794769287}",0.0,0.1047074794769287,15973.34228515625,8537.999267578125,1.7203623056411743,30.0,,0.0,0.0,30.0,150.0,37.86492309570313,49.86492309570313,Leave_One_experiments/all_year_offline_schedule_search/daily_outputs/LCA/LCA_2006_LCA2006_normal_grid_S0013_daily.csv
LCA,LCA,Luancheng,2006,Leave_One_experiments\wth_generated_qc\LCA\LCA2006.WTH,wet_year;nitrogen_stress_year;low_response_year,wet,LCA2006_normal_grid_S0013,irrigation_positive_candidate,2006-09-11,254,94,89,"{""sim_day"": 94.0, ""doy"": 254.0, ""topwt"": 16202.6806640625, ""grnwt"": 8831.170043945312, ""xlai"": 1.6183229684829712, ""totir"": 30.0, ""tofer"": NaN, ""swfac"": 0.0, ""nstres"": 0.1485935449600219}",0.0,0.1485935449600219,16202.6806640625,8831.170043945312,1.6183229684829712,30.0,,0.0,0.0,30.0,150.0,37.86492309570313,49.86492309570313,Leave_One_experiments/all_year_offline_schedule_search/daily_outputs/LCA/LCA_2006_LCA2006_normal_grid_S0013_daily.csv
LCA,LCA,Luancheng,2006,Leave_One_experiments\wth_generated_qc\LCA\LCA2006.WTH,wet_year;nitrogen_stress_year;low_response_year,wet,LCA2006_normal_grid_S0013,irrigation_positive_candidate,2006-09-12,255,95,90,"{""sim_day"": 95.0, ""doy"": 255.0, ""topwt"": 16392.760009765625, ""grnwt"": 9036.492309570312, ""xlai"": 1.51427960395813, ""totir"": 30.0, ""tofer"": NaN, ""swfac"": 0.0, ""nstres"": 0.1841754913330078}",0.0,0.1841754913330078,16392.760009765625,9036.492309570312,1.51427960395813,30.0,,0.0,0.0,30.0,150.0,37.86492309570313,49.86492309570313,Leave_One_experiments/all_year_offline_schedule_search/daily_outputs/LCA/LCA_2006_LCA2006_normal_grid_S0013_daily.csv
LCA,LCA,Luancheng,2006,Leave_One_experiments\wth_generated_qc\LCA\LCA2006.WTH,wet_year;nitrogen_stress_year;low_response_year,wet,LCA2006_normal_grid_S0013,irrigation_positive_candidate,2006-09-13,256,96,91,"{""sim_day"": 96.0, ""doy"": 256.0, ""topwt"": 16392.760009765625, ""grnwt"": 9036.492309570312, ""xlai"": 1.51427960395813, ""totir"": 30.0, ""tofer"": NaN, ""swfac"": 0.0, ""nstres"": 0.1970824599266052}",0.0,0.1970824599266052,16392.760009765625,9036.492309570312,1.51427960395813,30.0,,0.0,0.0,30.0,150.0,37.86492309570313,49.86492309570313,Leave_One_experiments/all_year_offline_schedule_search/daily_outputs/LCA/LCA_2006_LCA2006_normal_grid_S0013_daily.csv
LCA,LCA,Luancheng,2006,Leave_One_experiments\wth_generated_qc\LCA\LCA2006.WTH,wet_year;nitrogen_stress_year;low_response_year,wet,LCA2006_normal_grid_S0013,irrigation_positive_candidate,2006-09-14,257,97,92,"{""sim_day"": 97.0, ""doy"": 257.0, ""topwt"": 16392.760009765625, ""grnwt"": 9036.492309570312, ""xlai"": 1.51427960395813, ""totir"": 30.0, ""tofer"": NaN, ""swfac"": 0.0, ""nstres"": 0.1970824599266052}",0.0,0.1970824599266052,16392.760009765625,9036.492309570312,1.51427960395813,30.0,,0.0,0.0,30.0,150.0,37.86492309570313,49.86492309570313,Leave_One_experiments/all_year_offline_schedule_search/daily_outputs/LCA/LCA_2006_LCA2006_normal_grid_S0013_daily.csv
LCA,LCA,Luancheng,2006,Leave_One_experiments\wth_generated_qc\LCA\LCA2006.WTH,wet_year;nitrogen_stress_year;low_response_year,wet,LCA2006_normal_grid_S0013,irrigation_positive_candidate,2006-09-15,258,98,93,"{""sim_day"": 98.0, ""doy"": 258.0, ""topwt"": 16392.760009765625, ""grnwt"": 9036.492309570312, ""xlai"": 1.51427960395813, ""totir"": 30.0, ""tofer"": NaN, ""swfac"": 0.0, ""nstres"": 0.1970824599266052}",0.0,0.1970824599266052,16392.760009765625,9036.492309570312,1.51427960395813,30.0,,0.0,0.0,30.0,150.0,37.86492309570313,49.86492309570313,Leave_One_experiments/all_year_offline_schedule_search/daily_outputs/LCA/LCA_2006_LCA2006_normal_grid_S0013_daily.csv
LCA,LCA,Luancheng,2006,Leave_One_experiments\wth_generated_qc\LCA\LCA2006.WTH,wet_year;nitrogen_stress_year;low_response_year,wet,LCA2006_normal_grid_S0010,low_input_within_10pct_yield,2006-06-15,166,1,1,"{""sim_day"": 1.0, ""doy"": 166.0, ""topwt"": 0.0, ""grnwt"": 0.0, ""xlai"": 0.0, ""totir"": 0.0, ""tofer"": NaN, ""swfac"": 0.0, ""nstres"": 0.0}",0.0,0.0,0.0,0.0,0.0,0.0,,0.0,50.0,0.0,150.0,52.92028198242188,52.92028198242188,Leave_One_experiments/all_year_offline_schedule_search/daily_outputs/LCA/LCA_2006_LCA2006_normal_grid_S0010_daily.csv
LCA,LCA,Luancheng,2006,Leave_One_experiments\wth_generated_qc\LCA\LCA2006.WTH,wet_year;nitrogen_stress_year;low_response_year,wet,LCA2006_normal_grid_S0010,low_input_within_10pct_yield,2006-06-16,167,2,2,"{""sim_day"": 2.0, ""doy"": 167.0, ""topwt"": 0.0, ""grnwt"": 0.0, ""xlai"": 0.0, ""totir"": 0.0, ""tofer"": NaN, ""swfac"": 0.0, ""nstres"": 0.0}",0.0,0.0,0.0,0.0,0.0,0.0,,0.0,0.0,0.0,150.0,52.92028198242188,52.92028198242188,Leave_One_experiments/all_year_offline_schedule_search/daily_outputs/LCA/LCA_2006_LCA2006_normal_grid_S0010_daily.csv
LCA,LCA,Luancheng,2006,Leave_One_experiments\wth_generated_qc\LCA\LCA2006.WTH,wet_year;nitrogen_stress_year;low_response_year,wet,LCA2006_normal_grid_S0010,low_input_within_10pct_yield,2006-06-17,168,3,3,"{""sim_day"": 3.0, ""doy"": 168.0, ""topwt"": 0.0, ""grnwt"": 0.0, ""xlai"": 0.0, ""totir"": 0.0, ""tofer"": NaN, ""swfac"": 0.0, ""nstres"": 0.0}",0.0,0.0,0.0,0.0,0.0,0.0,,0.0,0.0,0.0,150.0,52.92028198242188,52.92028198242188,Leave_One_experiments/all_year_offline_schedule_search/daily_outputs/LCA/LCA_2006_LCA2006_normal_grid_S0010_daily.csv
LCA,LCA,Luancheng,2006,Leave_One_experiments\wth_generated_qc\LCA\LCA2006.WTH,wet_year;nitrogen_stress_year;low_response_year,wet,LCA2006_normal_grid_S0010,low_input_within_10pct_yield,2006-06-18,169,4,4,"{""sim_day"": 4.0, ""doy"": 169.0, ""topwt"": 0.0, ""grnwt"": 0.0, ""xlai"": 0.0, ""totir"": 0.0, ""tofer"": NaN, ""swfac"": 0.0, ""nstres"": 0.0}",0.0,0.0,0.0,0.0,0.0,0.0,,0.0,0.0,0.0,150.0,52.92028198242188,52.92028198242188,Leave_One_experiments/all_year_offline_schedule_search/daily_outputs/LCA/LCA_2006_LCA2006_normal_grid_S0010_daily.csv
LCA,LCA,Luancheng,2006,Leave_One_experiments\wth_generated_qc\LCA\LCA2006.WTH,wet_year;nitrogen_stress_year;low_response_year,wet,LCA2006_normal_grid_S0010,low_input_within_10pct_yield,2006-06-19,170,5,5,"{""sim_day"": 5.0, ""doy"": 170.0, ""topwt"": 0.0, ""grnwt"": 0.0, ""xlai"": 0.0, ""totir"": 0.0, ""tofer"": NaN, ""swfac"": 0.0, ""nstres"": 0.0}",0.0,0.0,0.0,0.0,0.0,0.0,,0.0,0.0,0.0,150.0,52.92028198242188,52.92028198242188,Leave_One_experiments/all_year_offline_schedule_search/daily_outputs/LCA/LCA_2006_LCA2006_normal_grid_S0010_daily.csv
LCA,LCA,Luancheng,2006,Leave_One_experiments\wth_generated_qc\LCA\LCA2006.WTH,wet_year;nitrogen_stress_year;low_response_year,wet,LCA2006_normal_grid_S0010,low_input_within_10pct_yield,2006-06-15,166,6,1,"{""sim_day"": 6.0, ""doy"": 166.0, ""topwt"": 0.0, ""grnwt"": 0.0, ""xlai"": 0.0, ""totir"": 0.0, ""tofer"": NaN, ""swfac"": 0.0, ""nstres"": 0.0}",0.0,0.0,0.0,0.0,0.0,0.0,,0.0,0.0,0.0,150.0,52.92028198242188,52.92028198242188,Leave_One_experiments/all_year_offline_schedule_search/daily_outputs/LCA/LCA_2006_LCA2006_normal_grid_S0010_daily.csv
LCA,LCA,Luancheng,2006,Leave_One_experiments\wth_generated_qc\LCA\LCA2006.WTH,wet_year;nitrogen_stress_year;low_response_year,wet,LCA2006_normal_grid_S0010,low_input_within_10pct_yield,2006-06-16,167,7,2,"{""sim_day"": 7.0, ""doy"": 167.0, ""topwt"": 0.0, ""grnwt"": 0.0, ""xlai"": 0.0, ""totir"": 0.0, ""tofer"": NaN, ""swfac"": 0.0, ""nstres"": 0.0}",0.0,0.0,0.0,0.0,0.0,0.0,,0.0,0.0,0.0,150.0,52.92028198242188,52.92028198242188,Leave_One_experiments/all_year_offline_schedule_search/daily_outputs/LCA/LCA_2006_LCA2006_normal_grid_S0010_daily.csv
LCA,LCA,Luancheng,2006,Leave_One_experiments\wth_generated_qc\LCA\LCA2006.WTH,wet_year;nitrogen_stress_year;low_response_year,wet,LCA2006_normal_grid_S0010,low_input_within_10pct_yield,2006-06-17,168,8,3,"{""sim_day"": 8.0, ""doy"": 168.0, ""topwt"": 0.0, ""grnwt"": 0.0, ""xlai"": 0.0, ""totir"": 0.0, ""tofer"": NaN, ""swfac"": 0.0, ""nstres"": 0.0}",0.0,0.0,0.0,0.0,0.0,0.0,,0.0,0.0,0.0,150.0,52.92028198242188,52.92028198242188,Leave_One_experiments/all_year_offline_schedule_search/daily_outputs/LCA/LCA_2006_LCA2006_normal_grid_S0010_daily.csv
LCA,LCA,Luancheng,2006,Leave_One_experiments\wth_generated_qc\LCA\LCA2006.WTH,wet_year;nitrogen_stress_year;low_response_year,wet,LCA2006_normal_grid_S0010,low_input_within_10pct_yield,2006-06-18,169,9,4,"{""sim_day"": 9.0, ""doy"": 169.0, ""topwt"": 0.0, ""grnwt"": 0.0, ""xlai"": 0.0, ""totir"": 0.0, ""tofer"": NaN, ""swfac"": 0.0, ""nstres"": 0.0}",0.0,0.0,0.0,0.0,0.0,0.0,,0.0,0.0,0.0,150.0,52.92028198242188,52.92028198242188,Leave_One_experiments/all_year_offline_schedule_search/daily_outputs/LCA/LCA_2006_LCA2006_normal_grid_S0010_daily.csv
LCA,LCA,Luancheng,2006,Leave_One_experiments\wth_generated_qc\LCA\LCA2006.WTH,wet_year;nitrogen_stress_year;low_response_year,wet,LCA2006_normal_grid_S0010,low_input_within_10pct_yield,2006-06-19,170,10,5,"{""sim_day"": 10.0, ""doy"": 170.0, ""topwt"": 23.600001335144043, ""grnwt"": 0.0, ""xlai"": 0.0046154274605214, ""totir"": 0.0, ""tofer"": NaN, ""swfac"": 0.0, ""nstres"": 0.0121910572052001}",0.0,0.0121910572052001,23.600001335144043,0.0,0.0046154274605214,0.0,,0.0,0.0,0.0,150.0,52.92028198242188,52.92028198242188,Leave_One_experiments/all_year_offline_schedule_search/daily_outputs/LCA/LCA_2006_LCA2006_normal_grid_S0010_daily.csv
LCA,LCA,Luancheng,2006,Leave_One_experiments\wth_generated_qc\LCA\LCA2006.WTH,wet_year;nitrogen_stress_year;low_response_year,wet,LCA2006_normal_grid_S0010,low_input_within_10pct_yield,2006-06-20,171,11,6,"{""sim_day"": 11.0, ""doy"": 171.0, ""topwt"": 23.600001335144043, ""grnwt"": 0.0, ""xlai"": 0.0098075997084379, ""totir"": 0.0, ""tofer"": NaN, ""swfac"": 0.0, ""nstres"": 0.0070016384124755}",0.0,0.0070016384124755,23.600001335144043,0.0,0.0098075997084379,0.0,,0.0,0.0,0.0,150.0,52.92028198242188,52.92028198242188,Leave_One_experiments/all_year_offline_schedule_search/daily_outputs/LCA/LCA_2006_LCA2006_normal_grid_S0010_daily.csv
LCA,LCA,Luancheng,2006,Leave_One_experiments\wth_generated_qc\LCA\LCA2006.WTH,wet_year;nitrogen_stress_year;low_response_year,wet,LCA2006_normal_grid_S0010,low_input_within_10pct_yield,2006-06-21,172,12,7,"{""sim_day"": 12.0, ""doy"": 172.0, ""topwt"": 23.600001335144043, ""grnwt"": 0.0, ""xlai"": 0.0152520835399627, ""totir"": 0.0, ""tofer"": NaN, ""swfac"": 0.0, ""nstres"": 0.0}",0.0,0.0,23.600001335144043,0.0,0.0152520835399627,0.0,,0.0,0.0,0.0,150.0,52.92028198242188,52.92028198242188,Leave_One_experiments/all_year_offline_schedule_search/daily_outputs/LCA/LCA_2006_LCA2006_normal_grid_S0010_daily.csv
LCA,LCA,Luancheng,2006,Leave_One_experiments\wth_generated_qc\LCA\LCA2006.WTH,wet_year;nitrogen_stress_year;low_response_year,wet,LCA2006_normal_grid_S0010,low_input_within_10pct_yield,2006-06-22,173,13,8,"{""sim_day"": 13.0, ""doy"": 173.0, ""topwt"": 23.600001335144043, ""grnwt"": 0.0, ""xlai"": 0.0390414781868457, ""totir"": 0.0, ""tofer"": NaN, ""swfac"": 0.0, ""nstres"": 0.0}",0.0,0.0,23.600001335144043,0.0,0.0390414781868457,0.0,,0.0,0.0,0.0,150.0,52.92028198242188,52.92028198242188,Leave_One_experiments/all_year_offline_schedule_search/daily_outputs/LCA/LCA_2006_LCA2006_normal_grid_S0010_daily.csv
LCA,LCA,Luancheng,2006,Leave_One_experiments\wth_generated_qc\LCA\LCA2006.WTH,wet_year;nitrogen_stress_year;low_response_year,wet,LCA2006_normal_grid_S0010,low_input_within_10pct_yield,2006-06-23,174,14,9,"{""sim_day"": 14.0, ""doy"": 174.0, ""topwt"": 36.08451128005981, ""grnwt"": 0.0, ""xlai"": 0.0721104443073272, ""totir"": 0.0, ""tofer"": NaN, ""swfac"": 0.0, ""nstres"": 0.0}",0.0,0.0,36.08451128005981,0.0,0.0721104443073272,0.0,,0.0,0.0,0.0,150.0,52.92028198242188,52.92028198242188,Leave_One_experiments/all_year_offline_schedule_search/daily_outputs/LCA/LCA_2006_LCA2006_normal_grid_S0010_daily.csv
LCA,LCA,Luancheng,2006,Leave_One_experiments\wth_generated_qc\LCA\LCA2006.WTH,wet_year;nitrogen_stress_year;low_response_year,wet,LCA2006_normal_grid_S0010,low_input_within_10pct_yield,2006-06-24,175,15,10,"{""sim_day"": 15.0, ""doy"": 175.0, ""topwt"": 51.0037899017334, ""grnwt"": 0.0, ""xlai"": 0.1056098639965057, ""totir"": 0.0, ""tofer"": NaN, ""swfac"": 0.0, ""nstres"": 0.0}",0.0,0.0,51.0037899017334,0.0,0.1056098639965057,0.0,,0.0,0.0,0.0,150.0,52.92028198242188,52.92028198242188,Leave_One_experiments/all_year_offline_schedule_search/daily_outputs/LCA/LCA_2006_LCA2006_normal_grid_S0010_daily.csv
LCA,LCA,Luancheng,2006,Leave_One_experiments\wth_generated_qc\LCA\LCA2006.WTH,wet_year;nitrogen_stress_year;low_response_year,wet,LCA2006_normal_grid_S0010,low_input_within_10pct_yield,2006-06-25,176,16,11,"{""sim_day"": 16.0, ""doy"": 176.0, ""topwt"": 72.71061897277832, ""grnwt"": 0.0, ""xlai"": 0.1499698758125305, ""totir"": 0.0, ""tofer"": NaN, ""swfac"": 0.0, ""nstres"": 0.0}",0.0,0.0,72.71061897277832,0.0,0.1499698758125305,0.0,,0.0,0.0,0.0,150.0,52.92028198242188,52.92028198242188,Leave_One_experiments/all_year_offline_schedule_search/daily_outputs/LCA/LCA_2006_LCA2006_normal_grid_S0010_daily.csv
LCA,LCA,Luancheng,2006,Leave_One_experiments\wth_generated_qc\LCA\LCA2006.WTH,wet_year;nitrogen_stress_year;low_response_year,wet,LCA2006_normal_grid_S0010,low_input_within_10pct_yield,2006-06-26,177,17,12,"{""sim_day"": 17.0, ""doy"": 177.0, ""topwt"": 101.34719848632812, ""grnwt"": 0.0, ""xlai"": 0.2037331014871597, ""totir"": 0.0, ""tofer"": NaN, ""swfac"": 0.0, ""nstres"": 0.0}",0.0,0.0,101.34719848632812,0.0,0.2037331014871597,0.0,,0.0,0.0,0.0,150.0,52.92028198242188,52.92028198242188,Leave_One_experiments/all_year_offline_schedule_search/daily_outputs/LCA/LCA_2006_LCA2006_normal_grid_S0010_daily.csv
LCA,LCA,Luancheng,2006,Leave_One_experiments\wth_generated_qc\LCA\LCA2006.WTH,wet_year;nitrogen_stress_year;low_response_year,wet,LCA2006_normal_grid_S0010,low_input_within_10pct_yield,2006-06-27,178,18,13,"{""sim_day"": 18.0, ""doy"": 178.0, ""topwt"": 130.98679542541504, ""grnwt"": 0.0, ""xlai"": 0.2556801736354828, ""totir"": 0.0, ""tofer"": NaN, ""swfac"": 0.0, ""nstres"": 0.0}",0.0,0.0,130.98679542541504,0.0,0.2556801736354828,0.0,,0.0,0.0,0.0,150.0,52.92028198242188,52.92028198242188,Leave_One_experiments/all_year_offline_schedule_search/daily_outputs/LCA/LCA_2006_LCA2006_normal_grid_S0010_daily.csv
LCA,LCA,Luancheng,2006,Leave_One_experiments\wth_generated_qc\LCA\LCA2006.WTH,wet_year;nitrogen_stress_year;low_response_year,wet,LCA2006_normal_grid_S0010,low_input_within_10pct_yield,2006-06-28,179,19,14,"{""sim_day"": 19.0, ""doy"": 179.0, ""topwt"": 165.21245956420898, ""grnwt"": 0.0, ""xlai"": 0.3336997628211975, ""totir"": 0.0, ""tofer"": NaN, ""swfac"": 0.0, ""nstres"": 0.0}",0.0,0.0,165.21245956420898,0.0,0.3336997628211975,0.0,,0.0,0.0,0.0,150.0,52.92028198242188,52.92028198242188,Leave_One_experiments/all_year_offline_schedule_search/daily_outputs/LCA/LCA_2006_LCA2006_normal_grid_S0010_daily.csv
LCA,LCA,Luancheng,2006,Leave_One_experiments\wth_generated_qc\LCA\LCA2006.WTH,wet_year;nitrogen_stress_year;low_response_year,wet,LCA2006_normal_grid_S0010,low_input_within_10pct_yield,2006-06-29,180,20,15,"{""sim_day"": 20.0, ""doy"": 180.0, ""topwt"": 217.01984405517575, ""grnwt"": 0.0, ""xlai"": 0.42038094997406, ""totir"": 0.0, ""tofer"": NaN, ""swfac"": 0.0, ""nstres"": 0.0066841840744018}",0.0,0.0066841840744018,217.01984405517575,0.0,0.42038094997406,0.0,,0.0,0.0,0.0,150.0,52.92028198242188,52.92028198242188,Leave_One_experiments/all_year_offline_schedule_search/daily_outputs/LCA/LCA_2006_LCA2006_normal_grid_S0010_daily.csv
LCA,LCA,Luancheng,2006,Leave_One_experiments\wth_generated_qc\LCA\LCA2006.WTH,wet_year;nitrogen_stress_year;low_response_year,wet,LCA2006_normal_grid_S0010,low_input_within_10pct_yield,2006-06-30,181,21,16,"{""sim_day"": 21.0, ""doy"": 181.0, ""topwt"": 229.5689010620117, ""grnwt"": 0.0, ""xlai"": 0.4402216076850891, ""totir"": 0.0, ""tofer"": NaN, ""swfac"": 0.0, ""nstres"": 0.0}",0.0,0.0,229.5689010620117,0.0,0.4402216076850891,0.0,,0.0,0.0,0.0,150.0,52.92028198242188,52.92028198242188,Leave_One_experiments/all_year_offline_schedule_search/daily_outputs/LCA/LCA_2006_LCA2006_normal_grid_S0010_daily.csv
LCA,LCA,Luancheng,2006,Leave_One_experiments\wth_generated_qc\LCA\LCA2006.WTH,wet_year;nitrogen_stress_year;low_response_year,wet,LCA2006_normal_grid_S0010,low_input_within_10pct_yield,2006-07-01,182,22,17,"{""sim_day"": 22.0, ""doy"": 182.0, ""topwt"": 257.6618766784668, ""grnwt"": 0.0, ""xlai"": 0.4843946099281311, ""totir"": 0.0, ""tofer"": NaN, ""swfac"": 0.0, ""nstres"": 0.0}",0.0,0.0,257.6618766784668,0.0,0.4843946099281311,0.0,,0.0,0.0,0.0,150.0,52.92028198242188,52.92028198242188,Leave_One_experiments/all_year_offline_schedule_search/daily_outputs/LCA/LCA_2006_LCA2006_normal_grid_S0010_daily.csv
LCA,LCA,Luancheng,2006,Leave_One_experiments\wth_generated_qc\LCA\LCA2006.WTH,wet_year;nitrogen_stress_year;low_response_year,wet,LCA2006_normal_grid_S0010,low_input_within_10pct_yield,2006-07-02,183,23,18,"{""sim_day"": 23.0, ""doy"": 183.0, ""topwt"": 292.0327568054199, ""grnwt"": 0.0, ""xlai"": 0.5369482040405273, ""totir"": 0.0, ""tofer"": NaN, ""swfac"": 0.0, ""nstres"": 0.0}",0.0,0.0,292.0327568054199,0.0,0.5369482040405273,0.0,,0.0,0.0,0.0,150.0,52.92028198242188,52.92028198242188,Leave_One_experiments/all_year_offline_schedule_search/daily_outputs/LCA/LCA_2006_LCA2006_normal_grid_S0010_daily.csv
LCA,LCA,Luancheng,2006,Leave_One_experiments\wth_generated_qc\LCA\LCA2006.WTH,wet_year;nitrogen_stress_year;low_response_year,wet,LCA2006_normal_grid_S0010,low_input_within_10pct_yield,2006-07-03,184,24,19,"{""sim_day"": 24.0, ""doy"": 184.0, ""topwt"": 385.00858306884766, ""grnwt"": 0.0, ""xlai"": 0.6739161014556885, ""totir"": 0.0, ""tofer"": NaN, ""swfac"": 0.0, ""nstres"": 0.0}",0.0,0.0,385.00858306884766,0.0,0.6739161014556885,0.0,,0.0,0.0,0.0,150.0,52.92028198242188,52.92028198242188,Leave_One_experiments/all_year_offline_schedule_search/daily_outputs/LCA/LCA_2006_LCA2006_normal_grid_S0010_daily.csv
LCA,LCA,Luancheng,2006,Leave_One_experiments\wth_generated_qc\LCA\LCA2006.WTH,wet_year;nitrogen_stress_year;low_response_year,wet,LCA2006_normal_grid_S0010,low_input_within_10pct_yield,2006-07-04,185,25,20,"{""sim_day"": 25.0, ""doy"": 185.0, ""topwt"": 507.6474380493164, ""grnwt"": 0.0, ""xlai"": 0.8436883687973022, ""totir"": 0.0, ""tofer"": NaN, ""swfac"": 0.0, ""nstres"": 0.0}",0.0,0.0,507.6474380493164,0.0,0.8436883687973022,0.0,,0.0,0.0,0.0,150.0,52.92028198242188,52.92028198242188,Leave_One_experiments/all_year_offline_schedule_search/daily_outputs/LCA/LCA_2006_LCA2006_normal_grid_S0010_daily.csv
LCA,LCA,Luancheng,2006,Leave_One_experiments\wth_generated_qc\LCA\LCA2006.WTH,wet_year;nitrogen_stress_year;low_response_year,wet,LCA2006_normal_grid_S0010,low_input_within_10pct_yield,2006-07-05,186,26,21,"{""sim_day"": 26.0, ""doy"": 186.0, ""topwt"": 655.7051849365234, ""grnwt"": 0.0, ""xlai"": 1.0395714044570925, ""totir"": 0.0, ""tofer"": NaN, ""swfac"": 0.0, ""nstres"": 0.0}",0.0,0.0,655.7051849365234,0.0,1.0395714044570925,0.0,,0.0,0.0,0.0,150.0,52.92028198242188,52.92028198242188,Leave_One_experiments/all_year_offline_schedule_search/daily_outputs/LCA/LCA_2006_LCA2006_normal_grid_S0010_daily.csv
LCA,LCA,Luancheng,2006,Leave_One_experiments\wth_generated_qc\LCA\LCA2006.WTH,wet_year;nitrogen_stress_year;low_response_year,wet,LCA2006_normal_grid_S0010,low_input_within_10pct_yield,2006-07-06,187,27,22,"{""sim_day"": 27.0, ""doy"": 187.0, ""topwt"": 819.5143890380859, ""grnwt"": 0.0, ""xlai"": 1.2400285005569458, ""totir"": 0.0, ""tofer"": NaN, ""swfac"": 0.0, ""nstres"": 0.0}",0.0,0.0,819.5143890380859,0.0,1.2400285005569458,0.0,,0.0,0.0,0.0,150.0,52.92028198242188,52.92028198242188,Leave_One_experiments/all_year_offline_schedule_search/daily_outputs/LCA/LCA_2006_LCA2006_normal_grid_S0010_daily.csv
LCA,LCA,Luancheng,2006,Leave_One_experiments\wth_generated_qc\LCA\LCA2006.WTH,wet_year;nitrogen_stress_year;low_response_year,wet,LCA2006_normal_grid_S0010,low_input_within_10pct_yield,2006-07-07,188,28,23,"{""sim_day"": 28.0, ""doy"": 188.0, ""topwt"": 996.9114685058594, ""grnwt"": 0.0, ""xlai"": 1.4401963949203491, ""totir"": 0.0, ""tofer"": NaN, ""swfac"": 0.0, ""nstres"": 0.0}",0.0,0.0,996.9114685058594,0.0,1.4401963949203491,0.0,,0.0,0.0,0.0,150.0,52.92028198242188,52.92028198242188,Leave_One_experiments/all_year_offline_schedule_search/daily_outputs/LCA/LCA_2006_LCA2006_normal_grid_S0010_daily.csv
LCA,LCA,Luancheng,2006,Leave_One_experiments\wth_generated_qc\LCA\LCA2006.WTH,wet_year;nitrogen_stress_year;low_response_year,wet,LCA2006_normal_grid_S0010,low_input_within_10pct_yield,2006-07-08,189,29,24,"{""sim_day"": 29.0, ""doy"": 189.0, ""topwt"": 1121.0487365722656, ""grnwt"": 0.0, ""xlai"": 1.5694917440414429, ""totir"": 0.0, ""tofer"": NaN, ""swfac"": 0.0, ""nstres"": 0.0}",0.0,0.0,1121.0487365722656,0.0,1.5694917440414429,0.0,,0.0,0.0,0.0,150.0,52.92028198242188,52.92028198242188,Leave_One_experiments/all_year_offline_schedule_search/daily_outputs/LCA/LCA_2006_LCA2006_normal_grid_S0010_daily.csv
LCA,LCA,Luancheng,2006,Leave_One_experiments\wth_generated_qc\LCA\LCA2006.WTH,wet_year;nitrogen_stress_year;low_response_year,wet,LCA2006_normal_grid_S0010,low_input_within_10pct_yield,2006-07-09,190,30,25,"{""sim_day"": 30.0, ""doy"": 190.0, ""topwt"": 1299.9806213378906, ""grnwt"": 0.0, ""xlai"": 1.7412177324295044, ""totir"": 0.0, ""tofer"": NaN, ""swfac"": 0.0, ""nstres"": 0.0}",0.0,0.0,1299.9806213378906,0.0,1.7412177324295044,0.0,,0.0,0.0,0.0,150.0,52.92028198242188,52.92028198242188,Leave_One_experiments/all_year_offline_schedule_search/daily_outputs/LCA/LCA_2006_LCA2006_normal_grid_S0010_daily.csv
LCA,LCA,Luancheng,2006,Leave_One_experiments\wth_generated_qc\LCA\LCA2006.WTH,wet_year;nitrogen_stress_year;low_response_year,wet,LCA2006_normal_grid_S0010,low_input_within_10pct_yield,2006-07-10,191,31,26,"{""sim_day"": 31.0, ""doy"": 191.0, ""topwt"": 1524.2149353027344, ""grnwt"": 0.0, ""xlai"": 1.938109755516052, ""totir"": 0.0, ""tofer"": NaN, ""swfac"": 0.0, ""nstres"": 0.0}",0.0,0.0,1524.2149353027344,0.0,1.938109755516052,0.0,,0.0,0.0,0.0,150.0,52.92028198242188,52.92028198242188,Leave_One_experiments/all_year_offline_schedule_search/daily_outputs/LCA/LCA_2006_LCA2006_normal_grid_S0010_daily.csv
LCA,LCA,Luancheng,2006,Leave_One_experiments\wth_generated_qc\LCA\LCA2006.WTH,wet_year;nitrogen_stress_year;low_response_year,wet,LCA2006_normal_grid_S0010,low_input_within_10pct_yield,2006-07-11,192,32,27,"{""sim_day"": 32.0, ""doy"": 192.0, ""topwt"": 1754.788818359375, ""grnwt"": 0.0, ""xlai"": 2.121856451034546, ""totir"": 0.0, ""tofer"": NaN, ""swfac"": 0.0, ""nstres"": 0.0}",0.0,0.0,1754.788818359375,0.0,2.121856451034546,0.0,,0.0,0.0,0.0,150.0,52.92028198242188,52.92028198242188,Leave_One_experiments/all_year_offline_schedule_search/daily_outputs/LCA/LCA_2006_LCA2006_normal_grid_S0010_daily.csv
LCA,LCA,Luancheng,2006,Leave_One_experiments\wth_generated_qc\LCA\LCA2006.WTH,wet_year;nitrogen_stress_year;low_response_year,wet,LCA2006_normal_grid_S0010,low_input_within_10pct_yield,2006-07-12,193,33,28,"{""sim_day"": 33.0, ""doy"": 193.0, ""topwt"": 1966.7686462402344, ""grnwt"": 0.0, ""xlai"": 2.2760324478149414, ""totir"": 0.0, ""tofer"": NaN, ""swfac"": 0.0, ""nstres"": 0.0}",0.0,0.0,1966.7686462402344,0.0,2.2760324478149414,0.0,,0.0,0.0,0.0,150.0,52.92028198242188,52.92028198242188,Leave_One_experiments/all_year_offline_schedule_search/daily_outputs/LCA/LCA_2006_LCA2006_normal_grid_S0010_daily.csv
LCA,LCA,Luancheng,2006,Leave_One_experiments\wth_generated_qc\LCA\LCA2006.WTH,wet_year;nitrogen_stress_year;low_response_year,wet,LCA2006_normal_grid_S0010,low_input_within_10pct_yield,2006-07-13,194,34,29,"{""sim_day"": 34.0, ""doy"": 194.0, ""topwt"": 2067.31689453125, ""grnwt"": 0.0, ""xlai"": 2.3432507514953613, ""totir"": 0.0, ""tofer"": NaN, ""swfac"": 0.0, ""nstres"": 0.0}",0.0,0.0,2067.31689453125,0.0,2.3432507514953613,0.0,,0.0,0.0,0.0,150.0,52.92028198242188,52.92028198242188,Leave_One_experiments/all_year_offline_schedule_search/daily_outputs/LCA/LCA_2006_LCA2006_normal_grid_S0010_daily.csv
LCA,LCA,Luancheng,2006,Leave_One_experiments\wth_generated_qc\LCA\LCA2006.WTH,wet_year;nitrogen_stress_year;low_response_year,wet,LCA2006_normal_grid_S0010,low_input_within_10pct_yield,2006-07-14,195,35,30,"{""sim_day"": 35.0, ""doy"": 195.0, ""topwt"": 2338.0242919921875, ""grnwt"": 0.0, ""xlai"": 2.49934196472168, ""totir"": 0.0, ""tofer"": NaN, ""swfac"": 0.0, ""nstres"": 0.0319455862045288}",0.0,0.0319455862045288,2338.0242919921875,0.0,2.49934196472168,0.0,,0.0,50.0,0.0,150.0,52.92028198242188,52.92028198242188,Leave_One_experiments/all_year_offline_schedule_search/daily_outputs/LCA/LCA_2006_LCA2006_normal_grid_S0010_daily.csv
LCA,LCA,Luancheng,2006,Leave_One_experiments\wth_generated_qc\LCA\LCA2006.WTH,wet_year;nitrogen_stress_year;low_response_year,wet,LCA2006_normal_grid_S0010,low_input_within_10pct_yield,2006-07-15,196,36,31,"{""sim_day"": 36.0, ""doy"": 196.0, ""topwt"": 2591.3104248046875, ""grnwt"": 0.0, ""xlai"": 2.6406455039978027, ""totir"": 0.0, ""tofer"": NaN, ""swfac"": 0.0, ""nstres"": 0.0}",0.0,0.0,2591.3104248046875,0.0,2.6406455039978027,0.0,,0.0,0.0,0.0,150.0,52.92028198242188,52.92028198242188,Leave_One_experiments/all_year_offline_schedule_search/daily_outputs/LCA/LCA_2006_LCA2006_normal_grid_S0010_daily.csv
LCA,LCA,Luancheng,2006,Leave_One_experiments\wth_generated_qc\LCA\LCA2006.WTH,wet_year;nitrogen_stress_year;low_response_year,wet,LCA2006_normal_grid_S0010,low_input_within_10pct_yield,2006-07-16,197,37,32,"{""sim_day"": 37.0, ""doy"": 197.0, ""topwt"": 2938.8787841796875, ""grnwt"": 0.0, ""xlai"": 2.81839656829834, ""totir"": 0.0, ""tofer"": NaN, ""swfac"": 0.0, ""nstres"": 0.0}",0.0,0.0,2938.8787841796875,0.0,2.81839656829834,0.0,,0.0,0.0,0.0,150.0,52.92028198242188,52.92028198242188,Leave_One_experiments/all_year_offline_schedule_search/daily_outputs/LCA/LCA_2006_LCA2006_normal_grid_S0010_daily.csv
LCA,LCA,Luancheng,2006,Leave_One_experiments\wth_generated_qc\LCA\LCA2006.WTH,wet_year;nitrogen_stress_year;low_response_year,wet,LCA2006_normal_grid_S0010,low_input_within_10pct_yield,2006-07-17,198,38,33,"{""sim_day"": 38.0, ""doy"": 198.0, ""topwt"": 2978.0593872070312, ""grnwt"": 0.0, ""xlai"": 2.836854934692383, ""totir"": 0.0, ""tofer"": NaN, ""swfac"": 0.0, ""nstres"": 0.0}",0.0,0.0,2978.0593872070312,0.0,2.836854934692383,0.0,,0.0,0.0,0.0,150.0,52.92028198242188,52.92028198242188,Leave_One_experiments/all_year_offline_schedule_search/daily_outputs/LCA/LCA_2006_LCA2006_normal_grid_S0010_daily.csv
LCA,LCA,Luancheng,2006,Leave_One_experiments\wth_generated_qc\LCA\LCA2006.WTH,wet_year;nitrogen_stress_year;low_response_year,wet,LCA2006_normal_grid_S0010,low_input_within_10pct_yield,2006-07-18,199,39,34,"{""sim_day"": 39.0, ""doy"": 199.0, ""topwt"": 3201.1050415039062, ""grnwt"": 0.0, ""xlai"": 2.9360246658325195, ""totir"": 0.0, ""tofer"": NaN, ""swfac"": 0.0, ""nstres"": 0.0}",0.0,0.0,3201.1050415039062,0.0,2.9360246658325195,0.0,,0.0,0.0,0.0,150.0,52.92028198242188,52.92028198242188,Leave_One_experiments/all_year_offline_schedule_search/daily_outputs/LCA/LCA_2006_LCA2006_normal_grid_S0010_daily.csv
LCA,LCA,Luancheng,2006,Leave_One_experiments\wth_generated_qc\LCA\LCA2006.WTH,wet_year;nitrogen_stress_year;low_response_year,wet,LCA2006_normal_grid_S0010,low_input_within_10pct_yield,2006-07-19,200,40,35,"{""sim_day"": 40.0, ""doy"": 200.0, ""topwt"": 3555.361328125, ""grnwt"": 0.0, ""xlai"": 3.0812792778015137, ""totir"": 0.0, ""tofer"": NaN, ""swfac"": 0.0, ""nstres"": 0.0}",0.0,0.0,3555.361328125,0.0,3.0812792778015137,0.0,,0.0,0.0,0.0,150.0,52.92028198242188,52.92028198242188,Leave_One_experiments/all_year_offline_schedule_search/daily_outputs/LCA/LCA_2006_LCA2006_normal_grid_S0010_daily.csv
LCA,LCA,Luancheng,2006,Leave_One_experiments\wth_generated_qc\LCA\LCA2006.WTH,wet_year;nitrogen_stress_year;low_response_year,wet,LCA2006_normal_grid_S0010,low_input_within_10pct_yield,2006-07-20,201,41,36,"{""sim_day"": 41.0, ""doy"": 201.0, ""topwt"": 3941.76513671875, ""grnwt"": 0.0, ""xlai"": 3.2560276985168457, ""totir"": 0.0, ""tofer"": NaN, ""swfac"": 0.0, ""nstres"": 0.0}",0.0,0.0,3941.76513671875,0.0,3.2560276985168457,0.0,,0.0,0.0,0.0,150.0,52.92028198242188,52.92028198242188,Leave_One_experiments/all_year_offline_schedule_search/daily_outputs/LCA/LCA_2006_LCA2006_normal_grid_S0010_daily.csv
LCA,LCA,Luancheng,2006,Leave_One_experiments\wth_generated_qc\LCA\LCA2006.WTH,wet_year;nitrogen_stress_year;low_response_year,wet,LCA2006_normal_grid_S0010,low_input_within_10pct_yield,2006-07-21,202,42,37,"{""sim_day"": 42.0, ""doy"": 202.0, ""topwt"": 4232.32421875, ""grnwt"": 0.0, ""xlai"": 3.363379955291748, ""totir"": 0.0, ""tofer"": NaN, ""swfac"": 0.0, ""nstres"": 0.0}",0.0,0.0,4232.32421875,0.0,3.363379955291748,0.0,,0.0,0.0,0.0,150.0,52.92028198242188,52.92028198242188,Leave_One_experiments/all_year_offline_schedule_search/daily_outputs/LCA/LCA_2006_LCA2006_normal_grid_S0010_daily.csv
LCA,LCA,Luancheng,2006,Leave_One_experiments\wth_generated_qc\LCA\LCA2006.WTH,wet_year;nitrogen_stress_year;low_response_year,wet,LCA2006_normal_grid_S0010,low_input_within_10pct_yield,2006-07-22,203,43,38,"{""sim_day"": 43.0, ""doy"": 203.0, ""topwt"": 4509.6319580078125, ""grnwt"": 0.0, ""xlai"": 3.45383620262146, ""totir"": 0.0, ""tofer"": NaN, ""swfac"": 0.0, ""nstres"": 0.0}",0.0,0.0,4509.6319580078125,0.0,3.45383620262146,0.0,,0.0,0.0,0.0,150.0,52.92028198242188,52.92028198242188,Leave_One_experiments/all_year_offline_schedule_search/daily_outputs/LCA/LCA_2006_LCA2006_normal_grid_S0010_daily.csv
LCA,LCA,Luancheng,2006,Leave_One_experiments\wth_generated_qc\LCA\LCA2006.WTH,wet_year;nitrogen_stress_year;low_response_year,wet,LCA2006_normal_grid_S0010,low_input_within_10pct_yield,2006-07-23,204,44,39,"{""sim_day"": 44.0, ""doy"": 204.0, ""topwt"": 4718.794250488281, ""grnwt"": 0.0, ""xlai"": 3.516476392745972, ""totir"": 0.0, ""tofer"": NaN, ""swfac"": 0.0, ""nstres"": 0.0}",0.0,0.0,4718.794250488281,0.0,3.516476392745972,0.0,,0.0,0.0,0.0,150.0,52.92028198242188,52.92028198242188,Leave_One_experiments/all_year_offline_schedule_search/daily_outputs/LCA/LCA_2006_LCA2006_normal_grid_S0010_daily.csv
LCA,LCA,Luancheng,2006,Leave_One_experiments\wth_generated_qc\LCA\LCA2006.WTH,wet_year;nitrogen_stress_year;low_response_year,wet,LCA2006_normal_grid_S0010,low_input_within_10pct_yield,2006-07-24,205,45,40,"{""sim_day"": 45.0, ""doy"": 205.0, ""topwt"": 4788.294982910156, ""grnwt"": 0.0, ""xlai"": 3.535130023956299, ""totir"": 0.0, ""tofer"": NaN, ""swfac"": 0.0, ""nstres"": 0.0016422271728515}",0.0,0.0016422271728515,4788.294982910156,0.0,3.535130023956299,0.0,,0.0,0.0,0.0,150.0,52.92028198242188,52.92028198242188,Leave_One_experiments/all_year_offline_schedule_search/daily_outputs/LCA/LCA_2006_LCA2006_normal_grid_S0010_daily.csv
LCA,LCA,Luancheng,2006,Leave_One_experiments\wth_generated_qc\LCA\LCA2006.WTH,wet_year;nitrogen_stress_year;low_response_year,wet,LCA2006_normal_grid_S0010,low_input_within_10pct_yield,2006-07-25,206,46,41,"{""sim_day"": 46.0, ""doy"": 206.0, ""topwt"": 4911.08154296875, ""grnwt"": 0.0, ""xlai"": 3.5630428791046143, ""totir"": 0.0, ""tofer"": NaN, ""swfac"": 0.0, ""nstres"": 0.0111130475997924}",0.0,0.0111130475997924,4911.08154296875,0.0,3.5630428791046143,0.0,,0.0,0.0,0.0,150.0,52.92028198242188,52.92028198242188,Leave_One_experiments/all_year_offline_schedule_search/daily_outputs/LCA/LCA_2006_LCA2006_normal_grid_S0010_daily.csv
LCA,LCA,Luancheng,2006,Leave_One_experiments\wth_generated_qc\LCA\LCA2006.WTH,wet_year;nitrogen_stress_year;low_response_year,wet,LCA2006_normal_grid_S0010,low_input_within_10pct_yield,2006-07-26,207,47,42,"{""sim_day"": 47.0, ""doy"": 207.0, ""topwt"": 5213.1231689453125, ""grnwt"": 0.0, ""xlai"": 3.63710618019104, ""totir"": 0.0, ""tofer"": NaN, ""swfac"": 0.0, ""nstres"": 0.0062679648399353}",0.0,0.0062679648399353,5213.1231689453125,0.0,3.63710618019104,0.0,,0.0,0.0,0.0,150.0,52.92028198242188,52.92028198242188,Leave_One_experiments/all_year_offline_schedule_search/daily_outputs/LCA/LCA_2006_LCA2006_normal_grid_S0010_daily.csv
LCA,LCA,Luancheng,2006,Leave_One_experiments\wth_generated_qc\LCA\LCA2006.WTH,wet_year;nitrogen_stress_year;low_response_year,wet,LCA2006_normal_grid_S0010,low_input_within_10pct_yield,2006-07-27,208,48,43,"{""sim_day"": 48.0, ""doy"": 208.0, ""topwt"": 5474.5196533203125, ""grnwt"": 0.0, ""xlai"": 3.69736123085022, ""totir"": 0.0, ""tofer"": NaN, ""swfac"": 0.0, ""nstres"": 0.00562185049057}",0.0,0.00562185049057,5474.5196533203125,0.0,3.69736123085022,0.0,,0.0,0.0,0.0,150.0,52.92028198242188,52.92028198242188,Leave_One_experiments/all_year_offline_schedule_search/daily_outputs/LCA/LCA_2006_LCA2006_normal_grid_S0010_daily.csv
LCA,LCA,Luancheng,2006,Leave_One_experiments\wth_generated_qc\LCA\LCA2006.WTH,wet_year;nitrogen_stress_year;low_response_year,wet,LCA2006_normal_grid_S0010,low_input_within_10pct_yield,2006-07-28,209,49,44,"{""sim_day"": 49.0, ""doy"": 209.0, ""topwt"": 5760.2813720703125, ""grnwt"": 0.0, ""xlai"": 3.7585136890411377, ""totir"": 0.0, ""tofer"": NaN, ""swfac"": 0.0, ""nstres"": 0.0159615278244018}",0.0,0.0159615278244018,5760.2813720703125,0.0,3.7585136890411377,0.0,,0.0,0.0,0.0,150.0,52.92028198242188,52.92028198242188,Leave_One_experiments/all_year_offline_schedule_search/daily_outputs/LCA/LCA_2006_LCA2006_normal_grid_S0010_daily.csv
LCA,LCA,Luancheng,2006,Leave_One_experiments\wth_generated_qc\LCA\LCA2006.WTH,wet_year;nitrogen_stress_year;low_response_year,wet,LCA2006_normal_grid_S0010,low_input_within_10pct_yield,2006-07-29,210,50,45,"{""sim_day"": 50.0, ""doy"": 210.0, ""topwt"": 6073.2818603515625, ""grnwt"": 0.0, ""xlai"": 3.823389053344727, ""totir"": 0.0, ""tofer"": NaN, ""swfac"": 0.0, ""nstres"": 0.0214407444000244}",0.0,0.0214407444000244,6073.2818603515625,0.0,3.823389053344727,0.0,,0.0,0.0,0.0,150.0,52.92028198242188,52.92028198242188,Leave_One_experiments/all_year_offline_schedule_search/daily_outputs/LCA/LCA_2006_LCA2006_normal_grid_S0010_daily.csv
LCA,LCA,Luancheng,2006,Leave_One_experiments\wth_generated_qc\LCA\LCA2006.WTH,wet_year;nitrogen_stress_year;low_response_year,wet,LCA2006_normal_grid_S0010,low_input_within_10pct_yield,2006-07-30,211,51,46,"{""sim_day"": 51.0, ""doy"": 211.0, ""topwt"": 6249.92431640625, ""grnwt"": 0.0, ""xlai"": 3.852454900741577, ""totir"": 0.0, ""tofer"": NaN, ""swfac"": 0.0, ""nstres"": 0.027180790901184}",0.0,0.027180790901184,6249.92431640625,0.0,3.852454900741577,0.0,,0.0,0.0,0.0,150.0,52.92028198242188,52.92028198242188,Leave_One_experiments/all_year_offline_schedule_search/daily_outputs/LCA/LCA_2006_LCA2006_normal_grid_S0010_daily.csv
LCA,LCA,Luancheng,2006,Leave_One_experiments\wth_generated_qc\LCA\LCA2006.WTH,wet_year;nitrogen_stress_year;low_response_year,wet,LCA2006_normal_grid_S0010,low_input_within_10pct_yield,2006-07-31,212,52,47,"{""sim_day"": 52.0, ""doy"": 212.0, ""topwt"": 6631.237182617188, ""grnwt"": 0.0, ""xlai"": 3.7266685962677, ""totir"": 0.0, ""tofer"": NaN, ""swfac"": 0.0, ""nstres"": 0.0320791006088256}",0.0,0.0320791006088256,6631.237182617188,0.0,3.7266685962677,0.0,,0.0,0.0,0.0,150.0,52.92028198242188,52.92028198242188,Leave_One_experiments/all_year_offline_schedule_search/daily_outputs/LCA/LCA_2006_LCA2006_normal_grid_S0010_daily.csv
LCA,LCA,Luancheng,2006,Leave_One_experiments\wth_generated_qc\LCA\LCA2006.WTH,wet_year;nitrogen_stress_year;low_response_year,wet,LCA2006_normal_grid_S0010,low_input_within_10pct_yield,2006-08-01,213,53,48,"{""sim_day"": 53.0, ""doy"": 213.0, ""topwt"": 6913.228759765625, ""grnwt"": 0.0, ""xlai"": 3.7097437381744394, ""totir"": 0.0, ""tofer"": NaN, ""swfac"": 0.0, ""nstres"": 0.0283514857292175}",0.0,0.0283514857292175,6913.228759765625,0.0,3.7097437381744394,0.0,,0.0,0.0,0.0,150.0,52.92028198242188,52.92028198242188,Leave_One_experiments/all_year_offline_schedule_search/daily_outputs/LCA/LCA_2006_LCA2006_normal_grid_S0010_daily.csv
LCA,LCA,Luancheng,2006,Leave_One_experiments\wth_generated_qc\LCA\LCA2006.WTH,wet_year;nitrogen_stress_year;low_response_year,wet,LCA2006_normal_grid_S0010,low_input_within_10pct_yield,2006-08-02,214,54,49,"{""sim_day"": 54.0, ""doy"": 214.0, ""topwt"": 6968.41064453125, ""grnwt"": 0.0, ""xlai"": 3.694143772125244, ""totir"": 0.0, ""tofer"": NaN, ""swfac"": 0.0, ""nstres"": 0.0272736549377441}",0.0,0.0272736549377441,6968.41064453125,0.0,3.694143772125244,0.0,,0.0,0.0,0.0,150.0,52.92028198242188,52.92028198242188,Leave_One_experiments/all_year_offline_schedule_search/daily_outputs/LCA/LCA_2006_LCA2006_normal_grid_S0010_daily.csv
LCA,LCA,Luancheng,2006,Leave_One_experiments\wth_generated_qc\LCA\LCA2006.WTH,wet_year;nitrogen_stress_year;low_response_year,wet,LCA2006_normal_grid_S0010,low_input_within_10pct_yield,2006-08-03,215,55,50,"{""sim_day"": 55.0, ""doy"": 215.0, ""topwt"": 7168.790893554688, ""grnwt"": 0.0, ""xlai"": 3.676875352859497, ""totir"": 0.0, ""tofer"": NaN, ""swfac"": 0.0, ""nstres"": 0.0202919244766235}",0.0,0.0202919244766235,7168.790893554688,0.0,3.676875352859497,0.0,,0.0,0.0,0.0,150.0,52.92028198242188,52.92028198242188,Leave_One_experiments/all_year_offline_schedule_search/daily_outputs/LCA/LCA_2006_LCA2006_normal_grid_S0010_daily.csv
LCA,LCA,Luancheng,2006,Leave_One_experiments\wth_generated_qc\LCA\LCA2006.WTH,wet_year;nitrogen_stress_year;low_response_year,wet,LCA2006_normal_grid_S0010,low_input_within_10pct_yield,2006-08-04,216,56,51,"{""sim_day"": 56.0, ""doy"": 216.0, ""topwt"": 7425.2606201171875, ""grnwt"": 0.0, ""xlai"": 3.6593620777130127, ""totir"": 0.0, ""tofer"": NaN, ""swfac"": 0.0, ""nstres"": 0.0063562393188476}",0.0,0.0063562393188476,7425.2606201171875,0.0,3.6593620777130127,0.0,,0.0,0.0,0.0,150.0,52.92028198242188,52.92028198242188,Leave_One_experiments/all_year_offline_schedule_search/daily_outputs/LCA/LCA_2006_LCA2006_normal_grid_S0010_daily.csv
LCA,LCA,Luancheng,2006,Leave_One_experiments\wth_generated_qc\LCA\LCA2006.WTH,wet_year;nitrogen_stress_year;low_response_year,wet,LCA2006_normal_grid_S0010,low_input_within_10pct_yield,2006-08-05,217,57,52,"{""sim_day"": 57.0, ""doy"": 217.0, ""topwt"": 7720.169677734375, ""grnwt"": 0.0, ""xlai"": 3.641357660293579, ""totir"": 0.0, ""tofer"": NaN, ""swfac"": 0.0, ""nstres"": 0.0}",0.0,0.0,7720.169677734375,0.0,3.641357660293579,0.0,,0.0,0.0,0.0,150.0,52.92028198242188,52.92028198242188,Leave_One_experiments/all_year_offline_schedule_search/daily_outputs/LCA/LCA_2006_LCA2006_normal_grid_S0010_daily.csv
LCA,LCA,Luancheng,2006,Leave_One_experiments\wth_generated_qc\LCA\LCA2006.WTH,wet_year;nitrogen_stress_year;low_response_year,wet,LCA2006_normal_grid_S0010,low_input_within_10pct_yield,2006-08-06,218,58,53,"{""sim_day"": 58.0, ""doy"": 218.0, ""topwt"": 7973.587646484375, ""grnwt"": 0.0, ""xlai"": 3.622421741485596, ""totir"": 0.0, ""tofer"": NaN, ""swfac"": 0.0, ""nstres"": 0.0}",0.0,0.0,7973.587646484375,0.0,3.622421741485596,0.0,,0.0,0.0,0.0,150.0,52.92028198242188,52.92028198242188,Leave_One_experiments/all_year_offline_schedule_search/daily_outputs/LCA/LCA_2006_LCA2006_normal_grid_S0010_daily.csv
LCA,LCA,Luancheng,2006,Leave_One_experiments\wth_generated_qc\LCA\LCA2006.WTH,wet_year;nitrogen_stress_year;low_response_year,wet,LCA2006_normal_grid_S0010,low_input_within_10pct_yield,2006-08-07,219,59,54,"{""sim_day"": 59.0, ""doy"": 219.0, ""topwt"": 8248.681030273438, ""grnwt"": 0.0, ""xlai"": 3.6027991771698, ""totir"": 0.0, ""tofer"": NaN, ""swfac"": 0.0, ""nstres"": 0.0}",0.0,0.0,8248.681030273438,0.0,3.6027991771698,0.0,,0.0,0.0,0.0,150.0,52.92028198242188,52.92028198242188,Leave_One_experiments/all_year_offline_schedule_search/daily_outputs/LCA/LCA_2006_LCA2006_normal_grid_S0010_daily.csv
LCA,LCA,Luancheng,2006,Leave_One_experiments\wth_generated_qc\LCA\LCA2006.WTH,wet_year;nitrogen_stress_year;low_response_year,wet,LCA2006_normal_grid_S0010,low_input_within_10pct_yield,2006-08-08,220,60,55,"{""sim_day"": 60.0, ""doy"": 220.0, ""topwt"": 8388.197631835938, ""grnwt"": 0.0, ""xlai"": 3.5818514823913574, ""totir"": 0.0, ""tofer"": NaN, ""swfac"": 0.0, ""nstres"": 0.0}",0.0,0.0,8388.197631835938,0.0,3.5818514823913574,0.0,,0.0,0.0,0.0,150.0,52.92028198242188,52.92028198242188,Leave_One_experiments/all_year_offline_schedule_search/daily_outputs/LCA/LCA_2006_LCA2006_normal_grid_S0010_daily.csv
LCA,LCA,Luancheng,2006,Leave_One_experiments\wth_generated_qc\LCA\LCA2006.WTH,wet_year;nitrogen_stress_year;low_response_year,wet,LCA2006_normal_grid_S0010,low_input_within_10pct_yield,2006-08-09,221,61,56,"{""sim_day"": 61.0, ""doy"": 221.0, ""topwt"": 8617.237548828125, ""grnwt"": 229.0397071838379, ""xlai"": 3.5017690658569336, ""totir"": 0.0, ""tofer"": NaN, ""swfac"": 0.0, ""nstres"": 0.0}",0.0,0.0,8617.237548828125,229.0397071838379,3.5017690658569336,0.0,,0.0,0.0,0.0,150.0,52.92028198242188,52.92028198242188,Leave_One_experiments/all_year_offline_schedule_search/daily_outputs/LCA/LCA_2006_LCA2006_normal_grid_S0010_daily.csv
LCA,LCA,Luancheng,2006,Leave_One_experiments\wth_generated_qc\LCA\LCA2006.WTH,wet_year;nitrogen_stress_year;low_response_year,wet,LCA2006_normal_grid_S0010,low_input_within_10pct_yield,2006-08-10,222,62,57,"{""sim_day"": 62.0, ""doy"": 222.0, ""topwt"": 8833.450317382812, ""grnwt"": 445.25318145751953, ""xlai"": 3.4890096187591557, ""totir"": 0.0, ""tofer"": NaN, ""swfac"": 0.0, ""nstres"": 0.0}",0.0,0.0,8833.450317382812,445.25318145751953,3.4890096187591557,0.0,,0.0,0.0,0.0,150.0,52.92028198242188,52.92028198242188,Leave_One_experiments/all_year_offline_schedule_search/daily_outputs/LCA/LCA_2006_LCA2006_normal_grid_S0010_daily.csv
LCA,LCA,Luancheng,2006,Leave_One_experiments\wth_generated_qc\LCA\LCA2006.WTH,wet_year;nitrogen_stress_year;low_response_year,wet,LCA2006_normal_grid_S0010,low_input_within_10pct_yield,2006-08-11,223,63,58,"{""sim_day"": 63.0, ""doy"": 223.0, ""topwt"": 9025.844116210938, ""grnwt"": 637.646484375, ""xlai"": 3.472701072692871, ""totir"": 0.0, ""tofer"": NaN, ""swfac"": 0.0, ""nstres"": 0.0}",0.0,0.0,9025.844116210938,637.646484375,3.472701072692871,0.0,,0.0,0.0,0.0,150.0,52.92028198242188,52.92028198242188,Leave_One_experiments/all_year_offline_schedule_search/daily_outputs/LCA/LCA_2006_LCA2006_normal_grid_S0010_daily.csv
LCA,LCA,Luancheng,2006,Leave_One_experiments\wth_generated_qc\LCA\LCA2006.WTH,wet_year;nitrogen_stress_year;low_response_year,wet,LCA2006_normal_grid_S0010,low_input_within_10pct_yield,2006-08-12,224,64,59,"{""sim_day"": 64.0, ""doy"": 224.0, ""topwt"": 9210.908203125, ""grnwt"": 822.7105712890625, ""xlai"": 3.45267653465271, ""totir"": 0.0, ""tofer"": NaN, ""swfac"": 0.0, ""nstres"": 0.0}",0.0,0.0,9210.908203125,822.7105712890625,3.45267653465271,0.0,,0.0,0.0,0.0,150.0,52.92028198242188,52.92028198242188,Leave_One_experiments/all_year_offline_schedule_search/daily_outputs/LCA/LCA_2006_LCA2006_normal_grid_S0010_daily.csv
LCA,LCA,Luancheng,2006,Leave_One_experiments\wth_generated_qc\LCA\LCA2006.WTH,wet_year;nitrogen_stress_year;low_response_year,wet,LCA2006_normal_grid_S0010,low_input_within_10pct_yield,2006-08-13,225,65,60,"{""sim_day"": 65.0, ""doy"": 225.0, ""topwt"": 9339.080200195312, ""grnwt"": 1115.88134765625, ""xlai"": 3.435210466384888, ""totir"": 0.0, ""tofer"": NaN, ""swfac"": 0.0, ""nstres"": 0.0}",0.0,0.0,9339.080200195312,1115.88134765625,3.435210466384888,0.0,,0.0,50.0,0.0,150.0,52.92028198242188,52.92028198242188,Leave_One_experiments/all_year_offline_schedule_search/daily_outputs/LCA/LCA_2006_LCA2006_normal_grid_S0010_daily.csv
LCA,LCA,Luancheng,2006,Leave_One_experiments\wth_generated_qc\LCA\LCA2006.WTH,wet_year;nitrogen_stress_year;low_response_year,wet,LCA2006_normal_grid_S0010,low_input_within_10pct_yield,2006-08-14,226,66,61,"{""sim_day"": 66.0, ""doy"": 226.0, ""topwt"": 9677.701416015623, ""grnwt"": 1409.0521240234375, ""xlai"": 3.412506580352783, ""totir"": 0.0, ""tofer"": NaN, ""swfac"": 0.0, ""nstres"": 0.0}",0.0,0.0,9677.701416015623,1409.0521240234375,3.412506580352783,0.0,,0.0,0.0,0.0,150.0,52.92028198242188,52.92028198242188,Leave_One_experiments/all_year_offline_schedule_search/daily_outputs/LCA/LCA_2006_LCA2006_normal_grid_S0010_daily.csv
LCA,LCA,Luancheng,2006,Leave_One_experiments\wth_generated_qc\LCA\LCA2006.WTH,wet_year;nitrogen_stress_year;low_response_year,wet,LCA2006_normal_grid_S0010,low_input_within_10pct_yield,2006-08-15,227,67,62,"{""sim_day"": 67.0, ""doy"": 227.0, ""topwt"": 10024.73388671875, ""grnwt"": 1702.2230529785156, ""xlai"": 3.3865835666656494, ""totir"": 0.0, ""tofer"": NaN, ""swfac"": 0.0, ""nstres"": 0.0}",0.0,0.0,10024.73388671875,1702.2230529785156,3.3865835666656494,0.0,,0.0,0.0,0.0,150.0,52.92028198242188,52.92028198242188,Leave_One_experiments/all_year_offline_schedule_search/daily_outputs/LCA/LCA_2006_LCA2006_normal_grid_S0010_daily.csv
LCA,LCA,Luancheng,2006,Leave_One_experiments\wth_generated_qc\LCA\LCA2006.WTH,wet_year;nitrogen_stress_year;low_response_year,wet,LCA2006_normal_grid_S0010,low_input_within_10pct_yield,2006-08-16,228,68,63,"{""sim_day"": 68.0, ""doy"": 228.0, ""topwt"": 10321.13525390625, ""grnwt"": 1995.3939819335935, ""xlai"": 3.357764720916748, ""totir"": 0.0, ""tofer"": NaN, ""swfac"": 0.0, ""nstres"": 0.0}",0.0,0.0,10321.13525390625,1995.3939819335935,3.357764720916748,0.0,,0.0,0.0,0.0,150.0,52.92028198242188,52.92028198242188,Leave_One_experiments/all_year_offline_schedule_search/daily_outputs/LCA/LCA_2006_LCA2006_normal_grid_S0010_daily.csv
LCA,LCA,Luancheng,2006,Leave_One_experiments\wth_generated_qc\LCA\LCA2006.WTH,wet_year;nitrogen_stress_year;low_response_year,wet,LCA2006_normal_grid_S0010,low_input_within_10pct_yield,2006-08-17,229,69,64,"{""sim_day"": 69.0, ""doy"": 229.0, ""topwt"": 10651.947021484377, ""grnwt"": 2288.564910888672, ""xlai"": 3.324697971343994, ""totir"": 0.0, ""tofer"": NaN, ""swfac"": 0.0, ""nstres"": 0.0}",0.0,0.0,10651.947021484377,2288.564910888672,3.324697971343994,0.0,,0.0,0.0,0.0,150.0,52.92028198242188,52.92028198242188,Leave_One_experiments/all_year_offline_schedule_search/daily_outputs/LCA/LCA_2006_LCA2006_normal_grid_S0010_daily.csv
LCA,LCA,Luancheng,2006,Leave_One_experiments\wth_generated_qc\LCA\LCA2006.WTH,wet_year;nitrogen_stress_year;low_response_year,wet,LCA2006_normal_grid_S0010,low_input_within_10pct_yield,2006-08-18,230,70,65,"{""sim_day"": 70.0, ""doy"": 230.0, ""topwt"": 10969.932861328123, ""grnwt"": 2581.73583984375, ""xlai"": 3.2908010482788086, ""totir"": 0.0, ""tofer"": NaN, ""swfac"": 0.0, ""nstres"": 0.0}",0.0,0.0,10969.932861328123,2581.73583984375,3.2908010482788086,0.0,,0.0,0.0,0.0,150.0,52.92028198242188,52.92028198242188,Leave_One_experiments/all_year_offline_schedule_search/daily_outputs/LCA/LCA_2006_LCA2006_normal_grid_S0010_daily.csv
LCA,LCA,Luancheng,2006,Leave_One_experiments\wth_generated_qc\LCA\LCA2006.WTH,wet_year;nitrogen_stress_year;low_response_year,wet,LCA2006_normal_grid_S0010,low_input_within_10pct_yield,2006-08-19,231,71,66,"{""sim_day"": 71.0, ""doy"": 231.0, ""topwt"": 11173.382568359377, ""grnwt"": 2874.906616210937, ""xlai"": 3.2493879795074463, ""totir"": 0.0, ""tofer"": NaN, ""swfac"": 0.0, ""nstres"": 0.0}",0.0,0.0,11173.382568359377,2874.906616210937,3.2493879795074463,0.0,,0.0,0.0,0.0,150.0,52.92028198242188,52.92028198242188,Leave_One_experiments/all_year_offline_schedule_search/daily_outputs/LCA/LCA_2006_LCA2006_normal_grid_S0010_daily.csv
LCA,LCA,Luancheng,2006,Leave_One_experiments\wth_generated_qc\LCA\LCA2006.WTH,wet_year;nitrogen_stress_year;low_response_year,wet,LCA2006_normal_grid_S0010,low_input_within_10pct_yield,2006-08-20,232,72,67,"{""sim_day"": 72.0, ""doy"": 232.0, ""topwt"": 11282.430419921877, ""grnwt"": 3168.077392578125, ""xlai"": 3.213218927383423, ""totir"": 0.0, ""tofer"": NaN, ""swfac"": 0.0, ""nstres"": 0.0}",0.0,0.0,11282.430419921877,3168.077392578125,3.213218927383423,0.0,,0.0,0.0,0.0,150.0,52.92028198242188,52.92028198242188,Leave_One_experiments/all_year_offline_schedule_search/daily_outputs/LCA/LCA_2006_LCA2006_normal_grid_S0010_daily.csv
LCA,LCA,Luancheng,2006,Leave_One_experiments\wth_generated_qc\LCA\LCA2006.WTH,wet_year;nitrogen_stress_year;low_response_year,wet,LCA2006_normal_grid_S0010,low_input_within_10pct_yield,2006-08-21,233,73,68,"{""sim_day"": 73.0, ""doy"": 233.0, ""topwt"": 11385.433349609377, ""grnwt"": 3461.2484741210938, ""xlai"": 3.1812551021575928, ""totir"": 0.0, ""tofer"": NaN, ""swfac"": 0.0, ""nstres"": 0.0}",0.0,0.0,11385.433349609377,3461.2484741210938,3.1812551021575928,0.0,,0.0,0.0,0.0,150.0,52.92028198242188,52.92028198242188,Leave_One_experiments/all_year_offline_schedule_search/daily_outputs/LCA/LCA_2006_LCA2006_normal_grid_S0010_daily.csv
LCA,LCA,Luancheng,2006,Leave_One_experiments\wth_generated_qc\LCA\LCA2006.WTH,wet_year;nitrogen_stress_year;low_response_year,wet,LCA2006_normal_grid_S0010,low_input_within_10pct_yield,2006-08-22,234,74,69,"{""sim_day"": 74.0, ""doy"": 234.0, ""topwt"": 11695.628662109377, ""grnwt"": 3754.419250488281, ""xlai"": 3.1372387409210205, ""totir"": 0.0, ""tofer"": NaN, ""swfac"": 0.0, ""nstres"": 0.0}",0.0,0.0,11695.628662109377,3754.419250488281,3.1372387409210205,0.0,,0.0,0.0,0.0,150.0,52.92028198242188,52.92028198242188,Leave_One_experiments/all_year_offline_schedule_search/daily_outputs/LCA/LCA_2006_LCA2006_normal_grid_S0010_daily.csv
LCA,LCA,Luancheng,2006,Leave_One_experiments\wth_generated_qc\LCA\LCA2006.WTH,wet_year;nitrogen_stress_year;low_response_year,wet,LCA2006_normal_grid_S0010,low_input_within_10pct_yield,2006-08-23,235,75,70,"{""sim_day"": 75.0, ""doy"": 235.0, ""topwt"": 11985.601806640623, ""grnwt"": 4047.5900268554688, ""xlai"": 3.079221487045288, ""totir"": 0.0, ""tofer"": NaN, ""swfac"": 0.0, ""nstres"": 0.0}",0.0,0.0,11985.601806640623,4047.5900268554688,3.079221487045288,0.0,,0.0,0.0,0.0,150.0,52.92028198242188,52.92028198242188,Leave_One_experiments/all_year_offline_schedule_search/daily_outputs/LCA/LCA_2006_LCA2006_normal_grid_S0010_daily.csv
LCA,LCA,Luancheng,2006,Leave_One_experiments\wth_generated_qc\LCA\LCA2006.WTH,wet_year;nitrogen_stress_year;low_response_year,wet,LCA2006_normal_grid_S0010,low_input_within_10pct_yield,2006-08-24,236,76,71,"{""sim_day"": 76.0, ""doy"": 236.0, ""topwt"": 12106.27197265625, ""grnwt"": 4340.760498046875, ""xlai"": 3.0249369144439697, ""totir"": 0.0, ""tofer"": NaN, ""swfac"": 0.0, ""nstres"": 0.0}",0.0,0.0,12106.27197265625,4340.760498046875,3.0249369144439697,0.0,,0.0,0.0,0.0,150.0,52.92028198242188,52.92028198242188,Leave_One_experiments/all_year_offline_schedule_search/daily_outputs/LCA/LCA_2006_LCA2006_normal_grid_S0010_daily.csv
LCA,LCA,Luancheng,2006,Leave_One_experiments\wth_generated_qc\LCA\LCA2006.WTH,wet_year;nitrogen_stress_year;low_response_year,wet,LCA2006_normal_grid_S0010,low_input_within_10pct_yield,2006-08-25,237,77,72,"{""sim_day"": 77.0, ""doy"": 237.0, ""topwt"": 12414.1845703125, ""grnwt"": 4633.931274414063, ""xlai"": 2.964029312133789, ""totir"": 0.0, ""tofer"": NaN, ""swfac"": 0.0, ""nstres"": 0.0}",0.0,0.0,12414.1845703125,4633.931274414063,2.964029312133789,0.0,,0.0,0.0,0.0,150.0,52.92028198242188,52.92028198242188,Leave_One_experiments/all_year_offline_schedule_search/daily_outputs/LCA/LCA_2006_LCA2006_normal_grid_S0010_daily.csv
LCA,LCA,Luancheng,2006,Leave_One_experiments\wth_generated_qc\LCA\LCA2006.WTH,wet_year;nitrogen_stress_year;low_response_year,wet,LCA2006_normal_grid_S0010,low_input_within_10pct_yield,2006-08-26,238,78,73,"{""sim_day"": 78.0, ""doy"": 238.0, ""topwt"": 12717.410888671877, ""grnwt"": 4927.10205078125, ""xlai"": 2.893138885498047, ""totir"": 0.0, ""tofer"": NaN, ""swfac"": 0.0, ""nstres"": 0.0}",0.0,0.0,12717.410888671877,4927.10205078125,2.893138885498047,0.0,,0.0,0.0,0.0,150.0,52.92028198242188,52.92028198242188,Leave_One_experiments/all_year_offline_schedule_search/daily_outputs/LCA/LCA_2006_LCA2006_normal_grid_S0010_daily.csv
LCA,LCA,Luancheng,2006,Leave_One_experiments\wth_generated_qc\LCA\LCA2006.WTH,wet_year;nitrogen_stress_year;low_response_year,wet,LCA2006_normal_grid_S0010,low_input_within_10pct_yield,2006-08-27,239,79,74,"{""sim_day"": 79.0, ""doy"": 239.0, ""topwt"": 12767.392578125, ""grnwt"": 5220.2728271484375, ""xlai"": 2.826660394668579, ""totir"": 0.0, ""tofer"": NaN, ""swfac"": 0.0, ""nstres"": 0.0}",0.0,0.0,12767.392578125,5220.2728271484375,2.826660394668579,0.0,,0.0,0.0,0.0,150.0,52.92028198242188,52.92028198242188,Leave_One_experiments/all_year_offline_schedule_search/daily_outputs/LCA/LCA_2006_LCA2006_normal_grid_S0010_daily.csv
LCA,LCA,Luancheng,2006,Leave_One_experiments\wth_generated_qc\LCA\LCA2006.WTH,wet_year;nitrogen_stress_year;low_response_year,wet,LCA2006_normal_grid_S0010,low_input_within_10pct_yield,2006-08-28,240,80,75,"{""sim_day"": 80.0, ""doy"": 240.0, ""topwt"": 12651.8896484375, ""grnwt"": 5295.6231689453125, ""xlai"": 2.762213706970215, ""totir"": 0.0, ""tofer"": NaN, ""swfac"": 0.0, ""nstres"": 0.0}",0.0,0.0,12651.8896484375,5295.6231689453125,2.762213706970215,0.0,,0.0,0.0,0.0,150.0,52.92028198242188,52.92028198242188,Leave_One_experiments/all_year_offline_schedule_search/daily_outputs/LCA/LCA_2006_LCA2006_normal_grid_S0010_daily.csv
LCA,LCA,Luancheng,2006,Leave_One_experiments\wth_generated_qc\LCA\LCA2006.WTH,wet_year;nitrogen_stress_year;low_response_year,wet,LCA2006_normal_grid_S0010,low_input_within_10pct_yield,2006-08-29,241,81,76,"{""sim_day"": 81.0, ""doy"": 241.0, ""topwt"": 12688.375244140623, ""grnwt"": 5332.108154296875, ""xlai"": 2.705885171890259, ""totir"": 0.0, ""tofer"": NaN, ""swfac"": 0.0, ""nstres"": 0.0}",0.0,0.0,12688.375244140623,5332.108154296875,2.705885171890259,0.0,,0.0,0.0,0.0,150.0,52.92028198242188,52.92028198242188,Leave_One_experiments/all_year_offline_schedule_search/daily_outputs/LCA/LCA_2006_LCA2006_normal_grid_S0010_daily.csv
LCA,LCA,Luancheng,2006,Leave_One_experiments\wth_generated_qc\LCA\LCA2006.WTH,wet_year;nitrogen_stress_year;low_response_year,wet,LCA2006_normal_grid_S0010,low_input_within_10pct_yield,2006-08-30,242,82,77,"{""sim_day"": 82.0, ""doy"": 242.0, ""topwt"": 12983.53515625, ""grnwt"": 5625.278930664063, ""xlai"": 2.62642502784729, ""totir"": 0.0, ""tofer"": NaN, ""swfac"": 0.0, ""nstres"": 0.0}",0.0,0.0,12983.53515625,5625.278930664063,2.62642502784729,0.0,,0.0,0.0,0.0,150.0,52.92028198242188,52.92028198242188,Leave_One_experiments/all_year_offline_schedule_search/daily_outputs/LCA/LCA_2006_LCA2006_normal_grid_S0010_daily.csv
LCA,LCA,Luancheng,2006,Leave_One_experiments\wth_generated_qc\LCA\LCA2006.WTH,wet_year;nitrogen_stress_year;low_response_year,wet,LCA2006_normal_grid_S0010,low_input_within_10pct_yield,2006-08-31,243,83,78,"{""sim_day"": 83.0, ""doy"": 243.0, ""topwt"": 13290.64453125, ""grnwt"": 5918.44970703125, ""xlai"": 2.535727500915528, ""totir"": 0.0, ""tofer"": NaN, ""swfac"": 0.0, ""nstres"": 0.0}",0.0,0.0,13290.64453125,5918.44970703125,2.535727500915528,0.0,,0.0,0.0,0.0,150.0,52.92028198242188,52.92028198242188,Leave_One_experiments/all_year_offline_schedule_search/daily_outputs/LCA/LCA_2006_LCA2006_normal_grid_S0010_daily.csv
LCA,LCA,Luancheng,2006,Leave_One_experiments\wth_generated_qc\LCA\LCA2006.WTH,wet_year;nitrogen_stress_year;low_response_year,wet,LCA2006_normal_grid_S0010,low_input_within_10pct_yield,2006-09-01,244,84,79,"{""sim_day"": 84.0, ""doy"": 244.0, ""topwt"": 13590.45654296875, ""grnwt"": 6211.6204833984375, ""xlai"": 2.437707901000977, ""totir"": 0.0, ""tofer"": NaN, ""swfac"": 0.0, ""nstres"": 0.0}",0.0,0.0,13590.45654296875,6211.6204833984375,2.437707901000977,0.0,,0.0,0.0,0.0,150.0,52.92028198242188,52.92028198242188,Leave_One_experiments/all_year_offline_schedule_search/daily_outputs/LCA/LCA_2006_LCA2006_normal_grid_S0010_daily.csv
LCA,LCA,Luancheng,2006,Leave_One_experiments\wth_generated_qc\LCA\LCA2006.WTH,wet_year;nitrogen_stress_year;low_response_year,wet,LCA2006_normal_grid_S0010,low_input_within_10pct_yield,2006-09-02,245,85,80,"{""sim_day"": 85.0, ""doy"": 245.0, ""topwt"": 13807.060546875, ""grnwt"": 6450.79345703125, ""xlai"": 2.330976724624634, ""totir"": 0.0, ""tofer"": NaN, ""swfac"": 0.0, ""nstres"": 0.0}",0.0,0.0,13807.060546875,6450.79345703125,2.330976724624634,0.0,,0.0,0.0,0.0,150.0,52.92028198242188,52.92028198242188,Leave_One_experiments/all_year_offline_schedule_search/daily_outputs/LCA/LCA_2006_LCA2006_normal_grid_S0010_daily.csv
LCA,LCA,Luancheng,2006,Leave_One_experiments\wth_generated_qc\LCA\LCA2006.WTH,wet_year;nitrogen_stress_year;low_response_year,wet,LCA2006_normal_grid_S0010,low_input_within_10pct_yield,2006-09-03,246,86,81,"{""sim_day"": 86.0, ""doy"": 246.0, ""topwt"": 13882.557373046877, ""grnwt"": 6526.2896728515625, ""xlai"": 2.2696468830108643, ""totir"": 0.0, ""tofer"": NaN, ""swfac"": 0.0, ""nstres"": 0.0}",0.0,0.0,13882.557373046877,6526.2896728515625,2.2696468830108643,0.0,,0.0,0.0,0.0,150.0,52.92028198242188,52.92028198242188,Leave_One_experiments/all_year_offline_schedule_search/daily_outputs/LCA/LCA_2006_LCA2006_normal_grid_S0010_daily.csv
LCA,LCA,Luancheng,2006,Leave_One_experiments\wth_generated_qc\LCA\LCA2006.WTH,wet_year;nitrogen_stress_year;low_response_year,wet,LCA2006_normal_grid_S0010,low_input_within_10pct_yield,2006-09-04,247,87,82,"{""sim_day"": 87.0, ""doy"": 247.0, ""topwt"": 14213.328857421877, ""grnwt"": 6819.459838867188, ""xlai"": 2.2019431591033936, ""totir"": 0.0, ""tofer"": NaN, ""swfac"": 0.0, ""nstres"": 0.0}",0.0,0.0,14213.328857421877,6819.459838867188,2.2019431591033936,0.0,,0.0,0.0,0.0,150.0,52.92028198242188,52.92028198242188,Leave_One_experiments/all_year_offline_schedule_search/daily_outputs/LCA/LCA_2006_LCA2006_normal_grid_S0010_daily.csv
LCA,LCA,Luancheng,2006,Leave_One_experiments\wth_generated_qc\LCA\LCA2006.WTH,wet_year;nitrogen_stress_year;low_response_year,wet,LCA2006_normal_grid_S0010,low_input_within_10pct_yield,2006-09-05,248,88,83,"{""sim_day"": 88.0, ""doy"": 248.0, ""topwt"": 14542.64892578125, ""grnwt"": 7112.630615234375, ""xlai"": 2.113876819610596, ""totir"": 0.0, ""tofer"": NaN, ""swfac"": 0.0, ""nstres"": 0.0}",0.0,0.0,14542.64892578125,7112.630615234375,2.113876819610596,0.0,,0.0,0.0,0.0,150.0,52.92028198242188,52.92028198242188,Leave_One_experiments/all_year_offline_schedule_search/daily_outputs/LCA/LCA_2006_LCA2006_normal_grid_S0010_daily.csv
LCA,LCA,Luancheng,2006,Leave_One_experiments\wth_generated_qc\LCA\LCA2006.WTH,wet_year;nitrogen_stress_year;low_response_year,wet,LCA2006_normal_grid_S0010,low_input_within_10pct_yield,2006-09-06,249,89,84,"{""sim_day"": 89.0, ""doy"": 249.0, ""topwt"": 14786.060791015623, ""grnwt"": 7405.801391601562, ""xlai"": 2.01729416847229, ""totir"": 0.0, ""tofer"": NaN, ""swfac"": 0.0, ""nstres"": 0.0}",0.0,0.0,14786.060791015623,7405.801391601562,2.01729416847229,0.0,,0.0,0.0,0.0,150.0,52.92028198242188,52.92028198242188,Leave_One_experiments/all_year_offline_schedule_search/daily_outputs/LCA/LCA_2006_LCA2006_normal_grid_S0010_daily.csv
LCA,LCA,Luancheng,2006,Leave_One_experiments\wth_generated_qc\LCA\LCA2006.WTH,wet_year;nitrogen_stress_year;low_response_year,wet,LCA2006_normal_grid_S0010,low_input_within_10pct_yield,2006-09-07,250,90,85,"{""sim_day"": 90.0, ""doy"": 250.0, ""topwt"": 15090.91796875, ""grnwt"": 7698.972778320312, ""xlai"": 1.9551308155059812, ""totir"": 0.0, ""tofer"": NaN, ""swfac"": 0.0, ""nstres"": 0.0}",0.0,0.0,15090.91796875,7698.972778320312,1.9551308155059812,0.0,,0.0,0.0,0.0,150.0,52.92028198242188,52.92028198242188,Leave_One_experiments/all_year_offline_schedule_search/daily_outputs/LCA/LCA_2006_LCA2006_normal_grid_S0010_daily.csv
LCA,LCA,Luancheng,2006,Leave_One_experiments\wth_generated_qc\LCA\LCA2006.WTH,wet_year;nitrogen_stress_year;low_response_year,wet,LCA2006_normal_grid_S0010,low_input_within_10pct_yield,2006-09-08,251,91,86,"{""sim_day"": 91.0, ""doy"": 251.0, ""topwt"": 15393.807373046877, ""grnwt"": 7951.658325195312, ""xlai"": 1.902495622634888, ""totir"": 0.0, ""tofer"": NaN, ""swfac"": 0.0, ""nstres"": 0.0}",0.0,0.0,15393.807373046877,7951.658325195312,1.902495622634888,0.0,,0.0,0.0,0.0,150.0,52.92028198242188,52.92028198242188,Leave_One_experiments/all_year_offline_schedule_search/daily_outputs/LCA/LCA_2006_LCA2006_normal_grid_S0010_daily.csv
LCA,LCA,Luancheng,2006,Leave_One_experiments\wth_generated_qc\LCA\LCA2006.WTH,wet_year;nitrogen_stress_year;low_response_year,wet,LCA2006_normal_grid_S0010,low_input_within_10pct_yield,2006-09-09,252,92,87,"{""sim_day"": 92.0, ""doy"": 252.0, ""topwt"": 15711.396484375, ""grnwt"": 8244.8291015625, ""xlai"": 1.8143720626831052, ""totir"": 0.0, ""tofer"": NaN, ""swfac"": 0.0, ""nstres"": 0.0144080519676208}",0.0,0.0144080519676208,15711.396484375,8244.8291015625,1.8143720626831052,0.0,,0.0,0.0,0.0,150.0,52.92028198242188,52.92028198242188,Leave_One_experiments/all_year_offline_schedule_search/daily_outputs/LCA/LCA_2006_LCA2006_normal_grid_S0010_daily.csv
LCA,LCA,Luancheng,2006,Leave_One_experiments\wth_generated_qc\LCA\LCA2006.WTH,wet_year;nitrogen_stress_year;low_response_year,wet,LCA2006_normal_grid_S0010,low_input_within_10pct_yield,2006-09-10,253,93,88,"{""sim_day"": 93.0, ""doy"": 253.0, ""topwt"": 15997.984619140623, ""grnwt"": 8537.999267578125, ""xlai"": 1.7203623056411743, ""totir"": 0.0, ""tofer"": NaN, ""swfac"": 0.0, ""nstres"": 0.0712947845458984}",0.0,0.0712947845458984,15997.984619140623,8537.999267578125,1.7203623056411743,0.0,,0.0,0.0,0.0,150.0,52.92028198242188,52.92028198242188,Leave_One_experiments/all_year_offline_schedule_search/daily_outputs/LCA/LCA_2006_LCA2006_normal_grid_S0010_daily.csv
LCA,LCA,Luancheng,2006,Leave_One_experiments\wth_generated_qc\LCA\LCA2006.WTH,wet_year;nitrogen_stress_year;low_response_year,wet,LCA2006_normal_grid_S0010,low_input_within_10pct_yield,2006-09-11,254,94,89,"{""sim_day"": 94.0, ""doy"": 254.0, ""topwt"": 16234.290771484377, ""grnwt"": 8831.170043945312, ""xlai"": 1.6183229684829712, ""totir"": 0.0, ""tofer"": NaN, ""swfac"": 0.0, ""nstres"": 0.1209809780120849}",0.0,0.1209809780120849,16234.290771484377,8831.170043945312,1.6183229684829712,0.0,,0.0,0.0,0.0,150.0,52.92028198242188,52.92028198242188,Leave_One_experiments/all_year_offline_schedule_search/daily_outputs/LCA/LCA_2006_LCA2006_normal_grid_S0010_daily.csv
LCA,LCA,Luancheng,2006,Leave_One_experiments\wth_generated_qc\LCA\LCA2006.WTH,wet_year;nitrogen_stress_year;low_response_year,wet,LCA2006_normal_grid_S0010,low_input_within_10pct_yield,2006-09-12,255,95,90,"{""sim_day"": 95.0, ""doy"": 255.0, ""topwt"": 16398.294677734375, ""grnwt"": 9042.028198242188, ""xlai"": 1.51427960395813, ""totir"": 0.0, ""tofer"": NaN, ""swfac"": 0.0, ""nstres"": 0.1621798872947693}",0.0,0.1621798872947693,16398.294677734375,9042.028198242188,1.51427960395813,0.0,,0.0,0.0,0.0,150.0,52.92028198242188,52.92028198242188,Leave_One_experiments/all_year_offline_schedule_search/daily_outputs/LCA/LCA_2006_LCA2006_normal_grid_S0010_daily.csv
LCA,LCA,Luancheng,2006,Leave_One_experiments\wth_generated_qc\LCA\LCA2006.WTH,wet_year;nitrogen_stress_year;low_response_year,wet,LCA2006_normal_grid_S0010,low_input_within_10pct_yield,2006-09-13,256,96,91,"{""sim_day"": 96.0, ""doy"": 256.0, ""topwt"": 16398.294677734375, ""grnwt"": 9042.028198242188, ""xlai"": 1.51427960395813, ""totir"": 0.0, ""tofer"": NaN, ""swfac"": 0.0, ""nstres"": 0.1791574954986572}",0.0,0.1791574954986572,16398.294677734375,9042.028198242188,1.51427960395813,0.0,,0.0,0.0,0.0,150.0,52.92028198242188,52.92028198242188,Leave_One_experiments/all_year_offline_schedule_search/daily_outputs/LCA/LCA_2006_LCA2006_normal_grid_S0010_daily.csv
LCA,LCA,Luancheng,2006,Leave_One_experiments\wth_generated_qc\LCA\LCA2006.WTH,wet_year;nitrogen_stress_year;low_response_year,wet,LCA2006_normal_grid_S0010,low_input_within_10pct_yield,2006-09-14,257,97,92,"{""sim_day"": 97.0, ""doy"": 257.0, ""topwt"": 16398.294677734375, ""grnwt"": 9042.028198242188, ""xlai"": 1.51427960395813, ""totir"": 0.0, ""tofer"": NaN, ""swfac"": 0.0, ""nstres"": 0.1791574954986572}",0.0,0.1791574954986572,16398.294677734375,9042.028198242188,1.51427960395813,0.0,,0.0,0.0,0.0,150.0,52.92028198242188,52.92028198242188,Leave_One_experiments/all_year_offline_schedule_search/daily_outputs/LCA/LCA_2006_LCA2006_normal_grid_S0010_daily.csv
LCA,LCA,Luancheng,2006,Leave_One_experiments\wth_generated_qc\LCA\LCA2006.WTH,wet_year;nitrogen_stress_year;low_response_year,wet,LCA2006_normal_grid_S0010,low_input_within_10pct_yield,2006-09-15,258,98,93,"{""sim_day"": 98.0, ""doy"": 258.0, ""topwt"": 16398.294677734375, ""grnwt"": 9042.028198242188, ""xlai"": 1.51427960395813, ""totir"": 0.0, ""tofer"": NaN, ""swfac"": 0.0, ""nstres"": 0.1791574954986572}",0.0,0.1791574954986572,16398.294677734375,9042.028198242188,1.51427960395813,0.0,,0.0,0.0,0.0,150.0,52.92028198242188,52.92028198242188,Leave_One_experiments/all_year_offline_schedule_search/daily_outputs/LCA/LCA_2006_LCA2006_normal_grid_S0010_daily.csv
LCA,LCA,Luancheng,2006,Leave_One_experiments\wth_generated_qc\LCA\LCA2006.WTH,wet_year;nitrogen_stress_year;low_response_year,wet,LCA2006_normal_grid_S0028,pareto_balanced,2006-06-15,166,1,1,"{""sim_day"": 1.0, ""doy"": 166.0, ""topwt"": 0.0, ""grnwt"": 0.0, ""xlai"": 0.0, ""totir"": 0.0, ""tofer"": NaN, ""swfac"": 0.0, ""nstres"": 0.0}",0.0,0.0,0.0,0.0,0.0,0.0,,0.0,80.0,0.0,180.0,47.25639038085937,47.25639038085937,Leave_One_experiments/all_year_offline_schedule_search/daily_outputs/LCA/LCA_2006_LCA2006_normal_grid_S0028_daily.csv
LCA,LCA,Luancheng,2006,Leave_One_experiments\wth_generated_qc\LCA\LCA2006.WTH,wet_year;nitrogen_stress_year;low_response_year,wet,LCA2006_normal_grid_S0028,pareto_balanced,2006-06-16,167,2,2,"{""sim_day"": 2.0, ""doy"": 167.0, ""topwt"": 0.0, ""grnwt"": 0.0, ""xlai"": 0.0, ""totir"": 0.0, ""tofer"": NaN, ""swfac"": 0.0, ""nstres"": 0.0}",0.0,0.0,0.0,0.0,0.0,0.0,,0.0,0.0,0.0,180.0,47.25639038085937,47.25639038085937,Leave_One_experiments/all_year_offline_schedule_search/daily_outputs/LCA/LCA_2006_LCA2006_normal_grid_S0028_daily.csv
LCA,LCA,Luancheng,2006,Leave_One_experiments\wth_generated_qc\LCA\LCA2006.WTH,wet_year;nitrogen_stress_year;low_response_year,wet,LCA2006_normal_grid_S0028,pareto_balanced,2006-06-17,168,3,3,"{""sim_day"": 3.0, ""doy"": 168.0, ""topwt"": 0.0, ""grnwt"": 0.0, ""xlai"": 0.0, ""totir"": 0.0, ""tofer"": NaN, ""swfac"": 0.0, ""nstres"": 0.0}",0.0,0.0,0.0,0.0,0.0,0.0,,0.0,0.0,0.0,180.0,47.25639038085937,47.25639038085937,Leave_One_experiments/all_year_offline_schedule_search/daily_outputs/LCA/LCA_2006_LCA2006_normal_grid_S0028_daily.csv
LCA,LCA,Luancheng,2006,Leave_One_experiments\wth_generated_qc\LCA\LCA2006.WTH,wet_year;nitrogen_stress_year;low_response_year,wet,LCA2006_normal_grid_S0028,pareto_balanced,2006-06-18,169,4,4,"{""sim_day"": 4.0, ""doy"": 169.0, ""topwt"": 0.0, ""grnwt"": 0.0, ""xlai"": 0.0, ""totir"": 0.0, ""tofer"": NaN, ""swfac"": 0.0, ""nstres"": 0.0}",0.0,0.0,0.0,0.0,0.0,0.0,,0.0,0.0,0.0,180.0,47.25639038085937,47.25639038085937,Leave_One_experiments/all_year_offline_schedule_search/daily_outputs/LCA/LCA_2006_LCA2006_normal_grid_S0028_daily.csv
LCA,LCA,Luancheng,2006,Leave_One_experiments\wth_generated_qc\LCA\LCA2006.WTH,wet_year;nitrogen_stress_year;low_response_year,wet,LCA2006_normal_grid_S0028,pareto_balanced,2006-06-19,170,5,5,"{""sim_day"": 5.0, ""doy"": 170.0, ""topwt"": 0.0, ""grnwt"": 0.0, ""xlai"": 0.0, ""totir"": 0.0, ""tofer"": NaN, ""swfac"": 0.0, ""nstres"": 0.0}",0.0,0.0,0.0,0.0,0.0,0.0,,0.0,0.0,0.0,180.0,47.25639038085937,47.25639038085937,Leave_One_experiments/all_year_offline_schedule_search/daily_outputs/LCA/LCA_2006_LCA2006_normal_grid_S0028_daily.csv
LCA,LCA,Luancheng,2006,Leave_One_experiments\wth_generated_qc\LCA\LCA2006.WTH,wet_year;nitrogen_stress_year;low_response_year,wet,LCA2006_normal_grid_S0028,pareto_balanced,2006-06-15,166,6,1,"{""sim_day"": 6.0, ""doy"": 166.0, ""topwt"": 0.0, ""grnwt"": 0.0, ""xlai"": 0.0, ""totir"": 0.0, ""tofer"": NaN, ""swfac"": 0.0, ""nstres"": 0.0}",0.0,0.0,0.0,0.0,0.0,0.0,,0.0,0.0,0.0,180.0,47.25639038085937,47.25639038085937,Leave_One_experiments/all_year_offline_schedule_search/daily_outputs/LCA/LCA_2006_LCA2006_normal_grid_S0028_daily.csv
LCA,LCA,Luancheng,2006,Leave_One_experiments\wth_generated_qc\LCA\LCA2006.WTH,wet_year;nitrogen_stress_year;low_response_year,wet,LCA2006_normal_grid_S0028,pareto_balanced,2006-06-16,167,7,2,"{""sim_day"": 7.0, ""doy"": 167.0, ""topwt"": 0.0, ""grnwt"": 0.0, ""xlai"": 0.0, ""totir"": 0.0, ""tofer"": NaN, ""swfac"": 0.0, ""nstres"": 0.0}",0.0,0.0,0.0,0.0,0.0,0.0,,0.0,0.0,0.0,180.0,47.25639038085937,47.25639038085937,Leave_One_experiments/all_year_offline_schedule_search/daily_outputs/LCA/LCA_2006_LCA2006_normal_grid_S0028_daily.csv
LCA,LCA,Luancheng,2006,Leave_One_experiments\wth_generated_qc\LCA\LCA2006.WTH,wet_year;nitrogen_stress_year;low_response_year,wet,LCA2006_normal_grid_S0028,pareto_balanced,2006-06-17,168,8,3,"{""sim_day"": 8.0, ""doy"": 168.0, ""topwt"": 0.0, ""grnwt"": 0.0, ""xlai"": 0.0, ""totir"": 0.0, ""tofer"": NaN, ""swfac"": 0.0, ""nstres"": 0.0}",0.0,0.0,0.0,0.0,0.0,0.0,,0.0,0.0,0.0,180.0,47.25639038085937,47.25639038085937,Leave_One_experiments/all_year_offline_schedule_search/daily_outputs/LCA/LCA_2006_LCA2006_normal_grid_S0028_daily.csv
LCA,LCA,Luancheng,2006,Leave_One_experiments\wth_generated_qc\LCA\LCA2006.WTH,wet_year;nitrogen_stress_year;low_response_year,wet,LCA2006_normal_grid_S0028,pareto_balanced,2006-06-18,169,9,4,"{""sim_day"": 9.0, ""doy"": 169.0, ""topwt"": 0.0, ""grnwt"": 0.0, ""xlai"": 0.0, ""totir"": 0.0, ""tofer"": NaN, ""swfac"": 0.0, ""nstres"": 0.0}",0.0,0.0,0.0,0.0,0.0,0.0,,0.0,0.0,0.0,180.0,47.25639038085937,47.25639038085937,Leave_One_experiments/all_year_offline_schedule_search/daily_outputs/LCA/LCA_2006_LCA2006_normal_grid_S0028_daily.csv
LCA,LCA,Luancheng,2006,Leave_One_experiments\wth_generated_qc\LCA\LCA2006.WTH,wet_year;nitrogen_stress_year;low_response_year,wet,LCA2006_normal_grid_S0028,pareto_balanced,2006-06-19,170,10,5,"{""sim_day"": 10.0, ""doy"": 170.0, ""topwt"": 23.600001335144043, ""grnwt"": 0.0, ""xlai"": 0.0046154274605214, ""totir"": 0.0, ""tofer"": NaN, ""swfac"": 0.0, ""nstres"": 0.0121910572052001}",0.0,0.0121910572052001,23.600001335144043,0.0,0.0046154274605214,0.0,,0.0,0.0,0.0,180.0,47.25639038085937,47.25639038085937,Leave_One_experiments/all_year_offline_schedule_search/daily_outputs/LCA/LCA_2006_LCA2006_normal_grid_S0028_daily.csv
LCA,LCA,Luancheng,2006,Leave_One_experiments\wth_generated_qc\LCA\LCA2006.WTH,wet_year;nitrogen_stress_year;low_response_year,wet,LCA2006_normal_grid_S0028,pareto_balanced,2006-06-20,171,11,6,"{""sim_day"": 11.0, ""doy"": 171.0, ""topwt"": 23.600001335144043, ""grnwt"": 0.0, ""xlai"": 0.0098075997084379, ""totir"": 0.0, ""tofer"": NaN, ""swfac"": 0.0, ""nstres"": 0.0070016384124755}",0.0,0.0070016384124755,23.600001335144043,0.0,0.0098075997084379,0.0,,0.0,0.0,0.0,180.0,47.25639038085937,47.25639038085937,Leave_One_experiments/all_year_offline_schedule_search/daily_outputs/LCA/LCA_2006_LCA2006_normal_grid_S0028_daily.csv
LCA,LCA,Luancheng,2006,Leave_One_experiments\wth_generated_qc\LCA\LCA2006.WTH,wet_year;nitrogen_stress_year;low_response_year,wet,LCA2006_normal_grid_S0028,pareto_balanced,2006-06-21,172,12,7,"{""sim_day"": 12.0, ""doy"": 172.0, ""topwt"": 23.600001335144043, ""grnwt"": 0.0, ""xlai"": 0.0152520835399627, ""totir"": 0.0, ""tofer"": NaN, ""swfac"": 0.0, ""nstres"": 0.0}",0.0,0.0,23.600001335144043,0.0,0.0152520835399627,0.0,,0.0,0.0,0.0,180.0,47.25639038085937,47.25639038085937,Leave_One_experiments/all_year_offline_schedule_search/daily_outputs/LCA/LCA_2006_LCA2006_normal_grid_S0028_daily.csv
LCA,LCA,Luancheng,2006,Leave_One_experiments\wth_generated_qc\LCA\LCA2006.WTH,wet_year;nitrogen_stress_year;low_response_year,wet,LCA2006_normal_grid_S0028,pareto_balanced,2006-06-22,173,13,8,"{""sim_day"": 13.0, ""doy"": 173.0, ""topwt"": 23.600001335144043, ""grnwt"": 0.0, ""xlai"": 0.0390414781868457, ""totir"": 0.0, ""tofer"": NaN, ""swfac"": 0.0, ""nstres"": 0.0}",0.0,0.0,23.600001335144043,0.0,0.0390414781868457,0.0,,0.0,0.0,0.0,180.0,47.25639038085937,47.25639038085937,Leave_One_experiments/all_year_offline_schedule_search/daily_outputs/LCA/LCA_2006_LCA2006_normal_grid_S0028_daily.csv
LCA,LCA,Luancheng,2006,Leave_One_experiments\wth_generated_qc\LCA\LCA2006.WTH,wet_year;nitrogen_stress_year;low_response_year,wet,LCA2006_normal_grid_S0028,pareto_balanced,2006-06-23,174,14,9,"{""sim_day"": 14.0, ""doy"": 174.0, ""topwt"": 36.08451128005981, ""grnwt"": 0.0, ""xlai"": 0.0721104443073272, ""totir"": 0.0, ""tofer"": NaN, ""swfac"": 0.0, ""nstres"": 0.0}",0.0,0.0,36.08451128005981,0.0,0.0721104443073272,0.0,,0.0,0.0,0.0,180.0,47.25639038085937,47.25639038085937,Leave_One_experiments/all_year_offline_schedule_search/daily_outputs/LCA/LCA_2006_LCA2006_normal_grid_S0028_daily.csv
LCA,LCA,Luancheng,2006,Leave_One_experiments\wth_generated_qc\LCA\LCA2006.WTH,wet_year;nitrogen_stress_year;low_response_year,wet,LCA2006_normal_grid_S0028,pareto_balanced,2006-06-24,175,15,10,"{""sim_day"": 15.0, ""doy"": 175.0, ""topwt"": 51.0037899017334, ""grnwt"": 0.0, ""xlai"": 0.1056098639965057, ""totir"": 0.0, ""tofer"": NaN, ""swfac"": 0.0, ""nstres"": 0.0}",0.0,0.0,51.0037899017334,0.0,0.1056098639965057,0.0,,0.0,0.0,0.0,180.0,47.25639038085937,47.25639038085937,Leave_One_experiments/all_year_offline_schedule_search/daily_outputs/LCA/LCA_2006_LCA2006_normal_grid_S0028_daily.csv
LCA,LCA,Luancheng,2006,Leave_One_experiments\wth_generated_qc\LCA\LCA2006.WTH,wet_year;nitrogen_stress_year;low_response_year,wet,LCA2006_normal_grid_S0028,pareto_balanced,2006-06-25,176,16,11,"{""sim_day"": 16.0, ""doy"": 176.0, ""topwt"": 72.71061897277832, ""grnwt"": 0.0, ""xlai"": 0.1499698758125305, ""totir"": 0.0, ""tofer"": NaN, ""swfac"": 0.0, ""nstres"": 0.0}",0.0,0.0,72.71061897277832,0.0,0.1499698758125305,0.0,,0.0,0.0,0.0,180.0,47.25639038085937,47.25639038085937,Leave_One_experiments/all_year_offline_schedule_search/daily_outputs/LCA/LCA_2006_LCA2006_normal_grid_S0028_daily.csv
LCA,LCA,Luancheng,2006,Leave_One_experiments\wth_generated_qc\LCA\LCA2006.WTH,wet_year;nitrogen_stress_year;low_response_year,wet,LCA2006_normal_grid_S0028,pareto_balanced,2006-06-26,177,17,12,"{""sim_day"": 17.0, ""doy"": 177.0, ""topwt"": 101.34719848632812, ""grnwt"": 0.0, ""xlai"": 0.2037331014871597, ""totir"": 0.0, ""tofer"": NaN, ""swfac"": 0.0, ""nstres"": 0.0}",0.0,0.0,101.34719848632812,0.0,0.2037331014871597,0.0,,0.0,0.0,0.0,180.0,47.25639038085937,47.25639038085937,Leave_One_experiments/all_year_offline_schedule_search/daily_outputs/LCA/LCA_2006_LCA2006_normal_grid_S0028_daily.csv
LCA,LCA,Luancheng,2006,Leave_One_experiments\wth_generated_qc\LCA\LCA2006.WTH,wet_year;nitrogen_stress_year;low_response_year,wet,LCA2006_normal_grid_S0028,pareto_balanced,2006-06-27,178,18,13,"{""sim_day"": 18.0, ""doy"": 178.0, ""topwt"": 130.98679542541504, ""grnwt"": 0.0, ""xlai"": 0.2556801736354828, ""totir"": 0.0, ""tofer"": NaN, ""swfac"": 0.0, ""nstres"": 0.0}",0.0,0.0,130.98679542541504,0.0,0.2556801736354828,0.0,,0.0,0.0,0.0,180.0,47.25639038085937,47.25639038085937,Leave_One_experiments/all_year_offline_schedule_search/daily_outputs/LCA/LCA_2006_LCA2006_normal_grid_S0028_daily.csv
LCA,LCA,Luancheng,2006,Leave_One_experiments\wth_generated_qc\LCA\LCA2006.WTH,wet_year;nitrogen_stress_year;low_response_year,wet,LCA2006_normal_grid_S0028,pareto_balanced,2006-06-28,179,19,14,"{""sim_day"": 19.0, ""doy"": 179.0, ""topwt"": 165.21245956420898, ""grnwt"": 0.0, ""xlai"": 0.3336997628211975, ""totir"": 0.0, ""tofer"": NaN, ""swfac"": 0.0, ""nstres"": 0.0}",0.0,0.0,165.21245956420898,0.0,0.3336997628211975,0.0,,0.0,0.0,0.0,180.0,47.25639038085937,47.25639038085937,Leave_One_experiments/all_year_offline_schedule_search/daily_outputs/LCA/LCA_2006_LCA2006_normal_grid_S0028_daily.csv
LCA,LCA,Luancheng,2006,Leave_One_experiments\wth_generated_qc\LCA\LCA2006.WTH,wet_year;nitrogen_stress_year;low_response_year,wet,LCA2006_normal_grid_S0028,pareto_balanced,2006-06-29,180,20,15,"{""sim_day"": 20.0, ""doy"": 180.0, ""topwt"": 217.01984405517575, ""grnwt"": 0.0, ""xlai"": 0.42038094997406, ""totir"": 0.0, ""tofer"": NaN, ""swfac"": 0.0, ""nstres"": 0.0066841840744018}",0.0,0.0066841840744018,217.01984405517575,0.0,0.42038094997406,0.0,,0.0,0.0,0.0,180.0,47.25639038085937,47.25639038085937,Leave_One_experiments/all_year_offline_schedule_search/daily_outputs/LCA/LCA_2006_LCA2006_normal_grid_S0028_daily.csv
LCA,LCA,Luancheng,2006,Leave_One_experiments\wth_generated_qc\LCA\LCA2006.WTH,wet_year;nitrogen_stress_year;low_response_year,wet,LCA2006_normal_grid_S0028,pareto_balanced,2006-06-30,181,21,16,"{""sim_day"": 21.0, ""doy"": 181.0, ""topwt"": 229.5689010620117, ""grnwt"": 0.0, ""xlai"": 0.4402216076850891, ""totir"": 0.0, ""tofer"": NaN, ""swfac"": 0.0, ""nstres"": 0.0}",0.0,0.0,229.5689010620117,0.0,0.4402216076850891,0.0,,0.0,0.0,0.0,180.0,47.25639038085937,47.25639038085937,Leave_One_experiments/all_year_offline_schedule_search/daily_outputs/LCA/LCA_2006_LCA2006_normal_grid_S0028_daily.csv
LCA,LCA,Luancheng,2006,Leave_One_experiments\wth_generated_qc\LCA\LCA2006.WTH,wet_year;nitrogen_stress_year;low_response_year,wet,LCA2006_normal_grid_S0028,pareto_balanced,2006-07-01,182,22,17,"{""sim_day"": 22.0, ""doy"": 182.0, ""topwt"": 257.6618766784668, ""grnwt"": 0.0, ""xlai"": 0.4843946099281311, ""totir"": 0.0, ""tofer"": NaN, ""swfac"": 0.0, ""nstres"": 0.0}",0.0,0.0,257.6618766784668,0.0,0.4843946099281311,0.0,,0.0,0.0,0.0,180.0,47.25639038085937,47.25639038085937,Leave_One_experiments/all_year_offline_schedule_search/daily_outputs/LCA/LCA_2006_LCA2006_normal_grid_S0028_daily.csv
LCA,LCA,Luancheng,2006,Leave_One_experiments\wth_generated_qc\LCA\LCA2006.WTH,wet_year;nitrogen_stress_year;low_response_year,wet,LCA2006_normal_grid_S0028,pareto_balanced,2006-07-02,183,23,18,"{""sim_day"": 23.0, ""doy"": 183.0, ""topwt"": 292.0327568054199, ""grnwt"": 0.0, ""xlai"": 0.5369482040405273, ""totir"": 0.0, ""tofer"": NaN, ""swfac"": 0.0, ""nstres"": 0.0}",0.0,0.0,292.0327568054199,0.0,0.5369482040405273,0.0,,0.0,0.0,0.0,180.0,47.25639038085937,47.25639038085937,Leave_One_experiments/all_year_offline_schedule_search/daily_outputs/LCA/LCA_2006_LCA2006_normal_grid_S0028_daily.csv
LCA,LCA,Luancheng,2006,Leave_One_experiments\wth_generated_qc\LCA\LCA2006.WTH,wet_year;nitrogen_stress_year;low_response_year,wet,LCA2006_normal_grid_S0028,pareto_balanced,2006-07-03,184,24,19,"{""sim_day"": 24.0, ""doy"": 184.0, ""topwt"": 385.00858306884766, ""grnwt"": 0.0, ""xlai"": 0.6739161014556885, ""totir"": 0.0, ""tofer"": NaN, ""swfac"": 0.0, ""nstres"": 0.0}",0.0,0.0,385.00858306884766,0.0,0.6739161014556885,0.0,,0.0,0.0,0.0,180.0,47.25639038085937,47.25639038085937,Leave_One_experiments/all_year_offline_schedule_search/daily_outputs/LCA/LCA_2006_LCA2006_normal_grid_S0028_daily.csv
LCA,LCA,Luancheng,2006,Leave_One_experiments\wth_generated_qc\LCA\LCA2006.WTH,wet_year;nitrogen_stress_year;low_response_year,wet,LCA2006_normal_grid_S0028,pareto_balanced,2006-07-04,185,25,20,"{""sim_day"": 25.0, ""doy"": 185.0, ""topwt"": 507.6474380493164, ""grnwt"": 0.0, ""xlai"": 0.8436883687973022, ""totir"": 0.0, ""tofer"": NaN, ""swfac"": 0.0, ""nstres"": 0.0}",0.0,0.0,507.6474380493164,0.0,0.8436883687973022,0.0,,0.0,0.0,0.0,180.0,47.25639038085937,47.25639038085937,Leave_One_experiments/all_year_offline_schedule_search/daily_outputs/LCA/LCA_2006_LCA2006_normal_grid_S0028_daily.csv
LCA,LCA,Luancheng,2006,Leave_One_experiments\wth_generated_qc\LCA\LCA2006.WTH,wet_year;nitrogen_stress_year;low_response_year,wet,LCA2006_normal_grid_S0028,pareto_balanced,2006-07-05,186,26,21,"{""sim_day"": 26.0, ""doy"": 186.0, ""topwt"": 655.7051849365234, ""grnwt"": 0.0, ""xlai"": 1.0395714044570925, ""totir"": 0.0, ""tofer"": NaN, ""swfac"": 0.0, ""nstres"": 0.0}",0.0,0.0,655.7051849365234,0.0,1.0395714044570925,0.0,,0.0,0.0,0.0,180.0,47.25639038085937,47.25639038085937,Leave_One_experiments/all_year_offline_schedule_search/daily_outputs/LCA/LCA_2006_LCA2006_normal_grid_S0028_daily.csv
LCA,LCA,Luancheng,2006,Leave_One_experiments\wth_generated_qc\LCA\LCA2006.WTH,wet_year;nitrogen_stress_year;low_response_year,wet,LCA2006_normal_grid_S0028,pareto_balanced,2006-07-06,187,27,22,"{""sim_day"": 27.0, ""doy"": 187.0, ""topwt"": 819.5143890380859, ""grnwt"": 0.0, ""xlai"": 1.2400285005569458, ""totir"": 0.0, ""tofer"": NaN, ""swfac"": 0.0, ""nstres"": 0.0}",0.0,0.0,819.5143890380859,0.0,1.2400285005569458,0.0,,0.0,0.0,0.0,180.0,47.25639038085937,47.25639038085937,Leave_One_experiments/all_year_offline_schedule_search/daily_outputs/LCA/LCA_2006_LCA2006_normal_grid_S0028_daily.csv
LCA,LCA,Luancheng,2006,Leave_One_experiments\wth_generated_qc\LCA\LCA2006.WTH,wet_year;nitrogen_stress_year;low_response_year,wet,LCA2006_normal_grid_S0028,pareto_balanced,2006-07-07,188,28,23,"{""sim_day"": 28.0, ""doy"": 188.0, ""topwt"": 996.9114685058594, ""grnwt"": 0.0, ""xlai"": 1.4401963949203491, ""totir"": 0.0, ""tofer"": NaN, ""swfac"": 0.0, ""nstres"": 0.0}",0.0,0.0,996.9114685058594,0.0,1.4401963949203491,0.0,,0.0,0.0,0.0,180.0,47.25639038085937,47.25639038085937,Leave_One_experiments/all_year_offline_schedule_search/daily_outputs/LCA/LCA_2006_LCA2006_normal_grid_S0028_daily.csv
LCA,LCA,Luancheng,2006,Leave_One_experiments\wth_generated_qc\LCA\LCA2006.WTH,wet_year;nitrogen_stress_year;low_response_year,wet,LCA2006_normal_grid_S0028,pareto_balanced,2006-07-08,189,29,24,"{""sim_day"": 29.0, ""doy"": 189.0, ""topwt"": 1121.0487365722656, ""grnwt"": 0.0, ""xlai"": 1.5694917440414429, ""totir"": 0.0, ""tofer"": NaN, ""swfac"": 0.0, ""nstres"": 0.0}",0.0,0.0,1121.0487365722656,0.0,1.5694917440414429,0.0,,0.0,0.0,0.0,180.0,47.25639038085937,47.25639038085937,Leave_One_experiments/all_year_offline_schedule_search/daily_outputs/LCA/LCA_2006_LCA2006_normal_grid_S0028_daily.csv
LCA,LCA,Luancheng,2006,Leave_One_experiments\wth_generated_qc\LCA\LCA2006.WTH,wet_year;nitrogen_stress_year;low_response_year,wet,LCA2006_normal_grid_S0028,pareto_balanced,2006-07-09,190,30,25,"{""sim_day"": 30.0, ""doy"": 190.0, ""topwt"": 1299.9806213378906, ""grnwt"": 0.0, ""xlai"": 1.7412177324295044, ""totir"": 0.0, ""tofer"": NaN, ""swfac"": 0.0, ""nstres"": 0.0}",0.0,0.0,1299.9806213378906,0.0,1.7412177324295044,0.0,,0.0,0.0,0.0,180.0,47.25639038085937,47.25639038085937,Leave_One_experiments/all_year_offline_schedule_search/daily_outputs/LCA/LCA_2006_LCA2006_normal_grid_S0028_daily.csv
LCA,LCA,Luancheng,2006,Leave_One_experiments\wth_generated_qc\LCA\LCA2006.WTH,wet_year;nitrogen_stress_year;low_response_year,wet,LCA2006_normal_grid_S0028,pareto_balanced,2006-07-10,191,31,26,"{""sim_day"": 31.0, ""doy"": 191.0, ""topwt"": 1524.2149353027344, ""grnwt"": 0.0, ""xlai"": 1.938109755516052, ""totir"": 0.0, ""tofer"": NaN, ""swfac"": 0.0, ""nstres"": 0.0}",0.0,0.0,1524.2149353027344,0.0,1.938109755516052,0.0,,0.0,0.0,0.0,180.0,47.25639038085937,47.25639038085937,Leave_One_experiments/all_year_offline_schedule_search/daily_outputs/LCA/LCA_2006_LCA2006_normal_grid_S0028_daily.csv
LCA,LCA,Luancheng,2006,Leave_One_experiments\wth_generated_qc\LCA\LCA2006.WTH,wet_year;nitrogen_stress_year;low_response_year,wet,LCA2006_normal_grid_S0028,pareto_balanced,2006-07-11,192,32,27,"{""sim_day"": 32.0, ""doy"": 192.0, ""topwt"": 1754.788818359375, ""grnwt"": 0.0, ""xlai"": 2.121856451034546, ""totir"": 0.0, ""tofer"": NaN, ""swfac"": 0.0, ""nstres"": 0.0}",0.0,0.0,1754.788818359375,0.0,2.121856451034546,0.0,,0.0,0.0,0.0,180.0,47.25639038085937,47.25639038085937,Leave_One_experiments/all_year_offline_schedule_search/daily_outputs/LCA/LCA_2006_LCA2006_normal_grid_S0028_daily.csv
LCA,LCA,Luancheng,2006,Leave_One_experiments\wth_generated_qc\LCA\LCA2006.WTH,wet_year;nitrogen_stress_year;low_response_year,wet,LCA2006_normal_grid_S0028,pareto_balanced,2006-07-12,193,33,28,"{""sim_day"": 33.0, ""doy"": 193.0, ""topwt"": 1966.7686462402344, ""grnwt"": 0.0, ""xlai"": 2.2760324478149414, ""totir"": 0.0, ""tofer"": NaN, ""swfac"": 0.0, ""nstres"": 0.0}",0.0,0.0,1966.7686462402344,0.0,2.2760324478149414,0.0,,0.0,0.0,0.0,180.0,47.25639038085937,47.25639038085937,Leave_One_experiments/all_year_offline_schedule_search/daily_outputs/LCA/LCA_2006_LCA2006_normal_grid_S0028_daily.csv
LCA,LCA,Luancheng,2006,Leave_One_experiments\wth_generated_qc\LCA\LCA2006.WTH,wet_year;nitrogen_stress_year;low_response_year,wet,LCA2006_normal_grid_S0028,pareto_balanced,2006-07-13,194,34,29,"{""sim_day"": 34.0, ""doy"": 194.0, ""topwt"": 2067.31689453125, ""grnwt"": 0.0, ""xlai"": 2.3432507514953613, ""totir"": 0.0, ""tofer"": NaN, ""swfac"": 0.0, ""nstres"": 0.0}",0.0,0.0,2067.31689453125,0.0,2.3432507514953613,0.0,,0.0,0.0,0.0,180.0,47.25639038085937,47.25639038085937,Leave_One_experiments/all_year_offline_schedule_search/daily_outputs/LCA/LCA_2006_LCA2006_normal_grid_S0028_daily.csv
LCA,LCA,Luancheng,2006,Leave_One_experiments\wth_generated_qc\LCA\LCA2006.WTH,wet_year;nitrogen_stress_year;low_response_year,wet,LCA2006_normal_grid_S0028,pareto_balanced,2006-07-14,195,35,30,"{""sim_day"": 35.0, ""doy"": 195.0, ""topwt"": 2346.9705200195312, ""grnwt"": 0.0, ""xlai"": 2.514810562133789, ""totir"": 0.0, ""tofer"": NaN, ""swfac"": 0.0, ""nstres"": 0.0}",0.0,0.0,2346.9705200195312,0.0,2.514810562133789,0.0,,0.0,50.0,0.0,180.0,47.25639038085937,47.25639038085937,Leave_One_experiments/all_year_offline_schedule_search/daily_outputs/LCA/LCA_2006_LCA2006_normal_grid_S0028_daily.csv
LCA,LCA,Luancheng,2006,Leave_One_experiments\wth_generated_qc\LCA\LCA2006.WTH,wet_year;nitrogen_stress_year;low_response_year,wet,LCA2006_normal_grid_S0028,pareto_balanced,2006-07-15,196,36,31,"{""sim_day"": 36.0, ""doy"": 196.0, ""topwt"": 2600.829162597656, ""grnwt"": 0.0, ""xlai"": 2.656357765197754, ""totir"": 0.0, ""tofer"": NaN, ""swfac"": 0.0, ""nstres"": 0.0}",0.0,0.0,2600.829162597656,0.0,2.656357765197754,0.0,,0.0,0.0,0.0,180.0,47.25639038085937,47.25639038085937,Leave_One_experiments/all_year_offline_schedule_search/daily_outputs/LCA/LCA_2006_LCA2006_normal_grid_S0028_daily.csv
LCA,LCA,Luancheng,2006,Leave_One_experiments\wth_generated_qc\LCA\LCA2006.WTH,wet_year;nitrogen_stress_year;low_response_year,wet,LCA2006_normal_grid_S0028,pareto_balanced,2006-07-16,197,37,32,"{""sim_day"": 37.0, ""doy"": 197.0, ""topwt"": 2947.9461669921875, ""grnwt"": 0.0, ""xlai"": 2.8337883949279785, ""totir"": 0.0, ""tofer"": NaN, ""swfac"": 0.0, ""nstres"": 0.0}",0.0,0.0,2947.9461669921875,0.0,2.8337883949279785,0.0,,0.0,0.0,0.0,180.0,47.25639038085937,47.25639038085937,Leave_One_experiments/all_year_offline_schedule_search/daily_outputs/LCA/LCA_2006_LCA2006_normal_grid_S0028_daily.csv
LCA,LCA,Luancheng,2006,Leave_One_experiments\wth_generated_qc\LCA\LCA2006.WTH,wet_year;nitrogen_stress_year;low_response_year,wet,LCA2006_normal_grid_S0028,pareto_balanced,2006-07-17,198,38,33,"{""sim_day"": 38.0, ""doy"": 198.0, ""topwt"": 2987.1942138671875, ""grnwt"": 0.0, ""xlai"": 2.8522696495056152, ""totir"": 0.0, ""tofer"": NaN, ""swfac"": 0.0, ""nstres"": 0.0}",0.0,0.0,2987.1942138671875,0.0,2.8522696495056152,0.0,,0.0,0.0,0.0,180.0,47.25639038085937,47.25639038085937,Leave_One_experiments/all_year_offline_schedule_search/daily_outputs/LCA/LCA_2006_LCA2006_normal_grid_S0028_daily.csv
LCA,LCA,Luancheng,2006,Leave_One_experiments\wth_generated_qc\LCA\LCA2006.WTH,wet_year;nitrogen_stress_year;low_response_year,wet,LCA2006_normal_grid_S0028,pareto_balanced,2006-07-18,199,39,34,"{""sim_day"": 39.0, ""doy"": 199.0, ""topwt"": 3210.619506835937, ""grnwt"": 0.0, ""xlai"": 2.951561689376831, ""totir"": 0.0, ""tofer"": NaN, ""swfac"": 0.0, ""nstres"": 0.0}",0.0,0.0,3210.619506835937,0.0,2.951561689376831,0.0,,0.0,0.0,0.0,180.0,47.25639038085937,47.25639038085937,Leave_One_experiments/all_year_offline_schedule_search/daily_outputs/LCA/LCA_2006_LCA2006_normal_grid_S0028_daily.csv
LCA,LCA,Luancheng,2006,Leave_One_experiments\wth_generated_qc\LCA\LCA2006.WTH,wet_year;nitrogen_stress_year;low_response_year,wet,LCA2006_normal_grid_S0028,pareto_balanced,2006-07-19,200,40,35,"{""sim_day"": 40.0, ""doy"": 200.0, ""topwt"": 3565.43701171875, ""grnwt"": 0.0, ""xlai"": 3.096980094909668, ""totir"": 0.0, ""tofer"": NaN, ""swfac"": 0.0, ""nstres"": 0.0}",0.0,0.0,3565.43701171875,0.0,3.096980094909668,0.0,,0.0,0.0,0.0,180.0,47.25639038085937,47.25639038085937,Leave_One_experiments/all_year_offline_schedule_search/daily_outputs/LCA/LCA_2006_LCA2006_normal_grid_S0028_daily.csv
LCA,LCA,Luancheng,2006,Leave_One_experiments\wth_generated_qc\LCA\LCA2006.WTH,wet_year;nitrogen_stress_year;low_response_year,wet,LCA2006_normal_grid_S0028,pareto_balanced,2006-07-20,201,41,36,"{""sim_day"": 41.0, ""doy"": 201.0, ""topwt"": 3952.3910522460938, ""grnwt"": 0.0, ""xlai"": 3.271941661834717, ""totir"": 0.0, ""tofer"": NaN, ""swfac"": 0.0, ""nstres"": 0.0}",0.0,0.0,3952.3910522460938,0.0,3.271941661834717,0.0,,0.0,0.0,0.0,180.0,47.25639038085937,47.25639038085937,Leave_One_experiments/all_year_offline_schedule_search/daily_outputs/LCA/LCA_2006_LCA2006_normal_grid_S0028_daily.csv
LCA,LCA,Luancheng,2006,Leave_One_experiments\wth_generated_qc\LCA\LCA2006.WTH,wet_year;nitrogen_stress_year;low_response_year,wet,LCA2006_normal_grid_S0028,pareto_balanced,2006-07-21,202,42,37,"{""sim_day"": 42.0, ""doy"": 202.0, ""topwt"": 4243.316040039063, ""grnwt"": 0.0, ""xlai"": 3.379411220550537, ""totir"": 0.0, ""tofer"": NaN, ""swfac"": 0.0, ""nstres"": 0.0}",0.0,0.0,4243.316040039063,0.0,3.379411220550537,0.0,,0.0,0.0,0.0,180.0,47.25639038085937,47.25639038085937,Leave_One_experiments/all_year_offline_schedule_search/daily_outputs/LCA/LCA_2006_LCA2006_normal_grid_S0028_daily.csv
LCA,LCA,Luancheng,2006,Leave_One_experiments\wth_generated_qc\LCA\LCA2006.WTH,wet_year;nitrogen_stress_year;low_response_year,wet,LCA2006_normal_grid_S0028,pareto_balanced,2006-07-22,203,43,38,"{""sim_day"": 43.0, ""doy"": 203.0, ""topwt"": 4520.946960449219, ""grnwt"": 0.0, ""xlai"": 3.4699599742889404, ""totir"": 0.0, ""tofer"": NaN, ""swfac"": 0.0, ""nstres"": 0.0}",0.0,0.0,4520.946960449219,0.0,3.4699599742889404,0.0,,0.0,0.0,0.0,180.0,47.25639038085937,47.25639038085937,Leave_One_experiments/all_year_offline_schedule_search/daily_outputs/LCA/LCA_2006_LCA2006_normal_grid_S0028_daily.csv
LCA,LCA,Luancheng,2006,Leave_One_experiments\wth_generated_qc\LCA\LCA2006.WTH,wet_year;nitrogen_stress_year;low_response_year,wet,LCA2006_normal_grid_S0028,pareto_balanced,2006-07-23,204,44,39,"{""sim_day"": 44.0, ""doy"": 204.0, ""topwt"": 4730.337524414063, ""grnwt"": 0.0, ""xlai"": 3.532660007476806, ""totir"": 0.0, ""tofer"": NaN, ""swfac"": 0.0, ""nstres"": 0.0}",0.0,0.0,4730.337524414063,0.0,3.532660007476806,0.0,,0.0,0.0,0.0,180.0,47.25639038085937,47.25639038085937,Leave_One_experiments/all_year_offline_schedule_search/daily_outputs/LCA/LCA_2006_LCA2006_normal_grid_S0028_daily.csv
LCA,LCA,Luancheng,2006,Leave_One_experiments\wth_generated_qc\LCA\LCA2006.WTH,wet_year;nitrogen_stress_year;low_response_year,wet,LCA2006_normal_grid_S0028,pareto_balanced,2006-07-24,205,45,40,"{""sim_day"": 45.0, ""doy"": 205.0, ""topwt"": 4800.025939941406, ""grnwt"": 0.0, ""xlai"": 3.552090644836426, ""totir"": 0.0, ""tofer"": NaN, ""swfac"": 0.0, ""nstres"": 0.0}",0.0,0.0,4800.025939941406,0.0,3.552090644836426,0.0,,0.0,0.0,0.0,180.0,47.25639038085937,47.25639038085937,Leave_One_experiments/all_year_offline_schedule_search/daily_outputs/LCA/LCA_2006_LCA2006_normal_grid_S0028_daily.csv
LCA,LCA,Luancheng,2006,Leave_One_experiments\wth_generated_qc\LCA\LCA2006.WTH,wet_year;nitrogen_stress_year;low_response_year,wet,LCA2006_normal_grid_S0028,pareto_balanced,2006-07-25,206,46,41,"{""sim_day"": 46.0, ""doy"": 206.0, ""topwt"": 4924.332580566406, ""grnwt"": 0.0, ""xlai"": 3.585366725921631, ""totir"": 0.0, ""tofer"": NaN, ""swfac"": 0.0, ""nstres"": 0.0}",0.0,0.0,4924.332580566406,0.0,3.585366725921631,0.0,,0.0,0.0,0.0,180.0,47.25639038085937,47.25639038085937,Leave_One_experiments/all_year_offline_schedule_search/daily_outputs/LCA/LCA_2006_LCA2006_normal_grid_S0028_daily.csv
LCA,LCA,Luancheng,2006,Leave_One_experiments\wth_generated_qc\LCA\LCA2006.WTH,wet_year;nitrogen_stress_year;low_response_year,wet,LCA2006_normal_grid_S0028,pareto_balanced,2006-07-26,207,47,42,"{""sim_day"": 47.0, ""doy"": 207.0, ""topwt"": 5228.7060546875, ""grnwt"": 0.0, ""xlai"": 3.662867784500122, ""totir"": 0.0, ""tofer"": NaN, ""swfac"": 0.0, ""nstres"": 0.0}",0.0,0.0,5228.7060546875,0.0,3.662867784500122,0.0,,0.0,0.0,0.0,180.0,47.25639038085937,47.25639038085937,Leave_One_experiments/all_year_offline_schedule_search/daily_outputs/LCA/LCA_2006_LCA2006_normal_grid_S0028_daily.csv
LCA,LCA,Luancheng,2006,Leave_One_experiments\wth_generated_qc\LCA\LCA2006.WTH,wet_year;nitrogen_stress_year;low_response_year,wet,LCA2006_normal_grid_S0028,pareto_balanced,2006-07-27,208,48,43,"{""sim_day"": 48.0, ""doy"": 208.0, ""topwt"": 5491.9805908203125, ""grnwt"": 0.0, ""xlai"": 3.7261691093444815, ""totir"": 0.0, ""tofer"": NaN, ""swfac"": 0.0, ""nstres"": 0.0}",0.0,0.0,5491.9805908203125,0.0,3.7261691093444815,0.0,,0.0,0.0,0.0,180.0,47.25639038085937,47.25639038085937,Leave_One_experiments/all_year_offline_schedule_search/daily_outputs/LCA/LCA_2006_LCA2006_normal_grid_S0028_daily.csv
LCA,LCA,Luancheng,2006,Leave_One_experiments\wth_generated_qc\LCA\LCA2006.WTH,wet_year;nitrogen_stress_year;low_response_year,wet,LCA2006_normal_grid_S0028,pareto_balanced,2006-07-28,209,49,44,"{""sim_day"": 49.0, ""doy"": 209.0, ""topwt"": 5782.857055664063, ""grnwt"": 0.0, ""xlai"": 3.796060085296631, ""totir"": 0.0, ""tofer"": NaN, ""swfac"": 0.0, ""nstres"": 0.0}",0.0,0.0,5782.857055664063,0.0,3.796060085296631,0.0,,0.0,0.0,0.0,180.0,47.25639038085937,47.25639038085937,Leave_One_experiments/all_year_offline_schedule_search/daily_outputs/LCA/LCA_2006_LCA2006_normal_grid_S0028_daily.csv
LCA,LCA,Luancheng,2006,Leave_One_experiments\wth_generated_qc\LCA\LCA2006.WTH,wet_year;nitrogen_stress_year;low_response_year,wet,LCA2006_normal_grid_S0028,pareto_balanced,2006-07-29,210,50,45,"{""sim_day"": 50.0, ""doy"": 210.0, ""topwt"": 6103.370361328125, ""grnwt"": 0.0, ""xlai"": 3.8730084896087646, ""totir"": 0.0, ""tofer"": NaN, ""swfac"": 0.0, ""nstres"": 0.0}",0.0,0.0,6103.370361328125,0.0,3.8730084896087646,0.0,,0.0,0.0,0.0,180.0,47.25639038085937,47.25639038085937,Leave_One_experiments/all_year_offline_schedule_search/daily_outputs/LCA/LCA_2006_LCA2006_normal_grid_S0028_daily.csv
LCA,LCA,Luancheng,2006,Leave_One_experiments\wth_generated_qc\LCA\LCA2006.WTH,wet_year;nitrogen_stress_year;low_response_year,wet,LCA2006_normal_grid_S0028,pareto_balanced,2006-07-30,211,51,46,"{""sim_day"": 51.0, ""doy"": 211.0, ""topwt"": 6285.4229736328125, ""grnwt"": 0.0, ""xlai"": 3.916504621505737, ""totir"": 0.0, ""tofer"": NaN, ""swfac"": 0.0, ""nstres"": 0.0}",0.0,0.0,6285.4229736328125,0.0,3.916504621505737,0.0,,0.0,0.0,0.0,180.0,47.25639038085937,47.25639038085937,Leave_One_experiments/all_year_offline_schedule_search/daily_outputs/LCA/LCA_2006_LCA2006_normal_grid_S0028_daily.csv
LCA,LCA,Luancheng,2006,Leave_One_experiments\wth_generated_qc\LCA\LCA2006.WTH,wet_year;nitrogen_stress_year;low_response_year,wet,LCA2006_normal_grid_S0028,pareto_balanced,2006-07-31,212,52,47,"{""sim_day"": 52.0, ""doy"": 212.0, ""topwt"": 6681.7169189453125, ""grnwt"": 0.0, ""xlai"": 3.738037347793579, ""totir"": 0.0, ""tofer"": NaN, ""swfac"": 0.0, ""nstres"": 0.0}",0.0,0.0,6681.7169189453125,0.0,3.738037347793579,0.0,,0.0,0.0,0.0,180.0,47.25639038085937,47.25639038085937,Leave_One_experiments/all_year_offline_schedule_search/daily_outputs/LCA/LCA_2006_LCA2006_normal_grid_S0028_daily.csv
LCA,LCA,Luancheng,2006,Leave_One_experiments\wth_generated_qc\LCA\LCA2006.WTH,wet_year;nitrogen_stress_year;low_response_year,wet,LCA2006_normal_grid_S0028,pareto_balanced,2006-08-01,213,53,48,"{""sim_day"": 53.0, ""doy"": 213.0, ""topwt"": 6973.0767822265625, ""grnwt"": 0.0, ""xlai"": 3.721060752868652, ""totir"": 0.0, ""tofer"": NaN, ""swfac"": 0.0, ""nstres"": 0.0}",0.0,0.0,6973.0767822265625,0.0,3.721060752868652,0.0,,0.0,0.0,0.0,180.0,47.25639038085937,47.25639038085937,Leave_One_experiments/all_year_offline_schedule_search/daily_outputs/LCA/LCA_2006_LCA2006_normal_grid_S0028_daily.csv
LCA,LCA,Luancheng,2006,Leave_One_experiments\wth_generated_qc\LCA\LCA2006.WTH,wet_year;nitrogen_stress_year;low_response_year,wet,LCA2006_normal_grid_S0028,pareto_balanced,2006-08-02,214,54,49,"{""sim_day"": 54.0, ""doy"": 214.0, ""topwt"": 7030.827026367188, ""grnwt"": 0.0, ""xlai"": 3.7054131031036377, ""totir"": 0.0, ""tofer"": NaN, ""swfac"": 0.0, ""nstres"": 0.0}",0.0,0.0,7030.827026367188,0.0,3.7054131031036377,0.0,,0.0,0.0,0.0,180.0,47.25639038085937,47.25639038085937,Leave_One_experiments/all_year_offline_schedule_search/daily_outputs/LCA/LCA_2006_LCA2006_normal_grid_S0028_daily.csv
LCA,LCA,Luancheng,2006,Leave_One_experiments\wth_generated_qc\LCA\LCA2006.WTH,wet_year;nitrogen_stress_year;low_response_year,wet,LCA2006_normal_grid_S0028,pareto_balanced,2006-08-03,215,55,50,"{""sim_day"": 55.0, ""doy"": 215.0, ""topwt"": 7236.2432861328125, ""grnwt"": 0.0, ""xlai"": 3.688091993331909, ""totir"": 0.0, ""tofer"": NaN, ""swfac"": 0.0, ""nstres"": 0.0}",0.0,0.0,7236.2432861328125,0.0,3.688091993331909,0.0,,0.0,0.0,0.0,180.0,47.25639038085937,47.25639038085937,Leave_One_experiments/all_year_offline_schedule_search/daily_outputs/LCA/LCA_2006_LCA2006_normal_grid_S0028_daily.csv
LCA,LCA,Luancheng,2006,Leave_One_experiments\wth_generated_qc\LCA\LCA2006.WTH,wet_year;nitrogen_stress_year;low_response_year,wet,LCA2006_normal_grid_S0028,pareto_balanced,2006-08-04,216,56,51,"{""sim_day"": 56.0, ""doy"": 216.0, ""topwt"": 7494.696655273437, ""grnwt"": 0.0, ""xlai"": 3.670525312423706, ""totir"": 0.0, ""tofer"": NaN, ""swfac"": 0.0, ""nstres"": 0.0}",0.0,0.0,7494.696655273437,0.0,3.670525312423706,0.0,,0.0,0.0,0.0,180.0,47.25639038085937,47.25639038085937,Leave_One_experiments/all_year_offline_schedule_search/daily_outputs/LCA/LCA_2006_LCA2006_normal_grid_S0028_daily.csv
LCA,LCA,Luancheng,2006,Leave_One_experiments\wth_generated_qc\LCA\LCA2006.WTH,wet_year;nitrogen_stress_year;low_response_year,wet,LCA2006_normal_grid_S0028,pareto_balanced,2006-08-05,217,57,52,"{""sim_day"": 57.0, ""doy"": 217.0, ""topwt"": 7789.683837890625, ""grnwt"": 0.0, ""xlai"": 3.652466297149658, ""totir"": 0.0, ""tofer"": NaN, ""swfac"": 0.0, ""nstres"": 0.0}",0.0,0.0,7789.683837890625,0.0,3.652466297149658,0.0,,0.0,0.0,0.0,180.0,47.25639038085937,47.25639038085937,Leave_One_experiments/all_year_offline_schedule_search/daily_outputs/LCA/LCA_2006_LCA2006_normal_grid_S0028_daily.csv
LCA,LCA,Luancheng,2006,Leave_One_experiments\wth_generated_qc\LCA\LCA2006.WTH,wet_year;nitrogen_stress_year;low_response_year,wet,LCA2006_normal_grid_S0028,pareto_balanced,2006-08-06,218,58,53,"{""sim_day"": 58.0, ""doy"": 218.0, ""topwt"": 8043.14697265625, ""grnwt"": 0.0, ""xlai"": 3.633472681045532, ""totir"": 0.0, ""tofer"": NaN, ""swfac"": 0.0, ""nstres"": 0.0}",0.0,0.0,8043.14697265625,0.0,3.633472681045532,0.0,,0.0,0.0,0.0,180.0,47.25639038085937,47.25639038085937,Leave_One_experiments/all_year_offline_schedule_search/daily_outputs/LCA/LCA_2006_LCA2006_normal_grid_S0028_daily.csv
LCA,LCA,Luancheng,2006,Leave_One_experiments\wth_generated_qc\LCA\LCA2006.WTH,wet_year;nitrogen_stress_year;low_response_year,wet,LCA2006_normal_grid_S0028,pareto_balanced,2006-08-07,219,59,54,"{""sim_day"": 59.0, ""doy"": 219.0, ""topwt"": 8318.292236328125, ""grnwt"": 0.0, ""xlai"": 3.613789796829224, ""totir"": 0.0, ""tofer"": NaN, ""swfac"": 0.0, ""nstres"": 0.0}",0.0,0.0,8318.292236328125,0.0,3.613789796829224,0.0,,0.0,0.0,0.0,180.0,47.25639038085937,47.25639038085937,Leave_One_experiments/all_year_offline_schedule_search/daily_outputs/LCA/LCA_2006_LCA2006_normal_grid_S0028_daily.csv
LCA,LCA,Luancheng,2006,Leave_One_experiments\wth_generated_qc\LCA\LCA2006.WTH,wet_year;nitrogen_stress_year;low_response_year,wet,LCA2006_normal_grid_S0028,pareto_balanced,2006-08-08,220,60,55,"{""sim_day"": 60.0, ""doy"": 220.0, ""topwt"": 8457.766723632812, ""grnwt"": 0.0, ""xlai"": 3.592778444290161, ""totir"": 0.0, ""tofer"": NaN, ""swfac"": 0.0, ""nstres"": 0.0}",0.0,0.0,8457.766723632812,0.0,3.592778444290161,0.0,,0.0,0.0,0.0,180.0,47.25639038085937,47.25639038085937,Leave_One_experiments/all_year_offline_schedule_search/daily_outputs/LCA/LCA_2006_LCA2006_normal_grid_S0028_daily.csv
LCA,LCA,Luancheng,2006,Leave_One_experiments\wth_generated_qc\LCA\LCA2006.WTH,wet_year;nitrogen_stress_year;low_response_year,wet,LCA2006_normal_grid_S0028,pareto_balanced,2006-08-09,221,61,56,"{""sim_day"": 61.0, ""doy"": 221.0, ""topwt"": 8689.461669921875, ""grnwt"": 231.6946220397949, ""xlai"": 3.512451410293579, ""totir"": 0.0, ""tofer"": NaN, ""swfac"": 0.0, ""nstres"": 0.0}",0.0,0.0,8689.461669921875,231.6946220397949,3.512451410293579,0.0,,0.0,0.0,0.0,180.0,47.25639038085937,47.25639038085937,Leave_One_experiments/all_year_offline_schedule_search/daily_outputs/LCA/LCA_2006_LCA2006_normal_grid_S0028_daily.csv
LCA,LCA,Luancheng,2006,Leave_One_experiments\wth_generated_qc\LCA\LCA2006.WTH,wet_year;nitrogen_stress_year;low_response_year,wet,LCA2006_normal_grid_S0028,pareto_balanced,2006-08-10,222,62,57,"{""sim_day"": 62.0, ""doy"": 222.0, ""topwt"": 8908.18115234375, ""grnwt"": 450.41431427001953, ""xlai"": 3.4996533393859863, ""totir"": 0.0, ""tofer"": NaN, ""swfac"": 0.0, ""nstres"": 0.0}",0.0,0.0,8908.18115234375,450.41431427001953,3.4996533393859863,0.0,,0.0,0.0,0.0,180.0,47.25639038085937,47.25639038085937,Leave_One_experiments/all_year_offline_schedule_search/daily_outputs/LCA/LCA_2006_LCA2006_normal_grid_S0028_daily.csv
LCA,LCA,Luancheng,2006,Leave_One_experiments\wth_generated_qc\LCA\LCA2006.WTH,wet_year;nitrogen_stress_year;low_response_year,wet,LCA2006_normal_grid_S0028,pareto_balanced,2006-08-11,223,63,58,"{""sim_day"": 63.0, ""doy"": 223.0, ""topwt"": 9102.804565429688, ""grnwt"": 645.037841796875, ""xlai"": 3.483295202255249, ""totir"": 0.0, ""tofer"": NaN, ""swfac"": 0.0, ""nstres"": 0.0}",0.0,0.0,9102.804565429688,645.037841796875,3.483295202255249,0.0,,0.0,0.0,0.0,180.0,47.25639038085937,47.25639038085937,Leave_One_experiments/all_year_offline_schedule_search/daily_outputs/LCA/LCA_2006_LCA2006_normal_grid_S0028_daily.csv
LCA,LCA,Luancheng,2006,Leave_One_experiments\wth_generated_qc\LCA\LCA2006.WTH,wet_year;nitrogen_stress_year;low_response_year,wet,LCA2006_normal_grid_S0028,pareto_balanced,2006-08-12,224,64,59,"{""sim_day"": 64.0, ""doy"": 224.0, ""topwt"": 9290.013427734377, ""grnwt"": 832.2470092773438, ""xlai"": 3.463209390640259, ""totir"": 0.0, ""tofer"": NaN, ""swfac"": 0.0, ""nstres"": 0.0}",0.0,0.0,9290.013427734377,832.2470092773438,3.463209390640259,0.0,,0.0,0.0,0.0,180.0,47.25639038085937,47.25639038085937,Leave_One_experiments/all_year_offline_schedule_search/daily_outputs/LCA/LCA_2006_LCA2006_normal_grid_S0028_daily.csv
LCA,LCA,Luancheng,2006,Leave_One_experiments\wth_generated_qc\LCA\LCA2006.WTH,wet_year;nitrogen_stress_year;low_response_year,wet,LCA2006_normal_grid_S0028,pareto_balanced,2006-08-13,225,65,60,"{""sim_day"": 65.0, ""doy"": 225.0, ""topwt"": 9418.278198242188, ""grnwt"": 1128.816146850586, ""xlai"": 3.4456896781921387, ""totir"": 0.0, ""tofer"": NaN, ""swfac"": 0.0, ""nstres"": 0.0}",0.0,0.0,9418.278198242188,1128.816146850586,3.4456896781921387,0.0,,0.0,50.0,0.0,180.0,47.25639038085937,47.25639038085937,Leave_One_experiments/all_year_offline_schedule_search/daily_outputs/LCA/LCA_2006_LCA2006_normal_grid_S0028_daily.csv
LCA,LCA,Luancheng,2006,Leave_One_experiments\wth_generated_qc\LCA\LCA2006.WTH,wet_year;nitrogen_stress_year;low_response_year,wet,LCA2006_normal_grid_S0028,pareto_balanced,2006-08-14,226,66,61,"{""sim_day"": 66.0, ""doy"": 226.0, ""topwt"": 9758.736572265623, ""grnwt"": 1425.385284423828, ""xlai"": 3.4229166507720947, ""totir"": 0.0, ""tofer"": NaN, ""swfac"": 0.0, ""nstres"": 0.0}",0.0,0.0,9758.736572265623,1425.385284423828,3.4229166507720947,0.0,,0.0,0.0,0.0,180.0,47.25639038085937,47.25639038085937,Leave_One_experiments/all_year_offline_schedule_search/daily_outputs/LCA/LCA_2006_LCA2006_normal_grid_S0028_daily.csv
LCA,LCA,Luancheng,2006,Leave_One_experiments\wth_generated_qc\LCA\LCA2006.WTH,wet_year;nitrogen_stress_year;low_response_year,wet,LCA2006_normal_grid_S0028,pareto_balanced,2006-08-15,227,67,62,"{""sim_day"": 67.0, ""doy"": 227.0, ""topwt"": 10107.614135742188, ""grnwt"": 1721.9544982910156, ""xlai"": 3.3969147205352783, ""totir"": 0.0, ""tofer"": NaN, ""swfac"": 0.0, ""nstres"": 0.0}",0.0,0.0,10107.614135742188,1721.9544982910156,3.3969147205352783,0.0,,0.0,0.0,0.0,180.0,47.25639038085937,47.25639038085937,Leave_One_experiments/all_year_offline_schedule_search/daily_outputs/LCA/LCA_2006_LCA2006_normal_grid_S0028_daily.csv
LCA,LCA,Luancheng,2006,Leave_One_experiments\wth_generated_qc\LCA\LCA2006.WTH,wet_year;nitrogen_stress_year;low_response_year,wet,LCA2006_normal_grid_S0028,pareto_balanced,2006-08-16,228,68,63,"{""sim_day"": 68.0, ""doy"": 228.0, ""topwt"": 10405.826416015623, ""grnwt"": 2018.5237121582031, ""xlai"": 3.368008136749268, ""totir"": 0.0, ""tofer"": NaN, ""swfac"": 0.0, ""nstres"": 0.0}",0.0,0.0,10405.826416015623,2018.5237121582031,3.368008136749268,0.0,,0.0,0.0,0.0,180.0,47.25639038085937,47.25639038085937,Leave_One_experiments/all_year_offline_schedule_search/daily_outputs/LCA/LCA_2006_LCA2006_normal_grid_S0028_daily.csv
LCA,LCA,Luancheng,2006,Leave_One_experiments\wth_generated_qc\LCA\LCA2006.WTH,wet_year;nitrogen_stress_year;low_response_year,wet,LCA2006_normal_grid_S0028,pareto_balanced,2006-08-17,229,69,64,"{""sim_day"": 69.0, ""doy"": 229.0, ""topwt"": 10738.475341796877, ""grnwt"": 2315.0927734375, ""xlai"": 3.3348405361175537, ""totir"": 0.0, ""tofer"": NaN, ""swfac"": 0.0, ""nstres"": 0.0}",0.0,0.0,10738.475341796877,2315.0927734375,3.3348405361175537,0.0,,0.0,0.0,0.0,180.0,47.25639038085937,47.25639038085937,Leave_One_experiments/all_year_offline_schedule_search/daily_outputs/LCA/LCA_2006_LCA2006_normal_grid_S0028_daily.csv
LCA,LCA,Luancheng,2006,Leave_One_experiments\wth_generated_qc\LCA\LCA2006.WTH,wet_year;nitrogen_stress_year;low_response_year,wet,LCA2006_normal_grid_S0028,pareto_balanced,2006-08-18,230,70,65,"{""sim_day"": 70.0, ""doy"": 230.0, ""topwt"": 11069.4287109375, ""grnwt"": 2611.6619873046875, ""xlai"": 3.300840139389038, ""totir"": 0.0, ""tofer"": NaN, ""swfac"": 0.0, ""nstres"": 0.0}",0.0,0.0,11069.4287109375,2611.6619873046875,3.300840139389038,0.0,,0.0,0.0,0.0,180.0,47.25639038085937,47.25639038085937,Leave_One_experiments/all_year_offline_schedule_search/daily_outputs/LCA/LCA_2006_LCA2006_normal_grid_S0028_daily.csv
LCA,LCA,Luancheng,2006,Leave_One_experiments\wth_generated_qc\LCA\LCA2006.WTH,wet_year;nitrogen_stress_year;low_response_year,wet,LCA2006_normal_grid_S0028,pareto_balanced,2006-08-19,231,71,66,"{""sim_day"": 71.0, ""doy"": 231.0, ""topwt"": 11273.037109375, ""grnwt"": 2908.231201171875, ""xlai"": 3.259300947189331, ""totir"": 0.0, ""tofer"": NaN, ""swfac"": 0.0, ""nstres"": 0.0}",0.0,0.0,11273.037109375,2908.231201171875,3.259300947189331,0.0,,0.0,0.0,0.0,180.0,47.25639038085937,47.25639038085937,Leave_One_experiments/all_year_offline_schedule_search/daily_outputs/LCA/LCA_2006_LCA2006_normal_grid_S0028_daily.csv
LCA,LCA,Luancheng,2006,Leave_One_experiments\wth_generated_qc\LCA\LCA2006.WTH,wet_year;nitrogen_stress_year;low_response_year,wet,LCA2006_normal_grid_S0028,pareto_balanced,2006-08-20,232,72,67,"{""sim_day"": 72.0, ""doy"": 232.0, ""topwt"": 11382.17041015625, ""grnwt"": 3204.8004150390625, ""xlai"": 3.223021507263184, ""totir"": 0.0, ""tofer"": NaN, ""swfac"": 0.0, ""nstres"": 0.0}",0.0,0.0,11382.17041015625,3204.8004150390625,3.223021507263184,0.0,,0.0,0.0,0.0,180.0,47.25639038085937,47.25639038085937,Leave_One_experiments/all_year_offline_schedule_search/daily_outputs/LCA/LCA_2006_LCA2006_normal_grid_S0028_daily.csv
LCA,LCA,Luancheng,2006,Leave_One_experiments\wth_generated_qc\LCA\LCA2006.WTH,wet_year;nitrogen_stress_year;low_response_year,wet,LCA2006_normal_grid_S0028,pareto_balanced,2006-08-21,233,73,68,"{""sim_day"": 73.0, ""doy"": 233.0, ""topwt"": 11485.257568359377, ""grnwt"": 3501.36962890625, ""xlai"": 3.190959930419922, ""totir"": 0.0, ""tofer"": NaN, ""swfac"": 0.0, ""nstres"": 0.0}",0.0,0.0,11485.257568359377,3501.36962890625,3.190959930419922,0.0,,0.0,0.0,0.0,180.0,47.25639038085937,47.25639038085937,Leave_One_experiments/all_year_offline_schedule_search/daily_outputs/LCA/LCA_2006_LCA2006_normal_grid_S0028_daily.csv
LCA,LCA,Luancheng,2006,Leave_One_experiments\wth_generated_qc\LCA\LCA2006.WTH,wet_year;nitrogen_stress_year;low_response_year,wet,LCA2006_normal_grid_S0028,pareto_balanced,2006-08-22,234,74,69,"{""sim_day"": 74.0, ""doy"": 234.0, ""topwt"": 11797.28515625, ""grnwt"": 3797.9388427734375, ""xlai"": 3.1468093395233154, ""totir"": 0.0, ""tofer"": NaN, ""swfac"": 0.0, ""nstres"": 0.0}",0.0,0.0,11797.28515625,3797.9388427734375,3.1468093395233154,0.0,,0.0,0.0,0.0,180.0,47.25639038085937,47.25639038085937,Leave_One_experiments/all_year_offline_schedule_search/daily_outputs/LCA/LCA_2006_LCA2006_normal_grid_S0028_daily.csv
LCA,LCA,Luancheng,2006,Leave_One_experiments\wth_generated_qc\LCA\LCA2006.WTH,wet_year;nitrogen_stress_year;low_response_year,wet,LCA2006_normal_grid_S0028,pareto_balanced,2006-08-23,235,75,70,"{""sim_day"": 75.0, ""doy"": 235.0, ""topwt"": 12087.5, ""grnwt"": 4094.507751464844, ""xlai"": 3.0886154174804688, ""totir"": 0.0, ""tofer"": NaN, ""swfac"": 0.0, ""nstres"": 0.0}",0.0,0.0,12087.5,4094.507751464844,3.0886154174804688,0.0,,0.0,0.0,0.0,180.0,47.25639038085937,47.25639038085937,Leave_One_experiments/all_year_offline_schedule_search/daily_outputs/LCA/LCA_2006_LCA2006_normal_grid_S0028_daily.csv
LCA,LCA,Luancheng,2006,Leave_One_experiments\wth_generated_qc\LCA\LCA2006.WTH,wet_year;nitrogen_stress_year;low_response_year,wet,LCA2006_normal_grid_S0028,pareto_balanced,2006-08-24,236,76,71,"{""sim_day"": 76.0, ""doy"": 236.0, ""topwt"": 12208.271484375, ""grnwt"": 4391.076965332031, ""xlai"": 3.034165143966675, ""totir"": 0.0, ""tofer"": NaN, ""swfac"": 0.0, ""nstres"": 0.0}",0.0,0.0,12208.271484375,4391.076965332031,3.034165143966675,0.0,,0.0,0.0,0.0,180.0,47.25639038085937,47.25639038085937,Leave_One_experiments/all_year_offline_schedule_search/daily_outputs/LCA/LCA_2006_LCA2006_normal_grid_S0028_daily.csv
LCA,LCA,Luancheng,2006,Leave_One_experiments\wth_generated_qc\LCA\LCA2006.WTH,wet_year;nitrogen_stress_year;low_response_year,wet,LCA2006_normal_grid_S0028,pareto_balanced,2006-08-25,237,77,72,"{""sim_day"": 77.0, ""doy"": 237.0, ""topwt"": 12518.02734375, ""grnwt"": 4687.646179199219, ""xlai"": 2.973071575164795, ""totir"": 0.0, ""tofer"": NaN, ""swfac"": 0.0, ""nstres"": 0.0}",0.0,0.0,12518.02734375,4687.646179199219,2.973071575164795,0.0,,0.0,0.0,0.0,180.0,47.25639038085937,47.25639038085937,Leave_One_experiments/all_year_offline_schedule_search/daily_outputs/LCA/LCA_2006_LCA2006_normal_grid_S0028_daily.csv
LCA,LCA,Luancheng,2006,Leave_One_experiments\wth_generated_qc\LCA\LCA2006.WTH,wet_year;nitrogen_stress_year;low_response_year,wet,LCA2006_normal_grid_S0028,pareto_balanced,2006-08-26,238,78,73,"{""sim_day"": 78.0, ""doy"": 238.0, ""topwt"": 12823.094482421877, ""grnwt"": 4984.215393066406, ""xlai"": 2.9019646644592285, ""totir"": 0.0, ""tofer"": NaN, ""swfac"": 0.0, ""nstres"": 0.0}",0.0,0.0,12823.094482421877,4984.215393066406,2.9019646644592285,0.0,,0.0,0.0,0.0,180.0,47.25639038085937,47.25639038085937,Leave_One_experiments/all_year_offline_schedule_search/daily_outputs/LCA/LCA_2006_LCA2006_normal_grid_S0028_daily.csv
LCA,LCA,Luancheng,2006,Leave_One_experiments\wth_generated_qc\LCA\LCA2006.WTH,wet_year;nitrogen_stress_year;low_response_year,wet,LCA2006_normal_grid_S0028,pareto_balanced,2006-08-27,239,79,74,"{""sim_day"": 79.0, ""doy"": 239.0, ""topwt"": 12887.59033203125, ""grnwt"": 5280.7843017578125, ""xlai"": 2.8352835178375244, ""totir"": 0.0, ""tofer"": NaN, ""swfac"": 0.0, ""nstres"": 0.0}",0.0,0.0,12887.59033203125,5280.7843017578125,2.8352835178375244,0.0,,0.0,0.0,0.0,180.0,47.25639038085937,47.25639038085937,Leave_One_experiments/all_year_offline_schedule_search/daily_outputs/LCA/LCA_2006_LCA2006_normal_grid_S0028_daily.csv
LCA,LCA,Luancheng,2006,Leave_One_experiments\wth_generated_qc\LCA\LCA2006.WTH,wet_year;nitrogen_stress_year;low_response_year,wet,LCA2006_normal_grid_S0028,pareto_balanced,2006-08-28,240,80,75,"{""sim_day"": 80.0, ""doy"": 240.0, ""topwt"": 12820.1123046875, ""grnwt"": 5356.207885742188, ""xlai"": 2.7706403732299805, ""totir"": 0.0, ""tofer"": NaN, ""swfac"": 0.0, ""nstres"": 0.0}",0.0,0.0,12820.1123046875,5356.207885742188,2.7706403732299805,0.0,,0.0,0.0,0.0,180.0,47.25639038085937,47.25639038085937,Leave_One_experiments/all_year_offline_schedule_search/daily_outputs/LCA/LCA_2006_LCA2006_normal_grid_S0028_daily.csv
LCA,LCA,Luancheng,2006,Leave_One_experiments\wth_generated_qc\LCA\LCA2006.WTH,wet_year;nitrogen_stress_year;low_response_year,wet,LCA2006_normal_grid_S0028,pareto_balanced,2006-08-29,241,81,76,"{""sim_day"": 81.0, ""doy"": 241.0, ""topwt"": 12856.63330078125, ""grnwt"": 5392.7288818359375, ""xlai"": 2.714139938354492, ""totir"": 0.0, ""tofer"": NaN, ""swfac"": 0.0, ""nstres"": 0.0}",0.0,0.0,12856.63330078125,5392.7288818359375,2.714139938354492,0.0,,0.0,0.0,0.0,180.0,47.25639038085937,47.25639038085937,Leave_One_experiments/all_year_offline_schedule_search/daily_outputs/LCA/LCA_2006_LCA2006_normal_grid_S0028_daily.csv
LCA,LCA,Luancheng,2006,Leave_One_experiments\wth_generated_qc\LCA\LCA2006.WTH,wet_year;nitrogen_stress_year;low_response_year,wet,LCA2006_normal_grid_S0028,pareto_balanced,2006-08-30,242,82,77,"{""sim_day"": 82.0, ""doy"": 242.0, ""topwt"": 13153.643798828123, ""grnwt"": 5689.298095703125, ""xlai"": 2.634437322616577, ""totir"": 0.0, ""tofer"": NaN, ""swfac"": 0.0, ""nstres"": 0.0}",0.0,0.0,13153.643798828123,5689.298095703125,2.634437322616577,0.0,,0.0,0.0,0.0,180.0,47.25639038085937,47.25639038085937,Leave_One_experiments/all_year_offline_schedule_search/daily_outputs/LCA/LCA_2006_LCA2006_normal_grid_S0028_daily.csv
LCA,LCA,Luancheng,2006,Leave_One_experiments\wth_generated_qc\LCA\LCA2006.WTH,wet_year;nitrogen_stress_year;low_response_year,wet,LCA2006_normal_grid_S0028,pareto_balanced,2006-08-31,243,83,78,"{""sim_day"": 83.0, ""doy"": 243.0, ""topwt"": 13462.6220703125, ""grnwt"": 5985.8673095703125, ""xlai"": 2.5434627532958984, ""totir"": 0.0, ""tofer"": NaN, ""swfac"": 0.0, ""nstres"": 0.0}",0.0,0.0,13462.6220703125,5985.8673095703125,2.5434627532958984,0.0,,0.0,0.0,0.0,180.0,47.25639038085937,47.25639038085937,Leave_One_experiments/all_year_offline_schedule_search/daily_outputs/LCA/LCA_2006_LCA2006_normal_grid_S0028_daily.csv
LCA,LCA,Luancheng,2006,Leave_One_experiments\wth_generated_qc\LCA\LCA2006.WTH,wet_year;nitrogen_stress_year;low_response_year,wet,LCA2006_normal_grid_S0028,pareto_balanced,2006-09-01,244,84,79,"{""sim_day"": 84.0, ""doy"": 244.0, ""topwt"": 13764.3017578125, ""grnwt"": 6282.4365234375, ""xlai"": 2.4451446533203125, ""totir"": 0.0, ""tofer"": NaN, ""swfac"": 0.0, ""nstres"": 0.0}",0.0,0.0,13764.3017578125,6282.4365234375,2.4451446533203125,0.0,,0.0,0.0,0.0,180.0,47.25639038085937,47.25639038085937,Leave_One_experiments/all_year_offline_schedule_search/daily_outputs/LCA/LCA_2006_LCA2006_normal_grid_S0028_daily.csv
LCA,LCA,Luancheng,2006,Leave_One_experiments\wth_generated_qc\LCA\LCA2006.WTH,wet_year;nitrogen_stress_year;low_response_year,wet,LCA2006_normal_grid_S0028,pareto_balanced,2006-09-02,245,85,80,"{""sim_day"": 85.0, ""doy"": 245.0, ""topwt"": 13985.789794921877, ""grnwt"": 6521.884765625, ""xlai"": 2.338087558746338, ""totir"": 0.0, ""tofer"": NaN, ""swfac"": 0.0, ""nstres"": 0.0}",0.0,0.0,13985.789794921877,6521.884765625,2.338087558746338,0.0,,0.0,0.0,0.0,180.0,47.25639038085937,47.25639038085937,Leave_One_experiments/all_year_offline_schedule_search/daily_outputs/LCA/LCA_2006_LCA2006_normal_grid_S0028_daily.csv
LCA,LCA,Luancheng,2006,Leave_One_experiments\wth_generated_qc\LCA\LCA2006.WTH,wet_year;nitrogen_stress_year;low_response_year,wet,LCA2006_normal_grid_S0028,pareto_balanced,2006-09-03,246,86,81,"{""sim_day"": 86.0, ""doy"": 246.0, ""topwt"": 14061.376953125, ""grnwt"": 6597.4713134765625, ""xlai"": 2.2765707969665527, ""totir"": 0.0, ""tofer"": NaN, ""swfac"": 0.0, ""nstres"": 0.0}",0.0,0.0,14061.376953125,6597.4713134765625,2.2765707969665527,0.0,,0.0,0.0,0.0,180.0,47.25639038085937,47.25639038085937,Leave_One_experiments/all_year_offline_schedule_search/daily_outputs/LCA/LCA_2006_LCA2006_normal_grid_S0028_daily.csv
LCA,LCA,Luancheng,2006,Leave_One_experiments\wth_generated_qc\LCA\LCA2006.WTH,wet_year;nitrogen_stress_year;low_response_year,wet,LCA2006_normal_grid_S0028,pareto_balanced,2006-09-04,247,87,82,"{""sim_day"": 87.0, ""doy"": 247.0, ""topwt"": 14394.07470703125, ""grnwt"": 6894.04052734375, ""xlai"": 2.20866060256958, ""totir"": 0.0, ""tofer"": NaN, ""swfac"": 0.0, ""nstres"": 0.0}",0.0,0.0,14394.07470703125,6894.04052734375,2.20866060256958,0.0,,0.0,0.0,0.0,180.0,47.25639038085937,47.25639038085937,Leave_One_experiments/all_year_offline_schedule_search/daily_outputs/LCA/LCA_2006_LCA2006_normal_grid_S0028_daily.csv
LCA,LCA,Luancheng,2006,Leave_One_experiments\wth_generated_qc\LCA\LCA2006.WTH,wet_year;nitrogen_stress_year;low_response_year,wet,LCA2006_normal_grid_S0028,pareto_balanced,2006-09-05,248,88,83,"{""sim_day"": 88.0, ""doy"": 248.0, ""topwt"": 14725.3271484375, ""grnwt"": 7190.6097412109375, ""xlai"": 2.120325326919556, ""totir"": 0.0, ""tofer"": NaN, ""swfac"": 0.0, ""nstres"": 0.0}",0.0,0.0,14725.3271484375,7190.6097412109375,2.120325326919556,0.0,,0.0,0.0,0.0,180.0,47.25639038085937,47.25639038085937,Leave_One_experiments/all_year_offline_schedule_search/daily_outputs/LCA/LCA_2006_LCA2006_normal_grid_S0028_daily.csv
LCA,LCA,Luancheng,2006,Leave_One_experiments\wth_generated_qc\LCA\LCA2006.WTH,wet_year;nitrogen_stress_year;low_response_year,wet,LCA2006_normal_grid_S0028,pareto_balanced,2006-09-06,249,89,84,"{""sim_day"": 89.0, ""doy"": 249.0, ""topwt"": 14969.100341796877, ""grnwt"": 7487.178955078125, ""xlai"": 2.02344822883606, ""totir"": 0.0, ""tofer"": NaN, ""swfac"": 0.0, ""nstres"": 0.0}",0.0,0.0,14969.100341796877,7487.178955078125,2.02344822883606,0.0,,0.0,0.0,0.0,180.0,47.25639038085937,47.25639038085937,Leave_One_experiments/all_year_offline_schedule_search/daily_outputs/LCA/LCA_2006_LCA2006_normal_grid_S0028_daily.csv
LCA,LCA,Luancheng,2006,Leave_One_experiments\wth_generated_qc\LCA\LCA2006.WTH,wet_year;nitrogen_stress_year;low_response_year,wet,LCA2006_normal_grid_S0028,pareto_balanced,2006-09-07,250,90,85,"{""sim_day"": 90.0, ""doy"": 250.0, ""topwt"": 15274.4140625, ""grnwt"": 7783.748168945312, ""xlai"": 1.961095213890076, ""totir"": 0.0, ""tofer"": NaN, ""swfac"": 0.0, ""nstres"": 0.0}",0.0,0.0,15274.4140625,7783.748168945312,1.961095213890076,0.0,,0.0,0.0,0.0,180.0,47.25639038085937,47.25639038085937,Leave_One_experiments/all_year_offline_schedule_search/daily_outputs/LCA/LCA_2006_LCA2006_normal_grid_S0028_daily.csv
LCA,LCA,Luancheng,2006,Leave_One_experiments\wth_generated_qc\LCA\LCA2006.WTH,wet_year;nitrogen_stress_year;low_response_year,wet,LCA2006_normal_grid_S0028,pareto_balanced,2006-09-08,251,91,86,"{""sim_day"": 91.0, ""doy"": 251.0, ""topwt"": 15579.0185546875, ""grnwt"": 8039.3621826171875, ""xlai"": 1.9082995653152464, ""totir"": 0.0, ""tofer"": NaN, ""swfac"": 0.0, ""nstres"": 0.0}",0.0,0.0,15579.0185546875,8039.3621826171875,1.9082995653152464,0.0,,0.0,0.0,0.0,180.0,47.25639038085937,47.25639038085937,Leave_One_experiments/all_year_offline_schedule_search/daily_outputs/LCA/LCA_2006_LCA2006_normal_grid_S0028_daily.csv
LCA,LCA,Luancheng,2006,Leave_One_experiments\wth_generated_qc\LCA\LCA2006.WTH,wet_year;nitrogen_stress_year;low_response_year,wet,LCA2006_normal_grid_S0028,pareto_balanced,2006-09-09,252,92,87,"{""sim_day"": 92.0, ""doy"": 252.0, ""topwt"": 15901.060791015623, ""grnwt"": 8335.931396484375, ""xlai"": 1.8199071884155276, ""totir"": 0.0, ""tofer"": NaN, ""swfac"": 0.0, ""nstres"": 0.0}",0.0,0.0,15901.060791015623,8335.931396484375,1.8199071884155276,0.0,,0.0,0.0,0.0,180.0,47.25639038085937,47.25639038085937,Leave_One_experiments/all_year_offline_schedule_search/daily_outputs/LCA/LCA_2006_LCA2006_normal_grid_S0028_daily.csv
LCA,LCA,Luancheng,2006,Leave_One_experiments\wth_generated_qc\LCA\LCA2006.WTH,wet_year;nitrogen_stress_year;low_response_year,wet,LCA2006_normal_grid_S0028,pareto_balanced,2006-09-10,253,93,88,"{""sim_day"": 93.0, ""doy"": 253.0, ""topwt"": 16209.04052734375, ""grnwt"": 8632.500610351562, ""xlai"": 1.7256104946136477, ""totir"": 0.0, ""tofer"": NaN, ""swfac"": 0.0, ""nstres"": 0.0}",0.0,0.0,16209.04052734375,8632.500610351562,1.7256104946136477,0.0,,0.0,0.0,0.0,180.0,47.25639038085937,47.25639038085937,Leave_One_experiments/all_year_offline_schedule_search/daily_outputs/LCA/LCA_2006_LCA2006_normal_grid_S0028_daily.csv
LCA,LCA,Luancheng,2006,Leave_One_experiments\wth_generated_qc\LCA\LCA2006.WTH,wet_year;nitrogen_stress_year;low_response_year,wet,LCA2006_normal_grid_S0028,pareto_balanced,2006-09-11,254,94,89,"{""sim_day"": 94.0, ""doy"": 254.0, ""topwt"": 16476.34033203125, ""grnwt"": 8929.06982421875, ""xlai"": 1.6232599020004272, ""totir"": 0.0, ""tofer"": NaN, ""swfac"": 0.0, ""nstres"": 0.0}",0.0,0.0,16476.34033203125,8929.06982421875,1.6232599020004272,0.0,,0.0,0.0,0.0,180.0,47.25639038085937,47.25639038085937,Leave_One_experiments/all_year_offline_schedule_search/daily_outputs/LCA/LCA_2006_LCA2006_normal_grid_S0028_daily.csv
LCA,LCA,Luancheng,2006,Leave_One_experiments\wth_generated_qc\LCA\LCA2006.WTH,wet_year;nitrogen_stress_year;low_response_year,wet,LCA2006_normal_grid_S0028,pareto_balanced,2006-09-12,255,95,90,"{""sim_day"": 95.0, ""doy"": 255.0, ""topwt"": 16742.894287109375, ""grnwt"": 9225.639038085938, ""xlai"": 1.5188993215560913, ""totir"": 0.0, ""tofer"": NaN, ""swfac"": 0.0, ""nstres"": 0.0}",0.0,0.0,16742.894287109375,9225.639038085938,1.5188993215560913,0.0,,0.0,0.0,0.0,180.0,47.25639038085937,47.25639038085937,Leave_One_experiments/all_year_offline_schedule_search/daily_outputs/LCA/LCA_2006_LCA2006_normal_grid_S0028_daily.csv
LCA,LCA,Luancheng,2006,Leave_One_experiments\wth_generated_qc\LCA\LCA2006.WTH,wet_year;nitrogen_stress_year;low_response_year,wet,LCA2006_normal_grid_S0028,pareto_balanced,2006-09-13,256,96,91,"{""sim_day"": 96.0, ""doy"": 256.0, ""topwt"": 16742.894287109375, ""grnwt"": 9225.639038085938, ""xlai"": 1.5188993215560913, ""totir"": 0.0, ""tofer"": NaN, ""swfac"": 0.0, ""nstres"": 0.0}",0.0,0.0,16742.894287109375,9225.639038085938,1.5188993215560913,0.0,,0.0,0.0,0.0,180.0,47.25639038085937,47.25639038085937,Leave_One_experiments/all_year_offline_schedule_search/daily_outputs/LCA/LCA_2006_LCA2006_normal_grid_S0028_daily.csv
LCA,LCA,Luancheng,2006,Leave_One_experiments\wth_generated_qc\LCA\LCA2006.WTH,wet_year;nitrogen_stress_year;low_response_year,wet,LCA2006_normal_grid_S0028,pareto_balanced,2006-09-14,257,97,92,"{""sim_day"": 97.0, ""doy"": 257.0, ""topwt"": 16742.894287109375, ""grnwt"": 9225.639038085938, ""xlai"": 1.5188993215560913, ""totir"": 0.0, ""tofer"": NaN, ""swfac"": 0.0, ""nstres"": 0.0}",0.0,0.0,16742.894287109375,9225.639038085938,1.5188993215560913,0.0,,0.0,0.0,0.0,180.0,47.25639038085937,47.25639038085937,Leave_One_experiments/all_year_offline_schedule_search/daily_outputs/LCA/LCA_2006_LCA2006_normal_grid_S0028_daily.csv
LCA,LCA,Luancheng,2006,Leave_One_experiments\wth_generated_qc\LCA\LCA2006.WTH,wet_year;nitrogen_stress_year;low_response_year,wet,LCA2006_normal_grid_S0028,pareto_balanced,2006-09-15,258,98,93,"{""sim_day"": 98.0, ""doy"": 258.0, ""topwt"": 16742.894287109375, ""grnwt"": 9225.639038085938, ""xlai"": 1.5188993215560913, ""totir"": 0.0, ""tofer"": NaN, ""swfac"": 0.0, ""nstres"": 0.0}",0.0,0.0,16742.894287109375,9225.639038085938,1.5188993215560913,0.0,,0.0,0.0,0.0,180.0,47.25639038085937,47.25639038085937,Leave_One_experiments/all_year_offline_schedule_search/daily_outputs/LCA/LCA_2006_LCA2006_normal_grid_S0028_daily.csv
LCA,LCA,Luancheng,2006,Leave_One_experiments\wth_generated_qc\LCA\LCA2006.WTH,wet_year;nitrogen_stress_year;low_response_year,wet,LCA2006_normal_grid_S0032,top_yield,2006-06-15,166,1,1,"{""sim_day"": 1.0, ""doy"": 166.0, ""topwt"": 0.0, ""grnwt"": 0.0, ""xlai"": 0.0, ""totir"": 0.0, ""tofer"": NaN, ""swfac"": 0.0, ""nstres"": 0.0}",0.0,0.0,0.0,0.0,0.0,0.0,,0.0,80.0,40.0,180.0,27.25639038085937,43.25639038085937,Leave_One_experiments/all_year_offline_schedule_search/daily_outputs/LCA/LCA_2006_LCA2006_normal_grid_S0032_daily.csv
LCA,LCA,Luancheng,2006,Leave_One_experiments\wth_generated_qc\LCA\LCA2006.WTH,wet_year;nitrogen_stress_year;low_response_year,wet,LCA2006_normal_grid_S0032,top_yield,2006-06-16,167,2,2,"{""sim_day"": 2.0, ""doy"": 167.0, ""topwt"": 0.0, ""grnwt"": 0.0, ""xlai"": 0.0, ""totir"": 0.0, ""tofer"": NaN, ""swfac"": 0.0, ""nstres"": 0.0}",0.0,0.0,0.0,0.0,0.0,0.0,,0.0,0.0,40.0,180.0,27.25639038085937,43.25639038085937,Leave_One_experiments/all_year_offline_schedule_search/daily_outputs/LCA/LCA_2006_LCA2006_normal_grid_S0032_daily.csv
LCA,LCA,Luancheng,2006,Leave_One_experiments\wth_generated_qc\LCA\LCA2006.WTH,wet_year;nitrogen_stress_year;low_response_year,wet,LCA2006_normal_grid_S0032,top_yield,2006-06-17,168,3,3,"{""sim_day"": 3.0, ""doy"": 168.0, ""topwt"": 0.0, ""grnwt"": 0.0, ""xlai"": 0.0, ""totir"": 0.0, ""tofer"": NaN, ""swfac"": 0.0, ""nstres"": 0.0}",0.0,0.0,0.0,0.0,0.0,0.0,,0.0,0.0,40.0,180.0,27.25639038085937,43.25639038085937,Leave_One_experiments/all_year_offline_schedule_search/daily_outputs/LCA/LCA_2006_LCA2006_normal_grid_S0032_daily.csv
LCA,LCA,Luancheng,2006,Leave_One_experiments\wth_generated_qc\LCA\LCA2006.WTH,wet_year;nitrogen_stress_year;low_response_year,wet,LCA2006_normal_grid_S0032,top_yield,2006-06-18,169,4,4,"{""sim_day"": 4.0, ""doy"": 169.0, ""topwt"": 0.0, ""grnwt"": 0.0, ""xlai"": 0.0, ""totir"": 0.0, ""tofer"": NaN, ""swfac"": 0.0, ""nstres"": 0.0}",0.0,0.0,0.0,0.0,0.0,0.0,,0.0,0.0,40.0,180.0,27.25639038085937,43.25639038085937,Leave_One_experiments/all_year_offline_schedule_search/daily_outputs/LCA/LCA_2006_LCA2006_normal_grid_S0032_daily.csv
LCA,LCA,Luancheng,2006,Leave_One_experiments\wth_generated_qc\LCA\LCA2006.WTH,wet_year;nitrogen_stress_year;low_response_year,wet,LCA2006_normal_grid_S0032,top_yield,2006-06-19,170,5,5,"{""sim_day"": 5.0, ""doy"": 170.0, ""topwt"": 0.0, ""grnwt"": 0.0, ""xlai"": 0.0, ""totir"": 0.0, ""tofer"": NaN, ""swfac"": 0.0, ""nstres"": 0.0}",0.0,0.0,0.0,0.0,0.0,0.0,,0.0,0.0,40.0,180.0,27.25639038085937,43.25639038085937,Leave_One_experiments/all_year_offline_schedule_search/daily_outputs/LCA/LCA_2006_LCA2006_normal_grid_S0032_daily.csv
LCA,LCA,Luancheng,2006,Leave_One_experiments\wth_generated_qc\LCA\LCA2006.WTH,wet_year;nitrogen_stress_year;low_response_year,wet,LCA2006_normal_grid_S0032,top_yield,2006-06-15,166,6,1,"{""sim_day"": 6.0, ""doy"": 166.0, ""topwt"": 0.0, ""grnwt"": 0.0, ""xlai"": 0.0, ""totir"": 0.0, ""tofer"": NaN, ""swfac"": 0.0, ""nstres"": 0.0}",0.0,0.0,0.0,0.0,0.0,0.0,,0.0,0.0,40.0,180.0,27.25639038085937,43.25639038085937,Leave_One_experiments/all_year_offline_schedule_search/daily_outputs/LCA/LCA_2006_LCA2006_normal_grid_S0032_daily.csv
LCA,LCA,Luancheng,2006,Leave_One_experiments\wth_generated_qc\LCA\LCA2006.WTH,wet_year;nitrogen_stress_year;low_response_year,wet,LCA2006_normal_grid_S0032,top_yield,2006-06-16,167,7,2,"{""sim_day"": 7.0, ""doy"": 167.0, ""topwt"": 0.0, ""grnwt"": 0.0, ""xlai"": 0.0, ""totir"": 0.0, ""tofer"": NaN, ""swfac"": 0.0, ""nstres"": 0.0}",0.0,0.0,0.0,0.0,0.0,0.0,,0.0,0.0,40.0,180.0,27.25639038085937,43.25639038085937,Leave_One_experiments/all_year_offline_schedule_search/daily_outputs/LCA/LCA_2006_LCA2006_normal_grid_S0032_daily.csv
LCA,LCA,Luancheng,2006,Leave_One_experiments\wth_generated_qc\LCA\LCA2006.WTH,wet_year;nitrogen_stress_year;low_response_year,wet,LCA2006_normal_grid_S0032,top_yield,2006-06-17,168,8,3,"{""sim_day"": 8.0, ""doy"": 168.0, ""topwt"": 0.0, ""grnwt"": 0.0, ""xlai"": 0.0, ""totir"": 0.0, ""tofer"": NaN, ""swfac"": 0.0, ""nstres"": 0.0}",0.0,0.0,0.0,0.0,0.0,0.0,,0.0,0.0,40.0,180.0,27.25639038085937,43.25639038085937,Leave_One_experiments/all_year_offline_schedule_search/daily_outputs/LCA/LCA_2006_LCA2006_normal_grid_S0032_daily.csv
LCA,LCA,Luancheng,2006,Leave_One_experiments\wth_generated_qc\LCA\LCA2006.WTH,wet_year;nitrogen_stress_year;low_response_year,wet,LCA2006_normal_grid_S0032,top_yield,2006-06-18,169,9,4,"{""sim_day"": 9.0, ""doy"": 169.0, ""topwt"": 0.0, ""grnwt"": 0.0, ""xlai"": 0.0, ""totir"": 0.0, ""tofer"": NaN, ""swfac"": 0.0, ""nstres"": 0.0}",0.0,0.0,0.0,0.0,0.0,0.0,,0.0,0.0,40.0,180.0,27.25639038085937,43.25639038085937,Leave_One_experiments/all_year_offline_schedule_search/daily_outputs/LCA/LCA_2006_LCA2006_normal_grid_S0032_daily.csv
LCA,LCA,Luancheng,2006,Leave_One_experiments\wth_generated_qc\LCA\LCA2006.WTH,wet_year;nitrogen_stress_year;low_response_year,wet,LCA2006_normal_grid_S0032,top_yield,2006-06-19,170,10,5,"{""sim_day"": 10.0, ""doy"": 170.0, ""topwt"": 23.600001335144043, ""grnwt"": 0.0, ""xlai"": 0.0046154274605214, ""totir"": 0.0, ""tofer"": NaN, ""swfac"": 0.0, ""nstres"": 0.0121910572052001}",0.0,0.0121910572052001,23.600001335144043,0.0,0.0046154274605214,0.0,,0.0,0.0,40.0,180.0,27.25639038085937,43.25639038085937,Leave_One_experiments/all_year_offline_schedule_search/daily_outputs/LCA/LCA_2006_LCA2006_normal_grid_S0032_daily.csv
LCA,LCA,Luancheng,2006,Leave_One_experiments\wth_generated_qc\LCA\LCA2006.WTH,wet_year;nitrogen_stress_year;low_response_year,wet,LCA2006_normal_grid_S0032,top_yield,2006-06-20,171,11,6,"{""sim_day"": 11.0, ""doy"": 171.0, ""topwt"": 23.600001335144043, ""grnwt"": 0.0, ""xlai"": 0.0098075997084379, ""totir"": 0.0, ""tofer"": NaN, ""swfac"": 0.0, ""nstres"": 0.0070016384124755}",0.0,0.0070016384124755,23.600001335144043,0.0,0.0098075997084379,0.0,,0.0,0.0,40.0,180.0,27.25639038085937,43.25639038085937,Leave_One_experiments/all_year_offline_schedule_search/daily_outputs/LCA/LCA_2006_LCA2006_normal_grid_S0032_daily.csv
LCA,LCA,Luancheng,2006,Leave_One_experiments\wth_generated_qc\LCA\LCA2006.WTH,wet_year;nitrogen_stress_year;low_response_year,wet,LCA2006_normal_grid_S0032,top_yield,2006-06-21,172,12,7,"{""sim_day"": 12.0, ""doy"": 172.0, ""topwt"": 23.600001335144043, ""grnwt"": 0.0, ""xlai"": 0.0152520835399627, ""totir"": 0.0, ""tofer"": NaN, ""swfac"": 0.0, ""nstres"": 0.0}",0.0,0.0,23.600001335144043,0.0,0.0152520835399627,0.0,,0.0,0.0,40.0,180.0,27.25639038085937,43.25639038085937,Leave_One_experiments/all_year_offline_schedule_search/daily_outputs/LCA/LCA_2006_LCA2006_normal_grid_S0032_daily.csv
LCA,LCA,Luancheng,2006,Leave_One_experiments\wth_generated_qc\LCA\LCA2006.WTH,wet_year;nitrogen_stress_year;low_response_year,wet,LCA2006_normal_grid_S0032,top_yield,2006-06-22,173,13,8,"{""sim_day"": 13.0, ""doy"": 173.0, ""topwt"": 23.600001335144043, ""grnwt"": 0.0, ""xlai"": 0.0390414781868457, ""totir"": 0.0, ""tofer"": NaN, ""swfac"": 0.0, ""nstres"": 0.0}",0.0,0.0,23.600001335144043,0.0,0.0390414781868457,0.0,,0.0,0.0,40.0,180.0,27.25639038085937,43.25639038085937,Leave_One_experiments/all_year_offline_schedule_search/daily_outputs/LCA/LCA_2006_LCA2006_normal_grid_S0032_daily.csv
LCA,LCA,Luancheng,2006,Leave_One_experiments\wth_generated_qc\LCA\LCA2006.WTH,wet_year;nitrogen_stress_year;low_response_year,wet,LCA2006_normal_grid_S0032,top_yield,2006-06-23,174,14,9,"{""sim_day"": 14.0, ""doy"": 174.0, ""topwt"": 36.08451128005981, ""grnwt"": 0.0, ""xlai"": 0.0721104443073272, ""totir"": 0.0, ""tofer"": NaN, ""swfac"": 0.0, ""nstres"": 0.0}",0.0,0.0,36.08451128005981,0.0,0.0721104443073272,0.0,,0.0,0.0,40.0,180.0,27.25639038085937,43.25639038085937,Leave_One_experiments/all_year_offline_schedule_search/daily_outputs/LCA/LCA_2006_LCA2006_normal_grid_S0032_daily.csv
LCA,LCA,Luancheng,2006,Leave_One_experiments\wth_generated_qc\LCA\LCA2006.WTH,wet_year;nitrogen_stress_year;low_response_year,wet,LCA2006_normal_grid_S0032,top_yield,2006-06-24,175,15,10,"{""sim_day"": 15.0, ""doy"": 175.0, ""topwt"": 51.0037899017334, ""grnwt"": 0.0, ""xlai"": 0.1056098639965057, ""totir"": 0.0, ""tofer"": NaN, ""swfac"": 0.0, ""nstres"": 0.0}",0.0,0.0,51.0037899017334,0.0,0.1056098639965057,0.0,,0.0,0.0,40.0,180.0,27.25639038085937,43.25639038085937,Leave_One_experiments/all_year_offline_schedule_search/daily_outputs/LCA/LCA_2006_LCA2006_normal_grid_S0032_daily.csv
LCA,LCA,Luancheng,2006,Leave_One_experiments\wth_generated_qc\LCA\LCA2006.WTH,wet_year;nitrogen_stress_year;low_response_year,wet,LCA2006_normal_grid_S0032,top_yield,2006-06-25,176,16,11,"{""sim_day"": 16.0, ""doy"": 176.0, ""topwt"": 72.71061897277832, ""grnwt"": 0.0, ""xlai"": 0.1499698758125305, ""totir"": 0.0, ""tofer"": NaN, ""swfac"": 0.0, ""nstres"": 0.0}",0.0,0.0,72.71061897277832,0.0,0.1499698758125305,0.0,,0.0,0.0,40.0,180.0,27.25639038085937,43.25639038085937,Leave_One_experiments/all_year_offline_schedule_search/daily_outputs/LCA/LCA_2006_LCA2006_normal_grid_S0032_daily.csv
LCA,LCA,Luancheng,2006,Leave_One_experiments\wth_generated_qc\LCA\LCA2006.WTH,wet_year;nitrogen_stress_year;low_response_year,wet,LCA2006_normal_grid_S0032,top_yield,2006-06-26,177,17,12,"{""sim_day"": 17.0, ""doy"": 177.0, ""topwt"": 101.34719848632812, ""grnwt"": 0.0, ""xlai"": 0.2037331014871597, ""totir"": 0.0, ""tofer"": NaN, ""swfac"": 0.0, ""nstres"": 0.0}",0.0,0.0,101.34719848632812,0.0,0.2037331014871597,0.0,,0.0,0.0,40.0,180.0,27.25639038085937,43.25639038085937,Leave_One_experiments/all_year_offline_schedule_search/daily_outputs/LCA/LCA_2006_LCA2006_normal_grid_S0032_daily.csv
LCA,LCA,Luancheng,2006,Leave_One_experiments\wth_generated_qc\LCA\LCA2006.WTH,wet_year;nitrogen_stress_year;low_response_year,wet,LCA2006_normal_grid_S0032,top_yield,2006-06-27,178,18,13,"{""sim_day"": 18.0, ""doy"": 178.0, ""topwt"": 130.98679542541504, ""grnwt"": 0.0, ""xlai"": 0.2556801736354828, ""totir"": 0.0, ""tofer"": NaN, ""swfac"": 0.0, ""nstres"": 0.0}",0.0,0.0,130.98679542541504,0.0,0.2556801736354828,0.0,,0.0,0.0,40.0,180.0,27.25639038085937,43.25639038085937,Leave_One_experiments/all_year_offline_schedule_search/daily_outputs/LCA/LCA_2006_LCA2006_normal_grid_S0032_daily.csv
LCA,LCA,Luancheng,2006,Leave_One_experiments\wth_generated_qc\LCA\LCA2006.WTH,wet_year;nitrogen_stress_year;low_response_year,wet,LCA2006_normal_grid_S0032,top_yield,2006-06-28,179,19,14,"{""sim_day"": 19.0, ""doy"": 179.0, ""topwt"": 165.21245956420898, ""grnwt"": 0.0, ""xlai"": 0.3336997628211975, ""totir"": 0.0, ""tofer"": NaN, ""swfac"": 0.0, ""nstres"": 0.0}",0.0,0.0,165.21245956420898,0.0,0.3336997628211975,0.0,,0.0,0.0,40.0,180.0,27.25639038085937,43.25639038085937,Leave_One_experiments/all_year_offline_schedule_search/daily_outputs/LCA/LCA_2006_LCA2006_normal_grid_S0032_daily.csv
LCA,LCA,Luancheng,2006,Leave_One_experiments\wth_generated_qc\LCA\LCA2006.WTH,wet_year;nitrogen_stress_year;low_response_year,wet,LCA2006_normal_grid_S0032,top_yield,2006-06-29,180,20,15,"{""sim_day"": 20.0, ""doy"": 180.0, ""topwt"": 217.01984405517575, ""grnwt"": 0.0, ""xlai"": 0.42038094997406, ""totir"": 0.0, ""tofer"": NaN, ""swfac"": 0.0, ""nstres"": 0.0066841840744018}",0.0,0.0066841840744018,217.01984405517575,0.0,0.42038094997406,0.0,,0.0,0.0,40.0,180.0,27.25639038085937,43.25639038085937,Leave_One_experiments/all_year_offline_schedule_search/daily_outputs/LCA/LCA_2006_LCA2006_normal_grid_S0032_daily.csv
LCA,LCA,Luancheng,2006,Leave_One_experiments\wth_generated_qc\LCA\LCA2006.WTH,wet_year;nitrogen_stress_year;low_response_year,wet,LCA2006_normal_grid_S0032,top_yield,2006-06-30,181,21,16,"{""sim_day"": 21.0, ""doy"": 181.0, ""topwt"": 229.5689010620117, ""grnwt"": 0.0, ""xlai"": 0.4402216076850891, ""totir"": 0.0, ""tofer"": NaN, ""swfac"": 0.0, ""nstres"": 0.0}",0.0,0.0,229.5689010620117,0.0,0.4402216076850891,0.0,,0.0,0.0,40.0,180.0,27.25639038085937,43.25639038085937,Leave_One_experiments/all_year_offline_schedule_search/daily_outputs/LCA/LCA_2006_LCA2006_normal_grid_S0032_daily.csv
LCA,LCA,Luancheng,2006,Leave_One_experiments\wth_generated_qc\LCA\LCA2006.WTH,wet_year;nitrogen_stress_year;low_response_year,wet,LCA2006_normal_grid_S0032,top_yield,2006-07-01,182,22,17,"{""sim_day"": 22.0, ""doy"": 182.0, ""topwt"": 257.6618766784668, ""grnwt"": 0.0, ""xlai"": 0.4843946099281311, ""totir"": 0.0, ""tofer"": NaN, ""swfac"": 0.0, ""nstres"": 0.0}",0.0,0.0,257.6618766784668,0.0,0.4843946099281311,0.0,,0.0,0.0,40.0,180.0,27.25639038085937,43.25639038085937,Leave_One_experiments/all_year_offline_schedule_search/daily_outputs/LCA/LCA_2006_LCA2006_normal_grid_S0032_daily.csv
LCA,LCA,Luancheng,2006,Leave_One_experiments\wth_generated_qc\LCA\LCA2006.WTH,wet_year;nitrogen_stress_year;low_response_year,wet,LCA2006_normal_grid_S0032,top_yield,2006-07-02,183,23,18,"{""sim_day"": 23.0, ""doy"": 183.0, ""topwt"": 292.0327568054199, ""grnwt"": 0.0, ""xlai"": 0.5369482040405273, ""totir"": 0.0, ""tofer"": NaN, ""swfac"": 0.0, ""nstres"": 0.0}",0.0,0.0,292.0327568054199,0.0,0.5369482040405273,0.0,,0.0,0.0,40.0,180.0,27.25639038085937,43.25639038085937,Leave_One_experiments/all_year_offline_schedule_search/daily_outputs/LCA/LCA_2006_LCA2006_normal_grid_S0032_daily.csv
LCA,LCA,Luancheng,2006,Leave_One_experiments\wth_generated_qc\LCA\LCA2006.WTH,wet_year;nitrogen_stress_year;low_response_year,wet,LCA2006_normal_grid_S0032,top_yield,2006-07-03,184,24,19,"{""sim_day"": 24.0, ""doy"": 184.0, ""topwt"": 385.00858306884766, ""grnwt"": 0.0, ""xlai"": 0.6739161014556885, ""totir"": 0.0, ""tofer"": NaN, ""swfac"": 0.0, ""nstres"": 0.0}",0.0,0.0,385.00858306884766,0.0,0.6739161014556885,0.0,,0.0,0.0,40.0,180.0,27.25639038085937,43.25639038085937,Leave_One_experiments/all_year_offline_schedule_search/daily_outputs/LCA/LCA_2006_LCA2006_normal_grid_S0032_daily.csv
LCA,LCA,Luancheng,2006,Leave_One_experiments\wth_generated_qc\LCA\LCA2006.WTH,wet_year;nitrogen_stress_year;low_response_year,wet,LCA2006_normal_grid_S0032,top_yield,2006-07-04,185,25,20,"{""sim_day"": 25.0, ""doy"": 185.0, ""topwt"": 507.6474380493164, ""grnwt"": 0.0, ""xlai"": 0.8436883687973022, ""totir"": 0.0, ""tofer"": NaN, ""swfac"": 0.0, ""nstres"": 0.0}",0.0,0.0,507.6474380493164,0.0,0.8436883687973022,0.0,,0.0,0.0,40.0,180.0,27.25639038085937,43.25639038085937,Leave_One_experiments/all_year_offline_schedule_search/daily_outputs/LCA/LCA_2006_LCA2006_normal_grid_S0032_daily.csv
LCA,LCA,Luancheng,2006,Leave_One_experiments\wth_generated_qc\LCA\LCA2006.WTH,wet_year;nitrogen_stress_year;low_response_year,wet,LCA2006_normal_grid_S0032,top_yield,2006-07-05,186,26,21,"{""sim_day"": 26.0, ""doy"": 186.0, ""topwt"": 655.7051849365234, ""grnwt"": 0.0, ""xlai"": 1.0395714044570925, ""totir"": 0.0, ""tofer"": NaN, ""swfac"": 0.0, ""nstres"": 0.0}",0.0,0.0,655.7051849365234,0.0,1.0395714044570925,0.0,,0.0,0.0,40.0,180.0,27.25639038085937,43.25639038085937,Leave_One_experiments/all_year_offline_schedule_search/daily_outputs/LCA/LCA_2006_LCA2006_normal_grid_S0032_daily.csv
LCA,LCA,Luancheng,2006,Leave_One_experiments\wth_generated_qc\LCA\LCA2006.WTH,wet_year;nitrogen_stress_year;low_response_year,wet,LCA2006_normal_grid_S0032,top_yield,2006-07-06,187,27,22,"{""sim_day"": 27.0, ""doy"": 187.0, ""topwt"": 819.5143890380859, ""grnwt"": 0.0, ""xlai"": 1.2400285005569458, ""totir"": 0.0, ""tofer"": NaN, ""swfac"": 0.0, ""nstres"": 0.0}",0.0,0.0,819.5143890380859,0.0,1.2400285005569458,0.0,,0.0,0.0,40.0,180.0,27.25639038085937,43.25639038085937,Leave_One_experiments/all_year_offline_schedule_search/daily_outputs/LCA/LCA_2006_LCA2006_normal_grid_S0032_daily.csv
LCA,LCA,Luancheng,2006,Leave_One_experiments\wth_generated_qc\LCA\LCA2006.WTH,wet_year;nitrogen_stress_year;low_response_year,wet,LCA2006_normal_grid_S0032,top_yield,2006-07-07,188,28,23,"{""sim_day"": 28.0, ""doy"": 188.0, ""topwt"": 996.9114685058594, ""grnwt"": 0.0, ""xlai"": 1.4401963949203491, ""totir"": 0.0, ""tofer"": NaN, ""swfac"": 0.0, ""nstres"": 0.0}",0.0,0.0,996.9114685058594,0.0,1.4401963949203491,0.0,,0.0,0.0,40.0,180.0,27.25639038085937,43.25639038085937,Leave_One_experiments/all_year_offline_schedule_search/daily_outputs/LCA/LCA_2006_LCA2006_normal_grid_S0032_daily.csv
LCA,LCA,Luancheng,2006,Leave_One_experiments\wth_generated_qc\LCA\LCA2006.WTH,wet_year;nitrogen_stress_year;low_response_year,wet,LCA2006_normal_grid_S0032,top_yield,2006-07-08,189,29,24,"{""sim_day"": 29.0, ""doy"": 189.0, ""topwt"": 1121.0487365722656, ""grnwt"": 0.0, ""xlai"": 1.5694917440414429, ""totir"": 0.0, ""tofer"": NaN, ""swfac"": 0.0, ""nstres"": 0.0}",0.0,0.0,1121.0487365722656,0.0,1.5694917440414429,0.0,,0.0,0.0,40.0,180.0,27.25639038085937,43.25639038085937,Leave_One_experiments/all_year_offline_schedule_search/daily_outputs/LCA/LCA_2006_LCA2006_normal_grid_S0032_daily.csv
LCA,LCA,Luancheng,2006,Leave_One_experiments\wth_generated_qc\LCA\LCA2006.WTH,wet_year;nitrogen_stress_year;low_response_year,wet,LCA2006_normal_grid_S0032,top_yield,2006-07-09,190,30,25,"{""sim_day"": 30.0, ""doy"": 190.0, ""topwt"": 1299.9806213378906, ""grnwt"": 0.0, ""xlai"": 1.7412177324295044, ""totir"": 0.0, ""tofer"": NaN, ""swfac"": 0.0, ""nstres"": 0.0}",0.0,0.0,1299.9806213378906,0.0,1.7412177324295044,0.0,,0.0,0.0,40.0,180.0,27.25639038085937,43.25639038085937,Leave_One_experiments/all_year_offline_schedule_search/daily_outputs/LCA/LCA_2006_LCA2006_normal_grid_S0032_daily.csv
LCA,LCA,Luancheng,2006,Leave_One_experiments\wth_generated_qc\LCA\LCA2006.WTH,wet_year;nitrogen_stress_year;low_response_year,wet,LCA2006_normal_grid_S0032,top_yield,2006-07-10,191,31,26,"{""sim_day"": 31.0, ""doy"": 191.0, ""topwt"": 1524.2149353027344, ""grnwt"": 0.0, ""xlai"": 1.938109755516052, ""totir"": 0.0, ""tofer"": NaN, ""swfac"": 0.0, ""nstres"": 0.0}",0.0,0.0,1524.2149353027344,0.0,1.938109755516052,0.0,,0.0,0.0,40.0,180.0,27.25639038085937,43.25639038085937,Leave_One_experiments/all_year_offline_schedule_search/daily_outputs/LCA/LCA_2006_LCA2006_normal_grid_S0032_daily.csv
LCA,LCA,Luancheng,2006,Leave_One_experiments\wth_generated_qc\LCA\LCA2006.WTH,wet_year;nitrogen_stress_year;low_response_year,wet,LCA2006_normal_grid_S0032,top_yield,2006-07-11,192,32,27,"{""sim_day"": 32.0, ""doy"": 192.0, ""topwt"": 1754.788818359375, ""grnwt"": 0.0, ""xlai"": 2.121856451034546, ""totir"": 0.0, ""tofer"": NaN, ""swfac"": 0.0, ""nstres"": 0.0}",0.0,0.0,1754.788818359375,0.0,2.121856451034546,0.0,,0.0,0.0,40.0,180.0,27.25639038085937,43.25639038085937,Leave_One_experiments/all_year_offline_schedule_search/daily_outputs/LCA/LCA_2006_LCA2006_normal_grid_S0032_daily.csv
LCA,LCA,Luancheng,2006,Leave_One_experiments\wth_generated_qc\LCA\LCA2006.WTH,wet_year;nitrogen_stress_year;low_response_year,wet,LCA2006_normal_grid_S0032,top_yield,2006-07-12,193,33,28,"{""sim_day"": 33.0, ""doy"": 193.0, ""topwt"": 1966.7686462402344, ""grnwt"": 0.0, ""xlai"": 2.2760324478149414, ""totir"": 0.0, ""tofer"": NaN, ""swfac"": 0.0, ""nstres"": 0.0}",0.0,0.0,1966.7686462402344,0.0,2.2760324478149414,0.0,,0.0,0.0,40.0,180.0,27.25639038085937,43.25639038085937,Leave_One_experiments/all_year_offline_schedule_search/daily_outputs/LCA/LCA_2006_LCA2006_normal_grid_S0032_daily.csv
LCA,LCA,Luancheng,2006,Leave_One_experiments\wth_generated_qc\LCA\LCA2006.WTH,wet_year;nitrogen_stress_year;low_response_year,wet,LCA2006_normal_grid_S0032,top_yield,2006-07-13,194,34,29,"{""sim_day"": 34.0, ""doy"": 194.0, ""topwt"": 2067.31689453125, ""grnwt"": 0.0, ""xlai"": 2.3432507514953613, ""totir"": 0.0, ""tofer"": NaN, ""swfac"": 0.0, ""nstres"": 0.0}",0.0,0.0,2067.31689453125,0.0,2.3432507514953613,0.0,,0.0,0.0,40.0,180.0,27.25639038085937,43.25639038085937,Leave_One_experiments/all_year_offline_schedule_search/daily_outputs/LCA/LCA_2006_LCA2006_normal_grid_S0032_daily.csv
LCA,LCA,Luancheng,2006,Leave_One_experiments\wth_generated_qc\LCA\LCA2006.WTH,wet_year;nitrogen_stress_year;low_response_year,wet,LCA2006_normal_grid_S0032,top_yield,2006-07-14,195,35,30,"{""sim_day"": 35.0, ""doy"": 195.0, ""topwt"": 2346.9705200195312, ""grnwt"": 0.0, ""xlai"": 2.514810562133789, ""totir"": 0.0, ""tofer"": NaN, ""swfac"": 0.0, ""nstres"": 0.0}",0.0,0.0,2346.9705200195312,0.0,2.514810562133789,0.0,,0.0,50.0,40.0,180.0,27.25639038085937,43.25639038085937,Leave_One_experiments/all_year_offline_schedule_search/daily_outputs/LCA/LCA_2006_LCA2006_normal_grid_S0032_daily.csv
LCA,LCA,Luancheng,2006,Leave_One_experiments\wth_generated_qc\LCA\LCA2006.WTH,wet_year;nitrogen_stress_year;low_response_year,wet,LCA2006_normal_grid_S0032,top_yield,2006-07-15,196,36,31,"{""sim_day"": 36.0, ""doy"": 196.0, ""topwt"": 2600.829162597656, ""grnwt"": 0.0, ""xlai"": 2.656357765197754, ""totir"": 0.0, ""tofer"": NaN, ""swfac"": 0.0, ""nstres"": 0.0}",0.0,0.0,2600.829162597656,0.0,2.656357765197754,0.0,,0.0,0.0,40.0,180.0,27.25639038085937,43.25639038085937,Leave_One_experiments/all_year_offline_schedule_search/daily_outputs/LCA/LCA_2006_LCA2006_normal_grid_S0032_daily.csv
LCA,LCA,Luancheng,2006,Leave_One_experiments\wth_generated_qc\LCA\LCA2006.WTH,wet_year;nitrogen_stress_year;low_response_year,wet,LCA2006_normal_grid_S0032,top_yield,2006-07-16,197,37,32,"{""sim_day"": 37.0, ""doy"": 197.0, ""topwt"": 2947.9461669921875, ""grnwt"": 0.0, ""xlai"": 2.8337883949279785, ""totir"": 0.0, ""tofer"": NaN, ""swfac"": 0.0, ""nstres"": 0.0}",0.0,0.0,2947.9461669921875,0.0,2.8337883949279785,0.0,,0.0,0.0,40.0,180.0,27.25639038085937,43.25639038085937,Leave_One_experiments/all_year_offline_schedule_search/daily_outputs/LCA/LCA_2006_LCA2006_normal_grid_S0032_daily.csv
LCA,LCA,Luancheng,2006,Leave_One_experiments\wth_generated_qc\LCA\LCA2006.WTH,wet_year;nitrogen_stress_year;low_response_year,wet,LCA2006_normal_grid_S0032,top_yield,2006-07-17,198,38,33,"{""sim_day"": 38.0, ""doy"": 198.0, ""topwt"": 2987.1942138671875, ""grnwt"": 0.0, ""xlai"": 2.8522696495056152, ""totir"": 0.0, ""tofer"": NaN, ""swfac"": 0.0, ""nstres"": 0.0}",0.0,0.0,2987.1942138671875,0.0,2.8522696495056152,0.0,,0.0,0.0,40.0,180.0,27.25639038085937,43.25639038085937,Leave_One_experiments/all_year_offline_schedule_search/daily_outputs/LCA/LCA_2006_LCA2006_normal_grid_S0032_daily.csv
LCA,LCA,Luancheng,2006,Leave_One_experiments\wth_generated_qc\LCA\LCA2006.WTH,wet_year;nitrogen_stress_year;low_response_year,wet,LCA2006_normal_grid_S0032,top_yield,2006-07-18,199,39,34,"{""sim_day"": 39.0, ""doy"": 199.0, ""topwt"": 3210.619506835937, ""grnwt"": 0.0, ""xlai"": 2.951561689376831, ""totir"": 0.0, ""tofer"": NaN, ""swfac"": 0.0, ""nstres"": 0.0}",0.0,0.0,3210.619506835937,0.0,2.951561689376831,0.0,,0.0,0.0,40.0,180.0,27.25639038085937,43.25639038085937,Leave_One_experiments/all_year_offline_schedule_search/daily_outputs/LCA/LCA_2006_LCA2006_normal_grid_S0032_daily.csv
LCA,LCA,Luancheng,2006,Leave_One_experiments\wth_generated_qc\LCA\LCA2006.WTH,wet_year;nitrogen_stress_year;low_response_year,wet,LCA2006_normal_grid_S0032,top_yield,2006-07-19,200,40,35,"{""sim_day"": 40.0, ""doy"": 200.0, ""topwt"": 3565.43701171875, ""grnwt"": 0.0, ""xlai"": 3.096980094909668, ""totir"": 0.0, ""tofer"": NaN, ""swfac"": 0.0, ""nstres"": 0.0}",0.0,0.0,3565.43701171875,0.0,3.096980094909668,0.0,,0.0,0.0,40.0,180.0,27.25639038085937,43.25639038085937,Leave_One_experiments/all_year_offline_schedule_search/daily_outputs/LCA/LCA_2006_LCA2006_normal_grid_S0032_daily.csv
LCA,LCA,Luancheng,2006,Leave_One_experiments\wth_generated_qc\LCA\LCA2006.WTH,wet_year;nitrogen_stress_year;low_response_year,wet,LCA2006_normal_grid_S0032,top_yield,2006-07-20,201,41,36,"{""sim_day"": 41.0, ""doy"": 201.0, ""topwt"": 3952.3910522460938, ""grnwt"": 0.0, ""xlai"": 3.271941661834717, ""totir"": 0.0, ""tofer"": NaN, ""swfac"": 0.0, ""nstres"": 0.0}",0.0,0.0,3952.3910522460938,0.0,3.271941661834717,0.0,,0.0,0.0,40.0,180.0,27.25639038085937,43.25639038085937,Leave_One_experiments/all_year_offline_schedule_search/daily_outputs/LCA/LCA_2006_LCA2006_normal_grid_S0032_daily.csv
LCA,LCA,Luancheng,2006,Leave_One_experiments\wth_generated_qc\LCA\LCA2006.WTH,wet_year;nitrogen_stress_year;low_response_year,wet,LCA2006_normal_grid_S0032,top_yield,2006-07-21,202,42,37,"{""sim_day"": 42.0, ""doy"": 202.0, ""topwt"": 4243.316040039063, ""grnwt"": 0.0, ""xlai"": 3.379411220550537, ""totir"": 0.0, ""tofer"": NaN, ""swfac"": 0.0, ""nstres"": 0.0}",0.0,0.0,4243.316040039063,0.0,3.379411220550537,0.0,,0.0,0.0,40.0,180.0,27.25639038085937,43.25639038085937,Leave_One_experiments/all_year_offline_schedule_search/daily_outputs/LCA/LCA_2006_LCA2006_normal_grid_S0032_daily.csv
LCA,LCA,Luancheng,2006,Leave_One_experiments\wth_generated_qc\LCA\LCA2006.WTH,wet_year;nitrogen_stress_year;low_response_year,wet,LCA2006_normal_grid_S0032,top_yield,2006-07-22,203,43,38,"{""sim_day"": 43.0, ""doy"": 203.0, ""topwt"": 4520.946960449219, ""grnwt"": 0.0, ""xlai"": 3.4699599742889404, ""totir"": 0.0, ""tofer"": NaN, ""swfac"": 0.0, ""nstres"": 0.0}",0.0,0.0,4520.946960449219,0.0,3.4699599742889404,0.0,,0.0,0.0,40.0,180.0,27.25639038085937,43.25639038085937,Leave_One_experiments/all_year_offline_schedule_search/daily_outputs/LCA/LCA_2006_LCA2006_normal_grid_S0032_daily.csv
LCA,LCA,Luancheng,2006,Leave_One_experiments\wth_generated_qc\LCA\LCA2006.WTH,wet_year;nitrogen_stress_year;low_response_year,wet,LCA2006_normal_grid_S0032,top_yield,2006-07-23,204,44,39,"{""sim_day"": 44.0, ""doy"": 204.0, ""topwt"": 4730.337524414063, ""grnwt"": 0.0, ""xlai"": 3.532660007476806, ""totir"": 0.0, ""tofer"": NaN, ""swfac"": 0.0, ""nstres"": 0.0}",0.0,0.0,4730.337524414063,0.0,3.532660007476806,0.0,,0.0,0.0,40.0,180.0,27.25639038085937,43.25639038085937,Leave_One_experiments/all_year_offline_schedule_search/daily_outputs/LCA/LCA_2006_LCA2006_normal_grid_S0032_daily.csv
LCA,LCA,Luancheng,2006,Leave_One_experiments\wth_generated_qc\LCA\LCA2006.WTH,wet_year;nitrogen_stress_year;low_response_year,wet,LCA2006_normal_grid_S0032,top_yield,2006-07-24,205,45,40,"{""sim_day"": 45.0, ""doy"": 205.0, ""topwt"": 4800.025939941406, ""grnwt"": 0.0, ""xlai"": 3.552090644836426, ""totir"": 0.0, ""tofer"": NaN, ""swfac"": 0.0, ""nstres"": 0.0}",0.0,0.0,4800.025939941406,0.0,3.552090644836426,0.0,,0.0,0.0,40.0,180.0,27.25639038085937,43.25639038085937,Leave_One_experiments/all_year_offline_schedule_search/daily_outputs/LCA/LCA_2006_LCA2006_normal_grid_S0032_daily.csv
LCA,LCA,Luancheng,2006,Leave_One_experiments\wth_generated_qc\LCA\LCA2006.WTH,wet_year;nitrogen_stress_year;low_response_year,wet,LCA2006_normal_grid_S0032,top_yield,2006-07-25,206,46,41,"{""sim_day"": 46.0, ""doy"": 206.0, ""topwt"": 4924.332580566406, ""grnwt"": 0.0, ""xlai"": 3.585366725921631, ""totir"": 0.0, ""tofer"": NaN, ""swfac"": 0.0, ""nstres"": 0.0}",0.0,0.0,4924.332580566406,0.0,3.585366725921631,0.0,,0.0,0.0,40.0,180.0,27.25639038085937,43.25639038085937,Leave_One_experiments/all_year_offline_schedule_search/daily_outputs/LCA/LCA_2006_LCA2006_normal_grid_S0032_daily.csv
LCA,LCA,Luancheng,2006,Leave_One_experiments\wth_generated_qc\LCA\LCA2006.WTH,wet_year;nitrogen_stress_year;low_response_year,wet,LCA2006_normal_grid_S0032,top_yield,2006-07-26,207,47,42,"{""sim_day"": 47.0, ""doy"": 207.0, ""topwt"": 5228.7060546875, ""grnwt"": 0.0, ""xlai"": 3.662867784500122, ""totir"": 0.0, ""tofer"": NaN, ""swfac"": 0.0, ""nstres"": 0.0}",0.0,0.0,5228.7060546875,0.0,3.662867784500122,0.0,,0.0,0.0,40.0,180.0,27.25639038085937,43.25639038085937,Leave_One_experiments/all_year_offline_schedule_search/daily_outputs/LCA/LCA_2006_LCA2006_normal_grid_S0032_daily.csv
LCA,LCA,Luancheng,2006,Leave_One_experiments\wth_generated_qc\LCA\LCA2006.WTH,wet_year;nitrogen_stress_year;low_response_year,wet,LCA2006_normal_grid_S0032,top_yield,2006-07-27,208,48,43,"{""sim_day"": 48.0, ""doy"": 208.0, ""topwt"": 5491.9805908203125, ""grnwt"": 0.0, ""xlai"": 3.7261691093444815, ""totir"": 0.0, ""tofer"": NaN, ""swfac"": 0.0, ""nstres"": 0.0}",0.0,0.0,5491.9805908203125,0.0,3.7261691093444815,0.0,,0.0,0.0,40.0,180.0,27.25639038085937,43.25639038085937,Leave_One_experiments/all_year_offline_schedule_search/daily_outputs/LCA/LCA_2006_LCA2006_normal_grid_S0032_daily.csv
LCA,LCA,Luancheng,2006,Leave_One_experiments\wth_generated_qc\LCA\LCA2006.WTH,wet_year;nitrogen_stress_year;low_response_year,wet,LCA2006_normal_grid_S0032,top_yield,2006-07-28,209,49,44,"{""sim_day"": 49.0, ""doy"": 209.0, ""topwt"": 5782.857055664063, ""grnwt"": 0.0, ""xlai"": 3.796060085296631, ""totir"": 0.0, ""tofer"": NaN, ""swfac"": 0.0, ""nstres"": 0.0}",0.0,0.0,5782.857055664063,0.0,3.796060085296631,0.0,,0.0,0.0,40.0,180.0,27.25639038085937,43.25639038085937,Leave_One_experiments/all_year_offline_schedule_search/daily_outputs/LCA/LCA_2006_LCA2006_normal_grid_S0032_daily.csv
LCA,LCA,Luancheng,2006,Leave_One_experiments\wth_generated_qc\LCA\LCA2006.WTH,wet_year;nitrogen_stress_year;low_response_year,wet,LCA2006_normal_grid_S0032,top_yield,2006-07-29,210,50,45,"{""sim_day"": 50.0, ""doy"": 210.0, ""topwt"": 6103.370361328125, ""grnwt"": 0.0, ""xlai"": 3.8730084896087646, ""totir"": 0.0, ""tofer"": NaN, ""swfac"": 0.0, ""nstres"": 0.0}",0.0,0.0,6103.370361328125,0.0,3.8730084896087646,0.0,,0.0,0.0,40.0,180.0,27.25639038085937,43.25639038085937,Leave_One_experiments/all_year_offline_schedule_search/daily_outputs/LCA/LCA_2006_LCA2006_normal_grid_S0032_daily.csv
LCA,LCA,Luancheng,2006,Leave_One_experiments\wth_generated_qc\LCA\LCA2006.WTH,wet_year;nitrogen_stress_year;low_response_year,wet,LCA2006_normal_grid_S0032,top_yield,2006-07-30,211,51,46,"{""sim_day"": 51.0, ""doy"": 211.0, ""topwt"": 6285.4229736328125, ""grnwt"": 0.0, ""xlai"": 3.916504621505737, ""totir"": 0.0, ""tofer"": NaN, ""swfac"": 0.0, ""nstres"": 0.0}",0.0,0.0,6285.4229736328125,0.0,3.916504621505737,0.0,,0.0,0.0,40.0,180.0,27.25639038085937,43.25639038085937,Leave_One_experiments/all_year_offline_schedule_search/daily_outputs/LCA/LCA_2006_LCA2006_normal_grid_S0032_daily.csv
LCA,LCA,Luancheng,2006,Leave_One_experiments\wth_generated_qc\LCA\LCA2006.WTH,wet_year;nitrogen_stress_year;low_response_year,wet,LCA2006_normal_grid_S0032,top_yield,2006-07-31,212,52,47,"{""sim_day"": 52.0, ""doy"": 212.0, ""topwt"": 6681.7169189453125, ""grnwt"": 0.0, ""xlai"": 3.738037347793579, ""totir"": 0.0, ""tofer"": NaN, ""swfac"": 0.0, ""nstres"": 0.0}",0.0,0.0,6681.7169189453125,0.0,3.738037347793579,0.0,,0.0,0.0,40.0,180.0,27.25639038085937,43.25639038085937,Leave_One_experiments/all_year_offline_schedule_search/daily_outputs/LCA/LCA_2006_LCA2006_normal_grid_S0032_daily.csv
LCA,LCA,Luancheng,2006,Leave_One_experiments\wth_generated_qc\LCA\LCA2006.WTH,wet_year;nitrogen_stress_year;low_response_year,wet,LCA2006_normal_grid_S0032,top_yield,2006-08-01,213,53,48,"{""sim_day"": 53.0, ""doy"": 213.0, ""topwt"": 6973.0767822265625, ""grnwt"": 0.0, ""xlai"": 3.721060752868652, ""totir"": 0.0, ""tofer"": NaN, ""swfac"": 0.0, ""nstres"": 0.0}",0.0,0.0,6973.0767822265625,0.0,3.721060752868652,0.0,,0.0,0.0,40.0,180.0,27.25639038085937,43.25639038085937,Leave_One_experiments/all_year_offline_schedule_search/daily_outputs/LCA/LCA_2006_LCA2006_normal_grid_S0032_daily.csv
LCA,LCA,Luancheng,2006,Leave_One_experiments\wth_generated_qc\LCA\LCA2006.WTH,wet_year;nitrogen_stress_year;low_response_year,wet,LCA2006_normal_grid_S0032,top_yield,2006-08-02,214,54,49,"{""sim_day"": 54.0, ""doy"": 214.0, ""topwt"": 7030.827026367188, ""grnwt"": 0.0, ""xlai"": 3.7054131031036377, ""totir"": 0.0, ""tofer"": NaN, ""swfac"": 0.0, ""nstres"": 0.0}",0.0,0.0,7030.827026367188,0.0,3.7054131031036377,0.0,,0.0,0.0,40.0,180.0,27.25639038085937,43.25639038085937,Leave_One_experiments/all_year_offline_schedule_search/daily_outputs/LCA/LCA_2006_LCA2006_normal_grid_S0032_daily.csv
LCA,LCA,Luancheng,2006,Leave_One_experiments\wth_generated_qc\LCA\LCA2006.WTH,wet_year;nitrogen_stress_year;low_response_year,wet,LCA2006_normal_grid_S0032,top_yield,2006-08-03,215,55,50,"{""sim_day"": 55.0, ""doy"": 215.0, ""topwt"": 7236.2432861328125, ""grnwt"": 0.0, ""xlai"": 3.688091993331909, ""totir"": 0.0, ""tofer"": NaN, ""swfac"": 0.0, ""nstres"": 0.0}",0.0,0.0,7236.2432861328125,0.0,3.688091993331909,0.0,,0.0,0.0,40.0,180.0,27.25639038085937,43.25639038085937,Leave_One_experiments/all_year_offline_schedule_search/daily_outputs/LCA/LCA_2006_LCA2006_normal_grid_S0032_daily.csv
LCA,LCA,Luancheng,2006,Leave_One_experiments\wth_generated_qc\LCA\LCA2006.WTH,wet_year;nitrogen_stress_year;low_response_year,wet,LCA2006_normal_grid_S0032,top_yield,2006-08-04,216,56,51,"{""sim_day"": 56.0, ""doy"": 216.0, ""topwt"": 7494.696655273437, ""grnwt"": 0.0, ""xlai"": 3.670525312423706, ""totir"": 0.0, ""tofer"": NaN, ""swfac"": 0.0, ""nstres"": 0.0}",0.0,0.0,7494.696655273437,0.0,3.670525312423706,0.0,,0.0,0.0,40.0,180.0,27.25639038085937,43.25639038085937,Leave_One_experiments/all_year_offline_schedule_search/daily_outputs/LCA/LCA_2006_LCA2006_normal_grid_S0032_daily.csv
LCA,LCA,Luancheng,2006,Leave_One_experiments\wth_generated_qc\LCA\LCA2006.WTH,wet_year;nitrogen_stress_year;low_response_year,wet,LCA2006_normal_grid_S0032,top_yield,2006-08-05,217,57,52,"{""sim_day"": 57.0, ""doy"": 217.0, ""topwt"": 7789.683837890625, ""grnwt"": 0.0, ""xlai"": 3.652466297149658, ""totir"": 0.0, ""tofer"": NaN, ""swfac"": 0.0, ""nstres"": 0.0}",0.0,0.0,7789.683837890625,0.0,3.652466297149658,0.0,,0.0,0.0,40.0,180.0,27.25639038085937,43.25639038085937,Leave_One_experiments/all_year_offline_schedule_search/daily_outputs/LCA/LCA_2006_LCA2006_normal_grid_S0032_daily.csv
LCA,LCA,Luancheng,2006,Leave_One_experiments\wth_generated_qc\LCA\LCA2006.WTH,wet_year;nitrogen_stress_year;low_response_year,wet,LCA2006_normal_grid_S0032,top_yield,2006-08-06,218,58,53,"{""sim_day"": 58.0, ""doy"": 218.0, ""topwt"": 8043.14697265625, ""grnwt"": 0.0, ""xlai"": 3.633472681045532, ""totir"": 0.0, ""tofer"": NaN, ""swfac"": 0.0, ""nstres"": 0.0}",0.0,0.0,8043.14697265625,0.0,3.633472681045532,0.0,,0.0,0.0,40.0,180.0,27.25639038085937,43.25639038085937,Leave_One_experiments/all_year_offline_schedule_search/daily_outputs/LCA/LCA_2006_LCA2006_normal_grid_S0032_daily.csv
LCA,LCA,Luancheng,2006,Leave_One_experiments\wth_generated_qc\LCA\LCA2006.WTH,wet_year;nitrogen_stress_year;low_response_year,wet,LCA2006_normal_grid_S0032,top_yield,2006-08-07,219,59,54,"{""sim_day"": 59.0, ""doy"": 219.0, ""topwt"": 8318.292236328125, ""grnwt"": 0.0, ""xlai"": 3.613789796829224, ""totir"": 0.0, ""tofer"": NaN, ""swfac"": 0.0, ""nstres"": 0.0}",0.0,0.0,8318.292236328125,0.0,3.613789796829224,0.0,,0.0,0.0,40.0,180.0,27.25639038085937,43.25639038085937,Leave_One_experiments/all_year_offline_schedule_search/daily_outputs/LCA/LCA_2006_LCA2006_normal_grid_S0032_daily.csv
LCA,LCA,Luancheng,2006,Leave_One_experiments\wth_generated_qc\LCA\LCA2006.WTH,wet_year;nitrogen_stress_year;low_response_year,wet,LCA2006_normal_grid_S0032,top_yield,2006-08-08,220,60,55,"{""sim_day"": 60.0, ""doy"": 220.0, ""topwt"": 8457.766723632812, ""grnwt"": 0.0, ""xlai"": 3.592778444290161, ""totir"": 0.0, ""tofer"": NaN, ""swfac"": 0.0, ""nstres"": 0.0}",0.0,0.0,8457.766723632812,0.0,3.592778444290161,0.0,,0.0,0.0,40.0,180.0,27.25639038085937,43.25639038085937,Leave_One_experiments/all_year_offline_schedule_search/daily_outputs/LCA/LCA_2006_LCA2006_normal_grid_S0032_daily.csv
LCA,LCA,Luancheng,2006,Leave_One_experiments\wth_generated_qc\LCA\LCA2006.WTH,wet_year;nitrogen_stress_year;low_response_year,wet,LCA2006_normal_grid_S0032,top_yield,2006-08-09,221,61,56,"{""sim_day"": 61.0, ""doy"": 221.0, ""topwt"": 8689.461669921875, ""grnwt"": 231.6946220397949, ""xlai"": 3.512451410293579, ""totir"": 0.0, ""tofer"": NaN, ""swfac"": 0.0, ""nstres"": 0.0}",0.0,0.0,8689.461669921875,231.6946220397949,3.512451410293579,0.0,,0.0,0.0,40.0,180.0,27.25639038085937,43.25639038085937,Leave_One_experiments/all_year_offline_schedule_search/daily_outputs/LCA/LCA_2006_LCA2006_normal_grid_S0032_daily.csv
LCA,LCA,Luancheng,2006,Leave_One_experiments\wth_generated_qc\LCA\LCA2006.WTH,wet_year;nitrogen_stress_year;low_response_year,wet,LCA2006_normal_grid_S0032,top_yield,2006-08-10,222,62,57,"{""sim_day"": 62.0, ""doy"": 222.0, ""topwt"": 8908.18115234375, ""grnwt"": 450.41431427001953, ""xlai"": 3.4996533393859863, ""totir"": 0.0, ""tofer"": NaN, ""swfac"": 0.0, ""nstres"": 0.0}",0.0,0.0,8908.18115234375,450.41431427001953,3.4996533393859863,0.0,,0.0,0.0,40.0,180.0,27.25639038085937,43.25639038085937,Leave_One_experiments/all_year_offline_schedule_search/daily_outputs/LCA/LCA_2006_LCA2006_normal_grid_S0032_daily.csv
LCA,LCA,Luancheng,2006,Leave_One_experiments\wth_generated_qc\LCA\LCA2006.WTH,wet_year;nitrogen_stress_year;low_response_year,wet,LCA2006_normal_grid_S0032,top_yield,2006-08-11,223,63,58,"{""sim_day"": 63.0, ""doy"": 223.0, ""topwt"": 9102.804565429688, ""grnwt"": 645.037841796875, ""xlai"": 3.483295202255249, ""totir"": 0.0, ""tofer"": NaN, ""swfac"": 0.0, ""nstres"": 0.0}",0.0,0.0,9102.804565429688,645.037841796875,3.483295202255249,0.0,,0.0,0.0,40.0,180.0,27.25639038085937,43.25639038085937,Leave_One_experiments/all_year_offline_schedule_search/daily_outputs/LCA/LCA_2006_LCA2006_normal_grid_S0032_daily.csv
LCA,LCA,Luancheng,2006,Leave_One_experiments\wth_generated_qc\LCA\LCA2006.WTH,wet_year;nitrogen_stress_year;low_response_year,wet,LCA2006_normal_grid_S0032,top_yield,2006-08-12,224,64,59,"{""sim_day"": 64.0, ""doy"": 224.0, ""topwt"": 9290.013427734377, ""grnwt"": 832.2470092773438, ""xlai"": 3.463209390640259, ""totir"": 0.0, ""tofer"": NaN, ""swfac"": 0.0, ""nstres"": 0.0}",0.0,0.0,9290.013427734377,832.2470092773438,3.463209390640259,0.0,,0.0,0.0,40.0,180.0,27.25639038085937,43.25639038085937,Leave_One_experiments/all_year_offline_schedule_search/daily_outputs/LCA/LCA_2006_LCA2006_normal_grid_S0032_daily.csv
LCA,LCA,Luancheng,2006,Leave_One_experiments\wth_generated_qc\LCA\LCA2006.WTH,wet_year;nitrogen_stress_year;low_response_year,wet,LCA2006_normal_grid_S0032,top_yield,2006-08-13,225,65,60,"{""sim_day"": 65.0, ""doy"": 225.0, ""topwt"": 9418.278198242188, ""grnwt"": 1128.816146850586, ""xlai"": 3.4456896781921387, ""totir"": 0.0, ""tofer"": NaN, ""swfac"": 0.0, ""nstres"": 0.0}",0.0,0.0,9418.278198242188,1128.816146850586,3.4456896781921387,0.0,,0.0,50.0,40.0,180.0,27.25639038085937,43.25639038085937,Leave_One_experiments/all_year_offline_schedule_search/daily_outputs/LCA/LCA_2006_LCA2006_normal_grid_S0032_daily.csv
LCA,LCA,Luancheng,2006,Leave_One_experiments\wth_generated_qc\LCA\LCA2006.WTH,wet_year;nitrogen_stress_year;low_response_year,wet,LCA2006_normal_grid_S0032,top_yield,2006-08-14,226,66,61,"{""sim_day"": 66.0, ""doy"": 226.0, ""topwt"": 9758.736572265623, ""grnwt"": 1425.385284423828, ""xlai"": 3.4229166507720947, ""totir"": 0.0, ""tofer"": NaN, ""swfac"": 0.0, ""nstres"": 0.0}",0.0,0.0,9758.736572265623,1425.385284423828,3.4229166507720947,0.0,,0.0,0.0,40.0,180.0,27.25639038085937,43.25639038085937,Leave_One_experiments/all_year_offline_schedule_search/daily_outputs/LCA/LCA_2006_LCA2006_normal_grid_S0032_daily.csv
LCA,LCA,Luancheng,2006,Leave_One_experiments\wth_generated_qc\LCA\LCA2006.WTH,wet_year;nitrogen_stress_year;low_response_year,wet,LCA2006_normal_grid_S0032,top_yield,2006-08-15,227,67,62,"{""sim_day"": 67.0, ""doy"": 227.0, ""topwt"": 10107.614135742188, ""grnwt"": 1721.9544982910156, ""xlai"": 3.3969147205352783, ""totir"": 0.0, ""tofer"": NaN, ""swfac"": 0.0, ""nstres"": 0.0}",0.0,0.0,10107.614135742188,1721.9544982910156,3.3969147205352783,0.0,,0.0,0.0,40.0,180.0,27.25639038085937,43.25639038085937,Leave_One_experiments/all_year_offline_schedule_search/daily_outputs/LCA/LCA_2006_LCA2006_normal_grid_S0032_daily.csv
LCA,LCA,Luancheng,2006,Leave_One_experiments\wth_generated_qc\LCA\LCA2006.WTH,wet_year;nitrogen_stress_year;low_response_year,wet,LCA2006_normal_grid_S0032,top_yield,2006-08-16,228,68,63,"{""sim_day"": 68.0, ""doy"": 228.0, ""topwt"": 10405.826416015623, ""grnwt"": 2018.5237121582031, ""xlai"": 3.368008136749268, ""totir"": 0.0, ""tofer"": NaN, ""swfac"": 0.0, ""nstres"": 0.0}",0.0,0.0,10405.826416015623,2018.5237121582031,3.368008136749268,0.0,,0.0,0.0,40.0,180.0,27.25639038085937,43.25639038085937,Leave_One_experiments/all_year_offline_schedule_search/daily_outputs/LCA/LCA_2006_LCA2006_normal_grid_S0032_daily.csv
LCA,LCA,Luancheng,2006,Leave_One_experiments\wth_generated_qc\LCA\LCA2006.WTH,wet_year;nitrogen_stress_year;low_response_year,wet,LCA2006_normal_grid_S0032,top_yield,2006-08-17,229,69,64,"{""sim_day"": 69.0, ""doy"": 229.0, ""topwt"": 10738.475341796877, ""grnwt"": 2315.0927734375, ""xlai"": 3.3348405361175537, ""totir"": 0.0, ""tofer"": NaN, ""swfac"": 0.0, ""nstres"": 0.0}",0.0,0.0,10738.475341796877,2315.0927734375,3.3348405361175537,0.0,,0.0,0.0,40.0,180.0,27.25639038085937,43.25639038085937,Leave_One_experiments/all_year_offline_schedule_search/daily_outputs/LCA/LCA_2006_LCA2006_normal_grid_S0032_daily.csv
LCA,LCA,Luancheng,2006,Leave_One_experiments\wth_generated_qc\LCA\LCA2006.WTH,wet_year;nitrogen_stress_year;low_response_year,wet,LCA2006_normal_grid_S0032,top_yield,2006-08-18,230,70,65,"{""sim_day"": 70.0, ""doy"": 230.0, ""topwt"": 11069.4287109375, ""grnwt"": 2611.6619873046875, ""xlai"": 3.300840139389038, ""totir"": 40.0, ""tofer"": NaN, ""swfac"": 0.0, ""nstres"": 0.0}",0.0,0.0,11069.4287109375,2611.6619873046875,3.300840139389038,40.0,,40.0,0.0,40.0,180.0,27.25639038085937,43.25639038085937,Leave_One_experiments/all_year_offline_schedule_search/daily_outputs/LCA/LCA_2006_LCA2006_normal_grid_S0032_daily.csv
LCA,LCA,Luancheng,2006,Leave_One_experiments\wth_generated_qc\LCA\LCA2006.WTH,wet_year;nitrogen_stress_year;low_response_year,wet,LCA2006_normal_grid_S0032,top_yield,2006-08-19,231,71,66,"{""sim_day"": 71.0, ""doy"": 231.0, ""topwt"": 11273.037109375, ""grnwt"": 2908.231201171875, ""xlai"": 3.259300947189331, ""totir"": 40.0, ""tofer"": NaN, ""swfac"": 0.0, ""nstres"": 0.0}",0.0,0.0,11273.037109375,2908.231201171875,3.259300947189331,40.0,,0.0,0.0,40.0,180.0,27.25639038085937,43.25639038085937,Leave_One_experiments/all_year_offline_schedule_search/daily_outputs/LCA/LCA_2006_LCA2006_normal_grid_S0032_daily.csv
LCA,LCA,Luancheng,2006,Leave_One_experiments\wth_generated_qc\LCA\LCA2006.WTH,wet_year;nitrogen_stress_year;low_response_year,wet,LCA2006_normal_grid_S0032,top_yield,2006-08-20,232,72,67,"{""sim_day"": 72.0, ""doy"": 232.0, ""topwt"": 11382.17041015625, ""grnwt"": 3204.8004150390625, ""xlai"": 3.223021507263184, ""totir"": 40.0, ""tofer"": NaN, ""swfac"": 0.0, ""nstres"": 0.0}",0.0,0.0,11382.17041015625,3204.8004150390625,3.223021507263184,40.0,,0.0,0.0,40.0,180.0,27.25639038085937,43.25639038085937,Leave_One_experiments/all_year_offline_schedule_search/daily_outputs/LCA/LCA_2006_LCA2006_normal_grid_S0032_daily.csv
LCA,LCA,Luancheng,2006,Leave_One_experiments\wth_generated_qc\LCA\LCA2006.WTH,wet_year;nitrogen_stress_year;low_response_year,wet,LCA2006_normal_grid_S0032,top_yield,2006-08-21,233,73,68,"{""sim_day"": 73.0, ""doy"": 233.0, ""topwt"": 11485.257568359377, ""grnwt"": 3501.36962890625, ""xlai"": 3.190959930419922, ""totir"": 40.0, ""tofer"": NaN, ""swfac"": 0.0, ""nstres"": 0.0}",0.0,0.0,11485.257568359377,3501.36962890625,3.190959930419922,40.0,,0.0,0.0,40.0,180.0,27.25639038085937,43.25639038085937,Leave_One_experiments/all_year_offline_schedule_search/daily_outputs/LCA/LCA_2006_LCA2006_normal_grid_S0032_daily.csv
LCA,LCA,Luancheng,2006,Leave_One_experiments\wth_generated_qc\LCA\LCA2006.WTH,wet_year;nitrogen_stress_year;low_response_year,wet,LCA2006_normal_grid_S0032,top_yield,2006-08-22,234,74,69,"{""sim_day"": 74.0, ""doy"": 234.0, ""topwt"": 11797.28515625, ""grnwt"": 3797.9388427734375, ""xlai"": 3.1468093395233154, ""totir"": 40.0, ""tofer"": NaN, ""swfac"": 0.0, ""nstres"": 0.0}",0.0,0.0,11797.28515625,3797.9388427734375,3.1468093395233154,40.0,,0.0,0.0,40.0,180.0,27.25639038085937,43.25639038085937,Leave_One_experiments/all_year_offline_schedule_search/daily_outputs/LCA/LCA_2006_LCA2006_normal_grid_S0032_daily.csv
LCA,LCA,Luancheng,2006,Leave_One_experiments\wth_generated_qc\LCA\LCA2006.WTH,wet_year;nitrogen_stress_year;low_response_year,wet,LCA2006_normal_grid_S0032,top_yield,2006-08-23,235,75,70,"{""sim_day"": 75.0, ""doy"": 235.0, ""topwt"": 12087.5, ""grnwt"": 4094.507751464844, ""xlai"": 3.0886154174804688, ""totir"": 40.0, ""tofer"": NaN, ""swfac"": 0.0, ""nstres"": 0.0}",0.0,0.0,12087.5,4094.507751464844,3.0886154174804688,40.0,,0.0,0.0,40.0,180.0,27.25639038085937,43.25639038085937,Leave_One_experiments/all_year_offline_schedule_search/daily_outputs/LCA/LCA_2006_LCA2006_normal_grid_S0032_daily.csv
LCA,LCA,Luancheng,2006,Leave_One_experiments\wth_generated_qc\LCA\LCA2006.WTH,wet_year;nitrogen_stress_year;low_response_year,wet,LCA2006_normal_grid_S0032,top_yield,2006-08-24,236,76,71,"{""sim_day"": 76.0, ""doy"": 236.0, ""topwt"": 12208.271484375, ""grnwt"": 4391.076965332031, ""xlai"": 3.034165143966675, ""totir"": 40.0, ""tofer"": NaN, ""swfac"": 0.0, ""nstres"": 0.0}",0.0,0.0,12208.271484375,4391.076965332031,3.034165143966675,40.0,,0.0,0.0,40.0,180.0,27.25639038085937,43.25639038085937,Leave_One_experiments/all_year_offline_schedule_search/daily_outputs/LCA/LCA_2006_LCA2006_normal_grid_S0032_daily.csv
LCA,LCA,Luancheng,2006,Leave_One_experiments\wth_generated_qc\LCA\LCA2006.WTH,wet_year;nitrogen_stress_year;low_response_year,wet,LCA2006_normal_grid_S0032,top_yield,2006-08-25,237,77,72,"{""sim_day"": 77.0, ""doy"": 237.0, ""topwt"": 12518.02734375, ""grnwt"": 4687.646179199219, ""xlai"": 2.973071575164795, ""totir"": 40.0, ""tofer"": NaN, ""swfac"": 0.0, ""nstres"": 0.0}",0.0,0.0,12518.02734375,4687.646179199219,2.973071575164795,40.0,,0.0,0.0,40.0,180.0,27.25639038085937,43.25639038085937,Leave_One_experiments/all_year_offline_schedule_search/daily_outputs/LCA/LCA_2006_LCA2006_normal_grid_S0032_daily.csv
LCA,LCA,Luancheng,2006,Leave_One_experiments\wth_generated_qc\LCA\LCA2006.WTH,wet_year;nitrogen_stress_year;low_response_year,wet,LCA2006_normal_grid_S0032,top_yield,2006-08-26,238,78,73,"{""sim_day"": 78.0, ""doy"": 238.0, ""topwt"": 12823.094482421877, ""grnwt"": 4984.215393066406, ""xlai"": 2.9019646644592285, ""totir"": 40.0, ""tofer"": NaN, ""swfac"": 0.0, ""nstres"": 0.0}",0.0,0.0,12823.094482421877,4984.215393066406,2.9019646644592285,40.0,,0.0,0.0,40.0,180.0,27.25639038085937,43.25639038085937,Leave_One_experiments/all_year_offline_schedule_search/daily_outputs/LCA/LCA_2006_LCA2006_normal_grid_S0032_daily.csv
LCA,LCA,Luancheng,2006,Leave_One_experiments\wth_generated_qc\LCA\LCA2006.WTH,wet_year;nitrogen_stress_year;low_response_year,wet,LCA2006_normal_grid_S0032,top_yield,2006-08-27,239,79,74,"{""sim_day"": 79.0, ""doy"": 239.0, ""topwt"": 12887.59033203125, ""grnwt"": 5280.7843017578125, ""xlai"": 2.8352835178375244, ""totir"": 40.0, ""tofer"": NaN, ""swfac"": 0.0, ""nstres"": 0.0}",0.0,0.0,12887.59033203125,5280.7843017578125,2.8352835178375244,40.0,,0.0,0.0,40.0,180.0,27.25639038085937,43.25639038085937,Leave_One_experiments/all_year_offline_schedule_search/daily_outputs/LCA/LCA_2006_LCA2006_normal_grid_S0032_daily.csv
LCA,LCA,Luancheng,2006,Leave_One_experiments\wth_generated_qc\LCA\LCA2006.WTH,wet_year;nitrogen_stress_year;low_response_year,wet,LCA2006_normal_grid_S0032,top_yield,2006-08-28,240,80,75,"{""sim_day"": 80.0, ""doy"": 240.0, ""topwt"": 12820.1123046875, ""grnwt"": 5356.207885742188, ""xlai"": 2.7706403732299805, ""totir"": 40.0, ""tofer"": NaN, ""swfac"": 0.0, ""nstres"": 0.0}",0.0,0.0,12820.1123046875,5356.207885742188,2.7706403732299805,40.0,,0.0,0.0,40.0,180.0,27.25639038085937,43.25639038085937,Leave_One_experiments/all_year_offline_schedule_search/daily_outputs/LCA/LCA_2006_LCA2006_normal_grid_S0032_daily.csv
LCA,LCA,Luancheng,2006,Leave_One_experiments\wth_generated_qc\LCA\LCA2006.WTH,wet_year;nitrogen_stress_year;low_response_year,wet,LCA2006_normal_grid_S0032,top_yield,2006-08-29,241,81,76,"{""sim_day"": 81.0, ""doy"": 241.0, ""topwt"": 12856.63330078125, ""grnwt"": 5392.7288818359375, ""xlai"": 2.714139938354492, ""totir"": 40.0, ""tofer"": NaN, ""swfac"": 0.0, ""nstres"": 0.0}",0.0,0.0,12856.63330078125,5392.7288818359375,2.714139938354492,40.0,,0.0,0.0,40.0,180.0,27.25639038085937,43.25639038085937,Leave_One_experiments/all_year_offline_schedule_search/daily_outputs/LCA/LCA_2006_LCA2006_normal_grid_S0032_daily.csv
LCA,LCA,Luancheng,2006,Leave_One_experiments\wth_generated_qc\LCA\LCA2006.WTH,wet_year;nitrogen_stress_year;low_response_year,wet,LCA2006_normal_grid_S0032,top_yield,2006-08-30,242,82,77,"{""sim_day"": 82.0, ""doy"": 242.0, ""topwt"": 13153.643798828123, ""grnwt"": 5689.298095703125, ""xlai"": 2.634437322616577, ""totir"": 40.0, ""tofer"": NaN, ""swfac"": 0.0, ""nstres"": 0.0}",0.0,0.0,13153.643798828123,5689.298095703125,2.634437322616577,40.0,,0.0,0.0,40.0,180.0,27.25639038085937,43.25639038085937,Leave_One_experiments/all_year_offline_schedule_search/daily_outputs/LCA/LCA_2006_LCA2006_normal_grid_S0032_daily.csv
LCA,LCA,Luancheng,2006,Leave_One_experiments\wth_generated_qc\LCA\LCA2006.WTH,wet_year;nitrogen_stress_year;low_response_year,wet,LCA2006_normal_grid_S0032,top_yield,2006-08-31,243,83,78,"{""sim_day"": 83.0, ""doy"": 243.0, ""topwt"": 13462.6220703125, ""grnwt"": 5985.8673095703125, ""xlai"": 2.5434627532958984, ""totir"": 40.0, ""tofer"": NaN, ""swfac"": 0.0, ""nstres"": 0.0}",0.0,0.0,13462.6220703125,5985.8673095703125,2.5434627532958984,40.0,,0.0,0.0,40.0,180.0,27.25639038085937,43.25639038085937,Leave_One_experiments/all_year_offline_schedule_search/daily_outputs/LCA/LCA_2006_LCA2006_normal_grid_S0032_daily.csv
LCA,LCA,Luancheng,2006,Leave_One_experiments\wth_generated_qc\LCA\LCA2006.WTH,wet_year;nitrogen_stress_year;low_response_year,wet,LCA2006_normal_grid_S0032,top_yield,2006-09-01,244,84,79,"{""sim_day"": 84.0, ""doy"": 244.0, ""topwt"": 13764.3017578125, ""grnwt"": 6282.4365234375, ""xlai"": 2.4451446533203125, ""totir"": 40.0, ""tofer"": NaN, ""swfac"": 0.0, ""nstres"": 0.0}",0.0,0.0,13764.3017578125,6282.4365234375,2.4451446533203125,40.0,,0.0,0.0,40.0,180.0,27.25639038085937,43.25639038085937,Leave_One_experiments/all_year_offline_schedule_search/daily_outputs/LCA/LCA_2006_LCA2006_normal_grid_S0032_daily.csv
LCA,LCA,Luancheng,2006,Leave_One_experiments\wth_generated_qc\LCA\LCA2006.WTH,wet_year;nitrogen_stress_year;low_response_year,wet,LCA2006_normal_grid_S0032,top_yield,2006-09-02,245,85,80,"{""sim_day"": 85.0, ""doy"": 245.0, ""topwt"": 13985.789794921877, ""grnwt"": 6521.884765625, ""xlai"": 2.338087558746338, ""totir"": 40.0, ""tofer"": NaN, ""swfac"": 0.0, ""nstres"": 0.0}",0.0,0.0,13985.789794921877,6521.884765625,2.338087558746338,40.0,,0.0,0.0,40.0,180.0,27.25639038085937,43.25639038085937,Leave_One_experiments/all_year_offline_schedule_search/daily_outputs/LCA/LCA_2006_LCA2006_normal_grid_S0032_daily.csv
LCA,LCA,Luancheng,2006,Leave_One_experiments\wth_generated_qc\LCA\LCA2006.WTH,wet_year;nitrogen_stress_year;low_response_year,wet,LCA2006_normal_grid_S0032,top_yield,2006-09-03,246,86,81,"{""sim_day"": 86.0, ""doy"": 246.0, ""topwt"": 14061.376953125, ""grnwt"": 6597.4713134765625, ""xlai"": 2.2765707969665527, ""totir"": 40.0, ""tofer"": NaN, ""swfac"": 0.0, ""nstres"": 0.0}",0.0,0.0,14061.376953125,6597.4713134765625,2.2765707969665527,40.0,,0.0,0.0,40.0,180.0,27.25639038085937,43.25639038085937,Leave_One_experiments/all_year_offline_schedule_search/daily_outputs/LCA/LCA_2006_LCA2006_normal_grid_S0032_daily.csv
LCA,LCA,Luancheng,2006,Leave_One_experiments\wth_generated_qc\LCA\LCA2006.WTH,wet_year;nitrogen_stress_year;low_response_year,wet,LCA2006_normal_grid_S0032,top_yield,2006-09-04,247,87,82,"{""sim_day"": 87.0, ""doy"": 247.0, ""topwt"": 14394.07470703125, ""grnwt"": 6894.04052734375, ""xlai"": 2.20866060256958, ""totir"": 40.0, ""tofer"": NaN, ""swfac"": 0.0, ""nstres"": 0.0}",0.0,0.0,14394.07470703125,6894.04052734375,2.20866060256958,40.0,,0.0,0.0,40.0,180.0,27.25639038085937,43.25639038085937,Leave_One_experiments/all_year_offline_schedule_search/daily_outputs/LCA/LCA_2006_LCA2006_normal_grid_S0032_daily.csv
LCA,LCA,Luancheng,2006,Leave_One_experiments\wth_generated_qc\LCA\LCA2006.WTH,wet_year;nitrogen_stress_year;low_response_year,wet,LCA2006_normal_grid_S0032,top_yield,2006-09-05,248,88,83,"{""sim_day"": 88.0, ""doy"": 248.0, ""topwt"": 14725.3271484375, ""grnwt"": 7190.6097412109375, ""xlai"": 2.120325326919556, ""totir"": 40.0, ""tofer"": NaN, ""swfac"": 0.0, ""nstres"": 0.0}",0.0,0.0,14725.3271484375,7190.6097412109375,2.120325326919556,40.0,,0.0,0.0,40.0,180.0,27.25639038085937,43.25639038085937,Leave_One_experiments/all_year_offline_schedule_search/daily_outputs/LCA/LCA_2006_LCA2006_normal_grid_S0032_daily.csv
LCA,LCA,Luancheng,2006,Leave_One_experiments\wth_generated_qc\LCA\LCA2006.WTH,wet_year;nitrogen_stress_year;low_response_year,wet,LCA2006_normal_grid_S0032,top_yield,2006-09-06,249,89,84,"{""sim_day"": 89.0, ""doy"": 249.0, ""topwt"": 14969.100341796877, ""grnwt"": 7487.178955078125, ""xlai"": 2.02344822883606, ""totir"": 40.0, ""tofer"": NaN, ""swfac"": 0.0, ""nstres"": 0.0}",0.0,0.0,14969.100341796877,7487.178955078125,2.02344822883606,40.0,,0.0,0.0,40.0,180.0,27.25639038085937,43.25639038085937,Leave_One_experiments/all_year_offline_schedule_search/daily_outputs/LCA/LCA_2006_LCA2006_normal_grid_S0032_daily.csv
LCA,LCA,Luancheng,2006,Leave_One_experiments\wth_generated_qc\LCA\LCA2006.WTH,wet_year;nitrogen_stress_year;low_response_year,wet,LCA2006_normal_grid_S0032,top_yield,2006-09-07,250,90,85,"{""sim_day"": 90.0, ""doy"": 250.0, ""topwt"": 15274.4140625, ""grnwt"": 7783.748168945312, ""xlai"": 1.961095213890076, ""totir"": 40.0, ""tofer"": NaN, ""swfac"": 0.0, ""nstres"": 0.0}",0.0,0.0,15274.4140625,7783.748168945312,1.961095213890076,40.0,,0.0,0.0,40.0,180.0,27.25639038085937,43.25639038085937,Leave_One_experiments/all_year_offline_schedule_search/daily_outputs/LCA/LCA_2006_LCA2006_normal_grid_S0032_daily.csv
LCA,LCA,Luancheng,2006,Leave_One_experiments\wth_generated_qc\LCA\LCA2006.WTH,wet_year;nitrogen_stress_year;low_response_year,wet,LCA2006_normal_grid_S0032,top_yield,2006-09-08,251,91,86,"{""sim_day"": 91.0, ""doy"": 251.0, ""topwt"": 15579.0185546875, ""grnwt"": 8039.3621826171875, ""xlai"": 1.9082995653152464, ""totir"": 40.0, ""tofer"": NaN, ""swfac"": 0.0, ""nstres"": 0.0}",0.0,0.0,15579.0185546875,8039.3621826171875,1.9082995653152464,40.0,,0.0,0.0,40.0,180.0,27.25639038085937,43.25639038085937,Leave_One_experiments/all_year_offline_schedule_search/daily_outputs/LCA/LCA_2006_LCA2006_normal_grid_S0032_daily.csv
LCA,LCA,Luancheng,2006,Leave_One_experiments\wth_generated_qc\LCA\LCA2006.WTH,wet_year;nitrogen_stress_year;low_response_year,wet,LCA2006_normal_grid_S0032,top_yield,2006-09-09,252,92,87,"{""sim_day"": 92.0, ""doy"": 252.0, ""topwt"": 15901.060791015623, ""grnwt"": 8335.931396484375, ""xlai"": 1.8199071884155276, ""totir"": 40.0, ""tofer"": NaN, ""swfac"": 0.0, ""nstres"": 0.0}",0.0,0.0,15901.060791015623,8335.931396484375,1.8199071884155276,40.0,,0.0,0.0,40.0,180.0,27.25639038085937,43.25639038085937,Leave_One_experiments/all_year_offline_schedule_search/daily_outputs/LCA/LCA_2006_LCA2006_normal_grid_S0032_daily.csv
LCA,LCA,Luancheng,2006,Leave_One_experiments\wth_generated_qc\LCA\LCA2006.WTH,wet_year;nitrogen_stress_year;low_response_year,wet,LCA2006_normal_grid_S0032,top_yield,2006-09-10,253,93,88,"{""sim_day"": 93.0, ""doy"": 253.0, ""topwt"": 16209.04052734375, ""grnwt"": 8632.500610351562, ""xlai"": 1.7256104946136477, ""totir"": 40.0, ""tofer"": NaN, ""swfac"": 0.0, ""nstres"": 0.0}",0.0,0.0,16209.04052734375,8632.500610351562,1.7256104946136477,40.0,,0.0,0.0,40.0,180.0,27.25639038085937,43.25639038085937,Leave_One_experiments/all_year_offline_schedule_search/daily_outputs/LCA/LCA_2006_LCA2006_normal_grid_S0032_daily.csv
LCA,LCA,Luancheng,2006,Leave_One_experiments\wth_generated_qc\LCA\LCA2006.WTH,wet_year;nitrogen_stress_year;low_response_year,wet,LCA2006_normal_grid_S0032,top_yield,2006-09-11,254,94,89,"{""sim_day"": 94.0, ""doy"": 254.0, ""topwt"": 16476.34033203125, ""grnwt"": 8929.06982421875, ""xlai"": 1.6232599020004272, ""totir"": 40.0, ""tofer"": NaN, ""swfac"": 0.0, ""nstres"": 0.0}",0.0,0.0,16476.34033203125,8929.06982421875,1.6232599020004272,40.0,,0.0,0.0,40.0,180.0,27.25639038085937,43.25639038085937,Leave_One_experiments/all_year_offline_schedule_search/daily_outputs/LCA/LCA_2006_LCA2006_normal_grid_S0032_daily.csv
LCA,LCA,Luancheng,2006,Leave_One_experiments\wth_generated_qc\LCA\LCA2006.WTH,wet_year;nitrogen_stress_year;low_response_year,wet,LCA2006_normal_grid_S0032,top_yield,2006-09-12,255,95,90,"{""sim_day"": 95.0, ""doy"": 255.0, ""topwt"": 16742.894287109375, ""grnwt"": 9225.639038085938, ""xlai"": 1.5188993215560913, ""totir"": 40.0, ""tofer"": NaN, ""swfac"": 0.0, ""nstres"": 0.0}",0.0,0.0,16742.894287109375,9225.639038085938,1.5188993215560913,40.0,,0.0,0.0,40.0,180.0,27.25639038085937,43.25639038085937,Leave_One_experiments/all_year_offline_schedule_search/daily_outputs/LCA/LCA_2006_LCA2006_normal_grid_S0032_daily.csv
LCA,LCA,Luancheng,2006,Leave_One_experiments\wth_generated_qc\LCA\LCA2006.WTH,wet_year;nitrogen_stress_year;low_response_year,wet,LCA2006_normal_grid_S0032,top_yield,2006-09-13,256,96,91,"{""sim_day"": 96.0, ""doy"": 256.0, ""topwt"": 16742.894287109375, ""grnwt"": 9225.639038085938, ""xlai"": 1.5188993215560913, ""totir"": 40.0, ""tofer"": NaN, ""swfac"": 0.0, ""nstres"": 0.0}",0.0,0.0,16742.894287109375,9225.639038085938,1.5188993215560913,40.0,,0.0,0.0,40.0,180.0,27.25639038085937,43.25639038085937,Leave_One_experiments/all_year_offline_schedule_search/daily_outputs/LCA/LCA_2006_LCA2006_normal_grid_S0032_daily.csv
LCA,LCA,Luancheng,2006,Leave_One_experiments\wth_generated_qc\LCA\LCA2006.WTH,wet_year;nitrogen_stress_year;low_response_year,wet,LCA2006_normal_grid_S0032,top_yield,2006-09-14,257,97,92,"{""sim_day"": 97.0, ""doy"": 257.0, ""topwt"": 16742.894287109375, ""grnwt"": 9225.639038085938, ""xlai"": 1.5188993215560913, ""totir"": 40.0, ""tofer"": NaN, ""swfac"": 0.0, ""nstres"": 0.0}",0.0,0.0,16742.894287109375,9225.639038085938,1.5188993215560913,40.0,,0.0,0.0,40.0,180.0,27.25639038085937,43.25639038085937,Leave_One_experiments/all_year_offline_schedule_search/daily_outputs/LCA/LCA_2006_LCA2006_normal_grid_S0032_daily.csv
LCA,LCA,Luancheng,2006,Leave_One_experiments\wth_generated_qc\LCA\LCA2006.WTH,wet_year;nitrogen_stress_year;low_response_year,wet,LCA2006_normal_grid_S0032,top_yield,2006-09-15,258,98,93,"{""sim_day"": 98.0, ""doy"": 258.0, ""topwt"": 16742.894287109375, ""grnwt"": 9225.639038085938, ""xlai"": 1.5188993215560913, ""totir"": 40.0, ""tofer"": NaN, ""swfac"": 0.0, ""nstres"": 0.0}",0.0,0.0,16742.894287109375,9225.639038085938,1.5188993215560913,40.0,,0.0,0.0,40.0,180.0,27.25639038085937,43.25639038085937,Leave_One_experiments/all_year_offline_schedule_search/daily_outputs/LCA/LCA_2006_LCA2006_normal_grid_S0032_daily.csv
LCA,LCA,Luancheng,2007,Leave_One_experiments\wth_generated_qc\LCA\LCA2007.WTH,normal_year;nitrogen_stress_year;low_response_year,normal,LCA2007_normal_grid_S0013,irrigation_positive_candidate,2007-06-15,166,1,1,"{""sim_day"": 1.0, ""doy"": 166.0, ""topwt"": 0.0, ""grnwt"": 0.0, ""xlai"": 0.0, ""totir"": 0.0, ""tofer"": NaN, ""swfac"": 0.0, ""nstres"": 0.0}",0.0,0.0,0.0,0.0,0.0,0.0,,0.0,50.0,30.0,150.0,28.56500854492188,40.56500854492188,Leave_One_experiments/all_year_offline_schedule_search/daily_outputs/LCA/LCA_2007_LCA2007_normal_grid_S0013_daily.csv
LCA,LCA,Luancheng,2007,Leave_One_experiments\wth_generated_qc\LCA\LCA2007.WTH,normal_year;nitrogen_stress_year;low_response_year,normal,LCA2007_normal_grid_S0013,irrigation_positive_candidate,2007-06-16,167,2,2,"{""sim_day"": 2.0, ""doy"": 167.0, ""topwt"": 0.0, ""grnwt"": 0.0, ""xlai"": 0.0, ""totir"": 0.0, ""tofer"": NaN, ""swfac"": 0.0, ""nstres"": 0.0}",0.0,0.0,0.0,0.0,0.0,0.0,,0.0,0.0,30.0,150.0,28.56500854492188,40.56500854492188,Leave_One_experiments/all_year_offline_schedule_search/daily_outputs/LCA/LCA_2007_LCA2007_normal_grid_S0013_daily.csv
LCA,LCA,Luancheng,2007,Leave_One_experiments\wth_generated_qc\LCA\LCA2007.WTH,normal_year;nitrogen_stress_year;low_response_year,normal,LCA2007_normal_grid_S0013,irrigation_positive_candidate,2007-06-17,168,3,3,"{""sim_day"": 3.0, ""doy"": 168.0, ""topwt"": 0.0, ""grnwt"": 0.0, ""xlai"": 0.0, ""totir"": 0.0, ""tofer"": NaN, ""swfac"": 0.0, ""nstres"": 0.0}",0.0,0.0,0.0,0.0,0.0,0.0,,0.0,0.0,30.0,150.0,28.56500854492188,40.56500854492188,Leave_One_experiments/all_year_offline_schedule_search/daily_outputs/LCA/LCA_2007_LCA2007_normal_grid_S0013_daily.csv
LCA,LCA,Luancheng,2007,Leave_One_experiments\wth_generated_qc\LCA\LCA2007.WTH,normal_year;nitrogen_stress_year;low_response_year,normal,LCA2007_normal_grid_S0013,irrigation_positive_candidate,2007-06-18,169,4,4,"{""sim_day"": 4.0, ""doy"": 169.0, ""topwt"": 0.0, ""grnwt"": 0.0, ""xlai"": 0.0, ""totir"": 0.0, ""tofer"": NaN, ""swfac"": 0.0, ""nstres"": 0.0}",0.0,0.0,0.0,0.0,0.0,0.0,,0.0,0.0,30.0,150.0,28.56500854492188,40.56500854492188,Leave_One_experiments/all_year_offline_schedule_search/daily_outputs/LCA/LCA_2007_LCA2007_normal_grid_S0013_daily.csv
LCA,LCA,Luancheng,2007,Leave_One_experiments\wth_generated_qc\LCA\LCA2007.WTH,normal_year;nitrogen_stress_year;low_response_year,normal,LCA2007_normal_grid_S0013,irrigation_positive_candidate,2007-06-19,170,5,5,"{""sim_day"": 5.0, ""doy"": 170.0, ""topwt"": 0.0, ""grnwt"": 0.0, ""xlai"": 0.0, ""totir"": 0.0, ""tofer"": NaN, ""swfac"": 0.0, ""nstres"": 0.0}",0.0,0.0,0.0,0.0,0.0,0.0,,0.0,0.0,30.0,150.0,28.56500854492188,40.56500854492188,Leave_One_experiments/all_year_offline_schedule_search/daily_outputs/LCA/LCA_2007_LCA2007_normal_grid_S0013_daily.csv
LCA,LCA,Luancheng,2007,Leave_One_experiments\wth_generated_qc\LCA\LCA2007.WTH,normal_year;nitrogen_stress_year;low_response_year,normal,LCA2007_normal_grid_S0013,irrigation_positive_candidate,2007-06-15,166,6,1,"{""sim_day"": 6.0, ""doy"": 166.0, ""topwt"": 0.0, ""grnwt"": 0.0, ""xlai"": 0.0, ""totir"": 0.0, ""tofer"": NaN, ""swfac"": 0.0, ""nstres"": 0.0}",0.0,0.0,0.0,0.0,0.0,0.0,,0.0,0.0,30.0,150.0,28.56500854492188,40.56500854492188,Leave_One_experiments/all_year_offline_schedule_search/daily_outputs/LCA/LCA_2007_LCA2007_normal_grid_S0013_daily.csv
LCA,LCA,Luancheng,2007,Leave_One_experiments\wth_generated_qc\LCA\LCA2007.WTH,normal_year;nitrogen_stress_year;low_response_year,normal,LCA2007_normal_grid_S0013,irrigation_positive_candidate,2007-06-16,167,7,2,"{""sim_day"": 7.0, ""doy"": 167.0, ""topwt"": 0.0, ""grnwt"": 0.0, ""xlai"": 0.0, ""totir"": 0.0, ""tofer"": NaN, ""swfac"": 0.0, ""nstres"": 0.0}",0.0,0.0,0.0,0.0,0.0,0.0,,0.0,0.0,30.0,150.0,28.56500854492188,40.56500854492188,Leave_One_experiments/all_year_offline_schedule_search/daily_outputs/LCA/LCA_2007_LCA2007_normal_grid_S0013_daily.csv
LCA,LCA,Luancheng,2007,Leave_One_experiments\wth_generated_qc\LCA\LCA2007.WTH,normal_year;nitrogen_stress_year;low_response_year,normal,LCA2007_normal_grid_S0013,irrigation_positive_candidate,2007-06-17,168,8,3,"{""sim_day"": 8.0, ""doy"": 168.0, ""topwt"": 0.0, ""grnwt"": 0.0, ""xlai"": 0.0, ""totir"": 0.0, ""tofer"": NaN, ""swfac"": 0.0, ""nstres"": 0.0}",0.0,0.0,0.0,0.0,0.0,0.0,,0.0,0.0,30.0,150.0,28.56500854492188,40.56500854492188,Leave_One_experiments/all_year_offline_schedule_search/daily_outputs/LCA/LCA_2007_LCA2007_normal_grid_S0013_daily.csv
LCA,LCA,Luancheng,2007,Leave_One_experiments\wth_generated_qc\LCA\LCA2007.WTH,normal_year;nitrogen_stress_year;low_response_year,normal,LCA2007_normal_grid_S0013,irrigation_positive_candidate,2007-06-18,169,9,4,"{""sim_day"": 9.0, ""doy"": 169.0, ""topwt"": 0.0, ""grnwt"": 0.0, ""xlai"": 0.0, ""totir"": 0.0, ""tofer"": NaN, ""swfac"": 0.0, ""nstres"": 0.0}",0.0,0.0,0.0,0.0,0.0,0.0,,0.0,0.0,30.0,150.0,28.56500854492188,40.56500854492188,Leave_One_experiments/all_year_offline_schedule_search/daily_outputs/LCA/LCA_2007_LCA2007_normal_grid_S0013_daily.csv
LCA,LCA,Luancheng,2007,Leave_One_experiments\wth_generated_qc\LCA\LCA2007.WTH,normal_year;nitrogen_stress_year;low_response_year,normal,LCA2007_normal_grid_S0013,irrigation_positive_candidate,2007-06-19,170,10,5,"{""sim_day"": 10.0, ""doy"": 170.0, ""topwt"": 0.0, ""grnwt"": 0.0, ""xlai"": 0.0, ""totir"": 0.0, ""tofer"": NaN, ""swfac"": 0.0, ""nstres"": 0.0}",0.0,0.0,0.0,0.0,0.0,0.0,,0.0,0.0,30.0,150.0,28.56500854492188,40.56500854492188,Leave_One_experiments/all_year_offline_schedule_search/daily_outputs/LCA/LCA_2007_LCA2007_normal_grid_S0013_daily.csv
LCA,LCA,Luancheng,2007,Leave_One_experiments\wth_generated_qc\LCA\LCA2007.WTH,normal_year;nitrogen_stress_year;low_response_year,normal,LCA2007_normal_grid_S0013,irrigation_positive_candidate,2007-06-20,171,11,6,"{""sim_day"": 11.0, ""doy"": 171.0, ""topwt"": 23.600001335144043, ""grnwt"": 0.0, ""xlai"": 0.0040371329523622, ""totir"": 0.0, ""tofer"": NaN, ""swfac"": 0.0, ""nstres"": 0.0121910572052001}",0.0,0.0121910572052001,23.600001335144043,0.0,0.0040371329523622,0.0,,0.0,0.0,30.0,150.0,28.56500854492188,40.56500854492188,Leave_One_experiments/all_year_offline_schedule_search/daily_outputs/LCA/LCA_2007_LCA2007_normal_grid_S0013_daily.csv
LCA,LCA,Luancheng,2007,Leave_One_experiments\wth_generated_qc\LCA\LCA2007.WTH,normal_year;nitrogen_stress_year;low_response_year,normal,LCA2007_normal_grid_S0013,irrigation_positive_candidate,2007-06-21,172,12,7,"{""sim_day"": 12.0, ""doy"": 172.0, ""topwt"": 23.600001335144043, ""grnwt"": 0.0, ""xlai"": 0.008417553268373, ""totir"": 0.0, ""tofer"": NaN, ""swfac"": 0.0, ""nstres"": 0.008258581161499}",0.0,0.008258581161499,23.600001335144043,0.0,0.008417553268373,0.0,,0.0,0.0,30.0,150.0,28.56500854492188,40.56500854492188,Leave_One_experiments/all_year_offline_schedule_search/daily_outputs/LCA/LCA_2007_LCA2007_normal_grid_S0013_daily.csv
LCA,LCA,Luancheng,2007,Leave_One_experiments\wth_generated_qc\LCA\LCA2007.WTH,normal_year;nitrogen_stress_year;low_response_year,normal,LCA2007_normal_grid_S0013,irrigation_positive_candidate,2007-06-22,173,13,8,"{""sim_day"": 13.0, ""doy"": 173.0, ""topwt"": 23.600001335144043, ""grnwt"": 0.0, ""xlai"": 0.0136338761076331, ""totir"": 0.0, ""tofer"": NaN, ""swfac"": 0.0, ""nstres"": 0.0}",0.0,0.0,23.600001335144043,0.0,0.0136338761076331,0.0,,0.0,0.0,30.0,150.0,28.56500854492188,40.56500854492188,Leave_One_experiments/all_year_offline_schedule_search/daily_outputs/LCA/LCA_2007_LCA2007_normal_grid_S0013_daily.csv
LCA,LCA,Luancheng,2007,Leave_One_experiments\wth_generated_qc\LCA\LCA2007.WTH,normal_year;nitrogen_stress_year;low_response_year,normal,LCA2007_normal_grid_S0013,irrigation_positive_candidate,2007-06-23,174,14,9,"{""sim_day"": 14.0, ""doy"": 174.0, ""topwt"": 23.600001335144043, ""grnwt"": 0.0, ""xlai"": 0.0355800874531269, ""totir"": 0.0, ""tofer"": NaN, ""swfac"": 0.0, ""nstres"": 0.0}",0.0,0.0,23.600001335144043,0.0,0.0355800874531269,0.0,,0.0,0.0,30.0,150.0,28.56500854492188,40.56500854492188,Leave_One_experiments/all_year_offline_schedule_search/daily_outputs/LCA/LCA_2007_LCA2007_normal_grid_S0013_daily.csv
LCA,LCA,Luancheng,2007,Leave_One_experiments\wth_generated_qc\LCA\LCA2007.WTH,normal_year;nitrogen_stress_year;low_response_year,normal,LCA2007_normal_grid_S0013,irrigation_positive_candidate,2007-06-24,175,15,10,"{""sim_day"": 15.0, ""doy"": 175.0, ""topwt"": 33.65622043609619, ""grnwt"": 0.0, ""xlai"": 0.0663013383746147, ""totir"": 0.0, ""tofer"": NaN, ""swfac"": 0.0, ""nstres"": 0.0}",0.0,0.0,33.65622043609619,0.0,0.0663013383746147,0.0,,0.0,0.0,30.0,150.0,28.56500854492188,40.56500854492188,Leave_One_experiments/all_year_offline_schedule_search/daily_outputs/LCA/LCA_2007_LCA2007_normal_grid_S0013_daily.csv
LCA,LCA,Luancheng,2007,Leave_One_experiments\wth_generated_qc\LCA\LCA2007.WTH,normal_year;nitrogen_stress_year;low_response_year,normal,LCA2007_normal_grid_S0013,irrigation_positive_candidate,2007-06-25,176,16,11,"{""sim_day"": 16.0, ""doy"": 176.0, ""topwt"": 50.81644535064697, ""grnwt"": 0.0, ""xlai"": 0.1052081361413002, ""totir"": 0.0, ""tofer"": NaN, ""swfac"": 0.0, ""nstres"": 0.0}",0.0,0.0,50.81644535064697,0.0,0.1052081361413002,0.0,,0.0,0.0,30.0,150.0,28.56500854492188,40.56500854492188,Leave_One_experiments/all_year_offline_schedule_search/daily_outputs/LCA/LCA_2007_LCA2007_normal_grid_S0013_daily.csv
LCA,LCA,Luancheng,2007,Leave_One_experiments\wth_generated_qc\LCA\LCA2007.WTH,normal_year;nitrogen_stress_year;low_response_year,normal,LCA2007_normal_grid_S0013,irrigation_positive_candidate,2007-06-26,177,17,12,"{""sim_day"": 17.0, ""doy"": 177.0, ""topwt"": 69.11809921264648, ""grnwt"": 0.0, ""xlai"": 0.1428860872983932, ""totir"": 0.0, ""tofer"": NaN, ""swfac"": 0.0, ""nstres"": 0.0}",0.0,0.0,69.11809921264648,0.0,0.1428860872983932,0.0,,0.0,0.0,30.0,150.0,28.56500854492188,40.56500854492188,Leave_One_experiments/all_year_offline_schedule_search/daily_outputs/LCA/LCA_2007_LCA2007_normal_grid_S0013_daily.csv
LCA,LCA,Luancheng,2007,Leave_One_experiments\wth_generated_qc\LCA\LCA2007.WTH,normal_year;nitrogen_stress_year;low_response_year,normal,LCA2007_normal_grid_S0013,irrigation_positive_candidate,2007-06-27,178,18,13,"{""sim_day"": 18.0, ""doy"": 178.0, ""topwt"": 92.80536651611328, ""grnwt"": 0.0, ""xlai"": 0.1881193369626999, ""totir"": 0.0, ""tofer"": NaN, ""swfac"": 0.0, ""nstres"": 0.0}",0.0,0.0,92.80536651611328,0.0,0.1881193369626999,0.0,,0.0,0.0,30.0,150.0,28.56500854492188,40.56500854492188,Leave_One_experiments/all_year_offline_schedule_search/daily_outputs/LCA/LCA_2007_LCA2007_normal_grid_S0013_daily.csv
LCA,LCA,Luancheng,2007,Leave_One_experiments\wth_generated_qc\LCA\LCA2007.WTH,normal_year;nitrogen_stress_year;low_response_year,normal,LCA2007_normal_grid_S0013,irrigation_positive_candidate,2007-06-28,179,19,14,"{""sim_day"": 19.0, ""doy"": 179.0, ""topwt"": 103.2484245300293, ""grnwt"": 0.0, ""xlai"": 0.2211356610059738, ""totir"": 0.0, ""tofer"": NaN, ""swfac"": 0.0, ""nstres"": 0.0}",0.0,0.0,103.2484245300293,0.0,0.2211356610059738,0.0,,0.0,0.0,30.0,150.0,28.56500854492188,40.56500854492188,Leave_One_experiments/all_year_offline_schedule_search/daily_outputs/LCA/LCA_2007_LCA2007_normal_grid_S0013_daily.csv
LCA,LCA,Luancheng,2007,Leave_One_experiments\wth_generated_qc\LCA\LCA2007.WTH,normal_year;nitrogen_stress_year;low_response_year,normal,LCA2007_normal_grid_S0013,irrigation_positive_candidate,2007-06-29,180,20,15,"{""sim_day"": 20.0, ""doy"": 180.0, ""topwt"": 111.02304458618164, ""grnwt"": 0.0, ""xlai"": 0.2357990890741348, ""totir"": 0.0, ""tofer"": NaN, ""swfac"": 0.0, ""nstres"": 0.0}",0.0,0.0,111.02304458618164,0.0,0.2357990890741348,0.0,,0.0,0.0,30.0,150.0,28.56500854492188,40.56500854492188,Leave_One_experiments/all_year_offline_schedule_search/daily_outputs/LCA/LCA_2007_LCA2007_normal_grid_S0013_daily.csv
LCA,LCA,Luancheng,2007,Leave_One_experiments\wth_generated_qc\LCA\LCA2007.WTH,normal_year;nitrogen_stress_year;low_response_year,normal,LCA2007_normal_grid_S0013,irrigation_positive_candidate,2007-06-30,181,21,16,"{""sim_day"": 21.0, ""doy"": 181.0, ""topwt"": 151.50212287902832, ""grnwt"": 0.0, ""xlai"": 0.3094963133335113, ""totir"": 0.0, ""tofer"": NaN, ""swfac"": 0.0, ""nstres"": 0.0009607672691345}",0.0,0.0009607672691345,151.50212287902832,0.0,0.3094963133335113,0.0,,0.0,0.0,30.0,150.0,28.56500854492188,40.56500854492188,Leave_One_experiments/all_year_offline_schedule_search/daily_outputs/LCA/LCA_2007_LCA2007_normal_grid_S0013_daily.csv
LCA,LCA,Luancheng,2007,Leave_One_experiments\wth_generated_qc\LCA\LCA2007.WTH,normal_year;nitrogen_stress_year;low_response_year,normal,LCA2007_normal_grid_S0013,irrigation_positive_candidate,2007-07-01,182,22,17,"{""sim_day"": 22.0, ""doy"": 182.0, ""topwt"": 198.58125686645508, ""grnwt"": 0.0, ""xlai"": 0.3897219002246856, ""totir"": 0.0, ""tofer"": NaN, ""swfac"": 0.0, ""nstres"": 0.0}",0.0,0.0,198.58125686645508,0.0,0.3897219002246856,0.0,,0.0,0.0,30.0,150.0,28.56500854492188,40.56500854492188,Leave_One_experiments/all_year_offline_schedule_search/daily_outputs/LCA/LCA_2007_LCA2007_normal_grid_S0013_daily.csv
LCA,LCA,Luancheng,2007,Leave_One_experiments\wth_generated_qc\LCA\LCA2007.WTH,normal_year;nitrogen_stress_year;low_response_year,normal,LCA2007_normal_grid_S0013,irrigation_positive_candidate,2007-07-02,183,23,18,"{""sim_day"": 23.0, ""doy"": 183.0, ""topwt"": 228.4000396728516, ""grnwt"": 0.0, ""xlai"": 0.2815411984920501, ""totir"": 0.0, ""tofer"": NaN, ""swfac"": 0.0, ""nstres"": 0.0}",0.0,0.0,228.4000396728516,0.0,0.2815411984920501,0.0,,0.0,0.0,30.0,150.0,28.56500854492188,40.56500854492188,Leave_One_experiments/all_year_offline_schedule_search/daily_outputs/LCA/LCA_2007_LCA2007_normal_grid_S0013_daily.csv
LCA,LCA,Luancheng,2007,Leave_One_experiments\wth_generated_qc\LCA\LCA2007.WTH,normal_year;nitrogen_stress_year;low_response_year,normal,LCA2007_normal_grid_S0013,irrigation_positive_candidate,2007-07-03,184,24,19,"{""sim_day"": 24.0, ""doy"": 184.0, ""topwt"": 267.2444725036621, ""grnwt"": 0.0, ""xlai"": 0.3449902534484863, ""totir"": 0.0, ""tofer"": NaN, ""swfac"": 0.0, ""nstres"": 0.0}",0.0,0.0,267.2444725036621,0.0,0.3449902534484863,0.0,,0.0,0.0,30.0,150.0,28.56500854492188,40.56500854492188,Leave_One_experiments/all_year_offline_schedule_search/daily_outputs/LCA/LCA_2007_LCA2007_normal_grid_S0013_daily.csv
LCA,LCA,Luancheng,2007,Leave_One_experiments\wth_generated_qc\LCA\LCA2007.WTH,normal_year;nitrogen_stress_year;low_response_year,normal,LCA2007_normal_grid_S0013,irrigation_positive_candidate,2007-07-04,185,25,20,"{""sim_day"": 25.0, ""doy"": 185.0, ""topwt"": 328.4231185913086, ""grnwt"": 0.0, ""xlai"": 0.4411322176456451, ""totir"": 0.0, ""tofer"": NaN, ""swfac"": 0.0, ""nstres"": 0.0}",0.0,0.0,328.4231185913086,0.0,0.4411322176456451,0.0,,0.0,0.0,30.0,150.0,28.56500854492188,40.56500854492188,Leave_One_experiments/all_year_offline_schedule_search/daily_outputs/LCA/LCA_2007_LCA2007_normal_grid_S0013_daily.csv
LCA,LCA,Luancheng,2007,Leave_One_experiments\wth_generated_qc\LCA\LCA2007.WTH,normal_year;nitrogen_stress_year;low_response_year,normal,LCA2007_normal_grid_S0013,irrigation_positive_candidate,2007-07-05,186,26,21,"{""sim_day"": 26.0, ""doy"": 186.0, ""topwt"": 425.8519744873047, ""grnwt"": 0.0, ""xlai"": 0.5807206630706787, ""totir"": 0.0, ""tofer"": NaN, ""swfac"": 0.0, ""nstres"": 0.0}",0.0,0.0,425.8519744873047,0.0,0.5807206630706787,0.0,,0.0,0.0,30.0,150.0,28.56500854492188,40.56500854492188,Leave_One_experiments/all_year_offline_schedule_search/daily_outputs/LCA/LCA_2007_LCA2007_normal_grid_S0013_daily.csv
LCA,LCA,Luancheng,2007,Leave_One_experiments\wth_generated_qc\LCA\LCA2007.WTH,normal_year;nitrogen_stress_year;low_response_year,normal,LCA2007_normal_grid_S0013,irrigation_positive_candidate,2007-07-06,187,27,22,"{""sim_day"": 27.0, ""doy"": 187.0, ""topwt"": 539.3550109863281, ""grnwt"": 0.0, ""xlai"": 0.7367663979530334, ""totir"": 0.0, ""tofer"": NaN, ""swfac"": 0.0, ""nstres"": 0.0}",0.0,0.0,539.3550109863281,0.0,0.7367663979530334,0.0,,0.0,0.0,30.0,150.0,28.56500854492188,40.56500854492188,Leave_One_experiments/all_year_offline_schedule_search/daily_outputs/LCA/LCA_2007_LCA2007_normal_grid_S0013_daily.csv
LCA,LCA,Luancheng,2007,Leave_One_experiments\wth_generated_qc\LCA\LCA2007.WTH,normal_year;nitrogen_stress_year;low_response_year,normal,LCA2007_normal_grid_S0013,irrigation_positive_candidate,2007-07-07,188,28,23,"{""sim_day"": 28.0, ""doy"": 188.0, ""topwt"": 663.0989837646484, ""grnwt"": 0.0, ""xlai"": 0.8949461579322815, ""totir"": 0.0, ""tofer"": NaN, ""swfac"": 0.0, ""nstres"": 0.0}",0.0,0.0,663.0989837646484,0.0,0.8949461579322815,0.0,,0.0,0.0,30.0,150.0,28.56500854492188,40.56500854492188,Leave_One_experiments/all_year_offline_schedule_search/daily_outputs/LCA/LCA_2007_LCA2007_normal_grid_S0013_daily.csv
LCA,LCA,Luancheng,2007,Leave_One_experiments\wth_generated_qc\LCA\LCA2007.WTH,normal_year;nitrogen_stress_year;low_response_year,normal,LCA2007_normal_grid_S0013,irrigation_positive_candidate,2007-07-08,189,29,24,"{""sim_day"": 29.0, ""doy"": 189.0, ""topwt"": 831.9374084472656, ""grnwt"": 0.0, ""xlai"": 1.093755841255188, ""totir"": 0.0, ""tofer"": NaN, ""swfac"": 0.0, ""nstres"": 0.0}",0.0,0.0,831.9374084472656,0.0,1.093755841255188,0.0,,0.0,0.0,30.0,150.0,28.56500854492188,40.56500854492188,Leave_One_experiments/all_year_offline_schedule_search/daily_outputs/LCA/LCA_2007_LCA2007_normal_grid_S0013_daily.csv
LCA,LCA,Luancheng,2007,Leave_One_experiments\wth_generated_qc\LCA\LCA2007.WTH,normal_year;nitrogen_stress_year;low_response_year,normal,LCA2007_normal_grid_S0013,irrigation_positive_candidate,2007-07-09,190,30,25,"{""sim_day"": 30.0, ""doy"": 190.0, ""topwt"": 1015.5554962158204, ""grnwt"": 0.0, ""xlai"": 1.2916463613510132, ""totir"": 0.0, ""tofer"": NaN, ""swfac"": 0.0, ""nstres"": 0.0}",0.0,0.0,1015.5554962158204,0.0,1.2916463613510132,0.0,,0.0,0.0,30.0,150.0,28.56500854492188,40.56500854492188,Leave_One_experiments/all_year_offline_schedule_search/daily_outputs/LCA/LCA_2007_LCA2007_normal_grid_S0013_daily.csv
LCA,LCA,Luancheng,2007,Leave_One_experiments\wth_generated_qc\LCA\LCA2007.WTH,normal_year;nitrogen_stress_year;low_response_year,normal,LCA2007_normal_grid_S0013,irrigation_positive_candidate,2007-07-10,191,31,26,"{""sim_day"": 31.0, ""doy"": 191.0, ""topwt"": 1207.5365447998047, ""grnwt"": 0.0, ""xlai"": 1.4812440872192385, ""totir"": 0.0, ""tofer"": NaN, ""swfac"": 0.0, ""nstres"": 0.0}",0.0,0.0,1207.5365447998047,0.0,1.4812440872192385,0.0,,0.0,0.0,30.0,150.0,28.56500854492188,40.56500854492188,Leave_One_experiments/all_year_offline_schedule_search/daily_outputs/LCA/LCA_2007_LCA2007_normal_grid_S0013_daily.csv
LCA,LCA,Luancheng,2007,Leave_One_experiments\wth_generated_qc\LCA\LCA2007.WTH,normal_year;nitrogen_stress_year;low_response_year,normal,LCA2007_normal_grid_S0013,irrigation_positive_candidate,2007-07-11,192,32,27,"{""sim_day"": 32.0, ""doy"": 192.0, ""topwt"": 1405.4489135742188, ""grnwt"": 0.0, ""xlai"": 1.660867691040039, ""totir"": 0.0, ""tofer"": NaN, ""swfac"": 0.0, ""nstres"": 0.0}",0.0,0.0,1405.4489135742188,0.0,1.660867691040039,0.0,,0.0,0.0,30.0,150.0,28.56500854492188,40.56500854492188,Leave_One_experiments/all_year_offline_schedule_search/daily_outputs/LCA/LCA_2007_LCA2007_normal_grid_S0013_daily.csv
LCA,LCA,Luancheng,2007,Leave_One_experiments\wth_generated_qc\LCA\LCA2007.WTH,normal_year;nitrogen_stress_year;low_response_year,normal,LCA2007_normal_grid_S0013,irrigation_positive_candidate,2007-07-12,193,33,28,"{""sim_day"": 33.0, ""doy"": 193.0, ""topwt"": 1562.2560119628906, ""grnwt"": 0.0, ""xlai"": 1.7919349670410156, ""totir"": 0.0, ""tofer"": NaN, ""swfac"": 0.0, ""nstres"": 0.0}",0.0,0.0,1562.2560119628906,0.0,1.7919349670410156,0.0,,0.0,0.0,30.0,150.0,28.56500854492188,40.56500854492188,Leave_One_experiments/all_year_offline_schedule_search/daily_outputs/LCA/LCA_2007_LCA2007_normal_grid_S0013_daily.csv
LCA,LCA,Luancheng,2007,Leave_One_experiments\wth_generated_qc\LCA\LCA2007.WTH,normal_year;nitrogen_stress_year;low_response_year,normal,LCA2007_normal_grid_S0013,irrigation_positive_candidate,2007-07-13,194,34,29,"{""sim_day"": 34.0, ""doy"": 194.0, ""topwt"": 1625.0804138183594, ""grnwt"": 0.0, ""xlai"": 1.840826749801636, ""totir"": 0.0, ""tofer"": NaN, ""swfac"": 0.0, ""nstres"": 0.0}",0.0,0.0,1625.0804138183594,0.0,1.840826749801636,0.0,,0.0,0.0,30.0,150.0,28.56500854492188,40.56500854492188,Leave_One_experiments/all_year_offline_schedule_search/daily_outputs/LCA/LCA_2007_LCA2007_normal_grid_S0013_daily.csv
LCA,LCA,Luancheng,2007,Leave_One_experiments\wth_generated_qc\LCA\LCA2007.WTH,normal_year;nitrogen_stress_year;low_response_year,normal,LCA2007_normal_grid_S0013,irrigation_positive_candidate,2007-07-14,195,35,30,"{""sim_day"": 35.0, ""doy"": 195.0, ""topwt"": 1749.9647521972656, ""grnwt"": 0.0, ""xlai"": 1.9318426847457888, ""totir"": 0.0, ""tofer"": NaN, ""swfac"": 0.0, ""nstres"": 0.0}",0.0,0.0,1749.9647521972656,0.0,1.9318426847457888,0.0,,0.0,50.0,30.0,150.0,28.56500854492188,40.56500854492188,Leave_One_experiments/all_year_offline_schedule_search/daily_outputs/LCA/LCA_2007_LCA2007_normal_grid_S0013_daily.csv
LCA,LCA,Luancheng,2007,Leave_One_experiments\wth_generated_qc\LCA\LCA2007.WTH,normal_year;nitrogen_stress_year;low_response_year,normal,LCA2007_normal_grid_S0013,irrigation_positive_candidate,2007-07-15,196,36,31,"{""sim_day"": 36.0, ""doy"": 196.0, ""topwt"": 2010.48828125, ""grnwt"": 0.0, ""xlai"": 2.106971740722656, ""totir"": 0.0, ""tofer"": NaN, ""swfac"": 0.0, ""nstres"": 0.0}",0.0,0.0,2010.48828125,0.0,2.106971740722656,0.0,,0.0,0.0,30.0,150.0,28.56500854492188,40.56500854492188,Leave_One_experiments/all_year_offline_schedule_search/daily_outputs/LCA/LCA_2007_LCA2007_normal_grid_S0013_daily.csv
LCA,LCA,Luancheng,2007,Leave_One_experiments\wth_generated_qc\LCA\LCA2007.WTH,normal_year;nitrogen_stress_year;low_response_year,normal,LCA2007_normal_grid_S0013,irrigation_positive_candidate,2007-07-16,197,37,32,"{""sim_day"": 37.0, ""doy"": 197.0, ""topwt"": 2264.8719787597656, ""grnwt"": 0.0, ""xlai"": 2.262795209884644, ""totir"": 0.0, ""tofer"": NaN, ""swfac"": 0.0, ""nstres"": 0.0}",0.0,0.0,2264.8719787597656,0.0,2.262795209884644,0.0,,0.0,0.0,30.0,150.0,28.56500854492188,40.56500854492188,Leave_One_experiments/all_year_offline_schedule_search/daily_outputs/LCA/LCA_2007_LCA2007_normal_grid_S0013_daily.csv
LCA,LCA,Luancheng,2007,Leave_One_experiments\wth_generated_qc\LCA\LCA2007.WTH,normal_year;nitrogen_stress_year;low_response_year,normal,LCA2007_normal_grid_S0013,irrigation_positive_candidate,2007-07-17,198,38,33,"{""sim_day"": 38.0, ""doy"": 198.0, ""topwt"": 2320.948028564453, ""grnwt"": 0.0, ""xlai"": 2.2940144538879395, ""totir"": 0.0, ""tofer"": NaN, ""swfac"": 0.0, ""nstres"": 0.0}",0.0,0.0,2320.948028564453,0.0,2.2940144538879395,0.0,,0.0,0.0,30.0,150.0,28.56500854492188,40.56500854492188,Leave_One_experiments/all_year_offline_schedule_search/daily_outputs/LCA/LCA_2007_LCA2007_normal_grid_S0013_daily.csv
LCA,LCA,Luancheng,2007,Leave_One_experiments\wth_generated_qc\LCA\LCA2007.WTH,normal_year;nitrogen_stress_year;low_response_year,normal,LCA2007_normal_grid_S0013,irrigation_positive_candidate,2007-07-18,199,39,34,"{""sim_day"": 39.0, ""doy"": 199.0, ""topwt"": 2592.235412597656, ""grnwt"": 0.0, ""xlai"": 2.4346728324890137, ""totir"": 0.0, ""tofer"": NaN, ""swfac"": 0.0, ""nstres"": 0.0}",0.0,0.0,2592.235412597656,0.0,2.4346728324890137,0.0,,0.0,0.0,30.0,150.0,28.56500854492188,40.56500854492188,Leave_One_experiments/all_year_offline_schedule_search/daily_outputs/LCA/LCA_2007_LCA2007_normal_grid_S0013_daily.csv
LCA,LCA,Luancheng,2007,Leave_One_experiments\wth_generated_qc\LCA\LCA2007.WTH,normal_year;nitrogen_stress_year;low_response_year,normal,LCA2007_normal_grid_S0013,irrigation_positive_candidate,2007-07-19,200,40,35,"{""sim_day"": 40.0, ""doy"": 200.0, ""topwt"": 2734.7711181640625, ""grnwt"": 0.0, ""xlai"": 2.5024805068969727, ""totir"": 0.0, ""tofer"": NaN, ""swfac"": 0.0, ""nstres"": 0.0}",0.0,0.0,2734.7711181640625,0.0,2.5024805068969727,0.0,,0.0,0.0,30.0,150.0,28.56500854492188,40.56500854492188,Leave_One_experiments/all_year_offline_schedule_search/daily_outputs/LCA/LCA_2007_LCA2007_normal_grid_S0013_daily.csv
LCA,LCA,Luancheng,2007,Leave_One_experiments\wth_generated_qc\LCA\LCA2007.WTH,normal_year;nitrogen_stress_year;low_response_year,normal,LCA2007_normal_grid_S0013,irrigation_positive_candidate,2007-07-20,201,41,36,"{""sim_day"": 41.0, ""doy"": 201.0, ""topwt"": 3037.48046875, ""grnwt"": 0.0, ""xlai"": 2.7029917240142822, ""totir"": 0.0, ""tofer"": NaN, ""swfac"": 0.0, ""nstres"": 0.0}",0.0,0.0,3037.48046875,0.0,2.7029917240142822,0.0,,0.0,0.0,30.0,150.0,28.56500854492188,40.56500854492188,Leave_One_experiments/all_year_offline_schedule_search/daily_outputs/LCA/LCA_2007_LCA2007_normal_grid_S0013_daily.csv
LCA,LCA,Luancheng,2007,Leave_One_experiments\wth_generated_qc\LCA\LCA2007.WTH,normal_year;nitrogen_stress_year;low_response_year,normal,LCA2007_normal_grid_S0013,irrigation_positive_candidate,2007-07-21,202,42,37,"{""sim_day"": 42.0, ""doy"": 202.0, ""topwt"": 3325.6466674804688, ""grnwt"": 0.0, ""xlai"": 2.830297946929932, ""totir"": 0.0, ""tofer"": NaN, ""swfac"": 0.0, ""nstres"": 0.0}",0.0,0.0,3325.6466674804688,0.0,2.830297946929932,0.0,,0.0,0.0,30.0,150.0,28.56500854492188,40.56500854492188,Leave_One_experiments/all_year_offline_schedule_search/daily_outputs/LCA/LCA_2007_LCA2007_normal_grid_S0013_daily.csv
LCA,LCA,Luancheng,2007,Leave_One_experiments\wth_generated_qc\LCA\LCA2007.WTH,normal_year;nitrogen_stress_year;low_response_year,normal,LCA2007_normal_grid_S0013,irrigation_positive_candidate,2007-07-22,203,43,38,"{""sim_day"": 43.0, ""doy"": 203.0, ""topwt"": 3455.923156738281, ""grnwt"": 0.0, ""xlai"": 2.878151655197144, ""totir"": 0.0, ""tofer"": NaN, ""swfac"": 0.0, ""nstres"": 0.0}",0.0,0.0,3455.923156738281,0.0,2.878151655197144,0.0,,0.0,0.0,30.0,150.0,28.56500854492188,40.56500854492188,Leave_One_experiments/all_year_offline_schedule_search/daily_outputs/LCA/LCA_2007_LCA2007_normal_grid_S0013_daily.csv
LCA,LCA,Luancheng,2007,Leave_One_experiments\wth_generated_qc\LCA\LCA2007.WTH,normal_year;nitrogen_stress_year;low_response_year,normal,LCA2007_normal_grid_S0013,irrigation_positive_candidate,2007-07-23,204,44,39,"{""sim_day"": 44.0, ""doy"": 204.0, ""topwt"": 3545.2767944335938, ""grnwt"": 0.0, ""xlai"": 2.907585620880127, ""totir"": 0.0, ""tofer"": NaN, ""swfac"": 0.0, ""nstres"": 0.0}",0.0,0.0,3545.2767944335938,0.0,2.907585620880127,0.0,,0.0,0.0,30.0,150.0,28.56500854492188,40.56500854492188,Leave_One_experiments/all_year_offline_schedule_search/daily_outputs/LCA/LCA_2007_LCA2007_normal_grid_S0013_daily.csv
LCA,LCA,Luancheng,2007,Leave_One_experiments\wth_generated_qc\LCA\LCA2007.WTH,normal_year;nitrogen_stress_year;low_response_year,normal,LCA2007_normal_grid_S0013,irrigation_positive_candidate,2007-07-24,205,45,40,"{""sim_day"": 45.0, ""doy"": 205.0, ""topwt"": 3840.233459472656, ""grnwt"": 0.0, ""xlai"": 2.9960732460021973, ""totir"": 0.0, ""tofer"": NaN, ""swfac"": 0.0, ""nstres"": 0.0}",0.0,0.0,3840.233459472656,0.0,2.9960732460021973,0.0,,0.0,0.0,30.0,150.0,28.56500854492188,40.56500854492188,Leave_One_experiments/all_year_offline_schedule_search/daily_outputs/LCA/LCA_2007_LCA2007_normal_grid_S0013_daily.csv
LCA,LCA,Luancheng,2007,Leave_One_experiments\wth_generated_qc\LCA\LCA2007.WTH,normal_year;nitrogen_stress_year;low_response_year,normal,LCA2007_normal_grid_S0013,irrigation_positive_candidate,2007-07-25,206,46,41,"{""sim_day"": 46.0, ""doy"": 206.0, ""topwt"": 4137.8350830078125, ""grnwt"": 0.0, ""xlai"": 3.07838773727417, ""totir"": 0.0, ""tofer"": NaN, ""swfac"": 0.0, ""nstres"": 0.0}",0.0,0.0,4137.8350830078125,0.0,3.07838773727417,0.0,,0.0,0.0,30.0,150.0,28.56500854492188,40.56500854492188,Leave_One_experiments/all_year_offline_schedule_search/daily_outputs/LCA/LCA_2007_LCA2007_normal_grid_S0013_daily.csv
LCA,LCA,Luancheng,2007,Leave_One_experiments\wth_generated_qc\LCA\LCA2007.WTH,normal_year;nitrogen_stress_year;low_response_year,normal,LCA2007_normal_grid_S0013,irrigation_positive_candidate,2007-07-26,207,47,42,"{""sim_day"": 47.0, ""doy"": 207.0, ""topwt"": 4437.752685546875, ""grnwt"": 0.0, ""xlai"": 3.1558661460876465, ""totir"": 0.0, ""tofer"": NaN, ""swfac"": 0.0, ""nstres"": 0.0}",0.0,0.0,4437.752685546875,0.0,3.1558661460876465,0.0,,0.0,0.0,30.0,150.0,28.56500854492188,40.56500854492188,Leave_One_experiments/all_year_offline_schedule_search/daily_outputs/LCA/LCA_2007_LCA2007_normal_grid_S0013_daily.csv
LCA,LCA,Luancheng,2007,Leave_One_experiments\wth_generated_qc\LCA\LCA2007.WTH,normal_year;nitrogen_stress_year;low_response_year,normal,LCA2007_normal_grid_S0013,irrigation_positive_candidate,2007-07-27,208,48,43,"{""sim_day"": 48.0, ""doy"": 208.0, ""topwt"": 4659.398193359375, ""grnwt"": 0.0, ""xlai"": 3.209785461425781, ""totir"": 0.0, ""tofer"": NaN, ""swfac"": 0.0, ""nstres"": 0.0}",0.0,0.0,4659.398193359375,0.0,3.209785461425781,0.0,,0.0,0.0,30.0,150.0,28.56500854492188,40.56500854492188,Leave_One_experiments/all_year_offline_schedule_search/daily_outputs/LCA/LCA_2007_LCA2007_normal_grid_S0013_daily.csv
LCA,LCA,Luancheng,2007,Leave_One_experiments\wth_generated_qc\LCA\LCA2007.WTH,normal_year;nitrogen_stress_year;low_response_year,normal,LCA2007_normal_grid_S0013,irrigation_positive_candidate,2007-07-28,209,49,44,"{""sim_day"": 49.0, ""doy"": 209.0, ""topwt"": 4833.970031738281, ""grnwt"": 0.0, ""xlai"": 3.2521369457244877, ""totir"": 0.0, ""tofer"": NaN, ""swfac"": 0.0, ""nstres"": 0.0}",0.0,0.0,4833.970031738281,0.0,3.2521369457244877,0.0,,0.0,0.0,30.0,150.0,28.56500854492188,40.56500854492188,Leave_One_experiments/all_year_offline_schedule_search/daily_outputs/LCA/LCA_2007_LCA2007_normal_grid_S0013_daily.csv
LCA,LCA,Luancheng,2007,Leave_One_experiments\wth_generated_qc\LCA\LCA2007.WTH,normal_year;nitrogen_stress_year;low_response_year,normal,LCA2007_normal_grid_S0013,irrigation_positive_candidate,2007-07-29,210,50,45,"{""sim_day"": 50.0, ""doy"": 210.0, ""topwt"": 4952.281494140625, ""grnwt"": 0.0, ""xlai"": 3.280693769454956, ""totir"": 0.0, ""tofer"": NaN, ""swfac"": 0.0, ""nstres"": 0.0}",0.0,0.0,4952.281494140625,0.0,3.280693769454956,0.0,,0.0,0.0,30.0,150.0,28.56500854492188,40.56500854492188,Leave_One_experiments/all_year_offline_schedule_search/daily_outputs/LCA/LCA_2007_LCA2007_normal_grid_S0013_daily.csv
LCA,LCA,Luancheng,2007,Leave_One_experiments\wth_generated_qc\LCA\LCA2007.WTH,normal_year;nitrogen_stress_year;low_response_year,normal,LCA2007_normal_grid_S0013,irrigation_positive_candidate,2007-07-30,211,51,46,"{""sim_day"": 51.0, ""doy"": 211.0, ""topwt"": 5267.711791992188, ""grnwt"": 0.0, ""xlai"": 3.3573596477508545, ""totir"": 0.0, ""tofer"": NaN, ""swfac"": 0.0, ""nstres"": 0.0}",0.0,0.0,5267.711791992188,0.0,3.3573596477508545,0.0,,0.0,0.0,30.0,150.0,28.56500854492188,40.56500854492188,Leave_One_experiments/all_year_offline_schedule_search/daily_outputs/LCA/LCA_2007_LCA2007_normal_grid_S0013_daily.csv
LCA,LCA,Luancheng,2007,Leave_One_experiments\wth_generated_qc\LCA\LCA2007.WTH,normal_year;nitrogen_stress_year;low_response_year,normal,LCA2007_normal_grid_S0013,irrigation_positive_candidate,2007-07-31,212,52,47,"{""sim_day"": 52.0, ""doy"": 212.0, ""topwt"": 5522.2454833984375, ""grnwt"": 0.0, ""xlai"": 3.3472416400909424, ""totir"": 0.0, ""tofer"": NaN, ""swfac"": 0.0, ""nstres"": 0.0}",0.0,0.0,5522.2454833984375,0.0,3.3472416400909424,0.0,,0.0,0.0,30.0,150.0,28.56500854492188,40.56500854492188,Leave_One_experiments/all_year_offline_schedule_search/daily_outputs/LCA/LCA_2007_LCA2007_normal_grid_S0013_daily.csv
LCA,LCA,Luancheng,2007,Leave_One_experiments\wth_generated_qc\LCA\LCA2007.WTH,normal_year;nitrogen_stress_year;low_response_year,normal,LCA2007_normal_grid_S0013,irrigation_positive_candidate,2007-08-01,213,53,48,"{""sim_day"": 53.0, ""doy"": 213.0, ""topwt"": 5795.2520751953125, ""grnwt"": 0.0, ""xlai"": 3.33160138130188, ""totir"": 0.0, ""tofer"": NaN, ""swfac"": 0.0, ""nstres"": 0.0}",0.0,0.0,5795.2520751953125,0.0,3.33160138130188,0.0,,0.0,0.0,30.0,150.0,28.56500854492188,40.56500854492188,Leave_One_experiments/all_year_offline_schedule_search/daily_outputs/LCA/LCA_2007_LCA2007_normal_grid_S0013_daily.csv
LCA,LCA,Luancheng,2007,Leave_One_experiments\wth_generated_qc\LCA\LCA2007.WTH,normal_year;nitrogen_stress_year;low_response_year,normal,LCA2007_normal_grid_S0013,irrigation_positive_candidate,2007-08-02,214,54,49,"{""sim_day"": 54.0, ""doy"": 214.0, ""topwt"": 6155.858154296875, ""grnwt"": 0.0, ""xlai"": 3.3170628547668457, ""totir"": 0.0, ""tofer"": NaN, ""swfac"": 0.0, ""nstres"": 0.0}",0.0,0.0,6155.858154296875,0.0,3.3170628547668457,0.0,,0.0,0.0,30.0,150.0,28.56500854492188,40.56500854492188,Leave_One_experiments/all_year_offline_schedule_search/daily_outputs/LCA/LCA_2007_LCA2007_normal_grid_S0013_daily.csv
LCA,LCA,Luancheng,2007,Leave_One_experiments\wth_generated_qc\LCA\LCA2007.WTH,normal_year;nitrogen_stress_year;low_response_year,normal,LCA2007_normal_grid_S0013,irrigation_positive_candidate,2007-08-03,215,55,50,"{""sim_day"": 55.0, ""doy"": 215.0, ""topwt"": 6380.784912109375, ""grnwt"": 0.0, ""xlai"": 3.3021717071533203, ""totir"": 0.0, ""tofer"": NaN, ""swfac"": 0.0, ""nstres"": 0.0}",0.0,0.0,6380.784912109375,0.0,3.3021717071533203,0.0,,0.0,0.0,30.0,150.0,28.56500854492188,40.56500854492188,Leave_One_experiments/all_year_offline_schedule_search/daily_outputs/LCA/LCA_2007_LCA2007_normal_grid_S0013_daily.csv
LCA,LCA,Luancheng,2007,Leave_One_experiments\wth_generated_qc\LCA\LCA2007.WTH,normal_year;nitrogen_stress_year;low_response_year,normal,LCA2007_normal_grid_S0013,irrigation_positive_candidate,2007-08-04,216,56,51,"{""sim_day"": 56.0, ""doy"": 216.0, ""topwt"": 6616.681518554688, ""grnwt"": 0.0, ""xlai"": 3.2849013805389404, ""totir"": 0.0, ""tofer"": NaN, ""swfac"": 0.0, ""nstres"": 0.0}",0.0,0.0,6616.681518554688,0.0,3.2849013805389404,0.0,,0.0,0.0,30.0,150.0,28.56500854492188,40.56500854492188,Leave_One_experiments/all_year_offline_schedule_search/daily_outputs/LCA/LCA_2007_LCA2007_normal_grid_S0013_daily.csv
LCA,LCA,Luancheng,2007,Leave_One_experiments\wth_generated_qc\LCA\LCA2007.WTH,normal_year;nitrogen_stress_year;low_response_year,normal,LCA2007_normal_grid_S0013,irrigation_positive_candidate,2007-08-05,217,57,52,"{""sim_day"": 57.0, ""doy"": 217.0, ""topwt"": 6865.377807617188, ""grnwt"": 0.0, ""xlai"": 3.2685561180114746, ""totir"": 0.0, ""tofer"": NaN, ""swfac"": 0.0, ""nstres"": 0.0}",0.0,0.0,6865.377807617188,0.0,3.2685561180114746,0.0,,0.0,0.0,30.0,150.0,28.56500854492188,40.56500854492188,Leave_One_experiments/all_year_offline_schedule_search/daily_outputs/LCA/LCA_2007_LCA2007_normal_grid_S0013_daily.csv
LCA,LCA,Luancheng,2007,Leave_One_experiments\wth_generated_qc\LCA\LCA2007.WTH,normal_year;nitrogen_stress_year;low_response_year,normal,LCA2007_normal_grid_S0013,irrigation_positive_candidate,2007-08-06,218,58,53,"{""sim_day"": 58.0, ""doy"": 218.0, ""topwt"": 7040.4425048828125, ""grnwt"": 0.0, ""xlai"": 3.252255439758301, ""totir"": 0.0, ""tofer"": NaN, ""swfac"": 0.0, ""nstres"": 0.0}",0.0,0.0,7040.4425048828125,0.0,3.252255439758301,0.0,,0.0,0.0,30.0,150.0,28.56500854492188,40.56500854492188,Leave_One_experiments/all_year_offline_schedule_search/daily_outputs/LCA/LCA_2007_LCA2007_normal_grid_S0013_daily.csv
LCA,LCA,Luancheng,2007,Leave_One_experiments\wth_generated_qc\LCA\LCA2007.WTH,normal_year;nitrogen_stress_year;low_response_year,normal,LCA2007_normal_grid_S0013,irrigation_positive_candidate,2007-08-07,219,59,54,"{""sim_day"": 59.0, ""doy"": 219.0, ""topwt"": 7263.348999023437, ""grnwt"": 0.0, ""xlai"": 3.234544515609741, ""totir"": 0.0, ""tofer"": NaN, ""swfac"": 0.0, ""nstres"": 0.0}",0.0,0.0,7263.348999023437,0.0,3.234544515609741,0.0,,0.0,0.0,30.0,150.0,28.56500854492188,40.56500854492188,Leave_One_experiments/all_year_offline_schedule_search/daily_outputs/LCA/LCA_2007_LCA2007_normal_grid_S0013_daily.csv
LCA,LCA,Luancheng,2007,Leave_One_experiments\wth_generated_qc\LCA\LCA2007.WTH,normal_year;nitrogen_stress_year;low_response_year,normal,LCA2007_normal_grid_S0013,irrigation_positive_candidate,2007-08-08,220,60,55,"{""sim_day"": 60.0, ""doy"": 220.0, ""topwt"": 7517.369384765625, ""grnwt"": 0.0, ""xlai"": 3.215373039245605, ""totir"": 0.0, ""tofer"": NaN, ""swfac"": 0.0, ""nstres"": 0.0}",0.0,0.0,7517.369384765625,0.0,3.215373039245605,0.0,,0.0,0.0,30.0,150.0,28.56500854492188,40.56500854492188,Leave_One_experiments/all_year_offline_schedule_search/daily_outputs/LCA/LCA_2007_LCA2007_normal_grid_S0013_daily.csv
LCA,LCA,Luancheng,2007,Leave_One_experiments\wth_generated_qc\LCA\LCA2007.WTH,normal_year;nitrogen_stress_year;low_response_year,normal,LCA2007_normal_grid_S0013,irrigation_positive_candidate,2007-08-09,221,61,56,"{""sim_day"": 61.0, ""doy"": 221.0, ""topwt"": 7586.1273193359375, ""grnwt"": 0.0, ""xlai"": 3.199556827545166, ""totir"": 0.0, ""tofer"": NaN, ""swfac"": 0.0, ""nstres"": 0.0}",0.0,0.0,7586.1273193359375,0.0,3.199556827545166,0.0,,0.0,0.0,30.0,150.0,28.56500854492188,40.56500854492188,Leave_One_experiments/all_year_offline_schedule_search/daily_outputs/LCA/LCA_2007_LCA2007_normal_grid_S0013_daily.csv
LCA,LCA,Luancheng,2007,Leave_One_experiments\wth_generated_qc\LCA\LCA2007.WTH,normal_year;nitrogen_stress_year;low_response_year,normal,LCA2007_normal_grid_S0013,irrigation_positive_candidate,2007-08-10,222,62,57,"{""sim_day"": 62.0, ""doy"": 222.0, ""topwt"": 7871.7034912109375, ""grnwt"": 285.5757141113281, ""xlai"": 3.1363799571990967, ""totir"": 0.0, ""tofer"": NaN, ""swfac"": 0.0, ""nstres"": 0.0}",0.0,0.0,7871.7034912109375,285.5757141113281,3.1363799571990967,0.0,,0.0,0.0,30.0,150.0,28.56500854492188,40.56500854492188,Leave_One_experiments/all_year_offline_schedule_search/daily_outputs/LCA/LCA_2007_LCA2007_normal_grid_S0013_daily.csv
LCA,LCA,Luancheng,2007,Leave_One_experiments\wth_generated_qc\LCA\LCA2007.WTH,normal_year;nitrogen_stress_year;low_response_year,normal,LCA2007_normal_grid_S0013,irrigation_positive_candidate,2007-08-11,223,63,58,"{""sim_day"": 63.0, ""doy"": 223.0, ""topwt"": 8157.2796630859375, ""grnwt"": 571.1514282226562, ""xlai"": 3.124912977218628, ""totir"": 0.0, ""tofer"": NaN, ""swfac"": 0.0, ""nstres"": 0.0}",0.0,0.0,8157.2796630859375,571.1514282226562,3.124912977218628,0.0,,0.0,0.0,30.0,150.0,28.56500854492188,40.56500854492188,Leave_One_experiments/all_year_offline_schedule_search/daily_outputs/LCA/LCA_2007_LCA2007_normal_grid_S0013_daily.csv
LCA,LCA,Luancheng,2007,Leave_One_experiments\wth_generated_qc\LCA\LCA2007.WTH,normal_year;nitrogen_stress_year;low_response_year,normal,LCA2007_normal_grid_S0013,irrigation_positive_candidate,2007-08-12,224,64,59,"{""sim_day"": 64.0, ""doy"": 224.0, ""topwt"": 8442.855224609375, ""grnwt"": 856.7271423339844, ""xlai"": 3.111344814300537, ""totir"": 0.0, ""tofer"": NaN, ""swfac"": 0.0, ""nstres"": 0.0}",0.0,0.0,8442.855224609375,856.7271423339844,3.111344814300537,0.0,,0.0,0.0,30.0,150.0,28.56500854492188,40.56500854492188,Leave_One_experiments/all_year_offline_schedule_search/daily_outputs/LCA/LCA_2007_LCA2007_normal_grid_S0013_daily.csv
LCA,LCA,Luancheng,2007,Leave_One_experiments\wth_generated_qc\LCA\LCA2007.WTH,normal_year;nitrogen_stress_year;low_response_year,normal,LCA2007_normal_grid_S0013,irrigation_positive_candidate,2007-08-13,225,65,60,"{""sim_day"": 65.0, ""doy"": 225.0, ""topwt"": 8708.797607421875, ""grnwt"": 1122.6696014404297, ""xlai"": 3.0938613414764404, ""totir"": 0.0, ""tofer"": NaN, ""swfac"": 0.0, ""nstres"": 0.0}",0.0,0.0,8708.797607421875,1122.6696014404297,3.0938613414764404,0.0,,0.0,50.0,30.0,150.0,28.56500854492188,40.56500854492188,Leave_One_experiments/all_year_offline_schedule_search/daily_outputs/LCA/LCA_2007_LCA2007_normal_grid_S0013_daily.csv
LCA,LCA,Luancheng,2007,Leave_One_experiments\wth_generated_qc\LCA\LCA2007.WTH,normal_year;nitrogen_stress_year;low_response_year,normal,LCA2007_normal_grid_S0013,irrigation_positive_candidate,2007-08-14,226,66,61,"{""sim_day"": 66.0, ""doy"": 226.0, ""topwt"": 8994.373779296875, ""grnwt"": 1408.2453918457031, ""xlai"": 3.078918695449829, ""totir"": 0.0, ""tofer"": NaN, ""swfac"": 0.0, ""nstres"": 0.0}",0.0,0.0,8994.373779296875,1408.2453918457031,3.078918695449829,0.0,,0.0,0.0,30.0,150.0,28.56500854492188,40.56500854492188,Leave_One_experiments/all_year_offline_schedule_search/daily_outputs/LCA/LCA_2007_LCA2007_normal_grid_S0013_daily.csv
LCA,LCA,Luancheng,2007,Leave_One_experiments\wth_generated_qc\LCA\LCA2007.WTH,normal_year;nitrogen_stress_year;low_response_year,normal,LCA2007_normal_grid_S0013,irrigation_positive_candidate,2007-08-15,227,67,62,"{""sim_day"": 67.0, ""doy"": 227.0, ""topwt"": 9160.364379882812, ""grnwt"": 1574.2361450195312, ""xlai"": 3.052342414855957, ""totir"": 0.0, ""tofer"": NaN, ""swfac"": 0.0, ""nstres"": 0.0}",0.0,0.0,9160.364379882812,1574.2361450195312,3.052342414855957,0.0,,0.0,0.0,30.0,150.0,28.56500854492188,40.56500854492188,Leave_One_experiments/all_year_offline_schedule_search/daily_outputs/LCA/LCA_2007_LCA2007_normal_grid_S0013_daily.csv
LCA,LCA,Luancheng,2007,Leave_One_experiments\wth_generated_qc\LCA\LCA2007.WTH,normal_year;nitrogen_stress_year;low_response_year,normal,LCA2007_normal_grid_S0013,irrigation_positive_candidate,2007-08-16,228,68,63,"{""sim_day"": 68.0, ""doy"": 228.0, ""topwt"": 9426.306762695312, ""grnwt"": 1840.1785278320312, ""xlai"": 3.0253148078918457, ""totir"": 0.0, ""tofer"": NaN, ""swfac"": 0.0, ""nstres"": 0.0}",0.0,0.0,9426.306762695312,1840.1785278320312,3.0253148078918457,0.0,,0.0,0.0,30.0,150.0,28.56500854492188,40.56500854492188,Leave_One_experiments/all_year_offline_schedule_search/daily_outputs/LCA/LCA_2007_LCA2007_normal_grid_S0013_daily.csv
LCA,LCA,Luancheng,2007,Leave_One_experiments\wth_generated_qc\LCA\LCA2007.WTH,normal_year;nitrogen_stress_year;low_response_year,normal,LCA2007_normal_grid_S0013,irrigation_positive_candidate,2007-08-17,229,69,64,"{""sim_day"": 69.0, ""doy"": 229.0, ""topwt"": 9711.882934570312, ""grnwt"": 2125.7542419433594, ""xlai"": 2.997169017791748, ""totir"": 0.0, ""tofer"": NaN, ""swfac"": 0.0, ""nstres"": 0.0}",0.0,0.0,9711.882934570312,2125.7542419433594,2.997169017791748,0.0,,0.0,0.0,30.0,150.0,28.56500854492188,40.56500854492188,Leave_One_experiments/all_year_offline_schedule_search/daily_outputs/LCA/LCA_2007_LCA2007_normal_grid_S0013_daily.csv
LCA,LCA,Luancheng,2007,Leave_One_experiments\wth_generated_qc\LCA\LCA2007.WTH,normal_year;nitrogen_stress_year;low_response_year,normal,LCA2007_normal_grid_S0013,irrigation_positive_candidate,2007-08-18,230,70,65,"{""sim_day"": 70.0, ""doy"": 230.0, ""topwt"": 9997.457885742188, ""grnwt"": 2411.3299560546875, ""xlai"": 2.964894771575928, ""totir"": 30.0, ""tofer"": NaN, ""swfac"": 0.0, ""nstres"": 0.0}",0.0,0.0,9997.457885742188,2411.3299560546875,2.964894771575928,30.0,,30.0,0.0,30.0,150.0,28.56500854492188,40.56500854492188,Leave_One_experiments/all_year_offline_schedule_search/daily_outputs/LCA/LCA_2007_LCA2007_normal_grid_S0013_daily.csv
LCA,LCA,Luancheng,2007,Leave_One_experiments\wth_generated_qc\LCA\LCA2007.WTH,normal_year;nitrogen_stress_year;low_response_year,normal,LCA2007_normal_grid_S0013,irrigation_positive_candidate,2007-08-19,231,71,66,"{""sim_day"": 71.0, ""doy"": 231.0, ""topwt"": 10283.033447265623, ""grnwt"": 2696.9058227539062, ""xlai"": 2.9349279403686523, ""totir"": 30.0, ""tofer"": NaN, ""swfac"": 0.0, ""nstres"": 0.0}",0.0,0.0,10283.033447265623,2696.9058227539062,2.9349279403686523,30.0,,0.0,0.0,30.0,150.0,28.56500854492188,40.56500854492188,Leave_One_experiments/all_year_offline_schedule_search/daily_outputs/LCA/LCA_2007_LCA2007_normal_grid_S0013_daily.csv
LCA,LCA,Luancheng,2007,Leave_One_experiments\wth_generated_qc\LCA\LCA2007.WTH,normal_year;nitrogen_stress_year;low_response_year,normal,LCA2007_normal_grid_S0013,irrigation_positive_candidate,2007-08-20,232,72,67,"{""sim_day"": 72.0, ""doy"": 232.0, ""topwt"": 10568.609619140623, ""grnwt"": 2982.481384277344, ""xlai"": 2.8976314067840576, ""totir"": 30.0, ""tofer"": NaN, ""swfac"": 0.0, ""nstres"": 0.0}",0.0,0.0,10568.609619140623,2982.481384277344,2.8976314067840576,30.0,,0.0,0.0,30.0,150.0,28.56500854492188,40.56500854492188,Leave_One_experiments/all_year_offline_schedule_search/daily_outputs/LCA/LCA_2007_LCA2007_normal_grid_S0013_daily.csv
LCA,LCA,Luancheng,2007,Leave_One_experiments\wth_generated_qc\LCA\LCA2007.WTH,normal_year;nitrogen_stress_year;low_response_year,normal,LCA2007_normal_grid_S0013,irrigation_positive_candidate,2007-08-21,233,73,68,"{""sim_day"": 73.0, ""doy"": 233.0, ""topwt"": 10854.185791015623, ""grnwt"": 3268.0572509765625, ""xlai"": 2.856616258621216, ""totir"": 30.0, ""tofer"": NaN, ""swfac"": 0.0, ""nstres"": 0.0}",0.0,0.0,10854.185791015623,3268.0572509765625,2.856616258621216,30.0,,0.0,0.0,30.0,150.0,28.56500854492188,40.56500854492188,Leave_One_experiments/all_year_offline_schedule_search/daily_outputs/LCA/LCA_2007_LCA2007_normal_grid_S0013_daily.csv
LCA,LCA,Luancheng,2007,Leave_One_experiments\wth_generated_qc\LCA\LCA2007.WTH,normal_year;nitrogen_stress_year;low_response_year,normal,LCA2007_normal_grid_S0013,irrigation_positive_candidate,2007-08-22,234,74,69,"{""sim_day"": 74.0, ""doy"": 234.0, ""topwt"": 11139.7607421875, ""grnwt"": 3553.633117675781, ""xlai"": 2.8084702491760254, ""totir"": 30.0, ""tofer"": NaN, ""swfac"": 0.0, ""nstres"": 0.0}",0.0,0.0,11139.7607421875,3553.633117675781,2.8084702491760254,30.0,,0.0,0.0,30.0,150.0,28.56500854492188,40.56500854492188,Leave_One_experiments/all_year_offline_schedule_search/daily_outputs/LCA/LCA_2007_LCA2007_normal_grid_S0013_daily.csv
LCA,LCA,Luancheng,2007,Leave_One_experiments\wth_generated_qc\LCA\LCA2007.WTH,normal_year;nitrogen_stress_year;low_response_year,normal,LCA2007_normal_grid_S0013,irrigation_positive_candidate,2007-08-23,235,75,70,"{""sim_day"": 75.0, ""doy"": 235.0, ""topwt"": 11419.981689453123, ""grnwt"": 3833.8540649414062, ""xlai"": 2.754483461380005, ""totir"": 30.0, ""tofer"": NaN, ""swfac"": 0.0, ""nstres"": 0.0}",0.0,0.0,11419.981689453123,3833.8540649414062,2.754483461380005,30.0,,0.0,0.0,30.0,150.0,28.56500854492188,40.56500854492188,Leave_One_experiments/all_year_offline_schedule_search/daily_outputs/LCA/LCA_2007_LCA2007_normal_grid_S0013_daily.csv
LCA,LCA,Luancheng,2007,Leave_One_experiments\wth_generated_qc\LCA\LCA2007.WTH,normal_year;nitrogen_stress_year;low_response_year,normal,LCA2007_normal_grid_S0013,irrigation_positive_candidate,2007-08-24,236,76,71,"{""sim_day"": 76.0, ""doy"": 236.0, ""topwt"": 11531.2158203125, ""grnwt"": 4119.429626464844, ""xlai"": 2.702322244644165, ""totir"": 30.0, ""tofer"": NaN, ""swfac"": 0.0, ""nstres"": 0.0}",0.0,0.0,11531.2158203125,4119.429626464844,2.702322244644165,30.0,,0.0,0.0,30.0,150.0,28.56500854492188,40.56500854492188,Leave_One_experiments/all_year_offline_schedule_search/daily_outputs/LCA/LCA_2007_LCA2007_normal_grid_S0013_daily.csv
LCA,LCA,Luancheng,2007,Leave_One_experiments\wth_generated_qc\LCA\LCA2007.WTH,normal_year;nitrogen_stress_year;low_response_year,normal,LCA2007_normal_grid_S0013,irrigation_positive_candidate,2007-08-25,237,77,72,"{""sim_day"": 77.0, ""doy"": 237.0, ""topwt"": 11551.1474609375, ""grnwt"": 4405.005187988281, ""xlai"": 2.6574947834014893, ""totir"": 30.0, ""tofer"": NaN, ""swfac"": 0.0, ""nstres"": 0.0}",0.0,0.0,11551.1474609375,4405.005187988281,2.6574947834014893,30.0,,0.0,0.0,30.0,150.0,28.56500854492188,40.56500854492188,Leave_One_experiments/all_year_offline_schedule_search/daily_outputs/LCA/LCA_2007_LCA2007_normal_grid_S0013_daily.csv
LCA,LCA,Luancheng,2007,Leave_One_experiments\wth_generated_qc\LCA\LCA2007.WTH,normal_year;nitrogen_stress_year;low_response_year,normal,LCA2007_normal_grid_S0013,irrigation_positive_candidate,2007-08-26,238,78,73,"{""sim_day"": 78.0, ""doy"": 238.0, ""topwt"": 11691.68701171875, ""grnwt"": 4690.580749511719, ""xlai"": 2.606278657913208, ""totir"": 30.0, ""tofer"": NaN, ""swfac"": 0.0, ""nstres"": 0.0}",0.0,0.0,11691.68701171875,4690.580749511719,2.606278657913208,30.0,,0.0,0.0,30.0,150.0,28.56500854492188,40.56500854492188,Leave_One_experiments/all_year_offline_schedule_search/daily_outputs/LCA/LCA_2007_LCA2007_normal_grid_S0013_daily.csv
LCA,LCA,Luancheng,2007,Leave_One_experiments\wth_generated_qc\LCA\LCA2007.WTH,normal_year;nitrogen_stress_year;low_response_year,normal,LCA2007_normal_grid_S0013,irrigation_positive_candidate,2007-08-27,239,79,74,"{""sim_day"": 79.0, ""doy"": 239.0, ""topwt"": 11902.872314453123, ""grnwt"": 4976.156311035156, ""xlai"": 2.544795036315918, ""totir"": 30.0, ""tofer"": NaN, ""swfac"": 0.0, ""nstres"": 0.0}",0.0,0.0,11902.872314453123,4976.156311035156,2.544795036315918,30.0,,0.0,0.0,30.0,150.0,28.56500854492188,40.56500854492188,Leave_One_experiments/all_year_offline_schedule_search/daily_outputs/LCA/LCA_2007_LCA2007_normal_grid_S0013_daily.csv
LCA,LCA,Luancheng,2007,Leave_One_experiments\wth_generated_qc\LCA\LCA2007.WTH,normal_year;nitrogen_stress_year;low_response_year,normal,LCA2007_normal_grid_S0013,irrigation_positive_candidate,2007-08-28,240,80,75,"{""sim_day"": 80.0, ""doy"": 240.0, ""topwt"": 11979.033203125, ""grnwt"": 5261.7315673828125, ""xlai"": 2.496328592300415, ""totir"": 30.0, ""tofer"": NaN, ""swfac"": 0.0, ""nstres"": 0.0}",0.0,0.0,11979.033203125,5261.7315673828125,2.496328592300415,30.0,,0.0,0.0,30.0,150.0,28.56500854492188,40.56500854492188,Leave_One_experiments/all_year_offline_schedule_search/daily_outputs/LCA/LCA_2007_LCA2007_normal_grid_S0013_daily.csv
LCA,LCA,Luancheng,2007,Leave_One_experiments\wth_generated_qc\LCA\LCA2007.WTH,normal_year;nitrogen_stress_year;low_response_year,normal,LCA2007_normal_grid_S0013,irrigation_positive_candidate,2007-08-29,241,81,76,"{""sim_day"": 81.0, ""doy"": 241.0, ""topwt"": 12042.274169921877, ""grnwt"": 5390.3741455078125, ""xlai"": 2.438971757888794, ""totir"": 30.0, ""tofer"": NaN, ""swfac"": 0.0, ""nstres"": 0.0}",0.0,0.0,12042.274169921877,5390.3741455078125,2.438971757888794,30.0,,0.0,0.0,30.0,150.0,28.56500854492188,40.56500854492188,Leave_One_experiments/all_year_offline_schedule_search/daily_outputs/LCA/LCA_2007_LCA2007_normal_grid_S0013_daily.csv
LCA,LCA,Luancheng,2007,Leave_One_experiments\wth_generated_qc\LCA\LCA2007.WTH,normal_year;nitrogen_stress_year;low_response_year,normal,LCA2007_normal_grid_S0013,irrigation_positive_candidate,2007-08-30,242,82,77,"{""sim_day"": 82.0, ""doy"": 242.0, ""topwt"": 12306.07666015625, ""grnwt"": 5654.176635742188, ""xlai"": 2.3672566413879395, ""totir"": 30.0, ""tofer"": NaN, ""swfac"": 0.0, ""nstres"": 0.0}",0.0,0.0,12306.07666015625,5654.176635742188,2.3672566413879395,30.0,,0.0,0.0,30.0,150.0,28.56500854492188,40.56500854492188,Leave_One_experiments/all_year_offline_schedule_search/daily_outputs/LCA/LCA_2007_LCA2007_normal_grid_S0013_daily.csv
LCA,LCA,Luancheng,2007,Leave_One_experiments\wth_generated_qc\LCA\LCA2007.WTH,normal_year;nitrogen_stress_year;low_response_year,normal,LCA2007_normal_grid_S0013,irrigation_positive_candidate,2007-08-31,243,83,78,"{""sim_day"": 83.0, ""doy"": 243.0, ""topwt"": 12599.991455078123, ""grnwt"": 5939.752197265625, ""xlai"": 2.2951509952545166, ""totir"": 30.0, ""tofer"": NaN, ""swfac"": 0.0, ""nstres"": 0.0}",0.0,0.0,12599.991455078123,5939.752197265625,2.2951509952545166,30.0,,0.0,0.0,30.0,150.0,28.56500854492188,40.56500854492188,Leave_One_experiments/all_year_offline_schedule_search/daily_outputs/LCA/LCA_2007_LCA2007_normal_grid_S0013_daily.csv
LCA,LCA,Luancheng,2007,Leave_One_experiments\wth_generated_qc\LCA\LCA2007.WTH,normal_year;nitrogen_stress_year;low_response_year,normal,LCA2007_normal_grid_S0013,irrigation_positive_candidate,2007-09-01,244,84,79,"{""sim_day"": 84.0, ""doy"": 244.0, ""topwt"": 12791.270751953123, ""grnwt"": 6139.3695068359375, ""xlai"": 2.214227199554444, ""totir"": 30.0, ""tofer"": NaN, ""swfac"": 0.0, ""nstres"": 0.0}",0.0,0.0,12791.270751953123,6139.3695068359375,2.214227199554444,30.0,,0.0,0.0,30.0,150.0,28.56500854492188,40.56500854492188,Leave_One_experiments/all_year_offline_schedule_search/daily_outputs/LCA/LCA_2007_LCA2007_normal_grid_S0013_daily.csv
LCA,LCA,Luancheng,2007,Leave_One_experiments\wth_generated_qc\LCA\LCA2007.WTH,normal_year;nitrogen_stress_year;low_response_year,normal,LCA2007_normal_grid_S0013,irrigation_positive_candidate,2007-09-02,245,85,80,"{""sim_day"": 85.0, ""doy"": 245.0, ""topwt"": 12803.038330078123, ""grnwt"": 6151.138305664063, ""xlai"": 2.1490917205810547, ""totir"": 30.0, ""tofer"": NaN, ""swfac"": 0.0, ""nstres"": 0.0}",0.0,0.0,12803.038330078123,6151.138305664063,2.1490917205810547,30.0,,0.0,0.0,30.0,150.0,28.56500854492188,40.56500854492188,Leave_One_experiments/all_year_offline_schedule_search/daily_outputs/LCA/LCA_2007_LCA2007_normal_grid_S0013_daily.csv
LCA,LCA,Luancheng,2007,Leave_One_experiments\wth_generated_qc\LCA\LCA2007.WTH,normal_year;nitrogen_stress_year;low_response_year,normal,LCA2007_normal_grid_S0013,irrigation_positive_candidate,2007-09-03,246,86,81,"{""sim_day"": 86.0, ""doy"": 246.0, ""topwt"": 13037.120361328123, ""grnwt"": 6385.220336914063, ""xlai"": 2.0799429416656494, ""totir"": 30.0, ""tofer"": NaN, ""swfac"": 0.0, ""nstres"": 0.0}",0.0,0.0,13037.120361328123,6385.220336914063,2.0799429416656494,30.0,,0.0,0.0,30.0,150.0,28.56500854492188,40.56500854492188,Leave_One_experiments/all_year_offline_schedule_search/daily_outputs/LCA/LCA_2007_LCA2007_normal_grid_S0013_daily.csv
LCA,LCA,Luancheng,2007,Leave_One_experiments\wth_generated_qc\LCA\LCA2007.WTH,normal_year;nitrogen_stress_year;low_response_year,normal,LCA2007_normal_grid_S0013,irrigation_positive_candidate,2007-09-04,247,87,82,"{""sim_day"": 87.0, ""doy"": 247.0, ""topwt"": 13267.89306640625, ""grnwt"": 6615.99365234375, ""xlai"": 2.007745742797852, ""totir"": 30.0, ""tofer"": NaN, ""swfac"": 0.0, ""nstres"": 0.0}",0.0,0.0,13267.89306640625,6615.99365234375,2.007745742797852,30.0,,0.0,0.0,30.0,150.0,28.56500854492188,40.56500854492188,Leave_One_experiments/all_year_offline_schedule_search/daily_outputs/LCA/LCA_2007_LCA2007_normal_grid_S0013_daily.csv
LCA,LCA,Luancheng,2007,Leave_One_experiments\wth_generated_qc\LCA\LCA2007.WTH,normal_year;nitrogen_stress_year;low_response_year,normal,LCA2007_normal_grid_S0013,irrigation_positive_candidate,2007-09-05,248,88,83,"{""sim_day"": 88.0, ""doy"": 248.0, ""topwt"": 13495.035400390623, ""grnwt"": 6843.135986328125, ""xlai"": 1.9324355125427248, ""totir"": 30.0, ""tofer"": NaN, ""swfac"": 0.0, ""nstres"": 0.0}",0.0,0.0,13495.035400390623,6843.135986328125,1.9324355125427248,30.0,,0.0,0.0,30.0,150.0,28.56500854492188,40.56500854492188,Leave_One_experiments/all_year_offline_schedule_search/daily_outputs/LCA/LCA_2007_LCA2007_normal_grid_S0013_daily.csv
LCA,LCA,Luancheng,2007,Leave_One_experiments\wth_generated_qc\LCA\LCA2007.WTH,normal_year;nitrogen_stress_year;low_response_year,normal,LCA2007_normal_grid_S0013,irrigation_positive_candidate,2007-09-06,249,89,84,"{""sim_day"": 89.0, ""doy"": 249.0, ""topwt"": 13718.189697265623, ""grnwt"": 7066.2896728515625, ""xlai"": 1.8539458513259888, ""totir"": 30.0, ""tofer"": NaN, ""swfac"": 0.0, ""nstres"": 0.0}",0.0,0.0,13718.189697265623,7066.2896728515625,1.8539458513259888,30.0,,0.0,0.0,30.0,150.0,28.56500854492188,40.56500854492188,Leave_One_experiments/all_year_offline_schedule_search/daily_outputs/LCA/LCA_2007_LCA2007_normal_grid_S0013_daily.csv
LCA,LCA,Luancheng,2007,Leave_One_experiments\wth_generated_qc\LCA\LCA2007.WTH,normal_year;nitrogen_stress_year;low_response_year,normal,LCA2007_normal_grid_S0013,irrigation_positive_candidate,2007-09-07,250,90,85,"{""sim_day"": 90.0, ""doy"": 250.0, ""topwt"": 13936.956787109377, ""grnwt"": 7285.056762695312, ""xlai"": 1.772210717201233, ""totir"": 30.0, ""tofer"": NaN, ""swfac"": 0.0, ""nstres"": 0.0}",0.0,0.0,13936.956787109377,7285.056762695312,1.772210717201233,30.0,,0.0,0.0,30.0,150.0,28.56500854492188,40.56500854492188,Leave_One_experiments/all_year_offline_schedule_search/daily_outputs/LCA/LCA_2007_LCA2007_normal_grid_S0013_daily.csv
LCA,LCA,Luancheng,2007,Leave_One_experiments\wth_generated_qc\LCA\LCA2007.WTH,normal_year;nitrogen_stress_year;low_response_year,normal,LCA2007_normal_grid_S0013,irrigation_positive_candidate,2007-09-08,251,91,86,"{""sim_day"": 91.0, ""doy"": 251.0, ""topwt"": 14150.89111328125, ""grnwt"": 7498.99169921875, ""xlai"": 1.6871650218963623, ""totir"": 30.0, ""tofer"": NaN, ""swfac"": 0.0, ""nstres"": 0.0}",0.0,0.0,14150.89111328125,7498.99169921875,1.6871650218963623,30.0,,0.0,0.0,30.0,150.0,28.56500854492188,40.56500854492188,Leave_One_experiments/all_year_offline_schedule_search/daily_outputs/LCA/LCA_2007_LCA2007_normal_grid_S0013_daily.csv
LCA,LCA,Luancheng,2007,Leave_One_experiments\wth_generated_qc\LCA\LCA2007.WTH,normal_year;nitrogen_stress_year;low_response_year,normal,LCA2007_normal_grid_S0013,irrigation_positive_candidate,2007-09-09,252,92,87,"{""sim_day"": 92.0, ""doy"": 252.0, ""topwt"": 14359.49462890625, ""grnwt"": 7707.59521484375, ""xlai"": 1.5987427234649658, ""totir"": 30.0, ""tofer"": NaN, ""swfac"": 0.0, ""nstres"": 0.0}",0.0,0.0,14359.49462890625,7707.59521484375,1.5987427234649658,30.0,,0.0,0.0,30.0,150.0,28.56500854492188,40.56500854492188,Leave_One_experiments/all_year_offline_schedule_search/daily_outputs/LCA/LCA_2007_LCA2007_normal_grid_S0013_daily.csv
LCA,LCA,Luancheng,2007,Leave_One_experiments\wth_generated_qc\LCA\LCA2007.WTH,normal_year;nitrogen_stress_year;low_response_year,normal,LCA2007_normal_grid_S0013,irrigation_positive_candidate,2007-09-10,253,93,88,"{""sim_day"": 93.0, ""doy"": 253.0, ""topwt"": 14562.20703125, ""grnwt"": 7910.3076171875, ""xlai"": 1.5068780183792114, ""totir"": 30.0, ""tofer"": NaN, ""swfac"": 0.0, ""nstres"": 0.0}",0.0,0.0,14562.20703125,7910.3076171875,1.5068780183792114,30.0,,0.0,0.0,30.0,150.0,28.56500854492188,40.56500854492188,Leave_One_experiments/all_year_offline_schedule_search/daily_outputs/LCA/LCA_2007_LCA2007_normal_grid_S0013_daily.csv
LCA,LCA,Luancheng,2007,Leave_One_experiments\wth_generated_qc\LCA\LCA2007.WTH,normal_year;nitrogen_stress_year;low_response_year,normal,LCA2007_normal_grid_S0013,irrigation_positive_candidate,2007-09-11,254,94,89,"{""sim_day"": 94.0, ""doy"": 254.0, ""topwt"": 14758.399658203123, ""grnwt"": 8106.5008544921875, ""xlai"": 1.4115054607391355, ""totir"": 30.0, ""tofer"": NaN, ""swfac"": 0.0, ""nstres"": 0.0}",0.0,0.0,14758.399658203123,8106.5008544921875,1.4115054607391355,30.0,,0.0,0.0,30.0,150.0,28.56500854492188,40.56500854492188,Leave_One_experiments/all_year_offline_schedule_search/daily_outputs/LCA/LCA_2007_LCA2007_normal_grid_S0013_daily.csv
LCA,LCA,Luancheng,2007,Leave_One_experiments\wth_generated_qc\LCA\LCA2007.WTH,normal_year;nitrogen_stress_year;low_response_year,normal,LCA2007_normal_grid_S0013,irrigation_positive_candidate,2007-09-12,255,95,90,"{""sim_day"": 95.0, ""doy"": 255.0, ""topwt"": 14758.399658203123, ""grnwt"": 8106.5008544921875, ""xlai"": 1.4115054607391355, ""totir"": 30.0, ""tofer"": NaN, ""swfac"": 0.0, ""nstres"": 0.0}",0.0,0.0,14758.399658203123,8106.5008544921875,1.4115054607391355,30.0,,0.0,0.0,30.0,150.0,28.56500854492188,40.56500854492188,Leave_One_experiments/all_year_offline_schedule_search/daily_outputs/LCA/LCA_2007_LCA2007_normal_grid_S0013_daily.csv
LCA,LCA,Luancheng,2007,Leave_One_experiments\wth_generated_qc\LCA\LCA2007.WTH,normal_year;nitrogen_stress_year;low_response_year,normal,LCA2007_normal_grid_S0013,irrigation_positive_candidate,2007-09-13,256,96,91,"{""sim_day"": 96.0, ""doy"": 256.0, ""topwt"": 14758.399658203123, ""grnwt"": 8106.5008544921875, ""xlai"": 1.4115054607391355, ""totir"": 30.0, ""tofer"": NaN, ""swfac"": 0.0, ""nstres"": 0.0}",0.0,0.0,14758.399658203123,8106.5008544921875,1.4115054607391355,30.0,,0.0,0.0,30.0,150.0,28.56500854492188,40.56500854492188,Leave_One_experiments/all_year_offline_schedule_search/daily_outputs/LCA/LCA_2007_LCA2007_normal_grid_S0013_daily.csv
LCA,LCA,Luancheng,2007,Leave_One_experiments\wth_generated_qc\LCA\LCA2007.WTH,normal_year;nitrogen_stress_year;low_response_year,normal,LCA2007_normal_grid_S0013,irrigation_positive_candidate,2007-09-14,257,97,92,"{""sim_day"": 97.0, ""doy"": 257.0, ""topwt"": 14758.399658203123, ""grnwt"": 8106.5008544921875, ""xlai"": 1.4115054607391355, ""totir"": 30.0, ""tofer"": NaN, ""swfac"": 0.0, ""nstres"": 0.0}",0.0,0.0,14758.399658203123,8106.5008544921875,1.4115054607391355,30.0,,0.0,0.0,30.0,150.0,28.56500854492188,40.56500854492188,Leave_One_experiments/all_year_offline_schedule_search/daily_outputs/LCA/LCA_2007_LCA2007_normal_grid_S0013_daily.csv
LCA,LCA,Luancheng,2007,Leave_One_experiments\wth_generated_qc\LCA\LCA2007.WTH,normal_year;nitrogen_stress_year;low_response_year,normal,LCA2007_normal_grid_S0013,irrigation_positive_candidate,2007-09-15,258,98,93,"{""sim_day"": 98.0, ""doy"": 258.0, ""topwt"": 14758.399658203123, ""grnwt"": 8106.5008544921875, ""xlai"": 1.4115054607391355, ""totir"": 30.0, ""tofer"": NaN, ""swfac"": 0.0, ""nstres"": 0.0}",0.0,0.0,14758.399658203123,8106.5008544921875,1.4115054607391355,30.0,,0.0,0.0,30.0,150.0,28.56500854492188,40.56500854492188,Leave_One_experiments/all_year_offline_schedule_search/daily_outputs/LCA/LCA_2007_LCA2007_normal_grid_S0013_daily.csv
LCA,LCA,Luancheng,2007,Leave_One_experiments\wth_generated_qc\LCA\LCA2007.WTH,normal_year;nitrogen_stress_year;low_response_year,normal,LCA2007_normal_grid_S0010,low_input_within_10pct_yield,2007-06-15,166,1,1,"{""sim_day"": 1.0, ""doy"": 166.0, ""topwt"": 0.0, ""grnwt"": 0.0, ""xlai"": 0.0, ""totir"": 0.0, ""tofer"": NaN, ""swfac"": 0.0, ""nstres"": 0.0}",0.0,0.0,0.0,0.0,0.0,0.0,,0.0,50.0,0.0,150.0,42.54445190429688,42.54445190429688,Leave_One_experiments/all_year_offline_schedule_search/daily_outputs/LCA/LCA_2007_LCA2007_normal_grid_S0010_daily.csv
LCA,LCA,Luancheng,2007,Leave_One_experiments\wth_generated_qc\LCA\LCA2007.WTH,normal_year;nitrogen_stress_year;low_response_year,normal,LCA2007_normal_grid_S0010,low_input_within_10pct_yield,2007-06-16,167,2,2,"{""sim_day"": 2.0, ""doy"": 167.0, ""topwt"": 0.0, ""grnwt"": 0.0, ""xlai"": 0.0, ""totir"": 0.0, ""tofer"": NaN, ""swfac"": 0.0, ""nstres"": 0.0}",0.0,0.0,0.0,0.0,0.0,0.0,,0.0,0.0,0.0,150.0,42.54445190429688,42.54445190429688,Leave_One_experiments/all_year_offline_schedule_search/daily_outputs/LCA/LCA_2007_LCA2007_normal_grid_S0010_daily.csv
LCA,LCA,Luancheng,2007,Leave_One_experiments\wth_generated_qc\LCA\LCA2007.WTH,normal_year;nitrogen_stress_year;low_response_year,normal,LCA2007_normal_grid_S0010,low_input_within_10pct_yield,2007-06-17,168,3,3,"{""sim_day"": 3.0, ""doy"": 168.0, ""topwt"": 0.0, ""grnwt"": 0.0, ""xlai"": 0.0, ""totir"": 0.0, ""tofer"": NaN, ""swfac"": 0.0, ""nstres"": 0.0}",0.0,0.0,0.0,0.0,0.0,0.0,,0.0,0.0,0.0,150.0,42.54445190429688,42.54445190429688,Leave_One_experiments/all_year_offline_schedule_search/daily_outputs/LCA/LCA_2007_LCA2007_normal_grid_S0010_daily.csv
LCA,LCA,Luancheng,2007,Leave_One_experiments\wth_generated_qc\LCA\LCA2007.WTH,normal_year;nitrogen_stress_year;low_response_year,normal,LCA2007_normal_grid_S0010,low_input_within_10pct_yield,2007-06-18,169,4,4,"{""sim_day"": 4.0, ""doy"": 169.0, ""topwt"": 0.0, ""grnwt"": 0.0, ""xlai"": 0.0, ""totir"": 0.0, ""tofer"": NaN, ""swfac"": 0.0, ""nstres"": 0.0}",0.0,0.0,0.0,0.0,0.0,0.0,,0.0,0.0,0.0,150.0,42.54445190429688,42.54445190429688,Leave_One_experiments/all_year_offline_schedule_search/daily_outputs/LCA/LCA_2007_LCA2007_normal_grid_S0010_daily.csv
LCA,LCA,Luancheng,2007,Leave_One_experiments\wth_generated_qc\LCA\LCA2007.WTH,normal_year;nitrogen_stress_year;low_response_year,normal,LCA2007_normal_grid_S0010,low_input_within_10pct_yield,2007-06-19,170,5,5,"{""sim_day"": 5.0, ""doy"": 170.0, ""topwt"": 0.0, ""grnwt"": 0.0, ""xlai"": 0.0, ""totir"": 0.0, ""tofer"": NaN, ""swfac"": 0.0, ""nstres"": 0.0}",0.0,0.0,0.0,0.0,0.0,0.0,,0.0,0.0,0.0,150.0,42.54445190429688,42.54445190429688,Leave_One_experiments/all_year_offline_schedule_search/daily_outputs/LCA/LCA_2007_LCA2007_normal_grid_S0010_daily.csv
LCA,LCA,Luancheng,2007,Leave_One_experiments\wth_generated_qc\LCA\LCA2007.WTH,normal_year;nitrogen_stress_year;low_response_year,normal,LCA2007_normal_grid_S0010,low_input_within_10pct_yield,2007-06-15,166,6,1,"{""sim_day"": 6.0, ""doy"": 166.0, ""topwt"": 0.0, ""grnwt"": 0.0, ""xlai"": 0.0, ""totir"": 0.0, ""tofer"": NaN, ""swfac"": 0.0, ""nstres"": 0.0}",0.0,0.0,0.0,0.0,0.0,0.0,,0.0,0.0,0.0,150.0,42.54445190429688,42.54445190429688,Leave_One_experiments/all_year_offline_schedule_search/daily_outputs/LCA/LCA_2007_LCA2007_normal_grid_S0010_daily.csv
LCA,LCA,Luancheng,2007,Leave_One_experiments\wth_generated_qc\LCA\LCA2007.WTH,normal_year;nitrogen_stress_year;low_response_year,normal,LCA2007_normal_grid_S0010,low_input_within_10pct_yield,2007-06-16,167,7,2,"{""sim_day"": 7.0, ""doy"": 167.0, ""topwt"": 0.0, ""grnwt"": 0.0, ""xlai"": 0.0, ""totir"": 0.0, ""tofer"": NaN, ""swfac"": 0.0, ""nstres"": 0.0}",0.0,0.0,0.0,0.0,0.0,0.0,,0.0,0.0,0.0,150.0,42.54445190429688,42.54445190429688,Leave_One_experiments/all_year_offline_schedule_search/daily_outputs/LCA/LCA_2007_LCA2007_normal_grid_S0010_daily.csv
LCA,LCA,Luancheng,2007,Leave_One_experiments\wth_generated_qc\LCA\LCA2007.WTH,normal_year;nitrogen_stress_year;low_response_year,normal,LCA2007_normal_grid_S0010,low_input_within_10pct_yield,2007-06-17,168,8,3,"{""sim_day"": 8.0, ""doy"": 168.0, ""topwt"": 0.0, ""grnwt"": 0.0, ""xlai"": 0.0, ""totir"": 0.0, ""tofer"": NaN, ""swfac"": 0.0, ""nstres"": 0.0}",0.0,0.0,0.0,0.0,0.0,0.0,,0.0,0.0,0.0,150.0,42.54445190429688,42.54445190429688,Leave_One_experiments/all_year_offline_schedule_search/daily_outputs/LCA/LCA_2007_LCA2007_normal_grid_S0010_daily.csv
LCA,LCA,Luancheng,2007,Leave_One_experiments\wth_generated_qc\LCA\LCA2007.WTH,normal_year;nitrogen_stress_year;low_response_year,normal,LCA2007_normal_grid_S0010,low_input_within_10pct_yield,2007-06-18,169,9,4,"{""sim_day"": 9.0, ""doy"": 169.0, ""topwt"": 0.0, ""grnwt"": 0.0, ""xlai"": 0.0, ""totir"": 0.0, ""tofer"": NaN, ""swfac"": 0.0, ""nstres"": 0.0}",0.0,0.0,0.0,0.0,0.0,0.0,,0.0,0.0,0.0,150.0,42.54445190429688,42.54445190429688,Leave_One_experiments/all_year_offline_schedule_search/daily_outputs/LCA/LCA_2007_LCA2007_normal_grid_S0010_daily.csv
LCA,LCA,Luancheng,2007,Leave_One_experiments\wth_generated_qc\LCA\LCA2007.WTH,normal_year;nitrogen_stress_year;low_response_year,normal,LCA2007_normal_grid_S0010,low_input_within_10pct_yield,2007-06-19,170,10,5,"{""sim_day"": 10.0, ""doy"": 170.0, ""topwt"": 0.0, ""grnwt"": 0.0, ""xlai"": 0.0, ""totir"": 0.0, ""tofer"": NaN, ""swfac"": 0.0, ""nstres"": 0.0}",0.0,0.0,0.0,0.0,0.0,0.0,,0.0,0.0,0.0,150.0,42.54445190429688,42.54445190429688,Leave_One_experiments/all_year_offline_schedule_search/daily_outputs/LCA/LCA_2007_LCA2007_normal_grid_S0010_daily.csv
LCA,LCA,Luancheng,2007,Leave_One_experiments\wth_generated_qc\LCA\LCA2007.WTH,normal_year;nitrogen_stress_year;low_response_year,normal,LCA2007_normal_grid_S0010,low_input_within_10pct_yield,2007-06-20,171,11,6,"{""sim_day"": 11.0, ""doy"": 171.0, ""topwt"": 23.600001335144043, ""grnwt"": 0.0, ""xlai"": 0.0040371329523622, ""totir"": 0.0, ""tofer"": NaN, ""swfac"": 0.0, ""nstres"": 0.0121910572052001}",0.0,0.0121910572052001,23.600001335144043,0.0,0.0040371329523622,0.0,,0.0,0.0,0.0,150.0,42.54445190429688,42.54445190429688,Leave_One_experiments/all_year_offline_schedule_search/daily_outputs/LCA/LCA_2007_LCA2007_normal_grid_S0010_daily.csv
LCA,LCA,Luancheng,2007,Leave_One_experiments\wth_generated_qc\LCA\LCA2007.WTH,normal_year;nitrogen_stress_year;low_response_year,normal,LCA2007_normal_grid_S0010,low_input_within_10pct_yield,2007-06-21,172,12,7,"{""sim_day"": 12.0, ""doy"": 172.0, ""topwt"": 23.600001335144043, ""grnwt"": 0.0, ""xlai"": 0.008417553268373, ""totir"": 0.0, ""tofer"": NaN, ""swfac"": 0.0, ""nstres"": 0.008258581161499}",0.0,0.008258581161499,23.600001335144043,0.0,0.008417553268373,0.0,,0.0,0.0,0.0,150.0,42.54445190429688,42.54445190429688,Leave_One_experiments/all_year_offline_schedule_search/daily_outputs/LCA/LCA_2007_LCA2007_normal_grid_S0010_daily.csv
LCA,LCA,Luancheng,2007,Leave_One_experiments\wth_generated_qc\LCA\LCA2007.WTH,normal_year;nitrogen_stress_year;low_response_year,normal,LCA2007_normal_grid_S0010,low_input_within_10pct_yield,2007-06-22,173,13,8,"{""sim_day"": 13.0, ""doy"": 173.0, ""topwt"": 23.600001335144043, ""grnwt"": 0.0, ""xlai"": 0.0136338761076331, ""totir"": 0.0, ""tofer"": NaN, ""swfac"": 0.0, ""nstres"": 0.0}",0.0,0.0,23.600001335144043,0.0,0.0136338761076331,0.0,,0.0,0.0,0.0,150.0,42.54445190429688,42.54445190429688,Leave_One_experiments/all_year_offline_schedule_search/daily_outputs/LCA/LCA_2007_LCA2007_normal_grid_S0010_daily.csv
LCA,LCA,Luancheng,2007,Leave_One_experiments\wth_generated_qc\LCA\LCA2007.WTH,normal_year;nitrogen_stress_year;low_response_year,normal,LCA2007_normal_grid_S0010,low_input_within_10pct_yield,2007-06-23,174,14,9,"{""sim_day"": 14.0, ""doy"": 174.0, ""topwt"": 23.600001335144043, ""grnwt"": 0.0, ""xlai"": 0.0355800874531269, ""totir"": 0.0, ""tofer"": NaN, ""swfac"": 0.0, ""nstres"": 0.0}",0.0,0.0,23.600001335144043,0.0,0.0355800874531269,0.0,,0.0,0.0,0.0,150.0,42.54445190429688,42.54445190429688,Leave_One_experiments/all_year_offline_schedule_search/daily_outputs/LCA/LCA_2007_LCA2007_normal_grid_S0010_daily.csv
LCA,LCA,Luancheng,2007,Leave_One_experiments\wth_generated_qc\LCA\LCA2007.WTH,normal_year;nitrogen_stress_year;low_response_year,normal,LCA2007_normal_grid_S0010,low_input_within_10pct_yield,2007-06-24,175,15,10,"{""sim_day"": 15.0, ""doy"": 175.0, ""topwt"": 33.65622043609619, ""grnwt"": 0.0, ""xlai"": 0.0663013383746147, ""totir"": 0.0, ""tofer"": NaN, ""swfac"": 0.0, ""nstres"": 0.0}",0.0,0.0,33.65622043609619,0.0,0.0663013383746147,0.0,,0.0,0.0,0.0,150.0,42.54445190429688,42.54445190429688,Leave_One_experiments/all_year_offline_schedule_search/daily_outputs/LCA/LCA_2007_LCA2007_normal_grid_S0010_daily.csv
LCA,LCA,Luancheng,2007,Leave_One_experiments\wth_generated_qc\LCA\LCA2007.WTH,normal_year;nitrogen_stress_year;low_response_year,normal,LCA2007_normal_grid_S0010,low_input_within_10pct_yield,2007-06-25,176,16,11,"{""sim_day"": 16.0, ""doy"": 176.0, ""topwt"": 50.81644535064697, ""grnwt"": 0.0, ""xlai"": 0.1052081361413002, ""totir"": 0.0, ""tofer"": NaN, ""swfac"": 0.0, ""nstres"": 0.0}",0.0,0.0,50.81644535064697,0.0,0.1052081361413002,0.0,,0.0,0.0,0.0,150.0,42.54445190429688,42.54445190429688,Leave_One_experiments/all_year_offline_schedule_search/daily_outputs/LCA/LCA_2007_LCA2007_normal_grid_S0010_daily.csv
LCA,LCA,Luancheng,2007,Leave_One_experiments\wth_generated_qc\LCA\LCA2007.WTH,normal_year;nitrogen_stress_year;low_response_year,normal,LCA2007_normal_grid_S0010,low_input_within_10pct_yield,2007-06-26,177,17,12,"{""sim_day"": 17.0, ""doy"": 177.0, ""topwt"": 69.11809921264648, ""grnwt"": 0.0, ""xlai"": 0.1428860872983932, ""totir"": 0.0, ""tofer"": NaN, ""swfac"": 0.0, ""nstres"": 0.0}",0.0,0.0,69.11809921264648,0.0,0.1428860872983932,0.0,,0.0,0.0,0.0,150.0,42.54445190429688,42.54445190429688,Leave_One_experiments/all_year_offline_schedule_search/daily_outputs/LCA/LCA_2007_LCA2007_normal_grid_S0010_daily.csv
LCA,LCA,Luancheng,2007,Leave_One_experiments\wth_generated_qc\LCA\LCA2007.WTH,normal_year;nitrogen_stress_year;low_response_year,normal,LCA2007_normal_grid_S0010,low_input_within_10pct_yield,2007-06-27,178,18,13,"{""sim_day"": 18.0, ""doy"": 178.0, ""topwt"": 92.80536651611328, ""grnwt"": 0.0, ""xlai"": 0.1881193369626999, ""totir"": 0.0, ""tofer"": NaN, ""swfac"": 0.0, ""nstres"": 0.0}",0.0,0.0,92.80536651611328,0.0,0.1881193369626999,0.0,,0.0,0.0,0.0,150.0,42.54445190429688,42.54445190429688,Leave_One_experiments/all_year_offline_schedule_search/daily_outputs/LCA/LCA_2007_LCA2007_normal_grid_S0010_daily.csv
LCA,LCA,Luancheng,2007,Leave_One_experiments\wth_generated_qc\LCA\LCA2007.WTH,normal_year;nitrogen_stress_year;low_response_year,normal,LCA2007_normal_grid_S0010,low_input_within_10pct_yield,2007-06-28,179,19,14,"{""sim_day"": 19.0, ""doy"": 179.0, ""topwt"": 103.2484245300293, ""grnwt"": 0.0, ""xlai"": 0.2211356610059738, ""totir"": 0.0, ""tofer"": NaN, ""swfac"": 0.0, ""nstres"": 0.0}",0.0,0.0,103.2484245300293,0.0,0.2211356610059738,0.0,,0.0,0.0,0.0,150.0,42.54445190429688,42.54445190429688,Leave_One_experiments/all_year_offline_schedule_search/daily_outputs/LCA/LCA_2007_LCA2007_normal_grid_S0010_daily.csv
LCA,LCA,Luancheng,2007,Leave_One_experiments\wth_generated_qc\LCA\LCA2007.WTH,normal_year;nitrogen_stress_year;low_response_year,normal,LCA2007_normal_grid_S0010,low_input_within_10pct_yield,2007-06-29,180,20,15,"{""sim_day"": 20.0, ""doy"": 180.0, ""topwt"": 111.02304458618164, ""grnwt"": 0.0, ""xlai"": 0.2357990890741348, ""totir"": 0.0, ""tofer"": NaN, ""swfac"": 0.0, ""nstres"": 0.0}",0.0,0.0,111.02304458618164,0.0,0.2357990890741348,0.0,,0.0,0.0,0.0,150.0,42.54445190429688,42.54445190429688,Leave_One_experiments/all_year_offline_schedule_search/daily_outputs/LCA/LCA_2007_LCA2007_normal_grid_S0010_daily.csv
LCA,LCA,Luancheng,2007,Leave_One_experiments\wth_generated_qc\LCA\LCA2007.WTH,normal_year;nitrogen_stress_year;low_response_year,normal,LCA2007_normal_grid_S0010,low_input_within_10pct_yield,2007-06-30,181,21,16,"{""sim_day"": 21.0, ""doy"": 181.0, ""topwt"": 151.50212287902832, ""grnwt"": 0.0, ""xlai"": 0.3094963133335113, ""totir"": 0.0, ""tofer"": NaN, ""swfac"": 0.0, ""nstres"": 0.0009607672691345}",0.0,0.0009607672691345,151.50212287902832,0.0,0.3094963133335113,0.0,,0.0,0.0,0.0,150.0,42.54445190429688,42.54445190429688,Leave_One_experiments/all_year_offline_schedule_search/daily_outputs/LCA/LCA_2007_LCA2007_normal_grid_S0010_daily.csv
LCA,LCA,Luancheng,2007,Leave_One_experiments\wth_generated_qc\LCA\LCA2007.WTH,normal_year;nitrogen_stress_year;low_response_year,normal,LCA2007_normal_grid_S0010,low_input_within_10pct_yield,2007-07-01,182,22,17,"{""sim_day"": 22.0, ""doy"": 182.0, ""topwt"": 198.58125686645508, ""grnwt"": 0.0, ""xlai"": 0.3897219002246856, ""totir"": 0.0, ""tofer"": NaN, ""swfac"": 0.0, ""nstres"": 0.0}",0.0,0.0,198.58125686645508,0.0,0.3897219002246856,0.0,,0.0,0.0,0.0,150.0,42.54445190429688,42.54445190429688,Leave_One_experiments/all_year_offline_schedule_search/daily_outputs/LCA/LCA_2007_LCA2007_normal_grid_S0010_daily.csv
LCA,LCA,Luancheng,2007,Leave_One_experiments\wth_generated_qc\LCA\LCA2007.WTH,normal_year;nitrogen_stress_year;low_response_year,normal,LCA2007_normal_grid_S0010,low_input_within_10pct_yield,2007-07-02,183,23,18,"{""sim_day"": 23.0, ""doy"": 183.0, ""topwt"": 228.4000396728516, ""grnwt"": 0.0, ""xlai"": 0.2815411984920501, ""totir"": 0.0, ""tofer"": NaN, ""swfac"": 0.0, ""nstres"": 0.0}",0.0,0.0,228.4000396728516,0.0,0.2815411984920501,0.0,,0.0,0.0,0.0,150.0,42.54445190429688,42.54445190429688,Leave_One_experiments/all_year_offline_schedule_search/daily_outputs/LCA/LCA_2007_LCA2007_normal_grid_S0010_daily.csv
LCA,LCA,Luancheng,2007,Leave_One_experiments\wth_generated_qc\LCA\LCA2007.WTH,normal_year;nitrogen_stress_year;low_response_year,normal,LCA2007_normal_grid_S0010,low_input_within_10pct_yield,2007-07-03,184,24,19,"{""sim_day"": 24.0, ""doy"": 184.0, ""topwt"": 267.2444725036621, ""grnwt"": 0.0, ""xlai"": 0.3449902534484863, ""totir"": 0.0, ""tofer"": NaN, ""swfac"": 0.0, ""nstres"": 0.0}",0.0,0.0,267.2444725036621,0.0,0.3449902534484863,0.0,,0.0,0.0,0.0,150.0,42.54445190429688,42.54445190429688,Leave_One_experiments/all_year_offline_schedule_search/daily_outputs/LCA/LCA_2007_LCA2007_normal_grid_S0010_daily.csv
LCA,LCA,Luancheng,2007,Leave_One_experiments\wth_generated_qc\LCA\LCA2007.WTH,normal_year;nitrogen_stress_year;low_response_year,normal,LCA2007_normal_grid_S0010,low_input_within_10pct_yield,2007-07-04,185,25,20,"{""sim_day"": 25.0, ""doy"": 185.0, ""topwt"": 328.4231185913086, ""grnwt"": 0.0, ""xlai"": 0.4411322176456451, ""totir"": 0.0, ""tofer"": NaN, ""swfac"": 0.0, ""nstres"": 0.0}",0.0,0.0,328.4231185913086,0.0,0.4411322176456451,0.0,,0.0,0.0,0.0,150.0,42.54445190429688,42.54445190429688,Leave_One_experiments/all_year_offline_schedule_search/daily_outputs/LCA/LCA_2007_LCA2007_normal_grid_S0010_daily.csv
LCA,LCA,Luancheng,2007,Leave_One_experiments\wth_generated_qc\LCA\LCA2007.WTH,normal_year;nitrogen_stress_year;low_response_year,normal,LCA2007_normal_grid_S0010,low_input_within_10pct_yield,2007-07-05,186,26,21,"{""sim_day"": 26.0, ""doy"": 186.0, ""topwt"": 425.8519744873047, ""grnwt"": 0.0, ""xlai"": 0.5807206630706787, ""totir"": 0.0, ""tofer"": NaN, ""swfac"": 0.0, ""nstres"": 0.0}",0.0,0.0,425.8519744873047,0.0,0.5807206630706787,0.0,,0.0,0.0,0.0,150.0,42.54445190429688,42.54445190429688,Leave_One_experiments/all_year_offline_schedule_search/daily_outputs/LCA/LCA_2007_LCA2007_normal_grid_S0010_daily.csv
LCA,LCA,Luancheng,2007,Leave_One_experiments\wth_generated_qc\LCA\LCA2007.WTH,normal_year;nitrogen_stress_year;low_response_year,normal,LCA2007_normal_grid_S0010,low_input_within_10pct_yield,2007-07-06,187,27,22,"{""sim_day"": 27.0, ""doy"": 187.0, ""topwt"": 539.3550109863281, ""grnwt"": 0.0, ""xlai"": 0.7367663979530334, ""totir"": 0.0, ""tofer"": NaN, ""swfac"": 0.0, ""nstres"": 0.0}",0.0,0.0,539.3550109863281,0.0,0.7367663979530334,0.0,,0.0,0.0,0.0,150.0,42.54445190429688,42.54445190429688,Leave_One_experiments/all_year_offline_schedule_search/daily_outputs/LCA/LCA_2007_LCA2007_normal_grid_S0010_daily.csv
LCA,LCA,Luancheng,2007,Leave_One_experiments\wth_generated_qc\LCA\LCA2007.WTH,normal_year;nitrogen_stress_year;low_response_year,normal,LCA2007_normal_grid_S0010,low_input_within_10pct_yield,2007-07-07,188,28,23,"{""sim_day"": 28.0, ""doy"": 188.0, ""topwt"": 663.0989837646484, ""grnwt"": 0.0, ""xlai"": 0.8949461579322815, ""totir"": 0.0, ""tofer"": NaN, ""swfac"": 0.0, ""nstres"": 0.0}",0.0,0.0,663.0989837646484,0.0,0.8949461579322815,0.0,,0.0,0.0,0.0,150.0,42.54445190429688,42.54445190429688,Leave_One_experiments/all_year_offline_schedule_search/daily_outputs/LCA/LCA_2007_LCA2007_normal_grid_S0010_daily.csv
LCA,LCA,Luancheng,2007,Leave_One_experiments\wth_generated_qc\LCA\LCA2007.WTH,normal_year;nitrogen_stress_year;low_response_year,normal,LCA2007_normal_grid_S0010,low_input_within_10pct_yield,2007-07-08,189,29,24,"{""sim_day"": 29.0, ""doy"": 189.0, ""topwt"": 831.9374084472656, ""grnwt"": 0.0, ""xlai"": 1.093755841255188, ""totir"": 0.0, ""tofer"": NaN, ""swfac"": 0.0, ""nstres"": 0.0}",0.0,0.0,831.9374084472656,0.0,1.093755841255188,0.0,,0.0,0.0,0.0,150.0,42.54445190429688,42.54445190429688,Leave_One_experiments/all_year_offline_schedule_search/daily_outputs/LCA/LCA_2007_LCA2007_normal_grid_S0010_daily.csv
LCA,LCA,Luancheng,2007,Leave_One_experiments\wth_generated_qc\LCA\LCA2007.WTH,normal_year;nitrogen_stress_year;low_response_year,normal,LCA2007_normal_grid_S0010,low_input_within_10pct_yield,2007-07-09,190,30,25,"{""sim_day"": 30.0, ""doy"": 190.0, ""topwt"": 1015.5554962158204, ""grnwt"": 0.0, ""xlai"": 1.2916463613510132, ""totir"": 0.0, ""tofer"": NaN, ""swfac"": 0.0, ""nstres"": 0.0}",0.0,0.0,1015.5554962158204,0.0,1.2916463613510132,0.0,,0.0,0.0,0.0,150.0,42.54445190429688,42.54445190429688,Leave_One_experiments/all_year_offline_schedule_search/daily_outputs/LCA/LCA_2007_LCA2007_normal_grid_S0010_daily.csv
LCA,LCA,Luancheng,2007,Leave_One_experiments\wth_generated_qc\LCA\LCA2007.WTH,normal_year;nitrogen_stress_year;low_response_year,normal,LCA2007_normal_grid_S0010,low_input_within_10pct_yield,2007-07-10,191,31,26,"{""sim_day"": 31.0, ""doy"": 191.0, ""topwt"": 1207.5365447998047, ""grnwt"": 0.0, ""xlai"": 1.4812440872192385, ""totir"": 0.0, ""tofer"": NaN, ""swfac"": 0.0, ""nstres"": 0.0}",0.0,0.0,1207.5365447998047,0.0,1.4812440872192385,0.0,,0.0,0.0,0.0,150.0,42.54445190429688,42.54445190429688,Leave_One_experiments/all_year_offline_schedule_search/daily_outputs/LCA/LCA_2007_LCA2007_normal_grid_S0010_daily.csv
LCA,LCA,Luancheng,2007,Leave_One_experiments\wth_generated_qc\LCA\LCA2007.WTH,normal_year;nitrogen_stress_year;low_response_year,normal,LCA2007_normal_grid_S0010,low_input_within_10pct_yield,2007-07-11,192,32,27,"{""sim_day"": 32.0, ""doy"": 192.0, ""topwt"": 1405.4489135742188, ""grnwt"": 0.0, ""xlai"": 1.660867691040039, ""totir"": 0.0, ""tofer"": NaN, ""swfac"": 0.0, ""nstres"": 0.0}",0.0,0.0,1405.4489135742188,0.0,1.660867691040039,0.0,,0.0,0.0,0.0,150.0,42.54445190429688,42.54445190429688,Leave_One_experiments/all_year_offline_schedule_search/daily_outputs/LCA/LCA_2007_LCA2007_normal_grid_S0010_daily.csv
LCA,LCA,Luancheng,2007,Leave_One_experiments\wth_generated_qc\LCA\LCA2007.WTH,normal_year;nitrogen_stress_year;low_response_year,normal,LCA2007_normal_grid_S0010,low_input_within_10pct_yield,2007-07-12,193,33,28,"{""sim_day"": 33.0, ""doy"": 193.0, ""topwt"": 1562.2560119628906, ""grnwt"": 0.0, ""xlai"": 1.7919349670410156, ""totir"": 0.0, ""tofer"": NaN, ""swfac"": 0.0, ""nstres"": 0.0}",0.0,0.0,1562.2560119628906,0.0,1.7919349670410156,0.0,,0.0,0.0,0.0,150.0,42.54445190429688,42.54445190429688,Leave_One_experiments/all_year_offline_schedule_search/daily_outputs/LCA/LCA_2007_LCA2007_normal_grid_S0010_daily.csv
LCA,LCA,Luancheng,2007,Leave_One_experiments\wth_generated_qc\LCA\LCA2007.WTH,normal_year;nitrogen_stress_year;low_response_year,normal,LCA2007_normal_grid_S0010,low_input_within_10pct_yield,2007-07-13,194,34,29,"{""sim_day"": 34.0, ""doy"": 194.0, ""topwt"": 1625.0804138183594, ""grnwt"": 0.0, ""xlai"": 1.840826749801636, ""totir"": 0.0, ""tofer"": NaN, ""swfac"": 0.0, ""nstres"": 0.0}",0.0,0.0,1625.0804138183594,0.0,1.840826749801636,0.0,,0.0,0.0,0.0,150.0,42.54445190429688,42.54445190429688,Leave_One_experiments/all_year_offline_schedule_search/daily_outputs/LCA/LCA_2007_LCA2007_normal_grid_S0010_daily.csv
LCA,LCA,Luancheng,2007,Leave_One_experiments\wth_generated_qc\LCA\LCA2007.WTH,normal_year;nitrogen_stress_year;low_response_year,normal,LCA2007_normal_grid_S0010,low_input_within_10pct_yield,2007-07-14,195,35,30,"{""sim_day"": 35.0, ""doy"": 195.0, ""topwt"": 1749.9647521972656, ""grnwt"": 0.0, ""xlai"": 1.9318426847457888, ""totir"": 0.0, ""tofer"": NaN, ""swfac"": 0.0, ""nstres"": 0.0}",0.0,0.0,1749.9647521972656,0.0,1.9318426847457888,0.0,,0.0,50.0,0.0,150.0,42.54445190429688,42.54445190429688,Leave_One_experiments/all_year_offline_schedule_search/daily_outputs/LCA/LCA_2007_LCA2007_normal_grid_S0010_daily.csv
LCA,LCA,Luancheng,2007,Leave_One_experiments\wth_generated_qc\LCA\LCA2007.WTH,normal_year;nitrogen_stress_year;low_response_year,normal,LCA2007_normal_grid_S0010,low_input_within_10pct_yield,2007-07-15,196,36,31,"{""sim_day"": 36.0, ""doy"": 196.0, ""topwt"": 2010.48828125, ""grnwt"": 0.0, ""xlai"": 2.106971740722656, ""totir"": 0.0, ""tofer"": NaN, ""swfac"": 0.0, ""nstres"": 0.0}",0.0,0.0,2010.48828125,0.0,2.106971740722656,0.0,,0.0,0.0,0.0,150.0,42.54445190429688,42.54445190429688,Leave_One_experiments/all_year_offline_schedule_search/daily_outputs/LCA/LCA_2007_LCA2007_normal_grid_S0010_daily.csv
LCA,LCA,Luancheng,2007,Leave_One_experiments\wth_generated_qc\LCA\LCA2007.WTH,normal_year;nitrogen_stress_year;low_response_year,normal,LCA2007_normal_grid_S0010,low_input_within_10pct_yield,2007-07-16,197,37,32,"{""sim_day"": 37.0, ""doy"": 197.0, ""topwt"": 2264.8719787597656, ""grnwt"": 0.0, ""xlai"": 2.262795209884644, ""totir"": 0.0, ""tofer"": NaN, ""swfac"": 0.0, ""nstres"": 0.0}",0.0,0.0,2264.8719787597656,0.0,2.262795209884644,0.0,,0.0,0.0,0.0,150.0,42.54445190429688,42.54445190429688,Leave_One_experiments/all_year_offline_schedule_search/daily_outputs/LCA/LCA_2007_LCA2007_normal_grid_S0010_daily.csv
LCA,LCA,Luancheng,2007,Leave_One_experiments\wth_generated_qc\LCA\LCA2007.WTH,normal_year;nitrogen_stress_year;low_response_year,normal,LCA2007_normal_grid_S0010,low_input_within_10pct_yield,2007-07-17,198,38,33,"{""sim_day"": 38.0, ""doy"": 198.0, ""topwt"": 2320.948028564453, ""grnwt"": 0.0, ""xlai"": 2.2940144538879395, ""totir"": 0.0, ""tofer"": NaN, ""swfac"": 0.0, ""nstres"": 0.0}",0.0,0.0,2320.948028564453,0.0,2.2940144538879395,0.0,,0.0,0.0,0.0,150.0,42.54445190429688,42.54445190429688,Leave_One_experiments/all_year_offline_schedule_search/daily_outputs/LCA/LCA_2007_LCA2007_normal_grid_S0010_daily.csv
LCA,LCA,Luancheng,2007,Leave_One_experiments\wth_generated_qc\LCA\LCA2007.WTH,normal_year;nitrogen_stress_year;low_response_year,normal,LCA2007_normal_grid_S0010,low_input_within_10pct_yield,2007-07-18,199,39,34,"{""sim_day"": 39.0, ""doy"": 199.0, ""topwt"": 2592.235412597656, ""grnwt"": 0.0, ""xlai"": 2.4346728324890137, ""totir"": 0.0, ""tofer"": NaN, ""swfac"": 0.0, ""nstres"": 0.0}",0.0,0.0,2592.235412597656,0.0,2.4346728324890137,0.0,,0.0,0.0,0.0,150.0,42.54445190429688,42.54445190429688,Leave_One_experiments/all_year_offline_schedule_search/daily_outputs/LCA/LCA_2007_LCA2007_normal_grid_S0010_daily.csv
LCA,LCA,Luancheng,2007,Leave_One_experiments\wth_generated_qc\LCA\LCA2007.WTH,normal_year;nitrogen_stress_year;low_response_year,normal,LCA2007_normal_grid_S0010,low_input_within_10pct_yield,2007-07-19,200,40,35,"{""sim_day"": 40.0, ""doy"": 200.0, ""topwt"": 2734.7711181640625, ""grnwt"": 0.0, ""xlai"": 2.5024805068969727, ""totir"": 0.0, ""tofer"": NaN, ""swfac"": 0.0, ""nstres"": 0.0}",0.0,0.0,2734.7711181640625,0.0,2.5024805068969727,0.0,,0.0,0.0,0.0,150.0,42.54445190429688,42.54445190429688,Leave_One_experiments/all_year_offline_schedule_search/daily_outputs/LCA/LCA_2007_LCA2007_normal_grid_S0010_daily.csv
LCA,LCA,Luancheng,2007,Leave_One_experiments\wth_generated_qc\LCA\LCA2007.WTH,normal_year;nitrogen_stress_year;low_response_year,normal,LCA2007_normal_grid_S0010,low_input_within_10pct_yield,2007-07-20,201,41,36,"{""sim_day"": 41.0, ""doy"": 201.0, ""topwt"": 3037.48046875, ""grnwt"": 0.0, ""xlai"": 2.7029917240142822, ""totir"": 0.0, ""tofer"": NaN, ""swfac"": 0.0, ""nstres"": 0.0}",0.0,0.0,3037.48046875,0.0,2.7029917240142822,0.0,,0.0,0.0,0.0,150.0,42.54445190429688,42.54445190429688,Leave_One_experiments/all_year_offline_schedule_search/daily_outputs/LCA/LCA_2007_LCA2007_normal_grid_S0010_daily.csv
LCA,LCA,Luancheng,2007,Leave_One_experiments\wth_generated_qc\LCA\LCA2007.WTH,normal_year;nitrogen_stress_year;low_response_year,normal,LCA2007_normal_grid_S0010,low_input_within_10pct_yield,2007-07-21,202,42,37,"{""sim_day"": 42.0, ""doy"": 202.0, ""topwt"": 3325.6466674804688, ""grnwt"": 0.0, ""xlai"": 2.830297946929932, ""totir"": 0.0, ""tofer"": NaN, ""swfac"": 0.0, ""nstres"": 0.0}",0.0,0.0,3325.6466674804688,0.0,2.830297946929932,0.0,,0.0,0.0,0.0,150.0,42.54445190429688,42.54445190429688,Leave_One_experiments/all_year_offline_schedule_search/daily_outputs/LCA/LCA_2007_LCA2007_normal_grid_S0010_daily.csv
LCA,LCA,Luancheng,2007,Leave_One_experiments\wth_generated_qc\LCA\LCA2007.WTH,normal_year;nitrogen_stress_year;low_response_year,normal,LCA2007_normal_grid_S0010,low_input_within_10pct_yield,2007-07-22,203,43,38,"{""sim_day"": 43.0, ""doy"": 203.0, ""topwt"": 3455.923156738281, ""grnwt"": 0.0, ""xlai"": 2.878151655197144, ""totir"": 0.0, ""tofer"": NaN, ""swfac"": 0.0, ""nstres"": 0.0}",0.0,0.0,3455.923156738281,0.0,2.878151655197144,0.0,,0.0,0.0,0.0,150.0,42.54445190429688,42.54445190429688,Leave_One_experiments/all_year_offline_schedule_search/daily_outputs/LCA/LCA_2007_LCA2007_normal_grid_S0010_daily.csv
LCA,LCA,Luancheng,2007,Leave_One_experiments\wth_generated_qc\LCA\LCA2007.WTH,normal_year;nitrogen_stress_year;low_response_year,normal,LCA2007_normal_grid_S0010,low_input_within_10pct_yield,2007-07-23,204,44,39,"{""sim_day"": 44.0, ""doy"": 204.0, ""topwt"": 3545.2767944335938, ""grnwt"": 0.0, ""xlai"": 2.907585620880127, ""totir"": 0.0, ""tofer"": NaN, ""swfac"": 0.0, ""nstres"": 0.0}",0.0,0.0,3545.2767944335938,0.0,2.907585620880127,0.0,,0.0,0.0,0.0,150.0,42.54445190429688,42.54445190429688,Leave_One_experiments/all_year_offline_schedule_search/daily_outputs/LCA/LCA_2007_LCA2007_normal_grid_S0010_daily.csv
LCA,LCA,Luancheng,2007,Leave_One_experiments\wth_generated_qc\LCA\LCA2007.WTH,normal_year;nitrogen_stress_year;low_response_year,normal,LCA2007_normal_grid_S0010,low_input_within_10pct_yield,2007-07-24,205,45,40,"{""sim_day"": 45.0, ""doy"": 205.0, ""topwt"": 3840.233459472656, ""grnwt"": 0.0, ""xlai"": 2.9960732460021973, ""totir"": 0.0, ""tofer"": NaN, ""swfac"": 0.0, ""nstres"": 0.0}",0.0,0.0,3840.233459472656,0.0,2.9960732460021973,0.0,,0.0,0.0,0.0,150.0,42.54445190429688,42.54445190429688,Leave_One_experiments/all_year_offline_schedule_search/daily_outputs/LCA/LCA_2007_LCA2007_normal_grid_S0010_daily.csv
LCA,LCA,Luancheng,2007,Leave_One_experiments\wth_generated_qc\LCA\LCA2007.WTH,normal_year;nitrogen_stress_year;low_response_year,normal,LCA2007_normal_grid_S0010,low_input_within_10pct_yield,2007-07-25,206,46,41,"{""sim_day"": 46.0, ""doy"": 206.0, ""topwt"": 4137.8350830078125, ""grnwt"": 0.0, ""xlai"": 3.07838773727417, ""totir"": 0.0, ""tofer"": NaN, ""swfac"": 0.0, ""nstres"": 0.0}",0.0,0.0,4137.8350830078125,0.0,3.07838773727417,0.0,,0.0,0.0,0.0,150.0,42.54445190429688,42.54445190429688,Leave_One_experiments/all_year_offline_schedule_search/daily_outputs/LCA/LCA_2007_LCA2007_normal_grid_S0010_daily.csv
LCA,LCA,Luancheng,2007,Leave_One_experiments\wth_generated_qc\LCA\LCA2007.WTH,normal_year;nitrogen_stress_year;low_response_year,normal,LCA2007_normal_grid_S0010,low_input_within_10pct_yield,2007-07-26,207,47,42,"{""sim_day"": 47.0, ""doy"": 207.0, ""topwt"": 4437.752685546875, ""grnwt"": 0.0, ""xlai"": 3.1558661460876465, ""totir"": 0.0, ""tofer"": NaN, ""swfac"": 0.0, ""nstres"": 0.0}",0.0,0.0,4437.752685546875,0.0,3.1558661460876465,0.0,,0.0,0.0,0.0,150.0,42.54445190429688,42.54445190429688,Leave_One_experiments/all_year_offline_schedule_search/daily_outputs/LCA/LCA_2007_LCA2007_normal_grid_S0010_daily.csv
LCA,LCA,Luancheng,2007,Leave_One_experiments\wth_generated_qc\LCA\LCA2007.WTH,normal_year;nitrogen_stress_year;low_response_year,normal,LCA2007_normal_grid_S0010,low_input_within_10pct_yield,2007-07-27,208,48,43,"{""sim_day"": 48.0, ""doy"": 208.0, ""topwt"": 4659.398193359375, ""grnwt"": 0.0, ""xlai"": 3.209785461425781, ""totir"": 0.0, ""tofer"": NaN, ""swfac"": 0.0, ""nstres"": 0.0}",0.0,0.0,4659.398193359375,0.0,3.209785461425781,0.0,,0.0,0.0,0.0,150.0,42.54445190429688,42.54445190429688,Leave_One_experiments/all_year_offline_schedule_search/daily_outputs/LCA/LCA_2007_LCA2007_normal_grid_S0010_daily.csv
LCA,LCA,Luancheng,2007,Leave_One_experiments\wth_generated_qc\LCA\LCA2007.WTH,normal_year;nitrogen_stress_year;low_response_year,normal,LCA2007_normal_grid_S0010,low_input_within_10pct_yield,2007-07-28,209,49,44,"{""sim_day"": 49.0, ""doy"": 209.0, ""topwt"": 4833.970031738281, ""grnwt"": 0.0, ""xlai"": 3.2521369457244877, ""totir"": 0.0, ""tofer"": NaN, ""swfac"": 0.0, ""nstres"": 0.0}",0.0,0.0,4833.970031738281,0.0,3.2521369457244877,0.0,,0.0,0.0,0.0,150.0,42.54445190429688,42.54445190429688,Leave_One_experiments/all_year_offline_schedule_search/daily_outputs/LCA/LCA_2007_LCA2007_normal_grid_S0010_daily.csv
LCA,LCA,Luancheng,2007,Leave_One_experiments\wth_generated_qc\LCA\LCA2007.WTH,normal_year;nitrogen_stress_year;low_response_year,normal,LCA2007_normal_grid_S0010,low_input_within_10pct_yield,2007-07-29,210,50,45,"{""sim_day"": 50.0, ""doy"": 210.0, ""topwt"": 4952.281494140625, ""grnwt"": 0.0, ""xlai"": 3.280693769454956, ""totir"": 0.0, ""tofer"": NaN, ""swfac"": 0.0, ""nstres"": 0.0}",0.0,0.0,4952.281494140625,0.0,3.280693769454956,0.0,,0.0,0.0,0.0,150.0,42.54445190429688,42.54445190429688,Leave_One_experiments/all_year_offline_schedule_search/daily_outputs/LCA/LCA_2007_LCA2007_normal_grid_S0010_daily.csv
LCA,LCA,Luancheng,2007,Leave_One_experiments\wth_generated_qc\LCA\LCA2007.WTH,normal_year;nitrogen_stress_year;low_response_year,normal,LCA2007_normal_grid_S0010,low_input_within_10pct_yield,2007-07-30,211,51,46,"{""sim_day"": 51.0, ""doy"": 211.0, ""topwt"": 5267.711791992188, ""grnwt"": 0.0, ""xlai"": 3.3573596477508545, ""totir"": 0.0, ""tofer"": NaN, ""swfac"": 0.0, ""nstres"": 0.0}",0.0,0.0,5267.711791992188,0.0,3.3573596477508545,0.0,,0.0,0.0,0.0,150.0,42.54445190429688,42.54445190429688,Leave_One_experiments/all_year_offline_schedule_search/daily_outputs/LCA/LCA_2007_LCA2007_normal_grid_S0010_daily.csv
LCA,LCA,Luancheng,2007,Leave_One_experiments\wth_generated_qc\LCA\LCA2007.WTH,normal_year;nitrogen_stress_year;low_response_year,normal,LCA2007_normal_grid_S0010,low_input_within_10pct_yield,2007-07-31,212,52,47,"{""sim_day"": 52.0, ""doy"": 212.0, ""topwt"": 5522.2454833984375, ""grnwt"": 0.0, ""xlai"": 3.3472416400909424, ""totir"": 0.0, ""tofer"": NaN, ""swfac"": 0.0, ""nstres"": 0.0}",0.0,0.0,5522.2454833984375,0.0,3.3472416400909424,0.0,,0.0,0.0,0.0,150.0,42.54445190429688,42.54445190429688,Leave_One_experiments/all_year_offline_schedule_search/daily_outputs/LCA/LCA_2007_LCA2007_normal_grid_S0010_daily.csv
LCA,LCA,Luancheng,2007,Leave_One_experiments\wth_generated_qc\LCA\LCA2007.WTH,normal_year;nitrogen_stress_year;low_response_year,normal,LCA2007_normal_grid_S0010,low_input_within_10pct_yield,2007-08-01,213,53,48,"{""sim_day"": 53.0, ""doy"": 213.0, ""topwt"": 5795.2520751953125, ""grnwt"": 0.0, ""xlai"": 3.33160138130188, ""totir"": 0.0, ""tofer"": NaN, ""swfac"": 0.0, ""nstres"": 0.0}",0.0,0.0,5795.2520751953125,0.0,3.33160138130188,0.0,,0.0,0.0,0.0,150.0,42.54445190429688,42.54445190429688,Leave_One_experiments/all_year_offline_schedule_search/daily_outputs/LCA/LCA_2007_LCA2007_normal_grid_S0010_daily.csv
LCA,LCA,Luancheng,2007,Leave_One_experiments\wth_generated_qc\LCA\LCA2007.WTH,normal_year;nitrogen_stress_year;low_response_year,normal,LCA2007_normal_grid_S0010,low_input_within_10pct_yield,2007-08-02,214,54,49,"{""sim_day"": 54.0, ""doy"": 214.0, ""topwt"": 6155.858154296875, ""grnwt"": 0.0, ""xlai"": 3.3170628547668457, ""totir"": 0.0, ""tofer"": NaN, ""swfac"": 0.0, ""nstres"": 0.0}",0.0,0.0,6155.858154296875,0.0,3.3170628547668457,0.0,,0.0,0.0,0.0,150.0,42.54445190429688,42.54445190429688,Leave_One_experiments/all_year_offline_schedule_search/daily_outputs/LCA/LCA_2007_LCA2007_normal_grid_S0010_daily.csv
LCA,LCA,Luancheng,2007,Leave_One_experiments\wth_generated_qc\LCA\LCA2007.WTH,normal_year;nitrogen_stress_year;low_response_year,normal,LCA2007_normal_grid_S0010,low_input_within_10pct_yield,2007-08-03,215,55,50,"{""sim_day"": 55.0, ""doy"": 215.0, ""topwt"": 6380.784912109375, ""grnwt"": 0.0, ""xlai"": 3.3021717071533203, ""totir"": 0.0, ""tofer"": NaN, ""swfac"": 0.0, ""nstres"": 0.0}",0.0,0.0,6380.784912109375,0.0,3.3021717071533203,0.0,,0.0,0.0,0.0,150.0,42.54445190429688,42.54445190429688,Leave_One_experiments/all_year_offline_schedule_search/daily_outputs/LCA/LCA_2007_LCA2007_normal_grid_S0010_daily.csv
LCA,LCA,Luancheng,2007,Leave_One_experiments\wth_generated_qc\LCA\LCA2007.WTH,normal_year;nitrogen_stress_year;low_response_year,normal,LCA2007_normal_grid_S0010,low_input_within_10pct_yield,2007-08-04,216,56,51,"{""sim_day"": 56.0, ""doy"": 216.0, ""topwt"": 6616.681518554688, ""grnwt"": 0.0, ""xlai"": 3.2849013805389404, ""totir"": 0.0, ""tofer"": NaN, ""swfac"": 0.0, ""nstres"": 0.0}",0.0,0.0,6616.681518554688,0.0,3.2849013805389404,0.0,,0.0,0.0,0.0,150.0,42.54445190429688,42.54445190429688,Leave_One_experiments/all_year_offline_schedule_search/daily_outputs/LCA/LCA_2007_LCA2007_normal_grid_S0010_daily.csv
LCA,LCA,Luancheng,2007,Leave_One_experiments\wth_generated_qc\LCA\LCA2007.WTH,normal_year;nitrogen_stress_year;low_response_year,normal,LCA2007_normal_grid_S0010,low_input_within_10pct_yield,2007-08-05,217,57,52,"{""sim_day"": 57.0, ""doy"": 217.0, ""topwt"": 6865.377807617188, ""grnwt"": 0.0, ""xlai"": 3.2685561180114746, ""totir"": 0.0, ""tofer"": NaN, ""swfac"": 0.0, ""nstres"": 0.0}",0.0,0.0,6865.377807617188,0.0,3.2685561180114746,0.0,,0.0,0.0,0.0,150.0,42.54445190429688,42.54445190429688,Leave_One_experiments/all_year_offline_schedule_search/daily_outputs/LCA/LCA_2007_LCA2007_normal_grid_S0010_daily.csv
LCA,LCA,Luancheng,2007,Leave_One_experiments\wth_generated_qc\LCA\LCA2007.WTH,normal_year;nitrogen_stress_year;low_response_year,normal,LCA2007_normal_grid_S0010,low_input_within_10pct_yield,2007-08-06,218,58,53,"{""sim_day"": 58.0, ""doy"": 218.0, ""topwt"": 7040.4425048828125, ""grnwt"": 0.0, ""xlai"": 3.252255439758301, ""totir"": 0.0, ""tofer"": NaN, ""swfac"": 0.0, ""nstres"": 0.0}",0.0,0.0,7040.4425048828125,0.0,3.252255439758301,0.0,,0.0,0.0,0.0,150.0,42.54445190429688,42.54445190429688,Leave_One_experiments/all_year_offline_schedule_search/daily_outputs/LCA/LCA_2007_LCA2007_normal_grid_S0010_daily.csv
LCA,LCA,Luancheng,2007,Leave_One_experiments\wth_generated_qc\LCA\LCA2007.WTH,normal_year;nitrogen_stress_year;low_response_year,normal,LCA2007_normal_grid_S0010,low_input_within_10pct_yield,2007-08-07,219,59,54,"{""sim_day"": 59.0, ""doy"": 219.0, ""topwt"": 7263.348999023437, ""grnwt"": 0.0, ""xlai"": 3.234544515609741, ""totir"": 0.0, ""tofer"": NaN, ""swfac"": 0.0, ""nstres"": 0.0}",0.0,0.0,7263.348999023437,0.0,3.234544515609741,0.0,,0.0,0.0,0.0,150.0,42.54445190429688,42.54445190429688,Leave_One_experiments/all_year_offline_schedule_search/daily_outputs/LCA/LCA_2007_LCA2007_normal_grid_S0010_daily.csv
LCA,LCA,Luancheng,2007,Leave_One_experiments\wth_generated_qc\LCA\LCA2007.WTH,normal_year;nitrogen_stress_year;low_response_year,normal,LCA2007_normal_grid_S0010,low_input_within_10pct_yield,2007-08-08,220,60,55,"{""sim_day"": 60.0, ""doy"": 220.0, ""topwt"": 7517.369384765625, ""grnwt"": 0.0, ""xlai"": 3.215373039245605, ""totir"": 0.0, ""tofer"": NaN, ""swfac"": 0.0, ""nstres"": 0.0}",0.0,0.0,7517.369384765625,0.0,3.215373039245605,0.0,,0.0,0.0,0.0,150.0,42.54445190429688,42.54445190429688,Leave_One_experiments/all_year_offline_schedule_search/daily_outputs/LCA/LCA_2007_LCA2007_normal_grid_S0010_daily.csv
LCA,LCA,Luancheng,2007,Leave_One_experiments\wth_generated_qc\LCA\LCA2007.WTH,normal_year;nitrogen_stress_year;low_response_year,normal,LCA2007_normal_grid_S0010,low_input_within_10pct_yield,2007-08-09,221,61,56,"{""sim_day"": 61.0, ""doy"": 221.0, ""topwt"": 7586.1273193359375, ""grnwt"": 0.0, ""xlai"": 3.199556827545166, ""totir"": 0.0, ""tofer"": NaN, ""swfac"": 0.0, ""nstres"": 0.0}",0.0,0.0,7586.1273193359375,0.0,3.199556827545166,0.0,,0.0,0.0,0.0,150.0,42.54445190429688,42.54445190429688,Leave_One_experiments/all_year_offline_schedule_search/daily_outputs/LCA/LCA_2007_LCA2007_normal_grid_S0010_daily.csv
LCA,LCA,Luancheng,2007,Leave_One_experiments\wth_generated_qc\LCA\LCA2007.WTH,normal_year;nitrogen_stress_year;low_response_year,normal,LCA2007_normal_grid_S0010,low_input_within_10pct_yield,2007-08-10,222,62,57,"{""sim_day"": 62.0, ""doy"": 222.0, ""topwt"": 7871.7034912109375, ""grnwt"": 285.5757141113281, ""xlai"": 3.1363799571990967, ""totir"": 0.0, ""tofer"": NaN, ""swfac"": 0.0, ""nstres"": 0.0}",0.0,0.0,7871.7034912109375,285.5757141113281,3.1363799571990967,0.0,,0.0,0.0,0.0,150.0,42.54445190429688,42.54445190429688,Leave_One_experiments/all_year_offline_schedule_search/daily_outputs/LCA/LCA_2007_LCA2007_normal_grid_S0010_daily.csv
LCA,LCA,Luancheng,2007,Leave_One_experiments\wth_generated_qc\LCA\LCA2007.WTH,normal_year;nitrogen_stress_year;low_response_year,normal,LCA2007_normal_grid_S0010,low_input_within_10pct_yield,2007-08-11,223,63,58,"{""sim_day"": 63.0, ""doy"": 223.0, ""topwt"": 8157.2796630859375, ""grnwt"": 571.1514282226562, ""xlai"": 3.124912977218628, ""totir"": 0.0, ""tofer"": NaN, ""swfac"": 0.0, ""nstres"": 0.0}",0.0,0.0,8157.2796630859375,571.1514282226562,3.124912977218628,0.0,,0.0,0.0,0.0,150.0,42.54445190429688,42.54445190429688,Leave_One_experiments/all_year_offline_schedule_search/daily_outputs/LCA/LCA_2007_LCA2007_normal_grid_S0010_daily.csv
LCA,LCA,Luancheng,2007,Leave_One_experiments\wth_generated_qc\LCA\LCA2007.WTH,normal_year;nitrogen_stress_year;low_response_year,normal,LCA2007_normal_grid_S0010,low_input_within_10pct_yield,2007-08-12,224,64,59,"{""sim_day"": 64.0, ""doy"": 224.0, ""topwt"": 8442.855224609375, ""grnwt"": 856.7271423339844, ""xlai"": 3.111344814300537, ""totir"": 0.0, ""tofer"": NaN, ""swfac"": 0.0, ""nstres"": 0.0}",0.0,0.0,8442.855224609375,856.7271423339844,3.111344814300537,0.0,,0.0,0.0,0.0,150.0,42.54445190429688,42.54445190429688,Leave_One_experiments/all_year_offline_schedule_search/daily_outputs/LCA/LCA_2007_LCA2007_normal_grid_S0010_daily.csv
LCA,LCA,Luancheng,2007,Leave_One_experiments\wth_generated_qc\LCA\LCA2007.WTH,normal_year;nitrogen_stress_year;low_response_year,normal,LCA2007_normal_grid_S0010,low_input_within_10pct_yield,2007-08-13,225,65,60,"{""sim_day"": 65.0, ""doy"": 225.0, ""topwt"": 8708.797607421875, ""grnwt"": 1122.6696014404297, ""xlai"": 3.0938613414764404, ""totir"": 0.0, ""tofer"": NaN, ""swfac"": 0.0, ""nstres"": 0.0}",0.0,0.0,8708.797607421875,1122.6696014404297,3.0938613414764404,0.0,,0.0,50.0,0.0,150.0,42.54445190429688,42.54445190429688,Leave_One_experiments/all_year_offline_schedule_search/daily_outputs/LCA/LCA_2007_LCA2007_normal_grid_S0010_daily.csv
LCA,LCA,Luancheng,2007,Leave_One_experiments\wth_generated_qc\LCA\LCA2007.WTH,normal_year;nitrogen_stress_year;low_response_year,normal,LCA2007_normal_grid_S0010,low_input_within_10pct_yield,2007-08-14,226,66,61,"{""sim_day"": 66.0, ""doy"": 226.0, ""topwt"": 8994.373779296875, ""grnwt"": 1408.2453918457031, ""xlai"": 3.078918695449829, ""totir"": 0.0, ""tofer"": NaN, ""swfac"": 0.0, ""nstres"": 0.0}",0.0,0.0,8994.373779296875,1408.2453918457031,3.078918695449829,0.0,,0.0,0.0,0.0,150.0,42.54445190429688,42.54445190429688,Leave_One_experiments/all_year_offline_schedule_search/daily_outputs/LCA/LCA_2007_LCA2007_normal_grid_S0010_daily.csv
LCA,LCA,Luancheng,2007,Leave_One_experiments\wth_generated_qc\LCA\LCA2007.WTH,normal_year;nitrogen_stress_year;low_response_year,normal,LCA2007_normal_grid_S0010,low_input_within_10pct_yield,2007-08-15,227,67,62,"{""sim_day"": 67.0, ""doy"": 227.0, ""topwt"": 9160.364379882812, ""grnwt"": 1574.2361450195312, ""xlai"": 3.052342414855957, ""totir"": 0.0, ""tofer"": NaN, ""swfac"": 0.0, ""nstres"": 0.0}",0.0,0.0,9160.364379882812,1574.2361450195312,3.052342414855957,0.0,,0.0,0.0,0.0,150.0,42.54445190429688,42.54445190429688,Leave_One_experiments/all_year_offline_schedule_search/daily_outputs/LCA/LCA_2007_LCA2007_normal_grid_S0010_daily.csv
LCA,LCA,Luancheng,2007,Leave_One_experiments\wth_generated_qc\LCA\LCA2007.WTH,normal_year;nitrogen_stress_year;low_response_year,normal,LCA2007_normal_grid_S0010,low_input_within_10pct_yield,2007-08-16,228,68,63,"{""sim_day"": 68.0, ""doy"": 228.0, ""topwt"": 9426.306762695312, ""grnwt"": 1840.1785278320312, ""xlai"": 3.0253148078918457, ""totir"": 0.0, ""tofer"": NaN, ""swfac"": 0.0, ""nstres"": 0.0}",0.0,0.0,9426.306762695312,1840.1785278320312,3.0253148078918457,0.0,,0.0,0.0,0.0,150.0,42.54445190429688,42.54445190429688,Leave_One_experiments/all_year_offline_schedule_search/daily_outputs/LCA/LCA_2007_LCA2007_normal_grid_S0010_daily.csv
LCA,LCA,Luancheng,2007,Leave_One_experiments\wth_generated_qc\LCA\LCA2007.WTH,normal_year;nitrogen_stress_year;low_response_year,normal,LCA2007_normal_grid_S0010,low_input_within_10pct_yield,2007-08-17,229,69,64,"{""sim_day"": 69.0, ""doy"": 229.0, ""topwt"": 9711.882934570312, ""grnwt"": 2125.7542419433594, ""xlai"": 2.997169017791748, ""totir"": 0.0, ""tofer"": NaN, ""swfac"": 0.0, ""nstres"": 0.0}",0.0,0.0,9711.882934570312,2125.7542419433594,2.997169017791748,0.0,,0.0,0.0,0.0,150.0,42.54445190429688,42.54445190429688,Leave_One_experiments/all_year_offline_schedule_search/daily_outputs/LCA/LCA_2007_LCA2007_normal_grid_S0010_daily.csv
LCA,LCA,Luancheng,2007,Leave_One_experiments\wth_generated_qc\LCA\LCA2007.WTH,normal_year;nitrogen_stress_year;low_response_year,normal,LCA2007_normal_grid_S0010,low_input_within_10pct_yield,2007-08-18,230,70,65,"{""sim_day"": 70.0, ""doy"": 230.0, ""topwt"": 9997.457885742188, ""grnwt"": 2411.3299560546875, ""xlai"": 2.964894771575928, ""totir"": 0.0, ""tofer"": NaN, ""swfac"": 0.0, ""nstres"": 0.0}",0.0,0.0,9997.457885742188,2411.3299560546875,2.964894771575928,0.0,,0.0,0.0,0.0,150.0,42.54445190429688,42.54445190429688,Leave_One_experiments/all_year_offline_schedule_search/daily_outputs/LCA/LCA_2007_LCA2007_normal_grid_S0010_daily.csv
LCA,LCA,Luancheng,2007,Leave_One_experiments\wth_generated_qc\LCA\LCA2007.WTH,normal_year;nitrogen_stress_year;low_response_year,normal,LCA2007_normal_grid_S0010,low_input_within_10pct_yield,2007-08-19,231,71,66,"{""sim_day"": 71.0, ""doy"": 231.0, ""topwt"": 10283.033447265623, ""grnwt"": 2696.9058227539062, ""xlai"": 2.9349279403686523, ""totir"": 0.0, ""tofer"": NaN, ""swfac"": 0.0, ""nstres"": 0.0}",0.0,0.0,10283.033447265623,2696.9058227539062,2.9349279403686523,0.0,,0.0,0.0,0.0,150.0,42.54445190429688,42.54445190429688,Leave_One_experiments/all_year_offline_schedule_search/daily_outputs/LCA/LCA_2007_LCA2007_normal_grid_S0010_daily.csv
LCA,LCA,Luancheng,2007,Leave_One_experiments\wth_generated_qc\LCA\LCA2007.WTH,normal_year;nitrogen_stress_year;low_response_year,normal,LCA2007_normal_grid_S0010,low_input_within_10pct_yield,2007-08-20,232,72,67,"{""sim_day"": 72.0, ""doy"": 232.0, ""topwt"": 10568.609619140623, ""grnwt"": 2982.481384277344, ""xlai"": 2.8976314067840576, ""totir"": 0.0, ""tofer"": NaN, ""swfac"": 0.0, ""nstres"": 0.0}",0.0,0.0,10568.609619140623,2982.481384277344,2.8976314067840576,0.0,,0.0,0.0,0.0,150.0,42.54445190429688,42.54445190429688,Leave_One_experiments/all_year_offline_schedule_search/daily_outputs/LCA/LCA_2007_LCA2007_normal_grid_S0010_daily.csv
LCA,LCA,Luancheng,2007,Leave_One_experiments\wth_generated_qc\LCA\LCA2007.WTH,normal_year;nitrogen_stress_year;low_response_year,normal,LCA2007_normal_grid_S0010,low_input_within_10pct_yield,2007-08-21,233,73,68,"{""sim_day"": 73.0, ""doy"": 233.0, ""topwt"": 10854.185791015623, ""grnwt"": 3268.0572509765625, ""xlai"": 2.856616258621216, ""totir"": 0.0, ""tofer"": NaN, ""swfac"": 0.0, ""nstres"": 0.0}",0.0,0.0,10854.185791015623,3268.0572509765625,2.856616258621216,0.0,,0.0,0.0,0.0,150.0,42.54445190429688,42.54445190429688,Leave_One_experiments/all_year_offline_schedule_search/daily_outputs/LCA/LCA_2007_LCA2007_normal_grid_S0010_daily.csv
LCA,LCA,Luancheng,2007,Leave_One_experiments\wth_generated_qc\LCA\LCA2007.WTH,normal_year;nitrogen_stress_year;low_response_year,normal,LCA2007_normal_grid_S0010,low_input_within_10pct_yield,2007-08-22,234,74,69,"{""sim_day"": 74.0, ""doy"": 234.0, ""topwt"": 11139.7607421875, ""grnwt"": 3553.633117675781, ""xlai"": 2.8084702491760254, ""totir"": 0.0, ""tofer"": NaN, ""swfac"": 0.0, ""nstres"": 0.0}",0.0,0.0,11139.7607421875,3553.633117675781,2.8084702491760254,0.0,,0.0,0.0,0.0,150.0,42.54445190429688,42.54445190429688,Leave_One_experiments/all_year_offline_schedule_search/daily_outputs/LCA/LCA_2007_LCA2007_normal_grid_S0010_daily.csv
LCA,LCA,Luancheng,2007,Leave_One_experiments\wth_generated_qc\LCA\LCA2007.WTH,normal_year;nitrogen_stress_year;low_response_year,normal,LCA2007_normal_grid_S0010,low_input_within_10pct_yield,2007-08-23,235,75,70,"{""sim_day"": 75.0, ""doy"": 235.0, ""topwt"": 11419.981689453123, ""grnwt"": 3833.8540649414062, ""xlai"": 2.754483461380005, ""totir"": 0.0, ""tofer"": NaN, ""swfac"": 0.0, ""nstres"": 0.0060387849807739}",0.0,0.0060387849807739,11419.981689453123,3833.8540649414062,2.754483461380005,0.0,,0.0,0.0,0.0,150.0,42.54445190429688,42.54445190429688,Leave_One_experiments/all_year_offline_schedule_search/daily_outputs/LCA/LCA_2007_LCA2007_normal_grid_S0010_daily.csv
LCA,LCA,Luancheng,2007,Leave_One_experiments\wth_generated_qc\LCA\LCA2007.WTH,normal_year;nitrogen_stress_year;low_response_year,normal,LCA2007_normal_grid_S0010,low_input_within_10pct_yield,2007-08-24,236,76,71,"{""sim_day"": 76.0, ""doy"": 236.0, ""topwt"": 11527.640380859377, ""grnwt"": 4119.429626464844, ""xlai"": 2.702322244644165, ""totir"": 0.0, ""tofer"": NaN, ""swfac"": 0.0, ""nstres"": 0.0321438312530517}",0.0,0.0321438312530517,11527.640380859377,4119.429626464844,2.702322244644165,0.0,,0.0,0.0,0.0,150.0,42.54445190429688,42.54445190429688,Leave_One_experiments/all_year_offline_schedule_search/daily_outputs/LCA/LCA_2007_LCA2007_normal_grid_S0010_daily.csv
LCA,LCA,Luancheng,2007,Leave_One_experiments\wth_generated_qc\LCA\LCA2007.WTH,normal_year;nitrogen_stress_year;low_response_year,normal,LCA2007_normal_grid_S0010,low_input_within_10pct_yield,2007-08-25,237,77,72,"{""sim_day"": 77.0, ""doy"": 237.0, ""topwt"": 11546.376953125, ""grnwt"": 4405.005187988281, ""xlai"": 2.6574947834014893, ""totir"": 0.0, ""tofer"": NaN, ""swfac"": 0.0, ""nstres"": 0.0600037574768066}",0.0,0.0600037574768066,11546.376953125,4405.005187988281,2.6574947834014893,0.0,,0.0,0.0,0.0,150.0,42.54445190429688,42.54445190429688,Leave_One_experiments/all_year_offline_schedule_search/daily_outputs/LCA/LCA_2007_LCA2007_normal_grid_S0010_daily.csv
LCA,LCA,Luancheng,2007,Leave_One_experiments\wth_generated_qc\LCA\LCA2007.WTH,normal_year;nitrogen_stress_year;low_response_year,normal,LCA2007_normal_grid_S0010,low_input_within_10pct_yield,2007-08-26,238,78,73,"{""sim_day"": 78.0, ""doy"": 238.0, ""topwt"": 11677.535400390623, ""grnwt"": 4690.580749511719, ""xlai"": 2.606278657913208, ""totir"": 0.0, ""tofer"": NaN, ""swfac"": 0.0, ""nstres"": 0.0667569637298584}",0.0,0.0667569637298584,11677.535400390623,4690.580749511719,2.606278657913208,0.0,,0.0,0.0,0.0,150.0,42.54445190429688,42.54445190429688,Leave_One_experiments/all_year_offline_schedule_search/daily_outputs/LCA/LCA_2007_LCA2007_normal_grid_S0010_daily.csv
LCA,LCA,Luancheng,2007,Leave_One_experiments\wth_generated_qc\LCA\LCA2007.WTH,normal_year;nitrogen_stress_year;low_response_year,normal,LCA2007_normal_grid_S0010,low_input_within_10pct_yield,2007-08-27,239,79,74,"{""sim_day"": 79.0, ""doy"": 239.0, ""topwt"": 11888.71826171875, ""grnwt"": 4976.156311035156, ""xlai"": 2.544795036315918, ""totir"": 0.0, ""tofer"": NaN, ""swfac"": 0.0, ""nstres"": 0.0}",0.0,0.0,11888.71826171875,4976.156311035156,2.544795036315918,0.0,,0.0,0.0,0.0,150.0,42.54445190429688,42.54445190429688,Leave_One_experiments/all_year_offline_schedule_search/daily_outputs/LCA/LCA_2007_LCA2007_normal_grid_S0010_daily.csv
LCA,LCA,Luancheng,2007,Leave_One_experiments\wth_generated_qc\LCA\LCA2007.WTH,normal_year;nitrogen_stress_year;low_response_year,normal,LCA2007_normal_grid_S0010,low_input_within_10pct_yield,2007-08-28,240,80,75,"{""sim_day"": 80.0, ""doy"": 240.0, ""topwt"": 11964.879150390623, ""grnwt"": 5261.7315673828125, ""xlai"": 2.496328592300415, ""totir"": 0.0, ""tofer"": NaN, ""swfac"": 0.0, ""nstres"": 0.0}",0.0,0.0,11964.879150390623,5261.7315673828125,2.496328592300415,0.0,,0.0,0.0,0.0,150.0,42.54445190429688,42.54445190429688,Leave_One_experiments/all_year_offline_schedule_search/daily_outputs/LCA/LCA_2007_LCA2007_normal_grid_S0010_daily.csv
LCA,LCA,Luancheng,2007,Leave_One_experiments\wth_generated_qc\LCA\LCA2007.WTH,normal_year;nitrogen_stress_year;low_response_year,normal,LCA2007_normal_grid_S0010,low_input_within_10pct_yield,2007-08-29,241,81,76,"{""sim_day"": 81.0, ""doy"": 241.0, ""topwt"": 12042.274169921877, ""grnwt"": 5390.3741455078125, ""xlai"": 2.438971757888794, ""totir"": 0.0, ""tofer"": NaN, ""swfac"": 0.0, ""nstres"": 0.0}",0.0,0.0,12042.274169921877,5390.3741455078125,2.438971757888794,0.0,,0.0,0.0,0.0,150.0,42.54445190429688,42.54445190429688,Leave_One_experiments/all_year_offline_schedule_search/daily_outputs/LCA/LCA_2007_LCA2007_normal_grid_S0010_daily.csv
LCA,LCA,Luancheng,2007,Leave_One_experiments\wth_generated_qc\LCA\LCA2007.WTH,normal_year;nitrogen_stress_year;low_response_year,normal,LCA2007_normal_grid_S0010,low_input_within_10pct_yield,2007-08-30,242,82,77,"{""sim_day"": 82.0, ""doy"": 242.0, ""topwt"": 12306.07666015625, ""grnwt"": 5654.176635742188, ""xlai"": 2.3672566413879395, ""totir"": 0.0, ""tofer"": NaN, ""swfac"": 0.0, ""nstres"": 0.0}",0.0,0.0,12306.07666015625,5654.176635742188,2.3672566413879395,0.0,,0.0,0.0,0.0,150.0,42.54445190429688,42.54445190429688,Leave_One_experiments/all_year_offline_schedule_search/daily_outputs/LCA/LCA_2007_LCA2007_normal_grid_S0010_daily.csv
LCA,LCA,Luancheng,2007,Leave_One_experiments\wth_generated_qc\LCA\LCA2007.WTH,normal_year;nitrogen_stress_year;low_response_year,normal,LCA2007_normal_grid_S0010,low_input_within_10pct_yield,2007-08-31,243,83,78,"{""sim_day"": 83.0, ""doy"": 243.0, ""topwt"": 12599.991455078123, ""grnwt"": 5939.752197265625, ""xlai"": 2.2951509952545166, ""totir"": 0.0, ""tofer"": NaN, ""swfac"": 0.0, ""nstres"": 0.0}",0.0,0.0,12599.991455078123,5939.752197265625,2.2951509952545166,0.0,,0.0,0.0,0.0,150.0,42.54445190429688,42.54445190429688,Leave_One_experiments/all_year_offline_schedule_search/daily_outputs/LCA/LCA_2007_LCA2007_normal_grid_S0010_daily.csv
LCA,LCA,Luancheng,2007,Leave_One_experiments\wth_generated_qc\LCA\LCA2007.WTH,normal_year;nitrogen_stress_year;low_response_year,normal,LCA2007_normal_grid_S0010,low_input_within_10pct_yield,2007-09-01,244,84,79,"{""sim_day"": 84.0, ""doy"": 244.0, ""topwt"": 12791.270751953123, ""grnwt"": 6139.3695068359375, ""xlai"": 2.214227199554444, ""totir"": 0.0, ""tofer"": NaN, ""swfac"": 0.0, ""nstres"": 0.0}",0.0,0.0,12791.270751953123,6139.3695068359375,2.214227199554444,0.0,,0.0,0.0,0.0,150.0,42.54445190429688,42.54445190429688,Leave_One_experiments/all_year_offline_schedule_search/daily_outputs/LCA/LCA_2007_LCA2007_normal_grid_S0010_daily.csv
LCA,LCA,Luancheng,2007,Leave_One_experiments\wth_generated_qc\LCA\LCA2007.WTH,normal_year;nitrogen_stress_year;low_response_year,normal,LCA2007_normal_grid_S0010,low_input_within_10pct_yield,2007-09-02,245,85,80,"{""sim_day"": 85.0, ""doy"": 245.0, ""topwt"": 12803.038330078123, ""grnwt"": 6151.138305664063, ""xlai"": 2.1490917205810547, ""totir"": 0.0, ""tofer"": NaN, ""swfac"": 0.0, ""nstres"": 0.0}",0.0,0.0,12803.038330078123,6151.138305664063,2.1490917205810547,0.0,,0.0,0.0,0.0,150.0,42.54445190429688,42.54445190429688,Leave_One_experiments/all_year_offline_schedule_search/daily_outputs/LCA/LCA_2007_LCA2007_normal_grid_S0010_daily.csv
LCA,LCA,Luancheng,2007,Leave_One_experiments\wth_generated_qc\LCA\LCA2007.WTH,normal_year;nitrogen_stress_year;low_response_year,normal,LCA2007_normal_grid_S0010,low_input_within_10pct_yield,2007-09-03,246,86,81,"{""sim_day"": 86.0, ""doy"": 246.0, ""topwt"": 13037.120361328123, ""grnwt"": 6385.220336914063, ""xlai"": 2.0799429416656494, ""totir"": 0.0, ""tofer"": NaN, ""swfac"": 0.0, ""nstres"": 0.0}",0.0,0.0,13037.120361328123,6385.220336914063,2.0799429416656494,0.0,,0.0,0.0,0.0,150.0,42.54445190429688,42.54445190429688,Leave_One_experiments/all_year_offline_schedule_search/daily_outputs/LCA/LCA_2007_LCA2007_normal_grid_S0010_daily.csv
LCA,LCA,Luancheng,2007,Leave_One_experiments\wth_generated_qc\LCA\LCA2007.WTH,normal_year;nitrogen_stress_year;low_response_year,normal,LCA2007_normal_grid_S0010,low_input_within_10pct_yield,2007-09-04,247,87,82,"{""sim_day"": 87.0, ""doy"": 247.0, ""topwt"": 13267.89306640625, ""grnwt"": 6615.99365234375, ""xlai"": 2.007745742797852, ""totir"": 0.0, ""tofer"": NaN, ""swfac"": 0.0, ""nstres"": 0.0}",0.0,0.0,13267.89306640625,6615.99365234375,2.007745742797852,0.0,,0.0,0.0,0.0,150.0,42.54445190429688,42.54445190429688,Leave_One_experiments/all_year_offline_schedule_search/daily_outputs/LCA/LCA_2007_LCA2007_normal_grid_S0010_daily.csv
LCA,LCA,Luancheng,2007,Leave_One_experiments\wth_generated_qc\LCA\LCA2007.WTH,normal_year;nitrogen_stress_year;low_response_year,normal,LCA2007_normal_grid_S0010,low_input_within_10pct_yield,2007-09-05,248,88,83,"{""sim_day"": 88.0, ""doy"": 248.0, ""topwt"": 13495.035400390623, ""grnwt"": 6843.135986328125, ""xlai"": 1.9324355125427248, ""totir"": 0.0, ""tofer"": NaN, ""swfac"": 0.0, ""nstres"": 0.0}",0.0,0.0,13495.035400390623,6843.135986328125,1.9324355125427248,0.0,,0.0,0.0,0.0,150.0,42.54445190429688,42.54445190429688,Leave_One_experiments/all_year_offline_schedule_search/daily_outputs/LCA/LCA_2007_LCA2007_normal_grid_S0010_daily.csv
LCA,LCA,Luancheng,2007,Leave_One_experiments\wth_generated_qc\LCA\LCA2007.WTH,normal_year;nitrogen_stress_year;low_response_year,normal,LCA2007_normal_grid_S0010,low_input_within_10pct_yield,2007-09-06,249,89,84,"{""sim_day"": 89.0, ""doy"": 249.0, ""topwt"": 13718.189697265623, ""grnwt"": 7066.2896728515625, ""xlai"": 1.8539458513259888, ""totir"": 0.0, ""tofer"": NaN, ""swfac"": 0.0, ""nstres"": 0.0}",0.0,0.0,13718.189697265623,7066.2896728515625,1.8539458513259888,0.0,,0.0,0.0,0.0,150.0,42.54445190429688,42.54445190429688,Leave_One_experiments/all_year_offline_schedule_search/daily_outputs/LCA/LCA_2007_LCA2007_normal_grid_S0010_daily.csv
LCA,LCA,Luancheng,2007,Leave_One_experiments\wth_generated_qc\LCA\LCA2007.WTH,normal_year;nitrogen_stress_year;low_response_year,normal,LCA2007_normal_grid_S0010,low_input_within_10pct_yield,2007-09-07,250,90,85,"{""sim_day"": 90.0, ""doy"": 250.0, ""topwt"": 13928.65234375, ""grnwt"": 7276.751708984375, ""xlai"": 1.772210717201233, ""totir"": 0.0, ""tofer"": NaN, ""swfac"": 0.0, ""nstres"": 0.0379645824432373}",0.0,0.0379645824432373,13928.65234375,7276.751708984375,1.772210717201233,0.0,,0.0,0.0,0.0,150.0,42.54445190429688,42.54445190429688,Leave_One_experiments/all_year_offline_schedule_search/daily_outputs/LCA/LCA_2007_LCA2007_normal_grid_S0010_daily.csv
LCA,LCA,Luancheng,2007,Leave_One_experiments\wth_generated_qc\LCA\LCA2007.WTH,normal_year;nitrogen_stress_year;low_response_year,normal,LCA2007_normal_grid_S0010,low_input_within_10pct_yield,2007-09-08,251,91,86,"{""sim_day"": 91.0, ""doy"": 251.0, ""topwt"": 14127.05078125, ""grnwt"": 7475.1495361328125, ""xlai"": 1.6871650218963623, ""totir"": 0.0, ""tofer"": NaN, ""swfac"": 0.0, ""nstres"": 0.0726228952407836}",0.0,0.0726228952407836,14127.05078125,7475.1495361328125,1.6871650218963623,0.0,,0.0,0.0,0.0,150.0,42.54445190429688,42.54445190429688,Leave_One_experiments/all_year_offline_schedule_search/daily_outputs/LCA/LCA_2007_LCA2007_normal_grid_S0010_daily.csv
LCA,LCA,Luancheng,2007,Leave_One_experiments\wth_generated_qc\LCA\LCA2007.WTH,normal_year;nitrogen_stress_year;low_response_year,normal,LCA2007_normal_grid_S0010,low_input_within_10pct_yield,2007-09-09,252,92,87,"{""sim_day"": 92.0, ""doy"": 252.0, ""topwt"": 14314.124755859377, ""grnwt"": 7662.224731445312, ""xlai"": 1.5987427234649658, ""totir"": 0.0, ""tofer"": NaN, ""swfac"": 0.0, ""nstres"": 0.1032038331031799}",0.0,0.1032038331031799,14314.124755859377,7662.224731445312,1.5987427234649658,0.0,,0.0,0.0,0.0,150.0,42.54445190429688,42.54445190429688,Leave_One_experiments/all_year_offline_schedule_search/daily_outputs/LCA/LCA_2007_LCA2007_normal_grid_S0010_daily.csv
LCA,LCA,Luancheng,2007,Leave_One_experiments\wth_generated_qc\LCA\LCA2007.WTH,normal_year;nitrogen_stress_year;low_response_year,normal,LCA2007_normal_grid_S0010,low_input_within_10pct_yield,2007-09-10,253,93,88,"{""sim_day"": 93.0, ""doy"": 253.0, ""topwt"": 14490.421142578123, ""grnwt"": 7838.5205078125, ""xlai"": 1.5068780183792114, ""totir"": 0.0, ""tofer"": NaN, ""swfac"": 0.0, ""nstres"": 0.1303153038024902}",0.0,0.1303153038024902,14490.421142578123,7838.5205078125,1.5068780183792114,0.0,,0.0,0.0,0.0,150.0,42.54445190429688,42.54445190429688,Leave_One_experiments/all_year_offline_schedule_search/daily_outputs/LCA/LCA_2007_LCA2007_normal_grid_S0010_daily.csv
LCA,LCA,Luancheng,2007,Leave_One_experiments\wth_generated_qc\LCA\LCA2007.WTH,normal_year;nitrogen_stress_year;low_response_year,normal,LCA2007_normal_grid_S0010,low_input_within_10pct_yield,2007-09-11,254,94,89,"{""sim_day"": 94.0, ""doy"": 254.0, ""topwt"": 14656.346435546877, ""grnwt"": 8004.445190429687, ""xlai"": 1.4115054607391355, ""totir"": 0.0, ""tofer"": NaN, ""swfac"": 0.0, ""nstres"": 0.1542744636535644}",0.0,0.1542744636535644,14656.346435546877,8004.445190429687,1.4115054607391355,0.0,,0.0,0.0,0.0,150.0,42.54445190429688,42.54445190429688,Leave_One_experiments/all_year_offline_schedule_search/daily_outputs/LCA/LCA_2007_LCA2007_normal_grid_S0010_daily.csv
LCA,LCA,Luancheng,2007,Leave_One_experiments\wth_generated_qc\LCA\LCA2007.WTH,normal_year;nitrogen_stress_year;low_response_year,normal,LCA2007_normal_grid_S0010,low_input_within_10pct_yield,2007-09-12,255,95,90,"{""sim_day"": 95.0, ""doy"": 255.0, ""topwt"": 14656.346435546877, ""grnwt"": 8004.445190429687, ""xlai"": 1.4115054607391355, ""totir"": 0.0, ""tofer"": NaN, ""swfac"": 0.0, ""nstres"": 0.1753438711166381}",0.0,0.1753438711166381,14656.346435546877,8004.445190429687,1.4115054607391355,0.0,,0.0,0.0,0.0,150.0,42.54445190429688,42.54445190429688,Leave_One_experiments/all_year_offline_schedule_search/daily_outputs/LCA/LCA_2007_LCA2007_normal_grid_S0010_daily.csv
LCA,LCA,Luancheng,2007,Leave_One_experiments\wth_generated_qc\LCA\LCA2007.WTH,normal_year;nitrogen_stress_year;low_response_year,normal,LCA2007_normal_grid_S0010,low_input_within_10pct_yield,2007-09-13,256,96,91,"{""sim_day"": 96.0, ""doy"": 256.0, ""topwt"": 14656.346435546877, ""grnwt"": 8004.445190429687, ""xlai"": 1.4115054607391355, ""totir"": 0.0, ""tofer"": NaN, ""swfac"": 0.0, ""nstres"": 0.1753438711166381}",0.0,0.1753438711166381,14656.346435546877,8004.445190429687,1.4115054607391355,0.0,,0.0,0.0,0.0,150.0,42.54445190429688,42.54445190429688,Leave_One_experiments/all_year_offline_schedule_search/daily_outputs/LCA/LCA_2007_LCA2007_normal_grid_S0010_daily.csv
LCA,LCA,Luancheng,2007,Leave_One_experiments\wth_generated_qc\LCA\LCA2007.WTH,normal_year;nitrogen_stress_year;low_response_year,normal,LCA2007_normal_grid_S0010,low_input_within_10pct_yield,2007-09-14,257,97,92,"{""sim_day"": 97.0, ""doy"": 257.0, ""topwt"": 14656.346435546877, ""grnwt"": 8004.445190429687, ""xlai"": 1.4115054607391355, ""totir"": 0.0, ""tofer"": NaN, ""swfac"": 0.0, ""nstres"": 0.1753438711166381}",0.0,0.1753438711166381,14656.346435546877,8004.445190429687,1.4115054607391355,0.0,,0.0,0.0,0.0,150.0,42.54445190429688,42.54445190429688,Leave_One_experiments/all_year_offline_schedule_search/daily_outputs/LCA/LCA_2007_LCA2007_normal_grid_S0010_daily.csv
LCA,LCA,Luancheng,2007,Leave_One_experiments\wth_generated_qc\LCA\LCA2007.WTH,normal_year;nitrogen_stress_year;low_response_year,normal,LCA2007_normal_grid_S0010,low_input_within_10pct_yield,2007-09-15,258,98,93,"{""sim_day"": 98.0, ""doy"": 258.0, ""topwt"": 14656.346435546877, ""grnwt"": 8004.445190429687, ""xlai"": 1.4115054607391355, ""totir"": 0.0, ""tofer"": NaN, ""swfac"": 0.0, ""nstres"": 0.1753438711166381}",0.0,0.1753438711166381,14656.346435546877,8004.445190429687,1.4115054607391355,0.0,,0.0,0.0,0.0,150.0,42.54445190429688,42.54445190429688,Leave_One_experiments/all_year_offline_schedule_search/daily_outputs/LCA/LCA_2007_LCA2007_normal_grid_S0010_daily.csv
LCA,LCA,Luancheng,2007,Leave_One_experiments\wth_generated_qc\LCA\LCA2007.WTH,normal_year;nitrogen_stress_year;low_response_year,normal,LCA2007_normal_grid_S0019,pareto_balanced,2007-06-15,166,1,1,"{""sim_day"": 1.0, ""doy"": 166.0, ""topwt"": 0.0, ""grnwt"": 0.0, ""xlai"": 0.0, ""totir"": 0.0, ""tofer"": NaN, ""swfac"": 0.0, ""nstres"": 0.0}",0.0,0.0,0.0,0.0,0.0,0.0,,0.0,75.0,0.0,225.0,24.8101806640625,24.8101806640625,Leave_One_experiments/all_year_offline_schedule_search/daily_outputs/LCA/LCA_2007_LCA2007_normal_grid_S0019_daily.csv
LCA,LCA,Luancheng,2007,Leave_One_experiments\wth_generated_qc\LCA\LCA2007.WTH,normal_year;nitrogen_stress_year;low_response_year,normal,LCA2007_normal_grid_S0019,pareto_balanced,2007-06-16,167,2,2,"{""sim_day"": 2.0, ""doy"": 167.0, ""topwt"": 0.0, ""grnwt"": 0.0, ""xlai"": 0.0, ""totir"": 0.0, ""tofer"": NaN, ""swfac"": 0.0, ""nstres"": 0.0}",0.0,0.0,0.0,0.0,0.0,0.0,,0.0,0.0,0.0,225.0,24.8101806640625,24.8101806640625,Leave_One_experiments/all_year_offline_schedule_search/daily_outputs/LCA/LCA_2007_LCA2007_normal_grid_S0019_daily.csv
LCA,LCA,Luancheng,2007,Leave_One_experiments\wth_generated_qc\LCA\LCA2007.WTH,normal_year;nitrogen_stress_year;low_response_year,normal,LCA2007_normal_grid_S0019,pareto_balanced,2007-06-17,168,3,3,"{""sim_day"": 3.0, ""doy"": 168.0, ""topwt"": 0.0, ""grnwt"": 0.0, ""xlai"": 0.0, ""totir"": 0.0, ""tofer"": NaN, ""swfac"": 0.0, ""nstres"": 0.0}",0.0,0.0,0.0,0.0,0.0,0.0,,0.0,0.0,0.0,225.0,24.8101806640625,24.8101806640625,Leave_One_experiments/all_year_offline_schedule_search/daily_outputs/LCA/LCA_2007_LCA2007_normal_grid_S0019_daily.csv
LCA,LCA,Luancheng,2007,Leave_One_experiments\wth_generated_qc\LCA\LCA2007.WTH,normal_year;nitrogen_stress_year;low_response_year,normal,LCA2007_normal_grid_S0019,pareto_balanced,2007-06-18,169,4,4,"{""sim_day"": 4.0, ""doy"": 169.0, ""topwt"": 0.0, ""grnwt"": 0.0, ""xlai"": 0.0, ""totir"": 0.0, ""tofer"": NaN, ""swfac"": 0.0, ""nstres"": 0.0}",0.0,0.0,0.0,0.0,0.0,0.0,,0.0,0.0,0.0,225.0,24.8101806640625,24.8101806640625,Leave_One_experiments/all_year_offline_schedule_search/daily_outputs/LCA/LCA_2007_LCA2007_normal_grid_S0019_daily.csv
LCA,LCA,Luancheng,2007,Leave_One_experiments\wth_generated_qc\LCA\LCA2007.WTH,normal_year;nitrogen_stress_year;low_response_year,normal,LCA2007_normal_grid_S0019,pareto_balanced,2007-06-19,170,5,5,"{""sim_day"": 5.0, ""doy"": 170.0, ""topwt"": 0.0, ""grnwt"": 0.0, ""xlai"": 0.0, ""totir"": 0.0, ""tofer"": NaN, ""swfac"": 0.0, ""nstres"": 0.0}",0.0,0.0,0.0,0.0,0.0,0.0,,0.0,0.0,0.0,225.0,24.8101806640625,24.8101806640625,Leave_One_experiments/all_year_offline_schedule_search/daily_outputs/LCA/LCA_2007_LCA2007_normal_grid_S0019_daily.csv
LCA,LCA,Luancheng,2007,Leave_One_experiments\wth_generated_qc\LCA\LCA2007.WTH,normal_year;nitrogen_stress_year;low_response_year,normal,LCA2007_normal_grid_S0019,pareto_balanced,2007-06-15,166,6,1,"{""sim_day"": 6.0, ""doy"": 166.0, ""topwt"": 0.0, ""grnwt"": 0.0, ""xlai"": 0.0, ""totir"": 0.0, ""tofer"": NaN, ""swfac"": 0.0, ""nstres"": 0.0}",0.0,0.0,0.0,0.0,0.0,0.0,,0.0,0.0,0.0,225.0,24.8101806640625,24.8101806640625,Leave_One_experiments/all_year_offline_schedule_search/daily_outputs/LCA/LCA_2007_LCA2007_normal_grid_S0019_daily.csv
LCA,LCA,Luancheng,2007,Leave_One_experiments\wth_generated_qc\LCA\LCA2007.WTH,normal_year;nitrogen_stress_year;low_response_year,normal,LCA2007_normal_grid_S0019,pareto_balanced,2007-06-16,167,7,2,"{""sim_day"": 7.0, ""doy"": 167.0, ""topwt"": 0.0, ""grnwt"": 0.0, ""xlai"": 0.0, ""totir"": 0.0, ""tofer"": NaN, ""swfac"": 0.0, ""nstres"": 0.0}",0.0,0.0,0.0,0.0,0.0,0.0,,0.0,0.0,0.0,225.0,24.8101806640625,24.8101806640625,Leave_One_experiments/all_year_offline_schedule_search/daily_outputs/LCA/LCA_2007_LCA2007_normal_grid_S0019_daily.csv
LCA,LCA,Luancheng,2007,Leave_One_experiments\wth_generated_qc\LCA\LCA2007.WTH,normal_year;nitrogen_stress_year;low_response_year,normal,LCA2007_normal_grid_S0019,pareto_balanced,2007-06-17,168,8,3,"{""sim_day"": 8.0, ""doy"": 168.0, ""topwt"": 0.0, ""grnwt"": 0.0, ""xlai"": 0.0, ""totir"": 0.0, ""tofer"": NaN, ""swfac"": 0.0, ""nstres"": 0.0}",0.0,0.0,0.0,0.0,0.0,0.0,,0.0,0.0,0.0,225.0,24.8101806640625,24.8101806640625,Leave_One_experiments/all_year_offline_schedule_search/daily_outputs/LCA/LCA_2007_LCA2007_normal_grid_S0019_daily.csv
LCA,LCA,Luancheng,2007,Leave_One_experiments\wth_generated_qc\LCA\LCA2007.WTH,normal_year;nitrogen_stress_year;low_response_year,normal,LCA2007_normal_grid_S0019,pareto_balanced,2007-06-18,169,9,4,"{""sim_day"": 9.0, ""doy"": 169.0, ""topwt"": 0.0, ""grnwt"": 0.0, ""xlai"": 0.0, ""totir"": 0.0, ""tofer"": NaN, ""swfac"": 0.0, ""nstres"": 0.0}",0.0,0.0,0.0,0.0,0.0,0.0,,0.0,0.0,0.0,225.0,24.8101806640625,24.8101806640625,Leave_One_experiments/all_year_offline_schedule_search/daily_outputs/LCA/LCA_2007_LCA2007_normal_grid_S0019_daily.csv
LCA,LCA,Luancheng,2007,Leave_One_experiments\wth_generated_qc\LCA\LCA2007.WTH,normal_year;nitrogen_stress_year;low_response_year,normal,LCA2007_normal_grid_S0019,pareto_balanced,2007-06-19,170,10,5,"{""sim_day"": 10.0, ""doy"": 170.0, ""topwt"": 0.0, ""grnwt"": 0.0, ""xlai"": 0.0, ""totir"": 0.0, ""tofer"": NaN, ""swfac"": 0.0, ""nstres"": 0.0}",0.0,0.0,0.0,0.0,0.0,0.0,,0.0,0.0,0.0,225.0,24.8101806640625,24.8101806640625,Leave_One_experiments/all_year_offline_schedule_search/daily_outputs/LCA/LCA_2007_LCA2007_normal_grid_S0019_daily.csv
LCA,LCA,Luancheng,2007,Leave_One_experiments\wth_generated_qc\LCA\LCA2007.WTH,normal_year;nitrogen_stress_year;low_response_year,normal,LCA2007_normal_grid_S0019,pareto_balanced,2007-06-20,171,11,6,"{""sim_day"": 11.0, ""doy"": 171.0, ""topwt"": 23.600001335144043, ""grnwt"": 0.0, ""xlai"": 0.0040371329523622, ""totir"": 0.0, ""tofer"": NaN, ""swfac"": 0.0, ""nstres"": 0.0121910572052001}",0.0,0.0121910572052001,23.600001335144043,0.0,0.0040371329523622,0.0,,0.0,0.0,0.0,225.0,24.8101806640625,24.8101806640625,Leave_One_experiments/all_year_offline_schedule_search/daily_outputs/LCA/LCA_2007_LCA2007_normal_grid_S0019_daily.csv
LCA,LCA,Luancheng,2007,Leave_One_experiments\wth_generated_qc\LCA\LCA2007.WTH,normal_year;nitrogen_stress_year;low_response_year,normal,LCA2007_normal_grid_S0019,pareto_balanced,2007-06-21,172,12,7,"{""sim_day"": 12.0, ""doy"": 172.0, ""topwt"": 23.600001335144043, ""grnwt"": 0.0, ""xlai"": 0.008417553268373, ""totir"": 0.0, ""tofer"": NaN, ""swfac"": 0.0, ""nstres"": 0.008258581161499}",0.0,0.008258581161499,23.600001335144043,0.0,0.008417553268373,0.0,,0.0,0.0,0.0,225.0,24.8101806640625,24.8101806640625,Leave_One_experiments/all_year_offline_schedule_search/daily_outputs/LCA/LCA_2007_LCA2007_normal_grid_S0019_daily.csv
LCA,LCA,Luancheng,2007,Leave_One_experiments\wth_generated_qc\LCA\LCA2007.WTH,normal_year;nitrogen_stress_year;low_response_year,normal,LCA2007_normal_grid_S0019,pareto_balanced,2007-06-22,173,13,8,"{""sim_day"": 13.0, ""doy"": 173.0, ""topwt"": 23.600001335144043, ""grnwt"": 0.0, ""xlai"": 0.0136338761076331, ""totir"": 0.0, ""tofer"": NaN, ""swfac"": 0.0, ""nstres"": 0.0}",0.0,0.0,23.600001335144043,0.0,0.0136338761076331,0.0,,0.0,0.0,0.0,225.0,24.8101806640625,24.8101806640625,Leave_One_experiments/all_year_offline_schedule_search/daily_outputs/LCA/LCA_2007_LCA2007_normal_grid_S0019_daily.csv
LCA,LCA,Luancheng,2007,Leave_One_experiments\wth_generated_qc\LCA\LCA2007.WTH,normal_year;nitrogen_stress_year;low_response_year,normal,LCA2007_normal_grid_S0019,pareto_balanced,2007-06-23,174,14,9,"{""sim_day"": 14.0, ""doy"": 174.0, ""topwt"": 23.600001335144043, ""grnwt"": 0.0, ""xlai"": 0.0355800874531269, ""totir"": 0.0, ""tofer"": NaN, ""swfac"": 0.0, ""nstres"": 0.0}",0.0,0.0,23.600001335144043,0.0,0.0355800874531269,0.0,,0.0,0.0,0.0,225.0,24.8101806640625,24.8101806640625,Leave_One_experiments/all_year_offline_schedule_search/daily_outputs/LCA/LCA_2007_LCA2007_normal_grid_S0019_daily.csv
LCA,LCA,Luancheng,2007,Leave_One_experiments\wth_generated_qc\LCA\LCA2007.WTH,normal_year;nitrogen_stress_year;low_response_year,normal,LCA2007_normal_grid_S0019,pareto_balanced,2007-06-24,175,15,10,"{""sim_day"": 15.0, ""doy"": 175.0, ""topwt"": 33.65622043609619, ""grnwt"": 0.0, ""xlai"": 0.0663013383746147, ""totir"": 0.0, ""tofer"": NaN, ""swfac"": 0.0, ""nstres"": 0.0}",0.0,0.0,33.65622043609619,0.0,0.0663013383746147,0.0,,0.0,0.0,0.0,225.0,24.8101806640625,24.8101806640625,Leave_One_experiments/all_year_offline_schedule_search/daily_outputs/LCA/LCA_2007_LCA2007_normal_grid_S0019_daily.csv
LCA,LCA,Luancheng,2007,Leave_One_experiments\wth_generated_qc\LCA\LCA2007.WTH,normal_year;nitrogen_stress_year;low_response_year,normal,LCA2007_normal_grid_S0019,pareto_balanced,2007-06-25,176,16,11,"{""sim_day"": 16.0, ""doy"": 176.0, ""topwt"": 50.81644535064697, ""grnwt"": 0.0, ""xlai"": 0.1052081361413002, ""totir"": 0.0, ""tofer"": NaN, ""swfac"": 0.0, ""nstres"": 0.0}",0.0,0.0,50.81644535064697,0.0,0.1052081361413002,0.0,,0.0,0.0,0.0,225.0,24.8101806640625,24.8101806640625,Leave_One_experiments/all_year_offline_schedule_search/daily_outputs/LCA/LCA_2007_LCA2007_normal_grid_S0019_daily.csv
LCA,LCA,Luancheng,2007,Leave_One_experiments\wth_generated_qc\LCA\LCA2007.WTH,normal_year;nitrogen_stress_year;low_response_year,normal,LCA2007_normal_grid_S0019,pareto_balanced,2007-06-26,177,17,12,"{""sim_day"": 17.0, ""doy"": 177.0, ""topwt"": 69.11809921264648, ""grnwt"": 0.0, ""xlai"": 0.1428860872983932, ""totir"": 0.0, ""tofer"": NaN, ""swfac"": 0.0, ""nstres"": 0.0}",0.0,0.0,69.11809921264648,0.0,0.1428860872983932,0.0,,0.0,0.0,0.0,225.0,24.8101806640625,24.8101806640625,Leave_One_experiments/all_year_offline_schedule_search/daily_outputs/LCA/LCA_2007_LCA2007_normal_grid_S0019_daily.csv
LCA,LCA,Luancheng,2007,Leave_One_experiments\wth_generated_qc\LCA\LCA2007.WTH,normal_year;nitrogen_stress_year;low_response_year,normal,LCA2007_normal_grid_S0019,pareto_balanced,2007-06-27,178,18,13,"{""sim_day"": 18.0, ""doy"": 178.0, ""topwt"": 92.80536651611328, ""grnwt"": 0.0, ""xlai"": 0.1881193369626999, ""totir"": 0.0, ""tofer"": NaN, ""swfac"": 0.0, ""nstres"": 0.0}",0.0,0.0,92.80536651611328,0.0,0.1881193369626999,0.0,,0.0,0.0,0.0,225.0,24.8101806640625,24.8101806640625,Leave_One_experiments/all_year_offline_schedule_search/daily_outputs/LCA/LCA_2007_LCA2007_normal_grid_S0019_daily.csv
LCA,LCA,Luancheng,2007,Leave_One_experiments\wth_generated_qc\LCA\LCA2007.WTH,normal_year;nitrogen_stress_year;low_response_year,normal,LCA2007_normal_grid_S0019,pareto_balanced,2007-06-28,179,19,14,"{""sim_day"": 19.0, ""doy"": 179.0, ""topwt"": 103.2484245300293, ""grnwt"": 0.0, ""xlai"": 0.2211356610059738, ""totir"": 0.0, ""tofer"": NaN, ""swfac"": 0.0, ""nstres"": 0.0}",0.0,0.0,103.2484245300293,0.0,0.2211356610059738,0.0,,0.0,0.0,0.0,225.0,24.8101806640625,24.8101806640625,Leave_One_experiments/all_year_offline_schedule_search/daily_outputs/LCA/LCA_2007_LCA2007_normal_grid_S0019_daily.csv
LCA,LCA,Luancheng,2007,Leave_One_experiments\wth_generated_qc\LCA\LCA2007.WTH,normal_year;nitrogen_stress_year;low_response_year,normal,LCA2007_normal_grid_S0019,pareto_balanced,2007-06-29,180,20,15,"{""sim_day"": 20.0, ""doy"": 180.0, ""topwt"": 111.02304458618164, ""grnwt"": 0.0, ""xlai"": 0.2357990890741348, ""totir"": 0.0, ""tofer"": NaN, ""swfac"": 0.0, ""nstres"": 0.0}",0.0,0.0,111.02304458618164,0.0,0.2357990890741348,0.0,,0.0,0.0,0.0,225.0,24.8101806640625,24.8101806640625,Leave_One_experiments/all_year_offline_schedule_search/daily_outputs/LCA/LCA_2007_LCA2007_normal_grid_S0019_daily.csv
LCA,LCA,Luancheng,2007,Leave_One_experiments\wth_generated_qc\LCA\LCA2007.WTH,normal_year;nitrogen_stress_year;low_response_year,normal,LCA2007_normal_grid_S0019,pareto_balanced,2007-06-30,181,21,16,"{""sim_day"": 21.0, ""doy"": 181.0, ""topwt"": 151.50212287902832, ""grnwt"": 0.0, ""xlai"": 0.3094963133335113, ""totir"": 0.0, ""tofer"": NaN, ""swfac"": 0.0, ""nstres"": 0.0009608268737792}",0.0,0.0009608268737792,151.50212287902832,0.0,0.3094963133335113,0.0,,0.0,0.0,0.0,225.0,24.8101806640625,24.8101806640625,Leave_One_experiments/all_year_offline_schedule_search/daily_outputs/LCA/LCA_2007_LCA2007_normal_grid_S0019_daily.csv
LCA,LCA,Luancheng,2007,Leave_One_experiments\wth_generated_qc\LCA\LCA2007.WTH,normal_year;nitrogen_stress_year;low_response_year,normal,LCA2007_normal_grid_S0019,pareto_balanced,2007-07-01,182,22,17,"{""sim_day"": 22.0, ""doy"": 182.0, ""topwt"": 198.38790893554688, ""grnwt"": 0.0, ""xlai"": 0.3893995881080627, ""totir"": 0.0, ""tofer"": NaN, ""swfac"": 0.0, ""nstres"": 0.0}",0.0,0.0,198.38790893554688,0.0,0.3893995881080627,0.0,,0.0,0.0,0.0,225.0,24.8101806640625,24.8101806640625,Leave_One_experiments/all_year_offline_schedule_search/daily_outputs/LCA/LCA_2007_LCA2007_normal_grid_S0019_daily.csv
LCA,LCA,Luancheng,2007,Leave_One_experiments\wth_generated_qc\LCA\LCA2007.WTH,normal_year;nitrogen_stress_year;low_response_year,normal,LCA2007_normal_grid_S0019,pareto_balanced,2007-07-02,183,23,18,"{""sim_day"": 23.0, ""doy"": 183.0, ""topwt"": 228.1589508056641, ""grnwt"": 0.0, ""xlai"": 0.2812905311584472, ""totir"": 0.0, ""tofer"": NaN, ""swfac"": 0.0, ""nstres"": 0.0}",0.0,0.0,228.1589508056641,0.0,0.2812905311584472,0.0,,0.0,0.0,0.0,225.0,24.8101806640625,24.8101806640625,Leave_One_experiments/all_year_offline_schedule_search/daily_outputs/LCA/LCA_2007_LCA2007_normal_grid_S0019_daily.csv
LCA,LCA,Luancheng,2007,Leave_One_experiments\wth_generated_qc\LCA\LCA2007.WTH,normal_year;nitrogen_stress_year;low_response_year,normal,LCA2007_normal_grid_S0019,pareto_balanced,2007-07-03,184,24,19,"{""sim_day"": 24.0, ""doy"": 184.0, ""topwt"": 266.9721984863281, ""grnwt"": 0.0, ""xlai"": 0.3447024524211883, ""totir"": 0.0, ""tofer"": NaN, ""swfac"": 0.0, ""nstres"": 0.0}",0.0,0.0,266.9721984863281,0.0,0.3447024524211883,0.0,,0.0,0.0,0.0,225.0,24.8101806640625,24.8101806640625,Leave_One_experiments/all_year_offline_schedule_search/daily_outputs/LCA/LCA_2007_LCA2007_normal_grid_S0019_daily.csv
LCA,LCA,Luancheng,2007,Leave_One_experiments\wth_generated_qc\LCA\LCA2007.WTH,normal_year;nitrogen_stress_year;low_response_year,normal,LCA2007_normal_grid_S0019,pareto_balanced,2007-07-04,185,25,20,"{""sim_day"": 25.0, ""doy"": 185.0, ""topwt"": 328.1059265136719, ""grnwt"": 0.0, ""xlai"": 0.4407937526702881, ""totir"": 0.0, ""tofer"": NaN, ""swfac"": 0.0, ""nstres"": 0.0}",0.0,0.0,328.1059265136719,0.0,0.4407937526702881,0.0,,0.0,0.0,0.0,225.0,24.8101806640625,24.8101806640625,Leave_One_experiments/all_year_offline_schedule_search/daily_outputs/LCA/LCA_2007_LCA2007_normal_grid_S0019_daily.csv
LCA,LCA,Luancheng,2007,Leave_One_experiments\wth_generated_qc\LCA\LCA2007.WTH,normal_year;nitrogen_stress_year;low_response_year,normal,LCA2007_normal_grid_S0019,pareto_balanced,2007-07-05,186,26,21,"{""sim_day"": 26.0, ""doy"": 186.0, ""topwt"": 425.4710006713867, ""grnwt"": 0.0, ""xlai"": 0.5803181529045105, ""totir"": 0.0, ""tofer"": NaN, ""swfac"": 0.0, ""nstres"": 0.0}",0.0,0.0,425.4710006713867,0.0,0.5803181529045105,0.0,,0.0,0.0,0.0,225.0,24.8101806640625,24.8101806640625,Leave_One_experiments/all_year_offline_schedule_search/daily_outputs/LCA/LCA_2007_LCA2007_normal_grid_S0019_daily.csv
LCA,LCA,Luancheng,2007,Leave_One_experiments\wth_generated_qc\LCA\LCA2007.WTH,normal_year;nitrogen_stress_year;low_response_year,normal,LCA2007_normal_grid_S0019,pareto_balanced,2007-07-06,187,27,22,"{""sim_day"": 27.0, ""doy"": 187.0, ""topwt"": 538.9103317260742, ""grnwt"": 0.0, ""xlai"": 0.7363036870956421, ""totir"": 0.0, ""tofer"": NaN, ""swfac"": 0.0, ""nstres"": 0.0}",0.0,0.0,538.9103317260742,0.0,0.7363036870956421,0.0,,0.0,0.0,0.0,225.0,24.8101806640625,24.8101806640625,Leave_One_experiments/all_year_offline_schedule_search/daily_outputs/LCA/LCA_2007_LCA2007_normal_grid_S0019_daily.csv
LCA,LCA,Luancheng,2007,Leave_One_experiments\wth_generated_qc\LCA\LCA2007.WTH,normal_year;nitrogen_stress_year;low_response_year,normal,LCA2007_normal_grid_S0019,pareto_balanced,2007-07-07,188,28,23,"{""sim_day"": 28.0, ""doy"": 188.0, ""topwt"": 662.5949859619141, ""grnwt"": 0.0, ""xlai"": 0.8944333791732788, ""totir"": 0.0, ""tofer"": NaN, ""swfac"": 0.0, ""nstres"": 0.0}",0.0,0.0,662.5949859619141,0.0,0.8944333791732788,0.0,,0.0,0.0,0.0,225.0,24.8101806640625,24.8101806640625,Leave_One_experiments/all_year_offline_schedule_search/daily_outputs/LCA/LCA_2007_LCA2007_normal_grid_S0019_daily.csv
LCA,LCA,Luancheng,2007,Leave_One_experiments\wth_generated_qc\LCA\LCA2007.WTH,normal_year;nitrogen_stress_year;low_response_year,normal,LCA2007_normal_grid_S0019,pareto_balanced,2007-07-08,189,29,24,"{""sim_day"": 29.0, ""doy"": 189.0, ""topwt"": 831.4071655273438, ""grnwt"": 0.0, ""xlai"": 1.09324049949646, ""totir"": 0.0, ""tofer"": NaN, ""swfac"": 0.0, ""nstres"": 0.0}",0.0,0.0,831.4071655273438,0.0,1.09324049949646,0.0,,0.0,0.0,0.0,225.0,24.8101806640625,24.8101806640625,Leave_One_experiments/all_year_offline_schedule_search/daily_outputs/LCA/LCA_2007_LCA2007_normal_grid_S0019_daily.csv
LCA,LCA,Luancheng,2007,Leave_One_experiments\wth_generated_qc\LCA\LCA2007.WTH,normal_year;nitrogen_stress_year;low_response_year,normal,LCA2007_normal_grid_S0019,pareto_balanced,2007-07-09,190,30,25,"{""sim_day"": 30.0, ""doy"": 190.0, ""topwt"": 1015.0012969970704, ""grnwt"": 0.0, ""xlai"": 1.291129231452942, ""totir"": 0.0, ""tofer"": NaN, ""swfac"": 0.0, ""nstres"": 0.0}",0.0,0.0,1015.0012969970704,0.0,1.291129231452942,0.0,,0.0,0.0,0.0,225.0,24.8101806640625,24.8101806640625,Leave_One_experiments/all_year_offline_schedule_search/daily_outputs/LCA/LCA_2007_LCA2007_normal_grid_S0019_daily.csv
LCA,LCA,Luancheng,2007,Leave_One_experiments\wth_generated_qc\LCA\LCA2007.WTH,normal_year;nitrogen_stress_year;low_response_year,normal,LCA2007_normal_grid_S0019,pareto_balanced,2007-07-10,191,31,26,"{""sim_day"": 31.0, ""doy"": 191.0, ""topwt"": 1206.9603729248047, ""grnwt"": 0.0, ""xlai"": 1.480725884437561, ""totir"": 0.0, ""tofer"": NaN, ""swfac"": 0.0, ""nstres"": 0.0}",0.0,0.0,1206.9603729248047,0.0,1.480725884437561,0.0,,0.0,0.0,0.0,225.0,24.8101806640625,24.8101806640625,Leave_One_experiments/all_year_offline_schedule_search/daily_outputs/LCA/LCA_2007_LCA2007_normal_grid_S0019_daily.csv
LCA,LCA,Luancheng,2007,Leave_One_experiments\wth_generated_qc\LCA\LCA2007.WTH,normal_year;nitrogen_stress_year;low_response_year,normal,LCA2007_normal_grid_S0019,pareto_balanced,2007-07-11,192,32,27,"{""sim_day"": 32.0, ""doy"": 192.0, ""topwt"": 1404.8529052734375, ""grnwt"": 0.0, ""xlai"": 1.660348415374756, ""totir"": 0.0, ""tofer"": NaN, ""swfac"": 0.0, ""nstres"": 0.0}",0.0,0.0,1404.8529052734375,0.0,1.660348415374756,0.0,,0.0,0.0,0.0,225.0,24.8101806640625,24.8101806640625,Leave_One_experiments/all_year_offline_schedule_search/daily_outputs/LCA/LCA_2007_LCA2007_normal_grid_S0019_daily.csv
LCA,LCA,Luancheng,2007,Leave_One_experiments\wth_generated_qc\LCA\LCA2007.WTH,normal_year;nitrogen_stress_year;low_response_year,normal,LCA2007_normal_grid_S0019,pareto_balanced,2007-07-12,193,33,28,"{""sim_day"": 33.0, ""doy"": 193.0, ""topwt"": 1561.6340637207031, ""grnwt"": 0.0, ""xlai"": 1.7914056777954102, ""totir"": 0.0, ""tofer"": NaN, ""swfac"": 0.0, ""nstres"": 0.0}",0.0,0.0,1561.6340637207031,0.0,1.7914056777954102,0.0,,0.0,0.0,0.0,225.0,24.8101806640625,24.8101806640625,Leave_One_experiments/all_year_offline_schedule_search/daily_outputs/LCA/LCA_2007_LCA2007_normal_grid_S0019_daily.csv
LCA,LCA,Luancheng,2007,Leave_One_experiments\wth_generated_qc\LCA\LCA2007.WTH,normal_year;nitrogen_stress_year;low_response_year,normal,LCA2007_normal_grid_S0019,pareto_balanced,2007-07-13,194,34,29,"{""sim_day"": 34.0, ""doy"": 194.0, ""topwt"": 1624.4493103027344, ""grnwt"": 0.0, ""xlai"": 1.8402944803237915, ""totir"": 0.0, ""tofer"": NaN, ""swfac"": 0.0, ""nstres"": 0.0}",0.0,0.0,1624.4493103027344,0.0,1.8402944803237915,0.0,,0.0,0.0,0.0,225.0,24.8101806640625,24.8101806640625,Leave_One_experiments/all_year_offline_schedule_search/daily_outputs/LCA/LCA_2007_LCA2007_normal_grid_S0019_daily.csv
LCA,LCA,Luancheng,2007,Leave_One_experiments\wth_generated_qc\LCA\LCA2007.WTH,normal_year;nitrogen_stress_year;low_response_year,normal,LCA2007_normal_grid_S0019,pareto_balanced,2007-07-14,195,35,30,"{""sim_day"": 35.0, ""doy"": 195.0, ""topwt"": 1749.315948486328, ""grnwt"": 0.0, ""xlai"": 1.9313054084777832, ""totir"": 0.0, ""tofer"": NaN, ""swfac"": 0.0, ""nstres"": 0.0}",0.0,0.0,1749.315948486328,0.0,1.9313054084777832,0.0,,0.0,75.0,0.0,225.0,24.8101806640625,24.8101806640625,Leave_One_experiments/all_year_offline_schedule_search/daily_outputs/LCA/LCA_2007_LCA2007_normal_grid_S0019_daily.csv
LCA,LCA,Luancheng,2007,Leave_One_experiments\wth_generated_qc\LCA\LCA2007.WTH,normal_year;nitrogen_stress_year;low_response_year,normal,LCA2007_normal_grid_S0019,pareto_balanced,2007-07-15,196,36,31,"{""sim_day"": 36.0, ""doy"": 196.0, ""topwt"": 2009.8185729980469, ""grnwt"": 0.0, ""xlai"": 2.106433868408203, ""totir"": 0.0, ""tofer"": NaN, ""swfac"": 0.0, ""nstres"": 0.0}",0.0,0.0,2009.8185729980469,0.0,2.106433868408203,0.0,,0.0,0.0,0.0,225.0,24.8101806640625,24.8101806640625,Leave_One_experiments/all_year_offline_schedule_search/daily_outputs/LCA/LCA_2007_LCA2007_normal_grid_S0019_daily.csv
LCA,LCA,Luancheng,2007,Leave_One_experiments\wth_generated_qc\LCA\LCA2007.WTH,normal_year;nitrogen_stress_year;low_response_year,normal,LCA2007_normal_grid_S0019,pareto_balanced,2007-07-16,197,37,32,"{""sim_day"": 37.0, ""doy"": 197.0, ""topwt"": 2264.173889160156, ""grnwt"": 0.0, ""xlai"": 2.262251615524292, ""totir"": 0.0, ""tofer"": NaN, ""swfac"": 0.0, ""nstres"": 0.0}",0.0,0.0,2264.173889160156,0.0,2.262251615524292,0.0,,0.0,0.0,0.0,225.0,24.8101806640625,24.8101806640625,Leave_One_experiments/all_year_offline_schedule_search/daily_outputs/LCA/LCA_2007_LCA2007_normal_grid_S0019_daily.csv
LCA,LCA,Luancheng,2007,Leave_One_experiments\wth_generated_qc\LCA\LCA2007.WTH,normal_year;nitrogen_stress_year;low_response_year,normal,LCA2007_normal_grid_S0019,pareto_balanced,2007-07-17,198,38,33,"{""sim_day"": 38.0, ""doy"": 198.0, ""topwt"": 2320.244140625, ""grnwt"": 0.0, ""xlai"": 2.2934701442718506, ""totir"": 0.0, ""tofer"": NaN, ""swfac"": 0.0, ""nstres"": 0.0}",0.0,0.0,2320.244140625,0.0,2.2934701442718506,0.0,,0.0,0.0,0.0,225.0,24.8101806640625,24.8101806640625,Leave_One_experiments/all_year_offline_schedule_search/daily_outputs/LCA/LCA_2007_LCA2007_normal_grid_S0019_daily.csv
LCA,LCA,Luancheng,2007,Leave_One_experiments\wth_generated_qc\LCA\LCA2007.WTH,normal_year;nitrogen_stress_year;low_response_year,normal,LCA2007_normal_grid_S0019,pareto_balanced,2007-07-18,199,39,34,"{""sim_day"": 39.0, ""doy"": 199.0, ""topwt"": 2591.5060424804688, ""grnwt"": 0.0, ""xlai"": 2.43412446975708, ""totir"": 0.0, ""tofer"": NaN, ""swfac"": 0.0, ""nstres"": 0.0}",0.0,0.0,2591.5060424804688,0.0,2.43412446975708,0.0,,0.0,0.0,0.0,225.0,24.8101806640625,24.8101806640625,Leave_One_experiments/all_year_offline_schedule_search/daily_outputs/LCA/LCA_2007_LCA2007_normal_grid_S0019_daily.csv
LCA,LCA,Luancheng,2007,Leave_One_experiments\wth_generated_qc\LCA\LCA2007.WTH,normal_year;nitrogen_stress_year;low_response_year,normal,LCA2007_normal_grid_S0019,pareto_balanced,2007-07-19,200,40,35,"{""sim_day"": 40.0, ""doy"": 200.0, ""topwt"": 2734.029541015625, ""grnwt"": 0.0, ""xlai"": 2.501931667327881, ""totir"": 0.0, ""tofer"": NaN, ""swfac"": 0.0, ""nstres"": 0.0}",0.0,0.0,2734.029541015625,0.0,2.501931667327881,0.0,,0.0,0.0,0.0,225.0,24.8101806640625,24.8101806640625,Leave_One_experiments/all_year_offline_schedule_search/daily_outputs/LCA/LCA_2007_LCA2007_normal_grid_S0019_daily.csv
LCA,LCA,Luancheng,2007,Leave_One_experiments\wth_generated_qc\LCA\LCA2007.WTH,normal_year;nitrogen_stress_year;low_response_year,normal,LCA2007_normal_grid_S0019,pareto_balanced,2007-07-20,201,41,36,"{""sim_day"": 41.0, ""doy"": 201.0, ""topwt"": 3036.714172363281, ""grnwt"": 0.0, ""xlai"": 2.702434062957764, ""totir"": 0.0, ""tofer"": NaN, ""swfac"": 0.0, ""nstres"": 0.0}",0.0,0.0,3036.714172363281,0.0,2.702434062957764,0.0,,0.0,0.0,0.0,225.0,24.8101806640625,24.8101806640625,Leave_One_experiments/all_year_offline_schedule_search/daily_outputs/LCA/LCA_2007_LCA2007_normal_grid_S0019_daily.csv
LCA,LCA,Luancheng,2007,Leave_One_experiments\wth_generated_qc\LCA\LCA2007.WTH,normal_year;nitrogen_stress_year;low_response_year,normal,LCA2007_normal_grid_S0019,pareto_balanced,2007-07-21,202,42,37,"{""sim_day"": 42.0, ""doy"": 202.0, ""topwt"": 3324.86083984375, ""grnwt"": 0.0, ""xlai"": 2.829735040664673, ""totir"": 0.0, ""tofer"": NaN, ""swfac"": 0.0, ""nstres"": 0.0}",0.0,0.0,3324.86083984375,0.0,2.829735040664673,0.0,,0.0,0.0,0.0,225.0,24.8101806640625,24.8101806640625,Leave_One_experiments/all_year_offline_schedule_search/daily_outputs/LCA/LCA_2007_LCA2007_normal_grid_S0019_daily.csv
LCA,LCA,Luancheng,2007,Leave_One_experiments\wth_generated_qc\LCA\LCA2007.WTH,normal_year;nitrogen_stress_year;low_response_year,normal,LCA2007_normal_grid_S0019,pareto_balanced,2007-07-22,203,43,38,"{""sim_day"": 43.0, ""doy"": 203.0, ""topwt"": 3455.12939453125, ""grnwt"": 0.0, ""xlai"": 2.877587080001831, ""totir"": 0.0, ""tofer"": NaN, ""swfac"": 0.0, ""nstres"": 0.0}",0.0,0.0,3455.12939453125,0.0,2.877587080001831,0.0,,0.0,0.0,0.0,225.0,24.8101806640625,24.8101806640625,Leave_One_experiments/all_year_offline_schedule_search/daily_outputs/LCA/LCA_2007_LCA2007_normal_grid_S0019_daily.csv
LCA,LCA,Luancheng,2007,Leave_One_experiments\wth_generated_qc\LCA\LCA2007.WTH,normal_year;nitrogen_stress_year;low_response_year,normal,LCA2007_normal_grid_S0019,pareto_balanced,2007-07-23,204,44,39,"{""sim_day"": 44.0, ""doy"": 204.0, ""topwt"": 3544.477844238281, ""grnwt"": 0.0, ""xlai"": 2.90701961517334, ""totir"": 0.0, ""tofer"": NaN, ""swfac"": 0.0, ""nstres"": 0.0}",0.0,0.0,3544.477844238281,0.0,2.90701961517334,0.0,,0.0,0.0,0.0,225.0,24.8101806640625,24.8101806640625,Leave_One_experiments/all_year_offline_schedule_search/daily_outputs/LCA/LCA_2007_LCA2007_normal_grid_S0019_daily.csv
LCA,LCA,Luancheng,2007,Leave_One_experiments\wth_generated_qc\LCA\LCA2007.WTH,normal_year;nitrogen_stress_year;low_response_year,normal,LCA2007_normal_grid_S0019,pareto_balanced,2007-07-24,205,45,40,"{""sim_day"": 45.0, ""doy"": 205.0, ""topwt"": 3839.4168090820312, ""grnwt"": 0.0, ""xlai"": 2.9955034255981445, ""totir"": 0.0, ""tofer"": NaN, ""swfac"": 0.0, ""nstres"": 0.0}",0.0,0.0,3839.4168090820312,0.0,2.9955034255981445,0.0,,0.0,0.0,0.0,225.0,24.8101806640625,24.8101806640625,Leave_One_experiments/all_year_offline_schedule_search/daily_outputs/LCA/LCA_2007_LCA2007_normal_grid_S0019_daily.csv
LCA,LCA,Luancheng,2007,Leave_One_experiments\wth_generated_qc\LCA\LCA2007.WTH,normal_year;nitrogen_stress_year;low_response_year,normal,LCA2007_normal_grid_S0019,pareto_balanced,2007-07-25,206,46,41,"{""sim_day"": 46.0, ""doy"": 206.0, ""topwt"": 4137.001953125, ""grnwt"": 0.0, ""xlai"": 3.077815055847168, ""totir"": 0.0, ""tofer"": NaN, ""swfac"": 0.0, ""nstres"": 0.0}",0.0,0.0,4137.001953125,0.0,3.077815055847168,0.0,,0.0,0.0,0.0,225.0,24.8101806640625,24.8101806640625,Leave_One_experiments/all_year_offline_schedule_search/daily_outputs/LCA/LCA_2007_LCA2007_normal_grid_S0019_daily.csv
LCA,LCA,Luancheng,2007,Leave_One_experiments\wth_generated_qc\LCA\LCA2007.WTH,normal_year;nitrogen_stress_year;low_response_year,normal,LCA2007_normal_grid_S0019,pareto_balanced,2007-07-26,207,47,42,"{""sim_day"": 47.0, ""doy"": 207.0, ""topwt"": 4436.904296875, ""grnwt"": 0.0, ""xlai"": 3.155289888381958, ""totir"": 0.0, ""tofer"": NaN, ""swfac"": 0.0, ""nstres"": 0.0}",0.0,0.0,4436.904296875,0.0,3.155289888381958,0.0,,0.0,0.0,0.0,225.0,24.8101806640625,24.8101806640625,Leave_One_experiments/all_year_offline_schedule_search/daily_outputs/LCA/LCA_2007_LCA2007_normal_grid_S0019_daily.csv
LCA,LCA,Luancheng,2007,Leave_One_experiments\wth_generated_qc\LCA\LCA2007.WTH,normal_year;nitrogen_stress_year;low_response_year,normal,LCA2007_normal_grid_S0019,pareto_balanced,2007-07-27,208,48,43,"{""sim_day"": 48.0, ""doy"": 208.0, ""topwt"": 4658.538818359375, ""grnwt"": 0.0, ""xlai"": 3.209207534790039, ""totir"": 0.0, ""tofer"": NaN, ""swfac"": 0.0, ""nstres"": 0.0}",0.0,0.0,4658.538818359375,0.0,3.209207534790039,0.0,,0.0,0.0,0.0,225.0,24.8101806640625,24.8101806640625,Leave_One_experiments/all_year_offline_schedule_search/daily_outputs/LCA/LCA_2007_LCA2007_normal_grid_S0019_daily.csv
LCA,LCA,Luancheng,2007,Leave_One_experiments\wth_generated_qc\LCA\LCA2007.WTH,normal_year;nitrogen_stress_year;low_response_year,normal,LCA2007_normal_grid_S0019,pareto_balanced,2007-07-28,209,49,44,"{""sim_day"": 49.0, ""doy"": 209.0, ""topwt"": 4833.102111816406, ""grnwt"": 0.0, ""xlai"": 3.2515578269958496, ""totir"": 0.0, ""tofer"": NaN, ""swfac"": 0.0, ""nstres"": 0.0}",0.0,0.0,4833.102111816406,0.0,3.2515578269958496,0.0,,0.0,0.0,0.0,225.0,24.8101806640625,24.8101806640625,Leave_One_experiments/all_year_offline_schedule_search/daily_outputs/LCA/LCA_2007_LCA2007_normal_grid_S0019_daily.csv
LCA,LCA,Luancheng,2007,Leave_One_experiments\wth_generated_qc\LCA\LCA2007.WTH,normal_year;nitrogen_stress_year;low_response_year,normal,LCA2007_normal_grid_S0019,pareto_balanced,2007-07-29,210,50,45,"{""sim_day"": 50.0, ""doy"": 210.0, ""topwt"": 4951.408386230469, ""grnwt"": 0.0, ""xlai"": 3.280113220214844, ""totir"": 0.0, ""tofer"": NaN, ""swfac"": 0.0, ""nstres"": 0.0}",0.0,0.0,4951.408386230469,0.0,3.280113220214844,0.0,,0.0,0.0,0.0,225.0,24.8101806640625,24.8101806640625,Leave_One_experiments/all_year_offline_schedule_search/daily_outputs/LCA/LCA_2007_LCA2007_normal_grid_S0019_daily.csv
LCA,LCA,Luancheng,2007,Leave_One_experiments\wth_generated_qc\LCA\LCA2007.WTH,normal_year;nitrogen_stress_year;low_response_year,normal,LCA2007_normal_grid_S0019,pareto_balanced,2007-07-30,211,51,46,"{""sim_day"": 51.0, ""doy"": 211.0, ""topwt"": 5266.8243408203125, ""grnwt"": 0.0, ""xlai"": 3.3567769527435303, ""totir"": 0.0, ""tofer"": NaN, ""swfac"": 0.0, ""nstres"": 0.0}",0.0,0.0,5266.8243408203125,0.0,3.3567769527435303,0.0,,0.0,0.0,0.0,225.0,24.8101806640625,24.8101806640625,Leave_One_experiments/all_year_offline_schedule_search/daily_outputs/LCA/LCA_2007_LCA2007_normal_grid_S0019_daily.csv
LCA,LCA,Luancheng,2007,Leave_One_experiments\wth_generated_qc\LCA\LCA2007.WTH,normal_year;nitrogen_stress_year;low_response_year,normal,LCA2007_normal_grid_S0019,pareto_balanced,2007-07-31,212,52,47,"{""sim_day"": 52.0, ""doy"": 212.0, ""topwt"": 5521.3525390625, ""grnwt"": 0.0, ""xlai"": 3.3465476036071777, ""totir"": 0.0, ""tofer"": NaN, ""swfac"": 0.0, ""nstres"": 0.0}",0.0,0.0,5521.3525390625,0.0,3.3465476036071777,0.0,,0.0,0.0,0.0,225.0,24.8101806640625,24.8101806640625,Leave_One_experiments/all_year_offline_schedule_search/daily_outputs/LCA/LCA_2007_LCA2007_normal_grid_S0019_daily.csv
LCA,LCA,Luancheng,2007,Leave_One_experiments\wth_generated_qc\LCA\LCA2007.WTH,normal_year;nitrogen_stress_year;low_response_year,normal,LCA2007_normal_grid_S0019,pareto_balanced,2007-08-01,213,53,48,"{""sim_day"": 53.0, ""doy"": 213.0, ""topwt"": 5794.3499755859375, ""grnwt"": 0.0, ""xlai"": 3.330910444259644, ""totir"": 0.0, ""tofer"": NaN, ""swfac"": 0.0, ""nstres"": 0.0}",0.0,0.0,5794.3499755859375,0.0,3.330910444259644,0.0,,0.0,0.0,0.0,225.0,24.8101806640625,24.8101806640625,Leave_One_experiments/all_year_offline_schedule_search/daily_outputs/LCA/LCA_2007_LCA2007_normal_grid_S0019_daily.csv
LCA,LCA,Luancheng,2007,Leave_One_experiments\wth_generated_qc\LCA\LCA2007.WTH,normal_year;nitrogen_stress_year;low_response_year,normal,LCA2007_normal_grid_S0019,pareto_balanced,2007-08-02,214,54,49,"{""sim_day"": 54.0, ""doy"": 214.0, ""topwt"": 6154.942626953125, ""grnwt"": 0.0, ""xlai"": 3.3163750171661377, ""totir"": 0.0, ""tofer"": NaN, ""swfac"": 0.0, ""nstres"": 0.0}",0.0,0.0,6154.942626953125,0.0,3.3163750171661377,0.0,,0.0,0.0,0.0,225.0,24.8101806640625,24.8101806640625,Leave_One_experiments/all_year_offline_schedule_search/daily_outputs/LCA/LCA_2007_LCA2007_normal_grid_S0019_daily.csv
LCA,LCA,Luancheng,2007,Leave_One_experiments\wth_generated_qc\LCA\LCA2007.WTH,normal_year;nitrogen_stress_year;low_response_year,normal,LCA2007_normal_grid_S0019,pareto_balanced,2007-08-03,215,55,50,"{""sim_day"": 55.0, ""doy"": 215.0, ""topwt"": 6379.86328125, ""grnwt"": 0.0, ""xlai"": 3.3014869689941406, ""totir"": 0.0, ""tofer"": NaN, ""swfac"": 0.0, ""nstres"": 0.0}",0.0,0.0,6379.86328125,0.0,3.3014869689941406,0.0,,0.0,0.0,0.0,225.0,24.8101806640625,24.8101806640625,Leave_One_experiments/all_year_offline_schedule_search/daily_outputs/LCA/LCA_2007_LCA2007_normal_grid_S0019_daily.csv
LCA,LCA,Luancheng,2007,Leave_One_experiments\wth_generated_qc\LCA\LCA2007.WTH,normal_year;nitrogen_stress_year;low_response_year,normal,LCA2007_normal_grid_S0019,pareto_balanced,2007-08-04,216,56,51,"{""sim_day"": 56.0, ""doy"": 216.0, ""topwt"": 6615.753784179688, ""grnwt"": 0.0, ""xlai"": 3.2842202186584477, ""totir"": 0.0, ""tofer"": NaN, ""swfac"": 0.0, ""nstres"": 0.0}",0.0,0.0,6615.753784179688,0.0,3.2842202186584477,0.0,,0.0,0.0,0.0,225.0,24.8101806640625,24.8101806640625,Leave_One_experiments/all_year_offline_schedule_search/daily_outputs/LCA/LCA_2007_LCA2007_normal_grid_S0019_daily.csv
LCA,LCA,Luancheng,2007,Leave_One_experiments\wth_generated_qc\LCA\LCA2007.WTH,normal_year;nitrogen_stress_year;low_response_year,normal,LCA2007_normal_grid_S0019,pareto_balanced,2007-08-05,217,57,52,"{""sim_day"": 57.0, ""doy"": 217.0, ""topwt"": 6864.443359375, ""grnwt"": 0.0, ""xlai"": 3.267878532409668, ""totir"": 0.0, ""tofer"": NaN, ""swfac"": 0.0, ""nstres"": 0.0}",0.0,0.0,6864.443359375,0.0,3.267878532409668,0.0,,0.0,0.0,0.0,225.0,24.8101806640625,24.8101806640625,Leave_One_experiments/all_year_offline_schedule_search/daily_outputs/LCA/LCA_2007_LCA2007_normal_grid_S0019_daily.csv
LCA,LCA,Luancheng,2007,Leave_One_experiments\wth_generated_qc\LCA\LCA2007.WTH,normal_year;nitrogen_stress_year;low_response_year,normal,LCA2007_normal_grid_S0019,pareto_balanced,2007-08-06,218,58,53,"{""sim_day"": 58.0, ""doy"": 218.0, ""topwt"": 7039.505615234375, ""grnwt"": 0.0, ""xlai"": 3.2515809535980225, ""totir"": 0.0, ""tofer"": NaN, ""swfac"": 0.0, ""nstres"": 0.0}",0.0,0.0,7039.505615234375,0.0,3.2515809535980225,0.0,,0.0,0.0,0.0,225.0,24.8101806640625,24.8101806640625,Leave_One_experiments/all_year_offline_schedule_search/daily_outputs/LCA/LCA_2007_LCA2007_normal_grid_S0019_daily.csv
LCA,LCA,Luancheng,2007,Leave_One_experiments\wth_generated_qc\LCA\LCA2007.WTH,normal_year;nitrogen_stress_year;low_response_year,normal,LCA2007_normal_grid_S0019,pareto_balanced,2007-08-07,219,59,54,"{""sim_day"": 59.0, ""doy"": 219.0, ""topwt"": 7262.4072265625, ""grnwt"": 0.0, ""xlai"": 3.2338738441467285, ""totir"": 0.0, ""tofer"": NaN, ""swfac"": 0.0, ""nstres"": 0.0}",0.0,0.0,7262.4072265625,0.0,3.2338738441467285,0.0,,0.0,0.0,0.0,225.0,24.8101806640625,24.8101806640625,Leave_One_experiments/all_year_offline_schedule_search/daily_outputs/LCA/LCA_2007_LCA2007_normal_grid_S0019_daily.csv
LCA,LCA,Luancheng,2007,Leave_One_experiments\wth_generated_qc\LCA\LCA2007.WTH,normal_year;nitrogen_stress_year;low_response_year,normal,LCA2007_normal_grid_S0019,pareto_balanced,2007-08-08,220,60,55,"{""sim_day"": 60.0, ""doy"": 220.0, ""topwt"": 7516.4215087890625, ""grnwt"": 0.0, ""xlai"": 3.214706420898437, ""totir"": 0.0, ""tofer"": NaN, ""swfac"": 0.0, ""nstres"": 0.0}",0.0,0.0,7516.4215087890625,0.0,3.214706420898437,0.0,,0.0,0.0,0.0,225.0,24.8101806640625,24.8101806640625,Leave_One_experiments/all_year_offline_schedule_search/daily_outputs/LCA/LCA_2007_LCA2007_normal_grid_S0019_daily.csv
LCA,LCA,Luancheng,2007,Leave_One_experiments\wth_generated_qc\LCA\LCA2007.WTH,normal_year;nitrogen_stress_year;low_response_year,normal,LCA2007_normal_grid_S0019,pareto_balanced,2007-08-09,221,61,56,"{""sim_day"": 61.0, ""doy"": 221.0, ""topwt"": 7585.184326171875, ""grnwt"": 0.0, ""xlai"": 3.1988933086395264, ""totir"": 0.0, ""tofer"": NaN, ""swfac"": 0.0, ""nstres"": 0.0}",0.0,0.0,7585.184326171875,0.0,3.1988933086395264,0.0,,0.0,0.0,0.0,225.0,24.8101806640625,24.8101806640625,Leave_One_experiments/all_year_offline_schedule_search/daily_outputs/LCA/LCA_2007_LCA2007_normal_grid_S0019_daily.csv
LCA,LCA,Luancheng,2007,Leave_One_experiments\wth_generated_qc\LCA\LCA2007.WTH,normal_year;nitrogen_stress_year;low_response_year,normal,LCA2007_normal_grid_S0019,pareto_balanced,2007-08-10,222,62,57,"{""sim_day"": 62.0, ""doy"": 222.0, ""topwt"": 7870.7476806640625, ""grnwt"": 285.5634117126465, ""xlai"": 3.135729551315308, ""totir"": 0.0, ""tofer"": NaN, ""swfac"": 0.0, ""nstres"": 0.0}",0.0,0.0,7870.7476806640625,285.5634117126465,3.135729551315308,0.0,,0.0,0.0,0.0,225.0,24.8101806640625,24.8101806640625,Leave_One_experiments/all_year_offline_schedule_search/daily_outputs/LCA/LCA_2007_LCA2007_normal_grid_S0019_daily.csv
LCA,LCA,Luancheng,2007,Leave_One_experiments\wth_generated_qc\LCA\LCA2007.WTH,normal_year;nitrogen_stress_year;low_response_year,normal,LCA2007_normal_grid_S0019,pareto_balanced,2007-08-11,223,63,58,"{""sim_day"": 63.0, ""doy"": 223.0, ""topwt"": 8156.31103515625, ""grnwt"": 571.126823425293, ""xlai"": 3.12426495552063, ""totir"": 0.0, ""tofer"": NaN, ""swfac"": 0.0, ""nstres"": 0.0}",0.0,0.0,8156.31103515625,571.126823425293,3.12426495552063,0.0,,0.0,0.0,0.0,225.0,24.8101806640625,24.8101806640625,Leave_One_experiments/all_year_offline_schedule_search/daily_outputs/LCA/LCA_2007_LCA2007_normal_grid_S0019_daily.csv
LCA,LCA,Luancheng,2007,Leave_One_experiments\wth_generated_qc\LCA\LCA2007.WTH,normal_year;nitrogen_stress_year;low_response_year,normal,LCA2007_normal_grid_S0019,pareto_balanced,2007-08-12,224,64,59,"{""sim_day"": 64.0, ""doy"": 224.0, ""topwt"": 8441.874389648438, ""grnwt"": 856.6902923583984, ""xlai"": 3.110699415206909, ""totir"": 0.0, ""tofer"": NaN, ""swfac"": 0.0, ""nstres"": 0.0}",0.0,0.0,8441.874389648438,856.6902923583984,3.110699415206909,0.0,,0.0,0.0,0.0,225.0,24.8101806640625,24.8101806640625,Leave_One_experiments/all_year_offline_schedule_search/daily_outputs/LCA/LCA_2007_LCA2007_normal_grid_S0019_daily.csv
LCA,LCA,Luancheng,2007,Leave_One_experiments\wth_generated_qc\LCA\LCA2007.WTH,normal_year;nitrogen_stress_year;low_response_year,normal,LCA2007_normal_grid_S0019,pareto_balanced,2007-08-13,225,65,60,"{""sim_day"": 65.0, ""doy"": 225.0, ""topwt"": 8707.80517578125, ""grnwt"": 1122.6211547851562, ""xlai"": 3.093219757080078, ""totir"": 0.0, ""tofer"": NaN, ""swfac"": 0.0, ""nstres"": 0.0}",0.0,0.0,8707.80517578125,1122.6211547851562,3.093219757080078,0.0,,0.0,75.0,0.0,225.0,24.8101806640625,24.8101806640625,Leave_One_experiments/all_year_offline_schedule_search/daily_outputs/LCA/LCA_2007_LCA2007_normal_grid_S0019_daily.csv
LCA,LCA,Luancheng,2007,Leave_One_experiments\wth_generated_qc\LCA\LCA2007.WTH,normal_year;nitrogen_stress_year;low_response_year,normal,LCA2007_normal_grid_S0019,pareto_balanced,2007-08-14,226,66,61,"{""sim_day"": 66.0, ""doy"": 226.0, ""topwt"": 8993.368530273438, ""grnwt"": 1408.1845092773438, ""xlai"": 3.078279972076416, ""totir"": 0.0, ""tofer"": NaN, ""swfac"": 0.0, ""nstres"": 0.0}",0.0,0.0,8993.368530273438,1408.1845092773438,3.078279972076416,0.0,,0.0,0.0,0.0,225.0,24.8101806640625,24.8101806640625,Leave_One_experiments/all_year_offline_schedule_search/daily_outputs/LCA/LCA_2007_LCA2007_normal_grid_S0019_daily.csv
LCA,LCA,Luancheng,2007,Leave_One_experiments\wth_generated_qc\LCA\LCA2007.WTH,normal_year;nitrogen_stress_year;low_response_year,normal,LCA2007_normal_grid_S0019,pareto_balanced,2007-08-15,227,67,62,"{""sim_day"": 67.0, ""doy"": 227.0, ""topwt"": 9159.352416992188, ""grnwt"": 1574.1683959960938, ""xlai"": 3.0517094135284424, ""totir"": 0.0, ""tofer"": NaN, ""swfac"": 0.0, ""nstres"": 0.0}",0.0,0.0,9159.352416992188,1574.1683959960938,3.0517094135284424,0.0,,0.0,0.0,0.0,225.0,24.8101806640625,24.8101806640625,Leave_One_experiments/all_year_offline_schedule_search/daily_outputs/LCA/LCA_2007_LCA2007_normal_grid_S0019_daily.csv
LCA,LCA,Luancheng,2007,Leave_One_experiments\wth_generated_qc\LCA\LCA2007.WTH,normal_year;nitrogen_stress_year;low_response_year,normal,LCA2007_normal_grid_S0019,pareto_balanced,2007-08-16,228,68,63,"{""sim_day"": 68.0, ""doy"": 228.0, ""topwt"": 9425.283203125, ""grnwt"": 1840.0991821289065, ""xlai"": 3.024687528610229, ""totir"": 0.0, ""tofer"": NaN, ""swfac"": 0.0, ""nstres"": 0.0}",0.0,0.0,9425.283203125,1840.0991821289065,3.024687528610229,0.0,,0.0,0.0,0.0,225.0,24.8101806640625,24.8101806640625,Leave_One_experiments/all_year_offline_schedule_search/daily_outputs/LCA/LCA_2007_LCA2007_normal_grid_S0019_daily.csv
LCA,LCA,Luancheng,2007,Leave_One_experiments\wth_generated_qc\LCA\LCA2007.WTH,normal_year;nitrogen_stress_year;low_response_year,normal,LCA2007_normal_grid_S0019,pareto_balanced,2007-08-17,229,69,64,"{""sim_day"": 69.0, ""doy"": 229.0, ""topwt"": 9710.846557617188, ""grnwt"": 2125.6625366210938, ""xlai"": 2.9965476989746094, ""totir"": 0.0, ""tofer"": NaN, ""swfac"": 0.0, ""nstres"": 0.0}",0.0,0.0,9710.846557617188,2125.6625366210938,2.9965476989746094,0.0,,0.0,0.0,0.0,225.0,24.8101806640625,24.8101806640625,Leave_One_experiments/all_year_offline_schedule_search/daily_outputs/LCA/LCA_2007_LCA2007_normal_grid_S0019_daily.csv
LCA,LCA,Luancheng,2007,Leave_One_experiments\wth_generated_qc\LCA\LCA2007.WTH,normal_year;nitrogen_stress_year;low_response_year,normal,LCA2007_normal_grid_S0019,pareto_balanced,2007-08-18,230,70,65,"{""sim_day"": 70.0, ""doy"": 230.0, ""topwt"": 9996.410522460938, ""grnwt"": 2411.226043701172, ""xlai"": 2.964280128479004, ""totir"": 0.0, ""tofer"": NaN, ""swfac"": 0.0, ""nstres"": 0.0}",0.0,0.0,9996.410522460938,2411.226043701172,2.964280128479004,0.0,,0.0,0.0,0.0,225.0,24.8101806640625,24.8101806640625,Leave_One_experiments/all_year_offline_schedule_search/daily_outputs/LCA/LCA_2007_LCA2007_normal_grid_S0019_daily.csv
LCA,LCA,Luancheng,2007,Leave_One_experiments\wth_generated_qc\LCA\LCA2007.WTH,normal_year;nitrogen_stress_year;low_response_year,normal,LCA2007_normal_grid_S0019,pareto_balanced,2007-08-19,231,71,66,"{""sim_day"": 71.0, ""doy"": 231.0, ""topwt"": 10281.973876953123, ""grnwt"": 2696.7892456054688, ""xlai"": 2.934319257736206, ""totir"": 0.0, ""tofer"": NaN, ""swfac"": 0.0, ""nstres"": 0.0}",0.0,0.0,10281.973876953123,2696.7892456054688,2.934319257736206,0.0,,0.0,0.0,0.0,225.0,24.8101806640625,24.8101806640625,Leave_One_experiments/all_year_offline_schedule_search/daily_outputs/LCA/LCA_2007_LCA2007_normal_grid_S0019_daily.csv
LCA,LCA,Luancheng,2007,Leave_One_experiments\wth_generated_qc\LCA\LCA2007.WTH,normal_year;nitrogen_stress_year;low_response_year,normal,LCA2007_normal_grid_S0019,pareto_balanced,2007-08-20,232,72,67,"{""sim_day"": 72.0, ""doy"": 232.0, ""topwt"": 10567.53662109375, ""grnwt"": 2982.352905273437, ""xlai"": 2.8970303535461426, ""totir"": 0.0, ""tofer"": NaN, ""swfac"": 0.0, ""nstres"": 0.0}",0.0,0.0,10567.53662109375,2982.352905273437,2.8970303535461426,0.0,,0.0,0.0,0.0,225.0,24.8101806640625,24.8101806640625,Leave_One_experiments/all_year_offline_schedule_search/daily_outputs/LCA/LCA_2007_LCA2007_normal_grid_S0019_daily.csv
LCA,LCA,Luancheng,2007,Leave_One_experiments\wth_generated_qc\LCA\LCA2007.WTH,normal_year;nitrogen_stress_year;low_response_year,normal,LCA2007_normal_grid_S0019,pareto_balanced,2007-08-21,233,73,68,"{""sim_day"": 73.0, ""doy"": 233.0, ""topwt"": 10853.1005859375, ""grnwt"": 3267.916259765625, ""xlai"": 2.8560240268707275, ""totir"": 0.0, ""tofer"": NaN, ""swfac"": 0.0, ""nstres"": 0.0}",0.0,0.0,10853.1005859375,3267.916259765625,2.8560240268707275,0.0,,0.0,0.0,0.0,225.0,24.8101806640625,24.8101806640625,Leave_One_experiments/all_year_offline_schedule_search/daily_outputs/LCA/LCA_2007_LCA2007_normal_grid_S0019_daily.csv
LCA,LCA,Luancheng,2007,Leave_One_experiments\wth_generated_qc\LCA\LCA2007.WTH,normal_year;nitrogen_stress_year;low_response_year,normal,LCA2007_normal_grid_S0019,pareto_balanced,2007-08-22,234,74,69,"{""sim_day"": 74.0, ""doy"": 234.0, ""topwt"": 11138.663330078123, ""grnwt"": 3553.4796142578125, ""xlai"": 2.80788803100586, ""totir"": 0.0, ""tofer"": NaN, ""swfac"": 0.0, ""nstres"": 0.0}",0.0,0.0,11138.663330078123,3553.4796142578125,2.80788803100586,0.0,,0.0,0.0,0.0,225.0,24.8101806640625,24.8101806640625,Leave_One_experiments/all_year_offline_schedule_search/daily_outputs/LCA/LCA_2007_LCA2007_normal_grid_S0019_daily.csv
LCA,LCA,Luancheng,2007,Leave_One_experiments\wth_generated_qc\LCA\LCA2007.WTH,normal_year;nitrogen_stress_year;low_response_year,normal,LCA2007_normal_grid_S0019,pareto_balanced,2007-08-23,235,75,70,"{""sim_day"": 75.0, ""doy"": 235.0, ""topwt"": 11418.873291015623, ""grnwt"": 3833.68896484375, ""xlai"": 2.753912210464477, ""totir"": 0.0, ""tofer"": NaN, ""swfac"": 0.0, ""nstres"": 0.0}",0.0,0.0,11418.873291015623,3833.68896484375,2.753912210464477,0.0,,0.0,0.0,0.0,225.0,24.8101806640625,24.8101806640625,Leave_One_experiments/all_year_offline_schedule_search/daily_outputs/LCA/LCA_2007_LCA2007_normal_grid_S0019_daily.csv
LCA,LCA,Luancheng,2007,Leave_One_experiments\wth_generated_qc\LCA\LCA2007.WTH,normal_year;nitrogen_stress_year;low_response_year,normal,LCA2007_normal_grid_S0019,pareto_balanced,2007-08-24,236,76,71,"{""sim_day"": 76.0, ""doy"": 236.0, ""topwt"": 11530.10009765625, ""grnwt"": 4119.2523193359375, ""xlai"": 2.7017619609832764, ""totir"": 0.0, ""tofer"": NaN, ""swfac"": 0.0, ""nstres"": 0.0}",0.0,0.0,11530.10009765625,4119.2523193359375,2.7017619609832764,0.0,,0.0,0.0,0.0,225.0,24.8101806640625,24.8101806640625,Leave_One_experiments/all_year_offline_schedule_search/daily_outputs/LCA/LCA_2007_LCA2007_normal_grid_S0019_daily.csv
LCA,LCA,Luancheng,2007,Leave_One_experiments\wth_generated_qc\LCA\LCA2007.WTH,normal_year;nitrogen_stress_year;low_response_year,normal,LCA2007_normal_grid_S0019,pareto_balanced,2007-08-25,237,77,72,"{""sim_day"": 77.0, ""doy"": 237.0, ""topwt"": 11550.03173828125, ""grnwt"": 4404.815673828125, ""xlai"": 2.656943798065185, ""totir"": 0.0, ""tofer"": NaN, ""swfac"": 0.0, ""nstres"": 0.0}",0.0,0.0,11550.03173828125,4404.815673828125,2.656943798065185,0.0,,0.0,0.0,0.0,225.0,24.8101806640625,24.8101806640625,Leave_One_experiments/all_year_offline_schedule_search/daily_outputs/LCA/LCA_2007_LCA2007_normal_grid_S0019_daily.csv
LCA,LCA,Luancheng,2007,Leave_One_experiments\wth_generated_qc\LCA\LCA2007.WTH,normal_year;nitrogen_stress_year;low_response_year,normal,LCA2007_normal_grid_S0019,pareto_balanced,2007-08-26,238,78,73,"{""sim_day"": 78.0, ""doy"": 238.0, ""topwt"": 11690.5615234375, ""grnwt"": 4690.3790283203125, ""xlai"": 2.6057381629943848, ""totir"": 0.0, ""tofer"": NaN, ""swfac"": 0.0, ""nstres"": 0.0}",0.0,0.0,11690.5615234375,4690.3790283203125,2.6057381629943848,0.0,,0.0,0.0,0.0,225.0,24.8101806640625,24.8101806640625,Leave_One_experiments/all_year_offline_schedule_search/daily_outputs/LCA/LCA_2007_LCA2007_normal_grid_S0019_daily.csv
LCA,LCA,Luancheng,2007,Leave_One_experiments\wth_generated_qc\LCA\LCA2007.WTH,normal_year;nitrogen_stress_year;low_response_year,normal,LCA2007_normal_grid_S0019,pareto_balanced,2007-08-27,239,79,74,"{""sim_day"": 79.0, ""doy"": 239.0, ""topwt"": 11901.73095703125, ""grnwt"": 4975.9423828125, ""xlai"": 2.544267416000366, ""totir"": 0.0, ""tofer"": NaN, ""swfac"": 0.0, ""nstres"": 0.0}",0.0,0.0,11901.73095703125,4975.9423828125,2.544267416000366,0.0,,0.0,0.0,0.0,225.0,24.8101806640625,24.8101806640625,Leave_One_experiments/all_year_offline_schedule_search/daily_outputs/LCA/LCA_2007_LCA2007_normal_grid_S0019_daily.csv
LCA,LCA,Luancheng,2007,Leave_One_experiments\wth_generated_qc\LCA\LCA2007.WTH,normal_year;nitrogen_stress_year;low_response_year,normal,LCA2007_normal_grid_S0019,pareto_balanced,2007-08-28,240,80,75,"{""sim_day"": 80.0, ""doy"": 240.0, ""topwt"": 11977.88330078125, ""grnwt"": 5261.505737304688, ""xlai"": 2.495810985565185, ""totir"": 0.0, ""tofer"": NaN, ""swfac"": 0.0, ""nstres"": 0.0}",0.0,0.0,11977.88330078125,5261.505737304688,2.495810985565185,0.0,,0.0,0.0,0.0,225.0,24.8101806640625,24.8101806640625,Leave_One_experiments/all_year_offline_schedule_search/daily_outputs/LCA/LCA_2007_LCA2007_normal_grid_S0019_daily.csv
LCA,LCA,Luancheng,2007,Leave_One_experiments\wth_generated_qc\LCA\LCA2007.WTH,normal_year;nitrogen_stress_year;low_response_year,normal,LCA2007_normal_grid_S0019,pareto_balanced,2007-08-29,241,81,76,"{""sim_day"": 81.0, ""doy"": 241.0, ""topwt"": 12009.232177734377, ""grnwt"": 5390.138549804688, ""xlai"": 2.4384660720825195, ""totir"": 0.0, ""tofer"": NaN, ""swfac"": 0.0, ""nstres"": 0.0}",0.0,0.0,12009.232177734377,5390.138549804688,2.4384660720825195,0.0,,0.0,0.0,0.0,225.0,24.8101806640625,24.8101806640625,Leave_One_experiments/all_year_offline_schedule_search/daily_outputs/LCA/LCA_2007_LCA2007_normal_grid_S0019_daily.csv
LCA,LCA,Luancheng,2007,Leave_One_experiments\wth_generated_qc\LCA\LCA2007.WTH,normal_year;nitrogen_stress_year;low_response_year,normal,LCA2007_normal_grid_S0019,pareto_balanced,2007-08-30,242,82,77,"{""sim_day"": 82.0, ""doy"": 242.0, ""topwt"": 12273.0126953125, ""grnwt"": 5653.9208984375, ""xlai"": 2.3667657375335693, ""totir"": 0.0, ""tofer"": NaN, ""swfac"": 0.0, ""nstres"": 0.0}",0.0,0.0,12273.0126953125,5653.9208984375,2.3667657375335693,0.0,,0.0,0.0,0.0,225.0,24.8101806640625,24.8101806640625,Leave_One_experiments/all_year_offline_schedule_search/daily_outputs/LCA/LCA_2007_LCA2007_normal_grid_S0019_daily.csv
LCA,LCA,Luancheng,2007,Leave_One_experiments\wth_generated_qc\LCA\LCA2007.WTH,normal_year;nitrogen_stress_year;low_response_year,normal,LCA2007_normal_grid_S0019,pareto_balanced,2007-08-31,243,83,78,"{""sim_day"": 83.0, ""doy"": 243.0, ""topwt"": 12566.907958984377, ""grnwt"": 5939.484252929688, ""xlai"": 2.29467511177063, ""totir"": 0.0, ""tofer"": NaN, ""swfac"": 0.0, ""nstres"": 0.0}",0.0,0.0,12566.907958984377,5939.484252929688,2.29467511177063,0.0,,0.0,0.0,0.0,225.0,24.8101806640625,24.8101806640625,Leave_One_experiments/all_year_offline_schedule_search/daily_outputs/LCA/LCA_2007_LCA2007_normal_grid_S0019_daily.csv
LCA,LCA,Luancheng,2007,Leave_One_experiments\wth_generated_qc\LCA\LCA2007.WTH,normal_year;nitrogen_stress_year;low_response_year,normal,LCA2007_normal_grid_S0019,pareto_balanced,2007-09-01,244,84,79,"{""sim_day"": 84.0, ""doy"": 244.0, ""topwt"": 12758.177490234377, ""grnwt"": 6139.0850830078125, ""xlai"": 2.2137680053710938, ""totir"": 0.0, ""tofer"": NaN, ""swfac"": 0.0, ""nstres"": 0.0}",0.0,0.0,12758.177490234377,6139.0850830078125,2.2137680053710938,0.0,,0.0,0.0,0.0,225.0,24.8101806640625,24.8101806640625,Leave_One_experiments/all_year_offline_schedule_search/daily_outputs/LCA/LCA_2007_LCA2007_normal_grid_S0019_daily.csv
LCA,LCA,Luancheng,2007,Leave_One_experiments\wth_generated_qc\LCA\LCA2007.WTH,normal_year;nitrogen_stress_year;low_response_year,normal,LCA2007_normal_grid_S0019,pareto_balanced,2007-09-02,245,85,80,"{""sim_day"": 85.0, ""doy"": 245.0, ""topwt"": 12769.945068359377, ""grnwt"": 6150.853271484375, ""xlai"": 2.148646116256714, ""totir"": 0.0, ""tofer"": NaN, ""swfac"": 0.0, ""nstres"": 0.0}",0.0,0.0,12769.945068359377,6150.853271484375,2.148646116256714,0.0,,0.0,0.0,0.0,225.0,24.8101806640625,24.8101806640625,Leave_One_experiments/all_year_offline_schedule_search/daily_outputs/LCA/LCA_2007_LCA2007_normal_grid_S0019_daily.csv
LCA,LCA,Luancheng,2007,Leave_One_experiments\wth_generated_qc\LCA\LCA2007.WTH,normal_year;nitrogen_stress_year;low_response_year,normal,LCA2007_normal_grid_S0019,pareto_balanced,2007-09-03,246,86,81,"{""sim_day"": 86.0, ""doy"": 246.0, ""topwt"": 13004.00634765625, ""grnwt"": 6384.91455078125, ""xlai"": 2.0795116424560547, ""totir"": 0.0, ""tofer"": NaN, ""swfac"": 0.0, ""nstres"": 0.0}",0.0,0.0,13004.00634765625,6384.91455078125,2.0795116424560547,0.0,,0.0,0.0,0.0,225.0,24.8101806640625,24.8101806640625,Leave_One_experiments/all_year_offline_schedule_search/daily_outputs/LCA/LCA_2007_LCA2007_normal_grid_S0019_daily.csv
LCA,LCA,Luancheng,2007,Leave_One_experiments\wth_generated_qc\LCA\LCA2007.WTH,normal_year;nitrogen_stress_year;low_response_year,normal,LCA2007_normal_grid_S0019,pareto_balanced,2007-09-04,247,87,82,"{""sim_day"": 87.0, ""doy"": 247.0, ""topwt"": 13234.757080078123, ""grnwt"": 6615.66650390625, ""xlai"": 2.00732970237732, ""totir"": 0.0, ""tofer"": NaN, ""swfac"": 0.0, ""nstres"": 0.0}",0.0,0.0,13234.757080078123,6615.66650390625,2.00732970237732,0.0,,0.0,0.0,0.0,225.0,24.8101806640625,24.8101806640625,Leave_One_experiments/all_year_offline_schedule_search/daily_outputs/LCA/LCA_2007_LCA2007_normal_grid_S0019_daily.csv
LCA,LCA,Luancheng,2007,Leave_One_experiments\wth_generated_qc\LCA\LCA2007.WTH,normal_year;nitrogen_stress_year;low_response_year,normal,LCA2007_normal_grid_S0019,pareto_balanced,2007-09-05,248,88,83,"{""sim_day"": 88.0, ""doy"": 248.0, ""topwt"": 13461.87744140625, ""grnwt"": 6842.7874755859375, ""xlai"": 1.9320347309112549, ""totir"": 0.0, ""tofer"": NaN, ""swfac"": 0.0, ""nstres"": 0.0}",0.0,0.0,13461.87744140625,6842.7874755859375,1.9320347309112549,0.0,,0.0,0.0,0.0,225.0,24.8101806640625,24.8101806640625,Leave_One_experiments/all_year_offline_schedule_search/daily_outputs/LCA/LCA_2007_LCA2007_normal_grid_S0019_daily.csv
LCA,LCA,Luancheng,2007,Leave_One_experiments\wth_generated_qc\LCA\LCA2007.WTH,normal_year;nitrogen_stress_year;low_response_year,normal,LCA2007_normal_grid_S0019,pareto_balanced,2007-09-06,249,89,84,"{""sim_day"": 89.0, ""doy"": 249.0, ""topwt"": 13685.010986328123, ""grnwt"": 7065.919799804688, ""xlai"": 1.853561282157898, ""totir"": 0.0, ""tofer"": NaN, ""swfac"": 0.0, ""nstres"": 0.0}",0.0,0.0,13685.010986328123,7065.919799804688,1.853561282157898,0.0,,0.0,0.0,0.0,225.0,24.8101806640625,24.8101806640625,Leave_One_experiments/all_year_offline_schedule_search/daily_outputs/LCA/LCA_2007_LCA2007_normal_grid_S0019_daily.csv
LCA,LCA,Luancheng,2007,Leave_One_experiments\wth_generated_qc\LCA\LCA2007.WTH,normal_year;nitrogen_stress_year;low_response_year,normal,LCA2007_normal_grid_S0019,pareto_balanced,2007-09-07,250,90,85,"{""sim_day"": 90.0, ""doy"": 250.0, ""topwt"": 13903.756103515623, ""grnwt"": 7284.6649169921875, ""xlai"": 1.7718433141708374, ""totir"": 0.0, ""tofer"": NaN, ""swfac"": 0.0, ""nstres"": 0.0}",0.0,0.0,13903.756103515623,7284.6649169921875,1.7718433141708374,0.0,,0.0,0.0,0.0,225.0,24.8101806640625,24.8101806640625,Leave_One_experiments/all_year_offline_schedule_search/daily_outputs/LCA/LCA_2007_LCA2007_normal_grid_S0019_daily.csv
LCA,LCA,Luancheng,2007,Leave_One_experiments\wth_generated_qc\LCA\LCA2007.WTH,normal_year;nitrogen_stress_year;low_response_year,normal,LCA2007_normal_grid_S0019,pareto_balanced,2007-09-08,251,91,86,"{""sim_day"": 91.0, ""doy"": 251.0, ""topwt"": 14117.667236328123, ""grnwt"": 7498.577270507812, ""xlai"": 1.6868150234222412, ""totir"": 0.0, ""tofer"": NaN, ""swfac"": 0.0, ""nstres"": 0.0}",0.0,0.0,14117.667236328123,7498.577270507812,1.6868150234222412,0.0,,0.0,0.0,0.0,225.0,24.8101806640625,24.8101806640625,Leave_One_experiments/all_year_offline_schedule_search/daily_outputs/LCA/LCA_2007_LCA2007_normal_grid_S0019_daily.csv
LCA,LCA,Luancheng,2007,Leave_One_experiments\wth_generated_qc\LCA\LCA2007.WTH,normal_year;nitrogen_stress_year;low_response_year,normal,LCA2007_normal_grid_S0019,pareto_balanced,2007-09-09,252,92,87,"{""sim_day"": 92.0, ""doy"": 252.0, ""topwt"": 14326.248779296877, ""grnwt"": 7707.157592773437, ""xlai"": 1.5984113216400146, ""totir"": 0.0, ""tofer"": NaN, ""swfac"": 0.0, ""nstres"": 0.0}",0.0,0.0,14326.248779296877,7707.157592773437,1.5984113216400146,0.0,,0.0,0.0,0.0,225.0,24.8101806640625,24.8101806640625,Leave_One_experiments/all_year_offline_schedule_search/daily_outputs/LCA/LCA_2007_LCA2007_normal_grid_S0019_daily.csv
LCA,LCA,Luancheng,2007,Leave_One_experiments\wth_generated_qc\LCA\LCA2007.WTH,normal_year;nitrogen_stress_year;low_response_year,normal,LCA2007_normal_grid_S0019,pareto_balanced,2007-09-10,253,93,88,"{""sim_day"": 93.0, ""doy"": 253.0, ""topwt"": 14528.93798828125, ""grnwt"": 7909.8480224609375, ""xlai"": 1.5065655708312988, ""totir"": 0.0, ""tofer"": NaN, ""swfac"": 0.0, ""nstres"": 0.0}",0.0,0.0,14528.93798828125,7909.8480224609375,1.5065655708312988,0.0,,0.0,0.0,0.0,225.0,24.8101806640625,24.8101806640625,Leave_One_experiments/all_year_offline_schedule_search/daily_outputs/LCA/LCA_2007_LCA2007_normal_grid_S0019_daily.csv
LCA,LCA,Luancheng,2007,Leave_One_experiments\wth_generated_qc\LCA\LCA2007.WTH,normal_year;nitrogen_stress_year;low_response_year,normal,LCA2007_normal_grid_S0019,pareto_balanced,2007-09-11,254,94,89,"{""sim_day"": 94.0, ""doy"": 254.0, ""topwt"": 14725.108642578123, ""grnwt"": 8106.01806640625, ""xlai"": 1.4112128019332886, ""totir"": 0.0, ""tofer"": NaN, ""swfac"": 0.0, ""nstres"": 0.0}",0.0,0.0,14725.108642578123,8106.01806640625,1.4112128019332886,0.0,,0.0,0.0,0.0,225.0,24.8101806640625,24.8101806640625,Leave_One_experiments/all_year_offline_schedule_search/daily_outputs/LCA/LCA_2007_LCA2007_normal_grid_S0019_daily.csv
LCA,LCA,Luancheng,2007,Leave_One_experiments\wth_generated_qc\LCA\LCA2007.WTH,normal_year;nitrogen_stress_year;low_response_year,normal,LCA2007_normal_grid_S0019,pareto_balanced,2007-09-12,255,95,90,"{""sim_day"": 95.0, ""doy"": 255.0, ""topwt"": 14725.108642578123, ""grnwt"": 8106.01806640625, ""xlai"": 1.4112128019332886, ""totir"": 0.0, ""tofer"": NaN, ""swfac"": 0.0, ""nstres"": 0.0}",0.0,0.0,14725.108642578123,8106.01806640625,1.4112128019332886,0.0,,0.0,0.0,0.0,225.0,24.8101806640625,24.8101806640625,Leave_One_experiments/all_year_offline_schedule_search/daily_outputs/LCA/LCA_2007_LCA2007_normal_grid_S0019_daily.csv
LCA,LCA,Luancheng,2007,Leave_One_experiments\wth_generated_qc\LCA\LCA2007.WTH,normal_year;nitrogen_stress_year;low_response_year,normal,LCA2007_normal_grid_S0019,pareto_balanced,2007-09-13,256,96,91,"{""sim_day"": 96.0, ""doy"": 256.0, ""topwt"": 14725.108642578123, ""grnwt"": 8106.01806640625, ""xlai"": 1.4112128019332886, ""totir"": 0.0, ""tofer"": NaN, ""swfac"": 0.0, ""nstres"": 0.0}",0.0,0.0,14725.108642578123,8106.01806640625,1.4112128019332886,0.0,,0.0,0.0,0.0,225.0,24.8101806640625,24.8101806640625,Leave_One_experiments/all_year_offline_schedule_search/daily_outputs/LCA/LCA_2007_LCA2007_normal_grid_S0019_daily.csv
LCA,LCA,Luancheng,2007,Leave_One_experiments\wth_generated_qc\LCA\LCA2007.WTH,normal_year;nitrogen_stress_year;low_response_year,normal,LCA2007_normal_grid_S0019,pareto_balanced,2007-09-14,257,97,92,"{""sim_day"": 97.0, ""doy"": 257.0, ""topwt"": 14725.108642578123, ""grnwt"": 8106.01806640625, ""xlai"": 1.4112128019332886, ""totir"": 0.0, ""tofer"": NaN, ""swfac"": 0.0, ""nstres"": 0.0}",0.0,0.0,14725.108642578123,8106.01806640625,1.4112128019332886,0.0,,0.0,0.0,0.0,225.0,24.8101806640625,24.8101806640625,Leave_One_experiments/all_year_offline_schedule_search/daily_outputs/LCA/LCA_2007_LCA2007_normal_grid_S0019_daily.csv
LCA,LCA,Luancheng,2007,Leave_One_experiments\wth_generated_qc\LCA\LCA2007.WTH,normal_year;nitrogen_stress_year;low_response_year,normal,LCA2007_normal_grid_S0019,pareto_balanced,2007-09-15,258,98,93,"{""sim_day"": 98.0, ""doy"": 258.0, ""topwt"": 14725.108642578123, ""grnwt"": 8106.01806640625, ""xlai"": 1.4112128019332886, ""totir"": 0.0, ""tofer"": NaN, ""swfac"": 0.0, ""nstres"": 0.0}",0.0,0.0,14725.108642578123,8106.01806640625,1.4112128019332886,0.0,,0.0,0.0,0.0,225.0,24.8101806640625,24.8101806640625,Leave_One_experiments/all_year_offline_schedule_search/daily_outputs/LCA/LCA_2007_LCA2007_normal_grid_S0019_daily.csv
LCA,LCA,Luancheng,2007,Leave_One_experiments\wth_generated_qc\LCA\LCA2007.WTH,normal_year;nitrogen_stress_year;low_response_year,normal,LCA2007_normal_grid_S0011,top_yield,2007-06-15,166,1,1,"{""sim_day"": 1.0, ""doy"": 166.0, ""topwt"": 0.0, ""grnwt"": 0.0, ""xlai"": 0.0, ""totir"": 0.0, ""tofer"": NaN, ""swfac"": 0.0, ""nstres"": 0.0}",0.0,0.0,0.0,0.0,0.0,0.0,,0.0,50.0,60.0,150.0,13.56500854492188,37.56500854492188,Leave_One_experiments/all_year_offline_schedule_search/daily_outputs/LCA/LCA_2007_LCA2007_normal_grid_S0011_daily.csv
LCA,LCA,Luancheng,2007,Leave_One_experiments\wth_generated_qc\LCA\LCA2007.WTH,normal_year;nitrogen_stress_year;low_response_year,normal,LCA2007_normal_grid_S0011,top_yield,2007-06-16,167,2,2,"{""sim_day"": 2.0, ""doy"": 167.0, ""topwt"": 0.0, ""grnwt"": 0.0, ""xlai"": 0.0, ""totir"": 0.0, ""tofer"": NaN, ""swfac"": 0.0, ""nstres"": 0.0}",0.0,0.0,0.0,0.0,0.0,0.0,,0.0,0.0,60.0,150.0,13.56500854492188,37.56500854492188,Leave_One_experiments/all_year_offline_schedule_search/daily_outputs/LCA/LCA_2007_LCA2007_normal_grid_S0011_daily.csv
LCA,LCA,Luancheng,2007,Leave_One_experiments\wth_generated_qc\LCA\LCA2007.WTH,normal_year;nitrogen_stress_year;low_response_year,normal,LCA2007_normal_grid_S0011,top_yield,2007-06-17,168,3,3,"{""sim_day"": 3.0, ""doy"": 168.0, ""topwt"": 0.0, ""grnwt"": 0.0, ""xlai"": 0.0, ""totir"": 0.0, ""tofer"": NaN, ""swfac"": 0.0, ""nstres"": 0.0}",0.0,0.0,0.0,0.0,0.0,0.0,,0.0,0.0,60.0,150.0,13.56500854492188,37.56500854492188,Leave_One_experiments/all_year_offline_schedule_search/daily_outputs/LCA/LCA_2007_LCA2007_normal_grid_S0011_daily.csv
LCA,LCA,Luancheng,2007,Leave_One_experiments\wth_generated_qc\LCA\LCA2007.WTH,normal_year;nitrogen_stress_year;low_response_year,normal,LCA2007_normal_grid_S0011,top_yield,2007-06-18,169,4,4,"{""sim_day"": 4.0, ""doy"": 169.0, ""topwt"": 0.0, ""grnwt"": 0.0, ""xlai"": 0.0, ""totir"": 0.0, ""tofer"": NaN, ""swfac"": 0.0, ""nstres"": 0.0}",0.0,0.0,0.0,0.0,0.0,0.0,,0.0,0.0,60.0,150.0,13.56500854492188,37.56500854492188,Leave_One_experiments/all_year_offline_schedule_search/daily_outputs/LCA/LCA_2007_LCA2007_normal_grid_S0011_daily.csv
LCA,LCA,Luancheng,2007,Leave_One_experiments\wth_generated_qc\LCA\LCA2007.WTH,normal_year;nitrogen_stress_year;low_response_year,normal,LCA2007_normal_grid_S0011,top_yield,2007-06-19,170,5,5,"{""sim_day"": 5.0, ""doy"": 170.0, ""topwt"": 0.0, ""grnwt"": 0.0, ""xlai"": 0.0, ""totir"": 0.0, ""tofer"": NaN, ""swfac"": 0.0, ""nstres"": 0.0}",0.0,0.0,0.0,0.0,0.0,0.0,,0.0,0.0,60.0,150.0,13.56500854492188,37.56500854492188,Leave_One_experiments/all_year_offline_schedule_search/daily_outputs/LCA/LCA_2007_LCA2007_normal_grid_S0011_daily.csv
LCA,LCA,Luancheng,2007,Leave_One_experiments\wth_generated_qc\LCA\LCA2007.WTH,normal_year;nitrogen_stress_year;low_response_year,normal,LCA2007_normal_grid_S0011,top_yield,2007-06-15,166,6,1,"{""sim_day"": 6.0, ""doy"": 166.0, ""topwt"": 0.0, ""grnwt"": 0.0, ""xlai"": 0.0, ""totir"": 0.0, ""tofer"": NaN, ""swfac"": 0.0, ""nstres"": 0.0}",0.0,0.0,0.0,0.0,0.0,0.0,,0.0,0.0,60.0,150.0,13.56500854492188,37.56500854492188,Leave_One_experiments/all_year_offline_schedule_search/daily_outputs/LCA/LCA_2007_LCA2007_normal_grid_S0011_daily.csv
LCA,LCA,Luancheng,2007,Leave_One_experiments\wth_generated_qc\LCA\LCA2007.WTH,normal_year;nitrogen_stress_year;low_response_year,normal,LCA2007_normal_grid_S0011,top_yield,2007-06-16,167,7,2,"{""sim_day"": 7.0, ""doy"": 167.0, ""topwt"": 0.0, ""grnwt"": 0.0, ""xlai"": 0.0, ""totir"": 0.0, ""tofer"": NaN, ""swfac"": 0.0, ""nstres"": 0.0}",0.0,0.0,0.0,0.0,0.0,0.0,,0.0,0.0,60.0,150.0,13.56500854492188,37.56500854492188,Leave_One_experiments/all_year_offline_schedule_search/daily_outputs/LCA/LCA_2007_LCA2007_normal_grid_S0011_daily.csv
LCA,LCA,Luancheng,2007,Leave_One_experiments\wth_generated_qc\LCA\LCA2007.WTH,normal_year;nitrogen_stress_year;low_response_year,normal,LCA2007_normal_grid_S0011,top_yield,2007-06-17,168,8,3,"{""sim_day"": 8.0, ""doy"": 168.0, ""topwt"": 0.0, ""grnwt"": 0.0, ""xlai"": 0.0, ""totir"": 0.0, ""tofer"": NaN, ""swfac"": 0.0, ""nstres"": 0.0}",0.0,0.0,0.0,0.0,0.0,0.0,,0.0,0.0,60.0,150.0,13.56500854492188,37.56500854492188,Leave_One_experiments/all_year_offline_schedule_search/daily_outputs/LCA/LCA_2007_LCA2007_normal_grid_S0011_daily.csv
LCA,LCA,Luancheng,2007,Leave_One_experiments\wth_generated_qc\LCA\LCA2007.WTH,normal_year;nitrogen_stress_year;low_response_year,normal,LCA2007_normal_grid_S0011,top_yield,2007-06-18,169,9,4,"{""sim_day"": 9.0, ""doy"": 169.0, ""topwt"": 0.0, ""grnwt"": 0.0, ""xlai"": 0.0, ""totir"": 0.0, ""tofer"": NaN, ""swfac"": 0.0, ""nstres"": 0.0}",0.0,0.0,0.0,0.0,0.0,0.0,,0.0,0.0,60.0,150.0,13.56500854492188,37.56500854492188,Leave_One_experiments/all_year_offline_schedule_search/daily_outputs/LCA/LCA_2007_LCA2007_normal_grid_S0011_daily.csv
LCA,LCA,Luancheng,2007,Leave_One_experiments\wth_generated_qc\LCA\LCA2007.WTH,normal_year;nitrogen_stress_year;low_response_year,normal,LCA2007_normal_grid_S0011,top_yield,2007-06-19,170,10,5,"{""sim_day"": 10.0, ""doy"": 170.0, ""topwt"": 0.0, ""grnwt"": 0.0, ""xlai"": 0.0, ""totir"": 0.0, ""tofer"": NaN, ""swfac"": 0.0, ""nstres"": 0.0}",0.0,0.0,0.0,0.0,0.0,0.0,,0.0,0.0,60.0,150.0,13.56500854492188,37.56500854492188,Leave_One_experiments/all_year_offline_schedule_search/daily_outputs/LCA/LCA_2007_LCA2007_normal_grid_S0011_daily.csv
LCA,LCA,Luancheng,2007,Leave_One_experiments\wth_generated_qc\LCA\LCA2007.WTH,normal_year;nitrogen_stress_year;low_response_year,normal,LCA2007_normal_grid_S0011,top_yield,2007-06-20,171,11,6,"{""sim_day"": 11.0, ""doy"": 171.0, ""topwt"": 23.600001335144043, ""grnwt"": 0.0, ""xlai"": 0.0040371329523622, ""totir"": 0.0, ""tofer"": NaN, ""swfac"": 0.0, ""nstres"": 0.0121910572052001}",0.0,0.0121910572052001,23.600001335144043,0.0,0.0040371329523622,0.0,,0.0,0.0,60.0,150.0,13.56500854492188,37.56500854492188,Leave_One_experiments/all_year_offline_schedule_search/daily_outputs/LCA/LCA_2007_LCA2007_normal_grid_S0011_daily.csv
LCA,LCA,Luancheng,2007,Leave_One_experiments\wth_generated_qc\LCA\LCA2007.WTH,normal_year;nitrogen_stress_year;low_response_year,normal,LCA2007_normal_grid_S0011,top_yield,2007-06-21,172,12,7,"{""sim_day"": 12.0, ""doy"": 172.0, ""topwt"": 23.600001335144043, ""grnwt"": 0.0, ""xlai"": 0.008417553268373, ""totir"": 0.0, ""tofer"": NaN, ""swfac"": 0.0, ""nstres"": 0.008258581161499}",0.0,0.008258581161499,23.600001335144043,0.0,0.008417553268373,0.0,,0.0,0.0,60.0,150.0,13.56500854492188,37.56500854492188,Leave_One_experiments/all_year_offline_schedule_search/daily_outputs/LCA/LCA_2007_LCA2007_normal_grid_S0011_daily.csv
LCA,LCA,Luancheng,2007,Leave_One_experiments\wth_generated_qc\LCA\LCA2007.WTH,normal_year;nitrogen_stress_year;low_response_year,normal,LCA2007_normal_grid_S0011,top_yield,2007-06-22,173,13,8,"{""sim_day"": 13.0, ""doy"": 173.0, ""topwt"": 23.600001335144043, ""grnwt"": 0.0, ""xlai"": 0.0136338761076331, ""totir"": 0.0, ""tofer"": NaN, ""swfac"": 0.0, ""nstres"": 0.0}",0.0,0.0,23.600001335144043,0.0,0.0136338761076331,0.0,,0.0,0.0,60.0,150.0,13.56500854492188,37.56500854492188,Leave_One_experiments/all_year_offline_schedule_search/daily_outputs/LCA/LCA_2007_LCA2007_normal_grid_S0011_daily.csv
LCA,LCA,Luancheng,2007,Leave_One_experiments\wth_generated_qc\LCA\LCA2007.WTH,normal_year;nitrogen_stress_year;low_response_year,normal,LCA2007_normal_grid_S0011,top_yield,2007-06-23,174,14,9,"{""sim_day"": 14.0, ""doy"": 174.0, ""topwt"": 23.600001335144043, ""grnwt"": 0.0, ""xlai"": 0.0355800874531269, ""totir"": 0.0, ""tofer"": NaN, ""swfac"": 0.0, ""nstres"": 0.0}",0.0,0.0,23.600001335144043,0.0,0.0355800874531269,0.0,,0.0,0.0,60.0,150.0,13.56500854492188,37.56500854492188,Leave_One_experiments/all_year_offline_schedule_search/daily_outputs/LCA/LCA_2007_LCA2007_normal_grid_S0011_daily.csv
LCA,LCA,Luancheng,2007,Leave_One_experiments\wth_generated_qc\LCA\LCA2007.WTH,normal_year;nitrogen_stress_year;low_response_year,normal,LCA2007_normal_grid_S0011,top_yield,2007-06-24,175,15,10,"{""sim_day"": 15.0, ""doy"": 175.0, ""topwt"": 33.65622043609619, ""grnwt"": 0.0, ""xlai"": 0.0663013383746147, ""totir"": 0.0, ""tofer"": NaN, ""swfac"": 0.0, ""nstres"": 0.0}",0.0,0.0,33.65622043609619,0.0,0.0663013383746147,0.0,,0.0,0.0,60.0,150.0,13.56500854492188,37.56500854492188,Leave_One_experiments/all_year_offline_schedule_search/daily_outputs/LCA/LCA_2007_LCA2007_normal_grid_S0011_daily.csv
LCA,LCA,Luancheng,2007,Leave_One_experiments\wth_generated_qc\LCA\LCA2007.WTH,normal_year;nitrogen_stress_year;low_response_year,normal,LCA2007_normal_grid_S0011,top_yield,2007-06-25,176,16,11,"{""sim_day"": 16.0, ""doy"": 176.0, ""topwt"": 50.81644535064697, ""grnwt"": 0.0, ""xlai"": 0.1052081361413002, ""totir"": 0.0, ""tofer"": NaN, ""swfac"": 0.0, ""nstres"": 0.0}",0.0,0.0,50.81644535064697,0.0,0.1052081361413002,0.0,,0.0,0.0,60.0,150.0,13.56500854492188,37.56500854492188,Leave_One_experiments/all_year_offline_schedule_search/daily_outputs/LCA/LCA_2007_LCA2007_normal_grid_S0011_daily.csv
LCA,LCA,Luancheng,2007,Leave_One_experiments\wth_generated_qc\LCA\LCA2007.WTH,normal_year;nitrogen_stress_year;low_response_year,normal,LCA2007_normal_grid_S0011,top_yield,2007-06-26,177,17,12,"{""sim_day"": 17.0, ""doy"": 177.0, ""topwt"": 69.11809921264648, ""grnwt"": 0.0, ""xlai"": 0.1428860872983932, ""totir"": 0.0, ""tofer"": NaN, ""swfac"": 0.0, ""nstres"": 0.0}",0.0,0.0,69.11809921264648,0.0,0.1428860872983932,0.0,,0.0,0.0,60.0,150.0,13.56500854492188,37.56500854492188,Leave_One_experiments/all_year_offline_schedule_search/daily_outputs/LCA/LCA_2007_LCA2007_normal_grid_S0011_daily.csv
LCA,LCA,Luancheng,2007,Leave_One_experiments\wth_generated_qc\LCA\LCA2007.WTH,normal_year;nitrogen_stress_year;low_response_year,normal,LCA2007_normal_grid_S0011,top_yield,2007-06-27,178,18,13,"{""sim_day"": 18.0, ""doy"": 178.0, ""topwt"": 92.80536651611328, ""grnwt"": 0.0, ""xlai"": 0.1881193369626999, ""totir"": 0.0, ""tofer"": NaN, ""swfac"": 0.0, ""nstres"": 0.0}",0.0,0.0,92.80536651611328,0.0,0.1881193369626999,0.0,,0.0,0.0,60.0,150.0,13.56500854492188,37.56500854492188,Leave_One_experiments/all_year_offline_schedule_search/daily_outputs/LCA/LCA_2007_LCA2007_normal_grid_S0011_daily.csv
LCA,LCA,Luancheng,2007,Leave_One_experiments\wth_generated_qc\LCA\LCA2007.WTH,normal_year;nitrogen_stress_year;low_response_year,normal,LCA2007_normal_grid_S0011,top_yield,2007-06-28,179,19,14,"{""sim_day"": 19.0, ""doy"": 179.0, ""topwt"": 103.2484245300293, ""grnwt"": 0.0, ""xlai"": 0.2211356610059738, ""totir"": 0.0, ""tofer"": NaN, ""swfac"": 0.0, ""nstres"": 0.0}",0.0,0.0,103.2484245300293,0.0,0.2211356610059738,0.0,,0.0,0.0,60.0,150.0,13.56500854492188,37.56500854492188,Leave_One_experiments/all_year_offline_schedule_search/daily_outputs/LCA/LCA_2007_LCA2007_normal_grid_S0011_daily.csv
LCA,LCA,Luancheng,2007,Leave_One_experiments\wth_generated_qc\LCA\LCA2007.WTH,normal_year;nitrogen_stress_year;low_response_year,normal,LCA2007_normal_grid_S0011,top_yield,2007-06-29,180,20,15,"{""sim_day"": 20.0, ""doy"": 180.0, ""topwt"": 111.02304458618164, ""grnwt"": 0.0, ""xlai"": 0.2357990890741348, ""totir"": 0.0, ""tofer"": NaN, ""swfac"": 0.0, ""nstres"": 0.0}",0.0,0.0,111.02304458618164,0.0,0.2357990890741348,0.0,,0.0,0.0,60.0,150.0,13.56500854492188,37.56500854492188,Leave_One_experiments/all_year_offline_schedule_search/daily_outputs/LCA/LCA_2007_LCA2007_normal_grid_S0011_daily.csv
LCA,LCA,Luancheng,2007,Leave_One_experiments\wth_generated_qc\LCA\LCA2007.WTH,normal_year;nitrogen_stress_year;low_response_year,normal,LCA2007_normal_grid_S0011,top_yield,2007-06-30,181,21,16,"{""sim_day"": 21.0, ""doy"": 181.0, ""topwt"": 151.50212287902832, ""grnwt"": 0.0, ""xlai"": 0.3094963133335113, ""totir"": 0.0, ""tofer"": NaN, ""swfac"": 0.0, ""nstres"": 0.0009607672691345}",0.0,0.0009607672691345,151.50212287902832,0.0,0.3094963133335113,0.0,,0.0,0.0,60.0,150.0,13.56500854492188,37.56500854492188,Leave_One_experiments/all_year_offline_schedule_search/daily_outputs/LCA/LCA_2007_LCA2007_normal_grid_S0011_daily.csv
LCA,LCA,Luancheng,2007,Leave_One_experiments\wth_generated_qc\LCA\LCA2007.WTH,normal_year;nitrogen_stress_year;low_response_year,normal,LCA2007_normal_grid_S0011,top_yield,2007-07-01,182,22,17,"{""sim_day"": 22.0, ""doy"": 182.0, ""topwt"": 198.58125686645508, ""grnwt"": 0.0, ""xlai"": 0.3897219002246856, ""totir"": 0.0, ""tofer"": NaN, ""swfac"": 0.0, ""nstres"": 0.0}",0.0,0.0,198.58125686645508,0.0,0.3897219002246856,0.0,,0.0,0.0,60.0,150.0,13.56500854492188,37.56500854492188,Leave_One_experiments/all_year_offline_schedule_search/daily_outputs/LCA/LCA_2007_LCA2007_normal_grid_S0011_daily.csv
LCA,LCA,Luancheng,2007,Leave_One_experiments\wth_generated_qc\LCA\LCA2007.WTH,normal_year;nitrogen_stress_year;low_response_year,normal,LCA2007_normal_grid_S0011,top_yield,2007-07-02,183,23,18,"{""sim_day"": 23.0, ""doy"": 183.0, ""topwt"": 228.4000396728516, ""grnwt"": 0.0, ""xlai"": 0.2815411984920501, ""totir"": 0.0, ""tofer"": NaN, ""swfac"": 0.0, ""nstres"": 0.0}",0.0,0.0,228.4000396728516,0.0,0.2815411984920501,0.0,,0.0,0.0,60.0,150.0,13.56500854492188,37.56500854492188,Leave_One_experiments/all_year_offline_schedule_search/daily_outputs/LCA/LCA_2007_LCA2007_normal_grid_S0011_daily.csv
LCA,LCA,Luancheng,2007,Leave_One_experiments\wth_generated_qc\LCA\LCA2007.WTH,normal_year;nitrogen_stress_year;low_response_year,normal,LCA2007_normal_grid_S0011,top_yield,2007-07-03,184,24,19,"{""sim_day"": 24.0, ""doy"": 184.0, ""topwt"": 267.2444725036621, ""grnwt"": 0.0, ""xlai"": 0.3449902534484863, ""totir"": 0.0, ""tofer"": NaN, ""swfac"": 0.0, ""nstres"": 0.0}",0.0,0.0,267.2444725036621,0.0,0.3449902534484863,0.0,,0.0,0.0,60.0,150.0,13.56500854492188,37.56500854492188,Leave_One_experiments/all_year_offline_schedule_search/daily_outputs/LCA/LCA_2007_LCA2007_normal_grid_S0011_daily.csv
LCA,LCA,Luancheng,2007,Leave_One_experiments\wth_generated_qc\LCA\LCA2007.WTH,normal_year;nitrogen_stress_year;low_response_year,normal,LCA2007_normal_grid_S0011,top_yield,2007-07-04,185,25,20,"{""sim_day"": 25.0, ""doy"": 185.0, ""topwt"": 328.4231185913086, ""grnwt"": 0.0, ""xlai"": 0.4411322176456451, ""totir"": 0.0, ""tofer"": NaN, ""swfac"": 0.0, ""nstres"": 0.0}",0.0,0.0,328.4231185913086,0.0,0.4411322176456451,0.0,,0.0,0.0,60.0,150.0,13.56500854492188,37.56500854492188,Leave_One_experiments/all_year_offline_schedule_search/daily_outputs/LCA/LCA_2007_LCA2007_normal_grid_S0011_daily.csv
LCA,LCA,Luancheng,2007,Leave_One_experiments\wth_generated_qc\LCA\LCA2007.WTH,normal_year;nitrogen_stress_year;low_response_year,normal,LCA2007_normal_grid_S0011,top_yield,2007-07-05,186,26,21,"{""sim_day"": 26.0, ""doy"": 186.0, ""topwt"": 425.8519744873047, ""grnwt"": 0.0, ""xlai"": 0.5807206630706787, ""totir"": 0.0, ""tofer"": NaN, ""swfac"": 0.0, ""nstres"": 0.0}",0.0,0.0,425.8519744873047,0.0,0.5807206630706787,0.0,,0.0,0.0,60.0,150.0,13.56500854492188,37.56500854492188,Leave_One_experiments/all_year_offline_schedule_search/daily_outputs/LCA/LCA_2007_LCA2007_normal_grid_S0011_daily.csv
LCA,LCA,Luancheng,2007,Leave_One_experiments\wth_generated_qc\LCA\LCA2007.WTH,normal_year;nitrogen_stress_year;low_response_year,normal,LCA2007_normal_grid_S0011,top_yield,2007-07-06,187,27,22,"{""sim_day"": 27.0, ""doy"": 187.0, ""topwt"": 539.3550109863281, ""grnwt"": 0.0, ""xlai"": 0.7367663979530334, ""totir"": 0.0, ""tofer"": NaN, ""swfac"": 0.0, ""nstres"": 0.0}",0.0,0.0,539.3550109863281,0.0,0.7367663979530334,0.0,,0.0,0.0,60.0,150.0,13.56500854492188,37.56500854492188,Leave_One_experiments/all_year_offline_schedule_search/daily_outputs/LCA/LCA_2007_LCA2007_normal_grid_S0011_daily.csv
LCA,LCA,Luancheng,2007,Leave_One_experiments\wth_generated_qc\LCA\LCA2007.WTH,normal_year;nitrogen_stress_year;low_response_year,normal,LCA2007_normal_grid_S0011,top_yield,2007-07-07,188,28,23,"{""sim_day"": 28.0, ""doy"": 188.0, ""topwt"": 663.0989837646484, ""grnwt"": 0.0, ""xlai"": 0.8949461579322815, ""totir"": 0.0, ""tofer"": NaN, ""swfac"": 0.0, ""nstres"": 0.0}",0.0,0.0,663.0989837646484,0.0,0.8949461579322815,0.0,,0.0,0.0,60.0,150.0,13.56500854492188,37.56500854492188,Leave_One_experiments/all_year_offline_schedule_search/daily_outputs/LCA/LCA_2007_LCA2007_normal_grid_S0011_daily.csv
LCA,LCA,Luancheng,2007,Leave_One_experiments\wth_generated_qc\LCA\LCA2007.WTH,normal_year;nitrogen_stress_year;low_response_year,normal,LCA2007_normal_grid_S0011,top_yield,2007-07-08,189,29,24,"{""sim_day"": 29.0, ""doy"": 189.0, ""topwt"": 831.9374084472656, ""grnwt"": 0.0, ""xlai"": 1.093755841255188, ""totir"": 0.0, ""tofer"": NaN, ""swfac"": 0.0, ""nstres"": 0.0}",0.0,0.0,831.9374084472656,0.0,1.093755841255188,0.0,,0.0,0.0,60.0,150.0,13.56500854492188,37.56500854492188,Leave_One_experiments/all_year_offline_schedule_search/daily_outputs/LCA/LCA_2007_LCA2007_normal_grid_S0011_daily.csv
LCA,LCA,Luancheng,2007,Leave_One_experiments\wth_generated_qc\LCA\LCA2007.WTH,normal_year;nitrogen_stress_year;low_response_year,normal,LCA2007_normal_grid_S0011,top_yield,2007-07-09,190,30,25,"{""sim_day"": 30.0, ""doy"": 190.0, ""topwt"": 1015.5554962158204, ""grnwt"": 0.0, ""xlai"": 1.2916463613510132, ""totir"": 0.0, ""tofer"": NaN, ""swfac"": 0.0, ""nstres"": 0.0}",0.0,0.0,1015.5554962158204,0.0,1.2916463613510132,0.0,,0.0,0.0,60.0,150.0,13.56500854492188,37.56500854492188,Leave_One_experiments/all_year_offline_schedule_search/daily_outputs/LCA/LCA_2007_LCA2007_normal_grid_S0011_daily.csv
LCA,LCA,Luancheng,2007,Leave_One_experiments\wth_generated_qc\LCA\LCA2007.WTH,normal_year;nitrogen_stress_year;low_response_year,normal,LCA2007_normal_grid_S0011,top_yield,2007-07-10,191,31,26,"{""sim_day"": 31.0, ""doy"": 191.0, ""topwt"": 1207.5365447998047, ""grnwt"": 0.0, ""xlai"": 1.4812440872192385, ""totir"": 0.0, ""tofer"": NaN, ""swfac"": 0.0, ""nstres"": 0.0}",0.0,0.0,1207.5365447998047,0.0,1.4812440872192385,0.0,,0.0,0.0,60.0,150.0,13.56500854492188,37.56500854492188,Leave_One_experiments/all_year_offline_schedule_search/daily_outputs/LCA/LCA_2007_LCA2007_normal_grid_S0011_daily.csv
LCA,LCA,Luancheng,2007,Leave_One_experiments\wth_generated_qc\LCA\LCA2007.WTH,normal_year;nitrogen_stress_year;low_response_year,normal,LCA2007_normal_grid_S0011,top_yield,2007-07-11,192,32,27,"{""sim_day"": 32.0, ""doy"": 192.0, ""topwt"": 1405.4489135742188, ""grnwt"": 0.0, ""xlai"": 1.660867691040039, ""totir"": 0.0, ""tofer"": NaN, ""swfac"": 0.0, ""nstres"": 0.0}",0.0,0.0,1405.4489135742188,0.0,1.660867691040039,0.0,,0.0,0.0,60.0,150.0,13.56500854492188,37.56500854492188,Leave_One_experiments/all_year_offline_schedule_search/daily_outputs/LCA/LCA_2007_LCA2007_normal_grid_S0011_daily.csv
LCA,LCA,Luancheng,2007,Leave_One_experiments\wth_generated_qc\LCA\LCA2007.WTH,normal_year;nitrogen_stress_year;low_response_year,normal,LCA2007_normal_grid_S0011,top_yield,2007-07-12,193,33,28,"{""sim_day"": 33.0, ""doy"": 193.0, ""topwt"": 1562.2560119628906, ""grnwt"": 0.0, ""xlai"": 1.7919349670410156, ""totir"": 0.0, ""tofer"": NaN, ""swfac"": 0.0, ""nstres"": 0.0}",0.0,0.0,1562.2560119628906,0.0,1.7919349670410156,0.0,,0.0,0.0,60.0,150.0,13.56500854492188,37.56500854492188,Leave_One_experiments/all_year_offline_schedule_search/daily_outputs/LCA/LCA_2007_LCA2007_normal_grid_S0011_daily.csv
LCA,LCA,Luancheng,2007,Leave_One_experiments\wth_generated_qc\LCA\LCA2007.WTH,normal_year;nitrogen_stress_year;low_response_year,normal,LCA2007_normal_grid_S0011,top_yield,2007-07-13,194,34,29,"{""sim_day"": 34.0, ""doy"": 194.0, ""topwt"": 1625.0804138183594, ""grnwt"": 0.0, ""xlai"": 1.840826749801636, ""totir"": 0.0, ""tofer"": NaN, ""swfac"": 0.0, ""nstres"": 0.0}",0.0,0.0,1625.0804138183594,0.0,1.840826749801636,0.0,,0.0,0.0,60.0,150.0,13.56500854492188,37.56500854492188,Leave_One_experiments/all_year_offline_schedule_search/daily_outputs/LCA/LCA_2007_LCA2007_normal_grid_S0011_daily.csv
LCA,LCA,Luancheng,2007,Leave_One_experiments\wth_generated_qc\LCA\LCA2007.WTH,normal_year;nitrogen_stress_year;low_response_year,normal,LCA2007_normal_grid_S0011,top_yield,2007-07-14,195,35,30,"{""sim_day"": 35.0, ""doy"": 195.0, ""topwt"": 1749.9647521972656, ""grnwt"": 0.0, ""xlai"": 1.9318426847457888, ""totir"": 0.0, ""tofer"": NaN, ""swfac"": 0.0, ""nstres"": 0.0}",0.0,0.0,1749.9647521972656,0.0,1.9318426847457888,0.0,,0.0,50.0,60.0,150.0,13.56500854492188,37.56500854492188,Leave_One_experiments/all_year_offline_schedule_search/daily_outputs/LCA/LCA_2007_LCA2007_normal_grid_S0011_daily.csv
LCA,LCA,Luancheng,2007,Leave_One_experiments\wth_generated_qc\LCA\LCA2007.WTH,normal_year;nitrogen_stress_year;low_response_year,normal,LCA2007_normal_grid_S0011,top_yield,2007-07-15,196,36,31,"{""sim_day"": 36.0, ""doy"": 196.0, ""topwt"": 2010.48828125, ""grnwt"": 0.0, ""xlai"": 2.106971740722656, ""totir"": 0.0, ""tofer"": NaN, ""swfac"": 0.0, ""nstres"": 0.0}",0.0,0.0,2010.48828125,0.0,2.106971740722656,0.0,,0.0,0.0,60.0,150.0,13.56500854492188,37.56500854492188,Leave_One_experiments/all_year_offline_schedule_search/daily_outputs/LCA/LCA_2007_LCA2007_normal_grid_S0011_daily.csv
LCA,LCA,Luancheng,2007,Leave_One_experiments\wth_generated_qc\LCA\LCA2007.WTH,normal_year;nitrogen_stress_year;low_response_year,normal,LCA2007_normal_grid_S0011,top_yield,2007-07-16,197,37,32,"{""sim_day"": 37.0, ""doy"": 197.0, ""topwt"": 2264.8719787597656, ""grnwt"": 0.0, ""xlai"": 2.262795209884644, ""totir"": 0.0, ""tofer"": NaN, ""swfac"": 0.0, ""nstres"": 0.0}",0.0,0.0,2264.8719787597656,0.0,2.262795209884644,0.0,,0.0,0.0,60.0,150.0,13.56500854492188,37.56500854492188,Leave_One_experiments/all_year_offline_schedule_search/daily_outputs/LCA/LCA_2007_LCA2007_normal_grid_S0011_daily.csv
LCA,LCA,Luancheng,2007,Leave_One_experiments\wth_generated_qc\LCA\LCA2007.WTH,normal_year;nitrogen_stress_year;low_response_year,normal,LCA2007_normal_grid_S0011,top_yield,2007-07-17,198,38,33,"{""sim_day"": 38.0, ""doy"": 198.0, ""topwt"": 2320.948028564453, ""grnwt"": 0.0, ""xlai"": 2.2940144538879395, ""totir"": 0.0, ""tofer"": NaN, ""swfac"": 0.0, ""nstres"": 0.0}",0.0,0.0,2320.948028564453,0.0,2.2940144538879395,0.0,,0.0,0.0,60.0,150.0,13.56500854492188,37.56500854492188,Leave_One_experiments/all_year_offline_schedule_search/daily_outputs/LCA/LCA_2007_LCA2007_normal_grid_S0011_daily.csv
LCA,LCA,Luancheng,2007,Leave_One_experiments\wth_generated_qc\LCA\LCA2007.WTH,normal_year;nitrogen_stress_year;low_response_year,normal,LCA2007_normal_grid_S0011,top_yield,2007-07-18,199,39,34,"{""sim_day"": 39.0, ""doy"": 199.0, ""topwt"": 2592.235412597656, ""grnwt"": 0.0, ""xlai"": 2.4346728324890137, ""totir"": 0.0, ""tofer"": NaN, ""swfac"": 0.0, ""nstres"": 0.0}",0.0,0.0,2592.235412597656,0.0,2.4346728324890137,0.0,,0.0,0.0,60.0,150.0,13.56500854492188,37.56500854492188,Leave_One_experiments/all_year_offline_schedule_search/daily_outputs/LCA/LCA_2007_LCA2007_normal_grid_S0011_daily.csv
LCA,LCA,Luancheng,2007,Leave_One_experiments\wth_generated_qc\LCA\LCA2007.WTH,normal_year;nitrogen_stress_year;low_response_year,normal,LCA2007_normal_grid_S0011,top_yield,2007-07-19,200,40,35,"{""sim_day"": 40.0, ""doy"": 200.0, ""topwt"": 2734.7711181640625, ""grnwt"": 0.0, ""xlai"": 2.5024805068969727, ""totir"": 30.0, ""tofer"": NaN, ""swfac"": 0.0, ""nstres"": 0.0}",0.0,0.0,2734.7711181640625,0.0,2.5024805068969727,30.0,,30.0,0.0,60.0,150.0,13.56500854492188,37.56500854492188,Leave_One_experiments/all_year_offline_schedule_search/daily_outputs/LCA/LCA_2007_LCA2007_normal_grid_S0011_daily.csv
LCA,LCA,Luancheng,2007,Leave_One_experiments\wth_generated_qc\LCA\LCA2007.WTH,normal_year;nitrogen_stress_year;low_response_year,normal,LCA2007_normal_grid_S0011,top_yield,2007-07-20,201,41,36,"{""sim_day"": 41.0, ""doy"": 201.0, ""topwt"": 3037.48046875, ""grnwt"": 0.0, ""xlai"": 2.7029917240142822, ""totir"": 30.0, ""tofer"": NaN, ""swfac"": 0.0, ""nstres"": 0.0}",0.0,0.0,3037.48046875,0.0,2.7029917240142822,30.0,,0.0,0.0,60.0,150.0,13.56500854492188,37.56500854492188,Leave_One_experiments/all_year_offline_schedule_search/daily_outputs/LCA/LCA_2007_LCA2007_normal_grid_S0011_daily.csv
LCA,LCA,Luancheng,2007,Leave_One_experiments\wth_generated_qc\LCA\LCA2007.WTH,normal_year;nitrogen_stress_year;low_response_year,normal,LCA2007_normal_grid_S0011,top_yield,2007-07-21,202,42,37,"{""sim_day"": 42.0, ""doy"": 202.0, ""topwt"": 3325.6466674804688, ""grnwt"": 0.0, ""xlai"": 2.830297946929932, ""totir"": 30.0, ""tofer"": NaN, ""swfac"": 0.0, ""nstres"": 0.0}",0.0,0.0,3325.6466674804688,0.0,2.830297946929932,30.0,,0.0,0.0,60.0,150.0,13.56500854492188,37.56500854492188,Leave_One_experiments/all_year_offline_schedule_search/daily_outputs/LCA/LCA_2007_LCA2007_normal_grid_S0011_daily.csv
LCA,LCA,Luancheng,2007,Leave_One_experiments\wth_generated_qc\LCA\LCA2007.WTH,normal_year;nitrogen_stress_year;low_response_year,normal,LCA2007_normal_grid_S0011,top_yield,2007-07-22,203,43,38,"{""sim_day"": 43.0, ""doy"": 203.0, ""topwt"": 3455.923156738281, ""grnwt"": 0.0, ""xlai"": 2.878151655197144, ""totir"": 30.0, ""tofer"": NaN, ""swfac"": 0.0, ""nstres"": 0.0}",0.0,0.0,3455.923156738281,0.0,2.878151655197144,30.0,,0.0,0.0,60.0,150.0,13.56500854492188,37.56500854492188,Leave_One_experiments/all_year_offline_schedule_search/daily_outputs/LCA/LCA_2007_LCA2007_normal_grid_S0011_daily.csv
LCA,LCA,Luancheng,2007,Leave_One_experiments\wth_generated_qc\LCA\LCA2007.WTH,normal_year;nitrogen_stress_year;low_response_year,normal,LCA2007_normal_grid_S0011,top_yield,2007-07-23,204,44,39,"{""sim_day"": 44.0, ""doy"": 204.0, ""topwt"": 3545.2767944335938, ""grnwt"": 0.0, ""xlai"": 2.907585620880127, ""totir"": 30.0, ""tofer"": NaN, ""swfac"": 0.0, ""nstres"": 0.0}",0.0,0.0,3545.2767944335938,0.0,2.907585620880127,30.0,,0.0,0.0,60.0,150.0,13.56500854492188,37.56500854492188,Leave_One_experiments/all_year_offline_schedule_search/daily_outputs/LCA/LCA_2007_LCA2007_normal_grid_S0011_daily.csv
LCA,LCA,Luancheng,2007,Leave_One_experiments\wth_generated_qc\LCA\LCA2007.WTH,normal_year;nitrogen_stress_year;low_response_year,normal,LCA2007_normal_grid_S0011,top_yield,2007-07-24,205,45,40,"{""sim_day"": 45.0, ""doy"": 205.0, ""topwt"": 3840.233459472656, ""grnwt"": 0.0, ""xlai"": 2.9960732460021973, ""totir"": 30.0, ""tofer"": NaN, ""swfac"": 0.0, ""nstres"": 0.0}",0.0,0.0,3840.233459472656,0.0,2.9960732460021973,30.0,,0.0,0.0,60.0,150.0,13.56500854492188,37.56500854492188,Leave_One_experiments/all_year_offline_schedule_search/daily_outputs/LCA/LCA_2007_LCA2007_normal_grid_S0011_daily.csv
LCA,LCA,Luancheng,2007,Leave_One_experiments\wth_generated_qc\LCA\LCA2007.WTH,normal_year;nitrogen_stress_year;low_response_year,normal,LCA2007_normal_grid_S0011,top_yield,2007-07-25,206,46,41,"{""sim_day"": 46.0, ""doy"": 206.0, ""topwt"": 4137.8350830078125, ""grnwt"": 0.0, ""xlai"": 3.07838773727417, ""totir"": 30.0, ""tofer"": NaN, ""swfac"": 0.0, ""nstres"": 0.0}",0.0,0.0,4137.8350830078125,0.0,3.07838773727417,30.0,,0.0,0.0,60.0,150.0,13.56500854492188,37.56500854492188,Leave_One_experiments/all_year_offline_schedule_search/daily_outputs/LCA/LCA_2007_LCA2007_normal_grid_S0011_daily.csv
LCA,LCA,Luancheng,2007,Leave_One_experiments\wth_generated_qc\LCA\LCA2007.WTH,normal_year;nitrogen_stress_year;low_response_year,normal,LCA2007_normal_grid_S0011,top_yield,2007-07-26,207,47,42,"{""sim_day"": 47.0, ""doy"": 207.0, ""topwt"": 4437.752685546875, ""grnwt"": 0.0, ""xlai"": 3.1558661460876465, ""totir"": 30.0, ""tofer"": NaN, ""swfac"": 0.0, ""nstres"": 0.0}",0.0,0.0,4437.752685546875,0.0,3.1558661460876465,30.0,,0.0,0.0,60.0,150.0,13.56500854492188,37.56500854492188,Leave_One_experiments/all_year_offline_schedule_search/daily_outputs/LCA/LCA_2007_LCA2007_normal_grid_S0011_daily.csv
LCA,LCA,Luancheng,2007,Leave_One_experiments\wth_generated_qc\LCA\LCA2007.WTH,normal_year;nitrogen_stress_year;low_response_year,normal,LCA2007_normal_grid_S0011,top_yield,2007-07-27,208,48,43,"{""sim_day"": 48.0, ""doy"": 208.0, ""topwt"": 4659.398193359375, ""grnwt"": 0.0, ""xlai"": 3.209785461425781, ""totir"": 30.0, ""tofer"": NaN, ""swfac"": 0.0, ""nstres"": 0.0}",0.0,0.0,4659.398193359375,0.0,3.209785461425781,30.0,,0.0,0.0,60.0,150.0,13.56500854492188,37.56500854492188,Leave_One_experiments/all_year_offline_schedule_search/daily_outputs/LCA/LCA_2007_LCA2007_normal_grid_S0011_daily.csv
LCA,LCA,Luancheng,2007,Leave_One_experiments\wth_generated_qc\LCA\LCA2007.WTH,normal_year;nitrogen_stress_year;low_response_year,normal,LCA2007_normal_grid_S0011,top_yield,2007-07-28,209,49,44,"{""sim_day"": 49.0, ""doy"": 209.0, ""topwt"": 4833.970031738281, ""grnwt"": 0.0, ""xlai"": 3.2521369457244877, ""totir"": 30.0, ""tofer"": NaN, ""swfac"": 0.0, ""nstres"": 0.0}",0.0,0.0,4833.970031738281,0.0,3.2521369457244877,30.0,,0.0,0.0,60.0,150.0,13.56500854492188,37.56500854492188,Leave_One_experiments/all_year_offline_schedule_search/daily_outputs/LCA/LCA_2007_LCA2007_normal_grid_S0011_daily.csv
LCA,LCA,Luancheng,2007,Leave_One_experiments\wth_generated_qc\LCA\LCA2007.WTH,normal_year;nitrogen_stress_year;low_response_year,normal,LCA2007_normal_grid_S0011,top_yield,2007-07-29,210,50,45,"{""sim_day"": 50.0, ""doy"": 210.0, ""topwt"": 4952.281494140625, ""grnwt"": 0.0, ""xlai"": 3.280693769454956, ""totir"": 30.0, ""tofer"": NaN, ""swfac"": 0.0, ""nstres"": 0.0}",0.0,0.0,4952.281494140625,0.0,3.280693769454956,30.0,,0.0,0.0,60.0,150.0,13.56500854492188,37.56500854492188,Leave_One_experiments/all_year_offline_schedule_search/daily_outputs/LCA/LCA_2007_LCA2007_normal_grid_S0011_daily.csv
LCA,LCA,Luancheng,2007,Leave_One_experiments\wth_generated_qc\LCA\LCA2007.WTH,normal_year;nitrogen_stress_year;low_response_year,normal,LCA2007_normal_grid_S0011,top_yield,2007-07-30,211,51,46,"{""sim_day"": 51.0, ""doy"": 211.0, ""topwt"": 5267.711791992188, ""grnwt"": 0.0, ""xlai"": 3.3573596477508545, ""totir"": 30.0, ""tofer"": NaN, ""swfac"": 0.0, ""nstres"": 0.0}",0.0,0.0,5267.711791992188,0.0,3.3573596477508545,30.0,,0.0,0.0,60.0,150.0,13.56500854492188,37.56500854492188,Leave_One_experiments/all_year_offline_schedule_search/daily_outputs/LCA/LCA_2007_LCA2007_normal_grid_S0011_daily.csv
LCA,LCA,Luancheng,2007,Leave_One_experiments\wth_generated_qc\LCA\LCA2007.WTH,normal_year;nitrogen_stress_year;low_response_year,normal,LCA2007_normal_grid_S0011,top_yield,2007-07-31,212,52,47,"{""sim_day"": 52.0, ""doy"": 212.0, ""topwt"": 5522.2454833984375, ""grnwt"": 0.0, ""xlai"": 3.3472416400909424, ""totir"": 30.0, ""tofer"": NaN, ""swfac"": 0.0, ""nstres"": 0.0}",0.0,0.0,5522.2454833984375,0.0,3.3472416400909424,30.0,,0.0,0.0,60.0,150.0,13.56500854492188,37.56500854492188,Leave_One_experiments/all_year_offline_schedule_search/daily_outputs/LCA/LCA_2007_LCA2007_normal_grid_S0011_daily.csv
LCA,LCA,Luancheng,2007,Leave_One_experiments\wth_generated_qc\LCA\LCA2007.WTH,normal_year;nitrogen_stress_year;low_response_year,normal,LCA2007_normal_grid_S0011,top_yield,2007-08-01,213,53,48,"{""sim_day"": 53.0, ""doy"": 213.0, ""topwt"": 5795.2520751953125, ""grnwt"": 0.0, ""xlai"": 3.33160138130188, ""totir"": 30.0, ""tofer"": NaN, ""swfac"": 0.0, ""nstres"": 0.0}",0.0,0.0,5795.2520751953125,0.0,3.33160138130188,30.0,,0.0,0.0,60.0,150.0,13.56500854492188,37.56500854492188,Leave_One_experiments/all_year_offline_schedule_search/daily_outputs/LCA/LCA_2007_LCA2007_normal_grid_S0011_daily.csv
LCA,LCA,Luancheng,2007,Leave_One_experiments\wth_generated_qc\LCA\LCA2007.WTH,normal_year;nitrogen_stress_year;low_response_year,normal,LCA2007_normal_grid_S0011,top_yield,2007-08-02,214,54,49,"{""sim_day"": 54.0, ""doy"": 214.0, ""topwt"": 6155.858154296875, ""grnwt"": 0.0, ""xlai"": 3.3170628547668457, ""totir"": 30.0, ""tofer"": NaN, ""swfac"": 0.0, ""nstres"": 0.0}",0.0,0.0,6155.858154296875,0.0,3.3170628547668457,30.0,,0.0,0.0,60.0,150.0,13.56500854492188,37.56500854492188,Leave_One_experiments/all_year_offline_schedule_search/daily_outputs/LCA/LCA_2007_LCA2007_normal_grid_S0011_daily.csv
LCA,LCA,Luancheng,2007,Leave_One_experiments\wth_generated_qc\LCA\LCA2007.WTH,normal_year;nitrogen_stress_year;low_response_year,normal,LCA2007_normal_grid_S0011,top_yield,2007-08-03,215,55,50,"{""sim_day"": 55.0, ""doy"": 215.0, ""topwt"": 6380.784912109375, ""grnwt"": 0.0, ""xlai"": 3.3021717071533203, ""totir"": 30.0, ""tofer"": NaN, ""swfac"": 0.0, ""nstres"": 0.0}",0.0,0.0,6380.784912109375,0.0,3.3021717071533203,30.0,,0.0,0.0,60.0,150.0,13.56500854492188,37.56500854492188,Leave_One_experiments/all_year_offline_schedule_search/daily_outputs/LCA/LCA_2007_LCA2007_normal_grid_S0011_daily.csv
LCA,LCA,Luancheng,2007,Leave_One_experiments\wth_generated_qc\LCA\LCA2007.WTH,normal_year;nitrogen_stress_year;low_response_year,normal,LCA2007_normal_grid_S0011,top_yield,2007-08-04,216,56,51,"{""sim_day"": 56.0, ""doy"": 216.0, ""topwt"": 6616.681518554688, ""grnwt"": 0.0, ""xlai"": 3.2849013805389404, ""totir"": 30.0, ""tofer"": NaN, ""swfac"": 0.0, ""nstres"": 0.0}",0.0,0.0,6616.681518554688,0.0,3.2849013805389404,30.0,,0.0,0.0,60.0,150.0,13.56500854492188,37.56500854492188,Leave_One_experiments/all_year_offline_schedule_search/daily_outputs/LCA/LCA_2007_LCA2007_normal_grid_S0011_daily.csv
LCA,LCA,Luancheng,2007,Leave_One_experiments\wth_generated_qc\LCA\LCA2007.WTH,normal_year;nitrogen_stress_year;low_response_year,normal,LCA2007_normal_grid_S0011,top_yield,2007-08-05,217,57,52,"{""sim_day"": 57.0, ""doy"": 217.0, ""topwt"": 6865.377807617188, ""grnwt"": 0.0, ""xlai"": 3.2685561180114746, ""totir"": 30.0, ""tofer"": NaN, ""swfac"": 0.0, ""nstres"": 0.0}",0.0,0.0,6865.377807617188,0.0,3.2685561180114746,30.0,,0.0,0.0,60.0,150.0,13.56500854492188,37.56500854492188,Leave_One_experiments/all_year_offline_schedule_search/daily_outputs/LCA/LCA_2007_LCA2007_normal_grid_S0011_daily.csv
LCA,LCA,Luancheng,2007,Leave_One_experiments\wth_generated_qc\LCA\LCA2007.WTH,normal_year;nitrogen_stress_year;low_response_year,normal,LCA2007_normal_grid_S0011,top_yield,2007-08-06,218,58,53,"{""sim_day"": 58.0, ""doy"": 218.0, ""topwt"": 7040.4425048828125, ""grnwt"": 0.0, ""xlai"": 3.252255439758301, ""totir"": 30.0, ""tofer"": NaN, ""swfac"": 0.0, ""nstres"": 0.0}",0.0,0.0,7040.4425048828125,0.0,3.252255439758301,30.0,,0.0,0.0,60.0,150.0,13.56500854492188,37.56500854492188,Leave_One_experiments/all_year_offline_schedule_search/daily_outputs/LCA/LCA_2007_LCA2007_normal_grid_S0011_daily.csv
LCA,LCA,Luancheng,2007,Leave_One_experiments\wth_generated_qc\LCA\LCA2007.WTH,normal_year;nitrogen_stress_year;low_response_year,normal,LCA2007_normal_grid_S0011,top_yield,2007-08-07,219,59,54,"{""sim_day"": 59.0, ""doy"": 219.0, ""topwt"": 7263.348999023437, ""grnwt"": 0.0, ""xlai"": 3.234544515609741, ""totir"": 30.0, ""tofer"": NaN, ""swfac"": 0.0, ""nstres"": 0.0}",0.0,0.0,7263.348999023437,0.0,3.234544515609741,30.0,,0.0,0.0,60.0,150.0,13.56500854492188,37.56500854492188,Leave_One_experiments/all_year_offline_schedule_search/daily_outputs/LCA/LCA_2007_LCA2007_normal_grid_S0011_daily.csv
LCA,LCA,Luancheng,2007,Leave_One_experiments\wth_generated_qc\LCA\LCA2007.WTH,normal_year;nitrogen_stress_year;low_response_year,normal,LCA2007_normal_grid_S0011,top_yield,2007-08-08,220,60,55,"{""sim_day"": 60.0, ""doy"": 220.0, ""topwt"": 7517.369384765625, ""grnwt"": 0.0, ""xlai"": 3.215373039245605, ""totir"": 30.0, ""tofer"": NaN, ""swfac"": 0.0, ""nstres"": 0.0}",0.0,0.0,7517.369384765625,0.0,3.215373039245605,30.0,,0.0,0.0,60.0,150.0,13.56500854492188,37.56500854492188,Leave_One_experiments/all_year_offline_schedule_search/daily_outputs/LCA/LCA_2007_LCA2007_normal_grid_S0011_daily.csv
LCA,LCA,Luancheng,2007,Leave_One_experiments\wth_generated_qc\LCA\LCA2007.WTH,normal_year;nitrogen_stress_year;low_response_year,normal,LCA2007_normal_grid_S0011,top_yield,2007-08-09,221,61,56,"{""sim_day"": 61.0, ""doy"": 221.0, ""topwt"": 7586.1273193359375, ""grnwt"": 0.0, ""xlai"": 3.199556827545166, ""totir"": 30.0, ""tofer"": NaN, ""swfac"": 0.0, ""nstres"": 0.0}",0.0,0.0,7586.1273193359375,0.0,3.199556827545166,30.0,,0.0,0.0,60.0,150.0,13.56500854492188,37.56500854492188,Leave_One_experiments/all_year_offline_schedule_search/daily_outputs/LCA/LCA_2007_LCA2007_normal_grid_S0011_daily.csv
LCA,LCA,Luancheng,2007,Leave_One_experiments\wth_generated_qc\LCA\LCA2007.WTH,normal_year;nitrogen_stress_year;low_response_year,normal,LCA2007_normal_grid_S0011,top_yield,2007-08-10,222,62,57,"{""sim_day"": 62.0, ""doy"": 222.0, ""topwt"": 7871.7034912109375, ""grnwt"": 285.5757141113281, ""xlai"": 3.1363799571990967, ""totir"": 30.0, ""tofer"": NaN, ""swfac"": 0.0, ""nstres"": 0.0}",0.0,0.0,7871.7034912109375,285.5757141113281,3.1363799571990967,30.0,,0.0,0.0,60.0,150.0,13.56500854492188,37.56500854492188,Leave_One_experiments/all_year_offline_schedule_search/daily_outputs/LCA/LCA_2007_LCA2007_normal_grid_S0011_daily.csv
LCA,LCA,Luancheng,2007,Leave_One_experiments\wth_generated_qc\LCA\LCA2007.WTH,normal_year;nitrogen_stress_year;low_response_year,normal,LCA2007_normal_grid_S0011,top_yield,2007-08-11,223,63,58,"{""sim_day"": 63.0, ""doy"": 223.0, ""topwt"": 8157.2796630859375, ""grnwt"": 571.1514282226562, ""xlai"": 3.124912977218628, ""totir"": 30.0, ""tofer"": NaN, ""swfac"": 0.0, ""nstres"": 0.0}",0.0,0.0,8157.2796630859375,571.1514282226562,3.124912977218628,30.0,,0.0,0.0,60.0,150.0,13.56500854492188,37.56500854492188,Leave_One_experiments/all_year_offline_schedule_search/daily_outputs/LCA/LCA_2007_LCA2007_normal_grid_S0011_daily.csv
LCA,LCA,Luancheng,2007,Leave_One_experiments\wth_generated_qc\LCA\LCA2007.WTH,normal_year;nitrogen_stress_year;low_response_year,normal,LCA2007_normal_grid_S0011,top_yield,2007-08-12,224,64,59,"{""sim_day"": 64.0, ""doy"": 224.0, ""topwt"": 8442.855224609375, ""grnwt"": 856.7271423339844, ""xlai"": 3.111344814300537, ""totir"": 30.0, ""tofer"": NaN, ""swfac"": 0.0, ""nstres"": 0.0}",0.0,0.0,8442.855224609375,856.7271423339844,3.111344814300537,30.0,,0.0,0.0,60.0,150.0,13.56500854492188,37.56500854492188,Leave_One_experiments/all_year_offline_schedule_search/daily_outputs/LCA/LCA_2007_LCA2007_normal_grid_S0011_daily.csv
LCA,LCA,Luancheng,2007,Leave_One_experiments\wth_generated_qc\LCA\LCA2007.WTH,normal_year;nitrogen_stress_year;low_response_year,normal,LCA2007_normal_grid_S0011,top_yield,2007-08-13,225,65,60,"{""sim_day"": 65.0, ""doy"": 225.0, ""topwt"": 8708.797607421875, ""grnwt"": 1122.6696014404297, ""xlai"": 3.0938613414764404, ""totir"": 30.0, ""tofer"": NaN, ""swfac"": 0.0, ""nstres"": 0.0}",0.0,0.0,8708.797607421875,1122.6696014404297,3.0938613414764404,30.0,,0.0,50.0,60.0,150.0,13.56500854492188,37.56500854492188,Leave_One_experiments/all_year_offline_schedule_search/daily_outputs/LCA/LCA_2007_LCA2007_normal_grid_S0011_daily.csv
LCA,LCA,Luancheng,2007,Leave_One_experiments\wth_generated_qc\LCA\LCA2007.WTH,normal_year;nitrogen_stress_year;low_response_year,normal,LCA2007_normal_grid_S0011,top_yield,2007-08-14,226,66,61,"{""sim_day"": 66.0, ""doy"": 226.0, ""topwt"": 8994.373779296875, ""grnwt"": 1408.2453918457031, ""xlai"": 3.078918695449829, ""totir"": 30.0, ""tofer"": NaN, ""swfac"": 0.0, ""nstres"": 0.0}",0.0,0.0,8994.373779296875,1408.2453918457031,3.078918695449829,30.0,,0.0,0.0,60.0,150.0,13.56500854492188,37.56500854492188,Leave_One_experiments/all_year_offline_schedule_search/daily_outputs/LCA/LCA_2007_LCA2007_normal_grid_S0011_daily.csv
LCA,LCA,Luancheng,2007,Leave_One_experiments\wth_generated_qc\LCA\LCA2007.WTH,normal_year;nitrogen_stress_year;low_response_year,normal,LCA2007_normal_grid_S0011,top_yield,2007-08-15,227,67,62,"{""sim_day"": 67.0, ""doy"": 227.0, ""topwt"": 9160.364379882812, ""grnwt"": 1574.2361450195312, ""xlai"": 3.052342414855957, ""totir"": 30.0, ""tofer"": NaN, ""swfac"": 0.0, ""nstres"": 0.0}",0.0,0.0,9160.364379882812,1574.2361450195312,3.052342414855957,30.0,,0.0,0.0,60.0,150.0,13.56500854492188,37.56500854492188,Leave_One_experiments/all_year_offline_schedule_search/daily_outputs/LCA/LCA_2007_LCA2007_normal_grid_S0011_daily.csv
LCA,LCA,Luancheng,2007,Leave_One_experiments\wth_generated_qc\LCA\LCA2007.WTH,normal_year;nitrogen_stress_year;low_response_year,normal,LCA2007_normal_grid_S0011,top_yield,2007-08-16,228,68,63,"{""sim_day"": 68.0, ""doy"": 228.0, ""topwt"": 9426.306762695312, ""grnwt"": 1840.1785278320312, ""xlai"": 3.0253148078918457, ""totir"": 30.0, ""tofer"": NaN, ""swfac"": 0.0, ""nstres"": 0.0}",0.0,0.0,9426.306762695312,1840.1785278320312,3.0253148078918457,30.0,,0.0,0.0,60.0,150.0,13.56500854492188,37.56500854492188,Leave_One_experiments/all_year_offline_schedule_search/daily_outputs/LCA/LCA_2007_LCA2007_normal_grid_S0011_daily.csv
LCA,LCA,Luancheng,2007,Leave_One_experiments\wth_generated_qc\LCA\LCA2007.WTH,normal_year;nitrogen_stress_year;low_response_year,normal,LCA2007_normal_grid_S0011,top_yield,2007-08-17,229,69,64,"{""sim_day"": 69.0, ""doy"": 229.0, ""topwt"": 9711.882934570312, ""grnwt"": 2125.7542419433594, ""xlai"": 2.997169017791748, ""totir"": 30.0, ""tofer"": NaN, ""swfac"": 0.0, ""nstres"": 0.0}",0.0,0.0,9711.882934570312,2125.7542419433594,2.997169017791748,30.0,,0.0,0.0,60.0,150.0,13.56500854492188,37.56500854492188,Leave_One_experiments/all_year_offline_schedule_search/daily_outputs/LCA/LCA_2007_LCA2007_normal_grid_S0011_daily.csv
LCA,LCA,Luancheng,2007,Leave_One_experiments\wth_generated_qc\LCA\LCA2007.WTH,normal_year;nitrogen_stress_year;low_response_year,normal,LCA2007_normal_grid_S0011,top_yield,2007-08-18,230,70,65,"{""sim_day"": 70.0, ""doy"": 230.0, ""topwt"": 9997.457885742188, ""grnwt"": 2411.3299560546875, ""xlai"": 2.964894771575928, ""totir"": 60.0, ""tofer"": NaN, ""swfac"": 0.0, ""nstres"": 0.0}",0.0,0.0,9997.457885742188,2411.3299560546875,2.964894771575928,60.0,,30.0,0.0,60.0,150.0,13.56500854492188,37.56500854492188,Leave_One_experiments/all_year_offline_schedule_search/daily_outputs/LCA/LCA_2007_LCA2007_normal_grid_S0011_daily.csv
LCA,LCA,Luancheng,2007,Leave_One_experiments\wth_generated_qc\LCA\LCA2007.WTH,normal_year;nitrogen_stress_year;low_response_year,normal,LCA2007_normal_grid_S0011,top_yield,2007-08-19,231,71,66,"{""sim_day"": 71.0, ""doy"": 231.0, ""topwt"": 10283.033447265623, ""grnwt"": 2696.9058227539062, ""xlai"": 2.9349279403686523, ""totir"": 60.0, ""tofer"": NaN, ""swfac"": 0.0, ""nstres"": 0.0}",0.0,0.0,10283.033447265623,2696.9058227539062,2.9349279403686523,60.0,,0.0,0.0,60.0,150.0,13.56500854492188,37.56500854492188,Leave_One_experiments/all_year_offline_schedule_search/daily_outputs/LCA/LCA_2007_LCA2007_normal_grid_S0011_daily.csv
LCA,LCA,Luancheng,2007,Leave_One_experiments\wth_generated_qc\LCA\LCA2007.WTH,normal_year;nitrogen_stress_year;low_response_year,normal,LCA2007_normal_grid_S0011,top_yield,2007-08-20,232,72,67,"{""sim_day"": 72.0, ""doy"": 232.0, ""topwt"": 10568.609619140623, ""grnwt"": 2982.481384277344, ""xlai"": 2.8976314067840576, ""totir"": 60.0, ""tofer"": NaN, ""swfac"": 0.0, ""nstres"": 0.0}",0.0,0.0,10568.609619140623,2982.481384277344,2.8976314067840576,60.0,,0.0,0.0,60.0,150.0,13.56500854492188,37.56500854492188,Leave_One_experiments/all_year_offline_schedule_search/daily_outputs/LCA/LCA_2007_LCA2007_normal_grid_S0011_daily.csv
LCA,LCA,Luancheng,2007,Leave_One_experiments\wth_generated_qc\LCA\LCA2007.WTH,normal_year;nitrogen_stress_year;low_response_year,normal,LCA2007_normal_grid_S0011,top_yield,2007-08-21,233,73,68,"{""sim_day"": 73.0, ""doy"": 233.0, ""topwt"": 10854.185791015623, ""grnwt"": 3268.0572509765625, ""xlai"": 2.856616258621216, ""totir"": 60.0, ""tofer"": NaN, ""swfac"": 0.0, ""nstres"": 0.0}",0.0,0.0,10854.185791015623,3268.0572509765625,2.856616258621216,60.0,,0.0,0.0,60.0,150.0,13.56500854492188,37.56500854492188,Leave_One_experiments/all_year_offline_schedule_search/daily_outputs/LCA/LCA_2007_LCA2007_normal_grid_S0011_daily.csv
LCA,LCA,Luancheng,2007,Leave_One_experiments\wth_generated_qc\LCA\LCA2007.WTH,normal_year;nitrogen_stress_year;low_response_year,normal,LCA2007_normal_grid_S0011,top_yield,2007-08-22,234,74,69,"{""sim_day"": 74.0, ""doy"": 234.0, ""topwt"": 11139.7607421875, ""grnwt"": 3553.633117675781, ""xlai"": 2.8084702491760254, ""totir"": 60.0, ""tofer"": NaN, ""swfac"": 0.0, ""nstres"": 0.0}",0.0,0.0,11139.7607421875,3553.633117675781,2.8084702491760254,60.0,,0.0,0.0,60.0,150.0,13.56500854492188,37.56500854492188,Leave_One_experiments/all_year_offline_schedule_search/daily_outputs/LCA/LCA_2007_LCA2007_normal_grid_S0011_daily.csv
LCA,LCA,Luancheng,2007,Leave_One_experiments\wth_generated_qc\LCA\LCA2007.WTH,normal_year;nitrogen_stress_year;low_response_year,normal,LCA2007_normal_grid_S0011,top_yield,2007-08-23,235,75,70,"{""sim_day"": 75.0, ""doy"": 235.0, ""topwt"": 11419.981689453123, ""grnwt"": 3833.8540649414062, ""xlai"": 2.754483461380005, ""totir"": 60.0, ""tofer"": NaN, ""swfac"": 0.0, ""nstres"": 0.0}",0.0,0.0,11419.981689453123,3833.8540649414062,2.754483461380005,60.0,,0.0,0.0,60.0,150.0,13.56500854492188,37.56500854492188,Leave_One_experiments/all_year_offline_schedule_search/daily_outputs/LCA/LCA_2007_LCA2007_normal_grid_S0011_daily.csv
LCA,LCA,Luancheng,2007,Leave_One_experiments\wth_generated_qc\LCA\LCA2007.WTH,normal_year;nitrogen_stress_year;low_response_year,normal,LCA2007_normal_grid_S0011,top_yield,2007-08-24,236,76,71,"{""sim_day"": 76.0, ""doy"": 236.0, ""topwt"": 11531.2158203125, ""grnwt"": 4119.429626464844, ""xlai"": 2.702322244644165, ""totir"": 60.0, ""tofer"": NaN, ""swfac"": 0.0, ""nstres"": 0.0}",0.0,0.0,11531.2158203125,4119.429626464844,2.702322244644165,60.0,,0.0,0.0,60.0,150.0,13.56500854492188,37.56500854492188,Leave_One_experiments/all_year_offline_schedule_search/daily_outputs/LCA/LCA_2007_LCA2007_normal_grid_S0011_daily.csv
LCA,LCA,Luancheng,2007,Leave_One_experiments\wth_generated_qc\LCA\LCA2007.WTH,normal_year;nitrogen_stress_year;low_response_year,normal,LCA2007_normal_grid_S0011,top_yield,2007-08-25,237,77,72,"{""sim_day"": 77.0, ""doy"": 237.0, ""topwt"": 11551.1474609375, ""grnwt"": 4405.005187988281, ""xlai"": 2.6574947834014893, ""totir"": 60.0, ""tofer"": NaN, ""swfac"": 0.0, ""nstres"": 0.0}",0.0,0.0,11551.1474609375,4405.005187988281,2.6574947834014893,60.0,,0.0,0.0,60.0,150.0,13.56500854492188,37.56500854492188,Leave_One_experiments/all_year_offline_schedule_search/daily_outputs/LCA/LCA_2007_LCA2007_normal_grid_S0011_daily.csv
LCA,LCA,Luancheng,2007,Leave_One_experiments\wth_generated_qc\LCA\LCA2007.WTH,normal_year;nitrogen_stress_year;low_response_year,normal,LCA2007_normal_grid_S0011,top_yield,2007-08-26,238,78,73,"{""sim_day"": 78.0, ""doy"": 238.0, ""topwt"": 11691.68701171875, ""grnwt"": 4690.580749511719, ""xlai"": 2.606278657913208, ""totir"": 60.0, ""tofer"": NaN, ""swfac"": 0.0, ""nstres"": 0.0}",0.0,0.0,11691.68701171875,4690.580749511719,2.606278657913208,60.0,,0.0,0.0,60.0,150.0,13.56500854492188,37.56500854492188,Leave_One_experiments/all_year_offline_schedule_search/daily_outputs/LCA/LCA_2007_LCA2007_normal_grid_S0011_daily.csv
LCA,LCA,Luancheng,2007,Leave_One_experiments\wth_generated_qc\LCA\LCA2007.WTH,normal_year;nitrogen_stress_year;low_response_year,normal,LCA2007_normal_grid_S0011,top_yield,2007-08-27,239,79,74,"{""sim_day"": 79.0, ""doy"": 239.0, ""topwt"": 11902.872314453123, ""grnwt"": 4976.156311035156, ""xlai"": 2.544795036315918, ""totir"": 60.0, ""tofer"": NaN, ""swfac"": 0.0, ""nstres"": 0.0}",0.0,0.0,11902.872314453123,4976.156311035156,2.544795036315918,60.0,,0.0,0.0,60.0,150.0,13.56500854492188,37.56500854492188,Leave_One_experiments/all_year_offline_schedule_search/daily_outputs/LCA/LCA_2007_LCA2007_normal_grid_S0011_daily.csv
LCA,LCA,Luancheng,2007,Leave_One_experiments\wth_generated_qc\LCA\LCA2007.WTH,normal_year;nitrogen_stress_year;low_response_year,normal,LCA2007_normal_grid_S0011,top_yield,2007-08-28,240,80,75,"{""sim_day"": 80.0, ""doy"": 240.0, ""topwt"": 11979.033203125, ""grnwt"": 5261.7315673828125, ""xlai"": 2.496328592300415, ""totir"": 60.0, ""tofer"": NaN, ""swfac"": 0.0, ""nstres"": 0.0}",0.0,0.0,11979.033203125,5261.7315673828125,2.496328592300415,60.0,,0.0,0.0,60.0,150.0,13.56500854492188,37.56500854492188,Leave_One_experiments/all_year_offline_schedule_search/daily_outputs/LCA/LCA_2007_LCA2007_normal_grid_S0011_daily.csv
LCA,LCA,Luancheng,2007,Leave_One_experiments\wth_generated_qc\LCA\LCA2007.WTH,normal_year;nitrogen_stress_year;low_response_year,normal,LCA2007_normal_grid_S0011,top_yield,2007-08-29,241,81,76,"{""sim_day"": 81.0, ""doy"": 241.0, ""topwt"": 12042.274169921877, ""grnwt"": 5390.3741455078125, ""xlai"": 2.438971757888794, ""totir"": 60.0, ""tofer"": NaN, ""swfac"": 0.0, ""nstres"": 0.0}",0.0,0.0,12042.274169921877,5390.3741455078125,2.438971757888794,60.0,,0.0,0.0,60.0,150.0,13.56500854492188,37.56500854492188,Leave_One_experiments/all_year_offline_schedule_search/daily_outputs/LCA/LCA_2007_LCA2007_normal_grid_S0011_daily.csv
LCA,LCA,Luancheng,2007,Leave_One_experiments\wth_generated_qc\LCA\LCA2007.WTH,normal_year;nitrogen_stress_year;low_response_year,normal,LCA2007_normal_grid_S0011,top_yield,2007-08-30,242,82,77,"{""sim_day"": 82.0, ""doy"": 242.0, ""topwt"": 12306.07666015625, ""grnwt"": 5654.176635742188, ""xlai"": 2.3672566413879395, ""totir"": 60.0, ""tofer"": NaN, ""swfac"": 0.0, ""nstres"": 0.0}",0.0,0.0,12306.07666015625,5654.176635742188,2.3672566413879395,60.0,,0.0,0.0,60.0,150.0,13.56500854492188,37.56500854492188,Leave_One_experiments/all_year_offline_schedule_search/daily_outputs/LCA/LCA_2007_LCA2007_normal_grid_S0011_daily.csv
LCA,LCA,Luancheng,2007,Leave_One_experiments\wth_generated_qc\LCA\LCA2007.WTH,normal_year;nitrogen_stress_year;low_response_year,normal,LCA2007_normal_grid_S0011,top_yield,2007-08-31,243,83,78,"{""sim_day"": 83.0, ""doy"": 243.0, ""topwt"": 12599.991455078123, ""grnwt"": 5939.752197265625, ""xlai"": 2.2951509952545166, ""totir"": 60.0, ""tofer"": NaN, ""swfac"": 0.0, ""nstres"": 0.0}",0.0,0.0,12599.991455078123,5939.752197265625,2.2951509952545166,60.0,,0.0,0.0,60.0,150.0,13.56500854492188,37.56500854492188,Leave_One_experiments/all_year_offline_schedule_search/daily_outputs/LCA/LCA_2007_LCA2007_normal_grid_S0011_daily.csv
LCA,LCA,Luancheng,2007,Leave_One_experiments\wth_generated_qc\LCA\LCA2007.WTH,normal_year;nitrogen_stress_year;low_response_year,normal,LCA2007_normal_grid_S0011,top_yield,2007-09-01,244,84,79,"{""sim_day"": 84.0, ""doy"": 244.0, ""topwt"": 12791.270751953123, ""grnwt"": 6139.3695068359375, ""xlai"": 2.214227199554444, ""totir"": 60.0, ""tofer"": NaN, ""swfac"": 0.0, ""nstres"": 0.0}",0.0,0.0,12791.270751953123,6139.3695068359375,2.214227199554444,60.0,,0.0,0.0,60.0,150.0,13.56500854492188,37.56500854492188,Leave_One_experiments/all_year_offline_schedule_search/daily_outputs/LCA/LCA_2007_LCA2007_normal_grid_S0011_daily.csv
LCA,LCA,Luancheng,2007,Leave_One_experiments\wth_generated_qc\LCA\LCA2007.WTH,normal_year;nitrogen_stress_year;low_response_year,normal,LCA2007_normal_grid_S0011,top_yield,2007-09-02,245,85,80,"{""sim_day"": 85.0, ""doy"": 245.0, ""topwt"": 12803.038330078123, ""grnwt"": 6151.138305664063, ""xlai"": 2.1490917205810547, ""totir"": 60.0, ""tofer"": NaN, ""swfac"": 0.0, ""nstres"": 0.0}",0.0,0.0,12803.038330078123,6151.138305664063,2.1490917205810547,60.0,,0.0,0.0,60.0,150.0,13.56500854492188,37.56500854492188,Leave_One_experiments/all_year_offline_schedule_search/daily_outputs/LCA/LCA_2007_LCA2007_normal_grid_S0011_daily.csv
LCA,LCA,Luancheng,2007,Leave_One_experiments\wth_generated_qc\LCA\LCA2007.WTH,normal_year;nitrogen_stress_year;low_response_year,normal,LCA2007_normal_grid_S0011,top_yield,2007-09-03,246,86,81,"{""sim_day"": 86.0, ""doy"": 246.0, ""topwt"": 13037.120361328123, ""grnwt"": 6385.220336914063, ""xlai"": 2.0799429416656494, ""totir"": 60.0, ""tofer"": NaN, ""swfac"": 0.0, ""nstres"": 0.0}",0.0,0.0,13037.120361328123,6385.220336914063,2.0799429416656494,60.0,,0.0,0.0,60.0,150.0,13.56500854492188,37.56500854492188,Leave_One_experiments/all_year_offline_schedule_search/daily_outputs/LCA/LCA_2007_LCA2007_normal_grid_S0011_daily.csv
LCA,LCA,Luancheng,2007,Leave_One_experiments\wth_generated_qc\LCA\LCA2007.WTH,normal_year;nitrogen_stress_year;low_response_year,normal,LCA2007_normal_grid_S0011,top_yield,2007-09-04,247,87,82,"{""sim_day"": 87.0, ""doy"": 247.0, ""topwt"": 13267.89306640625, ""grnwt"": 6615.99365234375, ""xlai"": 2.007745742797852, ""totir"": 60.0, ""tofer"": NaN, ""swfac"": 0.0, ""nstres"": 0.0}",0.0,0.0,13267.89306640625,6615.99365234375,2.007745742797852,60.0,,0.0,0.0,60.0,150.0,13.56500854492188,37.56500854492188,Leave_One_experiments/all_year_offline_schedule_search/daily_outputs/LCA/LCA_2007_LCA2007_normal_grid_S0011_daily.csv
LCA,LCA,Luancheng,2007,Leave_One_experiments\wth_generated_qc\LCA\LCA2007.WTH,normal_year;nitrogen_stress_year;low_response_year,normal,LCA2007_normal_grid_S0011,top_yield,2007-09-05,248,88,83,"{""sim_day"": 88.0, ""doy"": 248.0, ""topwt"": 13495.035400390623, ""grnwt"": 6843.135986328125, ""xlai"": 1.9324355125427248, ""totir"": 60.0, ""tofer"": NaN, ""swfac"": 0.0, ""nstres"": 0.0}",0.0,0.0,13495.035400390623,6843.135986328125,1.9324355125427248,60.0,,0.0,0.0,60.0,150.0,13.56500854492188,37.56500854492188,Leave_One_experiments/all_year_offline_schedule_search/daily_outputs/LCA/LCA_2007_LCA2007_normal_grid_S0011_daily.csv
LCA,LCA,Luancheng,2007,Leave_One_experiments\wth_generated_qc\LCA\LCA2007.WTH,normal_year;nitrogen_stress_year;low_response_year,normal,LCA2007_normal_grid_S0011,top_yield,2007-09-06,249,89,84,"{""sim_day"": 89.0, ""doy"": 249.0, ""topwt"": 13718.189697265623, ""grnwt"": 7066.2896728515625, ""xlai"": 1.8539458513259888, ""totir"": 60.0, ""tofer"": NaN, ""swfac"": 0.0, ""nstres"": 0.0}",0.0,0.0,13718.189697265623,7066.2896728515625,1.8539458513259888,60.0,,0.0,0.0,60.0,150.0,13.56500854492188,37.56500854492188,Leave_One_experiments/all_year_offline_schedule_search/daily_outputs/LCA/LCA_2007_LCA2007_normal_grid_S0011_daily.csv
LCA,LCA,Luancheng,2007,Leave_One_experiments\wth_generated_qc\LCA\LCA2007.WTH,normal_year;nitrogen_stress_year;low_response_year,normal,LCA2007_normal_grid_S0011,top_yield,2007-09-07,250,90,85,"{""sim_day"": 90.0, ""doy"": 250.0, ""topwt"": 13936.956787109377, ""grnwt"": 7285.056762695312, ""xlai"": 1.772210717201233, ""totir"": 60.0, ""tofer"": NaN, ""swfac"": 0.0, ""nstres"": 0.0}",0.0,0.0,13936.956787109377,7285.056762695312,1.772210717201233,60.0,,0.0,0.0,60.0,150.0,13.56500854492188,37.56500854492188,Leave_One_experiments/all_year_offline_schedule_search/daily_outputs/LCA/LCA_2007_LCA2007_normal_grid_S0011_daily.csv
LCA,LCA,Luancheng,2007,Leave_One_experiments\wth_generated_qc\LCA\LCA2007.WTH,normal_year;nitrogen_stress_year;low_response_year,normal,LCA2007_normal_grid_S0011,top_yield,2007-09-08,251,91,86,"{""sim_day"": 91.0, ""doy"": 251.0, ""topwt"": 14150.89111328125, ""grnwt"": 7498.99169921875, ""xlai"": 1.6871650218963623, ""totir"": 60.0, ""tofer"": NaN, ""swfac"": 0.0, ""nstres"": 0.0}",0.0,0.0,14150.89111328125,7498.99169921875,1.6871650218963623,60.0,,0.0,0.0,60.0,150.0,13.56500854492188,37.56500854492188,Leave_One_experiments/all_year_offline_schedule_search/daily_outputs/LCA/LCA_2007_LCA2007_normal_grid_S0011_daily.csv
LCA,LCA,Luancheng,2007,Leave_One_experiments\wth_generated_qc\LCA\LCA2007.WTH,normal_year;nitrogen_stress_year;low_response_year,normal,LCA2007_normal_grid_S0011,top_yield,2007-09-09,252,92,87,"{""sim_day"": 92.0, ""doy"": 252.0, ""topwt"": 14359.49462890625, ""grnwt"": 7707.59521484375, ""xlai"": 1.5987427234649658, ""totir"": 60.0, ""tofer"": NaN, ""swfac"": 0.0, ""nstres"": 0.0}",0.0,0.0,14359.49462890625,7707.59521484375,1.5987427234649658,60.0,,0.0,0.0,60.0,150.0,13.56500854492188,37.56500854492188,Leave_One_experiments/all_year_offline_schedule_search/daily_outputs/LCA/LCA_2007_LCA2007_normal_grid_S0011_daily.csv
LCA,LCA,Luancheng,2007,Leave_One_experiments\wth_generated_qc\LCA\LCA2007.WTH,normal_year;nitrogen_stress_year;low_response_year,normal,LCA2007_normal_grid_S0011,top_yield,2007-09-10,253,93,88,"{""sim_day"": 93.0, ""doy"": 253.0, ""topwt"": 14562.20703125, ""grnwt"": 7910.3076171875, ""xlai"": 1.5068780183792114, ""totir"": 60.0, ""tofer"": NaN, ""swfac"": 0.0, ""nstres"": 0.0}",0.0,0.0,14562.20703125,7910.3076171875,1.5068780183792114,60.0,,0.0,0.0,60.0,150.0,13.56500854492188,37.56500854492188,Leave_One_experiments/all_year_offline_schedule_search/daily_outputs/LCA/LCA_2007_LCA2007_normal_grid_S0011_daily.csv
LCA,LCA,Luancheng,2007,Leave_One_experiments\wth_generated_qc\LCA\LCA2007.WTH,normal_year;nitrogen_stress_year;low_response_year,normal,LCA2007_normal_grid_S0011,top_yield,2007-09-11,254,94,89,"{""sim_day"": 94.0, ""doy"": 254.0, ""topwt"": 14758.399658203123, ""grnwt"": 8106.5008544921875, ""xlai"": 1.4115054607391355, ""totir"": 60.0, ""tofer"": NaN, ""swfac"": 0.0, ""nstres"": 0.0}",0.0,0.0,14758.399658203123,8106.5008544921875,1.4115054607391355,60.0,,0.0,0.0,60.0,150.0,13.56500854492188,37.56500854492188,Leave_One_experiments/all_year_offline_schedule_search/daily_outputs/LCA/LCA_2007_LCA2007_normal_grid_S0011_daily.csv
LCA,LCA,Luancheng,2007,Leave_One_experiments\wth_generated_qc\LCA\LCA2007.WTH,normal_year;nitrogen_stress_year;low_response_year,normal,LCA2007_normal_grid_S0011,top_yield,2007-09-12,255,95,90,"{""sim_day"": 95.0, ""doy"": 255.0, ""topwt"": 14758.399658203123, ""grnwt"": 8106.5008544921875, ""xlai"": 1.4115054607391355, ""totir"": 60.0, ""tofer"": NaN, ""swfac"": 0.0, ""nstres"": 0.0}",0.0,0.0,14758.399658203123,8106.5008544921875,1.4115054607391355,60.0,,0.0,0.0,60.0,150.0,13.56500854492188,37.56500854492188,Leave_One_experiments/all_year_offline_schedule_search/daily_outputs/LCA/LCA_2007_LCA2007_normal_grid_S0011_daily.csv
LCA,LCA,Luancheng,2007,Leave_One_experiments\wth_generated_qc\LCA\LCA2007.WTH,normal_year;nitrogen_stress_year;low_response_year,normal,LCA2007_normal_grid_S0011,top_yield,2007-09-13,256,96,91,"{""sim_day"": 96.0, ""doy"": 256.0, ""topwt"": 14758.399658203123, ""grnwt"": 8106.5008544921875, ""xlai"": 1.4115054607391355, ""totir"": 60.0, ""tofer"": NaN, ""swfac"": 0.0, ""nstres"": 0.0}",0.0,0.0,14758.399658203123,8106.5008544921875,1.4115054607391355,60.0,,0.0,0.0,60.0,150.0,13.56500854492188,37.56500854492188,Leave_One_experiments/all_year_offline_schedule_search/daily_outputs/LCA/LCA_2007_LCA2007_normal_grid_S0011_daily.csv
LCA,LCA,Luancheng,2007,Leave_One_experiments\wth_generated_qc\LCA\LCA2007.WTH,normal_year;nitrogen_stress_year;low_response_year,normal,LCA2007_normal_grid_S0011,top_yield,2007-09-14,257,97,92,"{""sim_day"": 97.0, ""doy"": 257.0, ""topwt"": 14758.399658203123, ""grnwt"": 8106.5008544921875, ""xlai"": 1.4115054607391355, ""totir"": 60.0, ""tofer"": NaN, ""swfac"": 0.0, ""nstres"": 0.0}",0.0,0.0,14758.399658203123,8106.5008544921875,1.4115054607391355,60.0,,0.0,0.0,60.0,150.0,13.56500854492188,37.56500854492188,Leave_One_experiments/all_year_offline_schedule_search/daily_outputs/LCA/LCA_2007_LCA2007_normal_grid_S0011_daily.csv
LCA,LCA,Luancheng,2007,Leave_One_experiments\wth_generated_qc\LCA\LCA2007.WTH,normal_year;nitrogen_stress_year;low_response_year,normal,LCA2007_normal_grid_S0011,top_yield,2007-09-15,258,98,93,"{""sim_day"": 98.0, ""doy"": 258.0, ""topwt"": 14758.399658203123, ""grnwt"": 8106.5008544921875, ""xlai"": 1.4115054607391355, ""totir"": 60.0, ""tofer"": NaN, ""swfac"": 0.0, ""nstres"": 0.0}",0.0,0.0,14758.399658203123,8106.5008544921875,1.4115054607391355,60.0,,0.0,0.0,60.0,150.0,13.56500854492188,37.56500854492188,Leave_One_experiments/all_year_offline_schedule_search/daily_outputs/LCA/LCA_2007_LCA2007_normal_grid_S0011_daily.csv
LCA,LCA,Luancheng,2008,Leave_One_experiments\wth_generated_qc\LCA\LCA2008.WTH,wet_year;nitrogen_stress_year;low_response_year,wet,LCA2008_normal_grid_S0015,irrigation_positive_candidate,2008-06-14,166,1,1,"{""sim_day"": 1.0, ""doy"": 166.0, ""topwt"": 0.0, ""grnwt"": 0.0, ""xlai"": 0.0, ""totir"": 0.0, ""tofer"": NaN, ""swfac"": 0.0, ""nstres"": 0.0}",0.0,0.0,0.0,0.0,0.0,0.0,,0.0,50.0,30.0,150.0,48.94432373046875,60.94432373046875,Leave_One_experiments/all_year_offline_schedule_search/daily_outputs/LCA/LCA_2008_LCA2008_normal_grid_S0015_daily.csv
LCA,LCA,Luancheng,2008,Leave_One_experiments\wth_generated_qc\LCA\LCA2008.WTH,wet_year;nitrogen_stress_year;low_response_year,wet,LCA2008_normal_grid_S0015,irrigation_positive_candidate,2008-06-15,167,2,2,"{""sim_day"": 2.0, ""doy"": 167.0, ""topwt"": 0.0, ""grnwt"": 0.0, ""xlai"": 0.0, ""totir"": 0.0, ""tofer"": NaN, ""swfac"": 0.0, ""nstres"": 0.0}",0.0,0.0,0.0,0.0,0.0,0.0,,0.0,0.0,30.0,150.0,48.94432373046875,60.94432373046875,Leave_One_experiments/all_year_offline_schedule_search/daily_outputs/LCA/LCA_2008_LCA2008_normal_grid_S0015_daily.csv
LCA,LCA,Luancheng,2008,Leave_One_experiments\wth_generated_qc\LCA\LCA2008.WTH,wet_year;nitrogen_stress_year;low_response_year,wet,LCA2008_normal_grid_S0015,irrigation_positive_candidate,2008-06-16,168,3,3,"{""sim_day"": 3.0, ""doy"": 168.0, ""topwt"": 0.0, ""grnwt"": 0.0, ""xlai"": 0.0, ""totir"": 0.0, ""tofer"": NaN, ""swfac"": 0.0, ""nstres"": 0.0}",0.0,0.0,0.0,0.0,0.0,0.0,,0.0,0.0,30.0,150.0,48.94432373046875,60.94432373046875,Leave_One_experiments/all_year_offline_schedule_search/daily_outputs/LCA/LCA_2008_LCA2008_normal_grid_S0015_daily.csv
LCA,LCA,Luancheng,2008,Leave_One_experiments\wth_generated_qc\LCA\LCA2008.WTH,wet_year;nitrogen_stress_year;low_response_year,wet,LCA2008_normal_grid_S0015,irrigation_positive_candidate,2008-06-17,169,4,4,"{""sim_day"": 4.0, ""doy"": 169.0, ""topwt"": 0.0, ""grnwt"": 0.0, ""xlai"": 0.0, ""totir"": 0.0, ""tofer"": NaN, ""swfac"": 0.0, ""nstres"": 0.0}",0.0,0.0,0.0,0.0,0.0,0.0,,0.0,0.0,30.0,150.0,48.94432373046875,60.94432373046875,Leave_One_experiments/all_year_offline_schedule_search/daily_outputs/LCA/LCA_2008_LCA2008_normal_grid_S0015_daily.csv
LCA,LCA,Luancheng,2008,Leave_One_experiments\wth_generated_qc\LCA\LCA2008.WTH,wet_year;nitrogen_stress_year;low_response_year,wet,LCA2008_normal_grid_S0015,irrigation_positive_candidate,2008-06-18,170,5,5,"{""sim_day"": 5.0, ""doy"": 170.0, ""topwt"": 0.0, ""grnwt"": 0.0, ""xlai"": 0.0, ""totir"": 0.0, ""tofer"": NaN, ""swfac"": 0.0, ""nstres"": 0.0}",0.0,0.0,0.0,0.0,0.0,0.0,,0.0,0.0,30.0,150.0,48.94432373046875,60.94432373046875,Leave_One_experiments/all_year_offline_schedule_search/daily_outputs/LCA/LCA_2008_LCA2008_normal_grid_S0015_daily.csv
LCA,LCA,Luancheng,2008,Leave_One_experiments\wth_generated_qc\LCA\LCA2008.WTH,wet_year;nitrogen_stress_year;low_response_year,wet,LCA2008_normal_grid_S0015,irrigation_positive_candidate,2008-06-14,166,6,1,"{""sim_day"": 6.0, ""doy"": 166.0, ""topwt"": 0.0, ""grnwt"": 0.0, ""xlai"": 0.0, ""totir"": 0.0, ""tofer"": NaN, ""swfac"": 0.0, ""nstres"": 0.0}",0.0,0.0,0.0,0.0,0.0,0.0,,0.0,0.0,30.0,150.0,48.94432373046875,60.94432373046875,Leave_One_experiments/all_year_offline_schedule_search/daily_outputs/LCA/LCA_2008_LCA2008_normal_grid_S0015_daily.csv
LCA,LCA,Luancheng,2008,Leave_One_experiments\wth_generated_qc\LCA\LCA2008.WTH,wet_year;nitrogen_stress_year;low_response_year,wet,LCA2008_normal_grid_S0015,irrigation_positive_candidate,2008-06-15,167,7,2,"{""sim_day"": 7.0, ""doy"": 167.0, ""topwt"": 0.0, ""grnwt"": 0.0, ""xlai"": 0.0, ""totir"": 0.0, ""tofer"": NaN, ""swfac"": 0.0, ""nstres"": 0.0}",0.0,0.0,0.0,0.0,0.0,0.0,,0.0,0.0,30.0,150.0,48.94432373046875,60.94432373046875,Leave_One_experiments/all_year_offline_schedule_search/daily_outputs/LCA/LCA_2008_LCA2008_normal_grid_S0015_daily.csv
LCA,LCA,Luancheng,2008,Leave_One_experiments\wth_generated_qc\LCA\LCA2008.WTH,wet_year;nitrogen_stress_year;low_response_year,wet,LCA2008_normal_grid_S0015,irrigation_positive_candidate,2008-06-16,168,8,3,"{""sim_day"": 8.0, ""doy"": 168.0, ""topwt"": 0.0, ""grnwt"": 0.0, ""xlai"": 0.0, ""totir"": 0.0, ""tofer"": NaN, ""swfac"": 0.0, ""nstres"": 0.0}",0.0,0.0,0.0,0.0,0.0,0.0,,0.0,0.0,30.0,150.0,48.94432373046875,60.94432373046875,Leave_One_experiments/all_year_offline_schedule_search/daily_outputs/LCA/LCA_2008_LCA2008_normal_grid_S0015_daily.csv
LCA,LCA,Luancheng,2008,Leave_One_experiments\wth_generated_qc\LCA\LCA2008.WTH,wet_year;nitrogen_stress_year;low_response_year,wet,LCA2008_normal_grid_S0015,irrigation_positive_candidate,2008-06-17,169,9,4,"{""sim_day"": 9.0, ""doy"": 169.0, ""topwt"": 0.0, ""grnwt"": 0.0, ""xlai"": 0.0, ""totir"": 0.0, ""tofer"": NaN, ""swfac"": 0.0, ""nstres"": 0.0}",0.0,0.0,0.0,0.0,0.0,0.0,,0.0,0.0,30.0,150.0,48.94432373046875,60.94432373046875,Leave_One_experiments/all_year_offline_schedule_search/daily_outputs/LCA/LCA_2008_LCA2008_normal_grid_S0015_daily.csv
LCA,LCA,Luancheng,2008,Leave_One_experiments\wth_generated_qc\LCA\LCA2008.WTH,wet_year;nitrogen_stress_year;low_response_year,wet,LCA2008_normal_grid_S0015,irrigation_positive_candidate,2008-06-18,170,10,5,"{""sim_day"": 10.0, ""doy"": 170.0, ""topwt"": 0.0, ""grnwt"": 0.0, ""xlai"": 0.0, ""totir"": 0.0, ""tofer"": NaN, ""swfac"": 0.0, ""nstres"": 0.0}",0.0,0.0,0.0,0.0,0.0,0.0,,0.0,0.0,30.0,150.0,48.94432373046875,60.94432373046875,Leave_One_experiments/all_year_offline_schedule_search/daily_outputs/LCA/LCA_2008_LCA2008_normal_grid_S0015_daily.csv
LCA,LCA,Luancheng,2008,Leave_One_experiments\wth_generated_qc\LCA\LCA2008.WTH,wet_year;nitrogen_stress_year;low_response_year,wet,LCA2008_normal_grid_S0015,irrigation_positive_candidate,2008-06-19,171,11,6,"{""sim_day"": 11.0, ""doy"": 171.0, ""topwt"": 23.600001335144043, ""grnwt"": 0.0, ""xlai"": 0.0048715858720242, ""totir"": 0.0, ""tofer"": NaN, ""swfac"": 0.0, ""nstres"": 0.0121910572052001}",0.0,0.0121910572052001,23.600001335144043,0.0,0.0048715858720242,0.0,,0.0,0.0,30.0,150.0,48.94432373046875,60.94432373046875,Leave_One_experiments/all_year_offline_schedule_search/daily_outputs/LCA/LCA_2008_LCA2008_normal_grid_S0015_daily.csv
LCA,LCA,Luancheng,2008,Leave_One_experiments\wth_generated_qc\LCA\LCA2008.WTH,wet_year;nitrogen_stress_year;low_response_year,wet,LCA2008_normal_grid_S0015,irrigation_positive_candidate,2008-06-20,172,12,7,"{""sim_day"": 12.0, ""doy"": 172.0, ""topwt"": 23.600001335144043, ""grnwt"": 0.0, ""xlai"": 0.0113677233457565, ""totir"": 0.0, ""tofer"": NaN, ""swfac"": 0.0, ""nstres"": 0.008480429649353}",0.0,0.008480429649353,23.600001335144043,0.0,0.0113677233457565,0.0,,0.0,0.0,30.0,150.0,48.94432373046875,60.94432373046875,Leave_One_experiments/all_year_offline_schedule_search/daily_outputs/LCA/LCA_2008_LCA2008_normal_grid_S0015_daily.csv
LCA,LCA,Luancheng,2008,Leave_One_experiments\wth_generated_qc\LCA\LCA2008.WTH,wet_year;nitrogen_stress_year;low_response_year,wet,LCA2008_normal_grid_S0015,irrigation_positive_candidate,2008-06-21,173,13,8,"{""sim_day"": 13.0, ""doy"": 173.0, ""topwt"": 23.600001335144043, ""grnwt"": 0.0, ""xlai"": 0.0186336077749729, ""totir"": 0.0, ""tofer"": NaN, ""swfac"": 0.0, ""nstres"": 0.0}",0.0,0.0,23.600001335144043,0.0,0.0186336077749729,0.0,,0.0,0.0,30.0,150.0,48.94432373046875,60.94432373046875,Leave_One_experiments/all_year_offline_schedule_search/daily_outputs/LCA/LCA_2008_LCA2008_normal_grid_S0015_daily.csv
LCA,LCA,Luancheng,2008,Leave_One_experiments\wth_generated_qc\LCA\LCA2008.WTH,wet_year;nitrogen_stress_year;low_response_year,wet,LCA2008_normal_grid_S0015,irrigation_positive_candidate,2008-06-22,174,14,9,"{""sim_day"": 14.0, ""doy"": 174.0, ""topwt"": 25.66721200942993, ""grnwt"": 0.0, ""xlai"": 0.0461338050663471, ""totir"": 0.0, ""tofer"": NaN, ""swfac"": 0.0, ""nstres"": 0.0}",0.0,0.0,25.66721200942993,0.0,0.0461338050663471,0.0,,0.0,0.0,30.0,150.0,48.94432373046875,60.94432373046875,Leave_One_experiments/all_year_offline_schedule_search/daily_outputs/LCA/LCA_2008_LCA2008_normal_grid_S0015_daily.csv
LCA,LCA,Luancheng,2008,Leave_One_experiments\wth_generated_qc\LCA\LCA2008.WTH,wet_year;nitrogen_stress_year;low_response_year,wet,LCA2008_normal_grid_S0015,irrigation_positive_candidate,2008-06-23,175,15,10,"{""sim_day"": 15.0, ""doy"": 175.0, ""topwt"": 36.38740301132202, ""grnwt"": 0.0, ""xlai"": 0.0728419497609138, ""totir"": 0.0, ""tofer"": NaN, ""swfac"": 0.0, ""nstres"": 0.0}",0.0,0.0,36.38740301132202,0.0,0.0728419497609138,0.0,,0.0,0.0,30.0,150.0,48.94432373046875,60.94432373046875,Leave_One_experiments/all_year_offline_schedule_search/daily_outputs/LCA/LCA_2008_LCA2008_normal_grid_S0015_daily.csv
LCA,LCA,Luancheng,2008,Leave_One_experiments\wth_generated_qc\LCA\LCA2008.WTH,wet_year;nitrogen_stress_year;low_response_year,wet,LCA2008_normal_grid_S0015,irrigation_positive_candidate,2008-06-24,176,16,11,"{""sim_day"": 16.0, ""doy"": 176.0, ""topwt"": 52.552690505981445, ""grnwt"": 0.0, ""xlai"": 0.1089488342404365, ""totir"": 0.0, ""tofer"": NaN, ""swfac"": 0.0, ""nstres"": 0.0146409273147583}",0.0,0.0146409273147583,52.552690505981445,0.0,0.1089488342404365,0.0,,0.0,0.0,30.0,150.0,48.94432373046875,60.94432373046875,Leave_One_experiments/all_year_offline_schedule_search/daily_outputs/LCA/LCA_2008_LCA2008_normal_grid_S0015_daily.csv
LCA,LCA,Luancheng,2008,Leave_One_experiments\wth_generated_qc\LCA\LCA2008.WTH,wet_year;nitrogen_stress_year;low_response_year,wet,LCA2008_normal_grid_S0015,irrigation_positive_candidate,2008-06-25,177,17,12,"{""sim_day"": 17.0, ""doy"": 177.0, ""topwt"": 71.13682270050049, ""grnwt"": 0.0, ""xlai"": 0.146922305226326, ""totir"": 0.0, ""tofer"": NaN, ""swfac"": 0.0, ""nstres"": 0.0}",0.0,0.0,71.13682270050049,0.0,0.146922305226326,0.0,,0.0,0.0,30.0,150.0,48.94432373046875,60.94432373046875,Leave_One_experiments/all_year_offline_schedule_search/daily_outputs/LCA/LCA_2008_LCA2008_normal_grid_S0015_daily.csv
LCA,LCA,Luancheng,2008,Leave_One_experiments\wth_generated_qc\LCA\LCA2008.WTH,wet_year;nitrogen_stress_year;low_response_year,wet,LCA2008_normal_grid_S0015,irrigation_positive_candidate,2008-06-26,178,18,13,"{""sim_day"": 18.0, ""doy"": 178.0, ""topwt"": 93.21404457092284, ""grnwt"": 0.0, ""xlai"": 0.1889433860778808, ""totir"": 0.0, ""tofer"": NaN, ""swfac"": 0.0, ""nstres"": 0.0}",0.0,0.0,93.21404457092284,0.0,0.1889433860778808,0.0,,0.0,0.0,30.0,150.0,48.94432373046875,60.94432373046875,Leave_One_experiments/all_year_offline_schedule_search/daily_outputs/LCA/LCA_2008_LCA2008_normal_grid_S0015_daily.csv
LCA,LCA,Luancheng,2008,Leave_One_experiments\wth_generated_qc\LCA\LCA2008.WTH,wet_year;nitrogen_stress_year;low_response_year,wet,LCA2008_normal_grid_S0015,irrigation_positive_candidate,2008-06-27,179,19,14,"{""sim_day"": 19.0, ""doy"": 179.0, ""topwt"": 119.99794960021973, ""grnwt"": 0.0, ""xlai"": 0.2368562221527099, ""totir"": 0.0, ""tofer"": NaN, ""swfac"": 0.0, ""nstres"": 0.0}",0.0,0.0,119.99794960021973,0.0,0.2368562221527099,0.0,,0.0,0.0,30.0,150.0,48.94432373046875,60.94432373046875,Leave_One_experiments/all_year_offline_schedule_search/daily_outputs/LCA/LCA_2008_LCA2008_normal_grid_S0015_daily.csv
LCA,LCA,Luancheng,2008,Leave_One_experiments\wth_generated_qc\LCA\LCA2008.WTH,wet_year;nitrogen_stress_year;low_response_year,wet,LCA2008_normal_grid_S0015,irrigation_positive_candidate,2008-06-28,180,20,15,"{""sim_day"": 20.0, ""doy"": 180.0, ""topwt"": 138.7290096282959, ""grnwt"": 0.0, ""xlai"": 0.287154883146286, ""totir"": 0.0, ""tofer"": NaN, ""swfac"": 0.0, ""nstres"": 0.0}",0.0,0.0,138.7290096282959,0.0,0.287154883146286,0.0,,0.0,0.0,30.0,150.0,48.94432373046875,60.94432373046875,Leave_One_experiments/all_year_offline_schedule_search/daily_outputs/LCA/LCA_2008_LCA2008_normal_grid_S0015_daily.csv
LCA,LCA,Luancheng,2008,Leave_One_experiments\wth_generated_qc\LCA\LCA2008.WTH,wet_year;nitrogen_stress_year;low_response_year,wet,LCA2008_normal_grid_S0015,irrigation_positive_candidate,2008-06-29,181,21,16,"{""sim_day"": 21.0, ""doy"": 181.0, ""topwt"": 163.9013671875, ""grnwt"": 0.0, ""xlai"": 0.3313791155815124, ""totir"": 0.0, ""tofer"": NaN, ""swfac"": 0.0, ""nstres"": 0.0}",0.0,0.0,163.9013671875,0.0,0.3313791155815124,0.0,,0.0,0.0,30.0,150.0,48.94432373046875,60.94432373046875,Leave_One_experiments/all_year_offline_schedule_search/daily_outputs/LCA/LCA_2008_LCA2008_normal_grid_S0015_daily.csv
LCA,LCA,Luancheng,2008,Leave_One_experiments\wth_generated_qc\LCA\LCA2008.WTH,wet_year;nitrogen_stress_year;low_response_year,wet,LCA2008_normal_grid_S0015,irrigation_positive_candidate,2008-06-30,182,22,17,"{""sim_day"": 22.0, ""doy"": 182.0, ""topwt"": 209.84527587890625, ""grnwt"": 0.0, ""xlai"": 0.4086035192012787, ""totir"": 0.0, ""tofer"": NaN, ""swfac"": 0.0, ""nstres"": 0.0074787735939025}",0.0,0.0074787735939025,209.84527587890625,0.0,0.4086035192012787,0.0,,0.0,0.0,30.0,150.0,48.94432373046875,60.94432373046875,Leave_One_experiments/all_year_offline_schedule_search/daily_outputs/LCA/LCA_2008_LCA2008_normal_grid_S0015_daily.csv
LCA,LCA,Luancheng,2008,Leave_One_experiments\wth_generated_qc\LCA\LCA2008.WTH,wet_year;nitrogen_stress_year;low_response_year,wet,LCA2008_normal_grid_S0015,irrigation_positive_candidate,2008-07-01,183,23,18,"{""sim_day"": 23.0, ""doy"": 183.0, ""topwt"": 273.8093376159668, ""grnwt"": 0.0, ""xlai"": 0.510208785533905, ""totir"": 0.0, ""tofer"": NaN, ""swfac"": 0.0, ""nstres"": 0.0}",0.0,0.0,273.8093376159668,0.0,0.510208785533905,0.0,,0.0,0.0,30.0,150.0,48.94432373046875,60.94432373046875,Leave_One_experiments/all_year_offline_schedule_search/daily_outputs/LCA/LCA_2008_LCA2008_normal_grid_S0015_daily.csv
LCA,LCA,Luancheng,2008,Leave_One_experiments\wth_generated_qc\LCA\LCA2008.WTH,wet_year;nitrogen_stress_year;low_response_year,wet,LCA2008_normal_grid_S0015,irrigation_positive_candidate,2008-07-02,184,24,19,"{""sim_day"": 24.0, ""doy"": 184.0, ""topwt"": 349.8159408569336, ""grnwt"": 0.0, ""xlai"": 0.6242753863334656, ""totir"": 0.0, ""tofer"": NaN, ""swfac"": 0.0, ""nstres"": 0.0}",0.0,0.0,349.8159408569336,0.0,0.6242753863334656,0.0,,0.0,0.0,30.0,150.0,48.94432373046875,60.94432373046875,Leave_One_experiments/all_year_offline_schedule_search/daily_outputs/LCA/LCA_2008_LCA2008_normal_grid_S0015_daily.csv
LCA,LCA,Luancheng,2008,Leave_One_experiments\wth_generated_qc\LCA\LCA2008.WTH,wet_year;nitrogen_stress_year;low_response_year,wet,LCA2008_normal_grid_S0015,irrigation_positive_candidate,2008-07-03,185,25,20,"{""sim_day"": 25.0, ""doy"": 185.0, ""topwt"": 451.7193603515625, ""grnwt"": 0.0, ""xlai"": 0.7690862417221069, ""totir"": 0.0, ""tofer"": NaN, ""swfac"": 0.0, ""nstres"": 0.0}",0.0,0.0,451.7193603515625,0.0,0.7690862417221069,0.0,,0.0,0.0,30.0,150.0,48.94432373046875,60.94432373046875,Leave_One_experiments/all_year_offline_schedule_search/daily_outputs/LCA/LCA_2008_LCA2008_normal_grid_S0015_daily.csv
LCA,LCA,Luancheng,2008,Leave_One_experiments\wth_generated_qc\LCA\LCA2008.WTH,wet_year;nitrogen_stress_year;low_response_year,wet,LCA2008_normal_grid_S0015,irrigation_positive_candidate,2008-07-04,186,26,21,"{""sim_day"": 26.0, ""doy"": 186.0, ""topwt"": 513.4098815917969, ""grnwt"": 0.0, ""xlai"": 0.8528369069099426, ""totir"": 0.0, ""tofer"": NaN, ""swfac"": 0.0, ""nstres"": 0.0}",0.0,0.0,513.4098815917969,0.0,0.8528369069099426,0.0,,0.0,0.0,30.0,150.0,48.94432373046875,60.94432373046875,Leave_One_experiments/all_year_offline_schedule_search/daily_outputs/LCA/LCA_2008_LCA2008_normal_grid_S0015_daily.csv
LCA,LCA,Luancheng,2008,Leave_One_experiments\wth_generated_qc\LCA\LCA2008.WTH,wet_year;nitrogen_stress_year;low_response_year,wet,LCA2008_normal_grid_S0015,irrigation_positive_candidate,2008-07-05,187,27,22,"{""sim_day"": 27.0, ""doy"": 187.0, ""topwt"": 629.6522903442383, ""grnwt"": 0.0, ""xlai"": 1.004525899887085, ""totir"": 0.0, ""tofer"": NaN, ""swfac"": 0.0, ""nstres"": 0.0}",0.0,0.0,629.6522903442383,0.0,1.004525899887085,0.0,,0.0,0.0,30.0,150.0,48.94432373046875,60.94432373046875,Leave_One_experiments/all_year_offline_schedule_search/daily_outputs/LCA/LCA_2008_LCA2008_normal_grid_S0015_daily.csv
LCA,LCA,Luancheng,2008,Leave_One_experiments\wth_generated_qc\LCA\LCA2008.WTH,wet_year;nitrogen_stress_year;low_response_year,wet,LCA2008_normal_grid_S0015,irrigation_positive_candidate,2008-07-06,188,28,23,"{""sim_day"": 28.0, ""doy"": 188.0, ""topwt"": 775.8977508544922, ""grnwt"": 0.0, ""xlai"": 1.191604495048523, ""totir"": 0.0, ""tofer"": NaN, ""swfac"": 0.0, ""nstres"": 0.0}",0.0,0.0,775.8977508544922,0.0,1.191604495048523,0.0,,0.0,0.0,30.0,150.0,48.94432373046875,60.94432373046875,Leave_One_experiments/all_year_offline_schedule_search/daily_outputs/LCA/LCA_2008_LCA2008_normal_grid_S0015_daily.csv
LCA,LCA,Luancheng,2008,Leave_One_experiments\wth_generated_qc\LCA\LCA2008.WTH,wet_year;nitrogen_stress_year;low_response_year,wet,LCA2008_normal_grid_S0015,irrigation_positive_candidate,2008-07-07,189,29,24,"{""sim_day"": 29.0, ""doy"": 189.0, ""topwt"": 920.9870147705078, ""grnwt"": 0.0, ""xlai"": 1.3661352396011353, ""totir"": 0.0, ""tofer"": NaN, ""swfac"": 0.0, ""nstres"": 0.0}",0.0,0.0,920.9870147705078,0.0,1.3661352396011353,0.0,,0.0,0.0,30.0,150.0,48.94432373046875,60.94432373046875,Leave_One_experiments/all_year_offline_schedule_search/daily_outputs/LCA/LCA_2008_LCA2008_normal_grid_S0015_daily.csv
LCA,LCA,Luancheng,2008,Leave_One_experiments\wth_generated_qc\LCA\LCA2008.WTH,wet_year;nitrogen_stress_year;low_response_year,wet,LCA2008_normal_grid_S0015,irrigation_positive_candidate,2008-07-08,190,30,25,"{""sim_day"": 30.0, ""doy"": 190.0, ""topwt"": 1079.9972534179688, ""grnwt"": 0.0, ""xlai"": 1.5453838109970093, ""totir"": 0.0, ""tofer"": NaN, ""swfac"": 0.0, ""nstres"": 0.0}",0.0,0.0,1079.9972534179688,0.0,1.5453838109970093,0.0,,0.0,0.0,30.0,150.0,48.94432373046875,60.94432373046875,Leave_One_experiments/all_year_offline_schedule_search/daily_outputs/LCA/LCA_2008_LCA2008_normal_grid_S0015_daily.csv
LCA,LCA,Luancheng,2008,Leave_One_experiments\wth_generated_qc\LCA\LCA2008.WTH,wet_year;nitrogen_stress_year;low_response_year,wet,LCA2008_normal_grid_S0015,irrigation_positive_candidate,2008-07-09,191,31,26,"{""sim_day"": 31.0, ""doy"": 191.0, ""topwt"": 1263.0352020263672, ""grnwt"": 0.0, ""xlai"": 1.7371199131011963, ""totir"": 0.0, ""tofer"": NaN, ""swfac"": 0.0, ""nstres"": 0.0}",0.0,0.0,1263.0352020263672,0.0,1.7371199131011963,0.0,,0.0,0.0,30.0,150.0,48.94432373046875,60.94432373046875,Leave_One_experiments/all_year_offline_schedule_search/daily_outputs/LCA/LCA_2008_LCA2008_normal_grid_S0015_daily.csv
LCA,LCA,Luancheng,2008,Leave_One_experiments\wth_generated_qc\LCA\LCA2008.WTH,wet_year;nitrogen_stress_year;low_response_year,wet,LCA2008_normal_grid_S0015,irrigation_positive_candidate,2008-07-10,192,32,27,"{""sim_day"": 32.0, ""doy"": 192.0, ""topwt"": 1431.75537109375, ""grnwt"": 0.0, ""xlai"": 1.9006810188293457, ""totir"": 0.0, ""tofer"": NaN, ""swfac"": 0.0, ""nstres"": 0.0}",0.0,0.0,1431.75537109375,0.0,1.9006810188293457,0.0,,0.0,0.0,30.0,150.0,48.94432373046875,60.94432373046875,Leave_One_experiments/all_year_offline_schedule_search/daily_outputs/LCA/LCA_2008_LCA2008_normal_grid_S0015_daily.csv
LCA,LCA,Luancheng,2008,Leave_One_experiments\wth_generated_qc\LCA\LCA2008.WTH,wet_year;nitrogen_stress_year;low_response_year,wet,LCA2008_normal_grid_S0015,irrigation_positive_candidate,2008-07-11,193,33,28,"{""sim_day"": 33.0, ""doy"": 193.0, ""topwt"": 1653.7884521484375, ""grnwt"": 0.0, ""xlai"": 2.0987493991851807, ""totir"": 0.0, ""tofer"": NaN, ""swfac"": 0.0, ""nstres"": 0.0}",0.0,0.0,1653.7884521484375,0.0,2.0987493991851807,0.0,,0.0,0.0,30.0,150.0,48.94432373046875,60.94432373046875,Leave_One_experiments/all_year_offline_schedule_search/daily_outputs/LCA/LCA_2008_LCA2008_normal_grid_S0015_daily.csv
LCA,LCA,Luancheng,2008,Leave_One_experiments\wth_generated_qc\LCA\LCA2008.WTH,wet_year;nitrogen_stress_year;low_response_year,wet,LCA2008_normal_grid_S0015,irrigation_positive_candidate,2008-07-12,194,34,29,"{""sim_day"": 34.0, ""doy"": 194.0, ""topwt"": 1883.0699157714844, ""grnwt"": 0.0, ""xlai"": 2.2866904735565186, ""totir"": 0.0, ""tofer"": NaN, ""swfac"": 0.0, ""nstres"": 0.0}",0.0,0.0,1883.0699157714844,0.0,2.2866904735565186,0.0,,0.0,0.0,30.0,150.0,48.94432373046875,60.94432373046875,Leave_One_experiments/all_year_offline_schedule_search/daily_outputs/LCA/LCA_2008_LCA2008_normal_grid_S0015_daily.csv
LCA,LCA,Luancheng,2008,Leave_One_experiments\wth_generated_qc\LCA\LCA2008.WTH,wet_year;nitrogen_stress_year;low_response_year,wet,LCA2008_normal_grid_S0015,irrigation_positive_candidate,2008-07-13,195,35,30,"{""sim_day"": 35.0, ""doy"": 195.0, ""topwt"": 1908.6184692382808, ""grnwt"": 0.0, ""xlai"": 2.3047001361846924, ""totir"": 0.0, ""tofer"": NaN, ""swfac"": 0.0, ""nstres"": 0.0053378343582153}",0.0,0.0053378343582153,1908.6184692382808,0.0,2.3047001361846924,0.0,,0.0,50.0,30.0,150.0,48.94432373046875,60.94432373046875,Leave_One_experiments/all_year_offline_schedule_search/daily_outputs/LCA/LCA_2008_LCA2008_normal_grid_S0015_daily.csv
LCA,LCA,Luancheng,2008,Leave_One_experiments\wth_generated_qc\LCA\LCA2008.WTH,wet_year;nitrogen_stress_year;low_response_year,wet,LCA2008_normal_grid_S0015,irrigation_positive_candidate,2008-07-14,196,36,31,"{""sim_day"": 36.0, ""doy"": 196.0, ""topwt"": 2071.324920654297, ""grnwt"": 0.0, ""xlai"": 2.4226598739624023, ""totir"": 0.0, ""tofer"": NaN, ""swfac"": 0.0, ""nstres"": 0.0}",0.0,0.0,2071.324920654297,0.0,2.4226598739624023,0.0,,0.0,0.0,30.0,150.0,48.94432373046875,60.94432373046875,Leave_One_experiments/all_year_offline_schedule_search/daily_outputs/LCA/LCA_2008_LCA2008_normal_grid_S0015_daily.csv
LCA,LCA,Luancheng,2008,Leave_One_experiments\wth_generated_qc\LCA\LCA2008.WTH,wet_year;nitrogen_stress_year;low_response_year,wet,LCA2008_normal_grid_S0015,irrigation_positive_candidate,2008-07-15,197,37,32,"{""sim_day"": 37.0, ""doy"": 197.0, ""topwt"": 2346.681671142578, ""grnwt"": 0.0, ""xlai"": 2.6063787937164307, ""totir"": 0.0, ""tofer"": NaN, ""swfac"": 0.0, ""nstres"": 0.0}",0.0,0.0,2346.681671142578,0.0,2.6063787937164307,0.0,,0.0,0.0,30.0,150.0,48.94432373046875,60.94432373046875,Leave_One_experiments/all_year_offline_schedule_search/daily_outputs/LCA/LCA_2008_LCA2008_normal_grid_S0015_daily.csv
LCA,LCA,Luancheng,2008,Leave_One_experiments\wth_generated_qc\LCA\LCA2008.WTH,wet_year;nitrogen_stress_year;low_response_year,wet,LCA2008_normal_grid_S0015,irrigation_positive_candidate,2008-07-16,198,38,33,"{""sim_day"": 38.0, ""doy"": 198.0, ""topwt"": 2420.3651428222656, ""grnwt"": 0.0, ""xlai"": 2.65169620513916, ""totir"": 0.0, ""tofer"": NaN, ""swfac"": 0.0, ""nstres"": 0.0}",0.0,0.0,2420.3651428222656,0.0,2.65169620513916,0.0,,0.0,0.0,30.0,150.0,48.94432373046875,60.94432373046875,Leave_One_experiments/all_year_offline_schedule_search/daily_outputs/LCA/LCA_2008_LCA2008_normal_grid_S0015_daily.csv
LCA,LCA,Luancheng,2008,Leave_One_experiments\wth_generated_qc\LCA\LCA2008.WTH,wet_year;nitrogen_stress_year;low_response_year,wet,LCA2008_normal_grid_S0015,irrigation_positive_candidate,2008-07-17,199,39,34,"{""sim_day"": 39.0, ""doy"": 199.0, ""topwt"": 2654.9664306640625, ""grnwt"": 0.0, ""xlai"": 2.786074161529541, ""totir"": 0.0, ""tofer"": NaN, ""swfac"": 0.0, ""nstres"": 0.0}",0.0,0.0,2654.9664306640625,0.0,2.786074161529541,0.0,,0.0,0.0,30.0,150.0,48.94432373046875,60.94432373046875,Leave_One_experiments/all_year_offline_schedule_search/daily_outputs/LCA/LCA_2008_LCA2008_normal_grid_S0015_daily.csv
LCA,LCA,Luancheng,2008,Leave_One_experiments\wth_generated_qc\LCA\LCA2008.WTH,wet_year;nitrogen_stress_year;low_response_year,wet,LCA2008_normal_grid_S0015,irrigation_positive_candidate,2008-07-18,200,40,35,"{""sim_day"": 40.0, ""doy"": 200.0, ""topwt"": 2923.106689453125, ""grnwt"": 0.0, ""xlai"": 2.9275193214416504, ""totir"": 30.0, ""tofer"": NaN, ""swfac"": 0.0, ""nstres"": 0.0}",0.0,0.0,2923.106689453125,0.0,2.9275193214416504,30.0,,30.0,0.0,30.0,150.0,48.94432373046875,60.94432373046875,Leave_One_experiments/all_year_offline_schedule_search/daily_outputs/LCA/LCA_2008_LCA2008_normal_grid_S0015_daily.csv
LCA,LCA,Luancheng,2008,Leave_One_experiments\wth_generated_qc\LCA\LCA2008.WTH,wet_year;nitrogen_stress_year;low_response_year,wet,LCA2008_normal_grid_S0015,irrigation_positive_candidate,2008-07-19,201,41,36,"{""sim_day"": 41.0, ""doy"": 201.0, ""topwt"": 3255.66162109375, ""grnwt"": 0.0, ""xlai"": 3.0893616676330566, ""totir"": 30.0, ""tofer"": NaN, ""swfac"": 0.0, ""nstres"": 0.0}",0.0,0.0,3255.66162109375,0.0,3.0893616676330566,30.0,,0.0,0.0,30.0,150.0,48.94432373046875,60.94432373046875,Leave_One_experiments/all_year_offline_schedule_search/daily_outputs/LCA/LCA_2008_LCA2008_normal_grid_S0015_daily.csv
LCA,LCA,Luancheng,2008,Leave_One_experiments\wth_generated_qc\LCA\LCA2008.WTH,wet_year;nitrogen_stress_year;low_response_year,wet,LCA2008_normal_grid_S0015,irrigation_positive_candidate,2008-07-20,202,42,37,"{""sim_day"": 42.0, ""doy"": 202.0, ""topwt"": 3643.4439086914062, ""grnwt"": 0.0, ""xlai"": 3.263439655303955, ""totir"": 30.0, ""tofer"": NaN, ""swfac"": 0.0, ""nstres"": 0.0}",0.0,0.0,3643.4439086914062,0.0,3.263439655303955,30.0,,0.0,0.0,30.0,150.0,48.94432373046875,60.94432373046875,Leave_One_experiments/all_year_offline_schedule_search/daily_outputs/LCA/LCA_2008_LCA2008_normal_grid_S0015_daily.csv
LCA,LCA,Luancheng,2008,Leave_One_experiments\wth_generated_qc\LCA\LCA2008.WTH,wet_year;nitrogen_stress_year;low_response_year,wet,LCA2008_normal_grid_S0015,irrigation_positive_candidate,2008-07-21,203,43,38,"{""sim_day"": 43.0, ""doy"": 203.0, ""topwt"": 4034.542236328125, ""grnwt"": 0.0, ""xlai"": 3.425092935562134, ""totir"": 30.0, ""tofer"": NaN, ""swfac"": 0.0, ""nstres"": 0.0}",0.0,0.0,4034.542236328125,0.0,3.425092935562134,30.0,,0.0,0.0,30.0,150.0,48.94432373046875,60.94432373046875,Leave_One_experiments/all_year_offline_schedule_search/daily_outputs/LCA/LCA_2008_LCA2008_normal_grid_S0015_daily.csv
LCA,LCA,Luancheng,2008,Leave_One_experiments\wth_generated_qc\LCA\LCA2008.WTH,wet_year;nitrogen_stress_year;low_response_year,wet,LCA2008_normal_grid_S0015,irrigation_positive_candidate,2008-07-22,204,44,39,"{""sim_day"": 44.0, ""doy"": 204.0, ""topwt"": 4393.674011230469, ""grnwt"": 0.0, ""xlai"": 3.5995984077453613, ""totir"": 30.0, ""tofer"": NaN, ""swfac"": 0.0, ""nstres"": 0.0}",0.0,0.0,4393.674011230469,0.0,3.5995984077453613,30.0,,0.0,0.0,30.0,150.0,48.94432373046875,60.94432373046875,Leave_One_experiments/all_year_offline_schedule_search/daily_outputs/LCA/LCA_2008_LCA2008_normal_grid_S0015_daily.csv
LCA,LCA,Luancheng,2008,Leave_One_experiments\wth_generated_qc\LCA\LCA2008.WTH,wet_year;nitrogen_stress_year;low_response_year,wet,LCA2008_normal_grid_S0015,irrigation_positive_candidate,2008-07-23,205,45,40,"{""sim_day"": 45.0, ""doy"": 205.0, ""topwt"": 4759.725341796875, ""grnwt"": 0.0, ""xlai"": 3.7339115142822266, ""totir"": 30.0, ""tofer"": NaN, ""swfac"": 0.0, ""nstres"": 0.0161277055740356}",0.0,0.0161277055740356,4759.725341796875,0.0,3.7339115142822266,30.0,,0.0,0.0,30.0,150.0,48.94432373046875,60.94432373046875,Leave_One_experiments/all_year_offline_schedule_search/daily_outputs/LCA/LCA_2008_LCA2008_normal_grid_S0015_daily.csv
LCA,LCA,Luancheng,2008,Leave_One_experiments\wth_generated_qc\LCA\LCA2008.WTH,wet_year;nitrogen_stress_year;low_response_year,wet,LCA2008_normal_grid_S0015,irrigation_positive_candidate,2008-07-24,206,46,41,"{""sim_day"": 46.0, ""doy"": 206.0, ""topwt"": 5141.34765625, ""grnwt"": 0.0, ""xlai"": 3.842962503433228, ""totir"": 30.0, ""tofer"": NaN, ""swfac"": 0.0, ""nstres"": 0.0413172841072082}",0.0,0.0413172841072082,5141.34765625,0.0,3.842962503433228,30.0,,0.0,0.0,30.0,150.0,48.94432373046875,60.94432373046875,Leave_One_experiments/all_year_offline_schedule_search/daily_outputs/LCA/LCA_2008_LCA2008_normal_grid_S0015_daily.csv
LCA,LCA,Luancheng,2008,Leave_One_experiments\wth_generated_qc\LCA\LCA2008.WTH,wet_year;nitrogen_stress_year;low_response_year,wet,LCA2008_normal_grid_S0015,irrigation_positive_candidate,2008-07-25,207,47,42,"{""sim_day"": 47.0, ""doy"": 207.0, ""topwt"": 5476.7138671875, ""grnwt"": 0.0, ""xlai"": 3.914254665374756, ""totir"": 30.0, ""tofer"": NaN, ""swfac"": 0.0, ""nstres"": 0.0615787506103515}",0.0,0.0615787506103515,5476.7138671875,0.0,3.914254665374756,30.0,,0.0,0.0,30.0,150.0,48.94432373046875,60.94432373046875,Leave_One_experiments/all_year_offline_schedule_search/daily_outputs/LCA/LCA_2008_LCA2008_normal_grid_S0015_daily.csv
LCA,LCA,Luancheng,2008,Leave_One_experiments\wth_generated_qc\LCA\LCA2008.WTH,wet_year;nitrogen_stress_year;low_response_year,wet,LCA2008_normal_grid_S0015,irrigation_positive_candidate,2008-07-26,208,48,43,"{""sim_day"": 48.0, ""doy"": 208.0, ""topwt"": 5785.474243164063, ""grnwt"": 0.0, ""xlai"": 3.960685014724731, ""totir"": 30.0, ""tofer"": NaN, ""swfac"": 0.0, ""nstres"": 0.0790192484855651}",0.0,0.0790192484855651,5785.474243164063,0.0,3.960685014724731,30.0,,0.0,0.0,30.0,150.0,48.94432373046875,60.94432373046875,Leave_One_experiments/all_year_offline_schedule_search/daily_outputs/LCA/LCA_2008_LCA2008_normal_grid_S0015_daily.csv
LCA,LCA,Luancheng,2008,Leave_One_experiments\wth_generated_qc\LCA\LCA2008.WTH,wet_year;nitrogen_stress_year;low_response_year,wet,LCA2008_normal_grid_S0015,irrigation_positive_candidate,2008-07-27,209,49,44,"{""sim_day"": 49.0, ""doy"": 209.0, ""topwt"": 6054.888305664063, ""grnwt"": 0.0, ""xlai"": 3.985183000564575, ""totir"": 30.0, ""tofer"": NaN, ""swfac"": 0.0, ""nstres"": 0.091455340385437}",0.0,0.091455340385437,6054.888305664063,0.0,3.985183000564575,30.0,,0.0,0.0,30.0,150.0,48.94432373046875,60.94432373046875,Leave_One_experiments/all_year_offline_schedule_search/daily_outputs/LCA/LCA_2008_LCA2008_normal_grid_S0015_daily.csv
LCA,LCA,Luancheng,2008,Leave_One_experiments\wth_generated_qc\LCA\LCA2008.WTH,wet_year;nitrogen_stress_year;low_response_year,wet,LCA2008_normal_grid_S0015,irrigation_positive_candidate,2008-07-28,210,50,45,"{""sim_day"": 50.0, ""doy"": 210.0, ""topwt"": 6239.4525146484375, ""grnwt"": 0.0, ""xlai"": 3.98058032989502, ""totir"": 30.0, ""tofer"": NaN, ""swfac"": 0.0, ""nstres"": 0.098516821861267}",0.0,0.098516821861267,6239.4525146484375,0.0,3.98058032989502,30.0,,0.0,0.0,30.0,150.0,48.94432373046875,60.94432373046875,Leave_One_experiments/all_year_offline_schedule_search/daily_outputs/LCA/LCA_2008_LCA2008_normal_grid_S0015_daily.csv
LCA,LCA,Luancheng,2008,Leave_One_experiments\wth_generated_qc\LCA\LCA2008.WTH,wet_year;nitrogen_stress_year;low_response_year,wet,LCA2008_normal_grid_S0015,irrigation_positive_candidate,2008-07-29,211,51,46,"{""sim_day"": 51.0, ""doy"": 211.0, ""topwt"": 6427.85888671875, ""grnwt"": 0.0, ""xlai"": 3.9722936153411865, ""totir"": 30.0, ""tofer"": NaN, ""swfac"": 0.0, ""nstres"": 0.1031904220581054}",0.0,0.1031904220581054,6427.85888671875,0.0,3.9722936153411865,30.0,,0.0,0.0,30.0,150.0,48.94432373046875,60.94432373046875,Leave_One_experiments/all_year_offline_schedule_search/daily_outputs/LCA/LCA_2008_LCA2008_normal_grid_S0015_daily.csv
LCA,LCA,Luancheng,2008,Leave_One_experiments\wth_generated_qc\LCA\LCA2008.WTH,wet_year;nitrogen_stress_year;low_response_year,wet,LCA2008_normal_grid_S0015,irrigation_positive_candidate,2008-07-30,212,52,47,"{""sim_day"": 52.0, ""doy"": 212.0, ""topwt"": 6573.9874267578125, ""grnwt"": 0.0, ""xlai"": 3.953743696212769, ""totir"": 30.0, ""tofer"": NaN, ""swfac"": 0.0, ""nstres"": 0.104356050491333}",0.0,0.104356050491333,6573.9874267578125,0.0,3.953743696212769,30.0,,0.0,0.0,30.0,150.0,48.94432373046875,60.94432373046875,Leave_One_experiments/all_year_offline_schedule_search/daily_outputs/LCA/LCA_2008_LCA2008_normal_grid_S0015_daily.csv
LCA,LCA,Luancheng,2008,Leave_One_experiments\wth_generated_qc\LCA\LCA2008.WTH,wet_year;nitrogen_stress_year;low_response_year,wet,LCA2008_normal_grid_S0015,irrigation_positive_candidate,2008-07-31,213,53,48,"{""sim_day"": 53.0, ""doy"": 213.0, ""topwt"": 6877.1331787109375, ""grnwt"": 0.0, ""xlai"": 3.971684217453003, ""totir"": 30.0, ""tofer"": NaN, ""swfac"": 0.0, ""nstres"": 0.1041842103004455}",0.0,0.1041842103004455,6877.1331787109375,0.0,3.971684217453003,30.0,,0.0,0.0,30.0,150.0,48.94432373046875,60.94432373046875,Leave_One_experiments/all_year_offline_schedule_search/daily_outputs/LCA/LCA_2008_LCA2008_normal_grid_S0015_daily.csv
LCA,LCA,Luancheng,2008,Leave_One_experiments\wth_generated_qc\LCA\LCA2008.WTH,wet_year;nitrogen_stress_year;low_response_year,wet,LCA2008_normal_grid_S0015,irrigation_positive_candidate,2008-08-01,214,54,49,"{""sim_day"": 54.0, ""doy"": 214.0, ""topwt"": 7174.957885742188, ""grnwt"": 0.0, ""xlai"": 3.989161252975464, ""totir"": 30.0, ""tofer"": NaN, ""swfac"": 0.0, ""nstres"": 0.1020686626434326}",0.0,0.1020686626434326,7174.957885742188,0.0,3.989161252975464,30.0,,0.0,0.0,30.0,150.0,48.94432373046875,60.94432373046875,Leave_One_experiments/all_year_offline_schedule_search/daily_outputs/LCA/LCA_2008_LCA2008_normal_grid_S0015_daily.csv
LCA,LCA,Luancheng,2008,Leave_One_experiments\wth_generated_qc\LCA\LCA2008.WTH,wet_year;nitrogen_stress_year;low_response_year,wet,LCA2008_normal_grid_S0015,irrigation_positive_candidate,2008-08-02,215,55,50,"{""sim_day"": 55.0, ""doy"": 215.0, ""topwt"": 7503.438110351562, ""grnwt"": 0.0, ""xlai"": 3.938788890838623, ""totir"": 30.0, ""tofer"": NaN, ""swfac"": 0.0, ""nstres"": 0.1010183095932006}",0.0,0.1010183095932006,7503.438110351562,0.0,3.938788890838623,30.0,,0.0,0.0,30.0,150.0,48.94432373046875,60.94432373046875,Leave_One_experiments/all_year_offline_schedule_search/daily_outputs/LCA/LCA_2008_LCA2008_normal_grid_S0015_daily.csv
LCA,LCA,Luancheng,2008,Leave_One_experiments\wth_generated_qc\LCA\LCA2008.WTH,wet_year;nitrogen_stress_year;low_response_year,wet,LCA2008_normal_grid_S0015,irrigation_positive_candidate,2008-08-03,216,56,51,"{""sim_day"": 56.0, ""doy"": 216.0, ""topwt"": 7832.861328125, ""grnwt"": 0.0, ""xlai"": 3.893676519393921, ""totir"": 30.0, ""tofer"": NaN, ""swfac"": 0.0, ""nstres"": 0.0916270017623901}",0.0,0.0916270017623901,7832.861328125,0.0,3.893676519393921,30.0,,0.0,0.0,30.0,150.0,48.94432373046875,60.94432373046875,Leave_One_experiments/all_year_offline_schedule_search/daily_outputs/LCA/LCA_2008_LCA2008_normal_grid_S0015_daily.csv
LCA,LCA,Luancheng,2008,Leave_One_experiments\wth_generated_qc\LCA\LCA2008.WTH,wet_year;nitrogen_stress_year;low_response_year,wet,LCA2008_normal_grid_S0015,irrigation_positive_candidate,2008-08-04,217,57,52,"{""sim_day"": 57.0, ""doy"": 217.0, ""topwt"": 8118.8543701171875, ""grnwt"": 0.0, ""xlai"": 3.8502371311187744, ""totir"": 30.0, ""tofer"": NaN, ""swfac"": 0.0, ""nstres"": 0.0892518758773803}",0.0,0.0892518758773803,8118.8543701171875,0.0,3.8502371311187744,30.0,,0.0,0.0,30.0,150.0,48.94432373046875,60.94432373046875,Leave_One_experiments/all_year_offline_schedule_search/daily_outputs/LCA/LCA_2008_LCA2008_normal_grid_S0015_daily.csv
LCA,LCA,Luancheng,2008,Leave_One_experiments\wth_generated_qc\LCA\LCA2008.WTH,wet_year;nitrogen_stress_year;low_response_year,wet,LCA2008_normal_grid_S0015,irrigation_positive_candidate,2008-08-05,218,58,53,"{""sim_day"": 58.0, ""doy"": 218.0, ""topwt"": 8375.151977539062, ""grnwt"": 0.0, ""xlai"": 3.8092057704925537, ""totir"": 30.0, ""tofer"": NaN, ""swfac"": 0.0, ""nstres"": 0.0852530002593994}",0.0,0.0852530002593994,8375.151977539062,0.0,3.8092057704925537,30.0,,0.0,0.0,30.0,150.0,48.94432373046875,60.94432373046875,Leave_One_experiments/all_year_offline_schedule_search/daily_outputs/LCA/LCA_2008_LCA2008_normal_grid_S0015_daily.csv
LCA,LCA,Luancheng,2008,Leave_One_experiments\wth_generated_qc\LCA\LCA2008.WTH,wet_year;nitrogen_stress_year;low_response_year,wet,LCA2008_normal_grid_S0015,irrigation_positive_candidate,2008-08-06,219,59,54,"{""sim_day"": 59.0, ""doy"": 219.0, ""topwt"": 8592.318725585938, ""grnwt"": 0.0, ""xlai"": 3.771865606307984, ""totir"": 30.0, ""tofer"": NaN, ""swfac"": 0.0, ""nstres"": 0.0784217119216919}",0.0,0.0784217119216919,8592.318725585938,0.0,3.771865606307984,30.0,,0.0,0.0,30.0,150.0,48.94432373046875,60.94432373046875,Leave_One_experiments/all_year_offline_schedule_search/daily_outputs/LCA/LCA_2008_LCA2008_normal_grid_S0015_daily.csv
LCA,LCA,Luancheng,2008,Leave_One_experiments\wth_generated_qc\LCA\LCA2008.WTH,wet_year;nitrogen_stress_year;low_response_year,wet,LCA2008_normal_grid_S0015,irrigation_positive_candidate,2008-08-07,220,60,55,"{""sim_day"": 60.0, ""doy"": 220.0, ""topwt"": 8829.844970703125, ""grnwt"": 0.0, ""xlai"": 3.739144325256348, ""totir"": 30.0, ""tofer"": NaN, ""swfac"": 0.0, ""nstres"": 0.0693989992141723}",0.0,0.0693989992141723,8829.844970703125,0.0,3.739144325256348,30.0,,0.0,0.0,30.0,150.0,48.94432373046875,60.94432373046875,Leave_One_experiments/all_year_offline_schedule_search/daily_outputs/LCA/LCA_2008_LCA2008_normal_grid_S0015_daily.csv
LCA,LCA,Luancheng,2008,Leave_One_experiments\wth_generated_qc\LCA\LCA2008.WTH,wet_year;nitrogen_stress_year;low_response_year,wet,LCA2008_normal_grid_S0015,irrigation_positive_candidate,2008-08-08,221,61,56,"{""sim_day"": 61.0, ""doy"": 221.0, ""topwt"": 9035.703735351562, ""grnwt"": 0.0, ""xlai"": 3.711933135986328, ""totir"": 30.0, ""tofer"": NaN, ""swfac"": 0.0, ""nstres"": 0.0582199096679687}",0.0,0.0582199096679687,9035.703735351562,0.0,3.711933135986328,30.0,,0.0,0.0,30.0,150.0,48.94432373046875,60.94432373046875,Leave_One_experiments/all_year_offline_schedule_search/daily_outputs/LCA/LCA_2008_LCA2008_normal_grid_S0015_daily.csv
LCA,LCA,Luancheng,2008,Leave_One_experiments\wth_generated_qc\LCA\LCA2008.WTH,wet_year;nitrogen_stress_year;low_response_year,wet,LCA2008_normal_grid_S0015,irrigation_positive_candidate,2008-08-09,222,62,57,"{""sim_day"": 62.0, ""doy"": 222.0, ""topwt"": 9040.136108398438, ""grnwt"": 0.0, ""xlai"": 3.689558506011963, ""totir"": 30.0, ""tofer"": NaN, ""swfac"": 0.0, ""nstres"": 0.0482218265533447}",0.0,0.0482218265533447,9040.136108398438,0.0,3.689558506011963,30.0,,0.0,0.0,30.0,150.0,48.94432373046875,60.94432373046875,Leave_One_experiments/all_year_offline_schedule_search/daily_outputs/LCA/LCA_2008_LCA2008_normal_grid_S0015_daily.csv
LCA,LCA,Luancheng,2008,Leave_One_experiments\wth_generated_qc\LCA\LCA2008.WTH,wet_year;nitrogen_stress_year;low_response_year,wet,LCA2008_normal_grid_S0015,irrigation_positive_candidate,2008-08-10,223,63,58,"{""sim_day"": 63.0, ""doy"": 223.0, ""topwt"": 9255.567626953123, ""grnwt"": 0.0, ""xlai"": 3.6731326580047607, ""totir"": 30.0, ""tofer"": NaN, ""swfac"": 0.0, ""nstres"": 0.0356159210205078}",0.0,0.0356159210205078,9255.567626953123,0.0,3.6731326580047607,30.0,,0.0,0.0,30.0,150.0,48.94432373046875,60.94432373046875,Leave_One_experiments/all_year_offline_schedule_search/daily_outputs/LCA/LCA_2008_LCA2008_normal_grid_S0015_daily.csv
LCA,LCA,Luancheng,2008,Leave_One_experiments\wth_generated_qc\LCA\LCA2008.WTH,wet_year;nitrogen_stress_year;low_response_year,wet,LCA2008_normal_grid_S0015,irrigation_positive_candidate,2008-08-11,224,64,59,"{""sim_day"": 64.0, ""doy"": 224.0, ""topwt"": 9480.081787109377, ""grnwt"": 286.9081687927246, ""xlai"": 3.664823055267334, ""totir"": 30.0, ""tofer"": NaN, ""swfac"": 0.0, ""nstres"": 0.0180979967117309}",0.0,0.0180979967117309,9480.081787109377,286.9081687927246,3.664823055267334,30.0,,0.0,0.0,30.0,150.0,48.94432373046875,60.94432373046875,Leave_One_experiments/all_year_offline_schedule_search/daily_outputs/LCA/LCA_2008_LCA2008_normal_grid_S0015_daily.csv
LCA,LCA,Luancheng,2008,Leave_One_experiments\wth_generated_qc\LCA\LCA2008.WTH,wet_year;nitrogen_stress_year;low_response_year,wet,LCA2008_normal_grid_S0015,irrigation_positive_candidate,2008-08-12,225,65,60,"{""sim_day"": 65.0, ""doy"": 225.0, ""topwt"": 9529.60205078125, ""grnwt"": 581.172981262207, ""xlai"": 3.649574518203736, ""totir"": 30.0, ""tofer"": NaN, ""swfac"": 0.0, ""nstres"": 0.0332861542701721}",0.0,0.0332861542701721,9529.60205078125,581.172981262207,3.649574518203736,30.0,,0.0,50.0,30.0,150.0,48.94432373046875,60.94432373046875,Leave_One_experiments/all_year_offline_schedule_search/daily_outputs/LCA/LCA_2008_LCA2008_normal_grid_S0015_daily.csv
LCA,LCA,Luancheng,2008,Leave_One_experiments\wth_generated_qc\LCA\LCA2008.WTH,wet_year;nitrogen_stress_year;low_response_year,wet,LCA2008_normal_grid_S0015,irrigation_positive_candidate,2008-08-13,226,66,61,"{""sim_day"": 66.0, ""doy"": 226.0, ""topwt"": 9614.603881835938, ""grnwt"": 875.4377746582031, ""xlai"": 3.641092777252197, ""totir"": 30.0, ""tofer"": NaN, ""swfac"": 0.0, ""nstres"": 0.0185921192169189}",0.0,0.0185921192169189,9614.603881835938,875.4377746582031,3.641092777252197,30.0,,0.0,0.0,30.0,150.0,48.94432373046875,60.94432373046875,Leave_One_experiments/all_year_offline_schedule_search/daily_outputs/LCA/LCA_2008_LCA2008_normal_grid_S0015_daily.csv
LCA,LCA,Luancheng,2008,Leave_One_experiments\wth_generated_qc\LCA\LCA2008.WTH,wet_year;nitrogen_stress_year;low_response_year,wet,LCA2008_normal_grid_S0015,irrigation_positive_candidate,2008-08-14,227,67,62,"{""sim_day"": 67.0, ""doy"": 227.0, ""topwt"": 9923.075561523438, ""grnwt"": 1169.702606201172, ""xlai"": 3.641092777252197, ""totir"": 30.0, ""tofer"": NaN, ""swfac"": 0.0, ""nstres"": 0.0}",0.0,0.0,9923.075561523438,1169.702606201172,3.641092777252197,30.0,,0.0,0.0,30.0,150.0,48.94432373046875,60.94432373046875,Leave_One_experiments/all_year_offline_schedule_search/daily_outputs/LCA/LCA_2008_LCA2008_normal_grid_S0015_daily.csv
LCA,LCA,Luancheng,2008,Leave_One_experiments\wth_generated_qc\LCA\LCA2008.WTH,wet_year;nitrogen_stress_year;low_response_year,wet,LCA2008_normal_grid_S0015,irrigation_positive_candidate,2008-08-15,228,68,63,"{""sim_day"": 68.0, ""doy"": 228.0, ""topwt"": 10190.662231445312, ""grnwt"": 1463.9674377441406, ""xlai"": 3.641092777252197, ""totir"": 30.0, ""tofer"": NaN, ""swfac"": 0.0, ""nstres"": 0.0}",0.0,0.0,10190.662231445312,1463.9674377441406,3.641092777252197,30.0,,0.0,0.0,30.0,150.0,48.94432373046875,60.94432373046875,Leave_One_experiments/all_year_offline_schedule_search/daily_outputs/LCA/LCA_2008_LCA2008_normal_grid_S0015_daily.csv
LCA,LCA,Luancheng,2008,Leave_One_experiments\wth_generated_qc\LCA\LCA2008.WTH,wet_year;nitrogen_stress_year;low_response_year,wet,LCA2008_normal_grid_S0015,irrigation_positive_candidate,2008-08-16,229,69,64,"{""sim_day"": 69.0, ""doy"": 229.0, ""topwt"": 10536.517333984377, ""grnwt"": 1758.2322692871094, ""xlai"": 3.641092777252197, ""totir"": 30.0, ""tofer"": NaN, ""swfac"": 0.0, ""nstres"": 0.0}",0.0,0.0,10536.517333984377,1758.2322692871094,3.641092777252197,30.0,,0.0,0.0,30.0,150.0,48.94432373046875,60.94432373046875,Leave_One_experiments/all_year_offline_schedule_search/daily_outputs/LCA/LCA_2008_LCA2008_normal_grid_S0015_daily.csv
LCA,LCA,Luancheng,2008,Leave_One_experiments\wth_generated_qc\LCA\LCA2008.WTH,wet_year;nitrogen_stress_year;low_response_year,wet,LCA2008_normal_grid_S0015,irrigation_positive_candidate,2008-08-17,230,70,65,"{""sim_day"": 70.0, ""doy"": 230.0, ""topwt"": 10844.989013671877, ""grnwt"": 2052.497100830078, ""xlai"": 3.641092777252197, ""totir"": 30.0, ""tofer"": NaN, ""swfac"": 0.0, ""nstres"": 0.0}",0.0,0.0,10844.989013671877,2052.497100830078,3.641092777252197,30.0,,0.0,0.0,30.0,150.0,48.94432373046875,60.94432373046875,Leave_One_experiments/all_year_offline_schedule_search/daily_outputs/LCA/LCA_2008_LCA2008_normal_grid_S0015_daily.csv
LCA,LCA,Luancheng,2008,Leave_One_experiments\wth_generated_qc\LCA\LCA2008.WTH,wet_year;nitrogen_stress_year;low_response_year,wet,LCA2008_normal_grid_S0015,irrigation_positive_candidate,2008-08-18,231,71,66,"{""sim_day"": 71.0, ""doy"": 231.0, ""topwt"": 11175.103759765623, ""grnwt"": 2346.762084960937, ""xlai"": 3.641092777252197, ""totir"": 30.0, ""tofer"": NaN, ""swfac"": 0.0, ""nstres"": 0.0}",0.0,0.0,11175.103759765623,2346.762084960937,3.641092777252197,30.0,,0.0,0.0,30.0,150.0,48.94432373046875,60.94432373046875,Leave_One_experiments/all_year_offline_schedule_search/daily_outputs/LCA/LCA_2008_LCA2008_normal_grid_S0015_daily.csv
LCA,LCA,Luancheng,2008,Leave_One_experiments\wth_generated_qc\LCA\LCA2008.WTH,wet_year;nitrogen_stress_year;low_response_year,wet,LCA2008_normal_grid_S0015,irrigation_positive_candidate,2008-08-19,232,72,67,"{""sim_day"": 72.0, ""doy"": 232.0, ""topwt"": 11436.788330078123, ""grnwt"": 2641.0269165039062, ""xlai"": 3.641092777252197, ""totir"": 30.0, ""tofer"": NaN, ""swfac"": 0.0, ""nstres"": 0.0}",0.0,0.0,11436.788330078123,2641.0269165039062,3.641092777252197,30.0,,0.0,0.0,30.0,150.0,48.94432373046875,60.94432373046875,Leave_One_experiments/all_year_offline_schedule_search/daily_outputs/LCA/LCA_2008_LCA2008_normal_grid_S0015_daily.csv
LCA,LCA,Luancheng,2008,Leave_One_experiments\wth_generated_qc\LCA\LCA2008.WTH,wet_year;nitrogen_stress_year;low_response_year,wet,LCA2008_normal_grid_S0015,irrigation_positive_candidate,2008-08-20,233,73,68,"{""sim_day"": 73.0, ""doy"": 233.0, ""topwt"": 11509.58740234375, ""grnwt"": 2935.292053222656, ""xlai"": 3.641092777252197, ""totir"": 30.0, ""tofer"": NaN, ""swfac"": 0.0, ""nstres"": 0.0}",0.0,0.0,11509.58740234375,2935.292053222656,3.641092777252197,30.0,,0.0,0.0,30.0,150.0,48.94432373046875,60.94432373046875,Leave_One_experiments/all_year_offline_schedule_search/daily_outputs/LCA/LCA_2008_LCA2008_normal_grid_S0015_daily.csv
LCA,LCA,Luancheng,2008,Leave_One_experiments\wth_generated_qc\LCA\LCA2008.WTH,wet_year;nitrogen_stress_year;low_response_year,wet,LCA2008_normal_grid_S0015,irrigation_positive_candidate,2008-08-21,234,74,69,"{""sim_day"": 74.0, ""doy"": 234.0, ""topwt"": 11892.8271484375, ""grnwt"": 3229.556884765625, ""xlai"": 3.641092777252197, ""totir"": 30.0, ""tofer"": NaN, ""swfac"": 0.0, ""nstres"": 0.0}",0.0,0.0,11892.8271484375,3229.556884765625,3.641092777252197,30.0,,0.0,0.0,30.0,150.0,48.94432373046875,60.94432373046875,Leave_One_experiments/all_year_offline_schedule_search/daily_outputs/LCA/LCA_2008_LCA2008_normal_grid_S0015_daily.csv
LCA,LCA,Luancheng,2008,Leave_One_experiments\wth_generated_qc\LCA\LCA2008.WTH,wet_year;nitrogen_stress_year;low_response_year,wet,LCA2008_normal_grid_S0015,irrigation_positive_candidate,2008-08-22,235,75,70,"{""sim_day"": 75.0, ""doy"": 235.0, ""topwt"": 12261.30859375, ""grnwt"": 3523.8217163085938, ""xlai"": 3.641092777252197, ""totir"": 30.0, ""tofer"": NaN, ""swfac"": 0.0, ""nstres"": 0.0}",0.0,0.0,12261.30859375,3523.8217163085938,3.641092777252197,30.0,,0.0,0.0,30.0,150.0,48.94432373046875,60.94432373046875,Leave_One_experiments/all_year_offline_schedule_search/daily_outputs/LCA/LCA_2008_LCA2008_normal_grid_S0015_daily.csv
LCA,LCA,Luancheng,2008,Leave_One_experiments\wth_generated_qc\LCA\LCA2008.WTH,wet_year;nitrogen_stress_year;low_response_year,wet,LCA2008_normal_grid_S0015,irrigation_positive_candidate,2008-08-23,236,76,71,"{""sim_day"": 76.0, ""doy"": 236.0, ""topwt"": 12560.926513671877, ""grnwt"": 3818.086853027344, ""xlai"": 3.60944414138794, ""totir"": 30.0, ""tofer"": NaN, ""swfac"": 0.0, ""nstres"": 0.0}",0.0,0.0,12560.926513671877,3818.086853027344,3.60944414138794,30.0,,0.0,0.0,30.0,150.0,48.94432373046875,60.94432373046875,Leave_One_experiments/all_year_offline_schedule_search/daily_outputs/LCA/LCA_2008_LCA2008_normal_grid_S0015_daily.csv
LCA,LCA,Luancheng,2008,Leave_One_experiments\wth_generated_qc\LCA\LCA2008.WTH,wet_year;nitrogen_stress_year;low_response_year,wet,LCA2008_normal_grid_S0015,irrigation_positive_candidate,2008-08-24,237,77,72,"{""sim_day"": 77.0, ""doy"": 237.0, ""topwt"": 12911.314697265623, ""grnwt"": 4112.3516845703125, ""xlai"": 3.5635037422180176, ""totir"": 30.0, ""tofer"": NaN, ""swfac"": 0.0, ""nstres"": 0.0}",0.0,0.0,12911.314697265623,4112.3516845703125,3.5635037422180176,30.0,,0.0,0.0,30.0,150.0,48.94432373046875,60.94432373046875,Leave_One_experiments/all_year_offline_schedule_search/daily_outputs/LCA/LCA_2008_LCA2008_normal_grid_S0015_daily.csv
LCA,LCA,Luancheng,2008,Leave_One_experiments\wth_generated_qc\LCA\LCA2008.WTH,wet_year;nitrogen_stress_year;low_response_year,wet,LCA2008_normal_grid_S0015,irrigation_positive_candidate,2008-08-25,238,78,73,"{""sim_day"": 78.0, ""doy"": 238.0, ""topwt"": 13210.213623046877, ""grnwt"": 4406.616516113281, ""xlai"": 3.5104479789733887, ""totir"": 30.0, ""tofer"": NaN, ""swfac"": 0.0, ""nstres"": 0.0}",0.0,0.0,13210.213623046877,4406.616516113281,3.5104479789733887,30.0,,0.0,0.0,30.0,150.0,48.94432373046875,60.94432373046875,Leave_One_experiments/all_year_offline_schedule_search/daily_outputs/LCA/LCA_2008_LCA2008_normal_grid_S0015_daily.csv
LCA,LCA,Luancheng,2008,Leave_One_experiments\wth_generated_qc\LCA\LCA2008.WTH,wet_year;nitrogen_stress_year;low_response_year,wet,LCA2008_normal_grid_S0015,irrigation_positive_candidate,2008-08-26,239,79,74,"{""sim_day"": 79.0, ""doy"": 239.0, ""topwt"": 13514.453125, ""grnwt"": 4700.881652832031, ""xlai"": 3.453958511352539, ""totir"": 30.0, ""tofer"": NaN, ""swfac"": 0.0, ""nstres"": 0.0}",0.0,0.0,13514.453125,4700.881652832031,3.453958511352539,30.0,,0.0,0.0,30.0,150.0,48.94432373046875,60.94432373046875,Leave_One_experiments/all_year_offline_schedule_search/daily_outputs/LCA/LCA_2008_LCA2008_normal_grid_S0015_daily.csv
LCA,LCA,Luancheng,2008,Leave_One_experiments\wth_generated_qc\LCA\LCA2008.WTH,wet_year;nitrogen_stress_year;low_response_year,wet,LCA2008_normal_grid_S0015,irrigation_positive_candidate,2008-08-27,240,80,75,"{""sim_day"": 80.0, ""doy"": 240.0, ""topwt"": 13786.654052734377, ""grnwt"": 4995.146484375, ""xlai"": 3.388469934463501, ""totir"": 30.0, ""tofer"": NaN, ""swfac"": 0.0, ""nstres"": 0.0}",0.0,0.0,13786.654052734377,4995.146484375,3.388469934463501,30.0,,0.0,0.0,30.0,150.0,48.94432373046875,60.94432373046875,Leave_One_experiments/all_year_offline_schedule_search/daily_outputs/LCA/LCA_2008_LCA2008_normal_grid_S0015_daily.csv
LCA,LCA,Luancheng,2008,Leave_One_experiments\wth_generated_qc\LCA\LCA2008.WTH,wet_year;nitrogen_stress_year;low_response_year,wet,LCA2008_normal_grid_S0015,irrigation_positive_candidate,2008-08-28,241,81,76,"{""sim_day"": 81.0, ""doy"": 241.0, ""topwt"": 14049.866943359377, ""grnwt"": 5289.41162109375, ""xlai"": 3.31945538520813, ""totir"": 30.0, ""tofer"": NaN, ""swfac"": 0.0, ""nstres"": 0.0}",0.0,0.0,14049.866943359377,5289.41162109375,3.31945538520813,30.0,,0.0,0.0,30.0,150.0,48.94432373046875,60.94432373046875,Leave_One_experiments/all_year_offline_schedule_search/daily_outputs/LCA/LCA_2008_LCA2008_normal_grid_S0015_daily.csv
LCA,LCA,Luancheng,2008,Leave_One_experiments\wth_generated_qc\LCA\LCA2008.WTH,wet_year;nitrogen_stress_year;low_response_year,wet,LCA2008_normal_grid_S0015,irrigation_positive_candidate,2008-08-29,242,82,77,"{""sim_day"": 82.0, ""doy"": 242.0, ""topwt"": 14153.84765625, ""grnwt"": 5583.6761474609375, ""xlai"": 3.2574803829193115, ""totir"": 30.0, ""tofer"": NaN, ""swfac"": 0.0, ""nstres"": 0.0}",0.0,0.0,14153.84765625,5583.6761474609375,3.2574803829193115,30.0,,0.0,0.0,30.0,150.0,48.94432373046875,60.94432373046875,Leave_One_experiments/all_year_offline_schedule_search/daily_outputs/LCA/LCA_2008_LCA2008_normal_grid_S0015_daily.csv
LCA,LCA,Luancheng,2008,Leave_One_experiments\wth_generated_qc\LCA\LCA2008.WTH,wet_year;nitrogen_stress_year;low_response_year,wet,LCA2008_normal_grid_S0015,irrigation_positive_candidate,2008-08-30,243,83,78,"{""sim_day"": 83.0, ""doy"": 243.0, ""topwt"": 14529.8828125, ""grnwt"": 5877.941284179688, ""xlai"": 3.1956136226654053, ""totir"": 30.0, ""tofer"": NaN, ""swfac"": 0.0, ""nstres"": 0.0004358291625976}",0.0,0.0004358291625976,14529.8828125,5877.941284179688,3.1956136226654053,30.0,,0.0,0.0,30.0,150.0,48.94432373046875,60.94432373046875,Leave_One_experiments/all_year_offline_schedule_search/daily_outputs/LCA/LCA_2008_LCA2008_normal_grid_S0015_daily.csv
LCA,LCA,Luancheng,2008,Leave_One_experiments\wth_generated_qc\LCA\LCA2008.WTH,wet_year;nitrogen_stress_year;low_response_year,wet,LCA2008_normal_grid_S0015,irrigation_positive_candidate,2008-08-31,244,84,79,"{""sim_day"": 84.0, ""doy"": 244.0, ""topwt"": 14895.48583984375, ""grnwt"": 6172.2064208984375, ""xlai"": 3.1336190700531006, ""totir"": 30.0, ""tofer"": NaN, ""swfac"": 0.0, ""nstres"": 0.0079607963562011}",0.0,0.0079607963562011,14895.48583984375,6172.2064208984375,3.1336190700531006,30.0,,0.0,0.0,30.0,150.0,48.94432373046875,60.94432373046875,Leave_One_experiments/all_year_offline_schedule_search/daily_outputs/LCA/LCA_2008_LCA2008_normal_grid_S0015_daily.csv
LCA,LCA,Luancheng,2008,Leave_One_experiments\wth_generated_qc\LCA\LCA2008.WTH,wet_year;nitrogen_stress_year;low_response_year,wet,LCA2008_normal_grid_S0015,irrigation_positive_candidate,2008-09-01,245,85,80,"{""sim_day"": 85.0, ""doy"": 245.0, ""topwt"": 15218.643798828123, ""grnwt"": 6466.470947265625, ""xlai"": 3.068962335586548, ""totir"": 30.0, ""tofer"": NaN, ""swfac"": 0.0, ""nstres"": 0.0431940555572509}",0.0,0.0431940555572509,15218.643798828123,6466.470947265625,3.068962335586548,30.0,,0.0,0.0,30.0,150.0,48.94432373046875,60.94432373046875,Leave_One_experiments/all_year_offline_schedule_search/daily_outputs/LCA/LCA_2008_LCA2008_normal_grid_S0015_daily.csv
LCA,LCA,Luancheng,2008,Leave_One_experiments\wth_generated_qc\LCA\LCA2008.WTH,wet_year;nitrogen_stress_year;low_response_year,wet,LCA2008_normal_grid_S0015,irrigation_positive_candidate,2008-09-02,246,86,81,"{""sim_day"": 86.0, ""doy"": 246.0, ""topwt"": 15515.9814453125, ""grnwt"": 6760.736083984375, ""xlai"": 2.990628957748413, ""totir"": 30.0, ""tofer"": NaN, ""swfac"": 0.0, ""nstres"": 0.0737684369087219}",0.0,0.0737684369087219,15515.9814453125,6760.736083984375,2.990628957748413,30.0,,0.0,0.0,30.0,150.0,48.94432373046875,60.94432373046875,Leave_One_experiments/all_year_offline_schedule_search/daily_outputs/LCA/LCA_2008_LCA2008_normal_grid_S0015_daily.csv
LCA,LCA,Luancheng,2008,Leave_One_experiments\wth_generated_qc\LCA\LCA2008.WTH,wet_year;nitrogen_stress_year;low_response_year,wet,LCA2008_normal_grid_S0015,irrigation_positive_candidate,2008-09-03,247,87,82,"{""sim_day"": 87.0, ""doy"": 247.0, ""topwt"": 15811.35009765625, ""grnwt"": 7055.001220703125, ""xlai"": 2.91596794128418, ""totir"": 30.0, ""tofer"": NaN, ""swfac"": 0.0, ""nstres"": 0.0999788045883178}",0.0,0.0999788045883178,15811.35009765625,7055.001220703125,2.91596794128418,30.0,,0.0,0.0,30.0,150.0,48.94432373046875,60.94432373046875,Leave_One_experiments/all_year_offline_schedule_search/daily_outputs/LCA/LCA_2008_LCA2008_normal_grid_S0015_daily.csv
LCA,LCA,Luancheng,2008,Leave_One_experiments\wth_generated_qc\LCA\LCA2008.WTH,wet_year;nitrogen_stress_year;low_response_year,wet,LCA2008_normal_grid_S0015,irrigation_positive_candidate,2008-09-04,248,88,83,"{""sim_day"": 88.0, ""doy"": 248.0, ""topwt"": 16129.442138671877, ""grnwt"": 7349.265747070312, ""xlai"": 2.840122699737549, ""totir"": 30.0, ""tofer"": NaN, ""swfac"": 0.0, ""nstres"": 0.12348473072052}",0.0,0.12348473072052,16129.442138671877,7349.265747070312,2.840122699737549,30.0,,0.0,0.0,30.0,150.0,48.94432373046875,60.94432373046875,Leave_One_experiments/all_year_offline_schedule_search/daily_outputs/LCA/LCA_2008_LCA2008_normal_grid_S0015_daily.csv
LCA,LCA,Luancheng,2008,Leave_One_experiments\wth_generated_qc\LCA\LCA2008.WTH,wet_year;nitrogen_stress_year;low_response_year,wet,LCA2008_normal_grid_S0015,irrigation_positive_candidate,2008-09-05,249,89,84,"{""sim_day"": 89.0, ""doy"": 249.0, ""topwt"": 16319.92431640625, ""grnwt"": 7643.5302734375, ""xlai"": 2.7581353187561035, ""totir"": 30.0, ""tofer"": NaN, ""swfac"": 0.0, ""nstres"": 0.1455955505371093}",0.0,0.1455955505371093,16319.92431640625,7643.5302734375,2.7581353187561035,30.0,,0.0,0.0,30.0,150.0,48.94432373046875,60.94432373046875,Leave_One_experiments/all_year_offline_schedule_search/daily_outputs/LCA/LCA_2008_LCA2008_normal_grid_S0015_daily.csv
LCA,LCA,Luancheng,2008,Leave_One_experiments\wth_generated_qc\LCA\LCA2008.WTH,wet_year;nitrogen_stress_year;low_response_year,wet,LCA2008_normal_grid_S0015,irrigation_positive_candidate,2008-09-06,250,90,85,"{""sim_day"": 90.0, ""doy"": 250.0, ""topwt"": 16420.0439453125, ""grnwt"": 7937.794799804687, ""xlai"": 2.672294855117798, ""totir"": 30.0, ""tofer"": NaN, ""swfac"": 0.0, ""nstres"": 0.16892009973526}",0.0,0.16892009973526,16420.0439453125,7937.794799804687,2.672294855117798,30.0,,0.0,0.0,30.0,150.0,48.94432373046875,60.94432373046875,Leave_One_experiments/all_year_offline_schedule_search/daily_outputs/LCA/LCA_2008_LCA2008_normal_grid_S0015_daily.csv
LCA,LCA,Luancheng,2008,Leave_One_experiments\wth_generated_qc\LCA\LCA2008.WTH,wet_year;nitrogen_stress_year;low_response_year,wet,LCA2008_normal_grid_S0015,irrigation_positive_candidate,2008-09-07,251,91,86,"{""sim_day"": 91.0, ""doy"": 251.0, ""topwt"": 16555.859375, ""grnwt"": 8232.059326171875, ""xlai"": 2.591778516769409, ""totir"": 30.0, ""tofer"": NaN, ""swfac"": 0.0, ""nstres"": 0.1826435327529907}",0.0,0.1826435327529907,16555.859375,8232.059326171875,2.591778516769409,30.0,,0.0,0.0,30.0,150.0,48.94432373046875,60.94432373046875,Leave_One_experiments/all_year_offline_schedule_search/daily_outputs/LCA/LCA_2008_LCA2008_normal_grid_S0015_daily.csv
LCA,LCA,Luancheng,2008,Leave_One_experiments\wth_generated_qc\LCA\LCA2008.WTH,wet_year;nitrogen_stress_year;low_response_year,wet,LCA2008_normal_grid_S0015,irrigation_positive_candidate,2008-09-08,252,92,87,"{""sim_day"": 92.0, ""doy"": 252.0, ""topwt"": 16616.70654296875, ""grnwt"": 8526.323852539062, ""xlai"": 2.5094923973083496, ""totir"": 30.0, ""tofer"": NaN, ""swfac"": 0.0, ""nstres"": 0.1893466711044311}",0.0,0.1893466711044311,16616.70654296875,8526.323852539062,2.5094923973083496,30.0,,0.0,0.0,30.0,150.0,48.94432373046875,60.94432373046875,Leave_One_experiments/all_year_offline_schedule_search/daily_outputs/LCA/LCA_2008_LCA2008_normal_grid_S0015_daily.csv
LCA,LCA,Luancheng,2008,Leave_One_experiments\wth_generated_qc\LCA\LCA2008.WTH,wet_year;nitrogen_stress_year;low_response_year,wet,LCA2008_normal_grid_S0015,irrigation_positive_candidate,2008-09-09,253,93,88,"{""sim_day"": 93.0, ""doy"": 253.0, ""topwt"": 16872.489013671875, ""grnwt"": 8820.58837890625, ""xlai"": 2.414781093597412, ""totir"": 30.0, ""tofer"": NaN, ""swfac"": 0.0, ""nstres"": 0.2000475525856018}",0.0,0.2000475525856018,16872.489013671875,8820.58837890625,2.414781093597412,30.0,,0.0,0.0,30.0,150.0,48.94432373046875,60.94432373046875,Leave_One_experiments/all_year_offline_schedule_search/daily_outputs/LCA/LCA_2008_LCA2008_normal_grid_S0015_daily.csv
LCA,LCA,Luancheng,2008,Leave_One_experiments\wth_generated_qc\LCA\LCA2008.WTH,wet_year;nitrogen_stress_year;low_response_year,wet,LCA2008_normal_grid_S0015,irrigation_positive_candidate,2008-09-10,254,94,89,"{""sim_day"": 94.0, ""doy"": 254.0, ""topwt"": 17175.772705078125, ""grnwt"": 9114.852905273438, ""xlai"": 2.3064284324646, ""totir"": 30.0, ""tofer"": NaN, ""swfac"": 0.0, ""nstres"": 0.212522804737091}",0.0,0.212522804737091,17175.772705078125,9114.852905273438,2.3064284324646,30.0,,0.0,0.0,30.0,150.0,48.94432373046875,60.94432373046875,Leave_One_experiments/all_year_offline_schedule_search/daily_outputs/LCA/LCA_2008_LCA2008_normal_grid_S0015_daily.csv
LCA,LCA,Luancheng,2008,Leave_One_experiments\wth_generated_qc\LCA\LCA2008.WTH,wet_year;nitrogen_stress_year;low_response_year,wet,LCA2008_normal_grid_S0015,irrigation_positive_candidate,2008-09-11,255,95,90,"{""sim_day"": 95.0, ""doy"": 255.0, ""topwt"": 17442.821044921875, ""grnwt"": 9409.117431640623, ""xlai"": 2.201999425888061, ""totir"": 30.0, ""tofer"": NaN, ""swfac"": 0.0, ""nstres"": 0.2824637293815613}",0.0,0.2824637293815613,17442.821044921875,9409.117431640623,2.201999425888061,30.0,,0.0,0.0,30.0,150.0,48.94432373046875,60.94432373046875,Leave_One_experiments/all_year_offline_schedule_search/daily_outputs/LCA/LCA_2008_LCA2008_normal_grid_S0015_daily.csv
LCA,LCA,Luancheng,2008,Leave_One_experiments\wth_generated_qc\LCA\LCA2008.WTH,wet_year;nitrogen_stress_year;low_response_year,wet,LCA2008_normal_grid_S0015,irrigation_positive_candidate,2008-09-12,256,96,91,"{""sim_day"": 96.0, ""doy"": 256.0, ""topwt"": 17636.685791015625, ""grnwt"": 9703.381958007812, ""xlai"": 2.094613552093506, ""totir"": 30.0, ""tofer"": NaN, ""swfac"": 0.0, ""nstres"": 0.3601511716842651}",0.0,0.3601511716842651,17636.685791015625,9703.381958007812,2.094613552093506,30.0,,0.0,0.0,30.0,150.0,48.94432373046875,60.94432373046875,Leave_One_experiments/all_year_offline_schedule_search/daily_outputs/LCA/LCA_2008_LCA2008_normal_grid_S0015_daily.csv
LCA,LCA,Luancheng,2008,Leave_One_experiments\wth_generated_qc\LCA\LCA2008.WTH,wet_year;nitrogen_stress_year;low_response_year,wet,LCA2008_normal_grid_S0015,irrigation_positive_candidate,2008-09-13,257,97,92,"{""sim_day"": 97.0, ""doy"": 257.0, ""topwt"": 17724.82666015625, ""grnwt"": 9838.170776367188, ""xlai"": 1.9793511629104612, ""totir"": 30.0, ""tofer"": NaN, ""swfac"": 0.0, ""nstres"": 0.4221314191818237}",0.0,0.4221314191818237,17724.82666015625,9838.170776367188,1.9793511629104612,30.0,,0.0,0.0,30.0,150.0,48.94432373046875,60.94432373046875,Leave_One_experiments/all_year_offline_schedule_search/daily_outputs/LCA/LCA_2008_LCA2008_normal_grid_S0015_daily.csv
LCA,LCA,Luancheng,2008,Leave_One_experiments\wth_generated_qc\LCA\LCA2008.WTH,wet_year;nitrogen_stress_year;low_response_year,wet,LCA2008_normal_grid_S0015,irrigation_positive_candidate,2008-09-14,258,98,93,"{""sim_day"": 98.0, ""doy"": 258.0, ""topwt"": 17886.197509765625, ""grnwt"": 9999.54345703125, ""xlai"": 1.8566429615020752, ""totir"": 30.0, ""tofer"": NaN, ""swfac"": 0.0, ""nstres"": 0.4072252511978149}",0.0,0.4072252511978149,17886.197509765625,9999.54345703125,1.8566429615020752,30.0,,0.0,0.0,30.0,150.0,48.94432373046875,60.94432373046875,Leave_One_experiments/all_year_offline_schedule_search/daily_outputs/LCA/LCA_2008_LCA2008_normal_grid_S0015_daily.csv
LCA,LCA,Luancheng,2008,Leave_One_experiments\wth_generated_qc\LCA\LCA2008.WTH,wet_year;nitrogen_stress_year;low_response_year,wet,LCA2008_normal_grid_S0015,irrigation_positive_candidate,2008-09-15,259,99,94,"{""sim_day"": 99.0, ""doy"": 259.0, ""topwt"": 18031.08642578125, ""grnwt"": 10144.432373046877, ""xlai"": 1.7373454570770264, ""totir"": 30.0, ""tofer"": NaN, ""swfac"": 0.0, ""nstres"": 0.4134323000907898}",0.0,0.4134323000907898,18031.08642578125,10144.432373046877,1.7373454570770264,30.0,,0.0,0.0,30.0,150.0,48.94432373046875,60.94432373046875,Leave_One_experiments/all_year_offline_schedule_search/daily_outputs/LCA/LCA_2008_LCA2008_normal_grid_S0015_daily.csv
LCA,LCA,Luancheng,2008,Leave_One_experiments\wth_generated_qc\LCA\LCA2008.WTH,wet_year;nitrogen_stress_year;low_response_year,wet,LCA2008_normal_grid_S0015,irrigation_positive_candidate,2008-09-16,260,100,95,"{""sim_day"": 100.0, ""doy"": 260.0, ""topwt"": 18031.08642578125, ""grnwt"": 10144.432373046877, ""xlai"": 1.7373454570770264, ""totir"": 30.0, ""tofer"": NaN, ""swfac"": 0.0, ""nstres"": 0.4264835715293884}",0.0,0.4264835715293884,18031.08642578125,10144.432373046877,1.7373454570770264,30.0,,0.0,0.0,30.0,150.0,48.94432373046875,60.94432373046875,Leave_One_experiments/all_year_offline_schedule_search/daily_outputs/LCA/LCA_2008_LCA2008_normal_grid_S0015_daily.csv
LCA,LCA,Luancheng,2008,Leave_One_experiments\wth_generated_qc\LCA\LCA2008.WTH,wet_year;nitrogen_stress_year;low_response_year,wet,LCA2008_normal_grid_S0015,irrigation_positive_candidate,2008-09-17,261,101,96,"{""sim_day"": 101.0, ""doy"": 261.0, ""topwt"": 18031.08642578125, ""grnwt"": 10144.432373046877, ""xlai"": 1.7373454570770264, ""totir"": 30.0, ""tofer"": NaN, ""swfac"": 0.0, ""nstres"": 0.4264835715293884}",0.0,0.4264835715293884,18031.08642578125,10144.432373046877,1.7373454570770264,30.0,,0.0,0.0,30.0,150.0,48.94432373046875,60.94432373046875,Leave_One_experiments/all_year_offline_schedule_search/daily_outputs/LCA/LCA_2008_LCA2008_normal_grid_S0015_daily.csv
LCA,LCA,Luancheng,2008,Leave_One_experiments\wth_generated_qc\LCA\LCA2008.WTH,wet_year;nitrogen_stress_year;low_response_year,wet,LCA2008_normal_grid_S0015,irrigation_positive_candidate,2008-09-18,262,102,97,"{""sim_day"": 102.0, ""doy"": 262.0, ""topwt"": 18031.08642578125, ""grnwt"": 10144.432373046877, ""xlai"": 1.7373454570770264, ""totir"": 30.0, ""tofer"": NaN, ""swfac"": 0.0, ""nstres"": 0.4264835715293884}",0.0,0.4264835715293884,18031.08642578125,10144.432373046877,1.7373454570770264,30.0,,0.0,0.0,30.0,150.0,48.94432373046875,60.94432373046875,Leave_One_experiments/all_year_offline_schedule_search/daily_outputs/LCA/LCA_2008_LCA2008_normal_grid_S0015_daily.csv
LCA,LCA,Luancheng,2008,Leave_One_experiments\wth_generated_qc\LCA\LCA2008.WTH,wet_year;nitrogen_stress_year;low_response_year,wet,LCA2008_normal_grid_S0015,irrigation_positive_candidate,2008-09-19,263,103,98,"{""sim_day"": 103.0, ""doy"": 263.0, ""topwt"": 18031.08642578125, ""grnwt"": 10144.432373046877, ""xlai"": 1.7373454570770264, ""totir"": 30.0, ""tofer"": NaN, ""swfac"": 0.0, ""nstres"": 0.4264835715293884}",0.0,0.4264835715293884,18031.08642578125,10144.432373046877,1.7373454570770264,30.0,,0.0,0.0,30.0,150.0,48.94432373046875,60.94432373046875,Leave_One_experiments/all_year_offline_schedule_search/daily_outputs/LCA/LCA_2008_LCA2008_normal_grid_S0015_daily.csv
LCA,LCA,Luancheng,2008,Leave_One_experiments\wth_generated_qc\LCA\LCA2008.WTH,wet_year;nitrogen_stress_year;low_response_year,wet,LCA2008_normal_grid_S0010,low_input_within_10pct_yield,2008-06-14,166,1,1,"{""sim_day"": 1.0, ""doy"": 166.0, ""topwt"": 0.0, ""grnwt"": 0.0, ""xlai"": 0.0, ""totir"": 0.0, ""tofer"": NaN, ""swfac"": 0.0, ""nstres"": 0.0}",0.0,0.0,0.0,0.0,0.0,0.0,,0.0,50.0,0.0,150.0,63.86759643554687,63.86759643554687,Leave_One_experiments/all_year_offline_schedule_search/daily_outputs/LCA/LCA_2008_LCA2008_normal_grid_S0010_daily.csv
LCA,LCA,Luancheng,2008,Leave_One_experiments\wth_generated_qc\LCA\LCA2008.WTH,wet_year;nitrogen_stress_year;low_response_year,wet,LCA2008_normal_grid_S0010,low_input_within_10pct_yield,2008-06-15,167,2,2,"{""sim_day"": 2.0, ""doy"": 167.0, ""topwt"": 0.0, ""grnwt"": 0.0, ""xlai"": 0.0, ""totir"": 0.0, ""tofer"": NaN, ""swfac"": 0.0, ""nstres"": 0.0}",0.0,0.0,0.0,0.0,0.0,0.0,,0.0,0.0,0.0,150.0,63.86759643554687,63.86759643554687,Leave_One_experiments/all_year_offline_schedule_search/daily_outputs/LCA/LCA_2008_LCA2008_normal_grid_S0010_daily.csv
LCA,LCA,Luancheng,2008,Leave_One_experiments\wth_generated_qc\LCA\LCA2008.WTH,wet_year;nitrogen_stress_year;low_response_year,wet,LCA2008_normal_grid_S0010,low_input_within_10pct_yield,2008-06-16,168,3,3,"{""sim_day"": 3.0, ""doy"": 168.0, ""topwt"": 0.0, ""grnwt"": 0.0, ""xlai"": 0.0, ""totir"": 0.0, ""tofer"": NaN, ""swfac"": 0.0, ""nstres"": 0.0}",0.0,0.0,0.0,0.0,0.0,0.0,,0.0,0.0,0.0,150.0,63.86759643554687,63.86759643554687,Leave_One_experiments/all_year_offline_schedule_search/daily_outputs/LCA/LCA_2008_LCA2008_normal_grid_S0010_daily.csv
LCA,LCA,Luancheng,2008,Leave_One_experiments\wth_generated_qc\LCA\LCA2008.WTH,wet_year;nitrogen_stress_year;low_response_year,wet,LCA2008_normal_grid_S0010,low_input_within_10pct_yield,2008-06-17,169,4,4,"{""sim_day"": 4.0, ""doy"": 169.0, ""topwt"": 0.0, ""grnwt"": 0.0, ""xlai"": 0.0, ""totir"": 0.0, ""tofer"": NaN, ""swfac"": 0.0, ""nstres"": 0.0}",0.0,0.0,0.0,0.0,0.0,0.0,,0.0,0.0,0.0,150.0,63.86759643554687,63.86759643554687,Leave_One_experiments/all_year_offline_schedule_search/daily_outputs/LCA/LCA_2008_LCA2008_normal_grid_S0010_daily.csv
LCA,LCA,Luancheng,2008,Leave_One_experiments\wth_generated_qc\LCA\LCA2008.WTH,wet_year;nitrogen_stress_year;low_response_year,wet,LCA2008_normal_grid_S0010,low_input_within_10pct_yield,2008-06-18,170,5,5,"{""sim_day"": 5.0, ""doy"": 170.0, ""topwt"": 0.0, ""grnwt"": 0.0, ""xlai"": 0.0, ""totir"": 0.0, ""tofer"": NaN, ""swfac"": 0.0, ""nstres"": 0.0}",0.0,0.0,0.0,0.0,0.0,0.0,,0.0,0.0,0.0,150.0,63.86759643554687,63.86759643554687,Leave_One_experiments/all_year_offline_schedule_search/daily_outputs/LCA/LCA_2008_LCA2008_normal_grid_S0010_daily.csv
LCA,LCA,Luancheng,2008,Leave_One_experiments\wth_generated_qc\LCA\LCA2008.WTH,wet_year;nitrogen_stress_year;low_response_year,wet,LCA2008_normal_grid_S0010,low_input_within_10pct_yield,2008-06-14,166,6,1,"{""sim_day"": 6.0, ""doy"": 166.0, ""topwt"": 0.0, ""grnwt"": 0.0, ""xlai"": 0.0, ""totir"": 0.0, ""tofer"": NaN, ""swfac"": 0.0, ""nstres"": 0.0}",0.0,0.0,0.0,0.0,0.0,0.0,,0.0,0.0,0.0,150.0,63.86759643554687,63.86759643554687,Leave_One_experiments/all_year_offline_schedule_search/daily_outputs/LCA/LCA_2008_LCA2008_normal_grid_S0010_daily.csv
LCA,LCA,Luancheng,2008,Leave_One_experiments\wth_generated_qc\LCA\LCA2008.WTH,wet_year;nitrogen_stress_year;low_response_year,wet,LCA2008_normal_grid_S0010,low_input_within_10pct_yield,2008-06-15,167,7,2,"{""sim_day"": 7.0, ""doy"": 167.0, ""topwt"": 0.0, ""grnwt"": 0.0, ""xlai"": 0.0, ""totir"": 0.0, ""tofer"": NaN, ""swfac"": 0.0, ""nstres"": 0.0}",0.0,0.0,0.0,0.0,0.0,0.0,,0.0,0.0,0.0,150.0,63.86759643554687,63.86759643554687,Leave_One_experiments/all_year_offline_schedule_search/daily_outputs/LCA/LCA_2008_LCA2008_normal_grid_S0010_daily.csv
LCA,LCA,Luancheng,2008,Leave_One_experiments\wth_generated_qc\LCA\LCA2008.WTH,wet_year;nitrogen_stress_year;low_response_year,wet,LCA2008_normal_grid_S0010,low_input_within_10pct_yield,2008-06-16,168,8,3,"{""sim_day"": 8.0, ""doy"": 168.0, ""topwt"": 0.0, ""grnwt"": 0.0, ""xlai"": 0.0, ""totir"": 0.0, ""tofer"": NaN, ""swfac"": 0.0, ""nstres"": 0.0}",0.0,0.0,0.0,0.0,0.0,0.0,,0.0,0.0,0.0,150.0,63.86759643554687,63.86759643554687,Leave_One_experiments/all_year_offline_schedule_search/daily_outputs/LCA/LCA_2008_LCA2008_normal_grid_S0010_daily.csv
LCA,LCA,Luancheng,2008,Leave_One_experiments\wth_generated_qc\LCA\LCA2008.WTH,wet_year;nitrogen_stress_year;low_response_year,wet,LCA2008_normal_grid_S0010,low_input_within_10pct_yield,2008-06-17,169,9,4,"{""sim_day"": 9.0, ""doy"": 169.0, ""topwt"": 0.0, ""grnwt"": 0.0, ""xlai"": 0.0, ""totir"": 0.0, ""tofer"": NaN, ""swfac"": 0.0, ""nstres"": 0.0}",0.0,0.0,0.0,0.0,0.0,0.0,,0.0,0.0,0.0,150.0,63.86759643554687,63.86759643554687,Leave_One_experiments/all_year_offline_schedule_search/daily_outputs/LCA/LCA_2008_LCA2008_normal_grid_S0010_daily.csv
LCA,LCA,Luancheng,2008,Leave_One_experiments\wth_generated_qc\LCA\LCA2008.WTH,wet_year;nitrogen_stress_year;low_response_year,wet,LCA2008_normal_grid_S0010,low_input_within_10pct_yield,2008-06-18,170,10,5,"{""sim_day"": 10.0, ""doy"": 170.0, ""topwt"": 0.0, ""grnwt"": 0.0, ""xlai"": 0.0, ""totir"": 0.0, ""tofer"": NaN, ""swfac"": 0.0, ""nstres"": 0.0}",0.0,0.0,0.0,0.0,0.0,0.0,,0.0,0.0,0.0,150.0,63.86759643554687,63.86759643554687,Leave_One_experiments/all_year_offline_schedule_search/daily_outputs/LCA/LCA_2008_LCA2008_normal_grid_S0010_daily.csv
LCA,LCA,Luancheng,2008,Leave_One_experiments\wth_generated_qc\LCA\LCA2008.WTH,wet_year;nitrogen_stress_year;low_response_year,wet,LCA2008_normal_grid_S0010,low_input_within_10pct_yield,2008-06-19,171,11,6,"{""sim_day"": 11.0, ""doy"": 171.0, ""topwt"": 23.600001335144043, ""grnwt"": 0.0, ""xlai"": 0.0048715858720242, ""totir"": 0.0, ""tofer"": NaN, ""swfac"": 0.0, ""nstres"": 0.0121910572052001}",0.0,0.0121910572052001,23.600001335144043,0.0,0.0048715858720242,0.0,,0.0,0.0,0.0,150.0,63.86759643554687,63.86759643554687,Leave_One_experiments/all_year_offline_schedule_search/daily_outputs/LCA/LCA_2008_LCA2008_normal_grid_S0010_daily.csv
LCA,LCA,Luancheng,2008,Leave_One_experiments\wth_generated_qc\LCA\LCA2008.WTH,wet_year;nitrogen_stress_year;low_response_year,wet,LCA2008_normal_grid_S0010,low_input_within_10pct_yield,2008-06-20,172,12,7,"{""sim_day"": 12.0, ""doy"": 172.0, ""topwt"": 23.600001335144043, ""grnwt"": 0.0, ""xlai"": 0.0113677233457565, ""totir"": 0.0, ""tofer"": NaN, ""swfac"": 0.0, ""nstres"": 0.008480429649353}",0.0,0.008480429649353,23.600001335144043,0.0,0.0113677233457565,0.0,,0.0,0.0,0.0,150.0,63.86759643554687,63.86759643554687,Leave_One_experiments/all_year_offline_schedule_search/daily_outputs/LCA/LCA_2008_LCA2008_normal_grid_S0010_daily.csv
LCA,LCA,Luancheng,2008,Leave_One_experiments\wth_generated_qc\LCA\LCA2008.WTH,wet_year;nitrogen_stress_year;low_response_year,wet,LCA2008_normal_grid_S0010,low_input_within_10pct_yield,2008-06-21,173,13,8,"{""sim_day"": 13.0, ""doy"": 173.0, ""topwt"": 23.600001335144043, ""grnwt"": 0.0, ""xlai"": 0.0186336077749729, ""totir"": 0.0, ""tofer"": NaN, ""swfac"": 0.0, ""nstres"": 0.0}",0.0,0.0,23.600001335144043,0.0,0.0186336077749729,0.0,,0.0,0.0,0.0,150.0,63.86759643554687,63.86759643554687,Leave_One_experiments/all_year_offline_schedule_search/daily_outputs/LCA/LCA_2008_LCA2008_normal_grid_S0010_daily.csv
LCA,LCA,Luancheng,2008,Leave_One_experiments\wth_generated_qc\LCA\LCA2008.WTH,wet_year;nitrogen_stress_year;low_response_year,wet,LCA2008_normal_grid_S0010,low_input_within_10pct_yield,2008-06-22,174,14,9,"{""sim_day"": 14.0, ""doy"": 174.0, ""topwt"": 25.66721200942993, ""grnwt"": 0.0, ""xlai"": 0.0461338050663471, ""totir"": 0.0, ""tofer"": NaN, ""swfac"": 0.0, ""nstres"": 0.0}",0.0,0.0,25.66721200942993,0.0,0.0461338050663471,0.0,,0.0,0.0,0.0,150.0,63.86759643554687,63.86759643554687,Leave_One_experiments/all_year_offline_schedule_search/daily_outputs/LCA/LCA_2008_LCA2008_normal_grid_S0010_daily.csv
LCA,LCA,Luancheng,2008,Leave_One_experiments\wth_generated_qc\LCA\LCA2008.WTH,wet_year;nitrogen_stress_year;low_response_year,wet,LCA2008_normal_grid_S0010,low_input_within_10pct_yield,2008-06-23,175,15,10,"{""sim_day"": 15.0, ""doy"": 175.0, ""topwt"": 36.38740301132202, ""grnwt"": 0.0, ""xlai"": 0.0728419497609138, ""totir"": 0.0, ""tofer"": NaN, ""swfac"": 0.0, ""nstres"": 0.0}",0.0,0.0,36.38740301132202,0.0,0.0728419497609138,0.0,,0.0,0.0,0.0,150.0,63.86759643554687,63.86759643554687,Leave_One_experiments/all_year_offline_schedule_search/daily_outputs/LCA/LCA_2008_LCA2008_normal_grid_S0010_daily.csv
LCA,LCA,Luancheng,2008,Leave_One_experiments\wth_generated_qc\LCA\LCA2008.WTH,wet_year;nitrogen_stress_year;low_response_year,wet,LCA2008_normal_grid_S0010,low_input_within_10pct_yield,2008-06-24,176,16,11,"{""sim_day"": 16.0, ""doy"": 176.0, ""topwt"": 52.552690505981445, ""grnwt"": 0.0, ""xlai"": 0.1089488342404365, ""totir"": 0.0, ""tofer"": NaN, ""swfac"": 0.0, ""nstres"": 0.0146409273147583}",0.0,0.0146409273147583,52.552690505981445,0.0,0.1089488342404365,0.0,,0.0,0.0,0.0,150.0,63.86759643554687,63.86759643554687,Leave_One_experiments/all_year_offline_schedule_search/daily_outputs/LCA/LCA_2008_LCA2008_normal_grid_S0010_daily.csv
LCA,LCA,Luancheng,2008,Leave_One_experiments\wth_generated_qc\LCA\LCA2008.WTH,wet_year;nitrogen_stress_year;low_response_year,wet,LCA2008_normal_grid_S0010,low_input_within_10pct_yield,2008-06-25,177,17,12,"{""sim_day"": 17.0, ""doy"": 177.0, ""topwt"": 71.13682270050049, ""grnwt"": 0.0, ""xlai"": 0.146922305226326, ""totir"": 0.0, ""tofer"": NaN, ""swfac"": 0.0, ""nstres"": 0.0}",0.0,0.0,71.13682270050049,0.0,0.146922305226326,0.0,,0.0,0.0,0.0,150.0,63.86759643554687,63.86759643554687,Leave_One_experiments/all_year_offline_schedule_search/daily_outputs/LCA/LCA_2008_LCA2008_normal_grid_S0010_daily.csv
LCA,LCA,Luancheng,2008,Leave_One_experiments\wth_generated_qc\LCA\LCA2008.WTH,wet_year;nitrogen_stress_year;low_response_year,wet,LCA2008_normal_grid_S0010,low_input_within_10pct_yield,2008-06-26,178,18,13,"{""sim_day"": 18.0, ""doy"": 178.0, ""topwt"": 93.21404457092284, ""grnwt"": 0.0, ""xlai"": 0.1889433860778808, ""totir"": 0.0, ""tofer"": NaN, ""swfac"": 0.0, ""nstres"": 0.0}",0.0,0.0,93.21404457092284,0.0,0.1889433860778808,0.0,,0.0,0.0,0.0,150.0,63.86759643554687,63.86759643554687,Leave_One_experiments/all_year_offline_schedule_search/daily_outputs/LCA/LCA_2008_LCA2008_normal_grid_S0010_daily.csv
LCA,LCA,Luancheng,2008,Leave_One_experiments\wth_generated_qc\LCA\LCA2008.WTH,wet_year;nitrogen_stress_year;low_response_year,wet,LCA2008_normal_grid_S0010,low_input_within_10pct_yield,2008-06-27,179,19,14,"{""sim_day"": 19.0, ""doy"": 179.0, ""topwt"": 119.99794960021973, ""grnwt"": 0.0, ""xlai"": 0.2368562221527099, ""totir"": 0.0, ""tofer"": NaN, ""swfac"": 0.0, ""nstres"": 0.0}",0.0,0.0,119.99794960021973,0.0,0.2368562221527099,0.0,,0.0,0.0,0.0,150.0,63.86759643554687,63.86759643554687,Leave_One_experiments/all_year_offline_schedule_search/daily_outputs/LCA/LCA_2008_LCA2008_normal_grid_S0010_daily.csv
LCA,LCA,Luancheng,2008,Leave_One_experiments\wth_generated_qc\LCA\LCA2008.WTH,wet_year;nitrogen_stress_year;low_response_year,wet,LCA2008_normal_grid_S0010,low_input_within_10pct_yield,2008-06-28,180,20,15,"{""sim_day"": 20.0, ""doy"": 180.0, ""topwt"": 138.7290096282959, ""grnwt"": 0.0, ""xlai"": 0.287154883146286, ""totir"": 0.0, ""tofer"": NaN, ""swfac"": 0.0, ""nstres"": 0.0}",0.0,0.0,138.7290096282959,0.0,0.287154883146286,0.0,,0.0,0.0,0.0,150.0,63.86759643554687,63.86759643554687,Leave_One_experiments/all_year_offline_schedule_search/daily_outputs/LCA/LCA_2008_LCA2008_normal_grid_S0010_daily.csv
LCA,LCA,Luancheng,2008,Leave_One_experiments\wth_generated_qc\LCA\LCA2008.WTH,wet_year;nitrogen_stress_year;low_response_year,wet,LCA2008_normal_grid_S0010,low_input_within_10pct_yield,2008-06-29,181,21,16,"{""sim_day"": 21.0, ""doy"": 181.0, ""topwt"": 163.9013671875, ""grnwt"": 0.0, ""xlai"": 0.3313791155815124, ""totir"": 0.0, ""tofer"": NaN, ""swfac"": 0.0, ""nstres"": 0.0}",0.0,0.0,163.9013671875,0.0,0.3313791155815124,0.0,,0.0,0.0,0.0,150.0,63.86759643554687,63.86759643554687,Leave_One_experiments/all_year_offline_schedule_search/daily_outputs/LCA/LCA_2008_LCA2008_normal_grid_S0010_daily.csv
LCA,LCA,Luancheng,2008,Leave_One_experiments\wth_generated_qc\LCA\LCA2008.WTH,wet_year;nitrogen_stress_year;low_response_year,wet,LCA2008_normal_grid_S0010,low_input_within_10pct_yield,2008-06-30,182,22,17,"{""sim_day"": 22.0, ""doy"": 182.0, ""topwt"": 209.84527587890625, ""grnwt"": 0.0, ""xlai"": 0.4086035192012787, ""totir"": 0.0, ""tofer"": NaN, ""swfac"": 0.0, ""nstres"": 0.0074787735939025}",0.0,0.0074787735939025,209.84527587890625,0.0,0.4086035192012787,0.0,,0.0,0.0,0.0,150.0,63.86759643554687,63.86759643554687,Leave_One_experiments/all_year_offline_schedule_search/daily_outputs/LCA/LCA_2008_LCA2008_normal_grid_S0010_daily.csv
LCA,LCA,Luancheng,2008,Leave_One_experiments\wth_generated_qc\LCA\LCA2008.WTH,wet_year;nitrogen_stress_year;low_response_year,wet,LCA2008_normal_grid_S0010,low_input_within_10pct_yield,2008-07-01,183,23,18,"{""sim_day"": 23.0, ""doy"": 183.0, ""topwt"": 273.8093376159668, ""grnwt"": 0.0, ""xlai"": 0.510208785533905, ""totir"": 0.0, ""tofer"": NaN, ""swfac"": 0.0, ""nstres"": 0.0}",0.0,0.0,273.8093376159668,0.0,0.510208785533905,0.0,,0.0,0.0,0.0,150.0,63.86759643554687,63.86759643554687,Leave_One_experiments/all_year_offline_schedule_search/daily_outputs/LCA/LCA_2008_LCA2008_normal_grid_S0010_daily.csv
LCA,LCA,Luancheng,2008,Leave_One_experiments\wth_generated_qc\LCA\LCA2008.WTH,wet_year;nitrogen_stress_year;low_response_year,wet,LCA2008_normal_grid_S0010,low_input_within_10pct_yield,2008-07-02,184,24,19,"{""sim_day"": 24.0, ""doy"": 184.0, ""topwt"": 349.8159408569336, ""grnwt"": 0.0, ""xlai"": 0.6242753863334656, ""totir"": 0.0, ""tofer"": NaN, ""swfac"": 0.0, ""nstres"": 0.0}",0.0,0.0,349.8159408569336,0.0,0.6242753863334656,0.0,,0.0,0.0,0.0,150.0,63.86759643554687,63.86759643554687,Leave_One_experiments/all_year_offline_schedule_search/daily_outputs/LCA/LCA_2008_LCA2008_normal_grid_S0010_daily.csv
LCA,LCA,Luancheng,2008,Leave_One_experiments\wth_generated_qc\LCA\LCA2008.WTH,wet_year;nitrogen_stress_year;low_response_year,wet,LCA2008_normal_grid_S0010,low_input_within_10pct_yield,2008-07-03,185,25,20,"{""sim_day"": 25.0, ""doy"": 185.0, ""topwt"": 451.7193603515625, ""grnwt"": 0.0, ""xlai"": 0.7690862417221069, ""totir"": 0.0, ""tofer"": NaN, ""swfac"": 0.0, ""nstres"": 0.0}",0.0,0.0,451.7193603515625,0.0,0.7690862417221069,0.0,,0.0,0.0,0.0,150.0,63.86759643554687,63.86759643554687,Leave_One_experiments/all_year_offline_schedule_search/daily_outputs/LCA/LCA_2008_LCA2008_normal_grid_S0010_daily.csv
LCA,LCA,Luancheng,2008,Leave_One_experiments\wth_generated_qc\LCA\LCA2008.WTH,wet_year;nitrogen_stress_year;low_response_year,wet,LCA2008_normal_grid_S0010,low_input_within_10pct_yield,2008-07-04,186,26,21,"{""sim_day"": 26.0, ""doy"": 186.0, ""topwt"": 513.4098815917969, ""grnwt"": 0.0, ""xlai"": 0.8528369069099426, ""totir"": 0.0, ""tofer"": NaN, ""swfac"": 0.0, ""nstres"": 0.0}",0.0,0.0,513.4098815917969,0.0,0.8528369069099426,0.0,,0.0,0.0,0.0,150.0,63.86759643554687,63.86759643554687,Leave_One_experiments/all_year_offline_schedule_search/daily_outputs/LCA/LCA_2008_LCA2008_normal_grid_S0010_daily.csv
LCA,LCA,Luancheng,2008,Leave_One_experiments\wth_generated_qc\LCA\LCA2008.WTH,wet_year;nitrogen_stress_year;low_response_year,wet,LCA2008_normal_grid_S0010,low_input_within_10pct_yield,2008-07-05,187,27,22,"{""sim_day"": 27.0, ""doy"": 187.0, ""topwt"": 629.6522903442383, ""grnwt"": 0.0, ""xlai"": 1.004525899887085, ""totir"": 0.0, ""tofer"": NaN, ""swfac"": 0.0, ""nstres"": 0.0}",0.0,0.0,629.6522903442383,0.0,1.004525899887085,0.0,,0.0,0.0,0.0,150.0,63.86759643554687,63.86759643554687,Leave_One_experiments/all_year_offline_schedule_search/daily_outputs/LCA/LCA_2008_LCA2008_normal_grid_S0010_daily.csv
LCA,LCA,Luancheng,2008,Leave_One_experiments\wth_generated_qc\LCA\LCA2008.WTH,wet_year;nitrogen_stress_year;low_response_year,wet,LCA2008_normal_grid_S0010,low_input_within_10pct_yield,2008-07-06,188,28,23,"{""sim_day"": 28.0, ""doy"": 188.0, ""topwt"": 775.8977508544922, ""grnwt"": 0.0, ""xlai"": 1.191604495048523, ""totir"": 0.0, ""tofer"": NaN, ""swfac"": 0.0, ""nstres"": 0.0}",0.0,0.0,775.8977508544922,0.0,1.191604495048523,0.0,,0.0,0.0,0.0,150.0,63.86759643554687,63.86759643554687,Leave_One_experiments/all_year_offline_schedule_search/daily_outputs/LCA/LCA_2008_LCA2008_normal_grid_S0010_daily.csv
LCA,LCA,Luancheng,2008,Leave_One_experiments\wth_generated_qc\LCA\LCA2008.WTH,wet_year;nitrogen_stress_year;low_response_year,wet,LCA2008_normal_grid_S0010,low_input_within_10pct_yield,2008-07-07,189,29,24,"{""sim_day"": 29.0, ""doy"": 189.0, ""topwt"": 920.9870147705078, ""grnwt"": 0.0, ""xlai"": 1.3661352396011353, ""totir"": 0.0, ""tofer"": NaN, ""swfac"": 0.0, ""nstres"": 0.0}",0.0,0.0,920.9870147705078,0.0,1.3661352396011353,0.0,,0.0,0.0,0.0,150.0,63.86759643554687,63.86759643554687,Leave_One_experiments/all_year_offline_schedule_search/daily_outputs/LCA/LCA_2008_LCA2008_normal_grid_S0010_daily.csv
LCA,LCA,Luancheng,2008,Leave_One_experiments\wth_generated_qc\LCA\LCA2008.WTH,wet_year;nitrogen_stress_year;low_response_year,wet,LCA2008_normal_grid_S0010,low_input_within_10pct_yield,2008-07-08,190,30,25,"{""sim_day"": 30.0, ""doy"": 190.0, ""topwt"": 1079.9972534179688, ""grnwt"": 0.0, ""xlai"": 1.5453838109970093, ""totir"": 0.0, ""tofer"": NaN, ""swfac"": 0.0, ""nstres"": 0.0}",0.0,0.0,1079.9972534179688,0.0,1.5453838109970093,0.0,,0.0,0.0,0.0,150.0,63.86759643554687,63.86759643554687,Leave_One_experiments/all_year_offline_schedule_search/daily_outputs/LCA/LCA_2008_LCA2008_normal_grid_S0010_daily.csv
LCA,LCA,Luancheng,2008,Leave_One_experiments\wth_generated_qc\LCA\LCA2008.WTH,wet_year;nitrogen_stress_year;low_response_year,wet,LCA2008_normal_grid_S0010,low_input_within_10pct_yield,2008-07-09,191,31,26,"{""sim_day"": 31.0, ""doy"": 191.0, ""topwt"": 1263.0352020263672, ""grnwt"": 0.0, ""xlai"": 1.7371199131011963, ""totir"": 0.0, ""tofer"": NaN, ""swfac"": 0.0, ""nstres"": 0.0}",0.0,0.0,1263.0352020263672,0.0,1.7371199131011963,0.0,,0.0,0.0,0.0,150.0,63.86759643554687,63.86759643554687,Leave_One_experiments/all_year_offline_schedule_search/daily_outputs/LCA/LCA_2008_LCA2008_normal_grid_S0010_daily.csv
LCA,LCA,Luancheng,2008,Leave_One_experiments\wth_generated_qc\LCA\LCA2008.WTH,wet_year;nitrogen_stress_year;low_response_year,wet,LCA2008_normal_grid_S0010,low_input_within_10pct_yield,2008-07-10,192,32,27,"{""sim_day"": 32.0, ""doy"": 192.0, ""topwt"": 1431.75537109375, ""grnwt"": 0.0, ""xlai"": 1.9006810188293457, ""totir"": 0.0, ""tofer"": NaN, ""swfac"": 0.0, ""nstres"": 0.0}",0.0,0.0,1431.75537109375,0.0,1.9006810188293457,0.0,,0.0,0.0,0.0,150.0,63.86759643554687,63.86759643554687,Leave_One_experiments/all_year_offline_schedule_search/daily_outputs/LCA/LCA_2008_LCA2008_normal_grid_S0010_daily.csv
LCA,LCA,Luancheng,2008,Leave_One_experiments\wth_generated_qc\LCA\LCA2008.WTH,wet_year;nitrogen_stress_year;low_response_year,wet,LCA2008_normal_grid_S0010,low_input_within_10pct_yield,2008-07-11,193,33,28,"{""sim_day"": 33.0, ""doy"": 193.0, ""topwt"": 1653.7884521484375, ""grnwt"": 0.0, ""xlai"": 2.0987493991851807, ""totir"": 0.0, ""tofer"": NaN, ""swfac"": 0.0, ""nstres"": 0.0}",0.0,0.0,1653.7884521484375,0.0,2.0987493991851807,0.0,,0.0,0.0,0.0,150.0,63.86759643554687,63.86759643554687,Leave_One_experiments/all_year_offline_schedule_search/daily_outputs/LCA/LCA_2008_LCA2008_normal_grid_S0010_daily.csv
LCA,LCA,Luancheng,2008,Leave_One_experiments\wth_generated_qc\LCA\LCA2008.WTH,wet_year;nitrogen_stress_year;low_response_year,wet,LCA2008_normal_grid_S0010,low_input_within_10pct_yield,2008-07-12,194,34,29,"{""sim_day"": 34.0, ""doy"": 194.0, ""topwt"": 1883.0699157714844, ""grnwt"": 0.0, ""xlai"": 2.2866904735565186, ""totir"": 0.0, ""tofer"": NaN, ""swfac"": 0.0, ""nstres"": 0.0}",0.0,0.0,1883.0699157714844,0.0,2.2866904735565186,0.0,,0.0,0.0,0.0,150.0,63.86759643554687,63.86759643554687,Leave_One_experiments/all_year_offline_schedule_search/daily_outputs/LCA/LCA_2008_LCA2008_normal_grid_S0010_daily.csv
LCA,LCA,Luancheng,2008,Leave_One_experiments\wth_generated_qc\LCA\LCA2008.WTH,wet_year;nitrogen_stress_year;low_response_year,wet,LCA2008_normal_grid_S0010,low_input_within_10pct_yield,2008-07-13,195,35,30,"{""sim_day"": 35.0, ""doy"": 195.0, ""topwt"": 1908.6184692382808, ""grnwt"": 0.0, ""xlai"": 2.3047001361846924, ""totir"": 0.0, ""tofer"": NaN, ""swfac"": 0.0, ""nstres"": 0.0053378343582153}",0.0,0.0053378343582153,1908.6184692382808,0.0,2.3047001361846924,0.0,,0.0,50.0,0.0,150.0,63.86759643554687,63.86759643554687,Leave_One_experiments/all_year_offline_schedule_search/daily_outputs/LCA/LCA_2008_LCA2008_normal_grid_S0010_daily.csv
LCA,LCA,Luancheng,2008,Leave_One_experiments\wth_generated_qc\LCA\LCA2008.WTH,wet_year;nitrogen_stress_year;low_response_year,wet,LCA2008_normal_grid_S0010,low_input_within_10pct_yield,2008-07-14,196,36,31,"{""sim_day"": 36.0, ""doy"": 196.0, ""topwt"": 2071.324920654297, ""grnwt"": 0.0, ""xlai"": 2.4226598739624023, ""totir"": 0.0, ""tofer"": NaN, ""swfac"": 0.0, ""nstres"": 0.0}",0.0,0.0,2071.324920654297,0.0,2.4226598739624023,0.0,,0.0,0.0,0.0,150.0,63.86759643554687,63.86759643554687,Leave_One_experiments/all_year_offline_schedule_search/daily_outputs/LCA/LCA_2008_LCA2008_normal_grid_S0010_daily.csv
LCA,LCA,Luancheng,2008,Leave_One_experiments\wth_generated_qc\LCA\LCA2008.WTH,wet_year;nitrogen_stress_year;low_response_year,wet,LCA2008_normal_grid_S0010,low_input_within_10pct_yield,2008-07-15,197,37,32,"{""sim_day"": 37.0, ""doy"": 197.0, ""topwt"": 2346.681671142578, ""grnwt"": 0.0, ""xlai"": 2.6063787937164307, ""totir"": 0.0, ""tofer"": NaN, ""swfac"": 0.0, ""nstres"": 0.0}",0.0,0.0,2346.681671142578,0.0,2.6063787937164307,0.0,,0.0,0.0,0.0,150.0,63.86759643554687,63.86759643554687,Leave_One_experiments/all_year_offline_schedule_search/daily_outputs/LCA/LCA_2008_LCA2008_normal_grid_S0010_daily.csv
LCA,LCA,Luancheng,2008,Leave_One_experiments\wth_generated_qc\LCA\LCA2008.WTH,wet_year;nitrogen_stress_year;low_response_year,wet,LCA2008_normal_grid_S0010,low_input_within_10pct_yield,2008-07-16,198,38,33,"{""sim_day"": 38.0, ""doy"": 198.0, ""topwt"": 2420.3651428222656, ""grnwt"": 0.0, ""xlai"": 2.65169620513916, ""totir"": 0.0, ""tofer"": NaN, ""swfac"": 0.0, ""nstres"": 0.0}",0.0,0.0,2420.3651428222656,0.0,2.65169620513916,0.0,,0.0,0.0,0.0,150.0,63.86759643554687,63.86759643554687,Leave_One_experiments/all_year_offline_schedule_search/daily_outputs/LCA/LCA_2008_LCA2008_normal_grid_S0010_daily.csv
LCA,LCA,Luancheng,2008,Leave_One_experiments\wth_generated_qc\LCA\LCA2008.WTH,wet_year;nitrogen_stress_year;low_response_year,wet,LCA2008_normal_grid_S0010,low_input_within_10pct_yield,2008-07-17,199,39,34,"{""sim_day"": 39.0, ""doy"": 199.0, ""topwt"": 2654.9664306640625, ""grnwt"": 0.0, ""xlai"": 2.786074161529541, ""totir"": 0.0, ""tofer"": NaN, ""swfac"": 0.0, ""nstres"": 0.0}",0.0,0.0,2654.9664306640625,0.0,2.786074161529541,0.0,,0.0,0.0,0.0,150.0,63.86759643554687,63.86759643554687,Leave_One_experiments/all_year_offline_schedule_search/daily_outputs/LCA/LCA_2008_LCA2008_normal_grid_S0010_daily.csv
LCA,LCA,Luancheng,2008,Leave_One_experiments\wth_generated_qc\LCA\LCA2008.WTH,wet_year;nitrogen_stress_year;low_response_year,wet,LCA2008_normal_grid_S0010,low_input_within_10pct_yield,2008-07-18,200,40,35,"{""sim_day"": 40.0, ""doy"": 200.0, ""topwt"": 2923.106689453125, ""grnwt"": 0.0, ""xlai"": 2.9275193214416504, ""totir"": 0.0, ""tofer"": NaN, ""swfac"": 0.0, ""nstres"": 0.0}",0.0,0.0,2923.106689453125,0.0,2.9275193214416504,0.0,,0.0,0.0,0.0,150.0,63.86759643554687,63.86759643554687,Leave_One_experiments/all_year_offline_schedule_search/daily_outputs/LCA/LCA_2008_LCA2008_normal_grid_S0010_daily.csv
LCA,LCA,Luancheng,2008,Leave_One_experiments\wth_generated_qc\LCA\LCA2008.WTH,wet_year;nitrogen_stress_year;low_response_year,wet,LCA2008_normal_grid_S0010,low_input_within_10pct_yield,2008-07-19,201,41,36,"{""sim_day"": 41.0, ""doy"": 201.0, ""topwt"": 3255.66162109375, ""grnwt"": 0.0, ""xlai"": 3.0893616676330566, ""totir"": 0.0, ""tofer"": NaN, ""swfac"": 0.0, ""nstres"": 0.0}",0.0,0.0,3255.66162109375,0.0,3.0893616676330566,0.0,,0.0,0.0,0.0,150.0,63.86759643554687,63.86759643554687,Leave_One_experiments/all_year_offline_schedule_search/daily_outputs/LCA/LCA_2008_LCA2008_normal_grid_S0010_daily.csv
LCA,LCA,Luancheng,2008,Leave_One_experiments\wth_generated_qc\LCA\LCA2008.WTH,wet_year;nitrogen_stress_year;low_response_year,wet,LCA2008_normal_grid_S0010,low_input_within_10pct_yield,2008-07-20,202,42,37,"{""sim_day"": 42.0, ""doy"": 202.0, ""topwt"": 3643.4439086914062, ""grnwt"": 0.0, ""xlai"": 3.263439655303955, ""totir"": 0.0, ""tofer"": NaN, ""swfac"": 0.0, ""nstres"": 0.0}",0.0,0.0,3643.4439086914062,0.0,3.263439655303955,0.0,,0.0,0.0,0.0,150.0,63.86759643554687,63.86759643554687,Leave_One_experiments/all_year_offline_schedule_search/daily_outputs/LCA/LCA_2008_LCA2008_normal_grid_S0010_daily.csv
LCA,LCA,Luancheng,2008,Leave_One_experiments\wth_generated_qc\LCA\LCA2008.WTH,wet_year;nitrogen_stress_year;low_response_year,wet,LCA2008_normal_grid_S0010,low_input_within_10pct_yield,2008-07-21,203,43,38,"{""sim_day"": 43.0, ""doy"": 203.0, ""topwt"": 4034.542236328125, ""grnwt"": 0.0, ""xlai"": 3.425092935562134, ""totir"": 0.0, ""tofer"": NaN, ""swfac"": 0.0, ""nstres"": 0.0}",0.0,0.0,4034.542236328125,0.0,3.425092935562134,0.0,,0.0,0.0,0.0,150.0,63.86759643554687,63.86759643554687,Leave_One_experiments/all_year_offline_schedule_search/daily_outputs/LCA/LCA_2008_LCA2008_normal_grid_S0010_daily.csv
LCA,LCA,Luancheng,2008,Leave_One_experiments\wth_generated_qc\LCA\LCA2008.WTH,wet_year;nitrogen_stress_year;low_response_year,wet,LCA2008_normal_grid_S0010,low_input_within_10pct_yield,2008-07-22,204,44,39,"{""sim_day"": 44.0, ""doy"": 204.0, ""topwt"": 4393.674011230469, ""grnwt"": 0.0, ""xlai"": 3.5995984077453613, ""totir"": 0.0, ""tofer"": NaN, ""swfac"": 0.0, ""nstres"": 0.0}",0.0,0.0,4393.674011230469,0.0,3.5995984077453613,0.0,,0.0,0.0,0.0,150.0,63.86759643554687,63.86759643554687,Leave_One_experiments/all_year_offline_schedule_search/daily_outputs/LCA/LCA_2008_LCA2008_normal_grid_S0010_daily.csv
LCA,LCA,Luancheng,2008,Leave_One_experiments\wth_generated_qc\LCA\LCA2008.WTH,wet_year;nitrogen_stress_year;low_response_year,wet,LCA2008_normal_grid_S0010,low_input_within_10pct_yield,2008-07-23,205,45,40,"{""sim_day"": 45.0, ""doy"": 205.0, ""topwt"": 4760.953674316406, ""grnwt"": 0.0, ""xlai"": 3.735926389694214, ""totir"": 0.0, ""tofer"": NaN, ""swfac"": 0.0, ""nstres"": 0.0128319859504699}",0.0,0.0128319859504699,4760.953674316406,0.0,3.735926389694214,0.0,,0.0,0.0,0.0,150.0,63.86759643554687,63.86759643554687,Leave_One_experiments/all_year_offline_schedule_search/daily_outputs/LCA/LCA_2008_LCA2008_normal_grid_S0010_daily.csv
LCA,LCA,Luancheng,2008,Leave_One_experiments\wth_generated_qc\LCA\LCA2008.WTH,wet_year;nitrogen_stress_year;low_response_year,wet,LCA2008_normal_grid_S0010,low_input_within_10pct_yield,2008-07-24,206,46,41,"{""sim_day"": 46.0, ""doy"": 206.0, ""topwt"": 5143.4326171875, ""grnwt"": 0.0, ""xlai"": 3.846240997314453, ""totir"": 0.0, ""tofer"": NaN, ""swfac"": 0.0, ""nstres"": 0.0392749309539794}",0.0,0.0392749309539794,5143.4326171875,0.0,3.846240997314453,0.0,,0.0,0.0,0.0,150.0,63.86759643554687,63.86759643554687,Leave_One_experiments/all_year_offline_schedule_search/daily_outputs/LCA/LCA_2008_LCA2008_normal_grid_S0010_daily.csv
LCA,LCA,Luancheng,2008,Leave_One_experiments\wth_generated_qc\LCA\LCA2008.WTH,wet_year;nitrogen_stress_year;low_response_year,wet,LCA2008_normal_grid_S0010,low_input_within_10pct_yield,2008-07-25,207,47,42,"{""sim_day"": 47.0, ""doy"": 207.0, ""topwt"": 5479.2181396484375, ""grnwt"": 0.0, ""xlai"": 3.9181318283081055, ""totir"": 0.0, ""tofer"": NaN, ""swfac"": 0.0, ""nstres"": 0.0605655908584594}",0.0,0.0605655908584594,5479.2181396484375,0.0,3.9181318283081055,0.0,,0.0,0.0,0.0,150.0,63.86759643554687,63.86759643554687,Leave_One_experiments/all_year_offline_schedule_search/daily_outputs/LCA/LCA_2008_LCA2008_normal_grid_S0010_daily.csv
LCA,LCA,Luancheng,2008,Leave_One_experiments\wth_generated_qc\LCA\LCA2008.WTH,wet_year;nitrogen_stress_year;low_response_year,wet,LCA2008_normal_grid_S0010,low_input_within_10pct_yield,2008-07-26,208,48,43,"{""sim_day"": 48.0, ""doy"": 208.0, ""topwt"": 5788.204956054688, ""grnwt"": 0.0, ""xlai"": 3.9648382663726807, ""totir"": 0.0, ""tofer"": NaN, ""swfac"": 0.0, ""nstres"": 0.0785148739814758}",0.0,0.0785148739814758,5788.204956054688,0.0,3.9648382663726807,0.0,,0.0,0.0,0.0,150.0,63.86759643554687,63.86759643554687,Leave_One_experiments/all_year_offline_schedule_search/daily_outputs/LCA/LCA_2008_LCA2008_normal_grid_S0010_daily.csv
LCA,LCA,Luancheng,2008,Leave_One_experiments\wth_generated_qc\LCA\LCA2008.WTH,wet_year;nitrogen_stress_year;low_response_year,wet,LCA2008_normal_grid_S0010,low_input_within_10pct_yield,2008-07-27,209,49,44,"{""sim_day"": 49.0, ""doy"": 209.0, ""topwt"": 6057.54638671875, ""grnwt"": 0.0, ""xlai"": 3.989224433898926, ""totir"": 0.0, ""tofer"": NaN, ""swfac"": 0.0, ""nstres"": 0.0915431380271911}",0.0,0.0915431380271911,6057.54638671875,0.0,3.989224433898926,0.0,,0.0,0.0,0.0,150.0,63.86759643554687,63.86759643554687,Leave_One_experiments/all_year_offline_schedule_search/daily_outputs/LCA/LCA_2008_LCA2008_normal_grid_S0010_daily.csv
LCA,LCA,Luancheng,2008,Leave_One_experiments\wth_generated_qc\LCA\LCA2008.WTH,wet_year;nitrogen_stress_year;low_response_year,wet,LCA2008_normal_grid_S0010,low_input_within_10pct_yield,2008-07-28,210,50,45,"{""sim_day"": 50.0, ""doy"": 210.0, ""topwt"": 6242.06787109375, ""grnwt"": 0.0, ""xlai"": 3.984372854232788, ""totir"": 0.0, ""tofer"": NaN, ""swfac"": 0.0, ""nstres"": 0.0988892316818237}",0.0,0.0988892316818237,6242.06787109375,0.0,3.984372854232788,0.0,,0.0,0.0,0.0,150.0,63.86759643554687,63.86759643554687,Leave_One_experiments/all_year_offline_schedule_search/daily_outputs/LCA/LCA_2008_LCA2008_normal_grid_S0010_daily.csv
LCA,LCA,Luancheng,2008,Leave_One_experiments\wth_generated_qc\LCA\LCA2008.WTH,wet_year;nitrogen_stress_year;low_response_year,wet,LCA2008_normal_grid_S0010,low_input_within_10pct_yield,2008-07-29,211,51,46,"{""sim_day"": 51.0, ""doy"": 211.0, ""topwt"": 6430.3692626953125, ""grnwt"": 0.0, ""xlai"": 3.97568416595459, ""totir"": 0.0, ""tofer"": NaN, ""swfac"": 0.0, ""nstres"": 0.1038424968719482}",0.0,0.1038424968719482,6430.3692626953125,0.0,3.97568416595459,0.0,,0.0,0.0,0.0,150.0,63.86759643554687,63.86759643554687,Leave_One_experiments/all_year_offline_schedule_search/daily_outputs/LCA/LCA_2008_LCA2008_normal_grid_S0010_daily.csv
LCA,LCA,Luancheng,2008,Leave_One_experiments\wth_generated_qc\LCA\LCA2008.WTH,wet_year;nitrogen_stress_year;low_response_year,wet,LCA2008_normal_grid_S0010,low_input_within_10pct_yield,2008-07-30,212,52,47,"{""sim_day"": 52.0, ""doy"": 212.0, ""topwt"": 6576.382446289063, ""grnwt"": 0.0, ""xlai"": 3.9566409587860103, ""totir"": 0.0, ""tofer"": NaN, ""swfac"": 0.0, ""nstres"": 0.105198860168457}",0.0,0.105198860168457,6576.382446289063,0.0,3.9566409587860103,0.0,,0.0,0.0,0.0,150.0,63.86759643554687,63.86759643554687,Leave_One_experiments/all_year_offline_schedule_search/daily_outputs/LCA/LCA_2008_LCA2008_normal_grid_S0010_daily.csv
LCA,LCA,Luancheng,2008,Leave_One_experiments\wth_generated_qc\LCA\LCA2008.WTH,wet_year;nitrogen_stress_year;low_response_year,wet,LCA2008_normal_grid_S0010,low_input_within_10pct_yield,2008-07-31,213,53,48,"{""sim_day"": 53.0, ""doy"": 213.0, ""topwt"": 6878.57421875, ""grnwt"": 0.0, ""xlai"": 3.97385311126709, ""totir"": 0.0, ""tofer"": NaN, ""swfac"": 0.0, ""nstres"": 0.1051172018051147}",0.0,0.1051172018051147,6878.57421875,0.0,3.97385311126709,0.0,,0.0,0.0,0.0,150.0,63.86759643554687,63.86759643554687,Leave_One_experiments/all_year_offline_schedule_search/daily_outputs/LCA/LCA_2008_LCA2008_normal_grid_S0010_daily.csv
LCA,LCA,Luancheng,2008,Leave_One_experiments\wth_generated_qc\LCA\LCA2008.WTH,wet_year;nitrogen_stress_year;low_response_year,wet,LCA2008_normal_grid_S0010,low_input_within_10pct_yield,2008-08-01,214,54,49,"{""sim_day"": 54.0, ""doy"": 214.0, ""topwt"": 7175.462646484375, ""grnwt"": 0.0, ""xlai"": 3.990613222122192, ""totir"": 0.0, ""tofer"": NaN, ""swfac"": 0.0, ""nstres"": 0.1030057668685913}",0.0,0.1030057668685913,7175.462646484375,0.0,3.990613222122192,0.0,,0.0,0.0,0.0,150.0,63.86759643554687,63.86759643554687,Leave_One_experiments/all_year_offline_schedule_search/daily_outputs/LCA/LCA_2008_LCA2008_normal_grid_S0010_daily.csv
LCA,LCA,Luancheng,2008,Leave_One_experiments\wth_generated_qc\LCA\LCA2008.WTH,wet_year;nitrogen_stress_year;low_response_year,wet,LCA2008_normal_grid_S0010,low_input_within_10pct_yield,2008-08-02,215,55,50,"{""sim_day"": 55.0, ""doy"": 215.0, ""topwt"": 7503.5882568359375, ""grnwt"": 0.0, ""xlai"": 3.939762115478516, ""totir"": 0.0, ""tofer"": NaN, ""swfac"": 0.0, ""nstres"": 0.1019403934478759}",0.0,0.1019403934478759,7503.5882568359375,0.0,3.939762115478516,0.0,,0.0,0.0,0.0,150.0,63.86759643554687,63.86759643554687,Leave_One_experiments/all_year_offline_schedule_search/daily_outputs/LCA/LCA_2008_LCA2008_normal_grid_S0010_daily.csv
LCA,LCA,Luancheng,2008,Leave_One_experiments\wth_generated_qc\LCA\LCA2008.WTH,wet_year;nitrogen_stress_year;low_response_year,wet,LCA2008_normal_grid_S0010,low_input_within_10pct_yield,2008-08-03,216,56,51,"{""sim_day"": 56.0, ""doy"": 216.0, ""topwt"": 7832.615356445312, ""grnwt"": 0.0, ""xlai"": 3.894145965576172, ""totir"": 0.0, ""tofer"": NaN, ""swfac"": 0.0, ""nstres"": 0.0926272273063659}",0.0,0.0926272273063659,7832.615356445312,0.0,3.894145965576172,0.0,,0.0,0.0,0.0,150.0,63.86759643554687,63.86759643554687,Leave_One_experiments/all_year_offline_schedule_search/daily_outputs/LCA/LCA_2008_LCA2008_normal_grid_S0010_daily.csv
LCA,LCA,Luancheng,2008,Leave_One_experiments\wth_generated_qc\LCA\LCA2008.WTH,wet_year;nitrogen_stress_year;low_response_year,wet,LCA2008_normal_grid_S0010,low_input_within_10pct_yield,2008-08-04,217,57,52,"{""sim_day"": 57.0, ""doy"": 217.0, ""topwt"": 8118.181762695312, ""grnwt"": 0.0, ""xlai"": 3.8501248359680176, ""totir"": 0.0, ""tofer"": NaN, ""swfac"": 0.0, ""nstres"": 0.0904355645179748}",0.0,0.0904355645179748,8118.181762695312,0.0,3.8501248359680176,0.0,,0.0,0.0,0.0,150.0,63.86759643554687,63.86759643554687,Leave_One_experiments/all_year_offline_schedule_search/daily_outputs/LCA/LCA_2008_LCA2008_normal_grid_S0010_daily.csv
LCA,LCA,Luancheng,2008,Leave_One_experiments\wth_generated_qc\LCA\LCA2008.WTH,wet_year;nitrogen_stress_year;low_response_year,wet,LCA2008_normal_grid_S0010,low_input_within_10pct_yield,2008-08-05,218,58,53,"{""sim_day"": 58.0, ""doy"": 218.0, ""topwt"": 8374.025268554688, ""grnwt"": 0.0, ""xlai"": 3.8084499835968018, ""totir"": 0.0, ""tofer"": NaN, ""swfac"": 0.0, ""nstres"": 0.0865943431854248}",0.0,0.0865943431854248,8374.025268554688,0.0,3.8084499835968018,0.0,,0.0,0.0,0.0,150.0,63.86759643554687,63.86759643554687,Leave_One_experiments/all_year_offline_schedule_search/daily_outputs/LCA/LCA_2008_LCA2008_normal_grid_S0010_daily.csv
LCA,LCA,Luancheng,2008,Leave_One_experiments\wth_generated_qc\LCA\LCA2008.WTH,wet_year;nitrogen_stress_year;low_response_year,wet,LCA2008_normal_grid_S0010,low_input_within_10pct_yield,2008-08-06,219,59,54,"{""sim_day"": 59.0, ""doy"": 219.0, ""topwt"": 8590.7275390625, ""grnwt"": 0.0, ""xlai"": 3.7703850269317623, ""totir"": 0.0, ""tofer"": NaN, ""swfac"": 0.0, ""nstres"": 0.0799577832221984}",0.0,0.0799577832221984,8590.7275390625,0.0,3.7703850269317623,0.0,,0.0,0.0,0.0,150.0,63.86759643554687,63.86759643554687,Leave_One_experiments/all_year_offline_schedule_search/daily_outputs/LCA/LCA_2008_LCA2008_normal_grid_S0010_daily.csv
LCA,LCA,Luancheng,2008,Leave_One_experiments\wth_generated_qc\LCA\LCA2008.WTH,wet_year;nitrogen_stress_year;low_response_year,wet,LCA2008_normal_grid_S0010,low_input_within_10pct_yield,2008-08-07,220,60,55,"{""sim_day"": 60.0, ""doy"": 220.0, ""topwt"": 8827.669067382812, ""grnwt"": 0.0, ""xlai"": 3.736847162246704, ""totir"": 0.0, ""tofer"": NaN, ""swfac"": 0.0, ""nstres"": 0.0711605548858642}",0.0,0.0711605548858642,8827.669067382812,0.0,3.736847162246704,0.0,,0.0,0.0,0.0,150.0,63.86759643554687,63.86759643554687,Leave_One_experiments/all_year_offline_schedule_search/daily_outputs/LCA/LCA_2008_LCA2008_normal_grid_S0010_daily.csv
LCA,LCA,Luancheng,2008,Leave_One_experiments\wth_generated_qc\LCA\LCA2008.WTH,wet_year;nitrogen_stress_year;low_response_year,wet,LCA2008_normal_grid_S0010,low_input_within_10pct_yield,2008-08-08,221,61,56,"{""sim_day"": 61.0, ""doy"": 221.0, ""topwt"": 9032.920532226562, ""grnwt"": 0.0, ""xlai"": 3.708709239959717, ""totir"": 0.0, ""tofer"": NaN, ""swfac"": 0.0, ""nstres"": 0.0602385401725769}",0.0,0.0602385401725769,9032.920532226562,0.0,3.708709239959717,0.0,,0.0,0.0,0.0,150.0,63.86759643554687,63.86759643554687,Leave_One_experiments/all_year_offline_schedule_search/daily_outputs/LCA/LCA_2008_LCA2008_normal_grid_S0010_daily.csv
LCA,LCA,Luancheng,2008,Leave_One_experiments\wth_generated_qc\LCA\LCA2008.WTH,wet_year;nitrogen_stress_year;low_response_year,wet,LCA2008_normal_grid_S0010,low_input_within_10pct_yield,2008-08-09,222,62,57,"{""sim_day"": 62.0, ""doy"": 222.0, ""topwt"": 9037.169799804688, ""grnwt"": 0.0, ""xlai"": 3.6852855682373047, ""totir"": 0.0, ""tofer"": NaN, ""swfac"": 0.0, ""nstres"": 0.0505276322364807}",0.0,0.0505276322364807,9037.169799804688,0.0,3.6852855682373047,0.0,,0.0,0.0,0.0,150.0,63.86759643554687,63.86759643554687,Leave_One_experiments/all_year_offline_schedule_search/daily_outputs/LCA/LCA_2008_LCA2008_normal_grid_S0010_daily.csv
LCA,LCA,Luancheng,2008,Leave_One_experiments\wth_generated_qc\LCA\LCA2008.WTH,wet_year;nitrogen_stress_year;low_response_year,wet,LCA2008_normal_grid_S0010,low_input_within_10pct_yield,2008-08-10,223,63,58,"{""sim_day"": 63.0, ""doy"": 223.0, ""topwt"": 9251.790161132812, ""grnwt"": 0.0, ""xlai"": 3.6677167415618896, ""totir"": 0.0, ""tofer"": NaN, ""swfac"": 0.0, ""nstres"": 0.0381379127502441}",0.0,0.0381379127502441,9251.790161132812,0.0,3.6677167415618896,0.0,,0.0,0.0,0.0,150.0,63.86759643554687,63.86759643554687,Leave_One_experiments/all_year_offline_schedule_search/daily_outputs/LCA/LCA_2008_LCA2008_normal_grid_S0010_daily.csv
LCA,LCA,Luancheng,2008,Leave_One_experiments\wth_generated_qc\LCA\LCA2008.WTH,wet_year;nitrogen_stress_year;low_response_year,wet,LCA2008_normal_grid_S0010,low_input_within_10pct_yield,2008-08-11,224,64,59,"{""sim_day"": 64.0, ""doy"": 224.0, ""topwt"": 9475.632934570312, ""grnwt"": 286.5105056762696, ""xlai"": 3.658213615417481, ""totir"": 0.0, ""tofer"": NaN, ""swfac"": 0.0, ""nstres"": 0.0207281112670898}",0.0,0.0207281112670898,9475.632934570312,286.5105056762696,3.658213615417481,0.0,,0.0,0.0,0.0,150.0,63.86759643554687,63.86759643554687,Leave_One_experiments/all_year_offline_schedule_search/daily_outputs/LCA/LCA_2008_LCA2008_normal_grid_S0010_daily.csv
LCA,LCA,Luancheng,2008,Leave_One_experiments\wth_generated_qc\LCA\LCA2008.WTH,wet_year;nitrogen_stress_year;low_response_year,wet,LCA2008_normal_grid_S0010,low_input_within_10pct_yield,2008-08-12,225,65,60,"{""sim_day"": 65.0, ""doy"": 225.0, ""topwt"": 9525.0, ""grnwt"": 580.3674697875977, ""xlai"": 3.641790151596069, ""totir"": 0.0, ""tofer"": NaN, ""swfac"": 0.0, ""nstres"": 0.0359168052673339}",0.0,0.0359168052673339,9525.0,580.3674697875977,3.641790151596069,0.0,,0.0,50.0,0.0,150.0,63.86759643554687,63.86759643554687,Leave_One_experiments/all_year_offline_schedule_search/daily_outputs/LCA/LCA_2008_LCA2008_normal_grid_S0010_daily.csv
LCA,LCA,Luancheng,2008,Leave_One_experiments\wth_generated_qc\LCA\LCA2008.WTH,wet_year;nitrogen_stress_year;low_response_year,wet,LCA2008_normal_grid_S0010,low_input_within_10pct_yield,2008-08-13,226,66,61,"{""sim_day"": 66.0, ""doy"": 226.0, ""topwt"": 9609.922485351562, ""grnwt"": 874.2243957519531, ""xlai"": 3.633115530014038, ""totir"": 0.0, ""tofer"": NaN, ""swfac"": 0.0, ""nstres"": 0.019055426120758}",0.0,0.019055426120758,9609.922485351562,874.2243957519531,3.633115530014038,0.0,,0.0,0.0,0.0,150.0,63.86759643554687,63.86759643554687,Leave_One_experiments/all_year_offline_schedule_search/daily_outputs/LCA/LCA_2008_LCA2008_normal_grid_S0010_daily.csv
LCA,LCA,Luancheng,2008,Leave_One_experiments\wth_generated_qc\LCA\LCA2008.WTH,wet_year;nitrogen_stress_year;low_response_year,wet,LCA2008_normal_grid_S0010,low_input_within_10pct_yield,2008-08-14,227,67,62,"{""sim_day"": 67.0, ""doy"": 227.0, ""topwt"": 9918.11279296875, ""grnwt"": 1168.0813598632812, ""xlai"": 3.633115530014038, ""totir"": 0.0, ""tofer"": NaN, ""swfac"": 0.0, ""nstres"": 0.0}",0.0,0.0,9918.11279296875,1168.0813598632812,3.633115530014038,0.0,,0.0,0.0,0.0,150.0,63.86759643554687,63.86759643554687,Leave_One_experiments/all_year_offline_schedule_search/daily_outputs/LCA/LCA_2008_LCA2008_normal_grid_S0010_daily.csv
LCA,LCA,Luancheng,2008,Leave_One_experiments\wth_generated_qc\LCA\LCA2008.WTH,wet_year;nitrogen_stress_year;low_response_year,wet,LCA2008_normal_grid_S0010,low_input_within_10pct_yield,2008-08-15,228,68,63,"{""sim_day"": 68.0, ""doy"": 228.0, ""topwt"": 10185.57373046875, ""grnwt"": 1461.9383239746094, ""xlai"": 3.633115530014038, ""totir"": 0.0, ""tofer"": NaN, ""swfac"": 0.0, ""nstres"": 0.0}",0.0,0.0,10185.57373046875,1461.9383239746094,3.633115530014038,0.0,,0.0,0.0,0.0,150.0,63.86759643554687,63.86759643554687,Leave_One_experiments/all_year_offline_schedule_search/daily_outputs/LCA/LCA_2008_LCA2008_normal_grid_S0010_daily.csv
LCA,LCA,Luancheng,2008,Leave_One_experiments\wth_generated_qc\LCA\LCA2008.WTH,wet_year;nitrogen_stress_year;low_response_year,wet,LCA2008_normal_grid_S0010,low_input_within_10pct_yield,2008-08-16,229,69,64,"{""sim_day"": 69.0, ""doy"": 229.0, ""topwt"": 10531.131591796877, ""grnwt"": 1755.7951354980469, ""xlai"": 3.633115530014038, ""totir"": 0.0, ""tofer"": NaN, ""swfac"": 0.0, ""nstres"": 0.0}",0.0,0.0,10531.131591796877,1755.7951354980469,3.633115530014038,0.0,,0.0,0.0,0.0,150.0,63.86759643554687,63.86759643554687,Leave_One_experiments/all_year_offline_schedule_search/daily_outputs/LCA/LCA_2008_LCA2008_normal_grid_S0010_daily.csv
LCA,LCA,Luancheng,2008,Leave_One_experiments\wth_generated_qc\LCA\LCA2008.WTH,wet_year;nitrogen_stress_year;low_response_year,wet,LCA2008_normal_grid_S0010,low_input_within_10pct_yield,2008-08-17,230,70,65,"{""sim_day"": 70.0, ""doy"": 230.0, ""topwt"": 10839.32373046875, ""grnwt"": 2049.652099609375, ""xlai"": 3.633115530014038, ""totir"": 0.0, ""tofer"": NaN, ""swfac"": 0.0, ""nstres"": 0.0}",0.0,0.0,10839.32373046875,2049.652099609375,3.633115530014038,0.0,,0.0,0.0,0.0,150.0,63.86759643554687,63.86759643554687,Leave_One_experiments/all_year_offline_schedule_search/daily_outputs/LCA/LCA_2008_LCA2008_normal_grid_S0010_daily.csv
LCA,LCA,Luancheng,2008,Leave_One_experiments\wth_generated_qc\LCA\LCA2008.WTH,wet_year;nitrogen_stress_year;low_response_year,wet,LCA2008_normal_grid_S0010,low_input_within_10pct_yield,2008-08-18,231,71,66,"{""sim_day"": 71.0, ""doy"": 231.0, ""topwt"": 11169.14794921875, ""grnwt"": 2343.5089111328125, ""xlai"": 3.633115530014038, ""totir"": 0.0, ""tofer"": NaN, ""swfac"": 0.0, ""nstres"": 0.0}",0.0,0.0,11169.14794921875,2343.5089111328125,3.633115530014038,0.0,,0.0,0.0,0.0,150.0,63.86759643554687,63.86759643554687,Leave_One_experiments/all_year_offline_schedule_search/daily_outputs/LCA/LCA_2008_LCA2008_normal_grid_S0010_daily.csv
LCA,LCA,Luancheng,2008,Leave_One_experiments\wth_generated_qc\LCA\LCA2008.WTH,wet_year;nitrogen_stress_year;low_response_year,wet,LCA2008_normal_grid_S0010,low_input_within_10pct_yield,2008-08-19,232,72,67,"{""sim_day"": 72.0, ""doy"": 232.0, ""topwt"": 11430.7080078125, ""grnwt"": 2637.36572265625, ""xlai"": 3.633115530014038, ""totir"": 0.0, ""tofer"": NaN, ""swfac"": 0.0, ""nstres"": 0.0}",0.0,0.0,11430.7080078125,2637.36572265625,3.633115530014038,0.0,,0.0,0.0,0.0,150.0,63.86759643554687,63.86759643554687,Leave_One_experiments/all_year_offline_schedule_search/daily_outputs/LCA/LCA_2008_LCA2008_normal_grid_S0010_daily.csv
LCA,LCA,Luancheng,2008,Leave_One_experiments\wth_generated_qc\LCA\LCA2008.WTH,wet_year;nitrogen_stress_year;low_response_year,wet,LCA2008_normal_grid_S0010,low_input_within_10pct_yield,2008-08-20,233,73,68,"{""sim_day"": 73.0, ""doy"": 233.0, ""topwt"": 11503.472900390623, ""grnwt"": 2931.2228393554688, ""xlai"": 3.633115530014038, ""totir"": 0.0, ""tofer"": NaN, ""swfac"": 0.0, ""nstres"": 0.0}",0.0,0.0,11503.472900390623,2931.2228393554688,3.633115530014038,0.0,,0.0,0.0,0.0,150.0,63.86759643554687,63.86759643554687,Leave_One_experiments/all_year_offline_schedule_search/daily_outputs/LCA/LCA_2008_LCA2008_normal_grid_S0010_daily.csv
LCA,LCA,Luancheng,2008,Leave_One_experiments\wth_generated_qc\LCA\LCA2008.WTH,wet_year;nitrogen_stress_year;low_response_year,wet,LCA2008_normal_grid_S0010,low_input_within_10pct_yield,2008-08-21,234,74,69,"{""sim_day"": 74.0, ""doy"": 234.0, ""topwt"": 11886.397705078123, ""grnwt"": 3225.0796508789062, ""xlai"": 3.633115530014038, ""totir"": 0.0, ""tofer"": NaN, ""swfac"": 0.0, ""nstres"": 0.0}",0.0,0.0,11886.397705078123,3225.0796508789062,3.633115530014038,0.0,,0.0,0.0,0.0,150.0,63.86759643554687,63.86759643554687,Leave_One_experiments/all_year_offline_schedule_search/daily_outputs/LCA/LCA_2008_LCA2008_normal_grid_S0010_daily.csv
LCA,LCA,Luancheng,2008,Leave_One_experiments\wth_generated_qc\LCA\LCA2008.WTH,wet_year;nitrogen_stress_year;low_response_year,wet,LCA2008_normal_grid_S0010,low_input_within_10pct_yield,2008-08-22,235,75,70,"{""sim_day"": 75.0, ""doy"": 235.0, ""topwt"": 12254.5703125, ""grnwt"": 3518.936462402344, ""xlai"": 3.633115530014038, ""totir"": 0.0, ""tofer"": NaN, ""swfac"": 0.0, ""nstres"": 0.0}",0.0,0.0,12254.5703125,3518.936462402344,3.633115530014038,0.0,,0.0,0.0,0.0,150.0,63.86759643554687,63.86759643554687,Leave_One_experiments/all_year_offline_schedule_search/daily_outputs/LCA/LCA_2008_LCA2008_normal_grid_S0010_daily.csv
LCA,LCA,Luancheng,2008,Leave_One_experiments\wth_generated_qc\LCA\LCA2008.WTH,wet_year;nitrogen_stress_year;low_response_year,wet,LCA2008_normal_grid_S0010,low_input_within_10pct_yield,2008-08-23,236,76,71,"{""sim_day"": 76.0, ""doy"": 236.0, ""topwt"": 12553.912353515623, ""grnwt"": 3812.7935791015625, ""xlai"": 3.609790563583374, ""totir"": 0.0, ""tofer"": NaN, ""swfac"": 0.0, ""nstres"": 0.0}",0.0,0.0,12553.912353515623,3812.7935791015625,3.609790563583374,0.0,,0.0,0.0,0.0,150.0,63.86759643554687,63.86759643554687,Leave_One_experiments/all_year_offline_schedule_search/daily_outputs/LCA/LCA_2008_LCA2008_normal_grid_S0010_daily.csv
LCA,LCA,Luancheng,2008,Leave_One_experiments\wth_generated_qc\LCA\LCA2008.WTH,wet_year;nitrogen_stress_year;low_response_year,wet,LCA2008_normal_grid_S0010,low_input_within_10pct_yield,2008-08-24,237,77,72,"{""sim_day"": 77.0, ""doy"": 237.0, ""topwt"": 12904.1015625, ""grnwt"": 4106.650695800781, ""xlai"": 3.5638461112976074, ""totir"": 0.0, ""tofer"": NaN, ""swfac"": 0.0, ""nstres"": 0.0}",0.0,0.0,12904.1015625,4106.650695800781,3.5638461112976074,0.0,,0.0,0.0,0.0,150.0,63.86759643554687,63.86759643554687,Leave_One_experiments/all_year_offline_schedule_search/daily_outputs/LCA/LCA_2008_LCA2008_normal_grid_S0010_daily.csv
LCA,LCA,Luancheng,2008,Leave_One_experiments\wth_generated_qc\LCA\LCA2008.WTH,wet_year;nitrogen_stress_year;low_response_year,wet,LCA2008_normal_grid_S0010,low_input_within_10pct_yield,2008-08-25,238,78,73,"{""sim_day"": 78.0, ""doy"": 238.0, ""topwt"": 13202.799072265623, ""grnwt"": 4400.5078125, ""xlai"": 3.5107851028442383, ""totir"": 0.0, ""tofer"": NaN, ""swfac"": 0.0, ""nstres"": 0.0}",0.0,0.0,13202.799072265623,4400.5078125,3.5107851028442383,0.0,,0.0,0.0,0.0,150.0,63.86759643554687,63.86759643554687,Leave_One_experiments/all_year_offline_schedule_search/daily_outputs/LCA/LCA_2008_LCA2008_normal_grid_S0010_daily.csv
LCA,LCA,Luancheng,2008,Leave_One_experiments\wth_generated_qc\LCA\LCA2008.WTH,wet_year;nitrogen_stress_year;low_response_year,wet,LCA2008_normal_grid_S0010,low_input_within_10pct_yield,2008-08-26,239,79,74,"{""sim_day"": 79.0, ""doy"": 239.0, ""topwt"": 13506.83837890625, ""grnwt"": 4694.364929199219, ""xlai"": 3.454289674758911, ""totir"": 0.0, ""tofer"": NaN, ""swfac"": 0.0, ""nstres"": 0.0}",0.0,0.0,13506.83837890625,4694.364929199219,3.454289674758911,0.0,,0.0,0.0,0.0,150.0,63.86759643554687,63.86759643554687,Leave_One_experiments/all_year_offline_schedule_search/daily_outputs/LCA/LCA_2008_LCA2008_normal_grid_S0010_daily.csv
LCA,LCA,Luancheng,2008,Leave_One_experiments\wth_generated_qc\LCA\LCA2008.WTH,wet_year;nitrogen_stress_year;low_response_year,wet,LCA2008_normal_grid_S0010,low_input_within_10pct_yield,2008-08-27,240,80,75,"{""sim_day"": 80.0, ""doy"": 240.0, ""topwt"": 13779.044189453123, ""grnwt"": 4988.2220458984375, ""xlai"": 3.3887948989868164, ""totir"": 0.0, ""tofer"": NaN, ""swfac"": 0.0, ""nstres"": 0.0}",0.0,0.0,13779.044189453123,4988.2220458984375,3.3887948989868164,0.0,,0.0,0.0,0.0,150.0,63.86759643554687,63.86759643554687,Leave_One_experiments/all_year_offline_schedule_search/daily_outputs/LCA/LCA_2008_LCA2008_normal_grid_S0010_daily.csv
LCA,LCA,Luancheng,2008,Leave_One_experiments\wth_generated_qc\LCA\LCA2008.WTH,wet_year;nitrogen_stress_year;low_response_year,wet,LCA2008_normal_grid_S0010,low_input_within_10pct_yield,2008-08-28,241,81,76,"{""sim_day"": 81.0, ""doy"": 241.0, ""topwt"": 14042.264404296877, ""grnwt"": 5282.078857421875, ""xlai"": 3.3197736740112305, ""totir"": 0.0, ""tofer"": NaN, ""swfac"": 0.0, ""nstres"": 0.0}",0.0,0.0,14042.264404296877,5282.078857421875,3.3197736740112305,0.0,,0.0,0.0,0.0,150.0,63.86759643554687,63.86759643554687,Leave_One_experiments/all_year_offline_schedule_search/daily_outputs/LCA/LCA_2008_LCA2008_normal_grid_S0010_daily.csv
LCA,LCA,Luancheng,2008,Leave_One_experiments\wth_generated_qc\LCA\LCA2008.WTH,wet_year;nitrogen_stress_year;low_response_year,wet,LCA2008_normal_grid_S0010,low_input_within_10pct_yield,2008-08-29,242,82,77,"{""sim_day"": 82.0, ""doy"": 242.0, ""topwt"": 14146.24755859375, ""grnwt"": 5575.936279296875, ""xlai"": 3.2577931880950928, ""totir"": 0.0, ""tofer"": NaN, ""swfac"": 0.0, ""nstres"": 0.0}",0.0,0.0,14146.24755859375,5575.936279296875,3.2577931880950928,0.0,,0.0,0.0,0.0,150.0,63.86759643554687,63.86759643554687,Leave_One_experiments/all_year_offline_schedule_search/daily_outputs/LCA/LCA_2008_LCA2008_normal_grid_S0010_daily.csv
LCA,LCA,Luancheng,2008,Leave_One_experiments\wth_generated_qc\LCA\LCA2008.WTH,wet_year;nitrogen_stress_year;low_response_year,wet,LCA2008_normal_grid_S0010,low_input_within_10pct_yield,2008-08-30,243,83,78,"{""sim_day"": 83.0, ""doy"": 243.0, ""topwt"": 14522.183837890623, ""grnwt"": 5869.7930908203125, ""xlai"": 3.195920467376709, ""totir"": 0.0, ""tofer"": NaN, ""swfac"": 0.0, ""nstres"": 0.0}",0.0,0.0,14522.183837890623,5869.7930908203125,3.195920467376709,0.0,,0.0,0.0,0.0,150.0,63.86759643554687,63.86759643554687,Leave_One_experiments/all_year_offline_schedule_search/daily_outputs/LCA/LCA_2008_LCA2008_normal_grid_S0010_daily.csv
LCA,LCA,Luancheng,2008,Leave_One_experiments\wth_generated_qc\LCA\LCA2008.WTH,wet_year;nitrogen_stress_year;low_response_year,wet,LCA2008_normal_grid_S0010,low_input_within_10pct_yield,2008-08-31,244,84,79,"{""sim_day"": 84.0, ""doy"": 244.0, ""topwt"": 14888.125, ""grnwt"": 6163.6505126953125, ""xlai"": 3.1339199542999268, ""totir"": 0.0, ""tofer"": NaN, ""swfac"": 0.0, ""nstres"": 0.0055302381515502}",0.0,0.0055302381515502,14888.125,6163.6505126953125,3.1339199542999268,0.0,,0.0,0.0,0.0,150.0,63.86759643554687,63.86759643554687,Leave_One_experiments/all_year_offline_schedule_search/daily_outputs/LCA/LCA_2008_LCA2008_normal_grid_S0010_daily.csv
LCA,LCA,Luancheng,2008,Leave_One_experiments\wth_generated_qc\LCA\LCA2008.WTH,wet_year;nitrogen_stress_year;low_response_year,wet,LCA2008_normal_grid_S0010,low_input_within_10pct_yield,2008-09-01,245,85,80,"{""sim_day"": 85.0, ""doy"": 245.0, ""topwt"": 15211.50146484375, ""grnwt"": 6457.50732421875, ""xlai"": 3.069256544113159, ""totir"": 0.0, ""tofer"": NaN, ""swfac"": 0.0, ""nstres"": 0.0409262776374816}",0.0,0.0409262776374816,15211.50146484375,6457.50732421875,3.069256544113159,0.0,,0.0,0.0,0.0,150.0,63.86759643554687,63.86759643554687,Leave_One_experiments/all_year_offline_schedule_search/daily_outputs/LCA/LCA_2008_LCA2008_normal_grid_S0010_daily.csv
LCA,LCA,Luancheng,2008,Leave_One_experiments\wth_generated_qc\LCA\LCA2008.WTH,wet_year;nitrogen_stress_year;low_response_year,wet,LCA2008_normal_grid_S0010,low_input_within_10pct_yield,2008-09-02,246,86,81,"{""sim_day"": 86.0, ""doy"": 246.0, ""topwt"": 15508.97705078125, ""grnwt"": 6751.36474609375, ""xlai"": 2.990916013717652, ""totir"": 0.0, ""tofer"": NaN, ""swfac"": 0.0, ""nstres"": 0.0716749429702758}",0.0,0.0716749429702758,15508.97705078125,6751.36474609375,2.990916013717652,0.0,,0.0,0.0,0.0,150.0,63.86759643554687,63.86759643554687,Leave_One_experiments/all_year_offline_schedule_search/daily_outputs/LCA/LCA_2008_LCA2008_normal_grid_S0010_daily.csv
LCA,LCA,Luancheng,2008,Leave_One_experiments\wth_generated_qc\LCA\LCA2008.WTH,wet_year;nitrogen_stress_year;low_response_year,wet,LCA2008_normal_grid_S0010,low_input_within_10pct_yield,2008-09-03,247,87,82,"{""sim_day"": 87.0, ""doy"": 247.0, ""topwt"": 15804.462890625, ""grnwt"": 7045.221557617188, ""xlai"": 2.916247844696045, ""totir"": 0.0, ""tofer"": NaN, ""swfac"": 0.0, ""nstres"": 0.0980610847473144}",0.0,0.0980610847473144,15804.462890625,7045.221557617188,2.916247844696045,0.0,,0.0,0.0,0.0,150.0,63.86759643554687,63.86759643554687,Leave_One_experiments/all_year_offline_schedule_search/daily_outputs/LCA/LCA_2008_LCA2008_normal_grid_S0010_daily.csv
LCA,LCA,Luancheng,2008,Leave_One_experiments\wth_generated_qc\LCA\LCA2008.WTH,wet_year;nitrogen_stress_year;low_response_year,wet,LCA2008_normal_grid_S0010,low_input_within_10pct_yield,2008-09-04,248,88,83,"{""sim_day"": 88.0, ""doy"": 248.0, ""topwt"": 16122.725830078123, ""grnwt"": 7339.0789794921875, ""xlai"": 2.84039568901062, ""totir"": 0.0, ""tofer"": NaN, ""swfac"": 0.0, ""nstres"": 0.1215822696685791}",0.0,0.1215822696685791,16122.725830078123,7339.0789794921875,2.84039568901062,0.0,,0.0,0.0,0.0,150.0,63.86759643554687,63.86759643554687,Leave_One_experiments/all_year_offline_schedule_search/daily_outputs/LCA/LCA_2008_LCA2008_normal_grid_S0010_daily.csv
LCA,LCA,Luancheng,2008,Leave_One_experiments\wth_generated_qc\LCA\LCA2008.WTH,wet_year;nitrogen_stress_year;low_response_year,wet,LCA2008_normal_grid_S0010,low_input_within_10pct_yield,2008-09-05,249,89,84,"{""sim_day"": 89.0, ""doy"": 249.0, ""topwt"": 16313.6083984375, ""grnwt"": 7632.935791015625, ""xlai"": 2.758399724960327, ""totir"": 0.0, ""tofer"": NaN, ""swfac"": 0.0, ""nstres"": 0.1438400745391845}",0.0,0.1438400745391845,16313.6083984375,7632.935791015625,2.758399724960327,0.0,,0.0,0.0,0.0,150.0,63.86759643554687,63.86759643554687,Leave_One_experiments/all_year_offline_schedule_search/daily_outputs/LCA/LCA_2008_LCA2008_normal_grid_S0010_daily.csv
LCA,LCA,Luancheng,2008,Leave_One_experiments\wth_generated_qc\LCA\LCA2008.WTH,wet_year;nitrogen_stress_year;low_response_year,wet,LCA2008_normal_grid_S0010,low_input_within_10pct_yield,2008-09-06,250,90,85,"{""sim_day"": 90.0, ""doy"": 250.0, ""topwt"": 16413.9013671875, ""grnwt"": 7926.7926025390625, ""xlai"": 2.672551393508911, ""totir"": 0.0, ""tofer"": NaN, ""swfac"": 0.0, ""nstres"": 0.1674880981445312}",0.0,0.1674880981445312,16413.9013671875,7926.7926025390625,2.672551393508911,0.0,,0.0,0.0,0.0,150.0,63.86759643554687,63.86759643554687,Leave_One_experiments/all_year_offline_schedule_search/daily_outputs/LCA/LCA_2008_LCA2008_normal_grid_S0010_daily.csv
LCA,LCA,Luancheng,2008,Leave_One_experiments\wth_generated_qc\LCA\LCA2008.WTH,wet_year;nitrogen_stress_year;low_response_year,wet,LCA2008_normal_grid_S0010,low_input_within_10pct_yield,2008-09-07,251,91,86,"{""sim_day"": 91.0, ""doy"": 251.0, ""topwt"": 16549.925537109375, ""grnwt"": 8220.6494140625, ""xlai"": 2.592026948928833, ""totir"": 0.0, ""tofer"": NaN, ""swfac"": 0.0, ""nstres"": 0.1814184188842773}",0.0,0.1814184188842773,16549.925537109375,8220.6494140625,2.592026948928833,0.0,,0.0,0.0,0.0,150.0,63.86759643554687,63.86759643554687,Leave_One_experiments/all_year_offline_schedule_search/daily_outputs/LCA/LCA_2008_LCA2008_normal_grid_S0010_daily.csv
LCA,LCA,Luancheng,2008,Leave_One_experiments\wth_generated_qc\LCA\LCA2008.WTH,wet_year;nitrogen_stress_year;low_response_year,wet,LCA2008_normal_grid_S0010,low_input_within_10pct_yield,2008-09-08,252,92,87,"{""sim_day"": 92.0, ""doy"": 252.0, ""topwt"": 16610.860595703125, ""grnwt"": 8514.506225585938, ""xlai"": 2.509733200073242, ""totir"": 0.0, ""tofer"": NaN, ""swfac"": 0.0, ""nstres"": 0.1882040500640869}",0.0,0.1882040500640869,16610.860595703125,8514.506225585938,2.509733200073242,0.0,,0.0,0.0,0.0,150.0,63.86759643554687,63.86759643554687,Leave_One_experiments/all_year_offline_schedule_search/daily_outputs/LCA/LCA_2008_LCA2008_normal_grid_S0010_daily.csv
LCA,LCA,Luancheng,2008,Leave_One_experiments\wth_generated_qc\LCA\LCA2008.WTH,wet_year;nitrogen_stress_year;low_response_year,wet,LCA2008_normal_grid_S0010,low_input_within_10pct_yield,2008-09-09,253,93,88,"{""sim_day"": 93.0, ""doy"": 253.0, ""topwt"": 16867.005615234375, ""grnwt"": 8808.362426757812, ""xlai"": 2.415013074874878, ""totir"": 0.0, ""tofer"": NaN, ""swfac"": 0.0, ""nstres"": 0.1989455223083496}",0.0,0.1989455223083496,16867.005615234375,8808.362426757812,2.415013074874878,0.0,,0.0,0.0,0.0,150.0,63.86759643554687,63.86759643554687,Leave_One_experiments/all_year_offline_schedule_search/daily_outputs/LCA/LCA_2008_LCA2008_normal_grid_S0010_daily.csv
LCA,LCA,Luancheng,2008,Leave_One_experiments\wth_generated_qc\LCA\LCA2008.WTH,wet_year;nitrogen_stress_year;low_response_year,wet,LCA2008_normal_grid_S0010,low_input_within_10pct_yield,2008-09-10,254,94,89,"{""sim_day"": 94.0, ""doy"": 254.0, ""topwt"": 17154.97802734375, ""grnwt"": 9102.21923828125, ""xlai"": 2.306649923324585, ""totir"": 0.0, ""tofer"": NaN, ""swfac"": 0.0, ""nstres"": 0.2087689042091369}",0.0,0.2087689042091369,17154.97802734375,9102.21923828125,2.306649923324585,0.0,,0.0,0.0,0.0,150.0,63.86759643554687,63.86759643554687,Leave_One_experiments/all_year_offline_schedule_search/daily_outputs/LCA/LCA_2008_LCA2008_normal_grid_S0010_daily.csv
LCA,LCA,Luancheng,2008,Leave_One_experiments\wth_generated_qc\LCA\LCA2008.WTH,wet_year;nitrogen_stress_year;low_response_year,wet,LCA2008_normal_grid_S0010,low_input_within_10pct_yield,2008-09-11,255,95,90,"{""sim_day"": 95.0, ""doy"": 255.0, ""topwt"": 17423.333740234375, ""grnwt"": 9396.076049804688, ""xlai"": 2.202210664749145, ""totir"": 0.0, ""tofer"": NaN, ""swfac"": 0.0, ""nstres"": 0.2787528038024902}",0.0,0.2787528038024902,17423.333740234375,9396.076049804688,2.202210664749145,0.0,,0.0,0.0,0.0,150.0,63.86759643554687,63.86759643554687,Leave_One_experiments/all_year_offline_schedule_search/daily_outputs/LCA/LCA_2008_LCA2008_normal_grid_S0010_daily.csv
LCA,LCA,Luancheng,2008,Leave_One_experiments\wth_generated_qc\LCA\LCA2008.WTH,wet_year;nitrogen_stress_year;low_response_year,wet,LCA2008_normal_grid_S0010,low_input_within_10pct_yield,2008-09-12,256,96,91,"{""sim_day"": 96.0, ""doy"": 256.0, ""topwt"": 17619.456787109375, ""grnwt"": 9689.932861328123, ""xlai"": 2.094814777374268, ""totir"": 0.0, ""tofer"": NaN, ""swfac"": 0.0, ""nstres"": 0.3520334959030151}",0.0,0.3520334959030151,17619.456787109375,9689.932861328123,2.094814777374268,0.0,,0.0,0.0,0.0,150.0,63.86759643554687,63.86759643554687,Leave_One_experiments/all_year_offline_schedule_search/daily_outputs/LCA/LCA_2008_LCA2008_normal_grid_S0010_daily.csv
LCA,LCA,Luancheng,2008,Leave_One_experiments\wth_generated_qc\LCA\LCA2008.WTH,wet_year;nitrogen_stress_year;low_response_year,wet,LCA2008_normal_grid_S0010,low_input_within_10pct_yield,2008-09-13,257,97,92,"{""sim_day"": 97.0, ""doy"": 257.0, ""topwt"": 17703.251953125, ""grnwt"": 9826.595458984377, ""xlai"": 1.979541301727295, ""totir"": 0.0, ""tofer"": NaN, ""swfac"": 0.0, ""nstres"": 0.4141255617141723}",0.0,0.4141255617141723,17703.251953125,9826.595458984377,1.979541301727295,0.0,,0.0,0.0,0.0,150.0,63.86759643554687,63.86759643554687,Leave_One_experiments/all_year_offline_schedule_search/daily_outputs/LCA/LCA_2008_LCA2008_normal_grid_S0010_daily.csv
LCA,LCA,Luancheng,2008,Leave_One_experiments\wth_generated_qc\LCA\LCA2008.WTH,wet_year;nitrogen_stress_year;low_response_year,wet,LCA2008_normal_grid_S0010,low_input_within_10pct_yield,2008-09-14,258,98,93,"{""sim_day"": 98.0, ""doy"": 258.0, ""topwt"": 17866.578369140625, ""grnwt"": 9989.921875, ""xlai"": 1.8568212985992432, ""totir"": 0.0, ""tofer"": NaN, ""swfac"": 0.0, ""nstres"": 0.40007483959198}",0.0,0.40007483959198,17866.578369140625,9989.921875,1.8568212985992432,0.0,,0.0,0.0,0.0,150.0,63.86759643554687,63.86759643554687,Leave_One_experiments/all_year_offline_schedule_search/daily_outputs/LCA/LCA_2008_LCA2008_normal_grid_S0010_daily.csv
LCA,LCA,Luancheng,2008,Leave_One_experiments\wth_generated_qc\LCA\LCA2008.WTH,wet_year;nitrogen_stress_year;low_response_year,wet,LCA2008_normal_grid_S0010,low_input_within_10pct_yield,2008-09-15,259,99,94,"{""sim_day"": 99.0, ""doy"": 259.0, ""topwt"": 18013.416748046875, ""grnwt"": 10136.759643554688, ""xlai"": 1.737512230873108, ""totir"": 0.0, ""tofer"": NaN, ""swfac"": 0.0, ""nstres"": 0.4055694937705993}",0.0,0.4055694937705993,18013.416748046875,10136.759643554688,1.737512230873108,0.0,,0.0,0.0,0.0,150.0,63.86759643554687,63.86759643554687,Leave_One_experiments/all_year_offline_schedule_search/daily_outputs/LCA/LCA_2008_LCA2008_normal_grid_S0010_daily.csv
LCA,LCA,Luancheng,2008,Leave_One_experiments\wth_generated_qc\LCA\LCA2008.WTH,wet_year;nitrogen_stress_year;low_response_year,wet,LCA2008_normal_grid_S0010,low_input_within_10pct_yield,2008-09-16,260,100,95,"{""sim_day"": 100.0, ""doy"": 260.0, ""topwt"": 18013.416748046875, ""grnwt"": 10136.759643554688, ""xlai"": 1.737512230873108, ""totir"": 0.0, ""tofer"": NaN, ""swfac"": 0.0, ""nstres"": 0.4186781048774719}",0.0,0.4186781048774719,18013.416748046875,10136.759643554688,1.737512230873108,0.0,,0.0,0.0,0.0,150.0,63.86759643554687,63.86759643554687,Leave_One_experiments/all_year_offline_schedule_search/daily_outputs/LCA/LCA_2008_LCA2008_normal_grid_S0010_daily.csv
LCA,LCA,Luancheng,2008,Leave_One_experiments\wth_generated_qc\LCA\LCA2008.WTH,wet_year;nitrogen_stress_year;low_response_year,wet,LCA2008_normal_grid_S0010,low_input_within_10pct_yield,2008-09-17,261,101,96,"{""sim_day"": 101.0, ""doy"": 261.0, ""topwt"": 18013.416748046875, ""grnwt"": 10136.759643554688, ""xlai"": 1.737512230873108, ""totir"": 0.0, ""tofer"": NaN, ""swfac"": 0.0, ""nstres"": 0.4186781048774719}",0.0,0.4186781048774719,18013.416748046875,10136.759643554688,1.737512230873108,0.0,,0.0,0.0,0.0,150.0,63.86759643554687,63.86759643554687,Leave_One_experiments/all_year_offline_schedule_search/daily_outputs/LCA/LCA_2008_LCA2008_normal_grid_S0010_daily.csv
LCA,LCA,Luancheng,2008,Leave_One_experiments\wth_generated_qc\LCA\LCA2008.WTH,wet_year;nitrogen_stress_year;low_response_year,wet,LCA2008_normal_grid_S0010,low_input_within_10pct_yield,2008-09-18,262,102,97,"{""sim_day"": 102.0, ""doy"": 262.0, ""topwt"": 18013.416748046875, ""grnwt"": 10136.759643554688, ""xlai"": 1.737512230873108, ""totir"": 0.0, ""tofer"": NaN, ""swfac"": 0.0, ""nstres"": 0.4186781048774719}",0.0,0.4186781048774719,18013.416748046875,10136.759643554688,1.737512230873108,0.0,,0.0,0.0,0.0,150.0,63.86759643554687,63.86759643554687,Leave_One_experiments/all_year_offline_schedule_search/daily_outputs/LCA/LCA_2008_LCA2008_normal_grid_S0010_daily.csv
LCA,LCA,Luancheng,2008,Leave_One_experiments\wth_generated_qc\LCA\LCA2008.WTH,wet_year;nitrogen_stress_year;low_response_year,wet,LCA2008_normal_grid_S0010,low_input_within_10pct_yield,2008-09-19,263,103,98,"{""sim_day"": 103.0, ""doy"": 263.0, ""topwt"": 18013.416748046875, ""grnwt"": 10136.759643554688, ""xlai"": 1.737512230873108, ""totir"": 0.0, ""tofer"": NaN, ""swfac"": 0.0, ""nstres"": 0.4186781048774719}",0.0,0.4186781048774719,18013.416748046875,10136.759643554688,1.737512230873108,0.0,,0.0,0.0,0.0,150.0,63.86759643554687,63.86759643554687,Leave_One_experiments/all_year_offline_schedule_search/daily_outputs/LCA/LCA_2008_LCA2008_normal_grid_S0010_daily.csv
LCA,LCA,Luancheng,2008,Leave_One_experiments\wth_generated_qc\LCA\LCA2008.WTH,wet_year;nitrogen_stress_year;low_response_year,wet,LCA2008_normal_grid_S0019,pareto_balanced,2008-06-14,166,1,1,"{""sim_day"": 1.0, ""doy"": 166.0, ""topwt"": 0.0, ""grnwt"": 0.0, ""xlai"": 0.0, ""totir"": 0.0, ""tofer"": NaN, ""swfac"": 0.0, ""nstres"": 0.0}",0.0,0.0,0.0,0.0,0.0,0.0,,0.0,75.0,0.0,225.0,52.7750244140625,52.7750244140625,Leave_One_experiments/all_year_offline_schedule_search/daily_outputs/LCA/LCA_2008_LCA2008_normal_grid_S0019_daily.csv
LCA,LCA,Luancheng,2008,Leave_One_experiments\wth_generated_qc\LCA\LCA2008.WTH,wet_year;nitrogen_stress_year;low_response_year,wet,LCA2008_normal_grid_S0019,pareto_balanced,2008-06-15,167,2,2,"{""sim_day"": 2.0, ""doy"": 167.0, ""topwt"": 0.0, ""grnwt"": 0.0, ""xlai"": 0.0, ""totir"": 0.0, ""tofer"": NaN, ""swfac"": 0.0, ""nstres"": 0.0}",0.0,0.0,0.0,0.0,0.0,0.0,,0.0,0.0,0.0,225.0,52.7750244140625,52.7750244140625,Leave_One_experiments/all_year_offline_schedule_search/daily_outputs/LCA/LCA_2008_LCA2008_normal_grid_S0019_daily.csv
LCA,LCA,Luancheng,2008,Leave_One_experiments\wth_generated_qc\LCA\LCA2008.WTH,wet_year;nitrogen_stress_year;low_response_year,wet,LCA2008_normal_grid_S0019,pareto_balanced,2008-06-16,168,3,3,"{""sim_day"": 3.0, ""doy"": 168.0, ""topwt"": 0.0, ""grnwt"": 0.0, ""xlai"": 0.0, ""totir"": 0.0, ""tofer"": NaN, ""swfac"": 0.0, ""nstres"": 0.0}",0.0,0.0,0.0,0.0,0.0,0.0,,0.0,0.0,0.0,225.0,52.7750244140625,52.7750244140625,Leave_One_experiments/all_year_offline_schedule_search/daily_outputs/LCA/LCA_2008_LCA2008_normal_grid_S0019_daily.csv
LCA,LCA,Luancheng,2008,Leave_One_experiments\wth_generated_qc\LCA\LCA2008.WTH,wet_year;nitrogen_stress_year;low_response_year,wet,LCA2008_normal_grid_S0019,pareto_balanced,2008-06-17,169,4,4,"{""sim_day"": 4.0, ""doy"": 169.0, ""topwt"": 0.0, ""grnwt"": 0.0, ""xlai"": 0.0, ""totir"": 0.0, ""tofer"": NaN, ""swfac"": 0.0, ""nstres"": 0.0}",0.0,0.0,0.0,0.0,0.0,0.0,,0.0,0.0,0.0,225.0,52.7750244140625,52.7750244140625,Leave_One_experiments/all_year_offline_schedule_search/daily_outputs/LCA/LCA_2008_LCA2008_normal_grid_S0019_daily.csv
LCA,LCA,Luancheng,2008,Leave_One_experiments\wth_generated_qc\LCA\LCA2008.WTH,wet_year;nitrogen_stress_year;low_response_year,wet,LCA2008_normal_grid_S0019,pareto_balanced,2008-06-18,170,5,5,"{""sim_day"": 5.0, ""doy"": 170.0, ""topwt"": 0.0, ""grnwt"": 0.0, ""xlai"": 0.0, ""totir"": 0.0, ""tofer"": NaN, ""swfac"": 0.0, ""nstres"": 0.0}",0.0,0.0,0.0,0.0,0.0,0.0,,0.0,0.0,0.0,225.0,52.7750244140625,52.7750244140625,Leave_One_experiments/all_year_offline_schedule_search/daily_outputs/LCA/LCA_2008_LCA2008_normal_grid_S0019_daily.csv
LCA,LCA,Luancheng,2008,Leave_One_experiments\wth_generated_qc\LCA\LCA2008.WTH,wet_year;nitrogen_stress_year;low_response_year,wet,LCA2008_normal_grid_S0019,pareto_balanced,2008-06-14,166,6,1,"{""sim_day"": 6.0, ""doy"": 166.0, ""topwt"": 0.0, ""grnwt"": 0.0, ""xlai"": 0.0, ""totir"": 0.0, ""tofer"": NaN, ""swfac"": 0.0, ""nstres"": 0.0}",0.0,0.0,0.0,0.0,0.0,0.0,,0.0,0.0,0.0,225.0,52.7750244140625,52.7750244140625,Leave_One_experiments/all_year_offline_schedule_search/daily_outputs/LCA/LCA_2008_LCA2008_normal_grid_S0019_daily.csv
LCA,LCA,Luancheng,2008,Leave_One_experiments\wth_generated_qc\LCA\LCA2008.WTH,wet_year;nitrogen_stress_year;low_response_year,wet,LCA2008_normal_grid_S0019,pareto_balanced,2008-06-15,167,7,2,"{""sim_day"": 7.0, ""doy"": 167.0, ""topwt"": 0.0, ""grnwt"": 0.0, ""xlai"": 0.0, ""totir"": 0.0, ""tofer"": NaN, ""swfac"": 0.0, ""nstres"": 0.0}",0.0,0.0,0.0,0.0,0.0,0.0,,0.0,0.0,0.0,225.0,52.7750244140625,52.7750244140625,Leave_One_experiments/all_year_offline_schedule_search/daily_outputs/LCA/LCA_2008_LCA2008_normal_grid_S0019_daily.csv
LCA,LCA,Luancheng,2008,Leave_One_experiments\wth_generated_qc\LCA\LCA2008.WTH,wet_year;nitrogen_stress_year;low_response_year,wet,LCA2008_normal_grid_S0019,pareto_balanced,2008-06-16,168,8,3,"{""sim_day"": 8.0, ""doy"": 168.0, ""topwt"": 0.0, ""grnwt"": 0.0, ""xlai"": 0.0, ""totir"": 0.0, ""tofer"": NaN, ""swfac"": 0.0, ""nstres"": 0.0}",0.0,0.0,0.0,0.0,0.0,0.0,,0.0,0.0,0.0,225.0,52.7750244140625,52.7750244140625,Leave_One_experiments/all_year_offline_schedule_search/daily_outputs/LCA/LCA_2008_LCA2008_normal_grid_S0019_daily.csv
LCA,LCA,Luancheng,2008,Leave_One_experiments\wth_generated_qc\LCA\LCA2008.WTH,wet_year;nitrogen_stress_year;low_response_year,wet,LCA2008_normal_grid_S0019,pareto_balanced,2008-06-17,169,9,4,"{""sim_day"": 9.0, ""doy"": 169.0, ""topwt"": 0.0, ""grnwt"": 0.0, ""xlai"": 0.0, ""totir"": 0.0, ""tofer"": NaN, ""swfac"": 0.0, ""nstres"": 0.0}",0.0,0.0,0.0,0.0,0.0,0.0,,0.0,0.0,0.0,225.0,52.7750244140625,52.7750244140625,Leave_One_experiments/all_year_offline_schedule_search/daily_outputs/LCA/LCA_2008_LCA2008_normal_grid_S0019_daily.csv
LCA,LCA,Luancheng,2008,Leave_One_experiments\wth_generated_qc\LCA\LCA2008.WTH,wet_year;nitrogen_stress_year;low_response_year,wet,LCA2008_normal_grid_S0019,pareto_balanced,2008-06-18,170,10,5,"{""sim_day"": 10.0, ""doy"": 170.0, ""topwt"": 0.0, ""grnwt"": 0.0, ""xlai"": 0.0, ""totir"": 0.0, ""tofer"": NaN, ""swfac"": 0.0, ""nstres"": 0.0}",0.0,0.0,0.0,0.0,0.0,0.0,,0.0,0.0,0.0,225.0,52.7750244140625,52.7750244140625,Leave_One_experiments/all_year_offline_schedule_search/daily_outputs/LCA/LCA_2008_LCA2008_normal_grid_S0019_daily.csv
LCA,LCA,Luancheng,2008,Leave_One_experiments\wth_generated_qc\LCA\LCA2008.WTH,wet_year;nitrogen_stress_year;low_response_year,wet,LCA2008_normal_grid_S0019,pareto_balanced,2008-06-19,171,11,6,"{""sim_day"": 11.0, ""doy"": 171.0, ""topwt"": 23.600001335144043, ""grnwt"": 0.0, ""xlai"": 0.0048715858720242, ""totir"": 0.0, ""tofer"": NaN, ""swfac"": 0.0, ""nstres"": 0.0121910572052001}",0.0,0.0121910572052001,23.600001335144043,0.0,0.0048715858720242,0.0,,0.0,0.0,0.0,225.0,52.7750244140625,52.7750244140625,Leave_One_experiments/all_year_offline_schedule_search/daily_outputs/LCA/LCA_2008_LCA2008_normal_grid_S0019_daily.csv
LCA,LCA,Luancheng,2008,Leave_One_experiments\wth_generated_qc\LCA\LCA2008.WTH,wet_year;nitrogen_stress_year;low_response_year,wet,LCA2008_normal_grid_S0019,pareto_balanced,2008-06-20,172,12,7,"{""sim_day"": 12.0, ""doy"": 172.0, ""topwt"": 23.600001335144043, ""grnwt"": 0.0, ""xlai"": 0.0113677233457565, ""totir"": 0.0, ""tofer"": NaN, ""swfac"": 0.0, ""nstres"": 0.008480429649353}",0.0,0.008480429649353,23.600001335144043,0.0,0.0113677233457565,0.0,,0.0,0.0,0.0,225.0,52.7750244140625,52.7750244140625,Leave_One_experiments/all_year_offline_schedule_search/daily_outputs/LCA/LCA_2008_LCA2008_normal_grid_S0019_daily.csv
LCA,LCA,Luancheng,2008,Leave_One_experiments\wth_generated_qc\LCA\LCA2008.WTH,wet_year;nitrogen_stress_year;low_response_year,wet,LCA2008_normal_grid_S0019,pareto_balanced,2008-06-21,173,13,8,"{""sim_day"": 13.0, ""doy"": 173.0, ""topwt"": 23.600001335144043, ""grnwt"": 0.0, ""xlai"": 0.0186336077749729, ""totir"": 0.0, ""tofer"": NaN, ""swfac"": 0.0, ""nstres"": 0.0}",0.0,0.0,23.600001335144043,0.0,0.0186336077749729,0.0,,0.0,0.0,0.0,225.0,52.7750244140625,52.7750244140625,Leave_One_experiments/all_year_offline_schedule_search/daily_outputs/LCA/LCA_2008_LCA2008_normal_grid_S0019_daily.csv
LCA,LCA,Luancheng,2008,Leave_One_experiments\wth_generated_qc\LCA\LCA2008.WTH,wet_year;nitrogen_stress_year;low_response_year,wet,LCA2008_normal_grid_S0019,pareto_balanced,2008-06-22,174,14,9,"{""sim_day"": 14.0, ""doy"": 174.0, ""topwt"": 25.66721200942993, ""grnwt"": 0.0, ""xlai"": 0.0461338050663471, ""totir"": 0.0, ""tofer"": NaN, ""swfac"": 0.0, ""nstres"": 0.0}",0.0,0.0,25.66721200942993,0.0,0.0461338050663471,0.0,,0.0,0.0,0.0,225.0,52.7750244140625,52.7750244140625,Leave_One_experiments/all_year_offline_schedule_search/daily_outputs/LCA/LCA_2008_LCA2008_normal_grid_S0019_daily.csv
LCA,LCA,Luancheng,2008,Leave_One_experiments\wth_generated_qc\LCA\LCA2008.WTH,wet_year;nitrogen_stress_year;low_response_year,wet,LCA2008_normal_grid_S0019,pareto_balanced,2008-06-23,175,15,10,"{""sim_day"": 15.0, ""doy"": 175.0, ""topwt"": 36.38740301132202, ""grnwt"": 0.0, ""xlai"": 0.0728419497609138, ""totir"": 0.0, ""tofer"": NaN, ""swfac"": 0.0, ""nstres"": 0.0}",0.0,0.0,36.38740301132202,0.0,0.0728419497609138,0.0,,0.0,0.0,0.0,225.0,52.7750244140625,52.7750244140625,Leave_One_experiments/all_year_offline_schedule_search/daily_outputs/LCA/LCA_2008_LCA2008_normal_grid_S0019_daily.csv
LCA,LCA,Luancheng,2008,Leave_One_experiments\wth_generated_qc\LCA\LCA2008.WTH,wet_year;nitrogen_stress_year;low_response_year,wet,LCA2008_normal_grid_S0019,pareto_balanced,2008-06-24,176,16,11,"{""sim_day"": 16.0, ""doy"": 176.0, ""topwt"": 52.552690505981445, ""grnwt"": 0.0, ""xlai"": 0.1089488342404365, ""totir"": 0.0, ""tofer"": NaN, ""swfac"": 0.0, ""nstres"": 0.0146409273147583}",0.0,0.0146409273147583,52.552690505981445,0.0,0.1089488342404365,0.0,,0.0,0.0,0.0,225.0,52.7750244140625,52.7750244140625,Leave_One_experiments/all_year_offline_schedule_search/daily_outputs/LCA/LCA_2008_LCA2008_normal_grid_S0019_daily.csv
LCA,LCA,Luancheng,2008,Leave_One_experiments\wth_generated_qc\LCA\LCA2008.WTH,wet_year;nitrogen_stress_year;low_response_year,wet,LCA2008_normal_grid_S0019,pareto_balanced,2008-06-25,177,17,12,"{""sim_day"": 17.0, ""doy"": 177.0, ""topwt"": 71.13682270050049, ""grnwt"": 0.0, ""xlai"": 0.146922305226326, ""totir"": 0.0, ""tofer"": NaN, ""swfac"": 0.0, ""nstres"": 0.0}",0.0,0.0,71.13682270050049,0.0,0.146922305226326,0.0,,0.0,0.0,0.0,225.0,52.7750244140625,52.7750244140625,Leave_One_experiments/all_year_offline_schedule_search/daily_outputs/LCA/LCA_2008_LCA2008_normal_grid_S0019_daily.csv
LCA,LCA,Luancheng,2008,Leave_One_experiments\wth_generated_qc\LCA\LCA2008.WTH,wet_year;nitrogen_stress_year;low_response_year,wet,LCA2008_normal_grid_S0019,pareto_balanced,2008-06-26,178,18,13,"{""sim_day"": 18.0, ""doy"": 178.0, ""topwt"": 93.21404457092284, ""grnwt"": 0.0, ""xlai"": 0.1889433860778808, ""totir"": 0.0, ""tofer"": NaN, ""swfac"": 0.0, ""nstres"": 0.0}",0.0,0.0,93.21404457092284,0.0,0.1889433860778808,0.0,,0.0,0.0,0.0,225.0,52.7750244140625,52.7750244140625,Leave_One_experiments/all_year_offline_schedule_search/daily_outputs/LCA/LCA_2008_LCA2008_normal_grid_S0019_daily.csv
LCA,LCA,Luancheng,2008,Leave_One_experiments\wth_generated_qc\LCA\LCA2008.WTH,wet_year;nitrogen_stress_year;low_response_year,wet,LCA2008_normal_grid_S0019,pareto_balanced,2008-06-27,179,19,14,"{""sim_day"": 19.0, ""doy"": 179.0, ""topwt"": 119.99794960021973, ""grnwt"": 0.0, ""xlai"": 0.2368562221527099, ""totir"": 0.0, ""tofer"": NaN, ""swfac"": 0.0, ""nstres"": 0.0}",0.0,0.0,119.99794960021973,0.0,0.2368562221527099,0.0,,0.0,0.0,0.0,225.0,52.7750244140625,52.7750244140625,Leave_One_experiments/all_year_offline_schedule_search/daily_outputs/LCA/LCA_2008_LCA2008_normal_grid_S0019_daily.csv
LCA,LCA,Luancheng,2008,Leave_One_experiments\wth_generated_qc\LCA\LCA2008.WTH,wet_year;nitrogen_stress_year;low_response_year,wet,LCA2008_normal_grid_S0019,pareto_balanced,2008-06-28,180,20,15,"{""sim_day"": 20.0, ""doy"": 180.0, ""topwt"": 138.7290096282959, ""grnwt"": 0.0, ""xlai"": 0.287154883146286, ""totir"": 0.0, ""tofer"": NaN, ""swfac"": 0.0, ""nstres"": 0.0}",0.0,0.0,138.7290096282959,0.0,0.287154883146286,0.0,,0.0,0.0,0.0,225.0,52.7750244140625,52.7750244140625,Leave_One_experiments/all_year_offline_schedule_search/daily_outputs/LCA/LCA_2008_LCA2008_normal_grid_S0019_daily.csv
LCA,LCA,Luancheng,2008,Leave_One_experiments\wth_generated_qc\LCA\LCA2008.WTH,wet_year;nitrogen_stress_year;low_response_year,wet,LCA2008_normal_grid_S0019,pareto_balanced,2008-06-29,181,21,16,"{""sim_day"": 21.0, ""doy"": 181.0, ""topwt"": 163.9013671875, ""grnwt"": 0.0, ""xlai"": 0.3313791155815124, ""totir"": 0.0, ""tofer"": NaN, ""swfac"": 0.0, ""nstres"": 0.0}",0.0,0.0,163.9013671875,0.0,0.3313791155815124,0.0,,0.0,0.0,0.0,225.0,52.7750244140625,52.7750244140625,Leave_One_experiments/all_year_offline_schedule_search/daily_outputs/LCA/LCA_2008_LCA2008_normal_grid_S0019_daily.csv
LCA,LCA,Luancheng,2008,Leave_One_experiments\wth_generated_qc\LCA\LCA2008.WTH,wet_year;nitrogen_stress_year;low_response_year,wet,LCA2008_normal_grid_S0019,pareto_balanced,2008-06-30,182,22,17,"{""sim_day"": 22.0, ""doy"": 182.0, ""topwt"": 209.84527587890625, ""grnwt"": 0.0, ""xlai"": 0.4086035192012787, ""totir"": 0.0, ""tofer"": NaN, ""swfac"": 0.0, ""nstres"": 0.0074787735939025}",0.0,0.0074787735939025,209.84527587890625,0.0,0.4086035192012787,0.0,,0.0,0.0,0.0,225.0,52.7750244140625,52.7750244140625,Leave_One_experiments/all_year_offline_schedule_search/daily_outputs/LCA/LCA_2008_LCA2008_normal_grid_S0019_daily.csv
LCA,LCA,Luancheng,2008,Leave_One_experiments\wth_generated_qc\LCA\LCA2008.WTH,wet_year;nitrogen_stress_year;low_response_year,wet,LCA2008_normal_grid_S0019,pareto_balanced,2008-07-01,183,23,18,"{""sim_day"": 23.0, ""doy"": 183.0, ""topwt"": 273.8093376159668, ""grnwt"": 0.0, ""xlai"": 0.510208785533905, ""totir"": 0.0, ""tofer"": NaN, ""swfac"": 0.0, ""nstres"": 0.0}",0.0,0.0,273.8093376159668,0.0,0.510208785533905,0.0,,0.0,0.0,0.0,225.0,52.7750244140625,52.7750244140625,Leave_One_experiments/all_year_offline_schedule_search/daily_outputs/LCA/LCA_2008_LCA2008_normal_grid_S0019_daily.csv
LCA,LCA,Luancheng,2008,Leave_One_experiments\wth_generated_qc\LCA\LCA2008.WTH,wet_year;nitrogen_stress_year;low_response_year,wet,LCA2008_normal_grid_S0019,pareto_balanced,2008-07-02,184,24,19,"{""sim_day"": 24.0, ""doy"": 184.0, ""topwt"": 349.7096252441406, ""grnwt"": 0.0, ""xlai"": 0.6241185665130615, ""totir"": 0.0, ""tofer"": NaN, ""swfac"": 0.0, ""nstres"": 0.0}",0.0,0.0,349.7096252441406,0.0,0.6241185665130615,0.0,,0.0,0.0,0.0,225.0,52.7750244140625,52.7750244140625,Leave_One_experiments/all_year_offline_schedule_search/daily_outputs/LCA/LCA_2008_LCA2008_normal_grid_S0019_daily.csv
LCA,LCA,Luancheng,2008,Leave_One_experiments\wth_generated_qc\LCA\LCA2008.WTH,wet_year;nitrogen_stress_year;low_response_year,wet,LCA2008_normal_grid_S0019,pareto_balanced,2008-07-03,185,25,20,"{""sim_day"": 25.0, ""doy"": 185.0, ""topwt"": 451.9374847412109, ""grnwt"": 0.0, ""xlai"": 0.769390881061554, ""totir"": 0.0, ""tofer"": NaN, ""swfac"": 0.0, ""nstres"": 0.0}",0.0,0.0,451.9374847412109,0.0,0.769390881061554,0.0,,0.0,0.0,0.0,225.0,52.7750244140625,52.7750244140625,Leave_One_experiments/all_year_offline_schedule_search/daily_outputs/LCA/LCA_2008_LCA2008_normal_grid_S0019_daily.csv
LCA,LCA,Luancheng,2008,Leave_One_experiments\wth_generated_qc\LCA\LCA2008.WTH,wet_year;nitrogen_stress_year;low_response_year,wet,LCA2008_normal_grid_S0019,pareto_balanced,2008-07-04,186,26,21,"{""sim_day"": 26.0, ""doy"": 186.0, ""topwt"": 513.6460876464844, ""grnwt"": 0.0, ""xlai"": 0.8531575202941895, ""totir"": 0.0, ""tofer"": NaN, ""swfac"": 0.0, ""nstres"": 0.0}",0.0,0.0,513.6460876464844,0.0,0.8531575202941895,0.0,,0.0,0.0,0.0,225.0,52.7750244140625,52.7750244140625,Leave_One_experiments/all_year_offline_schedule_search/daily_outputs/LCA/LCA_2008_LCA2008_normal_grid_S0019_daily.csv
LCA,LCA,Luancheng,2008,Leave_One_experiments\wth_generated_qc\LCA\LCA2008.WTH,wet_year;nitrogen_stress_year;low_response_year,wet,LCA2008_normal_grid_S0019,pareto_balanced,2008-07-05,187,27,22,"{""sim_day"": 27.0, ""doy"": 187.0, ""topwt"": 629.8993682861328, ""grnwt"": 0.0, ""xlai"": 1.0048458576202393, ""totir"": 0.0, ""tofer"": NaN, ""swfac"": 0.0, ""nstres"": 0.0}",0.0,0.0,629.8993682861328,0.0,1.0048458576202393,0.0,,0.0,0.0,0.0,225.0,52.7750244140625,52.7750244140625,Leave_One_experiments/all_year_offline_schedule_search/daily_outputs/LCA/LCA_2008_LCA2008_normal_grid_S0019_daily.csv
LCA,LCA,Luancheng,2008,Leave_One_experiments\wth_generated_qc\LCA\LCA2008.WTH,wet_year;nitrogen_stress_year;low_response_year,wet,LCA2008_normal_grid_S0019,pareto_balanced,2008-07-06,188,28,23,"{""sim_day"": 28.0, ""doy"": 188.0, ""topwt"": 776.1564636230469, ""grnwt"": 0.0, ""xlai"": 1.1919257640838623, ""totir"": 0.0, ""tofer"": NaN, ""swfac"": 0.0, ""nstres"": 0.0}",0.0,0.0,776.1564636230469,0.0,1.1919257640838623,0.0,,0.0,0.0,0.0,225.0,52.7750244140625,52.7750244140625,Leave_One_experiments/all_year_offline_schedule_search/daily_outputs/LCA/LCA_2008_LCA2008_normal_grid_S0019_daily.csv
LCA,LCA,Luancheng,2008,Leave_One_experiments\wth_generated_qc\LCA\LCA2008.WTH,wet_year;nitrogen_stress_year;low_response_year,wet,LCA2008_normal_grid_S0019,pareto_balanced,2008-07-07,189,29,24,"{""sim_day"": 29.0, ""doy"": 189.0, ""topwt"": 921.2556457519532, ""grnwt"": 0.0, ""xlai"": 1.3664573431015017, ""totir"": 0.0, ""tofer"": NaN, ""swfac"": 0.0, ""nstres"": 0.0}",0.0,0.0,921.2556457519532,0.0,1.3664573431015017,0.0,,0.0,0.0,0.0,225.0,52.7750244140625,52.7750244140625,Leave_One_experiments/all_year_offline_schedule_search/daily_outputs/LCA/LCA_2008_LCA2008_normal_grid_S0019_daily.csv
LCA,LCA,Luancheng,2008,Leave_One_experiments\wth_generated_qc\LCA\LCA2008.WTH,wet_year;nitrogen_stress_year;low_response_year,wet,LCA2008_normal_grid_S0019,pareto_balanced,2008-07-08,190,30,25,"{""sim_day"": 30.0, ""doy"": 190.0, ""topwt"": 1080.2752685546875, ""grnwt"": 0.0, ""xlai"": 1.5457065105438232, ""totir"": 0.0, ""tofer"": NaN, ""swfac"": 0.0, ""nstres"": 0.0}",0.0,0.0,1080.2752685546875,0.0,1.5457065105438232,0.0,,0.0,0.0,0.0,225.0,52.7750244140625,52.7750244140625,Leave_One_experiments/all_year_offline_schedule_search/daily_outputs/LCA/LCA_2008_LCA2008_normal_grid_S0019_daily.csv
LCA,LCA,Luancheng,2008,Leave_One_experiments\wth_generated_qc\LCA\LCA2008.WTH,wet_year;nitrogen_stress_year;low_response_year,wet,LCA2008_normal_grid_S0019,pareto_balanced,2008-07-09,191,31,26,"{""sim_day"": 31.0, ""doy"": 191.0, ""topwt"": 1263.3226776123047, ""grnwt"": 0.0, ""xlai"": 1.737442970275879, ""totir"": 0.0, ""tofer"": NaN, ""swfac"": 0.0, ""nstres"": 0.0}",0.0,0.0,1263.3226776123047,0.0,1.737442970275879,0.0,,0.0,0.0,0.0,225.0,52.7750244140625,52.7750244140625,Leave_One_experiments/all_year_offline_schedule_search/daily_outputs/LCA/LCA_2008_LCA2008_normal_grid_S0019_daily.csv
LCA,LCA,Luancheng,2008,Leave_One_experiments\wth_generated_qc\LCA\LCA2008.WTH,wet_year;nitrogen_stress_year;low_response_year,wet,LCA2008_normal_grid_S0019,pareto_balanced,2008-07-10,192,32,27,"{""sim_day"": 32.0, ""doy"": 192.0, ""topwt"": 1432.0590209960938, ""grnwt"": 0.0, ""xlai"": 1.901012063026428, ""totir"": 0.0, ""tofer"": NaN, ""swfac"": 0.0, ""nstres"": 0.0}",0.0,0.0,1432.0590209960938,0.0,1.901012063026428,0.0,,0.0,0.0,0.0,225.0,52.7750244140625,52.7750244140625,Leave_One_experiments/all_year_offline_schedule_search/daily_outputs/LCA/LCA_2008_LCA2008_normal_grid_S0019_daily.csv
LCA,LCA,Luancheng,2008,Leave_One_experiments\wth_generated_qc\LCA\LCA2008.WTH,wet_year;nitrogen_stress_year;low_response_year,wet,LCA2008_normal_grid_S0019,pareto_balanced,2008-07-11,193,33,28,"{""sim_day"": 33.0, ""doy"": 193.0, ""topwt"": 1654.1018676757812, ""grnwt"": 0.0, ""xlai"": 2.099081039428711, ""totir"": 0.0, ""tofer"": NaN, ""swfac"": 0.0, ""nstres"": 0.0}",0.0,0.0,1654.1018676757812,0.0,2.099081039428711,0.0,,0.0,0.0,0.0,225.0,52.7750244140625,52.7750244140625,Leave_One_experiments/all_year_offline_schedule_search/daily_outputs/LCA/LCA_2008_LCA2008_normal_grid_S0019_daily.csv
LCA,LCA,Luancheng,2008,Leave_One_experiments\wth_generated_qc\LCA\LCA2008.WTH,wet_year;nitrogen_stress_year;low_response_year,wet,LCA2008_normal_grid_S0019,pareto_balanced,2008-07-12,194,34,29,"{""sim_day"": 34.0, ""doy"": 194.0, ""topwt"": 1883.392333984375, ""grnwt"": 0.0, ""xlai"": 2.287022352218628, ""totir"": 0.0, ""tofer"": NaN, ""swfac"": 0.0, ""nstres"": 0.0}",0.0,0.0,1883.392333984375,0.0,2.287022352218628,0.0,,0.0,0.0,0.0,225.0,52.7750244140625,52.7750244140625,Leave_One_experiments/all_year_offline_schedule_search/daily_outputs/LCA/LCA_2008_LCA2008_normal_grid_S0019_daily.csv
LCA,LCA,Luancheng,2008,Leave_One_experiments\wth_generated_qc\LCA\LCA2008.WTH,wet_year;nitrogen_stress_year;low_response_year,wet,LCA2008_normal_grid_S0019,pareto_balanced,2008-07-13,195,35,30,"{""sim_day"": 35.0, ""doy"": 195.0, ""topwt"": 1909.0814208984373, ""grnwt"": 0.0, ""xlai"": 2.306678056716919, ""totir"": 0.0, ""tofer"": NaN, ""swfac"": 0.0, ""nstres"": 0.0}",0.0,0.0,1909.0814208984373,0.0,2.306678056716919,0.0,,0.0,75.0,0.0,225.0,52.7750244140625,52.7750244140625,Leave_One_experiments/all_year_offline_schedule_search/daily_outputs/LCA/LCA_2008_LCA2008_normal_grid_S0019_daily.csv
LCA,LCA,Luancheng,2008,Leave_One_experiments\wth_generated_qc\LCA\LCA2008.WTH,wet_year;nitrogen_stress_year;low_response_year,wet,LCA2008_normal_grid_S0019,pareto_balanced,2008-07-14,196,36,31,"{""sim_day"": 36.0, ""doy"": 196.0, ""topwt"": 2071.8438720703125, ""grnwt"": 0.0, ""xlai"": 2.4246726036071777, ""totir"": 0.0, ""tofer"": NaN, ""swfac"": 0.0, ""nstres"": 0.0}",0.0,0.0,2071.8438720703125,0.0,2.4246726036071777,0.0,,0.0,0.0,0.0,225.0,52.7750244140625,52.7750244140625,Leave_One_experiments/all_year_offline_schedule_search/daily_outputs/LCA/LCA_2008_LCA2008_normal_grid_S0019_daily.csv
LCA,LCA,Luancheng,2008,Leave_One_experiments\wth_generated_qc\LCA\LCA2008.WTH,wet_year;nitrogen_stress_year;low_response_year,wet,LCA2008_normal_grid_S0019,pareto_balanced,2008-07-15,197,37,32,"{""sim_day"": 37.0, ""doy"": 197.0, ""topwt"": 2347.21435546875, ""grnwt"": 0.0, ""xlai"": 2.6083920001983643, ""totir"": 0.0, ""tofer"": NaN, ""swfac"": 0.0, ""nstres"": 0.0}",0.0,0.0,2347.21435546875,0.0,2.6083920001983643,0.0,,0.0,0.0,0.0,225.0,52.7750244140625,52.7750244140625,Leave_One_experiments/all_year_offline_schedule_search/daily_outputs/LCA/LCA_2008_LCA2008_normal_grid_S0019_daily.csv
LCA,LCA,Luancheng,2008,Leave_One_experiments\wth_generated_qc\LCA\LCA2008.WTH,wet_year;nitrogen_stress_year;low_response_year,wet,LCA2008_normal_grid_S0019,pareto_balanced,2008-07-16,198,38,33,"{""sim_day"": 38.0, ""doy"": 198.0, ""topwt"": 2420.9178161621094, ""grnwt"": 0.0, ""xlai"": 2.653719663619995, ""totir"": 0.0, ""tofer"": NaN, ""swfac"": 0.0, ""nstres"": 0.0}",0.0,0.0,2420.9178161621094,0.0,2.653719663619995,0.0,,0.0,0.0,0.0,225.0,52.7750244140625,52.7750244140625,Leave_One_experiments/all_year_offline_schedule_search/daily_outputs/LCA/LCA_2008_LCA2008_normal_grid_S0019_daily.csv
LCA,LCA,Luancheng,2008,Leave_One_experiments\wth_generated_qc\LCA\LCA2008.WTH,wet_year;nitrogen_stress_year;low_response_year,wet,LCA2008_normal_grid_S0019,pareto_balanced,2008-07-17,199,39,34,"{""sim_day"": 39.0, ""doy"": 199.0, ""topwt"": 2655.580444335937, ""grnwt"": 0.0, ""xlai"": 2.788126945495605, ""totir"": 0.0, ""tofer"": NaN, ""swfac"": 0.0, ""nstres"": 0.0}",0.0,0.0,2655.580444335937,0.0,2.788126945495605,0.0,,0.0,0.0,0.0,225.0,52.7750244140625,52.7750244140625,Leave_One_experiments/all_year_offline_schedule_search/daily_outputs/LCA/LCA_2008_LCA2008_normal_grid_S0019_daily.csv
LCA,LCA,Luancheng,2008,Leave_One_experiments\wth_generated_qc\LCA\LCA2008.WTH,wet_year;nitrogen_stress_year;low_response_year,wet,LCA2008_normal_grid_S0019,pareto_balanced,2008-07-18,200,40,35,"{""sim_day"": 40.0, ""doy"": 200.0, ""topwt"": 2923.784484863281, ""grnwt"": 0.0, ""xlai"": 2.929598569869995, ""totir"": 0.0, ""tofer"": NaN, ""swfac"": 0.0, ""nstres"": 0.0}",0.0,0.0,2923.784484863281,0.0,2.929598569869995,0.0,,0.0,0.0,0.0,225.0,52.7750244140625,52.7750244140625,Leave_One_experiments/all_year_offline_schedule_search/daily_outputs/LCA/LCA_2008_LCA2008_normal_grid_S0019_daily.csv
LCA,LCA,Luancheng,2008,Leave_One_experiments\wth_generated_qc\LCA\LCA2008.WTH,wet_year;nitrogen_stress_year;low_response_year,wet,LCA2008_normal_grid_S0019,pareto_balanced,2008-07-19,201,41,36,"{""sim_day"": 41.0, ""doy"": 201.0, ""topwt"": 3256.410522460937, ""grnwt"": 0.0, ""xlai"": 3.091468334197998, ""totir"": 0.0, ""tofer"": NaN, ""swfac"": 0.0, ""nstres"": 0.0}",0.0,0.0,3256.410522460937,0.0,3.091468334197998,0.0,,0.0,0.0,0.0,225.0,52.7750244140625,52.7750244140625,Leave_One_experiments/all_year_offline_schedule_search/daily_outputs/LCA/LCA_2008_LCA2008_normal_grid_S0019_daily.csv
LCA,LCA,Luancheng,2008,Leave_One_experiments\wth_generated_qc\LCA\LCA2008.WTH,wet_year;nitrogen_stress_year;low_response_year,wet,LCA2008_normal_grid_S0019,pareto_balanced,2008-07-20,202,42,37,"{""sim_day"": 42.0, ""doy"": 202.0, ""topwt"": 3644.210815429688, ""grnwt"": 0.0, ""xlai"": 3.2655463218688965, ""totir"": 0.0, ""tofer"": NaN, ""swfac"": 0.0, ""nstres"": 0.0}",0.0,0.0,3644.210815429688,0.0,3.2655463218688965,0.0,,0.0,0.0,0.0,225.0,52.7750244140625,52.7750244140625,Leave_One_experiments/all_year_offline_schedule_search/daily_outputs/LCA/LCA_2008_LCA2008_normal_grid_S0019_daily.csv
LCA,LCA,Luancheng,2008,Leave_One_experiments\wth_generated_qc\LCA\LCA2008.WTH,wet_year;nitrogen_stress_year;low_response_year,wet,LCA2008_normal_grid_S0019,pareto_balanced,2008-07-21,203,43,38,"{""sim_day"": 43.0, ""doy"": 203.0, ""topwt"": 4035.374755859375, ""grnwt"": 0.0, ""xlai"": 3.427219152450561, ""totir"": 0.0, ""tofer"": NaN, ""swfac"": 0.0, ""nstres"": 0.0}",0.0,0.0,4035.374755859375,0.0,3.427219152450561,0.0,,0.0,0.0,0.0,225.0,52.7750244140625,52.7750244140625,Leave_One_experiments/all_year_offline_schedule_search/daily_outputs/LCA/LCA_2008_LCA2008_normal_grid_S0019_daily.csv
LCA,LCA,Luancheng,2008,Leave_One_experiments\wth_generated_qc\LCA\LCA2008.WTH,wet_year;nitrogen_stress_year;low_response_year,wet,LCA2008_normal_grid_S0019,pareto_balanced,2008-07-22,204,44,39,"{""sim_day"": 44.0, ""doy"": 204.0, ""topwt"": 4394.5587158203125, ""grnwt"": 0.0, ""xlai"": 3.601747512817383, ""totir"": 0.0, ""tofer"": NaN, ""swfac"": 0.0, ""nstres"": 0.0}",0.0,0.0,4394.5587158203125,0.0,3.601747512817383,0.0,,0.0,0.0,0.0,225.0,52.7750244140625,52.7750244140625,Leave_One_experiments/all_year_offline_schedule_search/daily_outputs/LCA/LCA_2008_LCA2008_normal_grid_S0019_daily.csv
LCA,LCA,Luancheng,2008,Leave_One_experiments\wth_generated_qc\LCA\LCA2008.WTH,wet_year;nitrogen_stress_year;low_response_year,wet,LCA2008_normal_grid_S0019,pareto_balanced,2008-07-23,205,45,40,"{""sim_day"": 45.0, ""doy"": 205.0, ""topwt"": 4766.669616699219, ""grnwt"": 0.0, ""xlai"": 3.7459428310394287, ""totir"": 0.0, ""tofer"": NaN, ""swfac"": 0.0, ""nstres"": 0.0}",0.0,0.0,4766.669616699219,0.0,3.7459428310394287,0.0,,0.0,0.0,0.0,225.0,52.7750244140625,52.7750244140625,Leave_One_experiments/all_year_offline_schedule_search/daily_outputs/LCA/LCA_2008_LCA2008_normal_grid_S0019_daily.csv
LCA,LCA,Luancheng,2008,Leave_One_experiments\wth_generated_qc\LCA\LCA2008.WTH,wet_year;nitrogen_stress_year;low_response_year,wet,LCA2008_normal_grid_S0019,pareto_balanced,2008-07-24,206,46,41,"{""sim_day"": 46.0, ""doy"": 206.0, ""topwt"": 5165.0286865234375, ""grnwt"": 0.0, ""xlai"": 3.8805859088897705, ""totir"": 0.0, ""tofer"": NaN, ""swfac"": 0.0, ""nstres"": 0.0}",0.0,0.0,5165.0286865234375,0.0,3.8805859088897705,0.0,,0.0,0.0,0.0,225.0,52.7750244140625,52.7750244140625,Leave_One_experiments/all_year_offline_schedule_search/daily_outputs/LCA/LCA_2008_LCA2008_normal_grid_S0019_daily.csv
LCA,LCA,Luancheng,2008,Leave_One_experiments\wth_generated_qc\LCA\LCA2008.WTH,wet_year;nitrogen_stress_year;low_response_year,wet,LCA2008_normal_grid_S0019,pareto_balanced,2008-07-25,207,47,42,"{""sim_day"": 47.0, ""doy"": 207.0, ""topwt"": 5523.1182861328125, ""grnwt"": 0.0, ""xlai"": 3.989115238189697, ""totir"": 0.0, ""tofer"": NaN, ""swfac"": 0.0, ""nstres"": 0.0}",0.0,0.0,5523.1182861328125,0.0,3.989115238189697,0.0,,0.0,0.0,0.0,225.0,52.7750244140625,52.7750244140625,Leave_One_experiments/all_year_offline_schedule_search/daily_outputs/LCA/LCA_2008_LCA2008_normal_grid_S0019_daily.csv
LCA,LCA,Luancheng,2008,Leave_One_experiments\wth_generated_qc\LCA\LCA2008.WTH,wet_year;nitrogen_stress_year;low_response_year,wet,LCA2008_normal_grid_S0019,pareto_balanced,2008-07-26,208,48,43,"{""sim_day"": 48.0, ""doy"": 208.0, ""topwt"": 5859.603271484375, ""grnwt"": 0.0, ""xlai"": 4.082765102386475, ""totir"": 0.0, ""tofer"": NaN, ""swfac"": 0.0, ""nstres"": 0.0}",0.0,0.0,5859.603271484375,0.0,4.082765102386475,0.0,,0.0,0.0,0.0,225.0,52.7750244140625,52.7750244140625,Leave_One_experiments/all_year_offline_schedule_search/daily_outputs/LCA/LCA_2008_LCA2008_normal_grid_S0019_daily.csv
LCA,LCA,Luancheng,2008,Leave_One_experiments\wth_generated_qc\LCA\LCA2008.WTH,wet_year;nitrogen_stress_year;low_response_year,wet,LCA2008_normal_grid_S0019,pareto_balanced,2008-07-27,209,49,44,"{""sim_day"": 49.0, ""doy"": 209.0, ""topwt"": 6168.4967041015625, ""grnwt"": 0.0, ""xlai"": 4.160944938659668, ""totir"": 0.0, ""tofer"": NaN, ""swfac"": 0.0, ""nstres"": 0.0}",0.0,0.0,6168.4967041015625,0.0,4.160944938659668,0.0,,0.0,0.0,0.0,225.0,52.7750244140625,52.7750244140625,Leave_One_experiments/all_year_offline_schedule_search/daily_outputs/LCA/LCA_2008_LCA2008_normal_grid_S0019_daily.csv
LCA,LCA,Luancheng,2008,Leave_One_experiments\wth_generated_qc\LCA\LCA2008.WTH,wet_year;nitrogen_stress_year;low_response_year,wet,LCA2008_normal_grid_S0019,pareto_balanced,2008-07-28,210,50,45,"{""sim_day"": 50.0, ""doy"": 210.0, ""topwt"": 6374.850463867188, ""grnwt"": 0.0, ""xlai"": 4.205885887145996, ""totir"": 0.0, ""tofer"": NaN, ""swfac"": 0.0, ""nstres"": 0.0}",0.0,0.0,6374.850463867188,0.0,4.205885887145996,0.0,,0.0,0.0,0.0,225.0,52.7750244140625,52.7750244140625,Leave_One_experiments/all_year_offline_schedule_search/daily_outputs/LCA/LCA_2008_LCA2008_normal_grid_S0019_daily.csv
LCA,LCA,Luancheng,2008,Leave_One_experiments\wth_generated_qc\LCA\LCA2008.WTH,wet_year;nitrogen_stress_year;low_response_year,wet,LCA2008_normal_grid_S0019,pareto_balanced,2008-07-29,211,51,46,"{""sim_day"": 51.0, ""doy"": 211.0, ""topwt"": 6587.021484375, ""grnwt"": 0.0, ""xlai"": 4.248023509979248, ""totir"": 0.0, ""tofer"": NaN, ""swfac"": 0.0, ""nstres"": 0.0}",0.0,0.0,6587.021484375,0.0,4.248023509979248,0.0,,0.0,0.0,0.0,225.0,52.7750244140625,52.7750244140625,Leave_One_experiments/all_year_offline_schedule_search/daily_outputs/LCA/LCA_2008_LCA2008_normal_grid_S0019_daily.csv
LCA,LCA,Luancheng,2008,Leave_One_experiments\wth_generated_qc\LCA\LCA2008.WTH,wet_year;nitrogen_stress_year;low_response_year,wet,LCA2008_normal_grid_S0019,pareto_balanced,2008-07-30,212,52,47,"{""sim_day"": 52.0, ""doy"": 212.0, ""topwt"": 6752.144775390625, ""grnwt"": 0.0, ""xlai"": 4.277637958526611, ""totir"": 0.0, ""tofer"": NaN, ""swfac"": 0.0, ""nstres"": 0.0}",0.0,0.0,6752.144775390625,0.0,4.277637958526611,0.0,,0.0,0.0,0.0,225.0,52.7750244140625,52.7750244140625,Leave_One_experiments/all_year_offline_schedule_search/daily_outputs/LCA/LCA_2008_LCA2008_normal_grid_S0019_daily.csv
LCA,LCA,Luancheng,2008,Leave_One_experiments\wth_generated_qc\LCA\LCA2008.WTH,wet_year;nitrogen_stress_year;low_response_year,wet,LCA2008_normal_grid_S0019,pareto_balanced,2008-07-31,213,53,48,"{""sim_day"": 53.0, ""doy"": 213.0, ""topwt"": 7123.600463867188, ""grnwt"": 0.0, ""xlai"": 4.354153156280518, ""totir"": 0.0, ""tofer"": NaN, ""swfac"": 0.0, ""nstres"": 0.0}",0.0,0.0,7123.600463867188,0.0,4.354153156280518,0.0,,0.0,0.0,0.0,225.0,52.7750244140625,52.7750244140625,Leave_One_experiments/all_year_offline_schedule_search/daily_outputs/LCA/LCA_2008_LCA2008_normal_grid_S0019_daily.csv
LCA,LCA,Luancheng,2008,Leave_One_experiments\wth_generated_qc\LCA\LCA2008.WTH,wet_year;nitrogen_stress_year;low_response_year,wet,LCA2008_normal_grid_S0019,pareto_balanced,2008-08-01,214,54,49,"{""sim_day"": 54.0, ""doy"": 214.0, ""topwt"": 7524.0667724609375, ""grnwt"": 0.0, ""xlai"": 4.434398174285889, ""totir"": 0.0, ""tofer"": NaN, ""swfac"": 0.0, ""nstres"": 0.0}",0.0,0.0,7524.0667724609375,0.0,4.434398174285889,0.0,,0.0,0.0,0.0,225.0,52.7750244140625,52.7750244140625,Leave_One_experiments/all_year_offline_schedule_search/daily_outputs/LCA/LCA_2008_LCA2008_normal_grid_S0019_daily.csv
LCA,LCA,Luancheng,2008,Leave_One_experiments\wth_generated_qc\LCA\LCA2008.WTH,wet_year;nitrogen_stress_year;low_response_year,wet,LCA2008_normal_grid_S0019,pareto_balanced,2008-08-02,215,55,50,"{""sim_day"": 55.0, ""doy"": 215.0, ""topwt"": 7900.0262451171875, ""grnwt"": 0.0, ""xlai"": 4.27580451965332, ""totir"": 0.0, ""tofer"": NaN, ""swfac"": 0.0, ""nstres"": 0.0}",0.0,0.0,7900.0262451171875,0.0,4.27580451965332,0.0,,0.0,0.0,0.0,225.0,52.7750244140625,52.7750244140625,Leave_One_experiments/all_year_offline_schedule_search/daily_outputs/LCA/LCA_2008_LCA2008_normal_grid_S0019_daily.csv
LCA,LCA,Luancheng,2008,Leave_One_experiments\wth_generated_qc\LCA\LCA2008.WTH,wet_year;nitrogen_stress_year;low_response_year,wet,LCA2008_normal_grid_S0019,pareto_balanced,2008-08-03,216,56,51,"{""sim_day"": 56.0, ""doy"": 216.0, ""topwt"": 8271.810913085938, ""grnwt"": 0.0, ""xlai"": 4.253215789794922, ""totir"": 0.0, ""tofer"": NaN, ""swfac"": 0.0, ""nstres"": 0.0}",0.0,0.0,8271.810913085938,0.0,4.253215789794922,0.0,,0.0,0.0,0.0,225.0,52.7750244140625,52.7750244140625,Leave_One_experiments/all_year_offline_schedule_search/daily_outputs/LCA/LCA_2008_LCA2008_normal_grid_S0019_daily.csv
LCA,LCA,Luancheng,2008,Leave_One_experiments\wth_generated_qc\LCA\LCA2008.WTH,wet_year;nitrogen_stress_year;low_response_year,wet,LCA2008_normal_grid_S0019,pareto_balanced,2008-08-04,217,57,52,"{""sim_day"": 57.0, ""doy"": 217.0, ""topwt"": 8594.970092773438, ""grnwt"": 0.0, ""xlai"": 4.231865882873535, ""totir"": 0.0, ""tofer"": NaN, ""swfac"": 0.0, ""nstres"": 0.0}",0.0,0.0,8594.970092773438,0.0,4.231865882873535,0.0,,0.0,0.0,0.0,225.0,52.7750244140625,52.7750244140625,Leave_One_experiments/all_year_offline_schedule_search/daily_outputs/LCA/LCA_2008_LCA2008_normal_grid_S0019_daily.csv
LCA,LCA,Luancheng,2008,Leave_One_experiments\wth_generated_qc\LCA\LCA2008.WTH,wet_year;nitrogen_stress_year;low_response_year,wet,LCA2008_normal_grid_S0019,pareto_balanced,2008-08-05,218,58,53,"{""sim_day"": 58.0, ""doy"": 218.0, ""topwt"": 8884.335327148438, ""grnwt"": 0.0, ""xlai"": 4.2096147537231445, ""totir"": 0.0, ""tofer"": NaN, ""swfac"": 0.0, ""nstres"": 0.0}",0.0,0.0,8884.335327148438,0.0,4.2096147537231445,0.0,,0.0,0.0,0.0,225.0,52.7750244140625,52.7750244140625,Leave_One_experiments/all_year_offline_schedule_search/daily_outputs/LCA/LCA_2008_LCA2008_normal_grid_S0019_daily.csv
LCA,LCA,Luancheng,2008,Leave_One_experiments\wth_generated_qc\LCA\LCA2008.WTH,wet_year;nitrogen_stress_year;low_response_year,wet,LCA2008_normal_grid_S0019,pareto_balanced,2008-08-06,219,59,54,"{""sim_day"": 59.0, ""doy"": 219.0, ""topwt"": 9128.694458007812, ""grnwt"": 0.0, ""xlai"": 4.186856746673584, ""totir"": 0.0, ""tofer"": NaN, ""swfac"": 0.0, ""nstres"": 0.0}",0.0,0.0,9128.694458007812,0.0,4.186856746673584,0.0,,0.0,0.0,0.0,225.0,52.7750244140625,52.7750244140625,Leave_One_experiments/all_year_offline_schedule_search/daily_outputs/LCA/LCA_2008_LCA2008_normal_grid_S0019_daily.csv
LCA,LCA,Luancheng,2008,Leave_One_experiments\wth_generated_qc\LCA\LCA2008.WTH,wet_year;nitrogen_stress_year;low_response_year,wet,LCA2008_normal_grid_S0019,pareto_balanced,2008-08-07,220,60,55,"{""sim_day"": 60.0, ""doy"": 220.0, ""topwt"": 9393.072509765623, ""grnwt"": 0.0, ""xlai"": 4.16358757019043, ""totir"": 0.0, ""tofer"": NaN, ""swfac"": 0.0, ""nstres"": 0.0}",0.0,0.0,9393.072509765623,0.0,4.16358757019043,0.0,,0.0,0.0,0.0,225.0,52.7750244140625,52.7750244140625,Leave_One_experiments/all_year_offline_schedule_search/daily_outputs/LCA/LCA_2008_LCA2008_normal_grid_S0019_daily.csv
LCA,LCA,Luancheng,2008,Leave_One_experiments\wth_generated_qc\LCA\LCA2008.WTH,wet_year;nitrogen_stress_year;low_response_year,wet,LCA2008_normal_grid_S0019,pareto_balanced,2008-08-08,221,61,56,"{""sim_day"": 61.0, ""doy"": 221.0, ""topwt"": 9619.844970703123, ""grnwt"": 0.0, ""xlai"": 4.140266418457031, ""totir"": 0.0, ""tofer"": NaN, ""swfac"": 0.0, ""nstres"": 0.0}",0.0,0.0,9619.844970703123,0.0,4.140266418457031,0.0,,0.0,0.0,0.0,225.0,52.7750244140625,52.7750244140625,Leave_One_experiments/all_year_offline_schedule_search/daily_outputs/LCA/LCA_2008_LCA2008_normal_grid_S0019_daily.csv
LCA,LCA,Luancheng,2008,Leave_One_experiments\wth_generated_qc\LCA\LCA2008.WTH,wet_year;nitrogen_stress_year;low_response_year,wet,LCA2008_normal_grid_S0019,pareto_balanced,2008-08-09,222,62,57,"{""sim_day"": 62.0, ""doy"": 222.0, ""topwt"": 9627.900390625, ""grnwt"": 0.0, ""xlai"": 4.120775699615479, ""totir"": 0.0, ""tofer"": NaN, ""swfac"": 0.0, ""nstres"": 0.0}",0.0,0.0,9627.900390625,0.0,4.120775699615479,0.0,,0.0,0.0,0.0,225.0,52.7750244140625,52.7750244140625,Leave_One_experiments/all_year_offline_schedule_search/daily_outputs/LCA/LCA_2008_LCA2008_normal_grid_S0019_daily.csv
LCA,LCA,Luancheng,2008,Leave_One_experiments\wth_generated_qc\LCA\LCA2008.WTH,wet_year;nitrogen_stress_year;low_response_year,wet,LCA2008_normal_grid_S0019,pareto_balanced,2008-08-10,223,63,58,"{""sim_day"": 63.0, ""doy"": 223.0, ""topwt"": 9858.61083984375, ""grnwt"": 0.0, ""xlai"": 4.100158214569092, ""totir"": 0.0, ""tofer"": NaN, ""swfac"": 0.0, ""nstres"": 0.0}",0.0,0.0,9858.61083984375,0.0,4.100158214569092,0.0,,0.0,0.0,0.0,225.0,52.7750244140625,52.7750244140625,Leave_One_experiments/all_year_offline_schedule_search/daily_outputs/LCA/LCA_2008_LCA2008_normal_grid_S0019_daily.csv
LCA,LCA,Luancheng,2008,Leave_One_experiments\wth_generated_qc\LCA\LCA2008.WTH,wet_year;nitrogen_stress_year;low_response_year,wet,LCA2008_normal_grid_S0019,pareto_balanced,2008-08-11,224,64,59,"{""sim_day"": 64.0, ""doy"": 224.0, ""topwt"": 10092.131958007812, ""grnwt"": 311.630802154541, ""xlai"": 4.014621734619141, ""totir"": 0.0, ""tofer"": NaN, ""swfac"": 0.0, ""nstres"": 0.0}",0.0,0.0,10092.131958007812,311.630802154541,4.014621734619141,0.0,,0.0,0.0,0.0,225.0,52.7750244140625,52.7750244140625,Leave_One_experiments/all_year_offline_schedule_search/daily_outputs/LCA/LCA_2008_LCA2008_normal_grid_S0019_daily.csv
LCA,LCA,Luancheng,2008,Leave_One_experiments\wth_generated_qc\LCA\LCA2008.WTH,wet_year;nitrogen_stress_year;low_response_year,wet,LCA2008_normal_grid_S0019,pareto_balanced,2008-08-12,225,65,60,"{""sim_day"": 65.0, ""doy"": 225.0, ""topwt"": 10144.280395507812, ""grnwt"": 631.2521743774414, ""xlai"": 4.00337553024292, ""totir"": 0.0, ""tofer"": NaN, ""swfac"": 0.0, ""nstres"": 0.0}",0.0,0.0,10144.280395507812,631.2521743774414,4.00337553024292,0.0,,0.0,75.0,0.0,225.0,52.7750244140625,52.7750244140625,Leave_One_experiments/all_year_offline_schedule_search/daily_outputs/LCA/LCA_2008_LCA2008_normal_grid_S0019_daily.csv
LCA,LCA,Luancheng,2008,Leave_One_experiments\wth_generated_qc\LCA\LCA2008.WTH,wet_year;nitrogen_stress_year;low_response_year,wet,LCA2008_normal_grid_S0019,pareto_balanced,2008-08-13,226,66,61,"{""sim_day"": 66.0, ""doy"": 226.0, ""topwt"": 10232.485961914062, ""grnwt"": 950.873565673828, ""xlai"": 3.989923715591431, ""totir"": 0.0, ""tofer"": NaN, ""swfac"": 0.0, ""nstres"": 0.0}",0.0,0.0,10232.485961914062,950.873565673828,3.989923715591431,0.0,,0.0,0.0,0.0,225.0,52.7750244140625,52.7750244140625,Leave_One_experiments/all_year_offline_schedule_search/daily_outputs/LCA/LCA_2008_LCA2008_normal_grid_S0019_daily.csv
LCA,LCA,Luancheng,2008,Leave_One_experiments\wth_generated_qc\LCA\LCA2008.WTH,wet_year;nitrogen_stress_year;low_response_year,wet,LCA2008_normal_grid_S0019,pareto_balanced,2008-08-14,227,67,62,"{""sim_day"": 67.0, ""doy"": 227.0, ""topwt"": 10556.588134765623, ""grnwt"": 1270.4949188232422, ""xlai"": 3.973262071609497, ""totir"": 0.0, ""tofer"": NaN, ""swfac"": 0.0, ""nstres"": 0.0}",0.0,0.0,10556.588134765623,1270.4949188232422,3.973262071609497,0.0,,0.0,0.0,0.0,225.0,52.7750244140625,52.7750244140625,Leave_One_experiments/all_year_offline_schedule_search/daily_outputs/LCA/LCA_2008_LCA2008_normal_grid_S0019_daily.csv
LCA,LCA,Luancheng,2008,Leave_One_experiments\wth_generated_qc\LCA\LCA2008.WTH,wet_year;nitrogen_stress_year;low_response_year,wet,LCA2008_normal_grid_S0019,pareto_balanced,2008-08-15,228,68,63,"{""sim_day"": 68.0, ""doy"": 228.0, ""topwt"": 10828.86474609375, ""grnwt"": 1590.1162719726562, ""xlai"": 3.9565625190734863, ""totir"": 0.0, ""tofer"": NaN, ""swfac"": 0.0, ""nstres"": 0.0}",0.0,0.0,10828.86474609375,1590.1162719726562,3.9565625190734863,0.0,,0.0,0.0,0.0,225.0,52.7750244140625,52.7750244140625,Leave_One_experiments/all_year_offline_schedule_search/daily_outputs/LCA/LCA_2008_LCA2008_normal_grid_S0019_daily.csv
LCA,LCA,Luancheng,2008,Leave_One_experiments\wth_generated_qc\LCA\LCA2008.WTH,wet_year;nitrogen_stress_year;low_response_year,wet,LCA2008_normal_grid_S0019,pareto_balanced,2008-08-16,229,69,64,"{""sim_day"": 69.0, ""doy"": 229.0, ""topwt"": 11190.72265625, ""grnwt"": 1909.737701416016, ""xlai"": 3.934814453125, ""totir"": 0.0, ""tofer"": NaN, ""swfac"": 0.0, ""nstres"": 0.0}",0.0,0.0,11190.72265625,1909.737701416016,3.934814453125,0.0,,0.0,0.0,0.0,225.0,52.7750244140625,52.7750244140625,Leave_One_experiments/all_year_offline_schedule_search/daily_outputs/LCA/LCA_2008_LCA2008_normal_grid_S0019_daily.csv
LCA,LCA,Luancheng,2008,Leave_One_experiments\wth_generated_qc\LCA\LCA2008.WTH,wet_year;nitrogen_stress_year;low_response_year,wet,LCA2008_normal_grid_S0019,pareto_balanced,2008-08-17,230,70,65,"{""sim_day"": 70.0, ""doy"": 230.0, ""topwt"": 11514.405517578123, ""grnwt"": 2229.359130859375, ""xlai"": 3.910262107849121, ""totir"": 0.0, ""tofer"": NaN, ""swfac"": 0.0, ""nstres"": 0.0}",0.0,0.0,11514.405517578123,2229.359130859375,3.910262107849121,0.0,,0.0,0.0,0.0,225.0,52.7750244140625,52.7750244140625,Leave_One_experiments/all_year_offline_schedule_search/daily_outputs/LCA/LCA_2008_LCA2008_normal_grid_S0019_daily.csv
LCA,LCA,Luancheng,2008,Leave_One_experiments\wth_generated_qc\LCA\LCA2008.WTH,wet_year;nitrogen_stress_year;low_response_year,wet,LCA2008_normal_grid_S0019,pareto_balanced,2008-08-18,231,71,66,"{""sim_day"": 71.0, ""doy"": 231.0, ""topwt"": 11859.852294921877, ""grnwt"": 2548.9805603027344, ""xlai"": 3.878808498382568, ""totir"": 0.0, ""tofer"": NaN, ""swfac"": 0.0, ""nstres"": 0.0}",0.0,0.0,11859.852294921877,2548.9805603027344,3.878808498382568,0.0,,0.0,0.0,0.0,225.0,52.7750244140625,52.7750244140625,Leave_One_experiments/all_year_offline_schedule_search/daily_outputs/LCA/LCA_2008_LCA2008_normal_grid_S0019_daily.csv
LCA,LCA,Luancheng,2008,Leave_One_experiments\wth_generated_qc\LCA\LCA2008.WTH,wet_year;nitrogen_stress_year;low_response_year,wet,LCA2008_normal_grid_S0019,pareto_balanced,2008-08-19,232,72,67,"{""sim_day"": 72.0, ""doy"": 232.0, ""topwt"": 12124.925537109377, ""grnwt"": 2868.6019897460938, ""xlai"": 3.8438408374786377, ""totir"": 0.0, ""tofer"": NaN, ""swfac"": 0.0, ""nstres"": 0.0}",0.0,0.0,12124.925537109377,2868.6019897460938,3.8438408374786377,0.0,,0.0,0.0,0.0,225.0,52.7750244140625,52.7750244140625,Leave_One_experiments/all_year_offline_schedule_search/daily_outputs/LCA/LCA_2008_LCA2008_normal_grid_S0019_daily.csv
LCA,LCA,Luancheng,2008,Leave_One_experiments\wth_generated_qc\LCA\LCA2008.WTH,wet_year;nitrogen_stress_year;low_response_year,wet,LCA2008_normal_grid_S0019,pareto_balanced,2008-08-20,233,73,68,"{""sim_day"": 73.0, ""doy"": 233.0, ""topwt"": 12198.53759765625, ""grnwt"": 3188.223571777344, ""xlai"": 3.813169479370117, ""totir"": 0.0, ""tofer"": NaN, ""swfac"": 0.0, ""nstres"": 0.0}",0.0,0.0,12198.53759765625,3188.223571777344,3.813169479370117,0.0,,0.0,0.0,0.0,225.0,52.7750244140625,52.7750244140625,Leave_One_experiments/all_year_offline_schedule_search/daily_outputs/LCA/LCA_2008_LCA2008_normal_grid_S0019_daily.csv
LCA,LCA,Luancheng,2008,Leave_One_experiments\wth_generated_qc\LCA\LCA2008.WTH,wet_year;nitrogen_stress_year;low_response_year,wet,LCA2008_normal_grid_S0019,pareto_balanced,2008-08-21,234,74,69,"{""sim_day"": 74.0, ""doy"": 234.0, ""topwt"": 12596.717529296877, ""grnwt"": 3507.8448486328125, ""xlai"": 3.772401571273804, ""totir"": 0.0, ""tofer"": NaN, ""swfac"": 0.0, ""nstres"": 0.0}",0.0,0.0,12596.717529296877,3507.8448486328125,3.772401571273804,0.0,,0.0,0.0,0.0,225.0,52.7750244140625,52.7750244140625,Leave_One_experiments/all_year_offline_schedule_search/daily_outputs/LCA/LCA_2008_LCA2008_normal_grid_S0019_daily.csv
LCA,LCA,Luancheng,2008,Leave_One_experiments\wth_generated_qc\LCA\LCA2008.WTH,wet_year;nitrogen_stress_year;low_response_year,wet,LCA2008_normal_grid_S0019,pareto_balanced,2008-08-22,235,75,70,"{""sim_day"": 75.0, ""doy"": 235.0, ""topwt"": 12979.520263671877, ""grnwt"": 3827.466125488281, ""xlai"": 3.729646444320679, ""totir"": 0.0, ""tofer"": NaN, ""swfac"": 0.0, ""nstres"": 0.0}",0.0,0.0,12979.520263671877,3827.466125488281,3.729646444320679,0.0,,0.0,0.0,0.0,225.0,52.7750244140625,52.7750244140625,Leave_One_experiments/all_year_offline_schedule_search/daily_outputs/LCA/LCA_2008_LCA2008_normal_grid_S0019_daily.csv
LCA,LCA,Luancheng,2008,Leave_One_experiments\wth_generated_qc\LCA\LCA2008.WTH,wet_year;nitrogen_stress_year;low_response_year,wet,LCA2008_normal_grid_S0019,pareto_balanced,2008-08-23,236,76,71,"{""sim_day"": 76.0, ""doy"": 236.0, ""topwt"": 13286.038818359377, ""grnwt"": 4147.087707519531, ""xlai"": 3.681734323501587, ""totir"": 0.0, ""tofer"": NaN, ""swfac"": 0.0, ""nstres"": 0.0}",0.0,0.0,13286.038818359377,4147.087707519531,3.681734323501587,0.0,,0.0,0.0,0.0,225.0,52.7750244140625,52.7750244140625,Leave_One_experiments/all_year_offline_schedule_search/daily_outputs/LCA/LCA_2008_LCA2008_normal_grid_S0019_daily.csv
LCA,LCA,Luancheng,2008,Leave_One_experiments\wth_generated_qc\LCA\LCA2008.WTH,wet_year;nitrogen_stress_year;low_response_year,wet,LCA2008_normal_grid_S0019,pareto_balanced,2008-08-24,237,77,72,"{""sim_day"": 77.0, ""doy"": 237.0, ""topwt"": 13649.974365234377, ""grnwt"": 4466.708984375, ""xlai"": 3.634873628616333, ""totir"": 0.0, ""tofer"": NaN, ""swfac"": 0.0, ""nstres"": 0.0}",0.0,0.0,13649.974365234377,4466.708984375,3.634873628616333,0.0,,0.0,0.0,0.0,225.0,52.7750244140625,52.7750244140625,Leave_One_experiments/all_year_offline_schedule_search/daily_outputs/LCA/LCA_2008_LCA2008_normal_grid_S0019_daily.csv
LCA,LCA,Luancheng,2008,Leave_One_experiments\wth_generated_qc\LCA\LCA2008.WTH,wet_year;nitrogen_stress_year;low_response_year,wet,LCA2008_normal_grid_S0019,pareto_balanced,2008-08-25,238,78,73,"{""sim_day"": 78.0, ""doy"": 238.0, ""topwt"": 13954.832763671877, ""grnwt"": 4786.33056640625, ""xlai"": 3.5807554721832275, ""totir"": 0.0, ""tofer"": NaN, ""swfac"": 0.0, ""nstres"": 0.0}",0.0,0.0,13954.832763671877,4786.33056640625,3.5807554721832275,0.0,,0.0,0.0,0.0,225.0,52.7750244140625,52.7750244140625,Leave_One_experiments/all_year_offline_schedule_search/daily_outputs/LCA/LCA_2008_LCA2008_normal_grid_S0019_daily.csv
LCA,LCA,Luancheng,2008,Leave_One_experiments\wth_generated_qc\LCA\LCA2008.WTH,wet_year;nitrogen_stress_year;low_response_year,wet,LCA2008_normal_grid_S0019,pareto_balanced,2008-08-26,239,79,74,"{""sim_day"": 79.0, ""doy"": 239.0, ""topwt"": 14270.452880859377, ""grnwt"": 5105.951843261719, ""xlai"": 3.523134231567383, ""totir"": 0.0, ""tofer"": NaN, ""swfac"": 0.0, ""nstres"": 0.0}",0.0,0.0,14270.452880859377,5105.951843261719,3.523134231567383,0.0,,0.0,0.0,0.0,225.0,52.7750244140625,52.7750244140625,Leave_One_experiments/all_year_offline_schedule_search/daily_outputs/LCA/LCA_2008_LCA2008_normal_grid_S0019_daily.csv
LCA,LCA,Luancheng,2008,Leave_One_experiments\wth_generated_qc\LCA\LCA2008.WTH,wet_year;nitrogen_stress_year;low_response_year,wet,LCA2008_normal_grid_S0019,pareto_balanced,2008-08-27,240,80,75,"{""sim_day"": 80.0, ""doy"": 240.0, ""topwt"": 14543.907470703123, ""grnwt"": 5425.573120117188, ""xlai"": 3.456333875656128, ""totir"": 0.0, ""tofer"": NaN, ""swfac"": 0.0, ""nstres"": 0.0}",0.0,0.0,14543.907470703123,5425.573120117188,3.456333875656128,0.0,,0.0,0.0,0.0,225.0,52.7750244140625,52.7750244140625,Leave_One_experiments/all_year_offline_schedule_search/daily_outputs/LCA/LCA_2008_LCA2008_normal_grid_S0019_daily.csv
LCA,LCA,Luancheng,2008,Leave_One_experiments\wth_generated_qc\LCA\LCA2008.WTH,wet_year;nitrogen_stress_year;low_response_year,wet,LCA2008_normal_grid_S0019,pareto_balanced,2008-08-28,241,81,76,"{""sim_day"": 81.0, ""doy"": 241.0, ""topwt"": 14808.3740234375, ""grnwt"": 5745.1947021484375, ""xlai"": 3.385937452316284, ""totir"": 0.0, ""tofer"": NaN, ""swfac"": 0.0, ""nstres"": 0.0}",0.0,0.0,14808.3740234375,5745.1947021484375,3.385937452316284,0.0,,0.0,0.0,0.0,225.0,52.7750244140625,52.7750244140625,Leave_One_experiments/all_year_offline_schedule_search/daily_outputs/LCA/LCA_2008_LCA2008_normal_grid_S0019_daily.csv
LCA,LCA,Luancheng,2008,Leave_One_experiments\wth_generated_qc\LCA\LCA2008.WTH,wet_year;nitrogen_stress_year;low_response_year,wet,LCA2008_normal_grid_S0019,pareto_balanced,2008-08-29,242,82,77,"{""sim_day"": 82.0, ""doy"": 242.0, ""topwt"": 14929.981689453123, ""grnwt"": 6064.816284179688, ""xlai"": 3.322721481323242, ""totir"": 0.0, ""tofer"": NaN, ""swfac"": 0.0, ""nstres"": 0.0}",0.0,0.0,14929.981689453123,6064.816284179688,3.322721481323242,0.0,,0.0,0.0,0.0,225.0,52.7750244140625,52.7750244140625,Leave_One_experiments/all_year_offline_schedule_search/daily_outputs/LCA/LCA_2008_LCA2008_normal_grid_S0019_daily.csv
LCA,LCA,Luancheng,2008,Leave_One_experiments\wth_generated_qc\LCA\LCA2008.WTH,wet_year;nitrogen_stress_year;low_response_year,wet,LCA2008_normal_grid_S0019,pareto_balanced,2008-08-30,243,83,78,"{""sim_day"": 83.0, ""doy"": 243.0, ""topwt"": 15319.957275390623, ""grnwt"": 6384.4378662109375, ""xlai"": 3.259615659713745, ""totir"": 0.0, ""tofer"": NaN, ""swfac"": 0.0, ""nstres"": 0.0}",0.0,0.0,15319.957275390623,6384.4378662109375,3.259615659713745,0.0,,0.0,0.0,0.0,225.0,52.7750244140625,52.7750244140625,Leave_One_experiments/all_year_offline_schedule_search/daily_outputs/LCA/LCA_2008_LCA2008_normal_grid_S0019_daily.csv
LCA,LCA,Luancheng,2008,Leave_One_experiments\wth_generated_qc\LCA\LCA2008.WTH,wet_year;nitrogen_stress_year;low_response_year,wet,LCA2008_normal_grid_S0019,pareto_balanced,2008-08-31,244,84,79,"{""sim_day"": 84.0, ""doy"": 244.0, ""topwt"": 15701.141357421877, ""grnwt"": 6704.059448242188, ""xlai"": 3.1963791847229004, ""totir"": 0.0, ""tofer"": NaN, ""swfac"": 0.0, ""nstres"": 0.0}",0.0,0.0,15701.141357421877,6704.059448242188,3.1963791847229004,0.0,,0.0,0.0,0.0,225.0,52.7750244140625,52.7750244140625,Leave_One_experiments/all_year_offline_schedule_search/daily_outputs/LCA/LCA_2008_LCA2008_normal_grid_S0019_daily.csv
LCA,LCA,Luancheng,2008,Leave_One_experiments\wth_generated_qc\LCA\LCA2008.WTH,wet_year;nitrogen_stress_year;low_response_year,wet,LCA2008_normal_grid_S0019,pareto_balanced,2008-09-01,245,85,80,"{""sim_day"": 85.0, ""doy"": 245.0, ""topwt"": 16045.91552734375, ""grnwt"": 7023.680419921875, ""xlai"": 3.130427598953247, ""totir"": 0.0, ""tofer"": NaN, ""swfac"": 0.0, ""nstres"": 0.0}",0.0,0.0,16045.91552734375,7023.680419921875,3.130427598953247,0.0,,0.0,0.0,0.0,225.0,52.7750244140625,52.7750244140625,Leave_One_experiments/all_year_offline_schedule_search/daily_outputs/LCA/LCA_2008_LCA2008_normal_grid_S0019_daily.csv
LCA,LCA,Luancheng,2008,Leave_One_experiments\wth_generated_qc\LCA\LCA2008.WTH,wet_year;nitrogen_stress_year;low_response_year,wet,LCA2008_normal_grid_S0019,pareto_balanced,2008-09-02,246,86,81,"{""sim_day"": 86.0, ""doy"": 246.0, ""topwt"": 16368.79150390625, ""grnwt"": 7343.302001953125, ""xlai"": 3.050525426864624, ""totir"": 0.0, ""tofer"": NaN, ""swfac"": 0.0, ""nstres"": 0.0}",0.0,0.0,16368.79150390625,7343.302001953125,3.050525426864624,0.0,,0.0,0.0,0.0,225.0,52.7750244140625,52.7750244140625,Leave_One_experiments/all_year_offline_schedule_search/daily_outputs/LCA/LCA_2008_LCA2008_normal_grid_S0019_daily.csv
LCA,LCA,Luancheng,2008,Leave_One_experiments\wth_generated_qc\LCA\LCA2008.WTH,wet_year;nitrogen_stress_year;low_response_year,wet,LCA2008_normal_grid_S0019,pareto_balanced,2008-09-03,247,87,82,"{""sim_day"": 87.0, ""doy"": 247.0, ""topwt"": 16694.2529296875, ""grnwt"": 7662.9229736328125, ""xlai"": 2.9743690490722656, ""totir"": 0.0, ""tofer"": NaN, ""swfac"": 0.0, ""nstres"": 0.0}",0.0,0.0,16694.2529296875,7662.9229736328125,2.9743690490722656,0.0,,0.0,0.0,0.0,225.0,52.7750244140625,52.7750244140625,Leave_One_experiments/all_year_offline_schedule_search/daily_outputs/LCA/LCA_2008_LCA2008_normal_grid_S0019_daily.csv
LCA,LCA,Luancheng,2008,Leave_One_experiments\wth_generated_qc\LCA\LCA2008.WTH,wet_year;nitrogen_stress_year;low_response_year,wet,LCA2008_normal_grid_S0019,pareto_balanced,2008-09-04,248,88,83,"{""sim_day"": 88.0, ""doy"": 248.0, ""topwt"": 17050.2734375, ""grnwt"": 7982.5445556640625, ""xlai"": 2.897005081176758, ""totir"": 0.0, ""tofer"": NaN, ""swfac"": 0.0, ""nstres"": 0.0}",0.0,0.0,17050.2734375,7982.5445556640625,2.897005081176758,0.0,,0.0,0.0,0.0,225.0,52.7750244140625,52.7750244140625,Leave_One_experiments/all_year_offline_schedule_search/daily_outputs/LCA/LCA_2008_LCA2008_normal_grid_S0019_daily.csv
LCA,LCA,Luancheng,2008,Leave_One_experiments\wth_generated_qc\LCA\LCA2008.WTH,wet_year;nitrogen_stress_year;low_response_year,wet,LCA2008_normal_grid_S0019,pareto_balanced,2008-09-05,249,89,84,"{""sim_day"": 89.0, ""doy"": 249.0, ""topwt"": 17274.591064453125, ""grnwt"": 8302.166137695312, ""xlai"": 2.813375234603882, ""totir"": 0.0, ""tofer"": NaN, ""swfac"": 0.0, ""nstres"": 0.0}",0.0,0.0,17274.591064453125,8302.166137695312,2.813375234603882,0.0,,0.0,0.0,0.0,225.0,52.7750244140625,52.7750244140625,Leave_One_experiments/all_year_offline_schedule_search/daily_outputs/LCA/LCA_2008_LCA2008_normal_grid_S0019_daily.csv
LCA,LCA,Luancheng,2008,Leave_One_experiments\wth_generated_qc\LCA\LCA2008.WTH,wet_year;nitrogen_stress_year;low_response_year,wet,LCA2008_normal_grid_S0019,pareto_balanced,2008-09-06,250,90,85,"{""sim_day"": 90.0, ""doy"": 250.0, ""topwt"": 17412.94921875, ""grnwt"": 8621.787719726562, ""xlai"": 2.725816249847412, ""totir"": 0.0, ""tofer"": NaN, ""swfac"": 0.0, ""nstres"": 0.0}",0.0,0.0,17412.94921875,8621.787719726562,2.725816249847412,0.0,,0.0,0.0,0.0,225.0,52.7750244140625,52.7750244140625,Leave_One_experiments/all_year_offline_schedule_search/daily_outputs/LCA/LCA_2008_LCA2008_normal_grid_S0019_daily.csv
LCA,LCA,Luancheng,2008,Leave_One_experiments\wth_generated_qc\LCA\LCA2008.WTH,wet_year;nitrogen_stress_year;low_response_year,wet,LCA2008_normal_grid_S0019,pareto_balanced,2008-09-07,251,91,86,"{""sim_day"": 91.0, ""doy"": 251.0, ""topwt"": 17548.27392578125, ""grnwt"": 8789.0625, ""xlai"": 2.643686532974243, ""totir"": 0.0, ""tofer"": NaN, ""swfac"": 0.0, ""nstres"": 0.0}",0.0,0.0,17548.27392578125,8789.0625,2.643686532974243,0.0,,0.0,0.0,0.0,225.0,52.7750244140625,52.7750244140625,Leave_One_experiments/all_year_offline_schedule_search/daily_outputs/LCA/LCA_2008_LCA2008_normal_grid_S0019_daily.csv
LCA,LCA,Luancheng,2008,Leave_One_experiments\wth_generated_qc\LCA\LCA2008.WTH,wet_year;nitrogen_stress_year;low_response_year,wet,LCA2008_normal_grid_S0019,pareto_balanced,2008-09-08,252,92,87,"{""sim_day"": 92.0, ""doy"": 252.0, ""topwt"": 17623.85498046875, ""grnwt"": 8864.642333984375, ""xlai"": 2.5597524642944336, ""totir"": 0.0, ""tofer"": NaN, ""swfac"": 0.0, ""nstres"": 0.0}",0.0,0.0,17623.85498046875,8864.642333984375,2.5597524642944336,0.0,,0.0,0.0,0.0,225.0,52.7750244140625,52.7750244140625,Leave_One_experiments/all_year_offline_schedule_search/daily_outputs/LCA/LCA_2008_LCA2008_normal_grid_S0019_daily.csv
LCA,LCA,Luancheng,2008,Leave_One_experiments\wth_generated_qc\LCA\LCA2008.WTH,wet_year;nitrogen_stress_year;low_response_year,wet,LCA2008_normal_grid_S0019,pareto_balanced,2008-09-09,253,93,88,"{""sim_day"": 93.0, ""doy"": 253.0, ""topwt"": 17944.68994140625, ""grnwt"": 9184.263305664062, ""xlai"": 2.463144540786743, ""totir"": 0.0, ""tofer"": NaN, ""swfac"": 0.0, ""nstres"": 0.0}",0.0,0.0,17944.68994140625,9184.263305664062,2.463144540786743,0.0,,0.0,0.0,0.0,225.0,52.7750244140625,52.7750244140625,Leave_One_experiments/all_year_offline_schedule_search/daily_outputs/LCA/LCA_2008_LCA2008_normal_grid_S0019_daily.csv
LCA,LCA,Luancheng,2008,Leave_One_experiments\wth_generated_qc\LCA\LCA2008.WTH,wet_year;nitrogen_stress_year;low_response_year,wet,LCA2008_normal_grid_S0019,pareto_balanced,2008-09-10,254,94,89,"{""sim_day"": 94.0, ""doy"": 254.0, ""topwt"": 18287.83935546875, ""grnwt"": 9503.884887695312, ""xlai"": 2.352621793746948, ""totir"": 0.0, ""tofer"": NaN, ""swfac"": 0.0, ""nstres"": 0.0}",0.0,0.0,18287.83935546875,9503.884887695312,2.352621793746948,0.0,,0.0,0.0,0.0,225.0,52.7750244140625,52.7750244140625,Leave_One_experiments/all_year_offline_schedule_search/daily_outputs/LCA/LCA_2008_LCA2008_normal_grid_S0019_daily.csv
LCA,LCA,Luancheng,2008,Leave_One_experiments\wth_generated_qc\LCA\LCA2008.WTH,wet_year;nitrogen_stress_year;low_response_year,wet,LCA2008_normal_grid_S0019,pareto_balanced,2008-09-11,255,95,90,"{""sim_day"": 95.0, ""doy"": 255.0, ""topwt"": 18623.485107421875, ""grnwt"": 9823.506469726562, ""xlai"": 2.246101140975952, ""totir"": 0.0, ""tofer"": NaN, ""swfac"": 0.0, ""nstres"": 0.0}",0.0,0.0,18623.485107421875,9823.506469726562,2.246101140975952,0.0,,0.0,0.0,0.0,225.0,52.7750244140625,52.7750244140625,Leave_One_experiments/all_year_offline_schedule_search/daily_outputs/LCA/LCA_2008_LCA2008_normal_grid_S0019_daily.csv
LCA,LCA,Luancheng,2008,Leave_One_experiments\wth_generated_qc\LCA\LCA2008.WTH,wet_year;nitrogen_stress_year;low_response_year,wet,LCA2008_normal_grid_S0019,pareto_balanced,2008-09-12,256,96,91,"{""sim_day"": 96.0, ""doy"": 256.0, ""topwt"": 18919.7998046875, ""grnwt"": 10143.128051757812, ""xlai"": 2.1365647315979004, ""totir"": 0.0, ""tofer"": NaN, ""swfac"": 0.0, ""nstres"": 0.0}",0.0,0.0,18919.7998046875,10143.128051757812,2.1365647315979004,0.0,,0.0,0.0,0.0,225.0,52.7750244140625,52.7750244140625,Leave_One_experiments/all_year_offline_schedule_search/daily_outputs/LCA/LCA_2008_LCA2008_normal_grid_S0019_daily.csv
LCA,LCA,Luancheng,2008,Leave_One_experiments\wth_generated_qc\LCA\LCA2008.WTH,wet_year;nitrogen_stress_year;low_response_year,wet,LCA2008_normal_grid_S0019,pareto_balanced,2008-09-13,257,97,92,"{""sim_day"": 97.0, ""doy"": 257.0, ""topwt"": 19137.613525390625, ""grnwt"": 10378.402099609377, ""xlai"": 2.018993854522705, ""totir"": 0.0, ""tofer"": NaN, ""swfac"": 0.0, ""nstres"": 0.0}",0.0,0.0,19137.613525390625,10378.402099609377,2.018993854522705,0.0,,0.0,0.0,0.0,225.0,52.7750244140625,52.7750244140625,Leave_One_experiments/all_year_offline_schedule_search/daily_outputs/LCA/LCA_2008_LCA2008_normal_grid_S0019_daily.csv
LCA,LCA,Luancheng,2008,Leave_One_experiments\wth_generated_qc\LCA\LCA2008.WTH,wet_year;nitrogen_stress_year;low_response_year,wet,LCA2008_normal_grid_S0019,pareto_balanced,2008-09-14,258,98,93,"{""sim_day"": 98.0, ""doy"": 258.0, ""topwt"": 19412.3291015625, ""grnwt"": 10653.116455078123, ""xlai"": 1.8938279151916504, ""totir"": 0.0, ""tofer"": NaN, ""swfac"": 0.0, ""nstres"": 0.0}",0.0,0.0,19412.3291015625,10653.116455078123,1.8938279151916504,0.0,,0.0,0.0,0.0,225.0,52.7750244140625,52.7750244140625,Leave_One_experiments/all_year_offline_schedule_search/daily_outputs/LCA/LCA_2008_LCA2008_normal_grid_S0019_daily.csv
LCA,LCA,Luancheng,2008,Leave_One_experiments\wth_generated_qc\LCA\LCA2008.WTH,wet_year;nitrogen_stress_year;low_response_year,wet,LCA2008_normal_grid_S0019,pareto_balanced,2008-09-15,259,99,94,"{""sim_day"": 99.0, ""doy"": 259.0, ""topwt"": 19661.7138671875, ""grnwt"": 10902.50244140625, ""xlai"": 1.7721409797668457, ""totir"": 0.0, ""tofer"": NaN, ""swfac"": 0.0, ""nstres"": 0.0}",0.0,0.0,19661.7138671875,10902.50244140625,1.7721409797668457,0.0,,0.0,0.0,0.0,225.0,52.7750244140625,52.7750244140625,Leave_One_experiments/all_year_offline_schedule_search/daily_outputs/LCA/LCA_2008_LCA2008_normal_grid_S0019_daily.csv
LCA,LCA,Luancheng,2008,Leave_One_experiments\wth_generated_qc\LCA\LCA2008.WTH,wet_year;nitrogen_stress_year;low_response_year,wet,LCA2008_normal_grid_S0019,pareto_balanced,2008-09-16,260,100,95,"{""sim_day"": 100.0, ""doy"": 260.0, ""topwt"": 19661.7138671875, ""grnwt"": 10902.50244140625, ""xlai"": 1.7721409797668457, ""totir"": 0.0, ""tofer"": NaN, ""swfac"": 0.0, ""nstres"": 0.0}",0.0,0.0,19661.7138671875,10902.50244140625,1.7721409797668457,0.0,,0.0,0.0,0.0,225.0,52.7750244140625,52.7750244140625,Leave_One_experiments/all_year_offline_schedule_search/daily_outputs/LCA/LCA_2008_LCA2008_normal_grid_S0019_daily.csv
LCA,LCA,Luancheng,2008,Leave_One_experiments\wth_generated_qc\LCA\LCA2008.WTH,wet_year;nitrogen_stress_year;low_response_year,wet,LCA2008_normal_grid_S0019,pareto_balanced,2008-09-17,261,101,96,"{""sim_day"": 101.0, ""doy"": 261.0, ""topwt"": 19661.7138671875, ""grnwt"": 10902.50244140625, ""xlai"": 1.7721409797668457, ""totir"": 0.0, ""tofer"": NaN, ""swfac"": 0.0, ""nstres"": 0.0}",0.0,0.0,19661.7138671875,10902.50244140625,1.7721409797668457,0.0,,0.0,0.0,0.0,225.0,52.7750244140625,52.7750244140625,Leave_One_experiments/all_year_offline_schedule_search/daily_outputs/LCA/LCA_2008_LCA2008_normal_grid_S0019_daily.csv
LCA,LCA,Luancheng,2008,Leave_One_experiments\wth_generated_qc\LCA\LCA2008.WTH,wet_year;nitrogen_stress_year;low_response_year,wet,LCA2008_normal_grid_S0019,pareto_balanced,2008-09-18,262,102,97,"{""sim_day"": 102.0, ""doy"": 262.0, ""topwt"": 19661.7138671875, ""grnwt"": 10902.50244140625, ""xlai"": 1.7721409797668457, ""totir"": 0.0, ""tofer"": NaN, ""swfac"": 0.0, ""nstres"": 0.0}",0.0,0.0,19661.7138671875,10902.50244140625,1.7721409797668457,0.0,,0.0,0.0,0.0,225.0,52.7750244140625,52.7750244140625,Leave_One_experiments/all_year_offline_schedule_search/daily_outputs/LCA/LCA_2008_LCA2008_normal_grid_S0019_daily.csv
LCA,LCA,Luancheng,2008,Leave_One_experiments\wth_generated_qc\LCA\LCA2008.WTH,wet_year;nitrogen_stress_year;low_response_year,wet,LCA2008_normal_grid_S0019,pareto_balanced,2008-09-19,263,103,98,"{""sim_day"": 103.0, ""doy"": 263.0, ""topwt"": 19661.7138671875, ""grnwt"": 10902.50244140625, ""xlai"": 1.7721409797668457, ""totir"": 0.0, ""tofer"": NaN, ""swfac"": 0.0, ""nstres"": 0.0}",0.0,0.0,19661.7138671875,10902.50244140625,1.7721409797668457,0.0,,0.0,0.0,0.0,225.0,52.7750244140625,52.7750244140625,Leave_One_experiments/all_year_offline_schedule_search/daily_outputs/LCA/LCA_2008_LCA2008_normal_grid_S0019_daily.csv
LCA,LCA,Luancheng,2008,Leave_One_experiments\wth_generated_qc\LCA\LCA2008.WTH,wet_year;nitrogen_stress_year;low_response_year,wet,LCA2008_normal_grid_S0028,pareto_balanced,2008-06-14,166,1,1,"{""sim_day"": 1.0, ""doy"": 166.0, ""topwt"": 0.0, ""grnwt"": 0.0, ""xlai"": 0.0, ""totir"": 0.0, ""tofer"": NaN, ""swfac"": 0.0, ""nstres"": 0.0}",0.0,0.0,0.0,0.0,0.0,0.0,,0.0,80.0,0.0,180.0,60.927404785156256,60.927404785156256,Leave_One_experiments/all_year_offline_schedule_search/daily_outputs/LCA/LCA_2008_LCA2008_normal_grid_S0028_daily.csv
LCA,LCA,Luancheng,2008,Leave_One_experiments\wth_generated_qc\LCA\LCA2008.WTH,wet_year;nitrogen_stress_year;low_response_year,wet,LCA2008_normal_grid_S0028,pareto_balanced,2008-06-15,167,2,2,"{""sim_day"": 2.0, ""doy"": 167.0, ""topwt"": 0.0, ""grnwt"": 0.0, ""xlai"": 0.0, ""totir"": 0.0, ""tofer"": NaN, ""swfac"": 0.0, ""nstres"": 0.0}",0.0,0.0,0.0,0.0,0.0,0.0,,0.0,0.0,0.0,180.0,60.927404785156256,60.927404785156256,Leave_One_experiments/all_year_offline_schedule_search/daily_outputs/LCA/LCA_2008_LCA2008_normal_grid_S0028_daily.csv
LCA,LCA,Luancheng,2008,Leave_One_experiments\wth_generated_qc\LCA\LCA2008.WTH,wet_year;nitrogen_stress_year;low_response_year,wet,LCA2008_normal_grid_S0028,pareto_balanced,2008-06-16,168,3,3,"{""sim_day"": 3.0, ""doy"": 168.0, ""topwt"": 0.0, ""grnwt"": 0.0, ""xlai"": 0.0, ""totir"": 0.0, ""tofer"": NaN, ""swfac"": 0.0, ""nstres"": 0.0}",0.0,0.0,0.0,0.0,0.0,0.0,,0.0,0.0,0.0,180.0,60.927404785156256,60.927404785156256,Leave_One_experiments/all_year_offline_schedule_search/daily_outputs/LCA/LCA_2008_LCA2008_normal_grid_S0028_daily.csv
LCA,LCA,Luancheng,2008,Leave_One_experiments\wth_generated_qc\LCA\LCA2008.WTH,wet_year;nitrogen_stress_year;low_response_year,wet,LCA2008_normal_grid_S0028,pareto_balanced,2008-06-17,169,4,4,"{""sim_day"": 4.0, ""doy"": 169.0, ""topwt"": 0.0, ""grnwt"": 0.0, ""xlai"": 0.0, ""totir"": 0.0, ""tofer"": NaN, ""swfac"": 0.0, ""nstres"": 0.0}",0.0,0.0,0.0,0.0,0.0,0.0,,0.0,0.0,0.0,180.0,60.927404785156256,60.927404785156256,Leave_One_experiments/all_year_offline_schedule_search/daily_outputs/LCA/LCA_2008_LCA2008_normal_grid_S0028_daily.csv
LCA,LCA,Luancheng,2008,Leave_One_experiments\wth_generated_qc\LCA\LCA2008.WTH,wet_year;nitrogen_stress_year;low_response_year,wet,LCA2008_normal_grid_S0028,pareto_balanced,2008-06-18,170,5,5,"{""sim_day"": 5.0, ""doy"": 170.0, ""topwt"": 0.0, ""grnwt"": 0.0, ""xlai"": 0.0, ""totir"": 0.0, ""tofer"": NaN, ""swfac"": 0.0, ""nstres"": 0.0}",0.0,0.0,0.0,0.0,0.0,0.0,,0.0,0.0,0.0,180.0,60.927404785156256,60.927404785156256,Leave_One_experiments/all_year_offline_schedule_search/daily_outputs/LCA/LCA_2008_LCA2008_normal_grid_S0028_daily.csv
LCA,LCA,Luancheng,2008,Leave_One_experiments\wth_generated_qc\LCA\LCA2008.WTH,wet_year;nitrogen_stress_year;low_response_year,wet,LCA2008_normal_grid_S0028,pareto_balanced,2008-06-14,166,6,1,"{""sim_day"": 6.0, ""doy"": 166.0, ""topwt"": 0.0, ""grnwt"": 0.0, ""xlai"": 0.0, ""totir"": 0.0, ""tofer"": NaN, ""swfac"": 0.0, ""nstres"": 0.0}",0.0,0.0,0.0,0.0,0.0,0.0,,0.0,0.0,0.0,180.0,60.927404785156256,60.927404785156256,Leave_One_experiments/all_year_offline_schedule_search/daily_outputs/LCA/LCA_2008_LCA2008_normal_grid_S0028_daily.csv
LCA,LCA,Luancheng,2008,Leave_One_experiments\wth_generated_qc\LCA\LCA2008.WTH,wet_year;nitrogen_stress_year;low_response_year,wet,LCA2008_normal_grid_S0028,pareto_balanced,2008-06-15,167,7,2,"{""sim_day"": 7.0, ""doy"": 167.0, ""topwt"": 0.0, ""grnwt"": 0.0, ""xlai"": 0.0, ""totir"": 0.0, ""tofer"": NaN, ""swfac"": 0.0, ""nstres"": 0.0}",0.0,0.0,0.0,0.0,0.0,0.0,,0.0,0.0,0.0,180.0,60.927404785156256,60.927404785156256,Leave_One_experiments/all_year_offline_schedule_search/daily_outputs/LCA/LCA_2008_LCA2008_normal_grid_S0028_daily.csv
LCA,LCA,Luancheng,2008,Leave_One_experiments\wth_generated_qc\LCA\LCA2008.WTH,wet_year;nitrogen_stress_year;low_response_year,wet,LCA2008_normal_grid_S0028,pareto_balanced,2008-06-16,168,8,3,"{""sim_day"": 8.0, ""doy"": 168.0, ""topwt"": 0.0, ""grnwt"": 0.0, ""xlai"": 0.0, ""totir"": 0.0, ""tofer"": NaN, ""swfac"": 0.0, ""nstres"": 0.0}",0.0,0.0,0.0,0.0,0.0,0.0,,0.0,0.0,0.0,180.0,60.927404785156256,60.927404785156256,Leave_One_experiments/all_year_offline_schedule_search/daily_outputs/LCA/LCA_2008_LCA2008_normal_grid_S0028_daily.csv
LCA,LCA,Luancheng,2008,Leave_One_experiments\wth_generated_qc\LCA\LCA2008.WTH,wet_year;nitrogen_stress_year;low_response_year,wet,LCA2008_normal_grid_S0028,pareto_balanced,2008-06-17,169,9,4,"{""sim_day"": 9.0, ""doy"": 169.0, ""topwt"": 0.0, ""grnwt"": 0.0, ""xlai"": 0.0, ""totir"": 0.0, ""tofer"": NaN, ""swfac"": 0.0, ""nstres"": 0.0}",0.0,0.0,0.0,0.0,0.0,0.0,,0.0,0.0,0.0,180.0,60.927404785156256,60.927404785156256,Leave_One_experiments/all_year_offline_schedule_search/daily_outputs/LCA/LCA_2008_LCA2008_normal_grid_S0028_daily.csv
LCA,LCA,Luancheng,2008,Leave_One_experiments\wth_generated_qc\LCA\LCA2008.WTH,wet_year;nitrogen_stress_year;low_response_year,wet,LCA2008_normal_grid_S0028,pareto_balanced,2008-06-18,170,10,5,"{""sim_day"": 10.0, ""doy"": 170.0, ""topwt"": 0.0, ""grnwt"": 0.0, ""xlai"": 0.0, ""totir"": 0.0, ""tofer"": NaN, ""swfac"": 0.0, ""nstres"": 0.0}",0.0,0.0,0.0,0.0,0.0,0.0,,0.0,0.0,0.0,180.0,60.927404785156256,60.927404785156256,Leave_One_experiments/all_year_offline_schedule_search/daily_outputs/LCA/LCA_2008_LCA2008_normal_grid_S0028_daily.csv
LCA,LCA,Luancheng,2008,Leave_One_experiments\wth_generated_qc\LCA\LCA2008.WTH,wet_year;nitrogen_stress_year;low_response_year,wet,LCA2008_normal_grid_S0028,pareto_balanced,2008-06-19,171,11,6,"{""sim_day"": 11.0, ""doy"": 171.0, ""topwt"": 23.600001335144043, ""grnwt"": 0.0, ""xlai"": 0.0048715858720242, ""totir"": 0.0, ""tofer"": NaN, ""swfac"": 0.0, ""nstres"": 0.0121910572052001}",0.0,0.0121910572052001,23.600001335144043,0.0,0.0048715858720242,0.0,,0.0,0.0,0.0,180.0,60.927404785156256,60.927404785156256,Leave_One_experiments/all_year_offline_schedule_search/daily_outputs/LCA/LCA_2008_LCA2008_normal_grid_S0028_daily.csv
LCA,LCA,Luancheng,2008,Leave_One_experiments\wth_generated_qc\LCA\LCA2008.WTH,wet_year;nitrogen_stress_year;low_response_year,wet,LCA2008_normal_grid_S0028,pareto_balanced,2008-06-20,172,12,7,"{""sim_day"": 12.0, ""doy"": 172.0, ""topwt"": 23.600001335144043, ""grnwt"": 0.0, ""xlai"": 0.0113677233457565, ""totir"": 0.0, ""tofer"": NaN, ""swfac"": 0.0, ""nstres"": 0.008480429649353}",0.0,0.008480429649353,23.600001335144043,0.0,0.0113677233457565,0.0,,0.0,0.0,0.0,180.0,60.927404785156256,60.927404785156256,Leave_One_experiments/all_year_offline_schedule_search/daily_outputs/LCA/LCA_2008_LCA2008_normal_grid_S0028_daily.csv
LCA,LCA,Luancheng,2008,Leave_One_experiments\wth_generated_qc\LCA\LCA2008.WTH,wet_year;nitrogen_stress_year;low_response_year,wet,LCA2008_normal_grid_S0028,pareto_balanced,2008-06-21,173,13,8,"{""sim_day"": 13.0, ""doy"": 173.0, ""topwt"": 23.600001335144043, ""grnwt"": 0.0, ""xlai"": 0.0186336077749729, ""totir"": 0.0, ""tofer"": NaN, ""swfac"": 0.0, ""nstres"": 0.0}",0.0,0.0,23.600001335144043,0.0,0.0186336077749729,0.0,,0.0,0.0,0.0,180.0,60.927404785156256,60.927404785156256,Leave_One_experiments/all_year_offline_schedule_search/daily_outputs/LCA/LCA_2008_LCA2008_normal_grid_S0028_daily.csv
LCA,LCA,Luancheng,2008,Leave_One_experiments\wth_generated_qc\LCA\LCA2008.WTH,wet_year;nitrogen_stress_year;low_response_year,wet,LCA2008_normal_grid_S0028,pareto_balanced,2008-06-22,174,14,9,"{""sim_day"": 14.0, ""doy"": 174.0, ""topwt"": 25.66721200942993, ""grnwt"": 0.0, ""xlai"": 0.0461338050663471, ""totir"": 0.0, ""tofer"": NaN, ""swfac"": 0.0, ""nstres"": 0.0}",0.0,0.0,25.66721200942993,0.0,0.0461338050663471,0.0,,0.0,0.0,0.0,180.0,60.927404785156256,60.927404785156256,Leave_One_experiments/all_year_offline_schedule_search/daily_outputs/LCA/LCA_2008_LCA2008_normal_grid_S0028_daily.csv
LCA,LCA,Luancheng,2008,Leave_One_experiments\wth_generated_qc\LCA\LCA2008.WTH,wet_year;nitrogen_stress_year;low_response_year,wet,LCA2008_normal_grid_S0028,pareto_balanced,2008-06-23,175,15,10,"{""sim_day"": 15.0, ""doy"": 175.0, ""topwt"": 36.38740301132202, ""grnwt"": 0.0, ""xlai"": 0.0728419497609138, ""totir"": 0.0, ""tofer"": NaN, ""swfac"": 0.0, ""nstres"": 0.0}",0.0,0.0,36.38740301132202,0.0,0.0728419497609138,0.0,,0.0,0.0,0.0,180.0,60.927404785156256,60.927404785156256,Leave_One_experiments/all_year_offline_schedule_search/daily_outputs/LCA/LCA_2008_LCA2008_normal_grid_S0028_daily.csv
LCA,LCA,Luancheng,2008,Leave_One_experiments\wth_generated_qc\LCA\LCA2008.WTH,wet_year;nitrogen_stress_year;low_response_year,wet,LCA2008_normal_grid_S0028,pareto_balanced,2008-06-24,176,16,11,"{""sim_day"": 16.0, ""doy"": 176.0, ""topwt"": 52.552690505981445, ""grnwt"": 0.0, ""xlai"": 0.1089488342404365, ""totir"": 0.0, ""tofer"": NaN, ""swfac"": 0.0, ""nstres"": 0.0146409273147583}",0.0,0.0146409273147583,52.552690505981445,0.0,0.1089488342404365,0.0,,0.0,0.0,0.0,180.0,60.927404785156256,60.927404785156256,Leave_One_experiments/all_year_offline_schedule_search/daily_outputs/LCA/LCA_2008_LCA2008_normal_grid_S0028_daily.csv
LCA,LCA,Luancheng,2008,Leave_One_experiments\wth_generated_qc\LCA\LCA2008.WTH,wet_year;nitrogen_stress_year;low_response_year,wet,LCA2008_normal_grid_S0028,pareto_balanced,2008-06-25,177,17,12,"{""sim_day"": 17.0, ""doy"": 177.0, ""topwt"": 71.13682270050049, ""grnwt"": 0.0, ""xlai"": 0.146922305226326, ""totir"": 0.0, ""tofer"": NaN, ""swfac"": 0.0, ""nstres"": 0.0}",0.0,0.0,71.13682270050049,0.0,0.146922305226326,0.0,,0.0,0.0,0.0,180.0,60.927404785156256,60.927404785156256,Leave_One_experiments/all_year_offline_schedule_search/daily_outputs/LCA/LCA_2008_LCA2008_normal_grid_S0028_daily.csv
LCA,LCA,Luancheng,2008,Leave_One_experiments\wth_generated_qc\LCA\LCA2008.WTH,wet_year;nitrogen_stress_year;low_response_year,wet,LCA2008_normal_grid_S0028,pareto_balanced,2008-06-26,178,18,13,"{""sim_day"": 18.0, ""doy"": 178.0, ""topwt"": 93.21404457092284, ""grnwt"": 0.0, ""xlai"": 0.1889433860778808, ""totir"": 0.0, ""tofer"": NaN, ""swfac"": 0.0, ""nstres"": 0.0}",0.0,0.0,93.21404457092284,0.0,0.1889433860778808,0.0,,0.0,0.0,0.0,180.0,60.927404785156256,60.927404785156256,Leave_One_experiments/all_year_offline_schedule_search/daily_outputs/LCA/LCA_2008_LCA2008_normal_grid_S0028_daily.csv
LCA,LCA,Luancheng,2008,Leave_One_experiments\wth_generated_qc\LCA\LCA2008.WTH,wet_year;nitrogen_stress_year;low_response_year,wet,LCA2008_normal_grid_S0028,pareto_balanced,2008-06-27,179,19,14,"{""sim_day"": 19.0, ""doy"": 179.0, ""topwt"": 119.99794960021973, ""grnwt"": 0.0, ""xlai"": 0.2368562221527099, ""totir"": 0.0, ""tofer"": NaN, ""swfac"": 0.0, ""nstres"": 0.0}",0.0,0.0,119.99794960021973,0.0,0.2368562221527099,0.0,,0.0,0.0,0.0,180.0,60.927404785156256,60.927404785156256,Leave_One_experiments/all_year_offline_schedule_search/daily_outputs/LCA/LCA_2008_LCA2008_normal_grid_S0028_daily.csv
LCA,LCA,Luancheng,2008,Leave_One_experiments\wth_generated_qc\LCA\LCA2008.WTH,wet_year;nitrogen_stress_year;low_response_year,wet,LCA2008_normal_grid_S0028,pareto_balanced,2008-06-28,180,20,15,"{""sim_day"": 20.0, ""doy"": 180.0, ""topwt"": 138.7290096282959, ""grnwt"": 0.0, ""xlai"": 0.287154883146286, ""totir"": 0.0, ""tofer"": NaN, ""swfac"": 0.0, ""nstres"": 0.0}",0.0,0.0,138.7290096282959,0.0,0.287154883146286,0.0,,0.0,0.0,0.0,180.0,60.927404785156256,60.927404785156256,Leave_One_experiments/all_year_offline_schedule_search/daily_outputs/LCA/LCA_2008_LCA2008_normal_grid_S0028_daily.csv
LCA,LCA,Luancheng,2008,Leave_One_experiments\wth_generated_qc\LCA\LCA2008.WTH,wet_year;nitrogen_stress_year;low_response_year,wet,LCA2008_normal_grid_S0028,pareto_balanced,2008-06-29,181,21,16,"{""sim_day"": 21.0, ""doy"": 181.0, ""topwt"": 163.9013671875, ""grnwt"": 0.0, ""xlai"": 0.3313791155815124, ""totir"": 0.0, ""tofer"": NaN, ""swfac"": 0.0, ""nstres"": 0.0}",0.0,0.0,163.9013671875,0.0,0.3313791155815124,0.0,,0.0,0.0,0.0,180.0,60.927404785156256,60.927404785156256,Leave_One_experiments/all_year_offline_schedule_search/daily_outputs/LCA/LCA_2008_LCA2008_normal_grid_S0028_daily.csv
LCA,LCA,Luancheng,2008,Leave_One_experiments\wth_generated_qc\LCA\LCA2008.WTH,wet_year;nitrogen_stress_year;low_response_year,wet,LCA2008_normal_grid_S0028,pareto_balanced,2008-06-30,182,22,17,"{""sim_day"": 22.0, ""doy"": 182.0, ""topwt"": 209.84527587890625, ""grnwt"": 0.0, ""xlai"": 0.4086035192012787, ""totir"": 0.0, ""tofer"": NaN, ""swfac"": 0.0, ""nstres"": 0.0074787735939025}",0.0,0.0074787735939025,209.84527587890625,0.0,0.4086035192012787,0.0,,0.0,0.0,0.0,180.0,60.927404785156256,60.927404785156256,Leave_One_experiments/all_year_offline_schedule_search/daily_outputs/LCA/LCA_2008_LCA2008_normal_grid_S0028_daily.csv
LCA,LCA,Luancheng,2008,Leave_One_experiments\wth_generated_qc\LCA\LCA2008.WTH,wet_year;nitrogen_stress_year;low_response_year,wet,LCA2008_normal_grid_S0028,pareto_balanced,2008-07-01,183,23,18,"{""sim_day"": 23.0, ""doy"": 183.0, ""topwt"": 273.8093376159668, ""grnwt"": 0.0, ""xlai"": 0.510208785533905, ""totir"": 0.0, ""tofer"": NaN, ""swfac"": 0.0, ""nstres"": 0.0}",0.0,0.0,273.8093376159668,0.0,0.510208785533905,0.0,,0.0,0.0,0.0,180.0,60.927404785156256,60.927404785156256,Leave_One_experiments/all_year_offline_schedule_search/daily_outputs/LCA/LCA_2008_LCA2008_normal_grid_S0028_daily.csv
LCA,LCA,Luancheng,2008,Leave_One_experiments\wth_generated_qc\LCA\LCA2008.WTH,wet_year;nitrogen_stress_year;low_response_year,wet,LCA2008_normal_grid_S0028,pareto_balanced,2008-07-02,184,24,19,"{""sim_day"": 24.0, ""doy"": 184.0, ""topwt"": 349.6974182128906, ""grnwt"": 0.0, ""xlai"": 0.6241005659103394, ""totir"": 0.0, ""tofer"": NaN, ""swfac"": 0.0, ""nstres"": 0.0}",0.0,0.0,349.6974182128906,0.0,0.6241005659103394,0.0,,0.0,0.0,0.0,180.0,60.927404785156256,60.927404785156256,Leave_One_experiments/all_year_offline_schedule_search/daily_outputs/LCA/LCA_2008_LCA2008_normal_grid_S0028_daily.csv
LCA,LCA,Luancheng,2008,Leave_One_experiments\wth_generated_qc\LCA\LCA2008.WTH,wet_year;nitrogen_stress_year;low_response_year,wet,LCA2008_normal_grid_S0028,pareto_balanced,2008-07-03,185,25,20,"{""sim_day"": 25.0, ""doy"": 185.0, ""topwt"": 451.9774627685547, ""grnwt"": 0.0, ""xlai"": 0.7694467306137085, ""totir"": 0.0, ""tofer"": NaN, ""swfac"": 0.0, ""nstres"": 0.0}",0.0,0.0,451.9774627685547,0.0,0.7694467306137085,0.0,,0.0,0.0,0.0,180.0,60.927404785156256,60.927404785156256,Leave_One_experiments/all_year_offline_schedule_search/daily_outputs/LCA/LCA_2008_LCA2008_normal_grid_S0028_daily.csv
LCA,LCA,Luancheng,2008,Leave_One_experiments\wth_generated_qc\LCA\LCA2008.WTH,wet_year;nitrogen_stress_year;low_response_year,wet,LCA2008_normal_grid_S0028,pareto_balanced,2008-07-04,186,26,21,"{""sim_day"": 26.0, ""doy"": 186.0, ""topwt"": 513.6894226074219, ""grnwt"": 0.0, ""xlai"": 0.853216290473938, ""totir"": 0.0, ""tofer"": NaN, ""swfac"": 0.0, ""nstres"": 0.0}",0.0,0.0,513.6894226074219,0.0,0.853216290473938,0.0,,0.0,0.0,0.0,180.0,60.927404785156256,60.927404785156256,Leave_One_experiments/all_year_offline_schedule_search/daily_outputs/LCA/LCA_2008_LCA2008_normal_grid_S0028_daily.csv
LCA,LCA,Luancheng,2008,Leave_One_experiments\wth_generated_qc\LCA\LCA2008.WTH,wet_year;nitrogen_stress_year;low_response_year,wet,LCA2008_normal_grid_S0028,pareto_balanced,2008-07-05,187,27,22,"{""sim_day"": 27.0, ""doy"": 187.0, ""topwt"": 629.9447631835938, ""grnwt"": 0.0, ""xlai"": 1.0049046277999878, ""totir"": 0.0, ""tofer"": NaN, ""swfac"": 0.0, ""nstres"": 0.0}",0.0,0.0,629.9447631835938,0.0,1.0049046277999878,0.0,,0.0,0.0,0.0,180.0,60.927404785156256,60.927404785156256,Leave_One_experiments/all_year_offline_schedule_search/daily_outputs/LCA/LCA_2008_LCA2008_normal_grid_S0028_daily.csv
LCA,LCA,Luancheng,2008,Leave_One_experiments\wth_generated_qc\LCA\LCA2008.WTH,wet_year;nitrogen_stress_year;low_response_year,wet,LCA2008_normal_grid_S0028,pareto_balanced,2008-07-06,188,28,23,"{""sim_day"": 28.0, ""doy"": 188.0, ""topwt"": 776.2039947509766, ""grnwt"": 0.0, ""xlai"": 1.19198477268219, ""totir"": 0.0, ""tofer"": NaN, ""swfac"": 0.0, ""nstres"": 0.0}",0.0,0.0,776.2039947509766,0.0,1.19198477268219,0.0,,0.0,0.0,0.0,180.0,60.927404785156256,60.927404785156256,Leave_One_experiments/all_year_offline_schedule_search/daily_outputs/LCA/LCA_2008_LCA2008_normal_grid_S0028_daily.csv
LCA,LCA,Luancheng,2008,Leave_One_experiments\wth_generated_qc\LCA\LCA2008.WTH,wet_year;nitrogen_stress_year;low_response_year,wet,LCA2008_normal_grid_S0028,pareto_balanced,2008-07-07,189,29,24,"{""sim_day"": 29.0, ""doy"": 189.0, ""topwt"": 921.304931640625, ""grnwt"": 0.0, ""xlai"": 1.3665164709091189, ""totir"": 0.0, ""tofer"": NaN, ""swfac"": 0.0, ""nstres"": 0.0}",0.0,0.0,921.304931640625,0.0,1.3665164709091189,0.0,,0.0,0.0,0.0,180.0,60.927404785156256,60.927404785156256,Leave_One_experiments/all_year_offline_schedule_search/daily_outputs/LCA/LCA_2008_LCA2008_normal_grid_S0028_daily.csv
LCA,LCA,Luancheng,2008,Leave_One_experiments\wth_generated_qc\LCA\LCA2008.WTH,wet_year;nitrogen_stress_year;low_response_year,wet,LCA2008_normal_grid_S0028,pareto_balanced,2008-07-08,190,30,25,"{""sim_day"": 30.0, ""doy"": 190.0, ""topwt"": 1080.3263092041016, ""grnwt"": 0.0, ""xlai"": 1.5457658767700195, ""totir"": 0.0, ""tofer"": NaN, ""swfac"": 0.0, ""nstres"": 0.0}",0.0,0.0,1080.3263092041016,0.0,1.5457658767700195,0.0,,0.0,0.0,0.0,180.0,60.927404785156256,60.927404785156256,Leave_One_experiments/all_year_offline_schedule_search/daily_outputs/LCA/LCA_2008_LCA2008_normal_grid_S0028_daily.csv
LCA,LCA,Luancheng,2008,Leave_One_experiments\wth_generated_qc\LCA\LCA2008.WTH,wet_year;nitrogen_stress_year;low_response_year,wet,LCA2008_normal_grid_S0028,pareto_balanced,2008-07-09,191,31,26,"{""sim_day"": 31.0, ""doy"": 191.0, ""topwt"": 1263.375473022461, ""grnwt"": 0.0, ""xlai"": 1.7375023365020752, ""totir"": 0.0, ""tofer"": NaN, ""swfac"": 0.0, ""nstres"": 0.0}",0.0,0.0,1263.375473022461,0.0,1.7375023365020752,0.0,,0.0,0.0,0.0,180.0,60.927404785156256,60.927404785156256,Leave_One_experiments/all_year_offline_schedule_search/daily_outputs/LCA/LCA_2008_LCA2008_normal_grid_S0028_daily.csv
LCA,LCA,Luancheng,2008,Leave_One_experiments\wth_generated_qc\LCA\LCA2008.WTH,wet_year;nitrogen_stress_year;low_response_year,wet,LCA2008_normal_grid_S0028,pareto_balanced,2008-07-10,192,32,27,"{""sim_day"": 32.0, ""doy"": 192.0, ""topwt"": 1432.114715576172, ""grnwt"": 0.0, ""xlai"": 1.901072978973389, ""totir"": 0.0, ""tofer"": NaN, ""swfac"": 0.0, ""nstres"": 0.0}",0.0,0.0,1432.114715576172,0.0,1.901072978973389,0.0,,0.0,0.0,0.0,180.0,60.927404785156256,60.927404785156256,Leave_One_experiments/all_year_offline_schedule_search/daily_outputs/LCA/LCA_2008_LCA2008_normal_grid_S0028_daily.csv
LCA,LCA,Luancheng,2008,Leave_One_experiments\wth_generated_qc\LCA\LCA2008.WTH,wet_year;nitrogen_stress_year;low_response_year,wet,LCA2008_normal_grid_S0028,pareto_balanced,2008-07-11,193,33,28,"{""sim_day"": 33.0, ""doy"": 193.0, ""topwt"": 1654.1592407226562, ""grnwt"": 0.0, ""xlai"": 2.099141836166382, ""totir"": 0.0, ""tofer"": NaN, ""swfac"": 0.0, ""nstres"": 0.0}",0.0,0.0,1654.1592407226562,0.0,2.099141836166382,0.0,,0.0,0.0,0.0,180.0,60.927404785156256,60.927404785156256,Leave_One_experiments/all_year_offline_schedule_search/daily_outputs/LCA/LCA_2008_LCA2008_normal_grid_S0028_daily.csv
LCA,LCA,Luancheng,2008,Leave_One_experiments\wth_generated_qc\LCA\LCA2008.WTH,wet_year;nitrogen_stress_year;low_response_year,wet,LCA2008_normal_grid_S0028,pareto_balanced,2008-07-12,194,34,29,"{""sim_day"": 34.0, ""doy"": 194.0, ""topwt"": 1883.4513854980469, ""grnwt"": 0.0, ""xlai"": 2.287083148956299, ""totir"": 0.0, ""tofer"": NaN, ""swfac"": 0.0, ""nstres"": 0.0}",0.0,0.0,1883.4513854980469,0.0,2.287083148956299,0.0,,0.0,0.0,0.0,180.0,60.927404785156256,60.927404785156256,Leave_One_experiments/all_year_offline_schedule_search/daily_outputs/LCA/LCA_2008_LCA2008_normal_grid_S0028_daily.csv
LCA,LCA,Luancheng,2008,Leave_One_experiments\wth_generated_qc\LCA\LCA2008.WTH,wet_year;nitrogen_stress_year;low_response_year,wet,LCA2008_normal_grid_S0028,pareto_balanced,2008-07-13,195,35,30,"{""sim_day"": 35.0, ""doy"": 195.0, ""topwt"": 1909.1407775878904, ""grnwt"": 0.0, ""xlai"": 2.306739091873169, ""totir"": 0.0, ""tofer"": NaN, ""swfac"": 0.0, ""nstres"": 0.0}",0.0,0.0,1909.1407775878904,0.0,2.306739091873169,0.0,,0.0,50.0,0.0,180.0,60.927404785156256,60.927404785156256,Leave_One_experiments/all_year_offline_schedule_search/daily_outputs/LCA/LCA_2008_LCA2008_normal_grid_S0028_daily.csv
LCA,LCA,Luancheng,2008,Leave_One_experiments\wth_generated_qc\LCA\LCA2008.WTH,wet_year;nitrogen_stress_year;low_response_year,wet,LCA2008_normal_grid_S0028,pareto_balanced,2008-07-14,196,36,31,"{""sim_day"": 36.0, ""doy"": 196.0, ""topwt"": 2071.9049072265625, ""grnwt"": 0.0, ""xlai"": 2.424733638763428, ""totir"": 0.0, ""tofer"": NaN, ""swfac"": 0.0, ""nstres"": 0.0}",0.0,0.0,2071.9049072265625,0.0,2.424733638763428,0.0,,0.0,0.0,0.0,180.0,60.927404785156256,60.927404785156256,Leave_One_experiments/all_year_offline_schedule_search/daily_outputs/LCA/LCA_2008_LCA2008_normal_grid_S0028_daily.csv
LCA,LCA,Luancheng,2008,Leave_One_experiments\wth_generated_qc\LCA\LCA2008.WTH,wet_year;nitrogen_stress_year;low_response_year,wet,LCA2008_normal_grid_S0028,pareto_balanced,2008-07-15,197,37,32,"{""sim_day"": 37.0, ""doy"": 197.0, ""topwt"": 2347.2769165039062, ""grnwt"": 0.0, ""xlai"": 2.608452796936035, ""totir"": 0.0, ""tofer"": NaN, ""swfac"": 0.0, ""nstres"": 0.0}",0.0,0.0,2347.2769165039062,0.0,2.608452796936035,0.0,,0.0,0.0,0.0,180.0,60.927404785156256,60.927404785156256,Leave_One_experiments/all_year_offline_schedule_search/daily_outputs/LCA/LCA_2008_LCA2008_normal_grid_S0028_daily.csv
LCA,LCA,Luancheng,2008,Leave_One_experiments\wth_generated_qc\LCA\LCA2008.WTH,wet_year;nitrogen_stress_year;low_response_year,wet,LCA2008_normal_grid_S0028,pareto_balanced,2008-07-16,198,38,33,"{""sim_day"": 38.0, ""doy"": 198.0, ""topwt"": 2420.9811401367188, ""grnwt"": 0.0, ""xlai"": 2.653780698776245, ""totir"": 0.0, ""tofer"": NaN, ""swfac"": 0.0, ""nstres"": 0.0}",0.0,0.0,2420.9811401367188,0.0,2.653780698776245,0.0,,0.0,0.0,0.0,180.0,60.927404785156256,60.927404785156256,Leave_One_experiments/all_year_offline_schedule_search/daily_outputs/LCA/LCA_2008_LCA2008_normal_grid_S0028_daily.csv
LCA,LCA,Luancheng,2008,Leave_One_experiments\wth_generated_qc\LCA\LCA2008.WTH,wet_year;nitrogen_stress_year;low_response_year,wet,LCA2008_normal_grid_S0028,pareto_balanced,2008-07-17,199,39,34,"{""sim_day"": 39.0, ""doy"": 199.0, ""topwt"": 2655.645446777344, ""grnwt"": 0.0, ""xlai"": 2.7881877422332764, ""totir"": 0.0, ""tofer"": NaN, ""swfac"": 0.0, ""nstres"": 0.0}",0.0,0.0,2655.645446777344,0.0,2.7881877422332764,0.0,,0.0,0.0,0.0,180.0,60.927404785156256,60.927404785156256,Leave_One_experiments/all_year_offline_schedule_search/daily_outputs/LCA/LCA_2008_LCA2008_normal_grid_S0028_daily.csv
LCA,LCA,Luancheng,2008,Leave_One_experiments\wth_generated_qc\LCA\LCA2008.WTH,wet_year;nitrogen_stress_year;low_response_year,wet,LCA2008_normal_grid_S0028,pareto_balanced,2008-07-18,200,40,35,"{""sim_day"": 40.0, ""doy"": 200.0, ""topwt"": 2923.851318359375, ""grnwt"": 0.0, ""xlai"": 2.929659843444824, ""totir"": 0.0, ""tofer"": NaN, ""swfac"": 0.0, ""nstres"": 0.0}",0.0,0.0,2923.851318359375,0.0,2.929659843444824,0.0,,0.0,0.0,0.0,180.0,60.927404785156256,60.927404785156256,Leave_One_experiments/all_year_offline_schedule_search/daily_outputs/LCA/LCA_2008_LCA2008_normal_grid_S0028_daily.csv
LCA,LCA,Luancheng,2008,Leave_One_experiments\wth_generated_qc\LCA\LCA2008.WTH,wet_year;nitrogen_stress_year;low_response_year,wet,LCA2008_normal_grid_S0028,pareto_balanced,2008-07-19,201,41,36,"{""sim_day"": 41.0, ""doy"": 201.0, ""topwt"": 3256.4794921875, ""grnwt"": 0.0, ""xlai"": 3.091529607772827, ""totir"": 0.0, ""tofer"": NaN, ""swfac"": 0.0, ""nstres"": 0.0}",0.0,0.0,3256.4794921875,0.0,3.091529607772827,0.0,,0.0,0.0,0.0,180.0,60.927404785156256,60.927404785156256,Leave_One_experiments/all_year_offline_schedule_search/daily_outputs/LCA/LCA_2008_LCA2008_normal_grid_S0028_daily.csv
LCA,LCA,Luancheng,2008,Leave_One_experiments\wth_generated_qc\LCA\LCA2008.WTH,wet_year;nitrogen_stress_year;low_response_year,wet,LCA2008_normal_grid_S0028,pareto_balanced,2008-07-20,202,42,37,"{""sim_day"": 42.0, ""doy"": 202.0, ""topwt"": 3644.2816162109375, ""grnwt"": 0.0, ""xlai"": 3.265608072280884, ""totir"": 0.0, ""tofer"": NaN, ""swfac"": 0.0, ""nstres"": 0.0}",0.0,0.0,3644.2816162109375,0.0,3.265608072280884,0.0,,0.0,0.0,0.0,180.0,60.927404785156256,60.927404785156256,Leave_One_experiments/all_year_offline_schedule_search/daily_outputs/LCA/LCA_2008_LCA2008_normal_grid_S0028_daily.csv
LCA,LCA,Luancheng,2008,Leave_One_experiments\wth_generated_qc\LCA\LCA2008.WTH,wet_year;nitrogen_stress_year;low_response_year,wet,LCA2008_normal_grid_S0028,pareto_balanced,2008-07-21,203,43,38,"{""sim_day"": 43.0, ""doy"": 203.0, ""topwt"": 4035.4476928710938, ""grnwt"": 0.0, ""xlai"": 3.4272806644439697, ""totir"": 0.0, ""tofer"": NaN, ""swfac"": 0.0, ""nstres"": 0.0}",0.0,0.0,4035.4476928710938,0.0,3.4272806644439697,0.0,,0.0,0.0,0.0,180.0,60.927404785156256,60.927404785156256,Leave_One_experiments/all_year_offline_schedule_search/daily_outputs/LCA/LCA_2008_LCA2008_normal_grid_S0028_daily.csv
LCA,LCA,Luancheng,2008,Leave_One_experiments\wth_generated_qc\LCA\LCA2008.WTH,wet_year;nitrogen_stress_year;low_response_year,wet,LCA2008_normal_grid_S0028,pareto_balanced,2008-07-22,204,44,39,"{""sim_day"": 44.0, ""doy"": 204.0, ""topwt"": 4394.634094238281, ""grnwt"": 0.0, ""xlai"": 3.60180926322937, ""totir"": 0.0, ""tofer"": NaN, ""swfac"": 0.0, ""nstres"": 0.0}",0.0,0.0,4394.634094238281,0.0,3.60180926322937,0.0,,0.0,0.0,0.0,180.0,60.927404785156256,60.927404785156256,Leave_One_experiments/all_year_offline_schedule_search/daily_outputs/LCA/LCA_2008_LCA2008_normal_grid_S0028_daily.csv
LCA,LCA,Luancheng,2008,Leave_One_experiments\wth_generated_qc\LCA\LCA2008.WTH,wet_year;nitrogen_stress_year;low_response_year,wet,LCA2008_normal_grid_S0028,pareto_balanced,2008-07-23,205,45,40,"{""sim_day"": 45.0, ""doy"": 205.0, ""topwt"": 4766.745300292969, ""grnwt"": 0.0, ""xlai"": 3.746005058288574, ""totir"": 0.0, ""tofer"": NaN, ""swfac"": 0.0, ""nstres"": 0.0}",0.0,0.0,4766.745300292969,0.0,3.746005058288574,0.0,,0.0,0.0,0.0,180.0,60.927404785156256,60.927404785156256,Leave_One_experiments/all_year_offline_schedule_search/daily_outputs/LCA/LCA_2008_LCA2008_normal_grid_S0028_daily.csv
LCA,LCA,Luancheng,2008,Leave_One_experiments\wth_generated_qc\LCA\LCA2008.WTH,wet_year;nitrogen_stress_year;low_response_year,wet,LCA2008_normal_grid_S0028,pareto_balanced,2008-07-24,206,46,41,"{""sim_day"": 46.0, ""doy"": 206.0, ""topwt"": 5165.106201171875, ""grnwt"": 0.0, ""xlai"": 3.880648374557495, ""totir"": 0.0, ""tofer"": NaN, ""swfac"": 0.0, ""nstres"": 0.0}",0.0,0.0,5165.106201171875,0.0,3.880648374557495,0.0,,0.0,0.0,0.0,180.0,60.927404785156256,60.927404785156256,Leave_One_experiments/all_year_offline_schedule_search/daily_outputs/LCA/LCA_2008_LCA2008_normal_grid_S0028_daily.csv
LCA,LCA,Luancheng,2008,Leave_One_experiments\wth_generated_qc\LCA\LCA2008.WTH,wet_year;nitrogen_stress_year;low_response_year,wet,LCA2008_normal_grid_S0028,pareto_balanced,2008-07-25,207,47,42,"{""sim_day"": 47.0, ""doy"": 207.0, ""topwt"": 5523.197021484375, ""grnwt"": 0.0, ""xlai"": 3.989177703857422, ""totir"": 0.0, ""tofer"": NaN, ""swfac"": 0.0, ""nstres"": 0.0}",0.0,0.0,5523.197021484375,0.0,3.989177703857422,0.0,,0.0,0.0,0.0,180.0,60.927404785156256,60.927404785156256,Leave_One_experiments/all_year_offline_schedule_search/daily_outputs/LCA/LCA_2008_LCA2008_normal_grid_S0028_daily.csv
LCA,LCA,Luancheng,2008,Leave_One_experiments\wth_generated_qc\LCA\LCA2008.WTH,wet_year;nitrogen_stress_year;low_response_year,wet,LCA2008_normal_grid_S0028,pareto_balanced,2008-07-26,208,48,43,"{""sim_day"": 48.0, ""doy"": 208.0, ""topwt"": 5859.6820068359375, ""grnwt"": 0.0, ""xlai"": 4.082827568054199, ""totir"": 0.0, ""tofer"": NaN, ""swfac"": 0.0, ""nstres"": 0.0}",0.0,0.0,5859.6820068359375,0.0,4.082827568054199,0.0,,0.0,0.0,0.0,180.0,60.927404785156256,60.927404785156256,Leave_One_experiments/all_year_offline_schedule_search/daily_outputs/LCA/LCA_2008_LCA2008_normal_grid_S0028_daily.csv
LCA,LCA,Luancheng,2008,Leave_One_experiments\wth_generated_qc\LCA\LCA2008.WTH,wet_year;nitrogen_stress_year;low_response_year,wet,LCA2008_normal_grid_S0028,pareto_balanced,2008-07-27,209,49,44,"{""sim_day"": 49.0, ""doy"": 209.0, ""topwt"": 6167.1026611328125, ""grnwt"": 0.0, ""xlai"": 4.160618305206299, ""totir"": 0.0, ""tofer"": NaN, ""swfac"": 0.0, ""nstres"": 0.0047606229782104}",0.0,0.0047606229782104,6167.1026611328125,0.0,4.160618305206299,0.0,,0.0,0.0,0.0,180.0,60.927404785156256,60.927404785156256,Leave_One_experiments/all_year_offline_schedule_search/daily_outputs/LCA/LCA_2008_LCA2008_normal_grid_S0028_daily.csv
LCA,LCA,Luancheng,2008,Leave_One_experiments\wth_generated_qc\LCA\LCA2008.WTH,wet_year;nitrogen_stress_year;low_response_year,wet,LCA2008_normal_grid_S0028,pareto_balanced,2008-07-28,210,50,45,"{""sim_day"": 50.0, ""doy"": 210.0, ""topwt"": 6370.4815673828125, ""grnwt"": 0.0, ""xlai"": 4.202694416046143, ""totir"": 0.0, ""tofer"": NaN, ""swfac"": 0.0, ""nstres"": 0.0143568515777587}",0.0,0.0143568515777587,6370.4815673828125,0.0,4.202694416046143,0.0,,0.0,0.0,0.0,180.0,60.927404785156256,60.927404785156256,Leave_One_experiments/all_year_offline_schedule_search/daily_outputs/LCA/LCA_2008_LCA2008_normal_grid_S0028_daily.csv
LCA,LCA,Luancheng,2008,Leave_One_experiments\wth_generated_qc\LCA\LCA2008.WTH,wet_year;nitrogen_stress_year;low_response_year,wet,LCA2008_normal_grid_S0028,pareto_balanced,2008-07-29,211,51,46,"{""sim_day"": 51.0, ""doy"": 211.0, ""topwt"": 6578.0712890625, ""grnwt"": 0.0, ""xlai"": 4.239401817321777, ""totir"": 0.0, ""tofer"": NaN, ""swfac"": 0.0, ""nstres"": 0.0213975310325622}",0.0,0.0213975310325622,6578.0712890625,0.0,4.239401817321777,0.0,,0.0,0.0,0.0,180.0,60.927404785156256,60.927404785156256,Leave_One_experiments/all_year_offline_schedule_search/daily_outputs/LCA/LCA_2008_LCA2008_normal_grid_S0028_daily.csv
LCA,LCA,Luancheng,2008,Leave_One_experiments\wth_generated_qc\LCA\LCA2008.WTH,wet_year;nitrogen_stress_year;low_response_year,wet,LCA2008_normal_grid_S0028,pareto_balanced,2008-07-30,212,52,47,"{""sim_day"": 52.0, ""doy"": 212.0, ""topwt"": 6739.427490234375, ""grnwt"": 0.0, ""xlai"": 4.26466703414917, ""totir"": 0.0, ""tofer"": NaN, ""swfac"": 0.0, ""nstres"": 0.0224002599716186}",0.0,0.0224002599716186,6739.427490234375,0.0,4.26466703414917,0.0,,0.0,0.0,0.0,180.0,60.927404785156256,60.927404785156256,Leave_One_experiments/all_year_offline_schedule_search/daily_outputs/LCA/LCA_2008_LCA2008_normal_grid_S0028_daily.csv
LCA,LCA,Luancheng,2008,Leave_One_experiments\wth_generated_qc\LCA\LCA2008.WTH,wet_year;nitrogen_stress_year;low_response_year,wet,LCA2008_normal_grid_S0028,pareto_balanced,2008-07-31,213,53,48,"{""sim_day"": 53.0, ""doy"": 213.0, ""topwt"": 7102.493896484375, ""grnwt"": 0.0, ""xlai"": 4.336924076080322, ""totir"": 0.0, ""tofer"": NaN, ""swfac"": 0.0, ""nstres"": 0.0220768451690673}",0.0,0.0220768451690673,7102.493896484375,0.0,4.336924076080322,0.0,,0.0,0.0,0.0,180.0,60.927404785156256,60.927404785156256,Leave_One_experiments/all_year_offline_schedule_search/daily_outputs/LCA/LCA_2008_LCA2008_normal_grid_S0028_daily.csv
LCA,LCA,Luancheng,2008,Leave_One_experiments\wth_generated_qc\LCA\LCA2008.WTH,wet_year;nitrogen_stress_year;low_response_year,wet,LCA2008_normal_grid_S0028,pareto_balanced,2008-08-01,214,54,49,"{""sim_day"": 54.0, ""doy"": 214.0, ""topwt"": 7482.94921875, ""grnwt"": 0.0, ""xlai"": 4.413194179534912, ""totir"": 0.0, ""tofer"": NaN, ""swfac"": 0.0, ""nstres"": 0.0199257135391235}",0.0,0.0199257135391235,7482.94921875,0.0,4.413194179534912,0.0,,0.0,0.0,0.0,180.0,60.927404785156256,60.927404785156256,Leave_One_experiments/all_year_offline_schedule_search/daily_outputs/LCA/LCA_2008_LCA2008_normal_grid_S0028_daily.csv
LCA,LCA,Luancheng,2008,Leave_One_experiments\wth_generated_qc\LCA\LCA2008.WTH,wet_year;nitrogen_stress_year;low_response_year,wet,LCA2008_normal_grid_S0028,pareto_balanced,2008-08-02,215,55,50,"{""sim_day"": 55.0, ""doy"": 215.0, ""topwt"": 7849.266357421875, ""grnwt"": 0.0, ""xlai"": 4.266696929931641, ""totir"": 0.0, ""tofer"": NaN, ""swfac"": 0.0, ""nstres"": 0.022781491279602}",0.0,0.022781491279602,7849.266357421875,0.0,4.266696929931641,0.0,,0.0,0.0,0.0,180.0,60.927404785156256,60.927404785156256,Leave_One_experiments/all_year_offline_schedule_search/daily_outputs/LCA/LCA_2008_LCA2008_normal_grid_S0028_daily.csv
LCA,LCA,Luancheng,2008,Leave_One_experiments\wth_generated_qc\LCA\LCA2008.WTH,wet_year;nitrogen_stress_year;low_response_year,wet,LCA2008_normal_grid_S0028,pareto_balanced,2008-08-03,216,56,51,"{""sim_day"": 56.0, ""doy"": 216.0, ""topwt"": 8214.376220703125, ""grnwt"": 0.0, ""xlai"": 4.244156360626221, ""totir"": 0.0, ""tofer"": NaN, ""swfac"": 0.0, ""nstres"": 0.0160094499588012}",0.0,0.0160094499588012,8214.376220703125,0.0,4.244156360626221,0.0,,0.0,0.0,0.0,180.0,60.927404785156256,60.927404785156256,Leave_One_experiments/all_year_offline_schedule_search/daily_outputs/LCA/LCA_2008_LCA2008_normal_grid_S0028_daily.csv
LCA,LCA,Luancheng,2008,Leave_One_experiments\wth_generated_qc\LCA\LCA2008.WTH,wet_year;nitrogen_stress_year;low_response_year,wet,LCA2008_normal_grid_S0028,pareto_balanced,2008-08-04,217,57,52,"{""sim_day"": 57.0, ""doy"": 217.0, ""topwt"": 8533.690185546875, ""grnwt"": 0.0, ""xlai"": 4.2228522300720215, ""totir"": 0.0, ""tofer"": NaN, ""swfac"": 0.0, ""nstres"": 0.0103524923324584}",0.0,0.0103524923324584,8533.690185546875,0.0,4.2228522300720215,0.0,,0.0,0.0,0.0,180.0,60.927404785156256,60.927404785156256,Leave_One_experiments/all_year_offline_schedule_search/daily_outputs/LCA/LCA_2008_LCA2008_normal_grid_S0028_daily.csv
LCA,LCA,Luancheng,2008,Leave_One_experiments\wth_generated_qc\LCA\LCA2008.WTH,wet_year;nitrogen_stress_year;low_response_year,wet,LCA2008_normal_grid_S0028,pareto_balanced,2008-08-05,218,58,53,"{""sim_day"": 58.0, ""doy"": 218.0, ""topwt"": 8822.149658203125, ""grnwt"": 0.0, ""xlai"": 4.200648784637451, ""totir"": 0.0, ""tofer"": NaN, ""swfac"": 0.0, ""nstres"": 0.0026413202285766}",0.0,0.0026413202285766,8822.149658203125,0.0,4.200648784637451,0.0,,0.0,0.0,0.0,180.0,60.927404785156256,60.927404785156256,Leave_One_experiments/all_year_offline_schedule_search/daily_outputs/LCA/LCA_2008_LCA2008_normal_grid_S0028_daily.csv
LCA,LCA,Luancheng,2008,Leave_One_experiments\wth_generated_qc\LCA\LCA2008.WTH,wet_year;nitrogen_stress_year;low_response_year,wet,LCA2008_normal_grid_S0028,pareto_balanced,2008-08-06,219,59,54,"{""sim_day"": 59.0, ""doy"": 219.0, ""topwt"": 9066.5185546875, ""grnwt"": 0.0, ""xlai"": 4.177939414978027, ""totir"": 0.0, ""tofer"": NaN, ""swfac"": 0.0, ""nstres"": 0.0}",0.0,0.0,9066.5185546875,0.0,4.177939414978027,0.0,,0.0,0.0,0.0,180.0,60.927404785156256,60.927404785156256,Leave_One_experiments/all_year_offline_schedule_search/daily_outputs/LCA/LCA_2008_LCA2008_normal_grid_S0028_daily.csv
LCA,LCA,Luancheng,2008,Leave_One_experiments\wth_generated_qc\LCA\LCA2008.WTH,wet_year;nitrogen_stress_year;low_response_year,wet,LCA2008_normal_grid_S0028,pareto_balanced,2008-08-07,220,60,55,"{""sim_day"": 60.0, ""doy"": 220.0, ""topwt"": 9330.90576171875, ""grnwt"": 0.0, ""xlai"": 4.154719352722168, ""totir"": 0.0, ""tofer"": NaN, ""swfac"": 0.0, ""nstres"": 0.0}",0.0,0.0,9330.90576171875,0.0,4.154719352722168,0.0,,0.0,0.0,0.0,180.0,60.927404785156256,60.927404785156256,Leave_One_experiments/all_year_offline_schedule_search/daily_outputs/LCA/LCA_2008_LCA2008_normal_grid_S0028_daily.csv
LCA,LCA,Luancheng,2008,Leave_One_experiments\wth_generated_qc\LCA\LCA2008.WTH,wet_year;nitrogen_stress_year;low_response_year,wet,LCA2008_normal_grid_S0028,pareto_balanced,2008-08-08,221,61,56,"{""sim_day"": 61.0, ""doy"": 221.0, ""topwt"": 9557.705078125, ""grnwt"": 0.0, ""xlai"": 4.131447792053223, ""totir"": 0.0, ""tofer"": NaN, ""swfac"": 0.0, ""nstres"": 0.0}",0.0,0.0,9557.705078125,0.0,4.131447792053223,0.0,,0.0,0.0,0.0,180.0,60.927404785156256,60.927404785156256,Leave_One_experiments/all_year_offline_schedule_search/daily_outputs/LCA/LCA_2008_LCA2008_normal_grid_S0028_daily.csv
LCA,LCA,Luancheng,2008,Leave_One_experiments\wth_generated_qc\LCA\LCA2008.WTH,wet_year;nitrogen_stress_year;low_response_year,wet,LCA2008_normal_grid_S0028,pareto_balanced,2008-08-09,222,62,57,"{""sim_day"": 62.0, ""doy"": 222.0, ""topwt"": 9565.872802734377, ""grnwt"": 0.0, ""xlai"": 4.111998558044434, ""totir"": 0.0, ""tofer"": NaN, ""swfac"": 0.0, ""nstres"": 0.0}",0.0,0.0,9565.872802734377,0.0,4.111998558044434,0.0,,0.0,0.0,0.0,180.0,60.927404785156256,60.927404785156256,Leave_One_experiments/all_year_offline_schedule_search/daily_outputs/LCA/LCA_2008_LCA2008_normal_grid_S0028_daily.csv
LCA,LCA,Luancheng,2008,Leave_One_experiments\wth_generated_qc\LCA\LCA2008.WTH,wet_year;nitrogen_stress_year;low_response_year,wet,LCA2008_normal_grid_S0028,pareto_balanced,2008-08-10,223,63,58,"{""sim_day"": 63.0, ""doy"": 223.0, ""topwt"": 9796.618041992188, ""grnwt"": 0.0, ""xlai"": 4.09142541885376, ""totir"": 0.0, ""tofer"": NaN, ""swfac"": 0.0, ""nstres"": 0.0}",0.0,0.0,9796.618041992188,0.0,4.09142541885376,0.0,,0.0,0.0,0.0,180.0,60.927404785156256,60.927404785156256,Leave_One_experiments/all_year_offline_schedule_search/daily_outputs/LCA/LCA_2008_LCA2008_normal_grid_S0028_daily.csv
LCA,LCA,Luancheng,2008,Leave_One_experiments\wth_generated_qc\LCA\LCA2008.WTH,wet_year;nitrogen_stress_year;low_response_year,wet,LCA2008_normal_grid_S0028,pareto_balanced,2008-08-11,224,64,59,"{""sim_day"": 64.0, ""doy"": 224.0, ""topwt"": 10030.054321289062, ""grnwt"": 309.5752143859863, ""xlai"": 4.006071090698242, ""totir"": 0.0, ""tofer"": NaN, ""swfac"": 0.0, ""nstres"": 0.0}",0.0,0.0,10030.054321289062,309.5752143859863,4.006071090698242,0.0,,0.0,0.0,0.0,180.0,60.927404785156256,60.927404785156256,Leave_One_experiments/all_year_offline_schedule_search/daily_outputs/LCA/LCA_2008_LCA2008_normal_grid_S0028_daily.csv
LCA,LCA,Luancheng,2008,Leave_One_experiments\wth_generated_qc\LCA\LCA2008.WTH,wet_year;nitrogen_stress_year;low_response_year,wet,LCA2008_normal_grid_S0028,pareto_balanced,2008-08-12,225,65,60,"{""sim_day"": 65.0, ""doy"": 225.0, ""topwt"": 10082.181396484377, ""grnwt"": 627.0882797241211, ""xlai"": 3.994848728179932, ""totir"": 0.0, ""tofer"": NaN, ""swfac"": 0.0, ""nstres"": 0.0}",0.0,0.0,10082.181396484377,627.0882797241211,3.994848728179932,0.0,,0.0,50.0,0.0,180.0,60.927404785156256,60.927404785156256,Leave_One_experiments/all_year_offline_schedule_search/daily_outputs/LCA/LCA_2008_LCA2008_normal_grid_S0028_daily.csv
LCA,LCA,Luancheng,2008,Leave_One_experiments\wth_generated_qc\LCA\LCA2008.WTH,wet_year;nitrogen_stress_year;low_response_year,wet,LCA2008_normal_grid_S0028,pareto_balanced,2008-08-13,226,66,61,"{""sim_day"": 66.0, ""doy"": 226.0, ""topwt"": 10170.35400390625, ""grnwt"": 944.6013641357422, ""xlai"": 3.981425285339356, ""totir"": 0.0, ""tofer"": NaN, ""swfac"": 0.0, ""nstres"": 0.0}",0.0,0.0,10170.35400390625,944.6013641357422,3.981425285339356,0.0,,0.0,0.0,0.0,180.0,60.927404785156256,60.927404785156256,Leave_One_experiments/all_year_offline_schedule_search/daily_outputs/LCA/LCA_2008_LCA2008_normal_grid_S0028_daily.csv
LCA,LCA,Luancheng,2008,Leave_One_experiments\wth_generated_qc\LCA\LCA2008.WTH,wet_year;nitrogen_stress_year;low_response_year,wet,LCA2008_normal_grid_S0028,pareto_balanced,2008-08-14,227,67,62,"{""sim_day"": 67.0, ""doy"": 227.0, ""topwt"": 10493.33740234375, ""grnwt"": 1262.1144104003906, ""xlai"": 3.964799165725708, ""totir"": 0.0, ""tofer"": NaN, ""swfac"": 0.0, ""nstres"": 0.0}",0.0,0.0,10493.33740234375,1262.1144104003906,3.964799165725708,0.0,,0.0,0.0,0.0,180.0,60.927404785156256,60.927404785156256,Leave_One_experiments/all_year_offline_schedule_search/daily_outputs/LCA/LCA_2008_LCA2008_normal_grid_S0028_daily.csv
LCA,LCA,Luancheng,2008,Leave_One_experiments\wth_generated_qc\LCA\LCA2008.WTH,wet_year;nitrogen_stress_year;low_response_year,wet,LCA2008_normal_grid_S0028,pareto_balanced,2008-08-15,228,68,63,"{""sim_day"": 68.0, ""doy"": 228.0, ""topwt"": 10765.506591796877, ""grnwt"": 1579.6273803710938, ""xlai"": 3.948135137557984, ""totir"": 0.0, ""tofer"": NaN, ""swfac"": 0.0, ""nstres"": 0.0}",0.0,0.0,10765.506591796877,1579.6273803710938,3.948135137557984,0.0,,0.0,0.0,0.0,180.0,60.927404785156256,60.927404785156256,Leave_One_experiments/all_year_offline_schedule_search/daily_outputs/LCA/LCA_2008_LCA2008_normal_grid_S0028_daily.csv
LCA,LCA,Luancheng,2008,Leave_One_experiments\wth_generated_qc\LCA\LCA2008.WTH,wet_year;nitrogen_stress_year;low_response_year,wet,LCA2008_normal_grid_S0028,pareto_balanced,2008-08-16,229,69,64,"{""sim_day"": 69.0, ""doy"": 229.0, ""topwt"": 11126.231689453123, ""grnwt"": 1897.1405029296875, ""xlai"": 3.926433086395264, ""totir"": 0.0, ""tofer"": NaN, ""swfac"": 0.0, ""nstres"": 0.0}",0.0,0.0,11126.231689453123,1897.1405029296875,3.926433086395264,0.0,,0.0,0.0,0.0,180.0,60.927404785156256,60.927404785156256,Leave_One_experiments/all_year_offline_schedule_search/daily_outputs/LCA/LCA_2008_LCA2008_normal_grid_S0028_daily.csv
LCA,LCA,Luancheng,2008,Leave_One_experiments\wth_generated_qc\LCA\LCA2008.WTH,wet_year;nitrogen_stress_year;low_response_year,wet,LCA2008_normal_grid_S0028,pareto_balanced,2008-08-17,230,70,65,"{""sim_day"": 70.0, ""doy"": 230.0, ""topwt"": 11448.795166015623, ""grnwt"": 2214.6534729003906, ""xlai"": 3.901933431625366, ""totir"": 0.0, ""tofer"": NaN, ""swfac"": 0.0, ""nstres"": 0.0}",0.0,0.0,11448.795166015623,2214.6534729003906,3.901933431625366,0.0,,0.0,0.0,0.0,180.0,60.927404785156256,60.927404785156256,Leave_One_experiments/all_year_offline_schedule_search/daily_outputs/LCA/LCA_2008_LCA2008_normal_grid_S0028_daily.csv
LCA,LCA,Luancheng,2008,Leave_One_experiments\wth_generated_qc\LCA\LCA2008.WTH,wet_year;nitrogen_stress_year;low_response_year,wet,LCA2008_normal_grid_S0028,pareto_balanced,2008-08-18,231,71,66,"{""sim_day"": 71.0, ""doy"": 231.0, ""topwt"": 11793.11279296875, ""grnwt"": 2532.1664428710938, ""xlai"": 3.870546817779541, ""totir"": 0.0, ""tofer"": NaN, ""swfac"": 0.0, ""nstres"": 0.0}",0.0,0.0,11793.11279296875,2532.1664428710938,3.870546817779541,0.0,,0.0,0.0,0.0,180.0,60.927404785156256,60.927404785156256,Leave_One_experiments/all_year_offline_schedule_search/daily_outputs/LCA/LCA_2008_LCA2008_normal_grid_S0028_daily.csv
LCA,LCA,Luancheng,2008,Leave_One_experiments\wth_generated_qc\LCA\LCA2008.WTH,wet_year;nitrogen_stress_year;low_response_year,wet,LCA2008_normal_grid_S0028,pareto_balanced,2008-08-19,232,72,67,"{""sim_day"": 72.0, ""doy"": 232.0, ""topwt"": 12058.077392578123, ""grnwt"": 2849.6795654296875, ""xlai"": 3.835653781890869, ""totir"": 0.0, ""tofer"": NaN, ""swfac"": 0.0, ""nstres"": 0.0}",0.0,0.0,12058.077392578123,2849.6795654296875,3.835653781890869,0.0,,0.0,0.0,0.0,180.0,60.927404785156256,60.927404785156256,Leave_One_experiments/all_year_offline_schedule_search/daily_outputs/LCA/LCA_2008_LCA2008_normal_grid_S0028_daily.csv
LCA,LCA,Luancheng,2008,Leave_One_experiments\wth_generated_qc\LCA\LCA2008.WTH,wet_year;nitrogen_stress_year;low_response_year,wet,LCA2008_normal_grid_S0028,pareto_balanced,2008-08-20,233,73,68,"{""sim_day"": 73.0, ""doy"": 233.0, ""topwt"": 12131.658935546877, ""grnwt"": 3167.192687988281, ""xlai"": 3.8050475120544434, ""totir"": 0.0, ""tofer"": NaN, ""swfac"": 0.0, ""nstres"": 0.0}",0.0,0.0,12131.658935546877,3167.192687988281,3.8050475120544434,0.0,,0.0,0.0,0.0,180.0,60.927404785156256,60.927404785156256,Leave_One_experiments/all_year_offline_schedule_search/daily_outputs/LCA/LCA_2008_LCA2008_normal_grid_S0028_daily.csv
LCA,LCA,Luancheng,2008,Leave_One_experiments\wth_generated_qc\LCA\LCA2008.WTH,wet_year;nitrogen_stress_year;low_response_year,wet,LCA2008_normal_grid_S0028,pareto_balanced,2008-08-21,234,74,69,"{""sim_day"": 74.0, ""doy"": 234.0, ""topwt"": 12528.685302734377, ""grnwt"": 3484.7055053710938, ""xlai"": 3.764366388320923, ""totir"": 0.0, ""tofer"": NaN, ""swfac"": 0.0, ""nstres"": 0.0}",0.0,0.0,12528.685302734377,3484.7055053710938,3.764366388320923,0.0,,0.0,0.0,0.0,180.0,60.927404785156256,60.927404785156256,Leave_One_experiments/all_year_offline_schedule_search/daily_outputs/LCA/LCA_2008_LCA2008_normal_grid_S0028_daily.csv
LCA,LCA,Luancheng,2008,Leave_One_experiments\wth_generated_qc\LCA\LCA2008.WTH,wet_year;nitrogen_stress_year;low_response_year,wet,LCA2008_normal_grid_S0028,pareto_balanced,2008-08-22,235,75,70,"{""sim_day"": 75.0, ""doy"": 235.0, ""topwt"": 12910.3369140625, ""grnwt"": 3802.218627929688, ""xlai"": 3.721702337265015, ""totir"": 0.0, ""tofer"": NaN, ""swfac"": 0.0, ""nstres"": 0.0}",0.0,0.0,12910.3369140625,3802.218627929688,3.721702337265015,0.0,,0.0,0.0,0.0,180.0,60.927404785156256,60.927404785156256,Leave_One_experiments/all_year_offline_schedule_search/daily_outputs/LCA/LCA_2008_LCA2008_normal_grid_S0028_daily.csv
LCA,LCA,Luancheng,2008,Leave_One_experiments\wth_generated_qc\LCA\LCA2008.WTH,wet_year;nitrogen_stress_year;low_response_year,wet,LCA2008_normal_grid_S0028,pareto_balanced,2008-08-23,236,76,71,"{""sim_day"": 76.0, ""doy"": 236.0, ""topwt"": 13216.719970703123, ""grnwt"": 4119.731750488281, ""xlai"": 3.673892498016357, ""totir"": 0.0, ""tofer"": NaN, ""swfac"": 0.0, ""nstres"": 0.0}",0.0,0.0,13216.719970703123,4119.731750488281,3.673892498016357,0.0,,0.0,0.0,0.0,180.0,60.927404785156256,60.927404785156256,Leave_One_experiments/all_year_offline_schedule_search/daily_outputs/LCA/LCA_2008_LCA2008_normal_grid_S0028_daily.csv
LCA,LCA,Luancheng,2008,Leave_One_experiments\wth_generated_qc\LCA\LCA2008.WTH,wet_year;nitrogen_stress_year;low_response_year,wet,LCA2008_normal_grid_S0028,pareto_balanced,2008-08-24,237,77,72,"{""sim_day"": 77.0, ""doy"": 237.0, ""topwt"": 13579.50927734375, ""grnwt"": 4437.244567871094, ""xlai"": 3.627131462097168, ""totir"": 0.0, ""tofer"": NaN, ""swfac"": 0.0, ""nstres"": 0.0}",0.0,0.0,13579.50927734375,4437.244567871094,3.627131462097168,0.0,,0.0,0.0,0.0,180.0,60.927404785156256,60.927404785156256,Leave_One_experiments/all_year_offline_schedule_search/daily_outputs/LCA/LCA_2008_LCA2008_normal_grid_S0028_daily.csv
LCA,LCA,Luancheng,2008,Leave_One_experiments\wth_generated_qc\LCA\LCA2008.WTH,wet_year;nitrogen_stress_year;low_response_year,wet,LCA2008_normal_grid_S0028,pareto_balanced,2008-08-25,238,78,73,"{""sim_day"": 78.0, ""doy"": 238.0, ""topwt"": 13884.22607421875, ""grnwt"": 4754.757690429688, ""xlai"": 3.573128461837769, ""totir"": 0.0, ""tofer"": NaN, ""swfac"": 0.0, ""nstres"": 0.0}",0.0,0.0,13884.22607421875,4754.757690429688,3.573128461837769,0.0,,0.0,0.0,0.0,180.0,60.927404785156256,60.927404785156256,Leave_One_experiments/all_year_offline_schedule_search/daily_outputs/LCA/LCA_2008_LCA2008_normal_grid_S0028_daily.csv
LCA,LCA,Luancheng,2008,Leave_One_experiments\wth_generated_qc\LCA\LCA2008.WTH,wet_year;nitrogen_stress_year;low_response_year,wet,LCA2008_normal_grid_S0028,pareto_balanced,2008-08-26,239,79,74,"{""sim_day"": 79.0, ""doy"": 239.0, ""topwt"": 14199.698486328123, ""grnwt"": 5072.270812988281, ""xlai"": 3.51563048362732, ""totir"": 0.0, ""tofer"": NaN, ""swfac"": 0.0, ""nstres"": 0.0}",0.0,0.0,14199.698486328123,5072.270812988281,3.51563048362732,0.0,,0.0,0.0,0.0,180.0,60.927404785156256,60.927404785156256,Leave_One_experiments/all_year_offline_schedule_search/daily_outputs/LCA/LCA_2008_LCA2008_normal_grid_S0028_daily.csv
LCA,LCA,Luancheng,2008,Leave_One_experiments\wth_generated_qc\LCA\LCA2008.WTH,wet_year;nitrogen_stress_year;low_response_year,wet,LCA2008_normal_grid_S0028,pareto_balanced,2008-08-27,240,80,75,"{""sim_day"": 80.0, ""doy"": 240.0, ""topwt"": 14473.018798828123, ""grnwt"": 5389.783935546875, ""xlai"": 3.448972225189209, ""totir"": 0.0, ""tofer"": NaN, ""swfac"": 0.0, ""nstres"": 0.0}",0.0,0.0,14473.018798828123,5389.783935546875,3.448972225189209,0.0,,0.0,0.0,0.0,180.0,60.927404785156256,60.927404785156256,Leave_One_experiments/all_year_offline_schedule_search/daily_outputs/LCA/LCA_2008_LCA2008_normal_grid_S0028_daily.csv
LCA,LCA,Luancheng,2008,Leave_One_experiments\wth_generated_qc\LCA\LCA2008.WTH,wet_year;nitrogen_stress_year;low_response_year,wet,LCA2008_normal_grid_S0028,pareto_balanced,2008-08-28,241,81,76,"{""sim_day"": 81.0, ""doy"": 241.0, ""topwt"": 14737.352294921877, ""grnwt"": 5707.296752929688, ""xlai"": 3.378725290298462, ""totir"": 0.0, ""tofer"": NaN, ""swfac"": 0.0, ""nstres"": 0.0}",0.0,0.0,14737.352294921877,5707.296752929688,3.378725290298462,0.0,,0.0,0.0,0.0,180.0,60.927404785156256,60.927404785156256,Leave_One_experiments/all_year_offline_schedule_search/daily_outputs/LCA/LCA_2008_LCA2008_normal_grid_S0028_daily.csv
LCA,LCA,Luancheng,2008,Leave_One_experiments\wth_generated_qc\LCA\LCA2008.WTH,wet_year;nitrogen_stress_year;low_response_year,wet,LCA2008_normal_grid_S0028,pareto_balanced,2008-08-29,242,82,77,"{""sim_day"": 82.0, ""doy"": 242.0, ""topwt"": 14858.85986328125, ""grnwt"": 6024.8095703125, ""xlai"": 3.3156445026397705, ""totir"": 0.0, ""tofer"": NaN, ""swfac"": 0.0, ""nstres"": 0.0}",0.0,0.0,14858.85986328125,6024.8095703125,3.3156445026397705,0.0,,0.0,0.0,0.0,180.0,60.927404785156256,60.927404785156256,Leave_One_experiments/all_year_offline_schedule_search/daily_outputs/LCA/LCA_2008_LCA2008_normal_grid_S0028_daily.csv
LCA,LCA,Luancheng,2008,Leave_One_experiments\wth_generated_qc\LCA\LCA2008.WTH,wet_year;nitrogen_stress_year;low_response_year,wet,LCA2008_normal_grid_S0028,pareto_balanced,2008-08-30,243,83,78,"{""sim_day"": 83.0, ""doy"": 243.0, ""topwt"": 15247.65380859375, ""grnwt"": 6342.322998046875, ""xlai"": 3.2526726722717285, ""totir"": 0.0, ""tofer"": NaN, ""swfac"": 0.0, ""nstres"": 0.0}",0.0,0.0,15247.65380859375,6342.322998046875,3.2526726722717285,0.0,,0.0,0.0,0.0,180.0,60.927404785156256,60.927404785156256,Leave_One_experiments/all_year_offline_schedule_search/daily_outputs/LCA/LCA_2008_LCA2008_normal_grid_S0028_daily.csv
LCA,LCA,Luancheng,2008,Leave_One_experiments\wth_generated_qc\LCA\LCA2008.WTH,wet_year;nitrogen_stress_year;low_response_year,wet,LCA2008_normal_grid_S0028,pareto_balanced,2008-08-31,244,84,79,"{""sim_day"": 84.0, ""doy"": 244.0, ""topwt"": 15627.664794921877, ""grnwt"": 6659.835815429688, ""xlai"": 3.189570903778076, ""totir"": 0.0, ""tofer"": NaN, ""swfac"": 0.0, ""nstres"": 0.0}",0.0,0.0,15627.664794921877,6659.835815429688,3.189570903778076,0.0,,0.0,0.0,0.0,180.0,60.927404785156256,60.927404785156256,Leave_One_experiments/all_year_offline_schedule_search/daily_outputs/LCA/LCA_2008_LCA2008_normal_grid_S0028_daily.csv
LCA,LCA,Luancheng,2008,Leave_One_experiments\wth_generated_qc\LCA\LCA2008.WTH,wet_year;nitrogen_stress_year;low_response_year,wet,LCA2008_normal_grid_S0028,pareto_balanced,2008-09-01,245,85,80,"{""sim_day"": 85.0, ""doy"": 245.0, ""topwt"": 15971.278076171877, ""grnwt"": 6977.3486328125, ""xlai"": 3.1237599849700928, ""totir"": 0.0, ""tofer"": NaN, ""swfac"": 0.0, ""nstres"": 0.0}",0.0,0.0,15971.278076171877,6977.3486328125,3.1237599849700928,0.0,,0.0,0.0,0.0,180.0,60.927404785156256,60.927404785156256,Leave_One_experiments/all_year_offline_schedule_search/daily_outputs/LCA/LCA_2008_LCA2008_normal_grid_S0028_daily.csv
LCA,LCA,Luancheng,2008,Leave_One_experiments\wth_generated_qc\LCA\LCA2008.WTH,wet_year;nitrogen_stress_year;low_response_year,wet,LCA2008_normal_grid_S0028,pareto_balanced,2008-09-02,246,86,81,"{""sim_day"": 86.0, ""doy"": 246.0, ""topwt"": 16293.0029296875, ""grnwt"": 7294.862060546875, ""xlai"": 3.044027805328369, ""totir"": 0.0, ""tofer"": NaN, ""swfac"": 0.0, ""nstres"": 0.0}",0.0,0.0,16293.0029296875,7294.862060546875,3.044027805328369,0.0,,0.0,0.0,0.0,180.0,60.927404785156256,60.927404785156256,Leave_One_experiments/all_year_offline_schedule_search/daily_outputs/LCA/LCA_2008_LCA2008_normal_grid_S0028_daily.csv
LCA,LCA,Luancheng,2008,Leave_One_experiments\wth_generated_qc\LCA\LCA2008.WTH,wet_year;nitrogen_stress_year;low_response_year,wet,LCA2008_normal_grid_S0028,pareto_balanced,2008-09-03,247,87,82,"{""sim_day"": 87.0, ""doy"": 247.0, ""topwt"": 16617.31201171875, ""grnwt"": 7612.374877929687, ""xlai"": 2.9680335521698, ""totir"": 0.0, ""tofer"": NaN, ""swfac"": 0.0, ""nstres"": 0.0}",0.0,0.0,16617.31201171875,7612.374877929687,2.9680335521698,0.0,,0.0,0.0,0.0,180.0,60.927404785156256,60.927404785156256,Leave_One_experiments/all_year_offline_schedule_search/daily_outputs/LCA/LCA_2008_LCA2008_normal_grid_S0028_daily.csv
LCA,LCA,Luancheng,2008,Leave_One_experiments\wth_generated_qc\LCA\LCA2008.WTH,wet_year;nitrogen_stress_year;low_response_year,wet,LCA2008_normal_grid_S0028,pareto_balanced,2008-09-04,248,88,83,"{""sim_day"": 88.0, ""doy"": 248.0, ""topwt"": 16972.1533203125, ""grnwt"": 7929.8876953125, ""xlai"": 2.8908348083496094, ""totir"": 0.0, ""tofer"": NaN, ""swfac"": 0.0, ""nstres"": 0.0}",0.0,0.0,16972.1533203125,7929.8876953125,2.8908348083496094,0.0,,0.0,0.0,0.0,180.0,60.927404785156256,60.927404785156256,Leave_One_experiments/all_year_offline_schedule_search/daily_outputs/LCA/LCA_2008_LCA2008_normal_grid_S0028_daily.csv
LCA,LCA,Luancheng,2008,Leave_One_experiments\wth_generated_qc\LCA\LCA2008.WTH,wet_year;nitrogen_stress_year;low_response_year,wet,LCA2008_normal_grid_S0028,pareto_balanced,2008-09-05,249,89,84,"{""sim_day"": 89.0, ""doy"": 249.0, ""topwt"": 17196.32568359375, ""grnwt"": 8247.401123046875, ""xlai"": 2.807382822036743, ""totir"": 0.0, ""tofer"": NaN, ""swfac"": 0.0, ""nstres"": 0.0}",0.0,0.0,17196.32568359375,8247.401123046875,2.807382822036743,0.0,,0.0,0.0,0.0,180.0,60.927404785156256,60.927404785156256,Leave_One_experiments/all_year_offline_schedule_search/daily_outputs/LCA/LCA_2008_LCA2008_normal_grid_S0028_daily.csv
LCA,LCA,Luancheng,2008,Leave_One_experiments\wth_generated_qc\LCA\LCA2008.WTH,wet_year;nitrogen_stress_year;low_response_year,wet,LCA2008_normal_grid_S0028,pareto_balanced,2008-09-06,250,90,85,"{""sim_day"": 90.0, ""doy"": 250.0, ""topwt"": 17331.27197265625, ""grnwt"": 8564.913940429688, ""xlai"": 2.720010042190552, ""totir"": 0.0, ""tofer"": NaN, ""swfac"": 0.0, ""nstres"": 0.0271002054214477}",0.0,0.0271002054214477,17331.27197265625,8564.913940429688,2.720010042190552,0.0,,0.0,0.0,0.0,180.0,60.927404785156256,60.927404785156256,Leave_One_experiments/all_year_offline_schedule_search/daily_outputs/LCA/LCA_2008_LCA2008_normal_grid_S0028_daily.csv
LCA,LCA,Luancheng,2008,Leave_One_experiments\wth_generated_qc\LCA\LCA2008.WTH,wet_year;nitrogen_stress_year;low_response_year,wet,LCA2008_normal_grid_S0028,pareto_balanced,2008-09-07,251,91,86,"{""sim_day"": 91.0, ""doy"": 251.0, ""topwt"": 17397.073974609375, ""grnwt"": 8722.979736328125, ""xlai"": 2.638055324554444, ""totir"": 0.0, ""tofer"": NaN, ""swfac"": 0.0, ""nstres"": 0.0543882846832275}",0.0,0.0543882846832275,17397.073974609375,8722.979736328125,2.638055324554444,0.0,,0.0,0.0,0.0,180.0,60.927404785156256,60.927404785156256,Leave_One_experiments/all_year_offline_schedule_search/daily_outputs/LCA/LCA_2008_LCA2008_normal_grid_S0028_daily.csv
LCA,LCA,Luancheng,2008,Leave_One_experiments\wth_generated_qc\LCA\LCA2008.WTH,wet_year;nitrogen_stress_year;low_response_year,wet,LCA2008_normal_grid_S0028,pareto_balanced,2008-09-08,252,92,87,"{""sim_day"": 92.0, ""doy"": 252.0, ""topwt"": 17469.091796875, ""grnwt"": 8794.996337890625, ""xlai"": 2.554300308227539, ""totir"": 0.0, ""tofer"": NaN, ""swfac"": 0.0, ""nstres"": 0.0464392900466918}",0.0,0.0464392900466918,17469.091796875,8794.996337890625,2.554300308227539,0.0,,0.0,0.0,0.0,180.0,60.927404785156256,60.927404785156256,Leave_One_experiments/all_year_offline_schedule_search/daily_outputs/LCA/LCA_2008_LCA2008_normal_grid_S0028_daily.csv
LCA,LCA,Luancheng,2008,Leave_One_experiments\wth_generated_qc\LCA\LCA2008.WTH,wet_year;nitrogen_stress_year;low_response_year,wet,LCA2008_normal_grid_S0028,pareto_balanced,2008-09-09,253,93,88,"{""sim_day"": 93.0, ""doy"": 253.0, ""topwt"": 17797.049560546875, ""grnwt"": 9112.509155273438, ""xlai"": 2.4578981399536133, ""totir"": 0.0, ""tofer"": NaN, ""swfac"": 0.0, ""nstres"": 0.0339142084121704}",0.0,0.0339142084121704,17797.049560546875,9112.509155273438,2.4578981399536133,0.0,,0.0,0.0,0.0,180.0,60.927404785156256,60.927404785156256,Leave_One_experiments/all_year_offline_schedule_search/daily_outputs/LCA/LCA_2008_LCA2008_normal_grid_S0028_daily.csv
LCA,LCA,Luancheng,2008,Leave_One_experiments\wth_generated_qc\LCA\LCA2008.WTH,wet_year;nitrogen_stress_year;low_response_year,wet,LCA2008_normal_grid_S0028,pareto_balanced,2008-09-10,254,94,89,"{""sim_day"": 94.0, ""doy"": 254.0, ""topwt"": 18125.15625, ""grnwt"": 9430.022583007812, ""xlai"": 2.3476109504699707, ""totir"": 0.0, ""tofer"": NaN, ""swfac"": 0.0, ""nstres"": 0.0755634307861328}",0.0,0.0755634307861328,18125.15625,9430.022583007812,2.3476109504699707,0.0,,0.0,0.0,0.0,180.0,60.927404785156256,60.927404785156256,Leave_One_experiments/all_year_offline_schedule_search/daily_outputs/LCA/LCA_2008_LCA2008_normal_grid_S0028_daily.csv
LCA,LCA,Luancheng,2008,Leave_One_experiments\wth_generated_qc\LCA\LCA2008.WTH,wet_year;nitrogen_stress_year;low_response_year,wet,LCA2008_normal_grid_S0028,pareto_balanced,2008-09-11,255,95,90,"{""sim_day"": 95.0, ""doy"": 255.0, ""topwt"": 18452.28271484375, ""grnwt"": 9747.535400390623, ""xlai"": 2.2413170337677, ""totir"": 0.0, ""tofer"": NaN, ""swfac"": 0.0, ""nstres"": 0.1175986528396606}",0.0,0.1175986528396606,18452.28271484375,9747.535400390623,2.2413170337677,0.0,,0.0,0.0,0.0,180.0,60.927404785156256,60.927404785156256,Leave_One_experiments/all_year_offline_schedule_search/daily_outputs/LCA/LCA_2008_LCA2008_normal_grid_S0028_daily.csv
LCA,LCA,Luancheng,2008,Leave_One_experiments\wth_generated_qc\LCA\LCA2008.WTH,wet_year;nitrogen_stress_year;low_response_year,wet,LCA2008_normal_grid_S0028,pareto_balanced,2008-09-12,256,96,91,"{""sim_day"": 96.0, ""doy"": 256.0, ""topwt"": 18656.98974609375, ""grnwt"": 9982.8955078125, ""xlai"": 2.132014036178589, ""totir"": 0.0, ""tofer"": NaN, ""swfac"": 0.0, ""nstres"": 0.1562740206718444}",0.0,0.1562740206718444,18656.98974609375,9982.8955078125,2.132014036178589,0.0,,0.0,0.0,0.0,180.0,60.927404785156256,60.927404785156256,Leave_One_experiments/all_year_offline_schedule_search/daily_outputs/LCA/LCA_2008_LCA2008_normal_grid_S0028_daily.csv
LCA,LCA,Luancheng,2008,Leave_One_experiments\wth_generated_qc\LCA\LCA2008.WTH,wet_year;nitrogen_stress_year;low_response_year,wet,LCA2008_normal_grid_S0028,pareto_balanced,2008-09-13,257,97,92,"{""sim_day"": 97.0, ""doy"": 257.0, ""topwt"": 18849.9853515625, ""grnwt"": 10175.890502929688, ""xlai"": 2.01469349861145, ""totir"": 0.0, ""tofer"": NaN, ""swfac"": 0.0, ""nstres"": 0.1789473295211792}",0.0,0.1789473295211792,18849.9853515625,10175.890502929688,2.01469349861145,0.0,,0.0,0.0,0.0,180.0,60.927404785156256,60.927404785156256,Leave_One_experiments/all_year_offline_schedule_search/daily_outputs/LCA/LCA_2008_LCA2008_normal_grid_S0028_daily.csv
LCA,LCA,Luancheng,2008,Leave_One_experiments\wth_generated_qc\LCA\LCA2008.WTH,wet_year;nitrogen_stress_year;low_response_year,wet,LCA2008_normal_grid_S0028,pareto_balanced,2008-09-14,258,98,93,"{""sim_day"": 98.0, ""doy"": 258.0, ""topwt"": 19072.40234375, ""grnwt"": 10398.30810546875, ""xlai"": 1.889794111251831, ""totir"": 0.0, ""tofer"": NaN, ""swfac"": 0.0, ""nstres"": 0.1895831227302551}",0.0,0.1895831227302551,19072.40234375,10398.30810546875,1.889794111251831,0.0,,0.0,0.0,0.0,180.0,60.927404785156256,60.927404785156256,Leave_One_experiments/all_year_offline_schedule_search/daily_outputs/LCA/LCA_2008_LCA2008_normal_grid_S0028_daily.csv
LCA,LCA,Luancheng,2008,Leave_One_experiments\wth_generated_qc\LCA\LCA2008.WTH,wet_year;nitrogen_stress_year;low_response_year,wet,LCA2008_normal_grid_S0028,pareto_balanced,2008-09-15,259,99,94,"{""sim_day"": 99.0, ""doy"": 259.0, ""topwt"": 19266.834716796875, ""grnwt"": 10592.740478515623, ""xlai"": 1.7683665752410889, ""totir"": 0.0, ""tofer"": NaN, ""swfac"": 0.0, ""nstres"": 0.2195560336112976}",0.0,0.2195560336112976,19266.834716796875,10592.740478515623,1.7683665752410889,0.0,,0.0,0.0,0.0,180.0,60.927404785156256,60.927404785156256,Leave_One_experiments/all_year_offline_schedule_search/daily_outputs/LCA/LCA_2008_LCA2008_normal_grid_S0028_daily.csv
LCA,LCA,Luancheng,2008,Leave_One_experiments\wth_generated_qc\LCA\LCA2008.WTH,wet_year;nitrogen_stress_year;low_response_year,wet,LCA2008_normal_grid_S0028,pareto_balanced,2008-09-16,260,100,95,"{""sim_day"": 100.0, ""doy"": 260.0, ""topwt"": 19266.834716796875, ""grnwt"": 10592.740478515623, ""xlai"": 1.7683665752410889, ""totir"": 0.0, ""tofer"": NaN, ""swfac"": 0.0, ""nstres"": 0.2584468722343445}",0.0,0.2584468722343445,19266.834716796875,10592.740478515623,1.7683665752410889,0.0,,0.0,0.0,0.0,180.0,60.927404785156256,60.927404785156256,Leave_One_experiments/all_year_offline_schedule_search/daily_outputs/LCA/LCA_2008_LCA2008_normal_grid_S0028_daily.csv
LCA,LCA,Luancheng,2008,Leave_One_experiments\wth_generated_qc\LCA\LCA2008.WTH,wet_year;nitrogen_stress_year;low_response_year,wet,LCA2008_normal_grid_S0028,pareto_balanced,2008-09-17,261,101,96,"{""sim_day"": 101.0, ""doy"": 261.0, ""topwt"": 19266.834716796875, ""grnwt"": 10592.740478515623, ""xlai"": 1.7683665752410889, ""totir"": 0.0, ""tofer"": NaN, ""swfac"": 0.0, ""nstres"": 0.2584468722343445}",0.0,0.2584468722343445,19266.834716796875,10592.740478515623,1.7683665752410889,0.0,,0.0,0.0,0.0,180.0,60.927404785156256,60.927404785156256,Leave_One_experiments/all_year_offline_schedule_search/daily_outputs/LCA/LCA_2008_LCA2008_normal_grid_S0028_daily.csv
LCA,LCA,Luancheng,2008,Leave_One_experiments\wth_generated_qc\LCA\LCA2008.WTH,wet_year;nitrogen_stress_year;low_response_year,wet,LCA2008_normal_grid_S0028,pareto_balanced,2008-09-18,262,102,97,"{""sim_day"": 102.0, ""doy"": 262.0, ""topwt"": 19266.834716796875, ""grnwt"": 10592.740478515623, ""xlai"": 1.7683665752410889, ""totir"": 0.0, ""tofer"": NaN, ""swfac"": 0.0, ""nstres"": 0.2584468722343445}",0.0,0.2584468722343445,19266.834716796875,10592.740478515623,1.7683665752410889,0.0,,0.0,0.0,0.0,180.0,60.927404785156256,60.927404785156256,Leave_One_experiments/all_year_offline_schedule_search/daily_outputs/LCA/LCA_2008_LCA2008_normal_grid_S0028_daily.csv
LCA,LCA,Luancheng,2008,Leave_One_experiments\wth_generated_qc\LCA\LCA2008.WTH,wet_year;nitrogen_stress_year;low_response_year,wet,LCA2008_normal_grid_S0028,pareto_balanced,2008-09-19,263,103,98,"{""sim_day"": 103.0, ""doy"": 263.0, ""topwt"": 19266.834716796875, ""grnwt"": 10592.740478515623, ""xlai"": 1.7683665752410889, ""totir"": 0.0, ""tofer"": NaN, ""swfac"": 0.0, ""nstres"": 0.2584468722343445}",0.0,0.2584468722343445,19266.834716796875,10592.740478515623,1.7683665752410889,0.0,,0.0,0.0,0.0,180.0,60.927404785156256,60.927404785156256,Leave_One_experiments/all_year_offline_schedule_search/daily_outputs/LCA/LCA_2008_LCA2008_normal_grid_S0028_daily.csv
LCA,LCA,Luancheng,2017,Leave_One_experiments\wth_generated_qc\LCA\LCA2017.WTH,dry_year;water_stress_year;nitrogen_stress_year,water_stress,LCA2017_stress_grid_S0003,irrigation_positive_candidate,2017-06-15,166,1,1,"{""sim_day"": 1.0, ""doy"": 166.0, ""topwt"": 0.0, ""grnwt"": 0.0, ""xlai"": 0.0, ""totir"": 0.0, ""tofer"": NaN, ""swfac"": 0.0, ""nstres"": 0.0}",0.0,0.0,0.0,0.0,0.0,0.0,,0.0,0.0,20.0,0.0,19.30517883300781,27.30517883300781,Leave_One_experiments/all_year_offline_schedule_search/daily_outputs/LCA/LCA_2017_LCA2017_stress_grid_S0003_daily.csv
LCA,LCA,Luancheng,2017,Leave_One_experiments\wth_generated_qc\LCA\LCA2017.WTH,dry_year;water_stress_year;nitrogen_stress_year,water_stress,LCA2017_stress_grid_S0003,irrigation_positive_candidate,2017-06-16,167,2,2,"{""sim_day"": 2.0, ""doy"": 167.0, ""topwt"": 0.0, ""grnwt"": 0.0, ""xlai"": 0.0, ""totir"": 0.0, ""tofer"": NaN, ""swfac"": 0.0, ""nstres"": 0.0}",0.0,0.0,0.0,0.0,0.0,0.0,,0.0,0.0,20.0,0.0,19.30517883300781,27.30517883300781,Leave_One_experiments/all_year_offline_schedule_search/daily_outputs/LCA/LCA_2017_LCA2017_stress_grid_S0003_daily.csv
LCA,LCA,Luancheng,2017,Leave_One_experiments\wth_generated_qc\LCA\LCA2017.WTH,dry_year;water_stress_year;nitrogen_stress_year,water_stress,LCA2017_stress_grid_S0003,irrigation_positive_candidate,2017-06-17,168,3,3,"{""sim_day"": 3.0, ""doy"": 168.0, ""topwt"": 0.0, ""grnwt"": 0.0, ""xlai"": 0.0, ""totir"": 0.0, ""tofer"": NaN, ""swfac"": 0.0, ""nstres"": 0.0}",0.0,0.0,0.0,0.0,0.0,0.0,,0.0,0.0,20.0,0.0,19.30517883300781,27.30517883300781,Leave_One_experiments/all_year_offline_schedule_search/daily_outputs/LCA/LCA_2017_LCA2017_stress_grid_S0003_daily.csv
LCA,LCA,Luancheng,2017,Leave_One_experiments\wth_generated_qc\LCA\LCA2017.WTH,dry_year;water_stress_year;nitrogen_stress_year,water_stress,LCA2017_stress_grid_S0003,irrigation_positive_candidate,2017-06-18,169,4,4,"{""sim_day"": 4.0, ""doy"": 169.0, ""topwt"": 0.0, ""grnwt"": 0.0, ""xlai"": 0.0, ""totir"": 0.0, ""tofer"": NaN, ""swfac"": 0.0, ""nstres"": 0.0}",0.0,0.0,0.0,0.0,0.0,0.0,,0.0,0.0,20.0,0.0,19.30517883300781,27.30517883300781,Leave_One_experiments/all_year_offline_schedule_search/daily_outputs/LCA/LCA_2017_LCA2017_stress_grid_S0003_daily.csv
LCA,LCA,Luancheng,2017,Leave_One_experiments\wth_generated_qc\LCA\LCA2017.WTH,dry_year;water_stress_year;nitrogen_stress_year,water_stress,LCA2017_stress_grid_S0003,irrigation_positive_candidate,2017-06-19,170,5,5,"{""sim_day"": 5.0, ""doy"": 170.0, ""topwt"": 0.0, ""grnwt"": 0.0, ""xlai"": 0.0, ""totir"": 0.0, ""tofer"": NaN, ""swfac"": 0.0, ""nstres"": 0.0}",0.0,0.0,0.0,0.0,0.0,0.0,,0.0,0.0,20.0,0.0,19.30517883300781,27.30517883300781,Leave_One_experiments/all_year_offline_schedule_search/daily_outputs/LCA/LCA_2017_LCA2017_stress_grid_S0003_daily.csv
LCA,LCA,Luancheng,2017,Leave_One_experiments\wth_generated_qc\LCA\LCA2017.WTH,dry_year;water_stress_year;nitrogen_stress_year,water_stress,LCA2017_stress_grid_S0003,irrigation_positive_candidate,2017-06-15,166,6,1,"{""sim_day"": 6.0, ""doy"": 166.0, ""topwt"": 0.0, ""grnwt"": 0.0, ""xlai"": 0.0, ""totir"": 0.0, ""tofer"": NaN, ""swfac"": 0.0, ""nstres"": 0.0}",0.0,0.0,0.0,0.0,0.0,0.0,,0.0,0.0,20.0,0.0,19.30517883300781,27.30517883300781,Leave_One_experiments/all_year_offline_schedule_search/daily_outputs/LCA/LCA_2017_LCA2017_stress_grid_S0003_daily.csv
LCA,LCA,Luancheng,2017,Leave_One_experiments\wth_generated_qc\LCA\LCA2017.WTH,dry_year;water_stress_year;nitrogen_stress_year,water_stress,LCA2017_stress_grid_S0003,irrigation_positive_candidate,2017-06-16,167,7,2,"{""sim_day"": 7.0, ""doy"": 167.0, ""topwt"": 0.0, ""grnwt"": 0.0, ""xlai"": 0.0, ""totir"": 0.0, ""tofer"": NaN, ""swfac"": 0.0, ""nstres"": 0.0}",0.0,0.0,0.0,0.0,0.0,0.0,,0.0,0.0,20.0,0.0,19.30517883300781,27.30517883300781,Leave_One_experiments/all_year_offline_schedule_search/daily_outputs/LCA/LCA_2017_LCA2017_stress_grid_S0003_daily.csv
LCA,LCA,Luancheng,2017,Leave_One_experiments\wth_generated_qc\LCA\LCA2017.WTH,dry_year;water_stress_year;nitrogen_stress_year,water_stress,LCA2017_stress_grid_S0003,irrigation_positive_candidate,2017-06-17,168,8,3,"{""sim_day"": 8.0, ""doy"": 168.0, ""topwt"": 0.0, ""grnwt"": 0.0, ""xlai"": 0.0, ""totir"": 0.0, ""tofer"": NaN, ""swfac"": 0.0, ""nstres"": 0.0}",0.0,0.0,0.0,0.0,0.0,0.0,,0.0,0.0,20.0,0.0,19.30517883300781,27.30517883300781,Leave_One_experiments/all_year_offline_schedule_search/daily_outputs/LCA/LCA_2017_LCA2017_stress_grid_S0003_daily.csv
LCA,LCA,Luancheng,2017,Leave_One_experiments\wth_generated_qc\LCA\LCA2017.WTH,dry_year;water_stress_year;nitrogen_stress_year,water_stress,LCA2017_stress_grid_S0003,irrigation_positive_candidate,2017-06-18,169,9,4,"{""sim_day"": 9.0, ""doy"": 169.0, ""topwt"": 0.0, ""grnwt"": 0.0, ""xlai"": 0.0, ""totir"": 0.0, ""tofer"": NaN, ""swfac"": 0.0, ""nstres"": 0.0}",0.0,0.0,0.0,0.0,0.0,0.0,,0.0,0.0,20.0,0.0,19.30517883300781,27.30517883300781,Leave_One_experiments/all_year_offline_schedule_search/daily_outputs/LCA/LCA_2017_LCA2017_stress_grid_S0003_daily.csv
LCA,LCA,Luancheng,2017,Leave_One_experiments\wth_generated_qc\LCA\LCA2017.WTH,dry_year;water_stress_year;nitrogen_stress_year,water_stress,LCA2017_stress_grid_S0003,irrigation_positive_candidate,2017-06-19,170,10,5,"{""sim_day"": 10.0, ""doy"": 170.0, ""topwt"": 23.600001335144043, ""grnwt"": 0.0, ""xlai"": 0.0054951584897935, ""totir"": 0.0, ""tofer"": NaN, ""swfac"": 0.0, ""nstres"": 0.0121910572052001}",0.0,0.0121910572052001,23.600001335144043,0.0,0.0054951584897935,0.0,,0.0,0.0,20.0,0.0,19.30517883300781,27.30517883300781,Leave_One_experiments/all_year_offline_schedule_search/daily_outputs/LCA/LCA_2017_LCA2017_stress_grid_S0003_daily.csv
LCA,LCA,Luancheng,2017,Leave_One_experiments\wth_generated_qc\LCA\LCA2017.WTH,dry_year;water_stress_year;nitrogen_stress_year,water_stress,LCA2017_stress_grid_S0003,irrigation_positive_candidate,2017-06-20,171,11,6,"{""sim_day"": 11.0, ""doy"": 171.0, ""topwt"": 23.600001335144043, ""grnwt"": 0.0, ""xlai"": 0.0112193431705236, ""totir"": 0.0, ""tofer"": NaN, ""swfac"": 0.0, ""nstres"": 0.0060214400291442}",0.0,0.0060214400291442,23.600001335144043,0.0,0.0112193431705236,0.0,,0.0,0.0,20.0,0.0,19.30517883300781,27.30517883300781,Leave_One_experiments/all_year_offline_schedule_search/daily_outputs/LCA/LCA_2017_LCA2017_stress_grid_S0003_daily.csv
LCA,LCA,Luancheng,2017,Leave_One_experiments\wth_generated_qc\LCA\LCA2017.WTH,dry_year;water_stress_year;nitrogen_stress_year,water_stress,LCA2017_stress_grid_S0003,irrigation_positive_candidate,2017-06-21,172,12,7,"{""sim_day"": 12.0, ""doy"": 172.0, ""topwt"": 23.600001335144043, ""grnwt"": 0.0, ""xlai"": 0.0147742293775081, ""totir"": 0.0, ""tofer"": NaN, ""swfac"": 0.0, ""nstres"": 0.0002439618110656}",0.0,0.0002439618110656,23.600001335144043,0.0,0.0147742293775081,0.0,,0.0,0.0,20.0,0.0,19.30517883300781,27.30517883300781,Leave_One_experiments/all_year_offline_schedule_search/daily_outputs/LCA/LCA_2017_LCA2017_stress_grid_S0003_daily.csv
LCA,LCA,Luancheng,2017,Leave_One_experiments\wth_generated_qc\LCA\LCA2017.WTH,dry_year;water_stress_year;nitrogen_stress_year,water_stress,LCA2017_stress_grid_S0003,irrigation_positive_candidate,2017-06-22,173,13,8,"{""sim_day"": 13.0, ""doy"": 173.0, ""topwt"": 23.600001335144043, ""grnwt"": 0.0, ""xlai"": 0.031895887106657, ""totir"": 0.0, ""tofer"": NaN, ""swfac"": 0.0, ""nstres"": 0.0}",0.0,0.0,23.600001335144043,0.0,0.031895887106657,0.0,,0.0,0.0,20.0,0.0,19.30517883300781,27.30517883300781,Leave_One_experiments/all_year_offline_schedule_search/daily_outputs/LCA/LCA_2017_LCA2017_stress_grid_S0003_daily.csv
LCA,LCA,Luancheng,2017,Leave_One_experiments\wth_generated_qc\LCA\LCA2017.WTH,dry_year;water_stress_year;nitrogen_stress_year,water_stress,LCA2017_stress_grid_S0003,irrigation_positive_candidate,2017-06-23,174,14,9,"{""sim_day"": 14.0, ""doy"": 174.0, ""topwt"": 29.42981481552124, ""grnwt"": 0.0, ""xlai"": 0.0558663122355937, ""totir"": 0.0, ""tofer"": NaN, ""swfac"": 0.0, ""nstres"": 0.0}",0.0,0.0,29.42981481552124,0.0,0.0558663122355937,0.0,,0.0,0.0,20.0,0.0,19.30517883300781,27.30517883300781,Leave_One_experiments/all_year_offline_schedule_search/daily_outputs/LCA/LCA_2017_LCA2017_stress_grid_S0003_daily.csv
LCA,LCA,Luancheng,2017,Leave_One_experiments\wth_generated_qc\LCA\LCA2017.WTH,dry_year;water_stress_year;nitrogen_stress_year,water_stress,LCA2017_stress_grid_S0003,irrigation_positive_candidate,2017-06-24,175,15,10,"{""sim_day"": 15.0, ""doy"": 175.0, ""topwt"": 42.635345458984375, ""grnwt"": 0.0, ""xlai"": 0.0872358232736587, ""totir"": 0.0, ""tofer"": NaN, ""swfac"": 0.0, ""nstres"": 0.0}",0.0,0.0,42.635345458984375,0.0,0.0872358232736587,0.0,,0.0,0.0,20.0,0.0,19.30517883300781,27.30517883300781,Leave_One_experiments/all_year_offline_schedule_search/daily_outputs/LCA/LCA_2017_LCA2017_stress_grid_S0003_daily.csv
LCA,LCA,Luancheng,2017,Leave_One_experiments\wth_generated_qc\LCA\LCA2017.WTH,dry_year;water_stress_year;nitrogen_stress_year,water_stress,LCA2017_stress_grid_S0003,irrigation_positive_candidate,2017-06-25,176,16,11,"{""sim_day"": 16.0, ""doy"": 176.0, ""topwt"": 60.08244514465332, ""grnwt"": 0.0, ""xlai"": 0.1246716156601905, ""totir"": 0.0, ""tofer"": NaN, ""swfac"": 0.0, ""nstres"": 0.0}",0.0,0.0,60.08244514465332,0.0,0.1246716156601905,0.0,,0.0,0.0,20.0,0.0,19.30517883300781,27.30517883300781,Leave_One_experiments/all_year_offline_schedule_search/daily_outputs/LCA/LCA_2017_LCA2017_stress_grid_S0003_daily.csv
LCA,LCA,Luancheng,2017,Leave_One_experiments\wth_generated_qc\LCA\LCA2017.WTH,dry_year;water_stress_year;nitrogen_stress_year,water_stress,LCA2017_stress_grid_S0003,irrigation_positive_candidate,2017-06-26,177,17,12,"{""sim_day"": 17.0, ""doy"": 177.0, ""topwt"": 84.83872413635254, ""grnwt"": 0.0, ""xlai"": 0.1732862591743469, ""totir"": 0.0, ""tofer"": NaN, ""swfac"": 0.0, ""nstres"": 0.0}",0.0,0.0,84.83872413635254,0.0,0.1732862591743469,0.0,,0.0,0.0,20.0,0.0,19.30517883300781,27.30517883300781,Leave_One_experiments/all_year_offline_schedule_search/daily_outputs/LCA/LCA_2017_LCA2017_stress_grid_S0003_daily.csv
LCA,LCA,Luancheng,2017,Leave_One_experiments\wth_generated_qc\LCA\LCA2017.WTH,dry_year;water_stress_year;nitrogen_stress_year,water_stress,LCA2017_stress_grid_S0003,irrigation_positive_candidate,2017-06-27,178,18,13,"{""sim_day"": 18.0, ""doy"": 178.0, ""topwt"": 117.618989944458, ""grnwt"": 0.0, ""xlai"": 0.2326609045267105, ""totir"": 0.0, ""tofer"": NaN, ""swfac"": 0.0, ""nstres"": 0.0}",0.0,0.0,117.618989944458,0.0,0.2326609045267105,0.0,,0.0,0.0,20.0,0.0,19.30517883300781,27.30517883300781,Leave_One_experiments/all_year_offline_schedule_search/daily_outputs/LCA/LCA_2017_LCA2017_stress_grid_S0003_daily.csv
LCA,LCA,Luancheng,2017,Leave_One_experiments\wth_generated_qc\LCA\LCA2017.WTH,dry_year;water_stress_year;nitrogen_stress_year,water_stress,LCA2017_stress_grid_S0003,irrigation_positive_candidate,2017-06-28,179,19,14,"{""sim_day"": 19.0, ""doy"": 179.0, ""topwt"": 146.34827613830566, ""grnwt"": 0.0, ""xlai"": 0.2999043464660644, ""totir"": 0.0, ""tofer"": NaN, ""swfac"": 0.0, ""nstres"": 0.0685964226722717}",0.0,0.0685964226722717,146.34827613830566,0.0,0.2999043464660644,0.0,,0.0,0.0,20.0,0.0,19.30517883300781,27.30517883300781,Leave_One_experiments/all_year_offline_schedule_search/daily_outputs/LCA/LCA_2017_LCA2017_stress_grid_S0003_daily.csv
LCA,LCA,Luancheng,2017,Leave_One_experiments\wth_generated_qc\LCA\LCA2017.WTH,dry_year;water_stress_year;nitrogen_stress_year,water_stress,LCA2017_stress_grid_S0003,irrigation_positive_candidate,2017-06-29,180,20,15,"{""sim_day"": 20.0, ""doy"": 180.0, ""topwt"": 178.10405731201172, ""grnwt"": 0.0, ""xlai"": 0.3490076065063476, ""totir"": 0.0, ""tofer"": NaN, ""swfac"": 0.0, ""nstres"": 0.1715297698974609}",0.0,0.1715297698974609,178.10405731201172,0.0,0.3490076065063476,0.0,,0.0,0.0,20.0,0.0,19.30517883300781,27.30517883300781,Leave_One_experiments/all_year_offline_schedule_search/daily_outputs/LCA/LCA_2017_LCA2017_stress_grid_S0003_daily.csv
LCA,LCA,Luancheng,2017,Leave_One_experiments\wth_generated_qc\LCA\LCA2017.WTH,dry_year;water_stress_year;nitrogen_stress_year,water_stress,LCA2017_stress_grid_S0003,irrigation_positive_candidate,2017-06-30,181,21,16,"{""sim_day"": 21.0, ""doy"": 181.0, ""topwt"": 210.059871673584, ""grnwt"": 0.0, ""xlai"": 0.3933399319648742, ""totir"": 0.0, ""tofer"": NaN, ""swfac"": 0.0, ""nstres"": 0.2339411377906799}",0.0,0.2339411377906799,210.059871673584,0.0,0.3933399319648742,0.0,,0.0,0.0,20.0,0.0,19.30517883300781,27.30517883300781,Leave_One_experiments/all_year_offline_schedule_search/daily_outputs/LCA/LCA_2017_LCA2017_stress_grid_S0003_daily.csv
LCA,LCA,Luancheng,2017,Leave_One_experiments\wth_generated_qc\LCA\LCA2017.WTH,dry_year;water_stress_year;nitrogen_stress_year,water_stress,LCA2017_stress_grid_S0003,irrigation_positive_candidate,2017-07-01,182,22,17,"{""sim_day"": 22.0, ""doy"": 182.0, ""topwt"": 240.60979843139648, ""grnwt"": 0.0, ""xlai"": 0.4304699003696441, ""totir"": 0.0, ""tofer"": NaN, ""swfac"": 0.0, ""nstres"": 0.3494977951049804}",0.0,0.3494977951049804,240.60979843139648,0.0,0.4304699003696441,0.0,,0.0,0.0,20.0,0.0,19.30517883300781,27.30517883300781,Leave_One_experiments/all_year_offline_schedule_search/daily_outputs/LCA/LCA_2017_LCA2017_stress_grid_S0003_daily.csv
LCA,LCA,Luancheng,2017,Leave_One_experiments\wth_generated_qc\LCA\LCA2017.WTH,dry_year;water_stress_year;nitrogen_stress_year,water_stress,LCA2017_stress_grid_S0003,irrigation_positive_candidate,2017-07-02,183,23,18,"{""sim_day"": 23.0, ""doy"": 183.0, ""topwt"": 272.76437759399414, ""grnwt"": 0.0, ""xlai"": 0.4666706323623657, ""totir"": 0.0, ""tofer"": NaN, ""swfac"": 0.0, ""nstres"": 0.398964524269104}",0.0,0.398964524269104,272.76437759399414,0.0,0.4666706323623657,0.0,,0.0,0.0,20.0,0.0,19.30517883300781,27.30517883300781,Leave_One_experiments/all_year_offline_schedule_search/daily_outputs/LCA/LCA_2017_LCA2017_stress_grid_S0003_daily.csv
LCA,LCA,Luancheng,2017,Leave_One_experiments\wth_generated_qc\LCA\LCA2017.WTH,dry_year;water_stress_year;nitrogen_stress_year,water_stress,LCA2017_stress_grid_S0003,irrigation_positive_candidate,2017-07-03,184,24,19,"{""sim_day"": 24.0, ""doy"": 184.0, ""topwt"": 299.59171295166016, ""grnwt"": 0.0, ""xlai"": 0.4925122857093811, ""totir"": 0.0, ""tofer"": NaN, ""swfac"": 0.0, ""nstres"": 0.3942177891731262}",0.0,0.3942177891731262,299.59171295166016,0.0,0.4925122857093811,0.0,,0.0,0.0,20.0,0.0,19.30517883300781,27.30517883300781,Leave_One_experiments/all_year_offline_schedule_search/daily_outputs/LCA/LCA_2017_LCA2017_stress_grid_S0003_daily.csv
LCA,LCA,Luancheng,2017,Leave_One_experiments\wth_generated_qc\LCA\LCA2017.WTH,dry_year;water_stress_year;nitrogen_stress_year,water_stress,LCA2017_stress_grid_S0003,irrigation_positive_candidate,2017-07-04,185,25,20,"{""sim_day"": 25.0, ""doy"": 185.0, ""topwt"": 337.5626754760742, ""grnwt"": 0.0, ""xlai"": 0.5284916758537292, ""totir"": 20.0, ""tofer"": NaN, ""swfac"": 0.0, ""nstres"": 0.3800749778747558}",0.0,0.3800749778747558,337.5626754760742,0.0,0.5284916758537292,20.0,,20.0,0.0,20.0,0.0,19.30517883300781,27.30517883300781,Leave_One_experiments/all_year_offline_schedule_search/daily_outputs/LCA/LCA_2017_LCA2017_stress_grid_S0003_daily.csv
LCA,LCA,Luancheng,2017,Leave_One_experiments\wth_generated_qc\LCA\LCA2017.WTH,dry_year;water_stress_year;nitrogen_stress_year,water_stress,LCA2017_stress_grid_S0003,irrigation_positive_candidate,2017-07-05,186,26,21,"{""sim_day"": 26.0, ""doy"": 186.0, ""topwt"": 359.88842010498047, ""grnwt"": 0.0, ""xlai"": 0.54327791929245, ""totir"": 20.0, ""tofer"": NaN, ""swfac"": 0.0, ""nstres"": 0.3748048543930053}",0.0,0.3748048543930053,359.88842010498047,0.0,0.54327791929245,20.0,,0.0,0.0,20.0,0.0,19.30517883300781,27.30517883300781,Leave_One_experiments/all_year_offline_schedule_search/daily_outputs/LCA/LCA_2017_LCA2017_stress_grid_S0003_daily.csv
LCA,LCA,Luancheng,2017,Leave_One_experiments\wth_generated_qc\LCA\LCA2017.WTH,dry_year;water_stress_year;nitrogen_stress_year,water_stress,LCA2017_stress_grid_S0003,irrigation_positive_candidate,2017-07-06,187,27,22,"{""sim_day"": 27.0, ""doy"": 187.0, ""topwt"": 408.1449890136719, ""grnwt"": 0.0, ""xlai"": 0.5900489091873169, ""totir"": 20.0, ""tofer"": NaN, ""swfac"": 0.0, ""nstres"": 0.4205396175384521}",0.0,0.4205396175384521,408.1449890136719,0.0,0.5900489091873169,20.0,,0.0,0.0,20.0,0.0,19.30517883300781,27.30517883300781,Leave_One_experiments/all_year_offline_schedule_search/daily_outputs/LCA/LCA_2017_LCA2017_stress_grid_S0003_daily.csv
LCA,LCA,Luancheng,2017,Leave_One_experiments\wth_generated_qc\LCA\LCA2017.WTH,dry_year;water_stress_year;nitrogen_stress_year,water_stress,LCA2017_stress_grid_S0003,irrigation_positive_candidate,2017-07-07,188,28,23,"{""sim_day"": 28.0, ""doy"": 188.0, ""topwt"": 461.564826965332, ""grnwt"": 0.0, ""xlai"": 0.6374857425689697, ""totir"": 20.0, ""tofer"": NaN, ""swfac"": 0.0, ""nstres"": 0.4188315868377685}",0.0,0.4188315868377685,461.564826965332,0.0,0.6374857425689697,20.0,,0.0,0.0,20.0,0.0,19.30517883300781,27.30517883300781,Leave_One_experiments/all_year_offline_schedule_search/daily_outputs/LCA/LCA_2017_LCA2017_stress_grid_S0003_daily.csv
LCA,LCA,Luancheng,2017,Leave_One_experiments\wth_generated_qc\LCA\LCA2017.WTH,dry_year;water_stress_year;nitrogen_stress_year,water_stress,LCA2017_stress_grid_S0003,irrigation_positive_candidate,2017-07-08,189,29,24,"{""sim_day"": 29.0, ""doy"": 189.0, ""topwt"": 511.308708190918, ""grnwt"": 0.0, ""xlai"": 0.6738954186439514, ""totir"": 20.0, ""tofer"": NaN, ""swfac"": 0.0, ""nstres"": 0.4353617429733276}",0.0,0.4353617429733276,511.308708190918,0.0,0.6738954186439514,20.0,,0.0,0.0,20.0,0.0,19.30517883300781,27.30517883300781,Leave_One_experiments/all_year_offline_schedule_search/daily_outputs/LCA/LCA_2017_LCA2017_stress_grid_S0003_daily.csv
LCA,LCA,Luancheng,2017,Leave_One_experiments\wth_generated_qc\LCA\LCA2017.WTH,dry_year;water_stress_year;nitrogen_stress_year,water_stress,LCA2017_stress_grid_S0003,irrigation_positive_candidate,2017-07-09,190,30,25,"{""sim_day"": 30.0, ""doy"": 190.0, ""topwt"": 566.3233947753906, ""grnwt"": 0.0, ""xlai"": 0.7104281187057495, ""totir"": 20.0, ""tofer"": NaN, ""swfac"": 0.0, ""nstres"": 0.4362385869026184}",0.0,0.4362385869026184,566.3233947753906,0.0,0.7104281187057495,20.0,,0.0,0.0,20.0,0.0,19.30517883300781,27.30517883300781,Leave_One_experiments/all_year_offline_schedule_search/daily_outputs/LCA/LCA_2017_LCA2017_stress_grid_S0003_daily.csv
LCA,LCA,Luancheng,2017,Leave_One_experiments\wth_generated_qc\LCA\LCA2017.WTH,dry_year;water_stress_year;nitrogen_stress_year,water_stress,LCA2017_stress_grid_S0003,irrigation_positive_candidate,2017-07-10,191,31,26,"{""sim_day"": 31.0, ""doy"": 191.0, ""topwt"": 628.6851119995117, ""grnwt"": 0.0, ""xlai"": 0.748609721660614, ""totir"": 20.0, ""tofer"": NaN, ""swfac"": 0.0, ""nstres"": 0.4252864718437195}",0.0,0.4252864718437195,628.6851119995117,0.0,0.748609721660614,20.0,,0.0,0.0,20.0,0.0,19.30517883300781,27.30517883300781,Leave_One_experiments/all_year_offline_schedule_search/daily_outputs/LCA/LCA_2017_LCA2017_stress_grid_S0003_daily.csv
LCA,LCA,Luancheng,2017,Leave_One_experiments\wth_generated_qc\LCA\LCA2017.WTH,dry_year;water_stress_year;nitrogen_stress_year,water_stress,LCA2017_stress_grid_S0003,irrigation_positive_candidate,2017-07-11,192,32,27,"{""sim_day"": 32.0, ""doy"": 192.0, ""topwt"": 698.3464050292969, ""grnwt"": 0.0, ""xlai"": 0.7866959571838379, ""totir"": 20.0, ""tofer"": NaN, ""swfac"": 0.0, ""nstres"": 0.4278582334518432}",0.0,0.4278582334518432,698.3464050292969,0.0,0.7866959571838379,20.0,,0.0,0.0,20.0,0.0,19.30517883300781,27.30517883300781,Leave_One_experiments/all_year_offline_schedule_search/daily_outputs/LCA/LCA_2017_LCA2017_stress_grid_S0003_daily.csv
LCA,LCA,Luancheng,2017,Leave_One_experiments\wth_generated_qc\LCA\LCA2017.WTH,dry_year;water_stress_year;nitrogen_stress_year,water_stress,LCA2017_stress_grid_S0003,irrigation_positive_candidate,2017-07-12,193,33,28,"{""sim_day"": 33.0, ""doy"": 193.0, ""topwt"": 778.0752563476562, ""grnwt"": 0.0, ""xlai"": 0.8248063325881958, ""totir"": 20.0, ""tofer"": NaN, ""swfac"": 0.0, ""nstres"": 0.4511844515800476}",0.0,0.4511844515800476,778.0752563476562,0.0,0.8248063325881958,20.0,,0.0,0.0,20.0,0.0,19.30517883300781,27.30517883300781,Leave_One_experiments/all_year_offline_schedule_search/daily_outputs/LCA/LCA_2017_LCA2017_stress_grid_S0003_daily.csv
LCA,LCA,Luancheng,2017,Leave_One_experiments\wth_generated_qc\LCA\LCA2017.WTH,dry_year;water_stress_year;nitrogen_stress_year,water_stress,LCA2017_stress_grid_S0003,irrigation_positive_candidate,2017-07-13,194,34,29,"{""sim_day"": 34.0, ""doy"": 194.0, ""topwt"": 856.7667388916016, ""grnwt"": 0.0, ""xlai"": 0.8540983200073242, ""totir"": 20.0, ""tofer"": NaN, ""swfac"": 0.0, ""nstres"": 0.4659450054168701}",0.0,0.4659450054168701,856.7667388916016,0.0,0.8540983200073242,20.0,,0.0,0.0,20.0,0.0,19.30517883300781,27.30517883300781,Leave_One_experiments/all_year_offline_schedule_search/daily_outputs/LCA/LCA_2017_LCA2017_stress_grid_S0003_daily.csv
LCA,LCA,Luancheng,2017,Leave_One_experiments\wth_generated_qc\LCA\LCA2017.WTH,dry_year;water_stress_year;nitrogen_stress_year,water_stress,LCA2017_stress_grid_S0003,irrigation_positive_candidate,2017-07-14,195,35,30,"{""sim_day"": 35.0, ""doy"": 195.0, ""topwt"": 925.2864074707032, ""grnwt"": 0.0, ""xlai"": 0.8697602152824402, ""totir"": 20.0, ""tofer"": NaN, ""swfac"": 0.0, ""nstres"": 0.4769920110702514}",0.0,0.4769920110702514,925.2864074707032,0.0,0.8697602152824402,20.0,,0.0,0.0,20.0,0.0,19.30517883300781,27.30517883300781,Leave_One_experiments/all_year_offline_schedule_search/daily_outputs/LCA/LCA_2017_LCA2017_stress_grid_S0003_daily.csv
LCA,LCA,Luancheng,2017,Leave_One_experiments\wth_generated_qc\LCA\LCA2017.WTH,dry_year;water_stress_year;nitrogen_stress_year,water_stress,LCA2017_stress_grid_S0003,irrigation_positive_candidate,2017-07-15,196,36,31,"{""sim_day"": 36.0, ""doy"": 196.0, ""topwt"": 1014.9134063720704, ""grnwt"": 0.0, ""xlai"": 0.8939862251281738, ""totir"": 20.0, ""tofer"": NaN, ""swfac"": 0.0, ""nstres"": 0.4731326103210449}",0.0,0.4731326103210449,1014.9134063720704,0.0,0.8939862251281738,20.0,,0.0,0.0,20.0,0.0,19.30517883300781,27.30517883300781,Leave_One_experiments/all_year_offline_schedule_search/daily_outputs/LCA/LCA_2017_LCA2017_stress_grid_S0003_daily.csv
LCA,LCA,Luancheng,2017,Leave_One_experiments\wth_generated_qc\LCA\LCA2017.WTH,dry_year;water_stress_year;nitrogen_stress_year,water_stress,LCA2017_stress_grid_S0003,irrigation_positive_candidate,2017-07-16,197,37,32,"{""sim_day"": 37.0, ""doy"": 197.0, ""topwt"": 1119.7663879394531, ""grnwt"": 0.0, ""xlai"": 0.9212071895599364, ""totir"": 20.0, ""tofer"": NaN, ""swfac"": 0.0, ""nstres"": 0.4628204703330993}",0.0,0.4628204703330993,1119.7663879394531,0.0,0.9212071895599364,20.0,,0.0,0.0,20.0,0.0,19.30517883300781,27.30517883300781,Leave_One_experiments/all_year_offline_schedule_search/daily_outputs/LCA/LCA_2017_LCA2017_stress_grid_S0003_daily.csv
LCA,LCA,Luancheng,2017,Leave_One_experiments\wth_generated_qc\LCA\LCA2017.WTH,dry_year;water_stress_year;nitrogen_stress_year,water_stress,LCA2017_stress_grid_S0003,irrigation_positive_candidate,2017-07-17,198,38,33,"{""sim_day"": 38.0, ""doy"": 198.0, ""topwt"": 1181.6060638427734, ""grnwt"": 0.0, ""xlai"": 0.9199107885360718, ""totir"": 20.0, ""tofer"": NaN, ""swfac"": 0.0, ""nstres"": 0.4681724905967712}",0.0,0.4681724905967712,1181.6060638427734,0.0,0.9199107885360718,20.0,,0.0,0.0,20.0,0.0,19.30517883300781,27.30517883300781,Leave_One_experiments/all_year_offline_schedule_search/daily_outputs/LCA/LCA_2017_LCA2017_stress_grid_S0003_daily.csv
LCA,LCA,Luancheng,2017,Leave_One_experiments\wth_generated_qc\LCA\LCA2017.WTH,dry_year;water_stress_year;nitrogen_stress_year,water_stress,LCA2017_stress_grid_S0003,irrigation_positive_candidate,2017-07-18,199,39,34,"{""sim_day"": 39.0, ""doy"": 199.0, ""topwt"": 1282.0486450195312, ""grnwt"": 0.0, ""xlai"": 0.9337259531021118, ""totir"": 20.0, ""tofer"": NaN, ""swfac"": 0.0, ""nstres"": 0.4826990962028503}",0.0,0.4826990962028503,1282.0486450195312,0.0,0.9337259531021118,20.0,,0.0,0.0,20.0,0.0,19.30517883300781,27.30517883300781,Leave_One_experiments/all_year_offline_schedule_search/daily_outputs/LCA/LCA_2017_LCA2017_stress_grid_S0003_daily.csv
LCA,LCA,Luancheng,2017,Leave_One_experiments\wth_generated_qc\LCA\LCA2017.WTH,dry_year;water_stress_year;nitrogen_stress_year,water_stress,LCA2017_stress_grid_S0003,irrigation_positive_candidate,2017-07-19,200,40,35,"{""sim_day"": 40.0, ""doy"": 200.0, ""topwt"": 1379.4631958007812, ""grnwt"": 0.0, ""xlai"": 0.946243703365326, ""totir"": 20.0, ""tofer"": NaN, ""swfac"": 0.0, ""nstres"": 0.4737062454223633}",0.0,0.4737062454223633,1379.4631958007812,0.0,0.946243703365326,20.0,,0.0,0.0,20.0,0.0,19.30517883300781,27.30517883300781,Leave_One_experiments/all_year_offline_schedule_search/daily_outputs/LCA/LCA_2017_LCA2017_stress_grid_S0003_daily.csv
LCA,LCA,Luancheng,2017,Leave_One_experiments\wth_generated_qc\LCA\LCA2017.WTH,dry_year;water_stress_year;nitrogen_stress_year,water_stress,LCA2017_stress_grid_S0003,irrigation_positive_candidate,2017-07-20,201,41,36,"{""sim_day"": 41.0, ""doy"": 201.0, ""topwt"": 1386.4797973632812, ""grnwt"": 0.0, ""xlai"": 0.9139499068260192, ""totir"": 20.0, ""tofer"": NaN, ""swfac"": 0.0, ""nstres"": 0.4830690026283264}",0.0,0.4830690026283264,1386.4797973632812,0.0,0.9139499068260192,20.0,,0.0,0.0,20.0,0.0,19.30517883300781,27.30517883300781,Leave_One_experiments/all_year_offline_schedule_search/daily_outputs/LCA/LCA_2017_LCA2017_stress_grid_S0003_daily.csv
LCA,LCA,Luancheng,2017,Leave_One_experiments\wth_generated_qc\LCA\LCA2017.WTH,dry_year;water_stress_year;nitrogen_stress_year,water_stress,LCA2017_stress_grid_S0003,irrigation_positive_candidate,2017-07-21,202,42,37,"{""sim_day"": 42.0, ""doy"": 202.0, ""topwt"": 1430.8892822265625, ""grnwt"": 0.0, ""xlai"": 0.8952749967575073, ""totir"": 20.0, ""tofer"": NaN, ""swfac"": 0.0, ""nstres"": 0.4855743646621704}",0.0,0.4855743646621704,1430.8892822265625,0.0,0.8952749967575073,20.0,,0.0,0.0,20.0,0.0,19.30517883300781,27.30517883300781,Leave_One_experiments/all_year_offline_schedule_search/daily_outputs/LCA/LCA_2017_LCA2017_stress_grid_S0003_daily.csv
LCA,LCA,Luancheng,2017,Leave_One_experiments\wth_generated_qc\LCA\LCA2017.WTH,dry_year;water_stress_year;nitrogen_stress_year,water_stress,LCA2017_stress_grid_S0003,irrigation_positive_candidate,2017-07-22,203,43,38,"{""sim_day"": 43.0, ""doy"": 203.0, ""topwt"": 1477.8089904785156, ""grnwt"": 0.0, ""xlai"": 0.8779624700546265, ""totir"": 20.0, ""tofer"": NaN, ""swfac"": 0.0, ""nstres"": 0.4485357403755188}",0.0,0.4485357403755188,1477.8089904785156,0.0,0.8779624700546265,20.0,,0.0,0.0,20.0,0.0,19.30517883300781,27.30517883300781,Leave_One_experiments/all_year_offline_schedule_search/daily_outputs/LCA/LCA_2017_LCA2017_stress_grid_S0003_daily.csv
LCA,LCA,Luancheng,2017,Leave_One_experiments\wth_generated_qc\LCA\LCA2017.WTH,dry_year;water_stress_year;nitrogen_stress_year,water_stress,LCA2017_stress_grid_S0003,irrigation_positive_candidate,2017-07-23,204,44,39,"{""sim_day"": 44.0, ""doy"": 204.0, ""topwt"": 1551.4076232910156, ""grnwt"": 0.0, ""xlai"": 0.8684028387069702, ""totir"": 20.0, ""tofer"": NaN, ""swfac"": 0.0, ""nstres"": 0.4263022541999817}",0.0,0.4263022541999817,1551.4076232910156,0.0,0.8684028387069702,20.0,,0.0,0.0,20.0,0.0,19.30517883300781,27.30517883300781,Leave_One_experiments/all_year_offline_schedule_search/daily_outputs/LCA/LCA_2017_LCA2017_stress_grid_S0003_daily.csv
LCA,LCA,Luancheng,2017,Leave_One_experiments\wth_generated_qc\LCA\LCA2017.WTH,dry_year;water_stress_year;nitrogen_stress_year,water_stress,LCA2017_stress_grid_S0003,irrigation_positive_candidate,2017-07-24,205,45,40,"{""sim_day"": 45.0, ""doy"": 205.0, ""topwt"": 1629.1116333007812, ""grnwt"": 0.0, ""xlai"": 0.8596791625022888, ""totir"": 20.0, ""tofer"": NaN, ""swfac"": 0.0, ""nstres"": 0.405945360660553}",0.0,0.405945360660553,1629.1116333007812,0.0,0.8596791625022888,20.0,,0.0,0.0,20.0,0.0,19.30517883300781,27.30517883300781,Leave_One_experiments/all_year_offline_schedule_search/daily_outputs/LCA/LCA_2017_LCA2017_stress_grid_S0003_daily.csv
LCA,LCA,Luancheng,2017,Leave_One_experiments\wth_generated_qc\LCA\LCA2017.WTH,dry_year;water_stress_year;nitrogen_stress_year,water_stress,LCA2017_stress_grid_S0003,irrigation_positive_candidate,2017-07-25,206,46,41,"{""sim_day"": 46.0, ""doy"": 206.0, ""topwt"": 1657.4143981933594, ""grnwt"": 0.0, ""xlai"": 0.8381545543670654, ""totir"": 20.0, ""tofer"": NaN, ""swfac"": 0.0, ""nstres"": 0.3950592875480652}",0.0,0.3950592875480652,1657.4143981933594,0.0,0.8381545543670654,20.0,,0.0,0.0,20.0,0.0,19.30517883300781,27.30517883300781,Leave_One_experiments/all_year_offline_schedule_search/daily_outputs/LCA/LCA_2017_LCA2017_stress_grid_S0003_daily.csv
LCA,LCA,Luancheng,2017,Leave_One_experiments\wth_generated_qc\LCA\LCA2017.WTH,dry_year;water_stress_year;nitrogen_stress_year,water_stress,LCA2017_stress_grid_S0003,irrigation_positive_candidate,2017-07-26,207,47,42,"{""sim_day"": 47.0, ""doy"": 207.0, ""topwt"": 1689.0875244140625, ""grnwt"": 0.0, ""xlai"": 0.8180308938026428, ""totir"": 20.0, ""tofer"": NaN, ""swfac"": 0.0, ""nstres"": 0.390055239200592}",0.0,0.390055239200592,1689.0875244140625,0.0,0.8180308938026428,20.0,,0.0,0.0,20.0,0.0,19.30517883300781,27.30517883300781,Leave_One_experiments/all_year_offline_schedule_search/daily_outputs/LCA/LCA_2017_LCA2017_stress_grid_S0003_daily.csv
LCA,LCA,Luancheng,2017,Leave_One_experiments\wth_generated_qc\LCA\LCA2017.WTH,dry_year;water_stress_year;nitrogen_stress_year,water_stress,LCA2017_stress_grid_S0003,irrigation_positive_candidate,2017-07-27,208,48,43,"{""sim_day"": 48.0, ""doy"": 208.0, ""topwt"": 1712.2531127929688, ""grnwt"": 0.0, ""xlai"": 0.797240674495697, ""totir"": 20.0, ""tofer"": NaN, ""swfac"": 0.0, ""nstres"": 0.3684338331222534}",0.0,0.3684338331222534,1712.2531127929688,0.0,0.797240674495697,20.0,,0.0,0.0,20.0,0.0,19.30517883300781,27.30517883300781,Leave_One_experiments/all_year_offline_schedule_search/daily_outputs/LCA/LCA_2017_LCA2017_stress_grid_S0003_daily.csv
LCA,LCA,Luancheng,2017,Leave_One_experiments\wth_generated_qc\LCA\LCA2017.WTH,dry_year;water_stress_year;nitrogen_stress_year,water_stress,LCA2017_stress_grid_S0003,irrigation_positive_candidate,2017-07-28,209,49,44,"{""sim_day"": 49.0, ""doy"": 209.0, ""topwt"": 1809.2176818847656, ""grnwt"": 0.0, ""xlai"": 0.7957857847213745, ""totir"": 20.0, ""tofer"": NaN, ""swfac"": 0.0, ""nstres"": 0.3468731641769409}",0.0,0.3468731641769409,1809.2176818847656,0.0,0.7957857847213745,20.0,,0.0,0.0,20.0,0.0,19.30517883300781,27.30517883300781,Leave_One_experiments/all_year_offline_schedule_search/daily_outputs/LCA/LCA_2017_LCA2017_stress_grid_S0003_daily.csv
LCA,LCA,Luancheng,2017,Leave_One_experiments\wth_generated_qc\LCA\LCA2017.WTH,dry_year;water_stress_year;nitrogen_stress_year,water_stress,LCA2017_stress_grid_S0003,irrigation_positive_candidate,2017-07-29,210,50,45,"{""sim_day"": 50.0, ""doy"": 210.0, ""topwt"": 1933.6778259277344, ""grnwt"": 0.0, ""xlai"": 0.8018635511398315, ""totir"": 20.0, ""tofer"": NaN, ""swfac"": 0.0, ""nstres"": 0.3225371837615967}",0.0,0.3225371837615967,1933.6778259277344,0.0,0.8018635511398315,20.0,,0.0,0.0,20.0,0.0,19.30517883300781,27.30517883300781,Leave_One_experiments/all_year_offline_schedule_search/daily_outputs/LCA/LCA_2017_LCA2017_stress_grid_S0003_daily.csv
LCA,LCA,Luancheng,2017,Leave_One_experiments\wth_generated_qc\LCA\LCA2017.WTH,dry_year;water_stress_year;nitrogen_stress_year,water_stress,LCA2017_stress_grid_S0003,irrigation_positive_candidate,2017-07-30,211,51,46,"{""sim_day"": 51.0, ""doy"": 211.0, ""topwt"": 2061.7063903808594, ""grnwt"": 0.0, ""xlai"": 0.8089055418968201, ""totir"": 20.0, ""tofer"": NaN, ""swfac"": 0.0, ""nstres"": 0.3134745955467224}",0.0,0.3134745955467224,2061.7063903808594,0.0,0.8089055418968201,20.0,,0.0,0.0,20.0,0.0,19.30517883300781,27.30517883300781,Leave_One_experiments/all_year_offline_schedule_search/daily_outputs/LCA/LCA_2017_LCA2017_stress_grid_S0003_daily.csv
LCA,LCA,Luancheng,2017,Leave_One_experiments\wth_generated_qc\LCA\LCA2017.WTH,dry_year;water_stress_year;nitrogen_stress_year,water_stress,LCA2017_stress_grid_S0003,irrigation_positive_candidate,2017-07-31,212,52,47,"{""sim_day"": 52.0, ""doy"": 212.0, ""topwt"": 2128.102569580078, ""grnwt"": 0.0, ""xlai"": 0.7855257391929626, ""totir"": 20.0, ""tofer"": NaN, ""swfac"": 0.0, ""nstres"": 0.2936734557151794}",0.0,0.2936734557151794,2128.102569580078,0.0,0.7855257391929626,20.0,,0.0,0.0,20.0,0.0,19.30517883300781,27.30517883300781,Leave_One_experiments/all_year_offline_schedule_search/daily_outputs/LCA/LCA_2017_LCA2017_stress_grid_S0003_daily.csv
LCA,LCA,Luancheng,2017,Leave_One_experiments\wth_generated_qc\LCA\LCA2017.WTH,dry_year;water_stress_year;nitrogen_stress_year,water_stress,LCA2017_stress_grid_S0003,irrigation_positive_candidate,2017-08-01,213,53,48,"{""sim_day"": 53.0, ""doy"": 213.0, ""topwt"": 2210.3929138183594, ""grnwt"": 0.0, ""xlai"": 0.7637233734130859, ""totir"": 20.0, ""tofer"": NaN, ""swfac"": 0.0, ""nstres"": 0.2661211490631103}",0.0,0.2661211490631103,2210.3929138183594,0.0,0.7637233734130859,20.0,,0.0,0.0,20.0,0.0,19.30517883300781,27.30517883300781,Leave_One_experiments/all_year_offline_schedule_search/daily_outputs/LCA/LCA_2017_LCA2017_stress_grid_S0003_daily.csv
LCA,LCA,Luancheng,2017,Leave_One_experiments\wth_generated_qc\LCA\LCA2017.WTH,dry_year;water_stress_year;nitrogen_stress_year,water_stress,LCA2017_stress_grid_S0003,irrigation_positive_candidate,2017-08-02,214,54,49,"{""sim_day"": 54.0, ""doy"": 214.0, ""topwt"": 2347.992706298828, ""grnwt"": 0.0, ""xlai"": 0.7435605525970459, ""totir"": 20.0, ""tofer"": NaN, ""swfac"": 0.0, ""nstres"": 0.2336152195930481}",0.0,0.2336152195930481,2347.992706298828,0.0,0.7435605525970459,20.0,,0.0,0.0,20.0,0.0,19.30517883300781,27.30517883300781,Leave_One_experiments/all_year_offline_schedule_search/daily_outputs/LCA/LCA_2017_LCA2017_stress_grid_S0003_daily.csv
LCA,LCA,Luancheng,2017,Leave_One_experiments\wth_generated_qc\LCA\LCA2017.WTH,dry_year;water_stress_year;nitrogen_stress_year,water_stress,LCA2017_stress_grid_S0003,irrigation_positive_candidate,2017-08-03,215,55,50,"{""sim_day"": 55.0, ""doy"": 215.0, ""topwt"": 2481.842193603516, ""grnwt"": 0.0, ""xlai"": 0.7247647643089294, ""totir"": 20.0, ""tofer"": NaN, ""swfac"": 0.0, ""nstres"": 0.2066740989685058}",0.0,0.2066740989685058,2481.842193603516,0.0,0.7247647643089294,20.0,,0.0,0.0,20.0,0.0,19.30517883300781,27.30517883300781,Leave_One_experiments/all_year_offline_schedule_search/daily_outputs/LCA/LCA_2017_LCA2017_stress_grid_S0003_daily.csv
LCA,LCA,Luancheng,2017,Leave_One_experiments\wth_generated_qc\LCA\LCA2017.WTH,dry_year;water_stress_year;nitrogen_stress_year,water_stress,LCA2017_stress_grid_S0003,irrigation_positive_candidate,2017-08-04,216,56,51,"{""sim_day"": 56.0, ""doy"": 216.0, ""topwt"": 2574.4744873046875, ""grnwt"": 0.0, ""xlai"": 0.7068444490432739, ""totir"": 20.0, ""tofer"": NaN, ""swfac"": 0.0, ""nstres"": 0.1978051662445068}",0.0,0.1978051662445068,2574.4744873046875,0.0,0.7068444490432739,20.0,,0.0,0.0,20.0,0.0,19.30517883300781,27.30517883300781,Leave_One_experiments/all_year_offline_schedule_search/daily_outputs/LCA/LCA_2017_LCA2017_stress_grid_S0003_daily.csv
LCA,LCA,Luancheng,2017,Leave_One_experiments\wth_generated_qc\LCA\LCA2017.WTH,dry_year;water_stress_year;nitrogen_stress_year,water_stress,LCA2017_stress_grid_S0003,irrigation_positive_candidate,2017-08-05,217,57,52,"{""sim_day"": 57.0, ""doy"": 217.0, ""topwt"": 2700.52978515625, ""grnwt"": 0.0, ""xlai"": 0.689908504486084, ""totir"": 20.0, ""tofer"": NaN, ""swfac"": 0.0, ""nstres"": 0.1916799545288086}",0.0,0.1916799545288086,2700.52978515625,0.0,0.689908504486084,20.0,,0.0,0.0,20.0,0.0,19.30517883300781,27.30517883300781,Leave_One_experiments/all_year_offline_schedule_search/daily_outputs/LCA/LCA_2017_LCA2017_stress_grid_S0003_daily.csv
LCA,LCA,Luancheng,2017,Leave_One_experiments\wth_generated_qc\LCA\LCA2017.WTH,dry_year;water_stress_year;nitrogen_stress_year,water_stress,LCA2017_stress_grid_S0003,irrigation_positive_candidate,2017-08-06,218,58,53,"{""sim_day"": 58.0, ""doy"": 218.0, ""topwt"": 2794.52392578125, ""grnwt"": 0.0, ""xlai"": 0.6742597222328186, ""totir"": 20.0, ""tofer"": NaN, ""swfac"": 0.0, ""nstres"": 0.181458830833435}",0.0,0.181458830833435,2794.52392578125,0.0,0.6742597222328186,20.0,,0.0,0.0,20.0,0.0,19.30517883300781,27.30517883300781,Leave_One_experiments/all_year_offline_schedule_search/daily_outputs/LCA/LCA_2017_LCA2017_stress_grid_S0003_daily.csv
LCA,LCA,Luancheng,2017,Leave_One_experiments\wth_generated_qc\LCA\LCA2017.WTH,dry_year;water_stress_year;nitrogen_stress_year,water_stress,LCA2017_stress_grid_S0003,irrigation_positive_candidate,2017-08-07,219,59,54,"{""sim_day"": 59.0, ""doy"": 219.0, ""topwt"": 2915.6808471679688, ""grnwt"": 0.0, ""xlai"": 0.6596572995185852, ""totir"": 20.0, ""tofer"": NaN, ""swfac"": 0.0, ""nstres"": 0.1732558608055114}",0.0,0.1732558608055114,2915.6808471679688,0.0,0.6596572995185852,20.0,,0.0,0.0,20.0,0.0,19.30517883300781,27.30517883300781,Leave_One_experiments/all_year_offline_schedule_search/daily_outputs/LCA/LCA_2017_LCA2017_stress_grid_S0003_daily.csv
LCA,LCA,Luancheng,2017,Leave_One_experiments\wth_generated_qc\LCA\LCA2017.WTH,dry_year;water_stress_year;nitrogen_stress_year,water_stress,LCA2017_stress_grid_S0003,irrigation_positive_candidate,2017-08-08,220,60,55,"{""sim_day"": 60.0, ""doy"": 220.0, ""topwt"": 3043.3428955078125, ""grnwt"": 152.19109535217285, ""xlai"": 0.6461911201477051, ""totir"": 20.0, ""tofer"": NaN, ""swfac"": 0.0, ""nstres"": 0.1633117794990539}",0.0,0.1633117794990539,3043.3428955078125,152.19109535217285,0.6461911201477051,20.0,,0.0,0.0,20.0,0.0,19.30517883300781,27.30517883300781,Leave_One_experiments/all_year_offline_schedule_search/daily_outputs/LCA/LCA_2017_LCA2017_stress_grid_S0003_daily.csv
LCA,LCA,Luancheng,2017,Leave_One_experiments\wth_generated_qc\LCA\LCA2017.WTH,dry_year;water_stress_year;nitrogen_stress_year,water_stress,LCA2017_stress_grid_S0003,irrigation_positive_candidate,2017-08-09,221,61,56,"{""sim_day"": 61.0, ""doy"": 221.0, ""topwt"": 3180.282592773437, ""grnwt"": 277.37842559814453, ""xlai"": 0.6313444972038269, ""totir"": 20.0, ""tofer"": NaN, ""swfac"": 0.0, ""nstres"": 0.1838037371635437}",0.0,0.1838037371635437,3180.282592773437,277.37842559814453,0.6313444972038269,20.0,,0.0,0.0,20.0,0.0,19.30517883300781,27.30517883300781,Leave_One_experiments/all_year_offline_schedule_search/daily_outputs/LCA/LCA_2017_LCA2017_stress_grid_S0003_daily.csv
LCA,LCA,Luancheng,2017,Leave_One_experiments\wth_generated_qc\LCA\LCA2017.WTH,dry_year;water_stress_year;nitrogen_stress_year,water_stress,LCA2017_stress_grid_S0003,irrigation_positive_candidate,2017-08-10,222,62,57,"{""sim_day"": 62.0, ""doy"": 222.0, ""topwt"": 3280.8724975585938, ""grnwt"": 368.9216613769531, ""xlai"": 0.6168375015258789, ""totir"": 20.0, ""tofer"": NaN, ""swfac"": 0.0, ""nstres"": 0.1838235855102539}",0.0,0.1838235855102539,3280.8724975585938,368.9216613769531,0.6168375015258789,20.0,,0.0,0.0,20.0,0.0,19.30517883300781,27.30517883300781,Leave_One_experiments/all_year_offline_schedule_search/daily_outputs/LCA/LCA_2017_LCA2017_stress_grid_S0003_daily.csv
LCA,LCA,Luancheng,2017,Leave_One_experiments\wth_generated_qc\LCA\LCA2017.WTH,dry_year;water_stress_year;nitrogen_stress_year,water_stress,LCA2017_stress_grid_S0003,irrigation_positive_candidate,2017-08-11,223,63,58,"{""sim_day"": 63.0, ""doy"": 223.0, ""topwt"": 3380.887451171875, ""grnwt"": 494.1090393066406, ""xlai"": 0.602519690990448, ""totir"": 20.0, ""tofer"": NaN, ""swfac"": 0.0, ""nstres"": 0.1856929063796997}",0.0,0.1856929063796997,3380.887451171875,494.1090393066406,0.602519690990448,20.0,,0.0,0.0,20.0,0.0,19.30517883300781,27.30517883300781,Leave_One_experiments/all_year_offline_schedule_search/daily_outputs/LCA/LCA_2017_LCA2017_stress_grid_S0003_daily.csv
LCA,LCA,Luancheng,2017,Leave_One_experiments\wth_generated_qc\LCA\LCA2017.WTH,dry_year;water_stress_year;nitrogen_stress_year,water_stress,LCA2017_stress_grid_S0003,irrigation_positive_candidate,2017-08-12,224,64,59,"{""sim_day"": 64.0, ""doy"": 224.0, ""topwt"": 3488.960266113281, ""grnwt"": 619.2963409423828, ""xlai"": 0.5880187153816223, ""totir"": 20.0, ""tofer"": NaN, ""swfac"": 0.0, ""nstres"": 0.1925373077392578}",0.0,0.1925373077392578,3488.960266113281,619.2963409423828,0.5880187153816223,20.0,,0.0,0.0,20.0,0.0,19.30517883300781,27.30517883300781,Leave_One_experiments/all_year_offline_schedule_search/daily_outputs/LCA/LCA_2017_LCA2017_stress_grid_S0003_daily.csv
LCA,LCA,Luancheng,2017,Leave_One_experiments\wth_generated_qc\LCA\LCA2017.WTH,dry_year;water_stress_year;nitrogen_stress_year,water_stress,LCA2017_stress_grid_S0003,irrigation_positive_candidate,2017-08-13,225,65,60,"{""sim_day"": 65.0, ""doy"": 225.0, ""topwt"": 3608.3447265625, ""grnwt"": 738.2242584228516, ""xlai"": 0.5737763047218323, ""totir"": 20.0, ""tofer"": NaN, ""swfac"": 0.0, ""nstres"": 0.1937690377235412}",0.0,0.1937690377235412,3608.3447265625,738.2242584228516,0.5737763047218323,20.0,,0.0,0.0,20.0,0.0,19.30517883300781,27.30517883300781,Leave_One_experiments/all_year_offline_schedule_search/daily_outputs/LCA/LCA_2017_LCA2017_stress_grid_S0003_daily.csv
LCA,LCA,Luancheng,2017,Leave_One_experiments\wth_generated_qc\LCA\LCA2017.WTH,dry_year;water_stress_year;nitrogen_stress_year,water_stress,LCA2017_stress_grid_S0003,irrigation_positive_candidate,2017-08-14,226,66,61,"{""sim_day"": 66.0, ""doy"": 226.0, ""topwt"": 3720.861206054688, ""grnwt"": 863.4115600585938, ""xlai"": 0.5596808195114136, ""totir"": 20.0, ""tofer"": NaN, ""swfac"": 0.0, ""nstres"": 0.1965292692184448}",0.0,0.1965292692184448,3720.861206054688,863.4115600585938,0.5596808195114136,20.0,,0.0,0.0,20.0,0.0,19.30517883300781,27.30517883300781,Leave_One_experiments/all_year_offline_schedule_search/daily_outputs/LCA/LCA_2017_LCA2017_stress_grid_S0003_daily.csv
LCA,LCA,Luancheng,2017,Leave_One_experiments\wth_generated_qc\LCA\LCA2017.WTH,dry_year;water_stress_year;nitrogen_stress_year,water_stress,LCA2017_stress_grid_S0003,irrigation_positive_candidate,2017-08-15,227,67,62,"{""sim_day"": 67.0, ""doy"": 227.0, ""topwt"": 3848.4060668945312, ""grnwt"": 988.598861694336, ""xlai"": 0.5454595685005188, ""totir"": 20.0, ""tofer"": NaN, ""swfac"": 0.0, ""nstres"": 0.2098311781883239}",0.0,0.2098311781883239,3848.4060668945312,988.598861694336,0.5454595685005188,20.0,,0.0,0.0,20.0,0.0,19.30517883300781,27.30517883300781,Leave_One_experiments/all_year_offline_schedule_search/daily_outputs/LCA/LCA_2017_LCA2017_stress_grid_S0003_daily.csv
LCA,LCA,Luancheng,2017,Leave_One_experiments\wth_generated_qc\LCA\LCA2017.WTH,dry_year;water_stress_year;nitrogen_stress_year,water_stress,LCA2017_stress_grid_S0003,irrigation_positive_candidate,2017-08-16,228,68,63,"{""sim_day"": 68.0, ""doy"": 228.0, ""topwt"": 3880.6149291992183, ""grnwt"": 1113.786163330078, ""xlai"": 0.5312351584434509, ""totir"": 20.0, ""tofer"": NaN, ""swfac"": 0.0, ""nstres"": 0.2258651256561279}",0.0,0.2258651256561279,3880.6149291992183,1113.786163330078,0.5312351584434509,20.0,,0.0,0.0,20.0,0.0,19.30517883300781,27.30517883300781,Leave_One_experiments/all_year_offline_schedule_search/daily_outputs/LCA/LCA_2017_LCA2017_stress_grid_S0003_daily.csv
LCA,LCA,Luancheng,2017,Leave_One_experiments\wth_generated_qc\LCA\LCA2017.WTH,dry_year;water_stress_year;nitrogen_stress_year,water_stress,LCA2017_stress_grid_S0003,irrigation_positive_candidate,2017-08-17,229,69,64,"{""sim_day"": 69.0, ""doy"": 229.0, ""topwt"": 3925.469055175781, ""grnwt"": 1238.9734649658203, ""xlai"": 0.5169610977172852, ""totir"": 20.0, ""tofer"": NaN, ""swfac"": 0.0, ""nstres"": 0.2448673844337463}",0.0,0.2448673844337463,3925.469055175781,1238.9734649658203,0.5169610977172852,20.0,,0.0,0.0,20.0,0.0,19.30517883300781,27.30517883300781,Leave_One_experiments/all_year_offline_schedule_search/daily_outputs/LCA/LCA_2017_LCA2017_stress_grid_S0003_daily.csv
LCA,LCA,Luancheng,2017,Leave_One_experiments\wth_generated_qc\LCA\LCA2017.WTH,dry_year;water_stress_year;nitrogen_stress_year,water_stress,LCA2017_stress_grid_S0003,irrigation_positive_candidate,2017-08-18,230,70,65,"{""sim_day"": 70.0, ""doy"": 230.0, ""topwt"": 3977.1875, ""grnwt"": 1364.1607666015625, ""xlai"": 0.5035426616668701, ""totir"": 20.0, ""tofer"": NaN, ""swfac"": 0.0, ""nstres"": 0.222952663898468}",0.0,0.222952663898468,3977.1875,1364.1607666015625,0.5035426616668701,20.0,,0.0,0.0,20.0,0.0,19.30517883300781,27.30517883300781,Leave_One_experiments/all_year_offline_schedule_search/daily_outputs/LCA/LCA_2017_LCA2017_stress_grid_S0003_daily.csv
LCA,LCA,Luancheng,2017,Leave_One_experiments\wth_generated_qc\LCA\LCA2017.WTH,dry_year;water_stress_year;nitrogen_stress_year,water_stress,LCA2017_stress_grid_S0003,irrigation_positive_candidate,2017-08-19,231,71,66,"{""sim_day"": 71.0, ""doy"": 231.0, ""topwt"": 4072.680969238281, ""grnwt"": 1489.3479919433594, ""xlai"": 0.4908625781536102, ""totir"": 20.0, ""tofer"": NaN, ""swfac"": 0.0, ""nstres"": 0.2043638825416565}",0.0,0.2043638825416565,4072.680969238281,1489.3479919433594,0.4908625781536102,20.0,,0.0,0.0,20.0,0.0,19.30517883300781,27.30517883300781,Leave_One_experiments/all_year_offline_schedule_search/daily_outputs/LCA/LCA_2017_LCA2017_stress_grid_S0003_daily.csv
LCA,LCA,Luancheng,2017,Leave_One_experiments\wth_generated_qc\LCA\LCA2017.WTH,dry_year;water_stress_year;nitrogen_stress_year,water_stress,LCA2017_stress_grid_S0003,irrigation_positive_candidate,2017-08-20,232,72,67,"{""sim_day"": 72.0, ""doy"": 232.0, ""topwt"": 4173.8800048828125, ""grnwt"": 1601.2342834472656, ""xlai"": 0.4786916375160217, ""totir"": 20.0, ""tofer"": NaN, ""swfac"": 0.0, ""nstres"": 0.1983600258827209}",0.0,0.1983600258827209,4173.8800048828125,1601.2342834472656,0.4786916375160217,20.0,,0.0,0.0,20.0,0.0,19.30517883300781,27.30517883300781,Leave_One_experiments/all_year_offline_schedule_search/daily_outputs/LCA/LCA_2017_LCA2017_stress_grid_S0003_daily.csv
LCA,LCA,Luancheng,2017,Leave_One_experiments\wth_generated_qc\LCA\LCA2017.WTH,dry_year;water_stress_year;nitrogen_stress_year,water_stress,LCA2017_stress_grid_S0003,irrigation_positive_candidate,2017-08-21,233,73,68,"{""sim_day"": 73.0, ""doy"": 233.0, ""topwt"": 4222.061462402344, ""grnwt"": 1709.2082214355469, ""xlai"": 0.4666317403316498, ""totir"": 20.0, ""tofer"": NaN, ""swfac"": 0.0, ""nstres"": 0.2046458125114441}",0.0,0.2046458125114441,4222.061462402344,1709.2082214355469,0.4666317403316498,20.0,,0.0,0.0,20.0,0.0,19.30517883300781,27.30517883300781,Leave_One_experiments/all_year_offline_schedule_search/daily_outputs/LCA/LCA_2017_LCA2017_stress_grid_S0003_daily.csv
LCA,LCA,Luancheng,2017,Leave_One_experiments\wth_generated_qc\LCA\LCA2017.WTH,dry_year;water_stress_year;nitrogen_stress_year,water_stress,LCA2017_stress_grid_S0003,irrigation_positive_candidate,2017-08-22,234,74,69,"{""sim_day"": 74.0, ""doy"": 234.0, ""topwt"": 4303.236083984375, ""grnwt"": 1786.667938232422, ""xlai"": 0.4546377956867218, ""totir"": 20.0, ""tofer"": NaN, ""swfac"": 0.0, ""nstres"": 0.2168757319450378}",0.0,0.2168757319450378,4303.236083984375,1786.667938232422,0.4546377956867218,20.0,,0.0,0.0,20.0,0.0,19.30517883300781,27.30517883300781,Leave_One_experiments/all_year_offline_schedule_search/daily_outputs/LCA/LCA_2017_LCA2017_stress_grid_S0003_daily.csv
LCA,LCA,Luancheng,2017,Leave_One_experiments\wth_generated_qc\LCA\LCA2017.WTH,dry_year;water_stress_year;nitrogen_stress_year,water_stress,LCA2017_stress_grid_S0003,irrigation_positive_candidate,2017-08-23,235,75,70,"{""sim_day"": 75.0, ""doy"": 235.0, ""topwt"": 4403.804931640625, ""grnwt"": 1875.0814819335935, ""xlai"": 0.4437543451786041, ""totir"": 20.0, ""tofer"": NaN, ""swfac"": 0.0, ""nstres"": 0.1915104389190673}",0.0,0.1915104389190673,4403.804931640625,1875.0814819335935,0.4437543451786041,20.0,,0.0,0.0,20.0,0.0,19.30517883300781,27.30517883300781,Leave_One_experiments/all_year_offline_schedule_search/daily_outputs/LCA/LCA_2017_LCA2017_stress_grid_S0003_daily.csv
LCA,LCA,Luancheng,2017,Leave_One_experiments\wth_generated_qc\LCA\LCA2017.WTH,dry_year;water_stress_year;nitrogen_stress_year,water_stress,LCA2017_stress_grid_S0003,irrigation_positive_candidate,2017-08-24,236,76,71,"{""sim_day"": 76.0, ""doy"": 236.0, ""topwt"": 4476.773071289063, ""grnwt"": 1996.3568115234373, ""xlai"": 0.4329243004322052, ""totir"": 20.0, ""tofer"": NaN, ""swfac"": 0.0, ""nstres"": 0.1952431201934814}",0.0,0.1952431201934814,4476.773071289063,1996.3568115234373,0.4329243004322052,20.0,,0.0,0.0,20.0,0.0,19.30517883300781,27.30517883300781,Leave_One_experiments/all_year_offline_schedule_search/daily_outputs/LCA/LCA_2017_LCA2017_stress_grid_S0003_daily.csv
LCA,LCA,Luancheng,2017,Leave_One_experiments\wth_generated_qc\LCA\LCA2017.WTH,dry_year;water_stress_year;nitrogen_stress_year,water_stress,LCA2017_stress_grid_S0003,irrigation_positive_candidate,2017-08-25,237,77,72,"{""sim_day"": 77.0, ""doy"": 237.0, ""topwt"": 4492.739868164063, ""grnwt"": 2121.5440368652344, ""xlai"": 0.4215240180492401, ""totir"": 20.0, ""tofer"": NaN, ""swfac"": 0.0, ""nstres"": 0.2319932579994201}",0.0,0.2319932579994201,4492.739868164063,2121.5440368652344,0.4215240180492401,20.0,,0.0,0.0,20.0,0.0,19.30517883300781,27.30517883300781,Leave_One_experiments/all_year_offline_schedule_search/daily_outputs/LCA/LCA_2017_LCA2017_stress_grid_S0003_daily.csv
LCA,LCA,Luancheng,2017,Leave_One_experiments\wth_generated_qc\LCA\LCA2017.WTH,dry_year;water_stress_year;nitrogen_stress_year,water_stress,LCA2017_stress_grid_S0003,irrigation_positive_candidate,2017-08-26,238,78,73,"{""sim_day"": 78.0, ""doy"": 238.0, ""topwt"": 4502.750854492188, ""grnwt"": 2246.731414794922, ""xlai"": 0.4102757275104522, ""totir"": 20.0, ""tofer"": NaN, ""swfac"": 0.0, ""nstres"": 0.240434467792511}",0.0,0.240434467792511,4502.750854492188,2246.731414794922,0.4102757275104522,20.0,,0.0,0.0,20.0,0.0,19.30517883300781,27.30517883300781,Leave_One_experiments/all_year_offline_schedule_search/daily_outputs/LCA/LCA_2017_LCA2017_stress_grid_S0003_daily.csv
LCA,LCA,Luancheng,2017,Leave_One_experiments\wth_generated_qc\LCA\LCA2017.WTH,dry_year;water_stress_year;nitrogen_stress_year,water_stress,LCA2017_stress_grid_S0003,irrigation_positive_candidate,2017-08-27,239,79,74,"{""sim_day"": 79.0, ""doy"": 239.0, ""topwt"": 4477.901611328125, ""grnwt"": 2276.45263671875, ""xlai"": 0.3998712003231048, ""totir"": 20.0, ""tofer"": NaN, ""swfac"": 0.0, ""nstres"": 0.2086344361305236}",0.0,0.2086344361305236,4477.901611328125,2276.45263671875,0.3998712003231048,20.0,,0.0,0.0,20.0,0.0,19.30517883300781,27.30517883300781,Leave_One_experiments/all_year_offline_schedule_search/daily_outputs/LCA/LCA_2017_LCA2017_stress_grid_S0003_daily.csv
LCA,LCA,Luancheng,2017,Leave_One_experiments\wth_generated_qc\LCA\LCA2017.WTH,dry_year;water_stress_year;nitrogen_stress_year,water_stress,LCA2017_stress_grid_S0003,irrigation_positive_candidate,2017-08-28,240,80,75,"{""sim_day"": 80.0, ""doy"": 240.0, ""topwt"": 4509.756774902344, ""grnwt"": 2308.3074951171875, ""xlai"": 0.3920305073261261, ""totir"": 20.0, ""tofer"": NaN, ""swfac"": 0.0, ""nstres"": 0.1568648219108581}",0.0,0.1568648219108581,4509.756774902344,2308.3074951171875,0.3920305073261261,20.0,,0.0,0.0,20.0,0.0,19.30517883300781,27.30517883300781,Leave_One_experiments/all_year_offline_schedule_search/daily_outputs/LCA/LCA_2017_LCA2017_stress_grid_S0003_daily.csv
LCA,LCA,Luancheng,2017,Leave_One_experiments\wth_generated_qc\LCA\LCA2017.WTH,dry_year;water_stress_year;nitrogen_stress_year,water_stress,LCA2017_stress_grid_S0003,irrigation_positive_candidate,2017-08-29,241,81,76,"{""sim_day"": 81.0, ""doy"": 241.0, ""topwt"": 4615.018005371094, ""grnwt"": 2413.5691833496094, ""xlai"": 0.3855812549591064, ""totir"": 20.0, ""tofer"": NaN, ""swfac"": 0.0, ""nstres"": 0.1316053867340088}",0.0,0.1316053867340088,4615.018005371094,2413.5691833496094,0.3855812549591064,20.0,,0.0,0.0,20.0,0.0,19.30517883300781,27.30517883300781,Leave_One_experiments/all_year_offline_schedule_search/daily_outputs/LCA/LCA_2017_LCA2017_stress_grid_S0003_daily.csv
LCA,LCA,Luancheng,2017,Leave_One_experiments\wth_generated_qc\LCA\LCA2017.WTH,dry_year;water_stress_year;nitrogen_stress_year,water_stress,LCA2017_stress_grid_S0003,irrigation_positive_candidate,2017-08-30,242,82,77,"{""sim_day"": 82.0, ""doy"": 242.0, ""topwt"": 4647.476196289063, ""grnwt"": 2446.0276794433594, ""xlai"": 0.3778712451457977, ""totir"": 20.0, ""tofer"": NaN, ""swfac"": 0.0, ""nstres"": 0.1599663496017456}",0.0,0.1599663496017456,4647.476196289063,2446.0276794433594,0.3778712451457977,20.0,,0.0,0.0,20.0,0.0,19.30517883300781,27.30517883300781,Leave_One_experiments/all_year_offline_schedule_search/daily_outputs/LCA/LCA_2017_LCA2017_stress_grid_S0003_daily.csv
LCA,LCA,Luancheng,2017,Leave_One_experiments\wth_generated_qc\LCA\LCA2017.WTH,dry_year;water_stress_year;nitrogen_stress_year,water_stress,LCA2017_stress_grid_S0003,irrigation_positive_candidate,2017-08-31,243,83,78,"{""sim_day"": 83.0, ""doy"": 243.0, ""topwt"": 4706.774597167969, ""grnwt"": 2505.325927734375, ""xlai"": 0.3706869482994079, ""totir"": 20.0, ""tofer"": NaN, ""swfac"": 0.0, ""nstres"": 0.152100384235382}",0.0,0.152100384235382,4706.774597167969,2505.325927734375,0.3706869482994079,20.0,,0.0,0.0,20.0,0.0,19.30517883300781,27.30517883300781,Leave_One_experiments/all_year_offline_schedule_search/daily_outputs/LCA/LCA_2017_LCA2017_stress_grid_S0003_daily.csv
LCA,LCA,Luancheng,2017,Leave_One_experiments\wth_generated_qc\LCA\LCA2017.WTH,dry_year;water_stress_year;nitrogen_stress_year,water_stress,LCA2017_stress_grid_S0003,irrigation_positive_candidate,2017-09-01,244,84,79,"{""sim_day"": 84.0, ""doy"": 244.0, ""topwt"": 4738.282775878906, ""grnwt"": 2536.8336486816406, ""xlai"": 0.3634571433067322, ""totir"": 20.0, ""tofer"": NaN, ""swfac"": 0.0, ""nstres"": 0.1560293436050415}",0.0,0.1560293436050415,4738.282775878906,2536.8336486816406,0.3634571433067322,20.0,,0.0,0.0,20.0,0.0,19.30517883300781,27.30517883300781,Leave_One_experiments/all_year_offline_schedule_search/daily_outputs/LCA/LCA_2017_LCA2017_stress_grid_S0003_daily.csv
LCA,LCA,Luancheng,2017,Leave_One_experiments\wth_generated_qc\LCA\LCA2017.WTH,dry_year;water_stress_year;nitrogen_stress_year,water_stress,LCA2017_stress_grid_S0003,irrigation_positive_candidate,2017-09-02,245,85,80,"{""sim_day"": 85.0, ""doy"": 245.0, ""topwt"": 4805.62744140625, ""grnwt"": 2604.178771972656, ""xlai"": 0.3569027483463287, ""totir"": 20.0, ""tofer"": NaN, ""swfac"": 0.0, ""nstres"": 0.1442661881446838}",0.0,0.1442661881446838,4805.62744140625,2604.178771972656,0.3569027483463287,20.0,,0.0,0.0,20.0,0.0,19.30517883300781,27.30517883300781,Leave_One_experiments/all_year_offline_schedule_search/daily_outputs/LCA/LCA_2017_LCA2017_stress_grid_S0003_daily.csv
LCA,LCA,Luancheng,2017,Leave_One_experiments\wth_generated_qc\LCA\LCA2017.WTH,dry_year;water_stress_year;nitrogen_stress_year,water_stress,LCA2017_stress_grid_S0003,irrigation_positive_candidate,2017-09-03,246,86,81,"{""sim_day"": 86.0, ""doy"": 246.0, ""topwt"": 4861.323852539063, ""grnwt"": 2659.8748779296875, ""xlai"": 0.350184291601181, ""totir"": 20.0, ""tofer"": NaN, ""swfac"": 0.0, ""nstres"": 0.1505948305130005}",0.0,0.1505948305130005,4861.323852539063,2659.8748779296875,0.350184291601181,20.0,,0.0,0.0,20.0,0.0,19.30517883300781,27.30517883300781,Leave_One_experiments/all_year_offline_schedule_search/daily_outputs/LCA/LCA_2017_LCA2017_stress_grid_S0003_daily.csv
LCA,LCA,Luancheng,2017,Leave_One_experiments\wth_generated_qc\LCA\LCA2017.WTH,dry_year;water_stress_year;nitrogen_stress_year,water_stress,LCA2017_stress_grid_S0003,irrigation_positive_candidate,2017-09-04,247,87,82,"{""sim_day"": 87.0, ""doy"": 247.0, ""topwt"": 4898.6700439453125, ""grnwt"": 2697.2213745117188, ""xlai"": 0.3436303436756134, ""totir"": 20.0, ""tofer"": NaN, ""swfac"": 0.0, ""nstres"": 0.1497255563735962}",0.0,0.1497255563735962,4898.6700439453125,2697.2213745117188,0.3436303436756134,20.0,,0.0,0.0,20.0,0.0,19.30517883300781,27.30517883300781,Leave_One_experiments/all_year_offline_schedule_search/daily_outputs/LCA/LCA_2017_LCA2017_stress_grid_S0003_daily.csv
LCA,LCA,Luancheng,2017,Leave_One_experiments\wth_generated_qc\LCA\LCA2017.WTH,dry_year;water_stress_year;nitrogen_stress_year,water_stress,LCA2017_stress_grid_S0003,irrigation_positive_candidate,2017-09-05,248,88,83,"{""sim_day"": 88.0, ""doy"": 248.0, ""topwt"": 4977.512512207031, ""grnwt"": 2776.063537597656, ""xlai"": 0.3377100229263305, ""totir"": 20.0, ""tofer"": NaN, ""swfac"": 0.0, ""nstres"": 0.1378294229507446}",0.0,0.1378294229507446,4977.512512207031,2776.063537597656,0.3377100229263305,20.0,,0.0,0.0,20.0,0.0,19.30517883300781,27.30517883300781,Leave_One_experiments/all_year_offline_schedule_search/daily_outputs/LCA/LCA_2017_LCA2017_stress_grid_S0003_daily.csv
LCA,LCA,Luancheng,2017,Leave_One_experiments\wth_generated_qc\LCA\LCA2017.WTH,dry_year;water_stress_year;nitrogen_stress_year,water_stress,LCA2017_stress_grid_S0003,irrigation_positive_candidate,2017-09-06,249,89,84,"{""sim_day"": 89.0, ""doy"": 249.0, ""topwt"": 5057.171325683594, ""grnwt"": 2855.7223510742188, ""xlai"": 0.3313954770565033, ""totir"": 20.0, ""tofer"": NaN, ""swfac"": 0.0, ""nstres"": 0.1495847702026367}",0.0,0.1495847702026367,5057.171325683594,2855.7223510742188,0.3313954770565033,20.0,,0.0,0.0,20.0,0.0,19.30517883300781,27.30517883300781,Leave_One_experiments/all_year_offline_schedule_search/daily_outputs/LCA/LCA_2017_LCA2017_stress_grid_S0003_daily.csv
LCA,LCA,Luancheng,2017,Leave_One_experiments\wth_generated_qc\LCA\LCA2017.WTH,dry_year;water_stress_year;nitrogen_stress_year,water_stress,LCA2017_stress_grid_S0003,irrigation_positive_candidate,2017-09-07,250,90,85,"{""sim_day"": 90.0, ""doy"": 250.0, ""topwt"": 5131.966552734375, ""grnwt"": 2930.517883300781, ""xlai"": 0.3247841894626617, ""totir"": 20.0, ""tofer"": NaN, ""swfac"": 0.0, ""nstres"": 0.1595988273620605}",0.0,0.1595988273620605,5131.966552734375,2930.517883300781,0.3247841894626617,20.0,,0.0,0.0,20.0,0.0,19.30517883300781,27.30517883300781,Leave_One_experiments/all_year_offline_schedule_search/daily_outputs/LCA/LCA_2017_LCA2017_stress_grid_S0003_daily.csv
LCA,LCA,Luancheng,2017,Leave_One_experiments\wth_generated_qc\LCA\LCA2017.WTH,dry_year;water_stress_year;nitrogen_stress_year,water_stress,LCA2017_stress_grid_S0003,irrigation_positive_candidate,2017-09-08,251,91,86,"{""sim_day"": 91.0, ""doy"": 251.0, ""topwt"": 5131.966552734375, ""grnwt"": 2930.517883300781, ""xlai"": 0.3247841894626617, ""totir"": 20.0, ""tofer"": NaN, ""swfac"": 0.0, ""nstres"": 0.164164662361145}",0.0,0.164164662361145,5131.966552734375,2930.517883300781,0.3247841894626617,20.0,,0.0,0.0,20.0,0.0,19.30517883300781,27.30517883300781,Leave_One_experiments/all_year_offline_schedule_search/daily_outputs/LCA/LCA_2017_LCA2017_stress_grid_S0003_daily.csv
LCA,LCA,Luancheng,2017,Leave_One_experiments\wth_generated_qc\LCA\LCA2017.WTH,dry_year;water_stress_year;nitrogen_stress_year,water_stress,LCA2017_stress_grid_S0003,irrigation_positive_candidate,2017-09-09,252,92,87,"{""sim_day"": 92.0, ""doy"": 252.0, ""topwt"": 5131.966552734375, ""grnwt"": 2930.517883300781, ""xlai"": 0.3247841894626617, ""totir"": 20.0, ""tofer"": NaN, ""swfac"": 0.0, ""nstres"": 0.164164662361145}",0.0,0.164164662361145,5131.966552734375,2930.517883300781,0.3247841894626617,20.0,,0.0,0.0,20.0,0.0,19.30517883300781,27.30517883300781,Leave_One_experiments/all_year_offline_schedule_search/daily_outputs/LCA/LCA_2017_LCA2017_stress_grid_S0003_daily.csv
LCA,LCA,Luancheng,2017,Leave_One_experiments\wth_generated_qc\LCA\LCA2017.WTH,dry_year;water_stress_year;nitrogen_stress_year,water_stress,LCA2017_stress_grid_S0003,irrigation_positive_candidate,2017-09-10,253,93,88,"{""sim_day"": 93.0, ""doy"": 253.0, ""topwt"": 5131.966552734375, ""grnwt"": 2930.517883300781, ""xlai"": 0.3247841894626617, ""totir"": 20.0, ""tofer"": NaN, ""swfac"": 0.0, ""nstres"": 0.164164662361145}",0.0,0.164164662361145,5131.966552734375,2930.517883300781,0.3247841894626617,20.0,,0.0,0.0,20.0,0.0,19.30517883300781,27.30517883300781,Leave_One_experiments/all_year_offline_schedule_search/daily_outputs/LCA/LCA_2017_LCA2017_stress_grid_S0003_daily.csv
LCA,LCA,Luancheng,2017,Leave_One_experiments\wth_generated_qc\LCA\LCA2017.WTH,dry_year;water_stress_year;nitrogen_stress_year,water_stress,LCA2017_stress_grid_S0003,irrigation_positive_candidate,2017-09-11,254,94,89,"{""sim_day"": 94.0, ""doy"": 254.0, ""topwt"": 5131.966552734375, ""grnwt"": 2930.517883300781, ""xlai"": 0.3247841894626617, ""totir"": 20.0, ""tofer"": NaN, ""swfac"": 0.0, ""nstres"": 0.164164662361145}",0.0,0.164164662361145,5131.966552734375,2930.517883300781,0.3247841894626617,20.0,,0.0,0.0,20.0,0.0,19.30517883300781,27.30517883300781,Leave_One_experiments/all_year_offline_schedule_search/daily_outputs/LCA/LCA_2017_LCA2017_stress_grid_S0003_daily.csv
LCA,LCA,Luancheng,2017,Leave_One_experiments\wth_generated_qc\LCA\LCA2017.WTH,dry_year;water_stress_year;nitrogen_stress_year,water_stress,LCA2017_stress_grid_S0001,low_input_within_10pct_yield,2017-06-15,166,1,1,"{""sim_day"": 1.0, ""doy"": 166.0, ""topwt"": 0.0, ""grnwt"": 0.0, ""xlai"": 0.0, ""totir"": 0.0, ""tofer"": NaN, ""swfac"": 0.0, ""nstres"": 0.0}",0.0,0.0,0.0,0.0,0.0,0.0,,0.0,0.0,0.0,0.0,29.144189453125,29.144189453125,Leave_One_experiments/all_year_offline_schedule_search/daily_outputs/LCA/LCA_2017_LCA2017_stress_grid_S0001_daily.csv
LCA,LCA,Luancheng,2017,Leave_One_experiments\wth_generated_qc\LCA\LCA2017.WTH,dry_year;water_stress_year;nitrogen_stress_year,water_stress,LCA2017_stress_grid_S0001,low_input_within_10pct_yield,2017-06-16,167,2,2,"{""sim_day"": 2.0, ""doy"": 167.0, ""topwt"": 0.0, ""grnwt"": 0.0, ""xlai"": 0.0, ""totir"": 0.0, ""tofer"": NaN, ""swfac"": 0.0, ""nstres"": 0.0}",0.0,0.0,0.0,0.0,0.0,0.0,,0.0,0.0,0.0,0.0,29.144189453125,29.144189453125,Leave_One_experiments/all_year_offline_schedule_search/daily_outputs/LCA/LCA_2017_LCA2017_stress_grid_S0001_daily.csv
LCA,LCA,Luancheng,2017,Leave_One_experiments\wth_generated_qc\LCA\LCA2017.WTH,dry_year;water_stress_year;nitrogen_stress_year,water_stress,LCA2017_stress_grid_S0001,low_input_within_10pct_yield,2017-06-17,168,3,3,"{""sim_day"": 3.0, ""doy"": 168.0, ""topwt"": 0.0, ""grnwt"": 0.0, ""xlai"": 0.0, ""totir"": 0.0, ""tofer"": NaN, ""swfac"": 0.0, ""nstres"": 0.0}",0.0,0.0,0.0,0.0,0.0,0.0,,0.0,0.0,0.0,0.0,29.144189453125,29.144189453125,Leave_One_experiments/all_year_offline_schedule_search/daily_outputs/LCA/LCA_2017_LCA2017_stress_grid_S0001_daily.csv
LCA,LCA,Luancheng,2017,Leave_One_experiments\wth_generated_qc\LCA\LCA2017.WTH,dry_year;water_stress_year;nitrogen_stress_year,water_stress,LCA2017_stress_grid_S0001,low_input_within_10pct_yield,2017-06-18,169,4,4,"{""sim_day"": 4.0, ""doy"": 169.0, ""topwt"": 0.0, ""grnwt"": 0.0, ""xlai"": 0.0, ""totir"": 0.0, ""tofer"": NaN, ""swfac"": 0.0, ""nstres"": 0.0}",0.0,0.0,0.0,0.0,0.0,0.0,,0.0,0.0,0.0,0.0,29.144189453125,29.144189453125,Leave_One_experiments/all_year_offline_schedule_search/daily_outputs/LCA/LCA_2017_LCA2017_stress_grid_S0001_daily.csv
LCA,LCA,Luancheng,2017,Leave_One_experiments\wth_generated_qc\LCA\LCA2017.WTH,dry_year;water_stress_year;nitrogen_stress_year,water_stress,LCA2017_stress_grid_S0001,low_input_within_10pct_yield,2017-06-19,170,5,5,"{""sim_day"": 5.0, ""doy"": 170.0, ""topwt"": 0.0, ""grnwt"": 0.0, ""xlai"": 0.0, ""totir"": 0.0, ""tofer"": NaN, ""swfac"": 0.0, ""nstres"": 0.0}",0.0,0.0,0.0,0.0,0.0,0.0,,0.0,0.0,0.0,0.0,29.144189453125,29.144189453125,Leave_One_experiments/all_year_offline_schedule_search/daily_outputs/LCA/LCA_2017_LCA2017_stress_grid_S0001_daily.csv
LCA,LCA,Luancheng,2017,Leave_One_experiments\wth_generated_qc\LCA\LCA2017.WTH,dry_year;water_stress_year;nitrogen_stress_year,water_stress,LCA2017_stress_grid_S0001,low_input_within_10pct_yield,2017-06-15,166,6,1,"{""sim_day"": 6.0, ""doy"": 166.0, ""topwt"": 0.0, ""grnwt"": 0.0, ""xlai"": 0.0, ""totir"": 0.0, ""tofer"": NaN, ""swfac"": 0.0, ""nstres"": 0.0}",0.0,0.0,0.0,0.0,0.0,0.0,,0.0,0.0,0.0,0.0,29.144189453125,29.144189453125,Leave_One_experiments/all_year_offline_schedule_search/daily_outputs/LCA/LCA_2017_LCA2017_stress_grid_S0001_daily.csv
LCA,LCA,Luancheng,2017,Leave_One_experiments\wth_generated_qc\LCA\LCA2017.WTH,dry_year;water_stress_year;nitrogen_stress_year,water_stress,LCA2017_stress_grid_S0001,low_input_within_10pct_yield,2017-06-16,167,7,2,"{""sim_day"": 7.0, ""doy"": 167.0, ""topwt"": 0.0, ""grnwt"": 0.0, ""xlai"": 0.0, ""totir"": 0.0, ""tofer"": NaN, ""swfac"": 0.0, ""nstres"": 0.0}",0.0,0.0,0.0,0.0,0.0,0.0,,0.0,0.0,0.0,0.0,29.144189453125,29.144189453125,Leave_One_experiments/all_year_offline_schedule_search/daily_outputs/LCA/LCA_2017_LCA2017_stress_grid_S0001_daily.csv
LCA,LCA,Luancheng,2017,Leave_One_experiments\wth_generated_qc\LCA\LCA2017.WTH,dry_year;water_stress_year;nitrogen_stress_year,water_stress,LCA2017_stress_grid_S0001,low_input_within_10pct_yield,2017-06-17,168,8,3,"{""sim_day"": 8.0, ""doy"": 168.0, ""topwt"": 0.0, ""grnwt"": 0.0, ""xlai"": 0.0, ""totir"": 0.0, ""tofer"": NaN, ""swfac"": 0.0, ""nstres"": 0.0}",0.0,0.0,0.0,0.0,0.0,0.0,,0.0,0.0,0.0,0.0,29.144189453125,29.144189453125,Leave_One_experiments/all_year_offline_schedule_search/daily_outputs/LCA/LCA_2017_LCA2017_stress_grid_S0001_daily.csv
LCA,LCA,Luancheng,2017,Leave_One_experiments\wth_generated_qc\LCA\LCA2017.WTH,dry_year;water_stress_year;nitrogen_stress_year,water_stress,LCA2017_stress_grid_S0001,low_input_within_10pct_yield,2017-06-18,169,9,4,"{""sim_day"": 9.0, ""doy"": 169.0, ""topwt"": 0.0, ""grnwt"": 0.0, ""xlai"": 0.0, ""totir"": 0.0, ""tofer"": NaN, ""swfac"": 0.0, ""nstres"": 0.0}",0.0,0.0,0.0,0.0,0.0,0.0,,0.0,0.0,0.0,0.0,29.144189453125,29.144189453125,Leave_One_experiments/all_year_offline_schedule_search/daily_outputs/LCA/LCA_2017_LCA2017_stress_grid_S0001_daily.csv
LCA,LCA,Luancheng,2017,Leave_One_experiments\wth_generated_qc\LCA\LCA2017.WTH,dry_year;water_stress_year;nitrogen_stress_year,water_stress,LCA2017_stress_grid_S0001,low_input_within_10pct_yield,2017-06-19,170,10,5,"{""sim_day"": 10.0, ""doy"": 170.0, ""topwt"": 23.600001335144043, ""grnwt"": 0.0, ""xlai"": 0.0054951584897935, ""totir"": 0.0, ""tofer"": NaN, ""swfac"": 0.0, ""nstres"": 0.0121910572052001}",0.0,0.0121910572052001,23.600001335144043,0.0,0.0054951584897935,0.0,,0.0,0.0,0.0,0.0,29.144189453125,29.144189453125,Leave_One_experiments/all_year_offline_schedule_search/daily_outputs/LCA/LCA_2017_LCA2017_stress_grid_S0001_daily.csv
LCA,LCA,Luancheng,2017,Leave_One_experiments\wth_generated_qc\LCA\LCA2017.WTH,dry_year;water_stress_year;nitrogen_stress_year,water_stress,LCA2017_stress_grid_S0001,low_input_within_10pct_yield,2017-06-20,171,11,6,"{""sim_day"": 11.0, ""doy"": 171.0, ""topwt"": 23.600001335144043, ""grnwt"": 0.0, ""xlai"": 0.0112193431705236, ""totir"": 0.0, ""tofer"": NaN, ""swfac"": 0.0, ""nstres"": 0.0060214400291442}",0.0,0.0060214400291442,23.600001335144043,0.0,0.0112193431705236,0.0,,0.0,0.0,0.0,0.0,29.144189453125,29.144189453125,Leave_One_experiments/all_year_offline_schedule_search/daily_outputs/LCA/LCA_2017_LCA2017_stress_grid_S0001_daily.csv
LCA,LCA,Luancheng,2017,Leave_One_experiments\wth_generated_qc\LCA\LCA2017.WTH,dry_year;water_stress_year;nitrogen_stress_year,water_stress,LCA2017_stress_grid_S0001,low_input_within_10pct_yield,2017-06-21,172,12,7,"{""sim_day"": 12.0, ""doy"": 172.0, ""topwt"": 23.600001335144043, ""grnwt"": 0.0, ""xlai"": 0.0147742293775081, ""totir"": 0.0, ""tofer"": NaN, ""swfac"": 0.0, ""nstres"": 0.0002439618110656}",0.0,0.0002439618110656,23.600001335144043,0.0,0.0147742293775081,0.0,,0.0,0.0,0.0,0.0,29.144189453125,29.144189453125,Leave_One_experiments/all_year_offline_schedule_search/daily_outputs/LCA/LCA_2017_LCA2017_stress_grid_S0001_daily.csv
LCA,LCA,Luancheng,2017,Leave_One_experiments\wth_generated_qc\LCA\LCA2017.WTH,dry_year;water_stress_year;nitrogen_stress_year,water_stress,LCA2017_stress_grid_S0001,low_input_within_10pct_yield,2017-06-22,173,13,8,"{""sim_day"": 13.0, ""doy"": 173.0, ""topwt"": 23.600001335144043, ""grnwt"": 0.0, ""xlai"": 0.031895887106657, ""totir"": 0.0, ""tofer"": NaN, ""swfac"": 0.0, ""nstres"": 0.0}",0.0,0.0,23.600001335144043,0.0,0.031895887106657,0.0,,0.0,0.0,0.0,0.0,29.144189453125,29.144189453125,Leave_One_experiments/all_year_offline_schedule_search/daily_outputs/LCA/LCA_2017_LCA2017_stress_grid_S0001_daily.csv
LCA,LCA,Luancheng,2017,Leave_One_experiments\wth_generated_qc\LCA\LCA2017.WTH,dry_year;water_stress_year;nitrogen_stress_year,water_stress,LCA2017_stress_grid_S0001,low_input_within_10pct_yield,2017-06-23,174,14,9,"{""sim_day"": 14.0, ""doy"": 174.0, ""topwt"": 29.42981481552124, ""grnwt"": 0.0, ""xlai"": 0.0558663122355937, ""totir"": 0.0, ""tofer"": NaN, ""swfac"": 0.0, ""nstres"": 0.0}",0.0,0.0,29.42981481552124,0.0,0.0558663122355937,0.0,,0.0,0.0,0.0,0.0,29.144189453125,29.144189453125,Leave_One_experiments/all_year_offline_schedule_search/daily_outputs/LCA/LCA_2017_LCA2017_stress_grid_S0001_daily.csv
LCA,LCA,Luancheng,2017,Leave_One_experiments\wth_generated_qc\LCA\LCA2017.WTH,dry_year;water_stress_year;nitrogen_stress_year,water_stress,LCA2017_stress_grid_S0001,low_input_within_10pct_yield,2017-06-24,175,15,10,"{""sim_day"": 15.0, ""doy"": 175.0, ""topwt"": 42.635345458984375, ""grnwt"": 0.0, ""xlai"": 0.0872358232736587, ""totir"": 0.0, ""tofer"": NaN, ""swfac"": 0.0, ""nstres"": 0.0}",0.0,0.0,42.635345458984375,0.0,0.0872358232736587,0.0,,0.0,0.0,0.0,0.0,29.144189453125,29.144189453125,Leave_One_experiments/all_year_offline_schedule_search/daily_outputs/LCA/LCA_2017_LCA2017_stress_grid_S0001_daily.csv
LCA,LCA,Luancheng,2017,Leave_One_experiments\wth_generated_qc\LCA\LCA2017.WTH,dry_year;water_stress_year;nitrogen_stress_year,water_stress,LCA2017_stress_grid_S0001,low_input_within_10pct_yield,2017-06-25,176,16,11,"{""sim_day"": 16.0, ""doy"": 176.0, ""topwt"": 60.08244514465332, ""grnwt"": 0.0, ""xlai"": 0.1246716156601905, ""totir"": 0.0, ""tofer"": NaN, ""swfac"": 0.0, ""nstres"": 0.0}",0.0,0.0,60.08244514465332,0.0,0.1246716156601905,0.0,,0.0,0.0,0.0,0.0,29.144189453125,29.144189453125,Leave_One_experiments/all_year_offline_schedule_search/daily_outputs/LCA/LCA_2017_LCA2017_stress_grid_S0001_daily.csv
LCA,LCA,Luancheng,2017,Leave_One_experiments\wth_generated_qc\LCA\LCA2017.WTH,dry_year;water_stress_year;nitrogen_stress_year,water_stress,LCA2017_stress_grid_S0001,low_input_within_10pct_yield,2017-06-26,177,17,12,"{""sim_day"": 17.0, ""doy"": 177.0, ""topwt"": 84.83872413635254, ""grnwt"": 0.0, ""xlai"": 0.1732862591743469, ""totir"": 0.0, ""tofer"": NaN, ""swfac"": 0.0, ""nstres"": 0.0}",0.0,0.0,84.83872413635254,0.0,0.1732862591743469,0.0,,0.0,0.0,0.0,0.0,29.144189453125,29.144189453125,Leave_One_experiments/all_year_offline_schedule_search/daily_outputs/LCA/LCA_2017_LCA2017_stress_grid_S0001_daily.csv
LCA,LCA,Luancheng,2017,Leave_One_experiments\wth_generated_qc\LCA\LCA2017.WTH,dry_year;water_stress_year;nitrogen_stress_year,water_stress,LCA2017_stress_grid_S0001,low_input_within_10pct_yield,2017-06-27,178,18,13,"{""sim_day"": 18.0, ""doy"": 178.0, ""topwt"": 117.618989944458, ""grnwt"": 0.0, ""xlai"": 0.2326609045267105, ""totir"": 0.0, ""tofer"": NaN, ""swfac"": 0.0, ""nstres"": 0.0}",0.0,0.0,117.618989944458,0.0,0.2326609045267105,0.0,,0.0,0.0,0.0,0.0,29.144189453125,29.144189453125,Leave_One_experiments/all_year_offline_schedule_search/daily_outputs/LCA/LCA_2017_LCA2017_stress_grid_S0001_daily.csv
LCA,LCA,Luancheng,2017,Leave_One_experiments\wth_generated_qc\LCA\LCA2017.WTH,dry_year;water_stress_year;nitrogen_stress_year,water_stress,LCA2017_stress_grid_S0001,low_input_within_10pct_yield,2017-06-28,179,19,14,"{""sim_day"": 19.0, ""doy"": 179.0, ""topwt"": 146.34827613830566, ""grnwt"": 0.0, ""xlai"": 0.2999043464660644, ""totir"": 0.0, ""tofer"": NaN, ""swfac"": 0.0, ""nstres"": 0.0685964226722717}",0.0,0.0685964226722717,146.34827613830566,0.0,0.2999043464660644,0.0,,0.0,0.0,0.0,0.0,29.144189453125,29.144189453125,Leave_One_experiments/all_year_offline_schedule_search/daily_outputs/LCA/LCA_2017_LCA2017_stress_grid_S0001_daily.csv
LCA,LCA,Luancheng,2017,Leave_One_experiments\wth_generated_qc\LCA\LCA2017.WTH,dry_year;water_stress_year;nitrogen_stress_year,water_stress,LCA2017_stress_grid_S0001,low_input_within_10pct_yield,2017-06-29,180,20,15,"{""sim_day"": 20.0, ""doy"": 180.0, ""topwt"": 178.10405731201172, ""grnwt"": 0.0, ""xlai"": 0.3490076065063476, ""totir"": 0.0, ""tofer"": NaN, ""swfac"": 0.0, ""nstres"": 0.1715297698974609}",0.0,0.1715297698974609,178.10405731201172,0.0,0.3490076065063476,0.0,,0.0,0.0,0.0,0.0,29.144189453125,29.144189453125,Leave_One_experiments/all_year_offline_schedule_search/daily_outputs/LCA/LCA_2017_LCA2017_stress_grid_S0001_daily.csv
LCA,LCA,Luancheng,2017,Leave_One_experiments\wth_generated_qc\LCA\LCA2017.WTH,dry_year;water_stress_year;nitrogen_stress_year,water_stress,LCA2017_stress_grid_S0001,low_input_within_10pct_yield,2017-06-30,181,21,16,"{""sim_day"": 21.0, ""doy"": 181.0, ""topwt"": 210.059871673584, ""grnwt"": 0.0, ""xlai"": 0.3933399319648742, ""totir"": 0.0, ""tofer"": NaN, ""swfac"": 0.0, ""nstres"": 0.2339411377906799}",0.0,0.2339411377906799,210.059871673584,0.0,0.3933399319648742,0.0,,0.0,0.0,0.0,0.0,29.144189453125,29.144189453125,Leave_One_experiments/all_year_offline_schedule_search/daily_outputs/LCA/LCA_2017_LCA2017_stress_grid_S0001_daily.csv
LCA,LCA,Luancheng,2017,Leave_One_experiments\wth_generated_qc\LCA\LCA2017.WTH,dry_year;water_stress_year;nitrogen_stress_year,water_stress,LCA2017_stress_grid_S0001,low_input_within_10pct_yield,2017-07-01,182,22,17,"{""sim_day"": 22.0, ""doy"": 182.0, ""topwt"": 240.60979843139648, ""grnwt"": 0.0, ""xlai"": 0.4304699003696441, ""totir"": 0.0, ""tofer"": NaN, ""swfac"": 0.0, ""nstres"": 0.3494977951049804}",0.0,0.3494977951049804,240.60979843139648,0.0,0.4304699003696441,0.0,,0.0,0.0,0.0,0.0,29.144189453125,29.144189453125,Leave_One_experiments/all_year_offline_schedule_search/daily_outputs/LCA/LCA_2017_LCA2017_stress_grid_S0001_daily.csv
LCA,LCA,Luancheng,2017,Leave_One_experiments\wth_generated_qc\LCA\LCA2017.WTH,dry_year;water_stress_year;nitrogen_stress_year,water_stress,LCA2017_stress_grid_S0001,low_input_within_10pct_yield,2017-07-02,183,23,18,"{""sim_day"": 23.0, ""doy"": 183.0, ""topwt"": 272.76437759399414, ""grnwt"": 0.0, ""xlai"": 0.4666706323623657, ""totir"": 0.0, ""tofer"": NaN, ""swfac"": 0.0, ""nstres"": 0.398964524269104}",0.0,0.398964524269104,272.76437759399414,0.0,0.4666706323623657,0.0,,0.0,0.0,0.0,0.0,29.144189453125,29.144189453125,Leave_One_experiments/all_year_offline_schedule_search/daily_outputs/LCA/LCA_2017_LCA2017_stress_grid_S0001_daily.csv
LCA,LCA,Luancheng,2017,Leave_One_experiments\wth_generated_qc\LCA\LCA2017.WTH,dry_year;water_stress_year;nitrogen_stress_year,water_stress,LCA2017_stress_grid_S0001,low_input_within_10pct_yield,2017-07-03,184,24,19,"{""sim_day"": 24.0, ""doy"": 184.0, ""topwt"": 299.59171295166016, ""grnwt"": 0.0, ""xlai"": 0.4925122857093811, ""totir"": 0.0, ""tofer"": NaN, ""swfac"": 0.0, ""nstres"": 0.3942177891731262}",0.0,0.3942177891731262,299.59171295166016,0.0,0.4925122857093811,0.0,,0.0,0.0,0.0,0.0,29.144189453125,29.144189453125,Leave_One_experiments/all_year_offline_schedule_search/daily_outputs/LCA/LCA_2017_LCA2017_stress_grid_S0001_daily.csv
LCA,LCA,Luancheng,2017,Leave_One_experiments\wth_generated_qc\LCA\LCA2017.WTH,dry_year;water_stress_year;nitrogen_stress_year,water_stress,LCA2017_stress_grid_S0001,low_input_within_10pct_yield,2017-07-04,185,25,20,"{""sim_day"": 25.0, ""doy"": 185.0, ""topwt"": 337.5626754760742, ""grnwt"": 0.0, ""xlai"": 0.5284916758537292, ""totir"": 0.0, ""tofer"": NaN, ""swfac"": 0.0, ""nstres"": 0.3800749778747558}",0.0,0.3800749778747558,337.5626754760742,0.0,0.5284916758537292,0.0,,0.0,0.0,0.0,0.0,29.144189453125,29.144189453125,Leave_One_experiments/all_year_offline_schedule_search/daily_outputs/LCA/LCA_2017_LCA2017_stress_grid_S0001_daily.csv
LCA,LCA,Luancheng,2017,Leave_One_experiments\wth_generated_qc\LCA\LCA2017.WTH,dry_year;water_stress_year;nitrogen_stress_year,water_stress,LCA2017_stress_grid_S0001,low_input_within_10pct_yield,2017-07-05,186,26,21,"{""sim_day"": 26.0, ""doy"": 186.0, ""topwt"": 359.7981643676758, ""grnwt"": 0.0, ""xlai"": 0.5430910587310791, ""totir"": 0.0, ""tofer"": NaN, ""swfac"": 0.0, ""nstres"": 0.3773215413093567}",0.0,0.3773215413093567,359.7981643676758,0.0,0.5430910587310791,0.0,,0.0,0.0,0.0,0.0,29.144189453125,29.144189453125,Leave_One_experiments/all_year_offline_schedule_search/daily_outputs/LCA/LCA_2017_LCA2017_stress_grid_S0001_daily.csv
LCA,LCA,Luancheng,2017,Leave_One_experiments\wth_generated_qc\LCA\LCA2017.WTH,dry_year;water_stress_year;nitrogen_stress_year,water_stress,LCA2017_stress_grid_S0001,low_input_within_10pct_yield,2017-07-06,187,27,22,"{""sim_day"": 27.0, ""doy"": 187.0, ""topwt"": 409.19654846191406, ""grnwt"": 0.0, ""xlai"": 0.5916278958320618, ""totir"": 0.0, ""tofer"": NaN, ""swfac"": 0.0, ""nstres"": 0.4115614891052246}",0.0,0.4115614891052246,409.19654846191406,0.0,0.5916278958320618,0.0,,0.0,0.0,0.0,0.0,29.144189453125,29.144189453125,Leave_One_experiments/all_year_offline_schedule_search/daily_outputs/LCA/LCA_2017_LCA2017_stress_grid_S0001_daily.csv
LCA,LCA,Luancheng,2017,Leave_One_experiments\wth_generated_qc\LCA\LCA2017.WTH,dry_year;water_stress_year;nitrogen_stress_year,water_stress,LCA2017_stress_grid_S0001,low_input_within_10pct_yield,2017-07-07,188,28,23,"{""sim_day"": 28.0, ""doy"": 188.0, ""topwt"": 464.2630004882813, ""grnwt"": 0.0, ""xlai"": 0.6413553357124329, ""totir"": 0.0, ""tofer"": NaN, ""swfac"": 0.0, ""nstres"": 0.4073054194450378}",0.0,0.4073054194450378,464.2630004882813,0.0,0.6413553357124329,0.0,,0.0,0.0,0.0,0.0,29.144189453125,29.144189453125,Leave_One_experiments/all_year_offline_schedule_search/daily_outputs/LCA/LCA_2017_LCA2017_stress_grid_S0001_daily.csv
LCA,LCA,Luancheng,2017,Leave_One_experiments\wth_generated_qc\LCA\LCA2017.WTH,dry_year;water_stress_year;nitrogen_stress_year,water_stress,LCA2017_stress_grid_S0001,low_input_within_10pct_yield,2017-07-08,189,29,24,"{""sim_day"": 29.0, ""doy"": 189.0, ""topwt"": 514.5762252807617, ""grnwt"": 0.0, ""xlai"": 0.6783415079116821, ""totir"": 0.0, ""tofer"": NaN, ""swfac"": 0.0, ""nstres"": 0.4316088557243347}",0.0,0.4316088557243347,514.5762252807617,0.0,0.6783415079116821,0.0,,0.0,0.0,0.0,0.0,29.144189453125,29.144189453125,Leave_One_experiments/all_year_offline_schedule_search/daily_outputs/LCA/LCA_2017_LCA2017_stress_grid_S0001_daily.csv
LCA,LCA,Luancheng,2017,Leave_One_experiments\wth_generated_qc\LCA\LCA2017.WTH,dry_year;water_stress_year;nitrogen_stress_year,water_stress,LCA2017_stress_grid_S0001,low_input_within_10pct_yield,2017-07-09,190,30,25,"{""sim_day"": 30.0, ""doy"": 190.0, ""topwt"": 569.2719268798828, ""grnwt"": 0.0, ""xlai"": 0.7142254710197449, ""totir"": 0.0, ""tofer"": NaN, ""swfac"": 0.0, ""nstres"": 0.4387810826301574}",0.0,0.4387810826301574,569.2719268798828,0.0,0.7142254710197449,0.0,,0.0,0.0,0.0,0.0,29.144189453125,29.144189453125,Leave_One_experiments/all_year_offline_schedule_search/daily_outputs/LCA/LCA_2017_LCA2017_stress_grid_S0001_daily.csv
LCA,LCA,Luancheng,2017,Leave_One_experiments\wth_generated_qc\LCA\LCA2017.WTH,dry_year;water_stress_year;nitrogen_stress_year,water_stress,LCA2017_stress_grid_S0001,low_input_within_10pct_yield,2017-07-10,191,31,26,"{""sim_day"": 31.0, ""doy"": 191.0, ""topwt"": 631.2675857543945, ""grnwt"": 0.0, ""xlai"": 0.751767098903656, ""totir"": 0.0, ""tofer"": NaN, ""swfac"": 0.0, ""nstres"": 0.4278581738471985}",0.0,0.4278581738471985,631.2675857543945,0.0,0.751767098903656,0.0,,0.0,0.0,0.0,0.0,29.144189453125,29.144189453125,Leave_One_experiments/all_year_offline_schedule_search/daily_outputs/LCA/LCA_2017_LCA2017_stress_grid_S0001_daily.csv
LCA,LCA,Luancheng,2017,Leave_One_experiments\wth_generated_qc\LCA\LCA2017.WTH,dry_year;water_stress_year;nitrogen_stress_year,water_stress,LCA2017_stress_grid_S0001,low_input_within_10pct_yield,2017-07-11,192,32,27,"{""sim_day"": 32.0, ""doy"": 192.0, ""topwt"": 700.3422546386719, ""grnwt"": 0.0, ""xlai"": 0.7890415787696838, ""totir"": 0.0, ""tofer"": NaN, ""swfac"": 0.0, ""nstres"": 0.4312930107116699}",0.0,0.4312930107116699,700.3422546386719,0.0,0.7890415787696838,0.0,,0.0,0.0,0.0,0.0,29.144189453125,29.144189453125,Leave_One_experiments/all_year_offline_schedule_search/daily_outputs/LCA/LCA_2017_LCA2017_stress_grid_S0001_daily.csv
LCA,LCA,Luancheng,2017,Leave_One_experiments\wth_generated_qc\LCA\LCA2017.WTH,dry_year;water_stress_year;nitrogen_stress_year,water_stress,LCA2017_stress_grid_S0001,low_input_within_10pct_yield,2017-07-12,193,33,28,"{""sim_day"": 33.0, ""doy"": 193.0, ""topwt"": 779.53369140625, ""grnwt"": 0.0, ""xlai"": 0.826494038105011, ""totir"": 0.0, ""tofer"": NaN, ""swfac"": 0.0, ""nstres"": 0.4537526369094848}",0.0,0.4537526369094848,779.53369140625,0.0,0.826494038105011,0.0,,0.0,0.0,0.0,0.0,29.144189453125,29.144189453125,Leave_One_experiments/all_year_offline_schedule_search/daily_outputs/LCA/LCA_2017_LCA2017_stress_grid_S0001_daily.csv
LCA,LCA,Luancheng,2017,Leave_One_experiments\wth_generated_qc\LCA\LCA2017.WTH,dry_year;water_stress_year;nitrogen_stress_year,water_stress,LCA2017_stress_grid_S0001,low_input_within_10pct_yield,2017-07-13,194,34,29,"{""sim_day"": 34.0, ""doy"": 194.0, ""topwt"": 857.7800750732422, ""grnwt"": 0.0, ""xlai"": 0.8552889227867126, ""totir"": 0.0, ""tofer"": NaN, ""swfac"": 0.0, ""nstres"": 0.46799236536026}",0.0,0.46799236536026,857.7800750732422,0.0,0.8552889227867126,0.0,,0.0,0.0,0.0,0.0,29.144189453125,29.144189453125,Leave_One_experiments/all_year_offline_schedule_search/daily_outputs/LCA/LCA_2017_LCA2017_stress_grid_S0001_daily.csv
LCA,LCA,Luancheng,2017,Leave_One_experiments\wth_generated_qc\LCA\LCA2017.WTH,dry_year;water_stress_year;nitrogen_stress_year,water_stress,LCA2017_stress_grid_S0001,low_input_within_10pct_yield,2017-07-14,195,35,30,"{""sim_day"": 35.0, ""doy"": 195.0, ""topwt"": 926.1178588867188, ""grnwt"": 0.0, ""xlai"": 0.8706935048103333, ""totir"": 0.0, ""tofer"": NaN, ""swfac"": 0.0, ""nstres"": 0.4789031744003296}",0.0,0.4789031744003296,926.1178588867188,0.0,0.8706935048103333,0.0,,0.0,0.0,0.0,0.0,29.144189453125,29.144189453125,Leave_One_experiments/all_year_offline_schedule_search/daily_outputs/LCA/LCA_2017_LCA2017_stress_grid_S0001_daily.csv
LCA,LCA,Luancheng,2017,Leave_One_experiments\wth_generated_qc\LCA\LCA2017.WTH,dry_year;water_stress_year;nitrogen_stress_year,water_stress,LCA2017_stress_grid_S0001,low_input_within_10pct_yield,2017-07-15,196,36,31,"{""sim_day"": 36.0, ""doy"": 196.0, ""topwt"": 1015.2204895019532, ""grnwt"": 0.0, ""xlai"": 0.894463062286377, ""totir"": 0.0, ""tofer"": NaN, ""swfac"": 0.0, ""nstres"": 0.475151002407074}",0.0,0.475151002407074,1015.2204895019532,0.0,0.894463062286377,0.0,,0.0,0.0,0.0,0.0,29.144189453125,29.144189453125,Leave_One_experiments/all_year_offline_schedule_search/daily_outputs/LCA/LCA_2017_LCA2017_stress_grid_S0001_daily.csv
LCA,LCA,Luancheng,2017,Leave_One_experiments\wth_generated_qc\LCA\LCA2017.WTH,dry_year;water_stress_year;nitrogen_stress_year,water_stress,LCA2017_stress_grid_S0001,low_input_within_10pct_yield,2017-07-16,197,37,32,"{""sim_day"": 37.0, ""doy"": 197.0, ""topwt"": 1119.3515014648438, ""grnwt"": 0.0, ""xlai"": 0.9211490154266356, ""totir"": 0.0, ""tofer"": NaN, ""swfac"": 0.0, ""nstres"": 0.4652228355407715}",0.0,0.4652228355407715,1119.3515014648438,0.0,0.9211490154266356,0.0,,0.0,0.0,0.0,0.0,29.144189453125,29.144189453125,Leave_One_experiments/all_year_offline_schedule_search/daily_outputs/LCA/LCA_2017_LCA2017_stress_grid_S0001_daily.csv
LCA,LCA,Luancheng,2017,Leave_One_experiments\wth_generated_qc\LCA\LCA2017.WTH,dry_year;water_stress_year;nitrogen_stress_year,water_stress,LCA2017_stress_grid_S0001,low_input_within_10pct_yield,2017-07-17,198,38,33,"{""sim_day"": 38.0, ""doy"": 198.0, ""topwt"": 1180.904312133789, ""grnwt"": 0.0, ""xlai"": 0.9196040034294128, ""totir"": 0.0, ""tofer"": NaN, ""swfac"": 0.0, ""nstres"": 0.47060626745224}",0.0,0.47060626745224,1180.904312133789,0.0,0.9196040034294128,0.0,,0.0,0.0,0.0,0.0,29.144189453125,29.144189453125,Leave_One_experiments/all_year_offline_schedule_search/daily_outputs/LCA/LCA_2017_LCA2017_stress_grid_S0001_daily.csv
LCA,LCA,Luancheng,2017,Leave_One_experiments\wth_generated_qc\LCA\LCA2017.WTH,dry_year;water_stress_year;nitrogen_stress_year,water_stress,LCA2017_stress_grid_S0001,low_input_within_10pct_yield,2017-07-18,199,39,34,"{""sim_day"": 39.0, ""doy"": 199.0, ""topwt"": 1280.8796691894531, ""grnwt"": 0.0, ""xlai"": 0.9331108927726746, ""totir"": 0.0, ""tofer"": NaN, ""swfac"": 0.0, ""nstres"": 0.4849767684936523}",0.0,0.4849767684936523,1280.8796691894531,0.0,0.9331108927726746,0.0,,0.0,0.0,0.0,0.0,29.144189453125,29.144189453125,Leave_One_experiments/all_year_offline_schedule_search/daily_outputs/LCA/LCA_2017_LCA2017_stress_grid_S0001_daily.csv
LCA,LCA,Luancheng,2017,Leave_One_experiments\wth_generated_qc\LCA\LCA2017.WTH,dry_year;water_stress_year;nitrogen_stress_year,water_stress,LCA2017_stress_grid_S0001,low_input_within_10pct_yield,2017-07-19,200,40,35,"{""sim_day"": 40.0, ""doy"": 200.0, ""topwt"": 1377.7825927734375, ""grnwt"": 0.0, ""xlai"": 0.9453027248382568, ""totir"": 0.0, ""tofer"": NaN, ""swfac"": 0.0, ""nstres"": 0.4762195348739624}",0.0,0.4762195348739624,1377.7825927734375,0.0,0.9453027248382568,0.0,,0.0,0.0,0.0,0.0,29.144189453125,29.144189453125,Leave_One_experiments/all_year_offline_schedule_search/daily_outputs/LCA/LCA_2017_LCA2017_stress_grid_S0001_daily.csv
LCA,LCA,Luancheng,2017,Leave_One_experiments\wth_generated_qc\LCA\LCA2017.WTH,dry_year;water_stress_year;nitrogen_stress_year,water_stress,LCA2017_stress_grid_S0001,low_input_within_10pct_yield,2017-07-20,201,41,36,"{""sim_day"": 41.0, ""doy"": 201.0, ""topwt"": 1384.7576904296875, ""grnwt"": 0.0, ""xlai"": 0.9129251837730408, ""totir"": 0.0, ""tofer"": NaN, ""swfac"": 0.0, ""nstres"": 0.4856562614440918}",0.0,0.4856562614440918,1384.7576904296875,0.0,0.9129251837730408,0.0,,0.0,0.0,0.0,0.0,29.144189453125,29.144189453125,Leave_One_experiments/all_year_offline_schedule_search/daily_outputs/LCA/LCA_2017_LCA2017_stress_grid_S0001_daily.csv
LCA,LCA,Luancheng,2017,Leave_One_experiments\wth_generated_qc\LCA\LCA2017.WTH,dry_year;water_stress_year;nitrogen_stress_year,water_stress,LCA2017_stress_grid_S0001,low_input_within_10pct_yield,2017-07-21,202,42,37,"{""sim_day"": 42.0, ""doy"": 202.0, ""topwt"": 1428.9083862304688, ""grnwt"": 0.0, ""xlai"": 0.8941000699996948, ""totir"": 0.0, ""tofer"": NaN, ""swfac"": 0.0, ""nstres"": 0.4881461858749389}",0.0,0.4881461858749389,1428.9083862304688,0.0,0.8941000699996948,0.0,,0.0,0.0,0.0,0.0,29.144189453125,29.144189453125,Leave_One_experiments/all_year_offline_schedule_search/daily_outputs/LCA/LCA_2017_LCA2017_stress_grid_S0001_daily.csv
LCA,LCA,Luancheng,2017,Leave_One_experiments\wth_generated_qc\LCA\LCA2017.WTH,dry_year;water_stress_year;nitrogen_stress_year,water_stress,LCA2017_stress_grid_S0001,low_input_within_10pct_yield,2017-07-22,203,43,38,"{""sim_day"": 43.0, ""doy"": 203.0, ""topwt"": 1475.5467224121094, ""grnwt"": 0.0, ""xlai"": 0.8766366243362427, ""totir"": 0.0, ""tofer"": NaN, ""swfac"": 0.0, ""nstres"": 0.4513102173805237}",0.0,0.4513102173805237,1475.5467224121094,0.0,0.8766366243362427,0.0,,0.0,0.0,0.0,0.0,29.144189453125,29.144189453125,Leave_One_experiments/all_year_offline_schedule_search/daily_outputs/LCA/LCA_2017_LCA2017_stress_grid_S0001_daily.csv
LCA,LCA,Luancheng,2017,Leave_One_experiments\wth_generated_qc\LCA\LCA2017.WTH,dry_year;water_stress_year;nitrogen_stress_year,water_stress,LCA2017_stress_grid_S0001,low_input_within_10pct_yield,2017-07-23,204,44,39,"{""sim_day"": 44.0, ""doy"": 204.0, ""topwt"": 1548.7057495117188, ""grnwt"": 0.0, ""xlai"": 0.8668935298919678, ""totir"": 0.0, ""tofer"": NaN, ""swfac"": 0.0, ""nstres"": 0.4290931224822998}",0.0,0.4290931224822998,1548.7057495117188,0.0,0.8668935298919678,0.0,,0.0,0.0,0.0,0.0,29.144189453125,29.144189453125,Leave_One_experiments/all_year_offline_schedule_search/daily_outputs/LCA/LCA_2017_LCA2017_stress_grid_S0001_daily.csv
LCA,LCA,Luancheng,2017,Leave_One_experiments\wth_generated_qc\LCA\LCA2017.WTH,dry_year;water_stress_year;nitrogen_stress_year,water_stress,LCA2017_stress_grid_S0001,low_input_within_10pct_yield,2017-07-24,205,45,40,"{""sim_day"": 45.0, ""doy"": 205.0, ""topwt"": 1626.02294921875, ""grnwt"": 0.0, ""xlai"": 0.8580366969108582, ""totir"": 0.0, ""tofer"": NaN, ""swfac"": 0.0, ""nstres"": 0.4081448912620544}",0.0,0.4081448912620544,1626.02294921875,0.0,0.8580366969108582,0.0,,0.0,0.0,0.0,0.0,29.144189453125,29.144189453125,Leave_One_experiments/all_year_offline_schedule_search/daily_outputs/LCA/LCA_2017_LCA2017_stress_grid_S0001_daily.csv
LCA,LCA,Luancheng,2017,Leave_One_experiments\wth_generated_qc\LCA\LCA2017.WTH,dry_year;water_stress_year;nitrogen_stress_year,water_stress,LCA2017_stress_grid_S0001,low_input_within_10pct_yield,2017-07-25,206,46,41,"{""sim_day"": 46.0, ""doy"": 206.0, ""topwt"": 1654.16748046875, ""grnwt"": 0.0, ""xlai"": 0.8364356160163879, ""totir"": 0.0, ""tofer"": NaN, ""swfac"": 0.0, ""nstres"": 0.397576630115509}",0.0,0.397576630115509,1654.16748046875,0.0,0.8364356160163879,0.0,,0.0,0.0,0.0,0.0,29.144189453125,29.144189453125,Leave_One_experiments/all_year_offline_schedule_search/daily_outputs/LCA/LCA_2017_LCA2017_stress_grid_S0001_daily.csv
LCA,LCA,Luancheng,2017,Leave_One_experiments\wth_generated_qc\LCA\LCA2017.WTH,dry_year;water_stress_year;nitrogen_stress_year,water_stress,LCA2017_stress_grid_S0001,low_input_within_10pct_yield,2017-07-26,207,47,42,"{""sim_day"": 47.0, ""doy"": 207.0, ""topwt"": 1685.6631469726562, ""grnwt"": 0.0, ""xlai"": 0.8162386417388916, ""totir"": 0.0, ""tofer"": NaN, ""swfac"": 0.0, ""nstres"": 0.3925286531448364}",0.0,0.3925286531448364,1685.6631469726562,0.0,0.8162386417388916,0.0,,0.0,0.0,0.0,0.0,29.144189453125,29.144189453125,Leave_One_experiments/all_year_offline_schedule_search/daily_outputs/LCA/LCA_2017_LCA2017_stress_grid_S0001_daily.csv
LCA,LCA,Luancheng,2017,Leave_One_experiments\wth_generated_qc\LCA\LCA2017.WTH,dry_year;water_stress_year;nitrogen_stress_year,water_stress,LCA2017_stress_grid_S0001,low_input_within_10pct_yield,2017-07-27,208,48,43,"{""sim_day"": 48.0, ""doy"": 208.0, ""topwt"": 1708.7020874023438, ""grnwt"": 0.0, ""xlai"": 0.7953928709030151, ""totir"": 0.0, ""tofer"": NaN, ""swfac"": 0.0, ""nstres"": 0.3708271980285644}",0.0,0.3708271980285644,1708.7020874023438,0.0,0.7953928709030151,0.0,,0.0,0.0,0.0,0.0,29.144189453125,29.144189453125,Leave_One_experiments/all_year_offline_schedule_search/daily_outputs/LCA/LCA_2017_LCA2017_stress_grid_S0001_daily.csv
LCA,LCA,Luancheng,2017,Leave_One_experiments\wth_generated_qc\LCA\LCA2017.WTH,dry_year;water_stress_year;nitrogen_stress_year,water_stress,LCA2017_stress_grid_S0001,low_input_within_10pct_yield,2017-07-28,209,49,44,"{""sim_day"": 49.0, ""doy"": 209.0, ""topwt"": 1805.2017211914065, ""grnwt"": 0.0, ""xlai"": 0.7938148379325867, ""totir"": 0.0, ""tofer"": NaN, ""swfac"": 0.0, ""nstres"": 0.3488695621490478}",0.0,0.3488695621490478,1805.2017211914065,0.0,0.7938148379325867,0.0,,0.0,0.0,0.0,0.0,29.144189453125,29.144189453125,Leave_One_experiments/all_year_offline_schedule_search/daily_outputs/LCA/LCA_2017_LCA2017_stress_grid_S0001_daily.csv
LCA,LCA,Luancheng,2017,Leave_One_experiments\wth_generated_qc\LCA\LCA2017.WTH,dry_year;water_stress_year;nitrogen_stress_year,water_stress,LCA2017_stress_grid_S0001,low_input_within_10pct_yield,2017-07-29,210,50,45,"{""sim_day"": 50.0, ""doy"": 210.0, ""topwt"": 1929.1612243652344, ""grnwt"": 0.0, ""xlai"": 0.7997649908065796, ""totir"": 0.0, ""tofer"": NaN, ""swfac"": 0.0, ""nstres"": 0.3244473934173584}",0.0,0.3244473934173584,1929.1612243652344,0.0,0.7997649908065796,0.0,,0.0,0.0,0.0,0.0,29.144189453125,29.144189453125,Leave_One_experiments/all_year_offline_schedule_search/daily_outputs/LCA/LCA_2017_LCA2017_stress_grid_S0001_daily.csv
LCA,LCA,Luancheng,2017,Leave_One_experiments\wth_generated_qc\LCA\LCA2017.WTH,dry_year;water_stress_year;nitrogen_stress_year,water_stress,LCA2017_stress_grid_S0001,low_input_within_10pct_yield,2017-07-30,211,51,46,"{""sim_day"": 51.0, ""doy"": 211.0, ""topwt"": 2056.57958984375, ""grnwt"": 0.0, ""xlai"": 0.8066554069519043, ""totir"": 0.0, ""tofer"": NaN, ""swfac"": 0.0, ""nstres"": 0.3154032826423645}",0.0,0.3154032826423645,2056.57958984375,0.0,0.8066554069519043,0.0,,0.0,0.0,0.0,0.0,29.144189453125,29.144189453125,Leave_One_experiments/all_year_offline_schedule_search/daily_outputs/LCA/LCA_2017_LCA2017_stress_grid_S0001_daily.csv
LCA,LCA,Luancheng,2017,Leave_One_experiments\wth_generated_qc\LCA\LCA2017.WTH,dry_year;water_stress_year;nitrogen_stress_year,water_stress,LCA2017_stress_grid_S0001,low_input_within_10pct_yield,2017-07-31,212,52,47,"{""sim_day"": 52.0, ""doy"": 212.0, ""topwt"": 2122.5906372070312, ""grnwt"": 0.0, ""xlai"": 0.7832746505737305, ""totir"": 0.0, ""tofer"": NaN, ""swfac"": 0.0, ""nstres"": 0.2956357002258301}",0.0,0.2956357002258301,2122.5906372070312,0.0,0.7832746505737305,0.0,,0.0,0.0,0.0,0.0,29.144189453125,29.144189453125,Leave_One_experiments/all_year_offline_schedule_search/daily_outputs/LCA/LCA_2017_LCA2017_stress_grid_S0001_daily.csv
LCA,LCA,Luancheng,2017,Leave_One_experiments\wth_generated_qc\LCA\LCA2017.WTH,dry_year;water_stress_year;nitrogen_stress_year,water_stress,LCA2017_stress_grid_S0001,low_input_within_10pct_yield,2017-08-01,213,53,48,"{""sim_day"": 53.0, ""doy"": 213.0, ""topwt"": 2204.405517578125, ""grnwt"": 0.0, ""xlai"": 0.7614684104919434, ""totir"": 0.0, ""tofer"": NaN, ""swfac"": 0.0, ""nstres"": 0.2681527137756347}",0.0,0.2681527137756347,2204.405517578125,0.0,0.7614684104919434,0.0,,0.0,0.0,0.0,0.0,29.144189453125,29.144189453125,Leave_One_experiments/all_year_offline_schedule_search/daily_outputs/LCA/LCA_2017_LCA2017_stress_grid_S0001_daily.csv
LCA,LCA,Luancheng,2017,Leave_One_experiments\wth_generated_qc\LCA\LCA2017.WTH,dry_year;water_stress_year;nitrogen_stress_year,water_stress,LCA2017_stress_grid_S0001,low_input_within_10pct_yield,2017-08-02,214,54,49,"{""sim_day"": 54.0, ""doy"": 214.0, ""topwt"": 2341.2852478027344, ""grnwt"": 0.0, ""xlai"": 0.7413051724433899, ""totir"": 0.0, ""tofer"": NaN, ""swfac"": 0.0, ""nstres"": 0.2355057001113891}",0.0,0.2355057001113891,2341.2852478027344,0.0,0.7413051724433899,0.0,,0.0,0.0,0.0,0.0,29.144189453125,29.144189453125,Leave_One_experiments/all_year_offline_schedule_search/daily_outputs/LCA/LCA_2017_LCA2017_stress_grid_S0001_daily.csv
LCA,LCA,Luancheng,2017,Leave_One_experiments\wth_generated_qc\LCA\LCA2017.WTH,dry_year;water_stress_year;nitrogen_stress_year,water_stress,LCA2017_stress_grid_S0001,low_input_within_10pct_yield,2017-08-03,215,55,50,"{""sim_day"": 55.0, ""doy"": 215.0, ""topwt"": 2474.4369506835938, ""grnwt"": 0.0, ""xlai"": 0.7225096225738525, ""totir"": 0.0, ""tofer"": NaN, ""swfac"": 0.0, ""nstres"": 0.2085123658180236}",0.0,0.2085123658180236,2474.4369506835938,0.0,0.7225096225738525,0.0,,0.0,0.0,0.0,0.0,29.144189453125,29.144189453125,Leave_One_experiments/all_year_offline_schedule_search/daily_outputs/LCA/LCA_2017_LCA2017_stress_grid_S0001_daily.csv
LCA,LCA,Luancheng,2017,Leave_One_experiments\wth_generated_qc\LCA\LCA2017.WTH,dry_year;water_stress_year;nitrogen_stress_year,water_stress,LCA2017_stress_grid_S0001,low_input_within_10pct_yield,2017-08-04,216,56,51,"{""sim_day"": 56.0, ""doy"": 216.0, ""topwt"": 2566.7269897460938, ""grnwt"": 0.0, ""xlai"": 0.7045929431915283, ""totir"": 0.0, ""tofer"": NaN, ""swfac"": 0.0, ""nstres"": 0.1983821988105774}",0.0,0.1983821988105774,2566.7269897460938,0.0,0.7045929431915283,0.0,,0.0,0.0,0.0,0.0,29.144189453125,29.144189453125,Leave_One_experiments/all_year_offline_schedule_search/daily_outputs/LCA/LCA_2017_LCA2017_stress_grid_S0001_daily.csv
LCA,LCA,Luancheng,2017,Leave_One_experiments\wth_generated_qc\LCA\LCA2017.WTH,dry_year;water_stress_year;nitrogen_stress_year,water_stress,LCA2017_stress_grid_S0001,low_input_within_10pct_yield,2017-08-05,217,57,52,"{""sim_day"": 57.0, ""doy"": 217.0, ""topwt"": 2692.320251464844, ""grnwt"": 0.0, ""xlai"": 0.687658965587616, ""totir"": 0.0, ""tofer"": NaN, ""swfac"": 0.0, ""nstres"": 0.1922694444656372}",0.0,0.1922694444656372,2692.320251464844,0.0,0.687658965587616,0.0,,0.0,0.0,0.0,0.0,29.144189453125,29.144189453125,Leave_One_experiments/all_year_offline_schedule_search/daily_outputs/LCA/LCA_2017_LCA2017_stress_grid_S0001_daily.csv
LCA,LCA,Luancheng,2017,Leave_One_experiments\wth_generated_qc\LCA\LCA2017.WTH,dry_year;water_stress_year;nitrogen_stress_year,water_stress,LCA2017_stress_grid_S0001,low_input_within_10pct_yield,2017-08-06,218,58,53,"{""sim_day"": 58.0, ""doy"": 218.0, ""topwt"": 2785.9332275390625, ""grnwt"": 0.0, ""xlai"": 0.6720046997070312, ""totir"": 0.0, ""tofer"": NaN, ""swfac"": 0.0, ""nstres"": 0.1821169257164001}",0.0,0.1821169257164001,2785.9332275390625,0.0,0.6720046997070312,0.0,,0.0,0.0,0.0,0.0,29.144189453125,29.144189453125,Leave_One_experiments/all_year_offline_schedule_search/daily_outputs/LCA/LCA_2017_LCA2017_stress_grid_S0001_daily.csv
LCA,LCA,Luancheng,2017,Leave_One_experiments\wth_generated_qc\LCA\LCA2017.WTH,dry_year;water_stress_year;nitrogen_stress_year,water_stress,LCA2017_stress_grid_S0001,low_input_within_10pct_yield,2017-08-07,219,59,54,"{""sim_day"": 59.0, ""doy"": 219.0, ""topwt"": 2906.5841674804688, ""grnwt"": 0.0, ""xlai"": 0.657386302947998, ""totir"": 0.0, ""tofer"": NaN, ""swfac"": 0.0, ""nstres"": 0.1740263104438781}",0.0,0.1740263104438781,2906.5841674804688,0.0,0.657386302947998,0.0,,0.0,0.0,0.0,0.0,29.144189453125,29.144189453125,Leave_One_experiments/all_year_offline_schedule_search/daily_outputs/LCA/LCA_2017_LCA2017_stress_grid_S0001_daily.csv
LCA,LCA,Luancheng,2017,Leave_One_experiments\wth_generated_qc\LCA\LCA2017.WTH,dry_year;water_stress_year;nitrogen_stress_year,water_stress,LCA2017_stress_grid_S0001,low_input_within_10pct_yield,2017-08-08,220,60,55,"{""sim_day"": 60.0, ""doy"": 220.0, ""topwt"": 3033.7744140625, ""grnwt"": 151.77007675170898, ""xlai"": 0.6438982486724854, ""totir"": 0.0, ""tofer"": NaN, ""swfac"": 0.0, ""nstres"": 0.1641408801078796}",0.0,0.1641408801078796,3033.7744140625,151.77007675170898,0.6438982486724854,0.0,,0.0,0.0,0.0,0.0,29.144189453125,29.144189453125,Leave_One_experiments/all_year_offline_schedule_search/daily_outputs/LCA/LCA_2017_LCA2017_stress_grid_S0001_daily.csv
LCA,LCA,Luancheng,2017,Leave_One_experiments\wth_generated_qc\LCA\LCA2017.WTH,dry_year;water_stress_year;nitrogen_stress_year,water_stress,LCA2017_stress_grid_S0001,low_input_within_10pct_yield,2017-08-09,221,61,56,"{""sim_day"": 61.0, ""doy"": 221.0, ""topwt"": 3170.0897216796875, ""grnwt"": 276.284236907959, ""xlai"": 0.6290345191955566, ""totir"": 0.0, ""tofer"": NaN, ""swfac"": 0.0, ""nstres"": 0.1846723556518554}",0.0,0.1846723556518554,3170.0897216796875,276.284236907959,0.6290345191955566,0.0,,0.0,0.0,0.0,0.0,29.144189453125,29.144189453125,Leave_One_experiments/all_year_offline_schedule_search/daily_outputs/LCA/LCA_2017_LCA2017_stress_grid_S0001_daily.csv
LCA,LCA,Luancheng,2017,Leave_One_experiments\wth_generated_qc\LCA\LCA2017.WTH,dry_year;water_stress_year;nitrogen_stress_year,water_stress,LCA2017_stress_grid_S0001,low_input_within_10pct_yield,2017-08-10,222,62,57,"{""sim_day"": 62.0, ""doy"": 222.0, ""topwt"": 3270.21484375, ""grnwt"": 367.33524322509766, ""xlai"": 0.6145110726356506, ""totir"": 0.0, ""tofer"": NaN, ""swfac"": 0.0, ""nstres"": 0.184707224369049}",0.0,0.184707224369049,3270.21484375,367.33524322509766,0.6145110726356506,0.0,,0.0,0.0,0.0,0.0,29.144189453125,29.144189453125,Leave_One_experiments/all_year_offline_schedule_search/daily_outputs/LCA/LCA_2017_LCA2017_stress_grid_S0001_daily.csv
LCA,LCA,Luancheng,2017,Leave_One_experiments\wth_generated_qc\LCA\LCA2017.WTH,dry_year;water_stress_year;nitrogen_stress_year,water_stress,LCA2017_stress_grid_S0001,low_input_within_10pct_yield,2017-08-11,223,63,58,"{""sim_day"": 63.0, ""doy"": 223.0, ""topwt"": 3369.8110961914062, ""grnwt"": 491.84940338134766, ""xlai"": 0.6001736521720886, ""totir"": 0.0, ""tofer"": NaN, ""swfac"": 0.0, ""nstres"": 0.1866506934165954}",0.0,0.1866506934165954,3369.8110961914062,491.84940338134766,0.6001736521720886,0.0,,0.0,0.0,0.0,0.0,29.144189453125,29.144189453125,Leave_One_experiments/all_year_offline_schedule_search/daily_outputs/LCA/LCA_2017_LCA2017_stress_grid_S0001_daily.csv
LCA,LCA,Luancheng,2017,Leave_One_experiments\wth_generated_qc\LCA\LCA2017.WTH,dry_year;water_stress_year;nitrogen_stress_year,water_stress,LCA2017_stress_grid_S0001,low_input_within_10pct_yield,2017-08-12,224,64,59,"{""sim_day"": 64.0, ""doy"": 224.0, ""topwt"": 3477.4105834960938, ""grnwt"": 616.3636016845703, ""xlai"": 0.5856536626815796, ""totir"": 0.0, ""tofer"": NaN, ""swfac"": 0.0, ""nstres"": 0.193544864654541}",0.0,0.193544864654541,3477.4105834960938,616.3636016845703,0.5856536626815796,0.0,,0.0,0.0,0.0,0.0,29.144189453125,29.144189453125,Leave_One_experiments/all_year_offline_schedule_search/daily_outputs/LCA/LCA_2017_LCA2017_stress_grid_S0001_daily.csv
LCA,LCA,Luancheng,2017,Leave_One_experiments\wth_generated_qc\LCA\LCA2017.WTH,dry_year;water_stress_year;nitrogen_stress_year,water_stress,LCA2017_stress_grid_S0001,low_input_within_10pct_yield,2017-08-13,225,65,60,"{""sim_day"": 65.0, ""doy"": 225.0, ""topwt"": 3596.19873046875, ""grnwt"": 734.6520233154297, ""xlai"": 0.5713879466056824, ""totir"": 0.0, ""tofer"": NaN, ""swfac"": 0.0, ""nstres"": 0.194867730140686}",0.0,0.194867730140686,3596.19873046875,734.6520233154297,0.5713879466056824,0.0,,0.0,0.0,0.0,0.0,29.144189453125,29.144189453125,Leave_One_experiments/all_year_offline_schedule_search/daily_outputs/LCA/LCA_2017_LCA2017_stress_grid_S0001_daily.csv
LCA,LCA,Luancheng,2017,Leave_One_experiments\wth_generated_qc\LCA\LCA2017.WTH,dry_year;water_stress_year;nitrogen_stress_year,water_stress,LCA2017_stress_grid_S0001,low_input_within_10pct_yield,2017-08-14,226,66,61,"{""sim_day"": 66.0, ""doy"": 226.0, ""topwt"": 3708.17138671875, ""grnwt"": 859.1661834716797, ""xlai"": 0.5572674870491028, ""totir"": 0.0, ""tofer"": NaN, ""swfac"": 0.0, ""nstres"": 0.1977012157440185}",0.0,0.1977012157440185,3708.17138671875,859.1661834716797,0.5572674870491028,0.0,,0.0,0.0,0.0,0.0,29.144189453125,29.144189453125,Leave_One_experiments/all_year_offline_schedule_search/daily_outputs/LCA/LCA_2017_LCA2017_stress_grid_S0001_daily.csv
LCA,LCA,Luancheng,2017,Leave_One_experiments\wth_generated_qc\LCA\LCA2017.WTH,dry_year;water_stress_year;nitrogen_stress_year,water_stress,LCA2017_stress_grid_S0001,low_input_within_10pct_yield,2017-08-15,227,67,62,"{""sim_day"": 67.0, ""doy"": 227.0, ""topwt"": 3834.8532104492183, ""grnwt"": 983.6803436279296, ""xlai"": 0.5430233478546143, ""totir"": 0.0, ""tofer"": NaN, ""swfac"": 0.0, ""nstres"": 0.2134549021720886}",0.0,0.2134549021720886,3834.8532104492183,983.6803436279296,0.5430233478546143,0.0,,0.0,0.0,0.0,0.0,29.144189453125,29.144189453125,Leave_One_experiments/all_year_offline_schedule_search/daily_outputs/LCA/LCA_2017_LCA2017_stress_grid_S0001_daily.csv
LCA,LCA,Luancheng,2017,Leave_One_experiments\wth_generated_qc\LCA\LCA2017.WTH,dry_year;water_stress_year;nitrogen_stress_year,water_stress,LCA2017_stress_grid_S0001,low_input_within_10pct_yield,2017-08-16,228,68,63,"{""sim_day"": 68.0, ""doy"": 228.0, ""topwt"": 3866.7904663085938, ""grnwt"": 1108.1945037841797, ""xlai"": 0.5287786722183228, ""totir"": 0.0, ""tofer"": NaN, ""swfac"": 0.0, ""nstres"": 0.2295740842819214}",0.0,0.2295740842819214,3866.7904663085938,1108.1945037841797,0.5287786722183228,0.0,,0.0,0.0,0.0,0.0,29.144189453125,29.144189453125,Leave_One_experiments/all_year_offline_schedule_search/daily_outputs/LCA/LCA_2017_LCA2017_stress_grid_S0001_daily.csv
LCA,LCA,Luancheng,2017,Leave_One_experiments\wth_generated_qc\LCA\LCA2017.WTH,dry_year;water_stress_year;nitrogen_stress_year,water_stress,LCA2017_stress_grid_S0001,low_input_within_10pct_yield,2017-08-17,229,69,64,"{""sim_day"": 69.0, ""doy"": 229.0, ""topwt"": 3911.26953125, ""grnwt"": 1232.7085876464844, ""xlai"": 0.514494776725769, ""totir"": 0.0, ""tofer"": NaN, ""swfac"": 0.0, ""nstres"": 0.2483115196228027}",0.0,0.2483115196228027,3911.26953125,1232.7085876464844,0.514494776725769,0.0,,0.0,0.0,0.0,0.0,29.144189453125,29.144189453125,Leave_One_experiments/all_year_offline_schedule_search/daily_outputs/LCA/LCA_2017_LCA2017_stress_grid_S0001_daily.csv
LCA,LCA,Luancheng,2017,Leave_One_experiments\wth_generated_qc\LCA\LCA2017.WTH,dry_year;water_stress_year;nitrogen_stress_year,water_stress,LCA2017_stress_grid_S0001,low_input_within_10pct_yield,2017-08-18,230,70,65,"{""sim_day"": 70.0, ""doy"": 230.0, ""topwt"": 3962.555541992188, ""grnwt"": 1357.2227478027344, ""xlai"": 0.5010667443275452, ""totir"": 0.0, ""tofer"": NaN, ""swfac"": 0.0, ""nstres"": 0.2263879776000976}",0.0,0.2263879776000976,3962.555541992188,1357.2227478027344,0.5010667443275452,0.0,,0.0,0.0,0.0,0.0,29.144189453125,29.144189453125,Leave_One_experiments/all_year_offline_schedule_search/daily_outputs/LCA/LCA_2017_LCA2017_stress_grid_S0001_daily.csv
LCA,LCA,Luancheng,2017,Leave_One_experiments\wth_generated_qc\LCA\LCA2017.WTH,dry_year;water_stress_year;nitrogen_stress_year,water_stress,LCA2017_stress_grid_S0001,low_input_within_10pct_yield,2017-08-19,231,71,66,"{""sim_day"": 71.0, ""doy"": 231.0, ""topwt"": 4057.2134399414062, ""grnwt"": 1481.7369079589844, ""xlai"": 0.4883714318275451, ""totir"": 0.0, ""tofer"": NaN, ""swfac"": 0.0, ""nstres"": 0.2080769538879394}",0.0,0.2080769538879394,4057.2134399414062,1481.7369079589844,0.4883714318275451,0.0,,0.0,0.0,0.0,0.0,29.144189453125,29.144189453125,Leave_One_experiments/all_year_offline_schedule_search/daily_outputs/LCA/LCA_2017_LCA2017_stress_grid_S0001_daily.csv
LCA,LCA,Luancheng,2017,Leave_One_experiments\wth_generated_qc\LCA\LCA2017.WTH,dry_year;water_stress_year;nitrogen_stress_year,water_stress,LCA2017_stress_grid_S0001,low_input_within_10pct_yield,2017-08-20,232,72,67,"{""sim_day"": 72.0, ""doy"": 232.0, ""topwt"": 4157.8326416015625, ""grnwt"": 1593.0213928222656, ""xlai"": 0.4761901199817657, ""totir"": 0.0, ""tofer"": NaN, ""swfac"": 0.0, ""nstres"": 0.1995410919189453}",0.0,0.1995410919189453,4157.8326416015625,1593.0213928222656,0.4761901199817657,0.0,,0.0,0.0,0.0,0.0,29.144189453125,29.144189453125,Leave_One_experiments/all_year_offline_schedule_search/daily_outputs/LCA/LCA_2017_LCA2017_stress_grid_S0001_daily.csv
LCA,LCA,Luancheng,2017,Leave_One_experiments\wth_generated_qc\LCA\LCA2017.WTH,dry_year;water_stress_year;nitrogen_stress_year,water_stress,LCA2017_stress_grid_S0001,low_input_within_10pct_yield,2017-08-21,233,73,68,"{""sim_day"": 73.0, ""doy"": 233.0, ""topwt"": 4205.614013671875, ""grnwt"": 1700.4148864746094, ""xlai"": 0.464131087064743, ""totir"": 0.0, ""tofer"": NaN, ""swfac"": 0.0, ""nstres"": 0.2077783346176147}",0.0,0.2077783346176147,4205.614013671875,1700.4148864746094,0.464131087064743,0.0,,0.0,0.0,0.0,0.0,29.144189453125,29.144189453125,Leave_One_experiments/all_year_offline_schedule_search/daily_outputs/LCA/LCA_2017_LCA2017_stress_grid_S0001_daily.csv
LCA,LCA,Luancheng,2017,Leave_One_experiments\wth_generated_qc\LCA\LCA2017.WTH,dry_year;water_stress_year;nitrogen_stress_year,water_stress,LCA2017_stress_grid_S0001,low_input_within_10pct_yield,2017-08-22,234,74,69,"{""sim_day"": 74.0, ""doy"": 234.0, ""topwt"": 4286.207580566406, ""grnwt"": 1777.458038330078, ""xlai"": 0.4521368443965912, ""totir"": 0.0, ""tofer"": NaN, ""swfac"": 0.0, ""nstres"": 0.220215618610382}",0.0,0.220215618610382,4286.207580566406,1777.458038330078,0.4521368443965912,0.0,,0.0,0.0,0.0,0.0,29.144189453125,29.144189453125,Leave_One_experiments/all_year_offline_schedule_search/daily_outputs/LCA/LCA_2017_LCA2017_stress_grid_S0001_daily.csv
LCA,LCA,Luancheng,2017,Leave_One_experiments\wth_generated_qc\LCA\LCA2017.WTH,dry_year;water_stress_year;nitrogen_stress_year,water_stress,LCA2017_stress_grid_S0001,low_input_within_10pct_yield,2017-08-23,235,75,70,"{""sim_day"": 75.0, ""doy"": 235.0, ""topwt"": 4386.195373535156, ""grnwt"": 1865.396270751953, ""xlai"": 0.4412481188774109, ""totir"": 0.0, ""tofer"": NaN, ""swfac"": 0.0, ""nstres"": 0.1926625370979309}",0.0,0.1926625370979309,4386.195373535156,1865.396270751953,0.4412481188774109,0.0,,0.0,0.0,0.0,0.0,29.144189453125,29.144189453125,Leave_One_experiments/all_year_offline_schedule_search/daily_outputs/LCA/LCA_2017_LCA2017_stress_grid_S0001_daily.csv
LCA,LCA,Luancheng,2017,Leave_One_experiments\wth_generated_qc\LCA\LCA2017.WTH,dry_year;water_stress_year;nitrogen_stress_year,water_stress,LCA2017_stress_grid_S0001,low_input_within_10pct_yield,2017-08-24,236,76,71,"{""sim_day"": 76.0, ""doy"": 236.0, ""topwt"": 4458.717956542969, ""grnwt"": 1986.019287109375, ""xlai"": 0.4304215610027313, ""totir"": 0.0, ""tofer"": NaN, ""swfac"": 0.0, ""nstres"": 0.1962897181510925}",0.0,0.1962897181510925,4458.717956542969,1986.019287109375,0.4304215610027313,0.0,,0.0,0.0,0.0,0.0,29.144189453125,29.144189453125,Leave_One_experiments/all_year_offline_schedule_search/daily_outputs/LCA/LCA_2017_LCA2017_stress_grid_S0001_daily.csv
LCA,LCA,Luancheng,2017,Leave_One_experiments\wth_generated_qc\LCA\LCA2017.WTH,dry_year;water_stress_year;nitrogen_stress_year,water_stress,LCA2017_stress_grid_S0001,low_input_within_10pct_yield,2017-08-25,237,77,72,"{""sim_day"": 77.0, ""doy"": 237.0, ""topwt"": 4474.549865722656, ""grnwt"": 2110.5332946777344, ""xlai"": 0.4190391600131988, ""totir"": 0.0, ""tofer"": NaN, ""swfac"": 0.0, ""nstres"": 0.2346717119216919}",0.0,0.2346717119216919,4474.549865722656,2110.5332946777344,0.4190391600131988,0.0,,0.0,0.0,0.0,0.0,29.144189453125,29.144189453125,Leave_One_experiments/all_year_offline_schedule_search/daily_outputs/LCA/LCA_2017_LCA2017_stress_grid_S0001_daily.csv
LCA,LCA,Luancheng,2017,Leave_One_experiments\wth_generated_qc\LCA\LCA2017.WTH,dry_year;water_stress_year;nitrogen_stress_year,water_stress,LCA2017_stress_grid_S0001,low_input_within_10pct_yield,2017-08-26,238,78,73,"{""sim_day"": 78.0, ""doy"": 238.0, ""topwt"": 4484.477233886719, ""grnwt"": 2235.0474548339844, ""xlai"": 0.4078135788440704, ""totir"": 0.0, ""tofer"": NaN, ""swfac"": 0.0, ""nstres"": 0.2429274320602417}",0.0,0.2429274320602417,4484.477233886719,2235.0474548339844,0.4078135788440704,0.0,,0.0,0.0,0.0,0.0,29.144189453125,29.144189453125,Leave_One_experiments/all_year_offline_schedule_search/daily_outputs/LCA/LCA_2017_LCA2017_stress_grid_S0001_daily.csv
LCA,LCA,Luancheng,2017,Leave_One_experiments\wth_generated_qc\LCA\LCA2017.WTH,dry_year;water_stress_year;nitrogen_stress_year,water_stress,LCA2017_stress_grid_S0001,low_input_within_10pct_yield,2017-08-27,239,79,74,"{""sim_day"": 79.0, ""doy"": 239.0, ""topwt"": 4458.546752929688, ""grnwt"": 2264.515991210937, ""xlai"": 0.3974266648292541, ""totir"": 0.0, ""tofer"": NaN, ""swfac"": 0.0, ""nstres"": 0.21127450466156}",0.0,0.21127450466156,4458.546752929688,2264.515991210937,0.3974266648292541,0.0,,0.0,0.0,0.0,0.0,29.144189453125,29.144189453125,Leave_One_experiments/all_year_offline_schedule_search/daily_outputs/LCA/LCA_2017_LCA2017_stress_grid_S0001_daily.csv
LCA,LCA,Luancheng,2017,Leave_One_experiments\wth_generated_qc\LCA\LCA2017.WTH,dry_year;water_stress_year;nitrogen_stress_year,water_stress,LCA2017_stress_grid_S0001,low_input_within_10pct_yield,2017-08-28,240,80,75,"{""sim_day"": 80.0, ""doy"": 240.0, ""topwt"": 4490.191345214844, ""grnwt"": 2296.160125732422, ""xlai"": 0.3895786106586456, ""totir"": 0.0, ""tofer"": NaN, ""swfac"": 0.0, ""nstres"": 0.1579759120941162}",0.0,0.1579759120941162,4490.191345214844,2296.160125732422,0.3895786106586456,0.0,,0.0,0.0,0.0,0.0,29.144189453125,29.144189453125,Leave_One_experiments/all_year_offline_schedule_search/daily_outputs/LCA/LCA_2017_LCA2017_stress_grid_S0001_daily.csv
LCA,LCA,Luancheng,2017,Leave_One_experiments\wth_generated_qc\LCA\LCA2017.WTH,dry_year;water_stress_year;nitrogen_stress_year,water_stress,LCA2017_stress_grid_S0001,low_input_within_10pct_yield,2017-08-29,241,81,76,"{""sim_day"": 81.0, ""doy"": 241.0, ""topwt"": 4594.780883789063, ""grnwt"": 2400.749969482422, ""xlai"": 0.3831296563148498, ""totir"": 0.0, ""tofer"": NaN, ""swfac"": 0.0, ""nstres"": 0.1324283480644226}",0.0,0.1324283480644226,4594.780883789063,2400.749969482422,0.3831296563148498,0.0,,0.0,0.0,0.0,0.0,29.144189453125,29.144189453125,Leave_One_experiments/all_year_offline_schedule_search/daily_outputs/LCA/LCA_2017_LCA2017_stress_grid_S0001_daily.csv
LCA,LCA,Luancheng,2017,Leave_One_experiments\wth_generated_qc\LCA\LCA2017.WTH,dry_year;water_stress_year;nitrogen_stress_year,water_stress,LCA2017_stress_grid_S0001,low_input_within_10pct_yield,2017-08-30,242,82,77,"{""sim_day"": 82.0, ""doy"": 242.0, ""topwt"": 4627.039794921875, ""grnwt"": 2433.0088806152344, ""xlai"": 0.3754439651966095, ""totir"": 0.0, ""tofer"": NaN, ""swfac"": 0.0, ""nstres"": 0.1604836583137512}",0.0,0.1604836583137512,4627.039794921875,2433.0088806152344,0.3754439651966095,0.0,,0.0,0.0,0.0,0.0,29.144189453125,29.144189453125,Leave_One_experiments/all_year_offline_schedule_search/daily_outputs/LCA/LCA_2017_LCA2017_stress_grid_S0001_daily.csv
LCA,LCA,Luancheng,2017,Leave_One_experiments\wth_generated_qc\LCA\LCA2017.WTH,dry_year;water_stress_year;nitrogen_stress_year,water_stress,LCA2017_stress_grid_S0001,low_input_within_10pct_yield,2017-08-31,243,83,78,"{""sim_day"": 83.0, ""doy"": 243.0, ""topwt"": 4685.972595214844, ""grnwt"": 2491.9415283203125, ""xlai"": 0.3682838678359985, ""totir"": 0.0, ""tofer"": NaN, ""swfac"": 0.0, ""nstres"": 0.1525683403015136}",0.0,0.1525683403015136,4685.972595214844,2491.9415283203125,0.3682838678359985,0.0,,0.0,0.0,0.0,0.0,29.144189453125,29.144189453125,Leave_One_experiments/all_year_offline_schedule_search/daily_outputs/LCA/LCA_2017_LCA2017_stress_grid_S0001_daily.csv
LCA,LCA,Luancheng,2017,Leave_One_experiments\wth_generated_qc\LCA\LCA2017.WTH,dry_year;water_stress_year;nitrogen_stress_year,water_stress,LCA2017_stress_grid_S0001,low_input_within_10pct_yield,2017-09-01,244,84,79,"{""sim_day"": 84.0, ""doy"": 244.0, ""topwt"": 4717.281188964844, ""grnwt"": 2523.2504272460938, ""xlai"": 0.3610761165618896, ""totir"": 0.0, ""tofer"": NaN, ""swfac"": 0.0, ""nstres"": 0.1565685868263244}",0.0,0.1565685868263244,4717.281188964844,2523.2504272460938,0.3610761165618896,0.0,,0.0,0.0,0.0,0.0,29.144189453125,29.144189453125,Leave_One_experiments/all_year_offline_schedule_search/daily_outputs/LCA/LCA_2017_LCA2017_stress_grid_S0001_daily.csv
LCA,LCA,Luancheng,2017,Leave_One_experiments\wth_generated_qc\LCA\LCA2017.WTH,dry_year;water_stress_year;nitrogen_stress_year,water_stress,LCA2017_stress_grid_S0001,low_input_within_10pct_yield,2017-09-02,245,85,80,"{""sim_day"": 85.0, ""doy"": 245.0, ""topwt"": 4784.1900634765625, ""grnwt"": 2590.1589965820312, ""xlai"": 0.3545367121696472, ""totir"": 0.0, ""tofer"": NaN, ""swfac"": 0.0, ""nstres"": 0.144888162612915}",0.0,0.144888162612915,4784.1900634765625,2590.1589965820312,0.3545367121696472,0.0,,0.0,0.0,0.0,0.0,29.144189453125,29.144189453125,Leave_One_experiments/all_year_offline_schedule_search/daily_outputs/LCA/LCA_2017_LCA2017_stress_grid_S0001_daily.csv
LCA,LCA,Luancheng,2017,Leave_One_experiments\wth_generated_qc\LCA\LCA2017.WTH,dry_year;water_stress_year;nitrogen_stress_year,water_stress,LCA2017_stress_grid_S0001,low_input_within_10pct_yield,2017-09-03,246,86,81,"{""sim_day"": 86.0, ""doy"": 246.0, ""topwt"": 4839.525451660156, ""grnwt"": 2645.4946899414062, ""xlai"": 0.3478386998176574, ""totir"": 0.0, ""tofer"": NaN, ""swfac"": 0.0, ""nstres"": 0.151138424873352}",0.0,0.151138424873352,4839.525451660156,2645.4946899414062,0.3478386998176574,0.0,,0.0,0.0,0.0,0.0,29.144189453125,29.144189453125,Leave_One_experiments/all_year_offline_schedule_search/daily_outputs/LCA/LCA_2017_LCA2017_stress_grid_S0001_daily.csv
LCA,LCA,Luancheng,2017,Leave_One_experiments\wth_generated_qc\LCA\LCA2017.WTH,dry_year;water_stress_year;nitrogen_stress_year,water_stress,LCA2017_stress_grid_S0001,low_input_within_10pct_yield,2017-09-04,247,87,82,"{""sim_day"": 87.0, ""doy"": 247.0, ""topwt"": 4876.630554199219, ""grnwt"": 2682.5994873046875, ""xlai"": 0.3413080871105194, ""totir"": 0.0, ""tofer"": NaN, ""swfac"": 0.0, ""nstres"": 0.150198757648468}",0.0,0.150198757648468,4876.630554199219,2682.5994873046875,0.3413080871105194,0.0,,0.0,0.0,0.0,0.0,29.144189453125,29.144189453125,Leave_One_experiments/all_year_offline_schedule_search/daily_outputs/LCA/LCA_2017_LCA2017_stress_grid_S0001_daily.csv
LCA,LCA,Luancheng,2017,Leave_One_experiments\wth_generated_qc\LCA\LCA2017.WTH,dry_year;water_stress_year;nitrogen_stress_year,water_stress,LCA2017_stress_grid_S0001,low_input_within_10pct_yield,2017-09-05,248,88,83,"{""sim_day"": 88.0, ""doy"": 248.0, ""topwt"": 4954.961242675781, ""grnwt"": 2760.9304809570312, ""xlai"": 0.3354091048240661, ""totir"": 0.0, ""tofer"": NaN, ""swfac"": 0.0, ""nstres"": 0.1382691860198974}",0.0,0.1382691860198974,4954.961242675781,2760.9304809570312,0.3354091048240661,0.0,,0.0,0.0,0.0,0.0,29.144189453125,29.144189453125,Leave_One_experiments/all_year_offline_schedule_search/daily_outputs/LCA/LCA_2017_LCA2017_stress_grid_S0001_daily.csv
LCA,LCA,Luancheng,2017,Leave_One_experiments\wth_generated_qc\LCA\LCA2017.WTH,dry_year;water_stress_year;nitrogen_stress_year,water_stress,LCA2017_stress_grid_S0001,low_input_within_10pct_yield,2017-09-06,249,89,84,"{""sim_day"": 89.0, ""doy"": 249.0, ""topwt"": 5034.116516113281, ""grnwt"": 2840.08544921875, ""xlai"": 0.3291275203227997, ""totir"": 0.0, ""tofer"": NaN, ""swfac"": 0.0, ""nstres"": 0.1498239040374755}",0.0,0.1498239040374755,5034.116516113281,2840.08544921875,0.3291275203227997,0.0,,0.0,0.0,0.0,0.0,29.144189453125,29.144189453125,Leave_One_experiments/all_year_offline_schedule_search/daily_outputs/LCA/LCA_2017_LCA2017_stress_grid_S0001_daily.csv
LCA,LCA,Luancheng,2017,Leave_One_experiments\wth_generated_qc\LCA\LCA2017.WTH,dry_year;water_stress_year;nitrogen_stress_year,water_stress,LCA2017_stress_grid_S0001,low_input_within_10pct_yield,2017-09-07,250,90,85,"{""sim_day"": 90.0, ""doy"": 250.0, ""topwt"": 5108.44970703125, ""grnwt"": 2914.4189453125, ""xlai"": 0.3225582838058471, ""totir"": 0.0, ""tofer"": NaN, ""swfac"": 0.0, ""nstres"": 0.1596749424934387}",0.0,0.1596749424934387,5108.44970703125,2914.4189453125,0.3225582838058471,0.0,,0.0,0.0,0.0,0.0,29.144189453125,29.144189453125,Leave_One_experiments/all_year_offline_schedule_search/daily_outputs/LCA/LCA_2017_LCA2017_stress_grid_S0001_daily.csv
LCA,LCA,Luancheng,2017,Leave_One_experiments\wth_generated_qc\LCA\LCA2017.WTH,dry_year;water_stress_year;nitrogen_stress_year,water_stress,LCA2017_stress_grid_S0001,low_input_within_10pct_yield,2017-09-08,251,91,86,"{""sim_day"": 91.0, ""doy"": 251.0, ""topwt"": 5108.44970703125, ""grnwt"": 2914.4189453125, ""xlai"": 0.3225582838058471, ""totir"": 0.0, ""tofer"": NaN, ""swfac"": 0.0, ""nstres"": 0.1641411781311035}",0.0,0.1641411781311035,5108.44970703125,2914.4189453125,0.3225582838058471,0.0,,0.0,0.0,0.0,0.0,29.144189453125,29.144189453125,Leave_One_experiments/all_year_offline_schedule_search/daily_outputs/LCA/LCA_2017_LCA2017_stress_grid_S0001_daily.csv
LCA,LCA,Luancheng,2017,Leave_One_experiments\wth_generated_qc\LCA\LCA2017.WTH,dry_year;water_stress_year;nitrogen_stress_year,water_stress,LCA2017_stress_grid_S0001,low_input_within_10pct_yield,2017-09-09,252,92,87,"{""sim_day"": 92.0, ""doy"": 252.0, ""topwt"": 5108.44970703125, ""grnwt"": 2914.4189453125, ""xlai"": 0.3225582838058471, ""totir"": 0.0, ""tofer"": NaN, ""swfac"": 0.0, ""nstres"": 0.1641411781311035}",0.0,0.1641411781311035,5108.44970703125,2914.4189453125,0.3225582838058471,0.0,,0.0,0.0,0.0,0.0,29.144189453125,29.144189453125,Leave_One_experiments/all_year_offline_schedule_search/daily_outputs/LCA/LCA_2017_LCA2017_stress_grid_S0001_daily.csv
LCA,LCA,Luancheng,2017,Leave_One_experiments\wth_generated_qc\LCA\LCA2017.WTH,dry_year;water_stress_year;nitrogen_stress_year,water_stress,LCA2017_stress_grid_S0001,low_input_within_10pct_yield,2017-09-10,253,93,88,"{""sim_day"": 93.0, ""doy"": 253.0, ""topwt"": 5108.44970703125, ""grnwt"": 2914.4189453125, ""xlai"": 0.3225582838058471, ""totir"": 0.0, ""tofer"": NaN, ""swfac"": 0.0, ""nstres"": 0.1641411781311035}",0.0,0.1641411781311035,5108.44970703125,2914.4189453125,0.3225582838058471,0.0,,0.0,0.0,0.0,0.0,29.144189453125,29.144189453125,Leave_One_experiments/all_year_offline_schedule_search/daily_outputs/LCA/LCA_2017_LCA2017_stress_grid_S0001_daily.csv
LCA,LCA,Luancheng,2017,Leave_One_experiments\wth_generated_qc\LCA\LCA2017.WTH,dry_year;water_stress_year;nitrogen_stress_year,water_stress,LCA2017_stress_grid_S0001,low_input_within_10pct_yield,2017-09-11,254,94,89,"{""sim_day"": 94.0, ""doy"": 254.0, ""topwt"": 5108.44970703125, ""grnwt"": 2914.4189453125, ""xlai"": 0.3225582838058471, ""totir"": 0.0, ""tofer"": NaN, ""swfac"": 0.0, ""nstres"": 0.1641411781311035}",0.0,0.1641411781311035,5108.44970703125,2914.4189453125,0.3225582838058471,0.0,,0.0,0.0,0.0,0.0,29.144189453125,29.144189453125,Leave_One_experiments/all_year_offline_schedule_search/daily_outputs/LCA/LCA_2017_LCA2017_stress_grid_S0001_daily.csv
LCA,LCA,Luancheng,2017,Leave_One_experiments\wth_generated_qc\LCA\LCA2017.WTH,dry_year;water_stress_year;nitrogen_stress_year,water_stress,LCA2017_stress_grid_S0004,pareto_balanced,2017-06-15,166,1,1,"{""sim_day"": 1.0, ""doy"": 166.0, ""topwt"": 0.0, ""grnwt"": 0.0, ""xlai"": 0.0, ""totir"": 0.0, ""tofer"": NaN, ""swfac"": 0.0, ""nstres"": 0.0}",0.0,0.0,0.0,0.0,0.0,0.0,,0.0,0.0,40.0,0.0,9.561807250976564,25.561807250976564,Leave_One_experiments/all_year_offline_schedule_search/daily_outputs/LCA/LCA_2017_LCA2017_stress_grid_S0004_daily.csv
LCA,LCA,Luancheng,2017,Leave_One_experiments\wth_generated_qc\LCA\LCA2017.WTH,dry_year;water_stress_year;nitrogen_stress_year,water_stress,LCA2017_stress_grid_S0004,pareto_balanced,2017-06-16,167,2,2,"{""sim_day"": 2.0, ""doy"": 167.0, ""topwt"": 0.0, ""grnwt"": 0.0, ""xlai"": 0.0, ""totir"": 0.0, ""tofer"": NaN, ""swfac"": 0.0, ""nstres"": 0.0}",0.0,0.0,0.0,0.0,0.0,0.0,,0.0,0.0,40.0,0.0,9.561807250976564,25.561807250976564,Leave_One_experiments/all_year_offline_schedule_search/daily_outputs/LCA/LCA_2017_LCA2017_stress_grid_S0004_daily.csv
LCA,LCA,Luancheng,2017,Leave_One_experiments\wth_generated_qc\LCA\LCA2017.WTH,dry_year;water_stress_year;nitrogen_stress_year,water_stress,LCA2017_stress_grid_S0004,pareto_balanced,2017-06-17,168,3,3,"{""sim_day"": 3.0, ""doy"": 168.0, ""topwt"": 0.0, ""grnwt"": 0.0, ""xlai"": 0.0, ""totir"": 0.0, ""tofer"": NaN, ""swfac"": 0.0, ""nstres"": 0.0}",0.0,0.0,0.0,0.0,0.0,0.0,,0.0,0.0,40.0,0.0,9.561807250976564,25.561807250976564,Leave_One_experiments/all_year_offline_schedule_search/daily_outputs/LCA/LCA_2017_LCA2017_stress_grid_S0004_daily.csv
LCA,LCA,Luancheng,2017,Leave_One_experiments\wth_generated_qc\LCA\LCA2017.WTH,dry_year;water_stress_year;nitrogen_stress_year,water_stress,LCA2017_stress_grid_S0004,pareto_balanced,2017-06-18,169,4,4,"{""sim_day"": 4.0, ""doy"": 169.0, ""topwt"": 0.0, ""grnwt"": 0.0, ""xlai"": 0.0, ""totir"": 0.0, ""tofer"": NaN, ""swfac"": 0.0, ""nstres"": 0.0}",0.0,0.0,0.0,0.0,0.0,0.0,,0.0,0.0,40.0,0.0,9.561807250976564,25.561807250976564,Leave_One_experiments/all_year_offline_schedule_search/daily_outputs/LCA/LCA_2017_LCA2017_stress_grid_S0004_daily.csv
LCA,LCA,Luancheng,2017,Leave_One_experiments\wth_generated_qc\LCA\LCA2017.WTH,dry_year;water_stress_year;nitrogen_stress_year,water_stress,LCA2017_stress_grid_S0004,pareto_balanced,2017-06-19,170,5,5,"{""sim_day"": 5.0, ""doy"": 170.0, ""topwt"": 0.0, ""grnwt"": 0.0, ""xlai"": 0.0, ""totir"": 0.0, ""tofer"": NaN, ""swfac"": 0.0, ""nstres"": 0.0}",0.0,0.0,0.0,0.0,0.0,0.0,,0.0,0.0,40.0,0.0,9.561807250976564,25.561807250976564,Leave_One_experiments/all_year_offline_schedule_search/daily_outputs/LCA/LCA_2017_LCA2017_stress_grid_S0004_daily.csv
LCA,LCA,Luancheng,2017,Leave_One_experiments\wth_generated_qc\LCA\LCA2017.WTH,dry_year;water_stress_year;nitrogen_stress_year,water_stress,LCA2017_stress_grid_S0004,pareto_balanced,2017-06-15,166,6,1,"{""sim_day"": 6.0, ""doy"": 166.0, ""topwt"": 0.0, ""grnwt"": 0.0, ""xlai"": 0.0, ""totir"": 0.0, ""tofer"": NaN, ""swfac"": 0.0, ""nstres"": 0.0}",0.0,0.0,0.0,0.0,0.0,0.0,,0.0,0.0,40.0,0.0,9.561807250976564,25.561807250976564,Leave_One_experiments/all_year_offline_schedule_search/daily_outputs/LCA/LCA_2017_LCA2017_stress_grid_S0004_daily.csv
LCA,LCA,Luancheng,2017,Leave_One_experiments\wth_generated_qc\LCA\LCA2017.WTH,dry_year;water_stress_year;nitrogen_stress_year,water_stress,LCA2017_stress_grid_S0004,pareto_balanced,2017-06-16,167,7,2,"{""sim_day"": 7.0, ""doy"": 167.0, ""topwt"": 0.0, ""grnwt"": 0.0, ""xlai"": 0.0, ""totir"": 0.0, ""tofer"": NaN, ""swfac"": 0.0, ""nstres"": 0.0}",0.0,0.0,0.0,0.0,0.0,0.0,,0.0,0.0,40.0,0.0,9.561807250976564,25.561807250976564,Leave_One_experiments/all_year_offline_schedule_search/daily_outputs/LCA/LCA_2017_LCA2017_stress_grid_S0004_daily.csv
LCA,LCA,Luancheng,2017,Leave_One_experiments\wth_generated_qc\LCA\LCA2017.WTH,dry_year;water_stress_year;nitrogen_stress_year,water_stress,LCA2017_stress_grid_S0004,pareto_balanced,2017-06-17,168,8,3,"{""sim_day"": 8.0, ""doy"": 168.0, ""topwt"": 0.0, ""grnwt"": 0.0, ""xlai"": 0.0, ""totir"": 0.0, ""tofer"": NaN, ""swfac"": 0.0, ""nstres"": 0.0}",0.0,0.0,0.0,0.0,0.0,0.0,,0.0,0.0,40.0,0.0,9.561807250976564,25.561807250976564,Leave_One_experiments/all_year_offline_schedule_search/daily_outputs/LCA/LCA_2017_LCA2017_stress_grid_S0004_daily.csv
LCA,LCA,Luancheng,2017,Leave_One_experiments\wth_generated_qc\LCA\LCA2017.WTH,dry_year;water_stress_year;nitrogen_stress_year,water_stress,LCA2017_stress_grid_S0004,pareto_balanced,2017-06-18,169,9,4,"{""sim_day"": 9.0, ""doy"": 169.0, ""topwt"": 0.0, ""grnwt"": 0.0, ""xlai"": 0.0, ""totir"": 0.0, ""tofer"": NaN, ""swfac"": 0.0, ""nstres"": 0.0}",0.0,0.0,0.0,0.0,0.0,0.0,,0.0,0.0,40.0,0.0,9.561807250976564,25.561807250976564,Leave_One_experiments/all_year_offline_schedule_search/daily_outputs/LCA/LCA_2017_LCA2017_stress_grid_S0004_daily.csv
LCA,LCA,Luancheng,2017,Leave_One_experiments\wth_generated_qc\LCA\LCA2017.WTH,dry_year;water_stress_year;nitrogen_stress_year,water_stress,LCA2017_stress_grid_S0004,pareto_balanced,2017-06-19,170,10,5,"{""sim_day"": 10.0, ""doy"": 170.0, ""topwt"": 23.600001335144043, ""grnwt"": 0.0, ""xlai"": 0.0054951584897935, ""totir"": 0.0, ""tofer"": NaN, ""swfac"": 0.0, ""nstres"": 0.0121910572052001}",0.0,0.0121910572052001,23.600001335144043,0.0,0.0054951584897935,0.0,,0.0,0.0,40.0,0.0,9.561807250976564,25.561807250976564,Leave_One_experiments/all_year_offline_schedule_search/daily_outputs/LCA/LCA_2017_LCA2017_stress_grid_S0004_daily.csv
LCA,LCA,Luancheng,2017,Leave_One_experiments\wth_generated_qc\LCA\LCA2017.WTH,dry_year;water_stress_year;nitrogen_stress_year,water_stress,LCA2017_stress_grid_S0004,pareto_balanced,2017-06-20,171,11,6,"{""sim_day"": 11.0, ""doy"": 171.0, ""topwt"": 23.600001335144043, ""grnwt"": 0.0, ""xlai"": 0.0112193431705236, ""totir"": 0.0, ""tofer"": NaN, ""swfac"": 0.0, ""nstres"": 0.0060214400291442}",0.0,0.0060214400291442,23.600001335144043,0.0,0.0112193431705236,0.0,,0.0,0.0,40.0,0.0,9.561807250976564,25.561807250976564,Leave_One_experiments/all_year_offline_schedule_search/daily_outputs/LCA/LCA_2017_LCA2017_stress_grid_S0004_daily.csv
LCA,LCA,Luancheng,2017,Leave_One_experiments\wth_generated_qc\LCA\LCA2017.WTH,dry_year;water_stress_year;nitrogen_stress_year,water_stress,LCA2017_stress_grid_S0004,pareto_balanced,2017-06-21,172,12,7,"{""sim_day"": 12.0, ""doy"": 172.0, ""topwt"": 23.600001335144043, ""grnwt"": 0.0, ""xlai"": 0.0147742293775081, ""totir"": 0.0, ""tofer"": NaN, ""swfac"": 0.0, ""nstres"": 0.0002439618110656}",0.0,0.0002439618110656,23.600001335144043,0.0,0.0147742293775081,0.0,,0.0,0.0,40.0,0.0,9.561807250976564,25.561807250976564,Leave_One_experiments/all_year_offline_schedule_search/daily_outputs/LCA/LCA_2017_LCA2017_stress_grid_S0004_daily.csv
LCA,LCA,Luancheng,2017,Leave_One_experiments\wth_generated_qc\LCA\LCA2017.WTH,dry_year;water_stress_year;nitrogen_stress_year,water_stress,LCA2017_stress_grid_S0004,pareto_balanced,2017-06-22,173,13,8,"{""sim_day"": 13.0, ""doy"": 173.0, ""topwt"": 23.600001335144043, ""grnwt"": 0.0, ""xlai"": 0.031895887106657, ""totir"": 0.0, ""tofer"": NaN, ""swfac"": 0.0, ""nstres"": 0.0}",0.0,0.0,23.600001335144043,0.0,0.031895887106657,0.0,,0.0,0.0,40.0,0.0,9.561807250976564,25.561807250976564,Leave_One_experiments/all_year_offline_schedule_search/daily_outputs/LCA/LCA_2017_LCA2017_stress_grid_S0004_daily.csv
LCA,LCA,Luancheng,2017,Leave_One_experiments\wth_generated_qc\LCA\LCA2017.WTH,dry_year;water_stress_year;nitrogen_stress_year,water_stress,LCA2017_stress_grid_S0004,pareto_balanced,2017-06-23,174,14,9,"{""sim_day"": 14.0, ""doy"": 174.0, ""topwt"": 29.42981481552124, ""grnwt"": 0.0, ""xlai"": 0.0558663122355937, ""totir"": 0.0, ""tofer"": NaN, ""swfac"": 0.0, ""nstres"": 0.0}",0.0,0.0,29.42981481552124,0.0,0.0558663122355937,0.0,,0.0,0.0,40.0,0.0,9.561807250976564,25.561807250976564,Leave_One_experiments/all_year_offline_schedule_search/daily_outputs/LCA/LCA_2017_LCA2017_stress_grid_S0004_daily.csv
LCA,LCA,Luancheng,2017,Leave_One_experiments\wth_generated_qc\LCA\LCA2017.WTH,dry_year;water_stress_year;nitrogen_stress_year,water_stress,LCA2017_stress_grid_S0004,pareto_balanced,2017-06-24,175,15,10,"{""sim_day"": 15.0, ""doy"": 175.0, ""topwt"": 42.635345458984375, ""grnwt"": 0.0, ""xlai"": 0.0872358232736587, ""totir"": 0.0, ""tofer"": NaN, ""swfac"": 0.0, ""nstres"": 0.0}",0.0,0.0,42.635345458984375,0.0,0.0872358232736587,0.0,,0.0,0.0,40.0,0.0,9.561807250976564,25.561807250976564,Leave_One_experiments/all_year_offline_schedule_search/daily_outputs/LCA/LCA_2017_LCA2017_stress_grid_S0004_daily.csv
LCA,LCA,Luancheng,2017,Leave_One_experiments\wth_generated_qc\LCA\LCA2017.WTH,dry_year;water_stress_year;nitrogen_stress_year,water_stress,LCA2017_stress_grid_S0004,pareto_balanced,2017-06-25,176,16,11,"{""sim_day"": 16.0, ""doy"": 176.0, ""topwt"": 60.08244514465332, ""grnwt"": 0.0, ""xlai"": 0.1246716156601905, ""totir"": 0.0, ""tofer"": NaN, ""swfac"": 0.0, ""nstres"": 0.0}",0.0,0.0,60.08244514465332,0.0,0.1246716156601905,0.0,,0.0,0.0,40.0,0.0,9.561807250976564,25.561807250976564,Leave_One_experiments/all_year_offline_schedule_search/daily_outputs/LCA/LCA_2017_LCA2017_stress_grid_S0004_daily.csv
LCA,LCA,Luancheng,2017,Leave_One_experiments\wth_generated_qc\LCA\LCA2017.WTH,dry_year;water_stress_year;nitrogen_stress_year,water_stress,LCA2017_stress_grid_S0004,pareto_balanced,2017-06-26,177,17,12,"{""sim_day"": 17.0, ""doy"": 177.0, ""topwt"": 84.83872413635254, ""grnwt"": 0.0, ""xlai"": 0.1732862591743469, ""totir"": 0.0, ""tofer"": NaN, ""swfac"": 0.0, ""nstres"": 0.0}",0.0,0.0,84.83872413635254,0.0,0.1732862591743469,0.0,,0.0,0.0,40.0,0.0,9.561807250976564,25.561807250976564,Leave_One_experiments/all_year_offline_schedule_search/daily_outputs/LCA/LCA_2017_LCA2017_stress_grid_S0004_daily.csv
LCA,LCA,Luancheng,2017,Leave_One_experiments\wth_generated_qc\LCA\LCA2017.WTH,dry_year;water_stress_year;nitrogen_stress_year,water_stress,LCA2017_stress_grid_S0004,pareto_balanced,2017-06-27,178,18,13,"{""sim_day"": 18.0, ""doy"": 178.0, ""topwt"": 117.618989944458, ""grnwt"": 0.0, ""xlai"": 0.2326609045267105, ""totir"": 0.0, ""tofer"": NaN, ""swfac"": 0.0, ""nstres"": 0.0}",0.0,0.0,117.618989944458,0.0,0.2326609045267105,0.0,,0.0,0.0,40.0,0.0,9.561807250976564,25.561807250976564,Leave_One_experiments/all_year_offline_schedule_search/daily_outputs/LCA/LCA_2017_LCA2017_stress_grid_S0004_daily.csv
LCA,LCA,Luancheng,2017,Leave_One_experiments\wth_generated_qc\LCA\LCA2017.WTH,dry_year;water_stress_year;nitrogen_stress_year,water_stress,LCA2017_stress_grid_S0004,pareto_balanced,2017-06-28,179,19,14,"{""sim_day"": 19.0, ""doy"": 179.0, ""topwt"": 146.34827613830566, ""grnwt"": 0.0, ""xlai"": 0.2999043464660644, ""totir"": 0.0, ""tofer"": NaN, ""swfac"": 0.0, ""nstres"": 0.0685964226722717}",0.0,0.0685964226722717,146.34827613830566,0.0,0.2999043464660644,0.0,,0.0,0.0,40.0,0.0,9.561807250976564,25.561807250976564,Leave_One_experiments/all_year_offline_schedule_search/daily_outputs/LCA/LCA_2017_LCA2017_stress_grid_S0004_daily.csv
LCA,LCA,Luancheng,2017,Leave_One_experiments\wth_generated_qc\LCA\LCA2017.WTH,dry_year;water_stress_year;nitrogen_stress_year,water_stress,LCA2017_stress_grid_S0004,pareto_balanced,2017-06-29,180,20,15,"{""sim_day"": 20.0, ""doy"": 180.0, ""topwt"": 178.10405731201172, ""grnwt"": 0.0, ""xlai"": 0.3490076065063476, ""totir"": 0.0, ""tofer"": NaN, ""swfac"": 0.0, ""nstres"": 0.1715297698974609}",0.0,0.1715297698974609,178.10405731201172,0.0,0.3490076065063476,0.0,,0.0,0.0,40.0,0.0,9.561807250976564,25.561807250976564,Leave_One_experiments/all_year_offline_schedule_search/daily_outputs/LCA/LCA_2017_LCA2017_stress_grid_S0004_daily.csv
LCA,LCA,Luancheng,2017,Leave_One_experiments\wth_generated_qc\LCA\LCA2017.WTH,dry_year;water_stress_year;nitrogen_stress_year,water_stress,LCA2017_stress_grid_S0004,pareto_balanced,2017-06-30,181,21,16,"{""sim_day"": 21.0, ""doy"": 181.0, ""topwt"": 210.059871673584, ""grnwt"": 0.0, ""xlai"": 0.3933399319648742, ""totir"": 0.0, ""tofer"": NaN, ""swfac"": 0.0, ""nstres"": 0.2339411377906799}",0.0,0.2339411377906799,210.059871673584,0.0,0.3933399319648742,0.0,,0.0,0.0,40.0,0.0,9.561807250976564,25.561807250976564,Leave_One_experiments/all_year_offline_schedule_search/daily_outputs/LCA/LCA_2017_LCA2017_stress_grid_S0004_daily.csv
LCA,LCA,Luancheng,2017,Leave_One_experiments\wth_generated_qc\LCA\LCA2017.WTH,dry_year;water_stress_year;nitrogen_stress_year,water_stress,LCA2017_stress_grid_S0004,pareto_balanced,2017-07-01,182,22,17,"{""sim_day"": 22.0, ""doy"": 182.0, ""topwt"": 240.60979843139648, ""grnwt"": 0.0, ""xlai"": 0.4304699003696441, ""totir"": 0.0, ""tofer"": NaN, ""swfac"": 0.0, ""nstres"": 0.3494977951049804}",0.0,0.3494977951049804,240.60979843139648,0.0,0.4304699003696441,0.0,,0.0,0.0,40.0,0.0,9.561807250976564,25.561807250976564,Leave_One_experiments/all_year_offline_schedule_search/daily_outputs/LCA/LCA_2017_LCA2017_stress_grid_S0004_daily.csv
LCA,LCA,Luancheng,2017,Leave_One_experiments\wth_generated_qc\LCA\LCA2017.WTH,dry_year;water_stress_year;nitrogen_stress_year,water_stress,LCA2017_stress_grid_S0004,pareto_balanced,2017-07-02,183,23,18,"{""sim_day"": 23.0, ""doy"": 183.0, ""topwt"": 272.76437759399414, ""grnwt"": 0.0, ""xlai"": 0.4666706323623657, ""totir"": 0.0, ""tofer"": NaN, ""swfac"": 0.0, ""nstres"": 0.398964524269104}",0.0,0.398964524269104,272.76437759399414,0.0,0.4666706323623657,0.0,,0.0,0.0,40.0,0.0,9.561807250976564,25.561807250976564,Leave_One_experiments/all_year_offline_schedule_search/daily_outputs/LCA/LCA_2017_LCA2017_stress_grid_S0004_daily.csv
LCA,LCA,Luancheng,2017,Leave_One_experiments\wth_generated_qc\LCA\LCA2017.WTH,dry_year;water_stress_year;nitrogen_stress_year,water_stress,LCA2017_stress_grid_S0004,pareto_balanced,2017-07-03,184,24,19,"{""sim_day"": 24.0, ""doy"": 184.0, ""topwt"": 299.59171295166016, ""grnwt"": 0.0, ""xlai"": 0.4925122857093811, ""totir"": 0.0, ""tofer"": NaN, ""swfac"": 0.0, ""nstres"": 0.3942177891731262}",0.0,0.3942177891731262,299.59171295166016,0.0,0.4925122857093811,0.0,,0.0,0.0,40.0,0.0,9.561807250976564,25.561807250976564,Leave_One_experiments/all_year_offline_schedule_search/daily_outputs/LCA/LCA_2017_LCA2017_stress_grid_S0004_daily.csv
LCA,LCA,Luancheng,2017,Leave_One_experiments\wth_generated_qc\LCA\LCA2017.WTH,dry_year;water_stress_year;nitrogen_stress_year,water_stress,LCA2017_stress_grid_S0004,pareto_balanced,2017-07-04,185,25,20,"{""sim_day"": 25.0, ""doy"": 185.0, ""topwt"": 337.5626754760742, ""grnwt"": 0.0, ""xlai"": 0.5284916758537292, ""totir"": 40.0, ""tofer"": NaN, ""swfac"": 0.0, ""nstres"": 0.3800749778747558}",0.0,0.3800749778747558,337.5626754760742,0.0,0.5284916758537292,40.0,,40.0,0.0,40.0,0.0,9.561807250976564,25.561807250976564,Leave_One_experiments/all_year_offline_schedule_search/daily_outputs/LCA/LCA_2017_LCA2017_stress_grid_S0004_daily.csv
LCA,LCA,Luancheng,2017,Leave_One_experiments\wth_generated_qc\LCA\LCA2017.WTH,dry_year;water_stress_year;nitrogen_stress_year,water_stress,LCA2017_stress_grid_S0004,pareto_balanced,2017-07-05,186,26,21,"{""sim_day"": 26.0, ""doy"": 186.0, ""topwt"": 359.61536407470703, ""grnwt"": 0.0, ""xlai"": 0.542712926864624, ""totir"": 40.0, ""tofer"": NaN, ""swfac"": 0.0, ""nstres"": 0.3824164867401123}",0.0,0.3824164867401123,359.61536407470703,0.0,0.542712926864624,40.0,,0.0,0.0,40.0,0.0,9.561807250976564,25.561807250976564,Leave_One_experiments/all_year_offline_schedule_search/daily_outputs/LCA/LCA_2017_LCA2017_stress_grid_S0004_daily.csv
LCA,LCA,Luancheng,2017,Leave_One_experiments\wth_generated_qc\LCA\LCA2017.WTH,dry_year;water_stress_year;nitrogen_stress_year,water_stress,LCA2017_stress_grid_S0004,pareto_balanced,2017-07-06,187,27,22,"{""sim_day"": 27.0, ""doy"": 187.0, ""topwt"": 406.2077331542969, ""grnwt"": 0.0, ""xlai"": 0.5869554281234741, ""totir"": 40.0, ""tofer"": NaN, ""swfac"": 0.0, ""nstres"": 0.4335406422615051}",0.0,0.4335406422615051,406.2077331542969,0.0,0.5869554281234741,40.0,,0.0,0.0,40.0,0.0,9.561807250976564,25.561807250976564,Leave_One_experiments/all_year_offline_schedule_search/daily_outputs/LCA/LCA_2017_LCA2017_stress_grid_S0004_daily.csv
LCA,LCA,Luancheng,2017,Leave_One_experiments\wth_generated_qc\LCA\LCA2017.WTH,dry_year;water_stress_year;nitrogen_stress_year,water_stress,LCA2017_stress_grid_S0004,pareto_balanced,2017-07-07,188,28,23,"{""sim_day"": 28.0, ""doy"": 188.0, ""topwt"": 456.7071914672852, ""grnwt"": 0.0, ""xlai"": 0.6303430795669556, ""totir"": 40.0, ""tofer"": NaN, ""swfac"": 0.0, ""nstres"": 0.4392871260643005}",0.0,0.4392871260643005,456.7071914672852,0.0,0.6303430795669556,40.0,,0.0,0.0,40.0,0.0,9.561807250976564,25.561807250976564,Leave_One_experiments/all_year_offline_schedule_search/daily_outputs/LCA/LCA_2017_LCA2017_stress_grid_S0004_daily.csv
LCA,LCA,Luancheng,2017,Leave_One_experiments\wth_generated_qc\LCA\LCA2017.WTH,dry_year;water_stress_year;nitrogen_stress_year,water_stress,LCA2017_stress_grid_S0004,pareto_balanced,2017-07-08,189,29,24,"{""sim_day"": 29.0, ""doy"": 189.0, ""topwt"": 503.337516784668, ""grnwt"": 0.0, ""xlai"": 0.6628391146659851, ""totir"": 40.0, ""tofer"": NaN, ""swfac"": 0.0, ""nstres"": 0.4574329257011413}",0.0,0.4574329257011413,503.337516784668,0.0,0.6628391146659851,40.0,,0.0,0.0,40.0,0.0,9.561807250976564,25.561807250976564,Leave_One_experiments/all_year_offline_schedule_search/daily_outputs/LCA/LCA_2017_LCA2017_stress_grid_S0004_daily.csv
LCA,LCA,Luancheng,2017,Leave_One_experiments\wth_generated_qc\LCA\LCA2017.WTH,dry_year;water_stress_year;nitrogen_stress_year,water_stress,LCA2017_stress_grid_S0004,pareto_balanced,2017-07-09,190,30,25,"{""sim_day"": 30.0, ""doy"": 190.0, ""topwt"": 555.1645660400391, ""grnwt"": 0.0, ""xlai"": 0.6958671808242798, ""totir"": 40.0, ""tofer"": NaN, ""swfac"": 0.0, ""nstres"": 0.4562475681304931}",0.0,0.4562475681304931,555.1645660400391,0.0,0.6958671808242798,40.0,,0.0,0.0,40.0,0.0,9.561807250976564,25.561807250976564,Leave_One_experiments/all_year_offline_schedule_search/daily_outputs/LCA/LCA_2017_LCA2017_stress_grid_S0004_daily.csv
LCA,LCA,Luancheng,2017,Leave_One_experiments\wth_generated_qc\LCA\LCA2017.WTH,dry_year;water_stress_year;nitrogen_stress_year,water_stress,LCA2017_stress_grid_S0004,pareto_balanced,2017-07-10,191,31,26,"{""sim_day"": 31.0, ""doy"": 191.0, ""topwt"": 615.2504730224609, ""grnwt"": 0.0, ""xlai"": 0.7321093082427979, ""totir"": 40.0, ""tofer"": NaN, ""swfac"": 0.0, ""nstres"": 0.4375924468040466}",0.0,0.4375924468040466,615.2504730224609,0.0,0.7321093082427979,40.0,,0.0,0.0,40.0,0.0,9.561807250976564,25.561807250976564,Leave_One_experiments/all_year_offline_schedule_search/daily_outputs/LCA/LCA_2017_LCA2017_stress_grid_S0004_daily.csv
LCA,LCA,Luancheng,2017,Leave_One_experiments\wth_generated_qc\LCA\LCA2017.WTH,dry_year;water_stress_year;nitrogen_stress_year,water_stress,LCA2017_stress_grid_S0004,pareto_balanced,2017-07-11,192,32,27,"{""sim_day"": 32.0, ""doy"": 192.0, ""topwt"": 684.3482971191406, ""grnwt"": 0.0, ""xlai"": 0.7704475522041321, ""totir"": 40.0, ""tofer"": NaN, ""swfac"": 0.0, ""nstres"": 0.429383635520935}",0.0,0.429383635520935,684.3482971191406,0.0,0.7704475522041321,40.0,,0.0,0.0,40.0,0.0,9.561807250976564,25.561807250976564,Leave_One_experiments/all_year_offline_schedule_search/daily_outputs/LCA/LCA_2017_LCA2017_stress_grid_S0004_daily.csv
LCA,LCA,Luancheng,2017,Leave_One_experiments\wth_generated_qc\LCA\LCA2017.WTH,dry_year;water_stress_year;nitrogen_stress_year,water_stress,LCA2017_stress_grid_S0004,pareto_balanced,2017-07-12,193,33,28,"{""sim_day"": 33.0, ""doy"": 193.0, ""topwt"": 765.1334381103516, ""grnwt"": 0.0, ""xlai"": 0.8104593753814697, ""totir"": 40.0, ""tofer"": NaN, ""swfac"": 0.0, ""nstres"": 0.4452254176139831}",0.0,0.4452254176139831,765.1334381103516,0.0,0.8104593753814697,40.0,,0.0,0.0,40.0,0.0,9.561807250976564,25.561807250976564,Leave_One_experiments/all_year_offline_schedule_search/daily_outputs/LCA/LCA_2017_LCA2017_stress_grid_S0004_daily.csv
LCA,LCA,Luancheng,2017,Leave_One_experiments\wth_generated_qc\LCA\LCA2017.WTH,dry_year;water_stress_year;nitrogen_stress_year,water_stress,LCA2017_stress_grid_S0004,pareto_balanced,2017-07-13,194,34,29,"{""sim_day"": 34.0, ""doy"": 194.0, ""topwt"": 845.4013824462891, ""grnwt"": 0.0, ""xlai"": 0.841925859451294, ""totir"": 40.0, ""tofer"": NaN, ""swfac"": 0.0, ""nstres"": 0.4581397771835327}",0.0,0.4581397771835327,845.4013824462891,0.0,0.841925859451294,40.0,,0.0,0.0,40.0,0.0,9.561807250976564,25.561807250976564,Leave_One_experiments/all_year_offline_schedule_search/daily_outputs/LCA/LCA_2017_LCA2017_stress_grid_S0004_daily.csv
LCA,LCA,Luancheng,2017,Leave_One_experiments\wth_generated_qc\LCA\LCA2017.WTH,dry_year;water_stress_year;nitrogen_stress_year,water_stress,LCA2017_stress_grid_S0004,pareto_balanced,2017-07-14,195,35,30,"{""sim_day"": 35.0, ""doy"": 195.0, ""topwt"": 913.8751220703124, ""grnwt"": 0.0, ""xlai"": 0.8583239912986755, ""totir"": 40.0, ""tofer"": NaN, ""swfac"": 0.0, ""nstres"": 0.4718387126922607}",0.0,0.4718387126922607,913.8751220703124,0.0,0.8583239912986755,40.0,,0.0,0.0,40.0,0.0,9.561807250976564,25.561807250976564,Leave_One_experiments/all_year_offline_schedule_search/daily_outputs/LCA/LCA_2017_LCA2017_stress_grid_S0004_daily.csv
LCA,LCA,Luancheng,2017,Leave_One_experiments\wth_generated_qc\LCA\LCA2017.WTH,dry_year;water_stress_year;nitrogen_stress_year,water_stress,LCA2017_stress_grid_S0004,pareto_balanced,2017-07-15,196,36,31,"{""sim_day"": 36.0, ""doy"": 196.0, ""topwt"": 1004.1232299804688, ""grnwt"": 0.0, ""xlai"": 0.8836222290992737, ""totir"": 40.0, ""tofer"": NaN, ""swfac"": 0.0, ""nstres"": 0.4699844121932983}",0.0,0.4699844121932983,1004.1232299804688,0.0,0.8836222290992737,40.0,,0.0,0.0,40.0,0.0,9.561807250976564,25.561807250976564,Leave_One_experiments/all_year_offline_schedule_search/daily_outputs/LCA/LCA_2017_LCA2017_stress_grid_S0004_daily.csv
LCA,LCA,Luancheng,2017,Leave_One_experiments\wth_generated_qc\LCA\LCA2017.WTH,dry_year;water_stress_year;nitrogen_stress_year,water_stress,LCA2017_stress_grid_S0004,pareto_balanced,2017-07-16,197,37,32,"{""sim_day"": 37.0, ""doy"": 197.0, ""topwt"": 1109.7869110107422, ""grnwt"": 0.0, ""xlai"": 0.9119544625282288, ""totir"": 40.0, ""tofer"": NaN, ""swfac"": 0.0, ""nstres"": 0.4593800902366638}",0.0,0.4593800902366638,1109.7869110107422,0.0,0.9119544625282288,40.0,,0.0,0.0,40.0,0.0,9.561807250976564,25.561807250976564,Leave_One_experiments/all_year_offline_schedule_search/daily_outputs/LCA/LCA_2017_LCA2017_stress_grid_S0004_daily.csv
LCA,LCA,Luancheng,2017,Leave_One_experiments\wth_generated_qc\LCA\LCA2017.WTH,dry_year;water_stress_year;nitrogen_stress_year,water_stress,LCA2017_stress_grid_S0004,pareto_balanced,2017-07-17,198,38,33,"{""sim_day"": 38.0, ""doy"": 198.0, ""topwt"": 1171.5743255615234, ""grnwt"": 0.0, ""xlai"": 0.9111708998680116, ""totir"": 40.0, ""tofer"": NaN, ""swfac"": 0.0, ""nstres"": 0.4648017287254333}",0.0,0.4648017287254333,1171.5743255615234,0.0,0.9111708998680116,40.0,,0.0,0.0,40.0,0.0,9.561807250976564,25.561807250976564,Leave_One_experiments/all_year_offline_schedule_search/daily_outputs/LCA/LCA_2017_LCA2017_stress_grid_S0004_daily.csv
LCA,LCA,Luancheng,2017,Leave_One_experiments\wth_generated_qc\LCA\LCA2017.WTH,dry_year;water_stress_year;nitrogen_stress_year,water_stress,LCA2017_stress_grid_S0004,pareto_balanced,2017-07-18,199,39,34,"{""sim_day"": 39.0, ""doy"": 199.0, ""topwt"": 1272.1976470947266, ""grnwt"": 0.0, ""xlai"": 0.9256754517555236, ""totir"": 40.0, ""tofer"": NaN, ""swfac"": 0.0, ""nstres"": 0.478240430355072}",0.0,0.478240430355072,1272.1976470947266,0.0,0.9256754517555236,40.0,,0.0,0.0,40.0,0.0,9.561807250976564,25.561807250976564,Leave_One_experiments/all_year_offline_schedule_search/daily_outputs/LCA/LCA_2017_LCA2017_stress_grid_S0004_daily.csv
LCA,LCA,Luancheng,2017,Leave_One_experiments\wth_generated_qc\LCA\LCA2017.WTH,dry_year;water_stress_year;nitrogen_stress_year,water_stress,LCA2017_stress_grid_S0004,pareto_balanced,2017-07-19,200,40,35,"{""sim_day"": 40.0, ""doy"": 200.0, ""topwt"": 1369.8965454101562, ""grnwt"": 0.0, ""xlai"": 0.938854157924652, ""totir"": 40.0, ""tofer"": NaN, ""swfac"": 0.0, ""nstres"": 0.4689340591430664}",0.0,0.4689340591430664,1369.8965454101562,0.0,0.938854157924652,40.0,,0.0,0.0,40.0,0.0,9.561807250976564,25.561807250976564,Leave_One_experiments/all_year_offline_schedule_search/daily_outputs/LCA/LCA_2017_LCA2017_stress_grid_S0004_daily.csv
LCA,LCA,Luancheng,2017,Leave_One_experiments\wth_generated_qc\LCA\LCA2017.WTH,dry_year;water_stress_year;nitrogen_stress_year,water_stress,LCA2017_stress_grid_S0004,pareto_balanced,2017-07-20,201,41,36,"{""sim_day"": 41.0, ""doy"": 201.0, ""topwt"": 1376.9392395019531, ""grnwt"": 0.0, ""xlai"": 0.9070260524749756, ""totir"": 40.0, ""tofer"": NaN, ""swfac"": 0.0, ""nstres"": 0.478458821773529}",0.0,0.478458821773529,1376.9392395019531,0.0,0.9070260524749756,40.0,,0.0,0.0,40.0,0.0,9.561807250976564,25.561807250976564,Leave_One_experiments/all_year_offline_schedule_search/daily_outputs/LCA/LCA_2017_LCA2017_stress_grid_S0004_daily.csv
LCA,LCA,Luancheng,2017,Leave_One_experiments\wth_generated_qc\LCA\LCA2017.WTH,dry_year;water_stress_year;nitrogen_stress_year,water_stress,LCA2017_stress_grid_S0004,pareto_balanced,2017-07-21,202,42,37,"{""sim_day"": 42.0, ""doy"": 202.0, ""topwt"": 1421.4974975585938, ""grnwt"": 0.0, ""xlai"": 0.8888406157493591, ""totir"": 40.0, ""tofer"": NaN, ""swfac"": 0.0, ""nstres"": 0.4810716509819031}",0.0,0.4810716509819031,1421.4974975585938,0.0,0.8888406157493591,40.0,,0.0,0.0,40.0,0.0,9.561807250976564,25.561807250976564,Leave_One_experiments/all_year_offline_schedule_search/daily_outputs/LCA/LCA_2017_LCA2017_stress_grid_S0004_daily.csv
LCA,LCA,Luancheng,2017,Leave_One_experiments\wth_generated_qc\LCA\LCA2017.WTH,dry_year;water_stress_year;nitrogen_stress_year,water_stress,LCA2017_stress_grid_S0004,pareto_balanced,2017-07-22,203,43,38,"{""sim_day"": 43.0, ""doy"": 203.0, ""topwt"": 1468.4678649902344, ""grnwt"": 0.0, ""xlai"": 0.8719090819358826, ""totir"": 40.0, ""tofer"": NaN, ""swfac"": 0.0, ""nstres"": 0.4450960755348205}",0.0,0.4450960755348205,1468.4678649902344,0.0,0.8719090819358826,40.0,,0.0,0.0,40.0,0.0,9.561807250976564,25.561807250976564,Leave_One_experiments/all_year_offline_schedule_search/daily_outputs/LCA/LCA_2017_LCA2017_stress_grid_S0004_daily.csv
LCA,LCA,Luancheng,2017,Leave_One_experiments\wth_generated_qc\LCA\LCA2017.WTH,dry_year;water_stress_year;nitrogen_stress_year,water_stress,LCA2017_stress_grid_S0004,pareto_balanced,2017-07-23,204,44,39,"{""sim_day"": 44.0, ""doy"": 204.0, ""topwt"": 1542.0643615722656, ""grnwt"": 0.0, ""xlai"": 0.862673819065094, ""totir"": 40.0, ""tofer"": NaN, ""swfac"": 0.0, ""nstres"": 0.4234511852264404}",0.0,0.4234511852264404,1542.0643615722656,0.0,0.862673819065094,40.0,,0.0,0.0,40.0,0.0,9.561807250976564,25.561807250976564,Leave_One_experiments/all_year_offline_schedule_search/daily_outputs/LCA/LCA_2017_LCA2017_stress_grid_S0004_daily.csv
LCA,LCA,Luancheng,2017,Leave_One_experiments\wth_generated_qc\LCA\LCA2017.WTH,dry_year;water_stress_year;nitrogen_stress_year,water_stress,LCA2017_stress_grid_S0004,pareto_balanced,2017-07-24,205,45,40,"{""sim_day"": 45.0, ""doy"": 205.0, ""topwt"": 1619.8251342773438, ""grnwt"": 0.0, ""xlai"": 0.8542884588241577, ""totir"": 40.0, ""tofer"": NaN, ""swfac"": 0.0, ""nstres"": 0.4026601910591125}",0.0,0.4026601910591125,1619.8251342773438,0.0,0.8542884588241577,40.0,,0.0,0.0,40.0,0.0,9.561807250976564,25.561807250976564,Leave_One_experiments/all_year_offline_schedule_search/daily_outputs/LCA/LCA_2017_LCA2017_stress_grid_S0004_daily.csv
LCA,LCA,Luancheng,2017,Leave_One_experiments\wth_generated_qc\LCA\LCA2017.WTH,dry_year;water_stress_year;nitrogen_stress_year,water_stress,LCA2017_stress_grid_S0004,pareto_balanced,2017-07-25,206,46,41,"{""sim_day"": 46.0, ""doy"": 206.0, ""topwt"": 1648.1761169433594, ""grnwt"": 0.0, ""xlai"": 0.8330938220024109, ""totir"": 40.0, ""tofer"": NaN, ""swfac"": 0.0, ""nstres"": 0.3912944793701172}",0.0,0.3912944793701172,1648.1761169433594,0.0,0.8330938220024109,40.0,,0.0,0.0,40.0,0.0,9.561807250976564,25.561807250976564,Leave_One_experiments/all_year_offline_schedule_search/daily_outputs/LCA/LCA_2017_LCA2017_stress_grid_S0004_daily.csv
LCA,LCA,Luancheng,2017,Leave_One_experiments\wth_generated_qc\LCA\LCA2017.WTH,dry_year;water_stress_year;nitrogen_stress_year,water_stress,LCA2017_stress_grid_S0004,pareto_balanced,2017-07-26,207,47,42,"{""sim_day"": 47.0, ""doy"": 207.0, ""topwt"": 1679.9459838867188, ""grnwt"": 0.0, ""xlai"": 0.8133239150047302, ""totir"": 40.0, ""tofer"": NaN, ""swfac"": 0.0, ""nstres"": 0.3855071067810058}",0.0,0.3855071067810058,1679.9459838867188,0.0,0.8133239150047302,40.0,,0.0,0.0,40.0,0.0,9.561807250976564,25.561807250976564,Leave_One_experiments/all_year_offline_schedule_search/daily_outputs/LCA/LCA_2017_LCA2017_stress_grid_S0004_daily.csv
LCA,LCA,Luancheng,2017,Leave_One_experiments\wth_generated_qc\LCA\LCA2017.WTH,dry_year;water_stress_year;nitrogen_stress_year,water_stress,LCA2017_stress_grid_S0004,pareto_balanced,2017-07-27,208,48,43,"{""sim_day"": 48.0, ""doy"": 208.0, ""topwt"": 1703.1796264648438, ""grnwt"": 0.0, ""xlai"": 0.7928576469421387, ""totir"": 40.0, ""tofer"": NaN, ""swfac"": 0.0, ""nstres"": 0.3639352917671203}",0.0,0.3639352917671203,1703.1796264648438,0.0,0.7928576469421387,40.0,,0.0,0.0,40.0,0.0,9.561807250976564,25.561807250976564,Leave_One_experiments/all_year_offline_schedule_search/daily_outputs/LCA/LCA_2017_LCA2017_stress_grid_S0004_daily.csv
LCA,LCA,Luancheng,2017,Leave_One_experiments\wth_generated_qc\LCA\LCA2017.WTH,dry_year;water_stress_year;nitrogen_stress_year,water_stress,LCA2017_stress_grid_S0004,pareto_balanced,2017-07-28,209,49,44,"{""sim_day"": 49.0, ""doy"": 209.0, ""topwt"": 1800.427703857422, ""grnwt"": 0.0, ""xlai"": 0.7917745113372803, ""totir"": 40.0, ""tofer"": NaN, ""swfac"": 0.0, ""nstres"": 0.342279314994812}",0.0,0.342279314994812,1800.427703857422,0.0,0.7917745113372803,40.0,,0.0,0.0,40.0,0.0,9.561807250976564,25.561807250976564,Leave_One_experiments/all_year_offline_schedule_search/daily_outputs/LCA/LCA_2017_LCA2017_stress_grid_S0004_daily.csv
LCA,LCA,Luancheng,2017,Leave_One_experiments\wth_generated_qc\LCA\LCA2017.WTH,dry_year;water_stress_year;nitrogen_stress_year,water_stress,LCA2017_stress_grid_S0004,pareto_balanced,2017-07-29,210,50,45,"{""sim_day"": 50.0, ""doy"": 210.0, ""topwt"": 1925.855712890625, ""grnwt"": 0.0, ""xlai"": 0.7983527779579163, ""totir"": 40.0, ""tofer"": NaN, ""swfac"": 0.0, ""nstres"": 0.318660020828247}",0.0,0.318660020828247,1925.855712890625,0.0,0.7983527779579163,40.0,,0.0,0.0,40.0,0.0,9.561807250976564,25.561807250976564,Leave_One_experiments/all_year_offline_schedule_search/daily_outputs/LCA/LCA_2017_LCA2017_stress_grid_S0004_daily.csv
LCA,LCA,Luancheng,2017,Leave_One_experiments\wth_generated_qc\LCA\LCA2017.WTH,dry_year;water_stress_year;nitrogen_stress_year,water_stress,LCA2017_stress_grid_S0004,pareto_balanced,2017-07-30,211,51,46,"{""sim_day"": 51.0, ""doy"": 211.0, ""topwt"": 2054.1079711914062, ""grnwt"": 0.0, ""xlai"": 0.8056843876838684, ""totir"": 40.0, ""tofer"": NaN, ""swfac"": 0.0, ""nstres"": 0.3100337982177734}",0.0,0.3100337982177734,2054.1079711914062,0.0,0.8056843876838684,40.0,,0.0,0.0,40.0,0.0,9.561807250976564,25.561807250976564,Leave_One_experiments/all_year_offline_schedule_search/daily_outputs/LCA/LCA_2017_LCA2017_stress_grid_S0004_daily.csv
LCA,LCA,Luancheng,2017,Leave_One_experiments\wth_generated_qc\LCA\LCA2017.WTH,dry_year;water_stress_year;nitrogen_stress_year,water_stress,LCA2017_stress_grid_S0004,pareto_balanced,2017-07-31,212,52,47,"{""sim_day"": 52.0, ""doy"": 212.0, ""topwt"": 2120.8526611328125, ""grnwt"": 0.0, ""xlai"": 0.7825422883033752, ""totir"": 40.0, ""tofer"": NaN, ""swfac"": 0.0, ""nstres"": 0.2893649935722351}",0.0,0.2893649935722351,2120.8526611328125,0.0,0.7825422883033752,40.0,,0.0,0.0,40.0,0.0,9.561807250976564,25.561807250976564,Leave_One_experiments/all_year_offline_schedule_search/daily_outputs/LCA/LCA_2017_LCA2017_stress_grid_S0004_daily.csv
LCA,LCA,Luancheng,2017,Leave_One_experiments\wth_generated_qc\LCA\LCA2017.WTH,dry_year;water_stress_year;nitrogen_stress_year,water_stress,LCA2017_stress_grid_S0004,pareto_balanced,2017-08-01,213,53,48,"{""sim_day"": 53.0, ""doy"": 213.0, ""topwt"": 2203.627471923828, ""grnwt"": 0.0, ""xlai"": 0.7609838247299194, ""totir"": 40.0, ""tofer"": NaN, ""swfac"": 0.0, ""nstres"": 0.2611821889877319}",0.0,0.2611821889877319,2203.627471923828,0.0,0.7609838247299194,40.0,,0.0,0.0,40.0,0.0,9.561807250976564,25.561807250976564,Leave_One_experiments/all_year_offline_schedule_search/daily_outputs/LCA/LCA_2017_LCA2017_stress_grid_S0004_daily.csv
LCA,LCA,Luancheng,2017,Leave_One_experiments\wth_generated_qc\LCA\LCA2017.WTH,dry_year;water_stress_year;nitrogen_stress_year,water_stress,LCA2017_stress_grid_S0004,pareto_balanced,2017-08-02,214,54,49,"{""sim_day"": 54.0, ""doy"": 214.0, ""topwt"": 2341.964263916016, ""grnwt"": 0.0, ""xlai"": 0.7410572171211243, ""totir"": 40.0, ""tofer"": NaN, ""swfac"": 0.0, ""nstres"": 0.2284472584724426}",0.0,0.2284472584724426,2341.964263916016,0.0,0.7410572171211243,40.0,,0.0,0.0,40.0,0.0,9.561807250976564,25.561807250976564,Leave_One_experiments/all_year_offline_schedule_search/daily_outputs/LCA/LCA_2017_LCA2017_stress_grid_S0004_daily.csv
LCA,LCA,Luancheng,2017,Leave_One_experiments\wth_generated_qc\LCA\LCA2017.WTH,dry_year;water_stress_year;nitrogen_stress_year,water_stress,LCA2017_stress_grid_S0004,pareto_balanced,2017-08-03,215,55,50,"{""sim_day"": 55.0, ""doy"": 215.0, ""topwt"": 2476.8136596679688, ""grnwt"": 0.0, ""xlai"": 0.7225283980369568, ""totir"": 40.0, ""tofer"": NaN, ""swfac"": 0.0, ""nstres"": 0.2000765800476074}",0.0,0.2000765800476074,2476.8136596679688,0.0,0.7225283980369568,40.0,,0.0,0.0,40.0,0.0,9.561807250976564,25.561807250976564,Leave_One_experiments/all_year_offline_schedule_search/daily_outputs/LCA/LCA_2017_LCA2017_stress_grid_S0004_daily.csv
LCA,LCA,Luancheng,2017,Leave_One_experiments\wth_generated_qc\LCA\LCA2017.WTH,dry_year;water_stress_year;nitrogen_stress_year,water_stress,LCA2017_stress_grid_S0004,pareto_balanced,2017-08-04,216,56,51,"{""sim_day"": 56.0, ""doy"": 216.0, ""topwt"": 2569.6286010742188, ""grnwt"": 0.0, ""xlai"": 0.7048660516738892, ""totir"": 40.0, ""tofer"": NaN, ""swfac"": 0.0, ""nstres"": 0.1955613493919372}",0.0,0.1955613493919372,2569.6286010742188,0.0,0.7048660516738892,40.0,,0.0,0.0,40.0,0.0,9.561807250976564,25.561807250976564,Leave_One_experiments/all_year_offline_schedule_search/daily_outputs/LCA/LCA_2017_LCA2017_stress_grid_S0004_daily.csv
LCA,LCA,Luancheng,2017,Leave_One_experiments\wth_generated_qc\LCA\LCA2017.WTH,dry_year;water_stress_year;nitrogen_stress_year,water_stress,LCA2017_stress_grid_S0004,pareto_balanced,2017-08-05,217,57,52,"{""sim_day"": 57.0, ""doy"": 217.0, ""topwt"": 2695.932006835937, ""grnwt"": 0.0, ""xlai"": 0.6881819367408752, ""totir"": 40.0, ""tofer"": NaN, ""swfac"": 0.0, ""nstres"": 0.1893584132194519}",0.0,0.1893584132194519,2695.932006835937,0.0,0.6881819367408752,40.0,,0.0,0.0,40.0,0.0,9.561807250976564,25.561807250976564,Leave_One_experiments/all_year_offline_schedule_search/daily_outputs/LCA/LCA_2017_LCA2017_stress_grid_S0004_daily.csv
LCA,LCA,Luancheng,2017,Leave_One_experiments\wth_generated_qc\LCA\LCA2017.WTH,dry_year;water_stress_year;nitrogen_stress_year,water_stress,LCA2017_stress_grid_S0004,pareto_balanced,2017-08-06,218,58,53,"{""sim_day"": 58.0, ""doy"": 218.0, ""topwt"": 2790.2145385742188, ""grnwt"": 0.0, ""xlai"": 0.6727908253669739, ""totir"": 40.0, ""tofer"": NaN, ""swfac"": 0.0, ""nstres"": 0.1789190769195556}",0.0,0.1789190769195556,2790.2145385742188,0.0,0.6727908253669739,40.0,,0.0,0.0,40.0,0.0,9.561807250976564,25.561807250976564,Leave_One_experiments/all_year_offline_schedule_search/daily_outputs/LCA/LCA_2017_LCA2017_stress_grid_S0004_daily.csv
LCA,LCA,Luancheng,2017,Leave_One_experiments\wth_generated_qc\LCA\LCA2017.WTH,dry_year;water_stress_year;nitrogen_stress_year,water_stress,LCA2017_stress_grid_S0004,pareto_balanced,2017-08-07,219,59,54,"{""sim_day"": 59.0, ""doy"": 219.0, ""topwt"": 2911.771850585937, ""grnwt"": 0.0, ""xlai"": 0.6584520936012268, ""totir"": 40.0, ""tofer"": NaN, ""swfac"": 0.0, ""nstres"": 0.1704984903335571}",0.0,0.1704984903335571,2911.771850585937,0.0,0.6584520936012268,40.0,,0.0,0.0,40.0,0.0,9.561807250976564,25.561807250976564,Leave_One_experiments/all_year_offline_schedule_search/daily_outputs/LCA/LCA_2017_LCA2017_stress_grid_S0004_daily.csv
LCA,LCA,Luancheng,2017,Leave_One_experiments\wth_generated_qc\LCA\LCA2017.WTH,dry_year;water_stress_year;nitrogen_stress_year,water_stress,LCA2017_stress_grid_S0004,pareto_balanced,2017-08-08,220,60,55,"{""sim_day"": 60.0, ""doy"": 220.0, ""topwt"": 3039.6832275390625, ""grnwt"": 152.4674129486084, ""xlai"": 0.6452441215515137, ""totir"": 40.0, ""tofer"": NaN, ""swfac"": 0.0, ""nstres"": 0.1604727506637573}",0.0,0.1604727506637573,3039.6832275390625,152.4674129486084,0.6452441215515137,40.0,,0.0,0.0,40.0,0.0,9.561807250976564,25.561807250976564,Leave_One_experiments/all_year_offline_schedule_search/daily_outputs/LCA/LCA_2017_LCA2017_stress_grid_S0004_daily.csv
LCA,LCA,Luancheng,2017,Leave_One_experiments\wth_generated_qc\LCA\LCA2017.WTH,dry_year;water_stress_year;nitrogen_stress_year,water_stress,LCA2017_stress_grid_S0004,pareto_balanced,2017-08-09,221,61,56,"{""sim_day"": 61.0, ""doy"": 221.0, ""topwt"": 3177.4752807617188, ""grnwt"": 279.00634765625, ""xlai"": 0.6306525468826294, ""totir"": 40.0, ""tofer"": NaN, ""swfac"": 0.0, ""nstres"": 0.1809129118919372}",0.0,0.1809129118919372,3177.4752807617188,279.00634765625,0.6306525468826294,40.0,,0.0,0.0,40.0,0.0,9.561807250976564,25.561807250976564,Leave_One_experiments/all_year_offline_schedule_search/daily_outputs/LCA/LCA_2017_LCA2017_stress_grid_S0004_daily.csv
LCA,LCA,Luancheng,2017,Leave_One_experiments\wth_generated_qc\LCA\LCA2017.WTH,dry_year;water_stress_year;nitrogen_stress_year,water_stress,LCA2017_stress_grid_S0004,pareto_balanced,2017-08-10,222,62,57,"{""sim_day"": 62.0, ""doy"": 222.0, ""topwt"": 3278.7075805664062, ""grnwt"": 371.5379333496094, ""xlai"": 0.6163909435272217, ""totir"": 40.0, ""tofer"": NaN, ""swfac"": 0.0, ""nstres"": 0.1809113025665283}",0.0,0.1809113025665283,3278.7075805664062,371.5379333496094,0.6163909435272217,40.0,,0.0,0.0,40.0,0.0,9.561807250976564,25.561807250976564,Leave_One_experiments/all_year_offline_schedule_search/daily_outputs/LCA/LCA_2017_LCA2017_stress_grid_S0004_daily.csv
LCA,LCA,Luancheng,2017,Leave_One_experiments\wth_generated_qc\LCA\LCA2017.WTH,dry_year;water_stress_year;nitrogen_stress_year,water_stress,LCA2017_stress_grid_S0004,pareto_balanced,2017-08-11,223,63,58,"{""sim_day"": 63.0, ""doy"": 223.0, ""topwt"": 3379.0402221679688, ""grnwt"": 498.0768585205078, ""xlai"": 0.602319598197937, ""totir"": 40.0, ""tofer"": NaN, ""swfac"": 0.0, ""nstres"": 0.1826289892196655}",0.0,0.1826289892196655,3379.0402221679688,498.0768585205078,0.602319598197937,40.0,,0.0,0.0,40.0,0.0,9.561807250976564,25.561807250976564,Leave_One_experiments/all_year_offline_schedule_search/daily_outputs/LCA/LCA_2017_LCA2017_stress_grid_S0004_daily.csv
LCA,LCA,Luancheng,2017,Leave_One_experiments\wth_generated_qc\LCA\LCA2017.WTH,dry_year;water_stress_year;nitrogen_stress_year,water_stress,LCA2017_stress_grid_S0004,pareto_balanced,2017-08-12,224,64,59,"{""sim_day"": 64.0, ""doy"": 224.0, ""topwt"": 3487.4981689453125, ""grnwt"": 624.6157836914062, ""xlai"": 0.5880565643310547, ""totir"": 40.0, ""tofer"": NaN, ""swfac"": 0.0, ""nstres"": 0.1894416809082031}",0.0,0.1894416809082031,3487.4981689453125,624.6157836914062,0.5880565643310547,40.0,,0.0,0.0,40.0,0.0,9.561807250976564,25.561807250976564,Leave_One_experiments/all_year_offline_schedule_search/daily_outputs/LCA/LCA_2017_LCA2017_stress_grid_S0004_daily.csv
LCA,LCA,Luancheng,2017,Leave_One_experiments\wth_generated_qc\LCA\LCA2017.WTH,dry_year;water_stress_year;nitrogen_stress_year,water_stress,LCA2017_stress_grid_S0004,pareto_balanced,2017-08-13,225,65,60,"{""sim_day"": 65.0, ""doy"": 225.0, ""topwt"": 3607.7740478515625, ""grnwt"": 744.8277282714844, ""xlai"": 0.5740568041801453, ""totir"": 40.0, ""tofer"": NaN, ""swfac"": 0.0, ""nstres"": 0.1904546618461609}",0.0,0.1904546618461609,3607.7740478515625,744.8277282714844,0.5740568041801453,40.0,,0.0,0.0,40.0,0.0,9.561807250976564,25.561807250976564,Leave_One_experiments/all_year_offline_schedule_search/daily_outputs/LCA/LCA_2017_LCA2017_stress_grid_S0004_daily.csv
LCA,LCA,Luancheng,2017,Leave_One_experiments\wth_generated_qc\LCA\LCA2017.WTH,dry_year;water_stress_year;nitrogen_stress_year,water_stress,LCA2017_stress_grid_S0004,pareto_balanced,2017-08-14,226,66,61,"{""sim_day"": 66.0, ""doy"": 226.0, ""topwt"": 3720.827026367188, ""grnwt"": 871.3666534423828, ""xlai"": 0.5602063536643982, ""totir"": 40.0, ""tofer"": NaN, ""swfac"": 0.0, ""nstres"": 0.1930187940597534}",0.0,0.1930187940597534,3720.827026367188,871.3666534423828,0.5602063536643982,40.0,,0.0,0.0,40.0,0.0,9.561807250976564,25.561807250976564,Leave_One_experiments/all_year_offline_schedule_search/daily_outputs/LCA/LCA_2017_LCA2017_stress_grid_S0004_daily.csv
LCA,LCA,Luancheng,2017,Leave_One_experiments\wth_generated_qc\LCA\LCA2017.WTH,dry_year;water_stress_year;nitrogen_stress_year,water_stress,LCA2017_stress_grid_S0004,pareto_balanced,2017-08-15,227,67,62,"{""sim_day"": 67.0, ""doy"": 227.0, ""topwt"": 3849.9301147460938, ""grnwt"": 997.9056549072266, ""xlai"": 0.5462217926979065, ""totir"": 40.0, ""tofer"": NaN, ""swfac"": 0.0, ""nstres"": 0.1997060179710388}",0.0,0.1997060179710388,3849.9301147460938,997.9056549072266,0.5462217926979065,40.0,,0.0,0.0,40.0,0.0,9.561807250976564,25.561807250976564,Leave_One_experiments/all_year_offline_schedule_search/daily_outputs/LCA/LCA_2017_LCA2017_stress_grid_S0004_daily.csv
LCA,LCA,Luancheng,2017,Leave_One_experiments\wth_generated_qc\LCA\LCA2017.WTH,dry_year;water_stress_year;nitrogen_stress_year,water_stress,LCA2017_stress_grid_S0004,pareto_balanced,2017-08-16,228,68,63,"{""sim_day"": 68.0, ""doy"": 228.0, ""topwt"": 3882.637634277344, ""grnwt"": 1124.444580078125, ""xlai"": 0.5322296619415283, ""totir"": 40.0, ""tofer"": NaN, ""swfac"": 0.0, ""nstres"": 0.2147875428199768}",0.0,0.2147875428199768,3882.637634277344,1124.444580078125,0.5322296619415283,40.0,,0.0,0.0,40.0,0.0,9.561807250976564,25.561807250976564,Leave_One_experiments/all_year_offline_schedule_search/daily_outputs/LCA/LCA_2017_LCA2017_stress_grid_S0004_daily.csv
LCA,LCA,Luancheng,2017,Leave_One_experiments\wth_generated_qc\LCA\LCA2017.WTH,dry_year;water_stress_year;nitrogen_stress_year,water_stress,LCA2017_stress_grid_S0004,pareto_balanced,2017-08-17,229,69,64,"{""sim_day"": 69.0, ""doy"": 229.0, ""topwt"": 3928.1732177734375, ""grnwt"": 1250.9835052490234, ""xlai"": 0.5181571841239929, ""totir"": 40.0, ""tofer"": NaN, ""swfac"": 0.0, ""nstres"": 0.234574019908905}",0.0,0.234574019908905,3928.1732177734375,1250.9835052490234,0.5181571841239929,40.0,,0.0,0.0,40.0,0.0,9.561807250976564,25.561807250976564,Leave_One_experiments/all_year_offline_schedule_search/daily_outputs/LCA/LCA_2017_LCA2017_stress_grid_S0004_daily.csv
LCA,LCA,Luancheng,2017,Leave_One_experiments\wth_generated_qc\LCA\LCA2017.WTH,dry_year;water_stress_year;nitrogen_stress_year,water_stress,LCA2017_stress_grid_S0004,pareto_balanced,2017-08-18,230,70,65,"{""sim_day"": 70.0, ""doy"": 230.0, ""topwt"": 3980.675659179688, ""grnwt"": 1377.522430419922, ""xlai"": 0.5049293041229248, ""totir"": 40.0, ""tofer"": NaN, ""swfac"": 0.0, ""nstres"": 0.2126880288124084}",0.0,0.2126880288124084,3980.675659179688,1377.522430419922,0.5049293041229248,40.0,,0.0,0.0,40.0,0.0,9.561807250976564,25.561807250976564,Leave_One_experiments/all_year_offline_schedule_search/daily_outputs/LCA/LCA_2017_LCA2017_stress_grid_S0004_daily.csv
LCA,LCA,Luancheng,2017,Leave_One_experiments\wth_generated_qc\LCA\LCA2017.WTH,dry_year;water_stress_year;nitrogen_stress_year,water_stress,LCA2017_stress_grid_S0004,pareto_balanced,2017-08-19,231,71,66,"{""sim_day"": 71.0, ""doy"": 231.0, ""topwt"": 4077.110290527344, ""grnwt"": 1504.0614318847656, ""xlai"": 0.4924093186855316, ""totir"": 40.0, ""tofer"": NaN, ""swfac"": 0.0, ""nstres"": 0.1983646750450134}",0.0,0.1983646750450134,4077.110290527344,1504.0614318847656,0.4924093186855316,40.0,,0.0,0.0,40.0,0.0,9.561807250976564,25.561807250976564,Leave_One_experiments/all_year_offline_schedule_search/daily_outputs/LCA/LCA_2017_LCA2017_stress_grid_S0004_daily.csv
LCA,LCA,Luancheng,2017,Leave_One_experiments\wth_generated_qc\LCA\LCA2017.WTH,dry_year;water_stress_year;nitrogen_stress_year,water_stress,LCA2017_stress_grid_S0004,pareto_balanced,2017-08-20,232,72,67,"{""sim_day"": 72.0, ""doy"": 232.0, ""topwt"": 4178.959045410156, ""grnwt"": 1617.1556091308594, ""xlai"": 0.4803863167762756, ""totir"": 40.0, ""tofer"": NaN, ""swfac"": 0.0, ""nstres"": 0.1953329443931579}",0.0,0.1953329443931579,4178.959045410156,1617.1556091308594,0.4803863167762756,40.0,,0.0,0.0,40.0,0.0,9.561807250976564,25.561807250976564,Leave_One_experiments/all_year_offline_schedule_search/daily_outputs/LCA/LCA_2017_LCA2017_stress_grid_S0004_daily.csv
LCA,LCA,Luancheng,2017,Leave_One_experiments\wth_generated_qc\LCA\LCA2017.WTH,dry_year;water_stress_year;nitrogen_stress_year,water_stress,LCA2017_stress_grid_S0004,pareto_balanced,2017-08-21,233,73,68,"{""sim_day"": 73.0, ""doy"": 233.0, ""topwt"": 4227.637023925781, ""grnwt"": 1726.2953186035156, ""xlai"": 0.4684462249279022, ""totir"": 40.0, ""tofer"": NaN, ""swfac"": 0.0, ""nstres"": 0.1988415718078613}",0.0,0.1988415718078613,4227.637023925781,1726.2953186035156,0.4684462249279022,40.0,,0.0,0.0,40.0,0.0,9.561807250976564,25.561807250976564,Leave_One_experiments/all_year_offline_schedule_search/daily_outputs/LCA/LCA_2017_LCA2017_stress_grid_S0004_daily.csv
LCA,LCA,Luancheng,2017,Leave_One_experiments\wth_generated_qc\LCA\LCA2017.WTH,dry_year;water_stress_year;nitrogen_stress_year,water_stress,LCA2017_stress_grid_S0004,pareto_balanced,2017-08-22,234,74,69,"{""sim_day"": 74.0, ""doy"": 234.0, ""topwt"": 4309.687805175781, ""grnwt"": 1804.5913696289065, ""xlai"": 0.456520140171051, ""totir"": 40.0, ""tofer"": NaN, ""swfac"": 0.0, ""nstres"": 0.2110123038291931}",0.0,0.2110123038291931,4309.687805175781,1804.5913696289065,0.456520140171051,40.0,,0.0,0.0,40.0,0.0,9.561807250976564,25.561807250976564,Leave_One_experiments/all_year_offline_schedule_search/daily_outputs/LCA/LCA_2017_LCA2017_stress_grid_S0004_daily.csv
LCA,LCA,Luancheng,2017,Leave_One_experiments\wth_generated_qc\LCA\LCA2017.WTH,dry_year;water_stress_year;nitrogen_stress_year,water_stress,LCA2017_stress_grid_S0004,pareto_balanced,2017-08-23,235,75,70,"{""sim_day"": 75.0, ""doy"": 235.0, ""topwt"": 4411.164855957031, ""grnwt"": 1893.9596557617188, ""xlai"": 0.4457815885543823, ""totir"": 40.0, ""tofer"": NaN, ""swfac"": 0.0, ""nstres"": 0.1881802678108215}",0.0,0.1881802678108215,4411.164855957031,1893.9596557617188,0.4457815885543823,40.0,,0.0,0.0,40.0,0.0,9.561807250976564,25.561807250976564,Leave_One_experiments/all_year_offline_schedule_search/daily_outputs/LCA/LCA_2017_LCA2017_stress_grid_S0004_daily.csv
LCA,LCA,Luancheng,2017,Leave_One_experiments\wth_generated_qc\LCA\LCA2017.WTH,dry_year;water_stress_year;nitrogen_stress_year,water_stress,LCA2017_stress_grid_S0004,pareto_balanced,2017-08-24,236,76,71,"{""sim_day"": 76.0, ""doy"": 236.0, ""topwt"": 4484.721984863281, ""grnwt"": 2016.544189453125, ""xlai"": 0.4350889027118683, ""totir"": 40.0, ""tofer"": NaN, ""swfac"": 0.0, ""nstres"": 0.1918902397155761}",0.0,0.1918902397155761,4484.721984863281,2016.544189453125,0.4350889027118683,40.0,,0.0,0.0,40.0,0.0,9.561807250976564,25.561807250976564,Leave_One_experiments/all_year_offline_schedule_search/daily_outputs/LCA/LCA_2017_LCA2017_stress_grid_S0004_daily.csv
LCA,LCA,Luancheng,2017,Leave_One_experiments\wth_generated_qc\LCA\LCA2017.WTH,dry_year;water_stress_year;nitrogen_stress_year,water_stress,LCA2017_stress_grid_S0004,pareto_balanced,2017-08-25,237,77,72,"{""sim_day"": 77.0, ""doy"": 237.0, ""topwt"": 4500.927734375, ""grnwt"": 2143.083038330078, ""xlai"": 0.4237801730632782, ""totir"": 40.0, ""tofer"": NaN, ""swfac"": 0.0, ""nstres"": 0.2238027453422546}",0.0,0.2238027453422546,4500.927734375,2143.083038330078,0.4237801730632782,40.0,,0.0,0.0,40.0,0.0,9.561807250976564,25.561807250976564,Leave_One_experiments/all_year_offline_schedule_search/daily_outputs/LCA/LCA_2017_LCA2017_stress_grid_S0004_daily.csv
LCA,LCA,Luancheng,2017,Leave_One_experiments\wth_generated_qc\LCA\LCA2017.WTH,dry_year;water_stress_year;nitrogen_stress_year,water_stress,LCA2017_stress_grid_S0004,pareto_balanced,2017-08-26,238,78,73,"{""sim_day"": 78.0, ""doy"": 238.0, ""topwt"": 4515.83251953125, ""grnwt"": 2269.622039794922, ""xlai"": 0.412599116563797, ""totir"": 40.0, ""tofer"": NaN, ""swfac"": 0.0, ""nstres"": 0.2332218289375305}",0.0,0.2332218289375305,4515.83251953125,2269.622039794922,0.412599116563797,40.0,,0.0,0.0,40.0,0.0,9.561807250976564,25.561807250976564,Leave_One_experiments/all_year_offline_schedule_search/daily_outputs/LCA/LCA_2017_LCA2017_stress_grid_S0004_daily.csv
LCA,LCA,Luancheng,2017,Leave_One_experiments\wth_generated_qc\LCA\LCA2017.WTH,dry_year;water_stress_year;nitrogen_stress_year,water_stress,LCA2017_stress_grid_S0004,pareto_balanced,2017-08-27,239,79,74,"{""sim_day"": 79.0, ""doy"": 239.0, ""topwt"": 4499.740295410156, ""grnwt"": 2299.756774902344, ""xlai"": 0.4022580087184906, ""totir"": 40.0, ""tofer"": NaN, ""swfac"": 0.0, ""nstres"": 0.2015221118927002}",0.0,0.2015221118927002,4499.740295410156,2299.756774902344,0.4022580087184906,40.0,,0.0,0.0,40.0,0.0,9.561807250976564,25.561807250976564,Leave_One_experiments/all_year_offline_schedule_search/daily_outputs/LCA/LCA_2017_LCA2017_stress_grid_S0004_daily.csv
LCA,LCA,Luancheng,2017,Leave_One_experiments\wth_generated_qc\LCA\LCA2017.WTH,dry_year;water_stress_year;nitrogen_stress_year,water_stress,LCA2017_stress_grid_S0004,pareto_balanced,2017-08-28,240,80,75,"{""sim_day"": 80.0, ""doy"": 240.0, ""topwt"": 4531.824035644531, ""grnwt"": 2331.8405151367188, ""xlai"": 0.3944557607173919, ""totir"": 40.0, ""tofer"": NaN, ""swfac"": 0.0, ""nstres"": 0.1551688909530639}",0.0,0.1551688909530639,4531.824035644531,2331.8405151367188,0.3944557607173919,40.0,,0.0,0.0,40.0,0.0,9.561807250976564,25.561807250976564,Leave_One_experiments/all_year_offline_schedule_search/daily_outputs/LCA/LCA_2017_LCA2017_stress_grid_S0004_daily.csv
LCA,LCA,Luancheng,2017,Leave_One_experiments\wth_generated_qc\LCA\LCA2017.WTH,dry_year;water_stress_year;nitrogen_stress_year,water_stress,LCA2017_stress_grid_S0004,pareto_balanced,2017-08-29,241,81,76,"{""sim_day"": 81.0, ""doy"": 241.0, ""topwt"": 4637.526550292969, ""grnwt"": 2437.5428771972656, ""xlai"": 0.3879163563251495, ""totir"": 40.0, ""tofer"": NaN, ""swfac"": 0.0, ""nstres"": 0.1326274871826172}",0.0,0.1326274871826172,4637.526550292969,2437.5428771972656,0.3879163563251495,40.0,,0.0,0.0,40.0,0.0,9.561807250976564,25.561807250976564,Leave_One_experiments/all_year_offline_schedule_search/daily_outputs/LCA/LCA_2017_LCA2017_stress_grid_S0004_daily.csv
LCA,LCA,Luancheng,2017,Leave_One_experiments\wth_generated_qc\LCA\LCA2017.WTH,dry_year;water_stress_year;nitrogen_stress_year,water_stress,LCA2017_stress_grid_S0004,pareto_balanced,2017-08-30,242,82,77,"{""sim_day"": 82.0, ""doy"": 242.0, ""topwt"": 4670.097351074219, ""grnwt"": 2470.113983154297, ""xlai"": 0.380086600780487, ""totir"": 40.0, ""tofer"": NaN, ""swfac"": 0.0, ""nstres"": 0.1614725589752197}",0.0,0.1614725589752197,4670.097351074219,2470.113983154297,0.380086600780487,40.0,,0.0,0.0,40.0,0.0,9.561807250976564,25.561807250976564,Leave_One_experiments/all_year_offline_schedule_search/daily_outputs/LCA/LCA_2017_LCA2017_stress_grid_S0004_daily.csv
LCA,LCA,Luancheng,2017,Leave_One_experiments\wth_generated_qc\LCA\LCA2017.WTH,dry_year;water_stress_year;nitrogen_stress_year,water_stress,LCA2017_stress_grid_S0004,pareto_balanced,2017-08-31,243,83,78,"{""sim_day"": 83.0, ""doy"": 243.0, ""topwt"": 4729.569396972656, ""grnwt"": 2529.585876464844, ""xlai"": 0.3727726936340332, ""totir"": 40.0, ""tofer"": NaN, ""swfac"": 0.0, ""nstres"": 0.1539420485496521}",0.0,0.1539420485496521,4729.569396972656,2529.585876464844,0.3727726936340332,40.0,,0.0,0.0,40.0,0.0,9.561807250976564,25.561807250976564,Leave_One_experiments/all_year_offline_schedule_search/daily_outputs/LCA/LCA_2017_LCA2017_stress_grid_S0004_daily.csv
LCA,LCA,Luancheng,2017,Leave_One_experiments\wth_generated_qc\LCA\LCA2017.WTH,dry_year;water_stress_year;nitrogen_stress_year,water_stress,LCA2017_stress_grid_S0004,pareto_balanced,2017-09-01,244,84,79,"{""sim_day"": 84.0, ""doy"": 244.0, ""topwt"": 4761.151428222656, ""grnwt"": 2561.1676025390625, ""xlai"": 0.3654009997844696, ""totir"": 40.0, ""tofer"": NaN, ""swfac"": 0.0, ""nstres"": 0.1582013368606567}",0.0,0.1582013368606567,4761.151428222656,2561.1676025390625,0.3654009997844696,40.0,,0.0,0.0,40.0,0.0,9.561807250976564,25.561807250976564,Leave_One_experiments/all_year_offline_schedule_search/daily_outputs/LCA/LCA_2017_LCA2017_stress_grid_S0004_daily.csv
LCA,LCA,Luancheng,2017,Leave_One_experiments\wth_generated_qc\LCA\LCA2017.WTH,dry_year;water_stress_year;nitrogen_stress_year,water_stress,LCA2017_stress_grid_S0004,pareto_balanced,2017-09-02,245,85,80,"{""sim_day"": 85.0, ""doy"": 245.0, ""topwt"": 4828.702087402344, ""grnwt"": 2628.7188720703125, ""xlai"": 0.3587482273578644, ""totir"": 40.0, ""tofer"": NaN, ""swfac"": 0.0, ""nstres"": 0.1456542015075683}",0.0,0.1456542015075683,4828.702087402344,2628.7188720703125,0.3587482273578644,40.0,,0.0,0.0,40.0,0.0,9.561807250976564,25.561807250976564,Leave_One_experiments/all_year_offline_schedule_search/daily_outputs/LCA/LCA_2017_LCA2017_stress_grid_S0004_daily.csv
LCA,LCA,Luancheng,2017,Leave_One_experiments\wth_generated_qc\LCA\LCA2017.WTH,dry_year;water_stress_year;nitrogen_stress_year,water_stress,LCA2017_stress_grid_S0004,pareto_balanced,2017-09-03,246,86,81,"{""sim_day"": 86.0, ""doy"": 246.0, ""topwt"": 4884.583435058594, ""grnwt"": 2684.6002197265625, ""xlai"": 0.3519486784934997, ""totir"": 40.0, ""tofer"": NaN, ""swfac"": 0.0, ""nstres"": 0.1516282558441162}",0.0,0.1516282558441162,4884.583435058594,2684.6002197265625,0.3519486784934997,40.0,,0.0,0.0,40.0,0.0,9.561807250976564,25.561807250976564,Leave_One_experiments/all_year_offline_schedule_search/daily_outputs/LCA/LCA_2017_LCA2017_stress_grid_S0004_daily.csv
LCA,LCA,Luancheng,2017,Leave_One_experiments\wth_generated_qc\LCA\LCA2017.WTH,dry_year;water_stress_year;nitrogen_stress_year,water_stress,LCA2017_stress_grid_S0004,pareto_balanced,2017-09-04,247,87,82,"{""sim_day"": 87.0, ""doy"": 247.0, ""topwt"": 4922.0599365234375, ""grnwt"": 2722.076416015625, ""xlai"": 0.3453258574008941, ""totir"": 40.0, ""tofer"": NaN, ""swfac"": 0.0, ""nstres"": 0.150539219379425}",0.0,0.150539219379425,4922.0599365234375,2722.076416015625,0.3453258574008941,40.0,,0.0,0.0,40.0,0.0,9.561807250976564,25.561807250976564,Leave_One_experiments/all_year_offline_schedule_search/daily_outputs/LCA/LCA_2017_LCA2017_stress_grid_S0004_daily.csv
LCA,LCA,Luancheng,2017,Leave_One_experiments\wth_generated_qc\LCA\LCA2017.WTH,dry_year;water_stress_year;nitrogen_stress_year,water_stress,LCA2017_stress_grid_S0004,pareto_balanced,2017-09-05,248,88,83,"{""sim_day"": 88.0, ""doy"": 248.0, ""topwt"": 5001.185607910156, ""grnwt"": 2801.202087402344, ""xlai"": 0.3393479287624359, ""totir"": 40.0, ""tofer"": NaN, ""swfac"": 0.0, ""nstres"": 0.1384872198104858}",0.0,0.1384872198104858,5001.185607910156,2801.202087402344,0.3393479287624359,40.0,,0.0,0.0,40.0,0.0,9.561807250976564,25.561807250976564,Leave_One_experiments/all_year_offline_schedule_search/daily_outputs/LCA/LCA_2017_LCA2017_stress_grid_S0004_daily.csv
LCA,LCA,Luancheng,2017,Leave_One_experiments\wth_generated_qc\LCA\LCA2017.WTH,dry_year;water_stress_year;nitrogen_stress_year,water_stress,LCA2017_stress_grid_S0004,pareto_balanced,2017-09-06,249,89,84,"{""sim_day"": 89.0, ""doy"": 249.0, ""topwt"": 5081.119995117188, ""grnwt"": 2881.1361694335938, ""xlai"": 0.3329727351665497, ""totir"": 40.0, ""tofer"": NaN, ""swfac"": 0.0, ""nstres"": 0.150292158126831}",0.0,0.150292158126831,5081.119995117188,2881.1361694335938,0.3329727351665497,40.0,,0.0,0.0,40.0,0.0,9.561807250976564,25.561807250976564,Leave_One_experiments/all_year_offline_schedule_search/daily_outputs/LCA/LCA_2017_LCA2017_stress_grid_S0004_daily.csv
LCA,LCA,Luancheng,2017,Leave_One_experiments\wth_generated_qc\LCA\LCA2017.WTH,dry_year;water_stress_year;nitrogen_stress_year,water_stress,LCA2017_stress_grid_S0004,pareto_balanced,2017-09-07,250,90,85,"{""sim_day"": 90.0, ""doy"": 250.0, ""topwt"": 5156.16455078125, ""grnwt"": 2956.180725097656, ""xlai"": 0.3262988030910492, ""totir"": 40.0, ""tofer"": NaN, ""swfac"": 0.0, ""nstres"": 0.160346508026123}",0.0,0.160346508026123,5156.16455078125,2956.180725097656,0.3262988030910492,40.0,,0.0,0.0,40.0,0.0,9.561807250976564,25.561807250976564,Leave_One_experiments/all_year_offline_schedule_search/daily_outputs/LCA/LCA_2017_LCA2017_stress_grid_S0004_daily.csv
LCA,LCA,Luancheng,2017,Leave_One_experiments\wth_generated_qc\LCA\LCA2017.WTH,dry_year;water_stress_year;nitrogen_stress_year,water_stress,LCA2017_stress_grid_S0004,pareto_balanced,2017-09-08,251,91,86,"{""sim_day"": 91.0, ""doy"": 251.0, ""topwt"": 5156.16455078125, ""grnwt"": 2956.180725097656, ""xlai"": 0.3262988030910492, ""totir"": 40.0, ""tofer"": NaN, ""swfac"": 0.0, ""nstres"": 0.164896011352539}",0.0,0.164896011352539,5156.16455078125,2956.180725097656,0.3262988030910492,40.0,,0.0,0.0,40.0,0.0,9.561807250976564,25.561807250976564,Leave_One_experiments/all_year_offline_schedule_search/daily_outputs/LCA/LCA_2017_LCA2017_stress_grid_S0004_daily.csv
LCA,LCA,Luancheng,2017,Leave_One_experiments\wth_generated_qc\LCA\LCA2017.WTH,dry_year;water_stress_year;nitrogen_stress_year,water_stress,LCA2017_stress_grid_S0004,pareto_balanced,2017-09-09,252,92,87,"{""sim_day"": 92.0, ""doy"": 252.0, ""topwt"": 5156.16455078125, ""grnwt"": 2956.180725097656, ""xlai"": 0.3262988030910492, ""totir"": 40.0, ""tofer"": NaN, ""swfac"": 0.0, ""nstres"": 0.164896011352539}",0.0,0.164896011352539,5156.16455078125,2956.180725097656,0.3262988030910492,40.0,,0.0,0.0,40.0,0.0,9.561807250976564,25.561807250976564,Leave_One_experiments/all_year_offline_schedule_search/daily_outputs/LCA/LCA_2017_LCA2017_stress_grid_S0004_daily.csv
LCA,LCA,Luancheng,2017,Leave_One_experiments\wth_generated_qc\LCA\LCA2017.WTH,dry_year;water_stress_year;nitrogen_stress_year,water_stress,LCA2017_stress_grid_S0004,pareto_balanced,2017-09-10,253,93,88,"{""sim_day"": 93.0, ""doy"": 253.0, ""topwt"": 5156.16455078125, ""grnwt"": 2956.180725097656, ""xlai"": 0.3262988030910492, ""totir"": 40.0, ""tofer"": NaN, ""swfac"": 0.0, ""nstres"": 0.164896011352539}",0.0,0.164896011352539,5156.16455078125,2956.180725097656,0.3262988030910492,40.0,,0.0,0.0,40.0,0.0,9.561807250976564,25.561807250976564,Leave_One_experiments/all_year_offline_schedule_search/daily_outputs/LCA/LCA_2017_LCA2017_stress_grid_S0004_daily.csv
LCA,LCA,Luancheng,2017,Leave_One_experiments\wth_generated_qc\LCA\LCA2017.WTH,dry_year;water_stress_year;nitrogen_stress_year,water_stress,LCA2017_stress_grid_S0004,pareto_balanced,2017-09-11,254,94,89,"{""sim_day"": 94.0, ""doy"": 254.0, ""topwt"": 5156.16455078125, ""grnwt"": 2956.180725097656, ""xlai"": 0.3262988030910492, ""totir"": 40.0, ""tofer"": NaN, ""swfac"": 0.0, ""nstres"": 0.164896011352539}",0.0,0.164896011352539,5156.16455078125,2956.180725097656,0.3262988030910492,40.0,,0.0,0.0,40.0,0.0,9.561807250976564,25.561807250976564,Leave_One_experiments/all_year_offline_schedule_search/daily_outputs/LCA/LCA_2017_LCA2017_stress_grid_S0004_daily.csv
LCA,LCA,Luancheng,2017,Leave_One_experiments\wth_generated_qc\LCA\LCA2017.WTH,dry_year;water_stress_year;nitrogen_stress_year,water_stress,LCA2017_stress_grid_S0005,pareto_balanced,2017-06-15,166,1,1,"{""sim_day"": 1.0, ""doy"": 166.0, ""topwt"": 0.0, ""grnwt"": 0.0, ""xlai"": 0.0, ""totir"": 0.0, ""tofer"": NaN, ""swfac"": 0.0, ""nstres"": 0.0}",0.0,0.0,0.0,0.0,0.0,0.0,,0.0,0.0,40.0,0.0,9.561807250976564,25.561807250976564,Leave_One_experiments/all_year_offline_schedule_search/daily_outputs/LCA/LCA_2017_LCA2017_stress_grid_S0005_daily.csv
LCA,LCA,Luancheng,2017,Leave_One_experiments\wth_generated_qc\LCA\LCA2017.WTH,dry_year;water_stress_year;nitrogen_stress_year,water_stress,LCA2017_stress_grid_S0005,pareto_balanced,2017-06-16,167,2,2,"{""sim_day"": 2.0, ""doy"": 167.0, ""topwt"": 0.0, ""grnwt"": 0.0, ""xlai"": 0.0, ""totir"": 0.0, ""tofer"": NaN, ""swfac"": 0.0, ""nstres"": 0.0}",0.0,0.0,0.0,0.0,0.0,0.0,,0.0,0.0,40.0,0.0,9.561807250976564,25.561807250976564,Leave_One_experiments/all_year_offline_schedule_search/daily_outputs/LCA/LCA_2017_LCA2017_stress_grid_S0005_daily.csv
LCA,LCA,Luancheng,2017,Leave_One_experiments\wth_generated_qc\LCA\LCA2017.WTH,dry_year;water_stress_year;nitrogen_stress_year,water_stress,LCA2017_stress_grid_S0005,pareto_balanced,2017-06-17,168,3,3,"{""sim_day"": 3.0, ""doy"": 168.0, ""topwt"": 0.0, ""grnwt"": 0.0, ""xlai"": 0.0, ""totir"": 0.0, ""tofer"": NaN, ""swfac"": 0.0, ""nstres"": 0.0}",0.0,0.0,0.0,0.0,0.0,0.0,,0.0,0.0,40.0,0.0,9.561807250976564,25.561807250976564,Leave_One_experiments/all_year_offline_schedule_search/daily_outputs/LCA/LCA_2017_LCA2017_stress_grid_S0005_daily.csv
LCA,LCA,Luancheng,2017,Leave_One_experiments\wth_generated_qc\LCA\LCA2017.WTH,dry_year;water_stress_year;nitrogen_stress_year,water_stress,LCA2017_stress_grid_S0005,pareto_balanced,2017-06-18,169,4,4,"{""sim_day"": 4.0, ""doy"": 169.0, ""topwt"": 0.0, ""grnwt"": 0.0, ""xlai"": 0.0, ""totir"": 0.0, ""tofer"": NaN, ""swfac"": 0.0, ""nstres"": 0.0}",0.0,0.0,0.0,0.0,0.0,0.0,,0.0,0.0,40.0,0.0,9.561807250976564,25.561807250976564,Leave_One_experiments/all_year_offline_schedule_search/daily_outputs/LCA/LCA_2017_LCA2017_stress_grid_S0005_daily.csv
LCA,LCA,Luancheng,2017,Leave_One_experiments\wth_generated_qc\LCA\LCA2017.WTH,dry_year;water_stress_year;nitrogen_stress_year,water_stress,LCA2017_stress_grid_S0005,pareto_balanced,2017-06-19,170,5,5,"{""sim_day"": 5.0, ""doy"": 170.0, ""topwt"": 0.0, ""grnwt"": 0.0, ""xlai"": 0.0, ""totir"": 0.0, ""tofer"": NaN, ""swfac"": 0.0, ""nstres"": 0.0}",0.0,0.0,0.0,0.0,0.0,0.0,,0.0,0.0,40.0,0.0,9.561807250976564,25.561807250976564,Leave_One_experiments/all_year_offline_schedule_search/daily_outputs/LCA/LCA_2017_LCA2017_stress_grid_S0005_daily.csv
LCA,LCA,Luancheng,2017,Leave_One_experiments\wth_generated_qc\LCA\LCA2017.WTH,dry_year;water_stress_year;nitrogen_stress_year,water_stress,LCA2017_stress_grid_S0005,pareto_balanced,2017-06-15,166,6,1,"{""sim_day"": 6.0, ""doy"": 166.0, ""topwt"": 0.0, ""grnwt"": 0.0, ""xlai"": 0.0, ""totir"": 0.0, ""tofer"": NaN, ""swfac"": 0.0, ""nstres"": 0.0}",0.0,0.0,0.0,0.0,0.0,0.0,,0.0,0.0,40.0,0.0,9.561807250976564,25.561807250976564,Leave_One_experiments/all_year_offline_schedule_search/daily_outputs/LCA/LCA_2017_LCA2017_stress_grid_S0005_daily.csv
LCA,LCA,Luancheng,2017,Leave_One_experiments\wth_generated_qc\LCA\LCA2017.WTH,dry_year;water_stress_year;nitrogen_stress_year,water_stress,LCA2017_stress_grid_S0005,pareto_balanced,2017-06-16,167,7,2,"{""sim_day"": 7.0, ""doy"": 167.0, ""topwt"": 0.0, ""grnwt"": 0.0, ""xlai"": 0.0, ""totir"": 0.0, ""tofer"": NaN, ""swfac"": 0.0, ""nstres"": 0.0}",0.0,0.0,0.0,0.0,0.0,0.0,,0.0,0.0,40.0,0.0,9.561807250976564,25.561807250976564,Leave_One_experiments/all_year_offline_schedule_search/daily_outputs/LCA/LCA_2017_LCA2017_stress_grid_S0005_daily.csv
LCA,LCA,Luancheng,2017,Leave_One_experiments\wth_generated_qc\LCA\LCA2017.WTH,dry_year;water_stress_year;nitrogen_stress_year,water_stress,LCA2017_stress_grid_S0005,pareto_balanced,2017-06-17,168,8,3,"{""sim_day"": 8.0, ""doy"": 168.0, ""topwt"": 0.0, ""grnwt"": 0.0, ""xlai"": 0.0, ""totir"": 0.0, ""tofer"": NaN, ""swfac"": 0.0, ""nstres"": 0.0}",0.0,0.0,0.0,0.0,0.0,0.0,,0.0,0.0,40.0,0.0,9.561807250976564,25.561807250976564,Leave_One_experiments/all_year_offline_schedule_search/daily_outputs/LCA/LCA_2017_LCA2017_stress_grid_S0005_daily.csv
LCA,LCA,Luancheng,2017,Leave_One_experiments\wth_generated_qc\LCA\LCA2017.WTH,dry_year;water_stress_year;nitrogen_stress_year,water_stress,LCA2017_stress_grid_S0005,pareto_balanced,2017-06-18,169,9,4,"{""sim_day"": 9.0, ""doy"": 169.0, ""topwt"": 0.0, ""grnwt"": 0.0, ""xlai"": 0.0, ""totir"": 0.0, ""tofer"": NaN, ""swfac"": 0.0, ""nstres"": 0.0}",0.0,0.0,0.0,0.0,0.0,0.0,,0.0,0.0,40.0,0.0,9.561807250976564,25.561807250976564,Leave_One_experiments/all_year_offline_schedule_search/daily_outputs/LCA/LCA_2017_LCA2017_stress_grid_S0005_daily.csv
LCA,LCA,Luancheng,2017,Leave_One_experiments\wth_generated_qc\LCA\LCA2017.WTH,dry_year;water_stress_year;nitrogen_stress_year,water_stress,LCA2017_stress_grid_S0005,pareto_balanced,2017-06-19,170,10,5,"{""sim_day"": 10.0, ""doy"": 170.0, ""topwt"": 23.600001335144043, ""grnwt"": 0.0, ""xlai"": 0.0054951584897935, ""totir"": 0.0, ""tofer"": NaN, ""swfac"": 0.0, ""nstres"": 0.0121910572052001}",0.0,0.0121910572052001,23.600001335144043,0.0,0.0054951584897935,0.0,,0.0,0.0,40.0,0.0,9.561807250976564,25.561807250976564,Leave_One_experiments/all_year_offline_schedule_search/daily_outputs/LCA/LCA_2017_LCA2017_stress_grid_S0005_daily.csv
LCA,LCA,Luancheng,2017,Leave_One_experiments\wth_generated_qc\LCA\LCA2017.WTH,dry_year;water_stress_year;nitrogen_stress_year,water_stress,LCA2017_stress_grid_S0005,pareto_balanced,2017-06-20,171,11,6,"{""sim_day"": 11.0, ""doy"": 171.0, ""topwt"": 23.600001335144043, ""grnwt"": 0.0, ""xlai"": 0.0112193431705236, ""totir"": 0.0, ""tofer"": NaN, ""swfac"": 0.0, ""nstres"": 0.0060214400291442}",0.0,0.0060214400291442,23.600001335144043,0.0,0.0112193431705236,0.0,,0.0,0.0,40.0,0.0,9.561807250976564,25.561807250976564,Leave_One_experiments/all_year_offline_schedule_search/daily_outputs/LCA/LCA_2017_LCA2017_stress_grid_S0005_daily.csv
LCA,LCA,Luancheng,2017,Leave_One_experiments\wth_generated_qc\LCA\LCA2017.WTH,dry_year;water_stress_year;nitrogen_stress_year,water_stress,LCA2017_stress_grid_S0005,pareto_balanced,2017-06-21,172,12,7,"{""sim_day"": 12.0, ""doy"": 172.0, ""topwt"": 23.600001335144043, ""grnwt"": 0.0, ""xlai"": 0.0147742293775081, ""totir"": 0.0, ""tofer"": NaN, ""swfac"": 0.0, ""nstres"": 0.0002439618110656}",0.0,0.0002439618110656,23.600001335144043,0.0,0.0147742293775081,0.0,,0.0,0.0,40.0,0.0,9.561807250976564,25.561807250976564,Leave_One_experiments/all_year_offline_schedule_search/daily_outputs/LCA/LCA_2017_LCA2017_stress_grid_S0005_daily.csv
LCA,LCA,Luancheng,2017,Leave_One_experiments\wth_generated_qc\LCA\LCA2017.WTH,dry_year;water_stress_year;nitrogen_stress_year,water_stress,LCA2017_stress_grid_S0005,pareto_balanced,2017-06-22,173,13,8,"{""sim_day"": 13.0, ""doy"": 173.0, ""topwt"": 23.600001335144043, ""grnwt"": 0.0, ""xlai"": 0.031895887106657, ""totir"": 0.0, ""tofer"": NaN, ""swfac"": 0.0, ""nstres"": 0.0}",0.0,0.0,23.600001335144043,0.0,0.031895887106657,0.0,,0.0,0.0,40.0,0.0,9.561807250976564,25.561807250976564,Leave_One_experiments/all_year_offline_schedule_search/daily_outputs/LCA/LCA_2017_LCA2017_stress_grid_S0005_daily.csv
LCA,LCA,Luancheng,2017,Leave_One_experiments\wth_generated_qc\LCA\LCA2017.WTH,dry_year;water_stress_year;nitrogen_stress_year,water_stress,LCA2017_stress_grid_S0005,pareto_balanced,2017-06-23,174,14,9,"{""sim_day"": 14.0, ""doy"": 174.0, ""topwt"": 29.42981481552124, ""grnwt"": 0.0, ""xlai"": 0.0558663122355937, ""totir"": 0.0, ""tofer"": NaN, ""swfac"": 0.0, ""nstres"": 0.0}",0.0,0.0,29.42981481552124,0.0,0.0558663122355937,0.0,,0.0,0.0,40.0,0.0,9.561807250976564,25.561807250976564,Leave_One_experiments/all_year_offline_schedule_search/daily_outputs/LCA/LCA_2017_LCA2017_stress_grid_S0005_daily.csv
LCA,LCA,Luancheng,2017,Leave_One_experiments\wth_generated_qc\LCA\LCA2017.WTH,dry_year;water_stress_year;nitrogen_stress_year,water_stress,LCA2017_stress_grid_S0005,pareto_balanced,2017-06-24,175,15,10,"{""sim_day"": 15.0, ""doy"": 175.0, ""topwt"": 42.635345458984375, ""grnwt"": 0.0, ""xlai"": 0.0872358232736587, ""totir"": 0.0, ""tofer"": NaN, ""swfac"": 0.0, ""nstres"": 0.0}",0.0,0.0,42.635345458984375,0.0,0.0872358232736587,0.0,,0.0,0.0,40.0,0.0,9.561807250976564,25.561807250976564,Leave_One_experiments/all_year_offline_schedule_search/daily_outputs/LCA/LCA_2017_LCA2017_stress_grid_S0005_daily.csv
LCA,LCA,Luancheng,2017,Leave_One_experiments\wth_generated_qc\LCA\LCA2017.WTH,dry_year;water_stress_year;nitrogen_stress_year,water_stress,LCA2017_stress_grid_S0005,pareto_balanced,2017-06-25,176,16,11,"{""sim_day"": 16.0, ""doy"": 176.0, ""topwt"": 60.08244514465332, ""grnwt"": 0.0, ""xlai"": 0.1246716156601905, ""totir"": 0.0, ""tofer"": NaN, ""swfac"": 0.0, ""nstres"": 0.0}",0.0,0.0,60.08244514465332,0.0,0.1246716156601905,0.0,,0.0,0.0,40.0,0.0,9.561807250976564,25.561807250976564,Leave_One_experiments/all_year_offline_schedule_search/daily_outputs/LCA/LCA_2017_LCA2017_stress_grid_S0005_daily.csv
LCA,LCA,Luancheng,2017,Leave_One_experiments\wth_generated_qc\LCA\LCA2017.WTH,dry_year;water_stress_year;nitrogen_stress_year,water_stress,LCA2017_stress_grid_S0005,pareto_balanced,2017-06-26,177,17,12,"{""sim_day"": 17.0, ""doy"": 177.0, ""topwt"": 84.83872413635254, ""grnwt"": 0.0, ""xlai"": 0.1732862591743469, ""totir"": 0.0, ""tofer"": NaN, ""swfac"": 0.0, ""nstres"": 0.0}",0.0,0.0,84.83872413635254,0.0,0.1732862591743469,0.0,,0.0,0.0,40.0,0.0,9.561807250976564,25.561807250976564,Leave_One_experiments/all_year_offline_schedule_search/daily_outputs/LCA/LCA_2017_LCA2017_stress_grid_S0005_daily.csv
LCA,LCA,Luancheng,2017,Leave_One_experiments\wth_generated_qc\LCA\LCA2017.WTH,dry_year;water_stress_year;nitrogen_stress_year,water_stress,LCA2017_stress_grid_S0005,pareto_balanced,2017-06-27,178,18,13,"{""sim_day"": 18.0, ""doy"": 178.0, ""topwt"": 117.618989944458, ""grnwt"": 0.0, ""xlai"": 0.2326609045267105, ""totir"": 0.0, ""tofer"": NaN, ""swfac"": 0.0, ""nstres"": 0.0}",0.0,0.0,117.618989944458,0.0,0.2326609045267105,0.0,,0.0,0.0,40.0,0.0,9.561807250976564,25.561807250976564,Leave_One_experiments/all_year_offline_schedule_search/daily_outputs/LCA/LCA_2017_LCA2017_stress_grid_S0005_daily.csv
LCA,LCA,Luancheng,2017,Leave_One_experiments\wth_generated_qc\LCA\LCA2017.WTH,dry_year;water_stress_year;nitrogen_stress_year,water_stress,LCA2017_stress_grid_S0005,pareto_balanced,2017-06-28,179,19,14,"{""sim_day"": 19.0, ""doy"": 179.0, ""topwt"": 146.34827613830566, ""grnwt"": 0.0, ""xlai"": 0.2999043464660644, ""totir"": 0.0, ""tofer"": NaN, ""swfac"": 0.0, ""nstres"": 0.0685964226722717}",0.0,0.0685964226722717,146.34827613830566,0.0,0.2999043464660644,0.0,,0.0,0.0,40.0,0.0,9.561807250976564,25.561807250976564,Leave_One_experiments/all_year_offline_schedule_search/daily_outputs/LCA/LCA_2017_LCA2017_stress_grid_S0005_daily.csv
LCA,LCA,Luancheng,2017,Leave_One_experiments\wth_generated_qc\LCA\LCA2017.WTH,dry_year;water_stress_year;nitrogen_stress_year,water_stress,LCA2017_stress_grid_S0005,pareto_balanced,2017-06-29,180,20,15,"{""sim_day"": 20.0, ""doy"": 180.0, ""topwt"": 178.10405731201172, ""grnwt"": 0.0, ""xlai"": 0.3490076065063476, ""totir"": 0.0, ""tofer"": NaN, ""swfac"": 0.0, ""nstres"": 0.1715297698974609}",0.0,0.1715297698974609,178.10405731201172,0.0,0.3490076065063476,0.0,,0.0,0.0,40.0,0.0,9.561807250976564,25.561807250976564,Leave_One_experiments/all_year_offline_schedule_search/daily_outputs/LCA/LCA_2017_LCA2017_stress_grid_S0005_daily.csv
LCA,LCA,Luancheng,2017,Leave_One_experiments\wth_generated_qc\LCA\LCA2017.WTH,dry_year;water_stress_year;nitrogen_stress_year,water_stress,LCA2017_stress_grid_S0005,pareto_balanced,2017-06-30,181,21,16,"{""sim_day"": 21.0, ""doy"": 181.0, ""topwt"": 210.059871673584, ""grnwt"": 0.0, ""xlai"": 0.3933399319648742, ""totir"": 0.0, ""tofer"": NaN, ""swfac"": 0.0, ""nstres"": 0.2339411377906799}",0.0,0.2339411377906799,210.059871673584,0.0,0.3933399319648742,0.0,,0.0,0.0,40.0,0.0,9.561807250976564,25.561807250976564,Leave_One_experiments/all_year_offline_schedule_search/daily_outputs/LCA/LCA_2017_LCA2017_stress_grid_S0005_daily.csv
LCA,LCA,Luancheng,2017,Leave_One_experiments\wth_generated_qc\LCA\LCA2017.WTH,dry_year;water_stress_year;nitrogen_stress_year,water_stress,LCA2017_stress_grid_S0005,pareto_balanced,2017-07-01,182,22,17,"{""sim_day"": 22.0, ""doy"": 182.0, ""topwt"": 240.60979843139648, ""grnwt"": 0.0, ""xlai"": 0.4304699003696441, ""totir"": 0.0, ""tofer"": NaN, ""swfac"": 0.0, ""nstres"": 0.3494977951049804}",0.0,0.3494977951049804,240.60979843139648,0.0,0.4304699003696441,0.0,,0.0,0.0,40.0,0.0,9.561807250976564,25.561807250976564,Leave_One_experiments/all_year_offline_schedule_search/daily_outputs/LCA/LCA_2017_LCA2017_stress_grid_S0005_daily.csv
LCA,LCA,Luancheng,2017,Leave_One_experiments\wth_generated_qc\LCA\LCA2017.WTH,dry_year;water_stress_year;nitrogen_stress_year,water_stress,LCA2017_stress_grid_S0005,pareto_balanced,2017-07-02,183,23,18,"{""sim_day"": 23.0, ""doy"": 183.0, ""topwt"": 272.76437759399414, ""grnwt"": 0.0, ""xlai"": 0.4666706323623657, ""totir"": 0.0, ""tofer"": NaN, ""swfac"": 0.0, ""nstres"": 0.398964524269104}",0.0,0.398964524269104,272.76437759399414,0.0,0.4666706323623657,0.0,,0.0,0.0,40.0,0.0,9.561807250976564,25.561807250976564,Leave_One_experiments/all_year_offline_schedule_search/daily_outputs/LCA/LCA_2017_LCA2017_stress_grid_S0005_daily.csv
LCA,LCA,Luancheng,2017,Leave_One_experiments\wth_generated_qc\LCA\LCA2017.WTH,dry_year;water_stress_year;nitrogen_stress_year,water_stress,LCA2017_stress_grid_S0005,pareto_balanced,2017-07-03,184,24,19,"{""sim_day"": 24.0, ""doy"": 184.0, ""topwt"": 299.59171295166016, ""grnwt"": 0.0, ""xlai"": 0.4925122857093811, ""totir"": 0.0, ""tofer"": NaN, ""swfac"": 0.0, ""nstres"": 0.3942177891731262}",0.0,0.3942177891731262,299.59171295166016,0.0,0.4925122857093811,0.0,,0.0,0.0,40.0,0.0,9.561807250976564,25.561807250976564,Leave_One_experiments/all_year_offline_schedule_search/daily_outputs/LCA/LCA_2017_LCA2017_stress_grid_S0005_daily.csv
LCA,LCA,Luancheng,2017,Leave_One_experiments\wth_generated_qc\LCA\LCA2017.WTH,dry_year;water_stress_year;nitrogen_stress_year,water_stress,LCA2017_stress_grid_S0005,pareto_balanced,2017-07-04,185,25,20,"{""sim_day"": 25.0, ""doy"": 185.0, ""topwt"": 337.5626754760742, ""grnwt"": 0.0, ""xlai"": 0.5284916758537292, ""totir"": 40.0, ""tofer"": NaN, ""swfac"": 0.0, ""nstres"": 0.3800749778747558}",0.0,0.3800749778747558,337.5626754760742,0.0,0.5284916758537292,40.0,,40.0,0.0,40.0,0.0,9.561807250976564,25.561807250976564,Leave_One_experiments/all_year_offline_schedule_search/daily_outputs/LCA/LCA_2017_LCA2017_stress_grid_S0005_daily.csv
LCA,LCA,Luancheng,2017,Leave_One_experiments\wth_generated_qc\LCA\LCA2017.WTH,dry_year;water_stress_year;nitrogen_stress_year,water_stress,LCA2017_stress_grid_S0005,pareto_balanced,2017-07-05,186,26,21,"{""sim_day"": 26.0, ""doy"": 186.0, ""topwt"": 359.61536407470703, ""grnwt"": 0.0, ""xlai"": 0.542712926864624, ""totir"": 40.0, ""tofer"": NaN, ""swfac"": 0.0, ""nstres"": 0.3824164867401123}",0.0,0.3824164867401123,359.61536407470703,0.0,0.542712926864624,40.0,,0.0,0.0,40.0,0.0,9.561807250976564,25.561807250976564,Leave_One_experiments/all_year_offline_schedule_search/daily_outputs/LCA/LCA_2017_LCA2017_stress_grid_S0005_daily.csv
LCA,LCA,Luancheng,2017,Leave_One_experiments\wth_generated_qc\LCA\LCA2017.WTH,dry_year;water_stress_year;nitrogen_stress_year,water_stress,LCA2017_stress_grid_S0005,pareto_balanced,2017-07-06,187,27,22,"{""sim_day"": 27.0, ""doy"": 187.0, ""topwt"": 406.2077331542969, ""grnwt"": 0.0, ""xlai"": 0.5869554281234741, ""totir"": 40.0, ""tofer"": NaN, ""swfac"": 0.0, ""nstres"": 0.4335406422615051}",0.0,0.4335406422615051,406.2077331542969,0.0,0.5869554281234741,40.0,,0.0,0.0,40.0,0.0,9.561807250976564,25.561807250976564,Leave_One_experiments/all_year_offline_schedule_search/daily_outputs/LCA/LCA_2017_LCA2017_stress_grid_S0005_daily.csv
LCA,LCA,Luancheng,2017,Leave_One_experiments\wth_generated_qc\LCA\LCA2017.WTH,dry_year;water_stress_year;nitrogen_stress_year,water_stress,LCA2017_stress_grid_S0005,pareto_balanced,2017-07-07,188,28,23,"{""sim_day"": 28.0, ""doy"": 188.0, ""topwt"": 456.7071914672852, ""grnwt"": 0.0, ""xlai"": 0.6303430795669556, ""totir"": 40.0, ""tofer"": NaN, ""swfac"": 0.0, ""nstres"": 0.4392871260643005}",0.0,0.4392871260643005,456.7071914672852,0.0,0.6303430795669556,40.0,,0.0,0.0,40.0,0.0,9.561807250976564,25.561807250976564,Leave_One_experiments/all_year_offline_schedule_search/daily_outputs/LCA/LCA_2017_LCA2017_stress_grid_S0005_daily.csv
LCA,LCA,Luancheng,2017,Leave_One_experiments\wth_generated_qc\LCA\LCA2017.WTH,dry_year;water_stress_year;nitrogen_stress_year,water_stress,LCA2017_stress_grid_S0005,pareto_balanced,2017-07-08,189,29,24,"{""sim_day"": 29.0, ""doy"": 189.0, ""topwt"": 503.337516784668, ""grnwt"": 0.0, ""xlai"": 0.6628391146659851, ""totir"": 40.0, ""tofer"": NaN, ""swfac"": 0.0, ""nstres"": 0.4574329257011413}",0.0,0.4574329257011413,503.337516784668,0.0,0.6628391146659851,40.0,,0.0,0.0,40.0,0.0,9.561807250976564,25.561807250976564,Leave_One_experiments/all_year_offline_schedule_search/daily_outputs/LCA/LCA_2017_LCA2017_stress_grid_S0005_daily.csv
LCA,LCA,Luancheng,2017,Leave_One_experiments\wth_generated_qc\LCA\LCA2017.WTH,dry_year;water_stress_year;nitrogen_stress_year,water_stress,LCA2017_stress_grid_S0005,pareto_balanced,2017-07-09,190,30,25,"{""sim_day"": 30.0, ""doy"": 190.0, ""topwt"": 555.1645660400391, ""grnwt"": 0.0, ""xlai"": 0.6958671808242798, ""totir"": 40.0, ""tofer"": NaN, ""swfac"": 0.0, ""nstres"": 0.4562475681304931}",0.0,0.4562475681304931,555.1645660400391,0.0,0.6958671808242798,40.0,,0.0,0.0,40.0,0.0,9.561807250976564,25.561807250976564,Leave_One_experiments/all_year_offline_schedule_search/daily_outputs/LCA/LCA_2017_LCA2017_stress_grid_S0005_daily.csv
LCA,LCA,Luancheng,2017,Leave_One_experiments\wth_generated_qc\LCA\LCA2017.WTH,dry_year;water_stress_year;nitrogen_stress_year,water_stress,LCA2017_stress_grid_S0005,pareto_balanced,2017-07-10,191,31,26,"{""sim_day"": 31.0, ""doy"": 191.0, ""topwt"": 615.2504730224609, ""grnwt"": 0.0, ""xlai"": 0.7321093082427979, ""totir"": 40.0, ""tofer"": NaN, ""swfac"": 0.0, ""nstres"": 0.4375924468040466}",0.0,0.4375924468040466,615.2504730224609,0.0,0.7321093082427979,40.0,,0.0,0.0,40.0,0.0,9.561807250976564,25.561807250976564,Leave_One_experiments/all_year_offline_schedule_search/daily_outputs/LCA/LCA_2017_LCA2017_stress_grid_S0005_daily.csv
LCA,LCA,Luancheng,2017,Leave_One_experiments\wth_generated_qc\LCA\LCA2017.WTH,dry_year;water_stress_year;nitrogen_stress_year,water_stress,LCA2017_stress_grid_S0005,pareto_balanced,2017-07-11,192,32,27,"{""sim_day"": 32.0, ""doy"": 192.0, ""topwt"": 684.3482971191406, ""grnwt"": 0.0, ""xlai"": 0.7704475522041321, ""totir"": 40.0, ""tofer"": NaN, ""swfac"": 0.0, ""nstres"": 0.429383635520935}",0.0,0.429383635520935,684.3482971191406,0.0,0.7704475522041321,40.0,,0.0,0.0,40.0,0.0,9.561807250976564,25.561807250976564,Leave_One_experiments/all_year_offline_schedule_search/daily_outputs/LCA/LCA_2017_LCA2017_stress_grid_S0005_daily.csv
LCA,LCA,Luancheng,2017,Leave_One_experiments\wth_generated_qc\LCA\LCA2017.WTH,dry_year;water_stress_year;nitrogen_stress_year,water_stress,LCA2017_stress_grid_S0005,pareto_balanced,2017-07-12,193,33,28,"{""sim_day"": 33.0, ""doy"": 193.0, ""topwt"": 765.1334381103516, ""grnwt"": 0.0, ""xlai"": 0.8104593753814697, ""totir"": 40.0, ""tofer"": NaN, ""swfac"": 0.0, ""nstres"": 0.4452254176139831}",0.0,0.4452254176139831,765.1334381103516,0.0,0.8104593753814697,40.0,,0.0,0.0,40.0,0.0,9.561807250976564,25.561807250976564,Leave_One_experiments/all_year_offline_schedule_search/daily_outputs/LCA/LCA_2017_LCA2017_stress_grid_S0005_daily.csv
LCA,LCA,Luancheng,2017,Leave_One_experiments\wth_generated_qc\LCA\LCA2017.WTH,dry_year;water_stress_year;nitrogen_stress_year,water_stress,LCA2017_stress_grid_S0005,pareto_balanced,2017-07-13,194,34,29,"{""sim_day"": 34.0, ""doy"": 194.0, ""topwt"": 845.4013824462891, ""grnwt"": 0.0, ""xlai"": 0.841925859451294, ""totir"": 40.0, ""tofer"": NaN, ""swfac"": 0.0, ""nstres"": 0.4581397771835327}",0.0,0.4581397771835327,845.4013824462891,0.0,0.841925859451294,40.0,,0.0,0.0,40.0,0.0,9.561807250976564,25.561807250976564,Leave_One_experiments/all_year_offline_schedule_search/daily_outputs/LCA/LCA_2017_LCA2017_stress_grid_S0005_daily.csv
LCA,LCA,Luancheng,2017,Leave_One_experiments\wth_generated_qc\LCA\LCA2017.WTH,dry_year;water_stress_year;nitrogen_stress_year,water_stress,LCA2017_stress_grid_S0005,pareto_balanced,2017-07-14,195,35,30,"{""sim_day"": 35.0, ""doy"": 195.0, ""topwt"": 913.8751220703124, ""grnwt"": 0.0, ""xlai"": 0.8583239912986755, ""totir"": 40.0, ""tofer"": NaN, ""swfac"": 0.0, ""nstres"": 0.4718387126922607}",0.0,0.4718387126922607,913.8751220703124,0.0,0.8583239912986755,40.0,,0.0,0.0,40.0,0.0,9.561807250976564,25.561807250976564,Leave_One_experiments/all_year_offline_schedule_search/daily_outputs/LCA/LCA_2017_LCA2017_stress_grid_S0005_daily.csv
LCA,LCA,Luancheng,2017,Leave_One_experiments\wth_generated_qc\LCA\LCA2017.WTH,dry_year;water_stress_year;nitrogen_stress_year,water_stress,LCA2017_stress_grid_S0005,pareto_balanced,2017-07-15,196,36,31,"{""sim_day"": 36.0, ""doy"": 196.0, ""topwt"": 1004.1232299804688, ""grnwt"": 0.0, ""xlai"": 0.8836222290992737, ""totir"": 40.0, ""tofer"": NaN, ""swfac"": 0.0, ""nstres"": 0.4699844121932983}",0.0,0.4699844121932983,1004.1232299804688,0.0,0.8836222290992737,40.0,,0.0,0.0,40.0,0.0,9.561807250976564,25.561807250976564,Leave_One_experiments/all_year_offline_schedule_search/daily_outputs/LCA/LCA_2017_LCA2017_stress_grid_S0005_daily.csv
LCA,LCA,Luancheng,2017,Leave_One_experiments\wth_generated_qc\LCA\LCA2017.WTH,dry_year;water_stress_year;nitrogen_stress_year,water_stress,LCA2017_stress_grid_S0005,pareto_balanced,2017-07-16,197,37,32,"{""sim_day"": 37.0, ""doy"": 197.0, ""topwt"": 1109.7869110107422, ""grnwt"": 0.0, ""xlai"": 0.9119544625282288, ""totir"": 40.0, ""tofer"": NaN, ""swfac"": 0.0, ""nstres"": 0.4593800902366638}",0.0,0.4593800902366638,1109.7869110107422,0.0,0.9119544625282288,40.0,,0.0,0.0,40.0,0.0,9.561807250976564,25.561807250976564,Leave_One_experiments/all_year_offline_schedule_search/daily_outputs/LCA/LCA_2017_LCA2017_stress_grid_S0005_daily.csv
LCA,LCA,Luancheng,2017,Leave_One_experiments\wth_generated_qc\LCA\LCA2017.WTH,dry_year;water_stress_year;nitrogen_stress_year,water_stress,LCA2017_stress_grid_S0005,pareto_balanced,2017-07-17,198,38,33,"{""sim_day"": 38.0, ""doy"": 198.0, ""topwt"": 1171.5743255615234, ""grnwt"": 0.0, ""xlai"": 0.9111708998680116, ""totir"": 40.0, ""tofer"": NaN, ""swfac"": 0.0, ""nstres"": 0.4648017287254333}",0.0,0.4648017287254333,1171.5743255615234,0.0,0.9111708998680116,40.0,,0.0,0.0,40.0,0.0,9.561807250976564,25.561807250976564,Leave_One_experiments/all_year_offline_schedule_search/daily_outputs/LCA/LCA_2017_LCA2017_stress_grid_S0005_daily.csv
LCA,LCA,Luancheng,2017,Leave_One_experiments\wth_generated_qc\LCA\LCA2017.WTH,dry_year;water_stress_year;nitrogen_stress_year,water_stress,LCA2017_stress_grid_S0005,pareto_balanced,2017-07-18,199,39,34,"{""sim_day"": 39.0, ""doy"": 199.0, ""topwt"": 1272.1976470947266, ""grnwt"": 0.0, ""xlai"": 0.9256754517555236, ""totir"": 40.0, ""tofer"": NaN, ""swfac"": 0.0, ""nstres"": 0.478240430355072}",0.0,0.478240430355072,1272.1976470947266,0.0,0.9256754517555236,40.0,,0.0,0.0,40.0,0.0,9.561807250976564,25.561807250976564,Leave_One_experiments/all_year_offline_schedule_search/daily_outputs/LCA/LCA_2017_LCA2017_stress_grid_S0005_daily.csv
LCA,LCA,Luancheng,2017,Leave_One_experiments\wth_generated_qc\LCA\LCA2017.WTH,dry_year;water_stress_year;nitrogen_stress_year,water_stress,LCA2017_stress_grid_S0005,pareto_balanced,2017-07-19,200,40,35,"{""sim_day"": 40.0, ""doy"": 200.0, ""topwt"": 1369.8965454101562, ""grnwt"": 0.0, ""xlai"": 0.938854157924652, ""totir"": 40.0, ""tofer"": NaN, ""swfac"": 0.0, ""nstres"": 0.4689340591430664}",0.0,0.4689340591430664,1369.8965454101562,0.0,0.938854157924652,40.0,,0.0,0.0,40.0,0.0,9.561807250976564,25.561807250976564,Leave_One_experiments/all_year_offline_schedule_search/daily_outputs/LCA/LCA_2017_LCA2017_stress_grid_S0005_daily.csv
LCA,LCA,Luancheng,2017,Leave_One_experiments\wth_generated_qc\LCA\LCA2017.WTH,dry_year;water_stress_year;nitrogen_stress_year,water_stress,LCA2017_stress_grid_S0005,pareto_balanced,2017-07-20,201,41,36,"{""sim_day"": 41.0, ""doy"": 201.0, ""topwt"": 1376.9392395019531, ""grnwt"": 0.0, ""xlai"": 0.9070260524749756, ""totir"": 40.0, ""tofer"": NaN, ""swfac"": 0.0, ""nstres"": 0.478458821773529}",0.0,0.478458821773529,1376.9392395019531,0.0,0.9070260524749756,40.0,,0.0,0.0,40.0,0.0,9.561807250976564,25.561807250976564,Leave_One_experiments/all_year_offline_schedule_search/daily_outputs/LCA/LCA_2017_LCA2017_stress_grid_S0005_daily.csv
LCA,LCA,Luancheng,2017,Leave_One_experiments\wth_generated_qc\LCA\LCA2017.WTH,dry_year;water_stress_year;nitrogen_stress_year,water_stress,LCA2017_stress_grid_S0005,pareto_balanced,2017-07-21,202,42,37,"{""sim_day"": 42.0, ""doy"": 202.0, ""topwt"": 1421.4974975585938, ""grnwt"": 0.0, ""xlai"": 0.8888406157493591, ""totir"": 40.0, ""tofer"": NaN, ""swfac"": 0.0, ""nstres"": 0.4810716509819031}",0.0,0.4810716509819031,1421.4974975585938,0.0,0.8888406157493591,40.0,,0.0,0.0,40.0,0.0,9.561807250976564,25.561807250976564,Leave_One_experiments/all_year_offline_schedule_search/daily_outputs/LCA/LCA_2017_LCA2017_stress_grid_S0005_daily.csv
LCA,LCA,Luancheng,2017,Leave_One_experiments\wth_generated_qc\LCA\LCA2017.WTH,dry_year;water_stress_year;nitrogen_stress_year,water_stress,LCA2017_stress_grid_S0005,pareto_balanced,2017-07-22,203,43,38,"{""sim_day"": 43.0, ""doy"": 203.0, ""topwt"": 1468.4678649902344, ""grnwt"": 0.0, ""xlai"": 0.8719090819358826, ""totir"": 40.0, ""tofer"": NaN, ""swfac"": 0.0, ""nstres"": 0.4450960755348205}",0.0,0.4450960755348205,1468.4678649902344,0.0,0.8719090819358826,40.0,,0.0,0.0,40.0,0.0,9.561807250976564,25.561807250976564,Leave_One_experiments/all_year_offline_schedule_search/daily_outputs/LCA/LCA_2017_LCA2017_stress_grid_S0005_daily.csv
LCA,LCA,Luancheng,2017,Leave_One_experiments\wth_generated_qc\LCA\LCA2017.WTH,dry_year;water_stress_year;nitrogen_stress_year,water_stress,LCA2017_stress_grid_S0005,pareto_balanced,2017-07-23,204,44,39,"{""sim_day"": 44.0, ""doy"": 204.0, ""topwt"": 1542.0643615722656, ""grnwt"": 0.0, ""xlai"": 0.862673819065094, ""totir"": 40.0, ""tofer"": NaN, ""swfac"": 0.0, ""nstres"": 0.4234511852264404}",0.0,0.4234511852264404,1542.0643615722656,0.0,0.862673819065094,40.0,,0.0,0.0,40.0,0.0,9.561807250976564,25.561807250976564,Leave_One_experiments/all_year_offline_schedule_search/daily_outputs/LCA/LCA_2017_LCA2017_stress_grid_S0005_daily.csv
LCA,LCA,Luancheng,2017,Leave_One_experiments\wth_generated_qc\LCA\LCA2017.WTH,dry_year;water_stress_year;nitrogen_stress_year,water_stress,LCA2017_stress_grid_S0005,pareto_balanced,2017-07-24,205,45,40,"{""sim_day"": 45.0, ""doy"": 205.0, ""topwt"": 1619.8251342773438, ""grnwt"": 0.0, ""xlai"": 0.8542884588241577, ""totir"": 40.0, ""tofer"": NaN, ""swfac"": 0.0, ""nstres"": 0.4026601910591125}",0.0,0.4026601910591125,1619.8251342773438,0.0,0.8542884588241577,40.0,,0.0,0.0,40.0,0.0,9.561807250976564,25.561807250976564,Leave_One_experiments/all_year_offline_schedule_search/daily_outputs/LCA/LCA_2017_LCA2017_stress_grid_S0005_daily.csv
LCA,LCA,Luancheng,2017,Leave_One_experiments\wth_generated_qc\LCA\LCA2017.WTH,dry_year;water_stress_year;nitrogen_stress_year,water_stress,LCA2017_stress_grid_S0005,pareto_balanced,2017-07-25,206,46,41,"{""sim_day"": 46.0, ""doy"": 206.0, ""topwt"": 1648.1761169433594, ""grnwt"": 0.0, ""xlai"": 0.8330938220024109, ""totir"": 40.0, ""tofer"": NaN, ""swfac"": 0.0, ""nstres"": 0.3912944793701172}",0.0,0.3912944793701172,1648.1761169433594,0.0,0.8330938220024109,40.0,,0.0,0.0,40.0,0.0,9.561807250976564,25.561807250976564,Leave_One_experiments/all_year_offline_schedule_search/daily_outputs/LCA/LCA_2017_LCA2017_stress_grid_S0005_daily.csv
LCA,LCA,Luancheng,2017,Leave_One_experiments\wth_generated_qc\LCA\LCA2017.WTH,dry_year;water_stress_year;nitrogen_stress_year,water_stress,LCA2017_stress_grid_S0005,pareto_balanced,2017-07-26,207,47,42,"{""sim_day"": 47.0, ""doy"": 207.0, ""topwt"": 1679.9459838867188, ""grnwt"": 0.0, ""xlai"": 0.8133239150047302, ""totir"": 40.0, ""tofer"": NaN, ""swfac"": 0.0, ""nstres"": 0.3855071067810058}",0.0,0.3855071067810058,1679.9459838867188,0.0,0.8133239150047302,40.0,,0.0,0.0,40.0,0.0,9.561807250976564,25.561807250976564,Leave_One_experiments/all_year_offline_schedule_search/daily_outputs/LCA/LCA_2017_LCA2017_stress_grid_S0005_daily.csv
LCA,LCA,Luancheng,2017,Leave_One_experiments\wth_generated_qc\LCA\LCA2017.WTH,dry_year;water_stress_year;nitrogen_stress_year,water_stress,LCA2017_stress_grid_S0005,pareto_balanced,2017-07-27,208,48,43,"{""sim_day"": 48.0, ""doy"": 208.0, ""topwt"": 1703.1796264648438, ""grnwt"": 0.0, ""xlai"": 0.7928576469421387, ""totir"": 40.0, ""tofer"": NaN, ""swfac"": 0.0, ""nstres"": 0.3639352917671203}",0.0,0.3639352917671203,1703.1796264648438,0.0,0.7928576469421387,40.0,,0.0,0.0,40.0,0.0,9.561807250976564,25.561807250976564,Leave_One_experiments/all_year_offline_schedule_search/daily_outputs/LCA/LCA_2017_LCA2017_stress_grid_S0005_daily.csv
LCA,LCA,Luancheng,2017,Leave_One_experiments\wth_generated_qc\LCA\LCA2017.WTH,dry_year;water_stress_year;nitrogen_stress_year,water_stress,LCA2017_stress_grid_S0005,pareto_balanced,2017-07-28,209,49,44,"{""sim_day"": 49.0, ""doy"": 209.0, ""topwt"": 1800.427703857422, ""grnwt"": 0.0, ""xlai"": 0.7917745113372803, ""totir"": 40.0, ""tofer"": NaN, ""swfac"": 0.0, ""nstres"": 0.342279314994812}",0.0,0.342279314994812,1800.427703857422,0.0,0.7917745113372803,40.0,,0.0,0.0,40.0,0.0,9.561807250976564,25.561807250976564,Leave_One_experiments/all_year_offline_schedule_search/daily_outputs/LCA/LCA_2017_LCA2017_stress_grid_S0005_daily.csv
LCA,LCA,Luancheng,2017,Leave_One_experiments\wth_generated_qc\LCA\LCA2017.WTH,dry_year;water_stress_year;nitrogen_stress_year,water_stress,LCA2017_stress_grid_S0005,pareto_balanced,2017-07-29,210,50,45,"{""sim_day"": 50.0, ""doy"": 210.0, ""topwt"": 1925.855712890625, ""grnwt"": 0.0, ""xlai"": 0.7983527779579163, ""totir"": 40.0, ""tofer"": NaN, ""swfac"": 0.0, ""nstres"": 0.318660020828247}",0.0,0.318660020828247,1925.855712890625,0.0,0.7983527779579163,40.0,,0.0,0.0,40.0,0.0,9.561807250976564,25.561807250976564,Leave_One_experiments/all_year_offline_schedule_search/daily_outputs/LCA/LCA_2017_LCA2017_stress_grid_S0005_daily.csv
LCA,LCA,Luancheng,2017,Leave_One_experiments\wth_generated_qc\LCA\LCA2017.WTH,dry_year;water_stress_year;nitrogen_stress_year,water_stress,LCA2017_stress_grid_S0005,pareto_balanced,2017-07-30,211,51,46,"{""sim_day"": 51.0, ""doy"": 211.0, ""topwt"": 2054.1079711914062, ""grnwt"": 0.0, ""xlai"": 0.8056843876838684, ""totir"": 40.0, ""tofer"": NaN, ""swfac"": 0.0, ""nstres"": 0.3100337982177734}",0.0,0.3100337982177734,2054.1079711914062,0.0,0.8056843876838684,40.0,,0.0,0.0,40.0,0.0,9.561807250976564,25.561807250976564,Leave_One_experiments/all_year_offline_schedule_search/daily_outputs/LCA/LCA_2017_LCA2017_stress_grid_S0005_daily.csv
LCA,LCA,Luancheng,2017,Leave_One_experiments\wth_generated_qc\LCA\LCA2017.WTH,dry_year;water_stress_year;nitrogen_stress_year,water_stress,LCA2017_stress_grid_S0005,pareto_balanced,2017-07-31,212,52,47,"{""sim_day"": 52.0, ""doy"": 212.0, ""topwt"": 2120.8526611328125, ""grnwt"": 0.0, ""xlai"": 0.7825422883033752, ""totir"": 40.0, ""tofer"": NaN, ""swfac"": 0.0, ""nstres"": 0.2893649935722351}",0.0,0.2893649935722351,2120.8526611328125,0.0,0.7825422883033752,40.0,,0.0,0.0,40.0,0.0,9.561807250976564,25.561807250976564,Leave_One_experiments/all_year_offline_schedule_search/daily_outputs/LCA/LCA_2017_LCA2017_stress_grid_S0005_daily.csv
LCA,LCA,Luancheng,2017,Leave_One_experiments\wth_generated_qc\LCA\LCA2017.WTH,dry_year;water_stress_year;nitrogen_stress_year,water_stress,LCA2017_stress_grid_S0005,pareto_balanced,2017-08-01,213,53,48,"{""sim_day"": 53.0, ""doy"": 213.0, ""topwt"": 2203.627471923828, ""grnwt"": 0.0, ""xlai"": 0.7609838247299194, ""totir"": 40.0, ""tofer"": NaN, ""swfac"": 0.0, ""nstres"": 0.2611821889877319}",0.0,0.2611821889877319,2203.627471923828,0.0,0.7609838247299194,40.0,,0.0,0.0,40.0,0.0,9.561807250976564,25.561807250976564,Leave_One_experiments/all_year_offline_schedule_search/daily_outputs/LCA/LCA_2017_LCA2017_stress_grid_S0005_daily.csv
LCA,LCA,Luancheng,2017,Leave_One_experiments\wth_generated_qc\LCA\LCA2017.WTH,dry_year;water_stress_year;nitrogen_stress_year,water_stress,LCA2017_stress_grid_S0005,pareto_balanced,2017-08-02,214,54,49,"{""sim_day"": 54.0, ""doy"": 214.0, ""topwt"": 2341.964263916016, ""grnwt"": 0.0, ""xlai"": 0.7410572171211243, ""totir"": 40.0, ""tofer"": NaN, ""swfac"": 0.0, ""nstres"": 0.2284472584724426}",0.0,0.2284472584724426,2341.964263916016,0.0,0.7410572171211243,40.0,,0.0,0.0,40.0,0.0,9.561807250976564,25.561807250976564,Leave_One_experiments/all_year_offline_schedule_search/daily_outputs/LCA/LCA_2017_LCA2017_stress_grid_S0005_daily.csv
LCA,LCA,Luancheng,2017,Leave_One_experiments\wth_generated_qc\LCA\LCA2017.WTH,dry_year;water_stress_year;nitrogen_stress_year,water_stress,LCA2017_stress_grid_S0005,pareto_balanced,2017-08-03,215,55,50,"{""sim_day"": 55.0, ""doy"": 215.0, ""topwt"": 2476.8136596679688, ""grnwt"": 0.0, ""xlai"": 0.7225283980369568, ""totir"": 40.0, ""tofer"": NaN, ""swfac"": 0.0, ""nstres"": 0.2000765800476074}",0.0,0.2000765800476074,2476.8136596679688,0.0,0.7225283980369568,40.0,,0.0,0.0,40.0,0.0,9.561807250976564,25.561807250976564,Leave_One_experiments/all_year_offline_schedule_search/daily_outputs/LCA/LCA_2017_LCA2017_stress_grid_S0005_daily.csv
LCA,LCA,Luancheng,2017,Leave_One_experiments\wth_generated_qc\LCA\LCA2017.WTH,dry_year;water_stress_year;nitrogen_stress_year,water_stress,LCA2017_stress_grid_S0005,pareto_balanced,2017-08-04,216,56,51,"{""sim_day"": 56.0, ""doy"": 216.0, ""topwt"": 2569.6286010742188, ""grnwt"": 0.0, ""xlai"": 0.7048660516738892, ""totir"": 40.0, ""tofer"": NaN, ""swfac"": 0.0, ""nstres"": 0.1955613493919372}",0.0,0.1955613493919372,2569.6286010742188,0.0,0.7048660516738892,40.0,,0.0,0.0,40.0,0.0,9.561807250976564,25.561807250976564,Leave_One_experiments/all_year_offline_schedule_search/daily_outputs/LCA/LCA_2017_LCA2017_stress_grid_S0005_daily.csv
LCA,LCA,Luancheng,2017,Leave_One_experiments\wth_generated_qc\LCA\LCA2017.WTH,dry_year;water_stress_year;nitrogen_stress_year,water_stress,LCA2017_stress_grid_S0005,pareto_balanced,2017-08-05,217,57,52,"{""sim_day"": 57.0, ""doy"": 217.0, ""topwt"": 2695.932006835937, ""grnwt"": 0.0, ""xlai"": 0.6881819367408752, ""totir"": 40.0, ""tofer"": NaN, ""swfac"": 0.0, ""nstres"": 0.1893584132194519}",0.0,0.1893584132194519,2695.932006835937,0.0,0.6881819367408752,40.0,,0.0,0.0,40.0,0.0,9.561807250976564,25.561807250976564,Leave_One_experiments/all_year_offline_schedule_search/daily_outputs/LCA/LCA_2017_LCA2017_stress_grid_S0005_daily.csv
LCA,LCA,Luancheng,2017,Leave_One_experiments\wth_generated_qc\LCA\LCA2017.WTH,dry_year;water_stress_year;nitrogen_stress_year,water_stress,LCA2017_stress_grid_S0005,pareto_balanced,2017-08-06,218,58,53,"{""sim_day"": 58.0, ""doy"": 218.0, ""topwt"": 2790.2145385742188, ""grnwt"": 0.0, ""xlai"": 0.6727908253669739, ""totir"": 40.0, ""tofer"": NaN, ""swfac"": 0.0, ""nstres"": 0.1789190769195556}",0.0,0.1789190769195556,2790.2145385742188,0.0,0.6727908253669739,40.0,,0.0,0.0,40.0,0.0,9.561807250976564,25.561807250976564,Leave_One_experiments/all_year_offline_schedule_search/daily_outputs/LCA/LCA_2017_LCA2017_stress_grid_S0005_daily.csv
LCA,LCA,Luancheng,2017,Leave_One_experiments\wth_generated_qc\LCA\LCA2017.WTH,dry_year;water_stress_year;nitrogen_stress_year,water_stress,LCA2017_stress_grid_S0005,pareto_balanced,2017-08-07,219,59,54,"{""sim_day"": 59.0, ""doy"": 219.0, ""topwt"": 2911.771850585937, ""grnwt"": 0.0, ""xlai"": 0.6584520936012268, ""totir"": 40.0, ""tofer"": NaN, ""swfac"": 0.0, ""nstres"": 0.1704984903335571}",0.0,0.1704984903335571,2911.771850585937,0.0,0.6584520936012268,40.0,,0.0,0.0,40.0,0.0,9.561807250976564,25.561807250976564,Leave_One_experiments/all_year_offline_schedule_search/daily_outputs/LCA/LCA_2017_LCA2017_stress_grid_S0005_daily.csv
LCA,LCA,Luancheng,2017,Leave_One_experiments\wth_generated_qc\LCA\LCA2017.WTH,dry_year;water_stress_year;nitrogen_stress_year,water_stress,LCA2017_stress_grid_S0005,pareto_balanced,2017-08-08,220,60,55,"{""sim_day"": 60.0, ""doy"": 220.0, ""topwt"": 3039.6832275390625, ""grnwt"": 152.4674129486084, ""xlai"": 0.6452441215515137, ""totir"": 40.0, ""tofer"": NaN, ""swfac"": 0.0, ""nstres"": 0.1604727506637573}",0.0,0.1604727506637573,3039.6832275390625,152.4674129486084,0.6452441215515137,40.0,,0.0,0.0,40.0,0.0,9.561807250976564,25.561807250976564,Leave_One_experiments/all_year_offline_schedule_search/daily_outputs/LCA/LCA_2017_LCA2017_stress_grid_S0005_daily.csv
LCA,LCA,Luancheng,2017,Leave_One_experiments\wth_generated_qc\LCA\LCA2017.WTH,dry_year;water_stress_year;nitrogen_stress_year,water_stress,LCA2017_stress_grid_S0005,pareto_balanced,2017-08-09,221,61,56,"{""sim_day"": 61.0, ""doy"": 221.0, ""topwt"": 3177.4752807617188, ""grnwt"": 279.00634765625, ""xlai"": 0.6306525468826294, ""totir"": 40.0, ""tofer"": NaN, ""swfac"": 0.0, ""nstres"": 0.1809129118919372}",0.0,0.1809129118919372,3177.4752807617188,279.00634765625,0.6306525468826294,40.0,,0.0,0.0,40.0,0.0,9.561807250976564,25.561807250976564,Leave_One_experiments/all_year_offline_schedule_search/daily_outputs/LCA/LCA_2017_LCA2017_stress_grid_S0005_daily.csv
LCA,LCA,Luancheng,2017,Leave_One_experiments\wth_generated_qc\LCA\LCA2017.WTH,dry_year;water_stress_year;nitrogen_stress_year,water_stress,LCA2017_stress_grid_S0005,pareto_balanced,2017-08-10,222,62,57,"{""sim_day"": 62.0, ""doy"": 222.0, ""topwt"": 3278.7075805664062, ""grnwt"": 371.5379333496094, ""xlai"": 0.6163909435272217, ""totir"": 40.0, ""tofer"": NaN, ""swfac"": 0.0, ""nstres"": 0.1809113025665283}",0.0,0.1809113025665283,3278.7075805664062,371.5379333496094,0.6163909435272217,40.0,,0.0,0.0,40.0,0.0,9.561807250976564,25.561807250976564,Leave_One_experiments/all_year_offline_schedule_search/daily_outputs/LCA/LCA_2017_LCA2017_stress_grid_S0005_daily.csv
LCA,LCA,Luancheng,2017,Leave_One_experiments\wth_generated_qc\LCA\LCA2017.WTH,dry_year;water_stress_year;nitrogen_stress_year,water_stress,LCA2017_stress_grid_S0005,pareto_balanced,2017-08-11,223,63,58,"{""sim_day"": 63.0, ""doy"": 223.0, ""topwt"": 3379.0402221679688, ""grnwt"": 498.0768585205078, ""xlai"": 0.602319598197937, ""totir"": 40.0, ""tofer"": NaN, ""swfac"": 0.0, ""nstres"": 0.1826289892196655}",0.0,0.1826289892196655,3379.0402221679688,498.0768585205078,0.602319598197937,40.0,,0.0,0.0,40.0,0.0,9.561807250976564,25.561807250976564,Leave_One_experiments/all_year_offline_schedule_search/daily_outputs/LCA/LCA_2017_LCA2017_stress_grid_S0005_daily.csv
LCA,LCA,Luancheng,2017,Leave_One_experiments\wth_generated_qc\LCA\LCA2017.WTH,dry_year;water_stress_year;nitrogen_stress_year,water_stress,LCA2017_stress_grid_S0005,pareto_balanced,2017-08-12,224,64,59,"{""sim_day"": 64.0, ""doy"": 224.0, ""topwt"": 3487.4981689453125, ""grnwt"": 624.6157836914062, ""xlai"": 0.5880565643310547, ""totir"": 40.0, ""tofer"": NaN, ""swfac"": 0.0, ""nstres"": 0.1894416809082031}",0.0,0.1894416809082031,3487.4981689453125,624.6157836914062,0.5880565643310547,40.0,,0.0,0.0,40.0,0.0,9.561807250976564,25.561807250976564,Leave_One_experiments/all_year_offline_schedule_search/daily_outputs/LCA/LCA_2017_LCA2017_stress_grid_S0005_daily.csv
LCA,LCA,Luancheng,2017,Leave_One_experiments\wth_generated_qc\LCA\LCA2017.WTH,dry_year;water_stress_year;nitrogen_stress_year,water_stress,LCA2017_stress_grid_S0005,pareto_balanced,2017-08-13,225,65,60,"{""sim_day"": 65.0, ""doy"": 225.0, ""topwt"": 3607.7740478515625, ""grnwt"": 744.8277282714844, ""xlai"": 0.5740568041801453, ""totir"": 40.0, ""tofer"": NaN, ""swfac"": 0.0, ""nstres"": 0.1904546618461609}",0.0,0.1904546618461609,3607.7740478515625,744.8277282714844,0.5740568041801453,40.0,,0.0,0.0,40.0,0.0,9.561807250976564,25.561807250976564,Leave_One_experiments/all_year_offline_schedule_search/daily_outputs/LCA/LCA_2017_LCA2017_stress_grid_S0005_daily.csv
LCA,LCA,Luancheng,2017,Leave_One_experiments\wth_generated_qc\LCA\LCA2017.WTH,dry_year;water_stress_year;nitrogen_stress_year,water_stress,LCA2017_stress_grid_S0005,pareto_balanced,2017-08-14,226,66,61,"{""sim_day"": 66.0, ""doy"": 226.0, ""topwt"": 3720.827026367188, ""grnwt"": 871.3666534423828, ""xlai"": 0.5602063536643982, ""totir"": 40.0, ""tofer"": NaN, ""swfac"": 0.0, ""nstres"": 0.1930187940597534}",0.0,0.1930187940597534,3720.827026367188,871.3666534423828,0.5602063536643982,40.0,,0.0,0.0,40.0,0.0,9.561807250976564,25.561807250976564,Leave_One_experiments/all_year_offline_schedule_search/daily_outputs/LCA/LCA_2017_LCA2017_stress_grid_S0005_daily.csv
LCA,LCA,Luancheng,2017,Leave_One_experiments\wth_generated_qc\LCA\LCA2017.WTH,dry_year;water_stress_year;nitrogen_stress_year,water_stress,LCA2017_stress_grid_S0005,pareto_balanced,2017-08-15,227,67,62,"{""sim_day"": 67.0, ""doy"": 227.0, ""topwt"": 3849.9301147460938, ""grnwt"": 997.9056549072266, ""xlai"": 0.5462217926979065, ""totir"": 40.0, ""tofer"": NaN, ""swfac"": 0.0, ""nstres"": 0.1997060179710388}",0.0,0.1997060179710388,3849.9301147460938,997.9056549072266,0.5462217926979065,40.0,,0.0,0.0,40.0,0.0,9.561807250976564,25.561807250976564,Leave_One_experiments/all_year_offline_schedule_search/daily_outputs/LCA/LCA_2017_LCA2017_stress_grid_S0005_daily.csv
LCA,LCA,Luancheng,2017,Leave_One_experiments\wth_generated_qc\LCA\LCA2017.WTH,dry_year;water_stress_year;nitrogen_stress_year,water_stress,LCA2017_stress_grid_S0005,pareto_balanced,2017-08-16,228,68,63,"{""sim_day"": 68.0, ""doy"": 228.0, ""topwt"": 3882.637634277344, ""grnwt"": 1124.444580078125, ""xlai"": 0.5322296619415283, ""totir"": 40.0, ""tofer"": NaN, ""swfac"": 0.0, ""nstres"": 0.2147875428199768}",0.0,0.2147875428199768,3882.637634277344,1124.444580078125,0.5322296619415283,40.0,,0.0,0.0,40.0,0.0,9.561807250976564,25.561807250976564,Leave_One_experiments/all_year_offline_schedule_search/daily_outputs/LCA/LCA_2017_LCA2017_stress_grid_S0005_daily.csv
LCA,LCA,Luancheng,2017,Leave_One_experiments\wth_generated_qc\LCA\LCA2017.WTH,dry_year;water_stress_year;nitrogen_stress_year,water_stress,LCA2017_stress_grid_S0005,pareto_balanced,2017-08-17,229,69,64,"{""sim_day"": 69.0, ""doy"": 229.0, ""topwt"": 3928.1732177734375, ""grnwt"": 1250.9835052490234, ""xlai"": 0.5181571841239929, ""totir"": 40.0, ""tofer"": NaN, ""swfac"": 0.0, ""nstres"": 0.234574019908905}",0.0,0.234574019908905,3928.1732177734375,1250.9835052490234,0.5181571841239929,40.0,,0.0,0.0,40.0,0.0,9.561807250976564,25.561807250976564,Leave_One_experiments/all_year_offline_schedule_search/daily_outputs/LCA/LCA_2017_LCA2017_stress_grid_S0005_daily.csv
LCA,LCA,Luancheng,2017,Leave_One_experiments\wth_generated_qc\LCA\LCA2017.WTH,dry_year;water_stress_year;nitrogen_stress_year,water_stress,LCA2017_stress_grid_S0005,pareto_balanced,2017-08-18,230,70,65,"{""sim_day"": 70.0, ""doy"": 230.0, ""topwt"": 3980.675659179688, ""grnwt"": 1377.522430419922, ""xlai"": 0.5049293041229248, ""totir"": 40.0, ""tofer"": NaN, ""swfac"": 0.0, ""nstres"": 0.2126880288124084}",0.0,0.2126880288124084,3980.675659179688,1377.522430419922,0.5049293041229248,40.0,,0.0,0.0,40.0,0.0,9.561807250976564,25.561807250976564,Leave_One_experiments/all_year_offline_schedule_search/daily_outputs/LCA/LCA_2017_LCA2017_stress_grid_S0005_daily.csv
LCA,LCA,Luancheng,2017,Leave_One_experiments\wth_generated_qc\LCA\LCA2017.WTH,dry_year;water_stress_year;nitrogen_stress_year,water_stress,LCA2017_stress_grid_S0005,pareto_balanced,2017-08-19,231,71,66,"{""sim_day"": 71.0, ""doy"": 231.0, ""topwt"": 4077.110290527344, ""grnwt"": 1504.0614318847656, ""xlai"": 0.4924093186855316, ""totir"": 40.0, ""tofer"": NaN, ""swfac"": 0.0, ""nstres"": 0.1983646750450134}",0.0,0.1983646750450134,4077.110290527344,1504.0614318847656,0.4924093186855316,40.0,,0.0,0.0,40.0,0.0,9.561807250976564,25.561807250976564,Leave_One_experiments/all_year_offline_schedule_search/daily_outputs/LCA/LCA_2017_LCA2017_stress_grid_S0005_daily.csv
LCA,LCA,Luancheng,2017,Leave_One_experiments\wth_generated_qc\LCA\LCA2017.WTH,dry_year;water_stress_year;nitrogen_stress_year,water_stress,LCA2017_stress_grid_S0005,pareto_balanced,2017-08-20,232,72,67,"{""sim_day"": 72.0, ""doy"": 232.0, ""topwt"": 4178.959045410156, ""grnwt"": 1617.1556091308594, ""xlai"": 0.4803863167762756, ""totir"": 40.0, ""tofer"": NaN, ""swfac"": 0.0, ""nstres"": 0.1953329443931579}",0.0,0.1953329443931579,4178.959045410156,1617.1556091308594,0.4803863167762756,40.0,,0.0,0.0,40.0,0.0,9.561807250976564,25.561807250976564,Leave_One_experiments/all_year_offline_schedule_search/daily_outputs/LCA/LCA_2017_LCA2017_stress_grid_S0005_daily.csv
LCA,LCA,Luancheng,2017,Leave_One_experiments\wth_generated_qc\LCA\LCA2017.WTH,dry_year;water_stress_year;nitrogen_stress_year,water_stress,LCA2017_stress_grid_S0005,pareto_balanced,2017-08-21,233,73,68,"{""sim_day"": 73.0, ""doy"": 233.0, ""topwt"": 4227.637023925781, ""grnwt"": 1726.2953186035156, ""xlai"": 0.4684462249279022, ""totir"": 40.0, ""tofer"": NaN, ""swfac"": 0.0, ""nstres"": 0.1988415718078613}",0.0,0.1988415718078613,4227.637023925781,1726.2953186035156,0.4684462249279022,40.0,,0.0,0.0,40.0,0.0,9.561807250976564,25.561807250976564,Leave_One_experiments/all_year_offline_schedule_search/daily_outputs/LCA/LCA_2017_LCA2017_stress_grid_S0005_daily.csv
LCA,LCA,Luancheng,2017,Leave_One_experiments\wth_generated_qc\LCA\LCA2017.WTH,dry_year;water_stress_year;nitrogen_stress_year,water_stress,LCA2017_stress_grid_S0005,pareto_balanced,2017-08-22,234,74,69,"{""sim_day"": 74.0, ""doy"": 234.0, ""topwt"": 4309.687805175781, ""grnwt"": 1804.5913696289065, ""xlai"": 0.456520140171051, ""totir"": 40.0, ""tofer"": NaN, ""swfac"": 0.0, ""nstres"": 0.2110123038291931}",0.0,0.2110123038291931,4309.687805175781,1804.5913696289065,0.456520140171051,40.0,,0.0,0.0,40.0,0.0,9.561807250976564,25.561807250976564,Leave_One_experiments/all_year_offline_schedule_search/daily_outputs/LCA/LCA_2017_LCA2017_stress_grid_S0005_daily.csv
LCA,LCA,Luancheng,2017,Leave_One_experiments\wth_generated_qc\LCA\LCA2017.WTH,dry_year;water_stress_year;nitrogen_stress_year,water_stress,LCA2017_stress_grid_S0005,pareto_balanced,2017-08-23,235,75,70,"{""sim_day"": 75.0, ""doy"": 235.0, ""topwt"": 4411.164855957031, ""grnwt"": 1893.9596557617188, ""xlai"": 0.4457815885543823, ""totir"": 40.0, ""tofer"": NaN, ""swfac"": 0.0, ""nstres"": 0.1881802678108215}",0.0,0.1881802678108215,4411.164855957031,1893.9596557617188,0.4457815885543823,40.0,,0.0,0.0,40.0,0.0,9.561807250976564,25.561807250976564,Leave_One_experiments/all_year_offline_schedule_search/daily_outputs/LCA/LCA_2017_LCA2017_stress_grid_S0005_daily.csv
LCA,LCA,Luancheng,2017,Leave_One_experiments\wth_generated_qc\LCA\LCA2017.WTH,dry_year;water_stress_year;nitrogen_stress_year,water_stress,LCA2017_stress_grid_S0005,pareto_balanced,2017-08-24,236,76,71,"{""sim_day"": 76.0, ""doy"": 236.0, ""topwt"": 4484.721984863281, ""grnwt"": 2016.544189453125, ""xlai"": 0.4350889027118683, ""totir"": 40.0, ""tofer"": NaN, ""swfac"": 0.0, ""nstres"": 0.1918902397155761}",0.0,0.1918902397155761,4484.721984863281,2016.544189453125,0.4350889027118683,40.0,,0.0,0.0,40.0,0.0,9.561807250976564,25.561807250976564,Leave_One_experiments/all_year_offline_schedule_search/daily_outputs/LCA/LCA_2017_LCA2017_stress_grid_S0005_daily.csv
LCA,LCA,Luancheng,2017,Leave_One_experiments\wth_generated_qc\LCA\LCA2017.WTH,dry_year;water_stress_year;nitrogen_stress_year,water_stress,LCA2017_stress_grid_S0005,pareto_balanced,2017-08-25,237,77,72,"{""sim_day"": 77.0, ""doy"": 237.0, ""topwt"": 4500.927734375, ""grnwt"": 2143.083038330078, ""xlai"": 0.4237801730632782, ""totir"": 40.0, ""tofer"": NaN, ""swfac"": 0.0, ""nstres"": 0.2238027453422546}",0.0,0.2238027453422546,4500.927734375,2143.083038330078,0.4237801730632782,40.0,,0.0,0.0,40.0,0.0,9.561807250976564,25.561807250976564,Leave_One_experiments/all_year_offline_schedule_search/daily_outputs/LCA/LCA_2017_LCA2017_stress_grid_S0005_daily.csv
LCA,LCA,Luancheng,2017,Leave_One_experiments\wth_generated_qc\LCA\LCA2017.WTH,dry_year;water_stress_year;nitrogen_stress_year,water_stress,LCA2017_stress_grid_S0005,pareto_balanced,2017-08-26,238,78,73,"{""sim_day"": 78.0, ""doy"": 238.0, ""topwt"": 4515.83251953125, ""grnwt"": 2269.622039794922, ""xlai"": 0.412599116563797, ""totir"": 40.0, ""tofer"": NaN, ""swfac"": 0.0, ""nstres"": 0.2332218289375305}",0.0,0.2332218289375305,4515.83251953125,2269.622039794922,0.412599116563797,40.0,,0.0,0.0,40.0,0.0,9.561807250976564,25.561807250976564,Leave_One_experiments/all_year_offline_schedule_search/daily_outputs/LCA/LCA_2017_LCA2017_stress_grid_S0005_daily.csv
LCA,LCA,Luancheng,2017,Leave_One_experiments\wth_generated_qc\LCA\LCA2017.WTH,dry_year;water_stress_year;nitrogen_stress_year,water_stress,LCA2017_stress_grid_S0005,pareto_balanced,2017-08-27,239,79,74,"{""sim_day"": 79.0, ""doy"": 239.0, ""topwt"": 4499.740295410156, ""grnwt"": 2299.756774902344, ""xlai"": 0.4022580087184906, ""totir"": 40.0, ""tofer"": NaN, ""swfac"": 0.0, ""nstres"": 0.2015221118927002}",0.0,0.2015221118927002,4499.740295410156,2299.756774902344,0.4022580087184906,40.0,,0.0,0.0,40.0,0.0,9.561807250976564,25.561807250976564,Leave_One_experiments/all_year_offline_schedule_search/daily_outputs/LCA/LCA_2017_LCA2017_stress_grid_S0005_daily.csv
LCA,LCA,Luancheng,2017,Leave_One_experiments\wth_generated_qc\LCA\LCA2017.WTH,dry_year;water_stress_year;nitrogen_stress_year,water_stress,LCA2017_stress_grid_S0005,pareto_balanced,2017-08-28,240,80,75,"{""sim_day"": 80.0, ""doy"": 240.0, ""topwt"": 4531.824035644531, ""grnwt"": 2331.8405151367188, ""xlai"": 0.3944557607173919, ""totir"": 40.0, ""tofer"": NaN, ""swfac"": 0.0, ""nstres"": 0.1551688909530639}",0.0,0.1551688909530639,4531.824035644531,2331.8405151367188,0.3944557607173919,40.0,,0.0,0.0,40.0,0.0,9.561807250976564,25.561807250976564,Leave_One_experiments/all_year_offline_schedule_search/daily_outputs/LCA/LCA_2017_LCA2017_stress_grid_S0005_daily.csv
LCA,LCA,Luancheng,2017,Leave_One_experiments\wth_generated_qc\LCA\LCA2017.WTH,dry_year;water_stress_year;nitrogen_stress_year,water_stress,LCA2017_stress_grid_S0005,pareto_balanced,2017-08-29,241,81,76,"{""sim_day"": 81.0, ""doy"": 241.0, ""topwt"": 4637.526550292969, ""grnwt"": 2437.5428771972656, ""xlai"": 0.3879163563251495, ""totir"": 40.0, ""tofer"": NaN, ""swfac"": 0.0, ""nstres"": 0.1326274871826172}",0.0,0.1326274871826172,4637.526550292969,2437.5428771972656,0.3879163563251495,40.0,,0.0,0.0,40.0,0.0,9.561807250976564,25.561807250976564,Leave_One_experiments/all_year_offline_schedule_search/daily_outputs/LCA/LCA_2017_LCA2017_stress_grid_S0005_daily.csv
LCA,LCA,Luancheng,2017,Leave_One_experiments\wth_generated_qc\LCA\LCA2017.WTH,dry_year;water_stress_year;nitrogen_stress_year,water_stress,LCA2017_stress_grid_S0005,pareto_balanced,2017-08-30,242,82,77,"{""sim_day"": 82.0, ""doy"": 242.0, ""topwt"": 4670.097351074219, ""grnwt"": 2470.113983154297, ""xlai"": 0.380086600780487, ""totir"": 40.0, ""tofer"": NaN, ""swfac"": 0.0, ""nstres"": 0.1614725589752197}",0.0,0.1614725589752197,4670.097351074219,2470.113983154297,0.380086600780487,40.0,,0.0,0.0,40.0,0.0,9.561807250976564,25.561807250976564,Leave_One_experiments/all_year_offline_schedule_search/daily_outputs/LCA/LCA_2017_LCA2017_stress_grid_S0005_daily.csv
LCA,LCA,Luancheng,2017,Leave_One_experiments\wth_generated_qc\LCA\LCA2017.WTH,dry_year;water_stress_year;nitrogen_stress_year,water_stress,LCA2017_stress_grid_S0005,pareto_balanced,2017-08-31,243,83,78,"{""sim_day"": 83.0, ""doy"": 243.0, ""topwt"": 4729.569396972656, ""grnwt"": 2529.585876464844, ""xlai"": 0.3727726936340332, ""totir"": 40.0, ""tofer"": NaN, ""swfac"": 0.0, ""nstres"": 0.1539420485496521}",0.0,0.1539420485496521,4729.569396972656,2529.585876464844,0.3727726936340332,40.0,,0.0,0.0,40.0,0.0,9.561807250976564,25.561807250976564,Leave_One_experiments/all_year_offline_schedule_search/daily_outputs/LCA/LCA_2017_LCA2017_stress_grid_S0005_daily.csv
LCA,LCA,Luancheng,2017,Leave_One_experiments\wth_generated_qc\LCA\LCA2017.WTH,dry_year;water_stress_year;nitrogen_stress_year,water_stress,LCA2017_stress_grid_S0005,pareto_balanced,2017-09-01,244,84,79,"{""sim_day"": 84.0, ""doy"": 244.0, ""topwt"": 4761.151428222656, ""grnwt"": 2561.1676025390625, ""xlai"": 0.3654009997844696, ""totir"": 40.0, ""tofer"": NaN, ""swfac"": 0.0, ""nstres"": 0.1582013368606567}",0.0,0.1582013368606567,4761.151428222656,2561.1676025390625,0.3654009997844696,40.0,,0.0,0.0,40.0,0.0,9.561807250976564,25.561807250976564,Leave_One_experiments/all_year_offline_schedule_search/daily_outputs/LCA/LCA_2017_LCA2017_stress_grid_S0005_daily.csv
LCA,LCA,Luancheng,2017,Leave_One_experiments\wth_generated_qc\LCA\LCA2017.WTH,dry_year;water_stress_year;nitrogen_stress_year,water_stress,LCA2017_stress_grid_S0005,pareto_balanced,2017-09-02,245,85,80,"{""sim_day"": 85.0, ""doy"": 245.0, ""topwt"": 4828.702087402344, ""grnwt"": 2628.7188720703125, ""xlai"": 0.3587482273578644, ""totir"": 40.0, ""tofer"": NaN, ""swfac"": 0.0, ""nstres"": 0.1456542015075683}",0.0,0.1456542015075683,4828.702087402344,2628.7188720703125,0.3587482273578644,40.0,,0.0,0.0,40.0,0.0,9.561807250976564,25.561807250976564,Leave_One_experiments/all_year_offline_schedule_search/daily_outputs/LCA/LCA_2017_LCA2017_stress_grid_S0005_daily.csv
LCA,LCA,Luancheng,2017,Leave_One_experiments\wth_generated_qc\LCA\LCA2017.WTH,dry_year;water_stress_year;nitrogen_stress_year,water_stress,LCA2017_stress_grid_S0005,pareto_balanced,2017-09-03,246,86,81,"{""sim_day"": 86.0, ""doy"": 246.0, ""topwt"": 4884.583435058594, ""grnwt"": 2684.6002197265625, ""xlai"": 0.3519486784934997, ""totir"": 40.0, ""tofer"": NaN, ""swfac"": 0.0, ""nstres"": 0.1516282558441162}",0.0,0.1516282558441162,4884.583435058594,2684.6002197265625,0.3519486784934997,40.0,,0.0,0.0,40.0,0.0,9.561807250976564,25.561807250976564,Leave_One_experiments/all_year_offline_schedule_search/daily_outputs/LCA/LCA_2017_LCA2017_stress_grid_S0005_daily.csv
LCA,LCA,Luancheng,2017,Leave_One_experiments\wth_generated_qc\LCA\LCA2017.WTH,dry_year;water_stress_year;nitrogen_stress_year,water_stress,LCA2017_stress_grid_S0005,pareto_balanced,2017-09-04,247,87,82,"{""sim_day"": 87.0, ""doy"": 247.0, ""topwt"": 4922.0599365234375, ""grnwt"": 2722.076416015625, ""xlai"": 0.3453258574008941, ""totir"": 40.0, ""tofer"": NaN, ""swfac"": 0.0, ""nstres"": 0.150539219379425}",0.0,0.150539219379425,4922.0599365234375,2722.076416015625,0.3453258574008941,40.0,,0.0,0.0,40.0,0.0,9.561807250976564,25.561807250976564,Leave_One_experiments/all_year_offline_schedule_search/daily_outputs/LCA/LCA_2017_LCA2017_stress_grid_S0005_daily.csv
LCA,LCA,Luancheng,2017,Leave_One_experiments\wth_generated_qc\LCA\LCA2017.WTH,dry_year;water_stress_year;nitrogen_stress_year,water_stress,LCA2017_stress_grid_S0005,pareto_balanced,2017-09-05,248,88,83,"{""sim_day"": 88.0, ""doy"": 248.0, ""topwt"": 5001.185607910156, ""grnwt"": 2801.202087402344, ""xlai"": 0.3393479287624359, ""totir"": 40.0, ""tofer"": NaN, ""swfac"": 0.0, ""nstres"": 0.1384872198104858}",0.0,0.1384872198104858,5001.185607910156,2801.202087402344,0.3393479287624359,40.0,,0.0,0.0,40.0,0.0,9.561807250976564,25.561807250976564,Leave_One_experiments/all_year_offline_schedule_search/daily_outputs/LCA/LCA_2017_LCA2017_stress_grid_S0005_daily.csv
LCA,LCA,Luancheng,2017,Leave_One_experiments\wth_generated_qc\LCA\LCA2017.WTH,dry_year;water_stress_year;nitrogen_stress_year,water_stress,LCA2017_stress_grid_S0005,pareto_balanced,2017-09-06,249,89,84,"{""sim_day"": 89.0, ""doy"": 249.0, ""topwt"": 5081.119995117188, ""grnwt"": 2881.1361694335938, ""xlai"": 0.3329727351665497, ""totir"": 40.0, ""tofer"": NaN, ""swfac"": 0.0, ""nstres"": 0.150292158126831}",0.0,0.150292158126831,5081.119995117188,2881.1361694335938,0.3329727351665497,40.0,,0.0,0.0,40.0,0.0,9.561807250976564,25.561807250976564,Leave_One_experiments/all_year_offline_schedule_search/daily_outputs/LCA/LCA_2017_LCA2017_stress_grid_S0005_daily.csv
LCA,LCA,Luancheng,2017,Leave_One_experiments\wth_generated_qc\LCA\LCA2017.WTH,dry_year;water_stress_year;nitrogen_stress_year,water_stress,LCA2017_stress_grid_S0005,pareto_balanced,2017-09-07,250,90,85,"{""sim_day"": 90.0, ""doy"": 250.0, ""topwt"": 5156.16455078125, ""grnwt"": 2956.180725097656, ""xlai"": 0.3262988030910492, ""totir"": 40.0, ""tofer"": NaN, ""swfac"": 0.0, ""nstres"": 0.160346508026123}",0.0,0.160346508026123,5156.16455078125,2956.180725097656,0.3262988030910492,40.0,,0.0,0.0,40.0,0.0,9.561807250976564,25.561807250976564,Leave_One_experiments/all_year_offline_schedule_search/daily_outputs/LCA/LCA_2017_LCA2017_stress_grid_S0005_daily.csv
LCA,LCA,Luancheng,2017,Leave_One_experiments\wth_generated_qc\LCA\LCA2017.WTH,dry_year;water_stress_year;nitrogen_stress_year,water_stress,LCA2017_stress_grid_S0005,pareto_balanced,2017-09-08,251,91,86,"{""sim_day"": 91.0, ""doy"": 251.0, ""topwt"": 5156.16455078125, ""grnwt"": 2956.180725097656, ""xlai"": 0.3262988030910492, ""totir"": 40.0, ""tofer"": NaN, ""swfac"": 0.0, ""nstres"": 0.164896011352539}",0.0,0.164896011352539,5156.16455078125,2956.180725097656,0.3262988030910492,40.0,,0.0,0.0,40.0,0.0,9.561807250976564,25.561807250976564,Leave_One_experiments/all_year_offline_schedule_search/daily_outputs/LCA/LCA_2017_LCA2017_stress_grid_S0005_daily.csv
LCA,LCA,Luancheng,2017,Leave_One_experiments\wth_generated_qc\LCA\LCA2017.WTH,dry_year;water_stress_year;nitrogen_stress_year,water_stress,LCA2017_stress_grid_S0005,pareto_balanced,2017-09-09,252,92,87,"{""sim_day"": 92.0, ""doy"": 252.0, ""topwt"": 5156.16455078125, ""grnwt"": 2956.180725097656, ""xlai"": 0.3262988030910492, ""totir"": 40.0, ""tofer"": NaN, ""swfac"": 0.0, ""nstres"": 0.164896011352539}",0.0,0.164896011352539,5156.16455078125,2956.180725097656,0.3262988030910492,40.0,,0.0,0.0,40.0,0.0,9.561807250976564,25.561807250976564,Leave_One_experiments/all_year_offline_schedule_search/daily_outputs/LCA/LCA_2017_LCA2017_stress_grid_S0005_daily.csv
LCA,LCA,Luancheng,2017,Leave_One_experiments\wth_generated_qc\LCA\LCA2017.WTH,dry_year;water_stress_year;nitrogen_stress_year,water_stress,LCA2017_stress_grid_S0005,pareto_balanced,2017-09-10,253,93,88,"{""sim_day"": 93.0, ""doy"": 253.0, ""topwt"": 5156.16455078125, ""grnwt"": 2956.180725097656, ""xlai"": 0.3262988030910492, ""totir"": 40.0, ""tofer"": NaN, ""swfac"": 0.0, ""nstres"": 0.164896011352539}",0.0,0.164896011352539,5156.16455078125,2956.180725097656,0.3262988030910492,40.0,,0.0,0.0,40.0,0.0,9.561807250976564,25.561807250976564,Leave_One_experiments/all_year_offline_schedule_search/daily_outputs/LCA/LCA_2017_LCA2017_stress_grid_S0005_daily.csv
LCA,LCA,Luancheng,2017,Leave_One_experiments\wth_generated_qc\LCA\LCA2017.WTH,dry_year;water_stress_year;nitrogen_stress_year,water_stress,LCA2017_stress_grid_S0005,pareto_balanced,2017-09-11,254,94,89,"{""sim_day"": 94.0, ""doy"": 254.0, ""topwt"": 5156.16455078125, ""grnwt"": 2956.180725097656, ""xlai"": 0.3262988030910492, ""totir"": 40.0, ""tofer"": NaN, ""swfac"": 0.0, ""nstres"": 0.164896011352539}",0.0,0.164896011352539,5156.16455078125,2956.180725097656,0.3262988030910492,40.0,,0.0,0.0,40.0,0.0,9.561807250976564,25.561807250976564,Leave_One_experiments/all_year_offline_schedule_search/daily_outputs/LCA/LCA_2017_LCA2017_stress_grid_S0005_daily.csv
LCA,LCA,Luancheng,2020,Leave_One_experiments\wth_generated_qc\LCA\LCA2020.WTH,normal_year;nitrogen_stress_year;low_response_year,normal,LCA2020_normal_grid_S0015,irrigation_positive_candidate,2020-06-14,166,1,1,"{""sim_day"": 1.0, ""doy"": 166.0, ""topwt"": 0.0, ""grnwt"": 0.0, ""xlai"": 0.0, ""totir"": 0.0, ""tofer"": NaN, ""swfac"": 0.0, ""nstres"": 0.0}",0.0,0.0,0.0,0.0,0.0,0.0,,0.0,50.0,30.0,150.0,21.053546142578128,33.05354614257813,Leave_One_experiments/all_year_offline_schedule_search/daily_outputs/LCA/LCA_2020_LCA2020_normal_grid_S0015_daily.csv
LCA,LCA,Luancheng,2020,Leave_One_experiments\wth_generated_qc\LCA\LCA2020.WTH,normal_year;nitrogen_stress_year;low_response_year,normal,LCA2020_normal_grid_S0015,irrigation_positive_candidate,2020-06-15,167,2,2,"{""sim_day"": 2.0, ""doy"": 167.0, ""topwt"": 0.0, ""grnwt"": 0.0, ""xlai"": 0.0, ""totir"": 0.0, ""tofer"": NaN, ""swfac"": 0.0, ""nstres"": 0.0}",0.0,0.0,0.0,0.0,0.0,0.0,,0.0,0.0,30.0,150.0,21.053546142578128,33.05354614257813,Leave_One_experiments/all_year_offline_schedule_search/daily_outputs/LCA/LCA_2020_LCA2020_normal_grid_S0015_daily.csv
LCA,LCA,Luancheng,2020,Leave_One_experiments\wth_generated_qc\LCA\LCA2020.WTH,normal_year;nitrogen_stress_year;low_response_year,normal,LCA2020_normal_grid_S0015,irrigation_positive_candidate,2020-06-16,168,3,3,"{""sim_day"": 3.0, ""doy"": 168.0, ""topwt"": 0.0, ""grnwt"": 0.0, ""xlai"": 0.0, ""totir"": 0.0, ""tofer"": NaN, ""swfac"": 0.0, ""nstres"": 0.0}",0.0,0.0,0.0,0.0,0.0,0.0,,0.0,0.0,30.0,150.0,21.053546142578128,33.05354614257813,Leave_One_experiments/all_year_offline_schedule_search/daily_outputs/LCA/LCA_2020_LCA2020_normal_grid_S0015_daily.csv
LCA,LCA,Luancheng,2020,Leave_One_experiments\wth_generated_qc\LCA\LCA2020.WTH,normal_year;nitrogen_stress_year;low_response_year,normal,LCA2020_normal_grid_S0015,irrigation_positive_candidate,2020-06-17,169,4,4,"{""sim_day"": 4.0, ""doy"": 169.0, ""topwt"": 0.0, ""grnwt"": 0.0, ""xlai"": 0.0, ""totir"": 0.0, ""tofer"": NaN, ""swfac"": 0.0, ""nstres"": 0.0}",0.0,0.0,0.0,0.0,0.0,0.0,,0.0,0.0,30.0,150.0,21.053546142578128,33.05354614257813,Leave_One_experiments/all_year_offline_schedule_search/daily_outputs/LCA/LCA_2020_LCA2020_normal_grid_S0015_daily.csv
LCA,LCA,Luancheng,2020,Leave_One_experiments\wth_generated_qc\LCA\LCA2020.WTH,normal_year;nitrogen_stress_year;low_response_year,normal,LCA2020_normal_grid_S0015,irrigation_positive_candidate,2020-06-18,170,5,5,"{""sim_day"": 5.0, ""doy"": 170.0, ""topwt"": 0.0, ""grnwt"": 0.0, ""xlai"": 0.0, ""totir"": 0.0, ""tofer"": NaN, ""swfac"": 0.0, ""nstres"": 0.0}",0.0,0.0,0.0,0.0,0.0,0.0,,0.0,0.0,30.0,150.0,21.053546142578128,33.05354614257813,Leave_One_experiments/all_year_offline_schedule_search/daily_outputs/LCA/LCA_2020_LCA2020_normal_grid_S0015_daily.csv
LCA,LCA,Luancheng,2020,Leave_One_experiments\wth_generated_qc\LCA\LCA2020.WTH,normal_year;nitrogen_stress_year;low_response_year,normal,LCA2020_normal_grid_S0015,irrigation_positive_candidate,2020-06-14,166,6,1,"{""sim_day"": 6.0, ""doy"": 166.0, ""topwt"": 0.0, ""grnwt"": 0.0, ""xlai"": 0.0, ""totir"": 0.0, ""tofer"": NaN, ""swfac"": 0.0, ""nstres"": 0.0}",0.0,0.0,0.0,0.0,0.0,0.0,,0.0,0.0,30.0,150.0,21.053546142578128,33.05354614257813,Leave_One_experiments/all_year_offline_schedule_search/daily_outputs/LCA/LCA_2020_LCA2020_normal_grid_S0015_daily.csv
LCA,LCA,Luancheng,2020,Leave_One_experiments\wth_generated_qc\LCA\LCA2020.WTH,normal_year;nitrogen_stress_year;low_response_year,normal,LCA2020_normal_grid_S0015,irrigation_positive_candidate,2020-06-15,167,7,2,"{""sim_day"": 7.0, ""doy"": 167.0, ""topwt"": 0.0, ""grnwt"": 0.0, ""xlai"": 0.0, ""totir"": 0.0, ""tofer"": NaN, ""swfac"": 0.0, ""nstres"": 0.0}",0.0,0.0,0.0,0.0,0.0,0.0,,0.0,0.0,30.0,150.0,21.053546142578128,33.05354614257813,Leave_One_experiments/all_year_offline_schedule_search/daily_outputs/LCA/LCA_2020_LCA2020_normal_grid_S0015_daily.csv
LCA,LCA,Luancheng,2020,Leave_One_experiments\wth_generated_qc\LCA\LCA2020.WTH,normal_year;nitrogen_stress_year;low_response_year,normal,LCA2020_normal_grid_S0015,irrigation_positive_candidate,2020-06-16,168,8,3,"{""sim_day"": 8.0, ""doy"": 168.0, ""topwt"": 0.0, ""grnwt"": 0.0, ""xlai"": 0.0, ""totir"": 0.0, ""tofer"": NaN, ""swfac"": 0.0, ""nstres"": 0.0}",0.0,0.0,0.0,0.0,0.0,0.0,,0.0,0.0,30.0,150.0,21.053546142578128,33.05354614257813,Leave_One_experiments/all_year_offline_schedule_search/daily_outputs/LCA/LCA_2020_LCA2020_normal_grid_S0015_daily.csv
LCA,LCA,Luancheng,2020,Leave_One_experiments\wth_generated_qc\LCA\LCA2020.WTH,normal_year;nitrogen_stress_year;low_response_year,normal,LCA2020_normal_grid_S0015,irrigation_positive_candidate,2020-06-17,169,9,4,"{""sim_day"": 9.0, ""doy"": 169.0, ""topwt"": 0.0, ""grnwt"": 0.0, ""xlai"": 0.0, ""totir"": 0.0, ""tofer"": NaN, ""swfac"": 0.0, ""nstres"": 0.0}",0.0,0.0,0.0,0.0,0.0,0.0,,0.0,0.0,30.0,150.0,21.053546142578128,33.05354614257813,Leave_One_experiments/all_year_offline_schedule_search/daily_outputs/LCA/LCA_2020_LCA2020_normal_grid_S0015_daily.csv
LCA,LCA,Luancheng,2020,Leave_One_experiments\wth_generated_qc\LCA\LCA2020.WTH,normal_year;nitrogen_stress_year;low_response_year,normal,LCA2020_normal_grid_S0015,irrigation_positive_candidate,2020-06-18,170,10,5,"{""sim_day"": 10.0, ""doy"": 170.0, ""topwt"": 0.0, ""grnwt"": 0.0, ""xlai"": 0.0, ""totir"": 0.0, ""tofer"": NaN, ""swfac"": 0.0, ""nstres"": 0.0}",0.0,0.0,0.0,0.0,0.0,0.0,,0.0,0.0,30.0,150.0,21.053546142578128,33.05354614257813,Leave_One_experiments/all_year_offline_schedule_search/daily_outputs/LCA/LCA_2020_LCA2020_normal_grid_S0015_daily.csv
LCA,LCA,Luancheng,2020,Leave_One_experiments\wth_generated_qc\LCA\LCA2020.WTH,normal_year;nitrogen_stress_year;low_response_year,normal,LCA2020_normal_grid_S0015,irrigation_positive_candidate,2020-06-19,171,11,6,"{""sim_day"": 11.0, ""doy"": 171.0, ""topwt"": 23.600001335144043, ""grnwt"": 0.0, ""xlai"": 0.0053583150729537, ""totir"": 0.0, ""tofer"": NaN, ""swfac"": 0.0, ""nstres"": 0.0121910572052001}",0.0,0.0121910572052001,23.600001335144043,0.0,0.0053583150729537,0.0,,0.0,0.0,30.0,150.0,21.053546142578128,33.05354614257813,Leave_One_experiments/all_year_offline_schedule_search/daily_outputs/LCA/LCA_2020_LCA2020_normal_grid_S0015_daily.csv
LCA,LCA,Luancheng,2020,Leave_One_experiments\wth_generated_qc\LCA\LCA2020.WTH,normal_year;nitrogen_stress_year;low_response_year,normal,LCA2020_normal_grid_S0015,irrigation_positive_candidate,2020-06-20,172,12,7,"{""sim_day"": 12.0, ""doy"": 172.0, ""topwt"": 23.600001335144043, ""grnwt"": 0.0, ""xlai"": 0.0117774764075875, ""totir"": 0.0, ""tofer"": NaN, ""swfac"": 0.0, ""nstres"": 0.0034008026123046}",0.0,0.0034008026123046,23.600001335144043,0.0,0.0117774764075875,0.0,,0.0,0.0,30.0,150.0,21.053546142578128,33.05354614257813,Leave_One_experiments/all_year_offline_schedule_search/daily_outputs/LCA/LCA_2020_LCA2020_normal_grid_S0015_daily.csv
LCA,LCA,Luancheng,2020,Leave_One_experiments\wth_generated_qc\LCA\LCA2020.WTH,normal_year;nitrogen_stress_year;low_response_year,normal,LCA2020_normal_grid_S0015,irrigation_positive_candidate,2020-06-21,173,13,8,"{""sim_day"": 13.0, ""doy"": 173.0, ""topwt"": 23.600001335144043, ""grnwt"": 0.0, ""xlai"": 0.0188165474683046, ""totir"": 0.0, ""tofer"": NaN, ""swfac"": 0.0, ""nstres"": 0.0}",0.0,0.0,23.600001335144043,0.0,0.0188165474683046,0.0,,0.0,0.0,30.0,150.0,21.053546142578128,33.05354614257813,Leave_One_experiments/all_year_offline_schedule_search/daily_outputs/LCA/LCA_2020_LCA2020_normal_grid_S0015_daily.csv
LCA,LCA,Luancheng,2020,Leave_One_experiments\wth_generated_qc\LCA\LCA2020.WTH,normal_year;nitrogen_stress_year;low_response_year,normal,LCA2020_normal_grid_S0015,irrigation_positive_candidate,2020-06-22,174,14,9,"{""sim_day"": 14.0, ""doy"": 174.0, ""topwt"": 24.860880374908447, ""grnwt"": 0.0, ""xlai"": 0.0439563281834125, ""totir"": 0.0, ""tofer"": NaN, ""swfac"": 0.0, ""nstres"": 0.0}",0.0,0.0,24.860880374908447,0.0,0.0439563281834125,0.0,,0.0,0.0,30.0,150.0,21.053546142578128,33.05354614257813,Leave_One_experiments/all_year_offline_schedule_search/daily_outputs/LCA/LCA_2020_LCA2020_normal_grid_S0015_daily.csv
LCA,LCA,Luancheng,2020,Leave_One_experiments\wth_generated_qc\LCA\LCA2020.WTH,normal_year;nitrogen_stress_year;low_response_year,normal,LCA2020_normal_grid_S0015,irrigation_positive_candidate,2020-06-23,175,15,10,"{""sim_day"": 15.0, ""doy"": 175.0, ""topwt"": 37.79575109481812, ""grnwt"": 0.0, ""xlai"": 0.0761047899723053, ""totir"": 0.0, ""tofer"": NaN, ""swfac"": 0.0, ""nstres"": 0.0}",0.0,0.0,37.79575109481812,0.0,0.0761047899723053,0.0,,0.0,0.0,30.0,150.0,21.053546142578128,33.05354614257813,Leave_One_experiments/all_year_offline_schedule_search/daily_outputs/LCA/LCA_2020_LCA2020_normal_grid_S0015_daily.csv
LCA,LCA,Luancheng,2020,Leave_One_experiments\wth_generated_qc\LCA\LCA2020.WTH,normal_year;nitrogen_stress_year;low_response_year,normal,LCA2020_normal_grid_S0015,irrigation_positive_candidate,2020-06-24,176,16,11,"{""sim_day"": 16.0, ""doy"": 176.0, ""topwt"": 53.13112735748291, ""grnwt"": 0.0, ""xlai"": 0.1101099103689193, ""totir"": 0.0, ""tofer"": NaN, ""swfac"": 0.0, ""nstres"": 0.0}",0.0,0.0,53.13112735748291,0.0,0.1101099103689193,0.0,,0.0,0.0,30.0,150.0,21.053546142578128,33.05354614257813,Leave_One_experiments/all_year_offline_schedule_search/daily_outputs/LCA/LCA_2020_LCA2020_normal_grid_S0015_daily.csv
LCA,LCA,Luancheng,2020,Leave_One_experiments\wth_generated_qc\LCA\LCA2020.WTH,normal_year;nitrogen_stress_year;low_response_year,normal,LCA2020_normal_grid_S0015,irrigation_positive_candidate,2020-06-25,177,17,12,"{""sim_day"": 17.0, ""doy"": 177.0, ""topwt"": 71.39205932617188, ""grnwt"": 0.0, ""xlai"": 0.1473291516304016, ""totir"": 0.0, ""tofer"": NaN, ""swfac"": 0.0, ""nstres"": 0.0}",0.0,0.0,71.39205932617188,0.0,0.1473291516304016,0.0,,0.0,0.0,30.0,150.0,21.053546142578128,33.05354614257813,Leave_One_experiments/all_year_offline_schedule_search/daily_outputs/LCA/LCA_2020_LCA2020_normal_grid_S0015_daily.csv
LCA,LCA,Luancheng,2020,Leave_One_experiments\wth_generated_qc\LCA\LCA2020.WTH,normal_year;nitrogen_stress_year;low_response_year,normal,LCA2020_normal_grid_S0015,irrigation_positive_candidate,2020-06-26,178,18,13,"{""sim_day"": 18.0, ""doy"": 178.0, ""topwt"": 99.054536819458, ""grnwt"": 0.0, ""xlai"": 0.1995099335908889, ""totir"": 0.0, ""tofer"": NaN, ""swfac"": 0.0, ""nstres"": 0.0}",0.0,0.0,99.054536819458,0.0,0.1995099335908889,0.0,,0.0,0.0,30.0,150.0,21.053546142578128,33.05354614257813,Leave_One_experiments/all_year_offline_schedule_search/daily_outputs/LCA/LCA_2020_LCA2020_normal_grid_S0015_daily.csv
LCA,LCA,Luancheng,2020,Leave_One_experiments\wth_generated_qc\LCA\LCA2020.WTH,normal_year;nitrogen_stress_year;low_response_year,normal,LCA2020_normal_grid_S0015,irrigation_positive_candidate,2020-06-27,179,19,14,"{""sim_day"": 19.0, ""doy"": 179.0, ""topwt"": 124.99719619750977, ""grnwt"": 0.0, ""xlai"": 0.262063205242157, ""totir"": 0.0, ""tofer"": NaN, ""swfac"": 0.0, ""nstres"": 0.0}",0.0,0.0,124.99719619750977,0.0,0.262063205242157,0.0,,0.0,0.0,30.0,150.0,21.053546142578128,33.05354614257813,Leave_One_experiments/all_year_offline_schedule_search/daily_outputs/LCA/LCA_2020_LCA2020_normal_grid_S0015_daily.csv
LCA,LCA,Luancheng,2020,Leave_One_experiments\wth_generated_qc\LCA\LCA2020.WTH,normal_year;nitrogen_stress_year;low_response_year,normal,LCA2020_normal_grid_S0015,irrigation_positive_candidate,2020-06-28,180,20,15,"{""sim_day"": 20.0, ""doy"": 180.0, ""topwt"": 161.95301055908203, ""grnwt"": 0.0, ""xlai"": 0.3280035555362701, ""totir"": 0.0, ""tofer"": NaN, ""swfac"": 0.0, ""nstres"": 0.0}",0.0,0.0,161.95301055908203,0.0,0.3280035555362701,0.0,,0.0,0.0,30.0,150.0,21.053546142578128,33.05354614257813,Leave_One_experiments/all_year_offline_schedule_search/daily_outputs/LCA/LCA_2020_LCA2020_normal_grid_S0015_daily.csv
LCA,LCA,Luancheng,2020,Leave_One_experiments\wth_generated_qc\LCA\LCA2020.WTH,normal_year;nitrogen_stress_year;low_response_year,normal,LCA2020_normal_grid_S0015,irrigation_positive_candidate,2020-06-29,181,21,16,"{""sim_day"": 21.0, ""doy"": 181.0, ""topwt"": 206.3205337524414, ""grnwt"": 0.0, ""xlai"": 0.4028259813785553, ""totir"": 0.0, ""tofer"": NaN, ""swfac"": 0.0, ""nstres"": 0.0071236491203308}",0.0,0.0071236491203308,206.3205337524414,0.0,0.4028259813785553,0.0,,0.0,0.0,30.0,150.0,21.053546142578128,33.05354614257813,Leave_One_experiments/all_year_offline_schedule_search/daily_outputs/LCA/LCA_2020_LCA2020_normal_grid_S0015_daily.csv
LCA,LCA,Luancheng,2020,Leave_One_experiments\wth_generated_qc\LCA\LCA2020.WTH,normal_year;nitrogen_stress_year;low_response_year,normal,LCA2020_normal_grid_S0015,irrigation_positive_candidate,2020-06-30,182,22,17,"{""sim_day"": 22.0, ""doy"": 182.0, ""topwt"": 268.57561111450195, ""grnwt"": 0.0, ""xlai"": 0.502075731754303, ""totir"": 0.0, ""tofer"": NaN, ""swfac"": 0.0, ""nstres"": 0.0}",0.0,0.0,268.57561111450195,0.0,0.502075731754303,0.0,,0.0,0.0,30.0,150.0,21.053546142578128,33.05354614257813,Leave_One_experiments/all_year_offline_schedule_search/daily_outputs/LCA/LCA_2020_LCA2020_normal_grid_S0015_daily.csv
LCA,LCA,Luancheng,2020,Leave_One_experiments\wth_generated_qc\LCA\LCA2020.WTH,normal_year;nitrogen_stress_year;low_response_year,normal,LCA2020_normal_grid_S0015,irrigation_positive_candidate,2020-07-01,183,23,18,"{""sim_day"": 23.0, ""doy"": 183.0, ""topwt"": 319.18121337890625, ""grnwt"": 0.0, ""xlai"": 0.5788179636001587, ""totir"": 0.0, ""tofer"": NaN, ""swfac"": 0.0, ""nstres"": 0.0}",0.0,0.0,319.18121337890625,0.0,0.5788179636001587,0.0,,0.0,0.0,30.0,150.0,21.053546142578128,33.05354614257813,Leave_One_experiments/all_year_offline_schedule_search/daily_outputs/LCA/LCA_2020_LCA2020_normal_grid_S0015_daily.csv
LCA,LCA,Luancheng,2020,Leave_One_experiments\wth_generated_qc\LCA\LCA2020.WTH,normal_year;nitrogen_stress_year;low_response_year,normal,LCA2020_normal_grid_S0015,irrigation_positive_candidate,2020-07-02,184,24,19,"{""sim_day"": 24.0, ""doy"": 184.0, ""topwt"": 381.7073059082031, ""grnwt"": 0.0, ""xlai"": 0.6702218651771545, ""totir"": 0.0, ""tofer"": NaN, ""swfac"": 0.0, ""nstres"": 0.0}",0.0,0.0,381.7073059082031,0.0,0.6702218651771545,0.0,,0.0,0.0,30.0,150.0,21.053546142578128,33.05354614257813,Leave_One_experiments/all_year_offline_schedule_search/daily_outputs/LCA/LCA_2020_LCA2020_normal_grid_S0015_daily.csv
LCA,LCA,Luancheng,2020,Leave_One_experiments\wth_generated_qc\LCA\LCA2020.WTH,normal_year;nitrogen_stress_year;low_response_year,normal,LCA2020_normal_grid_S0015,irrigation_positive_candidate,2020-07-03,185,25,20,"{""sim_day"": 25.0, ""doy"": 185.0, ""topwt"": 465.7897186279297, ""grnwt"": 0.0, ""xlai"": 0.7882079482078552, ""totir"": 0.0, ""tofer"": NaN, ""swfac"": 0.0, ""nstres"": 0.0}",0.0,0.0,465.7897186279297,0.0,0.7882079482078552,0.0,,0.0,0.0,30.0,150.0,21.053546142578128,33.05354614257813,Leave_One_experiments/all_year_offline_schedule_search/daily_outputs/LCA/LCA_2020_LCA2020_normal_grid_S0015_daily.csv
LCA,LCA,Luancheng,2020,Leave_One_experiments\wth_generated_qc\LCA\LCA2020.WTH,normal_year;nitrogen_stress_year;low_response_year,normal,LCA2020_normal_grid_S0015,irrigation_positive_candidate,2020-07-04,186,26,21,"{""sim_day"": 26.0, ""doy"": 186.0, ""topwt"": 584.6760559082031, ""grnwt"": 0.0, ""xlai"": 0.9465948939323424, ""totir"": 0.0, ""tofer"": NaN, ""swfac"": 0.0, ""nstres"": 0.0}",0.0,0.0,584.6760559082031,0.0,0.9465948939323424,0.0,,0.0,0.0,30.0,150.0,21.053546142578128,33.05354614257813,Leave_One_experiments/all_year_offline_schedule_search/daily_outputs/LCA/LCA_2020_LCA2020_normal_grid_S0015_daily.csv
LCA,LCA,Luancheng,2020,Leave_One_experiments\wth_generated_qc\LCA\LCA2020.WTH,normal_year;nitrogen_stress_year;low_response_year,normal,LCA2020_normal_grid_S0015,irrigation_positive_candidate,2020-07-05,187,27,22,"{""sim_day"": 27.0, ""doy"": 187.0, ""topwt"": 710.1585388183594, ""grnwt"": 0.0, ""xlai"": 1.1091723442077637, ""totir"": 0.0, ""tofer"": NaN, ""swfac"": 0.0, ""nstres"": 0.0}",0.0,0.0,710.1585388183594,0.0,1.1091723442077637,0.0,,0.0,0.0,30.0,150.0,21.053546142578128,33.05354614257813,Leave_One_experiments/all_year_offline_schedule_search/daily_outputs/LCA/LCA_2020_LCA2020_normal_grid_S0015_daily.csv
LCA,LCA,Luancheng,2020,Leave_One_experiments\wth_generated_qc\LCA\LCA2020.WTH,normal_year;nitrogen_stress_year;low_response_year,normal,LCA2020_normal_grid_S0015,irrigation_positive_candidate,2020-07-06,188,28,23,"{""sim_day"": 28.0, ""doy"": 188.0, ""topwt"": 879.9594879150391, ""grnwt"": 0.0, ""xlai"": 1.3140040636062622, ""totir"": 0.0, ""tofer"": NaN, ""swfac"": 0.0, ""nstres"": 0.0}",0.0,0.0,879.9594879150391,0.0,1.3140040636062622,0.0,,0.0,0.0,30.0,150.0,21.053546142578128,33.05354614257813,Leave_One_experiments/all_year_offline_schedule_search/daily_outputs/LCA/LCA_2020_LCA2020_normal_grid_S0015_daily.csv
LCA,LCA,Luancheng,2020,Leave_One_experiments\wth_generated_qc\LCA\LCA2020.WTH,normal_year;nitrogen_stress_year;low_response_year,normal,LCA2020_normal_grid_S0015,irrigation_positive_candidate,2020-07-07,189,29,24,"{""sim_day"": 29.0, ""doy"": 189.0, ""topwt"": 1054.3728637695312, ""grnwt"": 0.0, ""xlai"": 1.508500337600708, ""totir"": 0.0, ""tofer"": NaN, ""swfac"": 0.0, ""nstres"": 0.0}",0.0,0.0,1054.3728637695312,0.0,1.508500337600708,0.0,,0.0,0.0,30.0,150.0,21.053546142578128,33.05354614257813,Leave_One_experiments/all_year_offline_schedule_search/daily_outputs/LCA/LCA_2020_LCA2020_normal_grid_S0015_daily.csv
LCA,LCA,Luancheng,2020,Leave_One_experiments\wth_generated_qc\LCA\LCA2020.WTH,normal_year;nitrogen_stress_year;low_response_year,normal,LCA2020_normal_grid_S0015,irrigation_positive_candidate,2020-07-08,190,30,25,"{""sim_day"": 30.0, ""doy"": 190.0, ""topwt"": 1187.9263305664062, ""grnwt"": 0.0, ""xlai"": 1.647284746170044, ""totir"": 0.0, ""tofer"": NaN, ""swfac"": 0.0, ""nstres"": 0.0}",0.0,0.0,1187.9263305664062,0.0,1.647284746170044,0.0,,0.0,0.0,30.0,150.0,21.053546142578128,33.05354614257813,Leave_One_experiments/all_year_offline_schedule_search/daily_outputs/LCA/LCA_2020_LCA2020_normal_grid_S0015_daily.csv
LCA,LCA,Luancheng,2020,Leave_One_experiments\wth_generated_qc\LCA\LCA2020.WTH,normal_year;nitrogen_stress_year;low_response_year,normal,LCA2020_normal_grid_S0015,irrigation_positive_candidate,2020-07-09,191,31,26,"{""sim_day"": 31.0, ""doy"": 191.0, ""topwt"": 1302.888641357422, ""grnwt"": 0.0, ""xlai"": 1.759897232055664, ""totir"": 0.0, ""tofer"": NaN, ""swfac"": 0.0, ""nstres"": 0.0}",0.0,0.0,1302.888641357422,0.0,1.759897232055664,0.0,,0.0,0.0,30.0,150.0,21.053546142578128,33.05354614257813,Leave_One_experiments/all_year_offline_schedule_search/daily_outputs/LCA/LCA_2020_LCA2020_normal_grid_S0015_daily.csv
LCA,LCA,Luancheng,2020,Leave_One_experiments\wth_generated_qc\LCA\LCA2020.WTH,normal_year;nitrogen_stress_year;low_response_year,normal,LCA2020_normal_grid_S0015,irrigation_positive_candidate,2020-07-10,192,32,27,"{""sim_day"": 32.0, ""doy"": 192.0, ""topwt"": 1384.8428344726562, ""grnwt"": 0.0, ""xlai"": 1.835488200187683, ""totir"": 0.0, ""tofer"": NaN, ""swfac"": 0.0, ""nstres"": 0.0}",0.0,0.0,1384.8428344726562,0.0,1.835488200187683,0.0,,0.0,0.0,30.0,150.0,21.053546142578128,33.05354614257813,Leave_One_experiments/all_year_offline_schedule_search/daily_outputs/LCA/LCA_2020_LCA2020_normal_grid_S0015_daily.csv
LCA,LCA,Luancheng,2020,Leave_One_experiments\wth_generated_qc\LCA\LCA2020.WTH,normal_year;nitrogen_stress_year;low_response_year,normal,LCA2020_normal_grid_S0015,irrigation_positive_candidate,2020-07-11,193,33,28,"{""sim_day"": 33.0, ""doy"": 193.0, ""topwt"": 1461.5286254882812, ""grnwt"": 0.0, ""xlai"": 1.9022581577301023, ""totir"": 0.0, ""tofer"": NaN, ""swfac"": 0.0, ""nstres"": 0.0}",0.0,0.0,1461.5286254882812,0.0,1.9022581577301023,0.0,,0.0,0.0,30.0,150.0,21.053546142578128,33.05354614257813,Leave_One_experiments/all_year_offline_schedule_search/daily_outputs/LCA/LCA_2020_LCA2020_normal_grid_S0015_daily.csv
LCA,LCA,Luancheng,2020,Leave_One_experiments\wth_generated_qc\LCA\LCA2020.WTH,normal_year;nitrogen_stress_year;low_response_year,normal,LCA2020_normal_grid_S0015,irrigation_positive_candidate,2020-07-12,194,34,29,"{""sim_day"": 34.0, ""doy"": 194.0, ""topwt"": 1671.5692138671875, ""grnwt"": 0.0, ""xlai"": 2.072340250015259, ""totir"": 0.0, ""tofer"": NaN, ""swfac"": 0.0, ""nstres"": 0.0}",0.0,0.0,1671.5692138671875,0.0,2.072340250015259,0.0,,0.0,0.0,30.0,150.0,21.053546142578128,33.05354614257813,Leave_One_experiments/all_year_offline_schedule_search/daily_outputs/LCA/LCA_2020_LCA2020_normal_grid_S0015_daily.csv
LCA,LCA,Luancheng,2020,Leave_One_experiments\wth_generated_qc\LCA\LCA2020.WTH,normal_year;nitrogen_stress_year;low_response_year,normal,LCA2020_normal_grid_S0015,irrigation_positive_candidate,2020-07-13,195,35,30,"{""sim_day"": 35.0, ""doy"": 195.0, ""topwt"": 1935.9378051757808, ""grnwt"": 0.0, ""xlai"": 2.267629384994507, ""totir"": 0.0, ""tofer"": NaN, ""swfac"": 0.0, ""nstres"": 0.0}",0.0,0.0,1935.9378051757808,0.0,2.267629384994507,0.0,,0.0,50.0,30.0,150.0,21.053546142578128,33.05354614257813,Leave_One_experiments/all_year_offline_schedule_search/daily_outputs/LCA/LCA_2020_LCA2020_normal_grid_S0015_daily.csv
LCA,LCA,Luancheng,2020,Leave_One_experiments\wth_generated_qc\LCA\LCA2020.WTH,normal_year;nitrogen_stress_year;low_response_year,normal,LCA2020_normal_grid_S0015,irrigation_positive_candidate,2020-07-14,196,36,31,"{""sim_day"": 36.0, ""doy"": 196.0, ""topwt"": 2217.9286193847656, ""grnwt"": 0.0, ""xlai"": 2.457659244537353, ""totir"": 0.0, ""tofer"": NaN, ""swfac"": 0.0, ""nstres"": 0.0}",0.0,0.0,2217.9286193847656,0.0,2.457659244537353,0.0,,0.0,0.0,30.0,150.0,21.053546142578128,33.05354614257813,Leave_One_experiments/all_year_offline_schedule_search/daily_outputs/LCA/LCA_2020_LCA2020_normal_grid_S0015_daily.csv
LCA,LCA,Luancheng,2020,Leave_One_experiments\wth_generated_qc\LCA\LCA2020.WTH,normal_year;nitrogen_stress_year;low_response_year,normal,LCA2020_normal_grid_S0015,irrigation_positive_candidate,2020-07-15,197,37,32,"{""sim_day"": 37.0, ""doy"": 197.0, ""topwt"": 2530.634002685547, ""grnwt"": 0.0, ""xlai"": 2.6497790813446045, ""totir"": 0.0, ""tofer"": NaN, ""swfac"": 0.0, ""nstres"": 0.0}",0.0,0.0,2530.634002685547,0.0,2.6497790813446045,0.0,,0.0,0.0,30.0,150.0,21.053546142578128,33.05354614257813,Leave_One_experiments/all_year_offline_schedule_search/daily_outputs/LCA/LCA_2020_LCA2020_normal_grid_S0015_daily.csv
LCA,LCA,Luancheng,2020,Leave_One_experiments\wth_generated_qc\LCA\LCA2020.WTH,normal_year;nitrogen_stress_year;low_response_year,normal,LCA2020_normal_grid_S0015,irrigation_positive_candidate,2020-07-16,198,38,33,"{""sim_day"": 38.0, ""doy"": 198.0, ""topwt"": 2820.722045898437, ""grnwt"": 0.0, ""xlai"": 2.812175750732422, ""totir"": 0.0, ""tofer"": NaN, ""swfac"": 0.0, ""nstres"": 0.0}",0.0,0.0,2820.722045898437,0.0,2.812175750732422,0.0,,0.0,0.0,30.0,150.0,21.053546142578128,33.05354614257813,Leave_One_experiments/all_year_offline_schedule_search/daily_outputs/LCA/LCA_2020_LCA2020_normal_grid_S0015_daily.csv
LCA,LCA,Luancheng,2020,Leave_One_experiments\wth_generated_qc\LCA\LCA2020.WTH,normal_year;nitrogen_stress_year;low_response_year,normal,LCA2020_normal_grid_S0015,irrigation_positive_candidate,2020-07-17,199,39,34,"{""sim_day"": 39.0, ""doy"": 199.0, ""topwt"": 3018.3453369140625, ""grnwt"": 0.0, ""xlai"": 2.9143218994140625, ""totir"": 0.0, ""tofer"": NaN, ""swfac"": 0.0, ""nstres"": 0.0}",0.0,0.0,3018.3453369140625,0.0,2.9143218994140625,0.0,,0.0,0.0,30.0,150.0,21.053546142578128,33.05354614257813,Leave_One_experiments/all_year_offline_schedule_search/daily_outputs/LCA/LCA_2020_LCA2020_normal_grid_S0015_daily.csv
LCA,LCA,Luancheng,2020,Leave_One_experiments\wth_generated_qc\LCA\LCA2020.WTH,normal_year;nitrogen_stress_year;low_response_year,normal,LCA2020_normal_grid_S0015,irrigation_positive_candidate,2020-07-18,200,40,35,"{""sim_day"": 40.0, ""doy"": 200.0, ""topwt"": 3383.125915527344, ""grnwt"": 0.0, ""xlai"": 3.087945938110352, ""totir"": 30.0, ""tofer"": NaN, ""swfac"": 0.0, ""nstres"": 0.0}",0.0,0.0,3383.125915527344,0.0,3.087945938110352,30.0,,30.0,0.0,30.0,150.0,21.053546142578128,33.05354614257813,Leave_One_experiments/all_year_offline_schedule_search/daily_outputs/LCA/LCA_2020_LCA2020_normal_grid_S0015_daily.csv
LCA,LCA,Luancheng,2020,Leave_One_experiments\wth_generated_qc\LCA\LCA2020.WTH,normal_year;nitrogen_stress_year;low_response_year,normal,LCA2020_normal_grid_S0015,irrigation_positive_candidate,2020-07-19,201,41,36,"{""sim_day"": 41.0, ""doy"": 201.0, ""topwt"": 3822.021789550781, ""grnwt"": 0.0, ""xlai"": 3.279170513153076, ""totir"": 30.0, ""tofer"": NaN, ""swfac"": 0.0, ""nstres"": 0.0}",0.0,0.0,3822.021789550781,0.0,3.279170513153076,30.0,,0.0,0.0,30.0,150.0,21.053546142578128,33.05354614257813,Leave_One_experiments/all_year_offline_schedule_search/daily_outputs/LCA/LCA_2020_LCA2020_normal_grid_S0015_daily.csv
LCA,LCA,Luancheng,2020,Leave_One_experiments\wth_generated_qc\LCA\LCA2020.WTH,normal_year;nitrogen_stress_year;low_response_year,normal,LCA2020_normal_grid_S0015,irrigation_positive_candidate,2020-07-20,202,42,37,"{""sim_day"": 42.0, ""doy"": 202.0, ""topwt"": 4158.979797363281, ""grnwt"": 0.0, ""xlai"": 3.505509614944458, ""totir"": 30.0, ""tofer"": NaN, ""swfac"": 0.0, ""nstres"": 0.0}",0.0,0.0,4158.979797363281,0.0,3.505509614944458,30.0,,0.0,0.0,30.0,150.0,21.053546142578128,33.05354614257813,Leave_One_experiments/all_year_offline_schedule_search/daily_outputs/LCA/LCA_2020_LCA2020_normal_grid_S0015_daily.csv
LCA,LCA,Luancheng,2020,Leave_One_experiments\wth_generated_qc\LCA\LCA2020.WTH,normal_year;nitrogen_stress_year;low_response_year,normal,LCA2020_normal_grid_S0015,irrigation_positive_candidate,2020-07-21,203,43,38,"{""sim_day"": 43.0, ""doy"": 203.0, ""topwt"": 4393.568115234375, ""grnwt"": 0.0, ""xlai"": 3.610179662704468, ""totir"": 30.0, ""tofer"": NaN, ""swfac"": 0.0, ""nstres"": 0.0}",0.0,0.0,4393.568115234375,0.0,3.610179662704468,30.0,,0.0,0.0,30.0,150.0,21.053546142578128,33.05354614257813,Leave_One_experiments/all_year_offline_schedule_search/daily_outputs/LCA/LCA_2020_LCA2020_normal_grid_S0015_daily.csv
LCA,LCA,Luancheng,2020,Leave_One_experiments\wth_generated_qc\LCA\LCA2020.WTH,normal_year;nitrogen_stress_year;low_response_year,normal,LCA2020_normal_grid_S0015,irrigation_positive_candidate,2020-07-22,204,44,39,"{""sim_day"": 44.0, ""doy"": 204.0, ""topwt"": 4812.3931884765625, ""grnwt"": 0.0, ""xlai"": 3.7603061199188232, ""totir"": 30.0, ""tofer"": NaN, ""swfac"": 0.0, ""nstres"": 0.0099211931228637}",0.0,0.0099211931228637,4812.3931884765625,0.0,3.7603061199188232,30.0,,0.0,0.0,30.0,150.0,21.053546142578128,33.05354614257813,Leave_One_experiments/all_year_offline_schedule_search/daily_outputs/LCA/LCA_2020_LCA2020_normal_grid_S0015_daily.csv
LCA,LCA,Luancheng,2020,Leave_One_experiments\wth_generated_qc\LCA\LCA2020.WTH,normal_year;nitrogen_stress_year;low_response_year,normal,LCA2020_normal_grid_S0015,irrigation_positive_candidate,2020-07-23,205,45,40,"{""sim_day"": 45.0, ""doy"": 205.0, ""topwt"": 5241.1724853515625, ""grnwt"": 0.0, ""xlai"": 3.889518976211548, ""totir"": 30.0, ""tofer"": NaN, ""swfac"": 0.0, ""nstres"": 0.0205590724945068}",0.0,0.0205590724945068,5241.1724853515625,0.0,3.889518976211548,30.0,,0.0,0.0,30.0,150.0,21.053546142578128,33.05354614257813,Leave_One_experiments/all_year_offline_schedule_search/daily_outputs/LCA/LCA_2020_LCA2020_normal_grid_S0015_daily.csv
LCA,LCA,Luancheng,2020,Leave_One_experiments\wth_generated_qc\LCA\LCA2020.WTH,normal_year;nitrogen_stress_year;low_response_year,normal,LCA2020_normal_grid_S0015,irrigation_positive_candidate,2020-07-24,206,46,41,"{""sim_day"": 46.0, ""doy"": 206.0, ""topwt"": 5378.2794189453125, ""grnwt"": 0.0, ""xlai"": 3.906663179397583, ""totir"": 30.0, ""tofer"": NaN, ""swfac"": 0.0, ""nstres"": 0.0472049713134765}",0.0,0.0472049713134765,5378.2794189453125,0.0,3.906663179397583,30.0,,0.0,0.0,30.0,150.0,21.053546142578128,33.05354614257813,Leave_One_experiments/all_year_offline_schedule_search/daily_outputs/LCA/LCA_2020_LCA2020_normal_grid_S0015_daily.csv
LCA,LCA,Luancheng,2020,Leave_One_experiments\wth_generated_qc\LCA\LCA2020.WTH,normal_year;nitrogen_stress_year;low_response_year,normal,LCA2020_normal_grid_S0015,irrigation_positive_candidate,2020-07-25,207,47,42,"{""sim_day"": 47.0, ""doy"": 207.0, ""topwt"": 5601.822509765625, ""grnwt"": 0.0, ""xlai"": 3.934307336807251, ""totir"": 30.0, ""tofer"": NaN, ""swfac"": 0.0, ""nstres"": 0.0680536031723022}",0.0,0.0680536031723022,5601.822509765625,0.0,3.934307336807251,30.0,,0.0,0.0,30.0,150.0,21.053546142578128,33.05354614257813,Leave_One_experiments/all_year_offline_schedule_search/daily_outputs/LCA/LCA_2020_LCA2020_normal_grid_S0015_daily.csv
LCA,LCA,Luancheng,2020,Leave_One_experiments\wth_generated_qc\LCA\LCA2020.WTH,normal_year;nitrogen_stress_year;low_response_year,normal,LCA2020_normal_grid_S0015,irrigation_positive_candidate,2020-07-26,208,48,43,"{""sim_day"": 48.0, ""doy"": 208.0, ""topwt"": 5736.2249755859375, ""grnwt"": 0.0, ""xlai"": 3.9352972507476807, ""totir"": 30.0, ""tofer"": NaN, ""swfac"": 0.0, ""nstres"": 0.0678128600120544}",0.0,0.0678128600120544,5736.2249755859375,0.0,3.9352972507476807,30.0,,0.0,0.0,30.0,150.0,21.053546142578128,33.05354614257813,Leave_One_experiments/all_year_offline_schedule_search/daily_outputs/LCA/LCA_2020_LCA2020_normal_grid_S0015_daily.csv
LCA,LCA,Luancheng,2020,Leave_One_experiments\wth_generated_qc\LCA\LCA2020.WTH,normal_year;nitrogen_stress_year;low_response_year,normal,LCA2020_normal_grid_S0015,irrigation_positive_candidate,2020-07-27,209,49,44,"{""sim_day"": 49.0, ""doy"": 209.0, ""topwt"": 6026.071166992188, ""grnwt"": 0.0, ""xlai"": 3.969781875610352, ""totir"": 30.0, ""tofer"": NaN, ""swfac"": 0.0, ""nstres"": 0.0728797316551208}",0.0,0.0728797316551208,6026.071166992188,0.0,3.969781875610352,30.0,,0.0,0.0,30.0,150.0,21.053546142578128,33.05354614257813,Leave_One_experiments/all_year_offline_schedule_search/daily_outputs/LCA/LCA_2020_LCA2020_normal_grid_S0015_daily.csv
LCA,LCA,Luancheng,2020,Leave_One_experiments\wth_generated_qc\LCA\LCA2020.WTH,normal_year;nitrogen_stress_year;low_response_year,normal,LCA2020_normal_grid_S0015,irrigation_positive_candidate,2020-07-28,210,50,45,"{""sim_day"": 50.0, ""doy"": 210.0, ""topwt"": 6353.609619140625, ""grnwt"": 0.0, ""xlai"": 4.013376235961914, ""totir"": 30.0, ""tofer"": NaN, ""swfac"": 0.0, ""nstres"": 0.0722273588180542}",0.0,0.0722273588180542,6353.609619140625,0.0,4.013376235961914,30.0,,0.0,0.0,30.0,150.0,21.053546142578128,33.05354614257813,Leave_One_experiments/all_year_offline_schedule_search/daily_outputs/LCA/LCA_2020_LCA2020_normal_grid_S0015_daily.csv
LCA,LCA,Luancheng,2020,Leave_One_experiments\wth_generated_qc\LCA\LCA2020.WTH,normal_year;nitrogen_stress_year;low_response_year,normal,LCA2020_normal_grid_S0015,irrigation_positive_candidate,2020-07-29,211,51,46,"{""sim_day"": 51.0, ""doy"": 211.0, ""topwt"": 6709.268798828125, ""grnwt"": 0.0, ""xlai"": 4.060572624206543, ""totir"": 30.0, ""tofer"": NaN, ""swfac"": 0.0, ""nstres"": 0.0775660872459411}",0.0,0.0775660872459411,6709.268798828125,0.0,4.060572624206543,30.0,,0.0,0.0,30.0,150.0,21.053546142578128,33.05354614257813,Leave_One_experiments/all_year_offline_schedule_search/daily_outputs/LCA/LCA_2020_LCA2020_normal_grid_S0015_daily.csv
LCA,LCA,Luancheng,2020,Leave_One_experiments\wth_generated_qc\LCA\LCA2020.WTH,normal_year;nitrogen_stress_year;low_response_year,normal,LCA2020_normal_grid_S0015,irrigation_positive_candidate,2020-07-30,212,52,47,"{""sim_day"": 52.0, ""doy"": 212.0, ""topwt"": 7019.613037109375, ""grnwt"": 0.0, ""xlai"": 4.093940258026123, ""totir"": 30.0, ""tofer"": NaN, ""swfac"": 0.0, ""nstres"": 0.0819334983825683}",0.0,0.0819334983825683,7019.613037109375,0.0,4.093940258026123,30.0,,0.0,0.0,30.0,150.0,21.053546142578128,33.05354614257813,Leave_One_experiments/all_year_offline_schedule_search/daily_outputs/LCA/LCA_2020_LCA2020_normal_grid_S0015_daily.csv
LCA,LCA,Luancheng,2020,Leave_One_experiments\wth_generated_qc\LCA\LCA2020.WTH,normal_year;nitrogen_stress_year;low_response_year,normal,LCA2020_normal_grid_S0015,irrigation_positive_candidate,2020-07-31,213,53,48,"{""sim_day"": 53.0, ""doy"": 213.0, ""topwt"": 7287.314453125, ""grnwt"": 0.0, ""xlai"": 4.051148414611816, ""totir"": 30.0, ""tofer"": NaN, ""swfac"": 0.0, ""nstres"": 0.0836197137832641}",0.0,0.0836197137832641,7287.314453125,0.0,4.051148414611816,30.0,,0.0,0.0,30.0,150.0,21.053546142578128,33.05354614257813,Leave_One_experiments/all_year_offline_schedule_search/daily_outputs/LCA/LCA_2020_LCA2020_normal_grid_S0015_daily.csv
LCA,LCA,Luancheng,2020,Leave_One_experiments\wth_generated_qc\LCA\LCA2020.WTH,normal_year;nitrogen_stress_year;low_response_year,normal,LCA2020_normal_grid_S0015,irrigation_positive_candidate,2020-08-01,214,54,49,"{""sim_day"": 54.0, ""doy"": 214.0, ""topwt"": 7692.081298828125, ""grnwt"": 0.0, ""xlai"": 4.010072708129883, ""totir"": 30.0, ""tofer"": NaN, ""swfac"": 0.0, ""nstres"": 0.0811131596565246}",0.0,0.0811131596565246,7692.081298828125,0.0,4.010072708129883,30.0,,0.0,0.0,30.0,150.0,21.053546142578128,33.05354614257813,Leave_One_experiments/all_year_offline_schedule_search/daily_outputs/LCA/LCA_2020_LCA2020_normal_grid_S0015_daily.csv
LCA,LCA,Luancheng,2020,Leave_One_experiments\wth_generated_qc\LCA\LCA2020.WTH,normal_year;nitrogen_stress_year;low_response_year,normal,LCA2020_normal_grid_S0015,irrigation_positive_candidate,2020-08-02,215,55,50,"{""sim_day"": 55.0, ""doy"": 215.0, ""topwt"": 7976.621704101562, ""grnwt"": 0.0, ""xlai"": 3.972896099090576, ""totir"": 30.0, ""tofer"": NaN, ""swfac"": 0.0, ""nstres"": 0.074167251586914}",0.0,0.074167251586914,7976.621704101562,0.0,3.972896099090576,30.0,,0.0,0.0,30.0,150.0,21.053546142578128,33.05354614257813,Leave_One_experiments/all_year_offline_schedule_search/daily_outputs/LCA/LCA_2020_LCA2020_normal_grid_S0015_daily.csv
LCA,LCA,Luancheng,2020,Leave_One_experiments\wth_generated_qc\LCA\LCA2020.WTH,normal_year;nitrogen_stress_year;low_response_year,normal,LCA2020_normal_grid_S0015,irrigation_positive_candidate,2020-08-03,216,56,51,"{""sim_day"": 56.0, ""doy"": 216.0, ""topwt"": 8266.471557617188, ""grnwt"": 0.0, ""xlai"": 3.937697172164917, ""totir"": 30.0, ""tofer"": NaN, ""swfac"": 0.0, ""nstres"": 0.0708779096603393}",0.0,0.0708779096603393,8266.471557617188,0.0,3.937697172164917,30.0,,0.0,0.0,30.0,150.0,21.053546142578128,33.05354614257813,Leave_One_experiments/all_year_offline_schedule_search/daily_outputs/LCA/LCA_2020_LCA2020_normal_grid_S0015_daily.csv
LCA,LCA,Luancheng,2020,Leave_One_experiments\wth_generated_qc\LCA\LCA2020.WTH,normal_year;nitrogen_stress_year;low_response_year,normal,LCA2020_normal_grid_S0015,irrigation_positive_candidate,2020-08-04,217,57,52,"{""sim_day"": 57.0, ""doy"": 217.0, ""topwt"": 8277.568969726562, ""grnwt"": 0.0, ""xlai"": 3.905919313430786, ""totir"": 30.0, ""tofer"": NaN, ""swfac"": 0.0, ""nstres"": 0.0645606517791748}",0.0,0.0645606517791748,8277.568969726562,0.0,3.905919313430786,30.0,,0.0,0.0,30.0,150.0,21.053546142578128,33.05354614257813,Leave_One_experiments/all_year_offline_schedule_search/daily_outputs/LCA/LCA_2020_LCA2020_normal_grid_S0015_daily.csv
LCA,LCA,Luancheng,2020,Leave_One_experiments\wth_generated_qc\LCA\LCA2020.WTH,normal_year;nitrogen_stress_year;low_response_year,normal,LCA2020_normal_grid_S0015,irrigation_positive_candidate,2020-08-05,218,58,53,"{""sim_day"": 58.0, ""doy"": 218.0, ""topwt"": 8261.892700195312, ""grnwt"": 0.0, ""xlai"": 3.877218246459961, ""totir"": 30.0, ""tofer"": NaN, ""swfac"": 0.0, ""nstres"": 0.058785080909729}",0.0,0.058785080909729,8261.892700195312,0.0,3.877218246459961,30.0,,0.0,0.0,30.0,150.0,21.053546142578128,33.05354614257813,Leave_One_experiments/all_year_offline_schedule_search/daily_outputs/LCA/LCA_2020_LCA2020_normal_grid_S0015_daily.csv
LCA,LCA,Luancheng,2020,Leave_One_experiments\wth_generated_qc\LCA\LCA2020.WTH,normal_year;nitrogen_stress_year;low_response_year,normal,LCA2020_normal_grid_S0015,irrigation_positive_candidate,2020-08-06,219,59,54,"{""sim_day"": 59.0, ""doy"": 219.0, ""topwt"": 8375.8251953125, ""grnwt"": 0.0, ""xlai"": 3.856091022491455, ""totir"": 30.0, ""tofer"": NaN, ""swfac"": 0.0, ""nstres"": 0.0435926914215087}",0.0,0.0435926914215087,8375.8251953125,0.0,3.856091022491455,30.0,,0.0,0.0,30.0,150.0,21.053546142578128,33.05354614257813,Leave_One_experiments/all_year_offline_schedule_search/daily_outputs/LCA/LCA_2020_LCA2020_normal_grid_S0015_daily.csv
LCA,LCA,Luancheng,2020,Leave_One_experiments\wth_generated_qc\LCA\LCA2020.WTH,normal_year;nitrogen_stress_year;low_response_year,normal,LCA2020_normal_grid_S0015,irrigation_positive_candidate,2020-08-07,220,60,55,"{""sim_day"": 60.0, ""doy"": 220.0, ""topwt"": 8695.594482421875, ""grnwt"": 0.0, ""xlai"": 3.843451023101807, ""totir"": 30.0, ""tofer"": NaN, ""swfac"": 0.0, ""nstres"": 0.0262227058410644}",0.0,0.0262227058410644,8695.594482421875,0.0,3.843451023101807,30.0,,0.0,0.0,30.0,150.0,21.053546142578128,33.05354614257813,Leave_One_experiments/all_year_offline_schedule_search/daily_outputs/LCA/LCA_2020_LCA2020_normal_grid_S0015_daily.csv
LCA,LCA,Luancheng,2020,Leave_One_experiments\wth_generated_qc\LCA\LCA2020.WTH,normal_year;nitrogen_stress_year;low_response_year,normal,LCA2020_normal_grid_S0015,irrigation_positive_candidate,2020-08-08,221,61,56,"{""sim_day"": 61.0, ""doy"": 221.0, ""topwt"": 9072.335815429688, ""grnwt"": 0.0, ""xlai"": 3.838424205780029, ""totir"": 30.0, ""tofer"": NaN, ""swfac"": 0.0, ""nstres"": 0.0104638338088989}",0.0,0.0104638338088989,9072.335815429688,0.0,3.838424205780029,30.0,,0.0,0.0,30.0,150.0,21.053546142578128,33.05354614257813,Leave_One_experiments/all_year_offline_schedule_search/daily_outputs/LCA/LCA_2020_LCA2020_normal_grid_S0015_daily.csv
LCA,LCA,Luancheng,2020,Leave_One_experiments\wth_generated_qc\LCA\LCA2020.WTH,normal_year;nitrogen_stress_year;low_response_year,normal,LCA2020_normal_grid_S0015,irrigation_positive_candidate,2020-08-09,222,62,57,"{""sim_day"": 62.0, ""doy"": 222.0, ""topwt"": 9362.631225585938, ""grnwt"": 290.29523849487305, ""xlai"": 3.838424205780029, ""totir"": 30.0, ""tofer"": NaN, ""swfac"": 0.0, ""nstres"": 0.0}",0.0,0.0,9362.631225585938,290.29523849487305,3.838424205780029,30.0,,0.0,0.0,30.0,150.0,21.053546142578128,33.05354614257813,Leave_One_experiments/all_year_offline_schedule_search/daily_outputs/LCA/LCA_2020_LCA2020_normal_grid_S0015_daily.csv
LCA,LCA,Luancheng,2020,Leave_One_experiments\wth_generated_qc\LCA\LCA2020.WTH,normal_year;nitrogen_stress_year;low_response_year,normal,LCA2020_normal_grid_S0015,irrigation_positive_candidate,2020-08-10,223,63,58,"{""sim_day"": 63.0, ""doy"": 223.0, ""topwt"": 9591.23779296875, ""grnwt"": 518.902702331543, ""xlai"": 3.831973791122437, ""totir"": 30.0, ""tofer"": NaN, ""swfac"": 0.0, ""nstres"": 0.0134439468383789}",0.0,0.0134439468383789,9591.23779296875,518.902702331543,3.831973791122437,30.0,,0.0,0.0,30.0,150.0,21.053546142578128,33.05354614257813,Leave_One_experiments/all_year_offline_schedule_search/daily_outputs/LCA/LCA_2020_LCA2020_normal_grid_S0015_daily.csv
LCA,LCA,Luancheng,2020,Leave_One_experiments\wth_generated_qc\LCA\LCA2020.WTH,normal_year;nitrogen_stress_year;low_response_year,normal,LCA2020_normal_grid_S0015,irrigation_positive_candidate,2020-08-11,224,64,59,"{""sim_day"": 64.0, ""doy"": 224.0, ""topwt"": 9695.452880859377, ""grnwt"": 809.197998046875, ""xlai"": 3.8233273029327393, ""totir"": 30.0, ""tofer"": NaN, ""swfac"": 0.0, ""nstres"": 0.0180504322052001}",0.0,0.0180504322052001,9695.452880859377,809.197998046875,3.8233273029327393,30.0,,0.0,0.0,30.0,150.0,21.053546142578128,33.05354614257813,Leave_One_experiments/all_year_offline_schedule_search/daily_outputs/LCA/LCA_2020_LCA2020_normal_grid_S0015_daily.csv
LCA,LCA,Luancheng,2020,Leave_One_experiments\wth_generated_qc\LCA\LCA2020.WTH,normal_year;nitrogen_stress_year;low_response_year,normal,LCA2020_normal_grid_S0015,irrigation_positive_candidate,2020-08-12,225,65,60,"{""sim_day"": 65.0, ""doy"": 225.0, ""topwt"": 9964.862060546877, ""grnwt"": 1010.5902862548828, ""xlai"": 3.81111741065979, ""totir"": 30.0, ""tofer"": NaN, ""swfac"": 0.0, ""nstres"": 0.0255475640296936}",0.0,0.0255475640296936,9964.862060546877,1010.5902862548828,3.81111741065979,30.0,,0.0,50.0,30.0,150.0,21.053546142578128,33.05354614257813,Leave_One_experiments/all_year_offline_schedule_search/daily_outputs/LCA/LCA_2020_LCA2020_normal_grid_S0015_daily.csv
LCA,LCA,Luancheng,2020,Leave_One_experiments\wth_generated_qc\LCA\LCA2020.WTH,normal_year;nitrogen_stress_year;low_response_year,normal,LCA2020_normal_grid_S0015,irrigation_positive_candidate,2020-08-13,226,66,61,"{""sim_day"": 66.0, ""doy"": 226.0, ""topwt"": 10217.1875, ""grnwt"": 1144.8518371582031, ""xlai"": 3.81111741065979, ""totir"": 30.0, ""tofer"": NaN, ""swfac"": 0.0, ""nstres"": 0.0}",0.0,0.0,10217.1875,1144.8518371582031,3.81111741065979,30.0,,0.0,0.0,30.0,150.0,21.053546142578128,33.05354614257813,Leave_One_experiments/all_year_offline_schedule_search/daily_outputs/LCA/LCA_2020_LCA2020_normal_grid_S0015_daily.csv
LCA,LCA,Luancheng,2020,Leave_One_experiments\wth_generated_qc\LCA\LCA2020.WTH,normal_year;nitrogen_stress_year;low_response_year,normal,LCA2020_normal_grid_S0015,irrigation_positive_candidate,2020-08-14,227,67,62,"{""sim_day"": 67.0, ""doy"": 227.0, ""topwt"": 10303.204345703123, ""grnwt"": 1435.1470947265625, ""xlai"": 3.7977004051208496, ""totir"": 30.0, ""tofer"": NaN, ""swfac"": 0.0, ""nstres"": 0.0}",0.0,0.0,10303.204345703123,1435.1470947265625,3.7977004051208496,30.0,,0.0,0.0,30.0,150.0,21.053546142578128,33.05354614257813,Leave_One_experiments/all_year_offline_schedule_search/daily_outputs/LCA/LCA_2020_LCA2020_normal_grid_S0015_daily.csv
LCA,LCA,Luancheng,2020,Leave_One_experiments\wth_generated_qc\LCA\LCA2020.WTH,normal_year;nitrogen_stress_year;low_response_year,normal,LCA2020_normal_grid_S0015,irrigation_positive_candidate,2020-08-15,228,68,63,"{""sim_day"": 68.0, ""doy"": 228.0, ""topwt"": 10377.166748046877, ""grnwt"": 1725.4421997070312, ""xlai"": 3.773253917694092, ""totir"": 30.0, ""tofer"": NaN, ""swfac"": 0.0, ""nstres"": 0.0}",0.0,0.0,10377.166748046877,1725.4421997070312,3.773253917694092,30.0,,0.0,0.0,30.0,150.0,21.053546142578128,33.05354614257813,Leave_One_experiments/all_year_offline_schedule_search/daily_outputs/LCA/LCA_2020_LCA2020_normal_grid_S0015_daily.csv
LCA,LCA,Luancheng,2020,Leave_One_experiments\wth_generated_qc\LCA\LCA2020.WTH,normal_year;nitrogen_stress_year;low_response_year,normal,LCA2020_normal_grid_S0015,irrigation_positive_candidate,2020-08-16,229,69,64,"{""sim_day"": 69.0, ""doy"": 229.0, ""topwt"": 10542.86865234375, ""grnwt"": 2015.7376098632808, ""xlai"": 3.7413384914398193, ""totir"": 30.0, ""tofer"": NaN, ""swfac"": 0.0, ""nstres"": 0.0}",0.0,0.0,10542.86865234375,2015.7376098632808,3.7413384914398193,30.0,,0.0,0.0,30.0,150.0,21.053546142578128,33.05354614257813,Leave_One_experiments/all_year_offline_schedule_search/daily_outputs/LCA/LCA_2020_LCA2020_normal_grid_S0015_daily.csv
LCA,LCA,Luancheng,2020,Leave_One_experiments\wth_generated_qc\LCA\LCA2020.WTH,normal_year;nitrogen_stress_year;low_response_year,normal,LCA2020_normal_grid_S0015,irrigation_positive_candidate,2020-08-17,230,70,65,"{""sim_day"": 70.0, ""doy"": 230.0, ""topwt"": 10776.2890625, ""grnwt"": 2233.459014892578, ""xlai"": 3.69769287109375, ""totir"": 30.0, ""tofer"": NaN, ""swfac"": 0.0, ""nstres"": 0.0}",0.0,0.0,10776.2890625,2233.459014892578,3.69769287109375,30.0,,0.0,0.0,30.0,150.0,21.053546142578128,33.05354614257813,Leave_One_experiments/all_year_offline_schedule_search/daily_outputs/LCA/LCA_2020_LCA2020_normal_grid_S0015_daily.csv
LCA,LCA,Luancheng,2020,Leave_One_experiments\wth_generated_qc\LCA\LCA2020.WTH,normal_year;nitrogen_stress_year;low_response_year,normal,LCA2020_normal_grid_S0015,irrigation_positive_candidate,2020-08-18,231,71,66,"{""sim_day"": 71.0, ""doy"": 231.0, ""topwt"": 10939.315185546877, ""grnwt"": 2523.754119873047, ""xlai"": 3.660208940505981, ""totir"": 30.0, ""tofer"": NaN, ""swfac"": 0.0, ""nstres"": 0.0}",0.0,0.0,10939.315185546877,2523.754119873047,3.660208940505981,30.0,,0.0,0.0,30.0,150.0,21.053546142578128,33.05354614257813,Leave_One_experiments/all_year_offline_schedule_search/daily_outputs/LCA/LCA_2020_LCA2020_normal_grid_S0015_daily.csv
LCA,LCA,Luancheng,2020,Leave_One_experiments\wth_generated_qc\LCA\LCA2020.WTH,normal_year;nitrogen_stress_year;low_response_year,normal,LCA2020_normal_grid_S0015,irrigation_positive_candidate,2020-08-19,232,72,67,"{""sim_day"": 72.0, ""doy"": 232.0, ""topwt"": 11260.032958984377, ""grnwt"": 2814.0493774414062, ""xlai"": 3.615689754486084, ""totir"": 30.0, ""tofer"": NaN, ""swfac"": 0.0, ""nstres"": 0.0}",0.0,0.0,11260.032958984377,2814.0493774414062,3.615689754486084,30.0,,0.0,0.0,30.0,150.0,21.053546142578128,33.05354614257813,Leave_One_experiments/all_year_offline_schedule_search/daily_outputs/LCA/LCA_2020_LCA2020_normal_grid_S0015_daily.csv
LCA,LCA,Luancheng,2020,Leave_One_experiments\wth_generated_qc\LCA\LCA2020.WTH,normal_year;nitrogen_stress_year;low_response_year,normal,LCA2020_normal_grid_S0015,irrigation_positive_candidate,2020-08-20,233,73,68,"{""sim_day"": 73.0, ""doy"": 233.0, ""topwt"": 11657.45361328125, ""grnwt"": 3104.344482421875, ""xlai"": 3.568599939346313, ""totir"": 30.0, ""tofer"": NaN, ""swfac"": 0.0, ""nstres"": 0.0}",0.0,0.0,11657.45361328125,3104.344482421875,3.568599939346313,30.0,,0.0,0.0,30.0,150.0,21.053546142578128,33.05354614257813,Leave_One_experiments/all_year_offline_schedule_search/daily_outputs/LCA/LCA_2020_LCA2020_normal_grid_S0015_daily.csv
LCA,LCA,Luancheng,2020,Leave_One_experiments\wth_generated_qc\LCA\LCA2020.WTH,normal_year;nitrogen_stress_year;low_response_year,normal,LCA2020_normal_grid_S0015,irrigation_positive_candidate,2020-08-21,234,74,69,"{""sim_day"": 74.0, ""doy"": 234.0, ""topwt"": 11997.918701171877, ""grnwt"": 3394.639892578125, ""xlai"": 3.518923282623291, ""totir"": 30.0, ""tofer"": NaN, ""swfac"": 0.0, ""nstres"": 0.0}",0.0,0.0,11997.918701171877,3394.639892578125,3.518923282623291,30.0,,0.0,0.0,30.0,150.0,21.053546142578128,33.05354614257813,Leave_One_experiments/all_year_offline_schedule_search/daily_outputs/LCA/LCA_2020_LCA2020_normal_grid_S0015_daily.csv
LCA,LCA,Luancheng,2020,Leave_One_experiments\wth_generated_qc\LCA\LCA2020.WTH,normal_year;nitrogen_stress_year;low_response_year,normal,LCA2020_normal_grid_S0015,irrigation_positive_candidate,2020-08-22,235,75,70,"{""sim_day"": 75.0, ""doy"": 235.0, ""topwt"": 12321.051025390623, ""grnwt"": 3684.9349975585938, ""xlai"": 3.4574944972991943, ""totir"": 30.0, ""tofer"": NaN, ""swfac"": 0.0, ""nstres"": 0.0}",0.0,0.0,12321.051025390623,3684.9349975585938,3.4574944972991943,30.0,,0.0,0.0,30.0,150.0,21.053546142578128,33.05354614257813,Leave_One_experiments/all_year_offline_schedule_search/daily_outputs/LCA/LCA_2020_LCA2020_normal_grid_S0015_daily.csv
LCA,LCA,Luancheng,2020,Leave_One_experiments\wth_generated_qc\LCA\LCA2020.WTH,normal_year;nitrogen_stress_year;low_response_year,normal,LCA2020_normal_grid_S0015,irrigation_positive_candidate,2020-08-23,236,76,71,"{""sim_day"": 76.0, ""doy"": 236.0, ""topwt"": 12660.784912109377, ""grnwt"": 3933.5003662109375, ""xlai"": 3.383249521255493, ""totir"": 30.0, ""tofer"": NaN, ""swfac"": 0.0, ""nstres"": 0.0}",0.0,0.0,12660.784912109377,3933.5003662109375,3.383249521255493,30.0,,0.0,0.0,30.0,150.0,21.053546142578128,33.05354614257813,Leave_One_experiments/all_year_offline_schedule_search/daily_outputs/LCA/LCA_2020_LCA2020_normal_grid_S0015_daily.csv
LCA,LCA,Luancheng,2020,Leave_One_experiments\wth_generated_qc\LCA\LCA2020.WTH,normal_year;nitrogen_stress_year;low_response_year,normal,LCA2020_normal_grid_S0015,irrigation_positive_candidate,2020-08-24,237,77,72,"{""sim_day"": 77.0, ""doy"": 237.0, ""topwt"": 12989.388427734377, ""grnwt"": 4136.7071533203125, ""xlai"": 3.297665596008301, ""totir"": 30.0, ""tofer"": NaN, ""swfac"": 0.0, ""nstres"": 0.0}",0.0,0.0,12989.388427734377,4136.7071533203125,3.297665596008301,30.0,,0.0,0.0,30.0,150.0,21.053546142578128,33.05354614257813,Leave_One_experiments/all_year_offline_schedule_search/daily_outputs/LCA/LCA_2020_LCA2020_normal_grid_S0015_daily.csv
LCA,LCA,Luancheng,2020,Leave_One_experiments\wth_generated_qc\LCA\LCA2020.WTH,normal_year;nitrogen_stress_year;low_response_year,normal,LCA2020_normal_grid_S0015,irrigation_positive_candidate,2020-08-25,238,78,73,"{""sim_day"": 78.0, ""doy"": 238.0, ""topwt"": 13318.533935546877, ""grnwt"": 4396.158142089844, ""xlai"": 3.2095959186553955, ""totir"": 30.0, ""tofer"": NaN, ""swfac"": 0.0, ""nstres"": 0.0}",0.0,0.0,13318.533935546877,4396.158142089844,3.2095959186553955,30.0,,0.0,0.0,30.0,150.0,21.053546142578128,33.05354614257813,Leave_One_experiments/all_year_offline_schedule_search/daily_outputs/LCA/LCA_2020_LCA2020_normal_grid_S0015_daily.csv
LCA,LCA,Luancheng,2020,Leave_One_experiments\wth_generated_qc\LCA\LCA2020.WTH,normal_year;nitrogen_stress_year;low_response_year,normal,LCA2020_normal_grid_S0015,irrigation_positive_candidate,2020-08-26,239,79,74,"{""sim_day"": 79.0, ""doy"": 239.0, ""topwt"": 13694.390869140623, ""grnwt"": 4686.4532470703125, ""xlai"": 3.119086742401123, ""totir"": 30.0, ""tofer"": NaN, ""swfac"": 0.0, ""nstres"": 0.0}",0.0,0.0,13694.390869140623,4686.4532470703125,3.119086742401123,30.0,,0.0,0.0,30.0,150.0,21.053546142578128,33.05354614257813,Leave_One_experiments/all_year_offline_schedule_search/daily_outputs/LCA/LCA_2020_LCA2020_normal_grid_S0015_daily.csv
LCA,LCA,Luancheng,2020,Leave_One_experiments\wth_generated_qc\LCA\LCA2020.WTH,normal_year;nitrogen_stress_year;low_response_year,normal,LCA2020_normal_grid_S0015,irrigation_positive_candidate,2020-08-27,240,80,75,"{""sim_day"": 80.0, ""doy"": 240.0, ""topwt"": 14046.5283203125, ""grnwt"": 4976.7486572265625, ""xlai"": 3.0222008228302, ""totir"": 30.0, ""tofer"": NaN, ""swfac"": 0.0, ""nstres"": 0.0}",0.0,0.0,14046.5283203125,4976.7486572265625,3.0222008228302,30.0,,0.0,0.0,30.0,150.0,21.053546142578128,33.05354614257813,Leave_One_experiments/all_year_offline_schedule_search/daily_outputs/LCA/LCA_2020_LCA2020_normal_grid_S0015_daily.csv
LCA,LCA,Luancheng,2020,Leave_One_experiments\wth_generated_qc\LCA\LCA2020.WTH,normal_year;nitrogen_stress_year;low_response_year,normal,LCA2020_normal_grid_S0015,irrigation_positive_candidate,2020-08-28,241,81,76,"{""sim_day"": 81.0, ""doy"": 241.0, ""topwt"": 14270.4345703125, ""grnwt"": 5198.0987548828125, ""xlai"": 2.904893398284912, ""totir"": 30.0, ""tofer"": NaN, ""swfac"": 0.0, ""nstres"": 0.0}",0.0,0.0,14270.4345703125,5198.0987548828125,2.904893398284912,30.0,,0.0,0.0,30.0,150.0,21.053546142578128,33.05354614257813,Leave_One_experiments/all_year_offline_schedule_search/daily_outputs/LCA/LCA_2020_LCA2020_normal_grid_S0015_daily.csv
LCA,LCA,Luancheng,2020,Leave_One_experiments\wth_generated_qc\LCA\LCA2020.WTH,normal_year;nitrogen_stress_year;low_response_year,normal,LCA2020_normal_grid_S0015,irrigation_positive_candidate,2020-08-29,242,82,77,"{""sim_day"": 82.0, ""doy"": 242.0, ""topwt"": 14488.15673828125, ""grnwt"": 5415.8197021484375, ""xlai"": 2.777360677719116, ""totir"": 30.0, ""tofer"": NaN, ""swfac"": 0.0, ""nstres"": 0.0}",0.0,0.0,14488.15673828125,5415.8197021484375,2.777360677719116,30.0,,0.0,0.0,30.0,150.0,21.053546142578128,33.05354614257813,Leave_One_experiments/all_year_offline_schedule_search/daily_outputs/LCA/LCA_2020_LCA2020_normal_grid_S0015_daily.csv
LCA,LCA,Luancheng,2020,Leave_One_experiments\wth_generated_qc\LCA\LCA2020.WTH,normal_year;nitrogen_stress_year;low_response_year,normal,LCA2020_normal_grid_S0015,irrigation_positive_candidate,2020-08-30,243,83,78,"{""sim_day"": 83.0, ""doy"": 243.0, ""topwt"": 14718.466796875, ""grnwt"": 5697.04345703125, ""xlai"": 2.651621103286743, ""totir"": 30.0, ""tofer"": NaN, ""swfac"": 0.0, ""nstres"": 0.0}",0.0,0.0,14718.466796875,5697.04345703125,2.651621103286743,30.0,,0.0,0.0,30.0,150.0,21.053546142578128,33.05354614257813,Leave_One_experiments/all_year_offline_schedule_search/daily_outputs/LCA/LCA_2020_LCA2020_normal_grid_S0015_daily.csv
LCA,LCA,Luancheng,2020,Leave_One_experiments\wth_generated_qc\LCA\LCA2020.WTH,normal_year;nitrogen_stress_year;low_response_year,normal,LCA2020_normal_grid_S0015,irrigation_positive_candidate,2020-08-31,244,84,79,"{""sim_day"": 84.0, ""doy"": 244.0, ""topwt"": 14976.214599609377, ""grnwt"": 5903.878784179688, ""xlai"": 2.502535820007324, ""totir"": 30.0, ""tofer"": NaN, ""swfac"": 0.0, ""nstres"": 0.0}",0.0,0.0,14976.214599609377,5903.878784179688,2.502535820007324,30.0,,0.0,0.0,30.0,150.0,21.053546142578128,33.05354614257813,Leave_One_experiments/all_year_offline_schedule_search/daily_outputs/LCA/LCA_2020_LCA2020_normal_grid_S0015_daily.csv
LCA,LCA,Luancheng,2020,Leave_One_experiments\wth_generated_qc\LCA\LCA2020.WTH,normal_year;nitrogen_stress_year;low_response_year,normal,LCA2020_normal_grid_S0015,irrigation_positive_candidate,2020-09-01,245,85,80,"{""sim_day"": 85.0, ""doy"": 245.0, ""topwt"": 15266.510009765623, ""grnwt"": 6194.1741943359375, ""xlai"": 2.3777029514312744, ""totir"": 30.0, ""tofer"": NaN, ""swfac"": 0.0, ""nstres"": 0.0}",0.0,0.0,15266.510009765623,6194.1741943359375,2.3777029514312744,30.0,,0.0,0.0,30.0,150.0,21.053546142578128,33.05354614257813,Leave_One_experiments/all_year_offline_schedule_search/daily_outputs/LCA/LCA_2020_LCA2020_normal_grid_S0015_daily.csv
LCA,LCA,Luancheng,2020,Leave_One_experiments\wth_generated_qc\LCA\LCA2020.WTH,normal_year;nitrogen_stress_year;low_response_year,normal,LCA2020_normal_grid_S0015,irrigation_positive_candidate,2020-09-02,246,86,81,"{""sim_day"": 86.0, ""doy"": 246.0, ""topwt"": 15556.80419921875, ""grnwt"": 6484.469604492188, ""xlai"": 2.2788777351379395, ""totir"": 30.0, ""tofer"": NaN, ""swfac"": 0.0, ""nstres"": 0.0145293474197387}",0.0,0.0145293474197387,15556.80419921875,6484.469604492188,2.2788777351379395,30.0,,0.0,0.0,30.0,150.0,21.053546142578128,33.05354614257813,Leave_One_experiments/all_year_offline_schedule_search/daily_outputs/LCA/LCA_2020_LCA2020_normal_grid_S0015_daily.csv
LCA,LCA,Luancheng,2020,Leave_One_experiments\wth_generated_qc\LCA\LCA2020.WTH,normal_year;nitrogen_stress_year;low_response_year,normal,LCA2020_normal_grid_S0015,irrigation_positive_candidate,2020-09-03,247,87,82,"{""sim_day"": 87.0, ""doy"": 247.0, ""topwt"": 15847.099609375, ""grnwt"": 6774.764404296875, ""xlai"": 2.1617684364318848, ""totir"": 30.0, ""tofer"": NaN, ""swfac"": 0.0, ""nstres"": 0.0464438199996948}",0.0,0.0464438199996948,15847.099609375,6774.764404296875,2.1617684364318848,30.0,,0.0,0.0,30.0,150.0,21.053546142578128,33.05354614257813,Leave_One_experiments/all_year_offline_schedule_search/daily_outputs/LCA/LCA_2020_LCA2020_normal_grid_S0015_daily.csv
LCA,LCA,Luancheng,2020,Leave_One_experiments\wth_generated_qc\LCA\LCA2020.WTH,normal_year;nitrogen_stress_year;low_response_year,normal,LCA2020_normal_grid_S0015,irrigation_positive_candidate,2020-09-04,248,88,83,"{""sim_day"": 88.0, ""doy"": 248.0, ""topwt"": 16137.39501953125, ""grnwt"": 7065.059814453125, ""xlai"": 2.011563539505005, ""totir"": 30.0, ""tofer"": NaN, ""swfac"": 0.0, ""nstres"": 0.0755302906036377}",0.0,0.0755302906036377,16137.39501953125,7065.059814453125,2.011563539505005,30.0,,0.0,0.0,30.0,150.0,21.053546142578128,33.05354614257813,Leave_One_experiments/all_year_offline_schedule_search/daily_outputs/LCA/LCA_2020_LCA2020_normal_grid_S0015_daily.csv
LCA,LCA,Luancheng,2020,Leave_One_experiments\wth_generated_qc\LCA\LCA2020.WTH,normal_year;nitrogen_stress_year;low_response_year,normal,LCA2020_normal_grid_S0015,irrigation_positive_candidate,2020-09-05,249,89,84,"{""sim_day"": 89.0, ""doy"": 249.0, ""topwt"": 16427.6904296875, ""grnwt"": 7355.354614257812, ""xlai"": 1.8451980352401731, ""totir"": 30.0, ""tofer"": NaN, ""swfac"": 0.0, ""nstres"": 0.1040387153625488}",0.0,0.1040387153625488,16427.6904296875,7355.354614257812,1.8451980352401731,30.0,,0.0,0.0,30.0,150.0,21.053546142578128,33.05354614257813,Leave_One_experiments/all_year_offline_schedule_search/daily_outputs/LCA/LCA_2020_LCA2020_normal_grid_S0015_daily.csv
LCA,LCA,Luancheng,2020,Leave_One_experiments\wth_generated_qc\LCA\LCA2020.WTH,normal_year;nitrogen_stress_year;low_response_year,normal,LCA2020_normal_grid_S0015,irrigation_positive_candidate,2020-09-06,250,90,85,"{""sim_day"": 90.0, ""doy"": 250.0, ""topwt"": 16427.6904296875, ""grnwt"": 7355.354614257812, ""xlai"": 1.8451980352401731, ""totir"": 30.0, ""tofer"": NaN, ""swfac"": 0.0, ""nstres"": 0.1322691440582275}",0.0,0.1322691440582275,16427.6904296875,7355.354614257812,1.8451980352401731,30.0,,0.0,0.0,30.0,150.0,21.053546142578128,33.05354614257813,Leave_One_experiments/all_year_offline_schedule_search/daily_outputs/LCA/LCA_2020_LCA2020_normal_grid_S0015_daily.csv
LCA,LCA,Luancheng,2020,Leave_One_experiments\wth_generated_qc\LCA\LCA2020.WTH,normal_year;nitrogen_stress_year;low_response_year,normal,LCA2020_normal_grid_S0015,irrigation_positive_candidate,2020-09-07,251,91,86,"{""sim_day"": 91.0, ""doy"": 251.0, ""topwt"": 16427.6904296875, ""grnwt"": 7355.354614257812, ""xlai"": 1.8451980352401731, ""totir"": 30.0, ""tofer"": NaN, ""swfac"": 0.0, ""nstres"": 0.1322691440582275}",0.0,0.1322691440582275,16427.6904296875,7355.354614257812,1.8451980352401731,30.0,,0.0,0.0,30.0,150.0,21.053546142578128,33.05354614257813,Leave_One_experiments/all_year_offline_schedule_search/daily_outputs/LCA/LCA_2020_LCA2020_normal_grid_S0015_daily.csv
LCA,LCA,Luancheng,2020,Leave_One_experiments\wth_generated_qc\LCA\LCA2020.WTH,normal_year;nitrogen_stress_year;low_response_year,normal,LCA2020_normal_grid_S0015,irrigation_positive_candidate,2020-09-08,252,92,87,"{""sim_day"": 92.0, ""doy"": 252.0, ""topwt"": 16427.6904296875, ""grnwt"": 7355.354614257812, ""xlai"": 1.8451980352401731, ""totir"": 30.0, ""tofer"": NaN, ""swfac"": 0.0, ""nstres"": 0.1322691440582275}",0.0,0.1322691440582275,16427.6904296875,7355.354614257812,1.8451980352401731,30.0,,0.0,0.0,30.0,150.0,21.053546142578128,33.05354614257813,Leave_One_experiments/all_year_offline_schedule_search/daily_outputs/LCA/LCA_2020_LCA2020_normal_grid_S0015_daily.csv
LCA,LCA,Luancheng,2020,Leave_One_experiments\wth_generated_qc\LCA\LCA2020.WTH,normal_year;nitrogen_stress_year;low_response_year,normal,LCA2020_normal_grid_S0010,low_input_within_10pct_yield,2020-06-14,166,1,1,"{""sim_day"": 1.0, ""doy"": 166.0, ""topwt"": 0.0, ""grnwt"": 0.0, ""xlai"": 0.0, ""totir"": 0.0, ""tofer"": NaN, ""swfac"": 0.0, ""nstres"": 0.0}",0.0,0.0,0.0,0.0,0.0,0.0,,0.0,50.0,0.0,150.0,35.7673828125,35.7673828125,Leave_One_experiments/all_year_offline_schedule_search/daily_outputs/LCA/LCA_2020_LCA2020_normal_grid_S0010_daily.csv
LCA,LCA,Luancheng,2020,Leave_One_experiments\wth_generated_qc\LCA\LCA2020.WTH,normal_year;nitrogen_stress_year;low_response_year,normal,LCA2020_normal_grid_S0010,low_input_within_10pct_yield,2020-06-15,167,2,2,"{""sim_day"": 2.0, ""doy"": 167.0, ""topwt"": 0.0, ""grnwt"": 0.0, ""xlai"": 0.0, ""totir"": 0.0, ""tofer"": NaN, ""swfac"": 0.0, ""nstres"": 0.0}",0.0,0.0,0.0,0.0,0.0,0.0,,0.0,0.0,0.0,150.0,35.7673828125,35.7673828125,Leave_One_experiments/all_year_offline_schedule_search/daily_outputs/LCA/LCA_2020_LCA2020_normal_grid_S0010_daily.csv
LCA,LCA,Luancheng,2020,Leave_One_experiments\wth_generated_qc\LCA\LCA2020.WTH,normal_year;nitrogen_stress_year;low_response_year,normal,LCA2020_normal_grid_S0010,low_input_within_10pct_yield,2020-06-16,168,3,3,"{""sim_day"": 3.0, ""doy"": 168.0, ""topwt"": 0.0, ""grnwt"": 0.0, ""xlai"": 0.0, ""totir"": 0.0, ""tofer"": NaN, ""swfac"": 0.0, ""nstres"": 0.0}",0.0,0.0,0.0,0.0,0.0,0.0,,0.0,0.0,0.0,150.0,35.7673828125,35.7673828125,Leave_One_experiments/all_year_offline_schedule_search/daily_outputs/LCA/LCA_2020_LCA2020_normal_grid_S0010_daily.csv
LCA,LCA,Luancheng,2020,Leave_One_experiments\wth_generated_qc\LCA\LCA2020.WTH,normal_year;nitrogen_stress_year;low_response_year,normal,LCA2020_normal_grid_S0010,low_input_within_10pct_yield,2020-06-17,169,4,4,"{""sim_day"": 4.0, ""doy"": 169.0, ""topwt"": 0.0, ""grnwt"": 0.0, ""xlai"": 0.0, ""totir"": 0.0, ""tofer"": NaN, ""swfac"": 0.0, ""nstres"": 0.0}",0.0,0.0,0.0,0.0,0.0,0.0,,0.0,0.0,0.0,150.0,35.7673828125,35.7673828125,Leave_One_experiments/all_year_offline_schedule_search/daily_outputs/LCA/LCA_2020_LCA2020_normal_grid_S0010_daily.csv
LCA,LCA,Luancheng,2020,Leave_One_experiments\wth_generated_qc\LCA\LCA2020.WTH,normal_year;nitrogen_stress_year;low_response_year,normal,LCA2020_normal_grid_S0010,low_input_within_10pct_yield,2020-06-18,170,5,5,"{""sim_day"": 5.0, ""doy"": 170.0, ""topwt"": 0.0, ""grnwt"": 0.0, ""xlai"": 0.0, ""totir"": 0.0, ""tofer"": NaN, ""swfac"": 0.0, ""nstres"": 0.0}",0.0,0.0,0.0,0.0,0.0,0.0,,0.0,0.0,0.0,150.0,35.7673828125,35.7673828125,Leave_One_experiments/all_year_offline_schedule_search/daily_outputs/LCA/LCA_2020_LCA2020_normal_grid_S0010_daily.csv
LCA,LCA,Luancheng,2020,Leave_One_experiments\wth_generated_qc\LCA\LCA2020.WTH,normal_year;nitrogen_stress_year;low_response_year,normal,LCA2020_normal_grid_S0010,low_input_within_10pct_yield,2020-06-14,166,6,1,"{""sim_day"": 6.0, ""doy"": 166.0, ""topwt"": 0.0, ""grnwt"": 0.0, ""xlai"": 0.0, ""totir"": 0.0, ""tofer"": NaN, ""swfac"": 0.0, ""nstres"": 0.0}",0.0,0.0,0.0,0.0,0.0,0.0,,0.0,0.0,0.0,150.0,35.7673828125,35.7673828125,Leave_One_experiments/all_year_offline_schedule_search/daily_outputs/LCA/LCA_2020_LCA2020_normal_grid_S0010_daily.csv
LCA,LCA,Luancheng,2020,Leave_One_experiments\wth_generated_qc\LCA\LCA2020.WTH,normal_year;nitrogen_stress_year;low_response_year,normal,LCA2020_normal_grid_S0010,low_input_within_10pct_yield,2020-06-15,167,7,2,"{""sim_day"": 7.0, ""doy"": 167.0, ""topwt"": 0.0, ""grnwt"": 0.0, ""xlai"": 0.0, ""totir"": 0.0, ""tofer"": NaN, ""swfac"": 0.0, ""nstres"": 0.0}",0.0,0.0,0.0,0.0,0.0,0.0,,0.0,0.0,0.0,150.0,35.7673828125,35.7673828125,Leave_One_experiments/all_year_offline_schedule_search/daily_outputs/LCA/LCA_2020_LCA2020_normal_grid_S0010_daily.csv
LCA,LCA,Luancheng,2020,Leave_One_experiments\wth_generated_qc\LCA\LCA2020.WTH,normal_year;nitrogen_stress_year;low_response_year,normal,LCA2020_normal_grid_S0010,low_input_within_10pct_yield,2020-06-16,168,8,3,"{""sim_day"": 8.0, ""doy"": 168.0, ""topwt"": 0.0, ""grnwt"": 0.0, ""xlai"": 0.0, ""totir"": 0.0, ""tofer"": NaN, ""swfac"": 0.0, ""nstres"": 0.0}",0.0,0.0,0.0,0.0,0.0,0.0,,0.0,0.0,0.0,150.0,35.7673828125,35.7673828125,Leave_One_experiments/all_year_offline_schedule_search/daily_outputs/LCA/LCA_2020_LCA2020_normal_grid_S0010_daily.csv
LCA,LCA,Luancheng,2020,Leave_One_experiments\wth_generated_qc\LCA\LCA2020.WTH,normal_year;nitrogen_stress_year;low_response_year,normal,LCA2020_normal_grid_S0010,low_input_within_10pct_yield,2020-06-17,169,9,4,"{""sim_day"": 9.0, ""doy"": 169.0, ""topwt"": 0.0, ""grnwt"": 0.0, ""xlai"": 0.0, ""totir"": 0.0, ""tofer"": NaN, ""swfac"": 0.0, ""nstres"": 0.0}",0.0,0.0,0.0,0.0,0.0,0.0,,0.0,0.0,0.0,150.0,35.7673828125,35.7673828125,Leave_One_experiments/all_year_offline_schedule_search/daily_outputs/LCA/LCA_2020_LCA2020_normal_grid_S0010_daily.csv
LCA,LCA,Luancheng,2020,Leave_One_experiments\wth_generated_qc\LCA\LCA2020.WTH,normal_year;nitrogen_stress_year;low_response_year,normal,LCA2020_normal_grid_S0010,low_input_within_10pct_yield,2020-06-18,170,10,5,"{""sim_day"": 10.0, ""doy"": 170.0, ""topwt"": 0.0, ""grnwt"": 0.0, ""xlai"": 0.0, ""totir"": 0.0, ""tofer"": NaN, ""swfac"": 0.0, ""nstres"": 0.0}",0.0,0.0,0.0,0.0,0.0,0.0,,0.0,0.0,0.0,150.0,35.7673828125,35.7673828125,Leave_One_experiments/all_year_offline_schedule_search/daily_outputs/LCA/LCA_2020_LCA2020_normal_grid_S0010_daily.csv
LCA,LCA,Luancheng,2020,Leave_One_experiments\wth_generated_qc\LCA\LCA2020.WTH,normal_year;nitrogen_stress_year;low_response_year,normal,LCA2020_normal_grid_S0010,low_input_within_10pct_yield,2020-06-19,171,11,6,"{""sim_day"": 11.0, ""doy"": 171.0, ""topwt"": 23.600001335144043, ""grnwt"": 0.0, ""xlai"": 0.0053583150729537, ""totir"": 0.0, ""tofer"": NaN, ""swfac"": 0.0, ""nstres"": 0.0121910572052001}",0.0,0.0121910572052001,23.600001335144043,0.0,0.0053583150729537,0.0,,0.0,0.0,0.0,150.0,35.7673828125,35.7673828125,Leave_One_experiments/all_year_offline_schedule_search/daily_outputs/LCA/LCA_2020_LCA2020_normal_grid_S0010_daily.csv
LCA,LCA,Luancheng,2020,Leave_One_experiments\wth_generated_qc\LCA\LCA2020.WTH,normal_year;nitrogen_stress_year;low_response_year,normal,LCA2020_normal_grid_S0010,low_input_within_10pct_yield,2020-06-20,172,12,7,"{""sim_day"": 12.0, ""doy"": 172.0, ""topwt"": 23.600001335144043, ""grnwt"": 0.0, ""xlai"": 0.0117774764075875, ""totir"": 0.0, ""tofer"": NaN, ""swfac"": 0.0, ""nstres"": 0.0034008026123046}",0.0,0.0034008026123046,23.600001335144043,0.0,0.0117774764075875,0.0,,0.0,0.0,0.0,150.0,35.7673828125,35.7673828125,Leave_One_experiments/all_year_offline_schedule_search/daily_outputs/LCA/LCA_2020_LCA2020_normal_grid_S0010_daily.csv
LCA,LCA,Luancheng,2020,Leave_One_experiments\wth_generated_qc\LCA\LCA2020.WTH,normal_year;nitrogen_stress_year;low_response_year,normal,LCA2020_normal_grid_S0010,low_input_within_10pct_yield,2020-06-21,173,13,8,"{""sim_day"": 13.0, ""doy"": 173.0, ""topwt"": 23.600001335144043, ""grnwt"": 0.0, ""xlai"": 0.0188165474683046, ""totir"": 0.0, ""tofer"": NaN, ""swfac"": 0.0, ""nstres"": 0.0}",0.0,0.0,23.600001335144043,0.0,0.0188165474683046,0.0,,0.0,0.0,0.0,150.0,35.7673828125,35.7673828125,Leave_One_experiments/all_year_offline_schedule_search/daily_outputs/LCA/LCA_2020_LCA2020_normal_grid_S0010_daily.csv
LCA,LCA,Luancheng,2020,Leave_One_experiments\wth_generated_qc\LCA\LCA2020.WTH,normal_year;nitrogen_stress_year;low_response_year,normal,LCA2020_normal_grid_S0010,low_input_within_10pct_yield,2020-06-22,174,14,9,"{""sim_day"": 14.0, ""doy"": 174.0, ""topwt"": 24.860880374908447, ""grnwt"": 0.0, ""xlai"": 0.0439563281834125, ""totir"": 0.0, ""tofer"": NaN, ""swfac"": 0.0, ""nstres"": 0.0}",0.0,0.0,24.860880374908447,0.0,0.0439563281834125,0.0,,0.0,0.0,0.0,150.0,35.7673828125,35.7673828125,Leave_One_experiments/all_year_offline_schedule_search/daily_outputs/LCA/LCA_2020_LCA2020_normal_grid_S0010_daily.csv
LCA,LCA,Luancheng,2020,Leave_One_experiments\wth_generated_qc\LCA\LCA2020.WTH,normal_year;nitrogen_stress_year;low_response_year,normal,LCA2020_normal_grid_S0010,low_input_within_10pct_yield,2020-06-23,175,15,10,"{""sim_day"": 15.0, ""doy"": 175.0, ""topwt"": 37.79575109481812, ""grnwt"": 0.0, ""xlai"": 0.0761047899723053, ""totir"": 0.0, ""tofer"": NaN, ""swfac"": 0.0, ""nstres"": 0.0}",0.0,0.0,37.79575109481812,0.0,0.0761047899723053,0.0,,0.0,0.0,0.0,150.0,35.7673828125,35.7673828125,Leave_One_experiments/all_year_offline_schedule_search/daily_outputs/LCA/LCA_2020_LCA2020_normal_grid_S0010_daily.csv
LCA,LCA,Luancheng,2020,Leave_One_experiments\wth_generated_qc\LCA\LCA2020.WTH,normal_year;nitrogen_stress_year;low_response_year,normal,LCA2020_normal_grid_S0010,low_input_within_10pct_yield,2020-06-24,176,16,11,"{""sim_day"": 16.0, ""doy"": 176.0, ""topwt"": 53.13112735748291, ""grnwt"": 0.0, ""xlai"": 0.1101099103689193, ""totir"": 0.0, ""tofer"": NaN, ""swfac"": 0.0, ""nstres"": 0.0}",0.0,0.0,53.13112735748291,0.0,0.1101099103689193,0.0,,0.0,0.0,0.0,150.0,35.7673828125,35.7673828125,Leave_One_experiments/all_year_offline_schedule_search/daily_outputs/LCA/LCA_2020_LCA2020_normal_grid_S0010_daily.csv
LCA,LCA,Luancheng,2020,Leave_One_experiments\wth_generated_qc\LCA\LCA2020.WTH,normal_year;nitrogen_stress_year;low_response_year,normal,LCA2020_normal_grid_S0010,low_input_within_10pct_yield,2020-06-25,177,17,12,"{""sim_day"": 17.0, ""doy"": 177.0, ""topwt"": 71.39205932617188, ""grnwt"": 0.0, ""xlai"": 0.1473291516304016, ""totir"": 0.0, ""tofer"": NaN, ""swfac"": 0.0, ""nstres"": 0.0}",0.0,0.0,71.39205932617188,0.0,0.1473291516304016,0.0,,0.0,0.0,0.0,150.0,35.7673828125,35.7673828125,Leave_One_experiments/all_year_offline_schedule_search/daily_outputs/LCA/LCA_2020_LCA2020_normal_grid_S0010_daily.csv
LCA,LCA,Luancheng,2020,Leave_One_experiments\wth_generated_qc\LCA\LCA2020.WTH,normal_year;nitrogen_stress_year;low_response_year,normal,LCA2020_normal_grid_S0010,low_input_within_10pct_yield,2020-06-26,178,18,13,"{""sim_day"": 18.0, ""doy"": 178.0, ""topwt"": 99.054536819458, ""grnwt"": 0.0, ""xlai"": 0.1995099335908889, ""totir"": 0.0, ""tofer"": NaN, ""swfac"": 0.0, ""nstres"": 0.0}",0.0,0.0,99.054536819458,0.0,0.1995099335908889,0.0,,0.0,0.0,0.0,150.0,35.7673828125,35.7673828125,Leave_One_experiments/all_year_offline_schedule_search/daily_outputs/LCA/LCA_2020_LCA2020_normal_grid_S0010_daily.csv
LCA,LCA,Luancheng,2020,Leave_One_experiments\wth_generated_qc\LCA\LCA2020.WTH,normal_year;nitrogen_stress_year;low_response_year,normal,LCA2020_normal_grid_S0010,low_input_within_10pct_yield,2020-06-27,179,19,14,"{""sim_day"": 19.0, ""doy"": 179.0, ""topwt"": 124.99719619750977, ""grnwt"": 0.0, ""xlai"": 0.262063205242157, ""totir"": 0.0, ""tofer"": NaN, ""swfac"": 0.0, ""nstres"": 0.0}",0.0,0.0,124.99719619750977,0.0,0.262063205242157,0.0,,0.0,0.0,0.0,150.0,35.7673828125,35.7673828125,Leave_One_experiments/all_year_offline_schedule_search/daily_outputs/LCA/LCA_2020_LCA2020_normal_grid_S0010_daily.csv
LCA,LCA,Luancheng,2020,Leave_One_experiments\wth_generated_qc\LCA\LCA2020.WTH,normal_year;nitrogen_stress_year;low_response_year,normal,LCA2020_normal_grid_S0010,low_input_within_10pct_yield,2020-06-28,180,20,15,"{""sim_day"": 20.0, ""doy"": 180.0, ""topwt"": 161.95301055908203, ""grnwt"": 0.0, ""xlai"": 0.3280035555362701, ""totir"": 0.0, ""tofer"": NaN, ""swfac"": 0.0, ""nstres"": 0.0}",0.0,0.0,161.95301055908203,0.0,0.3280035555362701,0.0,,0.0,0.0,0.0,150.0,35.7673828125,35.7673828125,Leave_One_experiments/all_year_offline_schedule_search/daily_outputs/LCA/LCA_2020_LCA2020_normal_grid_S0010_daily.csv
LCA,LCA,Luancheng,2020,Leave_One_experiments\wth_generated_qc\LCA\LCA2020.WTH,normal_year;nitrogen_stress_year;low_response_year,normal,LCA2020_normal_grid_S0010,low_input_within_10pct_yield,2020-06-29,181,21,16,"{""sim_day"": 21.0, ""doy"": 181.0, ""topwt"": 206.3205337524414, ""grnwt"": 0.0, ""xlai"": 0.4028259813785553, ""totir"": 0.0, ""tofer"": NaN, ""swfac"": 0.0, ""nstres"": 0.0071236491203308}",0.0,0.0071236491203308,206.3205337524414,0.0,0.4028259813785553,0.0,,0.0,0.0,0.0,150.0,35.7673828125,35.7673828125,Leave_One_experiments/all_year_offline_schedule_search/daily_outputs/LCA/LCA_2020_LCA2020_normal_grid_S0010_daily.csv
LCA,LCA,Luancheng,2020,Leave_One_experiments\wth_generated_qc\LCA\LCA2020.WTH,normal_year;nitrogen_stress_year;low_response_year,normal,LCA2020_normal_grid_S0010,low_input_within_10pct_yield,2020-06-30,182,22,17,"{""sim_day"": 22.0, ""doy"": 182.0, ""topwt"": 268.57561111450195, ""grnwt"": 0.0, ""xlai"": 0.502075731754303, ""totir"": 0.0, ""tofer"": NaN, ""swfac"": 0.0, ""nstres"": 0.0}",0.0,0.0,268.57561111450195,0.0,0.502075731754303,0.0,,0.0,0.0,0.0,150.0,35.7673828125,35.7673828125,Leave_One_experiments/all_year_offline_schedule_search/daily_outputs/LCA/LCA_2020_LCA2020_normal_grid_S0010_daily.csv
LCA,LCA,Luancheng,2020,Leave_One_experiments\wth_generated_qc\LCA\LCA2020.WTH,normal_year;nitrogen_stress_year;low_response_year,normal,LCA2020_normal_grid_S0010,low_input_within_10pct_yield,2020-07-01,183,23,18,"{""sim_day"": 23.0, ""doy"": 183.0, ""topwt"": 319.18121337890625, ""grnwt"": 0.0, ""xlai"": 0.5788179636001587, ""totir"": 0.0, ""tofer"": NaN, ""swfac"": 0.0, ""nstres"": 0.0}",0.0,0.0,319.18121337890625,0.0,0.5788179636001587,0.0,,0.0,0.0,0.0,150.0,35.7673828125,35.7673828125,Leave_One_experiments/all_year_offline_schedule_search/daily_outputs/LCA/LCA_2020_LCA2020_normal_grid_S0010_daily.csv
LCA,LCA,Luancheng,2020,Leave_One_experiments\wth_generated_qc\LCA\LCA2020.WTH,normal_year;nitrogen_stress_year;low_response_year,normal,LCA2020_normal_grid_S0010,low_input_within_10pct_yield,2020-07-02,184,24,19,"{""sim_day"": 24.0, ""doy"": 184.0, ""topwt"": 381.7073059082031, ""grnwt"": 0.0, ""xlai"": 0.6702218651771545, ""totir"": 0.0, ""tofer"": NaN, ""swfac"": 0.0, ""nstres"": 0.0}",0.0,0.0,381.7073059082031,0.0,0.6702218651771545,0.0,,0.0,0.0,0.0,150.0,35.7673828125,35.7673828125,Leave_One_experiments/all_year_offline_schedule_search/daily_outputs/LCA/LCA_2020_LCA2020_normal_grid_S0010_daily.csv
LCA,LCA,Luancheng,2020,Leave_One_experiments\wth_generated_qc\LCA\LCA2020.WTH,normal_year;nitrogen_stress_year;low_response_year,normal,LCA2020_normal_grid_S0010,low_input_within_10pct_yield,2020-07-03,185,25,20,"{""sim_day"": 25.0, ""doy"": 185.0, ""topwt"": 465.7897186279297, ""grnwt"": 0.0, ""xlai"": 0.7882079482078552, ""totir"": 0.0, ""tofer"": NaN, ""swfac"": 0.0, ""nstres"": 0.0}",0.0,0.0,465.7897186279297,0.0,0.7882079482078552,0.0,,0.0,0.0,0.0,150.0,35.7673828125,35.7673828125,Leave_One_experiments/all_year_offline_schedule_search/daily_outputs/LCA/LCA_2020_LCA2020_normal_grid_S0010_daily.csv
LCA,LCA,Luancheng,2020,Leave_One_experiments\wth_generated_qc\LCA\LCA2020.WTH,normal_year;nitrogen_stress_year;low_response_year,normal,LCA2020_normal_grid_S0010,low_input_within_10pct_yield,2020-07-04,186,26,21,"{""sim_day"": 26.0, ""doy"": 186.0, ""topwt"": 584.6760559082031, ""grnwt"": 0.0, ""xlai"": 0.9465948939323424, ""totir"": 0.0, ""tofer"": NaN, ""swfac"": 0.0, ""nstres"": 0.0}",0.0,0.0,584.6760559082031,0.0,0.9465948939323424,0.0,,0.0,0.0,0.0,150.0,35.7673828125,35.7673828125,Leave_One_experiments/all_year_offline_schedule_search/daily_outputs/LCA/LCA_2020_LCA2020_normal_grid_S0010_daily.csv
LCA,LCA,Luancheng,2020,Leave_One_experiments\wth_generated_qc\LCA\LCA2020.WTH,normal_year;nitrogen_stress_year;low_response_year,normal,LCA2020_normal_grid_S0010,low_input_within_10pct_yield,2020-07-05,187,27,22,"{""sim_day"": 27.0, ""doy"": 187.0, ""topwt"": 710.1585388183594, ""grnwt"": 0.0, ""xlai"": 1.1091723442077637, ""totir"": 0.0, ""tofer"": NaN, ""swfac"": 0.0, ""nstres"": 0.0}",0.0,0.0,710.1585388183594,0.0,1.1091723442077637,0.0,,0.0,0.0,0.0,150.0,35.7673828125,35.7673828125,Leave_One_experiments/all_year_offline_schedule_search/daily_outputs/LCA/LCA_2020_LCA2020_normal_grid_S0010_daily.csv
LCA,LCA,Luancheng,2020,Leave_One_experiments\wth_generated_qc\LCA\LCA2020.WTH,normal_year;nitrogen_stress_year;low_response_year,normal,LCA2020_normal_grid_S0010,low_input_within_10pct_yield,2020-07-06,188,28,23,"{""sim_day"": 28.0, ""doy"": 188.0, ""topwt"": 879.9594879150391, ""grnwt"": 0.0, ""xlai"": 1.3140040636062622, ""totir"": 0.0, ""tofer"": NaN, ""swfac"": 0.0, ""nstres"": 0.0}",0.0,0.0,879.9594879150391,0.0,1.3140040636062622,0.0,,0.0,0.0,0.0,150.0,35.7673828125,35.7673828125,Leave_One_experiments/all_year_offline_schedule_search/daily_outputs/LCA/LCA_2020_LCA2020_normal_grid_S0010_daily.csv
LCA,LCA,Luancheng,2020,Leave_One_experiments\wth_generated_qc\LCA\LCA2020.WTH,normal_year;nitrogen_stress_year;low_response_year,normal,LCA2020_normal_grid_S0010,low_input_within_10pct_yield,2020-07-07,189,29,24,"{""sim_day"": 29.0, ""doy"": 189.0, ""topwt"": 1054.3728637695312, ""grnwt"": 0.0, ""xlai"": 1.508500337600708, ""totir"": 0.0, ""tofer"": NaN, ""swfac"": 0.0, ""nstres"": 0.0}",0.0,0.0,1054.3728637695312,0.0,1.508500337600708,0.0,,0.0,0.0,0.0,150.0,35.7673828125,35.7673828125,Leave_One_experiments/all_year_offline_schedule_search/daily_outputs/LCA/LCA_2020_LCA2020_normal_grid_S0010_daily.csv
LCA,LCA,Luancheng,2020,Leave_One_experiments\wth_generated_qc\LCA\LCA2020.WTH,normal_year;nitrogen_stress_year;low_response_year,normal,LCA2020_normal_grid_S0010,low_input_within_10pct_yield,2020-07-08,190,30,25,"{""sim_day"": 30.0, ""doy"": 190.0, ""topwt"": 1187.9263305664062, ""grnwt"": 0.0, ""xlai"": 1.647284746170044, ""totir"": 0.0, ""tofer"": NaN, ""swfac"": 0.0, ""nstres"": 0.0}",0.0,0.0,1187.9263305664062,0.0,1.647284746170044,0.0,,0.0,0.0,0.0,150.0,35.7673828125,35.7673828125,Leave_One_experiments/all_year_offline_schedule_search/daily_outputs/LCA/LCA_2020_LCA2020_normal_grid_S0010_daily.csv
LCA,LCA,Luancheng,2020,Leave_One_experiments\wth_generated_qc\LCA\LCA2020.WTH,normal_year;nitrogen_stress_year;low_response_year,normal,LCA2020_normal_grid_S0010,low_input_within_10pct_yield,2020-07-09,191,31,26,"{""sim_day"": 31.0, ""doy"": 191.0, ""topwt"": 1302.888641357422, ""grnwt"": 0.0, ""xlai"": 1.759897232055664, ""totir"": 0.0, ""tofer"": NaN, ""swfac"": 0.0, ""nstres"": 0.0}",0.0,0.0,1302.888641357422,0.0,1.759897232055664,0.0,,0.0,0.0,0.0,150.0,35.7673828125,35.7673828125,Leave_One_experiments/all_year_offline_schedule_search/daily_outputs/LCA/LCA_2020_LCA2020_normal_grid_S0010_daily.csv
LCA,LCA,Luancheng,2020,Leave_One_experiments\wth_generated_qc\LCA\LCA2020.WTH,normal_year;nitrogen_stress_year;low_response_year,normal,LCA2020_normal_grid_S0010,low_input_within_10pct_yield,2020-07-10,192,32,27,"{""sim_day"": 32.0, ""doy"": 192.0, ""topwt"": 1384.8428344726562, ""grnwt"": 0.0, ""xlai"": 1.835488200187683, ""totir"": 0.0, ""tofer"": NaN, ""swfac"": 0.0, ""nstres"": 0.0}",0.0,0.0,1384.8428344726562,0.0,1.835488200187683,0.0,,0.0,0.0,0.0,150.0,35.7673828125,35.7673828125,Leave_One_experiments/all_year_offline_schedule_search/daily_outputs/LCA/LCA_2020_LCA2020_normal_grid_S0010_daily.csv
LCA,LCA,Luancheng,2020,Leave_One_experiments\wth_generated_qc\LCA\LCA2020.WTH,normal_year;nitrogen_stress_year;low_response_year,normal,LCA2020_normal_grid_S0010,low_input_within_10pct_yield,2020-07-11,193,33,28,"{""sim_day"": 33.0, ""doy"": 193.0, ""topwt"": 1461.5286254882812, ""grnwt"": 0.0, ""xlai"": 1.9022581577301023, ""totir"": 0.0, ""tofer"": NaN, ""swfac"": 0.0, ""nstres"": 0.0}",0.0,0.0,1461.5286254882812,0.0,1.9022581577301023,0.0,,0.0,0.0,0.0,150.0,35.7673828125,35.7673828125,Leave_One_experiments/all_year_offline_schedule_search/daily_outputs/LCA/LCA_2020_LCA2020_normal_grid_S0010_daily.csv
LCA,LCA,Luancheng,2020,Leave_One_experiments\wth_generated_qc\LCA\LCA2020.WTH,normal_year;nitrogen_stress_year;low_response_year,normal,LCA2020_normal_grid_S0010,low_input_within_10pct_yield,2020-07-12,194,34,29,"{""sim_day"": 34.0, ""doy"": 194.0, ""topwt"": 1671.5692138671875, ""grnwt"": 0.0, ""xlai"": 2.072340250015259, ""totir"": 0.0, ""tofer"": NaN, ""swfac"": 0.0, ""nstres"": 0.0}",0.0,0.0,1671.5692138671875,0.0,2.072340250015259,0.0,,0.0,0.0,0.0,150.0,35.7673828125,35.7673828125,Leave_One_experiments/all_year_offline_schedule_search/daily_outputs/LCA/LCA_2020_LCA2020_normal_grid_S0010_daily.csv
LCA,LCA,Luancheng,2020,Leave_One_experiments\wth_generated_qc\LCA\LCA2020.WTH,normal_year;nitrogen_stress_year;low_response_year,normal,LCA2020_normal_grid_S0010,low_input_within_10pct_yield,2020-07-13,195,35,30,"{""sim_day"": 35.0, ""doy"": 195.0, ""topwt"": 1935.9378051757808, ""grnwt"": 0.0, ""xlai"": 2.267629384994507, ""totir"": 0.0, ""tofer"": NaN, ""swfac"": 0.0, ""nstres"": 0.0}",0.0,0.0,1935.9378051757808,0.0,2.267629384994507,0.0,,0.0,50.0,0.0,150.0,35.7673828125,35.7673828125,Leave_One_experiments/all_year_offline_schedule_search/daily_outputs/LCA/LCA_2020_LCA2020_normal_grid_S0010_daily.csv
LCA,LCA,Luancheng,2020,Leave_One_experiments\wth_generated_qc\LCA\LCA2020.WTH,normal_year;nitrogen_stress_year;low_response_year,normal,LCA2020_normal_grid_S0010,low_input_within_10pct_yield,2020-07-14,196,36,31,"{""sim_day"": 36.0, ""doy"": 196.0, ""topwt"": 2217.9286193847656, ""grnwt"": 0.0, ""xlai"": 2.457659244537353, ""totir"": 0.0, ""tofer"": NaN, ""swfac"": 0.0, ""nstres"": 0.0}",0.0,0.0,2217.9286193847656,0.0,2.457659244537353,0.0,,0.0,0.0,0.0,150.0,35.7673828125,35.7673828125,Leave_One_experiments/all_year_offline_schedule_search/daily_outputs/LCA/LCA_2020_LCA2020_normal_grid_S0010_daily.csv
LCA,LCA,Luancheng,2020,Leave_One_experiments\wth_generated_qc\LCA\LCA2020.WTH,normal_year;nitrogen_stress_year;low_response_year,normal,LCA2020_normal_grid_S0010,low_input_within_10pct_yield,2020-07-15,197,37,32,"{""sim_day"": 37.0, ""doy"": 197.0, ""topwt"": 2530.634002685547, ""grnwt"": 0.0, ""xlai"": 2.6497790813446045, ""totir"": 0.0, ""tofer"": NaN, ""swfac"": 0.0, ""nstres"": 0.0}",0.0,0.0,2530.634002685547,0.0,2.6497790813446045,0.0,,0.0,0.0,0.0,150.0,35.7673828125,35.7673828125,Leave_One_experiments/all_year_offline_schedule_search/daily_outputs/LCA/LCA_2020_LCA2020_normal_grid_S0010_daily.csv
LCA,LCA,Luancheng,2020,Leave_One_experiments\wth_generated_qc\LCA\LCA2020.WTH,normal_year;nitrogen_stress_year;low_response_year,normal,LCA2020_normal_grid_S0010,low_input_within_10pct_yield,2020-07-16,198,38,33,"{""sim_day"": 38.0, ""doy"": 198.0, ""topwt"": 2820.722045898437, ""grnwt"": 0.0, ""xlai"": 2.812175750732422, ""totir"": 0.0, ""tofer"": NaN, ""swfac"": 0.0, ""nstres"": 0.0}",0.0,0.0,2820.722045898437,0.0,2.812175750732422,0.0,,0.0,0.0,0.0,150.0,35.7673828125,35.7673828125,Leave_One_experiments/all_year_offline_schedule_search/daily_outputs/LCA/LCA_2020_LCA2020_normal_grid_S0010_daily.csv
LCA,LCA,Luancheng,2020,Leave_One_experiments\wth_generated_qc\LCA\LCA2020.WTH,normal_year;nitrogen_stress_year;low_response_year,normal,LCA2020_normal_grid_S0010,low_input_within_10pct_yield,2020-07-17,199,39,34,"{""sim_day"": 39.0, ""doy"": 199.0, ""topwt"": 3018.3453369140625, ""grnwt"": 0.0, ""xlai"": 2.9143218994140625, ""totir"": 0.0, ""tofer"": NaN, ""swfac"": 0.0, ""nstres"": 0.0}",0.0,0.0,3018.3453369140625,0.0,2.9143218994140625,0.0,,0.0,0.0,0.0,150.0,35.7673828125,35.7673828125,Leave_One_experiments/all_year_offline_schedule_search/daily_outputs/LCA/LCA_2020_LCA2020_normal_grid_S0010_daily.csv
LCA,LCA,Luancheng,2020,Leave_One_experiments\wth_generated_qc\LCA\LCA2020.WTH,normal_year;nitrogen_stress_year;low_response_year,normal,LCA2020_normal_grid_S0010,low_input_within_10pct_yield,2020-07-18,200,40,35,"{""sim_day"": 40.0, ""doy"": 200.0, ""topwt"": 3383.125915527344, ""grnwt"": 0.0, ""xlai"": 3.087945938110352, ""totir"": 0.0, ""tofer"": NaN, ""swfac"": 0.0, ""nstres"": 0.0}",0.0,0.0,3383.125915527344,0.0,3.087945938110352,0.0,,0.0,0.0,0.0,150.0,35.7673828125,35.7673828125,Leave_One_experiments/all_year_offline_schedule_search/daily_outputs/LCA/LCA_2020_LCA2020_normal_grid_S0010_daily.csv
LCA,LCA,Luancheng,2020,Leave_One_experiments\wth_generated_qc\LCA\LCA2020.WTH,normal_year;nitrogen_stress_year;low_response_year,normal,LCA2020_normal_grid_S0010,low_input_within_10pct_yield,2020-07-19,201,41,36,"{""sim_day"": 41.0, ""doy"": 201.0, ""topwt"": 3822.021789550781, ""grnwt"": 0.0, ""xlai"": 3.279170513153076, ""totir"": 0.0, ""tofer"": NaN, ""swfac"": 0.0, ""nstres"": 0.0}",0.0,0.0,3822.021789550781,0.0,3.279170513153076,0.0,,0.0,0.0,0.0,150.0,35.7673828125,35.7673828125,Leave_One_experiments/all_year_offline_schedule_search/daily_outputs/LCA/LCA_2020_LCA2020_normal_grid_S0010_daily.csv
LCA,LCA,Luancheng,2020,Leave_One_experiments\wth_generated_qc\LCA\LCA2020.WTH,normal_year;nitrogen_stress_year;low_response_year,normal,LCA2020_normal_grid_S0010,low_input_within_10pct_yield,2020-07-20,202,42,37,"{""sim_day"": 42.0, ""doy"": 202.0, ""topwt"": 4158.979797363281, ""grnwt"": 0.0, ""xlai"": 3.505509614944458, ""totir"": 0.0, ""tofer"": NaN, ""swfac"": 0.0, ""nstres"": 0.0}",0.0,0.0,4158.979797363281,0.0,3.505509614944458,0.0,,0.0,0.0,0.0,150.0,35.7673828125,35.7673828125,Leave_One_experiments/all_year_offline_schedule_search/daily_outputs/LCA/LCA_2020_LCA2020_normal_grid_S0010_daily.csv
LCA,LCA,Luancheng,2020,Leave_One_experiments\wth_generated_qc\LCA\LCA2020.WTH,normal_year;nitrogen_stress_year;low_response_year,normal,LCA2020_normal_grid_S0010,low_input_within_10pct_yield,2020-07-21,203,43,38,"{""sim_day"": 43.0, ""doy"": 203.0, ""topwt"": 4384.442138671875, ""grnwt"": 0.0, ""xlai"": 3.588618278503418, ""totir"": 0.0, ""tofer"": NaN, ""swfac"": 0.0, ""nstres"": 0.0388044118881225}",0.0,0.0388044118881225,4384.442138671875,0.0,3.588618278503418,0.0,,0.0,0.0,0.0,150.0,35.7673828125,35.7673828125,Leave_One_experiments/all_year_offline_schedule_search/daily_outputs/LCA/LCA_2020_LCA2020_normal_grid_S0010_daily.csv
LCA,LCA,Luancheng,2020,Leave_One_experiments\wth_generated_qc\LCA\LCA2020.WTH,normal_year;nitrogen_stress_year;low_response_year,normal,LCA2020_normal_grid_S0010,low_input_within_10pct_yield,2020-07-22,204,44,39,"{""sim_day"": 44.0, ""doy"": 204.0, ""topwt"": 4779.901123046875, ""grnwt"": 0.0, ""xlai"": 3.705007791519165, ""totir"": 0.0, ""tofer"": NaN, ""swfac"": 0.0, ""nstres"": 0.0638478398323059}",0.0,0.0638478398323059,4779.901123046875,0.0,3.705007791519165,0.0,,0.0,0.0,0.0,150.0,35.7673828125,35.7673828125,Leave_One_experiments/all_year_offline_schedule_search/daily_outputs/LCA/LCA_2020_LCA2020_normal_grid_S0010_daily.csv
LCA,LCA,Luancheng,2020,Leave_One_experiments\wth_generated_qc\LCA\LCA2020.WTH,normal_year;nitrogen_stress_year;low_response_year,normal,LCA2020_normal_grid_S0010,low_input_within_10pct_yield,2020-07-23,205,45,40,"{""sim_day"": 45.0, ""doy"": 205.0, ""topwt"": 5148.096923828125, ""grnwt"": 0.0, ""xlai"": 3.7892425060272217, ""totir"": 0.0, ""tofer"": NaN, ""swfac"": 0.0, ""nstres"": 0.0740023851394653}",0.0,0.0740023851394653,5148.096923828125,0.0,3.7892425060272217,0.0,,0.0,0.0,0.0,150.0,35.7673828125,35.7673828125,Leave_One_experiments/all_year_offline_schedule_search/daily_outputs/LCA/LCA_2020_LCA2020_normal_grid_S0010_daily.csv
LCA,LCA,Luancheng,2020,Leave_One_experiments\wth_generated_qc\LCA\LCA2020.WTH,normal_year;nitrogen_stress_year;low_response_year,normal,LCA2020_normal_grid_S0010,low_input_within_10pct_yield,2020-07-24,206,46,41,"{""sim_day"": 46.0, ""doy"": 206.0, ""topwt"": 5277.371826171875, ""grnwt"": 0.0, ""xlai"": 3.780961275100708, ""totir"": 0.0, ""tofer"": NaN, ""swfac"": 0.0, ""nstres"": 0.0968090295791626}",0.0,0.0968090295791626,5277.371826171875,0.0,3.780961275100708,0.0,,0.0,0.0,0.0,150.0,35.7673828125,35.7673828125,Leave_One_experiments/all_year_offline_schedule_search/daily_outputs/LCA/LCA_2020_LCA2020_normal_grid_S0010_daily.csv
LCA,LCA,Luancheng,2020,Leave_One_experiments\wth_generated_qc\LCA\LCA2020.WTH,normal_year;nitrogen_stress_year;low_response_year,normal,LCA2020_normal_grid_S0010,low_input_within_10pct_yield,2020-07-25,207,47,42,"{""sim_day"": 47.0, ""doy"": 207.0, ""topwt"": 5489.00390625, ""grnwt"": 0.0, ""xlai"": 3.7853927612304688, ""totir"": 0.0, ""tofer"": NaN, ""swfac"": 0.0, ""nstres"": 0.1119388341903686}",0.0,0.1119388341903686,5489.00390625,0.0,3.7853927612304688,0.0,,0.0,0.0,0.0,150.0,35.7673828125,35.7673828125,Leave_One_experiments/all_year_offline_schedule_search/daily_outputs/LCA/LCA_2020_LCA2020_normal_grid_S0010_daily.csv
LCA,LCA,Luancheng,2020,Leave_One_experiments\wth_generated_qc\LCA\LCA2020.WTH,normal_year;nitrogen_stress_year;low_response_year,normal,LCA2020_normal_grid_S0010,low_input_within_10pct_yield,2020-07-26,208,48,43,"{""sim_day"": 48.0, ""doy"": 208.0, ""topwt"": 5616.151123046875, ""grnwt"": 0.0, ""xlai"": 3.7650299072265625, ""totir"": 0.0, ""tofer"": NaN, ""swfac"": 0.0, ""nstres"": 0.111314058303833}",0.0,0.111314058303833,5616.151123046875,0.0,3.7650299072265625,0.0,,0.0,0.0,0.0,150.0,35.7673828125,35.7673828125,Leave_One_experiments/all_year_offline_schedule_search/daily_outputs/LCA/LCA_2020_LCA2020_normal_grid_S0010_daily.csv
LCA,LCA,Luancheng,2020,Leave_One_experiments\wth_generated_qc\LCA\LCA2020.WTH,normal_year;nitrogen_stress_year;low_response_year,normal,LCA2020_normal_grid_S0010,low_input_within_10pct_yield,2020-07-27,209,49,44,"{""sim_day"": 49.0, ""doy"": 209.0, ""topwt"": 5888.6474609375, ""grnwt"": 0.0, ""xlai"": 3.7759041786193848, ""totir"": 0.0, ""tofer"": NaN, ""swfac"": 0.0, ""nstres"": 0.1166748404502868}",0.0,0.1166748404502868,5888.6474609375,0.0,3.7759041786193848,0.0,,0.0,0.0,0.0,150.0,35.7673828125,35.7673828125,Leave_One_experiments/all_year_offline_schedule_search/daily_outputs/LCA/LCA_2020_LCA2020_normal_grid_S0010_daily.csv
LCA,LCA,Luancheng,2020,Leave_One_experiments\wth_generated_qc\LCA\LCA2020.WTH,normal_year;nitrogen_stress_year;low_response_year,normal,LCA2020_normal_grid_S0010,low_input_within_10pct_yield,2020-07-28,210,50,45,"{""sim_day"": 50.0, ""doy"": 210.0, ""topwt"": 6208.234252929688, ""grnwt"": 0.0, ""xlai"": 3.8127517700195312, ""totir"": 0.0, ""tofer"": NaN, ""swfac"": 0.0, ""nstres"": 0.0859631896018982}",0.0,0.0859631896018982,6208.234252929688,0.0,3.8127517700195312,0.0,,0.0,0.0,0.0,150.0,35.7673828125,35.7673828125,Leave_One_experiments/all_year_offline_schedule_search/daily_outputs/LCA/LCA_2020_LCA2020_normal_grid_S0010_daily.csv
LCA,LCA,Luancheng,2020,Leave_One_experiments\wth_generated_qc\LCA\LCA2020.WTH,normal_year;nitrogen_stress_year;low_response_year,normal,LCA2020_normal_grid_S0010,low_input_within_10pct_yield,2020-07-29,211,51,46,"{""sim_day"": 51.0, ""doy"": 211.0, ""topwt"": 6562.2637939453125, ""grnwt"": 0.0, ""xlai"": 3.8609495162963863, ""totir"": 0.0, ""tofer"": NaN, ""swfac"": 0.0, ""nstres"": 0.07881760597229}",0.0,0.07881760597229,6562.2637939453125,0.0,3.8609495162963863,0.0,,0.0,0.0,0.0,150.0,35.7673828125,35.7673828125,Leave_One_experiments/all_year_offline_schedule_search/daily_outputs/LCA/LCA_2020_LCA2020_normal_grid_S0010_daily.csv
LCA,LCA,Luancheng,2020,Leave_One_experiments\wth_generated_qc\LCA\LCA2020.WTH,normal_year;nitrogen_stress_year;low_response_year,normal,LCA2020_normal_grid_S0010,low_input_within_10pct_yield,2020-07-30,212,52,47,"{""sim_day"": 52.0, ""doy"": 212.0, ""topwt"": 6870.060424804688, ""grnwt"": 0.0, ""xlai"": 3.8962671756744394, ""totir"": 0.0, ""tofer"": NaN, ""swfac"": 0.0, ""nstres"": 0.080981433391571}",0.0,0.080981433391571,6870.060424804688,0.0,3.8962671756744394,0.0,,0.0,0.0,0.0,150.0,35.7673828125,35.7673828125,Leave_One_experiments/all_year_offline_schedule_search/daily_outputs/LCA/LCA_2020_LCA2020_normal_grid_S0010_daily.csv
LCA,LCA,Luancheng,2020,Leave_One_experiments\wth_generated_qc\LCA\LCA2020.WTH,normal_year;nitrogen_stress_year;low_response_year,normal,LCA2020_normal_grid_S0010,low_input_within_10pct_yield,2020-07-31,213,53,48,"{""sim_day"": 53.0, ""doy"": 213.0, ""topwt"": 7135.704345703125, ""grnwt"": 0.0, ""xlai"": 3.855936527252197, ""totir"": 0.0, ""tofer"": NaN, ""swfac"": 0.0, ""nstres"": 0.082809031009674}",0.0,0.082809031009674,7135.704345703125,0.0,3.855936527252197,0.0,,0.0,0.0,0.0,150.0,35.7673828125,35.7673828125,Leave_One_experiments/all_year_offline_schedule_search/daily_outputs/LCA/LCA_2020_LCA2020_normal_grid_S0010_daily.csv
LCA,LCA,Luancheng,2020,Leave_One_experiments\wth_generated_qc\LCA\LCA2020.WTH,normal_year;nitrogen_stress_year;low_response_year,normal,LCA2020_normal_grid_S0010,low_input_within_10pct_yield,2020-08-01,214,54,49,"{""sim_day"": 54.0, ""doy"": 214.0, ""topwt"": 7537.1044921875, ""grnwt"": 0.0, ""xlai"": 3.817089796066284, ""totir"": 0.0, ""tofer"": NaN, ""swfac"": 0.0, ""nstres"": 0.0805963277816772}",0.0,0.0805963277816772,7537.1044921875,0.0,3.817089796066284,0.0,,0.0,0.0,0.0,150.0,35.7673828125,35.7673828125,Leave_One_experiments/all_year_offline_schedule_search/daily_outputs/LCA/LCA_2020_LCA2020_normal_grid_S0010_daily.csv
LCA,LCA,Luancheng,2020,Leave_One_experiments\wth_generated_qc\LCA\LCA2020.WTH,normal_year;nitrogen_stress_year;low_response_year,normal,LCA2020_normal_grid_S0010,low_input_within_10pct_yield,2020-08-02,215,55,50,"{""sim_day"": 55.0, ""doy"": 215.0, ""topwt"": 7820.0634765625, ""grnwt"": 0.0, ""xlai"": 3.783044815063477, ""totir"": 0.0, ""tofer"": NaN, ""swfac"": 0.0, ""nstres"": 0.0713528394699096}",0.0,0.0713528394699096,7820.0634765625,0.0,3.783044815063477,0.0,,0.0,0.0,0.0,150.0,35.7673828125,35.7673828125,Leave_One_experiments/all_year_offline_schedule_search/daily_outputs/LCA/LCA_2020_LCA2020_normal_grid_S0010_daily.csv
LCA,LCA,Luancheng,2020,Leave_One_experiments\wth_generated_qc\LCA\LCA2020.WTH,normal_year;nitrogen_stress_year;low_response_year,normal,LCA2020_normal_grid_S0010,low_input_within_10pct_yield,2020-08-03,216,56,51,"{""sim_day"": 56.0, ""doy"": 216.0, ""topwt"": 8108.73779296875, ""grnwt"": 0.0, ""xlai"": 3.751460075378418, ""totir"": 0.0, ""tofer"": NaN, ""swfac"": 0.0, ""nstres"": 0.0667911767959594}",0.0,0.0667911767959594,8108.73779296875,0.0,3.751460075378418,0.0,,0.0,0.0,0.0,150.0,35.7673828125,35.7673828125,Leave_One_experiments/all_year_offline_schedule_search/daily_outputs/LCA/LCA_2020_LCA2020_normal_grid_S0010_daily.csv
LCA,LCA,Luancheng,2020,Leave_One_experiments\wth_generated_qc\LCA\LCA2020.WTH,normal_year;nitrogen_stress_year;low_response_year,normal,LCA2020_normal_grid_S0010,low_input_within_10pct_yield,2020-08-04,217,57,52,"{""sim_day"": 57.0, ""doy"": 217.0, ""topwt"": 8120.164794921875, ""grnwt"": 0.0, ""xlai"": 3.723800659179688, ""totir"": 0.0, ""tofer"": NaN, ""swfac"": 0.0, ""nstres"": 0.058983564376831}",0.0,0.058983564376831,8120.164794921875,0.0,3.723800659179688,0.0,,0.0,0.0,0.0,150.0,35.7673828125,35.7673828125,Leave_One_experiments/all_year_offline_schedule_search/daily_outputs/LCA/LCA_2020_LCA2020_normal_grid_S0010_daily.csv
LCA,LCA,Luancheng,2020,Leave_One_experiments\wth_generated_qc\LCA\LCA2020.WTH,normal_year;nitrogen_stress_year;low_response_year,normal,LCA2020_normal_grid_S0010,low_input_within_10pct_yield,2020-08-05,218,58,53,"{""sim_day"": 58.0, ""doy"": 218.0, ""topwt"": 8104.971923828125, ""grnwt"": 0.0, ""xlai"": 3.6995365619659424, ""totir"": 0.0, ""tofer"": NaN, ""swfac"": 0.0, ""nstres"": 0.0521274805068969}",0.0,0.0521274805068969,8104.971923828125,0.0,3.6995365619659424,0.0,,0.0,0.0,0.0,150.0,35.7673828125,35.7673828125,Leave_One_experiments/all_year_offline_schedule_search/daily_outputs/LCA/LCA_2020_LCA2020_normal_grid_S0010_daily.csv
LCA,LCA,Luancheng,2020,Leave_One_experiments\wth_generated_qc\LCA\LCA2020.WTH,normal_year;nitrogen_stress_year;low_response_year,normal,LCA2020_normal_grid_S0010,low_input_within_10pct_yield,2020-08-06,219,59,54,"{""sim_day"": 59.0, ""doy"": 219.0, ""topwt"": 8219.16748046875, ""grnwt"": 0.0, ""xlai"": 3.6826443672180176, ""totir"": 0.0, ""tofer"": NaN, ""swfac"": 0.0, ""nstres"": 0.036528468132019}",0.0,0.036528468132019,8219.16748046875,0.0,3.6826443672180176,0.0,,0.0,0.0,0.0,150.0,35.7673828125,35.7673828125,Leave_One_experiments/all_year_offline_schedule_search/daily_outputs/LCA/LCA_2020_LCA2020_normal_grid_S0010_daily.csv
LCA,LCA,Luancheng,2020,Leave_One_experiments\wth_generated_qc\LCA\LCA2020.WTH,normal_year;nitrogen_stress_year;low_response_year,normal,LCA2020_normal_grid_S0010,low_input_within_10pct_yield,2020-08-07,220,60,55,"{""sim_day"": 60.0, ""doy"": 220.0, ""topwt"": 8539.014892578125, ""grnwt"": 0.0, ""xlai"": 3.6740875244140634, ""totir"": 0.0, ""tofer"": NaN, ""swfac"": 0.0, ""nstres"": 0.0185895562171936}",0.0,0.0185895562171936,8539.014892578125,0.0,3.6740875244140634,0.0,,0.0,0.0,0.0,150.0,35.7673828125,35.7673828125,Leave_One_experiments/all_year_offline_schedule_search/daily_outputs/LCA/LCA_2020_LCA2020_normal_grid_S0010_daily.csv
LCA,LCA,Luancheng,2020,Leave_One_experiments\wth_generated_qc\LCA\LCA2020.WTH,normal_year;nitrogen_stress_year;low_response_year,normal,LCA2020_normal_grid_S0010,low_input_within_10pct_yield,2020-08-08,221,61,56,"{""sim_day"": 61.0, ""doy"": 221.0, ""topwt"": 8915.926513671875, ""grnwt"": 0.0, ""xlai"": 3.672926902770996, ""totir"": 0.0, ""tofer"": NaN, ""swfac"": 0.0, ""nstres"": 0.0025261640548706}",0.0,0.0025261640548706,8915.926513671875,0.0,3.672926902770996,0.0,,0.0,0.0,0.0,150.0,35.7673828125,35.7673828125,Leave_One_experiments/all_year_offline_schedule_search/daily_outputs/LCA/LCA_2020_LCA2020_normal_grid_S0010_daily.csv
LCA,LCA,Luancheng,2020,Leave_One_experiments\wth_generated_qc\LCA\LCA2020.WTH,normal_year;nitrogen_stress_year;low_response_year,normal,LCA2020_normal_grid_S0010,low_input_within_10pct_yield,2020-08-09,222,62,57,"{""sim_day"": 62.0, ""doy"": 222.0, ""topwt"": 9205.0927734375, ""grnwt"": 289.16576385498047, ""xlai"": 3.672926902770996, ""totir"": 0.0, ""tofer"": NaN, ""swfac"": 0.0, ""nstres"": 0.0}",0.0,0.0,9205.0927734375,289.16576385498047,3.672926902770996,0.0,,0.0,0.0,0.0,150.0,35.7673828125,35.7673828125,Leave_One_experiments/all_year_offline_schedule_search/daily_outputs/LCA/LCA_2020_LCA2020_normal_grid_S0010_daily.csv
LCA,LCA,Luancheng,2020,Leave_One_experiments\wth_generated_qc\LCA\LCA2020.WTH,normal_year;nitrogen_stress_year;low_response_year,normal,LCA2020_normal_grid_S0010,low_input_within_10pct_yield,2020-08-10,223,63,58,"{""sim_day"": 63.0, ""doy"": 223.0, ""topwt"": 9432.810668945312, ""grnwt"": 516.8838119506836, ""xlai"": 3.670812845230103, ""totir"": 0.0, ""tofer"": NaN, ""swfac"": 0.0, ""nstres"": 0.0046045184135437}",0.0,0.0046045184135437,9432.810668945312,516.8838119506836,3.670812845230103,0.0,,0.0,0.0,0.0,150.0,35.7673828125,35.7673828125,Leave_One_experiments/all_year_offline_schedule_search/daily_outputs/LCA/LCA_2020_LCA2020_normal_grid_S0010_daily.csv
LCA,LCA,Luancheng,2020,Leave_One_experiments\wth_generated_qc\LCA\LCA2020.WTH,normal_year;nitrogen_stress_year;low_response_year,normal,LCA2020_normal_grid_S0010,low_input_within_10pct_yield,2020-08-11,224,64,59,"{""sim_day"": 64.0, ""doy"": 224.0, ""topwt"": 9537.0068359375, ""grnwt"": 806.0495758056641, ""xlai"": 3.666414022445679, ""totir"": 0.0, ""tofer"": NaN, ""swfac"": 0.0, ""nstres"": 0.0095865726470947}",0.0,0.0095865726470947,9537.0068359375,806.0495758056641,3.666414022445679,0.0,,0.0,0.0,0.0,150.0,35.7673828125,35.7673828125,Leave_One_experiments/all_year_offline_schedule_search/daily_outputs/LCA/LCA_2020_LCA2020_normal_grid_S0010_daily.csv
LCA,LCA,Luancheng,2020,Leave_One_experiments\wth_generated_qc\LCA\LCA2020.WTH,normal_year;nitrogen_stress_year;low_response_year,normal,LCA2020_normal_grid_S0010,low_input_within_10pct_yield,2020-08-12,225,65,60,"{""sim_day"": 65.0, ""doy"": 225.0, ""topwt"": 9805.978393554688, ""grnwt"": 1006.6582489013672, ""xlai"": 3.658432722091675, ""totir"": 0.0, ""tofer"": NaN, ""swfac"": 0.0, ""nstres"": 0.0174150466918945}",0.0,0.0174150466918945,9805.978393554688,1006.6582489013672,3.658432722091675,0.0,,0.0,50.0,0.0,150.0,35.7673828125,35.7673828125,Leave_One_experiments/all_year_offline_schedule_search/daily_outputs/LCA/LCA_2020_LCA2020_normal_grid_S0010_daily.csv
LCA,LCA,Luancheng,2020,Leave_One_experiments\wth_generated_qc\LCA\LCA2020.WTH,normal_year;nitrogen_stress_year;low_response_year,normal,LCA2020_normal_grid_S0010,low_input_within_10pct_yield,2020-08-13,226,66,61,"{""sim_day"": 66.0, ""doy"": 226.0, ""topwt"": 10056.323852539062, ""grnwt"": 1140.3974151611328, ""xlai"": 3.658432722091675, ""totir"": 0.0, ""tofer"": NaN, ""swfac"": 0.0, ""nstres"": 0.0}",0.0,0.0,10056.323852539062,1140.3974151611328,3.658432722091675,0.0,,0.0,0.0,0.0,150.0,35.7673828125,35.7673828125,Leave_One_experiments/all_year_offline_schedule_search/daily_outputs/LCA/LCA_2020_LCA2020_normal_grid_S0010_daily.csv
LCA,LCA,Luancheng,2020,Leave_One_experiments\wth_generated_qc\LCA\LCA2020.WTH,normal_year;nitrogen_stress_year;low_response_year,normal,LCA2020_normal_grid_S0010,low_input_within_10pct_yield,2020-08-14,227,67,62,"{""sim_day"": 67.0, ""doy"": 227.0, ""topwt"": 10141.62109375, ""grnwt"": 1429.5632934570312, ""xlai"": 3.658432722091675, ""totir"": 0.0, ""tofer"": NaN, ""swfac"": 0.0, ""nstres"": 0.0}",0.0,0.0,10141.62109375,1429.5632934570312,3.658432722091675,0.0,,0.0,0.0,0.0,150.0,35.7673828125,35.7673828125,Leave_One_experiments/all_year_offline_schedule_search/daily_outputs/LCA/LCA_2020_LCA2020_normal_grid_S0010_daily.csv
LCA,LCA,Luancheng,2020,Leave_One_experiments\wth_generated_qc\LCA\LCA2020.WTH,normal_year;nitrogen_stress_year;low_response_year,normal,LCA2020_normal_grid_S0010,low_input_within_10pct_yield,2020-08-15,228,68,63,"{""sim_day"": 68.0, ""doy"": 228.0, ""topwt"": 10215.015869140623, ""grnwt"": 1718.7290954589844, ""xlai"": 3.658432722091675, ""totir"": 0.0, ""tofer"": NaN, ""swfac"": 0.0, ""nstres"": 0.0}",0.0,0.0,10215.015869140623,1718.7290954589844,3.658432722091675,0.0,,0.0,0.0,0.0,150.0,35.7673828125,35.7673828125,Leave_One_experiments/all_year_offline_schedule_search/daily_outputs/LCA/LCA_2020_LCA2020_normal_grid_S0010_daily.csv
LCA,LCA,Luancheng,2020,Leave_One_experiments\wth_generated_qc\LCA\LCA2020.WTH,normal_year;nitrogen_stress_year;low_response_year,normal,LCA2020_normal_grid_S0010,low_input_within_10pct_yield,2020-08-16,229,69,64,"{""sim_day"": 69.0, ""doy"": 229.0, ""topwt"": 10379.656982421877, ""grnwt"": 2007.8948974609373, ""xlai"": 3.658432722091675, ""totir"": 0.0, ""tofer"": NaN, ""swfac"": 0.0, ""nstres"": 0.0}",0.0,0.0,10379.656982421877,2007.8948974609373,3.658432722091675,0.0,,0.0,0.0,0.0,150.0,35.7673828125,35.7673828125,Leave_One_experiments/all_year_offline_schedule_search/daily_outputs/LCA/LCA_2020_LCA2020_normal_grid_S0010_daily.csv
LCA,LCA,Luancheng,2020,Leave_One_experiments\wth_generated_qc\LCA\LCA2020.WTH,normal_year;nitrogen_stress_year;low_response_year,normal,LCA2020_normal_grid_S0010,low_input_within_10pct_yield,2020-08-17,230,70,65,"{""sim_day"": 70.0, ""doy"": 230.0, ""topwt"": 10612.07275390625, ""grnwt"": 2224.7691345214844, ""xlai"": 3.6582190990448, ""totir"": 0.0, ""tofer"": NaN, ""swfac"": 0.0, ""nstres"": 0.0}",0.0,0.0,10612.07275390625,2224.7691345214844,3.6582190990448,0.0,,0.0,0.0,0.0,150.0,35.7673828125,35.7673828125,Leave_One_experiments/all_year_offline_schedule_search/daily_outputs/LCA/LCA_2020_LCA2020_normal_grid_S0010_daily.csv
LCA,LCA,Luancheng,2020,Leave_One_experiments\wth_generated_qc\LCA\LCA2020.WTH,normal_year;nitrogen_stress_year;low_response_year,normal,LCA2020_normal_grid_S0010,low_input_within_10pct_yield,2020-08-18,231,71,66,"{""sim_day"": 71.0, ""doy"": 231.0, ""topwt"": 10774.72900390625, ""grnwt"": 2513.934936523437, ""xlai"": 3.621135473251343, ""totir"": 0.0, ""tofer"": NaN, ""swfac"": 0.0, ""nstres"": 0.0}",0.0,0.0,10774.72900390625,2513.934936523437,3.621135473251343,0.0,,0.0,0.0,0.0,150.0,35.7673828125,35.7673828125,Leave_One_experiments/all_year_offline_schedule_search/daily_outputs/LCA/LCA_2020_LCA2020_normal_grid_S0010_daily.csv
LCA,LCA,Luancheng,2020,Leave_One_experiments\wth_generated_qc\LCA\LCA2020.WTH,normal_year;nitrogen_stress_year;low_response_year,normal,LCA2020_normal_grid_S0010,low_input_within_10pct_yield,2020-08-19,232,72,67,"{""sim_day"": 72.0, ""doy"": 232.0, ""topwt"": 11094.476318359377, ""grnwt"": 2803.100891113281, ""xlai"": 3.577091217041016, ""totir"": 0.0, ""tofer"": NaN, ""swfac"": 0.0, ""nstres"": 0.0}",0.0,0.0,11094.476318359377,2803.100891113281,3.577091217041016,0.0,,0.0,0.0,0.0,150.0,35.7673828125,35.7673828125,Leave_One_experiments/all_year_offline_schedule_search/daily_outputs/LCA/LCA_2020_LCA2020_normal_grid_S0010_daily.csv
LCA,LCA,Luancheng,2020,Leave_One_experiments\wth_generated_qc\LCA\LCA2020.WTH,normal_year;nitrogen_stress_year;low_response_year,normal,LCA2020_normal_grid_S0010,low_input_within_10pct_yield,2020-08-20,233,73,68,"{""sim_day"": 73.0, ""doy"": 233.0, ""topwt"": 11490.7373046875, ""grnwt"": 3092.266540527344, ""xlai"": 3.5305042266845703, ""totir"": 0.0, ""tofer"": NaN, ""swfac"": 0.0, ""nstres"": 0.0}",0.0,0.0,11490.7373046875,3092.266540527344,3.5305042266845703,0.0,,0.0,0.0,0.0,150.0,35.7673828125,35.7673828125,Leave_One_experiments/all_year_offline_schedule_search/daily_outputs/LCA/LCA_2020_LCA2020_normal_grid_S0010_daily.csv
LCA,LCA,Luancheng,2020,Leave_One_experiments\wth_generated_qc\LCA\LCA2020.WTH,normal_year;nitrogen_stress_year;low_response_year,normal,LCA2020_normal_grid_S0010,low_input_within_10pct_yield,2020-08-21,234,74,69,"{""sim_day"": 74.0, ""doy"": 234.0, ""topwt"": 11830.166015625, ""grnwt"": 3381.4324951171875, ""xlai"": 3.4813578128814697, ""totir"": 0.0, ""tofer"": NaN, ""swfac"": 0.0, ""nstres"": 0.0}",0.0,0.0,11830.166015625,3381.4324951171875,3.4813578128814697,0.0,,0.0,0.0,0.0,150.0,35.7673828125,35.7673828125,Leave_One_experiments/all_year_offline_schedule_search/daily_outputs/LCA/LCA_2020_LCA2020_normal_grid_S0010_daily.csv
LCA,LCA,Luancheng,2020,Leave_One_experiments\wth_generated_qc\LCA\LCA2020.WTH,normal_year;nitrogen_stress_year;low_response_year,normal,LCA2020_normal_grid_S0010,low_input_within_10pct_yield,2020-08-22,235,75,70,"{""sim_day"": 75.0, ""doy"": 235.0, ""topwt"": 12152.293701171877, ""grnwt"": 3670.59814453125, ""xlai"": 3.4205851554870605, ""totir"": 0.0, ""tofer"": NaN, ""swfac"": 0.0, ""nstres"": 0.0}",0.0,0.0,12152.293701171877,3670.59814453125,3.4205851554870605,0.0,,0.0,0.0,0.0,150.0,35.7673828125,35.7673828125,Leave_One_experiments/all_year_offline_schedule_search/daily_outputs/LCA/LCA_2020_LCA2020_normal_grid_S0010_daily.csv
LCA,LCA,Luancheng,2020,Leave_One_experiments\wth_generated_qc\LCA\LCA2020.WTH,normal_year;nitrogen_stress_year;low_response_year,normal,LCA2020_normal_grid_S0010,low_input_within_10pct_yield,2020-08-23,236,76,71,"{""sim_day"": 76.0, ""doy"": 236.0, ""topwt"": 12490.99609375, ""grnwt"": 3918.1967163085938, ""xlai"": 3.347132444381714, ""totir"": 0.0, ""tofer"": NaN, ""swfac"": 0.0, ""nstres"": 0.0}",0.0,0.0,12490.99609375,3918.1967163085938,3.347132444381714,0.0,,0.0,0.0,0.0,150.0,35.7673828125,35.7673828125,Leave_One_experiments/all_year_offline_schedule_search/daily_outputs/LCA/LCA_2020_LCA2020_normal_grid_S0010_daily.csv
LCA,LCA,Luancheng,2020,Leave_One_experiments\wth_generated_qc\LCA\LCA2020.WTH,normal_year;nitrogen_stress_year;low_response_year,normal,LCA2020_normal_grid_S0010,low_input_within_10pct_yield,2020-08-24,237,77,72,"{""sim_day"": 77.0, ""doy"": 237.0, ""topwt"": 12818.60595703125, ""grnwt"": 4120.612487792969, ""xlai"": 3.2624621391296387, ""totir"": 0.0, ""tofer"": NaN, ""swfac"": 0.0, ""nstres"": 0.0}",0.0,0.0,12818.60595703125,4120.612487792969,3.2624621391296387,0.0,,0.0,0.0,0.0,150.0,35.7673828125,35.7673828125,Leave_One_experiments/all_year_offline_schedule_search/daily_outputs/LCA/LCA_2020_LCA2020_normal_grid_S0010_daily.csv
LCA,LCA,Luancheng,2020,Leave_One_experiments\wth_generated_qc\LCA\LCA2020.WTH,normal_year;nitrogen_stress_year;low_response_year,normal,LCA2020_normal_grid_S0010,low_input_within_10pct_yield,2020-08-25,238,78,73,"{""sim_day"": 78.0, ""doy"": 238.0, ""topwt"": 13146.69921875, ""grnwt"": 4379.054565429688, ""xlai"": 3.17533278465271, ""totir"": 0.0, ""tofer"": NaN, ""swfac"": 0.0, ""nstres"": 0.0}",0.0,0.0,13146.69921875,4379.054565429688,3.17533278465271,0.0,,0.0,0.0,0.0,150.0,35.7673828125,35.7673828125,Leave_One_experiments/all_year_offline_schedule_search/daily_outputs/LCA/LCA_2020_LCA2020_normal_grid_S0010_daily.csv
LCA,LCA,Luancheng,2020,Leave_One_experiments\wth_generated_qc\LCA\LCA2020.WTH,normal_year;nitrogen_stress_year;low_response_year,normal,LCA2020_normal_grid_S0010,low_input_within_10pct_yield,2020-08-26,239,79,74,"{""sim_day"": 79.0, ""doy"": 239.0, ""topwt"": 13521.329345703123, ""grnwt"": 4668.22021484375, ""xlai"": 3.085789680480957, ""totir"": 0.0, ""tofer"": NaN, ""swfac"": 0.0, ""nstres"": 0.0}",0.0,0.0,13521.329345703123,4668.22021484375,3.085789680480957,0.0,,0.0,0.0,0.0,150.0,35.7673828125,35.7673828125,Leave_One_experiments/all_year_offline_schedule_search/daily_outputs/LCA/LCA_2020_LCA2020_normal_grid_S0010_daily.csv
LCA,LCA,Luancheng,2020,Leave_One_experiments\wth_generated_qc\LCA\LCA2020.WTH,normal_year;nitrogen_stress_year;low_response_year,normal,LCA2020_normal_grid_S0010,low_input_within_10pct_yield,2020-08-27,240,80,75,"{""sim_day"": 80.0, ""doy"": 240.0, ""topwt"": 13872.28515625, ""grnwt"": 4957.386169433594, ""xlai"": 2.989938259124756, ""totir"": 0.0, ""tofer"": NaN, ""swfac"": 0.0, ""nstres"": 0.0}",0.0,0.0,13872.28515625,4957.386169433594,2.989938259124756,0.0,,0.0,0.0,0.0,150.0,35.7673828125,35.7673828125,Leave_One_experiments/all_year_offline_schedule_search/daily_outputs/LCA/LCA_2020_LCA2020_normal_grid_S0010_daily.csv
LCA,LCA,Luancheng,2020,Leave_One_experiments\wth_generated_qc\LCA\LCA2020.WTH,normal_year;nitrogen_stress_year;low_response_year,normal,LCA2020_normal_grid_S0010,low_input_within_10pct_yield,2020-08-28,241,81,76,"{""sim_day"": 81.0, ""doy"": 241.0, ""topwt"": 14093.80126953125, ""grnwt"": 5177.874755859375, ""xlai"": 2.873882532119751, ""totir"": 0.0, ""tofer"": NaN, ""swfac"": 0.0, ""nstres"": 0.0}",0.0,0.0,14093.80126953125,5177.874755859375,2.873882532119751,0.0,,0.0,0.0,0.0,150.0,35.7673828125,35.7673828125,Leave_One_experiments/all_year_offline_schedule_search/daily_outputs/LCA/LCA_2020_LCA2020_normal_grid_S0010_daily.csv
LCA,LCA,Luancheng,2020,Leave_One_experiments\wth_generated_qc\LCA\LCA2020.WTH,normal_year;nitrogen_stress_year;low_response_year,normal,LCA2020_normal_grid_S0010,low_input_within_10pct_yield,2020-08-29,242,82,77,"{""sim_day"": 82.0, ""doy"": 242.0, ""topwt"": 14310.67626953125, ""grnwt"": 5394.7491455078125, ""xlai"": 2.7477118968963623, ""totir"": 0.0, ""tofer"": NaN, ""swfac"": 0.0, ""nstres"": 0.0}",0.0,0.0,14310.67626953125,5394.7491455078125,2.7477118968963623,0.0,,0.0,0.0,0.0,150.0,35.7673828125,35.7673828125,Leave_One_experiments/all_year_offline_schedule_search/daily_outputs/LCA/LCA_2020_LCA2020_normal_grid_S0010_daily.csv
LCA,LCA,Luancheng,2020,Leave_One_experiments\wth_generated_qc\LCA\LCA2020.WTH,normal_year;nitrogen_stress_year;low_response_year,normal,LCA2020_normal_grid_S0010,low_input_within_10pct_yield,2020-08-30,243,83,78,"{""sim_day"": 83.0, ""doy"": 243.0, ""topwt"": 14540.18310546875, ""grnwt"": 5674.878540039063, ""xlai"": 2.623314142227173, ""totir"": 0.0, ""tofer"": NaN, ""swfac"": 0.0, ""nstres"": 0.0}",0.0,0.0,14540.18310546875,5674.878540039063,2.623314142227173,0.0,,0.0,0.0,0.0,150.0,35.7673828125,35.7673828125,Leave_One_experiments/all_year_offline_schedule_search/daily_outputs/LCA/LCA_2020_LCA2020_normal_grid_S0010_daily.csv
LCA,LCA,Luancheng,2020,Leave_One_experiments\wth_generated_qc\LCA\LCA2020.WTH,normal_year;nitrogen_stress_year;low_response_year,normal,LCA2020_normal_grid_S0010,low_input_within_10pct_yield,2020-08-31,244,84,79,"{""sim_day"": 84.0, ""doy"": 244.0, ""topwt"": 14796.837158203123, ""grnwt"": 5880.9088134765625, ""xlai"": 2.475820541381836, ""totir"": 0.0, ""tofer"": NaN, ""swfac"": 0.0, ""nstres"": 0.0}",0.0,0.0,14796.837158203123,5880.9088134765625,2.475820541381836,0.0,,0.0,0.0,0.0,150.0,35.7673828125,35.7673828125,Leave_One_experiments/all_year_offline_schedule_search/daily_outputs/LCA/LCA_2020_LCA2020_normal_grid_S0010_daily.csv
LCA,LCA,Luancheng,2020,Leave_One_experiments\wth_generated_qc\LCA\LCA2020.WTH,normal_year;nitrogen_stress_year;low_response_year,normal,LCA2020_normal_grid_S0010,low_input_within_10pct_yield,2020-09-01,245,85,80,"{""sim_day"": 85.0, ""doy"": 245.0, ""topwt"": 15086.002197265623, ""grnwt"": 6170.075073242188, ""xlai"": 2.3523201942443848, ""totir"": 0.0, ""tofer"": NaN, ""swfac"": 0.0, ""nstres"": 0.0}",0.0,0.0,15086.002197265623,6170.075073242188,2.3523201942443848,0.0,,0.0,0.0,0.0,150.0,35.7673828125,35.7673828125,Leave_One_experiments/all_year_offline_schedule_search/daily_outputs/LCA/LCA_2020_LCA2020_normal_grid_S0010_daily.csv
LCA,LCA,Luancheng,2020,Leave_One_experiments\wth_generated_qc\LCA\LCA2020.WTH,normal_year;nitrogen_stress_year;low_response_year,normal,LCA2020_normal_grid_S0010,low_input_within_10pct_yield,2020-09-02,246,86,81,"{""sim_day"": 86.0, ""doy"": 246.0, ""topwt"": 15375.16845703125, ""grnwt"": 6459.24072265625, ""xlai"": 2.254549980163574, ""totir"": 0.0, ""tofer"": NaN, ""swfac"": 0.0, ""nstres"": 0.0048240423202514}",0.0,0.0048240423202514,15375.16845703125,6459.24072265625,2.254549980163574,0.0,,0.0,0.0,0.0,150.0,35.7673828125,35.7673828125,Leave_One_experiments/all_year_offline_schedule_search/daily_outputs/LCA/LCA_2020_LCA2020_normal_grid_S0010_daily.csv
LCA,LCA,Luancheng,2020,Leave_One_experiments\wth_generated_qc\LCA\LCA2020.WTH,normal_year;nitrogen_stress_year;low_response_year,normal,LCA2020_normal_grid_S0010,low_input_within_10pct_yield,2020-09-03,247,87,82,"{""sim_day"": 87.0, ""doy"": 247.0, ""topwt"": 15664.332275390623, ""grnwt"": 6748.4063720703125, ""xlai"": 2.138690948486328, ""totir"": 0.0, ""tofer"": NaN, ""swfac"": 0.0, ""nstres"": 0.0374010801315307}",0.0,0.0374010801315307,15664.332275390623,6748.4063720703125,2.138690948486328,0.0,,0.0,0.0,0.0,150.0,35.7673828125,35.7673828125,Leave_One_experiments/all_year_offline_schedule_search/daily_outputs/LCA/LCA_2020_LCA2020_normal_grid_S0010_daily.csv
LCA,LCA,Luancheng,2020,Leave_One_experiments\wth_generated_qc\LCA\LCA2020.WTH,normal_year;nitrogen_stress_year;low_response_year,normal,LCA2020_normal_grid_S0010,low_input_within_10pct_yield,2020-09-04,248,88,83,"{""sim_day"": 88.0, ""doy"": 248.0, ""topwt"": 15953.497314453123, ""grnwt"": 7037.572021484375, ""xlai"": 1.990089774131775, ""totir"": 0.0, ""tofer"": NaN, ""swfac"": 0.0, ""nstres"": 0.0680885910987854}",0.0,0.0680885910987854,15953.497314453123,7037.572021484375,1.990089774131775,0.0,,0.0,0.0,0.0,150.0,35.7673828125,35.7673828125,Leave_One_experiments/all_year_offline_schedule_search/daily_outputs/LCA/LCA_2020_LCA2020_normal_grid_S0010_daily.csv
LCA,LCA,Luancheng,2020,Leave_One_experiments\wth_generated_qc\LCA\LCA2020.WTH,normal_year;nitrogen_stress_year;low_response_year,normal,LCA2020_normal_grid_S0010,low_input_within_10pct_yield,2020-09-05,249,89,84,"{""sim_day"": 89.0, ""doy"": 249.0, ""topwt"": 16242.66357421875, ""grnwt"": 7326.73828125, ""xlai"": 1.825500011444092, ""totir"": 0.0, ""tofer"": NaN, ""swfac"": 0.0, ""nstres"": 0.0981497764587402}",0.0,0.0981497764587402,16242.66357421875,7326.73828125,1.825500011444092,0.0,,0.0,0.0,0.0,150.0,35.7673828125,35.7673828125,Leave_One_experiments/all_year_offline_schedule_search/daily_outputs/LCA/LCA_2020_LCA2020_normal_grid_S0010_daily.csv
LCA,LCA,Luancheng,2020,Leave_One_experiments\wth_generated_qc\LCA\LCA2020.WTH,normal_year;nitrogen_stress_year;low_response_year,normal,LCA2020_normal_grid_S0010,low_input_within_10pct_yield,2020-09-06,250,90,85,"{""sim_day"": 90.0, ""doy"": 250.0, ""topwt"": 16242.66357421875, ""grnwt"": 7326.73828125, ""xlai"": 1.825500011444092, ""totir"": 0.0, ""tofer"": NaN, ""swfac"": 0.0, ""nstres"": 0.1279345750808715}",0.0,0.1279345750808715,16242.66357421875,7326.73828125,1.825500011444092,0.0,,0.0,0.0,0.0,150.0,35.7673828125,35.7673828125,Leave_One_experiments/all_year_offline_schedule_search/daily_outputs/LCA/LCA_2020_LCA2020_normal_grid_S0010_daily.csv
LCA,LCA,Luancheng,2020,Leave_One_experiments\wth_generated_qc\LCA\LCA2020.WTH,normal_year;nitrogen_stress_year;low_response_year,normal,LCA2020_normal_grid_S0010,low_input_within_10pct_yield,2020-09-07,251,91,86,"{""sim_day"": 91.0, ""doy"": 251.0, ""topwt"": 16242.66357421875, ""grnwt"": 7326.73828125, ""xlai"": 1.825500011444092, ""totir"": 0.0, ""tofer"": NaN, ""swfac"": 0.0, ""nstres"": 0.1279345750808715}",0.0,0.1279345750808715,16242.66357421875,7326.73828125,1.825500011444092,0.0,,0.0,0.0,0.0,150.0,35.7673828125,35.7673828125,Leave_One_experiments/all_year_offline_schedule_search/daily_outputs/LCA/LCA_2020_LCA2020_normal_grid_S0010_daily.csv
LCA,LCA,Luancheng,2020,Leave_One_experiments\wth_generated_qc\LCA\LCA2020.WTH,normal_year;nitrogen_stress_year;low_response_year,normal,LCA2020_normal_grid_S0010,low_input_within_10pct_yield,2020-09-08,252,92,87,"{""sim_day"": 92.0, ""doy"": 252.0, ""topwt"": 16242.66357421875, ""grnwt"": 7326.73828125, ""xlai"": 1.825500011444092, ""totir"": 0.0, ""tofer"": NaN, ""swfac"": 0.0, ""nstres"": 0.1279345750808715}",0.0,0.1279345750808715,16242.66357421875,7326.73828125,1.825500011444092,0.0,,0.0,0.0,0.0,150.0,35.7673828125,35.7673828125,Leave_One_experiments/all_year_offline_schedule_search/daily_outputs/LCA/LCA_2020_LCA2020_normal_grid_S0010_daily.csv
LCA,LCA,Luancheng,2020,Leave_One_experiments\wth_generated_qc\LCA\LCA2020.WTH,normal_year;nitrogen_stress_year;low_response_year,normal,LCA2020_normal_grid_S0024,pareto_balanced,2020-06-14,166,1,1,"{""sim_day"": 1.0, ""doy"": 166.0, ""topwt"": 0.0, ""grnwt"": 0.0, ""xlai"": 0.0, ""totir"": 0.0, ""tofer"": NaN, ""swfac"": 0.0, ""nstres"": 0.0}",0.0,0.0,0.0,0.0,0.0,0.0,,0.0,75.0,30.0,225.0,6.502172851562506,18.502172851562506,Leave_One_experiments/all_year_offline_schedule_search/daily_outputs/LCA/LCA_2020_LCA2020_normal_grid_S0024_daily.csv
LCA,LCA,Luancheng,2020,Leave_One_experiments\wth_generated_qc\LCA\LCA2020.WTH,normal_year;nitrogen_stress_year;low_response_year,normal,LCA2020_normal_grid_S0024,pareto_balanced,2020-06-15,167,2,2,"{""sim_day"": 2.0, ""doy"": 167.0, ""topwt"": 0.0, ""grnwt"": 0.0, ""xlai"": 0.0, ""totir"": 0.0, ""tofer"": NaN, ""swfac"": 0.0, ""nstres"": 0.0}",0.0,0.0,0.0,0.0,0.0,0.0,,0.0,0.0,30.0,225.0,6.502172851562506,18.502172851562506,Leave_One_experiments/all_year_offline_schedule_search/daily_outputs/LCA/LCA_2020_LCA2020_normal_grid_S0024_daily.csv
LCA,LCA,Luancheng,2020,Leave_One_experiments\wth_generated_qc\LCA\LCA2020.WTH,normal_year;nitrogen_stress_year;low_response_year,normal,LCA2020_normal_grid_S0024,pareto_balanced,2020-06-16,168,3,3,"{""sim_day"": 3.0, ""doy"": 168.0, ""topwt"": 0.0, ""grnwt"": 0.0, ""xlai"": 0.0, ""totir"": 0.0, ""tofer"": NaN, ""swfac"": 0.0, ""nstres"": 0.0}",0.0,0.0,0.0,0.0,0.0,0.0,,0.0,0.0,30.0,225.0,6.502172851562506,18.502172851562506,Leave_One_experiments/all_year_offline_schedule_search/daily_outputs/LCA/LCA_2020_LCA2020_normal_grid_S0024_daily.csv
LCA,LCA,Luancheng,2020,Leave_One_experiments\wth_generated_qc\LCA\LCA2020.WTH,normal_year;nitrogen_stress_year;low_response_year,normal,LCA2020_normal_grid_S0024,pareto_balanced,2020-06-17,169,4,4,"{""sim_day"": 4.0, ""doy"": 169.0, ""topwt"": 0.0, ""grnwt"": 0.0, ""xlai"": 0.0, ""totir"": 0.0, ""tofer"": NaN, ""swfac"": 0.0, ""nstres"": 0.0}",0.0,0.0,0.0,0.0,0.0,0.0,,0.0,0.0,30.0,225.0,6.502172851562506,18.502172851562506,Leave_One_experiments/all_year_offline_schedule_search/daily_outputs/LCA/LCA_2020_LCA2020_normal_grid_S0024_daily.csv
LCA,LCA,Luancheng,2020,Leave_One_experiments\wth_generated_qc\LCA\LCA2020.WTH,normal_year;nitrogen_stress_year;low_response_year,normal,LCA2020_normal_grid_S0024,pareto_balanced,2020-06-18,170,5,5,"{""sim_day"": 5.0, ""doy"": 170.0, ""topwt"": 0.0, ""grnwt"": 0.0, ""xlai"": 0.0, ""totir"": 0.0, ""tofer"": NaN, ""swfac"": 0.0, ""nstres"": 0.0}",0.0,0.0,0.0,0.0,0.0,0.0,,0.0,0.0,30.0,225.0,6.502172851562506,18.502172851562506,Leave_One_experiments/all_year_offline_schedule_search/daily_outputs/LCA/LCA_2020_LCA2020_normal_grid_S0024_daily.csv
LCA,LCA,Luancheng,2020,Leave_One_experiments\wth_generated_qc\LCA\LCA2020.WTH,normal_year;nitrogen_stress_year;low_response_year,normal,LCA2020_normal_grid_S0024,pareto_balanced,2020-06-14,166,6,1,"{""sim_day"": 6.0, ""doy"": 166.0, ""topwt"": 0.0, ""grnwt"": 0.0, ""xlai"": 0.0, ""totir"": 0.0, ""tofer"": NaN, ""swfac"": 0.0, ""nstres"": 0.0}",0.0,0.0,0.0,0.0,0.0,0.0,,0.0,0.0,30.0,225.0,6.502172851562506,18.502172851562506,Leave_One_experiments/all_year_offline_schedule_search/daily_outputs/LCA/LCA_2020_LCA2020_normal_grid_S0024_daily.csv
LCA,LCA,Luancheng,2020,Leave_One_experiments\wth_generated_qc\LCA\LCA2020.WTH,normal_year;nitrogen_stress_year;low_response_year,normal,LCA2020_normal_grid_S0024,pareto_balanced,2020-06-15,167,7,2,"{""sim_day"": 7.0, ""doy"": 167.0, ""topwt"": 0.0, ""grnwt"": 0.0, ""xlai"": 0.0, ""totir"": 0.0, ""tofer"": NaN, ""swfac"": 0.0, ""nstres"": 0.0}",0.0,0.0,0.0,0.0,0.0,0.0,,0.0,0.0,30.0,225.0,6.502172851562506,18.502172851562506,Leave_One_experiments/all_year_offline_schedule_search/daily_outputs/LCA/LCA_2020_LCA2020_normal_grid_S0024_daily.csv
LCA,LCA,Luancheng,2020,Leave_One_experiments\wth_generated_qc\LCA\LCA2020.WTH,normal_year;nitrogen_stress_year;low_response_year,normal,LCA2020_normal_grid_S0024,pareto_balanced,2020-06-16,168,8,3,"{""sim_day"": 8.0, ""doy"": 168.0, ""topwt"": 0.0, ""grnwt"": 0.0, ""xlai"": 0.0, ""totir"": 0.0, ""tofer"": NaN, ""swfac"": 0.0, ""nstres"": 0.0}",0.0,0.0,0.0,0.0,0.0,0.0,,0.0,0.0,30.0,225.0,6.502172851562506,18.502172851562506,Leave_One_experiments/all_year_offline_schedule_search/daily_outputs/LCA/LCA_2020_LCA2020_normal_grid_S0024_daily.csv
LCA,LCA,Luancheng,2020,Leave_One_experiments\wth_generated_qc\LCA\LCA2020.WTH,normal_year;nitrogen_stress_year;low_response_year,normal,LCA2020_normal_grid_S0024,pareto_balanced,2020-06-17,169,9,4,"{""sim_day"": 9.0, ""doy"": 169.0, ""topwt"": 0.0, ""grnwt"": 0.0, ""xlai"": 0.0, ""totir"": 0.0, ""tofer"": NaN, ""swfac"": 0.0, ""nstres"": 0.0}",0.0,0.0,0.0,0.0,0.0,0.0,,0.0,0.0,30.0,225.0,6.502172851562506,18.502172851562506,Leave_One_experiments/all_year_offline_schedule_search/daily_outputs/LCA/LCA_2020_LCA2020_normal_grid_S0024_daily.csv
LCA,LCA,Luancheng,2020,Leave_One_experiments\wth_generated_qc\LCA\LCA2020.WTH,normal_year;nitrogen_stress_year;low_response_year,normal,LCA2020_normal_grid_S0024,pareto_balanced,2020-06-18,170,10,5,"{""sim_day"": 10.0, ""doy"": 170.0, ""topwt"": 0.0, ""grnwt"": 0.0, ""xlai"": 0.0, ""totir"": 0.0, ""tofer"": NaN, ""swfac"": 0.0, ""nstres"": 0.0}",0.0,0.0,0.0,0.0,0.0,0.0,,0.0,0.0,30.0,225.0,6.502172851562506,18.502172851562506,Leave_One_experiments/all_year_offline_schedule_search/daily_outputs/LCA/LCA_2020_LCA2020_normal_grid_S0024_daily.csv
LCA,LCA,Luancheng,2020,Leave_One_experiments\wth_generated_qc\LCA\LCA2020.WTH,normal_year;nitrogen_stress_year;low_response_year,normal,LCA2020_normal_grid_S0024,pareto_balanced,2020-06-19,171,11,6,"{""sim_day"": 11.0, ""doy"": 171.0, ""topwt"": 23.600001335144043, ""grnwt"": 0.0, ""xlai"": 0.0053583150729537, ""totir"": 0.0, ""tofer"": NaN, ""swfac"": 0.0, ""nstres"": 0.0121910572052001}",0.0,0.0121910572052001,23.600001335144043,0.0,0.0053583150729537,0.0,,0.0,0.0,30.0,225.0,6.502172851562506,18.502172851562506,Leave_One_experiments/all_year_offline_schedule_search/daily_outputs/LCA/LCA_2020_LCA2020_normal_grid_S0024_daily.csv
LCA,LCA,Luancheng,2020,Leave_One_experiments\wth_generated_qc\LCA\LCA2020.WTH,normal_year;nitrogen_stress_year;low_response_year,normal,LCA2020_normal_grid_S0024,pareto_balanced,2020-06-20,172,12,7,"{""sim_day"": 12.0, ""doy"": 172.0, ""topwt"": 23.600001335144043, ""grnwt"": 0.0, ""xlai"": 0.0117774764075875, ""totir"": 0.0, ""tofer"": NaN, ""swfac"": 0.0, ""nstres"": 0.0034008026123046}",0.0,0.0034008026123046,23.600001335144043,0.0,0.0117774764075875,0.0,,0.0,0.0,30.0,225.0,6.502172851562506,18.502172851562506,Leave_One_experiments/all_year_offline_schedule_search/daily_outputs/LCA/LCA_2020_LCA2020_normal_grid_S0024_daily.csv
LCA,LCA,Luancheng,2020,Leave_One_experiments\wth_generated_qc\LCA\LCA2020.WTH,normal_year;nitrogen_stress_year;low_response_year,normal,LCA2020_normal_grid_S0024,pareto_balanced,2020-06-21,173,13,8,"{""sim_day"": 13.0, ""doy"": 173.0, ""topwt"": 23.600001335144043, ""grnwt"": 0.0, ""xlai"": 0.0188165474683046, ""totir"": 0.0, ""tofer"": NaN, ""swfac"": 0.0, ""nstres"": 0.0}",0.0,0.0,23.600001335144043,0.0,0.0188165474683046,0.0,,0.0,0.0,30.0,225.0,6.502172851562506,18.502172851562506,Leave_One_experiments/all_year_offline_schedule_search/daily_outputs/LCA/LCA_2020_LCA2020_normal_grid_S0024_daily.csv
LCA,LCA,Luancheng,2020,Leave_One_experiments\wth_generated_qc\LCA\LCA2020.WTH,normal_year;nitrogen_stress_year;low_response_year,normal,LCA2020_normal_grid_S0024,pareto_balanced,2020-06-22,174,14,9,"{""sim_day"": 14.0, ""doy"": 174.0, ""topwt"": 24.860880374908447, ""grnwt"": 0.0, ""xlai"": 0.0439563281834125, ""totir"": 0.0, ""tofer"": NaN, ""swfac"": 0.0, ""nstres"": 0.0}",0.0,0.0,24.860880374908447,0.0,0.0439563281834125,0.0,,0.0,0.0,30.0,225.0,6.502172851562506,18.502172851562506,Leave_One_experiments/all_year_offline_schedule_search/daily_outputs/LCA/LCA_2020_LCA2020_normal_grid_S0024_daily.csv
LCA,LCA,Luancheng,2020,Leave_One_experiments\wth_generated_qc\LCA\LCA2020.WTH,normal_year;nitrogen_stress_year;low_response_year,normal,LCA2020_normal_grid_S0024,pareto_balanced,2020-06-23,175,15,10,"{""sim_day"": 15.0, ""doy"": 175.0, ""topwt"": 37.79575109481812, ""grnwt"": 0.0, ""xlai"": 0.0761047899723053, ""totir"": 0.0, ""tofer"": NaN, ""swfac"": 0.0, ""nstres"": 0.0}",0.0,0.0,37.79575109481812,0.0,0.0761047899723053,0.0,,0.0,0.0,30.0,225.0,6.502172851562506,18.502172851562506,Leave_One_experiments/all_year_offline_schedule_search/daily_outputs/LCA/LCA_2020_LCA2020_normal_grid_S0024_daily.csv
LCA,LCA,Luancheng,2020,Leave_One_experiments\wth_generated_qc\LCA\LCA2020.WTH,normal_year;nitrogen_stress_year;low_response_year,normal,LCA2020_normal_grid_S0024,pareto_balanced,2020-06-24,176,16,11,"{""sim_day"": 16.0, ""doy"": 176.0, ""topwt"": 53.13112735748291, ""grnwt"": 0.0, ""xlai"": 0.1101099103689193, ""totir"": 0.0, ""tofer"": NaN, ""swfac"": 0.0, ""nstres"": 0.0}",0.0,0.0,53.13112735748291,0.0,0.1101099103689193,0.0,,0.0,0.0,30.0,225.0,6.502172851562506,18.502172851562506,Leave_One_experiments/all_year_offline_schedule_search/daily_outputs/LCA/LCA_2020_LCA2020_normal_grid_S0024_daily.csv
LCA,LCA,Luancheng,2020,Leave_One_experiments\wth_generated_qc\LCA\LCA2020.WTH,normal_year;nitrogen_stress_year;low_response_year,normal,LCA2020_normal_grid_S0024,pareto_balanced,2020-06-25,177,17,12,"{""sim_day"": 17.0, ""doy"": 177.0, ""topwt"": 71.39205932617188, ""grnwt"": 0.0, ""xlai"": 0.1473291516304016, ""totir"": 0.0, ""tofer"": NaN, ""swfac"": 0.0, ""nstres"": 0.0}",0.0,0.0,71.39205932617188,0.0,0.1473291516304016,0.0,,0.0,0.0,30.0,225.0,6.502172851562506,18.502172851562506,Leave_One_experiments/all_year_offline_schedule_search/daily_outputs/LCA/LCA_2020_LCA2020_normal_grid_S0024_daily.csv
LCA,LCA,Luancheng,2020,Leave_One_experiments\wth_generated_qc\LCA\LCA2020.WTH,normal_year;nitrogen_stress_year;low_response_year,normal,LCA2020_normal_grid_S0024,pareto_balanced,2020-06-26,178,18,13,"{""sim_day"": 18.0, ""doy"": 178.0, ""topwt"": 99.054536819458, ""grnwt"": 0.0, ""xlai"": 0.1995099335908889, ""totir"": 0.0, ""tofer"": NaN, ""swfac"": 0.0, ""nstres"": 0.0}",0.0,0.0,99.054536819458,0.0,0.1995099335908889,0.0,,0.0,0.0,30.0,225.0,6.502172851562506,18.502172851562506,Leave_One_experiments/all_year_offline_schedule_search/daily_outputs/LCA/LCA_2020_LCA2020_normal_grid_S0024_daily.csv
LCA,LCA,Luancheng,2020,Leave_One_experiments\wth_generated_qc\LCA\LCA2020.WTH,normal_year;nitrogen_stress_year;low_response_year,normal,LCA2020_normal_grid_S0024,pareto_balanced,2020-06-27,179,19,14,"{""sim_day"": 19.0, ""doy"": 179.0, ""topwt"": 124.99719619750977, ""grnwt"": 0.0, ""xlai"": 0.262063205242157, ""totir"": 0.0, ""tofer"": NaN, ""swfac"": 0.0, ""nstres"": 0.0}",0.0,0.0,124.99719619750977,0.0,0.262063205242157,0.0,,0.0,0.0,30.0,225.0,6.502172851562506,18.502172851562506,Leave_One_experiments/all_year_offline_schedule_search/daily_outputs/LCA/LCA_2020_LCA2020_normal_grid_S0024_daily.csv
LCA,LCA,Luancheng,2020,Leave_One_experiments\wth_generated_qc\LCA\LCA2020.WTH,normal_year;nitrogen_stress_year;low_response_year,normal,LCA2020_normal_grid_S0024,pareto_balanced,2020-06-28,180,20,15,"{""sim_day"": 20.0, ""doy"": 180.0, ""topwt"": 161.95301055908203, ""grnwt"": 0.0, ""xlai"": 0.3280035555362701, ""totir"": 0.0, ""tofer"": NaN, ""swfac"": 0.0, ""nstres"": 0.0}",0.0,0.0,161.95301055908203,0.0,0.3280035555362701,0.0,,0.0,0.0,30.0,225.0,6.502172851562506,18.502172851562506,Leave_One_experiments/all_year_offline_schedule_search/daily_outputs/LCA/LCA_2020_LCA2020_normal_grid_S0024_daily.csv
LCA,LCA,Luancheng,2020,Leave_One_experiments\wth_generated_qc\LCA\LCA2020.WTH,normal_year;nitrogen_stress_year;low_response_year,normal,LCA2020_normal_grid_S0024,pareto_balanced,2020-06-29,181,21,16,"{""sim_day"": 21.0, ""doy"": 181.0, ""topwt"": 206.3205337524414, ""grnwt"": 0.0, ""xlai"": 0.4028259813785553, ""totir"": 0.0, ""tofer"": NaN, ""swfac"": 0.0, ""nstres"": 0.0071236491203308}",0.0,0.0071236491203308,206.3205337524414,0.0,0.4028259813785553,0.0,,0.0,0.0,30.0,225.0,6.502172851562506,18.502172851562506,Leave_One_experiments/all_year_offline_schedule_search/daily_outputs/LCA/LCA_2020_LCA2020_normal_grid_S0024_daily.csv
LCA,LCA,Luancheng,2020,Leave_One_experiments\wth_generated_qc\LCA\LCA2020.WTH,normal_year;nitrogen_stress_year;low_response_year,normal,LCA2020_normal_grid_S0024,pareto_balanced,2020-06-30,182,22,17,"{""sim_day"": 22.0, ""doy"": 182.0, ""topwt"": 268.57561111450195, ""grnwt"": 0.0, ""xlai"": 0.502075731754303, ""totir"": 0.0, ""tofer"": NaN, ""swfac"": 0.0, ""nstres"": 0.0}",0.0,0.0,268.57561111450195,0.0,0.502075731754303,0.0,,0.0,0.0,30.0,225.0,6.502172851562506,18.502172851562506,Leave_One_experiments/all_year_offline_schedule_search/daily_outputs/LCA/LCA_2020_LCA2020_normal_grid_S0024_daily.csv
LCA,LCA,Luancheng,2020,Leave_One_experiments\wth_generated_qc\LCA\LCA2020.WTH,normal_year;nitrogen_stress_year;low_response_year,normal,LCA2020_normal_grid_S0024,pareto_balanced,2020-07-01,183,23,18,"{""sim_day"": 23.0, ""doy"": 183.0, ""topwt"": 319.18121337890625, ""grnwt"": 0.0, ""xlai"": 0.5788179636001587, ""totir"": 0.0, ""tofer"": NaN, ""swfac"": 0.0, ""nstres"": 0.0}",0.0,0.0,319.18121337890625,0.0,0.5788179636001587,0.0,,0.0,0.0,30.0,225.0,6.502172851562506,18.502172851562506,Leave_One_experiments/all_year_offline_schedule_search/daily_outputs/LCA/LCA_2020_LCA2020_normal_grid_S0024_daily.csv
LCA,LCA,Luancheng,2020,Leave_One_experiments\wth_generated_qc\LCA\LCA2020.WTH,normal_year;nitrogen_stress_year;low_response_year,normal,LCA2020_normal_grid_S0024,pareto_balanced,2020-07-02,184,24,19,"{""sim_day"": 24.0, ""doy"": 184.0, ""topwt"": 381.7073059082031, ""grnwt"": 0.0, ""xlai"": 0.6702218651771545, ""totir"": 0.0, ""tofer"": NaN, ""swfac"": 0.0, ""nstres"": 0.0}",0.0,0.0,381.7073059082031,0.0,0.6702218651771545,0.0,,0.0,0.0,30.0,225.0,6.502172851562506,18.502172851562506,Leave_One_experiments/all_year_offline_schedule_search/daily_outputs/LCA/LCA_2020_LCA2020_normal_grid_S0024_daily.csv
LCA,LCA,Luancheng,2020,Leave_One_experiments\wth_generated_qc\LCA\LCA2020.WTH,normal_year;nitrogen_stress_year;low_response_year,normal,LCA2020_normal_grid_S0024,pareto_balanced,2020-07-03,185,25,20,"{""sim_day"": 25.0, ""doy"": 185.0, ""topwt"": 465.7897186279297, ""grnwt"": 0.0, ""xlai"": 0.7882079482078552, ""totir"": 0.0, ""tofer"": NaN, ""swfac"": 0.0, ""nstres"": 0.0}",0.0,0.0,465.7897186279297,0.0,0.7882079482078552,0.0,,0.0,0.0,30.0,225.0,6.502172851562506,18.502172851562506,Leave_One_experiments/all_year_offline_schedule_search/daily_outputs/LCA/LCA_2020_LCA2020_normal_grid_S0024_daily.csv
LCA,LCA,Luancheng,2020,Leave_One_experiments\wth_generated_qc\LCA\LCA2020.WTH,normal_year;nitrogen_stress_year;low_response_year,normal,LCA2020_normal_grid_S0024,pareto_balanced,2020-07-04,186,26,21,"{""sim_day"": 26.0, ""doy"": 186.0, ""topwt"": 584.6760559082031, ""grnwt"": 0.0, ""xlai"": 0.9465948939323424, ""totir"": 0.0, ""tofer"": NaN, ""swfac"": 0.0, ""nstres"": 0.0}",0.0,0.0,584.6760559082031,0.0,0.9465948939323424,0.0,,0.0,0.0,30.0,225.0,6.502172851562506,18.502172851562506,Leave_One_experiments/all_year_offline_schedule_search/daily_outputs/LCA/LCA_2020_LCA2020_normal_grid_S0024_daily.csv
LCA,LCA,Luancheng,2020,Leave_One_experiments\wth_generated_qc\LCA\LCA2020.WTH,normal_year;nitrogen_stress_year;low_response_year,normal,LCA2020_normal_grid_S0024,pareto_balanced,2020-07-05,187,27,22,"{""sim_day"": 27.0, ""doy"": 187.0, ""topwt"": 710.1585388183594, ""grnwt"": 0.0, ""xlai"": 1.1091723442077637, ""totir"": 0.0, ""tofer"": NaN, ""swfac"": 0.0, ""nstres"": 0.0}",0.0,0.0,710.1585388183594,0.0,1.1091723442077637,0.0,,0.0,0.0,30.0,225.0,6.502172851562506,18.502172851562506,Leave_One_experiments/all_year_offline_schedule_search/daily_outputs/LCA/LCA_2020_LCA2020_normal_grid_S0024_daily.csv
LCA,LCA,Luancheng,2020,Leave_One_experiments\wth_generated_qc\LCA\LCA2020.WTH,normal_year;nitrogen_stress_year;low_response_year,normal,LCA2020_normal_grid_S0024,pareto_balanced,2020-07-06,188,28,23,"{""sim_day"": 28.0, ""doy"": 188.0, ""topwt"": 879.9594879150391, ""grnwt"": 0.0, ""xlai"": 1.3140040636062622, ""totir"": 0.0, ""tofer"": NaN, ""swfac"": 0.0, ""nstres"": 0.0}",0.0,0.0,879.9594879150391,0.0,1.3140040636062622,0.0,,0.0,0.0,30.0,225.0,6.502172851562506,18.502172851562506,Leave_One_experiments/all_year_offline_schedule_search/daily_outputs/LCA/LCA_2020_LCA2020_normal_grid_S0024_daily.csv
LCA,LCA,Luancheng,2020,Leave_One_experiments\wth_generated_qc\LCA\LCA2020.WTH,normal_year;nitrogen_stress_year;low_response_year,normal,LCA2020_normal_grid_S0024,pareto_balanced,2020-07-07,189,29,24,"{""sim_day"": 29.0, ""doy"": 189.0, ""topwt"": 1054.3728637695312, ""grnwt"": 0.0, ""xlai"": 1.508500337600708, ""totir"": 0.0, ""tofer"": NaN, ""swfac"": 0.0, ""nstres"": 0.0}",0.0,0.0,1054.3728637695312,0.0,1.508500337600708,0.0,,0.0,0.0,30.0,225.0,6.502172851562506,18.502172851562506,Leave_One_experiments/all_year_offline_schedule_search/daily_outputs/LCA/LCA_2020_LCA2020_normal_grid_S0024_daily.csv
LCA,LCA,Luancheng,2020,Leave_One_experiments\wth_generated_qc\LCA\LCA2020.WTH,normal_year;nitrogen_stress_year;low_response_year,normal,LCA2020_normal_grid_S0024,pareto_balanced,2020-07-08,190,30,25,"{""sim_day"": 30.0, ""doy"": 190.0, ""topwt"": 1187.9263305664062, ""grnwt"": 0.0, ""xlai"": 1.647284746170044, ""totir"": 0.0, ""tofer"": NaN, ""swfac"": 0.0, ""nstres"": 0.0}",0.0,0.0,1187.9263305664062,0.0,1.647284746170044,0.0,,0.0,0.0,30.0,225.0,6.502172851562506,18.502172851562506,Leave_One_experiments/all_year_offline_schedule_search/daily_outputs/LCA/LCA_2020_LCA2020_normal_grid_S0024_daily.csv
LCA,LCA,Luancheng,2020,Leave_One_experiments\wth_generated_qc\LCA\LCA2020.WTH,normal_year;nitrogen_stress_year;low_response_year,normal,LCA2020_normal_grid_S0024,pareto_balanced,2020-07-09,191,31,26,"{""sim_day"": 31.0, ""doy"": 191.0, ""topwt"": 1302.888641357422, ""grnwt"": 0.0, ""xlai"": 1.759897232055664, ""totir"": 0.0, ""tofer"": NaN, ""swfac"": 0.0, ""nstres"": 0.0}",0.0,0.0,1302.888641357422,0.0,1.759897232055664,0.0,,0.0,0.0,30.0,225.0,6.502172851562506,18.502172851562506,Leave_One_experiments/all_year_offline_schedule_search/daily_outputs/LCA/LCA_2020_LCA2020_normal_grid_S0024_daily.csv
LCA,LCA,Luancheng,2020,Leave_One_experiments\wth_generated_qc\LCA\LCA2020.WTH,normal_year;nitrogen_stress_year;low_response_year,normal,LCA2020_normal_grid_S0024,pareto_balanced,2020-07-10,192,32,27,"{""sim_day"": 32.0, ""doy"": 192.0, ""topwt"": 1384.8428344726562, ""grnwt"": 0.0, ""xlai"": 1.835488200187683, ""totir"": 0.0, ""tofer"": NaN, ""swfac"": 0.0, ""nstres"": 0.0}",0.0,0.0,1384.8428344726562,0.0,1.835488200187683,0.0,,0.0,0.0,30.0,225.0,6.502172851562506,18.502172851562506,Leave_One_experiments/all_year_offline_schedule_search/daily_outputs/LCA/LCA_2020_LCA2020_normal_grid_S0024_daily.csv
LCA,LCA,Luancheng,2020,Leave_One_experiments\wth_generated_qc\LCA\LCA2020.WTH,normal_year;nitrogen_stress_year;low_response_year,normal,LCA2020_normal_grid_S0024,pareto_balanced,2020-07-11,193,33,28,"{""sim_day"": 33.0, ""doy"": 193.0, ""topwt"": 1461.5286254882812, ""grnwt"": 0.0, ""xlai"": 1.9022581577301023, ""totir"": 0.0, ""tofer"": NaN, ""swfac"": 0.0, ""nstres"": 0.0}",0.0,0.0,1461.5286254882812,0.0,1.9022581577301023,0.0,,0.0,0.0,30.0,225.0,6.502172851562506,18.502172851562506,Leave_One_experiments/all_year_offline_schedule_search/daily_outputs/LCA/LCA_2020_LCA2020_normal_grid_S0024_daily.csv
LCA,LCA,Luancheng,2020,Leave_One_experiments\wth_generated_qc\LCA\LCA2020.WTH,normal_year;nitrogen_stress_year;low_response_year,normal,LCA2020_normal_grid_S0024,pareto_balanced,2020-07-12,194,34,29,"{""sim_day"": 34.0, ""doy"": 194.0, ""topwt"": 1671.5692138671875, ""grnwt"": 0.0, ""xlai"": 2.072340250015259, ""totir"": 0.0, ""tofer"": NaN, ""swfac"": 0.0, ""nstres"": 0.0}",0.0,0.0,1671.5692138671875,0.0,2.072340250015259,0.0,,0.0,0.0,30.0,225.0,6.502172851562506,18.502172851562506,Leave_One_experiments/all_year_offline_schedule_search/daily_outputs/LCA/LCA_2020_LCA2020_normal_grid_S0024_daily.csv
LCA,LCA,Luancheng,2020,Leave_One_experiments\wth_generated_qc\LCA\LCA2020.WTH,normal_year;nitrogen_stress_year;low_response_year,normal,LCA2020_normal_grid_S0024,pareto_balanced,2020-07-13,195,35,30,"{""sim_day"": 35.0, ""doy"": 195.0, ""topwt"": 1935.9378051757808, ""grnwt"": 0.0, ""xlai"": 2.267629384994507, ""totir"": 0.0, ""tofer"": NaN, ""swfac"": 0.0, ""nstres"": 0.0}",0.0,0.0,1935.9378051757808,0.0,2.267629384994507,0.0,,0.0,75.0,30.0,225.0,6.502172851562506,18.502172851562506,Leave_One_experiments/all_year_offline_schedule_search/daily_outputs/LCA/LCA_2020_LCA2020_normal_grid_S0024_daily.csv
LCA,LCA,Luancheng,2020,Leave_One_experiments\wth_generated_qc\LCA\LCA2020.WTH,normal_year;nitrogen_stress_year;low_response_year,normal,LCA2020_normal_grid_S0024,pareto_balanced,2020-07-14,196,36,31,"{""sim_day"": 36.0, ""doy"": 196.0, ""topwt"": 2217.9286193847656, ""grnwt"": 0.0, ""xlai"": 2.457659244537353, ""totir"": 0.0, ""tofer"": NaN, ""swfac"": 0.0, ""nstres"": 0.0}",0.0,0.0,2217.9286193847656,0.0,2.457659244537353,0.0,,0.0,0.0,30.0,225.0,6.502172851562506,18.502172851562506,Leave_One_experiments/all_year_offline_schedule_search/daily_outputs/LCA/LCA_2020_LCA2020_normal_grid_S0024_daily.csv
LCA,LCA,Luancheng,2020,Leave_One_experiments\wth_generated_qc\LCA\LCA2020.WTH,normal_year;nitrogen_stress_year;low_response_year,normal,LCA2020_normal_grid_S0024,pareto_balanced,2020-07-15,197,37,32,"{""sim_day"": 37.0, ""doy"": 197.0, ""topwt"": 2530.634002685547, ""grnwt"": 0.0, ""xlai"": 2.6497790813446045, ""totir"": 0.0, ""tofer"": NaN, ""swfac"": 0.0, ""nstres"": 0.0}",0.0,0.0,2530.634002685547,0.0,2.6497790813446045,0.0,,0.0,0.0,30.0,225.0,6.502172851562506,18.502172851562506,Leave_One_experiments/all_year_offline_schedule_search/daily_outputs/LCA/LCA_2020_LCA2020_normal_grid_S0024_daily.csv
LCA,LCA,Luancheng,2020,Leave_One_experiments\wth_generated_qc\LCA\LCA2020.WTH,normal_year;nitrogen_stress_year;low_response_year,normal,LCA2020_normal_grid_S0024,pareto_balanced,2020-07-16,198,38,33,"{""sim_day"": 38.0, ""doy"": 198.0, ""topwt"": 2820.722045898437, ""grnwt"": 0.0, ""xlai"": 2.812175750732422, ""totir"": 0.0, ""tofer"": NaN, ""swfac"": 0.0, ""nstres"": 0.0}",0.0,0.0,2820.722045898437,0.0,2.812175750732422,0.0,,0.0,0.0,30.0,225.0,6.502172851562506,18.502172851562506,Leave_One_experiments/all_year_offline_schedule_search/daily_outputs/LCA/LCA_2020_LCA2020_normal_grid_S0024_daily.csv
LCA,LCA,Luancheng,2020,Leave_One_experiments\wth_generated_qc\LCA\LCA2020.WTH,normal_year;nitrogen_stress_year;low_response_year,normal,LCA2020_normal_grid_S0024,pareto_balanced,2020-07-17,199,39,34,"{""sim_day"": 39.0, ""doy"": 199.0, ""topwt"": 3018.3453369140625, ""grnwt"": 0.0, ""xlai"": 2.9143218994140625, ""totir"": 0.0, ""tofer"": NaN, ""swfac"": 0.0, ""nstres"": 0.0}",0.0,0.0,3018.3453369140625,0.0,2.9143218994140625,0.0,,0.0,0.0,30.0,225.0,6.502172851562506,18.502172851562506,Leave_One_experiments/all_year_offline_schedule_search/daily_outputs/LCA/LCA_2020_LCA2020_normal_grid_S0024_daily.csv
LCA,LCA,Luancheng,2020,Leave_One_experiments\wth_generated_qc\LCA\LCA2020.WTH,normal_year;nitrogen_stress_year;low_response_year,normal,LCA2020_normal_grid_S0024,pareto_balanced,2020-07-18,200,40,35,"{""sim_day"": 40.0, ""doy"": 200.0, ""topwt"": 3383.125915527344, ""grnwt"": 0.0, ""xlai"": 3.087945938110352, ""totir"": 30.0, ""tofer"": NaN, ""swfac"": 0.0, ""nstres"": 0.0}",0.0,0.0,3383.125915527344,0.0,3.087945938110352,30.0,,30.0,0.0,30.0,225.0,6.502172851562506,18.502172851562506,Leave_One_experiments/all_year_offline_schedule_search/daily_outputs/LCA/LCA_2020_LCA2020_normal_grid_S0024_daily.csv
LCA,LCA,Luancheng,2020,Leave_One_experiments\wth_generated_qc\LCA\LCA2020.WTH,normal_year;nitrogen_stress_year;low_response_year,normal,LCA2020_normal_grid_S0024,pareto_balanced,2020-07-19,201,41,36,"{""sim_day"": 41.0, ""doy"": 201.0, ""topwt"": 3822.021789550781, ""grnwt"": 0.0, ""xlai"": 3.279170513153076, ""totir"": 30.0, ""tofer"": NaN, ""swfac"": 0.0, ""nstres"": 0.0}",0.0,0.0,3822.021789550781,0.0,3.279170513153076,30.0,,0.0,0.0,30.0,225.0,6.502172851562506,18.502172851562506,Leave_One_experiments/all_year_offline_schedule_search/daily_outputs/LCA/LCA_2020_LCA2020_normal_grid_S0024_daily.csv
LCA,LCA,Luancheng,2020,Leave_One_experiments\wth_generated_qc\LCA\LCA2020.WTH,normal_year;nitrogen_stress_year;low_response_year,normal,LCA2020_normal_grid_S0024,pareto_balanced,2020-07-20,202,42,37,"{""sim_day"": 42.0, ""doy"": 202.0, ""topwt"": 4158.979797363281, ""grnwt"": 0.0, ""xlai"": 3.505509614944458, ""totir"": 30.0, ""tofer"": NaN, ""swfac"": 0.0, ""nstres"": 0.0}",0.0,0.0,4158.979797363281,0.0,3.505509614944458,30.0,,0.0,0.0,30.0,225.0,6.502172851562506,18.502172851562506,Leave_One_experiments/all_year_offline_schedule_search/daily_outputs/LCA/LCA_2020_LCA2020_normal_grid_S0024_daily.csv
LCA,LCA,Luancheng,2020,Leave_One_experiments\wth_generated_qc\LCA\LCA2020.WTH,normal_year;nitrogen_stress_year;low_response_year,normal,LCA2020_normal_grid_S0024,pareto_balanced,2020-07-21,203,43,38,"{""sim_day"": 43.0, ""doy"": 203.0, ""topwt"": 4393.568115234375, ""grnwt"": 0.0, ""xlai"": 3.610179662704468, ""totir"": 30.0, ""tofer"": NaN, ""swfac"": 0.0, ""nstres"": 0.0}",0.0,0.0,4393.568115234375,0.0,3.610179662704468,30.0,,0.0,0.0,30.0,225.0,6.502172851562506,18.502172851562506,Leave_One_experiments/all_year_offline_schedule_search/daily_outputs/LCA/LCA_2020_LCA2020_normal_grid_S0024_daily.csv
LCA,LCA,Luancheng,2020,Leave_One_experiments\wth_generated_qc\LCA\LCA2020.WTH,normal_year;nitrogen_stress_year;low_response_year,normal,LCA2020_normal_grid_S0024,pareto_balanced,2020-07-22,204,44,39,"{""sim_day"": 44.0, ""doy"": 204.0, ""topwt"": 4816.5966796875, ""grnwt"": 0.0, ""xlai"": 3.766524791717529, ""totir"": 30.0, ""tofer"": NaN, ""swfac"": 0.0, ""nstres"": 0.0}",0.0,0.0,4816.5966796875,0.0,3.766524791717529,30.0,,0.0,0.0,30.0,225.0,6.502172851562506,18.502172851562506,Leave_One_experiments/all_year_offline_schedule_search/daily_outputs/LCA/LCA_2020_LCA2020_normal_grid_S0024_daily.csv
LCA,LCA,Luancheng,2020,Leave_One_experiments\wth_generated_qc\LCA\LCA2020.WTH,normal_year;nitrogen_stress_year;low_response_year,normal,LCA2020_normal_grid_S0024,pareto_balanced,2020-07-23,205,45,40,"{""sim_day"": 45.0, ""doy"": 205.0, ""topwt"": 5268.657836914063, ""grnwt"": 0.0, ""xlai"": 3.913300275802612, ""totir"": 30.0, ""tofer"": NaN, ""swfac"": 0.0, ""nstres"": 0.0}",0.0,0.0,5268.657836914063,0.0,3.913300275802612,30.0,,0.0,0.0,30.0,225.0,6.502172851562506,18.502172851562506,Leave_One_experiments/all_year_offline_schedule_search/daily_outputs/LCA/LCA_2020_LCA2020_normal_grid_S0024_daily.csv
LCA,LCA,Luancheng,2020,Leave_One_experiments\wth_generated_qc\LCA\LCA2020.WTH,normal_year;nitrogen_stress_year;low_response_year,normal,LCA2020_normal_grid_S0024,pareto_balanced,2020-07-24,206,46,41,"{""sim_day"": 46.0, ""doy"": 206.0, ""topwt"": 5412.755737304688, ""grnwt"": 0.0, ""xlai"": 3.955699920654297, ""totir"": 30.0, ""tofer"": NaN, ""swfac"": 0.0, ""nstres"": 0.0}",0.0,0.0,5412.755737304688,0.0,3.955699920654297,30.0,,0.0,0.0,30.0,225.0,6.502172851562506,18.502172851562506,Leave_One_experiments/all_year_offline_schedule_search/daily_outputs/LCA/LCA_2020_LCA2020_normal_grid_S0024_daily.csv
LCA,LCA,Luancheng,2020,Leave_One_experiments\wth_generated_qc\LCA\LCA2020.WTH,normal_year;nitrogen_stress_year;low_response_year,normal,LCA2020_normal_grid_S0024,pareto_balanced,2020-07-25,207,47,42,"{""sim_day"": 47.0, ""doy"": 207.0, ""topwt"": 5653.2305908203125, ""grnwt"": 0.0, ""xlai"": 4.0217604637146, ""totir"": 30.0, ""tofer"": NaN, ""swfac"": 0.0, ""nstres"": 0.0}",0.0,0.0,5653.2305908203125,0.0,4.0217604637146,30.0,,0.0,0.0,30.0,225.0,6.502172851562506,18.502172851562506,Leave_One_experiments/all_year_offline_schedule_search/daily_outputs/LCA/LCA_2020_LCA2020_normal_grid_S0024_daily.csv
LCA,LCA,Luancheng,2020,Leave_One_experiments\wth_generated_qc\LCA\LCA2020.WTH,normal_year;nitrogen_stress_year;low_response_year,normal,LCA2020_normal_grid_S0024,pareto_balanced,2020-07-26,208,48,43,"{""sim_day"": 48.0, ""doy"": 208.0, ""topwt"": 5798.038940429688, ""grnwt"": 0.0, ""xlai"": 4.058389663696289, ""totir"": 30.0, ""tofer"": NaN, ""swfac"": 0.0, ""nstres"": 0.0}",0.0,0.0,5798.038940429688,0.0,4.058389663696289,30.0,,0.0,0.0,30.0,225.0,6.502172851562506,18.502172851562506,Leave_One_experiments/all_year_offline_schedule_search/daily_outputs/LCA/LCA_2020_LCA2020_normal_grid_S0024_daily.csv
LCA,LCA,Luancheng,2020,Leave_One_experiments\wth_generated_qc\LCA\LCA2020.WTH,normal_year;nitrogen_stress_year;low_response_year,normal,LCA2020_normal_grid_S0024,pareto_balanced,2020-07-27,209,49,44,"{""sim_day"": 49.0, ""doy"": 209.0, ""topwt"": 6112.469482421875, ""grnwt"": 0.0, ""xlai"": 4.133463382720947, ""totir"": 30.0, ""tofer"": NaN, ""swfac"": 0.0, ""nstres"": 0.0}",0.0,0.0,6112.469482421875,0.0,4.133463382720947,30.0,,0.0,0.0,30.0,225.0,6.502172851562506,18.502172851562506,Leave_One_experiments/all_year_offline_schedule_search/daily_outputs/LCA/LCA_2020_LCA2020_normal_grid_S0024_daily.csv
LCA,LCA,Luancheng,2020,Leave_One_experiments\wth_generated_qc\LCA\LCA2020.WTH,normal_year;nitrogen_stress_year;low_response_year,normal,LCA2020_normal_grid_S0024,pareto_balanced,2020-07-28,210,50,45,"{""sim_day"": 50.0, ""doy"": 210.0, ""topwt"": 6468.081665039063, ""grnwt"": 0.0, ""xlai"": 4.2159743309021, ""totir"": 30.0, ""tofer"": NaN, ""swfac"": 0.0, ""nstres"": 0.0}",0.0,0.0,6468.081665039063,0.0,4.2159743309021,30.0,,0.0,0.0,30.0,225.0,6.502172851562506,18.502172851562506,Leave_One_experiments/all_year_offline_schedule_search/daily_outputs/LCA/LCA_2020_LCA2020_normal_grid_S0024_daily.csv
LCA,LCA,Luancheng,2020,Leave_One_experiments\wth_generated_qc\LCA\LCA2020.WTH,normal_year;nitrogen_stress_year;low_response_year,normal,LCA2020_normal_grid_S0024,pareto_balanced,2020-07-29,211,51,46,"{""sim_day"": 51.0, ""doy"": 211.0, ""topwt"": 6867.0098876953125, ""grnwt"": 0.0, ""xlai"": 4.306032657623291, ""totir"": 30.0, ""tofer"": NaN, ""swfac"": 0.0, ""nstres"": 0.0}",0.0,0.0,6867.0098876953125,0.0,4.306032657623291,30.0,,0.0,0.0,30.0,225.0,6.502172851562506,18.502172851562506,Leave_One_experiments/all_year_offline_schedule_search/daily_outputs/LCA/LCA_2020_LCA2020_normal_grid_S0024_daily.csv
LCA,LCA,Luancheng,2020,Leave_One_experiments\wth_generated_qc\LCA\LCA2020.WTH,normal_year;nitrogen_stress_year;low_response_year,normal,LCA2020_normal_grid_S0024,pareto_balanced,2020-07-30,212,52,47,"{""sim_day"": 52.0, ""doy"": 212.0, ""topwt"": 7208.4033203125, ""grnwt"": 0.0, ""xlai"": 4.378570079803467, ""totir"": 30.0, ""tofer"": NaN, ""swfac"": 0.0, ""nstres"": 0.0}",0.0,0.0,7208.4033203125,0.0,4.378570079803467,30.0,,0.0,0.0,30.0,225.0,6.502172851562506,18.502172851562506,Leave_One_experiments/all_year_offline_schedule_search/daily_outputs/LCA/LCA_2020_LCA2020_normal_grid_S0024_daily.csv
LCA,LCA,Luancheng,2020,Leave_One_experiments\wth_generated_qc\LCA\LCA2020.WTH,normal_year;nitrogen_stress_year;low_response_year,normal,LCA2020_normal_grid_S0024,pareto_balanced,2020-07-31,213,53,48,"{""sim_day"": 53.0, ""doy"": 213.0, ""topwt"": 7507.05322265625, ""grnwt"": 0.0, ""xlai"": 4.205812454223633, ""totir"": 30.0, ""tofer"": NaN, ""swfac"": 0.0, ""nstres"": 0.0}",0.0,0.0,7507.05322265625,0.0,4.205812454223633,30.0,,0.0,0.0,30.0,225.0,6.502172851562506,18.502172851562506,Leave_One_experiments/all_year_offline_schedule_search/daily_outputs/LCA/LCA_2020_LCA2020_normal_grid_S0024_daily.csv
LCA,LCA,Luancheng,2020,Leave_One_experiments\wth_generated_qc\LCA\LCA2020.WTH,normal_year;nitrogen_stress_year;low_response_year,normal,LCA2020_normal_grid_S0024,pareto_balanced,2020-08-01,214,54,49,"{""sim_day"": 54.0, ""doy"": 214.0, ""topwt"": 7953.7042236328125, ""grnwt"": 0.0, ""xlai"": 4.184782981872559, ""totir"": 30.0, ""tofer"": NaN, ""swfac"": 0.0, ""nstres"": 0.0}",0.0,0.0,7953.7042236328125,0.0,4.184782981872559,30.0,,0.0,0.0,30.0,225.0,6.502172851562506,18.502172851562506,Leave_One_experiments/all_year_offline_schedule_search/daily_outputs/LCA/LCA_2020_LCA2020_normal_grid_S0024_daily.csv
LCA,LCA,Luancheng,2020,Leave_One_experiments\wth_generated_qc\LCA\LCA2020.WTH,normal_year;nitrogen_stress_year;low_response_year,normal,LCA2020_normal_grid_S0024,pareto_balanced,2020-08-02,215,55,50,"{""sim_day"": 55.0, ""doy"": 215.0, ""topwt"": 8266.68212890625, ""grnwt"": 0.0, ""xlai"": 4.160029888153076, ""totir"": 30.0, ""tofer"": NaN, ""swfac"": 0.0, ""nstres"": 0.0}",0.0,0.0,8266.68212890625,0.0,4.160029888153076,30.0,,0.0,0.0,30.0,225.0,6.502172851562506,18.502172851562506,Leave_One_experiments/all_year_offline_schedule_search/daily_outputs/LCA/LCA_2020_LCA2020_normal_grid_S0024_daily.csv
LCA,LCA,Luancheng,2020,Leave_One_experiments\wth_generated_qc\LCA\LCA2020.WTH,normal_year;nitrogen_stress_year;low_response_year,normal,LCA2020_normal_grid_S0024,pareto_balanced,2020-08-03,216,56,51,"{""sim_day"": 56.0, ""doy"": 216.0, ""topwt"": 8584.693603515625, ""grnwt"": 0.0, ""xlai"": 4.13624906539917, ""totir"": 30.0, ""tofer"": NaN, ""swfac"": 0.0, ""nstres"": 0.0}",0.0,0.0,8584.693603515625,0.0,4.13624906539917,30.0,,0.0,0.0,30.0,225.0,6.502172851562506,18.502172851562506,Leave_One_experiments/all_year_offline_schedule_search/daily_outputs/LCA/LCA_2020_LCA2020_normal_grid_S0024_daily.csv
LCA,LCA,Luancheng,2020,Leave_One_experiments\wth_generated_qc\LCA\LCA2020.WTH,normal_year;nitrogen_stress_year;low_response_year,normal,LCA2020_normal_grid_S0024,pareto_balanced,2020-08-04,217,57,52,"{""sim_day"": 57.0, ""doy"": 217.0, ""topwt"": 8600.10009765625, ""grnwt"": 0.0, ""xlai"": 4.116105556488037, ""totir"": 30.0, ""tofer"": NaN, ""swfac"": 0.0, ""nstres"": 0.0}",0.0,0.0,8600.10009765625,0.0,4.116105556488037,30.0,,0.0,0.0,30.0,225.0,6.502172851562506,18.502172851562506,Leave_One_experiments/all_year_offline_schedule_search/daily_outputs/LCA/LCA_2020_LCA2020_normal_grid_S0024_daily.csv
LCA,LCA,Luancheng,2020,Leave_One_experiments\wth_generated_qc\LCA\LCA2020.WTH,normal_year;nitrogen_stress_year;low_response_year,normal,LCA2020_normal_grid_S0024,pareto_balanced,2020-08-05,218,58,53,"{""sim_day"": 58.0, ""doy"": 218.0, ""topwt"": 8586.588745117188, ""grnwt"": 0.0, ""xlai"": 4.099724769592285, ""totir"": 30.0, ""tofer"": NaN, ""swfac"": 0.0, ""nstres"": 0.0}",0.0,0.0,8586.588745117188,0.0,4.099724769592285,30.0,,0.0,0.0,30.0,225.0,6.502172851562506,18.502172851562506,Leave_One_experiments/all_year_offline_schedule_search/daily_outputs/LCA/LCA_2020_LCA2020_normal_grid_S0024_daily.csv
LCA,LCA,Luancheng,2020,Leave_One_experiments\wth_generated_qc\LCA\LCA2020.WTH,normal_year;nitrogen_stress_year;low_response_year,normal,LCA2020_normal_grid_S0024,pareto_balanced,2020-08-06,219,59,54,"{""sim_day"": 59.0, ""doy"": 219.0, ""topwt"": 8709.506225585938, ""grnwt"": 0.0, ""xlai"": 4.07908296585083, ""totir"": 30.0, ""tofer"": NaN, ""swfac"": 0.0, ""nstres"": 0.0}",0.0,0.0,8709.506225585938,0.0,4.07908296585083,30.0,,0.0,0.0,30.0,225.0,6.502172851562506,18.502172851562506,Leave_One_experiments/all_year_offline_schedule_search/daily_outputs/LCA/LCA_2020_LCA2020_normal_grid_S0024_daily.csv
LCA,LCA,Luancheng,2020,Leave_One_experiments\wth_generated_qc\LCA\LCA2020.WTH,normal_year;nitrogen_stress_year;low_response_year,normal,LCA2020_normal_grid_S0024,pareto_balanced,2020-08-07,220,60,55,"{""sim_day"": 60.0, ""doy"": 220.0, ""topwt"": 9042.897338867188, ""grnwt"": 0.0, ""xlai"": 4.056947708129883, ""totir"": 30.0, ""tofer"": NaN, ""swfac"": 0.0, ""nstres"": 0.0}",0.0,0.0,9042.897338867188,0.0,4.056947708129883,30.0,,0.0,0.0,30.0,225.0,6.502172851562506,18.502172851562506,Leave_One_experiments/all_year_offline_schedule_search/daily_outputs/LCA/LCA_2020_LCA2020_normal_grid_S0024_daily.csv
LCA,LCA,Luancheng,2020,Leave_One_experiments\wth_generated_qc\LCA\LCA2020.WTH,normal_year;nitrogen_stress_year;low_response_year,normal,LCA2020_normal_grid_S0024,pareto_balanced,2020-08-08,221,61,56,"{""sim_day"": 61.0, ""doy"": 221.0, ""topwt"": 9428.060913085938, ""grnwt"": 0.0, ""xlai"": 4.034700870513916, ""totir"": 30.0, ""tofer"": NaN, ""swfac"": 0.0, ""nstres"": 0.0}",0.0,0.0,9428.060913085938,0.0,4.034700870513916,30.0,,0.0,0.0,30.0,225.0,6.502172851562506,18.502172851562506,Leave_One_experiments/all_year_offline_schedule_search/daily_outputs/LCA/LCA_2020_LCA2020_normal_grid_S0024_daily.csv
LCA,LCA,Luancheng,2020,Leave_One_experiments\wth_generated_qc\LCA\LCA2020.WTH,normal_year;nitrogen_stress_year;low_response_year,normal,LCA2020_normal_grid_S0024,pareto_balanced,2020-08-09,222,62,57,"{""sim_day"": 62.0, ""doy"": 222.0, ""topwt"": 9734.927368164062, ""grnwt"": 306.8659973144531, ""xlai"": 3.948533773422241, ""totir"": 30.0, ""tofer"": NaN, ""swfac"": 0.0, ""nstres"": 0.0}",0.0,0.0,9734.927368164062,306.8659973144531,3.948533773422241,30.0,,0.0,0.0,30.0,225.0,6.502172851562506,18.502172851562506,Leave_One_experiments/all_year_offline_schedule_search/daily_outputs/LCA/LCA_2020_LCA2020_normal_grid_S0024_daily.csv
LCA,LCA,Luancheng,2020,Leave_One_experiments\wth_generated_qc\LCA\LCA2020.WTH,normal_year;nitrogen_stress_year;low_response_year,normal,LCA2020_normal_grid_S0024,pareto_balanced,2020-08-10,223,63,58,"{""sim_day"": 63.0, ""doy"": 223.0, ""topwt"": 9976.583862304688, ""grnwt"": 548.52294921875, ""xlai"": 3.934015035629273, ""totir"": 30.0, ""tofer"": NaN, ""swfac"": 0.0, ""nstres"": 0.0}",0.0,0.0,9976.583862304688,548.52294921875,3.934015035629273,30.0,,0.0,0.0,30.0,225.0,6.502172851562506,18.502172851562506,Leave_One_experiments/all_year_offline_schedule_search/daily_outputs/LCA/LCA_2020_LCA2020_normal_grid_S0024_daily.csv
LCA,LCA,Luancheng,2020,Leave_One_experiments\wth_generated_qc\LCA\LCA2020.WTH,normal_year;nitrogen_stress_year;low_response_year,normal,LCA2020_normal_grid_S0024,pareto_balanced,2020-08-11,224,64,59,"{""sim_day"": 64.0, ""doy"": 224.0, ""topwt"": 10083.24951171875, ""grnwt"": 855.3889465332031, ""xlai"": 3.917979240417481, ""totir"": 30.0, ""tofer"": NaN, ""swfac"": 0.0, ""nstres"": 0.0}",0.0,0.0,10083.24951171875,855.3889465332031,3.917979240417481,30.0,,0.0,0.0,30.0,225.0,6.502172851562506,18.502172851562506,Leave_One_experiments/all_year_offline_schedule_search/daily_outputs/LCA/LCA_2020_LCA2020_normal_grid_S0024_daily.csv
LCA,LCA,Luancheng,2020,Leave_One_experiments\wth_generated_qc\LCA\LCA2020.WTH,normal_year;nitrogen_stress_year;low_response_year,normal,LCA2020_normal_grid_S0024,pareto_balanced,2020-08-12,225,65,60,"{""sim_day"": 65.0, ""doy"": 225.0, ""topwt"": 10363.646240234377, ""grnwt"": 1068.2771301269531, ""xlai"": 3.895707368850708, ""totir"": 30.0, ""tofer"": NaN, ""swfac"": 0.0, ""nstres"": 0.0}",0.0,0.0,10363.646240234377,1068.2771301269531,3.895707368850708,30.0,,0.0,75.0,30.0,225.0,6.502172851562506,18.502172851562506,Leave_One_experiments/all_year_offline_schedule_search/daily_outputs/LCA/LCA_2020_LCA2020_normal_grid_S0024_daily.csv
LCA,LCA,Luancheng,2020,Leave_One_experiments\wth_generated_qc\LCA\LCA2020.WTH,normal_year;nitrogen_stress_year;low_response_year,normal,LCA2020_normal_grid_S0024,pareto_balanced,2020-08-13,226,66,61,"{""sim_day"": 66.0, ""doy"": 226.0, ""topwt"": 10634.854736328123, ""grnwt"": 1210.2027130126953, ""xlai"": 3.8670732975006095, ""totir"": 30.0, ""tofer"": NaN, ""swfac"": 0.0, ""nstres"": 0.0}",0.0,0.0,10634.854736328123,1210.2027130126953,3.8670732975006095,30.0,,0.0,0.0,30.0,225.0,6.502172851562506,18.502172851562506,Leave_One_experiments/all_year_offline_schedule_search/daily_outputs/LCA/LCA_2020_LCA2020_normal_grid_S0024_daily.csv
LCA,LCA,Luancheng,2020,Leave_One_experiments\wth_generated_qc\LCA\LCA2020.WTH,normal_year;nitrogen_stress_year;low_response_year,normal,LCA2020_normal_grid_S0024,pareto_balanced,2020-08-14,227,67,62,"{""sim_day"": 67.0, ""doy"": 227.0, ""topwt"": 10721.1181640625, ""grnwt"": 1517.0686340332031, ""xlai"": 3.840656042098999, ""totir"": 30.0, ""tofer"": NaN, ""swfac"": 0.0, ""nstres"": 0.0}",0.0,0.0,10721.1181640625,1517.0686340332031,3.840656042098999,30.0,,0.0,0.0,30.0,225.0,6.502172851562506,18.502172851562506,Leave_One_experiments/all_year_offline_schedule_search/daily_outputs/LCA/LCA_2020_LCA2020_normal_grid_S0024_daily.csv
LCA,LCA,Luancheng,2020,Leave_One_experiments\wth_generated_qc\LCA\LCA2020.WTH,normal_year;nitrogen_stress_year;low_response_year,normal,LCA2020_normal_grid_S0024,pareto_balanced,2020-08-15,228,68,63,"{""sim_day"": 68.0, ""doy"": 228.0, ""topwt"": 10795.244140625, ""grnwt"": 1823.934631347656, ""xlai"": 3.8159329891204834, ""totir"": 30.0, ""tofer"": NaN, ""swfac"": 0.0, ""nstres"": 0.0}",0.0,0.0,10795.244140625,1823.934631347656,3.8159329891204834,30.0,,0.0,0.0,30.0,225.0,6.502172851562506,18.502172851562506,Leave_One_experiments/all_year_offline_schedule_search/daily_outputs/LCA/LCA_2020_LCA2020_normal_grid_S0024_daily.csv
LCA,LCA,Luancheng,2020,Leave_One_experiments\wth_generated_qc\LCA\LCA2020.WTH,normal_year;nitrogen_stress_year;low_response_year,normal,LCA2020_normal_grid_S0024,pareto_balanced,2020-08-16,229,69,64,"{""sim_day"": 69.0, ""doy"": 229.0, ""topwt"": 10961.319580078123, ""grnwt"": 2130.8006286621094, ""xlai"": 3.7836568355560303, ""totir"": 30.0, ""tofer"": NaN, ""swfac"": 0.0, ""nstres"": 0.0}",0.0,0.0,10961.319580078123,2130.8006286621094,3.7836568355560303,30.0,,0.0,0.0,30.0,225.0,6.502172851562506,18.502172851562506,Leave_One_experiments/all_year_offline_schedule_search/daily_outputs/LCA/LCA_2020_LCA2020_normal_grid_S0024_daily.csv
LCA,LCA,Luancheng,2020,Leave_One_experiments\wth_generated_qc\LCA\LCA2020.WTH,normal_year;nitrogen_stress_year;low_response_year,normal,LCA2020_normal_grid_S0024,pareto_balanced,2020-08-17,230,70,65,"{""sim_day"": 70.0, ""doy"": 230.0, ""topwt"": 11201.239013671877, ""grnwt"": 2360.9503173828125, ""xlai"": 3.7395174503326416, ""totir"": 30.0, ""tofer"": NaN, ""swfac"": 0.0, ""nstres"": 0.0}",0.0,0.0,11201.239013671877,2360.9503173828125,3.7395174503326416,30.0,,0.0,0.0,30.0,225.0,6.502172851562506,18.502172851562506,Leave_One_experiments/all_year_offline_schedule_search/daily_outputs/LCA/LCA_2020_LCA2020_normal_grid_S0024_daily.csv
LCA,LCA,Luancheng,2020,Leave_One_experiments\wth_generated_qc\LCA\LCA2020.WTH,normal_year;nitrogen_stress_year;low_response_year,normal,LCA2020_normal_grid_S0024,pareto_balanced,2020-08-18,231,71,66,"{""sim_day"": 71.0, ""doy"": 231.0, ""topwt"": 11364.644775390623, ""grnwt"": 2667.816162109375, ""xlai"": 3.7016096115112314, ""totir"": 30.0, ""tofer"": NaN, ""swfac"": 0.0, ""nstres"": 0.0}",0.0,0.0,11364.644775390623,2667.816162109375,3.7016096115112314,30.0,,0.0,0.0,30.0,225.0,6.502172851562506,18.502172851562506,Leave_One_experiments/all_year_offline_schedule_search/daily_outputs/LCA/LCA_2020_LCA2020_normal_grid_S0024_daily.csv
LCA,LCA,Luancheng,2020,Leave_One_experiments\wth_generated_qc\LCA\LCA2020.WTH,normal_year;nitrogen_stress_year;low_response_year,normal,LCA2020_normal_grid_S0024,pareto_balanced,2020-08-19,232,72,67,"{""sim_day"": 72.0, ""doy"": 232.0, ""topwt"": 11694.066162109377, ""grnwt"": 2974.6823120117188, ""xlai"": 3.6565866470336914, ""totir"": 30.0, ""tofer"": NaN, ""swfac"": 0.0, ""nstres"": 0.0}",0.0,0.0,11694.066162109377,2974.6823120117188,3.6565866470336914,30.0,,0.0,0.0,30.0,225.0,6.502172851562506,18.502172851562506,Leave_One_experiments/all_year_offline_schedule_search/daily_outputs/LCA/LCA_2020_LCA2020_normal_grid_S0024_daily.csv
LCA,LCA,Luancheng,2020,Leave_One_experiments\wth_generated_qc\LCA\LCA2020.WTH,normal_year;nitrogen_stress_year;low_response_year,normal,LCA2020_normal_grid_S0024,pareto_balanced,2020-08-20,233,73,68,"{""sim_day"": 73.0, ""doy"": 233.0, ""topwt"": 12100.3857421875, ""grnwt"": 3281.548156738281, ""xlai"": 3.608964443206787, ""totir"": 30.0, ""tofer"": NaN, ""swfac"": 0.0, ""nstres"": 0.0}",0.0,0.0,12100.3857421875,3281.548156738281,3.608964443206787,30.0,,0.0,0.0,30.0,225.0,6.502172851562506,18.502172851562506,Leave_One_experiments/all_year_offline_schedule_search/daily_outputs/LCA/LCA_2020_LCA2020_normal_grid_S0024_daily.csv
LCA,LCA,Luancheng,2020,Leave_One_experiments\wth_generated_qc\LCA\LCA2020.WTH,normal_year;nitrogen_stress_year;low_response_year,normal,LCA2020_normal_grid_S0024,pareto_balanced,2020-08-21,234,74,69,"{""sim_day"": 74.0, ""doy"": 234.0, ""topwt"": 12449.62158203125, ""grnwt"": 3588.414306640625, ""xlai"": 3.558725595474243, ""totir"": 30.0, ""tofer"": NaN, ""swfac"": 0.0, ""nstres"": 0.0}",0.0,0.0,12449.62158203125,3588.414306640625,3.558725595474243,30.0,,0.0,0.0,30.0,225.0,6.502172851562506,18.502172851562506,Leave_One_experiments/all_year_offline_schedule_search/daily_outputs/LCA/LCA_2020_LCA2020_normal_grid_S0024_daily.csv
LCA,LCA,Luancheng,2020,Leave_One_experiments\wth_generated_qc\LCA\LCA2020.WTH,normal_year;nitrogen_stress_year;low_response_year,normal,LCA2020_normal_grid_S0024,pareto_balanced,2020-08-22,235,75,70,"{""sim_day"": 75.0, ""doy"": 235.0, ""topwt"": 12781.49169921875, ""grnwt"": 3895.280151367188, ""xlai"": 3.496602296829224, ""totir"": 30.0, ""tofer"": NaN, ""swfac"": 0.0, ""nstres"": 0.0}",0.0,0.0,12781.49169921875,3895.280151367188,3.496602296829224,30.0,,0.0,0.0,30.0,225.0,6.502172851562506,18.502172851562506,Leave_One_experiments/all_year_offline_schedule_search/daily_outputs/LCA/LCA_2020_LCA2020_normal_grid_S0024_daily.csv
LCA,LCA,Luancheng,2020,Leave_One_experiments\wth_generated_qc\LCA\LCA2020.WTH,normal_year;nitrogen_stress_year;low_response_year,normal,LCA2020_normal_grid_S0024,pareto_balanced,2020-08-23,236,76,71,"{""sim_day"": 76.0, ""doy"": 236.0, ""topwt"": 13128.88671875, ""grnwt"": 4158.034362792969, ""xlai"": 3.421517133712769, ""totir"": 30.0, ""tofer"": NaN, ""swfac"": 0.0, ""nstres"": 0.0}",0.0,0.0,13128.88671875,4158.034362792969,3.421517133712769,30.0,,0.0,0.0,30.0,225.0,6.502172851562506,18.502172851562506,Leave_One_experiments/all_year_offline_schedule_search/daily_outputs/LCA/LCA_2020_LCA2020_normal_grid_S0024_daily.csv
LCA,LCA,Luancheng,2020,Leave_One_experiments\wth_generated_qc\LCA\LCA2020.WTH,normal_year;nitrogen_stress_year;low_response_year,normal,LCA2020_normal_grid_S0024,pareto_balanced,2020-08-24,237,77,72,"{""sim_day"": 77.0, ""doy"": 237.0, ""topwt"": 13463.907470703123, ""grnwt"": 4372.840881347656, ""xlai"": 3.334965229034424, ""totir"": 30.0, ""tofer"": NaN, ""swfac"": 0.0, ""nstres"": 0.0}",0.0,0.0,13463.907470703123,4372.840881347656,3.334965229034424,30.0,,0.0,0.0,30.0,225.0,6.502172851562506,18.502172851562506,Leave_One_experiments/all_year_offline_schedule_search/daily_outputs/LCA/LCA_2020_LCA2020_normal_grid_S0024_daily.csv
LCA,LCA,Luancheng,2020,Leave_One_experiments\wth_generated_qc\LCA\LCA2020.WTH,normal_year;nitrogen_stress_year;low_response_year,normal,LCA2020_normal_grid_S0024,pareto_balanced,2020-08-25,238,78,73,"{""sim_day"": 78.0, ""doy"": 238.0, ""topwt"": 13801.02294921875, ""grnwt"": 4647.10205078125, ""xlai"": 3.2458996772766118, ""totir"": 30.0, ""tofer"": NaN, ""swfac"": 0.0, ""nstres"": 0.0}",0.0,0.0,13801.02294921875,4647.10205078125,3.2458996772766118,30.0,,0.0,0.0,30.0,225.0,6.502172851562506,18.502172851562506,Leave_One_experiments/all_year_offline_schedule_search/daily_outputs/LCA/LCA_2020_LCA2020_normal_grid_S0024_daily.csv
LCA,LCA,Luancheng,2020,Leave_One_experiments\wth_generated_qc\LCA\LCA2020.WTH,normal_year;nitrogen_stress_year;low_response_year,normal,LCA2020_normal_grid_S0024,pareto_balanced,2020-08-26,239,79,74,"{""sim_day"": 79.0, ""doy"": 239.0, ""topwt"": 14185.84716796875, ""grnwt"": 4953.968200683594, ""xlai"": 3.154366970062256, ""totir"": 30.0, ""tofer"": NaN, ""swfac"": 0.0, ""nstres"": 0.0}",0.0,0.0,14185.84716796875,4953.968200683594,3.154366970062256,30.0,,0.0,0.0,30.0,225.0,6.502172851562506,18.502172851562506,Leave_One_experiments/all_year_offline_schedule_search/daily_outputs/LCA/LCA_2020_LCA2020_normal_grid_S0024_daily.csv
LCA,LCA,Luancheng,2020,Leave_One_experiments\wth_generated_qc\LCA\LCA2020.WTH,normal_year;nitrogen_stress_year;low_response_year,normal,LCA2020_normal_grid_S0024,pareto_balanced,2020-08-27,240,80,75,"{""sim_day"": 80.0, ""doy"": 240.0, ""topwt"": 14546.9091796875, ""grnwt"": 5260.8343505859375, ""xlai"": 3.056384801864624, ""totir"": 30.0, ""tofer"": NaN, ""swfac"": 0.0, ""nstres"": 0.0}",0.0,0.0,14546.9091796875,5260.8343505859375,3.056384801864624,30.0,,0.0,0.0,30.0,225.0,6.502172851562506,18.502172851562506,Leave_One_experiments/all_year_offline_schedule_search/daily_outputs/LCA/LCA_2020_LCA2020_normal_grid_S0024_daily.csv
LCA,LCA,Luancheng,2020,Leave_One_experiments\wth_generated_qc\LCA\LCA2020.WTH,normal_year;nitrogen_stress_year;low_response_year,normal,LCA2020_normal_grid_S0024,pareto_balanced,2020-08-28,241,81,76,"{""sim_day"": 81.0, ""doy"": 241.0, ""topwt"": 14846.954345703123, ""grnwt"": 5494.8193359375, ""xlai"": 2.937750577926636, ""totir"": 30.0, ""tofer"": NaN, ""swfac"": 0.0, ""nstres"": 0.0}",0.0,0.0,14846.954345703123,5494.8193359375,2.937750577926636,30.0,,0.0,0.0,30.0,225.0,6.502172851562506,18.502172851562506,Leave_One_experiments/all_year_offline_schedule_search/daily_outputs/LCA/LCA_2020_LCA2020_normal_grid_S0024_daily.csv
LCA,LCA,Luancheng,2020,Leave_One_experiments\wth_generated_qc\LCA\LCA2020.WTH,normal_year;nitrogen_stress_year;low_response_year,normal,LCA2020_normal_grid_S0024,pareto_balanced,2020-08-29,242,82,77,"{""sim_day"": 82.0, ""doy"": 242.0, ""topwt"": 15153.028564453123, ""grnwt"": 5724.9688720703125, ""xlai"": 2.8087756633758545, ""totir"": 30.0, ""tofer"": NaN, ""swfac"": 0.0, ""nstres"": 0.0}",0.0,0.0,15153.028564453123,5724.9688720703125,2.8087756633758545,30.0,,0.0,0.0,30.0,225.0,6.502172851562506,18.502172851562506,Leave_One_experiments/all_year_offline_schedule_search/daily_outputs/LCA/LCA_2020_LCA2020_normal_grid_S0024_daily.csv
LCA,LCA,Luancheng,2020,Leave_One_experiments\wth_generated_qc\LCA\LCA2020.WTH,normal_year;nitrogen_stress_year;low_response_year,normal,LCA2020_normal_grid_S0024,pareto_balanced,2020-08-30,243,83,78,"{""sim_day"": 83.0, ""doy"": 243.0, ""topwt"": 15384.1748046875, ""grnwt"": 6022.2454833984375, ""xlai"": 2.6816134452819824, ""totir"": 30.0, ""tofer"": NaN, ""swfac"": 0.0, ""nstres"": 0.0}",0.0,0.0,15384.1748046875,6022.2454833984375,2.6816134452819824,30.0,,0.0,0.0,30.0,225.0,6.502172851562506,18.502172851562506,Leave_One_experiments/all_year_offline_schedule_search/daily_outputs/LCA/LCA_2020_LCA2020_normal_grid_S0024_daily.csv
LCA,LCA,Luancheng,2020,Leave_One_experiments\wth_generated_qc\LCA\LCA2020.WTH,normal_year;nitrogen_stress_year;low_response_year,normal,LCA2020_normal_grid_S0024,pareto_balanced,2020-08-31,244,84,79,"{""sim_day"": 84.0, ""doy"": 244.0, ""topwt"": 15668.94775390625, ""grnwt"": 6240.887451171875, ""xlai"": 2.530841827392578, ""totir"": 30.0, ""tofer"": NaN, ""swfac"": 0.0, ""nstres"": 0.0}",0.0,0.0,15668.94775390625,6240.887451171875,2.530841827392578,30.0,,0.0,0.0,30.0,225.0,6.502172851562506,18.502172851562506,Leave_One_experiments/all_year_offline_schedule_search/daily_outputs/LCA/LCA_2020_LCA2020_normal_grid_S0024_daily.csv
LCA,LCA,Luancheng,2020,Leave_One_experiments\wth_generated_qc\LCA\LCA2020.WTH,normal_year;nitrogen_stress_year;low_response_year,normal,LCA2020_normal_grid_S0024,pareto_balanced,2020-09-01,245,85,80,"{""sim_day"": 85.0, ""doy"": 245.0, ""topwt"": 15975.8154296875, ""grnwt"": 6547.7532958984375, ""xlai"": 2.404597043991089, ""totir"": 30.0, ""tofer"": NaN, ""swfac"": 0.0, ""nstres"": 0.0}",0.0,0.0,15975.8154296875,6547.7532958984375,2.404597043991089,30.0,,0.0,0.0,30.0,225.0,6.502172851562506,18.502172851562506,Leave_One_experiments/all_year_offline_schedule_search/daily_outputs/LCA/LCA_2020_LCA2020_normal_grid_S0024_daily.csv
LCA,LCA,Luancheng,2020,Leave_One_experiments\wth_generated_qc\LCA\LCA2020.WTH,normal_year;nitrogen_stress_year;low_response_year,normal,LCA2020_normal_grid_S0024,pareto_balanced,2020-09-02,246,86,81,"{""sim_day"": 86.0, ""doy"": 246.0, ""topwt"": 16282.6806640625, ""grnwt"": 6854.619140625, ""xlai"": 2.304654121398926, ""totir"": 30.0, ""tofer"": NaN, ""swfac"": 0.0, ""nstres"": 0.0}",0.0,0.0,16282.6806640625,6854.619140625,2.304654121398926,30.0,,0.0,0.0,30.0,225.0,6.502172851562506,18.502172851562506,Leave_One_experiments/all_year_offline_schedule_search/daily_outputs/LCA/LCA_2020_LCA2020_normal_grid_S0024_daily.csv
LCA,LCA,Luancheng,2020,Leave_One_experiments\wth_generated_qc\LCA\LCA2020.WTH,normal_year;nitrogen_stress_year;low_response_year,normal,LCA2020_normal_grid_S0024,pareto_balanced,2020-09-03,247,87,82,"{""sim_day"": 87.0, ""doy"": 247.0, ""topwt"": 16589.5458984375, ""grnwt"": 7161.4849853515625, ""xlai"": 2.186220169067383, ""totir"": 30.0, ""tofer"": NaN, ""swfac"": 0.0, ""nstres"": 0.0}",0.0,0.0,16589.5458984375,7161.4849853515625,2.186220169067383,30.0,,0.0,0.0,30.0,225.0,6.502172851562506,18.502172851562506,Leave_One_experiments/all_year_offline_schedule_search/daily_outputs/LCA/LCA_2020_LCA2020_normal_grid_S0024_daily.csv
LCA,LCA,Luancheng,2020,Leave_One_experiments\wth_generated_qc\LCA\LCA2020.WTH,normal_year;nitrogen_stress_year;low_response_year,normal,LCA2020_normal_grid_S0024,pareto_balanced,2020-09-04,248,88,83,"{""sim_day"": 88.0, ""doy"": 248.0, ""topwt"": 16896.4111328125, ""grnwt"": 7468.351440429687, ""xlai"": 2.034316301345825, ""totir"": 30.0, ""tofer"": NaN, ""swfac"": 0.0, ""nstres"": 0.0}",0.0,0.0,16896.4111328125,7468.351440429687,2.034316301345825,30.0,,0.0,0.0,30.0,225.0,6.502172851562506,18.502172851562506,Leave_One_experiments/all_year_offline_schedule_search/daily_outputs/LCA/LCA_2020_LCA2020_normal_grid_S0024_daily.csv
LCA,LCA,Luancheng,2020,Leave_One_experiments\wth_generated_qc\LCA\LCA2020.WTH,normal_year;nitrogen_stress_year;low_response_year,normal,LCA2020_normal_grid_S0024,pareto_balanced,2020-09-05,249,89,84,"{""sim_day"": 89.0, ""doy"": 249.0, ""topwt"": 17203.277587890625, ""grnwt"": 7775.21728515625, ""xlai"": 1.8660688400268557, ""totir"": 30.0, ""tofer"": NaN, ""swfac"": 0.0, ""nstres"": 0.0}",0.0,0.0,17203.277587890625,7775.21728515625,1.8660688400268557,30.0,,0.0,0.0,30.0,225.0,6.502172851562506,18.502172851562506,Leave_One_experiments/all_year_offline_schedule_search/daily_outputs/LCA/LCA_2020_LCA2020_normal_grid_S0024_daily.csv
LCA,LCA,Luancheng,2020,Leave_One_experiments\wth_generated_qc\LCA\LCA2020.WTH,normal_year;nitrogen_stress_year;low_response_year,normal,LCA2020_normal_grid_S0024,pareto_balanced,2020-09-06,250,90,85,"{""sim_day"": 90.0, ""doy"": 250.0, ""topwt"": 17203.277587890625, ""grnwt"": 7775.21728515625, ""xlai"": 1.8660688400268557, ""totir"": 30.0, ""tofer"": NaN, ""swfac"": 0.0, ""nstres"": 0.0}",0.0,0.0,17203.277587890625,7775.21728515625,1.8660688400268557,30.0,,0.0,0.0,30.0,225.0,6.502172851562506,18.502172851562506,Leave_One_experiments/all_year_offline_schedule_search/daily_outputs/LCA/LCA_2020_LCA2020_normal_grid_S0024_daily.csv
LCA,LCA,Luancheng,2020,Leave_One_experiments\wth_generated_qc\LCA\LCA2020.WTH,normal_year;nitrogen_stress_year;low_response_year,normal,LCA2020_normal_grid_S0024,pareto_balanced,2020-09-07,251,91,86,"{""sim_day"": 91.0, ""doy"": 251.0, ""topwt"": 17203.277587890625, ""grnwt"": 7775.21728515625, ""xlai"": 1.8660688400268557, ""totir"": 30.0, ""tofer"": NaN, ""swfac"": 0.0, ""nstres"": 0.0}",0.0,0.0,17203.277587890625,7775.21728515625,1.8660688400268557,30.0,,0.0,0.0,30.0,225.0,6.502172851562506,18.502172851562506,Leave_One_experiments/all_year_offline_schedule_search/daily_outputs/LCA/LCA_2020_LCA2020_normal_grid_S0024_daily.csv
LCA,LCA,Luancheng,2020,Leave_One_experiments\wth_generated_qc\LCA\LCA2020.WTH,normal_year;nitrogen_stress_year;low_response_year,normal,LCA2020_normal_grid_S0024,pareto_balanced,2020-09-08,252,92,87,"{""sim_day"": 92.0, ""doy"": 252.0, ""topwt"": 17203.277587890625, ""grnwt"": 7775.21728515625, ""xlai"": 1.8660688400268557, ""totir"": 30.0, ""tofer"": NaN, ""swfac"": 0.0, ""nstres"": 0.0}",0.0,0.0,17203.277587890625,7775.21728515625,1.8660688400268557,30.0,,0.0,0.0,30.0,225.0,6.502172851562506,18.502172851562506,Leave_One_experiments/all_year_offline_schedule_search/daily_outputs/LCA/LCA_2020_LCA2020_normal_grid_S0024_daily.csv
LCA,LCA,Luancheng,2020,Leave_One_experiments\wth_generated_qc\LCA\LCA2020.WTH,normal_year;nitrogen_stress_year;low_response_year,normal,LCA2020_normal_grid_S0029,pareto_balanced,2020-06-14,166,1,1,"{""sim_day"": 1.0, ""doy"": 166.0, ""topwt"": 0.0, ""grnwt"": 0.0, ""xlai"": 0.0, ""totir"": 0.0, ""tofer"": NaN, ""swfac"": 0.0, ""nstres"": 0.0}",0.0,0.0,0.0,0.0,0.0,0.0,,0.0,80.0,60.0,180.0,2.7521728515625057,26.752172851562506,Leave_One_experiments/all_year_offline_schedule_search/daily_outputs/LCA/LCA_2020_LCA2020_normal_grid_S0029_daily.csv
LCA,LCA,Luancheng,2020,Leave_One_experiments\wth_generated_qc\LCA\LCA2020.WTH,normal_year;nitrogen_stress_year;low_response_year,normal,LCA2020_normal_grid_S0029,pareto_balanced,2020-06-15,167,2,2,"{""sim_day"": 2.0, ""doy"": 167.0, ""topwt"": 0.0, ""grnwt"": 0.0, ""xlai"": 0.0, ""totir"": 0.0, ""tofer"": NaN, ""swfac"": 0.0, ""nstres"": 0.0}",0.0,0.0,0.0,0.0,0.0,0.0,,0.0,0.0,60.0,180.0,2.7521728515625057,26.752172851562506,Leave_One_experiments/all_year_offline_schedule_search/daily_outputs/LCA/LCA_2020_LCA2020_normal_grid_S0029_daily.csv
LCA,LCA,Luancheng,2020,Leave_One_experiments\wth_generated_qc\LCA\LCA2020.WTH,normal_year;nitrogen_stress_year;low_response_year,normal,LCA2020_normal_grid_S0029,pareto_balanced,2020-06-16,168,3,3,"{""sim_day"": 3.0, ""doy"": 168.0, ""topwt"": 0.0, ""grnwt"": 0.0, ""xlai"": 0.0, ""totir"": 0.0, ""tofer"": NaN, ""swfac"": 0.0, ""nstres"": 0.0}",0.0,0.0,0.0,0.0,0.0,0.0,,0.0,0.0,60.0,180.0,2.7521728515625057,26.752172851562506,Leave_One_experiments/all_year_offline_schedule_search/daily_outputs/LCA/LCA_2020_LCA2020_normal_grid_S0029_daily.csv
LCA,LCA,Luancheng,2020,Leave_One_experiments\wth_generated_qc\LCA\LCA2020.WTH,normal_year;nitrogen_stress_year;low_response_year,normal,LCA2020_normal_grid_S0029,pareto_balanced,2020-06-17,169,4,4,"{""sim_day"": 4.0, ""doy"": 169.0, ""topwt"": 0.0, ""grnwt"": 0.0, ""xlai"": 0.0, ""totir"": 0.0, ""tofer"": NaN, ""swfac"": 0.0, ""nstres"": 0.0}",0.0,0.0,0.0,0.0,0.0,0.0,,0.0,0.0,60.0,180.0,2.7521728515625057,26.752172851562506,Leave_One_experiments/all_year_offline_schedule_search/daily_outputs/LCA/LCA_2020_LCA2020_normal_grid_S0029_daily.csv
LCA,LCA,Luancheng,2020,Leave_One_experiments\wth_generated_qc\LCA\LCA2020.WTH,normal_year;nitrogen_stress_year;low_response_year,normal,LCA2020_normal_grid_S0029,pareto_balanced,2020-06-18,170,5,5,"{""sim_day"": 5.0, ""doy"": 170.0, ""topwt"": 0.0, ""grnwt"": 0.0, ""xlai"": 0.0, ""totir"": 0.0, ""tofer"": NaN, ""swfac"": 0.0, ""nstres"": 0.0}",0.0,0.0,0.0,0.0,0.0,0.0,,0.0,0.0,60.0,180.0,2.7521728515625057,26.752172851562506,Leave_One_experiments/all_year_offline_schedule_search/daily_outputs/LCA/LCA_2020_LCA2020_normal_grid_S0029_daily.csv
LCA,LCA,Luancheng,2020,Leave_One_experiments\wth_generated_qc\LCA\LCA2020.WTH,normal_year;nitrogen_stress_year;low_response_year,normal,LCA2020_normal_grid_S0029,pareto_balanced,2020-06-14,166,6,1,"{""sim_day"": 6.0, ""doy"": 166.0, ""topwt"": 0.0, ""grnwt"": 0.0, ""xlai"": 0.0, ""totir"": 0.0, ""tofer"": NaN, ""swfac"": 0.0, ""nstres"": 0.0}",0.0,0.0,0.0,0.0,0.0,0.0,,0.0,0.0,60.0,180.0,2.7521728515625057,26.752172851562506,Leave_One_experiments/all_year_offline_schedule_search/daily_outputs/LCA/LCA_2020_LCA2020_normal_grid_S0029_daily.csv
LCA,LCA,Luancheng,2020,Leave_One_experiments\wth_generated_qc\LCA\LCA2020.WTH,normal_year;nitrogen_stress_year;low_response_year,normal,LCA2020_normal_grid_S0029,pareto_balanced,2020-06-15,167,7,2,"{""sim_day"": 7.0, ""doy"": 167.0, ""topwt"": 0.0, ""grnwt"": 0.0, ""xlai"": 0.0, ""totir"": 0.0, ""tofer"": NaN, ""swfac"": 0.0, ""nstres"": 0.0}",0.0,0.0,0.0,0.0,0.0,0.0,,0.0,0.0,60.0,180.0,2.7521728515625057,26.752172851562506,Leave_One_experiments/all_year_offline_schedule_search/daily_outputs/LCA/LCA_2020_LCA2020_normal_grid_S0029_daily.csv
LCA,LCA,Luancheng,2020,Leave_One_experiments\wth_generated_qc\LCA\LCA2020.WTH,normal_year;nitrogen_stress_year;low_response_year,normal,LCA2020_normal_grid_S0029,pareto_balanced,2020-06-16,168,8,3,"{""sim_day"": 8.0, ""doy"": 168.0, ""topwt"": 0.0, ""grnwt"": 0.0, ""xlai"": 0.0, ""totir"": 0.0, ""tofer"": NaN, ""swfac"": 0.0, ""nstres"": 0.0}",0.0,0.0,0.0,0.0,0.0,0.0,,0.0,0.0,60.0,180.0,2.7521728515625057,26.752172851562506,Leave_One_experiments/all_year_offline_schedule_search/daily_outputs/LCA/LCA_2020_LCA2020_normal_grid_S0029_daily.csv
LCA,LCA,Luancheng,2020,Leave_One_experiments\wth_generated_qc\LCA\LCA2020.WTH,normal_year;nitrogen_stress_year;low_response_year,normal,LCA2020_normal_grid_S0029,pareto_balanced,2020-06-17,169,9,4,"{""sim_day"": 9.0, ""doy"": 169.0, ""topwt"": 0.0, ""grnwt"": 0.0, ""xlai"": 0.0, ""totir"": 0.0, ""tofer"": NaN, ""swfac"": 0.0, ""nstres"": 0.0}",0.0,0.0,0.0,0.0,0.0,0.0,,0.0,0.0,60.0,180.0,2.7521728515625057,26.752172851562506,Leave_One_experiments/all_year_offline_schedule_search/daily_outputs/LCA/LCA_2020_LCA2020_normal_grid_S0029_daily.csv
LCA,LCA,Luancheng,2020,Leave_One_experiments\wth_generated_qc\LCA\LCA2020.WTH,normal_year;nitrogen_stress_year;low_response_year,normal,LCA2020_normal_grid_S0029,pareto_balanced,2020-06-18,170,10,5,"{""sim_day"": 10.0, ""doy"": 170.0, ""topwt"": 0.0, ""grnwt"": 0.0, ""xlai"": 0.0, ""totir"": 0.0, ""tofer"": NaN, ""swfac"": 0.0, ""nstres"": 0.0}",0.0,0.0,0.0,0.0,0.0,0.0,,0.0,0.0,60.0,180.0,2.7521728515625057,26.752172851562506,Leave_One_experiments/all_year_offline_schedule_search/daily_outputs/LCA/LCA_2020_LCA2020_normal_grid_S0029_daily.csv
LCA,LCA,Luancheng,2020,Leave_One_experiments\wth_generated_qc\LCA\LCA2020.WTH,normal_year;nitrogen_stress_year;low_response_year,normal,LCA2020_normal_grid_S0029,pareto_balanced,2020-06-19,171,11,6,"{""sim_day"": 11.0, ""doy"": 171.0, ""topwt"": 23.600001335144043, ""grnwt"": 0.0, ""xlai"": 0.0053583150729537, ""totir"": 0.0, ""tofer"": NaN, ""swfac"": 0.0, ""nstres"": 0.0121910572052001}",0.0,0.0121910572052001,23.600001335144043,0.0,0.0053583150729537,0.0,,0.0,0.0,60.0,180.0,2.7521728515625057,26.752172851562506,Leave_One_experiments/all_year_offline_schedule_search/daily_outputs/LCA/LCA_2020_LCA2020_normal_grid_S0029_daily.csv
LCA,LCA,Luancheng,2020,Leave_One_experiments\wth_generated_qc\LCA\LCA2020.WTH,normal_year;nitrogen_stress_year;low_response_year,normal,LCA2020_normal_grid_S0029,pareto_balanced,2020-06-20,172,12,7,"{""sim_day"": 12.0, ""doy"": 172.0, ""topwt"": 23.600001335144043, ""grnwt"": 0.0, ""xlai"": 0.0117774764075875, ""totir"": 0.0, ""tofer"": NaN, ""swfac"": 0.0, ""nstres"": 0.0034008026123046}",0.0,0.0034008026123046,23.600001335144043,0.0,0.0117774764075875,0.0,,0.0,0.0,60.0,180.0,2.7521728515625057,26.752172851562506,Leave_One_experiments/all_year_offline_schedule_search/daily_outputs/LCA/LCA_2020_LCA2020_normal_grid_S0029_daily.csv
LCA,LCA,Luancheng,2020,Leave_One_experiments\wth_generated_qc\LCA\LCA2020.WTH,normal_year;nitrogen_stress_year;low_response_year,normal,LCA2020_normal_grid_S0029,pareto_balanced,2020-06-21,173,13,8,"{""sim_day"": 13.0, ""doy"": 173.0, ""topwt"": 23.600001335144043, ""grnwt"": 0.0, ""xlai"": 0.0188165474683046, ""totir"": 0.0, ""tofer"": NaN, ""swfac"": 0.0, ""nstres"": 0.0}",0.0,0.0,23.600001335144043,0.0,0.0188165474683046,0.0,,0.0,0.0,60.0,180.0,2.7521728515625057,26.752172851562506,Leave_One_experiments/all_year_offline_schedule_search/daily_outputs/LCA/LCA_2020_LCA2020_normal_grid_S0029_daily.csv
LCA,LCA,Luancheng,2020,Leave_One_experiments\wth_generated_qc\LCA\LCA2020.WTH,normal_year;nitrogen_stress_year;low_response_year,normal,LCA2020_normal_grid_S0029,pareto_balanced,2020-06-22,174,14,9,"{""sim_day"": 14.0, ""doy"": 174.0, ""topwt"": 24.860880374908447, ""grnwt"": 0.0, ""xlai"": 0.0439563281834125, ""totir"": 0.0, ""tofer"": NaN, ""swfac"": 0.0, ""nstres"": 0.0}",0.0,0.0,24.860880374908447,0.0,0.0439563281834125,0.0,,0.0,0.0,60.0,180.0,2.7521728515625057,26.752172851562506,Leave_One_experiments/all_year_offline_schedule_search/daily_outputs/LCA/LCA_2020_LCA2020_normal_grid_S0029_daily.csv
LCA,LCA,Luancheng,2020,Leave_One_experiments\wth_generated_qc\LCA\LCA2020.WTH,normal_year;nitrogen_stress_year;low_response_year,normal,LCA2020_normal_grid_S0029,pareto_balanced,2020-06-23,175,15,10,"{""sim_day"": 15.0, ""doy"": 175.0, ""topwt"": 37.79575109481812, ""grnwt"": 0.0, ""xlai"": 0.0761047899723053, ""totir"": 0.0, ""tofer"": NaN, ""swfac"": 0.0, ""nstres"": 0.0}",0.0,0.0,37.79575109481812,0.0,0.0761047899723053,0.0,,0.0,0.0,60.0,180.0,2.7521728515625057,26.752172851562506,Leave_One_experiments/all_year_offline_schedule_search/daily_outputs/LCA/LCA_2020_LCA2020_normal_grid_S0029_daily.csv
LCA,LCA,Luancheng,2020,Leave_One_experiments\wth_generated_qc\LCA\LCA2020.WTH,normal_year;nitrogen_stress_year;low_response_year,normal,LCA2020_normal_grid_S0029,pareto_balanced,2020-06-24,176,16,11,"{""sim_day"": 16.0, ""doy"": 176.0, ""topwt"": 53.13112735748291, ""grnwt"": 0.0, ""xlai"": 0.1101099103689193, ""totir"": 0.0, ""tofer"": NaN, ""swfac"": 0.0, ""nstres"": 0.0}",0.0,0.0,53.13112735748291,0.0,0.1101099103689193,0.0,,0.0,0.0,60.0,180.0,2.7521728515625057,26.752172851562506,Leave_One_experiments/all_year_offline_schedule_search/daily_outputs/LCA/LCA_2020_LCA2020_normal_grid_S0029_daily.csv
LCA,LCA,Luancheng,2020,Leave_One_experiments\wth_generated_qc\LCA\LCA2020.WTH,normal_year;nitrogen_stress_year;low_response_year,normal,LCA2020_normal_grid_S0029,pareto_balanced,2020-06-25,177,17,12,"{""sim_day"": 17.0, ""doy"": 177.0, ""topwt"": 71.39205932617188, ""grnwt"": 0.0, ""xlai"": 0.1473291516304016, ""totir"": 0.0, ""tofer"": NaN, ""swfac"": 0.0, ""nstres"": 0.0}",0.0,0.0,71.39205932617188,0.0,0.1473291516304016,0.0,,0.0,0.0,60.0,180.0,2.7521728515625057,26.752172851562506,Leave_One_experiments/all_year_offline_schedule_search/daily_outputs/LCA/LCA_2020_LCA2020_normal_grid_S0029_daily.csv
LCA,LCA,Luancheng,2020,Leave_One_experiments\wth_generated_qc\LCA\LCA2020.WTH,normal_year;nitrogen_stress_year;low_response_year,normal,LCA2020_normal_grid_S0029,pareto_balanced,2020-06-26,178,18,13,"{""sim_day"": 18.0, ""doy"": 178.0, ""topwt"": 99.054536819458, ""grnwt"": 0.0, ""xlai"": 0.1995099335908889, ""totir"": 0.0, ""tofer"": NaN, ""swfac"": 0.0, ""nstres"": 0.0}",0.0,0.0,99.054536819458,0.0,0.1995099335908889,0.0,,0.0,0.0,60.0,180.0,2.7521728515625057,26.752172851562506,Leave_One_experiments/all_year_offline_schedule_search/daily_outputs/LCA/LCA_2020_LCA2020_normal_grid_S0029_daily.csv
LCA,LCA,Luancheng,2020,Leave_One_experiments\wth_generated_qc\LCA\LCA2020.WTH,normal_year;nitrogen_stress_year;low_response_year,normal,LCA2020_normal_grid_S0029,pareto_balanced,2020-06-27,179,19,14,"{""sim_day"": 19.0, ""doy"": 179.0, ""topwt"": 124.99719619750977, ""grnwt"": 0.0, ""xlai"": 0.262063205242157, ""totir"": 0.0, ""tofer"": NaN, ""swfac"": 0.0, ""nstres"": 0.0}",0.0,0.0,124.99719619750977,0.0,0.262063205242157,0.0,,0.0,0.0,60.0,180.0,2.7521728515625057,26.752172851562506,Leave_One_experiments/all_year_offline_schedule_search/daily_outputs/LCA/LCA_2020_LCA2020_normal_grid_S0029_daily.csv
LCA,LCA,Luancheng,2020,Leave_One_experiments\wth_generated_qc\LCA\LCA2020.WTH,normal_year;nitrogen_stress_year;low_response_year,normal,LCA2020_normal_grid_S0029,pareto_balanced,2020-06-28,180,20,15,"{""sim_day"": 20.0, ""doy"": 180.0, ""topwt"": 161.95301055908203, ""grnwt"": 0.0, ""xlai"": 0.3280035555362701, ""totir"": 0.0, ""tofer"": NaN, ""swfac"": 0.0, ""nstres"": 0.0}",0.0,0.0,161.95301055908203,0.0,0.3280035555362701,0.0,,0.0,0.0,60.0,180.0,2.7521728515625057,26.752172851562506,Leave_One_experiments/all_year_offline_schedule_search/daily_outputs/LCA/LCA_2020_LCA2020_normal_grid_S0029_daily.csv
LCA,LCA,Luancheng,2020,Leave_One_experiments\wth_generated_qc\LCA\LCA2020.WTH,normal_year;nitrogen_stress_year;low_response_year,normal,LCA2020_normal_grid_S0029,pareto_balanced,2020-06-29,181,21,16,"{""sim_day"": 21.0, ""doy"": 181.0, ""topwt"": 206.3205337524414, ""grnwt"": 0.0, ""xlai"": 0.4028259813785553, ""totir"": 0.0, ""tofer"": NaN, ""swfac"": 0.0, ""nstres"": 0.0071236491203308}",0.0,0.0071236491203308,206.3205337524414,0.0,0.4028259813785553,0.0,,0.0,0.0,60.0,180.0,2.7521728515625057,26.752172851562506,Leave_One_experiments/all_year_offline_schedule_search/daily_outputs/LCA/LCA_2020_LCA2020_normal_grid_S0029_daily.csv
LCA,LCA,Luancheng,2020,Leave_One_experiments\wth_generated_qc\LCA\LCA2020.WTH,normal_year;nitrogen_stress_year;low_response_year,normal,LCA2020_normal_grid_S0029,pareto_balanced,2020-06-30,182,22,17,"{""sim_day"": 22.0, ""doy"": 182.0, ""topwt"": 268.57561111450195, ""grnwt"": 0.0, ""xlai"": 0.502075731754303, ""totir"": 0.0, ""tofer"": NaN, ""swfac"": 0.0, ""nstres"": 0.0}",0.0,0.0,268.57561111450195,0.0,0.502075731754303,0.0,,0.0,0.0,60.0,180.0,2.7521728515625057,26.752172851562506,Leave_One_experiments/all_year_offline_schedule_search/daily_outputs/LCA/LCA_2020_LCA2020_normal_grid_S0029_daily.csv
LCA,LCA,Luancheng,2020,Leave_One_experiments\wth_generated_qc\LCA\LCA2020.WTH,normal_year;nitrogen_stress_year;low_response_year,normal,LCA2020_normal_grid_S0029,pareto_balanced,2020-07-01,183,23,18,"{""sim_day"": 23.0, ""doy"": 183.0, ""topwt"": 319.18121337890625, ""grnwt"": 0.0, ""xlai"": 0.5788179636001587, ""totir"": 0.0, ""tofer"": NaN, ""swfac"": 0.0, ""nstres"": 0.0}",0.0,0.0,319.18121337890625,0.0,0.5788179636001587,0.0,,0.0,0.0,60.0,180.0,2.7521728515625057,26.752172851562506,Leave_One_experiments/all_year_offline_schedule_search/daily_outputs/LCA/LCA_2020_LCA2020_normal_grid_S0029_daily.csv
LCA,LCA,Luancheng,2020,Leave_One_experiments\wth_generated_qc\LCA\LCA2020.WTH,normal_year;nitrogen_stress_year;low_response_year,normal,LCA2020_normal_grid_S0029,pareto_balanced,2020-07-02,184,24,19,"{""sim_day"": 24.0, ""doy"": 184.0, ""topwt"": 381.7073059082031, ""grnwt"": 0.0, ""xlai"": 0.6702218651771545, ""totir"": 0.0, ""tofer"": NaN, ""swfac"": 0.0, ""nstres"": 0.0}",0.0,0.0,381.7073059082031,0.0,0.6702218651771545,0.0,,0.0,0.0,60.0,180.0,2.7521728515625057,26.752172851562506,Leave_One_experiments/all_year_offline_schedule_search/daily_outputs/LCA/LCA_2020_LCA2020_normal_grid_S0029_daily.csv
LCA,LCA,Luancheng,2020,Leave_One_experiments\wth_generated_qc\LCA\LCA2020.WTH,normal_year;nitrogen_stress_year;low_response_year,normal,LCA2020_normal_grid_S0029,pareto_balanced,2020-07-03,185,25,20,"{""sim_day"": 25.0, ""doy"": 185.0, ""topwt"": 465.7897186279297, ""grnwt"": 0.0, ""xlai"": 0.7882079482078552, ""totir"": 0.0, ""tofer"": NaN, ""swfac"": 0.0, ""nstres"": 0.0}",0.0,0.0,465.7897186279297,0.0,0.7882079482078552,0.0,,0.0,0.0,60.0,180.0,2.7521728515625057,26.752172851562506,Leave_One_experiments/all_year_offline_schedule_search/daily_outputs/LCA/LCA_2020_LCA2020_normal_grid_S0029_daily.csv
LCA,LCA,Luancheng,2020,Leave_One_experiments\wth_generated_qc\LCA\LCA2020.WTH,normal_year;nitrogen_stress_year;low_response_year,normal,LCA2020_normal_grid_S0029,pareto_balanced,2020-07-04,186,26,21,"{""sim_day"": 26.0, ""doy"": 186.0, ""topwt"": 584.6760559082031, ""grnwt"": 0.0, ""xlai"": 0.9465948939323424, ""totir"": 0.0, ""tofer"": NaN, ""swfac"": 0.0, ""nstres"": 0.0}",0.0,0.0,584.6760559082031,0.0,0.9465948939323424,0.0,,0.0,0.0,60.0,180.0,2.7521728515625057,26.752172851562506,Leave_One_experiments/all_year_offline_schedule_search/daily_outputs/LCA/LCA_2020_LCA2020_normal_grid_S0029_daily.csv
LCA,LCA,Luancheng,2020,Leave_One_experiments\wth_generated_qc\LCA\LCA2020.WTH,normal_year;nitrogen_stress_year;low_response_year,normal,LCA2020_normal_grid_S0029,pareto_balanced,2020-07-05,187,27,22,"{""sim_day"": 27.0, ""doy"": 187.0, ""topwt"": 710.1585388183594, ""grnwt"": 0.0, ""xlai"": 1.1091723442077637, ""totir"": 0.0, ""tofer"": NaN, ""swfac"": 0.0, ""nstres"": 0.0}",0.0,0.0,710.1585388183594,0.0,1.1091723442077637,0.0,,0.0,0.0,60.0,180.0,2.7521728515625057,26.752172851562506,Leave_One_experiments/all_year_offline_schedule_search/daily_outputs/LCA/LCA_2020_LCA2020_normal_grid_S0029_daily.csv
LCA,LCA,Luancheng,2020,Leave_One_experiments\wth_generated_qc\LCA\LCA2020.WTH,normal_year;nitrogen_stress_year;low_response_year,normal,LCA2020_normal_grid_S0029,pareto_balanced,2020-07-06,188,28,23,"{""sim_day"": 28.0, ""doy"": 188.0, ""topwt"": 879.9594879150391, ""grnwt"": 0.0, ""xlai"": 1.3140040636062622, ""totir"": 0.0, ""tofer"": NaN, ""swfac"": 0.0, ""nstres"": 0.0}",0.0,0.0,879.9594879150391,0.0,1.3140040636062622,0.0,,0.0,0.0,60.0,180.0,2.7521728515625057,26.752172851562506,Leave_One_experiments/all_year_offline_schedule_search/daily_outputs/LCA/LCA_2020_LCA2020_normal_grid_S0029_daily.csv
LCA,LCA,Luancheng,2020,Leave_One_experiments\wth_generated_qc\LCA\LCA2020.WTH,normal_year;nitrogen_stress_year;low_response_year,normal,LCA2020_normal_grid_S0029,pareto_balanced,2020-07-07,189,29,24,"{""sim_day"": 29.0, ""doy"": 189.0, ""topwt"": 1054.3728637695312, ""grnwt"": 0.0, ""xlai"": 1.508500337600708, ""totir"": 0.0, ""tofer"": NaN, ""swfac"": 0.0, ""nstres"": 0.0}",0.0,0.0,1054.3728637695312,0.0,1.508500337600708,0.0,,0.0,0.0,60.0,180.0,2.7521728515625057,26.752172851562506,Leave_One_experiments/all_year_offline_schedule_search/daily_outputs/LCA/LCA_2020_LCA2020_normal_grid_S0029_daily.csv
LCA,LCA,Luancheng,2020,Leave_One_experiments\wth_generated_qc\LCA\LCA2020.WTH,normal_year;nitrogen_stress_year;low_response_year,normal,LCA2020_normal_grid_S0029,pareto_balanced,2020-07-08,190,30,25,"{""sim_day"": 30.0, ""doy"": 190.0, ""topwt"": 1187.9263305664062, ""grnwt"": 0.0, ""xlai"": 1.647284746170044, ""totir"": 0.0, ""tofer"": NaN, ""swfac"": 0.0, ""nstres"": 0.0}",0.0,0.0,1187.9263305664062,0.0,1.647284746170044,0.0,,0.0,0.0,60.0,180.0,2.7521728515625057,26.752172851562506,Leave_One_experiments/all_year_offline_schedule_search/daily_outputs/LCA/LCA_2020_LCA2020_normal_grid_S0029_daily.csv
LCA,LCA,Luancheng,2020,Leave_One_experiments\wth_generated_qc\LCA\LCA2020.WTH,normal_year;nitrogen_stress_year;low_response_year,normal,LCA2020_normal_grid_S0029,pareto_balanced,2020-07-09,191,31,26,"{""sim_day"": 31.0, ""doy"": 191.0, ""topwt"": 1302.888641357422, ""grnwt"": 0.0, ""xlai"": 1.759897232055664, ""totir"": 0.0, ""tofer"": NaN, ""swfac"": 0.0, ""nstres"": 0.0}",0.0,0.0,1302.888641357422,0.0,1.759897232055664,0.0,,0.0,0.0,60.0,180.0,2.7521728515625057,26.752172851562506,Leave_One_experiments/all_year_offline_schedule_search/daily_outputs/LCA/LCA_2020_LCA2020_normal_grid_S0029_daily.csv
LCA,LCA,Luancheng,2020,Leave_One_experiments\wth_generated_qc\LCA\LCA2020.WTH,normal_year;nitrogen_stress_year;low_response_year,normal,LCA2020_normal_grid_S0029,pareto_balanced,2020-07-10,192,32,27,"{""sim_day"": 32.0, ""doy"": 192.0, ""topwt"": 1384.8428344726562, ""grnwt"": 0.0, ""xlai"": 1.835488200187683, ""totir"": 0.0, ""tofer"": NaN, ""swfac"": 0.0, ""nstres"": 0.0}",0.0,0.0,1384.8428344726562,0.0,1.835488200187683,0.0,,0.0,0.0,60.0,180.0,2.7521728515625057,26.752172851562506,Leave_One_experiments/all_year_offline_schedule_search/daily_outputs/LCA/LCA_2020_LCA2020_normal_grid_S0029_daily.csv
LCA,LCA,Luancheng,2020,Leave_One_experiments\wth_generated_qc\LCA\LCA2020.WTH,normal_year;nitrogen_stress_year;low_response_year,normal,LCA2020_normal_grid_S0029,pareto_balanced,2020-07-11,193,33,28,"{""sim_day"": 33.0, ""doy"": 193.0, ""topwt"": 1461.5286254882812, ""grnwt"": 0.0, ""xlai"": 1.9022581577301023, ""totir"": 0.0, ""tofer"": NaN, ""swfac"": 0.0, ""nstres"": 0.0}",0.0,0.0,1461.5286254882812,0.0,1.9022581577301023,0.0,,0.0,0.0,60.0,180.0,2.7521728515625057,26.752172851562506,Leave_One_experiments/all_year_offline_schedule_search/daily_outputs/LCA/LCA_2020_LCA2020_normal_grid_S0029_daily.csv
LCA,LCA,Luancheng,2020,Leave_One_experiments\wth_generated_qc\LCA\LCA2020.WTH,normal_year;nitrogen_stress_year;low_response_year,normal,LCA2020_normal_grid_S0029,pareto_balanced,2020-07-12,194,34,29,"{""sim_day"": 34.0, ""doy"": 194.0, ""topwt"": 1671.5692138671875, ""grnwt"": 0.0, ""xlai"": 2.072340250015259, ""totir"": 0.0, ""tofer"": NaN, ""swfac"": 0.0, ""nstres"": 0.0}",0.0,0.0,1671.5692138671875,0.0,2.072340250015259,0.0,,0.0,0.0,60.0,180.0,2.7521728515625057,26.752172851562506,Leave_One_experiments/all_year_offline_schedule_search/daily_outputs/LCA/LCA_2020_LCA2020_normal_grid_S0029_daily.csv
LCA,LCA,Luancheng,2020,Leave_One_experiments\wth_generated_qc\LCA\LCA2020.WTH,normal_year;nitrogen_stress_year;low_response_year,normal,LCA2020_normal_grid_S0029,pareto_balanced,2020-07-13,195,35,30,"{""sim_day"": 35.0, ""doy"": 195.0, ""topwt"": 1935.9378051757808, ""grnwt"": 0.0, ""xlai"": 2.267629384994507, ""totir"": 0.0, ""tofer"": NaN, ""swfac"": 0.0, ""nstres"": 0.0}",0.0,0.0,1935.9378051757808,0.0,2.267629384994507,0.0,,0.0,50.0,60.0,180.0,2.7521728515625057,26.752172851562506,Leave_One_experiments/all_year_offline_schedule_search/daily_outputs/LCA/LCA_2020_LCA2020_normal_grid_S0029_daily.csv
LCA,LCA,Luancheng,2020,Leave_One_experiments\wth_generated_qc\LCA\LCA2020.WTH,normal_year;nitrogen_stress_year;low_response_year,normal,LCA2020_normal_grid_S0029,pareto_balanced,2020-07-14,196,36,31,"{""sim_day"": 36.0, ""doy"": 196.0, ""topwt"": 2217.9286193847656, ""grnwt"": 0.0, ""xlai"": 2.457659244537353, ""totir"": 0.0, ""tofer"": NaN, ""swfac"": 0.0, ""nstres"": 0.0}",0.0,0.0,2217.9286193847656,0.0,2.457659244537353,0.0,,0.0,0.0,60.0,180.0,2.7521728515625057,26.752172851562506,Leave_One_experiments/all_year_offline_schedule_search/daily_outputs/LCA/LCA_2020_LCA2020_normal_grid_S0029_daily.csv
LCA,LCA,Luancheng,2020,Leave_One_experiments\wth_generated_qc\LCA\LCA2020.WTH,normal_year;nitrogen_stress_year;low_response_year,normal,LCA2020_normal_grid_S0029,pareto_balanced,2020-07-15,197,37,32,"{""sim_day"": 37.0, ""doy"": 197.0, ""topwt"": 2530.634002685547, ""grnwt"": 0.0, ""xlai"": 2.6497790813446045, ""totir"": 0.0, ""tofer"": NaN, ""swfac"": 0.0, ""nstres"": 0.0}",0.0,0.0,2530.634002685547,0.0,2.6497790813446045,0.0,,0.0,0.0,60.0,180.0,2.7521728515625057,26.752172851562506,Leave_One_experiments/all_year_offline_schedule_search/daily_outputs/LCA/LCA_2020_LCA2020_normal_grid_S0029_daily.csv
LCA,LCA,Luancheng,2020,Leave_One_experiments\wth_generated_qc\LCA\LCA2020.WTH,normal_year;nitrogen_stress_year;low_response_year,normal,LCA2020_normal_grid_S0029,pareto_balanced,2020-07-16,198,38,33,"{""sim_day"": 38.0, ""doy"": 198.0, ""topwt"": 2820.722045898437, ""grnwt"": 0.0, ""xlai"": 2.812175750732422, ""totir"": 0.0, ""tofer"": NaN, ""swfac"": 0.0, ""nstres"": 0.0}",0.0,0.0,2820.722045898437,0.0,2.812175750732422,0.0,,0.0,0.0,60.0,180.0,2.7521728515625057,26.752172851562506,Leave_One_experiments/all_year_offline_schedule_search/daily_outputs/LCA/LCA_2020_LCA2020_normal_grid_S0029_daily.csv
LCA,LCA,Luancheng,2020,Leave_One_experiments\wth_generated_qc\LCA\LCA2020.WTH,normal_year;nitrogen_stress_year;low_response_year,normal,LCA2020_normal_grid_S0029,pareto_balanced,2020-07-17,199,39,34,"{""sim_day"": 39.0, ""doy"": 199.0, ""topwt"": 3018.3453369140625, ""grnwt"": 0.0, ""xlai"": 2.9143218994140625, ""totir"": 0.0, ""tofer"": NaN, ""swfac"": 0.0, ""nstres"": 0.0}",0.0,0.0,3018.3453369140625,0.0,2.9143218994140625,0.0,,0.0,0.0,60.0,180.0,2.7521728515625057,26.752172851562506,Leave_One_experiments/all_year_offline_schedule_search/daily_outputs/LCA/LCA_2020_LCA2020_normal_grid_S0029_daily.csv
LCA,LCA,Luancheng,2020,Leave_One_experiments\wth_generated_qc\LCA\LCA2020.WTH,normal_year;nitrogen_stress_year;low_response_year,normal,LCA2020_normal_grid_S0029,pareto_balanced,2020-07-18,200,40,35,"{""sim_day"": 40.0, ""doy"": 200.0, ""topwt"": 3383.125915527344, ""grnwt"": 0.0, ""xlai"": 3.087945938110352, ""totir"": 30.0, ""tofer"": NaN, ""swfac"": 0.0, ""nstres"": 0.0}",0.0,0.0,3383.125915527344,0.0,3.087945938110352,30.0,,30.0,0.0,60.0,180.0,2.7521728515625057,26.752172851562506,Leave_One_experiments/all_year_offline_schedule_search/daily_outputs/LCA/LCA_2020_LCA2020_normal_grid_S0029_daily.csv
LCA,LCA,Luancheng,2020,Leave_One_experiments\wth_generated_qc\LCA\LCA2020.WTH,normal_year;nitrogen_stress_year;low_response_year,normal,LCA2020_normal_grid_S0029,pareto_balanced,2020-07-19,201,41,36,"{""sim_day"": 41.0, ""doy"": 201.0, ""topwt"": 3822.021789550781, ""grnwt"": 0.0, ""xlai"": 3.279170513153076, ""totir"": 30.0, ""tofer"": NaN, ""swfac"": 0.0, ""nstres"": 0.0}",0.0,0.0,3822.021789550781,0.0,3.279170513153076,30.0,,0.0,0.0,60.0,180.0,2.7521728515625057,26.752172851562506,Leave_One_experiments/all_year_offline_schedule_search/daily_outputs/LCA/LCA_2020_LCA2020_normal_grid_S0029_daily.csv
LCA,LCA,Luancheng,2020,Leave_One_experiments\wth_generated_qc\LCA\LCA2020.WTH,normal_year;nitrogen_stress_year;low_response_year,normal,LCA2020_normal_grid_S0029,pareto_balanced,2020-07-20,202,42,37,"{""sim_day"": 42.0, ""doy"": 202.0, ""topwt"": 4158.979797363281, ""grnwt"": 0.0, ""xlai"": 3.505509614944458, ""totir"": 30.0, ""tofer"": NaN, ""swfac"": 0.0, ""nstres"": 0.0}",0.0,0.0,4158.979797363281,0.0,3.505509614944458,30.0,,0.0,0.0,60.0,180.0,2.7521728515625057,26.752172851562506,Leave_One_experiments/all_year_offline_schedule_search/daily_outputs/LCA/LCA_2020_LCA2020_normal_grid_S0029_daily.csv
LCA,LCA,Luancheng,2020,Leave_One_experiments\wth_generated_qc\LCA\LCA2020.WTH,normal_year;nitrogen_stress_year;low_response_year,normal,LCA2020_normal_grid_S0029,pareto_balanced,2020-07-21,203,43,38,"{""sim_day"": 43.0, ""doy"": 203.0, ""topwt"": 4393.568115234375, ""grnwt"": 0.0, ""xlai"": 3.610179662704468, ""totir"": 30.0, ""tofer"": NaN, ""swfac"": 0.0, ""nstres"": 0.0}",0.0,0.0,4393.568115234375,0.0,3.610179662704468,30.0,,0.0,0.0,60.0,180.0,2.7521728515625057,26.752172851562506,Leave_One_experiments/all_year_offline_schedule_search/daily_outputs/LCA/LCA_2020_LCA2020_normal_grid_S0029_daily.csv
LCA,LCA,Luancheng,2020,Leave_One_experiments\wth_generated_qc\LCA\LCA2020.WTH,normal_year;nitrogen_stress_year;low_response_year,normal,LCA2020_normal_grid_S0029,pareto_balanced,2020-07-22,204,44,39,"{""sim_day"": 44.0, ""doy"": 204.0, ""topwt"": 4816.5966796875, ""grnwt"": 0.0, ""xlai"": 3.766524791717529, ""totir"": 30.0, ""tofer"": NaN, ""swfac"": 0.0, ""nstres"": 0.0}",0.0,0.0,4816.5966796875,0.0,3.766524791717529,30.0,,0.0,0.0,60.0,180.0,2.7521728515625057,26.752172851562506,Leave_One_experiments/all_year_offline_schedule_search/daily_outputs/LCA/LCA_2020_LCA2020_normal_grid_S0029_daily.csv
LCA,LCA,Luancheng,2020,Leave_One_experiments\wth_generated_qc\LCA\LCA2020.WTH,normal_year;nitrogen_stress_year;low_response_year,normal,LCA2020_normal_grid_S0029,pareto_balanced,2020-07-23,205,45,40,"{""sim_day"": 45.0, ""doy"": 205.0, ""topwt"": 5268.657836914063, ""grnwt"": 0.0, ""xlai"": 3.913300275802612, ""totir"": 30.0, ""tofer"": NaN, ""swfac"": 0.0, ""nstres"": 0.0}",0.0,0.0,5268.657836914063,0.0,3.913300275802612,30.0,,0.0,0.0,60.0,180.0,2.7521728515625057,26.752172851562506,Leave_One_experiments/all_year_offline_schedule_search/daily_outputs/LCA/LCA_2020_LCA2020_normal_grid_S0029_daily.csv
LCA,LCA,Luancheng,2020,Leave_One_experiments\wth_generated_qc\LCA\LCA2020.WTH,normal_year;nitrogen_stress_year;low_response_year,normal,LCA2020_normal_grid_S0029,pareto_balanced,2020-07-24,206,46,41,"{""sim_day"": 46.0, ""doy"": 206.0, ""topwt"": 5412.755737304688, ""grnwt"": 0.0, ""xlai"": 3.955699920654297, ""totir"": 30.0, ""tofer"": NaN, ""swfac"": 0.0, ""nstres"": 0.0}",0.0,0.0,5412.755737304688,0.0,3.955699920654297,30.0,,0.0,0.0,60.0,180.0,2.7521728515625057,26.752172851562506,Leave_One_experiments/all_year_offline_schedule_search/daily_outputs/LCA/LCA_2020_LCA2020_normal_grid_S0029_daily.csv
LCA,LCA,Luancheng,2020,Leave_One_experiments\wth_generated_qc\LCA\LCA2020.WTH,normal_year;nitrogen_stress_year;low_response_year,normal,LCA2020_normal_grid_S0029,pareto_balanced,2020-07-25,207,47,42,"{""sim_day"": 47.0, ""doy"": 207.0, ""topwt"": 5653.2305908203125, ""grnwt"": 0.0, ""xlai"": 4.0217604637146, ""totir"": 30.0, ""tofer"": NaN, ""swfac"": 0.0, ""nstres"": 0.0}",0.0,0.0,5653.2305908203125,0.0,4.0217604637146,30.0,,0.0,0.0,60.0,180.0,2.7521728515625057,26.752172851562506,Leave_One_experiments/all_year_offline_schedule_search/daily_outputs/LCA/LCA_2020_LCA2020_normal_grid_S0029_daily.csv
LCA,LCA,Luancheng,2020,Leave_One_experiments\wth_generated_qc\LCA\LCA2020.WTH,normal_year;nitrogen_stress_year;low_response_year,normal,LCA2020_normal_grid_S0029,pareto_balanced,2020-07-26,208,48,43,"{""sim_day"": 48.0, ""doy"": 208.0, ""topwt"": 5798.038940429688, ""grnwt"": 0.0, ""xlai"": 4.058389663696289, ""totir"": 30.0, ""tofer"": NaN, ""swfac"": 0.0, ""nstres"": 0.0}",0.0,0.0,5798.038940429688,0.0,4.058389663696289,30.0,,0.0,0.0,60.0,180.0,2.7521728515625057,26.752172851562506,Leave_One_experiments/all_year_offline_schedule_search/daily_outputs/LCA/LCA_2020_LCA2020_normal_grid_S0029_daily.csv
LCA,LCA,Luancheng,2020,Leave_One_experiments\wth_generated_qc\LCA\LCA2020.WTH,normal_year;nitrogen_stress_year;low_response_year,normal,LCA2020_normal_grid_S0029,pareto_balanced,2020-07-27,209,49,44,"{""sim_day"": 49.0, ""doy"": 209.0, ""topwt"": 6112.469482421875, ""grnwt"": 0.0, ""xlai"": 4.133463382720947, ""totir"": 30.0, ""tofer"": NaN, ""swfac"": 0.0, ""nstres"": 0.0}",0.0,0.0,6112.469482421875,0.0,4.133463382720947,30.0,,0.0,0.0,60.0,180.0,2.7521728515625057,26.752172851562506,Leave_One_experiments/all_year_offline_schedule_search/daily_outputs/LCA/LCA_2020_LCA2020_normal_grid_S0029_daily.csv
LCA,LCA,Luancheng,2020,Leave_One_experiments\wth_generated_qc\LCA\LCA2020.WTH,normal_year;nitrogen_stress_year;low_response_year,normal,LCA2020_normal_grid_S0029,pareto_balanced,2020-07-28,210,50,45,"{""sim_day"": 50.0, ""doy"": 210.0, ""topwt"": 6468.081665039063, ""grnwt"": 0.0, ""xlai"": 4.2159743309021, ""totir"": 30.0, ""tofer"": NaN, ""swfac"": 0.0, ""nstres"": 0.0}",0.0,0.0,6468.081665039063,0.0,4.2159743309021,30.0,,0.0,0.0,60.0,180.0,2.7521728515625057,26.752172851562506,Leave_One_experiments/all_year_offline_schedule_search/daily_outputs/LCA/LCA_2020_LCA2020_normal_grid_S0029_daily.csv
LCA,LCA,Luancheng,2020,Leave_One_experiments\wth_generated_qc\LCA\LCA2020.WTH,normal_year;nitrogen_stress_year;low_response_year,normal,LCA2020_normal_grid_S0029,pareto_balanced,2020-07-29,211,51,46,"{""sim_day"": 51.0, ""doy"": 211.0, ""topwt"": 6867.0098876953125, ""grnwt"": 0.0, ""xlai"": 4.306032657623291, ""totir"": 30.0, ""tofer"": NaN, ""swfac"": 0.0, ""nstres"": 0.0}",0.0,0.0,6867.0098876953125,0.0,4.306032657623291,30.0,,0.0,0.0,60.0,180.0,2.7521728515625057,26.752172851562506,Leave_One_experiments/all_year_offline_schedule_search/daily_outputs/LCA/LCA_2020_LCA2020_normal_grid_S0029_daily.csv
LCA,LCA,Luancheng,2020,Leave_One_experiments\wth_generated_qc\LCA\LCA2020.WTH,normal_year;nitrogen_stress_year;low_response_year,normal,LCA2020_normal_grid_S0029,pareto_balanced,2020-07-30,212,52,47,"{""sim_day"": 52.0, ""doy"": 212.0, ""topwt"": 7208.4033203125, ""grnwt"": 0.0, ""xlai"": 4.378570079803467, ""totir"": 30.0, ""tofer"": NaN, ""swfac"": 0.0, ""nstres"": 0.0}",0.0,0.0,7208.4033203125,0.0,4.378570079803467,30.0,,0.0,0.0,60.0,180.0,2.7521728515625057,26.752172851562506,Leave_One_experiments/all_year_offline_schedule_search/daily_outputs/LCA/LCA_2020_LCA2020_normal_grid_S0029_daily.csv
LCA,LCA,Luancheng,2020,Leave_One_experiments\wth_generated_qc\LCA\LCA2020.WTH,normal_year;nitrogen_stress_year;low_response_year,normal,LCA2020_normal_grid_S0029,pareto_balanced,2020-07-31,213,53,48,"{""sim_day"": 53.0, ""doy"": 213.0, ""topwt"": 7507.05322265625, ""grnwt"": 0.0, ""xlai"": 4.205812454223633, ""totir"": 30.0, ""tofer"": NaN, ""swfac"": 0.0, ""nstres"": 0.0}",0.0,0.0,7507.05322265625,0.0,4.205812454223633,30.0,,0.0,0.0,60.0,180.0,2.7521728515625057,26.752172851562506,Leave_One_experiments/all_year_offline_schedule_search/daily_outputs/LCA/LCA_2020_LCA2020_normal_grid_S0029_daily.csv
LCA,LCA,Luancheng,2020,Leave_One_experiments\wth_generated_qc\LCA\LCA2020.WTH,normal_year;nitrogen_stress_year;low_response_year,normal,LCA2020_normal_grid_S0029,pareto_balanced,2020-08-01,214,54,49,"{""sim_day"": 54.0, ""doy"": 214.0, ""topwt"": 7953.7042236328125, ""grnwt"": 0.0, ""xlai"": 4.184782981872559, ""totir"": 30.0, ""tofer"": NaN, ""swfac"": 0.0, ""nstres"": 0.0}",0.0,0.0,7953.7042236328125,0.0,4.184782981872559,30.0,,0.0,0.0,60.0,180.0,2.7521728515625057,26.752172851562506,Leave_One_experiments/all_year_offline_schedule_search/daily_outputs/LCA/LCA_2020_LCA2020_normal_grid_S0029_daily.csv
LCA,LCA,Luancheng,2020,Leave_One_experiments\wth_generated_qc\LCA\LCA2020.WTH,normal_year;nitrogen_stress_year;low_response_year,normal,LCA2020_normal_grid_S0029,pareto_balanced,2020-08-02,215,55,50,"{""sim_day"": 55.0, ""doy"": 215.0, ""topwt"": 8266.68212890625, ""grnwt"": 0.0, ""xlai"": 4.160029888153076, ""totir"": 30.0, ""tofer"": NaN, ""swfac"": 0.0, ""nstres"": 0.0}",0.0,0.0,8266.68212890625,0.0,4.160029888153076,30.0,,0.0,0.0,60.0,180.0,2.7521728515625057,26.752172851562506,Leave_One_experiments/all_year_offline_schedule_search/daily_outputs/LCA/LCA_2020_LCA2020_normal_grid_S0029_daily.csv
LCA,LCA,Luancheng,2020,Leave_One_experiments\wth_generated_qc\LCA\LCA2020.WTH,normal_year;nitrogen_stress_year;low_response_year,normal,LCA2020_normal_grid_S0029,pareto_balanced,2020-08-03,216,56,51,"{""sim_day"": 56.0, ""doy"": 216.0, ""topwt"": 8584.693603515625, ""grnwt"": 0.0, ""xlai"": 4.13624906539917, ""totir"": 30.0, ""tofer"": NaN, ""swfac"": 0.0, ""nstres"": 0.0}",0.0,0.0,8584.693603515625,0.0,4.13624906539917,30.0,,0.0,0.0,60.0,180.0,2.7521728515625057,26.752172851562506,Leave_One_experiments/all_year_offline_schedule_search/daily_outputs/LCA/LCA_2020_LCA2020_normal_grid_S0029_daily.csv
LCA,LCA,Luancheng,2020,Leave_One_experiments\wth_generated_qc\LCA\LCA2020.WTH,normal_year;nitrogen_stress_year;low_response_year,normal,LCA2020_normal_grid_S0029,pareto_balanced,2020-08-04,217,57,52,"{""sim_day"": 57.0, ""doy"": 217.0, ""topwt"": 8600.10009765625, ""grnwt"": 0.0, ""xlai"": 4.116105556488037, ""totir"": 30.0, ""tofer"": NaN, ""swfac"": 0.0, ""nstres"": 0.0}",0.0,0.0,8600.10009765625,0.0,4.116105556488037,30.0,,0.0,0.0,60.0,180.0,2.7521728515625057,26.752172851562506,Leave_One_experiments/all_year_offline_schedule_search/daily_outputs/LCA/LCA_2020_LCA2020_normal_grid_S0029_daily.csv
LCA,LCA,Luancheng,2020,Leave_One_experiments\wth_generated_qc\LCA\LCA2020.WTH,normal_year;nitrogen_stress_year;low_response_year,normal,LCA2020_normal_grid_S0029,pareto_balanced,2020-08-05,218,58,53,"{""sim_day"": 58.0, ""doy"": 218.0, ""topwt"": 8586.588745117188, ""grnwt"": 0.0, ""xlai"": 4.099724769592285, ""totir"": 30.0, ""tofer"": NaN, ""swfac"": 0.0, ""nstres"": 0.0}",0.0,0.0,8586.588745117188,0.0,4.099724769592285,30.0,,0.0,0.0,60.0,180.0,2.7521728515625057,26.752172851562506,Leave_One_experiments/all_year_offline_schedule_search/daily_outputs/LCA/LCA_2020_LCA2020_normal_grid_S0029_daily.csv
LCA,LCA,Luancheng,2020,Leave_One_experiments\wth_generated_qc\LCA\LCA2020.WTH,normal_year;nitrogen_stress_year;low_response_year,normal,LCA2020_normal_grid_S0029,pareto_balanced,2020-08-06,219,59,54,"{""sim_day"": 59.0, ""doy"": 219.0, ""topwt"": 8709.506225585938, ""grnwt"": 0.0, ""xlai"": 4.07908296585083, ""totir"": 30.0, ""tofer"": NaN, ""swfac"": 0.0, ""nstres"": 0.0}",0.0,0.0,8709.506225585938,0.0,4.07908296585083,30.0,,0.0,0.0,60.0,180.0,2.7521728515625057,26.752172851562506,Leave_One_experiments/all_year_offline_schedule_search/daily_outputs/LCA/LCA_2020_LCA2020_normal_grid_S0029_daily.csv
LCA,LCA,Luancheng,2020,Leave_One_experiments\wth_generated_qc\LCA\LCA2020.WTH,normal_year;nitrogen_stress_year;low_response_year,normal,LCA2020_normal_grid_S0029,pareto_balanced,2020-08-07,220,60,55,"{""sim_day"": 60.0, ""doy"": 220.0, ""topwt"": 9042.896118164062, ""grnwt"": 0.0, ""xlai"": 4.056947708129883, ""totir"": 30.0, ""tofer"": NaN, ""swfac"": 0.0, ""nstres"": 0.0}",0.0,0.0,9042.896118164062,0.0,4.056947708129883,30.0,,0.0,0.0,60.0,180.0,2.7521728515625057,26.752172851562506,Leave_One_experiments/all_year_offline_schedule_search/daily_outputs/LCA/LCA_2020_LCA2020_normal_grid_S0029_daily.csv
LCA,LCA,Luancheng,2020,Leave_One_experiments\wth_generated_qc\LCA\LCA2020.WTH,normal_year;nitrogen_stress_year;low_response_year,normal,LCA2020_normal_grid_S0029,pareto_balanced,2020-08-08,221,61,56,"{""sim_day"": 61.0, ""doy"": 221.0, ""topwt"": 9428.060913085938, ""grnwt"": 0.0, ""xlai"": 4.034700870513916, ""totir"": 30.0, ""tofer"": NaN, ""swfac"": 0.0, ""nstres"": 0.0}",0.0,0.0,9428.060913085938,0.0,4.034700870513916,30.0,,0.0,0.0,60.0,180.0,2.7521728515625057,26.752172851562506,Leave_One_experiments/all_year_offline_schedule_search/daily_outputs/LCA/LCA_2020_LCA2020_normal_grid_S0029_daily.csv
LCA,LCA,Luancheng,2020,Leave_One_experiments\wth_generated_qc\LCA\LCA2020.WTH,normal_year;nitrogen_stress_year;low_response_year,normal,LCA2020_normal_grid_S0029,pareto_balanced,2020-08-09,222,62,57,"{""sim_day"": 62.0, ""doy"": 222.0, ""topwt"": 9734.927368164062, ""grnwt"": 306.8659973144531, ""xlai"": 3.948533773422241, ""totir"": 30.0, ""tofer"": NaN, ""swfac"": 0.0, ""nstres"": 0.0}",0.0,0.0,9734.927368164062,306.8659973144531,3.948533773422241,30.0,,0.0,0.0,60.0,180.0,2.7521728515625057,26.752172851562506,Leave_One_experiments/all_year_offline_schedule_search/daily_outputs/LCA/LCA_2020_LCA2020_normal_grid_S0029_daily.csv
LCA,LCA,Luancheng,2020,Leave_One_experiments\wth_generated_qc\LCA\LCA2020.WTH,normal_year;nitrogen_stress_year;low_response_year,normal,LCA2020_normal_grid_S0029,pareto_balanced,2020-08-10,223,63,58,"{""sim_day"": 63.0, ""doy"": 223.0, ""topwt"": 9976.583862304688, ""grnwt"": 548.52294921875, ""xlai"": 3.934015035629273, ""totir"": 30.0, ""tofer"": NaN, ""swfac"": 0.0, ""nstres"": 0.0}",0.0,0.0,9976.583862304688,548.52294921875,3.934015035629273,30.0,,0.0,0.0,60.0,180.0,2.7521728515625057,26.752172851562506,Leave_One_experiments/all_year_offline_schedule_search/daily_outputs/LCA/LCA_2020_LCA2020_normal_grid_S0029_daily.csv
LCA,LCA,Luancheng,2020,Leave_One_experiments\wth_generated_qc\LCA\LCA2020.WTH,normal_year;nitrogen_stress_year;low_response_year,normal,LCA2020_normal_grid_S0029,pareto_balanced,2020-08-11,224,64,59,"{""sim_day"": 64.0, ""doy"": 224.0, ""topwt"": 10083.24951171875, ""grnwt"": 855.3889465332031, ""xlai"": 3.917979240417481, ""totir"": 30.0, ""tofer"": NaN, ""swfac"": 0.0, ""nstres"": 0.0}",0.0,0.0,10083.24951171875,855.3889465332031,3.917979240417481,30.0,,0.0,0.0,60.0,180.0,2.7521728515625057,26.752172851562506,Leave_One_experiments/all_year_offline_schedule_search/daily_outputs/LCA/LCA_2020_LCA2020_normal_grid_S0029_daily.csv
LCA,LCA,Luancheng,2020,Leave_One_experiments\wth_generated_qc\LCA\LCA2020.WTH,normal_year;nitrogen_stress_year;low_response_year,normal,LCA2020_normal_grid_S0029,pareto_balanced,2020-08-12,225,65,60,"{""sim_day"": 65.0, ""doy"": 225.0, ""topwt"": 10363.6474609375, ""grnwt"": 1068.2771301269531, ""xlai"": 3.895707368850708, ""totir"": 30.0, ""tofer"": NaN, ""swfac"": 0.0, ""nstres"": 0.0}",0.0,0.0,10363.6474609375,1068.2771301269531,3.895707368850708,30.0,,0.0,50.0,60.0,180.0,2.7521728515625057,26.752172851562506,Leave_One_experiments/all_year_offline_schedule_search/daily_outputs/LCA/LCA_2020_LCA2020_normal_grid_S0029_daily.csv
LCA,LCA,Luancheng,2020,Leave_One_experiments\wth_generated_qc\LCA\LCA2020.WTH,normal_year;nitrogen_stress_year;low_response_year,normal,LCA2020_normal_grid_S0029,pareto_balanced,2020-08-13,226,66,61,"{""sim_day"": 66.0, ""doy"": 226.0, ""topwt"": 10634.85595703125, ""grnwt"": 1210.2027130126953, ""xlai"": 3.8670732975006095, ""totir"": 30.0, ""tofer"": NaN, ""swfac"": 0.0, ""nstres"": 0.0}",0.0,0.0,10634.85595703125,1210.2027130126953,3.8670732975006095,30.0,,0.0,0.0,60.0,180.0,2.7521728515625057,26.752172851562506,Leave_One_experiments/all_year_offline_schedule_search/daily_outputs/LCA/LCA_2020_LCA2020_normal_grid_S0029_daily.csv
LCA,LCA,Luancheng,2020,Leave_One_experiments\wth_generated_qc\LCA\LCA2020.WTH,normal_year;nitrogen_stress_year;low_response_year,normal,LCA2020_normal_grid_S0029,pareto_balanced,2020-08-14,227,67,62,"{""sim_day"": 67.0, ""doy"": 227.0, ""topwt"": 10721.1181640625, ""grnwt"": 1517.0686340332031, ""xlai"": 3.840656042098999, ""totir"": 30.0, ""tofer"": NaN, ""swfac"": 0.0, ""nstres"": 0.0}",0.0,0.0,10721.1181640625,1517.0686340332031,3.840656042098999,30.0,,0.0,0.0,60.0,180.0,2.7521728515625057,26.752172851562506,Leave_One_experiments/all_year_offline_schedule_search/daily_outputs/LCA/LCA_2020_LCA2020_normal_grid_S0029_daily.csv
LCA,LCA,Luancheng,2020,Leave_One_experiments\wth_generated_qc\LCA\LCA2020.WTH,normal_year;nitrogen_stress_year;low_response_year,normal,LCA2020_normal_grid_S0029,pareto_balanced,2020-08-15,228,68,63,"{""sim_day"": 68.0, ""doy"": 228.0, ""topwt"": 10795.245361328123, ""grnwt"": 1823.934631347656, ""xlai"": 3.8159329891204834, ""totir"": 30.0, ""tofer"": NaN, ""swfac"": 0.0, ""nstres"": 0.0}",0.0,0.0,10795.245361328123,1823.934631347656,3.8159329891204834,30.0,,0.0,0.0,60.0,180.0,2.7521728515625057,26.752172851562506,Leave_One_experiments/all_year_offline_schedule_search/daily_outputs/LCA/LCA_2020_LCA2020_normal_grid_S0029_daily.csv
LCA,LCA,Luancheng,2020,Leave_One_experiments\wth_generated_qc\LCA\LCA2020.WTH,normal_year;nitrogen_stress_year;low_response_year,normal,LCA2020_normal_grid_S0029,pareto_balanced,2020-08-16,229,69,64,"{""sim_day"": 69.0, ""doy"": 229.0, ""topwt"": 10961.319580078123, ""grnwt"": 2130.8006286621094, ""xlai"": 3.7836568355560303, ""totir"": 30.0, ""tofer"": NaN, ""swfac"": 0.0, ""nstres"": 0.0}",0.0,0.0,10961.319580078123,2130.8006286621094,3.7836568355560303,30.0,,0.0,0.0,60.0,180.0,2.7521728515625057,26.752172851562506,Leave_One_experiments/all_year_offline_schedule_search/daily_outputs/LCA/LCA_2020_LCA2020_normal_grid_S0029_daily.csv
LCA,LCA,Luancheng,2020,Leave_One_experiments\wth_generated_qc\LCA\LCA2020.WTH,normal_year;nitrogen_stress_year;low_response_year,normal,LCA2020_normal_grid_S0029,pareto_balanced,2020-08-17,230,70,65,"{""sim_day"": 70.0, ""doy"": 230.0, ""topwt"": 11201.240234375, ""grnwt"": 2360.9503173828125, ""xlai"": 3.7395174503326416, ""totir"": 60.0, ""tofer"": NaN, ""swfac"": 0.0, ""nstres"": 0.0}",0.0,0.0,11201.240234375,2360.9503173828125,3.7395174503326416,60.0,,30.0,0.0,60.0,180.0,2.7521728515625057,26.752172851562506,Leave_One_experiments/all_year_offline_schedule_search/daily_outputs/LCA/LCA_2020_LCA2020_normal_grid_S0029_daily.csv
LCA,LCA,Luancheng,2020,Leave_One_experiments\wth_generated_qc\LCA\LCA2020.WTH,normal_year;nitrogen_stress_year;low_response_year,normal,LCA2020_normal_grid_S0029,pareto_balanced,2020-08-18,231,71,66,"{""sim_day"": 71.0, ""doy"": 231.0, ""topwt"": 11364.64599609375, ""grnwt"": 2667.816162109375, ""xlai"": 3.7016096115112314, ""totir"": 60.0, ""tofer"": NaN, ""swfac"": 0.0, ""nstres"": 0.0}",0.0,0.0,11364.64599609375,2667.816162109375,3.7016096115112314,60.0,,0.0,0.0,60.0,180.0,2.7521728515625057,26.752172851562506,Leave_One_experiments/all_year_offline_schedule_search/daily_outputs/LCA/LCA_2020_LCA2020_normal_grid_S0029_daily.csv
LCA,LCA,Luancheng,2020,Leave_One_experiments\wth_generated_qc\LCA\LCA2020.WTH,normal_year;nitrogen_stress_year;low_response_year,normal,LCA2020_normal_grid_S0029,pareto_balanced,2020-08-19,232,72,67,"{""sim_day"": 72.0, ""doy"": 232.0, ""topwt"": 11694.066162109377, ""grnwt"": 2974.6823120117188, ""xlai"": 3.6565866470336914, ""totir"": 60.0, ""tofer"": NaN, ""swfac"": 0.0, ""nstres"": 0.0}",0.0,0.0,11694.066162109377,2974.6823120117188,3.6565866470336914,60.0,,0.0,0.0,60.0,180.0,2.7521728515625057,26.752172851562506,Leave_One_experiments/all_year_offline_schedule_search/daily_outputs/LCA/LCA_2020_LCA2020_normal_grid_S0029_daily.csv
LCA,LCA,Luancheng,2020,Leave_One_experiments\wth_generated_qc\LCA\LCA2020.WTH,normal_year;nitrogen_stress_year;low_response_year,normal,LCA2020_normal_grid_S0029,pareto_balanced,2020-08-20,233,73,68,"{""sim_day"": 73.0, ""doy"": 233.0, ""topwt"": 12100.3857421875, ""grnwt"": 3281.548156738281, ""xlai"": 3.608964443206787, ""totir"": 60.0, ""tofer"": NaN, ""swfac"": 0.0, ""nstres"": 0.0}",0.0,0.0,12100.3857421875,3281.548156738281,3.608964443206787,60.0,,0.0,0.0,60.0,180.0,2.7521728515625057,26.752172851562506,Leave_One_experiments/all_year_offline_schedule_search/daily_outputs/LCA/LCA_2020_LCA2020_normal_grid_S0029_daily.csv
LCA,LCA,Luancheng,2020,Leave_One_experiments\wth_generated_qc\LCA\LCA2020.WTH,normal_year;nitrogen_stress_year;low_response_year,normal,LCA2020_normal_grid_S0029,pareto_balanced,2020-08-21,234,74,69,"{""sim_day"": 74.0, ""doy"": 234.0, ""topwt"": 12449.622802734377, ""grnwt"": 3588.414306640625, ""xlai"": 3.558725595474243, ""totir"": 60.0, ""tofer"": NaN, ""swfac"": 0.0, ""nstres"": 0.0}",0.0,0.0,12449.622802734377,3588.414306640625,3.558725595474243,60.0,,0.0,0.0,60.0,180.0,2.7521728515625057,26.752172851562506,Leave_One_experiments/all_year_offline_schedule_search/daily_outputs/LCA/LCA_2020_LCA2020_normal_grid_S0029_daily.csv
LCA,LCA,Luancheng,2020,Leave_One_experiments\wth_generated_qc\LCA\LCA2020.WTH,normal_year;nitrogen_stress_year;low_response_year,normal,LCA2020_normal_grid_S0029,pareto_balanced,2020-08-22,235,75,70,"{""sim_day"": 75.0, ""doy"": 235.0, ""topwt"": 12781.492919921877, ""grnwt"": 3895.280151367188, ""xlai"": 3.496602296829224, ""totir"": 60.0, ""tofer"": NaN, ""swfac"": 0.0, ""nstres"": 0.0}",0.0,0.0,12781.492919921877,3895.280151367188,3.496602296829224,60.0,,0.0,0.0,60.0,180.0,2.7521728515625057,26.752172851562506,Leave_One_experiments/all_year_offline_schedule_search/daily_outputs/LCA/LCA_2020_LCA2020_normal_grid_S0029_daily.csv
LCA,LCA,Luancheng,2020,Leave_One_experiments\wth_generated_qc\LCA\LCA2020.WTH,normal_year;nitrogen_stress_year;low_response_year,normal,LCA2020_normal_grid_S0029,pareto_balanced,2020-08-23,236,76,71,"{""sim_day"": 76.0, ""doy"": 236.0, ""topwt"": 13128.88671875, ""grnwt"": 4158.034362792969, ""xlai"": 3.421517133712769, ""totir"": 60.0, ""tofer"": NaN, ""swfac"": 0.0, ""nstres"": 0.0}",0.0,0.0,13128.88671875,4158.034362792969,3.421517133712769,60.0,,0.0,0.0,60.0,180.0,2.7521728515625057,26.752172851562506,Leave_One_experiments/all_year_offline_schedule_search/daily_outputs/LCA/LCA_2020_LCA2020_normal_grid_S0029_daily.csv
LCA,LCA,Luancheng,2020,Leave_One_experiments\wth_generated_qc\LCA\LCA2020.WTH,normal_year;nitrogen_stress_year;low_response_year,normal,LCA2020_normal_grid_S0029,pareto_balanced,2020-08-24,237,77,72,"{""sim_day"": 77.0, ""doy"": 237.0, ""topwt"": 13463.907470703123, ""grnwt"": 4372.840881347656, ""xlai"": 3.334965229034424, ""totir"": 60.0, ""tofer"": NaN, ""swfac"": 0.0, ""nstres"": 0.0}",0.0,0.0,13463.907470703123,4372.840881347656,3.334965229034424,60.0,,0.0,0.0,60.0,180.0,2.7521728515625057,26.752172851562506,Leave_One_experiments/all_year_offline_schedule_search/daily_outputs/LCA/LCA_2020_LCA2020_normal_grid_S0029_daily.csv
LCA,LCA,Luancheng,2020,Leave_One_experiments\wth_generated_qc\LCA\LCA2020.WTH,normal_year;nitrogen_stress_year;low_response_year,normal,LCA2020_normal_grid_S0029,pareto_balanced,2020-08-25,238,78,73,"{""sim_day"": 78.0, ""doy"": 238.0, ""topwt"": 13801.02294921875, ""grnwt"": 4647.10205078125, ""xlai"": 3.2458996772766118, ""totir"": 60.0, ""tofer"": NaN, ""swfac"": 0.0, ""nstres"": 0.0}",0.0,0.0,13801.02294921875,4647.10205078125,3.2458996772766118,60.0,,0.0,0.0,60.0,180.0,2.7521728515625057,26.752172851562506,Leave_One_experiments/all_year_offline_schedule_search/daily_outputs/LCA/LCA_2020_LCA2020_normal_grid_S0029_daily.csv
LCA,LCA,Luancheng,2020,Leave_One_experiments\wth_generated_qc\LCA\LCA2020.WTH,normal_year;nitrogen_stress_year;low_response_year,normal,LCA2020_normal_grid_S0029,pareto_balanced,2020-08-26,239,79,74,"{""sim_day"": 79.0, ""doy"": 239.0, ""topwt"": 14185.84716796875, ""grnwt"": 4953.968200683594, ""xlai"": 3.154366970062256, ""totir"": 60.0, ""tofer"": NaN, ""swfac"": 0.0, ""nstres"": 0.0}",0.0,0.0,14185.84716796875,4953.968200683594,3.154366970062256,60.0,,0.0,0.0,60.0,180.0,2.7521728515625057,26.752172851562506,Leave_One_experiments/all_year_offline_schedule_search/daily_outputs/LCA/LCA_2020_LCA2020_normal_grid_S0029_daily.csv
LCA,LCA,Luancheng,2020,Leave_One_experiments\wth_generated_qc\LCA\LCA2020.WTH,normal_year;nitrogen_stress_year;low_response_year,normal,LCA2020_normal_grid_S0029,pareto_balanced,2020-08-27,240,80,75,"{""sim_day"": 80.0, ""doy"": 240.0, ""topwt"": 14546.9091796875, ""grnwt"": 5260.8343505859375, ""xlai"": 3.056384801864624, ""totir"": 60.0, ""tofer"": NaN, ""swfac"": 0.0, ""nstres"": 0.0}",0.0,0.0,14546.9091796875,5260.8343505859375,3.056384801864624,60.0,,0.0,0.0,60.0,180.0,2.7521728515625057,26.752172851562506,Leave_One_experiments/all_year_offline_schedule_search/daily_outputs/LCA/LCA_2020_LCA2020_normal_grid_S0029_daily.csv
LCA,LCA,Luancheng,2020,Leave_One_experiments\wth_generated_qc\LCA\LCA2020.WTH,normal_year;nitrogen_stress_year;low_response_year,normal,LCA2020_normal_grid_S0029,pareto_balanced,2020-08-28,241,81,76,"{""sim_day"": 81.0, ""doy"": 241.0, ""topwt"": 14846.954345703123, ""grnwt"": 5494.8193359375, ""xlai"": 2.937750577926636, ""totir"": 60.0, ""tofer"": NaN, ""swfac"": 0.0, ""nstres"": 0.0}",0.0,0.0,14846.954345703123,5494.8193359375,2.937750577926636,60.0,,0.0,0.0,60.0,180.0,2.7521728515625057,26.752172851562506,Leave_One_experiments/all_year_offline_schedule_search/daily_outputs/LCA/LCA_2020_LCA2020_normal_grid_S0029_daily.csv
LCA,LCA,Luancheng,2020,Leave_One_experiments\wth_generated_qc\LCA\LCA2020.WTH,normal_year;nitrogen_stress_year;low_response_year,normal,LCA2020_normal_grid_S0029,pareto_balanced,2020-08-29,242,82,77,"{""sim_day"": 82.0, ""doy"": 242.0, ""topwt"": 15153.028564453123, ""grnwt"": 5724.9688720703125, ""xlai"": 2.8087756633758545, ""totir"": 60.0, ""tofer"": NaN, ""swfac"": 0.0, ""nstres"": 0.0}",0.0,0.0,15153.028564453123,5724.9688720703125,2.8087756633758545,60.0,,0.0,0.0,60.0,180.0,2.7521728515625057,26.752172851562506,Leave_One_experiments/all_year_offline_schedule_search/daily_outputs/LCA/LCA_2020_LCA2020_normal_grid_S0029_daily.csv
LCA,LCA,Luancheng,2020,Leave_One_experiments\wth_generated_qc\LCA\LCA2020.WTH,normal_year;nitrogen_stress_year;low_response_year,normal,LCA2020_normal_grid_S0029,pareto_balanced,2020-08-30,243,83,78,"{""sim_day"": 83.0, ""doy"": 243.0, ""topwt"": 15384.1748046875, ""grnwt"": 6022.2454833984375, ""xlai"": 2.6816134452819824, ""totir"": 60.0, ""tofer"": NaN, ""swfac"": 0.0, ""nstres"": 0.0}",0.0,0.0,15384.1748046875,6022.2454833984375,2.6816134452819824,60.0,,0.0,0.0,60.0,180.0,2.7521728515625057,26.752172851562506,Leave_One_experiments/all_year_offline_schedule_search/daily_outputs/LCA/LCA_2020_LCA2020_normal_grid_S0029_daily.csv
LCA,LCA,Luancheng,2020,Leave_One_experiments\wth_generated_qc\LCA\LCA2020.WTH,normal_year;nitrogen_stress_year;low_response_year,normal,LCA2020_normal_grid_S0029,pareto_balanced,2020-08-31,244,84,79,"{""sim_day"": 84.0, ""doy"": 244.0, ""topwt"": 15668.94775390625, ""grnwt"": 6240.887451171875, ""xlai"": 2.530841827392578, ""totir"": 60.0, ""tofer"": NaN, ""swfac"": 0.0, ""nstres"": 0.0}",0.0,0.0,15668.94775390625,6240.887451171875,2.530841827392578,60.0,,0.0,0.0,60.0,180.0,2.7521728515625057,26.752172851562506,Leave_One_experiments/all_year_offline_schedule_search/daily_outputs/LCA/LCA_2020_LCA2020_normal_grid_S0029_daily.csv
LCA,LCA,Luancheng,2020,Leave_One_experiments\wth_generated_qc\LCA\LCA2020.WTH,normal_year;nitrogen_stress_year;low_response_year,normal,LCA2020_normal_grid_S0029,pareto_balanced,2020-09-01,245,85,80,"{""sim_day"": 85.0, ""doy"": 245.0, ""topwt"": 15975.81298828125, ""grnwt"": 6547.7532958984375, ""xlai"": 2.404597043991089, ""totir"": 60.0, ""tofer"": NaN, ""swfac"": 0.0, ""nstres"": 0.0}",0.0,0.0,15975.81298828125,6547.7532958984375,2.404597043991089,60.0,,0.0,0.0,60.0,180.0,2.7521728515625057,26.752172851562506,Leave_One_experiments/all_year_offline_schedule_search/daily_outputs/LCA/LCA_2020_LCA2020_normal_grid_S0029_daily.csv
LCA,LCA,Luancheng,2020,Leave_One_experiments\wth_generated_qc\LCA\LCA2020.WTH,normal_year;nitrogen_stress_year;low_response_year,normal,LCA2020_normal_grid_S0029,pareto_balanced,2020-09-02,246,86,81,"{""sim_day"": 86.0, ""doy"": 246.0, ""topwt"": 16282.67822265625, ""grnwt"": 6854.619140625, ""xlai"": 2.304654121398926, ""totir"": 60.0, ""tofer"": NaN, ""swfac"": 0.0, ""nstres"": 0.0}",0.0,0.0,16282.67822265625,6854.619140625,2.304654121398926,60.0,,0.0,0.0,60.0,180.0,2.7521728515625057,26.752172851562506,Leave_One_experiments/all_year_offline_schedule_search/daily_outputs/LCA/LCA_2020_LCA2020_normal_grid_S0029_daily.csv
LCA,LCA,Luancheng,2020,Leave_One_experiments\wth_generated_qc\LCA\LCA2020.WTH,normal_year;nitrogen_stress_year;low_response_year,normal,LCA2020_normal_grid_S0029,pareto_balanced,2020-09-03,247,87,82,"{""sim_day"": 87.0, ""doy"": 247.0, ""topwt"": 16589.544677734375, ""grnwt"": 7161.4849853515625, ""xlai"": 2.186220169067383, ""totir"": 60.0, ""tofer"": NaN, ""swfac"": 0.0, ""nstres"": 0.0}",0.0,0.0,16589.544677734375,7161.4849853515625,2.186220169067383,60.0,,0.0,0.0,60.0,180.0,2.7521728515625057,26.752172851562506,Leave_One_experiments/all_year_offline_schedule_search/daily_outputs/LCA/LCA_2020_LCA2020_normal_grid_S0029_daily.csv
LCA,LCA,Luancheng,2020,Leave_One_experiments\wth_generated_qc\LCA\LCA2020.WTH,normal_year;nitrogen_stress_year;low_response_year,normal,LCA2020_normal_grid_S0029,pareto_balanced,2020-09-04,248,88,83,"{""sim_day"": 88.0, ""doy"": 248.0, ""topwt"": 16896.409912109375, ""grnwt"": 7468.351440429687, ""xlai"": 2.034316301345825, ""totir"": 60.0, ""tofer"": NaN, ""swfac"": 0.0, ""nstres"": 0.0}",0.0,0.0,16896.409912109375,7468.351440429687,2.034316301345825,60.0,,0.0,0.0,60.0,180.0,2.7521728515625057,26.752172851562506,Leave_One_experiments/all_year_offline_schedule_search/daily_outputs/LCA/LCA_2020_LCA2020_normal_grid_S0029_daily.csv
LCA,LCA,Luancheng,2020,Leave_One_experiments\wth_generated_qc\LCA\LCA2020.WTH,normal_year;nitrogen_stress_year;low_response_year,normal,LCA2020_normal_grid_S0029,pareto_balanced,2020-09-05,249,89,84,"{""sim_day"": 89.0, ""doy"": 249.0, ""topwt"": 17203.275146484375, ""grnwt"": 7775.21728515625, ""xlai"": 1.8660688400268557, ""totir"": 60.0, ""tofer"": NaN, ""swfac"": 0.0, ""nstres"": 0.0}",0.0,0.0,17203.275146484375,7775.21728515625,1.8660688400268557,60.0,,0.0,0.0,60.0,180.0,2.7521728515625057,26.752172851562506,Leave_One_experiments/all_year_offline_schedule_search/daily_outputs/LCA/LCA_2020_LCA2020_normal_grid_S0029_daily.csv
LCA,LCA,Luancheng,2020,Leave_One_experiments\wth_generated_qc\LCA\LCA2020.WTH,normal_year;nitrogen_stress_year;low_response_year,normal,LCA2020_normal_grid_S0029,pareto_balanced,2020-09-06,250,90,85,"{""sim_day"": 90.0, ""doy"": 250.0, ""topwt"": 17203.275146484375, ""grnwt"": 7775.21728515625, ""xlai"": 1.8660688400268557, ""totir"": 60.0, ""tofer"": NaN, ""swfac"": 0.0, ""nstres"": 0.0}",0.0,0.0,17203.275146484375,7775.21728515625,1.8660688400268557,60.0,,0.0,0.0,60.0,180.0,2.7521728515625057,26.752172851562506,Leave_One_experiments/all_year_offline_schedule_search/daily_outputs/LCA/LCA_2020_LCA2020_normal_grid_S0029_daily.csv
LCA,LCA,Luancheng,2020,Leave_One_experiments\wth_generated_qc\LCA\LCA2020.WTH,normal_year;nitrogen_stress_year;low_response_year,normal,LCA2020_normal_grid_S0029,pareto_balanced,2020-09-07,251,91,86,"{""sim_day"": 91.0, ""doy"": 251.0, ""topwt"": 17203.275146484375, ""grnwt"": 7775.21728515625, ""xlai"": 1.8660688400268557, ""totir"": 60.0, ""tofer"": NaN, ""swfac"": 0.0, ""nstres"": 0.0}",0.0,0.0,17203.275146484375,7775.21728515625,1.8660688400268557,60.0,,0.0,0.0,60.0,180.0,2.7521728515625057,26.752172851562506,Leave_One_experiments/all_year_offline_schedule_search/daily_outputs/LCA/LCA_2020_LCA2020_normal_grid_S0029_daily.csv
LCA,LCA,Luancheng,2020,Leave_One_experiments\wth_generated_qc\LCA\LCA2020.WTH,normal_year;nitrogen_stress_year;low_response_year,normal,LCA2020_normal_grid_S0029,pareto_balanced,2020-09-08,252,92,87,"{""sim_day"": 92.0, ""doy"": 252.0, ""topwt"": 17203.275146484375, ""grnwt"": 7775.21728515625, ""xlai"": 1.8660688400268557, ""totir"": 60.0, ""tofer"": NaN, ""swfac"": 0.0, ""nstres"": 0.0}",0.0,0.0,17203.275146484375,7775.21728515625,1.8660688400268557,60.0,,0.0,0.0,60.0,180.0,2.7521728515625057,26.752172851562506,Leave_One_experiments/all_year_offline_schedule_search/daily_outputs/LCA/LCA_2020_LCA2020_normal_grid_S0029_daily.csv
LCA,LCA,Luancheng,2020,Leave_One_experiments\wth_generated_qc\LCA\LCA2020.WTH,normal_year;nitrogen_stress_year;low_response_year,normal,LCA2020_normal_grid_S0030,top_yield,2020-06-14,166,1,1,"{""sim_day"": 1.0, ""doy"": 166.0, ""topwt"": 0.0, ""grnwt"": 0.0, ""xlai"": 0.0, ""totir"": 0.0, ""tofer"": NaN, ""swfac"": 0.0, ""nstres"": 0.0}",0.0,0.0,0.0,0.0,0.0,0.0,,0.0,80.0,80.0,180.0,-7.247827148437494,24.752172851562506,Leave_One_experiments/all_year_offline_schedule_search/daily_outputs/LCA/LCA_2020_LCA2020_normal_grid_S0030_daily.csv
LCA,LCA,Luancheng,2020,Leave_One_experiments\wth_generated_qc\LCA\LCA2020.WTH,normal_year;nitrogen_stress_year;low_response_year,normal,LCA2020_normal_grid_S0030,top_yield,2020-06-15,167,2,2,"{""sim_day"": 2.0, ""doy"": 167.0, ""topwt"": 0.0, ""grnwt"": 0.0, ""xlai"": 0.0, ""totir"": 0.0, ""tofer"": NaN, ""swfac"": 0.0, ""nstres"": 0.0}",0.0,0.0,0.0,0.0,0.0,0.0,,0.0,0.0,80.0,180.0,-7.247827148437494,24.752172851562506,Leave_One_experiments/all_year_offline_schedule_search/daily_outputs/LCA/LCA_2020_LCA2020_normal_grid_S0030_daily.csv
LCA,LCA,Luancheng,2020,Leave_One_experiments\wth_generated_qc\LCA\LCA2020.WTH,normal_year;nitrogen_stress_year;low_response_year,normal,LCA2020_normal_grid_S0030,top_yield,2020-06-16,168,3,3,"{""sim_day"": 3.0, ""doy"": 168.0, ""topwt"": 0.0, ""grnwt"": 0.0, ""xlai"": 0.0, ""totir"": 0.0, ""tofer"": NaN, ""swfac"": 0.0, ""nstres"": 0.0}",0.0,0.0,0.0,0.0,0.0,0.0,,0.0,0.0,80.0,180.0,-7.247827148437494,24.752172851562506,Leave_One_experiments/all_year_offline_schedule_search/daily_outputs/LCA/LCA_2020_LCA2020_normal_grid_S0030_daily.csv
LCA,LCA,Luancheng,2020,Leave_One_experiments\wth_generated_qc\LCA\LCA2020.WTH,normal_year;nitrogen_stress_year;low_response_year,normal,LCA2020_normal_grid_S0030,top_yield,2020-06-17,169,4,4,"{""sim_day"": 4.0, ""doy"": 169.0, ""topwt"": 0.0, ""grnwt"": 0.0, ""xlai"": 0.0, ""totir"": 0.0, ""tofer"": NaN, ""swfac"": 0.0, ""nstres"": 0.0}",0.0,0.0,0.0,0.0,0.0,0.0,,0.0,0.0,80.0,180.0,-7.247827148437494,24.752172851562506,Leave_One_experiments/all_year_offline_schedule_search/daily_outputs/LCA/LCA_2020_LCA2020_normal_grid_S0030_daily.csv
LCA,LCA,Luancheng,2020,Leave_One_experiments\wth_generated_qc\LCA\LCA2020.WTH,normal_year;nitrogen_stress_year;low_response_year,normal,LCA2020_normal_grid_S0030,top_yield,2020-06-18,170,5,5,"{""sim_day"": 5.0, ""doy"": 170.0, ""topwt"": 0.0, ""grnwt"": 0.0, ""xlai"": 0.0, ""totir"": 0.0, ""tofer"": NaN, ""swfac"": 0.0, ""nstres"": 0.0}",0.0,0.0,0.0,0.0,0.0,0.0,,0.0,0.0,80.0,180.0,-7.247827148437494,24.752172851562506,Leave_One_experiments/all_year_offline_schedule_search/daily_outputs/LCA/LCA_2020_LCA2020_normal_grid_S0030_daily.csv
LCA,LCA,Luancheng,2020,Leave_One_experiments\wth_generated_qc\LCA\LCA2020.WTH,normal_year;nitrogen_stress_year;low_response_year,normal,LCA2020_normal_grid_S0030,top_yield,2020-06-14,166,6,1,"{""sim_day"": 6.0, ""doy"": 166.0, ""topwt"": 0.0, ""grnwt"": 0.0, ""xlai"": 0.0, ""totir"": 0.0, ""tofer"": NaN, ""swfac"": 0.0, ""nstres"": 0.0}",0.0,0.0,0.0,0.0,0.0,0.0,,0.0,0.0,80.0,180.0,-7.247827148437494,24.752172851562506,Leave_One_experiments/all_year_offline_schedule_search/daily_outputs/LCA/LCA_2020_LCA2020_normal_grid_S0030_daily.csv
LCA,LCA,Luancheng,2020,Leave_One_experiments\wth_generated_qc\LCA\LCA2020.WTH,normal_year;nitrogen_stress_year;low_response_year,normal,LCA2020_normal_grid_S0030,top_yield,2020-06-15,167,7,2,"{""sim_day"": 7.0, ""doy"": 167.0, ""topwt"": 0.0, ""grnwt"": 0.0, ""xlai"": 0.0, ""totir"": 0.0, ""tofer"": NaN, ""swfac"": 0.0, ""nstres"": 0.0}",0.0,0.0,0.0,0.0,0.0,0.0,,0.0,0.0,80.0,180.0,-7.247827148437494,24.752172851562506,Leave_One_experiments/all_year_offline_schedule_search/daily_outputs/LCA/LCA_2020_LCA2020_normal_grid_S0030_daily.csv
LCA,LCA,Luancheng,2020,Leave_One_experiments\wth_generated_qc\LCA\LCA2020.WTH,normal_year;nitrogen_stress_year;low_response_year,normal,LCA2020_normal_grid_S0030,top_yield,2020-06-16,168,8,3,"{""sim_day"": 8.0, ""doy"": 168.0, ""topwt"": 0.0, ""grnwt"": 0.0, ""xlai"": 0.0, ""totir"": 0.0, ""tofer"": NaN, ""swfac"": 0.0, ""nstres"": 0.0}",0.0,0.0,0.0,0.0,0.0,0.0,,0.0,0.0,80.0,180.0,-7.247827148437494,24.752172851562506,Leave_One_experiments/all_year_offline_schedule_search/daily_outputs/LCA/LCA_2020_LCA2020_normal_grid_S0030_daily.csv
LCA,LCA,Luancheng,2020,Leave_One_experiments\wth_generated_qc\LCA\LCA2020.WTH,normal_year;nitrogen_stress_year;low_response_year,normal,LCA2020_normal_grid_S0030,top_yield,2020-06-17,169,9,4,"{""sim_day"": 9.0, ""doy"": 169.0, ""topwt"": 0.0, ""grnwt"": 0.0, ""xlai"": 0.0, ""totir"": 0.0, ""tofer"": NaN, ""swfac"": 0.0, ""nstres"": 0.0}",0.0,0.0,0.0,0.0,0.0,0.0,,0.0,0.0,80.0,180.0,-7.247827148437494,24.752172851562506,Leave_One_experiments/all_year_offline_schedule_search/daily_outputs/LCA/LCA_2020_LCA2020_normal_grid_S0030_daily.csv
LCA,LCA,Luancheng,2020,Leave_One_experiments\wth_generated_qc\LCA\LCA2020.WTH,normal_year;nitrogen_stress_year;low_response_year,normal,LCA2020_normal_grid_S0030,top_yield,2020-06-18,170,10,5,"{""sim_day"": 10.0, ""doy"": 170.0, ""topwt"": 0.0, ""grnwt"": 0.0, ""xlai"": 0.0, ""totir"": 0.0, ""tofer"": NaN, ""swfac"": 0.0, ""nstres"": 0.0}",0.0,0.0,0.0,0.0,0.0,0.0,,0.0,0.0,80.0,180.0,-7.247827148437494,24.752172851562506,Leave_One_experiments/all_year_offline_schedule_search/daily_outputs/LCA/LCA_2020_LCA2020_normal_grid_S0030_daily.csv
LCA,LCA,Luancheng,2020,Leave_One_experiments\wth_generated_qc\LCA\LCA2020.WTH,normal_year;nitrogen_stress_year;low_response_year,normal,LCA2020_normal_grid_S0030,top_yield,2020-06-19,171,11,6,"{""sim_day"": 11.0, ""doy"": 171.0, ""topwt"": 23.600001335144043, ""grnwt"": 0.0, ""xlai"": 0.0053583150729537, ""totir"": 0.0, ""tofer"": NaN, ""swfac"": 0.0, ""nstres"": 0.0121910572052001}",0.0,0.0121910572052001,23.600001335144043,0.0,0.0053583150729537,0.0,,0.0,0.0,80.0,180.0,-7.247827148437494,24.752172851562506,Leave_One_experiments/all_year_offline_schedule_search/daily_outputs/LCA/LCA_2020_LCA2020_normal_grid_S0030_daily.csv
LCA,LCA,Luancheng,2020,Leave_One_experiments\wth_generated_qc\LCA\LCA2020.WTH,normal_year;nitrogen_stress_year;low_response_year,normal,LCA2020_normal_grid_S0030,top_yield,2020-06-20,172,12,7,"{""sim_day"": 12.0, ""doy"": 172.0, ""topwt"": 23.600001335144043, ""grnwt"": 0.0, ""xlai"": 0.0117774764075875, ""totir"": 0.0, ""tofer"": NaN, ""swfac"": 0.0, ""nstres"": 0.0034008026123046}",0.0,0.0034008026123046,23.600001335144043,0.0,0.0117774764075875,0.0,,0.0,0.0,80.0,180.0,-7.247827148437494,24.752172851562506,Leave_One_experiments/all_year_offline_schedule_search/daily_outputs/LCA/LCA_2020_LCA2020_normal_grid_S0030_daily.csv
LCA,LCA,Luancheng,2020,Leave_One_experiments\wth_generated_qc\LCA\LCA2020.WTH,normal_year;nitrogen_stress_year;low_response_year,normal,LCA2020_normal_grid_S0030,top_yield,2020-06-21,173,13,8,"{""sim_day"": 13.0, ""doy"": 173.0, ""topwt"": 23.600001335144043, ""grnwt"": 0.0, ""xlai"": 0.0188165474683046, ""totir"": 0.0, ""tofer"": NaN, ""swfac"": 0.0, ""nstres"": 0.0}",0.0,0.0,23.600001335144043,0.0,0.0188165474683046,0.0,,0.0,0.0,80.0,180.0,-7.247827148437494,24.752172851562506,Leave_One_experiments/all_year_offline_schedule_search/daily_outputs/LCA/LCA_2020_LCA2020_normal_grid_S0030_daily.csv
LCA,LCA,Luancheng,2020,Leave_One_experiments\wth_generated_qc\LCA\LCA2020.WTH,normal_year;nitrogen_stress_year;low_response_year,normal,LCA2020_normal_grid_S0030,top_yield,2020-06-22,174,14,9,"{""sim_day"": 14.0, ""doy"": 174.0, ""topwt"": 24.860880374908447, ""grnwt"": 0.0, ""xlai"": 0.0439563281834125, ""totir"": 0.0, ""tofer"": NaN, ""swfac"": 0.0, ""nstres"": 0.0}",0.0,0.0,24.860880374908447,0.0,0.0439563281834125,0.0,,0.0,0.0,80.0,180.0,-7.247827148437494,24.752172851562506,Leave_One_experiments/all_year_offline_schedule_search/daily_outputs/LCA/LCA_2020_LCA2020_normal_grid_S0030_daily.csv
LCA,LCA,Luancheng,2020,Leave_One_experiments\wth_generated_qc\LCA\LCA2020.WTH,normal_year;nitrogen_stress_year;low_response_year,normal,LCA2020_normal_grid_S0030,top_yield,2020-06-23,175,15,10,"{""sim_day"": 15.0, ""doy"": 175.0, ""topwt"": 37.79575109481812, ""grnwt"": 0.0, ""xlai"": 0.0761047899723053, ""totir"": 0.0, ""tofer"": NaN, ""swfac"": 0.0, ""nstres"": 0.0}",0.0,0.0,37.79575109481812,0.0,0.0761047899723053,0.0,,0.0,0.0,80.0,180.0,-7.247827148437494,24.752172851562506,Leave_One_experiments/all_year_offline_schedule_search/daily_outputs/LCA/LCA_2020_LCA2020_normal_grid_S0030_daily.csv
LCA,LCA,Luancheng,2020,Leave_One_experiments\wth_generated_qc\LCA\LCA2020.WTH,normal_year;nitrogen_stress_year;low_response_year,normal,LCA2020_normal_grid_S0030,top_yield,2020-06-24,176,16,11,"{""sim_day"": 16.0, ""doy"": 176.0, ""topwt"": 53.13112735748291, ""grnwt"": 0.0, ""xlai"": 0.1101099103689193, ""totir"": 0.0, ""tofer"": NaN, ""swfac"": 0.0, ""nstres"": 0.0}",0.0,0.0,53.13112735748291,0.0,0.1101099103689193,0.0,,0.0,0.0,80.0,180.0,-7.247827148437494,24.752172851562506,Leave_One_experiments/all_year_offline_schedule_search/daily_outputs/LCA/LCA_2020_LCA2020_normal_grid_S0030_daily.csv
LCA,LCA,Luancheng,2020,Leave_One_experiments\wth_generated_qc\LCA\LCA2020.WTH,normal_year;nitrogen_stress_year;low_response_year,normal,LCA2020_normal_grid_S0030,top_yield,2020-06-25,177,17,12,"{""sim_day"": 17.0, ""doy"": 177.0, ""topwt"": 71.39205932617188, ""grnwt"": 0.0, ""xlai"": 0.1473291516304016, ""totir"": 0.0, ""tofer"": NaN, ""swfac"": 0.0, ""nstres"": 0.0}",0.0,0.0,71.39205932617188,0.0,0.1473291516304016,0.0,,0.0,0.0,80.0,180.0,-7.247827148437494,24.752172851562506,Leave_One_experiments/all_year_offline_schedule_search/daily_outputs/LCA/LCA_2020_LCA2020_normal_grid_S0030_daily.csv
LCA,LCA,Luancheng,2020,Leave_One_experiments\wth_generated_qc\LCA\LCA2020.WTH,normal_year;nitrogen_stress_year;low_response_year,normal,LCA2020_normal_grid_S0030,top_yield,2020-06-26,178,18,13,"{""sim_day"": 18.0, ""doy"": 178.0, ""topwt"": 99.054536819458, ""grnwt"": 0.0, ""xlai"": 0.1995099335908889, ""totir"": 0.0, ""tofer"": NaN, ""swfac"": 0.0, ""nstres"": 0.0}",0.0,0.0,99.054536819458,0.0,0.1995099335908889,0.0,,0.0,0.0,80.0,180.0,-7.247827148437494,24.752172851562506,Leave_One_experiments/all_year_offline_schedule_search/daily_outputs/LCA/LCA_2020_LCA2020_normal_grid_S0030_daily.csv
LCA,LCA,Luancheng,2020,Leave_One_experiments\wth_generated_qc\LCA\LCA2020.WTH,normal_year;nitrogen_stress_year;low_response_year,normal,LCA2020_normal_grid_S0030,top_yield,2020-06-27,179,19,14,"{""sim_day"": 19.0, ""doy"": 179.0, ""topwt"": 124.99719619750977, ""grnwt"": 0.0, ""xlai"": 0.262063205242157, ""totir"": 0.0, ""tofer"": NaN, ""swfac"": 0.0, ""nstres"": 0.0}",0.0,0.0,124.99719619750977,0.0,0.262063205242157,0.0,,0.0,0.0,80.0,180.0,-7.247827148437494,24.752172851562506,Leave_One_experiments/all_year_offline_schedule_search/daily_outputs/LCA/LCA_2020_LCA2020_normal_grid_S0030_daily.csv
LCA,LCA,Luancheng,2020,Leave_One_experiments\wth_generated_qc\LCA\LCA2020.WTH,normal_year;nitrogen_stress_year;low_response_year,normal,LCA2020_normal_grid_S0030,top_yield,2020-06-28,180,20,15,"{""sim_day"": 20.0, ""doy"": 180.0, ""topwt"": 161.95301055908203, ""grnwt"": 0.0, ""xlai"": 0.3280035555362701, ""totir"": 0.0, ""tofer"": NaN, ""swfac"": 0.0, ""nstres"": 0.0}",0.0,0.0,161.95301055908203,0.0,0.3280035555362701,0.0,,0.0,0.0,80.0,180.0,-7.247827148437494,24.752172851562506,Leave_One_experiments/all_year_offline_schedule_search/daily_outputs/LCA/LCA_2020_LCA2020_normal_grid_S0030_daily.csv
LCA,LCA,Luancheng,2020,Leave_One_experiments\wth_generated_qc\LCA\LCA2020.WTH,normal_year;nitrogen_stress_year;low_response_year,normal,LCA2020_normal_grid_S0030,top_yield,2020-06-29,181,21,16,"{""sim_day"": 21.0, ""doy"": 181.0, ""topwt"": 206.3205337524414, ""grnwt"": 0.0, ""xlai"": 0.4028259813785553, ""totir"": 0.0, ""tofer"": NaN, ""swfac"": 0.0, ""nstres"": 0.0071236491203308}",0.0,0.0071236491203308,206.3205337524414,0.0,0.4028259813785553,0.0,,0.0,0.0,80.0,180.0,-7.247827148437494,24.752172851562506,Leave_One_experiments/all_year_offline_schedule_search/daily_outputs/LCA/LCA_2020_LCA2020_normal_grid_S0030_daily.csv
LCA,LCA,Luancheng,2020,Leave_One_experiments\wth_generated_qc\LCA\LCA2020.WTH,normal_year;nitrogen_stress_year;low_response_year,normal,LCA2020_normal_grid_S0030,top_yield,2020-06-30,182,22,17,"{""sim_day"": 22.0, ""doy"": 182.0, ""topwt"": 268.57561111450195, ""grnwt"": 0.0, ""xlai"": 0.502075731754303, ""totir"": 0.0, ""tofer"": NaN, ""swfac"": 0.0, ""nstres"": 0.0}",0.0,0.0,268.57561111450195,0.0,0.502075731754303,0.0,,0.0,0.0,80.0,180.0,-7.247827148437494,24.752172851562506,Leave_One_experiments/all_year_offline_schedule_search/daily_outputs/LCA/LCA_2020_LCA2020_normal_grid_S0030_daily.csv
LCA,LCA,Luancheng,2020,Leave_One_experiments\wth_generated_qc\LCA\LCA2020.WTH,normal_year;nitrogen_stress_year;low_response_year,normal,LCA2020_normal_grid_S0030,top_yield,2020-07-01,183,23,18,"{""sim_day"": 23.0, ""doy"": 183.0, ""topwt"": 319.18121337890625, ""grnwt"": 0.0, ""xlai"": 0.5788179636001587, ""totir"": 0.0, ""tofer"": NaN, ""swfac"": 0.0, ""nstres"": 0.0}",0.0,0.0,319.18121337890625,0.0,0.5788179636001587,0.0,,0.0,0.0,80.0,180.0,-7.247827148437494,24.752172851562506,Leave_One_experiments/all_year_offline_schedule_search/daily_outputs/LCA/LCA_2020_LCA2020_normal_grid_S0030_daily.csv
LCA,LCA,Luancheng,2020,Leave_One_experiments\wth_generated_qc\LCA\LCA2020.WTH,normal_year;nitrogen_stress_year;low_response_year,normal,LCA2020_normal_grid_S0030,top_yield,2020-07-02,184,24,19,"{""sim_day"": 24.0, ""doy"": 184.0, ""topwt"": 381.7073059082031, ""grnwt"": 0.0, ""xlai"": 0.6702218651771545, ""totir"": 0.0, ""tofer"": NaN, ""swfac"": 0.0, ""nstres"": 0.0}",0.0,0.0,381.7073059082031,0.0,0.6702218651771545,0.0,,0.0,0.0,80.0,180.0,-7.247827148437494,24.752172851562506,Leave_One_experiments/all_year_offline_schedule_search/daily_outputs/LCA/LCA_2020_LCA2020_normal_grid_S0030_daily.csv
LCA,LCA,Luancheng,2020,Leave_One_experiments\wth_generated_qc\LCA\LCA2020.WTH,normal_year;nitrogen_stress_year;low_response_year,normal,LCA2020_normal_grid_S0030,top_yield,2020-07-03,185,25,20,"{""sim_day"": 25.0, ""doy"": 185.0, ""topwt"": 465.7897186279297, ""grnwt"": 0.0, ""xlai"": 0.7882079482078552, ""totir"": 0.0, ""tofer"": NaN, ""swfac"": 0.0, ""nstres"": 0.0}",0.0,0.0,465.7897186279297,0.0,0.7882079482078552,0.0,,0.0,0.0,80.0,180.0,-7.247827148437494,24.752172851562506,Leave_One_experiments/all_year_offline_schedule_search/daily_outputs/LCA/LCA_2020_LCA2020_normal_grid_S0030_daily.csv
LCA,LCA,Luancheng,2020,Leave_One_experiments\wth_generated_qc\LCA\LCA2020.WTH,normal_year;nitrogen_stress_year;low_response_year,normal,LCA2020_normal_grid_S0030,top_yield,2020-07-04,186,26,21,"{""sim_day"": 26.0, ""doy"": 186.0, ""topwt"": 584.6760559082031, ""grnwt"": 0.0, ""xlai"": 0.9465948939323424, ""totir"": 0.0, ""tofer"": NaN, ""swfac"": 0.0, ""nstres"": 0.0}",0.0,0.0,584.6760559082031,0.0,0.9465948939323424,0.0,,0.0,0.0,80.0,180.0,-7.247827148437494,24.752172851562506,Leave_One_experiments/all_year_offline_schedule_search/daily_outputs/LCA/LCA_2020_LCA2020_normal_grid_S0030_daily.csv
LCA,LCA,Luancheng,2020,Leave_One_experiments\wth_generated_qc\LCA\LCA2020.WTH,normal_year;nitrogen_stress_year;low_response_year,normal,LCA2020_normal_grid_S0030,top_yield,2020-07-05,187,27,22,"{""sim_day"": 27.0, ""doy"": 187.0, ""topwt"": 710.1585388183594, ""grnwt"": 0.0, ""xlai"": 1.1091723442077637, ""totir"": 0.0, ""tofer"": NaN, ""swfac"": 0.0, ""nstres"": 0.0}",0.0,0.0,710.1585388183594,0.0,1.1091723442077637,0.0,,0.0,0.0,80.0,180.0,-7.247827148437494,24.752172851562506,Leave_One_experiments/all_year_offline_schedule_search/daily_outputs/LCA/LCA_2020_LCA2020_normal_grid_S0030_daily.csv
LCA,LCA,Luancheng,2020,Leave_One_experiments\wth_generated_qc\LCA\LCA2020.WTH,normal_year;nitrogen_stress_year;low_response_year,normal,LCA2020_normal_grid_S0030,top_yield,2020-07-06,188,28,23,"{""sim_day"": 28.0, ""doy"": 188.0, ""topwt"": 879.9594879150391, ""grnwt"": 0.0, ""xlai"": 1.3140040636062622, ""totir"": 0.0, ""tofer"": NaN, ""swfac"": 0.0, ""nstres"": 0.0}",0.0,0.0,879.9594879150391,0.0,1.3140040636062622,0.0,,0.0,0.0,80.0,180.0,-7.247827148437494,24.752172851562506,Leave_One_experiments/all_year_offline_schedule_search/daily_outputs/LCA/LCA_2020_LCA2020_normal_grid_S0030_daily.csv
LCA,LCA,Luancheng,2020,Leave_One_experiments\wth_generated_qc\LCA\LCA2020.WTH,normal_year;nitrogen_stress_year;low_response_year,normal,LCA2020_normal_grid_S0030,top_yield,2020-07-07,189,29,24,"{""sim_day"": 29.0, ""doy"": 189.0, ""topwt"": 1054.3728637695312, ""grnwt"": 0.0, ""xlai"": 1.508500337600708, ""totir"": 0.0, ""tofer"": NaN, ""swfac"": 0.0, ""nstres"": 0.0}",0.0,0.0,1054.3728637695312,0.0,1.508500337600708,0.0,,0.0,0.0,80.0,180.0,-7.247827148437494,24.752172851562506,Leave_One_experiments/all_year_offline_schedule_search/daily_outputs/LCA/LCA_2020_LCA2020_normal_grid_S0030_daily.csv
LCA,LCA,Luancheng,2020,Leave_One_experiments\wth_generated_qc\LCA\LCA2020.WTH,normal_year;nitrogen_stress_year;low_response_year,normal,LCA2020_normal_grid_S0030,top_yield,2020-07-08,190,30,25,"{""sim_day"": 30.0, ""doy"": 190.0, ""topwt"": 1187.9263305664062, ""grnwt"": 0.0, ""xlai"": 1.647284746170044, ""totir"": 0.0, ""tofer"": NaN, ""swfac"": 0.0, ""nstres"": 0.0}",0.0,0.0,1187.9263305664062,0.0,1.647284746170044,0.0,,0.0,0.0,80.0,180.0,-7.247827148437494,24.752172851562506,Leave_One_experiments/all_year_offline_schedule_search/daily_outputs/LCA/LCA_2020_LCA2020_normal_grid_S0030_daily.csv
LCA,LCA,Luancheng,2020,Leave_One_experiments\wth_generated_qc\LCA\LCA2020.WTH,normal_year;nitrogen_stress_year;low_response_year,normal,LCA2020_normal_grid_S0030,top_yield,2020-07-09,191,31,26,"{""sim_day"": 31.0, ""doy"": 191.0, ""topwt"": 1302.888641357422, ""grnwt"": 0.0, ""xlai"": 1.759897232055664, ""totir"": 0.0, ""tofer"": NaN, ""swfac"": 0.0, ""nstres"": 0.0}",0.0,0.0,1302.888641357422,0.0,1.759897232055664,0.0,,0.0,0.0,80.0,180.0,-7.247827148437494,24.752172851562506,Leave_One_experiments/all_year_offline_schedule_search/daily_outputs/LCA/LCA_2020_LCA2020_normal_grid_S0030_daily.csv
LCA,LCA,Luancheng,2020,Leave_One_experiments\wth_generated_qc\LCA\LCA2020.WTH,normal_year;nitrogen_stress_year;low_response_year,normal,LCA2020_normal_grid_S0030,top_yield,2020-07-10,192,32,27,"{""sim_day"": 32.0, ""doy"": 192.0, ""topwt"": 1384.8428344726562, ""grnwt"": 0.0, ""xlai"": 1.835488200187683, ""totir"": 0.0, ""tofer"": NaN, ""swfac"": 0.0, ""nstres"": 0.0}",0.0,0.0,1384.8428344726562,0.0,1.835488200187683,0.0,,0.0,0.0,80.0,180.0,-7.247827148437494,24.752172851562506,Leave_One_experiments/all_year_offline_schedule_search/daily_outputs/LCA/LCA_2020_LCA2020_normal_grid_S0030_daily.csv
LCA,LCA,Luancheng,2020,Leave_One_experiments\wth_generated_qc\LCA\LCA2020.WTH,normal_year;nitrogen_stress_year;low_response_year,normal,LCA2020_normal_grid_S0030,top_yield,2020-07-11,193,33,28,"{""sim_day"": 33.0, ""doy"": 193.0, ""topwt"": 1461.5286254882812, ""grnwt"": 0.0, ""xlai"": 1.9022581577301023, ""totir"": 0.0, ""tofer"": NaN, ""swfac"": 0.0, ""nstres"": 0.0}",0.0,0.0,1461.5286254882812,0.0,1.9022581577301023,0.0,,0.0,0.0,80.0,180.0,-7.247827148437494,24.752172851562506,Leave_One_experiments/all_year_offline_schedule_search/daily_outputs/LCA/LCA_2020_LCA2020_normal_grid_S0030_daily.csv
LCA,LCA,Luancheng,2020,Leave_One_experiments\wth_generated_qc\LCA\LCA2020.WTH,normal_year;nitrogen_stress_year;low_response_year,normal,LCA2020_normal_grid_S0030,top_yield,2020-07-12,194,34,29,"{""sim_day"": 34.0, ""doy"": 194.0, ""topwt"": 1671.5692138671875, ""grnwt"": 0.0, ""xlai"": 2.072340250015259, ""totir"": 0.0, ""tofer"": NaN, ""swfac"": 0.0, ""nstres"": 0.0}",0.0,0.0,1671.5692138671875,0.0,2.072340250015259,0.0,,0.0,0.0,80.0,180.0,-7.247827148437494,24.752172851562506,Leave_One_experiments/all_year_offline_schedule_search/daily_outputs/LCA/LCA_2020_LCA2020_normal_grid_S0030_daily.csv
LCA,LCA,Luancheng,2020,Leave_One_experiments\wth_generated_qc\LCA\LCA2020.WTH,normal_year;nitrogen_stress_year;low_response_year,normal,LCA2020_normal_grid_S0030,top_yield,2020-07-13,195,35,30,"{""sim_day"": 35.0, ""doy"": 195.0, ""topwt"": 1935.9378051757808, ""grnwt"": 0.0, ""xlai"": 2.267629384994507, ""totir"": 0.0, ""tofer"": NaN, ""swfac"": 0.0, ""nstres"": 0.0}",0.0,0.0,1935.9378051757808,0.0,2.267629384994507,0.0,,0.0,50.0,80.0,180.0,-7.247827148437494,24.752172851562506,Leave_One_experiments/all_year_offline_schedule_search/daily_outputs/LCA/LCA_2020_LCA2020_normal_grid_S0030_daily.csv
LCA,LCA,Luancheng,2020,Leave_One_experiments\wth_generated_qc\LCA\LCA2020.WTH,normal_year;nitrogen_stress_year;low_response_year,normal,LCA2020_normal_grid_S0030,top_yield,2020-07-14,196,36,31,"{""sim_day"": 36.0, ""doy"": 196.0, ""topwt"": 2217.9286193847656, ""grnwt"": 0.0, ""xlai"": 2.457659244537353, ""totir"": 0.0, ""tofer"": NaN, ""swfac"": 0.0, ""nstres"": 0.0}",0.0,0.0,2217.9286193847656,0.0,2.457659244537353,0.0,,0.0,0.0,80.0,180.0,-7.247827148437494,24.752172851562506,Leave_One_experiments/all_year_offline_schedule_search/daily_outputs/LCA/LCA_2020_LCA2020_normal_grid_S0030_daily.csv
LCA,LCA,Luancheng,2020,Leave_One_experiments\wth_generated_qc\LCA\LCA2020.WTH,normal_year;nitrogen_stress_year;low_response_year,normal,LCA2020_normal_grid_S0030,top_yield,2020-07-15,197,37,32,"{""sim_day"": 37.0, ""doy"": 197.0, ""topwt"": 2530.634002685547, ""grnwt"": 0.0, ""xlai"": 2.6497790813446045, ""totir"": 0.0, ""tofer"": NaN, ""swfac"": 0.0, ""nstres"": 0.0}",0.0,0.0,2530.634002685547,0.0,2.6497790813446045,0.0,,0.0,0.0,80.0,180.0,-7.247827148437494,24.752172851562506,Leave_One_experiments/all_year_offline_schedule_search/daily_outputs/LCA/LCA_2020_LCA2020_normal_grid_S0030_daily.csv
LCA,LCA,Luancheng,2020,Leave_One_experiments\wth_generated_qc\LCA\LCA2020.WTH,normal_year;nitrogen_stress_year;low_response_year,normal,LCA2020_normal_grid_S0030,top_yield,2020-07-16,198,38,33,"{""sim_day"": 38.0, ""doy"": 198.0, ""topwt"": 2820.722045898437, ""grnwt"": 0.0, ""xlai"": 2.812175750732422, ""totir"": 0.0, ""tofer"": NaN, ""swfac"": 0.0, ""nstres"": 0.0}",0.0,0.0,2820.722045898437,0.0,2.812175750732422,0.0,,0.0,0.0,80.0,180.0,-7.247827148437494,24.752172851562506,Leave_One_experiments/all_year_offline_schedule_search/daily_outputs/LCA/LCA_2020_LCA2020_normal_grid_S0030_daily.csv
LCA,LCA,Luancheng,2020,Leave_One_experiments\wth_generated_qc\LCA\LCA2020.WTH,normal_year;nitrogen_stress_year;low_response_year,normal,LCA2020_normal_grid_S0030,top_yield,2020-07-17,199,39,34,"{""sim_day"": 39.0, ""doy"": 199.0, ""topwt"": 3018.3453369140625, ""grnwt"": 0.0, ""xlai"": 2.9143218994140625, ""totir"": 0.0, ""tofer"": NaN, ""swfac"": 0.0, ""nstres"": 0.0}",0.0,0.0,3018.3453369140625,0.0,2.9143218994140625,0.0,,0.0,0.0,80.0,180.0,-7.247827148437494,24.752172851562506,Leave_One_experiments/all_year_offline_schedule_search/daily_outputs/LCA/LCA_2020_LCA2020_normal_grid_S0030_daily.csv
LCA,LCA,Luancheng,2020,Leave_One_experiments\wth_generated_qc\LCA\LCA2020.WTH,normal_year;nitrogen_stress_year;low_response_year,normal,LCA2020_normal_grid_S0030,top_yield,2020-07-18,200,40,35,"{""sim_day"": 40.0, ""doy"": 200.0, ""topwt"": 3383.125915527344, ""grnwt"": 0.0, ""xlai"": 3.087945938110352, ""totir"": 40.0, ""tofer"": NaN, ""swfac"": 0.0, ""nstres"": 0.0}",0.0,0.0,3383.125915527344,0.0,3.087945938110352,40.0,,40.0,0.0,80.0,180.0,-7.247827148437494,24.752172851562506,Leave_One_experiments/all_year_offline_schedule_search/daily_outputs/LCA/LCA_2020_LCA2020_normal_grid_S0030_daily.csv
LCA,LCA,Luancheng,2020,Leave_One_experiments\wth_generated_qc\LCA\LCA2020.WTH,normal_year;nitrogen_stress_year;low_response_year,normal,LCA2020_normal_grid_S0030,top_yield,2020-07-19,201,41,36,"{""sim_day"": 41.0, ""doy"": 201.0, ""topwt"": 3822.021789550781, ""grnwt"": 0.0, ""xlai"": 3.279170513153076, ""totir"": 40.0, ""tofer"": NaN, ""swfac"": 0.0, ""nstres"": 0.0}",0.0,0.0,3822.021789550781,0.0,3.279170513153076,40.0,,0.0,0.0,80.0,180.0,-7.247827148437494,24.752172851562506,Leave_One_experiments/all_year_offline_schedule_search/daily_outputs/LCA/LCA_2020_LCA2020_normal_grid_S0030_daily.csv
LCA,LCA,Luancheng,2020,Leave_One_experiments\wth_generated_qc\LCA\LCA2020.WTH,normal_year;nitrogen_stress_year;low_response_year,normal,LCA2020_normal_grid_S0030,top_yield,2020-07-20,202,42,37,"{""sim_day"": 42.0, ""doy"": 202.0, ""topwt"": 4158.979797363281, ""grnwt"": 0.0, ""xlai"": 3.505509614944458, ""totir"": 40.0, ""tofer"": NaN, ""swfac"": 0.0, ""nstres"": 0.0}",0.0,0.0,4158.979797363281,0.0,3.505509614944458,40.0,,0.0,0.0,80.0,180.0,-7.247827148437494,24.752172851562506,Leave_One_experiments/all_year_offline_schedule_search/daily_outputs/LCA/LCA_2020_LCA2020_normal_grid_S0030_daily.csv
LCA,LCA,Luancheng,2020,Leave_One_experiments\wth_generated_qc\LCA\LCA2020.WTH,normal_year;nitrogen_stress_year;low_response_year,normal,LCA2020_normal_grid_S0030,top_yield,2020-07-21,203,43,38,"{""sim_day"": 43.0, ""doy"": 203.0, ""topwt"": 4393.568115234375, ""grnwt"": 0.0, ""xlai"": 3.610179662704468, ""totir"": 40.0, ""tofer"": NaN, ""swfac"": 0.0, ""nstres"": 0.0}",0.0,0.0,4393.568115234375,0.0,3.610179662704468,40.0,,0.0,0.0,80.0,180.0,-7.247827148437494,24.752172851562506,Leave_One_experiments/all_year_offline_schedule_search/daily_outputs/LCA/LCA_2020_LCA2020_normal_grid_S0030_daily.csv
LCA,LCA,Luancheng,2020,Leave_One_experiments\wth_generated_qc\LCA\LCA2020.WTH,normal_year;nitrogen_stress_year;low_response_year,normal,LCA2020_normal_grid_S0030,top_yield,2020-07-22,204,44,39,"{""sim_day"": 44.0, ""doy"": 204.0, ""topwt"": 4816.5966796875, ""grnwt"": 0.0, ""xlai"": 3.766524791717529, ""totir"": 40.0, ""tofer"": NaN, ""swfac"": 0.0, ""nstres"": 0.0}",0.0,0.0,4816.5966796875,0.0,3.766524791717529,40.0,,0.0,0.0,80.0,180.0,-7.247827148437494,24.752172851562506,Leave_One_experiments/all_year_offline_schedule_search/daily_outputs/LCA/LCA_2020_LCA2020_normal_grid_S0030_daily.csv
LCA,LCA,Luancheng,2020,Leave_One_experiments\wth_generated_qc\LCA\LCA2020.WTH,normal_year;nitrogen_stress_year;low_response_year,normal,LCA2020_normal_grid_S0030,top_yield,2020-07-23,205,45,40,"{""sim_day"": 45.0, ""doy"": 205.0, ""topwt"": 5268.657836914063, ""grnwt"": 0.0, ""xlai"": 3.913300275802612, ""totir"": 40.0, ""tofer"": NaN, ""swfac"": 0.0, ""nstres"": 0.0}",0.0,0.0,5268.657836914063,0.0,3.913300275802612,40.0,,0.0,0.0,80.0,180.0,-7.247827148437494,24.752172851562506,Leave_One_experiments/all_year_offline_schedule_search/daily_outputs/LCA/LCA_2020_LCA2020_normal_grid_S0030_daily.csv
LCA,LCA,Luancheng,2020,Leave_One_experiments\wth_generated_qc\LCA\LCA2020.WTH,normal_year;nitrogen_stress_year;low_response_year,normal,LCA2020_normal_grid_S0030,top_yield,2020-07-24,206,46,41,"{""sim_day"": 46.0, ""doy"": 206.0, ""topwt"": 5412.755737304688, ""grnwt"": 0.0, ""xlai"": 3.955699920654297, ""totir"": 40.0, ""tofer"": NaN, ""swfac"": 0.0, ""nstres"": 0.0}",0.0,0.0,5412.755737304688,0.0,3.955699920654297,40.0,,0.0,0.0,80.0,180.0,-7.247827148437494,24.752172851562506,Leave_One_experiments/all_year_offline_schedule_search/daily_outputs/LCA/LCA_2020_LCA2020_normal_grid_S0030_daily.csv
LCA,LCA,Luancheng,2020,Leave_One_experiments\wth_generated_qc\LCA\LCA2020.WTH,normal_year;nitrogen_stress_year;low_response_year,normal,LCA2020_normal_grid_S0030,top_yield,2020-07-25,207,47,42,"{""sim_day"": 47.0, ""doy"": 207.0, ""topwt"": 5653.2305908203125, ""grnwt"": 0.0, ""xlai"": 4.0217604637146, ""totir"": 40.0, ""tofer"": NaN, ""swfac"": 0.0, ""nstres"": 0.0}",0.0,0.0,5653.2305908203125,0.0,4.0217604637146,40.0,,0.0,0.0,80.0,180.0,-7.247827148437494,24.752172851562506,Leave_One_experiments/all_year_offline_schedule_search/daily_outputs/LCA/LCA_2020_LCA2020_normal_grid_S0030_daily.csv
LCA,LCA,Luancheng,2020,Leave_One_experiments\wth_generated_qc\LCA\LCA2020.WTH,normal_year;nitrogen_stress_year;low_response_year,normal,LCA2020_normal_grid_S0030,top_yield,2020-07-26,208,48,43,"{""sim_day"": 48.0, ""doy"": 208.0, ""topwt"": 5798.038940429688, ""grnwt"": 0.0, ""xlai"": 4.058389663696289, ""totir"": 40.0, ""tofer"": NaN, ""swfac"": 0.0, ""nstres"": 0.0}",0.0,0.0,5798.038940429688,0.0,4.058389663696289,40.0,,0.0,0.0,80.0,180.0,-7.247827148437494,24.752172851562506,Leave_One_experiments/all_year_offline_schedule_search/daily_outputs/LCA/LCA_2020_LCA2020_normal_grid_S0030_daily.csv
LCA,LCA,Luancheng,2020,Leave_One_experiments\wth_generated_qc\LCA\LCA2020.WTH,normal_year;nitrogen_stress_year;low_response_year,normal,LCA2020_normal_grid_S0030,top_yield,2020-07-27,209,49,44,"{""sim_day"": 49.0, ""doy"": 209.0, ""topwt"": 6112.469482421875, ""grnwt"": 0.0, ""xlai"": 4.133463382720947, ""totir"": 40.0, ""tofer"": NaN, ""swfac"": 0.0, ""nstres"": 0.0}",0.0,0.0,6112.469482421875,0.0,4.133463382720947,40.0,,0.0,0.0,80.0,180.0,-7.247827148437494,24.752172851562506,Leave_One_experiments/all_year_offline_schedule_search/daily_outputs/LCA/LCA_2020_LCA2020_normal_grid_S0030_daily.csv
LCA,LCA,Luancheng,2020,Leave_One_experiments\wth_generated_qc\LCA\LCA2020.WTH,normal_year;nitrogen_stress_year;low_response_year,normal,LCA2020_normal_grid_S0030,top_yield,2020-07-28,210,50,45,"{""sim_day"": 50.0, ""doy"": 210.0, ""topwt"": 6468.081665039063, ""grnwt"": 0.0, ""xlai"": 4.2159743309021, ""totir"": 40.0, ""tofer"": NaN, ""swfac"": 0.0, ""nstres"": 0.0}",0.0,0.0,6468.081665039063,0.0,4.2159743309021,40.0,,0.0,0.0,80.0,180.0,-7.247827148437494,24.752172851562506,Leave_One_experiments/all_year_offline_schedule_search/daily_outputs/LCA/LCA_2020_LCA2020_normal_grid_S0030_daily.csv
LCA,LCA,Luancheng,2020,Leave_One_experiments\wth_generated_qc\LCA\LCA2020.WTH,normal_year;nitrogen_stress_year;low_response_year,normal,LCA2020_normal_grid_S0030,top_yield,2020-07-29,211,51,46,"{""sim_day"": 51.0, ""doy"": 211.0, ""topwt"": 6867.0098876953125, ""grnwt"": 0.0, ""xlai"": 4.306032657623291, ""totir"": 40.0, ""tofer"": NaN, ""swfac"": 0.0, ""nstres"": 0.0}",0.0,0.0,6867.0098876953125,0.0,4.306032657623291,40.0,,0.0,0.0,80.0,180.0,-7.247827148437494,24.752172851562506,Leave_One_experiments/all_year_offline_schedule_search/daily_outputs/LCA/LCA_2020_LCA2020_normal_grid_S0030_daily.csv
LCA,LCA,Luancheng,2020,Leave_One_experiments\wth_generated_qc\LCA\LCA2020.WTH,normal_year;nitrogen_stress_year;low_response_year,normal,LCA2020_normal_grid_S0030,top_yield,2020-07-30,212,52,47,"{""sim_day"": 52.0, ""doy"": 212.0, ""topwt"": 7208.4033203125, ""grnwt"": 0.0, ""xlai"": 4.378570079803467, ""totir"": 40.0, ""tofer"": NaN, ""swfac"": 0.0, ""nstres"": 0.0}",0.0,0.0,7208.4033203125,0.0,4.378570079803467,40.0,,0.0,0.0,80.0,180.0,-7.247827148437494,24.752172851562506,Leave_One_experiments/all_year_offline_schedule_search/daily_outputs/LCA/LCA_2020_LCA2020_normal_grid_S0030_daily.csv
LCA,LCA,Luancheng,2020,Leave_One_experiments\wth_generated_qc\LCA\LCA2020.WTH,normal_year;nitrogen_stress_year;low_response_year,normal,LCA2020_normal_grid_S0030,top_yield,2020-07-31,213,53,48,"{""sim_day"": 53.0, ""doy"": 213.0, ""topwt"": 7507.05322265625, ""grnwt"": 0.0, ""xlai"": 4.205812454223633, ""totir"": 40.0, ""tofer"": NaN, ""swfac"": 0.0, ""nstres"": 0.0}",0.0,0.0,7507.05322265625,0.0,4.205812454223633,40.0,,0.0,0.0,80.0,180.0,-7.247827148437494,24.752172851562506,Leave_One_experiments/all_year_offline_schedule_search/daily_outputs/LCA/LCA_2020_LCA2020_normal_grid_S0030_daily.csv
LCA,LCA,Luancheng,2020,Leave_One_experiments\wth_generated_qc\LCA\LCA2020.WTH,normal_year;nitrogen_stress_year;low_response_year,normal,LCA2020_normal_grid_S0030,top_yield,2020-08-01,214,54,49,"{""sim_day"": 54.0, ""doy"": 214.0, ""topwt"": 7953.7042236328125, ""grnwt"": 0.0, ""xlai"": 4.184782981872559, ""totir"": 40.0, ""tofer"": NaN, ""swfac"": 0.0, ""nstres"": 0.0}",0.0,0.0,7953.7042236328125,0.0,4.184782981872559,40.0,,0.0,0.0,80.0,180.0,-7.247827148437494,24.752172851562506,Leave_One_experiments/all_year_offline_schedule_search/daily_outputs/LCA/LCA_2020_LCA2020_normal_grid_S0030_daily.csv
LCA,LCA,Luancheng,2020,Leave_One_experiments\wth_generated_qc\LCA\LCA2020.WTH,normal_year;nitrogen_stress_year;low_response_year,normal,LCA2020_normal_grid_S0030,top_yield,2020-08-02,215,55,50,"{""sim_day"": 55.0, ""doy"": 215.0, ""topwt"": 8266.68212890625, ""grnwt"": 0.0, ""xlai"": 4.160029888153076, ""totir"": 40.0, ""tofer"": NaN, ""swfac"": 0.0, ""nstres"": 0.0}",0.0,0.0,8266.68212890625,0.0,4.160029888153076,40.0,,0.0,0.0,80.0,180.0,-7.247827148437494,24.752172851562506,Leave_One_experiments/all_year_offline_schedule_search/daily_outputs/LCA/LCA_2020_LCA2020_normal_grid_S0030_daily.csv
LCA,LCA,Luancheng,2020,Leave_One_experiments\wth_generated_qc\LCA\LCA2020.WTH,normal_year;nitrogen_stress_year;low_response_year,normal,LCA2020_normal_grid_S0030,top_yield,2020-08-03,216,56,51,"{""sim_day"": 56.0, ""doy"": 216.0, ""topwt"": 8584.693603515625, ""grnwt"": 0.0, ""xlai"": 4.13624906539917, ""totir"": 40.0, ""tofer"": NaN, ""swfac"": 0.0, ""nstres"": 0.0}",0.0,0.0,8584.693603515625,0.0,4.13624906539917,40.0,,0.0,0.0,80.0,180.0,-7.247827148437494,24.752172851562506,Leave_One_experiments/all_year_offline_schedule_search/daily_outputs/LCA/LCA_2020_LCA2020_normal_grid_S0030_daily.csv
LCA,LCA,Luancheng,2020,Leave_One_experiments\wth_generated_qc\LCA\LCA2020.WTH,normal_year;nitrogen_stress_year;low_response_year,normal,LCA2020_normal_grid_S0030,top_yield,2020-08-04,217,57,52,"{""sim_day"": 57.0, ""doy"": 217.0, ""topwt"": 8600.10009765625, ""grnwt"": 0.0, ""xlai"": 4.116105556488037, ""totir"": 40.0, ""tofer"": NaN, ""swfac"": 0.0, ""nstres"": 0.0}",0.0,0.0,8600.10009765625,0.0,4.116105556488037,40.0,,0.0,0.0,80.0,180.0,-7.247827148437494,24.752172851562506,Leave_One_experiments/all_year_offline_schedule_search/daily_outputs/LCA/LCA_2020_LCA2020_normal_grid_S0030_daily.csv
LCA,LCA,Luancheng,2020,Leave_One_experiments\wth_generated_qc\LCA\LCA2020.WTH,normal_year;nitrogen_stress_year;low_response_year,normal,LCA2020_normal_grid_S0030,top_yield,2020-08-05,218,58,53,"{""sim_day"": 58.0, ""doy"": 218.0, ""topwt"": 8586.588745117188, ""grnwt"": 0.0, ""xlai"": 4.099724769592285, ""totir"": 40.0, ""tofer"": NaN, ""swfac"": 0.0, ""nstres"": 0.0}",0.0,0.0,8586.588745117188,0.0,4.099724769592285,40.0,,0.0,0.0,80.0,180.0,-7.247827148437494,24.752172851562506,Leave_One_experiments/all_year_offline_schedule_search/daily_outputs/LCA/LCA_2020_LCA2020_normal_grid_S0030_daily.csv
LCA,LCA,Luancheng,2020,Leave_One_experiments\wth_generated_qc\LCA\LCA2020.WTH,normal_year;nitrogen_stress_year;low_response_year,normal,LCA2020_normal_grid_S0030,top_yield,2020-08-06,219,59,54,"{""sim_day"": 59.0, ""doy"": 219.0, ""topwt"": 8709.506225585938, ""grnwt"": 0.0, ""xlai"": 4.07908296585083, ""totir"": 40.0, ""tofer"": NaN, ""swfac"": 0.0, ""nstres"": 0.0}",0.0,0.0,8709.506225585938,0.0,4.07908296585083,40.0,,0.0,0.0,80.0,180.0,-7.247827148437494,24.752172851562506,Leave_One_experiments/all_year_offline_schedule_search/daily_outputs/LCA/LCA_2020_LCA2020_normal_grid_S0030_daily.csv
LCA,LCA,Luancheng,2020,Leave_One_experiments\wth_generated_qc\LCA\LCA2020.WTH,normal_year;nitrogen_stress_year;low_response_year,normal,LCA2020_normal_grid_S0030,top_yield,2020-08-07,220,60,55,"{""sim_day"": 60.0, ""doy"": 220.0, ""topwt"": 9042.897338867188, ""grnwt"": 0.0, ""xlai"": 4.056947708129883, ""totir"": 40.0, ""tofer"": NaN, ""swfac"": 0.0, ""nstres"": 0.0}",0.0,0.0,9042.897338867188,0.0,4.056947708129883,40.0,,0.0,0.0,80.0,180.0,-7.247827148437494,24.752172851562506,Leave_One_experiments/all_year_offline_schedule_search/daily_outputs/LCA/LCA_2020_LCA2020_normal_grid_S0030_daily.csv
LCA,LCA,Luancheng,2020,Leave_One_experiments\wth_generated_qc\LCA\LCA2020.WTH,normal_year;nitrogen_stress_year;low_response_year,normal,LCA2020_normal_grid_S0030,top_yield,2020-08-08,221,61,56,"{""sim_day"": 61.0, ""doy"": 221.0, ""topwt"": 9428.0615234375, ""grnwt"": 0.0, ""xlai"": 4.034700870513916, ""totir"": 40.0, ""tofer"": NaN, ""swfac"": 0.0, ""nstres"": 0.0}",0.0,0.0,9428.0615234375,0.0,4.034700870513916,40.0,,0.0,0.0,80.0,180.0,-7.247827148437494,24.752172851562506,Leave_One_experiments/all_year_offline_schedule_search/daily_outputs/LCA/LCA_2020_LCA2020_normal_grid_S0030_daily.csv
LCA,LCA,Luancheng,2020,Leave_One_experiments\wth_generated_qc\LCA\LCA2020.WTH,normal_year;nitrogen_stress_year;low_response_year,normal,LCA2020_normal_grid_S0030,top_yield,2020-08-09,222,62,57,"{""sim_day"": 62.0, ""doy"": 222.0, ""topwt"": 9734.927368164062, ""grnwt"": 306.8659973144531, ""xlai"": 3.948533773422241, ""totir"": 40.0, ""tofer"": NaN, ""swfac"": 0.0, ""nstres"": 0.0}",0.0,0.0,9734.927368164062,306.8659973144531,3.948533773422241,40.0,,0.0,0.0,80.0,180.0,-7.247827148437494,24.752172851562506,Leave_One_experiments/all_year_offline_schedule_search/daily_outputs/LCA/LCA_2020_LCA2020_normal_grid_S0030_daily.csv
LCA,LCA,Luancheng,2020,Leave_One_experiments\wth_generated_qc\LCA\LCA2020.WTH,normal_year;nitrogen_stress_year;low_response_year,normal,LCA2020_normal_grid_S0030,top_yield,2020-08-10,223,63,58,"{""sim_day"": 63.0, ""doy"": 223.0, ""topwt"": 9976.58447265625, ""grnwt"": 548.52294921875, ""xlai"": 3.934015035629273, ""totir"": 40.0, ""tofer"": NaN, ""swfac"": 0.0, ""nstres"": 0.0}",0.0,0.0,9976.58447265625,548.52294921875,3.934015035629273,40.0,,0.0,0.0,80.0,180.0,-7.247827148437494,24.752172851562506,Leave_One_experiments/all_year_offline_schedule_search/daily_outputs/LCA/LCA_2020_LCA2020_normal_grid_S0030_daily.csv
LCA,LCA,Luancheng,2020,Leave_One_experiments\wth_generated_qc\LCA\LCA2020.WTH,normal_year;nitrogen_stress_year;low_response_year,normal,LCA2020_normal_grid_S0030,top_yield,2020-08-11,224,64,59,"{""sim_day"": 64.0, ""doy"": 224.0, ""topwt"": 10083.24951171875, ""grnwt"": 855.3889465332031, ""xlai"": 3.917979240417481, ""totir"": 40.0, ""tofer"": NaN, ""swfac"": 0.0, ""nstres"": 0.0}",0.0,0.0,10083.24951171875,855.3889465332031,3.917979240417481,40.0,,0.0,0.0,80.0,180.0,-7.247827148437494,24.752172851562506,Leave_One_experiments/all_year_offline_schedule_search/daily_outputs/LCA/LCA_2020_LCA2020_normal_grid_S0030_daily.csv
LCA,LCA,Luancheng,2020,Leave_One_experiments\wth_generated_qc\LCA\LCA2020.WTH,normal_year;nitrogen_stress_year;low_response_year,normal,LCA2020_normal_grid_S0030,top_yield,2020-08-12,225,65,60,"{""sim_day"": 65.0, ""doy"": 225.0, ""topwt"": 10363.6474609375, ""grnwt"": 1068.2771301269531, ""xlai"": 3.895707368850708, ""totir"": 40.0, ""tofer"": NaN, ""swfac"": 0.0, ""nstres"": 0.0}",0.0,0.0,10363.6474609375,1068.2771301269531,3.895707368850708,40.0,,0.0,50.0,80.0,180.0,-7.247827148437494,24.752172851562506,Leave_One_experiments/all_year_offline_schedule_search/daily_outputs/LCA/LCA_2020_LCA2020_normal_grid_S0030_daily.csv
LCA,LCA,Luancheng,2020,Leave_One_experiments\wth_generated_qc\LCA\LCA2020.WTH,normal_year;nitrogen_stress_year;low_response_year,normal,LCA2020_normal_grid_S0030,top_yield,2020-08-13,226,66,61,"{""sim_day"": 66.0, ""doy"": 226.0, ""topwt"": 10634.85595703125, ""grnwt"": 1210.2027130126953, ""xlai"": 3.8670732975006095, ""totir"": 40.0, ""tofer"": NaN, ""swfac"": 0.0, ""nstres"": 0.0}",0.0,0.0,10634.85595703125,1210.2027130126953,3.8670732975006095,40.0,,0.0,0.0,80.0,180.0,-7.247827148437494,24.752172851562506,Leave_One_experiments/all_year_offline_schedule_search/daily_outputs/LCA/LCA_2020_LCA2020_normal_grid_S0030_daily.csv
LCA,LCA,Luancheng,2020,Leave_One_experiments\wth_generated_qc\LCA\LCA2020.WTH,normal_year;nitrogen_stress_year;low_response_year,normal,LCA2020_normal_grid_S0030,top_yield,2020-08-14,227,67,62,"{""sim_day"": 67.0, ""doy"": 227.0, ""topwt"": 10721.1181640625, ""grnwt"": 1517.0686340332031, ""xlai"": 3.840656042098999, ""totir"": 40.0, ""tofer"": NaN, ""swfac"": 0.0, ""nstres"": 0.0}",0.0,0.0,10721.1181640625,1517.0686340332031,3.840656042098999,40.0,,0.0,0.0,80.0,180.0,-7.247827148437494,24.752172851562506,Leave_One_experiments/all_year_offline_schedule_search/daily_outputs/LCA/LCA_2020_LCA2020_normal_grid_S0030_daily.csv
LCA,LCA,Luancheng,2020,Leave_One_experiments\wth_generated_qc\LCA\LCA2020.WTH,normal_year;nitrogen_stress_year;low_response_year,normal,LCA2020_normal_grid_S0030,top_yield,2020-08-15,228,68,63,"{""sim_day"": 68.0, ""doy"": 228.0, ""topwt"": 10795.245361328123, ""grnwt"": 1823.934631347656, ""xlai"": 3.8159329891204834, ""totir"": 40.0, ""tofer"": NaN, ""swfac"": 0.0, ""nstres"": 0.0}",0.0,0.0,10795.245361328123,1823.934631347656,3.8159329891204834,40.0,,0.0,0.0,80.0,180.0,-7.247827148437494,24.752172851562506,Leave_One_experiments/all_year_offline_schedule_search/daily_outputs/LCA/LCA_2020_LCA2020_normal_grid_S0030_daily.csv
LCA,LCA,Luancheng,2020,Leave_One_experiments\wth_generated_qc\LCA\LCA2020.WTH,normal_year;nitrogen_stress_year;low_response_year,normal,LCA2020_normal_grid_S0030,top_yield,2020-08-16,229,69,64,"{""sim_day"": 69.0, ""doy"": 229.0, ""topwt"": 10961.319580078123, ""grnwt"": 2130.8006286621094, ""xlai"": 3.7836568355560303, ""totir"": 40.0, ""tofer"": NaN, ""swfac"": 0.0, ""nstres"": 0.0}",0.0,0.0,10961.319580078123,2130.8006286621094,3.7836568355560303,40.0,,0.0,0.0,80.0,180.0,-7.247827148437494,24.752172851562506,Leave_One_experiments/all_year_offline_schedule_search/daily_outputs/LCA/LCA_2020_LCA2020_normal_grid_S0030_daily.csv
LCA,LCA,Luancheng,2020,Leave_One_experiments\wth_generated_qc\LCA\LCA2020.WTH,normal_year;nitrogen_stress_year;low_response_year,normal,LCA2020_normal_grid_S0030,top_yield,2020-08-17,230,70,65,"{""sim_day"": 70.0, ""doy"": 230.0, ""topwt"": 11201.240234375, ""grnwt"": 2360.9503173828125, ""xlai"": 3.7395174503326416, ""totir"": 80.0, ""tofer"": NaN, ""swfac"": 0.0, ""nstres"": 0.0}",0.0,0.0,11201.240234375,2360.9503173828125,3.7395174503326416,80.0,,40.0,0.0,80.0,180.0,-7.247827148437494,24.752172851562506,Leave_One_experiments/all_year_offline_schedule_search/daily_outputs/LCA/LCA_2020_LCA2020_normal_grid_S0030_daily.csv
LCA,LCA,Luancheng,2020,Leave_One_experiments\wth_generated_qc\LCA\LCA2020.WTH,normal_year;nitrogen_stress_year;low_response_year,normal,LCA2020_normal_grid_S0030,top_yield,2020-08-18,231,71,66,"{""sim_day"": 71.0, ""doy"": 231.0, ""topwt"": 11364.64599609375, ""grnwt"": 2667.816162109375, ""xlai"": 3.7016096115112314, ""totir"": 80.0, ""tofer"": NaN, ""swfac"": 0.0, ""nstres"": 0.0}",0.0,0.0,11364.64599609375,2667.816162109375,3.7016096115112314,80.0,,0.0,0.0,80.0,180.0,-7.247827148437494,24.752172851562506,Leave_One_experiments/all_year_offline_schedule_search/daily_outputs/LCA/LCA_2020_LCA2020_normal_grid_S0030_daily.csv
LCA,LCA,Luancheng,2020,Leave_One_experiments\wth_generated_qc\LCA\LCA2020.WTH,normal_year;nitrogen_stress_year;low_response_year,normal,LCA2020_normal_grid_S0030,top_yield,2020-08-19,232,72,67,"{""sim_day"": 72.0, ""doy"": 232.0, ""topwt"": 11694.066162109377, ""grnwt"": 2974.6823120117188, ""xlai"": 3.6565866470336914, ""totir"": 80.0, ""tofer"": NaN, ""swfac"": 0.0, ""nstres"": 0.0}",0.0,0.0,11694.066162109377,2974.6823120117188,3.6565866470336914,80.0,,0.0,0.0,80.0,180.0,-7.247827148437494,24.752172851562506,Leave_One_experiments/all_year_offline_schedule_search/daily_outputs/LCA/LCA_2020_LCA2020_normal_grid_S0030_daily.csv
LCA,LCA,Luancheng,2020,Leave_One_experiments\wth_generated_qc\LCA\LCA2020.WTH,normal_year;nitrogen_stress_year;low_response_year,normal,LCA2020_normal_grid_S0030,top_yield,2020-08-20,233,73,68,"{""sim_day"": 73.0, ""doy"": 233.0, ""topwt"": 12100.3857421875, ""grnwt"": 3281.548156738281, ""xlai"": 3.608964443206787, ""totir"": 80.0, ""tofer"": NaN, ""swfac"": 0.0, ""nstres"": 0.0}",0.0,0.0,12100.3857421875,3281.548156738281,3.608964443206787,80.0,,0.0,0.0,80.0,180.0,-7.247827148437494,24.752172851562506,Leave_One_experiments/all_year_offline_schedule_search/daily_outputs/LCA/LCA_2020_LCA2020_normal_grid_S0030_daily.csv
LCA,LCA,Luancheng,2020,Leave_One_experiments\wth_generated_qc\LCA\LCA2020.WTH,normal_year;nitrogen_stress_year;low_response_year,normal,LCA2020_normal_grid_S0030,top_yield,2020-08-21,234,74,69,"{""sim_day"": 74.0, ""doy"": 234.0, ""topwt"": 12449.622802734377, ""grnwt"": 3588.414306640625, ""xlai"": 3.558725595474243, ""totir"": 80.0, ""tofer"": NaN, ""swfac"": 0.0, ""nstres"": 0.0}",0.0,0.0,12449.622802734377,3588.414306640625,3.558725595474243,80.0,,0.0,0.0,80.0,180.0,-7.247827148437494,24.752172851562506,Leave_One_experiments/all_year_offline_schedule_search/daily_outputs/LCA/LCA_2020_LCA2020_normal_grid_S0030_daily.csv
LCA,LCA,Luancheng,2020,Leave_One_experiments\wth_generated_qc\LCA\LCA2020.WTH,normal_year;nitrogen_stress_year;low_response_year,normal,LCA2020_normal_grid_S0030,top_yield,2020-08-22,235,75,70,"{""sim_day"": 75.0, ""doy"": 235.0, ""topwt"": 12781.492919921877, ""grnwt"": 3895.280151367188, ""xlai"": 3.496602296829224, ""totir"": 80.0, ""tofer"": NaN, ""swfac"": 0.0, ""nstres"": 0.0}",0.0,0.0,12781.492919921877,3895.280151367188,3.496602296829224,80.0,,0.0,0.0,80.0,180.0,-7.247827148437494,24.752172851562506,Leave_One_experiments/all_year_offline_schedule_search/daily_outputs/LCA/LCA_2020_LCA2020_normal_grid_S0030_daily.csv
LCA,LCA,Luancheng,2020,Leave_One_experiments\wth_generated_qc\LCA\LCA2020.WTH,normal_year;nitrogen_stress_year;low_response_year,normal,LCA2020_normal_grid_S0030,top_yield,2020-08-23,236,76,71,"{""sim_day"": 76.0, ""doy"": 236.0, ""topwt"": 13128.88671875, ""grnwt"": 4158.034362792969, ""xlai"": 3.421517133712769, ""totir"": 80.0, ""tofer"": NaN, ""swfac"": 0.0, ""nstres"": 0.0}",0.0,0.0,13128.88671875,4158.034362792969,3.421517133712769,80.0,,0.0,0.0,80.0,180.0,-7.247827148437494,24.752172851562506,Leave_One_experiments/all_year_offline_schedule_search/daily_outputs/LCA/LCA_2020_LCA2020_normal_grid_S0030_daily.csv
LCA,LCA,Luancheng,2020,Leave_One_experiments\wth_generated_qc\LCA\LCA2020.WTH,normal_year;nitrogen_stress_year;low_response_year,normal,LCA2020_normal_grid_S0030,top_yield,2020-08-24,237,77,72,"{""sim_day"": 77.0, ""doy"": 237.0, ""topwt"": 13463.907470703123, ""grnwt"": 4372.840881347656, ""xlai"": 3.334965229034424, ""totir"": 80.0, ""tofer"": NaN, ""swfac"": 0.0, ""nstres"": 0.0}",0.0,0.0,13463.907470703123,4372.840881347656,3.334965229034424,80.0,,0.0,0.0,80.0,180.0,-7.247827148437494,24.752172851562506,Leave_One_experiments/all_year_offline_schedule_search/daily_outputs/LCA/LCA_2020_LCA2020_normal_grid_S0030_daily.csv
LCA,LCA,Luancheng,2020,Leave_One_experiments\wth_generated_qc\LCA\LCA2020.WTH,normal_year;nitrogen_stress_year;low_response_year,normal,LCA2020_normal_grid_S0030,top_yield,2020-08-25,238,78,73,"{""sim_day"": 78.0, ""doy"": 238.0, ""topwt"": 13801.02294921875, ""grnwt"": 4647.10205078125, ""xlai"": 3.2458996772766118, ""totir"": 80.0, ""tofer"": NaN, ""swfac"": 0.0, ""nstres"": 0.0}",0.0,0.0,13801.02294921875,4647.10205078125,3.2458996772766118,80.0,,0.0,0.0,80.0,180.0,-7.247827148437494,24.752172851562506,Leave_One_experiments/all_year_offline_schedule_search/daily_outputs/LCA/LCA_2020_LCA2020_normal_grid_S0030_daily.csv
LCA,LCA,Luancheng,2020,Leave_One_experiments\wth_generated_qc\LCA\LCA2020.WTH,normal_year;nitrogen_stress_year;low_response_year,normal,LCA2020_normal_grid_S0030,top_yield,2020-08-26,239,79,74,"{""sim_day"": 79.0, ""doy"": 239.0, ""topwt"": 14185.84716796875, ""grnwt"": 4953.968200683594, ""xlai"": 3.154366970062256, ""totir"": 80.0, ""tofer"": NaN, ""swfac"": 0.0, ""nstres"": 0.0}",0.0,0.0,14185.84716796875,4953.968200683594,3.154366970062256,80.0,,0.0,0.0,80.0,180.0,-7.247827148437494,24.752172851562506,Leave_One_experiments/all_year_offline_schedule_search/daily_outputs/LCA/LCA_2020_LCA2020_normal_grid_S0030_daily.csv
LCA,LCA,Luancheng,2020,Leave_One_experiments\wth_generated_qc\LCA\LCA2020.WTH,normal_year;nitrogen_stress_year;low_response_year,normal,LCA2020_normal_grid_S0030,top_yield,2020-08-27,240,80,75,"{""sim_day"": 80.0, ""doy"": 240.0, ""topwt"": 14546.910400390623, ""grnwt"": 5260.8343505859375, ""xlai"": 3.056384801864624, ""totir"": 80.0, ""tofer"": NaN, ""swfac"": 0.0, ""nstres"": 0.0}",0.0,0.0,14546.910400390623,5260.8343505859375,3.056384801864624,80.0,,0.0,0.0,80.0,180.0,-7.247827148437494,24.752172851562506,Leave_One_experiments/all_year_offline_schedule_search/daily_outputs/LCA/LCA_2020_LCA2020_normal_grid_S0030_daily.csv
LCA,LCA,Luancheng,2020,Leave_One_experiments\wth_generated_qc\LCA\LCA2020.WTH,normal_year;nitrogen_stress_year;low_response_year,normal,LCA2020_normal_grid_S0030,top_yield,2020-08-28,241,81,76,"{""sim_day"": 81.0, ""doy"": 241.0, ""topwt"": 14846.954345703123, ""grnwt"": 5494.8193359375, ""xlai"": 2.937750577926636, ""totir"": 80.0, ""tofer"": NaN, ""swfac"": 0.0, ""nstres"": 0.0}",0.0,0.0,14846.954345703123,5494.8193359375,2.937750577926636,80.0,,0.0,0.0,80.0,180.0,-7.247827148437494,24.752172851562506,Leave_One_experiments/all_year_offline_schedule_search/daily_outputs/LCA/LCA_2020_LCA2020_normal_grid_S0030_daily.csv
LCA,LCA,Luancheng,2020,Leave_One_experiments\wth_generated_qc\LCA\LCA2020.WTH,normal_year;nitrogen_stress_year;low_response_year,normal,LCA2020_normal_grid_S0030,top_yield,2020-08-29,242,82,77,"{""sim_day"": 82.0, ""doy"": 242.0, ""topwt"": 15153.028564453123, ""grnwt"": 5724.9688720703125, ""xlai"": 2.8087756633758545, ""totir"": 80.0, ""tofer"": NaN, ""swfac"": 0.0, ""nstres"": 0.0}",0.0,0.0,15153.028564453123,5724.9688720703125,2.8087756633758545,80.0,,0.0,0.0,80.0,180.0,-7.247827148437494,24.752172851562506,Leave_One_experiments/all_year_offline_schedule_search/daily_outputs/LCA/LCA_2020_LCA2020_normal_grid_S0030_daily.csv
LCA,LCA,Luancheng,2020,Leave_One_experiments\wth_generated_qc\LCA\LCA2020.WTH,normal_year;nitrogen_stress_year;low_response_year,normal,LCA2020_normal_grid_S0030,top_yield,2020-08-30,243,83,78,"{""sim_day"": 83.0, ""doy"": 243.0, ""topwt"": 15384.1748046875, ""grnwt"": 6022.2454833984375, ""xlai"": 2.6816134452819824, ""totir"": 80.0, ""tofer"": NaN, ""swfac"": 0.0, ""nstres"": 0.0}",0.0,0.0,15384.1748046875,6022.2454833984375,2.6816134452819824,80.0,,0.0,0.0,80.0,180.0,-7.247827148437494,24.752172851562506,Leave_One_experiments/all_year_offline_schedule_search/daily_outputs/LCA/LCA_2020_LCA2020_normal_grid_S0030_daily.csv
LCA,LCA,Luancheng,2020,Leave_One_experiments\wth_generated_qc\LCA\LCA2020.WTH,normal_year;nitrogen_stress_year;low_response_year,normal,LCA2020_normal_grid_S0030,top_yield,2020-08-31,244,84,79,"{""sim_day"": 84.0, ""doy"": 244.0, ""topwt"": 15668.94775390625, ""grnwt"": 6240.887451171875, ""xlai"": 2.530841827392578, ""totir"": 80.0, ""tofer"": NaN, ""swfac"": 0.0, ""nstres"": 0.0}",0.0,0.0,15668.94775390625,6240.887451171875,2.530841827392578,80.0,,0.0,0.0,80.0,180.0,-7.247827148437494,24.752172851562506,Leave_One_experiments/all_year_offline_schedule_search/daily_outputs/LCA/LCA_2020_LCA2020_normal_grid_S0030_daily.csv
LCA,LCA,Luancheng,2020,Leave_One_experiments\wth_generated_qc\LCA\LCA2020.WTH,normal_year;nitrogen_stress_year;low_response_year,normal,LCA2020_normal_grid_S0030,top_yield,2020-09-01,245,85,80,"{""sim_day"": 85.0, ""doy"": 245.0, ""topwt"": 15975.8154296875, ""grnwt"": 6547.7532958984375, ""xlai"": 2.404597043991089, ""totir"": 80.0, ""tofer"": NaN, ""swfac"": 0.0, ""nstres"": 0.0}",0.0,0.0,15975.8154296875,6547.7532958984375,2.404597043991089,80.0,,0.0,0.0,80.0,180.0,-7.247827148437494,24.752172851562506,Leave_One_experiments/all_year_offline_schedule_search/daily_outputs/LCA/LCA_2020_LCA2020_normal_grid_S0030_daily.csv
LCA,LCA,Luancheng,2020,Leave_One_experiments\wth_generated_qc\LCA\LCA2020.WTH,normal_year;nitrogen_stress_year;low_response_year,normal,LCA2020_normal_grid_S0030,top_yield,2020-09-02,246,86,81,"{""sim_day"": 86.0, ""doy"": 246.0, ""topwt"": 16282.6806640625, ""grnwt"": 6854.619140625, ""xlai"": 2.304654121398926, ""totir"": 80.0, ""tofer"": NaN, ""swfac"": 0.0, ""nstres"": 0.0}",0.0,0.0,16282.6806640625,6854.619140625,2.304654121398926,80.0,,0.0,0.0,80.0,180.0,-7.247827148437494,24.752172851562506,Leave_One_experiments/all_year_offline_schedule_search/daily_outputs/LCA/LCA_2020_LCA2020_normal_grid_S0030_daily.csv
LCA,LCA,Luancheng,2020,Leave_One_experiments\wth_generated_qc\LCA\LCA2020.WTH,normal_year;nitrogen_stress_year;low_response_year,normal,LCA2020_normal_grid_S0030,top_yield,2020-09-03,247,87,82,"{""sim_day"": 87.0, ""doy"": 247.0, ""topwt"": 16589.5458984375, ""grnwt"": 7161.4849853515625, ""xlai"": 2.186220169067383, ""totir"": 80.0, ""tofer"": NaN, ""swfac"": 0.0, ""nstres"": 0.0}",0.0,0.0,16589.5458984375,7161.4849853515625,2.186220169067383,80.0,,0.0,0.0,80.0,180.0,-7.247827148437494,24.752172851562506,Leave_One_experiments/all_year_offline_schedule_search/daily_outputs/LCA/LCA_2020_LCA2020_normal_grid_S0030_daily.csv
LCA,LCA,Luancheng,2020,Leave_One_experiments\wth_generated_qc\LCA\LCA2020.WTH,normal_year;nitrogen_stress_year;low_response_year,normal,LCA2020_normal_grid_S0030,top_yield,2020-09-04,248,88,83,"{""sim_day"": 88.0, ""doy"": 248.0, ""topwt"": 16896.4111328125, ""grnwt"": 7468.351440429687, ""xlai"": 2.034316301345825, ""totir"": 80.0, ""tofer"": NaN, ""swfac"": 0.0, ""nstres"": 0.0}",0.0,0.0,16896.4111328125,7468.351440429687,2.034316301345825,80.0,,0.0,0.0,80.0,180.0,-7.247827148437494,24.752172851562506,Leave_One_experiments/all_year_offline_schedule_search/daily_outputs/LCA/LCA_2020_LCA2020_normal_grid_S0030_daily.csv
LCA,LCA,Luancheng,2020,Leave_One_experiments\wth_generated_qc\LCA\LCA2020.WTH,normal_year;nitrogen_stress_year;low_response_year,normal,LCA2020_normal_grid_S0030,top_yield,2020-09-05,249,89,84,"{""sim_day"": 89.0, ""doy"": 249.0, ""topwt"": 17203.277587890625, ""grnwt"": 7775.21728515625, ""xlai"": 1.8660688400268557, ""totir"": 80.0, ""tofer"": NaN, ""swfac"": 0.0, ""nstres"": 0.0}",0.0,0.0,17203.277587890625,7775.21728515625,1.8660688400268557,80.0,,0.0,0.0,80.0,180.0,-7.247827148437494,24.752172851562506,Leave_One_experiments/all_year_offline_schedule_search/daily_outputs/LCA/LCA_2020_LCA2020_normal_grid_S0030_daily.csv
LCA,LCA,Luancheng,2020,Leave_One_experiments\wth_generated_qc\LCA\LCA2020.WTH,normal_year;nitrogen_stress_year;low_response_year,normal,LCA2020_normal_grid_S0030,top_yield,2020-09-06,250,90,85,"{""sim_day"": 90.0, ""doy"": 250.0, ""topwt"": 17203.277587890625, ""grnwt"": 7775.21728515625, ""xlai"": 1.8660688400268557, ""totir"": 80.0, ""tofer"": NaN, ""swfac"": 0.0, ""nstres"": 0.0}",0.0,0.0,17203.277587890625,7775.21728515625,1.8660688400268557,80.0,,0.0,0.0,80.0,180.0,-7.247827148437494,24.752172851562506,Leave_One_experiments/all_year_offline_schedule_search/daily_outputs/LCA/LCA_2020_LCA2020_normal_grid_S0030_daily.csv
LCA,LCA,Luancheng,2020,Leave_One_experiments\wth_generated_qc\LCA\LCA2020.WTH,normal_year;nitrogen_stress_year;low_response_year,normal,LCA2020_normal_grid_S0030,top_yield,2020-09-07,251,91,86,"{""sim_day"": 91.0, ""doy"": 251.0, ""topwt"": 17203.277587890625, ""grnwt"": 7775.21728515625, ""xlai"": 1.8660688400268557, ""totir"": 80.0, ""tofer"": NaN, ""swfac"": 0.0, ""nstres"": 0.0}",0.0,0.0,17203.277587890625,7775.21728515625,1.8660688400268557,80.0,,0.0,0.0,80.0,180.0,-7.247827148437494,24.752172851562506,Leave_One_experiments/all_year_offline_schedule_search/daily_outputs/LCA/LCA_2020_LCA2020_normal_grid_S0030_daily.csv
LCA,LCA,Luancheng,2020,Leave_One_experiments\wth_generated_qc\LCA\LCA2020.WTH,normal_year;nitrogen_stress_year;low_response_year,normal,LCA2020_normal_grid_S0030,top_yield,2020-09-08,252,92,87,"{""sim_day"": 92.0, ""doy"": 252.0, ""topwt"": 17203.277587890625, ""grnwt"": 7775.21728515625, ""xlai"": 1.8660688400268557, ""totir"": 80.0, ""tofer"": NaN, ""swfac"": 0.0, ""nstres"": 0.0}",0.0,0.0,17203.277587890625,7775.21728515625,1.8660688400268557,80.0,,0.0,0.0,80.0,180.0,-7.247827148437494,24.752172851562506,Leave_One_experiments/all_year_offline_schedule_search/daily_outputs/LCA/LCA_2020_LCA2020_normal_grid_S0030_daily.csv
LCA,LCA,Luancheng,2021,Leave_One_experiments\wth_generated_qc\LCA\LCA2021.WTH,wet_year;nitrogen_stress_year;low_response_year,wet,LCA2021_normal_grid_S0013,irrigation_positive_candidate,2021-06-15,166,1,1,"{""sim_day"": 1.0, ""doy"": 166.0, ""topwt"": 0.0, ""grnwt"": 0.0, ""xlai"": 0.0, ""totir"": 0.0, ""tofer"": NaN, ""swfac"": 0.0, ""nstres"": 0.0}",0.0,0.0,0.0,0.0,0.0,0.0,,0.0,50.0,30.0,150.0,50.60886230468751,62.60886230468751,Leave_One_experiments/all_year_offline_schedule_search/daily_outputs/LCA/LCA_2021_LCA2021_normal_grid_S0013_daily.csv
LCA,LCA,Luancheng,2021,Leave_One_experiments\wth_generated_qc\LCA\LCA2021.WTH,wet_year;nitrogen_stress_year;low_response_year,wet,LCA2021_normal_grid_S0013,irrigation_positive_candidate,2021-06-16,167,2,2,"{""sim_day"": 2.0, ""doy"": 167.0, ""topwt"": 0.0, ""grnwt"": 0.0, ""xlai"": 0.0, ""totir"": 0.0, ""tofer"": NaN, ""swfac"": 0.0, ""nstres"": 0.0}",0.0,0.0,0.0,0.0,0.0,0.0,,0.0,0.0,30.0,150.0,50.60886230468751,62.60886230468751,Leave_One_experiments/all_year_offline_schedule_search/daily_outputs/LCA/LCA_2021_LCA2021_normal_grid_S0013_daily.csv
LCA,LCA,Luancheng,2021,Leave_One_experiments\wth_generated_qc\LCA\LCA2021.WTH,wet_year;nitrogen_stress_year;low_response_year,wet,LCA2021_normal_grid_S0013,irrigation_positive_candidate,2021-06-17,168,3,3,"{""sim_day"": 3.0, ""doy"": 168.0, ""topwt"": 0.0, ""grnwt"": 0.0, ""xlai"": 0.0, ""totir"": 0.0, ""tofer"": NaN, ""swfac"": 0.0, ""nstres"": 0.0}",0.0,0.0,0.0,0.0,0.0,0.0,,0.0,0.0,30.0,150.0,50.60886230468751,62.60886230468751,Leave_One_experiments/all_year_offline_schedule_search/daily_outputs/LCA/LCA_2021_LCA2021_normal_grid_S0013_daily.csv
LCA,LCA,Luancheng,2021,Leave_One_experiments\wth_generated_qc\LCA\LCA2021.WTH,wet_year;nitrogen_stress_year;low_response_year,wet,LCA2021_normal_grid_S0013,irrigation_positive_candidate,2021-06-18,169,4,4,"{""sim_day"": 4.0, ""doy"": 169.0, ""topwt"": 0.0, ""grnwt"": 0.0, ""xlai"": 0.0, ""totir"": 0.0, ""tofer"": NaN, ""swfac"": 0.0, ""nstres"": 0.0}",0.0,0.0,0.0,0.0,0.0,0.0,,0.0,0.0,30.0,150.0,50.60886230468751,62.60886230468751,Leave_One_experiments/all_year_offline_schedule_search/daily_outputs/LCA/LCA_2021_LCA2021_normal_grid_S0013_daily.csv
LCA,LCA,Luancheng,2021,Leave_One_experiments\wth_generated_qc\LCA\LCA2021.WTH,wet_year;nitrogen_stress_year;low_response_year,wet,LCA2021_normal_grid_S0013,irrigation_positive_candidate,2021-06-19,170,5,5,"{""sim_day"": 5.0, ""doy"": 170.0, ""topwt"": 0.0, ""grnwt"": 0.0, ""xlai"": 0.0, ""totir"": 0.0, ""tofer"": NaN, ""swfac"": 0.0, ""nstres"": 0.0}",0.0,0.0,0.0,0.0,0.0,0.0,,0.0,0.0,30.0,150.0,50.60886230468751,62.60886230468751,Leave_One_experiments/all_year_offline_schedule_search/daily_outputs/LCA/LCA_2021_LCA2021_normal_grid_S0013_daily.csv
LCA,LCA,Luancheng,2021,Leave_One_experiments\wth_generated_qc\LCA\LCA2021.WTH,wet_year;nitrogen_stress_year;low_response_year,wet,LCA2021_normal_grid_S0013,irrigation_positive_candidate,2021-06-15,166,6,1,"{""sim_day"": 6.0, ""doy"": 166.0, ""topwt"": 0.0, ""grnwt"": 0.0, ""xlai"": 0.0, ""totir"": 0.0, ""tofer"": NaN, ""swfac"": 0.0, ""nstres"": 0.0}",0.0,0.0,0.0,0.0,0.0,0.0,,0.0,0.0,30.0,150.0,50.60886230468751,62.60886230468751,Leave_One_experiments/all_year_offline_schedule_search/daily_outputs/LCA/LCA_2021_LCA2021_normal_grid_S0013_daily.csv
LCA,LCA,Luancheng,2021,Leave_One_experiments\wth_generated_qc\LCA\LCA2021.WTH,wet_year;nitrogen_stress_year;low_response_year,wet,LCA2021_normal_grid_S0013,irrigation_positive_candidate,2021-06-16,167,7,2,"{""sim_day"": 7.0, ""doy"": 167.0, ""topwt"": 0.0, ""grnwt"": 0.0, ""xlai"": 0.0, ""totir"": 0.0, ""tofer"": NaN, ""swfac"": 0.0, ""nstres"": 0.0}",0.0,0.0,0.0,0.0,0.0,0.0,,0.0,0.0,30.0,150.0,50.60886230468751,62.60886230468751,Leave_One_experiments/all_year_offline_schedule_search/daily_outputs/LCA/LCA_2021_LCA2021_normal_grid_S0013_daily.csv
LCA,LCA,Luancheng,2021,Leave_One_experiments\wth_generated_qc\LCA\LCA2021.WTH,wet_year;nitrogen_stress_year;low_response_year,wet,LCA2021_normal_grid_S0013,irrigation_positive_candidate,2021-06-17,168,8,3,"{""sim_day"": 8.0, ""doy"": 168.0, ""topwt"": 0.0, ""grnwt"": 0.0, ""xlai"": 0.0, ""totir"": 0.0, ""tofer"": NaN, ""swfac"": 0.0, ""nstres"": 0.0}",0.0,0.0,0.0,0.0,0.0,0.0,,0.0,0.0,30.0,150.0,50.60886230468751,62.60886230468751,Leave_One_experiments/all_year_offline_schedule_search/daily_outputs/LCA/LCA_2021_LCA2021_normal_grid_S0013_daily.csv
LCA,LCA,Luancheng,2021,Leave_One_experiments\wth_generated_qc\LCA\LCA2021.WTH,wet_year;nitrogen_stress_year;low_response_year,wet,LCA2021_normal_grid_S0013,irrigation_positive_candidate,2021-06-18,169,9,4,"{""sim_day"": 9.0, ""doy"": 169.0, ""topwt"": 0.0, ""grnwt"": 0.0, ""xlai"": 0.0, ""totir"": 0.0, ""tofer"": NaN, ""swfac"": 0.0, ""nstres"": 0.0}",0.0,0.0,0.0,0.0,0.0,0.0,,0.0,0.0,30.0,150.0,50.60886230468751,62.60886230468751,Leave_One_experiments/all_year_offline_schedule_search/daily_outputs/LCA/LCA_2021_LCA2021_normal_grid_S0013_daily.csv
LCA,LCA,Luancheng,2021,Leave_One_experiments\wth_generated_qc\LCA\LCA2021.WTH,wet_year;nitrogen_stress_year;low_response_year,wet,LCA2021_normal_grid_S0013,irrigation_positive_candidate,2021-06-19,170,10,5,"{""sim_day"": 10.0, ""doy"": 170.0, ""topwt"": 23.600001335144043, ""grnwt"": 0.0, ""xlai"": 0.0059677395038306, ""totir"": 0.0, ""tofer"": NaN, ""swfac"": 0.0, ""nstres"": 0.0121910572052001}",0.0,0.0121910572052001,23.600001335144043,0.0,0.0059677395038306,0.0,,0.0,0.0,30.0,150.0,50.60886230468751,62.60886230468751,Leave_One_experiments/all_year_offline_schedule_search/daily_outputs/LCA/LCA_2021_LCA2021_normal_grid_S0013_daily.csv
LCA,LCA,Luancheng,2021,Leave_One_experiments\wth_generated_qc\LCA\LCA2021.WTH,wet_year;nitrogen_stress_year;low_response_year,wet,LCA2021_normal_grid_S0013,irrigation_positive_candidate,2021-06-20,171,11,6,"{""sim_day"": 11.0, ""doy"": 171.0, ""topwt"": 23.600001335144043, ""grnwt"": 0.0, ""xlai"": 0.0122181307524442, ""totir"": 0.0, ""tofer"": NaN, ""swfac"": 0.0, ""nstres"": 0.0065466165542602}",0.0,0.0065466165542602,23.600001335144043,0.0,0.0122181307524442,0.0,,0.0,0.0,30.0,150.0,50.60886230468751,62.60886230468751,Leave_One_experiments/all_year_offline_schedule_search/daily_outputs/LCA/LCA_2021_LCA2021_normal_grid_S0013_daily.csv
LCA,LCA,Luancheng,2021,Leave_One_experiments\wth_generated_qc\LCA\LCA2021.WTH,wet_year;nitrogen_stress_year;low_response_year,wet,LCA2021_normal_grid_S0013,irrigation_positive_candidate,2021-06-21,172,12,7,"{""sim_day"": 12.0, ""doy"": 172.0, ""topwt"": 23.600001335144043, ""grnwt"": 0.0, ""xlai"": 0.0333492867648601, ""totir"": 0.0, ""tofer"": NaN, ""swfac"": 0.0, ""nstres"": 0.0}",0.0,0.0,23.600001335144043,0.0,0.0333492867648601,0.0,,0.0,0.0,30.0,150.0,50.60886230468751,62.60886230468751,Leave_One_experiments/all_year_offline_schedule_search/daily_outputs/LCA/LCA_2021_LCA2021_normal_grid_S0013_daily.csv
LCA,LCA,Luancheng,2021,Leave_One_experiments\wth_generated_qc\LCA\LCA2021.WTH,wet_year;nitrogen_stress_year;low_response_year,wet,LCA2021_normal_grid_S0013,irrigation_positive_candidate,2021-06-22,173,13,8,"{""sim_day"": 13.0, ""doy"": 173.0, ""topwt"": 29.884769916534424, ""grnwt"": 0.0, ""xlai"": 0.057041723281145, ""totir"": 0.0, ""tofer"": NaN, ""swfac"": 0.0, ""nstres"": 0.0}",0.0,0.0,29.884769916534424,0.0,0.057041723281145,0.0,,0.0,0.0,30.0,150.0,50.60886230468751,62.60886230468751,Leave_One_experiments/all_year_offline_schedule_search/daily_outputs/LCA/LCA_2021_LCA2021_normal_grid_S0013_daily.csv
LCA,LCA,Luancheng,2021,Leave_One_experiments\wth_generated_qc\LCA\LCA2021.WTH,wet_year;nitrogen_stress_year;low_response_year,wet,LCA2021_normal_grid_S0013,irrigation_positive_candidate,2021-06-23,174,14,9,"{""sim_day"": 14.0, ""doy"": 174.0, ""topwt"": 41.67731761932373, ""grnwt"": 0.0, ""xlai"": 0.0851109102368354, ""totir"": 0.0, ""tofer"": NaN, ""swfac"": 0.0, ""nstres"": 0.0}",0.0,0.0,41.67731761932373,0.0,0.0851109102368354,0.0,,0.0,0.0,30.0,150.0,50.60886230468751,62.60886230468751,Leave_One_experiments/all_year_offline_schedule_search/daily_outputs/LCA/LCA_2021_LCA2021_normal_grid_S0013_daily.csv
LCA,LCA,Luancheng,2021,Leave_One_experiments\wth_generated_qc\LCA\LCA2021.WTH,wet_year;nitrogen_stress_year;low_response_year,wet,LCA2021_normal_grid_S0013,irrigation_positive_candidate,2021-06-24,175,15,10,"{""sim_day"": 15.0, ""doy"": 175.0, ""topwt"": 57.81259059906006, ""grnwt"": 0.0, ""xlai"": 0.120040938258171, ""totir"": 0.0, ""tofer"": NaN, ""swfac"": 0.0, ""nstres"": 0.0}",0.0,0.0,57.81259059906006,0.0,0.120040938258171,0.0,,0.0,0.0,30.0,150.0,50.60886230468751,62.60886230468751,Leave_One_experiments/all_year_offline_schedule_search/daily_outputs/LCA/LCA_2021_LCA2021_normal_grid_S0013_daily.csv
LCA,LCA,Luancheng,2021,Leave_One_experiments\wth_generated_qc\LCA\LCA2021.WTH,wet_year;nitrogen_stress_year;low_response_year,wet,LCA2021_normal_grid_S0013,irrigation_positive_candidate,2021-06-25,176,16,11,"{""sim_day"": 16.0, ""doy"": 176.0, ""topwt"": 82.52166748046875, ""grnwt"": 0.0, ""xlai"": 0.168981984257698, ""totir"": 0.0, ""tofer"": NaN, ""swfac"": 0.0, ""nstres"": 0.0}",0.0,0.0,82.52166748046875,0.0,0.168981984257698,0.0,,0.0,0.0,30.0,150.0,50.60886230468751,62.60886230468751,Leave_One_experiments/all_year_offline_schedule_search/daily_outputs/LCA/LCA_2021_LCA2021_normal_grid_S0013_daily.csv
LCA,LCA,Luancheng,2021,Leave_One_experiments\wth_generated_qc\LCA\LCA2021.WTH,wet_year;nitrogen_stress_year;low_response_year,wet,LCA2021_normal_grid_S0013,irrigation_positive_candidate,2021-06-26,177,17,12,"{""sim_day"": 17.0, ""doy"": 177.0, ""topwt"": 111.42297744750977, ""grnwt"": 0.0, ""xlai"": 0.2218737006187439, ""totir"": 0.0, ""tofer"": NaN, ""swfac"": 0.0, ""nstres"": 0.0}",0.0,0.0,111.42297744750977,0.0,0.2218737006187439,0.0,,0.0,0.0,30.0,150.0,50.60886230468751,62.60886230468751,Leave_One_experiments/all_year_offline_schedule_search/daily_outputs/LCA/LCA_2021_LCA2021_normal_grid_S0013_daily.csv
LCA,LCA,Luancheng,2021,Leave_One_experiments\wth_generated_qc\LCA\LCA2021.WTH,wet_year;nitrogen_stress_year;low_response_year,wet,LCA2021_normal_grid_S0013,irrigation_positive_candidate,2021-06-27,178,18,13,"{""sim_day"": 18.0, ""doy"": 178.0, ""topwt"": 149.95773315429688, ""grnwt"": 0.0, ""xlai"": 0.2876603305339813, ""totir"": 0.0, ""tofer"": NaN, ""swfac"": 0.0, ""nstres"": 0.0}",0.0,0.0,149.95773315429688,0.0,0.2876603305339813,0.0,,0.0,0.0,30.0,150.0,50.60886230468751,62.60886230468751,Leave_One_experiments/all_year_offline_schedule_search/daily_outputs/LCA/LCA_2021_LCA2021_normal_grid_S0013_daily.csv
LCA,LCA,Luancheng,2021,Leave_One_experiments\wth_generated_qc\LCA\LCA2021.WTH,wet_year;nitrogen_stress_year;low_response_year,wet,LCA2021_normal_grid_S0013,irrigation_positive_candidate,2021-06-28,179,19,14,"{""sim_day"": 19.0, ""doy"": 179.0, ""topwt"": 190.78697204589844, ""grnwt"": 0.0, ""xlai"": 0.3773365914821625, ""totir"": 0.0, ""tofer"": NaN, ""swfac"": 0.0, ""nstres"": 0.0}",0.0,0.0,190.78697204589844,0.0,0.3773365914821625,0.0,,0.0,0.0,30.0,150.0,50.60886230468751,62.60886230468751,Leave_One_experiments/all_year_offline_schedule_search/daily_outputs/LCA/LCA_2021_LCA2021_normal_grid_S0013_daily.csv
LCA,LCA,Luancheng,2021,Leave_One_experiments\wth_generated_qc\LCA\LCA2021.WTH,wet_year;nitrogen_stress_year;low_response_year,wet,LCA2021_normal_grid_S0013,irrigation_positive_candidate,2021-06-29,180,20,15,"{""sim_day"": 20.0, ""doy"": 180.0, ""topwt"": 250.0927734375, ""grnwt"": 0.0, ""xlai"": 0.4735099971294403, ""totir"": 0.0, ""tofer"": NaN, ""swfac"": 0.0, ""nstres"": 0.0085428357124328}",0.0,0.0085428357124328,250.0927734375,0.0,0.4735099971294403,0.0,,0.0,0.0,30.0,150.0,50.60886230468751,62.60886230468751,Leave_One_experiments/all_year_offline_schedule_search/daily_outputs/LCA/LCA_2021_LCA2021_normal_grid_S0013_daily.csv
LCA,LCA,Luancheng,2021,Leave_One_experiments\wth_generated_qc\LCA\LCA2021.WTH,wet_year;nitrogen_stress_year;low_response_year,wet,LCA2021_normal_grid_S0013,irrigation_positive_candidate,2021-06-30,181,21,16,"{""sim_day"": 21.0, ""doy"": 181.0, ""topwt"": 303.4108161926269, ""grnwt"": 0.0, ""xlai"": 0.555514931678772, ""totir"": 0.0, ""tofer"": NaN, ""swfac"": 0.0, ""nstres"": 0.0}",0.0,0.0,303.4108161926269,0.0,0.555514931678772,0.0,,0.0,0.0,30.0,150.0,50.60886230468751,62.60886230468751,Leave_One_experiments/all_year_offline_schedule_search/daily_outputs/LCA/LCA_2021_LCA2021_normal_grid_S0013_daily.csv
LCA,LCA,Luancheng,2021,Leave_One_experiments\wth_generated_qc\LCA\LCA2021.WTH,wet_year;nitrogen_stress_year;low_response_year,wet,LCA2021_normal_grid_S0013,irrigation_positive_candidate,2021-07-01,182,22,17,"{""sim_day"": 22.0, ""doy"": 182.0, ""topwt"": 372.90794372558594, ""grnwt"": 0.0, ""xlai"": 0.6580381393432617, ""totir"": 0.0, ""tofer"": NaN, ""swfac"": 0.0, ""nstres"": 0.0}",0.0,0.0,372.90794372558594,0.0,0.6580381393432617,0.0,,0.0,0.0,30.0,150.0,50.60886230468751,62.60886230468751,Leave_One_experiments/all_year_offline_schedule_search/daily_outputs/LCA/LCA_2021_LCA2021_normal_grid_S0013_daily.csv
LCA,LCA,Luancheng,2021,Leave_One_experiments\wth_generated_qc\LCA\LCA2021.WTH,wet_year;nitrogen_stress_year;low_response_year,wet,LCA2021_normal_grid_S0013,irrigation_positive_candidate,2021-07-02,183,23,18,"{""sim_day"": 23.0, ""doy"": 183.0, ""topwt"": 457.0256805419922, ""grnwt"": 0.0, ""xlai"": 0.7767034769058228, ""totir"": 0.0, ""tofer"": NaN, ""swfac"": 0.0, ""nstres"": 0.0}",0.0,0.0,457.0256805419922,0.0,0.7767034769058228,0.0,,0.0,0.0,30.0,150.0,50.60886230468751,62.60886230468751,Leave_One_experiments/all_year_offline_schedule_search/daily_outputs/LCA/LCA_2021_LCA2021_normal_grid_S0013_daily.csv
LCA,LCA,Luancheng,2021,Leave_One_experiments\wth_generated_qc\LCA\LCA2021.WTH,wet_year;nitrogen_stress_year;low_response_year,wet,LCA2021_normal_grid_S0013,irrigation_positive_candidate,2021-07-03,184,24,19,"{""sim_day"": 24.0, ""doy"": 184.0, ""topwt"": 577.9928588867188, ""grnwt"": 0.0, ""xlai"": 0.9393734335899352, ""totir"": 0.0, ""tofer"": NaN, ""swfac"": 0.0, ""nstres"": 0.0}",0.0,0.0,577.9928588867188,0.0,0.9393734335899352,0.0,,0.0,0.0,30.0,150.0,50.60886230468751,62.60886230468751,Leave_One_experiments/all_year_offline_schedule_search/daily_outputs/LCA/LCA_2021_LCA2021_normal_grid_S0013_daily.csv
LCA,LCA,Luancheng,2021,Leave_One_experiments\wth_generated_qc\LCA\LCA2021.WTH,wet_year;nitrogen_stress_year;low_response_year,wet,LCA2021_normal_grid_S0013,irrigation_positive_candidate,2021-07-04,185,25,20,"{""sim_day"": 25.0, ""doy"": 185.0, ""topwt"": 713.0747985839844, ""grnwt"": 0.0, ""xlai"": 1.11139178276062, ""totir"": 0.0, ""tofer"": NaN, ""swfac"": 0.0, ""nstres"": 0.0}",0.0,0.0,713.0747985839844,0.0,1.11139178276062,0.0,,0.0,0.0,30.0,150.0,50.60886230468751,62.60886230468751,Leave_One_experiments/all_year_offline_schedule_search/daily_outputs/LCA/LCA_2021_LCA2021_normal_grid_S0013_daily.csv
LCA,LCA,Luancheng,2021,Leave_One_experiments\wth_generated_qc\LCA\LCA2021.WTH,wet_year;nitrogen_stress_year;low_response_year,wet,LCA2021_normal_grid_S0013,irrigation_positive_candidate,2021-07-05,186,26,21,"{""sim_day"": 26.0, ""doy"": 186.0, ""topwt"": 870.7486724853516, ""grnwt"": 0.0, ""xlai"": 1.3075119256973269, ""totir"": 0.0, ""tofer"": NaN, ""swfac"": 0.0, ""nstres"": 0.0}",0.0,0.0,870.7486724853516,0.0,1.3075119256973269,0.0,,0.0,0.0,30.0,150.0,50.60886230468751,62.60886230468751,Leave_One_experiments/all_year_offline_schedule_search/daily_outputs/LCA/LCA_2021_LCA2021_normal_grid_S0013_daily.csv
LCA,LCA,Luancheng,2021,Leave_One_experiments\wth_generated_qc\LCA\LCA2021.WTH,wet_year;nitrogen_stress_year;low_response_year,wet,LCA2021_normal_grid_S0013,irrigation_positive_candidate,2021-07-06,187,27,22,"{""sim_day"": 27.0, ""doy"": 187.0, ""topwt"": 1016.8398284912108, ""grnwt"": 0.0, ""xlai"": 1.4781982898712158, ""totir"": 0.0, ""tofer"": NaN, ""swfac"": 0.0, ""nstres"": 0.0}",0.0,0.0,1016.8398284912108,0.0,1.4781982898712158,0.0,,0.0,0.0,30.0,150.0,50.60886230468751,62.60886230468751,Leave_One_experiments/all_year_offline_schedule_search/daily_outputs/LCA/LCA_2021_LCA2021_normal_grid_S0013_daily.csv
LCA,LCA,Luancheng,2021,Leave_One_experiments\wth_generated_qc\LCA\LCA2021.WTH,wet_year;nitrogen_stress_year;low_response_year,wet,LCA2021_normal_grid_S0013,irrigation_positive_candidate,2021-07-07,188,28,23,"{""sim_day"": 28.0, ""doy"": 188.0, ""topwt"": 1193.275146484375, ""grnwt"": 0.0, ""xlai"": 1.6707565784454346, ""totir"": 0.0, ""tofer"": NaN, ""swfac"": 0.0, ""nstres"": 0.0}",0.0,0.0,1193.275146484375,0.0,1.6707565784454346,0.0,,0.0,0.0,30.0,150.0,50.60886230468751,62.60886230468751,Leave_One_experiments/all_year_offline_schedule_search/daily_outputs/LCA/LCA_2021_LCA2021_normal_grid_S0013_daily.csv
LCA,LCA,Luancheng,2021,Leave_One_experiments\wth_generated_qc\LCA\LCA2021.WTH,wet_year;nitrogen_stress_year;low_response_year,wet,LCA2021_normal_grid_S0013,irrigation_positive_candidate,2021-07-08,189,29,24,"{""sim_day"": 29.0, ""doy"": 189.0, ""topwt"": 1405.0599670410156, ""grnwt"": 0.0, ""xlai"": 1.883750319480896, ""totir"": 0.0, ""tofer"": NaN, ""swfac"": 0.0, ""nstres"": 0.0}",0.0,0.0,1405.0599670410156,0.0,1.883750319480896,0.0,,0.0,0.0,30.0,150.0,50.60886230468751,62.60886230468751,Leave_One_experiments/all_year_offline_schedule_search/daily_outputs/LCA/LCA_2021_LCA2021_normal_grid_S0013_daily.csv
LCA,LCA,Luancheng,2021,Leave_One_experiments\wth_generated_qc\LCA\LCA2021.WTH,wet_year;nitrogen_stress_year;low_response_year,wet,LCA2021_normal_grid_S0013,irrigation_positive_candidate,2021-07-09,190,30,25,"{""sim_day"": 30.0, ""doy"": 190.0, ""topwt"": 1622.5885009765625, ""grnwt"": 0.0, ""xlai"": 2.08362340927124, ""totir"": 0.0, ""tofer"": NaN, ""swfac"": 0.0, ""nstres"": 0.0}",0.0,0.0,1622.5885009765625,0.0,2.08362340927124,0.0,,0.0,0.0,30.0,150.0,50.60886230468751,62.60886230468751,Leave_One_experiments/all_year_offline_schedule_search/daily_outputs/LCA/LCA_2021_LCA2021_normal_grid_S0013_daily.csv
LCA,LCA,Luancheng,2021,Leave_One_experiments\wth_generated_qc\LCA\LCA2021.WTH,wet_year;nitrogen_stress_year;low_response_year,wet,LCA2021_normal_grid_S0013,irrigation_positive_candidate,2021-07-10,191,31,26,"{""sim_day"": 31.0, ""doy"": 191.0, ""topwt"": 1748.5284423828125, ""grnwt"": 0.0, ""xlai"": 2.1903364658355717, ""totir"": 0.0, ""tofer"": NaN, ""swfac"": 0.0, ""nstres"": 0.0}",0.0,0.0,1748.5284423828125,0.0,2.1903364658355717,0.0,,0.0,0.0,30.0,150.0,50.60886230468751,62.60886230468751,Leave_One_experiments/all_year_offline_schedule_search/daily_outputs/LCA/LCA_2021_LCA2021_normal_grid_S0013_daily.csv
LCA,LCA,Luancheng,2021,Leave_One_experiments\wth_generated_qc\LCA\LCA2021.WTH,wet_year;nitrogen_stress_year;low_response_year,wet,LCA2021_normal_grid_S0013,irrigation_positive_candidate,2021-07-11,192,32,27,"{""sim_day"": 32.0, ""doy"": 192.0, ""topwt"": 1986.226959228516, ""grnwt"": 0.0, ""xlai"": 2.376378536224365, ""totir"": 0.0, ""tofer"": NaN, ""swfac"": 0.0, ""nstres"": 0.0}",0.0,0.0,1986.226959228516,0.0,2.376378536224365,0.0,,0.0,0.0,30.0,150.0,50.60886230468751,62.60886230468751,Leave_One_experiments/all_year_offline_schedule_search/daily_outputs/LCA/LCA_2021_LCA2021_normal_grid_S0013_daily.csv
LCA,LCA,Luancheng,2021,Leave_One_experiments\wth_generated_qc\LCA\LCA2021.WTH,wet_year;nitrogen_stress_year;low_response_year,wet,LCA2021_normal_grid_S0013,irrigation_positive_candidate,2021-07-12,193,33,28,"{""sim_day"": 33.0, ""doy"": 193.0, ""topwt"": 2274.674224853516, ""grnwt"": 0.0, ""xlai"": 2.57901382446289, ""totir"": 0.0, ""tofer"": NaN, ""swfac"": 0.0, ""nstres"": 0.0079505443572998}",0.0,0.0079505443572998,2274.674224853516,0.0,2.57901382446289,0.0,,0.0,0.0,30.0,150.0,50.60886230468751,62.60886230468751,Leave_One_experiments/all_year_offline_schedule_search/daily_outputs/LCA/LCA_2021_LCA2021_normal_grid_S0013_daily.csv
LCA,LCA,Luancheng,2021,Leave_One_experiments\wth_generated_qc\LCA\LCA2021.WTH,wet_year;nitrogen_stress_year;low_response_year,wet,LCA2021_normal_grid_S0013,irrigation_positive_candidate,2021-07-13,194,34,29,"{""sim_day"": 34.0, ""doy"": 194.0, ""topwt"": 2570.698547363281, ""grnwt"": 0.0, ""xlai"": 2.7522318363189697, ""totir"": 0.0, ""tofer"": NaN, ""swfac"": 0.0, ""nstres"": 0.049905240535736}",0.0,0.049905240535736,2570.698547363281,0.0,2.7522318363189697,0.0,,0.0,0.0,30.0,150.0,50.60886230468751,62.60886230468751,Leave_One_experiments/all_year_offline_schedule_search/daily_outputs/LCA/LCA_2021_LCA2021_normal_grid_S0013_daily.csv
LCA,LCA,Luancheng,2021,Leave_One_experiments\wth_generated_qc\LCA\LCA2021.WTH,wet_year;nitrogen_stress_year;low_response_year,wet,LCA2021_normal_grid_S0013,irrigation_positive_candidate,2021-07-14,195,35,30,"{""sim_day"": 35.0, ""doy"": 195.0, ""topwt"": 2858.6083984375, ""grnwt"": 0.0, ""xlai"": 2.8853635787963867, ""totir"": 0.0, ""tofer"": NaN, ""swfac"": 0.0, ""nstres"": 0.0945228338241577}",0.0,0.0945228338241577,2858.6083984375,0.0,2.8853635787963867,0.0,,0.0,50.0,30.0,150.0,50.60886230468751,62.60886230468751,Leave_One_experiments/all_year_offline_schedule_search/daily_outputs/LCA/LCA_2021_LCA2021_normal_grid_S0013_daily.csv
LCA,LCA,Luancheng,2021,Leave_One_experiments\wth_generated_qc\LCA\LCA2021.WTH,wet_year;nitrogen_stress_year;low_response_year,wet,LCA2021_normal_grid_S0013,irrigation_positive_candidate,2021-07-15,196,36,31,"{""sim_day"": 36.0, ""doy"": 196.0, ""topwt"": 3136.4907836914062, ""grnwt"": 0.0, ""xlai"": 3.029948711395264, ""totir"": 0.0, ""tofer"": NaN, ""swfac"": 0.0, ""nstres"": 0.0070527791976928}",0.0,0.0070527791976928,3136.4907836914062,0.0,3.029948711395264,0.0,,0.0,0.0,30.0,150.0,50.60886230468751,62.60886230468751,Leave_One_experiments/all_year_offline_schedule_search/daily_outputs/LCA/LCA_2021_LCA2021_normal_grid_S0013_daily.csv
LCA,LCA,Luancheng,2021,Leave_One_experiments\wth_generated_qc\LCA\LCA2021.WTH,wet_year;nitrogen_stress_year;low_response_year,wet,LCA2021_normal_grid_S0013,irrigation_positive_candidate,2021-07-16,197,37,32,"{""sim_day"": 37.0, ""doy"": 197.0, ""topwt"": 3277.3562622070312, ""grnwt"": 0.0, ""xlai"": 3.098473072052002, ""totir"": 0.0, ""tofer"": NaN, ""swfac"": 0.0, ""nstres"": 0.0}",0.0,0.0,3277.3562622070312,0.0,3.098473072052002,0.0,,0.0,0.0,30.0,150.0,50.60886230468751,62.60886230468751,Leave_One_experiments/all_year_offline_schedule_search/daily_outputs/LCA/LCA_2021_LCA2021_normal_grid_S0013_daily.csv
LCA,LCA,Luancheng,2021,Leave_One_experiments\wth_generated_qc\LCA\LCA2021.WTH,wet_year;nitrogen_stress_year;low_response_year,wet,LCA2021_normal_grid_S0013,irrigation_positive_candidate,2021-07-17,198,38,33,"{""sim_day"": 38.0, ""doy"": 198.0, ""topwt"": 3381.3961791992188, ""grnwt"": 0.0, ""xlai"": 3.145578384399414, ""totir"": 0.0, ""tofer"": NaN, ""swfac"": 0.0, ""nstres"": 0.0}",0.0,0.0,3381.3961791992188,0.0,3.145578384399414,0.0,,0.0,0.0,30.0,150.0,50.60886230468751,62.60886230468751,Leave_One_experiments/all_year_offline_schedule_search/daily_outputs/LCA/LCA_2021_LCA2021_normal_grid_S0013_daily.csv
LCA,LCA,Luancheng,2021,Leave_One_experiments\wth_generated_qc\LCA\LCA2021.WTH,wet_year;nitrogen_stress_year;low_response_year,wet,LCA2021_normal_grid_S0013,irrigation_positive_candidate,2021-07-18,199,39,34,"{""sim_day"": 39.0, ""doy"": 199.0, ""topwt"": 3639.073181152344, ""grnwt"": 0.0, ""xlai"": 3.253614902496338, ""totir"": 0.0, ""tofer"": NaN, ""swfac"": 0.0, ""nstres"": 0.0}",0.0,0.0,3639.073181152344,0.0,3.253614902496338,0.0,,0.0,0.0,30.0,150.0,50.60886230468751,62.60886230468751,Leave_One_experiments/all_year_offline_schedule_search/daily_outputs/LCA/LCA_2021_LCA2021_normal_grid_S0013_daily.csv
LCA,LCA,Luancheng,2021,Leave_One_experiments\wth_generated_qc\LCA\LCA2021.WTH,wet_year;nitrogen_stress_year;low_response_year,wet,LCA2021_normal_grid_S0013,irrigation_positive_candidate,2021-07-19,200,40,35,"{""sim_day"": 40.0, ""doy"": 200.0, ""topwt"": 3860.8425903320312, ""grnwt"": 0.0, ""xlai"": 3.384841203689575, ""totir"": 0.0, ""tofer"": NaN, ""swfac"": 0.0, ""nstres"": 0.0}",0.0,0.0,3860.8425903320312,0.0,3.384841203689575,0.0,,0.0,0.0,30.0,150.0,50.60886230468751,62.60886230468751,Leave_One_experiments/all_year_offline_schedule_search/daily_outputs/LCA/LCA_2021_LCA2021_normal_grid_S0013_daily.csv
LCA,LCA,Luancheng,2021,Leave_One_experiments\wth_generated_qc\LCA\LCA2021.WTH,wet_year;nitrogen_stress_year;low_response_year,wet,LCA2021_normal_grid_S0013,irrigation_positive_candidate,2021-07-20,201,41,36,"{""sim_day"": 41.0, ""doy"": 201.0, ""topwt"": 3907.630920410156, ""grnwt"": 0.0, ""xlai"": 3.405245542526245, ""totir"": 0.0, ""tofer"": NaN, ""swfac"": 0.0, ""nstres"": 0.0}",0.0,0.0,3907.630920410156,0.0,3.405245542526245,0.0,,0.0,0.0,30.0,150.0,50.60886230468751,62.60886230468751,Leave_One_experiments/all_year_offline_schedule_search/daily_outputs/LCA/LCA_2021_LCA2021_normal_grid_S0013_daily.csv
LCA,LCA,Luancheng,2021,Leave_One_experiments\wth_generated_qc\LCA\LCA2021.WTH,wet_year;nitrogen_stress_year;low_response_year,wet,LCA2021_normal_grid_S0013,irrigation_positive_candidate,2021-07-21,202,42,37,"{""sim_day"": 42.0, ""doy"": 202.0, ""topwt"": 3994.894104003906, ""grnwt"": 0.0, ""xlai"": 3.4379050731658936, ""totir"": 0.0, ""tofer"": NaN, ""swfac"": 0.0, ""nstres"": 0.0}",0.0,0.0,3994.894104003906,0.0,3.4379050731658936,0.0,,0.0,0.0,30.0,150.0,50.60886230468751,62.60886230468751,Leave_One_experiments/all_year_offline_schedule_search/daily_outputs/LCA/LCA_2021_LCA2021_normal_grid_S0013_daily.csv
LCA,LCA,Luancheng,2021,Leave_One_experiments\wth_generated_qc\LCA\LCA2021.WTH,wet_year;nitrogen_stress_year;low_response_year,wet,LCA2021_normal_grid_S0013,irrigation_positive_candidate,2021-07-22,203,43,38,"{""sim_day"": 43.0, ""doy"": 203.0, ""topwt"": 4291.904296875, ""grnwt"": 0.0, ""xlai"": 3.536255359649658, ""totir"": 0.0, ""tofer"": NaN, ""swfac"": 0.0, ""nstres"": 0.0}",0.0,0.0,4291.904296875,0.0,3.536255359649658,0.0,,0.0,0.0,30.0,150.0,50.60886230468751,62.60886230468751,Leave_One_experiments/all_year_offline_schedule_search/daily_outputs/LCA/LCA_2021_LCA2021_normal_grid_S0013_daily.csv
LCA,LCA,Luancheng,2021,Leave_One_experiments\wth_generated_qc\LCA\LCA2021.WTH,wet_year;nitrogen_stress_year;low_response_year,wet,LCA2021_normal_grid_S0013,irrigation_positive_candidate,2021-07-23,204,44,39,"{""sim_day"": 44.0, ""doy"": 204.0, ""topwt"": 4715.206604003906, ""grnwt"": 0.0, ""xlai"": 3.662833452224731, ""totir"": 0.0, ""tofer"": NaN, ""swfac"": 0.0, ""nstres"": 0.0}",0.0,0.0,4715.206604003906,0.0,3.662833452224731,0.0,,0.0,0.0,30.0,150.0,50.60886230468751,62.60886230468751,Leave_One_experiments/all_year_offline_schedule_search/daily_outputs/LCA/LCA_2021_LCA2021_normal_grid_S0013_daily.csv
LCA,LCA,Luancheng,2021,Leave_One_experiments\wth_generated_qc\LCA\LCA2021.WTH,wet_year;nitrogen_stress_year;low_response_year,wet,LCA2021_normal_grid_S0013,irrigation_positive_candidate,2021-07-24,205,45,40,"{""sim_day"": 45.0, ""doy"": 205.0, ""topwt"": 5151.383666992188, ""grnwt"": 0.0, ""xlai"": 3.782478094100952, ""totir"": 0.0, ""tofer"": NaN, ""swfac"": 0.0, ""nstres"": 0.0}",0.0,0.0,5151.383666992188,0.0,3.782478094100952,0.0,,0.0,0.0,30.0,150.0,50.60886230468751,62.60886230468751,Leave_One_experiments/all_year_offline_schedule_search/daily_outputs/LCA/LCA_2021_LCA2021_normal_grid_S0013_daily.csv
LCA,LCA,Luancheng,2021,Leave_One_experiments\wth_generated_qc\LCA\LCA2021.WTH,wet_year;nitrogen_stress_year;low_response_year,wet,LCA2021_normal_grid_S0013,irrigation_positive_candidate,2021-07-25,206,46,41,"{""sim_day"": 46.0, ""doy"": 206.0, ""topwt"": 5542.283935546875, ""grnwt"": 0.0, ""xlai"": 3.8726999759674072, ""totir"": 0.0, ""tofer"": NaN, ""swfac"": 0.0, ""nstres"": 0.019173264503479}",0.0,0.019173264503479,5542.283935546875,0.0,3.8726999759674072,0.0,,0.0,0.0,30.0,150.0,50.60886230468751,62.60886230468751,Leave_One_experiments/all_year_offline_schedule_search/daily_outputs/LCA/LCA_2021_LCA2021_normal_grid_S0013_daily.csv
LCA,LCA,Luancheng,2021,Leave_One_experiments\wth_generated_qc\LCA\LCA2021.WTH,wet_year;nitrogen_stress_year;low_response_year,wet,LCA2021_normal_grid_S0013,irrigation_positive_candidate,2021-07-26,207,47,42,"{""sim_day"": 47.0, ""doy"": 207.0, ""topwt"": 5791.749267578125, ""grnwt"": 0.0, ""xlai"": 3.913283109664917, ""totir"": 0.0, ""tofer"": NaN, ""swfac"": 0.0, ""nstres"": 0.0384988784790039}",0.0,0.0384988784790039,5791.749267578125,0.0,3.913283109664917,0.0,,0.0,0.0,30.0,150.0,50.60886230468751,62.60886230468751,Leave_One_experiments/all_year_offline_schedule_search/daily_outputs/LCA/LCA_2021_LCA2021_normal_grid_S0013_daily.csv
LCA,LCA,Luancheng,2021,Leave_One_experiments\wth_generated_qc\LCA\LCA2021.WTH,wet_year;nitrogen_stress_year;low_response_year,wet,LCA2021_normal_grid_S0013,irrigation_positive_candidate,2021-07-27,208,48,43,"{""sim_day"": 48.0, ""doy"": 208.0, ""topwt"": 5919.7198486328125, ""grnwt"": 0.0, ""xlai"": 3.917725801467896, ""totir"": 0.0, ""tofer"": NaN, ""swfac"": 0.0, ""nstres"": 0.0524364709854126}",0.0,0.0524364709854126,5919.7198486328125,0.0,3.917725801467896,0.0,,0.0,0.0,30.0,150.0,50.60886230468751,62.60886230468751,Leave_One_experiments/all_year_offline_schedule_search/daily_outputs/LCA/LCA_2021_LCA2021_normal_grid_S0013_daily.csv
LCA,LCA,Luancheng,2021,Leave_One_experiments\wth_generated_qc\LCA\LCA2021.WTH,wet_year;nitrogen_stress_year;low_response_year,wet,LCA2021_normal_grid_S0013,irrigation_positive_candidate,2021-07-28,209,49,44,"{""sim_day"": 49.0, ""doy"": 209.0, ""topwt"": 6009.53125, ""grnwt"": 0.0, ""xlai"": 3.910769462585449, ""totir"": 0.0, ""tofer"": NaN, ""swfac"": 0.0, ""nstres"": 0.057003915309906}",0.0,0.057003915309906,6009.53125,0.0,3.910769462585449,0.0,,0.0,0.0,30.0,150.0,50.60886230468751,62.60886230468751,Leave_One_experiments/all_year_offline_schedule_search/daily_outputs/LCA/LCA_2021_LCA2021_normal_grid_S0013_daily.csv
LCA,LCA,Luancheng,2021,Leave_One_experiments\wth_generated_qc\LCA\LCA2021.WTH,wet_year;nitrogen_stress_year;low_response_year,wet,LCA2021_normal_grid_S0013,irrigation_positive_candidate,2021-07-29,210,50,45,"{""sim_day"": 50.0, ""doy"": 210.0, ""topwt"": 6343.087158203125, ""grnwt"": 0.0, ""xlai"": 3.963266611099243, ""totir"": 0.0, ""tofer"": NaN, ""swfac"": 0.0, ""nstres"": 0.0541960000991821}",0.0,0.0541960000991821,6343.087158203125,0.0,3.963266611099243,0.0,,0.0,0.0,30.0,150.0,50.60886230468751,62.60886230468751,Leave_One_experiments/all_year_offline_schedule_search/daily_outputs/LCA/LCA_2021_LCA2021_normal_grid_S0013_daily.csv
LCA,LCA,Luancheng,2021,Leave_One_experiments\wth_generated_qc\LCA\LCA2021.WTH,wet_year;nitrogen_stress_year;low_response_year,wet,LCA2021_normal_grid_S0013,irrigation_positive_candidate,2021-07-30,211,51,46,"{""sim_day"": 51.0, ""doy"": 211.0, ""topwt"": 6726.6998291015625, ""grnwt"": 0.0, ""xlai"": 4.0298285484313965, ""totir"": 0.0, ""tofer"": NaN, ""swfac"": 0.0, ""nstres"": 0.0489873886108398}",0.0,0.0489873886108398,6726.6998291015625,0.0,4.0298285484313965,0.0,,0.0,0.0,30.0,150.0,50.60886230468751,62.60886230468751,Leave_One_experiments/all_year_offline_schedule_search/daily_outputs/LCA/LCA_2021_LCA2021_normal_grid_S0013_daily.csv
LCA,LCA,Luancheng,2021,Leave_One_experiments\wth_generated_qc\LCA\LCA2021.WTH,wet_year;nitrogen_stress_year;low_response_year,wet,LCA2021_normal_grid_S0013,irrigation_positive_candidate,2021-07-31,212,52,47,"{""sim_day"": 52.0, ""doy"": 212.0, ""topwt"": 7143.1915283203125, ""grnwt"": 0.0, ""xlai"": 4.006380081176758, ""totir"": 0.0, ""tofer"": NaN, ""swfac"": 0.0, ""nstres"": 0.0465496778488159}",0.0,0.0465496778488159,7143.1915283203125,0.0,4.006380081176758,0.0,,0.0,0.0,30.0,150.0,50.60886230468751,62.60886230468751,Leave_One_experiments/all_year_offline_schedule_search/daily_outputs/LCA/LCA_2021_LCA2021_normal_grid_S0013_daily.csv
LCA,LCA,Luancheng,2021,Leave_One_experiments\wth_generated_qc\LCA\LCA2021.WTH,wet_year;nitrogen_stress_year;low_response_year,wet,LCA2021_normal_grid_S0013,irrigation_positive_candidate,2021-08-01,213,53,48,"{""sim_day"": 53.0, ""doy"": 213.0, ""topwt"": 7557.28271484375, ""grnwt"": 0.0, ""xlai"": 3.98448657989502, ""totir"": 0.0, ""tofer"": NaN, ""swfac"": 0.0, ""nstres"": 0.0437167882919311}",0.0,0.0437167882919311,7557.28271484375,0.0,3.98448657989502,0.0,,0.0,0.0,30.0,150.0,50.60886230468751,62.60886230468751,Leave_One_experiments/all_year_offline_schedule_search/daily_outputs/LCA/LCA_2021_LCA2021_normal_grid_S0013_daily.csv
LCA,LCA,Luancheng,2021,Leave_One_experiments\wth_generated_qc\LCA\LCA2021.WTH,wet_year;nitrogen_stress_year;low_response_year,wet,LCA2021_normal_grid_S0013,irrigation_positive_candidate,2021-08-02,214,54,49,"{""sim_day"": 54.0, ""doy"": 214.0, ""topwt"": 7758.4521484375, ""grnwt"": 0.0, ""xlai"": 3.962989330291748, ""totir"": 0.0, ""tofer"": NaN, ""swfac"": 0.0, ""nstres"": 0.0431616306304931}",0.0,0.0431616306304931,7758.4521484375,0.0,3.962989330291748,0.0,,0.0,0.0,30.0,150.0,50.60886230468751,62.60886230468751,Leave_One_experiments/all_year_offline_schedule_search/daily_outputs/LCA/LCA_2021_LCA2021_normal_grid_S0013_daily.csv
LCA,LCA,Luancheng,2021,Leave_One_experiments\wth_generated_qc\LCA\LCA2021.WTH,wet_year;nitrogen_stress_year;low_response_year,wet,LCA2021_normal_grid_S0013,irrigation_positive_candidate,2021-08-03,215,55,50,"{""sim_day"": 55.0, ""doy"": 215.0, ""topwt"": 8035.48095703125, ""grnwt"": 0.0, ""xlai"": 3.9440839290618896, ""totir"": 0.0, ""tofer"": NaN, ""swfac"": 0.0, ""nstres"": 0.0381640195846557}",0.0,0.0381640195846557,8035.48095703125,0.0,3.9440839290618896,0.0,,0.0,0.0,30.0,150.0,50.60886230468751,62.60886230468751,Leave_One_experiments/all_year_offline_schedule_search/daily_outputs/LCA/LCA_2021_LCA2021_normal_grid_S0013_daily.csv
LCA,LCA,Luancheng,2021,Leave_One_experiments\wth_generated_qc\LCA\LCA2021.WTH,wet_year;nitrogen_stress_year;low_response_year,wet,LCA2021_normal_grid_S0013,irrigation_positive_candidate,2021-08-04,216,56,51,"{""sim_day"": 56.0, ""doy"": 216.0, ""topwt"": 8334.405517578125, ""grnwt"": 0.0, ""xlai"": 3.931454658508301, ""totir"": 0.0, ""tofer"": NaN, ""swfac"": 0.0, ""nstres"": 0.0256162881851196}",0.0,0.0256162881851196,8334.405517578125,0.0,3.931454658508301,0.0,,0.0,0.0,30.0,150.0,50.60886230468751,62.60886230468751,Leave_One_experiments/all_year_offline_schedule_search/daily_outputs/LCA/LCA_2021_LCA2021_normal_grid_S0013_daily.csv
LCA,LCA,Luancheng,2021,Leave_One_experiments\wth_generated_qc\LCA\LCA2021.WTH,wet_year;nitrogen_stress_year;low_response_year,wet,LCA2021_normal_grid_S0013,irrigation_positive_candidate,2021-08-05,217,57,52,"{""sim_day"": 57.0, ""doy"": 217.0, ""topwt"": 8719.423217773438, ""grnwt"": 0.0, ""xlai"": 3.922033071517944, ""totir"": 0.0, ""tofer"": NaN, ""swfac"": 0.0, ""nstres"": 0.0150257349014282}",0.0,0.0150257349014282,8719.423217773438,0.0,3.922033071517944,0.0,,0.0,0.0,30.0,150.0,50.60886230468751,62.60886230468751,Leave_One_experiments/all_year_offline_schedule_search/daily_outputs/LCA/LCA_2021_LCA2021_normal_grid_S0013_daily.csv
LCA,LCA,Luancheng,2021,Leave_One_experiments\wth_generated_qc\LCA\LCA2021.WTH,wet_year;nitrogen_stress_year;low_response_year,wet,LCA2021_normal_grid_S0013,irrigation_positive_candidate,2021-08-06,218,58,53,"{""sim_day"": 58.0, ""doy"": 218.0, ""topwt"": 9014.168701171877, ""grnwt"": 0.0, ""xlai"": 3.900837421417236, ""totir"": 0.0, ""tofer"": NaN, ""swfac"": 0.0, ""nstres"": 0.0019389986991882}",0.0,0.0019389986991882,9014.168701171877,0.0,3.900837421417236,0.0,,0.0,0.0,30.0,150.0,50.60886230468751,62.60886230468751,Leave_One_experiments/all_year_offline_schedule_search/daily_outputs/LCA/LCA_2021_LCA2021_normal_grid_S0013_daily.csv
LCA,LCA,Luancheng,2021,Leave_One_experiments\wth_generated_qc\LCA\LCA2021.WTH,wet_year;nitrogen_stress_year;low_response_year,wet,LCA2021_normal_grid_S0013,irrigation_positive_candidate,2021-08-07,219,59,54,"{""sim_day"": 59.0, ""doy"": 219.0, ""topwt"": 9300.485229492188, ""grnwt"": 0.0, ""xlai"": 3.8816072940826416, ""totir"": 0.0, ""tofer"": NaN, ""swfac"": 0.0, ""nstres"": 0.0}",0.0,0.0,9300.485229492188,0.0,3.8816072940826416,0.0,,0.0,0.0,30.0,150.0,50.60886230468751,62.60886230468751,Leave_One_experiments/all_year_offline_schedule_search/daily_outputs/LCA/LCA_2021_LCA2021_normal_grid_S0013_daily.csv
LCA,LCA,Luancheng,2021,Leave_One_experiments\wth_generated_qc\LCA\LCA2021.WTH,wet_year;nitrogen_stress_year;low_response_year,wet,LCA2021_normal_grid_S0013,irrigation_positive_candidate,2021-08-08,220,60,55,"{""sim_day"": 60.0, ""doy"": 220.0, ""topwt"": 9684.912719726562, ""grnwt"": 0.0, ""xlai"": 3.862536668777466, ""totir"": 0.0, ""tofer"": NaN, ""swfac"": 0.0, ""nstres"": 0.0}",0.0,0.0,9684.912719726562,0.0,3.862536668777466,0.0,,0.0,0.0,30.0,150.0,50.60886230468751,62.60886230468751,Leave_One_experiments/all_year_offline_schedule_search/daily_outputs/LCA/LCA_2021_LCA2021_normal_grid_S0013_daily.csv
LCA,LCA,Luancheng,2021,Leave_One_experiments\wth_generated_qc\LCA\LCA2021.WTH,wet_year;nitrogen_stress_year;low_response_year,wet,LCA2021_normal_grid_S0013,irrigation_positive_candidate,2021-08-09,221,61,56,"{""sim_day"": 61.0, ""doy"": 221.0, ""topwt"": 9971.819458007812, ""grnwt"": 377.8144454956055, ""xlai"": 3.783945560455322, ""totir"": 0.0, ""tofer"": NaN, ""swfac"": 0.0, ""nstres"": 0.0}",0.0,0.0,9971.819458007812,377.8144454956055,3.783945560455322,0.0,,0.0,0.0,30.0,150.0,50.60886230468751,62.60886230468751,Leave_One_experiments/all_year_offline_schedule_search/daily_outputs/LCA/LCA_2021_LCA2021_normal_grid_S0013_daily.csv
LCA,LCA,Luancheng,2021,Leave_One_experiments\wth_generated_qc\LCA\LCA2021.WTH,wet_year;nitrogen_stress_year;low_response_year,wet,LCA2021_normal_grid_S0013,irrigation_positive_candidate,2021-08-10,222,62,57,"{""sim_day"": 62.0, ""doy"": 222.0, ""topwt"": 10333.49853515625, ""grnwt"": 755.6288909912109, ""xlai"": 3.770458221435547, ""totir"": 0.0, ""tofer"": NaN, ""swfac"": 0.0, ""nstres"": 0.0}",0.0,0.0,10333.49853515625,755.6288909912109,3.770458221435547,0.0,,0.0,0.0,30.0,150.0,50.60886230468751,62.60886230468751,Leave_One_experiments/all_year_offline_schedule_search/daily_outputs/LCA/LCA_2021_LCA2021_normal_grid_S0013_daily.csv
LCA,LCA,Luancheng,2021,Leave_One_experiments\wth_generated_qc\LCA\LCA2021.WTH,wet_year;nitrogen_stress_year;low_response_year,wet,LCA2021_normal_grid_S0013,irrigation_positive_candidate,2021-08-11,223,63,58,"{""sim_day"": 63.0, ""doy"": 223.0, ""topwt"": 10719.090576171877, ""grnwt"": 1133.4432983398438, ""xlai"": 3.754622220993042, ""totir"": 0.0, ""tofer"": NaN, ""swfac"": 0.0, ""nstres"": 0.0}",0.0,0.0,10719.090576171877,1133.4432983398438,3.754622220993042,0.0,,0.0,0.0,30.0,150.0,50.60886230468751,62.60886230468751,Leave_One_experiments/all_year_offline_schedule_search/daily_outputs/LCA/LCA_2021_LCA2021_normal_grid_S0013_daily.csv
LCA,LCA,Luancheng,2021,Leave_One_experiments\wth_generated_qc\LCA\LCA2021.WTH,wet_year;nitrogen_stress_year;low_response_year,wet,LCA2021_normal_grid_S0013,irrigation_positive_candidate,2021-08-12,224,64,59,"{""sim_day"": 64.0, ""doy"": 224.0, ""topwt"": 11099.630126953123, ""grnwt"": 1511.257781982422, ""xlai"": 3.7361984252929688, ""totir"": 0.0, ""tofer"": NaN, ""swfac"": 0.0, ""nstres"": 0.0097723007202148}",0.0,0.0097723007202148,11099.630126953123,1511.257781982422,3.7361984252929688,0.0,,0.0,0.0,30.0,150.0,50.60886230468751,62.60886230468751,Leave_One_experiments/all_year_offline_schedule_search/daily_outputs/LCA/LCA_2021_LCA2021_normal_grid_S0013_daily.csv
LCA,LCA,Luancheng,2021,Leave_One_experiments\wth_generated_qc\LCA\LCA2021.WTH,wet_year;nitrogen_stress_year;low_response_year,wet,LCA2021_normal_grid_S0013,irrigation_positive_candidate,2021-08-13,225,65,60,"{""sim_day"": 65.0, ""doy"": 225.0, ""topwt"": 11503.914794921877, ""grnwt"": 1889.072265625, ""xlai"": 3.7160935401916495, ""totir"": 0.0, ""tofer"": NaN, ""swfac"": 0.0, ""nstres"": 0.0308294296264648}",0.0,0.0308294296264648,11503.914794921877,1889.072265625,3.7160935401916495,0.0,,0.0,50.0,30.0,150.0,50.60886230468751,62.60886230468751,Leave_One_experiments/all_year_offline_schedule_search/daily_outputs/LCA/LCA_2021_LCA2021_normal_grid_S0013_daily.csv
LCA,LCA,Luancheng,2021,Leave_One_experiments\wth_generated_qc\LCA\LCA2021.WTH,wet_year;nitrogen_stress_year;low_response_year,wet,LCA2021_normal_grid_S0013,irrigation_positive_candidate,2021-08-14,226,66,61,"{""sim_day"": 66.0, ""doy"": 226.0, ""topwt"": 11878.197021484377, ""grnwt"": 2266.8865966796875, ""xlai"": 3.692936658859253, ""totir"": 0.0, ""tofer"": NaN, ""swfac"": 0.0, ""nstres"": 0.0}",0.0,0.0,11878.197021484377,2266.8865966796875,3.692936658859253,0.0,,0.0,0.0,30.0,150.0,50.60886230468751,62.60886230468751,Leave_One_experiments/all_year_offline_schedule_search/daily_outputs/LCA/LCA_2021_LCA2021_normal_grid_S0013_daily.csv
LCA,LCA,Luancheng,2021,Leave_One_experiments\wth_generated_qc\LCA\LCA2021.WTH,wet_year;nitrogen_stress_year;low_response_year,wet,LCA2021_normal_grid_S0013,irrigation_positive_candidate,2021-08-15,227,67,62,"{""sim_day"": 67.0, ""doy"": 227.0, ""topwt"": 12255.966796875, ""grnwt"": 2644.700927734375, ""xlai"": 3.665958404541016, ""totir"": 0.0, ""tofer"": NaN, ""swfac"": 0.0, ""nstres"": 0.0}",0.0,0.0,12255.966796875,2644.700927734375,3.665958404541016,0.0,,0.0,0.0,30.0,150.0,50.60886230468751,62.60886230468751,Leave_One_experiments/all_year_offline_schedule_search/daily_outputs/LCA/LCA_2021_LCA2021_normal_grid_S0013_daily.csv
LCA,LCA,Luancheng,2021,Leave_One_experiments\wth_generated_qc\LCA\LCA2021.WTH,wet_year;nitrogen_stress_year;low_response_year,wet,LCA2021_normal_grid_S0013,irrigation_positive_candidate,2021-08-16,228,68,63,"{""sim_day"": 68.0, ""doy"": 228.0, ""topwt"": 12450.51513671875, ""grnwt"": 3022.5152587890625, ""xlai"": 3.637016296386719, ""totir"": 0.0, ""tofer"": NaN, ""swfac"": 0.0, ""nstres"": 0.0}",0.0,0.0,12450.51513671875,3022.5152587890625,3.637016296386719,0.0,,0.0,0.0,30.0,150.0,50.60886230468751,62.60886230468751,Leave_One_experiments/all_year_offline_schedule_search/daily_outputs/LCA/LCA_2021_LCA2021_normal_grid_S0013_daily.csv
LCA,LCA,Luancheng,2021,Leave_One_experiments\wth_generated_qc\LCA\LCA2021.WTH,wet_year;nitrogen_stress_year;low_response_year,wet,LCA2021_normal_grid_S0013,irrigation_positive_candidate,2021-08-17,229,69,64,"{""sim_day"": 69.0, ""doy"": 229.0, ""topwt"": 12692.29736328125, ""grnwt"": 3400.32958984375, ""xlai"": 3.6005072593688965, ""totir"": 0.0, ""tofer"": NaN, ""swfac"": 0.0, ""nstres"": 0.0}",0.0,0.0,12692.29736328125,3400.32958984375,3.6005072593688965,0.0,,0.0,0.0,30.0,150.0,50.60886230468751,62.60886230468751,Leave_One_experiments/all_year_offline_schedule_search/daily_outputs/LCA/LCA_2021_LCA2021_normal_grid_S0013_daily.csv
LCA,LCA,Luancheng,2021,Leave_One_experiments\wth_generated_qc\LCA\LCA2021.WTH,wet_year;nitrogen_stress_year;low_response_year,wet,LCA2021_normal_grid_S0013,irrigation_positive_candidate,2021-08-18,230,70,65,"{""sim_day"": 70.0, ""doy"": 230.0, ""topwt"": 12733.8232421875, ""grnwt"": 3778.1439208984375, ""xlai"": 3.5696792602539062, ""totir"": 30.0, ""tofer"": NaN, ""swfac"": 0.0, ""nstres"": 0.0}",0.0,0.0,12733.8232421875,3778.1439208984375,3.5696792602539062,30.0,,30.0,0.0,30.0,150.0,50.60886230468751,62.60886230468751,Leave_One_experiments/all_year_offline_schedule_search/daily_outputs/LCA/LCA_2021_LCA2021_normal_grid_S0013_daily.csv
LCA,LCA,Luancheng,2021,Leave_One_experiments\wth_generated_qc\LCA\LCA2021.WTH,wet_year;nitrogen_stress_year;low_response_year,wet,LCA2021_normal_grid_S0013,irrigation_positive_candidate,2021-08-19,231,71,66,"{""sim_day"": 71.0, ""doy"": 231.0, ""topwt"": 13128.984375, ""grnwt"": 4155.958557128906, ""xlai"": 3.5319323539733887, ""totir"": 30.0, ""tofer"": NaN, ""swfac"": 0.0, ""nstres"": 0.0}",0.0,0.0,13128.984375,4155.958557128906,3.5319323539733887,30.0,,0.0,0.0,30.0,150.0,50.60886230468751,62.60886230468751,Leave_One_experiments/all_year_offline_schedule_search/daily_outputs/LCA/LCA_2021_LCA2021_normal_grid_S0013_daily.csv
LCA,LCA,Luancheng,2021,Leave_One_experiments\wth_generated_qc\LCA\LCA2021.WTH,wet_year;nitrogen_stress_year;low_response_year,wet,LCA2021_normal_grid_S0013,irrigation_positive_candidate,2021-08-20,232,72,67,"{""sim_day"": 72.0, ""doy"": 232.0, ""topwt"": 13463.71337890625, ""grnwt"": 4533.772888183594, ""xlai"": 3.490498304367065, ""totir"": 30.0, ""tofer"": NaN, ""swfac"": 0.0, ""nstres"": 0.0}",0.0,0.0,13463.71337890625,4533.772888183594,3.490498304367065,30.0,,0.0,0.0,30.0,150.0,50.60886230468751,62.60886230468751,Leave_One_experiments/all_year_offline_schedule_search/daily_outputs/LCA/LCA_2021_LCA2021_normal_grid_S0013_daily.csv
LCA,LCA,Luancheng,2021,Leave_One_experiments\wth_generated_qc\LCA\LCA2021.WTH,wet_year;nitrogen_stress_year;low_response_year,wet,LCA2021_normal_grid_S0013,irrigation_positive_candidate,2021-08-21,233,73,68,"{""sim_day"": 73.0, ""doy"": 233.0, ""topwt"": 13815.21240234375, ""grnwt"": 4904.502868652344, ""xlai"": 3.435621738433838, ""totir"": 30.0, ""tofer"": NaN, ""swfac"": 0.0, ""nstres"": 0.0}",0.0,0.0,13815.21240234375,4904.502868652344,3.435621738433838,30.0,,0.0,0.0,30.0,150.0,50.60886230468751,62.60886230468751,Leave_One_experiments/all_year_offline_schedule_search/daily_outputs/LCA/LCA_2021_LCA2021_normal_grid_S0013_daily.csv
LCA,LCA,Luancheng,2021,Leave_One_experiments\wth_generated_qc\LCA\LCA2021.WTH,wet_year;nitrogen_stress_year;low_response_year,wet,LCA2021_normal_grid_S0013,irrigation_positive_candidate,2021-08-22,234,74,69,"{""sim_day"": 74.0, ""doy"": 234.0, ""topwt"": 14224.2138671875, ""grnwt"": 5282.3175048828125, ""xlai"": 3.3814830780029297, ""totir"": 30.0, ""tofer"": NaN, ""swfac"": 0.0, ""nstres"": 0.0}",0.0,0.0,14224.2138671875,5282.3175048828125,3.3814830780029297,30.0,,0.0,0.0,30.0,150.0,50.60886230468751,62.60886230468751,Leave_One_experiments/all_year_offline_schedule_search/daily_outputs/LCA/LCA_2021_LCA2021_normal_grid_S0013_daily.csv
LCA,LCA,Luancheng,2021,Leave_One_experiments\wth_generated_qc\LCA\LCA2021.WTH,wet_year;nitrogen_stress_year;low_response_year,wet,LCA2021_normal_grid_S0013,irrigation_positive_candidate,2021-08-23,235,75,70,"{""sim_day"": 75.0, ""doy"": 235.0, ""topwt"": 14646.016845703123, ""grnwt"": 5660.1318359375, ""xlai"": 3.326992511749268, ""totir"": 30.0, ""tofer"": NaN, ""swfac"": 0.0, ""nstres"": 0.0}",0.0,0.0,14646.016845703123,5660.1318359375,3.326992511749268,30.0,,0.0,0.0,30.0,150.0,50.60886230468751,62.60886230468751,Leave_One_experiments/all_year_offline_schedule_search/daily_outputs/LCA/LCA_2021_LCA2021_normal_grid_S0013_daily.csv
LCA,LCA,Luancheng,2021,Leave_One_experiments\wth_generated_qc\LCA\LCA2021.WTH,wet_year;nitrogen_stress_year;low_response_year,wet,LCA2021_normal_grid_S0013,irrigation_positive_candidate,2021-08-24,236,76,71,"{""sim_day"": 76.0, ""doy"": 236.0, ""topwt"": 15079.50439453125, ""grnwt"": 6037.946166992188, ""xlai"": 3.271833658218384, ""totir"": 30.0, ""tofer"": NaN, ""swfac"": 0.0, ""nstres"": 0.0}",0.0,0.0,15079.50439453125,6037.946166992188,3.271833658218384,30.0,,0.0,0.0,30.0,150.0,50.60886230468751,62.60886230468751,Leave_One_experiments/all_year_offline_schedule_search/daily_outputs/LCA/LCA_2021_LCA2021_normal_grid_S0013_daily.csv
LCA,LCA,Luancheng,2021,Leave_One_experiments\wth_generated_qc\LCA\LCA2021.WTH,wet_year;nitrogen_stress_year;low_response_year,wet,LCA2021_normal_grid_S0013,irrigation_positive_candidate,2021-08-25,237,77,72,"{""sim_day"": 77.0, ""doy"": 237.0, ""topwt"": 15476.19873046875, ""grnwt"": 6415.760498046875, ""xlai"": 3.2133548259735107, ""totir"": 30.0, ""tofer"": NaN, ""swfac"": 0.0, ""nstres"": 0.0}",0.0,0.0,15476.19873046875,6415.760498046875,3.2133548259735107,30.0,,0.0,0.0,30.0,150.0,50.60886230468751,62.60886230468751,Leave_One_experiments/all_year_offline_schedule_search/daily_outputs/LCA/LCA_2021_LCA2021_normal_grid_S0013_daily.csv
LCA,LCA,Luancheng,2021,Leave_One_experiments\wth_generated_qc\LCA\LCA2021.WTH,wet_year;nitrogen_stress_year;low_response_year,wet,LCA2021_normal_grid_S0013,irrigation_positive_candidate,2021-08-26,238,78,73,"{""sim_day"": 78.0, ""doy"": 238.0, ""topwt"": 15877.02880859375, ""grnwt"": 6793.5748291015625, ""xlai"": 3.150022506713867, ""totir"": 30.0, ""tofer"": NaN, ""swfac"": 0.0, ""nstres"": 0.0294504165649414}",0.0,0.0294504165649414,15877.02880859375,6793.5748291015625,3.150022506713867,30.0,,0.0,0.0,30.0,150.0,50.60886230468751,62.60886230468751,Leave_One_experiments/all_year_offline_schedule_search/daily_outputs/LCA/LCA_2021_LCA2021_normal_grid_S0013_daily.csv
LCA,LCA,Luancheng,2021,Leave_One_experiments\wth_generated_qc\LCA\LCA2021.WTH,wet_year;nitrogen_stress_year;low_response_year,wet,LCA2021_normal_grid_S0013,irrigation_positive_candidate,2021-08-27,239,79,74,"{""sim_day"": 79.0, ""doy"": 239.0, ""topwt"": 16173.10302734375, ""grnwt"": 7171.38916015625, ""xlai"": 3.083156108856201, ""totir"": 30.0, ""tofer"": NaN, ""swfac"": 0.0, ""nstres"": 0.0679336786270141}",0.0,0.0679336786270141,16173.10302734375,7171.38916015625,3.083156108856201,30.0,,0.0,0.0,30.0,150.0,50.60886230468751,62.60886230468751,Leave_One_experiments/all_year_offline_schedule_search/daily_outputs/LCA/LCA_2021_LCA2021_normal_grid_S0013_daily.csv
LCA,LCA,Luancheng,2021,Leave_One_experiments\wth_generated_qc\LCA\LCA2021.WTH,wet_year;nitrogen_stress_year;low_response_year,wet,LCA2021_normal_grid_S0013,irrigation_positive_candidate,2021-08-28,240,80,75,"{""sim_day"": 80.0, ""doy"": 240.0, ""topwt"": 16397.862548828125, ""grnwt"": 7549.2034912109375, ""xlai"": 3.010780334472656, ""totir"": 30.0, ""tofer"": NaN, ""swfac"": 0.0, ""nstres"": 0.1048940420150756}",0.0,0.1048940420150756,16397.862548828125,7549.2034912109375,3.010780334472656,30.0,,0.0,0.0,30.0,150.0,50.60886230468751,62.60886230468751,Leave_One_experiments/all_year_offline_schedule_search/daily_outputs/LCA/LCA_2021_LCA2021_normal_grid_S0013_daily.csv
LCA,LCA,Luancheng,2021,Leave_One_experiments\wth_generated_qc\LCA\LCA2021.WTH,wet_year;nitrogen_stress_year;low_response_year,wet,LCA2021_normal_grid_S0013,irrigation_positive_candidate,2021-08-29,241,81,76,"{""sim_day"": 81.0, ""doy"": 241.0, ""topwt"": 16543.841552734375, ""grnwt"": 7927.017822265625, ""xlai"": 2.942967653274536, ""totir"": 30.0, ""tofer"": NaN, ""swfac"": 0.0, ""nstres"": 0.1318833827972412}",0.0,0.1318833827972412,16543.841552734375,7927.017822265625,2.942967653274536,30.0,,0.0,0.0,30.0,150.0,50.60886230468751,62.60886230468751,Leave_One_experiments/all_year_offline_schedule_search/daily_outputs/LCA/LCA_2021_LCA2021_normal_grid_S0013_daily.csv
LCA,LCA,Luancheng,2021,Leave_One_experiments\wth_generated_qc\LCA\LCA2021.WTH,wet_year;nitrogen_stress_year;low_response_year,wet,LCA2021_normal_grid_S0013,irrigation_positive_candidate,2021-08-30,242,82,77,"{""sim_day"": 82.0, ""doy"": 242.0, ""topwt"": 16494.564208984375, ""grnwt"": 8027.2589111328125, ""xlai"": 2.86984658241272, ""totir"": 30.0, ""tofer"": NaN, ""swfac"": 0.0, ""nstres"": 0.1521663069725036}",0.0,0.1521663069725036,16494.564208984375,8027.2589111328125,2.86984658241272,30.0,,0.0,0.0,30.0,150.0,50.60886230468751,62.60886230468751,Leave_One_experiments/all_year_offline_schedule_search/daily_outputs/LCA/LCA_2021_LCA2021_normal_grid_S0013_daily.csv
LCA,LCA,Luancheng,2021,Leave_One_experiments\wth_generated_qc\LCA\LCA2021.WTH,wet_year;nitrogen_stress_year;low_response_year,wet,LCA2021_normal_grid_S0013,irrigation_positive_candidate,2021-08-31,243,83,78,"{""sim_day"": 83.0, ""doy"": 243.0, ""topwt"": 16825.552978515625, ""grnwt"": 8358.248291015625, ""xlai"": 2.786719799041748, ""totir"": 30.0, ""tofer"": NaN, ""swfac"": 0.0, ""nstres"": 0.1287933588027954}",0.0,0.1287933588027954,16825.552978515625,8358.248291015625,2.786719799041748,30.0,,0.0,0.0,30.0,150.0,50.60886230468751,62.60886230468751,Leave_One_experiments/all_year_offline_schedule_search/daily_outputs/LCA/LCA_2021_LCA2021_normal_grid_S0013_daily.csv
LCA,LCA,Luancheng,2021,Leave_One_experiments\wth_generated_qc\LCA\LCA2021.WTH,wet_year;nitrogen_stress_year;low_response_year,wet,LCA2021_normal_grid_S0013,irrigation_positive_candidate,2021-09-01,244,84,79,"{""sim_day"": 84.0, ""doy"": 244.0, ""topwt"": 17206.1279296875, ""grnwt"": 8736.063232421875, ""xlai"": 2.700126886367798, ""totir"": 30.0, ""tofer"": NaN, ""swfac"": 0.0, ""nstres"": 0.147935688495636}",0.0,0.147935688495636,17206.1279296875,8736.063232421875,2.700126886367798,30.0,,0.0,0.0,30.0,150.0,50.60886230468751,62.60886230468751,Leave_One_experiments/all_year_offline_schedule_search/daily_outputs/LCA/LCA_2021_LCA2021_normal_grid_S0013_daily.csv
LCA,LCA,Luancheng,2021,Leave_One_experiments\wth_generated_qc\LCA\LCA2021.WTH,wet_year;nitrogen_stress_year;low_response_year,wet,LCA2021_normal_grid_S0013,irrigation_positive_candidate,2021-09-02,245,85,80,"{""sim_day"": 85.0, ""doy"": 245.0, ""topwt"": 17342.646484375, ""grnwt"": 8875.341186523438, ""xlai"": 2.604012489318848, ""totir"": 30.0, ""tofer"": NaN, ""swfac"": 0.0, ""nstres"": 0.1885920166969299}",0.0,0.1885920166969299,17342.646484375,8875.341186523438,2.604012489318848,30.0,,0.0,0.0,30.0,150.0,50.60886230468751,62.60886230468751,Leave_One_experiments/all_year_offline_schedule_search/daily_outputs/LCA/LCA_2021_LCA2021_normal_grid_S0013_daily.csv
LCA,LCA,Luancheng,2021,Leave_One_experiments\wth_generated_qc\LCA\LCA2021.WTH,wet_year;nitrogen_stress_year;low_response_year,wet,LCA2021_normal_grid_S0013,irrigation_positive_candidate,2021-09-03,246,86,81,"{""sim_day"": 86.0, ""doy"": 246.0, ""topwt"": 17389.124755859375, ""grnwt"": 8921.820068359375, ""xlai"": 2.514111042022705, ""totir"": 30.0, ""tofer"": NaN, ""swfac"": 0.0, ""nstres"": 0.194646954536438}",0.0,0.194646954536438,17389.124755859375,8921.820068359375,2.514111042022705,30.0,,0.0,0.0,30.0,150.0,50.60886230468751,62.60886230468751,Leave_One_experiments/all_year_offline_schedule_search/daily_outputs/LCA/LCA_2021_LCA2021_normal_grid_S0013_daily.csv
LCA,LCA,Luancheng,2021,Leave_One_experiments\wth_generated_qc\LCA\LCA2021.WTH,wet_year;nitrogen_stress_year;low_response_year,wet,LCA2021_normal_grid_S0013,irrigation_positive_candidate,2021-09-04,247,87,82,"{""sim_day"": 87.0, ""doy"": 247.0, ""topwt"": 17480.242919921875, ""grnwt"": 9012.938232421877, ""xlai"": 2.4266233444213867, ""totir"": 30.0, ""tofer"": NaN, ""swfac"": 0.0, ""nstres"": 0.187912106513977}",0.0,0.187912106513977,17480.242919921875,9012.938232421877,2.4266233444213867,30.0,,0.0,0.0,30.0,150.0,50.60886230468751,62.60886230468751,Leave_One_experiments/all_year_offline_schedule_search/daily_outputs/LCA/LCA_2021_LCA2021_normal_grid_S0013_daily.csv
LCA,LCA,Luancheng,2021,Leave_One_experiments\wth_generated_qc\LCA\LCA2021.WTH,wet_year;nitrogen_stress_year;low_response_year,wet,LCA2021_normal_grid_S0013,irrigation_positive_candidate,2021-09-05,248,88,83,"{""sim_day"": 88.0, ""doy"": 248.0, ""topwt"": 17652.818603515625, ""grnwt"": 9185.513916015623, ""xlai"": 2.330162286758423, ""totir"": 30.0, ""tofer"": NaN, ""swfac"": 0.0, ""nstres"": 0.1885609626770019}",0.0,0.1885609626770019,17652.818603515625,9185.513916015623,2.330162286758423,30.0,,0.0,0.0,30.0,150.0,50.60886230468751,62.60886230468751,Leave_One_experiments/all_year_offline_schedule_search/daily_outputs/LCA/LCA_2021_LCA2021_normal_grid_S0013_daily.csv
LCA,LCA,Luancheng,2021,Leave_One_experiments\wth_generated_qc\LCA\LCA2021.WTH,wet_year;nitrogen_stress_year;low_response_year,wet,LCA2021_normal_grid_S0013,irrigation_positive_candidate,2021-09-06,249,89,84,"{""sim_day"": 89.0, ""doy"": 249.0, ""topwt"": 17977.63427734375, ""grnwt"": 9510.328979492188, ""xlai"": 2.2312910556793213, ""totir"": 30.0, ""tofer"": NaN, ""swfac"": 0.0, ""nstres"": 0.2011601328849792}",0.0,0.2011601328849792,17977.63427734375,9510.328979492188,2.2312910556793213,30.0,,0.0,0.0,30.0,150.0,50.60886230468751,62.60886230468751,Leave_One_experiments/all_year_offline_schedule_search/daily_outputs/LCA/LCA_2021_LCA2021_normal_grid_S0013_daily.csv
LCA,LCA,Luancheng,2021,Leave_One_experiments\wth_generated_qc\LCA\LCA2021.WTH,wet_year;nitrogen_stress_year;low_response_year,wet,LCA2021_normal_grid_S0013,irrigation_positive_candidate,2021-09-07,250,90,85,"{""sim_day"": 90.0, ""doy"": 250.0, ""topwt"": 18245.57006835937, ""grnwt"": 9778.26416015625, ""xlai"": 2.1205050945281982, ""totir"": 30.0, ""tofer"": NaN, ""swfac"": 0.0, ""nstres"": 0.3057476282119751}",0.0,0.3057476282119751,18245.57006835937,9778.26416015625,2.1205050945281982,30.0,,0.0,0.0,30.0,150.0,50.60886230468751,62.60886230468751,Leave_One_experiments/all_year_offline_schedule_search/daily_outputs/LCA/LCA_2021_LCA2021_normal_grid_S0013_daily.csv
LCA,LCA,Luancheng,2021,Leave_One_experiments\wth_generated_qc\LCA\LCA2021.WTH,wet_year;nitrogen_stress_year;low_response_year,wet,LCA2021_normal_grid_S0013,irrigation_positive_candidate,2021-09-08,251,91,86,"{""sim_day"": 91.0, ""doy"": 251.0, ""topwt"": 18465.44311523437, ""grnwt"": 9998.137817382812, ""xlai"": 1.9907653331756592, ""totir"": 30.0, ""tofer"": NaN, ""swfac"": 0.0, ""nstres"": 0.3766576051712036}",0.0,0.3766576051712036,18465.44311523437,9998.137817382812,1.9907653331756592,30.0,,0.0,0.0,30.0,150.0,50.60886230468751,62.60886230468751,Leave_One_experiments/all_year_offline_schedule_search/daily_outputs/LCA/LCA_2021_LCA2021_normal_grid_S0013_daily.csv
LCA,LCA,Luancheng,2021,Leave_One_experiments\wth_generated_qc\LCA\LCA2021.WTH,wet_year;nitrogen_stress_year;low_response_year,wet,LCA2021_normal_grid_S0013,irrigation_positive_candidate,2021-09-09,252,92,87,"{""sim_day"": 92.0, ""doy"": 252.0, ""topwt"": 18617.840576171875, ""grnwt"": 10150.535278320312, ""xlai"": 1.8457087278366089, ""totir"": 30.0, ""tofer"": NaN, ""swfac"": 0.0, ""nstres"": 0.4220018982887268}",0.0,0.4220018982887268,18617.840576171875,10150.535278320312,1.8457087278366089,30.0,,0.0,0.0,30.0,150.0,50.60886230468751,62.60886230468751,Leave_One_experiments/all_year_offline_schedule_search/daily_outputs/LCA/LCA_2021_LCA2021_normal_grid_S0013_daily.csv
LCA,LCA,Luancheng,2021,Leave_One_experiments\wth_generated_qc\LCA\LCA2021.WTH,wet_year;nitrogen_stress_year;low_response_year,wet,LCA2021_normal_grid_S0013,irrigation_positive_candidate,2021-09-10,253,93,88,"{""sim_day"": 93.0, ""doy"": 253.0, ""topwt"": 18778.19091796875, ""grnwt"": 10310.88623046875, ""xlai"": 1.6833561658859253, ""totir"": 30.0, ""tofer"": NaN, ""swfac"": 0.0, ""nstres"": 0.4354439973831177}",0.0,0.4354439973831177,18778.19091796875,10310.88623046875,1.6833561658859253,30.0,,0.0,0.0,30.0,150.0,50.60886230468751,62.60886230468751,Leave_One_experiments/all_year_offline_schedule_search/daily_outputs/LCA/LCA_2021_LCA2021_normal_grid_S0013_daily.csv
LCA,LCA,Luancheng,2021,Leave_One_experiments\wth_generated_qc\LCA\LCA2021.WTH,wet_year;nitrogen_stress_year;low_response_year,wet,LCA2021_normal_grid_S0013,irrigation_positive_candidate,2021-09-11,254,94,89,"{""sim_day"": 94.0, ""doy"": 254.0, ""topwt"": 18778.19091796875, ""grnwt"": 10310.88623046875, ""xlai"": 1.6833561658859253, ""totir"": 30.0, ""tofer"": NaN, ""swfac"": 0.0, ""nstres"": 0.4480721950531006}",0.0,0.4480721950531006,18778.19091796875,10310.88623046875,1.6833561658859253,30.0,,0.0,0.0,30.0,150.0,50.60886230468751,62.60886230468751,Leave_One_experiments/all_year_offline_schedule_search/daily_outputs/LCA/LCA_2021_LCA2021_normal_grid_S0013_daily.csv
LCA,LCA,Luancheng,2021,Leave_One_experiments\wth_generated_qc\LCA\LCA2021.WTH,wet_year;nitrogen_stress_year;low_response_year,wet,LCA2021_normal_grid_S0013,irrigation_positive_candidate,2021-09-12,255,95,90,"{""sim_day"": 95.0, ""doy"": 255.0, ""topwt"": 18778.19091796875, ""grnwt"": 10310.88623046875, ""xlai"": 1.6833561658859253, ""totir"": 30.0, ""tofer"": NaN, ""swfac"": 0.0, ""nstres"": 0.4480721950531006}",0.0,0.4480721950531006,18778.19091796875,10310.88623046875,1.6833561658859253,30.0,,0.0,0.0,30.0,150.0,50.60886230468751,62.60886230468751,Leave_One_experiments/all_year_offline_schedule_search/daily_outputs/LCA/LCA_2021_LCA2021_normal_grid_S0013_daily.csv
LCA,LCA,Luancheng,2021,Leave_One_experiments\wth_generated_qc\LCA\LCA2021.WTH,wet_year;nitrogen_stress_year;low_response_year,wet,LCA2021_normal_grid_S0013,irrigation_positive_candidate,2021-09-13,256,96,91,"{""sim_day"": 96.0, ""doy"": 256.0, ""topwt"": 18778.19091796875, ""grnwt"": 10310.88623046875, ""xlai"": 1.6833561658859253, ""totir"": 30.0, ""tofer"": NaN, ""swfac"": 0.0, ""nstres"": 0.4480721950531006}",0.0,0.4480721950531006,18778.19091796875,10310.88623046875,1.6833561658859253,30.0,,0.0,0.0,30.0,150.0,50.60886230468751,62.60886230468751,Leave_One_experiments/all_year_offline_schedule_search/daily_outputs/LCA/LCA_2021_LCA2021_normal_grid_S0013_daily.csv
LCA,LCA,Luancheng,2021,Leave_One_experiments\wth_generated_qc\LCA\LCA2021.WTH,wet_year;nitrogen_stress_year;low_response_year,wet,LCA2021_normal_grid_S0010,low_input_within_10pct_yield,2021-06-15,166,1,1,"{""sim_day"": 1.0, ""doy"": 166.0, ""topwt"": 0.0, ""grnwt"": 0.0, ""xlai"": 0.0, ""totir"": 0.0, ""tofer"": NaN, ""swfac"": 0.0, ""nstres"": 0.0}",0.0,0.0,0.0,0.0,0.0,0.0,,0.0,50.0,0.0,150.0,65.65999755859376,65.65999755859376,Leave_One_experiments/all_year_offline_schedule_search/daily_outputs/LCA/LCA_2021_LCA2021_normal_grid_S0010_daily.csv
LCA,LCA,Luancheng,2021,Leave_One_experiments\wth_generated_qc\LCA\LCA2021.WTH,wet_year;nitrogen_stress_year;low_response_year,wet,LCA2021_normal_grid_S0010,low_input_within_10pct_yield,2021-06-16,167,2,2,"{""sim_day"": 2.0, ""doy"": 167.0, ""topwt"": 0.0, ""grnwt"": 0.0, ""xlai"": 0.0, ""totir"": 0.0, ""tofer"": NaN, ""swfac"": 0.0, ""nstres"": 0.0}",0.0,0.0,0.0,0.0,0.0,0.0,,0.0,0.0,0.0,150.0,65.65999755859376,65.65999755859376,Leave_One_experiments/all_year_offline_schedule_search/daily_outputs/LCA/LCA_2021_LCA2021_normal_grid_S0010_daily.csv
LCA,LCA,Luancheng,2021,Leave_One_experiments\wth_generated_qc\LCA\LCA2021.WTH,wet_year;nitrogen_stress_year;low_response_year,wet,LCA2021_normal_grid_S0010,low_input_within_10pct_yield,2021-06-17,168,3,3,"{""sim_day"": 3.0, ""doy"": 168.0, ""topwt"": 0.0, ""grnwt"": 0.0, ""xlai"": 0.0, ""totir"": 0.0, ""tofer"": NaN, ""swfac"": 0.0, ""nstres"": 0.0}",0.0,0.0,0.0,0.0,0.0,0.0,,0.0,0.0,0.0,150.0,65.65999755859376,65.65999755859376,Leave_One_experiments/all_year_offline_schedule_search/daily_outputs/LCA/LCA_2021_LCA2021_normal_grid_S0010_daily.csv
LCA,LCA,Luancheng,2021,Leave_One_experiments\wth_generated_qc\LCA\LCA2021.WTH,wet_year;nitrogen_stress_year;low_response_year,wet,LCA2021_normal_grid_S0010,low_input_within_10pct_yield,2021-06-18,169,4,4,"{""sim_day"": 4.0, ""doy"": 169.0, ""topwt"": 0.0, ""grnwt"": 0.0, ""xlai"": 0.0, ""totir"": 0.0, ""tofer"": NaN, ""swfac"": 0.0, ""nstres"": 0.0}",0.0,0.0,0.0,0.0,0.0,0.0,,0.0,0.0,0.0,150.0,65.65999755859376,65.65999755859376,Leave_One_experiments/all_year_offline_schedule_search/daily_outputs/LCA/LCA_2021_LCA2021_normal_grid_S0010_daily.csv
LCA,LCA,Luancheng,2021,Leave_One_experiments\wth_generated_qc\LCA\LCA2021.WTH,wet_year;nitrogen_stress_year;low_response_year,wet,LCA2021_normal_grid_S0010,low_input_within_10pct_yield,2021-06-19,170,5,5,"{""sim_day"": 5.0, ""doy"": 170.0, ""topwt"": 0.0, ""grnwt"": 0.0, ""xlai"": 0.0, ""totir"": 0.0, ""tofer"": NaN, ""swfac"": 0.0, ""nstres"": 0.0}",0.0,0.0,0.0,0.0,0.0,0.0,,0.0,0.0,0.0,150.0,65.65999755859376,65.65999755859376,Leave_One_experiments/all_year_offline_schedule_search/daily_outputs/LCA/LCA_2021_LCA2021_normal_grid_S0010_daily.csv
LCA,LCA,Luancheng,2021,Leave_One_experiments\wth_generated_qc\LCA\LCA2021.WTH,wet_year;nitrogen_stress_year;low_response_year,wet,LCA2021_normal_grid_S0010,low_input_within_10pct_yield,2021-06-15,166,6,1,"{""sim_day"": 6.0, ""doy"": 166.0, ""topwt"": 0.0, ""grnwt"": 0.0, ""xlai"": 0.0, ""totir"": 0.0, ""tofer"": NaN, ""swfac"": 0.0, ""nstres"": 0.0}",0.0,0.0,0.0,0.0,0.0,0.0,,0.0,0.0,0.0,150.0,65.65999755859376,65.65999755859376,Leave_One_experiments/all_year_offline_schedule_search/daily_outputs/LCA/LCA_2021_LCA2021_normal_grid_S0010_daily.csv
LCA,LCA,Luancheng,2021,Leave_One_experiments\wth_generated_qc\LCA\LCA2021.WTH,wet_year;nitrogen_stress_year;low_response_year,wet,LCA2021_normal_grid_S0010,low_input_within_10pct_yield,2021-06-16,167,7,2,"{""sim_day"": 7.0, ""doy"": 167.0, ""topwt"": 0.0, ""grnwt"": 0.0, ""xlai"": 0.0, ""totir"": 0.0, ""tofer"": NaN, ""swfac"": 0.0, ""nstres"": 0.0}",0.0,0.0,0.0,0.0,0.0,0.0,,0.0,0.0,0.0,150.0,65.65999755859376,65.65999755859376,Leave_One_experiments/all_year_offline_schedule_search/daily_outputs/LCA/LCA_2021_LCA2021_normal_grid_S0010_daily.csv
LCA,LCA,Luancheng,2021,Leave_One_experiments\wth_generated_qc\LCA\LCA2021.WTH,wet_year;nitrogen_stress_year;low_response_year,wet,LCA2021_normal_grid_S0010,low_input_within_10pct_yield,2021-06-17,168,8,3,"{""sim_day"": 8.0, ""doy"": 168.0, ""topwt"": 0.0, ""grnwt"": 0.0, ""xlai"": 0.0, ""totir"": 0.0, ""tofer"": NaN, ""swfac"": 0.0, ""nstres"": 0.0}",0.0,0.0,0.0,0.0,0.0,0.0,,0.0,0.0,0.0,150.0,65.65999755859376,65.65999755859376,Leave_One_experiments/all_year_offline_schedule_search/daily_outputs/LCA/LCA_2021_LCA2021_normal_grid_S0010_daily.csv
LCA,LCA,Luancheng,2021,Leave_One_experiments\wth_generated_qc\LCA\LCA2021.WTH,wet_year;nitrogen_stress_year;low_response_year,wet,LCA2021_normal_grid_S0010,low_input_within_10pct_yield,2021-06-18,169,9,4,"{""sim_day"": 9.0, ""doy"": 169.0, ""topwt"": 0.0, ""grnwt"": 0.0, ""xlai"": 0.0, ""totir"": 0.0, ""tofer"": NaN, ""swfac"": 0.0, ""nstres"": 0.0}",0.0,0.0,0.0,0.0,0.0,0.0,,0.0,0.0,0.0,150.0,65.65999755859376,65.65999755859376,Leave_One_experiments/all_year_offline_schedule_search/daily_outputs/LCA/LCA_2021_LCA2021_normal_grid_S0010_daily.csv
LCA,LCA,Luancheng,2021,Leave_One_experiments\wth_generated_qc\LCA\LCA2021.WTH,wet_year;nitrogen_stress_year;low_response_year,wet,LCA2021_normal_grid_S0010,low_input_within_10pct_yield,2021-06-19,170,10,5,"{""sim_day"": 10.0, ""doy"": 170.0, ""topwt"": 23.600001335144043, ""grnwt"": 0.0, ""xlai"": 0.0059677395038306, ""totir"": 0.0, ""tofer"": NaN, ""swfac"": 0.0, ""nstres"": 0.0121910572052001}",0.0,0.0121910572052001,23.600001335144043,0.0,0.0059677395038306,0.0,,0.0,0.0,0.0,150.0,65.65999755859376,65.65999755859376,Leave_One_experiments/all_year_offline_schedule_search/daily_outputs/LCA/LCA_2021_LCA2021_normal_grid_S0010_daily.csv
LCA,LCA,Luancheng,2021,Leave_One_experiments\wth_generated_qc\LCA\LCA2021.WTH,wet_year;nitrogen_stress_year;low_response_year,wet,LCA2021_normal_grid_S0010,low_input_within_10pct_yield,2021-06-20,171,11,6,"{""sim_day"": 11.0, ""doy"": 171.0, ""topwt"": 23.600001335144043, ""grnwt"": 0.0, ""xlai"": 0.0122181307524442, ""totir"": 0.0, ""tofer"": NaN, ""swfac"": 0.0, ""nstres"": 0.0065466165542602}",0.0,0.0065466165542602,23.600001335144043,0.0,0.0122181307524442,0.0,,0.0,0.0,0.0,150.0,65.65999755859376,65.65999755859376,Leave_One_experiments/all_year_offline_schedule_search/daily_outputs/LCA/LCA_2021_LCA2021_normal_grid_S0010_daily.csv
LCA,LCA,Luancheng,2021,Leave_One_experiments\wth_generated_qc\LCA\LCA2021.WTH,wet_year;nitrogen_stress_year;low_response_year,wet,LCA2021_normal_grid_S0010,low_input_within_10pct_yield,2021-06-21,172,12,7,"{""sim_day"": 12.0, ""doy"": 172.0, ""topwt"": 23.600001335144043, ""grnwt"": 0.0, ""xlai"": 0.0333492867648601, ""totir"": 0.0, ""tofer"": NaN, ""swfac"": 0.0, ""nstres"": 0.0}",0.0,0.0,23.600001335144043,0.0,0.0333492867648601,0.0,,0.0,0.0,0.0,150.0,65.65999755859376,65.65999755859376,Leave_One_experiments/all_year_offline_schedule_search/daily_outputs/LCA/LCA_2021_LCA2021_normal_grid_S0010_daily.csv
LCA,LCA,Luancheng,2021,Leave_One_experiments\wth_generated_qc\LCA\LCA2021.WTH,wet_year;nitrogen_stress_year;low_response_year,wet,LCA2021_normal_grid_S0010,low_input_within_10pct_yield,2021-06-22,173,13,8,"{""sim_day"": 13.0, ""doy"": 173.0, ""topwt"": 29.884769916534424, ""grnwt"": 0.0, ""xlai"": 0.057041723281145, ""totir"": 0.0, ""tofer"": NaN, ""swfac"": 0.0, ""nstres"": 0.0}",0.0,0.0,29.884769916534424,0.0,0.057041723281145,0.0,,0.0,0.0,0.0,150.0,65.65999755859376,65.65999755859376,Leave_One_experiments/all_year_offline_schedule_search/daily_outputs/LCA/LCA_2021_LCA2021_normal_grid_S0010_daily.csv
LCA,LCA,Luancheng,2021,Leave_One_experiments\wth_generated_qc\LCA\LCA2021.WTH,wet_year;nitrogen_stress_year;low_response_year,wet,LCA2021_normal_grid_S0010,low_input_within_10pct_yield,2021-06-23,174,14,9,"{""sim_day"": 14.0, ""doy"": 174.0, ""topwt"": 41.67731761932373, ""grnwt"": 0.0, ""xlai"": 0.0851109102368354, ""totir"": 0.0, ""tofer"": NaN, ""swfac"": 0.0, ""nstres"": 0.0}",0.0,0.0,41.67731761932373,0.0,0.0851109102368354,0.0,,0.0,0.0,0.0,150.0,65.65999755859376,65.65999755859376,Leave_One_experiments/all_year_offline_schedule_search/daily_outputs/LCA/LCA_2021_LCA2021_normal_grid_S0010_daily.csv
LCA,LCA,Luancheng,2021,Leave_One_experiments\wth_generated_qc\LCA\LCA2021.WTH,wet_year;nitrogen_stress_year;low_response_year,wet,LCA2021_normal_grid_S0010,low_input_within_10pct_yield,2021-06-24,175,15,10,"{""sim_day"": 15.0, ""doy"": 175.0, ""topwt"": 57.81259059906006, ""grnwt"": 0.0, ""xlai"": 0.120040938258171, ""totir"": 0.0, ""tofer"": NaN, ""swfac"": 0.0, ""nstres"": 0.0}",0.0,0.0,57.81259059906006,0.0,0.120040938258171,0.0,,0.0,0.0,0.0,150.0,65.65999755859376,65.65999755859376,Leave_One_experiments/all_year_offline_schedule_search/daily_outputs/LCA/LCA_2021_LCA2021_normal_grid_S0010_daily.csv
LCA,LCA,Luancheng,2021,Leave_One_experiments\wth_generated_qc\LCA\LCA2021.WTH,wet_year;nitrogen_stress_year;low_response_year,wet,LCA2021_normal_grid_S0010,low_input_within_10pct_yield,2021-06-25,176,16,11,"{""sim_day"": 16.0, ""doy"": 176.0, ""topwt"": 82.52166748046875, ""grnwt"": 0.0, ""xlai"": 0.168981984257698, ""totir"": 0.0, ""tofer"": NaN, ""swfac"": 0.0, ""nstres"": 0.0}",0.0,0.0,82.52166748046875,0.0,0.168981984257698,0.0,,0.0,0.0,0.0,150.0,65.65999755859376,65.65999755859376,Leave_One_experiments/all_year_offline_schedule_search/daily_outputs/LCA/LCA_2021_LCA2021_normal_grid_S0010_daily.csv
LCA,LCA,Luancheng,2021,Leave_One_experiments\wth_generated_qc\LCA\LCA2021.WTH,wet_year;nitrogen_stress_year;low_response_year,wet,LCA2021_normal_grid_S0010,low_input_within_10pct_yield,2021-06-26,177,17,12,"{""sim_day"": 17.0, ""doy"": 177.0, ""topwt"": 111.42297744750977, ""grnwt"": 0.0, ""xlai"": 0.2218737006187439, ""totir"": 0.0, ""tofer"": NaN, ""swfac"": 0.0, ""nstres"": 0.0}",0.0,0.0,111.42297744750977,0.0,0.2218737006187439,0.0,,0.0,0.0,0.0,150.0,65.65999755859376,65.65999755859376,Leave_One_experiments/all_year_offline_schedule_search/daily_outputs/LCA/LCA_2021_LCA2021_normal_grid_S0010_daily.csv
LCA,LCA,Luancheng,2021,Leave_One_experiments\wth_generated_qc\LCA\LCA2021.WTH,wet_year;nitrogen_stress_year;low_response_year,wet,LCA2021_normal_grid_S0010,low_input_within_10pct_yield,2021-06-27,178,18,13,"{""sim_day"": 18.0, ""doy"": 178.0, ""topwt"": 149.95773315429688, ""grnwt"": 0.0, ""xlai"": 0.2876603305339813, ""totir"": 0.0, ""tofer"": NaN, ""swfac"": 0.0, ""nstres"": 0.0}",0.0,0.0,149.95773315429688,0.0,0.2876603305339813,0.0,,0.0,0.0,0.0,150.0,65.65999755859376,65.65999755859376,Leave_One_experiments/all_year_offline_schedule_search/daily_outputs/LCA/LCA_2021_LCA2021_normal_grid_S0010_daily.csv
LCA,LCA,Luancheng,2021,Leave_One_experiments\wth_generated_qc\LCA\LCA2021.WTH,wet_year;nitrogen_stress_year;low_response_year,wet,LCA2021_normal_grid_S0010,low_input_within_10pct_yield,2021-06-28,179,19,14,"{""sim_day"": 19.0, ""doy"": 179.0, ""topwt"": 190.78697204589844, ""grnwt"": 0.0, ""xlai"": 0.3773365914821625, ""totir"": 0.0, ""tofer"": NaN, ""swfac"": 0.0, ""nstres"": 0.0}",0.0,0.0,190.78697204589844,0.0,0.3773365914821625,0.0,,0.0,0.0,0.0,150.0,65.65999755859376,65.65999755859376,Leave_One_experiments/all_year_offline_schedule_search/daily_outputs/LCA/LCA_2021_LCA2021_normal_grid_S0010_daily.csv
LCA,LCA,Luancheng,2021,Leave_One_experiments\wth_generated_qc\LCA\LCA2021.WTH,wet_year;nitrogen_stress_year;low_response_year,wet,LCA2021_normal_grid_S0010,low_input_within_10pct_yield,2021-06-29,180,20,15,"{""sim_day"": 20.0, ""doy"": 180.0, ""topwt"": 250.0927734375, ""grnwt"": 0.0, ""xlai"": 0.4735099971294403, ""totir"": 0.0, ""tofer"": NaN, ""swfac"": 0.0, ""nstres"": 0.0085428357124328}",0.0,0.0085428357124328,250.0927734375,0.0,0.4735099971294403,0.0,,0.0,0.0,0.0,150.0,65.65999755859376,65.65999755859376,Leave_One_experiments/all_year_offline_schedule_search/daily_outputs/LCA/LCA_2021_LCA2021_normal_grid_S0010_daily.csv
LCA,LCA,Luancheng,2021,Leave_One_experiments\wth_generated_qc\LCA\LCA2021.WTH,wet_year;nitrogen_stress_year;low_response_year,wet,LCA2021_normal_grid_S0010,low_input_within_10pct_yield,2021-06-30,181,21,16,"{""sim_day"": 21.0, ""doy"": 181.0, ""topwt"": 303.4108161926269, ""grnwt"": 0.0, ""xlai"": 0.555514931678772, ""totir"": 0.0, ""tofer"": NaN, ""swfac"": 0.0, ""nstres"": 0.0}",0.0,0.0,303.4108161926269,0.0,0.555514931678772,0.0,,0.0,0.0,0.0,150.0,65.65999755859376,65.65999755859376,Leave_One_experiments/all_year_offline_schedule_search/daily_outputs/LCA/LCA_2021_LCA2021_normal_grid_S0010_daily.csv
LCA,LCA,Luancheng,2021,Leave_One_experiments\wth_generated_qc\LCA\LCA2021.WTH,wet_year;nitrogen_stress_year;low_response_year,wet,LCA2021_normal_grid_S0010,low_input_within_10pct_yield,2021-07-01,182,22,17,"{""sim_day"": 22.0, ""doy"": 182.0, ""topwt"": 372.90794372558594, ""grnwt"": 0.0, ""xlai"": 0.6580381393432617, ""totir"": 0.0, ""tofer"": NaN, ""swfac"": 0.0, ""nstres"": 0.0}",0.0,0.0,372.90794372558594,0.0,0.6580381393432617,0.0,,0.0,0.0,0.0,150.0,65.65999755859376,65.65999755859376,Leave_One_experiments/all_year_offline_schedule_search/daily_outputs/LCA/LCA_2021_LCA2021_normal_grid_S0010_daily.csv
LCA,LCA,Luancheng,2021,Leave_One_experiments\wth_generated_qc\LCA\LCA2021.WTH,wet_year;nitrogen_stress_year;low_response_year,wet,LCA2021_normal_grid_S0010,low_input_within_10pct_yield,2021-07-02,183,23,18,"{""sim_day"": 23.0, ""doy"": 183.0, ""topwt"": 457.0256805419922, ""grnwt"": 0.0, ""xlai"": 0.7767034769058228, ""totir"": 0.0, ""tofer"": NaN, ""swfac"": 0.0, ""nstres"": 0.0}",0.0,0.0,457.0256805419922,0.0,0.7767034769058228,0.0,,0.0,0.0,0.0,150.0,65.65999755859376,65.65999755859376,Leave_One_experiments/all_year_offline_schedule_search/daily_outputs/LCA/LCA_2021_LCA2021_normal_grid_S0010_daily.csv
LCA,LCA,Luancheng,2021,Leave_One_experiments\wth_generated_qc\LCA\LCA2021.WTH,wet_year;nitrogen_stress_year;low_response_year,wet,LCA2021_normal_grid_S0010,low_input_within_10pct_yield,2021-07-03,184,24,19,"{""sim_day"": 24.0, ""doy"": 184.0, ""topwt"": 577.9928588867188, ""grnwt"": 0.0, ""xlai"": 0.9393734335899352, ""totir"": 0.0, ""tofer"": NaN, ""swfac"": 0.0, ""nstres"": 0.0}",0.0,0.0,577.9928588867188,0.0,0.9393734335899352,0.0,,0.0,0.0,0.0,150.0,65.65999755859376,65.65999755859376,Leave_One_experiments/all_year_offline_schedule_search/daily_outputs/LCA/LCA_2021_LCA2021_normal_grid_S0010_daily.csv
LCA,LCA,Luancheng,2021,Leave_One_experiments\wth_generated_qc\LCA\LCA2021.WTH,wet_year;nitrogen_stress_year;low_response_year,wet,LCA2021_normal_grid_S0010,low_input_within_10pct_yield,2021-07-04,185,25,20,"{""sim_day"": 25.0, ""doy"": 185.0, ""topwt"": 713.0747985839844, ""grnwt"": 0.0, ""xlai"": 1.11139178276062, ""totir"": 0.0, ""tofer"": NaN, ""swfac"": 0.0, ""nstres"": 0.0}",0.0,0.0,713.0747985839844,0.0,1.11139178276062,0.0,,0.0,0.0,0.0,150.0,65.65999755859376,65.65999755859376,Leave_One_experiments/all_year_offline_schedule_search/daily_outputs/LCA/LCA_2021_LCA2021_normal_grid_S0010_daily.csv
LCA,LCA,Luancheng,2021,Leave_One_experiments\wth_generated_qc\LCA\LCA2021.WTH,wet_year;nitrogen_stress_year;low_response_year,wet,LCA2021_normal_grid_S0010,low_input_within_10pct_yield,2021-07-05,186,26,21,"{""sim_day"": 26.0, ""doy"": 186.0, ""topwt"": 870.7486724853516, ""grnwt"": 0.0, ""xlai"": 1.3075119256973269, ""totir"": 0.0, ""tofer"": NaN, ""swfac"": 0.0, ""nstres"": 0.0}",0.0,0.0,870.7486724853516,0.0,1.3075119256973269,0.0,,0.0,0.0,0.0,150.0,65.65999755859376,65.65999755859376,Leave_One_experiments/all_year_offline_schedule_search/daily_outputs/LCA/LCA_2021_LCA2021_normal_grid_S0010_daily.csv
LCA,LCA,Luancheng,2021,Leave_One_experiments\wth_generated_qc\LCA\LCA2021.WTH,wet_year;nitrogen_stress_year;low_response_year,wet,LCA2021_normal_grid_S0010,low_input_within_10pct_yield,2021-07-06,187,27,22,"{""sim_day"": 27.0, ""doy"": 187.0, ""topwt"": 1016.8398284912108, ""grnwt"": 0.0, ""xlai"": 1.4781982898712158, ""totir"": 0.0, ""tofer"": NaN, ""swfac"": 0.0, ""nstres"": 0.0}",0.0,0.0,1016.8398284912108,0.0,1.4781982898712158,0.0,,0.0,0.0,0.0,150.0,65.65999755859376,65.65999755859376,Leave_One_experiments/all_year_offline_schedule_search/daily_outputs/LCA/LCA_2021_LCA2021_normal_grid_S0010_daily.csv
LCA,LCA,Luancheng,2021,Leave_One_experiments\wth_generated_qc\LCA\LCA2021.WTH,wet_year;nitrogen_stress_year;low_response_year,wet,LCA2021_normal_grid_S0010,low_input_within_10pct_yield,2021-07-07,188,28,23,"{""sim_day"": 28.0, ""doy"": 188.0, ""topwt"": 1193.275146484375, ""grnwt"": 0.0, ""xlai"": 1.6707565784454346, ""totir"": 0.0, ""tofer"": NaN, ""swfac"": 0.0, ""nstres"": 0.0}",0.0,0.0,1193.275146484375,0.0,1.6707565784454346,0.0,,0.0,0.0,0.0,150.0,65.65999755859376,65.65999755859376,Leave_One_experiments/all_year_offline_schedule_search/daily_outputs/LCA/LCA_2021_LCA2021_normal_grid_S0010_daily.csv
LCA,LCA,Luancheng,2021,Leave_One_experiments\wth_generated_qc\LCA\LCA2021.WTH,wet_year;nitrogen_stress_year;low_response_year,wet,LCA2021_normal_grid_S0010,low_input_within_10pct_yield,2021-07-08,189,29,24,"{""sim_day"": 29.0, ""doy"": 189.0, ""topwt"": 1405.0599670410156, ""grnwt"": 0.0, ""xlai"": 1.883750319480896, ""totir"": 0.0, ""tofer"": NaN, ""swfac"": 0.0, ""nstres"": 0.0}",0.0,0.0,1405.0599670410156,0.0,1.883750319480896,0.0,,0.0,0.0,0.0,150.0,65.65999755859376,65.65999755859376,Leave_One_experiments/all_year_offline_schedule_search/daily_outputs/LCA/LCA_2021_LCA2021_normal_grid_S0010_daily.csv
LCA,LCA,Luancheng,2021,Leave_One_experiments\wth_generated_qc\LCA\LCA2021.WTH,wet_year;nitrogen_stress_year;low_response_year,wet,LCA2021_normal_grid_S0010,low_input_within_10pct_yield,2021-07-09,190,30,25,"{""sim_day"": 30.0, ""doy"": 190.0, ""topwt"": 1622.5885009765625, ""grnwt"": 0.0, ""xlai"": 2.08362340927124, ""totir"": 0.0, ""tofer"": NaN, ""swfac"": 0.0, ""nstres"": 0.0}",0.0,0.0,1622.5885009765625,0.0,2.08362340927124,0.0,,0.0,0.0,0.0,150.0,65.65999755859376,65.65999755859376,Leave_One_experiments/all_year_offline_schedule_search/daily_outputs/LCA/LCA_2021_LCA2021_normal_grid_S0010_daily.csv
LCA,LCA,Luancheng,2021,Leave_One_experiments\wth_generated_qc\LCA\LCA2021.WTH,wet_year;nitrogen_stress_year;low_response_year,wet,LCA2021_normal_grid_S0010,low_input_within_10pct_yield,2021-07-10,191,31,26,"{""sim_day"": 31.0, ""doy"": 191.0, ""topwt"": 1748.5284423828125, ""grnwt"": 0.0, ""xlai"": 2.1903364658355717, ""totir"": 0.0, ""tofer"": NaN, ""swfac"": 0.0, ""nstres"": 0.0}",0.0,0.0,1748.5284423828125,0.0,2.1903364658355717,0.0,,0.0,0.0,0.0,150.0,65.65999755859376,65.65999755859376,Leave_One_experiments/all_year_offline_schedule_search/daily_outputs/LCA/LCA_2021_LCA2021_normal_grid_S0010_daily.csv
LCA,LCA,Luancheng,2021,Leave_One_experiments\wth_generated_qc\LCA\LCA2021.WTH,wet_year;nitrogen_stress_year;low_response_year,wet,LCA2021_normal_grid_S0010,low_input_within_10pct_yield,2021-07-11,192,32,27,"{""sim_day"": 32.0, ""doy"": 192.0, ""topwt"": 1986.226959228516, ""grnwt"": 0.0, ""xlai"": 2.376378536224365, ""totir"": 0.0, ""tofer"": NaN, ""swfac"": 0.0, ""nstres"": 0.0}",0.0,0.0,1986.226959228516,0.0,2.376378536224365,0.0,,0.0,0.0,0.0,150.0,65.65999755859376,65.65999755859376,Leave_One_experiments/all_year_offline_schedule_search/daily_outputs/LCA/LCA_2021_LCA2021_normal_grid_S0010_daily.csv
LCA,LCA,Luancheng,2021,Leave_One_experiments\wth_generated_qc\LCA\LCA2021.WTH,wet_year;nitrogen_stress_year;low_response_year,wet,LCA2021_normal_grid_S0010,low_input_within_10pct_yield,2021-07-12,193,33,28,"{""sim_day"": 33.0, ""doy"": 193.0, ""topwt"": 2274.674224853516, ""grnwt"": 0.0, ""xlai"": 2.57901382446289, ""totir"": 0.0, ""tofer"": NaN, ""swfac"": 0.0, ""nstres"": 0.0079505443572998}",0.0,0.0079505443572998,2274.674224853516,0.0,2.57901382446289,0.0,,0.0,0.0,0.0,150.0,65.65999755859376,65.65999755859376,Leave_One_experiments/all_year_offline_schedule_search/daily_outputs/LCA/LCA_2021_LCA2021_normal_grid_S0010_daily.csv
LCA,LCA,Luancheng,2021,Leave_One_experiments\wth_generated_qc\LCA\LCA2021.WTH,wet_year;nitrogen_stress_year;low_response_year,wet,LCA2021_normal_grid_S0010,low_input_within_10pct_yield,2021-07-13,194,34,29,"{""sim_day"": 34.0, ""doy"": 194.0, ""topwt"": 2570.698547363281, ""grnwt"": 0.0, ""xlai"": 2.7522318363189697, ""totir"": 0.0, ""tofer"": NaN, ""swfac"": 0.0, ""nstres"": 0.049905240535736}",0.0,0.049905240535736,2570.698547363281,0.0,2.7522318363189697,0.0,,0.0,0.0,0.0,150.0,65.65999755859376,65.65999755859376,Leave_One_experiments/all_year_offline_schedule_search/daily_outputs/LCA/LCA_2021_LCA2021_normal_grid_S0010_daily.csv
LCA,LCA,Luancheng,2021,Leave_One_experiments\wth_generated_qc\LCA\LCA2021.WTH,wet_year;nitrogen_stress_year;low_response_year,wet,LCA2021_normal_grid_S0010,low_input_within_10pct_yield,2021-07-14,195,35,30,"{""sim_day"": 35.0, ""doy"": 195.0, ""topwt"": 2858.6083984375, ""grnwt"": 0.0, ""xlai"": 2.8853635787963867, ""totir"": 0.0, ""tofer"": NaN, ""swfac"": 0.0, ""nstres"": 0.0945228338241577}",0.0,0.0945228338241577,2858.6083984375,0.0,2.8853635787963867,0.0,,0.0,50.0,0.0,150.0,65.65999755859376,65.65999755859376,Leave_One_experiments/all_year_offline_schedule_search/daily_outputs/LCA/LCA_2021_LCA2021_normal_grid_S0010_daily.csv
LCA,LCA,Luancheng,2021,Leave_One_experiments\wth_generated_qc\LCA\LCA2021.WTH,wet_year;nitrogen_stress_year;low_response_year,wet,LCA2021_normal_grid_S0010,low_input_within_10pct_yield,2021-07-15,196,36,31,"{""sim_day"": 36.0, ""doy"": 196.0, ""topwt"": 3136.4907836914062, ""grnwt"": 0.0, ""xlai"": 3.029948711395264, ""totir"": 0.0, ""tofer"": NaN, ""swfac"": 0.0, ""nstres"": 0.0070527791976928}",0.0,0.0070527791976928,3136.4907836914062,0.0,3.029948711395264,0.0,,0.0,0.0,0.0,150.0,65.65999755859376,65.65999755859376,Leave_One_experiments/all_year_offline_schedule_search/daily_outputs/LCA/LCA_2021_LCA2021_normal_grid_S0010_daily.csv
LCA,LCA,Luancheng,2021,Leave_One_experiments\wth_generated_qc\LCA\LCA2021.WTH,wet_year;nitrogen_stress_year;low_response_year,wet,LCA2021_normal_grid_S0010,low_input_within_10pct_yield,2021-07-16,197,37,32,"{""sim_day"": 37.0, ""doy"": 197.0, ""topwt"": 3277.3562622070312, ""grnwt"": 0.0, ""xlai"": 3.098473072052002, ""totir"": 0.0, ""tofer"": NaN, ""swfac"": 0.0, ""nstres"": 0.0}",0.0,0.0,3277.3562622070312,0.0,3.098473072052002,0.0,,0.0,0.0,0.0,150.0,65.65999755859376,65.65999755859376,Leave_One_experiments/all_year_offline_schedule_search/daily_outputs/LCA/LCA_2021_LCA2021_normal_grid_S0010_daily.csv
LCA,LCA,Luancheng,2021,Leave_One_experiments\wth_generated_qc\LCA\LCA2021.WTH,wet_year;nitrogen_stress_year;low_response_year,wet,LCA2021_normal_grid_S0010,low_input_within_10pct_yield,2021-07-17,198,38,33,"{""sim_day"": 38.0, ""doy"": 198.0, ""topwt"": 3381.3961791992188, ""grnwt"": 0.0, ""xlai"": 3.145578384399414, ""totir"": 0.0, ""tofer"": NaN, ""swfac"": 0.0, ""nstres"": 0.0}",0.0,0.0,3381.3961791992188,0.0,3.145578384399414,0.0,,0.0,0.0,0.0,150.0,65.65999755859376,65.65999755859376,Leave_One_experiments/all_year_offline_schedule_search/daily_outputs/LCA/LCA_2021_LCA2021_normal_grid_S0010_daily.csv
LCA,LCA,Luancheng,2021,Leave_One_experiments\wth_generated_qc\LCA\LCA2021.WTH,wet_year;nitrogen_stress_year;low_response_year,wet,LCA2021_normal_grid_S0010,low_input_within_10pct_yield,2021-07-18,199,39,34,"{""sim_day"": 39.0, ""doy"": 199.0, ""topwt"": 3639.073181152344, ""grnwt"": 0.0, ""xlai"": 3.253614902496338, ""totir"": 0.0, ""tofer"": NaN, ""swfac"": 0.0, ""nstres"": 0.0}",0.0,0.0,3639.073181152344,0.0,3.253614902496338,0.0,,0.0,0.0,0.0,150.0,65.65999755859376,65.65999755859376,Leave_One_experiments/all_year_offline_schedule_search/daily_outputs/LCA/LCA_2021_LCA2021_normal_grid_S0010_daily.csv
LCA,LCA,Luancheng,2021,Leave_One_experiments\wth_generated_qc\LCA\LCA2021.WTH,wet_year;nitrogen_stress_year;low_response_year,wet,LCA2021_normal_grid_S0010,low_input_within_10pct_yield,2021-07-19,200,40,35,"{""sim_day"": 40.0, ""doy"": 200.0, ""topwt"": 3860.8425903320312, ""grnwt"": 0.0, ""xlai"": 3.384841203689575, ""totir"": 0.0, ""tofer"": NaN, ""swfac"": 0.0, ""nstres"": 0.0}",0.0,0.0,3860.8425903320312,0.0,3.384841203689575,0.0,,0.0,0.0,0.0,150.0,65.65999755859376,65.65999755859376,Leave_One_experiments/all_year_offline_schedule_search/daily_outputs/LCA/LCA_2021_LCA2021_normal_grid_S0010_daily.csv
LCA,LCA,Luancheng,2021,Leave_One_experiments\wth_generated_qc\LCA\LCA2021.WTH,wet_year;nitrogen_stress_year;low_response_year,wet,LCA2021_normal_grid_S0010,low_input_within_10pct_yield,2021-07-20,201,41,36,"{""sim_day"": 41.0, ""doy"": 201.0, ""topwt"": 3907.630920410156, ""grnwt"": 0.0, ""xlai"": 3.405245542526245, ""totir"": 0.0, ""tofer"": NaN, ""swfac"": 0.0, ""nstres"": 0.0}",0.0,0.0,3907.630920410156,0.0,3.405245542526245,0.0,,0.0,0.0,0.0,150.0,65.65999755859376,65.65999755859376,Leave_One_experiments/all_year_offline_schedule_search/daily_outputs/LCA/LCA_2021_LCA2021_normal_grid_S0010_daily.csv
LCA,LCA,Luancheng,2021,Leave_One_experiments\wth_generated_qc\LCA\LCA2021.WTH,wet_year;nitrogen_stress_year;low_response_year,wet,LCA2021_normal_grid_S0010,low_input_within_10pct_yield,2021-07-21,202,42,37,"{""sim_day"": 42.0, ""doy"": 202.0, ""topwt"": 3994.894104003906, ""grnwt"": 0.0, ""xlai"": 3.4379050731658936, ""totir"": 0.0, ""tofer"": NaN, ""swfac"": 0.0, ""nstres"": 0.0}",0.0,0.0,3994.894104003906,0.0,3.4379050731658936,0.0,,0.0,0.0,0.0,150.0,65.65999755859376,65.65999755859376,Leave_One_experiments/all_year_offline_schedule_search/daily_outputs/LCA/LCA_2021_LCA2021_normal_grid_S0010_daily.csv
LCA,LCA,Luancheng,2021,Leave_One_experiments\wth_generated_qc\LCA\LCA2021.WTH,wet_year;nitrogen_stress_year;low_response_year,wet,LCA2021_normal_grid_S0010,low_input_within_10pct_yield,2021-07-22,203,43,38,"{""sim_day"": 43.0, ""doy"": 203.0, ""topwt"": 4291.904296875, ""grnwt"": 0.0, ""xlai"": 3.536255359649658, ""totir"": 0.0, ""tofer"": NaN, ""swfac"": 0.0, ""nstres"": 0.0}",0.0,0.0,4291.904296875,0.0,3.536255359649658,0.0,,0.0,0.0,0.0,150.0,65.65999755859376,65.65999755859376,Leave_One_experiments/all_year_offline_schedule_search/daily_outputs/LCA/LCA_2021_LCA2021_normal_grid_S0010_daily.csv
LCA,LCA,Luancheng,2021,Leave_One_experiments\wth_generated_qc\LCA\LCA2021.WTH,wet_year;nitrogen_stress_year;low_response_year,wet,LCA2021_normal_grid_S0010,low_input_within_10pct_yield,2021-07-23,204,44,39,"{""sim_day"": 44.0, ""doy"": 204.0, ""topwt"": 4715.206604003906, ""grnwt"": 0.0, ""xlai"": 3.662833452224731, ""totir"": 0.0, ""tofer"": NaN, ""swfac"": 0.0, ""nstres"": 0.0}",0.0,0.0,4715.206604003906,0.0,3.662833452224731,0.0,,0.0,0.0,0.0,150.0,65.65999755859376,65.65999755859376,Leave_One_experiments/all_year_offline_schedule_search/daily_outputs/LCA/LCA_2021_LCA2021_normal_grid_S0010_daily.csv
LCA,LCA,Luancheng,2021,Leave_One_experiments\wth_generated_qc\LCA\LCA2021.WTH,wet_year;nitrogen_stress_year;low_response_year,wet,LCA2021_normal_grid_S0010,low_input_within_10pct_yield,2021-07-24,205,45,40,"{""sim_day"": 45.0, ""doy"": 205.0, ""topwt"": 5151.383666992188, ""grnwt"": 0.0, ""xlai"": 3.782478094100952, ""totir"": 0.0, ""tofer"": NaN, ""swfac"": 0.0, ""nstres"": 0.0}",0.0,0.0,5151.383666992188,0.0,3.782478094100952,0.0,,0.0,0.0,0.0,150.0,65.65999755859376,65.65999755859376,Leave_One_experiments/all_year_offline_schedule_search/daily_outputs/LCA/LCA_2021_LCA2021_normal_grid_S0010_daily.csv
LCA,LCA,Luancheng,2021,Leave_One_experiments\wth_generated_qc\LCA\LCA2021.WTH,wet_year;nitrogen_stress_year;low_response_year,wet,LCA2021_normal_grid_S0010,low_input_within_10pct_yield,2021-07-25,206,46,41,"{""sim_day"": 46.0, ""doy"": 206.0, ""topwt"": 5542.283935546875, ""grnwt"": 0.0, ""xlai"": 3.8726999759674072, ""totir"": 0.0, ""tofer"": NaN, ""swfac"": 0.0, ""nstres"": 0.019173264503479}",0.0,0.019173264503479,5542.283935546875,0.0,3.8726999759674072,0.0,,0.0,0.0,0.0,150.0,65.65999755859376,65.65999755859376,Leave_One_experiments/all_year_offline_schedule_search/daily_outputs/LCA/LCA_2021_LCA2021_normal_grid_S0010_daily.csv
LCA,LCA,Luancheng,2021,Leave_One_experiments\wth_generated_qc\LCA\LCA2021.WTH,wet_year;nitrogen_stress_year;low_response_year,wet,LCA2021_normal_grid_S0010,low_input_within_10pct_yield,2021-07-26,207,47,42,"{""sim_day"": 47.0, ""doy"": 207.0, ""topwt"": 5791.749267578125, ""grnwt"": 0.0, ""xlai"": 3.913283109664917, ""totir"": 0.0, ""tofer"": NaN, ""swfac"": 0.0, ""nstres"": 0.0384988784790039}",0.0,0.0384988784790039,5791.749267578125,0.0,3.913283109664917,0.0,,0.0,0.0,0.0,150.0,65.65999755859376,65.65999755859376,Leave_One_experiments/all_year_offline_schedule_search/daily_outputs/LCA/LCA_2021_LCA2021_normal_grid_S0010_daily.csv
LCA,LCA,Luancheng,2021,Leave_One_experiments\wth_generated_qc\LCA\LCA2021.WTH,wet_year;nitrogen_stress_year;low_response_year,wet,LCA2021_normal_grid_S0010,low_input_within_10pct_yield,2021-07-27,208,48,43,"{""sim_day"": 48.0, ""doy"": 208.0, ""topwt"": 5919.7198486328125, ""grnwt"": 0.0, ""xlai"": 3.917725801467896, ""totir"": 0.0, ""tofer"": NaN, ""swfac"": 0.0, ""nstres"": 0.0524364709854126}",0.0,0.0524364709854126,5919.7198486328125,0.0,3.917725801467896,0.0,,0.0,0.0,0.0,150.0,65.65999755859376,65.65999755859376,Leave_One_experiments/all_year_offline_schedule_search/daily_outputs/LCA/LCA_2021_LCA2021_normal_grid_S0010_daily.csv
LCA,LCA,Luancheng,2021,Leave_One_experiments\wth_generated_qc\LCA\LCA2021.WTH,wet_year;nitrogen_stress_year;low_response_year,wet,LCA2021_normal_grid_S0010,low_input_within_10pct_yield,2021-07-28,209,49,44,"{""sim_day"": 49.0, ""doy"": 209.0, ""topwt"": 6009.53125, ""grnwt"": 0.0, ""xlai"": 3.910769462585449, ""totir"": 0.0, ""tofer"": NaN, ""swfac"": 0.0, ""nstres"": 0.057003915309906}",0.0,0.057003915309906,6009.53125,0.0,3.910769462585449,0.0,,0.0,0.0,0.0,150.0,65.65999755859376,65.65999755859376,Leave_One_experiments/all_year_offline_schedule_search/daily_outputs/LCA/LCA_2021_LCA2021_normal_grid_S0010_daily.csv
LCA,LCA,Luancheng,2021,Leave_One_experiments\wth_generated_qc\LCA\LCA2021.WTH,wet_year;nitrogen_stress_year;low_response_year,wet,LCA2021_normal_grid_S0010,low_input_within_10pct_yield,2021-07-29,210,50,45,"{""sim_day"": 50.0, ""doy"": 210.0, ""topwt"": 6343.087158203125, ""grnwt"": 0.0, ""xlai"": 3.963266611099243, ""totir"": 0.0, ""tofer"": NaN, ""swfac"": 0.0, ""nstres"": 0.0541960000991821}",0.0,0.0541960000991821,6343.087158203125,0.0,3.963266611099243,0.0,,0.0,0.0,0.0,150.0,65.65999755859376,65.65999755859376,Leave_One_experiments/all_year_offline_schedule_search/daily_outputs/LCA/LCA_2021_LCA2021_normal_grid_S0010_daily.csv
LCA,LCA,Luancheng,2021,Leave_One_experiments\wth_generated_qc\LCA\LCA2021.WTH,wet_year;nitrogen_stress_year;low_response_year,wet,LCA2021_normal_grid_S0010,low_input_within_10pct_yield,2021-07-30,211,51,46,"{""sim_day"": 51.0, ""doy"": 211.0, ""topwt"": 6726.6998291015625, ""grnwt"": 0.0, ""xlai"": 4.0298285484313965, ""totir"": 0.0, ""tofer"": NaN, ""swfac"": 0.0, ""nstres"": 0.0489873886108398}",0.0,0.0489873886108398,6726.6998291015625,0.0,4.0298285484313965,0.0,,0.0,0.0,0.0,150.0,65.65999755859376,65.65999755859376,Leave_One_experiments/all_year_offline_schedule_search/daily_outputs/LCA/LCA_2021_LCA2021_normal_grid_S0010_daily.csv
LCA,LCA,Luancheng,2021,Leave_One_experiments\wth_generated_qc\LCA\LCA2021.WTH,wet_year;nitrogen_stress_year;low_response_year,wet,LCA2021_normal_grid_S0010,low_input_within_10pct_yield,2021-07-31,212,52,47,"{""sim_day"": 52.0, ""doy"": 212.0, ""topwt"": 7143.1915283203125, ""grnwt"": 0.0, ""xlai"": 4.006380081176758, ""totir"": 0.0, ""tofer"": NaN, ""swfac"": 0.0, ""nstres"": 0.0465496778488159}",0.0,0.0465496778488159,7143.1915283203125,0.0,4.006380081176758,0.0,,0.0,0.0,0.0,150.0,65.65999755859376,65.65999755859376,Leave_One_experiments/all_year_offline_schedule_search/daily_outputs/LCA/LCA_2021_LCA2021_normal_grid_S0010_daily.csv
LCA,LCA,Luancheng,2021,Leave_One_experiments\wth_generated_qc\LCA\LCA2021.WTH,wet_year;nitrogen_stress_year;low_response_year,wet,LCA2021_normal_grid_S0010,low_input_within_10pct_yield,2021-08-01,213,53,48,"{""sim_day"": 53.0, ""doy"": 213.0, ""topwt"": 7557.28271484375, ""grnwt"": 0.0, ""xlai"": 3.98448657989502, ""totir"": 0.0, ""tofer"": NaN, ""swfac"": 0.0, ""nstres"": 0.0437167882919311}",0.0,0.0437167882919311,7557.28271484375,0.0,3.98448657989502,0.0,,0.0,0.0,0.0,150.0,65.65999755859376,65.65999755859376,Leave_One_experiments/all_year_offline_schedule_search/daily_outputs/LCA/LCA_2021_LCA2021_normal_grid_S0010_daily.csv
LCA,LCA,Luancheng,2021,Leave_One_experiments\wth_generated_qc\LCA\LCA2021.WTH,wet_year;nitrogen_stress_year;low_response_year,wet,LCA2021_normal_grid_S0010,low_input_within_10pct_yield,2021-08-02,214,54,49,"{""sim_day"": 54.0, ""doy"": 214.0, ""topwt"": 7758.4521484375, ""grnwt"": 0.0, ""xlai"": 3.962989330291748, ""totir"": 0.0, ""tofer"": NaN, ""swfac"": 0.0, ""nstres"": 0.0431616306304931}",0.0,0.0431616306304931,7758.4521484375,0.0,3.962989330291748,0.0,,0.0,0.0,0.0,150.0,65.65999755859376,65.65999755859376,Leave_One_experiments/all_year_offline_schedule_search/daily_outputs/LCA/LCA_2021_LCA2021_normal_grid_S0010_daily.csv
LCA,LCA,Luancheng,2021,Leave_One_experiments\wth_generated_qc\LCA\LCA2021.WTH,wet_year;nitrogen_stress_year;low_response_year,wet,LCA2021_normal_grid_S0010,low_input_within_10pct_yield,2021-08-03,215,55,50,"{""sim_day"": 55.0, ""doy"": 215.0, ""topwt"": 8035.48095703125, ""grnwt"": 0.0, ""xlai"": 3.9440839290618896, ""totir"": 0.0, ""tofer"": NaN, ""swfac"": 0.0, ""nstres"": 0.0381640195846557}",0.0,0.0381640195846557,8035.48095703125,0.0,3.9440839290618896,0.0,,0.0,0.0,0.0,150.0,65.65999755859376,65.65999755859376,Leave_One_experiments/all_year_offline_schedule_search/daily_outputs/LCA/LCA_2021_LCA2021_normal_grid_S0010_daily.csv
LCA,LCA,Luancheng,2021,Leave_One_experiments\wth_generated_qc\LCA\LCA2021.WTH,wet_year;nitrogen_stress_year;low_response_year,wet,LCA2021_normal_grid_S0010,low_input_within_10pct_yield,2021-08-04,216,56,51,"{""sim_day"": 56.0, ""doy"": 216.0, ""topwt"": 8334.405517578125, ""grnwt"": 0.0, ""xlai"": 3.931454658508301, ""totir"": 0.0, ""tofer"": NaN, ""swfac"": 0.0, ""nstres"": 0.0256162881851196}",0.0,0.0256162881851196,8334.405517578125,0.0,3.931454658508301,0.0,,0.0,0.0,0.0,150.0,65.65999755859376,65.65999755859376,Leave_One_experiments/all_year_offline_schedule_search/daily_outputs/LCA/LCA_2021_LCA2021_normal_grid_S0010_daily.csv
LCA,LCA,Luancheng,2021,Leave_One_experiments\wth_generated_qc\LCA\LCA2021.WTH,wet_year;nitrogen_stress_year;low_response_year,wet,LCA2021_normal_grid_S0010,low_input_within_10pct_yield,2021-08-05,217,57,52,"{""sim_day"": 57.0, ""doy"": 217.0, ""topwt"": 8719.423217773438, ""grnwt"": 0.0, ""xlai"": 3.922033071517944, ""totir"": 0.0, ""tofer"": NaN, ""swfac"": 0.0, ""nstres"": 0.0150257349014282}",0.0,0.0150257349014282,8719.423217773438,0.0,3.922033071517944,0.0,,0.0,0.0,0.0,150.0,65.65999755859376,65.65999755859376,Leave_One_experiments/all_year_offline_schedule_search/daily_outputs/LCA/LCA_2021_LCA2021_normal_grid_S0010_daily.csv
LCA,LCA,Luancheng,2021,Leave_One_experiments\wth_generated_qc\LCA\LCA2021.WTH,wet_year;nitrogen_stress_year;low_response_year,wet,LCA2021_normal_grid_S0010,low_input_within_10pct_yield,2021-08-06,218,58,53,"{""sim_day"": 58.0, ""doy"": 218.0, ""topwt"": 9014.168701171877, ""grnwt"": 0.0, ""xlai"": 3.900837421417236, ""totir"": 0.0, ""tofer"": NaN, ""swfac"": 0.0, ""nstres"": 0.0019389986991882}",0.0,0.0019389986991882,9014.168701171877,0.0,3.900837421417236,0.0,,0.0,0.0,0.0,150.0,65.65999755859376,65.65999755859376,Leave_One_experiments/all_year_offline_schedule_search/daily_outputs/LCA/LCA_2021_LCA2021_normal_grid_S0010_daily.csv
LCA,LCA,Luancheng,2021,Leave_One_experiments\wth_generated_qc\LCA\LCA2021.WTH,wet_year;nitrogen_stress_year;low_response_year,wet,LCA2021_normal_grid_S0010,low_input_within_10pct_yield,2021-08-07,219,59,54,"{""sim_day"": 59.0, ""doy"": 219.0, ""topwt"": 9300.485229492188, ""grnwt"": 0.0, ""xlai"": 3.8816072940826416, ""totir"": 0.0, ""tofer"": NaN, ""swfac"": 0.0, ""nstres"": 0.0}",0.0,0.0,9300.485229492188,0.0,3.8816072940826416,0.0,,0.0,0.0,0.0,150.0,65.65999755859376,65.65999755859376,Leave_One_experiments/all_year_offline_schedule_search/daily_outputs/LCA/LCA_2021_LCA2021_normal_grid_S0010_daily.csv
LCA,LCA,Luancheng,2021,Leave_One_experiments\wth_generated_qc\LCA\LCA2021.WTH,wet_year;nitrogen_stress_year;low_response_year,wet,LCA2021_normal_grid_S0010,low_input_within_10pct_yield,2021-08-08,220,60,55,"{""sim_day"": 60.0, ""doy"": 220.0, ""topwt"": 9684.912719726562, ""grnwt"": 0.0, ""xlai"": 3.862536668777466, ""totir"": 0.0, ""tofer"": NaN, ""swfac"": 0.0, ""nstres"": 0.0}",0.0,0.0,9684.912719726562,0.0,3.862536668777466,0.0,,0.0,0.0,0.0,150.0,65.65999755859376,65.65999755859376,Leave_One_experiments/all_year_offline_schedule_search/daily_outputs/LCA/LCA_2021_LCA2021_normal_grid_S0010_daily.csv
LCA,LCA,Luancheng,2021,Leave_One_experiments\wth_generated_qc\LCA\LCA2021.WTH,wet_year;nitrogen_stress_year;low_response_year,wet,LCA2021_normal_grid_S0010,low_input_within_10pct_yield,2021-08-09,221,61,56,"{""sim_day"": 61.0, ""doy"": 221.0, ""topwt"": 9971.819458007812, ""grnwt"": 377.8144454956055, ""xlai"": 3.783945560455322, ""totir"": 0.0, ""tofer"": NaN, ""swfac"": 0.0, ""nstres"": 0.0}",0.0,0.0,9971.819458007812,377.8144454956055,3.783945560455322,0.0,,0.0,0.0,0.0,150.0,65.65999755859376,65.65999755859376,Leave_One_experiments/all_year_offline_schedule_search/daily_outputs/LCA/LCA_2021_LCA2021_normal_grid_S0010_daily.csv
LCA,LCA,Luancheng,2021,Leave_One_experiments\wth_generated_qc\LCA\LCA2021.WTH,wet_year;nitrogen_stress_year;low_response_year,wet,LCA2021_normal_grid_S0010,low_input_within_10pct_yield,2021-08-10,222,62,57,"{""sim_day"": 62.0, ""doy"": 222.0, ""topwt"": 10333.49853515625, ""grnwt"": 755.6288909912109, ""xlai"": 3.770458221435547, ""totir"": 0.0, ""tofer"": NaN, ""swfac"": 0.0, ""nstres"": 0.0}",0.0,0.0,10333.49853515625,755.6288909912109,3.770458221435547,0.0,,0.0,0.0,0.0,150.0,65.65999755859376,65.65999755859376,Leave_One_experiments/all_year_offline_schedule_search/daily_outputs/LCA/LCA_2021_LCA2021_normal_grid_S0010_daily.csv
LCA,LCA,Luancheng,2021,Leave_One_experiments\wth_generated_qc\LCA\LCA2021.WTH,wet_year;nitrogen_stress_year;low_response_year,wet,LCA2021_normal_grid_S0010,low_input_within_10pct_yield,2021-08-11,223,63,58,"{""sim_day"": 63.0, ""doy"": 223.0, ""topwt"": 10719.090576171877, ""grnwt"": 1133.4432983398438, ""xlai"": 3.754622220993042, ""totir"": 0.0, ""tofer"": NaN, ""swfac"": 0.0, ""nstres"": 0.0}",0.0,0.0,10719.090576171877,1133.4432983398438,3.754622220993042,0.0,,0.0,0.0,0.0,150.0,65.65999755859376,65.65999755859376,Leave_One_experiments/all_year_offline_schedule_search/daily_outputs/LCA/LCA_2021_LCA2021_normal_grid_S0010_daily.csv
LCA,LCA,Luancheng,2021,Leave_One_experiments\wth_generated_qc\LCA\LCA2021.WTH,wet_year;nitrogen_stress_year;low_response_year,wet,LCA2021_normal_grid_S0010,low_input_within_10pct_yield,2021-08-12,224,64,59,"{""sim_day"": 64.0, ""doy"": 224.0, ""topwt"": 11099.630126953123, ""grnwt"": 1511.257781982422, ""xlai"": 3.7361984252929688, ""totir"": 0.0, ""tofer"": NaN, ""swfac"": 0.0, ""nstres"": 0.0097723007202148}",0.0,0.0097723007202148,11099.630126953123,1511.257781982422,3.7361984252929688,0.0,,0.0,0.0,0.0,150.0,65.65999755859376,65.65999755859376,Leave_One_experiments/all_year_offline_schedule_search/daily_outputs/LCA/LCA_2021_LCA2021_normal_grid_S0010_daily.csv
LCA,LCA,Luancheng,2021,Leave_One_experiments\wth_generated_qc\LCA\LCA2021.WTH,wet_year;nitrogen_stress_year;low_response_year,wet,LCA2021_normal_grid_S0010,low_input_within_10pct_yield,2021-08-13,225,65,60,"{""sim_day"": 65.0, ""doy"": 225.0, ""topwt"": 11503.914794921877, ""grnwt"": 1889.072265625, ""xlai"": 3.7160935401916495, ""totir"": 0.0, ""tofer"": NaN, ""swfac"": 0.0, ""nstres"": 0.0308294296264648}",0.0,0.0308294296264648,11503.914794921877,1889.072265625,3.7160935401916495,0.0,,0.0,50.0,0.0,150.0,65.65999755859376,65.65999755859376,Leave_One_experiments/all_year_offline_schedule_search/daily_outputs/LCA/LCA_2021_LCA2021_normal_grid_S0010_daily.csv
LCA,LCA,Luancheng,2021,Leave_One_experiments\wth_generated_qc\LCA\LCA2021.WTH,wet_year;nitrogen_stress_year;low_response_year,wet,LCA2021_normal_grid_S0010,low_input_within_10pct_yield,2021-08-14,226,66,61,"{""sim_day"": 66.0, ""doy"": 226.0, ""topwt"": 11878.197021484377, ""grnwt"": 2266.8865966796875, ""xlai"": 3.692936658859253, ""totir"": 0.0, ""tofer"": NaN, ""swfac"": 0.0, ""nstres"": 0.0}",0.0,0.0,11878.197021484377,2266.8865966796875,3.692936658859253,0.0,,0.0,0.0,0.0,150.0,65.65999755859376,65.65999755859376,Leave_One_experiments/all_year_offline_schedule_search/daily_outputs/LCA/LCA_2021_LCA2021_normal_grid_S0010_daily.csv
LCA,LCA,Luancheng,2021,Leave_One_experiments\wth_generated_qc\LCA\LCA2021.WTH,wet_year;nitrogen_stress_year;low_response_year,wet,LCA2021_normal_grid_S0010,low_input_within_10pct_yield,2021-08-15,227,67,62,"{""sim_day"": 67.0, ""doy"": 227.0, ""topwt"": 12255.966796875, ""grnwt"": 2644.700927734375, ""xlai"": 3.665958404541016, ""totir"": 0.0, ""tofer"": NaN, ""swfac"": 0.0, ""nstres"": 0.0}",0.0,0.0,12255.966796875,2644.700927734375,3.665958404541016,0.0,,0.0,0.0,0.0,150.0,65.65999755859376,65.65999755859376,Leave_One_experiments/all_year_offline_schedule_search/daily_outputs/LCA/LCA_2021_LCA2021_normal_grid_S0010_daily.csv
LCA,LCA,Luancheng,2021,Leave_One_experiments\wth_generated_qc\LCA\LCA2021.WTH,wet_year;nitrogen_stress_year;low_response_year,wet,LCA2021_normal_grid_S0010,low_input_within_10pct_yield,2021-08-16,228,68,63,"{""sim_day"": 68.0, ""doy"": 228.0, ""topwt"": 12450.51513671875, ""grnwt"": 3022.5152587890625, ""xlai"": 3.637016296386719, ""totir"": 0.0, ""tofer"": NaN, ""swfac"": 0.0, ""nstres"": 0.0}",0.0,0.0,12450.51513671875,3022.5152587890625,3.637016296386719,0.0,,0.0,0.0,0.0,150.0,65.65999755859376,65.65999755859376,Leave_One_experiments/all_year_offline_schedule_search/daily_outputs/LCA/LCA_2021_LCA2021_normal_grid_S0010_daily.csv
LCA,LCA,Luancheng,2021,Leave_One_experiments\wth_generated_qc\LCA\LCA2021.WTH,wet_year;nitrogen_stress_year;low_response_year,wet,LCA2021_normal_grid_S0010,low_input_within_10pct_yield,2021-08-17,229,69,64,"{""sim_day"": 69.0, ""doy"": 229.0, ""topwt"": 12692.29736328125, ""grnwt"": 3400.32958984375, ""xlai"": 3.6005072593688965, ""totir"": 0.0, ""tofer"": NaN, ""swfac"": 0.0, ""nstres"": 0.0}",0.0,0.0,12692.29736328125,3400.32958984375,3.6005072593688965,0.0,,0.0,0.0,0.0,150.0,65.65999755859376,65.65999755859376,Leave_One_experiments/all_year_offline_schedule_search/daily_outputs/LCA/LCA_2021_LCA2021_normal_grid_S0010_daily.csv
LCA,LCA,Luancheng,2021,Leave_One_experiments\wth_generated_qc\LCA\LCA2021.WTH,wet_year;nitrogen_stress_year;low_response_year,wet,LCA2021_normal_grid_S0010,low_input_within_10pct_yield,2021-08-18,230,70,65,"{""sim_day"": 70.0, ""doy"": 230.0, ""topwt"": 12733.8232421875, ""grnwt"": 3778.1439208984375, ""xlai"": 3.5696792602539062, ""totir"": 0.0, ""tofer"": NaN, ""swfac"": 0.0, ""nstres"": 0.0}",0.0,0.0,12733.8232421875,3778.1439208984375,3.5696792602539062,0.0,,0.0,0.0,0.0,150.0,65.65999755859376,65.65999755859376,Leave_One_experiments/all_year_offline_schedule_search/daily_outputs/LCA/LCA_2021_LCA2021_normal_grid_S0010_daily.csv
LCA,LCA,Luancheng,2021,Leave_One_experiments\wth_generated_qc\LCA\LCA2021.WTH,wet_year;nitrogen_stress_year;low_response_year,wet,LCA2021_normal_grid_S0010,low_input_within_10pct_yield,2021-08-19,231,71,66,"{""sim_day"": 71.0, ""doy"": 231.0, ""topwt"": 13128.984375, ""grnwt"": 4155.958557128906, ""xlai"": 3.5319323539733887, ""totir"": 0.0, ""tofer"": NaN, ""swfac"": 0.0, ""nstres"": 0.0}",0.0,0.0,13128.984375,4155.958557128906,3.5319323539733887,0.0,,0.0,0.0,0.0,150.0,65.65999755859376,65.65999755859376,Leave_One_experiments/all_year_offline_schedule_search/daily_outputs/LCA/LCA_2021_LCA2021_normal_grid_S0010_daily.csv
LCA,LCA,Luancheng,2021,Leave_One_experiments\wth_generated_qc\LCA\LCA2021.WTH,wet_year;nitrogen_stress_year;low_response_year,wet,LCA2021_normal_grid_S0010,low_input_within_10pct_yield,2021-08-20,232,72,67,"{""sim_day"": 72.0, ""doy"": 232.0, ""topwt"": 13463.71337890625, ""grnwt"": 4533.772888183594, ""xlai"": 3.490498304367065, ""totir"": 0.0, ""tofer"": NaN, ""swfac"": 0.0, ""nstres"": 0.0}",0.0,0.0,13463.71337890625,4533.772888183594,3.490498304367065,0.0,,0.0,0.0,0.0,150.0,65.65999755859376,65.65999755859376,Leave_One_experiments/all_year_offline_schedule_search/daily_outputs/LCA/LCA_2021_LCA2021_normal_grid_S0010_daily.csv
LCA,LCA,Luancheng,2021,Leave_One_experiments\wth_generated_qc\LCA\LCA2021.WTH,wet_year;nitrogen_stress_year;low_response_year,wet,LCA2021_normal_grid_S0010,low_input_within_10pct_yield,2021-08-21,233,73,68,"{""sim_day"": 73.0, ""doy"": 233.0, ""topwt"": 13815.21240234375, ""grnwt"": 4904.502868652344, ""xlai"": 3.435621738433838, ""totir"": 0.0, ""tofer"": NaN, ""swfac"": 0.0, ""nstres"": 0.0}",0.0,0.0,13815.21240234375,4904.502868652344,3.435621738433838,0.0,,0.0,0.0,0.0,150.0,65.65999755859376,65.65999755859376,Leave_One_experiments/all_year_offline_schedule_search/daily_outputs/LCA/LCA_2021_LCA2021_normal_grid_S0010_daily.csv
LCA,LCA,Luancheng,2021,Leave_One_experiments\wth_generated_qc\LCA\LCA2021.WTH,wet_year;nitrogen_stress_year;low_response_year,wet,LCA2021_normal_grid_S0010,low_input_within_10pct_yield,2021-08-22,234,74,69,"{""sim_day"": 74.0, ""doy"": 234.0, ""topwt"": 14224.2138671875, ""grnwt"": 5282.3175048828125, ""xlai"": 3.3814830780029297, ""totir"": 0.0, ""tofer"": NaN, ""swfac"": 0.0, ""nstres"": 0.0}",0.0,0.0,14224.2138671875,5282.3175048828125,3.3814830780029297,0.0,,0.0,0.0,0.0,150.0,65.65999755859376,65.65999755859376,Leave_One_experiments/all_year_offline_schedule_search/daily_outputs/LCA/LCA_2021_LCA2021_normal_grid_S0010_daily.csv
LCA,LCA,Luancheng,2021,Leave_One_experiments\wth_generated_qc\LCA\LCA2021.WTH,wet_year;nitrogen_stress_year;low_response_year,wet,LCA2021_normal_grid_S0010,low_input_within_10pct_yield,2021-08-23,235,75,70,"{""sim_day"": 75.0, ""doy"": 235.0, ""topwt"": 14646.016845703123, ""grnwt"": 5660.1318359375, ""xlai"": 3.326992511749268, ""totir"": 0.0, ""tofer"": NaN, ""swfac"": 0.0, ""nstres"": 0.0}",0.0,0.0,14646.016845703123,5660.1318359375,3.326992511749268,0.0,,0.0,0.0,0.0,150.0,65.65999755859376,65.65999755859376,Leave_One_experiments/all_year_offline_schedule_search/daily_outputs/LCA/LCA_2021_LCA2021_normal_grid_S0010_daily.csv
LCA,LCA,Luancheng,2021,Leave_One_experiments\wth_generated_qc\LCA\LCA2021.WTH,wet_year;nitrogen_stress_year;low_response_year,wet,LCA2021_normal_grid_S0010,low_input_within_10pct_yield,2021-08-24,236,76,71,"{""sim_day"": 76.0, ""doy"": 236.0, ""topwt"": 15079.50439453125, ""grnwt"": 6037.946166992188, ""xlai"": 3.271833658218384, ""totir"": 0.0, ""tofer"": NaN, ""swfac"": 0.0, ""nstres"": 0.0}",0.0,0.0,15079.50439453125,6037.946166992188,3.271833658218384,0.0,,0.0,0.0,0.0,150.0,65.65999755859376,65.65999755859376,Leave_One_experiments/all_year_offline_schedule_search/daily_outputs/LCA/LCA_2021_LCA2021_normal_grid_S0010_daily.csv
LCA,LCA,Luancheng,2021,Leave_One_experiments\wth_generated_qc\LCA\LCA2021.WTH,wet_year;nitrogen_stress_year;low_response_year,wet,LCA2021_normal_grid_S0010,low_input_within_10pct_yield,2021-08-25,237,77,72,"{""sim_day"": 77.0, ""doy"": 237.0, ""topwt"": 15476.19873046875, ""grnwt"": 6415.760498046875, ""xlai"": 3.2133548259735107, ""totir"": 0.0, ""tofer"": NaN, ""swfac"": 0.0, ""nstres"": 0.0}",0.0,0.0,15476.19873046875,6415.760498046875,3.2133548259735107,0.0,,0.0,0.0,0.0,150.0,65.65999755859376,65.65999755859376,Leave_One_experiments/all_year_offline_schedule_search/daily_outputs/LCA/LCA_2021_LCA2021_normal_grid_S0010_daily.csv
LCA,LCA,Luancheng,2021,Leave_One_experiments\wth_generated_qc\LCA\LCA2021.WTH,wet_year;nitrogen_stress_year;low_response_year,wet,LCA2021_normal_grid_S0010,low_input_within_10pct_yield,2021-08-26,238,78,73,"{""sim_day"": 78.0, ""doy"": 238.0, ""topwt"": 15877.728271484377, ""grnwt"": 6793.5748291015625, ""xlai"": 3.150022506713867, ""totir"": 0.0, ""tofer"": NaN, ""swfac"": 0.0, ""nstres"": 0.0262460708618164}",0.0,0.0262460708618164,15877.728271484377,6793.5748291015625,3.150022506713867,0.0,,0.0,0.0,0.0,150.0,65.65999755859376,65.65999755859376,Leave_One_experiments/all_year_offline_schedule_search/daily_outputs/LCA/LCA_2021_LCA2021_normal_grid_S0010_daily.csv
LCA,LCA,Luancheng,2021,Leave_One_experiments\wth_generated_qc\LCA\LCA2021.WTH,wet_year;nitrogen_stress_year;low_response_year,wet,LCA2021_normal_grid_S0010,low_input_within_10pct_yield,2021-08-27,239,79,74,"{""sim_day"": 79.0, ""doy"": 239.0, ""topwt"": 16174.693603515623, ""grnwt"": 7171.38916015625, ""xlai"": 3.083156108856201, ""totir"": 0.0, ""tofer"": NaN, ""swfac"": 0.0, ""nstres"": 0.0651348829269409}",0.0,0.0651348829269409,16174.693603515623,7171.38916015625,3.083156108856201,0.0,,0.0,0.0,0.0,150.0,65.65999755859376,65.65999755859376,Leave_One_experiments/all_year_offline_schedule_search/daily_outputs/LCA/LCA_2021_LCA2021_normal_grid_S0010_daily.csv
LCA,LCA,Luancheng,2021,Leave_One_experiments\wth_generated_qc\LCA\LCA2021.WTH,wet_year;nitrogen_stress_year;low_response_year,wet,LCA2021_normal_grid_S0010,low_input_within_10pct_yield,2021-08-28,240,80,75,"{""sim_day"": 80.0, ""doy"": 240.0, ""topwt"": 16399.803466796875, ""grnwt"": 7549.2034912109375, ""xlai"": 3.010780334472656, ""totir"": 0.0, ""tofer"": NaN, ""swfac"": 0.0, ""nstres"": 0.1034860610961914}",0.0,0.1034860610961914,16399.803466796875,7549.2034912109375,3.010780334472656,0.0,,0.0,0.0,0.0,150.0,65.65999755859376,65.65999755859376,Leave_One_experiments/all_year_offline_schedule_search/daily_outputs/LCA/LCA_2021_LCA2021_normal_grid_S0010_daily.csv
LCA,LCA,Luancheng,2021,Leave_One_experiments\wth_generated_qc\LCA\LCA2021.WTH,wet_year;nitrogen_stress_year;low_response_year,wet,LCA2021_normal_grid_S0010,low_input_within_10pct_yield,2021-08-29,241,81,76,"{""sim_day"": 81.0, ""doy"": 241.0, ""topwt"": 16545.892333984375, ""grnwt"": 7927.017822265625, ""xlai"": 2.942967653274536, ""totir"": 0.0, ""tofer"": NaN, ""swfac"": 0.0, ""nstres"": 0.131238579750061}",0.0,0.131238579750061,16545.892333984375,7927.017822265625,2.942967653274536,0.0,,0.0,0.0,0.0,150.0,65.65999755859376,65.65999755859376,Leave_One_experiments/all_year_offline_schedule_search/daily_outputs/LCA/LCA_2021_LCA2021_normal_grid_S0010_daily.csv
LCA,LCA,Luancheng,2021,Leave_One_experiments\wth_generated_qc\LCA\LCA2021.WTH,wet_year;nitrogen_stress_year;low_response_year,wet,LCA2021_normal_grid_S0010,low_input_within_10pct_yield,2021-08-30,242,82,77,"{""sim_day"": 82.0, ""doy"": 242.0, ""topwt"": 16494.591064453125, ""grnwt"": 8027.28515625, ""xlai"": 2.86984658241272, ""totir"": 0.0, ""tofer"": NaN, ""swfac"": 0.0, ""nstres"": 0.1519503593444824}",0.0,0.1519503593444824,16494.591064453125,8027.28515625,2.86984658241272,0.0,,0.0,0.0,0.0,150.0,65.65999755859376,65.65999755859376,Leave_One_experiments/all_year_offline_schedule_search/daily_outputs/LCA/LCA_2021_LCA2021_normal_grid_S0010_daily.csv
LCA,LCA,Luancheng,2021,Leave_One_experiments\wth_generated_qc\LCA\LCA2021.WTH,wet_year;nitrogen_stress_year;low_response_year,wet,LCA2021_normal_grid_S0010,low_input_within_10pct_yield,2021-08-31,243,83,78,"{""sim_day"": 83.0, ""doy"": 243.0, ""topwt"": 16825.52978515625, ""grnwt"": 8358.225708007812, ""xlai"": 2.786719799041748, ""totir"": 0.0, ""tofer"": NaN, ""swfac"": 0.0, ""nstres"": 0.1289228200912475}",0.0,0.1289228200912475,16825.52978515625,8358.225708007812,2.786719799041748,0.0,,0.0,0.0,0.0,150.0,65.65999755859376,65.65999755859376,Leave_One_experiments/all_year_offline_schedule_search/daily_outputs/LCA/LCA_2021_LCA2021_normal_grid_S0010_daily.csv
LCA,LCA,Luancheng,2021,Leave_One_experiments\wth_generated_qc\LCA\LCA2021.WTH,wet_year;nitrogen_stress_year;low_response_year,wet,LCA2021_normal_grid_S0010,low_input_within_10pct_yield,2021-09-01,244,84,79,"{""sim_day"": 84.0, ""doy"": 244.0, ""topwt"": 17206.24267578125, ""grnwt"": 8736.040649414062, ""xlai"": 2.700126886367798, ""totir"": 0.0, ""tofer"": NaN, ""swfac"": 0.0, ""nstres"": 0.1476167440414428}",0.0,0.1476167440414428,17206.24267578125,8736.040649414062,2.700126886367798,0.0,,0.0,0.0,0.0,150.0,65.65999755859376,65.65999755859376,Leave_One_experiments/all_year_offline_schedule_search/daily_outputs/LCA/LCA_2021_LCA2021_normal_grid_S0010_daily.csv
LCA,LCA,Luancheng,2021,Leave_One_experiments\wth_generated_qc\LCA\LCA2021.WTH,wet_year;nitrogen_stress_year;low_response_year,wet,LCA2021_normal_grid_S0010,low_input_within_10pct_yield,2021-09-02,245,85,80,"{""sim_day"": 85.0, ""doy"": 245.0, ""topwt"": 17342.640380859375, ""grnwt"": 8875.33447265625, ""xlai"": 2.604012489318848, ""totir"": 0.0, ""tofer"": NaN, ""swfac"": 0.0, ""nstres"": 0.1884989738464355}",0.0,0.1884989738464355,17342.640380859375,8875.33447265625,2.604012489318848,0.0,,0.0,0.0,0.0,150.0,65.65999755859376,65.65999755859376,Leave_One_experiments/all_year_offline_schedule_search/daily_outputs/LCA/LCA_2021_LCA2021_normal_grid_S0010_daily.csv
LCA,LCA,Luancheng,2021,Leave_One_experiments\wth_generated_qc\LCA\LCA2021.WTH,wet_year;nitrogen_stress_year;low_response_year,wet,LCA2021_normal_grid_S0010,low_input_within_10pct_yield,2021-09-03,246,86,81,"{""sim_day"": 86.0, ""doy"": 246.0, ""topwt"": 17389.12353515625, ""grnwt"": 8921.817016601562, ""xlai"": 2.514111042022705, ""totir"": 0.0, ""tofer"": NaN, ""swfac"": 0.0, ""nstres"": 0.194583773612976}",0.0,0.194583773612976,17389.12353515625,8921.817016601562,2.514111042022705,0.0,,0.0,0.0,0.0,150.0,65.65999755859376,65.65999755859376,Leave_One_experiments/all_year_offline_schedule_search/daily_outputs/LCA/LCA_2021_LCA2021_normal_grid_S0010_daily.csv
LCA,LCA,Luancheng,2021,Leave_One_experiments\wth_generated_qc\LCA\LCA2021.WTH,wet_year;nitrogen_stress_year;low_response_year,wet,LCA2021_normal_grid_S0010,low_input_within_10pct_yield,2021-09-04,247,87,82,"{""sim_day"": 87.0, ""doy"": 247.0, ""topwt"": 17480.23193359375, ""grnwt"": 9012.92724609375, ""xlai"": 2.4266233444213867, ""totir"": 0.0, ""tofer"": NaN, ""swfac"": 0.0, ""nstres"": 0.1879863739013672}",0.0,0.1879863739013672,17480.23193359375,9012.92724609375,2.4266233444213867,0.0,,0.0,0.0,0.0,150.0,65.65999755859376,65.65999755859376,Leave_One_experiments/all_year_offline_schedule_search/daily_outputs/LCA/LCA_2021_LCA2021_normal_grid_S0010_daily.csv
LCA,LCA,Luancheng,2021,Leave_One_experiments\wth_generated_qc\LCA\LCA2021.WTH,wet_year;nitrogen_stress_year;low_response_year,wet,LCA2021_normal_grid_S0010,low_input_within_10pct_yield,2021-09-05,248,88,83,"{""sim_day"": 88.0, ""doy"": 248.0, ""topwt"": 17652.88330078125, ""grnwt"": 9185.57861328125, ""xlai"": 2.330162286758423, ""totir"": 0.0, ""tofer"": NaN, ""swfac"": 0.0, ""nstres"": 0.1882050037384033}",0.0,0.1882050037384033,17652.88330078125,9185.57861328125,2.330162286758423,0.0,,0.0,0.0,0.0,150.0,65.65999755859376,65.65999755859376,Leave_One_experiments/all_year_offline_schedule_search/daily_outputs/LCA/LCA_2021_LCA2021_normal_grid_S0010_daily.csv
LCA,LCA,Luancheng,2021,Leave_One_experiments\wth_generated_qc\LCA\LCA2021.WTH,wet_year;nitrogen_stress_year;low_response_year,wet,LCA2021_normal_grid_S0010,low_input_within_10pct_yield,2021-09-06,249,89,84,"{""sim_day"": 89.0, ""doy"": 249.0, ""topwt"": 17978.309326171875, ""grnwt"": 9511.004638671877, ""xlai"": 2.2312910556793213, ""totir"": 0.0, ""tofer"": NaN, ""swfac"": 0.0, ""nstres"": 0.1996598839759826}",0.0,0.1996598839759826,17978.309326171875,9511.004638671877,2.2312910556793213,0.0,,0.0,0.0,0.0,150.0,65.65999755859376,65.65999755859376,Leave_One_experiments/all_year_offline_schedule_search/daily_outputs/LCA/LCA_2021_LCA2021_normal_grid_S0010_daily.csv
LCA,LCA,Luancheng,2021,Leave_One_experiments\wth_generated_qc\LCA\LCA2021.WTH,wet_year;nitrogen_stress_year;low_response_year,wet,LCA2021_normal_grid_S0010,low_input_within_10pct_yield,2021-09-07,250,90,85,"{""sim_day"": 90.0, ""doy"": 250.0, ""topwt"": 18247.236328125, ""grnwt"": 9779.931030273438, ""xlai"": 2.1205050945281982, ""totir"": 0.0, ""tofer"": NaN, ""swfac"": 0.0, ""nstres"": 0.303179383277893}",0.0,0.303179383277893,18247.236328125,9779.931030273438,2.1205050945281982,0.0,,0.0,0.0,0.0,150.0,65.65999755859376,65.65999755859376,Leave_One_experiments/all_year_offline_schedule_search/daily_outputs/LCA/LCA_2021_LCA2021_normal_grid_S0010_daily.csv
LCA,LCA,Luancheng,2021,Leave_One_experiments\wth_generated_qc\LCA\LCA2021.WTH,wet_year;nitrogen_stress_year;low_response_year,wet,LCA2021_normal_grid_S0010,low_input_within_10pct_yield,2021-09-08,251,91,86,"{""sim_day"": 91.0, ""doy"": 251.0, ""topwt"": 18468.018798828125, ""grnwt"": 10000.71533203125, ""xlai"": 1.9907653331756592, ""totir"": 0.0, ""tofer"": NaN, ""swfac"": 0.0, ""nstres"": 0.3740742802619934}",0.0,0.3740742802619934,18468.018798828125,10000.71533203125,1.9907653331756592,0.0,,0.0,0.0,0.0,150.0,65.65999755859376,65.65999755859376,Leave_One_experiments/all_year_offline_schedule_search/daily_outputs/LCA/LCA_2021_LCA2021_normal_grid_S0010_daily.csv
LCA,LCA,Luancheng,2021,Leave_One_experiments\wth_generated_qc\LCA\LCA2021.WTH,wet_year;nitrogen_stress_year;low_response_year,wet,LCA2021_normal_grid_S0010,low_input_within_10pct_yield,2021-09-09,252,92,87,"{""sim_day"": 92.0, ""doy"": 252.0, ""topwt"": 18621.490478515625, ""grnwt"": 10154.183959960938, ""xlai"": 1.8457087278366089, ""totir"": 0.0, ""tofer"": NaN, ""swfac"": 0.0, ""nstres"": 0.417938232421875}",0.0,0.417938232421875,18621.490478515625,10154.183959960938,1.8457087278366089,0.0,,0.0,0.0,0.0,150.0,65.65999755859376,65.65999755859376,Leave_One_experiments/all_year_offline_schedule_search/daily_outputs/LCA/LCA_2021_LCA2021_normal_grid_S0010_daily.csv
LCA,LCA,Luancheng,2021,Leave_One_experiments\wth_generated_qc\LCA\LCA2021.WTH,wet_year;nitrogen_stress_year;low_response_year,wet,LCA2021_normal_grid_S0010,low_input_within_10pct_yield,2021-09-10,253,93,88,"{""sim_day"": 93.0, ""doy"": 253.0, ""topwt"": 18783.30444335937, ""grnwt"": 10315.999755859377, ""xlai"": 1.6833561658859253, ""totir"": 0.0, ""tofer"": NaN, ""swfac"": 0.0, ""nstres"": 0.4302836060523987}",0.0,0.4302836060523987,18783.30444335937,10315.999755859377,1.6833561658859253,0.0,,0.0,0.0,0.0,150.0,65.65999755859376,65.65999755859376,Leave_One_experiments/all_year_offline_schedule_search/daily_outputs/LCA/LCA_2021_LCA2021_normal_grid_S0010_daily.csv
LCA,LCA,Luancheng,2021,Leave_One_experiments\wth_generated_qc\LCA\LCA2021.WTH,wet_year;nitrogen_stress_year;low_response_year,wet,LCA2021_normal_grid_S0010,low_input_within_10pct_yield,2021-09-11,254,94,89,"{""sim_day"": 94.0, ""doy"": 254.0, ""topwt"": 18783.30444335937, ""grnwt"": 10315.999755859377, ""xlai"": 1.6833561658859253, ""totir"": 0.0, ""tofer"": NaN, ""swfac"": 0.0, ""nstres"": 0.444648802280426}",0.0,0.444648802280426,18783.30444335937,10315.999755859377,1.6833561658859253,0.0,,0.0,0.0,0.0,150.0,65.65999755859376,65.65999755859376,Leave_One_experiments/all_year_offline_schedule_search/daily_outputs/LCA/LCA_2021_LCA2021_normal_grid_S0010_daily.csv
LCA,LCA,Luancheng,2021,Leave_One_experiments\wth_generated_qc\LCA\LCA2021.WTH,wet_year;nitrogen_stress_year;low_response_year,wet,LCA2021_normal_grid_S0010,low_input_within_10pct_yield,2021-09-12,255,95,90,"{""sim_day"": 95.0, ""doy"": 255.0, ""topwt"": 18783.30444335937, ""grnwt"": 10315.999755859377, ""xlai"": 1.6833561658859253, ""totir"": 0.0, ""tofer"": NaN, ""swfac"": 0.0, ""nstres"": 0.444648802280426}",0.0,0.444648802280426,18783.30444335937,10315.999755859377,1.6833561658859253,0.0,,0.0,0.0,0.0,150.0,65.65999755859376,65.65999755859376,Leave_One_experiments/all_year_offline_schedule_search/daily_outputs/LCA/LCA_2021_LCA2021_normal_grid_S0010_daily.csv
LCA,LCA,Luancheng,2021,Leave_One_experiments\wth_generated_qc\LCA\LCA2021.WTH,wet_year;nitrogen_stress_year;low_response_year,wet,LCA2021_normal_grid_S0010,low_input_within_10pct_yield,2021-09-13,256,96,91,"{""sim_day"": 96.0, ""doy"": 256.0, ""topwt"": 18783.30444335937, ""grnwt"": 10315.999755859377, ""xlai"": 1.6833561658859253, ""totir"": 0.0, ""tofer"": NaN, ""swfac"": 0.0, ""nstres"": 0.444648802280426}",0.0,0.444648802280426,18783.30444335937,10315.999755859377,1.6833561658859253,0.0,,0.0,0.0,0.0,150.0,65.65999755859376,65.65999755859376,Leave_One_experiments/all_year_offline_schedule_search/daily_outputs/LCA/LCA_2021_LCA2021_normal_grid_S0010_daily.csv
LCA,LCA,Luancheng,2021,Leave_One_experiments\wth_generated_qc\LCA\LCA2021.WTH,wet_year;nitrogen_stress_year;low_response_year,wet,LCA2021_normal_grid_S0019,pareto_balanced,2021-06-15,166,1,1,"{""sim_day"": 1.0, ""doy"": 166.0, ""topwt"": 0.0, ""grnwt"": 0.0, ""xlai"": 0.0, ""totir"": 0.0, ""tofer"": NaN, ""swfac"": 0.0, ""nstres"": 0.0}",0.0,0.0,0.0,0.0,0.0,0.0,,0.0,75.0,0.0,225.0,56.362744140625,56.362744140625,Leave_One_experiments/all_year_offline_schedule_search/daily_outputs/LCA/LCA_2021_LCA2021_normal_grid_S0019_daily.csv
LCA,LCA,Luancheng,2021,Leave_One_experiments\wth_generated_qc\LCA\LCA2021.WTH,wet_year;nitrogen_stress_year;low_response_year,wet,LCA2021_normal_grid_S0019,pareto_balanced,2021-06-16,167,2,2,"{""sim_day"": 2.0, ""doy"": 167.0, ""topwt"": 0.0, ""grnwt"": 0.0, ""xlai"": 0.0, ""totir"": 0.0, ""tofer"": NaN, ""swfac"": 0.0, ""nstres"": 0.0}",0.0,0.0,0.0,0.0,0.0,0.0,,0.0,0.0,0.0,225.0,56.362744140625,56.362744140625,Leave_One_experiments/all_year_offline_schedule_search/daily_outputs/LCA/LCA_2021_LCA2021_normal_grid_S0019_daily.csv
LCA,LCA,Luancheng,2021,Leave_One_experiments\wth_generated_qc\LCA\LCA2021.WTH,wet_year;nitrogen_stress_year;low_response_year,wet,LCA2021_normal_grid_S0019,pareto_balanced,2021-06-17,168,3,3,"{""sim_day"": 3.0, ""doy"": 168.0, ""topwt"": 0.0, ""grnwt"": 0.0, ""xlai"": 0.0, ""totir"": 0.0, ""tofer"": NaN, ""swfac"": 0.0, ""nstres"": 0.0}",0.0,0.0,0.0,0.0,0.0,0.0,,0.0,0.0,0.0,225.0,56.362744140625,56.362744140625,Leave_One_experiments/all_year_offline_schedule_search/daily_outputs/LCA/LCA_2021_LCA2021_normal_grid_S0019_daily.csv
LCA,LCA,Luancheng,2021,Leave_One_experiments\wth_generated_qc\LCA\LCA2021.WTH,wet_year;nitrogen_stress_year;low_response_year,wet,LCA2021_normal_grid_S0019,pareto_balanced,2021-06-18,169,4,4,"{""sim_day"": 4.0, ""doy"": 169.0, ""topwt"": 0.0, ""grnwt"": 0.0, ""xlai"": 0.0, ""totir"": 0.0, ""tofer"": NaN, ""swfac"": 0.0, ""nstres"": 0.0}",0.0,0.0,0.0,0.0,0.0,0.0,,0.0,0.0,0.0,225.0,56.362744140625,56.362744140625,Leave_One_experiments/all_year_offline_schedule_search/daily_outputs/LCA/LCA_2021_LCA2021_normal_grid_S0019_daily.csv
LCA,LCA,Luancheng,2021,Leave_One_experiments\wth_generated_qc\LCA\LCA2021.WTH,wet_year;nitrogen_stress_year;low_response_year,wet,LCA2021_normal_grid_S0019,pareto_balanced,2021-06-19,170,5,5,"{""sim_day"": 5.0, ""doy"": 170.0, ""topwt"": 0.0, ""grnwt"": 0.0, ""xlai"": 0.0, ""totir"": 0.0, ""tofer"": NaN, ""swfac"": 0.0, ""nstres"": 0.0}",0.0,0.0,0.0,0.0,0.0,0.0,,0.0,0.0,0.0,225.0,56.362744140625,56.362744140625,Leave_One_experiments/all_year_offline_schedule_search/daily_outputs/LCA/LCA_2021_LCA2021_normal_grid_S0019_daily.csv
LCA,LCA,Luancheng,2021,Leave_One_experiments\wth_generated_qc\LCA\LCA2021.WTH,wet_year;nitrogen_stress_year;low_response_year,wet,LCA2021_normal_grid_S0019,pareto_balanced,2021-06-15,166,6,1,"{""sim_day"": 6.0, ""doy"": 166.0, ""topwt"": 0.0, ""grnwt"": 0.0, ""xlai"": 0.0, ""totir"": 0.0, ""tofer"": NaN, ""swfac"": 0.0, ""nstres"": 0.0}",0.0,0.0,0.0,0.0,0.0,0.0,,0.0,0.0,0.0,225.0,56.362744140625,56.362744140625,Leave_One_experiments/all_year_offline_schedule_search/daily_outputs/LCA/LCA_2021_LCA2021_normal_grid_S0019_daily.csv
LCA,LCA,Luancheng,2021,Leave_One_experiments\wth_generated_qc\LCA\LCA2021.WTH,wet_year;nitrogen_stress_year;low_response_year,wet,LCA2021_normal_grid_S0019,pareto_balanced,2021-06-16,167,7,2,"{""sim_day"": 7.0, ""doy"": 167.0, ""topwt"": 0.0, ""grnwt"": 0.0, ""xlai"": 0.0, ""totir"": 0.0, ""tofer"": NaN, ""swfac"": 0.0, ""nstres"": 0.0}",0.0,0.0,0.0,0.0,0.0,0.0,,0.0,0.0,0.0,225.0,56.362744140625,56.362744140625,Leave_One_experiments/all_year_offline_schedule_search/daily_outputs/LCA/LCA_2021_LCA2021_normal_grid_S0019_daily.csv
LCA,LCA,Luancheng,2021,Leave_One_experiments\wth_generated_qc\LCA\LCA2021.WTH,wet_year;nitrogen_stress_year;low_response_year,wet,LCA2021_normal_grid_S0019,pareto_balanced,2021-06-17,168,8,3,"{""sim_day"": 8.0, ""doy"": 168.0, ""topwt"": 0.0, ""grnwt"": 0.0, ""xlai"": 0.0, ""totir"": 0.0, ""tofer"": NaN, ""swfac"": 0.0, ""nstres"": 0.0}",0.0,0.0,0.0,0.0,0.0,0.0,,0.0,0.0,0.0,225.0,56.362744140625,56.362744140625,Leave_One_experiments/all_year_offline_schedule_search/daily_outputs/LCA/LCA_2021_LCA2021_normal_grid_S0019_daily.csv
LCA,LCA,Luancheng,2021,Leave_One_experiments\wth_generated_qc\LCA\LCA2021.WTH,wet_year;nitrogen_stress_year;low_response_year,wet,LCA2021_normal_grid_S0019,pareto_balanced,2021-06-18,169,9,4,"{""sim_day"": 9.0, ""doy"": 169.0, ""topwt"": 0.0, ""grnwt"": 0.0, ""xlai"": 0.0, ""totir"": 0.0, ""tofer"": NaN, ""swfac"": 0.0, ""nstres"": 0.0}",0.0,0.0,0.0,0.0,0.0,0.0,,0.0,0.0,0.0,225.0,56.362744140625,56.362744140625,Leave_One_experiments/all_year_offline_schedule_search/daily_outputs/LCA/LCA_2021_LCA2021_normal_grid_S0019_daily.csv
LCA,LCA,Luancheng,2021,Leave_One_experiments\wth_generated_qc\LCA\LCA2021.WTH,wet_year;nitrogen_stress_year;low_response_year,wet,LCA2021_normal_grid_S0019,pareto_balanced,2021-06-19,170,10,5,"{""sim_day"": 10.0, ""doy"": 170.0, ""topwt"": 23.600001335144043, ""grnwt"": 0.0, ""xlai"": 0.0059677395038306, ""totir"": 0.0, ""tofer"": NaN, ""swfac"": 0.0, ""nstres"": 0.0121910572052001}",0.0,0.0121910572052001,23.600001335144043,0.0,0.0059677395038306,0.0,,0.0,0.0,0.0,225.0,56.362744140625,56.362744140625,Leave_One_experiments/all_year_offline_schedule_search/daily_outputs/LCA/LCA_2021_LCA2021_normal_grid_S0019_daily.csv
LCA,LCA,Luancheng,2021,Leave_One_experiments\wth_generated_qc\LCA\LCA2021.WTH,wet_year;nitrogen_stress_year;low_response_year,wet,LCA2021_normal_grid_S0019,pareto_balanced,2021-06-20,171,11,6,"{""sim_day"": 11.0, ""doy"": 171.0, ""topwt"": 23.600001335144043, ""grnwt"": 0.0, ""xlai"": 0.0122181307524442, ""totir"": 0.0, ""tofer"": NaN, ""swfac"": 0.0, ""nstres"": 0.0065466165542602}",0.0,0.0065466165542602,23.600001335144043,0.0,0.0122181307524442,0.0,,0.0,0.0,0.0,225.0,56.362744140625,56.362744140625,Leave_One_experiments/all_year_offline_schedule_search/daily_outputs/LCA/LCA_2021_LCA2021_normal_grid_S0019_daily.csv
LCA,LCA,Luancheng,2021,Leave_One_experiments\wth_generated_qc\LCA\LCA2021.WTH,wet_year;nitrogen_stress_year;low_response_year,wet,LCA2021_normal_grid_S0019,pareto_balanced,2021-06-21,172,12,7,"{""sim_day"": 12.0, ""doy"": 172.0, ""topwt"": 23.600001335144043, ""grnwt"": 0.0, ""xlai"": 0.0333492867648601, ""totir"": 0.0, ""tofer"": NaN, ""swfac"": 0.0, ""nstres"": 0.0}",0.0,0.0,23.600001335144043,0.0,0.0333492867648601,0.0,,0.0,0.0,0.0,225.0,56.362744140625,56.362744140625,Leave_One_experiments/all_year_offline_schedule_search/daily_outputs/LCA/LCA_2021_LCA2021_normal_grid_S0019_daily.csv
LCA,LCA,Luancheng,2021,Leave_One_experiments\wth_generated_qc\LCA\LCA2021.WTH,wet_year;nitrogen_stress_year;low_response_year,wet,LCA2021_normal_grid_S0019,pareto_balanced,2021-06-22,173,13,8,"{""sim_day"": 13.0, ""doy"": 173.0, ""topwt"": 29.884769916534424, ""grnwt"": 0.0, ""xlai"": 0.057041723281145, ""totir"": 0.0, ""tofer"": NaN, ""swfac"": 0.0, ""nstres"": 0.0}",0.0,0.0,29.884769916534424,0.0,0.057041723281145,0.0,,0.0,0.0,0.0,225.0,56.362744140625,56.362744140625,Leave_One_experiments/all_year_offline_schedule_search/daily_outputs/LCA/LCA_2021_LCA2021_normal_grid_S0019_daily.csv
LCA,LCA,Luancheng,2021,Leave_One_experiments\wth_generated_qc\LCA\LCA2021.WTH,wet_year;nitrogen_stress_year;low_response_year,wet,LCA2021_normal_grid_S0019,pareto_balanced,2021-06-23,174,14,9,"{""sim_day"": 14.0, ""doy"": 174.0, ""topwt"": 41.67731761932373, ""grnwt"": 0.0, ""xlai"": 0.0851109102368354, ""totir"": 0.0, ""tofer"": NaN, ""swfac"": 0.0, ""nstres"": 0.0}",0.0,0.0,41.67731761932373,0.0,0.0851109102368354,0.0,,0.0,0.0,0.0,225.0,56.362744140625,56.362744140625,Leave_One_experiments/all_year_offline_schedule_search/daily_outputs/LCA/LCA_2021_LCA2021_normal_grid_S0019_daily.csv
LCA,LCA,Luancheng,2021,Leave_One_experiments\wth_generated_qc\LCA\LCA2021.WTH,wet_year;nitrogen_stress_year;low_response_year,wet,LCA2021_normal_grid_S0019,pareto_balanced,2021-06-24,175,15,10,"{""sim_day"": 15.0, ""doy"": 175.0, ""topwt"": 57.81259059906006, ""grnwt"": 0.0, ""xlai"": 0.120040938258171, ""totir"": 0.0, ""tofer"": NaN, ""swfac"": 0.0, ""nstres"": 0.0}",0.0,0.0,57.81259059906006,0.0,0.120040938258171,0.0,,0.0,0.0,0.0,225.0,56.362744140625,56.362744140625,Leave_One_experiments/all_year_offline_schedule_search/daily_outputs/LCA/LCA_2021_LCA2021_normal_grid_S0019_daily.csv
LCA,LCA,Luancheng,2021,Leave_One_experiments\wth_generated_qc\LCA\LCA2021.WTH,wet_year;nitrogen_stress_year;low_response_year,wet,LCA2021_normal_grid_S0019,pareto_balanced,2021-06-25,176,16,11,"{""sim_day"": 16.0, ""doy"": 176.0, ""topwt"": 82.52166748046875, ""grnwt"": 0.0, ""xlai"": 0.168981984257698, ""totir"": 0.0, ""tofer"": NaN, ""swfac"": 0.0, ""nstres"": 0.0}",0.0,0.0,82.52166748046875,0.0,0.168981984257698,0.0,,0.0,0.0,0.0,225.0,56.362744140625,56.362744140625,Leave_One_experiments/all_year_offline_schedule_search/daily_outputs/LCA/LCA_2021_LCA2021_normal_grid_S0019_daily.csv
LCA,LCA,Luancheng,2021,Leave_One_experiments\wth_generated_qc\LCA\LCA2021.WTH,wet_year;nitrogen_stress_year;low_response_year,wet,LCA2021_normal_grid_S0019,pareto_balanced,2021-06-26,177,17,12,"{""sim_day"": 17.0, ""doy"": 177.0, ""topwt"": 111.42297744750977, ""grnwt"": 0.0, ""xlai"": 0.2218737006187439, ""totir"": 0.0, ""tofer"": NaN, ""swfac"": 0.0, ""nstres"": 0.0}",0.0,0.0,111.42297744750977,0.0,0.2218737006187439,0.0,,0.0,0.0,0.0,225.0,56.362744140625,56.362744140625,Leave_One_experiments/all_year_offline_schedule_search/daily_outputs/LCA/LCA_2021_LCA2021_normal_grid_S0019_daily.csv
LCA,LCA,Luancheng,2021,Leave_One_experiments\wth_generated_qc\LCA\LCA2021.WTH,wet_year;nitrogen_stress_year;low_response_year,wet,LCA2021_normal_grid_S0019,pareto_balanced,2021-06-27,178,18,13,"{""sim_day"": 18.0, ""doy"": 178.0, ""topwt"": 149.95773315429688, ""grnwt"": 0.0, ""xlai"": 0.2876603305339813, ""totir"": 0.0, ""tofer"": NaN, ""swfac"": 0.0, ""nstres"": 0.0}",0.0,0.0,149.95773315429688,0.0,0.2876603305339813,0.0,,0.0,0.0,0.0,225.0,56.362744140625,56.362744140625,Leave_One_experiments/all_year_offline_schedule_search/daily_outputs/LCA/LCA_2021_LCA2021_normal_grid_S0019_daily.csv
LCA,LCA,Luancheng,2021,Leave_One_experiments\wth_generated_qc\LCA\LCA2021.WTH,wet_year;nitrogen_stress_year;low_response_year,wet,LCA2021_normal_grid_S0019,pareto_balanced,2021-06-28,179,19,14,"{""sim_day"": 19.0, ""doy"": 179.0, ""topwt"": 190.78697204589844, ""grnwt"": 0.0, ""xlai"": 0.3773365914821625, ""totir"": 0.0, ""tofer"": NaN, ""swfac"": 0.0, ""nstres"": 0.0}",0.0,0.0,190.78697204589844,0.0,0.3773365914821625,0.0,,0.0,0.0,0.0,225.0,56.362744140625,56.362744140625,Leave_One_experiments/all_year_offline_schedule_search/daily_outputs/LCA/LCA_2021_LCA2021_normal_grid_S0019_daily.csv
LCA,LCA,Luancheng,2021,Leave_One_experiments\wth_generated_qc\LCA\LCA2021.WTH,wet_year;nitrogen_stress_year;low_response_year,wet,LCA2021_normal_grid_S0019,pareto_balanced,2021-06-29,180,20,15,"{""sim_day"": 20.0, ""doy"": 180.0, ""topwt"": 250.0927734375, ""grnwt"": 0.0, ""xlai"": 0.4735099971294403, ""totir"": 0.0, ""tofer"": NaN, ""swfac"": 0.0, ""nstres"": 0.0085428357124328}",0.0,0.0085428357124328,250.0927734375,0.0,0.4735099971294403,0.0,,0.0,0.0,0.0,225.0,56.362744140625,56.362744140625,Leave_One_experiments/all_year_offline_schedule_search/daily_outputs/LCA/LCA_2021_LCA2021_normal_grid_S0019_daily.csv
LCA,LCA,Luancheng,2021,Leave_One_experiments\wth_generated_qc\LCA\LCA2021.WTH,wet_year;nitrogen_stress_year;low_response_year,wet,LCA2021_normal_grid_S0019,pareto_balanced,2021-06-30,181,21,16,"{""sim_day"": 21.0, ""doy"": 181.0, ""topwt"": 303.4108161926269, ""grnwt"": 0.0, ""xlai"": 0.555514931678772, ""totir"": 0.0, ""tofer"": NaN, ""swfac"": 0.0, ""nstres"": 0.0}",0.0,0.0,303.4108161926269,0.0,0.555514931678772,0.0,,0.0,0.0,0.0,225.0,56.362744140625,56.362744140625,Leave_One_experiments/all_year_offline_schedule_search/daily_outputs/LCA/LCA_2021_LCA2021_normal_grid_S0019_daily.csv
LCA,LCA,Luancheng,2021,Leave_One_experiments\wth_generated_qc\LCA\LCA2021.WTH,wet_year;nitrogen_stress_year;low_response_year,wet,LCA2021_normal_grid_S0019,pareto_balanced,2021-07-01,182,22,17,"{""sim_day"": 22.0, ""doy"": 182.0, ""topwt"": 372.90794372558594, ""grnwt"": 0.0, ""xlai"": 0.6580381393432617, ""totir"": 0.0, ""tofer"": NaN, ""swfac"": 0.0, ""nstres"": 0.0}",0.0,0.0,372.90794372558594,0.0,0.6580381393432617,0.0,,0.0,0.0,0.0,225.0,56.362744140625,56.362744140625,Leave_One_experiments/all_year_offline_schedule_search/daily_outputs/LCA/LCA_2021_LCA2021_normal_grid_S0019_daily.csv
LCA,LCA,Luancheng,2021,Leave_One_experiments\wth_generated_qc\LCA\LCA2021.WTH,wet_year;nitrogen_stress_year;low_response_year,wet,LCA2021_normal_grid_S0019,pareto_balanced,2021-07-02,183,23,18,"{""sim_day"": 23.0, ""doy"": 183.0, ""topwt"": 457.0256805419922, ""grnwt"": 0.0, ""xlai"": 0.7767034769058228, ""totir"": 0.0, ""tofer"": NaN, ""swfac"": 0.0, ""nstres"": 0.0}",0.0,0.0,457.0256805419922,0.0,0.7767034769058228,0.0,,0.0,0.0,0.0,225.0,56.362744140625,56.362744140625,Leave_One_experiments/all_year_offline_schedule_search/daily_outputs/LCA/LCA_2021_LCA2021_normal_grid_S0019_daily.csv
LCA,LCA,Luancheng,2021,Leave_One_experiments\wth_generated_qc\LCA\LCA2021.WTH,wet_year;nitrogen_stress_year;low_response_year,wet,LCA2021_normal_grid_S0019,pareto_balanced,2021-07-03,184,24,19,"{""sim_day"": 24.0, ""doy"": 184.0, ""topwt"": 577.9928588867188, ""grnwt"": 0.0, ""xlai"": 0.9393734335899352, ""totir"": 0.0, ""tofer"": NaN, ""swfac"": 0.0, ""nstres"": 0.0}",0.0,0.0,577.9928588867188,0.0,0.9393734335899352,0.0,,0.0,0.0,0.0,225.0,56.362744140625,56.362744140625,Leave_One_experiments/all_year_offline_schedule_search/daily_outputs/LCA/LCA_2021_LCA2021_normal_grid_S0019_daily.csv
LCA,LCA,Luancheng,2021,Leave_One_experiments\wth_generated_qc\LCA\LCA2021.WTH,wet_year;nitrogen_stress_year;low_response_year,wet,LCA2021_normal_grid_S0019,pareto_balanced,2021-07-04,185,25,20,"{""sim_day"": 25.0, ""doy"": 185.0, ""topwt"": 713.0747985839844, ""grnwt"": 0.0, ""xlai"": 1.11139178276062, ""totir"": 0.0, ""tofer"": NaN, ""swfac"": 0.0, ""nstres"": 0.0}",0.0,0.0,713.0747985839844,0.0,1.11139178276062,0.0,,0.0,0.0,0.0,225.0,56.362744140625,56.362744140625,Leave_One_experiments/all_year_offline_schedule_search/daily_outputs/LCA/LCA_2021_LCA2021_normal_grid_S0019_daily.csv
LCA,LCA,Luancheng,2021,Leave_One_experiments\wth_generated_qc\LCA\LCA2021.WTH,wet_year;nitrogen_stress_year;low_response_year,wet,LCA2021_normal_grid_S0019,pareto_balanced,2021-07-05,186,26,21,"{""sim_day"": 26.0, ""doy"": 186.0, ""topwt"": 870.7486724853516, ""grnwt"": 0.0, ""xlai"": 1.3075119256973269, ""totir"": 0.0, ""tofer"": NaN, ""swfac"": 0.0, ""nstres"": 0.0}",0.0,0.0,870.7486724853516,0.0,1.3075119256973269,0.0,,0.0,0.0,0.0,225.0,56.362744140625,56.362744140625,Leave_One_experiments/all_year_offline_schedule_search/daily_outputs/LCA/LCA_2021_LCA2021_normal_grid_S0019_daily.csv
LCA,LCA,Luancheng,2021,Leave_One_experiments\wth_generated_qc\LCA\LCA2021.WTH,wet_year;nitrogen_stress_year;low_response_year,wet,LCA2021_normal_grid_S0019,pareto_balanced,2021-07-06,187,27,22,"{""sim_day"": 27.0, ""doy"": 187.0, ""topwt"": 1016.8398284912108, ""grnwt"": 0.0, ""xlai"": 1.4781982898712158, ""totir"": 0.0, ""tofer"": NaN, ""swfac"": 0.0, ""nstres"": 0.0}",0.0,0.0,1016.8398284912108,0.0,1.4781982898712158,0.0,,0.0,0.0,0.0,225.0,56.362744140625,56.362744140625,Leave_One_experiments/all_year_offline_schedule_search/daily_outputs/LCA/LCA_2021_LCA2021_normal_grid_S0019_daily.csv
LCA,LCA,Luancheng,2021,Leave_One_experiments\wth_generated_qc\LCA\LCA2021.WTH,wet_year;nitrogen_stress_year;low_response_year,wet,LCA2021_normal_grid_S0019,pareto_balanced,2021-07-07,188,28,23,"{""sim_day"": 28.0, ""doy"": 188.0, ""topwt"": 1193.275146484375, ""grnwt"": 0.0, ""xlai"": 1.6707565784454346, ""totir"": 0.0, ""tofer"": NaN, ""swfac"": 0.0, ""nstres"": 0.0}",0.0,0.0,1193.275146484375,0.0,1.6707565784454346,0.0,,0.0,0.0,0.0,225.0,56.362744140625,56.362744140625,Leave_One_experiments/all_year_offline_schedule_search/daily_outputs/LCA/LCA_2021_LCA2021_normal_grid_S0019_daily.csv
LCA,LCA,Luancheng,2021,Leave_One_experiments\wth_generated_qc\LCA\LCA2021.WTH,wet_year;nitrogen_stress_year;low_response_year,wet,LCA2021_normal_grid_S0019,pareto_balanced,2021-07-08,189,29,24,"{""sim_day"": 29.0, ""doy"": 189.0, ""topwt"": 1405.0599670410156, ""grnwt"": 0.0, ""xlai"": 1.883750319480896, ""totir"": 0.0, ""tofer"": NaN, ""swfac"": 0.0, ""nstres"": 0.0}",0.0,0.0,1405.0599670410156,0.0,1.883750319480896,0.0,,0.0,0.0,0.0,225.0,56.362744140625,56.362744140625,Leave_One_experiments/all_year_offline_schedule_search/daily_outputs/LCA/LCA_2021_LCA2021_normal_grid_S0019_daily.csv
LCA,LCA,Luancheng,2021,Leave_One_experiments\wth_generated_qc\LCA\LCA2021.WTH,wet_year;nitrogen_stress_year;low_response_year,wet,LCA2021_normal_grid_S0019,pareto_balanced,2021-07-09,190,30,25,"{""sim_day"": 30.0, ""doy"": 190.0, ""topwt"": 1622.5885009765625, ""grnwt"": 0.0, ""xlai"": 2.08362340927124, ""totir"": 0.0, ""tofer"": NaN, ""swfac"": 0.0, ""nstres"": 0.0}",0.0,0.0,1622.5885009765625,0.0,2.08362340927124,0.0,,0.0,0.0,0.0,225.0,56.362744140625,56.362744140625,Leave_One_experiments/all_year_offline_schedule_search/daily_outputs/LCA/LCA_2021_LCA2021_normal_grid_S0019_daily.csv
LCA,LCA,Luancheng,2021,Leave_One_experiments\wth_generated_qc\LCA\LCA2021.WTH,wet_year;nitrogen_stress_year;low_response_year,wet,LCA2021_normal_grid_S0019,pareto_balanced,2021-07-10,191,31,26,"{""sim_day"": 31.0, ""doy"": 191.0, ""topwt"": 1748.5284423828125, ""grnwt"": 0.0, ""xlai"": 2.1903364658355717, ""totir"": 0.0, ""tofer"": NaN, ""swfac"": 0.0, ""nstres"": 0.0}",0.0,0.0,1748.5284423828125,0.0,2.1903364658355717,0.0,,0.0,0.0,0.0,225.0,56.362744140625,56.362744140625,Leave_One_experiments/all_year_offline_schedule_search/daily_outputs/LCA/LCA_2021_LCA2021_normal_grid_S0019_daily.csv
LCA,LCA,Luancheng,2021,Leave_One_experiments\wth_generated_qc\LCA\LCA2021.WTH,wet_year;nitrogen_stress_year;low_response_year,wet,LCA2021_normal_grid_S0019,pareto_balanced,2021-07-11,192,32,27,"{""sim_day"": 32.0, ""doy"": 192.0, ""topwt"": 1986.226959228516, ""grnwt"": 0.0, ""xlai"": 2.376378536224365, ""totir"": 0.0, ""tofer"": NaN, ""swfac"": 0.0, ""nstres"": 0.0}",0.0,0.0,1986.226959228516,0.0,2.376378536224365,0.0,,0.0,0.0,0.0,225.0,56.362744140625,56.362744140625,Leave_One_experiments/all_year_offline_schedule_search/daily_outputs/LCA/LCA_2021_LCA2021_normal_grid_S0019_daily.csv
LCA,LCA,Luancheng,2021,Leave_One_experiments\wth_generated_qc\LCA\LCA2021.WTH,wet_year;nitrogen_stress_year;low_response_year,wet,LCA2021_normal_grid_S0019,pareto_balanced,2021-07-12,193,33,28,"{""sim_day"": 33.0, ""doy"": 193.0, ""topwt"": 2280.5319213867188, ""grnwt"": 0.0, ""xlai"": 2.585706949234009, ""totir"": 0.0, ""tofer"": NaN, ""swfac"": 0.0, ""nstres"": 0.0}",0.0,0.0,2280.5319213867188,0.0,2.585706949234009,0.0,,0.0,0.0,0.0,225.0,56.362744140625,56.362744140625,Leave_One_experiments/all_year_offline_schedule_search/daily_outputs/LCA/LCA_2021_LCA2021_normal_grid_S0019_daily.csv
LCA,LCA,Luancheng,2021,Leave_One_experiments\wth_generated_qc\LCA\LCA2021.WTH,wet_year;nitrogen_stress_year;low_response_year,wet,LCA2021_normal_grid_S0019,pareto_balanced,2021-07-13,194,34,29,"{""sim_day"": 34.0, ""doy"": 194.0, ""topwt"": 2602.269592285156, ""grnwt"": 0.0, ""xlai"": 2.792530298233032, ""totir"": 0.0, ""tofer"": NaN, ""swfac"": 0.0, ""nstres"": 0.0}",0.0,0.0,2602.269592285156,0.0,2.792530298233032,0.0,,0.0,0.0,0.0,225.0,56.362744140625,56.362744140625,Leave_One_experiments/all_year_offline_schedule_search/daily_outputs/LCA/LCA_2021_LCA2021_normal_grid_S0019_daily.csv
LCA,LCA,Luancheng,2021,Leave_One_experiments\wth_generated_qc\LCA\LCA2021.WTH,wet_year;nitrogen_stress_year;low_response_year,wet,LCA2021_normal_grid_S0019,pareto_balanced,2021-07-14,195,35,30,"{""sim_day"": 35.0, ""doy"": 195.0, ""topwt"": 2924.1424560546875, ""grnwt"": 0.0, ""xlai"": 2.979473829269409, ""totir"": 0.0, ""tofer"": NaN, ""swfac"": 0.0, ""nstres"": 0.0}",0.0,0.0,2924.1424560546875,0.0,2.979473829269409,0.0,,0.0,75.0,0.0,225.0,56.362744140625,56.362744140625,Leave_One_experiments/all_year_offline_schedule_search/daily_outputs/LCA/LCA_2021_LCA2021_normal_grid_S0019_daily.csv
LCA,LCA,Luancheng,2021,Leave_One_experiments\wth_generated_qc\LCA\LCA2021.WTH,wet_year;nitrogen_stress_year;low_response_year,wet,LCA2021_normal_grid_S0019,pareto_balanced,2021-07-15,196,36,31,"{""sim_day"": 36.0, ""doy"": 196.0, ""topwt"": 3206.7221069335938, ""grnwt"": 0.0, ""xlai"": 3.128724813461304, ""totir"": 0.0, ""tofer"": NaN, ""swfac"": 0.0, ""nstres"": 0.0}",0.0,0.0,3206.7221069335938,0.0,3.128724813461304,0.0,,0.0,0.0,0.0,225.0,56.362744140625,56.362744140625,Leave_One_experiments/all_year_offline_schedule_search/daily_outputs/LCA/LCA_2021_LCA2021_normal_grid_S0019_daily.csv
LCA,LCA,Luancheng,2021,Leave_One_experiments\wth_generated_qc\LCA\LCA2021.WTH,wet_year;nitrogen_stress_year;low_response_year,wet,LCA2021_normal_grid_S0019,pareto_balanced,2021-07-16,197,37,32,"{""sim_day"": 37.0, ""doy"": 197.0, ""topwt"": 3348.863220214844, ""grnwt"": 0.0, ""xlai"": 3.197640180587769, ""totir"": 0.0, ""tofer"": NaN, ""swfac"": 0.0, ""nstres"": 0.0}",0.0,0.0,3348.863220214844,0.0,3.197640180587769,0.0,,0.0,0.0,0.0,225.0,56.362744140625,56.362744140625,Leave_One_experiments/all_year_offline_schedule_search/daily_outputs/LCA/LCA_2021_LCA2021_normal_grid_S0019_daily.csv
LCA,LCA,Luancheng,2021,Leave_One_experiments\wth_generated_qc\LCA\LCA2021.WTH,wet_year;nitrogen_stress_year;low_response_year,wet,LCA2021_normal_grid_S0019,pareto_balanced,2021-07-17,198,38,33,"{""sim_day"": 38.0, ""doy"": 198.0, ""topwt"": 3453.798217773437, ""grnwt"": 0.0, ""xlai"": 3.2449939250946045, ""totir"": 0.0, ""tofer"": NaN, ""swfac"": 0.0, ""nstres"": 0.0}",0.0,0.0,3453.798217773437,0.0,3.2449939250946045,0.0,,0.0,0.0,0.0,225.0,56.362744140625,56.362744140625,Leave_One_experiments/all_year_offline_schedule_search/daily_outputs/LCA/LCA_2021_LCA2021_normal_grid_S0019_daily.csv
LCA,LCA,Luancheng,2021,Leave_One_experiments\wth_generated_qc\LCA\LCA2021.WTH,wet_year;nitrogen_stress_year;low_response_year,wet,LCA2021_normal_grid_S0019,pareto_balanced,2021-07-18,199,39,34,"{""sim_day"": 39.0, ""doy"": 199.0, ""topwt"": 3713.6187744140634, ""grnwt"": 0.0, ""xlai"": 3.3535773754119877, ""totir"": 0.0, ""tofer"": NaN, ""swfac"": 0.0, ""nstres"": 0.0}",0.0,0.0,3713.6187744140634,0.0,3.3535773754119877,0.0,,0.0,0.0,0.0,225.0,56.362744140625,56.362744140625,Leave_One_experiments/all_year_offline_schedule_search/daily_outputs/LCA/LCA_2021_LCA2021_normal_grid_S0019_daily.csv
LCA,LCA,Luancheng,2021,Leave_One_experiments\wth_generated_qc\LCA\LCA2021.WTH,wet_year;nitrogen_stress_year;low_response_year,wet,LCA2021_normal_grid_S0019,pareto_balanced,2021-07-19,200,40,35,"{""sim_day"": 40.0, ""doy"": 200.0, ""topwt"": 3937.09228515625, ""grnwt"": 0.0, ""xlai"": 3.4855635166168213, ""totir"": 0.0, ""tofer"": NaN, ""swfac"": 0.0, ""nstres"": 0.0}",0.0,0.0,3937.09228515625,0.0,3.4855635166168213,0.0,,0.0,0.0,0.0,225.0,56.362744140625,56.362744140625,Leave_One_experiments/all_year_offline_schedule_search/daily_outputs/LCA/LCA_2021_LCA2021_normal_grid_S0019_daily.csv
LCA,LCA,Luancheng,2021,Leave_One_experiments\wth_generated_qc\LCA\LCA2021.WTH,wet_year;nitrogen_stress_year;low_response_year,wet,LCA2021_normal_grid_S0019,pareto_balanced,2021-07-20,201,41,36,"{""sim_day"": 41.0, ""doy"": 201.0, ""topwt"": 3984.2047119140634, ""grnwt"": 0.0, ""xlai"": 3.50607967376709, ""totir"": 0.0, ""tofer"": NaN, ""swfac"": 0.0, ""nstres"": 0.0}",0.0,0.0,3984.2047119140634,0.0,3.50607967376709,0.0,,0.0,0.0,0.0,225.0,56.362744140625,56.362744140625,Leave_One_experiments/all_year_offline_schedule_search/daily_outputs/LCA/LCA_2021_LCA2021_normal_grid_S0019_daily.csv
LCA,LCA,Luancheng,2021,Leave_One_experiments\wth_generated_qc\LCA\LCA2021.WTH,wet_year;nitrogen_stress_year;low_response_year,wet,LCA2021_normal_grid_S0019,pareto_balanced,2021-07-21,202,42,37,"{""sim_day"": 42.0, ""doy"": 202.0, ""topwt"": 4072.066345214844, ""grnwt"": 0.0, ""xlai"": 3.53892183303833, ""totir"": 0.0, ""tofer"": NaN, ""swfac"": 0.0, ""nstres"": 0.0}",0.0,0.0,4072.066345214844,0.0,3.53892183303833,0.0,,0.0,0.0,0.0,225.0,56.362744140625,56.362744140625,Leave_One_experiments/all_year_offline_schedule_search/daily_outputs/LCA/LCA_2021_LCA2021_normal_grid_S0019_daily.csv
LCA,LCA,Luancheng,2021,Leave_One_experiments\wth_generated_qc\LCA\LCA2021.WTH,wet_year;nitrogen_stress_year;low_response_year,wet,LCA2021_normal_grid_S0019,pareto_balanced,2021-07-22,203,43,38,"{""sim_day"": 43.0, ""doy"": 203.0, ""topwt"": 4371.074523925781, ""grnwt"": 0.0, ""xlai"": 3.6378307342529297, ""totir"": 0.0, ""tofer"": NaN, ""swfac"": 0.0, ""nstres"": 0.0}",0.0,0.0,4371.074523925781,0.0,3.6378307342529297,0.0,,0.0,0.0,0.0,225.0,56.362744140625,56.362744140625,Leave_One_experiments/all_year_offline_schedule_search/daily_outputs/LCA/LCA_2021_LCA2021_normal_grid_S0019_daily.csv
LCA,LCA,Luancheng,2021,Leave_One_experiments\wth_generated_qc\LCA\LCA2021.WTH,wet_year;nitrogen_stress_year;low_response_year,wet,LCA2021_normal_grid_S0019,pareto_balanced,2021-07-23,204,44,39,"{""sim_day"": 44.0, ""doy"": 204.0, ""topwt"": 4796.050720214844, ""grnwt"": 0.0, ""xlai"": 3.7647922039031982, ""totir"": 0.0, ""tofer"": NaN, ""swfac"": 0.0, ""nstres"": 0.0}",0.0,0.0,4796.050720214844,0.0,3.7647922039031982,0.0,,0.0,0.0,0.0,225.0,56.362744140625,56.362744140625,Leave_One_experiments/all_year_offline_schedule_search/daily_outputs/LCA/LCA_2021_LCA2021_normal_grid_S0019_daily.csv
LCA,LCA,Luancheng,2021,Leave_One_experiments\wth_generated_qc\LCA\LCA2021.WTH,wet_year;nitrogen_stress_year;low_response_year,wet,LCA2021_normal_grid_S0019,pareto_balanced,2021-07-24,205,45,40,"{""sim_day"": 45.0, ""doy"": 205.0, ""topwt"": 5232.9827880859375, ""grnwt"": 0.0, ""xlai"": 3.884544134140015, ""totir"": 0.0, ""tofer"": NaN, ""swfac"": 0.0, ""nstres"": 0.0}",0.0,0.0,5232.9827880859375,0.0,3.884544134140015,0.0,,0.0,0.0,0.0,225.0,56.362744140625,56.362744140625,Leave_One_experiments/all_year_offline_schedule_search/daily_outputs/LCA/LCA_2021_LCA2021_normal_grid_S0019_daily.csv
LCA,LCA,Luancheng,2021,Leave_One_experiments\wth_generated_qc\LCA\LCA2021.WTH,wet_year;nitrogen_stress_year;low_response_year,wet,LCA2021_normal_grid_S0019,pareto_balanced,2021-07-25,206,46,41,"{""sim_day"": 46.0, ""doy"": 206.0, ""topwt"": 5633.6181640625, ""grnwt"": 0.0, ""xlai"": 3.986472606658936, ""totir"": 0.0, ""tofer"": NaN, ""swfac"": 0.0, ""nstres"": 0.0}",0.0,0.0,5633.6181640625,0.0,3.986472606658936,0.0,,0.0,0.0,0.0,225.0,56.362744140625,56.362744140625,Leave_One_experiments/all_year_offline_schedule_search/daily_outputs/LCA/LCA_2021_LCA2021_normal_grid_S0019_daily.csv
LCA,LCA,Luancheng,2021,Leave_One_experiments\wth_generated_qc\LCA\LCA2021.WTH,wet_year;nitrogen_stress_year;low_response_year,wet,LCA2021_normal_grid_S0019,pareto_balanced,2021-07-26,207,47,42,"{""sim_day"": 47.0, ""doy"": 207.0, ""topwt"": 5894.503784179688, ""grnwt"": 0.0, ""xlai"": 4.048669815063477, ""totir"": 0.0, ""tofer"": NaN, ""swfac"": 0.0, ""nstres"": 0.0}",0.0,0.0,5894.503784179688,0.0,4.048669815063477,0.0,,0.0,0.0,0.0,225.0,56.362744140625,56.362744140625,Leave_One_experiments/all_year_offline_schedule_search/daily_outputs/LCA/LCA_2021_LCA2021_normal_grid_S0019_daily.csv
LCA,LCA,Luancheng,2021,Leave_One_experiments\wth_generated_qc\LCA\LCA2021.WTH,wet_year;nitrogen_stress_year;low_response_year,wet,LCA2021_normal_grid_S0019,pareto_balanced,2021-07-27,208,48,43,"{""sim_day"": 48.0, ""doy"": 208.0, ""topwt"": 6030.428466796875, ""grnwt"": 0.0, ""xlai"": 4.07925271987915, ""totir"": 0.0, ""tofer"": NaN, ""swfac"": 0.0, ""nstres"": 0.0}",0.0,0.0,6030.428466796875,0.0,4.07925271987915,0.0,,0.0,0.0,0.0,225.0,56.362744140625,56.362744140625,Leave_One_experiments/all_year_offline_schedule_search/daily_outputs/LCA/LCA_2021_LCA2021_normal_grid_S0019_daily.csv
LCA,LCA,Luancheng,2021,Leave_One_experiments\wth_generated_qc\LCA\LCA2021.WTH,wet_year;nitrogen_stress_year;low_response_year,wet,LCA2021_normal_grid_S0019,pareto_balanced,2021-07-28,209,49,44,"{""sim_day"": 49.0, ""doy"": 209.0, ""topwt"": 6126.4044189453125, ""grnwt"": 0.0, ""xlai"": 4.099220275878906, ""totir"": 0.0, ""tofer"": NaN, ""swfac"": 0.0, ""nstres"": 0.0}",0.0,0.0,6126.4044189453125,0.0,4.099220275878906,0.0,,0.0,0.0,0.0,225.0,56.362744140625,56.362744140625,Leave_One_experiments/all_year_offline_schedule_search/daily_outputs/LCA/LCA_2021_LCA2021_normal_grid_S0019_daily.csv
LCA,LCA,Luancheng,2021,Leave_One_experiments\wth_generated_qc\LCA\LCA2021.WTH,wet_year;nitrogen_stress_year;low_response_year,wet,LCA2021_normal_grid_S0019,pareto_balanced,2021-07-29,210,50,45,"{""sim_day"": 50.0, ""doy"": 210.0, ""topwt"": 6512.65380859375, ""grnwt"": 0.0, ""xlai"": 4.187950134277344, ""totir"": 0.0, ""tofer"": NaN, ""swfac"": 0.0, ""nstres"": 0.0}",0.0,0.0,6512.65380859375,0.0,4.187950134277344,0.0,,0.0,0.0,0.0,225.0,56.362744140625,56.362744140625,Leave_One_experiments/all_year_offline_schedule_search/daily_outputs/LCA/LCA_2021_LCA2021_normal_grid_S0019_daily.csv
LCA,LCA,Luancheng,2021,Leave_One_experiments\wth_generated_qc\LCA\LCA2021.WTH,wet_year;nitrogen_stress_year;low_response_year,wet,LCA2021_normal_grid_S0019,pareto_balanced,2021-07-30,211,51,46,"{""sim_day"": 51.0, ""doy"": 211.0, ""topwt"": 6929.625244140625, ""grnwt"": 0.0, ""xlai"": 4.280759334564209, ""totir"": 0.0, ""tofer"": NaN, ""swfac"": 0.0, ""nstres"": 0.0}",0.0,0.0,6929.625244140625,0.0,4.280759334564209,0.0,,0.0,0.0,0.0,225.0,56.362744140625,56.362744140625,Leave_One_experiments/all_year_offline_schedule_search/daily_outputs/LCA/LCA_2021_LCA2021_normal_grid_S0019_daily.csv
LCA,LCA,Luancheng,2021,Leave_One_experiments\wth_generated_qc\LCA\LCA2021.WTH,wet_year;nitrogen_stress_year;low_response_year,wet,LCA2021_normal_grid_S0019,pareto_balanced,2021-07-31,212,52,47,"{""sim_day"": 52.0, ""doy"": 212.0, ""topwt"": 7372.469482421875, ""grnwt"": 0.0, ""xlai"": 4.09408712387085, ""totir"": 0.0, ""tofer"": NaN, ""swfac"": 0.0, ""nstres"": 0.0}",0.0,0.0,7372.469482421875,0.0,4.09408712387085,0.0,,0.0,0.0,0.0,225.0,56.362744140625,56.362744140625,Leave_One_experiments/all_year_offline_schedule_search/daily_outputs/LCA/LCA_2021_LCA2021_normal_grid_S0019_daily.csv
LCA,LCA,Luancheng,2021,Leave_One_experiments\wth_generated_qc\LCA\LCA2021.WTH,wet_year;nitrogen_stress_year;low_response_year,wet,LCA2021_normal_grid_S0019,pareto_balanced,2021-08-01,213,53,48,"{""sim_day"": 53.0, ""doy"": 213.0, ""topwt"": 7808.466186523437, ""grnwt"": 0.0, ""xlai"": 4.074090003967285, ""totir"": 0.0, ""tofer"": NaN, ""swfac"": 0.0, ""nstres"": 0.0}",0.0,0.0,7808.466186523437,0.0,4.074090003967285,0.0,,0.0,0.0,0.0,225.0,56.362744140625,56.362744140625,Leave_One_experiments/all_year_offline_schedule_search/daily_outputs/LCA/LCA_2021_LCA2021_normal_grid_S0019_daily.csv
LCA,LCA,Luancheng,2021,Leave_One_experiments\wth_generated_qc\LCA\LCA2021.WTH,wet_year;nitrogen_stress_year;low_response_year,wet,LCA2021_normal_grid_S0019,pareto_balanced,2021-08-02,214,54,49,"{""sim_day"": 54.0, ""doy"": 214.0, ""topwt"": 8020.946655273437, ""grnwt"": 0.0, ""xlai"": 4.05511999130249, ""totir"": 0.0, ""tofer"": NaN, ""swfac"": 0.0, ""nstres"": 0.0}",0.0,0.0,8020.946655273437,0.0,4.05511999130249,0.0,,0.0,0.0,0.0,225.0,56.362744140625,56.362744140625,Leave_One_experiments/all_year_offline_schedule_search/daily_outputs/LCA/LCA_2021_LCA2021_normal_grid_S0019_daily.csv
LCA,LCA,Luancheng,2021,Leave_One_experiments\wth_generated_qc\LCA\LCA2021.WTH,wet_year;nitrogen_stress_year;low_response_year,wet,LCA2021_normal_grid_S0019,pareto_balanced,2021-08-03,215,55,50,"{""sim_day"": 55.0, ""doy"": 215.0, ""topwt"": 8311.427001953125, ""grnwt"": 0.0, ""xlai"": 4.032691478729248, ""totir"": 0.0, ""tofer"": NaN, ""swfac"": 0.0, ""nstres"": 0.0}",0.0,0.0,8311.427001953125,0.0,4.032691478729248,0.0,,0.0,0.0,0.0,225.0,56.362744140625,56.362744140625,Leave_One_experiments/all_year_offline_schedule_search/daily_outputs/LCA/LCA_2021_LCA2021_normal_grid_S0019_daily.csv
LCA,LCA,Luancheng,2021,Leave_One_experiments\wth_generated_qc\LCA\LCA2021.WTH,wet_year;nitrogen_stress_year;low_response_year,wet,LCA2021_normal_grid_S0019,pareto_balanced,2021-08-04,216,56,51,"{""sim_day"": 56.0, ""doy"": 216.0, ""topwt"": 8620.120239257812, ""grnwt"": 0.0, ""xlai"": 4.009992599487305, ""totir"": 0.0, ""tofer"": NaN, ""swfac"": 0.0, ""nstres"": 0.0}",0.0,0.0,8620.120239257812,0.0,4.009992599487305,0.0,,0.0,0.0,0.0,225.0,56.362744140625,56.362744140625,Leave_One_experiments/all_year_offline_schedule_search/daily_outputs/LCA/LCA_2021_LCA2021_normal_grid_S0019_daily.csv
LCA,LCA,Luancheng,2021,Leave_One_experiments\wth_generated_qc\LCA\LCA2021.WTH,wet_year;nitrogen_stress_year;low_response_year,wet,LCA2021_normal_grid_S0019,pareto_balanced,2021-08-05,217,57,52,"{""sim_day"": 57.0, ""doy"": 217.0, ""topwt"": 9012.5146484375, ""grnwt"": 0.0, ""xlai"": 3.990211963653565, ""totir"": 0.0, ""tofer"": NaN, ""swfac"": 0.0, ""nstres"": 0.0}",0.0,0.0,9012.5146484375,0.0,3.990211963653565,0.0,,0.0,0.0,0.0,225.0,56.362744140625,56.362744140625,Leave_One_experiments/all_year_offline_schedule_search/daily_outputs/LCA/LCA_2021_LCA2021_normal_grid_S0019_daily.csv
LCA,LCA,Luancheng,2021,Leave_One_experiments\wth_generated_qc\LCA\LCA2021.WTH,wet_year;nitrogen_stress_year;low_response_year,wet,LCA2021_normal_grid_S0019,pareto_balanced,2021-08-06,218,58,53,"{""sim_day"": 58.0, ""doy"": 218.0, ""topwt"": 9308.060302734377, ""grnwt"": 0.0, ""xlai"": 3.968647956848145, ""totir"": 0.0, ""tofer"": NaN, ""swfac"": 0.0, ""nstres"": 0.0}",0.0,0.0,9308.060302734377,0.0,3.968647956848145,0.0,,0.0,0.0,0.0,225.0,56.362744140625,56.362744140625,Leave_One_experiments/all_year_offline_schedule_search/daily_outputs/LCA/LCA_2021_LCA2021_normal_grid_S0019_daily.csv
LCA,LCA,Luancheng,2021,Leave_One_experiments\wth_generated_qc\LCA\LCA2021.WTH,wet_year;nitrogen_stress_year;low_response_year,wet,LCA2021_normal_grid_S0019,pareto_balanced,2021-08-07,219,59,54,"{""sim_day"": 59.0, ""doy"": 219.0, ""topwt"": 9594.429321289062, ""grnwt"": 0.0, ""xlai"": 3.9490835666656494, ""totir"": 0.0, ""tofer"": NaN, ""swfac"": 0.0, ""nstres"": 0.0}",0.0,0.0,9594.429321289062,0.0,3.9490835666656494,0.0,,0.0,0.0,0.0,225.0,56.362744140625,56.362744140625,Leave_One_experiments/all_year_offline_schedule_search/daily_outputs/LCA/LCA_2021_LCA2021_normal_grid_S0019_daily.csv
LCA,LCA,Luancheng,2021,Leave_One_experiments\wth_generated_qc\LCA\LCA2021.WTH,wet_year;nitrogen_stress_year;low_response_year,wet,LCA2021_normal_grid_S0019,pareto_balanced,2021-08-08,220,60,55,"{""sim_day"": 60.0, ""doy"": 220.0, ""topwt"": 9979.1943359375, ""grnwt"": 0.0, ""xlai"": 3.9296815395355225, ""totir"": 0.0, ""tofer"": NaN, ""swfac"": 0.0, ""nstres"": 0.0}",0.0,0.0,9979.1943359375,0.0,3.9296815395355225,0.0,,0.0,0.0,0.0,225.0,56.362744140625,56.362744140625,Leave_One_experiments/all_year_offline_schedule_search/daily_outputs/LCA/LCA_2021_LCA2021_normal_grid_S0019_daily.csv
LCA,LCA,Luancheng,2021,Leave_One_experiments\wth_generated_qc\LCA\LCA2021.WTH,wet_year;nitrogen_stress_year;low_response_year,wet,LCA2021_normal_grid_S0019,pareto_balanced,2021-08-09,221,61,56,"{""sim_day"": 61.0, ""doy"": 221.0, ""topwt"": 10267.042236328123, ""grnwt"": 387.3808670043945, ""xlai"": 3.849724054336548, ""totir"": 0.0, ""tofer"": NaN, ""swfac"": 0.0, ""nstres"": 0.0}",0.0,0.0,10267.042236328123,387.3808670043945,3.849724054336548,0.0,,0.0,0.0,0.0,225.0,56.362744140625,56.362744140625,Leave_One_experiments/all_year_offline_schedule_search/daily_outputs/LCA/LCA_2021_LCA2021_normal_grid_S0019_daily.csv
LCA,LCA,Luancheng,2021,Leave_One_experiments\wth_generated_qc\LCA\LCA2021.WTH,wet_year;nitrogen_stress_year;low_response_year,wet,LCA2021_normal_grid_S0019,pareto_balanced,2021-08-10,222,62,57,"{""sim_day"": 62.0, ""doy"": 222.0, ""topwt"": 10629.9560546875, ""grnwt"": 774.7617340087891, ""xlai"": 3.836001873016357, ""totir"": 0.0, ""tofer"": NaN, ""swfac"": 0.0, ""nstres"": 0.0}",0.0,0.0,10629.9560546875,774.7617340087891,3.836001873016357,0.0,,0.0,0.0,0.0,225.0,56.362744140625,56.362744140625,Leave_One_experiments/all_year_offline_schedule_search/daily_outputs/LCA/LCA_2021_LCA2021_normal_grid_S0019_daily.csv
LCA,LCA,Luancheng,2021,Leave_One_experiments\wth_generated_qc\LCA\LCA2021.WTH,wet_year;nitrogen_stress_year;low_response_year,wet,LCA2021_normal_grid_S0019,pareto_balanced,2021-08-11,223,63,58,"{""sim_day"": 63.0, ""doy"": 223.0, ""topwt"": 11021.007080078123, ""grnwt"": 1162.1426391601562, ""xlai"": 3.819890975952149, ""totir"": 0.0, ""tofer"": NaN, ""swfac"": 0.0, ""nstres"": 0.0}",0.0,0.0,11021.007080078123,1162.1426391601562,3.819890975952149,0.0,,0.0,0.0,0.0,225.0,56.362744140625,56.362744140625,Leave_One_experiments/all_year_offline_schedule_search/daily_outputs/LCA/LCA_2021_LCA2021_normal_grid_S0019_daily.csv
LCA,LCA,Luancheng,2021,Leave_One_experiments\wth_generated_qc\LCA\LCA2021.WTH,wet_year;nitrogen_stress_year;low_response_year,wet,LCA2021_normal_grid_S0019,pareto_balanced,2021-08-12,224,64,59,"{""sim_day"": 64.0, ""doy"": 224.0, ""topwt"": 11408.8916015625, ""grnwt"": 1549.523468017578, ""xlai"": 3.801147222518921, ""totir"": 0.0, ""tofer"": NaN, ""swfac"": 0.0, ""nstres"": 0.0}",0.0,0.0,11408.8916015625,1549.523468017578,3.801147222518921,0.0,,0.0,0.0,0.0,225.0,56.362744140625,56.362744140625,Leave_One_experiments/all_year_offline_schedule_search/daily_outputs/LCA/LCA_2021_LCA2021_normal_grid_S0019_daily.csv
LCA,LCA,Luancheng,2021,Leave_One_experiments\wth_generated_qc\LCA\LCA2021.WTH,wet_year;nitrogen_stress_year;low_response_year,wet,LCA2021_normal_grid_S0019,pareto_balanced,2021-08-13,225,65,60,"{""sim_day"": 65.0, ""doy"": 225.0, ""topwt"": 11825.5859375, ""grnwt"": 1936.9044494628904, ""xlai"": 3.780692577362061, ""totir"": 0.0, ""tofer"": NaN, ""swfac"": 0.0, ""nstres"": 0.0}",0.0,0.0,11825.5859375,1936.9044494628904,3.780692577362061,0.0,,0.0,75.0,0.0,225.0,56.362744140625,56.362744140625,Leave_One_experiments/all_year_offline_schedule_search/daily_outputs/LCA/LCA_2021_LCA2021_normal_grid_S0019_daily.csv
LCA,LCA,Luancheng,2021,Leave_One_experiments\wth_generated_qc\LCA\LCA2021.WTH,wet_year;nitrogen_stress_year;low_response_year,wet,LCA2021_normal_grid_S0019,pareto_balanced,2021-08-14,226,66,61,"{""sim_day"": 66.0, ""doy"": 226.0, ""topwt"": 12201.18896484375, ""grnwt"": 2324.2852783203125, ""xlai"": 3.757132768630981, ""totir"": 0.0, ""tofer"": NaN, ""swfac"": 0.0, ""nstres"": 0.0}",0.0,0.0,12201.18896484375,2324.2852783203125,3.757132768630981,0.0,,0.0,0.0,0.0,225.0,56.362744140625,56.362744140625,Leave_One_experiments/all_year_offline_schedule_search/daily_outputs/LCA/LCA_2021_LCA2021_normal_grid_S0019_daily.csv
LCA,LCA,Luancheng,2021,Leave_One_experiments\wth_generated_qc\LCA\LCA2021.WTH,wet_year;nitrogen_stress_year;low_response_year,wet,LCA2021_normal_grid_S0019,pareto_balanced,2021-08-15,227,67,62,"{""sim_day"": 67.0, ""doy"": 227.0, ""topwt"": 12580.3076171875, ""grnwt"": 2711.665954589844, ""xlai"": 3.7296857833862314, ""totir"": 0.0, ""tofer"": NaN, ""swfac"": 0.0, ""nstres"": 0.0}",0.0,0.0,12580.3076171875,2711.665954589844,3.7296857833862314,0.0,,0.0,0.0,0.0,225.0,56.362744140625,56.362744140625,Leave_One_experiments/all_year_offline_schedule_search/daily_outputs/LCA/LCA_2021_LCA2021_normal_grid_S0019_daily.csv
LCA,LCA,Luancheng,2021,Leave_One_experiments\wth_generated_qc\LCA\LCA2021.WTH,wet_year;nitrogen_stress_year;low_response_year,wet,LCA2021_normal_grid_S0019,pareto_balanced,2021-08-16,228,68,63,"{""sim_day"": 68.0, ""doy"": 228.0, ""topwt"": 12775.55908203125, ""grnwt"": 3099.046936035156, ""xlai"": 3.700240850448608, ""totir"": 0.0, ""tofer"": NaN, ""swfac"": 0.0, ""nstres"": 0.0}",0.0,0.0,12775.55908203125,3099.046936035156,3.700240850448608,0.0,,0.0,0.0,0.0,225.0,56.362744140625,56.362744140625,Leave_One_experiments/all_year_offline_schedule_search/daily_outputs/LCA/LCA_2021_LCA2021_normal_grid_S0019_daily.csv
LCA,LCA,Luancheng,2021,Leave_One_experiments\wth_generated_qc\LCA\LCA2021.WTH,wet_year;nitrogen_stress_year;low_response_year,wet,LCA2021_normal_grid_S0019,pareto_balanced,2021-08-17,229,69,64,"{""sim_day"": 69.0, ""doy"": 229.0, ""topwt"": 13018.228759765623, ""grnwt"": 3486.4279174804688, ""xlai"": 3.66309666633606, ""totir"": 0.0, ""tofer"": NaN, ""swfac"": 0.0, ""nstres"": 0.0}",0.0,0.0,13018.228759765623,3486.4279174804688,3.66309666633606,0.0,,0.0,0.0,0.0,225.0,56.362744140625,56.362744140625,Leave_One_experiments/all_year_offline_schedule_search/daily_outputs/LCA/LCA_2021_LCA2021_normal_grid_S0019_daily.csv
LCA,LCA,Luancheng,2021,Leave_One_experiments\wth_generated_qc\LCA\LCA2021.WTH,wet_year;nitrogen_stress_year;low_response_year,wet,LCA2021_normal_grid_S0019,pareto_balanced,2021-08-18,230,70,65,"{""sim_day"": 70.0, ""doy"": 230.0, ""topwt"": 13059.910888671877, ""grnwt"": 3873.808898925781, ""xlai"": 3.631732702255249, ""totir"": 0.0, ""tofer"": NaN, ""swfac"": 0.0, ""nstres"": 0.0}",0.0,0.0,13059.910888671877,3873.808898925781,3.631732702255249,0.0,,0.0,0.0,0.0,225.0,56.362744140625,56.362744140625,Leave_One_experiments/all_year_offline_schedule_search/daily_outputs/LCA/LCA_2021_LCA2021_normal_grid_S0019_daily.csv
LCA,LCA,Luancheng,2021,Leave_One_experiments\wth_generated_qc\LCA\LCA2021.WTH,wet_year;nitrogen_stress_year;low_response_year,wet,LCA2021_normal_grid_S0019,pareto_balanced,2021-08-19,231,71,66,"{""sim_day"": 71.0, ""doy"": 231.0, ""topwt"": 13460.635986328123, ""grnwt"": 4261.189880371094, ""xlai"": 3.593329906463623, ""totir"": 0.0, ""tofer"": NaN, ""swfac"": 0.0, ""nstres"": 0.0}",0.0,0.0,13460.635986328123,4261.189880371094,3.593329906463623,0.0,,0.0,0.0,0.0,225.0,56.362744140625,56.362744140625,Leave_One_experiments/all_year_offline_schedule_search/daily_outputs/LCA/LCA_2021_LCA2021_normal_grid_S0019_daily.csv
LCA,LCA,Luancheng,2021,Leave_One_experiments\wth_generated_qc\LCA\LCA2021.WTH,wet_year;nitrogen_stress_year;low_response_year,wet,LCA2021_normal_grid_S0019,pareto_balanced,2021-08-20,232,72,67,"{""sim_day"": 72.0, ""doy"": 232.0, ""topwt"": 13796.658935546877, ""grnwt"": 4648.570861816406, ""xlai"": 3.551175355911255, ""totir"": 0.0, ""tofer"": NaN, ""swfac"": 0.0, ""nstres"": 0.0}",0.0,0.0,13796.658935546877,4648.570861816406,3.551175355911255,0.0,,0.0,0.0,0.0,225.0,56.362744140625,56.362744140625,Leave_One_experiments/all_year_offline_schedule_search/daily_outputs/LCA/LCA_2021_LCA2021_normal_grid_S0019_daily.csv
LCA,LCA,Luancheng,2021,Leave_One_experiments\wth_generated_qc\LCA\LCA2021.WTH,wet_year;nitrogen_stress_year;low_response_year,wet,LCA2021_normal_grid_S0019,pareto_balanced,2021-08-21,233,73,68,"{""sim_day"": 73.0, ""doy"": 233.0, ""topwt"": 14149.54345703125, ""grnwt"": 5028.688354492188, ""xlai"": 3.495345115661621, ""totir"": 0.0, ""tofer"": NaN, ""swfac"": 0.0, ""nstres"": 0.0}",0.0,0.0,14149.54345703125,5028.688354492188,3.495345115661621,0.0,,0.0,0.0,0.0,225.0,56.362744140625,56.362744140625,Leave_One_experiments/all_year_offline_schedule_search/daily_outputs/LCA/LCA_2021_LCA2021_normal_grid_S0019_daily.csv
LCA,LCA,Luancheng,2021,Leave_One_experiments\wth_generated_qc\LCA\LCA2021.WTH,wet_year;nitrogen_stress_year;low_response_year,wet,LCA2021_normal_grid_S0019,pareto_balanced,2021-08-22,234,74,69,"{""sim_day"": 74.0, ""doy"": 234.0, ""topwt"": 14564.21875, ""grnwt"": 5416.0693359375, ""xlai"": 3.44026517868042, ""totir"": 0.0, ""tofer"": NaN, ""swfac"": 0.0, ""nstres"": 0.0}",0.0,0.0,14564.21875,5416.0693359375,3.44026517868042,0.0,,0.0,0.0,0.0,225.0,56.362744140625,56.362744140625,Leave_One_experiments/all_year_offline_schedule_search/daily_outputs/LCA/LCA_2021_LCA2021_normal_grid_S0019_daily.csv
LCA,LCA,Luancheng,2021,Leave_One_experiments\wth_generated_qc\LCA\LCA2021.WTH,wet_year;nitrogen_stress_year;low_response_year,wet,LCA2021_normal_grid_S0019,pareto_balanced,2021-08-23,235,75,70,"{""sim_day"": 75.0, ""doy"": 235.0, ""topwt"": 14991.7724609375, ""grnwt"": 5803.4503173828125, ""xlai"": 3.3848273754119877, ""totir"": 0.0, ""tofer"": NaN, ""swfac"": 0.0, ""nstres"": 0.0}",0.0,0.0,14991.7724609375,5803.4503173828125,3.3848273754119877,0.0,,0.0,0.0,0.0,225.0,56.362744140625,56.362744140625,Leave_One_experiments/all_year_offline_schedule_search/daily_outputs/LCA/LCA_2021_LCA2021_normal_grid_S0019_daily.csv
LCA,LCA,Luancheng,2021,Leave_One_experiments\wth_generated_qc\LCA\LCA2021.WTH,wet_year;nitrogen_stress_year;low_response_year,wet,LCA2021_normal_grid_S0019,pareto_balanced,2021-08-24,236,76,71,"{""sim_day"": 76.0, ""doy"": 236.0, ""topwt"": 15431.08642578125, ""grnwt"": 6190.831298828125, ""xlai"": 3.3287100791931152, ""totir"": 0.0, ""tofer"": NaN, ""swfac"": 0.0, ""nstres"": 0.0}",0.0,0.0,15431.08642578125,6190.831298828125,3.3287100791931152,0.0,,0.0,0.0,0.0,225.0,56.362744140625,56.362744140625,Leave_One_experiments/all_year_offline_schedule_search/daily_outputs/LCA/LCA_2021_LCA2021_normal_grid_S0019_daily.csv
LCA,LCA,Luancheng,2021,Leave_One_experiments\wth_generated_qc\LCA\LCA2021.WTH,wet_year;nitrogen_stress_year;low_response_year,wet,LCA2021_normal_grid_S0019,pareto_balanced,2021-08-25,237,77,72,"{""sim_day"": 77.0, ""doy"": 237.0, ""topwt"": 15833.472900390623, ""grnwt"": 6578.2122802734375, ""xlai"": 3.269214391708374, ""totir"": 0.0, ""tofer"": NaN, ""swfac"": 0.0, ""nstres"": 0.0}",0.0,0.0,15833.472900390623,6578.2122802734375,3.269214391708374,0.0,,0.0,0.0,0.0,225.0,56.362744140625,56.362744140625,Leave_One_experiments/all_year_offline_schedule_search/daily_outputs/LCA/LCA_2021_LCA2021_normal_grid_S0019_daily.csv
LCA,LCA,Luancheng,2021,Leave_One_experiments\wth_generated_qc\LCA\LCA2021.WTH,wet_year;nitrogen_stress_year;low_response_year,wet,LCA2021_normal_grid_S0019,pareto_balanced,2021-08-26,238,78,73,"{""sim_day"": 78.0, ""doy"": 238.0, ""topwt"": 16246.502685546877, ""grnwt"": 6965.59326171875, ""xlai"": 3.2047810554504395, ""totir"": 0.0, ""tofer"": NaN, ""swfac"": 0.0, ""nstres"": 0.0}",0.0,0.0,16246.502685546877,6965.59326171875,3.2047810554504395,0.0,,0.0,0.0,0.0,225.0,56.362744140625,56.362744140625,Leave_One_experiments/all_year_offline_schedule_search/daily_outputs/LCA/LCA_2021_LCA2021_normal_grid_S0019_daily.csv
LCA,LCA,Luancheng,2021,Leave_One_experiments\wth_generated_qc\LCA\LCA2021.WTH,wet_year;nitrogen_stress_year;low_response_year,wet,LCA2021_normal_grid_S0019,pareto_balanced,2021-08-27,239,79,74,"{""sim_day"": 79.0, ""doy"": 239.0, ""topwt"": 16565.631103515625, ""grnwt"": 7352.974853515625, ""xlai"": 3.1367523670196533, ""totir"": 0.0, ""tofer"": NaN, ""swfac"": 0.0, ""nstres"": 0.0}",0.0,0.0,16565.631103515625,7352.974853515625,3.1367523670196533,0.0,,0.0,0.0,0.0,225.0,56.362744140625,56.362744140625,Leave_One_experiments/all_year_offline_schedule_search/daily_outputs/LCA/LCA_2021_LCA2021_normal_grid_S0019_daily.csv
LCA,LCA,Luancheng,2021,Leave_One_experiments\wth_generated_qc\LCA\LCA2021.WTH,wet_year;nitrogen_stress_year;low_response_year,wet,LCA2021_normal_grid_S0019,pareto_balanced,2021-08-28,240,80,75,"{""sim_day"": 80.0, ""doy"": 240.0, ""topwt"": 16817.93212890625, ""grnwt"": 7740.355224609375, ""xlai"": 3.063118696212769, ""totir"": 0.0, ""tofer"": NaN, ""swfac"": 0.0, ""nstres"": 0.0}",0.0,0.0,16817.93212890625,7740.355224609375,3.063118696212769,0.0,,0.0,0.0,0.0,225.0,56.362744140625,56.362744140625,Leave_One_experiments/all_year_offline_schedule_search/daily_outputs/LCA/LCA_2021_LCA2021_normal_grid_S0019_daily.csv
LCA,LCA,Luancheng,2021,Leave_One_experiments\wth_generated_qc\LCA\LCA2021.WTH,wet_year;nitrogen_stress_year;low_response_year,wet,LCA2021_normal_grid_S0019,pareto_balanced,2021-08-29,241,81,76,"{""sim_day"": 81.0, ""doy"": 241.0, ""topwt"": 17003.109130859375, ""grnwt"": 8127.736206054687, ""xlai"": 2.9941272735595703, ""totir"": 0.0, ""tofer"": NaN, ""swfac"": 0.0, ""nstres"": 0.0}",0.0,0.0,17003.109130859375,8127.736206054687,2.9941272735595703,0.0,,0.0,0.0,0.0,225.0,56.362744140625,56.362744140625,Leave_One_experiments/all_year_offline_schedule_search/daily_outputs/LCA/LCA_2021_LCA2021_normal_grid_S0019_daily.csv
LCA,LCA,Luancheng,2021,Leave_One_experiments\wth_generated_qc\LCA\LCA2021.WTH,wet_year;nitrogen_stress_year;low_response_year,wet,LCA2021_normal_grid_S0019,pareto_balanced,2021-08-30,242,82,77,"{""sim_day"": 82.0, ""doy"": 242.0, ""topwt"": 17114.24560546875, ""grnwt"": 8246.57470703125, ""xlai"": 2.9197349548339844, ""totir"": 0.0, ""tofer"": NaN, ""swfac"": 0.0, ""nstres"": 0.0}",0.0,0.0,17114.24560546875,8246.57470703125,2.9197349548339844,0.0,,0.0,0.0,0.0,225.0,56.362744140625,56.362744140625,Leave_One_experiments/all_year_offline_schedule_search/daily_outputs/LCA/LCA_2021_LCA2021_normal_grid_S0019_daily.csv
LCA,LCA,Luancheng,2021,Leave_One_experiments\wth_generated_qc\LCA\LCA2021.WTH,wet_year;nitrogen_stress_year;low_response_year,wet,LCA2021_normal_grid_S0019,pareto_balanced,2021-08-31,243,83,78,"{""sim_day"": 83.0, ""doy"": 243.0, ""topwt"": 17512.369384765625, ""grnwt"": 8633.955688476562, ""xlai"": 2.835163116455078, ""totir"": 0.0, ""tofer"": NaN, ""swfac"": 0.0, ""nstres"": 0.0}",0.0,0.0,17512.369384765625,8633.955688476562,2.835163116455078,0.0,,0.0,0.0,0.0,225.0,56.362744140625,56.362744140625,Leave_One_experiments/all_year_offline_schedule_search/daily_outputs/LCA/LCA_2021_LCA2021_normal_grid_S0019_daily.csv
LCA,LCA,Luancheng,2021,Leave_One_experiments\wth_generated_qc\LCA\LCA2021.WTH,wet_year;nitrogen_stress_year;low_response_year,wet,LCA2021_normal_grid_S0019,pareto_balanced,2021-09-01,244,84,79,"{""sim_day"": 84.0, ""doy"": 244.0, ""topwt"": 17921.273193359375, ""grnwt"": 9021.336669921877, ""xlai"": 2.7470643520355225, ""totir"": 0.0, ""tofer"": NaN, ""swfac"": 0.0, ""nstres"": 0.0}",0.0,0.0,17921.273193359375,9021.336669921877,2.7470643520355225,0.0,,0.0,0.0,0.0,225.0,56.362744140625,56.362744140625,Leave_One_experiments/all_year_offline_schedule_search/daily_outputs/LCA/LCA_2021_LCA2021_normal_grid_S0019_daily.csv
LCA,LCA,Luancheng,2021,Leave_One_experiments\wth_generated_qc\LCA\LCA2021.WTH,wet_year;nitrogen_stress_year;low_response_year,wet,LCA2021_normal_grid_S0019,pareto_balanced,2021-09-02,245,85,80,"{""sim_day"": 85.0, ""doy"": 245.0, ""topwt"": 18061.64306640625, ""grnwt"": 9193.970947265623, ""xlai"": 2.649279356002808, ""totir"": 0.0, ""tofer"": NaN, ""swfac"": 0.0, ""nstres"": 0.0}",0.0,0.0,18061.64306640625,9193.970947265623,2.649279356002808,0.0,,0.0,0.0,0.0,225.0,56.362744140625,56.362744140625,Leave_One_experiments/all_year_offline_schedule_search/daily_outputs/LCA/LCA_2021_LCA2021_normal_grid_S0019_daily.csv
LCA,LCA,Luancheng,2021,Leave_One_experiments\wth_generated_qc\LCA\LCA2021.WTH,wet_year;nitrogen_stress_year;low_response_year,wet,LCA2021_normal_grid_S0019,pareto_balanced,2021-09-03,246,86,81,"{""sim_day"": 86.0, ""doy"": 246.0, ""topwt"": 18119.7021484375, ""grnwt"": 9252.029418945312, ""xlai"": 2.5578153133392334, ""totir"": 0.0, ""tofer"": NaN, ""swfac"": 0.0, ""nstres"": 0.0}",0.0,0.0,18119.7021484375,9252.029418945312,2.5578153133392334,0.0,,0.0,0.0,0.0,225.0,56.362744140625,56.362744140625,Leave_One_experiments/all_year_offline_schedule_search/daily_outputs/LCA/LCA_2021_LCA2021_normal_grid_S0019_daily.csv
LCA,LCA,Luancheng,2021,Leave_One_experiments\wth_generated_qc\LCA\LCA2021.WTH,wet_year;nitrogen_stress_year;low_response_year,wet,LCA2021_normal_grid_S0019,pareto_balanced,2021-09-04,247,87,82,"{""sim_day"": 87.0, ""doy"": 247.0, ""topwt"": 18232.606201171875, ""grnwt"": 9364.932861328123, ""xlai"": 2.468806505203247, ""totir"": 0.0, ""tofer"": NaN, ""swfac"": 0.0, ""nstres"": 0.0}",0.0,0.0,18232.606201171875,9364.932861328123,2.468806505203247,0.0,,0.0,0.0,0.0,225.0,56.362744140625,56.362744140625,Leave_One_experiments/all_year_offline_schedule_search/daily_outputs/LCA/LCA_2021_LCA2021_normal_grid_S0019_daily.csv
LCA,LCA,Luancheng,2021,Leave_One_experiments\wth_generated_qc\LCA\LCA2021.WTH,wet_year;nitrogen_stress_year;low_response_year,wet,LCA2021_normal_grid_S0019,pareto_balanced,2021-09-05,248,88,83,"{""sim_day"": 88.0, ""doy"": 248.0, ""topwt"": 18446.6650390625, ""grnwt"": 9578.993530273438, ""xlai"": 2.370668888092041, ""totir"": 0.0, ""tofer"": NaN, ""swfac"": 0.0, ""nstres"": 0.0}",0.0,0.0,18446.6650390625,9578.993530273438,2.370668888092041,0.0,,0.0,0.0,0.0,225.0,56.362744140625,56.362744140625,Leave_One_experiments/all_year_offline_schedule_search/daily_outputs/LCA/LCA_2021_LCA2021_normal_grid_S0019_daily.csv
LCA,LCA,Luancheng,2021,Leave_One_experiments\wth_generated_qc\LCA\LCA2021.WTH,wet_year;nitrogen_stress_year;low_response_year,wet,LCA2021_normal_grid_S0019,pareto_balanced,2021-09-06,249,89,84,"{""sim_day"": 89.0, ""doy"": 249.0, ""topwt"": 18845.04150390625, ""grnwt"": 9966.37451171875, ""xlai"": 2.2700791358947754, ""totir"": 0.0, ""tofer"": NaN, ""swfac"": 0.0, ""nstres"": 0.0}",0.0,0.0,18845.04150390625,9966.37451171875,2.2700791358947754,0.0,,0.0,0.0,0.0,225.0,56.362744140625,56.362744140625,Leave_One_experiments/all_year_offline_schedule_search/daily_outputs/LCA/LCA_2021_LCA2021_normal_grid_S0019_daily.csv
LCA,LCA,Luancheng,2021,Leave_One_experiments\wth_generated_qc\LCA\LCA2021.WTH,wet_year;nitrogen_stress_year;low_response_year,wet,LCA2021_normal_grid_S0019,pareto_balanced,2021-09-07,250,90,85,"{""sim_day"": 90.0, ""doy"": 250.0, ""topwt"": 19233.06640625, ""grnwt"": 10353.756103515623, ""xlai"": 2.15736722946167, ""totir"": 0.0, ""tofer"": NaN, ""swfac"": 0.0, ""nstres"": 0.0}",0.0,0.0,19233.06640625,10353.756103515623,2.15736722946167,0.0,,0.0,0.0,0.0,225.0,56.362744140625,56.362744140625,Leave_One_experiments/all_year_offline_schedule_search/daily_outputs/LCA/LCA_2021_LCA2021_normal_grid_S0019_daily.csv
LCA,LCA,Luancheng,2021,Leave_One_experiments\wth_generated_qc\LCA\LCA2021.WTH,wet_year;nitrogen_stress_year;low_response_year,wet,LCA2021_normal_grid_S0019,pareto_balanced,2021-09-08,251,91,86,"{""sim_day"": 91.0, ""doy"": 251.0, ""topwt"": 19576.79077148437, ""grnwt"": 10709.117431640623, ""xlai"": 2.02537202835083, ""totir"": 0.0, ""tofer"": NaN, ""swfac"": 0.0, ""nstres"": 0.0}",0.0,0.0,19576.79077148437,10709.117431640623,2.02537202835083,0.0,,0.0,0.0,0.0,225.0,56.362744140625,56.362744140625,Leave_One_experiments/all_year_offline_schedule_search/daily_outputs/LCA/LCA_2021_LCA2021_normal_grid_S0019_daily.csv
LCA,LCA,Luancheng,2021,Leave_One_experiments\wth_generated_qc\LCA\LCA2021.WTH,wet_year;nitrogen_stress_year;low_response_year,wet,LCA2021_normal_grid_S0019,pareto_balanced,2021-09-09,252,92,87,"{""sim_day"": 92.0, ""doy"": 252.0, ""topwt"": 19842.53173828125, ""grnwt"": 10974.859619140623, ""xlai"": 1.8777936697006223, ""totir"": 0.0, ""tofer"": NaN, ""swfac"": 0.0, ""nstres"": 0.0}",0.0,0.0,19842.53173828125,10974.859619140623,1.8777936697006223,0.0,,0.0,0.0,0.0,225.0,56.362744140625,56.362744140625,Leave_One_experiments/all_year_offline_schedule_search/daily_outputs/LCA/LCA_2021_LCA2021_normal_grid_S0019_daily.csv
LCA,LCA,Luancheng,2021,Leave_One_experiments\wth_generated_qc\LCA\LCA2021.WTH,wet_year;nitrogen_stress_year;low_response_year,wet,LCA2021_normal_grid_S0019,pareto_balanced,2021-09-10,253,93,88,"{""sim_day"": 93.0, ""doy"": 253.0, ""topwt"": 20128.946533203125, ""grnwt"": 11261.2744140625, ""xlai"": 1.712618708610535, ""totir"": 0.0, ""tofer"": NaN, ""swfac"": 0.0, ""nstres"": 0.0}",0.0,0.0,20128.946533203125,11261.2744140625,1.712618708610535,0.0,,0.0,0.0,0.0,225.0,56.362744140625,56.362744140625,Leave_One_experiments/all_year_offline_schedule_search/daily_outputs/LCA/LCA_2021_LCA2021_normal_grid_S0019_daily.csv
LCA,LCA,Luancheng,2021,Leave_One_experiments\wth_generated_qc\LCA\LCA2021.WTH,wet_year;nitrogen_stress_year;low_response_year,wet,LCA2021_normal_grid_S0019,pareto_balanced,2021-09-11,254,94,89,"{""sim_day"": 94.0, ""doy"": 254.0, ""topwt"": 20128.946533203125, ""grnwt"": 11261.2744140625, ""xlai"": 1.712618708610535, ""totir"": 0.0, ""tofer"": NaN, ""swfac"": 0.0, ""nstres"": 0.0}",0.0,0.0,20128.946533203125,11261.2744140625,1.712618708610535,0.0,,0.0,0.0,0.0,225.0,56.362744140625,56.362744140625,Leave_One_experiments/all_year_offline_schedule_search/daily_outputs/LCA/LCA_2021_LCA2021_normal_grid_S0019_daily.csv
LCA,LCA,Luancheng,2021,Leave_One_experiments\wth_generated_qc\LCA\LCA2021.WTH,wet_year;nitrogen_stress_year;low_response_year,wet,LCA2021_normal_grid_S0019,pareto_balanced,2021-09-12,255,95,90,"{""sim_day"": 95.0, ""doy"": 255.0, ""topwt"": 20128.946533203125, ""grnwt"": 11261.2744140625, ""xlai"": 1.712618708610535, ""totir"": 0.0, ""tofer"": NaN, ""swfac"": 0.0, ""nstres"": 0.0}",0.0,0.0,20128.946533203125,11261.2744140625,1.712618708610535,0.0,,0.0,0.0,0.0,225.0,56.362744140625,56.362744140625,Leave_One_experiments/all_year_offline_schedule_search/daily_outputs/LCA/LCA_2021_LCA2021_normal_grid_S0019_daily.csv
LCA,LCA,Luancheng,2021,Leave_One_experiments\wth_generated_qc\LCA\LCA2021.WTH,wet_year;nitrogen_stress_year;low_response_year,wet,LCA2021_normal_grid_S0019,pareto_balanced,2021-09-13,256,96,91,"{""sim_day"": 96.0, ""doy"": 256.0, ""topwt"": 20128.946533203125, ""grnwt"": 11261.2744140625, ""xlai"": 1.712618708610535, ""totir"": 0.0, ""tofer"": NaN, ""swfac"": 0.0, ""nstres"": 0.0}",0.0,0.0,20128.946533203125,11261.2744140625,1.712618708610535,0.0,,0.0,0.0,0.0,225.0,56.362744140625,56.362744140625,Leave_One_experiments/all_year_offline_schedule_search/daily_outputs/LCA/LCA_2021_LCA2021_normal_grid_S0019_daily.csv
LCA,LCA,Luancheng,2021,Leave_One_experiments\wth_generated_qc\LCA\LCA2021.WTH,wet_year;nitrogen_stress_year;low_response_year,wet,LCA2021_normal_grid_S0031,pareto_balanced,2021-06-15,166,1,1,"{""sim_day"": 1.0, ""doy"": 166.0, ""topwt"": 0.0, ""grnwt"": 0.0, ""xlai"": 0.0, ""totir"": 0.0, ""tofer"": NaN, ""swfac"": 0.0, ""nstres"": 0.0}",0.0,0.0,0.0,0.0,0.0,0.0,,0.0,80.0,30.0,180.0,50.38326416015626,62.38326416015626,Leave_One_experiments/all_year_offline_schedule_search/daily_outputs/LCA/LCA_2021_LCA2021_normal_grid_S0031_daily.csv
LCA,LCA,Luancheng,2021,Leave_One_experiments\wth_generated_qc\LCA\LCA2021.WTH,wet_year;nitrogen_stress_year;low_response_year,wet,LCA2021_normal_grid_S0031,pareto_balanced,2021-06-16,167,2,2,"{""sim_day"": 2.0, ""doy"": 167.0, ""topwt"": 0.0, ""grnwt"": 0.0, ""xlai"": 0.0, ""totir"": 0.0, ""tofer"": NaN, ""swfac"": 0.0, ""nstres"": 0.0}",0.0,0.0,0.0,0.0,0.0,0.0,,0.0,0.0,30.0,180.0,50.38326416015626,62.38326416015626,Leave_One_experiments/all_year_offline_schedule_search/daily_outputs/LCA/LCA_2021_LCA2021_normal_grid_S0031_daily.csv
LCA,LCA,Luancheng,2021,Leave_One_experiments\wth_generated_qc\LCA\LCA2021.WTH,wet_year;nitrogen_stress_year;low_response_year,wet,LCA2021_normal_grid_S0031,pareto_balanced,2021-06-17,168,3,3,"{""sim_day"": 3.0, ""doy"": 168.0, ""topwt"": 0.0, ""grnwt"": 0.0, ""xlai"": 0.0, ""totir"": 0.0, ""tofer"": NaN, ""swfac"": 0.0, ""nstres"": 0.0}",0.0,0.0,0.0,0.0,0.0,0.0,,0.0,0.0,30.0,180.0,50.38326416015626,62.38326416015626,Leave_One_experiments/all_year_offline_schedule_search/daily_outputs/LCA/LCA_2021_LCA2021_normal_grid_S0031_daily.csv
LCA,LCA,Luancheng,2021,Leave_One_experiments\wth_generated_qc\LCA\LCA2021.WTH,wet_year;nitrogen_stress_year;low_response_year,wet,LCA2021_normal_grid_S0031,pareto_balanced,2021-06-18,169,4,4,"{""sim_day"": 4.0, ""doy"": 169.0, ""topwt"": 0.0, ""grnwt"": 0.0, ""xlai"": 0.0, ""totir"": 0.0, ""tofer"": NaN, ""swfac"": 0.0, ""nstres"": 0.0}",0.0,0.0,0.0,0.0,0.0,0.0,,0.0,0.0,30.0,180.0,50.38326416015626,62.38326416015626,Leave_One_experiments/all_year_offline_schedule_search/daily_outputs/LCA/LCA_2021_LCA2021_normal_grid_S0031_daily.csv
LCA,LCA,Luancheng,2021,Leave_One_experiments\wth_generated_qc\LCA\LCA2021.WTH,wet_year;nitrogen_stress_year;low_response_year,wet,LCA2021_normal_grid_S0031,pareto_balanced,2021-06-19,170,5,5,"{""sim_day"": 5.0, ""doy"": 170.0, ""topwt"": 0.0, ""grnwt"": 0.0, ""xlai"": 0.0, ""totir"": 0.0, ""tofer"": NaN, ""swfac"": 0.0, ""nstres"": 0.0}",0.0,0.0,0.0,0.0,0.0,0.0,,0.0,0.0,30.0,180.0,50.38326416015626,62.38326416015626,Leave_One_experiments/all_year_offline_schedule_search/daily_outputs/LCA/LCA_2021_LCA2021_normal_grid_S0031_daily.csv
LCA,LCA,Luancheng,2021,Leave_One_experiments\wth_generated_qc\LCA\LCA2021.WTH,wet_year;nitrogen_stress_year;low_response_year,wet,LCA2021_normal_grid_S0031,pareto_balanced,2021-06-15,166,6,1,"{""sim_day"": 6.0, ""doy"": 166.0, ""topwt"": 0.0, ""grnwt"": 0.0, ""xlai"": 0.0, ""totir"": 0.0, ""tofer"": NaN, ""swfac"": 0.0, ""nstres"": 0.0}",0.0,0.0,0.0,0.0,0.0,0.0,,0.0,0.0,30.0,180.0,50.38326416015626,62.38326416015626,Leave_One_experiments/all_year_offline_schedule_search/daily_outputs/LCA/LCA_2021_LCA2021_normal_grid_S0031_daily.csv
LCA,LCA,Luancheng,2021,Leave_One_experiments\wth_generated_qc\LCA\LCA2021.WTH,wet_year;nitrogen_stress_year;low_response_year,wet,LCA2021_normal_grid_S0031,pareto_balanced,2021-06-16,167,7,2,"{""sim_day"": 7.0, ""doy"": 167.0, ""topwt"": 0.0, ""grnwt"": 0.0, ""xlai"": 0.0, ""totir"": 0.0, ""tofer"": NaN, ""swfac"": 0.0, ""nstres"": 0.0}",0.0,0.0,0.0,0.0,0.0,0.0,,0.0,0.0,30.0,180.0,50.38326416015626,62.38326416015626,Leave_One_experiments/all_year_offline_schedule_search/daily_outputs/LCA/LCA_2021_LCA2021_normal_grid_S0031_daily.csv
LCA,LCA,Luancheng,2021,Leave_One_experiments\wth_generated_qc\LCA\LCA2021.WTH,wet_year;nitrogen_stress_year;low_response_year,wet,LCA2021_normal_grid_S0031,pareto_balanced,2021-06-17,168,8,3,"{""sim_day"": 8.0, ""doy"": 168.0, ""topwt"": 0.0, ""grnwt"": 0.0, ""xlai"": 0.0, ""totir"": 0.0, ""tofer"": NaN, ""swfac"": 0.0, ""nstres"": 0.0}",0.0,0.0,0.0,0.0,0.0,0.0,,0.0,0.0,30.0,180.0,50.38326416015626,62.38326416015626,Leave_One_experiments/all_year_offline_schedule_search/daily_outputs/LCA/LCA_2021_LCA2021_normal_grid_S0031_daily.csv
LCA,LCA,Luancheng,2021,Leave_One_experiments\wth_generated_qc\LCA\LCA2021.WTH,wet_year;nitrogen_stress_year;low_response_year,wet,LCA2021_normal_grid_S0031,pareto_balanced,2021-06-18,169,9,4,"{""sim_day"": 9.0, ""doy"": 169.0, ""topwt"": 0.0, ""grnwt"": 0.0, ""xlai"": 0.0, ""totir"": 0.0, ""tofer"": NaN, ""swfac"": 0.0, ""nstres"": 0.0}",0.0,0.0,0.0,0.0,0.0,0.0,,0.0,0.0,30.0,180.0,50.38326416015626,62.38326416015626,Leave_One_experiments/all_year_offline_schedule_search/daily_outputs/LCA/LCA_2021_LCA2021_normal_grid_S0031_daily.csv
LCA,LCA,Luancheng,2021,Leave_One_experiments\wth_generated_qc\LCA\LCA2021.WTH,wet_year;nitrogen_stress_year;low_response_year,wet,LCA2021_normal_grid_S0031,pareto_balanced,2021-06-19,170,10,5,"{""sim_day"": 10.0, ""doy"": 170.0, ""topwt"": 23.600001335144043, ""grnwt"": 0.0, ""xlai"": 0.0059677395038306, ""totir"": 0.0, ""tofer"": NaN, ""swfac"": 0.0, ""nstres"": 0.0121910572052001}",0.0,0.0121910572052001,23.600001335144043,0.0,0.0059677395038306,0.0,,0.0,0.0,30.0,180.0,50.38326416015626,62.38326416015626,Leave_One_experiments/all_year_offline_schedule_search/daily_outputs/LCA/LCA_2021_LCA2021_normal_grid_S0031_daily.csv
LCA,LCA,Luancheng,2021,Leave_One_experiments\wth_generated_qc\LCA\LCA2021.WTH,wet_year;nitrogen_stress_year;low_response_year,wet,LCA2021_normal_grid_S0031,pareto_balanced,2021-06-20,171,11,6,"{""sim_day"": 11.0, ""doy"": 171.0, ""topwt"": 23.600001335144043, ""grnwt"": 0.0, ""xlai"": 0.0122181307524442, ""totir"": 0.0, ""tofer"": NaN, ""swfac"": 0.0, ""nstres"": 0.0065466165542602}",0.0,0.0065466165542602,23.600001335144043,0.0,0.0122181307524442,0.0,,0.0,0.0,30.0,180.0,50.38326416015626,62.38326416015626,Leave_One_experiments/all_year_offline_schedule_search/daily_outputs/LCA/LCA_2021_LCA2021_normal_grid_S0031_daily.csv
LCA,LCA,Luancheng,2021,Leave_One_experiments\wth_generated_qc\LCA\LCA2021.WTH,wet_year;nitrogen_stress_year;low_response_year,wet,LCA2021_normal_grid_S0031,pareto_balanced,2021-06-21,172,12,7,"{""sim_day"": 12.0, ""doy"": 172.0, ""topwt"": 23.600001335144043, ""grnwt"": 0.0, ""xlai"": 0.0333492867648601, ""totir"": 0.0, ""tofer"": NaN, ""swfac"": 0.0, ""nstres"": 0.0}",0.0,0.0,23.600001335144043,0.0,0.0333492867648601,0.0,,0.0,0.0,30.0,180.0,50.38326416015626,62.38326416015626,Leave_One_experiments/all_year_offline_schedule_search/daily_outputs/LCA/LCA_2021_LCA2021_normal_grid_S0031_daily.csv
LCA,LCA,Luancheng,2021,Leave_One_experiments\wth_generated_qc\LCA\LCA2021.WTH,wet_year;nitrogen_stress_year;low_response_year,wet,LCA2021_normal_grid_S0031,pareto_balanced,2021-06-22,173,13,8,"{""sim_day"": 13.0, ""doy"": 173.0, ""topwt"": 29.884769916534424, ""grnwt"": 0.0, ""xlai"": 0.057041723281145, ""totir"": 0.0, ""tofer"": NaN, ""swfac"": 0.0, ""nstres"": 0.0}",0.0,0.0,29.884769916534424,0.0,0.057041723281145,0.0,,0.0,0.0,30.0,180.0,50.38326416015626,62.38326416015626,Leave_One_experiments/all_year_offline_schedule_search/daily_outputs/LCA/LCA_2021_LCA2021_normal_grid_S0031_daily.csv
LCA,LCA,Luancheng,2021,Leave_One_experiments\wth_generated_qc\LCA\LCA2021.WTH,wet_year;nitrogen_stress_year;low_response_year,wet,LCA2021_normal_grid_S0031,pareto_balanced,2021-06-23,174,14,9,"{""sim_day"": 14.0, ""doy"": 174.0, ""topwt"": 41.67731761932373, ""grnwt"": 0.0, ""xlai"": 0.0851109102368354, ""totir"": 0.0, ""tofer"": NaN, ""swfac"": 0.0, ""nstres"": 0.0}",0.0,0.0,41.67731761932373,0.0,0.0851109102368354,0.0,,0.0,0.0,30.0,180.0,50.38326416015626,62.38326416015626,Leave_One_experiments/all_year_offline_schedule_search/daily_outputs/LCA/LCA_2021_LCA2021_normal_grid_S0031_daily.csv
LCA,LCA,Luancheng,2021,Leave_One_experiments\wth_generated_qc\LCA\LCA2021.WTH,wet_year;nitrogen_stress_year;low_response_year,wet,LCA2021_normal_grid_S0031,pareto_balanced,2021-06-24,175,15,10,"{""sim_day"": 15.0, ""doy"": 175.0, ""topwt"": 57.81259059906006, ""grnwt"": 0.0, ""xlai"": 0.120040938258171, ""totir"": 0.0, ""tofer"": NaN, ""swfac"": 0.0, ""nstres"": 0.0}",0.0,0.0,57.81259059906006,0.0,0.120040938258171,0.0,,0.0,0.0,30.0,180.0,50.38326416015626,62.38326416015626,Leave_One_experiments/all_year_offline_schedule_search/daily_outputs/LCA/LCA_2021_LCA2021_normal_grid_S0031_daily.csv
LCA,LCA,Luancheng,2021,Leave_One_experiments\wth_generated_qc\LCA\LCA2021.WTH,wet_year;nitrogen_stress_year;low_response_year,wet,LCA2021_normal_grid_S0031,pareto_balanced,2021-06-25,176,16,11,"{""sim_day"": 16.0, ""doy"": 176.0, ""topwt"": 82.52166748046875, ""grnwt"": 0.0, ""xlai"": 0.168981984257698, ""totir"": 0.0, ""tofer"": NaN, ""swfac"": 0.0, ""nstres"": 0.0}",0.0,0.0,82.52166748046875,0.0,0.168981984257698,0.0,,0.0,0.0,30.0,180.0,50.38326416015626,62.38326416015626,Leave_One_experiments/all_year_offline_schedule_search/daily_outputs/LCA/LCA_2021_LCA2021_normal_grid_S0031_daily.csv
LCA,LCA,Luancheng,2021,Leave_One_experiments\wth_generated_qc\LCA\LCA2021.WTH,wet_year;nitrogen_stress_year;low_response_year,wet,LCA2021_normal_grid_S0031,pareto_balanced,2021-06-26,177,17,12,"{""sim_day"": 17.0, ""doy"": 177.0, ""topwt"": 111.42297744750977, ""grnwt"": 0.0, ""xlai"": 0.2218737006187439, ""totir"": 0.0, ""tofer"": NaN, ""swfac"": 0.0, ""nstres"": 0.0}",0.0,0.0,111.42297744750977,0.0,0.2218737006187439,0.0,,0.0,0.0,30.0,180.0,50.38326416015626,62.38326416015626,Leave_One_experiments/all_year_offline_schedule_search/daily_outputs/LCA/LCA_2021_LCA2021_normal_grid_S0031_daily.csv
LCA,LCA,Luancheng,2021,Leave_One_experiments\wth_generated_qc\LCA\LCA2021.WTH,wet_year;nitrogen_stress_year;low_response_year,wet,LCA2021_normal_grid_S0031,pareto_balanced,2021-06-27,178,18,13,"{""sim_day"": 18.0, ""doy"": 178.0, ""topwt"": 149.95773315429688, ""grnwt"": 0.0, ""xlai"": 0.2876603305339813, ""totir"": 0.0, ""tofer"": NaN, ""swfac"": 0.0, ""nstres"": 0.0}",0.0,0.0,149.95773315429688,0.0,0.2876603305339813,0.0,,0.0,0.0,30.0,180.0,50.38326416015626,62.38326416015626,Leave_One_experiments/all_year_offline_schedule_search/daily_outputs/LCA/LCA_2021_LCA2021_normal_grid_S0031_daily.csv
LCA,LCA,Luancheng,2021,Leave_One_experiments\wth_generated_qc\LCA\LCA2021.WTH,wet_year;nitrogen_stress_year;low_response_year,wet,LCA2021_normal_grid_S0031,pareto_balanced,2021-06-28,179,19,14,"{""sim_day"": 19.0, ""doy"": 179.0, ""topwt"": 190.78697204589844, ""grnwt"": 0.0, ""xlai"": 0.3773365914821625, ""totir"": 0.0, ""tofer"": NaN, ""swfac"": 0.0, ""nstres"": 0.0}",0.0,0.0,190.78697204589844,0.0,0.3773365914821625,0.0,,0.0,0.0,30.0,180.0,50.38326416015626,62.38326416015626,Leave_One_experiments/all_year_offline_schedule_search/daily_outputs/LCA/LCA_2021_LCA2021_normal_grid_S0031_daily.csv
LCA,LCA,Luancheng,2021,Leave_One_experiments\wth_generated_qc\LCA\LCA2021.WTH,wet_year;nitrogen_stress_year;low_response_year,wet,LCA2021_normal_grid_S0031,pareto_balanced,2021-06-29,180,20,15,"{""sim_day"": 20.0, ""doy"": 180.0, ""topwt"": 250.0927734375, ""grnwt"": 0.0, ""xlai"": 0.4735099971294403, ""totir"": 0.0, ""tofer"": NaN, ""swfac"": 0.0, ""nstres"": 0.0085428357124328}",0.0,0.0085428357124328,250.0927734375,0.0,0.4735099971294403,0.0,,0.0,0.0,30.0,180.0,50.38326416015626,62.38326416015626,Leave_One_experiments/all_year_offline_schedule_search/daily_outputs/LCA/LCA_2021_LCA2021_normal_grid_S0031_daily.csv
LCA,LCA,Luancheng,2021,Leave_One_experiments\wth_generated_qc\LCA\LCA2021.WTH,wet_year;nitrogen_stress_year;low_response_year,wet,LCA2021_normal_grid_S0031,pareto_balanced,2021-06-30,181,21,16,"{""sim_day"": 21.0, ""doy"": 181.0, ""topwt"": 303.4108161926269, ""grnwt"": 0.0, ""xlai"": 0.555514931678772, ""totir"": 0.0, ""tofer"": NaN, ""swfac"": 0.0, ""nstres"": 0.0}",0.0,0.0,303.4108161926269,0.0,0.555514931678772,0.0,,0.0,0.0,30.0,180.0,50.38326416015626,62.38326416015626,Leave_One_experiments/all_year_offline_schedule_search/daily_outputs/LCA/LCA_2021_LCA2021_normal_grid_S0031_daily.csv
LCA,LCA,Luancheng,2021,Leave_One_experiments\wth_generated_qc\LCA\LCA2021.WTH,wet_year;nitrogen_stress_year;low_response_year,wet,LCA2021_normal_grid_S0031,pareto_balanced,2021-07-01,182,22,17,"{""sim_day"": 22.0, ""doy"": 182.0, ""topwt"": 372.90794372558594, ""grnwt"": 0.0, ""xlai"": 0.6580381393432617, ""totir"": 0.0, ""tofer"": NaN, ""swfac"": 0.0, ""nstres"": 0.0}",0.0,0.0,372.90794372558594,0.0,0.6580381393432617,0.0,,0.0,0.0,30.0,180.0,50.38326416015626,62.38326416015626,Leave_One_experiments/all_year_offline_schedule_search/daily_outputs/LCA/LCA_2021_LCA2021_normal_grid_S0031_daily.csv
LCA,LCA,Luancheng,2021,Leave_One_experiments\wth_generated_qc\LCA\LCA2021.WTH,wet_year;nitrogen_stress_year;low_response_year,wet,LCA2021_normal_grid_S0031,pareto_balanced,2021-07-02,183,23,18,"{""sim_day"": 23.0, ""doy"": 183.0, ""topwt"": 457.0256805419922, ""grnwt"": 0.0, ""xlai"": 0.7767034769058228, ""totir"": 0.0, ""tofer"": NaN, ""swfac"": 0.0, ""nstres"": 0.0}",0.0,0.0,457.0256805419922,0.0,0.7767034769058228,0.0,,0.0,0.0,30.0,180.0,50.38326416015626,62.38326416015626,Leave_One_experiments/all_year_offline_schedule_search/daily_outputs/LCA/LCA_2021_LCA2021_normal_grid_S0031_daily.csv
LCA,LCA,Luancheng,2021,Leave_One_experiments\wth_generated_qc\LCA\LCA2021.WTH,wet_year;nitrogen_stress_year;low_response_year,wet,LCA2021_normal_grid_S0031,pareto_balanced,2021-07-03,184,24,19,"{""sim_day"": 24.0, ""doy"": 184.0, ""topwt"": 577.9928588867188, ""grnwt"": 0.0, ""xlai"": 0.9393734335899352, ""totir"": 0.0, ""tofer"": NaN, ""swfac"": 0.0, ""nstres"": 0.0}",0.0,0.0,577.9928588867188,0.0,0.9393734335899352,0.0,,0.0,0.0,30.0,180.0,50.38326416015626,62.38326416015626,Leave_One_experiments/all_year_offline_schedule_search/daily_outputs/LCA/LCA_2021_LCA2021_normal_grid_S0031_daily.csv
LCA,LCA,Luancheng,2021,Leave_One_experiments\wth_generated_qc\LCA\LCA2021.WTH,wet_year;nitrogen_stress_year;low_response_year,wet,LCA2021_normal_grid_S0031,pareto_balanced,2021-07-04,185,25,20,"{""sim_day"": 25.0, ""doy"": 185.0, ""topwt"": 713.0747985839844, ""grnwt"": 0.0, ""xlai"": 1.11139178276062, ""totir"": 0.0, ""tofer"": NaN, ""swfac"": 0.0, ""nstres"": 0.0}",0.0,0.0,713.0747985839844,0.0,1.11139178276062,0.0,,0.0,0.0,30.0,180.0,50.38326416015626,62.38326416015626,Leave_One_experiments/all_year_offline_schedule_search/daily_outputs/LCA/LCA_2021_LCA2021_normal_grid_S0031_daily.csv
LCA,LCA,Luancheng,2021,Leave_One_experiments\wth_generated_qc\LCA\LCA2021.WTH,wet_year;nitrogen_stress_year;low_response_year,wet,LCA2021_normal_grid_S0031,pareto_balanced,2021-07-05,186,26,21,"{""sim_day"": 26.0, ""doy"": 186.0, ""topwt"": 870.7486724853516, ""grnwt"": 0.0, ""xlai"": 1.3075119256973269, ""totir"": 0.0, ""tofer"": NaN, ""swfac"": 0.0, ""nstres"": 0.0}",0.0,0.0,870.7486724853516,0.0,1.3075119256973269,0.0,,0.0,0.0,30.0,180.0,50.38326416015626,62.38326416015626,Leave_One_experiments/all_year_offline_schedule_search/daily_outputs/LCA/LCA_2021_LCA2021_normal_grid_S0031_daily.csv
LCA,LCA,Luancheng,2021,Leave_One_experiments\wth_generated_qc\LCA\LCA2021.WTH,wet_year;nitrogen_stress_year;low_response_year,wet,LCA2021_normal_grid_S0031,pareto_balanced,2021-07-06,187,27,22,"{""sim_day"": 27.0, ""doy"": 187.0, ""topwt"": 1016.8398284912108, ""grnwt"": 0.0, ""xlai"": 1.4781982898712158, ""totir"": 0.0, ""tofer"": NaN, ""swfac"": 0.0, ""nstres"": 0.0}",0.0,0.0,1016.8398284912108,0.0,1.4781982898712158,0.0,,0.0,0.0,30.0,180.0,50.38326416015626,62.38326416015626,Leave_One_experiments/all_year_offline_schedule_search/daily_outputs/LCA/LCA_2021_LCA2021_normal_grid_S0031_daily.csv
LCA,LCA,Luancheng,2021,Leave_One_experiments\wth_generated_qc\LCA\LCA2021.WTH,wet_year;nitrogen_stress_year;low_response_year,wet,LCA2021_normal_grid_S0031,pareto_balanced,2021-07-07,188,28,23,"{""sim_day"": 28.0, ""doy"": 188.0, ""topwt"": 1193.275146484375, ""grnwt"": 0.0, ""xlai"": 1.6707565784454346, ""totir"": 0.0, ""tofer"": NaN, ""swfac"": 0.0, ""nstres"": 0.0}",0.0,0.0,1193.275146484375,0.0,1.6707565784454346,0.0,,0.0,0.0,30.0,180.0,50.38326416015626,62.38326416015626,Leave_One_experiments/all_year_offline_schedule_search/daily_outputs/LCA/LCA_2021_LCA2021_normal_grid_S0031_daily.csv
LCA,LCA,Luancheng,2021,Leave_One_experiments\wth_generated_qc\LCA\LCA2021.WTH,wet_year;nitrogen_stress_year;low_response_year,wet,LCA2021_normal_grid_S0031,pareto_balanced,2021-07-08,189,29,24,"{""sim_day"": 29.0, ""doy"": 189.0, ""topwt"": 1405.0599670410156, ""grnwt"": 0.0, ""xlai"": 1.883750319480896, ""totir"": 0.0, ""tofer"": NaN, ""swfac"": 0.0, ""nstres"": 0.0}",0.0,0.0,1405.0599670410156,0.0,1.883750319480896,0.0,,0.0,0.0,30.0,180.0,50.38326416015626,62.38326416015626,Leave_One_experiments/all_year_offline_schedule_search/daily_outputs/LCA/LCA_2021_LCA2021_normal_grid_S0031_daily.csv
LCA,LCA,Luancheng,2021,Leave_One_experiments\wth_generated_qc\LCA\LCA2021.WTH,wet_year;nitrogen_stress_year;low_response_year,wet,LCA2021_normal_grid_S0031,pareto_balanced,2021-07-09,190,30,25,"{""sim_day"": 30.0, ""doy"": 190.0, ""topwt"": 1622.5885009765625, ""grnwt"": 0.0, ""xlai"": 2.08362340927124, ""totir"": 0.0, ""tofer"": NaN, ""swfac"": 0.0, ""nstres"": 0.0}",0.0,0.0,1622.5885009765625,0.0,2.08362340927124,0.0,,0.0,0.0,30.0,180.0,50.38326416015626,62.38326416015626,Leave_One_experiments/all_year_offline_schedule_search/daily_outputs/LCA/LCA_2021_LCA2021_normal_grid_S0031_daily.csv
LCA,LCA,Luancheng,2021,Leave_One_experiments\wth_generated_qc\LCA\LCA2021.WTH,wet_year;nitrogen_stress_year;low_response_year,wet,LCA2021_normal_grid_S0031,pareto_balanced,2021-07-10,191,31,26,"{""sim_day"": 31.0, ""doy"": 191.0, ""topwt"": 1748.5284423828125, ""grnwt"": 0.0, ""xlai"": 2.1903364658355717, ""totir"": 0.0, ""tofer"": NaN, ""swfac"": 0.0, ""nstres"": 0.0}",0.0,0.0,1748.5284423828125,0.0,2.1903364658355717,0.0,,0.0,0.0,30.0,180.0,50.38326416015626,62.38326416015626,Leave_One_experiments/all_year_offline_schedule_search/daily_outputs/LCA/LCA_2021_LCA2021_normal_grid_S0031_daily.csv
LCA,LCA,Luancheng,2021,Leave_One_experiments\wth_generated_qc\LCA\LCA2021.WTH,wet_year;nitrogen_stress_year;low_response_year,wet,LCA2021_normal_grid_S0031,pareto_balanced,2021-07-11,192,32,27,"{""sim_day"": 32.0, ""doy"": 192.0, ""topwt"": 1986.226959228516, ""grnwt"": 0.0, ""xlai"": 2.376378536224365, ""totir"": 0.0, ""tofer"": NaN, ""swfac"": 0.0, ""nstres"": 0.0}",0.0,0.0,1986.226959228516,0.0,2.376378536224365,0.0,,0.0,0.0,30.0,180.0,50.38326416015626,62.38326416015626,Leave_One_experiments/all_year_offline_schedule_search/daily_outputs/LCA/LCA_2021_LCA2021_normal_grid_S0031_daily.csv
LCA,LCA,Luancheng,2021,Leave_One_experiments\wth_generated_qc\LCA\LCA2021.WTH,wet_year;nitrogen_stress_year;low_response_year,wet,LCA2021_normal_grid_S0031,pareto_balanced,2021-07-12,193,33,28,"{""sim_day"": 33.0, ""doy"": 193.0, ""topwt"": 2280.5319213867188, ""grnwt"": 0.0, ""xlai"": 2.585706949234009, ""totir"": 0.0, ""tofer"": NaN, ""swfac"": 0.0, ""nstres"": 0.0}",0.0,0.0,2280.5319213867188,0.0,2.585706949234009,0.0,,0.0,0.0,30.0,180.0,50.38326416015626,62.38326416015626,Leave_One_experiments/all_year_offline_schedule_search/daily_outputs/LCA/LCA_2021_LCA2021_normal_grid_S0031_daily.csv
LCA,LCA,Luancheng,2021,Leave_One_experiments\wth_generated_qc\LCA\LCA2021.WTH,wet_year;nitrogen_stress_year;low_response_year,wet,LCA2021_normal_grid_S0031,pareto_balanced,2021-07-13,194,34,29,"{""sim_day"": 34.0, ""doy"": 194.0, ""topwt"": 2602.269592285156, ""grnwt"": 0.0, ""xlai"": 2.792530298233032, ""totir"": 0.0, ""tofer"": NaN, ""swfac"": 0.0, ""nstres"": 0.0}",0.0,0.0,2602.269592285156,0.0,2.792530298233032,0.0,,0.0,0.0,30.0,180.0,50.38326416015626,62.38326416015626,Leave_One_experiments/all_year_offline_schedule_search/daily_outputs/LCA/LCA_2021_LCA2021_normal_grid_S0031_daily.csv
LCA,LCA,Luancheng,2021,Leave_One_experiments\wth_generated_qc\LCA\LCA2021.WTH,wet_year;nitrogen_stress_year;low_response_year,wet,LCA2021_normal_grid_S0031,pareto_balanced,2021-07-14,195,35,30,"{""sim_day"": 35.0, ""doy"": 195.0, ""topwt"": 2924.1424560546875, ""grnwt"": 0.0, ""xlai"": 2.979473829269409, ""totir"": 0.0, ""tofer"": NaN, ""swfac"": 0.0, ""nstres"": 0.0}",0.0,0.0,2924.1424560546875,0.0,2.979473829269409,0.0,,0.0,50.0,30.0,180.0,50.38326416015626,62.38326416015626,Leave_One_experiments/all_year_offline_schedule_search/daily_outputs/LCA/LCA_2021_LCA2021_normal_grid_S0031_daily.csv
LCA,LCA,Luancheng,2021,Leave_One_experiments\wth_generated_qc\LCA\LCA2021.WTH,wet_year;nitrogen_stress_year;low_response_year,wet,LCA2021_normal_grid_S0031,pareto_balanced,2021-07-15,196,36,31,"{""sim_day"": 36.0, ""doy"": 196.0, ""topwt"": 3206.7221069335938, ""grnwt"": 0.0, ""xlai"": 3.128724813461304, ""totir"": 0.0, ""tofer"": NaN, ""swfac"": 0.0, ""nstres"": 0.0}",0.0,0.0,3206.7221069335938,0.0,3.128724813461304,0.0,,0.0,0.0,30.0,180.0,50.38326416015626,62.38326416015626,Leave_One_experiments/all_year_offline_schedule_search/daily_outputs/LCA/LCA_2021_LCA2021_normal_grid_S0031_daily.csv
LCA,LCA,Luancheng,2021,Leave_One_experiments\wth_generated_qc\LCA\LCA2021.WTH,wet_year;nitrogen_stress_year;low_response_year,wet,LCA2021_normal_grid_S0031,pareto_balanced,2021-07-16,197,37,32,"{""sim_day"": 37.0, ""doy"": 197.0, ""topwt"": 3348.863220214844, ""grnwt"": 0.0, ""xlai"": 3.197640180587769, ""totir"": 0.0, ""tofer"": NaN, ""swfac"": 0.0, ""nstres"": 0.0}",0.0,0.0,3348.863220214844,0.0,3.197640180587769,0.0,,0.0,0.0,30.0,180.0,50.38326416015626,62.38326416015626,Leave_One_experiments/all_year_offline_schedule_search/daily_outputs/LCA/LCA_2021_LCA2021_normal_grid_S0031_daily.csv
LCA,LCA,Luancheng,2021,Leave_One_experiments\wth_generated_qc\LCA\LCA2021.WTH,wet_year;nitrogen_stress_year;low_response_year,wet,LCA2021_normal_grid_S0031,pareto_balanced,2021-07-17,198,38,33,"{""sim_day"": 38.0, ""doy"": 198.0, ""topwt"": 3453.798217773437, ""grnwt"": 0.0, ""xlai"": 3.2449939250946045, ""totir"": 0.0, ""tofer"": NaN, ""swfac"": 0.0, ""nstres"": 0.0}",0.0,0.0,3453.798217773437,0.0,3.2449939250946045,0.0,,0.0,0.0,30.0,180.0,50.38326416015626,62.38326416015626,Leave_One_experiments/all_year_offline_schedule_search/daily_outputs/LCA/LCA_2021_LCA2021_normal_grid_S0031_daily.csv
LCA,LCA,Luancheng,2021,Leave_One_experiments\wth_generated_qc\LCA\LCA2021.WTH,wet_year;nitrogen_stress_year;low_response_year,wet,LCA2021_normal_grid_S0031,pareto_balanced,2021-07-18,199,39,34,"{""sim_day"": 39.0, ""doy"": 199.0, ""topwt"": 3713.6187744140634, ""grnwt"": 0.0, ""xlai"": 3.3535773754119877, ""totir"": 0.0, ""tofer"": NaN, ""swfac"": 0.0, ""nstres"": 0.0}",0.0,0.0,3713.6187744140634,0.0,3.3535773754119877,0.0,,0.0,0.0,30.0,180.0,50.38326416015626,62.38326416015626,Leave_One_experiments/all_year_offline_schedule_search/daily_outputs/LCA/LCA_2021_LCA2021_normal_grid_S0031_daily.csv
LCA,LCA,Luancheng,2021,Leave_One_experiments\wth_generated_qc\LCA\LCA2021.WTH,wet_year;nitrogen_stress_year;low_response_year,wet,LCA2021_normal_grid_S0031,pareto_balanced,2021-07-19,200,40,35,"{""sim_day"": 40.0, ""doy"": 200.0, ""topwt"": 3937.09228515625, ""grnwt"": 0.0, ""xlai"": 3.4855635166168213, ""totir"": 0.0, ""tofer"": NaN, ""swfac"": 0.0, ""nstres"": 0.0}",0.0,0.0,3937.09228515625,0.0,3.4855635166168213,0.0,,0.0,0.0,30.0,180.0,50.38326416015626,62.38326416015626,Leave_One_experiments/all_year_offline_schedule_search/daily_outputs/LCA/LCA_2021_LCA2021_normal_grid_S0031_daily.csv
LCA,LCA,Luancheng,2021,Leave_One_experiments\wth_generated_qc\LCA\LCA2021.WTH,wet_year;nitrogen_stress_year;low_response_year,wet,LCA2021_normal_grid_S0031,pareto_balanced,2021-07-20,201,41,36,"{""sim_day"": 41.0, ""doy"": 201.0, ""topwt"": 3984.2047119140634, ""grnwt"": 0.0, ""xlai"": 3.50607967376709, ""totir"": 0.0, ""tofer"": NaN, ""swfac"": 0.0, ""nstres"": 0.0}",0.0,0.0,3984.2047119140634,0.0,3.50607967376709,0.0,,0.0,0.0,30.0,180.0,50.38326416015626,62.38326416015626,Leave_One_experiments/all_year_offline_schedule_search/daily_outputs/LCA/LCA_2021_LCA2021_normal_grid_S0031_daily.csv
LCA,LCA,Luancheng,2021,Leave_One_experiments\wth_generated_qc\LCA\LCA2021.WTH,wet_year;nitrogen_stress_year;low_response_year,wet,LCA2021_normal_grid_S0031,pareto_balanced,2021-07-21,202,42,37,"{""sim_day"": 42.0, ""doy"": 202.0, ""topwt"": 4072.066345214844, ""grnwt"": 0.0, ""xlai"": 3.53892183303833, ""totir"": 0.0, ""tofer"": NaN, ""swfac"": 0.0, ""nstres"": 0.0}",0.0,0.0,4072.066345214844,0.0,3.53892183303833,0.0,,0.0,0.0,30.0,180.0,50.38326416015626,62.38326416015626,Leave_One_experiments/all_year_offline_schedule_search/daily_outputs/LCA/LCA_2021_LCA2021_normal_grid_S0031_daily.csv
LCA,LCA,Luancheng,2021,Leave_One_experiments\wth_generated_qc\LCA\LCA2021.WTH,wet_year;nitrogen_stress_year;low_response_year,wet,LCA2021_normal_grid_S0031,pareto_balanced,2021-07-22,203,43,38,"{""sim_day"": 43.0, ""doy"": 203.0, ""topwt"": 4371.073913574219, ""grnwt"": 0.0, ""xlai"": 3.6378307342529297, ""totir"": 0.0, ""tofer"": NaN, ""swfac"": 0.0, ""nstres"": 0.0}",0.0,0.0,4371.073913574219,0.0,3.6378307342529297,0.0,,0.0,0.0,30.0,180.0,50.38326416015626,62.38326416015626,Leave_One_experiments/all_year_offline_schedule_search/daily_outputs/LCA/LCA_2021_LCA2021_normal_grid_S0031_daily.csv
LCA,LCA,Luancheng,2021,Leave_One_experiments\wth_generated_qc\LCA\LCA2021.WTH,wet_year;nitrogen_stress_year;low_response_year,wet,LCA2021_normal_grid_S0031,pareto_balanced,2021-07-23,204,44,39,"{""sim_day"": 44.0, ""doy"": 204.0, ""topwt"": 4797.166748046875, ""grnwt"": 0.0, ""xlai"": 3.765125751495361, ""totir"": 0.0, ""tofer"": NaN, ""swfac"": 0.0, ""nstres"": 0.0}",0.0,0.0,4797.166748046875,0.0,3.765125751495361,0.0,,0.0,0.0,30.0,180.0,50.38326416015626,62.38326416015626,Leave_One_experiments/all_year_offline_schedule_search/daily_outputs/LCA/LCA_2021_LCA2021_normal_grid_S0031_daily.csv
LCA,LCA,Luancheng,2021,Leave_One_experiments\wth_generated_qc\LCA\LCA2021.WTH,wet_year;nitrogen_stress_year;low_response_year,wet,LCA2021_normal_grid_S0031,pareto_balanced,2021-07-24,205,45,40,"{""sim_day"": 45.0, ""doy"": 205.0, ""topwt"": 5235.3448486328125, ""grnwt"": 0.0, ""xlai"": 3.8852174282073975, ""totir"": 0.0, ""tofer"": NaN, ""swfac"": 0.0, ""nstres"": 0.0}",0.0,0.0,5235.3448486328125,0.0,3.8852174282073975,0.0,,0.0,0.0,30.0,180.0,50.38326416015626,62.38326416015626,Leave_One_experiments/all_year_offline_schedule_search/daily_outputs/LCA/LCA_2021_LCA2021_normal_grid_S0031_daily.csv
LCA,LCA,Luancheng,2021,Leave_One_experiments\wth_generated_qc\LCA\LCA2021.WTH,wet_year;nitrogen_stress_year;low_response_year,wet,LCA2021_normal_grid_S0031,pareto_balanced,2021-07-25,206,46,41,"{""sim_day"": 46.0, ""doy"": 206.0, ""topwt"": 5635.993041992188, ""grnwt"": 0.0, ""xlai"": 3.987148284912109, ""totir"": 0.0, ""tofer"": NaN, ""swfac"": 0.0, ""nstres"": 0.0}",0.0,0.0,5635.993041992188,0.0,3.987148284912109,0.0,,0.0,0.0,30.0,180.0,50.38326416015626,62.38326416015626,Leave_One_experiments/all_year_offline_schedule_search/daily_outputs/LCA/LCA_2021_LCA2021_normal_grid_S0031_daily.csv
LCA,LCA,Luancheng,2021,Leave_One_experiments\wth_generated_qc\LCA\LCA2021.WTH,wet_year;nitrogen_stress_year;low_response_year,wet,LCA2021_normal_grid_S0031,pareto_balanced,2021-07-26,207,47,42,"{""sim_day"": 47.0, ""doy"": 207.0, ""topwt"": 5896.88720703125, ""grnwt"": 0.0, ""xlai"": 4.049346923828125, ""totir"": 0.0, ""tofer"": NaN, ""swfac"": 0.0, ""nstres"": 0.0}",0.0,0.0,5896.88720703125,0.0,4.049346923828125,0.0,,0.0,0.0,30.0,180.0,50.38326416015626,62.38326416015626,Leave_One_experiments/all_year_offline_schedule_search/daily_outputs/LCA/LCA_2021_LCA2021_normal_grid_S0031_daily.csv
LCA,LCA,Luancheng,2021,Leave_One_experiments\wth_generated_qc\LCA\LCA2021.WTH,wet_year;nitrogen_stress_year;low_response_year,wet,LCA2021_normal_grid_S0031,pareto_balanced,2021-07-27,208,48,43,"{""sim_day"": 48.0, ""doy"": 208.0, ""topwt"": 6032.8155517578125, ""grnwt"": 0.0, ""xlai"": 4.07990837097168, ""totir"": 0.0, ""tofer"": NaN, ""swfac"": 0.0, ""nstres"": 0.0}",0.0,0.0,6032.8155517578125,0.0,4.07990837097168,0.0,,0.0,0.0,30.0,180.0,50.38326416015626,62.38326416015626,Leave_One_experiments/all_year_offline_schedule_search/daily_outputs/LCA/LCA_2021_LCA2021_normal_grid_S0031_daily.csv
LCA,LCA,Luancheng,2021,Leave_One_experiments\wth_generated_qc\LCA\LCA2021.WTH,wet_year;nitrogen_stress_year;low_response_year,wet,LCA2021_normal_grid_S0031,pareto_balanced,2021-07-28,209,49,44,"{""sim_day"": 49.0, ""doy"": 209.0, ""topwt"": 6128.794555664063, ""grnwt"": 0.0, ""xlai"": 4.099853992462158, ""totir"": 0.0, ""tofer"": NaN, ""swfac"": 0.0, ""nstres"": 0.0}",0.0,0.0,6128.794555664063,0.0,4.099853992462158,0.0,,0.0,0.0,30.0,180.0,50.38326416015626,62.38326416015626,Leave_One_experiments/all_year_offline_schedule_search/daily_outputs/LCA/LCA_2021_LCA2021_normal_grid_S0031_daily.csv
LCA,LCA,Luancheng,2021,Leave_One_experiments\wth_generated_qc\LCA\LCA2021.WTH,wet_year;nitrogen_stress_year;low_response_year,wet,LCA2021_normal_grid_S0031,pareto_balanced,2021-07-29,210,50,45,"{""sim_day"": 50.0, ""doy"": 210.0, ""topwt"": 6515.047607421875, ""grnwt"": 0.0, ""xlai"": 4.188562393188477, ""totir"": 0.0, ""tofer"": NaN, ""swfac"": 0.0, ""nstres"": 0.0}",0.0,0.0,6515.047607421875,0.0,4.188562393188477,0.0,,0.0,0.0,30.0,180.0,50.38326416015626,62.38326416015626,Leave_One_experiments/all_year_offline_schedule_search/daily_outputs/LCA/LCA_2021_LCA2021_normal_grid_S0031_daily.csv
LCA,LCA,Luancheng,2021,Leave_One_experiments\wth_generated_qc\LCA\LCA2021.WTH,wet_year;nitrogen_stress_year;low_response_year,wet,LCA2021_normal_grid_S0031,pareto_balanced,2021-07-30,211,51,46,"{""sim_day"": 51.0, ""doy"": 211.0, ""topwt"": 6932.0294189453125, ""grnwt"": 0.0, ""xlai"": 4.281350612640381, ""totir"": 0.0, ""tofer"": NaN, ""swfac"": 0.0, ""nstres"": 0.0}",0.0,0.0,6932.0294189453125,0.0,4.281350612640381,0.0,,0.0,0.0,30.0,180.0,50.38326416015626,62.38326416015626,Leave_One_experiments/all_year_offline_schedule_search/daily_outputs/LCA/LCA_2021_LCA2021_normal_grid_S0031_daily.csv
LCA,LCA,Luancheng,2021,Leave_One_experiments\wth_generated_qc\LCA\LCA2021.WTH,wet_year;nitrogen_stress_year;low_response_year,wet,LCA2021_normal_grid_S0031,pareto_balanced,2021-07-31,212,52,47,"{""sim_day"": 52.0, ""doy"": 212.0, ""topwt"": 7374.8779296875, ""grnwt"": 0.0, ""xlai"": 4.094730377197266, ""totir"": 0.0, ""tofer"": NaN, ""swfac"": 0.0, ""nstres"": 0.0}",0.0,0.0,7374.8779296875,0.0,4.094730377197266,0.0,,0.0,0.0,30.0,180.0,50.38326416015626,62.38326416015626,Leave_One_experiments/all_year_offline_schedule_search/daily_outputs/LCA/LCA_2021_LCA2021_normal_grid_S0031_daily.csv
LCA,LCA,Luancheng,2021,Leave_One_experiments\wth_generated_qc\LCA\LCA2021.WTH,wet_year;nitrogen_stress_year;low_response_year,wet,LCA2021_normal_grid_S0031,pareto_balanced,2021-08-01,213,53,48,"{""sim_day"": 53.0, ""doy"": 213.0, ""topwt"": 7810.880737304687, ""grnwt"": 0.0, ""xlai"": 4.074730396270752, ""totir"": 0.0, ""tofer"": NaN, ""swfac"": 0.0, ""nstres"": 0.0}",0.0,0.0,7810.880737304687,0.0,4.074730396270752,0.0,,0.0,0.0,30.0,180.0,50.38326416015626,62.38326416015626,Leave_One_experiments/all_year_offline_schedule_search/daily_outputs/LCA/LCA_2021_LCA2021_normal_grid_S0031_daily.csv
LCA,LCA,Luancheng,2021,Leave_One_experiments\wth_generated_qc\LCA\LCA2021.WTH,wet_year;nitrogen_stress_year;low_response_year,wet,LCA2021_normal_grid_S0031,pareto_balanced,2021-08-02,214,54,49,"{""sim_day"": 54.0, ""doy"": 214.0, ""topwt"": 8023.361206054687, ""grnwt"": 0.0, ""xlai"": 4.055757522583008, ""totir"": 0.0, ""tofer"": NaN, ""swfac"": 0.0, ""nstres"": 0.0}",0.0,0.0,8023.361206054687,0.0,4.055757522583008,0.0,,0.0,0.0,30.0,180.0,50.38326416015626,62.38326416015626,Leave_One_experiments/all_year_offline_schedule_search/daily_outputs/LCA/LCA_2021_LCA2021_normal_grid_S0031_daily.csv
LCA,LCA,Luancheng,2021,Leave_One_experiments\wth_generated_qc\LCA\LCA2021.WTH,wet_year;nitrogen_stress_year;low_response_year,wet,LCA2021_normal_grid_S0031,pareto_balanced,2021-08-03,215,55,50,"{""sim_day"": 55.0, ""doy"": 215.0, ""topwt"": 8313.843383789062, ""grnwt"": 0.0, ""xlai"": 4.0333251953125, ""totir"": 0.0, ""tofer"": NaN, ""swfac"": 0.0, ""nstres"": 0.0}",0.0,0.0,8313.843383789062,0.0,4.0333251953125,0.0,,0.0,0.0,30.0,180.0,50.38326416015626,62.38326416015626,Leave_One_experiments/all_year_offline_schedule_search/daily_outputs/LCA/LCA_2021_LCA2021_normal_grid_S0031_daily.csv
LCA,LCA,Luancheng,2021,Leave_One_experiments\wth_generated_qc\LCA\LCA2021.WTH,wet_year;nitrogen_stress_year;low_response_year,wet,LCA2021_normal_grid_S0031,pareto_balanced,2021-08-04,216,56,51,"{""sim_day"": 56.0, ""doy"": 216.0, ""topwt"": 8622.538452148438, ""grnwt"": 0.0, ""xlai"": 4.010622978210449, ""totir"": 0.0, ""tofer"": NaN, ""swfac"": 0.0, ""nstres"": 0.0}",0.0,0.0,8622.538452148438,0.0,4.010622978210449,0.0,,0.0,0.0,30.0,180.0,50.38326416015626,62.38326416015626,Leave_One_experiments/all_year_offline_schedule_search/daily_outputs/LCA/LCA_2021_LCA2021_normal_grid_S0031_daily.csv
LCA,LCA,Luancheng,2021,Leave_One_experiments\wth_generated_qc\LCA\LCA2021.WTH,wet_year;nitrogen_stress_year;low_response_year,wet,LCA2021_normal_grid_S0031,pareto_balanced,2021-08-05,217,57,52,"{""sim_day"": 57.0, ""doy"": 217.0, ""topwt"": 9014.937744140623, ""grnwt"": 0.0, ""xlai"": 3.9908392429351807, ""totir"": 0.0, ""tofer"": NaN, ""swfac"": 0.0, ""nstres"": 0.0}",0.0,0.0,9014.937744140623,0.0,3.9908392429351807,0.0,,0.0,0.0,30.0,180.0,50.38326416015626,62.38326416015626,Leave_One_experiments/all_year_offline_schedule_search/daily_outputs/LCA/LCA_2021_LCA2021_normal_grid_S0031_daily.csv
LCA,LCA,Luancheng,2021,Leave_One_experiments\wth_generated_qc\LCA\LCA2021.WTH,wet_year;nitrogen_stress_year;low_response_year,wet,LCA2021_normal_grid_S0031,pareto_balanced,2021-08-06,218,58,53,"{""sim_day"": 58.0, ""doy"": 218.0, ""topwt"": 9310.484008789062, ""grnwt"": 0.0, ""xlai"": 3.969271659851074, ""totir"": 0.0, ""tofer"": NaN, ""swfac"": 0.0, ""nstres"": 0.0}",0.0,0.0,9310.484008789062,0.0,3.969271659851074,0.0,,0.0,0.0,30.0,180.0,50.38326416015626,62.38326416015626,Leave_One_experiments/all_year_offline_schedule_search/daily_outputs/LCA/LCA_2021_LCA2021_normal_grid_S0031_daily.csv
LCA,LCA,Luancheng,2021,Leave_One_experiments\wth_generated_qc\LCA\LCA2021.WTH,wet_year;nitrogen_stress_year;low_response_year,wet,LCA2021_normal_grid_S0031,pareto_balanced,2021-08-07,219,59,54,"{""sim_day"": 59.0, ""doy"": 219.0, ""topwt"": 9596.85302734375, ""grnwt"": 0.0, ""xlai"": 3.949704170227051, ""totir"": 0.0, ""tofer"": NaN, ""swfac"": 0.0, ""nstres"": 0.0}",0.0,0.0,9596.85302734375,0.0,3.949704170227051,0.0,,0.0,0.0,30.0,180.0,50.38326416015626,62.38326416015626,Leave_One_experiments/all_year_offline_schedule_search/daily_outputs/LCA/LCA_2021_LCA2021_normal_grid_S0031_daily.csv
LCA,LCA,Luancheng,2021,Leave_One_experiments\wth_generated_qc\LCA\LCA2021.WTH,wet_year;nitrogen_stress_year;low_response_year,wet,LCA2021_normal_grid_S0031,pareto_balanced,2021-08-08,220,60,55,"{""sim_day"": 60.0, ""doy"": 220.0, ""topwt"": 9981.620483398438, ""grnwt"": 0.0, ""xlai"": 3.930299043655396, ""totir"": 0.0, ""tofer"": NaN, ""swfac"": 0.0, ""nstres"": 0.0}",0.0,0.0,9981.620483398438,0.0,3.930299043655396,0.0,,0.0,0.0,30.0,180.0,50.38326416015626,62.38326416015626,Leave_One_experiments/all_year_offline_schedule_search/daily_outputs/LCA/LCA_2021_LCA2021_normal_grid_S0031_daily.csv
LCA,LCA,Luancheng,2021,Leave_One_experiments\wth_generated_qc\LCA\LCA2021.WTH,wet_year;nitrogen_stress_year;low_response_year,wet,LCA2021_normal_grid_S0031,pareto_balanced,2021-08-09,221,61,56,"{""sim_day"": 61.0, ""doy"": 221.0, ""topwt"": 10269.4775390625, ""grnwt"": 387.390022277832, ""xlai"": 3.850329160690308, ""totir"": 0.0, ""tofer"": NaN, ""swfac"": 0.0, ""nstres"": 0.0}",0.0,0.0,10269.4775390625,387.390022277832,3.850329160690308,0.0,,0.0,0.0,30.0,180.0,50.38326416015626,62.38326416015626,Leave_One_experiments/all_year_offline_schedule_search/daily_outputs/LCA/LCA_2021_LCA2021_normal_grid_S0031_daily.csv
LCA,LCA,Luancheng,2021,Leave_One_experiments\wth_generated_qc\LCA\LCA2021.WTH,wet_year;nitrogen_stress_year;low_response_year,wet,LCA2021_normal_grid_S0031,pareto_balanced,2021-08-10,222,62,57,"{""sim_day"": 62.0, ""doy"": 222.0, ""topwt"": 10632.401123046877, ""grnwt"": 774.7800445556641, ""xlai"": 3.836605072021485, ""totir"": 0.0, ""tofer"": NaN, ""swfac"": 0.0, ""nstres"": 0.0}",0.0,0.0,10632.401123046877,774.7800445556641,3.836605072021485,0.0,,0.0,0.0,30.0,180.0,50.38326416015626,62.38326416015626,Leave_One_experiments/all_year_offline_schedule_search/daily_outputs/LCA/LCA_2021_LCA2021_normal_grid_S0031_daily.csv
LCA,LCA,Luancheng,2021,Leave_One_experiments\wth_generated_qc\LCA\LCA2021.WTH,wet_year;nitrogen_stress_year;low_response_year,wet,LCA2021_normal_grid_S0031,pareto_balanced,2021-08-11,223,63,58,"{""sim_day"": 63.0, ""doy"": 223.0, ""topwt"": 11023.463134765623, ""grnwt"": 1162.1701049804688, ""xlai"": 3.820491313934326, ""totir"": 0.0, ""tofer"": NaN, ""swfac"": 0.0, ""nstres"": 0.0}",0.0,0.0,11023.463134765623,1162.1701049804688,3.820491313934326,0.0,,0.0,0.0,30.0,180.0,50.38326416015626,62.38326416015626,Leave_One_experiments/all_year_offline_schedule_search/daily_outputs/LCA/LCA_2021_LCA2021_normal_grid_S0031_daily.csv
LCA,LCA,Luancheng,2021,Leave_One_experiments\wth_generated_qc\LCA\LCA2021.WTH,wet_year;nitrogen_stress_year;low_response_year,wet,LCA2021_normal_grid_S0031,pareto_balanced,2021-08-12,224,64,59,"{""sim_day"": 64.0, ""doy"": 224.0, ""topwt"": 11411.356201171877, ""grnwt"": 1549.560089111328, ""xlai"": 3.801743984222412, ""totir"": 0.0, ""tofer"": NaN, ""swfac"": 0.0, ""nstres"": 0.0}",0.0,0.0,11411.356201171877,1549.560089111328,3.801743984222412,0.0,,0.0,0.0,30.0,180.0,50.38326416015626,62.38326416015626,Leave_One_experiments/all_year_offline_schedule_search/daily_outputs/LCA/LCA_2021_LCA2021_normal_grid_S0031_daily.csv
LCA,LCA,Luancheng,2021,Leave_One_experiments\wth_generated_qc\LCA\LCA2021.WTH,wet_year;nitrogen_stress_year;low_response_year,wet,LCA2021_normal_grid_S0031,pareto_balanced,2021-08-13,225,65,60,"{""sim_day"": 65.0, ""doy"": 225.0, ""topwt"": 11828.06396484375, ""grnwt"": 1936.9500732421875, ""xlai"": 3.7812869548797607, ""totir"": 0.0, ""tofer"": NaN, ""swfac"": 0.0, ""nstres"": 0.0}",0.0,0.0,11828.06396484375,1936.9500732421875,3.7812869548797607,0.0,,0.0,50.0,30.0,180.0,50.38326416015626,62.38326416015626,Leave_One_experiments/all_year_offline_schedule_search/daily_outputs/LCA/LCA_2021_LCA2021_normal_grid_S0031_daily.csv
LCA,LCA,Luancheng,2021,Leave_One_experiments\wth_generated_qc\LCA\LCA2021.WTH,wet_year;nitrogen_stress_year;low_response_year,wet,LCA2021_normal_grid_S0031,pareto_balanced,2021-08-14,226,66,61,"{""sim_day"": 66.0, ""doy"": 226.0, ""topwt"": 12203.6767578125, ""grnwt"": 2324.340209960937, ""xlai"": 3.757723331451416, ""totir"": 0.0, ""tofer"": NaN, ""swfac"": 0.0, ""nstres"": 0.0}",0.0,0.0,12203.6767578125,2324.340209960937,3.757723331451416,0.0,,0.0,0.0,30.0,180.0,50.38326416015626,62.38326416015626,Leave_One_experiments/all_year_offline_schedule_search/daily_outputs/LCA/LCA_2021_LCA2021_normal_grid_S0031_daily.csv
LCA,LCA,Luancheng,2021,Leave_One_experiments\wth_generated_qc\LCA\LCA2021.WTH,wet_year;nitrogen_stress_year;low_response_year,wet,LCA2021_normal_grid_S0031,pareto_balanced,2021-08-15,227,67,62,"{""sim_day"": 67.0, ""doy"": 227.0, ""topwt"": 12582.808837890623, ""grnwt"": 2711.7303466796875, ""xlai"": 3.730272054672241, ""totir"": 0.0, ""tofer"": NaN, ""swfac"": 0.0, ""nstres"": 0.0}",0.0,0.0,12582.808837890623,2711.7303466796875,3.730272054672241,0.0,,0.0,0.0,30.0,180.0,50.38326416015626,62.38326416015626,Leave_One_experiments/all_year_offline_schedule_search/daily_outputs/LCA/LCA_2021_LCA2021_normal_grid_S0031_daily.csv
LCA,LCA,Luancheng,2021,Leave_One_experiments\wth_generated_qc\LCA\LCA2021.WTH,wet_year;nitrogen_stress_year;low_response_year,wet,LCA2021_normal_grid_S0031,pareto_balanced,2021-08-16,228,68,63,"{""sim_day"": 68.0, ""doy"": 228.0, ""topwt"": 12778.06640625, ""grnwt"": 3099.120178222656, ""xlai"": 3.700822591781616, ""totir"": 0.0, ""tofer"": NaN, ""swfac"": 0.0, ""nstres"": 0.0}",0.0,0.0,12778.06640625,3099.120178222656,3.700822591781616,0.0,,0.0,0.0,30.0,180.0,50.38326416015626,62.38326416015626,Leave_One_experiments/all_year_offline_schedule_search/daily_outputs/LCA/LCA_2021_LCA2021_normal_grid_S0031_daily.csv
LCA,LCA,Luancheng,2021,Leave_One_experiments\wth_generated_qc\LCA\LCA2021.WTH,wet_year;nitrogen_stress_year;low_response_year,wet,LCA2021_normal_grid_S0031,pareto_balanced,2021-08-17,229,69,64,"{""sim_day"": 69.0, ""doy"": 229.0, ""topwt"": 13020.7421875, ""grnwt"": 3486.5103149414062, ""xlai"": 3.66367244720459, ""totir"": 0.0, ""tofer"": NaN, ""swfac"": 0.0, ""nstres"": 0.0}",0.0,0.0,13020.7421875,3486.5103149414062,3.66367244720459,0.0,,0.0,0.0,30.0,180.0,50.38326416015626,62.38326416015626,Leave_One_experiments/all_year_offline_schedule_search/daily_outputs/LCA/LCA_2021_LCA2021_normal_grid_S0031_daily.csv
LCA,LCA,Luancheng,2021,Leave_One_experiments\wth_generated_qc\LCA\LCA2021.WTH,wet_year;nitrogen_stress_year;low_response_year,wet,LCA2021_normal_grid_S0031,pareto_balanced,2021-08-18,230,70,65,"{""sim_day"": 70.0, ""doy"": 230.0, ""topwt"": 13062.4267578125, ""grnwt"": 3873.900146484375, ""xlai"": 3.632303714752197, ""totir"": 30.0, ""tofer"": NaN, ""swfac"": 0.0, ""nstres"": 0.0}",0.0,0.0,13062.4267578125,3873.900146484375,3.632303714752197,30.0,,30.0,0.0,30.0,180.0,50.38326416015626,62.38326416015626,Leave_One_experiments/all_year_offline_schedule_search/daily_outputs/LCA/LCA_2021_LCA2021_normal_grid_S0031_daily.csv
LCA,LCA,Luancheng,2021,Leave_One_experiments\wth_generated_qc\LCA\LCA2021.WTH,wet_year;nitrogen_stress_year;low_response_year,wet,LCA2021_normal_grid_S0031,pareto_balanced,2021-08-19,231,71,66,"{""sim_day"": 71.0, ""doy"": 231.0, ""topwt"": 13463.1640625, ""grnwt"": 4261.290283203125, ""xlai"": 3.5938944816589355, ""totir"": 30.0, ""tofer"": NaN, ""swfac"": 0.0, ""nstres"": 0.0}",0.0,0.0,13463.1640625,4261.290283203125,3.5938944816589355,30.0,,0.0,0.0,30.0,180.0,50.38326416015626,62.38326416015626,Leave_One_experiments/all_year_offline_schedule_search/daily_outputs/LCA/LCA_2021_LCA2021_normal_grid_S0031_daily.csv
LCA,LCA,Luancheng,2021,Leave_One_experiments\wth_generated_qc\LCA\LCA2021.WTH,wet_year;nitrogen_stress_year;low_response_year,wet,LCA2021_normal_grid_S0031,pareto_balanced,2021-08-20,232,72,67,"{""sim_day"": 72.0, ""doy"": 232.0, ""topwt"": 13799.197998046877, ""grnwt"": 4648.680419921875, ""xlai"": 3.551733493804932, ""totir"": 30.0, ""tofer"": NaN, ""swfac"": 0.0, ""nstres"": 0.0}",0.0,0.0,13799.197998046877,4648.680419921875,3.551733493804932,30.0,,0.0,0.0,30.0,180.0,50.38326416015626,62.38326416015626,Leave_One_experiments/all_year_offline_schedule_search/daily_outputs/LCA/LCA_2021_LCA2021_normal_grid_S0031_daily.csv
LCA,LCA,Luancheng,2021,Leave_One_experiments\wth_generated_qc\LCA\LCA2021.WTH,wet_year;nitrogen_stress_year;low_response_year,wet,LCA2021_normal_grid_S0031,pareto_balanced,2021-08-21,233,73,68,"{""sim_day"": 73.0, ""doy"": 233.0, ""topwt"": 14152.093505859377, ""grnwt"": 5028.806457519531, ""xlai"": 3.495894432067871, ""totir"": 30.0, ""tofer"": NaN, ""swfac"": 0.0, ""nstres"": 0.0}",0.0,0.0,14152.093505859377,5028.806457519531,3.495894432067871,30.0,,0.0,0.0,30.0,180.0,50.38326416015626,62.38326416015626,Leave_One_experiments/all_year_offline_schedule_search/daily_outputs/LCA/LCA_2021_LCA2021_normal_grid_S0031_daily.csv
LCA,LCA,Luancheng,2021,Leave_One_experiments\wth_generated_qc\LCA\LCA2021.WTH,wet_year;nitrogen_stress_year;low_response_year,wet,LCA2021_normal_grid_S0031,pareto_balanced,2021-08-22,234,74,69,"{""sim_day"": 74.0, ""doy"": 234.0, ""topwt"": 14566.781005859377, ""grnwt"": 5416.196899414063, ""xlai"": 3.4408061504364014, ""totir"": 30.0, ""tofer"": NaN, ""swfac"": 0.0, ""nstres"": 0.0}",0.0,0.0,14566.781005859377,5416.196899414063,3.4408061504364014,30.0,,0.0,0.0,30.0,180.0,50.38326416015626,62.38326416015626,Leave_One_experiments/all_year_offline_schedule_search/daily_outputs/LCA/LCA_2021_LCA2021_normal_grid_S0031_daily.csv
LCA,LCA,Luancheng,2021,Leave_One_experiments\wth_generated_qc\LCA\LCA2021.WTH,wet_year;nitrogen_stress_year;low_response_year,wet,LCA2021_normal_grid_S0031,pareto_balanced,2021-08-23,235,75,70,"{""sim_day"": 75.0, ""doy"": 235.0, ""topwt"": 14994.349365234377, ""grnwt"": 5803.5870361328125, ""xlai"": 3.385359287261963, ""totir"": 30.0, ""tofer"": NaN, ""swfac"": 0.0, ""nstres"": 0.0}",0.0,0.0,14994.349365234377,5803.5870361328125,3.385359287261963,30.0,,0.0,0.0,30.0,180.0,50.38326416015626,62.38326416015626,Leave_One_experiments/all_year_offline_schedule_search/daily_outputs/LCA/LCA_2021_LCA2021_normal_grid_S0031_daily.csv
LCA,LCA,Luancheng,2021,Leave_One_experiments\wth_generated_qc\LCA\LCA2021.WTH,wet_year;nitrogen_stress_year;low_response_year,wet,LCA2021_normal_grid_S0031,pareto_balanced,2021-08-24,236,76,71,"{""sim_day"": 76.0, ""doy"": 236.0, ""topwt"": 15433.6767578125, ""grnwt"": 6190.9765625, ""xlai"": 3.329233169555664, ""totir"": 30.0, ""tofer"": NaN, ""swfac"": 0.0, ""nstres"": 0.0}",0.0,0.0,15433.6767578125,6190.9765625,3.329233169555664,30.0,,0.0,0.0,30.0,180.0,50.38326416015626,62.38326416015626,Leave_One_experiments/all_year_offline_schedule_search/daily_outputs/LCA/LCA_2021_LCA2021_normal_grid_S0031_daily.csv
LCA,LCA,Luancheng,2021,Leave_One_experiments\wth_generated_qc\LCA\LCA2021.WTH,wet_year;nitrogen_stress_year;low_response_year,wet,LCA2021_normal_grid_S0031,pareto_balanced,2021-08-25,237,77,72,"{""sim_day"": 77.0, ""doy"": 237.0, ""topwt"": 15836.07666015625, ""grnwt"": 6578.36669921875, ""xlai"": 3.269728422164917, ""totir"": 30.0, ""tofer"": NaN, ""swfac"": 0.0, ""nstres"": 0.0}",0.0,0.0,15836.07666015625,6578.36669921875,3.269728422164917,30.0,,0.0,0.0,30.0,180.0,50.38326416015626,62.38326416015626,Leave_One_experiments/all_year_offline_schedule_search/daily_outputs/LCA/LCA_2021_LCA2021_normal_grid_S0031_daily.csv
LCA,LCA,Luancheng,2021,Leave_One_experiments\wth_generated_qc\LCA\LCA2021.WTH,wet_year;nitrogen_stress_year;low_response_year,wet,LCA2021_normal_grid_S0031,pareto_balanced,2021-08-26,238,78,73,"{""sim_day"": 78.0, ""doy"": 238.0, ""topwt"": 16249.1162109375, ""grnwt"": 6965.7568359375, ""xlai"": 3.20528507232666, ""totir"": 30.0, ""tofer"": NaN, ""swfac"": 0.0, ""nstres"": 0.0}",0.0,0.0,16249.1162109375,6965.7568359375,3.20528507232666,30.0,,0.0,0.0,30.0,180.0,50.38326416015626,62.38326416015626,Leave_One_experiments/all_year_offline_schedule_search/daily_outputs/LCA/LCA_2021_LCA2021_normal_grid_S0031_daily.csv
LCA,LCA,Luancheng,2021,Leave_One_experiments\wth_generated_qc\LCA\LCA2021.WTH,wet_year;nitrogen_stress_year;low_response_year,wet,LCA2021_normal_grid_S0031,pareto_balanced,2021-08-27,239,79,74,"{""sim_day"": 79.0, ""doy"": 239.0, ""topwt"": 16568.260498046875, ""grnwt"": 7353.14697265625, ""xlai"": 3.137245178222656, ""totir"": 30.0, ""tofer"": NaN, ""swfac"": 0.0, ""nstres"": 0.0}",0.0,0.0,16568.260498046875,7353.14697265625,3.137245178222656,30.0,,0.0,0.0,30.0,180.0,50.38326416015626,62.38326416015626,Leave_One_experiments/all_year_offline_schedule_search/daily_outputs/LCA/LCA_2021_LCA2021_normal_grid_S0031_daily.csv
LCA,LCA,Luancheng,2021,Leave_One_experiments\wth_generated_qc\LCA\LCA2021.WTH,wet_year;nitrogen_stress_year;low_response_year,wet,LCA2021_normal_grid_S0031,pareto_balanced,2021-08-28,240,80,75,"{""sim_day"": 80.0, ""doy"": 240.0, ""topwt"": 16820.5712890625, ""grnwt"": 7740.537109375, ""xlai"": 3.0635998249053955, ""totir"": 30.0, ""tofer"": NaN, ""swfac"": 0.0, ""nstres"": 0.0}",0.0,0.0,16820.5712890625,7740.537109375,3.0635998249053955,30.0,,0.0,0.0,30.0,180.0,50.38326416015626,62.38326416015626,Leave_One_experiments/all_year_offline_schedule_search/daily_outputs/LCA/LCA_2021_LCA2021_normal_grid_S0031_daily.csv
LCA,LCA,Luancheng,2021,Leave_One_experiments\wth_generated_qc\LCA\LCA2021.WTH,wet_year;nitrogen_stress_year;low_response_year,wet,LCA2021_normal_grid_S0031,pareto_balanced,2021-08-29,241,81,76,"{""sim_day"": 81.0, ""doy"": 241.0, ""topwt"": 17005.760498046875, ""grnwt"": 8127.92724609375, ""xlai"": 2.9945976734161377, ""totir"": 30.0, ""tofer"": NaN, ""swfac"": 0.0, ""nstres"": 0.0}",0.0,0.0,17005.760498046875,8127.92724609375,2.9945976734161377,30.0,,0.0,0.0,30.0,180.0,50.38326416015626,62.38326416015626,Leave_One_experiments/all_year_offline_schedule_search/daily_outputs/LCA/LCA_2021_LCA2021_normal_grid_S0031_daily.csv
LCA,LCA,Luancheng,2021,Leave_One_experiments\wth_generated_qc\LCA\LCA2021.WTH,wet_year;nitrogen_stress_year;low_response_year,wet,LCA2021_normal_grid_S0031,pareto_balanced,2021-08-30,242,82,77,"{""sim_day"": 82.0, ""doy"": 242.0, ""topwt"": 17116.583251953125, ""grnwt"": 8246.770629882812, ""xlai"": 2.920193672180176, ""totir"": 30.0, ""tofer"": NaN, ""swfac"": 0.0, ""nstres"": 0.0}",0.0,0.0,17116.583251953125,8246.770629882812,2.920193672180176,30.0,,0.0,0.0,30.0,180.0,50.38326416015626,62.38326416015626,Leave_One_experiments/all_year_offline_schedule_search/daily_outputs/LCA/LCA_2021_LCA2021_normal_grid_S0031_daily.csv
LCA,LCA,Luancheng,2021,Leave_One_experiments\wth_generated_qc\LCA\LCA2021.WTH,wet_year;nitrogen_stress_year;low_response_year,wet,LCA2021_normal_grid_S0031,pareto_balanced,2021-08-31,243,83,78,"{""sim_day"": 83.0, ""doy"": 243.0, ""topwt"": 17514.7265625, ""grnwt"": 8634.160766601562, ""xlai"": 2.83560848236084, ""totir"": 30.0, ""tofer"": NaN, ""swfac"": 0.0, ""nstres"": 0.0}",0.0,0.0,17514.7265625,8634.160766601562,2.83560848236084,30.0,,0.0,0.0,30.0,180.0,50.38326416015626,62.38326416015626,Leave_One_experiments/all_year_offline_schedule_search/daily_outputs/LCA/LCA_2021_LCA2021_normal_grid_S0031_daily.csv
LCA,LCA,Luancheng,2021,Leave_One_experiments\wth_generated_qc\LCA\LCA2021.WTH,wet_year;nitrogen_stress_year;low_response_year,wet,LCA2021_normal_grid_S0031,pareto_balanced,2021-09-01,244,84,79,"{""sim_day"": 84.0, ""doy"": 244.0, ""topwt"": 17923.64501953125, ""grnwt"": 9021.550903320312, ""xlai"": 2.7474961280822754, ""totir"": 30.0, ""tofer"": NaN, ""swfac"": 0.0, ""nstres"": 0.0}",0.0,0.0,17923.64501953125,9021.550903320312,2.7474961280822754,30.0,,0.0,0.0,30.0,180.0,50.38326416015626,62.38326416015626,Leave_One_experiments/all_year_offline_schedule_search/daily_outputs/LCA/LCA_2021_LCA2021_normal_grid_S0031_daily.csv
LCA,LCA,Luancheng,2021,Leave_One_experiments\wth_generated_qc\LCA\LCA2021.WTH,wet_year;nitrogen_stress_year;low_response_year,wet,LCA2021_normal_grid_S0031,pareto_balanced,2021-09-02,245,85,80,"{""sim_day"": 85.0, ""doy"": 245.0, ""topwt"": 18062.23999023437, ""grnwt"": 9192.42919921875, ""xlai"": 2.649695873260498, ""totir"": 30.0, ""tofer"": NaN, ""swfac"": 0.0, ""nstres"": 0.0102244615554809}",0.0,0.0102244615554809,18062.23999023437,9192.42919921875,2.649695873260498,30.0,,0.0,0.0,30.0,180.0,50.38326416015626,62.38326416015626,Leave_One_experiments/all_year_offline_schedule_search/daily_outputs/LCA/LCA_2021_LCA2021_normal_grid_S0031_daily.csv
LCA,LCA,Luancheng,2021,Leave_One_experiments\wth_generated_qc\LCA\LCA2021.WTH,wet_year;nitrogen_stress_year;low_response_year,wet,LCA2021_normal_grid_S0031,pareto_balanced,2021-09-03,246,86,81,"{""sim_day"": 86.0, ""doy"": 246.0, ""topwt"": 18118.800048828125, ""grnwt"": 9248.988647460938, ""xlai"": 2.5582170486450195, ""totir"": 30.0, ""tofer"": NaN, ""swfac"": 0.0, ""nstres"": 0.0258643627166748}",0.0,0.0258643627166748,18118.800048828125,9248.988647460938,2.5582170486450195,30.0,,0.0,0.0,30.0,180.0,50.38326416015626,62.38326416015626,Leave_One_experiments/all_year_offline_schedule_search/daily_outputs/LCA/LCA_2021_LCA2021_normal_grid_S0031_daily.csv
LCA,LCA,Luancheng,2021,Leave_One_experiments\wth_generated_qc\LCA\LCA2021.WTH,wet_year;nitrogen_stress_year;low_response_year,wet,LCA2021_normal_grid_S0031,pareto_balanced,2021-09-04,247,87,82,"{""sim_day"": 87.0, ""doy"": 247.0, ""topwt"": 18229.91577148437, ""grnwt"": 9360.105590820312, ""xlai"": 2.4691946506500244, ""totir"": 30.0, ""tofer"": NaN, ""swfac"": 0.0, ""nstres"": 0.0158733129501342}",0.0,0.0158733129501342,18229.91577148437,9360.105590820312,2.4691946506500244,30.0,,0.0,0.0,30.0,180.0,50.38326416015626,62.38326416015626,Leave_One_experiments/all_year_offline_schedule_search/daily_outputs/LCA/LCA_2021_LCA2021_normal_grid_S0031_daily.csv
LCA,LCA,Luancheng,2021,Leave_One_experiments\wth_generated_qc\LCA\LCA2021.WTH,wet_year;nitrogen_stress_year;low_response_year,wet,LCA2021_normal_grid_S0031,pareto_balanced,2021-09-05,248,88,83,"{""sim_day"": 88.0, ""doy"": 248.0, ""topwt"": 18439.351806640625, ""grnwt"": 9569.539794921877, ""xlai"": 2.3710415363311768, ""totir"": 30.0, ""tofer"": NaN, ""swfac"": 0.0, ""nstres"": 0.0216705799102783}",0.0,0.0216705799102783,18439.351806640625,9569.539794921877,2.3710415363311768,30.0,,0.0,0.0,30.0,180.0,50.38326416015626,62.38326416015626,Leave_One_experiments/all_year_offline_schedule_search/daily_outputs/LCA/LCA_2021_LCA2021_normal_grid_S0031_daily.csv
LCA,LCA,Luancheng,2021,Leave_One_experiments\wth_generated_qc\LCA\LCA2021.WTH,wet_year;nitrogen_stress_year;low_response_year,wet,LCA2021_normal_grid_S0031,pareto_balanced,2021-09-06,249,89,84,"{""sim_day"": 89.0, ""doy"": 249.0, ""topwt"": 18828.018798828125, ""grnwt"": 9956.929931640623, ""xlai"": 2.2704358100891118, ""totir"": 30.0, ""tofer"": NaN, ""swfac"": 0.0, ""nstres"": 0.0475078821182251}",0.0,0.0475078821182251,18828.018798828125,9956.929931640623,2.2704358100891118,30.0,,0.0,0.0,30.0,180.0,50.38326416015626,62.38326416015626,Leave_One_experiments/all_year_offline_schedule_search/daily_outputs/LCA/LCA_2021_LCA2021_normal_grid_S0031_daily.csv
LCA,LCA,Luancheng,2021,Leave_One_experiments\wth_generated_qc\LCA\LCA2021.WTH,wet_year;nitrogen_stress_year;low_response_year,wet,LCA2021_normal_grid_S0031,pareto_balanced,2021-09-07,250,90,85,"{""sim_day"": 90.0, ""doy"": 250.0, ""topwt"": 19172.490234375, ""grnwt"": 10302.67822265625, ""xlai"": 2.1577062606811523, ""totir"": 30.0, ""tofer"": NaN, ""swfac"": 0.0, ""nstres"": 0.1104898452758789}",0.0,0.1104898452758789,19172.490234375,10302.67822265625,2.1577062606811523,30.0,,0.0,0.0,30.0,180.0,50.38326416015626,62.38326416015626,Leave_One_experiments/all_year_offline_schedule_search/daily_outputs/LCA/LCA_2021_LCA2021_normal_grid_S0031_daily.csv
LCA,LCA,Luancheng,2021,Leave_One_experiments\wth_generated_qc\LCA\LCA2021.WTH,wet_year;nitrogen_stress_year;low_response_year,wet,LCA2021_normal_grid_S0031,pareto_balanced,2021-09-08,251,91,86,"{""sim_day"": 91.0, ""doy"": 251.0, ""topwt"": 19471.68701171875, ""grnwt"": 10601.876220703123, ""xlai"": 2.0256903171539307, ""totir"": 30.0, ""tofer"": NaN, ""swfac"": 0.0, ""nstres"": 0.1581011414527893}",0.0,0.1581011414527893,19471.68701171875,10601.876220703123,2.0256903171539307,30.0,,0.0,0.0,30.0,180.0,50.38326416015626,62.38326416015626,Leave_One_experiments/all_year_offline_schedule_search/daily_outputs/LCA/LCA_2021_LCA2021_normal_grid_S0031_daily.csv
LCA,LCA,Luancheng,2021,Leave_One_experiments\wth_generated_qc\LCA\LCA2021.WTH,wet_year;nitrogen_stress_year;low_response_year,wet,LCA2021_normal_grid_S0031,pareto_balanced,2021-09-09,252,92,87,"{""sim_day"": 92.0, ""doy"": 252.0, ""topwt"": 19686.37084960937, ""grnwt"": 10816.558837890623, ""xlai"": 1.8780890703201292, ""totir"": 30.0, ""tofer"": NaN, ""swfac"": 0.0, ""nstres"": 0.1921954751014709}",0.0,0.1921954751014709,19686.37084960937,10816.558837890623,1.8780890703201292,30.0,,0.0,0.0,30.0,180.0,50.38326416015626,62.38326416015626,Leave_One_experiments/all_year_offline_schedule_search/daily_outputs/LCA/LCA_2021_LCA2021_normal_grid_S0031_daily.csv
LCA,LCA,Luancheng,2021,Leave_One_experiments\wth_generated_qc\LCA\LCA2021.WTH,wet_year;nitrogen_stress_year;low_response_year,wet,LCA2021_normal_grid_S0031,pareto_balanced,2021-09-10,253,93,88,"{""sim_day"": 93.0, ""doy"": 253.0, ""topwt"": 19908.13720703125, ""grnwt"": 11038.326416015623, ""xlai"": 1.71288800239563, ""totir"": 30.0, ""tofer"": NaN, ""swfac"": 0.0, ""nstres"": 0.2257696986198425}",0.0,0.2257696986198425,19908.13720703125,11038.326416015623,1.71288800239563,30.0,,0.0,0.0,30.0,180.0,50.38326416015626,62.38326416015626,Leave_One_experiments/all_year_offline_schedule_search/daily_outputs/LCA/LCA_2021_LCA2021_normal_grid_S0031_daily.csv
LCA,LCA,Luancheng,2021,Leave_One_experiments\wth_generated_qc\LCA\LCA2021.WTH,wet_year;nitrogen_stress_year;low_response_year,wet,LCA2021_normal_grid_S0031,pareto_balanced,2021-09-11,254,94,89,"{""sim_day"": 94.0, ""doy"": 254.0, ""topwt"": 19908.13720703125, ""grnwt"": 11038.326416015623, ""xlai"": 1.71288800239563, ""totir"": 30.0, ""tofer"": NaN, ""swfac"": 0.0, ""nstres"": 0.2742235064506531}",0.0,0.2742235064506531,19908.13720703125,11038.326416015623,1.71288800239563,30.0,,0.0,0.0,30.0,180.0,50.38326416015626,62.38326416015626,Leave_One_experiments/all_year_offline_schedule_search/daily_outputs/LCA/LCA_2021_LCA2021_normal_grid_S0031_daily.csv
LCA,LCA,Luancheng,2021,Leave_One_experiments\wth_generated_qc\LCA\LCA2021.WTH,wet_year;nitrogen_stress_year;low_response_year,wet,LCA2021_normal_grid_S0031,pareto_balanced,2021-09-12,255,95,90,"{""sim_day"": 95.0, ""doy"": 255.0, ""topwt"": 19908.13720703125, ""grnwt"": 11038.326416015623, ""xlai"": 1.71288800239563, ""totir"": 30.0, ""tofer"": NaN, ""swfac"": 0.0, ""nstres"": 0.2742235064506531}",0.0,0.2742235064506531,19908.13720703125,11038.326416015623,1.71288800239563,30.0,,0.0,0.0,30.0,180.0,50.38326416015626,62.38326416015626,Leave_One_experiments/all_year_offline_schedule_search/daily_outputs/LCA/LCA_2021_LCA2021_normal_grid_S0031_daily.csv
LCA,LCA,Luancheng,2021,Leave_One_experiments\wth_generated_qc\LCA\LCA2021.WTH,wet_year;nitrogen_stress_year;low_response_year,wet,LCA2021_normal_grid_S0031,pareto_balanced,2021-09-13,256,96,91,"{""sim_day"": 96.0, ""doy"": 256.0, ""topwt"": 19908.13720703125, ""grnwt"": 11038.326416015623, ""xlai"": 1.71288800239563, ""totir"": 30.0, ""tofer"": NaN, ""swfac"": 0.0, ""nstres"": 0.2742235064506531}",0.0,0.2742235064506531,19908.13720703125,11038.326416015623,1.71288800239563,30.0,,0.0,0.0,30.0,180.0,50.38326416015626,62.38326416015626,Leave_One_experiments/all_year_offline_schedule_search/daily_outputs/LCA/LCA_2021_LCA2021_normal_grid_S0031_daily.csv
LCA,LCA,Luancheng,2021,Leave_One_experiments\wth_generated_qc\LCA\LCA2021.WTH,wet_year;nitrogen_stress_year;low_response_year,wet,LCA2021_normal_grid_S0023,top_yield,2021-06-15,166,1,1,"{""sim_day"": 1.0, ""doy"": 166.0, ""topwt"": 0.0, ""grnwt"": 0.0, ""xlai"": 0.0, ""totir"": 0.0, ""tofer"": NaN, ""swfac"": 0.0, ""nstres"": 0.0}",0.0,0.0,0.0,0.0,0.0,0.0,,0.0,75.0,40.0,225.0,36.362744140625,52.362744140625,Leave_One_experiments/all_year_offline_schedule_search/daily_outputs/LCA/LCA_2021_LCA2021_normal_grid_S0023_daily.csv
LCA,LCA,Luancheng,2021,Leave_One_experiments\wth_generated_qc\LCA\LCA2021.WTH,wet_year;nitrogen_stress_year;low_response_year,wet,LCA2021_normal_grid_S0023,top_yield,2021-06-16,167,2,2,"{""sim_day"": 2.0, ""doy"": 167.0, ""topwt"": 0.0, ""grnwt"": 0.0, ""xlai"": 0.0, ""totir"": 0.0, ""tofer"": NaN, ""swfac"": 0.0, ""nstres"": 0.0}",0.0,0.0,0.0,0.0,0.0,0.0,,0.0,0.0,40.0,225.0,36.362744140625,52.362744140625,Leave_One_experiments/all_year_offline_schedule_search/daily_outputs/LCA/LCA_2021_LCA2021_normal_grid_S0023_daily.csv
LCA,LCA,Luancheng,2021,Leave_One_experiments\wth_generated_qc\LCA\LCA2021.WTH,wet_year;nitrogen_stress_year;low_response_year,wet,LCA2021_normal_grid_S0023,top_yield,2021-06-17,168,3,3,"{""sim_day"": 3.0, ""doy"": 168.0, ""topwt"": 0.0, ""grnwt"": 0.0, ""xlai"": 0.0, ""totir"": 0.0, ""tofer"": NaN, ""swfac"": 0.0, ""nstres"": 0.0}",0.0,0.0,0.0,0.0,0.0,0.0,,0.0,0.0,40.0,225.0,36.362744140625,52.362744140625,Leave_One_experiments/all_year_offline_schedule_search/daily_outputs/LCA/LCA_2021_LCA2021_normal_grid_S0023_daily.csv
LCA,LCA,Luancheng,2021,Leave_One_experiments\wth_generated_qc\LCA\LCA2021.WTH,wet_year;nitrogen_stress_year;low_response_year,wet,LCA2021_normal_grid_S0023,top_yield,2021-06-18,169,4,4,"{""sim_day"": 4.0, ""doy"": 169.0, ""topwt"": 0.0, ""grnwt"": 0.0, ""xlai"": 0.0, ""totir"": 0.0, ""tofer"": NaN, ""swfac"": 0.0, ""nstres"": 0.0}",0.0,0.0,0.0,0.0,0.0,0.0,,0.0,0.0,40.0,225.0,36.362744140625,52.362744140625,Leave_One_experiments/all_year_offline_schedule_search/daily_outputs/LCA/LCA_2021_LCA2021_normal_grid_S0023_daily.csv
LCA,LCA,Luancheng,2021,Leave_One_experiments\wth_generated_qc\LCA\LCA2021.WTH,wet_year;nitrogen_stress_year;low_response_year,wet,LCA2021_normal_grid_S0023,top_yield,2021-06-19,170,5,5,"{""sim_day"": 5.0, ""doy"": 170.0, ""topwt"": 0.0, ""grnwt"": 0.0, ""xlai"": 0.0, ""totir"": 0.0, ""tofer"": NaN, ""swfac"": 0.0, ""nstres"": 0.0}",0.0,0.0,0.0,0.0,0.0,0.0,,0.0,0.0,40.0,225.0,36.362744140625,52.362744140625,Leave_One_experiments/all_year_offline_schedule_search/daily_outputs/LCA/LCA_2021_LCA2021_normal_grid_S0023_daily.csv
LCA,LCA,Luancheng,2021,Leave_One_experiments\wth_generated_qc\LCA\LCA2021.WTH,wet_year;nitrogen_stress_year;low_response_year,wet,LCA2021_normal_grid_S0023,top_yield,2021-06-15,166,6,1,"{""sim_day"": 6.0, ""doy"": 166.0, ""topwt"": 0.0, ""grnwt"": 0.0, ""xlai"": 0.0, ""totir"": 0.0, ""tofer"": NaN, ""swfac"": 0.0, ""nstres"": 0.0}",0.0,0.0,0.0,0.0,0.0,0.0,,0.0,0.0,40.0,225.0,36.362744140625,52.362744140625,Leave_One_experiments/all_year_offline_schedule_search/daily_outputs/LCA/LCA_2021_LCA2021_normal_grid_S0023_daily.csv
LCA,LCA,Luancheng,2021,Leave_One_experiments\wth_generated_qc\LCA\LCA2021.WTH,wet_year;nitrogen_stress_year;low_response_year,wet,LCA2021_normal_grid_S0023,top_yield,2021-06-16,167,7,2,"{""sim_day"": 7.0, ""doy"": 167.0, ""topwt"": 0.0, ""grnwt"": 0.0, ""xlai"": 0.0, ""totir"": 0.0, ""tofer"": NaN, ""swfac"": 0.0, ""nstres"": 0.0}",0.0,0.0,0.0,0.0,0.0,0.0,,0.0,0.0,40.0,225.0,36.362744140625,52.362744140625,Leave_One_experiments/all_year_offline_schedule_search/daily_outputs/LCA/LCA_2021_LCA2021_normal_grid_S0023_daily.csv
LCA,LCA,Luancheng,2021,Leave_One_experiments\wth_generated_qc\LCA\LCA2021.WTH,wet_year;nitrogen_stress_year;low_response_year,wet,LCA2021_normal_grid_S0023,top_yield,2021-06-17,168,8,3,"{""sim_day"": 8.0, ""doy"": 168.0, ""topwt"": 0.0, ""grnwt"": 0.0, ""xlai"": 0.0, ""totir"": 0.0, ""tofer"": NaN, ""swfac"": 0.0, ""nstres"": 0.0}",0.0,0.0,0.0,0.0,0.0,0.0,,0.0,0.0,40.0,225.0,36.362744140625,52.362744140625,Leave_One_experiments/all_year_offline_schedule_search/daily_outputs/LCA/LCA_2021_LCA2021_normal_grid_S0023_daily.csv
LCA,LCA,Luancheng,2021,Leave_One_experiments\wth_generated_qc\LCA\LCA2021.WTH,wet_year;nitrogen_stress_year;low_response_year,wet,LCA2021_normal_grid_S0023,top_yield,2021-06-18,169,9,4,"{""sim_day"": 9.0, ""doy"": 169.0, ""topwt"": 0.0, ""grnwt"": 0.0, ""xlai"": 0.0, ""totir"": 0.0, ""tofer"": NaN, ""swfac"": 0.0, ""nstres"": 0.0}",0.0,0.0,0.0,0.0,0.0,0.0,,0.0,0.0,40.0,225.0,36.362744140625,52.362744140625,Leave_One_experiments/all_year_offline_schedule_search/daily_outputs/LCA/LCA_2021_LCA2021_normal_grid_S0023_daily.csv
LCA,LCA,Luancheng,2021,Leave_One_experiments\wth_generated_qc\LCA\LCA2021.WTH,wet_year;nitrogen_stress_year;low_response_year,wet,LCA2021_normal_grid_S0023,top_yield,2021-06-19,170,10,5,"{""sim_day"": 10.0, ""doy"": 170.0, ""topwt"": 23.600001335144043, ""grnwt"": 0.0, ""xlai"": 0.0059677395038306, ""totir"": 0.0, ""tofer"": NaN, ""swfac"": 0.0, ""nstres"": 0.0121910572052001}",0.0,0.0121910572052001,23.600001335144043,0.0,0.0059677395038306,0.0,,0.0,0.0,40.0,225.0,36.362744140625,52.362744140625,Leave_One_experiments/all_year_offline_schedule_search/daily_outputs/LCA/LCA_2021_LCA2021_normal_grid_S0023_daily.csv
LCA,LCA,Luancheng,2021,Leave_One_experiments\wth_generated_qc\LCA\LCA2021.WTH,wet_year;nitrogen_stress_year;low_response_year,wet,LCA2021_normal_grid_S0023,top_yield,2021-06-20,171,11,6,"{""sim_day"": 11.0, ""doy"": 171.0, ""topwt"": 23.600001335144043, ""grnwt"": 0.0, ""xlai"": 0.0122181307524442, ""totir"": 0.0, ""tofer"": NaN, ""swfac"": 0.0, ""nstres"": 0.0065466165542602}",0.0,0.0065466165542602,23.600001335144043,0.0,0.0122181307524442,0.0,,0.0,0.0,40.0,225.0,36.362744140625,52.362744140625,Leave_One_experiments/all_year_offline_schedule_search/daily_outputs/LCA/LCA_2021_LCA2021_normal_grid_S0023_daily.csv
LCA,LCA,Luancheng,2021,Leave_One_experiments\wth_generated_qc\LCA\LCA2021.WTH,wet_year;nitrogen_stress_year;low_response_year,wet,LCA2021_normal_grid_S0023,top_yield,2021-06-21,172,12,7,"{""sim_day"": 12.0, ""doy"": 172.0, ""topwt"": 23.600001335144043, ""grnwt"": 0.0, ""xlai"": 0.0333492867648601, ""totir"": 0.0, ""tofer"": NaN, ""swfac"": 0.0, ""nstres"": 0.0}",0.0,0.0,23.600001335144043,0.0,0.0333492867648601,0.0,,0.0,0.0,40.0,225.0,36.362744140625,52.362744140625,Leave_One_experiments/all_year_offline_schedule_search/daily_outputs/LCA/LCA_2021_LCA2021_normal_grid_S0023_daily.csv
LCA,LCA,Luancheng,2021,Leave_One_experiments\wth_generated_qc\LCA\LCA2021.WTH,wet_year;nitrogen_stress_year;low_response_year,wet,LCA2021_normal_grid_S0023,top_yield,2021-06-22,173,13,8,"{""sim_day"": 13.0, ""doy"": 173.0, ""topwt"": 29.884769916534424, ""grnwt"": 0.0, ""xlai"": 0.057041723281145, ""totir"": 0.0, ""tofer"": NaN, ""swfac"": 0.0, ""nstres"": 0.0}",0.0,0.0,29.884769916534424,0.0,0.057041723281145,0.0,,0.0,0.0,40.0,225.0,36.362744140625,52.362744140625,Leave_One_experiments/all_year_offline_schedule_search/daily_outputs/LCA/LCA_2021_LCA2021_normal_grid_S0023_daily.csv
LCA,LCA,Luancheng,2021,Leave_One_experiments\wth_generated_qc\LCA\LCA2021.WTH,wet_year;nitrogen_stress_year;low_response_year,wet,LCA2021_normal_grid_S0023,top_yield,2021-06-23,174,14,9,"{""sim_day"": 14.0, ""doy"": 174.0, ""topwt"": 41.67731761932373, ""grnwt"": 0.0, ""xlai"": 0.0851109102368354, ""totir"": 0.0, ""tofer"": NaN, ""swfac"": 0.0, ""nstres"": 0.0}",0.0,0.0,41.67731761932373,0.0,0.0851109102368354,0.0,,0.0,0.0,40.0,225.0,36.362744140625,52.362744140625,Leave_One_experiments/all_year_offline_schedule_search/daily_outputs/LCA/LCA_2021_LCA2021_normal_grid_S0023_daily.csv
LCA,LCA,Luancheng,2021,Leave_One_experiments\wth_generated_qc\LCA\LCA2021.WTH,wet_year;nitrogen_stress_year;low_response_year,wet,LCA2021_normal_grid_S0023,top_yield,2021-06-24,175,15,10,"{""sim_day"": 15.0, ""doy"": 175.0, ""topwt"": 57.81259059906006, ""grnwt"": 0.0, ""xlai"": 0.120040938258171, ""totir"": 0.0, ""tofer"": NaN, ""swfac"": 0.0, ""nstres"": 0.0}",0.0,0.0,57.81259059906006,0.0,0.120040938258171,0.0,,0.0,0.0,40.0,225.0,36.362744140625,52.362744140625,Leave_One_experiments/all_year_offline_schedule_search/daily_outputs/LCA/LCA_2021_LCA2021_normal_grid_S0023_daily.csv
LCA,LCA,Luancheng,2021,Leave_One_experiments\wth_generated_qc\LCA\LCA2021.WTH,wet_year;nitrogen_stress_year;low_response_year,wet,LCA2021_normal_grid_S0023,top_yield,2021-06-25,176,16,11,"{""sim_day"": 16.0, ""doy"": 176.0, ""topwt"": 82.52166748046875, ""grnwt"": 0.0, ""xlai"": 0.168981984257698, ""totir"": 0.0, ""tofer"": NaN, ""swfac"": 0.0, ""nstres"": 0.0}",0.0,0.0,82.52166748046875,0.0,0.168981984257698,0.0,,0.0,0.0,40.0,225.0,36.362744140625,52.362744140625,Leave_One_experiments/all_year_offline_schedule_search/daily_outputs/LCA/LCA_2021_LCA2021_normal_grid_S0023_daily.csv
LCA,LCA,Luancheng,2021,Leave_One_experiments\wth_generated_qc\LCA\LCA2021.WTH,wet_year;nitrogen_stress_year;low_response_year,wet,LCA2021_normal_grid_S0023,top_yield,2021-06-26,177,17,12,"{""sim_day"": 17.0, ""doy"": 177.0, ""topwt"": 111.42297744750977, ""grnwt"": 0.0, ""xlai"": 0.2218737006187439, ""totir"": 0.0, ""tofer"": NaN, ""swfac"": 0.0, ""nstres"": 0.0}",0.0,0.0,111.42297744750977,0.0,0.2218737006187439,0.0,,0.0,0.0,40.0,225.0,36.362744140625,52.362744140625,Leave_One_experiments/all_year_offline_schedule_search/daily_outputs/LCA/LCA_2021_LCA2021_normal_grid_S0023_daily.csv
LCA,LCA,Luancheng,2021,Leave_One_experiments\wth_generated_qc\LCA\LCA2021.WTH,wet_year;nitrogen_stress_year;low_response_year,wet,LCA2021_normal_grid_S0023,top_yield,2021-06-27,178,18,13,"{""sim_day"": 18.0, ""doy"": 178.0, ""topwt"": 149.95773315429688, ""grnwt"": 0.0, ""xlai"": 0.2876603305339813, ""totir"": 0.0, ""tofer"": NaN, ""swfac"": 0.0, ""nstres"": 0.0}",0.0,0.0,149.95773315429688,0.0,0.2876603305339813,0.0,,0.0,0.0,40.0,225.0,36.362744140625,52.362744140625,Leave_One_experiments/all_year_offline_schedule_search/daily_outputs/LCA/LCA_2021_LCA2021_normal_grid_S0023_daily.csv
LCA,LCA,Luancheng,2021,Leave_One_experiments\wth_generated_qc\LCA\LCA2021.WTH,wet_year;nitrogen_stress_year;low_response_year,wet,LCA2021_normal_grid_S0023,top_yield,2021-06-28,179,19,14,"{""sim_day"": 19.0, ""doy"": 179.0, ""topwt"": 190.78697204589844, ""grnwt"": 0.0, ""xlai"": 0.3773365914821625, ""totir"": 0.0, ""tofer"": NaN, ""swfac"": 0.0, ""nstres"": 0.0}",0.0,0.0,190.78697204589844,0.0,0.3773365914821625,0.0,,0.0,0.0,40.0,225.0,36.362744140625,52.362744140625,Leave_One_experiments/all_year_offline_schedule_search/daily_outputs/LCA/LCA_2021_LCA2021_normal_grid_S0023_daily.csv
LCA,LCA,Luancheng,2021,Leave_One_experiments\wth_generated_qc\LCA\LCA2021.WTH,wet_year;nitrogen_stress_year;low_response_year,wet,LCA2021_normal_grid_S0023,top_yield,2021-06-29,180,20,15,"{""sim_day"": 20.0, ""doy"": 180.0, ""topwt"": 250.0927734375, ""grnwt"": 0.0, ""xlai"": 0.4735099971294403, ""totir"": 0.0, ""tofer"": NaN, ""swfac"": 0.0, ""nstres"": 0.0085428357124328}",0.0,0.0085428357124328,250.0927734375,0.0,0.4735099971294403,0.0,,0.0,0.0,40.0,225.0,36.362744140625,52.362744140625,Leave_One_experiments/all_year_offline_schedule_search/daily_outputs/LCA/LCA_2021_LCA2021_normal_grid_S0023_daily.csv
LCA,LCA,Luancheng,2021,Leave_One_experiments\wth_generated_qc\LCA\LCA2021.WTH,wet_year;nitrogen_stress_year;low_response_year,wet,LCA2021_normal_grid_S0023,top_yield,2021-06-30,181,21,16,"{""sim_day"": 21.0, ""doy"": 181.0, ""topwt"": 303.4108161926269, ""grnwt"": 0.0, ""xlai"": 0.555514931678772, ""totir"": 0.0, ""tofer"": NaN, ""swfac"": 0.0, ""nstres"": 0.0}",0.0,0.0,303.4108161926269,0.0,0.555514931678772,0.0,,0.0,0.0,40.0,225.0,36.362744140625,52.362744140625,Leave_One_experiments/all_year_offline_schedule_search/daily_outputs/LCA/LCA_2021_LCA2021_normal_grid_S0023_daily.csv
LCA,LCA,Luancheng,2021,Leave_One_experiments\wth_generated_qc\LCA\LCA2021.WTH,wet_year;nitrogen_stress_year;low_response_year,wet,LCA2021_normal_grid_S0023,top_yield,2021-07-01,182,22,17,"{""sim_day"": 22.0, ""doy"": 182.0, ""topwt"": 372.90794372558594, ""grnwt"": 0.0, ""xlai"": 0.6580381393432617, ""totir"": 0.0, ""tofer"": NaN, ""swfac"": 0.0, ""nstres"": 0.0}",0.0,0.0,372.90794372558594,0.0,0.6580381393432617,0.0,,0.0,0.0,40.0,225.0,36.362744140625,52.362744140625,Leave_One_experiments/all_year_offline_schedule_search/daily_outputs/LCA/LCA_2021_LCA2021_normal_grid_S0023_daily.csv
LCA,LCA,Luancheng,2021,Leave_One_experiments\wth_generated_qc\LCA\LCA2021.WTH,wet_year;nitrogen_stress_year;low_response_year,wet,LCA2021_normal_grid_S0023,top_yield,2021-07-02,183,23,18,"{""sim_day"": 23.0, ""doy"": 183.0, ""topwt"": 457.0256805419922, ""grnwt"": 0.0, ""xlai"": 0.7767034769058228, ""totir"": 0.0, ""tofer"": NaN, ""swfac"": 0.0, ""nstres"": 0.0}",0.0,0.0,457.0256805419922,0.0,0.7767034769058228,0.0,,0.0,0.0,40.0,225.0,36.362744140625,52.362744140625,Leave_One_experiments/all_year_offline_schedule_search/daily_outputs/LCA/LCA_2021_LCA2021_normal_grid_S0023_daily.csv
LCA,LCA,Luancheng,2021,Leave_One_experiments\wth_generated_qc\LCA\LCA2021.WTH,wet_year;nitrogen_stress_year;low_response_year,wet,LCA2021_normal_grid_S0023,top_yield,2021-07-03,184,24,19,"{""sim_day"": 24.0, ""doy"": 184.0, ""topwt"": 577.9928588867188, ""grnwt"": 0.0, ""xlai"": 0.9393734335899352, ""totir"": 0.0, ""tofer"": NaN, ""swfac"": 0.0, ""nstres"": 0.0}",0.0,0.0,577.9928588867188,0.0,0.9393734335899352,0.0,,0.0,0.0,40.0,225.0,36.362744140625,52.362744140625,Leave_One_experiments/all_year_offline_schedule_search/daily_outputs/LCA/LCA_2021_LCA2021_normal_grid_S0023_daily.csv
LCA,LCA,Luancheng,2021,Leave_One_experiments\wth_generated_qc\LCA\LCA2021.WTH,wet_year;nitrogen_stress_year;low_response_year,wet,LCA2021_normal_grid_S0023,top_yield,2021-07-04,185,25,20,"{""sim_day"": 25.0, ""doy"": 185.0, ""topwt"": 713.0747985839844, ""grnwt"": 0.0, ""xlai"": 1.11139178276062, ""totir"": 0.0, ""tofer"": NaN, ""swfac"": 0.0, ""nstres"": 0.0}",0.0,0.0,713.0747985839844,0.0,1.11139178276062,0.0,,0.0,0.0,40.0,225.0,36.362744140625,52.362744140625,Leave_One_experiments/all_year_offline_schedule_search/daily_outputs/LCA/LCA_2021_LCA2021_normal_grid_S0023_daily.csv
LCA,LCA,Luancheng,2021,Leave_One_experiments\wth_generated_qc\LCA\LCA2021.WTH,wet_year;nitrogen_stress_year;low_response_year,wet,LCA2021_normal_grid_S0023,top_yield,2021-07-05,186,26,21,"{""sim_day"": 26.0, ""doy"": 186.0, ""topwt"": 870.7486724853516, ""grnwt"": 0.0, ""xlai"": 1.3075119256973269, ""totir"": 0.0, ""tofer"": NaN, ""swfac"": 0.0, ""nstres"": 0.0}",0.0,0.0,870.7486724853516,0.0,1.3075119256973269,0.0,,0.0,0.0,40.0,225.0,36.362744140625,52.362744140625,Leave_One_experiments/all_year_offline_schedule_search/daily_outputs/LCA/LCA_2021_LCA2021_normal_grid_S0023_daily.csv
LCA,LCA,Luancheng,2021,Leave_One_experiments\wth_generated_qc\LCA\LCA2021.WTH,wet_year;nitrogen_stress_year;low_response_year,wet,LCA2021_normal_grid_S0023,top_yield,2021-07-06,187,27,22,"{""sim_day"": 27.0, ""doy"": 187.0, ""topwt"": 1016.8398284912108, ""grnwt"": 0.0, ""xlai"": 1.4781982898712158, ""totir"": 0.0, ""tofer"": NaN, ""swfac"": 0.0, ""nstres"": 0.0}",0.0,0.0,1016.8398284912108,0.0,1.4781982898712158,0.0,,0.0,0.0,40.0,225.0,36.362744140625,52.362744140625,Leave_One_experiments/all_year_offline_schedule_search/daily_outputs/LCA/LCA_2021_LCA2021_normal_grid_S0023_daily.csv
LCA,LCA,Luancheng,2021,Leave_One_experiments\wth_generated_qc\LCA\LCA2021.WTH,wet_year;nitrogen_stress_year;low_response_year,wet,LCA2021_normal_grid_S0023,top_yield,2021-07-07,188,28,23,"{""sim_day"": 28.0, ""doy"": 188.0, ""topwt"": 1193.275146484375, ""grnwt"": 0.0, ""xlai"": 1.6707565784454346, ""totir"": 0.0, ""tofer"": NaN, ""swfac"": 0.0, ""nstres"": 0.0}",0.0,0.0,1193.275146484375,0.0,1.6707565784454346,0.0,,0.0,0.0,40.0,225.0,36.362744140625,52.362744140625,Leave_One_experiments/all_year_offline_schedule_search/daily_outputs/LCA/LCA_2021_LCA2021_normal_grid_S0023_daily.csv
LCA,LCA,Luancheng,2021,Leave_One_experiments\wth_generated_qc\LCA\LCA2021.WTH,wet_year;nitrogen_stress_year;low_response_year,wet,LCA2021_normal_grid_S0023,top_yield,2021-07-08,189,29,24,"{""sim_day"": 29.0, ""doy"": 189.0, ""topwt"": 1405.0599670410156, ""grnwt"": 0.0, ""xlai"": 1.883750319480896, ""totir"": 0.0, ""tofer"": NaN, ""swfac"": 0.0, ""nstres"": 0.0}",0.0,0.0,1405.0599670410156,0.0,1.883750319480896,0.0,,0.0,0.0,40.0,225.0,36.362744140625,52.362744140625,Leave_One_experiments/all_year_offline_schedule_search/daily_outputs/LCA/LCA_2021_LCA2021_normal_grid_S0023_daily.csv
LCA,LCA,Luancheng,2021,Leave_One_experiments\wth_generated_qc\LCA\LCA2021.WTH,wet_year;nitrogen_stress_year;low_response_year,wet,LCA2021_normal_grid_S0023,top_yield,2021-07-09,190,30,25,"{""sim_day"": 30.0, ""doy"": 190.0, ""topwt"": 1622.5885009765625, ""grnwt"": 0.0, ""xlai"": 2.08362340927124, ""totir"": 0.0, ""tofer"": NaN, ""swfac"": 0.0, ""nstres"": 0.0}",0.0,0.0,1622.5885009765625,0.0,2.08362340927124,0.0,,0.0,0.0,40.0,225.0,36.362744140625,52.362744140625,Leave_One_experiments/all_year_offline_schedule_search/daily_outputs/LCA/LCA_2021_LCA2021_normal_grid_S0023_daily.csv
LCA,LCA,Luancheng,2021,Leave_One_experiments\wth_generated_qc\LCA\LCA2021.WTH,wet_year;nitrogen_stress_year;low_response_year,wet,LCA2021_normal_grid_S0023,top_yield,2021-07-10,191,31,26,"{""sim_day"": 31.0, ""doy"": 191.0, ""topwt"": 1748.5284423828125, ""grnwt"": 0.0, ""xlai"": 2.1903364658355717, ""totir"": 0.0, ""tofer"": NaN, ""swfac"": 0.0, ""nstres"": 0.0}",0.0,0.0,1748.5284423828125,0.0,2.1903364658355717,0.0,,0.0,0.0,40.0,225.0,36.362744140625,52.362744140625,Leave_One_experiments/all_year_offline_schedule_search/daily_outputs/LCA/LCA_2021_LCA2021_normal_grid_S0023_daily.csv
LCA,LCA,Luancheng,2021,Leave_One_experiments\wth_generated_qc\LCA\LCA2021.WTH,wet_year;nitrogen_stress_year;low_response_year,wet,LCA2021_normal_grid_S0023,top_yield,2021-07-11,192,32,27,"{""sim_day"": 32.0, ""doy"": 192.0, ""topwt"": 1986.226959228516, ""grnwt"": 0.0, ""xlai"": 2.376378536224365, ""totir"": 0.0, ""tofer"": NaN, ""swfac"": 0.0, ""nstres"": 0.0}",0.0,0.0,1986.226959228516,0.0,2.376378536224365,0.0,,0.0,0.0,40.0,225.0,36.362744140625,52.362744140625,Leave_One_experiments/all_year_offline_schedule_search/daily_outputs/LCA/LCA_2021_LCA2021_normal_grid_S0023_daily.csv
LCA,LCA,Luancheng,2021,Leave_One_experiments\wth_generated_qc\LCA\LCA2021.WTH,wet_year;nitrogen_stress_year;low_response_year,wet,LCA2021_normal_grid_S0023,top_yield,2021-07-12,193,33,28,"{""sim_day"": 33.0, ""doy"": 193.0, ""topwt"": 2280.5319213867188, ""grnwt"": 0.0, ""xlai"": 2.585706949234009, ""totir"": 0.0, ""tofer"": NaN, ""swfac"": 0.0, ""nstres"": 0.0}",0.0,0.0,2280.5319213867188,0.0,2.585706949234009,0.0,,0.0,0.0,40.0,225.0,36.362744140625,52.362744140625,Leave_One_experiments/all_year_offline_schedule_search/daily_outputs/LCA/LCA_2021_LCA2021_normal_grid_S0023_daily.csv
LCA,LCA,Luancheng,2021,Leave_One_experiments\wth_generated_qc\LCA\LCA2021.WTH,wet_year;nitrogen_stress_year;low_response_year,wet,LCA2021_normal_grid_S0023,top_yield,2021-07-13,194,34,29,"{""sim_day"": 34.0, ""doy"": 194.0, ""topwt"": 2602.269592285156, ""grnwt"": 0.0, ""xlai"": 2.792530298233032, ""totir"": 0.0, ""tofer"": NaN, ""swfac"": 0.0, ""nstres"": 0.0}",0.0,0.0,2602.269592285156,0.0,2.792530298233032,0.0,,0.0,0.0,40.0,225.0,36.362744140625,52.362744140625,Leave_One_experiments/all_year_offline_schedule_search/daily_outputs/LCA/LCA_2021_LCA2021_normal_grid_S0023_daily.csv
LCA,LCA,Luancheng,2021,Leave_One_experiments\wth_generated_qc\LCA\LCA2021.WTH,wet_year;nitrogen_stress_year;low_response_year,wet,LCA2021_normal_grid_S0023,top_yield,2021-07-14,195,35,30,"{""sim_day"": 35.0, ""doy"": 195.0, ""topwt"": 2924.1424560546875, ""grnwt"": 0.0, ""xlai"": 2.979473829269409, ""totir"": 0.0, ""tofer"": NaN, ""swfac"": 0.0, ""nstres"": 0.0}",0.0,0.0,2924.1424560546875,0.0,2.979473829269409,0.0,,0.0,75.0,40.0,225.0,36.362744140625,52.362744140625,Leave_One_experiments/all_year_offline_schedule_search/daily_outputs/LCA/LCA_2021_LCA2021_normal_grid_S0023_daily.csv
LCA,LCA,Luancheng,2021,Leave_One_experiments\wth_generated_qc\LCA\LCA2021.WTH,wet_year;nitrogen_stress_year;low_response_year,wet,LCA2021_normal_grid_S0023,top_yield,2021-07-15,196,36,31,"{""sim_day"": 36.0, ""doy"": 196.0, ""topwt"": 3206.7221069335938, ""grnwt"": 0.0, ""xlai"": 3.128724813461304, ""totir"": 0.0, ""tofer"": NaN, ""swfac"": 0.0, ""nstres"": 0.0}",0.0,0.0,3206.7221069335938,0.0,3.128724813461304,0.0,,0.0,0.0,40.0,225.0,36.362744140625,52.362744140625,Leave_One_experiments/all_year_offline_schedule_search/daily_outputs/LCA/LCA_2021_LCA2021_normal_grid_S0023_daily.csv
LCA,LCA,Luancheng,2021,Leave_One_experiments\wth_generated_qc\LCA\LCA2021.WTH,wet_year;nitrogen_stress_year;low_response_year,wet,LCA2021_normal_grid_S0023,top_yield,2021-07-16,197,37,32,"{""sim_day"": 37.0, ""doy"": 197.0, ""topwt"": 3348.863220214844, ""grnwt"": 0.0, ""xlai"": 3.197640180587769, ""totir"": 0.0, ""tofer"": NaN, ""swfac"": 0.0, ""nstres"": 0.0}",0.0,0.0,3348.863220214844,0.0,3.197640180587769,0.0,,0.0,0.0,40.0,225.0,36.362744140625,52.362744140625,Leave_One_experiments/all_year_offline_schedule_search/daily_outputs/LCA/LCA_2021_LCA2021_normal_grid_S0023_daily.csv
LCA,LCA,Luancheng,2021,Leave_One_experiments\wth_generated_qc\LCA\LCA2021.WTH,wet_year;nitrogen_stress_year;low_response_year,wet,LCA2021_normal_grid_S0023,top_yield,2021-07-17,198,38,33,"{""sim_day"": 38.0, ""doy"": 198.0, ""topwt"": 3453.798217773437, ""grnwt"": 0.0, ""xlai"": 3.2449939250946045, ""totir"": 0.0, ""tofer"": NaN, ""swfac"": 0.0, ""nstres"": 0.0}",0.0,0.0,3453.798217773437,0.0,3.2449939250946045,0.0,,0.0,0.0,40.0,225.0,36.362744140625,52.362744140625,Leave_One_experiments/all_year_offline_schedule_search/daily_outputs/LCA/LCA_2021_LCA2021_normal_grid_S0023_daily.csv
LCA,LCA,Luancheng,2021,Leave_One_experiments\wth_generated_qc\LCA\LCA2021.WTH,wet_year;nitrogen_stress_year;low_response_year,wet,LCA2021_normal_grid_S0023,top_yield,2021-07-18,199,39,34,"{""sim_day"": 39.0, ""doy"": 199.0, ""topwt"": 3713.6187744140634, ""grnwt"": 0.0, ""xlai"": 3.3535773754119877, ""totir"": 0.0, ""tofer"": NaN, ""swfac"": 0.0, ""nstres"": 0.0}",0.0,0.0,3713.6187744140634,0.0,3.3535773754119877,0.0,,0.0,0.0,40.0,225.0,36.362744140625,52.362744140625,Leave_One_experiments/all_year_offline_schedule_search/daily_outputs/LCA/LCA_2021_LCA2021_normal_grid_S0023_daily.csv
LCA,LCA,Luancheng,2021,Leave_One_experiments\wth_generated_qc\LCA\LCA2021.WTH,wet_year;nitrogen_stress_year;low_response_year,wet,LCA2021_normal_grid_S0023,top_yield,2021-07-19,200,40,35,"{""sim_day"": 40.0, ""doy"": 200.0, ""topwt"": 3937.09228515625, ""grnwt"": 0.0, ""xlai"": 3.4855635166168213, ""totir"": 0.0, ""tofer"": NaN, ""swfac"": 0.0, ""nstres"": 0.0}",0.0,0.0,3937.09228515625,0.0,3.4855635166168213,0.0,,0.0,0.0,40.0,225.0,36.362744140625,52.362744140625,Leave_One_experiments/all_year_offline_schedule_search/daily_outputs/LCA/LCA_2021_LCA2021_normal_grid_S0023_daily.csv
LCA,LCA,Luancheng,2021,Leave_One_experiments\wth_generated_qc\LCA\LCA2021.WTH,wet_year;nitrogen_stress_year;low_response_year,wet,LCA2021_normal_grid_S0023,top_yield,2021-07-20,201,41,36,"{""sim_day"": 41.0, ""doy"": 201.0, ""topwt"": 3984.2047119140634, ""grnwt"": 0.0, ""xlai"": 3.50607967376709, ""totir"": 0.0, ""tofer"": NaN, ""swfac"": 0.0, ""nstres"": 0.0}",0.0,0.0,3984.2047119140634,0.0,3.50607967376709,0.0,,0.0,0.0,40.0,225.0,36.362744140625,52.362744140625,Leave_One_experiments/all_year_offline_schedule_search/daily_outputs/LCA/LCA_2021_LCA2021_normal_grid_S0023_daily.csv
LCA,LCA,Luancheng,2021,Leave_One_experiments\wth_generated_qc\LCA\LCA2021.WTH,wet_year;nitrogen_stress_year;low_response_year,wet,LCA2021_normal_grid_S0023,top_yield,2021-07-21,202,42,37,"{""sim_day"": 42.0, ""doy"": 202.0, ""topwt"": 4072.066345214844, ""grnwt"": 0.0, ""xlai"": 3.53892183303833, ""totir"": 0.0, ""tofer"": NaN, ""swfac"": 0.0, ""nstres"": 0.0}",0.0,0.0,4072.066345214844,0.0,3.53892183303833,0.0,,0.0,0.0,40.0,225.0,36.362744140625,52.362744140625,Leave_One_experiments/all_year_offline_schedule_search/daily_outputs/LCA/LCA_2021_LCA2021_normal_grid_S0023_daily.csv
LCA,LCA,Luancheng,2021,Leave_One_experiments\wth_generated_qc\LCA\LCA2021.WTH,wet_year;nitrogen_stress_year;low_response_year,wet,LCA2021_normal_grid_S0023,top_yield,2021-07-22,203,43,38,"{""sim_day"": 43.0, ""doy"": 203.0, ""topwt"": 4371.074523925781, ""grnwt"": 0.0, ""xlai"": 3.6378307342529297, ""totir"": 0.0, ""tofer"": NaN, ""swfac"": 0.0, ""nstres"": 0.0}",0.0,0.0,4371.074523925781,0.0,3.6378307342529297,0.0,,0.0,0.0,40.0,225.0,36.362744140625,52.362744140625,Leave_One_experiments/all_year_offline_schedule_search/daily_outputs/LCA/LCA_2021_LCA2021_normal_grid_S0023_daily.csv
LCA,LCA,Luancheng,2021,Leave_One_experiments\wth_generated_qc\LCA\LCA2021.WTH,wet_year;nitrogen_stress_year;low_response_year,wet,LCA2021_normal_grid_S0023,top_yield,2021-07-23,204,44,39,"{""sim_day"": 44.0, ""doy"": 204.0, ""topwt"": 4796.050720214844, ""grnwt"": 0.0, ""xlai"": 3.7647922039031982, ""totir"": 0.0, ""tofer"": NaN, ""swfac"": 0.0, ""nstres"": 0.0}",0.0,0.0,4796.050720214844,0.0,3.7647922039031982,0.0,,0.0,0.0,40.0,225.0,36.362744140625,52.362744140625,Leave_One_experiments/all_year_offline_schedule_search/daily_outputs/LCA/LCA_2021_LCA2021_normal_grid_S0023_daily.csv
LCA,LCA,Luancheng,2021,Leave_One_experiments\wth_generated_qc\LCA\LCA2021.WTH,wet_year;nitrogen_stress_year;low_response_year,wet,LCA2021_normal_grid_S0023,top_yield,2021-07-24,205,45,40,"{""sim_day"": 45.0, ""doy"": 205.0, ""topwt"": 5232.9827880859375, ""grnwt"": 0.0, ""xlai"": 3.884544134140015, ""totir"": 0.0, ""tofer"": NaN, ""swfac"": 0.0, ""nstres"": 0.0}",0.0,0.0,5232.9827880859375,0.0,3.884544134140015,0.0,,0.0,0.0,40.0,225.0,36.362744140625,52.362744140625,Leave_One_experiments/all_year_offline_schedule_search/daily_outputs/LCA/LCA_2021_LCA2021_normal_grid_S0023_daily.csv
LCA,LCA,Luancheng,2021,Leave_One_experiments\wth_generated_qc\LCA\LCA2021.WTH,wet_year;nitrogen_stress_year;low_response_year,wet,LCA2021_normal_grid_S0023,top_yield,2021-07-25,206,46,41,"{""sim_day"": 46.0, ""doy"": 206.0, ""topwt"": 5633.6181640625, ""grnwt"": 0.0, ""xlai"": 3.986472606658936, ""totir"": 0.0, ""tofer"": NaN, ""swfac"": 0.0, ""nstres"": 0.0}",0.0,0.0,5633.6181640625,0.0,3.986472606658936,0.0,,0.0,0.0,40.0,225.0,36.362744140625,52.362744140625,Leave_One_experiments/all_year_offline_schedule_search/daily_outputs/LCA/LCA_2021_LCA2021_normal_grid_S0023_daily.csv
LCA,LCA,Luancheng,2021,Leave_One_experiments\wth_generated_qc\LCA\LCA2021.WTH,wet_year;nitrogen_stress_year;low_response_year,wet,LCA2021_normal_grid_S0023,top_yield,2021-07-26,207,47,42,"{""sim_day"": 47.0, ""doy"": 207.0, ""topwt"": 5894.503784179688, ""grnwt"": 0.0, ""xlai"": 4.048669815063477, ""totir"": 0.0, ""tofer"": NaN, ""swfac"": 0.0, ""nstres"": 0.0}",0.0,0.0,5894.503784179688,0.0,4.048669815063477,0.0,,0.0,0.0,40.0,225.0,36.362744140625,52.362744140625,Leave_One_experiments/all_year_offline_schedule_search/daily_outputs/LCA/LCA_2021_LCA2021_normal_grid_S0023_daily.csv
LCA,LCA,Luancheng,2021,Leave_One_experiments\wth_generated_qc\LCA\LCA2021.WTH,wet_year;nitrogen_stress_year;low_response_year,wet,LCA2021_normal_grid_S0023,top_yield,2021-07-27,208,48,43,"{""sim_day"": 48.0, ""doy"": 208.0, ""topwt"": 6030.428466796875, ""grnwt"": 0.0, ""xlai"": 4.07925271987915, ""totir"": 0.0, ""tofer"": NaN, ""swfac"": 0.0, ""nstres"": 0.0}",0.0,0.0,6030.428466796875,0.0,4.07925271987915,0.0,,0.0,0.0,40.0,225.0,36.362744140625,52.362744140625,Leave_One_experiments/all_year_offline_schedule_search/daily_outputs/LCA/LCA_2021_LCA2021_normal_grid_S0023_daily.csv
LCA,LCA,Luancheng,2021,Leave_One_experiments\wth_generated_qc\LCA\LCA2021.WTH,wet_year;nitrogen_stress_year;low_response_year,wet,LCA2021_normal_grid_S0023,top_yield,2021-07-28,209,49,44,"{""sim_day"": 49.0, ""doy"": 209.0, ""topwt"": 6126.4044189453125, ""grnwt"": 0.0, ""xlai"": 4.099220275878906, ""totir"": 0.0, ""tofer"": NaN, ""swfac"": 0.0, ""nstres"": 0.0}",0.0,0.0,6126.4044189453125,0.0,4.099220275878906,0.0,,0.0,0.0,40.0,225.0,36.362744140625,52.362744140625,Leave_One_experiments/all_year_offline_schedule_search/daily_outputs/LCA/LCA_2021_LCA2021_normal_grid_S0023_daily.csv
LCA,LCA,Luancheng,2021,Leave_One_experiments\wth_generated_qc\LCA\LCA2021.WTH,wet_year;nitrogen_stress_year;low_response_year,wet,LCA2021_normal_grid_S0023,top_yield,2021-07-29,210,50,45,"{""sim_day"": 50.0, ""doy"": 210.0, ""topwt"": 6512.65380859375, ""grnwt"": 0.0, ""xlai"": 4.187950134277344, ""totir"": 0.0, ""tofer"": NaN, ""swfac"": 0.0, ""nstres"": 0.0}",0.0,0.0,6512.65380859375,0.0,4.187950134277344,0.0,,0.0,0.0,40.0,225.0,36.362744140625,52.362744140625,Leave_One_experiments/all_year_offline_schedule_search/daily_outputs/LCA/LCA_2021_LCA2021_normal_grid_S0023_daily.csv
LCA,LCA,Luancheng,2021,Leave_One_experiments\wth_generated_qc\LCA\LCA2021.WTH,wet_year;nitrogen_stress_year;low_response_year,wet,LCA2021_normal_grid_S0023,top_yield,2021-07-30,211,51,46,"{""sim_day"": 51.0, ""doy"": 211.0, ""topwt"": 6929.625244140625, ""grnwt"": 0.0, ""xlai"": 4.280759334564209, ""totir"": 0.0, ""tofer"": NaN, ""swfac"": 0.0, ""nstres"": 0.0}",0.0,0.0,6929.625244140625,0.0,4.280759334564209,0.0,,0.0,0.0,40.0,225.0,36.362744140625,52.362744140625,Leave_One_experiments/all_year_offline_schedule_search/daily_outputs/LCA/LCA_2021_LCA2021_normal_grid_S0023_daily.csv
LCA,LCA,Luancheng,2021,Leave_One_experiments\wth_generated_qc\LCA\LCA2021.WTH,wet_year;nitrogen_stress_year;low_response_year,wet,LCA2021_normal_grid_S0023,top_yield,2021-07-31,212,52,47,"{""sim_day"": 52.0, ""doy"": 212.0, ""topwt"": 7372.469482421875, ""grnwt"": 0.0, ""xlai"": 4.09408712387085, ""totir"": 0.0, ""tofer"": NaN, ""swfac"": 0.0, ""nstres"": 0.0}",0.0,0.0,7372.469482421875,0.0,4.09408712387085,0.0,,0.0,0.0,40.0,225.0,36.362744140625,52.362744140625,Leave_One_experiments/all_year_offline_schedule_search/daily_outputs/LCA/LCA_2021_LCA2021_normal_grid_S0023_daily.csv
LCA,LCA,Luancheng,2021,Leave_One_experiments\wth_generated_qc\LCA\LCA2021.WTH,wet_year;nitrogen_stress_year;low_response_year,wet,LCA2021_normal_grid_S0023,top_yield,2021-08-01,213,53,48,"{""sim_day"": 53.0, ""doy"": 213.0, ""topwt"": 7808.466186523437, ""grnwt"": 0.0, ""xlai"": 4.074090003967285, ""totir"": 0.0, ""tofer"": NaN, ""swfac"": 0.0, ""nstres"": 0.0}",0.0,0.0,7808.466186523437,0.0,4.074090003967285,0.0,,0.0,0.0,40.0,225.0,36.362744140625,52.362744140625,Leave_One_experiments/all_year_offline_schedule_search/daily_outputs/LCA/LCA_2021_LCA2021_normal_grid_S0023_daily.csv
LCA,LCA,Luancheng,2021,Leave_One_experiments\wth_generated_qc\LCA\LCA2021.WTH,wet_year;nitrogen_stress_year;low_response_year,wet,LCA2021_normal_grid_S0023,top_yield,2021-08-02,214,54,49,"{""sim_day"": 54.0, ""doy"": 214.0, ""topwt"": 8020.946655273437, ""grnwt"": 0.0, ""xlai"": 4.05511999130249, ""totir"": 0.0, ""tofer"": NaN, ""swfac"": 0.0, ""nstres"": 0.0}",0.0,0.0,8020.946655273437,0.0,4.05511999130249,0.0,,0.0,0.0,40.0,225.0,36.362744140625,52.362744140625,Leave_One_experiments/all_year_offline_schedule_search/daily_outputs/LCA/LCA_2021_LCA2021_normal_grid_S0023_daily.csv
LCA,LCA,Luancheng,2021,Leave_One_experiments\wth_generated_qc\LCA\LCA2021.WTH,wet_year;nitrogen_stress_year;low_response_year,wet,LCA2021_normal_grid_S0023,top_yield,2021-08-03,215,55,50,"{""sim_day"": 55.0, ""doy"": 215.0, ""topwt"": 8311.427001953125, ""grnwt"": 0.0, ""xlai"": 4.032691478729248, ""totir"": 0.0, ""tofer"": NaN, ""swfac"": 0.0, ""nstres"": 0.0}",0.0,0.0,8311.427001953125,0.0,4.032691478729248,0.0,,0.0,0.0,40.0,225.0,36.362744140625,52.362744140625,Leave_One_experiments/all_year_offline_schedule_search/daily_outputs/LCA/LCA_2021_LCA2021_normal_grid_S0023_daily.csv
LCA,LCA,Luancheng,2021,Leave_One_experiments\wth_generated_qc\LCA\LCA2021.WTH,wet_year;nitrogen_stress_year;low_response_year,wet,LCA2021_normal_grid_S0023,top_yield,2021-08-04,216,56,51,"{""sim_day"": 56.0, ""doy"": 216.0, ""topwt"": 8620.120239257812, ""grnwt"": 0.0, ""xlai"": 4.009992599487305, ""totir"": 0.0, ""tofer"": NaN, ""swfac"": 0.0, ""nstres"": 0.0}",0.0,0.0,8620.120239257812,0.0,4.009992599487305,0.0,,0.0,0.0,40.0,225.0,36.362744140625,52.362744140625,Leave_One_experiments/all_year_offline_schedule_search/daily_outputs/LCA/LCA_2021_LCA2021_normal_grid_S0023_daily.csv
LCA,LCA,Luancheng,2021,Leave_One_experiments\wth_generated_qc\LCA\LCA2021.WTH,wet_year;nitrogen_stress_year;low_response_year,wet,LCA2021_normal_grid_S0023,top_yield,2021-08-05,217,57,52,"{""sim_day"": 57.0, ""doy"": 217.0, ""topwt"": 9012.5146484375, ""grnwt"": 0.0, ""xlai"": 3.990211963653565, ""totir"": 0.0, ""tofer"": NaN, ""swfac"": 0.0, ""nstres"": 0.0}",0.0,0.0,9012.5146484375,0.0,3.990211963653565,0.0,,0.0,0.0,40.0,225.0,36.362744140625,52.362744140625,Leave_One_experiments/all_year_offline_schedule_search/daily_outputs/LCA/LCA_2021_LCA2021_normal_grid_S0023_daily.csv
LCA,LCA,Luancheng,2021,Leave_One_experiments\wth_generated_qc\LCA\LCA2021.WTH,wet_year;nitrogen_stress_year;low_response_year,wet,LCA2021_normal_grid_S0023,top_yield,2021-08-06,218,58,53,"{""sim_day"": 58.0, ""doy"": 218.0, ""topwt"": 9308.060302734377, ""grnwt"": 0.0, ""xlai"": 3.968647956848145, ""totir"": 0.0, ""tofer"": NaN, ""swfac"": 0.0, ""nstres"": 0.0}",0.0,0.0,9308.060302734377,0.0,3.968647956848145,0.0,,0.0,0.0,40.0,225.0,36.362744140625,52.362744140625,Leave_One_experiments/all_year_offline_schedule_search/daily_outputs/LCA/LCA_2021_LCA2021_normal_grid_S0023_daily.csv
LCA,LCA,Luancheng,2021,Leave_One_experiments\wth_generated_qc\LCA\LCA2021.WTH,wet_year;nitrogen_stress_year;low_response_year,wet,LCA2021_normal_grid_S0023,top_yield,2021-08-07,219,59,54,"{""sim_day"": 59.0, ""doy"": 219.0, ""topwt"": 9594.429321289062, ""grnwt"": 0.0, ""xlai"": 3.9490835666656494, ""totir"": 0.0, ""tofer"": NaN, ""swfac"": 0.0, ""nstres"": 0.0}",0.0,0.0,9594.429321289062,0.0,3.9490835666656494,0.0,,0.0,0.0,40.0,225.0,36.362744140625,52.362744140625,Leave_One_experiments/all_year_offline_schedule_search/daily_outputs/LCA/LCA_2021_LCA2021_normal_grid_S0023_daily.csv
LCA,LCA,Luancheng,2021,Leave_One_experiments\wth_generated_qc\LCA\LCA2021.WTH,wet_year;nitrogen_stress_year;low_response_year,wet,LCA2021_normal_grid_S0023,top_yield,2021-08-08,220,60,55,"{""sim_day"": 60.0, ""doy"": 220.0, ""topwt"": 9979.1943359375, ""grnwt"": 0.0, ""xlai"": 3.9296815395355225, ""totir"": 0.0, ""tofer"": NaN, ""swfac"": 0.0, ""nstres"": 0.0}",0.0,0.0,9979.1943359375,0.0,3.9296815395355225,0.0,,0.0,0.0,40.0,225.0,36.362744140625,52.362744140625,Leave_One_experiments/all_year_offline_schedule_search/daily_outputs/LCA/LCA_2021_LCA2021_normal_grid_S0023_daily.csv
LCA,LCA,Luancheng,2021,Leave_One_experiments\wth_generated_qc\LCA\LCA2021.WTH,wet_year;nitrogen_stress_year;low_response_year,wet,LCA2021_normal_grid_S0023,top_yield,2021-08-09,221,61,56,"{""sim_day"": 61.0, ""doy"": 221.0, ""topwt"": 10267.042236328123, ""grnwt"": 387.3808670043945, ""xlai"": 3.849724054336548, ""totir"": 0.0, ""tofer"": NaN, ""swfac"": 0.0, ""nstres"": 0.0}",0.0,0.0,10267.042236328123,387.3808670043945,3.849724054336548,0.0,,0.0,0.0,40.0,225.0,36.362744140625,52.362744140625,Leave_One_experiments/all_year_offline_schedule_search/daily_outputs/LCA/LCA_2021_LCA2021_normal_grid_S0023_daily.csv
LCA,LCA,Luancheng,2021,Leave_One_experiments\wth_generated_qc\LCA\LCA2021.WTH,wet_year;nitrogen_stress_year;low_response_year,wet,LCA2021_normal_grid_S0023,top_yield,2021-08-10,222,62,57,"{""sim_day"": 62.0, ""doy"": 222.0, ""topwt"": 10629.9560546875, ""grnwt"": 774.7617340087891, ""xlai"": 3.836001873016357, ""totir"": 0.0, ""tofer"": NaN, ""swfac"": 0.0, ""nstres"": 0.0}",0.0,0.0,10629.9560546875,774.7617340087891,3.836001873016357,0.0,,0.0,0.0,40.0,225.0,36.362744140625,52.362744140625,Leave_One_experiments/all_year_offline_schedule_search/daily_outputs/LCA/LCA_2021_LCA2021_normal_grid_S0023_daily.csv
LCA,LCA,Luancheng,2021,Leave_One_experiments\wth_generated_qc\LCA\LCA2021.WTH,wet_year;nitrogen_stress_year;low_response_year,wet,LCA2021_normal_grid_S0023,top_yield,2021-08-11,223,63,58,"{""sim_day"": 63.0, ""doy"": 223.0, ""topwt"": 11021.007080078123, ""grnwt"": 1162.1426391601562, ""xlai"": 3.819890975952149, ""totir"": 0.0, ""tofer"": NaN, ""swfac"": 0.0, ""nstres"": 0.0}",0.0,0.0,11021.007080078123,1162.1426391601562,3.819890975952149,0.0,,0.0,0.0,40.0,225.0,36.362744140625,52.362744140625,Leave_One_experiments/all_year_offline_schedule_search/daily_outputs/LCA/LCA_2021_LCA2021_normal_grid_S0023_daily.csv
LCA,LCA,Luancheng,2021,Leave_One_experiments\wth_generated_qc\LCA\LCA2021.WTH,wet_year;nitrogen_stress_year;low_response_year,wet,LCA2021_normal_grid_S0023,top_yield,2021-08-12,224,64,59,"{""sim_day"": 64.0, ""doy"": 224.0, ""topwt"": 11408.8916015625, ""grnwt"": 1549.523468017578, ""xlai"": 3.801147222518921, ""totir"": 0.0, ""tofer"": NaN, ""swfac"": 0.0, ""nstres"": 0.0}",0.0,0.0,11408.8916015625,1549.523468017578,3.801147222518921,0.0,,0.0,0.0,40.0,225.0,36.362744140625,52.362744140625,Leave_One_experiments/all_year_offline_schedule_search/daily_outputs/LCA/LCA_2021_LCA2021_normal_grid_S0023_daily.csv
LCA,LCA,Luancheng,2021,Leave_One_experiments\wth_generated_qc\LCA\LCA2021.WTH,wet_year;nitrogen_stress_year;low_response_year,wet,LCA2021_normal_grid_S0023,top_yield,2021-08-13,225,65,60,"{""sim_day"": 65.0, ""doy"": 225.0, ""topwt"": 11825.5859375, ""grnwt"": 1936.9044494628904, ""xlai"": 3.780692577362061, ""totir"": 0.0, ""tofer"": NaN, ""swfac"": 0.0, ""nstres"": 0.0}",0.0,0.0,11825.5859375,1936.9044494628904,3.780692577362061,0.0,,0.0,75.0,40.0,225.0,36.362744140625,52.362744140625,Leave_One_experiments/all_year_offline_schedule_search/daily_outputs/LCA/LCA_2021_LCA2021_normal_grid_S0023_daily.csv
LCA,LCA,Luancheng,2021,Leave_One_experiments\wth_generated_qc\LCA\LCA2021.WTH,wet_year;nitrogen_stress_year;low_response_year,wet,LCA2021_normal_grid_S0023,top_yield,2021-08-14,226,66,61,"{""sim_day"": 66.0, ""doy"": 226.0, ""topwt"": 12201.18896484375, ""grnwt"": 2324.2852783203125, ""xlai"": 3.757132768630981, ""totir"": 0.0, ""tofer"": NaN, ""swfac"": 0.0, ""nstres"": 0.0}",0.0,0.0,12201.18896484375,2324.2852783203125,3.757132768630981,0.0,,0.0,0.0,40.0,225.0,36.362744140625,52.362744140625,Leave_One_experiments/all_year_offline_schedule_search/daily_outputs/LCA/LCA_2021_LCA2021_normal_grid_S0023_daily.csv
LCA,LCA,Luancheng,2021,Leave_One_experiments\wth_generated_qc\LCA\LCA2021.WTH,wet_year;nitrogen_stress_year;low_response_year,wet,LCA2021_normal_grid_S0023,top_yield,2021-08-15,227,67,62,"{""sim_day"": 67.0, ""doy"": 227.0, ""topwt"": 12580.3076171875, ""grnwt"": 2711.665954589844, ""xlai"": 3.7296857833862314, ""totir"": 0.0, ""tofer"": NaN, ""swfac"": 0.0, ""nstres"": 0.0}",0.0,0.0,12580.3076171875,2711.665954589844,3.7296857833862314,0.0,,0.0,0.0,40.0,225.0,36.362744140625,52.362744140625,Leave_One_experiments/all_year_offline_schedule_search/daily_outputs/LCA/LCA_2021_LCA2021_normal_grid_S0023_daily.csv
LCA,LCA,Luancheng,2021,Leave_One_experiments\wth_generated_qc\LCA\LCA2021.WTH,wet_year;nitrogen_stress_year;low_response_year,wet,LCA2021_normal_grid_S0023,top_yield,2021-08-16,228,68,63,"{""sim_day"": 68.0, ""doy"": 228.0, ""topwt"": 12775.55908203125, ""grnwt"": 3099.046936035156, ""xlai"": 3.700240850448608, ""totir"": 0.0, ""tofer"": NaN, ""swfac"": 0.0, ""nstres"": 0.0}",0.0,0.0,12775.55908203125,3099.046936035156,3.700240850448608,0.0,,0.0,0.0,40.0,225.0,36.362744140625,52.362744140625,Leave_One_experiments/all_year_offline_schedule_search/daily_outputs/LCA/LCA_2021_LCA2021_normal_grid_S0023_daily.csv
LCA,LCA,Luancheng,2021,Leave_One_experiments\wth_generated_qc\LCA\LCA2021.WTH,wet_year;nitrogen_stress_year;low_response_year,wet,LCA2021_normal_grid_S0023,top_yield,2021-08-17,229,69,64,"{""sim_day"": 69.0, ""doy"": 229.0, ""topwt"": 13018.228759765623, ""grnwt"": 3486.4279174804688, ""xlai"": 3.66309666633606, ""totir"": 0.0, ""tofer"": NaN, ""swfac"": 0.0, ""nstres"": 0.0}",0.0,0.0,13018.228759765623,3486.4279174804688,3.66309666633606,0.0,,0.0,0.0,40.0,225.0,36.362744140625,52.362744140625,Leave_One_experiments/all_year_offline_schedule_search/daily_outputs/LCA/LCA_2021_LCA2021_normal_grid_S0023_daily.csv
LCA,LCA,Luancheng,2021,Leave_One_experiments\wth_generated_qc\LCA\LCA2021.WTH,wet_year;nitrogen_stress_year;low_response_year,wet,LCA2021_normal_grid_S0023,top_yield,2021-08-18,230,70,65,"{""sim_day"": 70.0, ""doy"": 230.0, ""topwt"": 13059.910888671877, ""grnwt"": 3873.808898925781, ""xlai"": 3.631732702255249, ""totir"": 40.0, ""tofer"": NaN, ""swfac"": 0.0, ""nstres"": 0.0}",0.0,0.0,13059.910888671877,3873.808898925781,3.631732702255249,40.0,,40.0,0.0,40.0,225.0,36.362744140625,52.362744140625,Leave_One_experiments/all_year_offline_schedule_search/daily_outputs/LCA/LCA_2021_LCA2021_normal_grid_S0023_daily.csv
LCA,LCA,Luancheng,2021,Leave_One_experiments\wth_generated_qc\LCA\LCA2021.WTH,wet_year;nitrogen_stress_year;low_response_year,wet,LCA2021_normal_grid_S0023,top_yield,2021-08-19,231,71,66,"{""sim_day"": 71.0, ""doy"": 231.0, ""topwt"": 13460.635986328123, ""grnwt"": 4261.189880371094, ""xlai"": 3.593329906463623, ""totir"": 40.0, ""tofer"": NaN, ""swfac"": 0.0, ""nstres"": 0.0}",0.0,0.0,13460.635986328123,4261.189880371094,3.593329906463623,40.0,,0.0,0.0,40.0,225.0,36.362744140625,52.362744140625,Leave_One_experiments/all_year_offline_schedule_search/daily_outputs/LCA/LCA_2021_LCA2021_normal_grid_S0023_daily.csv
LCA,LCA,Luancheng,2021,Leave_One_experiments\wth_generated_qc\LCA\LCA2021.WTH,wet_year;nitrogen_stress_year;low_response_year,wet,LCA2021_normal_grid_S0023,top_yield,2021-08-20,232,72,67,"{""sim_day"": 72.0, ""doy"": 232.0, ""topwt"": 13796.658935546877, ""grnwt"": 4648.570861816406, ""xlai"": 3.551175355911255, ""totir"": 40.0, ""tofer"": NaN, ""swfac"": 0.0, ""nstres"": 0.0}",0.0,0.0,13796.658935546877,4648.570861816406,3.551175355911255,40.0,,0.0,0.0,40.0,225.0,36.362744140625,52.362744140625,Leave_One_experiments/all_year_offline_schedule_search/daily_outputs/LCA/LCA_2021_LCA2021_normal_grid_S0023_daily.csv
LCA,LCA,Luancheng,2021,Leave_One_experiments\wth_generated_qc\LCA\LCA2021.WTH,wet_year;nitrogen_stress_year;low_response_year,wet,LCA2021_normal_grid_S0023,top_yield,2021-08-21,233,73,68,"{""sim_day"": 73.0, ""doy"": 233.0, ""topwt"": 14149.54345703125, ""grnwt"": 5028.688354492188, ""xlai"": 3.495345115661621, ""totir"": 40.0, ""tofer"": NaN, ""swfac"": 0.0, ""nstres"": 0.0}",0.0,0.0,14149.54345703125,5028.688354492188,3.495345115661621,40.0,,0.0,0.0,40.0,225.0,36.362744140625,52.362744140625,Leave_One_experiments/all_year_offline_schedule_search/daily_outputs/LCA/LCA_2021_LCA2021_normal_grid_S0023_daily.csv
LCA,LCA,Luancheng,2021,Leave_One_experiments\wth_generated_qc\LCA\LCA2021.WTH,wet_year;nitrogen_stress_year;low_response_year,wet,LCA2021_normal_grid_S0023,top_yield,2021-08-22,234,74,69,"{""sim_day"": 74.0, ""doy"": 234.0, ""topwt"": 14564.21875, ""grnwt"": 5416.0693359375, ""xlai"": 3.44026517868042, ""totir"": 40.0, ""tofer"": NaN, ""swfac"": 0.0, ""nstres"": 0.0}",0.0,0.0,14564.21875,5416.0693359375,3.44026517868042,40.0,,0.0,0.0,40.0,225.0,36.362744140625,52.362744140625,Leave_One_experiments/all_year_offline_schedule_search/daily_outputs/LCA/LCA_2021_LCA2021_normal_grid_S0023_daily.csv
LCA,LCA,Luancheng,2021,Leave_One_experiments\wth_generated_qc\LCA\LCA2021.WTH,wet_year;nitrogen_stress_year;low_response_year,wet,LCA2021_normal_grid_S0023,top_yield,2021-08-23,235,75,70,"{""sim_day"": 75.0, ""doy"": 235.0, ""topwt"": 14991.7724609375, ""grnwt"": 5803.4503173828125, ""xlai"": 3.3848273754119877, ""totir"": 40.0, ""tofer"": NaN, ""swfac"": 0.0, ""nstres"": 0.0}",0.0,0.0,14991.7724609375,5803.4503173828125,3.3848273754119877,40.0,,0.0,0.0,40.0,225.0,36.362744140625,52.362744140625,Leave_One_experiments/all_year_offline_schedule_search/daily_outputs/LCA/LCA_2021_LCA2021_normal_grid_S0023_daily.csv
LCA,LCA,Luancheng,2021,Leave_One_experiments\wth_generated_qc\LCA\LCA2021.WTH,wet_year;nitrogen_stress_year;low_response_year,wet,LCA2021_normal_grid_S0023,top_yield,2021-08-24,236,76,71,"{""sim_day"": 76.0, ""doy"": 236.0, ""topwt"": 15431.08642578125, ""grnwt"": 6190.831298828125, ""xlai"": 3.3287100791931152, ""totir"": 40.0, ""tofer"": NaN, ""swfac"": 0.0, ""nstres"": 0.0}",0.0,0.0,15431.08642578125,6190.831298828125,3.3287100791931152,40.0,,0.0,0.0,40.0,225.0,36.362744140625,52.362744140625,Leave_One_experiments/all_year_offline_schedule_search/daily_outputs/LCA/LCA_2021_LCA2021_normal_grid_S0023_daily.csv
LCA,LCA,Luancheng,2021,Leave_One_experiments\wth_generated_qc\LCA\LCA2021.WTH,wet_year;nitrogen_stress_year;low_response_year,wet,LCA2021_normal_grid_S0023,top_yield,2021-08-25,237,77,72,"{""sim_day"": 77.0, ""doy"": 237.0, ""topwt"": 15833.472900390623, ""grnwt"": 6578.2122802734375, ""xlai"": 3.269214391708374, ""totir"": 40.0, ""tofer"": NaN, ""swfac"": 0.0, ""nstres"": 0.0}",0.0,0.0,15833.472900390623,6578.2122802734375,3.269214391708374,40.0,,0.0,0.0,40.0,225.0,36.362744140625,52.362744140625,Leave_One_experiments/all_year_offline_schedule_search/daily_outputs/LCA/LCA_2021_LCA2021_normal_grid_S0023_daily.csv
LCA,LCA,Luancheng,2021,Leave_One_experiments\wth_generated_qc\LCA\LCA2021.WTH,wet_year;nitrogen_stress_year;low_response_year,wet,LCA2021_normal_grid_S0023,top_yield,2021-08-26,238,78,73,"{""sim_day"": 78.0, ""doy"": 238.0, ""topwt"": 16246.502685546877, ""grnwt"": 6965.59326171875, ""xlai"": 3.2047810554504395, ""totir"": 40.0, ""tofer"": NaN, ""swfac"": 0.0, ""nstres"": 0.0}",0.0,0.0,16246.502685546877,6965.59326171875,3.2047810554504395,40.0,,0.0,0.0,40.0,225.0,36.362744140625,52.362744140625,Leave_One_experiments/all_year_offline_schedule_search/daily_outputs/LCA/LCA_2021_LCA2021_normal_grid_S0023_daily.csv
LCA,LCA,Luancheng,2021,Leave_One_experiments\wth_generated_qc\LCA\LCA2021.WTH,wet_year;nitrogen_stress_year;low_response_year,wet,LCA2021_normal_grid_S0023,top_yield,2021-08-27,239,79,74,"{""sim_day"": 79.0, ""doy"": 239.0, ""topwt"": 16565.631103515625, ""grnwt"": 7352.974853515625, ""xlai"": 3.1367523670196533, ""totir"": 40.0, ""tofer"": NaN, ""swfac"": 0.0, ""nstres"": 0.0}",0.0,0.0,16565.631103515625,7352.974853515625,3.1367523670196533,40.0,,0.0,0.0,40.0,225.0,36.362744140625,52.362744140625,Leave_One_experiments/all_year_offline_schedule_search/daily_outputs/LCA/LCA_2021_LCA2021_normal_grid_S0023_daily.csv
LCA,LCA,Luancheng,2021,Leave_One_experiments\wth_generated_qc\LCA\LCA2021.WTH,wet_year;nitrogen_stress_year;low_response_year,wet,LCA2021_normal_grid_S0023,top_yield,2021-08-28,240,80,75,"{""sim_day"": 80.0, ""doy"": 240.0, ""topwt"": 16817.93212890625, ""grnwt"": 7740.355224609375, ""xlai"": 3.063118696212769, ""totir"": 40.0, ""tofer"": NaN, ""swfac"": 0.0, ""nstres"": 0.0}",0.0,0.0,16817.93212890625,7740.355224609375,3.063118696212769,40.0,,0.0,0.0,40.0,225.0,36.362744140625,52.362744140625,Leave_One_experiments/all_year_offline_schedule_search/daily_outputs/LCA/LCA_2021_LCA2021_normal_grid_S0023_daily.csv
LCA,LCA,Luancheng,2021,Leave_One_experiments\wth_generated_qc\LCA\LCA2021.WTH,wet_year;nitrogen_stress_year;low_response_year,wet,LCA2021_normal_grid_S0023,top_yield,2021-08-29,241,81,76,"{""sim_day"": 81.0, ""doy"": 241.0, ""topwt"": 17003.109130859375, ""grnwt"": 8127.736206054687, ""xlai"": 2.9941272735595703, ""totir"": 40.0, ""tofer"": NaN, ""swfac"": 0.0, ""nstres"": 0.0}",0.0,0.0,17003.109130859375,8127.736206054687,2.9941272735595703,40.0,,0.0,0.0,40.0,225.0,36.362744140625,52.362744140625,Leave_One_experiments/all_year_offline_schedule_search/daily_outputs/LCA/LCA_2021_LCA2021_normal_grid_S0023_daily.csv
LCA,LCA,Luancheng,2021,Leave_One_experiments\wth_generated_qc\LCA\LCA2021.WTH,wet_year;nitrogen_stress_year;low_response_year,wet,LCA2021_normal_grid_S0023,top_yield,2021-08-30,242,82,77,"{""sim_day"": 82.0, ""doy"": 242.0, ""topwt"": 17114.24560546875, ""grnwt"": 8246.57470703125, ""xlai"": 2.9197349548339844, ""totir"": 40.0, ""tofer"": NaN, ""swfac"": 0.0, ""nstres"": 0.0}",0.0,0.0,17114.24560546875,8246.57470703125,2.9197349548339844,40.0,,0.0,0.0,40.0,225.0,36.362744140625,52.362744140625,Leave_One_experiments/all_year_offline_schedule_search/daily_outputs/LCA/LCA_2021_LCA2021_normal_grid_S0023_daily.csv
LCA,LCA,Luancheng,2021,Leave_One_experiments\wth_generated_qc\LCA\LCA2021.WTH,wet_year;nitrogen_stress_year;low_response_year,wet,LCA2021_normal_grid_S0023,top_yield,2021-08-31,243,83,78,"{""sim_day"": 83.0, ""doy"": 243.0, ""topwt"": 17512.369384765625, ""grnwt"": 8633.955688476562, ""xlai"": 2.835163116455078, ""totir"": 40.0, ""tofer"": NaN, ""swfac"": 0.0, ""nstres"": 0.0}",0.0,0.0,17512.369384765625,8633.955688476562,2.835163116455078,40.0,,0.0,0.0,40.0,225.0,36.362744140625,52.362744140625,Leave_One_experiments/all_year_offline_schedule_search/daily_outputs/LCA/LCA_2021_LCA2021_normal_grid_S0023_daily.csv
LCA,LCA,Luancheng,2021,Leave_One_experiments\wth_generated_qc\LCA\LCA2021.WTH,wet_year;nitrogen_stress_year;low_response_year,wet,LCA2021_normal_grid_S0023,top_yield,2021-09-01,244,84,79,"{""sim_day"": 84.0, ""doy"": 244.0, ""topwt"": 17921.273193359375, ""grnwt"": 9021.336669921877, ""xlai"": 2.7470643520355225, ""totir"": 40.0, ""tofer"": NaN, ""swfac"": 0.0, ""nstres"": 0.0}",0.0,0.0,17921.273193359375,9021.336669921877,2.7470643520355225,40.0,,0.0,0.0,40.0,225.0,36.362744140625,52.362744140625,Leave_One_experiments/all_year_offline_schedule_search/daily_outputs/LCA/LCA_2021_LCA2021_normal_grid_S0023_daily.csv
LCA,LCA,Luancheng,2021,Leave_One_experiments\wth_generated_qc\LCA\LCA2021.WTH,wet_year;nitrogen_stress_year;low_response_year,wet,LCA2021_normal_grid_S0023,top_yield,2021-09-02,245,85,80,"{""sim_day"": 85.0, ""doy"": 245.0, ""topwt"": 18061.64306640625, ""grnwt"": 9193.970947265623, ""xlai"": 2.649279356002808, ""totir"": 40.0, ""tofer"": NaN, ""swfac"": 0.0, ""nstres"": 0.0}",0.0,0.0,18061.64306640625,9193.970947265623,2.649279356002808,40.0,,0.0,0.0,40.0,225.0,36.362744140625,52.362744140625,Leave_One_experiments/all_year_offline_schedule_search/daily_outputs/LCA/LCA_2021_LCA2021_normal_grid_S0023_daily.csv
LCA,LCA,Luancheng,2021,Leave_One_experiments\wth_generated_qc\LCA\LCA2021.WTH,wet_year;nitrogen_stress_year;low_response_year,wet,LCA2021_normal_grid_S0023,top_yield,2021-09-03,246,86,81,"{""sim_day"": 86.0, ""doy"": 246.0, ""topwt"": 18119.7021484375, ""grnwt"": 9252.029418945312, ""xlai"": 2.5578153133392334, ""totir"": 40.0, ""tofer"": NaN, ""swfac"": 0.0, ""nstres"": 0.0}",0.0,0.0,18119.7021484375,9252.029418945312,2.5578153133392334,40.0,,0.0,0.0,40.0,225.0,36.362744140625,52.362744140625,Leave_One_experiments/all_year_offline_schedule_search/daily_outputs/LCA/LCA_2021_LCA2021_normal_grid_S0023_daily.csv
LCA,LCA,Luancheng,2021,Leave_One_experiments\wth_generated_qc\LCA\LCA2021.WTH,wet_year;nitrogen_stress_year;low_response_year,wet,LCA2021_normal_grid_S0023,top_yield,2021-09-04,247,87,82,"{""sim_day"": 87.0, ""doy"": 247.0, ""topwt"": 18232.606201171875, ""grnwt"": 9364.932861328123, ""xlai"": 2.468806505203247, ""totir"": 40.0, ""tofer"": NaN, ""swfac"": 0.0, ""nstres"": 0.0}",0.0,0.0,18232.606201171875,9364.932861328123,2.468806505203247,40.0,,0.0,0.0,40.0,225.0,36.362744140625,52.362744140625,Leave_One_experiments/all_year_offline_schedule_search/daily_outputs/LCA/LCA_2021_LCA2021_normal_grid_S0023_daily.csv
LCA,LCA,Luancheng,2021,Leave_One_experiments\wth_generated_qc\LCA\LCA2021.WTH,wet_year;nitrogen_stress_year;low_response_year,wet,LCA2021_normal_grid_S0023,top_yield,2021-09-05,248,88,83,"{""sim_day"": 88.0, ""doy"": 248.0, ""topwt"": 18446.6650390625, ""grnwt"": 9578.993530273438, ""xlai"": 2.370668888092041, ""totir"": 40.0, ""tofer"": NaN, ""swfac"": 0.0, ""nstres"": 0.0}",0.0,0.0,18446.6650390625,9578.993530273438,2.370668888092041,40.0,,0.0,0.0,40.0,225.0,36.362744140625,52.362744140625,Leave_One_experiments/all_year_offline_schedule_search/daily_outputs/LCA/LCA_2021_LCA2021_normal_grid_S0023_daily.csv
LCA,LCA,Luancheng,2021,Leave_One_experiments\wth_generated_qc\LCA\LCA2021.WTH,wet_year;nitrogen_stress_year;low_response_year,wet,LCA2021_normal_grid_S0023,top_yield,2021-09-06,249,89,84,"{""sim_day"": 89.0, ""doy"": 249.0, ""topwt"": 18845.04150390625, ""grnwt"": 9966.37451171875, ""xlai"": 2.2700791358947754, ""totir"": 40.0, ""tofer"": NaN, ""swfac"": 0.0, ""nstres"": 0.0}",0.0,0.0,18845.04150390625,9966.37451171875,2.2700791358947754,40.0,,0.0,0.0,40.0,225.0,36.362744140625,52.362744140625,Leave_One_experiments/all_year_offline_schedule_search/daily_outputs/LCA/LCA_2021_LCA2021_normal_grid_S0023_daily.csv
LCA,LCA,Luancheng,2021,Leave_One_experiments\wth_generated_qc\LCA\LCA2021.WTH,wet_year;nitrogen_stress_year;low_response_year,wet,LCA2021_normal_grid_S0023,top_yield,2021-09-07,250,90,85,"{""sim_day"": 90.0, ""doy"": 250.0, ""topwt"": 19233.06640625, ""grnwt"": 10353.756103515623, ""xlai"": 2.15736722946167, ""totir"": 40.0, ""tofer"": NaN, ""swfac"": 0.0, ""nstres"": 0.0}",0.0,0.0,19233.06640625,10353.756103515623,2.15736722946167,40.0,,0.0,0.0,40.0,225.0,36.362744140625,52.362744140625,Leave_One_experiments/all_year_offline_schedule_search/daily_outputs/LCA/LCA_2021_LCA2021_normal_grid_S0023_daily.csv
LCA,LCA,Luancheng,2021,Leave_One_experiments\wth_generated_qc\LCA\LCA2021.WTH,wet_year;nitrogen_stress_year;low_response_year,wet,LCA2021_normal_grid_S0023,top_yield,2021-09-08,251,91,86,"{""sim_day"": 91.0, ""doy"": 251.0, ""topwt"": 19576.79077148437, ""grnwt"": 10709.117431640623, ""xlai"": 2.02537202835083, ""totir"": 40.0, ""tofer"": NaN, ""swfac"": 0.0, ""nstres"": 0.0}",0.0,0.0,19576.79077148437,10709.117431640623,2.02537202835083,40.0,,0.0,0.0,40.0,225.0,36.362744140625,52.362744140625,Leave_One_experiments/all_year_offline_schedule_search/daily_outputs/LCA/LCA_2021_LCA2021_normal_grid_S0023_daily.csv
LCA,LCA,Luancheng,2021,Leave_One_experiments\wth_generated_qc\LCA\LCA2021.WTH,wet_year;nitrogen_stress_year;low_response_year,wet,LCA2021_normal_grid_S0023,top_yield,2021-09-09,252,92,87,"{""sim_day"": 92.0, ""doy"": 252.0, ""topwt"": 19842.53173828125, ""grnwt"": 10974.859619140623, ""xlai"": 1.8777936697006223, ""totir"": 40.0, ""tofer"": NaN, ""swfac"": 0.0, ""nstres"": 0.0}",0.0,0.0,19842.53173828125,10974.859619140623,1.8777936697006223,40.0,,0.0,0.0,40.0,225.0,36.362744140625,52.362744140625,Leave_One_experiments/all_year_offline_schedule_search/daily_outputs/LCA/LCA_2021_LCA2021_normal_grid_S0023_daily.csv
LCA,LCA,Luancheng,2021,Leave_One_experiments\wth_generated_qc\LCA\LCA2021.WTH,wet_year;nitrogen_stress_year;low_response_year,wet,LCA2021_normal_grid_S0023,top_yield,2021-09-10,253,93,88,"{""sim_day"": 93.0, ""doy"": 253.0, ""topwt"": 20128.946533203125, ""grnwt"": 11261.2744140625, ""xlai"": 1.712618708610535, ""totir"": 40.0, ""tofer"": NaN, ""swfac"": 0.0, ""nstres"": 0.0}",0.0,0.0,20128.946533203125,11261.2744140625,1.712618708610535,40.0,,0.0,0.0,40.0,225.0,36.362744140625,52.362744140625,Leave_One_experiments/all_year_offline_schedule_search/daily_outputs/LCA/LCA_2021_LCA2021_normal_grid_S0023_daily.csv
LCA,LCA,Luancheng,2021,Leave_One_experiments\wth_generated_qc\LCA\LCA2021.WTH,wet_year;nitrogen_stress_year;low_response_year,wet,LCA2021_normal_grid_S0023,top_yield,2021-09-11,254,94,89,"{""sim_day"": 94.0, ""doy"": 254.0, ""topwt"": 20128.946533203125, ""grnwt"": 11261.2744140625, ""xlai"": 1.712618708610535, ""totir"": 40.0, ""tofer"": NaN, ""swfac"": 0.0, ""nstres"": 0.0}",0.0,0.0,20128.946533203125,11261.2744140625,1.712618708610535,40.0,,0.0,0.0,40.0,225.0,36.362744140625,52.362744140625,Leave_One_experiments/all_year_offline_schedule_search/daily_outputs/LCA/LCA_2021_LCA2021_normal_grid_S0023_daily.csv
LCA,LCA,Luancheng,2021,Leave_One_experiments\wth_generated_qc\LCA\LCA2021.WTH,wet_year;nitrogen_stress_year;low_response_year,wet,LCA2021_normal_grid_S0023,top_yield,2021-09-12,255,95,90,"{""sim_day"": 95.0, ""doy"": 255.0, ""topwt"": 20128.946533203125, ""grnwt"": 11261.2744140625, ""xlai"": 1.712618708610535, ""totir"": 40.0, ""tofer"": NaN, ""swfac"": 0.0, ""nstres"": 0.0}",0.0,0.0,20128.946533203125,11261.2744140625,1.712618708610535,40.0,,0.0,0.0,40.0,225.0,36.362744140625,52.362744140625,Leave_One_experiments/all_year_offline_schedule_search/daily_outputs/LCA/LCA_2021_LCA2021_normal_grid_S0023_daily.csv
LCA,LCA,Luancheng,2021,Leave_One_experiments\wth_generated_qc\LCA\LCA2021.WTH,wet_year;nitrogen_stress_year;low_response_year,wet,LCA2021_normal_grid_S0023,top_yield,2021-09-13,256,96,91,"{""sim_day"": 96.0, ""doy"": 256.0, ""topwt"": 20128.946533203125, ""grnwt"": 11261.2744140625, ""xlai"": 1.712618708610535, ""totir"": 40.0, ""tofer"": NaN, ""swfac"": 0.0, ""nstres"": 0.0}",0.0,0.0,20128.946533203125,11261.2744140625,1.712618708610535,40.0,,0.0,0.0,40.0,225.0,36.362744140625,52.362744140625,Leave_One_experiments/all_year_offline_schedule_search/daily_outputs/LCA/LCA_2021_LCA2021_normal_grid_S0023_daily.csv
LCA,LCA,Luancheng,2022,Leave_One_experiments\wth_generated_qc\LCA\LCA2022.WTH,wet_year;nitrogen_stress_year;low_response_year,wet,LCA2022_normal_grid_S0013,irrigation_positive_candidate,2022-06-15,166,1,1,"{""sim_day"": 1.0, ""doy"": 166.0, ""topwt"": 0.0, ""grnwt"": 0.0, ""xlai"": 0.0, ""totir"": 0.0, ""tofer"": NaN, ""swfac"": 0.0, ""nstres"": 0.0}",0.0,0.0,0.0,0.0,0.0,0.0,,0.0,50.0,30.0,150.0,45.40322265625001,57.40322265625001,Leave_One_experiments/all_year_offline_schedule_search/daily_outputs/LCA/LCA_2022_LCA2022_normal_grid_S0013_daily.csv
LCA,LCA,Luancheng,2022,Leave_One_experiments\wth_generated_qc\LCA\LCA2022.WTH,wet_year;nitrogen_stress_year;low_response_year,wet,LCA2022_normal_grid_S0013,irrigation_positive_candidate,2022-06-16,167,2,2,"{""sim_day"": 2.0, ""doy"": 167.0, ""topwt"": 0.0, ""grnwt"": 0.0, ""xlai"": 0.0, ""totir"": 0.0, ""tofer"": NaN, ""swfac"": 0.0, ""nstres"": 0.0}",0.0,0.0,0.0,0.0,0.0,0.0,,0.0,0.0,30.0,150.0,45.40322265625001,57.40322265625001,Leave_One_experiments/all_year_offline_schedule_search/daily_outputs/LCA/LCA_2022_LCA2022_normal_grid_S0013_daily.csv
LCA,LCA,Luancheng,2022,Leave_One_experiments\wth_generated_qc\LCA\LCA2022.WTH,wet_year;nitrogen_stress_year;low_response_year,wet,LCA2022_normal_grid_S0013,irrigation_positive_candidate,2022-06-17,168,3,3,"{""sim_day"": 3.0, ""doy"": 168.0, ""topwt"": 0.0, ""grnwt"": 0.0, ""xlai"": 0.0, ""totir"": 0.0, ""tofer"": NaN, ""swfac"": 0.0, ""nstres"": 0.0}",0.0,0.0,0.0,0.0,0.0,0.0,,0.0,0.0,30.0,150.0,45.40322265625001,57.40322265625001,Leave_One_experiments/all_year_offline_schedule_search/daily_outputs/LCA/LCA_2022_LCA2022_normal_grid_S0013_daily.csv
LCA,LCA,Luancheng,2022,Leave_One_experiments\wth_generated_qc\LCA\LCA2022.WTH,wet_year;nitrogen_stress_year;low_response_year,wet,LCA2022_normal_grid_S0013,irrigation_positive_candidate,2022-06-18,169,4,4,"{""sim_day"": 4.0, ""doy"": 169.0, ""topwt"": 0.0, ""grnwt"": 0.0, ""xlai"": 0.0, ""totir"": 0.0, ""tofer"": NaN, ""swfac"": 0.0, ""nstres"": 0.0}",0.0,0.0,0.0,0.0,0.0,0.0,,0.0,0.0,30.0,150.0,45.40322265625001,57.40322265625001,Leave_One_experiments/all_year_offline_schedule_search/daily_outputs/LCA/LCA_2022_LCA2022_normal_grid_S0013_daily.csv
LCA,LCA,Luancheng,2022,Leave_One_experiments\wth_generated_qc\LCA\LCA2022.WTH,wet_year;nitrogen_stress_year;low_response_year,wet,LCA2022_normal_grid_S0013,irrigation_positive_candidate,2022-06-19,170,5,5,"{""sim_day"": 5.0, ""doy"": 170.0, ""topwt"": 0.0, ""grnwt"": 0.0, ""xlai"": 0.0, ""totir"": 0.0, ""tofer"": NaN, ""swfac"": 0.0, ""nstres"": 0.0}",0.0,0.0,0.0,0.0,0.0,0.0,,0.0,0.0,30.0,150.0,45.40322265625001,57.40322265625001,Leave_One_experiments/all_year_offline_schedule_search/daily_outputs/LCA/LCA_2022_LCA2022_normal_grid_S0013_daily.csv
LCA,LCA,Luancheng,2022,Leave_One_experiments\wth_generated_qc\LCA\LCA2022.WTH,wet_year;nitrogen_stress_year;low_response_year,wet,LCA2022_normal_grid_S0013,irrigation_positive_candidate,2022-06-15,166,6,1,"{""sim_day"": 6.0, ""doy"": 166.0, ""topwt"": 0.0, ""grnwt"": 0.0, ""xlai"": 0.0, ""totir"": 0.0, ""tofer"": NaN, ""swfac"": 0.0, ""nstres"": 0.0}",0.0,0.0,0.0,0.0,0.0,0.0,,0.0,0.0,30.0,150.0,45.40322265625001,57.40322265625001,Leave_One_experiments/all_year_offline_schedule_search/daily_outputs/LCA/LCA_2022_LCA2022_normal_grid_S0013_daily.csv
LCA,LCA,Luancheng,2022,Leave_One_experiments\wth_generated_qc\LCA\LCA2022.WTH,wet_year;nitrogen_stress_year;low_response_year,wet,LCA2022_normal_grid_S0013,irrigation_positive_candidate,2022-06-16,167,7,2,"{""sim_day"": 7.0, ""doy"": 167.0, ""topwt"": 0.0, ""grnwt"": 0.0, ""xlai"": 0.0, ""totir"": 0.0, ""tofer"": NaN, ""swfac"": 0.0, ""nstres"": 0.0}",0.0,0.0,0.0,0.0,0.0,0.0,,0.0,0.0,30.0,150.0,45.40322265625001,57.40322265625001,Leave_One_experiments/all_year_offline_schedule_search/daily_outputs/LCA/LCA_2022_LCA2022_normal_grid_S0013_daily.csv
LCA,LCA,Luancheng,2022,Leave_One_experiments\wth_generated_qc\LCA\LCA2022.WTH,wet_year;nitrogen_stress_year;low_response_year,wet,LCA2022_normal_grid_S0013,irrigation_positive_candidate,2022-06-17,168,8,3,"{""sim_day"": 8.0, ""doy"": 168.0, ""topwt"": 0.0, ""grnwt"": 0.0, ""xlai"": 0.0, ""totir"": 0.0, ""tofer"": NaN, ""swfac"": 0.0, ""nstres"": 0.0}",0.0,0.0,0.0,0.0,0.0,0.0,,0.0,0.0,30.0,150.0,45.40322265625001,57.40322265625001,Leave_One_experiments/all_year_offline_schedule_search/daily_outputs/LCA/LCA_2022_LCA2022_normal_grid_S0013_daily.csv
LCA,LCA,Luancheng,2022,Leave_One_experiments\wth_generated_qc\LCA\LCA2022.WTH,wet_year;nitrogen_stress_year;low_response_year,wet,LCA2022_normal_grid_S0013,irrigation_positive_candidate,2022-06-18,169,9,4,"{""sim_day"": 9.0, ""doy"": 169.0, ""topwt"": 0.0, ""grnwt"": 0.0, ""xlai"": 0.0, ""totir"": 0.0, ""tofer"": NaN, ""swfac"": 0.0, ""nstres"": 0.0}",0.0,0.0,0.0,0.0,0.0,0.0,,0.0,0.0,30.0,150.0,45.40322265625001,57.40322265625001,Leave_One_experiments/all_year_offline_schedule_search/daily_outputs/LCA/LCA_2022_LCA2022_normal_grid_S0013_daily.csv
LCA,LCA,Luancheng,2022,Leave_One_experiments\wth_generated_qc\LCA\LCA2022.WTH,wet_year;nitrogen_stress_year;low_response_year,wet,LCA2022_normal_grid_S0013,irrigation_positive_candidate,2022-06-19,170,10,5,"{""sim_day"": 10.0, ""doy"": 170.0, ""topwt"": 23.600001335144043, ""grnwt"": 0.0, ""xlai"": 0.0064093391411006, ""totir"": 0.0, ""tofer"": NaN, ""swfac"": 0.0, ""nstres"": 0.0121910572052001}",0.0,0.0121910572052001,23.600001335144043,0.0,0.0064093391411006,0.0,,0.0,0.0,30.0,150.0,45.40322265625001,57.40322265625001,Leave_One_experiments/all_year_offline_schedule_search/daily_outputs/LCA/LCA_2022_LCA2022_normal_grid_S0013_daily.csv
LCA,LCA,Luancheng,2022,Leave_One_experiments\wth_generated_qc\LCA\LCA2022.WTH,wet_year;nitrogen_stress_year;low_response_year,wet,LCA2022_normal_grid_S0013,irrigation_positive_candidate,2022-06-20,171,11,6,"{""sim_day"": 11.0, ""doy"": 171.0, ""topwt"": 23.600001335144043, ""grnwt"": 0.0, ""xlai"": 0.0136114712804555, ""totir"": 0.0, ""tofer"": NaN, ""swfac"": 0.0, ""nstres"": 0.0005093812942504}",0.0,0.0005093812942504,23.600001335144043,0.0,0.0136114712804555,0.0,,0.0,0.0,30.0,150.0,45.40322265625001,57.40322265625001,Leave_One_experiments/all_year_offline_schedule_search/daily_outputs/LCA/LCA_2022_LCA2022_normal_grid_S0013_daily.csv
LCA,LCA,Luancheng,2022,Leave_One_experiments\wth_generated_qc\LCA\LCA2022.WTH,wet_year;nitrogen_stress_year;low_response_year,wet,LCA2022_normal_grid_S0013,irrigation_positive_candidate,2022-06-21,172,12,7,"{""sim_day"": 12.0, ""doy"": 172.0, ""topwt"": 23.600001335144043, ""grnwt"": 0.0, ""xlai"": 0.0399858877062797, ""totir"": 0.0, ""tofer"": NaN, ""swfac"": 0.0, ""nstres"": 0.0}",0.0,0.0,23.600001335144043,0.0,0.0399858877062797,0.0,,0.0,0.0,30.0,150.0,45.40322265625001,57.40322265625001,Leave_One_experiments/all_year_offline_schedule_search/daily_outputs/LCA/LCA_2022_LCA2022_normal_grid_S0013_daily.csv
LCA,LCA,Luancheng,2022,Leave_One_experiments\wth_generated_qc\LCA\LCA2022.WTH,wet_year;nitrogen_stress_year;low_response_year,wet,LCA2022_normal_grid_S0013,irrigation_positive_candidate,2022-06-22,173,13,8,"{""sim_day"": 13.0, ""doy"": 173.0, ""topwt"": 35.98649263381958, ""grnwt"": 0.0, ""xlai"": 0.0718831121921539, ""totir"": 0.0, ""tofer"": NaN, ""swfac"": 0.0, ""nstres"": 0.0}",0.0,0.0,35.98649263381958,0.0,0.0718831121921539,0.0,,0.0,0.0,30.0,150.0,45.40322265625001,57.40322265625001,Leave_One_experiments/all_year_offline_schedule_search/daily_outputs/LCA/LCA_2022_LCA2022_normal_grid_S0013_daily.csv
LCA,LCA,Luancheng,2022,Leave_One_experiments\wth_generated_qc\LCA\LCA2022.WTH,wet_year;nitrogen_stress_year;low_response_year,wet,LCA2022_normal_grid_S0013,irrigation_positive_candidate,2022-06-23,174,14,9,"{""sim_day"": 14.0, ""doy"": 174.0, ""topwt"": 53.8280200958252, ""grnwt"": 0.0, ""xlai"": 0.1116313710808754, ""totir"": 0.0, ""tofer"": NaN, ""swfac"": 0.0, ""nstres"": 0.0}",0.0,0.0,53.8280200958252,0.0,0.1116313710808754,0.0,,0.0,0.0,30.0,150.0,45.40322265625001,57.40322265625001,Leave_One_experiments/all_year_offline_schedule_search/daily_outputs/LCA/LCA_2022_LCA2022_normal_grid_S0013_daily.csv
LCA,LCA,Luancheng,2022,Leave_One_experiments\wth_generated_qc\LCA\LCA2022.WTH,wet_year;nitrogen_stress_year;low_response_year,wet,LCA2022_normal_grid_S0013,irrigation_positive_candidate,2022-06-24,175,15,10,"{""sim_day"": 15.0, ""doy"": 175.0, ""topwt"": 78.1809663772583, ""grnwt"": 0.0, ""xlai"": 0.1605942398309707, ""totir"": 0.0, ""tofer"": NaN, ""swfac"": 0.0, ""nstres"": 0.0}",0.0,0.0,78.1809663772583,0.0,0.1605942398309707,0.0,,0.0,0.0,30.0,150.0,45.40322265625001,57.40322265625001,Leave_One_experiments/all_year_offline_schedule_search/daily_outputs/LCA/LCA_2022_LCA2022_normal_grid_S0013_daily.csv
LCA,LCA,Luancheng,2022,Leave_One_experiments\wth_generated_qc\LCA\LCA2022.WTH,wet_year;nitrogen_stress_year;low_response_year,wet,LCA2022_normal_grid_S0013,irrigation_positive_candidate,2022-06-25,176,16,11,"{""sim_day"": 16.0, ""doy"": 176.0, ""topwt"": 103.76355171203612, ""grnwt"": 0.0, ""xlai"": 0.2222669124603271, ""totir"": 0.0, ""tofer"": NaN, ""swfac"": 0.0, ""nstres"": 0.0}",0.0,0.0,103.76355171203612,0.0,0.2222669124603271,0.0,,0.0,0.0,30.0,150.0,45.40322265625001,57.40322265625001,Leave_One_experiments/all_year_offline_schedule_search/daily_outputs/LCA/LCA_2022_LCA2022_normal_grid_S0013_daily.csv
LCA,LCA,Luancheng,2022,Leave_One_experiments\wth_generated_qc\LCA\LCA2022.WTH,wet_year;nitrogen_stress_year;low_response_year,wet,LCA2022_normal_grid_S0013,irrigation_positive_candidate,2022-06-26,177,17,12,"{""sim_day"": 17.0, ""doy"": 177.0, ""topwt"": 141.74663543701172, ""grnwt"": 0.0, ""xlai"": 0.292570412158966, ""totir"": 0.0, ""tofer"": NaN, ""swfac"": 0.0, ""nstres"": 0.0}",0.0,0.0,141.74663543701172,0.0,0.292570412158966,0.0,,0.0,0.0,30.0,150.0,45.40322265625001,57.40322265625001,Leave_One_experiments/all_year_offline_schedule_search/daily_outputs/LCA/LCA_2022_LCA2022_normal_grid_S0013_daily.csv
LCA,LCA,Luancheng,2022,Leave_One_experiments\wth_generated_qc\LCA\LCA2022.WTH,wet_year;nitrogen_stress_year;low_response_year,wet,LCA2022_normal_grid_S0013,irrigation_positive_candidate,2022-06-27,178,18,13,"{""sim_day"": 18.0, ""doy"": 178.0, ""topwt"": 181.54766082763672, ""grnwt"": 0.0, ""xlai"": 0.3617087006568908, ""totir"": 0.0, ""tofer"": NaN, ""swfac"": 0.0, ""nstres"": 0.0}",0.0,0.0,181.54766082763672,0.0,0.3617087006568908,0.0,,0.0,0.0,30.0,150.0,45.40322265625001,57.40322265625001,Leave_One_experiments/all_year_offline_schedule_search/daily_outputs/LCA/LCA_2022_LCA2022_normal_grid_S0013_daily.csv
LCA,LCA,Luancheng,2022,Leave_One_experiments\wth_generated_qc\LCA\LCA2022.WTH,wet_year;nitrogen_stress_year;low_response_year,wet,LCA2022_normal_grid_S0013,irrigation_positive_candidate,2022-06-28,179,19,14,"{""sim_day"": 19.0, ""doy"": 179.0, ""topwt"": 230.1104736328125, ""grnwt"": 0.0, ""xlai"": 0.4416097402572632, ""totir"": 0.0, ""tofer"": NaN, ""swfac"": 0.0, ""nstres"": 0.0082097649574279}",0.0,0.0082097649574279,230.1104736328125,0.0,0.4416097402572632,0.0,,0.0,0.0,30.0,150.0,45.40322265625001,57.40322265625001,Leave_One_experiments/all_year_offline_schedule_search/daily_outputs/LCA/LCA_2022_LCA2022_normal_grid_S0013_daily.csv
LCA,LCA,Luancheng,2022,Leave_One_experiments\wth_generated_qc\LCA\LCA2022.WTH,wet_year;nitrogen_stress_year;low_response_year,wet,LCA2022_normal_grid_S0013,irrigation_positive_candidate,2022-06-29,180,20,15,"{""sim_day"": 20.0, ""doy"": 180.0, ""topwt"": 291.5273857116699, ""grnwt"": 0.0, ""xlai"": 0.5375139117240906, ""totir"": 0.0, ""tofer"": NaN, ""swfac"": 0.0, ""nstres"": 0.0}",0.0,0.0,291.5273857116699,0.0,0.5375139117240906,0.0,,0.0,0.0,30.0,150.0,45.40322265625001,57.40322265625001,Leave_One_experiments/all_year_offline_schedule_search/daily_outputs/LCA/LCA_2022_LCA2022_normal_grid_S0013_daily.csv
LCA,LCA,Luancheng,2022,Leave_One_experiments\wth_generated_qc\LCA\LCA2022.WTH,wet_year;nitrogen_stress_year;low_response_year,wet,LCA2022_normal_grid_S0013,irrigation_positive_candidate,2022-06-30,181,21,16,"{""sim_day"": 21.0, ""doy"": 181.0, ""topwt"": 366.64283752441406, ""grnwt"": 0.0, ""xlai"": 0.6489638686180115, ""totir"": 0.0, ""tofer"": NaN, ""swfac"": 0.0, ""nstres"": 0.0}",0.0,0.0,366.64283752441406,0.0,0.6489638686180115,0.0,,0.0,0.0,30.0,150.0,45.40322265625001,57.40322265625001,Leave_One_experiments/all_year_offline_schedule_search/daily_outputs/LCA/LCA_2022_LCA2022_normal_grid_S0013_daily.csv
LCA,LCA,Luancheng,2022,Leave_One_experiments\wth_generated_qc\LCA\LCA2022.WTH,wet_year;nitrogen_stress_year;low_response_year,wet,LCA2022_normal_grid_S0013,irrigation_positive_candidate,2022-07-01,182,22,17,"{""sim_day"": 22.0, ""doy"": 182.0, ""topwt"": 457.8712463378906, ""grnwt"": 0.0, ""xlai"": 0.7778016328811646, ""totir"": 0.0, ""tofer"": NaN, ""swfac"": 0.0, ""nstres"": 0.0}",0.0,0.0,457.8712463378906,0.0,0.7778016328811646,0.0,,0.0,0.0,30.0,150.0,45.40322265625001,57.40322265625001,Leave_One_experiments/all_year_offline_schedule_search/daily_outputs/LCA/LCA_2022_LCA2022_normal_grid_S0013_daily.csv
LCA,LCA,Luancheng,2022,Leave_One_experiments\wth_generated_qc\LCA\LCA2022.WTH,wet_year;nitrogen_stress_year;low_response_year,wet,LCA2022_normal_grid_S0013,irrigation_positive_candidate,2022-07-02,183,23,18,"{""sim_day"": 23.0, ""doy"": 183.0, ""topwt"": 517.2468185424805, ""grnwt"": 0.0, ""xlai"": 0.8581951856613159, ""totir"": 0.0, ""tofer"": NaN, ""swfac"": 0.0, ""nstres"": 0.0}",0.0,0.0,517.2468185424805,0.0,0.8581951856613159,0.0,,0.0,0.0,30.0,150.0,45.40322265625001,57.40322265625001,Leave_One_experiments/all_year_offline_schedule_search/daily_outputs/LCA/LCA_2022_LCA2022_normal_grid_S0013_daily.csv
LCA,LCA,Luancheng,2022,Leave_One_experiments\wth_generated_qc\LCA\LCA2022.WTH,wet_year;nitrogen_stress_year;low_response_year,wet,LCA2022_normal_grid_S0013,irrigation_positive_candidate,2022-07-03,184,24,19,"{""sim_day"": 24.0, ""doy"": 184.0, ""topwt"": 636.8624114990234, ""grnwt"": 0.0, ""xlai"": 1.0140113830566406, ""totir"": 0.0, ""tofer"": NaN, ""swfac"": 0.0, ""nstres"": 0.0}",0.0,0.0,636.8624114990234,0.0,1.0140113830566406,0.0,,0.0,0.0,30.0,150.0,45.40322265625001,57.40322265625001,Leave_One_experiments/all_year_offline_schedule_search/daily_outputs/LCA/LCA_2022_LCA2022_normal_grid_S0013_daily.csv
LCA,LCA,Luancheng,2022,Leave_One_experiments\wth_generated_qc\LCA\LCA2022.WTH,wet_year;nitrogen_stress_year;low_response_year,wet,LCA2022_normal_grid_S0013,irrigation_positive_candidate,2022-07-04,185,25,20,"{""sim_day"": 25.0, ""doy"": 185.0, ""topwt"": 749.9064636230469, ""grnwt"": 0.0, ""xlai"": 1.1586086750030518, ""totir"": 0.0, ""tofer"": NaN, ""swfac"": 0.0, ""nstres"": 0.0}",0.0,0.0,749.9064636230469,0.0,1.1586086750030518,0.0,,0.0,0.0,30.0,150.0,45.40322265625001,57.40322265625001,Leave_One_experiments/all_year_offline_schedule_search/daily_outputs/LCA/LCA_2022_LCA2022_normal_grid_S0013_daily.csv
LCA,LCA,Luancheng,2022,Leave_One_experiments\wth_generated_qc\LCA\LCA2022.WTH,wet_year;nitrogen_stress_year;low_response_year,wet,LCA2022_normal_grid_S0013,irrigation_positive_candidate,2022-07-05,186,26,21,"{""sim_day"": 26.0, ""doy"": 186.0, ""topwt"": 908.0531311035156, ""grnwt"": 0.0, ""xlai"": 1.3485747575759888, ""totir"": 0.0, ""tofer"": NaN, ""swfac"": 0.0, ""nstres"": 0.0}",0.0,0.0,908.0531311035156,0.0,1.3485747575759888,0.0,,0.0,0.0,30.0,150.0,45.40322265625001,57.40322265625001,Leave_One_experiments/all_year_offline_schedule_search/daily_outputs/LCA/LCA_2022_LCA2022_normal_grid_S0013_daily.csv
LCA,LCA,Luancheng,2022,Leave_One_experiments\wth_generated_qc\LCA\LCA2022.WTH,wet_year;nitrogen_stress_year;low_response_year,wet,LCA2022_normal_grid_S0013,irrigation_positive_candidate,2022-07-06,187,27,22,"{""sim_day"": 27.0, ""doy"": 187.0, ""topwt"": 1086.885223388672, ""grnwt"": 0.0, ""xlai"": 1.5475680828094482, ""totir"": 0.0, ""tofer"": NaN, ""swfac"": 0.0, ""nstres"": 0.0}",0.0,0.0,1086.885223388672,0.0,1.5475680828094482,0.0,,0.0,0.0,30.0,150.0,45.40322265625001,57.40322265625001,Leave_One_experiments/all_year_offline_schedule_search/daily_outputs/LCA/LCA_2022_LCA2022_normal_grid_S0013_daily.csv
LCA,LCA,Luancheng,2022,Leave_One_experiments\wth_generated_qc\LCA\LCA2022.WTH,wet_year;nitrogen_stress_year;low_response_year,wet,LCA2022_normal_grid_S0013,irrigation_positive_candidate,2022-07-07,188,28,23,"{""sim_day"": 28.0, ""doy"": 188.0, ""topwt"": 1297.2903442382812, ""grnwt"": 0.0, ""xlai"": 1.762454867362976, ""totir"": 0.0, ""tofer"": NaN, ""swfac"": 0.0, ""nstres"": 0.0}",0.0,0.0,1297.2903442382812,0.0,1.762454867362976,0.0,,0.0,0.0,30.0,150.0,45.40322265625001,57.40322265625001,Leave_One_experiments/all_year_offline_schedule_search/daily_outputs/LCA/LCA_2022_LCA2022_normal_grid_S0013_daily.csv
LCA,LCA,Luancheng,2022,Leave_One_experiments\wth_generated_qc\LCA\LCA2022.WTH,wet_year;nitrogen_stress_year;low_response_year,wet,LCA2022_normal_grid_S0013,irrigation_positive_candidate,2022-07-08,189,29,24,"{""sim_day"": 29.0, ""doy"": 189.0, ""topwt"": 1529.7804260253906, ""grnwt"": 0.0, ""xlai"": 1.9789471626281736, ""totir"": 0.0, ""tofer"": NaN, ""swfac"": 0.0, ""nstres"": 0.0}",0.0,0.0,1529.7804260253906,0.0,1.9789471626281736,0.0,,0.0,0.0,30.0,150.0,45.40322265625001,57.40322265625001,Leave_One_experiments/all_year_offline_schedule_search/daily_outputs/LCA/LCA_2022_LCA2022_normal_grid_S0013_daily.csv
LCA,LCA,Luancheng,2022,Leave_One_experiments\wth_generated_qc\LCA\LCA2022.WTH,wet_year;nitrogen_stress_year;low_response_year,wet,LCA2022_normal_grid_S0013,irrigation_positive_candidate,2022-07-09,190,30,25,"{""sim_day"": 30.0, ""doy"": 190.0, ""topwt"": 1664.4467163085938, ""grnwt"": 0.0, ""xlai"": 2.095648288726806, ""totir"": 0.0, ""tofer"": NaN, ""swfac"": 0.0, ""nstres"": 0.0}",0.0,0.0,1664.4467163085938,0.0,2.095648288726806,0.0,,0.0,0.0,30.0,150.0,45.40322265625001,57.40322265625001,Leave_One_experiments/all_year_offline_schedule_search/daily_outputs/LCA/LCA_2022_LCA2022_normal_grid_S0013_daily.csv
LCA,LCA,Luancheng,2022,Leave_One_experiments\wth_generated_qc\LCA\LCA2022.WTH,wet_year;nitrogen_stress_year;low_response_year,wet,LCA2022_normal_grid_S0013,irrigation_positive_candidate,2022-07-10,191,31,26,"{""sim_day"": 31.0, ""doy"": 191.0, ""topwt"": 1771.341552734375, ""grnwt"": 0.0, ""xlai"": 2.1828320026397705, ""totir"": 0.0, ""tofer"": NaN, ""swfac"": 0.0, ""nstres"": 0.0}",0.0,0.0,1771.341552734375,0.0,2.1828320026397705,0.0,,0.0,0.0,30.0,150.0,45.40322265625001,57.40322265625001,Leave_One_experiments/all_year_offline_schedule_search/daily_outputs/LCA/LCA_2022_LCA2022_normal_grid_S0013_daily.csv
LCA,LCA,Luancheng,2022,Leave_One_experiments\wth_generated_qc\LCA\LCA2022.WTH,wet_year;nitrogen_stress_year;low_response_year,wet,LCA2022_normal_grid_S0013,irrigation_positive_candidate,2022-07-11,192,32,27,"{""sim_day"": 32.0, ""doy"": 192.0, ""topwt"": 1899.829559326172, ""grnwt"": 0.0, ""xlai"": 2.2810592651367188, ""totir"": 0.0, ""tofer"": NaN, ""swfac"": 0.0, ""nstres"": 0.0}",0.0,0.0,1899.829559326172,0.0,2.2810592651367188,0.0,,0.0,0.0,30.0,150.0,45.40322265625001,57.40322265625001,Leave_One_experiments/all_year_offline_schedule_search/daily_outputs/LCA/LCA_2022_LCA2022_normal_grid_S0013_daily.csv
LCA,LCA,Luancheng,2022,Leave_One_experiments\wth_generated_qc\LCA\LCA2022.WTH,wet_year;nitrogen_stress_year;low_response_year,wet,LCA2022_normal_grid_S0013,irrigation_positive_candidate,2022-07-12,193,33,28,"{""sim_day"": 33.0, ""doy"": 193.0, ""topwt"": 2157.223052978516, ""grnwt"": 0.0, ""xlai"": 2.459782838821411, ""totir"": 0.0, ""tofer"": NaN, ""swfac"": 0.0, ""nstres"": 0.0070888996124267}",0.0,0.0070888996124267,2157.223052978516,0.0,2.459782838821411,0.0,,0.0,0.0,30.0,150.0,45.40322265625001,57.40322265625001,Leave_One_experiments/all_year_offline_schedule_search/daily_outputs/LCA/LCA_2022_LCA2022_normal_grid_S0013_daily.csv
LCA,LCA,Luancheng,2022,Leave_One_experiments\wth_generated_qc\LCA\LCA2022.WTH,wet_year;nitrogen_stress_year;low_response_year,wet,LCA2022_normal_grid_S0013,irrigation_positive_candidate,2022-07-13,194,34,29,"{""sim_day"": 34.0, ""doy"": 194.0, ""topwt"": 2455.5796813964844, ""grnwt"": 0.0, ""xlai"": 2.641958236694336, ""totir"": 0.0, ""tofer"": NaN, ""swfac"": 0.0, ""nstres"": 0.0255613327026367}",0.0,0.0255613327026367,2455.5796813964844,0.0,2.641958236694336,0.0,,0.0,0.0,30.0,150.0,45.40322265625001,57.40322265625001,Leave_One_experiments/all_year_offline_schedule_search/daily_outputs/LCA/LCA_2022_LCA2022_normal_grid_S0013_daily.csv
LCA,LCA,Luancheng,2022,Leave_One_experiments\wth_generated_qc\LCA\LCA2022.WTH,wet_year;nitrogen_stress_year;low_response_year,wet,LCA2022_normal_grid_S0013,irrigation_positive_candidate,2022-07-14,195,35,30,"{""sim_day"": 35.0, ""doy"": 195.0, ""topwt"": 2764.1827392578125, ""grnwt"": 0.0, ""xlai"": 2.7970759868621826, ""totir"": 0.0, ""tofer"": NaN, ""swfac"": 0.0, ""nstres"": 0.0663800835609436}",0.0,0.0663800835609436,2764.1827392578125,0.0,2.7970759868621826,0.0,,0.0,50.0,30.0,150.0,45.40322265625001,57.40322265625001,Leave_One_experiments/all_year_offline_schedule_search/daily_outputs/LCA/LCA_2022_LCA2022_normal_grid_S0013_daily.csv
LCA,LCA,Luancheng,2022,Leave_One_experiments\wth_generated_qc\LCA\LCA2022.WTH,wet_year;nitrogen_stress_year;low_response_year,wet,LCA2022_normal_grid_S0013,irrigation_positive_candidate,2022-07-15,196,36,31,"{""sim_day"": 36.0, ""doy"": 196.0, ""topwt"": 2883.402099609375, ""grnwt"": 0.0, ""xlai"": 2.8604347705841064, ""totir"": 0.0, ""tofer"": NaN, ""swfac"": 0.0, ""nstres"": 0.0}",0.0,0.0,2883.402099609375,0.0,2.8604347705841064,0.0,,0.0,0.0,30.0,150.0,45.40322265625001,57.40322265625001,Leave_One_experiments/all_year_offline_schedule_search/daily_outputs/LCA/LCA_2022_LCA2022_normal_grid_S0013_daily.csv
LCA,LCA,Luancheng,2022,Leave_One_experiments\wth_generated_qc\LCA\LCA2022.WTH,wet_year;nitrogen_stress_year;low_response_year,wet,LCA2022_normal_grid_S0013,irrigation_positive_candidate,2022-07-16,197,37,32,"{""sim_day"": 37.0, ""doy"": 197.0, ""topwt"": 3297.420959472656, ""grnwt"": 0.0, ""xlai"": 3.062034845352173, ""totir"": 0.0, ""tofer"": NaN, ""swfac"": 0.0, ""nstres"": 0.0}",0.0,0.0,3297.420959472656,0.0,3.062034845352173,0.0,,0.0,0.0,30.0,150.0,45.40322265625001,57.40322265625001,Leave_One_experiments/all_year_offline_schedule_search/daily_outputs/LCA/LCA_2022_LCA2022_normal_grid_S0013_daily.csv
LCA,LCA,Luancheng,2022,Leave_One_experiments\wth_generated_qc\LCA\LCA2022.WTH,wet_year;nitrogen_stress_year;low_response_year,wet,LCA2022_normal_grid_S0013,irrigation_positive_candidate,2022-07-17,198,38,33,"{""sim_day"": 38.0, ""doy"": 198.0, ""topwt"": 3713.793640136719, ""grnwt"": 0.0, ""xlai"": 3.2466444969177246, ""totir"": 0.0, ""tofer"": NaN, ""swfac"": 0.0, ""nstres"": 0.0}",0.0,0.0,3713.793640136719,0.0,3.2466444969177246,0.0,,0.0,0.0,30.0,150.0,45.40322265625001,57.40322265625001,Leave_One_experiments/all_year_offline_schedule_search/daily_outputs/LCA/LCA_2022_LCA2022_normal_grid_S0013_daily.csv
LCA,LCA,Luancheng,2022,Leave_One_experiments\wth_generated_qc\LCA\LCA2022.WTH,wet_year;nitrogen_stress_year;low_response_year,wet,LCA2022_normal_grid_S0013,irrigation_positive_candidate,2022-07-18,199,39,34,"{""sim_day"": 39.0, ""doy"": 199.0, ""topwt"": 3918.091125488281, ""grnwt"": 0.0, ""xlai"": 3.330038547515869, ""totir"": 0.0, ""tofer"": NaN, ""swfac"": 0.0, ""nstres"": 0.0}",0.0,0.0,3918.091125488281,0.0,3.330038547515869,0.0,,0.0,0.0,30.0,150.0,45.40322265625001,57.40322265625001,Leave_One_experiments/all_year_offline_schedule_search/daily_outputs/LCA/LCA_2022_LCA2022_normal_grid_S0013_daily.csv
LCA,LCA,Luancheng,2022,Leave_One_experiments\wth_generated_qc\LCA\LCA2022.WTH,wet_year;nitrogen_stress_year;low_response_year,wet,LCA2022_normal_grid_S0013,irrigation_positive_candidate,2022-07-19,200,40,35,"{""sim_day"": 40.0, ""doy"": 200.0, ""topwt"": 4411.993103027344, ""grnwt"": 0.0, ""xlai"": 3.6085379123687744, ""totir"": 0.0, ""tofer"": NaN, ""swfac"": 0.0, ""nstres"": 0.0}",0.0,0.0,4411.993103027344,0.0,3.6085379123687744,0.0,,0.0,0.0,30.0,150.0,45.40322265625001,57.40322265625001,Leave_One_experiments/all_year_offline_schedule_search/daily_outputs/LCA/LCA_2022_LCA2022_normal_grid_S0013_daily.csv
LCA,LCA,Luancheng,2022,Leave_One_experiments\wth_generated_qc\LCA\LCA2022.WTH,wet_year;nitrogen_stress_year;low_response_year,wet,LCA2022_normal_grid_S0013,irrigation_positive_candidate,2022-07-20,201,41,36,"{""sim_day"": 41.0, ""doy"": 201.0, ""topwt"": 4892.108459472656, ""grnwt"": 0.0, ""xlai"": 3.806819915771485, ""totir"": 0.0, ""tofer"": NaN, ""swfac"": 0.0, ""nstres"": 0.0}",0.0,0.0,4892.108459472656,0.0,3.806819915771485,0.0,,0.0,0.0,30.0,150.0,45.40322265625001,57.40322265625001,Leave_One_experiments/all_year_offline_schedule_search/daily_outputs/LCA/LCA_2022_LCA2022_normal_grid_S0013_daily.csv
LCA,LCA,Luancheng,2022,Leave_One_experiments\wth_generated_qc\LCA\LCA2022.WTH,wet_year;nitrogen_stress_year;low_response_year,wet,LCA2022_normal_grid_S0013,irrigation_positive_candidate,2022-07-21,202,42,37,"{""sim_day"": 42.0, ""doy"": 202.0, ""topwt"": 5023.518981933594, ""grnwt"": 0.0, ""xlai"": 3.8364436626434326, ""totir"": 0.0, ""tofer"": NaN, ""swfac"": 0.0, ""nstres"": 0.0349348783493042}",0.0,0.0349348783493042,5023.518981933594,0.0,3.8364436626434326,0.0,,0.0,0.0,30.0,150.0,45.40322265625001,57.40322265625001,Leave_One_experiments/all_year_offline_schedule_search/daily_outputs/LCA/LCA_2022_LCA2022_normal_grid_S0013_daily.csv
LCA,LCA,Luancheng,2022,Leave_One_experiments\wth_generated_qc\LCA\LCA2022.WTH,wet_year;nitrogen_stress_year;low_response_year,wet,LCA2022_normal_grid_S0013,irrigation_positive_candidate,2022-07-22,203,43,38,"{""sim_day"": 43.0, ""doy"": 203.0, ""topwt"": 5379.984130859375, ""grnwt"": 0.0, ""xlai"": 3.9157261848449703, ""totir"": 0.0, ""tofer"": NaN, ""swfac"": 0.0, ""nstres"": 0.0680490136146545}",0.0,0.0680490136146545,5379.984130859375,0.0,3.9157261848449703,0.0,,0.0,0.0,30.0,150.0,45.40322265625001,57.40322265625001,Leave_One_experiments/all_year_offline_schedule_search/daily_outputs/LCA/LCA_2022_LCA2022_normal_grid_S0013_daily.csv
LCA,LCA,Luancheng,2022,Leave_One_experiments\wth_generated_qc\LCA\LCA2022.WTH,wet_year;nitrogen_stress_year;low_response_year,wet,LCA2022_normal_grid_S0013,irrigation_positive_candidate,2022-07-23,204,44,39,"{""sim_day"": 44.0, ""doy"": 204.0, ""topwt"": 5739.8175048828125, ""grnwt"": 0.0, ""xlai"": 3.985661268234253, ""totir"": 0.0, ""tofer"": NaN, ""swfac"": 0.0, ""nstres"": 0.0673979520797729}",0.0,0.0673979520797729,5739.8175048828125,0.0,3.985661268234253,0.0,,0.0,0.0,30.0,150.0,45.40322265625001,57.40322265625001,Leave_One_experiments/all_year_offline_schedule_search/daily_outputs/LCA/LCA_2022_LCA2022_normal_grid_S0013_daily.csv
LCA,LCA,Luancheng,2022,Leave_One_experiments\wth_generated_qc\LCA\LCA2022.WTH,wet_year;nitrogen_stress_year;low_response_year,wet,LCA2022_normal_grid_S0013,irrigation_positive_candidate,2022-07-24,205,45,40,"{""sim_day"": 45.0, ""doy"": 205.0, ""topwt"": 5952.96630859375, ""grnwt"": 0.0, ""xlai"": 4.002154350280762, ""totir"": 0.0, ""tofer"": NaN, ""swfac"": 0.0, ""nstres"": 0.0802030563354492}",0.0,0.0802030563354492,5952.96630859375,0.0,4.002154350280762,0.0,,0.0,0.0,30.0,150.0,45.40322265625001,57.40322265625001,Leave_One_experiments/all_year_offline_schedule_search/daily_outputs/LCA/LCA_2022_LCA2022_normal_grid_S0013_daily.csv
LCA,LCA,Luancheng,2022,Leave_One_experiments\wth_generated_qc\LCA\LCA2022.WTH,wet_year;nitrogen_stress_year;low_response_year,wet,LCA2022_normal_grid_S0013,irrigation_positive_candidate,2022-07-25,206,46,41,"{""sim_day"": 46.0, ""doy"": 206.0, ""topwt"": 6237.8021240234375, ""grnwt"": 0.0, ""xlai"": 4.028614521026611, ""totir"": 0.0, ""tofer"": NaN, ""swfac"": 0.0, ""nstres"": 0.089429497718811}",0.0,0.089429497718811,6237.8021240234375,0.0,4.028614521026611,0.0,,0.0,0.0,30.0,150.0,45.40322265625001,57.40322265625001,Leave_One_experiments/all_year_offline_schedule_search/daily_outputs/LCA/LCA_2022_LCA2022_normal_grid_S0013_daily.csv
LCA,LCA,Luancheng,2022,Leave_One_experiments\wth_generated_qc\LCA\LCA2022.WTH,wet_year;nitrogen_stress_year;low_response_year,wet,LCA2022_normal_grid_S0013,irrigation_positive_candidate,2022-07-26,207,47,42,"{""sim_day"": 47.0, ""doy"": 207.0, ""topwt"": 6425.313720703125, ""grnwt"": 0.0, ""xlai"": 4.026156902313232, ""totir"": 0.0, ""tofer"": NaN, ""swfac"": 0.0, ""nstres"": 0.0927180051803588}",0.0,0.0927180051803588,6425.313720703125,0.0,4.026156902313232,0.0,,0.0,0.0,30.0,150.0,45.40322265625001,57.40322265625001,Leave_One_experiments/all_year_offline_schedule_search/daily_outputs/LCA/LCA_2022_LCA2022_normal_grid_S0013_daily.csv
LCA,LCA,Luancheng,2022,Leave_One_experiments\wth_generated_qc\LCA\LCA2022.WTH,wet_year;nitrogen_stress_year;low_response_year,wet,LCA2022_normal_grid_S0013,irrigation_positive_candidate,2022-07-27,208,48,43,"{""sim_day"": 48.0, ""doy"": 208.0, ""topwt"": 6688.310546875, ""grnwt"": 0.0, ""xlai"": 4.03935432434082, ""totir"": 0.0, ""tofer"": NaN, ""swfac"": 0.0, ""nstres"": 0.0972180366516113}",0.0,0.0972180366516113,6688.310546875,0.0,4.03935432434082,0.0,,0.0,0.0,30.0,150.0,45.40322265625001,57.40322265625001,Leave_One_experiments/all_year_offline_schedule_search/daily_outputs/LCA/LCA_2022_LCA2022_normal_grid_S0013_daily.csv
LCA,LCA,Luancheng,2022,Leave_One_experiments\wth_generated_qc\LCA\LCA2022.WTH,wet_year;nitrogen_stress_year;low_response_year,wet,LCA2022_normal_grid_S0013,irrigation_positive_candidate,2022-07-28,209,49,44,"{""sim_day"": 49.0, ""doy"": 209.0, ""topwt"": 6970.61279296875, ""grnwt"": 0.0, ""xlai"": 4.056658744812012, ""totir"": 0.0, ""tofer"": NaN, ""swfac"": 0.0, ""nstres"": 0.0977119207382202}",0.0,0.0977119207382202,6970.61279296875,0.0,4.056658744812012,0.0,,0.0,0.0,30.0,150.0,45.40322265625001,57.40322265625001,Leave_One_experiments/all_year_offline_schedule_search/daily_outputs/LCA/LCA_2022_LCA2022_normal_grid_S0013_daily.csv
LCA,LCA,Luancheng,2022,Leave_One_experiments\wth_generated_qc\LCA\LCA2022.WTH,wet_year;nitrogen_stress_year;low_response_year,wet,LCA2022_normal_grid_S0013,irrigation_positive_candidate,2022-07-29,210,50,45,"{""sim_day"": 50.0, ""doy"": 210.0, ""topwt"": 7270.8056640625, ""grnwt"": 0.0, ""xlai"": 4.078346252441406, ""totir"": 0.0, ""tofer"": NaN, ""swfac"": 0.0, ""nstres"": 0.0968937873840332}",0.0,0.0968937873840332,7270.8056640625,0.0,4.078346252441406,0.0,,0.0,0.0,30.0,150.0,45.40322265625001,57.40322265625001,Leave_One_experiments/all_year_offline_schedule_search/daily_outputs/LCA/LCA_2022_LCA2022_normal_grid_S0013_daily.csv
LCA,LCA,Luancheng,2022,Leave_One_experiments\wth_generated_qc\LCA\LCA2022.WTH,wet_year;nitrogen_stress_year;low_response_year,wet,LCA2022_normal_grid_S0013,irrigation_positive_candidate,2022-07-30,211,51,46,"{""sim_day"": 51.0, ""doy"": 211.0, ""topwt"": 7600.341186523437, ""grnwt"": 0.0, ""xlai"": 4.108641624450684, ""totir"": 0.0, ""tofer"": NaN, ""swfac"": 0.0, ""nstres"": 0.0930482149124145}",0.0,0.0930482149124145,7600.341186523437,0.0,4.108641624450684,0.0,,0.0,0.0,30.0,150.0,45.40322265625001,57.40322265625001,Leave_One_experiments/all_year_offline_schedule_search/daily_outputs/LCA/LCA_2022_LCA2022_normal_grid_S0013_daily.csv
LCA,LCA,Luancheng,2022,Leave_One_experiments\wth_generated_qc\LCA\LCA2022.WTH,wet_year;nitrogen_stress_year;low_response_year,wet,LCA2022_normal_grid_S0013,irrigation_positive_candidate,2022-07-31,212,52,47,"{""sim_day"": 52.0, ""doy"": 212.0, ""topwt"": 7953.1878662109375, ""grnwt"": 0.0, ""xlai"": 4.059432506561279, ""totir"": 0.0, ""tofer"": NaN, ""swfac"": 0.0, ""nstres"": 0.0958161354064941}",0.0,0.0958161354064941,7953.1878662109375,0.0,4.059432506561279,0.0,,0.0,0.0,30.0,150.0,45.40322265625001,57.40322265625001,Leave_One_experiments/all_year_offline_schedule_search/daily_outputs/LCA/LCA_2022_LCA2022_normal_grid_S0013_daily.csv
LCA,LCA,Luancheng,2022,Leave_One_experiments\wth_generated_qc\LCA\LCA2022.WTH,wet_year;nitrogen_stress_year;low_response_year,wet,LCA2022_normal_grid_S0013,irrigation_positive_candidate,2022-08-01,213,53,48,"{""sim_day"": 53.0, ""doy"": 213.0, ""topwt"": 8313.949584960938, ""grnwt"": 0.0, ""xlai"": 4.012028694152832, ""totir"": 0.0, ""tofer"": NaN, ""swfac"": 0.0, ""nstres"": 0.0934183597564697}",0.0,0.0934183597564697,8313.949584960938,0.0,4.012028694152832,0.0,,0.0,0.0,30.0,150.0,45.40322265625001,57.40322265625001,Leave_One_experiments/all_year_offline_schedule_search/daily_outputs/LCA/LCA_2022_LCA2022_normal_grid_S0013_daily.csv
LCA,LCA,Luancheng,2022,Leave_One_experiments\wth_generated_qc\LCA\LCA2022.WTH,wet_year;nitrogen_stress_year;low_response_year,wet,LCA2022_normal_grid_S0013,irrigation_positive_candidate,2022-08-02,214,54,49,"{""sim_day"": 54.0, ""doy"": 214.0, ""topwt"": 8671.458740234375, ""grnwt"": 0.0, ""xlai"": 3.9670779705047607, ""totir"": 0.0, ""tofer"": NaN, ""swfac"": 0.0, ""nstres"": 0.0896316766738891}",0.0,0.0896316766738891,8671.458740234375,0.0,3.9670779705047607,0.0,,0.0,0.0,30.0,150.0,45.40322265625001,57.40322265625001,Leave_One_experiments/all_year_offline_schedule_search/daily_outputs/LCA/LCA_2022_LCA2022_normal_grid_S0013_daily.csv
LCA,LCA,Luancheng,2022,Leave_One_experiments\wth_generated_qc\LCA\LCA2022.WTH,wet_year;nitrogen_stress_year;low_response_year,wet,LCA2022_normal_grid_S0013,irrigation_positive_candidate,2022-08-03,215,55,50,"{""sim_day"": 55.0, ""doy"": 215.0, ""topwt"": 9023.052368164062, ""grnwt"": 0.0, ""xlai"": 3.9254674911499023, ""totir"": 0.0, ""tofer"": NaN, ""swfac"": 0.0, ""nstres"": 0.0839118957519531}",0.0,0.0839118957519531,9023.052368164062,0.0,3.9254674911499023,0.0,,0.0,0.0,30.0,150.0,45.40322265625001,57.40322265625001,Leave_One_experiments/all_year_offline_schedule_search/daily_outputs/LCA/LCA_2022_LCA2022_normal_grid_S0013_daily.csv
LCA,LCA,Luancheng,2022,Leave_One_experiments\wth_generated_qc\LCA\LCA2022.WTH,wet_year;nitrogen_stress_year;low_response_year,wet,LCA2022_normal_grid_S0013,irrigation_positive_candidate,2022-08-04,216,56,51,"{""sim_day"": 56.0, ""doy"": 216.0, ""topwt"": 9342.05810546875, ""grnwt"": 0.0, ""xlai"": 3.8878350257873535, ""totir"": 0.0, ""tofer"": NaN, ""swfac"": 0.0, ""nstres"": 0.0766934156417846}",0.0,0.0766934156417846,9342.05810546875,0.0,3.8878350257873535,0.0,,0.0,0.0,30.0,150.0,45.40322265625001,57.40322265625001,Leave_One_experiments/all_year_offline_schedule_search/daily_outputs/LCA/LCA_2022_LCA2022_normal_grid_S0013_daily.csv
LCA,LCA,Luancheng,2022,Leave_One_experiments\wth_generated_qc\LCA\LCA2022.WTH,wet_year;nitrogen_stress_year;low_response_year,wet,LCA2022_normal_grid_S0013,irrigation_positive_candidate,2022-08-05,217,57,52,"{""sim_day"": 57.0, ""doy"": 217.0, ""topwt"": 9664.963989257812, ""grnwt"": 0.0, ""xlai"": 3.854892015457153, ""totir"": 0.0, ""tofer"": NaN, ""swfac"": 0.0, ""nstres"": 0.0677870512008667}",0.0,0.0677870512008667,9664.963989257812,0.0,3.854892015457153,0.0,,0.0,0.0,30.0,150.0,45.40322265625001,57.40322265625001,Leave_One_experiments/all_year_offline_schedule_search/daily_outputs/LCA/LCA_2022_LCA2022_normal_grid_S0013_daily.csv
LCA,LCA,Luancheng,2022,Leave_One_experiments\wth_generated_qc\LCA\LCA2022.WTH,wet_year;nitrogen_stress_year;low_response_year,wet,LCA2022_normal_grid_S0013,irrigation_positive_candidate,2022-08-06,218,58,53,"{""sim_day"": 58.0, ""doy"": 218.0, ""topwt"": 9761.466064453123, ""grnwt"": 0.0, ""xlai"": 3.826960563659668, ""totir"": 0.0, ""tofer"": NaN, ""swfac"": 0.0, ""nstres"": 0.0579662919044494}",0.0,0.0579662919044494,9761.466064453123,0.0,3.826960563659668,0.0,,0.0,0.0,30.0,150.0,45.40322265625001,57.40322265625001,Leave_One_experiments/all_year_offline_schedule_search/daily_outputs/LCA/LCA_2022_LCA2022_normal_grid_S0013_daily.csv
LCA,LCA,Luancheng,2022,Leave_One_experiments\wth_generated_qc\LCA\LCA2022.WTH,wet_year;nitrogen_stress_year;low_response_year,wet,LCA2022_normal_grid_S0013,irrigation_positive_candidate,2022-08-07,219,59,54,"{""sim_day"": 59.0, ""doy"": 219.0, ""topwt"": 9738.521728515623, ""grnwt"": 0.0, ""xlai"": 3.803541660308838, ""totir"": 0.0, ""tofer"": NaN, ""swfac"": 0.0, ""nstres"": 0.0489550828933715}",0.0,0.0489550828933715,9738.521728515623,0.0,3.803541660308838,0.0,,0.0,0.0,30.0,150.0,45.40322265625001,57.40322265625001,Leave_One_experiments/all_year_offline_schedule_search/daily_outputs/LCA/LCA_2022_LCA2022_normal_grid_S0013_daily.csv
LCA,LCA,Luancheng,2022,Leave_One_experiments\wth_generated_qc\LCA\LCA2022.WTH,wet_year;nitrogen_stress_year;low_response_year,wet,LCA2022_normal_grid_S0013,irrigation_positive_candidate,2022-08-08,220,60,55,"{""sim_day"": 60.0, ""doy"": 220.0, ""topwt"": 9796.259765625, ""grnwt"": 329.26990509033203, ""xlai"": 3.785542964935303, ""totir"": 0.0, ""tofer"": NaN, ""swfac"": 0.0, ""nstres"": 0.0378568172454834}",0.0,0.0378568172454834,9796.259765625,329.26990509033203,3.785542964935303,0.0,,0.0,0.0,30.0,150.0,45.40322265625001,57.40322265625001,Leave_One_experiments/all_year_offline_schedule_search/daily_outputs/LCA/LCA_2022_LCA2022_normal_grid_S0013_daily.csv
LCA,LCA,Luancheng,2022,Leave_One_experiments\wth_generated_qc\LCA\LCA2022.WTH,wet_year;nitrogen_stress_year;low_response_year,wet,LCA2022_normal_grid_S0013,irrigation_positive_candidate,2022-08-09,221,61,56,"{""sim_day"": 61.0, ""doy"": 221.0, ""topwt"": 9947.802734375, ""grnwt"": 658.5398101806641, ""xlai"": 3.7608916759490967, ""totir"": 0.0, ""tofer"": NaN, ""swfac"": 0.0, ""nstres"": 0.0520955324172973}",0.0,0.0520955324172973,9947.802734375,658.5398101806641,3.7608916759490967,0.0,,0.0,0.0,30.0,150.0,45.40322265625001,57.40322265625001,Leave_One_experiments/all_year_offline_schedule_search/daily_outputs/LCA/LCA_2022_LCA2022_normal_grid_S0013_daily.csv
LCA,LCA,Luancheng,2022,Leave_One_experiments\wth_generated_qc\LCA\LCA2022.WTH,wet_year;nitrogen_stress_year;low_response_year,wet,LCA2022_normal_grid_S0013,irrigation_positive_candidate,2022-08-10,222,62,57,"{""sim_day"": 62.0, ""doy"": 222.0, ""topwt"": 10304.27001953125, ""grnwt"": 987.8097534179688, ""xlai"": 3.740403413772583, ""totir"": 0.0, ""tofer"": NaN, ""swfac"": 0.0, ""nstres"": 0.0435812473297119}",0.0,0.0435812473297119,10304.27001953125,987.8097534179688,3.740403413772583,0.0,,0.0,0.0,30.0,150.0,45.40322265625001,57.40322265625001,Leave_One_experiments/all_year_offline_schedule_search/daily_outputs/LCA/LCA_2022_LCA2022_normal_grid_S0013_daily.csv
LCA,LCA,Luancheng,2022,Leave_One_experiments\wth_generated_qc\LCA\LCA2022.WTH,wet_year;nitrogen_stress_year;low_response_year,wet,LCA2022_normal_grid_S0013,irrigation_positive_candidate,2022-08-11,223,63,58,"{""sim_day"": 63.0, ""doy"": 223.0, ""topwt"": 10439.715576171877, ""grnwt"": 1317.079620361328, ""xlai"": 3.7202627658844, ""totir"": 0.0, ""tofer"": NaN, ""swfac"": 0.0, ""nstres"": 0.0430770516395568}",0.0,0.0430770516395568,10439.715576171877,1317.079620361328,3.7202627658844,0.0,,0.0,0.0,30.0,150.0,45.40322265625001,57.40322265625001,Leave_One_experiments/all_year_offline_schedule_search/daily_outputs/LCA/LCA_2022_LCA2022_normal_grid_S0013_daily.csv
LCA,LCA,Luancheng,2022,Leave_One_experiments\wth_generated_qc\LCA\LCA2022.WTH,wet_year;nitrogen_stress_year;low_response_year,wet,LCA2022_normal_grid_S0013,irrigation_positive_candidate,2022-08-12,224,64,59,"{""sim_day"": 64.0, ""doy"": 224.0, ""topwt"": 10563.49609375, ""grnwt"": 1646.3494873046875, ""xlai"": 3.693205356597901, ""totir"": 0.0, ""tofer"": NaN, ""swfac"": 0.0, ""nstres"": 0.0581835508346557}",0.0,0.0581835508346557,10563.49609375,1646.3494873046875,3.693205356597901,0.0,,0.0,0.0,30.0,150.0,45.40322265625001,57.40322265625001,Leave_One_experiments/all_year_offline_schedule_search/daily_outputs/LCA/LCA_2022_LCA2022_normal_grid_S0013_daily.csv
LCA,LCA,Luancheng,2022,Leave_One_experiments\wth_generated_qc\LCA\LCA2022.WTH,wet_year;nitrogen_stress_year;low_response_year,wet,LCA2022_normal_grid_S0013,irrigation_positive_candidate,2022-08-13,225,65,60,"{""sim_day"": 65.0, ""doy"": 225.0, ""topwt"": 10600.93994140625, ""grnwt"": 1975.6193542480469, ""xlai"": 3.666252613067627, ""totir"": 0.0, ""tofer"": NaN, ""swfac"": 0.0, ""nstres"": 0.0583831071853637}",0.0,0.0583831071853637,10600.93994140625,1975.6193542480469,3.666252613067627,0.0,,0.0,50.0,30.0,150.0,45.40322265625001,57.40322265625001,Leave_One_experiments/all_year_offline_schedule_search/daily_outputs/LCA/LCA_2022_LCA2022_normal_grid_S0013_daily.csv
LCA,LCA,Luancheng,2022,Leave_One_experiments\wth_generated_qc\LCA\LCA2022.WTH,wet_year;nitrogen_stress_year;low_response_year,wet,LCA2022_normal_grid_S0013,irrigation_positive_candidate,2022-08-14,226,66,61,"{""sim_day"": 66.0, ""doy"": 226.0, ""topwt"": 10887.950439453123, ""grnwt"": 2241.093292236328, ""xlai"": 3.6449480056762695, ""totir"": 0.0, ""tofer"": NaN, ""swfac"": 0.0, ""nstres"": 0.0464884042739868}",0.0,0.0464884042739868,10887.950439453123,2241.093292236328,3.6449480056762695,0.0,,0.0,0.0,30.0,150.0,45.40322265625001,57.40322265625001,Leave_One_experiments/all_year_offline_schedule_search/daily_outputs/LCA/LCA_2022_LCA2022_normal_grid_S0013_daily.csv
LCA,LCA,Luancheng,2022,Leave_One_experiments\wth_generated_qc\LCA\LCA2022.WTH,wet_year;nitrogen_stress_year;low_response_year,wet,LCA2022_normal_grid_S0013,irrigation_positive_candidate,2022-08-15,227,67,62,"{""sim_day"": 67.0, ""doy"": 227.0, ""topwt"": 11307.369384765623, ""grnwt"": 2570.3631591796875, ""xlai"": 3.6449480056762695, ""totir"": 0.0, ""tofer"": NaN, ""swfac"": 0.0, ""nstres"": 0.0}",0.0,0.0,11307.369384765623,2570.3631591796875,3.6449480056762695,0.0,,0.0,0.0,30.0,150.0,45.40322265625001,57.40322265625001,Leave_One_experiments/all_year_offline_schedule_search/daily_outputs/LCA/LCA_2022_LCA2022_normal_grid_S0013_daily.csv
LCA,LCA,Luancheng,2022,Leave_One_experiments\wth_generated_qc\LCA\LCA2022.WTH,wet_year;nitrogen_stress_year;low_response_year,wet,LCA2022_normal_grid_S0013,irrigation_positive_candidate,2022-08-16,228,68,63,"{""sim_day"": 68.0, ""doy"": 228.0, ""topwt"": 11642.520751953123, ""grnwt"": 2899.632873535156, ""xlai"": 3.6449480056762695, ""totir"": 0.0, ""tofer"": NaN, ""swfac"": 0.0, ""nstres"": 0.0}",0.0,0.0,11642.520751953123,2899.632873535156,3.6449480056762695,0.0,,0.0,0.0,30.0,150.0,45.40322265625001,57.40322265625001,Leave_One_experiments/all_year_offline_schedule_search/daily_outputs/LCA/LCA_2022_LCA2022_normal_grid_S0013_daily.csv
LCA,LCA,Luancheng,2022,Leave_One_experiments\wth_generated_qc\LCA\LCA2022.WTH,wet_year;nitrogen_stress_year;low_response_year,wet,LCA2022_normal_grid_S0013,irrigation_positive_candidate,2022-08-17,229,69,64,"{""sim_day"": 69.0, ""doy"": 229.0, ""topwt"": 11745.455322265623, ""grnwt"": 3228.9028930664062, ""xlai"": 3.6449480056762695, ""totir"": 0.0, ""tofer"": NaN, ""swfac"": 0.0, ""nstres"": 0.0}",0.0,0.0,11745.455322265623,3228.9028930664062,3.6449480056762695,0.0,,0.0,0.0,30.0,150.0,45.40322265625001,57.40322265625001,Leave_One_experiments/all_year_offline_schedule_search/daily_outputs/LCA/LCA_2022_LCA2022_normal_grid_S0013_daily.csv
LCA,LCA,Luancheng,2022,Leave_One_experiments\wth_generated_qc\LCA\LCA2022.WTH,wet_year;nitrogen_stress_year;low_response_year,wet,LCA2022_normal_grid_S0013,irrigation_positive_candidate,2022-08-18,230,70,65,"{""sim_day"": 70.0, ""doy"": 230.0, ""topwt"": 12074.6484375, ""grnwt"": 3449.101867675781, ""xlai"": 3.6449480056762695, ""totir"": 30.0, ""tofer"": NaN, ""swfac"": 0.0, ""nstres"": 0.0}",0.0,0.0,12074.6484375,3449.101867675781,3.6449480056762695,30.0,,30.0,0.0,30.0,150.0,45.40322265625001,57.40322265625001,Leave_One_experiments/all_year_offline_schedule_search/daily_outputs/LCA/LCA_2022_LCA2022_normal_grid_S0013_daily.csv
LCA,LCA,Luancheng,2022,Leave_One_experiments\wth_generated_qc\LCA\LCA2022.WTH,wet_year;nitrogen_stress_year;low_response_year,wet,LCA2022_normal_grid_S0013,irrigation_positive_candidate,2022-08-19,231,71,66,"{""sim_day"": 71.0, ""doy"": 231.0, ""topwt"": 12471.265869140623, ""grnwt"": 3778.3718872070312, ""xlai"": 3.6449480056762695, ""totir"": 30.0, ""tofer"": NaN, ""swfac"": 0.0, ""nstres"": 0.0}",0.0,0.0,12471.265869140623,3778.3718872070312,3.6449480056762695,30.0,,0.0,0.0,30.0,150.0,45.40322265625001,57.40322265625001,Leave_One_experiments/all_year_offline_schedule_search/daily_outputs/LCA/LCA_2022_LCA2022_normal_grid_S0013_daily.csv
LCA,LCA,Luancheng,2022,Leave_One_experiments\wth_generated_qc\LCA\LCA2022.WTH,wet_year;nitrogen_stress_year;low_response_year,wet,LCA2022_normal_grid_S0013,irrigation_positive_candidate,2022-08-20,232,72,67,"{""sim_day"": 72.0, ""doy"": 232.0, ""topwt"": 12838.140869140623, ""grnwt"": 4107.641906738281, ""xlai"": 3.6449480056762695, ""totir"": 30.0, ""tofer"": NaN, ""swfac"": 0.0, ""nstres"": 0.0}",0.0,0.0,12838.140869140623,4107.641906738281,3.6449480056762695,30.0,,0.0,0.0,30.0,150.0,45.40322265625001,57.40322265625001,Leave_One_experiments/all_year_offline_schedule_search/daily_outputs/LCA/LCA_2022_LCA2022_normal_grid_S0013_daily.csv
LCA,LCA,Luancheng,2022,Leave_One_experiments\wth_generated_qc\LCA\LCA2022.WTH,wet_year;nitrogen_stress_year;low_response_year,wet,LCA2022_normal_grid_S0013,irrigation_positive_candidate,2022-08-21,233,73,68,"{""sim_day"": 73.0, ""doy"": 233.0, ""topwt"": 13201.590576171877, ""grnwt"": 4412.216796875, ""xlai"": 3.606443166732788, ""totir"": 30.0, ""tofer"": NaN, ""swfac"": 0.0, ""nstres"": 0.0}",0.0,0.0,13201.590576171877,4412.216796875,3.606443166732788,30.0,,0.0,0.0,30.0,150.0,45.40322265625001,57.40322265625001,Leave_One_experiments/all_year_offline_schedule_search/daily_outputs/LCA/LCA_2022_LCA2022_normal_grid_S0013_daily.csv
LCA,LCA,Luancheng,2022,Leave_One_experiments\wth_generated_qc\LCA\LCA2022.WTH,wet_year;nitrogen_stress_year;low_response_year,wet,LCA2022_normal_grid_S0013,irrigation_positive_candidate,2022-08-22,234,74,69,"{""sim_day"": 74.0, ""doy"": 234.0, ""topwt"": 13578.880615234377, ""grnwt"": 4741.48681640625, ""xlai"": 3.5451819896698, ""totir"": 30.0, ""tofer"": NaN, ""swfac"": 0.0, ""nstres"": 0.0}",0.0,0.0,13578.880615234377,4741.48681640625,3.5451819896698,30.0,,0.0,0.0,30.0,150.0,45.40322265625001,57.40322265625001,Leave_One_experiments/all_year_offline_schedule_search/daily_outputs/LCA/LCA_2022_LCA2022_normal_grid_S0013_daily.csv
LCA,LCA,Luancheng,2022,Leave_One_experiments\wth_generated_qc\LCA\LCA2022.WTH,wet_year;nitrogen_stress_year;low_response_year,wet,LCA2022_normal_grid_S0013,irrigation_positive_candidate,2022-08-23,235,75,70,"{""sim_day"": 75.0, ""doy"": 235.0, ""topwt"": 13748.358154296877, ""grnwt"": 5070.7568359375, ""xlai"": 3.4968960285186768, ""totir"": 30.0, ""tofer"": NaN, ""swfac"": 0.0, ""nstres"": 0.0}",0.0,0.0,13748.358154296877,5070.7568359375,3.4968960285186768,30.0,,0.0,0.0,30.0,150.0,45.40322265625001,57.40322265625001,Leave_One_experiments/all_year_offline_schedule_search/daily_outputs/LCA/LCA_2022_LCA2022_normal_grid_S0013_daily.csv
LCA,LCA,Luancheng,2022,Leave_One_experiments\wth_generated_qc\LCA\LCA2022.WTH,wet_year;nitrogen_stress_year;low_response_year,wet,LCA2022_normal_grid_S0013,irrigation_positive_candidate,2022-08-24,236,76,71,"{""sim_day"": 76.0, ""doy"": 236.0, ""topwt"": 14159.4873046875, ""grnwt"": 5400.02685546875, ""xlai"": 3.4212851524353027, ""totir"": 30.0, ""tofer"": NaN, ""swfac"": 0.0, ""nstres"": 0.0041749477386474}",0.0,0.0041749477386474,14159.4873046875,5400.02685546875,3.4212851524353027,30.0,,0.0,0.0,30.0,150.0,45.40322265625001,57.40322265625001,Leave_One_experiments/all_year_offline_schedule_search/daily_outputs/LCA/LCA_2022_LCA2022_normal_grid_S0013_daily.csv
LCA,LCA,Luancheng,2022,Leave_One_experiments\wth_generated_qc\LCA\LCA2022.WTH,wet_year;nitrogen_stress_year;low_response_year,wet,LCA2022_normal_grid_S0013,irrigation_positive_candidate,2022-08-25,237,77,72,"{""sim_day"": 77.0, ""doy"": 237.0, ""topwt"": 14504.619140625, ""grnwt"": 5729.296875, ""xlai"": 3.344281911849976, ""totir"": 30.0, ""tofer"": NaN, ""swfac"": 0.0, ""nstres"": 0.0069644451141357}",0.0,0.0069644451141357,14504.619140625,5729.296875,3.344281911849976,30.0,,0.0,0.0,30.0,150.0,45.40322265625001,57.40322265625001,Leave_One_experiments/all_year_offline_schedule_search/daily_outputs/LCA/LCA_2022_LCA2022_normal_grid_S0013_daily.csv
LCA,LCA,Luancheng,2022,Leave_One_experiments\wth_generated_qc\LCA\LCA2022.WTH,wet_year;nitrogen_stress_year;low_response_year,wet,LCA2022_normal_grid_S0013,irrigation_positive_candidate,2022-08-26,238,78,73,"{""sim_day"": 78.0, ""doy"": 238.0, ""topwt"": 14787.63671875, ""grnwt"": 6058.56689453125, ""xlai"": 3.282728910446167, ""totir"": 30.0, ""tofer"": NaN, ""swfac"": 0.0, ""nstres"": 0.0356699228286743}",0.0,0.0356699228286743,14787.63671875,6058.56689453125,3.282728910446167,30.0,,0.0,0.0,30.0,150.0,45.40322265625001,57.40322265625001,Leave_One_experiments/all_year_offline_schedule_search/daily_outputs/LCA/LCA_2022_LCA2022_normal_grid_S0013_daily.csv
LCA,LCA,Luancheng,2022,Leave_One_experiments\wth_generated_qc\LCA\LCA2022.WTH,wet_year;nitrogen_stress_year;low_response_year,wet,LCA2022_normal_grid_S0013,irrigation_positive_candidate,2022-08-27,239,79,74,"{""sim_day"": 79.0, ""doy"": 239.0, ""topwt"": 14865.333251953123, ""grnwt"": 6387.8369140625, ""xlai"": 3.231276750564575, ""totir"": 30.0, ""tofer"": NaN, ""swfac"": 0.0, ""nstres"": 0.0598317384719848}",0.0,0.0598317384719848,14865.333251953123,6387.8369140625,3.231276750564575,30.0,,0.0,0.0,30.0,150.0,45.40322265625001,57.40322265625001,Leave_One_experiments/all_year_offline_schedule_search/daily_outputs/LCA/LCA_2022_LCA2022_normal_grid_S0013_daily.csv
LCA,LCA,Luancheng,2022,Leave_One_experiments\wth_generated_qc\LCA\LCA2022.WTH,wet_year;nitrogen_stress_year;low_response_year,wet,LCA2022_normal_grid_S0013,irrigation_positive_candidate,2022-08-28,240,80,75,"{""sim_day"": 80.0, ""doy"": 240.0, ""topwt"": 14951.683349609377, ""grnwt"": 6583.62060546875, ""xlai"": 3.1730103492736816, ""totir"": 30.0, ""tofer"": NaN, ""swfac"": 0.0, ""nstres"": 0.0845115780830383}",0.0,0.0845115780830383,14951.683349609377,6583.62060546875,3.1730103492736816,30.0,,0.0,0.0,30.0,150.0,45.40322265625001,57.40322265625001,Leave_One_experiments/all_year_offline_schedule_search/daily_outputs/LCA/LCA_2022_LCA2022_normal_grid_S0013_daily.csv
LCA,LCA,Luancheng,2022,Leave_One_experiments\wth_generated_qc\LCA\LCA2022.WTH,wet_year;nitrogen_stress_year;low_response_year,wet,LCA2022_normal_grid_S0013,irrigation_positive_candidate,2022-08-29,241,81,76,"{""sim_day"": 81.0, ""doy"": 241.0, ""topwt"": 15309.658203125, ""grnwt"": 6912.890625, ""xlai"": 3.0946199893951416, ""totir"": 30.0, ""tofer"": NaN, ""swfac"": 0.0, ""nstres"": 0.0706242322921752}",0.0,0.0706242322921752,15309.658203125,6912.890625,3.0946199893951416,30.0,,0.0,0.0,30.0,150.0,45.40322265625001,57.40322265625001,Leave_One_experiments/all_year_offline_schedule_search/daily_outputs/LCA/LCA_2022_LCA2022_normal_grid_S0013_daily.csv
LCA,LCA,Luancheng,2022,Leave_One_experiments\wth_generated_qc\LCA\LCA2022.WTH,wet_year;nitrogen_stress_year;low_response_year,wet,LCA2022_normal_grid_S0013,irrigation_positive_candidate,2022-08-30,242,82,77,"{""sim_day"": 82.0, ""doy"": 242.0, ""topwt"": 15673.056640625, ""grnwt"": 7242.1612548828125, ""xlai"": 3.0007970333099365, ""totir"": 30.0, ""tofer"": NaN, ""swfac"": 0.0, ""nstres"": 0.088387131690979}",0.0,0.088387131690979,15673.056640625,7242.1612548828125,3.0007970333099365,30.0,,0.0,0.0,30.0,150.0,45.40322265625001,57.40322265625001,Leave_One_experiments/all_year_offline_schedule_search/daily_outputs/LCA/LCA_2022_LCA2022_normal_grid_S0013_daily.csv
LCA,LCA,Luancheng,2022,Leave_One_experiments\wth_generated_qc\LCA\LCA2022.WTH,wet_year;nitrogen_stress_year;low_response_year,wet,LCA2022_normal_grid_S0013,irrigation_positive_candidate,2022-08-31,243,83,78,"{""sim_day"": 83.0, ""doy"": 243.0, ""topwt"": 16036.57958984375, ""grnwt"": 7571.4306640625, ""xlai"": 2.9117043018341064, ""totir"": 30.0, ""tofer"": NaN, ""swfac"": 0.0, ""nstres"": 0.1219253540039062}",0.0,0.1219253540039062,16036.57958984375,7571.4306640625,2.9117043018341064,30.0,,0.0,0.0,30.0,150.0,45.40322265625001,57.40322265625001,Leave_One_experiments/all_year_offline_schedule_search/daily_outputs/LCA/LCA_2022_LCA2022_normal_grid_S0013_daily.csv
LCA,LCA,Luancheng,2022,Leave_One_experiments\wth_generated_qc\LCA\LCA2022.WTH,wet_year;nitrogen_stress_year;low_response_year,wet,LCA2022_normal_grid_S0013,irrigation_positive_candidate,2022-09-01,244,84,79,"{""sim_day"": 84.0, ""doy"": 244.0, ""topwt"": 16359.66552734375, ""grnwt"": 7900.7000732421875, ""xlai"": 2.815253734588623, ""totir"": 30.0, ""tofer"": NaN, ""swfac"": 0.0, ""nstres"": 0.1540760993957519}",0.0,0.1540760993957519,16359.66552734375,7900.7000732421875,2.815253734588623,30.0,,0.0,0.0,30.0,150.0,45.40322265625001,57.40322265625001,Leave_One_experiments/all_year_offline_schedule_search/daily_outputs/LCA/LCA_2022_LCA2022_normal_grid_S0013_daily.csv
LCA,LCA,Luancheng,2022,Leave_One_experiments\wth_generated_qc\LCA\LCA2022.WTH,wet_year;nitrogen_stress_year;low_response_year,wet,LCA2022_normal_grid_S0013,irrigation_positive_candidate,2022-09-02,245,85,80,"{""sim_day"": 85.0, ""doy"": 245.0, ""topwt"": 16389.404296875, ""grnwt"": 8021.3433837890625, ""xlai"": 2.717836141586304, ""totir"": 30.0, ""tofer"": NaN, ""swfac"": 0.0, ""nstres"": 0.1853519678115844}",0.0,0.1853519678115844,16389.404296875,8021.3433837890625,2.717836141586304,30.0,,0.0,0.0,30.0,150.0,45.40322265625001,57.40322265625001,Leave_One_experiments/all_year_offline_schedule_search/daily_outputs/LCA/LCA_2022_LCA2022_normal_grid_S0013_daily.csv
LCA,LCA,Luancheng,2022,Leave_One_experiments\wth_generated_qc\LCA\LCA2022.WTH,wet_year;nitrogen_stress_year;low_response_year,wet,LCA2022_normal_grid_S0013,irrigation_positive_candidate,2022-09-03,246,86,81,"{""sim_day"": 86.0, ""doy"": 246.0, ""topwt"": 16733.709716796875, ""grnwt"": 8350.61279296875, ""xlai"": 2.605384588241577, ""totir"": 30.0, ""tofer"": NaN, ""swfac"": 0.0, ""nstres"": 0.1850179433822631}",0.0,0.1850179433822631,16733.709716796875,8350.61279296875,2.605384588241577,30.0,,0.0,0.0,30.0,150.0,45.40322265625001,57.40322265625001,Leave_One_experiments/all_year_offline_schedule_search/daily_outputs/LCA/LCA_2022_LCA2022_normal_grid_S0013_daily.csv
LCA,LCA,Luancheng,2022,Leave_One_experiments\wth_generated_qc\LCA\LCA2022.WTH,wet_year;nitrogen_stress_year;low_response_year,wet,LCA2022_normal_grid_S0013,irrigation_positive_candidate,2022-09-04,247,87,82,"{""sim_day"": 87.0, ""doy"": 247.0, ""topwt"": 17056.619873046875, ""grnwt"": 8679.8828125, ""xlai"": 2.4806480407714844, ""totir"": 30.0, ""tofer"": NaN, ""swfac"": 0.0, ""nstres"": 0.2092846632003784}",0.0,0.2092846632003784,17056.619873046875,8679.8828125,2.4806480407714844,30.0,,0.0,0.0,30.0,150.0,45.40322265625001,57.40322265625001,Leave_One_experiments/all_year_offline_schedule_search/daily_outputs/LCA/LCA_2022_LCA2022_normal_grid_S0013_daily.csv
LCA,LCA,Luancheng,2022,Leave_One_experiments\wth_generated_qc\LCA\LCA2022.WTH,wet_year;nitrogen_stress_year;low_response_year,wet,LCA2022_normal_grid_S0013,irrigation_positive_candidate,2022-09-05,248,88,83,"{""sim_day"": 88.0, ""doy"": 248.0, ""topwt"": 17347.578125, ""grnwt"": 8979.515380859375, ""xlai"": 2.3556385040283203, ""totir"": 30.0, ""tofer"": NaN, ""swfac"": 0.0, ""nstres"": 0.2896221280097961}",0.0,0.2896221280097961,17347.578125,8979.515380859375,2.3556385040283203,30.0,,0.0,0.0,30.0,150.0,45.40322265625001,57.40322265625001,Leave_One_experiments/all_year_offline_schedule_search/daily_outputs/LCA/LCA_2022_LCA2022_normal_grid_S0013_daily.csv
LCA,LCA,Luancheng,2022,Leave_One_experiments\wth_generated_qc\LCA\LCA2022.WTH,wet_year;nitrogen_stress_year;low_response_year,wet,LCA2022_normal_grid_S0013,irrigation_positive_candidate,2022-09-06,249,89,84,"{""sim_day"": 89.0, ""doy"": 249.0, ""topwt"": 17620.927734375, ""grnwt"": 9252.865600585938, ""xlai"": 2.2413041591644287, ""totir"": 30.0, ""tofer"": NaN, ""swfac"": 0.0, ""nstres"": 0.3526415824890136}",0.0,0.3526415824890136,17620.927734375,9252.865600585938,2.2413041591644287,30.0,,0.0,0.0,30.0,150.0,45.40322265625001,57.40322265625001,Leave_One_experiments/all_year_offline_schedule_search/daily_outputs/LCA/LCA_2022_LCA2022_normal_grid_S0013_daily.csv
LCA,LCA,Luancheng,2022,Leave_One_experiments\wth_generated_qc\LCA\LCA2022.WTH,wet_year;nitrogen_stress_year;low_response_year,wet,LCA2022_normal_grid_S0013,irrigation_positive_candidate,2022-09-07,250,90,85,"{""sim_day"": 90.0, ""doy"": 250.0, ""topwt"": 17820.61767578125, ""grnwt"": 9452.557983398438, ""xlai"": 2.116157054901123, ""totir"": 30.0, ""tofer"": NaN, ""swfac"": 0.0, ""nstres"": 0.4018421173095703}",0.0,0.4018421173095703,17820.61767578125,9452.557983398438,2.116157054901123,30.0,,0.0,0.0,30.0,150.0,45.40322265625001,57.40322265625001,Leave_One_experiments/all_year_offline_schedule_search/daily_outputs/LCA/LCA_2022_LCA2022_normal_grid_S0013_daily.csv
LCA,LCA,Luancheng,2022,Leave_One_experiments\wth_generated_qc\LCA\LCA2022.WTH,wet_year;nitrogen_stress_year;low_response_year,wet,LCA2022_normal_grid_S0013,irrigation_positive_candidate,2022-09-08,251,91,86,"{""sim_day"": 91.0, ""doy"": 251.0, ""topwt"": 17973.70361328125, ""grnwt"": 9605.64208984375, ""xlai"": 1.9769147634506223, ""totir"": 30.0, ""tofer"": NaN, ""swfac"": 0.0, ""nstres"": 0.4244434833526611}",0.0,0.4244434833526611,17973.70361328125,9605.64208984375,1.9769147634506223,30.0,,0.0,0.0,30.0,150.0,45.40322265625001,57.40322265625001,Leave_One_experiments/all_year_offline_schedule_search/daily_outputs/LCA/LCA_2022_LCA2022_normal_grid_S0013_daily.csv
LCA,LCA,Luancheng,2022,Leave_One_experiments\wth_generated_qc\LCA\LCA2022.WTH,wet_year;nitrogen_stress_year;low_response_year,wet,LCA2022_normal_grid_S0013,irrigation_positive_candidate,2022-09-09,252,92,87,"{""sim_day"": 92.0, ""doy"": 252.0, ""topwt"": 18158.385009765625, ""grnwt"": 9790.322265625, ""xlai"": 1.8086241483688357, ""totir"": 30.0, ""tofer"": NaN, ""swfac"": 0.0, ""nstres"": 0.4301531314849853}",0.0,0.4301531314849853,18158.385009765625,9790.322265625,1.8086241483688357,30.0,,0.0,0.0,30.0,150.0,45.40322265625001,57.40322265625001,Leave_One_experiments/all_year_offline_schedule_search/daily_outputs/LCA/LCA_2022_LCA2022_normal_grid_S0013_daily.csv
LCA,LCA,Luancheng,2022,Leave_One_experiments\wth_generated_qc\LCA\LCA2022.WTH,wet_year;nitrogen_stress_year;low_response_year,wet,LCA2022_normal_grid_S0013,irrigation_positive_candidate,2022-09-10,253,93,88,"{""sim_day"": 93.0, ""doy"": 253.0, ""topwt"": 18158.385009765625, ""grnwt"": 9790.322265625, ""xlai"": 1.8086241483688357, ""totir"": 30.0, ""tofer"": NaN, ""swfac"": 0.0, ""nstres"": 0.4504696130752563}",0.0,0.4504696130752563,18158.385009765625,9790.322265625,1.8086241483688357,30.0,,0.0,0.0,30.0,150.0,45.40322265625001,57.40322265625001,Leave_One_experiments/all_year_offline_schedule_search/daily_outputs/LCA/LCA_2022_LCA2022_normal_grid_S0013_daily.csv
LCA,LCA,Luancheng,2022,Leave_One_experiments\wth_generated_qc\LCA\LCA2022.WTH,wet_year;nitrogen_stress_year;low_response_year,wet,LCA2022_normal_grid_S0013,irrigation_positive_candidate,2022-09-11,254,94,89,"{""sim_day"": 94.0, ""doy"": 254.0, ""topwt"": 18158.385009765625, ""grnwt"": 9790.322265625, ""xlai"": 1.8086241483688357, ""totir"": 30.0, ""tofer"": NaN, ""swfac"": 0.0, ""nstres"": 0.4504696130752563}",0.0,0.4504696130752563,18158.385009765625,9790.322265625,1.8086241483688357,30.0,,0.0,0.0,30.0,150.0,45.40322265625001,57.40322265625001,Leave_One_experiments/all_year_offline_schedule_search/daily_outputs/LCA/LCA_2022_LCA2022_normal_grid_S0013_daily.csv
LCA,LCA,Luancheng,2022,Leave_One_experiments\wth_generated_qc\LCA\LCA2022.WTH,wet_year;nitrogen_stress_year;low_response_year,wet,LCA2022_normal_grid_S0013,irrigation_positive_candidate,2022-09-12,255,95,90,"{""sim_day"": 95.0, ""doy"": 255.0, ""topwt"": 18158.385009765625, ""grnwt"": 9790.322265625, ""xlai"": 1.8086241483688357, ""totir"": 30.0, ""tofer"": NaN, ""swfac"": 0.0, ""nstres"": 0.4504696130752563}",0.0,0.4504696130752563,18158.385009765625,9790.322265625,1.8086241483688357,30.0,,0.0,0.0,30.0,150.0,45.40322265625001,57.40322265625001,Leave_One_experiments/all_year_offline_schedule_search/daily_outputs/LCA/LCA_2022_LCA2022_normal_grid_S0013_daily.csv
LCA,LCA,Luancheng,2022,Leave_One_experiments\wth_generated_qc\LCA\LCA2022.WTH,wet_year;nitrogen_stress_year;low_response_year,wet,LCA2022_normal_grid_S0010,low_input_within_10pct_yield,2022-06-15,166,1,1,"{""sim_day"": 1.0, ""doy"": 166.0, ""topwt"": 0.0, ""grnwt"": 0.0, ""xlai"": 0.0, ""totir"": 0.0, ""tofer"": NaN, ""swfac"": 0.0, ""nstres"": 0.0}",0.0,0.0,0.0,0.0,0.0,0.0,,0.0,50.0,0.0,150.0,60.61029663085938,60.61029663085938,Leave_One_experiments/all_year_offline_schedule_search/daily_outputs/LCA/LCA_2022_LCA2022_normal_grid_S0010_daily.csv
LCA,LCA,Luancheng,2022,Leave_One_experiments\wth_generated_qc\LCA\LCA2022.WTH,wet_year;nitrogen_stress_year;low_response_year,wet,LCA2022_normal_grid_S0010,low_input_within_10pct_yield,2022-06-16,167,2,2,"{""sim_day"": 2.0, ""doy"": 167.0, ""topwt"": 0.0, ""grnwt"": 0.0, ""xlai"": 0.0, ""totir"": 0.0, ""tofer"": NaN, ""swfac"": 0.0, ""nstres"": 0.0}",0.0,0.0,0.0,0.0,0.0,0.0,,0.0,0.0,0.0,150.0,60.61029663085938,60.61029663085938,Leave_One_experiments/all_year_offline_schedule_search/daily_outputs/LCA/LCA_2022_LCA2022_normal_grid_S0010_daily.csv
LCA,LCA,Luancheng,2022,Leave_One_experiments\wth_generated_qc\LCA\LCA2022.WTH,wet_year;nitrogen_stress_year;low_response_year,wet,LCA2022_normal_grid_S0010,low_input_within_10pct_yield,2022-06-17,168,3,3,"{""sim_day"": 3.0, ""doy"": 168.0, ""topwt"": 0.0, ""grnwt"": 0.0, ""xlai"": 0.0, ""totir"": 0.0, ""tofer"": NaN, ""swfac"": 0.0, ""nstres"": 0.0}",0.0,0.0,0.0,0.0,0.0,0.0,,0.0,0.0,0.0,150.0,60.61029663085938,60.61029663085938,Leave_One_experiments/all_year_offline_schedule_search/daily_outputs/LCA/LCA_2022_LCA2022_normal_grid_S0010_daily.csv
LCA,LCA,Luancheng,2022,Leave_One_experiments\wth_generated_qc\LCA\LCA2022.WTH,wet_year;nitrogen_stress_year;low_response_year,wet,LCA2022_normal_grid_S0010,low_input_within_10pct_yield,2022-06-18,169,4,4,"{""sim_day"": 4.0, ""doy"": 169.0, ""topwt"": 0.0, ""grnwt"": 0.0, ""xlai"": 0.0, ""totir"": 0.0, ""tofer"": NaN, ""swfac"": 0.0, ""nstres"": 0.0}",0.0,0.0,0.0,0.0,0.0,0.0,,0.0,0.0,0.0,150.0,60.61029663085938,60.61029663085938,Leave_One_experiments/all_year_offline_schedule_search/daily_outputs/LCA/LCA_2022_LCA2022_normal_grid_S0010_daily.csv
LCA,LCA,Luancheng,2022,Leave_One_experiments\wth_generated_qc\LCA\LCA2022.WTH,wet_year;nitrogen_stress_year;low_response_year,wet,LCA2022_normal_grid_S0010,low_input_within_10pct_yield,2022-06-19,170,5,5,"{""sim_day"": 5.0, ""doy"": 170.0, ""topwt"": 0.0, ""grnwt"": 0.0, ""xlai"": 0.0, ""totir"": 0.0, ""tofer"": NaN, ""swfac"": 0.0, ""nstres"": 0.0}",0.0,0.0,0.0,0.0,0.0,0.0,,0.0,0.0,0.0,150.0,60.61029663085938,60.61029663085938,Leave_One_experiments/all_year_offline_schedule_search/daily_outputs/LCA/LCA_2022_LCA2022_normal_grid_S0010_daily.csv
LCA,LCA,Luancheng,2022,Leave_One_experiments\wth_generated_qc\LCA\LCA2022.WTH,wet_year;nitrogen_stress_year;low_response_year,wet,LCA2022_normal_grid_S0010,low_input_within_10pct_yield,2022-06-15,166,6,1,"{""sim_day"": 6.0, ""doy"": 166.0, ""topwt"": 0.0, ""grnwt"": 0.0, ""xlai"": 0.0, ""totir"": 0.0, ""tofer"": NaN, ""swfac"": 0.0, ""nstres"": 0.0}",0.0,0.0,0.0,0.0,0.0,0.0,,0.0,0.0,0.0,150.0,60.61029663085938,60.61029663085938,Leave_One_experiments/all_year_offline_schedule_search/daily_outputs/LCA/LCA_2022_LCA2022_normal_grid_S0010_daily.csv
LCA,LCA,Luancheng,2022,Leave_One_experiments\wth_generated_qc\LCA\LCA2022.WTH,wet_year;nitrogen_stress_year;low_response_year,wet,LCA2022_normal_grid_S0010,low_input_within_10pct_yield,2022-06-16,167,7,2,"{""sim_day"": 7.0, ""doy"": 167.0, ""topwt"": 0.0, ""grnwt"": 0.0, ""xlai"": 0.0, ""totir"": 0.0, ""tofer"": NaN, ""swfac"": 0.0, ""nstres"": 0.0}",0.0,0.0,0.0,0.0,0.0,0.0,,0.0,0.0,0.0,150.0,60.61029663085938,60.61029663085938,Leave_One_experiments/all_year_offline_schedule_search/daily_outputs/LCA/LCA_2022_LCA2022_normal_grid_S0010_daily.csv
LCA,LCA,Luancheng,2022,Leave_One_experiments\wth_generated_qc\LCA\LCA2022.WTH,wet_year;nitrogen_stress_year;low_response_year,wet,LCA2022_normal_grid_S0010,low_input_within_10pct_yield,2022-06-17,168,8,3,"{""sim_day"": 8.0, ""doy"": 168.0, ""topwt"": 0.0, ""grnwt"": 0.0, ""xlai"": 0.0, ""totir"": 0.0, ""tofer"": NaN, ""swfac"": 0.0, ""nstres"": 0.0}",0.0,0.0,0.0,0.0,0.0,0.0,,0.0,0.0,0.0,150.0,60.61029663085938,60.61029663085938,Leave_One_experiments/all_year_offline_schedule_search/daily_outputs/LCA/LCA_2022_LCA2022_normal_grid_S0010_daily.csv
LCA,LCA,Luancheng,2022,Leave_One_experiments\wth_generated_qc\LCA\LCA2022.WTH,wet_year;nitrogen_stress_year;low_response_year,wet,LCA2022_normal_grid_S0010,low_input_within_10pct_yield,2022-06-18,169,9,4,"{""sim_day"": 9.0, ""doy"": 169.0, ""topwt"": 0.0, ""grnwt"": 0.0, ""xlai"": 0.0, ""totir"": 0.0, ""tofer"": NaN, ""swfac"": 0.0, ""nstres"": 0.0}",0.0,0.0,0.0,0.0,0.0,0.0,,0.0,0.0,0.0,150.0,60.61029663085938,60.61029663085938,Leave_One_experiments/all_year_offline_schedule_search/daily_outputs/LCA/LCA_2022_LCA2022_normal_grid_S0010_daily.csv
LCA,LCA,Luancheng,2022,Leave_One_experiments\wth_generated_qc\LCA\LCA2022.WTH,wet_year;nitrogen_stress_year;low_response_year,wet,LCA2022_normal_grid_S0010,low_input_within_10pct_yield,2022-06-19,170,10,5,"{""sim_day"": 10.0, ""doy"": 170.0, ""topwt"": 23.600001335144043, ""grnwt"": 0.0, ""xlai"": 0.0064093391411006, ""totir"": 0.0, ""tofer"": NaN, ""swfac"": 0.0, ""nstres"": 0.0121910572052001}",0.0,0.0121910572052001,23.600001335144043,0.0,0.0064093391411006,0.0,,0.0,0.0,0.0,150.0,60.61029663085938,60.61029663085938,Leave_One_experiments/all_year_offline_schedule_search/daily_outputs/LCA/LCA_2022_LCA2022_normal_grid_S0010_daily.csv
LCA,LCA,Luancheng,2022,Leave_One_experiments\wth_generated_qc\LCA\LCA2022.WTH,wet_year;nitrogen_stress_year;low_response_year,wet,LCA2022_normal_grid_S0010,low_input_within_10pct_yield,2022-06-20,171,11,6,"{""sim_day"": 11.0, ""doy"": 171.0, ""topwt"": 23.600001335144043, ""grnwt"": 0.0, ""xlai"": 0.0136114712804555, ""totir"": 0.0, ""tofer"": NaN, ""swfac"": 0.0, ""nstres"": 0.0005093812942504}",0.0,0.0005093812942504,23.600001335144043,0.0,0.0136114712804555,0.0,,0.0,0.0,0.0,150.0,60.61029663085938,60.61029663085938,Leave_One_experiments/all_year_offline_schedule_search/daily_outputs/LCA/LCA_2022_LCA2022_normal_grid_S0010_daily.csv
LCA,LCA,Luancheng,2022,Leave_One_experiments\wth_generated_qc\LCA\LCA2022.WTH,wet_year;nitrogen_stress_year;low_response_year,wet,LCA2022_normal_grid_S0010,low_input_within_10pct_yield,2022-06-21,172,12,7,"{""sim_day"": 12.0, ""doy"": 172.0, ""topwt"": 23.600001335144043, ""grnwt"": 0.0, ""xlai"": 0.0399858877062797, ""totir"": 0.0, ""tofer"": NaN, ""swfac"": 0.0, ""nstres"": 0.0}",0.0,0.0,23.600001335144043,0.0,0.0399858877062797,0.0,,0.0,0.0,0.0,150.0,60.61029663085938,60.61029663085938,Leave_One_experiments/all_year_offline_schedule_search/daily_outputs/LCA/LCA_2022_LCA2022_normal_grid_S0010_daily.csv
LCA,LCA,Luancheng,2022,Leave_One_experiments\wth_generated_qc\LCA\LCA2022.WTH,wet_year;nitrogen_stress_year;low_response_year,wet,LCA2022_normal_grid_S0010,low_input_within_10pct_yield,2022-06-22,173,13,8,"{""sim_day"": 13.0, ""doy"": 173.0, ""topwt"": 35.98649263381958, ""grnwt"": 0.0, ""xlai"": 0.0718831121921539, ""totir"": 0.0, ""tofer"": NaN, ""swfac"": 0.0, ""nstres"": 0.0}",0.0,0.0,35.98649263381958,0.0,0.0718831121921539,0.0,,0.0,0.0,0.0,150.0,60.61029663085938,60.61029663085938,Leave_One_experiments/all_year_offline_schedule_search/daily_outputs/LCA/LCA_2022_LCA2022_normal_grid_S0010_daily.csv
LCA,LCA,Luancheng,2022,Leave_One_experiments\wth_generated_qc\LCA\LCA2022.WTH,wet_year;nitrogen_stress_year;low_response_year,wet,LCA2022_normal_grid_S0010,low_input_within_10pct_yield,2022-06-23,174,14,9,"{""sim_day"": 14.0, ""doy"": 174.0, ""topwt"": 53.8280200958252, ""grnwt"": 0.0, ""xlai"": 0.1116313710808754, ""totir"": 0.0, ""tofer"": NaN, ""swfac"": 0.0, ""nstres"": 0.0}",0.0,0.0,53.8280200958252,0.0,0.1116313710808754,0.0,,0.0,0.0,0.0,150.0,60.61029663085938,60.61029663085938,Leave_One_experiments/all_year_offline_schedule_search/daily_outputs/LCA/LCA_2022_LCA2022_normal_grid_S0010_daily.csv
LCA,LCA,Luancheng,2022,Leave_One_experiments\wth_generated_qc\LCA\LCA2022.WTH,wet_year;nitrogen_stress_year;low_response_year,wet,LCA2022_normal_grid_S0010,low_input_within_10pct_yield,2022-06-24,175,15,10,"{""sim_day"": 15.0, ""doy"": 175.0, ""topwt"": 78.1809663772583, ""grnwt"": 0.0, ""xlai"": 0.1605942398309707, ""totir"": 0.0, ""tofer"": NaN, ""swfac"": 0.0, ""nstres"": 0.0}",0.0,0.0,78.1809663772583,0.0,0.1605942398309707,0.0,,0.0,0.0,0.0,150.0,60.61029663085938,60.61029663085938,Leave_One_experiments/all_year_offline_schedule_search/daily_outputs/LCA/LCA_2022_LCA2022_normal_grid_S0010_daily.csv
LCA,LCA,Luancheng,2022,Leave_One_experiments\wth_generated_qc\LCA\LCA2022.WTH,wet_year;nitrogen_stress_year;low_response_year,wet,LCA2022_normal_grid_S0010,low_input_within_10pct_yield,2022-06-25,176,16,11,"{""sim_day"": 16.0, ""doy"": 176.0, ""topwt"": 103.76355171203612, ""grnwt"": 0.0, ""xlai"": 0.2222669124603271, ""totir"": 0.0, ""tofer"": NaN, ""swfac"": 0.0, ""nstres"": 0.0}",0.0,0.0,103.76355171203612,0.0,0.2222669124603271,0.0,,0.0,0.0,0.0,150.0,60.61029663085938,60.61029663085938,Leave_One_experiments/all_year_offline_schedule_search/daily_outputs/LCA/LCA_2022_LCA2022_normal_grid_S0010_daily.csv
LCA,LCA,Luancheng,2022,Leave_One_experiments\wth_generated_qc\LCA\LCA2022.WTH,wet_year;nitrogen_stress_year;low_response_year,wet,LCA2022_normal_grid_S0010,low_input_within_10pct_yield,2022-06-26,177,17,12,"{""sim_day"": 17.0, ""doy"": 177.0, ""topwt"": 141.74663543701172, ""grnwt"": 0.0, ""xlai"": 0.292570412158966, ""totir"": 0.0, ""tofer"": NaN, ""swfac"": 0.0, ""nstres"": 0.0}",0.0,0.0,141.74663543701172,0.0,0.292570412158966,0.0,,0.0,0.0,0.0,150.0,60.61029663085938,60.61029663085938,Leave_One_experiments/all_year_offline_schedule_search/daily_outputs/LCA/LCA_2022_LCA2022_normal_grid_S0010_daily.csv
LCA,LCA,Luancheng,2022,Leave_One_experiments\wth_generated_qc\LCA\LCA2022.WTH,wet_year;nitrogen_stress_year;low_response_year,wet,LCA2022_normal_grid_S0010,low_input_within_10pct_yield,2022-06-27,178,18,13,"{""sim_day"": 18.0, ""doy"": 178.0, ""topwt"": 181.54766082763672, ""grnwt"": 0.0, ""xlai"": 0.3617087006568908, ""totir"": 0.0, ""tofer"": NaN, ""swfac"": 0.0, ""nstres"": 0.0}",0.0,0.0,181.54766082763672,0.0,0.3617087006568908,0.0,,0.0,0.0,0.0,150.0,60.61029663085938,60.61029663085938,Leave_One_experiments/all_year_offline_schedule_search/daily_outputs/LCA/LCA_2022_LCA2022_normal_grid_S0010_daily.csv
LCA,LCA,Luancheng,2022,Leave_One_experiments\wth_generated_qc\LCA\LCA2022.WTH,wet_year;nitrogen_stress_year;low_response_year,wet,LCA2022_normal_grid_S0010,low_input_within_10pct_yield,2022-06-28,179,19,14,"{""sim_day"": 19.0, ""doy"": 179.0, ""topwt"": 230.1104736328125, ""grnwt"": 0.0, ""xlai"": 0.4416097402572632, ""totir"": 0.0, ""tofer"": NaN, ""swfac"": 0.0, ""nstres"": 0.0082097649574279}",0.0,0.0082097649574279,230.1104736328125,0.0,0.4416097402572632,0.0,,0.0,0.0,0.0,150.0,60.61029663085938,60.61029663085938,Leave_One_experiments/all_year_offline_schedule_search/daily_outputs/LCA/LCA_2022_LCA2022_normal_grid_S0010_daily.csv
LCA,LCA,Luancheng,2022,Leave_One_experiments\wth_generated_qc\LCA\LCA2022.WTH,wet_year;nitrogen_stress_year;low_response_year,wet,LCA2022_normal_grid_S0010,low_input_within_10pct_yield,2022-06-29,180,20,15,"{""sim_day"": 20.0, ""doy"": 180.0, ""topwt"": 291.5273857116699, ""grnwt"": 0.0, ""xlai"": 0.5375139117240906, ""totir"": 0.0, ""tofer"": NaN, ""swfac"": 0.0, ""nstres"": 0.0}",0.0,0.0,291.5273857116699,0.0,0.5375139117240906,0.0,,0.0,0.0,0.0,150.0,60.61029663085938,60.61029663085938,Leave_One_experiments/all_year_offline_schedule_search/daily_outputs/LCA/LCA_2022_LCA2022_normal_grid_S0010_daily.csv
LCA,LCA,Luancheng,2022,Leave_One_experiments\wth_generated_qc\LCA\LCA2022.WTH,wet_year;nitrogen_stress_year;low_response_year,wet,LCA2022_normal_grid_S0010,low_input_within_10pct_yield,2022-06-30,181,21,16,"{""sim_day"": 21.0, ""doy"": 181.0, ""topwt"": 366.64283752441406, ""grnwt"": 0.0, ""xlai"": 0.6489638686180115, ""totir"": 0.0, ""tofer"": NaN, ""swfac"": 0.0, ""nstres"": 0.0}",0.0,0.0,366.64283752441406,0.0,0.6489638686180115,0.0,,0.0,0.0,0.0,150.0,60.61029663085938,60.61029663085938,Leave_One_experiments/all_year_offline_schedule_search/daily_outputs/LCA/LCA_2022_LCA2022_normal_grid_S0010_daily.csv
LCA,LCA,Luancheng,2022,Leave_One_experiments\wth_generated_qc\LCA\LCA2022.WTH,wet_year;nitrogen_stress_year;low_response_year,wet,LCA2022_normal_grid_S0010,low_input_within_10pct_yield,2022-07-01,182,22,17,"{""sim_day"": 22.0, ""doy"": 182.0, ""topwt"": 457.8712463378906, ""grnwt"": 0.0, ""xlai"": 0.7778016328811646, ""totir"": 0.0, ""tofer"": NaN, ""swfac"": 0.0, ""nstres"": 0.0}",0.0,0.0,457.8712463378906,0.0,0.7778016328811646,0.0,,0.0,0.0,0.0,150.0,60.61029663085938,60.61029663085938,Leave_One_experiments/all_year_offline_schedule_search/daily_outputs/LCA/LCA_2022_LCA2022_normal_grid_S0010_daily.csv
LCA,LCA,Luancheng,2022,Leave_One_experiments\wth_generated_qc\LCA\LCA2022.WTH,wet_year;nitrogen_stress_year;low_response_year,wet,LCA2022_normal_grid_S0010,low_input_within_10pct_yield,2022-07-02,183,23,18,"{""sim_day"": 23.0, ""doy"": 183.0, ""topwt"": 517.2468185424805, ""grnwt"": 0.0, ""xlai"": 0.8581951856613159, ""totir"": 0.0, ""tofer"": NaN, ""swfac"": 0.0, ""nstres"": 0.0}",0.0,0.0,517.2468185424805,0.0,0.8581951856613159,0.0,,0.0,0.0,0.0,150.0,60.61029663085938,60.61029663085938,Leave_One_experiments/all_year_offline_schedule_search/daily_outputs/LCA/LCA_2022_LCA2022_normal_grid_S0010_daily.csv
LCA,LCA,Luancheng,2022,Leave_One_experiments\wth_generated_qc\LCA\LCA2022.WTH,wet_year;nitrogen_stress_year;low_response_year,wet,LCA2022_normal_grid_S0010,low_input_within_10pct_yield,2022-07-03,184,24,19,"{""sim_day"": 24.0, ""doy"": 184.0, ""topwt"": 636.8624114990234, ""grnwt"": 0.0, ""xlai"": 1.0140113830566406, ""totir"": 0.0, ""tofer"": NaN, ""swfac"": 0.0, ""nstres"": 0.0}",0.0,0.0,636.8624114990234,0.0,1.0140113830566406,0.0,,0.0,0.0,0.0,150.0,60.61029663085938,60.61029663085938,Leave_One_experiments/all_year_offline_schedule_search/daily_outputs/LCA/LCA_2022_LCA2022_normal_grid_S0010_daily.csv
LCA,LCA,Luancheng,2022,Leave_One_experiments\wth_generated_qc\LCA\LCA2022.WTH,wet_year;nitrogen_stress_year;low_response_year,wet,LCA2022_normal_grid_S0010,low_input_within_10pct_yield,2022-07-04,185,25,20,"{""sim_day"": 25.0, ""doy"": 185.0, ""topwt"": 749.9064636230469, ""grnwt"": 0.0, ""xlai"": 1.1586086750030518, ""totir"": 0.0, ""tofer"": NaN, ""swfac"": 0.0, ""nstres"": 0.0}",0.0,0.0,749.9064636230469,0.0,1.1586086750030518,0.0,,0.0,0.0,0.0,150.0,60.61029663085938,60.61029663085938,Leave_One_experiments/all_year_offline_schedule_search/daily_outputs/LCA/LCA_2022_LCA2022_normal_grid_S0010_daily.csv
LCA,LCA,Luancheng,2022,Leave_One_experiments\wth_generated_qc\LCA\LCA2022.WTH,wet_year;nitrogen_stress_year;low_response_year,wet,LCA2022_normal_grid_S0010,low_input_within_10pct_yield,2022-07-05,186,26,21,"{""sim_day"": 26.0, ""doy"": 186.0, ""topwt"": 908.0531311035156, ""grnwt"": 0.0, ""xlai"": 1.3485747575759888, ""totir"": 0.0, ""tofer"": NaN, ""swfac"": 0.0, ""nstres"": 0.0}",0.0,0.0,908.0531311035156,0.0,1.3485747575759888,0.0,,0.0,0.0,0.0,150.0,60.61029663085938,60.61029663085938,Leave_One_experiments/all_year_offline_schedule_search/daily_outputs/LCA/LCA_2022_LCA2022_normal_grid_S0010_daily.csv
LCA,LCA,Luancheng,2022,Leave_One_experiments\wth_generated_qc\LCA\LCA2022.WTH,wet_year;nitrogen_stress_year;low_response_year,wet,LCA2022_normal_grid_S0010,low_input_within_10pct_yield,2022-07-06,187,27,22,"{""sim_day"": 27.0, ""doy"": 187.0, ""topwt"": 1086.885223388672, ""grnwt"": 0.0, ""xlai"": 1.5475680828094482, ""totir"": 0.0, ""tofer"": NaN, ""swfac"": 0.0, ""nstres"": 0.0}",0.0,0.0,1086.885223388672,0.0,1.5475680828094482,0.0,,0.0,0.0,0.0,150.0,60.61029663085938,60.61029663085938,Leave_One_experiments/all_year_offline_schedule_search/daily_outputs/LCA/LCA_2022_LCA2022_normal_grid_S0010_daily.csv
LCA,LCA,Luancheng,2022,Leave_One_experiments\wth_generated_qc\LCA\LCA2022.WTH,wet_year;nitrogen_stress_year;low_response_year,wet,LCA2022_normal_grid_S0010,low_input_within_10pct_yield,2022-07-07,188,28,23,"{""sim_day"": 28.0, ""doy"": 188.0, ""topwt"": 1297.2903442382812, ""grnwt"": 0.0, ""xlai"": 1.762454867362976, ""totir"": 0.0, ""tofer"": NaN, ""swfac"": 0.0, ""nstres"": 0.0}",0.0,0.0,1297.2903442382812,0.0,1.762454867362976,0.0,,0.0,0.0,0.0,150.0,60.61029663085938,60.61029663085938,Leave_One_experiments/all_year_offline_schedule_search/daily_outputs/LCA/LCA_2022_LCA2022_normal_grid_S0010_daily.csv
LCA,LCA,Luancheng,2022,Leave_One_experiments\wth_generated_qc\LCA\LCA2022.WTH,wet_year;nitrogen_stress_year;low_response_year,wet,LCA2022_normal_grid_S0010,low_input_within_10pct_yield,2022-07-08,189,29,24,"{""sim_day"": 29.0, ""doy"": 189.0, ""topwt"": 1529.7804260253906, ""grnwt"": 0.0, ""xlai"": 1.9789471626281736, ""totir"": 0.0, ""tofer"": NaN, ""swfac"": 0.0, ""nstres"": 0.0}",0.0,0.0,1529.7804260253906,0.0,1.9789471626281736,0.0,,0.0,0.0,0.0,150.0,60.61029663085938,60.61029663085938,Leave_One_experiments/all_year_offline_schedule_search/daily_outputs/LCA/LCA_2022_LCA2022_normal_grid_S0010_daily.csv
LCA,LCA,Luancheng,2022,Leave_One_experiments\wth_generated_qc\LCA\LCA2022.WTH,wet_year;nitrogen_stress_year;low_response_year,wet,LCA2022_normal_grid_S0010,low_input_within_10pct_yield,2022-07-09,190,30,25,"{""sim_day"": 30.0, ""doy"": 190.0, ""topwt"": 1664.4467163085938, ""grnwt"": 0.0, ""xlai"": 2.095648288726806, ""totir"": 0.0, ""tofer"": NaN, ""swfac"": 0.0, ""nstres"": 0.0}",0.0,0.0,1664.4467163085938,0.0,2.095648288726806,0.0,,0.0,0.0,0.0,150.0,60.61029663085938,60.61029663085938,Leave_One_experiments/all_year_offline_schedule_search/daily_outputs/LCA/LCA_2022_LCA2022_normal_grid_S0010_daily.csv
LCA,LCA,Luancheng,2022,Leave_One_experiments\wth_generated_qc\LCA\LCA2022.WTH,wet_year;nitrogen_stress_year;low_response_year,wet,LCA2022_normal_grid_S0010,low_input_within_10pct_yield,2022-07-10,191,31,26,"{""sim_day"": 31.0, ""doy"": 191.0, ""topwt"": 1771.341552734375, ""grnwt"": 0.0, ""xlai"": 2.1828320026397705, ""totir"": 0.0, ""tofer"": NaN, ""swfac"": 0.0, ""nstres"": 0.0}",0.0,0.0,1771.341552734375,0.0,2.1828320026397705,0.0,,0.0,0.0,0.0,150.0,60.61029663085938,60.61029663085938,Leave_One_experiments/all_year_offline_schedule_search/daily_outputs/LCA/LCA_2022_LCA2022_normal_grid_S0010_daily.csv
LCA,LCA,Luancheng,2022,Leave_One_experiments\wth_generated_qc\LCA\LCA2022.WTH,wet_year;nitrogen_stress_year;low_response_year,wet,LCA2022_normal_grid_S0010,low_input_within_10pct_yield,2022-07-11,192,32,27,"{""sim_day"": 32.0, ""doy"": 192.0, ""topwt"": 1899.829559326172, ""grnwt"": 0.0, ""xlai"": 2.2810592651367188, ""totir"": 0.0, ""tofer"": NaN, ""swfac"": 0.0, ""nstres"": 0.0}",0.0,0.0,1899.829559326172,0.0,2.2810592651367188,0.0,,0.0,0.0,0.0,150.0,60.61029663085938,60.61029663085938,Leave_One_experiments/all_year_offline_schedule_search/daily_outputs/LCA/LCA_2022_LCA2022_normal_grid_S0010_daily.csv
LCA,LCA,Luancheng,2022,Leave_One_experiments\wth_generated_qc\LCA\LCA2022.WTH,wet_year;nitrogen_stress_year;low_response_year,wet,LCA2022_normal_grid_S0010,low_input_within_10pct_yield,2022-07-12,193,33,28,"{""sim_day"": 33.0, ""doy"": 193.0, ""topwt"": 2157.223052978516, ""grnwt"": 0.0, ""xlai"": 2.459782838821411, ""totir"": 0.0, ""tofer"": NaN, ""swfac"": 0.0, ""nstres"": 0.0070888996124267}",0.0,0.0070888996124267,2157.223052978516,0.0,2.459782838821411,0.0,,0.0,0.0,0.0,150.0,60.61029663085938,60.61029663085938,Leave_One_experiments/all_year_offline_schedule_search/daily_outputs/LCA/LCA_2022_LCA2022_normal_grid_S0010_daily.csv
LCA,LCA,Luancheng,2022,Leave_One_experiments\wth_generated_qc\LCA\LCA2022.WTH,wet_year;nitrogen_stress_year;low_response_year,wet,LCA2022_normal_grid_S0010,low_input_within_10pct_yield,2022-07-13,194,34,29,"{""sim_day"": 34.0, ""doy"": 194.0, ""topwt"": 2455.5796813964844, ""grnwt"": 0.0, ""xlai"": 2.641958236694336, ""totir"": 0.0, ""tofer"": NaN, ""swfac"": 0.0, ""nstres"": 0.0255613327026367}",0.0,0.0255613327026367,2455.5796813964844,0.0,2.641958236694336,0.0,,0.0,0.0,0.0,150.0,60.61029663085938,60.61029663085938,Leave_One_experiments/all_year_offline_schedule_search/daily_outputs/LCA/LCA_2022_LCA2022_normal_grid_S0010_daily.csv
LCA,LCA,Luancheng,2022,Leave_One_experiments\wth_generated_qc\LCA\LCA2022.WTH,wet_year;nitrogen_stress_year;low_response_year,wet,LCA2022_normal_grid_S0010,low_input_within_10pct_yield,2022-07-14,195,35,30,"{""sim_day"": 35.0, ""doy"": 195.0, ""topwt"": 2764.1827392578125, ""grnwt"": 0.0, ""xlai"": 2.7970759868621826, ""totir"": 0.0, ""tofer"": NaN, ""swfac"": 0.0, ""nstres"": 0.0663800835609436}",0.0,0.0663800835609436,2764.1827392578125,0.0,2.7970759868621826,0.0,,0.0,50.0,0.0,150.0,60.61029663085938,60.61029663085938,Leave_One_experiments/all_year_offline_schedule_search/daily_outputs/LCA/LCA_2022_LCA2022_normal_grid_S0010_daily.csv
LCA,LCA,Luancheng,2022,Leave_One_experiments\wth_generated_qc\LCA\LCA2022.WTH,wet_year;nitrogen_stress_year;low_response_year,wet,LCA2022_normal_grid_S0010,low_input_within_10pct_yield,2022-07-15,196,36,31,"{""sim_day"": 36.0, ""doy"": 196.0, ""topwt"": 2883.402099609375, ""grnwt"": 0.0, ""xlai"": 2.8604347705841064, ""totir"": 0.0, ""tofer"": NaN, ""swfac"": 0.0, ""nstres"": 0.0}",0.0,0.0,2883.402099609375,0.0,2.8604347705841064,0.0,,0.0,0.0,0.0,150.0,60.61029663085938,60.61029663085938,Leave_One_experiments/all_year_offline_schedule_search/daily_outputs/LCA/LCA_2022_LCA2022_normal_grid_S0010_daily.csv
LCA,LCA,Luancheng,2022,Leave_One_experiments\wth_generated_qc\LCA\LCA2022.WTH,wet_year;nitrogen_stress_year;low_response_year,wet,LCA2022_normal_grid_S0010,low_input_within_10pct_yield,2022-07-16,197,37,32,"{""sim_day"": 37.0, ""doy"": 197.0, ""topwt"": 3297.420959472656, ""grnwt"": 0.0, ""xlai"": 3.062034845352173, ""totir"": 0.0, ""tofer"": NaN, ""swfac"": 0.0, ""nstres"": 0.0}",0.0,0.0,3297.420959472656,0.0,3.062034845352173,0.0,,0.0,0.0,0.0,150.0,60.61029663085938,60.61029663085938,Leave_One_experiments/all_year_offline_schedule_search/daily_outputs/LCA/LCA_2022_LCA2022_normal_grid_S0010_daily.csv
LCA,LCA,Luancheng,2022,Leave_One_experiments\wth_generated_qc\LCA\LCA2022.WTH,wet_year;nitrogen_stress_year;low_response_year,wet,LCA2022_normal_grid_S0010,low_input_within_10pct_yield,2022-07-17,198,38,33,"{""sim_day"": 38.0, ""doy"": 198.0, ""topwt"": 3713.793640136719, ""grnwt"": 0.0, ""xlai"": 3.2466444969177246, ""totir"": 0.0, ""tofer"": NaN, ""swfac"": 0.0, ""nstres"": 0.0}",0.0,0.0,3713.793640136719,0.0,3.2466444969177246,0.0,,0.0,0.0,0.0,150.0,60.61029663085938,60.61029663085938,Leave_One_experiments/all_year_offline_schedule_search/daily_outputs/LCA/LCA_2022_LCA2022_normal_grid_S0010_daily.csv
LCA,LCA,Luancheng,2022,Leave_One_experiments\wth_generated_qc\LCA\LCA2022.WTH,wet_year;nitrogen_stress_year;low_response_year,wet,LCA2022_normal_grid_S0010,low_input_within_10pct_yield,2022-07-18,199,39,34,"{""sim_day"": 39.0, ""doy"": 199.0, ""topwt"": 3918.091125488281, ""grnwt"": 0.0, ""xlai"": 3.330038547515869, ""totir"": 0.0, ""tofer"": NaN, ""swfac"": 0.0, ""nstres"": 0.0}",0.0,0.0,3918.091125488281,0.0,3.330038547515869,0.0,,0.0,0.0,0.0,150.0,60.61029663085938,60.61029663085938,Leave_One_experiments/all_year_offline_schedule_search/daily_outputs/LCA/LCA_2022_LCA2022_normal_grid_S0010_daily.csv
LCA,LCA,Luancheng,2022,Leave_One_experiments\wth_generated_qc\LCA\LCA2022.WTH,wet_year;nitrogen_stress_year;low_response_year,wet,LCA2022_normal_grid_S0010,low_input_within_10pct_yield,2022-07-19,200,40,35,"{""sim_day"": 40.0, ""doy"": 200.0, ""topwt"": 4411.993103027344, ""grnwt"": 0.0, ""xlai"": 3.6085379123687744, ""totir"": 0.0, ""tofer"": NaN, ""swfac"": 0.0, ""nstres"": 0.0}",0.0,0.0,4411.993103027344,0.0,3.6085379123687744,0.0,,0.0,0.0,0.0,150.0,60.61029663085938,60.61029663085938,Leave_One_experiments/all_year_offline_schedule_search/daily_outputs/LCA/LCA_2022_LCA2022_normal_grid_S0010_daily.csv
LCA,LCA,Luancheng,2022,Leave_One_experiments\wth_generated_qc\LCA\LCA2022.WTH,wet_year;nitrogen_stress_year;low_response_year,wet,LCA2022_normal_grid_S0010,low_input_within_10pct_yield,2022-07-20,201,41,36,"{""sim_day"": 41.0, ""doy"": 201.0, ""topwt"": 4892.108459472656, ""grnwt"": 0.0, ""xlai"": 3.806819915771485, ""totir"": 0.0, ""tofer"": NaN, ""swfac"": 0.0, ""nstres"": 0.0}",0.0,0.0,4892.108459472656,0.0,3.806819915771485,0.0,,0.0,0.0,0.0,150.0,60.61029663085938,60.61029663085938,Leave_One_experiments/all_year_offline_schedule_search/daily_outputs/LCA/LCA_2022_LCA2022_normal_grid_S0010_daily.csv
LCA,LCA,Luancheng,2022,Leave_One_experiments\wth_generated_qc\LCA\LCA2022.WTH,wet_year;nitrogen_stress_year;low_response_year,wet,LCA2022_normal_grid_S0010,low_input_within_10pct_yield,2022-07-21,202,42,37,"{""sim_day"": 42.0, ""doy"": 202.0, ""topwt"": 5023.518981933594, ""grnwt"": 0.0, ""xlai"": 3.8364436626434326, ""totir"": 0.0, ""tofer"": NaN, ""swfac"": 0.0, ""nstres"": 0.0349348783493042}",0.0,0.0349348783493042,5023.518981933594,0.0,3.8364436626434326,0.0,,0.0,0.0,0.0,150.0,60.61029663085938,60.61029663085938,Leave_One_experiments/all_year_offline_schedule_search/daily_outputs/LCA/LCA_2022_LCA2022_normal_grid_S0010_daily.csv
LCA,LCA,Luancheng,2022,Leave_One_experiments\wth_generated_qc\LCA\LCA2022.WTH,wet_year;nitrogen_stress_year;low_response_year,wet,LCA2022_normal_grid_S0010,low_input_within_10pct_yield,2022-07-22,203,43,38,"{""sim_day"": 43.0, ""doy"": 203.0, ""topwt"": 5379.984130859375, ""grnwt"": 0.0, ""xlai"": 3.9157261848449703, ""totir"": 0.0, ""tofer"": NaN, ""swfac"": 0.0, ""nstres"": 0.0680490136146545}",0.0,0.0680490136146545,5379.984130859375,0.0,3.9157261848449703,0.0,,0.0,0.0,0.0,150.0,60.61029663085938,60.61029663085938,Leave_One_experiments/all_year_offline_schedule_search/daily_outputs/LCA/LCA_2022_LCA2022_normal_grid_S0010_daily.csv
LCA,LCA,Luancheng,2022,Leave_One_experiments\wth_generated_qc\LCA\LCA2022.WTH,wet_year;nitrogen_stress_year;low_response_year,wet,LCA2022_normal_grid_S0010,low_input_within_10pct_yield,2022-07-23,204,44,39,"{""sim_day"": 44.0, ""doy"": 204.0, ""topwt"": 5739.8175048828125, ""grnwt"": 0.0, ""xlai"": 3.985661268234253, ""totir"": 0.0, ""tofer"": NaN, ""swfac"": 0.0, ""nstres"": 0.0673979520797729}",0.0,0.0673979520797729,5739.8175048828125,0.0,3.985661268234253,0.0,,0.0,0.0,0.0,150.0,60.61029663085938,60.61029663085938,Leave_One_experiments/all_year_offline_schedule_search/daily_outputs/LCA/LCA_2022_LCA2022_normal_grid_S0010_daily.csv
LCA,LCA,Luancheng,2022,Leave_One_experiments\wth_generated_qc\LCA\LCA2022.WTH,wet_year;nitrogen_stress_year;low_response_year,wet,LCA2022_normal_grid_S0010,low_input_within_10pct_yield,2022-07-24,205,45,40,"{""sim_day"": 45.0, ""doy"": 205.0, ""topwt"": 5952.96630859375, ""grnwt"": 0.0, ""xlai"": 4.002154350280762, ""totir"": 0.0, ""tofer"": NaN, ""swfac"": 0.0, ""nstres"": 0.0802030563354492}",0.0,0.0802030563354492,5952.96630859375,0.0,4.002154350280762,0.0,,0.0,0.0,0.0,150.0,60.61029663085938,60.61029663085938,Leave_One_experiments/all_year_offline_schedule_search/daily_outputs/LCA/LCA_2022_LCA2022_normal_grid_S0010_daily.csv
LCA,LCA,Luancheng,2022,Leave_One_experiments\wth_generated_qc\LCA\LCA2022.WTH,wet_year;nitrogen_stress_year;low_response_year,wet,LCA2022_normal_grid_S0010,low_input_within_10pct_yield,2022-07-25,206,46,41,"{""sim_day"": 46.0, ""doy"": 206.0, ""topwt"": 6237.8021240234375, ""grnwt"": 0.0, ""xlai"": 4.028614521026611, ""totir"": 0.0, ""tofer"": NaN, ""swfac"": 0.0, ""nstres"": 0.089429497718811}",0.0,0.089429497718811,6237.8021240234375,0.0,4.028614521026611,0.0,,0.0,0.0,0.0,150.0,60.61029663085938,60.61029663085938,Leave_One_experiments/all_year_offline_schedule_search/daily_outputs/LCA/LCA_2022_LCA2022_normal_grid_S0010_daily.csv
LCA,LCA,Luancheng,2022,Leave_One_experiments\wth_generated_qc\LCA\LCA2022.WTH,wet_year;nitrogen_stress_year;low_response_year,wet,LCA2022_normal_grid_S0010,low_input_within_10pct_yield,2022-07-26,207,47,42,"{""sim_day"": 47.0, ""doy"": 207.0, ""topwt"": 6425.313720703125, ""grnwt"": 0.0, ""xlai"": 4.026156902313232, ""totir"": 0.0, ""tofer"": NaN, ""swfac"": 0.0, ""nstres"": 0.0927180051803588}",0.0,0.0927180051803588,6425.313720703125,0.0,4.026156902313232,0.0,,0.0,0.0,0.0,150.0,60.61029663085938,60.61029663085938,Leave_One_experiments/all_year_offline_schedule_search/daily_outputs/LCA/LCA_2022_LCA2022_normal_grid_S0010_daily.csv
LCA,LCA,Luancheng,2022,Leave_One_experiments\wth_generated_qc\LCA\LCA2022.WTH,wet_year;nitrogen_stress_year;low_response_year,wet,LCA2022_normal_grid_S0010,low_input_within_10pct_yield,2022-07-27,208,48,43,"{""sim_day"": 48.0, ""doy"": 208.0, ""topwt"": 6688.310546875, ""grnwt"": 0.0, ""xlai"": 4.03935432434082, ""totir"": 0.0, ""tofer"": NaN, ""swfac"": 0.0, ""nstres"": 0.0972180366516113}",0.0,0.0972180366516113,6688.310546875,0.0,4.03935432434082,0.0,,0.0,0.0,0.0,150.0,60.61029663085938,60.61029663085938,Leave_One_experiments/all_year_offline_schedule_search/daily_outputs/LCA/LCA_2022_LCA2022_normal_grid_S0010_daily.csv
LCA,LCA,Luancheng,2022,Leave_One_experiments\wth_generated_qc\LCA\LCA2022.WTH,wet_year;nitrogen_stress_year;low_response_year,wet,LCA2022_normal_grid_S0010,low_input_within_10pct_yield,2022-07-28,209,49,44,"{""sim_day"": 49.0, ""doy"": 209.0, ""topwt"": 6970.61279296875, ""grnwt"": 0.0, ""xlai"": 4.056658744812012, ""totir"": 0.0, ""tofer"": NaN, ""swfac"": 0.0, ""nstres"": 0.0977119207382202}",0.0,0.0977119207382202,6970.61279296875,0.0,4.056658744812012,0.0,,0.0,0.0,0.0,150.0,60.61029663085938,60.61029663085938,Leave_One_experiments/all_year_offline_schedule_search/daily_outputs/LCA/LCA_2022_LCA2022_normal_grid_S0010_daily.csv
LCA,LCA,Luancheng,2022,Leave_One_experiments\wth_generated_qc\LCA\LCA2022.WTH,wet_year;nitrogen_stress_year;low_response_year,wet,LCA2022_normal_grid_S0010,low_input_within_10pct_yield,2022-07-29,210,50,45,"{""sim_day"": 50.0, ""doy"": 210.0, ""topwt"": 7270.8056640625, ""grnwt"": 0.0, ""xlai"": 4.078346252441406, ""totir"": 0.0, ""tofer"": NaN, ""swfac"": 0.0, ""nstres"": 0.0968937873840332}",0.0,0.0968937873840332,7270.8056640625,0.0,4.078346252441406,0.0,,0.0,0.0,0.0,150.0,60.61029663085938,60.61029663085938,Leave_One_experiments/all_year_offline_schedule_search/daily_outputs/LCA/LCA_2022_LCA2022_normal_grid_S0010_daily.csv
LCA,LCA,Luancheng,2022,Leave_One_experiments\wth_generated_qc\LCA\LCA2022.WTH,wet_year;nitrogen_stress_year;low_response_year,wet,LCA2022_normal_grid_S0010,low_input_within_10pct_yield,2022-07-30,211,51,46,"{""sim_day"": 51.0, ""doy"": 211.0, ""topwt"": 7600.341186523437, ""grnwt"": 0.0, ""xlai"": 4.108641624450684, ""totir"": 0.0, ""tofer"": NaN, ""swfac"": 0.0, ""nstres"": 0.0930482149124145}",0.0,0.0930482149124145,7600.341186523437,0.0,4.108641624450684,0.0,,0.0,0.0,0.0,150.0,60.61029663085938,60.61029663085938,Leave_One_experiments/all_year_offline_schedule_search/daily_outputs/LCA/LCA_2022_LCA2022_normal_grid_S0010_daily.csv
LCA,LCA,Luancheng,2022,Leave_One_experiments\wth_generated_qc\LCA\LCA2022.WTH,wet_year;nitrogen_stress_year;low_response_year,wet,LCA2022_normal_grid_S0010,low_input_within_10pct_yield,2022-07-31,212,52,47,"{""sim_day"": 52.0, ""doy"": 212.0, ""topwt"": 7953.1878662109375, ""grnwt"": 0.0, ""xlai"": 4.059432506561279, ""totir"": 0.0, ""tofer"": NaN, ""swfac"": 0.0, ""nstres"": 0.0958161354064941}",0.0,0.0958161354064941,7953.1878662109375,0.0,4.059432506561279,0.0,,0.0,0.0,0.0,150.0,60.61029663085938,60.61029663085938,Leave_One_experiments/all_year_offline_schedule_search/daily_outputs/LCA/LCA_2022_LCA2022_normal_grid_S0010_daily.csv
LCA,LCA,Luancheng,2022,Leave_One_experiments\wth_generated_qc\LCA\LCA2022.WTH,wet_year;nitrogen_stress_year;low_response_year,wet,LCA2022_normal_grid_S0010,low_input_within_10pct_yield,2022-08-01,213,53,48,"{""sim_day"": 53.0, ""doy"": 213.0, ""topwt"": 8313.949584960938, ""grnwt"": 0.0, ""xlai"": 4.012028694152832, ""totir"": 0.0, ""tofer"": NaN, ""swfac"": 0.0, ""nstres"": 0.0934183597564697}",0.0,0.0934183597564697,8313.949584960938,0.0,4.012028694152832,0.0,,0.0,0.0,0.0,150.0,60.61029663085938,60.61029663085938,Leave_One_experiments/all_year_offline_schedule_search/daily_outputs/LCA/LCA_2022_LCA2022_normal_grid_S0010_daily.csv
LCA,LCA,Luancheng,2022,Leave_One_experiments\wth_generated_qc\LCA\LCA2022.WTH,wet_year;nitrogen_stress_year;low_response_year,wet,LCA2022_normal_grid_S0010,low_input_within_10pct_yield,2022-08-02,214,54,49,"{""sim_day"": 54.0, ""doy"": 214.0, ""topwt"": 8671.458740234375, ""grnwt"": 0.0, ""xlai"": 3.9670779705047607, ""totir"": 0.0, ""tofer"": NaN, ""swfac"": 0.0, ""nstres"": 0.0896316766738891}",0.0,0.0896316766738891,8671.458740234375,0.0,3.9670779705047607,0.0,,0.0,0.0,0.0,150.0,60.61029663085938,60.61029663085938,Leave_One_experiments/all_year_offline_schedule_search/daily_outputs/LCA/LCA_2022_LCA2022_normal_grid_S0010_daily.csv
LCA,LCA,Luancheng,2022,Leave_One_experiments\wth_generated_qc\LCA\LCA2022.WTH,wet_year;nitrogen_stress_year;low_response_year,wet,LCA2022_normal_grid_S0010,low_input_within_10pct_yield,2022-08-03,215,55,50,"{""sim_day"": 55.0, ""doy"": 215.0, ""topwt"": 9023.052368164062, ""grnwt"": 0.0, ""xlai"": 3.9254674911499023, ""totir"": 0.0, ""tofer"": NaN, ""swfac"": 0.0, ""nstres"": 0.0839118957519531}",0.0,0.0839118957519531,9023.052368164062,0.0,3.9254674911499023,0.0,,0.0,0.0,0.0,150.0,60.61029663085938,60.61029663085938,Leave_One_experiments/all_year_offline_schedule_search/daily_outputs/LCA/LCA_2022_LCA2022_normal_grid_S0010_daily.csv
LCA,LCA,Luancheng,2022,Leave_One_experiments\wth_generated_qc\LCA\LCA2022.WTH,wet_year;nitrogen_stress_year;low_response_year,wet,LCA2022_normal_grid_S0010,low_input_within_10pct_yield,2022-08-04,216,56,51,"{""sim_day"": 56.0, ""doy"": 216.0, ""topwt"": 9342.05810546875, ""grnwt"": 0.0, ""xlai"": 3.8878350257873535, ""totir"": 0.0, ""tofer"": NaN, ""swfac"": 0.0, ""nstres"": 0.0766934156417846}",0.0,0.0766934156417846,9342.05810546875,0.0,3.8878350257873535,0.0,,0.0,0.0,0.0,150.0,60.61029663085938,60.61029663085938,Leave_One_experiments/all_year_offline_schedule_search/daily_outputs/LCA/LCA_2022_LCA2022_normal_grid_S0010_daily.csv
LCA,LCA,Luancheng,2022,Leave_One_experiments\wth_generated_qc\LCA\LCA2022.WTH,wet_year;nitrogen_stress_year;low_response_year,wet,LCA2022_normal_grid_S0010,low_input_within_10pct_yield,2022-08-05,217,57,52,"{""sim_day"": 57.0, ""doy"": 217.0, ""topwt"": 9664.963989257812, ""grnwt"": 0.0, ""xlai"": 3.854892015457153, ""totir"": 0.0, ""tofer"": NaN, ""swfac"": 0.0, ""nstres"": 0.0677870512008667}",0.0,0.0677870512008667,9664.963989257812,0.0,3.854892015457153,0.0,,0.0,0.0,0.0,150.0,60.61029663085938,60.61029663085938,Leave_One_experiments/all_year_offline_schedule_search/daily_outputs/LCA/LCA_2022_LCA2022_normal_grid_S0010_daily.csv
LCA,LCA,Luancheng,2022,Leave_One_experiments\wth_generated_qc\LCA\LCA2022.WTH,wet_year;nitrogen_stress_year;low_response_year,wet,LCA2022_normal_grid_S0010,low_input_within_10pct_yield,2022-08-06,218,58,53,"{""sim_day"": 58.0, ""doy"": 218.0, ""topwt"": 9761.466064453123, ""grnwt"": 0.0, ""xlai"": 3.826960563659668, ""totir"": 0.0, ""tofer"": NaN, ""swfac"": 0.0, ""nstres"": 0.0579662919044494}",0.0,0.0579662919044494,9761.466064453123,0.0,3.826960563659668,0.0,,0.0,0.0,0.0,150.0,60.61029663085938,60.61029663085938,Leave_One_experiments/all_year_offline_schedule_search/daily_outputs/LCA/LCA_2022_LCA2022_normal_grid_S0010_daily.csv
LCA,LCA,Luancheng,2022,Leave_One_experiments\wth_generated_qc\LCA\LCA2022.WTH,wet_year;nitrogen_stress_year;low_response_year,wet,LCA2022_normal_grid_S0010,low_input_within_10pct_yield,2022-08-07,219,59,54,"{""sim_day"": 59.0, ""doy"": 219.0, ""topwt"": 9738.521728515623, ""grnwt"": 0.0, ""xlai"": 3.803541660308838, ""totir"": 0.0, ""tofer"": NaN, ""swfac"": 0.0, ""nstres"": 0.0489550828933715}",0.0,0.0489550828933715,9738.521728515623,0.0,3.803541660308838,0.0,,0.0,0.0,0.0,150.0,60.61029663085938,60.61029663085938,Leave_One_experiments/all_year_offline_schedule_search/daily_outputs/LCA/LCA_2022_LCA2022_normal_grid_S0010_daily.csv
LCA,LCA,Luancheng,2022,Leave_One_experiments\wth_generated_qc\LCA\LCA2022.WTH,wet_year;nitrogen_stress_year;low_response_year,wet,LCA2022_normal_grid_S0010,low_input_within_10pct_yield,2022-08-08,220,60,55,"{""sim_day"": 60.0, ""doy"": 220.0, ""topwt"": 9796.259765625, ""grnwt"": 329.26990509033203, ""xlai"": 3.785542964935303, ""totir"": 0.0, ""tofer"": NaN, ""swfac"": 0.0, ""nstres"": 0.0378568172454834}",0.0,0.0378568172454834,9796.259765625,329.26990509033203,3.785542964935303,0.0,,0.0,0.0,0.0,150.0,60.61029663085938,60.61029663085938,Leave_One_experiments/all_year_offline_schedule_search/daily_outputs/LCA/LCA_2022_LCA2022_normal_grid_S0010_daily.csv
LCA,LCA,Luancheng,2022,Leave_One_experiments\wth_generated_qc\LCA\LCA2022.WTH,wet_year;nitrogen_stress_year;low_response_year,wet,LCA2022_normal_grid_S0010,low_input_within_10pct_yield,2022-08-09,221,61,56,"{""sim_day"": 61.0, ""doy"": 221.0, ""topwt"": 9947.802734375, ""grnwt"": 658.5398101806641, ""xlai"": 3.7608916759490967, ""totir"": 0.0, ""tofer"": NaN, ""swfac"": 0.0, ""nstres"": 0.0520955324172973}",0.0,0.0520955324172973,9947.802734375,658.5398101806641,3.7608916759490967,0.0,,0.0,0.0,0.0,150.0,60.61029663085938,60.61029663085938,Leave_One_experiments/all_year_offline_schedule_search/daily_outputs/LCA/LCA_2022_LCA2022_normal_grid_S0010_daily.csv
LCA,LCA,Luancheng,2022,Leave_One_experiments\wth_generated_qc\LCA\LCA2022.WTH,wet_year;nitrogen_stress_year;low_response_year,wet,LCA2022_normal_grid_S0010,low_input_within_10pct_yield,2022-08-10,222,62,57,"{""sim_day"": 62.0, ""doy"": 222.0, ""topwt"": 10304.27001953125, ""grnwt"": 987.8097534179688, ""xlai"": 3.740403413772583, ""totir"": 0.0, ""tofer"": NaN, ""swfac"": 0.0, ""nstres"": 0.0435812473297119}",0.0,0.0435812473297119,10304.27001953125,987.8097534179688,3.740403413772583,0.0,,0.0,0.0,0.0,150.0,60.61029663085938,60.61029663085938,Leave_One_experiments/all_year_offline_schedule_search/daily_outputs/LCA/LCA_2022_LCA2022_normal_grid_S0010_daily.csv
LCA,LCA,Luancheng,2022,Leave_One_experiments\wth_generated_qc\LCA\LCA2022.WTH,wet_year;nitrogen_stress_year;low_response_year,wet,LCA2022_normal_grid_S0010,low_input_within_10pct_yield,2022-08-11,223,63,58,"{""sim_day"": 63.0, ""doy"": 223.0, ""topwt"": 10439.715576171877, ""grnwt"": 1317.079620361328, ""xlai"": 3.7202627658844, ""totir"": 0.0, ""tofer"": NaN, ""swfac"": 0.0, ""nstres"": 0.0430770516395568}",0.0,0.0430770516395568,10439.715576171877,1317.079620361328,3.7202627658844,0.0,,0.0,0.0,0.0,150.0,60.61029663085938,60.61029663085938,Leave_One_experiments/all_year_offline_schedule_search/daily_outputs/LCA/LCA_2022_LCA2022_normal_grid_S0010_daily.csv
LCA,LCA,Luancheng,2022,Leave_One_experiments\wth_generated_qc\LCA\LCA2022.WTH,wet_year;nitrogen_stress_year;low_response_year,wet,LCA2022_normal_grid_S0010,low_input_within_10pct_yield,2022-08-12,224,64,59,"{""sim_day"": 64.0, ""doy"": 224.0, ""topwt"": 10563.49609375, ""grnwt"": 1646.3494873046875, ""xlai"": 3.693205356597901, ""totir"": 0.0, ""tofer"": NaN, ""swfac"": 0.0, ""nstres"": 0.0581835508346557}",0.0,0.0581835508346557,10563.49609375,1646.3494873046875,3.693205356597901,0.0,,0.0,0.0,0.0,150.0,60.61029663085938,60.61029663085938,Leave_One_experiments/all_year_offline_schedule_search/daily_outputs/LCA/LCA_2022_LCA2022_normal_grid_S0010_daily.csv
LCA,LCA,Luancheng,2022,Leave_One_experiments\wth_generated_qc\LCA\LCA2022.WTH,wet_year;nitrogen_stress_year;low_response_year,wet,LCA2022_normal_grid_S0010,low_input_within_10pct_yield,2022-08-13,225,65,60,"{""sim_day"": 65.0, ""doy"": 225.0, ""topwt"": 10600.93994140625, ""grnwt"": 1975.6193542480469, ""xlai"": 3.666252613067627, ""totir"": 0.0, ""tofer"": NaN, ""swfac"": 0.0, ""nstres"": 0.0583831071853637}",0.0,0.0583831071853637,10600.93994140625,1975.6193542480469,3.666252613067627,0.0,,0.0,50.0,0.0,150.0,60.61029663085938,60.61029663085938,Leave_One_experiments/all_year_offline_schedule_search/daily_outputs/LCA/LCA_2022_LCA2022_normal_grid_S0010_daily.csv
LCA,LCA,Luancheng,2022,Leave_One_experiments\wth_generated_qc\LCA\LCA2022.WTH,wet_year;nitrogen_stress_year;low_response_year,wet,LCA2022_normal_grid_S0010,low_input_within_10pct_yield,2022-08-14,226,66,61,"{""sim_day"": 66.0, ""doy"": 226.0, ""topwt"": 10887.950439453123, ""grnwt"": 2241.093292236328, ""xlai"": 3.6449480056762695, ""totir"": 0.0, ""tofer"": NaN, ""swfac"": 0.0, ""nstres"": 0.0464884042739868}",0.0,0.0464884042739868,10887.950439453123,2241.093292236328,3.6449480056762695,0.0,,0.0,0.0,0.0,150.0,60.61029663085938,60.61029663085938,Leave_One_experiments/all_year_offline_schedule_search/daily_outputs/LCA/LCA_2022_LCA2022_normal_grid_S0010_daily.csv
LCA,LCA,Luancheng,2022,Leave_One_experiments\wth_generated_qc\LCA\LCA2022.WTH,wet_year;nitrogen_stress_year;low_response_year,wet,LCA2022_normal_grid_S0010,low_input_within_10pct_yield,2022-08-15,227,67,62,"{""sim_day"": 67.0, ""doy"": 227.0, ""topwt"": 11307.369384765623, ""grnwt"": 2570.3631591796875, ""xlai"": 3.6449480056762695, ""totir"": 0.0, ""tofer"": NaN, ""swfac"": 0.0, ""nstres"": 0.0}",0.0,0.0,11307.369384765623,2570.3631591796875,3.6449480056762695,0.0,,0.0,0.0,0.0,150.0,60.61029663085938,60.61029663085938,Leave_One_experiments/all_year_offline_schedule_search/daily_outputs/LCA/LCA_2022_LCA2022_normal_grid_S0010_daily.csv
LCA,LCA,Luancheng,2022,Leave_One_experiments\wth_generated_qc\LCA\LCA2022.WTH,wet_year;nitrogen_stress_year;low_response_year,wet,LCA2022_normal_grid_S0010,low_input_within_10pct_yield,2022-08-16,228,68,63,"{""sim_day"": 68.0, ""doy"": 228.0, ""topwt"": 11642.520751953123, ""grnwt"": 2899.632873535156, ""xlai"": 3.6449480056762695, ""totir"": 0.0, ""tofer"": NaN, ""swfac"": 0.0, ""nstres"": 0.0}",0.0,0.0,11642.520751953123,2899.632873535156,3.6449480056762695,0.0,,0.0,0.0,0.0,150.0,60.61029663085938,60.61029663085938,Leave_One_experiments/all_year_offline_schedule_search/daily_outputs/LCA/LCA_2022_LCA2022_normal_grid_S0010_daily.csv
LCA,LCA,Luancheng,2022,Leave_One_experiments\wth_generated_qc\LCA\LCA2022.WTH,wet_year;nitrogen_stress_year;low_response_year,wet,LCA2022_normal_grid_S0010,low_input_within_10pct_yield,2022-08-17,229,69,64,"{""sim_day"": 69.0, ""doy"": 229.0, ""topwt"": 11745.455322265623, ""grnwt"": 3228.9028930664062, ""xlai"": 3.6449480056762695, ""totir"": 0.0, ""tofer"": NaN, ""swfac"": 0.0, ""nstres"": 0.0}",0.0,0.0,11745.455322265623,3228.9028930664062,3.6449480056762695,0.0,,0.0,0.0,0.0,150.0,60.61029663085938,60.61029663085938,Leave_One_experiments/all_year_offline_schedule_search/daily_outputs/LCA/LCA_2022_LCA2022_normal_grid_S0010_daily.csv
LCA,LCA,Luancheng,2022,Leave_One_experiments\wth_generated_qc\LCA\LCA2022.WTH,wet_year;nitrogen_stress_year;low_response_year,wet,LCA2022_normal_grid_S0010,low_input_within_10pct_yield,2022-08-18,230,70,65,"{""sim_day"": 70.0, ""doy"": 230.0, ""topwt"": 12074.6484375, ""grnwt"": 3449.101867675781, ""xlai"": 3.6449480056762695, ""totir"": 0.0, ""tofer"": NaN, ""swfac"": 0.0, ""nstres"": 0.0}",0.0,0.0,12074.6484375,3449.101867675781,3.6449480056762695,0.0,,0.0,0.0,0.0,150.0,60.61029663085938,60.61029663085938,Leave_One_experiments/all_year_offline_schedule_search/daily_outputs/LCA/LCA_2022_LCA2022_normal_grid_S0010_daily.csv
LCA,LCA,Luancheng,2022,Leave_One_experiments\wth_generated_qc\LCA\LCA2022.WTH,wet_year;nitrogen_stress_year;low_response_year,wet,LCA2022_normal_grid_S0010,low_input_within_10pct_yield,2022-08-19,231,71,66,"{""sim_day"": 71.0, ""doy"": 231.0, ""topwt"": 12471.265869140623, ""grnwt"": 3778.3718872070312, ""xlai"": 3.6449480056762695, ""totir"": 0.0, ""tofer"": NaN, ""swfac"": 0.0, ""nstres"": 0.0}",0.0,0.0,12471.265869140623,3778.3718872070312,3.6449480056762695,0.0,,0.0,0.0,0.0,150.0,60.61029663085938,60.61029663085938,Leave_One_experiments/all_year_offline_schedule_search/daily_outputs/LCA/LCA_2022_LCA2022_normal_grid_S0010_daily.csv
LCA,LCA,Luancheng,2022,Leave_One_experiments\wth_generated_qc\LCA\LCA2022.WTH,wet_year;nitrogen_stress_year;low_response_year,wet,LCA2022_normal_grid_S0010,low_input_within_10pct_yield,2022-08-20,232,72,67,"{""sim_day"": 72.0, ""doy"": 232.0, ""topwt"": 12838.140869140623, ""grnwt"": 4107.641906738281, ""xlai"": 3.6449480056762695, ""totir"": 0.0, ""tofer"": NaN, ""swfac"": 0.0, ""nstres"": 0.0}",0.0,0.0,12838.140869140623,4107.641906738281,3.6449480056762695,0.0,,0.0,0.0,0.0,150.0,60.61029663085938,60.61029663085938,Leave_One_experiments/all_year_offline_schedule_search/daily_outputs/LCA/LCA_2022_LCA2022_normal_grid_S0010_daily.csv
LCA,LCA,Luancheng,2022,Leave_One_experiments\wth_generated_qc\LCA\LCA2022.WTH,wet_year;nitrogen_stress_year;low_response_year,wet,LCA2022_normal_grid_S0010,low_input_within_10pct_yield,2022-08-21,233,73,68,"{""sim_day"": 73.0, ""doy"": 233.0, ""topwt"": 13201.590576171877, ""grnwt"": 4412.216796875, ""xlai"": 3.606443166732788, ""totir"": 0.0, ""tofer"": NaN, ""swfac"": 0.0, ""nstres"": 0.0}",0.0,0.0,13201.590576171877,4412.216796875,3.606443166732788,0.0,,0.0,0.0,0.0,150.0,60.61029663085938,60.61029663085938,Leave_One_experiments/all_year_offline_schedule_search/daily_outputs/LCA/LCA_2022_LCA2022_normal_grid_S0010_daily.csv
LCA,LCA,Luancheng,2022,Leave_One_experiments\wth_generated_qc\LCA\LCA2022.WTH,wet_year;nitrogen_stress_year;low_response_year,wet,LCA2022_normal_grid_S0010,low_input_within_10pct_yield,2022-08-22,234,74,69,"{""sim_day"": 74.0, ""doy"": 234.0, ""topwt"": 13578.880615234377, ""grnwt"": 4741.48681640625, ""xlai"": 3.5451819896698, ""totir"": 0.0, ""tofer"": NaN, ""swfac"": 0.0, ""nstres"": 0.0}",0.0,0.0,13578.880615234377,4741.48681640625,3.5451819896698,0.0,,0.0,0.0,0.0,150.0,60.61029663085938,60.61029663085938,Leave_One_experiments/all_year_offline_schedule_search/daily_outputs/LCA/LCA_2022_LCA2022_normal_grid_S0010_daily.csv
LCA,LCA,Luancheng,2022,Leave_One_experiments\wth_generated_qc\LCA\LCA2022.WTH,wet_year;nitrogen_stress_year;low_response_year,wet,LCA2022_normal_grid_S0010,low_input_within_10pct_yield,2022-08-23,235,75,70,"{""sim_day"": 75.0, ""doy"": 235.0, ""topwt"": 13748.358154296877, ""grnwt"": 5070.7568359375, ""xlai"": 3.4968960285186768, ""totir"": 0.0, ""tofer"": NaN, ""swfac"": 0.0, ""nstres"": 0.0}",0.0,0.0,13748.358154296877,5070.7568359375,3.4968960285186768,0.0,,0.0,0.0,0.0,150.0,60.61029663085938,60.61029663085938,Leave_One_experiments/all_year_offline_schedule_search/daily_outputs/LCA/LCA_2022_LCA2022_normal_grid_S0010_daily.csv
LCA,LCA,Luancheng,2022,Leave_One_experiments\wth_generated_qc\LCA\LCA2022.WTH,wet_year;nitrogen_stress_year;low_response_year,wet,LCA2022_normal_grid_S0010,low_input_within_10pct_yield,2022-08-24,236,76,71,"{""sim_day"": 76.0, ""doy"": 236.0, ""topwt"": 14160.52001953125, ""grnwt"": 5400.02685546875, ""xlai"": 3.4212851524353027, ""totir"": 0.0, ""tofer"": NaN, ""swfac"": 0.0, ""nstres"": 0.0}",0.0,0.0,14160.52001953125,5400.02685546875,3.4212851524353027,0.0,,0.0,0.0,0.0,150.0,60.61029663085938,60.61029663085938,Leave_One_experiments/all_year_offline_schedule_search/daily_outputs/LCA/LCA_2022_LCA2022_normal_grid_S0010_daily.csv
LCA,LCA,Luancheng,2022,Leave_One_experiments\wth_generated_qc\LCA\LCA2022.WTH,wet_year;nitrogen_stress_year;low_response_year,wet,LCA2022_normal_grid_S0010,low_input_within_10pct_yield,2022-08-25,237,77,72,"{""sim_day"": 77.0, ""doy"": 237.0, ""topwt"": 14506.6064453125, ""grnwt"": 5729.296875, ""xlai"": 3.344281911849976, ""totir"": 0.0, ""tofer"": NaN, ""swfac"": 0.0, ""nstres"": 0.0017181038856506}",0.0,0.0017181038856506,14506.6064453125,5729.296875,3.344281911849976,0.0,,0.0,0.0,0.0,150.0,60.61029663085938,60.61029663085938,Leave_One_experiments/all_year_offline_schedule_search/daily_outputs/LCA/LCA_2022_LCA2022_normal_grid_S0010_daily.csv
LCA,LCA,Luancheng,2022,Leave_One_experiments\wth_generated_qc\LCA\LCA2022.WTH,wet_year;nitrogen_stress_year;low_response_year,wet,LCA2022_normal_grid_S0010,low_input_within_10pct_yield,2022-08-26,238,78,73,"{""sim_day"": 78.0, ""doy"": 238.0, ""topwt"": 14791.11328125, ""grnwt"": 6058.56689453125, ""xlai"": 3.282728910446167, ""totir"": 0.0, ""tofer"": NaN, ""swfac"": 0.0, ""nstres"": 0.030596375465393}",0.0,0.030596375465393,14791.11328125,6058.56689453125,3.282728910446167,0.0,,0.0,0.0,0.0,150.0,60.61029663085938,60.61029663085938,Leave_One_experiments/all_year_offline_schedule_search/daily_outputs/LCA/LCA_2022_LCA2022_normal_grid_S0010_daily.csv
LCA,LCA,Luancheng,2022,Leave_One_experiments\wth_generated_qc\LCA\LCA2022.WTH,wet_year;nitrogen_stress_year;low_response_year,wet,LCA2022_normal_grid_S0010,low_input_within_10pct_yield,2022-08-27,239,79,74,"{""sim_day"": 79.0, ""doy"": 239.0, ""topwt"": 14869.136962890623, ""grnwt"": 6387.8369140625, ""xlai"": 3.231276750564575, ""totir"": 0.0, ""tofer"": NaN, ""swfac"": 0.0, ""nstres"": 0.0547009110450744}",0.0,0.0547009110450744,14869.136962890623,6387.8369140625,3.231276750564575,0.0,,0.0,0.0,0.0,150.0,60.61029663085938,60.61029663085938,Leave_One_experiments/all_year_offline_schedule_search/daily_outputs/LCA/LCA_2022_LCA2022_normal_grid_S0010_daily.csv
LCA,LCA,Luancheng,2022,Leave_One_experiments\wth_generated_qc\LCA\LCA2022.WTH,wet_year;nitrogen_stress_year;low_response_year,wet,LCA2022_normal_grid_S0010,low_input_within_10pct_yield,2022-08-28,240,80,75,"{""sim_day"": 80.0, ""doy"": 240.0, ""topwt"": 14952.603759765623, ""grnwt"": 6584.5416259765625, ""xlai"": 3.1730103492736816, ""totir"": 0.0, ""tofer"": NaN, ""swfac"": 0.0, ""nstres"": 0.0802054405212402}",0.0,0.0802054405212402,14952.603759765623,6584.5416259765625,3.1730103492736816,0.0,,0.0,0.0,0.0,150.0,60.61029663085938,60.61029663085938,Leave_One_experiments/all_year_offline_schedule_search/daily_outputs/LCA/LCA_2022_LCA2022_normal_grid_S0010_daily.csv
LCA,LCA,Luancheng,2022,Leave_One_experiments\wth_generated_qc\LCA\LCA2022.WTH,wet_year;nitrogen_stress_year;low_response_year,wet,LCA2022_normal_grid_S0010,low_input_within_10pct_yield,2022-08-29,241,81,76,"{""sim_day"": 81.0, ""doy"": 241.0, ""topwt"": 15311.41845703125, ""grnwt"": 6913.8116455078125, ""xlai"": 3.0946199893951416, ""totir"": 0.0, ""tofer"": NaN, ""swfac"": 0.0, ""nstres"": 0.0665867328643798}",0.0,0.0665867328643798,15311.41845703125,6913.8116455078125,3.0946199893951416,0.0,,0.0,0.0,0.0,150.0,60.61029663085938,60.61029663085938,Leave_One_experiments/all_year_offline_schedule_search/daily_outputs/LCA/LCA_2022_LCA2022_normal_grid_S0010_daily.csv
LCA,LCA,Luancheng,2022,Leave_One_experiments\wth_generated_qc\LCA\LCA2022.WTH,wet_year;nitrogen_stress_year;low_response_year,wet,LCA2022_normal_grid_S0010,low_input_within_10pct_yield,2022-08-30,242,82,77,"{""sim_day"": 82.0, ""doy"": 242.0, ""topwt"": 15675.6884765625, ""grnwt"": 7243.0816650390625, ""xlai"": 3.0007970333099365, ""totir"": 0.0, ""tofer"": NaN, ""swfac"": 0.0, ""nstres"": 0.0843875408172607}",0.0,0.0843875408172607,15675.6884765625,7243.0816650390625,3.0007970333099365,0.0,,0.0,0.0,0.0,150.0,60.61029663085938,60.61029663085938,Leave_One_experiments/all_year_offline_schedule_search/daily_outputs/LCA/LCA_2022_LCA2022_normal_grid_S0010_daily.csv
LCA,LCA,Luancheng,2022,Leave_One_experiments\wth_generated_qc\LCA\LCA2022.WTH,wet_year;nitrogen_stress_year;low_response_year,wet,LCA2022_normal_grid_S0010,low_input_within_10pct_yield,2022-08-31,243,83,78,"{""sim_day"": 83.0, ""doy"": 243.0, ""topwt"": 16040.113525390623, ""grnwt"": 7572.351684570312, ""xlai"": 2.9117043018341064, ""totir"": 0.0, ""tofer"": NaN, ""swfac"": 0.0, ""nstres"": 0.1179412603378295}",0.0,0.1179412603378295,16040.113525390623,7572.351684570312,2.9117043018341064,0.0,,0.0,0.0,0.0,150.0,60.61029663085938,60.61029663085938,Leave_One_experiments/all_year_offline_schedule_search/daily_outputs/LCA/LCA_2022_LCA2022_normal_grid_S0010_daily.csv
LCA,LCA,Luancheng,2022,Leave_One_experiments\wth_generated_qc\LCA\LCA2022.WTH,wet_year;nitrogen_stress_year;low_response_year,wet,LCA2022_normal_grid_S0010,low_input_within_10pct_yield,2022-09-01,244,84,79,"{""sim_day"": 84.0, ""doy"": 244.0, ""topwt"": 16364.482421875, ""grnwt"": 7901.62109375, ""xlai"": 2.815253734588623, ""totir"": 0.0, ""tofer"": NaN, ""swfac"": 0.0, ""nstres"": 0.150523841381073}",0.0,0.150523841381073,16364.482421875,7901.62109375,2.815253734588623,0.0,,0.0,0.0,0.0,150.0,60.61029663085938,60.61029663085938,Leave_One_experiments/all_year_offline_schedule_search/daily_outputs/LCA/LCA_2022_LCA2022_normal_grid_S0010_daily.csv
LCA,LCA,Luancheng,2022,Leave_One_experiments\wth_generated_qc\LCA\LCA2022.WTH,wet_year;nitrogen_stress_year;low_response_year,wet,LCA2022_normal_grid_S0010,low_input_within_10pct_yield,2022-09-02,245,85,80,"{""sim_day"": 85.0, ""doy"": 245.0, ""topwt"": 16390.732421875, ""grnwt"": 8022.6702880859375, ""xlai"": 2.717836141586304, ""totir"": 0.0, ""tofer"": NaN, ""swfac"": 0.0, ""nstres"": 0.1826075315475464}",0.0,0.1826075315475464,16390.732421875,8022.6702880859375,2.717836141586304,0.0,,0.0,0.0,0.0,150.0,60.61029663085938,60.61029663085938,Leave_One_experiments/all_year_offline_schedule_search/daily_outputs/LCA/LCA_2022_LCA2022_normal_grid_S0010_daily.csv
LCA,LCA,Luancheng,2022,Leave_One_experiments\wth_generated_qc\LCA\LCA2022.WTH,wet_year;nitrogen_stress_year;low_response_year,wet,LCA2022_normal_grid_S0010,low_input_within_10pct_yield,2022-09-03,246,86,81,"{""sim_day"": 86.0, ""doy"": 246.0, ""topwt"": 16735.8740234375, ""grnwt"": 8351.940307617188, ""xlai"": 2.605384588241577, ""totir"": 0.0, ""tofer"": NaN, ""swfac"": 0.0, ""nstres"": 0.1829285025596618}",0.0,0.1829285025596618,16735.8740234375,8351.940307617188,2.605384588241577,0.0,,0.0,0.0,0.0,150.0,60.61029663085938,60.61029663085938,Leave_One_experiments/all_year_offline_schedule_search/daily_outputs/LCA/LCA_2022_LCA2022_normal_grid_S0010_daily.csv
LCA,LCA,Luancheng,2022,Leave_One_experiments\wth_generated_qc\LCA\LCA2022.WTH,wet_year;nitrogen_stress_year;low_response_year,wet,LCA2022_normal_grid_S0010,low_input_within_10pct_yield,2022-09-04,247,87,82,"{""sim_day"": 87.0, ""doy"": 247.0, ""topwt"": 17060.955810546875, ""grnwt"": 8681.209716796875, ""xlai"": 2.4806480407714844, ""totir"": 0.0, ""tofer"": NaN, ""swfac"": 0.0, ""nstres"": 0.203659176826477}",0.0,0.203659176826477,17060.955810546875,8681.209716796875,2.4806480407714844,0.0,,0.0,0.0,0.0,150.0,60.61029663085938,60.61029663085938,Leave_One_experiments/all_year_offline_schedule_search/daily_outputs/LCA/LCA_2022_LCA2022_normal_grid_S0010_daily.csv
LCA,LCA,Luancheng,2022,Leave_One_experiments\wth_generated_qc\LCA\LCA2022.WTH,wet_year;nitrogen_stress_year;low_response_year,wet,LCA2022_normal_grid_S0010,low_input_within_10pct_yield,2022-09-05,248,88,83,"{""sim_day"": 88.0, ""doy"": 248.0, ""topwt"": 17379.7998046875, ""grnwt"": 9010.479125976562, ""xlai"": 2.3556385040283203, ""totir"": 0.0, ""tofer"": NaN, ""swfac"": 0.0, ""nstres"": 0.2859819531440735}",0.0,0.2859819531440735,17379.7998046875,9010.479125976562,2.3556385040283203,0.0,,0.0,0.0,0.0,150.0,60.61029663085938,60.61029663085938,Leave_One_experiments/all_year_offline_schedule_search/daily_outputs/LCA/LCA_2022_LCA2022_normal_grid_S0010_daily.csv
LCA,LCA,Luancheng,2022,Leave_One_experiments\wth_generated_qc\LCA\LCA2022.WTH,wet_year;nitrogen_stress_year;low_response_year,wet,LCA2022_normal_grid_S0010,low_input_within_10pct_yield,2022-09-06,249,89,84,"{""sim_day"": 89.0, ""doy"": 249.0, ""topwt"": 17648.245849609375, ""grnwt"": 9280.185546875, ""xlai"": 2.2413041591644287, ""totir"": 0.0, ""tofer"": NaN, ""swfac"": 0.0, ""nstres"": 0.3612713813781738}",0.0,0.3612713813781738,17648.245849609375,9280.185546875,2.2413041591644287,0.0,,0.0,0.0,0.0,150.0,60.61029663085938,60.61029663085938,Leave_One_experiments/all_year_offline_schedule_search/daily_outputs/LCA/LCA_2022_LCA2022_normal_grid_S0010_daily.csv
LCA,LCA,Luancheng,2022,Leave_One_experiments\wth_generated_qc\LCA\LCA2022.WTH,wet_year;nitrogen_stress_year;low_response_year,wet,LCA2022_normal_grid_S0010,low_input_within_10pct_yield,2022-09-07,250,90,85,"{""sim_day"": 90.0, ""doy"": 250.0, ""topwt"": 17845.46875, ""grnwt"": 9477.407836914062, ""xlai"": 2.116157054901123, ""totir"": 0.0, ""tofer"": NaN, ""swfac"": 0.0, ""nstres"": 0.4092388749122619}",0.0,0.4092388749122619,17845.46875,9477.407836914062,2.116157054901123,0.0,,0.0,0.0,0.0,150.0,60.61029663085938,60.61029663085938,Leave_One_experiments/all_year_offline_schedule_search/daily_outputs/LCA/LCA_2022_LCA2022_normal_grid_S0010_daily.csv
LCA,LCA,Luancheng,2022,Leave_One_experiments\wth_generated_qc\LCA\LCA2022.WTH,wet_year;nitrogen_stress_year;low_response_year,wet,LCA2022_normal_grid_S0010,low_input_within_10pct_yield,2022-09-08,251,91,86,"{""sim_day"": 91.0, ""doy"": 251.0, ""topwt"": 17996.685791015625, ""grnwt"": 9628.624267578123, ""xlai"": 1.9769147634506223, ""totir"": 0.0, ""tofer"": NaN, ""swfac"": 0.0, ""nstres"": 0.4314664006233215}",0.0,0.4314664006233215,17996.685791015625,9628.624267578123,1.9769147634506223,0.0,,0.0,0.0,0.0,150.0,60.61029663085938,60.61029663085938,Leave_One_experiments/all_year_offline_schedule_search/daily_outputs/LCA/LCA_2022_LCA2022_normal_grid_S0010_daily.csv
LCA,LCA,Luancheng,2022,Leave_One_experiments\wth_generated_qc\LCA\LCA2022.WTH,wet_year;nitrogen_stress_year;low_response_year,wet,LCA2022_normal_grid_S0010,low_input_within_10pct_yield,2022-09-09,252,92,87,"{""sim_day"": 92.0, ""doy"": 252.0, ""topwt"": 18179.090576171875, ""grnwt"": 9811.029663085938, ""xlai"": 1.8086241483688357, ""totir"": 0.0, ""tofer"": NaN, ""swfac"": 0.0, ""nstres"": 0.4371727108955383}",0.0,0.4371727108955383,18179.090576171875,9811.029663085938,1.8086241483688357,0.0,,0.0,0.0,0.0,150.0,60.61029663085938,60.61029663085938,Leave_One_experiments/all_year_offline_schedule_search/daily_outputs/LCA/LCA_2022_LCA2022_normal_grid_S0010_daily.csv
LCA,LCA,Luancheng,2022,Leave_One_experiments\wth_generated_qc\LCA\LCA2022.WTH,wet_year;nitrogen_stress_year;low_response_year,wet,LCA2022_normal_grid_S0010,low_input_within_10pct_yield,2022-09-10,253,93,88,"{""sim_day"": 93.0, ""doy"": 253.0, ""topwt"": 18179.090576171875, ""grnwt"": 9811.029663085938, ""xlai"": 1.8086241483688357, ""totir"": 0.0, ""tofer"": NaN, ""swfac"": 0.0, ""nstres"": 0.4568464756011963}",0.0,0.4568464756011963,18179.090576171875,9811.029663085938,1.8086241483688357,0.0,,0.0,0.0,0.0,150.0,60.61029663085938,60.61029663085938,Leave_One_experiments/all_year_offline_schedule_search/daily_outputs/LCA/LCA_2022_LCA2022_normal_grid_S0010_daily.csv
LCA,LCA,Luancheng,2022,Leave_One_experiments\wth_generated_qc\LCA\LCA2022.WTH,wet_year;nitrogen_stress_year;low_response_year,wet,LCA2022_normal_grid_S0010,low_input_within_10pct_yield,2022-09-11,254,94,89,"{""sim_day"": 94.0, ""doy"": 254.0, ""topwt"": 18179.090576171875, ""grnwt"": 9811.029663085938, ""xlai"": 1.8086241483688357, ""totir"": 0.0, ""tofer"": NaN, ""swfac"": 0.0, ""nstres"": 0.4568464756011963}",0.0,0.4568464756011963,18179.090576171875,9811.029663085938,1.8086241483688357,0.0,,0.0,0.0,0.0,150.0,60.61029663085938,60.61029663085938,Leave_One_experiments/all_year_offline_schedule_search/daily_outputs/LCA/LCA_2022_LCA2022_normal_grid_S0010_daily.csv
LCA,LCA,Luancheng,2022,Leave_One_experiments\wth_generated_qc\LCA\LCA2022.WTH,wet_year;nitrogen_stress_year;low_response_year,wet,LCA2022_normal_grid_S0010,low_input_within_10pct_yield,2022-09-12,255,95,90,"{""sim_day"": 95.0, ""doy"": 255.0, ""topwt"": 18179.090576171875, ""grnwt"": 9811.029663085938, ""xlai"": 1.8086241483688357, ""totir"": 0.0, ""tofer"": NaN, ""swfac"": 0.0, ""nstres"": 0.4568464756011963}",0.0,0.4568464756011963,18179.090576171875,9811.029663085938,1.8086241483688357,0.0,,0.0,0.0,0.0,150.0,60.61029663085938,60.61029663085938,Leave_One_experiments/all_year_offline_schedule_search/daily_outputs/LCA/LCA_2022_LCA2022_normal_grid_S0010_daily.csv
LCA,LCA,Luancheng,2022,Leave_One_experiments\wth_generated_qc\LCA\LCA2022.WTH,wet_year;nitrogen_stress_year;low_response_year,wet,LCA2022_normal_grid_S0019,pareto_balanced,2022-06-15,166,1,1,"{""sim_day"": 1.0, ""doy"": 166.0, ""topwt"": 0.0, ""grnwt"": 0.0, ""xlai"": 0.0, ""totir"": 0.0, ""tofer"": NaN, ""swfac"": 0.0, ""nstres"": 0.0}",0.0,0.0,0.0,0.0,0.0,0.0,,0.0,75.0,0.0,225.0,47.90493164062501,47.90493164062501,Leave_One_experiments/all_year_offline_schedule_search/daily_outputs/LCA/LCA_2022_LCA2022_normal_grid_S0019_daily.csv
LCA,LCA,Luancheng,2022,Leave_One_experiments\wth_generated_qc\LCA\LCA2022.WTH,wet_year;nitrogen_stress_year;low_response_year,wet,LCA2022_normal_grid_S0019,pareto_balanced,2022-06-16,167,2,2,"{""sim_day"": 2.0, ""doy"": 167.0, ""topwt"": 0.0, ""grnwt"": 0.0, ""xlai"": 0.0, ""totir"": 0.0, ""tofer"": NaN, ""swfac"": 0.0, ""nstres"": 0.0}",0.0,0.0,0.0,0.0,0.0,0.0,,0.0,0.0,0.0,225.0,47.90493164062501,47.90493164062501,Leave_One_experiments/all_year_offline_schedule_search/daily_outputs/LCA/LCA_2022_LCA2022_normal_grid_S0019_daily.csv
LCA,LCA,Luancheng,2022,Leave_One_experiments\wth_generated_qc\LCA\LCA2022.WTH,wet_year;nitrogen_stress_year;low_response_year,wet,LCA2022_normal_grid_S0019,pareto_balanced,2022-06-17,168,3,3,"{""sim_day"": 3.0, ""doy"": 168.0, ""topwt"": 0.0, ""grnwt"": 0.0, ""xlai"": 0.0, ""totir"": 0.0, ""tofer"": NaN, ""swfac"": 0.0, ""nstres"": 0.0}",0.0,0.0,0.0,0.0,0.0,0.0,,0.0,0.0,0.0,225.0,47.90493164062501,47.90493164062501,Leave_One_experiments/all_year_offline_schedule_search/daily_outputs/LCA/LCA_2022_LCA2022_normal_grid_S0019_daily.csv
LCA,LCA,Luancheng,2022,Leave_One_experiments\wth_generated_qc\LCA\LCA2022.WTH,wet_year;nitrogen_stress_year;low_response_year,wet,LCA2022_normal_grid_S0019,pareto_balanced,2022-06-18,169,4,4,"{""sim_day"": 4.0, ""doy"": 169.0, ""topwt"": 0.0, ""grnwt"": 0.0, ""xlai"": 0.0, ""totir"": 0.0, ""tofer"": NaN, ""swfac"": 0.0, ""nstres"": 0.0}",0.0,0.0,0.0,0.0,0.0,0.0,,0.0,0.0,0.0,225.0,47.90493164062501,47.90493164062501,Leave_One_experiments/all_year_offline_schedule_search/daily_outputs/LCA/LCA_2022_LCA2022_normal_grid_S0019_daily.csv
LCA,LCA,Luancheng,2022,Leave_One_experiments\wth_generated_qc\LCA\LCA2022.WTH,wet_year;nitrogen_stress_year;low_response_year,wet,LCA2022_normal_grid_S0019,pareto_balanced,2022-06-19,170,5,5,"{""sim_day"": 5.0, ""doy"": 170.0, ""topwt"": 0.0, ""grnwt"": 0.0, ""xlai"": 0.0, ""totir"": 0.0, ""tofer"": NaN, ""swfac"": 0.0, ""nstres"": 0.0}",0.0,0.0,0.0,0.0,0.0,0.0,,0.0,0.0,0.0,225.0,47.90493164062501,47.90493164062501,Leave_One_experiments/all_year_offline_schedule_search/daily_outputs/LCA/LCA_2022_LCA2022_normal_grid_S0019_daily.csv
LCA,LCA,Luancheng,2022,Leave_One_experiments\wth_generated_qc\LCA\LCA2022.WTH,wet_year;nitrogen_stress_year;low_response_year,wet,LCA2022_normal_grid_S0019,pareto_balanced,2022-06-15,166,6,1,"{""sim_day"": 6.0, ""doy"": 166.0, ""topwt"": 0.0, ""grnwt"": 0.0, ""xlai"": 0.0, ""totir"": 0.0, ""tofer"": NaN, ""swfac"": 0.0, ""nstres"": 0.0}",0.0,0.0,0.0,0.0,0.0,0.0,,0.0,0.0,0.0,225.0,47.90493164062501,47.90493164062501,Leave_One_experiments/all_year_offline_schedule_search/daily_outputs/LCA/LCA_2022_LCA2022_normal_grid_S0019_daily.csv
LCA,LCA,Luancheng,2022,Leave_One_experiments\wth_generated_qc\LCA\LCA2022.WTH,wet_year;nitrogen_stress_year;low_response_year,wet,LCA2022_normal_grid_S0019,pareto_balanced,2022-06-16,167,7,2,"{""sim_day"": 7.0, ""doy"": 167.0, ""topwt"": 0.0, ""grnwt"": 0.0, ""xlai"": 0.0, ""totir"": 0.0, ""tofer"": NaN, ""swfac"": 0.0, ""nstres"": 0.0}",0.0,0.0,0.0,0.0,0.0,0.0,,0.0,0.0,0.0,225.0,47.90493164062501,47.90493164062501,Leave_One_experiments/all_year_offline_schedule_search/daily_outputs/LCA/LCA_2022_LCA2022_normal_grid_S0019_daily.csv
LCA,LCA,Luancheng,2022,Leave_One_experiments\wth_generated_qc\LCA\LCA2022.WTH,wet_year;nitrogen_stress_year;low_response_year,wet,LCA2022_normal_grid_S0019,pareto_balanced,2022-06-17,168,8,3,"{""sim_day"": 8.0, ""doy"": 168.0, ""topwt"": 0.0, ""grnwt"": 0.0, ""xlai"": 0.0, ""totir"": 0.0, ""tofer"": NaN, ""swfac"": 0.0, ""nstres"": 0.0}",0.0,0.0,0.0,0.0,0.0,0.0,,0.0,0.0,0.0,225.0,47.90493164062501,47.90493164062501,Leave_One_experiments/all_year_offline_schedule_search/daily_outputs/LCA/LCA_2022_LCA2022_normal_grid_S0019_daily.csv
LCA,LCA,Luancheng,2022,Leave_One_experiments\wth_generated_qc\LCA\LCA2022.WTH,wet_year;nitrogen_stress_year;low_response_year,wet,LCA2022_normal_grid_S0019,pareto_balanced,2022-06-18,169,9,4,"{""sim_day"": 9.0, ""doy"": 169.0, ""topwt"": 0.0, ""grnwt"": 0.0, ""xlai"": 0.0, ""totir"": 0.0, ""tofer"": NaN, ""swfac"": 0.0, ""nstres"": 0.0}",0.0,0.0,0.0,0.0,0.0,0.0,,0.0,0.0,0.0,225.0,47.90493164062501,47.90493164062501,Leave_One_experiments/all_year_offline_schedule_search/daily_outputs/LCA/LCA_2022_LCA2022_normal_grid_S0019_daily.csv
LCA,LCA,Luancheng,2022,Leave_One_experiments\wth_generated_qc\LCA\LCA2022.WTH,wet_year;nitrogen_stress_year;low_response_year,wet,LCA2022_normal_grid_S0019,pareto_balanced,2022-06-19,170,10,5,"{""sim_day"": 10.0, ""doy"": 170.0, ""topwt"": 23.600001335144043, ""grnwt"": 0.0, ""xlai"": 0.0064093391411006, ""totir"": 0.0, ""tofer"": NaN, ""swfac"": 0.0, ""nstres"": 0.0121910572052001}",0.0,0.0121910572052001,23.600001335144043,0.0,0.0064093391411006,0.0,,0.0,0.0,0.0,225.0,47.90493164062501,47.90493164062501,Leave_One_experiments/all_year_offline_schedule_search/daily_outputs/LCA/LCA_2022_LCA2022_normal_grid_S0019_daily.csv
LCA,LCA,Luancheng,2022,Leave_One_experiments\wth_generated_qc\LCA\LCA2022.WTH,wet_year;nitrogen_stress_year;low_response_year,wet,LCA2022_normal_grid_S0019,pareto_balanced,2022-06-20,171,11,6,"{""sim_day"": 11.0, ""doy"": 171.0, ""topwt"": 23.600001335144043, ""grnwt"": 0.0, ""xlai"": 0.0136114712804555, ""totir"": 0.0, ""tofer"": NaN, ""swfac"": 0.0, ""nstres"": 0.0005093812942504}",0.0,0.0005093812942504,23.600001335144043,0.0,0.0136114712804555,0.0,,0.0,0.0,0.0,225.0,47.90493164062501,47.90493164062501,Leave_One_experiments/all_year_offline_schedule_search/daily_outputs/LCA/LCA_2022_LCA2022_normal_grid_S0019_daily.csv
LCA,LCA,Luancheng,2022,Leave_One_experiments\wth_generated_qc\LCA\LCA2022.WTH,wet_year;nitrogen_stress_year;low_response_year,wet,LCA2022_normal_grid_S0019,pareto_balanced,2022-06-21,172,12,7,"{""sim_day"": 12.0, ""doy"": 172.0, ""topwt"": 23.600001335144043, ""grnwt"": 0.0, ""xlai"": 0.0399858877062797, ""totir"": 0.0, ""tofer"": NaN, ""swfac"": 0.0, ""nstres"": 0.0}",0.0,0.0,23.600001335144043,0.0,0.0399858877062797,0.0,,0.0,0.0,0.0,225.0,47.90493164062501,47.90493164062501,Leave_One_experiments/all_year_offline_schedule_search/daily_outputs/LCA/LCA_2022_LCA2022_normal_grid_S0019_daily.csv
LCA,LCA,Luancheng,2022,Leave_One_experiments\wth_generated_qc\LCA\LCA2022.WTH,wet_year;nitrogen_stress_year;low_response_year,wet,LCA2022_normal_grid_S0019,pareto_balanced,2022-06-22,173,13,8,"{""sim_day"": 13.0, ""doy"": 173.0, ""topwt"": 35.98649263381958, ""grnwt"": 0.0, ""xlai"": 0.0718831121921539, ""totir"": 0.0, ""tofer"": NaN, ""swfac"": 0.0, ""nstres"": 0.0}",0.0,0.0,35.98649263381958,0.0,0.0718831121921539,0.0,,0.0,0.0,0.0,225.0,47.90493164062501,47.90493164062501,Leave_One_experiments/all_year_offline_schedule_search/daily_outputs/LCA/LCA_2022_LCA2022_normal_grid_S0019_daily.csv
LCA,LCA,Luancheng,2022,Leave_One_experiments\wth_generated_qc\LCA\LCA2022.WTH,wet_year;nitrogen_stress_year;low_response_year,wet,LCA2022_normal_grid_S0019,pareto_balanced,2022-06-23,174,14,9,"{""sim_day"": 14.0, ""doy"": 174.0, ""topwt"": 53.8280200958252, ""grnwt"": 0.0, ""xlai"": 0.1116313710808754, ""totir"": 0.0, ""tofer"": NaN, ""swfac"": 0.0, ""nstres"": 0.0}",0.0,0.0,53.8280200958252,0.0,0.1116313710808754,0.0,,0.0,0.0,0.0,225.0,47.90493164062501,47.90493164062501,Leave_One_experiments/all_year_offline_schedule_search/daily_outputs/LCA/LCA_2022_LCA2022_normal_grid_S0019_daily.csv
LCA,LCA,Luancheng,2022,Leave_One_experiments\wth_generated_qc\LCA\LCA2022.WTH,wet_year;nitrogen_stress_year;low_response_year,wet,LCA2022_normal_grid_S0019,pareto_balanced,2022-06-24,175,15,10,"{""sim_day"": 15.0, ""doy"": 175.0, ""topwt"": 78.1809663772583, ""grnwt"": 0.0, ""xlai"": 0.1605942398309707, ""totir"": 0.0, ""tofer"": NaN, ""swfac"": 0.0, ""nstres"": 0.0}",0.0,0.0,78.1809663772583,0.0,0.1605942398309707,0.0,,0.0,0.0,0.0,225.0,47.90493164062501,47.90493164062501,Leave_One_experiments/all_year_offline_schedule_search/daily_outputs/LCA/LCA_2022_LCA2022_normal_grid_S0019_daily.csv
LCA,LCA,Luancheng,2022,Leave_One_experiments\wth_generated_qc\LCA\LCA2022.WTH,wet_year;nitrogen_stress_year;low_response_year,wet,LCA2022_normal_grid_S0019,pareto_balanced,2022-06-25,176,16,11,"{""sim_day"": 16.0, ""doy"": 176.0, ""topwt"": 103.76355171203612, ""grnwt"": 0.0, ""xlai"": 0.2222669124603271, ""totir"": 0.0, ""tofer"": NaN, ""swfac"": 0.0, ""nstres"": 0.0}",0.0,0.0,103.76355171203612,0.0,0.2222669124603271,0.0,,0.0,0.0,0.0,225.0,47.90493164062501,47.90493164062501,Leave_One_experiments/all_year_offline_schedule_search/daily_outputs/LCA/LCA_2022_LCA2022_normal_grid_S0019_daily.csv
LCA,LCA,Luancheng,2022,Leave_One_experiments\wth_generated_qc\LCA\LCA2022.WTH,wet_year;nitrogen_stress_year;low_response_year,wet,LCA2022_normal_grid_S0019,pareto_balanced,2022-06-26,177,17,12,"{""sim_day"": 17.0, ""doy"": 177.0, ""topwt"": 141.74663543701172, ""grnwt"": 0.0, ""xlai"": 0.292570412158966, ""totir"": 0.0, ""tofer"": NaN, ""swfac"": 0.0, ""nstres"": 0.0}",0.0,0.0,141.74663543701172,0.0,0.292570412158966,0.0,,0.0,0.0,0.0,225.0,47.90493164062501,47.90493164062501,Leave_One_experiments/all_year_offline_schedule_search/daily_outputs/LCA/LCA_2022_LCA2022_normal_grid_S0019_daily.csv
LCA,LCA,Luancheng,2022,Leave_One_experiments\wth_generated_qc\LCA\LCA2022.WTH,wet_year;nitrogen_stress_year;low_response_year,wet,LCA2022_normal_grid_S0019,pareto_balanced,2022-06-27,178,18,13,"{""sim_day"": 18.0, ""doy"": 178.0, ""topwt"": 181.54766082763672, ""grnwt"": 0.0, ""xlai"": 0.3617087006568908, ""totir"": 0.0, ""tofer"": NaN, ""swfac"": 0.0, ""nstres"": 0.0}",0.0,0.0,181.54766082763672,0.0,0.3617087006568908,0.0,,0.0,0.0,0.0,225.0,47.90493164062501,47.90493164062501,Leave_One_experiments/all_year_offline_schedule_search/daily_outputs/LCA/LCA_2022_LCA2022_normal_grid_S0019_daily.csv
LCA,LCA,Luancheng,2022,Leave_One_experiments\wth_generated_qc\LCA\LCA2022.WTH,wet_year;nitrogen_stress_year;low_response_year,wet,LCA2022_normal_grid_S0019,pareto_balanced,2022-06-28,179,19,14,"{""sim_day"": 19.0, ""doy"": 179.0, ""topwt"": 230.1104736328125, ""grnwt"": 0.0, ""xlai"": 0.4416097402572632, ""totir"": 0.0, ""tofer"": NaN, ""swfac"": 0.0, ""nstres"": 0.0082097649574279}",0.0,0.0082097649574279,230.1104736328125,0.0,0.4416097402572632,0.0,,0.0,0.0,0.0,225.0,47.90493164062501,47.90493164062501,Leave_One_experiments/all_year_offline_schedule_search/daily_outputs/LCA/LCA_2022_LCA2022_normal_grid_S0019_daily.csv
LCA,LCA,Luancheng,2022,Leave_One_experiments\wth_generated_qc\LCA\LCA2022.WTH,wet_year;nitrogen_stress_year;low_response_year,wet,LCA2022_normal_grid_S0019,pareto_balanced,2022-06-29,180,20,15,"{""sim_day"": 20.0, ""doy"": 180.0, ""topwt"": 291.5273857116699, ""grnwt"": 0.0, ""xlai"": 0.5375139117240906, ""totir"": 0.0, ""tofer"": NaN, ""swfac"": 0.0, ""nstres"": 0.0}",0.0,0.0,291.5273857116699,0.0,0.5375139117240906,0.0,,0.0,0.0,0.0,225.0,47.90493164062501,47.90493164062501,Leave_One_experiments/all_year_offline_schedule_search/daily_outputs/LCA/LCA_2022_LCA2022_normal_grid_S0019_daily.csv
LCA,LCA,Luancheng,2022,Leave_One_experiments\wth_generated_qc\LCA\LCA2022.WTH,wet_year;nitrogen_stress_year;low_response_year,wet,LCA2022_normal_grid_S0019,pareto_balanced,2022-06-30,181,21,16,"{""sim_day"": 21.0, ""doy"": 181.0, ""topwt"": 366.64283752441406, ""grnwt"": 0.0, ""xlai"": 0.6489638686180115, ""totir"": 0.0, ""tofer"": NaN, ""swfac"": 0.0, ""nstres"": 0.0}",0.0,0.0,366.64283752441406,0.0,0.6489638686180115,0.0,,0.0,0.0,0.0,225.0,47.90493164062501,47.90493164062501,Leave_One_experiments/all_year_offline_schedule_search/daily_outputs/LCA/LCA_2022_LCA2022_normal_grid_S0019_daily.csv
LCA,LCA,Luancheng,2022,Leave_One_experiments\wth_generated_qc\LCA\LCA2022.WTH,wet_year;nitrogen_stress_year;low_response_year,wet,LCA2022_normal_grid_S0019,pareto_balanced,2022-07-01,182,22,17,"{""sim_day"": 22.0, ""doy"": 182.0, ""topwt"": 457.8712463378906, ""grnwt"": 0.0, ""xlai"": 0.7778016328811646, ""totir"": 0.0, ""tofer"": NaN, ""swfac"": 0.0, ""nstres"": 0.0}",0.0,0.0,457.8712463378906,0.0,0.7778016328811646,0.0,,0.0,0.0,0.0,225.0,47.90493164062501,47.90493164062501,Leave_One_experiments/all_year_offline_schedule_search/daily_outputs/LCA/LCA_2022_LCA2022_normal_grid_S0019_daily.csv
LCA,LCA,Luancheng,2022,Leave_One_experiments\wth_generated_qc\LCA\LCA2022.WTH,wet_year;nitrogen_stress_year;low_response_year,wet,LCA2022_normal_grid_S0019,pareto_balanced,2022-07-02,183,23,18,"{""sim_day"": 23.0, ""doy"": 183.0, ""topwt"": 517.2468185424805, ""grnwt"": 0.0, ""xlai"": 0.8581951856613159, ""totir"": 0.0, ""tofer"": NaN, ""swfac"": 0.0, ""nstres"": 0.0}",0.0,0.0,517.2468185424805,0.0,0.8581951856613159,0.0,,0.0,0.0,0.0,225.0,47.90493164062501,47.90493164062501,Leave_One_experiments/all_year_offline_schedule_search/daily_outputs/LCA/LCA_2022_LCA2022_normal_grid_S0019_daily.csv
LCA,LCA,Luancheng,2022,Leave_One_experiments\wth_generated_qc\LCA\LCA2022.WTH,wet_year;nitrogen_stress_year;low_response_year,wet,LCA2022_normal_grid_S0019,pareto_balanced,2022-07-03,184,24,19,"{""sim_day"": 24.0, ""doy"": 184.0, ""topwt"": 636.8624114990234, ""grnwt"": 0.0, ""xlai"": 1.0140113830566406, ""totir"": 0.0, ""tofer"": NaN, ""swfac"": 0.0, ""nstres"": 0.0}",0.0,0.0,636.8624114990234,0.0,1.0140113830566406,0.0,,0.0,0.0,0.0,225.0,47.90493164062501,47.90493164062501,Leave_One_experiments/all_year_offline_schedule_search/daily_outputs/LCA/LCA_2022_LCA2022_normal_grid_S0019_daily.csv
LCA,LCA,Luancheng,2022,Leave_One_experiments\wth_generated_qc\LCA\LCA2022.WTH,wet_year;nitrogen_stress_year;low_response_year,wet,LCA2022_normal_grid_S0019,pareto_balanced,2022-07-04,185,25,20,"{""sim_day"": 25.0, ""doy"": 185.0, ""topwt"": 749.9064636230469, ""grnwt"": 0.0, ""xlai"": 1.1586086750030518, ""totir"": 0.0, ""tofer"": NaN, ""swfac"": 0.0, ""nstres"": 0.0}",0.0,0.0,749.9064636230469,0.0,1.1586086750030518,0.0,,0.0,0.0,0.0,225.0,47.90493164062501,47.90493164062501,Leave_One_experiments/all_year_offline_schedule_search/daily_outputs/LCA/LCA_2022_LCA2022_normal_grid_S0019_daily.csv
LCA,LCA,Luancheng,2022,Leave_One_experiments\wth_generated_qc\LCA\LCA2022.WTH,wet_year;nitrogen_stress_year;low_response_year,wet,LCA2022_normal_grid_S0019,pareto_balanced,2022-07-05,186,26,21,"{""sim_day"": 26.0, ""doy"": 186.0, ""topwt"": 908.0531311035156, ""grnwt"": 0.0, ""xlai"": 1.3485747575759888, ""totir"": 0.0, ""tofer"": NaN, ""swfac"": 0.0, ""nstres"": 0.0}",0.0,0.0,908.0531311035156,0.0,1.3485747575759888,0.0,,0.0,0.0,0.0,225.0,47.90493164062501,47.90493164062501,Leave_One_experiments/all_year_offline_schedule_search/daily_outputs/LCA/LCA_2022_LCA2022_normal_grid_S0019_daily.csv
LCA,LCA,Luancheng,2022,Leave_One_experiments\wth_generated_qc\LCA\LCA2022.WTH,wet_year;nitrogen_stress_year;low_response_year,wet,LCA2022_normal_grid_S0019,pareto_balanced,2022-07-06,187,27,22,"{""sim_day"": 27.0, ""doy"": 187.0, ""topwt"": 1088.2132720947266, ""grnwt"": 0.0, ""xlai"": 1.549021601676941, ""totir"": 0.0, ""tofer"": NaN, ""swfac"": 0.0, ""nstres"": 0.0}",0.0,0.0,1088.2132720947266,0.0,1.549021601676941,0.0,,0.0,0.0,0.0,225.0,47.90493164062501,47.90493164062501,Leave_One_experiments/all_year_offline_schedule_search/daily_outputs/LCA/LCA_2022_LCA2022_normal_grid_S0019_daily.csv
LCA,LCA,Luancheng,2022,Leave_One_experiments\wth_generated_qc\LCA\LCA2022.WTH,wet_year;nitrogen_stress_year;low_response_year,wet,LCA2022_normal_grid_S0019,pareto_balanced,2022-07-07,188,28,23,"{""sim_day"": 28.0, ""doy"": 188.0, ""topwt"": 1298.6666870117188, ""grnwt"": 0.0, ""xlai"": 1.7639111280441284, ""totir"": 0.0, ""tofer"": NaN, ""swfac"": 0.0, ""nstres"": 0.0}",0.0,0.0,1298.6666870117188,0.0,1.7639111280441284,0.0,,0.0,0.0,0.0,225.0,47.90493164062501,47.90493164062501,Leave_One_experiments/all_year_offline_schedule_search/daily_outputs/LCA/LCA_2022_LCA2022_normal_grid_S0019_daily.csv
LCA,LCA,Luancheng,2022,Leave_One_experiments\wth_generated_qc\LCA\LCA2022.WTH,wet_year;nitrogen_stress_year;low_response_year,wet,LCA2022_normal_grid_S0019,pareto_balanced,2022-07-08,189,29,24,"{""sim_day"": 29.0, ""doy"": 189.0, ""topwt"": 1531.2039184570312, ""grnwt"": 0.0, ""xlai"": 1.9804058074951167, ""totir"": 0.0, ""tofer"": NaN, ""swfac"": 0.0, ""nstres"": 0.0}",0.0,0.0,1531.2039184570312,0.0,1.9804058074951167,0.0,,0.0,0.0,0.0,225.0,47.90493164062501,47.90493164062501,Leave_One_experiments/all_year_offline_schedule_search/daily_outputs/LCA/LCA_2022_LCA2022_normal_grid_S0019_daily.csv
LCA,LCA,Luancheng,2022,Leave_One_experiments\wth_generated_qc\LCA\LCA2022.WTH,wet_year;nitrogen_stress_year;low_response_year,wet,LCA2022_normal_grid_S0019,pareto_balanced,2022-07-09,190,30,25,"{""sim_day"": 30.0, ""doy"": 190.0, ""topwt"": 1665.9156799316406, ""grnwt"": 0.0, ""xlai"": 2.097125768661499, ""totir"": 0.0, ""tofer"": NaN, ""swfac"": 0.0, ""nstres"": 0.0}",0.0,0.0,1665.9156799316406,0.0,2.097125768661499,0.0,,0.0,0.0,0.0,225.0,47.90493164062501,47.90493164062501,Leave_One_experiments/all_year_offline_schedule_search/daily_outputs/LCA/LCA_2022_LCA2022_normal_grid_S0019_daily.csv
LCA,LCA,Luancheng,2022,Leave_One_experiments\wth_generated_qc\LCA\LCA2022.WTH,wet_year;nitrogen_stress_year;low_response_year,wet,LCA2022_normal_grid_S0019,pareto_balanced,2022-07-10,191,31,26,"{""sim_day"": 31.0, ""doy"": 191.0, ""topwt"": 1772.8434753417969, ""grnwt"": 0.0, ""xlai"": 2.184321165084839, ""totir"": 0.0, ""tofer"": NaN, ""swfac"": 0.0, ""nstres"": 0.0}",0.0,0.0,1772.8434753417969,0.0,2.184321165084839,0.0,,0.0,0.0,0.0,225.0,47.90493164062501,47.90493164062501,Leave_One_experiments/all_year_offline_schedule_search/daily_outputs/LCA/LCA_2022_LCA2022_normal_grid_S0019_daily.csv
LCA,LCA,Luancheng,2022,Leave_One_experiments\wth_generated_qc\LCA\LCA2022.WTH,wet_year;nitrogen_stress_year;low_response_year,wet,LCA2022_normal_grid_S0019,pareto_balanced,2022-07-11,192,32,27,"{""sim_day"": 32.0, ""doy"": 192.0, ""topwt"": 1901.368560791016, ""grnwt"": 0.0, ""xlai"": 2.282560348510742, ""totir"": 0.0, ""tofer"": NaN, ""swfac"": 0.0, ""nstres"": 0.0}",0.0,0.0,1901.368560791016,0.0,2.282560348510742,0.0,,0.0,0.0,0.0,225.0,47.90493164062501,47.90493164062501,Leave_One_experiments/all_year_offline_schedule_search/daily_outputs/LCA/LCA_2022_LCA2022_normal_grid_S0019_daily.csv
LCA,LCA,Luancheng,2022,Leave_One_experiments\wth_generated_qc\LCA\LCA2022.WTH,wet_year;nitrogen_stress_year;low_response_year,wet,LCA2022_normal_grid_S0019,pareto_balanced,2022-07-12,193,33,28,"{""sim_day"": 33.0, ""doy"": 193.0, ""topwt"": 2158.927764892578, ""grnwt"": 0.0, ""xlai"": 2.463552951812744, ""totir"": 0.0, ""tofer"": NaN, ""swfac"": 0.0, ""nstres"": 0.0}",0.0,0.0,2158.927764892578,0.0,2.463552951812744,0.0,,0.0,0.0,0.0,225.0,47.90493164062501,47.90493164062501,Leave_One_experiments/all_year_offline_schedule_search/daily_outputs/LCA/LCA_2022_LCA2022_normal_grid_S0019_daily.csv
LCA,LCA,Luancheng,2022,Leave_One_experiments\wth_generated_qc\LCA\LCA2022.WTH,wet_year;nitrogen_stress_year;low_response_year,wet,LCA2022_normal_grid_S0019,pareto_balanced,2022-07-13,194,34,29,"{""sim_day"": 34.0, ""doy"": 194.0, ""topwt"": 2462.2433471679688, ""grnwt"": 0.0, ""xlai"": 2.657309532165528, ""totir"": 0.0, ""tofer"": NaN, ""swfac"": 0.0, ""nstres"": 0.0}",0.0,0.0,2462.2433471679688,0.0,2.657309532165528,0.0,,0.0,0.0,0.0,225.0,47.90493164062501,47.90493164062501,Leave_One_experiments/all_year_offline_schedule_search/daily_outputs/LCA/LCA_2022_LCA2022_normal_grid_S0019_daily.csv
LCA,LCA,Luancheng,2022,Leave_One_experiments\wth_generated_qc\LCA\LCA2022.WTH,wet_year;nitrogen_stress_year;low_response_year,wet,LCA2022_normal_grid_S0019,pareto_balanced,2022-07-14,195,35,30,"{""sim_day"": 35.0, ""doy"": 195.0, ""topwt"": 2820.7192993164062, ""grnwt"": 0.0, ""xlai"": 2.8643624782562256, ""totir"": 0.0, ""tofer"": NaN, ""swfac"": 0.0, ""nstres"": 0.0}",0.0,0.0,2820.7192993164062,0.0,2.8643624782562256,0.0,,0.0,75.0,0.0,225.0,47.90493164062501,47.90493164062501,Leave_One_experiments/all_year_offline_schedule_search/daily_outputs/LCA/LCA_2022_LCA2022_normal_grid_S0019_daily.csv
LCA,LCA,Luancheng,2022,Leave_One_experiments\wth_generated_qc\LCA\LCA2022.WTH,wet_year;nitrogen_stress_year;low_response_year,wet,LCA2022_normal_grid_S0019,pareto_balanced,2022-07-15,196,36,31,"{""sim_day"": 36.0, ""doy"": 196.0, ""topwt"": 2940.835876464844, ""grnwt"": 0.0, ""xlai"": 2.928014278411865, ""totir"": 0.0, ""tofer"": NaN, ""swfac"": 0.0, ""nstres"": 0.0}",0.0,0.0,2940.835876464844,0.0,2.928014278411865,0.0,,0.0,0.0,0.0,225.0,47.90493164062501,47.90493164062501,Leave_One_experiments/all_year_offline_schedule_search/daily_outputs/LCA/LCA_2022_LCA2022_normal_grid_S0019_daily.csv
LCA,LCA,Luancheng,2022,Leave_One_experiments\wth_generated_qc\LCA\LCA2022.WTH,wet_year;nitrogen_stress_year;low_response_year,wet,LCA2022_normal_grid_S0019,pareto_balanced,2022-07-16,197,37,32,"{""sim_day"": 37.0, ""doy"": 197.0, ""topwt"": 3359.0249633789062, ""grnwt"": 0.0, ""xlai"": 3.131070852279663, ""totir"": 0.0, ""tofer"": NaN, ""swfac"": 0.0, ""nstres"": 0.0}",0.0,0.0,3359.0249633789062,0.0,3.131070852279663,0.0,,0.0,0.0,0.0,225.0,47.90493164062501,47.90493164062501,Leave_One_experiments/all_year_offline_schedule_search/daily_outputs/LCA/LCA_2022_LCA2022_normal_grid_S0019_daily.csv
LCA,LCA,Luancheng,2022,Leave_One_experiments\wth_generated_qc\LCA\LCA2022.WTH,wet_year;nitrogen_stress_year;low_response_year,wet,LCA2022_normal_grid_S0019,pareto_balanced,2022-07-17,198,38,33,"{""sim_day"": 38.0, ""doy"": 198.0, ""topwt"": 3777.9959106445312, ""grnwt"": 0.0, ""xlai"": 3.316324472427368, ""totir"": 0.0, ""tofer"": NaN, ""swfac"": 0.0, ""nstres"": 0.0}",0.0,0.0,3777.9959106445312,0.0,3.316324472427368,0.0,,0.0,0.0,0.0,225.0,47.90493164062501,47.90493164062501,Leave_One_experiments/all_year_offline_schedule_search/daily_outputs/LCA/LCA_2022_LCA2022_normal_grid_S0019_daily.csv
LCA,LCA,Luancheng,2022,Leave_One_experiments\wth_generated_qc\LCA\LCA2022.WTH,wet_year;nitrogen_stress_year;low_response_year,wet,LCA2022_normal_grid_S0019,pareto_balanced,2022-07-18,199,39,34,"{""sim_day"": 39.0, ""doy"": 199.0, ""topwt"": 3983.404235839844, ""grnwt"": 0.0, ""xlai"": 3.3999483585357666, ""totir"": 0.0, ""tofer"": NaN, ""swfac"": 0.0, ""nstres"": 0.0}",0.0,0.0,3983.404235839844,0.0,3.3999483585357666,0.0,,0.0,0.0,0.0,225.0,47.90493164062501,47.90493164062501,Leave_One_experiments/all_year_offline_schedule_search/daily_outputs/LCA/LCA_2022_LCA2022_normal_grid_S0019_daily.csv
LCA,LCA,Luancheng,2022,Leave_One_experiments\wth_generated_qc\LCA\LCA2022.WTH,wet_year;nitrogen_stress_year;low_response_year,wet,LCA2022_normal_grid_S0019,pareto_balanced,2022-07-19,200,40,35,"{""sim_day"": 40.0, ""doy"": 200.0, ""topwt"": 4479.833679199219, ""grnwt"": 0.0, ""xlai"": 3.679467916488648, ""totir"": 0.0, ""tofer"": NaN, ""swfac"": 0.0, ""nstres"": 0.0}",0.0,0.0,4479.833679199219,0.0,3.679467916488648,0.0,,0.0,0.0,0.0,225.0,47.90493164062501,47.90493164062501,Leave_One_experiments/all_year_offline_schedule_search/daily_outputs/LCA/LCA_2022_LCA2022_normal_grid_S0019_daily.csv
LCA,LCA,Luancheng,2022,Leave_One_experiments\wth_generated_qc\LCA\LCA2022.WTH,wet_year;nitrogen_stress_year;low_response_year,wet,LCA2022_normal_grid_S0019,pareto_balanced,2022-07-20,201,41,36,"{""sim_day"": 41.0, ""doy"": 201.0, ""topwt"": 4961.959838867188, ""grnwt"": 0.0, ""xlai"": 3.878374576568604, ""totir"": 0.0, ""tofer"": NaN, ""swfac"": 0.0, ""nstres"": 0.0}",0.0,0.0,4961.959838867188,0.0,3.878374576568604,0.0,,0.0,0.0,0.0,225.0,47.90493164062501,47.90493164062501,Leave_One_experiments/all_year_offline_schedule_search/daily_outputs/LCA/LCA_2022_LCA2022_normal_grid_S0019_daily.csv
LCA,LCA,Luancheng,2022,Leave_One_experiments\wth_generated_qc\LCA\LCA2022.WTH,wet_year;nitrogen_stress_year;low_response_year,wet,LCA2022_normal_grid_S0019,pareto_balanced,2022-07-21,202,42,37,"{""sim_day"": 42.0, ""doy"": 202.0, ""topwt"": 5098.642578125, ""grnwt"": 0.0, ""xlai"": 3.926656484603882, ""totir"": 0.0, ""tofer"": NaN, ""swfac"": 0.0, ""nstres"": 0.0}",0.0,0.0,5098.642578125,0.0,3.926656484603882,0.0,,0.0,0.0,0.0,225.0,47.90493164062501,47.90493164062501,Leave_One_experiments/all_year_offline_schedule_search/daily_outputs/LCA/LCA_2022_LCA2022_normal_grid_S0019_daily.csv
LCA,LCA,Luancheng,2022,Leave_One_experiments\wth_generated_qc\LCA\LCA2022.WTH,wet_year;nitrogen_stress_year;low_response_year,wet,LCA2022_normal_grid_S0019,pareto_balanced,2022-07-22,203,43,38,"{""sim_day"": 43.0, ""doy"": 203.0, ""topwt"": 5528.668823242188, ""grnwt"": 0.0, ""xlai"": 4.062701225280762, ""totir"": 0.0, ""tofer"": NaN, ""swfac"": 0.0, ""nstres"": 0.0}",0.0,0.0,5528.668823242188,0.0,4.062701225280762,0.0,,0.0,0.0,0.0,225.0,47.90493164062501,47.90493164062501,Leave_One_experiments/all_year_offline_schedule_search/daily_outputs/LCA/LCA_2022_LCA2022_normal_grid_S0019_daily.csv
LCA,LCA,Luancheng,2022,Leave_One_experiments\wth_generated_qc\LCA\LCA2022.WTH,wet_year;nitrogen_stress_year;low_response_year,wet,LCA2022_normal_grid_S0019,pareto_balanced,2022-07-23,204,44,39,"{""sim_day"": 44.0, ""doy"": 204.0, ""topwt"": 5962.054443359375, ""grnwt"": 0.0, ""xlai"": 4.185481071472168, ""totir"": 0.0, ""tofer"": NaN, ""swfac"": 0.0, ""nstres"": 0.0}",0.0,0.0,5962.054443359375,0.0,4.185481071472168,0.0,,0.0,0.0,0.0,225.0,47.90493164062501,47.90493164062501,Leave_One_experiments/all_year_offline_schedule_search/daily_outputs/LCA/LCA_2022_LCA2022_normal_grid_S0019_daily.csv
LCA,LCA,Luancheng,2022,Leave_One_experiments\wth_generated_qc\LCA\LCA2022.WTH,wet_year;nitrogen_stress_year;low_response_year,wet,LCA2022_normal_grid_S0019,pareto_balanced,2022-07-24,205,45,40,"{""sim_day"": 45.0, ""doy"": 205.0, ""topwt"": 6195.81298828125, ""grnwt"": 0.0, ""xlai"": 4.241654396057129, ""totir"": 0.0, ""tofer"": NaN, ""swfac"": 0.0, ""nstres"": 0.0}",0.0,0.0,6195.81298828125,0.0,4.241654396057129,0.0,,0.0,0.0,0.0,225.0,47.90493164062501,47.90493164062501,Leave_One_experiments/all_year_offline_schedule_search/daily_outputs/LCA/LCA_2022_LCA2022_normal_grid_S0019_daily.csv
LCA,LCA,Luancheng,2022,Leave_One_experiments\wth_generated_qc\LCA\LCA2022.WTH,wet_year;nitrogen_stress_year;low_response_year,wet,LCA2022_normal_grid_S0019,pareto_balanced,2022-07-25,206,46,41,"{""sim_day"": 46.0, ""doy"": 206.0, ""topwt"": 6563.37890625, ""grnwt"": 0.0, ""xlai"": 4.326138019561768, ""totir"": 0.0, ""tofer"": NaN, ""swfac"": 0.0, ""nstres"": 0.0}",0.0,0.0,6563.37890625,0.0,4.326138019561768,0.0,,0.0,0.0,0.0,225.0,47.90493164062501,47.90493164062501,Leave_One_experiments/all_year_offline_schedule_search/daily_outputs/LCA/LCA_2022_LCA2022_normal_grid_S0019_daily.csv
LCA,LCA,Luancheng,2022,Leave_One_experiments\wth_generated_qc\LCA\LCA2022.WTH,wet_year;nitrogen_stress_year;low_response_year,wet,LCA2022_normal_grid_S0019,pareto_balanced,2022-07-26,207,47,42,"{""sim_day"": 47.0, ""doy"": 207.0, ""topwt"": 6707.735595703125, ""grnwt"": 0.0, ""xlai"": 4.349045753479004, ""totir"": 0.0, ""tofer"": NaN, ""swfac"": 0.0, ""nstres"": 0.0}",0.0,0.0,6707.735595703125,0.0,4.349045753479004,0.0,,0.0,0.0,0.0,225.0,47.90493164062501,47.90493164062501,Leave_One_experiments/all_year_offline_schedule_search/daily_outputs/LCA/LCA_2022_LCA2022_normal_grid_S0019_daily.csv
LCA,LCA,Luancheng,2022,Leave_One_experiments\wth_generated_qc\LCA\LCA2022.WTH,wet_year;nitrogen_stress_year;low_response_year,wet,LCA2022_normal_grid_S0019,pareto_balanced,2022-07-27,208,48,43,"{""sim_day"": 48.0, ""doy"": 208.0, ""topwt"": 6984.8876953125, ""grnwt"": 0.0, ""xlai"": 4.40290641784668, ""totir"": 0.0, ""tofer"": NaN, ""swfac"": 0.0, ""nstres"": 0.0}",0.0,0.0,6984.8876953125,0.0,4.40290641784668,0.0,,0.0,0.0,0.0,225.0,47.90493164062501,47.90493164062501,Leave_One_experiments/all_year_offline_schedule_search/daily_outputs/LCA/LCA_2022_LCA2022_normal_grid_S0019_daily.csv
LCA,LCA,Luancheng,2022,Leave_One_experiments\wth_generated_qc\LCA\LCA2022.WTH,wet_year;nitrogen_stress_year;low_response_year,wet,LCA2022_normal_grid_S0019,pareto_balanced,2022-07-28,209,49,44,"{""sim_day"": 49.0, ""doy"": 209.0, ""topwt"": 7338.5809326171875, ""grnwt"": 0.0, ""xlai"": 4.472922801971436, ""totir"": 0.0, ""tofer"": NaN, ""swfac"": 0.0, ""nstres"": 0.0}",0.0,0.0,7338.5809326171875,0.0,4.472922801971436,0.0,,0.0,0.0,0.0,225.0,47.90493164062501,47.90493164062501,Leave_One_experiments/all_year_offline_schedule_search/daily_outputs/LCA/LCA_2022_LCA2022_normal_grid_S0019_daily.csv
LCA,LCA,Luancheng,2022,Leave_One_experiments\wth_generated_qc\LCA\LCA2022.WTH,wet_year;nitrogen_stress_year;low_response_year,wet,LCA2022_normal_grid_S0019,pareto_balanced,2022-07-29,210,50,45,"{""sim_day"": 50.0, ""doy"": 210.0, ""topwt"": 7727.620239257812, ""grnwt"": 0.0, ""xlai"": 4.548485279083252, ""totir"": 0.0, ""tofer"": NaN, ""swfac"": 0.0, ""nstres"": 0.0}",0.0,0.0,7727.620239257812,0.0,4.548485279083252,0.0,,0.0,0.0,0.0,225.0,47.90493164062501,47.90493164062501,Leave_One_experiments/all_year_offline_schedule_search/daily_outputs/LCA/LCA_2022_LCA2022_normal_grid_S0019_daily.csv
LCA,LCA,Luancheng,2022,Leave_One_experiments\wth_generated_qc\LCA\LCA2022.WTH,wet_year;nitrogen_stress_year;low_response_year,wet,LCA2022_normal_grid_S0019,pareto_balanced,2022-07-30,211,51,46,"{""sim_day"": 51.0, ""doy"": 211.0, ""topwt"": 8158.1201171875, ""grnwt"": 0.0, ""xlai"": 4.630696296691895, ""totir"": 0.0, ""tofer"": NaN, ""swfac"": 0.0, ""nstres"": 0.0}",0.0,0.0,8158.1201171875,0.0,4.630696296691895,0.0,,0.0,0.0,0.0,225.0,47.90493164062501,47.90493164062501,Leave_One_experiments/all_year_offline_schedule_search/daily_outputs/LCA/LCA_2022_LCA2022_normal_grid_S0019_daily.csv
LCA,LCA,Luancheng,2022,Leave_One_experiments\wth_generated_qc\LCA\LCA2022.WTH,wet_year;nitrogen_stress_year;low_response_year,wet,LCA2022_normal_grid_S0019,pareto_balanced,2022-07-31,212,52,47,"{""sim_day"": 52.0, ""doy"": 212.0, ""topwt"": 8559.251098632812, ""grnwt"": 0.0, ""xlai"": 4.487704753875732, ""totir"": 0.0, ""tofer"": NaN, ""swfac"": 0.0, ""nstres"": 0.0}",0.0,0.0,8559.251098632812,0.0,4.487704753875732,0.0,,0.0,0.0,0.0,225.0,47.90493164062501,47.90493164062501,Leave_One_experiments/all_year_offline_schedule_search/daily_outputs/LCA/LCA_2022_LCA2022_normal_grid_S0019_daily.csv
LCA,LCA,Luancheng,2022,Leave_One_experiments\wth_generated_qc\LCA\LCA2022.WTH,wet_year;nitrogen_stress_year;low_response_year,wet,LCA2022_normal_grid_S0019,pareto_balanced,2022-08-01,213,53,48,"{""sim_day"": 53.0, ""doy"": 213.0, ""topwt"": 8967.457885742188, ""grnwt"": 0.0, ""xlai"": 4.462042331695557, ""totir"": 0.0, ""tofer"": NaN, ""swfac"": 0.0, ""nstres"": 0.0}",0.0,0.0,8967.457885742188,0.0,4.462042331695557,0.0,,0.0,0.0,0.0,225.0,47.90493164062501,47.90493164062501,Leave_One_experiments/all_year_offline_schedule_search/daily_outputs/LCA/LCA_2022_LCA2022_normal_grid_S0019_daily.csv
LCA,LCA,Luancheng,2022,Leave_One_experiments\wth_generated_qc\LCA\LCA2022.WTH,wet_year;nitrogen_stress_year;low_response_year,wet,LCA2022_normal_grid_S0019,pareto_balanced,2022-08-02,214,54,49,"{""sim_day"": 54.0, ""doy"": 214.0, ""topwt"": 9371.043090820312, ""grnwt"": 0.0, ""xlai"": 4.436542987823486, ""totir"": 0.0, ""tofer"": NaN, ""swfac"": 0.0, ""nstres"": 0.0}",0.0,0.0,9371.043090820312,0.0,4.436542987823486,0.0,,0.0,0.0,0.0,225.0,47.90493164062501,47.90493164062501,Leave_One_experiments/all_year_offline_schedule_search/daily_outputs/LCA/LCA_2022_LCA2022_normal_grid_S0019_daily.csv
LCA,LCA,Luancheng,2022,Leave_One_experiments\wth_generated_qc\LCA\LCA2022.WTH,wet_year;nitrogen_stress_year;low_response_year,wet,LCA2022_normal_grid_S0019,pareto_balanced,2022-08-03,215,55,50,"{""sim_day"": 55.0, ""doy"": 215.0, ""topwt"": 9766.080932617188, ""grnwt"": 0.0, ""xlai"": 4.410186767578125, ""totir"": 0.0, ""tofer"": NaN, ""swfac"": 0.0, ""nstres"": 0.0}",0.0,0.0,9766.080932617188,0.0,4.410186767578125,0.0,,0.0,0.0,0.0,225.0,47.90493164062501,47.90493164062501,Leave_One_experiments/all_year_offline_schedule_search/daily_outputs/LCA/LCA_2022_LCA2022_normal_grid_S0019_daily.csv
LCA,LCA,Luancheng,2022,Leave_One_experiments\wth_generated_qc\LCA\LCA2022.WTH,wet_year;nitrogen_stress_year;low_response_year,wet,LCA2022_normal_grid_S0019,pareto_balanced,2022-08-04,216,56,51,"{""sim_day"": 56.0, ""doy"": 216.0, ""topwt"": 10118.582763671877, ""grnwt"": 0.0, ""xlai"": 4.383967399597168, ""totir"": 0.0, ""tofer"": NaN, ""swfac"": 0.0, ""nstres"": 0.0}",0.0,0.0,10118.582763671877,0.0,4.383967399597168,0.0,,0.0,0.0,0.0,225.0,47.90493164062501,47.90493164062501,Leave_One_experiments/all_year_offline_schedule_search/daily_outputs/LCA/LCA_2022_LCA2022_normal_grid_S0019_daily.csv
LCA,LCA,Luancheng,2022,Leave_One_experiments\wth_generated_qc\LCA\LCA2022.WTH,wet_year;nitrogen_stress_year;low_response_year,wet,LCA2022_normal_grid_S0019,pareto_balanced,2022-08-05,217,57,52,"{""sim_day"": 57.0, ""doy"": 217.0, ""topwt"": 10475.797119140623, ""grnwt"": 0.0, ""xlai"": 4.35774040222168, ""totir"": 0.0, ""tofer"": NaN, ""swfac"": 0.0, ""nstres"": 0.0}",0.0,0.0,10475.797119140623,0.0,4.35774040222168,0.0,,0.0,0.0,0.0,225.0,47.90493164062501,47.90493164062501,Leave_One_experiments/all_year_offline_schedule_search/daily_outputs/LCA/LCA_2022_LCA2022_normal_grid_S0019_daily.csv
LCA,LCA,Luancheng,2022,Leave_One_experiments\wth_generated_qc\LCA\LCA2022.WTH,wet_year;nitrogen_stress_year;low_response_year,wet,LCA2022_normal_grid_S0019,pareto_balanced,2022-08-06,218,58,53,"{""sim_day"": 58.0, ""doy"": 218.0, ""topwt"": 10583.64501953125, ""grnwt"": 0.0, ""xlai"": 4.333696842193604, ""totir"": 0.0, ""tofer"": NaN, ""swfac"": 0.0, ""nstres"": 0.0}",0.0,0.0,10583.64501953125,0.0,4.333696842193604,0.0,,0.0,0.0,0.0,225.0,47.90493164062501,47.90493164062501,Leave_One_experiments/all_year_offline_schedule_search/daily_outputs/LCA/LCA_2022_LCA2022_normal_grid_S0019_daily.csv
LCA,LCA,Luancheng,2022,Leave_One_experiments\wth_generated_qc\LCA\LCA2022.WTH,wet_year;nitrogen_stress_year;low_response_year,wet,LCA2022_normal_grid_S0019,pareto_balanced,2022-08-07,219,59,54,"{""sim_day"": 59.0, ""doy"": 219.0, ""topwt"": 10561.700439453123, ""grnwt"": 0.0, ""xlai"": 4.312739372253418, ""totir"": 0.0, ""tofer"": NaN, ""swfac"": 0.0, ""nstres"": 0.0}",0.0,0.0,10561.700439453123,0.0,4.312739372253418,0.0,,0.0,0.0,0.0,225.0,47.90493164062501,47.90493164062501,Leave_One_experiments/all_year_offline_schedule_search/daily_outputs/LCA/LCA_2022_LCA2022_normal_grid_S0019_daily.csv
LCA,LCA,Luancheng,2022,Leave_One_experiments\wth_generated_qc\LCA\LCA2022.WTH,wet_year;nitrogen_stress_year;low_response_year,wet,LCA2022_normal_grid_S0019,pareto_balanced,2022-08-08,220,60,55,"{""sim_day"": 60.0, ""doy"": 220.0, ""topwt"": 10623.0517578125, ""grnwt"": 359.7798538208008, ""xlai"": 4.230617523193359, ""totir"": 0.0, ""tofer"": NaN, ""swfac"": 0.0, ""nstres"": 0.0}",0.0,0.0,10623.0517578125,359.7798538208008,4.230617523193359,0.0,,0.0,0.0,0.0,225.0,47.90493164062501,47.90493164062501,Leave_One_experiments/all_year_offline_schedule_search/daily_outputs/LCA/LCA_2022_LCA2022_normal_grid_S0019_daily.csv
LCA,LCA,Luancheng,2022,Leave_One_experiments\wth_generated_qc\LCA\LCA2022.WTH,wet_year;nitrogen_stress_year;low_response_year,wet,LCA2022_normal_grid_S0019,pareto_balanced,2022-08-09,221,61,56,"{""sim_day"": 61.0, ""doy"": 221.0, ""topwt"": 10786.163330078123, ""grnwt"": 719.5597076416016, ""xlai"": 4.220182418823242, ""totir"": 0.0, ""tofer"": NaN, ""swfac"": 0.0, ""nstres"": 0.0}",0.0,0.0,10786.163330078123,719.5597076416016,4.220182418823242,0.0,,0.0,0.0,0.0,225.0,47.90493164062501,47.90493164062501,Leave_One_experiments/all_year_offline_schedule_search/daily_outputs/LCA/LCA_2022_LCA2022_normal_grid_S0019_daily.csv
LCA,LCA,Luancheng,2022,Leave_One_experiments\wth_generated_qc\LCA\LCA2022.WTH,wet_year;nitrogen_stress_year;low_response_year,wet,LCA2022_normal_grid_S0019,pareto_balanced,2022-08-10,222,62,57,"{""sim_day"": 62.0, ""doy"": 222.0, ""topwt"": 11170.880126953123, ""grnwt"": 1079.3395233154297, ""xlai"": 4.203794956207275, ""totir"": 0.0, ""tofer"": NaN, ""swfac"": 0.0, ""nstres"": 0.0}",0.0,0.0,11170.880126953123,1079.3395233154297,4.203794956207275,0.0,,0.0,0.0,0.0,225.0,47.90493164062501,47.90493164062501,Leave_One_experiments/all_year_offline_schedule_search/daily_outputs/LCA/LCA_2022_LCA2022_normal_grid_S0019_daily.csv
LCA,LCA,Luancheng,2022,Leave_One_experiments\wth_generated_qc\LCA\LCA2022.WTH,wet_year;nitrogen_stress_year;low_response_year,wet,LCA2022_normal_grid_S0019,pareto_balanced,2022-08-11,223,63,58,"{""sim_day"": 63.0, ""doy"": 223.0, ""topwt"": 11315.491943359377, ""grnwt"": 1439.1194152832031, ""xlai"": 4.184404373168945, ""totir"": 0.0, ""tofer"": NaN, ""swfac"": 0.0, ""nstres"": 0.0}",0.0,0.0,11315.491943359377,1439.1194152832031,4.184404373168945,0.0,,0.0,0.0,0.0,225.0,47.90493164062501,47.90493164062501,Leave_One_experiments/all_year_offline_schedule_search/daily_outputs/LCA/LCA_2022_LCA2022_normal_grid_S0019_daily.csv
LCA,LCA,Luancheng,2022,Leave_One_experiments\wth_generated_qc\LCA\LCA2022.WTH,wet_year;nitrogen_stress_year;low_response_year,wet,LCA2022_normal_grid_S0019,pareto_balanced,2022-08-12,224,64,59,"{""sim_day"": 64.0, ""doy"": 224.0, ""topwt"": 11468.314208984377, ""grnwt"": 1798.8992309570312, ""xlai"": 4.160244941711426, ""totir"": 0.0, ""tofer"": NaN, ""swfac"": 0.0, ""nstres"": 0.0}",0.0,0.0,11468.314208984377,1798.8992309570312,4.160244941711426,0.0,,0.0,0.0,0.0,225.0,47.90493164062501,47.90493164062501,Leave_One_experiments/all_year_offline_schedule_search/daily_outputs/LCA/LCA_2022_LCA2022_normal_grid_S0019_daily.csv
LCA,LCA,Luancheng,2022,Leave_One_experiments\wth_generated_qc\LCA\LCA2022.WTH,wet_year;nitrogen_stress_year;low_response_year,wet,LCA2022_normal_grid_S0019,pareto_balanced,2022-08-13,225,65,60,"{""sim_day"": 65.0, ""doy"": 225.0, ""topwt"": 11385.731201171877, ""grnwt"": 1839.5652770996091, ""xlai"": 4.134497165679932, ""totir"": 0.0, ""tofer"": NaN, ""swfac"": 0.0, ""nstres"": 0.0}",0.0,0.0,11385.731201171877,1839.5652770996091,4.134497165679932,0.0,,0.0,75.0,0.0,225.0,47.90493164062501,47.90493164062501,Leave_One_experiments/all_year_offline_schedule_search/daily_outputs/LCA/LCA_2022_LCA2022_normal_grid_S0019_daily.csv
LCA,LCA,Luancheng,2022,Leave_One_experiments\wth_generated_qc\LCA\LCA2022.WTH,wet_year;nitrogen_stress_year;low_response_year,wet,LCA2022_normal_grid_S0019,pareto_balanced,2022-08-14,226,66,61,"{""sim_day"": 66.0, ""doy"": 226.0, ""topwt"": 11696.30859375, ""grnwt"": 2129.637756347656, ""xlai"": 4.099579811096191, ""totir"": 0.0, ""tofer"": NaN, ""swfac"": 0.0, ""nstres"": 0.0}",0.0,0.0,11696.30859375,2129.637756347656,4.099579811096191,0.0,,0.0,0.0,0.0,225.0,47.90493164062501,47.90493164062501,Leave_One_experiments/all_year_offline_schedule_search/daily_outputs/LCA/LCA_2022_LCA2022_normal_grid_S0019_daily.csv
LCA,LCA,Luancheng,2022,Leave_One_experiments\wth_generated_qc\LCA\LCA2022.WTH,wet_year;nitrogen_stress_year;low_response_year,wet,LCA2022_normal_grid_S0019,pareto_balanced,2022-08-15,227,67,62,"{""sim_day"": 67.0, ""doy"": 227.0, ""topwt"": 12136.829833984377, ""grnwt"": 2489.417724609375, ""xlai"": 4.064135074615479, ""totir"": 0.0, ""tofer"": NaN, ""swfac"": 0.0, ""nstres"": 0.0}",0.0,0.0,12136.829833984377,2489.417724609375,4.064135074615479,0.0,,0.0,0.0,0.0,225.0,47.90493164062501,47.90493164062501,Leave_One_experiments/all_year_offline_schedule_search/daily_outputs/LCA/LCA_2022_LCA2022_normal_grid_S0019_daily.csv
LCA,LCA,Luancheng,2022,Leave_One_experiments\wth_generated_qc\LCA\LCA2022.WTH,wet_year;nitrogen_stress_year;low_response_year,wet,LCA2022_normal_grid_S0019,pareto_balanced,2022-08-16,228,68,63,"{""sim_day"": 68.0, ""doy"": 228.0, ""topwt"": 12503.65966796875, ""grnwt"": 2849.1973876953125, ""xlai"": 4.025477409362793, ""totir"": 0.0, ""tofer"": NaN, ""swfac"": 0.0, ""nstres"": 0.0}",0.0,0.0,12503.65966796875,2849.1973876953125,4.025477409362793,0.0,,0.0,0.0,0.0,225.0,47.90493164062501,47.90493164062501,Leave_One_experiments/all_year_offline_schedule_search/daily_outputs/LCA/LCA_2022_LCA2022_normal_grid_S0019_daily.csv
LCA,LCA,Luancheng,2022,Leave_One_experiments\wth_generated_qc\LCA\LCA2022.WTH,wet_year;nitrogen_stress_year;low_response_year,wet,LCA2022_normal_grid_S0019,pareto_balanced,2022-08-17,229,69,64,"{""sim_day"": 69.0, ""doy"": 229.0, ""topwt"": 12482.2998046875, ""grnwt"": 2936.1343383789062, ""xlai"": 3.982738971710205, ""totir"": 0.0, ""tofer"": NaN, ""swfac"": 0.0, ""nstres"": 0.0}",0.0,0.0,12482.2998046875,2936.1343383789062,3.982738971710205,0.0,,0.0,0.0,0.0,225.0,47.90493164062501,47.90493164062501,Leave_One_experiments/all_year_offline_schedule_search/daily_outputs/LCA/LCA_2022_LCA2022_normal_grid_S0019_daily.csv
LCA,LCA,Luancheng,2022,Leave_One_experiments\wth_generated_qc\LCA\LCA2022.WTH,wet_year;nitrogen_stress_year;low_response_year,wet,LCA2022_normal_grid_S0019,pareto_balanced,2022-08-18,230,70,65,"{""sim_day"": 70.0, ""doy"": 230.0, ""topwt"": 12825.5810546875, ""grnwt"": 3176.737060546875, ""xlai"": 3.92392635345459, ""totir"": 0.0, ""tofer"": NaN, ""swfac"": 0.0, ""nstres"": 0.0}",0.0,0.0,12825.5810546875,3176.737060546875,3.92392635345459,0.0,,0.0,0.0,0.0,225.0,47.90493164062501,47.90493164062501,Leave_One_experiments/all_year_offline_schedule_search/daily_outputs/LCA/LCA_2022_LCA2022_normal_grid_S0019_daily.csv
LCA,LCA,Luancheng,2022,Leave_One_experiments\wth_generated_qc\LCA\LCA2022.WTH,wet_year;nitrogen_stress_year;low_response_year,wet,LCA2022_normal_grid_S0019,pareto_balanced,2022-08-19,231,71,66,"{""sim_day"": 71.0, ""doy"": 231.0, ""topwt"": 13240.91796875, ""grnwt"": 3536.5170288085938, ""xlai"": 3.87103009223938, ""totir"": 0.0, ""tofer"": NaN, ""swfac"": 0.0, ""nstres"": 0.0}",0.0,0.0,13240.91796875,3536.5170288085938,3.87103009223938,0.0,,0.0,0.0,0.0,225.0,47.90493164062501,47.90493164062501,Leave_One_experiments/all_year_offline_schedule_search/daily_outputs/LCA/LCA_2022_LCA2022_normal_grid_S0019_daily.csv
LCA,LCA,Luancheng,2022,Leave_One_experiments\wth_generated_qc\LCA\LCA2022.WTH,wet_year;nitrogen_stress_year;low_response_year,wet,LCA2022_normal_grid_S0019,pareto_balanced,2022-08-20,232,72,67,"{""sim_day"": 72.0, ""doy"": 232.0, ""topwt"": 13625.53955078125, ""grnwt"": 3896.2966918945312, ""xlai"": 3.80867338180542, ""totir"": 0.0, ""tofer"": NaN, ""swfac"": 0.0, ""nstres"": 0.0}",0.0,0.0,13625.53955078125,3896.2966918945312,3.80867338180542,0.0,,0.0,0.0,0.0,225.0,47.90493164062501,47.90493164062501,Leave_One_experiments/all_year_offline_schedule_search/daily_outputs/LCA/LCA_2022_LCA2022_normal_grid_S0019_daily.csv
LCA,LCA,Luancheng,2022,Leave_One_experiments\wth_generated_qc\LCA\LCA2022.WTH,wet_year;nitrogen_stress_year;low_response_year,wet,LCA2022_normal_grid_S0019,pareto_balanced,2022-08-21,233,73,68,"{""sim_day"": 73.0, ""doy"": 233.0, ""topwt"": 14005.02685546875, ""grnwt"": 4229.093017578125, ""xlai"": 3.7361361980438232, ""totir"": 0.0, ""tofer"": NaN, ""swfac"": 0.0, ""nstres"": 0.0}",0.0,0.0,14005.02685546875,4229.093017578125,3.7361361980438232,0.0,,0.0,0.0,0.0,225.0,47.90493164062501,47.90493164062501,Leave_One_experiments/all_year_offline_schedule_search/daily_outputs/LCA/LCA_2022_LCA2022_normal_grid_S0019_daily.csv
LCA,LCA,Luancheng,2022,Leave_One_experiments\wth_generated_qc\LCA\LCA2022.WTH,wet_year;nitrogen_stress_year;low_response_year,wet,LCA2022_normal_grid_S0019,pareto_balanced,2022-08-22,234,74,69,"{""sim_day"": 74.0, ""doy"": 234.0, ""topwt"": 14399.17236328125, ""grnwt"": 4588.872680664063, ""xlai"": 3.672672271728516, ""totir"": 0.0, ""tofer"": NaN, ""swfac"": 0.0, ""nstres"": 0.0}",0.0,0.0,14399.17236328125,4588.872680664063,3.672672271728516,0.0,,0.0,0.0,0.0,225.0,47.90493164062501,47.90493164062501,Leave_One_experiments/all_year_offline_schedule_search/daily_outputs/LCA/LCA_2022_LCA2022_normal_grid_S0019_daily.csv
LCA,LCA,Luancheng,2022,Leave_One_experiments\wth_generated_qc\LCA\LCA2022.WTH,wet_year;nitrogen_stress_year;low_response_year,wet,LCA2022_normal_grid_S0019,pareto_balanced,2022-08-23,235,75,70,"{""sim_day"": 75.0, ""doy"": 235.0, ""topwt"": 14588.458251953123, ""grnwt"": 4948.652648925781, ""xlai"": 3.622649908065796, ""totir"": 0.0, ""tofer"": NaN, ""swfac"": 0.0, ""nstres"": 0.0}",0.0,0.0,14588.458251953123,4948.652648925781,3.622649908065796,0.0,,0.0,0.0,0.0,225.0,47.90493164062501,47.90493164062501,Leave_One_experiments/all_year_offline_schedule_search/daily_outputs/LCA/LCA_2022_LCA2022_normal_grid_S0019_daily.csv
LCA,LCA,Luancheng,2022,Leave_One_experiments\wth_generated_qc\LCA\LCA2022.WTH,wet_year;nitrogen_stress_year;low_response_year,wet,LCA2022_normal_grid_S0019,pareto_balanced,2022-08-24,236,76,71,"{""sim_day"": 76.0, ""doy"": 236.0, ""topwt"": 15017.84423828125, ""grnwt"": 5308.4320068359375, ""xlai"": 3.5443193912506104, ""totir"": 0.0, ""tofer"": NaN, ""swfac"": 0.0, ""nstres"": 0.0}",0.0,0.0,15017.84423828125,5308.4320068359375,3.5443193912506104,0.0,,0.0,0.0,0.0,225.0,47.90493164062501,47.90493164062501,Leave_One_experiments/all_year_offline_schedule_search/daily_outputs/LCA/LCA_2022_LCA2022_normal_grid_S0019_daily.csv
LCA,LCA,Luancheng,2022,Leave_One_experiments\wth_generated_qc\LCA\LCA2022.WTH,wet_year;nitrogen_stress_year;low_response_year,wet,LCA2022_normal_grid_S0019,pareto_balanced,2022-08-25,237,77,72,"{""sim_day"": 77.0, ""doy"": 237.0, ""topwt"": 15380.994873046877, ""grnwt"": 5668.2122802734375, ""xlai"": 3.464547634124756, ""totir"": 0.0, ""tofer"": NaN, ""swfac"": 0.0, ""nstres"": 0.0}",0.0,0.0,15380.994873046877,5668.2122802734375,3.464547634124756,0.0,,0.0,0.0,0.0,225.0,47.90493164062501,47.90493164062501,Leave_One_experiments/all_year_offline_schedule_search/daily_outputs/LCA/LCA_2022_LCA2022_normal_grid_S0019_daily.csv
LCA,LCA,Luancheng,2022,Leave_One_experiments\wth_generated_qc\LCA\LCA2022.WTH,wet_year;nitrogen_stress_year;low_response_year,wet,LCA2022_normal_grid_S0019,pareto_balanced,2022-08-26,238,78,73,"{""sim_day"": 78.0, ""doy"": 238.0, ""topwt"": 15695.49072265625, ""grnwt"": 6027.991943359375, ""xlai"": 3.40078067779541, ""totir"": 0.0, ""tofer"": NaN, ""swfac"": 0.0, ""nstres"": 0.0}",0.0,0.0,15695.49072265625,6027.991943359375,3.40078067779541,0.0,,0.0,0.0,0.0,225.0,47.90493164062501,47.90493164062501,Leave_One_experiments/all_year_offline_schedule_search/daily_outputs/LCA/LCA_2022_LCA2022_normal_grid_S0019_daily.csv
LCA,LCA,Luancheng,2022,Leave_One_experiments\wth_generated_qc\LCA\LCA2022.WTH,wet_year;nitrogen_stress_year;low_response_year,wet,LCA2022_normal_grid_S0019,pareto_balanced,2022-08-27,239,79,74,"{""sim_day"": 79.0, ""doy"": 239.0, ""topwt"": 15638.56201171875, ""grnwt"": 6092.39501953125, ""xlai"": 3.347478151321411, ""totir"": 0.0, ""tofer"": NaN, ""swfac"": 0.0, ""nstres"": 0.0}",0.0,0.0,15638.56201171875,6092.39501953125,3.347478151321411,0.0,,0.0,0.0,0.0,225.0,47.90493164062501,47.90493164062501,Leave_One_experiments/all_year_offline_schedule_search/daily_outputs/LCA/LCA_2022_LCA2022_normal_grid_S0019_daily.csv
LCA,LCA,Luancheng,2022,Leave_One_experiments\wth_generated_qc\LCA\LCA2022.WTH,wet_year;nitrogen_stress_year;low_response_year,wet,LCA2022_normal_grid_S0019,pareto_balanced,2022-08-28,240,80,75,"{""sim_day"": 80.0, ""doy"": 240.0, ""topwt"": 15854.35302734375, ""grnwt"": 6308.1878662109375, ""xlai"": 3.287116289138794, ""totir"": 0.0, ""tofer"": NaN, ""swfac"": 0.0, ""nstres"": 0.0}",0.0,0.0,15854.35302734375,6308.1878662109375,3.287116289138794,0.0,,0.0,0.0,0.0,225.0,47.90493164062501,47.90493164062501,Leave_One_experiments/all_year_offline_schedule_search/daily_outputs/LCA/LCA_2022_LCA2022_normal_grid_S0019_daily.csv
LCA,LCA,Luancheng,2022,Leave_One_experiments\wth_generated_qc\LCA\LCA2022.WTH,wet_year;nitrogen_stress_year;low_response_year,wet,LCA2022_normal_grid_S0019,pareto_balanced,2022-08-29,241,81,76,"{""sim_day"": 81.0, ""doy"": 241.0, ""topwt"": 16244.21142578125, ""grnwt"": 6667.9681396484375, ""xlai"": 3.2059073448181152, ""totir"": 0.0, ""tofer"": NaN, ""swfac"": 0.0, ""nstres"": 0.0}",0.0,0.0,16244.21142578125,6667.9681396484375,3.2059073448181152,0.0,,0.0,0.0,0.0,225.0,47.90493164062501,47.90493164062501,Leave_One_experiments/all_year_offline_schedule_search/daily_outputs/LCA/LCA_2022_LCA2022_normal_grid_S0019_daily.csv
LCA,LCA,Luancheng,2022,Leave_One_experiments\wth_generated_qc\LCA\LCA2022.WTH,wet_year;nitrogen_stress_year;low_response_year,wet,LCA2022_normal_grid_S0019,pareto_balanced,2022-08-30,242,82,77,"{""sim_day"": 82.0, ""doy"": 242.0, ""topwt"": 16644.244384765625, ""grnwt"": 7027.747802734375, ""xlai"": 3.108709812164306, ""totir"": 0.0, ""tofer"": NaN, ""swfac"": 0.0, ""nstres"": 0.0}",0.0,0.0,16644.244384765625,7027.747802734375,3.108709812164306,0.0,,0.0,0.0,0.0,225.0,47.90493164062501,47.90493164062501,Leave_One_experiments/all_year_offline_schedule_search/daily_outputs/LCA/LCA_2022_LCA2022_normal_grid_S0019_daily.csv
LCA,LCA,Luancheng,2022,Leave_One_experiments\wth_generated_qc\LCA\LCA2022.WTH,wet_year;nitrogen_stress_year;low_response_year,wet,LCA2022_normal_grid_S0019,pareto_balanced,2022-08-31,243,83,78,"{""sim_day"": 83.0, ""doy"": 243.0, ""topwt"": 17052.930908203125, ""grnwt"": 7387.527465820312, ""xlai"": 3.016413688659668, ""totir"": 0.0, ""tofer"": NaN, ""swfac"": 0.0, ""nstres"": 0.0}",0.0,0.0,17052.930908203125,7387.527465820312,3.016413688659668,0.0,,0.0,0.0,0.0,225.0,47.90493164062501,47.90493164062501,Leave_One_experiments/all_year_offline_schedule_search/daily_outputs/LCA/LCA_2022_LCA2022_normal_grid_S0019_daily.csv
LCA,LCA,Luancheng,2022,Leave_One_experiments\wth_generated_qc\LCA\LCA2022.WTH,wet_year;nitrogen_stress_year;low_response_year,wet,LCA2022_normal_grid_S0019,pareto_balanced,2022-09-01,244,84,79,"{""sim_day"": 84.0, ""doy"": 244.0, ""topwt"": 17415.245361328125, ""grnwt"": 7747.30712890625, ""xlai"": 2.916494369506836, ""totir"": 0.0, ""tofer"": NaN, ""swfac"": 0.0, ""nstres"": 0.0}",0.0,0.0,17415.245361328125,7747.30712890625,2.916494369506836,0.0,,0.0,0.0,0.0,225.0,47.90493164062501,47.90493164062501,Leave_One_experiments/all_year_offline_schedule_search/daily_outputs/LCA/LCA_2022_LCA2022_normal_grid_S0019_daily.csv
LCA,LCA,Luancheng,2022,Leave_One_experiments\wth_generated_qc\LCA\LCA2022.WTH,wet_year;nitrogen_stress_year;low_response_year,wet,LCA2022_normal_grid_S0019,pareto_balanced,2022-09-02,245,85,80,"{""sim_day"": 85.0, ""doy"": 245.0, ""topwt"": 17443.20068359375, ""grnwt"": 7897.0355224609375, ""xlai"": 2.8155739307403564, ""totir"": 0.0, ""tofer"": NaN, ""swfac"": 0.0, ""nstres"": 0.0}",0.0,0.0,17443.20068359375,7897.0355224609375,2.8155739307403564,0.0,,0.0,0.0,0.0,225.0,47.90493164062501,47.90493164062501,Leave_One_experiments/all_year_offline_schedule_search/daily_outputs/LCA/LCA_2022_LCA2022_normal_grid_S0019_daily.csv
LCA,LCA,Luancheng,2022,Leave_One_experiments\wth_generated_qc\LCA\LCA2022.WTH,wet_year;nitrogen_stress_year;low_response_year,wet,LCA2022_normal_grid_S0019,pareto_balanced,2022-09-03,246,86,81,"{""sim_day"": 86.0, ""doy"": 246.0, ""topwt"": 17825.79833984375, ""grnwt"": 8256.815185546875, ""xlai"": 2.699078321456909, ""totir"": 0.0, ""tofer"": NaN, ""swfac"": 0.0, ""nstres"": 0.0}",0.0,0.0,17825.79833984375,8256.815185546875,2.699078321456909,0.0,,0.0,0.0,0.0,225.0,47.90493164062501,47.90493164062501,Leave_One_experiments/all_year_offline_schedule_search/daily_outputs/LCA/LCA_2022_LCA2022_normal_grid_S0019_daily.csv
LCA,LCA,Luancheng,2022,Leave_One_experiments\wth_generated_qc\LCA\LCA2022.WTH,wet_year;nitrogen_stress_year;low_response_year,wet,LCA2022_normal_grid_S0019,pareto_balanced,2022-09-04,247,87,82,"{""sim_day"": 87.0, ""doy"": 247.0, ""topwt"": 18201.05224609375, ""grnwt"": 8616.594848632812, ""xlai"": 2.5698556900024414, ""totir"": 0.0, ""tofer"": NaN, ""swfac"": 0.0, ""nstres"": 0.0}",0.0,0.0,18201.05224609375,8616.594848632812,2.5698556900024414,0.0,,0.0,0.0,0.0,225.0,47.90493164062501,47.90493164062501,Leave_One_experiments/all_year_offline_schedule_search/daily_outputs/LCA/LCA_2022_LCA2022_normal_grid_S0019_daily.csv
LCA,LCA,Luancheng,2022,Leave_One_experiments\wth_generated_qc\LCA\LCA2022.WTH,wet_year;nitrogen_stress_year;low_response_year,wet,LCA2022_normal_grid_S0019,pareto_balanced,2022-09-05,248,88,83,"{""sim_day"": 88.0, ""doy"": 248.0, ""topwt"": 18594.560546875, ""grnwt"": 8976.37451171875, ""xlai"": 2.4403510093688965, ""totir"": 0.0, ""tofer"": NaN, ""swfac"": 0.0, ""nstres"": 0.0}",0.0,0.0,18594.560546875,8976.37451171875,2.4403510093688965,0.0,,0.0,0.0,0.0,225.0,47.90493164062501,47.90493164062501,Leave_One_experiments/all_year_offline_schedule_search/daily_outputs/LCA/LCA_2022_LCA2022_normal_grid_S0019_daily.csv
LCA,LCA,Luancheng,2022,Leave_One_experiments\wth_generated_qc\LCA\LCA2022.WTH,wet_year;nitrogen_stress_year;low_response_year,wet,LCA2022_normal_grid_S0019,pareto_balanced,2022-09-06,249,89,84,"{""sim_day"": 89.0, ""doy"": 249.0, ""topwt"": 18988.46435546875, ""grnwt"": 9336.154174804688, ""xlai"": 2.3219051361083984, ""totir"": 0.0, ""tofer"": NaN, ""swfac"": 0.0, ""nstres"": 0.0}",0.0,0.0,18988.46435546875,9336.154174804688,2.3219051361083984,0.0,,0.0,0.0,0.0,225.0,47.90493164062501,47.90493164062501,Leave_One_experiments/all_year_offline_schedule_search/daily_outputs/LCA/LCA_2022_LCA2022_normal_grid_S0019_daily.csv
LCA,LCA,Luancheng,2022,Leave_One_experiments\wth_generated_qc\LCA\LCA2022.WTH,wet_year;nitrogen_stress_year;low_response_year,wet,LCA2022_normal_grid_S0019,pareto_balanced,2022-09-07,250,90,85,"{""sim_day"": 90.0, ""doy"": 250.0, ""topwt"": 19345.611572265625, ""grnwt"": 9695.933837890623, ""xlai"": 2.1922574043273926, ""totir"": 0.0, ""tofer"": NaN, ""swfac"": 0.0, ""nstres"": 0.0}",0.0,0.0,19345.611572265625,9695.933837890623,2.1922574043273926,0.0,,0.0,0.0,0.0,225.0,47.90493164062501,47.90493164062501,Leave_One_experiments/all_year_offline_schedule_search/daily_outputs/LCA/LCA_2022_LCA2022_normal_grid_S0019_daily.csv
LCA,LCA,Luancheng,2022,Leave_One_experiments\wth_generated_qc\LCA\LCA2022.WTH,wet_year;nitrogen_stress_year;low_response_year,wet,LCA2022_normal_grid_S0019,pareto_balanced,2022-09-08,251,91,86,"{""sim_day"": 91.0, ""doy"": 251.0, ""topwt"": 19634.13330078125, ""grnwt"": 10055.713500976562, ""xlai"": 2.0480074882507324, ""totir"": 0.0, ""tofer"": NaN, ""swfac"": 0.0, ""nstres"": 0.0}",0.0,0.0,19634.13330078125,10055.713500976562,2.0480074882507324,0.0,,0.0,0.0,0.0,225.0,47.90493164062501,47.90493164062501,Leave_One_experiments/all_year_offline_schedule_search/daily_outputs/LCA/LCA_2022_LCA2022_normal_grid_S0019_daily.csv
LCA,LCA,Luancheng,2022,Leave_One_experiments\wth_generated_qc\LCA\LCA2022.WTH,wet_year;nitrogen_stress_year;low_response_year,wet,LCA2022_normal_grid_S0019,pareto_balanced,2022-09-09,252,92,87,"{""sim_day"": 92.0, ""doy"": 252.0, ""topwt"": 19981.96655273437, ""grnwt"": 10415.4931640625, ""xlai"": 1.8736653327941892, ""totir"": 0.0, ""tofer"": NaN, ""swfac"": 0.0, ""nstres"": 0.0}",0.0,0.0,19981.96655273437,10415.4931640625,1.8736653327941892,0.0,,0.0,0.0,0.0,225.0,47.90493164062501,47.90493164062501,Leave_One_experiments/all_year_offline_schedule_search/daily_outputs/LCA/LCA_2022_LCA2022_normal_grid_S0019_daily.csv
LCA,LCA,Luancheng,2022,Leave_One_experiments\wth_generated_qc\LCA\LCA2022.WTH,wet_year;nitrogen_stress_year;low_response_year,wet,LCA2022_normal_grid_S0019,pareto_balanced,2022-09-10,253,93,88,"{""sim_day"": 93.0, ""doy"": 253.0, ""topwt"": 19981.96655273437, ""grnwt"": 10415.4931640625, ""xlai"": 1.8736653327941892, ""totir"": 0.0, ""tofer"": NaN, ""swfac"": 0.0, ""nstres"": 0.0}",0.0,0.0,19981.96655273437,10415.4931640625,1.8736653327941892,0.0,,0.0,0.0,0.0,225.0,47.90493164062501,47.90493164062501,Leave_One_experiments/all_year_offline_schedule_search/daily_outputs/LCA/LCA_2022_LCA2022_normal_grid_S0019_daily.csv
LCA,LCA,Luancheng,2022,Leave_One_experiments\wth_generated_qc\LCA\LCA2022.WTH,wet_year;nitrogen_stress_year;low_response_year,wet,LCA2022_normal_grid_S0019,pareto_balanced,2022-09-11,254,94,89,"{""sim_day"": 94.0, ""doy"": 254.0, ""topwt"": 19981.96655273437, ""grnwt"": 10415.4931640625, ""xlai"": 1.8736653327941892, ""totir"": 0.0, ""tofer"": NaN, ""swfac"": 0.0, ""nstres"": 0.0}",0.0,0.0,19981.96655273437,10415.4931640625,1.8736653327941892,0.0,,0.0,0.0,0.0,225.0,47.90493164062501,47.90493164062501,Leave_One_experiments/all_year_offline_schedule_search/daily_outputs/LCA/LCA_2022_LCA2022_normal_grid_S0019_daily.csv
LCA,LCA,Luancheng,2022,Leave_One_experiments\wth_generated_qc\LCA\LCA2022.WTH,wet_year;nitrogen_stress_year;low_response_year,wet,LCA2022_normal_grid_S0019,pareto_balanced,2022-09-12,255,95,90,"{""sim_day"": 95.0, ""doy"": 255.0, ""topwt"": 19981.96655273437, ""grnwt"": 10415.4931640625, ""xlai"": 1.8736653327941892, ""totir"": 0.0, ""tofer"": NaN, ""swfac"": 0.0, ""nstres"": 0.0}",0.0,0.0,19981.96655273437,10415.4931640625,1.8736653327941892,0.0,,0.0,0.0,0.0,225.0,47.90493164062501,47.90493164062501,Leave_One_experiments/all_year_offline_schedule_search/daily_outputs/LCA/LCA_2022_LCA2022_normal_grid_S0019_daily.csv
LCA,LCA,Luancheng,2022,Leave_One_experiments\wth_generated_qc\LCA\LCA2022.WTH,wet_year;nitrogen_stress_year;low_response_year,wet,LCA2022_normal_grid_S0028,pareto_balanced,2022-06-15,166,1,1,"{""sim_day"": 1.0, ""doy"": 166.0, ""topwt"": 0.0, ""grnwt"": 0.0, ""xlai"": 0.0, ""totir"": 0.0, ""tofer"": NaN, ""swfac"": 0.0, ""nstres"": 0.0}",0.0,0.0,0.0,0.0,0.0,0.0,,0.0,80.0,0.0,180.0,56.54133911132813,56.54133911132813,Leave_One_experiments/all_year_offline_schedule_search/daily_outputs/LCA/LCA_2022_LCA2022_normal_grid_S0028_daily.csv
LCA,LCA,Luancheng,2022,Leave_One_experiments\wth_generated_qc\LCA\LCA2022.WTH,wet_year;nitrogen_stress_year;low_response_year,wet,LCA2022_normal_grid_S0028,pareto_balanced,2022-06-16,167,2,2,"{""sim_day"": 2.0, ""doy"": 167.0, ""topwt"": 0.0, ""grnwt"": 0.0, ""xlai"": 0.0, ""totir"": 0.0, ""tofer"": NaN, ""swfac"": 0.0, ""nstres"": 0.0}",0.0,0.0,0.0,0.0,0.0,0.0,,0.0,0.0,0.0,180.0,56.54133911132813,56.54133911132813,Leave_One_experiments/all_year_offline_schedule_search/daily_outputs/LCA/LCA_2022_LCA2022_normal_grid_S0028_daily.csv
LCA,LCA,Luancheng,2022,Leave_One_experiments\wth_generated_qc\LCA\LCA2022.WTH,wet_year;nitrogen_stress_year;low_response_year,wet,LCA2022_normal_grid_S0028,pareto_balanced,2022-06-17,168,3,3,"{""sim_day"": 3.0, ""doy"": 168.0, ""topwt"": 0.0, ""grnwt"": 0.0, ""xlai"": 0.0, ""totir"": 0.0, ""tofer"": NaN, ""swfac"": 0.0, ""nstres"": 0.0}",0.0,0.0,0.0,0.0,0.0,0.0,,0.0,0.0,0.0,180.0,56.54133911132813,56.54133911132813,Leave_One_experiments/all_year_offline_schedule_search/daily_outputs/LCA/LCA_2022_LCA2022_normal_grid_S0028_daily.csv
LCA,LCA,Luancheng,2022,Leave_One_experiments\wth_generated_qc\LCA\LCA2022.WTH,wet_year;nitrogen_stress_year;low_response_year,wet,LCA2022_normal_grid_S0028,pareto_balanced,2022-06-18,169,4,4,"{""sim_day"": 4.0, ""doy"": 169.0, ""topwt"": 0.0, ""grnwt"": 0.0, ""xlai"": 0.0, ""totir"": 0.0, ""tofer"": NaN, ""swfac"": 0.0, ""nstres"": 0.0}",0.0,0.0,0.0,0.0,0.0,0.0,,0.0,0.0,0.0,180.0,56.54133911132813,56.54133911132813,Leave_One_experiments/all_year_offline_schedule_search/daily_outputs/LCA/LCA_2022_LCA2022_normal_grid_S0028_daily.csv
LCA,LCA,Luancheng,2022,Leave_One_experiments\wth_generated_qc\LCA\LCA2022.WTH,wet_year;nitrogen_stress_year;low_response_year,wet,LCA2022_normal_grid_S0028,pareto_balanced,2022-06-19,170,5,5,"{""sim_day"": 5.0, ""doy"": 170.0, ""topwt"": 0.0, ""grnwt"": 0.0, ""xlai"": 0.0, ""totir"": 0.0, ""tofer"": NaN, ""swfac"": 0.0, ""nstres"": 0.0}",0.0,0.0,0.0,0.0,0.0,0.0,,0.0,0.0,0.0,180.0,56.54133911132813,56.54133911132813,Leave_One_experiments/all_year_offline_schedule_search/daily_outputs/LCA/LCA_2022_LCA2022_normal_grid_S0028_daily.csv
LCA,LCA,Luancheng,2022,Leave_One_experiments\wth_generated_qc\LCA\LCA2022.WTH,wet_year;nitrogen_stress_year;low_response_year,wet,LCA2022_normal_grid_S0028,pareto_balanced,2022-06-15,166,6,1,"{""sim_day"": 6.0, ""doy"": 166.0, ""topwt"": 0.0, ""grnwt"": 0.0, ""xlai"": 0.0, ""totir"": 0.0, ""tofer"": NaN, ""swfac"": 0.0, ""nstres"": 0.0}",0.0,0.0,0.0,0.0,0.0,0.0,,0.0,0.0,0.0,180.0,56.54133911132813,56.54133911132813,Leave_One_experiments/all_year_offline_schedule_search/daily_outputs/LCA/LCA_2022_LCA2022_normal_grid_S0028_daily.csv
LCA,LCA,Luancheng,2022,Leave_One_experiments\wth_generated_qc\LCA\LCA2022.WTH,wet_year;nitrogen_stress_year;low_response_year,wet,LCA2022_normal_grid_S0028,pareto_balanced,2022-06-16,167,7,2,"{""sim_day"": 7.0, ""doy"": 167.0, ""topwt"": 0.0, ""grnwt"": 0.0, ""xlai"": 0.0, ""totir"": 0.0, ""tofer"": NaN, ""swfac"": 0.0, ""nstres"": 0.0}",0.0,0.0,0.0,0.0,0.0,0.0,,0.0,0.0,0.0,180.0,56.54133911132813,56.54133911132813,Leave_One_experiments/all_year_offline_schedule_search/daily_outputs/LCA/LCA_2022_LCA2022_normal_grid_S0028_daily.csv
LCA,LCA,Luancheng,2022,Leave_One_experiments\wth_generated_qc\LCA\LCA2022.WTH,wet_year;nitrogen_stress_year;low_response_year,wet,LCA2022_normal_grid_S0028,pareto_balanced,2022-06-17,168,8,3,"{""sim_day"": 8.0, ""doy"": 168.0, ""topwt"": 0.0, ""grnwt"": 0.0, ""xlai"": 0.0, ""totir"": 0.0, ""tofer"": NaN, ""swfac"": 0.0, ""nstres"": 0.0}",0.0,0.0,0.0,0.0,0.0,0.0,,0.0,0.0,0.0,180.0,56.54133911132813,56.54133911132813,Leave_One_experiments/all_year_offline_schedule_search/daily_outputs/LCA/LCA_2022_LCA2022_normal_grid_S0028_daily.csv
LCA,LCA,Luancheng,2022,Leave_One_experiments\wth_generated_qc\LCA\LCA2022.WTH,wet_year;nitrogen_stress_year;low_response_year,wet,LCA2022_normal_grid_S0028,pareto_balanced,2022-06-18,169,9,4,"{""sim_day"": 9.0, ""doy"": 169.0, ""topwt"": 0.0, ""grnwt"": 0.0, ""xlai"": 0.0, ""totir"": 0.0, ""tofer"": NaN, ""swfac"": 0.0, ""nstres"": 0.0}",0.0,0.0,0.0,0.0,0.0,0.0,,0.0,0.0,0.0,180.0,56.54133911132813,56.54133911132813,Leave_One_experiments/all_year_offline_schedule_search/daily_outputs/LCA/LCA_2022_LCA2022_normal_grid_S0028_daily.csv
LCA,LCA,Luancheng,2022,Leave_One_experiments\wth_generated_qc\LCA\LCA2022.WTH,wet_year;nitrogen_stress_year;low_response_year,wet,LCA2022_normal_grid_S0028,pareto_balanced,2022-06-19,170,10,5,"{""sim_day"": 10.0, ""doy"": 170.0, ""topwt"": 23.600001335144043, ""grnwt"": 0.0, ""xlai"": 0.0064093391411006, ""totir"": 0.0, ""tofer"": NaN, ""swfac"": 0.0, ""nstres"": 0.0121910572052001}",0.0,0.0121910572052001,23.600001335144043,0.0,0.0064093391411006,0.0,,0.0,0.0,0.0,180.0,56.54133911132813,56.54133911132813,Leave_One_experiments/all_year_offline_schedule_search/daily_outputs/LCA/LCA_2022_LCA2022_normal_grid_S0028_daily.csv
LCA,LCA,Luancheng,2022,Leave_One_experiments\wth_generated_qc\LCA\LCA2022.WTH,wet_year;nitrogen_stress_year;low_response_year,wet,LCA2022_normal_grid_S0028,pareto_balanced,2022-06-20,171,11,6,"{""sim_day"": 11.0, ""doy"": 171.0, ""topwt"": 23.600001335144043, ""grnwt"": 0.0, ""xlai"": 0.0136114712804555, ""totir"": 0.0, ""tofer"": NaN, ""swfac"": 0.0, ""nstres"": 0.0005093812942504}",0.0,0.0005093812942504,23.600001335144043,0.0,0.0136114712804555,0.0,,0.0,0.0,0.0,180.0,56.54133911132813,56.54133911132813,Leave_One_experiments/all_year_offline_schedule_search/daily_outputs/LCA/LCA_2022_LCA2022_normal_grid_S0028_daily.csv
LCA,LCA,Luancheng,2022,Leave_One_experiments\wth_generated_qc\LCA\LCA2022.WTH,wet_year;nitrogen_stress_year;low_response_year,wet,LCA2022_normal_grid_S0028,pareto_balanced,2022-06-21,172,12,7,"{""sim_day"": 12.0, ""doy"": 172.0, ""topwt"": 23.600001335144043, ""grnwt"": 0.0, ""xlai"": 0.0399858877062797, ""totir"": 0.0, ""tofer"": NaN, ""swfac"": 0.0, ""nstres"": 0.0}",0.0,0.0,23.600001335144043,0.0,0.0399858877062797,0.0,,0.0,0.0,0.0,180.0,56.54133911132813,56.54133911132813,Leave_One_experiments/all_year_offline_schedule_search/daily_outputs/LCA/LCA_2022_LCA2022_normal_grid_S0028_daily.csv
LCA,LCA,Luancheng,2022,Leave_One_experiments\wth_generated_qc\LCA\LCA2022.WTH,wet_year;nitrogen_stress_year;low_response_year,wet,LCA2022_normal_grid_S0028,pareto_balanced,2022-06-22,173,13,8,"{""sim_day"": 13.0, ""doy"": 173.0, ""topwt"": 35.98649263381958, ""grnwt"": 0.0, ""xlai"": 0.0718831121921539, ""totir"": 0.0, ""tofer"": NaN, ""swfac"": 0.0, ""nstres"": 0.0}",0.0,0.0,35.98649263381958,0.0,0.0718831121921539,0.0,,0.0,0.0,0.0,180.0,56.54133911132813,56.54133911132813,Leave_One_experiments/all_year_offline_schedule_search/daily_outputs/LCA/LCA_2022_LCA2022_normal_grid_S0028_daily.csv
LCA,LCA,Luancheng,2022,Leave_One_experiments\wth_generated_qc\LCA\LCA2022.WTH,wet_year;nitrogen_stress_year;low_response_year,wet,LCA2022_normal_grid_S0028,pareto_balanced,2022-06-23,174,14,9,"{""sim_day"": 14.0, ""doy"": 174.0, ""topwt"": 53.8280200958252, ""grnwt"": 0.0, ""xlai"": 0.1116313710808754, ""totir"": 0.0, ""tofer"": NaN, ""swfac"": 0.0, ""nstres"": 0.0}",0.0,0.0,53.8280200958252,0.0,0.1116313710808754,0.0,,0.0,0.0,0.0,180.0,56.54133911132813,56.54133911132813,Leave_One_experiments/all_year_offline_schedule_search/daily_outputs/LCA/LCA_2022_LCA2022_normal_grid_S0028_daily.csv
LCA,LCA,Luancheng,2022,Leave_One_experiments\wth_generated_qc\LCA\LCA2022.WTH,wet_year;nitrogen_stress_year;low_response_year,wet,LCA2022_normal_grid_S0028,pareto_balanced,2022-06-24,175,15,10,"{""sim_day"": 15.0, ""doy"": 175.0, ""topwt"": 78.1809663772583, ""grnwt"": 0.0, ""xlai"": 0.1605942398309707, ""totir"": 0.0, ""tofer"": NaN, ""swfac"": 0.0, ""nstres"": 0.0}",0.0,0.0,78.1809663772583,0.0,0.1605942398309707,0.0,,0.0,0.0,0.0,180.0,56.54133911132813,56.54133911132813,Leave_One_experiments/all_year_offline_schedule_search/daily_outputs/LCA/LCA_2022_LCA2022_normal_grid_S0028_daily.csv
LCA,LCA,Luancheng,2022,Leave_One_experiments\wth_generated_qc\LCA\LCA2022.WTH,wet_year;nitrogen_stress_year;low_response_year,wet,LCA2022_normal_grid_S0028,pareto_balanced,2022-06-25,176,16,11,"{""sim_day"": 16.0, ""doy"": 176.0, ""topwt"": 103.76355171203612, ""grnwt"": 0.0, ""xlai"": 0.2222669124603271, ""totir"": 0.0, ""tofer"": NaN, ""swfac"": 0.0, ""nstres"": 0.0}",0.0,0.0,103.76355171203612,0.0,0.2222669124603271,0.0,,0.0,0.0,0.0,180.0,56.54133911132813,56.54133911132813,Leave_One_experiments/all_year_offline_schedule_search/daily_outputs/LCA/LCA_2022_LCA2022_normal_grid_S0028_daily.csv
LCA,LCA,Luancheng,2022,Leave_One_experiments\wth_generated_qc\LCA\LCA2022.WTH,wet_year;nitrogen_stress_year;low_response_year,wet,LCA2022_normal_grid_S0028,pareto_balanced,2022-06-26,177,17,12,"{""sim_day"": 17.0, ""doy"": 177.0, ""topwt"": 141.74663543701172, ""grnwt"": 0.0, ""xlai"": 0.292570412158966, ""totir"": 0.0, ""tofer"": NaN, ""swfac"": 0.0, ""nstres"": 0.0}",0.0,0.0,141.74663543701172,0.0,0.292570412158966,0.0,,0.0,0.0,0.0,180.0,56.54133911132813,56.54133911132813,Leave_One_experiments/all_year_offline_schedule_search/daily_outputs/LCA/LCA_2022_LCA2022_normal_grid_S0028_daily.csv
LCA,LCA,Luancheng,2022,Leave_One_experiments\wth_generated_qc\LCA\LCA2022.WTH,wet_year;nitrogen_stress_year;low_response_year,wet,LCA2022_normal_grid_S0028,pareto_balanced,2022-06-27,178,18,13,"{""sim_day"": 18.0, ""doy"": 178.0, ""topwt"": 181.54766082763672, ""grnwt"": 0.0, ""xlai"": 0.3617087006568908, ""totir"": 0.0, ""tofer"": NaN, ""swfac"": 0.0, ""nstres"": 0.0}",0.0,0.0,181.54766082763672,0.0,0.3617087006568908,0.0,,0.0,0.0,0.0,180.0,56.54133911132813,56.54133911132813,Leave_One_experiments/all_year_offline_schedule_search/daily_outputs/LCA/LCA_2022_LCA2022_normal_grid_S0028_daily.csv
LCA,LCA,Luancheng,2022,Leave_One_experiments\wth_generated_qc\LCA\LCA2022.WTH,wet_year;nitrogen_stress_year;low_response_year,wet,LCA2022_normal_grid_S0028,pareto_balanced,2022-06-28,179,19,14,"{""sim_day"": 19.0, ""doy"": 179.0, ""topwt"": 230.1104736328125, ""grnwt"": 0.0, ""xlai"": 0.4416097402572632, ""totir"": 0.0, ""tofer"": NaN, ""swfac"": 0.0, ""nstres"": 0.0082097649574279}",0.0,0.0082097649574279,230.1104736328125,0.0,0.4416097402572632,0.0,,0.0,0.0,0.0,180.0,56.54133911132813,56.54133911132813,Leave_One_experiments/all_year_offline_schedule_search/daily_outputs/LCA/LCA_2022_LCA2022_normal_grid_S0028_daily.csv
LCA,LCA,Luancheng,2022,Leave_One_experiments\wth_generated_qc\LCA\LCA2022.WTH,wet_year;nitrogen_stress_year;low_response_year,wet,LCA2022_normal_grid_S0028,pareto_balanced,2022-06-29,180,20,15,"{""sim_day"": 20.0, ""doy"": 180.0, ""topwt"": 291.5273857116699, ""grnwt"": 0.0, ""xlai"": 0.5375139117240906, ""totir"": 0.0, ""tofer"": NaN, ""swfac"": 0.0, ""nstres"": 0.0}",0.0,0.0,291.5273857116699,0.0,0.5375139117240906,0.0,,0.0,0.0,0.0,180.0,56.54133911132813,56.54133911132813,Leave_One_experiments/all_year_offline_schedule_search/daily_outputs/LCA/LCA_2022_LCA2022_normal_grid_S0028_daily.csv
LCA,LCA,Luancheng,2022,Leave_One_experiments\wth_generated_qc\LCA\LCA2022.WTH,wet_year;nitrogen_stress_year;low_response_year,wet,LCA2022_normal_grid_S0028,pareto_balanced,2022-06-30,181,21,16,"{""sim_day"": 21.0, ""doy"": 181.0, ""topwt"": 366.64283752441406, ""grnwt"": 0.0, ""xlai"": 0.6489638686180115, ""totir"": 0.0, ""tofer"": NaN, ""swfac"": 0.0, ""nstres"": 0.0}",0.0,0.0,366.64283752441406,0.0,0.6489638686180115,0.0,,0.0,0.0,0.0,180.0,56.54133911132813,56.54133911132813,Leave_One_experiments/all_year_offline_schedule_search/daily_outputs/LCA/LCA_2022_LCA2022_normal_grid_S0028_daily.csv
LCA,LCA,Luancheng,2022,Leave_One_experiments\wth_generated_qc\LCA\LCA2022.WTH,wet_year;nitrogen_stress_year;low_response_year,wet,LCA2022_normal_grid_S0028,pareto_balanced,2022-07-01,182,22,17,"{""sim_day"": 22.0, ""doy"": 182.0, ""topwt"": 457.8712463378906, ""grnwt"": 0.0, ""xlai"": 0.7778016328811646, ""totir"": 0.0, ""tofer"": NaN, ""swfac"": 0.0, ""nstres"": 0.0}",0.0,0.0,457.8712463378906,0.0,0.7778016328811646,0.0,,0.0,0.0,0.0,180.0,56.54133911132813,56.54133911132813,Leave_One_experiments/all_year_offline_schedule_search/daily_outputs/LCA/LCA_2022_LCA2022_normal_grid_S0028_daily.csv
LCA,LCA,Luancheng,2022,Leave_One_experiments\wth_generated_qc\LCA\LCA2022.WTH,wet_year;nitrogen_stress_year;low_response_year,wet,LCA2022_normal_grid_S0028,pareto_balanced,2022-07-02,183,23,18,"{""sim_day"": 23.0, ""doy"": 183.0, ""topwt"": 517.2468185424805, ""grnwt"": 0.0, ""xlai"": 0.8581951856613159, ""totir"": 0.0, ""tofer"": NaN, ""swfac"": 0.0, ""nstres"": 0.0}",0.0,0.0,517.2468185424805,0.0,0.8581951856613159,0.0,,0.0,0.0,0.0,180.0,56.54133911132813,56.54133911132813,Leave_One_experiments/all_year_offline_schedule_search/daily_outputs/LCA/LCA_2022_LCA2022_normal_grid_S0028_daily.csv
LCA,LCA,Luancheng,2022,Leave_One_experiments\wth_generated_qc\LCA\LCA2022.WTH,wet_year;nitrogen_stress_year;low_response_year,wet,LCA2022_normal_grid_S0028,pareto_balanced,2022-07-03,184,24,19,"{""sim_day"": 24.0, ""doy"": 184.0, ""topwt"": 636.8624114990234, ""grnwt"": 0.0, ""xlai"": 1.0140113830566406, ""totir"": 0.0, ""tofer"": NaN, ""swfac"": 0.0, ""nstres"": 0.0}",0.0,0.0,636.8624114990234,0.0,1.0140113830566406,0.0,,0.0,0.0,0.0,180.0,56.54133911132813,56.54133911132813,Leave_One_experiments/all_year_offline_schedule_search/daily_outputs/LCA/LCA_2022_LCA2022_normal_grid_S0028_daily.csv
LCA,LCA,Luancheng,2022,Leave_One_experiments\wth_generated_qc\LCA\LCA2022.WTH,wet_year;nitrogen_stress_year;low_response_year,wet,LCA2022_normal_grid_S0028,pareto_balanced,2022-07-04,185,25,20,"{""sim_day"": 25.0, ""doy"": 185.0, ""topwt"": 749.9064636230469, ""grnwt"": 0.0, ""xlai"": 1.1586086750030518, ""totir"": 0.0, ""tofer"": NaN, ""swfac"": 0.0, ""nstres"": 0.0}",0.0,0.0,749.9064636230469,0.0,1.1586086750030518,0.0,,0.0,0.0,0.0,180.0,56.54133911132813,56.54133911132813,Leave_One_experiments/all_year_offline_schedule_search/daily_outputs/LCA/LCA_2022_LCA2022_normal_grid_S0028_daily.csv
LCA,LCA,Luancheng,2022,Leave_One_experiments\wth_generated_qc\LCA\LCA2022.WTH,wet_year;nitrogen_stress_year;low_response_year,wet,LCA2022_normal_grid_S0028,pareto_balanced,2022-07-05,186,26,21,"{""sim_day"": 26.0, ""doy"": 186.0, ""topwt"": 908.0531311035156, ""grnwt"": 0.0, ""xlai"": 1.3485747575759888, ""totir"": 0.0, ""tofer"": NaN, ""swfac"": 0.0, ""nstres"": 0.0}",0.0,0.0,908.0531311035156,0.0,1.3485747575759888,0.0,,0.0,0.0,0.0,180.0,56.54133911132813,56.54133911132813,Leave_One_experiments/all_year_offline_schedule_search/daily_outputs/LCA/LCA_2022_LCA2022_normal_grid_S0028_daily.csv
LCA,LCA,Luancheng,2022,Leave_One_experiments\wth_generated_qc\LCA\LCA2022.WTH,wet_year;nitrogen_stress_year;low_response_year,wet,LCA2022_normal_grid_S0028,pareto_balanced,2022-07-06,187,27,22,"{""sim_day"": 27.0, ""doy"": 187.0, ""topwt"": 1088.4793090820312, ""grnwt"": 0.0, ""xlai"": 1.549312710762024, ""totir"": 0.0, ""tofer"": NaN, ""swfac"": 0.0, ""nstres"": 0.0}",0.0,0.0,1088.4793090820312,0.0,1.549312710762024,0.0,,0.0,0.0,0.0,180.0,56.54133911132813,56.54133911132813,Leave_One_experiments/all_year_offline_schedule_search/daily_outputs/LCA/LCA_2022_LCA2022_normal_grid_S0028_daily.csv
LCA,LCA,Luancheng,2022,Leave_One_experiments\wth_generated_qc\LCA\LCA2022.WTH,wet_year;nitrogen_stress_year;low_response_year,wet,LCA2022_normal_grid_S0028,pareto_balanced,2022-07-07,188,28,23,"{""sim_day"": 28.0, ""doy"": 188.0, ""topwt"": 1298.942413330078, ""grnwt"": 0.0, ""xlai"": 1.7642030715942385, ""totir"": 0.0, ""tofer"": NaN, ""swfac"": 0.0, ""nstres"": 0.0}",0.0,0.0,1298.942413330078,0.0,1.7642030715942385,0.0,,0.0,0.0,0.0,180.0,56.54133911132813,56.54133911132813,Leave_One_experiments/all_year_offline_schedule_search/daily_outputs/LCA/LCA_2022_LCA2022_normal_grid_S0028_daily.csv
LCA,LCA,Luancheng,2022,Leave_One_experiments\wth_generated_qc\LCA\LCA2022.WTH,wet_year;nitrogen_stress_year;low_response_year,wet,LCA2022_normal_grid_S0028,pareto_balanced,2022-07-08,189,29,24,"{""sim_day"": 29.0, ""doy"": 189.0, ""topwt"": 1531.4891052246094, ""grnwt"": 0.0, ""xlai"": 1.9806979894638064, ""totir"": 0.0, ""tofer"": NaN, ""swfac"": 0.0, ""nstres"": 0.0}",0.0,0.0,1531.4891052246094,0.0,1.9806979894638064,0.0,,0.0,0.0,0.0,180.0,56.54133911132813,56.54133911132813,Leave_One_experiments/all_year_offline_schedule_search/daily_outputs/LCA/LCA_2022_LCA2022_normal_grid_S0028_daily.csv
LCA,LCA,Luancheng,2022,Leave_One_experiments\wth_generated_qc\LCA\LCA2022.WTH,wet_year;nitrogen_stress_year;low_response_year,wet,LCA2022_normal_grid_S0028,pareto_balanced,2022-07-09,190,30,25,"{""sim_day"": 30.0, ""doy"": 190.0, ""topwt"": 1666.2100219726562, ""grnwt"": 0.0, ""xlai"": 2.097421646118164, ""totir"": 0.0, ""tofer"": NaN, ""swfac"": 0.0, ""nstres"": 0.0}",0.0,0.0,1666.2100219726562,0.0,2.097421646118164,0.0,,0.0,0.0,0.0,180.0,56.54133911132813,56.54133911132813,Leave_One_experiments/all_year_offline_schedule_search/daily_outputs/LCA/LCA_2022_LCA2022_normal_grid_S0028_daily.csv
LCA,LCA,Luancheng,2022,Leave_One_experiments\wth_generated_qc\LCA\LCA2022.WTH,wet_year;nitrogen_stress_year;low_response_year,wet,LCA2022_normal_grid_S0028,pareto_balanced,2022-07-10,191,31,26,"{""sim_day"": 31.0, ""doy"": 191.0, ""topwt"": 1773.1446838378906, ""grnwt"": 0.0, ""xlai"": 2.184619665145874, ""totir"": 0.0, ""tofer"": NaN, ""swfac"": 0.0, ""nstres"": 0.0}",0.0,0.0,1773.1446838378906,0.0,2.184619665145874,0.0,,0.0,0.0,0.0,180.0,56.54133911132813,56.54133911132813,Leave_One_experiments/all_year_offline_schedule_search/daily_outputs/LCA/LCA_2022_LCA2022_normal_grid_S0028_daily.csv
LCA,LCA,Luancheng,2022,Leave_One_experiments\wth_generated_qc\LCA\LCA2022.WTH,wet_year;nitrogen_stress_year;low_response_year,wet,LCA2022_normal_grid_S0028,pareto_balanced,2022-07-11,192,32,27,"{""sim_day"": 32.0, ""doy"": 192.0, ""topwt"": 1901.6769409179688, ""grnwt"": 0.0, ""xlai"": 2.2828612327575684, ""totir"": 0.0, ""tofer"": NaN, ""swfac"": 0.0, ""nstres"": 0.0}",0.0,0.0,1901.6769409179688,0.0,2.2828612327575684,0.0,,0.0,0.0,0.0,180.0,56.54133911132813,56.54133911132813,Leave_One_experiments/all_year_offline_schedule_search/daily_outputs/LCA/LCA_2022_LCA2022_normal_grid_S0028_daily.csv
LCA,LCA,Luancheng,2022,Leave_One_experiments\wth_generated_qc\LCA\LCA2022.WTH,wet_year;nitrogen_stress_year;low_response_year,wet,LCA2022_normal_grid_S0028,pareto_balanced,2022-07-12,193,33,28,"{""sim_day"": 33.0, ""doy"": 193.0, ""topwt"": 2158.8694763183594, ""grnwt"": 0.0, ""xlai"": 2.463592529296875, ""totir"": 0.0, ""tofer"": NaN, ""swfac"": 0.0, ""nstres"": 0.0}",0.0,0.0,2158.8694763183594,0.0,2.463592529296875,0.0,,0.0,0.0,0.0,180.0,56.54133911132813,56.54133911132813,Leave_One_experiments/all_year_offline_schedule_search/daily_outputs/LCA/LCA_2022_LCA2022_normal_grid_S0028_daily.csv
LCA,LCA,Luancheng,2022,Leave_One_experiments\wth_generated_qc\LCA\LCA2022.WTH,wet_year;nitrogen_stress_year;low_response_year,wet,LCA2022_normal_grid_S0028,pareto_balanced,2022-07-13,194,34,29,"{""sim_day"": 34.0, ""doy"": 194.0, ""topwt"": 2461.915435791016, ""grnwt"": 0.0, ""xlai"": 2.657177686691284, ""totir"": 0.0, ""tofer"": NaN, ""swfac"": 0.0, ""nstres"": 0.0}",0.0,0.0,2461.915435791016,0.0,2.657177686691284,0.0,,0.0,0.0,0.0,180.0,56.54133911132813,56.54133911132813,Leave_One_experiments/all_year_offline_schedule_search/daily_outputs/LCA/LCA_2022_LCA2022_normal_grid_S0028_daily.csv
LCA,LCA,Luancheng,2022,Leave_One_experiments\wth_generated_qc\LCA\LCA2022.WTH,wet_year;nitrogen_stress_year;low_response_year,wet,LCA2022_normal_grid_S0028,pareto_balanced,2022-07-14,195,35,30,"{""sim_day"": 35.0, ""doy"": 195.0, ""topwt"": 2820.752868652344, ""grnwt"": 0.0, ""xlai"": 2.8644402027130127, ""totir"": 0.0, ""tofer"": NaN, ""swfac"": 0.0, ""nstres"": 0.0}",0.0,0.0,2820.752868652344,0.0,2.8644402027130127,0.0,,0.0,50.0,0.0,180.0,56.54133911132813,56.54133911132813,Leave_One_experiments/all_year_offline_schedule_search/daily_outputs/LCA/LCA_2022_LCA2022_normal_grid_S0028_daily.csv
LCA,LCA,Luancheng,2022,Leave_One_experiments\wth_generated_qc\LCA\LCA2022.WTH,wet_year;nitrogen_stress_year;low_response_year,wet,LCA2022_normal_grid_S0028,pareto_balanced,2022-07-15,196,36,31,"{""sim_day"": 36.0, ""doy"": 196.0, ""topwt"": 2940.8709716796875, ""grnwt"": 0.0, ""xlai"": 2.9280920028686523, ""totir"": 0.0, ""tofer"": NaN, ""swfac"": 0.0, ""nstres"": 0.0}",0.0,0.0,2940.8709716796875,0.0,2.9280920028686523,0.0,,0.0,0.0,0.0,180.0,56.54133911132813,56.54133911132813,Leave_One_experiments/all_year_offline_schedule_search/daily_outputs/LCA/LCA_2022_LCA2022_normal_grid_S0028_daily.csv
LCA,LCA,Luancheng,2022,Leave_One_experiments\wth_generated_qc\LCA\LCA2022.WTH,wet_year;nitrogen_stress_year;low_response_year,wet,LCA2022_normal_grid_S0028,pareto_balanced,2022-07-16,197,37,32,"{""sim_day"": 37.0, ""doy"": 197.0, ""topwt"": 3359.0625, ""grnwt"": 0.0, ""xlai"": 3.1311490535736084, ""totir"": 0.0, ""tofer"": NaN, ""swfac"": 0.0, ""nstres"": 0.0}",0.0,0.0,3359.0625,0.0,3.1311490535736084,0.0,,0.0,0.0,0.0,180.0,56.54133911132813,56.54133911132813,Leave_One_experiments/all_year_offline_schedule_search/daily_outputs/LCA/LCA_2022_LCA2022_normal_grid_S0028_daily.csv
LCA,LCA,Luancheng,2022,Leave_One_experiments\wth_generated_qc\LCA\LCA2022.WTH,wet_year;nitrogen_stress_year;low_response_year,wet,LCA2022_normal_grid_S0028,pareto_balanced,2022-07-17,198,38,33,"{""sim_day"": 38.0, ""doy"": 198.0, ""topwt"": 3778.0364990234375, ""grnwt"": 0.0, ""xlai"": 3.316402673721313, ""totir"": 0.0, ""tofer"": NaN, ""swfac"": 0.0, ""nstres"": 0.0}",0.0,0.0,3778.0364990234375,0.0,3.316402673721313,0.0,,0.0,0.0,0.0,180.0,56.54133911132813,56.54133911132813,Leave_One_experiments/all_year_offline_schedule_search/daily_outputs/LCA/LCA_2022_LCA2022_normal_grid_S0028_daily.csv
LCA,LCA,Luancheng,2022,Leave_One_experiments\wth_generated_qc\LCA\LCA2022.WTH,wet_year;nitrogen_stress_year;low_response_year,wet,LCA2022_normal_grid_S0028,pareto_balanced,2022-07-18,199,39,34,"{""sim_day"": 39.0, ""doy"": 199.0, ""topwt"": 3983.446350097656, ""grnwt"": 0.0, ""xlai"": 3.400026559829712, ""totir"": 0.0, ""tofer"": NaN, ""swfac"": 0.0, ""nstres"": 0.0}",0.0,0.0,3983.446350097656,0.0,3.400026559829712,0.0,,0.0,0.0,0.0,180.0,56.54133911132813,56.54133911132813,Leave_One_experiments/all_year_offline_schedule_search/daily_outputs/LCA/LCA_2022_LCA2022_normal_grid_S0028_daily.csv
LCA,LCA,Luancheng,2022,Leave_One_experiments\wth_generated_qc\LCA\LCA2022.WTH,wet_year;nitrogen_stress_year;low_response_year,wet,LCA2022_normal_grid_S0028,pareto_balanced,2022-07-19,200,40,35,"{""sim_day"": 40.0, ""doy"": 200.0, ""topwt"": 4479.878234863281, ""grnwt"": 0.0, ""xlai"": 3.67954683303833, ""totir"": 0.0, ""tofer"": NaN, ""swfac"": 0.0, ""nstres"": 0.0}",0.0,0.0,4479.878234863281,0.0,3.67954683303833,0.0,,0.0,0.0,0.0,180.0,56.54133911132813,56.54133911132813,Leave_One_experiments/all_year_offline_schedule_search/daily_outputs/LCA/LCA_2022_LCA2022_normal_grid_S0028_daily.csv
LCA,LCA,Luancheng,2022,Leave_One_experiments\wth_generated_qc\LCA\LCA2022.WTH,wet_year;nitrogen_stress_year;low_response_year,wet,LCA2022_normal_grid_S0028,pareto_balanced,2022-07-20,201,41,36,"{""sim_day"": 41.0, ""doy"": 201.0, ""topwt"": 4962.0062255859375, ""grnwt"": 0.0, ""xlai"": 3.878453731536865, ""totir"": 0.0, ""tofer"": NaN, ""swfac"": 0.0, ""nstres"": 0.0}",0.0,0.0,4962.0062255859375,0.0,3.878453731536865,0.0,,0.0,0.0,0.0,180.0,56.54133911132813,56.54133911132813,Leave_One_experiments/all_year_offline_schedule_search/daily_outputs/LCA/LCA_2022_LCA2022_normal_grid_S0028_daily.csv
LCA,LCA,Luancheng,2022,Leave_One_experiments\wth_generated_qc\LCA\LCA2022.WTH,wet_year;nitrogen_stress_year;low_response_year,wet,LCA2022_normal_grid_S0028,pareto_balanced,2022-07-21,202,42,37,"{""sim_day"": 42.0, ""doy"": 202.0, ""topwt"": 5098.6895751953125, ""grnwt"": 0.0, ""xlai"": 3.926735877990722, ""totir"": 0.0, ""tofer"": NaN, ""swfac"": 0.0, ""nstres"": 0.0}",0.0,0.0,5098.6895751953125,0.0,3.926735877990722,0.0,,0.0,0.0,0.0,180.0,56.54133911132813,56.54133911132813,Leave_One_experiments/all_year_offline_schedule_search/daily_outputs/LCA/LCA_2022_LCA2022_normal_grid_S0028_daily.csv
LCA,LCA,Luancheng,2022,Leave_One_experiments\wth_generated_qc\LCA\LCA2022.WTH,wet_year;nitrogen_stress_year;low_response_year,wet,LCA2022_normal_grid_S0028,pareto_balanced,2022-07-22,203,43,38,"{""sim_day"": 43.0, ""doy"": 203.0, ""topwt"": 5528.716430664063, ""grnwt"": 0.0, ""xlai"": 4.062780380249023, ""totir"": 0.0, ""tofer"": NaN, ""swfac"": 0.0, ""nstres"": 0.0}",0.0,0.0,5528.716430664063,0.0,4.062780380249023,0.0,,0.0,0.0,0.0,180.0,56.54133911132813,56.54133911132813,Leave_One_experiments/all_year_offline_schedule_search/daily_outputs/LCA/LCA_2022_LCA2022_normal_grid_S0028_daily.csv
LCA,LCA,Luancheng,2022,Leave_One_experiments\wth_generated_qc\LCA\LCA2022.WTH,wet_year;nitrogen_stress_year;low_response_year,wet,LCA2022_normal_grid_S0028,pareto_balanced,2022-07-23,204,44,39,"{""sim_day"": 44.0, ""doy"": 204.0, ""topwt"": 5962.103271484375, ""grnwt"": 0.0, ""xlai"": 4.185558319091797, ""totir"": 0.0, ""tofer"": NaN, ""swfac"": 0.0, ""nstres"": 0.0}",0.0,0.0,5962.103271484375,0.0,4.185558319091797,0.0,,0.0,0.0,0.0,180.0,56.54133911132813,56.54133911132813,Leave_One_experiments/all_year_offline_schedule_search/daily_outputs/LCA/LCA_2022_LCA2022_normal_grid_S0028_daily.csv
LCA,LCA,Luancheng,2022,Leave_One_experiments\wth_generated_qc\LCA\LCA2022.WTH,wet_year;nitrogen_stress_year;low_response_year,wet,LCA2022_normal_grid_S0028,pareto_balanced,2022-07-24,205,45,40,"{""sim_day"": 45.0, ""doy"": 205.0, ""topwt"": 6195.86181640625, ""grnwt"": 0.0, ""xlai"": 4.241728782653809, ""totir"": 0.0, ""tofer"": NaN, ""swfac"": 0.0, ""nstres"": 0.0}",0.0,0.0,6195.86181640625,0.0,4.241728782653809,0.0,,0.0,0.0,0.0,180.0,56.54133911132813,56.54133911132813,Leave_One_experiments/all_year_offline_schedule_search/daily_outputs/LCA/LCA_2022_LCA2022_normal_grid_S0028_daily.csv
LCA,LCA,Luancheng,2022,Leave_One_experiments\wth_generated_qc\LCA\LCA2022.WTH,wet_year;nitrogen_stress_year;low_response_year,wet,LCA2022_normal_grid_S0028,pareto_balanced,2022-07-25,206,46,41,"{""sim_day"": 46.0, ""doy"": 206.0, ""topwt"": 6552.6116943359375, ""grnwt"": 0.0, ""xlai"": 4.323474407196045, ""totir"": 0.0, ""tofer"": NaN, ""swfac"": 0.0, ""nstres"": 0.0117493867874145}",0.0,0.0117493867874145,6552.6116943359375,0.0,4.323474407196045,0.0,,0.0,0.0,0.0,180.0,56.54133911132813,56.54133911132813,Leave_One_experiments/all_year_offline_schedule_search/daily_outputs/LCA/LCA_2022_LCA2022_normal_grid_S0028_daily.csv
LCA,LCA,Luancheng,2022,Leave_One_experiments\wth_generated_qc\LCA\LCA2022.WTH,wet_year;nitrogen_stress_year;low_response_year,wet,LCA2022_normal_grid_S0028,pareto_balanced,2022-07-26,207,47,42,"{""sim_day"": 47.0, ""doy"": 207.0, ""topwt"": 6713.7835693359375, ""grnwt"": 0.0, ""xlai"": 4.350521564483643, ""totir"": 0.0, ""tofer"": NaN, ""swfac"": 0.0, ""nstres"": 0.0155587196350097}",0.0,0.0155587196350097,6713.7835693359375,0.0,4.350521564483643,0.0,,0.0,0.0,0.0,180.0,56.54133911132813,56.54133911132813,Leave_One_experiments/all_year_offline_schedule_search/daily_outputs/LCA/LCA_2022_LCA2022_normal_grid_S0028_daily.csv
LCA,LCA,Luancheng,2022,Leave_One_experiments\wth_generated_qc\LCA\LCA2022.WTH,wet_year;nitrogen_stress_year;low_response_year,wet,LCA2022_normal_grid_S0028,pareto_balanced,2022-07-27,208,48,43,"{""sim_day"": 48.0, ""doy"": 208.0, ""topwt"": 6971.486206054688, ""grnwt"": 0.0, ""xlai"": 4.398623943328857, ""totir"": 0.0, ""tofer"": NaN, ""swfac"": 0.0, ""nstres"": 0.0243208408355712}",0.0,0.0243208408355712,6971.486206054688,0.0,4.398623943328857,0.0,,0.0,0.0,0.0,180.0,56.54133911132813,56.54133911132813,Leave_One_experiments/all_year_offline_schedule_search/daily_outputs/LCA/LCA_2022_LCA2022_normal_grid_S0028_daily.csv
LCA,LCA,Luancheng,2022,Leave_One_experiments\wth_generated_qc\LCA\LCA2022.WTH,wet_year;nitrogen_stress_year;low_response_year,wet,LCA2022_normal_grid_S0028,pareto_balanced,2022-07-28,209,49,44,"{""sim_day"": 49.0, ""doy"": 209.0, ""topwt"": 7325.228271484375, ""grnwt"": 0.0, ""xlai"": 4.4688239097595215, ""totir"": 0.0, ""tofer"": NaN, ""swfac"": 0.0, ""nstres"": 0.020388126373291}",0.0,0.020388126373291,7325.228271484375,0.0,4.4688239097595215,0.0,,0.0,0.0,0.0,180.0,56.54133911132813,56.54133911132813,Leave_One_experiments/all_year_offline_schedule_search/daily_outputs/LCA/LCA_2022_LCA2022_normal_grid_S0028_daily.csv
LCA,LCA,Luancheng,2022,Leave_One_experiments\wth_generated_qc\LCA\LCA2022.WTH,wet_year;nitrogen_stress_year;low_response_year,wet,LCA2022_normal_grid_S0028,pareto_balanced,2022-07-29,210,50,45,"{""sim_day"": 50.0, ""doy"": 210.0, ""topwt"": 7706.2744140625, ""grnwt"": 0.0, ""xlai"": 4.542649269104004, ""totir"": 0.0, ""tofer"": NaN, ""swfac"": 0.0, ""nstres"": 0.0160839557647705}",0.0,0.0160839557647705,7706.2744140625,0.0,4.542649269104004,0.0,,0.0,0.0,0.0,180.0,56.54133911132813,56.54133911132813,Leave_One_experiments/all_year_offline_schedule_search/daily_outputs/LCA/LCA_2022_LCA2022_normal_grid_S0028_daily.csv
LCA,LCA,Luancheng,2022,Leave_One_experiments\wth_generated_qc\LCA\LCA2022.WTH,wet_year;nitrogen_stress_year;low_response_year,wet,LCA2022_normal_grid_S0028,pareto_balanced,2022-07-30,211,51,46,"{""sim_day"": 51.0, ""doy"": 211.0, ""topwt"": 8120.831909179687, ""grnwt"": 0.0, ""xlai"": 4.621317386627197, ""totir"": 0.0, ""tofer"": NaN, ""swfac"": 0.0, ""nstres"": 0.0147594809532165}",0.0,0.0147594809532165,8120.831909179687,0.0,4.621317386627197,0.0,,0.0,0.0,0.0,180.0,56.54133911132813,56.54133911132813,Leave_One_experiments/all_year_offline_schedule_search/daily_outputs/LCA/LCA_2022_LCA2022_normal_grid_S0028_daily.csv
LCA,LCA,Luancheng,2022,Leave_One_experiments\wth_generated_qc\LCA\LCA2022.WTH,wet_year;nitrogen_stress_year;low_response_year,wet,LCA2022_normal_grid_S0028,pareto_balanced,2022-07-31,212,52,47,"{""sim_day"": 52.0, ""doy"": 212.0, ""topwt"": 8516.0498046875, ""grnwt"": 0.0, ""xlai"": 4.47921895980835, ""totir"": 0.0, ""tofer"": NaN, ""swfac"": 0.0, ""nstres"": 0.0132193565368652}",0.0,0.0132193565368652,8516.0498046875,0.0,4.47921895980835,0.0,,0.0,0.0,0.0,180.0,56.54133911132813,56.54133911132813,Leave_One_experiments/all_year_offline_schedule_search/daily_outputs/LCA/LCA_2022_LCA2022_normal_grid_S0028_daily.csv
LCA,LCA,Luancheng,2022,Leave_One_experiments\wth_generated_qc\LCA\LCA2022.WTH,wet_year;nitrogen_stress_year;low_response_year,wet,LCA2022_normal_grid_S0028,pareto_balanced,2022-08-01,213,53,48,"{""sim_day"": 53.0, ""doy"": 213.0, ""topwt"": 8922.184448242188, ""grnwt"": 0.0, ""xlai"": 4.453605175018311, ""totir"": 0.0, ""tofer"": NaN, ""swfac"": 0.0, ""nstres"": 0.0044758319854736}",0.0,0.0044758319854736,8922.184448242188,0.0,4.453605175018311,0.0,,0.0,0.0,0.0,180.0,56.54133911132813,56.54133911132813,Leave_One_experiments/all_year_offline_schedule_search/daily_outputs/LCA/LCA_2022_LCA2022_normal_grid_S0028_daily.csv
LCA,LCA,Luancheng,2022,Leave_One_experiments\wth_generated_qc\LCA\LCA2022.WTH,wet_year;nitrogen_stress_year;low_response_year,wet,LCA2022_normal_grid_S0028,pareto_balanced,2022-08-02,214,54,49,"{""sim_day"": 54.0, ""doy"": 214.0, ""topwt"": 9325.74462890625, ""grnwt"": 0.0, ""xlai"": 4.428153991699219, ""totir"": 0.0, ""tofer"": NaN, ""swfac"": 0.0, ""nstres"": 0.0}",0.0,0.0,9325.74462890625,0.0,4.428153991699219,0.0,,0.0,0.0,0.0,180.0,56.54133911132813,56.54133911132813,Leave_One_experiments/all_year_offline_schedule_search/daily_outputs/LCA/LCA_2022_LCA2022_normal_grid_S0028_daily.csv
LCA,LCA,Luancheng,2022,Leave_One_experiments\wth_generated_qc\LCA\LCA2022.WTH,wet_year;nitrogen_stress_year;low_response_year,wet,LCA2022_normal_grid_S0028,pareto_balanced,2022-08-03,215,55,50,"{""sim_day"": 55.0, ""doy"": 215.0, ""topwt"": 9720.765380859377, ""grnwt"": 0.0, ""xlai"": 4.401847362518311, ""totir"": 0.0, ""tofer"": NaN, ""swfac"": 0.0, ""nstres"": 0.0}",0.0,0.0,9720.765380859377,0.0,4.401847362518311,0.0,,0.0,0.0,0.0,180.0,56.54133911132813,56.54133911132813,Leave_One_experiments/all_year_offline_schedule_search/daily_outputs/LCA/LCA_2022_LCA2022_normal_grid_S0028_daily.csv
LCA,LCA,Luancheng,2022,Leave_One_experiments\wth_generated_qc\LCA\LCA2022.WTH,wet_year;nitrogen_stress_year;low_response_year,wet,LCA2022_normal_grid_S0028,pareto_balanced,2022-08-04,216,56,51,"{""sim_day"": 56.0, ""doy"": 216.0, ""topwt"": 10073.267211914062, ""grnwt"": 0.0, ""xlai"": 4.375677585601807, ""totir"": 0.0, ""tofer"": NaN, ""swfac"": 0.0, ""nstres"": 0.0}",0.0,0.0,10073.267211914062,0.0,4.375677585601807,0.0,,0.0,0.0,0.0,180.0,56.54133911132813,56.54133911132813,Leave_One_experiments/all_year_offline_schedule_search/daily_outputs/LCA/LCA_2022_LCA2022_normal_grid_S0028_daily.csv
LCA,LCA,Luancheng,2022,Leave_One_experiments\wth_generated_qc\LCA\LCA2022.WTH,wet_year;nitrogen_stress_year;low_response_year,wet,LCA2022_normal_grid_S0028,pareto_balanced,2022-08-05,217,57,52,"{""sim_day"": 57.0, ""doy"": 217.0, ""topwt"": 10430.48583984375, ""grnwt"": 0.0, ""xlai"": 4.349500179290772, ""totir"": 0.0, ""tofer"": NaN, ""swfac"": 0.0, ""nstres"": 0.0}",0.0,0.0,10430.48583984375,0.0,4.349500179290772,0.0,,0.0,0.0,0.0,180.0,56.54133911132813,56.54133911132813,Leave_One_experiments/all_year_offline_schedule_search/daily_outputs/LCA/LCA_2022_LCA2022_normal_grid_S0028_daily.csv
LCA,LCA,Luancheng,2022,Leave_One_experiments\wth_generated_qc\LCA\LCA2022.WTH,wet_year;nitrogen_stress_year;low_response_year,wet,LCA2022_normal_grid_S0028,pareto_balanced,2022-08-06,218,58,53,"{""sim_day"": 58.0, ""doy"": 218.0, ""topwt"": 10538.414306640623, ""grnwt"": 0.0, ""xlai"": 4.325501918792725, ""totir"": 0.0, ""tofer"": NaN, ""swfac"": 0.0, ""nstres"": 0.0}",0.0,0.0,10538.414306640623,0.0,4.325501918792725,0.0,,0.0,0.0,0.0,180.0,56.54133911132813,56.54133911132813,Leave_One_experiments/all_year_offline_schedule_search/daily_outputs/LCA/LCA_2022_LCA2022_normal_grid_S0028_daily.csv
LCA,LCA,Luancheng,2022,Leave_One_experiments\wth_generated_qc\LCA\LCA2022.WTH,wet_year;nitrogen_stress_year;low_response_year,wet,LCA2022_normal_grid_S0028,pareto_balanced,2022-08-07,219,59,54,"{""sim_day"": 59.0, ""doy"": 219.0, ""topwt"": 10516.591796875, ""grnwt"": 0.0, ""xlai"": 4.304584503173828, ""totir"": 0.0, ""tofer"": NaN, ""swfac"": 0.0, ""nstres"": 0.0}",0.0,0.0,10516.591796875,0.0,4.304584503173828,0.0,,0.0,0.0,0.0,180.0,56.54133911132813,56.54133911132813,Leave_One_experiments/all_year_offline_schedule_search/daily_outputs/LCA/LCA_2022_LCA2022_normal_grid_S0028_daily.csv
LCA,LCA,Luancheng,2022,Leave_One_experiments\wth_generated_qc\LCA\LCA2022.WTH,wet_year;nitrogen_stress_year;low_response_year,wet,LCA2022_normal_grid_S0028,pareto_balanced,2022-08-08,220,60,55,"{""sim_day"": 60.0, ""doy"": 220.0, ""topwt"": 10577.926025390623, ""grnwt"": 358.83670806884766, ""xlai"": 4.2226176261901855, ""totir"": 0.0, ""tofer"": NaN, ""swfac"": 0.0, ""nstres"": 0.0}",0.0,0.0,10577.926025390623,358.83670806884766,4.2226176261901855,0.0,,0.0,0.0,0.0,180.0,56.54133911132813,56.54133911132813,Leave_One_experiments/all_year_offline_schedule_search/daily_outputs/LCA/LCA_2022_LCA2022_normal_grid_S0028_daily.csv
LCA,LCA,Luancheng,2022,Leave_One_experiments\wth_generated_qc\LCA\LCA2022.WTH,wet_year;nitrogen_stress_year;low_response_year,wet,LCA2022_normal_grid_S0028,pareto_balanced,2022-08-09,221,61,56,"{""sim_day"": 61.0, ""doy"": 221.0, ""topwt"": 10740.987548828123, ""grnwt"": 717.6734161376953, ""xlai"": 4.212202072143555, ""totir"": 0.0, ""tofer"": NaN, ""swfac"": 0.0, ""nstres"": 0.0}",0.0,0.0,10740.987548828123,717.6734161376953,4.212202072143555,0.0,,0.0,0.0,0.0,180.0,56.54133911132813,56.54133911132813,Leave_One_experiments/all_year_offline_schedule_search/daily_outputs/LCA/LCA_2022_LCA2022_normal_grid_S0028_daily.csv
LCA,LCA,Luancheng,2022,Leave_One_experiments\wth_generated_qc\LCA\LCA2022.WTH,wet_year;nitrogen_stress_year;low_response_year,wet,LCA2022_normal_grid_S0028,pareto_balanced,2022-08-10,222,62,57,"{""sim_day"": 62.0, ""doy"": 222.0, ""topwt"": 11125.1708984375, ""grnwt"": 1076.510238647461, ""xlai"": 4.195845603942871, ""totir"": 0.0, ""tofer"": NaN, ""swfac"": 0.0, ""nstres"": 0.0}",0.0,0.0,11125.1708984375,1076.510238647461,4.195845603942871,0.0,,0.0,0.0,0.0,180.0,56.54133911132813,56.54133911132813,Leave_One_experiments/all_year_offline_schedule_search/daily_outputs/LCA/LCA_2022_LCA2022_normal_grid_S0028_daily.csv
LCA,LCA,Luancheng,2022,Leave_One_experiments\wth_generated_qc\LCA\LCA2022.WTH,wet_year;nitrogen_stress_year;low_response_year,wet,LCA2022_normal_grid_S0028,pareto_balanced,2022-08-11,223,63,58,"{""sim_day"": 63.0, ""doy"": 223.0, ""topwt"": 11269.73876953125, ""grnwt"": 1435.3468322753906, ""xlai"": 4.176491737365723, ""totir"": 0.0, ""tofer"": NaN, ""swfac"": 0.0, ""nstres"": 0.0}",0.0,0.0,11269.73876953125,1435.3468322753906,4.176491737365723,0.0,,0.0,0.0,0.0,180.0,56.54133911132813,56.54133911132813,Leave_One_experiments/all_year_offline_schedule_search/daily_outputs/LCA/LCA_2022_LCA2022_normal_grid_S0028_daily.csv
LCA,LCA,Luancheng,2022,Leave_One_experiments\wth_generated_qc\LCA\LCA2022.WTH,wet_year;nitrogen_stress_year;low_response_year,wet,LCA2022_normal_grid_S0028,pareto_balanced,2022-08-12,224,64,59,"{""sim_day"": 64.0, ""doy"": 224.0, ""topwt"": 11422.47314453125, ""grnwt"": 1794.1836547851562, ""xlai"": 4.152378082275391, ""totir"": 0.0, ""tofer"": NaN, ""swfac"": 0.0, ""nstres"": 0.0}",0.0,0.0,11422.47314453125,1794.1836547851562,4.152378082275391,0.0,,0.0,0.0,0.0,180.0,56.54133911132813,56.54133911132813,Leave_One_experiments/all_year_offline_schedule_search/daily_outputs/LCA/LCA_2022_LCA2022_normal_grid_S0028_daily.csv
LCA,LCA,Luancheng,2022,Leave_One_experiments\wth_generated_qc\LCA\LCA2022.WTH,wet_year;nitrogen_stress_year;low_response_year,wet,LCA2022_normal_grid_S0028,pareto_balanced,2022-08-13,225,65,60,"{""sim_day"": 65.0, ""doy"": 225.0, ""topwt"": 11326.156005859377, ""grnwt"": 1834.8368835449216, ""xlai"": 4.126679420471191, ""totir"": 0.0, ""tofer"": NaN, ""swfac"": 0.0, ""nstres"": 0.0}",0.0,0.0,11326.156005859377,1834.8368835449216,4.126679420471191,0.0,,0.0,50.0,0.0,180.0,56.54133911132813,56.54133911132813,Leave_One_experiments/all_year_offline_schedule_search/daily_outputs/LCA/LCA_2022_LCA2022_normal_grid_S0028_daily.csv
LCA,LCA,Luancheng,2022,Leave_One_experiments\wth_generated_qc\LCA\LCA2022.WTH,wet_year;nitrogen_stress_year;low_response_year,wet,LCA2022_normal_grid_S0028,pareto_balanced,2022-08-14,226,66,61,"{""sim_day"": 66.0, ""doy"": 226.0, ""topwt"": 11636.30126953125, ""grnwt"": 2124.1490173339844, ""xlai"": 4.091827869415283, ""totir"": 0.0, ""tofer"": NaN, ""swfac"": 0.0, ""nstres"": 0.0}",0.0,0.0,11636.30126953125,2124.1490173339844,4.091827869415283,0.0,,0.0,0.0,0.0,180.0,56.54133911132813,56.54133911132813,Leave_One_experiments/all_year_offline_schedule_search/daily_outputs/LCA/LCA_2022_LCA2022_normal_grid_S0028_daily.csv
LCA,LCA,Luancheng,2022,Leave_One_experiments\wth_generated_qc\LCA\LCA2022.WTH,wet_year;nitrogen_stress_year;low_response_year,wet,LCA2022_normal_grid_S0028,pareto_balanced,2022-08-15,227,67,62,"{""sim_day"": 67.0, ""doy"": 227.0, ""topwt"": 12076.265869140623, ""grnwt"": 2482.9856872558594, ""xlai"": 4.056449890136719, ""totir"": 0.0, ""tofer"": NaN, ""swfac"": 0.0, ""nstres"": 0.0}",0.0,0.0,12076.265869140623,2482.9856872558594,4.056449890136719,0.0,,0.0,0.0,0.0,180.0,56.54133911132813,56.54133911132813,Leave_One_experiments/all_year_offline_schedule_search/daily_outputs/LCA/LCA_2022_LCA2022_normal_grid_S0028_daily.csv
LCA,LCA,Luancheng,2022,Leave_One_experiments\wth_generated_qc\LCA\LCA2022.WTH,wet_year;nitrogen_stress_year;low_response_year,wet,LCA2022_normal_grid_S0028,pareto_balanced,2022-08-16,228,68,63,"{""sim_day"": 68.0, ""doy"": 228.0, ""topwt"": 12442.9345703125, ""grnwt"": 2841.822509765625, ""xlai"": 4.0178656578063965, ""totir"": 0.0, ""tofer"": NaN, ""swfac"": 0.0, ""nstres"": 0.0}",0.0,0.0,12442.9345703125,2841.822509765625,4.0178656578063965,0.0,,0.0,0.0,0.0,180.0,56.54133911132813,56.54133911132813,Leave_One_experiments/all_year_offline_schedule_search/daily_outputs/LCA/LCA_2022_LCA2022_normal_grid_S0028_daily.csv
LCA,LCA,Luancheng,2022,Leave_One_experiments\wth_generated_qc\LCA\LCA2022.WTH,wet_year;nitrogen_stress_year;low_response_year,wet,LCA2022_normal_grid_S0028,pareto_balanced,2022-08-17,229,69,64,"{""sim_day"": 69.0, ""doy"": 229.0, ""topwt"": 12420.048828125, ""grnwt"": 2928.7301635742188, ""xlai"": 3.975208044052124, ""totir"": 0.0, ""tofer"": NaN, ""swfac"": 0.0, ""nstres"": 0.0}",0.0,0.0,12420.048828125,2928.7301635742188,3.975208044052124,0.0,,0.0,0.0,0.0,180.0,56.54133911132813,56.54133911132813,Leave_One_experiments/all_year_offline_schedule_search/daily_outputs/LCA/LCA_2022_LCA2022_normal_grid_S0028_daily.csv
LCA,LCA,Luancheng,2022,Leave_One_experiments\wth_generated_qc\LCA\LCA2022.WTH,wet_year;nitrogen_stress_year;low_response_year,wet,LCA2022_normal_grid_S0028,pareto_balanced,2022-08-18,230,70,65,"{""sim_day"": 70.0, ""doy"": 230.0, ""topwt"": 12762.938232421877, ""grnwt"": 3168.702087402344, ""xlai"": 3.91650652885437, ""totir"": 0.0, ""tofer"": NaN, ""swfac"": 0.0, ""nstres"": 0.0}",0.0,0.0,12762.938232421877,3168.702087402344,3.91650652885437,0.0,,0.0,0.0,0.0,180.0,56.54133911132813,56.54133911132813,Leave_One_experiments/all_year_offline_schedule_search/daily_outputs/LCA/LCA_2022_LCA2022_normal_grid_S0028_daily.csv
LCA,LCA,Luancheng,2022,Leave_One_experiments\wth_generated_qc\LCA\LCA2022.WTH,wet_year;nitrogen_stress_year;low_response_year,wet,LCA2022_normal_grid_S0028,pareto_balanced,2022-08-19,231,71,66,"{""sim_day"": 71.0, ""doy"": 231.0, ""topwt"": 13177.718505859377, ""grnwt"": 3527.5387573242188, ""xlai"": 3.863710403442383, ""totir"": 0.0, ""tofer"": NaN, ""swfac"": 0.0, ""nstres"": 0.0}",0.0,0.0,13177.718505859377,3527.5387573242188,3.863710403442383,0.0,,0.0,0.0,0.0,180.0,56.54133911132813,56.54133911132813,Leave_One_experiments/all_year_offline_schedule_search/daily_outputs/LCA/LCA_2022_LCA2022_normal_grid_S0028_daily.csv
LCA,LCA,Luancheng,2022,Leave_One_experiments\wth_generated_qc\LCA\LCA2022.WTH,wet_year;nitrogen_stress_year;low_response_year,wet,LCA2022_normal_grid_S0028,pareto_balanced,2022-08-20,232,72,67,"{""sim_day"": 72.0, ""doy"": 232.0, ""topwt"": 13561.796875, ""grnwt"": 3886.375732421875, ""xlai"": 3.801471471786499, ""totir"": 0.0, ""tofer"": NaN, ""swfac"": 0.0, ""nstres"": 0.0}",0.0,0.0,13561.796875,3886.375732421875,3.801471471786499,0.0,,0.0,0.0,0.0,180.0,56.54133911132813,56.54133911132813,Leave_One_experiments/all_year_offline_schedule_search/daily_outputs/LCA/LCA_2022_LCA2022_normal_grid_S0028_daily.csv
LCA,LCA,Luancheng,2022,Leave_One_experiments\wth_generated_qc\LCA\LCA2022.WTH,wet_year;nitrogen_stress_year;low_response_year,wet,LCA2022_normal_grid_S0028,pareto_balanced,2022-08-21,233,73,68,"{""sim_day"": 73.0, ""doy"": 233.0, ""topwt"": 13940.7666015625, ""grnwt"": 4218.299865722656, ""xlai"": 3.729071855545044, ""totir"": 0.0, ""tofer"": NaN, ""swfac"": 0.0, ""nstres"": 0.0}",0.0,0.0,13940.7666015625,4218.299865722656,3.729071855545044,0.0,,0.0,0.0,0.0,180.0,56.54133911132813,56.54133911132813,Leave_One_experiments/all_year_offline_schedule_search/daily_outputs/LCA/LCA_2022_LCA2022_normal_grid_S0028_daily.csv
LCA,LCA,Luancheng,2022,Leave_One_experiments\wth_generated_qc\LCA\LCA2022.WTH,wet_year;nitrogen_stress_year;low_response_year,wet,LCA2022_normal_grid_S0028,pareto_balanced,2022-08-22,234,74,69,"{""sim_day"": 74.0, ""doy"": 234.0, ""topwt"": 14334.356689453123, ""grnwt"": 4577.136535644531, ""xlai"": 3.665727615356445, ""totir"": 0.0, ""tofer"": NaN, ""swfac"": 0.0, ""nstres"": 0.0}",0.0,0.0,14334.356689453123,4577.136535644531,3.665727615356445,0.0,,0.0,0.0,0.0,180.0,56.54133911132813,56.54133911132813,Leave_One_experiments/all_year_offline_schedule_search/daily_outputs/LCA/LCA_2022_LCA2022_normal_grid_S0028_daily.csv
LCA,LCA,Luancheng,2022,Leave_One_experiments\wth_generated_qc\LCA\LCA2022.WTH,wet_year;nitrogen_stress_year;low_response_year,wet,LCA2022_normal_grid_S0028,pareto_balanced,2022-08-23,235,75,70,"{""sim_day"": 75.0, ""doy"": 235.0, ""topwt"": 14523.531494140623, ""grnwt"": 4935.973205566406, ""xlai"": 3.615799427032471, ""totir"": 0.0, ""tofer"": NaN, ""swfac"": 0.0, ""nstres"": 0.0}",0.0,0.0,14523.531494140623,4935.973205566406,3.615799427032471,0.0,,0.0,0.0,0.0,180.0,56.54133911132813,56.54133911132813,Leave_One_experiments/all_year_offline_schedule_search/daily_outputs/LCA/LCA_2022_LCA2022_normal_grid_S0028_daily.csv
LCA,LCA,Luancheng,2022,Leave_One_experiments\wth_generated_qc\LCA\LCA2022.WTH,wet_year;nitrogen_stress_year;low_response_year,wet,LCA2022_normal_grid_S0028,pareto_balanced,2022-08-24,236,76,71,"{""sim_day"": 76.0, ""doy"": 236.0, ""topwt"": 14952.342529296877, ""grnwt"": 5294.8095703125, ""xlai"": 3.537617444992065, ""totir"": 0.0, ""tofer"": NaN, ""swfac"": 0.0, ""nstres"": 0.0}",0.0,0.0,14952.342529296877,5294.8095703125,3.537617444992065,0.0,,0.0,0.0,0.0,180.0,56.54133911132813,56.54133911132813,Leave_One_experiments/all_year_offline_schedule_search/daily_outputs/LCA/LCA_2022_LCA2022_normal_grid_S0028_daily.csv
LCA,LCA,Luancheng,2022,Leave_One_experiments\wth_generated_qc\LCA\LCA2022.WTH,wet_year;nitrogen_stress_year;low_response_year,wet,LCA2022_normal_grid_S0028,pareto_balanced,2022-08-25,237,77,72,"{""sim_day"": 77.0, ""doy"": 237.0, ""topwt"": 15314.9462890625, ""grnwt"": 5653.6468505859375, ""xlai"": 3.457996368408203, ""totir"": 0.0, ""tofer"": NaN, ""swfac"": 0.0, ""nstres"": 0.0}",0.0,0.0,15314.9462890625,5653.6468505859375,3.457996368408203,0.0,,0.0,0.0,0.0,180.0,56.54133911132813,56.54133911132813,Leave_One_experiments/all_year_offline_schedule_search/daily_outputs/LCA/LCA_2022_LCA2022_normal_grid_S0028_daily.csv
LCA,LCA,Luancheng,2022,Leave_One_experiments\wth_generated_qc\LCA\LCA2022.WTH,wet_year;nitrogen_stress_year;low_response_year,wet,LCA2022_normal_grid_S0028,pareto_balanced,2022-08-26,238,78,73,"{""sim_day"": 78.0, ""doy"": 238.0, ""topwt"": 15629.263916015623, ""grnwt"": 6012.4835205078125, ""xlai"": 3.394349813461304, ""totir"": 0.0, ""tofer"": NaN, ""swfac"": 0.0, ""nstres"": 0.0}",0.0,0.0,15629.263916015623,6012.4835205078125,3.394349813461304,0.0,,0.0,0.0,0.0,180.0,56.54133911132813,56.54133911132813,Leave_One_experiments/all_year_offline_schedule_search/daily_outputs/LCA/LCA_2022_LCA2022_normal_grid_S0028_daily.csv
LCA,LCA,Luancheng,2022,Leave_One_experiments\wth_generated_qc\LCA\LCA2022.WTH,wet_year;nitrogen_stress_year;low_response_year,wet,LCA2022_normal_grid_S0028,pareto_balanced,2022-08-27,239,79,74,"{""sim_day"": 79.0, ""doy"": 239.0, ""topwt"": 15568.1787109375, ""grnwt"": 6076.856689453125, ""xlai"": 3.341148376464844, ""totir"": 0.0, ""tofer"": NaN, ""swfac"": 0.0, ""nstres"": 0.0}",0.0,0.0,15568.1787109375,6076.856689453125,3.341148376464844,0.0,,0.0,0.0,0.0,180.0,56.54133911132813,56.54133911132813,Leave_One_experiments/all_year_offline_schedule_search/daily_outputs/LCA/LCA_2022_LCA2022_normal_grid_S0028_daily.csv
LCA,LCA,Luancheng,2022,Leave_One_experiments\wth_generated_qc\LCA\LCA2022.WTH,wet_year;nitrogen_stress_year;low_response_year,wet,LCA2022_normal_grid_S0028,pareto_balanced,2022-08-28,240,80,75,"{""sim_day"": 80.0, ""doy"": 240.0, ""topwt"": 15783.870849609377, ""grnwt"": 6292.5482177734375, ""xlai"": 3.280900716781616, ""totir"": 0.0, ""tofer"": NaN, ""swfac"": 0.0, ""nstres"": 0.0}",0.0,0.0,15783.870849609377,6292.5482177734375,3.280900716781616,0.0,,0.0,0.0,0.0,180.0,56.54133911132813,56.54133911132813,Leave_One_experiments/all_year_offline_schedule_search/daily_outputs/LCA/LCA_2022_LCA2022_normal_grid_S0028_daily.csv
LCA,LCA,Luancheng,2022,Leave_One_experiments\wth_generated_qc\LCA\LCA2022.WTH,wet_year;nitrogen_stress_year;low_response_year,wet,LCA2022_normal_grid_S0028,pareto_balanced,2022-08-29,241,81,76,"{""sim_day"": 81.0, ""doy"": 241.0, ""topwt"": 16173.155517578123, ""grnwt"": 6651.3848876953125, ""xlai"": 3.1998450756073, ""totir"": 0.0, ""tofer"": NaN, ""swfac"": 0.0, ""nstres"": 0.0}",0.0,0.0,16173.155517578123,6651.3848876953125,3.1998450756073,0.0,,0.0,0.0,0.0,180.0,56.54133911132813,56.54133911132813,Leave_One_experiments/all_year_offline_schedule_search/daily_outputs/LCA/LCA_2022_LCA2022_normal_grid_S0028_daily.csv
LCA,LCA,Luancheng,2022,Leave_One_experiments\wth_generated_qc\LCA\LCA2022.WTH,wet_year;nitrogen_stress_year;low_response_year,wet,LCA2022_normal_grid_S0028,pareto_balanced,2022-08-30,242,82,77,"{""sim_day"": 82.0, ""doy"": 242.0, ""topwt"": 16572.608642578125, ""grnwt"": 7010.221557617188, ""xlai"": 3.1028318405151367, ""totir"": 0.0, ""tofer"": NaN, ""swfac"": 0.0, ""nstres"": 0.0}",0.0,0.0,16572.608642578125,7010.221557617188,3.1028318405151367,0.0,,0.0,0.0,0.0,180.0,56.54133911132813,56.54133911132813,Leave_One_experiments/all_year_offline_schedule_search/daily_outputs/LCA/LCA_2022_LCA2022_normal_grid_S0028_daily.csv
LCA,LCA,Luancheng,2022,Leave_One_experiments\wth_generated_qc\LCA\LCA2022.WTH,wet_year;nitrogen_stress_year;low_response_year,wet,LCA2022_normal_grid_S0028,pareto_balanced,2022-08-31,243,83,78,"{""sim_day"": 83.0, ""doy"": 243.0, ""topwt"": 16980.703125, ""grnwt"": 7369.0582275390625, ""xlai"": 3.010709524154663, ""totir"": 0.0, ""tofer"": NaN, ""swfac"": 0.0, ""nstres"": 0.0}",0.0,0.0,16980.703125,7369.0582275390625,3.010709524154663,0.0,,0.0,0.0,0.0,180.0,56.54133911132813,56.54133911132813,Leave_One_experiments/all_year_offline_schedule_search/daily_outputs/LCA/LCA_2022_LCA2022_normal_grid_S0028_daily.csv
LCA,LCA,Luancheng,2022,Leave_One_experiments\wth_generated_qc\LCA\LCA2022.WTH,wet_year;nitrogen_stress_year;low_response_year,wet,LCA2022_normal_grid_S0028,pareto_balanced,2022-09-01,244,84,79,"{""sim_day"": 84.0, ""doy"": 244.0, ""topwt"": 17342.4462890625, ""grnwt"": 7727.8955078125, ""xlai"": 2.910979747772217, ""totir"": 0.0, ""tofer"": NaN, ""swfac"": 0.0, ""nstres"": 0.0}",0.0,0.0,17342.4462890625,7727.8955078125,2.910979747772217,0.0,,0.0,0.0,0.0,180.0,56.54133911132813,56.54133911132813,Leave_One_experiments/all_year_offline_schedule_search/daily_outputs/LCA/LCA_2022_LCA2022_normal_grid_S0028_daily.csv
LCA,LCA,Luancheng,2022,Leave_One_experiments\wth_generated_qc\LCA\LCA2022.WTH,wet_year;nitrogen_stress_year;low_response_year,wet,LCA2022_normal_grid_S0028,pareto_balanced,2022-09-02,245,85,80,"{""sim_day"": 85.0, ""doy"": 245.0, ""topwt"": 17368.85986328125, ""grnwt"": 7877.537231445312, ""xlai"": 2.8102498054504395, ""totir"": 0.0, ""tofer"": NaN, ""swfac"": 0.0, ""nstres"": 0.0}",0.0,0.0,17368.85986328125,7877.537231445312,2.8102498054504395,0.0,,0.0,0.0,0.0,180.0,56.54133911132813,56.54133911132813,Leave_One_experiments/all_year_offline_schedule_search/daily_outputs/LCA/LCA_2022_LCA2022_normal_grid_S0028_daily.csv
LCA,LCA,Luancheng,2022,Leave_One_experiments\wth_generated_qc\LCA\LCA2022.WTH,wet_year;nitrogen_stress_year;low_response_year,wet,LCA2022_normal_grid_S0028,pareto_balanced,2022-09-03,246,86,81,"{""sim_day"": 86.0, ""doy"": 246.0, ""topwt"": 17750.865478515625, ""grnwt"": 8236.37451171875, ""xlai"": 2.693974494934082, ""totir"": 0.0, ""tofer"": NaN, ""swfac"": 0.0, ""nstres"": 0.0}",0.0,0.0,17750.865478515625,8236.37451171875,2.693974494934082,0.0,,0.0,0.0,0.0,180.0,56.54133911132813,56.54133911132813,Leave_One_experiments/all_year_offline_schedule_search/daily_outputs/LCA/LCA_2022_LCA2022_normal_grid_S0028_daily.csv
LCA,LCA,Luancheng,2022,Leave_One_experiments\wth_generated_qc\LCA\LCA2022.WTH,wet_year;nitrogen_stress_year;low_response_year,wet,LCA2022_normal_grid_S0028,pareto_balanced,2022-09-04,247,87,82,"{""sim_day"": 87.0, ""doy"": 247.0, ""topwt"": 18123.61572265625, ""grnwt"": 8595.211791992188, ""xlai"": 2.5649964809417725, ""totir"": 0.0, ""tofer"": NaN, ""swfac"": 0.0, ""nstres"": 0.0097652673721313}",0.0,0.0097652673721313,18123.61572265625,8595.211791992188,2.5649964809417725,0.0,,0.0,0.0,0.0,180.0,56.54133911132813,56.54133911132813,Leave_One_experiments/all_year_offline_schedule_search/daily_outputs/LCA/LCA_2022_LCA2022_normal_grid_S0028_daily.csv
LCA,LCA,Luancheng,2022,Leave_One_experiments\wth_generated_qc\LCA\LCA2022.WTH,wet_year;nitrogen_stress_year;low_response_year,wet,LCA2022_normal_grid_S0028,pareto_balanced,2022-09-05,248,88,83,"{""sim_day"": 88.0, ""doy"": 248.0, ""topwt"": 18503.66943359375, ""grnwt"": 8954.048461914062, ""xlai"": 2.435736179351806, ""totir"": 0.0, ""tofer"": NaN, ""swfac"": 0.0, ""nstres"": 0.0601491928100585}",0.0,0.0601491928100585,18503.66943359375,8954.048461914062,2.435736179351806,0.0,,0.0,0.0,0.0,180.0,56.54133911132813,56.54133911132813,Leave_One_experiments/all_year_offline_schedule_search/daily_outputs/LCA/LCA_2022_LCA2022_normal_grid_S0028_daily.csv
LCA,LCA,Luancheng,2022,Leave_One_experiments\wth_generated_qc\LCA\LCA2022.WTH,wet_year;nitrogen_stress_year;low_response_year,wet,LCA2022_normal_grid_S0028,pareto_balanced,2022-09-06,249,89,84,"{""sim_day"": 89.0, ""doy"": 249.0, ""topwt"": 18873.87084960937, ""grnwt"": 9312.8857421875, ""xlai"": 2.317514181137085, ""totir"": 0.0, ""tofer"": NaN, ""swfac"": 0.0, ""nstres"": 0.1079147458076477}",0.0,0.1079147458076477,18873.87084960937,9312.8857421875,2.317514181137085,0.0,,0.0,0.0,0.0,180.0,56.54133911132813,56.54133911132813,Leave_One_experiments/all_year_offline_schedule_search/daily_outputs/LCA/LCA_2022_LCA2022_normal_grid_S0028_daily.csv
LCA,LCA,Luancheng,2022,Leave_One_experiments\wth_generated_qc\LCA\LCA2022.WTH,wet_year;nitrogen_stress_year;low_response_year,wet,LCA2022_normal_grid_S0028,pareto_balanced,2022-09-07,250,90,85,"{""sim_day"": 90.0, ""doy"": 250.0, ""topwt"": 19179.434814453125, ""grnwt"": 9671.723022460938, ""xlai"": 2.1881120204925537, ""totir"": 0.0, ""tofer"": NaN, ""swfac"": 0.0, ""nstres"": 0.1515508294105529}",0.0,0.1515508294105529,19179.434814453125,9671.723022460938,2.1881120204925537,0.0,,0.0,0.0,0.0,180.0,56.54133911132813,56.54133911132813,Leave_One_experiments/all_year_offline_schedule_search/daily_outputs/LCA/LCA_2022_LCA2022_normal_grid_S0028_daily.csv
LCA,LCA,Luancheng,2022,Leave_One_experiments\wth_generated_qc\LCA\LCA2022.WTH,wet_year;nitrogen_stress_year;low_response_year,wet,LCA2022_normal_grid_S0028,pareto_balanced,2022-09-08,251,91,86,"{""sim_day"": 91.0, ""doy"": 251.0, ""topwt"": 19381.6943359375, ""grnwt"": 9890.37109375, ""xlai"": 2.044135093688965, ""totir"": 0.0, ""tofer"": NaN, ""swfac"": 0.0, ""nstres"": 0.1896281242370605}",0.0,0.1896281242370605,19381.6943359375,9890.37109375,2.044135093688965,0.0,,0.0,0.0,0.0,180.0,56.54133911132813,56.54133911132813,Leave_One_experiments/all_year_offline_schedule_search/daily_outputs/LCA/LCA_2022_LCA2022_normal_grid_S0028_daily.csv
LCA,LCA,Luancheng,2022,Leave_One_experiments\wth_generated_qc\LCA\LCA2022.WTH,wet_year;nitrogen_stress_year;low_response_year,wet,LCA2022_normal_grid_S0028,pareto_balanced,2022-09-09,252,92,87,"{""sim_day"": 92.0, ""doy"": 252.0, ""topwt"": 19645.457763671875, ""grnwt"": 10154.133911132812, ""xlai"": 1.870122194290161, ""totir"": 0.0, ""tofer"": NaN, ""swfac"": 0.0, ""nstres"": 0.1984361410140991}",0.0,0.1984361410140991,19645.457763671875,10154.133911132812,1.870122194290161,0.0,,0.0,0.0,0.0,180.0,56.54133911132813,56.54133911132813,Leave_One_experiments/all_year_offline_schedule_search/daily_outputs/LCA/LCA_2022_LCA2022_normal_grid_S0028_daily.csv
LCA,LCA,Luancheng,2022,Leave_One_experiments\wth_generated_qc\LCA\LCA2022.WTH,wet_year;nitrogen_stress_year;low_response_year,wet,LCA2022_normal_grid_S0028,pareto_balanced,2022-09-10,253,93,88,"{""sim_day"": 93.0, ""doy"": 253.0, ""topwt"": 19645.457763671875, ""grnwt"": 10154.133911132812, ""xlai"": 1.870122194290161, ""totir"": 0.0, ""tofer"": NaN, ""swfac"": 0.0, ""nstres"": 0.2561973333358764}",0.0,0.2561973333358764,19645.457763671875,10154.133911132812,1.870122194290161,0.0,,0.0,0.0,0.0,180.0,56.54133911132813,56.54133911132813,Leave_One_experiments/all_year_offline_schedule_search/daily_outputs/LCA/LCA_2022_LCA2022_normal_grid_S0028_daily.csv
LCA,LCA,Luancheng,2022,Leave_One_experiments\wth_generated_qc\LCA\LCA2022.WTH,wet_year;nitrogen_stress_year;low_response_year,wet,LCA2022_normal_grid_S0028,pareto_balanced,2022-09-11,254,94,89,"{""sim_day"": 94.0, ""doy"": 254.0, ""topwt"": 19645.457763671875, ""grnwt"": 10154.133911132812, ""xlai"": 1.870122194290161, ""totir"": 0.0, ""tofer"": NaN, ""swfac"": 0.0, ""nstres"": 0.2561973333358764}",0.0,0.2561973333358764,19645.457763671875,10154.133911132812,1.870122194290161,0.0,,0.0,0.0,0.0,180.0,56.54133911132813,56.54133911132813,Leave_One_experiments/all_year_offline_schedule_search/daily_outputs/LCA/LCA_2022_LCA2022_normal_grid_S0028_daily.csv
LCA,LCA,Luancheng,2022,Leave_One_experiments\wth_generated_qc\LCA\LCA2022.WTH,wet_year;nitrogen_stress_year;low_response_year,wet,LCA2022_normal_grid_S0028,pareto_balanced,2022-09-12,255,95,90,"{""sim_day"": 95.0, ""doy"": 255.0, ""topwt"": 19645.457763671875, ""grnwt"": 10154.133911132812, ""xlai"": 1.870122194290161, ""totir"": 0.0, ""tofer"": NaN, ""swfac"": 0.0, ""nstres"": 0.2561973333358764}",0.0,0.2561973333358764,19645.457763671875,10154.133911132812,1.870122194290161,0.0,,0.0,0.0,0.0,180.0,56.54133911132813,56.54133911132813,Leave_One_experiments/all_year_offline_schedule_search/daily_outputs/LCA/LCA_2022_LCA2022_normal_grid_S0028_daily.csv
LCA,LCA,Luancheng,2023,Leave_One_experiments\wth_generated_qc\LCA\LCA2023.WTH,wet_year;nitrogen_stress_year;low_response_year,wet,LCA2023_normal_grid_S0015,irrigation_positive_candidate,2023-06-15,166,1,1,"{""sim_day"": 1.0, ""doy"": 166.0, ""topwt"": 0.0, ""grnwt"": 0.0, ""xlai"": 0.0, ""totir"": 0.0, ""tofer"": NaN, ""swfac"": 0.0, ""nstres"": 0.0}",0.0,0.0,0.0,0.0,0.0,0.0,,0.0,50.0,30.0,150.0,22.90506591796876,34.90506591796876,Leave_One_experiments/all_year_offline_schedule_search/daily_outputs/LCA/LCA_2023_LCA2023_normal_grid_S0015_daily.csv
LCA,LCA,Luancheng,2023,Leave_One_experiments\wth_generated_qc\LCA\LCA2023.WTH,wet_year;nitrogen_stress_year;low_response_year,wet,LCA2023_normal_grid_S0015,irrigation_positive_candidate,2023-06-16,167,2,2,"{""sim_day"": 2.0, ""doy"": 167.0, ""topwt"": 0.0, ""grnwt"": 0.0, ""xlai"": 0.0, ""totir"": 0.0, ""tofer"": NaN, ""swfac"": 0.0, ""nstres"": 0.0}",0.0,0.0,0.0,0.0,0.0,0.0,,0.0,0.0,30.0,150.0,22.90506591796876,34.90506591796876,Leave_One_experiments/all_year_offline_schedule_search/daily_outputs/LCA/LCA_2023_LCA2023_normal_grid_S0015_daily.csv
LCA,LCA,Luancheng,2023,Leave_One_experiments\wth_generated_qc\LCA\LCA2023.WTH,wet_year;nitrogen_stress_year;low_response_year,wet,LCA2023_normal_grid_S0015,irrigation_positive_candidate,2023-06-17,168,3,3,"{""sim_day"": 3.0, ""doy"": 168.0, ""topwt"": 0.0, ""grnwt"": 0.0, ""xlai"": 0.0, ""totir"": 0.0, ""tofer"": NaN, ""swfac"": 0.0, ""nstres"": 0.0}",0.0,0.0,0.0,0.0,0.0,0.0,,0.0,0.0,30.0,150.0,22.90506591796876,34.90506591796876,Leave_One_experiments/all_year_offline_schedule_search/daily_outputs/LCA/LCA_2023_LCA2023_normal_grid_S0015_daily.csv
LCA,LCA,Luancheng,2023,Leave_One_experiments\wth_generated_qc\LCA\LCA2023.WTH,wet_year;nitrogen_stress_year;low_response_year,wet,LCA2023_normal_grid_S0015,irrigation_positive_candidate,2023-06-18,169,4,4,"{""sim_day"": 4.0, ""doy"": 169.0, ""topwt"": 0.0, ""grnwt"": 0.0, ""xlai"": 0.0, ""totir"": 0.0, ""tofer"": NaN, ""swfac"": 0.0, ""nstres"": 0.0}",0.0,0.0,0.0,0.0,0.0,0.0,,0.0,0.0,30.0,150.0,22.90506591796876,34.90506591796876,Leave_One_experiments/all_year_offline_schedule_search/daily_outputs/LCA/LCA_2023_LCA2023_normal_grid_S0015_daily.csv
LCA,LCA,Luancheng,2023,Leave_One_experiments\wth_generated_qc\LCA\LCA2023.WTH,wet_year;nitrogen_stress_year;low_response_year,wet,LCA2023_normal_grid_S0015,irrigation_positive_candidate,2023-06-19,170,5,5,"{""sim_day"": 5.0, ""doy"": 170.0, ""topwt"": 0.0, ""grnwt"": 0.0, ""xlai"": 0.0, ""totir"": 0.0, ""tofer"": NaN, ""swfac"": 0.0, ""nstres"": 0.0}",0.0,0.0,0.0,0.0,0.0,0.0,,0.0,0.0,30.0,150.0,22.90506591796876,34.90506591796876,Leave_One_experiments/all_year_offline_schedule_search/daily_outputs/LCA/LCA_2023_LCA2023_normal_grid_S0015_daily.csv
LCA,LCA,Luancheng,2023,Leave_One_experiments\wth_generated_qc\LCA\LCA2023.WTH,wet_year;nitrogen_stress_year;low_response_year,wet,LCA2023_normal_grid_S0015,irrigation_positive_candidate,2023-06-15,166,6,1,"{""sim_day"": 6.0, ""doy"": 166.0, ""topwt"": 0.0, ""grnwt"": 0.0, ""xlai"": 0.0, ""totir"": 0.0, ""tofer"": NaN, ""swfac"": 0.0, ""nstres"": 0.0}",0.0,0.0,0.0,0.0,0.0,0.0,,0.0,0.0,30.0,150.0,22.90506591796876,34.90506591796876,Leave_One_experiments/all_year_offline_schedule_search/daily_outputs/LCA/LCA_2023_LCA2023_normal_grid_S0015_daily.csv
LCA,LCA,Luancheng,2023,Leave_One_experiments\wth_generated_qc\LCA\LCA2023.WTH,wet_year;nitrogen_stress_year;low_response_year,wet,LCA2023_normal_grid_S0015,irrigation_positive_candidate,2023-06-16,167,7,2,"{""sim_day"": 7.0, ""doy"": 167.0, ""topwt"": 0.0, ""grnwt"": 0.0, ""xlai"": 0.0, ""totir"": 0.0, ""tofer"": NaN, ""swfac"": 0.0, ""nstres"": 0.0}",0.0,0.0,0.0,0.0,0.0,0.0,,0.0,0.0,30.0,150.0,22.90506591796876,34.90506591796876,Leave_One_experiments/all_year_offline_schedule_search/daily_outputs/LCA/LCA_2023_LCA2023_normal_grid_S0015_daily.csv
LCA,LCA,Luancheng,2023,Leave_One_experiments\wth_generated_qc\LCA\LCA2023.WTH,wet_year;nitrogen_stress_year;low_response_year,wet,LCA2023_normal_grid_S0015,irrigation_positive_candidate,2023-06-17,168,8,3,"{""sim_day"": 8.0, ""doy"": 168.0, ""topwt"": 0.0, ""grnwt"": 0.0, ""xlai"": 0.0, ""totir"": 0.0, ""tofer"": NaN, ""swfac"": 0.0, ""nstres"": 0.0}",0.0,0.0,0.0,0.0,0.0,0.0,,0.0,0.0,30.0,150.0,22.90506591796876,34.90506591796876,Leave_One_experiments/all_year_offline_schedule_search/daily_outputs/LCA/LCA_2023_LCA2023_normal_grid_S0015_daily.csv
LCA,LCA,Luancheng,2023,Leave_One_experiments\wth_generated_qc\LCA\LCA2023.WTH,wet_year;nitrogen_stress_year;low_response_year,wet,LCA2023_normal_grid_S0015,irrigation_positive_candidate,2023-06-18,169,9,4,"{""sim_day"": 9.0, ""doy"": 169.0, ""topwt"": 0.0, ""grnwt"": 0.0, ""xlai"": 0.0, ""totir"": 0.0, ""tofer"": NaN, ""swfac"": 0.0, ""nstres"": 0.0}",0.0,0.0,0.0,0.0,0.0,0.0,,0.0,0.0,30.0,150.0,22.90506591796876,34.90506591796876,Leave_One_experiments/all_year_offline_schedule_search/daily_outputs/LCA/LCA_2023_LCA2023_normal_grid_S0015_daily.csv
LCA,LCA,Luancheng,2023,Leave_One_experiments\wth_generated_qc\LCA\LCA2023.WTH,wet_year;nitrogen_stress_year;low_response_year,wet,LCA2023_normal_grid_S0015,irrigation_positive_candidate,2023-06-19,170,10,5,"{""sim_day"": 10.0, ""doy"": 170.0, ""topwt"": 23.600001335144043, ""grnwt"": 0.0, ""xlai"": 0.0054826610721647, ""totir"": 0.0, ""tofer"": NaN, ""swfac"": 0.0, ""nstres"": 0.0121910572052001}",0.0,0.0121910572052001,23.600001335144043,0.0,0.0054826610721647,0.0,,0.0,0.0,30.0,150.0,22.90506591796876,34.90506591796876,Leave_One_experiments/all_year_offline_schedule_search/daily_outputs/LCA/LCA_2023_LCA2023_normal_grid_S0015_daily.csv
LCA,LCA,Luancheng,2023,Leave_One_experiments\wth_generated_qc\LCA\LCA2023.WTH,wet_year;nitrogen_stress_year;low_response_year,wet,LCA2023_normal_grid_S0015,irrigation_positive_candidate,2023-06-20,171,11,6,"{""sim_day"": 11.0, ""doy"": 171.0, ""topwt"": 23.600001335144043, ""grnwt"": 0.0, ""xlai"": 0.0118592446669936, ""totir"": 0.0, ""tofer"": NaN, ""swfac"": 0.0, ""nstres"": 0.0074677467346191}",0.0,0.0074677467346191,23.600001335144043,0.0,0.0118592446669936,0.0,,0.0,0.0,30.0,150.0,22.90506591796876,34.90506591796876,Leave_One_experiments/all_year_offline_schedule_search/daily_outputs/LCA/LCA_2023_LCA2023_normal_grid_S0015_daily.csv
LCA,LCA,Luancheng,2023,Leave_One_experiments\wth_generated_qc\LCA\LCA2023.WTH,wet_year;nitrogen_stress_year;low_response_year,wet,LCA2023_normal_grid_S0015,irrigation_positive_candidate,2023-06-21,172,12,7,"{""sim_day"": 12.0, ""doy"": 172.0, ""topwt"": 23.600001335144043, ""grnwt"": 0.0, ""xlai"": 0.034156609326601, ""totir"": 0.0, ""tofer"": NaN, ""swfac"": 0.0, ""nstres"": 0.0}",0.0,0.0,23.600001335144043,0.0,0.034156609326601,0.0,,0.0,0.0,30.0,150.0,22.90506591796876,34.90506591796876,Leave_One_experiments/all_year_offline_schedule_search/daily_outputs/LCA/LCA_2023_LCA2023_normal_grid_S0015_daily.csv
LCA,LCA,Luancheng,2023,Leave_One_experiments\wth_generated_qc\LCA\LCA2023.WTH,wet_year;nitrogen_stress_year;low_response_year,wet,LCA2023_normal_grid_S0015,irrigation_positive_candidate,2023-06-22,173,13,8,"{""sim_day"": 13.0, ""doy"": 173.0, ""topwt"": 32.68338441848755, ""grnwt"": 0.0, ""xlai"": 0.0639842227101326, ""totir"": 0.0, ""tofer"": NaN, ""swfac"": 0.0, ""nstres"": 0.0}",0.0,0.0,32.68338441848755,0.0,0.0639842227101326,0.0,,0.0,0.0,30.0,150.0,22.90506591796876,34.90506591796876,Leave_One_experiments/all_year_offline_schedule_search/daily_outputs/LCA/LCA_2023_LCA2023_normal_grid_S0015_daily.csv
LCA,LCA,Luancheng,2023,Leave_One_experiments\wth_generated_qc\LCA\LCA2023.WTH,wet_year;nitrogen_stress_year;low_response_year,wet,LCA2023_normal_grid_S0015,irrigation_positive_candidate,2023-06-23,174,14,9,"{""sim_day"": 14.0, ""doy"": 174.0, ""topwt"": 49.18990135192871, ""grnwt"": 0.0, ""xlai"": 0.1017766818404197, ""totir"": 0.0, ""tofer"": NaN, ""swfac"": 0.0, ""nstres"": 0.0}",0.0,0.0,49.18990135192871,0.0,0.1017766818404197,0.0,,0.0,0.0,30.0,150.0,22.90506591796876,34.90506591796876,Leave_One_experiments/all_year_offline_schedule_search/daily_outputs/LCA/LCA_2023_LCA2023_normal_grid_S0015_daily.csv
LCA,LCA,Luancheng,2023,Leave_One_experiments\wth_generated_qc\LCA\LCA2023.WTH,wet_year;nitrogen_stress_year;low_response_year,wet,LCA2023_normal_grid_S0015,irrigation_positive_candidate,2023-06-24,175,15,10,"{""sim_day"": 15.0, ""doy"": 175.0, ""topwt"": 69.92221355438232, ""grnwt"": 0.0, ""xlai"": 0.14459128677845, ""totir"": 0.0, ""tofer"": NaN, ""swfac"": 0.0, ""nstres"": 0.0}",0.0,0.0,69.92221355438232,0.0,0.14459128677845,0.0,,0.0,0.0,30.0,150.0,22.90506591796876,34.90506591796876,Leave_One_experiments/all_year_offline_schedule_search/daily_outputs/LCA/LCA_2023_LCA2023_normal_grid_S0015_daily.csv
LCA,LCA,Luancheng,2023,Leave_One_experiments\wth_generated_qc\LCA\LCA2023.WTH,wet_year;nitrogen_stress_year;low_response_year,wet,LCA2023_normal_grid_S0015,irrigation_positive_candidate,2023-06-25,176,16,11,"{""sim_day"": 16.0, ""doy"": 176.0, ""topwt"": 94.62953567504884, ""grnwt"": 0.0, ""xlai"": 0.1916293352842331, ""totir"": 0.0, ""tofer"": NaN, ""swfac"": 0.0, ""nstres"": 0.0}",0.0,0.0,94.62953567504884,0.0,0.1916293352842331,0.0,,0.0,0.0,30.0,150.0,22.90506591796876,34.90506591796876,Leave_One_experiments/all_year_offline_schedule_search/daily_outputs/LCA/LCA_2023_LCA2023_normal_grid_S0015_daily.csv
LCA,LCA,Luancheng,2023,Leave_One_experiments\wth_generated_qc\LCA\LCA2023.WTH,wet_year;nitrogen_stress_year;low_response_year,wet,LCA2023_normal_grid_S0015,irrigation_positive_candidate,2023-06-26,177,17,12,"{""sim_day"": 17.0, ""doy"": 177.0, ""topwt"": 127.38264083862305, ""grnwt"": 0.0, ""xlai"": 0.2497031688690185, ""totir"": 0.0, ""tofer"": NaN, ""swfac"": 0.0, ""nstres"": 0.0}",0.0,0.0,127.38264083862305,0.0,0.2497031688690185,0.0,,0.0,0.0,30.0,150.0,22.90506591796876,34.90506591796876,Leave_One_experiments/all_year_offline_schedule_search/daily_outputs/LCA/LCA_2023_LCA2023_normal_grid_S0015_daily.csv
LCA,LCA,Luancheng,2023,Leave_One_experiments\wth_generated_qc\LCA\LCA2023.WTH,wet_year;nitrogen_stress_year;low_response_year,wet,LCA2023_normal_grid_S0015,irrigation_positive_candidate,2023-06-27,178,18,13,"{""sim_day"": 18.0, ""doy"": 178.0, ""topwt"": 150.78413009643555, ""grnwt"": 0.0, ""xlai"": 0.3086592853069305, ""totir"": 0.0, ""tofer"": NaN, ""swfac"": 0.0, ""nstres"": 0.0}",0.0,0.0,150.78413009643555,0.0,0.3086592853069305,0.0,,0.0,0.0,30.0,150.0,22.90506591796876,34.90506591796876,Leave_One_experiments/all_year_offline_schedule_search/daily_outputs/LCA/LCA_2023_LCA2023_normal_grid_S0015_daily.csv
LCA,LCA,Luancheng,2023,Leave_One_experiments\wth_generated_qc\LCA\LCA2023.WTH,wet_year;nitrogen_stress_year;low_response_year,wet,LCA2023_normal_grid_S0015,irrigation_positive_candidate,2023-06-28,179,19,14,"{""sim_day"": 19.0, ""doy"": 179.0, ""topwt"": 202.28271484375, ""grnwt"": 0.0, ""xlai"": 0.3964028358459472, ""totir"": 0.0, ""tofer"": NaN, ""swfac"": 0.0, ""nstres"": 0.0007663965225219}",0.0,0.0007663965225219,202.28271484375,0.0,0.3964028358459472,0.0,,0.0,0.0,30.0,150.0,22.90506591796876,34.90506591796876,Leave_One_experiments/all_year_offline_schedule_search/daily_outputs/LCA/LCA_2023_LCA2023_normal_grid_S0015_daily.csv
LCA,LCA,Luancheng,2023,Leave_One_experiments\wth_generated_qc\LCA\LCA2023.WTH,wet_year;nitrogen_stress_year;low_response_year,wet,LCA2023_normal_grid_S0015,irrigation_positive_candidate,2023-06-29,180,20,15,"{""sim_day"": 20.0, ""doy"": 180.0, ""topwt"": 271.5953826904297, ""grnwt"": 0.0, ""xlai"": 0.5070606470108032, ""totir"": 0.0, ""tofer"": NaN, ""swfac"": 0.0, ""nstres"": 0.0}",0.0,0.0,271.5953826904297,0.0,0.5070606470108032,0.0,,0.0,0.0,30.0,150.0,22.90506591796876,34.90506591796876,Leave_One_experiments/all_year_offline_schedule_search/daily_outputs/LCA/LCA_2023_LCA2023_normal_grid_S0015_daily.csv
LCA,LCA,Luancheng,2023,Leave_One_experiments\wth_generated_qc\LCA\LCA2023.WTH,wet_year;nitrogen_stress_year;low_response_year,wet,LCA2023_normal_grid_S0015,irrigation_positive_candidate,2023-06-30,181,21,16,"{""sim_day"": 21.0, ""doy"": 181.0, ""topwt"": 354.93675231933594, ""grnwt"": 0.0, ""xlai"": 0.6321649551391602, ""totir"": 0.0, ""tofer"": NaN, ""swfac"": 0.0, ""nstres"": 0.0}",0.0,0.0,354.93675231933594,0.0,0.6321649551391602,0.0,,0.0,0.0,30.0,150.0,22.90506591796876,34.90506591796876,Leave_One_experiments/all_year_offline_schedule_search/daily_outputs/LCA/LCA_2023_LCA2023_normal_grid_S0015_daily.csv
LCA,LCA,Luancheng,2023,Leave_One_experiments\wth_generated_qc\LCA\LCA2023.WTH,wet_year;nitrogen_stress_year;low_response_year,wet,LCA2023_normal_grid_S0015,irrigation_positive_candidate,2023-07-01,182,22,17,"{""sim_day"": 22.0, ""doy"": 182.0, ""topwt"": 457.7200317382813, ""grnwt"": 0.0, ""xlai"": 0.7779134511947632, ""totir"": 0.0, ""tofer"": NaN, ""swfac"": 0.0, ""nstres"": 0.0}",0.0,0.0,457.7200317382813,0.0,0.7779134511947632,0.0,,0.0,0.0,30.0,150.0,22.90506591796876,34.90506591796876,Leave_One_experiments/all_year_offline_schedule_search/daily_outputs/LCA/LCA_2023_LCA2023_normal_grid_S0015_daily.csv
LCA,LCA,Luancheng,2023,Leave_One_experiments\wth_generated_qc\LCA\LCA2023.WTH,wet_year;nitrogen_stress_year;low_response_year,wet,LCA2023_normal_grid_S0015,irrigation_positive_candidate,2023-07-02,183,23,18,"{""sim_day"": 23.0, ""doy"": 183.0, ""topwt"": 515.1121139526367, ""grnwt"": 0.0, ""xlai"": 0.8554331064224243, ""totir"": 0.0, ""tofer"": NaN, ""swfac"": 0.0, ""nstres"": 0.0}",0.0,0.0,515.1121139526367,0.0,0.8554331064224243,0.0,,0.0,0.0,30.0,150.0,22.90506591796876,34.90506591796876,Leave_One_experiments/all_year_offline_schedule_search/daily_outputs/LCA/LCA_2023_LCA2023_normal_grid_S0015_daily.csv
LCA,LCA,Luancheng,2023,Leave_One_experiments\wth_generated_qc\LCA\LCA2023.WTH,wet_year;nitrogen_stress_year;low_response_year,wet,LCA2023_normal_grid_S0015,irrigation_positive_candidate,2023-07-03,184,24,19,"{""sim_day"": 24.0, ""doy"": 184.0, ""topwt"": 633.9906311035156, ""grnwt"": 0.0, ""xlai"": 1.0105249881744385, ""totir"": 0.0, ""tofer"": NaN, ""swfac"": 0.0, ""nstres"": 0.0}",0.0,0.0,633.9906311035156,0.0,1.0105249881744385,0.0,,0.0,0.0,30.0,150.0,22.90506591796876,34.90506591796876,Leave_One_experiments/all_year_offline_schedule_search/daily_outputs/LCA/LCA_2023_LCA2023_normal_grid_S0015_daily.csv
LCA,LCA,Luancheng,2023,Leave_One_experiments\wth_generated_qc\LCA\LCA2023.WTH,wet_year;nitrogen_stress_year;low_response_year,wet,LCA2023_normal_grid_S0015,irrigation_positive_candidate,2023-07-04,185,25,20,"{""sim_day"": 25.0, ""doy"": 185.0, ""topwt"": 793.1299591064453, ""grnwt"": 0.0, ""xlai"": 1.2129454612731934, ""totir"": 0.0, ""tofer"": NaN, ""swfac"": 0.0, ""nstres"": 0.0}",0.0,0.0,793.1299591064453,0.0,1.2129454612731934,0.0,,0.0,0.0,30.0,150.0,22.90506591796876,34.90506591796876,Leave_One_experiments/all_year_offline_schedule_search/daily_outputs/LCA/LCA_2023_LCA2023_normal_grid_S0015_daily.csv
LCA,LCA,Luancheng,2023,Leave_One_experiments\wth_generated_qc\LCA\LCA2023.WTH,wet_year;nitrogen_stress_year;low_response_year,wet,LCA2023_normal_grid_S0015,irrigation_positive_candidate,2023-07-05,186,26,21,"{""sim_day"": 26.0, ""doy"": 186.0, ""topwt"": 976.4625549316406, ""grnwt"": 0.0, ""xlai"": 1.429304838180542, ""totir"": 0.0, ""tofer"": NaN, ""swfac"": 0.0, ""nstres"": 0.0}",0.0,0.0,976.4625549316406,0.0,1.429304838180542,0.0,,0.0,0.0,30.0,150.0,22.90506591796876,34.90506591796876,Leave_One_experiments/all_year_offline_schedule_search/daily_outputs/LCA/LCA_2023_LCA2023_normal_grid_S0015_daily.csv
LCA,LCA,Luancheng,2023,Leave_One_experiments\wth_generated_qc\LCA\LCA2023.WTH,wet_year;nitrogen_stress_year;low_response_year,wet,LCA2023_normal_grid_S0015,irrigation_positive_candidate,2023-07-06,187,27,22,"{""sim_day"": 27.0, ""doy"": 187.0, ""topwt"": 1178.5285186767578, ""grnwt"": 0.0, ""xlai"": 1.6488068103790283, ""totir"": 0.0, ""tofer"": NaN, ""swfac"": 0.0, ""nstres"": 0.0}",0.0,0.0,1178.5285186767578,0.0,1.6488068103790283,0.0,,0.0,0.0,30.0,150.0,22.90506591796876,34.90506591796876,Leave_One_experiments/all_year_offline_schedule_search/daily_outputs/LCA/LCA_2023_LCA2023_normal_grid_S0015_daily.csv
LCA,LCA,Luancheng,2023,Leave_One_experiments\wth_generated_qc\LCA\LCA2023.WTH,wet_year;nitrogen_stress_year;low_response_year,wet,LCA2023_normal_grid_S0015,irrigation_positive_candidate,2023-07-07,188,28,23,"{""sim_day"": 28.0, ""doy"": 188.0, ""topwt"": 1394.7378540039062, ""grnwt"": 0.0, ""xlai"": 1.864038586616516, ""totir"": 0.0, ""tofer"": NaN, ""swfac"": 0.0, ""nstres"": 0.0}",0.0,0.0,1394.7378540039062,0.0,1.864038586616516,0.0,,0.0,0.0,30.0,150.0,22.90506591796876,34.90506591796876,Leave_One_experiments/all_year_offline_schedule_search/daily_outputs/LCA/LCA_2023_LCA2023_normal_grid_S0015_daily.csv
LCA,LCA,Luancheng,2023,Leave_One_experiments\wth_generated_qc\LCA\LCA2023.WTH,wet_year;nitrogen_stress_year;low_response_year,wet,LCA2023_normal_grid_S0015,irrigation_positive_candidate,2023-07-08,189,29,24,"{""sim_day"": 29.0, ""doy"": 189.0, ""topwt"": 1636.705322265625, ""grnwt"": 0.0, ""xlai"": 2.08345365524292, ""totir"": 0.0, ""tofer"": NaN, ""swfac"": 0.0, ""nstres"": 0.0}",0.0,0.0,1636.705322265625,0.0,2.08345365524292,0.0,,0.0,0.0,30.0,150.0,22.90506591796876,34.90506591796876,Leave_One_experiments/all_year_offline_schedule_search/daily_outputs/LCA/LCA_2023_LCA2023_normal_grid_S0015_daily.csv
LCA,LCA,Luancheng,2023,Leave_One_experiments\wth_generated_qc\LCA\LCA2023.WTH,wet_year;nitrogen_stress_year;low_response_year,wet,LCA2023_normal_grid_S0015,irrigation_positive_candidate,2023-07-09,190,30,25,"{""sim_day"": 30.0, ""doy"": 190.0, ""topwt"": 1906.54541015625, ""grnwt"": 0.0, ""xlai"": 2.305192232131958, ""totir"": 0.0, ""tofer"": NaN, ""swfac"": 0.0, ""nstres"": 0.0}",0.0,0.0,1906.54541015625,0.0,2.305192232131958,0.0,,0.0,0.0,30.0,150.0,22.90506591796876,34.90506591796876,Leave_One_experiments/all_year_offline_schedule_search/daily_outputs/LCA/LCA_2023_LCA2023_normal_grid_S0015_daily.csv
LCA,LCA,Luancheng,2023,Leave_One_experiments\wth_generated_qc\LCA\LCA2023.WTH,wet_year;nitrogen_stress_year;low_response_year,wet,LCA2023_normal_grid_S0015,irrigation_positive_candidate,2023-07-10,191,31,26,"{""sim_day"": 31.0, ""doy"": 191.0, ""topwt"": 2161.932373046875, ""grnwt"": 0.0, ""xlai"": 2.4945762157440186, ""totir"": 0.0, ""tofer"": NaN, ""swfac"": 0.0, ""nstres"": 0.0}",0.0,0.0,2161.932373046875,0.0,2.4945762157440186,0.0,,0.0,0.0,30.0,150.0,22.90506591796876,34.90506591796876,Leave_One_experiments/all_year_offline_schedule_search/daily_outputs/LCA/LCA_2023_LCA2023_normal_grid_S0015_daily.csv
LCA,LCA,Luancheng,2023,Leave_One_experiments\wth_generated_qc\LCA\LCA2023.WTH,wet_year;nitrogen_stress_year;low_response_year,wet,LCA2023_normal_grid_S0015,irrigation_positive_candidate,2023-07-11,192,32,27,"{""sim_day"": 32.0, ""doy"": 192.0, ""topwt"": 2199.5582580566406, ""grnwt"": 0.0, ""xlai"": 2.505023956298828, ""totir"": 0.0, ""tofer"": NaN, ""swfac"": 0.0, ""nstres"": 0.0477483868598938}",0.0,0.0477483868598938,2199.5582580566406,0.0,2.505023956298828,0.0,,0.0,0.0,30.0,150.0,22.90506591796876,34.90506591796876,Leave_One_experiments/all_year_offline_schedule_search/daily_outputs/LCA/LCA_2023_LCA2023_normal_grid_S0015_daily.csv
LCA,LCA,Luancheng,2023,Leave_One_experiments\wth_generated_qc\LCA\LCA2023.WTH,wet_year;nitrogen_stress_year;low_response_year,wet,LCA2023_normal_grid_S0015,irrigation_positive_candidate,2023-07-12,193,33,28,"{""sim_day"": 33.0, ""doy"": 193.0, ""topwt"": 2381.3699340820312, ""grnwt"": 0.0, ""xlai"": 2.595508098602295, ""totir"": 0.0, ""tofer"": NaN, ""swfac"": 0.0, ""nstres"": 0.0743553638458252}",0.0,0.0743553638458252,2381.3699340820312,0.0,2.595508098602295,0.0,,0.0,0.0,30.0,150.0,22.90506591796876,34.90506591796876,Leave_One_experiments/all_year_offline_schedule_search/daily_outputs/LCA/LCA_2023_LCA2023_normal_grid_S0015_daily.csv
LCA,LCA,Luancheng,2023,Leave_One_experiments\wth_generated_qc\LCA\LCA2023.WTH,wet_year;nitrogen_stress_year;low_response_year,wet,LCA2023_normal_grid_S0015,irrigation_positive_candidate,2023-07-13,194,34,29,"{""sim_day"": 34.0, ""doy"": 194.0, ""topwt"": 2703.4738159179688, ""grnwt"": 0.0, ""xlai"": 2.758585214614868, ""totir"": 0.0, ""tofer"": NaN, ""swfac"": 0.0, ""nstres"": 0.0618826150894165}",0.0,0.0618826150894165,2703.4738159179688,0.0,2.758585214614868,0.0,,0.0,0.0,30.0,150.0,22.90506591796876,34.90506591796876,Leave_One_experiments/all_year_offline_schedule_search/daily_outputs/LCA/LCA_2023_LCA2023_normal_grid_S0015_daily.csv
LCA,LCA,Luancheng,2023,Leave_One_experiments\wth_generated_qc\LCA\LCA2023.WTH,wet_year;nitrogen_stress_year;low_response_year,wet,LCA2023_normal_grid_S0015,irrigation_positive_candidate,2023-07-14,195,35,30,"{""sim_day"": 35.0, ""doy"": 195.0, ""topwt"": 3052.8399658203125, ""grnwt"": 0.0, ""xlai"": 2.908751964569092, ""totir"": 0.0, ""tofer"": NaN, ""swfac"": 0.0, ""nstres"": 0.08228600025177}",0.0,0.08228600025177,3052.8399658203125,0.0,2.908751964569092,0.0,,0.0,50.0,30.0,150.0,22.90506591796876,34.90506591796876,Leave_One_experiments/all_year_offline_schedule_search/daily_outputs/LCA/LCA_2023_LCA2023_normal_grid_S0015_daily.csv
LCA,LCA,Luancheng,2023,Leave_One_experiments\wth_generated_qc\LCA\LCA2023.WTH,wet_year;nitrogen_stress_year;low_response_year,wet,LCA2023_normal_grid_S0015,irrigation_positive_candidate,2023-07-15,196,36,31,"{""sim_day"": 36.0, ""doy"": 196.0, ""topwt"": 3371.312561035156, ""grnwt"": 0.0, ""xlai"": 3.0240797996521, ""totir"": 0.0, ""tofer"": NaN, ""swfac"": 0.0, ""nstres"": 0.0915657877922058}",0.0,0.0915657877922058,3371.312561035156,0.0,3.0240797996521,0.0,,0.0,0.0,30.0,150.0,22.90506591796876,34.90506591796876,Leave_One_experiments/all_year_offline_schedule_search/daily_outputs/LCA/LCA_2023_LCA2023_normal_grid_S0015_daily.csv
LCA,LCA,Luancheng,2023,Leave_One_experiments\wth_generated_qc\LCA\LCA2023.WTH,wet_year;nitrogen_stress_year;low_response_year,wet,LCA2023_normal_grid_S0015,irrigation_positive_candidate,2023-07-16,197,37,32,"{""sim_day"": 37.0, ""doy"": 197.0, ""topwt"": 3681.609497070313, ""grnwt"": 0.0, ""xlai"": 3.1078665256500244, ""totir"": 0.0, ""tofer"": NaN, ""swfac"": 0.0, ""nstres"": 0.1276966333389282}",0.0,0.1276966333389282,3681.609497070313,0.0,3.1078665256500244,0.0,,0.0,0.0,30.0,150.0,22.90506591796876,34.90506591796876,Leave_One_experiments/all_year_offline_schedule_search/daily_outputs/LCA/LCA_2023_LCA2023_normal_grid_S0015_daily.csv
LCA,LCA,Luancheng,2023,Leave_One_experiments\wth_generated_qc\LCA\LCA2023.WTH,wet_year;nitrogen_stress_year;low_response_year,wet,LCA2023_normal_grid_S0015,irrigation_positive_candidate,2023-07-17,198,38,33,"{""sim_day"": 38.0, ""doy"": 198.0, ""topwt"": 4077.588195800781, ""grnwt"": 0.0, ""xlai"": 3.2567667961120605, ""totir"": 0.0, ""tofer"": NaN, ""swfac"": 0.0, ""nstres"": 0.1502964496612548}",0.0,0.1502964496612548,4077.588195800781,0.0,3.2567667961120605,0.0,,0.0,0.0,30.0,150.0,22.90506591796876,34.90506591796876,Leave_One_experiments/all_year_offline_schedule_search/daily_outputs/LCA/LCA_2023_LCA2023_normal_grid_S0015_daily.csv
LCA,LCA,Luancheng,2023,Leave_One_experiments\wth_generated_qc\LCA\LCA2023.WTH,wet_year;nitrogen_stress_year;low_response_year,wet,LCA2023_normal_grid_S0015,irrigation_positive_candidate,2023-07-18,199,39,34,"{""sim_day"": 39.0, ""doy"": 199.0, ""topwt"": 4389.3115234375, ""grnwt"": 0.0, ""xlai"": 3.310774087905884, ""totir"": 0.0, ""tofer"": NaN, ""swfac"": 0.0, ""nstres"": 0.1675055623054504}",0.0,0.1675055623054504,4389.3115234375,0.0,3.310774087905884,0.0,,0.0,0.0,30.0,150.0,22.90506591796876,34.90506591796876,Leave_One_experiments/all_year_offline_schedule_search/daily_outputs/LCA/LCA_2023_LCA2023_normal_grid_S0015_daily.csv
LCA,LCA,Luancheng,2023,Leave_One_experiments\wth_generated_qc\LCA\LCA2023.WTH,wet_year;nitrogen_stress_year;low_response_year,wet,LCA2023_normal_grid_S0015,irrigation_positive_candidate,2023-07-19,200,40,35,"{""sim_day"": 40.0, ""doy"": 200.0, ""topwt"": 4652.134704589844, ""grnwt"": 0.0, ""xlai"": 3.3202948570251465, ""totir"": 30.0, ""tofer"": NaN, ""swfac"": 0.0, ""nstres"": 0.1881431341171264}",0.0,0.1881431341171264,4652.134704589844,0.0,3.3202948570251465,30.0,,30.0,0.0,30.0,150.0,22.90506591796876,34.90506591796876,Leave_One_experiments/all_year_offline_schedule_search/daily_outputs/LCA/LCA_2023_LCA2023_normal_grid_S0015_daily.csv
LCA,LCA,Luancheng,2023,Leave_One_experiments\wth_generated_qc\LCA\LCA2023.WTH,wet_year;nitrogen_stress_year;low_response_year,wet,LCA2023_normal_grid_S0015,irrigation_positive_candidate,2023-07-20,201,41,36,"{""sim_day"": 41.0, ""doy"": 201.0, ""topwt"": 4751.329345703125, ""grnwt"": 0.0, ""xlai"": 3.289023399353028, ""totir"": 30.0, ""tofer"": NaN, ""swfac"": 0.0, ""nstres"": 0.1467441320419311}",0.0,0.1467441320419311,4751.329345703125,0.0,3.289023399353028,30.0,,0.0,0.0,30.0,150.0,22.90506591796876,34.90506591796876,Leave_One_experiments/all_year_offline_schedule_search/daily_outputs/LCA/LCA_2023_LCA2023_normal_grid_S0015_daily.csv
LCA,LCA,Luancheng,2023,Leave_One_experiments\wth_generated_qc\LCA\LCA2023.WTH,wet_year;nitrogen_stress_year;low_response_year,wet,LCA2023_normal_grid_S0015,irrigation_positive_candidate,2023-07-21,202,42,37,"{""sim_day"": 42.0, ""doy"": 202.0, ""topwt"": 5049.203186035156, ""grnwt"": 0.0, ""xlai"": 3.3329148292541504, ""totir"": 30.0, ""tofer"": NaN, ""swfac"": 0.0, ""nstres"": 0.0959657430648803}",0.0,0.0959657430648803,5049.203186035156,0.0,3.3329148292541504,30.0,,0.0,0.0,30.0,150.0,22.90506591796876,34.90506591796876,Leave_One_experiments/all_year_offline_schedule_search/daily_outputs/LCA/LCA_2023_LCA2023_normal_grid_S0015_daily.csv
LCA,LCA,Luancheng,2023,Leave_One_experiments\wth_generated_qc\LCA\LCA2023.WTH,wet_year;nitrogen_stress_year;low_response_year,wet,LCA2023_normal_grid_S0015,irrigation_positive_candidate,2023-07-22,203,43,38,"{""sim_day"": 43.0, ""doy"": 203.0, ""topwt"": 5425.7421875, ""grnwt"": 0.0, ""xlai"": 3.40740966796875, ""totir"": 30.0, ""tofer"": NaN, ""swfac"": 0.0, ""nstres"": 0.0567327141761779}",0.0,0.0567327141761779,5425.7421875,0.0,3.40740966796875,30.0,,0.0,0.0,30.0,150.0,22.90506591796876,34.90506591796876,Leave_One_experiments/all_year_offline_schedule_search/daily_outputs/LCA/LCA_2023_LCA2023_normal_grid_S0015_daily.csv
LCA,LCA,Luancheng,2023,Leave_One_experiments\wth_generated_qc\LCA\LCA2023.WTH,wet_year;nitrogen_stress_year;low_response_year,wet,LCA2023_normal_grid_S0015,irrigation_positive_candidate,2023-07-23,204,44,39,"{""sim_day"": 44.0, ""doy"": 204.0, ""topwt"": 5759.9932861328125, ""grnwt"": 0.0, ""xlai"": 3.4668900966644287, ""totir"": 30.0, ""tofer"": NaN, ""swfac"": 0.0, ""nstres"": 0.0517820119857788}",0.0,0.0517820119857788,5759.9932861328125,0.0,3.4668900966644287,30.0,,0.0,0.0,30.0,150.0,22.90506591796876,34.90506591796876,Leave_One_experiments/all_year_offline_schedule_search/daily_outputs/LCA/LCA_2023_LCA2023_normal_grid_S0015_daily.csv
LCA,LCA,Luancheng,2023,Leave_One_experiments\wth_generated_qc\LCA\LCA2023.WTH,wet_year;nitrogen_stress_year;low_response_year,wet,LCA2023_normal_grid_S0015,irrigation_positive_candidate,2023-07-24,205,45,40,"{""sim_day"": 45.0, ""doy"": 205.0, ""topwt"": 6099.630126953125, ""grnwt"": 0.0, ""xlai"": 3.51979398727417, ""totir"": 30.0, ""tofer"": NaN, ""swfac"": 0.0, ""nstres"": 0.0589919090270996}",0.0,0.0589919090270996,6099.630126953125,0.0,3.51979398727417,30.0,,0.0,0.0,30.0,150.0,22.90506591796876,34.90506591796876,Leave_One_experiments/all_year_offline_schedule_search/daily_outputs/LCA/LCA_2023_LCA2023_normal_grid_S0015_daily.csv
LCA,LCA,Luancheng,2023,Leave_One_experiments\wth_generated_qc\LCA\LCA2023.WTH,wet_year;nitrogen_stress_year;low_response_year,wet,LCA2023_normal_grid_S0015,irrigation_positive_candidate,2023-07-25,206,46,41,"{""sim_day"": 46.0, ""doy"": 206.0, ""topwt"": 6465.958251953125, ""grnwt"": 0.0, ""xlai"": 3.575789451599121, ""totir"": 30.0, ""tofer"": NaN, ""swfac"": 0.0, ""nstres"": 0.0647662281990051}",0.0,0.0647662281990051,6465.958251953125,0.0,3.575789451599121,30.0,,0.0,0.0,30.0,150.0,22.90506591796876,34.90506591796876,Leave_One_experiments/all_year_offline_schedule_search/daily_outputs/LCA/LCA_2023_LCA2023_normal_grid_S0015_daily.csv
LCA,LCA,Luancheng,2023,Leave_One_experiments\wth_generated_qc\LCA\LCA2023.WTH,wet_year;nitrogen_stress_year;low_response_year,wet,LCA2023_normal_grid_S0015,irrigation_positive_candidate,2023-07-26,207,47,42,"{""sim_day"": 47.0, ""doy"": 207.0, ""topwt"": 6834.718627929688, ""grnwt"": 0.0, ""xlai"": 3.631399154663086, ""totir"": 30.0, ""tofer"": NaN, ""swfac"": 0.0, ""nstres"": 0.065603494644165}",0.0,0.065603494644165,6834.718627929688,0.0,3.631399154663086,30.0,,0.0,0.0,30.0,150.0,22.90506591796876,34.90506591796876,Leave_One_experiments/all_year_offline_schedule_search/daily_outputs/LCA/LCA_2023_LCA2023_normal_grid_S0015_daily.csv
LCA,LCA,Luancheng,2023,Leave_One_experiments\wth_generated_qc\LCA\LCA2023.WTH,wet_year;nitrogen_stress_year;low_response_year,wet,LCA2023_normal_grid_S0015,irrigation_positive_candidate,2023-07-27,208,48,43,"{""sim_day"": 48.0, ""doy"": 208.0, ""topwt"": 7002.057495117188, ""grnwt"": 0.0, ""xlai"": 3.639349937438965, ""totir"": 30.0, ""tofer"": NaN, ""swfac"": 0.0, ""nstres"": 0.0667884349822998}",0.0,0.0667884349822998,7002.057495117188,0.0,3.639349937438965,30.0,,0.0,0.0,30.0,150.0,22.90506591796876,34.90506591796876,Leave_One_experiments/all_year_offline_schedule_search/daily_outputs/LCA/LCA_2023_LCA2023_normal_grid_S0015_daily.csv
LCA,LCA,Luancheng,2023,Leave_One_experiments\wth_generated_qc\LCA\LCA2023.WTH,wet_year;nitrogen_stress_year;low_response_year,wet,LCA2023_normal_grid_S0015,irrigation_positive_candidate,2023-07-28,209,49,44,"{""sim_day"": 49.0, ""doy"": 209.0, ""topwt"": 7047.876586914063, ""grnwt"": 0.0, ""xlai"": 3.6083967685699454, ""totir"": 30.0, ""tofer"": NaN, ""swfac"": 0.0, ""nstres"": 0.0680403709411621}",0.0,0.0680403709411621,7047.876586914063,0.0,3.6083967685699454,30.0,,0.0,0.0,30.0,150.0,22.90506591796876,34.90506591796876,Leave_One_experiments/all_year_offline_schedule_search/daily_outputs/LCA/LCA_2023_LCA2023_normal_grid_S0015_daily.csv
LCA,LCA,Luancheng,2023,Leave_One_experiments\wth_generated_qc\LCA\LCA2023.WTH,wet_year;nitrogen_stress_year;low_response_year,wet,LCA2023_normal_grid_S0015,irrigation_positive_candidate,2023-07-29,210,50,45,"{""sim_day"": 50.0, ""doy"": 210.0, ""topwt"": 7101.002197265625, ""grnwt"": 0.0, ""xlai"": 3.580186128616333, ""totir"": 30.0, ""tofer"": NaN, ""swfac"": 0.0, ""nstres"": 0.0625442266464233}",0.0,0.0625442266464233,7101.002197265625,0.0,3.580186128616333,30.0,,0.0,0.0,30.0,150.0,22.90506591796876,34.90506591796876,Leave_One_experiments/all_year_offline_schedule_search/daily_outputs/LCA/LCA_2023_LCA2023_normal_grid_S0015_daily.csv
LCA,LCA,Luancheng,2023,Leave_One_experiments\wth_generated_qc\LCA\LCA2023.WTH,wet_year;nitrogen_stress_year;low_response_year,wet,LCA2023_normal_grid_S0015,irrigation_positive_candidate,2023-07-30,211,51,46,"{""sim_day"": 51.0, ""doy"": 211.0, ""topwt"": 7248.377075195312, ""grnwt"": 0.0, ""xlai"": 3.5580780506134038, ""totir"": 30.0, ""tofer"": NaN, ""swfac"": 0.0, ""nstres"": 0.0494012832641601}",0.0,0.0494012832641601,7248.377075195312,0.0,3.5580780506134038,30.0,,0.0,0.0,30.0,150.0,22.90506591796876,34.90506591796876,Leave_One_experiments/all_year_offline_schedule_search/daily_outputs/LCA/LCA_2023_LCA2023_normal_grid_S0015_daily.csv
LCA,LCA,Luancheng,2023,Leave_One_experiments\wth_generated_qc\LCA\LCA2023.WTH,wet_year;nitrogen_stress_year;low_response_year,wet,LCA2023_normal_grid_S0015,irrigation_positive_candidate,2023-07-31,212,52,47,"{""sim_day"": 52.0, ""doy"": 212.0, ""topwt"": 7466.4410400390625, ""grnwt"": 0.0, ""xlai"": 3.5423905849456787, ""totir"": 30.0, ""tofer"": NaN, ""swfac"": 0.0, ""nstres"": 0.0352721214294433}",0.0,0.0352721214294433,7466.4410400390625,0.0,3.5423905849456787,30.0,,0.0,0.0,30.0,150.0,22.90506591796876,34.90506591796876,Leave_One_experiments/all_year_offline_schedule_search/daily_outputs/LCA/LCA_2023_LCA2023_normal_grid_S0015_daily.csv
LCA,LCA,Luancheng,2023,Leave_One_experiments\wth_generated_qc\LCA\LCA2023.WTH,wet_year;nitrogen_stress_year;low_response_year,wet,LCA2023_normal_grid_S0015,irrigation_positive_candidate,2023-08-01,213,53,48,"{""sim_day"": 53.0, ""doy"": 213.0, ""topwt"": 7843.45947265625, ""grnwt"": 0.0, ""xlai"": 3.5325443744659424, ""totir"": 30.0, ""tofer"": NaN, ""swfac"": 0.0, ""nstres"": 0.0222353935241699}",0.0,0.0222353935241699,7843.45947265625,0.0,3.5325443744659424,30.0,,0.0,0.0,30.0,150.0,22.90506591796876,34.90506591796876,Leave_One_experiments/all_year_offline_schedule_search/daily_outputs/LCA/LCA_2023_LCA2023_normal_grid_S0015_daily.csv
LCA,LCA,Luancheng,2023,Leave_One_experiments\wth_generated_qc\LCA\LCA2023.WTH,wet_year;nitrogen_stress_year;low_response_year,wet,LCA2023_normal_grid_S0015,irrigation_positive_candidate,2023-08-02,214,54,49,"{""sim_day"": 54.0, ""doy"": 214.0, ""topwt"": 8227.457275390625, ""grnwt"": 0.0, ""xlai"": 3.526845693588257, ""totir"": 30.0, ""tofer"": NaN, ""swfac"": 0.0, ""nstres"": 0.0129061341285705}",0.0,0.0129061341285705,8227.457275390625,0.0,3.526845693588257,30.0,,0.0,0.0,30.0,150.0,22.90506591796876,34.90506591796876,Leave_One_experiments/all_year_offline_schedule_search/daily_outputs/LCA/LCA_2023_LCA2023_normal_grid_S0015_daily.csv
LCA,LCA,Luancheng,2023,Leave_One_experiments\wth_generated_qc\LCA\LCA2023.WTH,wet_year;nitrogen_stress_year;low_response_year,wet,LCA2023_normal_grid_S0015,irrigation_positive_candidate,2023-08-03,215,55,50,"{""sim_day"": 55.0, ""doy"": 215.0, ""topwt"": 8522.864990234375, ""grnwt"": 0.0, ""xlai"": 3.5244617462158203, ""totir"": 30.0, ""tofer"": NaN, ""swfac"": 0.0, ""nstres"": 0.0054070949554443}",0.0,0.0054070949554443,8522.864990234375,0.0,3.5244617462158203,30.0,,0.0,0.0,30.0,150.0,22.90506591796876,34.90506591796876,Leave_One_experiments/all_year_offline_schedule_search/daily_outputs/LCA/LCA_2023_LCA2023_normal_grid_S0015_daily.csv
LCA,LCA,Luancheng,2023,Leave_One_experiments\wth_generated_qc\LCA\LCA2023.WTH,wet_year;nitrogen_stress_year;low_response_year,wet,LCA2023_normal_grid_S0015,irrigation_positive_candidate,2023-08-04,216,56,51,"{""sim_day"": 56.0, ""doy"": 216.0, ""topwt"": 8745.479736328125, ""grnwt"": 0.0, ""xlai"": 3.5244617462158203, ""totir"": 30.0, ""tofer"": NaN, ""swfac"": 0.0, ""nstres"": 0.0}",0.0,0.0,8745.479736328125,0.0,3.5244617462158203,30.0,,0.0,0.0,30.0,150.0,22.90506591796876,34.90506591796876,Leave_One_experiments/all_year_offline_schedule_search/daily_outputs/LCA/LCA_2023_LCA2023_normal_grid_S0015_daily.csv
LCA,LCA,Luancheng,2023,Leave_One_experiments\wth_generated_qc\LCA\LCA2023.WTH,wet_year;nitrogen_stress_year;low_response_year,wet,LCA2023_normal_grid_S0015,irrigation_positive_candidate,2023-08-05,217,57,52,"{""sim_day"": 57.0, ""doy"": 217.0, ""topwt"": 8998.411254882812, ""grnwt"": 252.9309844970703, ""xlai"": 3.5244617462158203, ""totir"": 30.0, ""tofer"": NaN, ""swfac"": 0.0, ""nstres"": 0.0}",0.0,0.0,8998.411254882812,252.9309844970703,3.5244617462158203,30.0,,0.0,0.0,30.0,150.0,22.90506591796876,34.90506591796876,Leave_One_experiments/all_year_offline_schedule_search/daily_outputs/LCA/LCA_2023_LCA2023_normal_grid_S0015_daily.csv
LCA,LCA,Luancheng,2023,Leave_One_experiments\wth_generated_qc\LCA\LCA2023.WTH,wet_year;nitrogen_stress_year;low_response_year,wet,LCA2023_normal_grid_S0015,irrigation_positive_candidate,2023-08-06,218,58,53,"{""sim_day"": 58.0, ""doy"": 218.0, ""topwt"": 9277.689208984377, ""grnwt"": 532.2089385986328, ""xlai"": 3.5244617462158203, ""totir"": 30.0, ""tofer"": NaN, ""swfac"": 0.0, ""nstres"": 0.0}",0.0,0.0,9277.689208984377,532.2089385986328,3.5244617462158203,30.0,,0.0,0.0,30.0,150.0,22.90506591796876,34.90506591796876,Leave_One_experiments/all_year_offline_schedule_search/daily_outputs/LCA/LCA_2023_LCA2023_normal_grid_S0015_daily.csv
LCA,LCA,Luancheng,2023,Leave_One_experiments\wth_generated_qc\LCA\LCA2023.WTH,wet_year;nitrogen_stress_year;low_response_year,wet,LCA2023_normal_grid_S0015,irrigation_positive_candidate,2023-08-07,219,59,54,"{""sim_day"": 59.0, ""doy"": 219.0, ""topwt"": 9534.132080078123, ""grnwt"": 788.6528015136719, ""xlai"": 3.523953437805176, ""totir"": 30.0, ""tofer"": NaN, ""swfac"": 0.0, ""nstres"": 0.0011541843414306}",0.0,0.0011541843414306,9534.132080078123,788.6528015136719,3.523953437805176,30.0,,0.0,0.0,30.0,150.0,22.90506591796876,34.90506591796876,Leave_One_experiments/all_year_offline_schedule_search/daily_outputs/LCA/LCA_2023_LCA2023_normal_grid_S0015_daily.csv
LCA,LCA,Luancheng,2023,Leave_One_experiments\wth_generated_qc\LCA\LCA2023.WTH,wet_year;nitrogen_stress_year;low_response_year,wet,LCA2023_normal_grid_S0015,irrigation_positive_candidate,2023-08-08,220,60,55,"{""sim_day"": 60.0, ""doy"": 220.0, ""topwt"": 9767.742919921877, ""grnwt"": 1022.2626495361328, ""xlai"": 3.520433187484741, ""totir"": 30.0, ""tofer"": NaN, ""swfac"": 0.0, ""nstres"": 0.0079914331436157}",0.0,0.0079914331436157,9767.742919921877,1022.2626495361328,3.520433187484741,30.0,,0.0,0.0,30.0,150.0,22.90506591796876,34.90506591796876,Leave_One_experiments/all_year_offline_schedule_search/daily_outputs/LCA/LCA_2023_LCA2023_normal_grid_S0015_daily.csv
LCA,LCA,Luancheng,2023,Leave_One_experiments\wth_generated_qc\LCA\LCA2023.WTH,wet_year;nitrogen_stress_year;low_response_year,wet,LCA2023_normal_grid_S0015,irrigation_positive_candidate,2023-08-09,221,61,56,"{""sim_day"": 61.0, ""doy"": 221.0, ""topwt"": 10011.891479492188, ""grnwt"": 1266.4112091064453, ""xlai"": 3.5144667625427246, ""totir"": 30.0, ""tofer"": NaN, ""swfac"": 0.0, ""nstres"": 0.0135582089424133}",0.0,0.0135582089424133,10011.891479492188,1266.4112091064453,3.5144667625427246,30.0,,0.0,0.0,30.0,150.0,22.90506591796876,34.90506591796876,Leave_One_experiments/all_year_offline_schedule_search/daily_outputs/LCA/LCA_2023_LCA2023_normal_grid_S0015_daily.csv
LCA,LCA,Luancheng,2023,Leave_One_experiments\wth_generated_qc\LCA\LCA2023.WTH,wet_year;nitrogen_stress_year;low_response_year,wet,LCA2023_normal_grid_S0015,irrigation_positive_candidate,2023-08-10,222,62,57,"{""sim_day"": 62.0, ""doy"": 222.0, ""topwt"": 10252.52685546875, ""grnwt"": 1507.0468139648438, ""xlai"": 3.5055320262908936, ""totir"": 30.0, ""tofer"": NaN, ""swfac"": 0.0, ""nstres"": 0.0203379392623901}",0.0,0.0203379392623901,10252.52685546875,1507.0468139648438,3.5055320262908936,30.0,,0.0,0.0,30.0,150.0,22.90506591796876,34.90506591796876,Leave_One_experiments/all_year_offline_schedule_search/daily_outputs/LCA/LCA_2023_LCA2023_normal_grid_S0015_daily.csv
LCA,LCA,Luancheng,2023,Leave_One_experiments\wth_generated_qc\LCA\LCA2023.WTH,wet_year;nitrogen_stress_year;low_response_year,wet,LCA2023_normal_grid_S0015,irrigation_positive_candidate,2023-08-11,223,63,58,"{""sim_day"": 63.0, ""doy"": 223.0, ""topwt"": 10510.7275390625, ""grnwt"": 1765.2473449707031, ""xlai"": 3.4935545921325684, ""totir"": 30.0, ""tofer"": NaN, ""swfac"": 0.0, ""nstres"": 0.0273334980010986}",0.0,0.0273334980010986,10510.7275390625,1765.2473449707031,3.4935545921325684,30.0,,0.0,0.0,30.0,150.0,22.90506591796876,34.90506591796876,Leave_One_experiments/all_year_offline_schedule_search/daily_outputs/LCA/LCA_2023_LCA2023_normal_grid_S0015_daily.csv
LCA,LCA,Luancheng,2023,Leave_One_experiments\wth_generated_qc\LCA\LCA2023.WTH,wet_year;nitrogen_stress_year;low_response_year,wet,LCA2023_normal_grid_S0015,irrigation_positive_candidate,2023-08-12,224,64,59,"{""sim_day"": 64.0, ""doy"": 224.0, ""topwt"": 10754.87548828125, ""grnwt"": 2009.395904541016, ""xlai"": 3.477752208709717, ""totir"": 30.0, ""tofer"": NaN, ""swfac"": 0.0, ""nstres"": 0.0361859202384948}",0.0,0.0361859202384948,10754.87548828125,2009.395904541016,3.477752208709717,30.0,,0.0,0.0,30.0,150.0,22.90506591796876,34.90506591796876,Leave_One_experiments/all_year_offline_schedule_search/daily_outputs/LCA/LCA_2023_LCA2023_normal_grid_S0015_daily.csv
LCA,LCA,Luancheng,2023,Leave_One_experiments\wth_generated_qc\LCA\LCA2023.WTH,wet_year;nitrogen_stress_year;low_response_year,wet,LCA2023_normal_grid_S0015,irrigation_positive_candidate,2023-08-13,225,65,60,"{""sim_day"": 65.0, ""doy"": 225.0, ""topwt"": 10999.0234375, ""grnwt"": 2253.544464111328, ""xlai"": 3.458324909210205, ""totir"": 30.0, ""tofer"": NaN, ""swfac"": 0.0, ""nstres"": 0.0446895360946655}",0.0,0.0446895360946655,10999.0234375,2253.544464111328,3.458324909210205,30.0,,0.0,50.0,30.0,150.0,22.90506591796876,34.90506591796876,Leave_One_experiments/all_year_offline_schedule_search/daily_outputs/LCA/LCA_2023_LCA2023_normal_grid_S0015_daily.csv
LCA,LCA,Luancheng,2023,Leave_One_experiments\wth_generated_qc\LCA\LCA2023.WTH,wet_year;nitrogen_stress_year;low_response_year,wet,LCA2023_normal_grid_S0015,irrigation_positive_candidate,2023-08-14,226,66,61,"{""sim_day"": 66.0, ""doy"": 226.0, ""topwt"": 11257.22412109375, ""grnwt"": 2511.744842529297, ""xlai"": 3.458324909210205, ""totir"": 30.0, ""tofer"": NaN, ""swfac"": 0.0, ""nstres"": 0.0}",0.0,0.0,11257.22412109375,2511.744842529297,3.458324909210205,30.0,,0.0,0.0,30.0,150.0,22.90506591796876,34.90506591796876,Leave_One_experiments/all_year_offline_schedule_search/daily_outputs/LCA/LCA_2023_LCA2023_normal_grid_S0015_daily.csv
LCA,LCA,Luancheng,2023,Leave_One_experiments\wth_generated_qc\LCA\LCA2023.WTH,wet_year;nitrogen_stress_year;low_response_year,wet,LCA2023_normal_grid_S0015,irrigation_positive_candidate,2023-08-15,227,67,62,"{""sim_day"": 67.0, ""doy"": 227.0, ""topwt"": 11462.730712890623, ""grnwt"": 2717.251281738281, ""xlai"": 3.458324909210205, ""totir"": 30.0, ""tofer"": NaN, ""swfac"": 0.0, ""nstres"": 0.0}",0.0,0.0,11462.730712890623,2717.251281738281,3.458324909210205,30.0,,0.0,0.0,30.0,150.0,22.90506591796876,34.90506591796876,Leave_One_experiments/all_year_offline_schedule_search/daily_outputs/LCA/LCA_2023_LCA2023_normal_grid_S0015_daily.csv
LCA,LCA,Luancheng,2023,Leave_One_experiments\wth_generated_qc\LCA\LCA2023.WTH,wet_year;nitrogen_stress_year;low_response_year,wet,LCA2023_normal_grid_S0015,irrigation_positive_candidate,2023-08-16,228,68,63,"{""sim_day"": 68.0, ""doy"": 228.0, ""topwt"": 11677.020263671877, ""grnwt"": 2931.5399169921875, ""xlai"": 3.458324909210205, ""totir"": 30.0, ""tofer"": NaN, ""swfac"": 0.0, ""nstres"": 0.0}",0.0,0.0,11677.020263671877,2931.5399169921875,3.458324909210205,30.0,,0.0,0.0,30.0,150.0,22.90506591796876,34.90506591796876,Leave_One_experiments/all_year_offline_schedule_search/daily_outputs/LCA/LCA_2023_LCA2023_normal_grid_S0015_daily.csv
LCA,LCA,Luancheng,2023,Leave_One_experiments\wth_generated_qc\LCA\LCA2023.WTH,wet_year;nitrogen_stress_year;low_response_year,wet,LCA2023_normal_grid_S0015,irrigation_positive_candidate,2023-08-17,229,69,64,"{""sim_day"": 69.0, ""doy"": 229.0, ""topwt"": 11873.743896484377, ""grnwt"": 3128.2638549804688, ""xlai"": 3.404027223587036, ""totir"": 30.0, ""tofer"": NaN, ""swfac"": 0.0, ""nstres"": 0.0}",0.0,0.0,11873.743896484377,3128.2638549804688,3.404027223587036,30.0,,0.0,0.0,30.0,150.0,22.90506591796876,34.90506591796876,Leave_One_experiments/all_year_offline_schedule_search/daily_outputs/LCA/LCA_2023_LCA2023_normal_grid_S0015_daily.csv
LCA,LCA,Luancheng,2023,Leave_One_experiments\wth_generated_qc\LCA\LCA2023.WTH,wet_year;nitrogen_stress_year;low_response_year,wet,LCA2023_normal_grid_S0015,irrigation_positive_candidate,2023-08-18,230,70,65,"{""sim_day"": 70.0, ""doy"": 230.0, ""topwt"": 12130.18798828125, ""grnwt"": 3384.7076416015625, ""xlai"": 3.33172607421875, ""totir"": 30.0, ""tofer"": NaN, ""swfac"": 0.0, ""nstres"": 0.0}",0.0,0.0,12130.18798828125,3384.7076416015625,3.33172607421875,30.0,,0.0,0.0,30.0,150.0,22.90506591796876,34.90506591796876,Leave_One_experiments/all_year_offline_schedule_search/daily_outputs/LCA/LCA_2023_LCA2023_normal_grid_S0015_daily.csv
LCA,LCA,Luancheng,2023,Leave_One_experiments\wth_generated_qc\LCA\LCA2023.WTH,wet_year;nitrogen_stress_year;low_response_year,wet,LCA2023_normal_grid_S0015,irrigation_positive_candidate,2023-08-19,231,71,66,"{""sim_day"": 71.0, ""doy"": 231.0, ""topwt"": 12379.605712890623, ""grnwt"": 3634.1259765625, ""xlai"": 3.251717329025269, ""totir"": 30.0, ""tofer"": NaN, ""swfac"": 0.0, ""nstres"": 0.0}",0.0,0.0,12379.605712890623,3634.1259765625,3.251717329025269,30.0,,0.0,0.0,30.0,150.0,22.90506591796876,34.90506591796876,Leave_One_experiments/all_year_offline_schedule_search/daily_outputs/LCA/LCA_2023_LCA2023_normal_grid_S0015_daily.csv
LCA,LCA,Luancheng,2023,Leave_One_experiments\wth_generated_qc\LCA\LCA2023.WTH,wet_year;nitrogen_stress_year;low_response_year,wet,LCA2023_normal_grid_S0015,irrigation_positive_candidate,2023-08-20,232,72,67,"{""sim_day"": 72.0, ""doy"": 232.0, ""topwt"": 12632.53662109375, ""grnwt"": 3887.056884765625, ""xlai"": 3.164836883544922, ""totir"": 30.0, ""tofer"": NaN, ""swfac"": 0.0, ""nstres"": 0.0}",0.0,0.0,12632.53662109375,3887.056884765625,3.164836883544922,30.0,,0.0,0.0,30.0,150.0,22.90506591796876,34.90506591796876,Leave_One_experiments/all_year_offline_schedule_search/daily_outputs/LCA/LCA_2023_LCA2023_normal_grid_S0015_daily.csv
LCA,LCA,Luancheng,2023,Leave_One_experiments\wth_generated_qc\LCA\LCA2023.WTH,wet_year;nitrogen_stress_year;low_response_year,wet,LCA2023_normal_grid_S0015,irrigation_positive_candidate,2023-08-21,233,73,68,"{""sim_day"": 73.0, ""doy"": 233.0, ""topwt"": 12913.57177734375, ""grnwt"": 4168.091430664063, ""xlai"": 3.0748465061187744, ""totir"": 30.0, ""tofer"": NaN, ""swfac"": 0.0, ""nstres"": 0.0}",0.0,0.0,12913.57177734375,4168.091430664063,3.0748465061187744,30.0,,0.0,0.0,30.0,150.0,22.90506591796876,34.90506591796876,Leave_One_experiments/all_year_offline_schedule_search/daily_outputs/LCA/LCA_2023_LCA2023_normal_grid_S0015_daily.csv
LCA,LCA,Luancheng,2023,Leave_One_experiments\wth_generated_qc\LCA\LCA2023.WTH,wet_year;nitrogen_stress_year;low_response_year,wet,LCA2023_normal_grid_S0015,irrigation_positive_candidate,2023-08-22,234,74,69,"{""sim_day"": 74.0, ""doy"": 234.0, ""topwt"": 13194.605712890623, ""grnwt"": 4449.1259765625, ""xlai"": 2.986457109451294, ""totir"": 30.0, ""tofer"": NaN, ""swfac"": 0.0, ""nstres"": 0.0}",0.0,0.0,13194.605712890623,4449.1259765625,2.986457109451294,30.0,,0.0,0.0,30.0,150.0,22.90506591796876,34.90506591796876,Leave_One_experiments/all_year_offline_schedule_search/daily_outputs/LCA/LCA_2023_LCA2023_normal_grid_S0015_daily.csv
LCA,LCA,Luancheng,2023,Leave_One_experiments\wth_generated_qc\LCA\LCA2023.WTH,wet_year;nitrogen_stress_year;low_response_year,wet,LCA2023_normal_grid_S0015,irrigation_positive_candidate,2023-08-23,235,75,70,"{""sim_day"": 75.0, ""doy"": 235.0, ""topwt"": 13475.640869140623, ""grnwt"": 4730.1605224609375, ""xlai"": 2.8986656665802, ""totir"": 30.0, ""tofer"": NaN, ""swfac"": 0.0, ""nstres"": 0.0}",0.0,0.0,13475.640869140623,4730.1605224609375,2.8986656665802,30.0,,0.0,0.0,30.0,150.0,22.90506591796876,34.90506591796876,Leave_One_experiments/all_year_offline_schedule_search/daily_outputs/LCA/LCA_2023_LCA2023_normal_grid_S0015_daily.csv
LCA,LCA,Luancheng,2023,Leave_One_experiments\wth_generated_qc\LCA\LCA2023.WTH,wet_year;nitrogen_stress_year;low_response_year,wet,LCA2023_normal_grid_S0015,irrigation_positive_candidate,2023-08-24,236,76,71,"{""sim_day"": 76.0, ""doy"": 236.0, ""topwt"": 13756.6748046875, ""grnwt"": 5011.195068359375, ""xlai"": 2.8071467876434326, ""totir"": 30.0, ""tofer"": NaN, ""swfac"": 0.0, ""nstres"": 0.0}",0.0,0.0,13756.6748046875,5011.195068359375,2.8071467876434326,30.0,,0.0,0.0,30.0,150.0,22.90506591796876,34.90506591796876,Leave_One_experiments/all_year_offline_schedule_search/daily_outputs/LCA/LCA_2023_LCA2023_normal_grid_S0015_daily.csv
LCA,LCA,Luancheng,2023,Leave_One_experiments\wth_generated_qc\LCA\LCA2023.WTH,wet_year;nitrogen_stress_year;low_response_year,wet,LCA2023_normal_grid_S0015,irrigation_positive_candidate,2023-08-25,237,77,72,"{""sim_day"": 77.0, ""doy"": 237.0, ""topwt"": 13838.050537109377, ""grnwt"": 5292.2296142578125, ""xlai"": 2.722775936126709, ""totir"": 30.0, ""tofer"": NaN, ""swfac"": 0.0, ""nstres"": 0.0}",0.0,0.0,13838.050537109377,5292.2296142578125,2.722775936126709,30.0,,0.0,0.0,30.0,150.0,22.90506591796876,34.90506591796876,Leave_One_experiments/all_year_offline_schedule_search/daily_outputs/LCA/LCA_2023_LCA2023_normal_grid_S0015_daily.csv
LCA,LCA,Luancheng,2023,Leave_One_experiments\wth_generated_qc\LCA\LCA2023.WTH,wet_year;nitrogen_stress_year;low_response_year,wet,LCA2023_normal_grid_S0015,irrigation_positive_candidate,2023-08-26,238,78,73,"{""sim_day"": 78.0, ""doy"": 238.0, ""topwt"": 13971.724853515623, ""grnwt"": 5573.26416015625, ""xlai"": 2.639730215072632, ""totir"": 30.0, ""tofer"": NaN, ""swfac"": 0.0, ""nstres"": 0.0}",0.0,0.0,13971.724853515623,5573.26416015625,2.639730215072632,30.0,,0.0,0.0,30.0,150.0,22.90506591796876,34.90506591796876,Leave_One_experiments/all_year_offline_schedule_search/daily_outputs/LCA/LCA_2023_LCA2023_normal_grid_S0015_daily.csv
LCA,LCA,Luancheng,2023,Leave_One_experiments\wth_generated_qc\LCA\LCA2023.WTH,wet_year;nitrogen_stress_year;low_response_year,wet,LCA2023_normal_grid_S0015,irrigation_positive_candidate,2023-08-27,239,79,74,"{""sim_day"": 79.0, ""doy"": 239.0, ""topwt"": 14330.596923828123, ""grnwt"": 5854.298706054688, ""xlai"": 2.537964105606079, ""totir"": 30.0, ""tofer"": NaN, ""swfac"": 0.0, ""nstres"": 0.0}",0.0,0.0,14330.596923828123,5854.298706054688,2.537964105606079,30.0,,0.0,0.0,30.0,150.0,22.90506591796876,34.90506591796876,Leave_One_experiments/all_year_offline_schedule_search/daily_outputs/LCA/LCA_2023_LCA2023_normal_grid_S0015_daily.csv
LCA,LCA,Luancheng,2023,Leave_One_experiments\wth_generated_qc\LCA\LCA2023.WTH,wet_year;nitrogen_stress_year;low_response_year,wet,LCA2023_normal_grid_S0015,irrigation_positive_candidate,2023-08-28,240,80,75,"{""sim_day"": 80.0, ""doy"": 240.0, ""topwt"": 14648.685302734377, ""grnwt"": 6135.333251953125, ""xlai"": 2.429715394973755, ""totir"": 30.0, ""tofer"": NaN, ""swfac"": 0.0, ""nstres"": 0.0013766288757324}",0.0,0.0013766288757324,14648.685302734377,6135.333251953125,2.429715394973755,30.0,,0.0,0.0,30.0,150.0,22.90506591796876,34.90506591796876,Leave_One_experiments/all_year_offline_schedule_search/daily_outputs/LCA/LCA_2023_LCA2023_normal_grid_S0015_daily.csv
LCA,LCA,Luancheng,2023,Leave_One_experiments\wth_generated_qc\LCA\LCA2023.WTH,wet_year;nitrogen_stress_year;low_response_year,wet,LCA2023_normal_grid_S0015,irrigation_positive_candidate,2023-08-29,241,81,76,"{""sim_day"": 81.0, ""doy"": 241.0, ""topwt"": 14981.65283203125, ""grnwt"": 6416.3677978515625, ""xlai"": 2.310445547103882, ""totir"": 30.0, ""tofer"": NaN, ""swfac"": 0.0, ""nstres"": 0.0272141098976135}",0.0,0.0272141098976135,14981.65283203125,6416.3677978515625,2.310445547103882,30.0,,0.0,0.0,30.0,150.0,22.90506591796876,34.90506591796876,Leave_One_experiments/all_year_offline_schedule_search/daily_outputs/LCA/LCA_2023_LCA2023_normal_grid_S0015_daily.csv
LCA,LCA,Luancheng,2023,Leave_One_experiments\wth_generated_qc\LCA\LCA2023.WTH,wet_year;nitrogen_stress_year;low_response_year,wet,LCA2023_normal_grid_S0015,irrigation_positive_candidate,2023-08-30,242,82,77,"{""sim_day"": 82.0, ""doy"": 242.0, ""topwt"": 15301.846923828123, ""grnwt"": 6697.40234375, ""xlai"": 2.178353071212769, ""totir"": 30.0, ""tofer"": NaN, ""swfac"": 0.0, ""nstres"": 0.0484384298324584}",0.0,0.0484384298324584,15301.846923828123,6697.40234375,2.178353071212769,30.0,,0.0,0.0,30.0,150.0,22.90506591796876,34.90506591796876,Leave_One_experiments/all_year_offline_schedule_search/daily_outputs/LCA/LCA_2023_LCA2023_normal_grid_S0015_daily.csv
LCA,LCA,Luancheng,2023,Leave_One_experiments\wth_generated_qc\LCA\LCA2023.WTH,wet_year;nitrogen_stress_year;low_response_year,wet,LCA2023_normal_grid_S0015,irrigation_positive_candidate,2023-08-31,243,83,78,"{""sim_day"": 83.0, ""doy"": 243.0, ""topwt"": 15493.963623046877, ""grnwt"": 6978.4375, ""xlai"": 2.0399398803710938, ""totir"": 30.0, ""tofer"": NaN, ""swfac"": 0.0, ""nstres"": 0.0720214247703552}",0.0,0.0720214247703552,15493.963623046877,6978.4375,2.0399398803710938,30.0,,0.0,0.0,30.0,150.0,22.90506591796876,34.90506591796876,Leave_One_experiments/all_year_offline_schedule_search/daily_outputs/LCA/LCA_2023_LCA2023_normal_grid_S0015_daily.csv
LCA,LCA,Luancheng,2023,Leave_One_experiments\wth_generated_qc\LCA\LCA2023.WTH,wet_year;nitrogen_stress_year;low_response_year,wet,LCA2023_normal_grid_S0015,irrigation_positive_candidate,2023-09-01,244,84,79,"{""sim_day"": 84.0, ""doy"": 244.0, ""topwt"": 15747.75146484375, ""grnwt"": 7259.472045898437, ""xlai"": 1.8843337297439573, ""totir"": 30.0, ""tofer"": NaN, ""swfac"": 0.0, ""nstres"": 0.1030895709991455}",0.0,0.1030895709991455,15747.75146484375,7259.472045898437,1.8843337297439573,30.0,,0.0,0.0,30.0,150.0,22.90506591796876,34.90506591796876,Leave_One_experiments/all_year_offline_schedule_search/daily_outputs/LCA/LCA_2023_LCA2023_normal_grid_S0015_daily.csv
LCA,LCA,Luancheng,2023,Leave_One_experiments\wth_generated_qc\LCA\LCA2023.WTH,wet_year;nitrogen_stress_year;low_response_year,wet,LCA2023_normal_grid_S0015,irrigation_positive_candidate,2023-09-02,245,85,80,"{""sim_day"": 85.0, ""doy"": 245.0, ""topwt"": 16035.147705078123, ""grnwt"": 7540.506591796875, ""xlai"": 1.7292560338974, ""totir"": 30.0, ""tofer"": NaN, ""swfac"": 0.0, ""nstres"": 0.1209666728973388}",0.0,0.1209666728973388,16035.147705078123,7540.506591796875,1.7292560338974,30.0,,0.0,0.0,30.0,150.0,22.90506591796876,34.90506591796876,Leave_One_experiments/all_year_offline_schedule_search/daily_outputs/LCA/LCA_2023_LCA2023_normal_grid_S0015_daily.csv
LCA,LCA,Luancheng,2023,Leave_One_experiments\wth_generated_qc\LCA\LCA2023.WTH,wet_year;nitrogen_stress_year;low_response_year,wet,LCA2023_normal_grid_S0015,irrigation_positive_candidate,2023-09-03,246,86,81,"{""sim_day"": 86.0, ""doy"": 246.0, ""topwt"": 16035.147705078123, ""grnwt"": 7540.506591796875, ""xlai"": 1.7292560338974, ""totir"": 30.0, ""tofer"": NaN, ""swfac"": 0.0, ""nstres"": 0.1423757076263427}",0.0,0.1423757076263427,16035.147705078123,7540.506591796875,1.7292560338974,30.0,,0.0,0.0,30.0,150.0,22.90506591796876,34.90506591796876,Leave_One_experiments/all_year_offline_schedule_search/daily_outputs/LCA/LCA_2023_LCA2023_normal_grid_S0015_daily.csv
LCA,LCA,Luancheng,2023,Leave_One_experiments\wth_generated_qc\LCA\LCA2023.WTH,wet_year;nitrogen_stress_year;low_response_year,wet,LCA2023_normal_grid_S0015,irrigation_positive_candidate,2023-09-04,247,87,82,"{""sim_day"": 87.0, ""doy"": 247.0, ""topwt"": 16035.147705078123, ""grnwt"": 7540.506591796875, ""xlai"": 1.7292560338974, ""totir"": 30.0, ""tofer"": NaN, ""swfac"": 0.0, ""nstres"": 0.1423757076263427}",0.0,0.1423757076263427,16035.147705078123,7540.506591796875,1.7292560338974,30.0,,0.0,0.0,30.0,150.0,22.90506591796876,34.90506591796876,Leave_One_experiments/all_year_offline_schedule_search/daily_outputs/LCA/LCA_2023_LCA2023_normal_grid_S0015_daily.csv
LCA,LCA,Luancheng,2023,Leave_One_experiments\wth_generated_qc\LCA\LCA2023.WTH,wet_year;nitrogen_stress_year;low_response_year,wet,LCA2023_normal_grid_S0015,irrigation_positive_candidate,2023-09-05,248,88,83,"{""sim_day"": 88.0, ""doy"": 248.0, ""topwt"": 16035.147705078123, ""grnwt"": 7540.506591796875, ""xlai"": 1.7292560338974, ""totir"": 30.0, ""tofer"": NaN, ""swfac"": 0.0, ""nstres"": 0.1423757076263427}",0.0,0.1423757076263427,16035.147705078123,7540.506591796875,1.7292560338974,30.0,,0.0,0.0,30.0,150.0,22.90506591796876,34.90506591796876,Leave_One_experiments/all_year_offline_schedule_search/daily_outputs/LCA/LCA_2023_LCA2023_normal_grid_S0015_daily.csv
LCA,LCA,Luancheng,2023,Leave_One_experiments\wth_generated_qc\LCA\LCA2023.WTH,wet_year;nitrogen_stress_year;low_response_year,wet,LCA2023_normal_grid_S0010,low_input_within_10pct_yield,2023-06-15,166,1,1,"{""sim_day"": 1.0, ""doy"": 166.0, ""topwt"": 0.0, ""grnwt"": 0.0, ""xlai"": 0.0, ""totir"": 0.0, ""tofer"": NaN, ""swfac"": 0.0, ""nstres"": 0.0}",0.0,0.0,0.0,0.0,0.0,0.0,,0.0,50.0,0.0,150.0,37.30847778320313,37.30847778320313,Leave_One_experiments/all_year_offline_schedule_search/daily_outputs/LCA/LCA_2023_LCA2023_normal_grid_S0010_daily.csv
LCA,LCA,Luancheng,2023,Leave_One_experiments\wth_generated_qc\LCA\LCA2023.WTH,wet_year;nitrogen_stress_year;low_response_year,wet,LCA2023_normal_grid_S0010,low_input_within_10pct_yield,2023-06-16,167,2,2,"{""sim_day"": 2.0, ""doy"": 167.0, ""topwt"": 0.0, ""grnwt"": 0.0, ""xlai"": 0.0, ""totir"": 0.0, ""tofer"": NaN, ""swfac"": 0.0, ""nstres"": 0.0}",0.0,0.0,0.0,0.0,0.0,0.0,,0.0,0.0,0.0,150.0,37.30847778320313,37.30847778320313,Leave_One_experiments/all_year_offline_schedule_search/daily_outputs/LCA/LCA_2023_LCA2023_normal_grid_S0010_daily.csv
LCA,LCA,Luancheng,2023,Leave_One_experiments\wth_generated_qc\LCA\LCA2023.WTH,wet_year;nitrogen_stress_year;low_response_year,wet,LCA2023_normal_grid_S0010,low_input_within_10pct_yield,2023-06-17,168,3,3,"{""sim_day"": 3.0, ""doy"": 168.0, ""topwt"": 0.0, ""grnwt"": 0.0, ""xlai"": 0.0, ""totir"": 0.0, ""tofer"": NaN, ""swfac"": 0.0, ""nstres"": 0.0}",0.0,0.0,0.0,0.0,0.0,0.0,,0.0,0.0,0.0,150.0,37.30847778320313,37.30847778320313,Leave_One_experiments/all_year_offline_schedule_search/daily_outputs/LCA/LCA_2023_LCA2023_normal_grid_S0010_daily.csv
LCA,LCA,Luancheng,2023,Leave_One_experiments\wth_generated_qc\LCA\LCA2023.WTH,wet_year;nitrogen_stress_year;low_response_year,wet,LCA2023_normal_grid_S0010,low_input_within_10pct_yield,2023-06-18,169,4,4,"{""sim_day"": 4.0, ""doy"": 169.0, ""topwt"": 0.0, ""grnwt"": 0.0, ""xlai"": 0.0, ""totir"": 0.0, ""tofer"": NaN, ""swfac"": 0.0, ""nstres"": 0.0}",0.0,0.0,0.0,0.0,0.0,0.0,,0.0,0.0,0.0,150.0,37.30847778320313,37.30847778320313,Leave_One_experiments/all_year_offline_schedule_search/daily_outputs/LCA/LCA_2023_LCA2023_normal_grid_S0010_daily.csv
LCA,LCA,Luancheng,2023,Leave_One_experiments\wth_generated_qc\LCA\LCA2023.WTH,wet_year;nitrogen_stress_year;low_response_year,wet,LCA2023_normal_grid_S0010,low_input_within_10pct_yield,2023-06-19,170,5,5,"{""sim_day"": 5.0, ""doy"": 170.0, ""topwt"": 0.0, ""grnwt"": 0.0, ""xlai"": 0.0, ""totir"": 0.0, ""tofer"": NaN, ""swfac"": 0.0, ""nstres"": 0.0}",0.0,0.0,0.0,0.0,0.0,0.0,,0.0,0.0,0.0,150.0,37.30847778320313,37.30847778320313,Leave_One_experiments/all_year_offline_schedule_search/daily_outputs/LCA/LCA_2023_LCA2023_normal_grid_S0010_daily.csv
LCA,LCA,Luancheng,2023,Leave_One_experiments\wth_generated_qc\LCA\LCA2023.WTH,wet_year;nitrogen_stress_year;low_response_year,wet,LCA2023_normal_grid_S0010,low_input_within_10pct_yield,2023-06-15,166,6,1,"{""sim_day"": 6.0, ""doy"": 166.0, ""topwt"": 0.0, ""grnwt"": 0.0, ""xlai"": 0.0, ""totir"": 0.0, ""tofer"": NaN, ""swfac"": 0.0, ""nstres"": 0.0}",0.0,0.0,0.0,0.0,0.0,0.0,,0.0,0.0,0.0,150.0,37.30847778320313,37.30847778320313,Leave_One_experiments/all_year_offline_schedule_search/daily_outputs/LCA/LCA_2023_LCA2023_normal_grid_S0010_daily.csv
LCA,LCA,Luancheng,2023,Leave_One_experiments\wth_generated_qc\LCA\LCA2023.WTH,wet_year;nitrogen_stress_year;low_response_year,wet,LCA2023_normal_grid_S0010,low_input_within_10pct_yield,2023-06-16,167,7,2,"{""sim_day"": 7.0, ""doy"": 167.0, ""topwt"": 0.0, ""grnwt"": 0.0, ""xlai"": 0.0, ""totir"": 0.0, ""tofer"": NaN, ""swfac"": 0.0, ""nstres"": 0.0}",0.0,0.0,0.0,0.0,0.0,0.0,,0.0,0.0,0.0,150.0,37.30847778320313,37.30847778320313,Leave_One_experiments/all_year_offline_schedule_search/daily_outputs/LCA/LCA_2023_LCA2023_normal_grid_S0010_daily.csv
LCA,LCA,Luancheng,2023,Leave_One_experiments\wth_generated_qc\LCA\LCA2023.WTH,wet_year;nitrogen_stress_year;low_response_year,wet,LCA2023_normal_grid_S0010,low_input_within_10pct_yield,2023-06-17,168,8,3,"{""sim_day"": 8.0, ""doy"": 168.0, ""topwt"": 0.0, ""grnwt"": 0.0, ""xlai"": 0.0, ""totir"": 0.0, ""tofer"": NaN, ""swfac"": 0.0, ""nstres"": 0.0}",0.0,0.0,0.0,0.0,0.0,0.0,,0.0,0.0,0.0,150.0,37.30847778320313,37.30847778320313,Leave_One_experiments/all_year_offline_schedule_search/daily_outputs/LCA/LCA_2023_LCA2023_normal_grid_S0010_daily.csv
LCA,LCA,Luancheng,2023,Leave_One_experiments\wth_generated_qc\LCA\LCA2023.WTH,wet_year;nitrogen_stress_year;low_response_year,wet,LCA2023_normal_grid_S0010,low_input_within_10pct_yield,2023-06-18,169,9,4,"{""sim_day"": 9.0, ""doy"": 169.0, ""topwt"": 0.0, ""grnwt"": 0.0, ""xlai"": 0.0, ""totir"": 0.0, ""tofer"": NaN, ""swfac"": 0.0, ""nstres"": 0.0}",0.0,0.0,0.0,0.0,0.0,0.0,,0.0,0.0,0.0,150.0,37.30847778320313,37.30847778320313,Leave_One_experiments/all_year_offline_schedule_search/daily_outputs/LCA/LCA_2023_LCA2023_normal_grid_S0010_daily.csv
LCA,LCA,Luancheng,2023,Leave_One_experiments\wth_generated_qc\LCA\LCA2023.WTH,wet_year;nitrogen_stress_year;low_response_year,wet,LCA2023_normal_grid_S0010,low_input_within_10pct_yield,2023-06-19,170,10,5,"{""sim_day"": 10.0, ""doy"": 170.0, ""topwt"": 23.600001335144043, ""grnwt"": 0.0, ""xlai"": 0.0054826610721647, ""totir"": 0.0, ""tofer"": NaN, ""swfac"": 0.0, ""nstres"": 0.0121910572052001}",0.0,0.0121910572052001,23.600001335144043,0.0,0.0054826610721647,0.0,,0.0,0.0,0.0,150.0,37.30847778320313,37.30847778320313,Leave_One_experiments/all_year_offline_schedule_search/daily_outputs/LCA/LCA_2023_LCA2023_normal_grid_S0010_daily.csv
LCA,LCA,Luancheng,2023,Leave_One_experiments\wth_generated_qc\LCA\LCA2023.WTH,wet_year;nitrogen_stress_year;low_response_year,wet,LCA2023_normal_grid_S0010,low_input_within_10pct_yield,2023-06-20,171,11,6,"{""sim_day"": 11.0, ""doy"": 171.0, ""topwt"": 23.600001335144043, ""grnwt"": 0.0, ""xlai"": 0.0118592446669936, ""totir"": 0.0, ""tofer"": NaN, ""swfac"": 0.0, ""nstres"": 0.0074677467346191}",0.0,0.0074677467346191,23.600001335144043,0.0,0.0118592446669936,0.0,,0.0,0.0,0.0,150.0,37.30847778320313,37.30847778320313,Leave_One_experiments/all_year_offline_schedule_search/daily_outputs/LCA/LCA_2023_LCA2023_normal_grid_S0010_daily.csv
LCA,LCA,Luancheng,2023,Leave_One_experiments\wth_generated_qc\LCA\LCA2023.WTH,wet_year;nitrogen_stress_year;low_response_year,wet,LCA2023_normal_grid_S0010,low_input_within_10pct_yield,2023-06-21,172,12,7,"{""sim_day"": 12.0, ""doy"": 172.0, ""topwt"": 23.600001335144043, ""grnwt"": 0.0, ""xlai"": 0.034156609326601, ""totir"": 0.0, ""tofer"": NaN, ""swfac"": 0.0, ""nstres"": 0.0}",0.0,0.0,23.600001335144043,0.0,0.034156609326601,0.0,,0.0,0.0,0.0,150.0,37.30847778320313,37.30847778320313,Leave_One_experiments/all_year_offline_schedule_search/daily_outputs/LCA/LCA_2023_LCA2023_normal_grid_S0010_daily.csv
LCA,LCA,Luancheng,2023,Leave_One_experiments\wth_generated_qc\LCA\LCA2023.WTH,wet_year;nitrogen_stress_year;low_response_year,wet,LCA2023_normal_grid_S0010,low_input_within_10pct_yield,2023-06-22,173,13,8,"{""sim_day"": 13.0, ""doy"": 173.0, ""topwt"": 32.68338441848755, ""grnwt"": 0.0, ""xlai"": 0.0639842227101326, ""totir"": 0.0, ""tofer"": NaN, ""swfac"": 0.0, ""nstres"": 0.0}",0.0,0.0,32.68338441848755,0.0,0.0639842227101326,0.0,,0.0,0.0,0.0,150.0,37.30847778320313,37.30847778320313,Leave_One_experiments/all_year_offline_schedule_search/daily_outputs/LCA/LCA_2023_LCA2023_normal_grid_S0010_daily.csv
LCA,LCA,Luancheng,2023,Leave_One_experiments\wth_generated_qc\LCA\LCA2023.WTH,wet_year;nitrogen_stress_year;low_response_year,wet,LCA2023_normal_grid_S0010,low_input_within_10pct_yield,2023-06-23,174,14,9,"{""sim_day"": 14.0, ""doy"": 174.0, ""topwt"": 49.18990135192871, ""grnwt"": 0.0, ""xlai"": 0.1017766818404197, ""totir"": 0.0, ""tofer"": NaN, ""swfac"": 0.0, ""nstres"": 0.0}",0.0,0.0,49.18990135192871,0.0,0.1017766818404197,0.0,,0.0,0.0,0.0,150.0,37.30847778320313,37.30847778320313,Leave_One_experiments/all_year_offline_schedule_search/daily_outputs/LCA/LCA_2023_LCA2023_normal_grid_S0010_daily.csv
LCA,LCA,Luancheng,2023,Leave_One_experiments\wth_generated_qc\LCA\LCA2023.WTH,wet_year;nitrogen_stress_year;low_response_year,wet,LCA2023_normal_grid_S0010,low_input_within_10pct_yield,2023-06-24,175,15,10,"{""sim_day"": 15.0, ""doy"": 175.0, ""topwt"": 69.92221355438232, ""grnwt"": 0.0, ""xlai"": 0.14459128677845, ""totir"": 0.0, ""tofer"": NaN, ""swfac"": 0.0, ""nstres"": 0.0}",0.0,0.0,69.92221355438232,0.0,0.14459128677845,0.0,,0.0,0.0,0.0,150.0,37.30847778320313,37.30847778320313,Leave_One_experiments/all_year_offline_schedule_search/daily_outputs/LCA/LCA_2023_LCA2023_normal_grid_S0010_daily.csv
LCA,LCA,Luancheng,2023,Leave_One_experiments\wth_generated_qc\LCA\LCA2023.WTH,wet_year;nitrogen_stress_year;low_response_year,wet,LCA2023_normal_grid_S0010,low_input_within_10pct_yield,2023-06-25,176,16,11,"{""sim_day"": 16.0, ""doy"": 176.0, ""topwt"": 94.62953567504884, ""grnwt"": 0.0, ""xlai"": 0.1916293352842331, ""totir"": 0.0, ""tofer"": NaN, ""swfac"": 0.0, ""nstres"": 0.0}",0.0,0.0,94.62953567504884,0.0,0.1916293352842331,0.0,,0.0,0.0,0.0,150.0,37.30847778320313,37.30847778320313,Leave_One_experiments/all_year_offline_schedule_search/daily_outputs/LCA/LCA_2023_LCA2023_normal_grid_S0010_daily.csv
LCA,LCA,Luancheng,2023,Leave_One_experiments\wth_generated_qc\LCA\LCA2023.WTH,wet_year;nitrogen_stress_year;low_response_year,wet,LCA2023_normal_grid_S0010,low_input_within_10pct_yield,2023-06-26,177,17,12,"{""sim_day"": 17.0, ""doy"": 177.0, ""topwt"": 127.38264083862305, ""grnwt"": 0.0, ""xlai"": 0.2497031688690185, ""totir"": 0.0, ""tofer"": NaN, ""swfac"": 0.0, ""nstres"": 0.0}",0.0,0.0,127.38264083862305,0.0,0.2497031688690185,0.0,,0.0,0.0,0.0,150.0,37.30847778320313,37.30847778320313,Leave_One_experiments/all_year_offline_schedule_search/daily_outputs/LCA/LCA_2023_LCA2023_normal_grid_S0010_daily.csv
LCA,LCA,Luancheng,2023,Leave_One_experiments\wth_generated_qc\LCA\LCA2023.WTH,wet_year;nitrogen_stress_year;low_response_year,wet,LCA2023_normal_grid_S0010,low_input_within_10pct_yield,2023-06-27,178,18,13,"{""sim_day"": 18.0, ""doy"": 178.0, ""topwt"": 150.78413009643555, ""grnwt"": 0.0, ""xlai"": 0.3086592853069305, ""totir"": 0.0, ""tofer"": NaN, ""swfac"": 0.0, ""nstres"": 0.0}",0.0,0.0,150.78413009643555,0.0,0.3086592853069305,0.0,,0.0,0.0,0.0,150.0,37.30847778320313,37.30847778320313,Leave_One_experiments/all_year_offline_schedule_search/daily_outputs/LCA/LCA_2023_LCA2023_normal_grid_S0010_daily.csv
LCA,LCA,Luancheng,2023,Leave_One_experiments\wth_generated_qc\LCA\LCA2023.WTH,wet_year;nitrogen_stress_year;low_response_year,wet,LCA2023_normal_grid_S0010,low_input_within_10pct_yield,2023-06-28,179,19,14,"{""sim_day"": 19.0, ""doy"": 179.0, ""topwt"": 202.28271484375, ""grnwt"": 0.0, ""xlai"": 0.3964028358459472, ""totir"": 0.0, ""tofer"": NaN, ""swfac"": 0.0, ""nstres"": 0.0007663965225219}",0.0,0.0007663965225219,202.28271484375,0.0,0.3964028358459472,0.0,,0.0,0.0,0.0,150.0,37.30847778320313,37.30847778320313,Leave_One_experiments/all_year_offline_schedule_search/daily_outputs/LCA/LCA_2023_LCA2023_normal_grid_S0010_daily.csv
LCA,LCA,Luancheng,2023,Leave_One_experiments\wth_generated_qc\LCA\LCA2023.WTH,wet_year;nitrogen_stress_year;low_response_year,wet,LCA2023_normal_grid_S0010,low_input_within_10pct_yield,2023-06-29,180,20,15,"{""sim_day"": 20.0, ""doy"": 180.0, ""topwt"": 271.5953826904297, ""grnwt"": 0.0, ""xlai"": 0.5070606470108032, ""totir"": 0.0, ""tofer"": NaN, ""swfac"": 0.0, ""nstres"": 0.0}",0.0,0.0,271.5953826904297,0.0,0.5070606470108032,0.0,,0.0,0.0,0.0,150.0,37.30847778320313,37.30847778320313,Leave_One_experiments/all_year_offline_schedule_search/daily_outputs/LCA/LCA_2023_LCA2023_normal_grid_S0010_daily.csv
LCA,LCA,Luancheng,2023,Leave_One_experiments\wth_generated_qc\LCA\LCA2023.WTH,wet_year;nitrogen_stress_year;low_response_year,wet,LCA2023_normal_grid_S0010,low_input_within_10pct_yield,2023-06-30,181,21,16,"{""sim_day"": 21.0, ""doy"": 181.0, ""topwt"": 354.93675231933594, ""grnwt"": 0.0, ""xlai"": 0.6321649551391602, ""totir"": 0.0, ""tofer"": NaN, ""swfac"": 0.0, ""nstres"": 0.0}",0.0,0.0,354.93675231933594,0.0,0.6321649551391602,0.0,,0.0,0.0,0.0,150.0,37.30847778320313,37.30847778320313,Leave_One_experiments/all_year_offline_schedule_search/daily_outputs/LCA/LCA_2023_LCA2023_normal_grid_S0010_daily.csv
LCA,LCA,Luancheng,2023,Leave_One_experiments\wth_generated_qc\LCA\LCA2023.WTH,wet_year;nitrogen_stress_year;low_response_year,wet,LCA2023_normal_grid_S0010,low_input_within_10pct_yield,2023-07-01,182,22,17,"{""sim_day"": 22.0, ""doy"": 182.0, ""topwt"": 457.7200317382813, ""grnwt"": 0.0, ""xlai"": 0.7779134511947632, ""totir"": 0.0, ""tofer"": NaN, ""swfac"": 0.0, ""nstres"": 0.0}",0.0,0.0,457.7200317382813,0.0,0.7779134511947632,0.0,,0.0,0.0,0.0,150.0,37.30847778320313,37.30847778320313,Leave_One_experiments/all_year_offline_schedule_search/daily_outputs/LCA/LCA_2023_LCA2023_normal_grid_S0010_daily.csv
LCA,LCA,Luancheng,2023,Leave_One_experiments\wth_generated_qc\LCA\LCA2023.WTH,wet_year;nitrogen_stress_year;low_response_year,wet,LCA2023_normal_grid_S0010,low_input_within_10pct_yield,2023-07-02,183,23,18,"{""sim_day"": 23.0, ""doy"": 183.0, ""topwt"": 515.1121139526367, ""grnwt"": 0.0, ""xlai"": 0.8554331064224243, ""totir"": 0.0, ""tofer"": NaN, ""swfac"": 0.0, ""nstres"": 0.0}",0.0,0.0,515.1121139526367,0.0,0.8554331064224243,0.0,,0.0,0.0,0.0,150.0,37.30847778320313,37.30847778320313,Leave_One_experiments/all_year_offline_schedule_search/daily_outputs/LCA/LCA_2023_LCA2023_normal_grid_S0010_daily.csv
LCA,LCA,Luancheng,2023,Leave_One_experiments\wth_generated_qc\LCA\LCA2023.WTH,wet_year;nitrogen_stress_year;low_response_year,wet,LCA2023_normal_grid_S0010,low_input_within_10pct_yield,2023-07-03,184,24,19,"{""sim_day"": 24.0, ""doy"": 184.0, ""topwt"": 633.9906311035156, ""grnwt"": 0.0, ""xlai"": 1.0105249881744385, ""totir"": 0.0, ""tofer"": NaN, ""swfac"": 0.0, ""nstres"": 0.0}",0.0,0.0,633.9906311035156,0.0,1.0105249881744385,0.0,,0.0,0.0,0.0,150.0,37.30847778320313,37.30847778320313,Leave_One_experiments/all_year_offline_schedule_search/daily_outputs/LCA/LCA_2023_LCA2023_normal_grid_S0010_daily.csv
LCA,LCA,Luancheng,2023,Leave_One_experiments\wth_generated_qc\LCA\LCA2023.WTH,wet_year;nitrogen_stress_year;low_response_year,wet,LCA2023_normal_grid_S0010,low_input_within_10pct_yield,2023-07-04,185,25,20,"{""sim_day"": 25.0, ""doy"": 185.0, ""topwt"": 793.1299591064453, ""grnwt"": 0.0, ""xlai"": 1.2129454612731934, ""totir"": 0.0, ""tofer"": NaN, ""swfac"": 0.0, ""nstres"": 0.0}",0.0,0.0,793.1299591064453,0.0,1.2129454612731934,0.0,,0.0,0.0,0.0,150.0,37.30847778320313,37.30847778320313,Leave_One_experiments/all_year_offline_schedule_search/daily_outputs/LCA/LCA_2023_LCA2023_normal_grid_S0010_daily.csv
LCA,LCA,Luancheng,2023,Leave_One_experiments\wth_generated_qc\LCA\LCA2023.WTH,wet_year;nitrogen_stress_year;low_response_year,wet,LCA2023_normal_grid_S0010,low_input_within_10pct_yield,2023-07-05,186,26,21,"{""sim_day"": 26.0, ""doy"": 186.0, ""topwt"": 976.4625549316406, ""grnwt"": 0.0, ""xlai"": 1.429304838180542, ""totir"": 0.0, ""tofer"": NaN, ""swfac"": 0.0, ""nstres"": 0.0}",0.0,0.0,976.4625549316406,0.0,1.429304838180542,0.0,,0.0,0.0,0.0,150.0,37.30847778320313,37.30847778320313,Leave_One_experiments/all_year_offline_schedule_search/daily_outputs/LCA/LCA_2023_LCA2023_normal_grid_S0010_daily.csv
LCA,LCA,Luancheng,2023,Leave_One_experiments\wth_generated_qc\LCA\LCA2023.WTH,wet_year;nitrogen_stress_year;low_response_year,wet,LCA2023_normal_grid_S0010,low_input_within_10pct_yield,2023-07-06,187,27,22,"{""sim_day"": 27.0, ""doy"": 187.0, ""topwt"": 1178.5285186767578, ""grnwt"": 0.0, ""xlai"": 1.6488068103790283, ""totir"": 0.0, ""tofer"": NaN, ""swfac"": 0.0, ""nstres"": 0.0}",0.0,0.0,1178.5285186767578,0.0,1.6488068103790283,0.0,,0.0,0.0,0.0,150.0,37.30847778320313,37.30847778320313,Leave_One_experiments/all_year_offline_schedule_search/daily_outputs/LCA/LCA_2023_LCA2023_normal_grid_S0010_daily.csv
LCA,LCA,Luancheng,2023,Leave_One_experiments\wth_generated_qc\LCA\LCA2023.WTH,wet_year;nitrogen_stress_year;low_response_year,wet,LCA2023_normal_grid_S0010,low_input_within_10pct_yield,2023-07-07,188,28,23,"{""sim_day"": 28.0, ""doy"": 188.0, ""topwt"": 1394.7378540039062, ""grnwt"": 0.0, ""xlai"": 1.864038586616516, ""totir"": 0.0, ""tofer"": NaN, ""swfac"": 0.0, ""nstres"": 0.0}",0.0,0.0,1394.7378540039062,0.0,1.864038586616516,0.0,,0.0,0.0,0.0,150.0,37.30847778320313,37.30847778320313,Leave_One_experiments/all_year_offline_schedule_search/daily_outputs/LCA/LCA_2023_LCA2023_normal_grid_S0010_daily.csv
LCA,LCA,Luancheng,2023,Leave_One_experiments\wth_generated_qc\LCA\LCA2023.WTH,wet_year;nitrogen_stress_year;low_response_year,wet,LCA2023_normal_grid_S0010,low_input_within_10pct_yield,2023-07-08,189,29,24,"{""sim_day"": 29.0, ""doy"": 189.0, ""topwt"": 1636.705322265625, ""grnwt"": 0.0, ""xlai"": 2.08345365524292, ""totir"": 0.0, ""tofer"": NaN, ""swfac"": 0.0, ""nstres"": 0.0}",0.0,0.0,1636.705322265625,0.0,2.08345365524292,0.0,,0.0,0.0,0.0,150.0,37.30847778320313,37.30847778320313,Leave_One_experiments/all_year_offline_schedule_search/daily_outputs/LCA/LCA_2023_LCA2023_normal_grid_S0010_daily.csv
LCA,LCA,Luancheng,2023,Leave_One_experiments\wth_generated_qc\LCA\LCA2023.WTH,wet_year;nitrogen_stress_year;low_response_year,wet,LCA2023_normal_grid_S0010,low_input_within_10pct_yield,2023-07-09,190,30,25,"{""sim_day"": 30.0, ""doy"": 190.0, ""topwt"": 1906.54541015625, ""grnwt"": 0.0, ""xlai"": 2.305192232131958, ""totir"": 0.0, ""tofer"": NaN, ""swfac"": 0.0, ""nstres"": 0.0}",0.0,0.0,1906.54541015625,0.0,2.305192232131958,0.0,,0.0,0.0,0.0,150.0,37.30847778320313,37.30847778320313,Leave_One_experiments/all_year_offline_schedule_search/daily_outputs/LCA/LCA_2023_LCA2023_normal_grid_S0010_daily.csv
LCA,LCA,Luancheng,2023,Leave_One_experiments\wth_generated_qc\LCA\LCA2023.WTH,wet_year;nitrogen_stress_year;low_response_year,wet,LCA2023_normal_grid_S0010,low_input_within_10pct_yield,2023-07-10,191,31,26,"{""sim_day"": 31.0, ""doy"": 191.0, ""topwt"": 2161.932373046875, ""grnwt"": 0.0, ""xlai"": 2.4945762157440186, ""totir"": 0.0, ""tofer"": NaN, ""swfac"": 0.0, ""nstres"": 0.0}",0.0,0.0,2161.932373046875,0.0,2.4945762157440186,0.0,,0.0,0.0,0.0,150.0,37.30847778320313,37.30847778320313,Leave_One_experiments/all_year_offline_schedule_search/daily_outputs/LCA/LCA_2023_LCA2023_normal_grid_S0010_daily.csv
LCA,LCA,Luancheng,2023,Leave_One_experiments\wth_generated_qc\LCA\LCA2023.WTH,wet_year;nitrogen_stress_year;low_response_year,wet,LCA2023_normal_grid_S0010,low_input_within_10pct_yield,2023-07-11,192,32,27,"{""sim_day"": 32.0, ""doy"": 192.0, ""topwt"": 2199.5582580566406, ""grnwt"": 0.0, ""xlai"": 2.505023956298828, ""totir"": 0.0, ""tofer"": NaN, ""swfac"": 0.0, ""nstres"": 0.0477483868598938}",0.0,0.0477483868598938,2199.5582580566406,0.0,2.505023956298828,0.0,,0.0,0.0,0.0,150.0,37.30847778320313,37.30847778320313,Leave_One_experiments/all_year_offline_schedule_search/daily_outputs/LCA/LCA_2023_LCA2023_normal_grid_S0010_daily.csv
LCA,LCA,Luancheng,2023,Leave_One_experiments\wth_generated_qc\LCA\LCA2023.WTH,wet_year;nitrogen_stress_year;low_response_year,wet,LCA2023_normal_grid_S0010,low_input_within_10pct_yield,2023-07-12,193,33,28,"{""sim_day"": 33.0, ""doy"": 193.0, ""topwt"": 2381.3699340820312, ""grnwt"": 0.0, ""xlai"": 2.595508098602295, ""totir"": 0.0, ""tofer"": NaN, ""swfac"": 0.0, ""nstres"": 0.0743553638458252}",0.0,0.0743553638458252,2381.3699340820312,0.0,2.595508098602295,0.0,,0.0,0.0,0.0,150.0,37.30847778320313,37.30847778320313,Leave_One_experiments/all_year_offline_schedule_search/daily_outputs/LCA/LCA_2023_LCA2023_normal_grid_S0010_daily.csv
LCA,LCA,Luancheng,2023,Leave_One_experiments\wth_generated_qc\LCA\LCA2023.WTH,wet_year;nitrogen_stress_year;low_response_year,wet,LCA2023_normal_grid_S0010,low_input_within_10pct_yield,2023-07-13,194,34,29,"{""sim_day"": 34.0, ""doy"": 194.0, ""topwt"": 2703.4738159179688, ""grnwt"": 0.0, ""xlai"": 2.758585214614868, ""totir"": 0.0, ""tofer"": NaN, ""swfac"": 0.0, ""nstres"": 0.0618826150894165}",0.0,0.0618826150894165,2703.4738159179688,0.0,2.758585214614868,0.0,,0.0,0.0,0.0,150.0,37.30847778320313,37.30847778320313,Leave_One_experiments/all_year_offline_schedule_search/daily_outputs/LCA/LCA_2023_LCA2023_normal_grid_S0010_daily.csv
LCA,LCA,Luancheng,2023,Leave_One_experiments\wth_generated_qc\LCA\LCA2023.WTH,wet_year;nitrogen_stress_year;low_response_year,wet,LCA2023_normal_grid_S0010,low_input_within_10pct_yield,2023-07-14,195,35,30,"{""sim_day"": 35.0, ""doy"": 195.0, ""topwt"": 3052.8399658203125, ""grnwt"": 0.0, ""xlai"": 2.908751964569092, ""totir"": 0.0, ""tofer"": NaN, ""swfac"": 0.0, ""nstres"": 0.08228600025177}",0.0,0.08228600025177,3052.8399658203125,0.0,2.908751964569092,0.0,,0.0,50.0,0.0,150.0,37.30847778320313,37.30847778320313,Leave_One_experiments/all_year_offline_schedule_search/daily_outputs/LCA/LCA_2023_LCA2023_normal_grid_S0010_daily.csv
LCA,LCA,Luancheng,2023,Leave_One_experiments\wth_generated_qc\LCA\LCA2023.WTH,wet_year;nitrogen_stress_year;low_response_year,wet,LCA2023_normal_grid_S0010,low_input_within_10pct_yield,2023-07-15,196,36,31,"{""sim_day"": 36.0, ""doy"": 196.0, ""topwt"": 3371.312561035156, ""grnwt"": 0.0, ""xlai"": 3.0240797996521, ""totir"": 0.0, ""tofer"": NaN, ""swfac"": 0.0, ""nstres"": 0.0915657877922058}",0.0,0.0915657877922058,3371.312561035156,0.0,3.0240797996521,0.0,,0.0,0.0,0.0,150.0,37.30847778320313,37.30847778320313,Leave_One_experiments/all_year_offline_schedule_search/daily_outputs/LCA/LCA_2023_LCA2023_normal_grid_S0010_daily.csv
LCA,LCA,Luancheng,2023,Leave_One_experiments\wth_generated_qc\LCA\LCA2023.WTH,wet_year;nitrogen_stress_year;low_response_year,wet,LCA2023_normal_grid_S0010,low_input_within_10pct_yield,2023-07-16,197,37,32,"{""sim_day"": 37.0, ""doy"": 197.0, ""topwt"": 3681.609497070313, ""grnwt"": 0.0, ""xlai"": 3.1078665256500244, ""totir"": 0.0, ""tofer"": NaN, ""swfac"": 0.0, ""nstres"": 0.1276966333389282}",0.0,0.1276966333389282,3681.609497070313,0.0,3.1078665256500244,0.0,,0.0,0.0,0.0,150.0,37.30847778320313,37.30847778320313,Leave_One_experiments/all_year_offline_schedule_search/daily_outputs/LCA/LCA_2023_LCA2023_normal_grid_S0010_daily.csv
LCA,LCA,Luancheng,2023,Leave_One_experiments\wth_generated_qc\LCA\LCA2023.WTH,wet_year;nitrogen_stress_year;low_response_year,wet,LCA2023_normal_grid_S0010,low_input_within_10pct_yield,2023-07-17,198,38,33,"{""sim_day"": 38.0, ""doy"": 198.0, ""topwt"": 4077.588195800781, ""grnwt"": 0.0, ""xlai"": 3.2567667961120605, ""totir"": 0.0, ""tofer"": NaN, ""swfac"": 0.0, ""nstres"": 0.1502964496612548}",0.0,0.1502964496612548,4077.588195800781,0.0,3.2567667961120605,0.0,,0.0,0.0,0.0,150.0,37.30847778320313,37.30847778320313,Leave_One_experiments/all_year_offline_schedule_search/daily_outputs/LCA/LCA_2023_LCA2023_normal_grid_S0010_daily.csv
LCA,LCA,Luancheng,2023,Leave_One_experiments\wth_generated_qc\LCA\LCA2023.WTH,wet_year;nitrogen_stress_year;low_response_year,wet,LCA2023_normal_grid_S0010,low_input_within_10pct_yield,2023-07-18,199,39,34,"{""sim_day"": 39.0, ""doy"": 199.0, ""topwt"": 4389.3115234375, ""grnwt"": 0.0, ""xlai"": 3.310774087905884, ""totir"": 0.0, ""tofer"": NaN, ""swfac"": 0.0, ""nstres"": 0.1675055623054504}",0.0,0.1675055623054504,4389.3115234375,0.0,3.310774087905884,0.0,,0.0,0.0,0.0,150.0,37.30847778320313,37.30847778320313,Leave_One_experiments/all_year_offline_schedule_search/daily_outputs/LCA/LCA_2023_LCA2023_normal_grid_S0010_daily.csv
LCA,LCA,Luancheng,2023,Leave_One_experiments\wth_generated_qc\LCA\LCA2023.WTH,wet_year;nitrogen_stress_year;low_response_year,wet,LCA2023_normal_grid_S0010,low_input_within_10pct_yield,2023-07-19,200,40,35,"{""sim_day"": 40.0, ""doy"": 200.0, ""topwt"": 4652.134704589844, ""grnwt"": 0.0, ""xlai"": 3.3202948570251465, ""totir"": 0.0, ""tofer"": NaN, ""swfac"": 0.0, ""nstres"": 0.1881431341171264}",0.0,0.1881431341171264,4652.134704589844,0.0,3.3202948570251465,0.0,,0.0,0.0,0.0,150.0,37.30847778320313,37.30847778320313,Leave_One_experiments/all_year_offline_schedule_search/daily_outputs/LCA/LCA_2023_LCA2023_normal_grid_S0010_daily.csv
LCA,LCA,Luancheng,2023,Leave_One_experiments\wth_generated_qc\LCA\LCA2023.WTH,wet_year;nitrogen_stress_year;low_response_year,wet,LCA2023_normal_grid_S0010,low_input_within_10pct_yield,2023-07-20,201,41,36,"{""sim_day"": 41.0, ""doy"": 201.0, ""topwt"": 4745.217590332031, ""grnwt"": 0.0, ""xlai"": 3.2653064727783203, ""totir"": 0.0, ""tofer"": NaN, ""swfac"": 0.0, ""nstres"": 0.198988139629364}",0.0,0.198988139629364,4745.217590332031,0.0,3.2653064727783203,0.0,,0.0,0.0,0.0,150.0,37.30847778320313,37.30847778320313,Leave_One_experiments/all_year_offline_schedule_search/daily_outputs/LCA/LCA_2023_LCA2023_normal_grid_S0010_daily.csv
LCA,LCA,Luancheng,2023,Leave_One_experiments\wth_generated_qc\LCA\LCA2023.WTH,wet_year;nitrogen_stress_year;low_response_year,wet,LCA2023_normal_grid_S0010,low_input_within_10pct_yield,2023-07-21,202,42,37,"{""sim_day"": 42.0, ""doy"": 202.0, ""topwt"": 5020.082092285156, ""grnwt"": 0.0, ""xlai"": 3.2932417392730717, ""totir"": 0.0, ""tofer"": NaN, ""swfac"": 0.0, ""nstres"": 0.1193915605545044}",0.0,0.1193915605545044,5020.082092285156,0.0,3.2932417392730717,0.0,,0.0,0.0,0.0,150.0,37.30847778320313,37.30847778320313,Leave_One_experiments/all_year_offline_schedule_search/daily_outputs/LCA/LCA_2023_LCA2023_normal_grid_S0010_daily.csv
LCA,LCA,Luancheng,2023,Leave_One_experiments\wth_generated_qc\LCA\LCA2023.WTH,wet_year;nitrogen_stress_year;low_response_year,wet,LCA2023_normal_grid_S0010,low_input_within_10pct_yield,2023-07-22,203,43,38,"{""sim_day"": 43.0, ""doy"": 203.0, ""topwt"": 5380.5865478515625, ""grnwt"": 0.0, ""xlai"": 3.3576877117156982, ""totir"": 0.0, ""tofer"": NaN, ""swfac"": 0.0, ""nstres"": 0.0712769031524658}",0.0,0.0712769031524658,5380.5865478515625,0.0,3.3576877117156982,0.0,,0.0,0.0,0.0,150.0,37.30847778320313,37.30847778320313,Leave_One_experiments/all_year_offline_schedule_search/daily_outputs/LCA/LCA_2023_LCA2023_normal_grid_S0010_daily.csv
LCA,LCA,Luancheng,2023,Leave_One_experiments\wth_generated_qc\LCA\LCA2023.WTH,wet_year;nitrogen_stress_year;low_response_year,wet,LCA2023_normal_grid_S0010,low_input_within_10pct_yield,2023-07-23,204,44,39,"{""sim_day"": 44.0, ""doy"": 204.0, ""topwt"": 5711.16455078125, ""grnwt"": 0.0, ""xlai"": 3.413582324981689, ""totir"": 0.0, ""tofer"": NaN, ""swfac"": 0.0, ""nstres"": 0.0588215589523315}",0.0,0.0588215589523315,5711.16455078125,0.0,3.413582324981689,0.0,,0.0,0.0,0.0,150.0,37.30847778320313,37.30847778320313,Leave_One_experiments/all_year_offline_schedule_search/daily_outputs/LCA/LCA_2023_LCA2023_normal_grid_S0010_daily.csv
LCA,LCA,Luancheng,2023,Leave_One_experiments\wth_generated_qc\LCA\LCA2023.WTH,wet_year;nitrogen_stress_year;low_response_year,wet,LCA2023_normal_grid_S0010,low_input_within_10pct_yield,2023-07-24,205,45,40,"{""sim_day"": 45.0, ""doy"": 205.0, ""topwt"": 6044.38720703125, ""grnwt"": 0.0, ""xlai"": 3.4626331329345703, ""totir"": 0.0, ""tofer"": NaN, ""swfac"": 0.0, ""nstres"": 0.0653518438339233}",0.0,0.0653518438339233,6044.38720703125,0.0,3.4626331329345703,0.0,,0.0,0.0,0.0,150.0,37.30847778320313,37.30847778320313,Leave_One_experiments/all_year_offline_schedule_search/daily_outputs/LCA/LCA_2023_LCA2023_normal_grid_S0010_daily.csv
LCA,LCA,Luancheng,2023,Leave_One_experiments\wth_generated_qc\LCA\LCA2023.WTH,wet_year;nitrogen_stress_year;low_response_year,wet,LCA2023_normal_grid_S0010,low_input_within_10pct_yield,2023-07-25,206,46,41,"{""sim_day"": 46.0, ""doy"": 206.0, ""topwt"": 6400.9088134765625, ""grnwt"": 0.0, ""xlai"": 3.512902975082397, ""totir"": 0.0, ""tofer"": NaN, ""swfac"": 0.0, ""nstres"": 0.0736517906188964}",0.0,0.0736517906188964,6400.9088134765625,0.0,3.512902975082397,0.0,,0.0,0.0,0.0,150.0,37.30847778320313,37.30847778320313,Leave_One_experiments/all_year_offline_schedule_search/daily_outputs/LCA/LCA_2023_LCA2023_normal_grid_S0010_daily.csv
LCA,LCA,Luancheng,2023,Leave_One_experiments\wth_generated_qc\LCA\LCA2023.WTH,wet_year;nitrogen_stress_year;low_response_year,wet,LCA2023_normal_grid_S0010,low_input_within_10pct_yield,2023-07-26,207,47,42,"{""sim_day"": 47.0, ""doy"": 207.0, ""topwt"": 6757.3040771484375, ""grnwt"": 0.0, ""xlai"": 3.561199188232422, ""totir"": 0.0, ""tofer"": NaN, ""swfac"": 0.0, ""nstres"": 0.0767149925231933}",0.0,0.0767149925231933,6757.3040771484375,0.0,3.561199188232422,0.0,,0.0,0.0,0.0,150.0,37.30847778320313,37.30847778320313,Leave_One_experiments/all_year_offline_schedule_search/daily_outputs/LCA/LCA_2023_LCA2023_normal_grid_S0010_daily.csv
LCA,LCA,Luancheng,2023,Leave_One_experiments\wth_generated_qc\LCA\LCA2023.WTH,wet_year;nitrogen_stress_year;low_response_year,wet,LCA2023_normal_grid_S0010,low_input_within_10pct_yield,2023-07-27,208,48,43,"{""sim_day"": 48.0, ""doy"": 208.0, ""topwt"": 6921.845703125, ""grnwt"": 0.0, ""xlai"": 3.5638794898986816, ""totir"": 0.0, ""tofer"": NaN, ""swfac"": 0.0, ""nstres"": 0.0783957242965698}",0.0,0.0783957242965698,6921.845703125,0.0,3.5638794898986816,0.0,,0.0,0.0,0.0,150.0,37.30847778320313,37.30847778320313,Leave_One_experiments/all_year_offline_schedule_search/daily_outputs/LCA/LCA_2023_LCA2023_normal_grid_S0010_daily.csv
LCA,LCA,Luancheng,2023,Leave_One_experiments\wth_generated_qc\LCA\LCA2023.WTH,wet_year;nitrogen_stress_year;low_response_year,wet,LCA2023_normal_grid_S0010,low_input_within_10pct_yield,2023-07-28,209,49,44,"{""sim_day"": 49.0, ""doy"": 209.0, ""topwt"": 6966.448974609375, ""grnwt"": 0.0, ""xlai"": 3.528496026992798, ""totir"": 0.0, ""tofer"": NaN, ""swfac"": 0.0, ""nstres"": 0.0794271230697631}",0.0,0.0794271230697631,6966.448974609375,0.0,3.528496026992798,0.0,,0.0,0.0,0.0,150.0,37.30847778320313,37.30847778320313,Leave_One_experiments/all_year_offline_schedule_search/daily_outputs/LCA/LCA_2023_LCA2023_normal_grid_S0010_daily.csv
LCA,LCA,Luancheng,2023,Leave_One_experiments\wth_generated_qc\LCA\LCA2023.WTH,wet_year;nitrogen_stress_year;low_response_year,wet,LCA2023_normal_grid_S0010,low_input_within_10pct_yield,2023-07-29,210,50,45,"{""sim_day"": 50.0, ""doy"": 210.0, ""topwt"": 7018.4075927734375, ""grnwt"": 0.0, ""xlai"": 3.496946334838867, ""totir"": 0.0, ""tofer"": NaN, ""swfac"": 0.0, ""nstres"": 0.0715303421020507}",0.0,0.0715303421020507,7018.4075927734375,0.0,3.496946334838867,0.0,,0.0,0.0,0.0,150.0,37.30847778320313,37.30847778320313,Leave_One_experiments/all_year_offline_schedule_search/daily_outputs/LCA/LCA_2023_LCA2023_normal_grid_S0010_daily.csv
LCA,LCA,Luancheng,2023,Leave_One_experiments\wth_generated_qc\LCA\LCA2023.WTH,wet_year;nitrogen_stress_year;low_response_year,wet,LCA2023_normal_grid_S0010,low_input_within_10pct_yield,2023-07-30,211,51,46,"{""sim_day"": 51.0, ""doy"": 211.0, ""topwt"": 7163.389892578125, ""grnwt"": 0.0, ""xlai"": 3.471893548965454, ""totir"": 0.0, ""tofer"": NaN, ""swfac"": 0.0, ""nstres"": 0.0573135614395141}",0.0,0.0573135614395141,7163.389892578125,0.0,3.471893548965454,0.0,,0.0,0.0,0.0,150.0,37.30847778320313,37.30847778320313,Leave_One_experiments/all_year_offline_schedule_search/daily_outputs/LCA/LCA_2023_LCA2023_normal_grid_S0010_daily.csv
LCA,LCA,Luancheng,2023,Leave_One_experiments\wth_generated_qc\LCA\LCA2023.WTH,wet_year;nitrogen_stress_year;low_response_year,wet,LCA2023_normal_grid_S0010,low_input_within_10pct_yield,2023-07-31,212,52,47,"{""sim_day"": 52.0, ""doy"": 212.0, ""topwt"": 7378.485107421875, ""grnwt"": 0.0, ""xlai"": 3.453878879547119, ""totir"": 0.0, ""tofer"": NaN, ""swfac"": 0.0, ""nstres"": 0.0415093898773193}",0.0,0.0415093898773193,7378.485107421875,0.0,3.453878879547119,0.0,,0.0,0.0,0.0,150.0,37.30847778320313,37.30847778320313,Leave_One_experiments/all_year_offline_schedule_search/daily_outputs/LCA/LCA_2023_LCA2023_normal_grid_S0010_daily.csv
LCA,LCA,Luancheng,2023,Leave_One_experiments\wth_generated_qc\LCA\LCA2023.WTH,wet_year;nitrogen_stress_year;low_response_year,wet,LCA2023_normal_grid_S0010,low_input_within_10pct_yield,2023-08-01,213,53,48,"{""sim_day"": 53.0, ""doy"": 213.0, ""topwt"": 7751.168212890625, ""grnwt"": 0.0, ""xlai"": 3.4422128200531006, ""totir"": 0.0, ""tofer"": NaN, ""swfac"": 0.0, ""nstres"": 0.0270219445228576}",0.0,0.0270219445228576,7751.168212890625,0.0,3.4422128200531006,0.0,,0.0,0.0,0.0,150.0,37.30847778320313,37.30847778320313,Leave_One_experiments/all_year_offline_schedule_search/daily_outputs/LCA/LCA_2023_LCA2023_normal_grid_S0010_daily.csv
LCA,LCA,Luancheng,2023,Leave_One_experiments\wth_generated_qc\LCA\LCA2023.WTH,wet_year;nitrogen_stress_year;low_response_year,wet,LCA2023_normal_grid_S0010,low_input_within_10pct_yield,2023-08-02,214,54,49,"{""sim_day"": 54.0, ""doy"": 214.0, ""topwt"": 8131.931762695312, ""grnwt"": 0.0, ""xlai"": 3.4358158111572266, ""totir"": 0.0, ""tofer"": NaN, ""swfac"": 0.0, ""nstres"": 0.0148658752441406}",0.0,0.0148658752441406,8131.931762695312,0.0,3.4358158111572266,0.0,,0.0,0.0,0.0,150.0,37.30847778320313,37.30847778320313,Leave_One_experiments/all_year_offline_schedule_search/daily_outputs/LCA/LCA_2023_LCA2023_normal_grid_S0010_daily.csv
LCA,LCA,Luancheng,2023,Leave_One_experiments\wth_generated_qc\LCA\LCA2023.WTH,wet_year;nitrogen_stress_year;low_response_year,wet,LCA2023_normal_grid_S0010,low_input_within_10pct_yield,2023-08-03,215,55,50,"{""sim_day"": 55.0, ""doy"": 215.0, ""topwt"": 8425.47119140625, ""grnwt"": 0.0, ""xlai"": 3.4343857765197754, ""totir"": 0.0, ""tofer"": NaN, ""swfac"": 0.0, ""nstres"": 0.003330111503601}",0.0,0.003330111503601,8425.47119140625,0.0,3.4343857765197754,0.0,,0.0,0.0,0.0,150.0,37.30847778320313,37.30847778320313,Leave_One_experiments/all_year_offline_schedule_search/daily_outputs/LCA/LCA_2023_LCA2023_normal_grid_S0010_daily.csv
LCA,LCA,Luancheng,2023,Leave_One_experiments\wth_generated_qc\LCA\LCA2023.WTH,wet_year;nitrogen_stress_year;low_response_year,wet,LCA2023_normal_grid_S0010,low_input_within_10pct_yield,2023-08-04,216,56,51,"{""sim_day"": 56.0, ""doy"": 216.0, ""topwt"": 8646.671752929688, ""grnwt"": 0.0, ""xlai"": 3.4343857765197754, ""totir"": 0.0, ""tofer"": NaN, ""swfac"": 0.0, ""nstres"": 0.0}",0.0,0.0,8646.671752929688,0.0,3.4343857765197754,0.0,,0.0,0.0,0.0,150.0,37.30847778320313,37.30847778320313,Leave_One_experiments/all_year_offline_schedule_search/daily_outputs/LCA/LCA_2023_LCA2023_normal_grid_S0010_daily.csv
LCA,LCA,Luancheng,2023,Leave_One_experiments\wth_generated_qc\LCA\LCA2023.WTH,wet_year;nitrogen_stress_year;low_response_year,wet,LCA2023_normal_grid_S0010,low_input_within_10pct_yield,2023-08-05,217,57,52,"{""sim_day"": 57.0, ""doy"": 217.0, ""topwt"": 8897.601928710938, ""grnwt"": 250.93000411987305, ""xlai"": 3.4343857765197754, ""totir"": 0.0, ""tofer"": NaN, ""swfac"": 0.0, ""nstres"": 0.0}",0.0,0.0,8897.601928710938,250.93000411987305,3.4343857765197754,0.0,,0.0,0.0,0.0,150.0,37.30847778320313,37.30847778320313,Leave_One_experiments/all_year_offline_schedule_search/daily_outputs/LCA/LCA_2023_LCA2023_normal_grid_S0010_daily.csv
LCA,LCA,Luancheng,2023,Leave_One_experiments\wth_generated_qc\LCA\LCA2023.WTH,wet_year;nitrogen_stress_year;low_response_year,wet,LCA2023_normal_grid_S0010,low_input_within_10pct_yield,2023-08-06,218,58,53,"{""sim_day"": 58.0, ""doy"": 218.0, ""topwt"": 9174.67041015625, ""grnwt"": 527.9985046386719, ""xlai"": 3.4343857765197754, ""totir"": 0.0, ""tofer"": NaN, ""swfac"": 0.0, ""nstres"": 0.0}",0.0,0.0,9174.67041015625,527.9985046386719,3.4343857765197754,0.0,,0.0,0.0,0.0,150.0,37.30847778320313,37.30847778320313,Leave_One_experiments/all_year_offline_schedule_search/daily_outputs/LCA/LCA_2023_LCA2023_normal_grid_S0010_daily.csv
LCA,LCA,Luancheng,2023,Leave_One_experiments\wth_generated_qc\LCA\LCA2023.WTH,wet_year;nitrogen_stress_year;low_response_year,wet,LCA2023_normal_grid_S0010,low_input_within_10pct_yield,2023-08-07,219,59,54,"{""sim_day"": 59.0, ""doy"": 219.0, ""topwt"": 9429.085083007812, ""grnwt"": 782.4136352539062, ""xlai"": 3.4343857765197754, ""totir"": 0.0, ""tofer"": NaN, ""swfac"": 0.0, ""nstres"": 0.0}",0.0,0.0,9429.085083007812,782.4136352539062,3.4343857765197754,0.0,,0.0,0.0,0.0,150.0,37.30847778320313,37.30847778320313,Leave_One_experiments/all_year_offline_schedule_search/daily_outputs/LCA/LCA_2023_LCA2023_normal_grid_S0010_daily.csv
LCA,LCA,Luancheng,2023,Leave_One_experiments\wth_generated_qc\LCA\LCA2023.WTH,wet_year;nitrogen_stress_year;low_response_year,wet,LCA2023_normal_grid_S0010,low_input_within_10pct_yield,2023-08-08,220,60,55,"{""sim_day"": 60.0, ""doy"": 220.0, ""topwt"": 9660.846557617188, ""grnwt"": 1014.1754150390624, ""xlai"": 3.4341371059417725, ""totir"": 0.0, ""tofer"": NaN, ""swfac"": 0.0, ""nstres"": 0.0005791783332824}",0.0,0.0005791783332824,9660.846557617188,1014.1754150390624,3.4341371059417725,0.0,,0.0,0.0,0.0,150.0,37.30847778320313,37.30847778320313,Leave_One_experiments/all_year_offline_schedule_search/daily_outputs/LCA/LCA_2023_LCA2023_normal_grid_S0010_daily.csv
LCA,LCA,Luancheng,2023,Leave_One_experiments\wth_generated_qc\LCA\LCA2023.WTH,wet_year;nitrogen_stress_year;low_response_year,wet,LCA2023_normal_grid_S0010,low_input_within_10pct_yield,2023-08-09,221,61,56,"{""sim_day"": 61.0, ""doy"": 221.0, ""topwt"": 9903.06396484375, ""grnwt"": 1256.3925170898438, ""xlai"": 3.431394100189209, ""totir"": 0.0, ""tofer"": NaN, ""swfac"": 0.0, ""nstres"": 0.0063902735710144}",0.0,0.0063902735710144,9903.06396484375,1256.3925170898438,3.431394100189209,0.0,,0.0,0.0,0.0,150.0,37.30847778320313,37.30847778320313,Leave_One_experiments/all_year_offline_schedule_search/daily_outputs/LCA/LCA_2023_LCA2023_normal_grid_S0010_daily.csv
LCA,LCA,Luancheng,2023,Leave_One_experiments\wth_generated_qc\LCA\LCA2023.WTH,wet_year;nitrogen_stress_year;low_response_year,wet,LCA2023_normal_grid_S0010,low_input_within_10pct_yield,2023-08-10,222,62,57,"{""sim_day"": 62.0, ""doy"": 222.0, ""topwt"": 10141.795654296877, ""grnwt"": 1495.12451171875, ""xlai"": 3.42561674118042, ""totir"": 0.0, ""tofer"": NaN, ""swfac"": 0.0, ""nstres"": 0.0134686231613159}",0.0,0.0134686231613159,10141.795654296877,1495.12451171875,3.42561674118042,0.0,,0.0,0.0,0.0,150.0,37.30847778320313,37.30847778320313,Leave_One_experiments/all_year_offline_schedule_search/daily_outputs/LCA/LCA_2023_LCA2023_normal_grid_S0010_daily.csv
LCA,LCA,Luancheng,2023,Leave_One_experiments\wth_generated_qc\LCA\LCA2023.WTH,wet_year;nitrogen_stress_year;low_response_year,wet,LCA2023_normal_grid_S0010,low_input_within_10pct_yield,2023-08-11,223,63,58,"{""sim_day"": 63.0, ""doy"": 223.0, ""topwt"": 10397.952880859377, ""grnwt"": 1751.282196044922, ""xlai"": 3.416722297668457, ""totir"": 0.0, ""tofer"": NaN, ""swfac"": 0.0, ""nstres"": 0.0207713842391967}",0.0,0.0207713842391967,10397.952880859377,1751.282196044922,3.416722297668457,0.0,,0.0,0.0,0.0,150.0,37.30847778320313,37.30847778320313,Leave_One_experiments/all_year_offline_schedule_search/daily_outputs/LCA/LCA_2023_LCA2023_normal_grid_S0010_daily.csv
LCA,LCA,Luancheng,2023,Leave_One_experiments\wth_generated_qc\LCA\LCA2023.WTH,wet_year;nitrogen_stress_year;low_response_year,wet,LCA2023_normal_grid_S0010,low_input_within_10pct_yield,2023-08-12,224,64,59,"{""sim_day"": 64.0, ""doy"": 224.0, ""topwt"": 10640.1708984375, ""grnwt"": 1993.4992980957031, ""xlai"": 3.4039011001586914, ""totir"": 0.0, ""tofer"": NaN, ""swfac"": 0.0, ""nstres"": 0.030018925666809}",0.0,0.030018925666809,10640.1708984375,1993.4992980957031,3.4039011001586914,0.0,,0.0,0.0,0.0,150.0,37.30847778320313,37.30847778320313,Leave_One_experiments/all_year_offline_schedule_search/daily_outputs/LCA/LCA_2023_LCA2023_normal_grid_S0010_daily.csv
LCA,LCA,Luancheng,2023,Leave_One_experiments\wth_generated_qc\LCA\LCA2023.WTH,wet_year;nitrogen_stress_year;low_response_year,wet,LCA2023_normal_grid_S0010,low_input_within_10pct_yield,2023-08-13,225,65,60,"{""sim_day"": 65.0, ""doy"": 225.0, ""topwt"": 10882.3876953125, ""grnwt"": 2235.716552734375, ""xlai"": 3.387335777282715, ""totir"": 0.0, ""tofer"": NaN, ""swfac"": 0.0, ""nstres"": 0.0389329195022583}",0.0,0.0389329195022583,10882.3876953125,2235.716552734375,3.387335777282715,0.0,,0.0,50.0,0.0,150.0,37.30847778320313,37.30847778320313,Leave_One_experiments/all_year_offline_schedule_search/daily_outputs/LCA/LCA_2023_LCA2023_normal_grid_S0010_daily.csv
LCA,LCA,Luancheng,2023,Leave_One_experiments\wth_generated_qc\LCA\LCA2023.WTH,wet_year;nitrogen_stress_year;low_response_year,wet,LCA2023_normal_grid_S0010,low_input_within_10pct_yield,2023-08-14,226,66,61,"{""sim_day"": 66.0, ""doy"": 226.0, ""topwt"": 11138.546142578123, ""grnwt"": 2491.874237060547, ""xlai"": 3.387335777282715, ""totir"": 0.0, ""tofer"": NaN, ""swfac"": 0.0, ""nstres"": 0.0}",0.0,0.0,11138.546142578123,2491.874237060547,3.387335777282715,0.0,,0.0,0.0,0.0,150.0,37.30847778320313,37.30847778320313,Leave_One_experiments/all_year_offline_schedule_search/daily_outputs/LCA/LCA_2023_LCA2023_normal_grid_S0010_daily.csv
LCA,LCA,Luancheng,2023,Leave_One_experiments\wth_generated_qc\LCA\LCA2023.WTH,wet_year;nitrogen_stress_year;low_response_year,wet,LCA2023_normal_grid_S0010,low_input_within_10pct_yield,2023-08-15,227,67,62,"{""sim_day"": 67.0, ""doy"": 227.0, ""topwt"": 11342.425537109377, ""grnwt"": 2695.7550048828125, ""xlai"": 3.387335777282715, ""totir"": 0.0, ""tofer"": NaN, ""swfac"": 0.0, ""nstres"": 0.0}",0.0,0.0,11342.425537109377,2695.7550048828125,3.387335777282715,0.0,,0.0,0.0,0.0,150.0,37.30847778320313,37.30847778320313,Leave_One_experiments/all_year_offline_schedule_search/daily_outputs/LCA/LCA_2023_LCA2023_normal_grid_S0010_daily.csv
LCA,LCA,Luancheng,2023,Leave_One_experiments\wth_generated_qc\LCA\LCA2023.WTH,wet_year;nitrogen_stress_year;low_response_year,wet,LCA2023_normal_grid_S0010,low_input_within_10pct_yield,2023-08-16,228,68,63,"{""sim_day"": 68.0, ""doy"": 228.0, ""topwt"": 11555.01953125, ""grnwt"": 2908.348388671875, ""xlai"": 3.387335777282715, ""totir"": 0.0, ""tofer"": NaN, ""swfac"": 0.0, ""nstres"": 0.0}",0.0,0.0,11555.01953125,2908.348388671875,3.387335777282715,0.0,,0.0,0.0,0.0,150.0,37.30847778320313,37.30847778320313,Leave_One_experiments/all_year_offline_schedule_search/daily_outputs/LCA/LCA_2023_LCA2023_normal_grid_S0010_daily.csv
LCA,LCA,Luancheng,2023,Leave_One_experiments\wth_generated_qc\LCA\LCA2023.WTH,wet_year;nitrogen_stress_year;low_response_year,wet,LCA2023_normal_grid_S0010,low_input_within_10pct_yield,2023-08-17,229,69,64,"{""sim_day"": 69.0, ""doy"": 229.0, ""topwt"": 11750.18798828125, ""grnwt"": 3103.5162353515625, ""xlai"": 3.387335777282715, ""totir"": 0.0, ""tofer"": NaN, ""swfac"": 0.0, ""nstres"": 0.0}",0.0,0.0,11750.18798828125,3103.5162353515625,3.387335777282715,0.0,,0.0,0.0,0.0,150.0,37.30847778320313,37.30847778320313,Leave_One_experiments/all_year_offline_schedule_search/daily_outputs/LCA/LCA_2023_LCA2023_normal_grid_S0010_daily.csv
LCA,LCA,Luancheng,2023,Leave_One_experiments\wth_generated_qc\LCA\LCA2023.WTH,wet_year;nitrogen_stress_year;low_response_year,wet,LCA2023_normal_grid_S0010,low_input_within_10pct_yield,2023-08-18,230,70,65,"{""sim_day"": 70.0, ""doy"": 230.0, ""topwt"": 12004.60205078125, ""grnwt"": 3357.9312133789062, ""xlai"": 3.3157222270965576, ""totir"": 0.0, ""tofer"": NaN, ""swfac"": 0.0, ""nstres"": 0.0}",0.0,0.0,12004.60205078125,3357.9312133789062,3.3157222270965576,0.0,,0.0,0.0,0.0,150.0,37.30847778320313,37.30847778320313,Leave_One_experiments/all_year_offline_schedule_search/daily_outputs/LCA/LCA_2023_LCA2023_normal_grid_S0010_daily.csv
LCA,LCA,Luancheng,2023,Leave_One_experiments\wth_generated_qc\LCA\LCA2023.WTH,wet_year;nitrogen_stress_year;low_response_year,wet,LCA2023_normal_grid_S0010,low_input_within_10pct_yield,2023-08-19,231,71,66,"{""sim_day"": 71.0, ""doy"": 231.0, ""topwt"": 12252.047119140623, ""grnwt"": 3605.3759765625, ""xlai"": 3.236097574234009, ""totir"": 0.0, ""tofer"": NaN, ""swfac"": 0.0, ""nstres"": 0.0}",0.0,0.0,12252.047119140623,3605.3759765625,3.236097574234009,0.0,,0.0,0.0,0.0,150.0,37.30847778320313,37.30847778320313,Leave_One_experiments/all_year_offline_schedule_search/daily_outputs/LCA/LCA_2023_LCA2023_normal_grid_S0010_daily.csv
LCA,LCA,Luancheng,2023,Leave_One_experiments\wth_generated_qc\LCA\LCA2023.WTH,wet_year;nitrogen_stress_year;low_response_year,wet,LCA2023_normal_grid_S0010,low_input_within_10pct_yield,2023-08-20,232,72,67,"{""sim_day"": 72.0, ""doy"": 232.0, ""topwt"": 12502.977294921877, ""grnwt"": 3856.3058471679688, ""xlai"": 3.149634838104248, ""totir"": 0.0, ""tofer"": NaN, ""swfac"": 0.0, ""nstres"": 0.0}",0.0,0.0,12502.977294921877,3856.3058471679688,3.149634838104248,0.0,,0.0,0.0,0.0,150.0,37.30847778320313,37.30847778320313,Leave_One_experiments/all_year_offline_schedule_search/daily_outputs/LCA/LCA_2023_LCA2023_normal_grid_S0010_daily.csv
LCA,LCA,Luancheng,2023,Leave_One_experiments\wth_generated_qc\LCA\LCA2023.WTH,wet_year;nitrogen_stress_year;low_response_year,wet,LCA2023_normal_grid_S0010,low_input_within_10pct_yield,2023-08-21,233,73,68,"{""sim_day"": 73.0, ""doy"": 233.0, ""topwt"": 12781.788330078123, ""grnwt"": 4135.116882324219, ""xlai"": 3.0600764751434326, ""totir"": 0.0, ""tofer"": NaN, ""swfac"": 0.0, ""nstres"": 0.0}",0.0,0.0,12781.788330078123,4135.116882324219,3.0600764751434326,0.0,,0.0,0.0,0.0,150.0,37.30847778320313,37.30847778320313,Leave_One_experiments/all_year_offline_schedule_search/daily_outputs/LCA/LCA_2023_LCA2023_normal_grid_S0010_daily.csv
LCA,LCA,Luancheng,2023,Leave_One_experiments\wth_generated_qc\LCA\LCA2023.WTH,wet_year;nitrogen_stress_year;low_response_year,wet,LCA2023_normal_grid_S0010,low_input_within_10pct_yield,2023-08-22,234,74,69,"{""sim_day"": 74.0, ""doy"": 234.0, ""topwt"": 13060.599365234377, ""grnwt"": 4413.927612304688, ""xlai"": 2.972111701965332, ""totir"": 0.0, ""tofer"": NaN, ""swfac"": 0.0, ""nstres"": 0.0}",0.0,0.0,13060.599365234377,4413.927612304688,2.972111701965332,0.0,,0.0,0.0,0.0,150.0,37.30847778320313,37.30847778320313,Leave_One_experiments/all_year_offline_schedule_search/daily_outputs/LCA/LCA_2023_LCA2023_normal_grid_S0010_daily.csv
LCA,LCA,Luancheng,2023,Leave_One_experiments\wth_generated_qc\LCA\LCA2023.WTH,wet_year;nitrogen_stress_year;low_response_year,wet,LCA2023_normal_grid_S0010,low_input_within_10pct_yield,2023-08-23,235,75,70,"{""sim_day"": 75.0, ""doy"": 235.0, ""topwt"": 13339.410400390623, ""grnwt"": 4692.7386474609375, ""xlai"": 2.884742021560669, ""totir"": 0.0, ""tofer"": NaN, ""swfac"": 0.0, ""nstres"": 0.0}",0.0,0.0,13339.410400390623,4692.7386474609375,2.884742021560669,0.0,,0.0,0.0,0.0,150.0,37.30847778320313,37.30847778320313,Leave_One_experiments/all_year_offline_schedule_search/daily_outputs/LCA/LCA_2023_LCA2023_normal_grid_S0010_daily.csv
LCA,LCA,Luancheng,2023,Leave_One_experiments\wth_generated_qc\LCA\LCA2023.WTH,wet_year;nitrogen_stress_year;low_response_year,wet,LCA2023_normal_grid_S0010,low_input_within_10pct_yield,2023-08-24,236,76,71,"{""sim_day"": 76.0, ""doy"": 236.0, ""topwt"": 13618.221435546877, ""grnwt"": 4971.549377441406, ""xlai"": 2.793662548065185, ""totir"": 0.0, ""tofer"": NaN, ""swfac"": 0.0, ""nstres"": 0.0}",0.0,0.0,13618.221435546877,4971.549377441406,2.793662548065185,0.0,,0.0,0.0,0.0,150.0,37.30847778320313,37.30847778320313,Leave_One_experiments/all_year_offline_schedule_search/daily_outputs/LCA/LCA_2023_LCA2023_normal_grid_S0010_daily.csv
LCA,LCA,Luancheng,2023,Leave_One_experiments\wth_generated_qc\LCA\LCA2023.WTH,wet_year;nitrogen_stress_year;low_response_year,wet,LCA2023_normal_grid_S0010,low_input_within_10pct_yield,2023-08-25,237,77,72,"{""sim_day"": 77.0, ""doy"": 237.0, ""topwt"": 13699.471435546877, ""grnwt"": 5250.3607177734375, ""xlai"": 2.7096972465515137, ""totir"": 0.0, ""tofer"": NaN, ""swfac"": 0.0, ""nstres"": 0.0}",0.0,0.0,13699.471435546877,5250.3607177734375,2.7096972465515137,0.0,,0.0,0.0,0.0,150.0,37.30847778320313,37.30847778320313,Leave_One_experiments/all_year_offline_schedule_search/daily_outputs/LCA/LCA_2023_LCA2023_normal_grid_S0010_daily.csv
LCA,LCA,Luancheng,2023,Leave_One_experiments\wth_generated_qc\LCA\LCA2023.WTH,wet_year;nitrogen_stress_year;low_response_year,wet,LCA2023_normal_grid_S0010,low_input_within_10pct_yield,2023-08-26,238,78,73,"{""sim_day"": 78.0, ""doy"": 238.0, ""topwt"": 13832.93212890625, ""grnwt"": 5529.171142578125, ""xlai"": 2.6270506381988525, ""totir"": 0.0, ""tofer"": NaN, ""swfac"": 0.0, ""nstres"": 0.0}",0.0,0.0,13832.93212890625,5529.171142578125,2.6270506381988525,0.0,,0.0,0.0,0.0,150.0,37.30847778320313,37.30847778320313,Leave_One_experiments/all_year_offline_schedule_search/daily_outputs/LCA/LCA_2023_LCA2023_normal_grid_S0010_daily.csv
LCA,LCA,Luancheng,2023,Leave_One_experiments\wth_generated_qc\LCA\LCA2023.WTH,wet_year;nitrogen_stress_year;low_response_year,wet,LCA2023_normal_grid_S0010,low_input_within_10pct_yield,2023-08-27,239,79,74,"{""sim_day"": 79.0, ""doy"": 239.0, ""topwt"": 14190.32958984375, ""grnwt"": 5807.982177734375, ""xlai"": 2.525773048400879, ""totir"": 0.0, ""tofer"": NaN, ""swfac"": 0.0, ""nstres"": 0.0}",0.0,0.0,14190.32958984375,5807.982177734375,2.525773048400879,0.0,,0.0,0.0,0.0,150.0,37.30847778320313,37.30847778320313,Leave_One_experiments/all_year_offline_schedule_search/daily_outputs/LCA/LCA_2023_LCA2023_normal_grid_S0010_daily.csv
LCA,LCA,Luancheng,2023,Leave_One_experiments\wth_generated_qc\LCA\LCA2023.WTH,wet_year;nitrogen_stress_year;low_response_year,wet,LCA2023_normal_grid_S0010,low_input_within_10pct_yield,2023-08-28,240,80,75,"{""sim_day"": 80.0, ""doy"": 240.0, ""topwt"": 14507.242431640623, ""grnwt"": 6086.793212890625, ""xlai"": 2.418044090270996, ""totir"": 0.0, ""tofer"": NaN, ""swfac"": 0.0, ""nstres"": 0.0}",0.0,0.0,14507.242431640623,6086.793212890625,2.418044090270996,0.0,,0.0,0.0,0.0,150.0,37.30847778320313,37.30847778320313,Leave_One_experiments/all_year_offline_schedule_search/daily_outputs/LCA/LCA_2023_LCA2023_normal_grid_S0010_daily.csv
LCA,LCA,Luancheng,2023,Leave_One_experiments\wth_generated_qc\LCA\LCA2023.WTH,wet_year;nitrogen_stress_year;low_response_year,wet,LCA2023_normal_grid_S0010,low_input_within_10pct_yield,2023-08-29,241,81,76,"{""sim_day"": 81.0, ""doy"": 241.0, ""topwt"": 14840.146484375, ""grnwt"": 6365.604248046875, ""xlai"": 2.2993476390838623, ""totir"": 0.0, ""tofer"": NaN, ""swfac"": 0.0, ""nstres"": 0.0201283693313598}",0.0,0.0201283693313598,14840.146484375,6365.604248046875,2.2993476390838623,0.0,,0.0,0.0,0.0,150.0,37.30847778320313,37.30847778320313,Leave_One_experiments/all_year_offline_schedule_search/daily_outputs/LCA/LCA_2023_LCA2023_normal_grid_S0010_daily.csv
LCA,LCA,Luancheng,2023,Leave_One_experiments\wth_generated_qc\LCA\LCA2023.WTH,wet_year;nitrogen_stress_year;low_response_year,wet,LCA2023_normal_grid_S0010,low_input_within_10pct_yield,2023-08-30,242,82,77,"{""sim_day"": 82.0, ""doy"": 242.0, ""topwt"": 15160.3173828125, ""grnwt"": 6644.415283203125, ""xlai"": 2.167889356613159, ""totir"": 0.0, ""tofer"": NaN, ""swfac"": 0.0, ""nstres"": 0.0408275127410888}",0.0,0.0408275127410888,15160.3173828125,6644.415283203125,2.167889356613159,0.0,,0.0,0.0,0.0,150.0,37.30847778320313,37.30847778320313,Leave_One_experiments/all_year_offline_schedule_search/daily_outputs/LCA/LCA_2023_LCA2023_normal_grid_S0010_daily.csv
LCA,LCA,Luancheng,2023,Leave_One_experiments\wth_generated_qc\LCA\LCA2023.WTH,wet_year;nitrogen_stress_year;low_response_year,wet,LCA2023_normal_grid_S0010,low_input_within_10pct_yield,2023-08-31,243,83,78,"{""sim_day"": 83.0, ""doy"": 243.0, ""topwt"": 15353.59375, ""grnwt"": 6923.2257080078125, ""xlai"": 2.0301408767700195, ""totir"": 0.0, ""tofer"": NaN, ""swfac"": 0.0, ""nstres"": 0.0645032525062561}",0.0,0.0645032525062561,15353.59375,6923.2257080078125,2.0301408767700195,0.0,,0.0,0.0,0.0,150.0,37.30847778320313,37.30847778320313,Leave_One_experiments/all_year_offline_schedule_search/daily_outputs/LCA/LCA_2023_LCA2023_normal_grid_S0010_daily.csv
LCA,LCA,Luancheng,2023,Leave_One_experiments\wth_generated_qc\LCA\LCA2023.WTH,wet_year;nitrogen_stress_year;low_response_year,wet,LCA2023_normal_grid_S0010,low_input_within_10pct_yield,2023-09-01,244,84,79,"{""sim_day"": 84.0, ""doy"": 244.0, ""topwt"": 15608.419189453123, ""grnwt"": 7202.036743164063, ""xlai"": 1.8752824068069456, ""totir"": 0.0, ""tofer"": NaN, ""swfac"": 0.0, ""nstres"": 0.0974761247634887}",0.0,0.0974761247634887,15608.419189453123,7202.036743164063,1.8752824068069456,0.0,,0.0,0.0,0.0,150.0,37.30847778320313,37.30847778320313,Leave_One_experiments/all_year_offline_schedule_search/daily_outputs/LCA/LCA_2023_LCA2023_normal_grid_S0010_daily.csv
LCA,LCA,Luancheng,2023,Leave_One_experiments\wth_generated_qc\LCA\LCA2023.WTH,wet_year;nitrogen_stress_year;low_response_year,wet,LCA2023_normal_grid_S0010,low_input_within_10pct_yield,2023-09-02,245,85,80,"{""sim_day"": 85.0, ""doy"": 245.0, ""topwt"": 15895.267333984377, ""grnwt"": 7480.847778320312, ""xlai"": 1.7209495306015017, ""totir"": 0.0, ""tofer"": NaN, ""swfac"": 0.0, ""nstres"": 0.115546703338623}",0.0,0.115546703338623,15895.267333984377,7480.847778320312,1.7209495306015017,0.0,,0.0,0.0,0.0,150.0,37.30847778320313,37.30847778320313,Leave_One_experiments/all_year_offline_schedule_search/daily_outputs/LCA/LCA_2023_LCA2023_normal_grid_S0010_daily.csv
LCA,LCA,Luancheng,2023,Leave_One_experiments\wth_generated_qc\LCA\LCA2023.WTH,wet_year;nitrogen_stress_year;low_response_year,wet,LCA2023_normal_grid_S0010,low_input_within_10pct_yield,2023-09-03,246,86,81,"{""sim_day"": 86.0, ""doy"": 246.0, ""topwt"": 15895.267333984377, ""grnwt"": 7480.847778320312, ""xlai"": 1.7209495306015017, ""totir"": 0.0, ""tofer"": NaN, ""swfac"": 0.0, ""nstres"": 0.1380747556686401}",0.0,0.1380747556686401,15895.267333984377,7480.847778320312,1.7209495306015017,0.0,,0.0,0.0,0.0,150.0,37.30847778320313,37.30847778320313,Leave_One_experiments/all_year_offline_schedule_search/daily_outputs/LCA/LCA_2023_LCA2023_normal_grid_S0010_daily.csv
LCA,LCA,Luancheng,2023,Leave_One_experiments\wth_generated_qc\LCA\LCA2023.WTH,wet_year;nitrogen_stress_year;low_response_year,wet,LCA2023_normal_grid_S0010,low_input_within_10pct_yield,2023-09-04,247,87,82,"{""sim_day"": 87.0, ""doy"": 247.0, ""topwt"": 15895.267333984377, ""grnwt"": 7480.847778320312, ""xlai"": 1.7209495306015017, ""totir"": 0.0, ""tofer"": NaN, ""swfac"": 0.0, ""nstres"": 0.1380747556686401}",0.0,0.1380747556686401,15895.267333984377,7480.847778320312,1.7209495306015017,0.0,,0.0,0.0,0.0,150.0,37.30847778320313,37.30847778320313,Leave_One_experiments/all_year_offline_schedule_search/daily_outputs/LCA/LCA_2023_LCA2023_normal_grid_S0010_daily.csv
LCA,LCA,Luancheng,2023,Leave_One_experiments\wth_generated_qc\LCA\LCA2023.WTH,wet_year;nitrogen_stress_year;low_response_year,wet,LCA2023_normal_grid_S0010,low_input_within_10pct_yield,2023-09-05,248,88,83,"{""sim_day"": 88.0, ""doy"": 248.0, ""topwt"": 15895.267333984377, ""grnwt"": 7480.847778320312, ""xlai"": 1.7209495306015017, ""totir"": 0.0, ""tofer"": NaN, ""swfac"": 0.0, ""nstres"": 0.1380747556686401}",0.0,0.1380747556686401,15895.267333984377,7480.847778320312,1.7209495306015017,0.0,,0.0,0.0,0.0,150.0,37.30847778320313,37.30847778320313,Leave_One_experiments/all_year_offline_schedule_search/daily_outputs/LCA/LCA_2023_LCA2023_normal_grid_S0010_daily.csv
LCA,LCA,Luancheng,2023,Leave_One_experiments\wth_generated_qc\LCA\LCA2023.WTH,wet_year;nitrogen_stress_year;low_response_year,wet,LCA2023_normal_grid_S0024,pareto_balanced,2023-06-15,166,1,1,"{""sim_day"": 1.0, ""doy"": 166.0, ""topwt"": 0.0, ""grnwt"": 0.0, ""xlai"": 0.0, ""totir"": 0.0, ""tofer"": NaN, ""swfac"": 0.0, ""nstres"": 0.0}",0.0,0.0,0.0,0.0,0.0,0.0,,0.0,75.0,30.0,225.0,7.912426757812497,19.912426757812497,Leave_One_experiments/all_year_offline_schedule_search/daily_outputs/LCA/LCA_2023_LCA2023_normal_grid_S0024_daily.csv
LCA,LCA,Luancheng,2023,Leave_One_experiments\wth_generated_qc\LCA\LCA2023.WTH,wet_year;nitrogen_stress_year;low_response_year,wet,LCA2023_normal_grid_S0024,pareto_balanced,2023-06-16,167,2,2,"{""sim_day"": 2.0, ""doy"": 167.0, ""topwt"": 0.0, ""grnwt"": 0.0, ""xlai"": 0.0, ""totir"": 0.0, ""tofer"": NaN, ""swfac"": 0.0, ""nstres"": 0.0}",0.0,0.0,0.0,0.0,0.0,0.0,,0.0,0.0,30.0,225.0,7.912426757812497,19.912426757812497,Leave_One_experiments/all_year_offline_schedule_search/daily_outputs/LCA/LCA_2023_LCA2023_normal_grid_S0024_daily.csv
LCA,LCA,Luancheng,2023,Leave_One_experiments\wth_generated_qc\LCA\LCA2023.WTH,wet_year;nitrogen_stress_year;low_response_year,wet,LCA2023_normal_grid_S0024,pareto_balanced,2023-06-17,168,3,3,"{""sim_day"": 3.0, ""doy"": 168.0, ""topwt"": 0.0, ""grnwt"": 0.0, ""xlai"": 0.0, ""totir"": 0.0, ""tofer"": NaN, ""swfac"": 0.0, ""nstres"": 0.0}",0.0,0.0,0.0,0.0,0.0,0.0,,0.0,0.0,30.0,225.0,7.912426757812497,19.912426757812497,Leave_One_experiments/all_year_offline_schedule_search/daily_outputs/LCA/LCA_2023_LCA2023_normal_grid_S0024_daily.csv
LCA,LCA,Luancheng,2023,Leave_One_experiments\wth_generated_qc\LCA\LCA2023.WTH,wet_year;nitrogen_stress_year;low_response_year,wet,LCA2023_normal_grid_S0024,pareto_balanced,2023-06-18,169,4,4,"{""sim_day"": 4.0, ""doy"": 169.0, ""topwt"": 0.0, ""grnwt"": 0.0, ""xlai"": 0.0, ""totir"": 0.0, ""tofer"": NaN, ""swfac"": 0.0, ""nstres"": 0.0}",0.0,0.0,0.0,0.0,0.0,0.0,,0.0,0.0,30.0,225.0,7.912426757812497,19.912426757812497,Leave_One_experiments/all_year_offline_schedule_search/daily_outputs/LCA/LCA_2023_LCA2023_normal_grid_S0024_daily.csv
LCA,LCA,Luancheng,2023,Leave_One_experiments\wth_generated_qc\LCA\LCA2023.WTH,wet_year;nitrogen_stress_year;low_response_year,wet,LCA2023_normal_grid_S0024,pareto_balanced,2023-06-19,170,5,5,"{""sim_day"": 5.0, ""doy"": 170.0, ""topwt"": 0.0, ""grnwt"": 0.0, ""xlai"": 0.0, ""totir"": 0.0, ""tofer"": NaN, ""swfac"": 0.0, ""nstres"": 0.0}",0.0,0.0,0.0,0.0,0.0,0.0,,0.0,0.0,30.0,225.0,7.912426757812497,19.912426757812497,Leave_One_experiments/all_year_offline_schedule_search/daily_outputs/LCA/LCA_2023_LCA2023_normal_grid_S0024_daily.csv
LCA,LCA,Luancheng,2023,Leave_One_experiments\wth_generated_qc\LCA\LCA2023.WTH,wet_year;nitrogen_stress_year;low_response_year,wet,LCA2023_normal_grid_S0024,pareto_balanced,2023-06-15,166,6,1,"{""sim_day"": 6.0, ""doy"": 166.0, ""topwt"": 0.0, ""grnwt"": 0.0, ""xlai"": 0.0, ""totir"": 0.0, ""tofer"": NaN, ""swfac"": 0.0, ""nstres"": 0.0}",0.0,0.0,0.0,0.0,0.0,0.0,,0.0,0.0,30.0,225.0,7.912426757812497,19.912426757812497,Leave_One_experiments/all_year_offline_schedule_search/daily_outputs/LCA/LCA_2023_LCA2023_normal_grid_S0024_daily.csv
LCA,LCA,Luancheng,2023,Leave_One_experiments\wth_generated_qc\LCA\LCA2023.WTH,wet_year;nitrogen_stress_year;low_response_year,wet,LCA2023_normal_grid_S0024,pareto_balanced,2023-06-16,167,7,2,"{""sim_day"": 7.0, ""doy"": 167.0, ""topwt"": 0.0, ""grnwt"": 0.0, ""xlai"": 0.0, ""totir"": 0.0, ""tofer"": NaN, ""swfac"": 0.0, ""nstres"": 0.0}",0.0,0.0,0.0,0.0,0.0,0.0,,0.0,0.0,30.0,225.0,7.912426757812497,19.912426757812497,Leave_One_experiments/all_year_offline_schedule_search/daily_outputs/LCA/LCA_2023_LCA2023_normal_grid_S0024_daily.csv
LCA,LCA,Luancheng,2023,Leave_One_experiments\wth_generated_qc\LCA\LCA2023.WTH,wet_year;nitrogen_stress_year;low_response_year,wet,LCA2023_normal_grid_S0024,pareto_balanced,2023-06-17,168,8,3,"{""sim_day"": 8.0, ""doy"": 168.0, ""topwt"": 0.0, ""grnwt"": 0.0, ""xlai"": 0.0, ""totir"": 0.0, ""tofer"": NaN, ""swfac"": 0.0, ""nstres"": 0.0}",0.0,0.0,0.0,0.0,0.0,0.0,,0.0,0.0,30.0,225.0,7.912426757812497,19.912426757812497,Leave_One_experiments/all_year_offline_schedule_search/daily_outputs/LCA/LCA_2023_LCA2023_normal_grid_S0024_daily.csv
LCA,LCA,Luancheng,2023,Leave_One_experiments\wth_generated_qc\LCA\LCA2023.WTH,wet_year;nitrogen_stress_year;low_response_year,wet,LCA2023_normal_grid_S0024,pareto_balanced,2023-06-18,169,9,4,"{""sim_day"": 9.0, ""doy"": 169.0, ""topwt"": 0.0, ""grnwt"": 0.0, ""xlai"": 0.0, ""totir"": 0.0, ""tofer"": NaN, ""swfac"": 0.0, ""nstres"": 0.0}",0.0,0.0,0.0,0.0,0.0,0.0,,0.0,0.0,30.0,225.0,7.912426757812497,19.912426757812497,Leave_One_experiments/all_year_offline_schedule_search/daily_outputs/LCA/LCA_2023_LCA2023_normal_grid_S0024_daily.csv
LCA,LCA,Luancheng,2023,Leave_One_experiments\wth_generated_qc\LCA\LCA2023.WTH,wet_year;nitrogen_stress_year;low_response_year,wet,LCA2023_normal_grid_S0024,pareto_balanced,2023-06-19,170,10,5,"{""sim_day"": 10.0, ""doy"": 170.0, ""topwt"": 23.600001335144043, ""grnwt"": 0.0, ""xlai"": 0.0054826610721647, ""totir"": 0.0, ""tofer"": NaN, ""swfac"": 0.0, ""nstres"": 0.0121910572052001}",0.0,0.0121910572052001,23.600001335144043,0.0,0.0054826610721647,0.0,,0.0,0.0,30.0,225.0,7.912426757812497,19.912426757812497,Leave_One_experiments/all_year_offline_schedule_search/daily_outputs/LCA/LCA_2023_LCA2023_normal_grid_S0024_daily.csv
LCA,LCA,Luancheng,2023,Leave_One_experiments\wth_generated_qc\LCA\LCA2023.WTH,wet_year;nitrogen_stress_year;low_response_year,wet,LCA2023_normal_grid_S0024,pareto_balanced,2023-06-20,171,11,6,"{""sim_day"": 11.0, ""doy"": 171.0, ""topwt"": 23.600001335144043, ""grnwt"": 0.0, ""xlai"": 0.0118592446669936, ""totir"": 0.0, ""tofer"": NaN, ""swfac"": 0.0, ""nstres"": 0.0074677467346191}",0.0,0.0074677467346191,23.600001335144043,0.0,0.0118592446669936,0.0,,0.0,0.0,30.0,225.0,7.912426757812497,19.912426757812497,Leave_One_experiments/all_year_offline_schedule_search/daily_outputs/LCA/LCA_2023_LCA2023_normal_grid_S0024_daily.csv
LCA,LCA,Luancheng,2023,Leave_One_experiments\wth_generated_qc\LCA\LCA2023.WTH,wet_year;nitrogen_stress_year;low_response_year,wet,LCA2023_normal_grid_S0024,pareto_balanced,2023-06-21,172,12,7,"{""sim_day"": 12.0, ""doy"": 172.0, ""topwt"": 23.600001335144043, ""grnwt"": 0.0, ""xlai"": 0.034156609326601, ""totir"": 0.0, ""tofer"": NaN, ""swfac"": 0.0, ""nstres"": 0.0}",0.0,0.0,23.600001335144043,0.0,0.034156609326601,0.0,,0.0,0.0,30.0,225.0,7.912426757812497,19.912426757812497,Leave_One_experiments/all_year_offline_schedule_search/daily_outputs/LCA/LCA_2023_LCA2023_normal_grid_S0024_daily.csv
LCA,LCA,Luancheng,2023,Leave_One_experiments\wth_generated_qc\LCA\LCA2023.WTH,wet_year;nitrogen_stress_year;low_response_year,wet,LCA2023_normal_grid_S0024,pareto_balanced,2023-06-22,173,13,8,"{""sim_day"": 13.0, ""doy"": 173.0, ""topwt"": 32.68338441848755, ""grnwt"": 0.0, ""xlai"": 0.0639842227101326, ""totir"": 0.0, ""tofer"": NaN, ""swfac"": 0.0, ""nstres"": 0.0}",0.0,0.0,32.68338441848755,0.0,0.0639842227101326,0.0,,0.0,0.0,30.0,225.0,7.912426757812497,19.912426757812497,Leave_One_experiments/all_year_offline_schedule_search/daily_outputs/LCA/LCA_2023_LCA2023_normal_grid_S0024_daily.csv
LCA,LCA,Luancheng,2023,Leave_One_experiments\wth_generated_qc\LCA\LCA2023.WTH,wet_year;nitrogen_stress_year;low_response_year,wet,LCA2023_normal_grid_S0024,pareto_balanced,2023-06-23,174,14,9,"{""sim_day"": 14.0, ""doy"": 174.0, ""topwt"": 49.18990135192871, ""grnwt"": 0.0, ""xlai"": 0.1017766818404197, ""totir"": 0.0, ""tofer"": NaN, ""swfac"": 0.0, ""nstres"": 0.0}",0.0,0.0,49.18990135192871,0.0,0.1017766818404197,0.0,,0.0,0.0,30.0,225.0,7.912426757812497,19.912426757812497,Leave_One_experiments/all_year_offline_schedule_search/daily_outputs/LCA/LCA_2023_LCA2023_normal_grid_S0024_daily.csv
LCA,LCA,Luancheng,2023,Leave_One_experiments\wth_generated_qc\LCA\LCA2023.WTH,wet_year;nitrogen_stress_year;low_response_year,wet,LCA2023_normal_grid_S0024,pareto_balanced,2023-06-24,175,15,10,"{""sim_day"": 15.0, ""doy"": 175.0, ""topwt"": 69.92221355438232, ""grnwt"": 0.0, ""xlai"": 0.14459128677845, ""totir"": 0.0, ""tofer"": NaN, ""swfac"": 0.0, ""nstres"": 0.0}",0.0,0.0,69.92221355438232,0.0,0.14459128677845,0.0,,0.0,0.0,30.0,225.0,7.912426757812497,19.912426757812497,Leave_One_experiments/all_year_offline_schedule_search/daily_outputs/LCA/LCA_2023_LCA2023_normal_grid_S0024_daily.csv
LCA,LCA,Luancheng,2023,Leave_One_experiments\wth_generated_qc\LCA\LCA2023.WTH,wet_year;nitrogen_stress_year;low_response_year,wet,LCA2023_normal_grid_S0024,pareto_balanced,2023-06-25,176,16,11,"{""sim_day"": 16.0, ""doy"": 176.0, ""topwt"": 94.62953567504884, ""grnwt"": 0.0, ""xlai"": 0.1916293352842331, ""totir"": 0.0, ""tofer"": NaN, ""swfac"": 0.0, ""nstres"": 0.0}",0.0,0.0,94.62953567504884,0.0,0.1916293352842331,0.0,,0.0,0.0,30.0,225.0,7.912426757812497,19.912426757812497,Leave_One_experiments/all_year_offline_schedule_search/daily_outputs/LCA/LCA_2023_LCA2023_normal_grid_S0024_daily.csv
LCA,LCA,Luancheng,2023,Leave_One_experiments\wth_generated_qc\LCA\LCA2023.WTH,wet_year;nitrogen_stress_year;low_response_year,wet,LCA2023_normal_grid_S0024,pareto_balanced,2023-06-26,177,17,12,"{""sim_day"": 17.0, ""doy"": 177.0, ""topwt"": 127.38264083862305, ""grnwt"": 0.0, ""xlai"": 0.2497031688690185, ""totir"": 0.0, ""tofer"": NaN, ""swfac"": 0.0, ""nstres"": 0.0}",0.0,0.0,127.38264083862305,0.0,0.2497031688690185,0.0,,0.0,0.0,30.0,225.0,7.912426757812497,19.912426757812497,Leave_One_experiments/all_year_offline_schedule_search/daily_outputs/LCA/LCA_2023_LCA2023_normal_grid_S0024_daily.csv
LCA,LCA,Luancheng,2023,Leave_One_experiments\wth_generated_qc\LCA\LCA2023.WTH,wet_year;nitrogen_stress_year;low_response_year,wet,LCA2023_normal_grid_S0024,pareto_balanced,2023-06-27,178,18,13,"{""sim_day"": 18.0, ""doy"": 178.0, ""topwt"": 150.78413009643555, ""grnwt"": 0.0, ""xlai"": 0.3086592853069305, ""totir"": 0.0, ""tofer"": NaN, ""swfac"": 0.0, ""nstres"": 0.0}",0.0,0.0,150.78413009643555,0.0,0.3086592853069305,0.0,,0.0,0.0,30.0,225.0,7.912426757812497,19.912426757812497,Leave_One_experiments/all_year_offline_schedule_search/daily_outputs/LCA/LCA_2023_LCA2023_normal_grid_S0024_daily.csv
LCA,LCA,Luancheng,2023,Leave_One_experiments\wth_generated_qc\LCA\LCA2023.WTH,wet_year;nitrogen_stress_year;low_response_year,wet,LCA2023_normal_grid_S0024,pareto_balanced,2023-06-28,179,19,14,"{""sim_day"": 19.0, ""doy"": 179.0, ""topwt"": 202.20043182373047, ""grnwt"": 0.0, ""xlai"": 0.3962660431861877, ""totir"": 0.0, ""tofer"": NaN, ""swfac"": 0.0, ""nstres"": 0.0007663965225219}",0.0,0.0007663965225219,202.20043182373047,0.0,0.3962660431861877,0.0,,0.0,0.0,30.0,225.0,7.912426757812497,19.912426757812497,Leave_One_experiments/all_year_offline_schedule_search/daily_outputs/LCA/LCA_2023_LCA2023_normal_grid_S0024_daily.csv
LCA,LCA,Luancheng,2023,Leave_One_experiments\wth_generated_qc\LCA\LCA2023.WTH,wet_year;nitrogen_stress_year;low_response_year,wet,LCA2023_normal_grid_S0024,pareto_balanced,2023-06-29,180,20,15,"{""sim_day"": 20.0, ""doy"": 180.0, ""topwt"": 271.50779724121094, ""grnwt"": 0.0, ""xlai"": 0.5069241523742676, ""totir"": 0.0, ""tofer"": NaN, ""swfac"": 0.0, ""nstres"": 0.0}",0.0,0.0,271.50779724121094,0.0,0.5069241523742676,0.0,,0.0,0.0,30.0,225.0,7.912426757812497,19.912426757812497,Leave_One_experiments/all_year_offline_schedule_search/daily_outputs/LCA/LCA_2023_LCA2023_normal_grid_S0024_daily.csv
LCA,LCA,Luancheng,2023,Leave_One_experiments\wth_generated_qc\LCA\LCA2023.WTH,wet_year;nitrogen_stress_year;low_response_year,wet,LCA2023_normal_grid_S0024,pareto_balanced,2023-06-30,181,21,16,"{""sim_day"": 21.0, ""doy"": 181.0, ""topwt"": 354.84424591064453, ""grnwt"": 0.0, ""xlai"": 0.6320288181304932, ""totir"": 0.0, ""tofer"": NaN, ""swfac"": 0.0, ""nstres"": 0.0}",0.0,0.0,354.84424591064453,0.0,0.6320288181304932,0.0,,0.0,0.0,30.0,225.0,7.912426757812497,19.912426757812497,Leave_One_experiments/all_year_offline_schedule_search/daily_outputs/LCA/LCA_2023_LCA2023_normal_grid_S0024_daily.csv
LCA,LCA,Luancheng,2023,Leave_One_experiments\wth_generated_qc\LCA\LCA2023.WTH,wet_year;nitrogen_stress_year;low_response_year,wet,LCA2023_normal_grid_S0024,pareto_balanced,2023-07-01,182,22,17,"{""sim_day"": 22.0, ""doy"": 182.0, ""topwt"": 457.6225662231445, ""grnwt"": 0.0, ""xlai"": 0.7777776718139648, ""totir"": 0.0, ""tofer"": NaN, ""swfac"": 0.0, ""nstres"": 0.0}",0.0,0.0,457.6225662231445,0.0,0.7777776718139648,0.0,,0.0,0.0,30.0,225.0,7.912426757812497,19.912426757812497,Leave_One_experiments/all_year_offline_schedule_search/daily_outputs/LCA/LCA_2023_LCA2023_normal_grid_S0024_daily.csv
LCA,LCA,Luancheng,2023,Leave_One_experiments\wth_generated_qc\LCA\LCA2023.WTH,wet_year;nitrogen_stress_year;low_response_year,wet,LCA2023_normal_grid_S0024,pareto_balanced,2023-07-02,183,23,18,"{""sim_day"": 23.0, ""doy"": 183.0, ""topwt"": 515.0072860717773, ""grnwt"": 0.0, ""xlai"": 0.8552907705307007, ""totir"": 0.0, ""tofer"": NaN, ""swfac"": 0.0, ""nstres"": 0.0}",0.0,0.0,515.0072860717773,0.0,0.8552907705307007,0.0,,0.0,0.0,30.0,225.0,7.912426757812497,19.912426757812497,Leave_One_experiments/all_year_offline_schedule_search/daily_outputs/LCA/LCA_2023_LCA2023_normal_grid_S0024_daily.csv
LCA,LCA,Luancheng,2023,Leave_One_experiments\wth_generated_qc\LCA\LCA2023.WTH,wet_year;nitrogen_stress_year;low_response_year,wet,LCA2023_normal_grid_S0024,pareto_balanced,2023-07-03,184,24,19,"{""sim_day"": 24.0, ""doy"": 184.0, ""topwt"": 633.8808822631836, ""grnwt"": 0.0, ""xlai"": 1.010382890701294, ""totir"": 0.0, ""tofer"": NaN, ""swfac"": 0.0, ""nstres"": 0.0}",0.0,0.0,633.8808822631836,0.0,1.010382890701294,0.0,,0.0,0.0,30.0,225.0,7.912426757812497,19.912426757812497,Leave_One_experiments/all_year_offline_schedule_search/daily_outputs/LCA/LCA_2023_LCA2023_normal_grid_S0024_daily.csv
LCA,LCA,Luancheng,2023,Leave_One_experiments\wth_generated_qc\LCA\LCA2023.WTH,wet_year;nitrogen_stress_year;low_response_year,wet,LCA2023_normal_grid_S0024,pareto_balanced,2023-07-04,185,25,20,"{""sim_day"": 25.0, ""doy"": 185.0, ""topwt"": 793.0146026611328, ""grnwt"": 0.0, ""xlai"": 1.2128026485443115, ""totir"": 0.0, ""tofer"": NaN, ""swfac"": 0.0, ""nstres"": 0.0}",0.0,0.0,793.0146026611328,0.0,1.2128026485443115,0.0,,0.0,0.0,30.0,225.0,7.912426757812497,19.912426757812497,Leave_One_experiments/all_year_offline_schedule_search/daily_outputs/LCA/LCA_2023_LCA2023_normal_grid_S0024_daily.csv
LCA,LCA,Luancheng,2023,Leave_One_experiments\wth_generated_qc\LCA\LCA2023.WTH,wet_year;nitrogen_stress_year;low_response_year,wet,LCA2023_normal_grid_S0024,pareto_balanced,2023-07-05,186,26,21,"{""sim_day"": 26.0, ""doy"": 186.0, ""topwt"": 976.3417053222656, ""grnwt"": 0.0, ""xlai"": 1.4291614294052124, ""totir"": 0.0, ""tofer"": NaN, ""swfac"": 0.0, ""nstres"": 0.0}",0.0,0.0,976.3417053222656,0.0,1.4291614294052124,0.0,,0.0,0.0,30.0,225.0,7.912426757812497,19.912426757812497,Leave_One_experiments/all_year_offline_schedule_search/daily_outputs/LCA/LCA_2023_LCA2023_normal_grid_S0024_daily.csv
LCA,LCA,Luancheng,2023,Leave_One_experiments\wth_generated_qc\LCA\LCA2023.WTH,wet_year;nitrogen_stress_year;low_response_year,wet,LCA2023_normal_grid_S0024,pareto_balanced,2023-07-06,187,27,22,"{""sim_day"": 27.0, ""doy"": 187.0, ""topwt"": 1178.4024810791016, ""grnwt"": 0.0, ""xlai"": 1.64866304397583, ""totir"": 0.0, ""tofer"": NaN, ""swfac"": 0.0, ""nstres"": 0.0}",0.0,0.0,1178.4024810791016,0.0,1.64866304397583,0.0,,0.0,0.0,30.0,225.0,7.912426757812497,19.912426757812497,Leave_One_experiments/all_year_offline_schedule_search/daily_outputs/LCA/LCA_2023_LCA2023_normal_grid_S0024_daily.csv
LCA,LCA,Luancheng,2023,Leave_One_experiments\wth_generated_qc\LCA\LCA2023.WTH,wet_year;nitrogen_stress_year;low_response_year,wet,LCA2023_normal_grid_S0024,pareto_balanced,2023-07-07,188,28,23,"{""sim_day"": 28.0, ""doy"": 188.0, ""topwt"": 1394.6070861816406, ""grnwt"": 0.0, ""xlai"": 1.8638944625854488, ""totir"": 0.0, ""tofer"": NaN, ""swfac"": 0.0, ""nstres"": 0.0}",0.0,0.0,1394.6070861816406,0.0,1.8638944625854488,0.0,,0.0,0.0,30.0,225.0,7.912426757812497,19.912426757812497,Leave_One_experiments/all_year_offline_schedule_search/daily_outputs/LCA/LCA_2023_LCA2023_normal_grid_S0024_daily.csv
LCA,LCA,Luancheng,2023,Leave_One_experiments\wth_generated_qc\LCA\LCA2023.WTH,wet_year;nitrogen_stress_year;low_response_year,wet,LCA2023_normal_grid_S0024,pareto_balanced,2023-07-08,189,29,24,"{""sim_day"": 29.0, ""doy"": 189.0, ""topwt"": 1636.56982421875, ""grnwt"": 0.0, ""xlai"": 2.0833094120025635, ""totir"": 0.0, ""tofer"": NaN, ""swfac"": 0.0, ""nstres"": 0.0}",0.0,0.0,1636.56982421875,0.0,2.0833094120025635,0.0,,0.0,0.0,30.0,225.0,7.912426757812497,19.912426757812497,Leave_One_experiments/all_year_offline_schedule_search/daily_outputs/LCA/LCA_2023_LCA2023_normal_grid_S0024_daily.csv
LCA,LCA,Luancheng,2023,Leave_One_experiments\wth_generated_qc\LCA\LCA2023.WTH,wet_year;nitrogen_stress_year;low_response_year,wet,LCA2023_normal_grid_S0024,pareto_balanced,2023-07-09,190,30,25,"{""sim_day"": 30.0, ""doy"": 190.0, ""topwt"": 1906.4051818847656, ""grnwt"": 0.0, ""xlai"": 2.3050482273101807, ""totir"": 0.0, ""tofer"": NaN, ""swfac"": 0.0, ""nstres"": 0.0}",0.0,0.0,1906.4051818847656,0.0,2.3050482273101807,0.0,,0.0,0.0,30.0,225.0,7.912426757812497,19.912426757812497,Leave_One_experiments/all_year_offline_schedule_search/daily_outputs/LCA/LCA_2023_LCA2023_normal_grid_S0024_daily.csv
LCA,LCA,Luancheng,2023,Leave_One_experiments\wth_generated_qc\LCA\LCA2023.WTH,wet_year;nitrogen_stress_year;low_response_year,wet,LCA2023_normal_grid_S0024,pareto_balanced,2023-07-10,191,31,26,"{""sim_day"": 31.0, ""doy"": 191.0, ""topwt"": 2161.7855834960938, ""grnwt"": 0.0, ""xlai"": 2.49442982673645, ""totir"": 0.0, ""tofer"": NaN, ""swfac"": 0.0, ""nstres"": 0.0}",0.0,0.0,2161.7855834960938,0.0,2.49442982673645,0.0,,0.0,0.0,30.0,225.0,7.912426757812497,19.912426757812497,Leave_One_experiments/all_year_offline_schedule_search/daily_outputs/LCA/LCA_2023_LCA2023_normal_grid_S0024_daily.csv
LCA,LCA,Luancheng,2023,Leave_One_experiments\wth_generated_qc\LCA\LCA2023.WTH,wet_year;nitrogen_stress_year;low_response_year,wet,LCA2023_normal_grid_S0024,pareto_balanced,2023-07-11,192,32,27,"{""sim_day"": 32.0, ""doy"": 192.0, ""topwt"": 2201.3182067871094, ""grnwt"": 0.0, ""xlai"": 2.5212178230285645, ""totir"": 0.0, ""tofer"": NaN, ""swfac"": 0.0, ""nstres"": 0.0}",0.0,0.0,2201.3182067871094,0.0,2.5212178230285645,0.0,,0.0,0.0,30.0,225.0,7.912426757812497,19.912426757812497,Leave_One_experiments/all_year_offline_schedule_search/daily_outputs/LCA/LCA_2023_LCA2023_normal_grid_S0024_daily.csv
LCA,LCA,Luancheng,2023,Leave_One_experiments\wth_generated_qc\LCA\LCA2023.WTH,wet_year;nitrogen_stress_year;low_response_year,wet,LCA2023_normal_grid_S0024,pareto_balanced,2023-07-12,193,33,28,"{""sim_day"": 33.0, ""doy"": 193.0, ""topwt"": 2398.231964111328, ""grnwt"": 0.0, ""xlai"": 2.645535469055176, ""totir"": 0.0, ""tofer"": NaN, ""swfac"": 0.0, ""nstres"": 0.0}",0.0,0.0,2398.231964111328,0.0,2.645535469055176,0.0,,0.0,0.0,30.0,225.0,7.912426757812497,19.912426757812497,Leave_One_experiments/all_year_offline_schedule_search/daily_outputs/LCA/LCA_2023_LCA2023_normal_grid_S0024_daily.csv
LCA,LCA,Luancheng,2023,Leave_One_experiments\wth_generated_qc\LCA\LCA2023.WTH,wet_year;nitrogen_stress_year;low_response_year,wet,LCA2023_normal_grid_S0024,pareto_balanced,2023-07-13,194,34,29,"{""sim_day"": 34.0, ""doy"": 194.0, ""topwt"": 2766.976623535156, ""grnwt"": 0.0, ""xlai"": 2.8564226627349854, ""totir"": 0.0, ""tofer"": NaN, ""swfac"": 0.0, ""nstres"": 0.0}",0.0,0.0,2766.976623535156,0.0,2.8564226627349854,0.0,,0.0,0.0,30.0,225.0,7.912426757812497,19.912426757812497,Leave_One_experiments/all_year_offline_schedule_search/daily_outputs/LCA/LCA_2023_LCA2023_normal_grid_S0024_daily.csv
LCA,LCA,Luancheng,2023,Leave_One_experiments\wth_generated_qc\LCA\LCA2023.WTH,wet_year;nitrogen_stress_year;low_response_year,wet,LCA2023_normal_grid_S0024,pareto_balanced,2023-07-14,195,35,30,"{""sim_day"": 35.0, ""doy"": 195.0, ""topwt"": 3201.5768432617188, ""grnwt"": 0.0, ""xlai"": 3.079785823822021, ""totir"": 0.0, ""tofer"": NaN, ""swfac"": 0.0, ""nstres"": 0.0}",0.0,0.0,3201.5768432617188,0.0,3.079785823822021,0.0,,0.0,75.0,30.0,225.0,7.912426757812497,19.912426757812497,Leave_One_experiments/all_year_offline_schedule_search/daily_outputs/LCA/LCA_2023_LCA2023_normal_grid_S0024_daily.csv
LCA,LCA,Luancheng,2023,Leave_One_experiments\wth_generated_qc\LCA\LCA2023.WTH,wet_year;nitrogen_stress_year;low_response_year,wet,LCA2023_normal_grid_S0024,pareto_balanced,2023-07-15,196,36,31,"{""sim_day"": 36.0, ""doy"": 196.0, ""topwt"": 3502.9330444335938, ""grnwt"": 0.0, ""xlai"": 3.221173048019409, ""totir"": 0.0, ""tofer"": NaN, ""swfac"": 0.0, ""nstres"": 0.0}",0.0,0.0,3502.9330444335938,0.0,3.221173048019409,0.0,,0.0,0.0,30.0,225.0,7.912426757812497,19.912426757812497,Leave_One_experiments/all_year_offline_schedule_search/daily_outputs/LCA/LCA_2023_LCA2023_normal_grid_S0024_daily.csv
LCA,LCA,Luancheng,2023,Leave_One_experiments\wth_generated_qc\LCA\LCA2023.WTH,wet_year;nitrogen_stress_year;low_response_year,wet,LCA2023_normal_grid_S0024,pareto_balanced,2023-07-16,197,37,32,"{""sim_day"": 37.0, ""doy"": 197.0, ""topwt"": 3913.4320068359375, ""grnwt"": 0.0, ""xlai"": 3.3797733783721924, ""totir"": 0.0, ""tofer"": NaN, ""swfac"": 0.0, ""nstres"": 0.0418858528137207}",0.0,0.0418858528137207,3913.4320068359375,0.0,3.3797733783721924,0.0,,0.0,0.0,30.0,225.0,7.912426757812497,19.912426757812497,Leave_One_experiments/all_year_offline_schedule_search/daily_outputs/LCA/LCA_2023_LCA2023_normal_grid_S0024_daily.csv
LCA,LCA,Luancheng,2023,Leave_One_experiments\wth_generated_qc\LCA\LCA2023.WTH,wet_year;nitrogen_stress_year;low_response_year,wet,LCA2023_normal_grid_S0024,pareto_balanced,2023-07-17,198,38,33,"{""sim_day"": 38.0, ""doy"": 198.0, ""topwt"": 4362.3809814453125, ""grnwt"": 0.0, ""xlai"": 3.592016220092773, ""totir"": 0.0, ""tofer"": NaN, ""swfac"": 0.0, ""nstres"": 0.0576000213623046}",0.0,0.0576000213623046,4362.3809814453125,0.0,3.592016220092773,0.0,,0.0,0.0,30.0,225.0,7.912426757812497,19.912426757812497,Leave_One_experiments/all_year_offline_schedule_search/daily_outputs/LCA/LCA_2023_LCA2023_normal_grid_S0024_daily.csv
LCA,LCA,Luancheng,2023,Leave_One_experiments\wth_generated_qc\LCA\LCA2023.WTH,wet_year;nitrogen_stress_year;low_response_year,wet,LCA2023_normal_grid_S0024,pareto_balanced,2023-07-18,199,39,34,"{""sim_day"": 39.0, ""doy"": 199.0, ""topwt"": 4782.895202636719, ""grnwt"": 0.0, ""xlai"": 3.7183659076690674, ""totir"": 0.0, ""tofer"": NaN, ""swfac"": 0.0, ""nstres"": 0.0877580642700195}",0.0,0.0877580642700195,4782.895202636719,0.0,3.7183659076690674,0.0,,0.0,0.0,30.0,225.0,7.912426757812497,19.912426757812497,Leave_One_experiments/all_year_offline_schedule_search/daily_outputs/LCA/LCA_2023_LCA2023_normal_grid_S0024_daily.csv
LCA,LCA,Luancheng,2023,Leave_One_experiments\wth_generated_qc\LCA\LCA2023.WTH,wet_year;nitrogen_stress_year;low_response_year,wet,LCA2023_normal_grid_S0024,pareto_balanced,2023-07-19,200,40,35,"{""sim_day"": 40.0, ""doy"": 200.0, ""topwt"": 5107.933044433594, ""grnwt"": 0.0, ""xlai"": 3.772237777709961, ""totir"": 30.0, ""tofer"": NaN, ""swfac"": 0.0, ""nstres"": 0.1177232265472412}",0.0,0.1177232265472412,5107.933044433594,0.0,3.772237777709961,30.0,,30.0,0.0,30.0,225.0,7.912426757812497,19.912426757812497,Leave_One_experiments/all_year_offline_schedule_search/daily_outputs/LCA/LCA_2023_LCA2023_normal_grid_S0024_daily.csv
LCA,LCA,Luancheng,2023,Leave_One_experiments\wth_generated_qc\LCA\LCA2023.WTH,wet_year;nitrogen_stress_year;low_response_year,wet,LCA2023_normal_grid_S0024,pareto_balanced,2023-07-20,201,41,36,"{""sim_day"": 41.0, ""doy"": 201.0, ""topwt"": 5220.263671875, ""grnwt"": 0.0, ""xlai"": 3.7769742012023926, ""totir"": 30.0, ""tofer"": NaN, ""swfac"": 0.0, ""nstres"": 0.0616615414619445}",0.0,0.0616615414619445,5220.263671875,0.0,3.7769742012023926,30.0,,0.0,0.0,30.0,225.0,7.912426757812497,19.912426757812497,Leave_One_experiments/all_year_offline_schedule_search/daily_outputs/LCA/LCA_2023_LCA2023_normal_grid_S0024_daily.csv
LCA,LCA,Luancheng,2023,Leave_One_experiments\wth_generated_qc\LCA\LCA2023.WTH,wet_year;nitrogen_stress_year;low_response_year,wet,LCA2023_normal_grid_S0024,pareto_balanced,2023-07-21,202,42,37,"{""sim_day"": 42.0, ""doy"": 202.0, ""topwt"": 5607.8948974609375, ""grnwt"": 0.0, ""xlai"": 3.8863565921783447, ""totir"": 30.0, ""tofer"": NaN, ""swfac"": 0.0, ""nstres"": 0.0}",0.0,0.0,5607.8948974609375,0.0,3.8863565921783447,30.0,,0.0,0.0,30.0,225.0,7.912426757812497,19.912426757812497,Leave_One_experiments/all_year_offline_schedule_search/daily_outputs/LCA/LCA_2023_LCA2023_normal_grid_S0024_daily.csv
LCA,LCA,Luancheng,2023,Leave_One_experiments\wth_generated_qc\LCA\LCA2023.WTH,wet_year;nitrogen_stress_year;low_response_year,wet,LCA2023_normal_grid_S0024,pareto_balanced,2023-07-22,203,43,38,"{""sim_day"": 43.0, ""doy"": 203.0, ""topwt"": 6048.519287109375, ""grnwt"": 0.0, ""xlai"": 4.001559734344482, ""totir"": 30.0, ""tofer"": NaN, ""swfac"": 0.0, ""nstres"": 0.0}",0.0,0.0,6048.519287109375,0.0,4.001559734344482,30.0,,0.0,0.0,30.0,225.0,7.912426757812497,19.912426757812497,Leave_One_experiments/all_year_offline_schedule_search/daily_outputs/LCA/LCA_2023_LCA2023_normal_grid_S0024_daily.csv
LCA,LCA,Luancheng,2023,Leave_One_experiments\wth_generated_qc\LCA\LCA2023.WTH,wet_year;nitrogen_stress_year;low_response_year,wet,LCA2023_normal_grid_S0024,pareto_balanced,2023-07-23,204,44,39,"{""sim_day"": 44.0, ""doy"": 204.0, ""topwt"": 6413.155517578125, ""grnwt"": 0.0, ""xlai"": 4.090694904327393, ""totir"": 30.0, ""tofer"": NaN, ""swfac"": 0.0, ""nstres"": 0.0}",0.0,0.0,6413.155517578125,0.0,4.090694904327393,30.0,,0.0,0.0,30.0,225.0,7.912426757812497,19.912426757812497,Leave_One_experiments/all_year_offline_schedule_search/daily_outputs/LCA/LCA_2023_LCA2023_normal_grid_S0024_daily.csv
LCA,LCA,Luancheng,2023,Leave_One_experiments\wth_generated_qc\LCA\LCA2023.WTH,wet_year;nitrogen_stress_year;low_response_year,wet,LCA2023_normal_grid_S0024,pareto_balanced,2023-07-24,205,45,40,"{""sim_day"": 45.0, ""doy"": 205.0, ""topwt"": 6813.15185546875, ""grnwt"": 0.0, ""xlai"": 4.180442810058594, ""totir"": 30.0, ""tofer"": NaN, ""swfac"": 0.0, ""nstres"": 0.0}",0.0,0.0,6813.15185546875,0.0,4.180442810058594,30.0,,0.0,0.0,30.0,225.0,7.912426757812497,19.912426757812497,Leave_One_experiments/all_year_offline_schedule_search/daily_outputs/LCA/LCA_2023_LCA2023_normal_grid_S0024_daily.csv
LCA,LCA,Luancheng,2023,Leave_One_experiments\wth_generated_qc\LCA\LCA2023.WTH,wet_year;nitrogen_stress_year;low_response_year,wet,LCA2023_normal_grid_S0024,pareto_balanced,2023-07-25,206,46,41,"{""sim_day"": 46.0, ""doy"": 206.0, ""topwt"": 7252.081909179687, ""grnwt"": 0.0, ""xlai"": 4.275959968566895, ""totir"": 30.0, ""tofer"": NaN, ""swfac"": 0.0, ""nstres"": 0.0}",0.0,0.0,7252.081909179687,0.0,4.275959968566895,30.0,,0.0,0.0,30.0,225.0,7.912426757812497,19.912426757812497,Leave_One_experiments/all_year_offline_schedule_search/daily_outputs/LCA/LCA_2023_LCA2023_normal_grid_S0024_daily.csv
LCA,LCA,Luancheng,2023,Leave_One_experiments\wth_generated_qc\LCA\LCA2023.WTH,wet_year;nitrogen_stress_year;low_response_year,wet,LCA2023_normal_grid_S0024,pareto_balanced,2023-07-26,207,47,42,"{""sim_day"": 47.0, ""doy"": 207.0, ""topwt"": 7677.76123046875, ""grnwt"": 0.0, ""xlai"": 4.364779949188232, ""totir"": 30.0, ""tofer"": NaN, ""swfac"": 0.0, ""nstres"": 0.0}",0.0,0.0,7677.76123046875,0.0,4.364779949188232,30.0,,0.0,0.0,30.0,225.0,7.912426757812497,19.912426757812497,Leave_One_experiments/all_year_offline_schedule_search/daily_outputs/LCA/LCA_2023_LCA2023_normal_grid_S0024_daily.csv
LCA,LCA,Luancheng,2023,Leave_One_experiments\wth_generated_qc\LCA\LCA2023.WTH,wet_year;nitrogen_stress_year;low_response_year,wet,LCA2023_normal_grid_S0024,pareto_balanced,2023-07-27,208,48,43,"{""sim_day"": 48.0, ""doy"": 208.0, ""topwt"": 7863.2281494140625, ""grnwt"": 0.0, ""xlai"": 4.394534111022949, ""totir"": 30.0, ""tofer"": NaN, ""swfac"": 0.0, ""nstres"": 0.0}",0.0,0.0,7863.2281494140625,0.0,4.394534111022949,30.0,,0.0,0.0,30.0,225.0,7.912426757812497,19.912426757812497,Leave_One_experiments/all_year_offline_schedule_search/daily_outputs/LCA/LCA_2023_LCA2023_normal_grid_S0024_daily.csv
LCA,LCA,Luancheng,2023,Leave_One_experiments\wth_generated_qc\LCA\LCA2023.WTH,wet_year;nitrogen_stress_year;low_response_year,wet,LCA2023_normal_grid_S0024,pareto_balanced,2023-07-28,209,49,44,"{""sim_day"": 49.0, ""doy"": 209.0, ""topwt"": 7915.5987548828125, ""grnwt"": 0.0, ""xlai"": 4.3806633949279785, ""totir"": 30.0, ""tofer"": NaN, ""swfac"": 0.0, ""nstres"": 0.0}",0.0,0.0,7915.5987548828125,0.0,4.3806633949279785,30.0,,0.0,0.0,30.0,225.0,7.912426757812497,19.912426757812497,Leave_One_experiments/all_year_offline_schedule_search/daily_outputs/LCA/LCA_2023_LCA2023_normal_grid_S0024_daily.csv
LCA,LCA,Luancheng,2023,Leave_One_experiments\wth_generated_qc\LCA\LCA2023.WTH,wet_year;nitrogen_stress_year;low_response_year,wet,LCA2023_normal_grid_S0024,pareto_balanced,2023-07-29,210,50,45,"{""sim_day"": 50.0, ""doy"": 210.0, ""topwt"": 7975.745849609375, ""grnwt"": 0.0, ""xlai"": 4.361438751220703, ""totir"": 30.0, ""tofer"": NaN, ""swfac"": 0.0, ""nstres"": 0.0}",0.0,0.0,7975.745849609375,0.0,4.361438751220703,30.0,,0.0,0.0,30.0,225.0,7.912426757812497,19.912426757812497,Leave_One_experiments/all_year_offline_schedule_search/daily_outputs/LCA/LCA_2023_LCA2023_normal_grid_S0024_daily.csv
LCA,LCA,Luancheng,2023,Leave_One_experiments\wth_generated_qc\LCA\LCA2023.WTH,wet_year;nitrogen_stress_year;low_response_year,wet,LCA2023_normal_grid_S0024,pareto_balanced,2023-07-30,211,51,46,"{""sim_day"": 51.0, ""doy"": 211.0, ""topwt"": 8137.4853515625, ""grnwt"": 0.0, ""xlai"": 4.338150978088379, ""totir"": 30.0, ""tofer"": NaN, ""swfac"": 0.0, ""nstres"": 0.0}",0.0,0.0,8137.4853515625,0.0,4.338150978088379,30.0,,0.0,0.0,30.0,225.0,7.912426757812497,19.912426757812497,Leave_One_experiments/all_year_offline_schedule_search/daily_outputs/LCA/LCA_2023_LCA2023_normal_grid_S0024_daily.csv
LCA,LCA,Luancheng,2023,Leave_One_experiments\wth_generated_qc\LCA\LCA2023.WTH,wet_year;nitrogen_stress_year;low_response_year,wet,LCA2023_normal_grid_S0024,pareto_balanced,2023-07-31,212,52,47,"{""sim_day"": 52.0, ""doy"": 212.0, ""topwt"": 8372.345581054688, ""grnwt"": 0.0, ""xlai"": 4.314631938934326, ""totir"": 30.0, ""tofer"": NaN, ""swfac"": 0.0, ""nstres"": 0.0}",0.0,0.0,8372.345581054688,0.0,4.314631938934326,30.0,,0.0,0.0,30.0,225.0,7.912426757812497,19.912426757812497,Leave_One_experiments/all_year_offline_schedule_search/daily_outputs/LCA/LCA_2023_LCA2023_normal_grid_S0024_daily.csv
LCA,LCA,Luancheng,2023,Leave_One_experiments\wth_generated_qc\LCA\LCA2023.WTH,wet_year;nitrogen_stress_year;low_response_year,wet,LCA2023_normal_grid_S0024,pareto_balanced,2023-08-01,213,53,48,"{""sim_day"": 53.0, ""doy"": 213.0, ""topwt"": 8772.150268554688, ""grnwt"": 0.0, ""xlai"": 4.289668083190918, ""totir"": 30.0, ""tofer"": NaN, ""swfac"": 0.0, ""nstres"": 0.0}",0.0,0.0,8772.150268554688,0.0,4.289668083190918,30.0,,0.0,0.0,30.0,225.0,7.912426757812497,19.912426757812497,Leave_One_experiments/all_year_offline_schedule_search/daily_outputs/LCA/LCA_2023_LCA2023_normal_grid_S0024_daily.csv
LCA,LCA,Luancheng,2023,Leave_One_experiments\wth_generated_qc\LCA\LCA2023.WTH,wet_year;nitrogen_stress_year;low_response_year,wet,LCA2023_normal_grid_S0024,pareto_balanced,2023-08-02,214,54,49,"{""sim_day"": 54.0, ""doy"": 214.0, ""topwt"": 9174.79248046875, ""grnwt"": 0.0, ""xlai"": 4.26402759552002, ""totir"": 30.0, ""tofer"": NaN, ""swfac"": 0.0, ""nstres"": 0.0}",0.0,0.0,9174.79248046875,0.0,4.26402759552002,30.0,,0.0,0.0,30.0,225.0,7.912426757812497,19.912426757812497,Leave_One_experiments/all_year_offline_schedule_search/daily_outputs/LCA/LCA_2023_LCA2023_normal_grid_S0024_daily.csv
LCA,LCA,Luancheng,2023,Leave_One_experiments\wth_generated_qc\LCA\LCA2023.WTH,wet_year;nitrogen_stress_year;low_response_year,wet,LCA2023_normal_grid_S0024,pareto_balanced,2023-08-03,215,55,50,"{""sim_day"": 55.0, ""doy"": 215.0, ""topwt"": 9479.190673828123, ""grnwt"": 0.0, ""xlai"": 4.238366603851318, ""totir"": 30.0, ""tofer"": NaN, ""swfac"": 0.0, ""nstres"": 0.0}",0.0,0.0,9479.190673828123,0.0,4.238366603851318,30.0,,0.0,0.0,30.0,225.0,7.912426757812497,19.912426757812497,Leave_One_experiments/all_year_offline_schedule_search/daily_outputs/LCA/LCA_2023_LCA2023_normal_grid_S0024_daily.csv
LCA,LCA,Luancheng,2023,Leave_One_experiments\wth_generated_qc\LCA\LCA2023.WTH,wet_year;nitrogen_stress_year;low_response_year,wet,LCA2023_normal_grid_S0024,pareto_balanced,2023-08-04,216,56,51,"{""sim_day"": 56.0, ""doy"": 216.0, ""topwt"": 9707.736206054688, ""grnwt"": 0.0, ""xlai"": 4.215425491333008, ""totir"": 30.0, ""tofer"": NaN, ""swfac"": 0.0, ""nstres"": 0.0}",0.0,0.0,9707.736206054688,0.0,4.215425491333008,30.0,,0.0,0.0,30.0,225.0,7.912426757812497,19.912426757812497,Leave_One_experiments/all_year_offline_schedule_search/daily_outputs/LCA/LCA_2023_LCA2023_normal_grid_S0024_daily.csv
LCA,LCA,Luancheng,2023,Leave_One_experiments\wth_generated_qc\LCA\LCA2023.WTH,wet_year;nitrogen_stress_year;low_response_year,wet,LCA2023_normal_grid_S0024,pareto_balanced,2023-08-05,217,57,52,"{""sim_day"": 57.0, ""doy"": 217.0, ""topwt"": 9973.270874023438, ""grnwt"": 265.53430557250977, ""xlai"": 4.123386383056641, ""totir"": 30.0, ""tofer"": NaN, ""swfac"": 0.0, ""nstres"": 0.0}",0.0,0.0,9973.270874023438,265.53430557250977,4.123386383056641,30.0,,0.0,0.0,30.0,225.0,7.912426757812497,19.912426757812497,Leave_One_experiments/all_year_offline_schedule_search/daily_outputs/LCA/LCA_2023_LCA2023_normal_grid_S0024_daily.csv
LCA,LCA,Luancheng,2023,Leave_One_experiments\wth_generated_qc\LCA\LCA2023.WTH,wet_year;nitrogen_stress_year;low_response_year,wet,LCA2023_normal_grid_S0024,pareto_balanced,2023-08-06,218,58,53,"{""sim_day"": 58.0, ""doy"": 218.0, ""topwt"": 10266.46484375, ""grnwt"": 558.7284088134766, ""xlai"": 4.109625339508057, ""totir"": 30.0, ""tofer"": NaN, ""swfac"": 0.0, ""nstres"": 0.0}",0.0,0.0,10266.46484375,558.7284088134766,4.109625339508057,30.0,,0.0,0.0,30.0,225.0,7.912426757812497,19.912426757812497,Leave_One_experiments/all_year_offline_schedule_search/daily_outputs/LCA/LCA_2023_LCA2023_normal_grid_S0024_daily.csv
LCA,LCA,Luancheng,2023,Leave_One_experiments\wth_generated_qc\LCA\LCA2023.WTH,wet_year;nitrogen_stress_year;low_response_year,wet,LCA2023_normal_grid_S0024,pareto_balanced,2023-08-07,219,59,54,"{""sim_day"": 59.0, ""doy"": 219.0, ""topwt"": 10535.68603515625, ""grnwt"": 827.9505920410156, ""xlai"": 4.092204570770264, ""totir"": 30.0, ""tofer"": NaN, ""swfac"": 0.0, ""nstres"": 0.0}",0.0,0.0,10535.68603515625,827.9505920410156,4.092204570770264,30.0,,0.0,0.0,30.0,225.0,7.912426757812497,19.912426757812497,Leave_One_experiments/all_year_offline_schedule_search/daily_outputs/LCA/LCA_2023_LCA2023_normal_grid_S0024_daily.csv
LCA,LCA,Luancheng,2023,Leave_One_experiments\wth_generated_qc\LCA\LCA2023.WTH,wet_year;nitrogen_stress_year;low_response_year,wet,LCA2023_normal_grid_S0024,pareto_balanced,2023-08-08,220,60,55,"{""sim_day"": 60.0, ""doy"": 220.0, ""topwt"": 10780.9375, ""grnwt"": 1073.200912475586, ""xlai"": 4.070451736450195, ""totir"": 30.0, ""tofer"": NaN, ""swfac"": 0.0, ""nstres"": 0.0}",0.0,0.0,10780.9375,1073.200912475586,4.070451736450195,30.0,,0.0,0.0,30.0,225.0,7.912426757812497,19.912426757812497,Leave_One_experiments/all_year_offline_schedule_search/daily_outputs/LCA/LCA_2023_LCA2023_normal_grid_S0024_daily.csv
LCA,LCA,Luancheng,2023,Leave_One_experiments\wth_generated_qc\LCA\LCA2023.WTH,wet_year;nitrogen_stress_year;low_response_year,wet,LCA2023_normal_grid_S0024,pareto_balanced,2023-08-09,221,61,56,"{""sim_day"": 61.0, ""doy"": 221.0, ""topwt"": 11037.2509765625, ""grnwt"": 1329.5152282714844, ""xlai"": 4.044932842254639, ""totir"": 30.0, ""tofer"": NaN, ""swfac"": 0.0, ""nstres"": 0.0}",0.0,0.0,11037.2509765625,1329.5152282714844,4.044932842254639,30.0,,0.0,0.0,30.0,225.0,7.912426757812497,19.912426757812497,Leave_One_experiments/all_year_offline_schedule_search/daily_outputs/LCA/LCA_2023_LCA2023_normal_grid_S0024_daily.csv
LCA,LCA,Luancheng,2023,Leave_One_experiments\wth_generated_qc\LCA\LCA2023.WTH,wet_year;nitrogen_stress_year;low_response_year,wet,LCA2023_normal_grid_S0024,pareto_balanced,2023-08-10,222,62,57,"{""sim_day"": 62.0, ""doy"": 222.0, ""topwt"": 11289.8779296875, ""grnwt"": 1582.1417236328125, ""xlai"": 4.014842033386231, ""totir"": 30.0, ""tofer"": NaN, ""swfac"": 0.0, ""nstres"": 0.0}",0.0,0.0,11289.8779296875,1582.1417236328125,4.014842033386231,30.0,,0.0,0.0,30.0,225.0,7.912426757812497,19.912426757812497,Leave_One_experiments/all_year_offline_schedule_search/daily_outputs/LCA/LCA_2023_LCA2023_normal_grid_S0024_daily.csv
LCA,LCA,Luancheng,2023,Leave_One_experiments\wth_generated_qc\LCA\LCA2023.WTH,wet_year;nitrogen_stress_year;low_response_year,wet,LCA2023_normal_grid_S0024,pareto_balanced,2023-08-11,223,63,58,"{""sim_day"": 63.0, ""doy"": 223.0, ""topwt"": 11560.943603515623, ""grnwt"": 1853.2078552246091, ""xlai"": 3.980866670608521, ""totir"": 30.0, ""tofer"": NaN, ""swfac"": 0.0, ""nstres"": 0.0}",0.0,0.0,11560.943603515623,1853.2078552246091,3.980866670608521,30.0,,0.0,0.0,30.0,225.0,7.912426757812497,19.912426757812497,Leave_One_experiments/all_year_offline_schedule_search/daily_outputs/LCA/LCA_2023_LCA2023_normal_grid_S0024_daily.csv
LCA,LCA,Luancheng,2023,Leave_One_experiments\wth_generated_qc\LCA\LCA2023.WTH,wet_year;nitrogen_stress_year;low_response_year,wet,LCA2023_normal_grid_S0024,pareto_balanced,2023-08-12,224,64,59,"{""sim_day"": 64.0, ""doy"": 224.0, ""topwt"": 11817.25830078125, ""grnwt"": 2109.522399902344, ""xlai"": 3.941140174865722, ""totir"": 30.0, ""tofer"": NaN, ""swfac"": 0.0, ""nstres"": 0.0}",0.0,0.0,11817.25830078125,2109.522399902344,3.941140174865722,30.0,,0.0,0.0,30.0,225.0,7.912426757812497,19.912426757812497,Leave_One_experiments/all_year_offline_schedule_search/daily_outputs/LCA/LCA_2023_LCA2023_normal_grid_S0024_daily.csv
LCA,LCA,Luancheng,2023,Leave_One_experiments\wth_generated_qc\LCA\LCA2023.WTH,wet_year;nitrogen_stress_year;low_response_year,wet,LCA2023_normal_grid_S0024,pareto_balanced,2023-08-13,225,65,60,"{""sim_day"": 65.0, ""doy"": 225.0, ""topwt"": 12073.572998046877, ""grnwt"": 2365.836639404297, ""xlai"": 3.895953416824341, ""totir"": 30.0, ""tofer"": NaN, ""swfac"": 0.0, ""nstres"": 0.0}",0.0,0.0,12073.572998046877,2365.836639404297,3.895953416824341,30.0,,0.0,75.0,30.0,225.0,7.912426757812497,19.912426757812497,Leave_One_experiments/all_year_offline_schedule_search/daily_outputs/LCA/LCA_2023_LCA2023_normal_grid_S0024_daily.csv
LCA,LCA,Luancheng,2023,Leave_One_experiments\wth_generated_qc\LCA\LCA2023.WTH,wet_year;nitrogen_stress_year;low_response_year,wet,LCA2023_normal_grid_S0024,pareto_balanced,2023-08-14,226,66,61,"{""sim_day"": 66.0, ""doy"": 226.0, ""topwt"": 12344.638671875, ""grnwt"": 2636.903076171875, ""xlai"": 3.846031904220581, ""totir"": 30.0, ""tofer"": NaN, ""swfac"": 0.0, ""nstres"": 0.0}",0.0,0.0,12344.638671875,2636.903076171875,3.846031904220581,30.0,,0.0,0.0,30.0,225.0,7.912426757812497,19.912426757812497,Leave_One_experiments/all_year_offline_schedule_search/daily_outputs/LCA/LCA_2023_LCA2023_normal_grid_S0024_daily.csv
LCA,LCA,Luancheng,2023,Leave_One_experiments\wth_generated_qc\LCA\LCA2023.WTH,wet_year;nitrogen_stress_year;low_response_year,wet,LCA2023_normal_grid_S0024,pareto_balanced,2023-08-15,227,67,62,"{""sim_day"": 67.0, ""doy"": 227.0, ""topwt"": 12560.3857421875, ""grnwt"": 2852.6498413085938, ""xlai"": 3.785752534866333, ""totir"": 30.0, ""tofer"": NaN, ""swfac"": 0.0, ""nstres"": 0.0}",0.0,0.0,12560.3857421875,2852.6498413085938,3.785752534866333,30.0,,0.0,0.0,30.0,225.0,7.912426757812497,19.912426757812497,Leave_One_experiments/all_year_offline_schedule_search/daily_outputs/LCA/LCA_2023_LCA2023_normal_grid_S0024_daily.csv
LCA,LCA,Luancheng,2023,Leave_One_experiments\wth_generated_qc\LCA\LCA2023.WTH,wet_year;nitrogen_stress_year;low_response_year,wet,LCA2023_normal_grid_S0024,pareto_balanced,2023-08-16,228,68,63,"{""sim_day"": 68.0, ""doy"": 228.0, ""topwt"": 12785.352783203123, ""grnwt"": 3077.616271972656, ""xlai"": 3.7190682888031006, ""totir"": 30.0, ""tofer"": NaN, ""swfac"": 0.0, ""nstres"": 0.0}",0.0,0.0,12785.352783203123,3077.616271972656,3.7190682888031006,30.0,,0.0,0.0,30.0,225.0,7.912426757812497,19.912426757812497,Leave_One_experiments/all_year_offline_schedule_search/daily_outputs/LCA/LCA_2023_LCA2023_normal_grid_S0024_daily.csv
LCA,LCA,Luancheng,2023,Leave_One_experiments\wth_generated_qc\LCA\LCA2023.WTH,wet_year;nitrogen_stress_year;low_response_year,wet,LCA2023_normal_grid_S0024,pareto_balanced,2023-08-17,229,69,64,"{""sim_day"": 69.0, ""doy"": 229.0, ""topwt"": 12991.878662109377, ""grnwt"": 3284.1427612304688, ""xlai"": 3.6429553031921382, ""totir"": 30.0, ""tofer"": NaN, ""swfac"": 0.0, ""nstres"": 0.0}",0.0,0.0,12991.878662109377,3284.1427612304688,3.6429553031921382,30.0,,0.0,0.0,30.0,225.0,7.912426757812497,19.912426757812497,Leave_One_experiments/all_year_offline_schedule_search/daily_outputs/LCA/LCA_2023_LCA2023_normal_grid_S0024_daily.csv
LCA,LCA,Luancheng,2023,Leave_One_experiments\wth_generated_qc\LCA\LCA2023.WTH,wet_year;nitrogen_stress_year;low_response_year,wet,LCA2023_normal_grid_S0024,pareto_balanced,2023-08-18,230,70,65,"{""sim_day"": 70.0, ""doy"": 230.0, ""topwt"": 13261.10107421875, ""grnwt"": 3553.3648681640625, ""xlai"": 3.5655791759490967, ""totir"": 30.0, ""tofer"": NaN, ""swfac"": 0.0, ""nstres"": 0.0}",0.0,0.0,13261.10107421875,3553.3648681640625,3.5655791759490967,30.0,,0.0,0.0,30.0,225.0,7.912426757812497,19.912426757812497,Leave_One_experiments/all_year_offline_schedule_search/daily_outputs/LCA/LCA_2023_LCA2023_normal_grid_S0024_daily.csv
LCA,LCA,Luancheng,2023,Leave_One_experiments\wth_generated_qc\LCA\LCA2023.WTH,wet_year;nitrogen_stress_year;low_response_year,wet,LCA2023_normal_grid_S0024,pareto_balanced,2023-08-19,231,71,66,"{""sim_day"": 71.0, ""doy"": 231.0, ""topwt"": 13522.94677734375, ""grnwt"": 3815.211181640625, ""xlai"": 3.479954242706299, ""totir"": 30.0, ""tofer"": NaN, ""swfac"": 0.0, ""nstres"": 0.0}",0.0,0.0,13522.94677734375,3815.211181640625,3.479954242706299,30.0,,0.0,0.0,30.0,225.0,7.912426757812497,19.912426757812497,Leave_One_experiments/all_year_offline_schedule_search/daily_outputs/LCA/LCA_2023_LCA2023_normal_grid_S0024_daily.csv
LCA,LCA,Luancheng,2023,Leave_One_experiments\wth_generated_qc\LCA\LCA2023.WTH,wet_year;nitrogen_stress_year;low_response_year,wet,LCA2023_normal_grid_S0024,pareto_balanced,2023-08-20,232,72,67,"{""sim_day"": 72.0, ""doy"": 232.0, ""topwt"": 13788.4814453125, ""grnwt"": 4080.7455444335938, ""xlai"": 3.3869760036468506, ""totir"": 30.0, ""tofer"": NaN, ""swfac"": 0.0, ""nstres"": 0.0}",0.0,0.0,13788.4814453125,4080.7455444335938,3.3869760036468506,30.0,,0.0,0.0,30.0,225.0,7.912426757812497,19.912426757812497,Leave_One_experiments/all_year_offline_schedule_search/daily_outputs/LCA/LCA_2023_LCA2023_normal_grid_S0024_daily.csv
LCA,LCA,Luancheng,2023,Leave_One_experiments\wth_generated_qc\LCA\LCA2023.WTH,wet_year;nitrogen_stress_year;low_response_year,wet,LCA2023_normal_grid_S0024,pareto_balanced,2023-08-21,233,73,68,"{""sim_day"": 73.0, ""doy"": 233.0, ""topwt"": 14083.519287109377, ""grnwt"": 4375.78369140625, ""xlai"": 3.2906689643859863, ""totir"": 30.0, ""tofer"": NaN, ""swfac"": 0.0, ""nstres"": 0.0}",0.0,0.0,14083.519287109377,4375.78369140625,3.2906689643859863,30.0,,0.0,0.0,30.0,225.0,7.912426757812497,19.912426757812497,Leave_One_experiments/all_year_offline_schedule_search/daily_outputs/LCA/LCA_2023_LCA2023_normal_grid_S0024_daily.csv
LCA,LCA,Luancheng,2023,Leave_One_experiments\wth_generated_qc\LCA\LCA2023.WTH,wet_year;nitrogen_stress_year;low_response_year,wet,LCA2023_normal_grid_S0024,pareto_balanced,2023-08-22,234,74,69,"{""sim_day"": 74.0, ""doy"": 234.0, ""topwt"": 14378.558349609377, ""grnwt"": 4670.822143554688, ""xlai"": 3.196075677871704, ""totir"": 30.0, ""tofer"": NaN, ""swfac"": 0.0, ""nstres"": 0.0}",0.0,0.0,14378.558349609377,4670.822143554688,3.196075677871704,30.0,,0.0,0.0,30.0,225.0,7.912426757812497,19.912426757812497,Leave_One_experiments/all_year_offline_schedule_search/daily_outputs/LCA/LCA_2023_LCA2023_normal_grid_S0024_daily.csv
LCA,LCA,Luancheng,2023,Leave_One_experiments\wth_generated_qc\LCA\LCA2023.WTH,wet_year;nitrogen_stress_year;low_response_year,wet,LCA2023_normal_grid_S0024,pareto_balanced,2023-08-23,235,75,70,"{""sim_day"": 75.0, ""doy"": 235.0, ""topwt"": 14673.59619140625, ""grnwt"": 4965.860290527344, ""xlai"": 3.102122068405152, ""totir"": 30.0, ""tofer"": NaN, ""swfac"": 0.0, ""nstres"": 0.0}",0.0,0.0,14673.59619140625,4965.860290527344,3.102122068405152,30.0,,0.0,0.0,30.0,225.0,7.912426757812497,19.912426757812497,Leave_One_experiments/all_year_offline_schedule_search/daily_outputs/LCA/LCA_2023_LCA2023_normal_grid_S0024_daily.csv
LCA,LCA,Luancheng,2023,Leave_One_experiments\wth_generated_qc\LCA\LCA2023.WTH,wet_year;nitrogen_stress_year;low_response_year,wet,LCA2023_normal_grid_S0024,pareto_balanced,2023-08-24,236,76,71,"{""sim_day"": 76.0, ""doy"": 236.0, ""topwt"": 14968.634033203123, ""grnwt"": 5260.8984375, ""xlai"": 3.004179716110229, ""totir"": 30.0, ""tofer"": NaN, ""swfac"": 0.0, ""nstres"": 0.0}",0.0,0.0,14968.634033203123,5260.8984375,3.004179716110229,30.0,,0.0,0.0,30.0,225.0,7.912426757812497,19.912426757812497,Leave_One_experiments/all_year_offline_schedule_search/daily_outputs/LCA/LCA_2023_LCA2023_normal_grid_S0024_daily.csv
LCA,LCA,Luancheng,2023,Leave_One_experiments\wth_generated_qc\LCA\LCA2023.WTH,wet_year;nitrogen_stress_year;low_response_year,wet,LCA2023_normal_grid_S0024,pareto_balanced,2023-08-25,237,77,72,"{""sim_day"": 77.0, ""doy"": 237.0, ""topwt"": 15051.7138671875, ""grnwt"": 5555.9368896484375, ""xlai"": 2.913886547088623, ""totir"": 30.0, ""tofer"": NaN, ""swfac"": 0.0, ""nstres"": 0.0}",0.0,0.0,15051.7138671875,5555.9368896484375,2.913886547088623,30.0,,0.0,0.0,30.0,225.0,7.912426757812497,19.912426757812497,Leave_One_experiments/all_year_offline_schedule_search/daily_outputs/LCA/LCA_2023_LCA2023_normal_grid_S0024_daily.csv
LCA,LCA,Luancheng,2023,Leave_One_experiments\wth_generated_qc\LCA\LCA2023.WTH,wet_year;nitrogen_stress_year;low_response_year,wet,LCA2023_normal_grid_S0024,pareto_balanced,2023-08-26,238,78,73,"{""sim_day"": 78.0, ""doy"": 238.0, ""topwt"": 15188.302001953123, ""grnwt"": 5850.975341796875, ""xlai"": 2.82501220703125, ""totir"": 30.0, ""tofer"": NaN, ""swfac"": 0.0, ""nstres"": 0.0}",0.0,0.0,15188.302001953123,5850.975341796875,2.82501220703125,30.0,,0.0,0.0,30.0,225.0,7.912426757812497,19.912426757812497,Leave_One_experiments/all_year_offline_schedule_search/daily_outputs/LCA/LCA_2023_LCA2023_normal_grid_S0024_daily.csv
LCA,LCA,Luancheng,2023,Leave_One_experiments\wth_generated_qc\LCA\LCA2023.WTH,wet_year;nitrogen_stress_year;low_response_year,wet,LCA2023_normal_grid_S0024,pareto_balanced,2023-08-27,239,79,74,"{""sim_day"": 79.0, ""doy"": 239.0, ""topwt"": 15559.129638671877, ""grnwt"": 6146.01318359375, ""xlai"": 2.7161030769348145, ""totir"": 30.0, ""tofer"": NaN, ""swfac"": 0.0, ""nstres"": 0.0}",0.0,0.0,15559.129638671877,6146.01318359375,2.7161030769348145,30.0,,0.0,0.0,30.0,225.0,7.912426757812497,19.912426757812497,Leave_One_experiments/all_year_offline_schedule_search/daily_outputs/LCA/LCA_2023_LCA2023_normal_grid_S0024_daily.csv
LCA,LCA,Luancheng,2023,Leave_One_experiments\wth_generated_qc\LCA\LCA2023.WTH,wet_year;nitrogen_stress_year;low_response_year,wet,LCA2023_normal_grid_S0024,pareto_balanced,2023-08-28,240,80,75,"{""sim_day"": 80.0, ""doy"": 240.0, ""topwt"": 15888.701171875, ""grnwt"": 6441.051635742188, ""xlai"": 2.6002562046051025, ""totir"": 30.0, ""tofer"": NaN, ""swfac"": 0.0, ""nstres"": 0.0}",0.0,0.0,15888.701171875,6441.051635742188,2.6002562046051025,30.0,,0.0,0.0,30.0,225.0,7.912426757812497,19.912426757812497,Leave_One_experiments/all_year_offline_schedule_search/daily_outputs/LCA/LCA_2023_LCA2023_normal_grid_S0024_daily.csv
LCA,LCA,Luancheng,2023,Leave_One_experiments\wth_generated_qc\LCA\LCA2023.WTH,wet_year;nitrogen_stress_year;low_response_year,wet,LCA2023_normal_grid_S0024,pareto_balanced,2023-08-29,241,81,76,"{""sim_day"": 81.0, ""doy"": 241.0, ""topwt"": 16239.012451171877, ""grnwt"": 6736.090087890625, ""xlai"": 2.4726152420043945, ""totir"": 30.0, ""tofer"": NaN, ""swfac"": 0.0, ""nstres"": 0.0}",0.0,0.0,16239.012451171877,6736.090087890625,2.4726152420043945,30.0,,0.0,0.0,30.0,225.0,7.912426757812497,19.912426757812497,Leave_One_experiments/all_year_offline_schedule_search/daily_outputs/LCA/LCA_2023_LCA2023_normal_grid_S0024_daily.csv
LCA,LCA,Luancheng,2023,Leave_One_experiments\wth_generated_qc\LCA\LCA2023.WTH,wet_year;nitrogen_stress_year;low_response_year,wet,LCA2023_normal_grid_S0024,pareto_balanced,2023-08-30,242,82,77,"{""sim_day"": 82.0, ""doy"": 242.0, ""topwt"": 16580.357666015625, ""grnwt"": 7031.1279296875, ""xlai"": 2.33125114440918, ""totir"": 30.0, ""tofer"": NaN, ""swfac"": 0.0, ""nstres"": 0.0}",0.0,0.0,16580.357666015625,7031.1279296875,2.33125114440918,30.0,,0.0,0.0,30.0,225.0,7.912426757812497,19.912426757812497,Leave_One_experiments/all_year_offline_schedule_search/daily_outputs/LCA/LCA_2023_LCA2023_normal_grid_S0024_daily.csv
LCA,LCA,Luancheng,2023,Leave_One_experiments\wth_generated_qc\LCA\LCA2023.WTH,wet_year;nitrogen_stress_year;low_response_year,wet,LCA2023_normal_grid_S0024,pareto_balanced,2023-08-31,243,83,78,"{""sim_day"": 83.0, ""doy"": 243.0, ""topwt"": 16793.2177734375, ""grnwt"": 7326.1663818359375, ""xlai"": 2.1831228733062744, ""totir"": 30.0, ""tofer"": NaN, ""swfac"": 0.0, ""nstres"": 0.0}",0.0,0.0,16793.2177734375,7326.1663818359375,2.1831228733062744,30.0,,0.0,0.0,30.0,225.0,7.912426757812497,19.912426757812497,Leave_One_experiments/all_year_offline_schedule_search/daily_outputs/LCA/LCA_2023_LCA2023_normal_grid_S0024_daily.csv
LCA,LCA,Luancheng,2023,Leave_One_experiments\wth_generated_qc\LCA\LCA2023.WTH,wet_year;nitrogen_stress_year;low_response_year,wet,LCA2023_normal_grid_S0024,pareto_balanced,2023-09-01,244,84,79,"{""sim_day"": 84.0, ""doy"": 244.0, ""topwt"": 17084.67041015625, ""grnwt"": 7621.204833984375, ""xlai"": 2.016594648361206, ""totir"": 30.0, ""tofer"": NaN, ""swfac"": 0.0, ""nstres"": 0.0}",0.0,0.0,17084.67041015625,7621.204833984375,2.016594648361206,30.0,,0.0,0.0,30.0,225.0,7.912426757812497,19.912426757812497,Leave_One_experiments/all_year_offline_schedule_search/daily_outputs/LCA/LCA_2023_LCA2023_normal_grid_S0024_daily.csv
LCA,LCA,Luancheng,2023,Leave_One_experiments\wth_generated_qc\LCA\LCA2023.WTH,wet_year;nitrogen_stress_year;low_response_year,wet,LCA2023_normal_grid_S0024,pareto_balanced,2023-09-02,245,85,80,"{""sim_day"": 85.0, ""doy"": 245.0, ""topwt"": 17404.66552734375, ""grnwt"": 7916.24267578125, ""xlai"": 1.8506319522857664, ""totir"": 30.0, ""tofer"": NaN, ""swfac"": 0.0, ""nstres"": 0.0}",0.0,0.0,17404.66552734375,7916.24267578125,1.8506319522857664,30.0,,0.0,0.0,30.0,225.0,7.912426757812497,19.912426757812497,Leave_One_experiments/all_year_offline_schedule_search/daily_outputs/LCA/LCA_2023_LCA2023_normal_grid_S0024_daily.csv
LCA,LCA,Luancheng,2023,Leave_One_experiments\wth_generated_qc\LCA\LCA2023.WTH,wet_year;nitrogen_stress_year;low_response_year,wet,LCA2023_normal_grid_S0024,pareto_balanced,2023-09-03,246,86,81,"{""sim_day"": 86.0, ""doy"": 246.0, ""topwt"": 17404.66552734375, ""grnwt"": 7916.24267578125, ""xlai"": 1.8506319522857664, ""totir"": 30.0, ""tofer"": NaN, ""swfac"": 0.0, ""nstres"": 0.0}",0.0,0.0,17404.66552734375,7916.24267578125,1.8506319522857664,30.0,,0.0,0.0,30.0,225.0,7.912426757812497,19.912426757812497,Leave_One_experiments/all_year_offline_schedule_search/daily_outputs/LCA/LCA_2023_LCA2023_normal_grid_S0024_daily.csv
LCA,LCA,Luancheng,2023,Leave_One_experiments\wth_generated_qc\LCA\LCA2023.WTH,wet_year;nitrogen_stress_year;low_response_year,wet,LCA2023_normal_grid_S0024,pareto_balanced,2023-09-04,247,87,82,"{""sim_day"": 87.0, ""doy"": 247.0, ""topwt"": 17404.66552734375, ""grnwt"": 7916.24267578125, ""xlai"": 1.8506319522857664, ""totir"": 30.0, ""tofer"": NaN, ""swfac"": 0.0, ""nstres"": 0.0}",0.0,0.0,17404.66552734375,7916.24267578125,1.8506319522857664,30.0,,0.0,0.0,30.0,225.0,7.912426757812497,19.912426757812497,Leave_One_experiments/all_year_offline_schedule_search/daily_outputs/LCA/LCA_2023_LCA2023_normal_grid_S0024_daily.csv
LCA,LCA,Luancheng,2023,Leave_One_experiments\wth_generated_qc\LCA\LCA2023.WTH,wet_year;nitrogen_stress_year;low_response_year,wet,LCA2023_normal_grid_S0024,pareto_balanced,2023-09-05,248,88,83,"{""sim_day"": 88.0, ""doy"": 248.0, ""topwt"": 17404.66552734375, ""grnwt"": 7916.24267578125, ""xlai"": 1.8506319522857664, ""totir"": 30.0, ""tofer"": NaN, ""swfac"": 0.0, ""nstres"": 0.0}",0.0,0.0,17404.66552734375,7916.24267578125,1.8506319522857664,30.0,,0.0,0.0,30.0,225.0,7.912426757812497,19.912426757812497,Leave_One_experiments/all_year_offline_schedule_search/daily_outputs/LCA/LCA_2023_LCA2023_normal_grid_S0024_daily.csv
LCA,LCA,Luancheng,2023,Leave_One_experiments\wth_generated_qc\LCA\LCA2023.WTH,wet_year;nitrogen_stress_year;low_response_year,wet,LCA2023_normal_grid_S0026,pareto_balanced,2023-06-15,166,1,1,"{""sim_day"": 1.0, ""doy"": 166.0, ""topwt"": 0.0, ""grnwt"": 0.0, ""xlai"": 0.0, ""totir"": 0.0, ""tofer"": NaN, ""swfac"": 0.0, ""nstres"": 0.0}",0.0,0.0,0.0,0.0,0.0,0.0,,0.0,75.0,40.0,225.0,2.913647460937497,18.913647460937497,Leave_One_experiments/all_year_offline_schedule_search/daily_outputs/LCA/LCA_2023_LCA2023_normal_grid_S0026_daily.csv
LCA,LCA,Luancheng,2023,Leave_One_experiments\wth_generated_qc\LCA\LCA2023.WTH,wet_year;nitrogen_stress_year;low_response_year,wet,LCA2023_normal_grid_S0026,pareto_balanced,2023-06-16,167,2,2,"{""sim_day"": 2.0, ""doy"": 167.0, ""topwt"": 0.0, ""grnwt"": 0.0, ""xlai"": 0.0, ""totir"": 0.0, ""tofer"": NaN, ""swfac"": 0.0, ""nstres"": 0.0}",0.0,0.0,0.0,0.0,0.0,0.0,,0.0,0.0,40.0,225.0,2.913647460937497,18.913647460937497,Leave_One_experiments/all_year_offline_schedule_search/daily_outputs/LCA/LCA_2023_LCA2023_normal_grid_S0026_daily.csv
LCA,LCA,Luancheng,2023,Leave_One_experiments\wth_generated_qc\LCA\LCA2023.WTH,wet_year;nitrogen_stress_year;low_response_year,wet,LCA2023_normal_grid_S0026,pareto_balanced,2023-06-17,168,3,3,"{""sim_day"": 3.0, ""doy"": 168.0, ""topwt"": 0.0, ""grnwt"": 0.0, ""xlai"": 0.0, ""totir"": 0.0, ""tofer"": NaN, ""swfac"": 0.0, ""nstres"": 0.0}",0.0,0.0,0.0,0.0,0.0,0.0,,0.0,0.0,40.0,225.0,2.913647460937497,18.913647460937497,Leave_One_experiments/all_year_offline_schedule_search/daily_outputs/LCA/LCA_2023_LCA2023_normal_grid_S0026_daily.csv
LCA,LCA,Luancheng,2023,Leave_One_experiments\wth_generated_qc\LCA\LCA2023.WTH,wet_year;nitrogen_stress_year;low_response_year,wet,LCA2023_normal_grid_S0026,pareto_balanced,2023-06-18,169,4,4,"{""sim_day"": 4.0, ""doy"": 169.0, ""topwt"": 0.0, ""grnwt"": 0.0, ""xlai"": 0.0, ""totir"": 0.0, ""tofer"": NaN, ""swfac"": 0.0, ""nstres"": 0.0}",0.0,0.0,0.0,0.0,0.0,0.0,,0.0,0.0,40.0,225.0,2.913647460937497,18.913647460937497,Leave_One_experiments/all_year_offline_schedule_search/daily_outputs/LCA/LCA_2023_LCA2023_normal_grid_S0026_daily.csv
LCA,LCA,Luancheng,2023,Leave_One_experiments\wth_generated_qc\LCA\LCA2023.WTH,wet_year;nitrogen_stress_year;low_response_year,wet,LCA2023_normal_grid_S0026,pareto_balanced,2023-06-19,170,5,5,"{""sim_day"": 5.0, ""doy"": 170.0, ""topwt"": 0.0, ""grnwt"": 0.0, ""xlai"": 0.0, ""totir"": 0.0, ""tofer"": NaN, ""swfac"": 0.0, ""nstres"": 0.0}",0.0,0.0,0.0,0.0,0.0,0.0,,0.0,0.0,40.0,225.0,2.913647460937497,18.913647460937497,Leave_One_experiments/all_year_offline_schedule_search/daily_outputs/LCA/LCA_2023_LCA2023_normal_grid_S0026_daily.csv
LCA,LCA,Luancheng,2023,Leave_One_experiments\wth_generated_qc\LCA\LCA2023.WTH,wet_year;nitrogen_stress_year;low_response_year,wet,LCA2023_normal_grid_S0026,pareto_balanced,2023-06-15,166,6,1,"{""sim_day"": 6.0, ""doy"": 166.0, ""topwt"": 0.0, ""grnwt"": 0.0, ""xlai"": 0.0, ""totir"": 0.0, ""tofer"": NaN, ""swfac"": 0.0, ""nstres"": 0.0}",0.0,0.0,0.0,0.0,0.0,0.0,,0.0,0.0,40.0,225.0,2.913647460937497,18.913647460937497,Leave_One_experiments/all_year_offline_schedule_search/daily_outputs/LCA/LCA_2023_LCA2023_normal_grid_S0026_daily.csv
LCA,LCA,Luancheng,2023,Leave_One_experiments\wth_generated_qc\LCA\LCA2023.WTH,wet_year;nitrogen_stress_year;low_response_year,wet,LCA2023_normal_grid_S0026,pareto_balanced,2023-06-16,167,7,2,"{""sim_day"": 7.0, ""doy"": 167.0, ""topwt"": 0.0, ""grnwt"": 0.0, ""xlai"": 0.0, ""totir"": 0.0, ""tofer"": NaN, ""swfac"": 0.0, ""nstres"": 0.0}",0.0,0.0,0.0,0.0,0.0,0.0,,0.0,0.0,40.0,225.0,2.913647460937497,18.913647460937497,Leave_One_experiments/all_year_offline_schedule_search/daily_outputs/LCA/LCA_2023_LCA2023_normal_grid_S0026_daily.csv
LCA,LCA,Luancheng,2023,Leave_One_experiments\wth_generated_qc\LCA\LCA2023.WTH,wet_year;nitrogen_stress_year;low_response_year,wet,LCA2023_normal_grid_S0026,pareto_balanced,2023-06-17,168,8,3,"{""sim_day"": 8.0, ""doy"": 168.0, ""topwt"": 0.0, ""grnwt"": 0.0, ""xlai"": 0.0, ""totir"": 0.0, ""tofer"": NaN, ""swfac"": 0.0, ""nstres"": 0.0}",0.0,0.0,0.0,0.0,0.0,0.0,,0.0,0.0,40.0,225.0,2.913647460937497,18.913647460937497,Leave_One_experiments/all_year_offline_schedule_search/daily_outputs/LCA/LCA_2023_LCA2023_normal_grid_S0026_daily.csv
LCA,LCA,Luancheng,2023,Leave_One_experiments\wth_generated_qc\LCA\LCA2023.WTH,wet_year;nitrogen_stress_year;low_response_year,wet,LCA2023_normal_grid_S0026,pareto_balanced,2023-06-18,169,9,4,"{""sim_day"": 9.0, ""doy"": 169.0, ""topwt"": 0.0, ""grnwt"": 0.0, ""xlai"": 0.0, ""totir"": 0.0, ""tofer"": NaN, ""swfac"": 0.0, ""nstres"": 0.0}",0.0,0.0,0.0,0.0,0.0,0.0,,0.0,0.0,40.0,225.0,2.913647460937497,18.913647460937497,Leave_One_experiments/all_year_offline_schedule_search/daily_outputs/LCA/LCA_2023_LCA2023_normal_grid_S0026_daily.csv
LCA,LCA,Luancheng,2023,Leave_One_experiments\wth_generated_qc\LCA\LCA2023.WTH,wet_year;nitrogen_stress_year;low_response_year,wet,LCA2023_normal_grid_S0026,pareto_balanced,2023-06-19,170,10,5,"{""sim_day"": 10.0, ""doy"": 170.0, ""topwt"": 23.600001335144043, ""grnwt"": 0.0, ""xlai"": 0.0054826610721647, ""totir"": 0.0, ""tofer"": NaN, ""swfac"": 0.0, ""nstres"": 0.0121910572052001}",0.0,0.0121910572052001,23.600001335144043,0.0,0.0054826610721647,0.0,,0.0,0.0,40.0,225.0,2.913647460937497,18.913647460937497,Leave_One_experiments/all_year_offline_schedule_search/daily_outputs/LCA/LCA_2023_LCA2023_normal_grid_S0026_daily.csv
LCA,LCA,Luancheng,2023,Leave_One_experiments\wth_generated_qc\LCA\LCA2023.WTH,wet_year;nitrogen_stress_year;low_response_year,wet,LCA2023_normal_grid_S0026,pareto_balanced,2023-06-20,171,11,6,"{""sim_day"": 11.0, ""doy"": 171.0, ""topwt"": 23.600001335144043, ""grnwt"": 0.0, ""xlai"": 0.0118592446669936, ""totir"": 0.0, ""tofer"": NaN, ""swfac"": 0.0, ""nstres"": 0.0074677467346191}",0.0,0.0074677467346191,23.600001335144043,0.0,0.0118592446669936,0.0,,0.0,0.0,40.0,225.0,2.913647460937497,18.913647460937497,Leave_One_experiments/all_year_offline_schedule_search/daily_outputs/LCA/LCA_2023_LCA2023_normal_grid_S0026_daily.csv
LCA,LCA,Luancheng,2023,Leave_One_experiments\wth_generated_qc\LCA\LCA2023.WTH,wet_year;nitrogen_stress_year;low_response_year,wet,LCA2023_normal_grid_S0026,pareto_balanced,2023-06-21,172,12,7,"{""sim_day"": 12.0, ""doy"": 172.0, ""topwt"": 23.600001335144043, ""grnwt"": 0.0, ""xlai"": 0.034156609326601, ""totir"": 0.0, ""tofer"": NaN, ""swfac"": 0.0, ""nstres"": 0.0}",0.0,0.0,23.600001335144043,0.0,0.034156609326601,0.0,,0.0,0.0,40.0,225.0,2.913647460937497,18.913647460937497,Leave_One_experiments/all_year_offline_schedule_search/daily_outputs/LCA/LCA_2023_LCA2023_normal_grid_S0026_daily.csv
LCA,LCA,Luancheng,2023,Leave_One_experiments\wth_generated_qc\LCA\LCA2023.WTH,wet_year;nitrogen_stress_year;low_response_year,wet,LCA2023_normal_grid_S0026,pareto_balanced,2023-06-22,173,13,8,"{""sim_day"": 13.0, ""doy"": 173.0, ""topwt"": 32.68338441848755, ""grnwt"": 0.0, ""xlai"": 0.0639842227101326, ""totir"": 0.0, ""tofer"": NaN, ""swfac"": 0.0, ""nstres"": 0.0}",0.0,0.0,32.68338441848755,0.0,0.0639842227101326,0.0,,0.0,0.0,40.0,225.0,2.913647460937497,18.913647460937497,Leave_One_experiments/all_year_offline_schedule_search/daily_outputs/LCA/LCA_2023_LCA2023_normal_grid_S0026_daily.csv
LCA,LCA,Luancheng,2023,Leave_One_experiments\wth_generated_qc\LCA\LCA2023.WTH,wet_year;nitrogen_stress_year;low_response_year,wet,LCA2023_normal_grid_S0026,pareto_balanced,2023-06-23,174,14,9,"{""sim_day"": 14.0, ""doy"": 174.0, ""topwt"": 49.18990135192871, ""grnwt"": 0.0, ""xlai"": 0.1017766818404197, ""totir"": 0.0, ""tofer"": NaN, ""swfac"": 0.0, ""nstres"": 0.0}",0.0,0.0,49.18990135192871,0.0,0.1017766818404197,0.0,,0.0,0.0,40.0,225.0,2.913647460937497,18.913647460937497,Leave_One_experiments/all_year_offline_schedule_search/daily_outputs/LCA/LCA_2023_LCA2023_normal_grid_S0026_daily.csv
LCA,LCA,Luancheng,2023,Leave_One_experiments\wth_generated_qc\LCA\LCA2023.WTH,wet_year;nitrogen_stress_year;low_response_year,wet,LCA2023_normal_grid_S0026,pareto_balanced,2023-06-24,175,15,10,"{""sim_day"": 15.0, ""doy"": 175.0, ""topwt"": 69.92221355438232, ""grnwt"": 0.0, ""xlai"": 0.14459128677845, ""totir"": 0.0, ""tofer"": NaN, ""swfac"": 0.0, ""nstres"": 0.0}",0.0,0.0,69.92221355438232,0.0,0.14459128677845,0.0,,0.0,0.0,40.0,225.0,2.913647460937497,18.913647460937497,Leave_One_experiments/all_year_offline_schedule_search/daily_outputs/LCA/LCA_2023_LCA2023_normal_grid_S0026_daily.csv
LCA,LCA,Luancheng,2023,Leave_One_experiments\wth_generated_qc\LCA\LCA2023.WTH,wet_year;nitrogen_stress_year;low_response_year,wet,LCA2023_normal_grid_S0026,pareto_balanced,2023-06-25,176,16,11,"{""sim_day"": 16.0, ""doy"": 176.0, ""topwt"": 94.62953567504884, ""grnwt"": 0.0, ""xlai"": 0.1916293352842331, ""totir"": 0.0, ""tofer"": NaN, ""swfac"": 0.0, ""nstres"": 0.0}",0.0,0.0,94.62953567504884,0.0,0.1916293352842331,0.0,,0.0,0.0,40.0,225.0,2.913647460937497,18.913647460937497,Leave_One_experiments/all_year_offline_schedule_search/daily_outputs/LCA/LCA_2023_LCA2023_normal_grid_S0026_daily.csv
LCA,LCA,Luancheng,2023,Leave_One_experiments\wth_generated_qc\LCA\LCA2023.WTH,wet_year;nitrogen_stress_year;low_response_year,wet,LCA2023_normal_grid_S0026,pareto_balanced,2023-06-26,177,17,12,"{""sim_day"": 17.0, ""doy"": 177.0, ""topwt"": 127.38264083862305, ""grnwt"": 0.0, ""xlai"": 0.2497031688690185, ""totir"": 0.0, ""tofer"": NaN, ""swfac"": 0.0, ""nstres"": 0.0}",0.0,0.0,127.38264083862305,0.0,0.2497031688690185,0.0,,0.0,0.0,40.0,225.0,2.913647460937497,18.913647460937497,Leave_One_experiments/all_year_offline_schedule_search/daily_outputs/LCA/LCA_2023_LCA2023_normal_grid_S0026_daily.csv
LCA,LCA,Luancheng,2023,Leave_One_experiments\wth_generated_qc\LCA\LCA2023.WTH,wet_year;nitrogen_stress_year;low_response_year,wet,LCA2023_normal_grid_S0026,pareto_balanced,2023-06-27,178,18,13,"{""sim_day"": 18.0, ""doy"": 178.0, ""topwt"": 150.78413009643555, ""grnwt"": 0.0, ""xlai"": 0.3086592853069305, ""totir"": 0.0, ""tofer"": NaN, ""swfac"": 0.0, ""nstres"": 0.0}",0.0,0.0,150.78413009643555,0.0,0.3086592853069305,0.0,,0.0,0.0,40.0,225.0,2.913647460937497,18.913647460937497,Leave_One_experiments/all_year_offline_schedule_search/daily_outputs/LCA/LCA_2023_LCA2023_normal_grid_S0026_daily.csv
LCA,LCA,Luancheng,2023,Leave_One_experiments\wth_generated_qc\LCA\LCA2023.WTH,wet_year;nitrogen_stress_year;low_response_year,wet,LCA2023_normal_grid_S0026,pareto_balanced,2023-06-28,179,19,14,"{""sim_day"": 19.0, ""doy"": 179.0, ""topwt"": 202.20043182373047, ""grnwt"": 0.0, ""xlai"": 0.3962660431861877, ""totir"": 0.0, ""tofer"": NaN, ""swfac"": 0.0, ""nstres"": 0.0007663965225219}",0.0,0.0007663965225219,202.20043182373047,0.0,0.3962660431861877,0.0,,0.0,0.0,40.0,225.0,2.913647460937497,18.913647460937497,Leave_One_experiments/all_year_offline_schedule_search/daily_outputs/LCA/LCA_2023_LCA2023_normal_grid_S0026_daily.csv
LCA,LCA,Luancheng,2023,Leave_One_experiments\wth_generated_qc\LCA\LCA2023.WTH,wet_year;nitrogen_stress_year;low_response_year,wet,LCA2023_normal_grid_S0026,pareto_balanced,2023-06-29,180,20,15,"{""sim_day"": 20.0, ""doy"": 180.0, ""topwt"": 271.50779724121094, ""grnwt"": 0.0, ""xlai"": 0.5069241523742676, ""totir"": 0.0, ""tofer"": NaN, ""swfac"": 0.0, ""nstres"": 0.0}",0.0,0.0,271.50779724121094,0.0,0.5069241523742676,0.0,,0.0,0.0,40.0,225.0,2.913647460937497,18.913647460937497,Leave_One_experiments/all_year_offline_schedule_search/daily_outputs/LCA/LCA_2023_LCA2023_normal_grid_S0026_daily.csv
LCA,LCA,Luancheng,2023,Leave_One_experiments\wth_generated_qc\LCA\LCA2023.WTH,wet_year;nitrogen_stress_year;low_response_year,wet,LCA2023_normal_grid_S0026,pareto_balanced,2023-06-30,181,21,16,"{""sim_day"": 21.0, ""doy"": 181.0, ""topwt"": 354.84424591064453, ""grnwt"": 0.0, ""xlai"": 0.6320288181304932, ""totir"": 0.0, ""tofer"": NaN, ""swfac"": 0.0, ""nstres"": 0.0}",0.0,0.0,354.84424591064453,0.0,0.6320288181304932,0.0,,0.0,0.0,40.0,225.0,2.913647460937497,18.913647460937497,Leave_One_experiments/all_year_offline_schedule_search/daily_outputs/LCA/LCA_2023_LCA2023_normal_grid_S0026_daily.csv
LCA,LCA,Luancheng,2023,Leave_One_experiments\wth_generated_qc\LCA\LCA2023.WTH,wet_year;nitrogen_stress_year;low_response_year,wet,LCA2023_normal_grid_S0026,pareto_balanced,2023-07-01,182,22,17,"{""sim_day"": 22.0, ""doy"": 182.0, ""topwt"": 457.6225662231445, ""grnwt"": 0.0, ""xlai"": 0.7777776718139648, ""totir"": 0.0, ""tofer"": NaN, ""swfac"": 0.0, ""nstres"": 0.0}",0.0,0.0,457.6225662231445,0.0,0.7777776718139648,0.0,,0.0,0.0,40.0,225.0,2.913647460937497,18.913647460937497,Leave_One_experiments/all_year_offline_schedule_search/daily_outputs/LCA/LCA_2023_LCA2023_normal_grid_S0026_daily.csv
LCA,LCA,Luancheng,2023,Leave_One_experiments\wth_generated_qc\LCA\LCA2023.WTH,wet_year;nitrogen_stress_year;low_response_year,wet,LCA2023_normal_grid_S0026,pareto_balanced,2023-07-02,183,23,18,"{""sim_day"": 23.0, ""doy"": 183.0, ""topwt"": 515.0072860717773, ""grnwt"": 0.0, ""xlai"": 0.8552907705307007, ""totir"": 0.0, ""tofer"": NaN, ""swfac"": 0.0, ""nstres"": 0.0}",0.0,0.0,515.0072860717773,0.0,0.8552907705307007,0.0,,0.0,0.0,40.0,225.0,2.913647460937497,18.913647460937497,Leave_One_experiments/all_year_offline_schedule_search/daily_outputs/LCA/LCA_2023_LCA2023_normal_grid_S0026_daily.csv
LCA,LCA,Luancheng,2023,Leave_One_experiments\wth_generated_qc\LCA\LCA2023.WTH,wet_year;nitrogen_stress_year;low_response_year,wet,LCA2023_normal_grid_S0026,pareto_balanced,2023-07-03,184,24,19,"{""sim_day"": 24.0, ""doy"": 184.0, ""topwt"": 633.8808822631836, ""grnwt"": 0.0, ""xlai"": 1.010382890701294, ""totir"": 0.0, ""tofer"": NaN, ""swfac"": 0.0, ""nstres"": 0.0}",0.0,0.0,633.8808822631836,0.0,1.010382890701294,0.0,,0.0,0.0,40.0,225.0,2.913647460937497,18.913647460937497,Leave_One_experiments/all_year_offline_schedule_search/daily_outputs/LCA/LCA_2023_LCA2023_normal_grid_S0026_daily.csv
LCA,LCA,Luancheng,2023,Leave_One_experiments\wth_generated_qc\LCA\LCA2023.WTH,wet_year;nitrogen_stress_year;low_response_year,wet,LCA2023_normal_grid_S0026,pareto_balanced,2023-07-04,185,25,20,"{""sim_day"": 25.0, ""doy"": 185.0, ""topwt"": 793.0146026611328, ""grnwt"": 0.0, ""xlai"": 1.2128026485443115, ""totir"": 0.0, ""tofer"": NaN, ""swfac"": 0.0, ""nstres"": 0.0}",0.0,0.0,793.0146026611328,0.0,1.2128026485443115,0.0,,0.0,0.0,40.0,225.0,2.913647460937497,18.913647460937497,Leave_One_experiments/all_year_offline_schedule_search/daily_outputs/LCA/LCA_2023_LCA2023_normal_grid_S0026_daily.csv
LCA,LCA,Luancheng,2023,Leave_One_experiments\wth_generated_qc\LCA\LCA2023.WTH,wet_year;nitrogen_stress_year;low_response_year,wet,LCA2023_normal_grid_S0026,pareto_balanced,2023-07-05,186,26,21,"{""sim_day"": 26.0, ""doy"": 186.0, ""topwt"": 976.3417053222656, ""grnwt"": 0.0, ""xlai"": 1.4291614294052124, ""totir"": 0.0, ""tofer"": NaN, ""swfac"": 0.0, ""nstres"": 0.0}",0.0,0.0,976.3417053222656,0.0,1.4291614294052124,0.0,,0.0,0.0,40.0,225.0,2.913647460937497,18.913647460937497,Leave_One_experiments/all_year_offline_schedule_search/daily_outputs/LCA/LCA_2023_LCA2023_normal_grid_S0026_daily.csv
LCA,LCA,Luancheng,2023,Leave_One_experiments\wth_generated_qc\LCA\LCA2023.WTH,wet_year;nitrogen_stress_year;low_response_year,wet,LCA2023_normal_grid_S0026,pareto_balanced,2023-07-06,187,27,22,"{""sim_day"": 27.0, ""doy"": 187.0, ""topwt"": 1178.4024810791016, ""grnwt"": 0.0, ""xlai"": 1.64866304397583, ""totir"": 0.0, ""tofer"": NaN, ""swfac"": 0.0, ""nstres"": 0.0}",0.0,0.0,1178.4024810791016,0.0,1.64866304397583,0.0,,0.0,0.0,40.0,225.0,2.913647460937497,18.913647460937497,Leave_One_experiments/all_year_offline_schedule_search/daily_outputs/LCA/LCA_2023_LCA2023_normal_grid_S0026_daily.csv
LCA,LCA,Luancheng,2023,Leave_One_experiments\wth_generated_qc\LCA\LCA2023.WTH,wet_year;nitrogen_stress_year;low_response_year,wet,LCA2023_normal_grid_S0026,pareto_balanced,2023-07-07,188,28,23,"{""sim_day"": 28.0, ""doy"": 188.0, ""topwt"": 1394.6070861816406, ""grnwt"": 0.0, ""xlai"": 1.8638944625854488, ""totir"": 0.0, ""tofer"": NaN, ""swfac"": 0.0, ""nstres"": 0.0}",0.0,0.0,1394.6070861816406,0.0,1.8638944625854488,0.0,,0.0,0.0,40.0,225.0,2.913647460937497,18.913647460937497,Leave_One_experiments/all_year_offline_schedule_search/daily_outputs/LCA/LCA_2023_LCA2023_normal_grid_S0026_daily.csv
LCA,LCA,Luancheng,2023,Leave_One_experiments\wth_generated_qc\LCA\LCA2023.WTH,wet_year;nitrogen_stress_year;low_response_year,wet,LCA2023_normal_grid_S0026,pareto_balanced,2023-07-08,189,29,24,"{""sim_day"": 29.0, ""doy"": 189.0, ""topwt"": 1636.56982421875, ""grnwt"": 0.0, ""xlai"": 2.0833094120025635, ""totir"": 0.0, ""tofer"": NaN, ""swfac"": 0.0, ""nstres"": 0.0}",0.0,0.0,1636.56982421875,0.0,2.0833094120025635,0.0,,0.0,0.0,40.0,225.0,2.913647460937497,18.913647460937497,Leave_One_experiments/all_year_offline_schedule_search/daily_outputs/LCA/LCA_2023_LCA2023_normal_grid_S0026_daily.csv
LCA,LCA,Luancheng,2023,Leave_One_experiments\wth_generated_qc\LCA\LCA2023.WTH,wet_year;nitrogen_stress_year;low_response_year,wet,LCA2023_normal_grid_S0026,pareto_balanced,2023-07-09,190,30,25,"{""sim_day"": 30.0, ""doy"": 190.0, ""topwt"": 1906.4051818847656, ""grnwt"": 0.0, ""xlai"": 2.3050482273101807, ""totir"": 0.0, ""tofer"": NaN, ""swfac"": 0.0, ""nstres"": 0.0}",0.0,0.0,1906.4051818847656,0.0,2.3050482273101807,0.0,,0.0,0.0,40.0,225.0,2.913647460937497,18.913647460937497,Leave_One_experiments/all_year_offline_schedule_search/daily_outputs/LCA/LCA_2023_LCA2023_normal_grid_S0026_daily.csv
LCA,LCA,Luancheng,2023,Leave_One_experiments\wth_generated_qc\LCA\LCA2023.WTH,wet_year;nitrogen_stress_year;low_response_year,wet,LCA2023_normal_grid_S0026,pareto_balanced,2023-07-10,191,31,26,"{""sim_day"": 31.0, ""doy"": 191.0, ""topwt"": 2161.7855834960938, ""grnwt"": 0.0, ""xlai"": 2.49442982673645, ""totir"": 0.0, ""tofer"": NaN, ""swfac"": 0.0, ""nstres"": 0.0}",0.0,0.0,2161.7855834960938,0.0,2.49442982673645,0.0,,0.0,0.0,40.0,225.0,2.913647460937497,18.913647460937497,Leave_One_experiments/all_year_offline_schedule_search/daily_outputs/LCA/LCA_2023_LCA2023_normal_grid_S0026_daily.csv
LCA,LCA,Luancheng,2023,Leave_One_experiments\wth_generated_qc\LCA\LCA2023.WTH,wet_year;nitrogen_stress_year;low_response_year,wet,LCA2023_normal_grid_S0026,pareto_balanced,2023-07-11,192,32,27,"{""sim_day"": 32.0, ""doy"": 192.0, ""topwt"": 2201.3182067871094, ""grnwt"": 0.0, ""xlai"": 2.5212178230285645, ""totir"": 0.0, ""tofer"": NaN, ""swfac"": 0.0, ""nstres"": 0.0}",0.0,0.0,2201.3182067871094,0.0,2.5212178230285645,0.0,,0.0,0.0,40.0,225.0,2.913647460937497,18.913647460937497,Leave_One_experiments/all_year_offline_schedule_search/daily_outputs/LCA/LCA_2023_LCA2023_normal_grid_S0026_daily.csv
LCA,LCA,Luancheng,2023,Leave_One_experiments\wth_generated_qc\LCA\LCA2023.WTH,wet_year;nitrogen_stress_year;low_response_year,wet,LCA2023_normal_grid_S0026,pareto_balanced,2023-07-12,193,33,28,"{""sim_day"": 33.0, ""doy"": 193.0, ""topwt"": 2398.231964111328, ""grnwt"": 0.0, ""xlai"": 2.645535469055176, ""totir"": 0.0, ""tofer"": NaN, ""swfac"": 0.0, ""nstres"": 0.0}",0.0,0.0,2398.231964111328,0.0,2.645535469055176,0.0,,0.0,0.0,40.0,225.0,2.913647460937497,18.913647460937497,Leave_One_experiments/all_year_offline_schedule_search/daily_outputs/LCA/LCA_2023_LCA2023_normal_grid_S0026_daily.csv
LCA,LCA,Luancheng,2023,Leave_One_experiments\wth_generated_qc\LCA\LCA2023.WTH,wet_year;nitrogen_stress_year;low_response_year,wet,LCA2023_normal_grid_S0026,pareto_balanced,2023-07-13,194,34,29,"{""sim_day"": 34.0, ""doy"": 194.0, ""topwt"": 2766.976623535156, ""grnwt"": 0.0, ""xlai"": 2.8564226627349854, ""totir"": 0.0, ""tofer"": NaN, ""swfac"": 0.0, ""nstres"": 0.0}",0.0,0.0,2766.976623535156,0.0,2.8564226627349854,0.0,,0.0,0.0,40.0,225.0,2.913647460937497,18.913647460937497,Leave_One_experiments/all_year_offline_schedule_search/daily_outputs/LCA/LCA_2023_LCA2023_normal_grid_S0026_daily.csv
LCA,LCA,Luancheng,2023,Leave_One_experiments\wth_generated_qc\LCA\LCA2023.WTH,wet_year;nitrogen_stress_year;low_response_year,wet,LCA2023_normal_grid_S0026,pareto_balanced,2023-07-14,195,35,30,"{""sim_day"": 35.0, ""doy"": 195.0, ""topwt"": 3201.5768432617188, ""grnwt"": 0.0, ""xlai"": 3.079785823822021, ""totir"": 0.0, ""tofer"": NaN, ""swfac"": 0.0, ""nstres"": 0.0}",0.0,0.0,3201.5768432617188,0.0,3.079785823822021,0.0,,0.0,75.0,40.0,225.0,2.913647460937497,18.913647460937497,Leave_One_experiments/all_year_offline_schedule_search/daily_outputs/LCA/LCA_2023_LCA2023_normal_grid_S0026_daily.csv
LCA,LCA,Luancheng,2023,Leave_One_experiments\wth_generated_qc\LCA\LCA2023.WTH,wet_year;nitrogen_stress_year;low_response_year,wet,LCA2023_normal_grid_S0026,pareto_balanced,2023-07-15,196,36,31,"{""sim_day"": 36.0, ""doy"": 196.0, ""topwt"": 3502.9330444335938, ""grnwt"": 0.0, ""xlai"": 3.221173048019409, ""totir"": 0.0, ""tofer"": NaN, ""swfac"": 0.0, ""nstres"": 0.0}",0.0,0.0,3502.9330444335938,0.0,3.221173048019409,0.0,,0.0,0.0,40.0,225.0,2.913647460937497,18.913647460937497,Leave_One_experiments/all_year_offline_schedule_search/daily_outputs/LCA/LCA_2023_LCA2023_normal_grid_S0026_daily.csv
LCA,LCA,Luancheng,2023,Leave_One_experiments\wth_generated_qc\LCA\LCA2023.WTH,wet_year;nitrogen_stress_year;low_response_year,wet,LCA2023_normal_grid_S0026,pareto_balanced,2023-07-16,197,37,32,"{""sim_day"": 37.0, ""doy"": 197.0, ""topwt"": 3913.4320068359375, ""grnwt"": 0.0, ""xlai"": 3.3797733783721924, ""totir"": 0.0, ""tofer"": NaN, ""swfac"": 0.0, ""nstres"": 0.0418858528137207}",0.0,0.0418858528137207,3913.4320068359375,0.0,3.3797733783721924,0.0,,0.0,0.0,40.0,225.0,2.913647460937497,18.913647460937497,Leave_One_experiments/all_year_offline_schedule_search/daily_outputs/LCA/LCA_2023_LCA2023_normal_grid_S0026_daily.csv
LCA,LCA,Luancheng,2023,Leave_One_experiments\wth_generated_qc\LCA\LCA2023.WTH,wet_year;nitrogen_stress_year;low_response_year,wet,LCA2023_normal_grid_S0026,pareto_balanced,2023-07-17,198,38,33,"{""sim_day"": 38.0, ""doy"": 198.0, ""topwt"": 4362.3809814453125, ""grnwt"": 0.0, ""xlai"": 3.592016220092773, ""totir"": 0.0, ""tofer"": NaN, ""swfac"": 0.0, ""nstres"": 0.0576000213623046}",0.0,0.0576000213623046,4362.3809814453125,0.0,3.592016220092773,0.0,,0.0,0.0,40.0,225.0,2.913647460937497,18.913647460937497,Leave_One_experiments/all_year_offline_schedule_search/daily_outputs/LCA/LCA_2023_LCA2023_normal_grid_S0026_daily.csv
LCA,LCA,Luancheng,2023,Leave_One_experiments\wth_generated_qc\LCA\LCA2023.WTH,wet_year;nitrogen_stress_year;low_response_year,wet,LCA2023_normal_grid_S0026,pareto_balanced,2023-07-18,199,39,34,"{""sim_day"": 39.0, ""doy"": 199.0, ""topwt"": 4782.895202636719, ""grnwt"": 0.0, ""xlai"": 3.7183659076690674, ""totir"": 0.0, ""tofer"": NaN, ""swfac"": 0.0, ""nstres"": 0.0877580642700195}",0.0,0.0877580642700195,4782.895202636719,0.0,3.7183659076690674,0.0,,0.0,0.0,40.0,225.0,2.913647460937497,18.913647460937497,Leave_One_experiments/all_year_offline_schedule_search/daily_outputs/LCA/LCA_2023_LCA2023_normal_grid_S0026_daily.csv
LCA,LCA,Luancheng,2023,Leave_One_experiments\wth_generated_qc\LCA\LCA2023.WTH,wet_year;nitrogen_stress_year;low_response_year,wet,LCA2023_normal_grid_S0026,pareto_balanced,2023-07-19,200,40,35,"{""sim_day"": 40.0, ""doy"": 200.0, ""topwt"": 5107.933044433594, ""grnwt"": 0.0, ""xlai"": 3.772237777709961, ""totir"": 40.0, ""tofer"": NaN, ""swfac"": 0.0, ""nstres"": 0.1177232265472412}",0.0,0.1177232265472412,5107.933044433594,0.0,3.772237777709961,40.0,,40.0,0.0,40.0,225.0,2.913647460937497,18.913647460937497,Leave_One_experiments/all_year_offline_schedule_search/daily_outputs/LCA/LCA_2023_LCA2023_normal_grid_S0026_daily.csv
LCA,LCA,Luancheng,2023,Leave_One_experiments\wth_generated_qc\LCA\LCA2023.WTH,wet_year;nitrogen_stress_year;low_response_year,wet,LCA2023_normal_grid_S0026,pareto_balanced,2023-07-20,201,41,36,"{""sim_day"": 41.0, ""doy"": 201.0, ""topwt"": 5221.224365234375, ""grnwt"": 0.0, ""xlai"": 3.7810616493225098, ""totir"": 40.0, ""tofer"": NaN, ""swfac"": 0.0, ""nstres"": 0.0536852478981018}",0.0,0.0536852478981018,5221.224365234375,0.0,3.7810616493225098,40.0,,0.0,0.0,40.0,225.0,2.913647460937497,18.913647460937497,Leave_One_experiments/all_year_offline_schedule_search/daily_outputs/LCA/LCA_2023_LCA2023_normal_grid_S0026_daily.csv
LCA,LCA,Luancheng,2023,Leave_One_experiments\wth_generated_qc\LCA\LCA2023.WTH,wet_year;nitrogen_stress_year;low_response_year,wet,LCA2023_normal_grid_S0026,pareto_balanced,2023-07-21,202,42,37,"{""sim_day"": 42.0, ""doy"": 202.0, ""topwt"": 5608.9398193359375, ""grnwt"": 0.0, ""xlai"": 3.8904671669006343, ""totir"": 40.0, ""tofer"": NaN, ""swfac"": 0.0, ""nstres"": 0.0}",0.0,0.0,5608.9398193359375,0.0,3.8904671669006343,40.0,,0.0,0.0,40.0,225.0,2.913647460937497,18.913647460937497,Leave_One_experiments/all_year_offline_schedule_search/daily_outputs/LCA/LCA_2023_LCA2023_normal_grid_S0026_daily.csv
LCA,LCA,Luancheng,2023,Leave_One_experiments\wth_generated_qc\LCA\LCA2023.WTH,wet_year;nitrogen_stress_year;low_response_year,wet,LCA2023_normal_grid_S0026,pareto_balanced,2023-07-22,203,43,38,"{""sim_day"": 43.0, ""doy"": 203.0, ""topwt"": 6049.567260742188, ""grnwt"": 0.0, ""xlai"": 4.005670547485352, ""totir"": 40.0, ""tofer"": NaN, ""swfac"": 0.0, ""nstres"": 0.0}",0.0,0.0,6049.567260742188,0.0,4.005670547485352,40.0,,0.0,0.0,40.0,225.0,2.913647460937497,18.913647460937497,Leave_One_experiments/all_year_offline_schedule_search/daily_outputs/LCA/LCA_2023_LCA2023_normal_grid_S0026_daily.csv
LCA,LCA,Luancheng,2023,Leave_One_experiments\wth_generated_qc\LCA\LCA2023.WTH,wet_year;nitrogen_stress_year;low_response_year,wet,LCA2023_normal_grid_S0026,pareto_balanced,2023-07-23,204,44,39,"{""sim_day"": 44.0, ""doy"": 204.0, ""topwt"": 6414.2706298828125, ""grnwt"": 0.0, ""xlai"": 4.0946879386901855, ""totir"": 40.0, ""tofer"": NaN, ""swfac"": 0.0, ""nstres"": 0.0}",0.0,0.0,6414.2706298828125,0.0,4.0946879386901855,40.0,,0.0,0.0,40.0,225.0,2.913647460937497,18.913647460937497,Leave_One_experiments/all_year_offline_schedule_search/daily_outputs/LCA/LCA_2023_LCA2023_normal_grid_S0026_daily.csv
LCA,LCA,Luancheng,2023,Leave_One_experiments\wth_generated_qc\LCA\LCA2023.WTH,wet_year;nitrogen_stress_year;low_response_year,wet,LCA2023_normal_grid_S0026,pareto_balanced,2023-07-24,205,45,40,"{""sim_day"": 45.0, ""doy"": 205.0, ""topwt"": 6814.269409179688, ""grnwt"": 0.0, ""xlai"": 4.184298992156982, ""totir"": 40.0, ""tofer"": NaN, ""swfac"": 0.0, ""nstres"": 0.0}",0.0,0.0,6814.269409179688,0.0,4.184298992156982,40.0,,0.0,0.0,40.0,225.0,2.913647460937497,18.913647460937497,Leave_One_experiments/all_year_offline_schedule_search/daily_outputs/LCA/LCA_2023_LCA2023_normal_grid_S0026_daily.csv
LCA,LCA,Luancheng,2023,Leave_One_experiments\wth_generated_qc\LCA\LCA2023.WTH,wet_year;nitrogen_stress_year;low_response_year,wet,LCA2023_normal_grid_S0026,pareto_balanced,2023-07-25,206,46,41,"{""sim_day"": 46.0, ""doy"": 206.0, ""topwt"": 7253.20068359375, ""grnwt"": 0.0, ""xlai"": 4.2796783447265625, ""totir"": 40.0, ""tofer"": NaN, ""swfac"": 0.0, ""nstres"": 0.0}",0.0,0.0,7253.20068359375,0.0,4.2796783447265625,40.0,,0.0,0.0,40.0,225.0,2.913647460937497,18.913647460937497,Leave_One_experiments/all_year_offline_schedule_search/daily_outputs/LCA/LCA_2023_LCA2023_normal_grid_S0026_daily.csv
LCA,LCA,Luancheng,2023,Leave_One_experiments\wth_generated_qc\LCA\LCA2023.WTH,wet_year;nitrogen_stress_year;low_response_year,wet,LCA2023_normal_grid_S0026,pareto_balanced,2023-07-26,207,47,42,"{""sim_day"": 47.0, ""doy"": 207.0, ""topwt"": 7678.9385986328125, ""grnwt"": 0.0, ""xlai"": 4.368372440338135, ""totir"": 40.0, ""tofer"": NaN, ""swfac"": 0.0, ""nstres"": 0.0}",0.0,0.0,7678.9385986328125,0.0,4.368372440338135,40.0,,0.0,0.0,40.0,225.0,2.913647460937497,18.913647460937497,Leave_One_experiments/all_year_offline_schedule_search/daily_outputs/LCA/LCA_2023_LCA2023_normal_grid_S0026_daily.csv
LCA,LCA,Luancheng,2023,Leave_One_experiments\wth_generated_qc\LCA\LCA2023.WTH,wet_year;nitrogen_stress_year;low_response_year,wet,LCA2023_normal_grid_S0026,pareto_balanced,2023-07-27,208,48,43,"{""sim_day"": 48.0, ""doy"": 208.0, ""topwt"": 7864.4287109375, ""grnwt"": 0.0, ""xlai"": 4.397994041442871, ""totir"": 40.0, ""tofer"": NaN, ""swfac"": 0.0, ""nstres"": 0.0}",0.0,0.0,7864.4287109375,0.0,4.397994041442871,40.0,,0.0,0.0,40.0,225.0,2.913647460937497,18.913647460937497,Leave_One_experiments/all_year_offline_schedule_search/daily_outputs/LCA/LCA_2023_LCA2023_normal_grid_S0026_daily.csv
LCA,LCA,Luancheng,2023,Leave_One_experiments\wth_generated_qc\LCA\LCA2023.WTH,wet_year;nitrogen_stress_year;low_response_year,wet,LCA2023_normal_grid_S0026,pareto_balanced,2023-07-28,209,49,44,"{""sim_day"": 49.0, ""doy"": 209.0, ""topwt"": 7916.807250976562, ""grnwt"": 0.0, ""xlai"": 4.382749080657959, ""totir"": 40.0, ""tofer"": NaN, ""swfac"": 0.0, ""nstres"": 0.0}",0.0,0.0,7916.807250976562,0.0,4.382749080657959,40.0,,0.0,0.0,40.0,225.0,2.913647460937497,18.913647460937497,Leave_One_experiments/all_year_offline_schedule_search/daily_outputs/LCA/LCA_2023_LCA2023_normal_grid_S0026_daily.csv
LCA,LCA,Luancheng,2023,Leave_One_experiments\wth_generated_qc\LCA\LCA2023.WTH,wet_year;nitrogen_stress_year;low_response_year,wet,LCA2023_normal_grid_S0026,pareto_balanced,2023-07-29,210,50,45,"{""sim_day"": 50.0, ""doy"": 210.0, ""topwt"": 7976.9573974609375, ""grnwt"": 0.0, ""xlai"": 4.361771106719971, ""totir"": 40.0, ""tofer"": NaN, ""swfac"": 0.0, ""nstres"": 0.0}",0.0,0.0,7976.9573974609375,0.0,4.361771106719971,40.0,,0.0,0.0,40.0,225.0,2.913647460937497,18.913647460937497,Leave_One_experiments/all_year_offline_schedule_search/daily_outputs/LCA/LCA_2023_LCA2023_normal_grid_S0026_daily.csv
LCA,LCA,Luancheng,2023,Leave_One_experiments\wth_generated_qc\LCA\LCA2023.WTH,wet_year;nitrogen_stress_year;low_response_year,wet,LCA2023_normal_grid_S0026,pareto_balanced,2023-07-30,211,51,46,"{""sim_day"": 51.0, ""doy"": 211.0, ""topwt"": 8138.6962890625, ""grnwt"": 0.0, ""xlai"": 4.338481426239014, ""totir"": 40.0, ""tofer"": NaN, ""swfac"": 0.0, ""nstres"": 0.0}",0.0,0.0,8138.6962890625,0.0,4.338481426239014,40.0,,0.0,0.0,40.0,225.0,2.913647460937497,18.913647460937497,Leave_One_experiments/all_year_offline_schedule_search/daily_outputs/LCA/LCA_2023_LCA2023_normal_grid_S0026_daily.csv
LCA,LCA,Luancheng,2023,Leave_One_experiments\wth_generated_qc\LCA\LCA2023.WTH,wet_year;nitrogen_stress_year;low_response_year,wet,LCA2023_normal_grid_S0026,pareto_balanced,2023-07-31,212,52,47,"{""sim_day"": 52.0, ""doy"": 212.0, ""topwt"": 8373.555297851562, ""grnwt"": 0.0, ""xlai"": 4.314960479736328, ""totir"": 40.0, ""tofer"": NaN, ""swfac"": 0.0, ""nstres"": 0.0}",0.0,0.0,8373.555297851562,0.0,4.314960479736328,40.0,,0.0,0.0,40.0,225.0,2.913647460937497,18.913647460937497,Leave_One_experiments/all_year_offline_schedule_search/daily_outputs/LCA/LCA_2023_LCA2023_normal_grid_S0026_daily.csv
LCA,LCA,Luancheng,2023,Leave_One_experiments\wth_generated_qc\LCA\LCA2023.WTH,wet_year;nitrogen_stress_year;low_response_year,wet,LCA2023_normal_grid_S0026,pareto_balanced,2023-08-01,213,53,48,"{""sim_day"": 53.0, ""doy"": 213.0, ""topwt"": 8773.36181640625, ""grnwt"": 0.0, ""xlai"": 4.289994716644287, ""totir"": 40.0, ""tofer"": NaN, ""swfac"": 0.0, ""nstres"": 0.0}",0.0,0.0,8773.36181640625,0.0,4.289994716644287,40.0,,0.0,0.0,40.0,225.0,2.913647460937497,18.913647460937497,Leave_One_experiments/all_year_offline_schedule_search/daily_outputs/LCA/LCA_2023_LCA2023_normal_grid_S0026_daily.csv
LCA,LCA,Luancheng,2023,Leave_One_experiments\wth_generated_qc\LCA\LCA2023.WTH,wet_year;nitrogen_stress_year;low_response_year,wet,LCA2023_normal_grid_S0026,pareto_balanced,2023-08-02,214,54,49,"{""sim_day"": 54.0, ""doy"": 214.0, ""topwt"": 9176.00341796875, ""grnwt"": 0.0, ""xlai"": 4.264352321624756, ""totir"": 40.0, ""tofer"": NaN, ""swfac"": 0.0, ""nstres"": 0.0}",0.0,0.0,9176.00341796875,0.0,4.264352321624756,40.0,,0.0,0.0,40.0,225.0,2.913647460937497,18.913647460937497,Leave_One_experiments/all_year_offline_schedule_search/daily_outputs/LCA/LCA_2023_LCA2023_normal_grid_S0026_daily.csv
LCA,LCA,Luancheng,2023,Leave_One_experiments\wth_generated_qc\LCA\LCA2023.WTH,wet_year;nitrogen_stress_year;low_response_year,wet,LCA2023_normal_grid_S0026,pareto_balanced,2023-08-03,215,55,50,"{""sim_day"": 55.0, ""doy"": 215.0, ""topwt"": 9480.401611328123, ""grnwt"": 0.0, ""xlai"": 4.238689422607422, ""totir"": 40.0, ""tofer"": NaN, ""swfac"": 0.0, ""nstres"": 0.0}",0.0,0.0,9480.401611328123,0.0,4.238689422607422,40.0,,0.0,0.0,40.0,225.0,2.913647460937497,18.913647460937497,Leave_One_experiments/all_year_offline_schedule_search/daily_outputs/LCA/LCA_2023_LCA2023_normal_grid_S0026_daily.csv
LCA,LCA,Luancheng,2023,Leave_One_experiments\wth_generated_qc\LCA\LCA2023.WTH,wet_year;nitrogen_stress_year;low_response_year,wet,LCA2023_normal_grid_S0026,pareto_balanced,2023-08-04,216,56,51,"{""sim_day"": 56.0, ""doy"": 216.0, ""topwt"": 9708.944702148438, ""grnwt"": 0.0, ""xlai"": 4.215746402740479, ""totir"": 40.0, ""tofer"": NaN, ""swfac"": 0.0, ""nstres"": 0.0}",0.0,0.0,9708.944702148438,0.0,4.215746402740479,40.0,,0.0,0.0,40.0,225.0,2.913647460937497,18.913647460937497,Leave_One_experiments/all_year_offline_schedule_search/daily_outputs/LCA/LCA_2023_LCA2023_normal_grid_S0026_daily.csv
LCA,LCA,Luancheng,2023,Leave_One_experiments\wth_generated_qc\LCA\LCA2023.WTH,wet_year;nitrogen_stress_year;low_response_year,wet,LCA2023_normal_grid_S0026,pareto_balanced,2023-08-05,217,57,52,"{""sim_day"": 57.0, ""doy"": 217.0, ""topwt"": 9974.483032226562, ""grnwt"": 265.5384635925293, ""xlai"": 4.123700141906738, ""totir"": 40.0, ""tofer"": NaN, ""swfac"": 0.0, ""nstres"": 0.0}",0.0,0.0,9974.483032226562,265.5384635925293,4.123700141906738,40.0,,0.0,0.0,40.0,225.0,2.913647460937497,18.913647460937497,Leave_One_experiments/all_year_offline_schedule_search/daily_outputs/LCA/LCA_2023_LCA2023_normal_grid_S0026_daily.csv
LCA,LCA,Luancheng,2023,Leave_One_experiments\wth_generated_qc\LCA\LCA2023.WTH,wet_year;nitrogen_stress_year;low_response_year,wet,LCA2023_normal_grid_S0026,pareto_balanced,2023-08-06,218,58,53,"{""sim_day"": 58.0, ""doy"": 218.0, ""topwt"": 10267.681884765623, ""grnwt"": 558.7371826171875, ""xlai"": 4.109938144683838, ""totir"": 40.0, ""tofer"": NaN, ""swfac"": 0.0, ""nstres"": 0.0}",0.0,0.0,10267.681884765623,558.7371826171875,4.109938144683838,40.0,,0.0,0.0,40.0,225.0,2.913647460937497,18.913647460937497,Leave_One_experiments/all_year_offline_schedule_search/daily_outputs/LCA/LCA_2023_LCA2023_normal_grid_S0026_daily.csv
LCA,LCA,Luancheng,2023,Leave_One_experiments\wth_generated_qc\LCA\LCA2023.WTH,wet_year;nitrogen_stress_year;low_response_year,wet,LCA2023_normal_grid_S0026,pareto_balanced,2023-08-07,219,59,54,"{""sim_day"": 59.0, ""doy"": 219.0, ""topwt"": 10536.9091796875, ""grnwt"": 827.9636383056641, ""xlai"": 4.09251594543457, ""totir"": 40.0, ""tofer"": NaN, ""swfac"": 0.0, ""nstres"": 0.0}",0.0,0.0,10536.9091796875,827.9636383056641,4.09251594543457,40.0,,0.0,0.0,40.0,225.0,2.913647460937497,18.913647460937497,Leave_One_experiments/all_year_offline_schedule_search/daily_outputs/LCA/LCA_2023_LCA2023_normal_grid_S0026_daily.csv
LCA,LCA,Luancheng,2023,Leave_One_experiments\wth_generated_qc\LCA\LCA2023.WTH,wet_year;nitrogen_stress_year;low_response_year,wet,LCA2023_normal_grid_S0026,pareto_balanced,2023-08-08,220,60,55,"{""sim_day"": 60.0, ""doy"": 220.0, ""topwt"": 10782.1630859375, ""grnwt"": 1073.2178497314453, ""xlai"": 4.0707621574401855, ""totir"": 40.0, ""tofer"": NaN, ""swfac"": 0.0, ""nstres"": 0.0}",0.0,0.0,10782.1630859375,1073.2178497314453,4.0707621574401855,40.0,,0.0,0.0,40.0,225.0,2.913647460937497,18.913647460937497,Leave_One_experiments/all_year_offline_schedule_search/daily_outputs/LCA/LCA_2023_LCA2023_normal_grid_S0026_daily.csv
LCA,LCA,Luancheng,2023,Leave_One_experiments\wth_generated_qc\LCA\LCA2023.WTH,wet_year;nitrogen_stress_year;low_response_year,wet,LCA2023_normal_grid_S0026,pareto_balanced,2023-08-09,221,61,56,"{""sim_day"": 61.0, ""doy"": 221.0, ""topwt"": 11038.4814453125, ""grnwt"": 1329.5361328125, ""xlai"": 4.045240879058838, ""totir"": 40.0, ""tofer"": NaN, ""swfac"": 0.0, ""nstres"": 0.0}",0.0,0.0,11038.4814453125,1329.5361328125,4.045240879058838,40.0,,0.0,0.0,40.0,225.0,2.913647460937497,18.913647460937497,Leave_One_experiments/all_year_offline_schedule_search/daily_outputs/LCA/LCA_2023_LCA2023_normal_grid_S0026_daily.csv
LCA,LCA,Luancheng,2023,Leave_One_experiments\wth_generated_qc\LCA\LCA2023.WTH,wet_year;nitrogen_stress_year;low_response_year,wet,LCA2023_normal_grid_S0026,pareto_balanced,2023-08-10,222,62,57,"{""sim_day"": 62.0, ""doy"": 222.0, ""topwt"": 11291.11083984375, ""grnwt"": 1582.1664428710938, ""xlai"": 4.015147686004639, ""totir"": 40.0, ""tofer"": NaN, ""swfac"": 0.0, ""nstres"": 0.0}",0.0,0.0,11291.11083984375,1582.1664428710938,4.015147686004639,40.0,,0.0,0.0,40.0,225.0,2.913647460937497,18.913647460937497,Leave_One_experiments/all_year_offline_schedule_search/daily_outputs/LCA/LCA_2023_LCA2023_normal_grid_S0026_daily.csv
LCA,LCA,Luancheng,2023,Leave_One_experiments\wth_generated_qc\LCA\LCA2023.WTH,wet_year;nitrogen_stress_year;low_response_year,wet,LCA2023_normal_grid_S0026,pareto_balanced,2023-08-11,223,63,58,"{""sim_day"": 63.0, ""doy"": 223.0, ""topwt"": 11562.181396484377, ""grnwt"": 1853.2369995117188, ""xlai"": 3.9811699390411377, ""totir"": 40.0, ""tofer"": NaN, ""swfac"": 0.0, ""nstres"": 0.0}",0.0,0.0,11562.181396484377,1853.2369995117188,3.9811699390411377,40.0,,0.0,0.0,40.0,225.0,2.913647460937497,18.913647460937497,Leave_One_experiments/all_year_offline_schedule_search/daily_outputs/LCA/LCA_2023_LCA2023_normal_grid_S0026_daily.csv
LCA,LCA,Luancheng,2023,Leave_One_experiments\wth_generated_qc\LCA\LCA2023.WTH,wet_year;nitrogen_stress_year;low_response_year,wet,LCA2023_normal_grid_S0026,pareto_balanced,2023-08-12,224,64,59,"{""sim_day"": 64.0, ""doy"": 224.0, ""topwt"": 11818.5009765625, ""grnwt"": 2109.555206298828, ""xlai"": 3.941440105438232, ""totir"": 40.0, ""tofer"": NaN, ""swfac"": 0.0, ""nstres"": 0.0}",0.0,0.0,11818.5009765625,2109.555206298828,3.941440105438232,40.0,,0.0,0.0,40.0,225.0,2.913647460937497,18.913647460937497,Leave_One_experiments/all_year_offline_schedule_search/daily_outputs/LCA/LCA_2023_LCA2023_normal_grid_S0026_daily.csv
LCA,LCA,Luancheng,2023,Leave_One_experiments\wth_generated_qc\LCA\LCA2023.WTH,wet_year;nitrogen_stress_year;low_response_year,wet,LCA2023_normal_grid_S0026,pareto_balanced,2023-08-13,225,65,60,"{""sim_day"": 65.0, ""doy"": 225.0, ""topwt"": 12074.818115234377, ""grnwt"": 2365.873565673828, ""xlai"": 3.896250247955322, ""totir"": 40.0, ""tofer"": NaN, ""swfac"": 0.0, ""nstres"": 0.0}",0.0,0.0,12074.818115234377,2365.873565673828,3.896250247955322,40.0,,0.0,75.0,40.0,225.0,2.913647460937497,18.913647460937497,Leave_One_experiments/all_year_offline_schedule_search/daily_outputs/LCA/LCA_2023_LCA2023_normal_grid_S0026_daily.csv
LCA,LCA,Luancheng,2023,Leave_One_experiments\wth_generated_qc\LCA\LCA2023.WTH,wet_year;nitrogen_stress_year;low_response_year,wet,LCA2023_normal_grid_S0026,pareto_balanced,2023-08-14,226,66,61,"{""sim_day"": 66.0, ""doy"": 226.0, ""topwt"": 12345.888671875, ""grnwt"": 2636.9439697265625, ""xlai"": 3.846324920654297, ""totir"": 40.0, ""tofer"": NaN, ""swfac"": 0.0, ""nstres"": 0.0}",0.0,0.0,12345.888671875,2636.9439697265625,3.846324920654297,40.0,,0.0,0.0,40.0,225.0,2.913647460937497,18.913647460937497,Leave_One_experiments/all_year_offline_schedule_search/daily_outputs/LCA/LCA_2023_LCA2023_normal_grid_S0026_daily.csv
LCA,LCA,Luancheng,2023,Leave_One_experiments\wth_generated_qc\LCA\LCA2023.WTH,wet_year;nitrogen_stress_year;low_response_year,wet,LCA2023_normal_grid_S0026,pareto_balanced,2023-08-15,227,67,62,"{""sim_day"": 67.0, ""doy"": 227.0, ""topwt"": 12561.63818359375, ""grnwt"": 2852.694091796875, ""xlai"": 3.786041259765625, ""totir"": 40.0, ""tofer"": NaN, ""swfac"": 0.0, ""nstres"": 0.0}",0.0,0.0,12561.63818359375,2852.694091796875,3.786041259765625,40.0,,0.0,0.0,40.0,225.0,2.913647460937497,18.913647460937497,Leave_One_experiments/all_year_offline_schedule_search/daily_outputs/LCA/LCA_2023_LCA2023_normal_grid_S0026_daily.csv
LCA,LCA,Luancheng,2023,Leave_One_experiments\wth_generated_qc\LCA\LCA2023.WTH,wet_year;nitrogen_stress_year;low_response_year,wet,LCA2023_normal_grid_S0026,pareto_balanced,2023-08-16,228,68,63,"{""sim_day"": 68.0, ""doy"": 228.0, ""topwt"": 12786.607666015623, ""grnwt"": 3077.6641845703125, ""xlai"": 3.719351530075073, ""totir"": 40.0, ""tofer"": NaN, ""swfac"": 0.0, ""nstres"": 0.0}",0.0,0.0,12786.607666015623,3077.6641845703125,3.719351530075073,40.0,,0.0,0.0,40.0,225.0,2.913647460937497,18.913647460937497,Leave_One_experiments/all_year_offline_schedule_search/daily_outputs/LCA/LCA_2023_LCA2023_normal_grid_S0026_daily.csv
LCA,LCA,Luancheng,2023,Leave_One_experiments\wth_generated_qc\LCA\LCA2023.WTH,wet_year;nitrogen_stress_year;low_response_year,wet,LCA2023_normal_grid_S0026,pareto_balanced,2023-08-17,229,69,64,"{""sim_day"": 69.0, ""doy"": 229.0, ""topwt"": 12993.138427734377, ""grnwt"": 3284.1940307617188, ""xlai"": 3.643232822418213, ""totir"": 40.0, ""tofer"": NaN, ""swfac"": 0.0, ""nstres"": 0.0}",0.0,0.0,12993.138427734377,3284.1940307617188,3.643232822418213,40.0,,0.0,0.0,40.0,225.0,2.913647460937497,18.913647460937497,Leave_One_experiments/all_year_offline_schedule_search/daily_outputs/LCA/LCA_2023_LCA2023_normal_grid_S0026_daily.csv
LCA,LCA,Luancheng,2023,Leave_One_experiments\wth_generated_qc\LCA\LCA2023.WTH,wet_year;nitrogen_stress_year;low_response_year,wet,LCA2023_normal_grid_S0026,pareto_balanced,2023-08-18,230,70,65,"{""sim_day"": 70.0, ""doy"": 230.0, ""topwt"": 13262.364501953123, ""grnwt"": 3553.4207153320312, ""xlai"": 3.565850257873535, ""totir"": 40.0, ""tofer"": NaN, ""swfac"": 0.0, ""nstres"": 0.0}",0.0,0.0,13262.364501953123,3553.4207153320312,3.565850257873535,40.0,,0.0,0.0,40.0,225.0,2.913647460937497,18.913647460937497,Leave_One_experiments/all_year_offline_schedule_search/daily_outputs/LCA/LCA_2023_LCA2023_normal_grid_S0026_daily.csv
LCA,LCA,Luancheng,2023,Leave_One_experiments\wth_generated_qc\LCA\LCA2023.WTH,wet_year;nitrogen_stress_year;low_response_year,wet,LCA2023_normal_grid_S0026,pareto_balanced,2023-08-19,231,71,66,"{""sim_day"": 71.0, ""doy"": 231.0, ""topwt"": 13524.2138671875, ""grnwt"": 3815.27099609375, ""xlai"": 3.48021936416626, ""totir"": 40.0, ""tofer"": NaN, ""swfac"": 0.0, ""nstres"": 0.0}",0.0,0.0,13524.2138671875,3815.27099609375,3.48021936416626,40.0,,0.0,0.0,40.0,225.0,2.913647460937497,18.913647460937497,Leave_One_experiments/all_year_offline_schedule_search/daily_outputs/LCA/LCA_2023_LCA2023_normal_grid_S0026_daily.csv
LCA,LCA,Luancheng,2023,Leave_One_experiments\wth_generated_qc\LCA\LCA2023.WTH,wet_year;nitrogen_stress_year;low_response_year,wet,LCA2023_normal_grid_S0026,pareto_balanced,2023-08-20,232,72,67,"{""sim_day"": 72.0, ""doy"": 232.0, ""topwt"": 13789.75341796875, ""grnwt"": 4080.809326171875, ""xlai"": 3.3872339725494385, ""totir"": 40.0, ""tofer"": NaN, ""swfac"": 0.0, ""nstres"": 0.0}",0.0,0.0,13789.75341796875,4080.809326171875,3.3872339725494385,40.0,,0.0,0.0,40.0,225.0,2.913647460937497,18.913647460937497,Leave_One_experiments/all_year_offline_schedule_search/daily_outputs/LCA/LCA_2023_LCA2023_normal_grid_S0026_daily.csv
LCA,LCA,Luancheng,2023,Leave_One_experiments\wth_generated_qc\LCA\LCA2023.WTH,wet_year;nitrogen_stress_year;low_response_year,wet,LCA2023_normal_grid_S0026,pareto_balanced,2023-08-21,233,73,68,"{""sim_day"": 73.0, ""doy"": 233.0, ""topwt"": 14084.794921875, ""grnwt"": 4375.85205078125, ""xlai"": 3.290919780731201, ""totir"": 40.0, ""tofer"": NaN, ""swfac"": 0.0, ""nstres"": 0.0}",0.0,0.0,14084.794921875,4375.85205078125,3.290919780731201,40.0,,0.0,0.0,40.0,225.0,2.913647460937497,18.913647460937497,Leave_One_experiments/all_year_offline_schedule_search/daily_outputs/LCA/LCA_2023_LCA2023_normal_grid_S0026_daily.csv
LCA,LCA,Luancheng,2023,Leave_One_experiments\wth_generated_qc\LCA\LCA2023.WTH,wet_year;nitrogen_stress_year;low_response_year,wet,LCA2023_normal_grid_S0026,pareto_balanced,2023-08-22,234,74,69,"{""sim_day"": 74.0, ""doy"": 234.0, ""topwt"": 14379.8388671875, ""grnwt"": 4670.894775390625, ""xlai"": 3.196319341659546, ""totir"": 40.0, ""tofer"": NaN, ""swfac"": 0.0, ""nstres"": 0.0}",0.0,0.0,14379.8388671875,4670.894775390625,3.196319341659546,40.0,,0.0,0.0,40.0,225.0,2.913647460937497,18.913647460937497,Leave_One_experiments/all_year_offline_schedule_search/daily_outputs/LCA/LCA_2023_LCA2023_normal_grid_S0026_daily.csv
LCA,LCA,Luancheng,2023,Leave_One_experiments\wth_generated_qc\LCA\LCA2023.WTH,wet_year;nitrogen_stress_year;low_response_year,wet,LCA2023_normal_grid_S0026,pareto_balanced,2023-08-23,235,75,70,"{""sim_day"": 75.0, ""doy"": 235.0, ""topwt"": 14674.881591796877, ""grnwt"": 4965.937805175781, ""xlai"": 3.102358341217041, ""totir"": 40.0, ""tofer"": NaN, ""swfac"": 0.0, ""nstres"": 0.0}",0.0,0.0,14674.881591796877,4965.937805175781,3.102358341217041,40.0,,0.0,0.0,40.0,225.0,2.913647460937497,18.913647460937497,Leave_One_experiments/all_year_offline_schedule_search/daily_outputs/LCA/LCA_2023_LCA2023_normal_grid_S0026_daily.csv
LCA,LCA,Luancheng,2023,Leave_One_experiments\wth_generated_qc\LCA\LCA2023.WTH,wet_year;nitrogen_stress_year;low_response_year,wet,LCA2023_normal_grid_S0026,pareto_balanced,2023-08-24,236,76,71,"{""sim_day"": 76.0, ""doy"": 236.0, ""topwt"": 14969.923095703123, ""grnwt"": 5260.980224609375, ""xlai"": 3.004408597946167, ""totir"": 40.0, ""tofer"": NaN, ""swfac"": 0.0, ""nstres"": 0.0}",0.0,0.0,14969.923095703123,5260.980224609375,3.004408597946167,40.0,,0.0,0.0,40.0,225.0,2.913647460937497,18.913647460937497,Leave_One_experiments/all_year_offline_schedule_search/daily_outputs/LCA/LCA_2023_LCA2023_normal_grid_S0026_daily.csv
LCA,LCA,Luancheng,2023,Leave_One_experiments\wth_generated_qc\LCA\LCA2023.WTH,wet_year;nitrogen_stress_year;low_response_year,wet,LCA2023_normal_grid_S0026,pareto_balanced,2023-08-25,237,77,72,"{""sim_day"": 77.0, ""doy"": 237.0, ""topwt"": 15053.004150390623, ""grnwt"": 5556.02294921875, ""xlai"": 2.9141087532043457, ""totir"": 40.0, ""tofer"": NaN, ""swfac"": 0.0, ""nstres"": 0.0}",0.0,0.0,15053.004150390623,5556.02294921875,2.9141087532043457,40.0,,0.0,0.0,40.0,225.0,2.913647460937497,18.913647460937497,Leave_One_experiments/all_year_offline_schedule_search/daily_outputs/LCA/LCA_2023_LCA2023_normal_grid_S0026_daily.csv
LCA,LCA,Luancheng,2023,Leave_One_experiments\wth_generated_qc\LCA\LCA2023.WTH,wet_year;nitrogen_stress_year;low_response_year,wet,LCA2023_normal_grid_S0026,pareto_balanced,2023-08-26,238,78,73,"{""sim_day"": 78.0, ""doy"": 238.0, ""topwt"": 15189.598388671877, ""grnwt"": 5851.066284179688, ""xlai"": 2.8252270221710205, ""totir"": 40.0, ""tofer"": NaN, ""swfac"": 0.0, ""nstres"": 0.0}",0.0,0.0,15189.598388671877,5851.066284179688,2.8252270221710205,40.0,,0.0,0.0,40.0,225.0,2.913647460937497,18.913647460937497,Leave_One_experiments/all_year_offline_schedule_search/daily_outputs/LCA/LCA_2023_LCA2023_normal_grid_S0026_daily.csv
LCA,LCA,Luancheng,2023,Leave_One_experiments\wth_generated_qc\LCA\LCA2023.WTH,wet_year;nitrogen_stress_year;low_response_year,wet,LCA2023_normal_grid_S0026,pareto_balanced,2023-08-27,239,79,74,"{""sim_day"": 79.0, ""doy"": 239.0, ""topwt"": 15560.433349609377, ""grnwt"": 6146.109008789063, ""xlai"": 2.7163097858428955, ""totir"": 40.0, ""tofer"": NaN, ""swfac"": 0.0, ""nstres"": 0.0}",0.0,0.0,15560.433349609377,6146.109008789063,2.7163097858428955,40.0,,0.0,0.0,40.0,225.0,2.913647460937497,18.913647460937497,Leave_One_experiments/all_year_offline_schedule_search/daily_outputs/LCA/LCA_2023_LCA2023_normal_grid_S0026_daily.csv
LCA,LCA,Luancheng,2023,Leave_One_experiments\wth_generated_qc\LCA\LCA2023.WTH,wet_year;nitrogen_stress_year;low_response_year,wet,LCA2023_normal_grid_S0026,pareto_balanced,2023-08-28,240,80,75,"{""sim_day"": 80.0, ""doy"": 240.0, ""topwt"": 15890.009765625, ""grnwt"": 6441.1517333984375, ""xlai"": 2.600454330444336, ""totir"": 40.0, ""tofer"": NaN, ""swfac"": 0.0, ""nstres"": 0.0}",0.0,0.0,15890.009765625,6441.1517333984375,2.600454330444336,40.0,,0.0,0.0,40.0,225.0,2.913647460937497,18.913647460937497,Leave_One_experiments/all_year_offline_schedule_search/daily_outputs/LCA/LCA_2023_LCA2023_normal_grid_S0026_daily.csv
LCA,LCA,Luancheng,2023,Leave_One_experiments\wth_generated_qc\LCA\LCA2023.WTH,wet_year;nitrogen_stress_year;low_response_year,wet,LCA2023_normal_grid_S0026,pareto_balanced,2023-08-29,241,81,76,"{""sim_day"": 81.0, ""doy"": 241.0, ""topwt"": 16240.328369140623, ""grnwt"": 6736.1944580078125, ""xlai"": 2.4728033542633057, ""totir"": 40.0, ""tofer"": NaN, ""swfac"": 0.0, ""nstres"": 0.0}",0.0,0.0,16240.328369140623,6736.1944580078125,2.4728033542633057,40.0,,0.0,0.0,40.0,225.0,2.913647460937497,18.913647460937497,Leave_One_experiments/all_year_offline_schedule_search/daily_outputs/LCA/LCA_2023_LCA2023_normal_grid_S0026_daily.csv
LCA,LCA,Luancheng,2023,Leave_One_experiments\wth_generated_qc\LCA\LCA2023.WTH,wet_year;nitrogen_stress_year;low_response_year,wet,LCA2023_normal_grid_S0026,pareto_balanced,2023-08-30,242,82,77,"{""sim_day"": 82.0, ""doy"": 242.0, ""topwt"": 16581.683349609375, ""grnwt"": 7031.237182617188, ""xlai"": 2.3314287662506104, ""totir"": 40.0, ""tofer"": NaN, ""swfac"": 0.0, ""nstres"": 0.0}",0.0,0.0,16581.683349609375,7031.237182617188,2.3314287662506104,40.0,,0.0,0.0,40.0,225.0,2.913647460937497,18.913647460937497,Leave_One_experiments/all_year_offline_schedule_search/daily_outputs/LCA/LCA_2023_LCA2023_normal_grid_S0026_daily.csv
LCA,LCA,Luancheng,2023,Leave_One_experiments\wth_generated_qc\LCA\LCA2023.WTH,wet_year;nitrogen_stress_year;low_response_year,wet,LCA2023_normal_grid_S0026,pareto_balanced,2023-08-31,243,83,78,"{""sim_day"": 83.0, ""doy"": 243.0, ""topwt"": 16794.54833984375, ""grnwt"": 7326.279907226562, ""xlai"": 2.183289051055908, ""totir"": 40.0, ""tofer"": NaN, ""swfac"": 0.0, ""nstres"": 0.0}",0.0,0.0,16794.54833984375,7326.279907226562,2.183289051055908,40.0,,0.0,0.0,40.0,225.0,2.913647460937497,18.913647460937497,Leave_One_experiments/all_year_offline_schedule_search/daily_outputs/LCA/LCA_2023_LCA2023_normal_grid_S0026_daily.csv
LCA,LCA,Luancheng,2023,Leave_One_experiments\wth_generated_qc\LCA\LCA2023.WTH,wet_year;nitrogen_stress_year;low_response_year,wet,LCA2023_normal_grid_S0026,pareto_balanced,2023-09-01,244,84,79,"{""sim_day"": 84.0, ""doy"": 244.0, ""topwt"": 17086.009521484375, ""grnwt"": 7621.3226318359375, ""xlai"": 2.0167481899261475, ""totir"": 40.0, ""tofer"": NaN, ""swfac"": 0.0, ""nstres"": 0.0}",0.0,0.0,17086.009521484375,7621.3226318359375,2.0167481899261475,40.0,,0.0,0.0,40.0,225.0,2.913647460937497,18.913647460937497,Leave_One_experiments/all_year_offline_schedule_search/daily_outputs/LCA/LCA_2023_LCA2023_normal_grid_S0026_daily.csv
LCA,LCA,Luancheng,2023,Leave_One_experiments\wth_generated_qc\LCA\LCA2023.WTH,wet_year;nitrogen_stress_year;low_response_year,wet,LCA2023_normal_grid_S0026,pareto_balanced,2023-09-02,245,85,80,"{""sim_day"": 85.0, ""doy"": 245.0, ""topwt"": 17406.011962890625, ""grnwt"": 7916.36474609375, ""xlai"": 1.8507729768753047, ""totir"": 40.0, ""tofer"": NaN, ""swfac"": 0.0, ""nstres"": 0.0}",0.0,0.0,17406.011962890625,7916.36474609375,1.8507729768753047,40.0,,0.0,0.0,40.0,225.0,2.913647460937497,18.913647460937497,Leave_One_experiments/all_year_offline_schedule_search/daily_outputs/LCA/LCA_2023_LCA2023_normal_grid_S0026_daily.csv
LCA,LCA,Luancheng,2023,Leave_One_experiments\wth_generated_qc\LCA\LCA2023.WTH,wet_year;nitrogen_stress_year;low_response_year,wet,LCA2023_normal_grid_S0026,pareto_balanced,2023-09-03,246,86,81,"{""sim_day"": 86.0, ""doy"": 246.0, ""topwt"": 17406.011962890625, ""grnwt"": 7916.36474609375, ""xlai"": 1.8507729768753047, ""totir"": 40.0, ""tofer"": NaN, ""swfac"": 0.0, ""nstres"": 0.0}",0.0,0.0,17406.011962890625,7916.36474609375,1.8507729768753047,40.0,,0.0,0.0,40.0,225.0,2.913647460937497,18.913647460937497,Leave_One_experiments/all_year_offline_schedule_search/daily_outputs/LCA/LCA_2023_LCA2023_normal_grid_S0026_daily.csv
LCA,LCA,Luancheng,2023,Leave_One_experiments\wth_generated_qc\LCA\LCA2023.WTH,wet_year;nitrogen_stress_year;low_response_year,wet,LCA2023_normal_grid_S0026,pareto_balanced,2023-09-04,247,87,82,"{""sim_day"": 87.0, ""doy"": 247.0, ""topwt"": 17406.011962890625, ""grnwt"": 7916.36474609375, ""xlai"": 1.8507729768753047, ""totir"": 40.0, ""tofer"": NaN, ""swfac"": 0.0, ""nstres"": 0.0}",0.0,0.0,17406.011962890625,7916.36474609375,1.8507729768753047,40.0,,0.0,0.0,40.0,225.0,2.913647460937497,18.913647460937497,Leave_One_experiments/all_year_offline_schedule_search/daily_outputs/LCA/LCA_2023_LCA2023_normal_grid_S0026_daily.csv
LCA,LCA,Luancheng,2023,Leave_One_experiments\wth_generated_qc\LCA\LCA2023.WTH,wet_year;nitrogen_stress_year;low_response_year,wet,LCA2023_normal_grid_S0026,pareto_balanced,2023-09-05,248,88,83,"{""sim_day"": 88.0, ""doy"": 248.0, ""topwt"": 17406.011962890625, ""grnwt"": 7916.36474609375, ""xlai"": 1.8507729768753047, ""totir"": 40.0, ""tofer"": NaN, ""swfac"": 0.0, ""nstres"": 0.0}",0.0,0.0,17406.011962890625,7916.36474609375,1.8507729768753047,40.0,,0.0,0.0,40.0,225.0,2.913647460937497,18.913647460937497,Leave_One_experiments/all_year_offline_schedule_search/daily_outputs/LCA/LCA_2023_LCA2023_normal_grid_S0026_daily.csv
LCA,LCA,Luancheng,2023,Leave_One_experiments\wth_generated_qc\LCA\LCA2023.WTH,wet_year;nitrogen_stress_year;low_response_year,wet,LCA2023_normal_grid_S0027,top_yield,2023-06-15,166,1,1,"{""sim_day"": 1.0, ""doy"": 166.0, ""topwt"": 0.0, ""grnwt"": 0.0, ""xlai"": 0.0, ""totir"": 0.0, ""tofer"": NaN, ""swfac"": 0.0, ""nstres"": 0.0}",0.0,0.0,0.0,0.0,0.0,0.0,,0.0,75.0,70.0,225.0,-12.086352539062505,15.913647460937495,Leave_One_experiments/all_year_offline_schedule_search/daily_outputs/LCA/LCA_2023_LCA2023_normal_grid_S0027_daily.csv
LCA,LCA,Luancheng,2023,Leave_One_experiments\wth_generated_qc\LCA\LCA2023.WTH,wet_year;nitrogen_stress_year;low_response_year,wet,LCA2023_normal_grid_S0027,top_yield,2023-06-16,167,2,2,"{""sim_day"": 2.0, ""doy"": 167.0, ""topwt"": 0.0, ""grnwt"": 0.0, ""xlai"": 0.0, ""totir"": 0.0, ""tofer"": NaN, ""swfac"": 0.0, ""nstres"": 0.0}",0.0,0.0,0.0,0.0,0.0,0.0,,0.0,0.0,70.0,225.0,-12.086352539062505,15.913647460937495,Leave_One_experiments/all_year_offline_schedule_search/daily_outputs/LCA/LCA_2023_LCA2023_normal_grid_S0027_daily.csv
LCA,LCA,Luancheng,2023,Leave_One_experiments\wth_generated_qc\LCA\LCA2023.WTH,wet_year;nitrogen_stress_year;low_response_year,wet,LCA2023_normal_grid_S0027,top_yield,2023-06-17,168,3,3,"{""sim_day"": 3.0, ""doy"": 168.0, ""topwt"": 0.0, ""grnwt"": 0.0, ""xlai"": 0.0, ""totir"": 0.0, ""tofer"": NaN, ""swfac"": 0.0, ""nstres"": 0.0}",0.0,0.0,0.0,0.0,0.0,0.0,,0.0,0.0,70.0,225.0,-12.086352539062505,15.913647460937495,Leave_One_experiments/all_year_offline_schedule_search/daily_outputs/LCA/LCA_2023_LCA2023_normal_grid_S0027_daily.csv
LCA,LCA,Luancheng,2023,Leave_One_experiments\wth_generated_qc\LCA\LCA2023.WTH,wet_year;nitrogen_stress_year;low_response_year,wet,LCA2023_normal_grid_S0027,top_yield,2023-06-18,169,4,4,"{""sim_day"": 4.0, ""doy"": 169.0, ""topwt"": 0.0, ""grnwt"": 0.0, ""xlai"": 0.0, ""totir"": 0.0, ""tofer"": NaN, ""swfac"": 0.0, ""nstres"": 0.0}",0.0,0.0,0.0,0.0,0.0,0.0,,0.0,0.0,70.0,225.0,-12.086352539062505,15.913647460937495,Leave_One_experiments/all_year_offline_schedule_search/daily_outputs/LCA/LCA_2023_LCA2023_normal_grid_S0027_daily.csv
LCA,LCA,Luancheng,2023,Leave_One_experiments\wth_generated_qc\LCA\LCA2023.WTH,wet_year;nitrogen_stress_year;low_response_year,wet,LCA2023_normal_grid_S0027,top_yield,2023-06-19,170,5,5,"{""sim_day"": 5.0, ""doy"": 170.0, ""topwt"": 0.0, ""grnwt"": 0.0, ""xlai"": 0.0, ""totir"": 0.0, ""tofer"": NaN, ""swfac"": 0.0, ""nstres"": 0.0}",0.0,0.0,0.0,0.0,0.0,0.0,,0.0,0.0,70.0,225.0,-12.086352539062505,15.913647460937495,Leave_One_experiments/all_year_offline_schedule_search/daily_outputs/LCA/LCA_2023_LCA2023_normal_grid_S0027_daily.csv
LCA,LCA,Luancheng,2023,Leave_One_experiments\wth_generated_qc\LCA\LCA2023.WTH,wet_year;nitrogen_stress_year;low_response_year,wet,LCA2023_normal_grid_S0027,top_yield,2023-06-15,166,6,1,"{""sim_day"": 6.0, ""doy"": 166.0, ""topwt"": 0.0, ""grnwt"": 0.0, ""xlai"": 0.0, ""totir"": 0.0, ""tofer"": NaN, ""swfac"": 0.0, ""nstres"": 0.0}",0.0,0.0,0.0,0.0,0.0,0.0,,0.0,0.0,70.0,225.0,-12.086352539062505,15.913647460937495,Leave_One_experiments/all_year_offline_schedule_search/daily_outputs/LCA/LCA_2023_LCA2023_normal_grid_S0027_daily.csv
LCA,LCA,Luancheng,2023,Leave_One_experiments\wth_generated_qc\LCA\LCA2023.WTH,wet_year;nitrogen_stress_year;low_response_year,wet,LCA2023_normal_grid_S0027,top_yield,2023-06-16,167,7,2,"{""sim_day"": 7.0, ""doy"": 167.0, ""topwt"": 0.0, ""grnwt"": 0.0, ""xlai"": 0.0, ""totir"": 0.0, ""tofer"": NaN, ""swfac"": 0.0, ""nstres"": 0.0}",0.0,0.0,0.0,0.0,0.0,0.0,,0.0,0.0,70.0,225.0,-12.086352539062505,15.913647460937495,Leave_One_experiments/all_year_offline_schedule_search/daily_outputs/LCA/LCA_2023_LCA2023_normal_grid_S0027_daily.csv
LCA,LCA,Luancheng,2023,Leave_One_experiments\wth_generated_qc\LCA\LCA2023.WTH,wet_year;nitrogen_stress_year;low_response_year,wet,LCA2023_normal_grid_S0027,top_yield,2023-06-17,168,8,3,"{""sim_day"": 8.0, ""doy"": 168.0, ""topwt"": 0.0, ""grnwt"": 0.0, ""xlai"": 0.0, ""totir"": 0.0, ""tofer"": NaN, ""swfac"": 0.0, ""nstres"": 0.0}",0.0,0.0,0.0,0.0,0.0,0.0,,0.0,0.0,70.0,225.0,-12.086352539062505,15.913647460937495,Leave_One_experiments/all_year_offline_schedule_search/daily_outputs/LCA/LCA_2023_LCA2023_normal_grid_S0027_daily.csv
LCA,LCA,Luancheng,2023,Leave_One_experiments\wth_generated_qc\LCA\LCA2023.WTH,wet_year;nitrogen_stress_year;low_response_year,wet,LCA2023_normal_grid_S0027,top_yield,2023-06-18,169,9,4,"{""sim_day"": 9.0, ""doy"": 169.0, ""topwt"": 0.0, ""grnwt"": 0.0, ""xlai"": 0.0, ""totir"": 0.0, ""tofer"": NaN, ""swfac"": 0.0, ""nstres"": 0.0}",0.0,0.0,0.0,0.0,0.0,0.0,,0.0,0.0,70.0,225.0,-12.086352539062505,15.913647460937495,Leave_One_experiments/all_year_offline_schedule_search/daily_outputs/LCA/LCA_2023_LCA2023_normal_grid_S0027_daily.csv
LCA,LCA,Luancheng,2023,Leave_One_experiments\wth_generated_qc\LCA\LCA2023.WTH,wet_year;nitrogen_stress_year;low_response_year,wet,LCA2023_normal_grid_S0027,top_yield,2023-06-19,170,10,5,"{""sim_day"": 10.0, ""doy"": 170.0, ""topwt"": 23.600001335144043, ""grnwt"": 0.0, ""xlai"": 0.0054826610721647, ""totir"": 0.0, ""tofer"": NaN, ""swfac"": 0.0, ""nstres"": 0.0121910572052001}",0.0,0.0121910572052001,23.600001335144043,0.0,0.0054826610721647,0.0,,0.0,0.0,70.0,225.0,-12.086352539062505,15.913647460937495,Leave_One_experiments/all_year_offline_schedule_search/daily_outputs/LCA/LCA_2023_LCA2023_normal_grid_S0027_daily.csv
LCA,LCA,Luancheng,2023,Leave_One_experiments\wth_generated_qc\LCA\LCA2023.WTH,wet_year;nitrogen_stress_year;low_response_year,wet,LCA2023_normal_grid_S0027,top_yield,2023-06-20,171,11,6,"{""sim_day"": 11.0, ""doy"": 171.0, ""topwt"": 23.600001335144043, ""grnwt"": 0.0, ""xlai"": 0.0118592446669936, ""totir"": 0.0, ""tofer"": NaN, ""swfac"": 0.0, ""nstres"": 0.0074677467346191}",0.0,0.0074677467346191,23.600001335144043,0.0,0.0118592446669936,0.0,,0.0,0.0,70.0,225.0,-12.086352539062505,15.913647460937495,Leave_One_experiments/all_year_offline_schedule_search/daily_outputs/LCA/LCA_2023_LCA2023_normal_grid_S0027_daily.csv
LCA,LCA,Luancheng,2023,Leave_One_experiments\wth_generated_qc\LCA\LCA2023.WTH,wet_year;nitrogen_stress_year;low_response_year,wet,LCA2023_normal_grid_S0027,top_yield,2023-06-21,172,12,7,"{""sim_day"": 12.0, ""doy"": 172.0, ""topwt"": 23.600001335144043, ""grnwt"": 0.0, ""xlai"": 0.034156609326601, ""totir"": 0.0, ""tofer"": NaN, ""swfac"": 0.0, ""nstres"": 0.0}",0.0,0.0,23.600001335144043,0.0,0.034156609326601,0.0,,0.0,0.0,70.0,225.0,-12.086352539062505,15.913647460937495,Leave_One_experiments/all_year_offline_schedule_search/daily_outputs/LCA/LCA_2023_LCA2023_normal_grid_S0027_daily.csv
LCA,LCA,Luancheng,2023,Leave_One_experiments\wth_generated_qc\LCA\LCA2023.WTH,wet_year;nitrogen_stress_year;low_response_year,wet,LCA2023_normal_grid_S0027,top_yield,2023-06-22,173,13,8,"{""sim_day"": 13.0, ""doy"": 173.0, ""topwt"": 32.68338441848755, ""grnwt"": 0.0, ""xlai"": 0.0639842227101326, ""totir"": 0.0, ""tofer"": NaN, ""swfac"": 0.0, ""nstres"": 0.0}",0.0,0.0,32.68338441848755,0.0,0.0639842227101326,0.0,,0.0,0.0,70.0,225.0,-12.086352539062505,15.913647460937495,Leave_One_experiments/all_year_offline_schedule_search/daily_outputs/LCA/LCA_2023_LCA2023_normal_grid_S0027_daily.csv
LCA,LCA,Luancheng,2023,Leave_One_experiments\wth_generated_qc\LCA\LCA2023.WTH,wet_year;nitrogen_stress_year;low_response_year,wet,LCA2023_normal_grid_S0027,top_yield,2023-06-23,174,14,9,"{""sim_day"": 14.0, ""doy"": 174.0, ""topwt"": 49.18990135192871, ""grnwt"": 0.0, ""xlai"": 0.1017766818404197, ""totir"": 0.0, ""tofer"": NaN, ""swfac"": 0.0, ""nstres"": 0.0}",0.0,0.0,49.18990135192871,0.0,0.1017766818404197,0.0,,0.0,0.0,70.0,225.0,-12.086352539062505,15.913647460937495,Leave_One_experiments/all_year_offline_schedule_search/daily_outputs/LCA/LCA_2023_LCA2023_normal_grid_S0027_daily.csv
LCA,LCA,Luancheng,2023,Leave_One_experiments\wth_generated_qc\LCA\LCA2023.WTH,wet_year;nitrogen_stress_year;low_response_year,wet,LCA2023_normal_grid_S0027,top_yield,2023-06-24,175,15,10,"{""sim_day"": 15.0, ""doy"": 175.0, ""topwt"": 69.92221355438232, ""grnwt"": 0.0, ""xlai"": 0.14459128677845, ""totir"": 0.0, ""tofer"": NaN, ""swfac"": 0.0, ""nstres"": 0.0}",0.0,0.0,69.92221355438232,0.0,0.14459128677845,0.0,,0.0,0.0,70.0,225.0,-12.086352539062505,15.913647460937495,Leave_One_experiments/all_year_offline_schedule_search/daily_outputs/LCA/LCA_2023_LCA2023_normal_grid_S0027_daily.csv
LCA,LCA,Luancheng,2023,Leave_One_experiments\wth_generated_qc\LCA\LCA2023.WTH,wet_year;nitrogen_stress_year;low_response_year,wet,LCA2023_normal_grid_S0027,top_yield,2023-06-25,176,16,11,"{""sim_day"": 16.0, ""doy"": 176.0, ""topwt"": 94.62953567504884, ""grnwt"": 0.0, ""xlai"": 0.1916293352842331, ""totir"": 0.0, ""tofer"": NaN, ""swfac"": 0.0, ""nstres"": 0.0}",0.0,0.0,94.62953567504884,0.0,0.1916293352842331,0.0,,0.0,0.0,70.0,225.0,-12.086352539062505,15.913647460937495,Leave_One_experiments/all_year_offline_schedule_search/daily_outputs/LCA/LCA_2023_LCA2023_normal_grid_S0027_daily.csv
LCA,LCA,Luancheng,2023,Leave_One_experiments\wth_generated_qc\LCA\LCA2023.WTH,wet_year;nitrogen_stress_year;low_response_year,wet,LCA2023_normal_grid_S0027,top_yield,2023-06-26,177,17,12,"{""sim_day"": 17.0, ""doy"": 177.0, ""topwt"": 127.38264083862305, ""grnwt"": 0.0, ""xlai"": 0.2497031688690185, ""totir"": 0.0, ""tofer"": NaN, ""swfac"": 0.0, ""nstres"": 0.0}",0.0,0.0,127.38264083862305,0.0,0.2497031688690185,0.0,,0.0,0.0,70.0,225.0,-12.086352539062505,15.913647460937495,Leave_One_experiments/all_year_offline_schedule_search/daily_outputs/LCA/LCA_2023_LCA2023_normal_grid_S0027_daily.csv
LCA,LCA,Luancheng,2023,Leave_One_experiments\wth_generated_qc\LCA\LCA2023.WTH,wet_year;nitrogen_stress_year;low_response_year,wet,LCA2023_normal_grid_S0027,top_yield,2023-06-27,178,18,13,"{""sim_day"": 18.0, ""doy"": 178.0, ""topwt"": 150.78413009643555, ""grnwt"": 0.0, ""xlai"": 0.3086592853069305, ""totir"": 0.0, ""tofer"": NaN, ""swfac"": 0.0, ""nstres"": 0.0}",0.0,0.0,150.78413009643555,0.0,0.3086592853069305,0.0,,0.0,0.0,70.0,225.0,-12.086352539062505,15.913647460937495,Leave_One_experiments/all_year_offline_schedule_search/daily_outputs/LCA/LCA_2023_LCA2023_normal_grid_S0027_daily.csv
LCA,LCA,Luancheng,2023,Leave_One_experiments\wth_generated_qc\LCA\LCA2023.WTH,wet_year;nitrogen_stress_year;low_response_year,wet,LCA2023_normal_grid_S0027,top_yield,2023-06-28,179,19,14,"{""sim_day"": 19.0, ""doy"": 179.0, ""topwt"": 202.20043182373047, ""grnwt"": 0.0, ""xlai"": 0.3962660431861877, ""totir"": 0.0, ""tofer"": NaN, ""swfac"": 0.0, ""nstres"": 0.0007663965225219}",0.0,0.0007663965225219,202.20043182373047,0.0,0.3962660431861877,0.0,,0.0,0.0,70.0,225.0,-12.086352539062505,15.913647460937495,Leave_One_experiments/all_year_offline_schedule_search/daily_outputs/LCA/LCA_2023_LCA2023_normal_grid_S0027_daily.csv
LCA,LCA,Luancheng,2023,Leave_One_experiments\wth_generated_qc\LCA\LCA2023.WTH,wet_year;nitrogen_stress_year;low_response_year,wet,LCA2023_normal_grid_S0027,top_yield,2023-06-29,180,20,15,"{""sim_day"": 20.0, ""doy"": 180.0, ""topwt"": 271.50779724121094, ""grnwt"": 0.0, ""xlai"": 0.5069241523742676, ""totir"": 0.0, ""tofer"": NaN, ""swfac"": 0.0, ""nstres"": 0.0}",0.0,0.0,271.50779724121094,0.0,0.5069241523742676,0.0,,0.0,0.0,70.0,225.0,-12.086352539062505,15.913647460937495,Leave_One_experiments/all_year_offline_schedule_search/daily_outputs/LCA/LCA_2023_LCA2023_normal_grid_S0027_daily.csv
LCA,LCA,Luancheng,2023,Leave_One_experiments\wth_generated_qc\LCA\LCA2023.WTH,wet_year;nitrogen_stress_year;low_response_year,wet,LCA2023_normal_grid_S0027,top_yield,2023-06-30,181,21,16,"{""sim_day"": 21.0, ""doy"": 181.0, ""topwt"": 354.84424591064453, ""grnwt"": 0.0, ""xlai"": 0.6320288181304932, ""totir"": 0.0, ""tofer"": NaN, ""swfac"": 0.0, ""nstres"": 0.0}",0.0,0.0,354.84424591064453,0.0,0.6320288181304932,0.0,,0.0,0.0,70.0,225.0,-12.086352539062505,15.913647460937495,Leave_One_experiments/all_year_offline_schedule_search/daily_outputs/LCA/LCA_2023_LCA2023_normal_grid_S0027_daily.csv
LCA,LCA,Luancheng,2023,Leave_One_experiments\wth_generated_qc\LCA\LCA2023.WTH,wet_year;nitrogen_stress_year;low_response_year,wet,LCA2023_normal_grid_S0027,top_yield,2023-07-01,182,22,17,"{""sim_day"": 22.0, ""doy"": 182.0, ""topwt"": 457.6225662231445, ""grnwt"": 0.0, ""xlai"": 0.7777776718139648, ""totir"": 0.0, ""tofer"": NaN, ""swfac"": 0.0, ""nstres"": 0.0}",0.0,0.0,457.6225662231445,0.0,0.7777776718139648,0.0,,0.0,0.0,70.0,225.0,-12.086352539062505,15.913647460937495,Leave_One_experiments/all_year_offline_schedule_search/daily_outputs/LCA/LCA_2023_LCA2023_normal_grid_S0027_daily.csv
LCA,LCA,Luancheng,2023,Leave_One_experiments\wth_generated_qc\LCA\LCA2023.WTH,wet_year;nitrogen_stress_year;low_response_year,wet,LCA2023_normal_grid_S0027,top_yield,2023-07-02,183,23,18,"{""sim_day"": 23.0, ""doy"": 183.0, ""topwt"": 515.0072860717773, ""grnwt"": 0.0, ""xlai"": 0.8552907705307007, ""totir"": 0.0, ""tofer"": NaN, ""swfac"": 0.0, ""nstres"": 0.0}",0.0,0.0,515.0072860717773,0.0,0.8552907705307007,0.0,,0.0,0.0,70.0,225.0,-12.086352539062505,15.913647460937495,Leave_One_experiments/all_year_offline_schedule_search/daily_outputs/LCA/LCA_2023_LCA2023_normal_grid_S0027_daily.csv
LCA,LCA,Luancheng,2023,Leave_One_experiments\wth_generated_qc\LCA\LCA2023.WTH,wet_year;nitrogen_stress_year;low_response_year,wet,LCA2023_normal_grid_S0027,top_yield,2023-07-03,184,24,19,"{""sim_day"": 24.0, ""doy"": 184.0, ""topwt"": 633.8808822631836, ""grnwt"": 0.0, ""xlai"": 1.010382890701294, ""totir"": 0.0, ""tofer"": NaN, ""swfac"": 0.0, ""nstres"": 0.0}",0.0,0.0,633.8808822631836,0.0,1.010382890701294,0.0,,0.0,0.0,70.0,225.0,-12.086352539062505,15.913647460937495,Leave_One_experiments/all_year_offline_schedule_search/daily_outputs/LCA/LCA_2023_LCA2023_normal_grid_S0027_daily.csv
LCA,LCA,Luancheng,2023,Leave_One_experiments\wth_generated_qc\LCA\LCA2023.WTH,wet_year;nitrogen_stress_year;low_response_year,wet,LCA2023_normal_grid_S0027,top_yield,2023-07-04,185,25,20,"{""sim_day"": 25.0, ""doy"": 185.0, ""topwt"": 793.0146026611328, ""grnwt"": 0.0, ""xlai"": 1.2128026485443115, ""totir"": 0.0, ""tofer"": NaN, ""swfac"": 0.0, ""nstres"": 0.0}",0.0,0.0,793.0146026611328,0.0,1.2128026485443115,0.0,,0.0,0.0,70.0,225.0,-12.086352539062505,15.913647460937495,Leave_One_experiments/all_year_offline_schedule_search/daily_outputs/LCA/LCA_2023_LCA2023_normal_grid_S0027_daily.csv
LCA,LCA,Luancheng,2023,Leave_One_experiments\wth_generated_qc\LCA\LCA2023.WTH,wet_year;nitrogen_stress_year;low_response_year,wet,LCA2023_normal_grid_S0027,top_yield,2023-07-05,186,26,21,"{""sim_day"": 26.0, ""doy"": 186.0, ""topwt"": 976.3417053222656, ""grnwt"": 0.0, ""xlai"": 1.4291614294052124, ""totir"": 0.0, ""tofer"": NaN, ""swfac"": 0.0, ""nstres"": 0.0}",0.0,0.0,976.3417053222656,0.0,1.4291614294052124,0.0,,0.0,0.0,70.0,225.0,-12.086352539062505,15.913647460937495,Leave_One_experiments/all_year_offline_schedule_search/daily_outputs/LCA/LCA_2023_LCA2023_normal_grid_S0027_daily.csv
LCA,LCA,Luancheng,2023,Leave_One_experiments\wth_generated_qc\LCA\LCA2023.WTH,wet_year;nitrogen_stress_year;low_response_year,wet,LCA2023_normal_grid_S0027,top_yield,2023-07-06,187,27,22,"{""sim_day"": 27.0, ""doy"": 187.0, ""topwt"": 1178.4024810791016, ""grnwt"": 0.0, ""xlai"": 1.64866304397583, ""totir"": 0.0, ""tofer"": NaN, ""swfac"": 0.0, ""nstres"": 0.0}",0.0,0.0,1178.4024810791016,0.0,1.64866304397583,0.0,,0.0,0.0,70.0,225.0,-12.086352539062505,15.913647460937495,Leave_One_experiments/all_year_offline_schedule_search/daily_outputs/LCA/LCA_2023_LCA2023_normal_grid_S0027_daily.csv
LCA,LCA,Luancheng,2023,Leave_One_experiments\wth_generated_qc\LCA\LCA2023.WTH,wet_year;nitrogen_stress_year;low_response_year,wet,LCA2023_normal_grid_S0027,top_yield,2023-07-07,188,28,23,"{""sim_day"": 28.0, ""doy"": 188.0, ""topwt"": 1394.6070861816406, ""grnwt"": 0.0, ""xlai"": 1.8638944625854488, ""totir"": 0.0, ""tofer"": NaN, ""swfac"": 0.0, ""nstres"": 0.0}",0.0,0.0,1394.6070861816406,0.0,1.8638944625854488,0.0,,0.0,0.0,70.0,225.0,-12.086352539062505,15.913647460937495,Leave_One_experiments/all_year_offline_schedule_search/daily_outputs/LCA/LCA_2023_LCA2023_normal_grid_S0027_daily.csv
LCA,LCA,Luancheng,2023,Leave_One_experiments\wth_generated_qc\LCA\LCA2023.WTH,wet_year;nitrogen_stress_year;low_response_year,wet,LCA2023_normal_grid_S0027,top_yield,2023-07-08,189,29,24,"{""sim_day"": 29.0, ""doy"": 189.0, ""topwt"": 1636.56982421875, ""grnwt"": 0.0, ""xlai"": 2.0833094120025635, ""totir"": 0.0, ""tofer"": NaN, ""swfac"": 0.0, ""nstres"": 0.0}",0.0,0.0,1636.56982421875,0.0,2.0833094120025635,0.0,,0.0,0.0,70.0,225.0,-12.086352539062505,15.913647460937495,Leave_One_experiments/all_year_offline_schedule_search/daily_outputs/LCA/LCA_2023_LCA2023_normal_grid_S0027_daily.csv
LCA,LCA,Luancheng,2023,Leave_One_experiments\wth_generated_qc\LCA\LCA2023.WTH,wet_year;nitrogen_stress_year;low_response_year,wet,LCA2023_normal_grid_S0027,top_yield,2023-07-09,190,30,25,"{""sim_day"": 30.0, ""doy"": 190.0, ""topwt"": 1906.4051818847656, ""grnwt"": 0.0, ""xlai"": 2.3050482273101807, ""totir"": 0.0, ""tofer"": NaN, ""swfac"": 0.0, ""nstres"": 0.0}",0.0,0.0,1906.4051818847656,0.0,2.3050482273101807,0.0,,0.0,0.0,70.0,225.0,-12.086352539062505,15.913647460937495,Leave_One_experiments/all_year_offline_schedule_search/daily_outputs/LCA/LCA_2023_LCA2023_normal_grid_S0027_daily.csv
LCA,LCA,Luancheng,2023,Leave_One_experiments\wth_generated_qc\LCA\LCA2023.WTH,wet_year;nitrogen_stress_year;low_response_year,wet,LCA2023_normal_grid_S0027,top_yield,2023-07-10,191,31,26,"{""sim_day"": 31.0, ""doy"": 191.0, ""topwt"": 2161.7855834960938, ""grnwt"": 0.0, ""xlai"": 2.49442982673645, ""totir"": 0.0, ""tofer"": NaN, ""swfac"": 0.0, ""nstres"": 0.0}",0.0,0.0,2161.7855834960938,0.0,2.49442982673645,0.0,,0.0,0.0,70.0,225.0,-12.086352539062505,15.913647460937495,Leave_One_experiments/all_year_offline_schedule_search/daily_outputs/LCA/LCA_2023_LCA2023_normal_grid_S0027_daily.csv
LCA,LCA,Luancheng,2023,Leave_One_experiments\wth_generated_qc\LCA\LCA2023.WTH,wet_year;nitrogen_stress_year;low_response_year,wet,LCA2023_normal_grid_S0027,top_yield,2023-07-11,192,32,27,"{""sim_day"": 32.0, ""doy"": 192.0, ""topwt"": 2201.3182067871094, ""grnwt"": 0.0, ""xlai"": 2.5212178230285645, ""totir"": 0.0, ""tofer"": NaN, ""swfac"": 0.0, ""nstres"": 0.0}",0.0,0.0,2201.3182067871094,0.0,2.5212178230285645,0.0,,0.0,0.0,70.0,225.0,-12.086352539062505,15.913647460937495,Leave_One_experiments/all_year_offline_schedule_search/daily_outputs/LCA/LCA_2023_LCA2023_normal_grid_S0027_daily.csv
LCA,LCA,Luancheng,2023,Leave_One_experiments\wth_generated_qc\LCA\LCA2023.WTH,wet_year;nitrogen_stress_year;low_response_year,wet,LCA2023_normal_grid_S0027,top_yield,2023-07-12,193,33,28,"{""sim_day"": 33.0, ""doy"": 193.0, ""topwt"": 2398.231964111328, ""grnwt"": 0.0, ""xlai"": 2.645535469055176, ""totir"": 0.0, ""tofer"": NaN, ""swfac"": 0.0, ""nstres"": 0.0}",0.0,0.0,2398.231964111328,0.0,2.645535469055176,0.0,,0.0,0.0,70.0,225.0,-12.086352539062505,15.913647460937495,Leave_One_experiments/all_year_offline_schedule_search/daily_outputs/LCA/LCA_2023_LCA2023_normal_grid_S0027_daily.csv
LCA,LCA,Luancheng,2023,Leave_One_experiments\wth_generated_qc\LCA\LCA2023.WTH,wet_year;nitrogen_stress_year;low_response_year,wet,LCA2023_normal_grid_S0027,top_yield,2023-07-13,194,34,29,"{""sim_day"": 34.0, ""doy"": 194.0, ""topwt"": 2766.976623535156, ""grnwt"": 0.0, ""xlai"": 2.8564226627349854, ""totir"": 0.0, ""tofer"": NaN, ""swfac"": 0.0, ""nstres"": 0.0}",0.0,0.0,2766.976623535156,0.0,2.8564226627349854,0.0,,0.0,0.0,70.0,225.0,-12.086352539062505,15.913647460937495,Leave_One_experiments/all_year_offline_schedule_search/daily_outputs/LCA/LCA_2023_LCA2023_normal_grid_S0027_daily.csv
LCA,LCA,Luancheng,2023,Leave_One_experiments\wth_generated_qc\LCA\LCA2023.WTH,wet_year;nitrogen_stress_year;low_response_year,wet,LCA2023_normal_grid_S0027,top_yield,2023-07-14,195,35,30,"{""sim_day"": 35.0, ""doy"": 195.0, ""topwt"": 3201.5768432617188, ""grnwt"": 0.0, ""xlai"": 3.079785823822021, ""totir"": 0.0, ""tofer"": NaN, ""swfac"": 0.0, ""nstres"": 0.0}",0.0,0.0,3201.5768432617188,0.0,3.079785823822021,0.0,,0.0,75.0,70.0,225.0,-12.086352539062505,15.913647460937495,Leave_One_experiments/all_year_offline_schedule_search/daily_outputs/LCA/LCA_2023_LCA2023_normal_grid_S0027_daily.csv
LCA,LCA,Luancheng,2023,Leave_One_experiments\wth_generated_qc\LCA\LCA2023.WTH,wet_year;nitrogen_stress_year;low_response_year,wet,LCA2023_normal_grid_S0027,top_yield,2023-07-15,196,36,31,"{""sim_day"": 36.0, ""doy"": 196.0, ""topwt"": 3502.9330444335938, ""grnwt"": 0.0, ""xlai"": 3.221173048019409, ""totir"": 0.0, ""tofer"": NaN, ""swfac"": 0.0, ""nstres"": 0.0}",0.0,0.0,3502.9330444335938,0.0,3.221173048019409,0.0,,0.0,0.0,70.0,225.0,-12.086352539062505,15.913647460937495,Leave_One_experiments/all_year_offline_schedule_search/daily_outputs/LCA/LCA_2023_LCA2023_normal_grid_S0027_daily.csv
LCA,LCA,Luancheng,2023,Leave_One_experiments\wth_generated_qc\LCA\LCA2023.WTH,wet_year;nitrogen_stress_year;low_response_year,wet,LCA2023_normal_grid_S0027,top_yield,2023-07-16,197,37,32,"{""sim_day"": 37.0, ""doy"": 197.0, ""topwt"": 3913.4320068359375, ""grnwt"": 0.0, ""xlai"": 3.3797733783721924, ""totir"": 0.0, ""tofer"": NaN, ""swfac"": 0.0, ""nstres"": 0.0418858528137207}",0.0,0.0418858528137207,3913.4320068359375,0.0,3.3797733783721924,0.0,,0.0,0.0,70.0,225.0,-12.086352539062505,15.913647460937495,Leave_One_experiments/all_year_offline_schedule_search/daily_outputs/LCA/LCA_2023_LCA2023_normal_grid_S0027_daily.csv
LCA,LCA,Luancheng,2023,Leave_One_experiments\wth_generated_qc\LCA\LCA2023.WTH,wet_year;nitrogen_stress_year;low_response_year,wet,LCA2023_normal_grid_S0027,top_yield,2023-07-17,198,38,33,"{""sim_day"": 38.0, ""doy"": 198.0, ""topwt"": 4362.3809814453125, ""grnwt"": 0.0, ""xlai"": 3.592016220092773, ""totir"": 0.0, ""tofer"": NaN, ""swfac"": 0.0, ""nstres"": 0.0576000213623046}",0.0,0.0576000213623046,4362.3809814453125,0.0,3.592016220092773,0.0,,0.0,0.0,70.0,225.0,-12.086352539062505,15.913647460937495,Leave_One_experiments/all_year_offline_schedule_search/daily_outputs/LCA/LCA_2023_LCA2023_normal_grid_S0027_daily.csv
LCA,LCA,Luancheng,2023,Leave_One_experiments\wth_generated_qc\LCA\LCA2023.WTH,wet_year;nitrogen_stress_year;low_response_year,wet,LCA2023_normal_grid_S0027,top_yield,2023-07-18,199,39,34,"{""sim_day"": 39.0, ""doy"": 199.0, ""topwt"": 4782.895202636719, ""grnwt"": 0.0, ""xlai"": 3.7183659076690674, ""totir"": 0.0, ""tofer"": NaN, ""swfac"": 0.0, ""nstres"": 0.0877580642700195}",0.0,0.0877580642700195,4782.895202636719,0.0,3.7183659076690674,0.0,,0.0,0.0,70.0,225.0,-12.086352539062505,15.913647460937495,Leave_One_experiments/all_year_offline_schedule_search/daily_outputs/LCA/LCA_2023_LCA2023_normal_grid_S0027_daily.csv
LCA,LCA,Luancheng,2023,Leave_One_experiments\wth_generated_qc\LCA\LCA2023.WTH,wet_year;nitrogen_stress_year;low_response_year,wet,LCA2023_normal_grid_S0027,top_yield,2023-07-19,200,40,35,"{""sim_day"": 40.0, ""doy"": 200.0, ""topwt"": 5107.933044433594, ""grnwt"": 0.0, ""xlai"": 3.772237777709961, ""totir"": 40.0, ""tofer"": NaN, ""swfac"": 0.0, ""nstres"": 0.1177232265472412}",0.0,0.1177232265472412,5107.933044433594,0.0,3.772237777709961,40.0,,40.0,0.0,70.0,225.0,-12.086352539062505,15.913647460937495,Leave_One_experiments/all_year_offline_schedule_search/daily_outputs/LCA/LCA_2023_LCA2023_normal_grid_S0027_daily.csv
LCA,LCA,Luancheng,2023,Leave_One_experiments\wth_generated_qc\LCA\LCA2023.WTH,wet_year;nitrogen_stress_year;low_response_year,wet,LCA2023_normal_grid_S0027,top_yield,2023-07-20,201,41,36,"{""sim_day"": 41.0, ""doy"": 201.0, ""topwt"": 5221.224365234375, ""grnwt"": 0.0, ""xlai"": 3.7810616493225098, ""totir"": 40.0, ""tofer"": NaN, ""swfac"": 0.0, ""nstres"": 0.0536852478981018}",0.0,0.0536852478981018,5221.224365234375,0.0,3.7810616493225098,40.0,,0.0,0.0,70.0,225.0,-12.086352539062505,15.913647460937495,Leave_One_experiments/all_year_offline_schedule_search/daily_outputs/LCA/LCA_2023_LCA2023_normal_grid_S0027_daily.csv
LCA,LCA,Luancheng,2023,Leave_One_experiments\wth_generated_qc\LCA\LCA2023.WTH,wet_year;nitrogen_stress_year;low_response_year,wet,LCA2023_normal_grid_S0027,top_yield,2023-07-21,202,42,37,"{""sim_day"": 42.0, ""doy"": 202.0, ""topwt"": 5608.9398193359375, ""grnwt"": 0.0, ""xlai"": 3.8904671669006343, ""totir"": 40.0, ""tofer"": NaN, ""swfac"": 0.0, ""nstres"": 0.0}",0.0,0.0,5608.9398193359375,0.0,3.8904671669006343,40.0,,0.0,0.0,70.0,225.0,-12.086352539062505,15.913647460937495,Leave_One_experiments/all_year_offline_schedule_search/daily_outputs/LCA/LCA_2023_LCA2023_normal_grid_S0027_daily.csv
LCA,LCA,Luancheng,2023,Leave_One_experiments\wth_generated_qc\LCA\LCA2023.WTH,wet_year;nitrogen_stress_year;low_response_year,wet,LCA2023_normal_grid_S0027,top_yield,2023-07-22,203,43,38,"{""sim_day"": 43.0, ""doy"": 203.0, ""topwt"": 6049.567260742188, ""grnwt"": 0.0, ""xlai"": 4.005670547485352, ""totir"": 40.0, ""tofer"": NaN, ""swfac"": 0.0, ""nstres"": 0.0}",0.0,0.0,6049.567260742188,0.0,4.005670547485352,40.0,,0.0,0.0,70.0,225.0,-12.086352539062505,15.913647460937495,Leave_One_experiments/all_year_offline_schedule_search/daily_outputs/LCA/LCA_2023_LCA2023_normal_grid_S0027_daily.csv
LCA,LCA,Luancheng,2023,Leave_One_experiments\wth_generated_qc\LCA\LCA2023.WTH,wet_year;nitrogen_stress_year;low_response_year,wet,LCA2023_normal_grid_S0027,top_yield,2023-07-23,204,44,39,"{""sim_day"": 44.0, ""doy"": 204.0, ""topwt"": 6414.2706298828125, ""grnwt"": 0.0, ""xlai"": 4.0946879386901855, ""totir"": 40.0, ""tofer"": NaN, ""swfac"": 0.0, ""nstres"": 0.0}",0.0,0.0,6414.2706298828125,0.0,4.0946879386901855,40.0,,0.0,0.0,70.0,225.0,-12.086352539062505,15.913647460937495,Leave_One_experiments/all_year_offline_schedule_search/daily_outputs/LCA/LCA_2023_LCA2023_normal_grid_S0027_daily.csv
LCA,LCA,Luancheng,2023,Leave_One_experiments\wth_generated_qc\LCA\LCA2023.WTH,wet_year;nitrogen_stress_year;low_response_year,wet,LCA2023_normal_grid_S0027,top_yield,2023-07-24,205,45,40,"{""sim_day"": 45.0, ""doy"": 205.0, ""topwt"": 6814.269409179688, ""grnwt"": 0.0, ""xlai"": 4.184298992156982, ""totir"": 40.0, ""tofer"": NaN, ""swfac"": 0.0, ""nstres"": 0.0}",0.0,0.0,6814.269409179688,0.0,4.184298992156982,40.0,,0.0,0.0,70.0,225.0,-12.086352539062505,15.913647460937495,Leave_One_experiments/all_year_offline_schedule_search/daily_outputs/LCA/LCA_2023_LCA2023_normal_grid_S0027_daily.csv
LCA,LCA,Luancheng,2023,Leave_One_experiments\wth_generated_qc\LCA\LCA2023.WTH,wet_year;nitrogen_stress_year;low_response_year,wet,LCA2023_normal_grid_S0027,top_yield,2023-07-25,206,46,41,"{""sim_day"": 46.0, ""doy"": 206.0, ""topwt"": 7253.20068359375, ""grnwt"": 0.0, ""xlai"": 4.2796783447265625, ""totir"": 40.0, ""tofer"": NaN, ""swfac"": 0.0, ""nstres"": 0.0}",0.0,0.0,7253.20068359375,0.0,4.2796783447265625,40.0,,0.0,0.0,70.0,225.0,-12.086352539062505,15.913647460937495,Leave_One_experiments/all_year_offline_schedule_search/daily_outputs/LCA/LCA_2023_LCA2023_normal_grid_S0027_daily.csv
LCA,LCA,Luancheng,2023,Leave_One_experiments\wth_generated_qc\LCA\LCA2023.WTH,wet_year;nitrogen_stress_year;low_response_year,wet,LCA2023_normal_grid_S0027,top_yield,2023-07-26,207,47,42,"{""sim_day"": 47.0, ""doy"": 207.0, ""topwt"": 7678.9385986328125, ""grnwt"": 0.0, ""xlai"": 4.368372440338135, ""totir"": 40.0, ""tofer"": NaN, ""swfac"": 0.0, ""nstres"": 0.0}",0.0,0.0,7678.9385986328125,0.0,4.368372440338135,40.0,,0.0,0.0,70.0,225.0,-12.086352539062505,15.913647460937495,Leave_One_experiments/all_year_offline_schedule_search/daily_outputs/LCA/LCA_2023_LCA2023_normal_grid_S0027_daily.csv
LCA,LCA,Luancheng,2023,Leave_One_experiments\wth_generated_qc\LCA\LCA2023.WTH,wet_year;nitrogen_stress_year;low_response_year,wet,LCA2023_normal_grid_S0027,top_yield,2023-07-27,208,48,43,"{""sim_day"": 48.0, ""doy"": 208.0, ""topwt"": 7864.4287109375, ""grnwt"": 0.0, ""xlai"": 4.397994041442871, ""totir"": 40.0, ""tofer"": NaN, ""swfac"": 0.0, ""nstres"": 0.0}",0.0,0.0,7864.4287109375,0.0,4.397994041442871,40.0,,0.0,0.0,70.0,225.0,-12.086352539062505,15.913647460937495,Leave_One_experiments/all_year_offline_schedule_search/daily_outputs/LCA/LCA_2023_LCA2023_normal_grid_S0027_daily.csv
LCA,LCA,Luancheng,2023,Leave_One_experiments\wth_generated_qc\LCA\LCA2023.WTH,wet_year;nitrogen_stress_year;low_response_year,wet,LCA2023_normal_grid_S0027,top_yield,2023-07-28,209,49,44,"{""sim_day"": 49.0, ""doy"": 209.0, ""topwt"": 7916.807250976562, ""grnwt"": 0.0, ""xlai"": 4.382749080657959, ""totir"": 40.0, ""tofer"": NaN, ""swfac"": 0.0, ""nstres"": 0.0}",0.0,0.0,7916.807250976562,0.0,4.382749080657959,40.0,,0.0,0.0,70.0,225.0,-12.086352539062505,15.913647460937495,Leave_One_experiments/all_year_offline_schedule_search/daily_outputs/LCA/LCA_2023_LCA2023_normal_grid_S0027_daily.csv
LCA,LCA,Luancheng,2023,Leave_One_experiments\wth_generated_qc\LCA\LCA2023.WTH,wet_year;nitrogen_stress_year;low_response_year,wet,LCA2023_normal_grid_S0027,top_yield,2023-07-29,210,50,45,"{""sim_day"": 50.0, ""doy"": 210.0, ""topwt"": 7976.9573974609375, ""grnwt"": 0.0, ""xlai"": 4.361771106719971, ""totir"": 40.0, ""tofer"": NaN, ""swfac"": 0.0, ""nstres"": 0.0}",0.0,0.0,7976.9573974609375,0.0,4.361771106719971,40.0,,0.0,0.0,70.0,225.0,-12.086352539062505,15.913647460937495,Leave_One_experiments/all_year_offline_schedule_search/daily_outputs/LCA/LCA_2023_LCA2023_normal_grid_S0027_daily.csv
LCA,LCA,Luancheng,2023,Leave_One_experiments\wth_generated_qc\LCA\LCA2023.WTH,wet_year;nitrogen_stress_year;low_response_year,wet,LCA2023_normal_grid_S0027,top_yield,2023-07-30,211,51,46,"{""sim_day"": 51.0, ""doy"": 211.0, ""topwt"": 8138.6962890625, ""grnwt"": 0.0, ""xlai"": 4.338481426239014, ""totir"": 40.0, ""tofer"": NaN, ""swfac"": 0.0, ""nstres"": 0.0}",0.0,0.0,8138.6962890625,0.0,4.338481426239014,40.0,,0.0,0.0,70.0,225.0,-12.086352539062505,15.913647460937495,Leave_One_experiments/all_year_offline_schedule_search/daily_outputs/LCA/LCA_2023_LCA2023_normal_grid_S0027_daily.csv
LCA,LCA,Luancheng,2023,Leave_One_experiments\wth_generated_qc\LCA\LCA2023.WTH,wet_year;nitrogen_stress_year;low_response_year,wet,LCA2023_normal_grid_S0027,top_yield,2023-07-31,212,52,47,"{""sim_day"": 52.0, ""doy"": 212.0, ""topwt"": 8373.555297851562, ""grnwt"": 0.0, ""xlai"": 4.314960479736328, ""totir"": 40.0, ""tofer"": NaN, ""swfac"": 0.0, ""nstres"": 0.0}",0.0,0.0,8373.555297851562,0.0,4.314960479736328,40.0,,0.0,0.0,70.0,225.0,-12.086352539062505,15.913647460937495,Leave_One_experiments/all_year_offline_schedule_search/daily_outputs/LCA/LCA_2023_LCA2023_normal_grid_S0027_daily.csv
LCA,LCA,Luancheng,2023,Leave_One_experiments\wth_generated_qc\LCA\LCA2023.WTH,wet_year;nitrogen_stress_year;low_response_year,wet,LCA2023_normal_grid_S0027,top_yield,2023-08-01,213,53,48,"{""sim_day"": 53.0, ""doy"": 213.0, ""topwt"": 8773.36181640625, ""grnwt"": 0.0, ""xlai"": 4.289994716644287, ""totir"": 40.0, ""tofer"": NaN, ""swfac"": 0.0, ""nstres"": 0.0}",0.0,0.0,8773.36181640625,0.0,4.289994716644287,40.0,,0.0,0.0,70.0,225.0,-12.086352539062505,15.913647460937495,Leave_One_experiments/all_year_offline_schedule_search/daily_outputs/LCA/LCA_2023_LCA2023_normal_grid_S0027_daily.csv
LCA,LCA,Luancheng,2023,Leave_One_experiments\wth_generated_qc\LCA\LCA2023.WTH,wet_year;nitrogen_stress_year;low_response_year,wet,LCA2023_normal_grid_S0027,top_yield,2023-08-02,214,54,49,"{""sim_day"": 54.0, ""doy"": 214.0, ""topwt"": 9176.00341796875, ""grnwt"": 0.0, ""xlai"": 4.264352321624756, ""totir"": 40.0, ""tofer"": NaN, ""swfac"": 0.0, ""nstres"": 0.0}",0.0,0.0,9176.00341796875,0.0,4.264352321624756,40.0,,0.0,0.0,70.0,225.0,-12.086352539062505,15.913647460937495,Leave_One_experiments/all_year_offline_schedule_search/daily_outputs/LCA/LCA_2023_LCA2023_normal_grid_S0027_daily.csv
LCA,LCA,Luancheng,2023,Leave_One_experiments\wth_generated_qc\LCA\LCA2023.WTH,wet_year;nitrogen_stress_year;low_response_year,wet,LCA2023_normal_grid_S0027,top_yield,2023-08-03,215,55,50,"{""sim_day"": 55.0, ""doy"": 215.0, ""topwt"": 9480.401611328123, ""grnwt"": 0.0, ""xlai"": 4.238689422607422, ""totir"": 40.0, ""tofer"": NaN, ""swfac"": 0.0, ""nstres"": 0.0}",0.0,0.0,9480.401611328123,0.0,4.238689422607422,40.0,,0.0,0.0,70.0,225.0,-12.086352539062505,15.913647460937495,Leave_One_experiments/all_year_offline_schedule_search/daily_outputs/LCA/LCA_2023_LCA2023_normal_grid_S0027_daily.csv
LCA,LCA,Luancheng,2023,Leave_One_experiments\wth_generated_qc\LCA\LCA2023.WTH,wet_year;nitrogen_stress_year;low_response_year,wet,LCA2023_normal_grid_S0027,top_yield,2023-08-04,216,56,51,"{""sim_day"": 56.0, ""doy"": 216.0, ""topwt"": 9708.944702148438, ""grnwt"": 0.0, ""xlai"": 4.215746402740479, ""totir"": 40.0, ""tofer"": NaN, ""swfac"": 0.0, ""nstres"": 0.0}",0.0,0.0,9708.944702148438,0.0,4.215746402740479,40.0,,0.0,0.0,70.0,225.0,-12.086352539062505,15.913647460937495,Leave_One_experiments/all_year_offline_schedule_search/daily_outputs/LCA/LCA_2023_LCA2023_normal_grid_S0027_daily.csv
LCA,LCA,Luancheng,2023,Leave_One_experiments\wth_generated_qc\LCA\LCA2023.WTH,wet_year;nitrogen_stress_year;low_response_year,wet,LCA2023_normal_grid_S0027,top_yield,2023-08-05,217,57,52,"{""sim_day"": 57.0, ""doy"": 217.0, ""topwt"": 9974.483032226562, ""grnwt"": 265.5384635925293, ""xlai"": 4.123700141906738, ""totir"": 40.0, ""tofer"": NaN, ""swfac"": 0.0, ""nstres"": 0.0}",0.0,0.0,9974.483032226562,265.5384635925293,4.123700141906738,40.0,,0.0,0.0,70.0,225.0,-12.086352539062505,15.913647460937495,Leave_One_experiments/all_year_offline_schedule_search/daily_outputs/LCA/LCA_2023_LCA2023_normal_grid_S0027_daily.csv
LCA,LCA,Luancheng,2023,Leave_One_experiments\wth_generated_qc\LCA\LCA2023.WTH,wet_year;nitrogen_stress_year;low_response_year,wet,LCA2023_normal_grid_S0027,top_yield,2023-08-06,218,58,53,"{""sim_day"": 58.0, ""doy"": 218.0, ""topwt"": 10267.681884765623, ""grnwt"": 558.7371826171875, ""xlai"": 4.109938144683838, ""totir"": 40.0, ""tofer"": NaN, ""swfac"": 0.0, ""nstres"": 0.0}",0.0,0.0,10267.681884765623,558.7371826171875,4.109938144683838,40.0,,0.0,0.0,70.0,225.0,-12.086352539062505,15.913647460937495,Leave_One_experiments/all_year_offline_schedule_search/daily_outputs/LCA/LCA_2023_LCA2023_normal_grid_S0027_daily.csv
LCA,LCA,Luancheng,2023,Leave_One_experiments\wth_generated_qc\LCA\LCA2023.WTH,wet_year;nitrogen_stress_year;low_response_year,wet,LCA2023_normal_grid_S0027,top_yield,2023-08-07,219,59,54,"{""sim_day"": 59.0, ""doy"": 219.0, ""topwt"": 10536.9091796875, ""grnwt"": 827.9636383056641, ""xlai"": 4.09251594543457, ""totir"": 40.0, ""tofer"": NaN, ""swfac"": 0.0, ""nstres"": 0.0}",0.0,0.0,10536.9091796875,827.9636383056641,4.09251594543457,40.0,,0.0,0.0,70.0,225.0,-12.086352539062505,15.913647460937495,Leave_One_experiments/all_year_offline_schedule_search/daily_outputs/LCA/LCA_2023_LCA2023_normal_grid_S0027_daily.csv
LCA,LCA,Luancheng,2023,Leave_One_experiments\wth_generated_qc\LCA\LCA2023.WTH,wet_year;nitrogen_stress_year;low_response_year,wet,LCA2023_normal_grid_S0027,top_yield,2023-08-08,220,60,55,"{""sim_day"": 60.0, ""doy"": 220.0, ""topwt"": 10782.1630859375, ""grnwt"": 1073.2178497314453, ""xlai"": 4.0707621574401855, ""totir"": 40.0, ""tofer"": NaN, ""swfac"": 0.0, ""nstres"": 0.0}",0.0,0.0,10782.1630859375,1073.2178497314453,4.0707621574401855,40.0,,0.0,0.0,70.0,225.0,-12.086352539062505,15.913647460937495,Leave_One_experiments/all_year_offline_schedule_search/daily_outputs/LCA/LCA_2023_LCA2023_normal_grid_S0027_daily.csv
LCA,LCA,Luancheng,2023,Leave_One_experiments\wth_generated_qc\LCA\LCA2023.WTH,wet_year;nitrogen_stress_year;low_response_year,wet,LCA2023_normal_grid_S0027,top_yield,2023-08-09,221,61,56,"{""sim_day"": 61.0, ""doy"": 221.0, ""topwt"": 11038.4814453125, ""grnwt"": 1329.5361328125, ""xlai"": 4.045240879058838, ""totir"": 40.0, ""tofer"": NaN, ""swfac"": 0.0, ""nstres"": 0.0}",0.0,0.0,11038.4814453125,1329.5361328125,4.045240879058838,40.0,,0.0,0.0,70.0,225.0,-12.086352539062505,15.913647460937495,Leave_One_experiments/all_year_offline_schedule_search/daily_outputs/LCA/LCA_2023_LCA2023_normal_grid_S0027_daily.csv
LCA,LCA,Luancheng,2023,Leave_One_experiments\wth_generated_qc\LCA\LCA2023.WTH,wet_year;nitrogen_stress_year;low_response_year,wet,LCA2023_normal_grid_S0027,top_yield,2023-08-10,222,62,57,"{""sim_day"": 62.0, ""doy"": 222.0, ""topwt"": 11291.11083984375, ""grnwt"": 1582.1664428710938, ""xlai"": 4.015147686004639, ""totir"": 40.0, ""tofer"": NaN, ""swfac"": 0.0, ""nstres"": 0.0}",0.0,0.0,11291.11083984375,1582.1664428710938,4.015147686004639,40.0,,0.0,0.0,70.0,225.0,-12.086352539062505,15.913647460937495,Leave_One_experiments/all_year_offline_schedule_search/daily_outputs/LCA/LCA_2023_LCA2023_normal_grid_S0027_daily.csv
LCA,LCA,Luancheng,2023,Leave_One_experiments\wth_generated_qc\LCA\LCA2023.WTH,wet_year;nitrogen_stress_year;low_response_year,wet,LCA2023_normal_grid_S0027,top_yield,2023-08-11,223,63,58,"{""sim_day"": 63.0, ""doy"": 223.0, ""topwt"": 11562.181396484377, ""grnwt"": 1853.2369995117188, ""xlai"": 3.9811699390411377, ""totir"": 40.0, ""tofer"": NaN, ""swfac"": 0.0, ""nstres"": 0.0}",0.0,0.0,11562.181396484377,1853.2369995117188,3.9811699390411377,40.0,,0.0,0.0,70.0,225.0,-12.086352539062505,15.913647460937495,Leave_One_experiments/all_year_offline_schedule_search/daily_outputs/LCA/LCA_2023_LCA2023_normal_grid_S0027_daily.csv
LCA,LCA,Luancheng,2023,Leave_One_experiments\wth_generated_qc\LCA\LCA2023.WTH,wet_year;nitrogen_stress_year;low_response_year,wet,LCA2023_normal_grid_S0027,top_yield,2023-08-12,224,64,59,"{""sim_day"": 64.0, ""doy"": 224.0, ""topwt"": 11818.5009765625, ""grnwt"": 2109.555206298828, ""xlai"": 3.941440105438232, ""totir"": 40.0, ""tofer"": NaN, ""swfac"": 0.0, ""nstres"": 0.0}",0.0,0.0,11818.5009765625,2109.555206298828,3.941440105438232,40.0,,0.0,0.0,70.0,225.0,-12.086352539062505,15.913647460937495,Leave_One_experiments/all_year_offline_schedule_search/daily_outputs/LCA/LCA_2023_LCA2023_normal_grid_S0027_daily.csv
LCA,LCA,Luancheng,2023,Leave_One_experiments\wth_generated_qc\LCA\LCA2023.WTH,wet_year;nitrogen_stress_year;low_response_year,wet,LCA2023_normal_grid_S0027,top_yield,2023-08-13,225,65,60,"{""sim_day"": 65.0, ""doy"": 225.0, ""topwt"": 12074.818115234377, ""grnwt"": 2365.873565673828, ""xlai"": 3.896250247955322, ""totir"": 40.0, ""tofer"": NaN, ""swfac"": 0.0, ""nstres"": 0.0}",0.0,0.0,12074.818115234377,2365.873565673828,3.896250247955322,40.0,,0.0,75.0,70.0,225.0,-12.086352539062505,15.913647460937495,Leave_One_experiments/all_year_offline_schedule_search/daily_outputs/LCA/LCA_2023_LCA2023_normal_grid_S0027_daily.csv
LCA,LCA,Luancheng,2023,Leave_One_experiments\wth_generated_qc\LCA\LCA2023.WTH,wet_year;nitrogen_stress_year;low_response_year,wet,LCA2023_normal_grid_S0027,top_yield,2023-08-14,226,66,61,"{""sim_day"": 66.0, ""doy"": 226.0, ""topwt"": 12345.888671875, ""grnwt"": 2636.9439697265625, ""xlai"": 3.846324920654297, ""totir"": 40.0, ""tofer"": NaN, ""swfac"": 0.0, ""nstres"": 0.0}",0.0,0.0,12345.888671875,2636.9439697265625,3.846324920654297,40.0,,0.0,0.0,70.0,225.0,-12.086352539062505,15.913647460937495,Leave_One_experiments/all_year_offline_schedule_search/daily_outputs/LCA/LCA_2023_LCA2023_normal_grid_S0027_daily.csv
LCA,LCA,Luancheng,2023,Leave_One_experiments\wth_generated_qc\LCA\LCA2023.WTH,wet_year;nitrogen_stress_year;low_response_year,wet,LCA2023_normal_grid_S0027,top_yield,2023-08-15,227,67,62,"{""sim_day"": 67.0, ""doy"": 227.0, ""topwt"": 12561.63818359375, ""grnwt"": 2852.694091796875, ""xlai"": 3.786041259765625, ""totir"": 40.0, ""tofer"": NaN, ""swfac"": 0.0, ""nstres"": 0.0}",0.0,0.0,12561.63818359375,2852.694091796875,3.786041259765625,40.0,,0.0,0.0,70.0,225.0,-12.086352539062505,15.913647460937495,Leave_One_experiments/all_year_offline_schedule_search/daily_outputs/LCA/LCA_2023_LCA2023_normal_grid_S0027_daily.csv
LCA,LCA,Luancheng,2023,Leave_One_experiments\wth_generated_qc\LCA\LCA2023.WTH,wet_year;nitrogen_stress_year;low_response_year,wet,LCA2023_normal_grid_S0027,top_yield,2023-08-16,228,68,63,"{""sim_day"": 68.0, ""doy"": 228.0, ""topwt"": 12786.607666015623, ""grnwt"": 3077.6641845703125, ""xlai"": 3.719351530075073, ""totir"": 40.0, ""tofer"": NaN, ""swfac"": 0.0, ""nstres"": 0.0}",0.0,0.0,12786.607666015623,3077.6641845703125,3.719351530075073,40.0,,0.0,0.0,70.0,225.0,-12.086352539062505,15.913647460937495,Leave_One_experiments/all_year_offline_schedule_search/daily_outputs/LCA/LCA_2023_LCA2023_normal_grid_S0027_daily.csv
LCA,LCA,Luancheng,2023,Leave_One_experiments\wth_generated_qc\LCA\LCA2023.WTH,wet_year;nitrogen_stress_year;low_response_year,wet,LCA2023_normal_grid_S0027,top_yield,2023-08-17,229,69,64,"{""sim_day"": 69.0, ""doy"": 229.0, ""topwt"": 12993.138427734377, ""grnwt"": 3284.1940307617188, ""xlai"": 3.643232822418213, ""totir"": 40.0, ""tofer"": NaN, ""swfac"": 0.0, ""nstres"": 0.0}",0.0,0.0,12993.138427734377,3284.1940307617188,3.643232822418213,40.0,,0.0,0.0,70.0,225.0,-12.086352539062505,15.913647460937495,Leave_One_experiments/all_year_offline_schedule_search/daily_outputs/LCA/LCA_2023_LCA2023_normal_grid_S0027_daily.csv
LCA,LCA,Luancheng,2023,Leave_One_experiments\wth_generated_qc\LCA\LCA2023.WTH,wet_year;nitrogen_stress_year;low_response_year,wet,LCA2023_normal_grid_S0027,top_yield,2023-08-18,230,70,65,"{""sim_day"": 70.0, ""doy"": 230.0, ""topwt"": 13262.364501953123, ""grnwt"": 3553.4207153320312, ""xlai"": 3.565850257873535, ""totir"": 70.0, ""tofer"": NaN, ""swfac"": 0.0, ""nstres"": 0.0}",0.0,0.0,13262.364501953123,3553.4207153320312,3.565850257873535,70.0,,30.0,0.0,70.0,225.0,-12.086352539062505,15.913647460937495,Leave_One_experiments/all_year_offline_schedule_search/daily_outputs/LCA/LCA_2023_LCA2023_normal_grid_S0027_daily.csv
LCA,LCA,Luancheng,2023,Leave_One_experiments\wth_generated_qc\LCA\LCA2023.WTH,wet_year;nitrogen_stress_year;low_response_year,wet,LCA2023_normal_grid_S0027,top_yield,2023-08-19,231,71,66,"{""sim_day"": 71.0, ""doy"": 231.0, ""topwt"": 13524.2138671875, ""grnwt"": 3815.27099609375, ""xlai"": 3.48021936416626, ""totir"": 70.0, ""tofer"": NaN, ""swfac"": 0.0, ""nstres"": 0.0}",0.0,0.0,13524.2138671875,3815.27099609375,3.48021936416626,70.0,,0.0,0.0,70.0,225.0,-12.086352539062505,15.913647460937495,Leave_One_experiments/all_year_offline_schedule_search/daily_outputs/LCA/LCA_2023_LCA2023_normal_grid_S0027_daily.csv
LCA,LCA,Luancheng,2023,Leave_One_experiments\wth_generated_qc\LCA\LCA2023.WTH,wet_year;nitrogen_stress_year;low_response_year,wet,LCA2023_normal_grid_S0027,top_yield,2023-08-20,232,72,67,"{""sim_day"": 72.0, ""doy"": 232.0, ""topwt"": 13789.75341796875, ""grnwt"": 4080.809326171875, ""xlai"": 3.3872339725494385, ""totir"": 70.0, ""tofer"": NaN, ""swfac"": 0.0, ""nstres"": 0.0}",0.0,0.0,13789.75341796875,4080.809326171875,3.3872339725494385,70.0,,0.0,0.0,70.0,225.0,-12.086352539062505,15.913647460937495,Leave_One_experiments/all_year_offline_schedule_search/daily_outputs/LCA/LCA_2023_LCA2023_normal_grid_S0027_daily.csv
LCA,LCA,Luancheng,2023,Leave_One_experiments\wth_generated_qc\LCA\LCA2023.WTH,wet_year;nitrogen_stress_year;low_response_year,wet,LCA2023_normal_grid_S0027,top_yield,2023-08-21,233,73,68,"{""sim_day"": 73.0, ""doy"": 233.0, ""topwt"": 14084.794921875, ""grnwt"": 4375.85205078125, ""xlai"": 3.290919780731201, ""totir"": 70.0, ""tofer"": NaN, ""swfac"": 0.0, ""nstres"": 0.0}",0.0,0.0,14084.794921875,4375.85205078125,3.290919780731201,70.0,,0.0,0.0,70.0,225.0,-12.086352539062505,15.913647460937495,Leave_One_experiments/all_year_offline_schedule_search/daily_outputs/LCA/LCA_2023_LCA2023_normal_grid_S0027_daily.csv
LCA,LCA,Luancheng,2023,Leave_One_experiments\wth_generated_qc\LCA\LCA2023.WTH,wet_year;nitrogen_stress_year;low_response_year,wet,LCA2023_normal_grid_S0027,top_yield,2023-08-22,234,74,69,"{""sim_day"": 74.0, ""doy"": 234.0, ""topwt"": 14379.8388671875, ""grnwt"": 4670.894775390625, ""xlai"": 3.196319341659546, ""totir"": 70.0, ""tofer"": NaN, ""swfac"": 0.0, ""nstres"": 0.0}",0.0,0.0,14379.8388671875,4670.894775390625,3.196319341659546,70.0,,0.0,0.0,70.0,225.0,-12.086352539062505,15.913647460937495,Leave_One_experiments/all_year_offline_schedule_search/daily_outputs/LCA/LCA_2023_LCA2023_normal_grid_S0027_daily.csv
LCA,LCA,Luancheng,2023,Leave_One_experiments\wth_generated_qc\LCA\LCA2023.WTH,wet_year;nitrogen_stress_year;low_response_year,wet,LCA2023_normal_grid_S0027,top_yield,2023-08-23,235,75,70,"{""sim_day"": 75.0, ""doy"": 235.0, ""topwt"": 14674.881591796877, ""grnwt"": 4965.937805175781, ""xlai"": 3.102358341217041, ""totir"": 70.0, ""tofer"": NaN, ""swfac"": 0.0, ""nstres"": 0.0}",0.0,0.0,14674.881591796877,4965.937805175781,3.102358341217041,70.0,,0.0,0.0,70.0,225.0,-12.086352539062505,15.913647460937495,Leave_One_experiments/all_year_offline_schedule_search/daily_outputs/LCA/LCA_2023_LCA2023_normal_grid_S0027_daily.csv
LCA,LCA,Luancheng,2023,Leave_One_experiments\wth_generated_qc\LCA\LCA2023.WTH,wet_year;nitrogen_stress_year;low_response_year,wet,LCA2023_normal_grid_S0027,top_yield,2023-08-24,236,76,71,"{""sim_day"": 76.0, ""doy"": 236.0, ""topwt"": 14969.923095703123, ""grnwt"": 5260.980224609375, ""xlai"": 3.004408597946167, ""totir"": 70.0, ""tofer"": NaN, ""swfac"": 0.0, ""nstres"": 0.0}",0.0,0.0,14969.923095703123,5260.980224609375,3.004408597946167,70.0,,0.0,0.0,70.0,225.0,-12.086352539062505,15.913647460937495,Leave_One_experiments/all_year_offline_schedule_search/daily_outputs/LCA/LCA_2023_LCA2023_normal_grid_S0027_daily.csv
LCA,LCA,Luancheng,2023,Leave_One_experiments\wth_generated_qc\LCA\LCA2023.WTH,wet_year;nitrogen_stress_year;low_response_year,wet,LCA2023_normal_grid_S0027,top_yield,2023-08-25,237,77,72,"{""sim_day"": 77.0, ""doy"": 237.0, ""topwt"": 15053.004150390623, ""grnwt"": 5556.02294921875, ""xlai"": 2.9141087532043457, ""totir"": 70.0, ""tofer"": NaN, ""swfac"": 0.0, ""nstres"": 0.0}",0.0,0.0,15053.004150390623,5556.02294921875,2.9141087532043457,70.0,,0.0,0.0,70.0,225.0,-12.086352539062505,15.913647460937495,Leave_One_experiments/all_year_offline_schedule_search/daily_outputs/LCA/LCA_2023_LCA2023_normal_grid_S0027_daily.csv
LCA,LCA,Luancheng,2023,Leave_One_experiments\wth_generated_qc\LCA\LCA2023.WTH,wet_year;nitrogen_stress_year;low_response_year,wet,LCA2023_normal_grid_S0027,top_yield,2023-08-26,238,78,73,"{""sim_day"": 78.0, ""doy"": 238.0, ""topwt"": 15189.598388671877, ""grnwt"": 5851.066284179688, ""xlai"": 2.8252270221710205, ""totir"": 70.0, ""tofer"": NaN, ""swfac"": 0.0, ""nstres"": 0.0}",0.0,0.0,15189.598388671877,5851.066284179688,2.8252270221710205,70.0,,0.0,0.0,70.0,225.0,-12.086352539062505,15.913647460937495,Leave_One_experiments/all_year_offline_schedule_search/daily_outputs/LCA/LCA_2023_LCA2023_normal_grid_S0027_daily.csv
LCA,LCA,Luancheng,2023,Leave_One_experiments\wth_generated_qc\LCA\LCA2023.WTH,wet_year;nitrogen_stress_year;low_response_year,wet,LCA2023_normal_grid_S0027,top_yield,2023-08-27,239,79,74,"{""sim_day"": 79.0, ""doy"": 239.0, ""topwt"": 15560.433349609377, ""grnwt"": 6146.109008789063, ""xlai"": 2.7163097858428955, ""totir"": 70.0, ""tofer"": NaN, ""swfac"": 0.0, ""nstres"": 0.0}",0.0,0.0,15560.433349609377,6146.109008789063,2.7163097858428955,70.0,,0.0,0.0,70.0,225.0,-12.086352539062505,15.913647460937495,Leave_One_experiments/all_year_offline_schedule_search/daily_outputs/LCA/LCA_2023_LCA2023_normal_grid_S0027_daily.csv
LCA,LCA,Luancheng,2023,Leave_One_experiments\wth_generated_qc\LCA\LCA2023.WTH,wet_year;nitrogen_stress_year;low_response_year,wet,LCA2023_normal_grid_S0027,top_yield,2023-08-28,240,80,75,"{""sim_day"": 80.0, ""doy"": 240.0, ""topwt"": 15890.009765625, ""grnwt"": 6441.1517333984375, ""xlai"": 2.600454330444336, ""totir"": 70.0, ""tofer"": NaN, ""swfac"": 0.0, ""nstres"": 0.0}",0.0,0.0,15890.009765625,6441.1517333984375,2.600454330444336,70.0,,0.0,0.0,70.0,225.0,-12.086352539062505,15.913647460937495,Leave_One_experiments/all_year_offline_schedule_search/daily_outputs/LCA/LCA_2023_LCA2023_normal_grid_S0027_daily.csv
LCA,LCA,Luancheng,2023,Leave_One_experiments\wth_generated_qc\LCA\LCA2023.WTH,wet_year;nitrogen_stress_year;low_response_year,wet,LCA2023_normal_grid_S0027,top_yield,2023-08-29,241,81,76,"{""sim_day"": 81.0, ""doy"": 241.0, ""topwt"": 16240.328369140623, ""grnwt"": 6736.1944580078125, ""xlai"": 2.4728033542633057, ""totir"": 70.0, ""tofer"": NaN, ""swfac"": 0.0, ""nstres"": 0.0}",0.0,0.0,16240.328369140623,6736.1944580078125,2.4728033542633057,70.0,,0.0,0.0,70.0,225.0,-12.086352539062505,15.913647460937495,Leave_One_experiments/all_year_offline_schedule_search/daily_outputs/LCA/LCA_2023_LCA2023_normal_grid_S0027_daily.csv
LCA,LCA,Luancheng,2023,Leave_One_experiments\wth_generated_qc\LCA\LCA2023.WTH,wet_year;nitrogen_stress_year;low_response_year,wet,LCA2023_normal_grid_S0027,top_yield,2023-08-30,242,82,77,"{""sim_day"": 82.0, ""doy"": 242.0, ""topwt"": 16581.683349609375, ""grnwt"": 7031.237182617188, ""xlai"": 2.3314287662506104, ""totir"": 70.0, ""tofer"": NaN, ""swfac"": 0.0, ""nstres"": 0.0}",0.0,0.0,16581.683349609375,7031.237182617188,2.3314287662506104,70.0,,0.0,0.0,70.0,225.0,-12.086352539062505,15.913647460937495,Leave_One_experiments/all_year_offline_schedule_search/daily_outputs/LCA/LCA_2023_LCA2023_normal_grid_S0027_daily.csv
LCA,LCA,Luancheng,2023,Leave_One_experiments\wth_generated_qc\LCA\LCA2023.WTH,wet_year;nitrogen_stress_year;low_response_year,wet,LCA2023_normal_grid_S0027,top_yield,2023-08-31,243,83,78,"{""sim_day"": 83.0, ""doy"": 243.0, ""topwt"": 16794.54833984375, ""grnwt"": 7326.279907226562, ""xlai"": 2.183289051055908, ""totir"": 70.0, ""tofer"": NaN, ""swfac"": 0.0, ""nstres"": 0.0}",0.0,0.0,16794.54833984375,7326.279907226562,2.183289051055908,70.0,,0.0,0.0,70.0,225.0,-12.086352539062505,15.913647460937495,Leave_One_experiments/all_year_offline_schedule_search/daily_outputs/LCA/LCA_2023_LCA2023_normal_grid_S0027_daily.csv
LCA,LCA,Luancheng,2023,Leave_One_experiments\wth_generated_qc\LCA\LCA2023.WTH,wet_year;nitrogen_stress_year;low_response_year,wet,LCA2023_normal_grid_S0027,top_yield,2023-09-01,244,84,79,"{""sim_day"": 84.0, ""doy"": 244.0, ""topwt"": 17086.009521484375, ""grnwt"": 7621.3226318359375, ""xlai"": 2.0167481899261475, ""totir"": 70.0, ""tofer"": NaN, ""swfac"": 0.0, ""nstres"": 0.0}",0.0,0.0,17086.009521484375,7621.3226318359375,2.0167481899261475,70.0,,0.0,0.0,70.0,225.0,-12.086352539062505,15.913647460937495,Leave_One_experiments/all_year_offline_schedule_search/daily_outputs/LCA/LCA_2023_LCA2023_normal_grid_S0027_daily.csv
LCA,LCA,Luancheng,2023,Leave_One_experiments\wth_generated_qc\LCA\LCA2023.WTH,wet_year;nitrogen_stress_year;low_response_year,wet,LCA2023_normal_grid_S0027,top_yield,2023-09-02,245,85,80,"{""sim_day"": 85.0, ""doy"": 245.0, ""topwt"": 17406.011962890625, ""grnwt"": 7916.36474609375, ""xlai"": 1.8507729768753047, ""totir"": 70.0, ""tofer"": NaN, ""swfac"": 0.0, ""nstres"": 0.0}",0.0,0.0,17406.011962890625,7916.36474609375,1.8507729768753047,70.0,,0.0,0.0,70.0,225.0,-12.086352539062505,15.913647460937495,Leave_One_experiments/all_year_offline_schedule_search/daily_outputs/LCA/LCA_2023_LCA2023_normal_grid_S0027_daily.csv
LCA,LCA,Luancheng,2023,Leave_One_experiments\wth_generated_qc\LCA\LCA2023.WTH,wet_year;nitrogen_stress_year;low_response_year,wet,LCA2023_normal_grid_S0027,top_yield,2023-09-03,246,86,81,"{""sim_day"": 86.0, ""doy"": 246.0, ""topwt"": 17406.011962890625, ""grnwt"": 7916.36474609375, ""xlai"": 1.8507729768753047, ""totir"": 70.0, ""tofer"": NaN, ""swfac"": 0.0, ""nstres"": 0.0}",0.0,0.0,17406.011962890625,7916.36474609375,1.8507729768753047,70.0,,0.0,0.0,70.0,225.0,-12.086352539062505,15.913647460937495,Leave_One_experiments/all_year_offline_schedule_search/daily_outputs/LCA/LCA_2023_LCA2023_normal_grid_S0027_daily.csv
LCA,LCA,Luancheng,2023,Leave_One_experiments\wth_generated_qc\LCA\LCA2023.WTH,wet_year;nitrogen_stress_year;low_response_year,wet,LCA2023_normal_grid_S0027,top_yield,2023-09-04,247,87,82,"{""sim_day"": 87.0, ""doy"": 247.0, ""topwt"": 17406.011962890625, ""grnwt"": 7916.36474609375, ""xlai"": 1.8507729768753047, ""totir"": 70.0, ""tofer"": NaN, ""swfac"": 0.0, ""nstres"": 0.0}",0.0,0.0,17406.011962890625,7916.36474609375,1.8507729768753047,70.0,,0.0,0.0,70.0,225.0,-12.086352539062505,15.913647460937495,Leave_One_experiments/all_year_offline_schedule_search/daily_outputs/LCA/LCA_2023_LCA2023_normal_grid_S0027_daily.csv
LCA,LCA,Luancheng,2023,Leave_One_experiments\wth_generated_qc\LCA\LCA2023.WTH,wet_year;nitrogen_stress_year;low_response_year,wet,LCA2023_normal_grid_S0027,top_yield,2023-09-05,248,88,83,"{""sim_day"": 88.0, ""doy"": 248.0, ""topwt"": 17406.011962890625, ""grnwt"": 7916.36474609375, ""xlai"": 1.8507729768753047, ""totir"": 70.0, ""tofer"": NaN, ""swfac"": 0.0, ""nstres"": 0.0}",0.0,0.0,17406.011962890625,7916.36474609375,1.8507729768753047,70.0,,0.0,0.0,70.0,225.0,-12.086352539062505,15.913647460937495,Leave_One_experiments/all_year_offline_schedule_search/daily_outputs/LCA/LCA_2023_LCA2023_normal_grid_S0027_daily.csv
SYA,SYA,Shenyang,2008,Leave_One_experiments\wth_generated_qc\SYA\SYA2008.WTH,wet_year;nitrogen_stress_year;low_response_year,wet,SYA2008_normal_grid_S0015,irrigation_positive_candidate,2008-04-20,111,1,1,"{""sim_day"": 1.0, ""doy"": 111.0, ""topwt"": 0.0, ""grnwt"": 0.0, ""xlai"": 0.0, ""totir"": 0.0, ""tofer"": NaN, ""swfac"": 0.0, ""nstres"": 0.0}",0.0,0.0,0.0,0.0,0.0,0.0,,0.0,50.0,30.0,150.0,45.5162353515625,57.5162353515625,Leave_One_experiments/all_year_offline_schedule_search/daily_outputs/SYA/SYA_2008_SYA2008_normal_grid_S0015_daily.csv
SYA,SYA,Shenyang,2008,Leave_One_experiments\wth_generated_qc\SYA\SYA2008.WTH,wet_year;nitrogen_stress_year;low_response_year,wet,SYA2008_normal_grid_S0015,irrigation_positive_candidate,2008-04-21,112,2,2,"{""sim_day"": 2.0, ""doy"": 112.0, ""topwt"": 0.0, ""grnwt"": 0.0, ""xlai"": 0.0, ""totir"": 0.0, ""tofer"": NaN, ""swfac"": 0.0, ""nstres"": 0.0}",0.0,0.0,0.0,0.0,0.0,0.0,,0.0,0.0,30.0,150.0,45.5162353515625,57.5162353515625,Leave_One_experiments/all_year_offline_schedule_search/daily_outputs/SYA/SYA_2008_SYA2008_normal_grid_S0015_daily.csv
SYA,SYA,Shenyang,2008,Leave_One_experiments\wth_generated_qc\SYA\SYA2008.WTH,wet_year;nitrogen_stress_year;low_response_year,wet,SYA2008_normal_grid_S0015,irrigation_positive_candidate,2008-04-22,113,3,3,"{""sim_day"": 3.0, ""doy"": 113.0, ""topwt"": 0.0, ""grnwt"": 0.0, ""xlai"": 0.0, ""totir"": 0.0, ""tofer"": NaN, ""swfac"": 0.0, ""nstres"": 0.0}",0.0,0.0,0.0,0.0,0.0,0.0,,0.0,0.0,30.0,150.0,45.5162353515625,57.5162353515625,Leave_One_experiments/all_year_offline_schedule_search/daily_outputs/SYA/SYA_2008_SYA2008_normal_grid_S0015_daily.csv
SYA,SYA,Shenyang,2008,Leave_One_experiments\wth_generated_qc\SYA\SYA2008.WTH,wet_year;nitrogen_stress_year;low_response_year,wet,SYA2008_normal_grid_S0015,irrigation_positive_candidate,2008-04-23,114,4,4,"{""sim_day"": 4.0, ""doy"": 114.0, ""topwt"": 0.0, ""grnwt"": 0.0, ""xlai"": 0.0, ""totir"": 0.0, ""tofer"": NaN, ""swfac"": 0.0, ""nstres"": 0.0}",0.0,0.0,0.0,0.0,0.0,0.0,,0.0,0.0,30.0,150.0,45.5162353515625,57.5162353515625,Leave_One_experiments/all_year_offline_schedule_search/daily_outputs/SYA/SYA_2008_SYA2008_normal_grid_S0015_daily.csv
SYA,SYA,Shenyang,2008,Leave_One_experiments\wth_generated_qc\SYA\SYA2008.WTH,wet_year;nitrogen_stress_year;low_response_year,wet,SYA2008_normal_grid_S0015,irrigation_positive_candidate,2008-04-24,115,5,5,"{""sim_day"": 5.0, ""doy"": 115.0, ""topwt"": 0.0, ""grnwt"": 0.0, ""xlai"": 0.0, ""totir"": 0.0, ""tofer"": NaN, ""swfac"": 0.0, ""nstres"": 0.0}",0.0,0.0,0.0,0.0,0.0,0.0,,0.0,0.0,30.0,150.0,45.5162353515625,57.5162353515625,Leave_One_experiments/all_year_offline_schedule_search/daily_outputs/SYA/SYA_2008_SYA2008_normal_grid_S0015_daily.csv
SYA,SYA,Shenyang,2008,Leave_One_experiments\wth_generated_qc\SYA\SYA2008.WTH,wet_year;nitrogen_stress_year;low_response_year,wet,SYA2008_normal_grid_S0015,irrigation_positive_candidate,2008-04-20,111,6,1,"{""sim_day"": 6.0, ""doy"": 111.0, ""topwt"": 0.0, ""grnwt"": 0.0, ""xlai"": 0.0, ""totir"": 0.0, ""tofer"": NaN, ""swfac"": 0.0, ""nstres"": 0.0}",0.0,0.0,0.0,0.0,0.0,0.0,,0.0,0.0,30.0,150.0,45.5162353515625,57.5162353515625,Leave_One_experiments/all_year_offline_schedule_search/daily_outputs/SYA/SYA_2008_SYA2008_normal_grid_S0015_daily.csv
SYA,SYA,Shenyang,2008,Leave_One_experiments\wth_generated_qc\SYA\SYA2008.WTH,wet_year;nitrogen_stress_year;low_response_year,wet,SYA2008_normal_grid_S0015,irrigation_positive_candidate,2008-04-21,112,7,2,"{""sim_day"": 7.0, ""doy"": 112.0, ""topwt"": 0.0, ""grnwt"": 0.0, ""xlai"": 0.0, ""totir"": 0.0, ""tofer"": NaN, ""swfac"": 0.0, ""nstres"": 0.0}",0.0,0.0,0.0,0.0,0.0,0.0,,0.0,0.0,30.0,150.0,45.5162353515625,57.5162353515625,Leave_One_experiments/all_year_offline_schedule_search/daily_outputs/SYA/SYA_2008_SYA2008_normal_grid_S0015_daily.csv
SYA,SYA,Shenyang,2008,Leave_One_experiments\wth_generated_qc\SYA\SYA2008.WTH,wet_year;nitrogen_stress_year;low_response_year,wet,SYA2008_normal_grid_S0015,irrigation_positive_candidate,2008-04-22,113,8,3,"{""sim_day"": 8.0, ""doy"": 113.0, ""topwt"": 0.0, ""grnwt"": 0.0, ""xlai"": 0.0, ""totir"": 0.0, ""tofer"": NaN, ""swfac"": 0.0, ""nstres"": 0.0}",0.0,0.0,0.0,0.0,0.0,0.0,,0.0,0.0,30.0,150.0,45.5162353515625,57.5162353515625,Leave_One_experiments/all_year_offline_schedule_search/daily_outputs/SYA/SYA_2008_SYA2008_normal_grid_S0015_daily.csv
SYA,SYA,Shenyang,2008,Leave_One_experiments\wth_generated_qc\SYA\SYA2008.WTH,wet_year;nitrogen_stress_year;low_response_year,wet,SYA2008_normal_grid_S0015,irrigation_positive_candidate,2008-04-23,114,9,4,"{""sim_day"": 9.0, ""doy"": 114.0, ""topwt"": 0.0, ""grnwt"": 0.0, ""xlai"": 0.0, ""totir"": 0.0, ""tofer"": NaN, ""swfac"": 0.0, ""nstres"": 0.0}",0.0,0.0,0.0,0.0,0.0,0.0,,0.0,0.0,30.0,150.0,45.5162353515625,57.5162353515625,Leave_One_experiments/all_year_offline_schedule_search/daily_outputs/SYA/SYA_2008_SYA2008_normal_grid_S0015_daily.csv
SYA,SYA,Shenyang,2008,Leave_One_experiments\wth_generated_qc\SYA\SYA2008.WTH,wet_year;nitrogen_stress_year;low_response_year,wet,SYA2008_normal_grid_S0015,irrigation_positive_candidate,2008-04-24,115,10,5,"{""sim_day"": 10.0, ""doy"": 115.0, ""topwt"": 0.0, ""grnwt"": 0.0, ""xlai"": 0.0, ""totir"": 0.0, ""tofer"": NaN, ""swfac"": 0.0, ""nstres"": 0.0}",0.0,0.0,0.0,0.0,0.0,0.0,,0.0,0.0,30.0,150.0,45.5162353515625,57.5162353515625,Leave_One_experiments/all_year_offline_schedule_search/daily_outputs/SYA/SYA_2008_SYA2008_normal_grid_S0015_daily.csv
SYA,SYA,Shenyang,2008,Leave_One_experiments\wth_generated_qc\SYA\SYA2008.WTH,wet_year;nitrogen_stress_year;low_response_year,wet,SYA2008_normal_grid_S0015,irrigation_positive_candidate,2008-04-25,116,11,6,"{""sim_day"": 11.0, ""doy"": 116.0, ""topwt"": 0.0, ""grnwt"": 0.0, ""xlai"": 0.0, ""totir"": 0.0, ""tofer"": NaN, ""swfac"": 0.0, ""nstres"": 0.0}",0.0,0.0,0.0,0.0,0.0,0.0,,0.0,0.0,30.0,150.0,45.5162353515625,57.5162353515625,Leave_One_experiments/all_year_offline_schedule_search/daily_outputs/SYA/SYA_2008_SYA2008_normal_grid_S0015_daily.csv
SYA,SYA,Shenyang,2008,Leave_One_experiments\wth_generated_qc\SYA\SYA2008.WTH,wet_year;nitrogen_stress_year;low_response_year,wet,SYA2008_normal_grid_S0015,irrigation_positive_candidate,2008-04-26,117,12,7,"{""sim_day"": 12.0, ""doy"": 117.0, ""topwt"": 0.0, ""grnwt"": 0.0, ""xlai"": 0.0, ""totir"": 0.0, ""tofer"": NaN, ""swfac"": 0.0, ""nstres"": 0.0}",0.0,0.0,0.0,0.0,0.0,0.0,,0.0,0.0,30.0,150.0,45.5162353515625,57.5162353515625,Leave_One_experiments/all_year_offline_schedule_search/daily_outputs/SYA/SYA_2008_SYA2008_normal_grid_S0015_daily.csv
SYA,SYA,Shenyang,2008,Leave_One_experiments\wth_generated_qc\SYA\SYA2008.WTH,wet_year;nitrogen_stress_year;low_response_year,wet,SYA2008_normal_grid_S0015,irrigation_positive_candidate,2008-04-27,118,13,8,"{""sim_day"": 13.0, ""doy"": 118.0, ""topwt"": 0.0, ""grnwt"": 0.0, ""xlai"": 0.0, ""totir"": 0.0, ""tofer"": NaN, ""swfac"": 0.0, ""nstres"": 0.0}",0.0,0.0,0.0,0.0,0.0,0.0,,0.0,0.0,30.0,150.0,45.5162353515625,57.5162353515625,Leave_One_experiments/all_year_offline_schedule_search/daily_outputs/SYA/SYA_2008_SYA2008_normal_grid_S0015_daily.csv
SYA,SYA,Shenyang,2008,Leave_One_experiments\wth_generated_qc\SYA\SYA2008.WTH,wet_year;nitrogen_stress_year;low_response_year,wet,SYA2008_normal_grid_S0015,irrigation_positive_candidate,2008-04-28,119,14,9,"{""sim_day"": 14.0, ""doy"": 119.0, ""topwt"": 0.0, ""grnwt"": 0.0, ""xlai"": 0.0, ""totir"": 0.0, ""tofer"": NaN, ""swfac"": 0.0, ""nstres"": 0.0}",0.0,0.0,0.0,0.0,0.0,0.0,,0.0,0.0,30.0,150.0,45.5162353515625,57.5162353515625,Leave_One_experiments/all_year_offline_schedule_search/daily_outputs/SYA/SYA_2008_SYA2008_normal_grid_S0015_daily.csv
SYA,SYA,Shenyang,2008,Leave_One_experiments\wth_generated_qc\SYA\SYA2008.WTH,wet_year;nitrogen_stress_year;low_response_year,wet,SYA2008_normal_grid_S0015,irrigation_positive_candidate,2008-04-29,120,15,10,"{""sim_day"": 15.0, ""doy"": 120.0, ""topwt"": 0.0, ""grnwt"": 0.0, ""xlai"": 0.0, ""totir"": 0.0, ""tofer"": NaN, ""swfac"": 0.0, ""nstres"": 0.0}",0.0,0.0,0.0,0.0,0.0,0.0,,0.0,0.0,30.0,150.0,45.5162353515625,57.5162353515625,Leave_One_experiments/all_year_offline_schedule_search/daily_outputs/SYA/SYA_2008_SYA2008_normal_grid_S0015_daily.csv
SYA,SYA,Shenyang,2008,Leave_One_experiments\wth_generated_qc\SYA\SYA2008.WTH,wet_year;nitrogen_stress_year;low_response_year,wet,SYA2008_normal_grid_S0015,irrigation_positive_candidate,2008-04-30,121,16,11,"{""sim_day"": 16.0, ""doy"": 121.0, ""topwt"": 0.0, ""grnwt"": 0.0, ""xlai"": 0.0, ""totir"": 0.0, ""tofer"": NaN, ""swfac"": 0.0, ""nstres"": 0.0}",0.0,0.0,0.0,0.0,0.0,0.0,,0.0,0.0,30.0,150.0,45.5162353515625,57.5162353515625,Leave_One_experiments/all_year_offline_schedule_search/daily_outputs/SYA/SYA_2008_SYA2008_normal_grid_S0015_daily.csv
SYA,SYA,Shenyang,2008,Leave_One_experiments\wth_generated_qc\SYA\SYA2008.WTH,wet_year;nitrogen_stress_year;low_response_year,wet,SYA2008_normal_grid_S0015,irrigation_positive_candidate,2008-05-01,122,17,12,"{""sim_day"": 17.0, ""doy"": 122.0, ""topwt"": 0.0, ""grnwt"": 0.0, ""xlai"": 0.0, ""totir"": 0.0, ""tofer"": NaN, ""swfac"": 0.0, ""nstres"": 0.0}",0.0,0.0,0.0,0.0,0.0,0.0,,0.0,0.0,30.0,150.0,45.5162353515625,57.5162353515625,Leave_One_experiments/all_year_offline_schedule_search/daily_outputs/SYA/SYA_2008_SYA2008_normal_grid_S0015_daily.csv
SYA,SYA,Shenyang,2008,Leave_One_experiments\wth_generated_qc\SYA\SYA2008.WTH,wet_year;nitrogen_stress_year;low_response_year,wet,SYA2008_normal_grid_S0015,irrigation_positive_candidate,2008-05-02,123,18,13,"{""sim_day"": 18.0, ""doy"": 123.0, ""topwt"": 0.0, ""grnwt"": 0.0, ""xlai"": 0.0, ""totir"": 0.0, ""tofer"": NaN, ""swfac"": 0.0, ""nstres"": 0.0}",0.0,0.0,0.0,0.0,0.0,0.0,,0.0,0.0,30.0,150.0,45.5162353515625,57.5162353515625,Leave_One_experiments/all_year_offline_schedule_search/daily_outputs/SYA/SYA_2008_SYA2008_normal_grid_S0015_daily.csv
SYA,SYA,Shenyang,2008,Leave_One_experiments\wth_generated_qc\SYA\SYA2008.WTH,wet_year;nitrogen_stress_year;low_response_year,wet,SYA2008_normal_grid_S0015,irrigation_positive_candidate,2008-05-03,124,19,14,"{""sim_day"": 19.0, ""doy"": 124.0, ""topwt"": 17.600001096725464, ""grnwt"": 0.0, ""xlai"": 0.0011054778005927, ""totir"": 0.0, ""tofer"": NaN, ""swfac"": 0.0, ""nstres"": 0.0121910572052001}",0.0,0.0121910572052001,17.600001096725464,0.0,0.0011054778005927,0.0,,0.0,0.0,30.0,150.0,45.5162353515625,57.5162353515625,Leave_One_experiments/all_year_offline_schedule_search/daily_outputs/SYA/SYA_2008_SYA2008_normal_grid_S0015_daily.csv
SYA,SYA,Shenyang,2008,Leave_One_experiments\wth_generated_qc\SYA\SYA2008.WTH,wet_year;nitrogen_stress_year;low_response_year,wet,SYA2008_normal_grid_S0015,irrigation_positive_candidate,2008-05-04,125,20,15,"{""sim_day"": 20.0, ""doy"": 125.0, ""topwt"": 17.600001096725464, ""grnwt"": 0.0, ""xlai"": 0.0020920152310281, ""totir"": 0.0, ""tofer"": NaN, ""swfac"": 0.0, ""nstres"": 0.0155877470970153}",0.0,0.0155877470970153,17.600001096725464,0.0,0.0020920152310281,0.0,,0.0,0.0,30.0,150.0,45.5162353515625,57.5162353515625,Leave_One_experiments/all_year_offline_schedule_search/daily_outputs/SYA/SYA_2008_SYA2008_normal_grid_S0015_daily.csv
SYA,SYA,Shenyang,2008,Leave_One_experiments\wth_generated_qc\SYA\SYA2008.WTH,wet_year;nitrogen_stress_year;low_response_year,wet,SYA2008_normal_grid_S0015,irrigation_positive_candidate,2008-05-05,126,21,16,"{""sim_day"": 21.0, ""doy"": 126.0, ""topwt"": 17.600001096725464, ""grnwt"": 0.0, ""xlai"": 0.0034288757015019, ""totir"": 0.0, ""tofer"": NaN, ""swfac"": 0.0, ""nstres"": 0.0114073753356933}",0.0,0.0114073753356933,17.600001096725464,0.0,0.0034288757015019,0.0,,0.0,0.0,30.0,150.0,45.5162353515625,57.5162353515625,Leave_One_experiments/all_year_offline_schedule_search/daily_outputs/SYA/SYA_2008_SYA2008_normal_grid_S0015_daily.csv
SYA,SYA,Shenyang,2008,Leave_One_experiments\wth_generated_qc\SYA\SYA2008.WTH,wet_year;nitrogen_stress_year;low_response_year,wet,SYA2008_normal_grid_S0015,irrigation_positive_candidate,2008-05-06,127,22,17,"{""sim_day"": 22.0, ""doy"": 127.0, ""topwt"": 17.600001096725464, ""grnwt"": 0.0, ""xlai"": 0.0048212162218987, ""totir"": 0.0, ""tofer"": NaN, ""swfac"": 0.0, ""nstres"": 0.0074214935302734}",0.0,0.0074214935302734,17.600001096725464,0.0,0.0048212162218987,0.0,,0.0,0.0,30.0,150.0,45.5162353515625,57.5162353515625,Leave_One_experiments/all_year_offline_schedule_search/daily_outputs/SYA/SYA_2008_SYA2008_normal_grid_S0015_daily.csv
SYA,SYA,Shenyang,2008,Leave_One_experiments\wth_generated_qc\SYA\SYA2008.WTH,wet_year;nitrogen_stress_year;low_response_year,wet,SYA2008_normal_grid_S0015,irrigation_positive_candidate,2008-05-07,128,23,18,"{""sim_day"": 23.0, ""doy"": 128.0, ""topwt"": 17.600001096725464, ""grnwt"": 0.0, ""xlai"": 0.006046462804079, ""totir"": 0.0, ""tofer"": NaN, ""swfac"": 0.0, ""nstres"": 0.0041015148162841}",0.0,0.0041015148162841,17.600001096725464,0.0,0.006046462804079,0.0,,0.0,0.0,30.0,150.0,45.5162353515625,57.5162353515625,Leave_One_experiments/all_year_offline_schedule_search/daily_outputs/SYA/SYA_2008_SYA2008_normal_grid_S0015_daily.csv
SYA,SYA,Shenyang,2008,Leave_One_experiments\wth_generated_qc\SYA\SYA2008.WTH,wet_year;nitrogen_stress_year;low_response_year,wet,SYA2008_normal_grid_S0015,irrigation_positive_candidate,2008-05-08,129,24,19,"{""sim_day"": 24.0, ""doy"": 129.0, ""topwt"": 17.600001096725464, ""grnwt"": 0.0, ""xlai"": 0.0072028553113341, ""totir"": 0.0, ""tofer"": NaN, ""swfac"": 0.0, ""nstres"": 0.000999093055725}",0.0,0.000999093055725,17.600001096725464,0.0,0.0072028553113341,0.0,,0.0,0.0,30.0,150.0,45.5162353515625,57.5162353515625,Leave_One_experiments/all_year_offline_schedule_search/daily_outputs/SYA/SYA_2008_SYA2008_normal_grid_S0015_daily.csv
SYA,SYA,Shenyang,2008,Leave_One_experiments\wth_generated_qc\SYA\SYA2008.WTH,wet_year;nitrogen_stress_year;low_response_year,wet,SYA2008_normal_grid_S0015,irrigation_positive_candidate,2008-05-09,130,25,20,"{""sim_day"": 25.0, ""doy"": 130.0, ""topwt"": 17.600001096725464, ""grnwt"": 0.0, ""xlai"": 0.0083468118682503, ""totir"": 0.0, ""tofer"": NaN, ""swfac"": 0.0, ""nstres"": 0.0}",0.0,0.0,17.600001096725464,0.0,0.0083468118682503,0.0,,0.0,0.0,30.0,150.0,45.5162353515625,57.5162353515625,Leave_One_experiments/all_year_offline_schedule_search/daily_outputs/SYA/SYA_2008_SYA2008_normal_grid_S0015_daily.csv
SYA,SYA,Shenyang,2008,Leave_One_experiments\wth_generated_qc\SYA\SYA2008.WTH,wet_year;nitrogen_stress_year;low_response_year,wet,SYA2008_normal_grid_S0015,irrigation_positive_candidate,2008-05-10,131,26,21,"{""sim_day"": 26.0, ""doy"": 131.0, ""topwt"": 17.600001096725464, ""grnwt"": 0.0, ""xlai"": 0.0092357220128178, ""totir"": 0.0, ""tofer"": NaN, ""swfac"": 0.0, ""nstres"": 0.0}",0.0,0.0,17.600001096725464,0.0,0.0092357220128178,0.0,,0.0,0.0,30.0,150.0,45.5162353515625,57.5162353515625,Leave_One_experiments/all_year_offline_schedule_search/daily_outputs/SYA/SYA_2008_SYA2008_normal_grid_S0015_daily.csv
SYA,SYA,Shenyang,2008,Leave_One_experiments\wth_generated_qc\SYA\SYA2008.WTH,wet_year;nitrogen_stress_year;low_response_year,wet,SYA2008_normal_grid_S0015,irrigation_positive_candidate,2008-05-11,132,27,22,"{""sim_day"": 27.0, ""doy"": 132.0, ""topwt"": 17.600001096725464, ""grnwt"": 0.0, ""xlai"": 0.0101149026304483, ""totir"": 0.0, ""tofer"": NaN, ""swfac"": 0.0, ""nstres"": 0.0}",0.0,0.0,17.600001096725464,0.0,0.0101149026304483,0.0,,0.0,0.0,30.0,150.0,45.5162353515625,57.5162353515625,Leave_One_experiments/all_year_offline_schedule_search/daily_outputs/SYA/SYA_2008_SYA2008_normal_grid_S0015_daily.csv
SYA,SYA,Shenyang,2008,Leave_One_experiments\wth_generated_qc\SYA\SYA2008.WTH,wet_year;nitrogen_stress_year;low_response_year,wet,SYA2008_normal_grid_S0015,irrigation_positive_candidate,2008-05-12,133,28,23,"{""sim_day"": 28.0, ""doy"": 133.0, ""topwt"": 17.600001096725464, ""grnwt"": 0.0, ""xlai"": 0.0112733300775289, ""totir"": 0.0, ""tofer"": NaN, ""swfac"": 0.0, ""nstres"": 0.0}",0.0,0.0,17.600001096725464,0.0,0.0112733300775289,0.0,,0.0,0.0,30.0,150.0,45.5162353515625,57.5162353515625,Leave_One_experiments/all_year_offline_schedule_search/daily_outputs/SYA/SYA_2008_SYA2008_normal_grid_S0015_daily.csv
SYA,SYA,Shenyang,2008,Leave_One_experiments\wth_generated_qc\SYA\SYA2008.WTH,wet_year;nitrogen_stress_year;low_response_year,wet,SYA2008_normal_grid_S0015,irrigation_positive_candidate,2008-05-13,134,29,24,"{""sim_day"": 29.0, ""doy"": 134.0, ""topwt"": 17.600001096725464, ""grnwt"": 0.0, ""xlai"": 0.0126456934958696, ""totir"": 0.0, ""tofer"": NaN, ""swfac"": 0.0, ""nstres"": 0.0}",0.0,0.0,17.600001096725464,0.0,0.0126456934958696,0.0,,0.0,0.0,30.0,150.0,45.5162353515625,57.5162353515625,Leave_One_experiments/all_year_offline_schedule_search/daily_outputs/SYA/SYA_2008_SYA2008_normal_grid_S0015_daily.csv
SYA,SYA,Shenyang,2008,Leave_One_experiments\wth_generated_qc\SYA\SYA2008.WTH,wet_year;nitrogen_stress_year;low_response_year,wet,SYA2008_normal_grid_S0015,irrigation_positive_candidate,2008-05-14,135,30,25,"{""sim_day"": 30.0, ""doy"": 135.0, ""topwt"": 17.600001096725464, ""grnwt"": 0.0, ""xlai"": 0.018009964376688, ""totir"": 0.0, ""tofer"": NaN, ""swfac"": 0.0, ""nstres"": 0.0}",0.0,0.0,17.600001096725464,0.0,0.018009964376688,0.0,,0.0,0.0,30.0,150.0,45.5162353515625,57.5162353515625,Leave_One_experiments/all_year_offline_schedule_search/daily_outputs/SYA/SYA_2008_SYA2008_normal_grid_S0015_daily.csv
SYA,SYA,Shenyang,2008,Leave_One_experiments\wth_generated_qc\SYA\SYA2008.WTH,wet_year;nitrogen_stress_year;low_response_year,wet,SYA2008_normal_grid_S0015,irrigation_positive_candidate,2008-05-15,136,31,26,"{""sim_day"": 31.0, ""doy"": 136.0, ""topwt"": 17.600001096725464, ""grnwt"": 0.0, ""xlai"": 0.0253021828830242, ""totir"": 0.0, ""tofer"": NaN, ""swfac"": 0.0, ""nstres"": 0.0}",0.0,0.0,17.600001096725464,0.0,0.0253021828830242,0.0,,0.0,0.0,30.0,150.0,45.5162353515625,57.5162353515625,Leave_One_experiments/all_year_offline_schedule_search/daily_outputs/SYA/SYA_2008_SYA2008_normal_grid_S0015_daily.csv
SYA,SYA,Shenyang,2008,Leave_One_experiments\wth_generated_qc\SYA\SYA2008.WTH,wet_year;nitrogen_stress_year;low_response_year,wet,SYA2008_normal_grid_S0015,irrigation_positive_candidate,2008-05-16,137,32,27,"{""sim_day"": 32.0, ""doy"": 137.0, ""topwt"": 18.024578094482425, ""grnwt"": 0.0, ""xlai"": 0.0313072651624679, ""totir"": 0.0, ""tofer"": NaN, ""swfac"": 0.0, ""nstres"": 0.0}",0.0,0.0,18.024578094482425,0.0,0.0313072651624679,0.0,,0.0,0.0,30.0,150.0,45.5162353515625,57.5162353515625,Leave_One_experiments/all_year_offline_schedule_search/daily_outputs/SYA/SYA_2008_SYA2008_normal_grid_S0015_daily.csv
SYA,SYA,Shenyang,2008,Leave_One_experiments\wth_generated_qc\SYA\SYA2008.WTH,wet_year;nitrogen_stress_year;low_response_year,wet,SYA2008_normal_grid_S0015,irrigation_positive_candidate,2008-05-17,138,33,28,"{""sim_day"": 33.0, ""doy"": 138.0, ""topwt"": 20.03047466278076, ""grnwt"": 0.0, ""xlai"": 0.036619734019041, ""totir"": 0.0, ""tofer"": NaN, ""swfac"": 0.0, ""nstres"": 0.0}",0.0,0.0,20.03047466278076,0.0,0.036619734019041,0.0,,0.0,0.0,30.0,150.0,45.5162353515625,57.5162353515625,Leave_One_experiments/all_year_offline_schedule_search/daily_outputs/SYA/SYA_2008_SYA2008_normal_grid_S0015_daily.csv
SYA,SYA,Shenyang,2008,Leave_One_experiments\wth_generated_qc\SYA\SYA2008.WTH,wet_year;nitrogen_stress_year;low_response_year,wet,SYA2008_normal_grid_S0015,irrigation_positive_candidate,2008-05-18,139,34,29,"{""sim_day"": 34.0, ""doy"": 139.0, ""topwt"": 21.117520332336422, ""grnwt"": 0.0, ""xlai"": 0.0394154675304889, ""totir"": 0.0, ""tofer"": NaN, ""swfac"": 0.0, ""nstres"": 0.0}",0.0,0.0,21.117520332336422,0.0,0.0394154675304889,0.0,,0.0,0.0,30.0,150.0,45.5162353515625,57.5162353515625,Leave_One_experiments/all_year_offline_schedule_search/daily_outputs/SYA/SYA_2008_SYA2008_normal_grid_S0015_daily.csv
SYA,SYA,Shenyang,2008,Leave_One_experiments\wth_generated_qc\SYA\SYA2008.WTH,wet_year;nitrogen_stress_year;low_response_year,wet,SYA2008_normal_grid_S0015,irrigation_positive_candidate,2008-05-19,140,35,30,"{""sim_day"": 35.0, ""doy"": 140.0, ""topwt"": 24.44208860397339, ""grnwt"": 0.0, ""xlai"": 0.0476735010743141, ""totir"": 0.0, ""tofer"": NaN, ""swfac"": 0.0, ""nstres"": 0.0}",0.0,0.0,24.44208860397339,0.0,0.0476735010743141,0.0,,0.0,50.0,30.0,150.0,45.5162353515625,57.5162353515625,Leave_One_experiments/all_year_offline_schedule_search/daily_outputs/SYA/SYA_2008_SYA2008_normal_grid_S0015_daily.csv
SYA,SYA,Shenyang,2008,Leave_One_experiments\wth_generated_qc\SYA\SYA2008.WTH,wet_year;nitrogen_stress_year;low_response_year,wet,SYA2008_normal_grid_S0015,irrigation_positive_candidate,2008-05-20,141,36,31,"{""sim_day"": 36.0, ""doy"": 141.0, ""topwt"": 27.2324538230896, ""grnwt"": 0.0, ""xlai"": 0.0543246194720268, ""totir"": 0.0, ""tofer"": NaN, ""swfac"": 0.0, ""nstres"": 0.0}",0.0,0.0,27.2324538230896,0.0,0.0543246194720268,0.0,,0.0,0.0,30.0,150.0,45.5162353515625,57.5162353515625,Leave_One_experiments/all_year_offline_schedule_search/daily_outputs/SYA/SYA_2008_SYA2008_normal_grid_S0015_daily.csv
SYA,SYA,Shenyang,2008,Leave_One_experiments\wth_generated_qc\SYA\SYA2008.WTH,wet_year;nitrogen_stress_year;low_response_year,wet,SYA2008_normal_grid_S0015,irrigation_positive_candidate,2008-05-21,142,37,32,"{""sim_day"": 37.0, ""doy"": 142.0, ""topwt"": 30.76852321624756, ""grnwt"": 0.0, ""xlai"": 0.0624613761901855, ""totir"": 0.0, ""tofer"": NaN, ""swfac"": 0.0, ""nstres"": 0.0}",0.0,0.0,30.76852321624756,0.0,0.0624613761901855,0.0,,0.0,0.0,30.0,150.0,45.5162353515625,57.5162353515625,Leave_One_experiments/all_year_offline_schedule_search/daily_outputs/SYA/SYA_2008_SYA2008_normal_grid_S0015_daily.csv
SYA,SYA,Shenyang,2008,Leave_One_experiments\wth_generated_qc\SYA\SYA2008.WTH,wet_year;nitrogen_stress_year;low_response_year,wet,SYA2008_normal_grid_S0015,irrigation_positive_candidate,2008-05-22,143,38,33,"{""sim_day"": 38.0, ""doy"": 143.0, ""topwt"": 36.35785818099976, ""grnwt"": 0.0, ""xlai"": 0.0747926384210586, ""totir"": 0.0, ""tofer"": NaN, ""swfac"": 0.0, ""nstres"": 0.0}",0.0,0.0,36.35785818099976,0.0,0.0747926384210586,0.0,,0.0,0.0,30.0,150.0,45.5162353515625,57.5162353515625,Leave_One_experiments/all_year_offline_schedule_search/daily_outputs/SYA/SYA_2008_SYA2008_normal_grid_S0015_daily.csv
SYA,SYA,Shenyang,2008,Leave_One_experiments\wth_generated_qc\SYA\SYA2008.WTH,wet_year;nitrogen_stress_year;low_response_year,wet,SYA2008_normal_grid_S0015,irrigation_positive_candidate,2008-05-23,144,39,34,"{""sim_day"": 39.0, ""doy"": 144.0, ""topwt"": 42.32900142669678, ""grnwt"": 0.0, ""xlai"": 0.0874004885554313, ""totir"": 0.0, ""tofer"": NaN, ""swfac"": 0.0, ""nstres"": 0.0}",0.0,0.0,42.32900142669678,0.0,0.0874004885554313,0.0,,0.0,0.0,30.0,150.0,45.5162353515625,57.5162353515625,Leave_One_experiments/all_year_offline_schedule_search/daily_outputs/SYA/SYA_2008_SYA2008_normal_grid_S0015_daily.csv
SYA,SYA,Shenyang,2008,Leave_One_experiments\wth_generated_qc\SYA\SYA2008.WTH,wet_year;nitrogen_stress_year;low_response_year,wet,SYA2008_normal_grid_S0015,irrigation_positive_candidate,2008-05-24,145,40,35,"{""sim_day"": 40.0, ""doy"": 145.0, ""topwt"": 50.12532234191895, ""grnwt"": 0.0, ""xlai"": 0.1031780466437339, ""totir"": 30.0, ""tofer"": NaN, ""swfac"": 0.0, ""nstres"": 0.0}",0.0,0.0,50.12532234191895,0.0,0.1031780466437339,30.0,,30.0,0.0,30.0,150.0,45.5162353515625,57.5162353515625,Leave_One_experiments/all_year_offline_schedule_search/daily_outputs/SYA/SYA_2008_SYA2008_normal_grid_S0015_daily.csv
SYA,SYA,Shenyang,2008,Leave_One_experiments\wth_generated_qc\SYA\SYA2008.WTH,wet_year;nitrogen_stress_year;low_response_year,wet,SYA2008_normal_grid_S0015,irrigation_positive_candidate,2008-05-25,146,41,36,"{""sim_day"": 41.0, ""doy"": 146.0, ""topwt"": 57.22002029418945, ""grnwt"": 0.0, ""xlai"": 0.1169964298605918, ""totir"": 30.0, ""tofer"": NaN, ""swfac"": 0.0, ""nstres"": 0.0}",0.0,0.0,57.22002029418945,0.0,0.1169964298605918,30.0,,0.0,0.0,30.0,150.0,45.5162353515625,57.5162353515625,Leave_One_experiments/all_year_offline_schedule_search/daily_outputs/SYA/SYA_2008_SYA2008_normal_grid_S0015_daily.csv
SYA,SYA,Shenyang,2008,Leave_One_experiments\wth_generated_qc\SYA\SYA2008.WTH,wet_year;nitrogen_stress_year;low_response_year,wet,SYA2008_normal_grid_S0015,irrigation_positive_candidate,2008-05-26,147,42,37,"{""sim_day"": 42.0, ""doy"": 147.0, ""topwt"": 59.89225387573242, ""grnwt"": 0.0, ""xlai"": 0.1220275834202766, ""totir"": 30.0, ""tofer"": NaN, ""swfac"": 0.0, ""nstres"": 0.0}",0.0,0.0,59.89225387573242,0.0,0.1220275834202766,30.0,,0.0,0.0,30.0,150.0,45.5162353515625,57.5162353515625,Leave_One_experiments/all_year_offline_schedule_search/daily_outputs/SYA/SYA_2008_SYA2008_normal_grid_S0015_daily.csv
SYA,SYA,Shenyang,2008,Leave_One_experiments\wth_generated_qc\SYA\SYA2008.WTH,wet_year;nitrogen_stress_year;low_response_year,wet,SYA2008_normal_grid_S0015,irrigation_positive_candidate,2008-05-27,148,43,38,"{""sim_day"": 43.0, ""doy"": 148.0, ""topwt"": 64.06911849975586, ""grnwt"": 0.0, ""xlai"": 0.1298192888498306, ""totir"": 30.0, ""tofer"": NaN, ""swfac"": 0.0, ""nstres"": 0.0}",0.0,0.0,64.06911849975586,0.0,0.1298192888498306,30.0,,0.0,0.0,30.0,150.0,45.5162353515625,57.5162353515625,Leave_One_experiments/all_year_offline_schedule_search/daily_outputs/SYA/SYA_2008_SYA2008_normal_grid_S0015_daily.csv
SYA,SYA,Shenyang,2008,Leave_One_experiments\wth_generated_qc\SYA\SYA2008.WTH,wet_year;nitrogen_stress_year;low_response_year,wet,SYA2008_normal_grid_S0015,irrigation_positive_candidate,2008-05-28,149,44,39,"{""sim_day"": 44.0, ""doy"": 149.0, ""topwt"": 66.7298412322998, ""grnwt"": 0.0, ""xlai"": 0.1439124643802642, ""totir"": 30.0, ""tofer"": NaN, ""swfac"": 0.0, ""nstres"": 0.0}",0.0,0.0,66.7298412322998,0.0,0.1439124643802642,30.0,,0.0,0.0,30.0,150.0,45.5162353515625,57.5162353515625,Leave_One_experiments/all_year_offline_schedule_search/daily_outputs/SYA/SYA_2008_SYA2008_normal_grid_S0015_daily.csv
SYA,SYA,Shenyang,2008,Leave_One_experiments\wth_generated_qc\SYA\SYA2008.WTH,wet_year;nitrogen_stress_year;low_response_year,wet,SYA2008_normal_grid_S0015,irrigation_positive_candidate,2008-05-29,150,45,40,"{""sim_day"": 45.0, ""doy"": 150.0, ""topwt"": 74.31045055389404, ""grnwt"": 0.0, ""xlai"": 0.1586392223834991, ""totir"": 30.0, ""tofer"": NaN, ""swfac"": 0.0, ""nstres"": 0.0034482479095458}",0.0,0.0034482479095458,74.31045055389404,0.0,0.1586392223834991,30.0,,0.0,0.0,30.0,150.0,45.5162353515625,57.5162353515625,Leave_One_experiments/all_year_offline_schedule_search/daily_outputs/SYA/SYA_2008_SYA2008_normal_grid_S0015_daily.csv
SYA,SYA,Shenyang,2008,Leave_One_experiments\wth_generated_qc\SYA\SYA2008.WTH,wet_year;nitrogen_stress_year;low_response_year,wet,SYA2008_normal_grid_S0015,irrigation_positive_candidate,2008-05-30,151,46,41,"{""sim_day"": 46.0, ""doy"": 151.0, ""topwt"": 84.65777397155762, ""grnwt"": 0.0, ""xlai"": 0.1781854778528213, ""totir"": 30.0, ""tofer"": NaN, ""swfac"": 0.0, ""nstres"": 0.0}",0.0,0.0,84.65777397155762,0.0,0.1781854778528213,30.0,,0.0,0.0,30.0,150.0,45.5162353515625,57.5162353515625,Leave_One_experiments/all_year_offline_schedule_search/daily_outputs/SYA/SYA_2008_SYA2008_normal_grid_S0015_daily.csv
SYA,SYA,Shenyang,2008,Leave_One_experiments\wth_generated_qc\SYA\SYA2008.WTH,wet_year;nitrogen_stress_year;low_response_year,wet,SYA2008_normal_grid_S0015,irrigation_positive_candidate,2008-05-31,152,47,42,"{""sim_day"": 47.0, ""doy"": 152.0, ""topwt"": 94.26328659057616, ""grnwt"": 0.0, ""xlai"": 0.1958355456590652, ""totir"": 30.0, ""tofer"": NaN, ""swfac"": 0.0, ""nstres"": 0.0}",0.0,0.0,94.26328659057616,0.0,0.1958355456590652,30.0,,0.0,0.0,30.0,150.0,45.5162353515625,57.5162353515625,Leave_One_experiments/all_year_offline_schedule_search/daily_outputs/SYA/SYA_2008_SYA2008_normal_grid_S0015_daily.csv
SYA,SYA,Shenyang,2008,Leave_One_experiments\wth_generated_qc\SYA\SYA2008.WTH,wet_year;nitrogen_stress_year;low_response_year,wet,SYA2008_normal_grid_S0015,irrigation_positive_candidate,2008-06-01,153,48,43,"{""sim_day"": 48.0, ""doy"": 153.0, ""topwt"": 101.4132595062256, ""grnwt"": 0.0, ""xlai"": 0.2087005376815796, ""totir"": 30.0, ""tofer"": NaN, ""swfac"": 0.0, ""nstres"": 0.0}",0.0,0.0,101.4132595062256,0.0,0.2087005376815796,30.0,,0.0,0.0,30.0,150.0,45.5162353515625,57.5162353515625,Leave_One_experiments/all_year_offline_schedule_search/daily_outputs/SYA/SYA_2008_SYA2008_normal_grid_S0015_daily.csv
SYA,SYA,Shenyang,2008,Leave_One_experiments\wth_generated_qc\SYA\SYA2008.WTH,wet_year;nitrogen_stress_year;low_response_year,wet,SYA2008_normal_grid_S0015,irrigation_positive_candidate,2008-06-02,154,49,44,"{""sim_day"": 49.0, ""doy"": 154.0, ""topwt"": 113.39226722717284, ""grnwt"": 0.0, ""xlai"": 0.2298026531934738, ""totir"": 30.0, ""tofer"": NaN, ""swfac"": 0.0, ""nstres"": 0.0}",0.0,0.0,113.39226722717284,0.0,0.2298026531934738,30.0,,0.0,0.0,30.0,150.0,45.5162353515625,57.5162353515625,Leave_One_experiments/all_year_offline_schedule_search/daily_outputs/SYA/SYA_2008_SYA2008_normal_grid_S0015_daily.csv
SYA,SYA,Shenyang,2008,Leave_One_experiments\wth_generated_qc\SYA\SYA2008.WTH,wet_year;nitrogen_stress_year;low_response_year,wet,SYA2008_normal_grid_S0015,irrigation_positive_candidate,2008-06-03,155,50,45,"{""sim_day"": 50.0, ""doy"": 155.0, ""topwt"": 125.03190994262695, ""grnwt"": 0.0, ""xlai"": 0.2497775107622146, ""totir"": 30.0, ""tofer"": NaN, ""swfac"": 0.0, ""nstres"": 0.0}",0.0,0.0,125.03190994262695,0.0,0.2497775107622146,30.0,,0.0,0.0,30.0,150.0,45.5162353515625,57.5162353515625,Leave_One_experiments/all_year_offline_schedule_search/daily_outputs/SYA/SYA_2008_SYA2008_normal_grid_S0015_daily.csv
SYA,SYA,Shenyang,2008,Leave_One_experiments\wth_generated_qc\SYA\SYA2008.WTH,wet_year;nitrogen_stress_year;low_response_year,wet,SYA2008_normal_grid_S0015,irrigation_positive_candidate,2008-06-04,156,51,46,"{""sim_day"": 51.0, ""doy"": 156.0, ""topwt"": 136.7159938812256, ""grnwt"": 0.0, ""xlai"": 0.2694238424301147, ""totir"": 30.0, ""tofer"": NaN, ""swfac"": 0.0, ""nstres"": 0.0}",0.0,0.0,136.7159938812256,0.0,0.2694238424301147,30.0,,0.0,0.0,30.0,150.0,45.5162353515625,57.5162353515625,Leave_One_experiments/all_year_offline_schedule_search/daily_outputs/SYA/SYA_2008_SYA2008_normal_grid_S0015_daily.csv
SYA,SYA,Shenyang,2008,Leave_One_experiments\wth_generated_qc\SYA\SYA2008.WTH,wet_year;nitrogen_stress_year;low_response_year,wet,SYA2008_normal_grid_S0015,irrigation_positive_candidate,2008-06-05,157,52,47,"{""sim_day"": 52.0, ""doy"": 157.0, ""topwt"": 157.82949447631836, ""grnwt"": 0.0, ""xlai"": 0.3040315210819244, ""totir"": 30.0, ""tofer"": NaN, ""swfac"": 0.0, ""nstres"": 0.0}",0.0,0.0,157.82949447631836,0.0,0.3040315210819244,30.0,,0.0,0.0,30.0,150.0,45.5162353515625,57.5162353515625,Leave_One_experiments/all_year_offline_schedule_search/daily_outputs/SYA/SYA_2008_SYA2008_normal_grid_S0015_daily.csv
SYA,SYA,Shenyang,2008,Leave_One_experiments\wth_generated_qc\SYA\SYA2008.WTH,wet_year;nitrogen_stress_year;low_response_year,wet,SYA2008_normal_grid_S0015,irrigation_positive_candidate,2008-06-06,158,53,48,"{""sim_day"": 53.0, ""doy"": 158.0, ""topwt"": 175.30860900878906, ""grnwt"": 0.0, ""xlai"": 0.3318882584571838, ""totir"": 30.0, ""tofer"": NaN, ""swfac"": 0.0, ""nstres"": 0.0}",0.0,0.0,175.30860900878906,0.0,0.3318882584571838,30.0,,0.0,0.0,30.0,150.0,45.5162353515625,57.5162353515625,Leave_One_experiments/all_year_offline_schedule_search/daily_outputs/SYA/SYA_2008_SYA2008_normal_grid_S0015_daily.csv
SYA,SYA,Shenyang,2008,Leave_One_experiments\wth_generated_qc\SYA\SYA2008.WTH,wet_year;nitrogen_stress_year;low_response_year,wet,SYA2008_normal_grid_S0015,irrigation_positive_candidate,2008-06-07,159,54,49,"{""sim_day"": 54.0, ""doy"": 159.0, ""topwt"": 197.77366638183597, ""grnwt"": 0.0, ""xlai"": 0.3649500012397766, ""totir"": 30.0, ""tofer"": NaN, ""swfac"": 0.0, ""nstres"": 0.0}",0.0,0.0,197.77366638183597,0.0,0.3649500012397766,30.0,,0.0,0.0,30.0,150.0,45.5162353515625,57.5162353515625,Leave_One_experiments/all_year_offline_schedule_search/daily_outputs/SYA/SYA_2008_SYA2008_normal_grid_S0015_daily.csv
SYA,SYA,Shenyang,2008,Leave_One_experiments\wth_generated_qc\SYA\SYA2008.WTH,wet_year;nitrogen_stress_year;low_response_year,wet,SYA2008_normal_grid_S0015,irrigation_positive_candidate,2008-06-08,160,55,50,"{""sim_day"": 55.0, ""doy"": 160.0, ""topwt"": 228.21571350097656, ""grnwt"": 0.0, ""xlai"": 0.4125169217586517, ""totir"": 30.0, ""tofer"": NaN, ""swfac"": 0.0, ""nstres"": 0.0}",0.0,0.0,228.21571350097656,0.0,0.4125169217586517,30.0,,0.0,0.0,30.0,150.0,45.5162353515625,57.5162353515625,Leave_One_experiments/all_year_offline_schedule_search/daily_outputs/SYA/SYA_2008_SYA2008_normal_grid_S0015_daily.csv
SYA,SYA,Shenyang,2008,Leave_One_experiments\wth_generated_qc\SYA\SYA2008.WTH,wet_year;nitrogen_stress_year;low_response_year,wet,SYA2008_normal_grid_S0015,irrigation_positive_candidate,2008-06-09,161,56,51,"{""sim_day"": 56.0, ""doy"": 161.0, ""topwt"": 261.9872093200684, ""grnwt"": 0.0, ""xlai"": 0.4633406698703766, ""totir"": 30.0, ""tofer"": NaN, ""swfac"": 0.0, ""nstres"": 0.0}",0.0,0.0,261.9872093200684,0.0,0.4633406698703766,30.0,,0.0,0.0,30.0,150.0,45.5162353515625,57.5162353515625,Leave_One_experiments/all_year_offline_schedule_search/daily_outputs/SYA/SYA_2008_SYA2008_normal_grid_S0015_daily.csv
SYA,SYA,Shenyang,2008,Leave_One_experiments\wth_generated_qc\SYA\SYA2008.WTH,wet_year;nitrogen_stress_year;low_response_year,wet,SYA2008_normal_grid_S0015,irrigation_positive_candidate,2008-06-10,162,57,52,"{""sim_day"": 57.0, ""doy"": 162.0, ""topwt"": 302.0359230041504, ""grnwt"": 0.0, ""xlai"": 0.5211554169654846, ""totir"": 30.0, ""tofer"": NaN, ""swfac"": 0.0, ""nstres"": 0.0}",0.0,0.0,302.0359230041504,0.0,0.5211554169654846,30.0,,0.0,0.0,30.0,150.0,45.5162353515625,57.5162353515625,Leave_One_experiments/all_year_offline_schedule_search/daily_outputs/SYA/SYA_2008_SYA2008_normal_grid_S0015_daily.csv
SYA,SYA,Shenyang,2008,Leave_One_experiments\wth_generated_qc\SYA\SYA2008.WTH,wet_year;nitrogen_stress_year;low_response_year,wet,SYA2008_normal_grid_S0015,irrigation_positive_candidate,2008-06-11,163,58,53,"{""sim_day"": 58.0, ""doy"": 163.0, ""topwt"": 347.8483581542969, ""grnwt"": 0.0, ""xlai"": 0.5843303799629211, ""totir"": 30.0, ""tofer"": NaN, ""swfac"": 0.0, ""nstres"": 0.0}",0.0,0.0,347.8483581542969,0.0,0.5843303799629211,30.0,,0.0,0.0,30.0,150.0,45.5162353515625,57.5162353515625,Leave_One_experiments/all_year_offline_schedule_search/daily_outputs/SYA/SYA_2008_SYA2008_normal_grid_S0015_daily.csv
SYA,SYA,Shenyang,2008,Leave_One_experiments\wth_generated_qc\SYA\SYA2008.WTH,wet_year;nitrogen_stress_year;low_response_year,wet,SYA2008_normal_grid_S0015,irrigation_positive_candidate,2008-06-12,164,59,54,"{""sim_day"": 59.0, ""doy"": 164.0, ""topwt"": 401.6508865356445, ""grnwt"": 0.0, ""xlai"": 0.6548790335655212, ""totir"": 30.0, ""tofer"": NaN, ""swfac"": 0.0, ""nstres"": 0.0}",0.0,0.0,401.6508865356445,0.0,0.6548790335655212,30.0,,0.0,0.0,30.0,150.0,45.5162353515625,57.5162353515625,Leave_One_experiments/all_year_offline_schedule_search/daily_outputs/SYA/SYA_2008_SYA2008_normal_grid_S0015_daily.csv
SYA,SYA,Shenyang,2008,Leave_One_experiments\wth_generated_qc\SYA\SYA2008.WTH,wet_year;nitrogen_stress_year;low_response_year,wet,SYA2008_normal_grid_S0015,irrigation_positive_candidate,2008-06-13,165,60,55,"{""sim_day"": 60.0, ""doy"": 165.0, ""topwt"": 453.3414840698242, ""grnwt"": 0.0, ""xlai"": 0.7194792628288269, ""totir"": 30.0, ""tofer"": NaN, ""swfac"": 0.0, ""nstres"": 0.0}",0.0,0.0,453.3414840698242,0.0,0.7194792628288269,30.0,,0.0,0.0,30.0,150.0,45.5162353515625,57.5162353515625,Leave_One_experiments/all_year_offline_schedule_search/daily_outputs/SYA/SYA_2008_SYA2008_normal_grid_S0015_daily.csv
SYA,SYA,Shenyang,2008,Leave_One_experiments\wth_generated_qc\SYA\SYA2008.WTH,wet_year;nitrogen_stress_year;low_response_year,wet,SYA2008_normal_grid_S0015,irrigation_positive_candidate,2008-06-14,166,61,56,"{""sim_day"": 61.0, ""doy"": 166.0, ""topwt"": 514.5332336425781, ""grnwt"": 0.0, ""xlai"": 0.7921935319900513, ""totir"": 30.0, ""tofer"": NaN, ""swfac"": 0.0, ""nstres"": 0.0}",0.0,0.0,514.5332336425781,0.0,0.7921935319900513,30.0,,0.0,0.0,30.0,150.0,45.5162353515625,57.5162353515625,Leave_One_experiments/all_year_offline_schedule_search/daily_outputs/SYA/SYA_2008_SYA2008_normal_grid_S0015_daily.csv
SYA,SYA,Shenyang,2008,Leave_One_experiments\wth_generated_qc\SYA\SYA2008.WTH,wet_year;nitrogen_stress_year;low_response_year,wet,SYA2008_normal_grid_S0015,irrigation_positive_candidate,2008-06-15,167,62,57,"{""sim_day"": 62.0, ""doy"": 167.0, ""topwt"": 601.138801574707, ""grnwt"": 0.0, ""xlai"": 0.8891439437866211, ""totir"": 30.0, ""tofer"": NaN, ""swfac"": 0.0, ""nstres"": 0.0}",0.0,0.0,601.138801574707,0.0,0.8891439437866211,30.0,,0.0,0.0,30.0,150.0,45.5162353515625,57.5162353515625,Leave_One_experiments/all_year_offline_schedule_search/daily_outputs/SYA/SYA_2008_SYA2008_normal_grid_S0015_daily.csv
SYA,SYA,Shenyang,2008,Leave_One_experiments\wth_generated_qc\SYA\SYA2008.WTH,wet_year;nitrogen_stress_year;low_response_year,wet,SYA2008_normal_grid_S0015,irrigation_positive_candidate,2008-06-16,168,63,58,"{""sim_day"": 63.0, ""doy"": 168.0, ""topwt"": 670.2804565429688, ""grnwt"": 0.0, ""xlai"": 0.96253502368927, ""totir"": 30.0, ""tofer"": NaN, ""swfac"": 0.0, ""nstres"": 0.0}",0.0,0.0,670.2804565429688,0.0,0.96253502368927,30.0,,0.0,0.0,30.0,150.0,45.5162353515625,57.5162353515625,Leave_One_experiments/all_year_offline_schedule_search/daily_outputs/SYA/SYA_2008_SYA2008_normal_grid_S0015_daily.csv
SYA,SYA,Shenyang,2008,Leave_One_experiments\wth_generated_qc\SYA\SYA2008.WTH,wet_year;nitrogen_stress_year;low_response_year,wet,SYA2008_normal_grid_S0015,irrigation_positive_candidate,2008-06-17,169,64,59,"{""sim_day"": 64.0, ""doy"": 169.0, ""topwt"": 731.7059326171875, ""grnwt"": 0.0, ""xlai"": 1.0250309705734253, ""totir"": 30.0, ""tofer"": NaN, ""swfac"": 0.0, ""nstres"": 0.0}",0.0,0.0,731.7059326171875,0.0,1.0250309705734253,30.0,,0.0,0.0,30.0,150.0,45.5162353515625,57.5162353515625,Leave_One_experiments/all_year_offline_schedule_search/daily_outputs/SYA/SYA_2008_SYA2008_normal_grid_S0015_daily.csv
SYA,SYA,Shenyang,2008,Leave_One_experiments\wth_generated_qc\SYA\SYA2008.WTH,wet_year;nitrogen_stress_year;low_response_year,wet,SYA2008_normal_grid_S0015,irrigation_positive_candidate,2008-06-18,170,65,60,"{""sim_day"": 65.0, ""doy"": 170.0, ""topwt"": 810.0135040283203, ""grnwt"": 0.0, ""xlai"": 1.100963115692139, ""totir"": 30.0, ""tofer"": NaN, ""swfac"": 0.0, ""nstres"": 0.0}",0.0,0.0,810.0135040283203,0.0,1.100963115692139,30.0,,0.0,50.0,30.0,150.0,45.5162353515625,57.5162353515625,Leave_One_experiments/all_year_offline_schedule_search/daily_outputs/SYA/SYA_2008_SYA2008_normal_grid_S0015_daily.csv
SYA,SYA,Shenyang,2008,Leave_One_experiments\wth_generated_qc\SYA\SYA2008.WTH,wet_year;nitrogen_stress_year;low_response_year,wet,SYA2008_normal_grid_S0015,irrigation_positive_candidate,2008-06-19,171,66,61,"{""sim_day"": 66.0, ""doy"": 171.0, ""topwt"": 905.845184326172, ""grnwt"": 0.0, ""xlai"": 1.188778519630432, ""totir"": 30.0, ""tofer"": NaN, ""swfac"": 0.0, ""nstres"": 0.0}",0.0,0.0,905.845184326172,0.0,1.188778519630432,30.0,,0.0,0.0,30.0,150.0,45.5162353515625,57.5162353515625,Leave_One_experiments/all_year_offline_schedule_search/daily_outputs/SYA/SYA_2008_SYA2008_normal_grid_S0015_daily.csv
SYA,SYA,Shenyang,2008,Leave_One_experiments\wth_generated_qc\SYA\SYA2008.WTH,wet_year;nitrogen_stress_year;low_response_year,wet,SYA2008_normal_grid_S0015,irrigation_positive_candidate,2008-06-20,172,67,62,"{""sim_day"": 67.0, ""doy"": 172.0, ""topwt"": 999.9994659423828, ""grnwt"": 0.0, ""xlai"": 1.270453929901123, ""totir"": 30.0, ""tofer"": NaN, ""swfac"": 0.0, ""nstres"": 0.0}",0.0,0.0,999.9994659423828,0.0,1.270453929901123,30.0,,0.0,0.0,30.0,150.0,45.5162353515625,57.5162353515625,Leave_One_experiments/all_year_offline_schedule_search/daily_outputs/SYA/SYA_2008_SYA2008_normal_grid_S0015_daily.csv
SYA,SYA,Shenyang,2008,Leave_One_experiments\wth_generated_qc\SYA\SYA2008.WTH,wet_year;nitrogen_stress_year;low_response_year,wet,SYA2008_normal_grid_S0015,irrigation_positive_candidate,2008-06-21,173,68,63,"{""sim_day"": 68.0, ""doy"": 173.0, ""topwt"": 1104.7089385986328, ""grnwt"": 0.0, ""xlai"": 1.356289267539978, ""totir"": 30.0, ""tofer"": NaN, ""swfac"": 0.0, ""nstres"": 0.0}",0.0,0.0,1104.7089385986328,0.0,1.356289267539978,30.0,,0.0,0.0,30.0,150.0,45.5162353515625,57.5162353515625,Leave_One_experiments/all_year_offline_schedule_search/daily_outputs/SYA/SYA_2008_SYA2008_normal_grid_S0015_daily.csv
SYA,SYA,Shenyang,2008,Leave_One_experiments\wth_generated_qc\SYA\SYA2008.WTH,wet_year;nitrogen_stress_year;low_response_year,wet,SYA2008_normal_grid_S0015,irrigation_positive_candidate,2008-06-22,174,69,64,"{""sim_day"": 69.0, ""doy"": 174.0, ""topwt"": 1164.5409393310547, ""grnwt"": 0.0, ""xlai"": 1.4031121730804443, ""totir"": 30.0, ""tofer"": NaN, ""swfac"": 0.0, ""nstres"": 0.0}",0.0,0.0,1164.5409393310547,0.0,1.4031121730804443,30.0,,0.0,0.0,30.0,150.0,45.5162353515625,57.5162353515625,Leave_One_experiments/all_year_offline_schedule_search/daily_outputs/SYA/SYA_2008_SYA2008_normal_grid_S0015_daily.csv
SYA,SYA,Shenyang,2008,Leave_One_experiments\wth_generated_qc\SYA\SYA2008.WTH,wet_year;nitrogen_stress_year;low_response_year,wet,SYA2008_normal_grid_S0015,irrigation_positive_candidate,2008-06-23,175,70,65,"{""sim_day"": 70.0, ""doy"": 175.0, ""topwt"": 1245.1666259765625, ""grnwt"": 0.0, ""xlai"": 1.4635632038116455, ""totir"": 30.0, ""tofer"": NaN, ""swfac"": 0.0, ""nstres"": 0.0}",0.0,0.0,1245.1666259765625,0.0,1.4635632038116455,30.0,,0.0,0.0,30.0,150.0,45.5162353515625,57.5162353515625,Leave_One_experiments/all_year_offline_schedule_search/daily_outputs/SYA/SYA_2008_SYA2008_normal_grid_S0015_daily.csv
SYA,SYA,Shenyang,2008,Leave_One_experiments\wth_generated_qc\SYA\SYA2008.WTH,wet_year;nitrogen_stress_year;low_response_year,wet,SYA2008_normal_grid_S0015,irrigation_positive_candidate,2008-06-24,176,71,66,"{""sim_day"": 71.0, ""doy"": 176.0, ""topwt"": 1342.6750183105469, ""grnwt"": 0.0, ""xlai"": 1.5334112644195557, ""totir"": 30.0, ""tofer"": NaN, ""swfac"": 0.0, ""nstres"": 0.0}",0.0,0.0,1342.6750183105469,0.0,1.5334112644195557,30.0,,0.0,0.0,30.0,150.0,45.5162353515625,57.5162353515625,Leave_One_experiments/all_year_offline_schedule_search/daily_outputs/SYA/SYA_2008_SYA2008_normal_grid_S0015_daily.csv
SYA,SYA,Shenyang,2008,Leave_One_experiments\wth_generated_qc\SYA\SYA2008.WTH,wet_year;nitrogen_stress_year;low_response_year,wet,SYA2008_normal_grid_S0015,irrigation_positive_candidate,2008-06-25,177,72,67,"{""sim_day"": 72.0, ""doy"": 177.0, ""topwt"": 1457.9112243652344, ""grnwt"": 0.0, ""xlai"": 1.6118202209472656, ""totir"": 30.0, ""tofer"": NaN, ""swfac"": 0.0, ""nstres"": 0.0}",0.0,0.0,1457.9112243652344,0.0,1.6118202209472656,30.0,,0.0,0.0,30.0,150.0,45.5162353515625,57.5162353515625,Leave_One_experiments/all_year_offline_schedule_search/daily_outputs/SYA/SYA_2008_SYA2008_normal_grid_S0015_daily.csv
SYA,SYA,Shenyang,2008,Leave_One_experiments\wth_generated_qc\SYA\SYA2008.WTH,wet_year;nitrogen_stress_year;low_response_year,wet,SYA2008_normal_grid_S0015,irrigation_positive_candidate,2008-06-26,178,73,68,"{""sim_day"": 73.0, ""doy"": 178.0, ""topwt"": 1572.64404296875, ""grnwt"": 0.0, ""xlai"": 1.6860939264297483, ""totir"": 30.0, ""tofer"": NaN, ""swfac"": 0.0, ""nstres"": 0.0}",0.0,0.0,1572.64404296875,0.0,1.6860939264297483,30.0,,0.0,0.0,30.0,150.0,45.5162353515625,57.5162353515625,Leave_One_experiments/all_year_offline_schedule_search/daily_outputs/SYA/SYA_2008_SYA2008_normal_grid_S0015_daily.csv
SYA,SYA,Shenyang,2008,Leave_One_experiments\wth_generated_qc\SYA\SYA2008.WTH,wet_year;nitrogen_stress_year;low_response_year,wet,SYA2008_normal_grid_S0015,irrigation_positive_candidate,2008-06-27,179,74,69,"{""sim_day"": 74.0, ""doy"": 179.0, ""topwt"": 1707.270050048828, ""grnwt"": 0.0, ""xlai"": 1.768671989440918, ""totir"": 30.0, ""tofer"": NaN, ""swfac"": 0.0, ""nstres"": 0.0}",0.0,0.0,1707.270050048828,0.0,1.768671989440918,30.0,,0.0,0.0,30.0,150.0,45.5162353515625,57.5162353515625,Leave_One_experiments/all_year_offline_schedule_search/daily_outputs/SYA/SYA_2008_SYA2008_normal_grid_S0015_daily.csv
SYA,SYA,Shenyang,2008,Leave_One_experiments\wth_generated_qc\SYA\SYA2008.WTH,wet_year;nitrogen_stress_year;low_response_year,wet,SYA2008_normal_grid_S0015,irrigation_positive_candidate,2008-06-28,180,75,70,"{""sim_day"": 75.0, ""doy"": 180.0, ""topwt"": 1799.8907470703125, ""grnwt"": 0.0, ""xlai"": 1.8228365182876587, ""totir"": 30.0, ""tofer"": NaN, ""swfac"": 0.0, ""nstres"": 0.0}",0.0,0.0,1799.8907470703125,0.0,1.8228365182876587,30.0,,0.0,0.0,30.0,150.0,45.5162353515625,57.5162353515625,Leave_One_experiments/all_year_offline_schedule_search/daily_outputs/SYA/SYA_2008_SYA2008_normal_grid_S0015_daily.csv
SYA,SYA,Shenyang,2008,Leave_One_experiments\wth_generated_qc\SYA\SYA2008.WTH,wet_year;nitrogen_stress_year;low_response_year,wet,SYA2008_normal_grid_S0015,irrigation_positive_candidate,2008-06-29,181,76,71,"{""sim_day"": 76.0, ""doy"": 181.0, ""topwt"": 1939.2381286621091, ""grnwt"": 0.0, ""xlai"": 1.900394082069397, ""totir"": 30.0, ""tofer"": NaN, ""swfac"": 0.0, ""nstres"": 0.0}",0.0,0.0,1939.2381286621091,0.0,1.900394082069397,30.0,,0.0,0.0,30.0,150.0,45.5162353515625,57.5162353515625,Leave_One_experiments/all_year_offline_schedule_search/daily_outputs/SYA/SYA_2008_SYA2008_normal_grid_S0015_daily.csv
SYA,SYA,Shenyang,2008,Leave_One_experiments\wth_generated_qc\SYA\SYA2008.WTH,wet_year;nitrogen_stress_year;low_response_year,wet,SYA2008_normal_grid_S0015,irrigation_positive_candidate,2008-06-30,182,77,72,"{""sim_day"": 77.0, ""doy"": 182.0, ""topwt"": 2081.016082763672, ""grnwt"": 0.0, ""xlai"": 1.9945167303085327, ""totir"": 30.0, ""tofer"": NaN, ""swfac"": 0.0, ""nstres"": 0.0}",0.0,0.0,2081.016082763672,0.0,1.9945167303085327,30.0,,0.0,0.0,30.0,150.0,45.5162353515625,57.5162353515625,Leave_One_experiments/all_year_offline_schedule_search/daily_outputs/SYA/SYA_2008_SYA2008_normal_grid_S0015_daily.csv
SYA,SYA,Shenyang,2008,Leave_One_experiments\wth_generated_qc\SYA\SYA2008.WTH,wet_year;nitrogen_stress_year;low_response_year,wet,SYA2008_normal_grid_S0015,irrigation_positive_candidate,2008-07-01,183,78,73,"{""sim_day"": 78.0, ""doy"": 183.0, ""topwt"": 2245.017852783203, ""grnwt"": 0.0, ""xlai"": 2.0780022144317627, ""totir"": 30.0, ""tofer"": NaN, ""swfac"": 0.0, ""nstres"": 0.0}",0.0,0.0,2245.017852783203,0.0,2.0780022144317627,30.0,,0.0,0.0,30.0,150.0,45.5162353515625,57.5162353515625,Leave_One_experiments/all_year_offline_schedule_search/daily_outputs/SYA/SYA_2008_SYA2008_normal_grid_S0015_daily.csv
SYA,SYA,Shenyang,2008,Leave_One_experiments\wth_generated_qc\SYA\SYA2008.WTH,wet_year;nitrogen_stress_year;low_response_year,wet,SYA2008_normal_grid_S0015,irrigation_positive_candidate,2008-07-02,184,79,74,"{""sim_day"": 79.0, ""doy"": 184.0, ""topwt"": 2457.11669921875, ""grnwt"": 0.0, ""xlai"": 2.169963836669922, ""totir"": 30.0, ""tofer"": NaN, ""swfac"": 0.0, ""nstres"": 0.0}",0.0,0.0,2457.11669921875,0.0,2.169963836669922,30.0,,0.0,0.0,30.0,150.0,45.5162353515625,57.5162353515625,Leave_One_experiments/all_year_offline_schedule_search/daily_outputs/SYA/SYA_2008_SYA2008_normal_grid_S0015_daily.csv
SYA,SYA,Shenyang,2008,Leave_One_experiments\wth_generated_qc\SYA\SYA2008.WTH,wet_year;nitrogen_stress_year;low_response_year,wet,SYA2008_normal_grid_S0015,irrigation_positive_candidate,2008-07-03,185,80,75,"{""sim_day"": 80.0, ""doy"": 185.0, ""topwt"": 2705.6423950195312, ""grnwt"": 0.0, ""xlai"": 2.2643518447875977, ""totir"": 30.0, ""tofer"": NaN, ""swfac"": 0.0, ""nstres"": 0.0}",0.0,0.0,2705.6423950195312,0.0,2.2643518447875977,30.0,,0.0,0.0,30.0,150.0,45.5162353515625,57.5162353515625,Leave_One_experiments/all_year_offline_schedule_search/daily_outputs/SYA/SYA_2008_SYA2008_normal_grid_S0015_daily.csv
SYA,SYA,Shenyang,2008,Leave_One_experiments\wth_generated_qc\SYA\SYA2008.WTH,wet_year;nitrogen_stress_year;low_response_year,wet,SYA2008_normal_grid_S0015,irrigation_positive_candidate,2008-07-04,186,81,76,"{""sim_day"": 81.0, ""doy"": 186.0, ""topwt"": 2920.3912353515625, ""grnwt"": 0.0, ""xlai"": 2.338540554046631, ""totir"": 30.0, ""tofer"": NaN, ""swfac"": 0.0, ""nstres"": 0.0}",0.0,0.0,2920.3912353515625,0.0,2.338540554046631,30.0,,0.0,0.0,30.0,150.0,45.5162353515625,57.5162353515625,Leave_One_experiments/all_year_offline_schedule_search/daily_outputs/SYA/SYA_2008_SYA2008_normal_grid_S0015_daily.csv
SYA,SYA,Shenyang,2008,Leave_One_experiments\wth_generated_qc\SYA\SYA2008.WTH,wet_year;nitrogen_stress_year;low_response_year,wet,SYA2008_normal_grid_S0015,irrigation_positive_candidate,2008-07-05,187,82,77,"{""sim_day"": 82.0, ""doy"": 187.0, ""topwt"": 3117.743530273437, ""grnwt"": 0.0, ""xlai"": 2.402099847793579, ""totir"": 30.0, ""tofer"": NaN, ""swfac"": 0.0, ""nstres"": 0.0}",0.0,0.0,3117.743530273437,0.0,2.402099847793579,30.0,,0.0,0.0,30.0,150.0,45.5162353515625,57.5162353515625,Leave_One_experiments/all_year_offline_schedule_search/daily_outputs/SYA/SYA_2008_SYA2008_normal_grid_S0015_daily.csv
SYA,SYA,Shenyang,2008,Leave_One_experiments\wth_generated_qc\SYA\SYA2008.WTH,wet_year;nitrogen_stress_year;low_response_year,wet,SYA2008_normal_grid_S0015,irrigation_positive_candidate,2008-07-06,188,83,78,"{""sim_day"": 83.0, ""doy"": 188.0, ""topwt"": 3327.572326660156, ""grnwt"": 0.0, ""xlai"": 2.4654436111450195, ""totir"": 30.0, ""tofer"": NaN, ""swfac"": 0.0, ""nstres"": 0.0}",0.0,0.0,3327.572326660156,0.0,2.4654436111450195,30.0,,0.0,0.0,30.0,150.0,45.5162353515625,57.5162353515625,Leave_One_experiments/all_year_offline_schedule_search/daily_outputs/SYA/SYA_2008_SYA2008_normal_grid_S0015_daily.csv
SYA,SYA,Shenyang,2008,Leave_One_experiments\wth_generated_qc\SYA\SYA2008.WTH,wet_year;nitrogen_stress_year;low_response_year,wet,SYA2008_normal_grid_S0015,irrigation_positive_candidate,2008-07-07,189,84,79,"{""sim_day"": 84.0, ""doy"": 189.0, ""topwt"": 3513.9303588867188, ""grnwt"": 0.0, ""xlai"": 2.518702268600464, ""totir"": 30.0, ""tofer"": NaN, ""swfac"": 0.0, ""nstres"": 0.0}",0.0,0.0,3513.9303588867188,0.0,2.518702268600464,30.0,,0.0,0.0,30.0,150.0,45.5162353515625,57.5162353515625,Leave_One_experiments/all_year_offline_schedule_search/daily_outputs/SYA/SYA_2008_SYA2008_normal_grid_S0015_daily.csv
SYA,SYA,Shenyang,2008,Leave_One_experiments\wth_generated_qc\SYA\SYA2008.WTH,wet_year;nitrogen_stress_year;low_response_year,wet,SYA2008_normal_grid_S0015,irrigation_positive_candidate,2008-07-08,190,85,80,"{""sim_day"": 85.0, ""doy"": 190.0, ""topwt"": 3637.504577636719, ""grnwt"": 0.0, ""xlai"": 2.552250862121582, ""totir"": 30.0, ""tofer"": NaN, ""swfac"": 0.0, ""nstres"": 0.0}",0.0,0.0,3637.504577636719,0.0,2.552250862121582,30.0,,0.0,0.0,30.0,150.0,45.5162353515625,57.5162353515625,Leave_One_experiments/all_year_offline_schedule_search/daily_outputs/SYA/SYA_2008_SYA2008_normal_grid_S0015_daily.csv
SYA,SYA,Shenyang,2008,Leave_One_experiments\wth_generated_qc\SYA\SYA2008.WTH,wet_year;nitrogen_stress_year;low_response_year,wet,SYA2008_normal_grid_S0015,irrigation_positive_candidate,2008-07-09,191,86,81,"{""sim_day"": 86.0, ""doy"": 191.0, ""topwt"": 3811.314697265625, ""grnwt"": 0.0, ""xlai"": 2.597402572631836, ""totir"": 30.0, ""tofer"": NaN, ""swfac"": 0.0, ""nstres"": 0.0}",0.0,0.0,3811.314697265625,0.0,2.597402572631836,30.0,,0.0,0.0,30.0,150.0,45.5162353515625,57.5162353515625,Leave_One_experiments/all_year_offline_schedule_search/daily_outputs/SYA/SYA_2008_SYA2008_normal_grid_S0015_daily.csv
SYA,SYA,Shenyang,2008,Leave_One_experiments\wth_generated_qc\SYA\SYA2008.WTH,wet_year;nitrogen_stress_year;low_response_year,wet,SYA2008_normal_grid_S0015,irrigation_positive_candidate,2008-07-10,192,87,82,"{""sim_day"": 87.0, ""doy"": 192.0, ""topwt"": 3999.9002075195312, ""grnwt"": 0.0, ""xlai"": 2.6443934440612797, ""totir"": 30.0, ""tofer"": NaN, ""swfac"": 0.0, ""nstres"": 0.0}",0.0,0.0,3999.9002075195312,0.0,2.6443934440612797,30.0,,0.0,0.0,30.0,150.0,45.5162353515625,57.5162353515625,Leave_One_experiments/all_year_offline_schedule_search/daily_outputs/SYA/SYA_2008_SYA2008_normal_grid_S0015_daily.csv
SYA,SYA,Shenyang,2008,Leave_One_experiments\wth_generated_qc\SYA\SYA2008.WTH,wet_year;nitrogen_stress_year;low_response_year,wet,SYA2008_normal_grid_S0015,irrigation_positive_candidate,2008-07-11,193,88,83,"{""sim_day"": 88.0, ""doy"": 193.0, ""topwt"": 4171.2054443359375, ""grnwt"": 0.0, ""xlai"": 2.687007427215576, ""totir"": 30.0, ""tofer"": NaN, ""swfac"": 0.0, ""nstres"": 0.0}",0.0,0.0,4171.2054443359375,0.0,2.687007427215576,30.0,,0.0,0.0,30.0,150.0,45.5162353515625,57.5162353515625,Leave_One_experiments/all_year_offline_schedule_search/daily_outputs/SYA/SYA_2008_SYA2008_normal_grid_S0015_daily.csv
SYA,SYA,Shenyang,2008,Leave_One_experiments\wth_generated_qc\SYA\SYA2008.WTH,wet_year;nitrogen_stress_year;low_response_year,wet,SYA2008_normal_grid_S0015,irrigation_positive_candidate,2008-07-12,194,89,84,"{""sim_day"": 89.0, ""doy"": 194.0, ""topwt"": 4364.093322753906, ""grnwt"": 0.0, ""xlai"": 2.734966993331909, ""totir"": 30.0, ""tofer"": NaN, ""swfac"": 0.0, ""nstres"": 0.0}",0.0,0.0,4364.093322753906,0.0,2.734966993331909,30.0,,0.0,0.0,30.0,150.0,45.5162353515625,57.5162353515625,Leave_One_experiments/all_year_offline_schedule_search/daily_outputs/SYA/SYA_2008_SYA2008_normal_grid_S0015_daily.csv
SYA,SYA,Shenyang,2008,Leave_One_experiments\wth_generated_qc\SYA\SYA2008.WTH,wet_year;nitrogen_stress_year;low_response_year,wet,SYA2008_normal_grid_S0015,irrigation_positive_candidate,2008-07-13,195,90,85,"{""sim_day"": 90.0, ""doy"": 195.0, ""topwt"": 4553.332214355469, ""grnwt"": 0.0, ""xlai"": 2.7819597721099854, ""totir"": 30.0, ""tofer"": NaN, ""swfac"": 0.0, ""nstres"": 0.0}",0.0,0.0,4553.332214355469,0.0,2.7819597721099854,30.0,,0.0,0.0,30.0,150.0,45.5162353515625,57.5162353515625,Leave_One_experiments/all_year_offline_schedule_search/daily_outputs/SYA/SYA_2008_SYA2008_normal_grid_S0015_daily.csv
SYA,SYA,Shenyang,2008,Leave_One_experiments\wth_generated_qc\SYA\SYA2008.WTH,wet_year;nitrogen_stress_year;low_response_year,wet,SYA2008_normal_grid_S0015,irrigation_positive_candidate,2008-07-14,196,91,86,"{""sim_day"": 91.0, ""doy"": 196.0, ""topwt"": 4594.470520019531, ""grnwt"": 0.0, ""xlai"": 2.791919469833374, ""totir"": 30.0, ""tofer"": NaN, ""swfac"": 0.0, ""nstres"": 0.0}",0.0,0.0,4594.470520019531,0.0,2.791919469833374,30.0,,0.0,0.0,30.0,150.0,45.5162353515625,57.5162353515625,Leave_One_experiments/all_year_offline_schedule_search/daily_outputs/SYA/SYA_2008_SYA2008_normal_grid_S0015_daily.csv
SYA,SYA,Shenyang,2008,Leave_One_experiments\wth_generated_qc\SYA\SYA2008.WTH,wet_year;nitrogen_stress_year;low_response_year,wet,SYA2008_normal_grid_S0015,irrigation_positive_candidate,2008-07-15,197,92,87,"{""sim_day"": 92.0, ""doy"": 197.0, ""topwt"": 4761.864318847656, ""grnwt"": 0.0, ""xlai"": 2.8334012031555176, ""totir"": 30.0, ""tofer"": NaN, ""swfac"": 0.0, ""nstres"": 0.0}",0.0,0.0,4761.864318847656,0.0,2.8334012031555176,30.0,,0.0,0.0,30.0,150.0,45.5162353515625,57.5162353515625,Leave_One_experiments/all_year_offline_schedule_search/daily_outputs/SYA/SYA_2008_SYA2008_normal_grid_S0015_daily.csv
SYA,SYA,Shenyang,2008,Leave_One_experiments\wth_generated_qc\SYA\SYA2008.WTH,wet_year;nitrogen_stress_year;low_response_year,wet,SYA2008_normal_grid_S0015,irrigation_positive_candidate,2008-07-16,198,93,88,"{""sim_day"": 93.0, ""doy"": 198.0, ""topwt"": 4933.310241699219, ""grnwt"": 0.0, ""xlai"": 2.875850200653076, ""totir"": 30.0, ""tofer"": NaN, ""swfac"": 0.0, ""nstres"": 0.0}",0.0,0.0,4933.310241699219,0.0,2.875850200653076,30.0,,0.0,0.0,30.0,150.0,45.5162353515625,57.5162353515625,Leave_One_experiments/all_year_offline_schedule_search/daily_outputs/SYA/SYA_2008_SYA2008_normal_grid_S0015_daily.csv
SYA,SYA,Shenyang,2008,Leave_One_experiments\wth_generated_qc\SYA\SYA2008.WTH,wet_year;nitrogen_stress_year;low_response_year,wet,SYA2008_normal_grid_S0015,irrigation_positive_candidate,2008-07-17,199,94,89,"{""sim_day"": 94.0, ""doy"": 199.0, ""topwt"": 5271.177978515625, ""grnwt"": 0.0, ""xlai"": 2.7396440505981445, ""totir"": 30.0, ""tofer"": NaN, ""swfac"": 0.0, ""nstres"": 0.0}",0.0,0.0,5271.177978515625,0.0,2.7396440505981445,30.0,,0.0,0.0,30.0,150.0,45.5162353515625,57.5162353515625,Leave_One_experiments/all_year_offline_schedule_search/daily_outputs/SYA/SYA_2008_SYA2008_normal_grid_S0015_daily.csv
SYA,SYA,Shenyang,2008,Leave_One_experiments\wth_generated_qc\SYA\SYA2008.WTH,wet_year;nitrogen_stress_year;low_response_year,wet,SYA2008_normal_grid_S0015,irrigation_positive_candidate,2008-07-18,200,95,90,"{""sim_day"": 95.0, ""doy"": 200.0, ""topwt"": 5645.836181640625, ""grnwt"": 0.0, ""xlai"": 2.7283451557159424, ""totir"": 30.0, ""tofer"": NaN, ""swfac"": 0.0, ""nstres"": 0.0}",0.0,0.0,5645.836181640625,0.0,2.7283451557159424,30.0,,0.0,0.0,30.0,150.0,45.5162353515625,57.5162353515625,Leave_One_experiments/all_year_offline_schedule_search/daily_outputs/SYA/SYA_2008_SYA2008_normal_grid_S0015_daily.csv
SYA,SYA,Shenyang,2008,Leave_One_experiments\wth_generated_qc\SYA\SYA2008.WTH,wet_year;nitrogen_stress_year;low_response_year,wet,SYA2008_normal_grid_S0015,irrigation_positive_candidate,2008-07-19,201,96,91,"{""sim_day"": 96.0, ""doy"": 201.0, ""topwt"": 5928.387451171875, ""grnwt"": 0.0, ""xlai"": 2.716540813446045, ""totir"": 30.0, ""tofer"": NaN, ""swfac"": 0.0, ""nstres"": 0.0}",0.0,0.0,5928.387451171875,0.0,2.716540813446045,30.0,,0.0,0.0,30.0,150.0,45.5162353515625,57.5162353515625,Leave_One_experiments/all_year_offline_schedule_search/daily_outputs/SYA/SYA_2008_SYA2008_normal_grid_S0015_daily.csv
SYA,SYA,Shenyang,2008,Leave_One_experiments\wth_generated_qc\SYA\SYA2008.WTH,wet_year;nitrogen_stress_year;low_response_year,wet,SYA2008_normal_grid_S0015,irrigation_positive_candidate,2008-07-20,202,97,92,"{""sim_day"": 97.0, ""doy"": 202.0, ""topwt"": 5997.572021484375, ""grnwt"": 0.0, ""xlai"": 2.7053136825561523, ""totir"": 30.0, ""tofer"": NaN, ""swfac"": 0.0, ""nstres"": 0.0}",0.0,0.0,5997.572021484375,0.0,2.7053136825561523,30.0,,0.0,0.0,30.0,150.0,45.5162353515625,57.5162353515625,Leave_One_experiments/all_year_offline_schedule_search/daily_outputs/SYA/SYA_2008_SYA2008_normal_grid_S0015_daily.csv
SYA,SYA,Shenyang,2008,Leave_One_experiments\wth_generated_qc\SYA\SYA2008.WTH,wet_year;nitrogen_stress_year;low_response_year,wet,SYA2008_normal_grid_S0015,irrigation_positive_candidate,2008-07-21,203,98,93,"{""sim_day"": 98.0, ""doy"": 203.0, ""topwt"": 6315.8892822265625, ""grnwt"": 0.0, ""xlai"": 2.69336485862732, ""totir"": 30.0, ""tofer"": NaN, ""swfac"": 0.0, ""nstres"": 0.0}",0.0,0.0,6315.8892822265625,0.0,2.69336485862732,30.0,,0.0,0.0,30.0,150.0,45.5162353515625,57.5162353515625,Leave_One_experiments/all_year_offline_schedule_search/daily_outputs/SYA/SYA_2008_SYA2008_normal_grid_S0015_daily.csv
SYA,SYA,Shenyang,2008,Leave_One_experiments\wth_generated_qc\SYA\SYA2008.WTH,wet_year;nitrogen_stress_year;low_response_year,wet,SYA2008_normal_grid_S0015,irrigation_positive_candidate,2008-07-22,204,99,94,"{""sim_day"": 99.0, ""doy"": 204.0, ""topwt"": 6668.555908203125, ""grnwt"": 0.0, ""xlai"": 2.6801886558532715, ""totir"": 30.0, ""tofer"": NaN, ""swfac"": 0.0, ""nstres"": 0.0}",0.0,0.0,6668.555908203125,0.0,2.6801886558532715,30.0,,0.0,0.0,30.0,150.0,45.5162353515625,57.5162353515625,Leave_One_experiments/all_year_offline_schedule_search/daily_outputs/SYA/SYA_2008_SYA2008_normal_grid_S0015_daily.csv
SYA,SYA,Shenyang,2008,Leave_One_experiments\wth_generated_qc\SYA\SYA2008.WTH,wet_year;nitrogen_stress_year;low_response_year,wet,SYA2008_normal_grid_S0015,irrigation_positive_candidate,2008-07-23,205,100,95,"{""sim_day"": 100.0, ""doy"": 205.0, ""topwt"": 7004.96826171875, ""grnwt"": 0.0, ""xlai"": 2.667048454284668, ""totir"": 30.0, ""tofer"": NaN, ""swfac"": 0.0, ""nstres"": 0.0}",0.0,0.0,7004.96826171875,0.0,2.667048454284668,30.0,,0.0,0.0,30.0,150.0,45.5162353515625,57.5162353515625,Leave_One_experiments/all_year_offline_schedule_search/daily_outputs/SYA/SYA_2008_SYA2008_normal_grid_S0015_daily.csv
SYA,SYA,Shenyang,2008,Leave_One_experiments\wth_generated_qc\SYA\SYA2008.WTH,wet_year;nitrogen_stress_year;low_response_year,wet,SYA2008_normal_grid_S0015,irrigation_positive_candidate,2008-07-24,206,101,96,"{""sim_day"": 101.0, ""doy"": 206.0, ""topwt"": 7392.118530273437, ""grnwt"": 0.0, ""xlai"": 2.6527891159057617, ""totir"": 30.0, ""tofer"": NaN, ""swfac"": 0.0, ""nstres"": 0.0}",0.0,0.0,7392.118530273437,0.0,2.6527891159057617,30.0,,0.0,0.0,30.0,150.0,45.5162353515625,57.5162353515625,Leave_One_experiments/all_year_offline_schedule_search/daily_outputs/SYA/SYA_2008_SYA2008_normal_grid_S0015_daily.csv
SYA,SYA,Shenyang,2008,Leave_One_experiments\wth_generated_qc\SYA\SYA2008.WTH,wet_year;nitrogen_stress_year;low_response_year,wet,SYA2008_normal_grid_S0015,irrigation_positive_candidate,2008-07-25,207,102,97,"{""sim_day"": 102.0, ""doy"": 207.0, ""topwt"": 7678.8818359375, ""grnwt"": 0.0, ""xlai"": 2.6380608081817627, ""totir"": 30.0, ""tofer"": NaN, ""swfac"": 0.0, ""nstres"": 0.0}",0.0,0.0,7678.8818359375,0.0,2.6380608081817627,30.0,,0.0,0.0,30.0,150.0,45.5162353515625,57.5162353515625,Leave_One_experiments/all_year_offline_schedule_search/daily_outputs/SYA/SYA_2008_SYA2008_normal_grid_S0015_daily.csv
SYA,SYA,Shenyang,2008,Leave_One_experiments\wth_generated_qc\SYA\SYA2008.WTH,wet_year;nitrogen_stress_year;low_response_year,wet,SYA2008_normal_grid_S0015,irrigation_positive_candidate,2008-07-26,208,103,98,"{""sim_day"": 103.0, ""doy"": 208.0, ""topwt"": 8041.356201171875, ""grnwt"": 0.0, ""xlai"": 2.624306917190552, ""totir"": 30.0, ""tofer"": NaN, ""swfac"": 0.0, ""nstres"": 0.0}",0.0,0.0,8041.356201171875,0.0,2.624306917190552,30.0,,0.0,0.0,30.0,150.0,45.5162353515625,57.5162353515625,Leave_One_experiments/all_year_offline_schedule_search/daily_outputs/SYA/SYA_2008_SYA2008_normal_grid_S0015_daily.csv
SYA,SYA,Shenyang,2008,Leave_One_experiments\wth_generated_qc\SYA\SYA2008.WTH,wet_year;nitrogen_stress_year;low_response_year,wet,SYA2008_normal_grid_S0015,irrigation_positive_candidate,2008-07-27,209,104,99,"{""sim_day"": 104.0, ""doy"": 209.0, ""topwt"": 8387.456665039062, ""grnwt"": 346.1008071899414, ""xlai"": 2.5772953033447266, ""totir"": 30.0, ""tofer"": NaN, ""swfac"": 0.0, ""nstres"": 0.0}",0.0,0.0,8387.456665039062,346.1008071899414,2.5772953033447266,30.0,,0.0,0.0,30.0,150.0,45.5162353515625,57.5162353515625,Leave_One_experiments/all_year_offline_schedule_search/daily_outputs/SYA/SYA_2008_SYA2008_normal_grid_S0015_daily.csv
SYA,SYA,Shenyang,2008,Leave_One_experiments\wth_generated_qc\SYA\SYA2008.WTH,wet_year;nitrogen_stress_year;low_response_year,wet,SYA2008_normal_grid_S0015,irrigation_positive_candidate,2008-07-28,210,105,100,"{""sim_day"": 105.0, ""doy"": 210.0, ""topwt"": 8519.12841796875, ""grnwt"": 692.2016143798828, ""xlai"": 2.570553541183472, ""totir"": 30.0, ""tofer"": NaN, ""swfac"": 0.0, ""nstres"": 0.0}",0.0,0.0,8519.12841796875,692.2016143798828,2.570553541183472,30.0,,0.0,0.0,30.0,150.0,45.5162353515625,57.5162353515625,Leave_One_experiments/all_year_offline_schedule_search/daily_outputs/SYA/SYA_2008_SYA2008_normal_grid_S0015_daily.csv
SYA,SYA,Shenyang,2008,Leave_One_experiments\wth_generated_qc\SYA\SYA2008.WTH,wet_year;nitrogen_stress_year;low_response_year,wet,SYA2008_normal_grid_S0015,irrigation_positive_candidate,2008-07-29,211,106,101,"{""sim_day"": 106.0, ""doy"": 211.0, ""topwt"": 8894.013671875, ""grnwt"": 1038.3024597167969, ""xlai"": 2.5617918968200684, ""totir"": 30.0, ""tofer"": NaN, ""swfac"": 0.0, ""nstres"": 0.0}",0.0,0.0,8894.013671875,1038.3024597167969,2.5617918968200684,30.0,,0.0,0.0,30.0,150.0,45.5162353515625,57.5162353515625,Leave_One_experiments/all_year_offline_schedule_search/daily_outputs/SYA/SYA_2008_SYA2008_normal_grid_S0015_daily.csv
SYA,SYA,Shenyang,2008,Leave_One_experiments\wth_generated_qc\SYA\SYA2008.WTH,wet_year;nitrogen_stress_year;low_response_year,wet,SYA2008_normal_grid_S0015,irrigation_positive_candidate,2008-07-30,212,107,102,"{""sim_day"": 107.0, ""doy"": 212.0, ""topwt"": 9023.613891601562, ""grnwt"": 1384.4032287597656, ""xlai"": 2.551999092102051, ""totir"": 30.0, ""tofer"": NaN, ""swfac"": 0.0, ""nstres"": 0.0}",0.0,0.0,9023.613891601562,1384.4032287597656,2.551999092102051,30.0,,0.0,0.0,30.0,150.0,45.5162353515625,57.5162353515625,Leave_One_experiments/all_year_offline_schedule_search/daily_outputs/SYA/SYA_2008_SYA2008_normal_grid_S0015_daily.csv
SYA,SYA,Shenyang,2008,Leave_One_experiments\wth_generated_qc\SYA\SYA2008.WTH,wet_year;nitrogen_stress_year;low_response_year,wet,SYA2008_normal_grid_S0015,irrigation_positive_candidate,2008-07-31,213,108,103,"{""sim_day"": 108.0, ""doy"": 213.0, ""topwt"": 9100.911254882812, ""grnwt"": 1730.5039978027344, ""xlai"": 2.542967796325684, ""totir"": 30.0, ""tofer"": NaN, ""swfac"": 0.0, ""nstres"": 0.0}",0.0,0.0,9100.911254882812,1730.5039978027344,2.542967796325684,30.0,,0.0,0.0,30.0,150.0,45.5162353515625,57.5162353515625,Leave_One_experiments/all_year_offline_schedule_search/daily_outputs/SYA/SYA_2008_SYA2008_normal_grid_S0015_daily.csv
SYA,SYA,Shenyang,2008,Leave_One_experiments\wth_generated_qc\SYA\SYA2008.WTH,wet_year;nitrogen_stress_year;low_response_year,wet,SYA2008_normal_grid_S0015,irrigation_positive_candidate,2008-08-01,214,109,104,"{""sim_day"": 109.0, ""doy"": 214.0, ""topwt"": 9424.085083007812, ""grnwt"": 2076.6049194335938, ""xlai"": 2.532064199447632, ""totir"": 30.0, ""tofer"": NaN, ""swfac"": 0.0, ""nstres"": 0.0}",0.0,0.0,9424.085083007812,2076.6049194335938,2.532064199447632,30.0,,0.0,0.0,30.0,150.0,45.5162353515625,57.5162353515625,Leave_One_experiments/all_year_offline_schedule_search/daily_outputs/SYA/SYA_2008_SYA2008_normal_grid_S0015_daily.csv
SYA,SYA,Shenyang,2008,Leave_One_experiments\wth_generated_qc\SYA\SYA2008.WTH,wet_year;nitrogen_stress_year;low_response_year,wet,SYA2008_normal_grid_S0015,irrigation_positive_candidate,2008-08-02,215,110,105,"{""sim_day"": 110.0, ""doy"": 215.0, ""topwt"": 9835.570068359377, ""grnwt"": 2422.7056884765625, ""xlai"": 2.519158363342285, ""totir"": 30.0, ""tofer"": NaN, ""swfac"": 0.0, ""nstres"": 0.0}",0.0,0.0,9835.570068359377,2422.7056884765625,2.519158363342285,30.0,,0.0,0.0,30.0,150.0,45.5162353515625,57.5162353515625,Leave_One_experiments/all_year_offline_schedule_search/daily_outputs/SYA/SYA_2008_SYA2008_normal_grid_S0015_daily.csv
SYA,SYA,Shenyang,2008,Leave_One_experiments\wth_generated_qc\SYA\SYA2008.WTH,wet_year;nitrogen_stress_year;low_response_year,wet,SYA2008_normal_grid_S0015,irrigation_positive_candidate,2008-08-03,216,111,106,"{""sim_day"": 111.0, ""doy"": 216.0, ""topwt"": 10216.2060546875, ""grnwt"": 2768.8064575195312, ""xlai"": 2.50312614440918, ""totir"": 30.0, ""tofer"": NaN, ""swfac"": 0.0, ""nstres"": 0.0}",0.0,0.0,10216.2060546875,2768.8064575195312,2.50312614440918,30.0,,0.0,0.0,30.0,150.0,45.5162353515625,57.5162353515625,Leave_One_experiments/all_year_offline_schedule_search/daily_outputs/SYA/SYA_2008_SYA2008_normal_grid_S0015_daily.csv
SYA,SYA,Shenyang,2008,Leave_One_experiments\wth_generated_qc\SYA\SYA2008.WTH,wet_year;nitrogen_stress_year;low_response_year,wet,SYA2008_normal_grid_S0015,irrigation_positive_candidate,2008-08-04,217,112,107,"{""sim_day"": 112.0, ""doy"": 217.0, ""topwt"": 10579.637451171877, ""grnwt"": 3086.7868041992188, ""xlai"": 2.4830877780914307, ""totir"": 30.0, ""tofer"": NaN, ""swfac"": 0.0, ""nstres"": 0.0}",0.0,0.0,10579.637451171877,3086.7868041992188,2.4830877780914307,30.0,,0.0,0.0,30.0,150.0,45.5162353515625,57.5162353515625,Leave_One_experiments/all_year_offline_schedule_search/daily_outputs/SYA/SYA_2008_SYA2008_normal_grid_S0015_daily.csv
SYA,SYA,Shenyang,2008,Leave_One_experiments\wth_generated_qc\SYA\SYA2008.WTH,wet_year;nitrogen_stress_year;low_response_year,wet,SYA2008_normal_grid_S0015,irrigation_positive_candidate,2008-08-05,218,113,108,"{""sim_day"": 113.0, ""doy"": 218.0, ""topwt"": 10950.316162109377, ""grnwt"": 3432.8875732421875, ""xlai"": 2.461475133895874, ""totir"": 30.0, ""tofer"": NaN, ""swfac"": 0.0, ""nstres"": 0.0}",0.0,0.0,10950.316162109377,3432.8875732421875,2.461475133895874,30.0,,0.0,0.0,30.0,150.0,45.5162353515625,57.5162353515625,Leave_One_experiments/all_year_offline_schedule_search/daily_outputs/SYA/SYA_2008_SYA2008_normal_grid_S0015_daily.csv
SYA,SYA,Shenyang,2008,Leave_One_experiments\wth_generated_qc\SYA\SYA2008.WTH,wet_year;nitrogen_stress_year;low_response_year,wet,SYA2008_normal_grid_S0015,irrigation_positive_candidate,2008-08-06,219,114,109,"{""sim_day"": 114.0, ""doy"": 219.0, ""topwt"": 11322.15087890625, ""grnwt"": 3778.9886474609375, ""xlai"": 2.4370625019073486, ""totir"": 30.0, ""tofer"": NaN, ""swfac"": 0.0, ""nstres"": 0.0}",0.0,0.0,11322.15087890625,3778.9886474609375,2.4370625019073486,30.0,,0.0,0.0,30.0,150.0,45.5162353515625,57.5162353515625,Leave_One_experiments/all_year_offline_schedule_search/daily_outputs/SYA/SYA_2008_SYA2008_normal_grid_S0015_daily.csv
SYA,SYA,Shenyang,2008,Leave_One_experiments\wth_generated_qc\SYA\SYA2008.WTH,wet_year;nitrogen_stress_year;low_response_year,wet,SYA2008_normal_grid_S0015,irrigation_positive_candidate,2008-08-07,220,115,110,"{""sim_day"": 115.0, ""doy"": 220.0, ""topwt"": 11706.533203125, ""grnwt"": 4125.089416503906, ""xlai"": 2.411943197250366, ""totir"": 30.0, ""tofer"": NaN, ""swfac"": 0.0, ""nstres"": 0.0}",0.0,0.0,11706.533203125,4125.089416503906,2.411943197250366,30.0,,0.0,0.0,30.0,150.0,45.5162353515625,57.5162353515625,Leave_One_experiments/all_year_offline_schedule_search/daily_outputs/SYA/SYA_2008_SYA2008_normal_grid_S0015_daily.csv
SYA,SYA,Shenyang,2008,Leave_One_experiments\wth_generated_qc\SYA\SYA2008.WTH,wet_year;nitrogen_stress_year;low_response_year,wet,SYA2008_normal_grid_S0015,irrigation_positive_candidate,2008-08-08,221,116,111,"{""sim_day"": 116.0, ""doy"": 221.0, ""topwt"": 12067.7685546875, ""grnwt"": 4458.211364746094, ""xlai"": 2.3816452026367188, ""totir"": 30.0, ""tofer"": NaN, ""swfac"": 0.0, ""nstres"": 0.0}",0.0,0.0,12067.7685546875,4458.211364746094,2.3816452026367188,30.0,,0.0,0.0,30.0,150.0,45.5162353515625,57.5162353515625,Leave_One_experiments/all_year_offline_schedule_search/daily_outputs/SYA/SYA_2008_SYA2008_normal_grid_S0015_daily.csv
SYA,SYA,Shenyang,2008,Leave_One_experiments\wth_generated_qc\SYA\SYA2008.WTH,wet_year;nitrogen_stress_year;low_response_year,wet,SYA2008_normal_grid_S0015,irrigation_positive_candidate,2008-08-09,222,117,112,"{""sim_day"": 117.0, ""doy"": 222.0, ""topwt"": 12364.111328125, ""grnwt"": 4804.312133789063, ""xlai"": 2.3489670753479004, ""totir"": 30.0, ""tofer"": NaN, ""swfac"": 0.0, ""nstres"": 0.0}",0.0,0.0,12364.111328125,4804.312133789063,2.3489670753479004,30.0,,0.0,0.0,30.0,150.0,45.5162353515625,57.5162353515625,Leave_One_experiments/all_year_offline_schedule_search/daily_outputs/SYA/SYA_2008_SYA2008_normal_grid_S0015_daily.csv
SYA,SYA,Shenyang,2008,Leave_One_experiments\wth_generated_qc\SYA\SYA2008.WTH,wet_year;nitrogen_stress_year;low_response_year,wet,SYA2008_normal_grid_S0015,irrigation_positive_candidate,2008-08-10,223,118,113,"{""sim_day"": 118.0, ""doy"": 223.0, ""topwt"": 12496.68701171875, ""grnwt"": 5150.4132080078125, ""xlai"": 2.316422700881958, ""totir"": 30.0, ""tofer"": NaN, ""swfac"": 0.0, ""nstres"": 0.0}",0.0,0.0,12496.68701171875,5150.4132080078125,2.316422700881958,30.0,,0.0,0.0,30.0,150.0,45.5162353515625,57.5162353515625,Leave_One_experiments/all_year_offline_schedule_search/daily_outputs/SYA/SYA_2008_SYA2008_normal_grid_S0015_daily.csv
SYA,SYA,Shenyang,2008,Leave_One_experiments\wth_generated_qc\SYA\SYA2008.WTH,wet_year;nitrogen_stress_year;low_response_year,wet,SYA2008_normal_grid_S0015,irrigation_positive_candidate,2008-08-11,224,119,114,"{""sim_day"": 119.0, ""doy"": 224.0, ""topwt"": 12853.660888671877, ""grnwt"": 5496.513671875, ""xlai"": 2.2791495323181152, ""totir"": 30.0, ""tofer"": NaN, ""swfac"": 0.0, ""nstres"": 0.0}",0.0,0.0,12853.660888671877,5496.513671875,2.2791495323181152,30.0,,0.0,0.0,30.0,150.0,45.5162353515625,57.5162353515625,Leave_One_experiments/all_year_offline_schedule_search/daily_outputs/SYA/SYA_2008_SYA2008_normal_grid_S0015_daily.csv
SYA,SYA,Shenyang,2008,Leave_One_experiments\wth_generated_qc\SYA\SYA2008.WTH,wet_year;nitrogen_stress_year;low_response_year,wet,SYA2008_normal_grid_S0015,irrigation_positive_candidate,2008-08-12,225,120,115,"{""sim_day"": 120.0, ""doy"": 225.0, ""topwt"": 13164.0234375, ""grnwt"": 5842.61474609375, ""xlai"": 2.2385056018829346, ""totir"": 30.0, ""tofer"": NaN, ""swfac"": 0.0, ""nstres"": 0.0}",0.0,0.0,13164.0234375,5842.61474609375,2.2385056018829346,30.0,,0.0,0.0,30.0,150.0,45.5162353515625,57.5162353515625,Leave_One_experiments/all_year_offline_schedule_search/daily_outputs/SYA/SYA_2008_SYA2008_normal_grid_S0015_daily.csv
SYA,SYA,Shenyang,2008,Leave_One_experiments\wth_generated_qc\SYA\SYA2008.WTH,wet_year;nitrogen_stress_year;low_response_year,wet,SYA2008_normal_grid_S0015,irrigation_positive_candidate,2008-08-13,226,121,116,"{""sim_day"": 121.0, ""doy"": 226.0, ""topwt"": 13506.42333984375, ""grnwt"": 6188.7152099609375, ""xlai"": 2.2003910541534424, ""totir"": 30.0, ""tofer"": NaN, ""swfac"": 0.0, ""nstres"": 0.0}",0.0,0.0,13506.42333984375,6188.7152099609375,2.2003910541534424,30.0,,0.0,0.0,30.0,150.0,45.5162353515625,57.5162353515625,Leave_One_experiments/all_year_offline_schedule_search/daily_outputs/SYA/SYA_2008_SYA2008_normal_grid_S0015_daily.csv
SYA,SYA,Shenyang,2008,Leave_One_experiments\wth_generated_qc\SYA\SYA2008.WTH,wet_year;nitrogen_stress_year;low_response_year,wet,SYA2008_normal_grid_S0015,irrigation_positive_candidate,2008-08-14,227,122,117,"{""sim_day"": 122.0, ""doy"": 227.0, ""topwt"": 13890.04638671875, ""grnwt"": 6534.815673828125, ""xlai"": 2.162704944610596, ""totir"": 30.0, ""tofer"": NaN, ""swfac"": 0.0, ""nstres"": 0.001251220703125}",0.0,0.001251220703125,13890.04638671875,6534.815673828125,2.162704944610596,30.0,,0.0,0.0,30.0,150.0,45.5162353515625,57.5162353515625,Leave_One_experiments/all_year_offline_schedule_search/daily_outputs/SYA/SYA_2008_SYA2008_normal_grid_S0015_daily.csv
SYA,SYA,Shenyang,2008,Leave_One_experiments\wth_generated_qc\SYA\SYA2008.WTH,wet_year;nitrogen_stress_year;low_response_year,wet,SYA2008_normal_grid_S0015,irrigation_positive_candidate,2008-08-15,228,123,118,"{""sim_day"": 123.0, ""doy"": 228.0, ""topwt"": 14268.458251953123, ""grnwt"": 6880.9161376953125, ""xlai"": 2.1213245391845703, ""totir"": 30.0, ""tofer"": NaN, ""swfac"": 0.0, ""nstres"": 0.0534055233001709}",0.0,0.0534055233001709,14268.458251953123,6880.9161376953125,2.1213245391845703,30.0,,0.0,0.0,30.0,150.0,45.5162353515625,57.5162353515625,Leave_One_experiments/all_year_offline_schedule_search/daily_outputs/SYA/SYA_2008_SYA2008_normal_grid_S0015_daily.csv
SYA,SYA,Shenyang,2008,Leave_One_experiments\wth_generated_qc\SYA\SYA2008.WTH,wet_year;nitrogen_stress_year;low_response_year,wet,SYA2008_normal_grid_S0015,irrigation_positive_candidate,2008-08-16,229,124,119,"{""sim_day"": 124.0, ""doy"": 229.0, ""topwt"": 14520.911865234377, ""grnwt"": 7227.0172119140625, ""xlai"": 2.0763726234436035, ""totir"": 30.0, ""tofer"": NaN, ""swfac"": 0.0, ""nstres"": 0.1080396175384521}",0.0,0.1080396175384521,14520.911865234377,7227.0172119140625,2.0763726234436035,30.0,,0.0,0.0,30.0,150.0,45.5162353515625,57.5162353515625,Leave_One_experiments/all_year_offline_schedule_search/daily_outputs/SYA/SYA_2008_SYA2008_normal_grid_S0015_daily.csv
SYA,SYA,Shenyang,2008,Leave_One_experiments\wth_generated_qc\SYA\SYA2008.WTH,wet_year;nitrogen_stress_year;low_response_year,wet,SYA2008_normal_grid_S0015,irrigation_positive_candidate,2008-08-17,230,125,120,"{""sim_day"": 125.0, ""doy"": 230.0, ""topwt"": 14592.928466796877, ""grnwt"": 7573.11767578125, ""xlai"": 2.035869598388672, ""totir"": 30.0, ""tofer"": NaN, ""swfac"": 0.0, ""nstres"": 0.1554166674613952}",0.0,0.1554166674613952,14592.928466796877,7573.11767578125,2.035869598388672,30.0,,0.0,0.0,30.0,150.0,45.5162353515625,57.5162353515625,Leave_One_experiments/all_year_offline_schedule_search/daily_outputs/SYA/SYA_2008_SYA2008_normal_grid_S0015_daily.csv
SYA,SYA,Shenyang,2008,Leave_One_experiments\wth_generated_qc\SYA\SYA2008.WTH,wet_year;nitrogen_stress_year;low_response_year,wet,SYA2008_normal_grid_S0015,irrigation_positive_candidate,2008-08-18,231,126,121,"{""sim_day"": 126.0, ""doy"": 231.0, ""topwt"": 14891.51123046875, ""grnwt"": 7919.218139648437, ""xlai"": 1.9877597093582156, ""totir"": 30.0, ""tofer"": NaN, ""swfac"": 0.0, ""nstres"": 0.1852433681488037}",0.0,0.1852433681488037,14891.51123046875,7919.218139648437,1.9877597093582156,30.0,,0.0,0.0,30.0,150.0,45.5162353515625,57.5162353515625,Leave_One_experiments/all_year_offline_schedule_search/daily_outputs/SYA/SYA_2008_SYA2008_normal_grid_S0015_daily.csv
SYA,SYA,Shenyang,2008,Leave_One_experiments\wth_generated_qc\SYA\SYA2008.WTH,wet_year;nitrogen_stress_year;low_response_year,wet,SYA2008_normal_grid_S0015,irrigation_positive_candidate,2008-08-19,232,127,122,"{""sim_day"": 127.0, ""doy"": 232.0, ""topwt"": 15122.325439453123, ""grnwt"": 8197.180786132812, ""xlai"": 1.9393829107284544, ""totir"": 30.0, ""tofer"": NaN, ""swfac"": 0.0, ""nstres"": 0.1946991682052612}",0.0,0.1946991682052612,15122.325439453123,8197.180786132812,1.9393829107284544,30.0,,0.0,0.0,30.0,150.0,45.5162353515625,57.5162353515625,Leave_One_experiments/all_year_offline_schedule_search/daily_outputs/SYA/SYA_2008_SYA2008_normal_grid_S0015_daily.csv
SYA,SYA,Shenyang,2008,Leave_One_experiments\wth_generated_qc\SYA\SYA2008.WTH,wet_year;nitrogen_stress_year;low_response_year,wet,SYA2008_normal_grid_S0015,irrigation_positive_candidate,2008-08-20,233,128,123,"{""sim_day"": 128.0, ""doy"": 233.0, ""topwt"": 15280.8984375, ""grnwt"": 8355.756225585938, ""xlai"": 1.8856440782547, ""totir"": 30.0, ""tofer"": NaN, ""swfac"": 0.0, ""nstres"": 0.2650235891342163}",0.0,0.2650235891342163,15280.8984375,8355.756225585938,1.8856440782547,30.0,,0.0,0.0,30.0,150.0,45.5162353515625,57.5162353515625,Leave_One_experiments/all_year_offline_schedule_search/daily_outputs/SYA/SYA_2008_SYA2008_normal_grid_S0015_daily.csv
SYA,SYA,Shenyang,2008,Leave_One_experiments\wth_generated_qc\SYA\SYA2008.WTH,wet_year;nitrogen_stress_year;low_response_year,wet,SYA2008_normal_grid_S0015,irrigation_positive_candidate,2008-08-21,234,129,124,"{""sim_day"": 129.0, ""doy"": 234.0, ""topwt"": 15312.569580078123, ""grnwt"": 8387.426147460938, ""xlai"": 1.8315619230270384, ""totir"": 30.0, ""tofer"": NaN, ""swfac"": 0.0, ""nstres"": 0.2883422374725342}",0.0,0.2883422374725342,15312.569580078123,8387.426147460938,1.8315619230270384,30.0,,0.0,0.0,30.0,150.0,45.5162353515625,57.5162353515625,Leave_One_experiments/all_year_offline_schedule_search/daily_outputs/SYA/SYA_2008_SYA2008_normal_grid_S0015_daily.csv
SYA,SYA,Shenyang,2008,Leave_One_experiments\wth_generated_qc\SYA\SYA2008.WTH,wet_year;nitrogen_stress_year;low_response_year,wet,SYA2008_normal_grid_S0015,irrigation_positive_candidate,2008-08-22,235,130,125,"{""sim_day"": 130.0, ""doy"": 235.0, ""topwt"": 15549.805908203123, ""grnwt"": 8624.662475585938, ""xlai"": 1.7805145978927612, ""totir"": 30.0, ""tofer"": NaN, ""swfac"": 0.0, ""nstres"": 0.2689012289047241}",0.0,0.2689012289047241,15549.805908203123,8624.662475585938,1.7805145978927612,30.0,,0.0,0.0,30.0,150.0,45.5162353515625,57.5162353515625,Leave_One_experiments/all_year_offline_schedule_search/daily_outputs/SYA/SYA_2008_SYA2008_normal_grid_S0015_daily.csv
SYA,SYA,Shenyang,2008,Leave_One_experiments\wth_generated_qc\SYA\SYA2008.WTH,wet_year;nitrogen_stress_year;low_response_year,wet,SYA2008_normal_grid_S0015,irrigation_positive_candidate,2008-08-23,236,131,126,"{""sim_day"": 131.0, ""doy"": 236.0, ""topwt"": 15753.531494140623, ""grnwt"": 8828.388061523438, ""xlai"": 1.72387433052063, ""totir"": 30.0, ""tofer"": NaN, ""swfac"": 0.0, ""nstres"": 0.3477582335472107}",0.0,0.3477582335472107,15753.531494140623,8828.388061523438,1.72387433052063,30.0,,0.0,0.0,30.0,150.0,45.5162353515625,57.5162353515625,Leave_One_experiments/all_year_offline_schedule_search/daily_outputs/SYA/SYA_2008_SYA2008_normal_grid_S0015_daily.csv
SYA,SYA,Shenyang,2008,Leave_One_experiments\wth_generated_qc\SYA\SYA2008.WTH,wet_year;nitrogen_stress_year;low_response_year,wet,SYA2008_normal_grid_S0015,irrigation_positive_candidate,2008-08-24,237,132,127,"{""sim_day"": 132.0, ""doy"": 237.0, ""topwt"": 15840.328369140623, ""grnwt"": 8915.184936523438, ""xlai"": 1.657822608947754, ""totir"": 30.0, ""tofer"": NaN, ""swfac"": 0.0, ""nstres"": 0.4058307409286499}",0.0,0.4058307409286499,15840.328369140623,8915.184936523438,1.657822608947754,30.0,,0.0,0.0,30.0,150.0,45.5162353515625,57.5162353515625,Leave_One_experiments/all_year_offline_schedule_search/daily_outputs/SYA/SYA_2008_SYA2008_normal_grid_S0015_daily.csv
SYA,SYA,Shenyang,2008,Leave_One_experiments\wth_generated_qc\SYA\SYA2008.WTH,wet_year;nitrogen_stress_year;low_response_year,wet,SYA2008_normal_grid_S0015,irrigation_positive_candidate,2008-08-25,238,133,128,"{""sim_day"": 133.0, ""doy"": 238.0, ""topwt"": 16011.71142578125, ""grnwt"": 9086.5673828125, ""xlai"": 1.5850813388824463, ""totir"": 30.0, ""tofer"": NaN, ""swfac"": 0.0, ""nstres"": 0.4047015905380249}",0.0,0.4047015905380249,16011.71142578125,9086.5673828125,1.5850813388824463,30.0,,0.0,0.0,30.0,150.0,45.5162353515625,57.5162353515625,Leave_One_experiments/all_year_offline_schedule_search/daily_outputs/SYA/SYA_2008_SYA2008_normal_grid_S0015_daily.csv
SYA,SYA,Shenyang,2008,Leave_One_experiments\wth_generated_qc\SYA\SYA2008.WTH,wet_year;nitrogen_stress_year;low_response_year,wet,SYA2008_normal_grid_S0015,irrigation_positive_candidate,2008-08-26,239,134,129,"{""sim_day"": 134.0, ""doy"": 239.0, ""topwt"": 16166.484375, ""grnwt"": 9241.341552734377, ""xlai"": 1.5159155130386353, ""totir"": 30.0, ""tofer"": NaN, ""swfac"": 0.0, ""nstres"": 0.4438138604164123}",0.0,0.4438138604164123,16166.484375,9241.341552734377,1.5159155130386353,30.0,,0.0,0.0,30.0,150.0,45.5162353515625,57.5162353515625,Leave_One_experiments/all_year_offline_schedule_search/daily_outputs/SYA/SYA_2008_SYA2008_normal_grid_S0015_daily.csv
SYA,SYA,Shenyang,2008,Leave_One_experiments\wth_generated_qc\SYA\SYA2008.WTH,wet_year;nitrogen_stress_year;low_response_year,wet,SYA2008_normal_grid_S0015,irrigation_positive_candidate,2008-08-27,240,135,130,"{""sim_day"": 135.0, ""doy"": 240.0, ""topwt"": 16300.284423828123, ""grnwt"": 9375.140991210938, ""xlai"": 1.437890887260437, ""totir"": 30.0, ""tofer"": NaN, ""swfac"": 0.0, ""nstres"": 0.468472421169281}",0.0,0.468472421169281,16300.284423828123,9375.140991210938,1.437890887260437,30.0,,0.0,0.0,30.0,150.0,45.5162353515625,57.5162353515625,Leave_One_experiments/all_year_offline_schedule_search/daily_outputs/SYA/SYA_2008_SYA2008_normal_grid_S0015_daily.csv
SYA,SYA,Shenyang,2008,Leave_One_experiments\wth_generated_qc\SYA\SYA2008.WTH,wet_year;nitrogen_stress_year;low_response_year,wet,SYA2008_normal_grid_S0015,irrigation_positive_candidate,2008-08-28,241,136,131,"{""sim_day"": 136.0, ""doy"": 241.0, ""topwt"": 16450.921630859375, ""grnwt"": 9525.77880859375, ""xlai"": 1.362520694732666, ""totir"": 30.0, ""tofer"": NaN, ""swfac"": 0.0, ""nstres"": 0.4829677939414978}",0.0,0.4829677939414978,16450.921630859375,9525.77880859375,1.362520694732666,30.0,,0.0,0.0,30.0,150.0,45.5162353515625,57.5162353515625,Leave_One_experiments/all_year_offline_schedule_search/daily_outputs/SYA/SYA_2008_SYA2008_normal_grid_S0015_daily.csv
SYA,SYA,Shenyang,2008,Leave_One_experiments\wth_generated_qc\SYA\SYA2008.WTH,wet_year;nitrogen_stress_year;low_response_year,wet,SYA2008_normal_grid_S0015,irrigation_positive_candidate,2008-08-29,242,137,132,"{""sim_day"": 137.0, ""doy"": 242.0, ""topwt"": 16558.961181640625, ""grnwt"": 9633.818969726562, ""xlai"": 1.283684015274048, ""totir"": 30.0, ""tofer"": NaN, ""swfac"": 0.0, ""nstres"": 0.4923667311668396}",0.0,0.4923667311668396,16558.961181640625,9633.818969726562,1.283684015274048,30.0,,0.0,0.0,30.0,150.0,45.5162353515625,57.5162353515625,Leave_One_experiments/all_year_offline_schedule_search/daily_outputs/SYA/SYA_2008_SYA2008_normal_grid_S0015_daily.csv
SYA,SYA,Shenyang,2008,Leave_One_experiments\wth_generated_qc\SYA\SYA2008.WTH,wet_year;nitrogen_stress_year;low_response_year,wet,SYA2008_normal_grid_S0015,irrigation_positive_candidate,2008-08-30,243,138,133,"{""sim_day"": 138.0, ""doy"": 243.0, ""topwt"": 16608.60595703125, ""grnwt"": 9683.46435546875, ""xlai"": 1.210949420928955, ""totir"": 30.0, ""tofer"": NaN, ""swfac"": 0.0, ""nstres"": 0.487597644329071}",0.0,0.487597644329071,16608.60595703125,9683.46435546875,1.210949420928955,30.0,,0.0,0.0,30.0,150.0,45.5162353515625,57.5162353515625,Leave_One_experiments/all_year_offline_schedule_search/daily_outputs/SYA/SYA_2008_SYA2008_normal_grid_S0015_daily.csv
SYA,SYA,Shenyang,2008,Leave_One_experiments\wth_generated_qc\SYA\SYA2008.WTH,wet_year;nitrogen_stress_year;low_response_year,wet,SYA2008_normal_grid_S0015,irrigation_positive_candidate,2008-08-31,244,139,134,"{""sim_day"": 139.0, ""doy"": 244.0, ""topwt"": 16726.76513671875, ""grnwt"": 9801.62353515625, ""xlai"": 1.1405717134475708, ""totir"": 30.0, ""tofer"": NaN, ""swfac"": 0.0, ""nstres"": 0.4582361578941345}",0.0,0.4582361578941345,16726.76513671875,9801.62353515625,1.1405717134475708,30.0,,0.0,0.0,30.0,150.0,45.5162353515625,57.5162353515625,Leave_One_experiments/all_year_offline_schedule_search/daily_outputs/SYA/SYA_2008_SYA2008_normal_grid_S0015_daily.csv
SYA,SYA,Shenyang,2008,Leave_One_experiments\wth_generated_qc\SYA\SYA2008.WTH,wet_year;nitrogen_stress_year;low_response_year,wet,SYA2008_normal_grid_S0015,irrigation_positive_candidate,2008-09-01,245,140,135,"{""sim_day"": 140.0, ""doy"": 245.0, ""topwt"": 16726.76513671875, ""grnwt"": 9801.62353515625, ""xlai"": 1.1405717134475708, ""totir"": 30.0, ""tofer"": NaN, ""swfac"": 0.0, ""nstres"": 0.4704034924507141}",0.0,0.4704034924507141,16726.76513671875,9801.62353515625,1.1405717134475708,30.0,,0.0,0.0,30.0,150.0,45.5162353515625,57.5162353515625,Leave_One_experiments/all_year_offline_schedule_search/daily_outputs/SYA/SYA_2008_SYA2008_normal_grid_S0015_daily.csv
SYA,SYA,Shenyang,2008,Leave_One_experiments\wth_generated_qc\SYA\SYA2008.WTH,wet_year;nitrogen_stress_year;low_response_year,wet,SYA2008_normal_grid_S0015,irrigation_positive_candidate,2008-09-02,246,141,136,"{""sim_day"": 141.0, ""doy"": 246.0, ""topwt"": 16726.76513671875, ""grnwt"": 9801.62353515625, ""xlai"": 1.1405717134475708, ""totir"": 30.0, ""tofer"": NaN, ""swfac"": 0.0, ""nstres"": 0.4704034924507141}",0.0,0.4704034924507141,16726.76513671875,9801.62353515625,1.1405717134475708,30.0,,0.0,0.0,30.0,150.0,45.5162353515625,57.5162353515625,Leave_One_experiments/all_year_offline_schedule_search/daily_outputs/SYA/SYA_2008_SYA2008_normal_grid_S0015_daily.csv
SYA,SYA,Shenyang,2008,Leave_One_experiments\wth_generated_qc\SYA\SYA2008.WTH,wet_year;nitrogen_stress_year;low_response_year,wet,SYA2008_normal_grid_S0015,irrigation_positive_candidate,2008-09-03,247,142,137,"{""sim_day"": 142.0, ""doy"": 247.0, ""topwt"": 16726.76513671875, ""grnwt"": 9801.62353515625, ""xlai"": 1.1405717134475708, ""totir"": 30.0, ""tofer"": NaN, ""swfac"": 0.0, ""nstres"": 0.4704034924507141}",0.0,0.4704034924507141,16726.76513671875,9801.62353515625,1.1405717134475708,30.0,,0.0,0.0,30.0,150.0,45.5162353515625,57.5162353515625,Leave_One_experiments/all_year_offline_schedule_search/daily_outputs/SYA/SYA_2008_SYA2008_normal_grid_S0015_daily.csv
SYA,SYA,Shenyang,2008,Leave_One_experiments\wth_generated_qc\SYA\SYA2008.WTH,wet_year;nitrogen_stress_year;low_response_year,wet,SYA2008_normal_grid_S0015,irrigation_positive_candidate,2008-09-04,248,143,138,"{""sim_day"": 143.0, ""doy"": 248.0, ""topwt"": 16726.76513671875, ""grnwt"": 9801.62353515625, ""xlai"": 1.1405717134475708, ""totir"": 30.0, ""tofer"": NaN, ""swfac"": 0.0, ""nstres"": 0.4704034924507141}",0.0,0.4704034924507141,16726.76513671875,9801.62353515625,1.1405717134475708,30.0,,0.0,0.0,30.0,150.0,45.5162353515625,57.5162353515625,Leave_One_experiments/all_year_offline_schedule_search/daily_outputs/SYA/SYA_2008_SYA2008_normal_grid_S0015_daily.csv
SYA,SYA,Shenyang,2008,Leave_One_experiments\wth_generated_qc\SYA\SYA2008.WTH,wet_year;nitrogen_stress_year;low_response_year,wet,SYA2008_normal_grid_S0010,low_input_within_10pct_yield,2008-04-20,111,1,1,"{""sim_day"": 1.0, ""doy"": 111.0, ""topwt"": 0.0, ""grnwt"": 0.0, ""xlai"": 0.0, ""totir"": 0.0, ""tofer"": NaN, ""swfac"": 0.0, ""nstres"": 0.0}",0.0,0.0,0.0,0.0,0.0,0.0,,0.0,50.0,0.0,150.0,63.15573730468751,63.15573730468751,Leave_One_experiments/all_year_offline_schedule_search/daily_outputs/SYA/SYA_2008_SYA2008_normal_grid_S0010_daily.csv
SYA,SYA,Shenyang,2008,Leave_One_experiments\wth_generated_qc\SYA\SYA2008.WTH,wet_year;nitrogen_stress_year;low_response_year,wet,SYA2008_normal_grid_S0010,low_input_within_10pct_yield,2008-04-21,112,2,2,"{""sim_day"": 2.0, ""doy"": 112.0, ""topwt"": 0.0, ""grnwt"": 0.0, ""xlai"": 0.0, ""totir"": 0.0, ""tofer"": NaN, ""swfac"": 0.0, ""nstres"": 0.0}",0.0,0.0,0.0,0.0,0.0,0.0,,0.0,0.0,0.0,150.0,63.15573730468751,63.15573730468751,Leave_One_experiments/all_year_offline_schedule_search/daily_outputs/SYA/SYA_2008_SYA2008_normal_grid_S0010_daily.csv
SYA,SYA,Shenyang,2008,Leave_One_experiments\wth_generated_qc\SYA\SYA2008.WTH,wet_year;nitrogen_stress_year;low_response_year,wet,SYA2008_normal_grid_S0010,low_input_within_10pct_yield,2008-04-22,113,3,3,"{""sim_day"": 3.0, ""doy"": 113.0, ""topwt"": 0.0, ""grnwt"": 0.0, ""xlai"": 0.0, ""totir"": 0.0, ""tofer"": NaN, ""swfac"": 0.0, ""nstres"": 0.0}",0.0,0.0,0.0,0.0,0.0,0.0,,0.0,0.0,0.0,150.0,63.15573730468751,63.15573730468751,Leave_One_experiments/all_year_offline_schedule_search/daily_outputs/SYA/SYA_2008_SYA2008_normal_grid_S0010_daily.csv
SYA,SYA,Shenyang,2008,Leave_One_experiments\wth_generated_qc\SYA\SYA2008.WTH,wet_year;nitrogen_stress_year;low_response_year,wet,SYA2008_normal_grid_S0010,low_input_within_10pct_yield,2008-04-23,114,4,4,"{""sim_day"": 4.0, ""doy"": 114.0, ""topwt"": 0.0, ""grnwt"": 0.0, ""xlai"": 0.0, ""totir"": 0.0, ""tofer"": NaN, ""swfac"": 0.0, ""nstres"": 0.0}",0.0,0.0,0.0,0.0,0.0,0.0,,0.0,0.0,0.0,150.0,63.15573730468751,63.15573730468751,Leave_One_experiments/all_year_offline_schedule_search/daily_outputs/SYA/SYA_2008_SYA2008_normal_grid_S0010_daily.csv
SYA,SYA,Shenyang,2008,Leave_One_experiments\wth_generated_qc\SYA\SYA2008.WTH,wet_year;nitrogen_stress_year;low_response_year,wet,SYA2008_normal_grid_S0010,low_input_within_10pct_yield,2008-04-24,115,5,5,"{""sim_day"": 5.0, ""doy"": 115.0, ""topwt"": 0.0, ""grnwt"": 0.0, ""xlai"": 0.0, ""totir"": 0.0, ""tofer"": NaN, ""swfac"": 0.0, ""nstres"": 0.0}",0.0,0.0,0.0,0.0,0.0,0.0,,0.0,0.0,0.0,150.0,63.15573730468751,63.15573730468751,Leave_One_experiments/all_year_offline_schedule_search/daily_outputs/SYA/SYA_2008_SYA2008_normal_grid_S0010_daily.csv
SYA,SYA,Shenyang,2008,Leave_One_experiments\wth_generated_qc\SYA\SYA2008.WTH,wet_year;nitrogen_stress_year;low_response_year,wet,SYA2008_normal_grid_S0010,low_input_within_10pct_yield,2008-04-20,111,6,1,"{""sim_day"": 6.0, ""doy"": 111.0, ""topwt"": 0.0, ""grnwt"": 0.0, ""xlai"": 0.0, ""totir"": 0.0, ""tofer"": NaN, ""swfac"": 0.0, ""nstres"": 0.0}",0.0,0.0,0.0,0.0,0.0,0.0,,0.0,0.0,0.0,150.0,63.15573730468751,63.15573730468751,Leave_One_experiments/all_year_offline_schedule_search/daily_outputs/SYA/SYA_2008_SYA2008_normal_grid_S0010_daily.csv
SYA,SYA,Shenyang,2008,Leave_One_experiments\wth_generated_qc\SYA\SYA2008.WTH,wet_year;nitrogen_stress_year;low_response_year,wet,SYA2008_normal_grid_S0010,low_input_within_10pct_yield,2008-04-21,112,7,2,"{""sim_day"": 7.0, ""doy"": 112.0, ""topwt"": 0.0, ""grnwt"": 0.0, ""xlai"": 0.0, ""totir"": 0.0, ""tofer"": NaN, ""swfac"": 0.0, ""nstres"": 0.0}",0.0,0.0,0.0,0.0,0.0,0.0,,0.0,0.0,0.0,150.0,63.15573730468751,63.15573730468751,Leave_One_experiments/all_year_offline_schedule_search/daily_outputs/SYA/SYA_2008_SYA2008_normal_grid_S0010_daily.csv
SYA,SYA,Shenyang,2008,Leave_One_experiments\wth_generated_qc\SYA\SYA2008.WTH,wet_year;nitrogen_stress_year;low_response_year,wet,SYA2008_normal_grid_S0010,low_input_within_10pct_yield,2008-04-22,113,8,3,"{""sim_day"": 8.0, ""doy"": 113.0, ""topwt"": 0.0, ""grnwt"": 0.0, ""xlai"": 0.0, ""totir"": 0.0, ""tofer"": NaN, ""swfac"": 0.0, ""nstres"": 0.0}",0.0,0.0,0.0,0.0,0.0,0.0,,0.0,0.0,0.0,150.0,63.15573730468751,63.15573730468751,Leave_One_experiments/all_year_offline_schedule_search/daily_outputs/SYA/SYA_2008_SYA2008_normal_grid_S0010_daily.csv
SYA,SYA,Shenyang,2008,Leave_One_experiments\wth_generated_qc\SYA\SYA2008.WTH,wet_year;nitrogen_stress_year;low_response_year,wet,SYA2008_normal_grid_S0010,low_input_within_10pct_yield,2008-04-23,114,9,4,"{""sim_day"": 9.0, ""doy"": 114.0, ""topwt"": 0.0, ""grnwt"": 0.0, ""xlai"": 0.0, ""totir"": 0.0, ""tofer"": NaN, ""swfac"": 0.0, ""nstres"": 0.0}",0.0,0.0,0.0,0.0,0.0,0.0,,0.0,0.0,0.0,150.0,63.15573730468751,63.15573730468751,Leave_One_experiments/all_year_offline_schedule_search/daily_outputs/SYA/SYA_2008_SYA2008_normal_grid_S0010_daily.csv
SYA,SYA,Shenyang,2008,Leave_One_experiments\wth_generated_qc\SYA\SYA2008.WTH,wet_year;nitrogen_stress_year;low_response_year,wet,SYA2008_normal_grid_S0010,low_input_within_10pct_yield,2008-04-24,115,10,5,"{""sim_day"": 10.0, ""doy"": 115.0, ""topwt"": 0.0, ""grnwt"": 0.0, ""xlai"": 0.0, ""totir"": 0.0, ""tofer"": NaN, ""swfac"": 0.0, ""nstres"": 0.0}",0.0,0.0,0.0,0.0,0.0,0.0,,0.0,0.0,0.0,150.0,63.15573730468751,63.15573730468751,Leave_One_experiments/all_year_offline_schedule_search/daily_outputs/SYA/SYA_2008_SYA2008_normal_grid_S0010_daily.csv
SYA,SYA,Shenyang,2008,Leave_One_experiments\wth_generated_qc\SYA\SYA2008.WTH,wet_year;nitrogen_stress_year;low_response_year,wet,SYA2008_normal_grid_S0010,low_input_within_10pct_yield,2008-04-25,116,11,6,"{""sim_day"": 11.0, ""doy"": 116.0, ""topwt"": 0.0, ""grnwt"": 0.0, ""xlai"": 0.0, ""totir"": 0.0, ""tofer"": NaN, ""swfac"": 0.0, ""nstres"": 0.0}",0.0,0.0,0.0,0.0,0.0,0.0,,0.0,0.0,0.0,150.0,63.15573730468751,63.15573730468751,Leave_One_experiments/all_year_offline_schedule_search/daily_outputs/SYA/SYA_2008_SYA2008_normal_grid_S0010_daily.csv
SYA,SYA,Shenyang,2008,Leave_One_experiments\wth_generated_qc\SYA\SYA2008.WTH,wet_year;nitrogen_stress_year;low_response_year,wet,SYA2008_normal_grid_S0010,low_input_within_10pct_yield,2008-04-26,117,12,7,"{""sim_day"": 12.0, ""doy"": 117.0, ""topwt"": 0.0, ""grnwt"": 0.0, ""xlai"": 0.0, ""totir"": 0.0, ""tofer"": NaN, ""swfac"": 0.0, ""nstres"": 0.0}",0.0,0.0,0.0,0.0,0.0,0.0,,0.0,0.0,0.0,150.0,63.15573730468751,63.15573730468751,Leave_One_experiments/all_year_offline_schedule_search/daily_outputs/SYA/SYA_2008_SYA2008_normal_grid_S0010_daily.csv
SYA,SYA,Shenyang,2008,Leave_One_experiments\wth_generated_qc\SYA\SYA2008.WTH,wet_year;nitrogen_stress_year;low_response_year,wet,SYA2008_normal_grid_S0010,low_input_within_10pct_yield,2008-04-27,118,13,8,"{""sim_day"": 13.0, ""doy"": 118.0, ""topwt"": 0.0, ""grnwt"": 0.0, ""xlai"": 0.0, ""totir"": 0.0, ""tofer"": NaN, ""swfac"": 0.0, ""nstres"": 0.0}",0.0,0.0,0.0,0.0,0.0,0.0,,0.0,0.0,0.0,150.0,63.15573730468751,63.15573730468751,Leave_One_experiments/all_year_offline_schedule_search/daily_outputs/SYA/SYA_2008_SYA2008_normal_grid_S0010_daily.csv
SYA,SYA,Shenyang,2008,Leave_One_experiments\wth_generated_qc\SYA\SYA2008.WTH,wet_year;nitrogen_stress_year;low_response_year,wet,SYA2008_normal_grid_S0010,low_input_within_10pct_yield,2008-04-28,119,14,9,"{""sim_day"": 14.0, ""doy"": 119.0, ""topwt"": 0.0, ""grnwt"": 0.0, ""xlai"": 0.0, ""totir"": 0.0, ""tofer"": NaN, ""swfac"": 0.0, ""nstres"": 0.0}",0.0,0.0,0.0,0.0,0.0,0.0,,0.0,0.0,0.0,150.0,63.15573730468751,63.15573730468751,Leave_One_experiments/all_year_offline_schedule_search/daily_outputs/SYA/SYA_2008_SYA2008_normal_grid_S0010_daily.csv
SYA,SYA,Shenyang,2008,Leave_One_experiments\wth_generated_qc\SYA\SYA2008.WTH,wet_year;nitrogen_stress_year;low_response_year,wet,SYA2008_normal_grid_S0010,low_input_within_10pct_yield,2008-04-29,120,15,10,"{""sim_day"": 15.0, ""doy"": 120.0, ""topwt"": 0.0, ""grnwt"": 0.0, ""xlai"": 0.0, ""totir"": 0.0, ""tofer"": NaN, ""swfac"": 0.0, ""nstres"": 0.0}",0.0,0.0,0.0,0.0,0.0,0.0,,0.0,0.0,0.0,150.0,63.15573730468751,63.15573730468751,Leave_One_experiments/all_year_offline_schedule_search/daily_outputs/SYA/SYA_2008_SYA2008_normal_grid_S0010_daily.csv
SYA,SYA,Shenyang,2008,Leave_One_experiments\wth_generated_qc\SYA\SYA2008.WTH,wet_year;nitrogen_stress_year;low_response_year,wet,SYA2008_normal_grid_S0010,low_input_within_10pct_yield,2008-04-30,121,16,11,"{""sim_day"": 16.0, ""doy"": 121.0, ""topwt"": 0.0, ""grnwt"": 0.0, ""xlai"": 0.0, ""totir"": 0.0, ""tofer"": NaN, ""swfac"": 0.0, ""nstres"": 0.0}",0.0,0.0,0.0,0.0,0.0,0.0,,0.0,0.0,0.0,150.0,63.15573730468751,63.15573730468751,Leave_One_experiments/all_year_offline_schedule_search/daily_outputs/SYA/SYA_2008_SYA2008_normal_grid_S0010_daily.csv
SYA,SYA,Shenyang,2008,Leave_One_experiments\wth_generated_qc\SYA\SYA2008.WTH,wet_year;nitrogen_stress_year;low_response_year,wet,SYA2008_normal_grid_S0010,low_input_within_10pct_yield,2008-05-01,122,17,12,"{""sim_day"": 17.0, ""doy"": 122.0, ""topwt"": 0.0, ""grnwt"": 0.0, ""xlai"": 0.0, ""totir"": 0.0, ""tofer"": NaN, ""swfac"": 0.0, ""nstres"": 0.0}",0.0,0.0,0.0,0.0,0.0,0.0,,0.0,0.0,0.0,150.0,63.15573730468751,63.15573730468751,Leave_One_experiments/all_year_offline_schedule_search/daily_outputs/SYA/SYA_2008_SYA2008_normal_grid_S0010_daily.csv
SYA,SYA,Shenyang,2008,Leave_One_experiments\wth_generated_qc\SYA\SYA2008.WTH,wet_year;nitrogen_stress_year;low_response_year,wet,SYA2008_normal_grid_S0010,low_input_within_10pct_yield,2008-05-02,123,18,13,"{""sim_day"": 18.0, ""doy"": 123.0, ""topwt"": 0.0, ""grnwt"": 0.0, ""xlai"": 0.0, ""totir"": 0.0, ""tofer"": NaN, ""swfac"": 0.0, ""nstres"": 0.0}",0.0,0.0,0.0,0.0,0.0,0.0,,0.0,0.0,0.0,150.0,63.15573730468751,63.15573730468751,Leave_One_experiments/all_year_offline_schedule_search/daily_outputs/SYA/SYA_2008_SYA2008_normal_grid_S0010_daily.csv
SYA,SYA,Shenyang,2008,Leave_One_experiments\wth_generated_qc\SYA\SYA2008.WTH,wet_year;nitrogen_stress_year;low_response_year,wet,SYA2008_normal_grid_S0010,low_input_within_10pct_yield,2008-05-03,124,19,14,"{""sim_day"": 19.0, ""doy"": 124.0, ""topwt"": 17.600001096725464, ""grnwt"": 0.0, ""xlai"": 0.0011054778005927, ""totir"": 0.0, ""tofer"": NaN, ""swfac"": 0.0, ""nstres"": 0.0121910572052001}",0.0,0.0121910572052001,17.600001096725464,0.0,0.0011054778005927,0.0,,0.0,0.0,0.0,150.0,63.15573730468751,63.15573730468751,Leave_One_experiments/all_year_offline_schedule_search/daily_outputs/SYA/SYA_2008_SYA2008_normal_grid_S0010_daily.csv
SYA,SYA,Shenyang,2008,Leave_One_experiments\wth_generated_qc\SYA\SYA2008.WTH,wet_year;nitrogen_stress_year;low_response_year,wet,SYA2008_normal_grid_S0010,low_input_within_10pct_yield,2008-05-04,125,20,15,"{""sim_day"": 20.0, ""doy"": 125.0, ""topwt"": 17.600001096725464, ""grnwt"": 0.0, ""xlai"": 0.0020920152310281, ""totir"": 0.0, ""tofer"": NaN, ""swfac"": 0.0, ""nstres"": 0.0155877470970153}",0.0,0.0155877470970153,17.600001096725464,0.0,0.0020920152310281,0.0,,0.0,0.0,0.0,150.0,63.15573730468751,63.15573730468751,Leave_One_experiments/all_year_offline_schedule_search/daily_outputs/SYA/SYA_2008_SYA2008_normal_grid_S0010_daily.csv
SYA,SYA,Shenyang,2008,Leave_One_experiments\wth_generated_qc\SYA\SYA2008.WTH,wet_year;nitrogen_stress_year;low_response_year,wet,SYA2008_normal_grid_S0010,low_input_within_10pct_yield,2008-05-05,126,21,16,"{""sim_day"": 21.0, ""doy"": 126.0, ""topwt"": 17.600001096725464, ""grnwt"": 0.0, ""xlai"": 0.0034288757015019, ""totir"": 0.0, ""tofer"": NaN, ""swfac"": 0.0, ""nstres"": 0.0114073753356933}",0.0,0.0114073753356933,17.600001096725464,0.0,0.0034288757015019,0.0,,0.0,0.0,0.0,150.0,63.15573730468751,63.15573730468751,Leave_One_experiments/all_year_offline_schedule_search/daily_outputs/SYA/SYA_2008_SYA2008_normal_grid_S0010_daily.csv
SYA,SYA,Shenyang,2008,Leave_One_experiments\wth_generated_qc\SYA\SYA2008.WTH,wet_year;nitrogen_stress_year;low_response_year,wet,SYA2008_normal_grid_S0010,low_input_within_10pct_yield,2008-05-06,127,22,17,"{""sim_day"": 22.0, ""doy"": 127.0, ""topwt"": 17.600001096725464, ""grnwt"": 0.0, ""xlai"": 0.0048212162218987, ""totir"": 0.0, ""tofer"": NaN, ""swfac"": 0.0, ""nstres"": 0.0074214935302734}",0.0,0.0074214935302734,17.600001096725464,0.0,0.0048212162218987,0.0,,0.0,0.0,0.0,150.0,63.15573730468751,63.15573730468751,Leave_One_experiments/all_year_offline_schedule_search/daily_outputs/SYA/SYA_2008_SYA2008_normal_grid_S0010_daily.csv
SYA,SYA,Shenyang,2008,Leave_One_experiments\wth_generated_qc\SYA\SYA2008.WTH,wet_year;nitrogen_stress_year;low_response_year,wet,SYA2008_normal_grid_S0010,low_input_within_10pct_yield,2008-05-07,128,23,18,"{""sim_day"": 23.0, ""doy"": 128.0, ""topwt"": 17.600001096725464, ""grnwt"": 0.0, ""xlai"": 0.006046462804079, ""totir"": 0.0, ""tofer"": NaN, ""swfac"": 0.0, ""nstres"": 0.0041015148162841}",0.0,0.0041015148162841,17.600001096725464,0.0,0.006046462804079,0.0,,0.0,0.0,0.0,150.0,63.15573730468751,63.15573730468751,Leave_One_experiments/all_year_offline_schedule_search/daily_outputs/SYA/SYA_2008_SYA2008_normal_grid_S0010_daily.csv
SYA,SYA,Shenyang,2008,Leave_One_experiments\wth_generated_qc\SYA\SYA2008.WTH,wet_year;nitrogen_stress_year;low_response_year,wet,SYA2008_normal_grid_S0010,low_input_within_10pct_yield,2008-05-08,129,24,19,"{""sim_day"": 24.0, ""doy"": 129.0, ""topwt"": 17.600001096725464, ""grnwt"": 0.0, ""xlai"": 0.0072028553113341, ""totir"": 0.0, ""tofer"": NaN, ""swfac"": 0.0, ""nstres"": 0.000999093055725}",0.0,0.000999093055725,17.600001096725464,0.0,0.0072028553113341,0.0,,0.0,0.0,0.0,150.0,63.15573730468751,63.15573730468751,Leave_One_experiments/all_year_offline_schedule_search/daily_outputs/SYA/SYA_2008_SYA2008_normal_grid_S0010_daily.csv
SYA,SYA,Shenyang,2008,Leave_One_experiments\wth_generated_qc\SYA\SYA2008.WTH,wet_year;nitrogen_stress_year;low_response_year,wet,SYA2008_normal_grid_S0010,low_input_within_10pct_yield,2008-05-09,130,25,20,"{""sim_day"": 25.0, ""doy"": 130.0, ""topwt"": 17.600001096725464, ""grnwt"": 0.0, ""xlai"": 0.0083468118682503, ""totir"": 0.0, ""tofer"": NaN, ""swfac"": 0.0, ""nstres"": 0.0}",0.0,0.0,17.600001096725464,0.0,0.0083468118682503,0.0,,0.0,0.0,0.0,150.0,63.15573730468751,63.15573730468751,Leave_One_experiments/all_year_offline_schedule_search/daily_outputs/SYA/SYA_2008_SYA2008_normal_grid_S0010_daily.csv
SYA,SYA,Shenyang,2008,Leave_One_experiments\wth_generated_qc\SYA\SYA2008.WTH,wet_year;nitrogen_stress_year;low_response_year,wet,SYA2008_normal_grid_S0010,low_input_within_10pct_yield,2008-05-10,131,26,21,"{""sim_day"": 26.0, ""doy"": 131.0, ""topwt"": 17.600001096725464, ""grnwt"": 0.0, ""xlai"": 0.0092357220128178, ""totir"": 0.0, ""tofer"": NaN, ""swfac"": 0.0, ""nstres"": 0.0}",0.0,0.0,17.600001096725464,0.0,0.0092357220128178,0.0,,0.0,0.0,0.0,150.0,63.15573730468751,63.15573730468751,Leave_One_experiments/all_year_offline_schedule_search/daily_outputs/SYA/SYA_2008_SYA2008_normal_grid_S0010_daily.csv
SYA,SYA,Shenyang,2008,Leave_One_experiments\wth_generated_qc\SYA\SYA2008.WTH,wet_year;nitrogen_stress_year;low_response_year,wet,SYA2008_normal_grid_S0010,low_input_within_10pct_yield,2008-05-11,132,27,22,"{""sim_day"": 27.0, ""doy"": 132.0, ""topwt"": 17.600001096725464, ""grnwt"": 0.0, ""xlai"": 0.0101149026304483, ""totir"": 0.0, ""tofer"": NaN, ""swfac"": 0.0, ""nstres"": 0.0}",0.0,0.0,17.600001096725464,0.0,0.0101149026304483,0.0,,0.0,0.0,0.0,150.0,63.15573730468751,63.15573730468751,Leave_One_experiments/all_year_offline_schedule_search/daily_outputs/SYA/SYA_2008_SYA2008_normal_grid_S0010_daily.csv
SYA,SYA,Shenyang,2008,Leave_One_experiments\wth_generated_qc\SYA\SYA2008.WTH,wet_year;nitrogen_stress_year;low_response_year,wet,SYA2008_normal_grid_S0010,low_input_within_10pct_yield,2008-05-12,133,28,23,"{""sim_day"": 28.0, ""doy"": 133.0, ""topwt"": 17.600001096725464, ""grnwt"": 0.0, ""xlai"": 0.0112733300775289, ""totir"": 0.0, ""tofer"": NaN, ""swfac"": 0.0, ""nstres"": 0.0}",0.0,0.0,17.600001096725464,0.0,0.0112733300775289,0.0,,0.0,0.0,0.0,150.0,63.15573730468751,63.15573730468751,Leave_One_experiments/all_year_offline_schedule_search/daily_outputs/SYA/SYA_2008_SYA2008_normal_grid_S0010_daily.csv
SYA,SYA,Shenyang,2008,Leave_One_experiments\wth_generated_qc\SYA\SYA2008.WTH,wet_year;nitrogen_stress_year;low_response_year,wet,SYA2008_normal_grid_S0010,low_input_within_10pct_yield,2008-05-13,134,29,24,"{""sim_day"": 29.0, ""doy"": 134.0, ""topwt"": 17.600001096725464, ""grnwt"": 0.0, ""xlai"": 0.0126456934958696, ""totir"": 0.0, ""tofer"": NaN, ""swfac"": 0.0, ""nstres"": 0.0}",0.0,0.0,17.600001096725464,0.0,0.0126456934958696,0.0,,0.0,0.0,0.0,150.0,63.15573730468751,63.15573730468751,Leave_One_experiments/all_year_offline_schedule_search/daily_outputs/SYA/SYA_2008_SYA2008_normal_grid_S0010_daily.csv
SYA,SYA,Shenyang,2008,Leave_One_experiments\wth_generated_qc\SYA\SYA2008.WTH,wet_year;nitrogen_stress_year;low_response_year,wet,SYA2008_normal_grid_S0010,low_input_within_10pct_yield,2008-05-14,135,30,25,"{""sim_day"": 30.0, ""doy"": 135.0, ""topwt"": 17.600001096725464, ""grnwt"": 0.0, ""xlai"": 0.018009964376688, ""totir"": 0.0, ""tofer"": NaN, ""swfac"": 0.0, ""nstres"": 0.0}",0.0,0.0,17.600001096725464,0.0,0.018009964376688,0.0,,0.0,0.0,0.0,150.0,63.15573730468751,63.15573730468751,Leave_One_experiments/all_year_offline_schedule_search/daily_outputs/SYA/SYA_2008_SYA2008_normal_grid_S0010_daily.csv
SYA,SYA,Shenyang,2008,Leave_One_experiments\wth_generated_qc\SYA\SYA2008.WTH,wet_year;nitrogen_stress_year;low_response_year,wet,SYA2008_normal_grid_S0010,low_input_within_10pct_yield,2008-05-15,136,31,26,"{""sim_day"": 31.0, ""doy"": 136.0, ""topwt"": 17.600001096725464, ""grnwt"": 0.0, ""xlai"": 0.0253021828830242, ""totir"": 0.0, ""tofer"": NaN, ""swfac"": 0.0, ""nstres"": 0.0}",0.0,0.0,17.600001096725464,0.0,0.0253021828830242,0.0,,0.0,0.0,0.0,150.0,63.15573730468751,63.15573730468751,Leave_One_experiments/all_year_offline_schedule_search/daily_outputs/SYA/SYA_2008_SYA2008_normal_grid_S0010_daily.csv
SYA,SYA,Shenyang,2008,Leave_One_experiments\wth_generated_qc\SYA\SYA2008.WTH,wet_year;nitrogen_stress_year;low_response_year,wet,SYA2008_normal_grid_S0010,low_input_within_10pct_yield,2008-05-16,137,32,27,"{""sim_day"": 32.0, ""doy"": 137.0, ""topwt"": 18.024578094482425, ""grnwt"": 0.0, ""xlai"": 0.0313072651624679, ""totir"": 0.0, ""tofer"": NaN, ""swfac"": 0.0, ""nstres"": 0.0}",0.0,0.0,18.024578094482425,0.0,0.0313072651624679,0.0,,0.0,0.0,0.0,150.0,63.15573730468751,63.15573730468751,Leave_One_experiments/all_year_offline_schedule_search/daily_outputs/SYA/SYA_2008_SYA2008_normal_grid_S0010_daily.csv
SYA,SYA,Shenyang,2008,Leave_One_experiments\wth_generated_qc\SYA\SYA2008.WTH,wet_year;nitrogen_stress_year;low_response_year,wet,SYA2008_normal_grid_S0010,low_input_within_10pct_yield,2008-05-17,138,33,28,"{""sim_day"": 33.0, ""doy"": 138.0, ""topwt"": 20.03047466278076, ""grnwt"": 0.0, ""xlai"": 0.036619734019041, ""totir"": 0.0, ""tofer"": NaN, ""swfac"": 0.0, ""nstres"": 0.0}",0.0,0.0,20.03047466278076,0.0,0.036619734019041,0.0,,0.0,0.0,0.0,150.0,63.15573730468751,63.15573730468751,Leave_One_experiments/all_year_offline_schedule_search/daily_outputs/SYA/SYA_2008_SYA2008_normal_grid_S0010_daily.csv
SYA,SYA,Shenyang,2008,Leave_One_experiments\wth_generated_qc\SYA\SYA2008.WTH,wet_year;nitrogen_stress_year;low_response_year,wet,SYA2008_normal_grid_S0010,low_input_within_10pct_yield,2008-05-18,139,34,29,"{""sim_day"": 34.0, ""doy"": 139.0, ""topwt"": 21.117520332336422, ""grnwt"": 0.0, ""xlai"": 0.0394154675304889, ""totir"": 0.0, ""tofer"": NaN, ""swfac"": 0.0, ""nstres"": 0.0}",0.0,0.0,21.117520332336422,0.0,0.0394154675304889,0.0,,0.0,0.0,0.0,150.0,63.15573730468751,63.15573730468751,Leave_One_experiments/all_year_offline_schedule_search/daily_outputs/SYA/SYA_2008_SYA2008_normal_grid_S0010_daily.csv
SYA,SYA,Shenyang,2008,Leave_One_experiments\wth_generated_qc\SYA\SYA2008.WTH,wet_year;nitrogen_stress_year;low_response_year,wet,SYA2008_normal_grid_S0010,low_input_within_10pct_yield,2008-05-19,140,35,30,"{""sim_day"": 35.0, ""doy"": 140.0, ""topwt"": 24.44208860397339, ""grnwt"": 0.0, ""xlai"": 0.0476735010743141, ""totir"": 0.0, ""tofer"": NaN, ""swfac"": 0.0, ""nstres"": 0.0}",0.0,0.0,24.44208860397339,0.0,0.0476735010743141,0.0,,0.0,50.0,0.0,150.0,63.15573730468751,63.15573730468751,Leave_One_experiments/all_year_offline_schedule_search/daily_outputs/SYA/SYA_2008_SYA2008_normal_grid_S0010_daily.csv
SYA,SYA,Shenyang,2008,Leave_One_experiments\wth_generated_qc\SYA\SYA2008.WTH,wet_year;nitrogen_stress_year;low_response_year,wet,SYA2008_normal_grid_S0010,low_input_within_10pct_yield,2008-05-20,141,36,31,"{""sim_day"": 36.0, ""doy"": 141.0, ""topwt"": 27.2324538230896, ""grnwt"": 0.0, ""xlai"": 0.0543246194720268, ""totir"": 0.0, ""tofer"": NaN, ""swfac"": 0.0, ""nstres"": 0.0}",0.0,0.0,27.2324538230896,0.0,0.0543246194720268,0.0,,0.0,0.0,0.0,150.0,63.15573730468751,63.15573730468751,Leave_One_experiments/all_year_offline_schedule_search/daily_outputs/SYA/SYA_2008_SYA2008_normal_grid_S0010_daily.csv
SYA,SYA,Shenyang,2008,Leave_One_experiments\wth_generated_qc\SYA\SYA2008.WTH,wet_year;nitrogen_stress_year;low_response_year,wet,SYA2008_normal_grid_S0010,low_input_within_10pct_yield,2008-05-21,142,37,32,"{""sim_day"": 37.0, ""doy"": 142.0, ""topwt"": 30.76852321624756, ""grnwt"": 0.0, ""xlai"": 0.0624613761901855, ""totir"": 0.0, ""tofer"": NaN, ""swfac"": 0.0, ""nstres"": 0.0}",0.0,0.0,30.76852321624756,0.0,0.0624613761901855,0.0,,0.0,0.0,0.0,150.0,63.15573730468751,63.15573730468751,Leave_One_experiments/all_year_offline_schedule_search/daily_outputs/SYA/SYA_2008_SYA2008_normal_grid_S0010_daily.csv
SYA,SYA,Shenyang,2008,Leave_One_experiments\wth_generated_qc\SYA\SYA2008.WTH,wet_year;nitrogen_stress_year;low_response_year,wet,SYA2008_normal_grid_S0010,low_input_within_10pct_yield,2008-05-22,143,38,33,"{""sim_day"": 38.0, ""doy"": 143.0, ""topwt"": 36.35785818099976, ""grnwt"": 0.0, ""xlai"": 0.0747926384210586, ""totir"": 0.0, ""tofer"": NaN, ""swfac"": 0.0, ""nstres"": 0.0}",0.0,0.0,36.35785818099976,0.0,0.0747926384210586,0.0,,0.0,0.0,0.0,150.0,63.15573730468751,63.15573730468751,Leave_One_experiments/all_year_offline_schedule_search/daily_outputs/SYA/SYA_2008_SYA2008_normal_grid_S0010_daily.csv
SYA,SYA,Shenyang,2008,Leave_One_experiments\wth_generated_qc\SYA\SYA2008.WTH,wet_year;nitrogen_stress_year;low_response_year,wet,SYA2008_normal_grid_S0010,low_input_within_10pct_yield,2008-05-23,144,39,34,"{""sim_day"": 39.0, ""doy"": 144.0, ""topwt"": 42.32900142669678, ""grnwt"": 0.0, ""xlai"": 0.0874004885554313, ""totir"": 0.0, ""tofer"": NaN, ""swfac"": 0.0, ""nstres"": 0.0}",0.0,0.0,42.32900142669678,0.0,0.0874004885554313,0.0,,0.0,0.0,0.0,150.0,63.15573730468751,63.15573730468751,Leave_One_experiments/all_year_offline_schedule_search/daily_outputs/SYA/SYA_2008_SYA2008_normal_grid_S0010_daily.csv
SYA,SYA,Shenyang,2008,Leave_One_experiments\wth_generated_qc\SYA\SYA2008.WTH,wet_year;nitrogen_stress_year;low_response_year,wet,SYA2008_normal_grid_S0010,low_input_within_10pct_yield,2008-05-24,145,40,35,"{""sim_day"": 40.0, ""doy"": 145.0, ""topwt"": 50.12532234191895, ""grnwt"": 0.0, ""xlai"": 0.1031780466437339, ""totir"": 0.0, ""tofer"": NaN, ""swfac"": 0.0, ""nstres"": 0.0}",0.0,0.0,50.12532234191895,0.0,0.1031780466437339,0.0,,0.0,0.0,0.0,150.0,63.15573730468751,63.15573730468751,Leave_One_experiments/all_year_offline_schedule_search/daily_outputs/SYA/SYA_2008_SYA2008_normal_grid_S0010_daily.csv
SYA,SYA,Shenyang,2008,Leave_One_experiments\wth_generated_qc\SYA\SYA2008.WTH,wet_year;nitrogen_stress_year;low_response_year,wet,SYA2008_normal_grid_S0010,low_input_within_10pct_yield,2008-05-25,146,41,36,"{""sim_day"": 41.0, ""doy"": 146.0, ""topwt"": 57.22002029418945, ""grnwt"": 0.0, ""xlai"": 0.1169964298605918, ""totir"": 0.0, ""tofer"": NaN, ""swfac"": 0.0, ""nstres"": 0.0}",0.0,0.0,57.22002029418945,0.0,0.1169964298605918,0.0,,0.0,0.0,0.0,150.0,63.15573730468751,63.15573730468751,Leave_One_experiments/all_year_offline_schedule_search/daily_outputs/SYA/SYA_2008_SYA2008_normal_grid_S0010_daily.csv
SYA,SYA,Shenyang,2008,Leave_One_experiments\wth_generated_qc\SYA\SYA2008.WTH,wet_year;nitrogen_stress_year;low_response_year,wet,SYA2008_normal_grid_S0010,low_input_within_10pct_yield,2008-05-26,147,42,37,"{""sim_day"": 42.0, ""doy"": 147.0, ""topwt"": 64.52644348144531, ""grnwt"": 0.0, ""xlai"": 0.1307877600193023, ""totir"": 0.0, ""tofer"": NaN, ""swfac"": 0.0, ""nstres"": 0.0}",0.0,0.0,64.52644348144531,0.0,0.1307877600193023,0.0,,0.0,0.0,0.0,150.0,63.15573730468751,63.15573730468751,Leave_One_experiments/all_year_offline_schedule_search/daily_outputs/SYA/SYA_2008_SYA2008_normal_grid_S0010_daily.csv
SYA,SYA,Shenyang,2008,Leave_One_experiments\wth_generated_qc\SYA\SYA2008.WTH,wet_year;nitrogen_stress_year;low_response_year,wet,SYA2008_normal_grid_S0010,low_input_within_10pct_yield,2008-05-27,148,43,38,"{""sim_day"": 43.0, ""doy"": 148.0, ""topwt"": 73.08322429656982, ""grnwt"": 0.0, ""xlai"": 0.1464640945196151, ""totir"": 0.0, ""tofer"": NaN, ""swfac"": 0.0, ""nstres"": 0.0}",0.0,0.0,73.08322429656982,0.0,0.1464640945196151,0.0,,0.0,0.0,0.0,150.0,63.15573730468751,63.15573730468751,Leave_One_experiments/all_year_offline_schedule_search/daily_outputs/SYA/SYA_2008_SYA2008_normal_grid_S0010_daily.csv
SYA,SYA,Shenyang,2008,Leave_One_experiments\wth_generated_qc\SYA\SYA2008.WTH,wet_year;nitrogen_stress_year;low_response_year,wet,SYA2008_normal_grid_S0010,low_input_within_10pct_yield,2008-05-28,149,44,39,"{""sim_day"": 44.0, ""doy"": 149.0, ""topwt"": 76.17136001586914, ""grnwt"": 0.0, ""xlai"": 0.1623475849628448, ""totir"": 0.0, ""tofer"": NaN, ""swfac"": 0.0, ""nstres"": 0.0}",0.0,0.0,76.17136001586914,0.0,0.1623475849628448,0.0,,0.0,0.0,0.0,150.0,63.15573730468751,63.15573730468751,Leave_One_experiments/all_year_offline_schedule_search/daily_outputs/SYA/SYA_2008_SYA2008_normal_grid_S0010_daily.csv
SYA,SYA,Shenyang,2008,Leave_One_experiments\wth_generated_qc\SYA\SYA2008.WTH,wet_year;nitrogen_stress_year;low_response_year,wet,SYA2008_normal_grid_S0010,low_input_within_10pct_yield,2008-05-29,150,45,40,"{""sim_day"": 45.0, ""doy"": 150.0, ""topwt"": 84.77176666259766, ""grnwt"": 0.0, ""xlai"": 0.1785554438829422, ""totir"": 0.0, ""tofer"": NaN, ""swfac"": 0.0, ""nstres"": 0.0034133195877075}",0.0,0.0034133195877075,84.77176666259766,0.0,0.1785554438829422,0.0,,0.0,0.0,0.0,150.0,63.15573730468751,63.15573730468751,Leave_One_experiments/all_year_offline_schedule_search/daily_outputs/SYA/SYA_2008_SYA2008_normal_grid_S0010_daily.csv
SYA,SYA,Shenyang,2008,Leave_One_experiments\wth_generated_qc\SYA\SYA2008.WTH,wet_year;nitrogen_stress_year;low_response_year,wet,SYA2008_normal_grid_S0010,low_input_within_10pct_yield,2008-05-30,151,46,41,"{""sim_day"": 46.0, ""doy"": 151.0, ""topwt"": 96.21277809143066, ""grnwt"": 0.0, ""xlai"": 0.1995374113321304, ""totir"": 0.0, ""tofer"": NaN, ""swfac"": 0.0, ""nstres"": 0.0}",0.0,0.0,96.21277809143066,0.0,0.1995374113321304,0.0,,0.0,0.0,0.0,150.0,63.15573730468751,63.15573730468751,Leave_One_experiments/all_year_offline_schedule_search/daily_outputs/SYA/SYA_2008_SYA2008_normal_grid_S0010_daily.csv
SYA,SYA,Shenyang,2008,Leave_One_experiments\wth_generated_qc\SYA\SYA2008.WTH,wet_year;nitrogen_stress_year;low_response_year,wet,SYA2008_normal_grid_S0010,low_input_within_10pct_yield,2008-05-31,152,47,42,"{""sim_day"": 47.0, ""doy"": 152.0, ""topwt"": 106.74271583557127, ""grnwt"": 0.0, ""xlai"": 0.2183436453342437, ""totir"": 0.0, ""tofer"": NaN, ""swfac"": 0.0, ""nstres"": 0.0}",0.0,0.0,106.74271583557127,0.0,0.2183436453342437,0.0,,0.0,0.0,0.0,150.0,63.15573730468751,63.15573730468751,Leave_One_experiments/all_year_offline_schedule_search/daily_outputs/SYA/SYA_2008_SYA2008_normal_grid_S0010_daily.csv
SYA,SYA,Shenyang,2008,Leave_One_experiments\wth_generated_qc\SYA\SYA2008.WTH,wet_year;nitrogen_stress_year;low_response_year,wet,SYA2008_normal_grid_S0010,low_input_within_10pct_yield,2008-06-01,153,48,43,"{""sim_day"": 48.0, ""doy"": 153.0, ""topwt"": 114.4589138031006, ""grnwt"": 0.0, ""xlai"": 0.2318502366542816, ""totir"": 0.0, ""tofer"": NaN, ""swfac"": 0.0, ""nstres"": 0.0}",0.0,0.0,114.4589138031006,0.0,0.2318502366542816,0.0,,0.0,0.0,0.0,150.0,63.15573730468751,63.15573730468751,Leave_One_experiments/all_year_offline_schedule_search/daily_outputs/SYA/SYA_2008_SYA2008_normal_grid_S0010_daily.csv
SYA,SYA,Shenyang,2008,Leave_One_experiments\wth_generated_qc\SYA\SYA2008.WTH,wet_year;nitrogen_stress_year;low_response_year,wet,SYA2008_normal_grid_S0010,low_input_within_10pct_yield,2008-06-02,154,49,44,"{""sim_day"": 49.0, ""doy"": 154.0, ""topwt"": 127.12997436523438, ""grnwt"": 0.0, ""xlai"": 0.2535911202430725, ""totir"": 0.0, ""tofer"": NaN, ""swfac"": 0.0, ""nstres"": 0.0}",0.0,0.0,127.12997436523438,0.0,0.2535911202430725,0.0,,0.0,0.0,0.0,150.0,63.15573730468751,63.15573730468751,Leave_One_experiments/all_year_offline_schedule_search/daily_outputs/SYA/SYA_2008_SYA2008_normal_grid_S0010_daily.csv
SYA,SYA,Shenyang,2008,Leave_One_experiments\wth_generated_qc\SYA\SYA2008.WTH,wet_year;nitrogen_stress_year;low_response_year,wet,SYA2008_normal_grid_S0010,low_input_within_10pct_yield,2008-06-03,155,50,45,"{""sim_day"": 50.0, ""doy"": 155.0, ""topwt"": 139.13347244262695, ""grnwt"": 0.0, ""xlai"": 0.2736819088459015, ""totir"": 0.0, ""tofer"": NaN, ""swfac"": 0.0, ""nstres"": 0.0}",0.0,0.0,139.13347244262695,0.0,0.2736819088459015,0.0,,0.0,0.0,0.0,150.0,63.15573730468751,63.15573730468751,Leave_One_experiments/all_year_offline_schedule_search/daily_outputs/SYA/SYA_2008_SYA2008_normal_grid_S0010_daily.csv
SYA,SYA,Shenyang,2008,Leave_One_experiments\wth_generated_qc\SYA\SYA2008.WTH,wet_year;nitrogen_stress_year;low_response_year,wet,SYA2008_normal_grid_S0010,low_input_within_10pct_yield,2008-06-04,156,51,46,"{""sim_day"": 51.0, ""doy"": 156.0, ""topwt"": 151.26232147216797, ""grnwt"": 0.0, ""xlai"": 0.2936086356639862, ""totir"": 0.0, ""tofer"": NaN, ""swfac"": 0.0, ""nstres"": 0.0}",0.0,0.0,151.26232147216797,0.0,0.2936086356639862,0.0,,0.0,0.0,0.0,150.0,63.15573730468751,63.15573730468751,Leave_One_experiments/all_year_offline_schedule_search/daily_outputs/SYA/SYA_2008_SYA2008_normal_grid_S0010_daily.csv
SYA,SYA,Shenyang,2008,Leave_One_experiments\wth_generated_qc\SYA\SYA2008.WTH,wet_year;nitrogen_stress_year;low_response_year,wet,SYA2008_normal_grid_S0010,low_input_within_10pct_yield,2008-06-05,157,52,47,"{""sim_day"": 52.0, ""doy"": 157.0, ""topwt"": 173.11223983764648, ""grnwt"": 0.0, ""xlai"": 0.3286672830581665, ""totir"": 0.0, ""tofer"": NaN, ""swfac"": 0.0, ""nstres"": 0.0}",0.0,0.0,173.11223983764648,0.0,0.3286672830581665,0.0,,0.0,0.0,0.0,150.0,63.15573730468751,63.15573730468751,Leave_One_experiments/all_year_offline_schedule_search/daily_outputs/SYA/SYA_2008_SYA2008_normal_grid_S0010_daily.csv
SYA,SYA,Shenyang,2008,Leave_One_experiments\wth_generated_qc\SYA\SYA2008.WTH,wet_year;nitrogen_stress_year;low_response_year,wet,SYA2008_normal_grid_S0010,low_input_within_10pct_yield,2008-06-06,158,53,48,"{""sim_day"": 53.0, ""doy"": 158.0, ""topwt"": 191.2122344970703, ""grnwt"": 0.0, ""xlai"": 0.3569520711898803, ""totir"": 0.0, ""tofer"": NaN, ""swfac"": 0.0, ""nstres"": 0.0}",0.0,0.0,191.2122344970703,0.0,0.3569520711898803,0.0,,0.0,0.0,0.0,150.0,63.15573730468751,63.15573730468751,Leave_One_experiments/all_year_offline_schedule_search/daily_outputs/SYA/SYA_2008_SYA2008_normal_grid_S0010_daily.csv
SYA,SYA,Shenyang,2008,Leave_One_experiments\wth_generated_qc\SYA\SYA2008.WTH,wet_year;nitrogen_stress_year;low_response_year,wet,SYA2008_normal_grid_S0010,low_input_within_10pct_yield,2008-06-07,159,54,49,"{""sim_day"": 54.0, ""doy"": 159.0, ""topwt"": 214.3049049377441, ""grnwt"": 0.0, ""xlai"": 0.3902011811733246, ""totir"": 0.0, ""tofer"": NaN, ""swfac"": 0.0, ""nstres"": 0.0}",0.0,0.0,214.3049049377441,0.0,0.3902011811733246,0.0,,0.0,0.0,0.0,150.0,63.15573730468751,63.15573730468751,Leave_One_experiments/all_year_offline_schedule_search/daily_outputs/SYA/SYA_2008_SYA2008_normal_grid_S0010_daily.csv
SYA,SYA,Shenyang,2008,Leave_One_experiments\wth_generated_qc\SYA\SYA2008.WTH,wet_year;nitrogen_stress_year;low_response_year,wet,SYA2008_normal_grid_S0010,low_input_within_10pct_yield,2008-06-08,160,55,50,"{""sim_day"": 55.0, ""doy"": 160.0, ""topwt"": 245.34711837768555, ""grnwt"": 0.0, ""xlai"": 0.4379418790340423, ""totir"": 0.0, ""tofer"": NaN, ""swfac"": 0.0, ""nstres"": 0.0}",0.0,0.0,245.34711837768555,0.0,0.4379418790340423,0.0,,0.0,0.0,0.0,150.0,63.15573730468751,63.15573730468751,Leave_One_experiments/all_year_offline_schedule_search/daily_outputs/SYA/SYA_2008_SYA2008_normal_grid_S0010_daily.csv
SYA,SYA,Shenyang,2008,Leave_One_experiments\wth_generated_qc\SYA\SYA2008.WTH,wet_year;nitrogen_stress_year;low_response_year,wet,SYA2008_normal_grid_S0010,low_input_within_10pct_yield,2008-06-09,161,56,51,"{""sim_day"": 56.0, ""doy"": 161.0, ""topwt"": 279.6273422241211, ""grnwt"": 0.0, ""xlai"": 0.4888015389442444, ""totir"": 0.0, ""tofer"": NaN, ""swfac"": 0.0, ""nstres"": 0.0}",0.0,0.0,279.6273422241211,0.0,0.4888015389442444,0.0,,0.0,0.0,0.0,150.0,63.15573730468751,63.15573730468751,Leave_One_experiments/all_year_offline_schedule_search/daily_outputs/SYA/SYA_2008_SYA2008_normal_grid_S0010_daily.csv
SYA,SYA,Shenyang,2008,Leave_One_experiments\wth_generated_qc\SYA\SYA2008.WTH,wet_year;nitrogen_stress_year;low_response_year,wet,SYA2008_normal_grid_S0010,low_input_within_10pct_yield,2008-06-10,162,57,52,"{""sim_day"": 57.0, ""doy"": 162.0, ""topwt"": 320.2170944213867, ""grnwt"": 0.0, ""xlai"": 0.5466538667678833, ""totir"": 0.0, ""tofer"": NaN, ""swfac"": 0.0, ""nstres"": 0.0}",0.0,0.0,320.2170944213867,0.0,0.5466538667678833,0.0,,0.0,0.0,0.0,150.0,63.15573730468751,63.15573730468751,Leave_One_experiments/all_year_offline_schedule_search/daily_outputs/SYA/SYA_2008_SYA2008_normal_grid_S0010_daily.csv
SYA,SYA,Shenyang,2008,Leave_One_experiments\wth_generated_qc\SYA\SYA2008.WTH,wet_year;nitrogen_stress_year;low_response_year,wet,SYA2008_normal_grid_S0010,low_input_within_10pct_yield,2008-06-11,163,58,53,"{""sim_day"": 58.0, ""doy"": 163.0, ""topwt"": 366.58336639404297, ""grnwt"": 0.0, ""xlai"": 0.6098649501800537, ""totir"": 0.0, ""tofer"": NaN, ""swfac"": 0.0, ""nstres"": 0.0}",0.0,0.0,366.58336639404297,0.0,0.6098649501800537,0.0,,0.0,0.0,0.0,150.0,63.15573730468751,63.15573730468751,Leave_One_experiments/all_year_offline_schedule_search/daily_outputs/SYA/SYA_2008_SYA2008_normal_grid_S0010_daily.csv
SYA,SYA,Shenyang,2008,Leave_One_experiments\wth_generated_qc\SYA\SYA2008.WTH,wet_year;nitrogen_stress_year;low_response_year,wet,SYA2008_normal_grid_S0010,low_input_within_10pct_yield,2008-06-12,164,59,54,"{""sim_day"": 59.0, ""doy"": 164.0, ""topwt"": 420.9695053100586, ""grnwt"": 0.0, ""xlai"": 0.680449903011322, ""totir"": 0.0, ""tofer"": NaN, ""swfac"": 0.0, ""nstres"": 0.0}",0.0,0.0,420.9695053100586,0.0,0.680449903011322,0.0,,0.0,0.0,0.0,150.0,63.15573730468751,63.15573730468751,Leave_One_experiments/all_year_offline_schedule_search/daily_outputs/SYA/SYA_2008_SYA2008_normal_grid_S0010_daily.csv
SYA,SYA,Shenyang,2008,Leave_One_experiments\wth_generated_qc\SYA\SYA2008.WTH,wet_year;nitrogen_stress_year;low_response_year,wet,SYA2008_normal_grid_S0010,low_input_within_10pct_yield,2008-06-13,165,60,55,"{""sim_day"": 60.0, ""doy"": 165.0, ""topwt"": 473.16253662109375, ""grnwt"": 0.0, ""xlai"": 0.7450736165046692, ""totir"": 0.0, ""tofer"": NaN, ""swfac"": 0.0, ""nstres"": 0.0}",0.0,0.0,473.16253662109375,0.0,0.7450736165046692,0.0,,0.0,0.0,0.0,150.0,63.15573730468751,63.15573730468751,Leave_One_experiments/all_year_offline_schedule_search/daily_outputs/SYA/SYA_2008_SYA2008_normal_grid_S0010_daily.csv
SYA,SYA,Shenyang,2008,Leave_One_experiments\wth_generated_qc\SYA\SYA2008.WTH,wet_year;nitrogen_stress_year;low_response_year,wet,SYA2008_normal_grid_S0010,low_input_within_10pct_yield,2008-06-14,166,61,56,"{""sim_day"": 61.0, ""doy"": 166.0, ""topwt"": 534.8981094360352, ""grnwt"": 0.0, ""xlai"": 0.8178130388259888, ""totir"": 0.0, ""tofer"": NaN, ""swfac"": 0.0, ""nstres"": 0.0}",0.0,0.0,534.8981094360352,0.0,0.8178130388259888,0.0,,0.0,0.0,0.0,150.0,63.15573730468751,63.15573730468751,Leave_One_experiments/all_year_offline_schedule_search/daily_outputs/SYA/SYA_2008_SYA2008_normal_grid_S0010_daily.csv
SYA,SYA,Shenyang,2008,Leave_One_experiments\wth_generated_qc\SYA\SYA2008.WTH,wet_year;nitrogen_stress_year;low_response_year,wet,SYA2008_normal_grid_S0010,low_input_within_10pct_yield,2008-06-15,167,62,57,"{""sim_day"": 62.0, ""doy"": 167.0, ""topwt"": 622.2059631347656, ""grnwt"": 0.0, ""xlai"": 0.9148020148277284, ""totir"": 0.0, ""tofer"": NaN, ""swfac"": 0.0, ""nstres"": 0.0}",0.0,0.0,622.2059631347656,0.0,0.9148020148277284,0.0,,0.0,0.0,0.0,150.0,63.15573730468751,63.15573730468751,Leave_One_experiments/all_year_offline_schedule_search/daily_outputs/SYA/SYA_2008_SYA2008_normal_grid_S0010_daily.csv
SYA,SYA,Shenyang,2008,Leave_One_experiments\wth_generated_qc\SYA\SYA2008.WTH,wet_year;nitrogen_stress_year;low_response_year,wet,SYA2008_normal_grid_S0010,low_input_within_10pct_yield,2008-06-16,168,63,58,"{""sim_day"": 63.0, ""doy"": 168.0, ""topwt"": 692.7542114257812, ""grnwt"": 0.0, ""xlai"": 0.9891551733016968, ""totir"": 0.0, ""tofer"": NaN, ""swfac"": 0.0, ""nstres"": 0.0}",0.0,0.0,692.7542114257812,0.0,0.9891551733016968,0.0,,0.0,0.0,0.0,150.0,63.15573730468751,63.15573730468751,Leave_One_experiments/all_year_offline_schedule_search/daily_outputs/SYA/SYA_2008_SYA2008_normal_grid_S0010_daily.csv
SYA,SYA,Shenyang,2008,Leave_One_experiments\wth_generated_qc\SYA\SYA2008.WTH,wet_year;nitrogen_stress_year;low_response_year,wet,SYA2008_normal_grid_S0010,low_input_within_10pct_yield,2008-06-17,169,64,59,"{""sim_day"": 64.0, ""doy"": 169.0, ""topwt"": 754.6056365966797, ""grnwt"": 0.0, ""xlai"": 1.051660180091858, ""totir"": 0.0, ""tofer"": NaN, ""swfac"": 0.0, ""nstres"": 0.0}",0.0,0.0,754.6056365966797,0.0,1.051660180091858,0.0,,0.0,0.0,0.0,150.0,63.15573730468751,63.15573730468751,Leave_One_experiments/all_year_offline_schedule_search/daily_outputs/SYA/SYA_2008_SYA2008_normal_grid_S0010_daily.csv
SYA,SYA,Shenyang,2008,Leave_One_experiments\wth_generated_qc\SYA\SYA2008.WTH,wet_year;nitrogen_stress_year;low_response_year,wet,SYA2008_normal_grid_S0010,low_input_within_10pct_yield,2008-06-18,170,65,60,"{""sim_day"": 65.0, ""doy"": 170.0, ""topwt"": 833.4246826171875, ""grnwt"": 0.0, ""xlai"": 1.1276051998138428, ""totir"": 0.0, ""tofer"": NaN, ""swfac"": 0.0, ""nstres"": 0.0}",0.0,0.0,833.4246826171875,0.0,1.1276051998138428,0.0,,0.0,50.0,0.0,150.0,63.15573730468751,63.15573730468751,Leave_One_experiments/all_year_offline_schedule_search/daily_outputs/SYA/SYA_2008_SYA2008_normal_grid_S0010_daily.csv
SYA,SYA,Shenyang,2008,Leave_One_experiments\wth_generated_qc\SYA\SYA2008.WTH,wet_year;nitrogen_stress_year;low_response_year,wet,SYA2008_normal_grid_S0010,low_input_within_10pct_yield,2008-06-19,171,66,61,"{""sim_day"": 66.0, ""doy"": 171.0, ""topwt"": 929.8406982421876, ""grnwt"": 0.0, ""xlai"": 1.215436339378357, ""totir"": 0.0, ""tofer"": NaN, ""swfac"": 0.0, ""nstres"": 0.0}",0.0,0.0,929.8406982421876,0.0,1.215436339378357,0.0,,0.0,0.0,0.0,150.0,63.15573730468751,63.15573730468751,Leave_One_experiments/all_year_offline_schedule_search/daily_outputs/SYA/SYA_2008_SYA2008_normal_grid_S0010_daily.csv
SYA,SYA,Shenyang,2008,Leave_One_experiments\wth_generated_qc\SYA\SYA2008.WTH,wet_year;nitrogen_stress_year;low_response_year,wet,SYA2008_normal_grid_S0010,low_input_within_10pct_yield,2008-06-20,172,67,62,"{""sim_day"": 67.0, ""doy"": 172.0, ""topwt"": 1024.5274353027344, ""grnwt"": 0.0, ""xlai"": 1.2971224784851074, ""totir"": 0.0, ""tofer"": NaN, ""swfac"": 0.0, ""nstres"": 0.0}",0.0,0.0,1024.5274353027344,0.0,1.2971224784851074,0.0,,0.0,0.0,0.0,150.0,63.15573730468751,63.15573730468751,Leave_One_experiments/all_year_offline_schedule_search/daily_outputs/SYA/SYA_2008_SYA2008_normal_grid_S0010_daily.csv
SYA,SYA,Shenyang,2008,Leave_One_experiments\wth_generated_qc\SYA\SYA2008.WTH,wet_year;nitrogen_stress_year;low_response_year,wet,SYA2008_normal_grid_S0010,low_input_within_10pct_yield,2008-06-21,173,68,63,"{""sim_day"": 68.0, ""doy"": 173.0, ""topwt"": 1129.7919464111328, ""grnwt"": 0.0, ""xlai"": 1.3829684257507324, ""totir"": 0.0, ""tofer"": NaN, ""swfac"": 0.0, ""nstres"": 0.0}",0.0,0.0,1129.7919464111328,0.0,1.3829684257507324,0.0,,0.0,0.0,0.0,150.0,63.15573730468751,63.15573730468751,Leave_One_experiments/all_year_offline_schedule_search/daily_outputs/SYA/SYA_2008_SYA2008_normal_grid_S0010_daily.csv
SYA,SYA,Shenyang,2008,Leave_One_experiments\wth_generated_qc\SYA\SYA2008.WTH,wet_year;nitrogen_stress_year;low_response_year,wet,SYA2008_normal_grid_S0010,low_input_within_10pct_yield,2008-06-22,174,69,64,"{""sim_day"": 69.0, ""doy"": 174.0, ""topwt"": 1190.3072357177734, ""grnwt"": 0.0, ""xlai"": 1.4300920963287354, ""totir"": 0.0, ""tofer"": NaN, ""swfac"": 0.0, ""nstres"": 0.0}",0.0,0.0,1190.3072357177734,0.0,1.4300920963287354,0.0,,0.0,0.0,0.0,150.0,63.15573730468751,63.15573730468751,Leave_One_experiments/all_year_offline_schedule_search/daily_outputs/SYA/SYA_2008_SYA2008_normal_grid_S0010_daily.csv
SYA,SYA,Shenyang,2008,Leave_One_experiments\wth_generated_qc\SYA\SYA2008.WTH,wet_year;nitrogen_stress_year;low_response_year,wet,SYA2008_normal_grid_S0010,low_input_within_10pct_yield,2008-06-23,175,70,65,"{""sim_day"": 70.0, ""doy"": 175.0, ""topwt"": 1271.8157958984375, ""grnwt"": 0.0, ""xlai"": 1.4909110069274902, ""totir"": 0.0, ""tofer"": NaN, ""swfac"": 0.0, ""nstres"": 0.0}",0.0,0.0,1271.8157958984375,0.0,1.4909110069274902,0.0,,0.0,0.0,0.0,150.0,63.15573730468751,63.15573730468751,Leave_One_experiments/all_year_offline_schedule_search/daily_outputs/SYA/SYA_2008_SYA2008_normal_grid_S0010_daily.csv
SYA,SYA,Shenyang,2008,Leave_One_experiments\wth_generated_qc\SYA\SYA2008.WTH,wet_year;nitrogen_stress_year;low_response_year,wet,SYA2008_normal_grid_S0010,low_input_within_10pct_yield,2008-06-24,176,71,66,"{""sim_day"": 71.0, ""doy"": 176.0, ""topwt"": 1369.7843933105469, ""grnwt"": 0.0, ""xlai"": 1.5607627630233765, ""totir"": 0.0, ""tofer"": NaN, ""swfac"": 0.0, ""nstres"": 0.0}",0.0,0.0,1369.7843933105469,0.0,1.5607627630233765,0.0,,0.0,0.0,0.0,150.0,63.15573730468751,63.15573730468751,Leave_One_experiments/all_year_offline_schedule_search/daily_outputs/SYA/SYA_2008_SYA2008_normal_grid_S0010_daily.csv
SYA,SYA,Shenyang,2008,Leave_One_experiments\wth_generated_qc\SYA\SYA2008.WTH,wet_year;nitrogen_stress_year;low_response_year,wet,SYA2008_normal_grid_S0010,low_input_within_10pct_yield,2008-06-25,177,72,67,"{""sim_day"": 72.0, ""doy"": 177.0, ""topwt"": 1485.5403137207031, ""grnwt"": 0.0, ""xlai"": 1.639176368713379, ""totir"": 0.0, ""tofer"": NaN, ""swfac"": 0.0, ""nstres"": 0.0}",0.0,0.0,1485.5403137207031,0.0,1.639176368713379,0.0,,0.0,0.0,0.0,150.0,63.15573730468751,63.15573730468751,Leave_One_experiments/all_year_offline_schedule_search/daily_outputs/SYA/SYA_2008_SYA2008_normal_grid_S0010_daily.csv
SYA,SYA,Shenyang,2008,Leave_One_experiments\wth_generated_qc\SYA\SYA2008.WTH,wet_year;nitrogen_stress_year;low_response_year,wet,SYA2008_normal_grid_S0010,low_input_within_10pct_yield,2008-06-26,178,73,68,"{""sim_day"": 73.0, ""doy"": 178.0, ""topwt"": 1600.7655334472656, ""grnwt"": 0.0, ""xlai"": 1.7134530544281006, ""totir"": 0.0, ""tofer"": NaN, ""swfac"": 0.0, ""nstres"": 0.0}",0.0,0.0,1600.7655334472656,0.0,1.7134530544281006,0.0,,0.0,0.0,0.0,150.0,63.15573730468751,63.15573730468751,Leave_One_experiments/all_year_offline_schedule_search/daily_outputs/SYA/SYA_2008_SYA2008_normal_grid_S0010_daily.csv
SYA,SYA,Shenyang,2008,Leave_One_experiments\wth_generated_qc\SYA\SYA2008.WTH,wet_year;nitrogen_stress_year;low_response_year,wet,SYA2008_normal_grid_S0010,low_input_within_10pct_yield,2008-06-27,179,74,69,"{""sim_day"": 74.0, ""doy"": 179.0, ""topwt"": 1735.9449768066406, ""grnwt"": 0.0, ""xlai"": 1.7960352897644043, ""totir"": 0.0, ""tofer"": NaN, ""swfac"": 0.0, ""nstres"": 0.0}",0.0,0.0,1735.9449768066406,0.0,1.7960352897644043,0.0,,0.0,0.0,0.0,150.0,63.15573730468751,63.15573730468751,Leave_One_experiments/all_year_offline_schedule_search/daily_outputs/SYA/SYA_2008_SYA2008_normal_grid_S0010_daily.csv
SYA,SYA,Shenyang,2008,Leave_One_experiments\wth_generated_qc\SYA\SYA2008.WTH,wet_year;nitrogen_stress_year;low_response_year,wet,SYA2008_normal_grid_S0010,low_input_within_10pct_yield,2008-06-28,180,75,70,"{""sim_day"": 75.0, ""doy"": 180.0, ""topwt"": 1829.261779785156, ""grnwt"": 0.0, ""xlai"": 1.850393295288086, ""totir"": 0.0, ""tofer"": NaN, ""swfac"": 0.0, ""nstres"": 0.0}",0.0,0.0,1829.261779785156,0.0,1.850393295288086,0.0,,0.0,0.0,0.0,150.0,63.15573730468751,63.15573730468751,Leave_One_experiments/all_year_offline_schedule_search/daily_outputs/SYA/SYA_2008_SYA2008_normal_grid_S0010_daily.csv
SYA,SYA,Shenyang,2008,Leave_One_experiments\wth_generated_qc\SYA\SYA2008.WTH,wet_year;nitrogen_stress_year;low_response_year,wet,SYA2008_normal_grid_S0010,low_input_within_10pct_yield,2008-06-29,181,76,71,"{""sim_day"": 76.0, ""doy"": 181.0, ""topwt"": 1972.6272583007808, ""grnwt"": 0.0, ""xlai"": 1.9298791885375977, ""totir"": 0.0, ""tofer"": NaN, ""swfac"": 0.0, ""nstres"": 0.0}",0.0,0.0,1972.6272583007808,0.0,1.9298791885375977,0.0,,0.0,0.0,0.0,150.0,63.15573730468751,63.15573730468751,Leave_One_experiments/all_year_offline_schedule_search/daily_outputs/SYA/SYA_2008_SYA2008_normal_grid_S0010_daily.csv
SYA,SYA,Shenyang,2008,Leave_One_experiments\wth_generated_qc\SYA\SYA2008.WTH,wet_year;nitrogen_stress_year;low_response_year,wet,SYA2008_normal_grid_S0010,low_input_within_10pct_yield,2008-06-30,182,77,72,"{""sim_day"": 77.0, ""doy"": 182.0, ""topwt"": 2115.4136657714844, ""grnwt"": 0.0, ""xlai"": 2.024442434310913, ""totir"": 0.0, ""tofer"": NaN, ""swfac"": 0.0, ""nstres"": 0.0}",0.0,0.0,2115.4136657714844,0.0,2.024442434310913,0.0,,0.0,0.0,0.0,150.0,63.15573730468751,63.15573730468751,Leave_One_experiments/all_year_offline_schedule_search/daily_outputs/SYA/SYA_2008_SYA2008_normal_grid_S0010_daily.csv
SYA,SYA,Shenyang,2008,Leave_One_experiments\wth_generated_qc\SYA\SYA2008.WTH,wet_year;nitrogen_stress_year;low_response_year,wet,SYA2008_normal_grid_S0010,low_input_within_10pct_yield,2008-07-01,183,78,73,"{""sim_day"": 78.0, ""doy"": 183.0, ""topwt"": 2280.497589111328, ""grnwt"": 0.0, ""xlai"": 2.108325481414795, ""totir"": 0.0, ""tofer"": NaN, ""swfac"": 0.0, ""nstres"": 0.0}",0.0,0.0,2280.497589111328,0.0,2.108325481414795,0.0,,0.0,0.0,0.0,150.0,63.15573730468751,63.15573730468751,Leave_One_experiments/all_year_offline_schedule_search/daily_outputs/SYA/SYA_2008_SYA2008_normal_grid_S0010_daily.csv
SYA,SYA,Shenyang,2008,Leave_One_experiments\wth_generated_qc\SYA\SYA2008.WTH,wet_year;nitrogen_stress_year;low_response_year,wet,SYA2008_normal_grid_S0010,low_input_within_10pct_yield,2008-07-02,184,79,74,"{""sim_day"": 79.0, ""doy"": 184.0, ""topwt"": 2502.0350646972656, ""grnwt"": 0.0, ""xlai"": 2.204222679138184, ""totir"": 0.0, ""tofer"": NaN, ""swfac"": 0.0, ""nstres"": 0.0}",0.0,0.0,2502.0350646972656,0.0,2.204222679138184,0.0,,0.0,0.0,0.0,150.0,63.15573730468751,63.15573730468751,Leave_One_experiments/all_year_offline_schedule_search/daily_outputs/SYA/SYA_2008_SYA2008_normal_grid_S0010_daily.csv
SYA,SYA,Shenyang,2008,Leave_One_experiments\wth_generated_qc\SYA\SYA2008.WTH,wet_year;nitrogen_stress_year;low_response_year,wet,SYA2008_normal_grid_S0010,low_input_within_10pct_yield,2008-07-03,185,80,75,"{""sim_day"": 80.0, ""doy"": 185.0, ""topwt"": 2750.9262084960938, ""grnwt"": 0.0, ""xlai"": 2.298614263534546, ""totir"": 0.0, ""tofer"": NaN, ""swfac"": 0.0, ""nstres"": 0.0}",0.0,0.0,2750.9262084960938,0.0,2.298614263534546,0.0,,0.0,0.0,0.0,150.0,63.15573730468751,63.15573730468751,Leave_One_experiments/all_year_offline_schedule_search/daily_outputs/SYA/SYA_2008_SYA2008_normal_grid_S0010_daily.csv
SYA,SYA,Shenyang,2008,Leave_One_experiments\wth_generated_qc\SYA\SYA2008.WTH,wet_year;nitrogen_stress_year;low_response_year,wet,SYA2008_normal_grid_S0010,low_input_within_10pct_yield,2008-07-04,186,81,76,"{""sim_day"": 81.0, ""doy"": 186.0, ""topwt"": 2966.937255859375, ""grnwt"": 0.0, ""xlai"": 2.373142719268799, ""totir"": 0.0, ""tofer"": NaN, ""swfac"": 0.0, ""nstres"": 0.0}",0.0,0.0,2966.937255859375,0.0,2.373142719268799,0.0,,0.0,0.0,0.0,150.0,63.15573730468751,63.15573730468751,Leave_One_experiments/all_year_offline_schedule_search/daily_outputs/SYA/SYA_2008_SYA2008_normal_grid_S0010_daily.csv
SYA,SYA,Shenyang,2008,Leave_One_experiments\wth_generated_qc\SYA\SYA2008.WTH,wet_year;nitrogen_stress_year;low_response_year,wet,SYA2008_normal_grid_S0010,low_input_within_10pct_yield,2008-07-05,187,82,77,"{""sim_day"": 82.0, ""doy"": 187.0, ""topwt"": 3164.5211791992188, ""grnwt"": 0.0, ""xlai"": 2.436700820922852, ""totir"": 0.0, ""tofer"": NaN, ""swfac"": 0.0, ""nstres"": 0.0}",0.0,0.0,3164.5211791992188,0.0,2.436700820922852,0.0,,0.0,0.0,0.0,150.0,63.15573730468751,63.15573730468751,Leave_One_experiments/all_year_offline_schedule_search/daily_outputs/SYA/SYA_2008_SYA2008_normal_grid_S0010_daily.csv
SYA,SYA,Shenyang,2008,Leave_One_experiments\wth_generated_qc\SYA\SYA2008.WTH,wet_year;nitrogen_stress_year;low_response_year,wet,SYA2008_normal_grid_S0010,low_input_within_10pct_yield,2008-07-06,188,83,78,"{""sim_day"": 83.0, ""doy"": 188.0, ""topwt"": 3374.57763671875, ""grnwt"": 0.0, ""xlai"": 2.5000431537628174, ""totir"": 0.0, ""tofer"": NaN, ""swfac"": 0.0, ""nstres"": 0.0}",0.0,0.0,3374.57763671875,0.0,2.5000431537628174,0.0,,0.0,0.0,0.0,150.0,63.15573730468751,63.15573730468751,Leave_One_experiments/all_year_offline_schedule_search/daily_outputs/SYA/SYA_2008_SYA2008_normal_grid_S0010_daily.csv
SYA,SYA,Shenyang,2008,Leave_One_experiments\wth_generated_qc\SYA\SYA2008.WTH,wet_year;nitrogen_stress_year;low_response_year,wet,SYA2008_normal_grid_S0010,low_input_within_10pct_yield,2008-07-07,189,84,79,"{""sim_day"": 84.0, ""doy"": 189.0, ""topwt"": 3573.4994506835938, ""grnwt"": 0.0, ""xlai"": 2.55684232711792, ""totir"": 0.0, ""tofer"": NaN, ""swfac"": 0.0, ""nstres"": 0.0}",0.0,0.0,3573.4994506835938,0.0,2.55684232711792,0.0,,0.0,0.0,0.0,150.0,63.15573730468751,63.15573730468751,Leave_One_experiments/all_year_offline_schedule_search/daily_outputs/SYA/SYA_2008_SYA2008_normal_grid_S0010_daily.csv
SYA,SYA,Shenyang,2008,Leave_One_experiments\wth_generated_qc\SYA\SYA2008.WTH,wet_year;nitrogen_stress_year;low_response_year,wet,SYA2008_normal_grid_S0010,low_input_within_10pct_yield,2008-07-08,190,85,80,"{""sim_day"": 85.0, ""doy"": 190.0, ""topwt"": 3697.716369628906, ""grnwt"": 0.0, ""xlai"": 2.5905282497406006, ""totir"": 0.0, ""tofer"": NaN, ""swfac"": 0.0, ""nstres"": 0.0}",0.0,0.0,3697.716369628906,0.0,2.5905282497406006,0.0,,0.0,0.0,0.0,150.0,63.15573730468751,63.15573730468751,Leave_One_experiments/all_year_offline_schedule_search/daily_outputs/SYA/SYA_2008_SYA2008_normal_grid_S0010_daily.csv
SYA,SYA,Shenyang,2008,Leave_One_experiments\wth_generated_qc\SYA\SYA2008.WTH,wet_year;nitrogen_stress_year;low_response_year,wet,SYA2008_normal_grid_S0010,low_input_within_10pct_yield,2008-07-09,191,86,81,"{""sim_day"": 86.0, ""doy"": 191.0, ""topwt"": 3903.306884765625, ""grnwt"": 0.0, ""xlai"": 2.64391565322876, ""totir"": 0.0, ""tofer"": NaN, ""swfac"": 0.0, ""nstres"": 0.0}",0.0,0.0,3903.306884765625,0.0,2.64391565322876,0.0,,0.0,0.0,0.0,150.0,63.15573730468751,63.15573730468751,Leave_One_experiments/all_year_offline_schedule_search/daily_outputs/SYA/SYA_2008_SYA2008_normal_grid_S0010_daily.csv
SYA,SYA,Shenyang,2008,Leave_One_experiments\wth_generated_qc\SYA\SYA2008.WTH,wet_year;nitrogen_stress_year;low_response_year,wet,SYA2008_normal_grid_S0010,low_input_within_10pct_yield,2008-07-10,192,87,82,"{""sim_day"": 87.0, ""doy"": 192.0, ""topwt"": 4108.661804199219, ""grnwt"": 0.0, ""xlai"": 2.695042848587036, ""totir"": 0.0, ""tofer"": NaN, ""swfac"": 0.0, ""nstres"": 0.0}",0.0,0.0,4108.661804199219,0.0,2.695042848587036,0.0,,0.0,0.0,0.0,150.0,63.15573730468751,63.15573730468751,Leave_One_experiments/all_year_offline_schedule_search/daily_outputs/SYA/SYA_2008_SYA2008_normal_grid_S0010_daily.csv
SYA,SYA,Shenyang,2008,Leave_One_experiments\wth_generated_qc\SYA\SYA2008.WTH,wet_year;nitrogen_stress_year;low_response_year,wet,SYA2008_normal_grid_S0010,low_input_within_10pct_yield,2008-07-11,193,88,83,"{""sim_day"": 88.0, ""doy"": 193.0, ""topwt"": 4283.9593505859375, ""grnwt"": 0.0, ""xlai"": 2.738598108291626, ""totir"": 0.0, ""tofer"": NaN, ""swfac"": 0.0, ""nstres"": 0.0}",0.0,0.0,4283.9593505859375,0.0,2.738598108291626,0.0,,0.0,0.0,0.0,150.0,63.15573730468751,63.15573730468751,Leave_One_experiments/all_year_offline_schedule_search/daily_outputs/SYA/SYA_2008_SYA2008_normal_grid_S0010_daily.csv
SYA,SYA,Shenyang,2008,Leave_One_experiments\wth_generated_qc\SYA\SYA2008.WTH,wet_year;nitrogen_stress_year;low_response_year,wet,SYA2008_normal_grid_S0010,low_input_within_10pct_yield,2008-07-12,194,89,84,"{""sim_day"": 89.0, ""doy"": 194.0, ""topwt"": 4477.07763671875, ""grnwt"": 0.0, ""xlai"": 2.7865536212921143, ""totir"": 0.0, ""tofer"": NaN, ""swfac"": 0.0, ""nstres"": 0.0}",0.0,0.0,4477.07763671875,0.0,2.7865536212921143,0.0,,0.0,0.0,0.0,150.0,63.15573730468751,63.15573730468751,Leave_One_experiments/all_year_offline_schedule_search/daily_outputs/SYA/SYA_2008_SYA2008_normal_grid_S0010_daily.csv
SYA,SYA,Shenyang,2008,Leave_One_experiments\wth_generated_qc\SYA\SYA2008.WTH,wet_year;nitrogen_stress_year;low_response_year,wet,SYA2008_normal_grid_S0010,low_input_within_10pct_yield,2008-07-13,195,90,85,"{""sim_day"": 90.0, ""doy"": 195.0, ""topwt"": 4666.539916992188, ""grnwt"": 0.0, ""xlai"": 2.8335416316986084, ""totir"": 0.0, ""tofer"": NaN, ""swfac"": 0.0, ""nstres"": 0.0}",0.0,0.0,4666.539916992188,0.0,2.8335416316986084,0.0,,0.0,0.0,0.0,150.0,63.15573730468751,63.15573730468751,Leave_One_experiments/all_year_offline_schedule_search/daily_outputs/SYA/SYA_2008_SYA2008_normal_grid_S0010_daily.csv
SYA,SYA,Shenyang,2008,Leave_One_experiments\wth_generated_qc\SYA\SYA2008.WTH,wet_year;nitrogen_stress_year;low_response_year,wet,SYA2008_normal_grid_S0010,low_input_within_10pct_yield,2008-07-14,196,91,86,"{""sim_day"": 91.0, ""doy"": 196.0, ""topwt"": 4707.904052734375, ""grnwt"": 0.0, ""xlai"": 2.843540906906128, ""totir"": 0.0, ""tofer"": NaN, ""swfac"": 0.0, ""nstres"": 0.0}",0.0,0.0,4707.904052734375,0.0,2.843540906906128,0.0,,0.0,0.0,0.0,150.0,63.15573730468751,63.15573730468751,Leave_One_experiments/all_year_offline_schedule_search/daily_outputs/SYA/SYA_2008_SYA2008_normal_grid_S0010_daily.csv
SYA,SYA,Shenyang,2008,Leave_One_experiments\wth_generated_qc\SYA\SYA2008.WTH,wet_year;nitrogen_stress_year;low_response_year,wet,SYA2008_normal_grid_S0010,low_input_within_10pct_yield,2008-07-15,197,92,87,"{""sim_day"": 92.0, ""doy"": 197.0, ""topwt"": 4875.491638183594, ""grnwt"": 0.0, ""xlai"": 2.885017871856689, ""totir"": 0.0, ""tofer"": NaN, ""swfac"": 0.0, ""nstres"": 0.0}",0.0,0.0,4875.491638183594,0.0,2.885017871856689,0.0,,0.0,0.0,0.0,150.0,63.15573730468751,63.15573730468751,Leave_One_experiments/all_year_offline_schedule_search/daily_outputs/SYA/SYA_2008_SYA2008_normal_grid_S0010_daily.csv
SYA,SYA,Shenyang,2008,Leave_One_experiments\wth_generated_qc\SYA\SYA2008.WTH,wet_year;nitrogen_stress_year;low_response_year,wet,SYA2008_normal_grid_S0010,low_input_within_10pct_yield,2008-07-16,198,93,88,"{""sim_day"": 93.0, ""doy"": 198.0, ""topwt"": 5047.181396484375, ""grnwt"": 0.0, ""xlai"": 2.9274742603302, ""totir"": 0.0, ""tofer"": NaN, ""swfac"": 0.0, ""nstres"": 0.0}",0.0,0.0,5047.181396484375,0.0,2.9274742603302,0.0,,0.0,0.0,0.0,150.0,63.15573730468751,63.15573730468751,Leave_One_experiments/all_year_offline_schedule_search/daily_outputs/SYA/SYA_2008_SYA2008_normal_grid_S0010_daily.csv
SYA,SYA,Shenyang,2008,Leave_One_experiments\wth_generated_qc\SYA\SYA2008.WTH,wet_year;nitrogen_stress_year;low_response_year,wet,SYA2008_normal_grid_S0010,low_input_within_10pct_yield,2008-07-17,199,94,89,"{""sim_day"": 94.0, ""doy"": 199.0, ""topwt"": 5386.49169921875, ""grnwt"": 0.0, ""xlai"": 2.7894833087921143, ""totir"": 0.0, ""tofer"": NaN, ""swfac"": 0.0, ""nstres"": 0.0}",0.0,0.0,5386.49169921875,0.0,2.7894833087921143,0.0,,0.0,0.0,0.0,150.0,63.15573730468751,63.15573730468751,Leave_One_experiments/all_year_offline_schedule_search/daily_outputs/SYA/SYA_2008_SYA2008_normal_grid_S0010_daily.csv
SYA,SYA,Shenyang,2008,Leave_One_experiments\wth_generated_qc\SYA\SYA2008.WTH,wet_year;nitrogen_stress_year;low_response_year,wet,SYA2008_normal_grid_S0010,low_input_within_10pct_yield,2008-07-18,200,95,90,"{""sim_day"": 95.0, ""doy"": 200.0, ""topwt"": 5762.9327392578125, ""grnwt"": 0.0, ""xlai"": 2.7779786586761475, ""totir"": 0.0, ""tofer"": NaN, ""swfac"": 0.0, ""nstres"": 0.0}",0.0,0.0,5762.9327392578125,0.0,2.7779786586761475,0.0,,0.0,0.0,0.0,150.0,63.15573730468751,63.15573730468751,Leave_One_experiments/all_year_offline_schedule_search/daily_outputs/SYA/SYA_2008_SYA2008_normal_grid_S0010_daily.csv
SYA,SYA,Shenyang,2008,Leave_One_experiments\wth_generated_qc\SYA\SYA2008.WTH,wet_year;nitrogen_stress_year;low_response_year,wet,SYA2008_normal_grid_S0010,low_input_within_10pct_yield,2008-07-19,201,96,91,"{""sim_day"": 96.0, ""doy"": 201.0, ""topwt"": 6046.730346679688, ""grnwt"": 0.0, ""xlai"": 2.7659595012664795, ""totir"": 0.0, ""tofer"": NaN, ""swfac"": 0.0, ""nstres"": 0.0}",0.0,0.0,6046.730346679688,0.0,2.7659595012664795,0.0,,0.0,0.0,0.0,150.0,63.15573730468751,63.15573730468751,Leave_One_experiments/all_year_offline_schedule_search/daily_outputs/SYA/SYA_2008_SYA2008_normal_grid_S0010_daily.csv
SYA,SYA,Shenyang,2008,Leave_One_experiments\wth_generated_qc\SYA\SYA2008.WTH,wet_year;nitrogen_stress_year;low_response_year,wet,SYA2008_normal_grid_S0010,low_input_within_10pct_yield,2008-07-20,202,97,92,"{""sim_day"": 97.0, ""doy"": 202.0, ""topwt"": 6115.93017578125, ""grnwt"": 0.0, ""xlai"": 2.754528522491455, ""totir"": 0.0, ""tofer"": NaN, ""swfac"": 0.0, ""nstres"": 0.0}",0.0,0.0,6115.93017578125,0.0,2.754528522491455,0.0,,0.0,0.0,0.0,150.0,63.15573730468751,63.15573730468751,Leave_One_experiments/all_year_offline_schedule_search/daily_outputs/SYA/SYA_2008_SYA2008_normal_grid_S0010_daily.csv
SYA,SYA,Shenyang,2008,Leave_One_experiments\wth_generated_qc\SYA\SYA2008.WTH,wet_year;nitrogen_stress_year;low_response_year,wet,SYA2008_normal_grid_S0010,low_input_within_10pct_yield,2008-07-21,203,98,93,"{""sim_day"": 98.0, ""doy"": 203.0, ""topwt"": 6435.67138671875, ""grnwt"": 0.0, ""xlai"": 2.742362260818481, ""totir"": 0.0, ""tofer"": NaN, ""swfac"": 0.0, ""nstres"": 0.0}",0.0,0.0,6435.67138671875,0.0,2.742362260818481,0.0,,0.0,0.0,0.0,150.0,63.15573730468751,63.15573730468751,Leave_One_experiments/all_year_offline_schedule_search/daily_outputs/SYA/SYA_2008_SYA2008_normal_grid_S0010_daily.csv
SYA,SYA,Shenyang,2008,Leave_One_experiments\wth_generated_qc\SYA\SYA2008.WTH,wet_year;nitrogen_stress_year;low_response_year,wet,SYA2008_normal_grid_S0010,low_input_within_10pct_yield,2008-07-22,204,99,94,"{""sim_day"": 99.0, ""doy"": 204.0, ""topwt"": 6789.945068359375, ""grnwt"": 0.0, ""xlai"": 2.7289464473724365, ""totir"": 0.0, ""tofer"": NaN, ""swfac"": 0.0, ""nstres"": 0.0}",0.0,0.0,6789.945068359375,0.0,2.7289464473724365,0.0,,0.0,0.0,0.0,150.0,63.15573730468751,63.15573730468751,Leave_One_experiments/all_year_offline_schedule_search/daily_outputs/SYA/SYA_2008_SYA2008_normal_grid_S0010_daily.csv
SYA,SYA,Shenyang,2008,Leave_One_experiments\wth_generated_qc\SYA\SYA2008.WTH,wet_year;nitrogen_stress_year;low_response_year,wet,SYA2008_normal_grid_S0010,low_input_within_10pct_yield,2008-07-23,205,100,95,"{""sim_day"": 100.0, ""doy"": 205.0, ""topwt"": 7127.8558349609375, ""grnwt"": 0.0, ""xlai"": 2.715567111968994, ""totir"": 0.0, ""tofer"": NaN, ""swfac"": 0.0, ""nstres"": 0.0}",0.0,0.0,7127.8558349609375,0.0,2.715567111968994,0.0,,0.0,0.0,0.0,150.0,63.15573730468751,63.15573730468751,Leave_One_experiments/all_year_offline_schedule_search/daily_outputs/SYA/SYA_2008_SYA2008_normal_grid_S0010_daily.csv
SYA,SYA,Shenyang,2008,Leave_One_experiments\wth_generated_qc\SYA\SYA2008.WTH,wet_year;nitrogen_stress_year;low_response_year,wet,SYA2008_normal_grid_S0010,low_input_within_10pct_yield,2008-07-24,206,101,96,"{""sim_day"": 101.0, ""doy"": 206.0, ""topwt"": 7516.785278320312, ""grnwt"": 0.0, ""xlai"": 2.7010486125946045, ""totir"": 0.0, ""tofer"": NaN, ""swfac"": 0.0, ""nstres"": 0.0}",0.0,0.0,7516.785278320312,0.0,2.7010486125946045,0.0,,0.0,0.0,0.0,150.0,63.15573730468751,63.15573730468751,Leave_One_experiments/all_year_offline_schedule_search/daily_outputs/SYA/SYA_2008_SYA2008_normal_grid_S0010_daily.csv
SYA,SYA,Shenyang,2008,Leave_One_experiments\wth_generated_qc\SYA\SYA2008.WTH,wet_year;nitrogen_stress_year;low_response_year,wet,SYA2008_normal_grid_S0010,low_input_within_10pct_yield,2008-07-25,207,102,97,"{""sim_day"": 102.0, ""doy"": 207.0, ""topwt"": 7804.725952148437, ""grnwt"": 0.0, ""xlai"": 2.686052083969116, ""totir"": 0.0, ""tofer"": NaN, ""swfac"": 0.0, ""nstres"": 0.0}",0.0,0.0,7804.725952148437,0.0,2.686052083969116,0.0,,0.0,0.0,0.0,150.0,63.15573730468751,63.15573730468751,Leave_One_experiments/all_year_offline_schedule_search/daily_outputs/SYA/SYA_2008_SYA2008_normal_grid_S0010_daily.csv
SYA,SYA,Shenyang,2008,Leave_One_experiments\wth_generated_qc\SYA\SYA2008.WTH,wet_year;nitrogen_stress_year;low_response_year,wet,SYA2008_normal_grid_S0010,low_input_within_10pct_yield,2008-07-26,208,103,98,"{""sim_day"": 103.0, ""doy"": 208.0, ""topwt"": 8168.809204101562, ""grnwt"": 0.0, ""xlai"": 2.672048091888428, ""totir"": 0.0, ""tofer"": NaN, ""swfac"": 0.0, ""nstres"": 0.0}",0.0,0.0,8168.809204101562,0.0,2.672048091888428,0.0,,0.0,0.0,0.0,150.0,63.15573730468751,63.15573730468751,Leave_One_experiments/all_year_offline_schedule_search/daily_outputs/SYA/SYA_2008_SYA2008_normal_grid_S0010_daily.csv
SYA,SYA,Shenyang,2008,Leave_One_experiments\wth_generated_qc\SYA\SYA2008.WTH,wet_year;nitrogen_stress_year;low_response_year,wet,SYA2008_normal_grid_S0010,low_input_within_10pct_yield,2008-07-27,209,104,99,"{""sim_day"": 104.0, ""doy"": 209.0, ""topwt"": 8516.685791015625, ""grnwt"": 347.8757095336914, ""xlai"": 2.624181032180786, ""totir"": 0.0, ""tofer"": NaN, ""swfac"": 0.0, ""nstres"": 0.0}",0.0,0.0,8516.685791015625,347.8757095336914,2.624181032180786,0.0,,0.0,0.0,0.0,150.0,63.15573730468751,63.15573730468751,Leave_One_experiments/all_year_offline_schedule_search/daily_outputs/SYA/SYA_2008_SYA2008_normal_grid_S0010_daily.csv
SYA,SYA,Shenyang,2008,Leave_One_experiments\wth_generated_qc\SYA\SYA2008.WTH,wet_year;nitrogen_stress_year;low_response_year,wet,SYA2008_normal_grid_S0010,low_input_within_10pct_yield,2008-07-28,210,105,100,"{""sim_day"": 105.0, ""doy"": 210.0, ""topwt"": 8649.159545898438, ""grnwt"": 695.7514190673828, ""xlai"": 2.617316722869873, ""totir"": 0.0, ""tofer"": NaN, ""swfac"": 0.0, ""nstres"": 0.0}",0.0,0.0,8649.159545898438,695.7514190673828,2.617316722869873,0.0,,0.0,0.0,0.0,150.0,63.15573730468751,63.15573730468751,Leave_One_experiments/all_year_offline_schedule_search/daily_outputs/SYA/SYA_2008_SYA2008_normal_grid_S0010_daily.csv
SYA,SYA,Shenyang,2008,Leave_One_experiments\wth_generated_qc\SYA\SYA2008.WTH,wet_year;nitrogen_stress_year;low_response_year,wet,SYA2008_normal_grid_S0010,low_input_within_10pct_yield,2008-07-29,211,106,101,"{""sim_day"": 106.0, ""doy"": 211.0, ""topwt"": 9026.168823242188, ""grnwt"": 1043.6271667480469, ""xlai"": 2.608395576477051, ""totir"": 0.0, ""tofer"": NaN, ""swfac"": 0.0, ""nstres"": 0.0}",0.0,0.0,9026.168823242188,1043.6271667480469,2.608395576477051,0.0,,0.0,0.0,0.0,150.0,63.15573730468751,63.15573730468751,Leave_One_experiments/all_year_offline_schedule_search/daily_outputs/SYA/SYA_2008_SYA2008_normal_grid_S0010_daily.csv
SYA,SYA,Shenyang,2008,Leave_One_experiments\wth_generated_qc\SYA\SYA2008.WTH,wet_year;nitrogen_stress_year;low_response_year,wet,SYA2008_normal_grid_S0010,low_input_within_10pct_yield,2008-07-30,212,107,102,"{""sim_day"": 107.0, ""doy"": 212.0, ""topwt"": 9156.565551757812, ""grnwt"": 1391.5028381347656, ""xlai"": 2.5984246730804443, ""totir"": 0.0, ""tofer"": NaN, ""swfac"": 0.0, ""nstres"": 0.0}",0.0,0.0,9156.565551757812,1391.5028381347656,2.5984246730804443,0.0,,0.0,0.0,0.0,150.0,63.15573730468751,63.15573730468751,Leave_One_experiments/all_year_offline_schedule_search/daily_outputs/SYA/SYA_2008_SYA2008_normal_grid_S0010_daily.csv
SYA,SYA,Shenyang,2008,Leave_One_experiments\wth_generated_qc\SYA\SYA2008.WTH,wet_year;nitrogen_stress_year;low_response_year,wet,SYA2008_normal_grid_S0010,low_input_within_10pct_yield,2008-07-31,213,108,103,"{""sim_day"": 108.0, ""doy"": 213.0, ""topwt"": 9234.340209960938, ""grnwt"": 1739.3785095214844, ""xlai"": 2.5892293453216557, ""totir"": 0.0, ""tofer"": NaN, ""swfac"": 0.0, ""nstres"": 0.0}",0.0,0.0,9234.340209960938,1739.3785095214844,2.5892293453216557,0.0,,0.0,0.0,0.0,150.0,63.15573730468751,63.15573730468751,Leave_One_experiments/all_year_offline_schedule_search/daily_outputs/SYA/SYA_2008_SYA2008_normal_grid_S0010_daily.csv
SYA,SYA,Shenyang,2008,Leave_One_experiments\wth_generated_qc\SYA\SYA2008.WTH,wet_year;nitrogen_stress_year;low_response_year,wet,SYA2008_normal_grid_S0010,low_input_within_10pct_yield,2008-08-01,214,109,104,"{""sim_day"": 109.0, ""doy"": 214.0, ""topwt"": 9559.520263671877, ""grnwt"": 2087.254180908203, ""xlai"": 2.578127145767212, ""totir"": 0.0, ""tofer"": NaN, ""swfac"": 0.0, ""nstres"": 0.0}",0.0,0.0,9559.520263671877,2087.254180908203,2.578127145767212,0.0,,0.0,0.0,0.0,150.0,63.15573730468751,63.15573730468751,Leave_One_experiments/all_year_offline_schedule_search/daily_outputs/SYA/SYA_2008_SYA2008_normal_grid_S0010_daily.csv
SYA,SYA,Shenyang,2008,Leave_One_experiments\wth_generated_qc\SYA\SYA2008.WTH,wet_year;nitrogen_stress_year;low_response_year,wet,SYA2008_normal_grid_S0010,low_input_within_10pct_yield,2008-08-02,215,110,105,"{""sim_day"": 110.0, ""doy"": 215.0, ""topwt"": 9973.379516601562, ""grnwt"": 2435.129852294922, ""xlai"": 2.56498646736145, ""totir"": 0.0, ""tofer"": NaN, ""swfac"": 0.0, ""nstres"": 0.0}",0.0,0.0,9973.379516601562,2435.129852294922,2.56498646736145,0.0,,0.0,0.0,0.0,150.0,63.15573730468751,63.15573730468751,Leave_One_experiments/all_year_offline_schedule_search/daily_outputs/SYA/SYA_2008_SYA2008_normal_grid_S0010_daily.csv
SYA,SYA,Shenyang,2008,Leave_One_experiments\wth_generated_qc\SYA\SYA2008.WTH,wet_year;nitrogen_stress_year;low_response_year,wet,SYA2008_normal_grid_S0010,low_input_within_10pct_yield,2008-08-03,216,111,106,"{""sim_day"": 111.0, ""doy"": 216.0, ""topwt"": 10356.2060546875, ""grnwt"": 2783.0056762695312, ""xlai"": 2.5486626625061035, ""totir"": 0.0, ""tofer"": NaN, ""swfac"": 0.0, ""nstres"": 0.0}",0.0,0.0,10356.2060546875,2783.0056762695312,2.5486626625061035,0.0,,0.0,0.0,0.0,150.0,63.15573730468751,63.15573730468751,Leave_One_experiments/all_year_offline_schedule_search/daily_outputs/SYA/SYA_2008_SYA2008_normal_grid_S0010_daily.csv
SYA,SYA,Shenyang,2008,Leave_One_experiments\wth_generated_qc\SYA\SYA2008.WTH,wet_year;nitrogen_stress_year;low_response_year,wet,SYA2008_normal_grid_S0010,low_input_within_10pct_yield,2008-08-04,217,112,107,"{""sim_day"": 112.0, ""doy"": 217.0, ""topwt"": 10721.74560546875, ""grnwt"": 3102.616271972656, ""xlai"": 2.5282599925994877, ""totir"": 0.0, ""tofer"": NaN, ""swfac"": 0.0, ""nstres"": 0.0}",0.0,0.0,10721.74560546875,3102.616271972656,2.5282599925994877,0.0,,0.0,0.0,0.0,150.0,63.15573730468751,63.15573730468751,Leave_One_experiments/all_year_offline_schedule_search/daily_outputs/SYA/SYA_2008_SYA2008_normal_grid_S0010_daily.csv
SYA,SYA,Shenyang,2008,Leave_One_experiments\wth_generated_qc\SYA\SYA2008.WTH,wet_year;nitrogen_stress_year;low_response_year,wet,SYA2008_normal_grid_S0010,low_input_within_10pct_yield,2008-08-05,218,113,108,"{""sim_day"": 113.0, ""doy"": 218.0, ""topwt"": 11094.57275390625, ""grnwt"": 3450.491943359375, ""xlai"": 2.506254196166992, ""totir"": 0.0, ""tofer"": NaN, ""swfac"": 0.0, ""nstres"": 0.0}",0.0,0.0,11094.57275390625,3450.491943359375,2.506254196166992,0.0,,0.0,0.0,0.0,150.0,63.15573730468751,63.15573730468751,Leave_One_experiments/all_year_offline_schedule_search/daily_outputs/SYA/SYA_2008_SYA2008_normal_grid_S0010_daily.csv
SYA,SYA,Shenyang,2008,Leave_One_experiments\wth_generated_qc\SYA\SYA2008.WTH,wet_year;nitrogen_stress_year;low_response_year,wet,SYA2008_normal_grid_S0010,low_input_within_10pct_yield,2008-08-06,219,114,109,"{""sim_day"": 114.0, ""doy"": 219.0, ""topwt"": 11468.57666015625, ""grnwt"": 3798.3676147460938, ""xlai"": 2.481397151947021, ""totir"": 0.0, ""tofer"": NaN, ""swfac"": 0.0, ""nstres"": 0.0}",0.0,0.0,11468.57666015625,3798.3676147460938,2.481397151947021,0.0,,0.0,0.0,0.0,150.0,63.15573730468751,63.15573730468751,Leave_One_experiments/all_year_offline_schedule_search/daily_outputs/SYA/SYA_2008_SYA2008_normal_grid_S0010_daily.csv
SYA,SYA,Shenyang,2008,Leave_One_experiments\wth_generated_qc\SYA\SYA2008.WTH,wet_year;nitrogen_stress_year;low_response_year,wet,SYA2008_normal_grid_S0010,low_input_within_10pct_yield,2008-08-07,220,115,110,"{""sim_day"": 115.0, ""doy"": 220.0, ""topwt"": 11855.223388671877, ""grnwt"": 4146.2432861328125, ""xlai"": 2.4558210372924805, ""totir"": 0.0, ""tofer"": NaN, ""swfac"": 0.0, ""nstres"": 0.0}",0.0,0.0,11855.223388671877,4146.2432861328125,2.4558210372924805,0.0,,0.0,0.0,0.0,150.0,63.15573730468751,63.15573730468751,Leave_One_experiments/all_year_offline_schedule_search/daily_outputs/SYA/SYA_2008_SYA2008_normal_grid_S0010_daily.csv
SYA,SYA,Shenyang,2008,Leave_One_experiments\wth_generated_qc\SYA\SYA2008.WTH,wet_year;nitrogen_stress_year;low_response_year,wet,SYA2008_normal_grid_S0010,low_input_within_10pct_yield,2008-08-08,221,116,111,"{""sim_day"": 116.0, ""doy"": 221.0, ""topwt"": 12218.599853515623, ""grnwt"": 4481.0736083984375, ""xlai"": 2.424971580505371, ""totir"": 0.0, ""tofer"": NaN, ""swfac"": 0.0, ""nstres"": 0.0}",0.0,0.0,12218.599853515623,4481.0736083984375,2.424971580505371,0.0,,0.0,0.0,0.0,150.0,63.15573730468751,63.15573730468751,Leave_One_experiments/all_year_offline_schedule_search/daily_outputs/SYA/SYA_2008_SYA2008_normal_grid_S0010_daily.csv
SYA,SYA,Shenyang,2008,Leave_One_experiments\wth_generated_qc\SYA\SYA2008.WTH,wet_year;nitrogen_stress_year;low_response_year,wet,SYA2008_normal_grid_S0010,low_input_within_10pct_yield,2008-08-09,222,117,112,"{""sim_day"": 117.0, ""doy"": 222.0, ""topwt"": 12516.927490234377, ""grnwt"": 4828.949279785156, ""xlai"": 2.3916990756988525, ""totir"": 0.0, ""tofer"": NaN, ""swfac"": 0.0, ""nstres"": 0.0}",0.0,0.0,12516.927490234377,4828.949279785156,2.3916990756988525,0.0,,0.0,0.0,0.0,150.0,63.15573730468751,63.15573730468751,Leave_One_experiments/all_year_offline_schedule_search/daily_outputs/SYA/SYA_2008_SYA2008_normal_grid_S0010_daily.csv
SYA,SYA,Shenyang,2008,Leave_One_experiments\wth_generated_qc\SYA\SYA2008.WTH,wet_year;nitrogen_stress_year;low_response_year,wet,SYA2008_normal_grid_S0010,low_input_within_10pct_yield,2008-08-10,223,118,113,"{""sim_day"": 118.0, ""doy"": 223.0, ""topwt"": 12650.40283203125, ""grnwt"": 5176.824951171875, ""xlai"": 2.35856294631958, ""totir"": 0.0, ""tofer"": NaN, ""swfac"": 0.0, ""nstres"": 0.0}",0.0,0.0,12650.40283203125,5176.824951171875,2.35856294631958,0.0,,0.0,0.0,0.0,150.0,63.15573730468751,63.15573730468751,Leave_One_experiments/all_year_offline_schedule_search/daily_outputs/SYA/SYA_2008_SYA2008_normal_grid_S0010_daily.csv
SYA,SYA,Shenyang,2008,Leave_One_experiments\wth_generated_qc\SYA\SYA2008.WTH,wet_year;nitrogen_stress_year;low_response_year,wet,SYA2008_normal_grid_S0010,low_input_within_10pct_yield,2008-08-11,224,119,114,"{""sim_day"": 119.0, ""doy"": 224.0, ""topwt"": 13009.5361328125, ""grnwt"": 5524.700927734375, ""xlai"": 2.3206114768981934, ""totir"": 0.0, ""tofer"": NaN, ""swfac"": 0.0, ""nstres"": 0.0}",0.0,0.0,13009.5361328125,5524.700927734375,2.3206114768981934,0.0,,0.0,0.0,0.0,150.0,63.15573730468751,63.15573730468751,Leave_One_experiments/all_year_offline_schedule_search/daily_outputs/SYA/SYA_2008_SYA2008_normal_grid_S0010_daily.csv
SYA,SYA,Shenyang,2008,Leave_One_experiments\wth_generated_qc\SYA\SYA2008.WTH,wet_year;nitrogen_stress_year;low_response_year,wet,SYA2008_normal_grid_S0010,low_input_within_10pct_yield,2008-08-12,225,120,115,"{""sim_day"": 120.0, ""doy"": 225.0, ""topwt"": 13322.07763671875, ""grnwt"": 5872.576904296875, ""xlai"": 2.27922797203064, ""totir"": 0.0, ""tofer"": NaN, ""swfac"": 0.0, ""nstres"": 0.0}",0.0,0.0,13322.07763671875,5872.576904296875,2.27922797203064,0.0,,0.0,0.0,0.0,150.0,63.15573730468751,63.15573730468751,Leave_One_experiments/all_year_offline_schedule_search/daily_outputs/SYA/SYA_2008_SYA2008_normal_grid_S0010_daily.csv
SYA,SYA,Shenyang,2008,Leave_One_experiments\wth_generated_qc\SYA\SYA2008.WTH,wet_year;nitrogen_stress_year;low_response_year,wet,SYA2008_normal_grid_S0010,low_input_within_10pct_yield,2008-08-13,226,121,116,"{""sim_day"": 121.0, ""doy"": 226.0, ""topwt"": 13666.9287109375, ""grnwt"": 6220.4522705078125, ""xlai"": 2.240420341491699, ""totir"": 0.0, ""tofer"": NaN, ""swfac"": 0.0, ""nstres"": 0.0}",0.0,0.0,13666.9287109375,6220.4522705078125,2.240420341491699,0.0,,0.0,0.0,0.0,150.0,63.15573730468751,63.15573730468751,Leave_One_experiments/all_year_offline_schedule_search/daily_outputs/SYA/SYA_2008_SYA2008_normal_grid_S0010_daily.csv
SYA,SYA,Shenyang,2008,Leave_One_experiments\wth_generated_qc\SYA\SYA2008.WTH,wet_year;nitrogen_stress_year;low_response_year,wet,SYA2008_normal_grid_S0010,low_input_within_10pct_yield,2008-08-14,227,122,117,"{""sim_day"": 122.0, ""doy"": 227.0, ""topwt"": 14053.2373046875, ""grnwt"": 6568.3282470703125, ""xlai"": 2.2020487785339355, ""totir"": 0.0, ""tofer"": NaN, ""swfac"": 0.0, ""nstres"": 0.0}",0.0,0.0,14053.2373046875,6568.3282470703125,2.2020487785339355,0.0,,0.0,0.0,0.0,150.0,63.15573730468751,63.15573730468751,Leave_One_experiments/all_year_offline_schedule_search/daily_outputs/SYA/SYA_2008_SYA2008_normal_grid_S0010_daily.csv
SYA,SYA,Shenyang,2008,Leave_One_experiments\wth_generated_qc\SYA\SYA2008.WTH,wet_year;nitrogen_stress_year;low_response_year,wet,SYA2008_normal_grid_S0010,low_input_within_10pct_yield,2008-08-15,228,123,118,"{""sim_day"": 123.0, ""doy"": 228.0, ""topwt"": 14445.72998046875, ""grnwt"": 6916.20361328125, ""xlai"": 2.1599156856536865, ""totir"": 0.0, ""tofer"": NaN, ""swfac"": 0.0, ""nstres"": 0.0}",0.0,0.0,14445.72998046875,6916.20361328125,2.1599156856536865,0.0,,0.0,0.0,0.0,150.0,63.15573730468751,63.15573730468751,Leave_One_experiments/all_year_offline_schedule_search/daily_outputs/SYA/SYA_2008_SYA2008_normal_grid_S0010_daily.csv
SYA,SYA,Shenyang,2008,Leave_One_experiments\wth_generated_qc\SYA\SYA2008.WTH,wet_year;nitrogen_stress_year;low_response_year,wet,SYA2008_normal_grid_S0010,low_input_within_10pct_yield,2008-08-16,229,124,119,"{""sim_day"": 124.0, ""doy"": 229.0, ""topwt"": 14719.84130859375, ""grnwt"": 7264.07958984375, ""xlai"": 2.1141457557678223, ""totir"": 0.0, ""tofer"": NaN, ""swfac"": 0.0, ""nstres"": 0.038782000541687}",0.0,0.038782000541687,14719.84130859375,7264.07958984375,2.1141457557678223,0.0,,0.0,0.0,0.0,150.0,63.15573730468751,63.15573730468751,Leave_One_experiments/all_year_offline_schedule_search/daily_outputs/SYA/SYA_2008_SYA2008_normal_grid_S0010_daily.csv
SYA,SYA,Shenyang,2008,Leave_One_experiments\wth_generated_qc\SYA\SYA2008.WTH,wet_year;nitrogen_stress_year;low_response_year,wet,SYA2008_normal_grid_S0010,low_input_within_10pct_yield,2008-08-17,230,125,120,"{""sim_day"": 125.0, ""doy"": 230.0, ""topwt"": 14796.983642578123, ""grnwt"": 7611.954956054687, ""xlai"": 2.072905778884888, ""totir"": 0.0, ""tofer"": NaN, ""swfac"": 0.0, ""nstres"": 0.0955405831336975}",0.0,0.0955405831336975,14796.983642578123,7611.954956054687,2.072905778884888,0.0,,0.0,0.0,0.0,150.0,63.15573730468751,63.15573730468751,Leave_One_experiments/all_year_offline_schedule_search/daily_outputs/SYA/SYA_2008_SYA2008_normal_grid_S0010_daily.csv
SYA,SYA,Shenyang,2008,Leave_One_experiments\wth_generated_qc\SYA\SYA2008.WTH,wet_year;nitrogen_stress_year;low_response_year,wet,SYA2008_normal_grid_S0010,low_input_within_10pct_yield,2008-08-18,231,126,121,"{""sim_day"": 126.0, ""doy"": 231.0, ""topwt"": 15116.689453125, ""grnwt"": 7959.8309326171875, ""xlai"": 2.023920774459839, ""totir"": 0.0, ""tofer"": NaN, ""swfac"": 0.0, ""nstres"": 0.1330310106277465}",0.0,0.1330310106277465,15116.689453125,7959.8309326171875,2.023920774459839,0.0,,0.0,0.0,0.0,150.0,63.15573730468751,63.15573730468751,Leave_One_experiments/all_year_offline_schedule_search/daily_outputs/SYA/SYA_2008_SYA2008_normal_grid_S0010_daily.csv
SYA,SYA,Shenyang,2008,Leave_One_experiments\wth_generated_qc\SYA\SYA2008.WTH,wet_year;nitrogen_stress_year;low_response_year,wet,SYA2008_normal_grid_S0010,low_input_within_10pct_yield,2008-08-19,232,127,122,"{""sim_day"": 127.0, ""doy"": 232.0, ""topwt"": 15424.5068359375, ""grnwt"": 8307.706298828125, ""xlai"": 1.9759197235107424, ""totir"": 0.0, ""tofer"": NaN, ""swfac"": 0.0, ""nstres"": 0.1457404494285583}",0.0,0.1457404494285583,15424.5068359375,8307.706298828125,1.9759197235107424,0.0,,0.0,0.0,0.0,150.0,63.15573730468751,63.15573730468751,Leave_One_experiments/all_year_offline_schedule_search/daily_outputs/SYA/SYA_2008_SYA2008_normal_grid_S0010_daily.csv
SYA,SYA,Shenyang,2008,Leave_One_experiments\wth_generated_qc\SYA\SYA2008.WTH,wet_year;nitrogen_stress_year;low_response_year,wet,SYA2008_normal_grid_S0010,low_input_within_10pct_yield,2008-08-20,233,128,123,"{""sim_day"": 128.0, ""doy"": 233.0, ""topwt"": 15544.622802734377, ""grnwt"": 8483.790893554688, ""xlai"": 1.92606520652771, ""totir"": 0.0, ""tofer"": NaN, ""swfac"": 0.0, ""nstres"": 0.1907413601875305}",0.0,0.1907413601875305,15544.622802734377,8483.790893554688,1.92606520652771,0.0,,0.0,0.0,0.0,150.0,63.15573730468751,63.15573730468751,Leave_One_experiments/all_year_offline_schedule_search/daily_outputs/SYA/SYA_2008_SYA2008_normal_grid_S0010_daily.csv
SYA,SYA,Shenyang,2008,Leave_One_experiments\wth_generated_qc\SYA\SYA2008.WTH,wet_year;nitrogen_stress_year;low_response_year,wet,SYA2008_normal_grid_S0010,low_input_within_10pct_yield,2008-08-21,234,129,124,"{""sim_day"": 129.0, ""doy"": 234.0, ""topwt"": 15580.14892578125, ""grnwt"": 8519.318237304688, ""xlai"": 1.8771530389785769, ""totir"": 0.0, ""tofer"": NaN, ""swfac"": 0.0, ""nstres"": 0.2094765305519104}",0.0,0.2094765305519104,15580.14892578125,8519.318237304688,1.8771530389785769,0.0,,0.0,0.0,0.0,150.0,63.15573730468751,63.15573730468751,Leave_One_experiments/all_year_offline_schedule_search/daily_outputs/SYA/SYA_2008_SYA2008_normal_grid_S0010_daily.csv
SYA,SYA,Shenyang,2008,Leave_One_experiments\wth_generated_qc\SYA\SYA2008.WTH,wet_year;nitrogen_stress_year;low_response_year,wet,SYA2008_normal_grid_S0010,low_input_within_10pct_yield,2008-08-22,235,130,125,"{""sim_day"": 130.0, ""doy"": 235.0, ""topwt"": 15846.00830078125, ""grnwt"": 8785.17578125, ""xlai"": 1.823301076889038, ""totir"": 0.0, ""tofer"": NaN, ""swfac"": 0.0, ""nstres"": 0.1901929974555969}",0.0,0.1901929974555969,15846.00830078125,8785.17578125,1.823301076889038,0.0,,0.0,0.0,0.0,150.0,63.15573730468751,63.15573730468751,Leave_One_experiments/all_year_offline_schedule_search/daily_outputs/SYA/SYA_2008_SYA2008_normal_grid_S0010_daily.csv
SYA,SYA,Shenyang,2008,Leave_One_experiments\wth_generated_qc\SYA\SYA2008.WTH,wet_year;nitrogen_stress_year;low_response_year,wet,SYA2008_normal_grid_S0010,low_input_within_10pct_yield,2008-08-23,236,131,126,"{""sim_day"": 131.0, ""doy"": 236.0, ""topwt"": 16076.295166015623, ""grnwt"": 9015.463256835938, ""xlai"": 1.755234956741333, ""totir"": 0.0, ""tofer"": NaN, ""swfac"": 0.0, ""nstres"": 0.2711690068244934}",0.0,0.2711690068244934,16076.295166015623,9015.463256835938,1.755234956741333,0.0,,0.0,0.0,0.0,150.0,63.15573730468751,63.15573730468751,Leave_One_experiments/all_year_offline_schedule_search/daily_outputs/SYA/SYA_2008_SYA2008_normal_grid_S0010_daily.csv
SYA,SYA,Shenyang,2008,Leave_One_experiments\wth_generated_qc\SYA\SYA2008.WTH,wet_year;nitrogen_stress_year;low_response_year,wet,SYA2008_normal_grid_S0010,low_input_within_10pct_yield,2008-08-24,237,132,127,"{""sim_day"": 132.0, ""doy"": 237.0, ""topwt"": 16172.628173828123, ""grnwt"": 9111.796875, ""xlai"": 1.6879816055297852, ""totir"": 0.0, ""tofer"": NaN, ""swfac"": 0.0, ""nstres"": 0.3464471101760864}",0.0,0.3464471101760864,16172.628173828123,9111.796875,1.6879816055297852,0.0,,0.0,0.0,0.0,150.0,63.15573730468751,63.15573730468751,Leave_One_experiments/all_year_offline_schedule_search/daily_outputs/SYA/SYA_2008_SYA2008_normal_grid_S0010_daily.csv
SYA,SYA,Shenyang,2008,Leave_One_experiments\wth_generated_qc\SYA\SYA2008.WTH,wet_year;nitrogen_stress_year;low_response_year,wet,SYA2008_normal_grid_S0010,low_input_within_10pct_yield,2008-08-25,238,133,128,"{""sim_day"": 133.0, ""doy"": 238.0, ""topwt"": 16361.373291015623, ""grnwt"": 9300.542602539062, ""xlai"": 1.6139169931411743, ""totir"": 0.0, ""tofer"": NaN, ""swfac"": 0.0, ""nstres"": 0.3504337668418884}",0.0,0.3504337668418884,16361.373291015623,9300.542602539062,1.6139169931411743,0.0,,0.0,0.0,0.0,150.0,63.15573730468751,63.15573730468751,Leave_One_experiments/all_year_offline_schedule_search/daily_outputs/SYA/SYA_2008_SYA2008_normal_grid_S0010_daily.csv
SYA,SYA,Shenyang,2008,Leave_One_experiments\wth_generated_qc\SYA\SYA2008.WTH,wet_year;nitrogen_stress_year;low_response_year,wet,SYA2008_normal_grid_S0010,low_input_within_10pct_yield,2008-08-26,239,134,129,"{""sim_day"": 134.0, ""doy"": 239.0, ""topwt"": 16529.86572265625, ""grnwt"": 9469.035034179688, ""xlai"": 1.5434927940368652, ""totir"": 0.0, ""tofer"": NaN, ""swfac"": 0.0, ""nstres"": 0.4002732038497925}",0.0,0.4002732038497925,16529.86572265625,9469.035034179688,1.5434927940368652,0.0,,0.0,0.0,0.0,150.0,63.15573730468751,63.15573730468751,Leave_One_experiments/all_year_offline_schedule_search/daily_outputs/SYA/SYA_2008_SYA2008_normal_grid_S0010_daily.csv
SYA,SYA,Shenyang,2008,Leave_One_experiments\wth_generated_qc\SYA\SYA2008.WTH,wet_year;nitrogen_stress_year;low_response_year,wet,SYA2008_normal_grid_S0010,low_input_within_10pct_yield,2008-08-27,240,135,130,"{""sim_day"": 135.0, ""doy"": 240.0, ""topwt"": 16674.007568359375, ""grnwt"": 9613.17626953125, ""xlai"": 1.4640487432479858, ""totir"": 0.0, ""tofer"": NaN, ""swfac"": 0.0, ""nstres"": 0.432996928691864}",0.0,0.432996928691864,16674.007568359375,9613.17626953125,1.4640487432479858,0.0,,0.0,0.0,0.0,150.0,63.15573730468751,63.15573730468751,Leave_One_experiments/all_year_offline_schedule_search/daily_outputs/SYA/SYA_2008_SYA2008_normal_grid_S0010_daily.csv
SYA,SYA,Shenyang,2008,Leave_One_experiments\wth_generated_qc\SYA\SYA2008.WTH,wet_year;nitrogen_stress_year;low_response_year,wet,SYA2008_normal_grid_S0010,low_input_within_10pct_yield,2008-08-28,241,136,131,"{""sim_day"": 136.0, ""doy"": 241.0, ""topwt"": 16836.988525390625, ""grnwt"": 9776.156616210938, ""xlai"": 1.3873074054718018, ""totir"": 0.0, ""tofer"": NaN, ""swfac"": 0.0, ""nstres"": 0.4462701082229614}",0.0,0.4462701082229614,16836.988525390625,9776.156616210938,1.3873074054718018,0.0,,0.0,0.0,0.0,150.0,63.15573730468751,63.15573730468751,Leave_One_experiments/all_year_offline_schedule_search/daily_outputs/SYA/SYA_2008_SYA2008_normal_grid_S0010_daily.csv
SYA,SYA,Shenyang,2008,Leave_One_experiments\wth_generated_qc\SYA\SYA2008.WTH,wet_year;nitrogen_stress_year;low_response_year,wet,SYA2008_normal_grid_S0010,low_input_within_10pct_yield,2008-08-29,242,137,132,"{""sim_day"": 137.0, ""doy"": 242.0, ""topwt"": 16951.656494140625, ""grnwt"": 9890.825805664062, ""xlai"": 1.3070366382598877, ""totir"": 0.0, ""tofer"": NaN, ""swfac"": 0.0, ""nstres"": 0.4668568968772888}",0.0,0.4668568968772888,16951.656494140625,9890.825805664062,1.3070366382598877,0.0,,0.0,0.0,0.0,150.0,63.15573730468751,63.15573730468751,Leave_One_experiments/all_year_offline_schedule_search/daily_outputs/SYA/SYA_2008_SYA2008_normal_grid_S0010_daily.csv
SYA,SYA,Shenyang,2008,Leave_One_experiments\wth_generated_qc\SYA\SYA2008.WTH,wet_year;nitrogen_stress_year;low_response_year,wet,SYA2008_normal_grid_S0010,low_input_within_10pct_yield,2008-08-30,243,138,133,"{""sim_day"": 138.0, ""doy"": 243.0, ""topwt"": 17003.677978515625, ""grnwt"": 9942.8466796875, ""xlai"": 1.2329788208007812, ""totir"": 0.0, ""tofer"": NaN, ""swfac"": 0.0, ""nstres"": 0.4688840508460998}",0.0,0.4688840508460998,17003.677978515625,9942.8466796875,1.2329788208007812,0.0,,0.0,0.0,0.0,150.0,63.15573730468751,63.15573730468751,Leave_One_experiments/all_year_offline_schedule_search/daily_outputs/SYA/SYA_2008_SYA2008_normal_grid_S0010_daily.csv
SYA,SYA,Shenyang,2008,Leave_One_experiments\wth_generated_qc\SYA\SYA2008.WTH,wet_year;nitrogen_stress_year;low_response_year,wet,SYA2008_normal_grid_S0010,low_input_within_10pct_yield,2008-08-31,244,139,134,"{""sim_day"": 139.0, ""doy"": 244.0, ""topwt"": 17126.40380859375, ""grnwt"": 10065.57373046875, ""xlai"": 1.1613208055496216, ""totir"": 0.0, ""tofer"": NaN, ""swfac"": 0.0, ""nstres"": 0.4435635805130005}",0.0,0.4435635805130005,17126.40380859375,10065.57373046875,1.1613208055496216,0.0,,0.0,0.0,0.0,150.0,63.15573730468751,63.15573730468751,Leave_One_experiments/all_year_offline_schedule_search/daily_outputs/SYA/SYA_2008_SYA2008_normal_grid_S0010_daily.csv
SYA,SYA,Shenyang,2008,Leave_One_experiments\wth_generated_qc\SYA\SYA2008.WTH,wet_year;nitrogen_stress_year;low_response_year,wet,SYA2008_normal_grid_S0010,low_input_within_10pct_yield,2008-09-01,245,140,135,"{""sim_day"": 140.0, ""doy"": 245.0, ""topwt"": 17126.40380859375, ""grnwt"": 10065.57373046875, ""xlai"": 1.1613208055496216, ""totir"": 0.0, ""tofer"": NaN, ""swfac"": 0.0, ""nstres"": 0.4597217440605163}",0.0,0.4597217440605163,17126.40380859375,10065.57373046875,1.1613208055496216,0.0,,0.0,0.0,0.0,150.0,63.15573730468751,63.15573730468751,Leave_One_experiments/all_year_offline_schedule_search/daily_outputs/SYA/SYA_2008_SYA2008_normal_grid_S0010_daily.csv
SYA,SYA,Shenyang,2008,Leave_One_experiments\wth_generated_qc\SYA\SYA2008.WTH,wet_year;nitrogen_stress_year;low_response_year,wet,SYA2008_normal_grid_S0010,low_input_within_10pct_yield,2008-09-02,246,141,136,"{""sim_day"": 141.0, ""doy"": 246.0, ""topwt"": 17126.40380859375, ""grnwt"": 10065.57373046875, ""xlai"": 1.1613208055496216, ""totir"": 0.0, ""tofer"": NaN, ""swfac"": 0.0, ""nstres"": 0.4597217440605163}",0.0,0.4597217440605163,17126.40380859375,10065.57373046875,1.1613208055496216,0.0,,0.0,0.0,0.0,150.0,63.15573730468751,63.15573730468751,Leave_One_experiments/all_year_offline_schedule_search/daily_outputs/SYA/SYA_2008_SYA2008_normal_grid_S0010_daily.csv
SYA,SYA,Shenyang,2008,Leave_One_experiments\wth_generated_qc\SYA\SYA2008.WTH,wet_year;nitrogen_stress_year;low_response_year,wet,SYA2008_normal_grid_S0010,low_input_within_10pct_yield,2008-09-03,247,142,137,"{""sim_day"": 142.0, ""doy"": 247.0, ""topwt"": 17126.40380859375, ""grnwt"": 10065.57373046875, ""xlai"": 1.1613208055496216, ""totir"": 0.0, ""tofer"": NaN, ""swfac"": 0.0, ""nstres"": 0.4597217440605163}",0.0,0.4597217440605163,17126.40380859375,10065.57373046875,1.1613208055496216,0.0,,0.0,0.0,0.0,150.0,63.15573730468751,63.15573730468751,Leave_One_experiments/all_year_offline_schedule_search/daily_outputs/SYA/SYA_2008_SYA2008_normal_grid_S0010_daily.csv
SYA,SYA,Shenyang,2008,Leave_One_experiments\wth_generated_qc\SYA\SYA2008.WTH,wet_year;nitrogen_stress_year;low_response_year,wet,SYA2008_normal_grid_S0010,low_input_within_10pct_yield,2008-09-04,248,143,138,"{""sim_day"": 143.0, ""doy"": 248.0, ""topwt"": 17126.40380859375, ""grnwt"": 10065.57373046875, ""xlai"": 1.1613208055496216, ""totir"": 0.0, ""tofer"": NaN, ""swfac"": 0.0, ""nstres"": 0.4597217440605163}",0.0,0.4597217440605163,17126.40380859375,10065.57373046875,1.1613208055496216,0.0,,0.0,0.0,0.0,150.0,63.15573730468751,63.15573730468751,Leave_One_experiments/all_year_offline_schedule_search/daily_outputs/SYA/SYA_2008_SYA2008_normal_grid_S0010_daily.csv
SYA,SYA,Shenyang,2008,Leave_One_experiments\wth_generated_qc\SYA\SYA2008.WTH,wet_year;nitrogen_stress_year;low_response_year,wet,SYA2008_normal_grid_S0019,pareto_balanced,2008-04-20,111,1,1,"{""sim_day"": 1.0, ""doy"": 111.0, ""topwt"": 0.0, ""grnwt"": 0.0, ""xlai"": 0.0, ""totir"": 0.0, ""tofer"": NaN, ""swfac"": 0.0, ""nstres"": 0.0}",0.0,0.0,0.0,0.0,0.0,0.0,,0.0,75.0,0.0,225.0,55.198046875,55.198046875,Leave_One_experiments/all_year_offline_schedule_search/daily_outputs/SYA/SYA_2008_SYA2008_normal_grid_S0019_daily.csv
SYA,SYA,Shenyang,2008,Leave_One_experiments\wth_generated_qc\SYA\SYA2008.WTH,wet_year;nitrogen_stress_year;low_response_year,wet,SYA2008_normal_grid_S0019,pareto_balanced,2008-04-21,112,2,2,"{""sim_day"": 2.0, ""doy"": 112.0, ""topwt"": 0.0, ""grnwt"": 0.0, ""xlai"": 0.0, ""totir"": 0.0, ""tofer"": NaN, ""swfac"": 0.0, ""nstres"": 0.0}",0.0,0.0,0.0,0.0,0.0,0.0,,0.0,0.0,0.0,225.0,55.198046875,55.198046875,Leave_One_experiments/all_year_offline_schedule_search/daily_outputs/SYA/SYA_2008_SYA2008_normal_grid_S0019_daily.csv
SYA,SYA,Shenyang,2008,Leave_One_experiments\wth_generated_qc\SYA\SYA2008.WTH,wet_year;nitrogen_stress_year;low_response_year,wet,SYA2008_normal_grid_S0019,pareto_balanced,2008-04-22,113,3,3,"{""sim_day"": 3.0, ""doy"": 113.0, ""topwt"": 0.0, ""grnwt"": 0.0, ""xlai"": 0.0, ""totir"": 0.0, ""tofer"": NaN, ""swfac"": 0.0, ""nstres"": 0.0}",0.0,0.0,0.0,0.0,0.0,0.0,,0.0,0.0,0.0,225.0,55.198046875,55.198046875,Leave_One_experiments/all_year_offline_schedule_search/daily_outputs/SYA/SYA_2008_SYA2008_normal_grid_S0019_daily.csv
SYA,SYA,Shenyang,2008,Leave_One_experiments\wth_generated_qc\SYA\SYA2008.WTH,wet_year;nitrogen_stress_year;low_response_year,wet,SYA2008_normal_grid_S0019,pareto_balanced,2008-04-23,114,4,4,"{""sim_day"": 4.0, ""doy"": 114.0, ""topwt"": 0.0, ""grnwt"": 0.0, ""xlai"": 0.0, ""totir"": 0.0, ""tofer"": NaN, ""swfac"": 0.0, ""nstres"": 0.0}",0.0,0.0,0.0,0.0,0.0,0.0,,0.0,0.0,0.0,225.0,55.198046875,55.198046875,Leave_One_experiments/all_year_offline_schedule_search/daily_outputs/SYA/SYA_2008_SYA2008_normal_grid_S0019_daily.csv
SYA,SYA,Shenyang,2008,Leave_One_experiments\wth_generated_qc\SYA\SYA2008.WTH,wet_year;nitrogen_stress_year;low_response_year,wet,SYA2008_normal_grid_S0019,pareto_balanced,2008-04-24,115,5,5,"{""sim_day"": 5.0, ""doy"": 115.0, ""topwt"": 0.0, ""grnwt"": 0.0, ""xlai"": 0.0, ""totir"": 0.0, ""tofer"": NaN, ""swfac"": 0.0, ""nstres"": 0.0}",0.0,0.0,0.0,0.0,0.0,0.0,,0.0,0.0,0.0,225.0,55.198046875,55.198046875,Leave_One_experiments/all_year_offline_schedule_search/daily_outputs/SYA/SYA_2008_SYA2008_normal_grid_S0019_daily.csv
SYA,SYA,Shenyang,2008,Leave_One_experiments\wth_generated_qc\SYA\SYA2008.WTH,wet_year;nitrogen_stress_year;low_response_year,wet,SYA2008_normal_grid_S0019,pareto_balanced,2008-04-20,111,6,1,"{""sim_day"": 6.0, ""doy"": 111.0, ""topwt"": 0.0, ""grnwt"": 0.0, ""xlai"": 0.0, ""totir"": 0.0, ""tofer"": NaN, ""swfac"": 0.0, ""nstres"": 0.0}",0.0,0.0,0.0,0.0,0.0,0.0,,0.0,0.0,0.0,225.0,55.198046875,55.198046875,Leave_One_experiments/all_year_offline_schedule_search/daily_outputs/SYA/SYA_2008_SYA2008_normal_grid_S0019_daily.csv
SYA,SYA,Shenyang,2008,Leave_One_experiments\wth_generated_qc\SYA\SYA2008.WTH,wet_year;nitrogen_stress_year;low_response_year,wet,SYA2008_normal_grid_S0019,pareto_balanced,2008-04-21,112,7,2,"{""sim_day"": 7.0, ""doy"": 112.0, ""topwt"": 0.0, ""grnwt"": 0.0, ""xlai"": 0.0, ""totir"": 0.0, ""tofer"": NaN, ""swfac"": 0.0, ""nstres"": 0.0}",0.0,0.0,0.0,0.0,0.0,0.0,,0.0,0.0,0.0,225.0,55.198046875,55.198046875,Leave_One_experiments/all_year_offline_schedule_search/daily_outputs/SYA/SYA_2008_SYA2008_normal_grid_S0019_daily.csv
SYA,SYA,Shenyang,2008,Leave_One_experiments\wth_generated_qc\SYA\SYA2008.WTH,wet_year;nitrogen_stress_year;low_response_year,wet,SYA2008_normal_grid_S0019,pareto_balanced,2008-04-22,113,8,3,"{""sim_day"": 8.0, ""doy"": 113.0, ""topwt"": 0.0, ""grnwt"": 0.0, ""xlai"": 0.0, ""totir"": 0.0, ""tofer"": NaN, ""swfac"": 0.0, ""nstres"": 0.0}",0.0,0.0,0.0,0.0,0.0,0.0,,0.0,0.0,0.0,225.0,55.198046875,55.198046875,Leave_One_experiments/all_year_offline_schedule_search/daily_outputs/SYA/SYA_2008_SYA2008_normal_grid_S0019_daily.csv
SYA,SYA,Shenyang,2008,Leave_One_experiments\wth_generated_qc\SYA\SYA2008.WTH,wet_year;nitrogen_stress_year;low_response_year,wet,SYA2008_normal_grid_S0019,pareto_balanced,2008-04-23,114,9,4,"{""sim_day"": 9.0, ""doy"": 114.0, ""topwt"": 0.0, ""grnwt"": 0.0, ""xlai"": 0.0, ""totir"": 0.0, ""tofer"": NaN, ""swfac"": 0.0, ""nstres"": 0.0}",0.0,0.0,0.0,0.0,0.0,0.0,,0.0,0.0,0.0,225.0,55.198046875,55.198046875,Leave_One_experiments/all_year_offline_schedule_search/daily_outputs/SYA/SYA_2008_SYA2008_normal_grid_S0019_daily.csv
SYA,SYA,Shenyang,2008,Leave_One_experiments\wth_generated_qc\SYA\SYA2008.WTH,wet_year;nitrogen_stress_year;low_response_year,wet,SYA2008_normal_grid_S0019,pareto_balanced,2008-04-24,115,10,5,"{""sim_day"": 10.0, ""doy"": 115.0, ""topwt"": 0.0, ""grnwt"": 0.0, ""xlai"": 0.0, ""totir"": 0.0, ""tofer"": NaN, ""swfac"": 0.0, ""nstres"": 0.0}",0.0,0.0,0.0,0.0,0.0,0.0,,0.0,0.0,0.0,225.0,55.198046875,55.198046875,Leave_One_experiments/all_year_offline_schedule_search/daily_outputs/SYA/SYA_2008_SYA2008_normal_grid_S0019_daily.csv
SYA,SYA,Shenyang,2008,Leave_One_experiments\wth_generated_qc\SYA\SYA2008.WTH,wet_year;nitrogen_stress_year;low_response_year,wet,SYA2008_normal_grid_S0019,pareto_balanced,2008-04-25,116,11,6,"{""sim_day"": 11.0, ""doy"": 116.0, ""topwt"": 0.0, ""grnwt"": 0.0, ""xlai"": 0.0, ""totir"": 0.0, ""tofer"": NaN, ""swfac"": 0.0, ""nstres"": 0.0}",0.0,0.0,0.0,0.0,0.0,0.0,,0.0,0.0,0.0,225.0,55.198046875,55.198046875,Leave_One_experiments/all_year_offline_schedule_search/daily_outputs/SYA/SYA_2008_SYA2008_normal_grid_S0019_daily.csv
SYA,SYA,Shenyang,2008,Leave_One_experiments\wth_generated_qc\SYA\SYA2008.WTH,wet_year;nitrogen_stress_year;low_response_year,wet,SYA2008_normal_grid_S0019,pareto_balanced,2008-04-26,117,12,7,"{""sim_day"": 12.0, ""doy"": 117.0, ""topwt"": 0.0, ""grnwt"": 0.0, ""xlai"": 0.0, ""totir"": 0.0, ""tofer"": NaN, ""swfac"": 0.0, ""nstres"": 0.0}",0.0,0.0,0.0,0.0,0.0,0.0,,0.0,0.0,0.0,225.0,55.198046875,55.198046875,Leave_One_experiments/all_year_offline_schedule_search/daily_outputs/SYA/SYA_2008_SYA2008_normal_grid_S0019_daily.csv
SYA,SYA,Shenyang,2008,Leave_One_experiments\wth_generated_qc\SYA\SYA2008.WTH,wet_year;nitrogen_stress_year;low_response_year,wet,SYA2008_normal_grid_S0019,pareto_balanced,2008-04-27,118,13,8,"{""sim_day"": 13.0, ""doy"": 118.0, ""topwt"": 0.0, ""grnwt"": 0.0, ""xlai"": 0.0, ""totir"": 0.0, ""tofer"": NaN, ""swfac"": 0.0, ""nstres"": 0.0}",0.0,0.0,0.0,0.0,0.0,0.0,,0.0,0.0,0.0,225.0,55.198046875,55.198046875,Leave_One_experiments/all_year_offline_schedule_search/daily_outputs/SYA/SYA_2008_SYA2008_normal_grid_S0019_daily.csv
SYA,SYA,Shenyang,2008,Leave_One_experiments\wth_generated_qc\SYA\SYA2008.WTH,wet_year;nitrogen_stress_year;low_response_year,wet,SYA2008_normal_grid_S0019,pareto_balanced,2008-04-28,119,14,9,"{""sim_day"": 14.0, ""doy"": 119.0, ""topwt"": 0.0, ""grnwt"": 0.0, ""xlai"": 0.0, ""totir"": 0.0, ""tofer"": NaN, ""swfac"": 0.0, ""nstres"": 0.0}",0.0,0.0,0.0,0.0,0.0,0.0,,0.0,0.0,0.0,225.0,55.198046875,55.198046875,Leave_One_experiments/all_year_offline_schedule_search/daily_outputs/SYA/SYA_2008_SYA2008_normal_grid_S0019_daily.csv
SYA,SYA,Shenyang,2008,Leave_One_experiments\wth_generated_qc\SYA\SYA2008.WTH,wet_year;nitrogen_stress_year;low_response_year,wet,SYA2008_normal_grid_S0019,pareto_balanced,2008-04-29,120,15,10,"{""sim_day"": 15.0, ""doy"": 120.0, ""topwt"": 0.0, ""grnwt"": 0.0, ""xlai"": 0.0, ""totir"": 0.0, ""tofer"": NaN, ""swfac"": 0.0, ""nstres"": 0.0}",0.0,0.0,0.0,0.0,0.0,0.0,,0.0,0.0,0.0,225.0,55.198046875,55.198046875,Leave_One_experiments/all_year_offline_schedule_search/daily_outputs/SYA/SYA_2008_SYA2008_normal_grid_S0019_daily.csv
SYA,SYA,Shenyang,2008,Leave_One_experiments\wth_generated_qc\SYA\SYA2008.WTH,wet_year;nitrogen_stress_year;low_response_year,wet,SYA2008_normal_grid_S0019,pareto_balanced,2008-04-30,121,16,11,"{""sim_day"": 16.0, ""doy"": 121.0, ""topwt"": 0.0, ""grnwt"": 0.0, ""xlai"": 0.0, ""totir"": 0.0, ""tofer"": NaN, ""swfac"": 0.0, ""nstres"": 0.0}",0.0,0.0,0.0,0.0,0.0,0.0,,0.0,0.0,0.0,225.0,55.198046875,55.198046875,Leave_One_experiments/all_year_offline_schedule_search/daily_outputs/SYA/SYA_2008_SYA2008_normal_grid_S0019_daily.csv
SYA,SYA,Shenyang,2008,Leave_One_experiments\wth_generated_qc\SYA\SYA2008.WTH,wet_year;nitrogen_stress_year;low_response_year,wet,SYA2008_normal_grid_S0019,pareto_balanced,2008-05-01,122,17,12,"{""sim_day"": 17.0, ""doy"": 122.0, ""topwt"": 0.0, ""grnwt"": 0.0, ""xlai"": 0.0, ""totir"": 0.0, ""tofer"": NaN, ""swfac"": 0.0, ""nstres"": 0.0}",0.0,0.0,0.0,0.0,0.0,0.0,,0.0,0.0,0.0,225.0,55.198046875,55.198046875,Leave_One_experiments/all_year_offline_schedule_search/daily_outputs/SYA/SYA_2008_SYA2008_normal_grid_S0019_daily.csv
SYA,SYA,Shenyang,2008,Leave_One_experiments\wth_generated_qc\SYA\SYA2008.WTH,wet_year;nitrogen_stress_year;low_response_year,wet,SYA2008_normal_grid_S0019,pareto_balanced,2008-05-02,123,18,13,"{""sim_day"": 18.0, ""doy"": 123.0, ""topwt"": 0.0, ""grnwt"": 0.0, ""xlai"": 0.0, ""totir"": 0.0, ""tofer"": NaN, ""swfac"": 0.0, ""nstres"": 0.0}",0.0,0.0,0.0,0.0,0.0,0.0,,0.0,0.0,0.0,225.0,55.198046875,55.198046875,Leave_One_experiments/all_year_offline_schedule_search/daily_outputs/SYA/SYA_2008_SYA2008_normal_grid_S0019_daily.csv
SYA,SYA,Shenyang,2008,Leave_One_experiments\wth_generated_qc\SYA\SYA2008.WTH,wet_year;nitrogen_stress_year;low_response_year,wet,SYA2008_normal_grid_S0019,pareto_balanced,2008-05-03,124,19,14,"{""sim_day"": 19.0, ""doy"": 124.0, ""topwt"": 17.600001096725464, ""grnwt"": 0.0, ""xlai"": 0.0011054778005927, ""totir"": 0.0, ""tofer"": NaN, ""swfac"": 0.0, ""nstres"": 0.0121910572052001}",0.0,0.0121910572052001,17.600001096725464,0.0,0.0011054778005927,0.0,,0.0,0.0,0.0,225.0,55.198046875,55.198046875,Leave_One_experiments/all_year_offline_schedule_search/daily_outputs/SYA/SYA_2008_SYA2008_normal_grid_S0019_daily.csv
SYA,SYA,Shenyang,2008,Leave_One_experiments\wth_generated_qc\SYA\SYA2008.WTH,wet_year;nitrogen_stress_year;low_response_year,wet,SYA2008_normal_grid_S0019,pareto_balanced,2008-05-04,125,20,15,"{""sim_day"": 20.0, ""doy"": 125.0, ""topwt"": 17.600001096725464, ""grnwt"": 0.0, ""xlai"": 0.0020920152310281, ""totir"": 0.0, ""tofer"": NaN, ""swfac"": 0.0, ""nstres"": 0.0155877470970153}",0.0,0.0155877470970153,17.600001096725464,0.0,0.0020920152310281,0.0,,0.0,0.0,0.0,225.0,55.198046875,55.198046875,Leave_One_experiments/all_year_offline_schedule_search/daily_outputs/SYA/SYA_2008_SYA2008_normal_grid_S0019_daily.csv
SYA,SYA,Shenyang,2008,Leave_One_experiments\wth_generated_qc\SYA\SYA2008.WTH,wet_year;nitrogen_stress_year;low_response_year,wet,SYA2008_normal_grid_S0019,pareto_balanced,2008-05-05,126,21,16,"{""sim_day"": 21.0, ""doy"": 126.0, ""topwt"": 17.600001096725464, ""grnwt"": 0.0, ""xlai"": 0.0034288757015019, ""totir"": 0.0, ""tofer"": NaN, ""swfac"": 0.0, ""nstres"": 0.0114073753356933}",0.0,0.0114073753356933,17.600001096725464,0.0,0.0034288757015019,0.0,,0.0,0.0,0.0,225.0,55.198046875,55.198046875,Leave_One_experiments/all_year_offline_schedule_search/daily_outputs/SYA/SYA_2008_SYA2008_normal_grid_S0019_daily.csv
SYA,SYA,Shenyang,2008,Leave_One_experiments\wth_generated_qc\SYA\SYA2008.WTH,wet_year;nitrogen_stress_year;low_response_year,wet,SYA2008_normal_grid_S0019,pareto_balanced,2008-05-06,127,22,17,"{""sim_day"": 22.0, ""doy"": 127.0, ""topwt"": 17.600001096725464, ""grnwt"": 0.0, ""xlai"": 0.0048212162218987, ""totir"": 0.0, ""tofer"": NaN, ""swfac"": 0.0, ""nstres"": 0.0074214935302734}",0.0,0.0074214935302734,17.600001096725464,0.0,0.0048212162218987,0.0,,0.0,0.0,0.0,225.0,55.198046875,55.198046875,Leave_One_experiments/all_year_offline_schedule_search/daily_outputs/SYA/SYA_2008_SYA2008_normal_grid_S0019_daily.csv
SYA,SYA,Shenyang,2008,Leave_One_experiments\wth_generated_qc\SYA\SYA2008.WTH,wet_year;nitrogen_stress_year;low_response_year,wet,SYA2008_normal_grid_S0019,pareto_balanced,2008-05-07,128,23,18,"{""sim_day"": 23.0, ""doy"": 128.0, ""topwt"": 17.600001096725464, ""grnwt"": 0.0, ""xlai"": 0.006046462804079, ""totir"": 0.0, ""tofer"": NaN, ""swfac"": 0.0, ""nstres"": 0.0041015148162841}",0.0,0.0041015148162841,17.600001096725464,0.0,0.006046462804079,0.0,,0.0,0.0,0.0,225.0,55.198046875,55.198046875,Leave_One_experiments/all_year_offline_schedule_search/daily_outputs/SYA/SYA_2008_SYA2008_normal_grid_S0019_daily.csv
SYA,SYA,Shenyang,2008,Leave_One_experiments\wth_generated_qc\SYA\SYA2008.WTH,wet_year;nitrogen_stress_year;low_response_year,wet,SYA2008_normal_grid_S0019,pareto_balanced,2008-05-08,129,24,19,"{""sim_day"": 24.0, ""doy"": 129.0, ""topwt"": 17.600001096725464, ""grnwt"": 0.0, ""xlai"": 0.0072028553113341, ""totir"": 0.0, ""tofer"": NaN, ""swfac"": 0.0, ""nstres"": 0.000999093055725}",0.0,0.000999093055725,17.600001096725464,0.0,0.0072028553113341,0.0,,0.0,0.0,0.0,225.0,55.198046875,55.198046875,Leave_One_experiments/all_year_offline_schedule_search/daily_outputs/SYA/SYA_2008_SYA2008_normal_grid_S0019_daily.csv
SYA,SYA,Shenyang,2008,Leave_One_experiments\wth_generated_qc\SYA\SYA2008.WTH,wet_year;nitrogen_stress_year;low_response_year,wet,SYA2008_normal_grid_S0019,pareto_balanced,2008-05-09,130,25,20,"{""sim_day"": 25.0, ""doy"": 130.0, ""topwt"": 17.600001096725464, ""grnwt"": 0.0, ""xlai"": 0.0083468118682503, ""totir"": 0.0, ""tofer"": NaN, ""swfac"": 0.0, ""nstres"": 0.0}",0.0,0.0,17.600001096725464,0.0,0.0083468118682503,0.0,,0.0,0.0,0.0,225.0,55.198046875,55.198046875,Leave_One_experiments/all_year_offline_schedule_search/daily_outputs/SYA/SYA_2008_SYA2008_normal_grid_S0019_daily.csv
SYA,SYA,Shenyang,2008,Leave_One_experiments\wth_generated_qc\SYA\SYA2008.WTH,wet_year;nitrogen_stress_year;low_response_year,wet,SYA2008_normal_grid_S0019,pareto_balanced,2008-05-10,131,26,21,"{""sim_day"": 26.0, ""doy"": 131.0, ""topwt"": 17.600001096725464, ""grnwt"": 0.0, ""xlai"": 0.0092357220128178, ""totir"": 0.0, ""tofer"": NaN, ""swfac"": 0.0, ""nstres"": 0.0}",0.0,0.0,17.600001096725464,0.0,0.0092357220128178,0.0,,0.0,0.0,0.0,225.0,55.198046875,55.198046875,Leave_One_experiments/all_year_offline_schedule_search/daily_outputs/SYA/SYA_2008_SYA2008_normal_grid_S0019_daily.csv
SYA,SYA,Shenyang,2008,Leave_One_experiments\wth_generated_qc\SYA\SYA2008.WTH,wet_year;nitrogen_stress_year;low_response_year,wet,SYA2008_normal_grid_S0019,pareto_balanced,2008-05-11,132,27,22,"{""sim_day"": 27.0, ""doy"": 132.0, ""topwt"": 17.600001096725464, ""grnwt"": 0.0, ""xlai"": 0.0101149026304483, ""totir"": 0.0, ""tofer"": NaN, ""swfac"": 0.0, ""nstres"": 0.0}",0.0,0.0,17.600001096725464,0.0,0.0101149026304483,0.0,,0.0,0.0,0.0,225.0,55.198046875,55.198046875,Leave_One_experiments/all_year_offline_schedule_search/daily_outputs/SYA/SYA_2008_SYA2008_normal_grid_S0019_daily.csv
SYA,SYA,Shenyang,2008,Leave_One_experiments\wth_generated_qc\SYA\SYA2008.WTH,wet_year;nitrogen_stress_year;low_response_year,wet,SYA2008_normal_grid_S0019,pareto_balanced,2008-05-12,133,28,23,"{""sim_day"": 28.0, ""doy"": 133.0, ""topwt"": 17.600001096725464, ""grnwt"": 0.0, ""xlai"": 0.0112733300775289, ""totir"": 0.0, ""tofer"": NaN, ""swfac"": 0.0, ""nstres"": 0.0}",0.0,0.0,17.600001096725464,0.0,0.0112733300775289,0.0,,0.0,0.0,0.0,225.0,55.198046875,55.198046875,Leave_One_experiments/all_year_offline_schedule_search/daily_outputs/SYA/SYA_2008_SYA2008_normal_grid_S0019_daily.csv
SYA,SYA,Shenyang,2008,Leave_One_experiments\wth_generated_qc\SYA\SYA2008.WTH,wet_year;nitrogen_stress_year;low_response_year,wet,SYA2008_normal_grid_S0019,pareto_balanced,2008-05-13,134,29,24,"{""sim_day"": 29.0, ""doy"": 134.0, ""topwt"": 17.600001096725464, ""grnwt"": 0.0, ""xlai"": 0.0126456934958696, ""totir"": 0.0, ""tofer"": NaN, ""swfac"": 0.0, ""nstres"": 0.0}",0.0,0.0,17.600001096725464,0.0,0.0126456934958696,0.0,,0.0,0.0,0.0,225.0,55.198046875,55.198046875,Leave_One_experiments/all_year_offline_schedule_search/daily_outputs/SYA/SYA_2008_SYA2008_normal_grid_S0019_daily.csv
SYA,SYA,Shenyang,2008,Leave_One_experiments\wth_generated_qc\SYA\SYA2008.WTH,wet_year;nitrogen_stress_year;low_response_year,wet,SYA2008_normal_grid_S0019,pareto_balanced,2008-05-14,135,30,25,"{""sim_day"": 30.0, ""doy"": 135.0, ""topwt"": 17.600001096725464, ""grnwt"": 0.0, ""xlai"": 0.018009964376688, ""totir"": 0.0, ""tofer"": NaN, ""swfac"": 0.0, ""nstres"": 0.0}",0.0,0.0,17.600001096725464,0.0,0.018009964376688,0.0,,0.0,0.0,0.0,225.0,55.198046875,55.198046875,Leave_One_experiments/all_year_offline_schedule_search/daily_outputs/SYA/SYA_2008_SYA2008_normal_grid_S0019_daily.csv
SYA,SYA,Shenyang,2008,Leave_One_experiments\wth_generated_qc\SYA\SYA2008.WTH,wet_year;nitrogen_stress_year;low_response_year,wet,SYA2008_normal_grid_S0019,pareto_balanced,2008-05-15,136,31,26,"{""sim_day"": 31.0, ""doy"": 136.0, ""topwt"": 17.600001096725464, ""grnwt"": 0.0, ""xlai"": 0.0253021828830242, ""totir"": 0.0, ""tofer"": NaN, ""swfac"": 0.0, ""nstres"": 0.0}",0.0,0.0,17.600001096725464,0.0,0.0253021828830242,0.0,,0.0,0.0,0.0,225.0,55.198046875,55.198046875,Leave_One_experiments/all_year_offline_schedule_search/daily_outputs/SYA/SYA_2008_SYA2008_normal_grid_S0019_daily.csv
SYA,SYA,Shenyang,2008,Leave_One_experiments\wth_generated_qc\SYA\SYA2008.WTH,wet_year;nitrogen_stress_year;low_response_year,wet,SYA2008_normal_grid_S0019,pareto_balanced,2008-05-16,137,32,27,"{""sim_day"": 32.0, ""doy"": 137.0, ""topwt"": 18.024578094482425, ""grnwt"": 0.0, ""xlai"": 0.0313072651624679, ""totir"": 0.0, ""tofer"": NaN, ""swfac"": 0.0, ""nstres"": 0.0}",0.0,0.0,18.024578094482425,0.0,0.0313072651624679,0.0,,0.0,0.0,0.0,225.0,55.198046875,55.198046875,Leave_One_experiments/all_year_offline_schedule_search/daily_outputs/SYA/SYA_2008_SYA2008_normal_grid_S0019_daily.csv
SYA,SYA,Shenyang,2008,Leave_One_experiments\wth_generated_qc\SYA\SYA2008.WTH,wet_year;nitrogen_stress_year;low_response_year,wet,SYA2008_normal_grid_S0019,pareto_balanced,2008-05-17,138,33,28,"{""sim_day"": 33.0, ""doy"": 138.0, ""topwt"": 20.03047466278076, ""grnwt"": 0.0, ""xlai"": 0.036619734019041, ""totir"": 0.0, ""tofer"": NaN, ""swfac"": 0.0, ""nstres"": 0.0}",0.0,0.0,20.03047466278076,0.0,0.036619734019041,0.0,,0.0,0.0,0.0,225.0,55.198046875,55.198046875,Leave_One_experiments/all_year_offline_schedule_search/daily_outputs/SYA/SYA_2008_SYA2008_normal_grid_S0019_daily.csv
SYA,SYA,Shenyang,2008,Leave_One_experiments\wth_generated_qc\SYA\SYA2008.WTH,wet_year;nitrogen_stress_year;low_response_year,wet,SYA2008_normal_grid_S0019,pareto_balanced,2008-05-18,139,34,29,"{""sim_day"": 34.0, ""doy"": 139.0, ""topwt"": 21.117520332336422, ""grnwt"": 0.0, ""xlai"": 0.0394154675304889, ""totir"": 0.0, ""tofer"": NaN, ""swfac"": 0.0, ""nstres"": 0.0}",0.0,0.0,21.117520332336422,0.0,0.0394154675304889,0.0,,0.0,0.0,0.0,225.0,55.198046875,55.198046875,Leave_One_experiments/all_year_offline_schedule_search/daily_outputs/SYA/SYA_2008_SYA2008_normal_grid_S0019_daily.csv
SYA,SYA,Shenyang,2008,Leave_One_experiments\wth_generated_qc\SYA\SYA2008.WTH,wet_year;nitrogen_stress_year;low_response_year,wet,SYA2008_normal_grid_S0019,pareto_balanced,2008-05-19,140,35,30,"{""sim_day"": 35.0, ""doy"": 140.0, ""topwt"": 24.44208860397339, ""grnwt"": 0.0, ""xlai"": 0.0476735010743141, ""totir"": 0.0, ""tofer"": NaN, ""swfac"": 0.0, ""nstres"": 0.0}",0.0,0.0,24.44208860397339,0.0,0.0476735010743141,0.0,,0.0,75.0,0.0,225.0,55.198046875,55.198046875,Leave_One_experiments/all_year_offline_schedule_search/daily_outputs/SYA/SYA_2008_SYA2008_normal_grid_S0019_daily.csv
SYA,SYA,Shenyang,2008,Leave_One_experiments\wth_generated_qc\SYA\SYA2008.WTH,wet_year;nitrogen_stress_year;low_response_year,wet,SYA2008_normal_grid_S0019,pareto_balanced,2008-05-20,141,36,31,"{""sim_day"": 36.0, ""doy"": 141.0, ""topwt"": 27.2324538230896, ""grnwt"": 0.0, ""xlai"": 0.0543246194720268, ""totir"": 0.0, ""tofer"": NaN, ""swfac"": 0.0, ""nstres"": 0.0}",0.0,0.0,27.2324538230896,0.0,0.0543246194720268,0.0,,0.0,0.0,0.0,225.0,55.198046875,55.198046875,Leave_One_experiments/all_year_offline_schedule_search/daily_outputs/SYA/SYA_2008_SYA2008_normal_grid_S0019_daily.csv
SYA,SYA,Shenyang,2008,Leave_One_experiments\wth_generated_qc\SYA\SYA2008.WTH,wet_year;nitrogen_stress_year;low_response_year,wet,SYA2008_normal_grid_S0019,pareto_balanced,2008-05-21,142,37,32,"{""sim_day"": 37.0, ""doy"": 142.0, ""topwt"": 30.76852321624756, ""grnwt"": 0.0, ""xlai"": 0.0624613761901855, ""totir"": 0.0, ""tofer"": NaN, ""swfac"": 0.0, ""nstres"": 0.0}",0.0,0.0,30.76852321624756,0.0,0.0624613761901855,0.0,,0.0,0.0,0.0,225.0,55.198046875,55.198046875,Leave_One_experiments/all_year_offline_schedule_search/daily_outputs/SYA/SYA_2008_SYA2008_normal_grid_S0019_daily.csv
SYA,SYA,Shenyang,2008,Leave_One_experiments\wth_generated_qc\SYA\SYA2008.WTH,wet_year;nitrogen_stress_year;low_response_year,wet,SYA2008_normal_grid_S0019,pareto_balanced,2008-05-22,143,38,33,"{""sim_day"": 38.0, ""doy"": 143.0, ""topwt"": 36.35301113128662, ""grnwt"": 0.0, ""xlai"": 0.0747821182012558, ""totir"": 0.0, ""tofer"": NaN, ""swfac"": 0.0, ""nstres"": 0.0}",0.0,0.0,36.35301113128662,0.0,0.0747821182012558,0.0,,0.0,0.0,0.0,225.0,55.198046875,55.198046875,Leave_One_experiments/all_year_offline_schedule_search/daily_outputs/SYA/SYA_2008_SYA2008_normal_grid_S0019_daily.csv
SYA,SYA,Shenyang,2008,Leave_One_experiments\wth_generated_qc\SYA\SYA2008.WTH,wet_year;nitrogen_stress_year;low_response_year,wet,SYA2008_normal_grid_S0019,pareto_balanced,2008-05-23,144,39,34,"{""sim_day"": 39.0, ""doy"": 144.0, ""topwt"": 42.32395648956299, ""grnwt"": 0.0, ""xlai"": 0.0873899906873703, ""totir"": 0.0, ""tofer"": NaN, ""swfac"": 0.0, ""nstres"": 0.0}",0.0,0.0,42.32395648956299,0.0,0.0873899906873703,0.0,,0.0,0.0,0.0,225.0,55.198046875,55.198046875,Leave_One_experiments/all_year_offline_schedule_search/daily_outputs/SYA/SYA_2008_SYA2008_normal_grid_S0019_daily.csv
SYA,SYA,Shenyang,2008,Leave_One_experiments\wth_generated_qc\SYA\SYA2008.WTH,wet_year;nitrogen_stress_year;low_response_year,wet,SYA2008_normal_grid_S0019,pareto_balanced,2008-05-24,145,40,35,"{""sim_day"": 40.0, ""doy"": 145.0, ""topwt"": 50.120062828063965, ""grnwt"": 0.0, ""xlai"": 0.1031675785779953, ""totir"": 0.0, ""tofer"": NaN, ""swfac"": 0.0, ""nstres"": 0.0}",0.0,0.0,50.120062828063965,0.0,0.1031675785779953,0.0,,0.0,0.0,0.0,225.0,55.198046875,55.198046875,Leave_One_experiments/all_year_offline_schedule_search/daily_outputs/SYA/SYA_2008_SYA2008_normal_grid_S0019_daily.csv
SYA,SYA,Shenyang,2008,Leave_One_experiments\wth_generated_qc\SYA\SYA2008.WTH,wet_year;nitrogen_stress_year;low_response_year,wet,SYA2008_normal_grid_S0019,pareto_balanced,2008-05-25,146,41,36,"{""sim_day"": 41.0, ""doy"": 146.0, ""topwt"": 57.21459865570069, ""grnwt"": 0.0, ""xlai"": 0.1169859617948532, ""totir"": 0.0, ""tofer"": NaN, ""swfac"": 0.0, ""nstres"": 0.0}",0.0,0.0,57.21459865570069,0.0,0.1169859617948532,0.0,,0.0,0.0,0.0,225.0,55.198046875,55.198046875,Leave_One_experiments/all_year_offline_schedule_search/daily_outputs/SYA/SYA_2008_SYA2008_normal_grid_S0019_daily.csv
SYA,SYA,Shenyang,2008,Leave_One_experiments\wth_generated_qc\SYA\SYA2008.WTH,wet_year;nitrogen_stress_year;low_response_year,wet,SYA2008_normal_grid_S0019,pareto_balanced,2008-05-26,147,42,37,"{""sim_day"": 42.0, ""doy"": 147.0, ""topwt"": 64.52086448669434, ""grnwt"": 0.0, ""xlai"": 0.1307773292064666, ""totir"": 0.0, ""tofer"": NaN, ""swfac"": 0.0, ""nstres"": 0.0}",0.0,0.0,64.52086448669434,0.0,0.1307773292064666,0.0,,0.0,0.0,0.0,225.0,55.198046875,55.198046875,Leave_One_experiments/all_year_offline_schedule_search/daily_outputs/SYA/SYA_2008_SYA2008_normal_grid_S0019_daily.csv
SYA,SYA,Shenyang,2008,Leave_One_experiments\wth_generated_qc\SYA\SYA2008.WTH,wet_year;nitrogen_stress_year;low_response_year,wet,SYA2008_normal_grid_S0019,pareto_balanced,2008-05-27,148,43,38,"{""sim_day"": 43.0, ""doy"": 148.0, ""topwt"": 73.07748794555664, ""grnwt"": 0.0, ""xlai"": 0.1464536637067794, ""totir"": 0.0, ""tofer"": NaN, ""swfac"": 0.0, ""nstres"": 0.0}",0.0,0.0,73.07748794555664,0.0,0.1464536637067794,0.0,,0.0,0.0,0.0,225.0,55.198046875,55.198046875,Leave_One_experiments/all_year_offline_schedule_search/daily_outputs/SYA/SYA_2008_SYA2008_normal_grid_S0019_daily.csv
SYA,SYA,Shenyang,2008,Leave_One_experiments\wth_generated_qc\SYA\SYA2008.WTH,wet_year;nitrogen_stress_year;low_response_year,wet,SYA2008_normal_grid_S0019,pareto_balanced,2008-05-28,149,44,39,"{""sim_day"": 44.0, ""doy"": 149.0, ""topwt"": 76.08709812164307, ""grnwt"": 0.0, ""xlai"": 0.1621854603290558, ""totir"": 0.0, ""tofer"": NaN, ""swfac"": 0.0, ""nstres"": 0.0}",0.0,0.0,76.08709812164307,0.0,0.1621854603290558,0.0,,0.0,0.0,0.0,225.0,55.198046875,55.198046875,Leave_One_experiments/all_year_offline_schedule_search/daily_outputs/SYA/SYA_2008_SYA2008_normal_grid_S0019_daily.csv
SYA,SYA,Shenyang,2008,Leave_One_experiments\wth_generated_qc\SYA\SYA2008.WTH,wet_year;nitrogen_stress_year;low_response_year,wet,SYA2008_normal_grid_S0019,pareto_balanced,2008-05-29,150,45,40,"{""sim_day"": 45.0, ""doy"": 150.0, ""topwt"": 84.63672637939453, ""grnwt"": 0.0, ""xlai"": 0.1783020496368408, ""totir"": 0.0, ""tofer"": NaN, ""swfac"": 0.0, ""nstres"": 0.0034133195877075}",0.0,0.0034133195877075,84.63672637939453,0.0,0.1783020496368408,0.0,,0.0,0.0,0.0,225.0,55.198046875,55.198046875,Leave_One_experiments/all_year_offline_schedule_search/daily_outputs/SYA/SYA_2008_SYA2008_normal_grid_S0019_daily.csv
SYA,SYA,Shenyang,2008,Leave_One_experiments\wth_generated_qc\SYA\SYA2008.WTH,wet_year;nitrogen_stress_year;low_response_year,wet,SYA2008_normal_grid_S0019,pareto_balanced,2008-05-30,151,46,41,"{""sim_day"": 46.0, ""doy"": 151.0, ""topwt"": 96.04207992553712, ""grnwt"": 0.0, ""xlai"": 0.1992263048887252, ""totir"": 0.0, ""tofer"": NaN, ""swfac"": 0.0, ""nstres"": 0.0}",0.0,0.0,96.04207992553712,0.0,0.1992263048887252,0.0,,0.0,0.0,0.0,225.0,55.198046875,55.198046875,Leave_One_experiments/all_year_offline_schedule_search/daily_outputs/SYA/SYA_2008_SYA2008_normal_grid_S0019_daily.csv
SYA,SYA,Shenyang,2008,Leave_One_experiments\wth_generated_qc\SYA\SYA2008.WTH,wet_year;nitrogen_stress_year;low_response_year,wet,SYA2008_normal_grid_S0019,pareto_balanced,2008-05-31,152,47,42,"{""sim_day"": 47.0, ""doy"": 152.0, ""topwt"": 106.55636787414552, ""grnwt"": 0.0, ""xlai"": 0.2180119603872299, ""totir"": 0.0, ""tofer"": NaN, ""swfac"": 0.0, ""nstres"": 0.0}",0.0,0.0,106.55636787414552,0.0,0.2180119603872299,0.0,,0.0,0.0,0.0,225.0,55.198046875,55.198046875,Leave_One_experiments/all_year_offline_schedule_search/daily_outputs/SYA/SYA_2008_SYA2008_normal_grid_S0019_daily.csv
SYA,SYA,Shenyang,2008,Leave_One_experiments\wth_generated_qc\SYA\SYA2008.WTH,wet_year;nitrogen_stress_year;low_response_year,wet,SYA2008_normal_grid_S0019,pareto_balanced,2008-06-01,153,48,43,"{""sim_day"": 48.0, ""doy"": 153.0, ""topwt"": 114.25148963928224, ""grnwt"": 0.0, ""xlai"": 0.2314868122339248, ""totir"": 0.0, ""tofer"": NaN, ""swfac"": 0.0, ""nstres"": 0.0}",0.0,0.0,114.25148963928224,0.0,0.2314868122339248,0.0,,0.0,0.0,0.0,225.0,55.198046875,55.198046875,Leave_One_experiments/all_year_offline_schedule_search/daily_outputs/SYA/SYA_2008_SYA2008_normal_grid_S0019_daily.csv
SYA,SYA,Shenyang,2008,Leave_One_experiments\wth_generated_qc\SYA\SYA2008.WTH,wet_year;nitrogen_stress_year;low_response_year,wet,SYA2008_normal_grid_S0019,pareto_balanced,2008-06-02,154,49,44,"{""sim_day"": 49.0, ""doy"": 154.0, ""topwt"": 126.90252304077148, ""grnwt"": 0.0, ""xlai"": 0.2532019913196563, ""totir"": 0.0, ""tofer"": NaN, ""swfac"": 0.0, ""nstres"": 0.0}",0.0,0.0,126.90252304077148,0.0,0.2532019913196563,0.0,,0.0,0.0,0.0,225.0,55.198046875,55.198046875,Leave_One_experiments/all_year_offline_schedule_search/daily_outputs/SYA/SYA_2008_SYA2008_normal_grid_S0019_daily.csv
SYA,SYA,Shenyang,2008,Leave_One_experiments\wth_generated_qc\SYA\SYA2008.WTH,wet_year;nitrogen_stress_year;low_response_year,wet,SYA2008_normal_grid_S0019,pareto_balanced,2008-06-03,155,50,45,"{""sim_day"": 50.0, ""doy"": 155.0, ""topwt"": 138.93884658813477, ""grnwt"": 0.0, ""xlai"": 0.273355633020401, ""totir"": 0.0, ""tofer"": NaN, ""swfac"": 0.0, ""nstres"": 0.0}",0.0,0.0,138.93884658813477,0.0,0.273355633020401,0.0,,0.0,0.0,0.0,225.0,55.198046875,55.198046875,Leave_One_experiments/all_year_offline_schedule_search/daily_outputs/SYA/SYA_2008_SYA2008_normal_grid_S0019_daily.csv
SYA,SYA,Shenyang,2008,Leave_One_experiments\wth_generated_qc\SYA\SYA2008.WTH,wet_year;nitrogen_stress_year;low_response_year,wet,SYA2008_normal_grid_S0019,pareto_balanced,2008-06-04,156,51,46,"{""sim_day"": 51.0, ""doy"": 156.0, ""topwt"": 151.02060317993164, ""grnwt"": 0.0, ""xlai"": 0.2932109236717224, ""totir"": 0.0, ""tofer"": NaN, ""swfac"": 0.0, ""nstres"": 0.0}",0.0,0.0,151.02060317993164,0.0,0.2932109236717224,0.0,,0.0,0.0,0.0,225.0,55.198046875,55.198046875,Leave_One_experiments/all_year_offline_schedule_search/daily_outputs/SYA/SYA_2008_SYA2008_normal_grid_S0019_daily.csv
SYA,SYA,Shenyang,2008,Leave_One_experiments\wth_generated_qc\SYA\SYA2008.WTH,wet_year;nitrogen_stress_year;low_response_year,wet,SYA2008_normal_grid_S0019,pareto_balanced,2008-06-05,157,52,47,"{""sim_day"": 52.0, ""doy"": 157.0, ""topwt"": 172.8635215759277, ""grnwt"": 0.0, ""xlai"": 0.3282701671123504, ""totir"": 0.0, ""tofer"": NaN, ""swfac"": 0.0, ""nstres"": 0.0}",0.0,0.0,172.8635215759277,0.0,0.3282701671123504,0.0,,0.0,0.0,0.0,225.0,55.198046875,55.198046875,Leave_One_experiments/all_year_offline_schedule_search/daily_outputs/SYA/SYA_2008_SYA2008_normal_grid_S0019_daily.csv
SYA,SYA,Shenyang,2008,Leave_One_experiments\wth_generated_qc\SYA\SYA2008.WTH,wet_year;nitrogen_stress_year;low_response_year,wet,SYA2008_normal_grid_S0019,pareto_balanced,2008-06-06,158,53,48,"{""sim_day"": 53.0, ""doy"": 158.0, ""topwt"": 190.95829010009768, ""grnwt"": 0.0, ""xlai"": 0.3565554022789001, ""totir"": 0.0, ""tofer"": NaN, ""swfac"": 0.0, ""nstres"": 0.0}",0.0,0.0,190.95829010009768,0.0,0.3565554022789001,0.0,,0.0,0.0,0.0,225.0,55.198046875,55.198046875,Leave_One_experiments/all_year_offline_schedule_search/daily_outputs/SYA/SYA_2008_SYA2008_normal_grid_S0019_daily.csv
SYA,SYA,Shenyang,2008,Leave_One_experiments\wth_generated_qc\SYA\SYA2008.WTH,wet_year;nitrogen_stress_year;low_response_year,wet,SYA2008_normal_grid_S0019,pareto_balanced,2008-06-07,159,54,49,"{""sim_day"": 54.0, ""doy"": 159.0, ""topwt"": 214.0445899963379, ""grnwt"": 0.0, ""xlai"": 0.3898069858551025, ""totir"": 0.0, ""tofer"": NaN, ""swfac"": 0.0, ""nstres"": 0.0}",0.0,0.0,214.0445899963379,0.0,0.3898069858551025,0.0,,0.0,0.0,0.0,225.0,55.198046875,55.198046875,Leave_One_experiments/all_year_offline_schedule_search/daily_outputs/SYA/SYA_2008_SYA2008_normal_grid_S0019_daily.csv
SYA,SYA,Shenyang,2008,Leave_One_experiments\wth_generated_qc\SYA\SYA2008.WTH,wet_year;nitrogen_stress_year;low_response_year,wet,SYA2008_normal_grid_S0019,pareto_balanced,2008-06-08,160,55,50,"{""sim_day"": 55.0, ""doy"": 160.0, ""topwt"": 245.0789833068848, ""grnwt"": 0.0, ""xlai"": 0.4375470578670501, ""totir"": 0.0, ""tofer"": NaN, ""swfac"": 0.0, ""nstres"": 0.0}",0.0,0.0,245.0789833068848,0.0,0.4375470578670501,0.0,,0.0,0.0,0.0,225.0,55.198046875,55.198046875,Leave_One_experiments/all_year_offline_schedule_search/daily_outputs/SYA/SYA_2008_SYA2008_normal_grid_S0019_daily.csv
SYA,SYA,Shenyang,2008,Leave_One_experiments\wth_generated_qc\SYA\SYA2008.WTH,wet_year;nitrogen_stress_year;low_response_year,wet,SYA2008_normal_grid_S0019,pareto_balanced,2008-06-09,161,56,51,"{""sim_day"": 56.0, ""doy"": 161.0, ""topwt"": 279.3515014648437, ""grnwt"": 0.0, ""xlai"": 0.4884063005447387, ""totir"": 0.0, ""tofer"": NaN, ""swfac"": 0.0, ""nstres"": 0.0}",0.0,0.0,279.3515014648437,0.0,0.4884063005447387,0.0,,0.0,0.0,0.0,225.0,55.198046875,55.198046875,Leave_One_experiments/all_year_offline_schedule_search/daily_outputs/SYA/SYA_2008_SYA2008_normal_grid_S0019_daily.csv
SYA,SYA,Shenyang,2008,Leave_One_experiments\wth_generated_qc\SYA\SYA2008.WTH,wet_year;nitrogen_stress_year;low_response_year,wet,SYA2008_normal_grid_S0019,pareto_balanced,2008-06-10,162,57,52,"{""sim_day"": 57.0, ""doy"": 162.0, ""topwt"": 319.93297576904297, ""grnwt"": 0.0, ""xlai"": 0.5462580323219299, ""totir"": 0.0, ""tofer"": NaN, ""swfac"": 0.0, ""nstres"": 0.0}",0.0,0.0,319.93297576904297,0.0,0.5462580323219299,0.0,,0.0,0.0,0.0,225.0,55.198046875,55.198046875,Leave_One_experiments/all_year_offline_schedule_search/daily_outputs/SYA/SYA_2008_SYA2008_normal_grid_S0019_daily.csv
SYA,SYA,Shenyang,2008,Leave_One_experiments\wth_generated_qc\SYA\SYA2008.WTH,wet_year;nitrogen_stress_year;low_response_year,wet,SYA2008_normal_grid_S0019,pareto_balanced,2008-06-11,163,58,53,"{""sim_day"": 58.0, ""doy"": 163.0, ""topwt"": 366.29077911376953, ""grnwt"": 0.0, ""xlai"": 0.6094685196876526, ""totir"": 0.0, ""tofer"": NaN, ""swfac"": 0.0, ""nstres"": 0.0}",0.0,0.0,366.29077911376953,0.0,0.6094685196876526,0.0,,0.0,0.0,0.0,225.0,55.198046875,55.198046875,Leave_One_experiments/all_year_offline_schedule_search/daily_outputs/SYA/SYA_2008_SYA2008_normal_grid_S0019_daily.csv
SYA,SYA,Shenyang,2008,Leave_One_experiments\wth_generated_qc\SYA\SYA2008.WTH,wet_year;nitrogen_stress_year;low_response_year,wet,SYA2008_normal_grid_S0019,pareto_balanced,2008-06-12,164,59,54,"{""sim_day"": 59.0, ""doy"": 164.0, ""topwt"": 420.6679153442383, ""grnwt"": 0.0, ""xlai"": 0.6800529360771179, ""totir"": 0.0, ""tofer"": NaN, ""swfac"": 0.0, ""nstres"": 0.0}",0.0,0.0,420.6679153442383,0.0,0.6800529360771179,0.0,,0.0,0.0,0.0,225.0,55.198046875,55.198046875,Leave_One_experiments/all_year_offline_schedule_search/daily_outputs/SYA/SYA_2008_SYA2008_normal_grid_S0019_daily.csv
SYA,SYA,Shenyang,2008,Leave_One_experiments\wth_generated_qc\SYA\SYA2008.WTH,wet_year;nitrogen_stress_year;low_response_year,wet,SYA2008_normal_grid_S0019,pareto_balanced,2008-06-13,165,60,55,"{""sim_day"": 60.0, ""doy"": 165.0, ""topwt"": 472.85327911376953, ""grnwt"": 0.0, ""xlai"": 0.7446762323379517, ""totir"": 0.0, ""tofer"": NaN, ""swfac"": 0.0, ""nstres"": 0.0}",0.0,0.0,472.85327911376953,0.0,0.7446762323379517,0.0,,0.0,0.0,0.0,225.0,55.198046875,55.198046875,Leave_One_experiments/all_year_offline_schedule_search/daily_outputs/SYA/SYA_2008_SYA2008_normal_grid_S0019_daily.csv
SYA,SYA,Shenyang,2008,Leave_One_experiments\wth_generated_qc\SYA\SYA2008.WTH,wet_year;nitrogen_stress_year;low_response_year,wet,SYA2008_normal_grid_S0019,pareto_balanced,2008-06-14,166,61,56,"{""sim_day"": 61.0, ""doy"": 166.0, ""topwt"": 534.5805358886719, ""grnwt"": 0.0, ""xlai"": 0.8174152374267578, ""totir"": 0.0, ""tofer"": NaN, ""swfac"": 0.0, ""nstres"": 0.0}",0.0,0.0,534.5805358886719,0.0,0.8174152374267578,0.0,,0.0,0.0,0.0,225.0,55.198046875,55.198046875,Leave_One_experiments/all_year_offline_schedule_search/daily_outputs/SYA/SYA_2008_SYA2008_normal_grid_S0019_daily.csv
SYA,SYA,Shenyang,2008,Leave_One_experiments\wth_generated_qc\SYA\SYA2008.WTH,wet_year;nitrogen_stress_year;low_response_year,wet,SYA2008_normal_grid_S0019,pareto_balanced,2008-06-15,167,62,57,"{""sim_day"": 62.0, ""doy"": 167.0, ""topwt"": 621.8776702880859, ""grnwt"": 0.0, ""xlai"": 0.914403796195984, ""totir"": 0.0, ""tofer"": NaN, ""swfac"": 0.0, ""nstres"": 0.0}",0.0,0.0,621.8776702880859,0.0,0.914403796195984,0.0,,0.0,0.0,0.0,225.0,55.198046875,55.198046875,Leave_One_experiments/all_year_offline_schedule_search/daily_outputs/SYA/SYA_2008_SYA2008_normal_grid_S0019_daily.csv
SYA,SYA,Shenyang,2008,Leave_One_experiments\wth_generated_qc\SYA\SYA2008.WTH,wet_year;nitrogen_stress_year;low_response_year,wet,SYA2008_normal_grid_S0019,pareto_balanced,2008-06-16,168,63,58,"{""sim_day"": 63.0, ""doy"": 168.0, ""topwt"": 692.4043273925781, ""grnwt"": 0.0, ""xlai"": 0.9887422323226928, ""totir"": 0.0, ""tofer"": NaN, ""swfac"": 0.0, ""nstres"": 0.0}",0.0,0.0,692.4043273925781,0.0,0.9887422323226928,0.0,,0.0,0.0,0.0,225.0,55.198046875,55.198046875,Leave_One_experiments/all_year_offline_schedule_search/daily_outputs/SYA/SYA_2008_SYA2008_normal_grid_S0019_daily.csv
SYA,SYA,Shenyang,2008,Leave_One_experiments\wth_generated_qc\SYA\SYA2008.WTH,wet_year;nitrogen_stress_year;low_response_year,wet,SYA2008_normal_grid_S0019,pareto_balanced,2008-06-17,169,64,59,"{""sim_day"": 64.0, ""doy"": 169.0, ""topwt"": 754.2491149902344, ""grnwt"": 0.0, ""xlai"": 1.0512471199035645, ""totir"": 0.0, ""tofer"": NaN, ""swfac"": 0.0, ""nstres"": 0.0}",0.0,0.0,754.2491149902344,0.0,1.0512471199035645,0.0,,0.0,0.0,0.0,225.0,55.198046875,55.198046875,Leave_One_experiments/all_year_offline_schedule_search/daily_outputs/SYA/SYA_2008_SYA2008_normal_grid_S0019_daily.csv
SYA,SYA,Shenyang,2008,Leave_One_experiments\wth_generated_qc\SYA\SYA2008.WTH,wet_year;nitrogen_stress_year;low_response_year,wet,SYA2008_normal_grid_S0019,pareto_balanced,2008-06-18,170,65,60,"{""sim_day"": 65.0, ""doy"": 170.0, ""topwt"": 833.060302734375, ""grnwt"": 0.0, ""xlai"": 1.1271917819976809, ""totir"": 0.0, ""tofer"": NaN, ""swfac"": 0.0, ""nstres"": 0.0}",0.0,0.0,833.060302734375,0.0,1.1271917819976809,0.0,,0.0,75.0,0.0,225.0,55.198046875,55.198046875,Leave_One_experiments/all_year_offline_schedule_search/daily_outputs/SYA/SYA_2008_SYA2008_normal_grid_S0019_daily.csv
SYA,SYA,Shenyang,2008,Leave_One_experiments\wth_generated_qc\SYA\SYA2008.WTH,wet_year;nitrogen_stress_year;low_response_year,wet,SYA2008_normal_grid_S0019,pareto_balanced,2008-06-19,171,66,61,"{""sim_day"": 66.0, ""doy"": 171.0, ""topwt"": 929.467315673828, ""grnwt"": 0.0, ""xlai"": 1.2150226831436155, ""totir"": 0.0, ""tofer"": NaN, ""swfac"": 0.0, ""nstres"": 0.0}",0.0,0.0,929.467315673828,0.0,1.2150226831436155,0.0,,0.0,0.0,0.0,225.0,55.198046875,55.198046875,Leave_One_experiments/all_year_offline_schedule_search/daily_outputs/SYA/SYA_2008_SYA2008_normal_grid_S0019_daily.csv
SYA,SYA,Shenyang,2008,Leave_One_experiments\wth_generated_qc\SYA\SYA2008.WTH,wet_year;nitrogen_stress_year;low_response_year,wet,SYA2008_normal_grid_S0019,pareto_balanced,2008-06-20,172,67,62,"{""sim_day"": 67.0, ""doy"": 172.0, ""topwt"": 1024.1458129882812, ""grnwt"": 0.0, ""xlai"": 1.2967088222503662, ""totir"": 0.0, ""tofer"": NaN, ""swfac"": 0.0, ""nstres"": 0.0}",0.0,0.0,1024.1458129882812,0.0,1.2967088222503662,0.0,,0.0,0.0,0.0,225.0,55.198046875,55.198046875,Leave_One_experiments/all_year_offline_schedule_search/daily_outputs/SYA/SYA_2008_SYA2008_normal_grid_S0019_daily.csv
SYA,SYA,Shenyang,2008,Leave_One_experiments\wth_generated_qc\SYA\SYA2008.WTH,wet_year;nitrogen_stress_year;low_response_year,wet,SYA2008_normal_grid_S0019,pareto_balanced,2008-06-21,173,68,63,"{""sim_day"": 68.0, ""doy"": 173.0, ""topwt"": 1129.4019317626953, ""grnwt"": 0.0, ""xlai"": 1.382554531097412, ""totir"": 0.0, ""tofer"": NaN, ""swfac"": 0.0, ""nstres"": 0.0}",0.0,0.0,1129.4019317626953,0.0,1.382554531097412,0.0,,0.0,0.0,0.0,225.0,55.198046875,55.198046875,Leave_One_experiments/all_year_offline_schedule_search/daily_outputs/SYA/SYA_2008_SYA2008_normal_grid_S0019_daily.csv
SYA,SYA,Shenyang,2008,Leave_One_experiments\wth_generated_qc\SYA\SYA2008.WTH,wet_year;nitrogen_stress_year;low_response_year,wet,SYA2008_normal_grid_S0019,pareto_balanced,2008-06-22,174,69,64,"{""sim_day"": 69.0, ""doy"": 174.0, ""topwt"": 1189.9066925048828, ""grnwt"": 0.0, ""xlai"": 1.429673671722412, ""totir"": 0.0, ""tofer"": NaN, ""swfac"": 0.0, ""nstres"": 0.0}",0.0,0.0,1189.9066925048828,0.0,1.429673671722412,0.0,,0.0,0.0,0.0,225.0,55.198046875,55.198046875,Leave_One_experiments/all_year_offline_schedule_search/daily_outputs/SYA/SYA_2008_SYA2008_normal_grid_S0019_daily.csv
SYA,SYA,Shenyang,2008,Leave_One_experiments\wth_generated_qc\SYA\SYA2008.WTH,wet_year;nitrogen_stress_year;low_response_year,wet,SYA2008_normal_grid_S0019,pareto_balanced,2008-06-23,175,70,65,"{""sim_day"": 70.0, ""doy"": 175.0, ""topwt"": 1271.4016723632812, ""grnwt"": 0.0, ""xlai"": 1.490486979484558, ""totir"": 0.0, ""tofer"": NaN, ""swfac"": 0.0, ""nstres"": 0.0}",0.0,0.0,1271.4016723632812,0.0,1.490486979484558,0.0,,0.0,0.0,0.0,225.0,55.198046875,55.198046875,Leave_One_experiments/all_year_offline_schedule_search/daily_outputs/SYA/SYA_2008_SYA2008_normal_grid_S0019_daily.csv
SYA,SYA,Shenyang,2008,Leave_One_experiments\wth_generated_qc\SYA\SYA2008.WTH,wet_year;nitrogen_stress_year;low_response_year,wet,SYA2008_normal_grid_S0019,pareto_balanced,2008-06-24,176,71,66,"{""sim_day"": 71.0, ""doy"": 176.0, ""topwt"": 1369.3630981445312, ""grnwt"": 0.0, ""xlai"": 1.5603386163711548, ""totir"": 0.0, ""tofer"": NaN, ""swfac"": 0.0, ""nstres"": 0.0}",0.0,0.0,1369.3630981445312,0.0,1.5603386163711548,0.0,,0.0,0.0,0.0,225.0,55.198046875,55.198046875,Leave_One_experiments/all_year_offline_schedule_search/daily_outputs/SYA/SYA_2008_SYA2008_normal_grid_S0019_daily.csv
SYA,SYA,Shenyang,2008,Leave_One_experiments\wth_generated_qc\SYA\SYA2008.WTH,wet_year;nitrogen_stress_year;low_response_year,wet,SYA2008_normal_grid_S0019,pareto_balanced,2008-06-25,177,72,67,"{""sim_day"": 72.0, ""doy"": 177.0, ""topwt"": 1485.1109313964844, ""grnwt"": 0.0, ""xlai"": 1.6387518644332886, ""totir"": 0.0, ""tofer"": NaN, ""swfac"": 0.0, ""nstres"": 0.0}",0.0,0.0,1485.1109313964844,0.0,1.6387518644332886,0.0,,0.0,0.0,0.0,225.0,55.198046875,55.198046875,Leave_One_experiments/all_year_offline_schedule_search/daily_outputs/SYA/SYA_2008_SYA2008_normal_grid_S0019_daily.csv
SYA,SYA,Shenyang,2008,Leave_One_experiments\wth_generated_qc\SYA\SYA2008.WTH,wet_year;nitrogen_stress_year;low_response_year,wet,SYA2008_normal_grid_S0019,pareto_balanced,2008-06-26,178,73,68,"{""sim_day"": 73.0, ""doy"": 178.0, ""topwt"": 1600.3286743164062, ""grnwt"": 0.0, ""xlai"": 1.713028907775879, ""totir"": 0.0, ""tofer"": NaN, ""swfac"": 0.0, ""nstres"": 0.0}",0.0,0.0,1600.3286743164062,0.0,1.713028907775879,0.0,,0.0,0.0,0.0,225.0,55.198046875,55.198046875,Leave_One_experiments/all_year_offline_schedule_search/daily_outputs/SYA/SYA_2008_SYA2008_normal_grid_S0019_daily.csv
SYA,SYA,Shenyang,2008,Leave_One_experiments\wth_generated_qc\SYA\SYA2008.WTH,wet_year;nitrogen_stress_year;low_response_year,wet,SYA2008_normal_grid_S0019,pareto_balanced,2008-06-27,179,74,69,"{""sim_day"": 74.0, ""doy"": 179.0, ""topwt"": 1735.4995727539062, ""grnwt"": 0.0, ""xlai"": 1.7956109046936035, ""totir"": 0.0, ""tofer"": NaN, ""swfac"": 0.0, ""nstres"": 0.0}",0.0,0.0,1735.4995727539062,0.0,1.7956109046936035,0.0,,0.0,0.0,0.0,225.0,55.198046875,55.198046875,Leave_One_experiments/all_year_offline_schedule_search/daily_outputs/SYA/SYA_2008_SYA2008_normal_grid_S0019_daily.csv
SYA,SYA,Shenyang,2008,Leave_One_experiments\wth_generated_qc\SYA\SYA2008.WTH,wet_year;nitrogen_stress_year;low_response_year,wet,SYA2008_normal_grid_S0019,pareto_balanced,2008-06-28,180,75,70,"{""sim_day"": 75.0, ""doy"": 180.0, ""topwt"": 1828.805694580078, ""grnwt"": 0.0, ""xlai"": 1.8499659299850464, ""totir"": 0.0, ""tofer"": NaN, ""swfac"": 0.0, ""nstres"": 0.0}",0.0,0.0,1828.805694580078,0.0,1.8499659299850464,0.0,,0.0,0.0,0.0,225.0,55.198046875,55.198046875,Leave_One_experiments/all_year_offline_schedule_search/daily_outputs/SYA/SYA_2008_SYA2008_normal_grid_S0019_daily.csv
SYA,SYA,Shenyang,2008,Leave_One_experiments\wth_generated_qc\SYA\SYA2008.WTH,wet_year;nitrogen_stress_year;low_response_year,wet,SYA2008_normal_grid_S0019,pareto_balanced,2008-06-29,181,76,71,"{""sim_day"": 76.0, ""doy"": 181.0, ""topwt"": 1972.162628173828, ""grnwt"": 0.0, ""xlai"": 1.9294517040252688, ""totir"": 0.0, ""tofer"": NaN, ""swfac"": 0.0, ""nstres"": 0.0}",0.0,0.0,1972.162628173828,0.0,1.9294517040252688,0.0,,0.0,0.0,0.0,225.0,55.198046875,55.198046875,Leave_One_experiments/all_year_offline_schedule_search/daily_outputs/SYA/SYA_2008_SYA2008_normal_grid_S0019_daily.csv
SYA,SYA,Shenyang,2008,Leave_One_experiments\wth_generated_qc\SYA\SYA2008.WTH,wet_year;nitrogen_stress_year;low_response_year,wet,SYA2008_normal_grid_S0019,pareto_balanced,2008-06-30,182,77,72,"{""sim_day"": 77.0, ""doy"": 182.0, ""topwt"": 2114.9346923828125, ""grnwt"": 0.0, ""xlai"": 2.024008274078369, ""totir"": 0.0, ""tofer"": NaN, ""swfac"": 0.0, ""nstres"": 0.0}",0.0,0.0,2114.9346923828125,0.0,2.024008274078369,0.0,,0.0,0.0,0.0,225.0,55.198046875,55.198046875,Leave_One_experiments/all_year_offline_schedule_search/daily_outputs/SYA/SYA_2008_SYA2008_normal_grid_S0019_daily.csv
SYA,SYA,Shenyang,2008,Leave_One_experiments\wth_generated_qc\SYA\SYA2008.WTH,wet_year;nitrogen_stress_year;low_response_year,wet,SYA2008_normal_grid_S0019,pareto_balanced,2008-07-01,183,78,73,"{""sim_day"": 78.0, ""doy"": 183.0, ""topwt"": 2280.002899169922, ""grnwt"": 0.0, ""xlai"": 2.107885837554932, ""totir"": 0.0, ""tofer"": NaN, ""swfac"": 0.0, ""nstres"": 0.0}",0.0,0.0,2280.002899169922,0.0,2.107885837554932,0.0,,0.0,0.0,0.0,225.0,55.198046875,55.198046875,Leave_One_experiments/all_year_offline_schedule_search/daily_outputs/SYA/SYA_2008_SYA2008_normal_grid_S0019_daily.csv
SYA,SYA,Shenyang,2008,Leave_One_experiments\wth_generated_qc\SYA\SYA2008.WTH,wet_year;nitrogen_stress_year;low_response_year,wet,SYA2008_normal_grid_S0019,pareto_balanced,2008-07-02,184,79,74,"{""sim_day"": 79.0, ""doy"": 184.0, ""topwt"": 2501.53564453125, ""grnwt"": 0.0, ""xlai"": 2.2037830352783203, ""totir"": 0.0, ""tofer"": NaN, ""swfac"": 0.0, ""nstres"": 0.0}",0.0,0.0,2501.53564453125,0.0,2.2037830352783203,0.0,,0.0,0.0,0.0,225.0,55.198046875,55.198046875,Leave_One_experiments/all_year_offline_schedule_search/daily_outputs/SYA/SYA_2008_SYA2008_normal_grid_S0019_daily.csv
SYA,SYA,Shenyang,2008,Leave_One_experiments\wth_generated_qc\SYA\SYA2008.WTH,wet_year;nitrogen_stress_year;low_response_year,wet,SYA2008_normal_grid_S0019,pareto_balanced,2008-07-03,185,80,75,"{""sim_day"": 80.0, ""doy"": 185.0, ""topwt"": 2750.4217529296875, ""grnwt"": 0.0, ""xlai"": 2.2981748580932617, ""totir"": 0.0, ""tofer"": NaN, ""swfac"": 0.0, ""nstres"": 0.0}",0.0,0.0,2750.4217529296875,0.0,2.2981748580932617,0.0,,0.0,0.0,0.0,225.0,55.198046875,55.198046875,Leave_One_experiments/all_year_offline_schedule_search/daily_outputs/SYA/SYA_2008_SYA2008_normal_grid_S0019_daily.csv
SYA,SYA,Shenyang,2008,Leave_One_experiments\wth_generated_qc\SYA\SYA2008.WTH,wet_year;nitrogen_stress_year;low_response_year,wet,SYA2008_normal_grid_S0019,pareto_balanced,2008-07-04,186,81,76,"{""sim_day"": 81.0, ""doy"": 186.0, ""topwt"": 2966.416931152344, ""grnwt"": 0.0, ""xlai"": 2.37269926071167, ""totir"": 0.0, ""tofer"": NaN, ""swfac"": 0.0, ""nstres"": 0.0}",0.0,0.0,2966.416931152344,0.0,2.37269926071167,0.0,,0.0,0.0,0.0,225.0,55.198046875,55.198046875,Leave_One_experiments/all_year_offline_schedule_search/daily_outputs/SYA/SYA_2008_SYA2008_normal_grid_S0019_daily.csv
SYA,SYA,Shenyang,2008,Leave_One_experiments\wth_generated_qc\SYA\SYA2008.WTH,wet_year;nitrogen_stress_year;low_response_year,wet,SYA2008_normal_grid_S0019,pareto_balanced,2008-07-05,187,82,77,"{""sim_day"": 82.0, ""doy"": 187.0, ""topwt"": 3163.9987182617188, ""grnwt"": 0.0, ""xlai"": 2.4362568855285645, ""totir"": 0.0, ""tofer"": NaN, ""swfac"": 0.0, ""nstres"": 0.0}",0.0,0.0,3163.9987182617188,0.0,2.4362568855285645,0.0,,0.0,0.0,0.0,225.0,55.198046875,55.198046875,Leave_One_experiments/all_year_offline_schedule_search/daily_outputs/SYA/SYA_2008_SYA2008_normal_grid_S0019_daily.csv
SYA,SYA,Shenyang,2008,Leave_One_experiments\wth_generated_qc\SYA\SYA2008.WTH,wet_year;nitrogen_stress_year;low_response_year,wet,SYA2008_normal_grid_S0019,pareto_balanced,2008-07-06,188,83,78,"{""sim_day"": 83.0, ""doy"": 188.0, ""topwt"": 3374.051818847656, ""grnwt"": 0.0, ""xlai"": 2.4995992183685303, ""totir"": 0.0, ""tofer"": NaN, ""swfac"": 0.0, ""nstres"": 0.0}",0.0,0.0,3374.051818847656,0.0,2.4995992183685303,0.0,,0.0,0.0,0.0,225.0,55.198046875,55.198046875,Leave_One_experiments/all_year_offline_schedule_search/daily_outputs/SYA/SYA_2008_SYA2008_normal_grid_S0019_daily.csv
SYA,SYA,Shenyang,2008,Leave_One_experiments\wth_generated_qc\SYA\SYA2008.WTH,wet_year;nitrogen_stress_year;low_response_year,wet,SYA2008_normal_grid_S0019,pareto_balanced,2008-07-07,189,84,79,"{""sim_day"": 84.0, ""doy"": 189.0, ""topwt"": 3572.9708862304688, ""grnwt"": 0.0, ""xlai"": 2.556398630142212, ""totir"": 0.0, ""tofer"": NaN, ""swfac"": 0.0, ""nstres"": 0.0}",0.0,0.0,3572.9708862304688,0.0,2.556398630142212,0.0,,0.0,0.0,0.0,225.0,55.198046875,55.198046875,Leave_One_experiments/all_year_offline_schedule_search/daily_outputs/SYA/SYA_2008_SYA2008_normal_grid_S0019_daily.csv
SYA,SYA,Shenyang,2008,Leave_One_experiments\wth_generated_qc\SYA\SYA2008.WTH,wet_year;nitrogen_stress_year;low_response_year,wet,SYA2008_normal_grid_S0019,pareto_balanced,2008-07-08,190,85,80,"{""sim_day"": 85.0, ""doy"": 190.0, ""topwt"": 3697.1804809570312, ""grnwt"": 0.0, ""xlai"": 2.590082883834839, ""totir"": 0.0, ""tofer"": NaN, ""swfac"": 0.0, ""nstres"": 0.0}",0.0,0.0,3697.1804809570312,0.0,2.590082883834839,0.0,,0.0,0.0,0.0,225.0,55.198046875,55.198046875,Leave_One_experiments/all_year_offline_schedule_search/daily_outputs/SYA/SYA_2008_SYA2008_normal_grid_S0019_daily.csv
SYA,SYA,Shenyang,2008,Leave_One_experiments\wth_generated_qc\SYA\SYA2008.WTH,wet_year;nitrogen_stress_year;low_response_year,wet,SYA2008_normal_grid_S0019,pareto_balanced,2008-07-09,191,86,81,"{""sim_day"": 86.0, ""doy"": 191.0, ""topwt"": 3900.8251953125, ""grnwt"": 0.0, ""xlai"": 2.6429638862609863, ""totir"": 0.0, ""tofer"": NaN, ""swfac"": 0.0, ""nstres"": 0.0}",0.0,0.0,3900.8251953125,0.0,2.6429638862609863,0.0,,0.0,0.0,0.0,225.0,55.198046875,55.198046875,Leave_One_experiments/all_year_offline_schedule_search/daily_outputs/SYA/SYA_2008_SYA2008_normal_grid_S0019_daily.csv
SYA,SYA,Shenyang,2008,Leave_One_experiments\wth_generated_qc\SYA\SYA2008.WTH,wet_year;nitrogen_stress_year;low_response_year,wet,SYA2008_normal_grid_S0019,pareto_balanced,2008-07-10,192,87,82,"{""sim_day"": 87.0, ""doy"": 192.0, ""topwt"": 4106.175842285156, ""grnwt"": 0.0, ""xlai"": 2.694090843200684, ""totir"": 0.0, ""tofer"": NaN, ""swfac"": 0.0, ""nstres"": 0.0}",0.0,0.0,4106.175842285156,0.0,2.694090843200684,0.0,,0.0,0.0,0.0,225.0,55.198046875,55.198046875,Leave_One_experiments/all_year_offline_schedule_search/daily_outputs/SYA/SYA_2008_SYA2008_normal_grid_S0019_daily.csv
SYA,SYA,Shenyang,2008,Leave_One_experiments\wth_generated_qc\SYA\SYA2008.WTH,wet_year;nitrogen_stress_year;low_response_year,wet,SYA2008_normal_grid_S0019,pareto_balanced,2008-07-11,193,88,83,"{""sim_day"": 88.0, ""doy"": 193.0, ""topwt"": 4281.4691162109375, ""grnwt"": 0.0, ""xlai"": 2.737646579742432, ""totir"": 0.0, ""tofer"": NaN, ""swfac"": 0.0, ""nstres"": 0.0}",0.0,0.0,4281.4691162109375,0.0,2.737646579742432,0.0,,0.0,0.0,0.0,225.0,55.198046875,55.198046875,Leave_One_experiments/all_year_offline_schedule_search/daily_outputs/SYA/SYA_2008_SYA2008_normal_grid_S0019_daily.csv
SYA,SYA,Shenyang,2008,Leave_One_experiments\wth_generated_qc\SYA\SYA2008.WTH,wet_year;nitrogen_stress_year;low_response_year,wet,SYA2008_normal_grid_S0019,pareto_balanced,2008-07-12,194,89,84,"{""sim_day"": 89.0, ""doy"": 194.0, ""topwt"": 4474.583435058594, ""grnwt"": 0.0, ""xlai"": 2.785602569580078, ""totir"": 0.0, ""tofer"": NaN, ""swfac"": 0.0, ""nstres"": 0.0}",0.0,0.0,4474.583435058594,0.0,2.785602569580078,0.0,,0.0,0.0,0.0,225.0,55.198046875,55.198046875,Leave_One_experiments/all_year_offline_schedule_search/daily_outputs/SYA/SYA_2008_SYA2008_normal_grid_S0019_daily.csv
SYA,SYA,Shenyang,2008,Leave_One_experiments\wth_generated_qc\SYA\SYA2008.WTH,wet_year;nitrogen_stress_year;low_response_year,wet,SYA2008_normal_grid_S0019,pareto_balanced,2008-07-13,195,90,85,"{""sim_day"": 90.0, ""doy"": 195.0, ""topwt"": 4664.0411376953125, ""grnwt"": 0.0, ""xlai"": 2.832590341567993, ""totir"": 0.0, ""tofer"": NaN, ""swfac"": 0.0, ""nstres"": 0.0}",0.0,0.0,4664.0411376953125,0.0,2.832590341567993,0.0,,0.0,0.0,0.0,225.0,55.198046875,55.198046875,Leave_One_experiments/all_year_offline_schedule_search/daily_outputs/SYA/SYA_2008_SYA2008_normal_grid_S0019_daily.csv
SYA,SYA,Shenyang,2008,Leave_One_experiments\wth_generated_qc\SYA\SYA2008.WTH,wet_year;nitrogen_stress_year;low_response_year,wet,SYA2008_normal_grid_S0019,pareto_balanced,2008-07-14,196,91,86,"{""sim_day"": 91.0, ""doy"": 196.0, ""topwt"": 4705.401611328125, ""grnwt"": 0.0, ""xlai"": 2.8425889015197754, ""totir"": 0.0, ""tofer"": NaN, ""swfac"": 0.0, ""nstres"": 0.0}",0.0,0.0,4705.401611328125,0.0,2.8425889015197754,0.0,,0.0,0.0,0.0,225.0,55.198046875,55.198046875,Leave_One_experiments/all_year_offline_schedule_search/daily_outputs/SYA/SYA_2008_SYA2008_normal_grid_S0019_daily.csv
SYA,SYA,Shenyang,2008,Leave_One_experiments\wth_generated_qc\SYA\SYA2008.WTH,wet_year;nitrogen_stress_year;low_response_year,wet,SYA2008_normal_grid_S0019,pareto_balanced,2008-07-15,197,92,87,"{""sim_day"": 92.0, ""doy"": 197.0, ""topwt"": 4872.984924316406, ""grnwt"": 0.0, ""xlai"": 2.884065866470337, ""totir"": 0.0, ""tofer"": NaN, ""swfac"": 0.0, ""nstres"": 0.0}",0.0,0.0,4872.984924316406,0.0,2.884065866470337,0.0,,0.0,0.0,0.0,225.0,55.198046875,55.198046875,Leave_One_experiments/all_year_offline_schedule_search/daily_outputs/SYA/SYA_2008_SYA2008_normal_grid_S0019_daily.csv
SYA,SYA,Shenyang,2008,Leave_One_experiments\wth_generated_qc\SYA\SYA2008.WTH,wet_year;nitrogen_stress_year;low_response_year,wet,SYA2008_normal_grid_S0019,pareto_balanced,2008-07-16,198,93,88,"{""sim_day"": 93.0, ""doy"": 198.0, ""topwt"": 5044.143981933594, ""grnwt"": 0.0, ""xlai"": 2.9263908863067627, ""totir"": 0.0, ""tofer"": NaN, ""swfac"": 0.0, ""nstres"": 0.0}",0.0,0.0,5044.143981933594,0.0,2.9263908863067627,0.0,,0.0,0.0,0.0,225.0,55.198046875,55.198046875,Leave_One_experiments/all_year_offline_schedule_search/daily_outputs/SYA/SYA_2008_SYA2008_normal_grid_S0019_daily.csv
SYA,SYA,Shenyang,2008,Leave_One_experiments\wth_generated_qc\SYA\SYA2008.WTH,wet_year;nitrogen_stress_year;low_response_year,wet,SYA2008_normal_grid_S0019,pareto_balanced,2008-07-17,199,94,89,"{""sim_day"": 94.0, ""doy"": 199.0, ""topwt"": 5383.424682617188, ""grnwt"": 0.0, ""xlai"": 2.788441896438598, ""totir"": 0.0, ""tofer"": NaN, ""swfac"": 0.0, ""nstres"": 0.0}",0.0,0.0,5383.424682617188,0.0,2.788441896438598,0.0,,0.0,0.0,0.0,225.0,55.198046875,55.198046875,Leave_One_experiments/all_year_offline_schedule_search/daily_outputs/SYA/SYA_2008_SYA2008_normal_grid_S0019_daily.csv
SYA,SYA,Shenyang,2008,Leave_One_experiments\wth_generated_qc\SYA\SYA2008.WTH,wet_year;nitrogen_stress_year;low_response_year,wet,SYA2008_normal_grid_S0019,pareto_balanced,2008-07-18,200,95,90,"{""sim_day"": 95.0, ""doy"": 200.0, ""topwt"": 5759.829711914063, ""grnwt"": 0.0, ""xlai"": 2.776942014694214, ""totir"": 0.0, ""tofer"": NaN, ""swfac"": 0.0, ""nstres"": 0.0}",0.0,0.0,5759.829711914063,0.0,2.776942014694214,0.0,,0.0,0.0,0.0,225.0,55.198046875,55.198046875,Leave_One_experiments/all_year_offline_schedule_search/daily_outputs/SYA/SYA_2008_SYA2008_normal_grid_S0019_daily.csv
SYA,SYA,Shenyang,2008,Leave_One_experiments\wth_generated_qc\SYA\SYA2008.WTH,wet_year;nitrogen_stress_year;low_response_year,wet,SYA2008_normal_grid_S0019,pareto_balanced,2008-07-19,201,96,91,"{""sim_day"": 96.0, ""doy"": 201.0, ""topwt"": 6043.6016845703125, ""grnwt"": 0.0, ""xlai"": 2.7649271488189697, ""totir"": 0.0, ""tofer"": NaN, ""swfac"": 0.0, ""nstres"": 0.0}",0.0,0.0,6043.6016845703125,0.0,2.7649271488189697,0.0,,0.0,0.0,0.0,225.0,55.198046875,55.198046875,Leave_One_experiments/all_year_offline_schedule_search/daily_outputs/SYA/SYA_2008_SYA2008_normal_grid_S0019_daily.csv
SYA,SYA,Shenyang,2008,Leave_One_experiments\wth_generated_qc\SYA\SYA2008.WTH,wet_year;nitrogen_stress_year;low_response_year,wet,SYA2008_normal_grid_S0019,pareto_balanced,2008-07-20,202,97,92,"{""sim_day"": 97.0, ""doy"": 202.0, ""topwt"": 6112.801513671875, ""grnwt"": 0.0, ""xlai"": 2.75350022315979, ""totir"": 0.0, ""tofer"": NaN, ""swfac"": 0.0, ""nstres"": 0.0}",0.0,0.0,6112.801513671875,0.0,2.75350022315979,0.0,,0.0,0.0,0.0,225.0,55.198046875,55.198046875,Leave_One_experiments/all_year_offline_schedule_search/daily_outputs/SYA/SYA_2008_SYA2008_normal_grid_S0019_daily.csv
SYA,SYA,Shenyang,2008,Leave_One_experiments\wth_generated_qc\SYA\SYA2008.WTH,wet_year;nitrogen_stress_year;low_response_year,wet,SYA2008_normal_grid_S0019,pareto_balanced,2008-07-21,203,98,93,"{""sim_day"": 98.0, ""doy"": 203.0, ""topwt"": 6432.5140380859375, ""grnwt"": 0.0, ""xlai"": 2.74133849143982, ""totir"": 0.0, ""tofer"": NaN, ""swfac"": 0.0, ""nstres"": 0.0}",0.0,0.0,6432.5140380859375,0.0,2.74133849143982,0.0,,0.0,0.0,0.0,225.0,55.198046875,55.198046875,Leave_One_experiments/all_year_offline_schedule_search/daily_outputs/SYA/SYA_2008_SYA2008_normal_grid_S0019_daily.csv
SYA,SYA,Shenyang,2008,Leave_One_experiments\wth_generated_qc\SYA\SYA2008.WTH,wet_year;nitrogen_stress_year;low_response_year,wet,SYA2008_normal_grid_S0019,pareto_balanced,2008-07-22,204,99,94,"{""sim_day"": 99.0, ""doy"": 204.0, ""topwt"": 6786.754150390625, ""grnwt"": 0.0, ""xlai"": 2.7279276847839355, ""totir"": 0.0, ""tofer"": NaN, ""swfac"": 0.0, ""nstres"": 0.0}",0.0,0.0,6786.754150390625,0.0,2.7279276847839355,0.0,,0.0,0.0,0.0,225.0,55.198046875,55.198046875,Leave_One_experiments/all_year_offline_schedule_search/daily_outputs/SYA/SYA_2008_SYA2008_normal_grid_S0019_daily.csv
SYA,SYA,Shenyang,2008,Leave_One_experiments\wth_generated_qc\SYA\SYA2008.WTH,wet_year;nitrogen_stress_year;low_response_year,wet,SYA2008_normal_grid_S0019,pareto_balanced,2008-07-23,205,100,95,"{""sim_day"": 100.0, ""doy"": 205.0, ""topwt"": 7124.635009765625, ""grnwt"": 0.0, ""xlai"": 2.7145533561706543, ""totir"": 0.0, ""tofer"": NaN, ""swfac"": 0.0, ""nstres"": 0.0}",0.0,0.0,7124.635009765625,0.0,2.7145533561706543,0.0,,0.0,0.0,0.0,225.0,55.198046875,55.198046875,Leave_One_experiments/all_year_offline_schedule_search/daily_outputs/SYA/SYA_2008_SYA2008_normal_grid_S0019_daily.csv
SYA,SYA,Shenyang,2008,Leave_One_experiments\wth_generated_qc\SYA\SYA2008.WTH,wet_year;nitrogen_stress_year;low_response_year,wet,SYA2008_normal_grid_S0019,pareto_balanced,2008-07-24,206,101,96,"{""sim_day"": 101.0, ""doy"": 206.0, ""topwt"": 7513.5284423828125, ""grnwt"": 0.0, ""xlai"": 2.700040102005005, ""totir"": 0.0, ""tofer"": NaN, ""swfac"": 0.0, ""nstres"": 0.0}",0.0,0.0,7513.5284423828125,0.0,2.700040102005005,0.0,,0.0,0.0,0.0,225.0,55.198046875,55.198046875,Leave_One_experiments/all_year_offline_schedule_search/daily_outputs/SYA/SYA_2008_SYA2008_normal_grid_S0019_daily.csv
SYA,SYA,Shenyang,2008,Leave_One_experiments\wth_generated_qc\SYA\SYA2008.WTH,wet_year;nitrogen_stress_year;low_response_year,wet,SYA2008_normal_grid_S0019,pareto_balanced,2008-07-25,207,102,97,"{""sim_day"": 102.0, ""doy"": 207.0, ""topwt"": 7801.444091796875, ""grnwt"": 0.0, ""xlai"": 2.685049533843994, ""totir"": 0.0, ""tofer"": NaN, ""swfac"": 0.0, ""nstres"": 0.0}",0.0,0.0,7801.444091796875,0.0,2.685049533843994,0.0,,0.0,0.0,0.0,225.0,55.198046875,55.198046875,Leave_One_experiments/all_year_offline_schedule_search/daily_outputs/SYA/SYA_2008_SYA2008_normal_grid_S0019_daily.csv
SYA,SYA,Shenyang,2008,Leave_One_experiments\wth_generated_qc\SYA\SYA2008.WTH,wet_year;nitrogen_stress_year;low_response_year,wet,SYA2008_normal_grid_S0019,pareto_balanced,2008-07-26,208,103,98,"{""sim_day"": 103.0, ""doy"": 208.0, ""topwt"": 8165.49560546875, ""grnwt"": 0.0, ""xlai"": 2.671050786972046, ""totir"": 0.0, ""tofer"": NaN, ""swfac"": 0.0, ""nstres"": 0.0}",0.0,0.0,8165.49560546875,0.0,2.671050786972046,0.0,,0.0,0.0,0.0,225.0,55.198046875,55.198046875,Leave_One_experiments/all_year_offline_schedule_search/daily_outputs/SYA/SYA_2008_SYA2008_normal_grid_S0019_daily.csv
SYA,SYA,Shenyang,2008,Leave_One_experiments\wth_generated_qc\SYA\SYA2008.WTH,wet_year;nitrogen_stress_year;low_response_year,wet,SYA2008_normal_grid_S0019,pareto_balanced,2008-07-27,209,104,99,"{""sim_day"": 104.0, ""doy"": 209.0, ""topwt"": 8513.335571289062, ""grnwt"": 347.8392791748047, ""xlai"": 2.623201370239258, ""totir"": 0.0, ""tofer"": NaN, ""swfac"": 0.0, ""nstres"": 0.0}",0.0,0.0,8513.335571289062,347.8392791748047,2.623201370239258,0.0,,0.0,0.0,0.0,225.0,55.198046875,55.198046875,Leave_One_experiments/all_year_offline_schedule_search/daily_outputs/SYA/SYA_2008_SYA2008_normal_grid_S0019_daily.csv
SYA,SYA,Shenyang,2008,Leave_One_experiments\wth_generated_qc\SYA\SYA2008.WTH,wet_year;nitrogen_stress_year;low_response_year,wet,SYA2008_normal_grid_S0019,pareto_balanced,2008-07-28,210,105,100,"{""sim_day"": 105.0, ""doy"": 210.0, ""topwt"": 8645.79345703125, ""grnwt"": 695.6785583496094, ""xlai"": 2.616339683532715, ""totir"": 0.0, ""tofer"": NaN, ""swfac"": 0.0, ""nstres"": 0.0}",0.0,0.0,8645.79345703125,695.6785583496094,2.616339683532715,0.0,,0.0,0.0,0.0,225.0,55.198046875,55.198046875,Leave_One_experiments/all_year_offline_schedule_search/daily_outputs/SYA/SYA_2008_SYA2008_normal_grid_S0019_daily.csv
SYA,SYA,Shenyang,2008,Leave_One_experiments\wth_generated_qc\SYA\SYA2008.WTH,wet_year;nitrogen_stress_year;low_response_year,wet,SYA2008_normal_grid_S0019,pareto_balanced,2008-07-29,211,106,101,"{""sim_day"": 106.0, ""doy"": 211.0, ""topwt"": 9022.759399414062, ""grnwt"": 1043.5179138183594, ""xlai"": 2.607422113418579, ""totir"": 0.0, ""tofer"": NaN, ""swfac"": 0.0, ""nstres"": 0.0}",0.0,0.0,9022.759399414062,1043.5179138183594,2.607422113418579,0.0,,0.0,0.0,0.0,225.0,55.198046875,55.198046875,Leave_One_experiments/all_year_offline_schedule_search/daily_outputs/SYA/SYA_2008_SYA2008_normal_grid_S0019_daily.csv
SYA,SYA,Shenyang,2008,Leave_One_experiments\wth_generated_qc\SYA\SYA2008.WTH,wet_year;nitrogen_stress_year;low_response_year,wet,SYA2008_normal_grid_S0019,pareto_balanced,2008-07-30,212,107,102,"{""sim_day"": 107.0, ""doy"": 212.0, ""topwt"": 9153.140258789062, ""grnwt"": 1391.3571166992188, ""xlai"": 2.597454786300659, ""totir"": 0.0, ""tofer"": NaN, ""swfac"": 0.0, ""nstres"": 0.0}",0.0,0.0,9153.140258789062,1391.3571166992188,2.597454786300659,0.0,,0.0,0.0,0.0,225.0,55.198046875,55.198046875,Leave_One_experiments/all_year_offline_schedule_search/daily_outputs/SYA/SYA_2008_SYA2008_normal_grid_S0019_daily.csv
SYA,SYA,Shenyang,2008,Leave_One_experiments\wth_generated_qc\SYA\SYA2008.WTH,wet_year;nitrogen_stress_year;low_response_year,wet,SYA2008_normal_grid_S0019,pareto_balanced,2008-07-31,213,108,103,"{""sim_day"": 108.0, ""doy"": 213.0, ""topwt"": 9230.90576171875, ""grnwt"": 1739.1964721679688, ""xlai"": 2.588262796401977, ""totir"": 0.0, ""tofer"": NaN, ""swfac"": 0.0, ""nstres"": 0.0}",0.0,0.0,9230.90576171875,1739.1964721679688,2.588262796401977,0.0,,0.0,0.0,0.0,225.0,55.198046875,55.198046875,Leave_One_experiments/all_year_offline_schedule_search/daily_outputs/SYA/SYA_2008_SYA2008_normal_grid_S0019_daily.csv
SYA,SYA,Shenyang,2008,Leave_One_experiments\wth_generated_qc\SYA\SYA2008.WTH,wet_year;nitrogen_stress_year;low_response_year,wet,SYA2008_normal_grid_S0019,pareto_balanced,2008-08-01,214,109,104,"{""sim_day"": 109.0, ""doy"": 214.0, ""topwt"": 9556.043701171877, ""grnwt"": 2087.035675048828, ""xlai"": 2.577164888381958, ""totir"": 0.0, ""tofer"": NaN, ""swfac"": 0.0, ""nstres"": 0.0}",0.0,0.0,9556.043701171877,2087.035675048828,2.577164888381958,0.0,,0.0,0.0,0.0,225.0,55.198046875,55.198046875,Leave_One_experiments/all_year_offline_schedule_search/daily_outputs/SYA/SYA_2008_SYA2008_normal_grid_S0019_daily.csv
SYA,SYA,Shenyang,2008,Leave_One_experiments\wth_generated_qc\SYA\SYA2008.WTH,wet_year;nitrogen_stress_year;low_response_year,wet,SYA2008_normal_grid_S0019,pareto_balanced,2008-08-02,215,110,105,"{""sim_day"": 110.0, ""doy"": 215.0, ""topwt"": 9969.853515625, ""grnwt"": 2434.875030517578, ""xlai"": 2.5640289783477783, ""totir"": 0.0, ""tofer"": NaN, ""swfac"": 0.0, ""nstres"": 0.0}",0.0,0.0,9969.853515625,2434.875030517578,2.5640289783477783,0.0,,0.0,0.0,0.0,225.0,55.198046875,55.198046875,Leave_One_experiments/all_year_offline_schedule_search/daily_outputs/SYA/SYA_2008_SYA2008_normal_grid_S0019_daily.csv
SYA,SYA,Shenyang,2008,Leave_One_experiments\wth_generated_qc\SYA\SYA2008.WTH,wet_year;nitrogen_stress_year;low_response_year,wet,SYA2008_normal_grid_S0019,pareto_balanced,2008-08-03,216,111,106,"{""sim_day"": 111.0, ""doy"": 216.0, ""topwt"": 10352.635498046877, ""grnwt"": 2782.714233398437, ""xlai"": 2.5477113723754883, ""totir"": 0.0, ""tofer"": NaN, ""swfac"": 0.0, ""nstres"": 0.0}",0.0,0.0,10352.635498046877,2782.714233398437,2.5477113723754883,0.0,,0.0,0.0,0.0,225.0,55.198046875,55.198046875,Leave_One_experiments/all_year_offline_schedule_search/daily_outputs/SYA/SYA_2008_SYA2008_normal_grid_S0019_daily.csv
SYA,SYA,Shenyang,2008,Leave_One_experiments\wth_generated_qc\SYA\SYA2008.WTH,wet_year;nitrogen_stress_year;low_response_year,wet,SYA2008_normal_grid_S0019,pareto_balanced,2008-08-04,217,112,107,"{""sim_day"": 112.0, ""doy"": 217.0, ""topwt"": 10718.13232421875, ""grnwt"": 3102.2915649414062, ""xlai"": 2.527316093444824, ""totir"": 0.0, ""tofer"": NaN, ""swfac"": 0.0, ""nstres"": 0.0}",0.0,0.0,10718.13232421875,3102.2915649414062,2.527316093444824,0.0,,0.0,0.0,0.0,225.0,55.198046875,55.198046875,Leave_One_experiments/all_year_offline_schedule_search/daily_outputs/SYA/SYA_2008_SYA2008_normal_grid_S0019_daily.csv
SYA,SYA,Shenyang,2008,Leave_One_experiments\wth_generated_qc\SYA\SYA2008.WTH,wet_year;nitrogen_stress_year;low_response_year,wet,SYA2008_normal_grid_S0019,pareto_balanced,2008-08-05,218,113,108,"{""sim_day"": 113.0, ""doy"": 218.0, ""topwt"": 11090.914306640623, ""grnwt"": 3450.130920410156, ""xlai"": 2.5053184032440186, ""totir"": 0.0, ""tofer"": NaN, ""swfac"": 0.0, ""nstres"": 0.0}",0.0,0.0,11090.914306640623,3450.130920410156,2.5053184032440186,0.0,,0.0,0.0,0.0,225.0,55.198046875,55.198046875,Leave_One_experiments/all_year_offline_schedule_search/daily_outputs/SYA/SYA_2008_SYA2008_normal_grid_S0019_daily.csv
SYA,SYA,Shenyang,2008,Leave_One_experiments\wth_generated_qc\SYA\SYA2008.WTH,wet_year;nitrogen_stress_year;low_response_year,wet,SYA2008_normal_grid_S0019,pareto_balanced,2008-08-06,219,114,109,"{""sim_day"": 114.0, ""doy"": 219.0, ""topwt"": 11464.874267578123, ""grnwt"": 3797.970275878906, ""xlai"": 2.480471134185791, ""totir"": 0.0, ""tofer"": NaN, ""swfac"": 0.0, ""nstres"": 0.0}",0.0,0.0,11464.874267578123,3797.970275878906,2.480471134185791,0.0,,0.0,0.0,0.0,225.0,55.198046875,55.198046875,Leave_One_experiments/all_year_offline_schedule_search/daily_outputs/SYA/SYA_2008_SYA2008_normal_grid_S0019_daily.csv
SYA,SYA,Shenyang,2008,Leave_One_experiments\wth_generated_qc\SYA\SYA2008.WTH,wet_year;nitrogen_stress_year;low_response_year,wet,SYA2008_normal_grid_S0019,pareto_balanced,2008-08-07,220,115,110,"{""sim_day"": 115.0, ""doy"": 220.0, ""topwt"": 11851.475830078123, ""grnwt"": 4145.809631347656, ""xlai"": 2.454904317855835, ""totir"": 0.0, ""tofer"": NaN, ""swfac"": 0.0, ""nstres"": 0.0}",0.0,0.0,11851.475830078123,4145.809631347656,2.454904317855835,0.0,,0.0,0.0,0.0,225.0,55.198046875,55.198046875,Leave_One_experiments/all_year_offline_schedule_search/daily_outputs/SYA/SYA_2008_SYA2008_normal_grid_S0019_daily.csv
SYA,SYA,Shenyang,2008,Leave_One_experiments\wth_generated_qc\SYA\SYA2008.WTH,wet_year;nitrogen_stress_year;low_response_year,wet,SYA2008_normal_grid_S0019,pareto_balanced,2008-08-08,221,116,111,"{""sim_day"": 116.0, ""doy"": 221.0, ""topwt"": 12214.805908203123, ""grnwt"": 4480.605163574219, ""xlai"": 2.4240665435791016, ""totir"": 0.0, ""tofer"": NaN, ""swfac"": 0.0, ""nstres"": 0.0}",0.0,0.0,12214.805908203123,4480.605163574219,2.4240665435791016,0.0,,0.0,0.0,0.0,225.0,55.198046875,55.198046875,Leave_One_experiments/all_year_offline_schedule_search/daily_outputs/SYA/SYA_2008_SYA2008_normal_grid_S0019_daily.csv
SYA,SYA,Shenyang,2008,Leave_One_experiments\wth_generated_qc\SYA\SYA2008.WTH,wet_year;nitrogen_stress_year;low_response_year,wet,SYA2008_normal_grid_S0019,pareto_balanced,2008-08-09,222,117,112,"{""sim_day"": 117.0, ""doy"": 222.0, ""topwt"": 12513.09326171875, ""grnwt"": 4828.444519042969, ""xlai"": 2.3908064365386963, ""totir"": 0.0, ""tofer"": NaN, ""swfac"": 0.0, ""nstres"": 0.0}",0.0,0.0,12513.09326171875,4828.444519042969,2.3908064365386963,0.0,,0.0,0.0,0.0,225.0,55.198046875,55.198046875,Leave_One_experiments/all_year_offline_schedule_search/daily_outputs/SYA/SYA_2008_SYA2008_normal_grid_S0019_daily.csv
SYA,SYA,Shenyang,2008,Leave_One_experiments\wth_generated_qc\SYA\SYA2008.WTH,wet_year;nitrogen_stress_year;low_response_year,wet,SYA2008_normal_grid_S0019,pareto_balanced,2008-08-10,223,118,113,"{""sim_day"": 118.0, ""doy"": 223.0, ""topwt"": 12646.551513671877, ""grnwt"": 5176.2841796875, ""xlai"": 2.357682466506958, ""totir"": 0.0, ""tofer"": NaN, ""swfac"": 0.0, ""nstres"": 0.0}",0.0,0.0,12646.551513671877,5176.2841796875,2.357682466506958,0.0,,0.0,0.0,0.0,225.0,55.198046875,55.198046875,Leave_One_experiments/all_year_offline_schedule_search/daily_outputs/SYA/SYA_2008_SYA2008_normal_grid_S0019_daily.csv
SYA,SYA,Shenyang,2008,Leave_One_experiments\wth_generated_qc\SYA\SYA2008.WTH,wet_year;nitrogen_stress_year;low_response_year,wet,SYA2008_normal_grid_S0019,pareto_balanced,2008-08-11,224,119,114,"{""sim_day"": 119.0, ""doy"": 224.0, ""topwt"": 13005.6396484375, ""grnwt"": 5524.12353515625, ""xlai"": 2.3197453022003174, ""totir"": 0.0, ""tofer"": NaN, ""swfac"": 0.0, ""nstres"": 0.0}",0.0,0.0,13005.6396484375,5524.12353515625,2.3197453022003174,0.0,,0.0,0.0,0.0,225.0,55.198046875,55.198046875,Leave_One_experiments/all_year_offline_schedule_search/daily_outputs/SYA/SYA_2008_SYA2008_normal_grid_S0019_daily.csv
SYA,SYA,Shenyang,2008,Leave_One_experiments\wth_generated_qc\SYA\SYA2008.WTH,wet_year;nitrogen_stress_year;low_response_year,wet,SYA2008_normal_grid_S0019,pareto_balanced,2008-08-12,225,120,115,"{""sim_day"": 120.0, ""doy"": 225.0, ""topwt"": 13318.134765625, ""grnwt"": 5871.9622802734375, ""xlai"": 2.2783772945404053, ""totir"": 0.0, ""tofer"": NaN, ""swfac"": 0.0, ""nstres"": 0.0}",0.0,0.0,13318.134765625,5871.9622802734375,2.2783772945404053,0.0,,0.0,0.0,0.0,225.0,55.198046875,55.198046875,Leave_One_experiments/all_year_offline_schedule_search/daily_outputs/SYA/SYA_2008_SYA2008_normal_grid_S0019_daily.csv
SYA,SYA,Shenyang,2008,Leave_One_experiments\wth_generated_qc\SYA\SYA2008.WTH,wet_year;nitrogen_stress_year;low_response_year,wet,SYA2008_normal_grid_S0019,pareto_balanced,2008-08-13,226,121,116,"{""sim_day"": 121.0, ""doy"": 226.0, ""topwt"": 13662.93701171875, ""grnwt"": 6219.801635742188, ""xlai"": 2.239583969116211, ""totir"": 0.0, ""tofer"": NaN, ""swfac"": 0.0, ""nstres"": 0.0}",0.0,0.0,13662.93701171875,6219.801635742188,2.239583969116211,0.0,,0.0,0.0,0.0,225.0,55.198046875,55.198046875,Leave_One_experiments/all_year_offline_schedule_search/daily_outputs/SYA/SYA_2008_SYA2008_normal_grid_S0019_daily.csv
SYA,SYA,Shenyang,2008,Leave_One_experiments\wth_generated_qc\SYA\SYA2008.WTH,wet_year;nitrogen_stress_year;low_response_year,wet,SYA2008_normal_grid_S0019,pareto_balanced,2008-08-14,227,122,117,"{""sim_day"": 122.0, ""doy"": 227.0, ""topwt"": 14049.19677734375, ""grnwt"": 6567.6416015625, ""xlai"": 2.2012267112731934, ""totir"": 0.0, ""tofer"": NaN, ""swfac"": 0.0, ""nstres"": 0.0}",0.0,0.0,14049.19677734375,6567.6416015625,2.2012267112731934,0.0,,0.0,0.0,0.0,225.0,55.198046875,55.198046875,Leave_One_experiments/all_year_offline_schedule_search/daily_outputs/SYA/SYA_2008_SYA2008_normal_grid_S0019_daily.csv
SYA,SYA,Shenyang,2008,Leave_One_experiments\wth_generated_qc\SYA\SYA2008.WTH,wet_year;nitrogen_stress_year;low_response_year,wet,SYA2008_normal_grid_S0019,pareto_balanced,2008-08-15,228,123,118,"{""sim_day"": 123.0, ""doy"": 228.0, ""topwt"": 14441.636962890623, ""grnwt"": 6915.48095703125, ""xlai"": 2.159109115600586, ""totir"": 0.0, ""tofer"": NaN, ""swfac"": 0.0, ""nstres"": 0.0}",0.0,0.0,14441.636962890623,6915.48095703125,2.159109115600586,0.0,,0.0,0.0,0.0,225.0,55.198046875,55.198046875,Leave_One_experiments/all_year_offline_schedule_search/daily_outputs/SYA/SYA_2008_SYA2008_normal_grid_S0019_daily.csv
SYA,SYA,Shenyang,2008,Leave_One_experiments\wth_generated_qc\SYA\SYA2008.WTH,wet_year;nitrogen_stress_year;low_response_year,wet,SYA2008_normal_grid_S0019,pareto_balanced,2008-08-16,229,124,119,"{""sim_day"": 124.0, ""doy"": 229.0, ""topwt"": 14726.76513671875, ""grnwt"": 7263.3203125, ""xlai"": 2.113356590270996, ""totir"": 0.0, ""tofer"": NaN, ""swfac"": 0.0, ""nstres"": 0.0}",0.0,0.0,14726.76513671875,7263.3203125,2.113356590270996,0.0,,0.0,0.0,0.0,225.0,55.198046875,55.198046875,Leave_One_experiments/all_year_offline_schedule_search/daily_outputs/SYA/SYA_2008_SYA2008_normal_grid_S0019_daily.csv
SYA,SYA,Shenyang,2008,Leave_One_experiments\wth_generated_qc\SYA\SYA2008.WTH,wet_year;nitrogen_stress_year;low_response_year,wet,SYA2008_normal_grid_S0019,pareto_balanced,2008-08-17,230,125,120,"{""sim_day"": 125.0, ""doy"": 230.0, ""topwt"": 14800.3369140625, ""grnwt"": 7611.15966796875, ""xlai"": 2.072131872177124, ""totir"": 0.0, ""tofer"": NaN, ""swfac"": 0.0, ""nstres"": 0.0}",0.0,0.0,14800.3369140625,7611.15966796875,2.072131872177124,0.0,,0.0,0.0,0.0,225.0,55.198046875,55.198046875,Leave_One_experiments/all_year_offline_schedule_search/daily_outputs/SYA/SYA_2008_SYA2008_normal_grid_S0019_daily.csv
SYA,SYA,Shenyang,2008,Leave_One_experiments\wth_generated_qc\SYA\SYA2008.WTH,wet_year;nitrogen_stress_year;low_response_year,wet,SYA2008_normal_grid_S0019,pareto_balanced,2008-08-18,231,126,121,"{""sim_day"": 126.0, ""doy"": 231.0, ""topwt"": 15152.50244140625, ""grnwt"": 7958.9990234375, ""xlai"": 2.023165464401245, ""totir"": 0.0, ""tofer"": NaN, ""swfac"": 0.0, ""nstres"": 0.0}",0.0,0.0,15152.50244140625,7958.9990234375,2.023165464401245,0.0,,0.0,0.0,0.0,225.0,55.198046875,55.198046875,Leave_One_experiments/all_year_offline_schedule_search/daily_outputs/SYA/SYA_2008_SYA2008_normal_grid_S0019_daily.csv
SYA,SYA,Shenyang,2008,Leave_One_experiments\wth_generated_qc\SYA\SYA2008.WTH,wet_year;nitrogen_stress_year;low_response_year,wet,SYA2008_normal_grid_S0019,pareto_balanced,2008-08-19,232,127,122,"{""sim_day"": 127.0, ""doy"": 232.0, ""topwt"": 15500.361328125, ""grnwt"": 8306.83837890625, ""xlai"": 1.9751819372177124, ""totir"": 0.0, ""tofer"": NaN, ""swfac"": 0.0, ""nstres"": 0.0}",0.0,0.0,15500.361328125,8306.83837890625,1.9751819372177124,0.0,,0.0,0.0,0.0,225.0,55.198046875,55.198046875,Leave_One_experiments/all_year_offline_schedule_search/daily_outputs/SYA/SYA_2008_SYA2008_normal_grid_S0019_daily.csv
SYA,SYA,Shenyang,2008,Leave_One_experiments\wth_generated_qc\SYA\SYA2008.WTH,wet_year;nitrogen_stress_year;low_response_year,wet,SYA2008_normal_grid_S0019,pareto_balanced,2008-08-20,233,128,123,"{""sim_day"": 128.0, ""doy"": 233.0, ""topwt"": 15728.49609375, ""grnwt"": 8654.677734375, ""xlai"": 1.9253462553024288, ""totir"": 0.0, ""tofer"": NaN, ""swfac"": 0.0, ""nstres"": 0.0}",0.0,0.0,15728.49609375,8654.677734375,1.9253462553024288,0.0,,0.0,0.0,0.0,225.0,55.198046875,55.198046875,Leave_One_experiments/all_year_offline_schedule_search/daily_outputs/SYA/SYA_2008_SYA2008_normal_grid_S0019_daily.csv
SYA,SYA,Shenyang,2008,Leave_One_experiments\wth_generated_qc\SYA\SYA2008.WTH,wet_year;nitrogen_stress_year;low_response_year,wet,SYA2008_normal_grid_S0019,pareto_balanced,2008-08-21,234,129,124,"{""sim_day"": 129.0, ""doy"": 234.0, ""topwt"": 15745.29296875, ""grnwt"": 8699.611206054688, ""xlai"": 1.8807954788208008, ""totir"": 0.0, ""tofer"": NaN, ""swfac"": 0.0, ""nstres"": 0.0}",0.0,0.0,15745.29296875,8699.611206054688,1.8807954788208008,0.0,,0.0,0.0,0.0,225.0,55.198046875,55.198046875,Leave_One_experiments/all_year_offline_schedule_search/daily_outputs/SYA/SYA_2008_SYA2008_normal_grid_S0019_daily.csv
SYA,SYA,Shenyang,2008,Leave_One_experiments\wth_generated_qc\SYA\SYA2008.WTH,wet_year;nitrogen_stress_year;low_response_year,wet,SYA2008_normal_grid_S0019,pareto_balanced,2008-08-22,235,130,125,"{""sim_day"": 130.0, ""doy"": 235.0, ""topwt"": 16073.890380859377, ""grnwt"": 9028.2080078125, ""xlai"": 1.822620511054993, ""totir"": 0.0, ""tofer"": NaN, ""swfac"": 0.0, ""nstres"": 0.0}",0.0,0.0,16073.890380859377,9028.2080078125,1.822620511054993,0.0,,0.0,0.0,0.0,225.0,55.198046875,55.198046875,Leave_One_experiments/all_year_offline_schedule_search/daily_outputs/SYA/SYA_2008_SYA2008_normal_grid_S0019_daily.csv
SYA,SYA,Shenyang,2008,Leave_One_experiments\wth_generated_qc\SYA\SYA2008.WTH,wet_year;nitrogen_stress_year;low_response_year,wet,SYA2008_normal_grid_S0019,pareto_balanced,2008-08-23,236,131,126,"{""sim_day"": 131.0, ""doy"": 236.0, ""topwt"": 16389.7998046875, ""grnwt"": 9344.11865234375, ""xlai"": 1.7545796632766724, ""totir"": 0.0, ""tofer"": NaN, ""swfac"": 0.0, ""nstres"": 0.0}",0.0,0.0,16389.7998046875,9344.11865234375,1.7545796632766724,0.0,,0.0,0.0,0.0,225.0,55.198046875,55.198046875,Leave_One_experiments/all_year_offline_schedule_search/daily_outputs/SYA/SYA_2008_SYA2008_normal_grid_S0019_daily.csv
SYA,SYA,Shenyang,2008,Leave_One_experiments\wth_generated_qc\SYA\SYA2008.WTH,wet_year;nitrogen_stress_year;low_response_year,wet,SYA2008_normal_grid_S0019,pareto_balanced,2008-08-24,237,132,127,"{""sim_day"": 132.0, ""doy"": 237.0, ""topwt"": 16537.174072265625, ""grnwt"": 9491.49169921875, ""xlai"": 1.6873514652252195, ""totir"": 0.0, ""tofer"": NaN, ""swfac"": 0.0, ""nstres"": 0.0}",0.0,0.0,16537.174072265625,9491.49169921875,1.6873514652252195,0.0,,0.0,0.0,0.0,225.0,55.198046875,55.198046875,Leave_One_experiments/all_year_offline_schedule_search/daily_outputs/SYA/SYA_2008_SYA2008_normal_grid_S0019_daily.csv
SYA,SYA,Shenyang,2008,Leave_One_experiments\wth_generated_qc\SYA\SYA2008.WTH,wet_year;nitrogen_stress_year;low_response_year,wet,SYA2008_normal_grid_S0019,pareto_balanced,2008-08-25,238,133,128,"{""sim_day"": 133.0, ""doy"": 238.0, ""topwt"": 16827.6904296875, ""grnwt"": 9782.008056640623, ""xlai"": 1.6133143901824951, ""totir"": 0.0, ""tofer"": NaN, ""swfac"": 0.0, ""nstres"": 0.0}",0.0,0.0,16827.6904296875,9782.008056640623,1.6133143901824951,0.0,,0.0,0.0,0.0,225.0,55.198046875,55.198046875,Leave_One_experiments/all_year_offline_schedule_search/daily_outputs/SYA/SYA_2008_SYA2008_normal_grid_S0019_daily.csv
SYA,SYA,Shenyang,2008,Leave_One_experiments\wth_generated_qc\SYA\SYA2008.WTH,wet_year;nitrogen_stress_year;low_response_year,wet,SYA2008_normal_grid_S0019,pareto_balanced,2008-08-26,239,134,129,"{""sim_day"": 134.0, ""doy"": 239.0, ""topwt"": 17108.583984375, ""grnwt"": 10062.901611328123, ""xlai"": 1.5429165363311768, ""totir"": 0.0, ""tofer"": NaN, ""swfac"": 0.0, ""nstres"": 0.0}",0.0,0.0,17108.583984375,10062.901611328123,1.5429165363311768,0.0,,0.0,0.0,0.0,225.0,55.198046875,55.198046875,Leave_One_experiments/all_year_offline_schedule_search/daily_outputs/SYA/SYA_2008_SYA2008_normal_grid_S0019_daily.csv
SYA,SYA,Shenyang,2008,Leave_One_experiments\wth_generated_qc\SYA\SYA2008.WTH,wet_year;nitrogen_stress_year;low_response_year,wet,SYA2008_normal_grid_S0019,pareto_balanced,2008-08-27,240,135,130,"{""sim_day"": 135.0, ""doy"": 240.0, ""topwt"": 17362.750244140625, ""grnwt"": 10317.066650390623, ""xlai"": 1.463502287864685, ""totir"": 0.0, ""tofer"": NaN, ""swfac"": 0.0, ""nstres"": 0.0}",0.0,0.0,17362.750244140625,10317.066650390623,1.463502287864685,0.0,,0.0,0.0,0.0,225.0,55.198046875,55.198046875,Leave_One_experiments/all_year_offline_schedule_search/daily_outputs/SYA/SYA_2008_SYA2008_normal_grid_S0019_daily.csv
SYA,SYA,Shenyang,2008,Leave_One_experiments\wth_generated_qc\SYA\SYA2008.WTH,wet_year;nitrogen_stress_year;low_response_year,wet,SYA2008_normal_grid_S0019,pareto_balanced,2008-08-28,241,136,131,"{""sim_day"": 136.0, ""doy"": 241.0, ""topwt"": 17657.021484375, ""grnwt"": 10611.336669921877, ""xlai"": 1.3867895603179932, ""totir"": 0.0, ""tofer"": NaN, ""swfac"": 0.0, ""nstres"": 0.0}",0.0,0.0,17657.021484375,10611.336669921877,1.3867895603179932,0.0,,0.0,0.0,0.0,225.0,55.198046875,55.198046875,Leave_One_experiments/all_year_offline_schedule_search/daily_outputs/SYA/SYA_2008_SYA2008_normal_grid_S0019_daily.csv
SYA,SYA,Shenyang,2008,Leave_One_experiments\wth_generated_qc\SYA\SYA2008.WTH,wet_year;nitrogen_stress_year;low_response_year,wet,SYA2008_normal_grid_S0019,pareto_balanced,2008-08-29,242,137,132,"{""sim_day"": 137.0, ""doy"": 242.0, ""topwt"": 17872.0556640625, ""grnwt"": 10826.3720703125, ""xlai"": 1.3065487146377563, ""totir"": 0.0, ""tofer"": NaN, ""swfac"": 0.0, ""nstres"": 0.0}",0.0,0.0,17872.0556640625,10826.3720703125,1.3065487146377563,0.0,,0.0,0.0,0.0,225.0,55.198046875,55.198046875,Leave_One_experiments/all_year_offline_schedule_search/daily_outputs/SYA/SYA_2008_SYA2008_normal_grid_S0019_daily.csv
SYA,SYA,Shenyang,2008,Leave_One_experiments\wth_generated_qc\SYA\SYA2008.WTH,wet_year;nitrogen_stress_year;low_response_year,wet,SYA2008_normal_grid_S0019,pareto_balanced,2008-08-30,243,138,133,"{""sim_day"": 138.0, ""doy"": 243.0, ""topwt"": 17969.98046875, ""grnwt"": 10924.295654296877, ""xlai"": 1.2325186729431152, ""totir"": 0.0, ""tofer"": NaN, ""swfac"": 0.0, ""nstres"": 0.0}",0.0,0.0,17969.98046875,10924.295654296877,1.2325186729431152,0.0,,0.0,0.0,0.0,225.0,55.198046875,55.198046875,Leave_One_experiments/all_year_offline_schedule_search/daily_outputs/SYA/SYA_2008_SYA2008_normal_grid_S0019_daily.csv
SYA,SYA,Shenyang,2008,Leave_One_experiments\wth_generated_qc\SYA\SYA2008.WTH,wet_year;nitrogen_stress_year;low_response_year,wet,SYA2008_normal_grid_S0019,pareto_balanced,2008-08-31,244,139,134,"{""sim_day"": 139.0, ""doy"": 244.0, ""topwt"": 18190.48828125, ""grnwt"": 11144.8046875, ""xlai"": 1.160887360572815, ""totir"": 0.0, ""tofer"": NaN, ""swfac"": 0.0, ""nstres"": 0.0}",0.0,0.0,18190.48828125,11144.8046875,1.160887360572815,0.0,,0.0,0.0,0.0,225.0,55.198046875,55.198046875,Leave_One_experiments/all_year_offline_schedule_search/daily_outputs/SYA/SYA_2008_SYA2008_normal_grid_S0019_daily.csv
SYA,SYA,Shenyang,2008,Leave_One_experiments\wth_generated_qc\SYA\SYA2008.WTH,wet_year;nitrogen_stress_year;low_response_year,wet,SYA2008_normal_grid_S0019,pareto_balanced,2008-09-01,245,140,135,"{""sim_day"": 140.0, ""doy"": 245.0, ""topwt"": 18190.48828125, ""grnwt"": 11144.8046875, ""xlai"": 1.160887360572815, ""totir"": 0.0, ""tofer"": NaN, ""swfac"": 0.0, ""nstres"": 0.0}",0.0,0.0,18190.48828125,11144.8046875,1.160887360572815,0.0,,0.0,0.0,0.0,225.0,55.198046875,55.198046875,Leave_One_experiments/all_year_offline_schedule_search/daily_outputs/SYA/SYA_2008_SYA2008_normal_grid_S0019_daily.csv
SYA,SYA,Shenyang,2008,Leave_One_experiments\wth_generated_qc\SYA\SYA2008.WTH,wet_year;nitrogen_stress_year;low_response_year,wet,SYA2008_normal_grid_S0019,pareto_balanced,2008-09-02,246,141,136,"{""sim_day"": 141.0, ""doy"": 246.0, ""topwt"": 18190.48828125, ""grnwt"": 11144.8046875, ""xlai"": 1.160887360572815, ""totir"": 0.0, ""tofer"": NaN, ""swfac"": 0.0, ""nstres"": 0.0}",0.0,0.0,18190.48828125,11144.8046875,1.160887360572815,0.0,,0.0,0.0,0.0,225.0,55.198046875,55.198046875,Leave_One_experiments/all_year_offline_schedule_search/daily_outputs/SYA/SYA_2008_SYA2008_normal_grid_S0019_daily.csv
SYA,SYA,Shenyang,2008,Leave_One_experiments\wth_generated_qc\SYA\SYA2008.WTH,wet_year;nitrogen_stress_year;low_response_year,wet,SYA2008_normal_grid_S0019,pareto_balanced,2008-09-03,247,142,137,"{""sim_day"": 142.0, ""doy"": 247.0, ""topwt"": 18190.48828125, ""grnwt"": 11144.8046875, ""xlai"": 1.160887360572815, ""totir"": 0.0, ""tofer"": NaN, ""swfac"": 0.0, ""nstres"": 0.0}",0.0,0.0,18190.48828125,11144.8046875,1.160887360572815,0.0,,0.0,0.0,0.0,225.0,55.198046875,55.198046875,Leave_One_experiments/all_year_offline_schedule_search/daily_outputs/SYA/SYA_2008_SYA2008_normal_grid_S0019_daily.csv
SYA,SYA,Shenyang,2008,Leave_One_experiments\wth_generated_qc\SYA\SYA2008.WTH,wet_year;nitrogen_stress_year;low_response_year,wet,SYA2008_normal_grid_S0019,pareto_balanced,2008-09-04,248,143,138,"{""sim_day"": 143.0, ""doy"": 248.0, ""topwt"": 18190.48828125, ""grnwt"": 11144.8046875, ""xlai"": 1.160887360572815, ""totir"": 0.0, ""tofer"": NaN, ""swfac"": 0.0, ""nstres"": 0.0}",0.0,0.0,18190.48828125,11144.8046875,1.160887360572815,0.0,,0.0,0.0,0.0,225.0,55.198046875,55.198046875,Leave_One_experiments/all_year_offline_schedule_search/daily_outputs/SYA/SYA_2008_SYA2008_normal_grid_S0019_daily.csv
SYA,SYA,Shenyang,2008,Leave_One_experiments\wth_generated_qc\SYA\SYA2008.WTH,wet_year;nitrogen_stress_year;low_response_year,wet,SYA2008_normal_grid_S0028,pareto_balanced,2008-04-20,111,1,1,"{""sim_day"": 1.0, ""doy"": 111.0, ""topwt"": 0.0, ""grnwt"": 0.0, ""xlai"": 0.0, ""totir"": 0.0, ""tofer"": NaN, ""swfac"": 0.0, ""nstres"": 0.0}",0.0,0.0,0.0,0.0,0.0,0.0,,0.0,80.0,0.0,180.0,63.26517333984376,63.26517333984376,Leave_One_experiments/all_year_offline_schedule_search/daily_outputs/SYA/SYA_2008_SYA2008_normal_grid_S0028_daily.csv
SYA,SYA,Shenyang,2008,Leave_One_experiments\wth_generated_qc\SYA\SYA2008.WTH,wet_year;nitrogen_stress_year;low_response_year,wet,SYA2008_normal_grid_S0028,pareto_balanced,2008-04-21,112,2,2,"{""sim_day"": 2.0, ""doy"": 112.0, ""topwt"": 0.0, ""grnwt"": 0.0, ""xlai"": 0.0, ""totir"": 0.0, ""tofer"": NaN, ""swfac"": 0.0, ""nstres"": 0.0}",0.0,0.0,0.0,0.0,0.0,0.0,,0.0,0.0,0.0,180.0,63.26517333984376,63.26517333984376,Leave_One_experiments/all_year_offline_schedule_search/daily_outputs/SYA/SYA_2008_SYA2008_normal_grid_S0028_daily.csv
SYA,SYA,Shenyang,2008,Leave_One_experiments\wth_generated_qc\SYA\SYA2008.WTH,wet_year;nitrogen_stress_year;low_response_year,wet,SYA2008_normal_grid_S0028,pareto_balanced,2008-04-22,113,3,3,"{""sim_day"": 3.0, ""doy"": 113.0, ""topwt"": 0.0, ""grnwt"": 0.0, ""xlai"": 0.0, ""totir"": 0.0, ""tofer"": NaN, ""swfac"": 0.0, ""nstres"": 0.0}",0.0,0.0,0.0,0.0,0.0,0.0,,0.0,0.0,0.0,180.0,63.26517333984376,63.26517333984376,Leave_One_experiments/all_year_offline_schedule_search/daily_outputs/SYA/SYA_2008_SYA2008_normal_grid_S0028_daily.csv
SYA,SYA,Shenyang,2008,Leave_One_experiments\wth_generated_qc\SYA\SYA2008.WTH,wet_year;nitrogen_stress_year;low_response_year,wet,SYA2008_normal_grid_S0028,pareto_balanced,2008-04-23,114,4,4,"{""sim_day"": 4.0, ""doy"": 114.0, ""topwt"": 0.0, ""grnwt"": 0.0, ""xlai"": 0.0, ""totir"": 0.0, ""tofer"": NaN, ""swfac"": 0.0, ""nstres"": 0.0}",0.0,0.0,0.0,0.0,0.0,0.0,,0.0,0.0,0.0,180.0,63.26517333984376,63.26517333984376,Leave_One_experiments/all_year_offline_schedule_search/daily_outputs/SYA/SYA_2008_SYA2008_normal_grid_S0028_daily.csv
SYA,SYA,Shenyang,2008,Leave_One_experiments\wth_generated_qc\SYA\SYA2008.WTH,wet_year;nitrogen_stress_year;low_response_year,wet,SYA2008_normal_grid_S0028,pareto_balanced,2008-04-24,115,5,5,"{""sim_day"": 5.0, ""doy"": 115.0, ""topwt"": 0.0, ""grnwt"": 0.0, ""xlai"": 0.0, ""totir"": 0.0, ""tofer"": NaN, ""swfac"": 0.0, ""nstres"": 0.0}",0.0,0.0,0.0,0.0,0.0,0.0,,0.0,0.0,0.0,180.0,63.26517333984376,63.26517333984376,Leave_One_experiments/all_year_offline_schedule_search/daily_outputs/SYA/SYA_2008_SYA2008_normal_grid_S0028_daily.csv
SYA,SYA,Shenyang,2008,Leave_One_experiments\wth_generated_qc\SYA\SYA2008.WTH,wet_year;nitrogen_stress_year;low_response_year,wet,SYA2008_normal_grid_S0028,pareto_balanced,2008-04-20,111,6,1,"{""sim_day"": 6.0, ""doy"": 111.0, ""topwt"": 0.0, ""grnwt"": 0.0, ""xlai"": 0.0, ""totir"": 0.0, ""tofer"": NaN, ""swfac"": 0.0, ""nstres"": 0.0}",0.0,0.0,0.0,0.0,0.0,0.0,,0.0,0.0,0.0,180.0,63.26517333984376,63.26517333984376,Leave_One_experiments/all_year_offline_schedule_search/daily_outputs/SYA/SYA_2008_SYA2008_normal_grid_S0028_daily.csv
SYA,SYA,Shenyang,2008,Leave_One_experiments\wth_generated_qc\SYA\SYA2008.WTH,wet_year;nitrogen_stress_year;low_response_year,wet,SYA2008_normal_grid_S0028,pareto_balanced,2008-04-21,112,7,2,"{""sim_day"": 7.0, ""doy"": 112.0, ""topwt"": 0.0, ""grnwt"": 0.0, ""xlai"": 0.0, ""totir"": 0.0, ""tofer"": NaN, ""swfac"": 0.0, ""nstres"": 0.0}",0.0,0.0,0.0,0.0,0.0,0.0,,0.0,0.0,0.0,180.0,63.26517333984376,63.26517333984376,Leave_One_experiments/all_year_offline_schedule_search/daily_outputs/SYA/SYA_2008_SYA2008_normal_grid_S0028_daily.csv
SYA,SYA,Shenyang,2008,Leave_One_experiments\wth_generated_qc\SYA\SYA2008.WTH,wet_year;nitrogen_stress_year;low_response_year,wet,SYA2008_normal_grid_S0028,pareto_balanced,2008-04-22,113,8,3,"{""sim_day"": 8.0, ""doy"": 113.0, ""topwt"": 0.0, ""grnwt"": 0.0, ""xlai"": 0.0, ""totir"": 0.0, ""tofer"": NaN, ""swfac"": 0.0, ""nstres"": 0.0}",0.0,0.0,0.0,0.0,0.0,0.0,,0.0,0.0,0.0,180.0,63.26517333984376,63.26517333984376,Leave_One_experiments/all_year_offline_schedule_search/daily_outputs/SYA/SYA_2008_SYA2008_normal_grid_S0028_daily.csv
SYA,SYA,Shenyang,2008,Leave_One_experiments\wth_generated_qc\SYA\SYA2008.WTH,wet_year;nitrogen_stress_year;low_response_year,wet,SYA2008_normal_grid_S0028,pareto_balanced,2008-04-23,114,9,4,"{""sim_day"": 9.0, ""doy"": 114.0, ""topwt"": 0.0, ""grnwt"": 0.0, ""xlai"": 0.0, ""totir"": 0.0, ""tofer"": NaN, ""swfac"": 0.0, ""nstres"": 0.0}",0.0,0.0,0.0,0.0,0.0,0.0,,0.0,0.0,0.0,180.0,63.26517333984376,63.26517333984376,Leave_One_experiments/all_year_offline_schedule_search/daily_outputs/SYA/SYA_2008_SYA2008_normal_grid_S0028_daily.csv
SYA,SYA,Shenyang,2008,Leave_One_experiments\wth_generated_qc\SYA\SYA2008.WTH,wet_year;nitrogen_stress_year;low_response_year,wet,SYA2008_normal_grid_S0028,pareto_balanced,2008-04-24,115,10,5,"{""sim_day"": 10.0, ""doy"": 115.0, ""topwt"": 0.0, ""grnwt"": 0.0, ""xlai"": 0.0, ""totir"": 0.0, ""tofer"": NaN, ""swfac"": 0.0, ""nstres"": 0.0}",0.0,0.0,0.0,0.0,0.0,0.0,,0.0,0.0,0.0,180.0,63.26517333984376,63.26517333984376,Leave_One_experiments/all_year_offline_schedule_search/daily_outputs/SYA/SYA_2008_SYA2008_normal_grid_S0028_daily.csv
SYA,SYA,Shenyang,2008,Leave_One_experiments\wth_generated_qc\SYA\SYA2008.WTH,wet_year;nitrogen_stress_year;low_response_year,wet,SYA2008_normal_grid_S0028,pareto_balanced,2008-04-25,116,11,6,"{""sim_day"": 11.0, ""doy"": 116.0, ""topwt"": 0.0, ""grnwt"": 0.0, ""xlai"": 0.0, ""totir"": 0.0, ""tofer"": NaN, ""swfac"": 0.0, ""nstres"": 0.0}",0.0,0.0,0.0,0.0,0.0,0.0,,0.0,0.0,0.0,180.0,63.26517333984376,63.26517333984376,Leave_One_experiments/all_year_offline_schedule_search/daily_outputs/SYA/SYA_2008_SYA2008_normal_grid_S0028_daily.csv
SYA,SYA,Shenyang,2008,Leave_One_experiments\wth_generated_qc\SYA\SYA2008.WTH,wet_year;nitrogen_stress_year;low_response_year,wet,SYA2008_normal_grid_S0028,pareto_balanced,2008-04-26,117,12,7,"{""sim_day"": 12.0, ""doy"": 117.0, ""topwt"": 0.0, ""grnwt"": 0.0, ""xlai"": 0.0, ""totir"": 0.0, ""tofer"": NaN, ""swfac"": 0.0, ""nstres"": 0.0}",0.0,0.0,0.0,0.0,0.0,0.0,,0.0,0.0,0.0,180.0,63.26517333984376,63.26517333984376,Leave_One_experiments/all_year_offline_schedule_search/daily_outputs/SYA/SYA_2008_SYA2008_normal_grid_S0028_daily.csv
SYA,SYA,Shenyang,2008,Leave_One_experiments\wth_generated_qc\SYA\SYA2008.WTH,wet_year;nitrogen_stress_year;low_response_year,wet,SYA2008_normal_grid_S0028,pareto_balanced,2008-04-27,118,13,8,"{""sim_day"": 13.0, ""doy"": 118.0, ""topwt"": 0.0, ""grnwt"": 0.0, ""xlai"": 0.0, ""totir"": 0.0, ""tofer"": NaN, ""swfac"": 0.0, ""nstres"": 0.0}",0.0,0.0,0.0,0.0,0.0,0.0,,0.0,0.0,0.0,180.0,63.26517333984376,63.26517333984376,Leave_One_experiments/all_year_offline_schedule_search/daily_outputs/SYA/SYA_2008_SYA2008_normal_grid_S0028_daily.csv
SYA,SYA,Shenyang,2008,Leave_One_experiments\wth_generated_qc\SYA\SYA2008.WTH,wet_year;nitrogen_stress_year;low_response_year,wet,SYA2008_normal_grid_S0028,pareto_balanced,2008-04-28,119,14,9,"{""sim_day"": 14.0, ""doy"": 119.0, ""topwt"": 0.0, ""grnwt"": 0.0, ""xlai"": 0.0, ""totir"": 0.0, ""tofer"": NaN, ""swfac"": 0.0, ""nstres"": 0.0}",0.0,0.0,0.0,0.0,0.0,0.0,,0.0,0.0,0.0,180.0,63.26517333984376,63.26517333984376,Leave_One_experiments/all_year_offline_schedule_search/daily_outputs/SYA/SYA_2008_SYA2008_normal_grid_S0028_daily.csv
SYA,SYA,Shenyang,2008,Leave_One_experiments\wth_generated_qc\SYA\SYA2008.WTH,wet_year;nitrogen_stress_year;low_response_year,wet,SYA2008_normal_grid_S0028,pareto_balanced,2008-04-29,120,15,10,"{""sim_day"": 15.0, ""doy"": 120.0, ""topwt"": 0.0, ""grnwt"": 0.0, ""xlai"": 0.0, ""totir"": 0.0, ""tofer"": NaN, ""swfac"": 0.0, ""nstres"": 0.0}",0.0,0.0,0.0,0.0,0.0,0.0,,0.0,0.0,0.0,180.0,63.26517333984376,63.26517333984376,Leave_One_experiments/all_year_offline_schedule_search/daily_outputs/SYA/SYA_2008_SYA2008_normal_grid_S0028_daily.csv
SYA,SYA,Shenyang,2008,Leave_One_experiments\wth_generated_qc\SYA\SYA2008.WTH,wet_year;nitrogen_stress_year;low_response_year,wet,SYA2008_normal_grid_S0028,pareto_balanced,2008-04-30,121,16,11,"{""sim_day"": 16.0, ""doy"": 121.0, ""topwt"": 0.0, ""grnwt"": 0.0, ""xlai"": 0.0, ""totir"": 0.0, ""tofer"": NaN, ""swfac"": 0.0, ""nstres"": 0.0}",0.0,0.0,0.0,0.0,0.0,0.0,,0.0,0.0,0.0,180.0,63.26517333984376,63.26517333984376,Leave_One_experiments/all_year_offline_schedule_search/daily_outputs/SYA/SYA_2008_SYA2008_normal_grid_S0028_daily.csv
SYA,SYA,Shenyang,2008,Leave_One_experiments\wth_generated_qc\SYA\SYA2008.WTH,wet_year;nitrogen_stress_year;low_response_year,wet,SYA2008_normal_grid_S0028,pareto_balanced,2008-05-01,122,17,12,"{""sim_day"": 17.0, ""doy"": 122.0, ""topwt"": 0.0, ""grnwt"": 0.0, ""xlai"": 0.0, ""totir"": 0.0, ""tofer"": NaN, ""swfac"": 0.0, ""nstres"": 0.0}",0.0,0.0,0.0,0.0,0.0,0.0,,0.0,0.0,0.0,180.0,63.26517333984376,63.26517333984376,Leave_One_experiments/all_year_offline_schedule_search/daily_outputs/SYA/SYA_2008_SYA2008_normal_grid_S0028_daily.csv
SYA,SYA,Shenyang,2008,Leave_One_experiments\wth_generated_qc\SYA\SYA2008.WTH,wet_year;nitrogen_stress_year;low_response_year,wet,SYA2008_normal_grid_S0028,pareto_balanced,2008-05-02,123,18,13,"{""sim_day"": 18.0, ""doy"": 123.0, ""topwt"": 0.0, ""grnwt"": 0.0, ""xlai"": 0.0, ""totir"": 0.0, ""tofer"": NaN, ""swfac"": 0.0, ""nstres"": 0.0}",0.0,0.0,0.0,0.0,0.0,0.0,,0.0,0.0,0.0,180.0,63.26517333984376,63.26517333984376,Leave_One_experiments/all_year_offline_schedule_search/daily_outputs/SYA/SYA_2008_SYA2008_normal_grid_S0028_daily.csv
SYA,SYA,Shenyang,2008,Leave_One_experiments\wth_generated_qc\SYA\SYA2008.WTH,wet_year;nitrogen_stress_year;low_response_year,wet,SYA2008_normal_grid_S0028,pareto_balanced,2008-05-03,124,19,14,"{""sim_day"": 19.0, ""doy"": 124.0, ""topwt"": 17.600001096725464, ""grnwt"": 0.0, ""xlai"": 0.0011054778005927, ""totir"": 0.0, ""tofer"": NaN, ""swfac"": 0.0, ""nstres"": 0.0121910572052001}",0.0,0.0121910572052001,17.600001096725464,0.0,0.0011054778005927,0.0,,0.0,0.0,0.0,180.0,63.26517333984376,63.26517333984376,Leave_One_experiments/all_year_offline_schedule_search/daily_outputs/SYA/SYA_2008_SYA2008_normal_grid_S0028_daily.csv
SYA,SYA,Shenyang,2008,Leave_One_experiments\wth_generated_qc\SYA\SYA2008.WTH,wet_year;nitrogen_stress_year;low_response_year,wet,SYA2008_normal_grid_S0028,pareto_balanced,2008-05-04,125,20,15,"{""sim_day"": 20.0, ""doy"": 125.0, ""topwt"": 17.600001096725464, ""grnwt"": 0.0, ""xlai"": 0.0020920152310281, ""totir"": 0.0, ""tofer"": NaN, ""swfac"": 0.0, ""nstres"": 0.0155877470970153}",0.0,0.0155877470970153,17.600001096725464,0.0,0.0020920152310281,0.0,,0.0,0.0,0.0,180.0,63.26517333984376,63.26517333984376,Leave_One_experiments/all_year_offline_schedule_search/daily_outputs/SYA/SYA_2008_SYA2008_normal_grid_S0028_daily.csv
SYA,SYA,Shenyang,2008,Leave_One_experiments\wth_generated_qc\SYA\SYA2008.WTH,wet_year;nitrogen_stress_year;low_response_year,wet,SYA2008_normal_grid_S0028,pareto_balanced,2008-05-05,126,21,16,"{""sim_day"": 21.0, ""doy"": 126.0, ""topwt"": 17.600001096725464, ""grnwt"": 0.0, ""xlai"": 0.0034288757015019, ""totir"": 0.0, ""tofer"": NaN, ""swfac"": 0.0, ""nstres"": 0.0114073753356933}",0.0,0.0114073753356933,17.600001096725464,0.0,0.0034288757015019,0.0,,0.0,0.0,0.0,180.0,63.26517333984376,63.26517333984376,Leave_One_experiments/all_year_offline_schedule_search/daily_outputs/SYA/SYA_2008_SYA2008_normal_grid_S0028_daily.csv
SYA,SYA,Shenyang,2008,Leave_One_experiments\wth_generated_qc\SYA\SYA2008.WTH,wet_year;nitrogen_stress_year;low_response_year,wet,SYA2008_normal_grid_S0028,pareto_balanced,2008-05-06,127,22,17,"{""sim_day"": 22.0, ""doy"": 127.0, ""topwt"": 17.600001096725464, ""grnwt"": 0.0, ""xlai"": 0.0048212162218987, ""totir"": 0.0, ""tofer"": NaN, ""swfac"": 0.0, ""nstres"": 0.0074214935302734}",0.0,0.0074214935302734,17.600001096725464,0.0,0.0048212162218987,0.0,,0.0,0.0,0.0,180.0,63.26517333984376,63.26517333984376,Leave_One_experiments/all_year_offline_schedule_search/daily_outputs/SYA/SYA_2008_SYA2008_normal_grid_S0028_daily.csv
SYA,SYA,Shenyang,2008,Leave_One_experiments\wth_generated_qc\SYA\SYA2008.WTH,wet_year;nitrogen_stress_year;low_response_year,wet,SYA2008_normal_grid_S0028,pareto_balanced,2008-05-07,128,23,18,"{""sim_day"": 23.0, ""doy"": 128.0, ""topwt"": 17.600001096725464, ""grnwt"": 0.0, ""xlai"": 0.006046462804079, ""totir"": 0.0, ""tofer"": NaN, ""swfac"": 0.0, ""nstres"": 0.0041015148162841}",0.0,0.0041015148162841,17.600001096725464,0.0,0.006046462804079,0.0,,0.0,0.0,0.0,180.0,63.26517333984376,63.26517333984376,Leave_One_experiments/all_year_offline_schedule_search/daily_outputs/SYA/SYA_2008_SYA2008_normal_grid_S0028_daily.csv
SYA,SYA,Shenyang,2008,Leave_One_experiments\wth_generated_qc\SYA\SYA2008.WTH,wet_year;nitrogen_stress_year;low_response_year,wet,SYA2008_normal_grid_S0028,pareto_balanced,2008-05-08,129,24,19,"{""sim_day"": 24.0, ""doy"": 129.0, ""topwt"": 17.600001096725464, ""grnwt"": 0.0, ""xlai"": 0.0072028553113341, ""totir"": 0.0, ""tofer"": NaN, ""swfac"": 0.0, ""nstres"": 0.000999093055725}",0.0,0.000999093055725,17.600001096725464,0.0,0.0072028553113341,0.0,,0.0,0.0,0.0,180.0,63.26517333984376,63.26517333984376,Leave_One_experiments/all_year_offline_schedule_search/daily_outputs/SYA/SYA_2008_SYA2008_normal_grid_S0028_daily.csv
SYA,SYA,Shenyang,2008,Leave_One_experiments\wth_generated_qc\SYA\SYA2008.WTH,wet_year;nitrogen_stress_year;low_response_year,wet,SYA2008_normal_grid_S0028,pareto_balanced,2008-05-09,130,25,20,"{""sim_day"": 25.0, ""doy"": 130.0, ""topwt"": 17.600001096725464, ""grnwt"": 0.0, ""xlai"": 0.0083468118682503, ""totir"": 0.0, ""tofer"": NaN, ""swfac"": 0.0, ""nstres"": 0.0}",0.0,0.0,17.600001096725464,0.0,0.0083468118682503,0.0,,0.0,0.0,0.0,180.0,63.26517333984376,63.26517333984376,Leave_One_experiments/all_year_offline_schedule_search/daily_outputs/SYA/SYA_2008_SYA2008_normal_grid_S0028_daily.csv
SYA,SYA,Shenyang,2008,Leave_One_experiments\wth_generated_qc\SYA\SYA2008.WTH,wet_year;nitrogen_stress_year;low_response_year,wet,SYA2008_normal_grid_S0028,pareto_balanced,2008-05-10,131,26,21,"{""sim_day"": 26.0, ""doy"": 131.0, ""topwt"": 17.600001096725464, ""grnwt"": 0.0, ""xlai"": 0.0092357220128178, ""totir"": 0.0, ""tofer"": NaN, ""swfac"": 0.0, ""nstres"": 0.0}",0.0,0.0,17.600001096725464,0.0,0.0092357220128178,0.0,,0.0,0.0,0.0,180.0,63.26517333984376,63.26517333984376,Leave_One_experiments/all_year_offline_schedule_search/daily_outputs/SYA/SYA_2008_SYA2008_normal_grid_S0028_daily.csv
SYA,SYA,Shenyang,2008,Leave_One_experiments\wth_generated_qc\SYA\SYA2008.WTH,wet_year;nitrogen_stress_year;low_response_year,wet,SYA2008_normal_grid_S0028,pareto_balanced,2008-05-11,132,27,22,"{""sim_day"": 27.0, ""doy"": 132.0, ""topwt"": 17.600001096725464, ""grnwt"": 0.0, ""xlai"": 0.0101149026304483, ""totir"": 0.0, ""tofer"": NaN, ""swfac"": 0.0, ""nstres"": 0.0}",0.0,0.0,17.600001096725464,0.0,0.0101149026304483,0.0,,0.0,0.0,0.0,180.0,63.26517333984376,63.26517333984376,Leave_One_experiments/all_year_offline_schedule_search/daily_outputs/SYA/SYA_2008_SYA2008_normal_grid_S0028_daily.csv
SYA,SYA,Shenyang,2008,Leave_One_experiments\wth_generated_qc\SYA\SYA2008.WTH,wet_year;nitrogen_stress_year;low_response_year,wet,SYA2008_normal_grid_S0028,pareto_balanced,2008-05-12,133,28,23,"{""sim_day"": 28.0, ""doy"": 133.0, ""topwt"": 17.600001096725464, ""grnwt"": 0.0, ""xlai"": 0.0112733300775289, ""totir"": 0.0, ""tofer"": NaN, ""swfac"": 0.0, ""nstres"": 0.0}",0.0,0.0,17.600001096725464,0.0,0.0112733300775289,0.0,,0.0,0.0,0.0,180.0,63.26517333984376,63.26517333984376,Leave_One_experiments/all_year_offline_schedule_search/daily_outputs/SYA/SYA_2008_SYA2008_normal_grid_S0028_daily.csv
SYA,SYA,Shenyang,2008,Leave_One_experiments\wth_generated_qc\SYA\SYA2008.WTH,wet_year;nitrogen_stress_year;low_response_year,wet,SYA2008_normal_grid_S0028,pareto_balanced,2008-05-13,134,29,24,"{""sim_day"": 29.0, ""doy"": 134.0, ""topwt"": 17.600001096725464, ""grnwt"": 0.0, ""xlai"": 0.0126456934958696, ""totir"": 0.0, ""tofer"": NaN, ""swfac"": 0.0, ""nstres"": 0.0}",0.0,0.0,17.600001096725464,0.0,0.0126456934958696,0.0,,0.0,0.0,0.0,180.0,63.26517333984376,63.26517333984376,Leave_One_experiments/all_year_offline_schedule_search/daily_outputs/SYA/SYA_2008_SYA2008_normal_grid_S0028_daily.csv
SYA,SYA,Shenyang,2008,Leave_One_experiments\wth_generated_qc\SYA\SYA2008.WTH,wet_year;nitrogen_stress_year;low_response_year,wet,SYA2008_normal_grid_S0028,pareto_balanced,2008-05-14,135,30,25,"{""sim_day"": 30.0, ""doy"": 135.0, ""topwt"": 17.600001096725464, ""grnwt"": 0.0, ""xlai"": 0.018009964376688, ""totir"": 0.0, ""tofer"": NaN, ""swfac"": 0.0, ""nstres"": 0.0}",0.0,0.0,17.600001096725464,0.0,0.018009964376688,0.0,,0.0,0.0,0.0,180.0,63.26517333984376,63.26517333984376,Leave_One_experiments/all_year_offline_schedule_search/daily_outputs/SYA/SYA_2008_SYA2008_normal_grid_S0028_daily.csv
SYA,SYA,Shenyang,2008,Leave_One_experiments\wth_generated_qc\SYA\SYA2008.WTH,wet_year;nitrogen_stress_year;low_response_year,wet,SYA2008_normal_grid_S0028,pareto_balanced,2008-05-15,136,31,26,"{""sim_day"": 31.0, ""doy"": 136.0, ""topwt"": 17.600001096725464, ""grnwt"": 0.0, ""xlai"": 0.0253021828830242, ""totir"": 0.0, ""tofer"": NaN, ""swfac"": 0.0, ""nstres"": 0.0}",0.0,0.0,17.600001096725464,0.0,0.0253021828830242,0.0,,0.0,0.0,0.0,180.0,63.26517333984376,63.26517333984376,Leave_One_experiments/all_year_offline_schedule_search/daily_outputs/SYA/SYA_2008_SYA2008_normal_grid_S0028_daily.csv
SYA,SYA,Shenyang,2008,Leave_One_experiments\wth_generated_qc\SYA\SYA2008.WTH,wet_year;nitrogen_stress_year;low_response_year,wet,SYA2008_normal_grid_S0028,pareto_balanced,2008-05-16,137,32,27,"{""sim_day"": 32.0, ""doy"": 137.0, ""topwt"": 18.024578094482425, ""grnwt"": 0.0, ""xlai"": 0.0313072651624679, ""totir"": 0.0, ""tofer"": NaN, ""swfac"": 0.0, ""nstres"": 0.0}",0.0,0.0,18.024578094482425,0.0,0.0313072651624679,0.0,,0.0,0.0,0.0,180.0,63.26517333984376,63.26517333984376,Leave_One_experiments/all_year_offline_schedule_search/daily_outputs/SYA/SYA_2008_SYA2008_normal_grid_S0028_daily.csv
SYA,SYA,Shenyang,2008,Leave_One_experiments\wth_generated_qc\SYA\SYA2008.WTH,wet_year;nitrogen_stress_year;low_response_year,wet,SYA2008_normal_grid_S0028,pareto_balanced,2008-05-17,138,33,28,"{""sim_day"": 33.0, ""doy"": 138.0, ""topwt"": 20.03047466278076, ""grnwt"": 0.0, ""xlai"": 0.036619734019041, ""totir"": 0.0, ""tofer"": NaN, ""swfac"": 0.0, ""nstres"": 0.0}",0.0,0.0,20.03047466278076,0.0,0.036619734019041,0.0,,0.0,0.0,0.0,180.0,63.26517333984376,63.26517333984376,Leave_One_experiments/all_year_offline_schedule_search/daily_outputs/SYA/SYA_2008_SYA2008_normal_grid_S0028_daily.csv
SYA,SYA,Shenyang,2008,Leave_One_experiments\wth_generated_qc\SYA\SYA2008.WTH,wet_year;nitrogen_stress_year;low_response_year,wet,SYA2008_normal_grid_S0028,pareto_balanced,2008-05-18,139,34,29,"{""sim_day"": 34.0, ""doy"": 139.0, ""topwt"": 21.117520332336422, ""grnwt"": 0.0, ""xlai"": 0.0394154675304889, ""totir"": 0.0, ""tofer"": NaN, ""swfac"": 0.0, ""nstres"": 0.0}",0.0,0.0,21.117520332336422,0.0,0.0394154675304889,0.0,,0.0,0.0,0.0,180.0,63.26517333984376,63.26517333984376,Leave_One_experiments/all_year_offline_schedule_search/daily_outputs/SYA/SYA_2008_SYA2008_normal_grid_S0028_daily.csv
SYA,SYA,Shenyang,2008,Leave_One_experiments\wth_generated_qc\SYA\SYA2008.WTH,wet_year;nitrogen_stress_year;low_response_year,wet,SYA2008_normal_grid_S0028,pareto_balanced,2008-05-19,140,35,30,"{""sim_day"": 35.0, ""doy"": 140.0, ""topwt"": 24.44208860397339, ""grnwt"": 0.0, ""xlai"": 0.0476735010743141, ""totir"": 0.0, ""tofer"": NaN, ""swfac"": 0.0, ""nstres"": 0.0}",0.0,0.0,24.44208860397339,0.0,0.0476735010743141,0.0,,0.0,50.0,0.0,180.0,63.26517333984376,63.26517333984376,Leave_One_experiments/all_year_offline_schedule_search/daily_outputs/SYA/SYA_2008_SYA2008_normal_grid_S0028_daily.csv
SYA,SYA,Shenyang,2008,Leave_One_experiments\wth_generated_qc\SYA\SYA2008.WTH,wet_year;nitrogen_stress_year;low_response_year,wet,SYA2008_normal_grid_S0028,pareto_balanced,2008-05-20,141,36,31,"{""sim_day"": 36.0, ""doy"": 141.0, ""topwt"": 27.2324538230896, ""grnwt"": 0.0, ""xlai"": 0.0543246194720268, ""totir"": 0.0, ""tofer"": NaN, ""swfac"": 0.0, ""nstres"": 0.0}",0.0,0.0,27.2324538230896,0.0,0.0543246194720268,0.0,,0.0,0.0,0.0,180.0,63.26517333984376,63.26517333984376,Leave_One_experiments/all_year_offline_schedule_search/daily_outputs/SYA/SYA_2008_SYA2008_normal_grid_S0028_daily.csv
SYA,SYA,Shenyang,2008,Leave_One_experiments\wth_generated_qc\SYA\SYA2008.WTH,wet_year;nitrogen_stress_year;low_response_year,wet,SYA2008_normal_grid_S0028,pareto_balanced,2008-05-21,142,37,32,"{""sim_day"": 37.0, ""doy"": 142.0, ""topwt"": 30.76852321624756, ""grnwt"": 0.0, ""xlai"": 0.0624613761901855, ""totir"": 0.0, ""tofer"": NaN, ""swfac"": 0.0, ""nstres"": 0.0}",0.0,0.0,30.76852321624756,0.0,0.0624613761901855,0.0,,0.0,0.0,0.0,180.0,63.26517333984376,63.26517333984376,Leave_One_experiments/all_year_offline_schedule_search/daily_outputs/SYA/SYA_2008_SYA2008_normal_grid_S0028_daily.csv
SYA,SYA,Shenyang,2008,Leave_One_experiments\wth_generated_qc\SYA\SYA2008.WTH,wet_year;nitrogen_stress_year;low_response_year,wet,SYA2008_normal_grid_S0028,pareto_balanced,2008-05-22,143,38,33,"{""sim_day"": 38.0, ""doy"": 143.0, ""topwt"": 36.352856159210205, ""grnwt"": 0.0, ""xlai"": 0.0747817829251289, ""totir"": 0.0, ""tofer"": NaN, ""swfac"": 0.0, ""nstres"": 0.0}",0.0,0.0,36.352856159210205,0.0,0.0747817829251289,0.0,,0.0,0.0,0.0,180.0,63.26517333984376,63.26517333984376,Leave_One_experiments/all_year_offline_schedule_search/daily_outputs/SYA/SYA_2008_SYA2008_normal_grid_S0028_daily.csv
SYA,SYA,Shenyang,2008,Leave_One_experiments\wth_generated_qc\SYA\SYA2008.WTH,wet_year;nitrogen_stress_year;low_response_year,wet,SYA2008_normal_grid_S0028,pareto_balanced,2008-05-23,144,39,34,"{""sim_day"": 39.0, ""doy"": 144.0, ""topwt"": 42.3237943649292, ""grnwt"": 0.0, ""xlai"": 0.0873896554112434, ""totir"": 0.0, ""tofer"": NaN, ""swfac"": 0.0, ""nstres"": 0.0}",0.0,0.0,42.3237943649292,0.0,0.0873896554112434,0.0,,0.0,0.0,0.0,180.0,63.26517333984376,63.26517333984376,Leave_One_experiments/all_year_offline_schedule_search/daily_outputs/SYA/SYA_2008_SYA2008_normal_grid_S0028_daily.csv
SYA,SYA,Shenyang,2008,Leave_One_experiments\wth_generated_qc\SYA\SYA2008.WTH,wet_year;nitrogen_stress_year;low_response_year,wet,SYA2008_normal_grid_S0028,pareto_balanced,2008-05-24,145,40,35,"{""sim_day"": 40.0, ""doy"": 145.0, ""topwt"": 50.119895935058594, ""grnwt"": 0.0, ""xlai"": 0.1031672358512878, ""totir"": 0.0, ""tofer"": NaN, ""swfac"": 0.0, ""nstres"": 0.0}",0.0,0.0,50.119895935058594,0.0,0.1031672358512878,0.0,,0.0,0.0,0.0,180.0,63.26517333984376,63.26517333984376,Leave_One_experiments/all_year_offline_schedule_search/daily_outputs/SYA/SYA_2008_SYA2008_normal_grid_S0028_daily.csv
SYA,SYA,Shenyang,2008,Leave_One_experiments\wth_generated_qc\SYA\SYA2008.WTH,wet_year;nitrogen_stress_year;low_response_year,wet,SYA2008_normal_grid_S0028,pareto_balanced,2008-05-25,146,41,36,"{""sim_day"": 41.0, ""doy"": 146.0, ""topwt"": 57.21443176269531, ""grnwt"": 0.0, ""xlai"": 0.1169856265187263, ""totir"": 0.0, ""tofer"": NaN, ""swfac"": 0.0, ""nstres"": 0.0}",0.0,0.0,57.21443176269531,0.0,0.1169856265187263,0.0,,0.0,0.0,0.0,180.0,63.26517333984376,63.26517333984376,Leave_One_experiments/all_year_offline_schedule_search/daily_outputs/SYA/SYA_2008_SYA2008_normal_grid_S0028_daily.csv
SYA,SYA,Shenyang,2008,Leave_One_experiments\wth_generated_qc\SYA\SYA2008.WTH,wet_year;nitrogen_stress_year;low_response_year,wet,SYA2008_normal_grid_S0028,pareto_balanced,2008-05-26,147,42,37,"{""sim_day"": 42.0, ""doy"": 147.0, ""topwt"": 64.5206880569458, ""grnwt"": 0.0, ""xlai"": 0.1307769864797592, ""totir"": 0.0, ""tofer"": NaN, ""swfac"": 0.0, ""nstres"": 0.0}",0.0,0.0,64.5206880569458,0.0,0.1307769864797592,0.0,,0.0,0.0,0.0,180.0,63.26517333984376,63.26517333984376,Leave_One_experiments/all_year_offline_schedule_search/daily_outputs/SYA/SYA_2008_SYA2008_normal_grid_S0028_daily.csv
SYA,SYA,Shenyang,2008,Leave_One_experiments\wth_generated_qc\SYA\SYA2008.WTH,wet_year;nitrogen_stress_year;low_response_year,wet,SYA2008_normal_grid_S0028,pareto_balanced,2008-05-27,148,43,38,"{""sim_day"": 43.0, ""doy"": 148.0, ""topwt"": 73.07730197906494, ""grnwt"": 0.0, ""xlai"": 0.146453320980072, ""totir"": 0.0, ""tofer"": NaN, ""swfac"": 0.0, ""nstres"": 0.0}",0.0,0.0,73.07730197906494,0.0,0.146453320980072,0.0,,0.0,0.0,0.0,180.0,63.26517333984376,63.26517333984376,Leave_One_experiments/all_year_offline_schedule_search/daily_outputs/SYA/SYA_2008_SYA2008_normal_grid_S0028_daily.csv
SYA,SYA,Shenyang,2008,Leave_One_experiments\wth_generated_qc\SYA\SYA2008.WTH,wet_year;nitrogen_stress_year;low_response_year,wet,SYA2008_normal_grid_S0028,pareto_balanced,2008-05-28,149,44,39,"{""sim_day"": 44.0, ""doy"": 149.0, ""topwt"": 76.07680797576904, ""grnwt"": 0.0, ""xlai"": 0.1621656566858291, ""totir"": 0.0, ""tofer"": NaN, ""swfac"": 0.0, ""nstres"": 0.0}",0.0,0.0,76.07680797576904,0.0,0.1621656566858291,0.0,,0.0,0.0,0.0,180.0,63.26517333984376,63.26517333984376,Leave_One_experiments/all_year_offline_schedule_search/daily_outputs/SYA/SYA_2008_SYA2008_normal_grid_S0028_daily.csv
SYA,SYA,Shenyang,2008,Leave_One_experiments\wth_generated_qc\SYA\SYA2008.WTH,wet_year;nitrogen_stress_year;low_response_year,wet,SYA2008_normal_grid_S0028,pareto_balanced,2008-05-29,150,45,40,"{""sim_day"": 45.0, ""doy"": 150.0, ""topwt"": 84.62218284606934, ""grnwt"": 0.0, ""xlai"": 0.1782747358083725, ""totir"": 0.0, ""tofer"": NaN, ""swfac"": 0.0, ""nstres"": 0.0034132003784179}",0.0,0.0034132003784179,84.62218284606934,0.0,0.1782747358083725,0.0,,0.0,0.0,0.0,180.0,63.26517333984376,63.26517333984376,Leave_One_experiments/all_year_offline_schedule_search/daily_outputs/SYA/SYA_2008_SYA2008_normal_grid_S0028_daily.csv
SYA,SYA,Shenyang,2008,Leave_One_experiments\wth_generated_qc\SYA\SYA2008.WTH,wet_year;nitrogen_stress_year;low_response_year,wet,SYA2008_normal_grid_S0028,pareto_balanced,2008-05-30,151,46,41,"{""sim_day"": 46.0, ""doy"": 151.0, ""topwt"": 96.02468490600586, ""grnwt"": 0.0, ""xlai"": 0.1991945803165435, ""totir"": 0.0, ""tofer"": NaN, ""swfac"": 0.0, ""nstres"": 0.0}",0.0,0.0,96.02468490600586,0.0,0.1991945803165435,0.0,,0.0,0.0,0.0,180.0,63.26517333984376,63.26517333984376,Leave_One_experiments/all_year_offline_schedule_search/daily_outputs/SYA/SYA_2008_SYA2008_normal_grid_S0028_daily.csv
SYA,SYA,Shenyang,2008,Leave_One_experiments\wth_generated_qc\SYA\SYA2008.WTH,wet_year;nitrogen_stress_year;low_response_year,wet,SYA2008_normal_grid_S0028,pareto_balanced,2008-05-31,152,47,42,"{""sim_day"": 47.0, ""doy"": 152.0, ""topwt"": 106.53738975524902, ""grnwt"": 0.0, ""xlai"": 0.2179781645536422, ""totir"": 0.0, ""tofer"": NaN, ""swfac"": 0.0, ""nstres"": 0.0}",0.0,0.0,106.53738975524902,0.0,0.2179781645536422,0.0,,0.0,0.0,0.0,180.0,63.26517333984376,63.26517333984376,Leave_One_experiments/all_year_offline_schedule_search/daily_outputs/SYA/SYA_2008_SYA2008_normal_grid_S0028_daily.csv
SYA,SYA,Shenyang,2008,Leave_One_experiments\wth_generated_qc\SYA\SYA2008.WTH,wet_year;nitrogen_stress_year;low_response_year,wet,SYA2008_normal_grid_S0028,pareto_balanced,2008-06-01,153,48,43,"{""sim_day"": 48.0, ""doy"": 153.0, ""topwt"": 114.23017501831056, ""grnwt"": 0.0, ""xlai"": 0.2314494848251342, ""totir"": 0.0, ""tofer"": NaN, ""swfac"": 0.0, ""nstres"": 0.0}",0.0,0.0,114.23017501831056,0.0,0.2314494848251342,0.0,,0.0,0.0,0.0,180.0,63.26517333984376,63.26517333984376,Leave_One_experiments/all_year_offline_schedule_search/daily_outputs/SYA/SYA_2008_SYA2008_normal_grid_S0028_daily.csv
SYA,SYA,Shenyang,2008,Leave_One_experiments\wth_generated_qc\SYA\SYA2008.WTH,wet_year;nitrogen_stress_year;low_response_year,wet,SYA2008_normal_grid_S0028,pareto_balanced,2008-06-02,154,49,44,"{""sim_day"": 49.0, ""doy"": 154.0, ""topwt"": 126.8784236907959, ""grnwt"": 0.0, ""xlai"": 0.2531607747077942, ""totir"": 0.0, ""tofer"": NaN, ""swfac"": 0.0, ""nstres"": 0.0}",0.0,0.0,126.8784236907959,0.0,0.2531607747077942,0.0,,0.0,0.0,0.0,180.0,63.26517333984376,63.26517333984376,Leave_One_experiments/all_year_offline_schedule_search/daily_outputs/SYA/SYA_2008_SYA2008_normal_grid_S0028_daily.csv
SYA,SYA,Shenyang,2008,Leave_One_experiments\wth_generated_qc\SYA\SYA2008.WTH,wet_year;nitrogen_stress_year;low_response_year,wet,SYA2008_normal_grid_S0028,pareto_balanced,2008-06-03,155,50,45,"{""sim_day"": 50.0, ""doy"": 155.0, ""topwt"": 138.91545295715332, ""grnwt"": 0.0, ""xlai"": 0.2733164131641388, ""totir"": 0.0, ""tofer"": NaN, ""swfac"": 0.0, ""nstres"": 0.0}",0.0,0.0,138.91545295715332,0.0,0.2733164131641388,0.0,,0.0,0.0,0.0,180.0,63.26517333984376,63.26517333984376,Leave_One_experiments/all_year_offline_schedule_search/daily_outputs/SYA/SYA_2008_SYA2008_normal_grid_S0028_daily.csv
SYA,SYA,Shenyang,2008,Leave_One_experiments\wth_generated_qc\SYA\SYA2008.WTH,wet_year;nitrogen_stress_year;low_response_year,wet,SYA2008_normal_grid_S0028,pareto_balanced,2008-06-04,156,51,46,"{""sim_day"": 51.0, ""doy"": 156.0, ""topwt"": 150.99164962768555, ""grnwt"": 0.0, ""xlai"": 0.2931633293628692, ""totir"": 0.0, ""tofer"": NaN, ""swfac"": 0.0, ""nstres"": 0.0}",0.0,0.0,150.99164962768555,0.0,0.2931633293628692,0.0,,0.0,0.0,0.0,180.0,63.26517333984376,63.26517333984376,Leave_One_experiments/all_year_offline_schedule_search/daily_outputs/SYA/SYA_2008_SYA2008_normal_grid_S0028_daily.csv
SYA,SYA,Shenyang,2008,Leave_One_experiments\wth_generated_qc\SYA\SYA2008.WTH,wet_year;nitrogen_stress_year;low_response_year,wet,SYA2008_normal_grid_S0028,pareto_balanced,2008-06-05,157,52,47,"{""sim_day"": 52.0, ""doy"": 157.0, ""topwt"": 172.83374786376953, ""grnwt"": 0.0, ""xlai"": 0.3282226026058197, ""totir"": 0.0, ""tofer"": NaN, ""swfac"": 0.0, ""nstres"": 0.0}",0.0,0.0,172.83374786376953,0.0,0.3282226026058197,0.0,,0.0,0.0,0.0,180.0,63.26517333984376,63.26517333984376,Leave_One_experiments/all_year_offline_schedule_search/daily_outputs/SYA/SYA_2008_SYA2008_normal_grid_S0028_daily.csv
SYA,SYA,Shenyang,2008,Leave_One_experiments\wth_generated_qc\SYA\SYA2008.WTH,wet_year;nitrogen_stress_year;low_response_year,wet,SYA2008_normal_grid_S0028,pareto_balanced,2008-06-06,158,53,48,"{""sim_day"": 53.0, ""doy"": 158.0, ""topwt"": 190.92788696289065, ""grnwt"": 0.0, ""xlai"": 0.3565079271793365, ""totir"": 0.0, ""tofer"": NaN, ""swfac"": 0.0, ""nstres"": 0.0}",0.0,0.0,190.92788696289065,0.0,0.3565079271793365,0.0,,0.0,0.0,0.0,180.0,63.26517333984376,63.26517333984376,Leave_One_experiments/all_year_offline_schedule_search/daily_outputs/SYA/SYA_2008_SYA2008_normal_grid_S0028_daily.csv
SYA,SYA,Shenyang,2008,Leave_One_experiments\wth_generated_qc\SYA\SYA2008.WTH,wet_year;nitrogen_stress_year;low_response_year,wet,SYA2008_normal_grid_S0028,pareto_balanced,2008-06-07,159,54,49,"{""sim_day"": 54.0, ""doy"": 159.0, ""topwt"": 214.0134429931641, ""grnwt"": 0.0, ""xlai"": 0.389759749174118, ""totir"": 0.0, ""tofer"": NaN, ""swfac"": 0.0, ""nstres"": 0.0}",0.0,0.0,214.0134429931641,0.0,0.389759749174118,0.0,,0.0,0.0,0.0,180.0,63.26517333984376,63.26517333984376,Leave_One_experiments/all_year_offline_schedule_search/daily_outputs/SYA/SYA_2008_SYA2008_normal_grid_S0028_daily.csv
SYA,SYA,Shenyang,2008,Leave_One_experiments\wth_generated_qc\SYA\SYA2008.WTH,wet_year;nitrogen_stress_year;low_response_year,wet,SYA2008_normal_grid_S0028,pareto_balanced,2008-06-08,160,55,50,"{""sim_day"": 55.0, ""doy"": 160.0, ""topwt"": 245.04688262939453, ""grnwt"": 0.0, ""xlai"": 0.437499850988388, ""totir"": 0.0, ""tofer"": NaN, ""swfac"": 0.0, ""nstres"": 0.0}",0.0,0.0,245.04688262939453,0.0,0.437499850988388,0.0,,0.0,0.0,0.0,180.0,63.26517333984376,63.26517333984376,Leave_One_experiments/all_year_offline_schedule_search/daily_outputs/SYA/SYA_2008_SYA2008_normal_grid_S0028_daily.csv
SYA,SYA,Shenyang,2008,Leave_One_experiments\wth_generated_qc\SYA\SYA2008.WTH,wet_year;nitrogen_stress_year;low_response_year,wet,SYA2008_normal_grid_S0028,pareto_balanced,2008-06-09,161,56,51,"{""sim_day"": 56.0, ""doy"": 161.0, ""topwt"": 279.31846618652344, ""grnwt"": 0.0, ""xlai"": 0.4883589148521423, ""totir"": 0.0, ""tofer"": NaN, ""swfac"": 0.0, ""nstres"": 0.0}",0.0,0.0,279.31846618652344,0.0,0.4883589148521423,0.0,,0.0,0.0,0.0,180.0,63.26517333984376,63.26517333984376,Leave_One_experiments/all_year_offline_schedule_search/daily_outputs/SYA/SYA_2008_SYA2008_normal_grid_S0028_daily.csv
SYA,SYA,Shenyang,2008,Leave_One_experiments\wth_generated_qc\SYA\SYA2008.WTH,wet_year;nitrogen_stress_year;low_response_year,wet,SYA2008_normal_grid_S0028,pareto_balanced,2008-06-10,162,57,52,"{""sim_day"": 57.0, ""doy"": 162.0, ""topwt"": 319.8989677429199, ""grnwt"": 0.0, ""xlai"": 0.5462107062339783, ""totir"": 0.0, ""tofer"": NaN, ""swfac"": 0.0, ""nstres"": 0.0}",0.0,0.0,319.8989677429199,0.0,0.5462107062339783,0.0,,0.0,0.0,0.0,180.0,63.26517333984376,63.26517333984376,Leave_One_experiments/all_year_offline_schedule_search/daily_outputs/SYA/SYA_2008_SYA2008_normal_grid_S0028_daily.csv
SYA,SYA,Shenyang,2008,Leave_One_experiments\wth_generated_qc\SYA\SYA2008.WTH,wet_year;nitrogen_stress_year;low_response_year,wet,SYA2008_normal_grid_S0028,pareto_balanced,2008-06-11,163,58,53,"{""sim_day"": 58.0, ""doy"": 163.0, ""topwt"": 366.2557601928711, ""grnwt"": 0.0, ""xlai"": 0.6094210147857666, ""totir"": 0.0, ""tofer"": NaN, ""swfac"": 0.0, ""nstres"": 0.0}",0.0,0.0,366.2557601928711,0.0,0.6094210147857666,0.0,,0.0,0.0,0.0,180.0,63.26517333984376,63.26517333984376,Leave_One_experiments/all_year_offline_schedule_search/daily_outputs/SYA/SYA_2008_SYA2008_normal_grid_S0028_daily.csv
SYA,SYA,Shenyang,2008,Leave_One_experiments\wth_generated_qc\SYA\SYA2008.WTH,wet_year;nitrogen_stress_year;low_response_year,wet,SYA2008_normal_grid_S0028,pareto_balanced,2008-06-12,164,59,54,"{""sim_day"": 59.0, ""doy"": 164.0, ""topwt"": 420.6319046020508, ""grnwt"": 0.0, ""xlai"": 0.6800054311752319, ""totir"": 0.0, ""tofer"": NaN, ""swfac"": 0.0, ""nstres"": 0.0}",0.0,0.0,420.6319046020508,0.0,0.6800054311752319,0.0,,0.0,0.0,0.0,180.0,63.26517333984376,63.26517333984376,Leave_One_experiments/all_year_offline_schedule_search/daily_outputs/SYA/SYA_2008_SYA2008_normal_grid_S0028_daily.csv
SYA,SYA,Shenyang,2008,Leave_One_experiments\wth_generated_qc\SYA\SYA2008.WTH,wet_year;nitrogen_stress_year;low_response_year,wet,SYA2008_normal_grid_S0028,pareto_balanced,2008-06-13,165,60,55,"{""sim_day"": 60.0, ""doy"": 165.0, ""topwt"": 472.8163146972656, ""grnwt"": 0.0, ""xlai"": 0.7446287274360657, ""totir"": 0.0, ""tofer"": NaN, ""swfac"": 0.0, ""nstres"": 0.0}",0.0,0.0,472.8163146972656,0.0,0.7446287274360657,0.0,,0.0,0.0,0.0,180.0,63.26517333984376,63.26517333984376,Leave_One_experiments/all_year_offline_schedule_search/daily_outputs/SYA/SYA_2008_SYA2008_normal_grid_S0028_daily.csv
SYA,SYA,Shenyang,2008,Leave_One_experiments\wth_generated_qc\SYA\SYA2008.WTH,wet_year;nitrogen_stress_year;low_response_year,wet,SYA2008_normal_grid_S0028,pareto_balanced,2008-06-14,166,61,56,"{""sim_day"": 61.0, ""doy"": 166.0, ""topwt"": 534.5425415039062, ""grnwt"": 0.0, ""xlai"": 0.817367672920227, ""totir"": 0.0, ""tofer"": NaN, ""swfac"": 0.0, ""nstres"": 0.0}",0.0,0.0,534.5425415039062,0.0,0.817367672920227,0.0,,0.0,0.0,0.0,180.0,63.26517333984376,63.26517333984376,Leave_One_experiments/all_year_offline_schedule_search/daily_outputs/SYA/SYA_2008_SYA2008_normal_grid_S0028_daily.csv
SYA,SYA,Shenyang,2008,Leave_One_experiments\wth_generated_qc\SYA\SYA2008.WTH,wet_year;nitrogen_stress_year;low_response_year,wet,SYA2008_normal_grid_S0028,pareto_balanced,2008-06-15,167,62,57,"{""sim_day"": 62.0, ""doy"": 167.0, ""topwt"": 621.83837890625, ""grnwt"": 0.0, ""xlai"": 0.9143561124801636, ""totir"": 0.0, ""tofer"": NaN, ""swfac"": 0.0, ""nstres"": 0.0}",0.0,0.0,621.83837890625,0.0,0.9143561124801636,0.0,,0.0,0.0,0.0,180.0,63.26517333984376,63.26517333984376,Leave_One_experiments/all_year_offline_schedule_search/daily_outputs/SYA/SYA_2008_SYA2008_normal_grid_S0028_daily.csv
SYA,SYA,Shenyang,2008,Leave_One_experiments\wth_generated_qc\SYA\SYA2008.WTH,wet_year;nitrogen_stress_year;low_response_year,wet,SYA2008_normal_grid_S0028,pareto_balanced,2008-06-16,168,63,58,"{""sim_day"": 63.0, ""doy"": 168.0, ""topwt"": 692.3623657226562, ""grnwt"": 0.0, ""xlai"": 0.988692820072174, ""totir"": 0.0, ""tofer"": NaN, ""swfac"": 0.0, ""nstres"": 0.0}",0.0,0.0,692.3623657226562,0.0,0.988692820072174,0.0,,0.0,0.0,0.0,180.0,63.26517333984376,63.26517333984376,Leave_One_experiments/all_year_offline_schedule_search/daily_outputs/SYA/SYA_2008_SYA2008_normal_grid_S0028_daily.csv
SYA,SYA,Shenyang,2008,Leave_One_experiments\wth_generated_qc\SYA\SYA2008.WTH,wet_year;nitrogen_stress_year;low_response_year,wet,SYA2008_normal_grid_S0028,pareto_balanced,2008-06-17,169,64,59,"{""sim_day"": 64.0, ""doy"": 169.0, ""topwt"": 754.2063903808594, ""grnwt"": 0.0, ""xlai"": 1.0511976480484009, ""totir"": 0.0, ""tofer"": NaN, ""swfac"": 0.0, ""nstres"": 0.0}",0.0,0.0,754.2063903808594,0.0,1.0511976480484009,0.0,,0.0,0.0,0.0,180.0,63.26517333984376,63.26517333984376,Leave_One_experiments/all_year_offline_schedule_search/daily_outputs/SYA/SYA_2008_SYA2008_normal_grid_S0028_daily.csv
SYA,SYA,Shenyang,2008,Leave_One_experiments\wth_generated_qc\SYA\SYA2008.WTH,wet_year;nitrogen_stress_year;low_response_year,wet,SYA2008_normal_grid_S0028,pareto_balanced,2008-06-18,170,65,60,"{""sim_day"": 65.0, ""doy"": 170.0, ""topwt"": 833.0166625976562, ""grnwt"": 0.0, ""xlai"": 1.127142310142517, ""totir"": 0.0, ""tofer"": NaN, ""swfac"": 0.0, ""nstres"": 0.0}",0.0,0.0,833.0166625976562,0.0,1.127142310142517,0.0,,0.0,50.0,0.0,180.0,63.26517333984376,63.26517333984376,Leave_One_experiments/all_year_offline_schedule_search/daily_outputs/SYA/SYA_2008_SYA2008_normal_grid_S0028_daily.csv
SYA,SYA,Shenyang,2008,Leave_One_experiments\wth_generated_qc\SYA\SYA2008.WTH,wet_year;nitrogen_stress_year;low_response_year,wet,SYA2008_normal_grid_S0028,pareto_balanced,2008-06-19,171,66,61,"{""sim_day"": 66.0, ""doy"": 171.0, ""topwt"": 929.4225311279296, ""grnwt"": 0.0, ""xlai"": 1.214973211288452, ""totir"": 0.0, ""tofer"": NaN, ""swfac"": 0.0, ""nstres"": 0.0}",0.0,0.0,929.4225311279296,0.0,1.214973211288452,0.0,,0.0,0.0,0.0,180.0,63.26517333984376,63.26517333984376,Leave_One_experiments/all_year_offline_schedule_search/daily_outputs/SYA/SYA_2008_SYA2008_normal_grid_S0028_daily.csv
SYA,SYA,Shenyang,2008,Leave_One_experiments\wth_generated_qc\SYA\SYA2008.WTH,wet_year;nitrogen_stress_year;low_response_year,wet,SYA2008_normal_grid_S0028,pareto_balanced,2008-06-20,172,67,62,"{""sim_day"": 67.0, ""doy"": 172.0, ""topwt"": 1024.100112915039, ""grnwt"": 0.0, ""xlai"": 1.296659231185913, ""totir"": 0.0, ""tofer"": NaN, ""swfac"": 0.0, ""nstres"": 0.0}",0.0,0.0,1024.100112915039,0.0,1.296659231185913,0.0,,0.0,0.0,0.0,180.0,63.26517333984376,63.26517333984376,Leave_One_experiments/all_year_offline_schedule_search/daily_outputs/SYA/SYA_2008_SYA2008_normal_grid_S0028_daily.csv
SYA,SYA,Shenyang,2008,Leave_One_experiments\wth_generated_qc\SYA\SYA2008.WTH,wet_year;nitrogen_stress_year;low_response_year,wet,SYA2008_normal_grid_S0028,pareto_balanced,2008-06-21,173,68,63,"{""sim_day"": 68.0, ""doy"": 173.0, ""topwt"": 1129.3550872802734, ""grnwt"": 0.0, ""xlai"": 1.3825050592422483, ""totir"": 0.0, ""tofer"": NaN, ""swfac"": 0.0, ""nstres"": 0.0}",0.0,0.0,1129.3550872802734,0.0,1.3825050592422483,0.0,,0.0,0.0,0.0,180.0,63.26517333984376,63.26517333984376,Leave_One_experiments/all_year_offline_schedule_search/daily_outputs/SYA/SYA_2008_SYA2008_normal_grid_S0028_daily.csv
SYA,SYA,Shenyang,2008,Leave_One_experiments\wth_generated_qc\SYA\SYA2008.WTH,wet_year;nitrogen_stress_year;low_response_year,wet,SYA2008_normal_grid_S0028,pareto_balanced,2008-06-22,174,69,64,"{""sim_day"": 69.0, ""doy"": 174.0, ""topwt"": 1189.858627319336, ""grnwt"": 0.0, ""xlai"": 1.4296236038208008, ""totir"": 0.0, ""tofer"": NaN, ""swfac"": 0.0, ""nstres"": 0.0}",0.0,0.0,1189.858627319336,0.0,1.4296236038208008,0.0,,0.0,0.0,0.0,180.0,63.26517333984376,63.26517333984376,Leave_One_experiments/all_year_offline_schedule_search/daily_outputs/SYA/SYA_2008_SYA2008_normal_grid_S0028_daily.csv
SYA,SYA,Shenyang,2008,Leave_One_experiments\wth_generated_qc\SYA\SYA2008.WTH,wet_year;nitrogen_stress_year;low_response_year,wet,SYA2008_normal_grid_S0028,pareto_balanced,2008-06-23,175,70,65,"{""sim_day"": 70.0, ""doy"": 175.0, ""topwt"": 1271.3519287109375, ""grnwt"": 0.0, ""xlai"": 1.49043607711792, ""totir"": 0.0, ""tofer"": NaN, ""swfac"": 0.0, ""nstres"": 0.0}",0.0,0.0,1271.3519287109375,0.0,1.49043607711792,0.0,,0.0,0.0,0.0,180.0,63.26517333984376,63.26517333984376,Leave_One_experiments/all_year_offline_schedule_search/daily_outputs/SYA/SYA_2008_SYA2008_normal_grid_S0028_daily.csv
SYA,SYA,Shenyang,2008,Leave_One_experiments\wth_generated_qc\SYA\SYA2008.WTH,wet_year;nitrogen_stress_year;low_response_year,wet,SYA2008_normal_grid_S0028,pareto_balanced,2008-06-24,176,71,66,"{""sim_day"": 71.0, ""doy"": 176.0, ""topwt"": 1369.3125915527344, ""grnwt"": 0.0, ""xlai"": 1.5602877140045166, ""totir"": 0.0, ""tofer"": NaN, ""swfac"": 0.0, ""nstres"": 0.0}",0.0,0.0,1369.3125915527344,0.0,1.5602877140045166,0.0,,0.0,0.0,0.0,180.0,63.26517333984376,63.26517333984376,Leave_One_experiments/all_year_offline_schedule_search/daily_outputs/SYA/SYA_2008_SYA2008_normal_grid_S0028_daily.csv
SYA,SYA,Shenyang,2008,Leave_One_experiments\wth_generated_qc\SYA\SYA2008.WTH,wet_year;nitrogen_stress_year;low_response_year,wet,SYA2008_normal_grid_S0028,pareto_balanced,2008-06-25,177,72,67,"{""sim_day"": 72.0, ""doy"": 177.0, ""topwt"": 1485.0596618652344, ""grnwt"": 0.0, ""xlai"": 1.63870108127594, ""totir"": 0.0, ""tofer"": NaN, ""swfac"": 0.0, ""nstres"": 0.0}",0.0,0.0,1485.0596618652344,0.0,1.63870108127594,0.0,,0.0,0.0,0.0,180.0,63.26517333984376,63.26517333984376,Leave_One_experiments/all_year_offline_schedule_search/daily_outputs/SYA/SYA_2008_SYA2008_normal_grid_S0028_daily.csv
SYA,SYA,Shenyang,2008,Leave_One_experiments\wth_generated_qc\SYA\SYA2008.WTH,wet_year;nitrogen_stress_year;low_response_year,wet,SYA2008_normal_grid_S0028,pareto_balanced,2008-06-26,178,73,68,"{""sim_day"": 73.0, ""doy"": 178.0, ""topwt"": 1600.276336669922, ""grnwt"": 0.0, ""xlai"": 1.7129778861999512, ""totir"": 0.0, ""tofer"": NaN, ""swfac"": 0.0, ""nstres"": 0.0}",0.0,0.0,1600.276336669922,0.0,1.7129778861999512,0.0,,0.0,0.0,0.0,180.0,63.26517333984376,63.26517333984376,Leave_One_experiments/all_year_offline_schedule_search/daily_outputs/SYA/SYA_2008_SYA2008_normal_grid_S0028_daily.csv
SYA,SYA,Shenyang,2008,Leave_One_experiments\wth_generated_qc\SYA\SYA2008.WTH,wet_year;nitrogen_stress_year;low_response_year,wet,SYA2008_normal_grid_S0028,pareto_balanced,2008-06-27,179,74,69,"{""sim_day"": 74.0, ""doy"": 179.0, ""topwt"": 1735.4460144042969, ""grnwt"": 0.0, ""xlai"": 1.7955601215362549, ""totir"": 0.0, ""tofer"": NaN, ""swfac"": 0.0, ""nstres"": 0.0}",0.0,0.0,1735.4460144042969,0.0,1.7955601215362549,0.0,,0.0,0.0,0.0,180.0,63.26517333984376,63.26517333984376,Leave_One_experiments/all_year_offline_schedule_search/daily_outputs/SYA/SYA_2008_SYA2008_normal_grid_S0028_daily.csv
SYA,SYA,Shenyang,2008,Leave_One_experiments\wth_generated_qc\SYA\SYA2008.WTH,wet_year;nitrogen_stress_year;low_response_year,wet,SYA2008_normal_grid_S0028,pareto_balanced,2008-06-28,180,75,70,"{""sim_day"": 75.0, ""doy"": 180.0, ""topwt"": 1828.7510681152344, ""grnwt"": 0.0, ""xlai"": 1.84991455078125, ""totir"": 0.0, ""tofer"": NaN, ""swfac"": 0.0, ""nstres"": 0.0}",0.0,0.0,1828.7510681152344,0.0,1.84991455078125,0.0,,0.0,0.0,0.0,180.0,63.26517333984376,63.26517333984376,Leave_One_experiments/all_year_offline_schedule_search/daily_outputs/SYA/SYA_2008_SYA2008_normal_grid_S0028_daily.csv
SYA,SYA,Shenyang,2008,Leave_One_experiments\wth_generated_qc\SYA\SYA2008.WTH,wet_year;nitrogen_stress_year;low_response_year,wet,SYA2008_normal_grid_S0028,pareto_balanced,2008-06-29,181,76,71,"{""sim_day"": 76.0, ""doy"": 181.0, ""topwt"": 1972.10693359375, ""grnwt"": 0.0, ""xlai"": 1.9294006824493408, ""totir"": 0.0, ""tofer"": NaN, ""swfac"": 0.0, ""nstres"": 0.0}",0.0,0.0,1972.10693359375,0.0,1.9294006824493408,0.0,,0.0,0.0,0.0,180.0,63.26517333984376,63.26517333984376,Leave_One_experiments/all_year_offline_schedule_search/daily_outputs/SYA/SYA_2008_SYA2008_normal_grid_S0028_daily.csv
SYA,SYA,Shenyang,2008,Leave_One_experiments\wth_generated_qc\SYA\SYA2008.WTH,wet_year;nitrogen_stress_year;low_response_year,wet,SYA2008_normal_grid_S0028,pareto_balanced,2008-06-30,182,77,72,"{""sim_day"": 77.0, ""doy"": 182.0, ""topwt"": 2114.877166748047, ""grnwt"": 0.0, ""xlai"": 2.023956537246704, ""totir"": 0.0, ""tofer"": NaN, ""swfac"": 0.0, ""nstres"": 0.0}",0.0,0.0,2114.877166748047,0.0,2.023956537246704,0.0,,0.0,0.0,0.0,180.0,63.26517333984376,63.26517333984376,Leave_One_experiments/all_year_offline_schedule_search/daily_outputs/SYA/SYA_2008_SYA2008_normal_grid_S0028_daily.csv
SYA,SYA,Shenyang,2008,Leave_One_experiments\wth_generated_qc\SYA\SYA2008.WTH,wet_year;nitrogen_stress_year;low_response_year,wet,SYA2008_normal_grid_S0028,pareto_balanced,2008-07-01,183,78,73,"{""sim_day"": 78.0, ""doy"": 183.0, ""topwt"": 2279.9435424804688, ""grnwt"": 0.0, ""xlai"": 2.1078333854675293, ""totir"": 0.0, ""tofer"": NaN, ""swfac"": 0.0, ""nstres"": 0.0}",0.0,0.0,2279.9435424804688,0.0,2.1078333854675293,0.0,,0.0,0.0,0.0,180.0,63.26517333984376,63.26517333984376,Leave_One_experiments/all_year_offline_schedule_search/daily_outputs/SYA/SYA_2008_SYA2008_normal_grid_S0028_daily.csv
SYA,SYA,Shenyang,2008,Leave_One_experiments\wth_generated_qc\SYA\SYA2008.WTH,wet_year;nitrogen_stress_year;low_response_year,wet,SYA2008_normal_grid_S0028,pareto_balanced,2008-07-02,184,79,74,"{""sim_day"": 79.0, ""doy"": 184.0, ""topwt"": 2501.475524902344, ""grnwt"": 0.0, ""xlai"": 2.203730344772339, ""totir"": 0.0, ""tofer"": NaN, ""swfac"": 0.0, ""nstres"": 0.0}",0.0,0.0,2501.475524902344,0.0,2.203730344772339,0.0,,0.0,0.0,0.0,180.0,63.26517333984376,63.26517333984376,Leave_One_experiments/all_year_offline_schedule_search/daily_outputs/SYA/SYA_2008_SYA2008_normal_grid_S0028_daily.csv
SYA,SYA,Shenyang,2008,Leave_One_experiments\wth_generated_qc\SYA\SYA2008.WTH,wet_year;nitrogen_stress_year;low_response_year,wet,SYA2008_normal_grid_S0028,pareto_balanced,2008-07-03,185,80,75,"{""sim_day"": 80.0, ""doy"": 185.0, ""topwt"": 2750.3610229492188, ""grnwt"": 0.0, ""xlai"": 2.298121929168701, ""totir"": 0.0, ""tofer"": NaN, ""swfac"": 0.0, ""nstres"": 0.0}",0.0,0.0,2750.3610229492188,0.0,2.298121929168701,0.0,,0.0,0.0,0.0,180.0,63.26517333984376,63.26517333984376,Leave_One_experiments/all_year_offline_schedule_search/daily_outputs/SYA/SYA_2008_SYA2008_normal_grid_S0028_daily.csv
SYA,SYA,Shenyang,2008,Leave_One_experiments\wth_generated_qc\SYA\SYA2008.WTH,wet_year;nitrogen_stress_year;low_response_year,wet,SYA2008_normal_grid_S0028,pareto_balanced,2008-07-04,186,81,76,"{""sim_day"": 81.0, ""doy"": 186.0, ""topwt"": 2966.3543701171875, ""grnwt"": 0.0, ""xlai"": 2.372645378112793, ""totir"": 0.0, ""tofer"": NaN, ""swfac"": 0.0, ""nstres"": 0.0}",0.0,0.0,2966.3543701171875,0.0,2.372645378112793,0.0,,0.0,0.0,0.0,180.0,63.26517333984376,63.26517333984376,Leave_One_experiments/all_year_offline_schedule_search/daily_outputs/SYA/SYA_2008_SYA2008_normal_grid_S0028_daily.csv
SYA,SYA,Shenyang,2008,Leave_One_experiments\wth_generated_qc\SYA\SYA2008.WTH,wet_year;nitrogen_stress_year;low_response_year,wet,SYA2008_normal_grid_S0028,pareto_balanced,2008-07-05,187,82,77,"{""sim_day"": 82.0, ""doy"": 187.0, ""topwt"": 3163.9352416992188, ""grnwt"": 0.0, ""xlai"": 2.4362032413482666, ""totir"": 0.0, ""tofer"": NaN, ""swfac"": 0.0, ""nstres"": 0.0}",0.0,0.0,3163.9352416992188,0.0,2.4362032413482666,0.0,,0.0,0.0,0.0,180.0,63.26517333984376,63.26517333984376,Leave_One_experiments/all_year_offline_schedule_search/daily_outputs/SYA/SYA_2008_SYA2008_normal_grid_S0028_daily.csv
SYA,SYA,Shenyang,2008,Leave_One_experiments\wth_generated_qc\SYA\SYA2008.WTH,wet_year;nitrogen_stress_year;low_response_year,wet,SYA2008_normal_grid_S0028,pareto_balanced,2008-07-06,188,83,78,"{""sim_day"": 83.0, ""doy"": 188.0, ""topwt"": 3373.988037109375, ""grnwt"": 0.0, ""xlai"": 2.4995458126068115, ""totir"": 0.0, ""tofer"": NaN, ""swfac"": 0.0, ""nstres"": 0.0}",0.0,0.0,3373.988037109375,0.0,2.4995458126068115,0.0,,0.0,0.0,0.0,180.0,63.26517333984376,63.26517333984376,Leave_One_experiments/all_year_offline_schedule_search/daily_outputs/SYA/SYA_2008_SYA2008_normal_grid_S0028_daily.csv
SYA,SYA,Shenyang,2008,Leave_One_experiments\wth_generated_qc\SYA\SYA2008.WTH,wet_year;nitrogen_stress_year;low_response_year,wet,SYA2008_normal_grid_S0028,pareto_balanced,2008-07-07,189,84,79,"{""sim_day"": 84.0, ""doy"": 189.0, ""topwt"": 3572.9071044921875, ""grnwt"": 0.0, ""xlai"": 2.556345224380493, ""totir"": 0.0, ""tofer"": NaN, ""swfac"": 0.0, ""nstres"": 0.0}",0.0,0.0,3572.9071044921875,0.0,2.556345224380493,0.0,,0.0,0.0,0.0,180.0,63.26517333984376,63.26517333984376,Leave_One_experiments/all_year_offline_schedule_search/daily_outputs/SYA/SYA_2008_SYA2008_normal_grid_S0028_daily.csv
SYA,SYA,Shenyang,2008,Leave_One_experiments\wth_generated_qc\SYA\SYA2008.WTH,wet_year;nitrogen_stress_year;low_response_year,wet,SYA2008_normal_grid_S0028,pareto_balanced,2008-07-08,190,85,80,"{""sim_day"": 85.0, ""doy"": 190.0, ""topwt"": 3697.1157836914062, ""grnwt"": 0.0, ""xlai"": 2.590029239654541, ""totir"": 0.0, ""tofer"": NaN, ""swfac"": 0.0, ""nstres"": 0.0}",0.0,0.0,3697.1157836914062,0.0,2.590029239654541,0.0,,0.0,0.0,0.0,180.0,63.26517333984376,63.26517333984376,Leave_One_experiments/all_year_offline_schedule_search/daily_outputs/SYA/SYA_2008_SYA2008_normal_grid_S0028_daily.csv
SYA,SYA,Shenyang,2008,Leave_One_experiments\wth_generated_qc\SYA\SYA2008.WTH,wet_year;nitrogen_stress_year;low_response_year,wet,SYA2008_normal_grid_S0028,pareto_balanced,2008-07-09,191,86,81,"{""sim_day"": 86.0, ""doy"": 191.0, ""topwt"": 3901.0134887695312, ""grnwt"": 0.0, ""xlai"": 2.6429765224456787, ""totir"": 0.0, ""tofer"": NaN, ""swfac"": 0.0, ""nstres"": 0.0}",0.0,0.0,3901.0134887695312,0.0,2.6429765224456787,0.0,,0.0,0.0,0.0,180.0,63.26517333984376,63.26517333984376,Leave_One_experiments/all_year_offline_schedule_search/daily_outputs/SYA/SYA_2008_SYA2008_normal_grid_S0028_daily.csv
SYA,SYA,Shenyang,2008,Leave_One_experiments\wth_generated_qc\SYA\SYA2008.WTH,wet_year;nitrogen_stress_year;low_response_year,wet,SYA2008_normal_grid_S0028,pareto_balanced,2008-07-10,192,87,82,"{""sim_day"": 87.0, ""doy"": 192.0, ""topwt"": 4106.364135742188, ""grnwt"": 0.0, ""xlai"": 2.694103479385376, ""totir"": 0.0, ""tofer"": NaN, ""swfac"": 0.0, ""nstres"": 0.0}",0.0,0.0,4106.364135742188,0.0,2.694103479385376,0.0,,0.0,0.0,0.0,180.0,63.26517333984376,63.26517333984376,Leave_One_experiments/all_year_offline_schedule_search/daily_outputs/SYA/SYA_2008_SYA2008_normal_grid_S0028_daily.csv
SYA,SYA,Shenyang,2008,Leave_One_experiments\wth_generated_qc\SYA\SYA2008.WTH,wet_year;nitrogen_stress_year;low_response_year,wet,SYA2008_normal_grid_S0028,pareto_balanced,2008-07-11,193,88,83,"{""sim_day"": 88.0, ""doy"": 193.0, ""topwt"": 4281.657104492188, ""grnwt"": 0.0, ""xlai"": 2.737659215927124, ""totir"": 0.0, ""tofer"": NaN, ""swfac"": 0.0, ""nstres"": 0.0}",0.0,0.0,4281.657104492188,0.0,2.737659215927124,0.0,,0.0,0.0,0.0,180.0,63.26517333984376,63.26517333984376,Leave_One_experiments/all_year_offline_schedule_search/daily_outputs/SYA/SYA_2008_SYA2008_normal_grid_S0028_daily.csv
SYA,SYA,Shenyang,2008,Leave_One_experiments\wth_generated_qc\SYA\SYA2008.WTH,wet_year;nitrogen_stress_year;low_response_year,wet,SYA2008_normal_grid_S0028,pareto_balanced,2008-07-12,194,89,84,"{""sim_day"": 89.0, ""doy"": 194.0, ""topwt"": 4474.771728515625, ""grnwt"": 0.0, ""xlai"": 2.785614490509033, ""totir"": 0.0, ""tofer"": NaN, ""swfac"": 0.0, ""nstres"": 0.0}",0.0,0.0,4474.771728515625,0.0,2.785614490509033,0.0,,0.0,0.0,0.0,180.0,63.26517333984376,63.26517333984376,Leave_One_experiments/all_year_offline_schedule_search/daily_outputs/SYA/SYA_2008_SYA2008_normal_grid_S0028_daily.csv
SYA,SYA,Shenyang,2008,Leave_One_experiments\wth_generated_qc\SYA\SYA2008.WTH,wet_year;nitrogen_stress_year;low_response_year,wet,SYA2008_normal_grid_S0028,pareto_balanced,2008-07-13,195,90,85,"{""sim_day"": 90.0, ""doy"": 195.0, ""topwt"": 4664.229431152344, ""grnwt"": 0.0, ""xlai"": 2.8326027393341064, ""totir"": 0.0, ""tofer"": NaN, ""swfac"": 0.0, ""nstres"": 0.0}",0.0,0.0,4664.229431152344,0.0,2.8326027393341064,0.0,,0.0,0.0,0.0,180.0,63.26517333984376,63.26517333984376,Leave_One_experiments/all_year_offline_schedule_search/daily_outputs/SYA/SYA_2008_SYA2008_normal_grid_S0028_daily.csv
SYA,SYA,Shenyang,2008,Leave_One_experiments\wth_generated_qc\SYA\SYA2008.WTH,wet_year;nitrogen_stress_year;low_response_year,wet,SYA2008_normal_grid_S0028,pareto_balanced,2008-07-14,196,91,86,"{""sim_day"": 91.0, ""doy"": 196.0, ""topwt"": 4705.589294433594, ""grnwt"": 0.0, ""xlai"": 2.8426012992858887, ""totir"": 0.0, ""tofer"": NaN, ""swfac"": 0.0, ""nstres"": 0.0}",0.0,0.0,4705.589294433594,0.0,2.8426012992858887,0.0,,0.0,0.0,0.0,180.0,63.26517333984376,63.26517333984376,Leave_One_experiments/all_year_offline_schedule_search/daily_outputs/SYA/SYA_2008_SYA2008_normal_grid_S0028_daily.csv
SYA,SYA,Shenyang,2008,Leave_One_experiments\wth_generated_qc\SYA\SYA2008.WTH,wet_year;nitrogen_stress_year;low_response_year,wet,SYA2008_normal_grid_S0028,pareto_balanced,2008-07-15,197,92,87,"{""sim_day"": 92.0, ""doy"": 197.0, ""topwt"": 4873.1732177734375, ""grnwt"": 0.0, ""xlai"": 2.88407826423645, ""totir"": 0.0, ""tofer"": NaN, ""swfac"": 0.0, ""nstres"": 0.0}",0.0,0.0,4873.1732177734375,0.0,2.88407826423645,0.0,,0.0,0.0,0.0,180.0,63.26517333984376,63.26517333984376,Leave_One_experiments/all_year_offline_schedule_search/daily_outputs/SYA/SYA_2008_SYA2008_normal_grid_S0028_daily.csv
SYA,SYA,Shenyang,2008,Leave_One_experiments\wth_generated_qc\SYA\SYA2008.WTH,wet_year;nitrogen_stress_year;low_response_year,wet,SYA2008_normal_grid_S0028,pareto_balanced,2008-07-16,198,93,88,"{""sim_day"": 93.0, ""doy"": 198.0, ""topwt"": 5044.534606933594, ""grnwt"": 0.0, ""xlai"": 2.926453828811645, ""totir"": 0.0, ""tofer"": NaN, ""swfac"": 0.0, ""nstres"": 0.0}",0.0,0.0,5044.534606933594,0.0,2.926453828811645,0.0,,0.0,0.0,0.0,180.0,63.26517333984376,63.26517333984376,Leave_One_experiments/all_year_offline_schedule_search/daily_outputs/SYA/SYA_2008_SYA2008_normal_grid_S0028_daily.csv
SYA,SYA,Shenyang,2008,Leave_One_experiments\wth_generated_qc\SYA\SYA2008.WTH,wet_year;nitrogen_stress_year;low_response_year,wet,SYA2008_normal_grid_S0028,pareto_balanced,2008-07-17,199,94,89,"{""sim_day"": 94.0, ""doy"": 199.0, ""topwt"": 5383.817138671875, ""grnwt"": 0.0, ""xlai"": 2.7884998321533203, ""totir"": 0.0, ""tofer"": NaN, ""swfac"": 0.0, ""nstres"": 0.0}",0.0,0.0,5383.817138671875,0.0,2.7884998321533203,0.0,,0.0,0.0,0.0,180.0,63.26517333984376,63.26517333984376,Leave_One_experiments/all_year_offline_schedule_search/daily_outputs/SYA/SYA_2008_SYA2008_normal_grid_S0028_daily.csv
SYA,SYA,Shenyang,2008,Leave_One_experiments\wth_generated_qc\SYA\SYA2008.WTH,wet_year;nitrogen_stress_year;low_response_year,wet,SYA2008_normal_grid_S0028,pareto_balanced,2008-07-18,200,95,90,"{""sim_day"": 95.0, ""doy"": 200.0, ""topwt"": 5760.223388671875, ""grnwt"": 0.0, ""xlai"": 2.7769992351531982, ""totir"": 0.0, ""tofer"": NaN, ""swfac"": 0.0, ""nstres"": 0.0}",0.0,0.0,5760.223388671875,0.0,2.7769992351531982,0.0,,0.0,0.0,0.0,180.0,63.26517333984376,63.26517333984376,Leave_One_experiments/all_year_offline_schedule_search/daily_outputs/SYA/SYA_2008_SYA2008_normal_grid_S0028_daily.csv
SYA,SYA,Shenyang,2008,Leave_One_experiments\wth_generated_qc\SYA\SYA2008.WTH,wet_year;nitrogen_stress_year;low_response_year,wet,SYA2008_normal_grid_S0028,pareto_balanced,2008-07-19,201,96,91,"{""sim_day"": 96.0, ""doy"": 201.0, ""topwt"": 6043.997802734375, ""grnwt"": 0.0, ""xlai"": 2.764984607696533, ""totir"": 0.0, ""tofer"": NaN, ""swfac"": 0.0, ""nstres"": 0.0}",0.0,0.0,6043.997802734375,0.0,2.764984607696533,0.0,,0.0,0.0,0.0,180.0,63.26517333984376,63.26517333984376,Leave_One_experiments/all_year_offline_schedule_search/daily_outputs/SYA/SYA_2008_SYA2008_normal_grid_S0028_daily.csv
SYA,SYA,Shenyang,2008,Leave_One_experiments\wth_generated_qc\SYA\SYA2008.WTH,wet_year;nitrogen_stress_year;low_response_year,wet,SYA2008_normal_grid_S0028,pareto_balanced,2008-07-20,202,97,92,"{""sim_day"": 97.0, ""doy"": 202.0, ""topwt"": 6113.1976318359375, ""grnwt"": 0.0, ""xlai"": 2.7535574436187744, ""totir"": 0.0, ""tofer"": NaN, ""swfac"": 0.0, ""nstres"": 0.0}",0.0,0.0,6113.1976318359375,0.0,2.7535574436187744,0.0,,0.0,0.0,0.0,180.0,63.26517333984376,63.26517333984376,Leave_One_experiments/all_year_offline_schedule_search/daily_outputs/SYA/SYA_2008_SYA2008_normal_grid_S0028_daily.csv
SYA,SYA,Shenyang,2008,Leave_One_experiments\wth_generated_qc\SYA\SYA2008.WTH,wet_year;nitrogen_stress_year;low_response_year,wet,SYA2008_normal_grid_S0028,pareto_balanced,2008-07-21,203,98,93,"{""sim_day"": 98.0, ""doy"": 203.0, ""topwt"": 6432.911376953125, ""grnwt"": 0.0, ""xlai"": 2.7413954734802246, ""totir"": 0.0, ""tofer"": NaN, ""swfac"": 0.0, ""nstres"": 0.0}",0.0,0.0,6432.911376953125,0.0,2.7413954734802246,0.0,,0.0,0.0,0.0,180.0,63.26517333984376,63.26517333984376,Leave_One_experiments/all_year_offline_schedule_search/daily_outputs/SYA/SYA_2008_SYA2008_normal_grid_S0028_daily.csv
SYA,SYA,Shenyang,2008,Leave_One_experiments\wth_generated_qc\SYA\SYA2008.WTH,wet_year;nitrogen_stress_year;low_response_year,wet,SYA2008_normal_grid_S0028,pareto_balanced,2008-07-22,204,99,94,"{""sim_day"": 99.0, ""doy"": 204.0, ""topwt"": 6787.153930664063, ""grnwt"": 0.0, ""xlai"": 2.7279841899871826, ""totir"": 0.0, ""tofer"": NaN, ""swfac"": 0.0, ""nstres"": 0.0}",0.0,0.0,6787.153930664063,0.0,2.7279841899871826,0.0,,0.0,0.0,0.0,180.0,63.26517333984376,63.26517333984376,Leave_One_experiments/all_year_offline_schedule_search/daily_outputs/SYA/SYA_2008_SYA2008_normal_grid_S0028_daily.csv
SYA,SYA,Shenyang,2008,Leave_One_experiments\wth_generated_qc\SYA\SYA2008.WTH,wet_year;nitrogen_stress_year;low_response_year,wet,SYA2008_normal_grid_S0028,pareto_balanced,2008-07-23,205,100,95,"{""sim_day"": 100.0, ""doy"": 205.0, ""topwt"": 7125.036010742188, ""grnwt"": 0.0, ""xlai"": 2.7146098613739014, ""totir"": 0.0, ""tofer"": NaN, ""swfac"": 0.0, ""nstres"": 0.0}",0.0,0.0,7125.036010742188,0.0,2.7146098613739014,0.0,,0.0,0.0,0.0,180.0,63.26517333984376,63.26517333984376,Leave_One_experiments/all_year_offline_schedule_search/daily_outputs/SYA/SYA_2008_SYA2008_normal_grid_S0028_daily.csv
SYA,SYA,Shenyang,2008,Leave_One_experiments\wth_generated_qc\SYA\SYA2008.WTH,wet_year;nitrogen_stress_year;low_response_year,wet,SYA2008_normal_grid_S0028,pareto_balanced,2008-07-24,206,101,96,"{""sim_day"": 101.0, ""doy"": 206.0, ""topwt"": 7513.931884765625, ""grnwt"": 0.0, ""xlai"": 2.7000961303710938, ""totir"": 0.0, ""tofer"": NaN, ""swfac"": 0.0, ""nstres"": 0.0}",0.0,0.0,7513.931884765625,0.0,2.7000961303710938,0.0,,0.0,0.0,0.0,180.0,63.26517333984376,63.26517333984376,Leave_One_experiments/all_year_offline_schedule_search/daily_outputs/SYA/SYA_2008_SYA2008_normal_grid_S0028_daily.csv
SYA,SYA,Shenyang,2008,Leave_One_experiments\wth_generated_qc\SYA\SYA2008.WTH,wet_year;nitrogen_stress_year;low_response_year,wet,SYA2008_normal_grid_S0028,pareto_balanced,2008-07-25,207,102,97,"{""sim_day"": 102.0, ""doy"": 207.0, ""topwt"": 7801.849365234375, ""grnwt"": 0.0, ""xlai"": 2.685105323791504, ""totir"": 0.0, ""tofer"": NaN, ""swfac"": 0.0, ""nstres"": 0.0}",0.0,0.0,7801.849365234375,0.0,2.685105323791504,0.0,,0.0,0.0,0.0,180.0,63.26517333984376,63.26517333984376,Leave_One_experiments/all_year_offline_schedule_search/daily_outputs/SYA/SYA_2008_SYA2008_normal_grid_S0028_daily.csv
SYA,SYA,Shenyang,2008,Leave_One_experiments\wth_generated_qc\SYA\SYA2008.WTH,wet_year;nitrogen_stress_year;low_response_year,wet,SYA2008_normal_grid_S0028,pareto_balanced,2008-07-26,208,103,98,"{""sim_day"": 103.0, ""doy"": 208.0, ""topwt"": 8165.902099609375, ""grnwt"": 0.0, ""xlai"": 2.671106100082397, ""totir"": 0.0, ""tofer"": NaN, ""swfac"": 0.0, ""nstres"": 0.0}",0.0,0.0,8165.902099609375,0.0,2.671106100082397,0.0,,0.0,0.0,0.0,180.0,63.26517333984376,63.26517333984376,Leave_One_experiments/all_year_offline_schedule_search/daily_outputs/SYA/SYA_2008_SYA2008_normal_grid_S0028_daily.csv
SYA,SYA,Shenyang,2008,Leave_One_experiments\wth_generated_qc\SYA\SYA2008.WTH,wet_year;nitrogen_stress_year;low_response_year,wet,SYA2008_normal_grid_S0028,pareto_balanced,2008-07-27,209,104,99,"{""sim_day"": 104.0, ""doy"": 209.0, ""topwt"": 8513.743896484375, ""grnwt"": 347.84130096435547, ""xlai"": 2.623255968093872, ""totir"": 0.0, ""tofer"": NaN, ""swfac"": 0.0, ""nstres"": 0.0}",0.0,0.0,8513.743896484375,347.84130096435547,2.623255968093872,0.0,,0.0,0.0,0.0,180.0,63.26517333984376,63.26517333984376,Leave_One_experiments/all_year_offline_schedule_search/daily_outputs/SYA/SYA_2008_SYA2008_normal_grid_S0028_daily.csv
SYA,SYA,Shenyang,2008,Leave_One_experiments\wth_generated_qc\SYA\SYA2008.WTH,wet_year;nitrogen_stress_year;low_response_year,wet,SYA2008_normal_grid_S0028,pareto_balanced,2008-07-28,210,105,100,"{""sim_day"": 105.0, ""doy"": 210.0, ""topwt"": 8646.20361328125, ""grnwt"": 695.6826019287109, ""xlai"": 2.61639404296875, ""totir"": 0.0, ""tofer"": NaN, ""swfac"": 0.0, ""nstres"": 0.0}",0.0,0.0,8646.20361328125,695.6826019287109,2.61639404296875,0.0,,0.0,0.0,0.0,180.0,63.26517333984376,63.26517333984376,Leave_One_experiments/all_year_offline_schedule_search/daily_outputs/SYA/SYA_2008_SYA2008_normal_grid_S0028_daily.csv
SYA,SYA,Shenyang,2008,Leave_One_experiments\wth_generated_qc\SYA\SYA2008.WTH,wet_year;nitrogen_stress_year;low_response_year,wet,SYA2008_normal_grid_S0028,pareto_balanced,2008-07-29,211,106,101,"{""sim_day"": 106.0, ""doy"": 211.0, ""topwt"": 9023.171997070312, ""grnwt"": 1043.523941040039, ""xlai"": 2.607475996017456, ""totir"": 0.0, ""tofer"": NaN, ""swfac"": 0.0, ""nstres"": 0.0}",0.0,0.0,9023.171997070312,1043.523941040039,2.607475996017456,0.0,,0.0,0.0,0.0,180.0,63.26517333984376,63.26517333984376,Leave_One_experiments/all_year_offline_schedule_search/daily_outputs/SYA/SYA_2008_SYA2008_normal_grid_S0028_daily.csv
SYA,SYA,Shenyang,2008,Leave_One_experiments\wth_generated_qc\SYA\SYA2008.WTH,wet_year;nitrogen_stress_year;low_response_year,wet,SYA2008_normal_grid_S0028,pareto_balanced,2008-07-30,212,107,102,"{""sim_day"": 107.0, ""doy"": 212.0, ""topwt"": 9153.55224609375, ""grnwt"": 1391.365203857422, ""xlai"": 2.597508430480957, ""totir"": 0.0, ""tofer"": NaN, ""swfac"": 0.0, ""nstres"": 0.0}",0.0,0.0,9153.55224609375,1391.365203857422,2.597508430480957,0.0,,0.0,0.0,0.0,180.0,63.26517333984376,63.26517333984376,Leave_One_experiments/all_year_offline_schedule_search/daily_outputs/SYA/SYA_2008_SYA2008_normal_grid_S0028_daily.csv
SYA,SYA,Shenyang,2008,Leave_One_experiments\wth_generated_qc\SYA\SYA2008.WTH,wet_year;nitrogen_stress_year;low_response_year,wet,SYA2008_normal_grid_S0028,pareto_balanced,2008-07-31,213,108,103,"{""sim_day"": 108.0, ""doy"": 213.0, ""topwt"": 9231.318969726562, ""grnwt"": 1739.20654296875, ""xlai"": 2.5883164405822754, ""totir"": 0.0, ""tofer"": NaN, ""swfac"": 0.0, ""nstres"": 0.0}",0.0,0.0,9231.318969726562,1739.20654296875,2.5883164405822754,0.0,,0.0,0.0,0.0,180.0,63.26517333984376,63.26517333984376,Leave_One_experiments/all_year_offline_schedule_search/daily_outputs/SYA/SYA_2008_SYA2008_normal_grid_S0028_daily.csv
SYA,SYA,Shenyang,2008,Leave_One_experiments\wth_generated_qc\SYA\SYA2008.WTH,wet_year;nitrogen_stress_year;low_response_year,wet,SYA2008_normal_grid_S0028,pareto_balanced,2008-08-01,214,109,104,"{""sim_day"": 109.0, ""doy"": 214.0, ""topwt"": 9556.4599609375, ""grnwt"": 2087.0477294921875, ""xlai"": 2.5772182941436768, ""totir"": 0.0, ""tofer"": NaN, ""swfac"": 0.0, ""nstres"": 0.0}",0.0,0.0,9556.4599609375,2087.0477294921875,2.5772182941436768,0.0,,0.0,0.0,0.0,180.0,63.26517333984376,63.26517333984376,Leave_One_experiments/all_year_offline_schedule_search/daily_outputs/SYA/SYA_2008_SYA2008_normal_grid_S0028_daily.csv
SYA,SYA,Shenyang,2008,Leave_One_experiments\wth_generated_qc\SYA\SYA2008.WTH,wet_year;nitrogen_stress_year;low_response_year,wet,SYA2008_normal_grid_S0028,pareto_balanced,2008-08-02,215,110,105,"{""sim_day"": 110.0, ""doy"": 215.0, ""topwt"": 9970.271606445312, ""grnwt"": 2434.889068603516, ""xlai"": 2.564082145690918, ""totir"": 0.0, ""tofer"": NaN, ""swfac"": 0.0, ""nstres"": 0.0}",0.0,0.0,9970.271606445312,2434.889068603516,2.564082145690918,0.0,,0.0,0.0,0.0,180.0,63.26517333984376,63.26517333984376,Leave_One_experiments/all_year_offline_schedule_search/daily_outputs/SYA/SYA_2008_SYA2008_normal_grid_S0028_daily.csv
SYA,SYA,Shenyang,2008,Leave_One_experiments\wth_generated_qc\SYA\SYA2008.WTH,wet_year;nitrogen_stress_year;low_response_year,wet,SYA2008_normal_grid_S0028,pareto_balanced,2008-08-03,216,111,106,"{""sim_day"": 111.0, ""doy"": 216.0, ""topwt"": 10353.055419921877, ""grnwt"": 2782.730407714844, ""xlai"": 2.547764301300049, ""totir"": 0.0, ""tofer"": NaN, ""swfac"": 0.0, ""nstres"": 0.0}",0.0,0.0,10353.055419921877,2782.730407714844,2.547764301300049,0.0,,0.0,0.0,0.0,180.0,63.26517333984376,63.26517333984376,Leave_One_experiments/all_year_offline_schedule_search/daily_outputs/SYA/SYA_2008_SYA2008_normal_grid_S0028_daily.csv
SYA,SYA,Shenyang,2008,Leave_One_experiments\wth_generated_qc\SYA\SYA2008.WTH,wet_year;nitrogen_stress_year;low_response_year,wet,SYA2008_normal_grid_S0028,pareto_balanced,2008-08-04,217,112,107,"{""sim_day"": 112.0, ""doy"": 217.0, ""topwt"": 10718.5546875, ""grnwt"": 3102.3095703125, ""xlai"": 2.5273685455322266, ""totir"": 0.0, ""tofer"": NaN, ""swfac"": 0.0, ""nstres"": 0.0}",0.0,0.0,10718.5546875,3102.3095703125,2.5273685455322266,0.0,,0.0,0.0,0.0,180.0,63.26517333984376,63.26517333984376,Leave_One_experiments/all_year_offline_schedule_search/daily_outputs/SYA/SYA_2008_SYA2008_normal_grid_S0028_daily.csv
SYA,SYA,Shenyang,2008,Leave_One_experiments\wth_generated_qc\SYA\SYA2008.WTH,wet_year;nitrogen_stress_year;low_response_year,wet,SYA2008_normal_grid_S0028,pareto_balanced,2008-08-05,218,113,108,"{""sim_day"": 113.0, ""doy"": 218.0, ""topwt"": 11091.34033203125, ""grnwt"": 3450.1510620117188, ""xlai"": 2.5053703784942627, ""totir"": 0.0, ""tofer"": NaN, ""swfac"": 0.0, ""nstres"": 0.0}",0.0,0.0,11091.34033203125,3450.1510620117188,2.5053703784942627,0.0,,0.0,0.0,0.0,180.0,63.26517333984376,63.26517333984376,Leave_One_experiments/all_year_offline_schedule_search/daily_outputs/SYA/SYA_2008_SYA2008_normal_grid_S0028_daily.csv
SYA,SYA,Shenyang,2008,Leave_One_experiments\wth_generated_qc\SYA\SYA2008.WTH,wet_year;nitrogen_stress_year;low_response_year,wet,SYA2008_normal_grid_S0028,pareto_balanced,2008-08-06,219,114,109,"{""sim_day"": 114.0, ""doy"": 219.0, ""topwt"": 11465.302734375, ""grnwt"": 3797.9925537109375, ""xlai"": 2.480522394180298, ""totir"": 0.0, ""tofer"": NaN, ""swfac"": 0.0, ""nstres"": 0.0}",0.0,0.0,11465.302734375,3797.9925537109375,2.480522394180298,0.0,,0.0,0.0,0.0,180.0,63.26517333984376,63.26517333984376,Leave_One_experiments/all_year_offline_schedule_search/daily_outputs/SYA/SYA_2008_SYA2008_normal_grid_S0028_daily.csv
SYA,SYA,Shenyang,2008,Leave_One_experiments\wth_generated_qc\SYA\SYA2008.WTH,wet_year;nitrogen_stress_year;low_response_year,wet,SYA2008_normal_grid_S0028,pareto_balanced,2008-08-07,220,115,110,"{""sim_day"": 115.0, ""doy"": 220.0, ""topwt"": 11851.90673828125, ""grnwt"": 4145.833740234375, ""xlai"": 2.4549553394317627, ""totir"": 0.0, ""tofer"": NaN, ""swfac"": 0.0, ""nstres"": 0.0}",0.0,0.0,11851.90673828125,4145.833740234375,2.4549553394317627,0.0,,0.0,0.0,0.0,180.0,63.26517333984376,63.26517333984376,Leave_One_experiments/all_year_offline_schedule_search/daily_outputs/SYA/SYA_2008_SYA2008_normal_grid_S0028_daily.csv
SYA,SYA,Shenyang,2008,Leave_One_experiments\wth_generated_qc\SYA\SYA2008.WTH,wet_year;nitrogen_stress_year;low_response_year,wet,SYA2008_normal_grid_S0028,pareto_balanced,2008-08-08,221,116,111,"{""sim_day"": 116.0, ""doy"": 221.0, ""topwt"": 12215.2392578125, ""grnwt"": 4480.631408691406, ""xlai"": 2.424116849899292, ""totir"": 0.0, ""tofer"": NaN, ""swfac"": 0.0, ""nstres"": 0.0}",0.0,0.0,12215.2392578125,4480.631408691406,2.424116849899292,0.0,,0.0,0.0,0.0,180.0,63.26517333984376,63.26517333984376,Leave_One_experiments/all_year_offline_schedule_search/daily_outputs/SYA/SYA_2008_SYA2008_normal_grid_S0028_daily.csv
SYA,SYA,Shenyang,2008,Leave_One_experiments\wth_generated_qc\SYA\SYA2008.WTH,wet_year;nitrogen_stress_year;low_response_year,wet,SYA2008_normal_grid_S0028,pareto_balanced,2008-08-09,222,117,112,"{""sim_day"": 117.0, ""doy"": 222.0, ""topwt"": 12513.529052734377, ""grnwt"": 4828.472595214844, ""xlai"": 2.3908560276031494, ""totir"": 0.0, ""tofer"": NaN, ""swfac"": 0.0, ""nstres"": 0.0}",0.0,0.0,12513.529052734377,4828.472595214844,2.3908560276031494,0.0,,0.0,0.0,0.0,180.0,63.26517333984376,63.26517333984376,Leave_One_experiments/all_year_offline_schedule_search/daily_outputs/SYA/SYA_2008_SYA2008_normal_grid_S0028_daily.csv
SYA,SYA,Shenyang,2008,Leave_One_experiments\wth_generated_qc\SYA\SYA2008.WTH,wet_year;nitrogen_stress_year;low_response_year,wet,SYA2008_normal_grid_S0028,pareto_balanced,2008-08-10,223,118,113,"{""sim_day"": 118.0, ""doy"": 223.0, ""topwt"": 12646.988525390623, ""grnwt"": 5176.314086914063, ""xlai"": 2.357731342315674, ""totir"": 0.0, ""tofer"": NaN, ""swfac"": 0.0, ""nstres"": 0.0}",0.0,0.0,12646.988525390623,5176.314086914063,2.357731342315674,0.0,,0.0,0.0,0.0,180.0,63.26517333984376,63.26517333984376,Leave_One_experiments/all_year_offline_schedule_search/daily_outputs/SYA/SYA_2008_SYA2008_normal_grid_S0028_daily.csv
SYA,SYA,Shenyang,2008,Leave_One_experiments\wth_generated_qc\SYA\SYA2008.WTH,wet_year;nitrogen_stress_year;low_response_year,wet,SYA2008_normal_grid_S0028,pareto_balanced,2008-08-11,224,119,114,"{""sim_day"": 119.0, ""doy"": 224.0, ""topwt"": 13006.07666015625, ""grnwt"": 5524.155883789063, ""xlai"": 2.319793462753296, ""totir"": 0.0, ""tofer"": NaN, ""swfac"": 0.0, ""nstres"": 0.0}",0.0,0.0,13006.07666015625,5524.155883789063,2.319793462753296,0.0,,0.0,0.0,0.0,180.0,63.26517333984376,63.26517333984376,Leave_One_experiments/all_year_offline_schedule_search/daily_outputs/SYA/SYA_2008_SYA2008_normal_grid_S0028_daily.csv
SYA,SYA,Shenyang,2008,Leave_One_experiments\wth_generated_qc\SYA\SYA2008.WTH,wet_year;nitrogen_stress_year;low_response_year,wet,SYA2008_normal_grid_S0028,pareto_balanced,2008-08-12,225,120,115,"{""sim_day"": 120.0, ""doy"": 225.0, ""topwt"": 13318.577880859377, ""grnwt"": 5871.9964599609375, ""xlai"": 2.2784245014190674, ""totir"": 0.0, ""tofer"": NaN, ""swfac"": 0.0, ""nstres"": 0.0}",0.0,0.0,13318.577880859377,5871.9964599609375,2.2784245014190674,0.0,,0.0,0.0,0.0,180.0,63.26517333984376,63.26517333984376,Leave_One_experiments/all_year_offline_schedule_search/daily_outputs/SYA/SYA_2008_SYA2008_normal_grid_S0028_daily.csv
SYA,SYA,Shenyang,2008,Leave_One_experiments\wth_generated_qc\SYA\SYA2008.WTH,wet_year;nitrogen_stress_year;low_response_year,wet,SYA2008_normal_grid_S0028,pareto_balanced,2008-08-13,226,121,116,"{""sim_day"": 121.0, ""doy"": 226.0, ""topwt"": 13663.380126953123, ""grnwt"": 6219.8382568359375, ""xlai"": 2.239630460739136, ""totir"": 0.0, ""tofer"": NaN, ""swfac"": 0.0, ""nstres"": 0.0}",0.0,0.0,13663.380126953123,6219.8382568359375,2.239630460739136,0.0,,0.0,0.0,0.0,180.0,63.26517333984376,63.26517333984376,Leave_One_experiments/all_year_offline_schedule_search/daily_outputs/SYA/SYA_2008_SYA2008_normal_grid_S0028_daily.csv
SYA,SYA,Shenyang,2008,Leave_One_experiments\wth_generated_qc\SYA\SYA2008.WTH,wet_year;nitrogen_stress_year;low_response_year,wet,SYA2008_normal_grid_S0028,pareto_balanced,2008-08-14,227,122,117,"{""sim_day"": 122.0, ""doy"": 227.0, ""topwt"": 14049.642333984377, ""grnwt"": 6567.679443359375, ""xlai"": 2.2012722492218018, ""totir"": 0.0, ""tofer"": NaN, ""swfac"": 0.0, ""nstres"": 0.0}",0.0,0.0,14049.642333984377,6567.679443359375,2.2012722492218018,0.0,,0.0,0.0,0.0,180.0,63.26517333984376,63.26517333984376,Leave_One_experiments/all_year_offline_schedule_search/daily_outputs/SYA/SYA_2008_SYA2008_normal_grid_S0028_daily.csv
SYA,SYA,Shenyang,2008,Leave_One_experiments\wth_generated_qc\SYA\SYA2008.WTH,wet_year;nitrogen_stress_year;low_response_year,wet,SYA2008_normal_grid_S0028,pareto_balanced,2008-08-15,228,123,118,"{""sim_day"": 123.0, ""doy"": 228.0, ""topwt"": 14442.08740234375, ""grnwt"": 6915.521240234375, ""xlai"": 2.159153938293457, ""totir"": 0.0, ""tofer"": NaN, ""swfac"": 0.0, ""nstres"": 0.0}",0.0,0.0,14442.08740234375,6915.521240234375,2.159153938293457,0.0,,0.0,0.0,0.0,180.0,63.26517333984376,63.26517333984376,Leave_One_experiments/all_year_offline_schedule_search/daily_outputs/SYA/SYA_2008_SYA2008_normal_grid_S0028_daily.csv
SYA,SYA,Shenyang,2008,Leave_One_experiments\wth_generated_qc\SYA\SYA2008.WTH,wet_year;nitrogen_stress_year;low_response_year,wet,SYA2008_normal_grid_S0028,pareto_balanced,2008-08-16,229,124,119,"{""sim_day"": 124.0, ""doy"": 229.0, ""topwt"": 14727.216796875, ""grnwt"": 7263.362426757812, ""xlai"": 2.113400459289551, ""totir"": 0.0, ""tofer"": NaN, ""swfac"": 0.0, ""nstres"": 0.0}",0.0,0.0,14727.216796875,7263.362426757812,2.113400459289551,0.0,,0.0,0.0,0.0,180.0,63.26517333984376,63.26517333984376,Leave_One_experiments/all_year_offline_schedule_search/daily_outputs/SYA/SYA_2008_SYA2008_normal_grid_S0028_daily.csv
SYA,SYA,Shenyang,2008,Leave_One_experiments\wth_generated_qc\SYA\SYA2008.WTH,wet_year;nitrogen_stress_year;low_response_year,wet,SYA2008_normal_grid_S0028,pareto_balanced,2008-08-17,230,125,120,"{""sim_day"": 125.0, ""doy"": 230.0, ""topwt"": 14800.789794921877, ""grnwt"": 7611.20361328125, ""xlai"": 2.0721747875213623, ""totir"": 0.0, ""tofer"": NaN, ""swfac"": 0.0, ""nstres"": 0.0}",0.0,0.0,14800.789794921877,7611.20361328125,2.0721747875213623,0.0,,0.0,0.0,0.0,180.0,63.26517333984376,63.26517333984376,Leave_One_experiments/all_year_offline_schedule_search/daily_outputs/SYA/SYA_2008_SYA2008_normal_grid_S0028_daily.csv
SYA,SYA,Shenyang,2008,Leave_One_experiments\wth_generated_qc\SYA\SYA2008.WTH,wet_year;nitrogen_stress_year;low_response_year,wet,SYA2008_normal_grid_S0028,pareto_balanced,2008-08-18,231,126,121,"{""sim_day"": 126.0, ""doy"": 231.0, ""topwt"": 15152.958984375, ""grnwt"": 7959.04541015625, ""xlai"": 2.023207187652588, ""totir"": 0.0, ""tofer"": NaN, ""swfac"": 0.0, ""nstres"": 0.0}",0.0,0.0,15152.958984375,7959.04541015625,2.023207187652588,0.0,,0.0,0.0,0.0,180.0,63.26517333984376,63.26517333984376,Leave_One_experiments/all_year_offline_schedule_search/daily_outputs/SYA/SYA_2008_SYA2008_normal_grid_S0028_daily.csv
SYA,SYA,Shenyang,2008,Leave_One_experiments\wth_generated_qc\SYA\SYA2008.WTH,wet_year;nitrogen_stress_year;low_response_year,wet,SYA2008_normal_grid_S0028,pareto_balanced,2008-08-19,232,127,122,"{""sim_day"": 127.0, ""doy"": 232.0, ""topwt"": 15500.821533203123, ""grnwt"": 8306.886596679688, ""xlai"": 1.975223183631897, ""totir"": 0.0, ""tofer"": NaN, ""swfac"": 0.0, ""nstres"": 0.0}",0.0,0.0,15500.821533203123,8306.886596679688,1.975223183631897,0.0,,0.0,0.0,0.0,180.0,63.26517333984376,63.26517333984376,Leave_One_experiments/all_year_offline_schedule_search/daily_outputs/SYA/SYA_2008_SYA2008_normal_grid_S0028_daily.csv
SYA,SYA,Shenyang,2008,Leave_One_experiments\wth_generated_qc\SYA\SYA2008.WTH,wet_year;nitrogen_stress_year;low_response_year,wet,SYA2008_normal_grid_S0028,pareto_balanced,2008-08-20,233,128,123,"{""sim_day"": 128.0, ""doy"": 233.0, ""topwt"": 15728.958740234377, ""grnwt"": 8654.728393554688, ""xlai"": 1.9253863096237185, ""totir"": 0.0, ""tofer"": NaN, ""swfac"": 0.0, ""nstres"": 0.0}",0.0,0.0,15728.958740234377,8654.728393554688,1.9253863096237185,0.0,,0.0,0.0,0.0,180.0,63.26517333984376,63.26517333984376,Leave_One_experiments/all_year_offline_schedule_search/daily_outputs/SYA/SYA_2008_SYA2008_normal_grid_S0028_daily.csv
SYA,SYA,Shenyang,2008,Leave_One_experiments\wth_generated_qc\SYA\SYA2008.WTH,wet_year;nitrogen_stress_year;low_response_year,wet,SYA2008_normal_grid_S0028,pareto_balanced,2008-08-21,234,129,124,"{""sim_day"": 129.0, ""doy"": 234.0, ""topwt"": 15751.036376953123, ""grnwt"": 8699.661865234375, ""xlai"": 1.8808345794677732, ""totir"": 0.0, ""tofer"": NaN, ""swfac"": 0.0, ""nstres"": 0.0}",0.0,0.0,15751.036376953123,8699.661865234375,1.8808345794677732,0.0,,0.0,0.0,0.0,180.0,63.26517333984376,63.26517333984376,Leave_One_experiments/all_year_offline_schedule_search/daily_outputs/SYA/SYA_2008_SYA2008_normal_grid_S0028_daily.csv
SYA,SYA,Shenyang,2008,Leave_One_experiments\wth_generated_qc\SYA\SYA2008.WTH,wet_year;nitrogen_stress_year;low_response_year,wet,SYA2008_normal_grid_S0028,pareto_balanced,2008-08-22,235,130,125,"{""sim_day"": 130.0, ""doy"": 235.0, ""topwt"": 16079.63623046875, ""grnwt"": 9028.26171875, ""xlai"": 1.8226585388183596, ""totir"": 0.0, ""tofer"": NaN, ""swfac"": 0.0, ""nstres"": 0.0}",0.0,0.0,16079.63623046875,9028.26171875,1.8226585388183596,0.0,,0.0,0.0,0.0,180.0,63.26517333984376,63.26517333984376,Leave_One_experiments/all_year_offline_schedule_search/daily_outputs/SYA/SYA_2008_SYA2008_normal_grid_S0028_daily.csv
SYA,SYA,Shenyang,2008,Leave_One_experiments\wth_generated_qc\SYA\SYA2008.WTH,wet_year;nitrogen_stress_year;low_response_year,wet,SYA2008_normal_grid_S0028,pareto_balanced,2008-08-23,236,131,126,"{""sim_day"": 131.0, ""doy"": 236.0, ""topwt"": 16395.550537109375, ""grnwt"": 9344.176025390623, ""xlai"": 1.754616141319275, ""totir"": 0.0, ""tofer"": NaN, ""swfac"": 0.0, ""nstres"": 0.0}",0.0,0.0,16395.550537109375,9344.176025390623,1.754616141319275,0.0,,0.0,0.0,0.0,180.0,63.26517333984376,63.26517333984376,Leave_One_experiments/all_year_offline_schedule_search/daily_outputs/SYA/SYA_2008_SYA2008_normal_grid_S0028_daily.csv
SYA,SYA,Shenyang,2008,Leave_One_experiments\wth_generated_qc\SYA\SYA2008.WTH,wet_year;nitrogen_stress_year;low_response_year,wet,SYA2008_normal_grid_S0028,pareto_balanced,2008-08-24,237,132,127,"{""sim_day"": 132.0, ""doy"": 237.0, ""topwt"": 16533.768310546875, ""grnwt"": 9482.394409179688, ""xlai"": 1.6873865127563477, ""totir"": 0.0, ""tofer"": NaN, ""swfac"": 0.0, ""nstres"": 0.0621270537376403}",0.0,0.0621270537376403,16533.768310546875,9482.394409179688,1.6873865127563477,0.0,,0.0,0.0,0.0,180.0,63.26517333984376,63.26517333984376,Leave_One_experiments/all_year_offline_schedule_search/daily_outputs/SYA/SYA_2008_SYA2008_normal_grid_S0028_daily.csv
SYA,SYA,Shenyang,2008,Leave_One_experiments\wth_generated_qc\SYA\SYA2008.WTH,wet_year;nitrogen_stress_year;low_response_year,wet,SYA2008_normal_grid_S0028,pareto_balanced,2008-08-25,238,133,128,"{""sim_day"": 133.0, ""doy"": 238.0, ""topwt"": 16801.544189453125, ""grnwt"": 9750.169677734377, ""xlai"": 1.6133480072021484, ""totir"": 0.0, ""tofer"": NaN, ""swfac"": 0.0, ""nstres"": 0.0782878398895263}",0.0,0.0782878398895263,16801.544189453125,9750.169677734377,1.6133480072021484,0.0,,0.0,0.0,0.0,180.0,63.26517333984376,63.26517333984376,Leave_One_experiments/all_year_offline_schedule_search/daily_outputs/SYA/SYA_2008_SYA2008_normal_grid_S0028_daily.csv
SYA,SYA,Shenyang,2008,Leave_One_experiments\wth_generated_qc\SYA\SYA2008.WTH,wet_year;nitrogen_stress_year;low_response_year,wet,SYA2008_normal_grid_S0028,pareto_balanced,2008-08-26,239,134,129,"{""sim_day"": 134.0, ""doy"": 239.0, ""topwt"": 17046.292724609375, ""grnwt"": 9994.918212890623, ""xlai"": 1.542948603630066, ""totir"": 0.0, ""tofer"": NaN, ""swfac"": 0.0, ""nstres"": 0.1286876201629638}",0.0,0.1286876201629638,17046.292724609375,9994.918212890623,1.542948603630066,0.0,,0.0,0.0,0.0,180.0,63.26517333984376,63.26517333984376,Leave_One_experiments/all_year_offline_schedule_search/daily_outputs/SYA/SYA_2008_SYA2008_normal_grid_S0028_daily.csv
SYA,SYA,Shenyang,2008,Leave_One_experiments\wth_generated_qc\SYA\SYA2008.WTH,wet_year;nitrogen_stress_year;low_response_year,wet,SYA2008_normal_grid_S0028,pareto_balanced,2008-08-27,240,135,130,"{""sim_day"": 135.0, ""doy"": 240.0, ""topwt"": 17258.048095703125, ""grnwt"": 10206.672973632812, ""xlai"": 1.463532567024231, ""totir"": 0.0, ""tofer"": NaN, ""swfac"": 0.0, ""nstres"": 0.1668705940246582}",0.0,0.1668705940246582,17258.048095703125,10206.672973632812,1.463532567024231,0.0,,0.0,0.0,0.0,180.0,63.26517333984376,63.26517333984376,Leave_One_experiments/all_year_offline_schedule_search/daily_outputs/SYA/SYA_2008_SYA2008_normal_grid_S0028_daily.csv
SYA,SYA,Shenyang,2008,Leave_One_experiments\wth_generated_qc\SYA\SYA2008.WTH,wet_year;nitrogen_stress_year;low_response_year,wet,SYA2008_normal_grid_S0028,pareto_balanced,2008-08-28,241,136,131,"{""sim_day"": 136.0, ""doy"": 241.0, ""topwt"": 17494.931640625, ""grnwt"": 10443.555908203123, ""xlai"": 1.3868184089660645, ""totir"": 0.0, ""tofer"": NaN, ""swfac"": 0.0, ""nstres"": 0.1950259208679199}",0.0,0.1950259208679199,17494.931640625,10443.555908203123,1.3868184089660645,0.0,,0.0,0.0,0.0,180.0,63.26517333984376,63.26517333984376,Leave_One_experiments/all_year_offline_schedule_search/daily_outputs/SYA/SYA_2008_SYA2008_normal_grid_S0028_daily.csv
SYA,SYA,Shenyang,2008,Leave_One_experiments\wth_generated_qc\SYA\SYA2008.WTH,wet_year;nitrogen_stress_year;low_response_year,wet,SYA2008_normal_grid_S0028,pareto_balanced,2008-08-29,242,137,132,"{""sim_day"": 137.0, ""doy"": 242.0, ""topwt"": 17652.421875, ""grnwt"": 10601.04736328125, ""xlai"": 1.306575894355774, ""totir"": 0.0, ""tofer"": NaN, ""swfac"": 0.0, ""nstres"": 0.2676090598106384}",0.0,0.2676090598106384,17652.421875,10601.04736328125,1.306575894355774,0.0,,0.0,0.0,0.0,180.0,63.26517333984376,63.26517333984376,Leave_One_experiments/all_year_offline_schedule_search/daily_outputs/SYA/SYA_2008_SYA2008_normal_grid_S0028_daily.csv
SYA,SYA,Shenyang,2008,Leave_One_experiments\wth_generated_qc\SYA\SYA2008.WTH,wet_year;nitrogen_stress_year;low_response_year,wet,SYA2008_normal_grid_S0028,pareto_balanced,2008-08-30,243,138,133,"{""sim_day"": 138.0, ""doy"": 243.0, ""topwt"": 17720.728759765625, ""grnwt"": 10669.35546875, ""xlai"": 1.232544183731079, ""totir"": 0.0, ""tofer"": NaN, ""swfac"": 0.0, ""nstres"": 0.3024582266807556}",0.0,0.3024582266807556,17720.728759765625,10669.35546875,1.232544183731079,0.0,,0.0,0.0,0.0,180.0,63.26517333984376,63.26517333984376,Leave_One_experiments/all_year_offline_schedule_search/daily_outputs/SYA/SYA_2008_SYA2008_normal_grid_S0028_daily.csv
SYA,SYA,Shenyang,2008,Leave_One_experiments\wth_generated_qc\SYA\SYA2008.WTH,wet_year;nitrogen_stress_year;low_response_year,wet,SYA2008_normal_grid_S0028,pareto_balanced,2008-08-31,244,139,134,"{""sim_day"": 139.0, ""doy"": 244.0, ""topwt"": 17877.891845703125, ""grnwt"": 10826.517333984377, ""xlai"": 1.1609114408493042, ""totir"": 0.0, ""tofer"": NaN, ""swfac"": 0.0, ""nstres"": 0.2872807383537292}",0.0,0.2872807383537292,17877.891845703125,10826.517333984377,1.1609114408493042,0.0,,0.0,0.0,0.0,180.0,63.26517333984376,63.26517333984376,Leave_One_experiments/all_year_offline_schedule_search/daily_outputs/SYA/SYA_2008_SYA2008_normal_grid_S0028_daily.csv
SYA,SYA,Shenyang,2008,Leave_One_experiments\wth_generated_qc\SYA\SYA2008.WTH,wet_year;nitrogen_stress_year;low_response_year,wet,SYA2008_normal_grid_S0028,pareto_balanced,2008-09-01,245,140,135,"{""sim_day"": 140.0, ""doy"": 245.0, ""topwt"": 17877.891845703125, ""grnwt"": 10826.517333984377, ""xlai"": 1.1609114408493042, ""totir"": 0.0, ""tofer"": NaN, ""swfac"": 0.0, ""nstres"": 0.3328725099563598}",0.0,0.3328725099563598,17877.891845703125,10826.517333984377,1.1609114408493042,0.0,,0.0,0.0,0.0,180.0,63.26517333984376,63.26517333984376,Leave_One_experiments/all_year_offline_schedule_search/daily_outputs/SYA/SYA_2008_SYA2008_normal_grid_S0028_daily.csv
SYA,SYA,Shenyang,2008,Leave_One_experiments\wth_generated_qc\SYA\SYA2008.WTH,wet_year;nitrogen_stress_year;low_response_year,wet,SYA2008_normal_grid_S0028,pareto_balanced,2008-09-02,246,141,136,"{""sim_day"": 141.0, ""doy"": 246.0, ""topwt"": 17877.891845703125, ""grnwt"": 10826.517333984377, ""xlai"": 1.1609114408493042, ""totir"": 0.0, ""tofer"": NaN, ""swfac"": 0.0, ""nstres"": 0.3328725099563598}",0.0,0.3328725099563598,17877.891845703125,10826.517333984377,1.1609114408493042,0.0,,0.0,0.0,0.0,180.0,63.26517333984376,63.26517333984376,Leave_One_experiments/all_year_offline_schedule_search/daily_outputs/SYA/SYA_2008_SYA2008_normal_grid_S0028_daily.csv
SYA,SYA,Shenyang,2008,Leave_One_experiments\wth_generated_qc\SYA\SYA2008.WTH,wet_year;nitrogen_stress_year;low_response_year,wet,SYA2008_normal_grid_S0028,pareto_balanced,2008-09-03,247,142,137,"{""sim_day"": 142.0, ""doy"": 247.0, ""topwt"": 17877.891845703125, ""grnwt"": 10826.517333984377, ""xlai"": 1.1609114408493042, ""totir"": 0.0, ""tofer"": NaN, ""swfac"": 0.0, ""nstres"": 0.3328725099563598}",0.0,0.3328725099563598,17877.891845703125,10826.517333984377,1.1609114408493042,0.0,,0.0,0.0,0.0,180.0,63.26517333984376,63.26517333984376,Leave_One_experiments/all_year_offline_schedule_search/daily_outputs/SYA/SYA_2008_SYA2008_normal_grid_S0028_daily.csv
SYA,SYA,Shenyang,2008,Leave_One_experiments\wth_generated_qc\SYA\SYA2008.WTH,wet_year;nitrogen_stress_year;low_response_year,wet,SYA2008_normal_grid_S0028,pareto_balanced,2008-09-04,248,143,138,"{""sim_day"": 143.0, ""doy"": 248.0, ""topwt"": 17877.891845703125, ""grnwt"": 10826.517333984377, ""xlai"": 1.1609114408493042, ""totir"": 0.0, ""tofer"": NaN, ""swfac"": 0.0, ""nstres"": 0.3328725099563598}",0.0,0.3328725099563598,17877.891845703125,10826.517333984377,1.1609114408493042,0.0,,0.0,0.0,0.0,180.0,63.26517333984376,63.26517333984376,Leave_One_experiments/all_year_offline_schedule_search/daily_outputs/SYA/SYA_2008_SYA2008_normal_grid_S0028_daily.csv
SYA,SYA,Shenyang,2009,Leave_One_experiments\wth_generated_qc\SYA\SYA2009.WTH,normal_year;water_stress_year;nitrogen_stress_year,water_stress,SYA2009_stress_grid_S0009,irrigation_positive_candidate,2009-04-21,111,1,1,"{""sim_day"": 1.0, ""doy"": 111.0, ""topwt"": 0.0, ""grnwt"": 0.0, ""xlai"": 0.0, ""totir"": 0.0, ""tofer"": NaN, ""swfac"": 0.0, ""nstres"": 0.0}",0.0,0.0,0.0,0.0,0.0,0.0,,0.0,0.0,20.0,0.0,19.45335693359375,27.45335693359375,Leave_One_experiments/all_year_offline_schedule_search/daily_outputs/SYA/SYA_2009_SYA2009_stress_grid_S0009_daily.csv
SYA,SYA,Shenyang,2009,Leave_One_experiments\wth_generated_qc\SYA\SYA2009.WTH,normal_year;water_stress_year;nitrogen_stress_year,water_stress,SYA2009_stress_grid_S0009,irrigation_positive_candidate,2009-04-22,112,2,2,"{""sim_day"": 2.0, ""doy"": 112.0, ""topwt"": 0.0, ""grnwt"": 0.0, ""xlai"": 0.0, ""totir"": 0.0, ""tofer"": NaN, ""swfac"": 0.0, ""nstres"": 0.0}",0.0,0.0,0.0,0.0,0.0,0.0,,0.0,0.0,20.0,0.0,19.45335693359375,27.45335693359375,Leave_One_experiments/all_year_offline_schedule_search/daily_outputs/SYA/SYA_2009_SYA2009_stress_grid_S0009_daily.csv
SYA,SYA,Shenyang,2009,Leave_One_experiments\wth_generated_qc\SYA\SYA2009.WTH,normal_year;water_stress_year;nitrogen_stress_year,water_stress,SYA2009_stress_grid_S0009,irrigation_positive_candidate,2009-04-23,113,3,3,"{""sim_day"": 3.0, ""doy"": 113.0, ""topwt"": 0.0, ""grnwt"": 0.0, ""xlai"": 0.0, ""totir"": 0.0, ""tofer"": NaN, ""swfac"": 0.0, ""nstres"": 0.0}",0.0,0.0,0.0,0.0,0.0,0.0,,0.0,0.0,20.0,0.0,19.45335693359375,27.45335693359375,Leave_One_experiments/all_year_offline_schedule_search/daily_outputs/SYA/SYA_2009_SYA2009_stress_grid_S0009_daily.csv
SYA,SYA,Shenyang,2009,Leave_One_experiments\wth_generated_qc\SYA\SYA2009.WTH,normal_year;water_stress_year;nitrogen_stress_year,water_stress,SYA2009_stress_grid_S0009,irrigation_positive_candidate,2009-04-24,114,4,4,"{""sim_day"": 4.0, ""doy"": 114.0, ""topwt"": 0.0, ""grnwt"": 0.0, ""xlai"": 0.0, ""totir"": 0.0, ""tofer"": NaN, ""swfac"": 0.0, ""nstres"": 0.0}",0.0,0.0,0.0,0.0,0.0,0.0,,0.0,0.0,20.0,0.0,19.45335693359375,27.45335693359375,Leave_One_experiments/all_year_offline_schedule_search/daily_outputs/SYA/SYA_2009_SYA2009_stress_grid_S0009_daily.csv
SYA,SYA,Shenyang,2009,Leave_One_experiments\wth_generated_qc\SYA\SYA2009.WTH,normal_year;water_stress_year;nitrogen_stress_year,water_stress,SYA2009_stress_grid_S0009,irrigation_positive_candidate,2009-04-25,115,5,5,"{""sim_day"": 5.0, ""doy"": 115.0, ""topwt"": 0.0, ""grnwt"": 0.0, ""xlai"": 0.0, ""totir"": 0.0, ""tofer"": NaN, ""swfac"": 0.0, ""nstres"": 0.0}",0.0,0.0,0.0,0.0,0.0,0.0,,0.0,0.0,20.0,0.0,19.45335693359375,27.45335693359375,Leave_One_experiments/all_year_offline_schedule_search/daily_outputs/SYA/SYA_2009_SYA2009_stress_grid_S0009_daily.csv
SYA,SYA,Shenyang,2009,Leave_One_experiments\wth_generated_qc\SYA\SYA2009.WTH,normal_year;water_stress_year;nitrogen_stress_year,water_stress,SYA2009_stress_grid_S0009,irrigation_positive_candidate,2009-04-21,111,6,1,"{""sim_day"": 6.0, ""doy"": 111.0, ""topwt"": 0.0, ""grnwt"": 0.0, ""xlai"": 0.0, ""totir"": 0.0, ""tofer"": NaN, ""swfac"": 0.0, ""nstres"": 0.0}",0.0,0.0,0.0,0.0,0.0,0.0,,0.0,0.0,20.0,0.0,19.45335693359375,27.45335693359375,Leave_One_experiments/all_year_offline_schedule_search/daily_outputs/SYA/SYA_2009_SYA2009_stress_grid_S0009_daily.csv
SYA,SYA,Shenyang,2009,Leave_One_experiments\wth_generated_qc\SYA\SYA2009.WTH,normal_year;water_stress_year;nitrogen_stress_year,water_stress,SYA2009_stress_grid_S0009,irrigation_positive_candidate,2009-04-22,112,7,2,"{""sim_day"": 7.0, ""doy"": 112.0, ""topwt"": 0.0, ""grnwt"": 0.0, ""xlai"": 0.0, ""totir"": 0.0, ""tofer"": NaN, ""swfac"": 0.0, ""nstres"": 0.0}",0.0,0.0,0.0,0.0,0.0,0.0,,0.0,0.0,20.0,0.0,19.45335693359375,27.45335693359375,Leave_One_experiments/all_year_offline_schedule_search/daily_outputs/SYA/SYA_2009_SYA2009_stress_grid_S0009_daily.csv
SYA,SYA,Shenyang,2009,Leave_One_experiments\wth_generated_qc\SYA\SYA2009.WTH,normal_year;water_stress_year;nitrogen_stress_year,water_stress,SYA2009_stress_grid_S0009,irrigation_positive_candidate,2009-04-23,113,8,3,"{""sim_day"": 8.0, ""doy"": 113.0, ""topwt"": 0.0, ""grnwt"": 0.0, ""xlai"": 0.0, ""totir"": 0.0, ""tofer"": NaN, ""swfac"": 0.0, ""nstres"": 0.0}",0.0,0.0,0.0,0.0,0.0,0.0,,0.0,0.0,20.0,0.0,19.45335693359375,27.45335693359375,Leave_One_experiments/all_year_offline_schedule_search/daily_outputs/SYA/SYA_2009_SYA2009_stress_grid_S0009_daily.csv
SYA,SYA,Shenyang,2009,Leave_One_experiments\wth_generated_qc\SYA\SYA2009.WTH,normal_year;water_stress_year;nitrogen_stress_year,water_stress,SYA2009_stress_grid_S0009,irrigation_positive_candidate,2009-04-24,114,9,4,"{""sim_day"": 9.0, ""doy"": 114.0, ""topwt"": 0.0, ""grnwt"": 0.0, ""xlai"": 0.0, ""totir"": 0.0, ""tofer"": NaN, ""swfac"": 0.0, ""nstres"": 0.0}",0.0,0.0,0.0,0.0,0.0,0.0,,0.0,0.0,20.0,0.0,19.45335693359375,27.45335693359375,Leave_One_experiments/all_year_offline_schedule_search/daily_outputs/SYA/SYA_2009_SYA2009_stress_grid_S0009_daily.csv
SYA,SYA,Shenyang,2009,Leave_One_experiments\wth_generated_qc\SYA\SYA2009.WTH,normal_year;water_stress_year;nitrogen_stress_year,water_stress,SYA2009_stress_grid_S0009,irrigation_positive_candidate,2009-04-25,115,10,5,"{""sim_day"": 10.0, ""doy"": 115.0, ""topwt"": 0.0, ""grnwt"": 0.0, ""xlai"": 0.0, ""totir"": 0.0, ""tofer"": NaN, ""swfac"": 0.0, ""nstres"": 0.0}",0.0,0.0,0.0,0.0,0.0,0.0,,0.0,0.0,20.0,0.0,19.45335693359375,27.45335693359375,Leave_One_experiments/all_year_offline_schedule_search/daily_outputs/SYA/SYA_2009_SYA2009_stress_grid_S0009_daily.csv
SYA,SYA,Shenyang,2009,Leave_One_experiments\wth_generated_qc\SYA\SYA2009.WTH,normal_year;water_stress_year;nitrogen_stress_year,water_stress,SYA2009_stress_grid_S0009,irrigation_positive_candidate,2009-04-26,116,11,6,"{""sim_day"": 11.0, ""doy"": 116.0, ""topwt"": 0.0, ""grnwt"": 0.0, ""xlai"": 0.0, ""totir"": 0.0, ""tofer"": NaN, ""swfac"": 0.0, ""nstres"": 0.0}",0.0,0.0,0.0,0.0,0.0,0.0,,0.0,0.0,20.0,0.0,19.45335693359375,27.45335693359375,Leave_One_experiments/all_year_offline_schedule_search/daily_outputs/SYA/SYA_2009_SYA2009_stress_grid_S0009_daily.csv
SYA,SYA,Shenyang,2009,Leave_One_experiments\wth_generated_qc\SYA\SYA2009.WTH,normal_year;water_stress_year;nitrogen_stress_year,water_stress,SYA2009_stress_grid_S0009,irrigation_positive_candidate,2009-04-27,117,12,7,"{""sim_day"": 12.0, ""doy"": 117.0, ""topwt"": 0.0, ""grnwt"": 0.0, ""xlai"": 0.0, ""totir"": 0.0, ""tofer"": NaN, ""swfac"": 0.0, ""nstres"": 0.0}",0.0,0.0,0.0,0.0,0.0,0.0,,0.0,0.0,20.0,0.0,19.45335693359375,27.45335693359375,Leave_One_experiments/all_year_offline_schedule_search/daily_outputs/SYA/SYA_2009_SYA2009_stress_grid_S0009_daily.csv
SYA,SYA,Shenyang,2009,Leave_One_experiments\wth_generated_qc\SYA\SYA2009.WTH,normal_year;water_stress_year;nitrogen_stress_year,water_stress,SYA2009_stress_grid_S0009,irrigation_positive_candidate,2009-04-28,118,13,8,"{""sim_day"": 13.0, ""doy"": 118.0, ""topwt"": 0.0, ""grnwt"": 0.0, ""xlai"": 0.0, ""totir"": 0.0, ""tofer"": NaN, ""swfac"": 0.0, ""nstres"": 0.0}",0.0,0.0,0.0,0.0,0.0,0.0,,0.0,0.0,20.0,0.0,19.45335693359375,27.45335693359375,Leave_One_experiments/all_year_offline_schedule_search/daily_outputs/SYA/SYA_2009_SYA2009_stress_grid_S0009_daily.csv
SYA,SYA,Shenyang,2009,Leave_One_experiments\wth_generated_qc\SYA\SYA2009.WTH,normal_year;water_stress_year;nitrogen_stress_year,water_stress,SYA2009_stress_grid_S0009,irrigation_positive_candidate,2009-04-29,119,14,9,"{""sim_day"": 14.0, ""doy"": 119.0, ""topwt"": 0.0, ""grnwt"": 0.0, ""xlai"": 0.0, ""totir"": 0.0, ""tofer"": NaN, ""swfac"": 0.0, ""nstres"": 0.0}",0.0,0.0,0.0,0.0,0.0,0.0,,0.0,0.0,20.0,0.0,19.45335693359375,27.45335693359375,Leave_One_experiments/all_year_offline_schedule_search/daily_outputs/SYA/SYA_2009_SYA2009_stress_grid_S0009_daily.csv
SYA,SYA,Shenyang,2009,Leave_One_experiments\wth_generated_qc\SYA\SYA2009.WTH,normal_year;water_stress_year;nitrogen_stress_year,water_stress,SYA2009_stress_grid_S0009,irrigation_positive_candidate,2009-04-30,120,15,10,"{""sim_day"": 15.0, ""doy"": 120.0, ""topwt"": 0.0, ""grnwt"": 0.0, ""xlai"": 0.0, ""totir"": 0.0, ""tofer"": NaN, ""swfac"": 0.0, ""nstres"": 0.0}",0.0,0.0,0.0,0.0,0.0,0.0,,0.0,0.0,20.0,0.0,19.45335693359375,27.45335693359375,Leave_One_experiments/all_year_offline_schedule_search/daily_outputs/SYA/SYA_2009_SYA2009_stress_grid_S0009_daily.csv
SYA,SYA,Shenyang,2009,Leave_One_experiments\wth_generated_qc\SYA\SYA2009.WTH,normal_year;water_stress_year;nitrogen_stress_year,water_stress,SYA2009_stress_grid_S0009,irrigation_positive_candidate,2009-05-01,121,16,11,"{""sim_day"": 16.0, ""doy"": 121.0, ""topwt"": 0.0, ""grnwt"": 0.0, ""xlai"": 0.0, ""totir"": 0.0, ""tofer"": NaN, ""swfac"": 0.0, ""nstres"": 0.0}",0.0,0.0,0.0,0.0,0.0,0.0,,0.0,0.0,20.0,0.0,19.45335693359375,27.45335693359375,Leave_One_experiments/all_year_offline_schedule_search/daily_outputs/SYA/SYA_2009_SYA2009_stress_grid_S0009_daily.csv
SYA,SYA,Shenyang,2009,Leave_One_experiments\wth_generated_qc\SYA\SYA2009.WTH,normal_year;water_stress_year;nitrogen_stress_year,water_stress,SYA2009_stress_grid_S0009,irrigation_positive_candidate,2009-05-02,122,17,12,"{""sim_day"": 17.0, ""doy"": 122.0, ""topwt"": 0.0, ""grnwt"": 0.0, ""xlai"": 0.0, ""totir"": 0.0, ""tofer"": NaN, ""swfac"": 0.0, ""nstres"": 0.0}",0.0,0.0,0.0,0.0,0.0,0.0,,0.0,0.0,20.0,0.0,19.45335693359375,27.45335693359375,Leave_One_experiments/all_year_offline_schedule_search/daily_outputs/SYA/SYA_2009_SYA2009_stress_grid_S0009_daily.csv
SYA,SYA,Shenyang,2009,Leave_One_experiments\wth_generated_qc\SYA\SYA2009.WTH,normal_year;water_stress_year;nitrogen_stress_year,water_stress,SYA2009_stress_grid_S0009,irrigation_positive_candidate,2009-05-03,123,18,13,"{""sim_day"": 18.0, ""doy"": 123.0, ""topwt"": 17.600001096725464, ""grnwt"": 0.0, ""xlai"": 0.0019080422352999, ""totir"": 0.0, ""tofer"": NaN, ""swfac"": 0.0, ""nstres"": 0.0121910572052001}",0.0,0.0121910572052001,17.600001096725464,0.0,0.0019080422352999,0.0,,0.0,0.0,20.0,0.0,19.45335693359375,27.45335693359375,Leave_One_experiments/all_year_offline_schedule_search/daily_outputs/SYA/SYA_2009_SYA2009_stress_grid_S0009_daily.csv
SYA,SYA,Shenyang,2009,Leave_One_experiments\wth_generated_qc\SYA\SYA2009.WTH,normal_year;water_stress_year;nitrogen_stress_year,water_stress,SYA2009_stress_grid_S0009,irrigation_positive_candidate,2009-05-04,124,19,14,"{""sim_day"": 19.0, ""doy"": 124.0, ""topwt"": 17.600001096725464, ""grnwt"": 0.0, ""xlai"": 0.0036874369252473, ""totir"": 0.0, ""tofer"": NaN, ""swfac"": 0.0, ""nstres"": 0.0113089084625244}",0.0,0.0113089084625244,17.600001096725464,0.0,0.0036874369252473,0.0,,0.0,0.0,20.0,0.0,19.45335693359375,27.45335693359375,Leave_One_experiments/all_year_offline_schedule_search/daily_outputs/SYA/SYA_2009_SYA2009_stress_grid_S0009_daily.csv
SYA,SYA,Shenyang,2009,Leave_One_experiments\wth_generated_qc\SYA\SYA2009.WTH,normal_year;water_stress_year;nitrogen_stress_year,water_stress,SYA2009_stress_grid_S0009,irrigation_positive_candidate,2009-05-05,125,20,15,"{""sim_day"": 20.0, ""doy"": 125.0, ""topwt"": 17.600001096725464, ""grnwt"": 0.0, ""xlai"": 0.0058452719822525, ""totir"": 0.0, ""tofer"": NaN, ""swfac"": 0.0, ""nstres"": 0.0052775144577026}",0.0,0.0052775144577026,17.600001096725464,0.0,0.0058452719822525,0.0,,0.0,0.0,20.0,0.0,19.45335693359375,27.45335693359375,Leave_One_experiments/all_year_offline_schedule_search/daily_outputs/SYA/SYA_2009_SYA2009_stress_grid_S0009_daily.csv
SYA,SYA,Shenyang,2009,Leave_One_experiments\wth_generated_qc\SYA\SYA2009.WTH,normal_year;water_stress_year;nitrogen_stress_year,water_stress,SYA2009_stress_grid_S0009,irrigation_positive_candidate,2009-05-06,126,21,16,"{""sim_day"": 21.0, ""doy"": 126.0, ""topwt"": 17.600001096725464, ""grnwt"": 0.0, ""xlai"": 0.0081360777840018, ""totir"": 0.0, ""tofer"": NaN, ""swfac"": 0.0, ""nstres"": 0.0}",0.0,0.0,17.600001096725464,0.0,0.0081360777840018,0.0,,0.0,0.0,20.0,0.0,19.45335693359375,27.45335693359375,Leave_One_experiments/all_year_offline_schedule_search/daily_outputs/SYA/SYA_2009_SYA2009_stress_grid_S0009_daily.csv
SYA,SYA,Shenyang,2009,Leave_One_experiments\wth_generated_qc\SYA\SYA2009.WTH,normal_year;water_stress_year;nitrogen_stress_year,water_stress,SYA2009_stress_grid_S0009,irrigation_positive_candidate,2009-05-07,127,22,17,"{""sim_day"": 22.0, ""doy"": 127.0, ""topwt"": 17.600001096725464, ""grnwt"": 0.0, ""xlai"": 0.0105178114026784, ""totir"": 0.0, ""tofer"": NaN, ""swfac"": 0.0, ""nstres"": 0.0}",0.0,0.0,17.600001096725464,0.0,0.0105178114026784,0.0,,0.0,0.0,20.0,0.0,19.45335693359375,27.45335693359375,Leave_One_experiments/all_year_offline_schedule_search/daily_outputs/SYA/SYA_2009_SYA2009_stress_grid_S0009_daily.csv
SYA,SYA,Shenyang,2009,Leave_One_experiments\wth_generated_qc\SYA\SYA2009.WTH,normal_year;water_stress_year;nitrogen_stress_year,water_stress,SYA2009_stress_grid_S0009,irrigation_positive_candidate,2009-05-08,128,23,18,"{""sim_day"": 23.0, ""doy"": 128.0, ""topwt"": 17.600001096725464, ""grnwt"": 0.0, ""xlai"": 0.0119237629696726, ""totir"": 0.0, ""tofer"": NaN, ""swfac"": 0.0, ""nstres"": 0.0}",0.0,0.0,17.600001096725464,0.0,0.0119237629696726,0.0,,0.0,0.0,20.0,0.0,19.45335693359375,27.45335693359375,Leave_One_experiments/all_year_offline_schedule_search/daily_outputs/SYA/SYA_2009_SYA2009_stress_grid_S0009_daily.csv
SYA,SYA,Shenyang,2009,Leave_One_experiments\wth_generated_qc\SYA\SYA2009.WTH,normal_year;water_stress_year;nitrogen_stress_year,water_stress,SYA2009_stress_grid_S0009,irrigation_positive_candidate,2009-05-09,129,24,19,"{""sim_day"": 24.0, ""doy"": 129.0, ""topwt"": 17.600001096725464, ""grnwt"": 0.0, ""xlai"": 0.0129874506965279, ""totir"": 0.0, ""tofer"": NaN, ""swfac"": 0.0, ""nstres"": 0.0}",0.0,0.0,17.600001096725464,0.0,0.0129874506965279,0.0,,0.0,0.0,20.0,0.0,19.45335693359375,27.45335693359375,Leave_One_experiments/all_year_offline_schedule_search/daily_outputs/SYA/SYA_2009_SYA2009_stress_grid_S0009_daily.csv
SYA,SYA,Shenyang,2009,Leave_One_experiments\wth_generated_qc\SYA\SYA2009.WTH,normal_year;water_stress_year;nitrogen_stress_year,water_stress,SYA2009_stress_grid_S0009,irrigation_positive_candidate,2009-05-10,130,25,20,"{""sim_day"": 25.0, ""doy"": 130.0, ""topwt"": 17.600001096725464, ""grnwt"": 0.0, ""xlai"": 0.0168522279709577, ""totir"": 0.0, ""tofer"": NaN, ""swfac"": 0.0, ""nstres"": 0.0}",0.0,0.0,17.600001096725464,0.0,0.0168522279709577,0.0,,0.0,0.0,20.0,0.0,19.45335693359375,27.45335693359375,Leave_One_experiments/all_year_offline_schedule_search/daily_outputs/SYA/SYA_2009_SYA2009_stress_grid_S0009_daily.csv
SYA,SYA,Shenyang,2009,Leave_One_experiments\wth_generated_qc\SYA\SYA2009.WTH,normal_year;water_stress_year;nitrogen_stress_year,water_stress,SYA2009_stress_grid_S0009,irrigation_positive_candidate,2009-05-11,131,26,21,"{""sim_day"": 26.0, ""doy"": 131.0, ""topwt"": 17.600001096725464, ""grnwt"": 0.0, ""xlai"": 0.0228550601750612, ""totir"": 0.0, ""tofer"": NaN, ""swfac"": 0.0, ""nstres"": 0.0}",0.0,0.0,17.600001096725464,0.0,0.0228550601750612,0.0,,0.0,0.0,20.0,0.0,19.45335693359375,27.45335693359375,Leave_One_experiments/all_year_offline_schedule_search/daily_outputs/SYA/SYA_2009_SYA2009_stress_grid_S0009_daily.csv
SYA,SYA,Shenyang,2009,Leave_One_experiments\wth_generated_qc\SYA\SYA2009.WTH,normal_year;water_stress_year;nitrogen_stress_year,water_stress,SYA2009_stress_grid_S0009,irrigation_positive_candidate,2009-05-12,132,27,22,"{""sim_day"": 27.0, ""doy"": 132.0, ""topwt"": 17.600001096725464, ""grnwt"": 0.0, ""xlai"": 0.029379604384303, ""totir"": 0.0, ""tofer"": NaN, ""swfac"": 0.0, ""nstres"": 0.0}",0.0,0.0,17.600001096725464,0.0,0.029379604384303,0.0,,0.0,0.0,20.0,0.0,19.45335693359375,27.45335693359375,Leave_One_experiments/all_year_offline_schedule_search/daily_outputs/SYA/SYA_2009_SYA2009_stress_grid_S0009_daily.csv
SYA,SYA,Shenyang,2009,Leave_One_experiments\wth_generated_qc\SYA\SYA2009.WTH,normal_year;water_stress_year;nitrogen_stress_year,water_stress,SYA2009_stress_grid_S0009,irrigation_positive_candidate,2009-05-13,133,28,23,"{""sim_day"": 28.0, ""doy"": 133.0, ""topwt"": 20.747439861297607, ""grnwt"": 0.0, ""xlai"": 0.0384640358388423, ""totir"": 0.0, ""tofer"": NaN, ""swfac"": 0.0, ""nstres"": 0.0}",0.0,0.0,20.747439861297607,0.0,0.0384640358388423,0.0,,0.0,0.0,20.0,0.0,19.45335693359375,27.45335693359375,Leave_One_experiments/all_year_offline_schedule_search/daily_outputs/SYA/SYA_2009_SYA2009_stress_grid_S0009_daily.csv
SYA,SYA,Shenyang,2009,Leave_One_experiments\wth_generated_qc\SYA\SYA2009.WTH,normal_year;water_stress_year;nitrogen_stress_year,water_stress,SYA2009_stress_grid_S0009,irrigation_positive_candidate,2009-05-14,134,29,24,"{""sim_day"": 29.0, ""doy"": 134.0, ""topwt"": 24.08001184463501, ""grnwt"": 0.0, ""xlai"": 0.0467869862914085, ""totir"": 0.0, ""tofer"": NaN, ""swfac"": 0.0, ""nstres"": 0.0}",0.0,0.0,24.08001184463501,0.0,0.0467869862914085,0.0,,0.0,0.0,20.0,0.0,19.45335693359375,27.45335693359375,Leave_One_experiments/all_year_offline_schedule_search/daily_outputs/SYA/SYA_2009_SYA2009_stress_grid_S0009_daily.csv
SYA,SYA,Shenyang,2009,Leave_One_experiments\wth_generated_qc\SYA\SYA2009.WTH,normal_year;water_stress_year;nitrogen_stress_year,water_stress,SYA2009_stress_grid_S0009,irrigation_positive_candidate,2009-05-15,135,30,25,"{""sim_day"": 30.0, ""doy"": 135.0, ""topwt"": 26.830620765686035, ""grnwt"": 0.0, ""xlai"": 0.0533737652003765, ""totir"": 0.0, ""tofer"": NaN, ""swfac"": 0.0, ""nstres"": 0.0}",0.0,0.0,26.830620765686035,0.0,0.0533737652003765,0.0,,0.0,0.0,20.0,0.0,19.45335693359375,27.45335693359375,Leave_One_experiments/all_year_offline_schedule_search/daily_outputs/SYA/SYA_2009_SYA2009_stress_grid_S0009_daily.csv
SYA,SYA,Shenyang,2009,Leave_One_experiments\wth_generated_qc\SYA\SYA2009.WTH,normal_year;water_stress_year;nitrogen_stress_year,water_stress,SYA2009_stress_grid_S0009,irrigation_positive_candidate,2009-05-16,136,31,26,"{""sim_day"": 31.0, ""doy"": 136.0, ""topwt"": 30.95163345336914, ""grnwt"": 0.0, ""xlai"": 0.062868058681488, ""totir"": 0.0, ""tofer"": NaN, ""swfac"": 0.0, ""nstres"": 0.0}",0.0,0.0,30.95163345336914,0.0,0.062868058681488,0.0,,0.0,0.0,20.0,0.0,19.45335693359375,27.45335693359375,Leave_One_experiments/all_year_offline_schedule_search/daily_outputs/SYA/SYA_2009_SYA2009_stress_grid_S0009_daily.csv
SYA,SYA,Shenyang,2009,Leave_One_experiments\wth_generated_qc\SYA\SYA2009.WTH,normal_year;water_stress_year;nitrogen_stress_year,water_stress,SYA2009_stress_grid_S0009,irrigation_positive_candidate,2009-05-17,137,32,27,"{""sim_day"": 32.0, ""doy"": 137.0, ""topwt"": 37.05496072769165, ""grnwt"": 0.0, ""xlai"": 0.0762852877378463, ""totir"": 0.0, ""tofer"": NaN, ""swfac"": 0.0, ""nstres"": 0.0}",0.0,0.0,37.05496072769165,0.0,0.0762852877378463,0.0,,0.0,0.0,20.0,0.0,19.45335693359375,27.45335693359375,Leave_One_experiments/all_year_offline_schedule_search/daily_outputs/SYA/SYA_2009_SYA2009_stress_grid_S0009_daily.csv
SYA,SYA,Shenyang,2009,Leave_One_experiments\wth_generated_qc\SYA\SYA2009.WTH,normal_year;water_stress_year;nitrogen_stress_year,water_stress,SYA2009_stress_grid_S0009,irrigation_positive_candidate,2009-05-18,138,33,28,"{""sim_day"": 33.0, ""doy"": 138.0, ""topwt"": 44.408955574035645, ""grnwt"": 0.0, ""xlai"": 0.0916721075773239, ""totir"": 0.0, ""tofer"": NaN, ""swfac"": 0.0, ""nstres"": 0.0}",0.0,0.0,44.408955574035645,0.0,0.0916721075773239,0.0,,0.0,0.0,20.0,0.0,19.45335693359375,27.45335693359375,Leave_One_experiments/all_year_offline_schedule_search/daily_outputs/SYA/SYA_2009_SYA2009_stress_grid_S0009_daily.csv
SYA,SYA,Shenyang,2009,Leave_One_experiments\wth_generated_qc\SYA\SYA2009.WTH,normal_year;water_stress_year;nitrogen_stress_year,water_stress,SYA2009_stress_grid_S0009,irrigation_positive_candidate,2009-05-19,139,34,29,"{""sim_day"": 34.0, ""doy"": 139.0, ""topwt"": 53.59796524047852, ""grnwt"": 0.0, ""xlai"": 0.109994038939476, ""totir"": 0.0, ""tofer"": NaN, ""swfac"": 0.0, ""nstres"": 0.0}",0.0,0.0,53.59796524047852,0.0,0.109994038939476,0.0,,0.0,0.0,20.0,0.0,19.45335693359375,27.45335693359375,Leave_One_experiments/all_year_offline_schedule_search/daily_outputs/SYA/SYA_2009_SYA2009_stress_grid_S0009_daily.csv
SYA,SYA,Shenyang,2009,Leave_One_experiments\wth_generated_qc\SYA\SYA2009.WTH,normal_year;water_stress_year;nitrogen_stress_year,water_stress,SYA2009_stress_grid_S0009,irrigation_positive_candidate,2009-05-20,140,35,30,"{""sim_day"": 35.0, ""doy"": 140.0, ""topwt"": 62.295289039611816, ""grnwt"": 0.0, ""xlai"": 0.126615285873413, ""totir"": 0.0, ""tofer"": NaN, ""swfac"": 0.0, ""nstres"": 0.0021744966506958}",0.0,0.0021744966506958,62.295289039611816,0.0,0.126615285873413,0.0,,0.0,0.0,20.0,0.0,19.45335693359375,27.45335693359375,Leave_One_experiments/all_year_offline_schedule_search/daily_outputs/SYA/SYA_2009_SYA2009_stress_grid_S0009_daily.csv
SYA,SYA,Shenyang,2009,Leave_One_experiments\wth_generated_qc\SYA\SYA2009.WTH,normal_year;water_stress_year;nitrogen_stress_year,water_stress,SYA2009_stress_grid_S0009,irrigation_positive_candidate,2009-05-21,141,36,31,"{""sim_day"": 36.0, ""doy"": 141.0, ""topwt"": 67.69791603088379, ""grnwt"": 0.0, ""xlai"": 0.1366492956876754, ""totir"": 0.0, ""tofer"": NaN, ""swfac"": 0.0, ""nstres"": 0.0090452432632446}",0.0,0.0090452432632446,67.69791603088379,0.0,0.1366492956876754,0.0,,0.0,0.0,20.0,0.0,19.45335693359375,27.45335693359375,Leave_One_experiments/all_year_offline_schedule_search/daily_outputs/SYA/SYA_2009_SYA2009_stress_grid_S0009_daily.csv
SYA,SYA,Shenyang,2009,Leave_One_experiments\wth_generated_qc\SYA\SYA2009.WTH,normal_year;water_stress_year;nitrogen_stress_year,water_stress,SYA2009_stress_grid_S0009,irrigation_positive_candidate,2009-05-22,142,37,32,"{""sim_day"": 37.0, ""doy"": 142.0, ""topwt"": 71.9777250289917, ""grnwt"": 0.0, ""xlai"": 0.1543054580688476, ""totir"": 0.0, ""tofer"": NaN, ""swfac"": 0.0, ""nstres"": 0.0}",0.0,0.0,71.9777250289917,0.0,0.1543054580688476,0.0,,0.0,0.0,20.0,0.0,19.45335693359375,27.45335693359375,Leave_One_experiments/all_year_offline_schedule_search/daily_outputs/SYA/SYA_2009_SYA2009_stress_grid_S0009_daily.csv
SYA,SYA,Shenyang,2009,Leave_One_experiments\wth_generated_qc\SYA\SYA2009.WTH,normal_year;water_stress_year;nitrogen_stress_year,water_stress,SYA2009_stress_grid_S0009,irrigation_positive_candidate,2009-05-23,143,38,33,"{""sim_day"": 38.0, ""doy"": 143.0, ""topwt"": 85.44795036315918, ""grnwt"": 0.0, ""xlai"": 0.1798513531684875, ""totir"": 0.0, ""tofer"": NaN, ""swfac"": 0.0, ""nstres"": 0.0165398716926574}",0.0,0.0165398716926574,85.44795036315918,0.0,0.1798513531684875,0.0,,0.0,0.0,20.0,0.0,19.45335693359375,27.45335693359375,Leave_One_experiments/all_year_offline_schedule_search/daily_outputs/SYA/SYA_2009_SYA2009_stress_grid_S0009_daily.csv
SYA,SYA,Shenyang,2009,Leave_One_experiments\wth_generated_qc\SYA\SYA2009.WTH,normal_year;water_stress_year;nitrogen_stress_year,water_stress,SYA2009_stress_grid_S0009,irrigation_positive_candidate,2009-05-24,144,39,34,"{""sim_day"": 39.0, ""doy"": 144.0, ""topwt"": 101.18842124938963, ""grnwt"": 0.0, ""xlai"": 0.2085268199443817, ""totir"": 0.0, ""tofer"": NaN, ""swfac"": 0.0, ""nstres"": 0.0196787118911743}",0.0,0.0196787118911743,101.18842124938963,0.0,0.2085268199443817,0.0,,0.0,0.0,20.0,0.0,19.45335693359375,27.45335693359375,Leave_One_experiments/all_year_offline_schedule_search/daily_outputs/SYA/SYA_2009_SYA2009_stress_grid_S0009_daily.csv
SYA,SYA,Shenyang,2009,Leave_One_experiments\wth_generated_qc\SYA\SYA2009.WTH,normal_year;water_stress_year;nitrogen_stress_year,water_stress,SYA2009_stress_grid_S0009,irrigation_positive_candidate,2009-05-25,145,40,35,"{""sim_day"": 40.0, ""doy"": 145.0, ""topwt"": 116.58204078674316, ""grnwt"": 0.0, ""xlai"": 0.2351351529359817, ""totir"": 0.0, ""tofer"": NaN, ""swfac"": 0.0, ""nstres"": 0.0536161065101623}",0.0,0.0536161065101623,116.58204078674316,0.0,0.2351351529359817,0.0,,0.0,0.0,20.0,0.0,19.45335693359375,27.45335693359375,Leave_One_experiments/all_year_offline_schedule_search/daily_outputs/SYA/SYA_2009_SYA2009_stress_grid_S0009_daily.csv
SYA,SYA,Shenyang,2009,Leave_One_experiments\wth_generated_qc\SYA\SYA2009.WTH,normal_year;water_stress_year;nitrogen_stress_year,water_stress,SYA2009_stress_grid_S0009,irrigation_positive_candidate,2009-05-26,146,41,36,"{""sim_day"": 41.0, ""doy"": 146.0, ""topwt"": 132.31246948242188, ""grnwt"": 0.0, ""xlai"": 0.2598929107189178, ""totir"": 0.0, ""tofer"": NaN, ""swfac"": 0.0, ""nstres"": 0.0989211797714233}",0.0,0.0989211797714233,132.31246948242188,0.0,0.2598929107189178,0.0,,0.0,0.0,20.0,0.0,19.45335693359375,27.45335693359375,Leave_One_experiments/all_year_offline_schedule_search/daily_outputs/SYA/SYA_2009_SYA2009_stress_grid_S0009_daily.csv
SYA,SYA,Shenyang,2009,Leave_One_experiments\wth_generated_qc\SYA\SYA2009.WTH,normal_year;water_stress_year;nitrogen_stress_year,water_stress,SYA2009_stress_grid_S0009,irrigation_positive_candidate,2009-05-27,147,42,37,"{""sim_day"": 42.0, ""doy"": 147.0, ""topwt"": 148.07083129882812, ""grnwt"": 0.0, ""xlai"": 0.2829633355140686, ""totir"": 0.0, ""tofer"": NaN, ""swfac"": 0.0, ""nstres"": 0.1196705102920532}",0.0,0.1196705102920532,148.07083129882812,0.0,0.2829633355140686,0.0,,0.0,0.0,20.0,0.0,19.45335693359375,27.45335693359375,Leave_One_experiments/all_year_offline_schedule_search/daily_outputs/SYA/SYA_2009_SYA2009_stress_grid_S0009_daily.csv
SYA,SYA,Shenyang,2009,Leave_One_experiments\wth_generated_qc\SYA\SYA2009.WTH,normal_year;water_stress_year;nitrogen_stress_year,water_stress,SYA2009_stress_grid_S0009,irrigation_positive_candidate,2009-05-28,148,43,38,"{""sim_day"": 43.0, ""doy"": 148.0, ""topwt"": 161.39226913452148, ""grnwt"": 0.0, ""xlai"": 0.3010501265525818, ""totir"": 0.0, ""tofer"": NaN, ""swfac"": 0.0, ""nstres"": 0.1196509599685669}",0.0,0.1196509599685669,161.39226913452148,0.0,0.3010501265525818,0.0,,0.0,0.0,20.0,0.0,19.45335693359375,27.45335693359375,Leave_One_experiments/all_year_offline_schedule_search/daily_outputs/SYA/SYA_2009_SYA2009_stress_grid_S0009_daily.csv
SYA,SYA,Shenyang,2009,Leave_One_experiments\wth_generated_qc\SYA\SYA2009.WTH,normal_year;water_stress_year;nitrogen_stress_year,water_stress,SYA2009_stress_grid_S0009,irrigation_positive_candidate,2009-05-29,149,44,39,"{""sim_day"": 44.0, ""doy"": 149.0, ""topwt"": 173.93531799316406, ""grnwt"": 0.0, ""xlai"": 0.3171864748001098, ""totir"": 0.0, ""tofer"": NaN, ""swfac"": 0.0, ""nstres"": 0.1202638149261474}",0.0,0.1202638149261474,173.93531799316406,0.0,0.3171864748001098,0.0,,0.0,0.0,20.0,0.0,19.45335693359375,27.45335693359375,Leave_One_experiments/all_year_offline_schedule_search/daily_outputs/SYA/SYA_2009_SYA2009_stress_grid_S0009_daily.csv
SYA,SYA,Shenyang,2009,Leave_One_experiments\wth_generated_qc\SYA\SYA2009.WTH,normal_year;water_stress_year;nitrogen_stress_year,water_stress,SYA2009_stress_grid_S0009,irrigation_positive_candidate,2009-05-30,150,45,40,"{""sim_day"": 45.0, ""doy"": 150.0, ""topwt"": 189.23320770263672, ""grnwt"": 0.0, ""xlai"": 0.336963027715683, ""totir"": 0.0, ""tofer"": NaN, ""swfac"": 0.0, ""nstres"": 0.1258952617645263}",0.0,0.1258952617645263,189.23320770263672,0.0,0.336963027715683,0.0,,0.0,0.0,20.0,0.0,19.45335693359375,27.45335693359375,Leave_One_experiments/all_year_offline_schedule_search/daily_outputs/SYA/SYA_2009_SYA2009_stress_grid_S0009_daily.csv
SYA,SYA,Shenyang,2009,Leave_One_experiments\wth_generated_qc\SYA\SYA2009.WTH,normal_year;water_stress_year;nitrogen_stress_year,water_stress,SYA2009_stress_grid_S0009,irrigation_positive_candidate,2009-05-31,151,46,41,"{""sim_day"": 46.0, ""doy"": 151.0, ""topwt"": 208.9439392089844, ""grnwt"": 0.0, ""xlai"": 0.3632967174053192, ""totir"": 0.0, ""tofer"": NaN, ""swfac"": 0.0, ""nstres"": 0.1186718940734863}",0.0,0.1186718940734863,208.9439392089844,0.0,0.3632967174053192,0.0,,0.0,0.0,20.0,0.0,19.45335693359375,27.45335693359375,Leave_One_experiments/all_year_offline_schedule_search/daily_outputs/SYA/SYA_2009_SYA2009_stress_grid_S0009_daily.csv
SYA,SYA,Shenyang,2009,Leave_One_experiments\wth_generated_qc\SYA\SYA2009.WTH,normal_year;water_stress_year;nitrogen_stress_year,water_stress,SYA2009_stress_grid_S0009,irrigation_positive_candidate,2009-06-01,152,47,42,"{""sim_day"": 47.0, ""doy"": 152.0, ""topwt"": 229.34661865234372, ""grnwt"": 0.0, ""xlai"": 0.3859837651252746, ""totir"": 0.0, ""tofer"": NaN, ""swfac"": 0.0, ""nstres"": 0.1081352829933166}",0.0,0.1081352829933166,229.34661865234372,0.0,0.3859837651252746,0.0,,0.0,0.0,20.0,0.0,19.45335693359375,27.45335693359375,Leave_One_experiments/all_year_offline_schedule_search/daily_outputs/SYA/SYA_2009_SYA2009_stress_grid_S0009_daily.csv
SYA,SYA,Shenyang,2009,Leave_One_experiments\wth_generated_qc\SYA\SYA2009.WTH,normal_year;water_stress_year;nitrogen_stress_year,water_stress,SYA2009_stress_grid_S0009,irrigation_positive_candidate,2009-06-02,153,48,43,"{""sim_day"": 48.0, ""doy"": 153.0, ""topwt"": 253.35943222045896, ""grnwt"": 0.0, ""xlai"": 0.4166736304759979, ""totir"": 0.0, ""tofer"": NaN, ""swfac"": 0.0, ""nstres"": 0.111031174659729}",0.0,0.111031174659729,253.35943222045896,0.0,0.4166736304759979,0.0,,0.0,0.0,20.0,0.0,19.45335693359375,27.45335693359375,Leave_One_experiments/all_year_offline_schedule_search/daily_outputs/SYA/SYA_2009_SYA2009_stress_grid_S0009_daily.csv
SYA,SYA,Shenyang,2009,Leave_One_experiments\wth_generated_qc\SYA\SYA2009.WTH,normal_year;water_stress_year;nitrogen_stress_year,water_stress,SYA2009_stress_grid_S0009,irrigation_positive_candidate,2009-06-03,154,49,44,"{""sim_day"": 49.0, ""doy"": 154.0, ""topwt"": 276.8324089050293, ""grnwt"": 0.0, ""xlai"": 0.4441982209682464, ""totir"": 0.0, ""tofer"": NaN, ""swfac"": 0.0, ""nstres"": 0.1286224722862243}",0.0,0.1286224722862243,276.8324089050293,0.0,0.4441982209682464,0.0,,0.0,0.0,20.0,0.0,19.45335693359375,27.45335693359375,Leave_One_experiments/all_year_offline_schedule_search/daily_outputs/SYA/SYA_2009_SYA2009_stress_grid_S0009_daily.csv
SYA,SYA,Shenyang,2009,Leave_One_experiments\wth_generated_qc\SYA\SYA2009.WTH,normal_year;water_stress_year;nitrogen_stress_year,water_stress,SYA2009_stress_grid_S0009,irrigation_positive_candidate,2009-06-04,155,50,45,"{""sim_day"": 50.0, ""doy"": 155.0, ""topwt"": 301.1493110656738, ""grnwt"": 0.0, ""xlai"": 0.4704273343086242, ""totir"": 0.0, ""tofer"": NaN, ""swfac"": 0.0, ""nstres"": 0.1468330025672912}",0.0,0.1468330025672912,301.1493110656738,0.0,0.4704273343086242,0.0,,0.0,0.0,20.0,0.0,19.45335693359375,27.45335693359375,Leave_One_experiments/all_year_offline_schedule_search/daily_outputs/SYA/SYA_2009_SYA2009_stress_grid_S0009_daily.csv
SYA,SYA,Shenyang,2009,Leave_One_experiments\wth_generated_qc\SYA\SYA2009.WTH,normal_year;water_stress_year;nitrogen_stress_year,water_stress,SYA2009_stress_grid_S0009,irrigation_positive_candidate,2009-06-05,156,51,46,"{""sim_day"": 51.0, ""doy"": 156.0, ""topwt"": 323.73226165771484, ""grnwt"": 0.0, ""xlai"": 0.4919179677963257, ""totir"": 0.0, ""tofer"": NaN, ""swfac"": 0.0, ""nstres"": 0.1614519357681274}",0.0,0.1614519357681274,323.73226165771484,0.0,0.4919179677963257,0.0,,0.0,0.0,20.0,0.0,19.45335693359375,27.45335693359375,Leave_One_experiments/all_year_offline_schedule_search/daily_outputs/SYA/SYA_2009_SYA2009_stress_grid_S0009_daily.csv
SYA,SYA,Shenyang,2009,Leave_One_experiments\wth_generated_qc\SYA\SYA2009.WTH,normal_year;water_stress_year;nitrogen_stress_year,water_stress,SYA2009_stress_grid_S0009,irrigation_positive_candidate,2009-06-06,157,52,47,"{""sim_day"": 52.0, ""doy"": 157.0, ""topwt"": 345.18550872802734, ""grnwt"": 0.0, ""xlai"": 0.510062038898468, ""totir"": 0.0, ""tofer"": NaN, ""swfac"": 0.0, ""nstres"": 0.1702711582183838}",0.0,0.1702711582183838,345.18550872802734,0.0,0.510062038898468,0.0,,0.0,0.0,20.0,0.0,19.45335693359375,27.45335693359375,Leave_One_experiments/all_year_offline_schedule_search/daily_outputs/SYA/SYA_2009_SYA2009_stress_grid_S0009_daily.csv
SYA,SYA,Shenyang,2009,Leave_One_experiments\wth_generated_qc\SYA\SYA2009.WTH,normal_year;water_stress_year;nitrogen_stress_year,water_stress,SYA2009_stress_grid_S0009,irrigation_positive_candidate,2009-06-07,158,53,48,"{""sim_day"": 53.0, ""doy"": 158.0, ""topwt"": 368.9160919189453, ""grnwt"": 0.0, ""xlai"": 0.5303770899772644, ""totir"": 0.0, ""tofer"": NaN, ""swfac"": 0.0, ""nstres"": 0.1642799973487854}",0.0,0.1642799973487854,368.9160919189453,0.0,0.5303770899772644,0.0,,0.0,0.0,20.0,0.0,19.45335693359375,27.45335693359375,Leave_One_experiments/all_year_offline_schedule_search/daily_outputs/SYA/SYA_2009_SYA2009_stress_grid_S0009_daily.csv
SYA,SYA,Shenyang,2009,Leave_One_experiments\wth_generated_qc\SYA\SYA2009.WTH,normal_year;water_stress_year;nitrogen_stress_year,water_stress,SYA2009_stress_grid_S0009,irrigation_positive_candidate,2009-06-08,159,54,49,"{""sim_day"": 54.0, ""doy"": 159.0, ""topwt"": 391.9729614257813, ""grnwt"": 0.0, ""xlai"": 0.5489156246185303, ""totir"": 0.0, ""tofer"": NaN, ""swfac"": 0.0, ""nstres"": 0.1600978374481201}",0.0,0.1600978374481201,391.9729614257813,0.0,0.5489156246185303,0.0,,0.0,0.0,20.0,0.0,19.45335693359375,27.45335693359375,Leave_One_experiments/all_year_offline_schedule_search/daily_outputs/SYA/SYA_2009_SYA2009_stress_grid_S0009_daily.csv
SYA,SYA,Shenyang,2009,Leave_One_experiments\wth_generated_qc\SYA\SYA2009.WTH,normal_year;water_stress_year;nitrogen_stress_year,water_stress,SYA2009_stress_grid_S0009,irrigation_positive_candidate,2009-06-09,160,55,50,"{""sim_day"": 55.0, ""doy"": 160.0, ""topwt"": 420.56774139404297, ""grnwt"": 0.0, ""xlai"": 0.5734511017799377, ""totir"": 20.0, ""tofer"": NaN, ""swfac"": 0.0, ""nstres"": 0.1544480323791504}",0.0,0.1544480323791504,420.56774139404297,0.0,0.5734511017799377,20.0,,20.0,0.0,20.0,0.0,19.45335693359375,27.45335693359375,Leave_One_experiments/all_year_offline_schedule_search/daily_outputs/SYA/SYA_2009_SYA2009_stress_grid_S0009_daily.csv
SYA,SYA,Shenyang,2009,Leave_One_experiments\wth_generated_qc\SYA\SYA2009.WTH,normal_year;water_stress_year;nitrogen_stress_year,water_stress,SYA2009_stress_grid_S0009,irrigation_positive_candidate,2009-06-10,161,56,51,"{""sim_day"": 56.0, ""doy"": 161.0, ""topwt"": 439.559211730957, ""grnwt"": 0.0, ""xlai"": 0.5849432945251465, ""totir"": 20.0, ""tofer"": NaN, ""swfac"": 0.0, ""nstres"": 0.1576890349388122}",0.0,0.1576890349388122,439.559211730957,0.0,0.5849432945251465,20.0,,0.0,0.0,20.0,0.0,19.45335693359375,27.45335693359375,Leave_One_experiments/all_year_offline_schedule_search/daily_outputs/SYA/SYA_2009_SYA2009_stress_grid_S0009_daily.csv
SYA,SYA,Shenyang,2009,Leave_One_experiments\wth_generated_qc\SYA\SYA2009.WTH,normal_year;water_stress_year;nitrogen_stress_year,water_stress,SYA2009_stress_grid_S0009,irrigation_positive_candidate,2009-06-11,162,57,52,"{""sim_day"": 57.0, ""doy"": 162.0, ""topwt"": 463.4156799316406, ""grnwt"": 0.0, ""xlai"": 0.6001965999603271, ""totir"": 20.0, ""tofer"": NaN, ""swfac"": 0.0, ""nstres"": 0.1725006103515625}",0.0,0.1725006103515625,463.4156799316406,0.0,0.6001965999603271,20.0,,0.0,0.0,20.0,0.0,19.45335693359375,27.45335693359375,Leave_One_experiments/all_year_offline_schedule_search/daily_outputs/SYA/SYA_2009_SYA2009_stress_grid_S0009_daily.csv
SYA,SYA,Shenyang,2009,Leave_One_experiments\wth_generated_qc\SYA\SYA2009.WTH,normal_year;water_stress_year;nitrogen_stress_year,water_stress,SYA2009_stress_grid_S0009,irrigation_positive_candidate,2009-06-12,163,58,53,"{""sim_day"": 58.0, ""doy"": 163.0, ""topwt"": 494.1005706787109, ""grnwt"": 0.0, ""xlai"": 0.62143874168396, ""totir"": 20.0, ""tofer"": NaN, ""swfac"": 0.0, ""nstres"": 0.1787652969360351}",0.0,0.1787652969360351,494.1005706787109,0.0,0.62143874168396,20.0,,0.0,0.0,20.0,0.0,19.45335693359375,27.45335693359375,Leave_One_experiments/all_year_offline_schedule_search/daily_outputs/SYA/SYA_2009_SYA2009_stress_grid_S0009_daily.csv
SYA,SYA,Shenyang,2009,Leave_One_experiments\wth_generated_qc\SYA\SYA2009.WTH,normal_year;water_stress_year;nitrogen_stress_year,water_stress,SYA2009_stress_grid_S0009,irrigation_positive_candidate,2009-06-13,164,59,54,"{""sim_day"": 59.0, ""doy"": 164.0, ""topwt"": 526.4921188354492, ""grnwt"": 0.0, ""xlai"": 0.6420753598213196, ""totir"": 20.0, ""tofer"": NaN, ""swfac"": 0.0, ""nstres"": 0.187778353691101}",0.0,0.187778353691101,526.4921188354492,0.0,0.6420753598213196,20.0,,0.0,0.0,20.0,0.0,19.45335693359375,27.45335693359375,Leave_One_experiments/all_year_offline_schedule_search/daily_outputs/SYA/SYA_2009_SYA2009_stress_grid_S0009_daily.csv
SYA,SYA,Shenyang,2009,Leave_One_experiments\wth_generated_qc\SYA\SYA2009.WTH,normal_year;water_stress_year;nitrogen_stress_year,water_stress,SYA2009_stress_grid_S0009,irrigation_positive_candidate,2009-06-14,165,60,55,"{""sim_day"": 60.0, ""doy"": 165.0, ""topwt"": 556.1839294433594, ""grnwt"": 0.0, ""xlai"": 0.6571288704872131, ""totir"": 20.0, ""tofer"": NaN, ""swfac"": 0.0, ""nstres"": 0.2001940608024597}",0.0,0.2001940608024597,556.1839294433594,0.0,0.6571288704872131,20.0,,0.0,0.0,20.0,0.0,19.45335693359375,27.45335693359375,Leave_One_experiments/all_year_offline_schedule_search/daily_outputs/SYA/SYA_2009_SYA2009_stress_grid_S0009_daily.csv
SYA,SYA,Shenyang,2009,Leave_One_experiments\wth_generated_qc\SYA\SYA2009.WTH,normal_year;water_stress_year;nitrogen_stress_year,water_stress,SYA2009_stress_grid_S0009,irrigation_positive_candidate,2009-06-15,166,61,56,"{""sim_day"": 61.0, ""doy"": 166.0, ""topwt"": 587.8572845458984, ""grnwt"": 0.0, ""xlai"": 0.671783983707428, ""totir"": 20.0, ""tofer"": NaN, ""swfac"": 0.0, ""nstres"": 0.2302843928337097}",0.0,0.2302843928337097,587.8572845458984,0.0,0.671783983707428,20.0,,0.0,0.0,20.0,0.0,19.45335693359375,27.45335693359375,Leave_One_experiments/all_year_offline_schedule_search/daily_outputs/SYA/SYA_2009_SYA2009_stress_grid_S0009_daily.csv
SYA,SYA,Shenyang,2009,Leave_One_experiments\wth_generated_qc\SYA\SYA2009.WTH,normal_year;water_stress_year;nitrogen_stress_year,water_stress,SYA2009_stress_grid_S0009,irrigation_positive_candidate,2009-06-16,167,62,57,"{""sim_day"": 62.0, ""doy"": 167.0, ""topwt"": 620.8530807495117, ""grnwt"": 0.0, ""xlai"": 0.6855539083480835, ""totir"": 20.0, ""tofer"": NaN, ""swfac"": 0.0, ""nstres"": 0.2483951449394226}",0.0,0.2483951449394226,620.8530807495117,0.0,0.6855539083480835,20.0,,0.0,0.0,20.0,0.0,19.45335693359375,27.45335693359375,Leave_One_experiments/all_year_offline_schedule_search/daily_outputs/SYA/SYA_2009_SYA2009_stress_grid_S0009_daily.csv
SYA,SYA,Shenyang,2009,Leave_One_experiments\wth_generated_qc\SYA\SYA2009.WTH,normal_year;water_stress_year;nitrogen_stress_year,water_stress,SYA2009_stress_grid_S0009,irrigation_positive_candidate,2009-06-17,168,63,58,"{""sim_day"": 63.0, ""doy"": 168.0, ""topwt"": 657.0844268798828, ""grnwt"": 0.0, ""xlai"": 0.7002093195915222, ""totir"": 20.0, ""tofer"": NaN, ""swfac"": 0.0, ""nstres"": 0.2612062096595764}",0.0,0.2612062096595764,657.0844268798828,0.0,0.7002093195915222,20.0,,0.0,0.0,20.0,0.0,19.45335693359375,27.45335693359375,Leave_One_experiments/all_year_offline_schedule_search/daily_outputs/SYA/SYA_2009_SYA2009_stress_grid_S0009_daily.csv
SYA,SYA,Shenyang,2009,Leave_One_experiments\wth_generated_qc\SYA\SYA2009.WTH,normal_year;water_stress_year;nitrogen_stress_year,water_stress,SYA2009_stress_grid_S0009,irrigation_positive_candidate,2009-06-18,169,64,59,"{""sim_day"": 64.0, ""doy"": 169.0, ""topwt"": 677.3480987548828, ""grnwt"": 0.0, ""xlai"": 0.6984161138534546, ""totir"": 20.0, ""tofer"": NaN, ""swfac"": 0.0, ""nstres"": 0.2778663039207458}",0.0,0.2778663039207458,677.3480987548828,0.0,0.6984161138534546,20.0,,0.0,0.0,20.0,0.0,19.45335693359375,27.45335693359375,Leave_One_experiments/all_year_offline_schedule_search/daily_outputs/SYA/SYA_2009_SYA2009_stress_grid_S0009_daily.csv
SYA,SYA,Shenyang,2009,Leave_One_experiments\wth_generated_qc\SYA\SYA2009.WTH,normal_year;water_stress_year;nitrogen_stress_year,water_stress,SYA2009_stress_grid_S0009,irrigation_positive_candidate,2009-06-19,170,65,60,"{""sim_day"": 65.0, ""doy"": 170.0, ""topwt"": 716.75048828125, ""grnwt"": 0.0, ""xlai"": 0.7117463946342468, ""totir"": 20.0, ""tofer"": NaN, ""swfac"": 0.0, ""nstres"": 0.2912740111351013}",0.0,0.2912740111351013,716.75048828125,0.0,0.7117463946342468,20.0,,0.0,0.0,20.0,0.0,19.45335693359375,27.45335693359375,Leave_One_experiments/all_year_offline_schedule_search/daily_outputs/SYA/SYA_2009_SYA2009_stress_grid_S0009_daily.csv
SYA,SYA,Shenyang,2009,Leave_One_experiments\wth_generated_qc\SYA\SYA2009.WTH,normal_year;water_stress_year;nitrogen_stress_year,water_stress,SYA2009_stress_grid_S0009,irrigation_positive_candidate,2009-06-20,171,66,61,"{""sim_day"": 66.0, ""doy"": 171.0, ""topwt"": 755.5514526367188, ""grnwt"": 0.0, ""xlai"": 0.7228033542633057, ""totir"": 20.0, ""tofer"": NaN, ""swfac"": 0.0, ""nstres"": 0.2885500192642212}",0.0,0.2885500192642212,755.5514526367188,0.0,0.7228033542633057,20.0,,0.0,0.0,20.0,0.0,19.45335693359375,27.45335693359375,Leave_One_experiments/all_year_offline_schedule_search/daily_outputs/SYA/SYA_2009_SYA2009_stress_grid_S0009_daily.csv
SYA,SYA,Shenyang,2009,Leave_One_experiments\wth_generated_qc\SYA\SYA2009.WTH,normal_year;water_stress_year;nitrogen_stress_year,water_stress,SYA2009_stress_grid_S0009,irrigation_positive_candidate,2009-06-21,172,67,62,"{""sim_day"": 67.0, ""doy"": 172.0, ""topwt"": 790.4869079589844, ""grnwt"": 0.0, ""xlai"": 0.7286608219146729, ""totir"": 20.0, ""tofer"": NaN, ""swfac"": 0.0, ""nstres"": 0.3075612187385559}",0.0,0.3075612187385559,790.4869079589844,0.0,0.7286608219146729,20.0,,0.0,0.0,20.0,0.0,19.45335693359375,27.45335693359375,Leave_One_experiments/all_year_offline_schedule_search/daily_outputs/SYA/SYA_2009_SYA2009_stress_grid_S0009_daily.csv
SYA,SYA,Shenyang,2009,Leave_One_experiments\wth_generated_qc\SYA\SYA2009.WTH,normal_year;water_stress_year;nitrogen_stress_year,water_stress,SYA2009_stress_grid_S0009,irrigation_positive_candidate,2009-06-22,173,68,63,"{""sim_day"": 68.0, ""doy"": 173.0, ""topwt"": 831.3485717773438, ""grnwt"": 0.0, ""xlai"": 0.7370345592498779, ""totir"": 20.0, ""tofer"": NaN, ""swfac"": 0.0, ""nstres"": 0.322828471660614}",0.0,0.322828471660614,831.3485717773438,0.0,0.7370345592498779,20.0,,0.0,0.0,20.0,0.0,19.45335693359375,27.45335693359375,Leave_One_experiments/all_year_offline_schedule_search/daily_outputs/SYA/SYA_2009_SYA2009_stress_grid_S0009_daily.csv
SYA,SYA,Shenyang,2009,Leave_One_experiments\wth_generated_qc\SYA\SYA2009.WTH,normal_year;water_stress_year;nitrogen_stress_year,water_stress,SYA2009_stress_grid_S0009,irrigation_positive_candidate,2009-06-23,174,69,64,"{""sim_day"": 69.0, ""doy"": 174.0, ""topwt"": 878.6018371582031, ""grnwt"": 0.0, ""xlai"": 0.7479280829429626, ""totir"": 20.0, ""tofer"": NaN, ""swfac"": 0.0, ""nstres"": 0.3290355205535888}",0.0,0.3290355205535888,878.6018371582031,0.0,0.7479280829429626,20.0,,0.0,0.0,20.0,0.0,19.45335693359375,27.45335693359375,Leave_One_experiments/all_year_offline_schedule_search/daily_outputs/SYA/SYA_2009_SYA2009_stress_grid_S0009_daily.csv
SYA,SYA,Shenyang,2009,Leave_One_experiments\wth_generated_qc\SYA\SYA2009.WTH,normal_year;water_stress_year;nitrogen_stress_year,water_stress,SYA2009_stress_grid_S0009,irrigation_positive_candidate,2009-06-24,175,70,65,"{""sim_day"": 70.0, ""doy"": 175.0, ""topwt"": 926.7296600341796, ""grnwt"": 0.0, ""xlai"": 0.757107675075531, ""totir"": 20.0, ""tofer"": NaN, ""swfac"": 0.0, ""nstres"": 0.3376970291137695}",0.0,0.3376970291137695,926.7296600341796,0.0,0.757107675075531,20.0,,0.0,0.0,20.0,0.0,19.45335693359375,27.45335693359375,Leave_One_experiments/all_year_offline_schedule_search/daily_outputs/SYA/SYA_2009_SYA2009_stress_grid_S0009_daily.csv
SYA,SYA,Shenyang,2009,Leave_One_experiments\wth_generated_qc\SYA\SYA2009.WTH,normal_year;water_stress_year;nitrogen_stress_year,water_stress,SYA2009_stress_grid_S0009,irrigation_positive_candidate,2009-06-25,176,71,66,"{""sim_day"": 71.0, ""doy"": 176.0, ""topwt"": 975.3968811035156, ""grnwt"": 0.0, ""xlai"": 0.7645277380943298, ""totir"": 20.0, ""tofer"": NaN, ""swfac"": 0.0, ""nstres"": 0.3446063995361328}",0.0,0.3446063995361328,975.3968811035156,0.0,0.7645277380943298,20.0,,0.0,0.0,20.0,0.0,19.45335693359375,27.45335693359375,Leave_One_experiments/all_year_offline_schedule_search/daily_outputs/SYA/SYA_2009_SYA2009_stress_grid_S0009_daily.csv
SYA,SYA,Shenyang,2009,Leave_One_experiments\wth_generated_qc\SYA\SYA2009.WTH,normal_year;water_stress_year;nitrogen_stress_year,water_stress,SYA2009_stress_grid_S0009,irrigation_positive_candidate,2009-06-26,177,72,67,"{""sim_day"": 72.0, ""doy"": 177.0, ""topwt"": 1036.7138671875, ""grnwt"": 0.0, ""xlai"": 0.7774209976196289, ""totir"": 20.0, ""tofer"": NaN, ""swfac"": 0.0, ""nstres"": 0.3474417328834533}",0.0,0.3474417328834533,1036.7138671875,0.0,0.7774209976196289,20.0,,0.0,0.0,20.0,0.0,19.45335693359375,27.45335693359375,Leave_One_experiments/all_year_offline_schedule_search/daily_outputs/SYA/SYA_2009_SYA2009_stress_grid_S0009_daily.csv
SYA,SYA,Shenyang,2009,Leave_One_experiments\wth_generated_qc\SYA\SYA2009.WTH,normal_year;water_stress_year;nitrogen_stress_year,water_stress,SYA2009_stress_grid_S0009,irrigation_positive_candidate,2009-06-27,178,73,68,"{""sim_day"": 73.0, ""doy"": 178.0, ""topwt"": 1087.2615814208984, ""grnwt"": 0.0, ""xlai"": 0.7818568348884583, ""totir"": 20.0, ""tofer"": NaN, ""swfac"": 0.0, ""nstres"": 0.3519432544708252}",0.0,0.3519432544708252,1087.2615814208984,0.0,0.7818568348884583,20.0,,0.0,0.0,20.0,0.0,19.45335693359375,27.45335693359375,Leave_One_experiments/all_year_offline_schedule_search/daily_outputs/SYA/SYA_2009_SYA2009_stress_grid_S0009_daily.csv
SYA,SYA,Shenyang,2009,Leave_One_experiments\wth_generated_qc\SYA\SYA2009.WTH,normal_year;water_stress_year;nitrogen_stress_year,water_stress,SYA2009_stress_grid_S0009,irrigation_positive_candidate,2009-06-28,179,74,69,"{""sim_day"": 74.0, ""doy"": 179.0, ""topwt"": 1139.4153594970703, ""grnwt"": 0.0, ""xlai"": 0.7852307558059692, ""totir"": 20.0, ""tofer"": NaN, ""swfac"": 0.0, ""nstres"": 0.3650203943252563}",0.0,0.3650203943252563,1139.4153594970703,0.0,0.7852307558059692,20.0,,0.0,0.0,20.0,0.0,19.45335693359375,27.45335693359375,Leave_One_experiments/all_year_offline_schedule_search/daily_outputs/SYA/SYA_2009_SYA2009_stress_grid_S0009_daily.csv
SYA,SYA,Shenyang,2009,Leave_One_experiments\wth_generated_qc\SYA\SYA2009.WTH,normal_year;water_stress_year;nitrogen_stress_year,water_stress,SYA2009_stress_grid_S0009,irrigation_positive_candidate,2009-06-29,180,75,70,"{""sim_day"": 75.0, ""doy"": 180.0, ""topwt"": 1233.1685638427734, ""grnwt"": 0.0, ""xlai"": 0.8158664703369141, ""totir"": 20.0, ""tofer"": NaN, ""swfac"": 0.0, ""nstres"": 0.3688597679138183}",0.0,0.3688597679138183,1233.1685638427734,0.0,0.8158664703369141,20.0,,0.0,0.0,20.0,0.0,19.45335693359375,27.45335693359375,Leave_One_experiments/all_year_offline_schedule_search/daily_outputs/SYA/SYA_2009_SYA2009_stress_grid_S0009_daily.csv
SYA,SYA,Shenyang,2009,Leave_One_experiments\wth_generated_qc\SYA\SYA2009.WTH,normal_year;water_stress_year;nitrogen_stress_year,water_stress,SYA2009_stress_grid_S0009,irrigation_positive_candidate,2009-06-30,181,76,71,"{""sim_day"": 76.0, ""doy"": 181.0, ""topwt"": 1301.182861328125, ""grnwt"": 0.0, ""xlai"": 0.8226339817047119, ""totir"": 20.0, ""tofer"": NaN, ""swfac"": 0.0, ""nstres"": 0.3765027523040771}",0.0,0.3765027523040771,1301.182861328125,0.0,0.8226339817047119,20.0,,0.0,0.0,20.0,0.0,19.45335693359375,27.45335693359375,Leave_One_experiments/all_year_offline_schedule_search/daily_outputs/SYA/SYA_2009_SYA2009_stress_grid_S0009_daily.csv
SYA,SYA,Shenyang,2009,Leave_One_experiments\wth_generated_qc\SYA\SYA2009.WTH,normal_year;water_stress_year;nitrogen_stress_year,water_stress,SYA2009_stress_grid_S0009,irrigation_positive_candidate,2009-07-01,182,77,72,"{""sim_day"": 77.0, ""doy"": 182.0, ""topwt"": 1361.809539794922, ""grnwt"": 0.0, ""xlai"": 0.8208197355270386, ""totir"": 20.0, ""tofer"": NaN, ""swfac"": 0.0, ""nstres"": 0.4068573117256164}",0.0,0.4068573117256164,1361.809539794922,0.0,0.8208197355270386,20.0,,0.0,0.0,20.0,0.0,19.45335693359375,27.45335693359375,Leave_One_experiments/all_year_offline_schedule_search/daily_outputs/SYA/SYA_2009_SYA2009_stress_grid_S0009_daily.csv
SYA,SYA,Shenyang,2009,Leave_One_experiments\wth_generated_qc\SYA\SYA2009.WTH,normal_year;water_stress_year;nitrogen_stress_year,water_stress,SYA2009_stress_grid_S0009,irrigation_positive_candidate,2009-07-02,183,78,73,"{""sim_day"": 78.0, ""doy"": 183.0, ""topwt"": 1422.725830078125, ""grnwt"": 0.0, ""xlai"": 0.816161036491394, ""totir"": 20.0, ""tofer"": NaN, ""swfac"": 0.0, ""nstres"": 0.418052613735199}",0.0,0.418052613735199,1422.725830078125,0.0,0.816161036491394,20.0,,0.0,0.0,20.0,0.0,19.45335693359375,27.45335693359375,Leave_One_experiments/all_year_offline_schedule_search/daily_outputs/SYA/SYA_2009_SYA2009_stress_grid_S0009_daily.csv
SYA,SYA,Shenyang,2009,Leave_One_experiments\wth_generated_qc\SYA\SYA2009.WTH,normal_year;water_stress_year;nitrogen_stress_year,water_stress,SYA2009_stress_grid_S0009,irrigation_positive_candidate,2009-07-03,184,79,74,"{""sim_day"": 79.0, ""doy"": 184.0, ""topwt"": 1485.5226135253906, ""grnwt"": 0.0, ""xlai"": 0.8100994825363159, ""totir"": 20.0, ""tofer"": NaN, ""swfac"": 0.0, ""nstres"": 0.4233700633049011}",0.0,0.4233700633049011,1485.5226135253906,0.0,0.8100994825363159,20.0,,0.0,0.0,20.0,0.0,19.45335693359375,27.45335693359375,Leave_One_experiments/all_year_offline_schedule_search/daily_outputs/SYA/SYA_2009_SYA2009_stress_grid_S0009_daily.csv
SYA,SYA,Shenyang,2009,Leave_One_experiments\wth_generated_qc\SYA\SYA2009.WTH,normal_year;water_stress_year;nitrogen_stress_year,water_stress,SYA2009_stress_grid_S0009,irrigation_positive_candidate,2009-07-04,185,80,75,"{""sim_day"": 80.0, ""doy"": 185.0, ""topwt"": 1524.0570068359375, ""grnwt"": 0.0, ""xlai"": 0.7947882413864136, ""totir"": 20.0, ""tofer"": NaN, ""swfac"": 0.0, ""nstres"": 0.4244983792304992}",0.0,0.4244983792304992,1524.0570068359375,0.0,0.7947882413864136,20.0,,0.0,0.0,20.0,0.0,19.45335693359375,27.45335693359375,Leave_One_experiments/all_year_offline_schedule_search/daily_outputs/SYA/SYA_2009_SYA2009_stress_grid_S0009_daily.csv
SYA,SYA,Shenyang,2009,Leave_One_experiments\wth_generated_qc\SYA\SYA2009.WTH,normal_year;water_stress_year;nitrogen_stress_year,water_stress,SYA2009_stress_grid_S0009,irrigation_positive_candidate,2009-07-05,186,81,76,"{""sim_day"": 81.0, ""doy"": 186.0, ""topwt"": 1561.5545654296875, ""grnwt"": 0.0, ""xlai"": 0.7789799571037292, ""totir"": 20.0, ""tofer"": NaN, ""swfac"": 0.0, ""nstres"": 0.4246357679367065}",0.0,0.4246357679367065,1561.5545654296875,0.0,0.7789799571037292,20.0,,0.0,0.0,20.0,0.0,19.45335693359375,27.45335693359375,Leave_One_experiments/all_year_offline_schedule_search/daily_outputs/SYA/SYA_2009_SYA2009_stress_grid_S0009_daily.csv
SYA,SYA,Shenyang,2009,Leave_One_experiments\wth_generated_qc\SYA\SYA2009.WTH,normal_year;water_stress_year;nitrogen_stress_year,water_stress,SYA2009_stress_grid_S0009,irrigation_positive_candidate,2009-07-06,187,82,77,"{""sim_day"": 82.0, ""doy"": 187.0, ""topwt"": 1618.9044189453125, ""grnwt"": 0.0, ""xlai"": 0.7692851424217224, ""totir"": 20.0, ""tofer"": NaN, ""swfac"": 0.0, ""nstres"": 0.414672315120697}",0.0,0.414672315120697,1618.9044189453125,0.0,0.7692851424217224,20.0,,0.0,0.0,20.0,0.0,19.45335693359375,27.45335693359375,Leave_One_experiments/all_year_offline_schedule_search/daily_outputs/SYA/SYA_2009_SYA2009_stress_grid_S0009_daily.csv
SYA,SYA,Shenyang,2009,Leave_One_experiments\wth_generated_qc\SYA\SYA2009.WTH,normal_year;water_stress_year;nitrogen_stress_year,water_stress,SYA2009_stress_grid_S0009,irrigation_positive_candidate,2009-07-07,188,83,78,"{""sim_day"": 83.0, ""doy"": 188.0, ""topwt"": 1682.9995727539062, ""grnwt"": 0.0, ""xlai"": 0.7612094283103943, ""totir"": 20.0, ""tofer"": NaN, ""swfac"": 0.0, ""nstres"": 0.4060567021369934}",0.0,0.4060567021369934,1682.9995727539062,0.0,0.7612094283103943,20.0,,0.0,0.0,20.0,0.0,19.45335693359375,27.45335693359375,Leave_One_experiments/all_year_offline_schedule_search/daily_outputs/SYA/SYA_2009_SYA2009_stress_grid_S0009_daily.csv
SYA,SYA,Shenyang,2009,Leave_One_experiments\wth_generated_qc\SYA\SYA2009.WTH,normal_year;water_stress_year;nitrogen_stress_year,water_stress,SYA2009_stress_grid_S0009,irrigation_positive_candidate,2009-07-08,189,84,79,"{""sim_day"": 84.0, ""doy"": 189.0, ""topwt"": 1745.8187866210938, ""grnwt"": 0.0, ""xlai"": 0.7523925304412842, ""totir"": 20.0, ""tofer"": NaN, ""swfac"": 0.0, ""nstres"": 0.4014500975608825}",0.0,0.4014500975608825,1745.8187866210938,0.0,0.7523925304412842,20.0,,0.0,0.0,20.0,0.0,19.45335693359375,27.45335693359375,Leave_One_experiments/all_year_offline_schedule_search/daily_outputs/SYA/SYA_2009_SYA2009_stress_grid_S0009_daily.csv
SYA,SYA,Shenyang,2009,Leave_One_experiments\wth_generated_qc\SYA\SYA2009.WTH,normal_year;water_stress_year;nitrogen_stress_year,water_stress,SYA2009_stress_grid_S0009,irrigation_positive_candidate,2009-07-09,190,85,80,"{""sim_day"": 85.0, ""doy"": 190.0, ""topwt"": 1808.7106323242188, ""grnwt"": 0.0, ""xlai"": 0.743330717086792, ""totir"": 20.0, ""tofer"": NaN, ""swfac"": 0.0, ""nstres"": 0.3971073627471924}",0.0,0.3971073627471924,1808.7106323242188,0.0,0.743330717086792,20.0,,0.0,0.0,20.0,0.0,19.45335693359375,27.45335693359375,Leave_One_experiments/all_year_offline_schedule_search/daily_outputs/SYA/SYA_2009_SYA2009_stress_grid_S0009_daily.csv
SYA,SYA,Shenyang,2009,Leave_One_experiments\wth_generated_qc\SYA\SYA2009.WTH,normal_year;water_stress_year;nitrogen_stress_year,water_stress,SYA2009_stress_grid_S0009,irrigation_positive_candidate,2009-07-10,191,86,81,"{""sim_day"": 86.0, ""doy"": 191.0, ""topwt"": 1847.5227355957031, ""grnwt"": 0.0, ""xlai"": 0.7280232906341553, ""totir"": 20.0, ""tofer"": NaN, ""swfac"": 0.0, ""nstres"": 0.3970450162887573}",0.0,0.3970450162887573,1847.5227355957031,0.0,0.7280232906341553,20.0,,0.0,0.0,20.0,0.0,19.45335693359375,27.45335693359375,Leave_One_experiments/all_year_offline_schedule_search/daily_outputs/SYA/SYA_2009_SYA2009_stress_grid_S0009_daily.csv
SYA,SYA,Shenyang,2009,Leave_One_experiments\wth_generated_qc\SYA\SYA2009.WTH,normal_year;water_stress_year;nitrogen_stress_year,water_stress,SYA2009_stress_grid_S0009,irrigation_positive_candidate,2009-07-11,192,87,82,"{""sim_day"": 87.0, ""doy"": 192.0, ""topwt"": 1902.2889709472656, ""grnwt"": 0.0, ""xlai"": 0.7172792553901672, ""totir"": 20.0, ""tofer"": NaN, ""swfac"": 0.0, ""nstres"": 0.3931227922439575}",0.0,0.3931227922439575,1902.2889709472656,0.0,0.7172792553901672,20.0,,0.0,0.0,20.0,0.0,19.45335693359375,27.45335693359375,Leave_One_experiments/all_year_offline_schedule_search/daily_outputs/SYA/SYA_2009_SYA2009_stress_grid_S0009_daily.csv
SYA,SYA,Shenyang,2009,Leave_One_experiments\wth_generated_qc\SYA\SYA2009.WTH,normal_year;water_stress_year;nitrogen_stress_year,water_stress,SYA2009_stress_grid_S0009,irrigation_positive_candidate,2009-07-12,193,88,83,"{""sim_day"": 88.0, ""doy"": 193.0, ""topwt"": 1962.511138916016, ""grnwt"": 0.0, ""xlai"": 0.7084606885910034, ""totir"": 20.0, ""tofer"": NaN, ""swfac"": 0.0, ""nstres"": 0.3854982852935791}",0.0,0.3854982852935791,1962.511138916016,0.0,0.7084606885910034,20.0,,0.0,0.0,20.0,0.0,19.45335693359375,27.45335693359375,Leave_One_experiments/all_year_offline_schedule_search/daily_outputs/SYA/SYA_2009_SYA2009_stress_grid_S0009_daily.csv
SYA,SYA,Shenyang,2009,Leave_One_experiments\wth_generated_qc\SYA\SYA2009.WTH,normal_year;water_stress_year;nitrogen_stress_year,water_stress,SYA2009_stress_grid_S0009,irrigation_positive_candidate,2009-07-13,194,89,84,"{""sim_day"": 89.0, ""doy"": 194.0, ""topwt"": 1991.0006713867188, ""grnwt"": 0.0, ""xlai"": 0.6922956109046936, ""totir"": 20.0, ""tofer"": NaN, ""swfac"": 0.0, ""nstres"": 0.3786607980728149}",0.0,0.3786607980728149,1991.0006713867188,0.0,0.6922956109046936,20.0,,0.0,0.0,20.0,0.0,19.45335693359375,27.45335693359375,Leave_One_experiments/all_year_offline_schedule_search/daily_outputs/SYA/SYA_2009_SYA2009_stress_grid_S0009_daily.csv
SYA,SYA,Shenyang,2009,Leave_One_experiments\wth_generated_qc\SYA\SYA2009.WTH,normal_year;water_stress_year;nitrogen_stress_year,water_stress,SYA2009_stress_grid_S0009,irrigation_positive_candidate,2009-07-14,195,90,85,"{""sim_day"": 90.0, ""doy"": 195.0, ""topwt"": 2056.412506103516, ""grnwt"": 0.0, ""xlai"": 0.6859498620033264, ""totir"": 20.0, ""tofer"": NaN, ""swfac"": 0.0, ""nstres"": 0.3723013401031494}",0.0,0.3723013401031494,2056.412506103516,0.0,0.6859498620033264,20.0,,0.0,0.0,20.0,0.0,19.45335693359375,27.45335693359375,Leave_One_experiments/all_year_offline_schedule_search/daily_outputs/SYA/SYA_2009_SYA2009_stress_grid_S0009_daily.csv
SYA,SYA,Shenyang,2009,Leave_One_experiments\wth_generated_qc\SYA\SYA2009.WTH,normal_year;water_stress_year;nitrogen_stress_year,water_stress,SYA2009_stress_grid_S0009,irrigation_positive_candidate,2009-07-15,196,91,86,"{""sim_day"": 91.0, ""doy"": 196.0, ""topwt"": 2130.5409240722656, ""grnwt"": 0.0, ""xlai"": 0.6822679042816162, ""totir"": 20.0, ""tofer"": NaN, ""swfac"": 0.0, ""nstres"": 0.3613189458847046}",0.0,0.3613189458847046,2130.5409240722656,0.0,0.6822679042816162,20.0,,0.0,0.0,20.0,0.0,19.45335693359375,27.45335693359375,Leave_One_experiments/all_year_offline_schedule_search/daily_outputs/SYA/SYA_2009_SYA2009_stress_grid_S0009_daily.csv
SYA,SYA,Shenyang,2009,Leave_One_experiments\wth_generated_qc\SYA\SYA2009.WTH,normal_year;water_stress_year;nitrogen_stress_year,water_stress,SYA2009_stress_grid_S0009,irrigation_positive_candidate,2009-07-16,197,92,87,"{""sim_day"": 92.0, ""doy"": 197.0, ""topwt"": 2181.342010498047, ""grnwt"": 0.0, ""xlai"": 0.6730656027793884, ""totir"": 20.0, ""tofer"": NaN, ""swfac"": 0.0, ""nstres"": 0.3569729924201965}",0.0,0.3569729924201965,2181.342010498047,0.0,0.6730656027793884,20.0,,0.0,0.0,20.0,0.0,19.45335693359375,27.45335693359375,Leave_One_experiments/all_year_offline_schedule_search/daily_outputs/SYA/SYA_2009_SYA2009_stress_grid_S0009_daily.csv
SYA,SYA,Shenyang,2009,Leave_One_experiments\wth_generated_qc\SYA\SYA2009.WTH,normal_year;water_stress_year;nitrogen_stress_year,water_stress,SYA2009_stress_grid_S0009,irrigation_positive_candidate,2009-07-17,198,93,88,"{""sim_day"": 93.0, ""doy"": 198.0, ""topwt"": 2281.2278747558594, ""grnwt"": 0.0, ""xlai"": 0.652189314365387, ""totir"": 20.0, ""tofer"": NaN, ""swfac"": 0.0, ""nstres"": 0.3444002270698547}",0.0,0.3444002270698547,2281.2278747558594,0.0,0.652189314365387,20.0,,0.0,0.0,20.0,0.0,19.45335693359375,27.45335693359375,Leave_One_experiments/all_year_offline_schedule_search/daily_outputs/SYA/SYA_2009_SYA2009_stress_grid_S0009_daily.csv
SYA,SYA,Shenyang,2009,Leave_One_experiments\wth_generated_qc\SYA\SYA2009.WTH,normal_year;water_stress_year;nitrogen_stress_year,water_stress,SYA2009_stress_grid_S0009,irrigation_positive_candidate,2009-07-18,199,94,89,"{""sim_day"": 94.0, ""doy"": 199.0, ""topwt"": 2381.06201171875, ""grnwt"": 0.0, ""xlai"": 0.632415235042572, ""totir"": 20.0, ""tofer"": NaN, ""swfac"": 0.0, ""nstres"": 0.327670693397522}",0.0,0.327670693397522,2381.06201171875,0.0,0.632415235042572,20.0,,0.0,0.0,20.0,0.0,19.45335693359375,27.45335693359375,Leave_One_experiments/all_year_offline_schedule_search/daily_outputs/SYA/SYA_2009_SYA2009_stress_grid_S0009_daily.csv
SYA,SYA,Shenyang,2009,Leave_One_experiments\wth_generated_qc\SYA\SYA2009.WTH,normal_year;water_stress_year;nitrogen_stress_year,water_stress,SYA2009_stress_grid_S0009,irrigation_positive_candidate,2009-07-19,200,95,90,"{""sim_day"": 95.0, ""doy"": 200.0, ""topwt"": 2411.3453674316406, ""grnwt"": 0.0, ""xlai"": 0.6131765246391296, ""totir"": 20.0, ""tofer"": NaN, ""swfac"": 0.0, ""nstres"": 0.3301054239273071}",0.0,0.3301054239273071,2411.3453674316406,0.0,0.6131765246391296,20.0,,0.0,0.0,20.0,0.0,19.45335693359375,27.45335693359375,Leave_One_experiments/all_year_offline_schedule_search/daily_outputs/SYA/SYA_2009_SYA2009_stress_grid_S0009_daily.csv
SYA,SYA,Shenyang,2009,Leave_One_experiments\wth_generated_qc\SYA\SYA2009.WTH,normal_year;water_stress_year;nitrogen_stress_year,water_stress,SYA2009_stress_grid_S0009,irrigation_positive_candidate,2009-07-20,201,96,91,"{""sim_day"": 96.0, ""doy"": 201.0, ""topwt"": 2513.112030029297, ""grnwt"": 0.0, ""xlai"": 0.5945245623588562, ""totir"": 20.0, ""tofer"": NaN, ""swfac"": 0.0, ""nstres"": 0.3300471901893616}",0.0,0.3300471901893616,2513.112030029297,0.0,0.5945245623588562,20.0,,0.0,0.0,20.0,0.0,19.45335693359375,27.45335693359375,Leave_One_experiments/all_year_offline_schedule_search/daily_outputs/SYA/SYA_2009_SYA2009_stress_grid_S0009_daily.csv
SYA,SYA,Shenyang,2009,Leave_One_experiments\wth_generated_qc\SYA\SYA2009.WTH,normal_year;water_stress_year;nitrogen_stress_year,water_stress,SYA2009_stress_grid_S0009,irrigation_positive_candidate,2009-07-21,202,97,92,"{""sim_day"": 97.0, ""doy"": 202.0, ""topwt"": 2598.7924194335938, ""grnwt"": 0.0, ""xlai"": 0.5769506096839905, ""totir"": 20.0, ""tofer"": NaN, ""swfac"": 0.0, ""nstres"": 0.3094280362129211}",0.0,0.3094280362129211,2598.7924194335938,0.0,0.5769506096839905,20.0,,0.0,0.0,20.0,0.0,19.45335693359375,27.45335693359375,Leave_One_experiments/all_year_offline_schedule_search/daily_outputs/SYA/SYA_2009_SYA2009_stress_grid_S0009_daily.csv
SYA,SYA,Shenyang,2009,Leave_One_experiments\wth_generated_qc\SYA\SYA2009.WTH,normal_year;water_stress_year;nitrogen_stress_year,water_stress,SYA2009_stress_grid_S0009,irrigation_positive_candidate,2009-07-22,203,98,93,"{""sim_day"": 98.0, ""doy"": 203.0, ""topwt"": 2645.321350097656, ""grnwt"": 0.0, ""xlai"": 0.5598973035812378, ""totir"": 20.0, ""tofer"": NaN, ""swfac"": 0.0, ""nstres"": 0.309386134147644}",0.0,0.309386134147644,2645.321350097656,0.0,0.5598973035812378,20.0,,0.0,0.0,20.0,0.0,19.45335693359375,27.45335693359375,Leave_One_experiments/all_year_offline_schedule_search/daily_outputs/SYA/SYA_2009_SYA2009_stress_grid_S0009_daily.csv
SYA,SYA,Shenyang,2009,Leave_One_experiments\wth_generated_qc\SYA\SYA2009.WTH,normal_year;water_stress_year;nitrogen_stress_year,water_stress,SYA2009_stress_grid_S0009,irrigation_positive_candidate,2009-07-23,204,99,94,"{""sim_day"": 99.0, ""doy"": 204.0, ""topwt"": 2715.8346557617188, ""grnwt"": 0.0, ""xlai"": 0.5434824228286743, ""totir"": 20.0, ""tofer"": NaN, ""swfac"": 0.0, ""nstres"": 0.3036244511604309}",0.0,0.3036244511604309,2715.8346557617188,0.0,0.5434824228286743,20.0,,0.0,0.0,20.0,0.0,19.45335693359375,27.45335693359375,Leave_One_experiments/all_year_offline_schedule_search/daily_outputs/SYA/SYA_2009_SYA2009_stress_grid_S0009_daily.csv
SYA,SYA,Shenyang,2009,Leave_One_experiments\wth_generated_qc\SYA\SYA2009.WTH,normal_year;water_stress_year;nitrogen_stress_year,water_stress,SYA2009_stress_grid_S0009,irrigation_positive_candidate,2009-07-24,205,100,95,"{""sim_day"": 100.0, ""doy"": 205.0, ""topwt"": 2777.8921508789062, ""grnwt"": 0.0, ""xlai"": 0.5279185771942139, ""totir"": 20.0, ""tofer"": NaN, ""swfac"": 0.0, ""nstres"": 0.287293791770935}",0.0,0.287293791770935,2777.8921508789062,0.0,0.5279185771942139,20.0,,0.0,0.0,20.0,0.0,19.45335693359375,27.45335693359375,Leave_One_experiments/all_year_offline_schedule_search/daily_outputs/SYA/SYA_2009_SYA2009_stress_grid_S0009_daily.csv
SYA,SYA,Shenyang,2009,Leave_One_experiments\wth_generated_qc\SYA\SYA2009.WTH,normal_year;water_stress_year;nitrogen_stress_year,water_stress,SYA2009_stress_grid_S0009,irrigation_positive_candidate,2009-07-25,206,101,96,"{""sim_day"": 101.0, ""doy"": 206.0, ""topwt"": 2868.521728515625, ""grnwt"": 0.0, ""xlai"": 0.5130656361579895, ""totir"": 20.0, ""tofer"": NaN, ""swfac"": 0.0, ""nstres"": 0.2752347588539123}",0.0,0.2752347588539123,2868.521728515625,0.0,0.5130656361579895,20.0,,0.0,0.0,20.0,0.0,19.45335693359375,27.45335693359375,Leave_One_experiments/all_year_offline_schedule_search/daily_outputs/SYA/SYA_2009_SYA2009_stress_grid_S0009_daily.csv
SYA,SYA,Shenyang,2009,Leave_One_experiments\wth_generated_qc\SYA\SYA2009.WTH,normal_year;water_stress_year;nitrogen_stress_year,water_stress,SYA2009_stress_grid_S0009,irrigation_positive_candidate,2009-07-26,207,102,97,"{""sim_day"": 102.0, ""doy"": 207.0, ""topwt"": 2937.4606323242188, ""grnwt"": 0.0, ""xlai"": 0.4989746809005737, ""totir"": 20.0, ""tofer"": NaN, ""swfac"": 0.0, ""nstres"": 0.2591428160667419}",0.0,0.2591428160667419,2937.4606323242188,0.0,0.4989746809005737,20.0,,0.0,0.0,20.0,0.0,19.45335693359375,27.45335693359375,Leave_One_experiments/all_year_offline_schedule_search/daily_outputs/SYA/SYA_2009_SYA2009_stress_grid_S0009_daily.csv
SYA,SYA,Shenyang,2009,Leave_One_experiments\wth_generated_qc\SYA\SYA2009.WTH,normal_year;water_stress_year;nitrogen_stress_year,water_stress,SYA2009_stress_grid_S0009,irrigation_positive_candidate,2009-07-27,208,103,98,"{""sim_day"": 103.0, ""doy"": 208.0, ""topwt"": 3054.229431152344, ""grnwt"": 121.530179977417, ""xlai"": 0.4854865074157715, ""totir"": 20.0, ""tofer"": NaN, ""swfac"": 0.0, ""nstres"": 0.2487666010856628}",0.0,0.2487666010856628,3054.229431152344,121.530179977417,0.4854865074157715,20.0,,0.0,0.0,20.0,0.0,19.45335693359375,27.45335693359375,Leave_One_experiments/all_year_offline_schedule_search/daily_outputs/SYA/SYA_2009_SYA2009_stress_grid_S0009_daily.csv
SYA,SYA,Shenyang,2009,Leave_One_experiments\wth_generated_qc\SYA\SYA2009.WTH,normal_year;water_stress_year;nitrogen_stress_year,water_stress,SYA2009_stress_grid_S0009,irrigation_positive_candidate,2009-07-28,209,104,99,"{""sim_day"": 104.0, ""doy"": 209.0, ""topwt"": 3139.1229248046875, ""grnwt"": 201.6624641418457, ""xlai"": 0.4716315269470215, ""totir"": 20.0, ""tofer"": NaN, ""swfac"": 0.0, ""nstres"": 0.2849204540252685}",0.0,0.2849204540252685,3139.1229248046875,201.6624641418457,0.4716315269470215,20.0,,0.0,0.0,20.0,0.0,19.45335693359375,27.45335693359375,Leave_One_experiments/all_year_offline_schedule_search/daily_outputs/SYA/SYA_2009_SYA2009_stress_grid_S0009_daily.csv
SYA,SYA,Shenyang,2009,Leave_One_experiments\wth_generated_qc\SYA\SYA2009.WTH,normal_year;water_stress_year;nitrogen_stress_year,water_stress,SYA2009_stress_grid_S0009,irrigation_positive_candidate,2009-07-29,210,105,100,"{""sim_day"": 105.0, ""doy"": 210.0, ""topwt"": 3219.25537109375, ""grnwt"": 281.79473876953125, ""xlai"": 0.4582163989543915, ""totir"": 20.0, ""tofer"": NaN, ""swfac"": 0.0, ""nstres"": 0.2826573252677917}",0.0,0.2826573252677917,3219.25537109375,281.79473876953125,0.4582163989543915,20.0,,0.0,0.0,20.0,0.0,19.45335693359375,27.45335693359375,Leave_One_experiments/all_year_offline_schedule_search/daily_outputs/SYA/SYA_2009_SYA2009_stress_grid_S0009_daily.csv
SYA,SYA,Shenyang,2009,Leave_One_experiments\wth_generated_qc\SYA\SYA2009.WTH,normal_year;water_stress_year;nitrogen_stress_year,water_stress,SYA2009_stress_grid_S0009,irrigation_positive_candidate,2009-07-30,211,106,101,"{""sim_day"": 106.0, ""doy"": 211.0, ""topwt"": 3297.0513916015625, ""grnwt"": 361.92699432373047, ""xlai"": 0.4451696574687958, ""totir"": 20.0, ""tofer"": NaN, ""swfac"": 0.0, ""nstres"": 0.283349871635437}",0.0,0.283349871635437,3297.0513916015625,361.92699432373047,0.4451696574687958,20.0,,0.0,0.0,20.0,0.0,19.45335693359375,27.45335693359375,Leave_One_experiments/all_year_offline_schedule_search/daily_outputs/SYA/SYA_2009_SYA2009_stress_grid_S0009_daily.csv
SYA,SYA,Shenyang,2009,Leave_One_experiments\wth_generated_qc\SYA\SYA2009.WTH,normal_year;water_stress_year;nitrogen_stress_year,water_stress,SYA2009_stress_grid_S0009,irrigation_positive_candidate,2009-07-31,212,107,102,"{""sim_day"": 107.0, ""doy"": 212.0, ""topwt"": 3379.5196533203125, ""grnwt"": 442.0592880249024, ""xlai"": 0.4325177669525146, ""totir"": 20.0, ""tofer"": NaN, ""swfac"": 0.0, ""nstres"": 0.2820889353752136}",0.0,0.2820889353752136,3379.5196533203125,442.0592880249024,0.4325177669525146,20.0,,0.0,0.0,20.0,0.0,19.45335693359375,27.45335693359375,Leave_One_experiments/all_year_offline_schedule_search/daily_outputs/SYA/SYA_2009_SYA2009_stress_grid_S0009_daily.csv
SYA,SYA,Shenyang,2009,Leave_One_experiments\wth_generated_qc\SYA\SYA2009.WTH,normal_year;water_stress_year;nitrogen_stress_year,water_stress,SYA2009_stress_grid_S0009,irrigation_positive_candidate,2009-08-01,213,108,103,"{""sim_day"": 108.0, ""doy"": 213.0, ""topwt"": 3422.0101928710938, ""grnwt"": 522.1915435791016, ""xlai"": 0.420232743024826, ""totir"": 20.0, ""tofer"": NaN, ""swfac"": 0.0, ""nstres"": 0.2816818356513977}",0.0,0.2816818356513977,3422.0101928710938,522.1915435791016,0.420232743024826,20.0,,0.0,0.0,20.0,0.0,19.45335693359375,27.45335693359375,Leave_One_experiments/all_year_offline_schedule_search/daily_outputs/SYA/SYA_2009_SYA2009_stress_grid_S0009_daily.csv
SYA,SYA,Shenyang,2009,Leave_One_experiments\wth_generated_qc\SYA\SYA2009.WTH,normal_year;water_stress_year;nitrogen_stress_year,water_stress,SYA2009_stress_grid_S0009,irrigation_positive_candidate,2009-08-02,214,109,104,"{""sim_day"": 109.0, ""doy"": 214.0, ""topwt"": 3500.3082275390625, ""grnwt"": 602.3238372802734, ""xlai"": 0.4082660675048828, ""totir"": 20.0, ""tofer"": NaN, ""swfac"": 0.0, ""nstres"": 0.2834301590919494}",0.0,0.2834301590919494,3500.3082275390625,602.3238372802734,0.4082660675048828,20.0,,0.0,0.0,20.0,0.0,19.45335693359375,27.45335693359375,Leave_One_experiments/all_year_offline_schedule_search/daily_outputs/SYA/SYA_2009_SYA2009_stress_grid_S0009_daily.csv
SYA,SYA,Shenyang,2009,Leave_One_experiments\wth_generated_qc\SYA\SYA2009.WTH,normal_year;water_stress_year;nitrogen_stress_year,water_stress,SYA2009_stress_grid_S0009,irrigation_positive_candidate,2009-08-03,215,110,105,"{""sim_day"": 110.0, ""doy"": 215.0, ""topwt"": 3586.0760498046875, ""grnwt"": 682.4561309814453, ""xlai"": 0.3968717157840729, ""totir"": 20.0, ""tofer"": NaN, ""swfac"": 0.0, ""nstres"": 0.2698193788528442}",0.0,0.2698193788528442,3586.0760498046875,682.4561309814453,0.3968717157840729,20.0,,0.0,0.0,20.0,0.0,19.45335693359375,27.45335693359375,Leave_One_experiments/all_year_offline_schedule_search/daily_outputs/SYA/SYA_2009_SYA2009_stress_grid_S0009_daily.csv
SYA,SYA,Shenyang,2009,Leave_One_experiments\wth_generated_qc\SYA\SYA2009.WTH,normal_year;water_stress_year;nitrogen_stress_year,water_stress,SYA2009_stress_grid_S0009,irrigation_positive_candidate,2009-08-04,216,111,106,"{""sim_day"": 111.0, ""doy"": 216.0, ""topwt"": 3666.3629150390634, ""grnwt"": 762.5884246826172, ""xlai"": 0.3857666552066803, ""totir"": 20.0, ""tofer"": NaN, ""swfac"": 0.0, ""nstres"": 0.2715546488761902}",0.0,0.2715546488761902,3666.3629150390634,762.5884246826172,0.3857666552066803,20.0,,0.0,0.0,20.0,0.0,19.45335693359375,27.45335693359375,Leave_One_experiments/all_year_offline_schedule_search/daily_outputs/SYA/SYA_2009_SYA2009_stress_grid_S0009_daily.csv
SYA,SYA,Shenyang,2009,Leave_One_experiments\wth_generated_qc\SYA\SYA2009.WTH,normal_year;water_stress_year;nitrogen_stress_year,water_stress,SYA2009_stress_grid_S0009,irrigation_positive_candidate,2009-08-05,217,112,107,"{""sim_day"": 112.0, ""doy"": 217.0, ""topwt"": 3706.987609863281, ""grnwt"": 842.7207183837891, ""xlai"": 0.3748788237571716, ""totir"": 20.0, ""tofer"": NaN, ""swfac"": 0.0, ""nstres"": 0.2773717641830444}",0.0,0.2773717641830444,3706.987609863281,842.7207183837891,0.3748788237571716,20.0,,0.0,0.0,20.0,0.0,19.45335693359375,27.45335693359375,Leave_One_experiments/all_year_offline_schedule_search/daily_outputs/SYA/SYA_2009_SYA2009_stress_grid_S0009_daily.csv
SYA,SYA,Shenyang,2009,Leave_One_experiments\wth_generated_qc\SYA\SYA2009.WTH,normal_year;water_stress_year;nitrogen_stress_year,water_stress,SYA2009_stress_grid_S0009,irrigation_positive_candidate,2009-08-06,218,113,108,"{""sim_day"": 113.0, ""doy"": 218.0, ""topwt"": 3791.2564086914062, ""grnwt"": 922.8529357910156, ""xlai"": 0.3642489016056061, ""totir"": 20.0, ""tofer"": NaN, ""swfac"": 0.0, ""nstres"": 0.2805341482162475}",0.0,0.2805341482162475,3791.2564086914062,922.8529357910156,0.3642489016056061,20.0,,0.0,0.0,20.0,0.0,19.45335693359375,27.45335693359375,Leave_One_experiments/all_year_offline_schedule_search/daily_outputs/SYA/SYA_2009_SYA2009_stress_grid_S0009_daily.csv
SYA,SYA,Shenyang,2009,Leave_One_experiments\wth_generated_qc\SYA\SYA2009.WTH,normal_year;water_stress_year;nitrogen_stress_year,water_stress,SYA2009_stress_grid_S0009,irrigation_positive_candidate,2009-08-07,219,114,109,"{""sim_day"": 114.0, ""doy"": 219.0, ""topwt"": 3872.586059570313, ""grnwt"": 1002.9852294921876, ""xlai"": 0.3541440367698669, ""totir"": 20.0, ""tofer"": NaN, ""swfac"": 0.0, ""nstres"": 0.2657974362373352}",0.0,0.2657974362373352,3872.586059570313,1002.9852294921876,0.3541440367698669,20.0,,0.0,0.0,20.0,0.0,19.45335693359375,27.45335693359375,Leave_One_experiments/all_year_offline_schedule_search/daily_outputs/SYA/SYA_2009_SYA2009_stress_grid_S0009_daily.csv
SYA,SYA,Shenyang,2009,Leave_One_experiments\wth_generated_qc\SYA\SYA2009.WTH,normal_year;water_stress_year;nitrogen_stress_year,water_stress,SYA2009_stress_grid_S0009,irrigation_positive_candidate,2009-08-08,220,115,110,"{""sim_day"": 115.0, ""doy"": 220.0, ""topwt"": 3948.3517456054688, ""grnwt"": 1083.1175231933594, ""xlai"": 0.3442488610744476, ""totir"": 20.0, ""tofer"": NaN, ""swfac"": 0.0, ""nstres"": 0.2705879807472229}",0.0,0.2705879807472229,3948.3517456054688,1083.1175231933594,0.3442488610744476,20.0,,0.0,0.0,20.0,0.0,19.45335693359375,27.45335693359375,Leave_One_experiments/all_year_offline_schedule_search/daily_outputs/SYA/SYA_2009_SYA2009_stress_grid_S0009_daily.csv
SYA,SYA,Shenyang,2009,Leave_One_experiments\wth_generated_qc\SYA\SYA2009.WTH,normal_year;water_stress_year;nitrogen_stress_year,water_stress,SYA2009_stress_grid_S0009,irrigation_positive_candidate,2009-08-09,221,116,111,"{""sim_day"": 116.0, ""doy"": 221.0, ""topwt"": 4012.271423339844, ""grnwt"": 1163.249740600586, ""xlai"": 0.3345718681812286, ""totir"": 20.0, ""tofer"": NaN, ""swfac"": 0.0, ""nstres"": 0.2746509909629822}",0.0,0.2746509909629822,4012.271423339844,1163.249740600586,0.3345718681812286,20.0,,0.0,0.0,20.0,0.0,19.45335693359375,27.45335693359375,Leave_One_experiments/all_year_offline_schedule_search/daily_outputs/SYA/SYA_2009_SYA2009_stress_grid_S0009_daily.csv
SYA,SYA,Shenyang,2009,Leave_One_experiments\wth_generated_qc\SYA\SYA2009.WTH,normal_year;water_stress_year;nitrogen_stress_year,water_stress,SYA2009_stress_grid_S0009,irrigation_positive_candidate,2009-08-10,222,117,112,"{""sim_day"": 117.0, ""doy"": 222.0, ""topwt"": 4082.416687011719, ""grnwt"": 1228.8581085205078, ""xlai"": 0.3251693546772003, ""totir"": 20.0, ""tofer"": NaN, ""swfac"": 0.0, ""nstres"": 0.2744791507720947}",0.0,0.2744791507720947,4082.416687011719,1228.8581085205078,0.3251693546772003,20.0,,0.0,0.0,20.0,0.0,19.45335693359375,27.45335693359375,Leave_One_experiments/all_year_offline_schedule_search/daily_outputs/SYA/SYA_2009_SYA2009_stress_grid_S0009_daily.csv
SYA,SYA,Shenyang,2009,Leave_One_experiments\wth_generated_qc\SYA\SYA2009.WTH,normal_year;water_stress_year;nitrogen_stress_year,water_stress,SYA2009_stress_grid_S0009,irrigation_positive_candidate,2009-08-11,223,118,113,"{""sim_day"": 118.0, ""doy"": 223.0, ""topwt"": 4158.5137939453125, ""grnwt"": 1303.4812927246094, ""xlai"": 0.3161819875240326, ""totir"": 20.0, ""tofer"": NaN, ""swfac"": 0.0, ""nstres"": 0.2633368968963623}",0.0,0.2633368968963623,4158.5137939453125,1303.4812927246094,0.3161819875240326,20.0,,0.0,0.0,20.0,0.0,19.45335693359375,27.45335693359375,Leave_One_experiments/all_year_offline_schedule_search/daily_outputs/SYA/SYA_2009_SYA2009_stress_grid_S0009_daily.csv
SYA,SYA,Shenyang,2009,Leave_One_experiments\wth_generated_qc\SYA\SYA2009.WTH,normal_year;water_stress_year;nitrogen_stress_year,water_stress,SYA2009_stress_grid_S0009,irrigation_positive_candidate,2009-08-12,224,119,114,"{""sim_day"": 119.0, ""doy"": 224.0, ""topwt"": 4238.748474121094, ""grnwt"": 1383.6135864257812, ""xlai"": 0.30738565325737, ""totir"": 20.0, ""tofer"": NaN, ""swfac"": 0.0, ""nstres"": 0.2676922678947449}",0.0,0.2676922678947449,4238.748474121094,1383.6135864257812,0.30738565325737,20.0,,0.0,0.0,20.0,0.0,19.45335693359375,27.45335693359375,Leave_One_experiments/all_year_offline_schedule_search/daily_outputs/SYA/SYA_2009_SYA2009_stress_grid_S0009_daily.csv
SYA,SYA,Shenyang,2009,Leave_One_experiments\wth_generated_qc\SYA\SYA2009.WTH,normal_year;water_stress_year;nitrogen_stress_year,water_stress,SYA2009_stress_grid_S0009,irrigation_positive_candidate,2009-08-13,225,120,115,"{""sim_day"": 120.0, ""doy"": 225.0, ""topwt"": 4299.058532714844, ""grnwt"": 1444.7145080566406, ""xlai"": 0.2987966239452362, ""totir"": 20.0, ""tofer"": NaN, ""swfac"": 0.0, ""nstres"": 0.2706089615821838}",0.0,0.2706089615821838,4299.058532714844,1444.7145080566406,0.2987966239452362,20.0,,0.0,0.0,20.0,0.0,19.45335693359375,27.45335693359375,Leave_One_experiments/all_year_offline_schedule_search/daily_outputs/SYA/SYA_2009_SYA2009_stress_grid_S0009_daily.csv
SYA,SYA,Shenyang,2009,Leave_One_experiments\wth_generated_qc\SYA\SYA2009.WTH,normal_year;water_stress_year;nitrogen_stress_year,water_stress,SYA2009_stress_grid_S0009,irrigation_positive_candidate,2009-08-14,226,121,116,"{""sim_day"": 121.0, ""doy"": 226.0, ""topwt"": 4362.425537109375, ""grnwt"": 1509.8219299316406, ""xlai"": 0.2905377149581909, ""totir"": 20.0, ""tofer"": NaN, ""swfac"": 0.0, ""nstres"": 0.2633777260780334}",0.0,0.2633777260780334,4362.425537109375,1509.8219299316406,0.2905377149581909,20.0,,0.0,0.0,20.0,0.0,19.45335693359375,27.45335693359375,Leave_One_experiments/all_year_offline_schedule_search/daily_outputs/SYA/SYA_2009_SYA2009_stress_grid_S0009_daily.csv
SYA,SYA,Shenyang,2009,Leave_One_experiments\wth_generated_qc\SYA\SYA2009.WTH,normal_year;water_stress_year;nitrogen_stress_year,water_stress,SYA2009_stress_grid_S0009,irrigation_positive_candidate,2009-08-15,227,122,117,"{""sim_day"": 122.0, ""doy"": 227.0, ""topwt"": 4417.2760009765625, ""grnwt"": 1589.9542236328125, ""xlai"": 0.2825431525707245, ""totir"": 20.0, ""tofer"": NaN, ""swfac"": 0.0, ""nstres"": 0.2603965997695923}",0.0,0.2603965997695923,4417.2760009765625,1589.9542236328125,0.2825431525707245,20.0,,0.0,0.0,20.0,0.0,19.45335693359375,27.45335693359375,Leave_One_experiments/all_year_offline_schedule_search/daily_outputs/SYA/SYA_2009_SYA2009_stress_grid_S0009_daily.csv
SYA,SYA,Shenyang,2009,Leave_One_experiments\wth_generated_qc\SYA\SYA2009.WTH,normal_year;water_stress_year;nitrogen_stress_year,water_stress,SYA2009_stress_grid_S0009,irrigation_positive_candidate,2009-08-16,228,123,118,"{""sim_day"": 123.0, ""doy"": 228.0, ""topwt"": 4438.693542480469, ""grnwt"": 1670.0865173339844, ""xlai"": 0.2746830880641937, ""totir"": 20.0, ""tofer"": NaN, ""swfac"": 0.0, ""nstres"": 0.2676600217819214}",0.0,0.2676600217819214,4438.693542480469,1670.0865173339844,0.2746830880641937,20.0,,0.0,0.0,20.0,0.0,19.45335693359375,27.45335693359375,Leave_One_experiments/all_year_offline_schedule_search/daily_outputs/SYA/SYA_2009_SYA2009_stress_grid_S0009_daily.csv
SYA,SYA,Shenyang,2009,Leave_One_experiments\wth_generated_qc\SYA\SYA2009.WTH,normal_year;water_stress_year;nitrogen_stress_year,water_stress,SYA2009_stress_grid_S0009,irrigation_positive_candidate,2009-08-17,229,124,119,"{""sim_day"": 124.0, ""doy"": 229.0, ""topwt"": 4489.654541015625, ""grnwt"": 1750.2189636230469, ""xlai"": 0.267117291688919, ""totir"": 20.0, ""tofer"": NaN, ""swfac"": 0.0, ""nstres"": 0.2610471248626709}",0.0,0.2610471248626709,4489.654541015625,1750.2189636230469,0.267117291688919,20.0,,0.0,0.0,20.0,0.0,19.45335693359375,27.45335693359375,Leave_One_experiments/all_year_offline_schedule_search/daily_outputs/SYA/SYA_2009_SYA2009_stress_grid_S0009_daily.csv
SYA,SYA,Shenyang,2009,Leave_One_experiments\wth_generated_qc\SYA\SYA2009.WTH,normal_year;water_stress_year;nitrogen_stress_year,water_stress,SYA2009_stress_grid_S0009,irrigation_positive_candidate,2009-08-18,230,125,120,"{""sim_day"": 125.0, ""doy"": 230.0, ""topwt"": 4498.2232666015625, ""grnwt"": 1830.3512573242188, ""xlai"": 0.2599982023239136, ""totir"": 20.0, ""tofer"": NaN, ""swfac"": 0.0, ""nstres"": 0.2396355867385864}",0.0,0.2396355867385864,4498.2232666015625,1830.3512573242188,0.2599982023239136,20.0,,0.0,0.0,20.0,0.0,19.45335693359375,27.45335693359375,Leave_One_experiments/all_year_offline_schedule_search/daily_outputs/SYA/SYA_2009_SYA2009_stress_grid_S0009_daily.csv
SYA,SYA,Shenyang,2009,Leave_One_experiments\wth_generated_qc\SYA\SYA2009.WTH,normal_year;water_stress_year;nitrogen_stress_year,water_stress,SYA2009_stress_grid_S0009,irrigation_positive_candidate,2009-08-19,231,126,121,"{""sim_day"": 126.0, ""doy"": 231.0, ""topwt"": 4570.592956542969, ""grnwt"": 1910.4837036132808, ""xlai"": 0.2530578970909118, ""totir"": 20.0, ""tofer"": NaN, ""swfac"": 0.0, ""nstres"": 0.2406508922576904}",0.0,0.2406508922576904,4570.592956542969,1910.4837036132808,0.2530578970909118,20.0,,0.0,0.0,20.0,0.0,19.45335693359375,27.45335693359375,Leave_One_experiments/all_year_offline_schedule_search/daily_outputs/SYA/SYA_2009_SYA2009_stress_grid_S0009_daily.csv
SYA,SYA,Shenyang,2009,Leave_One_experiments\wth_generated_qc\SYA\SYA2009.WTH,normal_year;water_stress_year;nitrogen_stress_year,water_stress,SYA2009_stress_grid_S0009,irrigation_positive_candidate,2009-08-20,232,127,122,"{""sim_day"": 127.0, ""doy"": 232.0, ""topwt"": 4641.272277832031, ""grnwt"": 1990.615997314453, ""xlai"": 0.2465980947017669, ""totir"": 20.0, ""tofer"": NaN, ""swfac"": 0.0, ""nstres"": 0.2126511931419372}",0.0,0.2126511931419372,4641.272277832031,1990.615997314453,0.2465980947017669,20.0,,0.0,0.0,20.0,0.0,19.45335693359375,27.45335693359375,Leave_One_experiments/all_year_offline_schedule_search/daily_outputs/SYA/SYA_2009_SYA2009_stress_grid_S0009_daily.csv
SYA,SYA,Shenyang,2009,Leave_One_experiments\wth_generated_qc\SYA\SYA2009.WTH,normal_year;water_stress_year;nitrogen_stress_year,water_stress,SYA2009_stress_grid_S0009,irrigation_positive_candidate,2009-08-21,233,128,123,"{""sim_day"": 128.0, ""doy"": 233.0, ""topwt"": 4703.930969238281, ""grnwt"": 2070.748291015625, ""xlai"": 0.2400562018156051, ""totir"": 20.0, ""tofer"": NaN, ""swfac"": 0.0, ""nstres"": 0.2366803288459777}",0.0,0.2366803288459777,4703.930969238281,2070.748291015625,0.2400562018156051,20.0,,0.0,0.0,20.0,0.0,19.45335693359375,27.45335693359375,Leave_One_experiments/all_year_offline_schedule_search/daily_outputs/SYA/SYA_2009_SYA2009_stress_grid_S0009_daily.csv
SYA,SYA,Shenyang,2009,Leave_One_experiments\wth_generated_qc\SYA\SYA2009.WTH,normal_year;water_stress_year;nitrogen_stress_year,water_stress,SYA2009_stress_grid_S0009,irrigation_positive_candidate,2009-08-22,234,129,124,"{""sim_day"": 129.0, ""doy"": 234.0, ""topwt"": 4752.0599365234375, ""grnwt"": 2150.8807373046875, ""xlai"": 0.2334481328725814, ""totir"": 20.0, ""tofer"": NaN, ""swfac"": 0.0, ""nstres"": 0.2606539130210876}",0.0,0.2606539130210876,4752.0599365234375,2150.8807373046875,0.2334481328725814,20.0,,0.0,0.0,20.0,0.0,19.45335693359375,27.45335693359375,Leave_One_experiments/all_year_offline_schedule_search/daily_outputs/SYA/SYA_2009_SYA2009_stress_grid_S0009_daily.csv
SYA,SYA,Shenyang,2009,Leave_One_experiments\wth_generated_qc\SYA\SYA2009.WTH,normal_year;water_stress_year;nitrogen_stress_year,water_stress,SYA2009_stress_grid_S0009,irrigation_positive_candidate,2009-08-23,235,130,125,"{""sim_day"": 130.0, ""doy"": 235.0, ""topwt"": 4808.291320800781, ""grnwt"": 2231.0130310058594, ""xlai"": 0.2268964797258377, ""totir"": 20.0, ""tofer"": NaN, ""swfac"": 0.0, ""nstres"": 0.2735500931739807}",0.0,0.2735500931739807,4808.291320800781,2231.0130310058594,0.2268964797258377,20.0,,0.0,0.0,20.0,0.0,19.45335693359375,27.45335693359375,Leave_One_experiments/all_year_offline_schedule_search/daily_outputs/SYA/SYA_2009_SYA2009_stress_grid_S0009_daily.csv
SYA,SYA,Shenyang,2009,Leave_One_experiments\wth_generated_qc\SYA\SYA2009.WTH,normal_year;water_stress_year;nitrogen_stress_year,water_stress,SYA2009_stress_grid_S0009,irrigation_positive_candidate,2009-08-24,236,131,126,"{""sim_day"": 131.0, ""doy"": 236.0, ""topwt"": 4840.39794921875, ""grnwt"": 2311.145477294922, ""xlai"": 0.2205571979284286, ""totir"": 20.0, ""tofer"": NaN, ""swfac"": 0.0, ""nstres"": 0.27053964138031}",0.0,0.27053964138031,4840.39794921875,2311.145477294922,0.2205571979284286,20.0,,0.0,0.0,20.0,0.0,19.45335693359375,27.45335693359375,Leave_One_experiments/all_year_offline_schedule_search/daily_outputs/SYA/SYA_2009_SYA2009_stress_grid_S0009_daily.csv
SYA,SYA,Shenyang,2009,Leave_One_experiments\wth_generated_qc\SYA\SYA2009.WTH,normal_year;water_stress_year;nitrogen_stress_year,water_stress,SYA2009_stress_grid_S0009,irrigation_positive_candidate,2009-08-25,237,132,127,"{""sim_day"": 132.0, ""doy"": 237.0, ""topwt"": 4850.734558105469, ""grnwt"": 2391.2777709960938, ""xlai"": 0.2143865674734115, ""totir"": 20.0, ""tofer"": NaN, ""swfac"": 0.0, ""nstres"": 0.2714641690254211}",0.0,0.2714641690254211,4850.734558105469,2391.2777709960938,0.2143865674734115,20.0,,0.0,0.0,20.0,0.0,19.45335693359375,27.45335693359375,Leave_One_experiments/all_year_offline_schedule_search/daily_outputs/SYA/SYA_2009_SYA2009_stress_grid_S0009_daily.csv
SYA,SYA,Shenyang,2009,Leave_One_experiments\wth_generated_qc\SYA\SYA2009.WTH,normal_year;water_stress_year;nitrogen_stress_year,water_stress,SYA2009_stress_grid_S0009,irrigation_positive_candidate,2009-08-26,238,133,128,"{""sim_day"": 133.0, ""doy"": 238.0, ""topwt"": 4894.150390625, ""grnwt"": 2471.410217285156, ""xlai"": 0.2085263878107071, ""totir"": 20.0, ""tofer"": NaN, ""swfac"": 0.0, ""nstres"": 0.2560327053070068}",0.0,0.2560327053070068,4894.150390625,2471.410217285156,0.2085263878107071,20.0,,0.0,0.0,20.0,0.0,19.45335693359375,27.45335693359375,Leave_One_experiments/all_year_offline_schedule_search/daily_outputs/SYA/SYA_2009_SYA2009_stress_grid_S0009_daily.csv
SYA,SYA,Shenyang,2009,Leave_One_experiments\wth_generated_qc\SYA\SYA2009.WTH,normal_year;water_stress_year;nitrogen_stress_year,water_stress,SYA2009_stress_grid_S0009,irrigation_positive_candidate,2009-08-27,239,134,129,"{""sim_day"": 134.0, ""doy"": 239.0, ""topwt"": 4927.7093505859375, ""grnwt"": 2550.3976440429688, ""xlai"": 0.2029881328344345, ""totir"": 20.0, ""tofer"": NaN, ""swfac"": 0.0, ""nstres"": 0.2374154925346374}",0.0,0.2374154925346374,4927.7093505859375,2550.3976440429688,0.2029881328344345,20.0,,0.0,0.0,20.0,0.0,19.45335693359375,27.45335693359375,Leave_One_experiments/all_year_offline_schedule_search/daily_outputs/SYA/SYA_2009_SYA2009_stress_grid_S0009_daily.csv
SYA,SYA,Shenyang,2009,Leave_One_experiments\wth_generated_qc\SYA\SYA2009.WTH,normal_year;water_stress_year;nitrogen_stress_year,water_stress,SYA2009_stress_grid_S0009,irrigation_positive_candidate,2009-08-28,240,135,130,"{""sim_day"": 135.0, ""doy"": 240.0, ""topwt"": 4977.393798828125, ""grnwt"": 2624.8062133789062, ""xlai"": 0.1974871605634689, ""totir"": 20.0, ""tofer"": NaN, ""swfac"": 0.0, ""nstres"": 0.2503973245620727}",0.0,0.2503973245620727,4977.393798828125,2624.8062133789062,0.1974871605634689,20.0,,0.0,0.0,20.0,0.0,19.45335693359375,27.45335693359375,Leave_One_experiments/all_year_offline_schedule_search/daily_outputs/SYA/SYA_2009_SYA2009_stress_grid_S0009_daily.csv
SYA,SYA,Shenyang,2009,Leave_One_experiments\wth_generated_qc\SYA\SYA2009.WTH,normal_year;water_stress_year;nitrogen_stress_year,water_stress,SYA2009_stress_grid_S0009,irrigation_positive_candidate,2009-08-29,241,136,131,"{""sim_day"": 136.0, ""doy"": 241.0, ""topwt"": 5026.563720703125, ""grnwt"": 2704.9386596679688, ""xlai"": 0.1921746134757995, ""totir"": 20.0, ""tofer"": NaN, ""swfac"": 0.0, ""nstres"": 0.2456207275390625}",0.0,0.2456207275390625,5026.563720703125,2704.9386596679688,0.1921746134757995,20.0,,0.0,0.0,20.0,0.0,19.45335693359375,27.45335693359375,Leave_One_experiments/all_year_offline_schedule_search/daily_outputs/SYA/SYA_2009_SYA2009_stress_grid_S0009_daily.csv
SYA,SYA,Shenyang,2009,Leave_One_experiments\wth_generated_qc\SYA\SYA2009.WTH,normal_year;water_stress_year;nitrogen_stress_year,water_stress,SYA2009_stress_grid_S0009,irrigation_positive_candidate,2009-08-30,242,137,132,"{""sim_day"": 137.0, ""doy"": 242.0, ""topwt"": 5070.220031738281, ""grnwt"": 2785.07080078125, ""xlai"": 0.1868510097265243, ""totir"": 20.0, ""tofer"": NaN, ""swfac"": 0.0, ""nstres"": 0.2648411393165588}",0.0,0.2648411393165588,5070.220031738281,2785.07080078125,0.1868510097265243,20.0,,0.0,0.0,20.0,0.0,19.45335693359375,27.45335693359375,Leave_One_experiments/all_year_offline_schedule_search/daily_outputs/SYA/SYA_2009_SYA2009_stress_grid_S0009_daily.csv
SYA,SYA,Shenyang,2009,Leave_One_experiments\wth_generated_qc\SYA\SYA2009.WTH,normal_year;water_stress_year;nitrogen_stress_year,water_stress,SYA2009_stress_grid_S0009,irrigation_positive_candidate,2009-08-31,243,138,133,"{""sim_day"": 138.0, ""doy"": 243.0, ""topwt"": 5111.466979980469, ""grnwt"": 2865.2032470703125, ""xlai"": 0.1815816313028335, ""totir"": 20.0, ""tofer"": NaN, ""swfac"": 0.0, ""nstres"": 0.2768251299858093}",0.0,0.2768251299858093,5111.466979980469,2865.2032470703125,0.1815816313028335,20.0,,0.0,0.0,20.0,0.0,19.45335693359375,27.45335693359375,Leave_One_experiments/all_year_offline_schedule_search/daily_outputs/SYA/SYA_2009_SYA2009_stress_grid_S0009_daily.csv
SYA,SYA,Shenyang,2009,Leave_One_experiments\wth_generated_qc\SYA\SYA2009.WTH,normal_year;water_stress_year;nitrogen_stress_year,water_stress,SYA2009_stress_grid_S0009,irrigation_positive_candidate,2009-09-01,244,139,134,"{""sim_day"": 139.0, ""doy"": 244.0, ""topwt"": 5149.1510009765625, ""grnwt"": 2945.335693359375, ""xlai"": 0.1764246374368667, ""totir"": 20.0, ""tofer"": NaN, ""swfac"": 0.0, ""nstres"": 0.2816053032875061}",0.0,0.2816053032875061,5149.1510009765625,2945.335693359375,0.1764246374368667,20.0,,0.0,0.0,20.0,0.0,19.45335693359375,27.45335693359375,Leave_One_experiments/all_year_offline_schedule_search/daily_outputs/SYA/SYA_2009_SYA2009_stress_grid_S0009_daily.csv
SYA,SYA,Shenyang,2009,Leave_One_experiments\wth_generated_qc\SYA\SYA2009.WTH,normal_year;water_stress_year;nitrogen_stress_year,water_stress,SYA2009_stress_grid_S0009,irrigation_positive_candidate,2009-09-02,245,140,135,"{""sim_day"": 140.0, ""doy"": 245.0, ""topwt"": 5149.1510009765625, ""grnwt"": 2945.335693359375, ""xlai"": 0.1764246374368667, ""totir"": 20.0, ""tofer"": NaN, ""swfac"": 0.0, ""nstres"": 0.2824159264564514}",0.0,0.2824159264564514,5149.1510009765625,2945.335693359375,0.1764246374368667,20.0,,0.0,0.0,20.0,0.0,19.45335693359375,27.45335693359375,Leave_One_experiments/all_year_offline_schedule_search/daily_outputs/SYA/SYA_2009_SYA2009_stress_grid_S0009_daily.csv
SYA,SYA,Shenyang,2009,Leave_One_experiments\wth_generated_qc\SYA\SYA2009.WTH,normal_year;water_stress_year;nitrogen_stress_year,water_stress,SYA2009_stress_grid_S0009,irrigation_positive_candidate,2009-09-03,246,141,136,"{""sim_day"": 141.0, ""doy"": 246.0, ""topwt"": 5149.1510009765625, ""grnwt"": 2945.335693359375, ""xlai"": 0.1764246374368667, ""totir"": 20.0, ""tofer"": NaN, ""swfac"": 0.0, ""nstres"": 0.2824159264564514}",0.0,0.2824159264564514,5149.1510009765625,2945.335693359375,0.1764246374368667,20.0,,0.0,0.0,20.0,0.0,19.45335693359375,27.45335693359375,Leave_One_experiments/all_year_offline_schedule_search/daily_outputs/SYA/SYA_2009_SYA2009_stress_grid_S0009_daily.csv
SYA,SYA,Shenyang,2009,Leave_One_experiments\wth_generated_qc\SYA\SYA2009.WTH,normal_year;water_stress_year;nitrogen_stress_year,water_stress,SYA2009_stress_grid_S0009,irrigation_positive_candidate,2009-09-04,247,142,137,"{""sim_day"": 142.0, ""doy"": 247.0, ""topwt"": 5149.1510009765625, ""grnwt"": 2945.335693359375, ""xlai"": 0.1764246374368667, ""totir"": 20.0, ""tofer"": NaN, ""swfac"": 0.0, ""nstres"": 0.2824159264564514}",0.0,0.2824159264564514,5149.1510009765625,2945.335693359375,0.1764246374368667,20.0,,0.0,0.0,20.0,0.0,19.45335693359375,27.45335693359375,Leave_One_experiments/all_year_offline_schedule_search/daily_outputs/SYA/SYA_2009_SYA2009_stress_grid_S0009_daily.csv
SYA,SYA,Shenyang,2009,Leave_One_experiments\wth_generated_qc\SYA\SYA2009.WTH,normal_year;water_stress_year;nitrogen_stress_year,water_stress,SYA2009_stress_grid_S0001,low_input_within_10pct_yield,2009-04-21,111,1,1,"{""sim_day"": 1.0, ""doy"": 111.0, ""topwt"": 0.0, ""grnwt"": 0.0, ""xlai"": 0.0, ""totir"": 0.0, ""tofer"": NaN, ""swfac"": 0.0, ""nstres"": 0.0}",0.0,0.0,0.0,0.0,0.0,0.0,,0.0,0.0,0.0,0.0,27.99737548828125,27.99737548828125,Leave_One_experiments/all_year_offline_schedule_search/daily_outputs/SYA/SYA_2009_SYA2009_stress_grid_S0001_daily.csv
SYA,SYA,Shenyang,2009,Leave_One_experiments\wth_generated_qc\SYA\SYA2009.WTH,normal_year;water_stress_year;nitrogen_stress_year,water_stress,SYA2009_stress_grid_S0001,low_input_within_10pct_yield,2009-04-22,112,2,2,"{""sim_day"": 2.0, ""doy"": 112.0, ""topwt"": 0.0, ""grnwt"": 0.0, ""xlai"": 0.0, ""totir"": 0.0, ""tofer"": NaN, ""swfac"": 0.0, ""nstres"": 0.0}",0.0,0.0,0.0,0.0,0.0,0.0,,0.0,0.0,0.0,0.0,27.99737548828125,27.99737548828125,Leave_One_experiments/all_year_offline_schedule_search/daily_outputs/SYA/SYA_2009_SYA2009_stress_grid_S0001_daily.csv
SYA,SYA,Shenyang,2009,Leave_One_experiments\wth_generated_qc\SYA\SYA2009.WTH,normal_year;water_stress_year;nitrogen_stress_year,water_stress,SYA2009_stress_grid_S0001,low_input_within_10pct_yield,2009-04-23,113,3,3,"{""sim_day"": 3.0, ""doy"": 113.0, ""topwt"": 0.0, ""grnwt"": 0.0, ""xlai"": 0.0, ""totir"": 0.0, ""tofer"": NaN, ""swfac"": 0.0, ""nstres"": 0.0}",0.0,0.0,0.0,0.0,0.0,0.0,,0.0,0.0,0.0,0.0,27.99737548828125,27.99737548828125,Leave_One_experiments/all_year_offline_schedule_search/daily_outputs/SYA/SYA_2009_SYA2009_stress_grid_S0001_daily.csv
SYA,SYA,Shenyang,2009,Leave_One_experiments\wth_generated_qc\SYA\SYA2009.WTH,normal_year;water_stress_year;nitrogen_stress_year,water_stress,SYA2009_stress_grid_S0001,low_input_within_10pct_yield,2009-04-24,114,4,4,"{""sim_day"": 4.0, ""doy"": 114.0, ""topwt"": 0.0, ""grnwt"": 0.0, ""xlai"": 0.0, ""totir"": 0.0, ""tofer"": NaN, ""swfac"": 0.0, ""nstres"": 0.0}",0.0,0.0,0.0,0.0,0.0,0.0,,0.0,0.0,0.0,0.0,27.99737548828125,27.99737548828125,Leave_One_experiments/all_year_offline_schedule_search/daily_outputs/SYA/SYA_2009_SYA2009_stress_grid_S0001_daily.csv
SYA,SYA,Shenyang,2009,Leave_One_experiments\wth_generated_qc\SYA\SYA2009.WTH,normal_year;water_stress_year;nitrogen_stress_year,water_stress,SYA2009_stress_grid_S0001,low_input_within_10pct_yield,2009-04-25,115,5,5,"{""sim_day"": 5.0, ""doy"": 115.0, ""topwt"": 0.0, ""grnwt"": 0.0, ""xlai"": 0.0, ""totir"": 0.0, ""tofer"": NaN, ""swfac"": 0.0, ""nstres"": 0.0}",0.0,0.0,0.0,0.0,0.0,0.0,,0.0,0.0,0.0,0.0,27.99737548828125,27.99737548828125,Leave_One_experiments/all_year_offline_schedule_search/daily_outputs/SYA/SYA_2009_SYA2009_stress_grid_S0001_daily.csv
SYA,SYA,Shenyang,2009,Leave_One_experiments\wth_generated_qc\SYA\SYA2009.WTH,normal_year;water_stress_year;nitrogen_stress_year,water_stress,SYA2009_stress_grid_S0001,low_input_within_10pct_yield,2009-04-21,111,6,1,"{""sim_day"": 6.0, ""doy"": 111.0, ""topwt"": 0.0, ""grnwt"": 0.0, ""xlai"": 0.0, ""totir"": 0.0, ""tofer"": NaN, ""swfac"": 0.0, ""nstres"": 0.0}",0.0,0.0,0.0,0.0,0.0,0.0,,0.0,0.0,0.0,0.0,27.99737548828125,27.99737548828125,Leave_One_experiments/all_year_offline_schedule_search/daily_outputs/SYA/SYA_2009_SYA2009_stress_grid_S0001_daily.csv
SYA,SYA,Shenyang,2009,Leave_One_experiments\wth_generated_qc\SYA\SYA2009.WTH,normal_year;water_stress_year;nitrogen_stress_year,water_stress,SYA2009_stress_grid_S0001,low_input_within_10pct_yield,2009-04-22,112,7,2,"{""sim_day"": 7.0, ""doy"": 112.0, ""topwt"": 0.0, ""grnwt"": 0.0, ""xlai"": 0.0, ""totir"": 0.0, ""tofer"": NaN, ""swfac"": 0.0, ""nstres"": 0.0}",0.0,0.0,0.0,0.0,0.0,0.0,,0.0,0.0,0.0,0.0,27.99737548828125,27.99737548828125,Leave_One_experiments/all_year_offline_schedule_search/daily_outputs/SYA/SYA_2009_SYA2009_stress_grid_S0001_daily.csv
SYA,SYA,Shenyang,2009,Leave_One_experiments\wth_generated_qc\SYA\SYA2009.WTH,normal_year;water_stress_year;nitrogen_stress_year,water_stress,SYA2009_stress_grid_S0001,low_input_within_10pct_yield,2009-04-23,113,8,3,"{""sim_day"": 8.0, ""doy"": 113.0, ""topwt"": 0.0, ""grnwt"": 0.0, ""xlai"": 0.0, ""totir"": 0.0, ""tofer"": NaN, ""swfac"": 0.0, ""nstres"": 0.0}",0.0,0.0,0.0,0.0,0.0,0.0,,0.0,0.0,0.0,0.0,27.99737548828125,27.99737548828125,Leave_One_experiments/all_year_offline_schedule_search/daily_outputs/SYA/SYA_2009_SYA2009_stress_grid_S0001_daily.csv
SYA,SYA,Shenyang,2009,Leave_One_experiments\wth_generated_qc\SYA\SYA2009.WTH,normal_year;water_stress_year;nitrogen_stress_year,water_stress,SYA2009_stress_grid_S0001,low_input_within_10pct_yield,2009-04-24,114,9,4,"{""sim_day"": 9.0, ""doy"": 114.0, ""topwt"": 0.0, ""grnwt"": 0.0, ""xlai"": 0.0, ""totir"": 0.0, ""tofer"": NaN, ""swfac"": 0.0, ""nstres"": 0.0}",0.0,0.0,0.0,0.0,0.0,0.0,,0.0,0.0,0.0,0.0,27.99737548828125,27.99737548828125,Leave_One_experiments/all_year_offline_schedule_search/daily_outputs/SYA/SYA_2009_SYA2009_stress_grid_S0001_daily.csv
SYA,SYA,Shenyang,2009,Leave_One_experiments\wth_generated_qc\SYA\SYA2009.WTH,normal_year;water_stress_year;nitrogen_stress_year,water_stress,SYA2009_stress_grid_S0001,low_input_within_10pct_yield,2009-04-25,115,10,5,"{""sim_day"": 10.0, ""doy"": 115.0, ""topwt"": 0.0, ""grnwt"": 0.0, ""xlai"": 0.0, ""totir"": 0.0, ""tofer"": NaN, ""swfac"": 0.0, ""nstres"": 0.0}",0.0,0.0,0.0,0.0,0.0,0.0,,0.0,0.0,0.0,0.0,27.99737548828125,27.99737548828125,Leave_One_experiments/all_year_offline_schedule_search/daily_outputs/SYA/SYA_2009_SYA2009_stress_grid_S0001_daily.csv
SYA,SYA,Shenyang,2009,Leave_One_experiments\wth_generated_qc\SYA\SYA2009.WTH,normal_year;water_stress_year;nitrogen_stress_year,water_stress,SYA2009_stress_grid_S0001,low_input_within_10pct_yield,2009-04-26,116,11,6,"{""sim_day"": 11.0, ""doy"": 116.0, ""topwt"": 0.0, ""grnwt"": 0.0, ""xlai"": 0.0, ""totir"": 0.0, ""tofer"": NaN, ""swfac"": 0.0, ""nstres"": 0.0}",0.0,0.0,0.0,0.0,0.0,0.0,,0.0,0.0,0.0,0.0,27.99737548828125,27.99737548828125,Leave_One_experiments/all_year_offline_schedule_search/daily_outputs/SYA/SYA_2009_SYA2009_stress_grid_S0001_daily.csv
SYA,SYA,Shenyang,2009,Leave_One_experiments\wth_generated_qc\SYA\SYA2009.WTH,normal_year;water_stress_year;nitrogen_stress_year,water_stress,SYA2009_stress_grid_S0001,low_input_within_10pct_yield,2009-04-27,117,12,7,"{""sim_day"": 12.0, ""doy"": 117.0, ""topwt"": 0.0, ""grnwt"": 0.0, ""xlai"": 0.0, ""totir"": 0.0, ""tofer"": NaN, ""swfac"": 0.0, ""nstres"": 0.0}",0.0,0.0,0.0,0.0,0.0,0.0,,0.0,0.0,0.0,0.0,27.99737548828125,27.99737548828125,Leave_One_experiments/all_year_offline_schedule_search/daily_outputs/SYA/SYA_2009_SYA2009_stress_grid_S0001_daily.csv
SYA,SYA,Shenyang,2009,Leave_One_experiments\wth_generated_qc\SYA\SYA2009.WTH,normal_year;water_stress_year;nitrogen_stress_year,water_stress,SYA2009_stress_grid_S0001,low_input_within_10pct_yield,2009-04-28,118,13,8,"{""sim_day"": 13.0, ""doy"": 118.0, ""topwt"": 0.0, ""grnwt"": 0.0, ""xlai"": 0.0, ""totir"": 0.0, ""tofer"": NaN, ""swfac"": 0.0, ""nstres"": 0.0}",0.0,0.0,0.0,0.0,0.0,0.0,,0.0,0.0,0.0,0.0,27.99737548828125,27.99737548828125,Leave_One_experiments/all_year_offline_schedule_search/daily_outputs/SYA/SYA_2009_SYA2009_stress_grid_S0001_daily.csv
SYA,SYA,Shenyang,2009,Leave_One_experiments\wth_generated_qc\SYA\SYA2009.WTH,normal_year;water_stress_year;nitrogen_stress_year,water_stress,SYA2009_stress_grid_S0001,low_input_within_10pct_yield,2009-04-29,119,14,9,"{""sim_day"": 14.0, ""doy"": 119.0, ""topwt"": 0.0, ""grnwt"": 0.0, ""xlai"": 0.0, ""totir"": 0.0, ""tofer"": NaN, ""swfac"": 0.0, ""nstres"": 0.0}",0.0,0.0,0.0,0.0,0.0,0.0,,0.0,0.0,0.0,0.0,27.99737548828125,27.99737548828125,Leave_One_experiments/all_year_offline_schedule_search/daily_outputs/SYA/SYA_2009_SYA2009_stress_grid_S0001_daily.csv
SYA,SYA,Shenyang,2009,Leave_One_experiments\wth_generated_qc\SYA\SYA2009.WTH,normal_year;water_stress_year;nitrogen_stress_year,water_stress,SYA2009_stress_grid_S0001,low_input_within_10pct_yield,2009-04-30,120,15,10,"{""sim_day"": 15.0, ""doy"": 120.0, ""topwt"": 0.0, ""grnwt"": 0.0, ""xlai"": 0.0, ""totir"": 0.0, ""tofer"": NaN, ""swfac"": 0.0, ""nstres"": 0.0}",0.0,0.0,0.0,0.0,0.0,0.0,,0.0,0.0,0.0,0.0,27.99737548828125,27.99737548828125,Leave_One_experiments/all_year_offline_schedule_search/daily_outputs/SYA/SYA_2009_SYA2009_stress_grid_S0001_daily.csv
SYA,SYA,Shenyang,2009,Leave_One_experiments\wth_generated_qc\SYA\SYA2009.WTH,normal_year;water_stress_year;nitrogen_stress_year,water_stress,SYA2009_stress_grid_S0001,low_input_within_10pct_yield,2009-05-01,121,16,11,"{""sim_day"": 16.0, ""doy"": 121.0, ""topwt"": 0.0, ""grnwt"": 0.0, ""xlai"": 0.0, ""totir"": 0.0, ""tofer"": NaN, ""swfac"": 0.0, ""nstres"": 0.0}",0.0,0.0,0.0,0.0,0.0,0.0,,0.0,0.0,0.0,0.0,27.99737548828125,27.99737548828125,Leave_One_experiments/all_year_offline_schedule_search/daily_outputs/SYA/SYA_2009_SYA2009_stress_grid_S0001_daily.csv
SYA,SYA,Shenyang,2009,Leave_One_experiments\wth_generated_qc\SYA\SYA2009.WTH,normal_year;water_stress_year;nitrogen_stress_year,water_stress,SYA2009_stress_grid_S0001,low_input_within_10pct_yield,2009-05-02,122,17,12,"{""sim_day"": 17.0, ""doy"": 122.0, ""topwt"": 0.0, ""grnwt"": 0.0, ""xlai"": 0.0, ""totir"": 0.0, ""tofer"": NaN, ""swfac"": 0.0, ""nstres"": 0.0}",0.0,0.0,0.0,0.0,0.0,0.0,,0.0,0.0,0.0,0.0,27.99737548828125,27.99737548828125,Leave_One_experiments/all_year_offline_schedule_search/daily_outputs/SYA/SYA_2009_SYA2009_stress_grid_S0001_daily.csv
SYA,SYA,Shenyang,2009,Leave_One_experiments\wth_generated_qc\SYA\SYA2009.WTH,normal_year;water_stress_year;nitrogen_stress_year,water_stress,SYA2009_stress_grid_S0001,low_input_within_10pct_yield,2009-05-03,123,18,13,"{""sim_day"": 18.0, ""doy"": 123.0, ""topwt"": 17.600001096725464, ""grnwt"": 0.0, ""xlai"": 0.0019080422352999, ""totir"": 0.0, ""tofer"": NaN, ""swfac"": 0.0, ""nstres"": 0.0121910572052001}",0.0,0.0121910572052001,17.600001096725464,0.0,0.0019080422352999,0.0,,0.0,0.0,0.0,0.0,27.99737548828125,27.99737548828125,Leave_One_experiments/all_year_offline_schedule_search/daily_outputs/SYA/SYA_2009_SYA2009_stress_grid_S0001_daily.csv
SYA,SYA,Shenyang,2009,Leave_One_experiments\wth_generated_qc\SYA\SYA2009.WTH,normal_year;water_stress_year;nitrogen_stress_year,water_stress,SYA2009_stress_grid_S0001,low_input_within_10pct_yield,2009-05-04,124,19,14,"{""sim_day"": 19.0, ""doy"": 124.0, ""topwt"": 17.600001096725464, ""grnwt"": 0.0, ""xlai"": 0.0036874369252473, ""totir"": 0.0, ""tofer"": NaN, ""swfac"": 0.0, ""nstres"": 0.0113089084625244}",0.0,0.0113089084625244,17.600001096725464,0.0,0.0036874369252473,0.0,,0.0,0.0,0.0,0.0,27.99737548828125,27.99737548828125,Leave_One_experiments/all_year_offline_schedule_search/daily_outputs/SYA/SYA_2009_SYA2009_stress_grid_S0001_daily.csv
SYA,SYA,Shenyang,2009,Leave_One_experiments\wth_generated_qc\SYA\SYA2009.WTH,normal_year;water_stress_year;nitrogen_stress_year,water_stress,SYA2009_stress_grid_S0001,low_input_within_10pct_yield,2009-05-05,125,20,15,"{""sim_day"": 20.0, ""doy"": 125.0, ""topwt"": 17.600001096725464, ""grnwt"": 0.0, ""xlai"": 0.0058452719822525, ""totir"": 0.0, ""tofer"": NaN, ""swfac"": 0.0, ""nstres"": 0.0052775144577026}",0.0,0.0052775144577026,17.600001096725464,0.0,0.0058452719822525,0.0,,0.0,0.0,0.0,0.0,27.99737548828125,27.99737548828125,Leave_One_experiments/all_year_offline_schedule_search/daily_outputs/SYA/SYA_2009_SYA2009_stress_grid_S0001_daily.csv
SYA,SYA,Shenyang,2009,Leave_One_experiments\wth_generated_qc\SYA\SYA2009.WTH,normal_year;water_stress_year;nitrogen_stress_year,water_stress,SYA2009_stress_grid_S0001,low_input_within_10pct_yield,2009-05-06,126,21,16,"{""sim_day"": 21.0, ""doy"": 126.0, ""topwt"": 17.600001096725464, ""grnwt"": 0.0, ""xlai"": 0.0081360777840018, ""totir"": 0.0, ""tofer"": NaN, ""swfac"": 0.0, ""nstres"": 0.0}",0.0,0.0,17.600001096725464,0.0,0.0081360777840018,0.0,,0.0,0.0,0.0,0.0,27.99737548828125,27.99737548828125,Leave_One_experiments/all_year_offline_schedule_search/daily_outputs/SYA/SYA_2009_SYA2009_stress_grid_S0001_daily.csv
SYA,SYA,Shenyang,2009,Leave_One_experiments\wth_generated_qc\SYA\SYA2009.WTH,normal_year;water_stress_year;nitrogen_stress_year,water_stress,SYA2009_stress_grid_S0001,low_input_within_10pct_yield,2009-05-07,127,22,17,"{""sim_day"": 22.0, ""doy"": 127.0, ""topwt"": 17.600001096725464, ""grnwt"": 0.0, ""xlai"": 0.0105178114026784, ""totir"": 0.0, ""tofer"": NaN, ""swfac"": 0.0, ""nstres"": 0.0}",0.0,0.0,17.600001096725464,0.0,0.0105178114026784,0.0,,0.0,0.0,0.0,0.0,27.99737548828125,27.99737548828125,Leave_One_experiments/all_year_offline_schedule_search/daily_outputs/SYA/SYA_2009_SYA2009_stress_grid_S0001_daily.csv
SYA,SYA,Shenyang,2009,Leave_One_experiments\wth_generated_qc\SYA\SYA2009.WTH,normal_year;water_stress_year;nitrogen_stress_year,water_stress,SYA2009_stress_grid_S0001,low_input_within_10pct_yield,2009-05-08,128,23,18,"{""sim_day"": 23.0, ""doy"": 128.0, ""topwt"": 17.600001096725464, ""grnwt"": 0.0, ""xlai"": 0.0119237629696726, ""totir"": 0.0, ""tofer"": NaN, ""swfac"": 0.0, ""nstres"": 0.0}",0.0,0.0,17.600001096725464,0.0,0.0119237629696726,0.0,,0.0,0.0,0.0,0.0,27.99737548828125,27.99737548828125,Leave_One_experiments/all_year_offline_schedule_search/daily_outputs/SYA/SYA_2009_SYA2009_stress_grid_S0001_daily.csv
SYA,SYA,Shenyang,2009,Leave_One_experiments\wth_generated_qc\SYA\SYA2009.WTH,normal_year;water_stress_year;nitrogen_stress_year,water_stress,SYA2009_stress_grid_S0001,low_input_within_10pct_yield,2009-05-09,129,24,19,"{""sim_day"": 24.0, ""doy"": 129.0, ""topwt"": 17.600001096725464, ""grnwt"": 0.0, ""xlai"": 0.0129874506965279, ""totir"": 0.0, ""tofer"": NaN, ""swfac"": 0.0, ""nstres"": 0.0}",0.0,0.0,17.600001096725464,0.0,0.0129874506965279,0.0,,0.0,0.0,0.0,0.0,27.99737548828125,27.99737548828125,Leave_One_experiments/all_year_offline_schedule_search/daily_outputs/SYA/SYA_2009_SYA2009_stress_grid_S0001_daily.csv
SYA,SYA,Shenyang,2009,Leave_One_experiments\wth_generated_qc\SYA\SYA2009.WTH,normal_year;water_stress_year;nitrogen_stress_year,water_stress,SYA2009_stress_grid_S0001,low_input_within_10pct_yield,2009-05-10,130,25,20,"{""sim_day"": 25.0, ""doy"": 130.0, ""topwt"": 17.600001096725464, ""grnwt"": 0.0, ""xlai"": 0.0168522279709577, ""totir"": 0.0, ""tofer"": NaN, ""swfac"": 0.0, ""nstres"": 0.0}",0.0,0.0,17.600001096725464,0.0,0.0168522279709577,0.0,,0.0,0.0,0.0,0.0,27.99737548828125,27.99737548828125,Leave_One_experiments/all_year_offline_schedule_search/daily_outputs/SYA/SYA_2009_SYA2009_stress_grid_S0001_daily.csv
SYA,SYA,Shenyang,2009,Leave_One_experiments\wth_generated_qc\SYA\SYA2009.WTH,normal_year;water_stress_year;nitrogen_stress_year,water_stress,SYA2009_stress_grid_S0001,low_input_within_10pct_yield,2009-05-11,131,26,21,"{""sim_day"": 26.0, ""doy"": 131.0, ""topwt"": 17.600001096725464, ""grnwt"": 0.0, ""xlai"": 0.0228550601750612, ""totir"": 0.0, ""tofer"": NaN, ""swfac"": 0.0, ""nstres"": 0.0}",0.0,0.0,17.600001096725464,0.0,0.0228550601750612,0.0,,0.0,0.0,0.0,0.0,27.99737548828125,27.99737548828125,Leave_One_experiments/all_year_offline_schedule_search/daily_outputs/SYA/SYA_2009_SYA2009_stress_grid_S0001_daily.csv
SYA,SYA,Shenyang,2009,Leave_One_experiments\wth_generated_qc\SYA\SYA2009.WTH,normal_year;water_stress_year;nitrogen_stress_year,water_stress,SYA2009_stress_grid_S0001,low_input_within_10pct_yield,2009-05-12,132,27,22,"{""sim_day"": 27.0, ""doy"": 132.0, ""topwt"": 17.600001096725464, ""grnwt"": 0.0, ""xlai"": 0.029379604384303, ""totir"": 0.0, ""tofer"": NaN, ""swfac"": 0.0, ""nstres"": 0.0}",0.0,0.0,17.600001096725464,0.0,0.029379604384303,0.0,,0.0,0.0,0.0,0.0,27.99737548828125,27.99737548828125,Leave_One_experiments/all_year_offline_schedule_search/daily_outputs/SYA/SYA_2009_SYA2009_stress_grid_S0001_daily.csv
SYA,SYA,Shenyang,2009,Leave_One_experiments\wth_generated_qc\SYA\SYA2009.WTH,normal_year;water_stress_year;nitrogen_stress_year,water_stress,SYA2009_stress_grid_S0001,low_input_within_10pct_yield,2009-05-13,133,28,23,"{""sim_day"": 28.0, ""doy"": 133.0, ""topwt"": 20.747439861297607, ""grnwt"": 0.0, ""xlai"": 0.0384640358388423, ""totir"": 0.0, ""tofer"": NaN, ""swfac"": 0.0, ""nstres"": 0.0}",0.0,0.0,20.747439861297607,0.0,0.0384640358388423,0.0,,0.0,0.0,0.0,0.0,27.99737548828125,27.99737548828125,Leave_One_experiments/all_year_offline_schedule_search/daily_outputs/SYA/SYA_2009_SYA2009_stress_grid_S0001_daily.csv
SYA,SYA,Shenyang,2009,Leave_One_experiments\wth_generated_qc\SYA\SYA2009.WTH,normal_year;water_stress_year;nitrogen_stress_year,water_stress,SYA2009_stress_grid_S0001,low_input_within_10pct_yield,2009-05-14,134,29,24,"{""sim_day"": 29.0, ""doy"": 134.0, ""topwt"": 24.08001184463501, ""grnwt"": 0.0, ""xlai"": 0.0467869862914085, ""totir"": 0.0, ""tofer"": NaN, ""swfac"": 0.0, ""nstres"": 0.0}",0.0,0.0,24.08001184463501,0.0,0.0467869862914085,0.0,,0.0,0.0,0.0,0.0,27.99737548828125,27.99737548828125,Leave_One_experiments/all_year_offline_schedule_search/daily_outputs/SYA/SYA_2009_SYA2009_stress_grid_S0001_daily.csv
SYA,SYA,Shenyang,2009,Leave_One_experiments\wth_generated_qc\SYA\SYA2009.WTH,normal_year;water_stress_year;nitrogen_stress_year,water_stress,SYA2009_stress_grid_S0001,low_input_within_10pct_yield,2009-05-15,135,30,25,"{""sim_day"": 30.0, ""doy"": 135.0, ""topwt"": 26.830620765686035, ""grnwt"": 0.0, ""xlai"": 0.0533737652003765, ""totir"": 0.0, ""tofer"": NaN, ""swfac"": 0.0, ""nstres"": 0.0}",0.0,0.0,26.830620765686035,0.0,0.0533737652003765,0.0,,0.0,0.0,0.0,0.0,27.99737548828125,27.99737548828125,Leave_One_experiments/all_year_offline_schedule_search/daily_outputs/SYA/SYA_2009_SYA2009_stress_grid_S0001_daily.csv
SYA,SYA,Shenyang,2009,Leave_One_experiments\wth_generated_qc\SYA\SYA2009.WTH,normal_year;water_stress_year;nitrogen_stress_year,water_stress,SYA2009_stress_grid_S0001,low_input_within_10pct_yield,2009-05-16,136,31,26,"{""sim_day"": 31.0, ""doy"": 136.0, ""topwt"": 30.95163345336914, ""grnwt"": 0.0, ""xlai"": 0.062868058681488, ""totir"": 0.0, ""tofer"": NaN, ""swfac"": 0.0, ""nstres"": 0.0}",0.0,0.0,30.95163345336914,0.0,0.062868058681488,0.0,,0.0,0.0,0.0,0.0,27.99737548828125,27.99737548828125,Leave_One_experiments/all_year_offline_schedule_search/daily_outputs/SYA/SYA_2009_SYA2009_stress_grid_S0001_daily.csv
SYA,SYA,Shenyang,2009,Leave_One_experiments\wth_generated_qc\SYA\SYA2009.WTH,normal_year;water_stress_year;nitrogen_stress_year,water_stress,SYA2009_stress_grid_S0001,low_input_within_10pct_yield,2009-05-17,137,32,27,"{""sim_day"": 32.0, ""doy"": 137.0, ""topwt"": 37.05496072769165, ""grnwt"": 0.0, ""xlai"": 0.0762852877378463, ""totir"": 0.0, ""tofer"": NaN, ""swfac"": 0.0, ""nstres"": 0.0}",0.0,0.0,37.05496072769165,0.0,0.0762852877378463,0.0,,0.0,0.0,0.0,0.0,27.99737548828125,27.99737548828125,Leave_One_experiments/all_year_offline_schedule_search/daily_outputs/SYA/SYA_2009_SYA2009_stress_grid_S0001_daily.csv
SYA,SYA,Shenyang,2009,Leave_One_experiments\wth_generated_qc\SYA\SYA2009.WTH,normal_year;water_stress_year;nitrogen_stress_year,water_stress,SYA2009_stress_grid_S0001,low_input_within_10pct_yield,2009-05-18,138,33,28,"{""sim_day"": 33.0, ""doy"": 138.0, ""topwt"": 44.408955574035645, ""grnwt"": 0.0, ""xlai"": 0.0916721075773239, ""totir"": 0.0, ""tofer"": NaN, ""swfac"": 0.0, ""nstres"": 0.0}",0.0,0.0,44.408955574035645,0.0,0.0916721075773239,0.0,,0.0,0.0,0.0,0.0,27.99737548828125,27.99737548828125,Leave_One_experiments/all_year_offline_schedule_search/daily_outputs/SYA/SYA_2009_SYA2009_stress_grid_S0001_daily.csv
SYA,SYA,Shenyang,2009,Leave_One_experiments\wth_generated_qc\SYA\SYA2009.WTH,normal_year;water_stress_year;nitrogen_stress_year,water_stress,SYA2009_stress_grid_S0001,low_input_within_10pct_yield,2009-05-19,139,34,29,"{""sim_day"": 34.0, ""doy"": 139.0, ""topwt"": 53.59796524047852, ""grnwt"": 0.0, ""xlai"": 0.109994038939476, ""totir"": 0.0, ""tofer"": NaN, ""swfac"": 0.0, ""nstres"": 0.0}",0.0,0.0,53.59796524047852,0.0,0.109994038939476,0.0,,0.0,0.0,0.0,0.0,27.99737548828125,27.99737548828125,Leave_One_experiments/all_year_offline_schedule_search/daily_outputs/SYA/SYA_2009_SYA2009_stress_grid_S0001_daily.csv
SYA,SYA,Shenyang,2009,Leave_One_experiments\wth_generated_qc\SYA\SYA2009.WTH,normal_year;water_stress_year;nitrogen_stress_year,water_stress,SYA2009_stress_grid_S0001,low_input_within_10pct_yield,2009-05-20,140,35,30,"{""sim_day"": 35.0, ""doy"": 140.0, ""topwt"": 62.295289039611816, ""grnwt"": 0.0, ""xlai"": 0.126615285873413, ""totir"": 0.0, ""tofer"": NaN, ""swfac"": 0.0, ""nstres"": 0.0021744966506958}",0.0,0.0021744966506958,62.295289039611816,0.0,0.126615285873413,0.0,,0.0,0.0,0.0,0.0,27.99737548828125,27.99737548828125,Leave_One_experiments/all_year_offline_schedule_search/daily_outputs/SYA/SYA_2009_SYA2009_stress_grid_S0001_daily.csv
SYA,SYA,Shenyang,2009,Leave_One_experiments\wth_generated_qc\SYA\SYA2009.WTH,normal_year;water_stress_year;nitrogen_stress_year,water_stress,SYA2009_stress_grid_S0001,low_input_within_10pct_yield,2009-05-21,141,36,31,"{""sim_day"": 36.0, ""doy"": 141.0, ""topwt"": 67.69791603088379, ""grnwt"": 0.0, ""xlai"": 0.1366492956876754, ""totir"": 0.0, ""tofer"": NaN, ""swfac"": 0.0, ""nstres"": 0.0090452432632446}",0.0,0.0090452432632446,67.69791603088379,0.0,0.1366492956876754,0.0,,0.0,0.0,0.0,0.0,27.99737548828125,27.99737548828125,Leave_One_experiments/all_year_offline_schedule_search/daily_outputs/SYA/SYA_2009_SYA2009_stress_grid_S0001_daily.csv
SYA,SYA,Shenyang,2009,Leave_One_experiments\wth_generated_qc\SYA\SYA2009.WTH,normal_year;water_stress_year;nitrogen_stress_year,water_stress,SYA2009_stress_grid_S0001,low_input_within_10pct_yield,2009-05-22,142,37,32,"{""sim_day"": 37.0, ""doy"": 142.0, ""topwt"": 71.9777250289917, ""grnwt"": 0.0, ""xlai"": 0.1543054580688476, ""totir"": 0.0, ""tofer"": NaN, ""swfac"": 0.0, ""nstres"": 0.0}",0.0,0.0,71.9777250289917,0.0,0.1543054580688476,0.0,,0.0,0.0,0.0,0.0,27.99737548828125,27.99737548828125,Leave_One_experiments/all_year_offline_schedule_search/daily_outputs/SYA/SYA_2009_SYA2009_stress_grid_S0001_daily.csv
SYA,SYA,Shenyang,2009,Leave_One_experiments\wth_generated_qc\SYA\SYA2009.WTH,normal_year;water_stress_year;nitrogen_stress_year,water_stress,SYA2009_stress_grid_S0001,low_input_within_10pct_yield,2009-05-23,143,38,33,"{""sim_day"": 38.0, ""doy"": 143.0, ""topwt"": 85.44795036315918, ""grnwt"": 0.0, ""xlai"": 0.1798513531684875, ""totir"": 0.0, ""tofer"": NaN, ""swfac"": 0.0, ""nstres"": 0.0165398716926574}",0.0,0.0165398716926574,85.44795036315918,0.0,0.1798513531684875,0.0,,0.0,0.0,0.0,0.0,27.99737548828125,27.99737548828125,Leave_One_experiments/all_year_offline_schedule_search/daily_outputs/SYA/SYA_2009_SYA2009_stress_grid_S0001_daily.csv
SYA,SYA,Shenyang,2009,Leave_One_experiments\wth_generated_qc\SYA\SYA2009.WTH,normal_year;water_stress_year;nitrogen_stress_year,water_stress,SYA2009_stress_grid_S0001,low_input_within_10pct_yield,2009-05-24,144,39,34,"{""sim_day"": 39.0, ""doy"": 144.0, ""topwt"": 101.18842124938963, ""grnwt"": 0.0, ""xlai"": 0.2085268199443817, ""totir"": 0.0, ""tofer"": NaN, ""swfac"": 0.0, ""nstres"": 0.0196787118911743}",0.0,0.0196787118911743,101.18842124938963,0.0,0.2085268199443817,0.0,,0.0,0.0,0.0,0.0,27.99737548828125,27.99737548828125,Leave_One_experiments/all_year_offline_schedule_search/daily_outputs/SYA/SYA_2009_SYA2009_stress_grid_S0001_daily.csv
SYA,SYA,Shenyang,2009,Leave_One_experiments\wth_generated_qc\SYA\SYA2009.WTH,normal_year;water_stress_year;nitrogen_stress_year,water_stress,SYA2009_stress_grid_S0001,low_input_within_10pct_yield,2009-05-25,145,40,35,"{""sim_day"": 40.0, ""doy"": 145.0, ""topwt"": 116.58204078674316, ""grnwt"": 0.0, ""xlai"": 0.2351351529359817, ""totir"": 0.0, ""tofer"": NaN, ""swfac"": 0.0, ""nstres"": 0.0536161065101623}",0.0,0.0536161065101623,116.58204078674316,0.0,0.2351351529359817,0.0,,0.0,0.0,0.0,0.0,27.99737548828125,27.99737548828125,Leave_One_experiments/all_year_offline_schedule_search/daily_outputs/SYA/SYA_2009_SYA2009_stress_grid_S0001_daily.csv
SYA,SYA,Shenyang,2009,Leave_One_experiments\wth_generated_qc\SYA\SYA2009.WTH,normal_year;water_stress_year;nitrogen_stress_year,water_stress,SYA2009_stress_grid_S0001,low_input_within_10pct_yield,2009-05-26,146,41,36,"{""sim_day"": 41.0, ""doy"": 146.0, ""topwt"": 132.31246948242188, ""grnwt"": 0.0, ""xlai"": 0.2598929107189178, ""totir"": 0.0, ""tofer"": NaN, ""swfac"": 0.0, ""nstres"": 0.0989211797714233}",0.0,0.0989211797714233,132.31246948242188,0.0,0.2598929107189178,0.0,,0.0,0.0,0.0,0.0,27.99737548828125,27.99737548828125,Leave_One_experiments/all_year_offline_schedule_search/daily_outputs/SYA/SYA_2009_SYA2009_stress_grid_S0001_daily.csv
SYA,SYA,Shenyang,2009,Leave_One_experiments\wth_generated_qc\SYA\SYA2009.WTH,normal_year;water_stress_year;nitrogen_stress_year,water_stress,SYA2009_stress_grid_S0001,low_input_within_10pct_yield,2009-05-27,147,42,37,"{""sim_day"": 42.0, ""doy"": 147.0, ""topwt"": 148.07083129882812, ""grnwt"": 0.0, ""xlai"": 0.2829633355140686, ""totir"": 0.0, ""tofer"": NaN, ""swfac"": 0.0, ""nstres"": 0.1196705102920532}",0.0,0.1196705102920532,148.07083129882812,0.0,0.2829633355140686,0.0,,0.0,0.0,0.0,0.0,27.99737548828125,27.99737548828125,Leave_One_experiments/all_year_offline_schedule_search/daily_outputs/SYA/SYA_2009_SYA2009_stress_grid_S0001_daily.csv
SYA,SYA,Shenyang,2009,Leave_One_experiments\wth_generated_qc\SYA\SYA2009.WTH,normal_year;water_stress_year;nitrogen_stress_year,water_stress,SYA2009_stress_grid_S0001,low_input_within_10pct_yield,2009-05-28,148,43,38,"{""sim_day"": 43.0, ""doy"": 148.0, ""topwt"": 161.39226913452148, ""grnwt"": 0.0, ""xlai"": 0.3010501265525818, ""totir"": 0.0, ""tofer"": NaN, ""swfac"": 0.0, ""nstres"": 0.1196509599685669}",0.0,0.1196509599685669,161.39226913452148,0.0,0.3010501265525818,0.0,,0.0,0.0,0.0,0.0,27.99737548828125,27.99737548828125,Leave_One_experiments/all_year_offline_schedule_search/daily_outputs/SYA/SYA_2009_SYA2009_stress_grid_S0001_daily.csv
SYA,SYA,Shenyang,2009,Leave_One_experiments\wth_generated_qc\SYA\SYA2009.WTH,normal_year;water_stress_year;nitrogen_stress_year,water_stress,SYA2009_stress_grid_S0001,low_input_within_10pct_yield,2009-05-29,149,44,39,"{""sim_day"": 44.0, ""doy"": 149.0, ""topwt"": 173.93531799316406, ""grnwt"": 0.0, ""xlai"": 0.3171864748001098, ""totir"": 0.0, ""tofer"": NaN, ""swfac"": 0.0, ""nstres"": 0.1202638149261474}",0.0,0.1202638149261474,173.93531799316406,0.0,0.3171864748001098,0.0,,0.0,0.0,0.0,0.0,27.99737548828125,27.99737548828125,Leave_One_experiments/all_year_offline_schedule_search/daily_outputs/SYA/SYA_2009_SYA2009_stress_grid_S0001_daily.csv
SYA,SYA,Shenyang,2009,Leave_One_experiments\wth_generated_qc\SYA\SYA2009.WTH,normal_year;water_stress_year;nitrogen_stress_year,water_stress,SYA2009_stress_grid_S0001,low_input_within_10pct_yield,2009-05-30,150,45,40,"{""sim_day"": 45.0, ""doy"": 150.0, ""topwt"": 189.23320770263672, ""grnwt"": 0.0, ""xlai"": 0.336963027715683, ""totir"": 0.0, ""tofer"": NaN, ""swfac"": 0.0, ""nstres"": 0.1258952617645263}",0.0,0.1258952617645263,189.23320770263672,0.0,0.336963027715683,0.0,,0.0,0.0,0.0,0.0,27.99737548828125,27.99737548828125,Leave_One_experiments/all_year_offline_schedule_search/daily_outputs/SYA/SYA_2009_SYA2009_stress_grid_S0001_daily.csv
SYA,SYA,Shenyang,2009,Leave_One_experiments\wth_generated_qc\SYA\SYA2009.WTH,normal_year;water_stress_year;nitrogen_stress_year,water_stress,SYA2009_stress_grid_S0001,low_input_within_10pct_yield,2009-05-31,151,46,41,"{""sim_day"": 46.0, ""doy"": 151.0, ""topwt"": 208.9439392089844, ""grnwt"": 0.0, ""xlai"": 0.3632967174053192, ""totir"": 0.0, ""tofer"": NaN, ""swfac"": 0.0, ""nstres"": 0.1186718940734863}",0.0,0.1186718940734863,208.9439392089844,0.0,0.3632967174053192,0.0,,0.0,0.0,0.0,0.0,27.99737548828125,27.99737548828125,Leave_One_experiments/all_year_offline_schedule_search/daily_outputs/SYA/SYA_2009_SYA2009_stress_grid_S0001_daily.csv
SYA,SYA,Shenyang,2009,Leave_One_experiments\wth_generated_qc\SYA\SYA2009.WTH,normal_year;water_stress_year;nitrogen_stress_year,water_stress,SYA2009_stress_grid_S0001,low_input_within_10pct_yield,2009-06-01,152,47,42,"{""sim_day"": 47.0, ""doy"": 152.0, ""topwt"": 229.34661865234372, ""grnwt"": 0.0, ""xlai"": 0.3859837651252746, ""totir"": 0.0, ""tofer"": NaN, ""swfac"": 0.0, ""nstres"": 0.1081352829933166}",0.0,0.1081352829933166,229.34661865234372,0.0,0.3859837651252746,0.0,,0.0,0.0,0.0,0.0,27.99737548828125,27.99737548828125,Leave_One_experiments/all_year_offline_schedule_search/daily_outputs/SYA/SYA_2009_SYA2009_stress_grid_S0001_daily.csv
SYA,SYA,Shenyang,2009,Leave_One_experiments\wth_generated_qc\SYA\SYA2009.WTH,normal_year;water_stress_year;nitrogen_stress_year,water_stress,SYA2009_stress_grid_S0001,low_input_within_10pct_yield,2009-06-02,153,48,43,"{""sim_day"": 48.0, ""doy"": 153.0, ""topwt"": 253.35943222045896, ""grnwt"": 0.0, ""xlai"": 0.4166736304759979, ""totir"": 0.0, ""tofer"": NaN, ""swfac"": 0.0, ""nstres"": 0.111031174659729}",0.0,0.111031174659729,253.35943222045896,0.0,0.4166736304759979,0.0,,0.0,0.0,0.0,0.0,27.99737548828125,27.99737548828125,Leave_One_experiments/all_year_offline_schedule_search/daily_outputs/SYA/SYA_2009_SYA2009_stress_grid_S0001_daily.csv
SYA,SYA,Shenyang,2009,Leave_One_experiments\wth_generated_qc\SYA\SYA2009.WTH,normal_year;water_stress_year;nitrogen_stress_year,water_stress,SYA2009_stress_grid_S0001,low_input_within_10pct_yield,2009-06-03,154,49,44,"{""sim_day"": 49.0, ""doy"": 154.0, ""topwt"": 276.8324089050293, ""grnwt"": 0.0, ""xlai"": 0.4441982209682464, ""totir"": 0.0, ""tofer"": NaN, ""swfac"": 0.0, ""nstres"": 0.1286224722862243}",0.0,0.1286224722862243,276.8324089050293,0.0,0.4441982209682464,0.0,,0.0,0.0,0.0,0.0,27.99737548828125,27.99737548828125,Leave_One_experiments/all_year_offline_schedule_search/daily_outputs/SYA/SYA_2009_SYA2009_stress_grid_S0001_daily.csv
SYA,SYA,Shenyang,2009,Leave_One_experiments\wth_generated_qc\SYA\SYA2009.WTH,normal_year;water_stress_year;nitrogen_stress_year,water_stress,SYA2009_stress_grid_S0001,low_input_within_10pct_yield,2009-06-04,155,50,45,"{""sim_day"": 50.0, ""doy"": 155.0, ""topwt"": 301.1493110656738, ""grnwt"": 0.0, ""xlai"": 0.4704273343086242, ""totir"": 0.0, ""tofer"": NaN, ""swfac"": 0.0, ""nstres"": 0.1468330025672912}",0.0,0.1468330025672912,301.1493110656738,0.0,0.4704273343086242,0.0,,0.0,0.0,0.0,0.0,27.99737548828125,27.99737548828125,Leave_One_experiments/all_year_offline_schedule_search/daily_outputs/SYA/SYA_2009_SYA2009_stress_grid_S0001_daily.csv
SYA,SYA,Shenyang,2009,Leave_One_experiments\wth_generated_qc\SYA\SYA2009.WTH,normal_year;water_stress_year;nitrogen_stress_year,water_stress,SYA2009_stress_grid_S0001,low_input_within_10pct_yield,2009-06-05,156,51,46,"{""sim_day"": 51.0, ""doy"": 156.0, ""topwt"": 323.73226165771484, ""grnwt"": 0.0, ""xlai"": 0.4919179677963257, ""totir"": 0.0, ""tofer"": NaN, ""swfac"": 0.0, ""nstres"": 0.1614519357681274}",0.0,0.1614519357681274,323.73226165771484,0.0,0.4919179677963257,0.0,,0.0,0.0,0.0,0.0,27.99737548828125,27.99737548828125,Leave_One_experiments/all_year_offline_schedule_search/daily_outputs/SYA/SYA_2009_SYA2009_stress_grid_S0001_daily.csv
SYA,SYA,Shenyang,2009,Leave_One_experiments\wth_generated_qc\SYA\SYA2009.WTH,normal_year;water_stress_year;nitrogen_stress_year,water_stress,SYA2009_stress_grid_S0001,low_input_within_10pct_yield,2009-06-06,157,52,47,"{""sim_day"": 52.0, ""doy"": 157.0, ""topwt"": 345.18550872802734, ""grnwt"": 0.0, ""xlai"": 0.510062038898468, ""totir"": 0.0, ""tofer"": NaN, ""swfac"": 0.0, ""nstres"": 0.1702711582183838}",0.0,0.1702711582183838,345.18550872802734,0.0,0.510062038898468,0.0,,0.0,0.0,0.0,0.0,27.99737548828125,27.99737548828125,Leave_One_experiments/all_year_offline_schedule_search/daily_outputs/SYA/SYA_2009_SYA2009_stress_grid_S0001_daily.csv
SYA,SYA,Shenyang,2009,Leave_One_experiments\wth_generated_qc\SYA\SYA2009.WTH,normal_year;water_stress_year;nitrogen_stress_year,water_stress,SYA2009_stress_grid_S0001,low_input_within_10pct_yield,2009-06-07,158,53,48,"{""sim_day"": 53.0, ""doy"": 158.0, ""topwt"": 368.9160919189453, ""grnwt"": 0.0, ""xlai"": 0.5303770899772644, ""totir"": 0.0, ""tofer"": NaN, ""swfac"": 0.0, ""nstres"": 0.1642799973487854}",0.0,0.1642799973487854,368.9160919189453,0.0,0.5303770899772644,0.0,,0.0,0.0,0.0,0.0,27.99737548828125,27.99737548828125,Leave_One_experiments/all_year_offline_schedule_search/daily_outputs/SYA/SYA_2009_SYA2009_stress_grid_S0001_daily.csv
SYA,SYA,Shenyang,2009,Leave_One_experiments\wth_generated_qc\SYA\SYA2009.WTH,normal_year;water_stress_year;nitrogen_stress_year,water_stress,SYA2009_stress_grid_S0001,low_input_within_10pct_yield,2009-06-08,159,54,49,"{""sim_day"": 54.0, ""doy"": 159.0, ""topwt"": 391.9729614257813, ""grnwt"": 0.0, ""xlai"": 0.5489156246185303, ""totir"": 0.0, ""tofer"": NaN, ""swfac"": 0.0, ""nstres"": 0.1600978374481201}",0.0,0.1600978374481201,391.9729614257813,0.0,0.5489156246185303,0.0,,0.0,0.0,0.0,0.0,27.99737548828125,27.99737548828125,Leave_One_experiments/all_year_offline_schedule_search/daily_outputs/SYA/SYA_2009_SYA2009_stress_grid_S0001_daily.csv
SYA,SYA,Shenyang,2009,Leave_One_experiments\wth_generated_qc\SYA\SYA2009.WTH,normal_year;water_stress_year;nitrogen_stress_year,water_stress,SYA2009_stress_grid_S0001,low_input_within_10pct_yield,2009-06-09,160,55,50,"{""sim_day"": 55.0, ""doy"": 160.0, ""topwt"": 420.56774139404297, ""grnwt"": 0.0, ""xlai"": 0.5734511017799377, ""totir"": 0.0, ""tofer"": NaN, ""swfac"": 0.0, ""nstres"": 0.1544480323791504}",0.0,0.1544480323791504,420.56774139404297,0.0,0.5734511017799377,0.0,,0.0,0.0,0.0,0.0,27.99737548828125,27.99737548828125,Leave_One_experiments/all_year_offline_schedule_search/daily_outputs/SYA/SYA_2009_SYA2009_stress_grid_S0001_daily.csv
SYA,SYA,Shenyang,2009,Leave_One_experiments\wth_generated_qc\SYA\SYA2009.WTH,normal_year;water_stress_year;nitrogen_stress_year,water_stress,SYA2009_stress_grid_S0001,low_input_within_10pct_yield,2009-06-10,161,56,51,"{""sim_day"": 56.0, ""doy"": 161.0, ""topwt"": 439.3976593017578, ""grnwt"": 0.0, ""xlai"": 0.5845973491668701, ""totir"": 0.0, ""tofer"": NaN, ""swfac"": 0.0, ""nstres"": 0.159737229347229}",0.0,0.159737229347229,439.3976593017578,0.0,0.5845973491668701,0.0,,0.0,0.0,0.0,0.0,27.99737548828125,27.99737548828125,Leave_One_experiments/all_year_offline_schedule_search/daily_outputs/SYA/SYA_2009_SYA2009_stress_grid_S0001_daily.csv
SYA,SYA,Shenyang,2009,Leave_One_experiments\wth_generated_qc\SYA\SYA2009.WTH,normal_year;water_stress_year;nitrogen_stress_year,water_stress,SYA2009_stress_grid_S0001,low_input_within_10pct_yield,2009-06-11,162,57,52,"{""sim_day"": 57.0, ""doy"": 162.0, ""topwt"": 463.2353210449219, ""grnwt"": 0.0, ""xlai"": 0.5998257398605347, ""totir"": 0.0, ""tofer"": NaN, ""swfac"": 0.0, ""nstres"": 0.1726637482643127}",0.0,0.1726637482643127,463.2353210449219,0.0,0.5998257398605347,0.0,,0.0,0.0,0.0,0.0,27.99737548828125,27.99737548828125,Leave_One_experiments/all_year_offline_schedule_search/daily_outputs/SYA/SYA_2009_SYA2009_stress_grid_S0001_daily.csv
SYA,SYA,Shenyang,2009,Leave_One_experiments\wth_generated_qc\SYA\SYA2009.WTH,normal_year;water_stress_year;nitrogen_stress_year,water_stress,SYA2009_stress_grid_S0001,low_input_within_10pct_yield,2009-06-12,163,58,53,"{""sim_day"": 58.0, ""doy"": 163.0, ""topwt"": 494.10327911376953, ""grnwt"": 0.0, ""xlai"": 0.6213898658752441, ""totir"": 0.0, ""tofer"": NaN, ""swfac"": 0.0, ""nstres"": 0.1774347424507141}",0.0,0.1774347424507141,494.10327911376953,0.0,0.6213898658752441,0.0,,0.0,0.0,0.0,0.0,27.99737548828125,27.99737548828125,Leave_One_experiments/all_year_offline_schedule_search/daily_outputs/SYA/SYA_2009_SYA2009_stress_grid_S0001_daily.csv
SYA,SYA,Shenyang,2009,Leave_One_experiments\wth_generated_qc\SYA\SYA2009.WTH,normal_year;water_stress_year;nitrogen_stress_year,water_stress,SYA2009_stress_grid_S0001,low_input_within_10pct_yield,2009-06-13,164,59,54,"{""sim_day"": 59.0, ""doy"": 164.0, ""topwt"": 526.9545745849609, ""grnwt"": 0.0, ""xlai"": 0.6427719593048096, ""totir"": 0.0, ""tofer"": NaN, ""swfac"": 0.0, ""nstres"": 0.184778094291687}",0.0,0.184778094291687,526.9545745849609,0.0,0.6427719593048096,0.0,,0.0,0.0,0.0,0.0,27.99737548828125,27.99737548828125,Leave_One_experiments/all_year_offline_schedule_search/daily_outputs/SYA/SYA_2009_SYA2009_stress_grid_S0001_daily.csv
SYA,SYA,Shenyang,2009,Leave_One_experiments\wth_generated_qc\SYA\SYA2009.WTH,normal_year;water_stress_year;nitrogen_stress_year,water_stress,SYA2009_stress_grid_S0001,low_input_within_10pct_yield,2009-06-14,165,60,55,"{""sim_day"": 60.0, ""doy"": 165.0, ""topwt"": 557.2635650634766, ""grnwt"": 0.0, ""xlai"": 0.6587939262390137, ""totir"": 0.0, ""tofer"": NaN, ""swfac"": 0.0, ""nstres"": 0.1959587335586547}",0.0,0.1959587335586547,557.2635650634766,0.0,0.6587939262390137,0.0,,0.0,0.0,0.0,0.0,27.99737548828125,27.99737548828125,Leave_One_experiments/all_year_offline_schedule_search/daily_outputs/SYA/SYA_2009_SYA2009_stress_grid_S0001_daily.csv
SYA,SYA,Shenyang,2009,Leave_One_experiments\wth_generated_qc\SYA\SYA2009.WTH,normal_year;water_stress_year;nitrogen_stress_year,water_stress,SYA2009_stress_grid_S0001,low_input_within_10pct_yield,2009-06-15,166,61,56,"{""sim_day"": 61.0, ""doy"": 166.0, ""topwt"": 589.6902084350586, ""grnwt"": 0.0, ""xlai"": 0.6745339035987854, ""totir"": 0.0, ""tofer"": NaN, ""swfac"": 0.0, ""nstres"": 0.2169920802116394}",0.0,0.2169920802116394,589.6902084350586,0.0,0.6745339035987854,0.0,,0.0,0.0,0.0,0.0,27.99737548828125,27.99737548828125,Leave_One_experiments/all_year_offline_schedule_search/daily_outputs/SYA/SYA_2009_SYA2009_stress_grid_S0001_daily.csv
SYA,SYA,Shenyang,2009,Leave_One_experiments\wth_generated_qc\SYA\SYA2009.WTH,normal_year;water_stress_year;nitrogen_stress_year,water_stress,SYA2009_stress_grid_S0001,low_input_within_10pct_yield,2009-06-16,167,62,57,"{""sim_day"": 62.0, ""doy"": 167.0, ""topwt"": 623.5108184814453, ""grnwt"": 0.0, ""xlai"": 0.6894034147262573, ""totir"": 0.0, ""tofer"": NaN, ""swfac"": 0.0, ""nstres"": 0.2349713444709777}",0.0,0.2349713444709777,623.5108184814453,0.0,0.6894034147262573,0.0,,0.0,0.0,0.0,0.0,27.99737548828125,27.99737548828125,Leave_One_experiments/all_year_offline_schedule_search/daily_outputs/SYA/SYA_2009_SYA2009_stress_grid_S0001_daily.csv
SYA,SYA,Shenyang,2009,Leave_One_experiments\wth_generated_qc\SYA\SYA2009.WTH,normal_year;water_stress_year;nitrogen_stress_year,water_stress,SYA2009_stress_grid_S0001,low_input_within_10pct_yield,2009-06-17,168,63,58,"{""sim_day"": 63.0, ""doy"": 168.0, ""topwt"": 660.6645202636719, ""grnwt"": 0.0, ""xlai"": 0.7051788568496704, ""totir"": 0.0, ""tofer"": NaN, ""swfac"": 0.0, ""nstres"": 0.2479522824287414}",0.0,0.2479522824287414,660.6645202636719,0.0,0.7051788568496704,0.0,,0.0,0.0,0.0,0.0,27.99737548828125,27.99737548828125,Leave_One_experiments/all_year_offline_schedule_search/daily_outputs/SYA/SYA_2009_SYA2009_stress_grid_S0001_daily.csv
SYA,SYA,Shenyang,2009,Leave_One_experiments\wth_generated_qc\SYA\SYA2009.WTH,normal_year;water_stress_year;nitrogen_stress_year,water_stress,SYA2009_stress_grid_S0001,low_input_within_10pct_yield,2009-06-18,169,64,59,"{""sim_day"": 64.0, ""doy"": 169.0, ""topwt"": 681.4661407470703, ""grnwt"": 0.0, ""xlai"": 0.704159140586853, ""totir"": 0.0, ""tofer"": NaN, ""swfac"": 0.0, ""nstres"": 0.262834370136261}",0.0,0.262834370136261,681.4661407470703,0.0,0.704159140586853,0.0,,0.0,0.0,0.0,0.0,27.99737548828125,27.99737548828125,Leave_One_experiments/all_year_offline_schedule_search/daily_outputs/SYA/SYA_2009_SYA2009_stress_grid_S0001_daily.csv
SYA,SYA,Shenyang,2009,Leave_One_experiments\wth_generated_qc\SYA\SYA2009.WTH,normal_year;water_stress_year;nitrogen_stress_year,water_stress,SYA2009_stress_grid_S0001,low_input_within_10pct_yield,2009-06-19,170,65,60,"{""sim_day"": 65.0, ""doy"": 170.0, ""topwt"": 722.1482086181641, ""grnwt"": 0.0, ""xlai"": 0.7188621163368225, ""totir"": 0.0, ""tofer"": NaN, ""swfac"": 0.0, ""nstres"": 0.2753607034683227}",0.0,0.2753607034683227,722.1482086181641,0.0,0.7188621163368225,0.0,,0.0,0.0,0.0,0.0,27.99737548828125,27.99737548828125,Leave_One_experiments/all_year_offline_schedule_search/daily_outputs/SYA/SYA_2009_SYA2009_stress_grid_S0001_daily.csv
SYA,SYA,Shenyang,2009,Leave_One_experiments\wth_generated_qc\SYA\SYA2009.WTH,normal_year;water_stress_year;nitrogen_stress_year,water_stress,SYA2009_stress_grid_S0001,low_input_within_10pct_yield,2009-06-20,171,66,61,"{""sim_day"": 66.0, ""doy"": 171.0, ""topwt"": 762.3819732666016, ""grnwt"": 0.0, ""xlai"": 0.7314023971557617, ""totir"": 0.0, ""tofer"": NaN, ""swfac"": 0.0, ""nstres"": 0.2704112529754638}",0.0,0.2704112529754638,762.3819732666016,0.0,0.7314023971557617,0.0,,0.0,0.0,0.0,0.0,27.99737548828125,27.99737548828125,Leave_One_experiments/all_year_offline_schedule_search/daily_outputs/SYA/SYA_2009_SYA2009_stress_grid_S0001_daily.csv
SYA,SYA,Shenyang,2009,Leave_One_experiments\wth_generated_qc\SYA\SYA2009.WTH,normal_year;water_stress_year;nitrogen_stress_year,water_stress,SYA2009_stress_grid_S0001,low_input_within_10pct_yield,2009-06-21,172,67,62,"{""sim_day"": 67.0, ""doy"": 172.0, ""topwt"": 798.431396484375, ""grnwt"": 0.0, ""xlai"": 0.7383007407188416, ""totir"": 0.0, ""tofer"": NaN, ""swfac"": 0.0, ""nstres"": 0.2926903367042541}",0.0,0.2926903367042541,798.431396484375,0.0,0.7383007407188416,0.0,,0.0,0.0,0.0,0.0,27.99737548828125,27.99737548828125,Leave_One_experiments/all_year_offline_schedule_search/daily_outputs/SYA/SYA_2009_SYA2009_stress_grid_S0001_daily.csv
SYA,SYA,Shenyang,2009,Leave_One_experiments\wth_generated_qc\SYA\SYA2009.WTH,normal_year;water_stress_year;nitrogen_stress_year,water_stress,SYA2009_stress_grid_S0001,low_input_within_10pct_yield,2009-06-22,173,68,63,"{""sim_day"": 68.0, ""doy"": 173.0, ""topwt"": 840.5287170410156, ""grnwt"": 0.0, ""xlai"": 0.7476834058761597, ""totir"": 0.0, ""tofer"": NaN, ""swfac"": 0.0, ""nstres"": 0.3092714548110962}",0.0,0.3092714548110962,840.5287170410156,0.0,0.7476834058761597,0.0,,0.0,0.0,0.0,0.0,27.99737548828125,27.99737548828125,Leave_One_experiments/all_year_offline_schedule_search/daily_outputs/SYA/SYA_2009_SYA2009_stress_grid_S0001_daily.csv
SYA,SYA,Shenyang,2009,Leave_One_experiments\wth_generated_qc\SYA\SYA2009.WTH,normal_year;water_stress_year;nitrogen_stress_year,water_stress,SYA2009_stress_grid_S0001,low_input_within_10pct_yield,2009-06-23,174,69,64,"{""sim_day"": 69.0, ""doy"": 174.0, ""topwt"": 889.1838836669922, ""grnwt"": 0.0, ""xlai"": 0.7596029043197632, ""totir"": 0.0, ""tofer"": NaN, ""swfac"": 0.0, ""nstres"": 0.3159914016723633}",0.0,0.3159914016723633,889.1838836669922,0.0,0.7596029043197632,0.0,,0.0,0.0,0.0,0.0,27.99737548828125,27.99737548828125,Leave_One_experiments/all_year_offline_schedule_search/daily_outputs/SYA/SYA_2009_SYA2009_stress_grid_S0001_daily.csv
SYA,SYA,Shenyang,2009,Leave_One_experiments\wth_generated_qc\SYA\SYA2009.WTH,normal_year;water_stress_year;nitrogen_stress_year,water_stress,SYA2009_stress_grid_S0001,low_input_within_10pct_yield,2009-06-24,175,70,65,"{""sim_day"": 70.0, ""doy"": 175.0, ""topwt"": 938.932647705078, ""grnwt"": 0.0, ""xlai"": 0.7699230909347534, ""totir"": 0.0, ""tofer"": NaN, ""swfac"": 0.0, ""nstres"": 0.323119044303894}",0.0,0.323119044303894,938.932647705078,0.0,0.7699230909347534,0.0,,0.0,0.0,0.0,0.0,27.99737548828125,27.99737548828125,Leave_One_experiments/all_year_offline_schedule_search/daily_outputs/SYA/SYA_2009_SYA2009_stress_grid_S0001_daily.csv
SYA,SYA,Shenyang,2009,Leave_One_experiments\wth_generated_qc\SYA\SYA2009.WTH,normal_year;water_stress_year;nitrogen_stress_year,water_stress,SYA2009_stress_grid_S0001,low_input_within_10pct_yield,2009-06-25,176,71,66,"{""sim_day"": 71.0, ""doy"": 176.0, ""topwt"": 988.9484405517578, ""grnwt"": 0.0, ""xlai"": 0.778120756149292, ""totir"": 0.0, ""tofer"": NaN, ""swfac"": 0.0, ""nstres"": 0.3330297470092773}",0.0,0.3330297470092773,988.9484405517578,0.0,0.778120756149292,0.0,,0.0,0.0,0.0,0.0,27.99737548828125,27.99737548828125,Leave_One_experiments/all_year_offline_schedule_search/daily_outputs/SYA/SYA_2009_SYA2009_stress_grid_S0001_daily.csv
SYA,SYA,Shenyang,2009,Leave_One_experiments\wth_generated_qc\SYA\SYA2009.WTH,normal_year;water_stress_year;nitrogen_stress_year,water_stress,SYA2009_stress_grid_S0001,low_input_within_10pct_yield,2009-06-26,177,72,67,"{""sim_day"": 72.0, ""doy"": 177.0, ""topwt"": 1051.5690612792969, ""grnwt"": 0.0, ""xlai"": 0.7915773987770081, ""totir"": 0.0, ""tofer"": NaN, ""swfac"": 0.0, ""nstres"": 0.3388840556144714}",0.0,0.3388840556144714,1051.5690612792969,0.0,0.7915773987770081,0.0,,0.0,0.0,0.0,0.0,27.99737548828125,27.99737548828125,Leave_One_experiments/all_year_offline_schedule_search/daily_outputs/SYA/SYA_2009_SYA2009_stress_grid_S0001_daily.csv
SYA,SYA,Shenyang,2009,Leave_One_experiments\wth_generated_qc\SYA\SYA2009.WTH,normal_year;water_stress_year;nitrogen_stress_year,water_stress,SYA2009_stress_grid_S0001,low_input_within_10pct_yield,2009-06-27,178,73,68,"{""sim_day"": 73.0, ""doy"": 178.0, ""topwt"": 1102.8993225097656, ""grnwt"": 0.0, ""xlai"": 0.7961483001708984, ""totir"": 0.0, ""tofer"": NaN, ""swfac"": 0.0, ""nstres"": 0.3460820913314819}",0.0,0.3460820913314819,1102.8993225097656,0.0,0.7961483001708984,0.0,,0.0,0.0,0.0,0.0,27.99737548828125,27.99737548828125,Leave_One_experiments/all_year_offline_schedule_search/daily_outputs/SYA/SYA_2009_SYA2009_stress_grid_S0001_daily.csv
SYA,SYA,Shenyang,2009,Leave_One_experiments\wth_generated_qc\SYA\SYA2009.WTH,normal_year;water_stress_year;nitrogen_stress_year,water_stress,SYA2009_stress_grid_S0001,low_input_within_10pct_yield,2009-06-28,179,74,69,"{""sim_day"": 74.0, ""doy"": 179.0, ""topwt"": 1155.8817291259766, ""grnwt"": 0.0, ""xlai"": 0.7996504902839661, ""totir"": 0.0, ""tofer"": NaN, ""swfac"": 0.0, ""nstres"": 0.3591642379760742}",0.0,0.3591642379760742,1155.8817291259766,0.0,0.7996504902839661,0.0,,0.0,0.0,0.0,0.0,27.99737548828125,27.99737548828125,Leave_One_experiments/all_year_offline_schedule_search/daily_outputs/SYA/SYA_2009_SYA2009_stress_grid_S0001_daily.csv
SYA,SYA,Shenyang,2009,Leave_One_experiments\wth_generated_qc\SYA\SYA2009.WTH,normal_year;water_stress_year;nitrogen_stress_year,water_stress,SYA2009_stress_grid_S0001,low_input_within_10pct_yield,2009-06-29,180,75,70,"{""sim_day"": 75.0, ""doy"": 180.0, ""topwt"": 1249.9851989746094, ""grnwt"": 0.0, ""xlai"": 0.8300021290779114, ""totir"": 0.0, ""tofer"": NaN, ""swfac"": 0.0, ""nstres"": 0.3677877187728882}",0.0,0.3677877187728882,1249.9851989746094,0.0,0.8300021290779114,0.0,,0.0,0.0,0.0,0.0,27.99737548828125,27.99737548828125,Leave_One_experiments/all_year_offline_schedule_search/daily_outputs/SYA/SYA_2009_SYA2009_stress_grid_S0001_daily.csv
SYA,SYA,Shenyang,2009,Leave_One_experiments\wth_generated_qc\SYA\SYA2009.WTH,normal_year;water_stress_year;nitrogen_stress_year,water_stress,SYA2009_stress_grid_S0001,low_input_within_10pct_yield,2009-06-30,181,76,71,"{""sim_day"": 76.0, ""doy"": 181.0, ""topwt"": 1318.2208251953125, ""grnwt"": 0.0, ""xlai"": 0.8364213705062866, ""totir"": 0.0, ""tofer"": NaN, ""swfac"": 0.0, ""nstres"": 0.3755444884300232}",0.0,0.3755444884300232,1318.2208251953125,0.0,0.8364213705062866,0.0,,0.0,0.0,0.0,0.0,27.99737548828125,27.99737548828125,Leave_One_experiments/all_year_offline_schedule_search/daily_outputs/SYA/SYA_2009_SYA2009_stress_grid_S0001_daily.csv
SYA,SYA,Shenyang,2009,Leave_One_experiments\wth_generated_qc\SYA\SYA2009.WTH,normal_year;water_stress_year;nitrogen_stress_year,water_stress,SYA2009_stress_grid_S0001,low_input_within_10pct_yield,2009-07-01,182,77,72,"{""sim_day"": 77.0, ""doy"": 182.0, ""topwt"": 1379.0202331542969, ""grnwt"": 0.0, ""xlai"": 0.8342227339744568, ""totir"": 0.0, ""tofer"": NaN, ""swfac"": 0.0, ""nstres"": 0.4060720801353454}",0.0,0.4060720801353454,1379.0202331542969,0.0,0.8342227339744568,0.0,,0.0,0.0,0.0,0.0,27.99737548828125,27.99737548828125,Leave_One_experiments/all_year_offline_schedule_search/daily_outputs/SYA/SYA_2009_SYA2009_stress_grid_S0001_daily.csv
SYA,SYA,Shenyang,2009,Leave_One_experiments\wth_generated_qc\SYA\SYA2009.WTH,normal_year;water_stress_year;nitrogen_stress_year,water_stress,SYA2009_stress_grid_S0001,low_input_within_10pct_yield,2009-07-02,183,78,73,"{""sim_day"": 78.0, ""doy"": 183.0, ""topwt"": 1440.4029846191406, ""grnwt"": 0.0, ""xlai"": 0.8293613791465759, ""totir"": 0.0, ""tofer"": NaN, ""swfac"": 0.0, ""nstres"": 0.4154263734817505}",0.0,0.4154263734817505,1440.4029846191406,0.0,0.8293613791465759,0.0,,0.0,0.0,0.0,0.0,27.99737548828125,27.99737548828125,Leave_One_experiments/all_year_offline_schedule_search/daily_outputs/SYA/SYA_2009_SYA2009_stress_grid_S0001_daily.csv
SYA,SYA,Shenyang,2009,Leave_One_experiments\wth_generated_qc\SYA\SYA2009.WTH,normal_year;water_stress_year;nitrogen_stress_year,water_stress,SYA2009_stress_grid_S0001,low_input_within_10pct_yield,2009-07-03,184,79,74,"{""sim_day"": 79.0, ""doy"": 184.0, ""topwt"": 1503.7889099121094, ""grnwt"": 0.0, ""xlai"": 0.8231534957885742, ""totir"": 0.0, ""tofer"": NaN, ""swfac"": 0.0, ""nstres"": 0.4201063513755798}",0.0,0.4201063513755798,1503.7889099121094,0.0,0.8231534957885742,0.0,,0.0,0.0,0.0,0.0,27.99737548828125,27.99737548828125,Leave_One_experiments/all_year_offline_schedule_search/daily_outputs/SYA/SYA_2009_SYA2009_stress_grid_S0001_daily.csv
SYA,SYA,Shenyang,2009,Leave_One_experiments\wth_generated_qc\SYA\SYA2009.WTH,normal_year;water_stress_year;nitrogen_stress_year,water_stress,SYA2009_stress_grid_S0001,low_input_within_10pct_yield,2009-07-04,185,80,75,"{""sim_day"": 80.0, ""doy"": 185.0, ""topwt"": 1542.84423828125, ""grnwt"": 0.0, ""xlai"": 0.8075894713401794, ""totir"": 0.0, ""tofer"": NaN, ""swfac"": 0.0, ""nstres"": 0.4235339760780334}",0.0,0.4235339760780334,1542.84423828125,0.0,0.8075894713401794,0.0,,0.0,0.0,0.0,0.0,27.99737548828125,27.99737548828125,Leave_One_experiments/all_year_offline_schedule_search/daily_outputs/SYA/SYA_2009_SYA2009_stress_grid_S0001_daily.csv
SYA,SYA,Shenyang,2009,Leave_One_experiments\wth_generated_qc\SYA\SYA2009.WTH,normal_year;water_stress_year;nitrogen_stress_year,water_stress,SYA2009_stress_grid_S0001,low_input_within_10pct_yield,2009-07-05,186,81,76,"{""sim_day"": 81.0, ""doy"": 186.0, ""topwt"": 1580.732879638672, ""grnwt"": 0.0, ""xlai"": 0.7914267778396606, ""totir"": 0.0, ""tofer"": NaN, ""swfac"": 0.0, ""nstres"": 0.4254547357559204}",0.0,0.4254547357559204,1580.732879638672,0.0,0.7914267778396606,0.0,,0.0,0.0,0.0,0.0,27.99737548828125,27.99737548828125,Leave_One_experiments/all_year_offline_schedule_search/daily_outputs/SYA/SYA_2009_SYA2009_stress_grid_S0001_daily.csv
SYA,SYA,Shenyang,2009,Leave_One_experiments\wth_generated_qc\SYA\SYA2009.WTH,normal_year;water_stress_year;nitrogen_stress_year,water_stress,SYA2009_stress_grid_S0001,low_input_within_10pct_yield,2009-07-06,187,82,77,"{""sim_day"": 82.0, ""doy"": 187.0, ""topwt"": 1637.835693359375, ""grnwt"": 0.0, ""xlai"": 0.7811623215675354, ""totir"": 0.0, ""tofer"": NaN, ""swfac"": 0.0, ""nstres"": 0.4165409207344055}",0.0,0.4165409207344055,1637.835693359375,0.0,0.7811623215675354,0.0,,0.0,0.0,0.0,0.0,27.99737548828125,27.99737548828125,Leave_One_experiments/all_year_offline_schedule_search/daily_outputs/SYA/SYA_2009_SYA2009_stress_grid_S0001_daily.csv
SYA,SYA,Shenyang,2009,Leave_One_experiments\wth_generated_qc\SYA\SYA2009.WTH,normal_year;water_stress_year;nitrogen_stress_year,water_stress,SYA2009_stress_grid_S0001,low_input_within_10pct_yield,2009-07-07,188,83,78,"{""sim_day"": 83.0, ""doy"": 188.0, ""topwt"": 1701.8218994140625, ""grnwt"": 0.0, ""xlai"": 0.772616982460022, ""totir"": 0.0, ""tofer"": NaN, ""swfac"": 0.0, ""nstres"": 0.4069303274154663}",0.0,0.4069303274154663,1701.8218994140625,0.0,0.772616982460022,0.0,,0.0,0.0,0.0,0.0,27.99737548828125,27.99737548828125,Leave_One_experiments/all_year_offline_schedule_search/daily_outputs/SYA/SYA_2009_SYA2009_stress_grid_S0001_daily.csv
SYA,SYA,Shenyang,2009,Leave_One_experiments\wth_generated_qc\SYA\SYA2009.WTH,normal_year;water_stress_year;nitrogen_stress_year,water_stress,SYA2009_stress_grid_S0001,low_input_within_10pct_yield,2009-07-08,189,84,79,"{""sim_day"": 84.0, ""doy"": 189.0, ""topwt"": 1764.6539306640625, ""grnwt"": 0.0, ""xlai"": 0.7634088397026062, ""totir"": 0.0, ""tofer"": NaN, ""swfac"": 0.0, ""nstres"": 0.4015678167343139}",0.0,0.4015678167343139,1764.6539306640625,0.0,0.7634088397026062,0.0,,0.0,0.0,0.0,0.0,27.99737548828125,27.99737548828125,Leave_One_experiments/all_year_offline_schedule_search/daily_outputs/SYA/SYA_2009_SYA2009_stress_grid_S0001_daily.csv
SYA,SYA,Shenyang,2009,Leave_One_experiments\wth_generated_qc\SYA\SYA2009.WTH,normal_year;water_stress_year;nitrogen_stress_year,water_stress,SYA2009_stress_grid_S0001,low_input_within_10pct_yield,2009-07-09,190,85,80,"{""sim_day"": 85.0, ""doy"": 190.0, ""topwt"": 1827.3429870605469, ""grnwt"": 0.0, ""xlai"": 0.7538717985153198, ""totir"": 0.0, ""tofer"": NaN, ""swfac"": 0.0, ""nstres"": 0.3985893726348877}",0.0,0.3985893726348877,1827.3429870605469,0.0,0.7538717985153198,0.0,,0.0,0.0,0.0,0.0,27.99737548828125,27.99737548828125,Leave_One_experiments/all_year_offline_schedule_search/daily_outputs/SYA/SYA_2009_SYA2009_stress_grid_S0001_daily.csv
SYA,SYA,Shenyang,2009,Leave_One_experiments\wth_generated_qc\SYA\SYA2009.WTH,normal_year;water_stress_year;nitrogen_stress_year,water_stress,SYA2009_stress_grid_S0001,low_input_within_10pct_yield,2009-07-10,191,86,81,"{""sim_day"": 86.0, ""doy"": 191.0, ""topwt"": 1866.4060974121091, ""grnwt"": 0.0, ""xlai"": 0.7381911277770996, ""totir"": 0.0, ""tofer"": NaN, ""swfac"": 0.0, ""nstres"": 0.399540364742279}",0.0,0.399540364742279,1866.4060974121091,0.0,0.7381911277770996,0.0,,0.0,0.0,0.0,0.0,27.99737548828125,27.99737548828125,Leave_One_experiments/all_year_offline_schedule_search/daily_outputs/SYA/SYA_2009_SYA2009_stress_grid_S0001_daily.csv
SYA,SYA,Shenyang,2009,Leave_One_experiments\wth_generated_qc\SYA\SYA2009.WTH,normal_year;water_stress_year;nitrogen_stress_year,water_stress,SYA2009_stress_grid_S0001,low_input_within_10pct_yield,2009-07-11,192,87,82,"{""sim_day"": 87.0, ""doy"": 192.0, ""topwt"": 1920.736389160156, ""grnwt"": 0.0, ""xlai"": 0.7268893122673035, ""totir"": 0.0, ""tofer"": NaN, ""swfac"": 0.0, ""nstres"": 0.3965234160423279}",0.0,0.3965234160423279,1920.736389160156,0.0,0.7268893122673035,0.0,,0.0,0.0,0.0,0.0,27.99737548828125,27.99737548828125,Leave_One_experiments/all_year_offline_schedule_search/daily_outputs/SYA/SYA_2009_SYA2009_stress_grid_S0001_daily.csv
SYA,SYA,Shenyang,2009,Leave_One_experiments\wth_generated_qc\SYA\SYA2009.WTH,normal_year;water_stress_year;nitrogen_stress_year,water_stress,SYA2009_stress_grid_S0001,low_input_within_10pct_yield,2009-07-12,193,88,83,"{""sim_day"": 88.0, ""doy"": 193.0, ""topwt"": 1980.452880859375, ""grnwt"": 0.0, ""xlai"": 0.7175108194351196, ""totir"": 0.0, ""tofer"": NaN, ""swfac"": 0.0, ""nstres"": 0.3891429305076599}",0.0,0.3891429305076599,1980.452880859375,0.0,0.7175108194351196,0.0,,0.0,0.0,0.0,0.0,27.99737548828125,27.99737548828125,Leave_One_experiments/all_year_offline_schedule_search/daily_outputs/SYA/SYA_2009_SYA2009_stress_grid_S0001_daily.csv
SYA,SYA,Shenyang,2009,Leave_One_experiments\wth_generated_qc\SYA\SYA2009.WTH,normal_year;water_stress_year;nitrogen_stress_year,water_stress,SYA2009_stress_grid_S0001,low_input_within_10pct_yield,2009-07-13,194,89,84,"{""sim_day"": 89.0, ""doy"": 194.0, ""topwt"": 2009.0008544921875, ""grnwt"": 0.0, ""xlai"": 0.7009201049804688, ""totir"": 0.0, ""tofer"": NaN, ""swfac"": 0.0, ""nstres"": 0.3833580017089844}",0.0,0.3833580017089844,2009.0008544921875,0.0,0.7009201049804688,0.0,,0.0,0.0,0.0,0.0,27.99737548828125,27.99737548828125,Leave_One_experiments/all_year_offline_schedule_search/daily_outputs/SYA/SYA_2009_SYA2009_stress_grid_S0001_daily.csv
SYA,SYA,Shenyang,2009,Leave_One_experiments\wth_generated_qc\SYA\SYA2009.WTH,normal_year;water_stress_year;nitrogen_stress_year,water_stress,SYA2009_stress_grid_S0001,low_input_within_10pct_yield,2009-07-14,195,90,85,"{""sim_day"": 90.0, ""doy"": 195.0, ""topwt"": 2073.5877990722656, ""grnwt"": 0.0, ""xlai"": 0.6939190030097961, ""totir"": 0.0, ""tofer"": NaN, ""swfac"": 0.0, ""nstres"": 0.3778544068336487}",0.0,0.3778544068336487,2073.5877990722656,0.0,0.6939190030097961,0.0,,0.0,0.0,0.0,0.0,27.99737548828125,27.99737548828125,Leave_One_experiments/all_year_offline_schedule_search/daily_outputs/SYA/SYA_2009_SYA2009_stress_grid_S0001_daily.csv
SYA,SYA,Shenyang,2009,Leave_One_experiments\wth_generated_qc\SYA\SYA2009.WTH,normal_year;water_stress_year;nitrogen_stress_year,water_stress,SYA2009_stress_grid_S0001,low_input_within_10pct_yield,2009-07-15,196,91,86,"{""sim_day"": 91.0, ""doy"": 196.0, ""topwt"": 2146.6847229003906, ""grnwt"": 0.0, ""xlai"": 0.6895347833633423, ""totir"": 0.0, ""tofer"": NaN, ""swfac"": 0.0, ""nstres"": 0.3675838708877563}",0.0,0.3675838708877563,2146.6847229003906,0.0,0.6895347833633423,0.0,,0.0,0.0,0.0,0.0,27.99737548828125,27.99737548828125,Leave_One_experiments/all_year_offline_schedule_search/daily_outputs/SYA/SYA_2009_SYA2009_stress_grid_S0001_daily.csv
SYA,SYA,Shenyang,2009,Leave_One_experiments\wth_generated_qc\SYA\SYA2009.WTH,normal_year;water_stress_year;nitrogen_stress_year,water_stress,SYA2009_stress_grid_S0001,low_input_within_10pct_yield,2009-07-16,197,92,87,"{""sim_day"": 92.0, ""doy"": 197.0, ""topwt"": 2197.333526611328, ""grnwt"": 0.0, ""xlai"": 0.6798511743545532, ""totir"": 0.0, ""tofer"": NaN, ""swfac"": 0.0, ""nstres"": 0.3640886545181274}",0.0,0.3640886545181274,2197.333526611328,0.0,0.6798511743545532,0.0,,0.0,0.0,0.0,0.0,27.99737548828125,27.99737548828125,Leave_One_experiments/all_year_offline_schedule_search/daily_outputs/SYA/SYA_2009_SYA2009_stress_grid_S0001_daily.csv
SYA,SYA,Shenyang,2009,Leave_One_experiments\wth_generated_qc\SYA\SYA2009.WTH,normal_year;water_stress_year;nitrogen_stress_year,water_stress,SYA2009_stress_grid_S0001,low_input_within_10pct_yield,2009-07-17,198,93,88,"{""sim_day"": 93.0, ""doy"": 198.0, ""topwt"": 2296.637725830078, ""grnwt"": 0.0, ""xlai"": 0.6585443019866943, ""totir"": 0.0, ""tofer"": NaN, ""swfac"": 0.0, ""nstres"": 0.352169930934906}",0.0,0.352169930934906,2296.637725830078,0.0,0.6585443019866943,0.0,,0.0,0.0,0.0,0.0,27.99737548828125,27.99737548828125,Leave_One_experiments/all_year_offline_schedule_search/daily_outputs/SYA/SYA_2009_SYA2009_stress_grid_S0001_daily.csv
SYA,SYA,Shenyang,2009,Leave_One_experiments\wth_generated_qc\SYA\SYA2009.WTH,normal_year;water_stress_year;nitrogen_stress_year,water_stress,SYA2009_stress_grid_S0001,low_input_within_10pct_yield,2009-07-18,199,94,89,"{""sim_day"": 94.0, ""doy"": 199.0, ""topwt"": 2395.8494567871094, ""grnwt"": 0.0, ""xlai"": 0.6383580565452576, ""totir"": 0.0, ""tofer"": NaN, ""swfac"": 0.0, ""nstres"": 0.3356691598892212}",0.0,0.3356691598892212,2395.8494567871094,0.0,0.6383580565452576,0.0,,0.0,0.0,0.0,0.0,27.99737548828125,27.99737548828125,Leave_One_experiments/all_year_offline_schedule_search/daily_outputs/SYA/SYA_2009_SYA2009_stress_grid_S0001_daily.csv
SYA,SYA,Shenyang,2009,Leave_One_experiments\wth_generated_qc\SYA\SYA2009.WTH,normal_year;water_stress_year;nitrogen_stress_year,water_stress,SYA2009_stress_grid_S0001,low_input_within_10pct_yield,2009-07-19,200,95,90,"{""sim_day"": 95.0, ""doy"": 200.0, ""topwt"": 2425.7101440429688, ""grnwt"": 0.0, ""xlai"": 0.6186956167221069, ""totir"": 0.0, ""tofer"": NaN, ""swfac"": 0.0, ""nstres"": 0.3392357230186462}",0.0,0.3392357230186462,2425.7101440429688,0.0,0.6186956167221069,0.0,,0.0,0.0,0.0,0.0,27.99737548828125,27.99737548828125,Leave_One_experiments/all_year_offline_schedule_search/daily_outputs/SYA/SYA_2009_SYA2009_stress_grid_S0001_daily.csv
SYA,SYA,Shenyang,2009,Leave_One_experiments\wth_generated_qc\SYA\SYA2009.WTH,normal_year;water_stress_year;nitrogen_stress_year,water_stress,SYA2009_stress_grid_S0001,low_input_within_10pct_yield,2009-07-20,201,96,91,"{""sim_day"": 96.0, ""doy"": 201.0, ""topwt"": 2526.3243103027344, ""grnwt"": 0.0, ""xlai"": 0.5996068716049194, ""totir"": 0.0, ""tofer"": NaN, ""swfac"": 0.0, ""nstres"": 0.3404754996299743}",0.0,0.3404754996299743,2526.3243103027344,0.0,0.5996068716049194,0.0,,0.0,0.0,0.0,0.0,27.99737548828125,27.99737548828125,Leave_One_experiments/all_year_offline_schedule_search/daily_outputs/SYA/SYA_2009_SYA2009_stress_grid_S0001_daily.csv
SYA,SYA,Shenyang,2009,Leave_One_experiments\wth_generated_qc\SYA\SYA2009.WTH,normal_year;water_stress_year;nitrogen_stress_year,water_stress,SYA2009_stress_grid_S0001,low_input_within_10pct_yield,2009-07-21,202,97,92,"{""sim_day"": 97.0, ""doy"": 202.0, ""topwt"": 2610.747985839844, ""grnwt"": 0.0, ""xlai"": 0.58158278465271, ""totir"": 0.0, ""tofer"": NaN, ""swfac"": 0.0, ""nstres"": 0.3214371800422668}",0.0,0.3214371800422668,2610.747985839844,0.0,0.58158278465271,0.0,,0.0,0.0,0.0,0.0,27.99737548828125,27.99737548828125,Leave_One_experiments/all_year_offline_schedule_search/daily_outputs/SYA/SYA_2009_SYA2009_stress_grid_S0001_daily.csv
SYA,SYA,Shenyang,2009,Leave_One_experiments\wth_generated_qc\SYA\SYA2009.WTH,normal_year;water_stress_year;nitrogen_stress_year,water_stress,SYA2009_stress_grid_S0001,low_input_within_10pct_yield,2009-07-22,203,98,93,"{""sim_day"": 98.0, ""doy"": 203.0, ""topwt"": 2656.2905883789062, ""grnwt"": 0.0, ""xlai"": 0.5640748143196106, ""totir"": 0.0, ""tofer"": NaN, ""swfac"": 0.0, ""nstres"": 0.3224967718124389}",0.0,0.3224967718124389,2656.2905883789062,0.0,0.5640748143196106,0.0,,0.0,0.0,0.0,0.0,27.99737548828125,27.99737548828125,Leave_One_experiments/all_year_offline_schedule_search/daily_outputs/SYA/SYA_2009_SYA2009_stress_grid_S0001_daily.csv
SYA,SYA,Shenyang,2009,Leave_One_experiments\wth_generated_qc\SYA\SYA2009.WTH,normal_year;water_stress_year;nitrogen_stress_year,water_stress,SYA2009_stress_grid_S0001,low_input_within_10pct_yield,2009-07-23,204,99,94,"{""sim_day"": 99.0, ""doy"": 204.0, ""topwt"": 2725.298767089844, ""grnwt"": 0.0, ""xlai"": 0.5471985340118408, ""totir"": 0.0, ""tofer"": NaN, ""swfac"": 0.0, ""nstres"": 0.3180469870567322}",0.0,0.3180469870567322,2725.298767089844,0.0,0.5471985340118408,0.0,,0.0,0.0,0.0,0.0,27.99737548828125,27.99737548828125,Leave_One_experiments/all_year_offline_schedule_search/daily_outputs/SYA/SYA_2009_SYA2009_stress_grid_S0001_daily.csv
SYA,SYA,Shenyang,2009,Leave_One_experiments\wth_generated_qc\SYA\SYA2009.WTH,normal_year;water_stress_year;nitrogen_stress_year,water_stress,SYA2009_stress_grid_S0001,low_input_within_10pct_yield,2009-07-24,205,100,95,"{""sim_day"": 100.0, ""doy"": 205.0, ""topwt"": 2785.845031738281, ""grnwt"": 0.0, ""xlai"": 0.5311784744262695, ""totir"": 0.0, ""tofer"": NaN, ""swfac"": 0.0, ""nstres"": 0.302634596824646}",0.0,0.302634596824646,2785.845031738281,0.0,0.5311784744262695,0.0,,0.0,0.0,0.0,0.0,27.99737548828125,27.99737548828125,Leave_One_experiments/all_year_offline_schedule_search/daily_outputs/SYA/SYA_2009_SYA2009_stress_grid_S0001_daily.csv
SYA,SYA,Shenyang,2009,Leave_One_experiments\wth_generated_qc\SYA\SYA2009.WTH,normal_year;water_stress_year;nitrogen_stress_year,water_stress,SYA2009_stress_grid_S0001,low_input_within_10pct_yield,2009-07-25,206,101,96,"{""sim_day"": 101.0, ""doy"": 206.0, ""topwt"": 2874.193115234375, ""grnwt"": 0.0, ""xlai"": 0.5158567428588867, ""totir"": 0.0, ""tofer"": NaN, ""swfac"": 0.0, ""nstres"": 0.2922796607017517}",0.0,0.2922796607017517,2874.193115234375,0.0,0.5158567428588867,0.0,,0.0,0.0,0.0,0.0,27.99737548828125,27.99737548828125,Leave_One_experiments/all_year_offline_schedule_search/daily_outputs/SYA/SYA_2009_SYA2009_stress_grid_S0001_daily.csv
SYA,SYA,Shenyang,2009,Leave_One_experiments\wth_generated_qc\SYA\SYA2009.WTH,normal_year;water_stress_year;nitrogen_stress_year,water_stress,SYA2009_stress_grid_S0001,low_input_within_10pct_yield,2009-07-26,207,102,97,"{""sim_day"": 102.0, ""doy"": 207.0, ""topwt"": 2940.98388671875, ""grnwt"": 0.0, ""xlai"": 0.5012828707695007, ""totir"": 0.0, ""tofer"": NaN, ""swfac"": 0.0, ""nstres"": 0.2780405282974243}",0.0,0.2780405282974243,2940.98388671875,0.0,0.5012828707695007,0.0,,0.0,0.0,0.0,0.0,27.99737548828125,27.99737548828125,Leave_One_experiments/all_year_offline_schedule_search/daily_outputs/SYA/SYA_2009_SYA2009_stress_grid_S0001_daily.csv
SYA,SYA,Shenyang,2009,Leave_One_experiments\wth_generated_qc\SYA\SYA2009.WTH,normal_year;water_stress_year;nitrogen_stress_year,water_stress,SYA2009_stress_grid_S0001,low_input_within_10pct_yield,2009-07-27,208,103,98,"{""sim_day"": 103.0, ""doy"": 208.0, ""topwt"": 3054.9734497070312, ""grnwt"": 120.53949356079102, ""xlai"": 0.4873002171516418, ""totir"": 0.0, ""tofer"": NaN, ""swfac"": 0.0, ""nstres"": 0.2694496512413025}",0.0,0.2694496512413025,3054.9734497070312,120.53949356079102,0.4873002171516418,0.0,,0.0,0.0,0.0,0.0,27.99737548828125,27.99737548828125,Leave_One_experiments/all_year_offline_schedule_search/daily_outputs/SYA/SYA_2009_SYA2009_stress_grid_S0001_daily.csv
SYA,SYA,Shenyang,2009,Leave_One_experiments\wth_generated_qc\SYA\SYA2009.WTH,normal_year;water_stress_year;nitrogen_stress_year,water_stress,SYA2009_stress_grid_S0001,low_input_within_10pct_yield,2009-07-28,209,104,99,"{""sim_day"": 104.0, ""doy"": 209.0, ""topwt"": 3138.924560546875, ""grnwt"": 197.9409408569336, ""xlai"": 0.4729705452919006, ""totir"": 0.0, ""tofer"": NaN, ""swfac"": 0.0, ""nstres"": 0.3057483434677124}",0.0,0.3057483434677124,3138.924560546875,197.9409408569336,0.4729705452919006,0.0,,0.0,0.0,0.0,0.0,27.99737548828125,27.99737548828125,Leave_One_experiments/all_year_offline_schedule_search/daily_outputs/SYA/SYA_2009_SYA2009_stress_grid_S0001_daily.csv
SYA,SYA,Shenyang,2009,Leave_One_experiments\wth_generated_qc\SYA\SYA2009.WTH,normal_year;water_stress_year;nitrogen_stress_year,water_stress,SYA2009_stress_grid_S0001,low_input_within_10pct_yield,2009-07-29,210,105,100,"{""sim_day"": 105.0, ""doy"": 210.0, ""topwt"": 3216.3262939453125, ""grnwt"": 275.3423881530762, ""xlai"": 0.4591020047664642, ""totir"": 0.0, ""tofer"": NaN, ""swfac"": 0.0, ""nstres"": 0.303736925125122}",0.0,0.303736925125122,3216.3262939453125,275.3423881530762,0.4591020047664642,0.0,,0.0,0.0,0.0,0.0,27.99737548828125,27.99737548828125,Leave_One_experiments/all_year_offline_schedule_search/daily_outputs/SYA/SYA_2009_SYA2009_stress_grid_S0001_daily.csv
SYA,SYA,Shenyang,2009,Leave_One_experiments\wth_generated_qc\SYA\SYA2009.WTH,normal_year;water_stress_year;nitrogen_stress_year,water_stress,SYA2009_stress_grid_S0001,low_input_within_10pct_yield,2009-07-30,211,106,101,"{""sim_day"": 106.0, ""doy"": 211.0, ""topwt"": 3291.7745971679688, ""grnwt"": 352.7438735961914, ""xlai"": 0.4455947577953338, ""totir"": 0.0, ""tofer"": NaN, ""swfac"": 0.0, ""nstres"": 0.3061027526855469}",0.0,0.3061027526855469,3291.7745971679688,352.7438735961914,0.4455947577953338,0.0,,0.0,0.0,0.0,0.0,27.99737548828125,27.99737548828125,Leave_One_experiments/all_year_offline_schedule_search/daily_outputs/SYA/SYA_2009_SYA2009_stress_grid_S0001_daily.csv
SYA,SYA,Shenyang,2009,Leave_One_experiments\wth_generated_qc\SYA\SYA2009.WTH,normal_year;water_stress_year;nitrogen_stress_year,water_stress,SYA2009_stress_grid_S0001,low_input_within_10pct_yield,2009-07-31,212,107,102,"{""sim_day"": 107.0, ""doy"": 212.0, ""topwt"": 3371.129150390625, ""grnwt"": 430.14530181884766, ""xlai"": 0.4324875473976135, ""totir"": 0.0, ""tofer"": NaN, ""swfac"": 0.0, ""nstres"": 0.3059624433517456}",0.0,0.3059624433517456,3371.129150390625,430.14530181884766,0.4324875473976135,0.0,,0.0,0.0,0.0,0.0,27.99737548828125,27.99737548828125,Leave_One_experiments/all_year_offline_schedule_search/daily_outputs/SYA/SYA_2009_SYA2009_stress_grid_S0001_daily.csv
SYA,SYA,Shenyang,2009,Leave_One_experiments\wth_generated_qc\SYA\SYA2009.WTH,normal_year;water_stress_year;nitrogen_stress_year,water_stress,SYA2009_stress_grid_S0001,low_input_within_10pct_yield,2009-08-01,213,108,103,"{""sim_day"": 108.0, ""doy"": 213.0, ""topwt"": 3412.1322631835938, ""grnwt"": 507.54676818847656, ""xlai"": 0.4197511970996856, ""totir"": 0.0, ""tofer"": NaN, ""swfac"": 0.0, ""nstres"": 0.3067795634269714}",0.0,0.3067795634269714,3412.1322631835938,507.54676818847656,0.4197511970996856,0.0,,0.0,0.0,0.0,0.0,27.99737548828125,27.99737548828125,Leave_One_experiments/all_year_offline_schedule_search/daily_outputs/SYA/SYA_2009_SYA2009_stress_grid_S0001_daily.csv
SYA,SYA,Shenyang,2009,Leave_One_experiments\wth_generated_qc\SYA\SYA2009.WTH,normal_year;water_stress_year;nitrogen_stress_year,water_stress,SYA2009_stress_grid_S0001,low_input_within_10pct_yield,2009-08-02,214,109,104,"{""sim_day"": 109.0, ""doy"": 214.0, ""topwt"": 3487.5119018554688, ""grnwt"": 584.9481964111328, ""xlai"": 0.4073430001735687, ""totir"": 0.0, ""tofer"": NaN, ""swfac"": 0.0, ""nstres"": 0.3094594478607178}",0.0,0.3094594478607178,3487.5119018554688,584.9481964111328,0.4073430001735687,0.0,,0.0,0.0,0.0,0.0,27.99737548828125,27.99737548828125,Leave_One_experiments/all_year_offline_schedule_search/daily_outputs/SYA/SYA_2009_SYA2009_stress_grid_S0001_daily.csv
SYA,SYA,Shenyang,2009,Leave_One_experiments\wth_generated_qc\SYA\SYA2009.WTH,normal_year;water_stress_year;nitrogen_stress_year,water_stress,SYA2009_stress_grid_S0001,low_input_within_10pct_yield,2009-08-03,215,110,105,"{""sim_day"": 110.0, ""doy"": 215.0, ""topwt"": 3570.0613403320312, ""grnwt"": 662.3496246337891, ""xlai"": 0.3954949975013733, ""totir"": 0.0, ""tofer"": NaN, ""swfac"": 0.0, ""nstres"": 0.2980662584304809}",0.0,0.2980662584304809,3570.0613403320312,662.3496246337891,0.3954949975013733,0.0,,0.0,0.0,0.0,0.0,27.99737548828125,27.99737548828125,Leave_One_experiments/all_year_offline_schedule_search/daily_outputs/SYA/SYA_2009_SYA2009_stress_grid_S0001_daily.csv
SYA,SYA,Shenyang,2009,Leave_One_experiments\wth_generated_qc\SYA\SYA2009.WTH,normal_year;water_stress_year;nitrogen_stress_year,water_stress,SYA2009_stress_grid_S0001,low_input_within_10pct_yield,2009-08-04,216,111,106,"{""sim_day"": 111.0, ""doy"": 216.0, ""topwt"": 3647.0504760742183, ""grnwt"": 739.7511291503906, ""xlai"": 0.3839479088783264, ""totir"": 0.0, ""tofer"": NaN, ""swfac"": 0.0, ""nstres"": 0.3007194995880127}",0.0,0.3007194995880127,3647.0504760742183,739.7511291503906,0.3839479088783264,0.0,,0.0,0.0,0.0,0.0,27.99737548828125,27.99737548828125,Leave_One_experiments/all_year_offline_schedule_search/daily_outputs/SYA/SYA_2009_SYA2009_stress_grid_S0001_daily.csv
SYA,SYA,Shenyang,2009,Leave_One_experiments\wth_generated_qc\SYA\SYA2009.WTH,normal_year;water_stress_year;nitrogen_stress_year,water_stress,SYA2009_stress_grid_S0001,low_input_within_10pct_yield,2009-08-05,217,112,107,"{""sim_day"": 112.0, ""doy"": 217.0, ""topwt"": 3685.8306884765625, ""grnwt"": 817.1526336669922, ""xlai"": 0.3726317882537842, ""totir"": 0.0, ""tofer"": NaN, ""swfac"": 0.0, ""nstres"": 0.3073542714118957}",0.0,0.3073542714118957,3685.8306884765625,817.1526336669922,0.3726317882537842,0.0,,0.0,0.0,0.0,0.0,27.99737548828125,27.99737548828125,Leave_One_experiments/all_year_offline_schedule_search/daily_outputs/SYA/SYA_2009_SYA2009_stress_grid_S0001_daily.csv
SYA,SYA,Shenyang,2009,Leave_One_experiments\wth_generated_qc\SYA\SYA2009.WTH,normal_year;water_stress_year;nitrogen_stress_year,water_stress,SYA2009_stress_grid_S0001,low_input_within_10pct_yield,2009-08-06,218,113,108,"{""sim_day"": 113.0, ""doy"": 218.0, ""topwt"": 3766.625671386719, ""grnwt"": 894.5540618896484, ""xlai"": 0.3615885972976684, ""totir"": 0.0, ""tofer"": NaN, ""swfac"": 0.0, ""nstres"": 0.3112545609474182}",0.0,0.3112545609474182,3766.625671386719,894.5540618896484,0.3615885972976684,0.0,,0.0,0.0,0.0,0.0,27.99737548828125,27.99737548828125,Leave_One_experiments/all_year_offline_schedule_search/daily_outputs/SYA/SYA_2009_SYA2009_stress_grid_S0001_daily.csv
SYA,SYA,Shenyang,2009,Leave_One_experiments\wth_generated_qc\SYA\SYA2009.WTH,normal_year;water_stress_year;nitrogen_stress_year,water_stress,SYA2009_stress_grid_S0001,low_input_within_10pct_yield,2009-08-07,219,114,109,"{""sim_day"": 114.0, ""doy"": 219.0, ""topwt"": 3844.495239257813, ""grnwt"": 971.95556640625, ""xlai"": 0.3510634899139404, ""totir"": 0.0, ""tofer"": NaN, ""swfac"": 0.0, ""nstres"": 0.2985875010490417}",0.0,0.2985875010490417,3844.495239257813,971.95556640625,0.3510634899139404,0.0,,0.0,0.0,0.0,0.0,27.99737548828125,27.99737548828125,Leave_One_experiments/all_year_offline_schedule_search/daily_outputs/SYA/SYA_2009_SYA2009_stress_grid_S0001_daily.csv
SYA,SYA,Shenyang,2009,Leave_One_experiments\wth_generated_qc\SYA\SYA2009.WTH,normal_year;water_stress_year;nitrogen_stress_year,water_stress,SYA2009_stress_grid_S0001,low_input_within_10pct_yield,2009-08-08,220,115,110,"{""sim_day"": 115.0, ""doy"": 220.0, ""topwt"": 3916.217651367188, ""grnwt"": 1049.3570709228516, ""xlai"": 0.3407627046108246, ""totir"": 0.0, ""tofer"": NaN, ""swfac"": 0.0, ""nstres"": 0.3041975498199463}",0.0,0.3041975498199463,3916.217651367188,1049.3570709228516,0.3407627046108246,0.0,,0.0,0.0,0.0,0.0,27.99737548828125,27.99737548828125,Leave_One_experiments/all_year_offline_schedule_search/daily_outputs/SYA/SYA_2009_SYA2009_stress_grid_S0001_daily.csv
SYA,SYA,Shenyang,2009,Leave_One_experiments\wth_generated_qc\SYA\SYA2009.WTH,normal_year;water_stress_year;nitrogen_stress_year,water_stress,SYA2009_stress_grid_S0001,low_input_within_10pct_yield,2009-08-09,221,116,111,"{""sim_day"": 116.0, ""doy"": 221.0, ""topwt"": 3976.5081787109375, ""grnwt"": 1126.7585754394531, ""xlai"": 0.3306865394115448, ""totir"": 0.0, ""tofer"": NaN, ""swfac"": 0.0, ""nstres"": 0.3096692562103271}",0.0,0.3096692562103271,3976.5081787109375,1126.7585754394531,0.3306865394115448,0.0,,0.0,0.0,0.0,0.0,27.99737548828125,27.99737548828125,Leave_One_experiments/all_year_offline_schedule_search/daily_outputs/SYA/SYA_2009_SYA2009_stress_grid_S0001_daily.csv
SYA,SYA,Shenyang,2009,Leave_One_experiments\wth_generated_qc\SYA\SYA2009.WTH,normal_year;water_stress_year;nitrogen_stress_year,water_stress,SYA2009_stress_grid_S0001,low_input_within_10pct_yield,2009-08-10,222,117,112,"{""sim_day"": 117.0, ""doy"": 222.0, ""topwt"": 4043.256530761719, ""grnwt"": 1190.1309967041016, ""xlai"": 0.3208804130554199, ""totir"": 0.0, ""tofer"": NaN, ""swfac"": 0.0, ""nstres"": 0.3116897344589233}",0.0,0.3116897344589233,4043.256530761719,1190.1309967041016,0.3208804130554199,0.0,,0.0,0.0,0.0,0.0,27.99737548828125,27.99737548828125,Leave_One_experiments/all_year_offline_schedule_search/daily_outputs/SYA/SYA_2009_SYA2009_stress_grid_S0001_daily.csv
SYA,SYA,Shenyang,2009,Leave_One_experiments\wth_generated_qc\SYA\SYA2009.WTH,normal_year;water_stress_year;nitrogen_stress_year,water_stress,SYA2009_stress_grid_S0001,low_input_within_10pct_yield,2009-08-11,223,118,113,"{""sim_day"": 118.0, ""doy"": 223.0, ""topwt"": 4115.5352783203125, ""grnwt"": 1262.2110748291016, ""xlai"": 0.3114739060401916, ""totir"": 0.0, ""tofer"": NaN, ""swfac"": 0.0, ""nstres"": 0.3035482168197632}",0.0,0.3035482168197632,4115.5352783203125,1262.2110748291016,0.3114739060401916,0.0,,0.0,0.0,0.0,0.0,27.99737548828125,27.99737548828125,Leave_One_experiments/all_year_offline_schedule_search/daily_outputs/SYA/SYA_2009_SYA2009_stress_grid_S0001_daily.csv
SYA,SYA,Shenyang,2009,Leave_One_experiments\wth_generated_qc\SYA\SYA2009.WTH,normal_year;water_stress_year;nitrogen_stress_year,water_stress,SYA2009_stress_grid_S0001,low_input_within_10pct_yield,2009-08-12,224,119,114,"{""sim_day"": 119.0, ""doy"": 224.0, ""topwt"": 4190.206298828125, ""grnwt"": 1339.6125793457031, ""xlai"": 0.3022570013999939, ""totir"": 0.0, ""tofer"": NaN, ""swfac"": 0.0, ""nstres"": 0.310186505317688}",0.0,0.310186505317688,4190.206298828125,1339.6125793457031,0.3022570013999939,0.0,,0.0,0.0,0.0,0.0,27.99737548828125,27.99737548828125,Leave_One_experiments/all_year_offline_schedule_search/daily_outputs/SYA/SYA_2009_SYA2009_stress_grid_S0001_daily.csv
SYA,SYA,Shenyang,2009,Leave_One_experiments\wth_generated_qc\SYA\SYA2009.WTH,normal_year;water_stress_year;nitrogen_stress_year,water_stress,SYA2009_stress_grid_S0001,low_input_within_10pct_yield,2009-08-13,225,120,115,"{""sim_day"": 120.0, ""doy"": 225.0, ""topwt"": 4245.959167480469, ""grnwt"": 1398.6311340332031, ""xlai"": 0.2932458221912384, ""totir"": 0.0, ""tofer"": NaN, ""swfac"": 0.0, ""nstres"": 0.3155082464218139}",0.0,0.3155082464218139,4245.959167480469,1398.6311340332031,0.2932458221912384,0.0,,0.0,0.0,0.0,0.0,27.99737548828125,27.99737548828125,Leave_One_experiments/all_year_offline_schedule_search/daily_outputs/SYA/SYA_2009_SYA2009_stress_grid_S0001_daily.csv
SYA,SYA,Shenyang,2009,Leave_One_experiments\wth_generated_qc\SYA\SYA2009.WTH,normal_year;water_stress_year;nitrogen_stress_year,water_stress,SYA2009_stress_grid_S0001,low_input_within_10pct_yield,2009-08-14,226,121,116,"{""sim_day"": 121.0, ""doy"": 226.0, ""topwt"": 4304.25537109375, ""grnwt"": 1461.519775390625, ""xlai"": 0.2845604419708252, ""totir"": 0.0, ""tofer"": NaN, ""swfac"": 0.0, ""nstres"": 0.3108347058296203}",0.0,0.3108347058296203,4304.25537109375,1461.519775390625,0.2845604419708252,0.0,,0.0,0.0,0.0,0.0,27.99737548828125,27.99737548828125,Leave_One_experiments/all_year_offline_schedule_search/daily_outputs/SYA/SYA_2009_SYA2009_stress_grid_S0001_daily.csv
SYA,SYA,Shenyang,2009,Leave_One_experiments\wth_generated_qc\SYA\SYA2009.WTH,normal_year;water_stress_year;nitrogen_stress_year,water_stress,SYA2009_stress_grid_S0001,low_input_within_10pct_yield,2009-08-15,227,122,117,"{""sim_day"": 122.0, ""doy"": 227.0, ""topwt"": 4354.485168457031, ""grnwt"": 1538.921356201172, ""xlai"": 0.2761431932449341, ""totir"": 0.0, ""tofer"": NaN, ""swfac"": 0.0, ""nstres"": 0.3099130988121032}",0.0,0.3099130988121032,4354.485168457031,1538.921356201172,0.2761431932449341,0.0,,0.0,0.0,0.0,0.0,27.99737548828125,27.99737548828125,Leave_One_experiments/all_year_offline_schedule_search/daily_outputs/SYA/SYA_2009_SYA2009_stress_grid_S0001_daily.csv
SYA,SYA,Shenyang,2009,Leave_One_experiments\wth_generated_qc\SYA\SYA2009.WTH,normal_year;water_stress_year;nitrogen_stress_year,water_stress,SYA2009_stress_grid_S0001,low_input_within_10pct_yield,2009-08-16,228,123,118,"{""sim_day"": 123.0, ""doy"": 228.0, ""topwt"": 4374.028625488281, ""grnwt"": 1616.322784423828, ""xlai"": 0.2678843736648559, ""totir"": 0.0, ""tofer"": NaN, ""swfac"": 0.0, ""nstres"": 0.317786157131195}",0.0,0.317786157131195,4374.028625488281,1616.322784423828,0.2678843736648559,0.0,,0.0,0.0,0.0,0.0,27.99737548828125,27.99737548828125,Leave_One_experiments/all_year_offline_schedule_search/daily_outputs/SYA/SYA_2009_SYA2009_stress_grid_S0001_daily.csv
SYA,SYA,Shenyang,2009,Leave_One_experiments\wth_generated_qc\SYA\SYA2009.WTH,normal_year;water_stress_year;nitrogen_stress_year,water_stress,SYA2009_stress_grid_S0001,low_input_within_10pct_yield,2009-08-17,229,124,119,"{""sim_day"": 124.0, ""doy"": 229.0, ""topwt"": 4420.8209228515625, ""grnwt"": 1693.7242126464844, ""xlai"": 0.2600048780441284, ""totir"": 0.0, ""tofer"": NaN, ""swfac"": 0.0, ""nstres"": 0.30592942237854}",0.0,0.30592942237854,4420.8209228515625,1693.7242126464844,0.2600048780441284,0.0,,0.0,0.0,0.0,0.0,27.99737548828125,27.99737548828125,Leave_One_experiments/all_year_offline_schedule_search/daily_outputs/SYA/SYA_2009_SYA2009_stress_grid_S0001_daily.csv
SYA,SYA,Shenyang,2009,Leave_One_experiments\wth_generated_qc\SYA\SYA2009.WTH,normal_year;water_stress_year;nitrogen_stress_year,water_stress,SYA2009_stress_grid_S0001,low_input_within_10pct_yield,2009-08-18,230,125,120,"{""sim_day"": 125.0, ""doy"": 230.0, ""topwt"": 4428.653564453125, ""grnwt"": 1771.1257934570312, ""xlai"": 0.2525544166564941, ""totir"": 0.0, ""tofer"": NaN, ""swfac"": 0.0, ""nstres"": 0.2877206802368164}",0.0,0.2877206802368164,4428.653564453125,1771.1257934570312,0.2525544166564941,0.0,,0.0,0.0,0.0,0.0,27.99737548828125,27.99737548828125,Leave_One_experiments/all_year_offline_schedule_search/daily_outputs/SYA/SYA_2009_SYA2009_stress_grid_S0001_daily.csv
SYA,SYA,Shenyang,2009,Leave_One_experiments\wth_generated_qc\SYA\SYA2009.WTH,normal_year;water_stress_year;nitrogen_stress_year,water_stress,SYA2009_stress_grid_S0001,low_input_within_10pct_yield,2009-08-19,231,126,121,"{""sim_day"": 126.0, ""doy"": 231.0, ""topwt"": 4494.8150634765625, ""grnwt"": 1848.5272216796875, ""xlai"": 0.2453229874372482, ""totir"": 0.0, ""tofer"": NaN, ""swfac"": 0.0, ""nstres"": 0.287198007106781}",0.0,0.287198007106781,4494.8150634765625,1848.5272216796875,0.2453229874372482,0.0,,0.0,0.0,0.0,0.0,27.99737548828125,27.99737548828125,Leave_One_experiments/all_year_offline_schedule_search/daily_outputs/SYA/SYA_2009_SYA2009_stress_grid_S0001_daily.csv
SYA,SYA,Shenyang,2009,Leave_One_experiments\wth_generated_qc\SYA\SYA2009.WTH,normal_year;water_stress_year;nitrogen_stress_year,water_stress,SYA2009_stress_grid_S0001,low_input_within_10pct_yield,2009-08-20,232,127,122,"{""sim_day"": 127.0, ""doy"": 232.0, ""topwt"": 4558.994140625, ""grnwt"": 1925.9288024902344, ""xlai"": 0.2385304868221283, ""totir"": 0.0, ""tofer"": NaN, ""swfac"": 0.0, ""nstres"": 0.2645159959793091}",0.0,0.2645159959793091,4558.994140625,1925.9288024902344,0.2385304868221283,0.0,,0.0,0.0,0.0,0.0,27.99737548828125,27.99737548828125,Leave_One_experiments/all_year_offline_schedule_search/daily_outputs/SYA/SYA_2009_SYA2009_stress_grid_S0001_daily.csv
SYA,SYA,Shenyang,2009,Leave_One_experiments\wth_generated_qc\SYA\SYA2009.WTH,normal_year;water_stress_year;nitrogen_stress_year,water_stress,SYA2009_stress_grid_S0001,low_input_within_10pct_yield,2009-08-21,233,128,123,"{""sim_day"": 128.0, ""doy"": 233.0, ""topwt"": 4615.892028808594, ""grnwt"": 2003.3302307128904, ""xlai"": 0.2317180186510086, ""totir"": 0.0, ""tofer"": NaN, ""swfac"": 0.0, ""nstres"": 0.2854472398757934}",0.0,0.2854472398757934,4615.892028808594,2003.3302307128904,0.2317180186510086,0.0,,0.0,0.0,0.0,0.0,27.99737548828125,27.99737548828125,Leave_One_experiments/all_year_offline_schedule_search/daily_outputs/SYA/SYA_2009_SYA2009_stress_grid_S0001_daily.csv
SYA,SYA,Shenyang,2009,Leave_One_experiments\wth_generated_qc\SYA\SYA2009.WTH,normal_year;water_stress_year;nitrogen_stress_year,water_stress,SYA2009_stress_grid_S0001,low_input_within_10pct_yield,2009-08-22,234,129,124,"{""sim_day"": 129.0, ""doy"": 234.0, ""topwt"": 4659.615173339844, ""grnwt"": 2080.731658935547, ""xlai"": 0.2248997241258621, ""totir"": 0.0, ""tofer"": NaN, ""swfac"": 0.0, ""nstres"": 0.3062019944190979}",0.0,0.3062019944190979,4659.615173339844,2080.731658935547,0.2248997241258621,0.0,,0.0,0.0,0.0,0.0,27.99737548828125,27.99737548828125,Leave_One_experiments/all_year_offline_schedule_search/daily_outputs/SYA/SYA_2009_SYA2009_stress_grid_S0001_daily.csv
SYA,SYA,Shenyang,2009,Leave_One_experiments\wth_generated_qc\SYA\SYA2009.WTH,normal_year;water_stress_year;nitrogen_stress_year,water_stress,SYA2009_stress_grid_S0001,low_input_within_10pct_yield,2009-08-23,235,130,125,"{""sim_day"": 130.0, ""doy"": 235.0, ""topwt"": 4710.692443847656, ""grnwt"": 2158.1332397460938, ""xlai"": 0.2181797325611114, ""totir"": 0.0, ""tofer"": NaN, ""swfac"": 0.0, ""nstres"": 0.3171135783195495}",0.0,0.3171135783195495,4710.692443847656,2158.1332397460938,0.2181797325611114,0.0,,0.0,0.0,0.0,0.0,27.99737548828125,27.99737548828125,Leave_One_experiments/all_year_offline_schedule_search/daily_outputs/SYA/SYA_2009_SYA2009_stress_grid_S0001_daily.csv
SYA,SYA,Shenyang,2009,Leave_One_experiments\wth_generated_qc\SYA\SYA2009.WTH,normal_year;water_stress_year;nitrogen_stress_year,water_stress,SYA2009_stress_grid_S0001,low_input_within_10pct_yield,2009-08-24,236,131,126,"{""sim_day"": 131.0, ""doy"": 236.0, ""topwt"": 4739.814147949219, ""grnwt"": 2235.53466796875, ""xlai"": 0.2116885483264923, ""totir"": 0.0, ""tofer"": NaN, ""swfac"": 0.0, ""nstres"": 0.3140408992767334}",0.0,0.3140408992767334,4739.814147949219,2235.53466796875,0.2116885483264923,0.0,,0.0,0.0,0.0,0.0,27.99737548828125,27.99737548828125,Leave_One_experiments/all_year_offline_schedule_search/daily_outputs/SYA/SYA_2009_SYA2009_stress_grid_S0001_daily.csv
SYA,SYA,Shenyang,2009,Leave_One_experiments\wth_generated_qc\SYA\SYA2009.WTH,normal_year;water_stress_year;nitrogen_stress_year,water_stress,SYA2009_stress_grid_S0001,low_input_within_10pct_yield,2009-08-25,237,132,127,"{""sim_day"": 132.0, ""doy"": 237.0, ""topwt"": 4749.153747558594, ""grnwt"": 2312.936248779297, ""xlai"": 0.2053706496953964, ""totir"": 0.0, ""tofer"": NaN, ""swfac"": 0.0, ""nstres"": 0.3162905573844909}",0.0,0.3162905573844909,4749.153747558594,2312.936248779297,0.2053706496953964,0.0,,0.0,0.0,0.0,0.0,27.99737548828125,27.99737548828125,Leave_One_experiments/all_year_offline_schedule_search/daily_outputs/SYA/SYA_2009_SYA2009_stress_grid_S0001_daily.csv
SYA,SYA,Shenyang,2009,Leave_One_experiments\wth_generated_qc\SYA\SYA2009.WTH,normal_year;water_stress_year;nitrogen_stress_year,water_stress,SYA2009_stress_grid_S0001,low_input_within_10pct_yield,2009-08-26,238,133,128,"{""sim_day"": 133.0, ""doy"": 238.0, ""topwt"": 4788.204040527344, ""grnwt"": 2390.337677001953, ""xlai"": 0.1993491202592849, ""totir"": 0.0, ""tofer"": NaN, ""swfac"": 0.0, ""nstres"": 0.3036836385726928}",0.0,0.3036836385726928,4788.204040527344,2390.337677001953,0.1993491202592849,0.0,,0.0,0.0,0.0,0.0,27.99737548828125,27.99737548828125,Leave_One_experiments/all_year_offline_schedule_search/daily_outputs/SYA/SYA_2009_SYA2009_stress_grid_S0001_daily.csv
SYA,SYA,Shenyang,2009,Leave_One_experiments\wth_generated_qc\SYA\SYA2009.WTH,normal_year;water_stress_year;nitrogen_stress_year,water_stress,SYA2009_stress_grid_S0001,low_input_within_10pct_yield,2009-08-27,239,134,129,"{""sim_day"": 134.0, ""doy"": 239.0, ""topwt"": 4818.239135742188, ""grnwt"": 2466.6334533691406, ""xlai"": 0.1936312615871429, ""totir"": 0.0, ""tofer"": NaN, ""swfac"": 0.0, ""nstres"": 0.2883836627006531}",0.0,0.2883836627006531,4818.239135742188,2466.6334533691406,0.1936312615871429,0.0,,0.0,0.0,0.0,0.0,27.99737548828125,27.99737548828125,Leave_One_experiments/all_year_offline_schedule_search/daily_outputs/SYA/SYA_2009_SYA2009_stress_grid_S0001_daily.csv
SYA,SYA,Shenyang,2009,Leave_One_experiments\wth_generated_qc\SYA\SYA2009.WTH,normal_year;water_stress_year;nitrogen_stress_year,water_stress,SYA2009_stress_grid_S0001,low_input_within_10pct_yield,2009-08-28,240,135,130,"{""sim_day"": 135.0, ""doy"": 240.0, ""topwt"": 4862.857360839844, ""grnwt"": 2538.506164550781, ""xlai"": 0.1880108416080474, ""totir"": 0.0, ""tofer"": NaN, ""swfac"": 0.0, ""nstres"": 0.2966300845146179}",0.0,0.2966300845146179,4862.857360839844,2538.506164550781,0.1880108416080474,0.0,,0.0,0.0,0.0,0.0,27.99737548828125,27.99737548828125,Leave_One_experiments/all_year_offline_schedule_search/daily_outputs/SYA/SYA_2009_SYA2009_stress_grid_S0001_daily.csv
SYA,SYA,Shenyang,2009,Leave_One_experiments\wth_generated_qc\SYA\SYA2009.WTH,normal_year;water_stress_year;nitrogen_stress_year,water_stress,SYA2009_stress_grid_S0001,low_input_within_10pct_yield,2009-08-29,241,136,131,"{""sim_day"": 136.0, ""doy"": 241.0, ""topwt"": 4906.828002929688, ""grnwt"": 2615.907592773437, ""xlai"": 0.1825760453939438, ""totir"": 0.0, ""tofer"": NaN, ""swfac"": 0.0, ""nstres"": 0.2937607765197754}",0.0,0.2937607765197754,4906.828002929688,2615.907592773437,0.1825760453939438,0.0,,0.0,0.0,0.0,0.0,27.99737548828125,27.99737548828125,Leave_One_experiments/all_year_offline_schedule_search/daily_outputs/SYA/SYA_2009_SYA2009_stress_grid_S0001_daily.csv
SYA,SYA,Shenyang,2009,Leave_One_experiments\wth_generated_qc\SYA\SYA2009.WTH,normal_year;water_stress_year;nitrogen_stress_year,water_stress,SYA2009_stress_grid_S0001,low_input_within_10pct_yield,2009-08-30,242,137,132,"{""sim_day"": 137.0, ""doy"": 242.0, ""topwt"": 4945.768432617188, ""grnwt"": 2693.3090209960938, ""xlai"": 0.1771587580442428, ""totir"": 0.0, ""tofer"": NaN, ""swfac"": 0.0, ""nstres"": 0.3121160268783569}",0.0,0.3121160268783569,4945.768432617188,2693.3090209960938,0.1771587580442428,0.0,,0.0,0.0,0.0,0.0,27.99737548828125,27.99737548828125,Leave_One_experiments/all_year_offline_schedule_search/daily_outputs/SYA/SYA_2009_SYA2009_stress_grid_S0001_daily.csv
SYA,SYA,Shenyang,2009,Leave_One_experiments\wth_generated_qc\SYA\SYA2009.WTH,normal_year;water_stress_year;nitrogen_stress_year,water_stress,SYA2009_stress_grid_S0001,low_input_within_10pct_yield,2009-08-31,243,138,133,"{""sim_day"": 138.0, ""doy"": 243.0, ""topwt"": 4987.501831054688, ""grnwt"": 2770.7107543945312, ""xlai"": 0.1718181669712066, ""totir"": 0.0, ""tofer"": NaN, ""swfac"": 0.0, ""nstres"": 0.3234944343566894}",0.0,0.3234944343566894,4987.501831054688,2770.7107543945312,0.1718181669712066,0.0,,0.0,0.0,0.0,0.0,27.99737548828125,27.99737548828125,Leave_One_experiments/all_year_offline_schedule_search/daily_outputs/SYA/SYA_2009_SYA2009_stress_grid_S0001_daily.csv
SYA,SYA,Shenyang,2009,Leave_One_experiments\wth_generated_qc\SYA\SYA2009.WTH,normal_year;water_stress_year;nitrogen_stress_year,water_stress,SYA2009_stress_grid_S0001,low_input_within_10pct_yield,2009-09-01,244,139,134,"{""sim_day"": 139.0, ""doy"": 244.0, ""topwt"": 4979.320983886719, ""grnwt"": 2799.737548828125, ""xlai"": 0.1666022986173629, ""totir"": 0.0, ""tofer"": NaN, ""swfac"": 0.0, ""nstres"": 0.3285708427429199}",0.0,0.3285708427429199,4979.320983886719,2799.737548828125,0.1666022986173629,0.0,,0.0,0.0,0.0,0.0,27.99737548828125,27.99737548828125,Leave_One_experiments/all_year_offline_schedule_search/daily_outputs/SYA/SYA_2009_SYA2009_stress_grid_S0001_daily.csv
SYA,SYA,Shenyang,2009,Leave_One_experiments\wth_generated_qc\SYA\SYA2009.WTH,normal_year;water_stress_year;nitrogen_stress_year,water_stress,SYA2009_stress_grid_S0001,low_input_within_10pct_yield,2009-09-02,245,140,135,"{""sim_day"": 140.0, ""doy"": 245.0, ""topwt"": 4979.320983886719, ""grnwt"": 2799.737548828125, ""xlai"": 0.1666022986173629, ""totir"": 0.0, ""tofer"": NaN, ""swfac"": 0.0, ""nstres"": 0.2721012234687805}",0.0,0.2721012234687805,4979.320983886719,2799.737548828125,0.1666022986173629,0.0,,0.0,0.0,0.0,0.0,27.99737548828125,27.99737548828125,Leave_One_experiments/all_year_offline_schedule_search/daily_outputs/SYA/SYA_2009_SYA2009_stress_grid_S0001_daily.csv
SYA,SYA,Shenyang,2009,Leave_One_experiments\wth_generated_qc\SYA\SYA2009.WTH,normal_year;water_stress_year;nitrogen_stress_year,water_stress,SYA2009_stress_grid_S0001,low_input_within_10pct_yield,2009-09-03,246,141,136,"{""sim_day"": 141.0, ""doy"": 246.0, ""topwt"": 4979.320983886719, ""grnwt"": 2799.737548828125, ""xlai"": 0.1666022986173629, ""totir"": 0.0, ""tofer"": NaN, ""swfac"": 0.0, ""nstres"": 0.2721012234687805}",0.0,0.2721012234687805,4979.320983886719,2799.737548828125,0.1666022986173629,0.0,,0.0,0.0,0.0,0.0,27.99737548828125,27.99737548828125,Leave_One_experiments/all_year_offline_schedule_search/daily_outputs/SYA/SYA_2009_SYA2009_stress_grid_S0001_daily.csv
SYA,SYA,Shenyang,2009,Leave_One_experiments\wth_generated_qc\SYA\SYA2009.WTH,normal_year;water_stress_year;nitrogen_stress_year,water_stress,SYA2009_stress_grid_S0001,low_input_within_10pct_yield,2009-09-04,247,142,137,"{""sim_day"": 142.0, ""doy"": 247.0, ""topwt"": 4979.320983886719, ""grnwt"": 2799.737548828125, ""xlai"": 0.1666022986173629, ""totir"": 0.0, ""tofer"": NaN, ""swfac"": 0.0, ""nstres"": 0.2721012234687805}",0.0,0.2721012234687805,4979.320983886719,2799.737548828125,0.1666022986173629,0.0,,0.0,0.0,0.0,0.0,27.99737548828125,27.99737548828125,Leave_One_experiments/all_year_offline_schedule_search/daily_outputs/SYA/SYA_2009_SYA2009_stress_grid_S0001_daily.csv
SYA,SYA,Shenyang,2009,Leave_One_experiments\wth_generated_qc\SYA\SYA2009.WTH,normal_year;water_stress_year;nitrogen_stress_year,water_stress,SYA2009_stress_grid_S0010,pareto_balanced,2009-04-21,111,1,1,"{""sim_day"": 1.0, ""doy"": 111.0, ""topwt"": 0.0, ""grnwt"": 0.0, ""xlai"": 0.0, ""totir"": 0.0, ""tofer"": NaN, ""swfac"": 0.0, ""nstres"": 0.0}",0.0,0.0,0.0,0.0,0.0,0.0,,0.0,0.0,40.0,0.0,10.22919921875,26.22919921875,Leave_One_experiments/all_year_offline_schedule_search/daily_outputs/SYA/SYA_2009_SYA2009_stress_grid_S0010_daily.csv
SYA,SYA,Shenyang,2009,Leave_One_experiments\wth_generated_qc\SYA\SYA2009.WTH,normal_year;water_stress_year;nitrogen_stress_year,water_stress,SYA2009_stress_grid_S0010,pareto_balanced,2009-04-22,112,2,2,"{""sim_day"": 2.0, ""doy"": 112.0, ""topwt"": 0.0, ""grnwt"": 0.0, ""xlai"": 0.0, ""totir"": 0.0, ""tofer"": NaN, ""swfac"": 0.0, ""nstres"": 0.0}",0.0,0.0,0.0,0.0,0.0,0.0,,0.0,0.0,40.0,0.0,10.22919921875,26.22919921875,Leave_One_experiments/all_year_offline_schedule_search/daily_outputs/SYA/SYA_2009_SYA2009_stress_grid_S0010_daily.csv
SYA,SYA,Shenyang,2009,Leave_One_experiments\wth_generated_qc\SYA\SYA2009.WTH,normal_year;water_stress_year;nitrogen_stress_year,water_stress,SYA2009_stress_grid_S0010,pareto_balanced,2009-04-23,113,3,3,"{""sim_day"": 3.0, ""doy"": 113.0, ""topwt"": 0.0, ""grnwt"": 0.0, ""xlai"": 0.0, ""totir"": 0.0, ""tofer"": NaN, ""swfac"": 0.0, ""nstres"": 0.0}",0.0,0.0,0.0,0.0,0.0,0.0,,0.0,0.0,40.0,0.0,10.22919921875,26.22919921875,Leave_One_experiments/all_year_offline_schedule_search/daily_outputs/SYA/SYA_2009_SYA2009_stress_grid_S0010_daily.csv
SYA,SYA,Shenyang,2009,Leave_One_experiments\wth_generated_qc\SYA\SYA2009.WTH,normal_year;water_stress_year;nitrogen_stress_year,water_stress,SYA2009_stress_grid_S0010,pareto_balanced,2009-04-24,114,4,4,"{""sim_day"": 4.0, ""doy"": 114.0, ""topwt"": 0.0, ""grnwt"": 0.0, ""xlai"": 0.0, ""totir"": 0.0, ""tofer"": NaN, ""swfac"": 0.0, ""nstres"": 0.0}",0.0,0.0,0.0,0.0,0.0,0.0,,0.0,0.0,40.0,0.0,10.22919921875,26.22919921875,Leave_One_experiments/all_year_offline_schedule_search/daily_outputs/SYA/SYA_2009_SYA2009_stress_grid_S0010_daily.csv
SYA,SYA,Shenyang,2009,Leave_One_experiments\wth_generated_qc\SYA\SYA2009.WTH,normal_year;water_stress_year;nitrogen_stress_year,water_stress,SYA2009_stress_grid_S0010,pareto_balanced,2009-04-25,115,5,5,"{""sim_day"": 5.0, ""doy"": 115.0, ""topwt"": 0.0, ""grnwt"": 0.0, ""xlai"": 0.0, ""totir"": 0.0, ""tofer"": NaN, ""swfac"": 0.0, ""nstres"": 0.0}",0.0,0.0,0.0,0.0,0.0,0.0,,0.0,0.0,40.0,0.0,10.22919921875,26.22919921875,Leave_One_experiments/all_year_offline_schedule_search/daily_outputs/SYA/SYA_2009_SYA2009_stress_grid_S0010_daily.csv
SYA,SYA,Shenyang,2009,Leave_One_experiments\wth_generated_qc\SYA\SYA2009.WTH,normal_year;water_stress_year;nitrogen_stress_year,water_stress,SYA2009_stress_grid_S0010,pareto_balanced,2009-04-21,111,6,1,"{""sim_day"": 6.0, ""doy"": 111.0, ""topwt"": 0.0, ""grnwt"": 0.0, ""xlai"": 0.0, ""totir"": 0.0, ""tofer"": NaN, ""swfac"": 0.0, ""nstres"": 0.0}",0.0,0.0,0.0,0.0,0.0,0.0,,0.0,0.0,40.0,0.0,10.22919921875,26.22919921875,Leave_One_experiments/all_year_offline_schedule_search/daily_outputs/SYA/SYA_2009_SYA2009_stress_grid_S0010_daily.csv
SYA,SYA,Shenyang,2009,Leave_One_experiments\wth_generated_qc\SYA\SYA2009.WTH,normal_year;water_stress_year;nitrogen_stress_year,water_stress,SYA2009_stress_grid_S0010,pareto_balanced,2009-04-22,112,7,2,"{""sim_day"": 7.0, ""doy"": 112.0, ""topwt"": 0.0, ""grnwt"": 0.0, ""xlai"": 0.0, ""totir"": 0.0, ""tofer"": NaN, ""swfac"": 0.0, ""nstres"": 0.0}",0.0,0.0,0.0,0.0,0.0,0.0,,0.0,0.0,40.0,0.0,10.22919921875,26.22919921875,Leave_One_experiments/all_year_offline_schedule_search/daily_outputs/SYA/SYA_2009_SYA2009_stress_grid_S0010_daily.csv
SYA,SYA,Shenyang,2009,Leave_One_experiments\wth_generated_qc\SYA\SYA2009.WTH,normal_year;water_stress_year;nitrogen_stress_year,water_stress,SYA2009_stress_grid_S0010,pareto_balanced,2009-04-23,113,8,3,"{""sim_day"": 8.0, ""doy"": 113.0, ""topwt"": 0.0, ""grnwt"": 0.0, ""xlai"": 0.0, ""totir"": 0.0, ""tofer"": NaN, ""swfac"": 0.0, ""nstres"": 0.0}",0.0,0.0,0.0,0.0,0.0,0.0,,0.0,0.0,40.0,0.0,10.22919921875,26.22919921875,Leave_One_experiments/all_year_offline_schedule_search/daily_outputs/SYA/SYA_2009_SYA2009_stress_grid_S0010_daily.csv
SYA,SYA,Shenyang,2009,Leave_One_experiments\wth_generated_qc\SYA\SYA2009.WTH,normal_year;water_stress_year;nitrogen_stress_year,water_stress,SYA2009_stress_grid_S0010,pareto_balanced,2009-04-24,114,9,4,"{""sim_day"": 9.0, ""doy"": 114.0, ""topwt"": 0.0, ""grnwt"": 0.0, ""xlai"": 0.0, ""totir"": 0.0, ""tofer"": NaN, ""swfac"": 0.0, ""nstres"": 0.0}",0.0,0.0,0.0,0.0,0.0,0.0,,0.0,0.0,40.0,0.0,10.22919921875,26.22919921875,Leave_One_experiments/all_year_offline_schedule_search/daily_outputs/SYA/SYA_2009_SYA2009_stress_grid_S0010_daily.csv
SYA,SYA,Shenyang,2009,Leave_One_experiments\wth_generated_qc\SYA\SYA2009.WTH,normal_year;water_stress_year;nitrogen_stress_year,water_stress,SYA2009_stress_grid_S0010,pareto_balanced,2009-04-25,115,10,5,"{""sim_day"": 10.0, ""doy"": 115.0, ""topwt"": 0.0, ""grnwt"": 0.0, ""xlai"": 0.0, ""totir"": 0.0, ""tofer"": NaN, ""swfac"": 0.0, ""nstres"": 0.0}",0.0,0.0,0.0,0.0,0.0,0.0,,0.0,0.0,40.0,0.0,10.22919921875,26.22919921875,Leave_One_experiments/all_year_offline_schedule_search/daily_outputs/SYA/SYA_2009_SYA2009_stress_grid_S0010_daily.csv
SYA,SYA,Shenyang,2009,Leave_One_experiments\wth_generated_qc\SYA\SYA2009.WTH,normal_year;water_stress_year;nitrogen_stress_year,water_stress,SYA2009_stress_grid_S0010,pareto_balanced,2009-04-26,116,11,6,"{""sim_day"": 11.0, ""doy"": 116.0, ""topwt"": 0.0, ""grnwt"": 0.0, ""xlai"": 0.0, ""totir"": 0.0, ""tofer"": NaN, ""swfac"": 0.0, ""nstres"": 0.0}",0.0,0.0,0.0,0.0,0.0,0.0,,0.0,0.0,40.0,0.0,10.22919921875,26.22919921875,Leave_One_experiments/all_year_offline_schedule_search/daily_outputs/SYA/SYA_2009_SYA2009_stress_grid_S0010_daily.csv
SYA,SYA,Shenyang,2009,Leave_One_experiments\wth_generated_qc\SYA\SYA2009.WTH,normal_year;water_stress_year;nitrogen_stress_year,water_stress,SYA2009_stress_grid_S0010,pareto_balanced,2009-04-27,117,12,7,"{""sim_day"": 12.0, ""doy"": 117.0, ""topwt"": 0.0, ""grnwt"": 0.0, ""xlai"": 0.0, ""totir"": 0.0, ""tofer"": NaN, ""swfac"": 0.0, ""nstres"": 0.0}",0.0,0.0,0.0,0.0,0.0,0.0,,0.0,0.0,40.0,0.0,10.22919921875,26.22919921875,Leave_One_experiments/all_year_offline_schedule_search/daily_outputs/SYA/SYA_2009_SYA2009_stress_grid_S0010_daily.csv
SYA,SYA,Shenyang,2009,Leave_One_experiments\wth_generated_qc\SYA\SYA2009.WTH,normal_year;water_stress_year;nitrogen_stress_year,water_stress,SYA2009_stress_grid_S0010,pareto_balanced,2009-04-28,118,13,8,"{""sim_day"": 13.0, ""doy"": 118.0, ""topwt"": 0.0, ""grnwt"": 0.0, ""xlai"": 0.0, ""totir"": 0.0, ""tofer"": NaN, ""swfac"": 0.0, ""nstres"": 0.0}",0.0,0.0,0.0,0.0,0.0,0.0,,0.0,0.0,40.0,0.0,10.22919921875,26.22919921875,Leave_One_experiments/all_year_offline_schedule_search/daily_outputs/SYA/SYA_2009_SYA2009_stress_grid_S0010_daily.csv
SYA,SYA,Shenyang,2009,Leave_One_experiments\wth_generated_qc\SYA\SYA2009.WTH,normal_year;water_stress_year;nitrogen_stress_year,water_stress,SYA2009_stress_grid_S0010,pareto_balanced,2009-04-29,119,14,9,"{""sim_day"": 14.0, ""doy"": 119.0, ""topwt"": 0.0, ""grnwt"": 0.0, ""xlai"": 0.0, ""totir"": 0.0, ""tofer"": NaN, ""swfac"": 0.0, ""nstres"": 0.0}",0.0,0.0,0.0,0.0,0.0,0.0,,0.0,0.0,40.0,0.0,10.22919921875,26.22919921875,Leave_One_experiments/all_year_offline_schedule_search/daily_outputs/SYA/SYA_2009_SYA2009_stress_grid_S0010_daily.csv
SYA,SYA,Shenyang,2009,Leave_One_experiments\wth_generated_qc\SYA\SYA2009.WTH,normal_year;water_stress_year;nitrogen_stress_year,water_stress,SYA2009_stress_grid_S0010,pareto_balanced,2009-04-30,120,15,10,"{""sim_day"": 15.0, ""doy"": 120.0, ""topwt"": 0.0, ""grnwt"": 0.0, ""xlai"": 0.0, ""totir"": 0.0, ""tofer"": NaN, ""swfac"": 0.0, ""nstres"": 0.0}",0.0,0.0,0.0,0.0,0.0,0.0,,0.0,0.0,40.0,0.0,10.22919921875,26.22919921875,Leave_One_experiments/all_year_offline_schedule_search/daily_outputs/SYA/SYA_2009_SYA2009_stress_grid_S0010_daily.csv
SYA,SYA,Shenyang,2009,Leave_One_experiments\wth_generated_qc\SYA\SYA2009.WTH,normal_year;water_stress_year;nitrogen_stress_year,water_stress,SYA2009_stress_grid_S0010,pareto_balanced,2009-05-01,121,16,11,"{""sim_day"": 16.0, ""doy"": 121.0, ""topwt"": 0.0, ""grnwt"": 0.0, ""xlai"": 0.0, ""totir"": 0.0, ""tofer"": NaN, ""swfac"": 0.0, ""nstres"": 0.0}",0.0,0.0,0.0,0.0,0.0,0.0,,0.0,0.0,40.0,0.0,10.22919921875,26.22919921875,Leave_One_experiments/all_year_offline_schedule_search/daily_outputs/SYA/SYA_2009_SYA2009_stress_grid_S0010_daily.csv
SYA,SYA,Shenyang,2009,Leave_One_experiments\wth_generated_qc\SYA\SYA2009.WTH,normal_year;water_stress_year;nitrogen_stress_year,water_stress,SYA2009_stress_grid_S0010,pareto_balanced,2009-05-02,122,17,12,"{""sim_day"": 17.0, ""doy"": 122.0, ""topwt"": 0.0, ""grnwt"": 0.0, ""xlai"": 0.0, ""totir"": 0.0, ""tofer"": NaN, ""swfac"": 0.0, ""nstres"": 0.0}",0.0,0.0,0.0,0.0,0.0,0.0,,0.0,0.0,40.0,0.0,10.22919921875,26.22919921875,Leave_One_experiments/all_year_offline_schedule_search/daily_outputs/SYA/SYA_2009_SYA2009_stress_grid_S0010_daily.csv
SYA,SYA,Shenyang,2009,Leave_One_experiments\wth_generated_qc\SYA\SYA2009.WTH,normal_year;water_stress_year;nitrogen_stress_year,water_stress,SYA2009_stress_grid_S0010,pareto_balanced,2009-05-03,123,18,13,"{""sim_day"": 18.0, ""doy"": 123.0, ""topwt"": 17.600001096725464, ""grnwt"": 0.0, ""xlai"": 0.0019080422352999, ""totir"": 0.0, ""tofer"": NaN, ""swfac"": 0.0, ""nstres"": 0.0121910572052001}",0.0,0.0121910572052001,17.600001096725464,0.0,0.0019080422352999,0.0,,0.0,0.0,40.0,0.0,10.22919921875,26.22919921875,Leave_One_experiments/all_year_offline_schedule_search/daily_outputs/SYA/SYA_2009_SYA2009_stress_grid_S0010_daily.csv
SYA,SYA,Shenyang,2009,Leave_One_experiments\wth_generated_qc\SYA\SYA2009.WTH,normal_year;water_stress_year;nitrogen_stress_year,water_stress,SYA2009_stress_grid_S0010,pareto_balanced,2009-05-04,124,19,14,"{""sim_day"": 19.0, ""doy"": 124.0, ""topwt"": 17.600001096725464, ""grnwt"": 0.0, ""xlai"": 0.0036874369252473, ""totir"": 0.0, ""tofer"": NaN, ""swfac"": 0.0, ""nstres"": 0.0113089084625244}",0.0,0.0113089084625244,17.600001096725464,0.0,0.0036874369252473,0.0,,0.0,0.0,40.0,0.0,10.22919921875,26.22919921875,Leave_One_experiments/all_year_offline_schedule_search/daily_outputs/SYA/SYA_2009_SYA2009_stress_grid_S0010_daily.csv
SYA,SYA,Shenyang,2009,Leave_One_experiments\wth_generated_qc\SYA\SYA2009.WTH,normal_year;water_stress_year;nitrogen_stress_year,water_stress,SYA2009_stress_grid_S0010,pareto_balanced,2009-05-05,125,20,15,"{""sim_day"": 20.0, ""doy"": 125.0, ""topwt"": 17.600001096725464, ""grnwt"": 0.0, ""xlai"": 0.0058452719822525, ""totir"": 0.0, ""tofer"": NaN, ""swfac"": 0.0, ""nstres"": 0.0052775144577026}",0.0,0.0052775144577026,17.600001096725464,0.0,0.0058452719822525,0.0,,0.0,0.0,40.0,0.0,10.22919921875,26.22919921875,Leave_One_experiments/all_year_offline_schedule_search/daily_outputs/SYA/SYA_2009_SYA2009_stress_grid_S0010_daily.csv
SYA,SYA,Shenyang,2009,Leave_One_experiments\wth_generated_qc\SYA\SYA2009.WTH,normal_year;water_stress_year;nitrogen_stress_year,water_stress,SYA2009_stress_grid_S0010,pareto_balanced,2009-05-06,126,21,16,"{""sim_day"": 21.0, ""doy"": 126.0, ""topwt"": 17.600001096725464, ""grnwt"": 0.0, ""xlai"": 0.0081360777840018, ""totir"": 0.0, ""tofer"": NaN, ""swfac"": 0.0, ""nstres"": 0.0}",0.0,0.0,17.600001096725464,0.0,0.0081360777840018,0.0,,0.0,0.0,40.0,0.0,10.22919921875,26.22919921875,Leave_One_experiments/all_year_offline_schedule_search/daily_outputs/SYA/SYA_2009_SYA2009_stress_grid_S0010_daily.csv
SYA,SYA,Shenyang,2009,Leave_One_experiments\wth_generated_qc\SYA\SYA2009.WTH,normal_year;water_stress_year;nitrogen_stress_year,water_stress,SYA2009_stress_grid_S0010,pareto_balanced,2009-05-07,127,22,17,"{""sim_day"": 22.0, ""doy"": 127.0, ""topwt"": 17.600001096725464, ""grnwt"": 0.0, ""xlai"": 0.0105178114026784, ""totir"": 0.0, ""tofer"": NaN, ""swfac"": 0.0, ""nstres"": 0.0}",0.0,0.0,17.600001096725464,0.0,0.0105178114026784,0.0,,0.0,0.0,40.0,0.0,10.22919921875,26.22919921875,Leave_One_experiments/all_year_offline_schedule_search/daily_outputs/SYA/SYA_2009_SYA2009_stress_grid_S0010_daily.csv
SYA,SYA,Shenyang,2009,Leave_One_experiments\wth_generated_qc\SYA\SYA2009.WTH,normal_year;water_stress_year;nitrogen_stress_year,water_stress,SYA2009_stress_grid_S0010,pareto_balanced,2009-05-08,128,23,18,"{""sim_day"": 23.0, ""doy"": 128.0, ""topwt"": 17.600001096725464, ""grnwt"": 0.0, ""xlai"": 0.0119237629696726, ""totir"": 0.0, ""tofer"": NaN, ""swfac"": 0.0, ""nstres"": 0.0}",0.0,0.0,17.600001096725464,0.0,0.0119237629696726,0.0,,0.0,0.0,40.0,0.0,10.22919921875,26.22919921875,Leave_One_experiments/all_year_offline_schedule_search/daily_outputs/SYA/SYA_2009_SYA2009_stress_grid_S0010_daily.csv
SYA,SYA,Shenyang,2009,Leave_One_experiments\wth_generated_qc\SYA\SYA2009.WTH,normal_year;water_stress_year;nitrogen_stress_year,water_stress,SYA2009_stress_grid_S0010,pareto_balanced,2009-05-09,129,24,19,"{""sim_day"": 24.0, ""doy"": 129.0, ""topwt"": 17.600001096725464, ""grnwt"": 0.0, ""xlai"": 0.0129874506965279, ""totir"": 0.0, ""tofer"": NaN, ""swfac"": 0.0, ""nstres"": 0.0}",0.0,0.0,17.600001096725464,0.0,0.0129874506965279,0.0,,0.0,0.0,40.0,0.0,10.22919921875,26.22919921875,Leave_One_experiments/all_year_offline_schedule_search/daily_outputs/SYA/SYA_2009_SYA2009_stress_grid_S0010_daily.csv
SYA,SYA,Shenyang,2009,Leave_One_experiments\wth_generated_qc\SYA\SYA2009.WTH,normal_year;water_stress_year;nitrogen_stress_year,water_stress,SYA2009_stress_grid_S0010,pareto_balanced,2009-05-10,130,25,20,"{""sim_day"": 25.0, ""doy"": 130.0, ""topwt"": 17.600001096725464, ""grnwt"": 0.0, ""xlai"": 0.0168522279709577, ""totir"": 0.0, ""tofer"": NaN, ""swfac"": 0.0, ""nstres"": 0.0}",0.0,0.0,17.600001096725464,0.0,0.0168522279709577,0.0,,0.0,0.0,40.0,0.0,10.22919921875,26.22919921875,Leave_One_experiments/all_year_offline_schedule_search/daily_outputs/SYA/SYA_2009_SYA2009_stress_grid_S0010_daily.csv
SYA,SYA,Shenyang,2009,Leave_One_experiments\wth_generated_qc\SYA\SYA2009.WTH,normal_year;water_stress_year;nitrogen_stress_year,water_stress,SYA2009_stress_grid_S0010,pareto_balanced,2009-05-11,131,26,21,"{""sim_day"": 26.0, ""doy"": 131.0, ""topwt"": 17.600001096725464, ""grnwt"": 0.0, ""xlai"": 0.0228550601750612, ""totir"": 0.0, ""tofer"": NaN, ""swfac"": 0.0, ""nstres"": 0.0}",0.0,0.0,17.600001096725464,0.0,0.0228550601750612,0.0,,0.0,0.0,40.0,0.0,10.22919921875,26.22919921875,Leave_One_experiments/all_year_offline_schedule_search/daily_outputs/SYA/SYA_2009_SYA2009_stress_grid_S0010_daily.csv
SYA,SYA,Shenyang,2009,Leave_One_experiments\wth_generated_qc\SYA\SYA2009.WTH,normal_year;water_stress_year;nitrogen_stress_year,water_stress,SYA2009_stress_grid_S0010,pareto_balanced,2009-05-12,132,27,22,"{""sim_day"": 27.0, ""doy"": 132.0, ""topwt"": 17.600001096725464, ""grnwt"": 0.0, ""xlai"": 0.029379604384303, ""totir"": 0.0, ""tofer"": NaN, ""swfac"": 0.0, ""nstres"": 0.0}",0.0,0.0,17.600001096725464,0.0,0.029379604384303,0.0,,0.0,0.0,40.0,0.0,10.22919921875,26.22919921875,Leave_One_experiments/all_year_offline_schedule_search/daily_outputs/SYA/SYA_2009_SYA2009_stress_grid_S0010_daily.csv
SYA,SYA,Shenyang,2009,Leave_One_experiments\wth_generated_qc\SYA\SYA2009.WTH,normal_year;water_stress_year;nitrogen_stress_year,water_stress,SYA2009_stress_grid_S0010,pareto_balanced,2009-05-13,133,28,23,"{""sim_day"": 28.0, ""doy"": 133.0, ""topwt"": 20.747439861297607, ""grnwt"": 0.0, ""xlai"": 0.0384640358388423, ""totir"": 0.0, ""tofer"": NaN, ""swfac"": 0.0, ""nstres"": 0.0}",0.0,0.0,20.747439861297607,0.0,0.0384640358388423,0.0,,0.0,0.0,40.0,0.0,10.22919921875,26.22919921875,Leave_One_experiments/all_year_offline_schedule_search/daily_outputs/SYA/SYA_2009_SYA2009_stress_grid_S0010_daily.csv
SYA,SYA,Shenyang,2009,Leave_One_experiments\wth_generated_qc\SYA\SYA2009.WTH,normal_year;water_stress_year;nitrogen_stress_year,water_stress,SYA2009_stress_grid_S0010,pareto_balanced,2009-05-14,134,29,24,"{""sim_day"": 29.0, ""doy"": 134.0, ""topwt"": 24.08001184463501, ""grnwt"": 0.0, ""xlai"": 0.0467869862914085, ""totir"": 0.0, ""tofer"": NaN, ""swfac"": 0.0, ""nstres"": 0.0}",0.0,0.0,24.08001184463501,0.0,0.0467869862914085,0.0,,0.0,0.0,40.0,0.0,10.22919921875,26.22919921875,Leave_One_experiments/all_year_offline_schedule_search/daily_outputs/SYA/SYA_2009_SYA2009_stress_grid_S0010_daily.csv
SYA,SYA,Shenyang,2009,Leave_One_experiments\wth_generated_qc\SYA\SYA2009.WTH,normal_year;water_stress_year;nitrogen_stress_year,water_stress,SYA2009_stress_grid_S0010,pareto_balanced,2009-05-15,135,30,25,"{""sim_day"": 30.0, ""doy"": 135.0, ""topwt"": 26.830620765686035, ""grnwt"": 0.0, ""xlai"": 0.0533737652003765, ""totir"": 0.0, ""tofer"": NaN, ""swfac"": 0.0, ""nstres"": 0.0}",0.0,0.0,26.830620765686035,0.0,0.0533737652003765,0.0,,0.0,0.0,40.0,0.0,10.22919921875,26.22919921875,Leave_One_experiments/all_year_offline_schedule_search/daily_outputs/SYA/SYA_2009_SYA2009_stress_grid_S0010_daily.csv
SYA,SYA,Shenyang,2009,Leave_One_experiments\wth_generated_qc\SYA\SYA2009.WTH,normal_year;water_stress_year;nitrogen_stress_year,water_stress,SYA2009_stress_grid_S0010,pareto_balanced,2009-05-16,136,31,26,"{""sim_day"": 31.0, ""doy"": 136.0, ""topwt"": 30.95163345336914, ""grnwt"": 0.0, ""xlai"": 0.062868058681488, ""totir"": 0.0, ""tofer"": NaN, ""swfac"": 0.0, ""nstres"": 0.0}",0.0,0.0,30.95163345336914,0.0,0.062868058681488,0.0,,0.0,0.0,40.0,0.0,10.22919921875,26.22919921875,Leave_One_experiments/all_year_offline_schedule_search/daily_outputs/SYA/SYA_2009_SYA2009_stress_grid_S0010_daily.csv
SYA,SYA,Shenyang,2009,Leave_One_experiments\wth_generated_qc\SYA\SYA2009.WTH,normal_year;water_stress_year;nitrogen_stress_year,water_stress,SYA2009_stress_grid_S0010,pareto_balanced,2009-05-17,137,32,27,"{""sim_day"": 32.0, ""doy"": 137.0, ""topwt"": 37.05496072769165, ""grnwt"": 0.0, ""xlai"": 0.0762852877378463, ""totir"": 0.0, ""tofer"": NaN, ""swfac"": 0.0, ""nstres"": 0.0}",0.0,0.0,37.05496072769165,0.0,0.0762852877378463,0.0,,0.0,0.0,40.0,0.0,10.22919921875,26.22919921875,Leave_One_experiments/all_year_offline_schedule_search/daily_outputs/SYA/SYA_2009_SYA2009_stress_grid_S0010_daily.csv
SYA,SYA,Shenyang,2009,Leave_One_experiments\wth_generated_qc\SYA\SYA2009.WTH,normal_year;water_stress_year;nitrogen_stress_year,water_stress,SYA2009_stress_grid_S0010,pareto_balanced,2009-05-18,138,33,28,"{""sim_day"": 33.0, ""doy"": 138.0, ""topwt"": 44.408955574035645, ""grnwt"": 0.0, ""xlai"": 0.0916721075773239, ""totir"": 0.0, ""tofer"": NaN, ""swfac"": 0.0, ""nstres"": 0.0}",0.0,0.0,44.408955574035645,0.0,0.0916721075773239,0.0,,0.0,0.0,40.0,0.0,10.22919921875,26.22919921875,Leave_One_experiments/all_year_offline_schedule_search/daily_outputs/SYA/SYA_2009_SYA2009_stress_grid_S0010_daily.csv
SYA,SYA,Shenyang,2009,Leave_One_experiments\wth_generated_qc\SYA\SYA2009.WTH,normal_year;water_stress_year;nitrogen_stress_year,water_stress,SYA2009_stress_grid_S0010,pareto_balanced,2009-05-19,139,34,29,"{""sim_day"": 34.0, ""doy"": 139.0, ""topwt"": 53.59796524047852, ""grnwt"": 0.0, ""xlai"": 0.109994038939476, ""totir"": 0.0, ""tofer"": NaN, ""swfac"": 0.0, ""nstres"": 0.0}",0.0,0.0,53.59796524047852,0.0,0.109994038939476,0.0,,0.0,0.0,40.0,0.0,10.22919921875,26.22919921875,Leave_One_experiments/all_year_offline_schedule_search/daily_outputs/SYA/SYA_2009_SYA2009_stress_grid_S0010_daily.csv
SYA,SYA,Shenyang,2009,Leave_One_experiments\wth_generated_qc\SYA\SYA2009.WTH,normal_year;water_stress_year;nitrogen_stress_year,water_stress,SYA2009_stress_grid_S0010,pareto_balanced,2009-05-20,140,35,30,"{""sim_day"": 35.0, ""doy"": 140.0, ""topwt"": 62.295289039611816, ""grnwt"": 0.0, ""xlai"": 0.126615285873413, ""totir"": 0.0, ""tofer"": NaN, ""swfac"": 0.0, ""nstres"": 0.0021744966506958}",0.0,0.0021744966506958,62.295289039611816,0.0,0.126615285873413,0.0,,0.0,0.0,40.0,0.0,10.22919921875,26.22919921875,Leave_One_experiments/all_year_offline_schedule_search/daily_outputs/SYA/SYA_2009_SYA2009_stress_grid_S0010_daily.csv
SYA,SYA,Shenyang,2009,Leave_One_experiments\wth_generated_qc\SYA\SYA2009.WTH,normal_year;water_stress_year;nitrogen_stress_year,water_stress,SYA2009_stress_grid_S0010,pareto_balanced,2009-05-21,141,36,31,"{""sim_day"": 36.0, ""doy"": 141.0, ""topwt"": 67.69791603088379, ""grnwt"": 0.0, ""xlai"": 0.1366492956876754, ""totir"": 0.0, ""tofer"": NaN, ""swfac"": 0.0, ""nstres"": 0.0090452432632446}",0.0,0.0090452432632446,67.69791603088379,0.0,0.1366492956876754,0.0,,0.0,0.0,40.0,0.0,10.22919921875,26.22919921875,Leave_One_experiments/all_year_offline_schedule_search/daily_outputs/SYA/SYA_2009_SYA2009_stress_grid_S0010_daily.csv
SYA,SYA,Shenyang,2009,Leave_One_experiments\wth_generated_qc\SYA\SYA2009.WTH,normal_year;water_stress_year;nitrogen_stress_year,water_stress,SYA2009_stress_grid_S0010,pareto_balanced,2009-05-22,142,37,32,"{""sim_day"": 37.0, ""doy"": 142.0, ""topwt"": 71.9777250289917, ""grnwt"": 0.0, ""xlai"": 0.1543054580688476, ""totir"": 0.0, ""tofer"": NaN, ""swfac"": 0.0, ""nstres"": 0.0}",0.0,0.0,71.9777250289917,0.0,0.1543054580688476,0.0,,0.0,0.0,40.0,0.0,10.22919921875,26.22919921875,Leave_One_experiments/all_year_offline_schedule_search/daily_outputs/SYA/SYA_2009_SYA2009_stress_grid_S0010_daily.csv
SYA,SYA,Shenyang,2009,Leave_One_experiments\wth_generated_qc\SYA\SYA2009.WTH,normal_year;water_stress_year;nitrogen_stress_year,water_stress,SYA2009_stress_grid_S0010,pareto_balanced,2009-05-23,143,38,33,"{""sim_day"": 38.0, ""doy"": 143.0, ""topwt"": 85.44795036315918, ""grnwt"": 0.0, ""xlai"": 0.1798513531684875, ""totir"": 0.0, ""tofer"": NaN, ""swfac"": 0.0, ""nstres"": 0.0165398716926574}",0.0,0.0165398716926574,85.44795036315918,0.0,0.1798513531684875,0.0,,0.0,0.0,40.0,0.0,10.22919921875,26.22919921875,Leave_One_experiments/all_year_offline_schedule_search/daily_outputs/SYA/SYA_2009_SYA2009_stress_grid_S0010_daily.csv
SYA,SYA,Shenyang,2009,Leave_One_experiments\wth_generated_qc\SYA\SYA2009.WTH,normal_year;water_stress_year;nitrogen_stress_year,water_stress,SYA2009_stress_grid_S0010,pareto_balanced,2009-05-24,144,39,34,"{""sim_day"": 39.0, ""doy"": 144.0, ""topwt"": 101.18842124938963, ""grnwt"": 0.0, ""xlai"": 0.2085268199443817, ""totir"": 0.0, ""tofer"": NaN, ""swfac"": 0.0, ""nstres"": 0.0196787118911743}",0.0,0.0196787118911743,101.18842124938963,0.0,0.2085268199443817,0.0,,0.0,0.0,40.0,0.0,10.22919921875,26.22919921875,Leave_One_experiments/all_year_offline_schedule_search/daily_outputs/SYA/SYA_2009_SYA2009_stress_grid_S0010_daily.csv
SYA,SYA,Shenyang,2009,Leave_One_experiments\wth_generated_qc\SYA\SYA2009.WTH,normal_year;water_stress_year;nitrogen_stress_year,water_stress,SYA2009_stress_grid_S0010,pareto_balanced,2009-05-25,145,40,35,"{""sim_day"": 40.0, ""doy"": 145.0, ""topwt"": 116.58204078674316, ""grnwt"": 0.0, ""xlai"": 0.2351351529359817, ""totir"": 0.0, ""tofer"": NaN, ""swfac"": 0.0, ""nstres"": 0.0536161065101623}",0.0,0.0536161065101623,116.58204078674316,0.0,0.2351351529359817,0.0,,0.0,0.0,40.0,0.0,10.22919921875,26.22919921875,Leave_One_experiments/all_year_offline_schedule_search/daily_outputs/SYA/SYA_2009_SYA2009_stress_grid_S0010_daily.csv
SYA,SYA,Shenyang,2009,Leave_One_experiments\wth_generated_qc\SYA\SYA2009.WTH,normal_year;water_stress_year;nitrogen_stress_year,water_stress,SYA2009_stress_grid_S0010,pareto_balanced,2009-05-26,146,41,36,"{""sim_day"": 41.0, ""doy"": 146.0, ""topwt"": 132.31246948242188, ""grnwt"": 0.0, ""xlai"": 0.2598929107189178, ""totir"": 0.0, ""tofer"": NaN, ""swfac"": 0.0, ""nstres"": 0.0989211797714233}",0.0,0.0989211797714233,132.31246948242188,0.0,0.2598929107189178,0.0,,0.0,0.0,40.0,0.0,10.22919921875,26.22919921875,Leave_One_experiments/all_year_offline_schedule_search/daily_outputs/SYA/SYA_2009_SYA2009_stress_grid_S0010_daily.csv
SYA,SYA,Shenyang,2009,Leave_One_experiments\wth_generated_qc\SYA\SYA2009.WTH,normal_year;water_stress_year;nitrogen_stress_year,water_stress,SYA2009_stress_grid_S0010,pareto_balanced,2009-05-27,147,42,37,"{""sim_day"": 42.0, ""doy"": 147.0, ""topwt"": 148.07083129882812, ""grnwt"": 0.0, ""xlai"": 0.2829633355140686, ""totir"": 0.0, ""tofer"": NaN, ""swfac"": 0.0, ""nstres"": 0.1196705102920532}",0.0,0.1196705102920532,148.07083129882812,0.0,0.2829633355140686,0.0,,0.0,0.0,40.0,0.0,10.22919921875,26.22919921875,Leave_One_experiments/all_year_offline_schedule_search/daily_outputs/SYA/SYA_2009_SYA2009_stress_grid_S0010_daily.csv
SYA,SYA,Shenyang,2009,Leave_One_experiments\wth_generated_qc\SYA\SYA2009.WTH,normal_year;water_stress_year;nitrogen_stress_year,water_stress,SYA2009_stress_grid_S0010,pareto_balanced,2009-05-28,148,43,38,"{""sim_day"": 43.0, ""doy"": 148.0, ""topwt"": 161.39226913452148, ""grnwt"": 0.0, ""xlai"": 0.3010501265525818, ""totir"": 0.0, ""tofer"": NaN, ""swfac"": 0.0, ""nstres"": 0.1196509599685669}",0.0,0.1196509599685669,161.39226913452148,0.0,0.3010501265525818,0.0,,0.0,0.0,40.0,0.0,10.22919921875,26.22919921875,Leave_One_experiments/all_year_offline_schedule_search/daily_outputs/SYA/SYA_2009_SYA2009_stress_grid_S0010_daily.csv
SYA,SYA,Shenyang,2009,Leave_One_experiments\wth_generated_qc\SYA\SYA2009.WTH,normal_year;water_stress_year;nitrogen_stress_year,water_stress,SYA2009_stress_grid_S0010,pareto_balanced,2009-05-29,149,44,39,"{""sim_day"": 44.0, ""doy"": 149.0, ""topwt"": 173.93531799316406, ""grnwt"": 0.0, ""xlai"": 0.3171864748001098, ""totir"": 0.0, ""tofer"": NaN, ""swfac"": 0.0, ""nstres"": 0.1202638149261474}",0.0,0.1202638149261474,173.93531799316406,0.0,0.3171864748001098,0.0,,0.0,0.0,40.0,0.0,10.22919921875,26.22919921875,Leave_One_experiments/all_year_offline_schedule_search/daily_outputs/SYA/SYA_2009_SYA2009_stress_grid_S0010_daily.csv
SYA,SYA,Shenyang,2009,Leave_One_experiments\wth_generated_qc\SYA\SYA2009.WTH,normal_year;water_stress_year;nitrogen_stress_year,water_stress,SYA2009_stress_grid_S0010,pareto_balanced,2009-05-30,150,45,40,"{""sim_day"": 45.0, ""doy"": 150.0, ""topwt"": 189.23320770263672, ""grnwt"": 0.0, ""xlai"": 0.336963027715683, ""totir"": 0.0, ""tofer"": NaN, ""swfac"": 0.0, ""nstres"": 0.1258952617645263}",0.0,0.1258952617645263,189.23320770263672,0.0,0.336963027715683,0.0,,0.0,0.0,40.0,0.0,10.22919921875,26.22919921875,Leave_One_experiments/all_year_offline_schedule_search/daily_outputs/SYA/SYA_2009_SYA2009_stress_grid_S0010_daily.csv
SYA,SYA,Shenyang,2009,Leave_One_experiments\wth_generated_qc\SYA\SYA2009.WTH,normal_year;water_stress_year;nitrogen_stress_year,water_stress,SYA2009_stress_grid_S0010,pareto_balanced,2009-05-31,151,46,41,"{""sim_day"": 46.0, ""doy"": 151.0, ""topwt"": 208.9439392089844, ""grnwt"": 0.0, ""xlai"": 0.3632967174053192, ""totir"": 0.0, ""tofer"": NaN, ""swfac"": 0.0, ""nstres"": 0.1186718940734863}",0.0,0.1186718940734863,208.9439392089844,0.0,0.3632967174053192,0.0,,0.0,0.0,40.0,0.0,10.22919921875,26.22919921875,Leave_One_experiments/all_year_offline_schedule_search/daily_outputs/SYA/SYA_2009_SYA2009_stress_grid_S0010_daily.csv
SYA,SYA,Shenyang,2009,Leave_One_experiments\wth_generated_qc\SYA\SYA2009.WTH,normal_year;water_stress_year;nitrogen_stress_year,water_stress,SYA2009_stress_grid_S0010,pareto_balanced,2009-06-01,152,47,42,"{""sim_day"": 47.0, ""doy"": 152.0, ""topwt"": 229.34661865234372, ""grnwt"": 0.0, ""xlai"": 0.3859837651252746, ""totir"": 0.0, ""tofer"": NaN, ""swfac"": 0.0, ""nstres"": 0.1081352829933166}",0.0,0.1081352829933166,229.34661865234372,0.0,0.3859837651252746,0.0,,0.0,0.0,40.0,0.0,10.22919921875,26.22919921875,Leave_One_experiments/all_year_offline_schedule_search/daily_outputs/SYA/SYA_2009_SYA2009_stress_grid_S0010_daily.csv
SYA,SYA,Shenyang,2009,Leave_One_experiments\wth_generated_qc\SYA\SYA2009.WTH,normal_year;water_stress_year;nitrogen_stress_year,water_stress,SYA2009_stress_grid_S0010,pareto_balanced,2009-06-02,153,48,43,"{""sim_day"": 48.0, ""doy"": 153.0, ""topwt"": 253.35943222045896, ""grnwt"": 0.0, ""xlai"": 0.4166736304759979, ""totir"": 0.0, ""tofer"": NaN, ""swfac"": 0.0, ""nstres"": 0.111031174659729}",0.0,0.111031174659729,253.35943222045896,0.0,0.4166736304759979,0.0,,0.0,0.0,40.0,0.0,10.22919921875,26.22919921875,Leave_One_experiments/all_year_offline_schedule_search/daily_outputs/SYA/SYA_2009_SYA2009_stress_grid_S0010_daily.csv
SYA,SYA,Shenyang,2009,Leave_One_experiments\wth_generated_qc\SYA\SYA2009.WTH,normal_year;water_stress_year;nitrogen_stress_year,water_stress,SYA2009_stress_grid_S0010,pareto_balanced,2009-06-03,154,49,44,"{""sim_day"": 49.0, ""doy"": 154.0, ""topwt"": 276.8324089050293, ""grnwt"": 0.0, ""xlai"": 0.4441982209682464, ""totir"": 0.0, ""tofer"": NaN, ""swfac"": 0.0, ""nstres"": 0.1286224722862243}",0.0,0.1286224722862243,276.8324089050293,0.0,0.4441982209682464,0.0,,0.0,0.0,40.0,0.0,10.22919921875,26.22919921875,Leave_One_experiments/all_year_offline_schedule_search/daily_outputs/SYA/SYA_2009_SYA2009_stress_grid_S0010_daily.csv
SYA,SYA,Shenyang,2009,Leave_One_experiments\wth_generated_qc\SYA\SYA2009.WTH,normal_year;water_stress_year;nitrogen_stress_year,water_stress,SYA2009_stress_grid_S0010,pareto_balanced,2009-06-04,155,50,45,"{""sim_day"": 50.0, ""doy"": 155.0, ""topwt"": 301.1493110656738, ""grnwt"": 0.0, ""xlai"": 0.4704273343086242, ""totir"": 0.0, ""tofer"": NaN, ""swfac"": 0.0, ""nstres"": 0.1468330025672912}",0.0,0.1468330025672912,301.1493110656738,0.0,0.4704273343086242,0.0,,0.0,0.0,40.0,0.0,10.22919921875,26.22919921875,Leave_One_experiments/all_year_offline_schedule_search/daily_outputs/SYA/SYA_2009_SYA2009_stress_grid_S0010_daily.csv
SYA,SYA,Shenyang,2009,Leave_One_experiments\wth_generated_qc\SYA\SYA2009.WTH,normal_year;water_stress_year;nitrogen_stress_year,water_stress,SYA2009_stress_grid_S0010,pareto_balanced,2009-06-05,156,51,46,"{""sim_day"": 51.0, ""doy"": 156.0, ""topwt"": 323.73226165771484, ""grnwt"": 0.0, ""xlai"": 0.4919179677963257, ""totir"": 0.0, ""tofer"": NaN, ""swfac"": 0.0, ""nstres"": 0.1614519357681274}",0.0,0.1614519357681274,323.73226165771484,0.0,0.4919179677963257,0.0,,0.0,0.0,40.0,0.0,10.22919921875,26.22919921875,Leave_One_experiments/all_year_offline_schedule_search/daily_outputs/SYA/SYA_2009_SYA2009_stress_grid_S0010_daily.csv
SYA,SYA,Shenyang,2009,Leave_One_experiments\wth_generated_qc\SYA\SYA2009.WTH,normal_year;water_stress_year;nitrogen_stress_year,water_stress,SYA2009_stress_grid_S0010,pareto_balanced,2009-06-06,157,52,47,"{""sim_day"": 52.0, ""doy"": 157.0, ""topwt"": 345.18550872802734, ""grnwt"": 0.0, ""xlai"": 0.510062038898468, ""totir"": 0.0, ""tofer"": NaN, ""swfac"": 0.0, ""nstres"": 0.1702711582183838}",0.0,0.1702711582183838,345.18550872802734,0.0,0.510062038898468,0.0,,0.0,0.0,40.0,0.0,10.22919921875,26.22919921875,Leave_One_experiments/all_year_offline_schedule_search/daily_outputs/SYA/SYA_2009_SYA2009_stress_grid_S0010_daily.csv
SYA,SYA,Shenyang,2009,Leave_One_experiments\wth_generated_qc\SYA\SYA2009.WTH,normal_year;water_stress_year;nitrogen_stress_year,water_stress,SYA2009_stress_grid_S0010,pareto_balanced,2009-06-07,158,53,48,"{""sim_day"": 53.0, ""doy"": 158.0, ""topwt"": 368.9160919189453, ""grnwt"": 0.0, ""xlai"": 0.5303770899772644, ""totir"": 0.0, ""tofer"": NaN, ""swfac"": 0.0, ""nstres"": 0.1642799973487854}",0.0,0.1642799973487854,368.9160919189453,0.0,0.5303770899772644,0.0,,0.0,0.0,40.0,0.0,10.22919921875,26.22919921875,Leave_One_experiments/all_year_offline_schedule_search/daily_outputs/SYA/SYA_2009_SYA2009_stress_grid_S0010_daily.csv
SYA,SYA,Shenyang,2009,Leave_One_experiments\wth_generated_qc\SYA\SYA2009.WTH,normal_year;water_stress_year;nitrogen_stress_year,water_stress,SYA2009_stress_grid_S0010,pareto_balanced,2009-06-08,159,54,49,"{""sim_day"": 54.0, ""doy"": 159.0, ""topwt"": 391.9729614257813, ""grnwt"": 0.0, ""xlai"": 0.5489156246185303, ""totir"": 0.0, ""tofer"": NaN, ""swfac"": 0.0, ""nstres"": 0.1600978374481201}",0.0,0.1600978374481201,391.9729614257813,0.0,0.5489156246185303,0.0,,0.0,0.0,40.0,0.0,10.22919921875,26.22919921875,Leave_One_experiments/all_year_offline_schedule_search/daily_outputs/SYA/SYA_2009_SYA2009_stress_grid_S0010_daily.csv
SYA,SYA,Shenyang,2009,Leave_One_experiments\wth_generated_qc\SYA\SYA2009.WTH,normal_year;water_stress_year;nitrogen_stress_year,water_stress,SYA2009_stress_grid_S0010,pareto_balanced,2009-06-09,160,55,50,"{""sim_day"": 55.0, ""doy"": 160.0, ""topwt"": 420.56774139404297, ""grnwt"": 0.0, ""xlai"": 0.5734511017799377, ""totir"": 40.0, ""tofer"": NaN, ""swfac"": 0.0, ""nstres"": 0.1544480323791504}",0.0,0.1544480323791504,420.56774139404297,0.0,0.5734511017799377,40.0,,40.0,0.0,40.0,0.0,10.22919921875,26.22919921875,Leave_One_experiments/all_year_offline_schedule_search/daily_outputs/SYA/SYA_2009_SYA2009_stress_grid_S0010_daily.csv
SYA,SYA,Shenyang,2009,Leave_One_experiments\wth_generated_qc\SYA\SYA2009.WTH,normal_year;water_stress_year;nitrogen_stress_year,water_stress,SYA2009_stress_grid_S0010,pareto_balanced,2009-06-10,161,56,51,"{""sim_day"": 56.0, ""doy"": 161.0, ""topwt"": 439.2581176757813, ""grnwt"": 0.0, ""xlai"": 0.5842984914779663, ""totir"": 40.0, ""tofer"": NaN, ""swfac"": 0.0, ""nstres"": 0.1615071296691894}",0.0,0.1615071296691894,439.2581176757813,0.0,0.5842984914779663,40.0,,0.0,0.0,40.0,0.0,10.22919921875,26.22919921875,Leave_One_experiments/all_year_offline_schedule_search/daily_outputs/SYA/SYA_2009_SYA2009_stress_grid_S0010_daily.csv
SYA,SYA,Shenyang,2009,Leave_One_experiments\wth_generated_qc\SYA\SYA2009.WTH,normal_year;water_stress_year;nitrogen_stress_year,water_stress,SYA2009_stress_grid_S0010,pareto_balanced,2009-06-11,162,57,52,"{""sim_day"": 57.0, ""doy"": 162.0, ""topwt"": 462.72083282470703, ""grnwt"": 0.0, ""xlai"": 0.5988273024559021, ""totir"": 40.0, ""tofer"": NaN, ""swfac"": 0.0, ""nstres"": 0.1762089729309082}",0.0,0.1762089729309082,462.72083282470703,0.0,0.5988273024559021,40.0,,0.0,0.0,40.0,0.0,10.22919921875,26.22919921875,Leave_One_experiments/all_year_offline_schedule_search/daily_outputs/SYA/SYA_2009_SYA2009_stress_grid_S0010_daily.csv
SYA,SYA,Shenyang,2009,Leave_One_experiments\wth_generated_qc\SYA\SYA2009.WTH,normal_year;water_stress_year;nitrogen_stress_year,water_stress,SYA2009_stress_grid_S0010,pareto_balanced,2009-06-12,163,58,53,"{""sim_day"": 58.0, ""doy"": 163.0, ""topwt"": 493.1061172485352, ""grnwt"": 0.0, ""xlai"": 0.6196070909500122, ""totir"": 40.0, ""tofer"": NaN, ""swfac"": 0.0, ""nstres"": 0.180856168270111}",0.0,0.180856168270111,493.1061172485352,0.0,0.6196070909500122,40.0,,0.0,0.0,40.0,0.0,10.22919921875,26.22919921875,Leave_One_experiments/all_year_offline_schedule_search/daily_outputs/SYA/SYA_2009_SYA2009_stress_grid_S0010_daily.csv
SYA,SYA,Shenyang,2009,Leave_One_experiments\wth_generated_qc\SYA\SYA2009.WTH,normal_year;water_stress_year;nitrogen_stress_year,water_stress,SYA2009_stress_grid_S0010,pareto_balanced,2009-06-13,164,59,54,"{""sim_day"": 59.0, ""doy"": 164.0, ""topwt"": 525.0229263305664, ""grnwt"": 0.0, ""xlai"": 0.6395381689071655, ""totir"": 40.0, ""tofer"": NaN, ""swfac"": 0.0, ""nstres"": 0.1907992362976074}",0.0,0.1907992362976074,525.0229263305664,0.0,0.6395381689071655,40.0,,0.0,0.0,40.0,0.0,10.22919921875,26.22919921875,Leave_One_experiments/all_year_offline_schedule_search/daily_outputs/SYA/SYA_2009_SYA2009_stress_grid_S0010_daily.csv
SYA,SYA,Shenyang,2009,Leave_One_experiments\wth_generated_qc\SYA\SYA2009.WTH,normal_year;water_stress_year;nitrogen_stress_year,water_stress,SYA2009_stress_grid_S0010,pareto_balanced,2009-06-14,165,60,55,"{""sim_day"": 60.0, ""doy"": 165.0, ""topwt"": 554.0676498413086, ""grnwt"": 0.0, ""xlai"": 0.6536396145820618, ""totir"": 40.0, ""tofer"": NaN, ""swfac"": 0.0, ""nstres"": 0.2129080891609192}",0.0,0.2129080891609192,554.0676498413086,0.0,0.6536396145820618,40.0,,0.0,0.0,40.0,0.0,10.22919921875,26.22919921875,Leave_One_experiments/all_year_offline_schedule_search/daily_outputs/SYA/SYA_2009_SYA2009_stress_grid_S0010_daily.csv
SYA,SYA,Shenyang,2009,Leave_One_experiments\wth_generated_qc\SYA\SYA2009.WTH,normal_year;water_stress_year;nitrogen_stress_year,water_stress,SYA2009_stress_grid_S0010,pareto_balanced,2009-06-15,166,61,56,"{""sim_day"": 61.0, ""doy"": 166.0, ""topwt"": 584.7383499145508, ""grnwt"": 0.0, ""xlai"": 0.6668988466262817, ""totir"": 40.0, ""tofer"": NaN, ""swfac"": 0.0, ""nstres"": 0.2478616833686828}",0.0,0.2478616833686828,584.7383499145508,0.0,0.6668988466262817,40.0,,0.0,0.0,40.0,0.0,10.22919921875,26.22919921875,Leave_One_experiments/all_year_offline_schedule_search/daily_outputs/SYA/SYA_2009_SYA2009_stress_grid_S0010_daily.csv
SYA,SYA,Shenyang,2009,Leave_One_experiments\wth_generated_qc\SYA\SYA2009.WTH,normal_year;water_stress_year;nitrogen_stress_year,water_stress,SYA2009_stress_grid_S0010,pareto_balanced,2009-06-16,167,62,57,"{""sim_day"": 62.0, ""doy"": 167.0, ""topwt"": 616.4924621582031, ""grnwt"": 0.0, ""xlai"": 0.6790456175804138, ""totir"": 40.0, ""tofer"": NaN, ""swfac"": 0.0, ""nstres"": 0.2685604095458984}",0.0,0.2685604095458984,616.4924621582031,0.0,0.6790456175804138,40.0,,0.0,0.0,40.0,0.0,10.22919921875,26.22919921875,Leave_One_experiments/all_year_offline_schedule_search/daily_outputs/SYA/SYA_2009_SYA2009_stress_grid_S0010_daily.csv
SYA,SYA,Shenyang,2009,Leave_One_experiments\wth_generated_qc\SYA\SYA2009.WTH,normal_year;water_stress_year;nitrogen_stress_year,water_stress,SYA2009_stress_grid_S0010,pareto_balanced,2009-06-17,168,63,58,"{""sim_day"": 63.0, ""doy"": 168.0, ""topwt"": 651.2905883789062, ""grnwt"": 0.0, ""xlai"": 0.6919863224029541, ""totir"": 40.0, ""tofer"": NaN, ""swfac"": 0.0, ""nstres"": 0.2817912697792053}",0.0,0.2817912697792053,651.2905883789062,0.0,0.6919863224029541,40.0,,0.0,0.0,40.0,0.0,10.22919921875,26.22919921875,Leave_One_experiments/all_year_offline_schedule_search/daily_outputs/SYA/SYA_2009_SYA2009_stress_grid_S0010_daily.csv
SYA,SYA,Shenyang,2009,Leave_One_experiments\wth_generated_qc\SYA\SYA2009.WTH,normal_year;water_stress_year;nitrogen_stress_year,water_stress,SYA2009_stress_grid_S0010,pareto_balanced,2009-06-18,169,64,59,"{""sim_day"": 64.0, ""doy"": 169.0, ""topwt"": 670.7938385009766, ""grnwt"": 0.0, ""xlai"": 0.689168393611908, ""totir"": 40.0, ""tofer"": NaN, ""swfac"": 0.0, ""nstres"": 0.2984486222267151}",0.0,0.2984486222267151,670.7938385009766,0.0,0.689168393611908,40.0,,0.0,0.0,40.0,0.0,10.22919921875,26.22919921875,Leave_One_experiments/all_year_offline_schedule_search/daily_outputs/SYA/SYA_2009_SYA2009_stress_grid_S0010_daily.csv
SYA,SYA,Shenyang,2009,Leave_One_experiments\wth_generated_qc\SYA\SYA2009.WTH,normal_year;water_stress_year;nitrogen_stress_year,water_stress,SYA2009_stress_grid_S0010,pareto_balanced,2009-06-19,170,65,60,"{""sim_day"": 65.0, ""doy"": 170.0, ""topwt"": 708.5749816894531, ""grnwt"": 0.0, ""xlai"": 0.7008432745933533, ""totir"": 40.0, ""tofer"": NaN, ""swfac"": 0.0, ""nstres"": 0.3113024830818176}",0.0,0.3113024830818176,708.5749816894531,0.0,0.7008432745933533,40.0,,0.0,0.0,40.0,0.0,10.22919921875,26.22919921875,Leave_One_experiments/all_year_offline_schedule_search/daily_outputs/SYA/SYA_2009_SYA2009_stress_grid_S0010_daily.csv
SYA,SYA,Shenyang,2009,Leave_One_experiments\wth_generated_qc\SYA\SYA2009.WTH,normal_year;water_stress_year;nitrogen_stress_year,water_stress,SYA2009_stress_grid_S0010,pareto_balanced,2009-06-20,171,66,61,"{""sim_day"": 66.0, ""doy"": 171.0, ""topwt"": 745.7938385009766, ""grnwt"": 0.0, ""xlai"": 0.7103874087333679, ""totir"": 40.0, ""tofer"": NaN, ""swfac"": 0.0, ""nstres"": 0.3083548545837402}",0.0,0.3083548545837402,745.7938385009766,0.0,0.7103874087333679,40.0,,0.0,0.0,40.0,0.0,10.22919921875,26.22919921875,Leave_One_experiments/all_year_offline_schedule_search/daily_outputs/SYA/SYA_2009_SYA2009_stress_grid_S0010_daily.csv
SYA,SYA,Shenyang,2009,Leave_One_experiments\wth_generated_qc\SYA\SYA2009.WTH,normal_year;water_stress_year;nitrogen_stress_year,water_stress,SYA2009_stress_grid_S0010,pareto_balanced,2009-06-21,172,67,62,"{""sim_day"": 67.0, ""doy"": 172.0, ""topwt"": 779.3152618408203, ""grnwt"": 0.0, ""xlai"": 0.714992344379425, ""totir"": 40.0, ""tofer"": NaN, ""swfac"": 0.0, ""nstres"": 0.3263604640960693}",0.0,0.3263604640960693,779.3152618408203,0.0,0.714992344379425,40.0,,0.0,0.0,40.0,0.0,10.22919921875,26.22919921875,Leave_One_experiments/all_year_offline_schedule_search/daily_outputs/SYA/SYA_2009_SYA2009_stress_grid_S0010_daily.csv
SYA,SYA,Shenyang,2009,Leave_One_experiments\wth_generated_qc\SYA\SYA2009.WTH,normal_year;water_stress_year;nitrogen_stress_year,water_stress,SYA2009_stress_grid_S0010,pareto_balanced,2009-06-22,173,68,63,"{""sim_day"": 68.0, ""doy"": 173.0, ""topwt"": 818.5261535644531, ""grnwt"": 0.0, ""xlai"": 0.722062349319458, ""totir"": 40.0, ""tofer"": NaN, ""swfac"": 0.0, ""nstres"": 0.3409287333488464}",0.0,0.3409287333488464,818.5261535644531,0.0,0.722062349319458,40.0,,0.0,0.0,40.0,0.0,10.22919921875,26.22919921875,Leave_One_experiments/all_year_offline_schedule_search/daily_outputs/SYA/SYA_2009_SYA2009_stress_grid_S0010_daily.csv
SYA,SYA,Shenyang,2009,Leave_One_experiments\wth_generated_qc\SYA\SYA2009.WTH,normal_year;water_stress_year;nitrogen_stress_year,water_stress,SYA2009_stress_grid_S0010,pareto_balanced,2009-06-23,174,69,64,"{""sim_day"": 69.0, ""doy"": 174.0, ""topwt"": 863.9524841308594, ""grnwt"": 0.0, ""xlai"": 0.7316752076148987, ""totir"": 40.0, ""tofer"": NaN, ""swfac"": 0.0, ""nstres"": 0.3459997773170471}",0.0,0.3459997773170471,863.9524841308594,0.0,0.7316752076148987,40.0,,0.0,0.0,40.0,0.0,10.22919921875,26.22919921875,Leave_One_experiments/all_year_offline_schedule_search/daily_outputs/SYA/SYA_2009_SYA2009_stress_grid_S0010_daily.csv
SYA,SYA,Shenyang,2009,Leave_One_experiments\wth_generated_qc\SYA\SYA2009.WTH,normal_year;water_stress_year;nitrogen_stress_year,water_stress,SYA2009_stress_grid_S0010,pareto_balanced,2009-06-24,175,70,65,"{""sim_day"": 70.0, ""doy"": 175.0, ""topwt"": 910.3337097167968, ""grnwt"": 0.0, ""xlai"": 0.739782989025116, ""totir"": 40.0, ""tofer"": NaN, ""swfac"": 0.0, ""nstres"": 0.3531641960144043}",0.0,0.3531641960144043,910.3337097167968,0.0,0.739782989025116,40.0,,0.0,0.0,40.0,0.0,10.22919921875,26.22919921875,Leave_One_experiments/all_year_offline_schedule_search/daily_outputs/SYA/SYA_2009_SYA2009_stress_grid_S0010_daily.csv
SYA,SYA,Shenyang,2009,Leave_One_experiments\wth_generated_qc\SYA\SYA2009.WTH,normal_year;water_stress_year;nitrogen_stress_year,water_stress,SYA2009_stress_grid_S0010,pareto_balanced,2009-06-25,176,71,66,"{""sim_day"": 71.0, ""doy"": 176.0, ""topwt"": 957.4073791503906, ""grnwt"": 0.0, ""xlai"": 0.7463823556900024, ""totir"": 40.0, ""tofer"": NaN, ""swfac"": 0.0, ""nstres"": 0.35816091299057}",0.0,0.35816091299057,957.4073791503906,0.0,0.7463823556900024,40.0,,0.0,0.0,40.0,0.0,10.22919921875,26.22919921875,Leave_One_experiments/all_year_offline_schedule_search/daily_outputs/SYA/SYA_2009_SYA2009_stress_grid_S0010_daily.csv
SYA,SYA,Shenyang,2009,Leave_One_experiments\wth_generated_qc\SYA\SYA2009.WTH,normal_year;water_stress_year;nitrogen_stress_year,water_stress,SYA2009_stress_grid_S0010,pareto_balanced,2009-06-26,177,72,67,"{""sim_day"": 72.0, ""doy"": 177.0, ""topwt"": 1016.9645690917968, ""grnwt"": 0.0, ""xlai"": 0.7585204839706421, ""totir"": 40.0, ""tofer"": NaN, ""swfac"": 0.0, ""nstres"": 0.3590335845947265}",0.0,0.3590335845947265,1016.9645690917968,0.0,0.7585204839706421,40.0,,0.0,0.0,40.0,0.0,10.22919921875,26.22919921875,Leave_One_experiments/all_year_offline_schedule_search/daily_outputs/SYA/SYA_2009_SYA2009_stress_grid_S0010_daily.csv
SYA,SYA,Shenyang,2009,Leave_One_experiments\wth_generated_qc\SYA\SYA2009.WTH,normal_year;water_stress_year;nitrogen_stress_year,water_stress,SYA2009_stress_grid_S0010,pareto_balanced,2009-06-27,178,73,68,"{""sim_day"": 73.0, ""doy"": 178.0, ""topwt"": 1066.3748168945312, ""grnwt"": 0.0, ""xlai"": 0.7627065777778625, ""totir"": 40.0, ""tofer"": NaN, ""swfac"": 0.0, ""nstres"": 0.3605966567993164}",0.0,0.3605966567993164,1066.3748168945312,0.0,0.7627065777778625,40.0,,0.0,0.0,40.0,0.0,10.22919921875,26.22919921875,Leave_One_experiments/all_year_offline_schedule_search/daily_outputs/SYA/SYA_2009_SYA2009_stress_grid_S0010_daily.csv
SYA,SYA,Shenyang,2009,Leave_One_experiments\wth_generated_qc\SYA\SYA2009.WTH,normal_year;water_stress_year;nitrogen_stress_year,water_stress,SYA2009_stress_grid_S0010,pareto_balanced,2009-06-28,179,74,69,"{""sim_day"": 74.0, ""doy"": 179.0, ""topwt"": 1117.6350402832031, ""grnwt"": 0.0, ""xlai"": 0.7660971879959106, ""totir"": 40.0, ""tofer"": NaN, ""swfac"": 0.0, ""nstres"": 0.3710699677467346}",0.0,0.3710699677467346,1117.6350402832031,0.0,0.7660971879959106,40.0,,0.0,0.0,40.0,0.0,10.22919921875,26.22919921875,Leave_One_experiments/all_year_offline_schedule_search/daily_outputs/SYA/SYA_2009_SYA2009_stress_grid_S0010_daily.csv
SYA,SYA,Shenyang,2009,Leave_One_experiments\wth_generated_qc\SYA\SYA2009.WTH,normal_year;water_stress_year;nitrogen_stress_year,water_stress,SYA2009_stress_grid_S0010,pareto_balanced,2009-06-29,180,75,70,"{""sim_day"": 75.0, ""doy"": 180.0, ""topwt"": 1210.2991485595703, ""grnwt"": 0.0, ""xlai"": 0.7966446876525879, ""totir"": 40.0, ""tofer"": NaN, ""swfac"": 0.0, ""nstres"": 0.373135507106781}",0.0,0.373135507106781,1210.2991485595703,0.0,0.7966446876525879,40.0,,0.0,0.0,40.0,0.0,10.22919921875,26.22919921875,Leave_One_experiments/all_year_offline_schedule_search/daily_outputs/SYA/SYA_2009_SYA2009_stress_grid_S0010_daily.csv
SYA,SYA,Shenyang,2009,Leave_One_experiments\wth_generated_qc\SYA\SYA2009.WTH,normal_year;water_stress_year;nitrogen_stress_year,water_stress,SYA2009_stress_grid_S0010,pareto_balanced,2009-06-30,181,76,71,"{""sim_day"": 76.0, ""doy"": 181.0, ""topwt"": 1277.725601196289, ""grnwt"": 0.0, ""xlai"": 0.8036871552467346, ""totir"": 40.0, ""tofer"": NaN, ""swfac"": 0.0, ""nstres"": 0.3795750141143799}",0.0,0.3795750141143799,1277.725601196289,0.0,0.8036871552467346,40.0,,0.0,0.0,40.0,0.0,10.22919921875,26.22919921875,Leave_One_experiments/all_year_offline_schedule_search/daily_outputs/SYA/SYA_2009_SYA2009_stress_grid_S0010_daily.csv
SYA,SYA,Shenyang,2009,Leave_One_experiments\wth_generated_qc\SYA\SYA2009.WTH,normal_year;water_stress_year;nitrogen_stress_year,water_stress,SYA2009_stress_grid_S0010,pareto_balanced,2009-07-01,182,77,72,"{""sim_day"": 77.0, ""doy"": 182.0, ""topwt"": 1337.8059387207031, ""grnwt"": 0.0, ""xlai"": 0.8022021055221558, ""totir"": 40.0, ""tofer"": NaN, ""swfac"": 0.0, ""nstres"": 0.4099258780479431}",0.0,0.4099258780479431,1337.8059387207031,0.0,0.8022021055221558,40.0,,0.0,0.0,40.0,0.0,10.22919921875,26.22919921875,Leave_One_experiments/all_year_offline_schedule_search/daily_outputs/SYA/SYA_2009_SYA2009_stress_grid_S0010_daily.csv
SYA,SYA,Shenyang,2009,Leave_One_experiments\wth_generated_qc\SYA\SYA2009.WTH,normal_year;water_stress_year;nitrogen_stress_year,water_stress,SYA2009_stress_grid_S0010,pareto_balanced,2009-07-02,183,78,73,"{""sim_day"": 78.0, ""doy"": 183.0, ""topwt"": 1398.2887268066406, ""grnwt"": 0.0, ""xlai"": 0.7979581356048584, ""totir"": 40.0, ""tofer"": NaN, ""swfac"": 0.0, ""nstres"": 0.4203599095344543}",0.0,0.4203599095344543,1398.2887268066406,0.0,0.7979581356048584,40.0,,0.0,0.0,40.0,0.0,10.22919921875,26.22919921875,Leave_One_experiments/all_year_offline_schedule_search/daily_outputs/SYA/SYA_2009_SYA2009_stress_grid_S0010_daily.csv
SYA,SYA,Shenyang,2009,Leave_One_experiments\wth_generated_qc\SYA\SYA2009.WTH,normal_year;water_stress_year;nitrogen_stress_year,water_stress,SYA2009_stress_grid_S0010,pareto_balanced,2009-07-03,184,79,74,"{""sim_day"": 79.0, ""doy"": 184.0, ""topwt"": 1460.7159423828125, ""grnwt"": 0.0, ""xlai"": 0.7923511266708374, ""totir"": 40.0, ""tofer"": NaN, ""swfac"": 0.0, ""nstres"": 0.4252194166183471}",0.0,0.4252194166183471,1460.7159423828125,0.0,0.7923511266708374,40.0,,0.0,0.0,40.0,0.0,10.22919921875,26.22919921875,Leave_One_experiments/all_year_offline_schedule_search/daily_outputs/SYA/SYA_2009_SYA2009_stress_grid_S0010_daily.csv
SYA,SYA,Shenyang,2009,Leave_One_experiments\wth_generated_qc\SYA\SYA2009.WTH,normal_year;water_stress_year;nitrogen_stress_year,water_stress,SYA2009_stress_grid_S0010,pareto_balanced,2009-07-04,185,80,75,"{""sim_day"": 80.0, ""doy"": 185.0, ""topwt"": 1498.5392761230469, ""grnwt"": 0.0, ""xlai"": 0.7773849964141846, ""totir"": 40.0, ""tofer"": NaN, ""swfac"": 0.0, ""nstres"": 0.4257906079292297}",0.0,0.4257906079292297,1498.5392761230469,0.0,0.7773849964141846,40.0,,0.0,0.0,40.0,0.0,10.22919921875,26.22919921875,Leave_One_experiments/all_year_offline_schedule_search/daily_outputs/SYA/SYA_2009_SYA2009_stress_grid_S0010_daily.csv
SYA,SYA,Shenyang,2009,Leave_One_experiments\wth_generated_qc\SYA\SYA2009.WTH,normal_year;water_stress_year;nitrogen_stress_year,water_stress,SYA2009_stress_grid_S0010,pareto_balanced,2009-07-05,186,81,76,"{""sim_day"": 81.0, ""doy"": 186.0, ""topwt"": 1535.378875732422, ""grnwt"": 0.0, ""xlai"": 0.7619580626487732, ""totir"": 40.0, ""tofer"": NaN, ""swfac"": 0.0, ""nstres"": 0.4253491163253784}",0.0,0.4253491163253784,1535.378875732422,0.0,0.7619580626487732,40.0,,0.0,0.0,40.0,0.0,10.22919921875,26.22919921875,Leave_One_experiments/all_year_offline_schedule_search/daily_outputs/SYA/SYA_2009_SYA2009_stress_grid_S0010_daily.csv
SYA,SYA,Shenyang,2009,Leave_One_experiments\wth_generated_qc\SYA\SYA2009.WTH,normal_year;water_stress_year;nitrogen_stress_year,water_stress,SYA2009_stress_grid_S0010,pareto_balanced,2009-07-06,187,82,77,"{""sim_day"": 82.0, ""doy"": 187.0, ""topwt"": 1592.6979064941406, ""grnwt"": 0.0, ""xlai"": 0.7528505921363831, ""totir"": 40.0, ""tofer"": NaN, ""swfac"": 0.0, ""nstres"": 0.4145736694335937}",0.0,0.4145736694335937,1592.6979064941406,0.0,0.7528505921363831,40.0,,0.0,0.0,40.0,0.0,10.22919921875,26.22919921875,Leave_One_experiments/all_year_offline_schedule_search/daily_outputs/SYA/SYA_2009_SYA2009_stress_grid_S0010_daily.csv
SYA,SYA,Shenyang,2009,Leave_One_experiments\wth_generated_qc\SYA\SYA2009.WTH,normal_year;water_stress_year;nitrogen_stress_year,water_stress,SYA2009_stress_grid_S0010,pareto_balanced,2009-07-07,188,83,78,"{""sim_day"": 83.0, ""doy"": 188.0, ""topwt"": 1656.865234375, ""grnwt"": 0.0, ""xlai"": 0.7453864812850952, ""totir"": 40.0, ""tofer"": NaN, ""swfac"": 0.0, ""nstres"": 0.4053187370300293}",0.0,0.4053187370300293,1656.865234375,0.0,0.7453864812850952,40.0,,0.0,0.0,40.0,0.0,10.22919921875,26.22919921875,Leave_One_experiments/all_year_offline_schedule_search/daily_outputs/SYA/SYA_2009_SYA2009_stress_grid_S0010_daily.csv
SYA,SYA,Shenyang,2009,Leave_One_experiments\wth_generated_qc\SYA\SYA2009.WTH,normal_year;water_stress_year;nitrogen_stress_year,water_stress,SYA2009_stress_grid_S0010,pareto_balanced,2009-07-08,189,84,79,"{""sim_day"": 84.0, ""doy"": 189.0, ""topwt"": 1719.9130249023438, ""grnwt"": 0.0, ""xlai"": 0.7372280359268188, ""totir"": 40.0, ""tofer"": NaN, ""swfac"": 0.0, ""nstres"": 0.3997246026992798}",0.0,0.3997246026992798,1719.9130249023438,0.0,0.7372280359268188,40.0,,0.0,0.0,40.0,0.0,10.22919921875,26.22919921875,Leave_One_experiments/all_year_offline_schedule_search/daily_outputs/SYA/SYA_2009_SYA2009_stress_grid_S0010_daily.csv
SYA,SYA,Shenyang,2009,Leave_One_experiments\wth_generated_qc\SYA\SYA2009.WTH,normal_year;water_stress_year;nitrogen_stress_year,water_stress,SYA2009_stress_grid_S0010,pareto_balanced,2009-07-09,190,85,80,"{""sim_day"": 85.0, ""doy"": 190.0, ""topwt"": 1782.9180908203125, ""grnwt"": 0.0, ""xlai"": 0.728742778301239, ""totir"": 40.0, ""tofer"": NaN, ""swfac"": 0.0, ""nstres"": 0.3961198329925537}",0.0,0.3961198329925537,1782.9180908203125,0.0,0.728742778301239,40.0,,0.0,0.0,40.0,0.0,10.22919921875,26.22919921875,Leave_One_experiments/all_year_offline_schedule_search/daily_outputs/SYA/SYA_2009_SYA2009_stress_grid_S0010_daily.csv
SYA,SYA,Shenyang,2009,Leave_One_experiments\wth_generated_qc\SYA\SYA2009.WTH,normal_year;water_stress_year;nitrogen_stress_year,water_stress,SYA2009_stress_grid_S0010,pareto_balanced,2009-07-10,191,86,81,"{""sim_day"": 86.0, ""doy"": 191.0, ""topwt"": 1821.2777709960935, ""grnwt"": 0.0, ""xlai"": 0.7138771414756775, ""totir"": 40.0, ""tofer"": NaN, ""swfac"": 0.0, ""nstres"": 0.3950656056404114}",0.0,0.3950656056404114,1821.2777709960935,0.0,0.7138771414756775,40.0,,0.0,0.0,40.0,0.0,10.22919921875,26.22919921875,Leave_One_experiments/all_year_offline_schedule_search/daily_outputs/SYA/SYA_2009_SYA2009_stress_grid_S0010_daily.csv
SYA,SYA,Shenyang,2009,Leave_One_experiments\wth_generated_qc\SYA\SYA2009.WTH,normal_year;water_stress_year;nitrogen_stress_year,water_stress,SYA2009_stress_grid_S0010,pareto_balanced,2009-07-11,192,87,82,"{""sim_day"": 87.0, ""doy"": 192.0, ""topwt"": 1876.387634277344, ""grnwt"": 0.0, ""xlai"": 0.7037808895111084, ""totir"": 40.0, ""tofer"": NaN, ""swfac"": 0.0, ""nstres"": 0.3903276920318603}",0.0,0.3903276920318603,1876.387634277344,0.0,0.7037808895111084,40.0,,0.0,0.0,40.0,0.0,10.22919921875,26.22919921875,Leave_One_experiments/all_year_offline_schedule_search/daily_outputs/SYA/SYA_2009_SYA2009_stress_grid_S0010_daily.csv
SYA,SYA,Shenyang,2009,Leave_One_experiments\wth_generated_qc\SYA\SYA2009.WTH,normal_year;water_stress_year;nitrogen_stress_year,water_stress,SYA2009_stress_grid_S0010,pareto_balanced,2009-07-12,193,88,83,"{""sim_day"": 88.0, ""doy"": 193.0, ""topwt"": 1937.1029663085935, ""grnwt"": 0.0, ""xlai"": 0.6956464648246765, ""totir"": 40.0, ""tofer"": NaN, ""swfac"": 0.0, ""nstres"": 0.3818588852882385}",0.0,0.3818588852882385,1937.1029663085935,0.0,0.6956464648246765,40.0,,0.0,0.0,40.0,0.0,10.22919921875,26.22919921875,Leave_One_experiments/all_year_offline_schedule_search/daily_outputs/SYA/SYA_2009_SYA2009_stress_grid_S0010_daily.csv
SYA,SYA,Shenyang,2009,Leave_One_experiments\wth_generated_qc\SYA\SYA2009.WTH,normal_year;water_stress_year;nitrogen_stress_year,water_stress,SYA2009_stress_grid_S0010,pareto_balanced,2009-07-13,194,89,84,"{""sim_day"": 89.0, ""doy"": 194.0, ""topwt"": 1965.3778076171875, ""grnwt"": 0.0, ""xlai"": 0.6799671649932861, ""totir"": 40.0, ""tofer"": NaN, ""swfac"": 0.0, ""nstres"": 0.374672532081604}",0.0,0.374672532081604,1965.3778076171875,0.0,0.6799671649932861,40.0,,0.0,0.0,40.0,0.0,10.22919921875,26.22919921875,Leave_One_experiments/all_year_offline_schedule_search/daily_outputs/SYA/SYA_2009_SYA2009_stress_grid_S0010_daily.csv
SYA,SYA,Shenyang,2009,Leave_One_experiments\wth_generated_qc\SYA\SYA2009.WTH,normal_year;water_stress_year;nitrogen_stress_year,water_stress,SYA2009_stress_grid_S0010,pareto_balanced,2009-07-14,195,90,85,"{""sim_day"": 90.0, ""doy"": 195.0, ""topwt"": 2031.3763427734373, ""grnwt"": 0.0, ""xlai"": 0.6742935180664062, ""totir"": 40.0, ""tofer"": NaN, ""swfac"": 0.0, ""nstres"": 0.3682169914245605}",0.0,0.3682169914245605,2031.3763427734373,0.0,0.6742935180664062,40.0,,0.0,0.0,40.0,0.0,10.22919921875,26.22919921875,Leave_One_experiments/all_year_offline_schedule_search/daily_outputs/SYA/SYA_2009_SYA2009_stress_grid_S0010_daily.csv
SYA,SYA,Shenyang,2009,Leave_One_experiments\wth_generated_qc\SYA\SYA2009.WTH,normal_year;water_stress_year;nitrogen_stress_year,water_stress,SYA2009_stress_grid_S0010,pareto_balanced,2009-07-15,196,91,86,"{""sim_day"": 91.0, ""doy"": 196.0, ""topwt"": 2106.0226440429688, ""grnwt"": 0.0, ""xlai"": 0.6712180376052856, ""totir"": 40.0, ""tofer"": NaN, ""swfac"": 0.0, ""nstres"": 0.3579972982406616}",0.0,0.3579972982406616,2106.0226440429688,0.0,0.6712180376052856,40.0,,0.0,0.0,40.0,0.0,10.22919921875,26.22919921875,Leave_One_experiments/all_year_offline_schedule_search/daily_outputs/SYA/SYA_2009_SYA2009_stress_grid_S0010_daily.csv
SYA,SYA,Shenyang,2009,Leave_One_experiments\wth_generated_qc\SYA\SYA2009.WTH,normal_year;water_stress_year;nitrogen_stress_year,water_stress,SYA2009_stress_grid_S0010,pareto_balanced,2009-07-16,197,92,87,"{""sim_day"": 92.0, ""doy"": 197.0, ""topwt"": 2157.2569274902344, ""grnwt"": 0.0, ""xlai"": 0.6628706455230713, ""totir"": 40.0, ""tofer"": NaN, ""swfac"": 0.0, ""nstres"": 0.3432997465133667}",0.0,0.3432997465133667,2157.2569274902344,0.0,0.6628706455230713,40.0,,0.0,0.0,40.0,0.0,10.22919921875,26.22919921875,Leave_One_experiments/all_year_offline_schedule_search/daily_outputs/SYA/SYA_2009_SYA2009_stress_grid_S0010_daily.csv
SYA,SYA,Shenyang,2009,Leave_One_experiments\wth_generated_qc\SYA\SYA2009.WTH,normal_year;water_stress_year;nitrogen_stress_year,water_stress,SYA2009_stress_grid_S0010,pareto_balanced,2009-07-17,198,93,88,"{""sim_day"": 93.0, ""doy"": 198.0, ""topwt"": 2258.334350585937, ""grnwt"": 0.0, ""xlai"": 0.6426926851272583, ""totir"": 40.0, ""tofer"": NaN, ""swfac"": 0.0, ""nstres"": 0.3305630683898926}",0.0,0.3305630683898926,2258.334350585937,0.0,0.6426926851272583,40.0,,0.0,0.0,40.0,0.0,10.22919921875,26.22919921875,Leave_One_experiments/all_year_offline_schedule_search/daily_outputs/SYA/SYA_2009_SYA2009_stress_grid_S0010_daily.csv
SYA,SYA,Shenyang,2009,Leave_One_experiments\wth_generated_qc\SYA\SYA2009.WTH,normal_year;water_stress_year;nitrogen_stress_year,water_stress,SYA2009_stress_grid_S0010,pareto_balanced,2009-07-18,199,94,89,"{""sim_day"": 94.0, ""doy"": 199.0, ""topwt"": 2359.391021728516, ""grnwt"": 0.0, ""xlai"": 0.6235811710357666, ""totir"": 40.0, ""tofer"": NaN, ""swfac"": 0.0, ""nstres"": 0.3136789798736572}",0.0,0.3136789798736572,2359.391021728516,0.0,0.6235811710357666,40.0,,0.0,0.0,40.0,0.0,10.22919921875,26.22919921875,Leave_One_experiments/all_year_offline_schedule_search/daily_outputs/SYA/SYA_2009_SYA2009_stress_grid_S0010_daily.csv
SYA,SYA,Shenyang,2009,Leave_One_experiments\wth_generated_qc\SYA\SYA2009.WTH,normal_year;water_stress_year;nitrogen_stress_year,water_stress,SYA2009_stress_grid_S0010,pareto_balanced,2009-07-19,200,95,90,"{""sim_day"": 95.0, ""doy"": 200.0, ""topwt"": 2390.284423828125, ""grnwt"": 0.0, ""xlai"": 0.6049671173095703, ""totir"": 40.0, ""tofer"": NaN, ""swfac"": 0.0, ""nstres"": 0.3164071440696716}",0.0,0.3164071440696716,2390.284423828125,0.0,0.6049671173095703,40.0,,0.0,0.0,40.0,0.0,10.22919921875,26.22919921875,Leave_One_experiments/all_year_offline_schedule_search/daily_outputs/SYA/SYA_2009_SYA2009_stress_grid_S0010_daily.csv
SYA,SYA,Shenyang,2009,Leave_One_experiments\wth_generated_qc\SYA\SYA2009.WTH,normal_year;water_stress_year;nitrogen_stress_year,water_stress,SYA2009_stress_grid_S0010,pareto_balanced,2009-07-20,201,96,91,"{""sim_day"": 96.0, ""doy"": 201.0, ""topwt"": 2493.1402587890625, ""grnwt"": 0.0, ""xlai"": 0.586875319480896, ""totir"": 40.0, ""tofer"": NaN, ""swfac"": 0.0, ""nstres"": 0.3177300095558166}",0.0,0.3177300095558166,2493.1402587890625,0.0,0.586875319480896,40.0,,0.0,0.0,40.0,0.0,10.22919921875,26.22919921875,Leave_One_experiments/all_year_offline_schedule_search/daily_outputs/SYA/SYA_2009_SYA2009_stress_grid_S0010_daily.csv
SYA,SYA,Shenyang,2009,Leave_One_experiments\wth_generated_qc\SYA\SYA2009.WTH,normal_year;water_stress_year;nitrogen_stress_year,water_stress,SYA2009_stress_grid_S0010,pareto_balanced,2009-07-21,202,97,92,"{""sim_day"": 97.0, ""doy"": 202.0, ""topwt"": 2579.9346923828125, ""grnwt"": 0.0, ""xlai"": 0.5698526501655579, ""totir"": 40.0, ""tofer"": NaN, ""swfac"": 0.0, ""nstres"": 0.2961367964744568}",0.0,0.2961367964744568,2579.9346923828125,0.0,0.5698526501655579,40.0,,0.0,0.0,40.0,0.0,10.22919921875,26.22919921875,Leave_One_experiments/all_year_offline_schedule_search/daily_outputs/SYA/SYA_2009_SYA2009_stress_grid_S0010_daily.csv
SYA,SYA,Shenyang,2009,Leave_One_experiments\wth_generated_qc\SYA\SYA2009.WTH,normal_year;water_stress_year;nitrogen_stress_year,water_stress,SYA2009_stress_grid_S0010,pareto_balanced,2009-07-22,203,98,93,"{""sim_day"": 98.0, ""doy"": 203.0, ""topwt"": 2627.294006347656, ""grnwt"": 0.0, ""xlai"": 0.5533277988433838, ""totir"": 40.0, ""tofer"": NaN, ""swfac"": 0.0, ""nstres"": 0.2959622144699096}",0.0,0.2959622144699096,2627.294006347656,0.0,0.5533277988433838,40.0,,0.0,0.0,40.0,0.0,10.22919921875,26.22919921875,Leave_One_experiments/all_year_offline_schedule_search/daily_outputs/SYA/SYA_2009_SYA2009_stress_grid_S0010_daily.csv
SYA,SYA,Shenyang,2009,Leave_One_experiments\wth_generated_qc\SYA\SYA2009.WTH,normal_year;water_stress_year;nitrogen_stress_year,water_stress,SYA2009_stress_grid_S0010,pareto_balanced,2009-07-23,204,99,94,"{""sim_day"": 99.0, ""doy"": 204.0, ""topwt"": 2698.9419555664062, ""grnwt"": 0.0, ""xlai"": 0.5374219417572021, ""totir"": 40.0, ""tofer"": NaN, ""swfac"": 0.0, ""nstres"": 0.2898969650268554}",0.0,0.2898969650268554,2698.9419555664062,0.0,0.5374219417572021,40.0,,0.0,0.0,40.0,0.0,10.22919921875,26.22919921875,Leave_One_experiments/all_year_offline_schedule_search/daily_outputs/SYA/SYA_2009_SYA2009_stress_grid_S0010_daily.csv
SYA,SYA,Shenyang,2009,Leave_One_experiments\wth_generated_qc\SYA\SYA2009.WTH,normal_year;water_stress_year;nitrogen_stress_year,water_stress,SYA2009_stress_grid_S0010,pareto_balanced,2009-07-24,205,100,95,"{""sim_day"": 100.0, ""doy"": 205.0, ""topwt"": 2762.142639160156, ""grnwt"": 0.0, ""xlai"": 0.522352933883667, ""totir"": 40.0, ""tofer"": NaN, ""swfac"": 0.0, ""nstres"": 0.2729472517967224}",0.0,0.2729472517967224,2762.142639160156,0.0,0.522352933883667,40.0,,0.0,0.0,40.0,0.0,10.22919921875,26.22919921875,Leave_One_experiments/all_year_offline_schedule_search/daily_outputs/SYA/SYA_2009_SYA2009_stress_grid_S0010_daily.csv
SYA,SYA,Shenyang,2009,Leave_One_experiments\wth_generated_qc\SYA\SYA2009.WTH,normal_year;water_stress_year;nitrogen_stress_year,water_stress,SYA2009_stress_grid_S0010,pareto_balanced,2009-07-25,206,101,96,"{""sim_day"": 101.0, ""doy"": 206.0, ""topwt"": 2854.336242675781, ""grnwt"": 0.0, ""xlai"": 0.5079790353775024, ""totir"": 40.0, ""tofer"": NaN, ""swfac"": 0.0, ""nstres"": 0.2604214549064636}",0.0,0.2604214549064636,2854.336242675781,0.0,0.5079790353775024,40.0,,0.0,0.0,40.0,0.0,10.22919921875,26.22919921875,Leave_One_experiments/all_year_offline_schedule_search/daily_outputs/SYA/SYA_2009_SYA2009_stress_grid_S0010_daily.csv
SYA,SYA,Shenyang,2009,Leave_One_experiments\wth_generated_qc\SYA\SYA2009.WTH,normal_year;water_stress_year;nitrogen_stress_year,water_stress,SYA2009_stress_grid_S0010,pareto_balanced,2009-07-26,207,102,97,"{""sim_day"": 102.0, ""doy"": 207.0, ""topwt"": 2924.698486328125, ""grnwt"": 0.0, ""xlai"": 0.4943549335002899, ""totir"": 40.0, ""tofer"": NaN, ""swfac"": 0.0, ""nstres"": 0.2436837553977966}",0.0,0.2436837553977966,2924.698486328125,0.0,0.4943549335002899,40.0,,0.0,0.0,40.0,0.0,10.22919921875,26.22919921875,Leave_One_experiments/all_year_offline_schedule_search/daily_outputs/SYA/SYA_2009_SYA2009_stress_grid_S0010_daily.csv
SYA,SYA,Shenyang,2009,Leave_One_experiments\wth_generated_qc\SYA\SYA2009.WTH,normal_year;water_stress_year;nitrogen_stress_year,water_stress,SYA2009_stress_grid_S0010,pareto_balanced,2009-07-27,208,103,98,"{""sim_day"": 103.0, ""doy"": 208.0, ""topwt"": 3043.03466796875, ""grnwt"": 122.36106872558594, ""xlai"": 0.4813208878040313, ""totir"": 40.0, ""tofer"": NaN, ""swfac"": 0.0, ""nstres"": 0.2327786087989807}",0.0,0.2327786087989807,3043.03466796875,122.36106872558594,0.4813208878040313,40.0,,0.0,0.0,40.0,0.0,10.22919921875,26.22919921875,Leave_One_experiments/all_year_offline_schedule_search/daily_outputs/SYA/SYA_2009_SYA2009_stress_grid_S0010_daily.csv
SYA,SYA,Shenyang,2009,Leave_One_experiments\wth_generated_qc\SYA\SYA2009.WTH,normal_year;water_stress_year;nitrogen_stress_year,water_stress,SYA2009_stress_grid_S0010,pareto_balanced,2009-07-28,209,104,99,"{""sim_day"": 104.0, ""doy"": 209.0, ""topwt"": 3129.3698120117188, ""grnwt"": 204.6714782714844, ""xlai"": 0.4678773880004883, ""totir"": 40.0, ""tofer"": NaN, ""swfac"": 0.0, ""nstres"": 0.2703288793563843}",0.0,0.2703288793563843,3129.3698120117188,204.6714782714844,0.4678773880004883,40.0,,0.0,0.0,40.0,0.0,10.22919921875,26.22919921875,Leave_One_experiments/all_year_offline_schedule_search/daily_outputs/SYA/SYA_2009_SYA2009_stress_grid_S0010_daily.csv
SYA,SYA,Shenyang,2009,Leave_One_experiments\wth_generated_qc\SYA\SYA2009.WTH,normal_year;water_stress_year;nitrogen_stress_year,water_stress,SYA2009_stress_grid_S0010,pareto_balanced,2009-07-29,210,105,100,"{""sim_day"": 105.0, ""doy"": 210.0, ""topwt"": 3211.680603027344, ""grnwt"": 286.9818687438965, ""xlai"": 0.4548408687114715, ""totir"": 40.0, ""tofer"": NaN, ""swfac"": 0.0, ""nstres"": 0.2687157988548279}",0.0,0.2687157988548279,3211.680603027344,286.9818687438965,0.4548408687114715,40.0,,0.0,0.0,40.0,0.0,10.22919921875,26.22919921875,Leave_One_experiments/all_year_offline_schedule_search/daily_outputs/SYA/SYA_2009_SYA2009_stress_grid_S0010_daily.csv
SYA,SYA,Shenyang,2009,Leave_One_experiments\wth_generated_qc\SYA\SYA2009.WTH,normal_year;water_stress_year;nitrogen_stress_year,water_stress,SYA2009_stress_grid_S0010,pareto_balanced,2009-07-30,211,106,101,"{""sim_day"": 106.0, ""doy"": 211.0, ""topwt"": 3290.4986572265625, ""grnwt"": 369.2922592163086, ""xlai"": 0.4421547651290893, ""totir"": 40.0, ""tofer"": NaN, ""swfac"": 0.0, ""nstres"": 0.2693913578987121}",0.0,0.2693913578987121,3290.4986572265625,369.2922592163086,0.4421547651290893,40.0,,0.0,0.0,40.0,0.0,10.22919921875,26.22919921875,Leave_One_experiments/all_year_offline_schedule_search/daily_outputs/SYA/SYA_2009_SYA2009_stress_grid_S0010_daily.csv
SYA,SYA,Shenyang,2009,Leave_One_experiments\wth_generated_qc\SYA\SYA2009.WTH,normal_year;water_stress_year;nitrogen_stress_year,water_stress,SYA2009_stress_grid_S0010,pareto_balanced,2009-07-31,212,107,102,"{""sim_day"": 107.0, ""doy"": 212.0, ""topwt"": 3376.30126953125, ""grnwt"": 451.6026306152344, ""xlai"": 0.4298442304134369, ""totir"": 40.0, ""tofer"": NaN, ""swfac"": 0.0, ""nstres"": 0.26821368932724}",0.0,0.26821368932724,3376.30126953125,451.6026306152344,0.4298442304134369,40.0,,0.0,0.0,40.0,0.0,10.22919921875,26.22919921875,Leave_One_experiments/all_year_offline_schedule_search/daily_outputs/SYA/SYA_2009_SYA2009_stress_grid_S0010_daily.csv
SYA,SYA,Shenyang,2009,Leave_One_experiments\wth_generated_qc\SYA\SYA2009.WTH,normal_year;water_stress_year;nitrogen_stress_year,water_stress,SYA2009_stress_grid_S0010,pareto_balanced,2009-08-01,213,108,103,"{""sim_day"": 108.0, ""doy"": 213.0, ""topwt"": 3419.41162109375, ""grnwt"": 533.9130020141602, ""xlai"": 0.4178920388221741, ""totir"": 40.0, ""tofer"": NaN, ""swfac"": 0.0, ""nstres"": 0.2673414349555969}",0.0,0.2673414349555969,3419.41162109375,533.9130020141602,0.4178920388221741,40.0,,0.0,0.0,40.0,0.0,10.22919921875,26.22919921875,Leave_One_experiments/all_year_offline_schedule_search/daily_outputs/SYA/SYA_2009_SYA2009_stress_grid_S0010_daily.csv
SYA,SYA,Shenyang,2009,Leave_One_experiments\wth_generated_qc\SYA\SYA2009.WTH,normal_year;water_stress_year;nitrogen_stress_year,water_stress,SYA2009_stress_grid_S0010,pareto_balanced,2009-08-02,214,109,104,"{""sim_day"": 109.0, ""doy"": 214.0, ""topwt"": 3498.843078613281, ""grnwt"": 616.2233734130859, ""xlai"": 0.4062333405017853, ""totir"": 40.0, ""tofer"": NaN, ""swfac"": 0.0, ""nstres"": 0.2695719599723816}",0.0,0.2695719599723816,3498.843078613281,616.2233734130859,0.4062333405017853,40.0,,0.0,0.0,40.0,0.0,10.22919921875,26.22919921875,Leave_One_experiments/all_year_offline_schedule_search/daily_outputs/SYA/SYA_2009_SYA2009_stress_grid_S0010_daily.csv
SYA,SYA,Shenyang,2009,Leave_One_experiments\wth_generated_qc\SYA\SYA2009.WTH,normal_year;water_stress_year;nitrogen_stress_year,water_stress,SYA2009_stress_grid_S0010,pareto_balanced,2009-08-03,215,110,105,"{""sim_day"": 110.0, ""doy"": 215.0, ""topwt"": 3586.4486694335938, ""grnwt"": 698.5337829589844, ""xlai"": 0.3951521217823028, ""totir"": 40.0, ""tofer"": NaN, ""swfac"": 0.0, ""nstres"": 0.2546717524528503}",0.0,0.2546717524528503,3586.4486694335938,698.5337829589844,0.3951521217823028,40.0,,0.0,0.0,40.0,0.0,10.22919921875,26.22919921875,Leave_One_experiments/all_year_offline_schedule_search/daily_outputs/SYA/SYA_2009_SYA2009_stress_grid_S0010_daily.csv
SYA,SYA,Shenyang,2009,Leave_One_experiments\wth_generated_qc\SYA\SYA2009.WTH,normal_year;water_stress_year;nitrogen_stress_year,water_stress,SYA2009_stress_grid_S0010,pareto_balanced,2009-08-04,216,111,106,"{""sim_day"": 111.0, ""doy"": 216.0, ""topwt"": 3668.315734863281, ""grnwt"": 780.8441925048828, ""xlai"": 0.3843536376953125, ""totir"": 40.0, ""tofer"": NaN, ""swfac"": 0.0, ""nstres"": 0.2558581829071045}",0.0,0.2558581829071045,3668.315734863281,780.8441925048828,0.3843536376953125,40.0,,0.0,0.0,40.0,0.0,10.22919921875,26.22919921875,Leave_One_experiments/all_year_offline_schedule_search/daily_outputs/SYA/SYA_2009_SYA2009_stress_grid_S0010_daily.csv
SYA,SYA,Shenyang,2009,Leave_One_experiments\wth_generated_qc\SYA\SYA2009.WTH,normal_year;water_stress_year;nitrogen_stress_year,water_stress,SYA2009_stress_grid_S0010,pareto_balanced,2009-08-05,217,112,107,"{""sim_day"": 112.0, ""doy"": 217.0, ""topwt"": 3709.694213867188, ""grnwt"": 863.1546020507812, ""xlai"": 0.3737579882144928, ""totir"": 40.0, ""tofer"": NaN, ""swfac"": 0.0, ""nstres"": 0.2616167068481445}",0.0,0.2616167068481445,3709.694213867188,863.1546020507812,0.3737579882144928,40.0,,0.0,0.0,40.0,0.0,10.22919921875,26.22919921875,Leave_One_experiments/all_year_offline_schedule_search/daily_outputs/SYA/SYA_2009_SYA2009_stress_grid_S0010_daily.csv
SYA,SYA,Shenyang,2009,Leave_One_experiments\wth_generated_qc\SYA\SYA2009.WTH,normal_year;water_stress_year;nitrogen_stress_year,water_stress,SYA2009_stress_grid_S0010,pareto_balanced,2009-08-06,218,113,108,"{""sim_day"": 113.0, ""doy"": 218.0, ""topwt"": 3795.924682617188, ""grnwt"": 945.4650115966796, ""xlai"": 0.3634107708930969, ""totir"": 40.0, ""tofer"": NaN, ""swfac"": 0.0, ""nstres"": 0.2644197344779968}",0.0,0.2644197344779968,3795.924682617188,945.4650115966796,0.3634107708930969,40.0,,0.0,0.0,40.0,0.0,10.22919921875,26.22919921875,Leave_One_experiments/all_year_offline_schedule_search/daily_outputs/SYA/SYA_2009_SYA2009_stress_grid_S0010_daily.csv
SYA,SYA,Shenyang,2009,Leave_One_experiments\wth_generated_qc\SYA\SYA2009.WTH,normal_year;water_stress_year;nitrogen_stress_year,water_stress,SYA2009_stress_grid_S0010,pareto_balanced,2009-08-07,219,114,109,"{""sim_day"": 114.0, ""doy"": 219.0, ""topwt"": 3879.2486572265625, ""grnwt"": 1027.775421142578, ""xlai"": 0.3535960912704468, ""totir"": 40.0, ""tofer"": NaN, ""swfac"": 0.0, ""nstres"": 0.248176634311676}",0.0,0.248176634311676,3879.2486572265625,1027.775421142578,0.3535960912704468,40.0,,0.0,0.0,40.0,0.0,10.22919921875,26.22919921875,Leave_One_experiments/all_year_offline_schedule_search/daily_outputs/SYA/SYA_2009_SYA2009_stress_grid_S0010_daily.csv
SYA,SYA,Shenyang,2009,Leave_One_experiments\wth_generated_qc\SYA\SYA2009.WTH,normal_year;water_stress_year;nitrogen_stress_year,water_stress,SYA2009_stress_grid_S0010,pareto_balanced,2009-08-08,220,115,110,"{""sim_day"": 115.0, ""doy"": 220.0, ""topwt"": 3956.768798828125, ""grnwt"": 1110.0858306884766, ""xlai"": 0.3439799845218658, ""totir"": 40.0, ""tofer"": NaN, ""swfac"": 0.0, ""nstres"": 0.2526822686195373}",0.0,0.2526822686195373,3956.768798828125,1110.0858306884766,0.3439799845218658,40.0,,0.0,0.0,40.0,0.0,10.22919921875,26.22919921875,Leave_One_experiments/all_year_offline_schedule_search/daily_outputs/SYA/SYA_2009_SYA2009_stress_grid_S0010_daily.csv
SYA,SYA,Shenyang,2009,Leave_One_experiments\wth_generated_qc\SYA\SYA2009.WTH,normal_year;water_stress_year;nitrogen_stress_year,water_stress,SYA2009_stress_grid_S0010,pareto_balanced,2009-08-09,221,116,111,"{""sim_day"": 116.0, ""doy"": 221.0, ""topwt"": 4022.25830078125, ""grnwt"": 1192.396240234375, ""xlai"": 0.3345732688903808, ""totir"": 40.0, ""tofer"": NaN, ""swfac"": 0.0, ""nstres"": 0.2563216090202331}",0.0,0.2563216090202331,4022.25830078125,1192.396240234375,0.3345732688903808,40.0,,0.0,0.0,40.0,0.0,10.22919921875,26.22919921875,Leave_One_experiments/all_year_offline_schedule_search/daily_outputs/SYA/SYA_2009_SYA2009_stress_grid_S0010_daily.csv
SYA,SYA,Shenyang,2009,Leave_One_experiments\wth_generated_qc\SYA\SYA2009.WTH,normal_year;water_stress_year;nitrogen_stress_year,water_stress,SYA2009_stress_grid_S0010,pareto_balanced,2009-08-10,222,117,112,"{""sim_day"": 117.0, ""doy"": 222.0, ""topwt"": 4094.2800903320312, ""grnwt"": 1259.7879028320312, ""xlai"": 0.3254372477531433, ""totir"": 40.0, ""tofer"": NaN, ""swfac"": 0.0, ""nstres"": 0.2553532719612121}",0.0,0.2553532719612121,4094.2800903320312,1259.7879028320312,0.3254372477531433,40.0,,0.0,0.0,40.0,0.0,10.22919921875,26.22919921875,Leave_One_experiments/all_year_offline_schedule_search/daily_outputs/SYA/SYA_2009_SYA2009_stress_grid_S0010_daily.csv
SYA,SYA,Shenyang,2009,Leave_One_experiments\wth_generated_qc\SYA\SYA2009.WTH,normal_year;water_stress_year;nitrogen_stress_year,water_stress,SYA2009_stress_grid_S0010,pareto_balanced,2009-08-11,223,118,113,"{""sim_day"": 118.0, ""doy"": 223.0, ""topwt"": 4172.51220703125, ""grnwt"": 1336.4393615722656, ""xlai"": 0.3167236149311065, ""totir"": 40.0, ""tofer"": NaN, ""swfac"": 0.0, ""nstres"": 0.2426041364669799}",0.0,0.2426041364669799,4172.51220703125,1336.4393615722656,0.3167236149311065,40.0,,0.0,0.0,40.0,0.0,10.22919921875,26.22919921875,Leave_One_experiments/all_year_offline_schedule_search/daily_outputs/SYA/SYA_2009_SYA2009_stress_grid_S0010_daily.csv
SYA,SYA,Shenyang,2009,Leave_One_experiments\wth_generated_qc\SYA\SYA2009.WTH,normal_year;water_stress_year;nitrogen_stress_year,water_stress,SYA2009_stress_grid_S0010,pareto_balanced,2009-08-12,224,119,114,"{""sim_day"": 119.0, ""doy"": 224.0, ""topwt"": 4255.070495605469, ""grnwt"": 1418.7498474121094, ""xlai"": 0.308194100856781, ""totir"": 40.0, ""tofer"": NaN, ""swfac"": 0.0, ""nstres"": 0.2463338971138}",0.0,0.2463338971138,4255.070495605469,1418.7498474121094,0.308194100856781,40.0,,0.0,0.0,40.0,0.0,10.22919921875,26.22919921875,Leave_One_experiments/all_year_offline_schedule_search/daily_outputs/SYA/SYA_2009_SYA2009_stress_grid_S0010_daily.csv
SYA,SYA,Shenyang,2009,Leave_One_experiments\wth_generated_qc\SYA\SYA2009.WTH,normal_year;water_stress_year;nitrogen_stress_year,water_stress,SYA2009_stress_grid_S0010,pareto_balanced,2009-08-13,225,120,115,"{""sim_day"": 120.0, ""doy"": 225.0, ""topwt"": 4317.35107421875, ""grnwt"": 1481.5115356445312, ""xlai"": 0.2998659014701843, ""totir"": 40.0, ""tofer"": NaN, ""swfac"": 0.0, ""nstres"": 0.2485385537147522}",0.0,0.2485385537147522,4317.35107421875,1481.5115356445312,0.2998659014701843,40.0,,0.0,0.0,40.0,0.0,10.22919921875,26.22919921875,Leave_One_experiments/all_year_offline_schedule_search/daily_outputs/SYA/SYA_2009_SYA2009_stress_grid_S0010_daily.csv
SYA,SYA,Shenyang,2009,Leave_One_experiments\wth_generated_qc\SYA\SYA2009.WTH,normal_year;water_stress_year;nitrogen_stress_year,water_stress,SYA2009_stress_grid_S0010,pareto_balanced,2009-08-14,226,121,116,"{""sim_day"": 121.0, ""doy"": 226.0, ""topwt"": 4382.9620361328125, ""grnwt"": 1548.388671875, ""xlai"": 0.2918728590011596, ""totir"": 40.0, ""tofer"": NaN, ""swfac"": 0.0, ""nstres"": 0.2397311329841613}",0.0,0.2397311329841613,4382.9620361328125,1548.388671875,0.2918728590011596,40.0,,0.0,0.0,40.0,0.0,10.22919921875,26.22919921875,Leave_One_experiments/all_year_offline_schedule_search/daily_outputs/SYA/SYA_2009_SYA2009_stress_grid_S0010_daily.csv
SYA,SYA,Shenyang,2009,Leave_One_experiments\wth_generated_qc\SYA\SYA2009.WTH,normal_year;water_stress_year;nitrogen_stress_year,water_stress,SYA2009_stress_grid_S0010,pareto_balanced,2009-08-15,227,122,117,"{""sim_day"": 122.0, ""doy"": 227.0, ""topwt"": 4439.928894042969, ""grnwt"": 1630.6990051269531, ""xlai"": 0.2841503024101257, ""totir"": 40.0, ""tofer"": NaN, ""swfac"": 0.0, ""nstres"": 0.2350114583969116}",0.0,0.2350114583969116,4439.928894042969,1630.6990051269531,0.2841503024101257,40.0,,0.0,0.0,40.0,0.0,10.22919921875,26.22919921875,Leave_One_experiments/all_year_offline_schedule_search/daily_outputs/SYA/SYA_2009_SYA2009_stress_grid_S0010_daily.csv
SYA,SYA,Shenyang,2009,Leave_One_experiments\wth_generated_qc\SYA\SYA2009.WTH,normal_year;water_stress_year;nitrogen_stress_year,water_stress,SYA2009_stress_grid_S0010,pareto_balanced,2009-08-16,228,123,118,"{""sim_day"": 123.0, ""doy"": 228.0, ""topwt"": 4462.247924804688, ""grnwt"": 1713.0093383789062, ""xlai"": 0.2765645980834961, ""totir"": 40.0, ""tofer"": NaN, ""swfac"": 0.0, ""nstres"": 0.2407079935073852}",0.0,0.2407079935073852,4462.247924804688,1713.0093383789062,0.2765645980834961,40.0,,0.0,0.0,40.0,0.0,10.22919921875,26.22919921875,Leave_One_experiments/all_year_offline_schedule_search/daily_outputs/SYA/SYA_2009_SYA2009_stress_grid_S0010_daily.csv
SYA,SYA,Shenyang,2009,Leave_One_experiments\wth_generated_qc\SYA\SYA2009.WTH,normal_year;water_stress_year;nitrogen_stress_year,water_stress,SYA2009_stress_grid_S0010,pareto_balanced,2009-08-17,229,124,119,"{""sim_day"": 124.0, ""doy"": 229.0, ""topwt"": 4515.399475097656, ""grnwt"": 1795.3196716308594, ""xlai"": 0.2692584097385406, ""totir"": 40.0, ""tofer"": NaN, ""swfac"": 0.0, ""nstres"": 0.2340240478515625}",0.0,0.2340240478515625,4515.399475097656,1795.3196716308594,0.2692584097385406,40.0,,0.0,0.0,40.0,0.0,10.22919921875,26.22919921875,Leave_One_experiments/all_year_offline_schedule_search/daily_outputs/SYA/SYA_2009_SYA2009_stress_grid_S0010_daily.csv
SYA,SYA,Shenyang,2009,Leave_One_experiments\wth_generated_qc\SYA\SYA2009.WTH,normal_year;water_stress_year;nitrogen_stress_year,water_stress,SYA2009_stress_grid_S0010,pareto_balanced,2009-08-18,230,125,120,"{""sim_day"": 125.0, ""doy"": 230.0, ""topwt"": 4524.369201660156, ""grnwt"": 1877.6300048828125, ""xlai"": 0.2624170482158661, ""totir"": 40.0, ""tofer"": NaN, ""swfac"": 0.0, ""nstres"": 0.2097945809364318}",0.0,0.2097945809364318,4524.369201660156,1877.6300048828125,0.2624170482158661,40.0,,0.0,0.0,40.0,0.0,10.22919921875,26.22919921875,Leave_One_experiments/all_year_offline_schedule_search/daily_outputs/SYA/SYA_2009_SYA2009_stress_grid_S0010_daily.csv
SYA,SYA,Shenyang,2009,Leave_One_experiments\wth_generated_qc\SYA\SYA2009.WTH,normal_year;water_stress_year;nitrogen_stress_year,water_stress,SYA2009_stress_grid_S0010,pareto_balanced,2009-08-19,231,126,121,"{""sim_day"": 126.0, ""doy"": 231.0, ""topwt"": 4600.3460693359375, ""grnwt"": 1959.9403381347656, ""xlai"": 0.2557530105113983, ""totir"": 40.0, ""tofer"": NaN, ""swfac"": 0.0, ""nstres"": 0.2094795703887939}",0.0,0.2094795703887939,4600.3460693359375,1959.9403381347656,0.2557530105113983,40.0,,0.0,0.0,40.0,0.0,10.22919921875,26.22919921875,Leave_One_experiments/all_year_offline_schedule_search/daily_outputs/SYA/SYA_2009_SYA2009_stress_grid_S0010_daily.csv
SYA,SYA,Shenyang,2009,Leave_One_experiments\wth_generated_qc\SYA\SYA2009.WTH,normal_year;water_stress_year;nitrogen_stress_year,water_stress,SYA2009_stress_grid_S0010,pareto_balanced,2009-08-20,232,127,122,"{""sim_day"": 127.0, ""doy"": 232.0, ""topwt"": 4673.466796875, ""grnwt"": 2042.2506713867188, ""xlai"": 0.2495744377374649, ""totir"": 40.0, ""tofer"": NaN, ""swfac"": 0.0, ""nstres"": 0.1932687163352966}",0.0,0.1932687163352966,4673.466796875,2042.2506713867188,0.2495744377374649,40.0,,0.0,0.0,40.0,0.0,10.22919921875,26.22919921875,Leave_One_experiments/all_year_offline_schedule_search/daily_outputs/SYA/SYA_2009_SYA2009_stress_grid_S0010_daily.csv
SYA,SYA,Shenyang,2009,Leave_One_experiments\wth_generated_qc\SYA\SYA2009.WTH,normal_year;water_stress_year;nitrogen_stress_year,water_stress,SYA2009_stress_grid_S0010,pareto_balanced,2009-08-21,233,128,123,"{""sim_day"": 128.0, ""doy"": 233.0, ""topwt"": 4739.350891113281, ""grnwt"": 2124.561004638672, ""xlai"": 0.2432713359594345, ""totir"": 40.0, ""tofer"": NaN, ""swfac"": 0.0, ""nstres"": 0.2061259150505066}",0.0,0.2061259150505066,4739.350891113281,2124.561004638672,0.2432713359594345,40.0,,0.0,0.0,40.0,0.0,10.22919921875,26.22919921875,Leave_One_experiments/all_year_offline_schedule_search/daily_outputs/SYA/SYA_2009_SYA2009_stress_grid_S0010_daily.csv
SYA,SYA,Shenyang,2009,Leave_One_experiments\wth_generated_qc\SYA\SYA2009.WTH,normal_year;water_stress_year;nitrogen_stress_year,water_stress,SYA2009_stress_grid_S0010,pareto_balanced,2009-08-22,234,129,124,"{""sim_day"": 129.0, ""doy"": 234.0, ""topwt"": 4789.977416992188, ""grnwt"": 2206.871337890625, ""xlai"": 0.2368682324886322, ""totir"": 40.0, ""tofer"": NaN, ""swfac"": 0.0, ""nstres"": 0.2316966652870178}",0.0,0.2316966652870178,4789.977416992188,2206.871337890625,0.2368682324886322,40.0,,0.0,0.0,40.0,0.0,10.22919921875,26.22919921875,Leave_One_experiments/all_year_offline_schedule_search/daily_outputs/SYA/SYA_2009_SYA2009_stress_grid_S0010_daily.csv
SYA,SYA,Shenyang,2009,Leave_One_experiments\wth_generated_qc\SYA\SYA2009.WTH,normal_year;water_stress_year;nitrogen_stress_year,water_stress,SYA2009_stress_grid_S0010,pareto_balanced,2009-08-23,235,130,125,"{""sim_day"": 130.0, ""doy"": 235.0, ""topwt"": 4849.1644287109375, ""grnwt"": 2289.181671142578, ""xlai"": 0.2304974794387817, ""totir"": 40.0, ""tofer"": NaN, ""swfac"": 0.0, ""nstres"": 0.2454963326454162}",0.0,0.2454963326454162,4849.1644287109375,2289.181671142578,0.2304974794387817,40.0,,0.0,0.0,40.0,0.0,10.22919921875,26.22919921875,Leave_One_experiments/all_year_offline_schedule_search/daily_outputs/SYA/SYA_2009_SYA2009_stress_grid_S0010_daily.csv
SYA,SYA,Shenyang,2009,Leave_One_experiments\wth_generated_qc\SYA\SYA2009.WTH,normal_year;water_stress_year;nitrogen_stress_year,water_stress,SYA2009_stress_grid_S0010,pareto_balanced,2009-08-24,236,131,126,"{""sim_day"": 131.0, ""doy"": 236.0, ""topwt"": 4883.012390136719, ""grnwt"": 2371.4920043945312, ""xlai"": 0.2243314683437347, ""totir"": 40.0, ""tofer"": NaN, ""swfac"": 0.0, ""nstres"": 0.2420212626457214}",0.0,0.2420212626457214,4883.012390136719,2371.4920043945312,0.2243314683437347,40.0,,0.0,0.0,40.0,0.0,10.22919921875,26.22919921875,Leave_One_experiments/all_year_offline_schedule_search/daily_outputs/SYA/SYA_2009_SYA2009_stress_grid_S0010_daily.csv
SYA,SYA,Shenyang,2009,Leave_One_experiments\wth_generated_qc\SYA\SYA2009.WTH,normal_year;water_stress_year;nitrogen_stress_year,water_stress,SYA2009_stress_grid_S0010,pareto_balanced,2009-08-25,237,132,127,"{""sim_day"": 132.0, ""doy"": 237.0, ""topwt"": 4893.9068603515625, ""grnwt"": 2453.8023376464844, ""xlai"": 0.2183111011981964, ""totir"": 40.0, ""tofer"": NaN, ""swfac"": 0.0, ""nstres"": 0.2440811395645141}",0.0,0.2440811395645141,4893.9068603515625,2453.8023376464844,0.2183111011981964,40.0,,0.0,0.0,40.0,0.0,10.22919921875,26.22919921875,Leave_One_experiments/all_year_offline_schedule_search/daily_outputs/SYA/SYA_2009_SYA2009_stress_grid_S0010_daily.csv
SYA,SYA,Shenyang,2009,Leave_One_experiments\wth_generated_qc\SYA\SYA2009.WTH,normal_year;water_stress_year;nitrogen_stress_year,water_stress,SYA2009_stress_grid_S0010,pareto_balanced,2009-08-26,238,133,128,"{""sim_day"": 133.0, ""doy"": 238.0, ""topwt"": 4939.861755371094, ""grnwt"": 2536.112670898437, ""xlai"": 0.2126204222440719, ""totir"": 40.0, ""tofer"": NaN, ""swfac"": 0.0, ""nstres"": 0.2256056666374206}",0.0,0.2256056666374206,4939.861755371094,2536.112670898437,0.2126204222440719,40.0,,0.0,0.0,40.0,0.0,10.22919921875,26.22919921875,Leave_One_experiments/all_year_offline_schedule_search/daily_outputs/SYA/SYA_2009_SYA2009_stress_grid_S0010_daily.csv
SYA,SYA,Shenyang,2009,Leave_One_experiments\wth_generated_qc\SYA\SYA2009.WTH,normal_year;water_stress_year;nitrogen_stress_year,water_stress,SYA2009_stress_grid_S0010,pareto_balanced,2009-08-27,239,134,129,"{""sim_day"": 134.0, ""doy"": 239.0, ""topwt"": 4975.548400878906, ""grnwt"": 2617.247314453125, ""xlai"": 0.2072736322879791, ""totir"": 40.0, ""tofer"": NaN, ""swfac"": 0.0, ""nstres"": 0.2035295367240905}",0.0,0.2035295367240905,4975.548400878906,2617.247314453125,0.2072736322879791,40.0,,0.0,0.0,40.0,0.0,10.22919921875,26.22919921875,Leave_One_experiments/all_year_offline_schedule_search/daily_outputs/SYA/SYA_2009_SYA2009_stress_grid_S0010_daily.csv
SYA,SYA,Shenyang,2009,Leave_One_experiments\wth_generated_qc\SYA\SYA2009.WTH,normal_year;water_stress_year;nitrogen_stress_year,water_stress,SYA2009_stress_grid_S0010,pareto_balanced,2009-08-28,240,135,130,"{""sim_day"": 135.0, ""doy"": 240.0, ""topwt"": 5028.441162109375, ""grnwt"": 2693.6782836914062, ""xlai"": 0.2019423842430114, ""totir"": 40.0, ""tofer"": NaN, ""swfac"": 0.0, ""nstres"": 0.2172987461090088}",0.0,0.2172987461090088,5028.441162109375,2693.6782836914062,0.2019423842430114,40.0,,0.0,0.0,40.0,0.0,10.22919921875,26.22919921875,Leave_One_experiments/all_year_offline_schedule_search/daily_outputs/SYA/SYA_2009_SYA2009_stress_grid_S0010_daily.csv
SYA,SYA,Shenyang,2009,Leave_One_experiments\wth_generated_qc\SYA\SYA2009.WTH,normal_year;water_stress_year;nitrogen_stress_year,water_stress,SYA2009_stress_grid_S0010,pareto_balanced,2009-08-29,241,136,131,"{""sim_day"": 136.0, ""doy"": 241.0, ""topwt"": 5080.921936035156, ""grnwt"": 2775.9884643554688, ""xlai"": 0.1967982798814773, ""totir"": 40.0, ""tofer"": NaN, ""swfac"": 0.0, ""nstres"": 0.2113503813743591}",0.0,0.2113503813743591,5080.921936035156,2775.9884643554688,0.1967982798814773,40.0,,0.0,0.0,40.0,0.0,10.22919921875,26.22919921875,Leave_One_experiments/all_year_offline_schedule_search/daily_outputs/SYA/SYA_2009_SYA2009_stress_grid_S0010_daily.csv
SYA,SYA,Shenyang,2009,Leave_One_experiments\wth_generated_qc\SYA\SYA2009.WTH,normal_year;water_stress_year;nitrogen_stress_year,water_stress,SYA2009_stress_grid_S0010,pareto_balanced,2009-08-30,242,137,132,"{""sim_day"": 137.0, ""doy"": 242.0, ""topwt"": 5127.5244140625, ""grnwt"": 2858.2992553710938, ""xlai"": 0.1916125863790512, ""totir"": 40.0, ""tofer"": NaN, ""swfac"": 0.0, ""nstres"": 0.2324031591415405}",0.0,0.2324031591415405,5127.5244140625,2858.2992553710938,0.1916125863790512,40.0,,0.0,0.0,40.0,0.0,10.22919921875,26.22919921875,Leave_One_experiments/all_year_offline_schedule_search/daily_outputs/SYA/SYA_2009_SYA2009_stress_grid_S0010_daily.csv
SYA,SYA,Shenyang,2009,Leave_One_experiments\wth_generated_qc\SYA\SYA2009.WTH,normal_year;water_stress_year;nitrogen_stress_year,water_stress,SYA2009_stress_grid_S0010,pareto_balanced,2009-08-31,243,138,133,"{""sim_day"": 138.0, ""doy"": 243.0, ""topwt"": 5171.5704345703125, ""grnwt"": 2940.609436035156, ""xlai"": 0.1864576190710067, ""totir"": 40.0, ""tofer"": NaN, ""swfac"": 0.0, ""nstres"": 0.2456691861152649}",0.0,0.2456691861152649,5171.5704345703125,2940.609436035156,0.1864576190710067,40.0,,0.0,0.0,40.0,0.0,10.22919921875,26.22919921875,Leave_One_experiments/all_year_offline_schedule_search/daily_outputs/SYA/SYA_2009_SYA2009_stress_grid_S0010_daily.csv
SYA,SYA,Shenyang,2009,Leave_One_experiments\wth_generated_qc\SYA\SYA2009.WTH,normal_year;water_stress_year;nitrogen_stress_year,water_stress,SYA2009_stress_grid_S0010,pareto_balanced,2009-09-01,244,139,134,"{""sim_day"": 139.0, ""doy"": 244.0, ""topwt"": 5211.450805664063, ""grnwt"": 3022.919921875, ""xlai"": 0.1814028918743133, ""totir"": 40.0, ""tofer"": NaN, ""swfac"": 0.0, ""nstres"": 0.2506235837936401}",0.0,0.2506235837936401,5211.450805664063,3022.919921875,0.1814028918743133,40.0,,0.0,0.0,40.0,0.0,10.22919921875,26.22919921875,Leave_One_experiments/all_year_offline_schedule_search/daily_outputs/SYA/SYA_2009_SYA2009_stress_grid_S0010_daily.csv
SYA,SYA,Shenyang,2009,Leave_One_experiments\wth_generated_qc\SYA\SYA2009.WTH,normal_year;water_stress_year;nitrogen_stress_year,water_stress,SYA2009_stress_grid_S0010,pareto_balanced,2009-09-02,245,140,135,"{""sim_day"": 140.0, ""doy"": 245.0, ""topwt"": 5211.450805664063, ""grnwt"": 3022.919921875, ""xlai"": 0.1814028918743133, ""totir"": 40.0, ""tofer"": NaN, ""swfac"": 0.0, ""nstres"": 0.2511495947837829}",0.0,0.2511495947837829,5211.450805664063,3022.919921875,0.1814028918743133,40.0,,0.0,0.0,40.0,0.0,10.22919921875,26.22919921875,Leave_One_experiments/all_year_offline_schedule_search/daily_outputs/SYA/SYA_2009_SYA2009_stress_grid_S0010_daily.csv
SYA,SYA,Shenyang,2009,Leave_One_experiments\wth_generated_qc\SYA\SYA2009.WTH,normal_year;water_stress_year;nitrogen_stress_year,water_stress,SYA2009_stress_grid_S0010,pareto_balanced,2009-09-03,246,141,136,"{""sim_day"": 141.0, ""doy"": 246.0, ""topwt"": 5211.450805664063, ""grnwt"": 3022.919921875, ""xlai"": 0.1814028918743133, ""totir"": 40.0, ""tofer"": NaN, ""swfac"": 0.0, ""nstres"": 0.2511495947837829}",0.0,0.2511495947837829,5211.450805664063,3022.919921875,0.1814028918743133,40.0,,0.0,0.0,40.0,0.0,10.22919921875,26.22919921875,Leave_One_experiments/all_year_offline_schedule_search/daily_outputs/SYA/SYA_2009_SYA2009_stress_grid_S0010_daily.csv
SYA,SYA,Shenyang,2009,Leave_One_experiments\wth_generated_qc\SYA\SYA2009.WTH,normal_year;water_stress_year;nitrogen_stress_year,water_stress,SYA2009_stress_grid_S0010,pareto_balanced,2009-09-04,247,142,137,"{""sim_day"": 142.0, ""doy"": 247.0, ""topwt"": 5211.450805664063, ""grnwt"": 3022.919921875, ""xlai"": 0.1814028918743133, ""totir"": 40.0, ""tofer"": NaN, ""swfac"": 0.0, ""nstres"": 0.2511495947837829}",0.0,0.2511495947837829,5211.450805664063,3022.919921875,0.1814028918743133,40.0,,0.0,0.0,40.0,0.0,10.22919921875,26.22919921875,Leave_One_experiments/all_year_offline_schedule_search/daily_outputs/SYA/SYA_2009_SYA2009_stress_grid_S0010_daily.csv
SYA,SYA,Shenyang,2009,Leave_One_experiments\wth_generated_qc\SYA\SYA2009.WTH,normal_year;water_stress_year;nitrogen_stress_year,water_stress,SYA2009_stress_grid_S0011,pareto_balanced,2009-04-21,111,1,1,"{""sim_day"": 1.0, ""doy"": 111.0, ""topwt"": 0.0, ""grnwt"": 0.0, ""xlai"": 0.0, ""totir"": 0.0, ""tofer"": NaN, ""swfac"": 0.0, ""nstres"": 0.0}",0.0,0.0,0.0,0.0,0.0,0.0,,0.0,0.0,40.0,0.0,10.22919921875,26.22919921875,Leave_One_experiments/all_year_offline_schedule_search/daily_outputs/SYA/SYA_2009_SYA2009_stress_grid_S0011_daily.csv
SYA,SYA,Shenyang,2009,Leave_One_experiments\wth_generated_qc\SYA\SYA2009.WTH,normal_year;water_stress_year;nitrogen_stress_year,water_stress,SYA2009_stress_grid_S0011,pareto_balanced,2009-04-22,112,2,2,"{""sim_day"": 2.0, ""doy"": 112.0, ""topwt"": 0.0, ""grnwt"": 0.0, ""xlai"": 0.0, ""totir"": 0.0, ""tofer"": NaN, ""swfac"": 0.0, ""nstres"": 0.0}",0.0,0.0,0.0,0.0,0.0,0.0,,0.0,0.0,40.0,0.0,10.22919921875,26.22919921875,Leave_One_experiments/all_year_offline_schedule_search/daily_outputs/SYA/SYA_2009_SYA2009_stress_grid_S0011_daily.csv
SYA,SYA,Shenyang,2009,Leave_One_experiments\wth_generated_qc\SYA\SYA2009.WTH,normal_year;water_stress_year;nitrogen_stress_year,water_stress,SYA2009_stress_grid_S0011,pareto_balanced,2009-04-23,113,3,3,"{""sim_day"": 3.0, ""doy"": 113.0, ""topwt"": 0.0, ""grnwt"": 0.0, ""xlai"": 0.0, ""totir"": 0.0, ""tofer"": NaN, ""swfac"": 0.0, ""nstres"": 0.0}",0.0,0.0,0.0,0.0,0.0,0.0,,0.0,0.0,40.0,0.0,10.22919921875,26.22919921875,Leave_One_experiments/all_year_offline_schedule_search/daily_outputs/SYA/SYA_2009_SYA2009_stress_grid_S0011_daily.csv
SYA,SYA,Shenyang,2009,Leave_One_experiments\wth_generated_qc\SYA\SYA2009.WTH,normal_year;water_stress_year;nitrogen_stress_year,water_stress,SYA2009_stress_grid_S0011,pareto_balanced,2009-04-24,114,4,4,"{""sim_day"": 4.0, ""doy"": 114.0, ""topwt"": 0.0, ""grnwt"": 0.0, ""xlai"": 0.0, ""totir"": 0.0, ""tofer"": NaN, ""swfac"": 0.0, ""nstres"": 0.0}",0.0,0.0,0.0,0.0,0.0,0.0,,0.0,0.0,40.0,0.0,10.22919921875,26.22919921875,Leave_One_experiments/all_year_offline_schedule_search/daily_outputs/SYA/SYA_2009_SYA2009_stress_grid_S0011_daily.csv
SYA,SYA,Shenyang,2009,Leave_One_experiments\wth_generated_qc\SYA\SYA2009.WTH,normal_year;water_stress_year;nitrogen_stress_year,water_stress,SYA2009_stress_grid_S0011,pareto_balanced,2009-04-25,115,5,5,"{""sim_day"": 5.0, ""doy"": 115.0, ""topwt"": 0.0, ""grnwt"": 0.0, ""xlai"": 0.0, ""totir"": 0.0, ""tofer"": NaN, ""swfac"": 0.0, ""nstres"": 0.0}",0.0,0.0,0.0,0.0,0.0,0.0,,0.0,0.0,40.0,0.0,10.22919921875,26.22919921875,Leave_One_experiments/all_year_offline_schedule_search/daily_outputs/SYA/SYA_2009_SYA2009_stress_grid_S0011_daily.csv
SYA,SYA,Shenyang,2009,Leave_One_experiments\wth_generated_qc\SYA\SYA2009.WTH,normal_year;water_stress_year;nitrogen_stress_year,water_stress,SYA2009_stress_grid_S0011,pareto_balanced,2009-04-21,111,6,1,"{""sim_day"": 6.0, ""doy"": 111.0, ""topwt"": 0.0, ""grnwt"": 0.0, ""xlai"": 0.0, ""totir"": 0.0, ""tofer"": NaN, ""swfac"": 0.0, ""nstres"": 0.0}",0.0,0.0,0.0,0.0,0.0,0.0,,0.0,0.0,40.0,0.0,10.22919921875,26.22919921875,Leave_One_experiments/all_year_offline_schedule_search/daily_outputs/SYA/SYA_2009_SYA2009_stress_grid_S0011_daily.csv
SYA,SYA,Shenyang,2009,Leave_One_experiments\wth_generated_qc\SYA\SYA2009.WTH,normal_year;water_stress_year;nitrogen_stress_year,water_stress,SYA2009_stress_grid_S0011,pareto_balanced,2009-04-22,112,7,2,"{""sim_day"": 7.0, ""doy"": 112.0, ""topwt"": 0.0, ""grnwt"": 0.0, ""xlai"": 0.0, ""totir"": 0.0, ""tofer"": NaN, ""swfac"": 0.0, ""nstres"": 0.0}",0.0,0.0,0.0,0.0,0.0,0.0,,0.0,0.0,40.0,0.0,10.22919921875,26.22919921875,Leave_One_experiments/all_year_offline_schedule_search/daily_outputs/SYA/SYA_2009_SYA2009_stress_grid_S0011_daily.csv
SYA,SYA,Shenyang,2009,Leave_One_experiments\wth_generated_qc\SYA\SYA2009.WTH,normal_year;water_stress_year;nitrogen_stress_year,water_stress,SYA2009_stress_grid_S0011,pareto_balanced,2009-04-23,113,8,3,"{""sim_day"": 8.0, ""doy"": 113.0, ""topwt"": 0.0, ""grnwt"": 0.0, ""xlai"": 0.0, ""totir"": 0.0, ""tofer"": NaN, ""swfac"": 0.0, ""nstres"": 0.0}",0.0,0.0,0.0,0.0,0.0,0.0,,0.0,0.0,40.0,0.0,10.22919921875,26.22919921875,Leave_One_experiments/all_year_offline_schedule_search/daily_outputs/SYA/SYA_2009_SYA2009_stress_grid_S0011_daily.csv
SYA,SYA,Shenyang,2009,Leave_One_experiments\wth_generated_qc\SYA\SYA2009.WTH,normal_year;water_stress_year;nitrogen_stress_year,water_stress,SYA2009_stress_grid_S0011,pareto_balanced,2009-04-24,114,9,4,"{""sim_day"": 9.0, ""doy"": 114.0, ""topwt"": 0.0, ""grnwt"": 0.0, ""xlai"": 0.0, ""totir"": 0.0, ""tofer"": NaN, ""swfac"": 0.0, ""nstres"": 0.0}",0.0,0.0,0.0,0.0,0.0,0.0,,0.0,0.0,40.0,0.0,10.22919921875,26.22919921875,Leave_One_experiments/all_year_offline_schedule_search/daily_outputs/SYA/SYA_2009_SYA2009_stress_grid_S0011_daily.csv
SYA,SYA,Shenyang,2009,Leave_One_experiments\wth_generated_qc\SYA\SYA2009.WTH,normal_year;water_stress_year;nitrogen_stress_year,water_stress,SYA2009_stress_grid_S0011,pareto_balanced,2009-04-25,115,10,5,"{""sim_day"": 10.0, ""doy"": 115.0, ""topwt"": 0.0, ""grnwt"": 0.0, ""xlai"": 0.0, ""totir"": 0.0, ""tofer"": NaN, ""swfac"": 0.0, ""nstres"": 0.0}",0.0,0.0,0.0,0.0,0.0,0.0,,0.0,0.0,40.0,0.0,10.22919921875,26.22919921875,Leave_One_experiments/all_year_offline_schedule_search/daily_outputs/SYA/SYA_2009_SYA2009_stress_grid_S0011_daily.csv
SYA,SYA,Shenyang,2009,Leave_One_experiments\wth_generated_qc\SYA\SYA2009.WTH,normal_year;water_stress_year;nitrogen_stress_year,water_stress,SYA2009_stress_grid_S0011,pareto_balanced,2009-04-26,116,11,6,"{""sim_day"": 11.0, ""doy"": 116.0, ""topwt"": 0.0, ""grnwt"": 0.0, ""xlai"": 0.0, ""totir"": 0.0, ""tofer"": NaN, ""swfac"": 0.0, ""nstres"": 0.0}",0.0,0.0,0.0,0.0,0.0,0.0,,0.0,0.0,40.0,0.0,10.22919921875,26.22919921875,Leave_One_experiments/all_year_offline_schedule_search/daily_outputs/SYA/SYA_2009_SYA2009_stress_grid_S0011_daily.csv
SYA,SYA,Shenyang,2009,Leave_One_experiments\wth_generated_qc\SYA\SYA2009.WTH,normal_year;water_stress_year;nitrogen_stress_year,water_stress,SYA2009_stress_grid_S0011,pareto_balanced,2009-04-27,117,12,7,"{""sim_day"": 12.0, ""doy"": 117.0, ""topwt"": 0.0, ""grnwt"": 0.0, ""xlai"": 0.0, ""totir"": 0.0, ""tofer"": NaN, ""swfac"": 0.0, ""nstres"": 0.0}",0.0,0.0,0.0,0.0,0.0,0.0,,0.0,0.0,40.0,0.0,10.22919921875,26.22919921875,Leave_One_experiments/all_year_offline_schedule_search/daily_outputs/SYA/SYA_2009_SYA2009_stress_grid_S0011_daily.csv
SYA,SYA,Shenyang,2009,Leave_One_experiments\wth_generated_qc\SYA\SYA2009.WTH,normal_year;water_stress_year;nitrogen_stress_year,water_stress,SYA2009_stress_grid_S0011,pareto_balanced,2009-04-28,118,13,8,"{""sim_day"": 13.0, ""doy"": 118.0, ""topwt"": 0.0, ""grnwt"": 0.0, ""xlai"": 0.0, ""totir"": 0.0, ""tofer"": NaN, ""swfac"": 0.0, ""nstres"": 0.0}",0.0,0.0,0.0,0.0,0.0,0.0,,0.0,0.0,40.0,0.0,10.22919921875,26.22919921875,Leave_One_experiments/all_year_offline_schedule_search/daily_outputs/SYA/SYA_2009_SYA2009_stress_grid_S0011_daily.csv
SYA,SYA,Shenyang,2009,Leave_One_experiments\wth_generated_qc\SYA\SYA2009.WTH,normal_year;water_stress_year;nitrogen_stress_year,water_stress,SYA2009_stress_grid_S0011,pareto_balanced,2009-04-29,119,14,9,"{""sim_day"": 14.0, ""doy"": 119.0, ""topwt"": 0.0, ""grnwt"": 0.0, ""xlai"": 0.0, ""totir"": 0.0, ""tofer"": NaN, ""swfac"": 0.0, ""nstres"": 0.0}",0.0,0.0,0.0,0.0,0.0,0.0,,0.0,0.0,40.0,0.0,10.22919921875,26.22919921875,Leave_One_experiments/all_year_offline_schedule_search/daily_outputs/SYA/SYA_2009_SYA2009_stress_grid_S0011_daily.csv
SYA,SYA,Shenyang,2009,Leave_One_experiments\wth_generated_qc\SYA\SYA2009.WTH,normal_year;water_stress_year;nitrogen_stress_year,water_stress,SYA2009_stress_grid_S0011,pareto_balanced,2009-04-30,120,15,10,"{""sim_day"": 15.0, ""doy"": 120.0, ""topwt"": 0.0, ""grnwt"": 0.0, ""xlai"": 0.0, ""totir"": 0.0, ""tofer"": NaN, ""swfac"": 0.0, ""nstres"": 0.0}",0.0,0.0,0.0,0.0,0.0,0.0,,0.0,0.0,40.0,0.0,10.22919921875,26.22919921875,Leave_One_experiments/all_year_offline_schedule_search/daily_outputs/SYA/SYA_2009_SYA2009_stress_grid_S0011_daily.csv
SYA,SYA,Shenyang,2009,Leave_One_experiments\wth_generated_qc\SYA\SYA2009.WTH,normal_year;water_stress_year;nitrogen_stress_year,water_stress,SYA2009_stress_grid_S0011,pareto_balanced,2009-05-01,121,16,11,"{""sim_day"": 16.0, ""doy"": 121.0, ""topwt"": 0.0, ""grnwt"": 0.0, ""xlai"": 0.0, ""totir"": 0.0, ""tofer"": NaN, ""swfac"": 0.0, ""nstres"": 0.0}",0.0,0.0,0.0,0.0,0.0,0.0,,0.0,0.0,40.0,0.0,10.22919921875,26.22919921875,Leave_One_experiments/all_year_offline_schedule_search/daily_outputs/SYA/SYA_2009_SYA2009_stress_grid_S0011_daily.csv
SYA,SYA,Shenyang,2009,Leave_One_experiments\wth_generated_qc\SYA\SYA2009.WTH,normal_year;water_stress_year;nitrogen_stress_year,water_stress,SYA2009_stress_grid_S0011,pareto_balanced,2009-05-02,122,17,12,"{""sim_day"": 17.0, ""doy"": 122.0, ""topwt"": 0.0, ""grnwt"": 0.0, ""xlai"": 0.0, ""totir"": 0.0, ""tofer"": NaN, ""swfac"": 0.0, ""nstres"": 0.0}",0.0,0.0,0.0,0.0,0.0,0.0,,0.0,0.0,40.0,0.0,10.22919921875,26.22919921875,Leave_One_experiments/all_year_offline_schedule_search/daily_outputs/SYA/SYA_2009_SYA2009_stress_grid_S0011_daily.csv
SYA,SYA,Shenyang,2009,Leave_One_experiments\wth_generated_qc\SYA\SYA2009.WTH,normal_year;water_stress_year;nitrogen_stress_year,water_stress,SYA2009_stress_grid_S0011,pareto_balanced,2009-05-03,123,18,13,"{""sim_day"": 18.0, ""doy"": 123.0, ""topwt"": 17.600001096725464, ""grnwt"": 0.0, ""xlai"": 0.0019080422352999, ""totir"": 0.0, ""tofer"": NaN, ""swfac"": 0.0, ""nstres"": 0.0121910572052001}",0.0,0.0121910572052001,17.600001096725464,0.0,0.0019080422352999,0.0,,0.0,0.0,40.0,0.0,10.22919921875,26.22919921875,Leave_One_experiments/all_year_offline_schedule_search/daily_outputs/SYA/SYA_2009_SYA2009_stress_grid_S0011_daily.csv
SYA,SYA,Shenyang,2009,Leave_One_experiments\wth_generated_qc\SYA\SYA2009.WTH,normal_year;water_stress_year;nitrogen_stress_year,water_stress,SYA2009_stress_grid_S0011,pareto_balanced,2009-05-04,124,19,14,"{""sim_day"": 19.0, ""doy"": 124.0, ""topwt"": 17.600001096725464, ""grnwt"": 0.0, ""xlai"": 0.0036874369252473, ""totir"": 0.0, ""tofer"": NaN, ""swfac"": 0.0, ""nstres"": 0.0113089084625244}",0.0,0.0113089084625244,17.600001096725464,0.0,0.0036874369252473,0.0,,0.0,0.0,40.0,0.0,10.22919921875,26.22919921875,Leave_One_experiments/all_year_offline_schedule_search/daily_outputs/SYA/SYA_2009_SYA2009_stress_grid_S0011_daily.csv
SYA,SYA,Shenyang,2009,Leave_One_experiments\wth_generated_qc\SYA\SYA2009.WTH,normal_year;water_stress_year;nitrogen_stress_year,water_stress,SYA2009_stress_grid_S0011,pareto_balanced,2009-05-05,125,20,15,"{""sim_day"": 20.0, ""doy"": 125.0, ""topwt"": 17.600001096725464, ""grnwt"": 0.0, ""xlai"": 0.0058452719822525, ""totir"": 0.0, ""tofer"": NaN, ""swfac"": 0.0, ""nstres"": 0.0052775144577026}",0.0,0.0052775144577026,17.600001096725464,0.0,0.0058452719822525,0.0,,0.0,0.0,40.0,0.0,10.22919921875,26.22919921875,Leave_One_experiments/all_year_offline_schedule_search/daily_outputs/SYA/SYA_2009_SYA2009_stress_grid_S0011_daily.csv
SYA,SYA,Shenyang,2009,Leave_One_experiments\wth_generated_qc\SYA\SYA2009.WTH,normal_year;water_stress_year;nitrogen_stress_year,water_stress,SYA2009_stress_grid_S0011,pareto_balanced,2009-05-06,126,21,16,"{""sim_day"": 21.0, ""doy"": 126.0, ""topwt"": 17.600001096725464, ""grnwt"": 0.0, ""xlai"": 0.0081360777840018, ""totir"": 0.0, ""tofer"": NaN, ""swfac"": 0.0, ""nstres"": 0.0}",0.0,0.0,17.600001096725464,0.0,0.0081360777840018,0.0,,0.0,0.0,40.0,0.0,10.22919921875,26.22919921875,Leave_One_experiments/all_year_offline_schedule_search/daily_outputs/SYA/SYA_2009_SYA2009_stress_grid_S0011_daily.csv
SYA,SYA,Shenyang,2009,Leave_One_experiments\wth_generated_qc\SYA\SYA2009.WTH,normal_year;water_stress_year;nitrogen_stress_year,water_stress,SYA2009_stress_grid_S0011,pareto_balanced,2009-05-07,127,22,17,"{""sim_day"": 22.0, ""doy"": 127.0, ""topwt"": 17.600001096725464, ""grnwt"": 0.0, ""xlai"": 0.0105178114026784, ""totir"": 0.0, ""tofer"": NaN, ""swfac"": 0.0, ""nstres"": 0.0}",0.0,0.0,17.600001096725464,0.0,0.0105178114026784,0.0,,0.0,0.0,40.0,0.0,10.22919921875,26.22919921875,Leave_One_experiments/all_year_offline_schedule_search/daily_outputs/SYA/SYA_2009_SYA2009_stress_grid_S0011_daily.csv
SYA,SYA,Shenyang,2009,Leave_One_experiments\wth_generated_qc\SYA\SYA2009.WTH,normal_year;water_stress_year;nitrogen_stress_year,water_stress,SYA2009_stress_grid_S0011,pareto_balanced,2009-05-08,128,23,18,"{""sim_day"": 23.0, ""doy"": 128.0, ""topwt"": 17.600001096725464, ""grnwt"": 0.0, ""xlai"": 0.0119237629696726, ""totir"": 0.0, ""tofer"": NaN, ""swfac"": 0.0, ""nstres"": 0.0}",0.0,0.0,17.600001096725464,0.0,0.0119237629696726,0.0,,0.0,0.0,40.0,0.0,10.22919921875,26.22919921875,Leave_One_experiments/all_year_offline_schedule_search/daily_outputs/SYA/SYA_2009_SYA2009_stress_grid_S0011_daily.csv
SYA,SYA,Shenyang,2009,Leave_One_experiments\wth_generated_qc\SYA\SYA2009.WTH,normal_year;water_stress_year;nitrogen_stress_year,water_stress,SYA2009_stress_grid_S0011,pareto_balanced,2009-05-09,129,24,19,"{""sim_day"": 24.0, ""doy"": 129.0, ""topwt"": 17.600001096725464, ""grnwt"": 0.0, ""xlai"": 0.0129874506965279, ""totir"": 0.0, ""tofer"": NaN, ""swfac"": 0.0, ""nstres"": 0.0}",0.0,0.0,17.600001096725464,0.0,0.0129874506965279,0.0,,0.0,0.0,40.0,0.0,10.22919921875,26.22919921875,Leave_One_experiments/all_year_offline_schedule_search/daily_outputs/SYA/SYA_2009_SYA2009_stress_grid_S0011_daily.csv
SYA,SYA,Shenyang,2009,Leave_One_experiments\wth_generated_qc\SYA\SYA2009.WTH,normal_year;water_stress_year;nitrogen_stress_year,water_stress,SYA2009_stress_grid_S0011,pareto_balanced,2009-05-10,130,25,20,"{""sim_day"": 25.0, ""doy"": 130.0, ""topwt"": 17.600001096725464, ""grnwt"": 0.0, ""xlai"": 0.0168522279709577, ""totir"": 0.0, ""tofer"": NaN, ""swfac"": 0.0, ""nstres"": 0.0}",0.0,0.0,17.600001096725464,0.0,0.0168522279709577,0.0,,0.0,0.0,40.0,0.0,10.22919921875,26.22919921875,Leave_One_experiments/all_year_offline_schedule_search/daily_outputs/SYA/SYA_2009_SYA2009_stress_grid_S0011_daily.csv
SYA,SYA,Shenyang,2009,Leave_One_experiments\wth_generated_qc\SYA\SYA2009.WTH,normal_year;water_stress_year;nitrogen_stress_year,water_stress,SYA2009_stress_grid_S0011,pareto_balanced,2009-05-11,131,26,21,"{""sim_day"": 26.0, ""doy"": 131.0, ""topwt"": 17.600001096725464, ""grnwt"": 0.0, ""xlai"": 0.0228550601750612, ""totir"": 0.0, ""tofer"": NaN, ""swfac"": 0.0, ""nstres"": 0.0}",0.0,0.0,17.600001096725464,0.0,0.0228550601750612,0.0,,0.0,0.0,40.0,0.0,10.22919921875,26.22919921875,Leave_One_experiments/all_year_offline_schedule_search/daily_outputs/SYA/SYA_2009_SYA2009_stress_grid_S0011_daily.csv
SYA,SYA,Shenyang,2009,Leave_One_experiments\wth_generated_qc\SYA\SYA2009.WTH,normal_year;water_stress_year;nitrogen_stress_year,water_stress,SYA2009_stress_grid_S0011,pareto_balanced,2009-05-12,132,27,22,"{""sim_day"": 27.0, ""doy"": 132.0, ""topwt"": 17.600001096725464, ""grnwt"": 0.0, ""xlai"": 0.029379604384303, ""totir"": 0.0, ""tofer"": NaN, ""swfac"": 0.0, ""nstres"": 0.0}",0.0,0.0,17.600001096725464,0.0,0.029379604384303,0.0,,0.0,0.0,40.0,0.0,10.22919921875,26.22919921875,Leave_One_experiments/all_year_offline_schedule_search/daily_outputs/SYA/SYA_2009_SYA2009_stress_grid_S0011_daily.csv
SYA,SYA,Shenyang,2009,Leave_One_experiments\wth_generated_qc\SYA\SYA2009.WTH,normal_year;water_stress_year;nitrogen_stress_year,water_stress,SYA2009_stress_grid_S0011,pareto_balanced,2009-05-13,133,28,23,"{""sim_day"": 28.0, ""doy"": 133.0, ""topwt"": 20.747439861297607, ""grnwt"": 0.0, ""xlai"": 0.0384640358388423, ""totir"": 0.0, ""tofer"": NaN, ""swfac"": 0.0, ""nstres"": 0.0}",0.0,0.0,20.747439861297607,0.0,0.0384640358388423,0.0,,0.0,0.0,40.0,0.0,10.22919921875,26.22919921875,Leave_One_experiments/all_year_offline_schedule_search/daily_outputs/SYA/SYA_2009_SYA2009_stress_grid_S0011_daily.csv
SYA,SYA,Shenyang,2009,Leave_One_experiments\wth_generated_qc\SYA\SYA2009.WTH,normal_year;water_stress_year;nitrogen_stress_year,water_stress,SYA2009_stress_grid_S0011,pareto_balanced,2009-05-14,134,29,24,"{""sim_day"": 29.0, ""doy"": 134.0, ""topwt"": 24.08001184463501, ""grnwt"": 0.0, ""xlai"": 0.0467869862914085, ""totir"": 0.0, ""tofer"": NaN, ""swfac"": 0.0, ""nstres"": 0.0}",0.0,0.0,24.08001184463501,0.0,0.0467869862914085,0.0,,0.0,0.0,40.0,0.0,10.22919921875,26.22919921875,Leave_One_experiments/all_year_offline_schedule_search/daily_outputs/SYA/SYA_2009_SYA2009_stress_grid_S0011_daily.csv
SYA,SYA,Shenyang,2009,Leave_One_experiments\wth_generated_qc\SYA\SYA2009.WTH,normal_year;water_stress_year;nitrogen_stress_year,water_stress,SYA2009_stress_grid_S0011,pareto_balanced,2009-05-15,135,30,25,"{""sim_day"": 30.0, ""doy"": 135.0, ""topwt"": 26.830620765686035, ""grnwt"": 0.0, ""xlai"": 0.0533737652003765, ""totir"": 0.0, ""tofer"": NaN, ""swfac"": 0.0, ""nstres"": 0.0}",0.0,0.0,26.830620765686035,0.0,0.0533737652003765,0.0,,0.0,0.0,40.0,0.0,10.22919921875,26.22919921875,Leave_One_experiments/all_year_offline_schedule_search/daily_outputs/SYA/SYA_2009_SYA2009_stress_grid_S0011_daily.csv
SYA,SYA,Shenyang,2009,Leave_One_experiments\wth_generated_qc\SYA\SYA2009.WTH,normal_year;water_stress_year;nitrogen_stress_year,water_stress,SYA2009_stress_grid_S0011,pareto_balanced,2009-05-16,136,31,26,"{""sim_day"": 31.0, ""doy"": 136.0, ""topwt"": 30.95163345336914, ""grnwt"": 0.0, ""xlai"": 0.062868058681488, ""totir"": 0.0, ""tofer"": NaN, ""swfac"": 0.0, ""nstres"": 0.0}",0.0,0.0,30.95163345336914,0.0,0.062868058681488,0.0,,0.0,0.0,40.0,0.0,10.22919921875,26.22919921875,Leave_One_experiments/all_year_offline_schedule_search/daily_outputs/SYA/SYA_2009_SYA2009_stress_grid_S0011_daily.csv
SYA,SYA,Shenyang,2009,Leave_One_experiments\wth_generated_qc\SYA\SYA2009.WTH,normal_year;water_stress_year;nitrogen_stress_year,water_stress,SYA2009_stress_grid_S0011,pareto_balanced,2009-05-17,137,32,27,"{""sim_day"": 32.0, ""doy"": 137.0, ""topwt"": 37.05496072769165, ""grnwt"": 0.0, ""xlai"": 0.0762852877378463, ""totir"": 0.0, ""tofer"": NaN, ""swfac"": 0.0, ""nstres"": 0.0}",0.0,0.0,37.05496072769165,0.0,0.0762852877378463,0.0,,0.0,0.0,40.0,0.0,10.22919921875,26.22919921875,Leave_One_experiments/all_year_offline_schedule_search/daily_outputs/SYA/SYA_2009_SYA2009_stress_grid_S0011_daily.csv
SYA,SYA,Shenyang,2009,Leave_One_experiments\wth_generated_qc\SYA\SYA2009.WTH,normal_year;water_stress_year;nitrogen_stress_year,water_stress,SYA2009_stress_grid_S0011,pareto_balanced,2009-05-18,138,33,28,"{""sim_day"": 33.0, ""doy"": 138.0, ""topwt"": 44.408955574035645, ""grnwt"": 0.0, ""xlai"": 0.0916721075773239, ""totir"": 0.0, ""tofer"": NaN, ""swfac"": 0.0, ""nstres"": 0.0}",0.0,0.0,44.408955574035645,0.0,0.0916721075773239,0.0,,0.0,0.0,40.0,0.0,10.22919921875,26.22919921875,Leave_One_experiments/all_year_offline_schedule_search/daily_outputs/SYA/SYA_2009_SYA2009_stress_grid_S0011_daily.csv
SYA,SYA,Shenyang,2009,Leave_One_experiments\wth_generated_qc\SYA\SYA2009.WTH,normal_year;water_stress_year;nitrogen_stress_year,water_stress,SYA2009_stress_grid_S0011,pareto_balanced,2009-05-19,139,34,29,"{""sim_day"": 34.0, ""doy"": 139.0, ""topwt"": 53.59796524047852, ""grnwt"": 0.0, ""xlai"": 0.109994038939476, ""totir"": 0.0, ""tofer"": NaN, ""swfac"": 0.0, ""nstres"": 0.0}",0.0,0.0,53.59796524047852,0.0,0.109994038939476,0.0,,0.0,0.0,40.0,0.0,10.22919921875,26.22919921875,Leave_One_experiments/all_year_offline_schedule_search/daily_outputs/SYA/SYA_2009_SYA2009_stress_grid_S0011_daily.csv
SYA,SYA,Shenyang,2009,Leave_One_experiments\wth_generated_qc\SYA\SYA2009.WTH,normal_year;water_stress_year;nitrogen_stress_year,water_stress,SYA2009_stress_grid_S0011,pareto_balanced,2009-05-20,140,35,30,"{""sim_day"": 35.0, ""doy"": 140.0, ""topwt"": 62.295289039611816, ""grnwt"": 0.0, ""xlai"": 0.126615285873413, ""totir"": 0.0, ""tofer"": NaN, ""swfac"": 0.0, ""nstres"": 0.0021744966506958}",0.0,0.0021744966506958,62.295289039611816,0.0,0.126615285873413,0.0,,0.0,0.0,40.0,0.0,10.22919921875,26.22919921875,Leave_One_experiments/all_year_offline_schedule_search/daily_outputs/SYA/SYA_2009_SYA2009_stress_grid_S0011_daily.csv
SYA,SYA,Shenyang,2009,Leave_One_experiments\wth_generated_qc\SYA\SYA2009.WTH,normal_year;water_stress_year;nitrogen_stress_year,water_stress,SYA2009_stress_grid_S0011,pareto_balanced,2009-05-21,141,36,31,"{""sim_day"": 36.0, ""doy"": 141.0, ""topwt"": 67.69791603088379, ""grnwt"": 0.0, ""xlai"": 0.1366492956876754, ""totir"": 0.0, ""tofer"": NaN, ""swfac"": 0.0, ""nstres"": 0.0090452432632446}",0.0,0.0090452432632446,67.69791603088379,0.0,0.1366492956876754,0.0,,0.0,0.0,40.0,0.0,10.22919921875,26.22919921875,Leave_One_experiments/all_year_offline_schedule_search/daily_outputs/SYA/SYA_2009_SYA2009_stress_grid_S0011_daily.csv
SYA,SYA,Shenyang,2009,Leave_One_experiments\wth_generated_qc\SYA\SYA2009.WTH,normal_year;water_stress_year;nitrogen_stress_year,water_stress,SYA2009_stress_grid_S0011,pareto_balanced,2009-05-22,142,37,32,"{""sim_day"": 37.0, ""doy"": 142.0, ""topwt"": 71.9777250289917, ""grnwt"": 0.0, ""xlai"": 0.1543054580688476, ""totir"": 0.0, ""tofer"": NaN, ""swfac"": 0.0, ""nstres"": 0.0}",0.0,0.0,71.9777250289917,0.0,0.1543054580688476,0.0,,0.0,0.0,40.0,0.0,10.22919921875,26.22919921875,Leave_One_experiments/all_year_offline_schedule_search/daily_outputs/SYA/SYA_2009_SYA2009_stress_grid_S0011_daily.csv
SYA,SYA,Shenyang,2009,Leave_One_experiments\wth_generated_qc\SYA\SYA2009.WTH,normal_year;water_stress_year;nitrogen_stress_year,water_stress,SYA2009_stress_grid_S0011,pareto_balanced,2009-05-23,143,38,33,"{""sim_day"": 38.0, ""doy"": 143.0, ""topwt"": 85.44795036315918, ""grnwt"": 0.0, ""xlai"": 0.1798513531684875, ""totir"": 0.0, ""tofer"": NaN, ""swfac"": 0.0, ""nstres"": 0.0165398716926574}",0.0,0.0165398716926574,85.44795036315918,0.0,0.1798513531684875,0.0,,0.0,0.0,40.0,0.0,10.22919921875,26.22919921875,Leave_One_experiments/all_year_offline_schedule_search/daily_outputs/SYA/SYA_2009_SYA2009_stress_grid_S0011_daily.csv
SYA,SYA,Shenyang,2009,Leave_One_experiments\wth_generated_qc\SYA\SYA2009.WTH,normal_year;water_stress_year;nitrogen_stress_year,water_stress,SYA2009_stress_grid_S0011,pareto_balanced,2009-05-24,144,39,34,"{""sim_day"": 39.0, ""doy"": 144.0, ""topwt"": 101.18842124938963, ""grnwt"": 0.0, ""xlai"": 0.2085268199443817, ""totir"": 0.0, ""tofer"": NaN, ""swfac"": 0.0, ""nstres"": 0.0196787118911743}",0.0,0.0196787118911743,101.18842124938963,0.0,0.2085268199443817,0.0,,0.0,0.0,40.0,0.0,10.22919921875,26.22919921875,Leave_One_experiments/all_year_offline_schedule_search/daily_outputs/SYA/SYA_2009_SYA2009_stress_grid_S0011_daily.csv
SYA,SYA,Shenyang,2009,Leave_One_experiments\wth_generated_qc\SYA\SYA2009.WTH,normal_year;water_stress_year;nitrogen_stress_year,water_stress,SYA2009_stress_grid_S0011,pareto_balanced,2009-05-25,145,40,35,"{""sim_day"": 40.0, ""doy"": 145.0, ""topwt"": 116.58204078674316, ""grnwt"": 0.0, ""xlai"": 0.2351351529359817, ""totir"": 0.0, ""tofer"": NaN, ""swfac"": 0.0, ""nstres"": 0.0536161065101623}",0.0,0.0536161065101623,116.58204078674316,0.0,0.2351351529359817,0.0,,0.0,0.0,40.0,0.0,10.22919921875,26.22919921875,Leave_One_experiments/all_year_offline_schedule_search/daily_outputs/SYA/SYA_2009_SYA2009_stress_grid_S0011_daily.csv
SYA,SYA,Shenyang,2009,Leave_One_experiments\wth_generated_qc\SYA\SYA2009.WTH,normal_year;water_stress_year;nitrogen_stress_year,water_stress,SYA2009_stress_grid_S0011,pareto_balanced,2009-05-26,146,41,36,"{""sim_day"": 41.0, ""doy"": 146.0, ""topwt"": 132.31246948242188, ""grnwt"": 0.0, ""xlai"": 0.2598929107189178, ""totir"": 0.0, ""tofer"": NaN, ""swfac"": 0.0, ""nstres"": 0.0989211797714233}",0.0,0.0989211797714233,132.31246948242188,0.0,0.2598929107189178,0.0,,0.0,0.0,40.0,0.0,10.22919921875,26.22919921875,Leave_One_experiments/all_year_offline_schedule_search/daily_outputs/SYA/SYA_2009_SYA2009_stress_grid_S0011_daily.csv
SYA,SYA,Shenyang,2009,Leave_One_experiments\wth_generated_qc\SYA\SYA2009.WTH,normal_year;water_stress_year;nitrogen_stress_year,water_stress,SYA2009_stress_grid_S0011,pareto_balanced,2009-05-27,147,42,37,"{""sim_day"": 42.0, ""doy"": 147.0, ""topwt"": 148.07083129882812, ""grnwt"": 0.0, ""xlai"": 0.2829633355140686, ""totir"": 0.0, ""tofer"": NaN, ""swfac"": 0.0, ""nstres"": 0.1196705102920532}",0.0,0.1196705102920532,148.07083129882812,0.0,0.2829633355140686,0.0,,0.0,0.0,40.0,0.0,10.22919921875,26.22919921875,Leave_One_experiments/all_year_offline_schedule_search/daily_outputs/SYA/SYA_2009_SYA2009_stress_grid_S0011_daily.csv
SYA,SYA,Shenyang,2009,Leave_One_experiments\wth_generated_qc\SYA\SYA2009.WTH,normal_year;water_stress_year;nitrogen_stress_year,water_stress,SYA2009_stress_grid_S0011,pareto_balanced,2009-05-28,148,43,38,"{""sim_day"": 43.0, ""doy"": 148.0, ""topwt"": 161.39226913452148, ""grnwt"": 0.0, ""xlai"": 0.3010501265525818, ""totir"": 0.0, ""tofer"": NaN, ""swfac"": 0.0, ""nstres"": 0.1196509599685669}",0.0,0.1196509599685669,161.39226913452148,0.0,0.3010501265525818,0.0,,0.0,0.0,40.0,0.0,10.22919921875,26.22919921875,Leave_One_experiments/all_year_offline_schedule_search/daily_outputs/SYA/SYA_2009_SYA2009_stress_grid_S0011_daily.csv
SYA,SYA,Shenyang,2009,Leave_One_experiments\wth_generated_qc\SYA\SYA2009.WTH,normal_year;water_stress_year;nitrogen_stress_year,water_stress,SYA2009_stress_grid_S0011,pareto_balanced,2009-05-29,149,44,39,"{""sim_day"": 44.0, ""doy"": 149.0, ""topwt"": 173.93531799316406, ""grnwt"": 0.0, ""xlai"": 0.3171864748001098, ""totir"": 0.0, ""tofer"": NaN, ""swfac"": 0.0, ""nstres"": 0.1202638149261474}",0.0,0.1202638149261474,173.93531799316406,0.0,0.3171864748001098,0.0,,0.0,0.0,40.0,0.0,10.22919921875,26.22919921875,Leave_One_experiments/all_year_offline_schedule_search/daily_outputs/SYA/SYA_2009_SYA2009_stress_grid_S0011_daily.csv
SYA,SYA,Shenyang,2009,Leave_One_experiments\wth_generated_qc\SYA\SYA2009.WTH,normal_year;water_stress_year;nitrogen_stress_year,water_stress,SYA2009_stress_grid_S0011,pareto_balanced,2009-05-30,150,45,40,"{""sim_day"": 45.0, ""doy"": 150.0, ""topwt"": 189.23320770263672, ""grnwt"": 0.0, ""xlai"": 0.336963027715683, ""totir"": 0.0, ""tofer"": NaN, ""swfac"": 0.0, ""nstres"": 0.1258952617645263}",0.0,0.1258952617645263,189.23320770263672,0.0,0.336963027715683,0.0,,0.0,0.0,40.0,0.0,10.22919921875,26.22919921875,Leave_One_experiments/all_year_offline_schedule_search/daily_outputs/SYA/SYA_2009_SYA2009_stress_grid_S0011_daily.csv
SYA,SYA,Shenyang,2009,Leave_One_experiments\wth_generated_qc\SYA\SYA2009.WTH,normal_year;water_stress_year;nitrogen_stress_year,water_stress,SYA2009_stress_grid_S0011,pareto_balanced,2009-05-31,151,46,41,"{""sim_day"": 46.0, ""doy"": 151.0, ""topwt"": 208.9439392089844, ""grnwt"": 0.0, ""xlai"": 0.3632967174053192, ""totir"": 0.0, ""tofer"": NaN, ""swfac"": 0.0, ""nstres"": 0.1186718940734863}",0.0,0.1186718940734863,208.9439392089844,0.0,0.3632967174053192,0.0,,0.0,0.0,40.0,0.0,10.22919921875,26.22919921875,Leave_One_experiments/all_year_offline_schedule_search/daily_outputs/SYA/SYA_2009_SYA2009_stress_grid_S0011_daily.csv
SYA,SYA,Shenyang,2009,Leave_One_experiments\wth_generated_qc\SYA\SYA2009.WTH,normal_year;water_stress_year;nitrogen_stress_year,water_stress,SYA2009_stress_grid_S0011,pareto_balanced,2009-06-01,152,47,42,"{""sim_day"": 47.0, ""doy"": 152.0, ""topwt"": 229.34661865234372, ""grnwt"": 0.0, ""xlai"": 0.3859837651252746, ""totir"": 0.0, ""tofer"": NaN, ""swfac"": 0.0, ""nstres"": 0.1081352829933166}",0.0,0.1081352829933166,229.34661865234372,0.0,0.3859837651252746,0.0,,0.0,0.0,40.0,0.0,10.22919921875,26.22919921875,Leave_One_experiments/all_year_offline_schedule_search/daily_outputs/SYA/SYA_2009_SYA2009_stress_grid_S0011_daily.csv
SYA,SYA,Shenyang,2009,Leave_One_experiments\wth_generated_qc\SYA\SYA2009.WTH,normal_year;water_stress_year;nitrogen_stress_year,water_stress,SYA2009_stress_grid_S0011,pareto_balanced,2009-06-02,153,48,43,"{""sim_day"": 48.0, ""doy"": 153.0, ""topwt"": 253.35943222045896, ""grnwt"": 0.0, ""xlai"": 0.4166736304759979, ""totir"": 0.0, ""tofer"": NaN, ""swfac"": 0.0, ""nstres"": 0.111031174659729}",0.0,0.111031174659729,253.35943222045896,0.0,0.4166736304759979,0.0,,0.0,0.0,40.0,0.0,10.22919921875,26.22919921875,Leave_One_experiments/all_year_offline_schedule_search/daily_outputs/SYA/SYA_2009_SYA2009_stress_grid_S0011_daily.csv
SYA,SYA,Shenyang,2009,Leave_One_experiments\wth_generated_qc\SYA\SYA2009.WTH,normal_year;water_stress_year;nitrogen_stress_year,water_stress,SYA2009_stress_grid_S0011,pareto_balanced,2009-06-03,154,49,44,"{""sim_day"": 49.0, ""doy"": 154.0, ""topwt"": 276.8324089050293, ""grnwt"": 0.0, ""xlai"": 0.4441982209682464, ""totir"": 0.0, ""tofer"": NaN, ""swfac"": 0.0, ""nstres"": 0.1286224722862243}",0.0,0.1286224722862243,276.8324089050293,0.0,0.4441982209682464,0.0,,0.0,0.0,40.0,0.0,10.22919921875,26.22919921875,Leave_One_experiments/all_year_offline_schedule_search/daily_outputs/SYA/SYA_2009_SYA2009_stress_grid_S0011_daily.csv
SYA,SYA,Shenyang,2009,Leave_One_experiments\wth_generated_qc\SYA\SYA2009.WTH,normal_year;water_stress_year;nitrogen_stress_year,water_stress,SYA2009_stress_grid_S0011,pareto_balanced,2009-06-04,155,50,45,"{""sim_day"": 50.0, ""doy"": 155.0, ""topwt"": 301.1493110656738, ""grnwt"": 0.0, ""xlai"": 0.4704273343086242, ""totir"": 0.0, ""tofer"": NaN, ""swfac"": 0.0, ""nstres"": 0.1468330025672912}",0.0,0.1468330025672912,301.1493110656738,0.0,0.4704273343086242,0.0,,0.0,0.0,40.0,0.0,10.22919921875,26.22919921875,Leave_One_experiments/all_year_offline_schedule_search/daily_outputs/SYA/SYA_2009_SYA2009_stress_grid_S0011_daily.csv
SYA,SYA,Shenyang,2009,Leave_One_experiments\wth_generated_qc\SYA\SYA2009.WTH,normal_year;water_stress_year;nitrogen_stress_year,water_stress,SYA2009_stress_grid_S0011,pareto_balanced,2009-06-05,156,51,46,"{""sim_day"": 51.0, ""doy"": 156.0, ""topwt"": 323.73226165771484, ""grnwt"": 0.0, ""xlai"": 0.4919179677963257, ""totir"": 0.0, ""tofer"": NaN, ""swfac"": 0.0, ""nstres"": 0.1614519357681274}",0.0,0.1614519357681274,323.73226165771484,0.0,0.4919179677963257,0.0,,0.0,0.0,40.0,0.0,10.22919921875,26.22919921875,Leave_One_experiments/all_year_offline_schedule_search/daily_outputs/SYA/SYA_2009_SYA2009_stress_grid_S0011_daily.csv
SYA,SYA,Shenyang,2009,Leave_One_experiments\wth_generated_qc\SYA\SYA2009.WTH,normal_year;water_stress_year;nitrogen_stress_year,water_stress,SYA2009_stress_grid_S0011,pareto_balanced,2009-06-06,157,52,47,"{""sim_day"": 52.0, ""doy"": 157.0, ""topwt"": 345.18550872802734, ""grnwt"": 0.0, ""xlai"": 0.510062038898468, ""totir"": 0.0, ""tofer"": NaN, ""swfac"": 0.0, ""nstres"": 0.1702711582183838}",0.0,0.1702711582183838,345.18550872802734,0.0,0.510062038898468,0.0,,0.0,0.0,40.0,0.0,10.22919921875,26.22919921875,Leave_One_experiments/all_year_offline_schedule_search/daily_outputs/SYA/SYA_2009_SYA2009_stress_grid_S0011_daily.csv
SYA,SYA,Shenyang,2009,Leave_One_experiments\wth_generated_qc\SYA\SYA2009.WTH,normal_year;water_stress_year;nitrogen_stress_year,water_stress,SYA2009_stress_grid_S0011,pareto_balanced,2009-06-07,158,53,48,"{""sim_day"": 53.0, ""doy"": 158.0, ""topwt"": 368.9160919189453, ""grnwt"": 0.0, ""xlai"": 0.5303770899772644, ""totir"": 0.0, ""tofer"": NaN, ""swfac"": 0.0, ""nstres"": 0.1642799973487854}",0.0,0.1642799973487854,368.9160919189453,0.0,0.5303770899772644,0.0,,0.0,0.0,40.0,0.0,10.22919921875,26.22919921875,Leave_One_experiments/all_year_offline_schedule_search/daily_outputs/SYA/SYA_2009_SYA2009_stress_grid_S0011_daily.csv
SYA,SYA,Shenyang,2009,Leave_One_experiments\wth_generated_qc\SYA\SYA2009.WTH,normal_year;water_stress_year;nitrogen_stress_year,water_stress,SYA2009_stress_grid_S0011,pareto_balanced,2009-06-08,159,54,49,"{""sim_day"": 54.0, ""doy"": 159.0, ""topwt"": 391.9729614257813, ""grnwt"": 0.0, ""xlai"": 0.5489156246185303, ""totir"": 0.0, ""tofer"": NaN, ""swfac"": 0.0, ""nstres"": 0.1600978374481201}",0.0,0.1600978374481201,391.9729614257813,0.0,0.5489156246185303,0.0,,0.0,0.0,40.0,0.0,10.22919921875,26.22919921875,Leave_One_experiments/all_year_offline_schedule_search/daily_outputs/SYA/SYA_2009_SYA2009_stress_grid_S0011_daily.csv
SYA,SYA,Shenyang,2009,Leave_One_experiments\wth_generated_qc\SYA\SYA2009.WTH,normal_year;water_stress_year;nitrogen_stress_year,water_stress,SYA2009_stress_grid_S0011,pareto_balanced,2009-06-09,160,55,50,"{""sim_day"": 55.0, ""doy"": 160.0, ""topwt"": 420.56774139404297, ""grnwt"": 0.0, ""xlai"": 0.5734511017799377, ""totir"": 40.0, ""tofer"": NaN, ""swfac"": 0.0, ""nstres"": 0.1544480323791504}",0.0,0.1544480323791504,420.56774139404297,0.0,0.5734511017799377,40.0,,40.0,0.0,40.0,0.0,10.22919921875,26.22919921875,Leave_One_experiments/all_year_offline_schedule_search/daily_outputs/SYA/SYA_2009_SYA2009_stress_grid_S0011_daily.csv
SYA,SYA,Shenyang,2009,Leave_One_experiments\wth_generated_qc\SYA\SYA2009.WTH,normal_year;water_stress_year;nitrogen_stress_year,water_stress,SYA2009_stress_grid_S0011,pareto_balanced,2009-06-10,161,56,51,"{""sim_day"": 56.0, ""doy"": 161.0, ""topwt"": 439.2581176757813, ""grnwt"": 0.0, ""xlai"": 0.5842984914779663, ""totir"": 40.0, ""tofer"": NaN, ""swfac"": 0.0, ""nstres"": 0.1615071296691894}",0.0,0.1615071296691894,439.2581176757813,0.0,0.5842984914779663,40.0,,0.0,0.0,40.0,0.0,10.22919921875,26.22919921875,Leave_One_experiments/all_year_offline_schedule_search/daily_outputs/SYA/SYA_2009_SYA2009_stress_grid_S0011_daily.csv
SYA,SYA,Shenyang,2009,Leave_One_experiments\wth_generated_qc\SYA\SYA2009.WTH,normal_year;water_stress_year;nitrogen_stress_year,water_stress,SYA2009_stress_grid_S0011,pareto_balanced,2009-06-11,162,57,52,"{""sim_day"": 57.0, ""doy"": 162.0, ""topwt"": 462.72083282470703, ""grnwt"": 0.0, ""xlai"": 0.5988273024559021, ""totir"": 40.0, ""tofer"": NaN, ""swfac"": 0.0, ""nstres"": 0.1762089729309082}",0.0,0.1762089729309082,462.72083282470703,0.0,0.5988273024559021,40.0,,0.0,0.0,40.0,0.0,10.22919921875,26.22919921875,Leave_One_experiments/all_year_offline_schedule_search/daily_outputs/SYA/SYA_2009_SYA2009_stress_grid_S0011_daily.csv
SYA,SYA,Shenyang,2009,Leave_One_experiments\wth_generated_qc\SYA\SYA2009.WTH,normal_year;water_stress_year;nitrogen_stress_year,water_stress,SYA2009_stress_grid_S0011,pareto_balanced,2009-06-12,163,58,53,"{""sim_day"": 58.0, ""doy"": 163.0, ""topwt"": 493.1061172485352, ""grnwt"": 0.0, ""xlai"": 0.6196070909500122, ""totir"": 40.0, ""tofer"": NaN, ""swfac"": 0.0, ""nstres"": 0.180856168270111}",0.0,0.180856168270111,493.1061172485352,0.0,0.6196070909500122,40.0,,0.0,0.0,40.0,0.0,10.22919921875,26.22919921875,Leave_One_experiments/all_year_offline_schedule_search/daily_outputs/SYA/SYA_2009_SYA2009_stress_grid_S0011_daily.csv
SYA,SYA,Shenyang,2009,Leave_One_experiments\wth_generated_qc\SYA\SYA2009.WTH,normal_year;water_stress_year;nitrogen_stress_year,water_stress,SYA2009_stress_grid_S0011,pareto_balanced,2009-06-13,164,59,54,"{""sim_day"": 59.0, ""doy"": 164.0, ""topwt"": 525.0229263305664, ""grnwt"": 0.0, ""xlai"": 0.6395381689071655, ""totir"": 40.0, ""tofer"": NaN, ""swfac"": 0.0, ""nstres"": 0.1907992362976074}",0.0,0.1907992362976074,525.0229263305664,0.0,0.6395381689071655,40.0,,0.0,0.0,40.0,0.0,10.22919921875,26.22919921875,Leave_One_experiments/all_year_offline_schedule_search/daily_outputs/SYA/SYA_2009_SYA2009_stress_grid_S0011_daily.csv
SYA,SYA,Shenyang,2009,Leave_One_experiments\wth_generated_qc\SYA\SYA2009.WTH,normal_year;water_stress_year;nitrogen_stress_year,water_stress,SYA2009_stress_grid_S0011,pareto_balanced,2009-06-14,165,60,55,"{""sim_day"": 60.0, ""doy"": 165.0, ""topwt"": 554.0676498413086, ""grnwt"": 0.0, ""xlai"": 0.6536396145820618, ""totir"": 40.0, ""tofer"": NaN, ""swfac"": 0.0, ""nstres"": 0.2129080891609192}",0.0,0.2129080891609192,554.0676498413086,0.0,0.6536396145820618,40.0,,0.0,0.0,40.0,0.0,10.22919921875,26.22919921875,Leave_One_experiments/all_year_offline_schedule_search/daily_outputs/SYA/SYA_2009_SYA2009_stress_grid_S0011_daily.csv
SYA,SYA,Shenyang,2009,Leave_One_experiments\wth_generated_qc\SYA\SYA2009.WTH,normal_year;water_stress_year;nitrogen_stress_year,water_stress,SYA2009_stress_grid_S0011,pareto_balanced,2009-06-15,166,61,56,"{""sim_day"": 61.0, ""doy"": 166.0, ""topwt"": 584.7383499145508, ""grnwt"": 0.0, ""xlai"": 0.6668988466262817, ""totir"": 40.0, ""tofer"": NaN, ""swfac"": 0.0, ""nstres"": 0.2478616833686828}",0.0,0.2478616833686828,584.7383499145508,0.0,0.6668988466262817,40.0,,0.0,0.0,40.0,0.0,10.22919921875,26.22919921875,Leave_One_experiments/all_year_offline_schedule_search/daily_outputs/SYA/SYA_2009_SYA2009_stress_grid_S0011_daily.csv
SYA,SYA,Shenyang,2009,Leave_One_experiments\wth_generated_qc\SYA\SYA2009.WTH,normal_year;water_stress_year;nitrogen_stress_year,water_stress,SYA2009_stress_grid_S0011,pareto_balanced,2009-06-16,167,62,57,"{""sim_day"": 62.0, ""doy"": 167.0, ""topwt"": 616.4924621582031, ""grnwt"": 0.0, ""xlai"": 0.6790456175804138, ""totir"": 40.0, ""tofer"": NaN, ""swfac"": 0.0, ""nstres"": 0.2685604095458984}",0.0,0.2685604095458984,616.4924621582031,0.0,0.6790456175804138,40.0,,0.0,0.0,40.0,0.0,10.22919921875,26.22919921875,Leave_One_experiments/all_year_offline_schedule_search/daily_outputs/SYA/SYA_2009_SYA2009_stress_grid_S0011_daily.csv
SYA,SYA,Shenyang,2009,Leave_One_experiments\wth_generated_qc\SYA\SYA2009.WTH,normal_year;water_stress_year;nitrogen_stress_year,water_stress,SYA2009_stress_grid_S0011,pareto_balanced,2009-06-17,168,63,58,"{""sim_day"": 63.0, ""doy"": 168.0, ""topwt"": 651.2905883789062, ""grnwt"": 0.0, ""xlai"": 0.6919863224029541, ""totir"": 40.0, ""tofer"": NaN, ""swfac"": 0.0, ""nstres"": 0.2817912697792053}",0.0,0.2817912697792053,651.2905883789062,0.0,0.6919863224029541,40.0,,0.0,0.0,40.0,0.0,10.22919921875,26.22919921875,Leave_One_experiments/all_year_offline_schedule_search/daily_outputs/SYA/SYA_2009_SYA2009_stress_grid_S0011_daily.csv
SYA,SYA,Shenyang,2009,Leave_One_experiments\wth_generated_qc\SYA\SYA2009.WTH,normal_year;water_stress_year;nitrogen_stress_year,water_stress,SYA2009_stress_grid_S0011,pareto_balanced,2009-06-18,169,64,59,"{""sim_day"": 64.0, ""doy"": 169.0, ""topwt"": 670.7938385009766, ""grnwt"": 0.0, ""xlai"": 0.689168393611908, ""totir"": 40.0, ""tofer"": NaN, ""swfac"": 0.0, ""nstres"": 0.2984486222267151}",0.0,0.2984486222267151,670.7938385009766,0.0,0.689168393611908,40.0,,0.0,0.0,40.0,0.0,10.22919921875,26.22919921875,Leave_One_experiments/all_year_offline_schedule_search/daily_outputs/SYA/SYA_2009_SYA2009_stress_grid_S0011_daily.csv
SYA,SYA,Shenyang,2009,Leave_One_experiments\wth_generated_qc\SYA\SYA2009.WTH,normal_year;water_stress_year;nitrogen_stress_year,water_stress,SYA2009_stress_grid_S0011,pareto_balanced,2009-06-19,170,65,60,"{""sim_day"": 65.0, ""doy"": 170.0, ""topwt"": 708.5749816894531, ""grnwt"": 0.0, ""xlai"": 0.7008432745933533, ""totir"": 40.0, ""tofer"": NaN, ""swfac"": 0.0, ""nstres"": 0.3113024830818176}",0.0,0.3113024830818176,708.5749816894531,0.0,0.7008432745933533,40.0,,0.0,0.0,40.0,0.0,10.22919921875,26.22919921875,Leave_One_experiments/all_year_offline_schedule_search/daily_outputs/SYA/SYA_2009_SYA2009_stress_grid_S0011_daily.csv
SYA,SYA,Shenyang,2009,Leave_One_experiments\wth_generated_qc\SYA\SYA2009.WTH,normal_year;water_stress_year;nitrogen_stress_year,water_stress,SYA2009_stress_grid_S0011,pareto_balanced,2009-06-20,171,66,61,"{""sim_day"": 66.0, ""doy"": 171.0, ""topwt"": 745.7938385009766, ""grnwt"": 0.0, ""xlai"": 0.7103874087333679, ""totir"": 40.0, ""tofer"": NaN, ""swfac"": 0.0, ""nstres"": 0.3083548545837402}",0.0,0.3083548545837402,745.7938385009766,0.0,0.7103874087333679,40.0,,0.0,0.0,40.0,0.0,10.22919921875,26.22919921875,Leave_One_experiments/all_year_offline_schedule_search/daily_outputs/SYA/SYA_2009_SYA2009_stress_grid_S0011_daily.csv
SYA,SYA,Shenyang,2009,Leave_One_experiments\wth_generated_qc\SYA\SYA2009.WTH,normal_year;water_stress_year;nitrogen_stress_year,water_stress,SYA2009_stress_grid_S0011,pareto_balanced,2009-06-21,172,67,62,"{""sim_day"": 67.0, ""doy"": 172.0, ""topwt"": 779.3152618408203, ""grnwt"": 0.0, ""xlai"": 0.714992344379425, ""totir"": 40.0, ""tofer"": NaN, ""swfac"": 0.0, ""nstres"": 0.3263604640960693}",0.0,0.3263604640960693,779.3152618408203,0.0,0.714992344379425,40.0,,0.0,0.0,40.0,0.0,10.22919921875,26.22919921875,Leave_One_experiments/all_year_offline_schedule_search/daily_outputs/SYA/SYA_2009_SYA2009_stress_grid_S0011_daily.csv
SYA,SYA,Shenyang,2009,Leave_One_experiments\wth_generated_qc\SYA\SYA2009.WTH,normal_year;water_stress_year;nitrogen_stress_year,water_stress,SYA2009_stress_grid_S0011,pareto_balanced,2009-06-22,173,68,63,"{""sim_day"": 68.0, ""doy"": 173.0, ""topwt"": 818.5261535644531, ""grnwt"": 0.0, ""xlai"": 0.722062349319458, ""totir"": 40.0, ""tofer"": NaN, ""swfac"": 0.0, ""nstres"": 0.3409287333488464}",0.0,0.3409287333488464,818.5261535644531,0.0,0.722062349319458,40.0,,0.0,0.0,40.0,0.0,10.22919921875,26.22919921875,Leave_One_experiments/all_year_offline_schedule_search/daily_outputs/SYA/SYA_2009_SYA2009_stress_grid_S0011_daily.csv
SYA,SYA,Shenyang,2009,Leave_One_experiments\wth_generated_qc\SYA\SYA2009.WTH,normal_year;water_stress_year;nitrogen_stress_year,water_stress,SYA2009_stress_grid_S0011,pareto_balanced,2009-06-23,174,69,64,"{""sim_day"": 69.0, ""doy"": 174.0, ""topwt"": 863.9524841308594, ""grnwt"": 0.0, ""xlai"": 0.7316752076148987, ""totir"": 40.0, ""tofer"": NaN, ""swfac"": 0.0, ""nstres"": 0.3459997773170471}",0.0,0.3459997773170471,863.9524841308594,0.0,0.7316752076148987,40.0,,0.0,0.0,40.0,0.0,10.22919921875,26.22919921875,Leave_One_experiments/all_year_offline_schedule_search/daily_outputs/SYA/SYA_2009_SYA2009_stress_grid_S0011_daily.csv
SYA,SYA,Shenyang,2009,Leave_One_experiments\wth_generated_qc\SYA\SYA2009.WTH,normal_year;water_stress_year;nitrogen_stress_year,water_stress,SYA2009_stress_grid_S0011,pareto_balanced,2009-06-24,175,70,65,"{""sim_day"": 70.0, ""doy"": 175.0, ""topwt"": 910.3337097167968, ""grnwt"": 0.0, ""xlai"": 0.739782989025116, ""totir"": 40.0, ""tofer"": NaN, ""swfac"": 0.0, ""nstres"": 0.3531641960144043}",0.0,0.3531641960144043,910.3337097167968,0.0,0.739782989025116,40.0,,0.0,0.0,40.0,0.0,10.22919921875,26.22919921875,Leave_One_experiments/all_year_offline_schedule_search/daily_outputs/SYA/SYA_2009_SYA2009_stress_grid_S0011_daily.csv
SYA,SYA,Shenyang,2009,Leave_One_experiments\wth_generated_qc\SYA\SYA2009.WTH,normal_year;water_stress_year;nitrogen_stress_year,water_stress,SYA2009_stress_grid_S0011,pareto_balanced,2009-06-25,176,71,66,"{""sim_day"": 71.0, ""doy"": 176.0, ""topwt"": 957.4073791503906, ""grnwt"": 0.0, ""xlai"": 0.7463823556900024, ""totir"": 40.0, ""tofer"": NaN, ""swfac"": 0.0, ""nstres"": 0.35816091299057}",0.0,0.35816091299057,957.4073791503906,0.0,0.7463823556900024,40.0,,0.0,0.0,40.0,0.0,10.22919921875,26.22919921875,Leave_One_experiments/all_year_offline_schedule_search/daily_outputs/SYA/SYA_2009_SYA2009_stress_grid_S0011_daily.csv
SYA,SYA,Shenyang,2009,Leave_One_experiments\wth_generated_qc\SYA\SYA2009.WTH,normal_year;water_stress_year;nitrogen_stress_year,water_stress,SYA2009_stress_grid_S0011,pareto_balanced,2009-06-26,177,72,67,"{""sim_day"": 72.0, ""doy"": 177.0, ""topwt"": 1016.9645690917968, ""grnwt"": 0.0, ""xlai"": 0.7585204839706421, ""totir"": 40.0, ""tofer"": NaN, ""swfac"": 0.0, ""nstres"": 0.3590335845947265}",0.0,0.3590335845947265,1016.9645690917968,0.0,0.7585204839706421,40.0,,0.0,0.0,40.0,0.0,10.22919921875,26.22919921875,Leave_One_experiments/all_year_offline_schedule_search/daily_outputs/SYA/SYA_2009_SYA2009_stress_grid_S0011_daily.csv
SYA,SYA,Shenyang,2009,Leave_One_experiments\wth_generated_qc\SYA\SYA2009.WTH,normal_year;water_stress_year;nitrogen_stress_year,water_stress,SYA2009_stress_grid_S0011,pareto_balanced,2009-06-27,178,73,68,"{""sim_day"": 73.0, ""doy"": 178.0, ""topwt"": 1066.3748168945312, ""grnwt"": 0.0, ""xlai"": 0.7627065777778625, ""totir"": 40.0, ""tofer"": NaN, ""swfac"": 0.0, ""nstres"": 0.3605966567993164}",0.0,0.3605966567993164,1066.3748168945312,0.0,0.7627065777778625,40.0,,0.0,0.0,40.0,0.0,10.22919921875,26.22919921875,Leave_One_experiments/all_year_offline_schedule_search/daily_outputs/SYA/SYA_2009_SYA2009_stress_grid_S0011_daily.csv
SYA,SYA,Shenyang,2009,Leave_One_experiments\wth_generated_qc\SYA\SYA2009.WTH,normal_year;water_stress_year;nitrogen_stress_year,water_stress,SYA2009_stress_grid_S0011,pareto_balanced,2009-06-28,179,74,69,"{""sim_day"": 74.0, ""doy"": 179.0, ""topwt"": 1117.6350402832031, ""grnwt"": 0.0, ""xlai"": 0.7660971879959106, ""totir"": 40.0, ""tofer"": NaN, ""swfac"": 0.0, ""nstres"": 0.3710699677467346}",0.0,0.3710699677467346,1117.6350402832031,0.0,0.7660971879959106,40.0,,0.0,0.0,40.0,0.0,10.22919921875,26.22919921875,Leave_One_experiments/all_year_offline_schedule_search/daily_outputs/SYA/SYA_2009_SYA2009_stress_grid_S0011_daily.csv
SYA,SYA,Shenyang,2009,Leave_One_experiments\wth_generated_qc\SYA\SYA2009.WTH,normal_year;water_stress_year;nitrogen_stress_year,water_stress,SYA2009_stress_grid_S0011,pareto_balanced,2009-06-29,180,75,70,"{""sim_day"": 75.0, ""doy"": 180.0, ""topwt"": 1210.2991485595703, ""grnwt"": 0.0, ""xlai"": 0.7966446876525879, ""totir"": 40.0, ""tofer"": NaN, ""swfac"": 0.0, ""nstres"": 0.373135507106781}",0.0,0.373135507106781,1210.2991485595703,0.0,0.7966446876525879,40.0,,0.0,0.0,40.0,0.0,10.22919921875,26.22919921875,Leave_One_experiments/all_year_offline_schedule_search/daily_outputs/SYA/SYA_2009_SYA2009_stress_grid_S0011_daily.csv
SYA,SYA,Shenyang,2009,Leave_One_experiments\wth_generated_qc\SYA\SYA2009.WTH,normal_year;water_stress_year;nitrogen_stress_year,water_stress,SYA2009_stress_grid_S0011,pareto_balanced,2009-06-30,181,76,71,"{""sim_day"": 76.0, ""doy"": 181.0, ""topwt"": 1277.725601196289, ""grnwt"": 0.0, ""xlai"": 0.8036871552467346, ""totir"": 40.0, ""tofer"": NaN, ""swfac"": 0.0, ""nstres"": 0.3795750141143799}",0.0,0.3795750141143799,1277.725601196289,0.0,0.8036871552467346,40.0,,0.0,0.0,40.0,0.0,10.22919921875,26.22919921875,Leave_One_experiments/all_year_offline_schedule_search/daily_outputs/SYA/SYA_2009_SYA2009_stress_grid_S0011_daily.csv
SYA,SYA,Shenyang,2009,Leave_One_experiments\wth_generated_qc\SYA\SYA2009.WTH,normal_year;water_stress_year;nitrogen_stress_year,water_stress,SYA2009_stress_grid_S0011,pareto_balanced,2009-07-01,182,77,72,"{""sim_day"": 77.0, ""doy"": 182.0, ""topwt"": 1337.8059387207031, ""grnwt"": 0.0, ""xlai"": 0.8022021055221558, ""totir"": 40.0, ""tofer"": NaN, ""swfac"": 0.0, ""nstres"": 0.4099258780479431}",0.0,0.4099258780479431,1337.8059387207031,0.0,0.8022021055221558,40.0,,0.0,0.0,40.0,0.0,10.22919921875,26.22919921875,Leave_One_experiments/all_year_offline_schedule_search/daily_outputs/SYA/SYA_2009_SYA2009_stress_grid_S0011_daily.csv
SYA,SYA,Shenyang,2009,Leave_One_experiments\wth_generated_qc\SYA\SYA2009.WTH,normal_year;water_stress_year;nitrogen_stress_year,water_stress,SYA2009_stress_grid_S0011,pareto_balanced,2009-07-02,183,78,73,"{""sim_day"": 78.0, ""doy"": 183.0, ""topwt"": 1398.2887268066406, ""grnwt"": 0.0, ""xlai"": 0.7979581356048584, ""totir"": 40.0, ""tofer"": NaN, ""swfac"": 0.0, ""nstres"": 0.4203599095344543}",0.0,0.4203599095344543,1398.2887268066406,0.0,0.7979581356048584,40.0,,0.0,0.0,40.0,0.0,10.22919921875,26.22919921875,Leave_One_experiments/all_year_offline_schedule_search/daily_outputs/SYA/SYA_2009_SYA2009_stress_grid_S0011_daily.csv
SYA,SYA,Shenyang,2009,Leave_One_experiments\wth_generated_qc\SYA\SYA2009.WTH,normal_year;water_stress_year;nitrogen_stress_year,water_stress,SYA2009_stress_grid_S0011,pareto_balanced,2009-07-03,184,79,74,"{""sim_day"": 79.0, ""doy"": 184.0, ""topwt"": 1460.7159423828125, ""grnwt"": 0.0, ""xlai"": 0.7923511266708374, ""totir"": 40.0, ""tofer"": NaN, ""swfac"": 0.0, ""nstres"": 0.4252194166183471}",0.0,0.4252194166183471,1460.7159423828125,0.0,0.7923511266708374,40.0,,0.0,0.0,40.0,0.0,10.22919921875,26.22919921875,Leave_One_experiments/all_year_offline_schedule_search/daily_outputs/SYA/SYA_2009_SYA2009_stress_grid_S0011_daily.csv
SYA,SYA,Shenyang,2009,Leave_One_experiments\wth_generated_qc\SYA\SYA2009.WTH,normal_year;water_stress_year;nitrogen_stress_year,water_stress,SYA2009_stress_grid_S0011,pareto_balanced,2009-07-04,185,80,75,"{""sim_day"": 80.0, ""doy"": 185.0, ""topwt"": 1498.5392761230469, ""grnwt"": 0.0, ""xlai"": 0.7773849964141846, ""totir"": 40.0, ""tofer"": NaN, ""swfac"": 0.0, ""nstres"": 0.4257906079292297}",0.0,0.4257906079292297,1498.5392761230469,0.0,0.7773849964141846,40.0,,0.0,0.0,40.0,0.0,10.22919921875,26.22919921875,Leave_One_experiments/all_year_offline_schedule_search/daily_outputs/SYA/SYA_2009_SYA2009_stress_grid_S0011_daily.csv
SYA,SYA,Shenyang,2009,Leave_One_experiments\wth_generated_qc\SYA\SYA2009.WTH,normal_year;water_stress_year;nitrogen_stress_year,water_stress,SYA2009_stress_grid_S0011,pareto_balanced,2009-07-05,186,81,76,"{""sim_day"": 81.0, ""doy"": 186.0, ""topwt"": 1535.378875732422, ""grnwt"": 0.0, ""xlai"": 0.7619580626487732, ""totir"": 40.0, ""tofer"": NaN, ""swfac"": 0.0, ""nstres"": 0.4253491163253784}",0.0,0.4253491163253784,1535.378875732422,0.0,0.7619580626487732,40.0,,0.0,0.0,40.0,0.0,10.22919921875,26.22919921875,Leave_One_experiments/all_year_offline_schedule_search/daily_outputs/SYA/SYA_2009_SYA2009_stress_grid_S0011_daily.csv
SYA,SYA,Shenyang,2009,Leave_One_experiments\wth_generated_qc\SYA\SYA2009.WTH,normal_year;water_stress_year;nitrogen_stress_year,water_stress,SYA2009_stress_grid_S0011,pareto_balanced,2009-07-06,187,82,77,"{""sim_day"": 82.0, ""doy"": 187.0, ""topwt"": 1592.6979064941406, ""grnwt"": 0.0, ""xlai"": 0.7528505921363831, ""totir"": 40.0, ""tofer"": NaN, ""swfac"": 0.0, ""nstres"": 0.4145736694335937}",0.0,0.4145736694335937,1592.6979064941406,0.0,0.7528505921363831,40.0,,0.0,0.0,40.0,0.0,10.22919921875,26.22919921875,Leave_One_experiments/all_year_offline_schedule_search/daily_outputs/SYA/SYA_2009_SYA2009_stress_grid_S0011_daily.csv
SYA,SYA,Shenyang,2009,Leave_One_experiments\wth_generated_qc\SYA\SYA2009.WTH,normal_year;water_stress_year;nitrogen_stress_year,water_stress,SYA2009_stress_grid_S0011,pareto_balanced,2009-07-07,188,83,78,"{""sim_day"": 83.0, ""doy"": 188.0, ""topwt"": 1656.865234375, ""grnwt"": 0.0, ""xlai"": 0.7453864812850952, ""totir"": 40.0, ""tofer"": NaN, ""swfac"": 0.0, ""nstres"": 0.4053187370300293}",0.0,0.4053187370300293,1656.865234375,0.0,0.7453864812850952,40.0,,0.0,0.0,40.0,0.0,10.22919921875,26.22919921875,Leave_One_experiments/all_year_offline_schedule_search/daily_outputs/SYA/SYA_2009_SYA2009_stress_grid_S0011_daily.csv
SYA,SYA,Shenyang,2009,Leave_One_experiments\wth_generated_qc\SYA\SYA2009.WTH,normal_year;water_stress_year;nitrogen_stress_year,water_stress,SYA2009_stress_grid_S0011,pareto_balanced,2009-07-08,189,84,79,"{""sim_day"": 84.0, ""doy"": 189.0, ""topwt"": 1719.9130249023438, ""grnwt"": 0.0, ""xlai"": 0.7372280359268188, ""totir"": 40.0, ""tofer"": NaN, ""swfac"": 0.0, ""nstres"": 0.3997246026992798}",0.0,0.3997246026992798,1719.9130249023438,0.0,0.7372280359268188,40.0,,0.0,0.0,40.0,0.0,10.22919921875,26.22919921875,Leave_One_experiments/all_year_offline_schedule_search/daily_outputs/SYA/SYA_2009_SYA2009_stress_grid_S0011_daily.csv
SYA,SYA,Shenyang,2009,Leave_One_experiments\wth_generated_qc\SYA\SYA2009.WTH,normal_year;water_stress_year;nitrogen_stress_year,water_stress,SYA2009_stress_grid_S0011,pareto_balanced,2009-07-09,190,85,80,"{""sim_day"": 85.0, ""doy"": 190.0, ""topwt"": 1782.9180908203125, ""grnwt"": 0.0, ""xlai"": 0.728742778301239, ""totir"": 40.0, ""tofer"": NaN, ""swfac"": 0.0, ""nstres"": 0.3961198329925537}",0.0,0.3961198329925537,1782.9180908203125,0.0,0.728742778301239,40.0,,0.0,0.0,40.0,0.0,10.22919921875,26.22919921875,Leave_One_experiments/all_year_offline_schedule_search/daily_outputs/SYA/SYA_2009_SYA2009_stress_grid_S0011_daily.csv
SYA,SYA,Shenyang,2009,Leave_One_experiments\wth_generated_qc\SYA\SYA2009.WTH,normal_year;water_stress_year;nitrogen_stress_year,water_stress,SYA2009_stress_grid_S0011,pareto_balanced,2009-07-10,191,86,81,"{""sim_day"": 86.0, ""doy"": 191.0, ""topwt"": 1821.2777709960935, ""grnwt"": 0.0, ""xlai"": 0.7138771414756775, ""totir"": 40.0, ""tofer"": NaN, ""swfac"": 0.0, ""nstres"": 0.3950656056404114}",0.0,0.3950656056404114,1821.2777709960935,0.0,0.7138771414756775,40.0,,0.0,0.0,40.0,0.0,10.22919921875,26.22919921875,Leave_One_experiments/all_year_offline_schedule_search/daily_outputs/SYA/SYA_2009_SYA2009_stress_grid_S0011_daily.csv
SYA,SYA,Shenyang,2009,Leave_One_experiments\wth_generated_qc\SYA\SYA2009.WTH,normal_year;water_stress_year;nitrogen_stress_year,water_stress,SYA2009_stress_grid_S0011,pareto_balanced,2009-07-11,192,87,82,"{""sim_day"": 87.0, ""doy"": 192.0, ""topwt"": 1876.387634277344, ""grnwt"": 0.0, ""xlai"": 0.7037808895111084, ""totir"": 40.0, ""tofer"": NaN, ""swfac"": 0.0, ""nstres"": 0.3903276920318603}",0.0,0.3903276920318603,1876.387634277344,0.0,0.7037808895111084,40.0,,0.0,0.0,40.0,0.0,10.22919921875,26.22919921875,Leave_One_experiments/all_year_offline_schedule_search/daily_outputs/SYA/SYA_2009_SYA2009_stress_grid_S0011_daily.csv
SYA,SYA,Shenyang,2009,Leave_One_experiments\wth_generated_qc\SYA\SYA2009.WTH,normal_year;water_stress_year;nitrogen_stress_year,water_stress,SYA2009_stress_grid_S0011,pareto_balanced,2009-07-12,193,88,83,"{""sim_day"": 88.0, ""doy"": 193.0, ""topwt"": 1937.1029663085935, ""grnwt"": 0.0, ""xlai"": 0.6956464648246765, ""totir"": 40.0, ""tofer"": NaN, ""swfac"": 0.0, ""nstres"": 0.3818588852882385}",0.0,0.3818588852882385,1937.1029663085935,0.0,0.6956464648246765,40.0,,0.0,0.0,40.0,0.0,10.22919921875,26.22919921875,Leave_One_experiments/all_year_offline_schedule_search/daily_outputs/SYA/SYA_2009_SYA2009_stress_grid_S0011_daily.csv
SYA,SYA,Shenyang,2009,Leave_One_experiments\wth_generated_qc\SYA\SYA2009.WTH,normal_year;water_stress_year;nitrogen_stress_year,water_stress,SYA2009_stress_grid_S0011,pareto_balanced,2009-07-13,194,89,84,"{""sim_day"": 89.0, ""doy"": 194.0, ""topwt"": 1965.3778076171875, ""grnwt"": 0.0, ""xlai"": 0.6799671649932861, ""totir"": 40.0, ""tofer"": NaN, ""swfac"": 0.0, ""nstres"": 0.374672532081604}",0.0,0.374672532081604,1965.3778076171875,0.0,0.6799671649932861,40.0,,0.0,0.0,40.0,0.0,10.22919921875,26.22919921875,Leave_One_experiments/all_year_offline_schedule_search/daily_outputs/SYA/SYA_2009_SYA2009_stress_grid_S0011_daily.csv
SYA,SYA,Shenyang,2009,Leave_One_experiments\wth_generated_qc\SYA\SYA2009.WTH,normal_year;water_stress_year;nitrogen_stress_year,water_stress,SYA2009_stress_grid_S0011,pareto_balanced,2009-07-14,195,90,85,"{""sim_day"": 90.0, ""doy"": 195.0, ""topwt"": 2031.3763427734373, ""grnwt"": 0.0, ""xlai"": 0.6742935180664062, ""totir"": 40.0, ""tofer"": NaN, ""swfac"": 0.0, ""nstres"": 0.3682169914245605}",0.0,0.3682169914245605,2031.3763427734373,0.0,0.6742935180664062,40.0,,0.0,0.0,40.0,0.0,10.22919921875,26.22919921875,Leave_One_experiments/all_year_offline_schedule_search/daily_outputs/SYA/SYA_2009_SYA2009_stress_grid_S0011_daily.csv
SYA,SYA,Shenyang,2009,Leave_One_experiments\wth_generated_qc\SYA\SYA2009.WTH,normal_year;water_stress_year;nitrogen_stress_year,water_stress,SYA2009_stress_grid_S0011,pareto_balanced,2009-07-15,196,91,86,"{""sim_day"": 91.0, ""doy"": 196.0, ""topwt"": 2106.0226440429688, ""grnwt"": 0.0, ""xlai"": 0.6712180376052856, ""totir"": 40.0, ""tofer"": NaN, ""swfac"": 0.0, ""nstres"": 0.3579972982406616}",0.0,0.3579972982406616,2106.0226440429688,0.0,0.6712180376052856,40.0,,0.0,0.0,40.0,0.0,10.22919921875,26.22919921875,Leave_One_experiments/all_year_offline_schedule_search/daily_outputs/SYA/SYA_2009_SYA2009_stress_grid_S0011_daily.csv
SYA,SYA,Shenyang,2009,Leave_One_experiments\wth_generated_qc\SYA\SYA2009.WTH,normal_year;water_stress_year;nitrogen_stress_year,water_stress,SYA2009_stress_grid_S0011,pareto_balanced,2009-07-16,197,92,87,"{""sim_day"": 92.0, ""doy"": 197.0, ""topwt"": 2157.2569274902344, ""grnwt"": 0.0, ""xlai"": 0.6628706455230713, ""totir"": 40.0, ""tofer"": NaN, ""swfac"": 0.0, ""nstres"": 0.3432997465133667}",0.0,0.3432997465133667,2157.2569274902344,0.0,0.6628706455230713,40.0,,0.0,0.0,40.0,0.0,10.22919921875,26.22919921875,Leave_One_experiments/all_year_offline_schedule_search/daily_outputs/SYA/SYA_2009_SYA2009_stress_grid_S0011_daily.csv
SYA,SYA,Shenyang,2009,Leave_One_experiments\wth_generated_qc\SYA\SYA2009.WTH,normal_year;water_stress_year;nitrogen_stress_year,water_stress,SYA2009_stress_grid_S0011,pareto_balanced,2009-07-17,198,93,88,"{""sim_day"": 93.0, ""doy"": 198.0, ""topwt"": 2258.334350585937, ""grnwt"": 0.0, ""xlai"": 0.6426926851272583, ""totir"": 40.0, ""tofer"": NaN, ""swfac"": 0.0, ""nstres"": 0.3305630683898926}",0.0,0.3305630683898926,2258.334350585937,0.0,0.6426926851272583,40.0,,0.0,0.0,40.0,0.0,10.22919921875,26.22919921875,Leave_One_experiments/all_year_offline_schedule_search/daily_outputs/SYA/SYA_2009_SYA2009_stress_grid_S0011_daily.csv
SYA,SYA,Shenyang,2009,Leave_One_experiments\wth_generated_qc\SYA\SYA2009.WTH,normal_year;water_stress_year;nitrogen_stress_year,water_stress,SYA2009_stress_grid_S0011,pareto_balanced,2009-07-18,199,94,89,"{""sim_day"": 94.0, ""doy"": 199.0, ""topwt"": 2359.391021728516, ""grnwt"": 0.0, ""xlai"": 0.6235811710357666, ""totir"": 40.0, ""tofer"": NaN, ""swfac"": 0.0, ""nstres"": 0.3136789798736572}",0.0,0.3136789798736572,2359.391021728516,0.0,0.6235811710357666,40.0,,0.0,0.0,40.0,0.0,10.22919921875,26.22919921875,Leave_One_experiments/all_year_offline_schedule_search/daily_outputs/SYA/SYA_2009_SYA2009_stress_grid_S0011_daily.csv
SYA,SYA,Shenyang,2009,Leave_One_experiments\wth_generated_qc\SYA\SYA2009.WTH,normal_year;water_stress_year;nitrogen_stress_year,water_stress,SYA2009_stress_grid_S0011,pareto_balanced,2009-07-19,200,95,90,"{""sim_day"": 95.0, ""doy"": 200.0, ""topwt"": 2390.284423828125, ""grnwt"": 0.0, ""xlai"": 0.6049671173095703, ""totir"": 40.0, ""tofer"": NaN, ""swfac"": 0.0, ""nstres"": 0.3164071440696716}",0.0,0.3164071440696716,2390.284423828125,0.0,0.6049671173095703,40.0,,0.0,0.0,40.0,0.0,10.22919921875,26.22919921875,Leave_One_experiments/all_year_offline_schedule_search/daily_outputs/SYA/SYA_2009_SYA2009_stress_grid_S0011_daily.csv
SYA,SYA,Shenyang,2009,Leave_One_experiments\wth_generated_qc\SYA\SYA2009.WTH,normal_year;water_stress_year;nitrogen_stress_year,water_stress,SYA2009_stress_grid_S0011,pareto_balanced,2009-07-20,201,96,91,"{""sim_day"": 96.0, ""doy"": 201.0, ""topwt"": 2493.1402587890625, ""grnwt"": 0.0, ""xlai"": 0.586875319480896, ""totir"": 40.0, ""tofer"": NaN, ""swfac"": 0.0, ""nstres"": 0.3177300095558166}",0.0,0.3177300095558166,2493.1402587890625,0.0,0.586875319480896,40.0,,0.0,0.0,40.0,0.0,10.22919921875,26.22919921875,Leave_One_experiments/all_year_offline_schedule_search/daily_outputs/SYA/SYA_2009_SYA2009_stress_grid_S0011_daily.csv
SYA,SYA,Shenyang,2009,Leave_One_experiments\wth_generated_qc\SYA\SYA2009.WTH,normal_year;water_stress_year;nitrogen_stress_year,water_stress,SYA2009_stress_grid_S0011,pareto_balanced,2009-07-21,202,97,92,"{""sim_day"": 97.0, ""doy"": 202.0, ""topwt"": 2579.9346923828125, ""grnwt"": 0.0, ""xlai"": 0.5698526501655579, ""totir"": 40.0, ""tofer"": NaN, ""swfac"": 0.0, ""nstres"": 0.2961367964744568}",0.0,0.2961367964744568,2579.9346923828125,0.0,0.5698526501655579,40.0,,0.0,0.0,40.0,0.0,10.22919921875,26.22919921875,Leave_One_experiments/all_year_offline_schedule_search/daily_outputs/SYA/SYA_2009_SYA2009_stress_grid_S0011_daily.csv
SYA,SYA,Shenyang,2009,Leave_One_experiments\wth_generated_qc\SYA\SYA2009.WTH,normal_year;water_stress_year;nitrogen_stress_year,water_stress,SYA2009_stress_grid_S0011,pareto_balanced,2009-07-22,203,98,93,"{""sim_day"": 98.0, ""doy"": 203.0, ""topwt"": 2627.294006347656, ""grnwt"": 0.0, ""xlai"": 0.5533277988433838, ""totir"": 40.0, ""tofer"": NaN, ""swfac"": 0.0, ""nstres"": 0.2959622144699096}",0.0,0.2959622144699096,2627.294006347656,0.0,0.5533277988433838,40.0,,0.0,0.0,40.0,0.0,10.22919921875,26.22919921875,Leave_One_experiments/all_year_offline_schedule_search/daily_outputs/SYA/SYA_2009_SYA2009_stress_grid_S0011_daily.csv
SYA,SYA,Shenyang,2009,Leave_One_experiments\wth_generated_qc\SYA\SYA2009.WTH,normal_year;water_stress_year;nitrogen_stress_year,water_stress,SYA2009_stress_grid_S0011,pareto_balanced,2009-07-23,204,99,94,"{""sim_day"": 99.0, ""doy"": 204.0, ""topwt"": 2698.9419555664062, ""grnwt"": 0.0, ""xlai"": 0.5374219417572021, ""totir"": 40.0, ""tofer"": NaN, ""swfac"": 0.0, ""nstres"": 0.2898969650268554}",0.0,0.2898969650268554,2698.9419555664062,0.0,0.5374219417572021,40.0,,0.0,0.0,40.0,0.0,10.22919921875,26.22919921875,Leave_One_experiments/all_year_offline_schedule_search/daily_outputs/SYA/SYA_2009_SYA2009_stress_grid_S0011_daily.csv
SYA,SYA,Shenyang,2009,Leave_One_experiments\wth_generated_qc\SYA\SYA2009.WTH,normal_year;water_stress_year;nitrogen_stress_year,water_stress,SYA2009_stress_grid_S0011,pareto_balanced,2009-07-24,205,100,95,"{""sim_day"": 100.0, ""doy"": 205.0, ""topwt"": 2762.142639160156, ""grnwt"": 0.0, ""xlai"": 0.522352933883667, ""totir"": 40.0, ""tofer"": NaN, ""swfac"": 0.0, ""nstres"": 0.2729472517967224}",0.0,0.2729472517967224,2762.142639160156,0.0,0.522352933883667,40.0,,0.0,0.0,40.0,0.0,10.22919921875,26.22919921875,Leave_One_experiments/all_year_offline_schedule_search/daily_outputs/SYA/SYA_2009_SYA2009_stress_grid_S0011_daily.csv
SYA,SYA,Shenyang,2009,Leave_One_experiments\wth_generated_qc\SYA\SYA2009.WTH,normal_year;water_stress_year;nitrogen_stress_year,water_stress,SYA2009_stress_grid_S0011,pareto_balanced,2009-07-25,206,101,96,"{""sim_day"": 101.0, ""doy"": 206.0, ""topwt"": 2854.336242675781, ""grnwt"": 0.0, ""xlai"": 0.5079790353775024, ""totir"": 40.0, ""tofer"": NaN, ""swfac"": 0.0, ""nstres"": 0.2604214549064636}",0.0,0.2604214549064636,2854.336242675781,0.0,0.5079790353775024,40.0,,0.0,0.0,40.0,0.0,10.22919921875,26.22919921875,Leave_One_experiments/all_year_offline_schedule_search/daily_outputs/SYA/SYA_2009_SYA2009_stress_grid_S0011_daily.csv
SYA,SYA,Shenyang,2009,Leave_One_experiments\wth_generated_qc\SYA\SYA2009.WTH,normal_year;water_stress_year;nitrogen_stress_year,water_stress,SYA2009_stress_grid_S0011,pareto_balanced,2009-07-26,207,102,97,"{""sim_day"": 102.0, ""doy"": 207.0, ""topwt"": 2924.698486328125, ""grnwt"": 0.0, ""xlai"": 0.4943549335002899, ""totir"": 40.0, ""tofer"": NaN, ""swfac"": 0.0, ""nstres"": 0.2436837553977966}",0.0,0.2436837553977966,2924.698486328125,0.0,0.4943549335002899,40.0,,0.0,0.0,40.0,0.0,10.22919921875,26.22919921875,Leave_One_experiments/all_year_offline_schedule_search/daily_outputs/SYA/SYA_2009_SYA2009_stress_grid_S0011_daily.csv
SYA,SYA,Shenyang,2009,Leave_One_experiments\wth_generated_qc\SYA\SYA2009.WTH,normal_year;water_stress_year;nitrogen_stress_year,water_stress,SYA2009_stress_grid_S0011,pareto_balanced,2009-07-27,208,103,98,"{""sim_day"": 103.0, ""doy"": 208.0, ""topwt"": 3043.03466796875, ""grnwt"": 122.36106872558594, ""xlai"": 0.4813208878040313, ""totir"": 40.0, ""tofer"": NaN, ""swfac"": 0.0, ""nstres"": 0.2327786087989807}",0.0,0.2327786087989807,3043.03466796875,122.36106872558594,0.4813208878040313,40.0,,0.0,0.0,40.0,0.0,10.22919921875,26.22919921875,Leave_One_experiments/all_year_offline_schedule_search/daily_outputs/SYA/SYA_2009_SYA2009_stress_grid_S0011_daily.csv
SYA,SYA,Shenyang,2009,Leave_One_experiments\wth_generated_qc\SYA\SYA2009.WTH,normal_year;water_stress_year;nitrogen_stress_year,water_stress,SYA2009_stress_grid_S0011,pareto_balanced,2009-07-28,209,104,99,"{""sim_day"": 104.0, ""doy"": 209.0, ""topwt"": 3129.3698120117188, ""grnwt"": 204.6714782714844, ""xlai"": 0.4678773880004883, ""totir"": 40.0, ""tofer"": NaN, ""swfac"": 0.0, ""nstres"": 0.2703288793563843}",0.0,0.2703288793563843,3129.3698120117188,204.6714782714844,0.4678773880004883,40.0,,0.0,0.0,40.0,0.0,10.22919921875,26.22919921875,Leave_One_experiments/all_year_offline_schedule_search/daily_outputs/SYA/SYA_2009_SYA2009_stress_grid_S0011_daily.csv
SYA,SYA,Shenyang,2009,Leave_One_experiments\wth_generated_qc\SYA\SYA2009.WTH,normal_year;water_stress_year;nitrogen_stress_year,water_stress,SYA2009_stress_grid_S0011,pareto_balanced,2009-07-29,210,105,100,"{""sim_day"": 105.0, ""doy"": 210.0, ""topwt"": 3211.680603027344, ""grnwt"": 286.9818687438965, ""xlai"": 0.4548408687114715, ""totir"": 40.0, ""tofer"": NaN, ""swfac"": 0.0, ""nstres"": 0.2687157988548279}",0.0,0.2687157988548279,3211.680603027344,286.9818687438965,0.4548408687114715,40.0,,0.0,0.0,40.0,0.0,10.22919921875,26.22919921875,Leave_One_experiments/all_year_offline_schedule_search/daily_outputs/SYA/SYA_2009_SYA2009_stress_grid_S0011_daily.csv
SYA,SYA,Shenyang,2009,Leave_One_experiments\wth_generated_qc\SYA\SYA2009.WTH,normal_year;water_stress_year;nitrogen_stress_year,water_stress,SYA2009_stress_grid_S0011,pareto_balanced,2009-07-30,211,106,101,"{""sim_day"": 106.0, ""doy"": 211.0, ""topwt"": 3290.4986572265625, ""grnwt"": 369.2922592163086, ""xlai"": 0.4421547651290893, ""totir"": 40.0, ""tofer"": NaN, ""swfac"": 0.0, ""nstres"": 0.2693913578987121}",0.0,0.2693913578987121,3290.4986572265625,369.2922592163086,0.4421547651290893,40.0,,0.0,0.0,40.0,0.0,10.22919921875,26.22919921875,Leave_One_experiments/all_year_offline_schedule_search/daily_outputs/SYA/SYA_2009_SYA2009_stress_grid_S0011_daily.csv
SYA,SYA,Shenyang,2009,Leave_One_experiments\wth_generated_qc\SYA\SYA2009.WTH,normal_year;water_stress_year;nitrogen_stress_year,water_stress,SYA2009_stress_grid_S0011,pareto_balanced,2009-07-31,212,107,102,"{""sim_day"": 107.0, ""doy"": 212.0, ""topwt"": 3376.30126953125, ""grnwt"": 451.6026306152344, ""xlai"": 0.4298442304134369, ""totir"": 40.0, ""tofer"": NaN, ""swfac"": 0.0, ""nstres"": 0.26821368932724}",0.0,0.26821368932724,3376.30126953125,451.6026306152344,0.4298442304134369,40.0,,0.0,0.0,40.0,0.0,10.22919921875,26.22919921875,Leave_One_experiments/all_year_offline_schedule_search/daily_outputs/SYA/SYA_2009_SYA2009_stress_grid_S0011_daily.csv
SYA,SYA,Shenyang,2009,Leave_One_experiments\wth_generated_qc\SYA\SYA2009.WTH,normal_year;water_stress_year;nitrogen_stress_year,water_stress,SYA2009_stress_grid_S0011,pareto_balanced,2009-08-01,213,108,103,"{""sim_day"": 108.0, ""doy"": 213.0, ""topwt"": 3419.41162109375, ""grnwt"": 533.9130020141602, ""xlai"": 0.4178920388221741, ""totir"": 40.0, ""tofer"": NaN, ""swfac"": 0.0, ""nstres"": 0.2673414349555969}",0.0,0.2673414349555969,3419.41162109375,533.9130020141602,0.4178920388221741,40.0,,0.0,0.0,40.0,0.0,10.22919921875,26.22919921875,Leave_One_experiments/all_year_offline_schedule_search/daily_outputs/SYA/SYA_2009_SYA2009_stress_grid_S0011_daily.csv
SYA,SYA,Shenyang,2009,Leave_One_experiments\wth_generated_qc\SYA\SYA2009.WTH,normal_year;water_stress_year;nitrogen_stress_year,water_stress,SYA2009_stress_grid_S0011,pareto_balanced,2009-08-02,214,109,104,"{""sim_day"": 109.0, ""doy"": 214.0, ""topwt"": 3498.843078613281, ""grnwt"": 616.2233734130859, ""xlai"": 0.4062333405017853, ""totir"": 40.0, ""tofer"": NaN, ""swfac"": 0.0, ""nstres"": 0.2695719599723816}",0.0,0.2695719599723816,3498.843078613281,616.2233734130859,0.4062333405017853,40.0,,0.0,0.0,40.0,0.0,10.22919921875,26.22919921875,Leave_One_experiments/all_year_offline_schedule_search/daily_outputs/SYA/SYA_2009_SYA2009_stress_grid_S0011_daily.csv
SYA,SYA,Shenyang,2009,Leave_One_experiments\wth_generated_qc\SYA\SYA2009.WTH,normal_year;water_stress_year;nitrogen_stress_year,water_stress,SYA2009_stress_grid_S0011,pareto_balanced,2009-08-03,215,110,105,"{""sim_day"": 110.0, ""doy"": 215.0, ""topwt"": 3586.4486694335938, ""grnwt"": 698.5337829589844, ""xlai"": 0.3951521217823028, ""totir"": 40.0, ""tofer"": NaN, ""swfac"": 0.0, ""nstres"": 0.2546717524528503}",0.0,0.2546717524528503,3586.4486694335938,698.5337829589844,0.3951521217823028,40.0,,0.0,0.0,40.0,0.0,10.22919921875,26.22919921875,Leave_One_experiments/all_year_offline_schedule_search/daily_outputs/SYA/SYA_2009_SYA2009_stress_grid_S0011_daily.csv
SYA,SYA,Shenyang,2009,Leave_One_experiments\wth_generated_qc\SYA\SYA2009.WTH,normal_year;water_stress_year;nitrogen_stress_year,water_stress,SYA2009_stress_grid_S0011,pareto_balanced,2009-08-04,216,111,106,"{""sim_day"": 111.0, ""doy"": 216.0, ""topwt"": 3668.315734863281, ""grnwt"": 780.8441925048828, ""xlai"": 0.3843536376953125, ""totir"": 40.0, ""tofer"": NaN, ""swfac"": 0.0, ""nstres"": 0.2558581829071045}",0.0,0.2558581829071045,3668.315734863281,780.8441925048828,0.3843536376953125,40.0,,0.0,0.0,40.0,0.0,10.22919921875,26.22919921875,Leave_One_experiments/all_year_offline_schedule_search/daily_outputs/SYA/SYA_2009_SYA2009_stress_grid_S0011_daily.csv
SYA,SYA,Shenyang,2009,Leave_One_experiments\wth_generated_qc\SYA\SYA2009.WTH,normal_year;water_stress_year;nitrogen_stress_year,water_stress,SYA2009_stress_grid_S0011,pareto_balanced,2009-08-05,217,112,107,"{""sim_day"": 112.0, ""doy"": 217.0, ""topwt"": 3709.694213867188, ""grnwt"": 863.1546020507812, ""xlai"": 0.3737579882144928, ""totir"": 40.0, ""tofer"": NaN, ""swfac"": 0.0, ""nstres"": 0.2616167068481445}",0.0,0.2616167068481445,3709.694213867188,863.1546020507812,0.3737579882144928,40.0,,0.0,0.0,40.0,0.0,10.22919921875,26.22919921875,Leave_One_experiments/all_year_offline_schedule_search/daily_outputs/SYA/SYA_2009_SYA2009_stress_grid_S0011_daily.csv
SYA,SYA,Shenyang,2009,Leave_One_experiments\wth_generated_qc\SYA\SYA2009.WTH,normal_year;water_stress_year;nitrogen_stress_year,water_stress,SYA2009_stress_grid_S0011,pareto_balanced,2009-08-06,218,113,108,"{""sim_day"": 113.0, ""doy"": 218.0, ""topwt"": 3795.924682617188, ""grnwt"": 945.4650115966796, ""xlai"": 0.3634107708930969, ""totir"": 40.0, ""tofer"": NaN, ""swfac"": 0.0, ""nstres"": 0.2644197344779968}",0.0,0.2644197344779968,3795.924682617188,945.4650115966796,0.3634107708930969,40.0,,0.0,0.0,40.0,0.0,10.22919921875,26.22919921875,Leave_One_experiments/all_year_offline_schedule_search/daily_outputs/SYA/SYA_2009_SYA2009_stress_grid_S0011_daily.csv
SYA,SYA,Shenyang,2009,Leave_One_experiments\wth_generated_qc\SYA\SYA2009.WTH,normal_year;water_stress_year;nitrogen_stress_year,water_stress,SYA2009_stress_grid_S0011,pareto_balanced,2009-08-07,219,114,109,"{""sim_day"": 114.0, ""doy"": 219.0, ""topwt"": 3879.2486572265625, ""grnwt"": 1027.775421142578, ""xlai"": 0.3535960912704468, ""totir"": 40.0, ""tofer"": NaN, ""swfac"": 0.0, ""nstres"": 0.248176634311676}",0.0,0.248176634311676,3879.2486572265625,1027.775421142578,0.3535960912704468,40.0,,0.0,0.0,40.0,0.0,10.22919921875,26.22919921875,Leave_One_experiments/all_year_offline_schedule_search/daily_outputs/SYA/SYA_2009_SYA2009_stress_grid_S0011_daily.csv
SYA,SYA,Shenyang,2009,Leave_One_experiments\wth_generated_qc\SYA\SYA2009.WTH,normal_year;water_stress_year;nitrogen_stress_year,water_stress,SYA2009_stress_grid_S0011,pareto_balanced,2009-08-08,220,115,110,"{""sim_day"": 115.0, ""doy"": 220.0, ""topwt"": 3956.768798828125, ""grnwt"": 1110.0858306884766, ""xlai"": 0.3439799845218658, ""totir"": 40.0, ""tofer"": NaN, ""swfac"": 0.0, ""nstres"": 0.2526822686195373}",0.0,0.2526822686195373,3956.768798828125,1110.0858306884766,0.3439799845218658,40.0,,0.0,0.0,40.0,0.0,10.22919921875,26.22919921875,Leave_One_experiments/all_year_offline_schedule_search/daily_outputs/SYA/SYA_2009_SYA2009_stress_grid_S0011_daily.csv
SYA,SYA,Shenyang,2009,Leave_One_experiments\wth_generated_qc\SYA\SYA2009.WTH,normal_year;water_stress_year;nitrogen_stress_year,water_stress,SYA2009_stress_grid_S0011,pareto_balanced,2009-08-09,221,116,111,"{""sim_day"": 116.0, ""doy"": 221.0, ""topwt"": 4022.25830078125, ""grnwt"": 1192.396240234375, ""xlai"": 0.3345732688903808, ""totir"": 40.0, ""tofer"": NaN, ""swfac"": 0.0, ""nstres"": 0.2563216090202331}",0.0,0.2563216090202331,4022.25830078125,1192.396240234375,0.3345732688903808,40.0,,0.0,0.0,40.0,0.0,10.22919921875,26.22919921875,Leave_One_experiments/all_year_offline_schedule_search/daily_outputs/SYA/SYA_2009_SYA2009_stress_grid_S0011_daily.csv
SYA,SYA,Shenyang,2009,Leave_One_experiments\wth_generated_qc\SYA\SYA2009.WTH,normal_year;water_stress_year;nitrogen_stress_year,water_stress,SYA2009_stress_grid_S0011,pareto_balanced,2009-08-10,222,117,112,"{""sim_day"": 117.0, ""doy"": 222.0, ""topwt"": 4094.2800903320312, ""grnwt"": 1259.7879028320312, ""xlai"": 0.3254372477531433, ""totir"": 40.0, ""tofer"": NaN, ""swfac"": 0.0, ""nstres"": 0.2553532719612121}",0.0,0.2553532719612121,4094.2800903320312,1259.7879028320312,0.3254372477531433,40.0,,0.0,0.0,40.0,0.0,10.22919921875,26.22919921875,Leave_One_experiments/all_year_offline_schedule_search/daily_outputs/SYA/SYA_2009_SYA2009_stress_grid_S0011_daily.csv
SYA,SYA,Shenyang,2009,Leave_One_experiments\wth_generated_qc\SYA\SYA2009.WTH,normal_year;water_stress_year;nitrogen_stress_year,water_stress,SYA2009_stress_grid_S0011,pareto_balanced,2009-08-11,223,118,113,"{""sim_day"": 118.0, ""doy"": 223.0, ""topwt"": 4172.51220703125, ""grnwt"": 1336.4393615722656, ""xlai"": 0.3167236149311065, ""totir"": 40.0, ""tofer"": NaN, ""swfac"": 0.0, ""nstres"": 0.2426041364669799}",0.0,0.2426041364669799,4172.51220703125,1336.4393615722656,0.3167236149311065,40.0,,0.0,0.0,40.0,0.0,10.22919921875,26.22919921875,Leave_One_experiments/all_year_offline_schedule_search/daily_outputs/SYA/SYA_2009_SYA2009_stress_grid_S0011_daily.csv
SYA,SYA,Shenyang,2009,Leave_One_experiments\wth_generated_qc\SYA\SYA2009.WTH,normal_year;water_stress_year;nitrogen_stress_year,water_stress,SYA2009_stress_grid_S0011,pareto_balanced,2009-08-12,224,119,114,"{""sim_day"": 119.0, ""doy"": 224.0, ""topwt"": 4255.070495605469, ""grnwt"": 1418.7498474121094, ""xlai"": 0.308194100856781, ""totir"": 40.0, ""tofer"": NaN, ""swfac"": 0.0, ""nstres"": 0.2463338971138}",0.0,0.2463338971138,4255.070495605469,1418.7498474121094,0.308194100856781,40.0,,0.0,0.0,40.0,0.0,10.22919921875,26.22919921875,Leave_One_experiments/all_year_offline_schedule_search/daily_outputs/SYA/SYA_2009_SYA2009_stress_grid_S0011_daily.csv
SYA,SYA,Shenyang,2009,Leave_One_experiments\wth_generated_qc\SYA\SYA2009.WTH,normal_year;water_stress_year;nitrogen_stress_year,water_stress,SYA2009_stress_grid_S0011,pareto_balanced,2009-08-13,225,120,115,"{""sim_day"": 120.0, ""doy"": 225.0, ""topwt"": 4317.35107421875, ""grnwt"": 1481.5115356445312, ""xlai"": 0.2998659014701843, ""totir"": 40.0, ""tofer"": NaN, ""swfac"": 0.0, ""nstres"": 0.2485385537147522}",0.0,0.2485385537147522,4317.35107421875,1481.5115356445312,0.2998659014701843,40.0,,0.0,0.0,40.0,0.0,10.22919921875,26.22919921875,Leave_One_experiments/all_year_offline_schedule_search/daily_outputs/SYA/SYA_2009_SYA2009_stress_grid_S0011_daily.csv
SYA,SYA,Shenyang,2009,Leave_One_experiments\wth_generated_qc\SYA\SYA2009.WTH,normal_year;water_stress_year;nitrogen_stress_year,water_stress,SYA2009_stress_grid_S0011,pareto_balanced,2009-08-14,226,121,116,"{""sim_day"": 121.0, ""doy"": 226.0, ""topwt"": 4382.9620361328125, ""grnwt"": 1548.388671875, ""xlai"": 0.2918728590011596, ""totir"": 40.0, ""tofer"": NaN, ""swfac"": 0.0, ""nstres"": 0.2397311329841613}",0.0,0.2397311329841613,4382.9620361328125,1548.388671875,0.2918728590011596,40.0,,0.0,0.0,40.0,0.0,10.22919921875,26.22919921875,Leave_One_experiments/all_year_offline_schedule_search/daily_outputs/SYA/SYA_2009_SYA2009_stress_grid_S0011_daily.csv
SYA,SYA,Shenyang,2009,Leave_One_experiments\wth_generated_qc\SYA\SYA2009.WTH,normal_year;water_stress_year;nitrogen_stress_year,water_stress,SYA2009_stress_grid_S0011,pareto_balanced,2009-08-15,227,122,117,"{""sim_day"": 122.0, ""doy"": 227.0, ""topwt"": 4439.928894042969, ""grnwt"": 1630.6990051269531, ""xlai"": 0.2841503024101257, ""totir"": 40.0, ""tofer"": NaN, ""swfac"": 0.0, ""nstres"": 0.2350114583969116}",0.0,0.2350114583969116,4439.928894042969,1630.6990051269531,0.2841503024101257,40.0,,0.0,0.0,40.0,0.0,10.22919921875,26.22919921875,Leave_One_experiments/all_year_offline_schedule_search/daily_outputs/SYA/SYA_2009_SYA2009_stress_grid_S0011_daily.csv
SYA,SYA,Shenyang,2009,Leave_One_experiments\wth_generated_qc\SYA\SYA2009.WTH,normal_year;water_stress_year;nitrogen_stress_year,water_stress,SYA2009_stress_grid_S0011,pareto_balanced,2009-08-16,228,123,118,"{""sim_day"": 123.0, ""doy"": 228.0, ""topwt"": 4462.247924804688, ""grnwt"": 1713.0093383789062, ""xlai"": 0.2765645980834961, ""totir"": 40.0, ""tofer"": NaN, ""swfac"": 0.0, ""nstres"": 0.2407079935073852}",0.0,0.2407079935073852,4462.247924804688,1713.0093383789062,0.2765645980834961,40.0,,0.0,0.0,40.0,0.0,10.22919921875,26.22919921875,Leave_One_experiments/all_year_offline_schedule_search/daily_outputs/SYA/SYA_2009_SYA2009_stress_grid_S0011_daily.csv
SYA,SYA,Shenyang,2009,Leave_One_experiments\wth_generated_qc\SYA\SYA2009.WTH,normal_year;water_stress_year;nitrogen_stress_year,water_stress,SYA2009_stress_grid_S0011,pareto_balanced,2009-08-17,229,124,119,"{""sim_day"": 124.0, ""doy"": 229.0, ""topwt"": 4515.399475097656, ""grnwt"": 1795.3196716308594, ""xlai"": 0.2692584097385406, ""totir"": 40.0, ""tofer"": NaN, ""swfac"": 0.0, ""nstres"": 0.2340240478515625}",0.0,0.2340240478515625,4515.399475097656,1795.3196716308594,0.2692584097385406,40.0,,0.0,0.0,40.0,0.0,10.22919921875,26.22919921875,Leave_One_experiments/all_year_offline_schedule_search/daily_outputs/SYA/SYA_2009_SYA2009_stress_grid_S0011_daily.csv
SYA,SYA,Shenyang,2009,Leave_One_experiments\wth_generated_qc\SYA\SYA2009.WTH,normal_year;water_stress_year;nitrogen_stress_year,water_stress,SYA2009_stress_grid_S0011,pareto_balanced,2009-08-18,230,125,120,"{""sim_day"": 125.0, ""doy"": 230.0, ""topwt"": 4524.369201660156, ""grnwt"": 1877.6300048828125, ""xlai"": 0.2624170482158661, ""totir"": 40.0, ""tofer"": NaN, ""swfac"": 0.0, ""nstres"": 0.2097945809364318}",0.0,0.2097945809364318,4524.369201660156,1877.6300048828125,0.2624170482158661,40.0,,0.0,0.0,40.0,0.0,10.22919921875,26.22919921875,Leave_One_experiments/all_year_offline_schedule_search/daily_outputs/SYA/SYA_2009_SYA2009_stress_grid_S0011_daily.csv
SYA,SYA,Shenyang,2009,Leave_One_experiments\wth_generated_qc\SYA\SYA2009.WTH,normal_year;water_stress_year;nitrogen_stress_year,water_stress,SYA2009_stress_grid_S0011,pareto_balanced,2009-08-19,231,126,121,"{""sim_day"": 126.0, ""doy"": 231.0, ""topwt"": 4600.3460693359375, ""grnwt"": 1959.9403381347656, ""xlai"": 0.2557530105113983, ""totir"": 40.0, ""tofer"": NaN, ""swfac"": 0.0, ""nstres"": 0.2094795703887939}",0.0,0.2094795703887939,4600.3460693359375,1959.9403381347656,0.2557530105113983,40.0,,0.0,0.0,40.0,0.0,10.22919921875,26.22919921875,Leave_One_experiments/all_year_offline_schedule_search/daily_outputs/SYA/SYA_2009_SYA2009_stress_grid_S0011_daily.csv
SYA,SYA,Shenyang,2009,Leave_One_experiments\wth_generated_qc\SYA\SYA2009.WTH,normal_year;water_stress_year;nitrogen_stress_year,water_stress,SYA2009_stress_grid_S0011,pareto_balanced,2009-08-20,232,127,122,"{""sim_day"": 127.0, ""doy"": 232.0, ""topwt"": 4673.466796875, ""grnwt"": 2042.2506713867188, ""xlai"": 0.2495744377374649, ""totir"": 40.0, ""tofer"": NaN, ""swfac"": 0.0, ""nstres"": 0.1932687163352966}",0.0,0.1932687163352966,4673.466796875,2042.2506713867188,0.2495744377374649,40.0,,0.0,0.0,40.0,0.0,10.22919921875,26.22919921875,Leave_One_experiments/all_year_offline_schedule_search/daily_outputs/SYA/SYA_2009_SYA2009_stress_grid_S0011_daily.csv
SYA,SYA,Shenyang,2009,Leave_One_experiments\wth_generated_qc\SYA\SYA2009.WTH,normal_year;water_stress_year;nitrogen_stress_year,water_stress,SYA2009_stress_grid_S0011,pareto_balanced,2009-08-21,233,128,123,"{""sim_day"": 128.0, ""doy"": 233.0, ""topwt"": 4739.350891113281, ""grnwt"": 2124.561004638672, ""xlai"": 0.2432713359594345, ""totir"": 40.0, ""tofer"": NaN, ""swfac"": 0.0, ""nstres"": 0.2061259150505066}",0.0,0.2061259150505066,4739.350891113281,2124.561004638672,0.2432713359594345,40.0,,0.0,0.0,40.0,0.0,10.22919921875,26.22919921875,Leave_One_experiments/all_year_offline_schedule_search/daily_outputs/SYA/SYA_2009_SYA2009_stress_grid_S0011_daily.csv
SYA,SYA,Shenyang,2009,Leave_One_experiments\wth_generated_qc\SYA\SYA2009.WTH,normal_year;water_stress_year;nitrogen_stress_year,water_stress,SYA2009_stress_grid_S0011,pareto_balanced,2009-08-22,234,129,124,"{""sim_day"": 129.0, ""doy"": 234.0, ""topwt"": 4789.977416992188, ""grnwt"": 2206.871337890625, ""xlai"": 0.2368682324886322, ""totir"": 40.0, ""tofer"": NaN, ""swfac"": 0.0, ""nstres"": 0.2316966652870178}",0.0,0.2316966652870178,4789.977416992188,2206.871337890625,0.2368682324886322,40.0,,0.0,0.0,40.0,0.0,10.22919921875,26.22919921875,Leave_One_experiments/all_year_offline_schedule_search/daily_outputs/SYA/SYA_2009_SYA2009_stress_grid_S0011_daily.csv
SYA,SYA,Shenyang,2009,Leave_One_experiments\wth_generated_qc\SYA\SYA2009.WTH,normal_year;water_stress_year;nitrogen_stress_year,water_stress,SYA2009_stress_grid_S0011,pareto_balanced,2009-08-23,235,130,125,"{""sim_day"": 130.0, ""doy"": 235.0, ""topwt"": 4849.1644287109375, ""grnwt"": 2289.181671142578, ""xlai"": 0.2304974794387817, ""totir"": 40.0, ""tofer"": NaN, ""swfac"": 0.0, ""nstres"": 0.2454963326454162}",0.0,0.2454963326454162,4849.1644287109375,2289.181671142578,0.2304974794387817,40.0,,0.0,0.0,40.0,0.0,10.22919921875,26.22919921875,Leave_One_experiments/all_year_offline_schedule_search/daily_outputs/SYA/SYA_2009_SYA2009_stress_grid_S0011_daily.csv
SYA,SYA,Shenyang,2009,Leave_One_experiments\wth_generated_qc\SYA\SYA2009.WTH,normal_year;water_stress_year;nitrogen_stress_year,water_stress,SYA2009_stress_grid_S0011,pareto_balanced,2009-08-24,236,131,126,"{""sim_day"": 131.0, ""doy"": 236.0, ""topwt"": 4883.012390136719, ""grnwt"": 2371.4920043945312, ""xlai"": 0.2243314683437347, ""totir"": 40.0, ""tofer"": NaN, ""swfac"": 0.0, ""nstres"": 0.2420212626457214}",0.0,0.2420212626457214,4883.012390136719,2371.4920043945312,0.2243314683437347,40.0,,0.0,0.0,40.0,0.0,10.22919921875,26.22919921875,Leave_One_experiments/all_year_offline_schedule_search/daily_outputs/SYA/SYA_2009_SYA2009_stress_grid_S0011_daily.csv
SYA,SYA,Shenyang,2009,Leave_One_experiments\wth_generated_qc\SYA\SYA2009.WTH,normal_year;water_stress_year;nitrogen_stress_year,water_stress,SYA2009_stress_grid_S0011,pareto_balanced,2009-08-25,237,132,127,"{""sim_day"": 132.0, ""doy"": 237.0, ""topwt"": 4893.9068603515625, ""grnwt"": 2453.8023376464844, ""xlai"": 0.2183111011981964, ""totir"": 40.0, ""tofer"": NaN, ""swfac"": 0.0, ""nstres"": 0.2440811395645141}",0.0,0.2440811395645141,4893.9068603515625,2453.8023376464844,0.2183111011981964,40.0,,0.0,0.0,40.0,0.0,10.22919921875,26.22919921875,Leave_One_experiments/all_year_offline_schedule_search/daily_outputs/SYA/SYA_2009_SYA2009_stress_grid_S0011_daily.csv
SYA,SYA,Shenyang,2009,Leave_One_experiments\wth_generated_qc\SYA\SYA2009.WTH,normal_year;water_stress_year;nitrogen_stress_year,water_stress,SYA2009_stress_grid_S0011,pareto_balanced,2009-08-26,238,133,128,"{""sim_day"": 133.0, ""doy"": 238.0, ""topwt"": 4939.861755371094, ""grnwt"": 2536.112670898437, ""xlai"": 0.2126204222440719, ""totir"": 40.0, ""tofer"": NaN, ""swfac"": 0.0, ""nstres"": 0.2256056666374206}",0.0,0.2256056666374206,4939.861755371094,2536.112670898437,0.2126204222440719,40.0,,0.0,0.0,40.0,0.0,10.22919921875,26.22919921875,Leave_One_experiments/all_year_offline_schedule_search/daily_outputs/SYA/SYA_2009_SYA2009_stress_grid_S0011_daily.csv
SYA,SYA,Shenyang,2009,Leave_One_experiments\wth_generated_qc\SYA\SYA2009.WTH,normal_year;water_stress_year;nitrogen_stress_year,water_stress,SYA2009_stress_grid_S0011,pareto_balanced,2009-08-27,239,134,129,"{""sim_day"": 134.0, ""doy"": 239.0, ""topwt"": 4975.548400878906, ""grnwt"": 2617.247314453125, ""xlai"": 0.2072736322879791, ""totir"": 40.0, ""tofer"": NaN, ""swfac"": 0.0, ""nstres"": 0.2035295367240905}",0.0,0.2035295367240905,4975.548400878906,2617.247314453125,0.2072736322879791,40.0,,0.0,0.0,40.0,0.0,10.22919921875,26.22919921875,Leave_One_experiments/all_year_offline_schedule_search/daily_outputs/SYA/SYA_2009_SYA2009_stress_grid_S0011_daily.csv
SYA,SYA,Shenyang,2009,Leave_One_experiments\wth_generated_qc\SYA\SYA2009.WTH,normal_year;water_stress_year;nitrogen_stress_year,water_stress,SYA2009_stress_grid_S0011,pareto_balanced,2009-08-28,240,135,130,"{""sim_day"": 135.0, ""doy"": 240.0, ""topwt"": 5028.441162109375, ""grnwt"": 2693.6782836914062, ""xlai"": 0.2019423842430114, ""totir"": 40.0, ""tofer"": NaN, ""swfac"": 0.0, ""nstres"": 0.2172987461090088}",0.0,0.2172987461090088,5028.441162109375,2693.6782836914062,0.2019423842430114,40.0,,0.0,0.0,40.0,0.0,10.22919921875,26.22919921875,Leave_One_experiments/all_year_offline_schedule_search/daily_outputs/SYA/SYA_2009_SYA2009_stress_grid_S0011_daily.csv
SYA,SYA,Shenyang,2009,Leave_One_experiments\wth_generated_qc\SYA\SYA2009.WTH,normal_year;water_stress_year;nitrogen_stress_year,water_stress,SYA2009_stress_grid_S0011,pareto_balanced,2009-08-29,241,136,131,"{""sim_day"": 136.0, ""doy"": 241.0, ""topwt"": 5080.921936035156, ""grnwt"": 2775.9884643554688, ""xlai"": 0.1967982798814773, ""totir"": 40.0, ""tofer"": NaN, ""swfac"": 0.0, ""nstres"": 0.2113503813743591}",0.0,0.2113503813743591,5080.921936035156,2775.9884643554688,0.1967982798814773,40.0,,0.0,0.0,40.0,0.0,10.22919921875,26.22919921875,Leave_One_experiments/all_year_offline_schedule_search/daily_outputs/SYA/SYA_2009_SYA2009_stress_grid_S0011_daily.csv
SYA,SYA,Shenyang,2009,Leave_One_experiments\wth_generated_qc\SYA\SYA2009.WTH,normal_year;water_stress_year;nitrogen_stress_year,water_stress,SYA2009_stress_grid_S0011,pareto_balanced,2009-08-30,242,137,132,"{""sim_day"": 137.0, ""doy"": 242.0, ""topwt"": 5127.5244140625, ""grnwt"": 2858.2992553710938, ""xlai"": 0.1916125863790512, ""totir"": 40.0, ""tofer"": NaN, ""swfac"": 0.0, ""nstres"": 0.2324031591415405}",0.0,0.2324031591415405,5127.5244140625,2858.2992553710938,0.1916125863790512,40.0,,0.0,0.0,40.0,0.0,10.22919921875,26.22919921875,Leave_One_experiments/all_year_offline_schedule_search/daily_outputs/SYA/SYA_2009_SYA2009_stress_grid_S0011_daily.csv
SYA,SYA,Shenyang,2009,Leave_One_experiments\wth_generated_qc\SYA\SYA2009.WTH,normal_year;water_stress_year;nitrogen_stress_year,water_stress,SYA2009_stress_grid_S0011,pareto_balanced,2009-08-31,243,138,133,"{""sim_day"": 138.0, ""doy"": 243.0, ""topwt"": 5171.5704345703125, ""grnwt"": 2940.609436035156, ""xlai"": 0.1864576190710067, ""totir"": 40.0, ""tofer"": NaN, ""swfac"": 0.0, ""nstres"": 0.2456691861152649}",0.0,0.2456691861152649,5171.5704345703125,2940.609436035156,0.1864576190710067,40.0,,0.0,0.0,40.0,0.0,10.22919921875,26.22919921875,Leave_One_experiments/all_year_offline_schedule_search/daily_outputs/SYA/SYA_2009_SYA2009_stress_grid_S0011_daily.csv
SYA,SYA,Shenyang,2009,Leave_One_experiments\wth_generated_qc\SYA\SYA2009.WTH,normal_year;water_stress_year;nitrogen_stress_year,water_stress,SYA2009_stress_grid_S0011,pareto_balanced,2009-09-01,244,139,134,"{""sim_day"": 139.0, ""doy"": 244.0, ""topwt"": 5211.450805664063, ""grnwt"": 3022.919921875, ""xlai"": 0.1814028918743133, ""totir"": 40.0, ""tofer"": NaN, ""swfac"": 0.0, ""nstres"": 0.2506235837936401}",0.0,0.2506235837936401,5211.450805664063,3022.919921875,0.1814028918743133,40.0,,0.0,0.0,40.0,0.0,10.22919921875,26.22919921875,Leave_One_experiments/all_year_offline_schedule_search/daily_outputs/SYA/SYA_2009_SYA2009_stress_grid_S0011_daily.csv
SYA,SYA,Shenyang,2009,Leave_One_experiments\wth_generated_qc\SYA\SYA2009.WTH,normal_year;water_stress_year;nitrogen_stress_year,water_stress,SYA2009_stress_grid_S0011,pareto_balanced,2009-09-02,245,140,135,"{""sim_day"": 140.0, ""doy"": 245.0, ""topwt"": 5211.450805664063, ""grnwt"": 3022.919921875, ""xlai"": 0.1814028918743133, ""totir"": 40.0, ""tofer"": NaN, ""swfac"": 0.0, ""nstres"": 0.2511495947837829}",0.0,0.2511495947837829,5211.450805664063,3022.919921875,0.1814028918743133,40.0,,0.0,0.0,40.0,0.0,10.22919921875,26.22919921875,Leave_One_experiments/all_year_offline_schedule_search/daily_outputs/SYA/SYA_2009_SYA2009_stress_grid_S0011_daily.csv
SYA,SYA,Shenyang,2009,Leave_One_experiments\wth_generated_qc\SYA\SYA2009.WTH,normal_year;water_stress_year;nitrogen_stress_year,water_stress,SYA2009_stress_grid_S0011,pareto_balanced,2009-09-03,246,141,136,"{""sim_day"": 141.0, ""doy"": 246.0, ""topwt"": 5211.450805664063, ""grnwt"": 3022.919921875, ""xlai"": 0.1814028918743133, ""totir"": 40.0, ""tofer"": NaN, ""swfac"": 0.0, ""nstres"": 0.2511495947837829}",0.0,0.2511495947837829,5211.450805664063,3022.919921875,0.1814028918743133,40.0,,0.0,0.0,40.0,0.0,10.22919921875,26.22919921875,Leave_One_experiments/all_year_offline_schedule_search/daily_outputs/SYA/SYA_2009_SYA2009_stress_grid_S0011_daily.csv
SYA,SYA,Shenyang,2009,Leave_One_experiments\wth_generated_qc\SYA\SYA2009.WTH,normal_year;water_stress_year;nitrogen_stress_year,water_stress,SYA2009_stress_grid_S0011,pareto_balanced,2009-09-04,247,142,137,"{""sim_day"": 142.0, ""doy"": 247.0, ""topwt"": 5211.450805664063, ""grnwt"": 3022.919921875, ""xlai"": 0.1814028918743133, ""totir"": 40.0, ""tofer"": NaN, ""swfac"": 0.0, ""nstres"": 0.2511495947837829}",0.0,0.2511495947837829,5211.450805664063,3022.919921875,0.1814028918743133,40.0,,0.0,0.0,40.0,0.0,10.22919921875,26.22919921875,Leave_One_experiments/all_year_offline_schedule_search/daily_outputs/SYA/SYA_2009_SYA2009_stress_grid_S0011_daily.csv
SYA,SYA,Shenyang,2014,Leave_One_experiments\wth_generated_qc\SYA\SYA2014.WTH,normal_year;water_stress_year;nitrogen_stress_year,water_stress,SYA2014_stress_grid_S0006,irrigation_positive_candidate,2014-04-21,111,1,1,"{""sim_day"": 1.0, ""doy"": 111.0, ""topwt"": 0.0, ""grnwt"": 0.0, ""xlai"": 0.0, ""totir"": 0.0, ""tofer"": NaN, ""swfac"": 0.0, ""nstres"": 0.0}",0.0,0.0,0.0,0.0,0.0,0.0,,0.0,0.0,20.0,0.0,18.215054321289063,26.215054321289063,Leave_One_experiments/all_year_offline_schedule_search/daily_outputs/SYA/SYA_2014_SYA2014_stress_grid_S0006_daily.csv
SYA,SYA,Shenyang,2014,Leave_One_experiments\wth_generated_qc\SYA\SYA2014.WTH,normal_year;water_stress_year;nitrogen_stress_year,water_stress,SYA2014_stress_grid_S0006,irrigation_positive_candidate,2014-04-22,112,2,2,"{""sim_day"": 2.0, ""doy"": 112.0, ""topwt"": 0.0, ""grnwt"": 0.0, ""xlai"": 0.0, ""totir"": 0.0, ""tofer"": NaN, ""swfac"": 0.0, ""nstres"": 0.0}",0.0,0.0,0.0,0.0,0.0,0.0,,0.0,0.0,20.0,0.0,18.215054321289063,26.215054321289063,Leave_One_experiments/all_year_offline_schedule_search/daily_outputs/SYA/SYA_2014_SYA2014_stress_grid_S0006_daily.csv
SYA,SYA,Shenyang,2014,Leave_One_experiments\wth_generated_qc\SYA\SYA2014.WTH,normal_year;water_stress_year;nitrogen_stress_year,water_stress,SYA2014_stress_grid_S0006,irrigation_positive_candidate,2014-04-23,113,3,3,"{""sim_day"": 3.0, ""doy"": 113.0, ""topwt"": 0.0, ""grnwt"": 0.0, ""xlai"": 0.0, ""totir"": 0.0, ""tofer"": NaN, ""swfac"": 0.0, ""nstres"": 0.0}",0.0,0.0,0.0,0.0,0.0,0.0,,0.0,0.0,20.0,0.0,18.215054321289063,26.215054321289063,Leave_One_experiments/all_year_offline_schedule_search/daily_outputs/SYA/SYA_2014_SYA2014_stress_grid_S0006_daily.csv
SYA,SYA,Shenyang,2014,Leave_One_experiments\wth_generated_qc\SYA\SYA2014.WTH,normal_year;water_stress_year;nitrogen_stress_year,water_stress,SYA2014_stress_grid_S0006,irrigation_positive_candidate,2014-04-24,114,4,4,"{""sim_day"": 4.0, ""doy"": 114.0, ""topwt"": 0.0, ""grnwt"": 0.0, ""xlai"": 0.0, ""totir"": 0.0, ""tofer"": NaN, ""swfac"": 0.0, ""nstres"": 0.0}",0.0,0.0,0.0,0.0,0.0,0.0,,0.0,0.0,20.0,0.0,18.215054321289063,26.215054321289063,Leave_One_experiments/all_year_offline_schedule_search/daily_outputs/SYA/SYA_2014_SYA2014_stress_grid_S0006_daily.csv
SYA,SYA,Shenyang,2014,Leave_One_experiments\wth_generated_qc\SYA\SYA2014.WTH,normal_year;water_stress_year;nitrogen_stress_year,water_stress,SYA2014_stress_grid_S0006,irrigation_positive_candidate,2014-04-25,115,5,5,"{""sim_day"": 5.0, ""doy"": 115.0, ""topwt"": 0.0, ""grnwt"": 0.0, ""xlai"": 0.0, ""totir"": 0.0, ""tofer"": NaN, ""swfac"": 0.0, ""nstres"": 0.0}",0.0,0.0,0.0,0.0,0.0,0.0,,0.0,0.0,20.0,0.0,18.215054321289063,26.215054321289063,Leave_One_experiments/all_year_offline_schedule_search/daily_outputs/SYA/SYA_2014_SYA2014_stress_grid_S0006_daily.csv
SYA,SYA,Shenyang,2014,Leave_One_experiments\wth_generated_qc\SYA\SYA2014.WTH,normal_year;water_stress_year;nitrogen_stress_year,water_stress,SYA2014_stress_grid_S0006,irrigation_positive_candidate,2014-04-21,111,6,1,"{""sim_day"": 6.0, ""doy"": 111.0, ""topwt"": 0.0, ""grnwt"": 0.0, ""xlai"": 0.0, ""totir"": 0.0, ""tofer"": NaN, ""swfac"": 0.0, ""nstres"": 0.0}",0.0,0.0,0.0,0.0,0.0,0.0,,0.0,0.0,20.0,0.0,18.215054321289063,26.215054321289063,Leave_One_experiments/all_year_offline_schedule_search/daily_outputs/SYA/SYA_2014_SYA2014_stress_grid_S0006_daily.csv
SYA,SYA,Shenyang,2014,Leave_One_experiments\wth_generated_qc\SYA\SYA2014.WTH,normal_year;water_stress_year;nitrogen_stress_year,water_stress,SYA2014_stress_grid_S0006,irrigation_positive_candidate,2014-04-22,112,7,2,"{""sim_day"": 7.0, ""doy"": 112.0, ""topwt"": 0.0, ""grnwt"": 0.0, ""xlai"": 0.0, ""totir"": 0.0, ""tofer"": NaN, ""swfac"": 0.0, ""nstres"": 0.0}",0.0,0.0,0.0,0.0,0.0,0.0,,0.0,0.0,20.0,0.0,18.215054321289063,26.215054321289063,Leave_One_experiments/all_year_offline_schedule_search/daily_outputs/SYA/SYA_2014_SYA2014_stress_grid_S0006_daily.csv
SYA,SYA,Shenyang,2014,Leave_One_experiments\wth_generated_qc\SYA\SYA2014.WTH,normal_year;water_stress_year;nitrogen_stress_year,water_stress,SYA2014_stress_grid_S0006,irrigation_positive_candidate,2014-04-23,113,8,3,"{""sim_day"": 8.0, ""doy"": 113.0, ""topwt"": 0.0, ""grnwt"": 0.0, ""xlai"": 0.0, ""totir"": 0.0, ""tofer"": NaN, ""swfac"": 0.0, ""nstres"": 0.0}",0.0,0.0,0.0,0.0,0.0,0.0,,0.0,0.0,20.0,0.0,18.215054321289063,26.215054321289063,Leave_One_experiments/all_year_offline_schedule_search/daily_outputs/SYA/SYA_2014_SYA2014_stress_grid_S0006_daily.csv
SYA,SYA,Shenyang,2014,Leave_One_experiments\wth_generated_qc\SYA\SYA2014.WTH,normal_year;water_stress_year;nitrogen_stress_year,water_stress,SYA2014_stress_grid_S0006,irrigation_positive_candidate,2014-04-24,114,9,4,"{""sim_day"": 9.0, ""doy"": 114.0, ""topwt"": 0.0, ""grnwt"": 0.0, ""xlai"": 0.0, ""totir"": 0.0, ""tofer"": NaN, ""swfac"": 0.0, ""nstres"": 0.0}",0.0,0.0,0.0,0.0,0.0,0.0,,0.0,0.0,20.0,0.0,18.215054321289063,26.215054321289063,Leave_One_experiments/all_year_offline_schedule_search/daily_outputs/SYA/SYA_2014_SYA2014_stress_grid_S0006_daily.csv
SYA,SYA,Shenyang,2014,Leave_One_experiments\wth_generated_qc\SYA\SYA2014.WTH,normal_year;water_stress_year;nitrogen_stress_year,water_stress,SYA2014_stress_grid_S0006,irrigation_positive_candidate,2014-04-25,115,10,5,"{""sim_day"": 10.0, ""doy"": 115.0, ""topwt"": 0.0, ""grnwt"": 0.0, ""xlai"": 0.0, ""totir"": 0.0, ""tofer"": NaN, ""swfac"": 0.0, ""nstres"": 0.0}",0.0,0.0,0.0,0.0,0.0,0.0,,0.0,0.0,20.0,0.0,18.215054321289063,26.215054321289063,Leave_One_experiments/all_year_offline_schedule_search/daily_outputs/SYA/SYA_2014_SYA2014_stress_grid_S0006_daily.csv
SYA,SYA,Shenyang,2014,Leave_One_experiments\wth_generated_qc\SYA\SYA2014.WTH,normal_year;water_stress_year;nitrogen_stress_year,water_stress,SYA2014_stress_grid_S0006,irrigation_positive_candidate,2014-04-26,116,11,6,"{""sim_day"": 11.0, ""doy"": 116.0, ""topwt"": 0.0, ""grnwt"": 0.0, ""xlai"": 0.0, ""totir"": 0.0, ""tofer"": NaN, ""swfac"": 0.0, ""nstres"": 0.0}",0.0,0.0,0.0,0.0,0.0,0.0,,0.0,0.0,20.0,0.0,18.215054321289063,26.215054321289063,Leave_One_experiments/all_year_offline_schedule_search/daily_outputs/SYA/SYA_2014_SYA2014_stress_grid_S0006_daily.csv
SYA,SYA,Shenyang,2014,Leave_One_experiments\wth_generated_qc\SYA\SYA2014.WTH,normal_year;water_stress_year;nitrogen_stress_year,water_stress,SYA2014_stress_grid_S0006,irrigation_positive_candidate,2014-04-27,117,12,7,"{""sim_day"": 12.0, ""doy"": 117.0, ""topwt"": 0.0, ""grnwt"": 0.0, ""xlai"": 0.0, ""totir"": 0.0, ""tofer"": NaN, ""swfac"": 0.0, ""nstres"": 0.0}",0.0,0.0,0.0,0.0,0.0,0.0,,0.0,0.0,20.0,0.0,18.215054321289063,26.215054321289063,Leave_One_experiments/all_year_offline_schedule_search/daily_outputs/SYA/SYA_2014_SYA2014_stress_grid_S0006_daily.csv
SYA,SYA,Shenyang,2014,Leave_One_experiments\wth_generated_qc\SYA\SYA2014.WTH,normal_year;water_stress_year;nitrogen_stress_year,water_stress,SYA2014_stress_grid_S0006,irrigation_positive_candidate,2014-04-28,118,13,8,"{""sim_day"": 13.0, ""doy"": 118.0, ""topwt"": 0.0, ""grnwt"": 0.0, ""xlai"": 0.0, ""totir"": 0.0, ""tofer"": NaN, ""swfac"": 0.0, ""nstres"": 0.0}",0.0,0.0,0.0,0.0,0.0,0.0,,0.0,0.0,20.0,0.0,18.215054321289063,26.215054321289063,Leave_One_experiments/all_year_offline_schedule_search/daily_outputs/SYA/SYA_2014_SYA2014_stress_grid_S0006_daily.csv
SYA,SYA,Shenyang,2014,Leave_One_experiments\wth_generated_qc\SYA\SYA2014.WTH,normal_year;water_stress_year;nitrogen_stress_year,water_stress,SYA2014_stress_grid_S0006,irrigation_positive_candidate,2014-04-29,119,14,9,"{""sim_day"": 14.0, ""doy"": 119.0, ""topwt"": 17.600001096725464, ""grnwt"": 0.0, ""xlai"": 0.0016475146403536, ""totir"": 0.0, ""tofer"": NaN, ""swfac"": 0.0, ""nstres"": 0.0121910572052001}",0.0,0.0121910572052001,17.600001096725464,0.0,0.0016475146403536,0.0,,0.0,0.0,20.0,0.0,18.215054321289063,26.215054321289063,Leave_One_experiments/all_year_offline_schedule_search/daily_outputs/SYA/SYA_2014_SYA2014_stress_grid_S0006_daily.csv
SYA,SYA,Shenyang,2014,Leave_One_experiments\wth_generated_qc\SYA\SYA2014.WTH,normal_year;water_stress_year;nitrogen_stress_year,water_stress,SYA2014_stress_grid_S0006,irrigation_positive_candidate,2014-04-30,120,15,10,"{""sim_day"": 15.0, ""doy"": 120.0, ""topwt"": 17.600001096725464, ""grnwt"": 0.0, ""xlai"": 0.0033086135517805, ""totir"": 0.0, ""tofer"": NaN, ""swfac"": 0.0, ""nstres"": 0.011216402053833}",0.0,0.011216402053833,17.600001096725464,0.0,0.0033086135517805,0.0,,0.0,0.0,20.0,0.0,18.215054321289063,26.215054321289063,Leave_One_experiments/all_year_offline_schedule_search/daily_outputs/SYA/SYA_2014_SYA2014_stress_grid_S0006_daily.csv
SYA,SYA,Shenyang,2014,Leave_One_experiments\wth_generated_qc\SYA\SYA2014.WTH,normal_year;water_stress_year;nitrogen_stress_year,water_stress,SYA2014_stress_grid_S0006,irrigation_positive_candidate,2014-05-01,121,16,11,"{""sim_day"": 16.0, ""doy"": 121.0, ""topwt"": 17.600001096725464, ""grnwt"": 0.0, ""xlai"": 0.0039977892301976, ""totir"": 0.0, ""tofer"": NaN, ""swfac"": 0.0, ""nstres"": 0.0090978145599365}",0.0,0.0090978145599365,17.600001096725464,0.0,0.0039977892301976,0.0,,0.0,0.0,20.0,0.0,18.215054321289063,26.215054321289063,Leave_One_experiments/all_year_offline_schedule_search/daily_outputs/SYA/SYA_2014_SYA2014_stress_grid_S0006_daily.csv
SYA,SYA,Shenyang,2014,Leave_One_experiments\wth_generated_qc\SYA\SYA2014.WTH,normal_year;water_stress_year;nitrogen_stress_year,water_stress,SYA2014_stress_grid_S0006,irrigation_positive_candidate,2014-05-02,122,17,12,"{""sim_day"": 17.0, ""doy"": 122.0, ""topwt"": 17.600001096725464, ""grnwt"": 0.0, ""xlai"": 0.0038652231451123, ""totir"": 0.0, ""tofer"": NaN, ""swfac"": 0.0, ""nstres"": 0.0069259405136108}",0.0,0.0069259405136108,17.600001096725464,0.0,0.0038652231451123,0.0,,0.0,0.0,20.0,0.0,18.215054321289063,26.215054321289063,Leave_One_experiments/all_year_offline_schedule_search/daily_outputs/SYA/SYA_2014_SYA2014_stress_grid_S0006_daily.csv
SYA,SYA,Shenyang,2014,Leave_One_experiments\wth_generated_qc\SYA\SYA2014.WTH,normal_year;water_stress_year;nitrogen_stress_year,water_stress,SYA2014_stress_grid_S0006,irrigation_positive_candidate,2014-05-03,123,18,13,"{""sim_day"": 18.0, ""doy"": 123.0, ""topwt"": 17.600001096725464, ""grnwt"": 0.0, ""xlai"": 0.0041441414505243, ""totir"": 0.0, ""tofer"": NaN, ""swfac"": 0.0, ""nstres"": 0.006073772907257}",0.0,0.006073772907257,17.600001096725464,0.0,0.0041441414505243,0.0,,0.0,0.0,20.0,0.0,18.215054321289063,26.215054321289063,Leave_One_experiments/all_year_offline_schedule_search/daily_outputs/SYA/SYA_2014_SYA2014_stress_grid_S0006_daily.csv
SYA,SYA,Shenyang,2014,Leave_One_experiments\wth_generated_qc\SYA\SYA2014.WTH,normal_year;water_stress_year;nitrogen_stress_year,water_stress,SYA2014_stress_grid_S0006,irrigation_positive_candidate,2014-05-04,124,19,14,"{""sim_day"": 19.0, ""doy"": 124.0, ""topwt"": 17.600001096725464, ""grnwt"": 0.0, ""xlai"": 0.0036430568434298, ""totir"": 0.0, ""tofer"": NaN, ""swfac"": 0.0, ""nstres"": 0.0052758455276489}",0.0,0.0052758455276489,17.600001096725464,0.0,0.0036430568434298,0.0,,0.0,0.0,20.0,0.0,18.215054321289063,26.215054321289063,Leave_One_experiments/all_year_offline_schedule_search/daily_outputs/SYA/SYA_2014_SYA2014_stress_grid_S0006_daily.csv
SYA,SYA,Shenyang,2014,Leave_One_experiments\wth_generated_qc\SYA\SYA2014.WTH,normal_year;water_stress_year;nitrogen_stress_year,water_stress,SYA2014_stress_grid_S0006,irrigation_positive_candidate,2014-05-05,125,20,15,"{""sim_day"": 20.0, ""doy"": 125.0, ""topwt"": 17.600001096725464, ""grnwt"": 0.0, ""xlai"": 0.0044739358127117, ""totir"": 0.0, ""tofer"": NaN, ""swfac"": 0.0, ""nstres"": 0.0030127763748168}",0.0,0.0030127763748168,17.600001096725464,0.0,0.0044739358127117,0.0,,0.0,0.0,20.0,0.0,18.215054321289063,26.215054321289063,Leave_One_experiments/all_year_offline_schedule_search/daily_outputs/SYA/SYA_2014_SYA2014_stress_grid_S0006_daily.csv
SYA,SYA,Shenyang,2014,Leave_One_experiments\wth_generated_qc\SYA\SYA2014.WTH,normal_year;water_stress_year;nitrogen_stress_year,water_stress,SYA2014_stress_grid_S0006,irrigation_positive_candidate,2014-05-06,126,21,16,"{""sim_day"": 21.0, ""doy"": 126.0, ""topwt"": 17.600001096725464, ""grnwt"": 0.0, ""xlai"": 0.0049450378865003, ""totir"": 0.0, ""tofer"": NaN, ""swfac"": 0.0, ""nstres"": 0.0017459988594055}",0.0,0.0017459988594055,17.600001096725464,0.0,0.0049450378865003,0.0,,0.0,0.0,20.0,0.0,18.215054321289063,26.215054321289063,Leave_One_experiments/all_year_offline_schedule_search/daily_outputs/SYA/SYA_2014_SYA2014_stress_grid_S0006_daily.csv
SYA,SYA,Shenyang,2014,Leave_One_experiments\wth_generated_qc\SYA\SYA2014.WTH,normal_year;water_stress_year;nitrogen_stress_year,water_stress,SYA2014_stress_grid_S0006,irrigation_positive_candidate,2014-05-07,127,22,17,"{""sim_day"": 22.0, ""doy"": 127.0, ""topwt"": 17.600001096725464, ""grnwt"": 0.0, ""xlai"": 0.005541636608541, ""totir"": 0.0, ""tofer"": NaN, ""swfac"": 0.0, ""nstres"": 0.0}",0.0,0.0,17.600001096725464,0.0,0.005541636608541,0.0,,0.0,0.0,20.0,0.0,18.215054321289063,26.215054321289063,Leave_One_experiments/all_year_offline_schedule_search/daily_outputs/SYA/SYA_2014_SYA2014_stress_grid_S0006_daily.csv
SYA,SYA,Shenyang,2014,Leave_One_experiments\wth_generated_qc\SYA\SYA2014.WTH,normal_year;water_stress_year;nitrogen_stress_year,water_stress,SYA2014_stress_grid_S0006,irrigation_positive_candidate,2014-05-08,128,23,18,"{""sim_day"": 23.0, ""doy"": 128.0, ""topwt"": 17.600001096725464, ""grnwt"": 0.0, ""xlai"": 0.0062946868129074, ""totir"": 0.0, ""tofer"": NaN, ""swfac"": 0.0, ""nstres"": 0.0}",0.0,0.0,17.600001096725464,0.0,0.0062946868129074,0.0,,0.0,0.0,20.0,0.0,18.215054321289063,26.215054321289063,Leave_One_experiments/all_year_offline_schedule_search/daily_outputs/SYA/SYA_2014_SYA2014_stress_grid_S0006_daily.csv
SYA,SYA,Shenyang,2014,Leave_One_experiments\wth_generated_qc\SYA\SYA2014.WTH,normal_year;water_stress_year;nitrogen_stress_year,water_stress,SYA2014_stress_grid_S0006,irrigation_positive_candidate,2014-05-09,129,24,19,"{""sim_day"": 24.0, ""doy"": 129.0, ""topwt"": 17.600001096725464, ""grnwt"": 0.0, ""xlai"": 0.0079189762473106, ""totir"": 0.0, ""tofer"": NaN, ""swfac"": 0.0, ""nstres"": 0.0}",0.0,0.0,17.600001096725464,0.0,0.0079189762473106,0.0,,0.0,0.0,20.0,0.0,18.215054321289063,26.215054321289063,Leave_One_experiments/all_year_offline_schedule_search/daily_outputs/SYA/SYA_2014_SYA2014_stress_grid_S0006_daily.csv
SYA,SYA,Shenyang,2014,Leave_One_experiments\wth_generated_qc\SYA\SYA2014.WTH,normal_year;water_stress_year;nitrogen_stress_year,water_stress,SYA2014_stress_grid_S0006,irrigation_positive_candidate,2014-05-10,130,25,20,"{""sim_day"": 25.0, ""doy"": 130.0, ""topwt"": 17.600001096725464, ""grnwt"": 0.0, ""xlai"": 0.0091847507283091, ""totir"": 0.0, ""tofer"": NaN, ""swfac"": 0.0, ""nstres"": 0.0}",0.0,0.0,17.600001096725464,0.0,0.0091847507283091,0.0,,0.0,0.0,20.0,0.0,18.215054321289063,26.215054321289063,Leave_One_experiments/all_year_offline_schedule_search/daily_outputs/SYA/SYA_2014_SYA2014_stress_grid_S0006_daily.csv
SYA,SYA,Shenyang,2014,Leave_One_experiments\wth_generated_qc\SYA\SYA2014.WTH,normal_year;water_stress_year;nitrogen_stress_year,water_stress,SYA2014_stress_grid_S0006,irrigation_positive_candidate,2014-05-11,131,26,21,"{""sim_day"": 26.0, ""doy"": 131.0, ""topwt"": 17.600001096725464, ""grnwt"": 0.0, ""xlai"": 0.0102771874517202, ""totir"": 0.0, ""tofer"": NaN, ""swfac"": 0.0, ""nstres"": 0.0}",0.0,0.0,17.600001096725464,0.0,0.0102771874517202,0.0,,0.0,0.0,20.0,0.0,18.215054321289063,26.215054321289063,Leave_One_experiments/all_year_offline_schedule_search/daily_outputs/SYA/SYA_2014_SYA2014_stress_grid_S0006_daily.csv
SYA,SYA,Shenyang,2014,Leave_One_experiments\wth_generated_qc\SYA\SYA2014.WTH,normal_year;water_stress_year;nitrogen_stress_year,water_stress,SYA2014_stress_grid_S0006,irrigation_positive_candidate,2014-05-12,132,27,22,"{""sim_day"": 27.0, ""doy"": 132.0, ""topwt"": 17.600001096725464, ""grnwt"": 0.0, ""xlai"": 0.0157891605049371, ""totir"": 0.0, ""tofer"": NaN, ""swfac"": 0.0, ""nstres"": 0.0}",0.0,0.0,17.600001096725464,0.0,0.0157891605049371,0.0,,0.0,0.0,20.0,0.0,18.215054321289063,26.215054321289063,Leave_One_experiments/all_year_offline_schedule_search/daily_outputs/SYA/SYA_2014_SYA2014_stress_grid_S0006_daily.csv
SYA,SYA,Shenyang,2014,Leave_One_experiments\wth_generated_qc\SYA\SYA2014.WTH,normal_year;water_stress_year;nitrogen_stress_year,water_stress,SYA2014_stress_grid_S0006,irrigation_positive_candidate,2014-05-13,133,28,23,"{""sim_day"": 28.0, ""doy"": 133.0, ""topwt"": 17.600001096725464, ""grnwt"": 0.0, ""xlai"": 0.0214244481176137, ""totir"": 0.0, ""tofer"": NaN, ""swfac"": 0.0, ""nstres"": 0.0}",0.0,0.0,17.600001096725464,0.0,0.0214244481176137,0.0,,0.0,0.0,20.0,0.0,18.215054321289063,26.215054321289063,Leave_One_experiments/all_year_offline_schedule_search/daily_outputs/SYA/SYA_2014_SYA2014_stress_grid_S0006_daily.csv
SYA,SYA,Shenyang,2014,Leave_One_experiments\wth_generated_qc\SYA\SYA2014.WTH,normal_year;water_stress_year;nitrogen_stress_year,water_stress,SYA2014_stress_grid_S0006,irrigation_positive_candidate,2014-05-14,134,29,24,"{""sim_day"": 29.0, ""doy"": 134.0, ""topwt"": 17.600001096725464, ""grnwt"": 0.0, ""xlai"": 0.0274727288633584, ""totir"": 0.0, ""tofer"": NaN, ""swfac"": 0.0, ""nstres"": 0.0}",0.0,0.0,17.600001096725464,0.0,0.0274727288633584,0.0,,0.0,0.0,20.0,0.0,18.215054321289063,26.215054321289063,Leave_One_experiments/all_year_offline_schedule_search/daily_outputs/SYA/SYA_2014_SYA2014_stress_grid_S0006_daily.csv
SYA,SYA,Shenyang,2014,Leave_One_experiments\wth_generated_qc\SYA\SYA2014.WTH,normal_year;water_stress_year;nitrogen_stress_year,water_stress,SYA2014_stress_grid_S0006,irrigation_positive_candidate,2014-05-15,135,30,25,"{""sim_day"": 30.0, ""doy"": 135.0, ""topwt"": 19.885908365249637, ""grnwt"": 0.0, ""xlai"": 0.0347016640007495, ""totir"": 0.0, ""tofer"": NaN, ""swfac"": 0.0, ""nstres"": 0.0}",0.0,0.0,19.885908365249637,0.0,0.0347016640007495,0.0,,0.0,0.0,20.0,0.0,18.215054321289063,26.215054321289063,Leave_One_experiments/all_year_offline_schedule_search/daily_outputs/SYA/SYA_2014_SYA2014_stress_grid_S0006_daily.csv
SYA,SYA,Shenyang,2014,Leave_One_experiments\wth_generated_qc\SYA\SYA2014.WTH,normal_year;water_stress_year;nitrogen_stress_year,water_stress,SYA2014_stress_grid_S0006,irrigation_positive_candidate,2014-05-16,136,31,26,"{""sim_day"": 31.0, ""doy"": 136.0, ""topwt"": 23.027117252349854, ""grnwt"": 0.0, ""xlai"": 0.0428221970796585, ""totir"": 0.0, ""tofer"": NaN, ""swfac"": 0.0, ""nstres"": 0.0}",0.0,0.0,23.027117252349854,0.0,0.0428221970796585,0.0,,0.0,0.0,20.0,0.0,18.215054321289063,26.215054321289063,Leave_One_experiments/all_year_offline_schedule_search/daily_outputs/SYA/SYA_2014_SYA2014_stress_grid_S0006_daily.csv
SYA,SYA,Shenyang,2014,Leave_One_experiments\wth_generated_qc\SYA\SYA2014.WTH,normal_year;water_stress_year;nitrogen_stress_year,water_stress,SYA2014_stress_grid_S0006,irrigation_positive_candidate,2014-05-17,137,32,27,"{""sim_day"": 32.0, ""doy"": 137.0, ""topwt"": 27.610929012298584, ""grnwt"": 0.0, ""xlai"": 0.0540625713765621, ""totir"": 0.0, ""tofer"": NaN, ""swfac"": 0.0, ""nstres"": 0.0}",0.0,0.0,27.610929012298584,0.0,0.0540625713765621,0.0,,0.0,0.0,20.0,0.0,18.215054321289063,26.215054321289063,Leave_One_experiments/all_year_offline_schedule_search/daily_outputs/SYA/SYA_2014_SYA2014_stress_grid_S0006_daily.csv
SYA,SYA,Shenyang,2014,Leave_One_experiments\wth_generated_qc\SYA\SYA2014.WTH,normal_year;water_stress_year;nitrogen_stress_year,water_stress,SYA2014_stress_grid_S0006,irrigation_positive_candidate,2014-05-18,138,33,28,"{""sim_day"": 33.0, ""doy"": 138.0, ""topwt"": 31.51092767715454, ""grnwt"": 0.0, ""xlai"": 0.0631982013583183, ""totir"": 0.0, ""tofer"": NaN, ""swfac"": 0.0, ""nstres"": 0.0}",0.0,0.0,31.51092767715454,0.0,0.0631982013583183,0.0,,0.0,0.0,20.0,0.0,18.215054321289063,26.215054321289063,Leave_One_experiments/all_year_offline_schedule_search/daily_outputs/SYA/SYA_2014_SYA2014_stress_grid_S0006_daily.csv
SYA,SYA,Shenyang,2014,Leave_One_experiments\wth_generated_qc\SYA\SYA2014.WTH,normal_year;water_stress_year;nitrogen_stress_year,water_stress,SYA2014_stress_grid_S0006,irrigation_positive_candidate,2014-05-19,139,34,29,"{""sim_day"": 34.0, ""doy"": 139.0, ""topwt"": 34.951012134552, ""grnwt"": 0.0, ""xlai"": 0.0709991976618766, ""totir"": 0.0, ""tofer"": NaN, ""swfac"": 0.0, ""nstres"": 0.0}",0.0,0.0,34.951012134552,0.0,0.0709991976618766,0.0,,0.0,0.0,20.0,0.0,18.215054321289063,26.215054321289063,Leave_One_experiments/all_year_offline_schedule_search/daily_outputs/SYA/SYA_2014_SYA2014_stress_grid_S0006_daily.csv
SYA,SYA,Shenyang,2014,Leave_One_experiments\wth_generated_qc\SYA\SYA2014.WTH,normal_year;water_stress_year;nitrogen_stress_year,water_stress,SYA2014_stress_grid_S0006,irrigation_positive_candidate,2014-05-20,140,35,30,"{""sim_day"": 35.0, ""doy"": 140.0, ""topwt"": 41.68410778045654, ""grnwt"": 0.0, ""xlai"": 0.0857087522745132, ""totir"": 0.0, ""tofer"": NaN, ""swfac"": 0.0, ""nstres"": 0.0}",0.0,0.0,41.68410778045654,0.0,0.0857087522745132,0.0,,0.0,0.0,20.0,0.0,18.215054321289063,26.215054321289063,Leave_One_experiments/all_year_offline_schedule_search/daily_outputs/SYA/SYA_2014_SYA2014_stress_grid_S0006_daily.csv
SYA,SYA,Shenyang,2014,Leave_One_experiments\wth_generated_qc\SYA\SYA2014.WTH,normal_year;water_stress_year;nitrogen_stress_year,water_stress,SYA2014_stress_grid_S0006,irrigation_positive_candidate,2014-05-21,141,36,31,"{""sim_day"": 36.0, ""doy"": 141.0, ""topwt"": 48.12039375305176, ""grnwt"": 0.0, ""xlai"": 0.0991579592227935, ""totir"": 0.0, ""tofer"": NaN, ""swfac"": 0.0, ""nstres"": 0.0}",0.0,0.0,48.12039375305176,0.0,0.0991579592227935,0.0,,0.0,0.0,20.0,0.0,18.215054321289063,26.215054321289063,Leave_One_experiments/all_year_offline_schedule_search/daily_outputs/SYA/SYA_2014_SYA2014_stress_grid_S0006_daily.csv
SYA,SYA,Shenyang,2014,Leave_One_experiments\wth_generated_qc\SYA\SYA2014.WTH,normal_year;water_stress_year;nitrogen_stress_year,water_stress,SYA2014_stress_grid_S0006,irrigation_positive_candidate,2014-05-22,142,37,32,"{""sim_day"": 37.0, ""doy"": 142.0, ""topwt"": 57.80069828033447, ""grnwt"": 0.0, ""xlai"": 0.1180611327290535, ""totir"": 0.0, ""tofer"": NaN, ""swfac"": 0.0, ""nstres"": 0.0}",0.0,0.0,57.80069828033447,0.0,0.1180611327290535,0.0,,0.0,0.0,20.0,0.0,18.215054321289063,26.215054321289063,Leave_One_experiments/all_year_offline_schedule_search/daily_outputs/SYA/SYA_2014_SYA2014_stress_grid_S0006_daily.csv
SYA,SYA,Shenyang,2014,Leave_One_experiments\wth_generated_qc\SYA\SYA2014.WTH,normal_year;water_stress_year;nitrogen_stress_year,water_stress,SYA2014_stress_grid_S0006,irrigation_positive_candidate,2014-05-23,143,38,33,"{""sim_day"": 38.0, ""doy"": 143.0, ""topwt"": 66.08765602111816, ""grnwt"": 0.0, ""xlai"": 0.1336204558610916, ""totir"": 0.0, ""tofer"": NaN, ""swfac"": 0.0, ""nstres"": 0.0}",0.0,0.0,66.08765602111816,0.0,0.1336204558610916,0.0,,0.0,0.0,20.0,0.0,18.215054321289063,26.215054321289063,Leave_One_experiments/all_year_offline_schedule_search/daily_outputs/SYA/SYA_2014_SYA2014_stress_grid_S0006_daily.csv
SYA,SYA,Shenyang,2014,Leave_One_experiments\wth_generated_qc\SYA\SYA2014.WTH,normal_year;water_stress_year;nitrogen_stress_year,water_stress,SYA2014_stress_grid_S0006,irrigation_positive_candidate,2014-05-24,144,39,34,"{""sim_day"": 39.0, ""doy"": 144.0, ""topwt"": 68.71368408203125, ""grnwt"": 0.0, ""xlai"": 0.1478790789842605, ""totir"": 0.0, ""tofer"": NaN, ""swfac"": 0.0, ""nstres"": 0.0}",0.0,0.0,68.71368408203125,0.0,0.1478790789842605,0.0,,0.0,0.0,20.0,0.0,18.215054321289063,26.215054321289063,Leave_One_experiments/all_year_offline_schedule_search/daily_outputs/SYA/SYA_2014_SYA2014_stress_grid_S0006_daily.csv
SYA,SYA,Shenyang,2014,Leave_One_experiments\wth_generated_qc\SYA\SYA2014.WTH,normal_year;water_stress_year;nitrogen_stress_year,water_stress,SYA2014_stress_grid_S0006,irrigation_positive_candidate,2014-05-25,145,40,35,"{""sim_day"": 40.0, ""doy"": 145.0, ""topwt"": 79.40152645111084, ""grnwt"": 0.0, ""xlai"": 0.1684149354696273, ""totir"": 20.0, ""tofer"": NaN, ""swfac"": 0.0, ""nstres"": 0.0017453432083129}",0.0,0.0017453432083129,79.40152645111084,0.0,0.1684149354696273,20.0,,20.0,0.0,20.0,0.0,18.215054321289063,26.215054321289063,Leave_One_experiments/all_year_offline_schedule_search/daily_outputs/SYA/SYA_2014_SYA2014_stress_grid_S0006_daily.csv
SYA,SYA,Shenyang,2014,Leave_One_experiments\wth_generated_qc\SYA\SYA2014.WTH,normal_year;water_stress_year;nitrogen_stress_year,water_stress,SYA2014_stress_grid_S0006,irrigation_positive_candidate,2014-05-26,146,41,36,"{""sim_day"": 41.0, ""doy"": 146.0, ""topwt"": 91.08183860778809, ""grnwt"": 0.0, ""xlai"": 0.1900964379310608, ""totir"": 20.0, ""tofer"": NaN, ""swfac"": 0.0, ""nstres"": 0.0}",0.0,0.0,91.08183860778809,0.0,0.1900964379310608,20.0,,0.0,0.0,20.0,0.0,18.215054321289063,26.215054321289063,Leave_One_experiments/all_year_offline_schedule_search/daily_outputs/SYA/SYA_2014_SYA2014_stress_grid_S0006_daily.csv
SYA,SYA,Shenyang,2014,Leave_One_experiments\wth_generated_qc\SYA\SYA2014.WTH,normal_year;water_stress_year;nitrogen_stress_year,water_stress,SYA2014_stress_grid_S0006,irrigation_positive_candidate,2014-05-27,147,42,37,"{""sim_day"": 42.0, ""doy"": 147.0, ""topwt"": 106.28582954406738, ""grnwt"": 0.0, ""xlai"": 0.2173834592103958, ""totir"": 20.0, ""tofer"": NaN, ""swfac"": 0.0, ""nstres"": 0.0011134147644042}",0.0,0.0011134147644042,106.28582954406738,0.0,0.2173834592103958,20.0,,0.0,0.0,20.0,0.0,18.215054321289063,26.215054321289063,Leave_One_experiments/all_year_offline_schedule_search/daily_outputs/SYA/SYA_2014_SYA2014_stress_grid_S0006_daily.csv
SYA,SYA,Shenyang,2014,Leave_One_experiments\wth_generated_qc\SYA\SYA2014.WTH,normal_year;water_stress_year;nitrogen_stress_year,water_stress,SYA2014_stress_grid_S0006,irrigation_positive_candidate,2014-05-28,148,43,38,"{""sim_day"": 43.0, ""doy"": 148.0, ""topwt"": 126.5687370300293, ""grnwt"": 0.0, ""xlai"": 0.2524389922618866, ""totir"": 20.0, ""tofer"": NaN, ""swfac"": 0.0, ""nstres"": 0.0058386325836181}",0.0,0.0058386325836181,126.5687370300293,0.0,0.2524389922618866,20.0,,0.0,0.0,20.0,0.0,18.215054321289063,26.215054321289063,Leave_One_experiments/all_year_offline_schedule_search/daily_outputs/SYA/SYA_2014_SYA2014_stress_grid_S0006_daily.csv
SYA,SYA,Shenyang,2014,Leave_One_experiments\wth_generated_qc\SYA\SYA2014.WTH,normal_year;water_stress_year;nitrogen_stress_year,water_stress,SYA2014_stress_grid_S0006,irrigation_positive_candidate,2014-05-29,149,44,39,"{""sim_day"": 44.0, ""doy"": 149.0, ""topwt"": 152.1516990661621, ""grnwt"": 0.0, ""xlai"": 0.2949016392230987, ""totir"": 20.0, ""tofer"": NaN, ""swfac"": 0.0, ""nstres"": 0.0118306279182434}",0.0,0.0118306279182434,152.1516990661621,0.0,0.2949016392230987,20.0,,0.0,0.0,20.0,0.0,18.215054321289063,26.215054321289063,Leave_One_experiments/all_year_offline_schedule_search/daily_outputs/SYA/SYA_2014_SYA2014_stress_grid_S0006_daily.csv
SYA,SYA,Shenyang,2014,Leave_One_experiments\wth_generated_qc\SYA\SYA2014.WTH,normal_year;water_stress_year;nitrogen_stress_year,water_stress,SYA2014_stress_grid_S0006,irrigation_positive_candidate,2014-05-30,150,45,40,"{""sim_day"": 45.0, ""doy"": 150.0, ""topwt"": 186.42595291137692, ""grnwt"": 0.0, ""xlai"": 0.3493668138980865, ""totir"": 20.0, ""tofer"": NaN, ""swfac"": 0.0, ""nstres"": 0.0}",0.0,0.0,186.42595291137692,0.0,0.3493668138980865,20.0,,0.0,0.0,20.0,0.0,18.215054321289063,26.215054321289063,Leave_One_experiments/all_year_offline_schedule_search/daily_outputs/SYA/SYA_2014_SYA2014_stress_grid_S0006_daily.csv
SYA,SYA,Shenyang,2014,Leave_One_experiments\wth_generated_qc\SYA\SYA2014.WTH,normal_year;water_stress_year;nitrogen_stress_year,water_stress,SYA2014_stress_grid_S0006,irrigation_positive_candidate,2014-05-31,151,46,41,"{""sim_day"": 46.0, ""doy"": 151.0, ""topwt"": 219.95912551879883, ""grnwt"": 0.0, ""xlai"": 0.4004780948162079, ""totir"": 20.0, ""tofer"": NaN, ""swfac"": 0.0, ""nstres"": 0.0126993656158447}",0.0,0.0126993656158447,219.95912551879883,0.0,0.4004780948162079,20.0,,0.0,0.0,20.0,0.0,18.215054321289063,26.215054321289063,Leave_One_experiments/all_year_offline_schedule_search/daily_outputs/SYA/SYA_2014_SYA2014_stress_grid_S0006_daily.csv
SYA,SYA,Shenyang,2014,Leave_One_experiments\wth_generated_qc\SYA\SYA2014.WTH,normal_year;water_stress_year;nitrogen_stress_year,water_stress,SYA2014_stress_grid_S0006,irrigation_positive_candidate,2014-06-01,152,47,42,"{""sim_day"": 47.0, ""doy"": 152.0, ""topwt"": 248.86211395263672, ""grnwt"": 0.0, ""xlai"": 0.4430878758430481, ""totir"": 20.0, ""tofer"": NaN, ""swfac"": 0.0, ""nstres"": 0.042290449142456}",0.0,0.042290449142456,248.86211395263672,0.0,0.4430878758430481,20.0,,0.0,0.0,20.0,0.0,18.215054321289063,26.215054321289063,Leave_One_experiments/all_year_offline_schedule_search/daily_outputs/SYA/SYA_2014_SYA2014_stress_grid_S0006_daily.csv
SYA,SYA,Shenyang,2014,Leave_One_experiments\wth_generated_qc\SYA\SYA2014.WTH,normal_year;water_stress_year;nitrogen_stress_year,water_stress,SYA2014_stress_grid_S0006,irrigation_positive_candidate,2014-06-02,153,48,43,"{""sim_day"": 48.0, ""doy"": 153.0, ""topwt"": 280.08514404296875, ""grnwt"": 0.0, ""xlai"": 0.4867257177829742, ""totir"": 20.0, ""tofer"": NaN, ""swfac"": 0.0, ""nstres"": 0.0625548362731933}",0.0,0.0625548362731933,280.08514404296875,0.0,0.4867257177829742,20.0,,0.0,0.0,20.0,0.0,18.215054321289063,26.215054321289063,Leave_One_experiments/all_year_offline_schedule_search/daily_outputs/SYA/SYA_2014_SYA2014_stress_grid_S0006_daily.csv
SYA,SYA,Shenyang,2014,Leave_One_experiments\wth_generated_qc\SYA\SYA2014.WTH,normal_year;water_stress_year;nitrogen_stress_year,water_stress,SYA2014_stress_grid_S0006,irrigation_positive_candidate,2014-06-03,154,49,44,"{""sim_day"": 49.0, ""doy"": 154.0, ""topwt"": 315.27130126953125, ""grnwt"": 0.0, ""xlai"": 0.5282298922538757, ""totir"": 20.0, ""tofer"": NaN, ""swfac"": 0.0, ""nstres"": 0.0748027563095092}",0.0,0.0748027563095092,315.27130126953125,0.0,0.5282298922538757,20.0,,0.0,0.0,20.0,0.0,18.215054321289063,26.215054321289063,Leave_One_experiments/all_year_offline_schedule_search/daily_outputs/SYA/SYA_2014_SYA2014_stress_grid_S0006_daily.csv
SYA,SYA,Shenyang,2014,Leave_One_experiments\wth_generated_qc\SYA\SYA2014.WTH,normal_year;water_stress_year;nitrogen_stress_year,water_stress,SYA2014_stress_grid_S0006,irrigation_positive_candidate,2014-06-04,155,50,45,"{""sim_day"": 50.0, ""doy"": 155.0, ""topwt"": 353.2901382446289, ""grnwt"": 0.0, ""xlai"": 0.5755388140678406, ""totir"": 20.0, ""tofer"": NaN, ""swfac"": 0.0, ""nstres"": 0.0908891558647155}",0.0,0.0908891558647155,353.2901382446289,0.0,0.5755388140678406,20.0,,0.0,0.0,20.0,0.0,18.215054321289063,26.215054321289063,Leave_One_experiments/all_year_offline_schedule_search/daily_outputs/SYA/SYA_2014_SYA2014_stress_grid_S0006_daily.csv
SYA,SYA,Shenyang,2014,Leave_One_experiments\wth_generated_qc\SYA\SYA2014.WTH,normal_year;water_stress_year;nitrogen_stress_year,water_stress,SYA2014_stress_grid_S0006,irrigation_positive_candidate,2014-06-05,156,51,46,"{""sim_day"": 51.0, ""doy"": 156.0, ""topwt"": 385.5921173095703, ""grnwt"": 0.0, ""xlai"": 0.611416757106781, ""totir"": 20.0, ""tofer"": NaN, ""swfac"": 0.0, ""nstres"": 0.110639214515686}",0.0,0.110639214515686,385.5921173095703,0.0,0.611416757106781,20.0,,0.0,0.0,20.0,0.0,18.215054321289063,26.215054321289063,Leave_One_experiments/all_year_offline_schedule_search/daily_outputs/SYA/SYA_2014_SYA2014_stress_grid_S0006_daily.csv
SYA,SYA,Shenyang,2014,Leave_One_experiments\wth_generated_qc\SYA\SYA2014.WTH,normal_year;water_stress_year;nitrogen_stress_year,water_stress,SYA2014_stress_grid_S0006,irrigation_positive_candidate,2014-06-06,157,52,47,"{""sim_day"": 52.0, ""doy"": 157.0, ""topwt"": 412.4652099609375, ""grnwt"": 0.0, ""xlai"": 0.6372397541999817, ""totir"": 20.0, ""tofer"": NaN, ""swfac"": 0.0, ""nstres"": 0.1261405348777771}",0.0,0.1261405348777771,412.4652099609375,0.0,0.6372397541999817,20.0,,0.0,0.0,20.0,0.0,18.215054321289063,26.215054321289063,Leave_One_experiments/all_year_offline_schedule_search/daily_outputs/SYA/SYA_2014_SYA2014_stress_grid_S0006_daily.csv
SYA,SYA,Shenyang,2014,Leave_One_experiments\wth_generated_qc\SYA\SYA2014.WTH,normal_year;water_stress_year;nitrogen_stress_year,water_stress,SYA2014_stress_grid_S0006,irrigation_positive_candidate,2014-06-07,158,53,48,"{""sim_day"": 53.0, ""doy"": 158.0, ""topwt"": 440.6227493286133, ""grnwt"": 0.0, ""xlai"": 0.6634857654571533, ""totir"": 20.0, ""tofer"": NaN, ""swfac"": 0.0, ""nstres"": 0.1252788305282592}",0.0,0.1252788305282592,440.6227493286133,0.0,0.6634857654571533,20.0,,0.0,0.0,20.0,0.0,18.215054321289063,26.215054321289063,Leave_One_experiments/all_year_offline_schedule_search/daily_outputs/SYA/SYA_2014_SYA2014_stress_grid_S0006_daily.csv
SYA,SYA,Shenyang,2014,Leave_One_experiments\wth_generated_qc\SYA\SYA2014.WTH,normal_year;water_stress_year;nitrogen_stress_year,water_stress,SYA2014_stress_grid_S0006,irrigation_positive_candidate,2014-06-08,159,54,49,"{""sim_day"": 54.0, ""doy"": 159.0, ""topwt"": 476.82247161865234, ""grnwt"": 0.0, ""xlai"": 0.6984351277351379, ""totir"": 20.0, ""tofer"": NaN, ""swfac"": 0.0, ""nstres"": 0.1241201162338256}",0.0,0.1241201162338256,476.82247161865234,0.0,0.6984351277351379,20.0,,0.0,0.0,20.0,0.0,18.215054321289063,26.215054321289063,Leave_One_experiments/all_year_offline_schedule_search/daily_outputs/SYA/SYA_2014_SYA2014_stress_grid_S0006_daily.csv
SYA,SYA,Shenyang,2014,Leave_One_experiments\wth_generated_qc\SYA\SYA2014.WTH,normal_year;water_stress_year;nitrogen_stress_year,water_stress,SYA2014_stress_grid_S0006,irrigation_positive_candidate,2014-06-09,160,55,50,"{""sim_day"": 55.0, ""doy"": 160.0, ""topwt"": 514.5232391357422, ""grnwt"": 0.0, ""xlai"": 0.7327367067337036, ""totir"": 20.0, ""tofer"": NaN, ""swfac"": 0.0, ""nstres"": 0.1292799711227417}",0.0,0.1292799711227417,514.5232391357422,0.0,0.7327367067337036,20.0,,0.0,0.0,20.0,0.0,18.215054321289063,26.215054321289063,Leave_One_experiments/all_year_offline_schedule_search/daily_outputs/SYA/SYA_2014_SYA2014_stress_grid_S0006_daily.csv
SYA,SYA,Shenyang,2014,Leave_One_experiments\wth_generated_qc\SYA\SYA2014.WTH,normal_year;water_stress_year;nitrogen_stress_year,water_stress,SYA2014_stress_grid_S0006,irrigation_positive_candidate,2014-06-10,161,56,51,"{""sim_day"": 56.0, ""doy"": 161.0, ""topwt"": 547.0639419555664, ""grnwt"": 0.0, ""xlai"": 0.7572876214981079, ""totir"": 20.0, ""tofer"": NaN, ""swfac"": 0.0, ""nstres"": 0.1476842164993286}",0.0,0.1476842164993286,547.0639419555664,0.0,0.7572876214981079,20.0,,0.0,0.0,20.0,0.0,18.215054321289063,26.215054321289063,Leave_One_experiments/all_year_offline_schedule_search/daily_outputs/SYA/SYA_2014_SYA2014_stress_grid_S0006_daily.csv
SYA,SYA,Shenyang,2014,Leave_One_experiments\wth_generated_qc\SYA\SYA2014.WTH,normal_year;water_stress_year;nitrogen_stress_year,water_stress,SYA2014_stress_grid_S0006,irrigation_positive_candidate,2014-06-11,162,57,52,"{""sim_day"": 57.0, ""doy"": 162.0, ""topwt"": 582.5600051879883, ""grnwt"": 0.0, ""xlai"": 0.7819011807441711, ""totir"": 20.0, ""tofer"": NaN, ""swfac"": 0.0, ""nstres"": 0.1636441946029663}",0.0,0.1636441946029663,582.5600051879883,0.0,0.7819011807441711,20.0,,0.0,0.0,20.0,0.0,18.215054321289063,26.215054321289063,Leave_One_experiments/all_year_offline_schedule_search/daily_outputs/SYA/SYA_2014_SYA2014_stress_grid_S0006_daily.csv
SYA,SYA,Shenyang,2014,Leave_One_experiments\wth_generated_qc\SYA\SYA2014.WTH,normal_year;water_stress_year;nitrogen_stress_year,water_stress,SYA2014_stress_grid_S0006,irrigation_positive_candidate,2014-06-12,163,58,53,"{""sim_day"": 58.0, ""doy"": 163.0, ""topwt"": 619.4415283203125, ""grnwt"": 0.0, ""xlai"": 0.805033802986145, ""totir"": 20.0, ""tofer"": NaN, ""swfac"": 0.0, ""nstres"": 0.1740925312042236}",0.0,0.1740925312042236,619.4415283203125,0.0,0.805033802986145,20.0,,0.0,0.0,20.0,0.0,18.215054321289063,26.215054321289063,Leave_One_experiments/all_year_offline_schedule_search/daily_outputs/SYA/SYA_2014_SYA2014_stress_grid_S0006_daily.csv
SYA,SYA,Shenyang,2014,Leave_One_experiments\wth_generated_qc\SYA\SYA2014.WTH,normal_year;water_stress_year;nitrogen_stress_year,water_stress,SYA2014_stress_grid_S0006,irrigation_positive_candidate,2014-06-13,164,59,54,"{""sim_day"": 59.0, ""doy"": 164.0, ""topwt"": 658.3901214599609, ""grnwt"": 0.0, ""xlai"": 0.8271936178207397, ""totir"": 20.0, ""tofer"": NaN, ""swfac"": 0.0, ""nstres"": 0.1844440698623657}",0.0,0.1844440698623657,658.3901214599609,0.0,0.8271936178207397,20.0,,0.0,0.0,20.0,0.0,18.215054321289063,26.215054321289063,Leave_One_experiments/all_year_offline_schedule_search/daily_outputs/SYA/SYA_2014_SYA2014_stress_grid_S0006_daily.csv
SYA,SYA,Shenyang,2014,Leave_One_experiments\wth_generated_qc\SYA\SYA2014.WTH,normal_year;water_stress_year;nitrogen_stress_year,water_stress,SYA2014_stress_grid_S0006,irrigation_positive_candidate,2014-06-14,165,60,55,"{""sim_day"": 60.0, ""doy"": 165.0, ""topwt"": 705.2005767822266, ""grnwt"": 0.0, ""xlai"": 0.8538505434989929, ""totir"": 20.0, ""tofer"": NaN, ""swfac"": 0.0, ""nstres"": 0.1931432485580444}",0.0,0.1931432485580444,705.2005767822266,0.0,0.8538505434989929,20.0,,0.0,0.0,20.0,0.0,18.215054321289063,26.215054321289063,Leave_One_experiments/all_year_offline_schedule_search/daily_outputs/SYA/SYA_2014_SYA2014_stress_grid_S0006_daily.csv
SYA,SYA,Shenyang,2014,Leave_One_experiments\wth_generated_qc\SYA\SYA2014.WTH,normal_year;water_stress_year;nitrogen_stress_year,water_stress,SYA2014_stress_grid_S0006,irrigation_positive_candidate,2014-06-15,166,61,56,"{""sim_day"": 61.0, ""doy"": 166.0, ""topwt"": 750.4453277587891, ""grnwt"": 0.0, ""xlai"": 0.8753015398979187, ""totir"": 20.0, ""tofer"": NaN, ""swfac"": 0.0, ""nstres"": 0.2032527327537536}",0.0,0.2032527327537536,750.4453277587891,0.0,0.8753015398979187,20.0,,0.0,0.0,20.0,0.0,18.215054321289063,26.215054321289063,Leave_One_experiments/all_year_offline_schedule_search/daily_outputs/SYA/SYA_2014_SYA2014_stress_grid_S0006_daily.csv
SYA,SYA,Shenyang,2014,Leave_One_experiments\wth_generated_qc\SYA\SYA2014.WTH,normal_year;water_stress_year;nitrogen_stress_year,water_stress,SYA2014_stress_grid_S0006,irrigation_positive_candidate,2014-06-16,167,62,57,"{""sim_day"": 62.0, ""doy"": 167.0, ""topwt"": 790.8440399169922, ""grnwt"": 0.0, ""xlai"": 0.8888617753982544, ""totir"": 20.0, ""tofer"": NaN, ""swfac"": 0.0, ""nstres"": 0.2319632768630981}",0.0,0.2319632768630981,790.8440399169922,0.0,0.8888617753982544,20.0,,0.0,0.0,20.0,0.0,18.215054321289063,26.215054321289063,Leave_One_experiments/all_year_offline_schedule_search/daily_outputs/SYA/SYA_2014_SYA2014_stress_grid_S0006_daily.csv
SYA,SYA,Shenyang,2014,Leave_One_experiments\wth_generated_qc\SYA\SYA2014.WTH,normal_year;water_stress_year;nitrogen_stress_year,water_stress,SYA2014_stress_grid_S0006,irrigation_positive_candidate,2014-06-17,168,63,58,"{""sim_day"": 63.0, ""doy"": 168.0, ""topwt"": 824.718017578125, ""grnwt"": 0.0, ""xlai"": 0.894164502620697, ""totir"": 20.0, ""tofer"": NaN, ""swfac"": 0.0, ""nstres"": 0.2538164258003235}",0.0,0.2538164258003235,824.718017578125,0.0,0.894164502620697,20.0,,0.0,0.0,20.0,0.0,18.215054321289063,26.215054321289063,Leave_One_experiments/all_year_offline_schedule_search/daily_outputs/SYA/SYA_2014_SYA2014_stress_grid_S0006_daily.csv
SYA,SYA,Shenyang,2014,Leave_One_experiments\wth_generated_qc\SYA\SYA2014.WTH,normal_year;water_stress_year;nitrogen_stress_year,water_stress,SYA2014_stress_grid_S0006,irrigation_positive_candidate,2014-06-18,169,64,59,"{""sim_day"": 64.0, ""doy"": 169.0, ""topwt"": 862.4299621582031, ""grnwt"": 0.0, ""xlai"": 0.9008775949478148, ""totir"": 20.0, ""tofer"": NaN, ""swfac"": 0.0, ""nstres"": 0.2661780714988708}",0.0,0.2661780714988708,862.4299621582031,0.0,0.9008775949478148,20.0,,0.0,0.0,20.0,0.0,18.215054321289063,26.215054321289063,Leave_One_experiments/all_year_offline_schedule_search/daily_outputs/SYA/SYA_2014_SYA2014_stress_grid_S0006_daily.csv
SYA,SYA,Shenyang,2014,Leave_One_experiments\wth_generated_qc\SYA\SYA2014.WTH,normal_year;water_stress_year;nitrogen_stress_year,water_stress,SYA2014_stress_grid_S0006,irrigation_positive_candidate,2014-06-19,170,65,60,"{""sim_day"": 65.0, ""doy"": 170.0, ""topwt"": 902.1832275390624, ""grnwt"": 0.0, ""xlai"": 0.9073448181152344, ""totir"": 20.0, ""tofer"": NaN, ""swfac"": 0.0, ""nstres"": 0.2757810354232788}",0.0,0.2757810354232788,902.1832275390624,0.0,0.9073448181152344,20.0,,0.0,0.0,20.0,0.0,18.215054321289063,26.215054321289063,Leave_One_experiments/all_year_offline_schedule_search/daily_outputs/SYA/SYA_2014_SYA2014_stress_grid_S0006_daily.csv
SYA,SYA,Shenyang,2014,Leave_One_experiments\wth_generated_qc\SYA\SYA2014.WTH,normal_year;water_stress_year;nitrogen_stress_year,water_stress,SYA2014_stress_grid_S0006,irrigation_positive_candidate,2014-06-20,171,66,61,"{""sim_day"": 66.0, ""doy"": 171.0, ""topwt"": 944.526824951172, ""grnwt"": 0.0, ""xlai"": 0.913825750350952, ""totir"": 20.0, ""tofer"": NaN, ""swfac"": 0.0, ""nstres"": 0.285721480846405}",0.0,0.285721480846405,944.526824951172,0.0,0.913825750350952,20.0,,0.0,0.0,20.0,0.0,18.215054321289063,26.215054321289063,Leave_One_experiments/all_year_offline_schedule_search/daily_outputs/SYA/SYA_2014_SYA2014_stress_grid_S0006_daily.csv
SYA,SYA,Shenyang,2014,Leave_One_experiments\wth_generated_qc\SYA\SYA2014.WTH,normal_year;water_stress_year;nitrogen_stress_year,water_stress,SYA2014_stress_grid_S0006,irrigation_positive_candidate,2014-06-21,172,67,62,"{""sim_day"": 67.0, ""doy"": 172.0, ""topwt"": 984.3347930908204, ""grnwt"": 0.0, ""xlai"": 0.9164342284202576, ""totir"": 20.0, ""tofer"": NaN, ""swfac"": 0.0, ""nstres"": 0.2978984117507934}",0.0,0.2978984117507934,984.3347930908204,0.0,0.9164342284202576,20.0,,0.0,0.0,20.0,0.0,18.215054321289063,26.215054321289063,Leave_One_experiments/all_year_offline_schedule_search/daily_outputs/SYA/SYA_2014_SYA2014_stress_grid_S0006_daily.csv
SYA,SYA,Shenyang,2014,Leave_One_experiments\wth_generated_qc\SYA\SYA2014.WTH,normal_year;water_stress_year;nitrogen_stress_year,water_stress,SYA2014_stress_grid_S0006,irrigation_positive_candidate,2014-06-22,173,68,63,"{""sim_day"": 68.0, ""doy"": 173.0, ""topwt"": 1026.3836669921875, ""grnwt"": 0.0, ""xlai"": 0.9188205003738404, ""totir"": 20.0, ""tofer"": NaN, ""swfac"": 0.0, ""nstres"": 0.3099321126937866}",0.0,0.3099321126937866,1026.3836669921875,0.0,0.9188205003738404,20.0,,0.0,0.0,20.0,0.0,18.215054321289063,26.215054321289063,Leave_One_experiments/all_year_offline_schedule_search/daily_outputs/SYA/SYA_2014_SYA2014_stress_grid_S0006_daily.csv
SYA,SYA,Shenyang,2014,Leave_One_experiments\wth_generated_qc\SYA\SYA2014.WTH,normal_year;water_stress_year;nitrogen_stress_year,water_stress,SYA2014_stress_grid_S0006,irrigation_positive_candidate,2014-06-23,174,69,64,"{""sim_day"": 69.0, ""doy"": 174.0, ""topwt"": 1073.375015258789, ""grnwt"": 0.0, ""xlai"": 0.9226319789886476, ""totir"": 20.0, ""tofer"": NaN, ""swfac"": 0.0, ""nstres"": 0.3211782574653625}",0.0,0.3211782574653625,1073.375015258789,0.0,0.9226319789886476,20.0,,0.0,0.0,20.0,0.0,18.215054321289063,26.215054321289063,Leave_One_experiments/all_year_offline_schedule_search/daily_outputs/SYA/SYA_2014_SYA2014_stress_grid_S0006_daily.csv
SYA,SYA,Shenyang,2014,Leave_One_experiments\wth_generated_qc\SYA\SYA2014.WTH,normal_year;water_stress_year;nitrogen_stress_year,water_stress,SYA2014_stress_grid_S0006,irrigation_positive_candidate,2014-06-24,175,70,65,"{""sim_day"": 70.0, ""doy"": 175.0, ""topwt"": 1126.2870025634766, ""grnwt"": 0.0, ""xlai"": 0.9280818104743958, ""totir"": 20.0, ""tofer"": NaN, ""swfac"": 0.0, ""nstres"": 0.3316285610198974}",0.0,0.3316285610198974,1126.2870025634766,0.0,0.9280818104743958,20.0,,0.0,0.0,20.0,0.0,18.215054321289063,26.215054321289063,Leave_One_experiments/all_year_offline_schedule_search/daily_outputs/SYA/SYA_2014_SYA2014_stress_grid_S0006_daily.csv
SYA,SYA,Shenyang,2014,Leave_One_experiments\wth_generated_qc\SYA\SYA2014.WTH,normal_year;water_stress_year;nitrogen_stress_year,water_stress,SYA2014_stress_grid_S0006,irrigation_positive_candidate,2014-06-25,176,71,66,"{""sim_day"": 71.0, ""doy"": 176.0, ""topwt"": 1173.859634399414, ""grnwt"": 0.0, ""xlai"": 0.9281307458877563, ""totir"": 20.0, ""tofer"": NaN, ""swfac"": 0.0, ""nstres"": 0.3431313037872314}",0.0,0.3431313037872314,1173.859634399414,0.0,0.9281307458877563,20.0,,0.0,0.0,20.0,0.0,18.215054321289063,26.215054321289063,Leave_One_experiments/all_year_offline_schedule_search/daily_outputs/SYA/SYA_2014_SYA2014_stress_grid_S0006_daily.csv
SYA,SYA,Shenyang,2014,Leave_One_experiments\wth_generated_qc\SYA\SYA2014.WTH,normal_year;water_stress_year;nitrogen_stress_year,water_stress,SYA2014_stress_grid_S0006,irrigation_positive_candidate,2014-06-26,177,72,67,"{""sim_day"": 72.0, ""doy"": 177.0, ""topwt"": 1219.4905090332031, ""grnwt"": 0.0, ""xlai"": 0.9253339767456056, ""totir"": 20.0, ""tofer"": NaN, ""swfac"": 0.0, ""nstres"": 0.3552269339561462}",0.0,0.3552269339561462,1219.4905090332031,0.0,0.9253339767456056,20.0,,0.0,0.0,20.0,0.0,18.215054321289063,26.215054321289063,Leave_One_experiments/all_year_offline_schedule_search/daily_outputs/SYA/SYA_2014_SYA2014_stress_grid_S0006_daily.csv
SYA,SYA,Shenyang,2014,Leave_One_experiments\wth_generated_qc\SYA\SYA2014.WTH,normal_year;water_stress_year;nitrogen_stress_year,water_stress,SYA2014_stress_grid_S0006,irrigation_positive_candidate,2014-06-27,178,73,68,"{""sim_day"": 73.0, ""doy"": 178.0, ""topwt"": 1265.5782318115234, ""grnwt"": 0.0, ""xlai"": 0.9215842485427856, ""totir"": 20.0, ""tofer"": NaN, ""swfac"": 0.0, ""nstres"": 0.3600765466690063}",0.0,0.3600765466690063,1265.5782318115234,0.0,0.9215842485427856,20.0,,0.0,0.0,20.0,0.0,18.215054321289063,26.215054321289063,Leave_One_experiments/all_year_offline_schedule_search/daily_outputs/SYA/SYA_2014_SYA2014_stress_grid_S0006_daily.csv
SYA,SYA,Shenyang,2014,Leave_One_experiments\wth_generated_qc\SYA\SYA2014.WTH,normal_year;water_stress_year;nitrogen_stress_year,water_stress,SYA2014_stress_grid_S0006,irrigation_positive_candidate,2014-06-28,179,74,69,"{""sim_day"": 74.0, ""doy"": 179.0, ""topwt"": 1320.142059326172, ""grnwt"": 0.0, ""xlai"": 0.9210127592086792, ""totir"": 20.0, ""tofer"": NaN, ""swfac"": 0.0, ""nstres"": 0.3661109209060669}",0.0,0.3661109209060669,1320.142059326172,0.0,0.9210127592086792,20.0,,0.0,0.0,20.0,0.0,18.215054321289063,26.215054321289063,Leave_One_experiments/all_year_offline_schedule_search/daily_outputs/SYA/SYA_2014_SYA2014_stress_grid_S0006_daily.csv
SYA,SYA,Shenyang,2014,Leave_One_experiments\wth_generated_qc\SYA\SYA2014.WTH,normal_year;water_stress_year;nitrogen_stress_year,water_stress,SYA2014_stress_grid_S0006,irrigation_positive_candidate,2014-06-29,180,75,70,"{""sim_day"": 75.0, ""doy"": 180.0, ""topwt"": 1383.1871032714844, ""grnwt"": 0.0, ""xlai"": 0.9230647087097168, ""totir"": 20.0, ""tofer"": NaN, ""swfac"": 0.0, ""nstres"": 0.3704758882522583}",0.0,0.3704758882522583,1383.1871032714844,0.0,0.9230647087097168,20.0,,0.0,0.0,20.0,0.0,18.215054321289063,26.215054321289063,Leave_One_experiments/all_year_offline_schedule_search/daily_outputs/SYA/SYA_2014_SYA2014_stress_grid_S0006_daily.csv
SYA,SYA,Shenyang,2014,Leave_One_experiments\wth_generated_qc\SYA\SYA2014.WTH,normal_year;water_stress_year;nitrogen_stress_year,water_stress,SYA2014_stress_grid_S0006,irrigation_positive_candidate,2014-06-30,181,76,71,"{""sim_day"": 76.0, ""doy"": 181.0, ""topwt"": 1448.8528442382812, ""grnwt"": 0.0, ""xlai"": 0.9244080781936646, ""totir"": 20.0, ""tofer"": NaN, ""swfac"": 0.0, ""nstres"": 0.3768789172172546}",0.0,0.3768789172172546,1448.8528442382812,0.0,0.9244080781936646,20.0,,0.0,0.0,20.0,0.0,18.215054321289063,26.215054321289063,Leave_One_experiments/all_year_offline_schedule_search/daily_outputs/SYA/SYA_2014_SYA2014_stress_grid_S0006_daily.csv
SYA,SYA,Shenyang,2014,Leave_One_experiments\wth_generated_qc\SYA\SYA2014.WTH,normal_year;water_stress_year;nitrogen_stress_year,water_stress,SYA2014_stress_grid_S0006,irrigation_positive_candidate,2014-07-01,182,77,72,"{""sim_day"": 77.0, ""doy"": 182.0, ""topwt"": 1583.9540100097656, ""grnwt"": 0.0, ""xlai"": 0.9889791011810304, ""totir"": 20.0, ""tofer"": NaN, ""swfac"": 0.0, ""nstres"": 0.3878518342971802}",0.0,0.3878518342971802,1583.9540100097656,0.0,0.9889791011810304,20.0,,0.0,0.0,20.0,0.0,18.215054321289063,26.215054321289063,Leave_One_experiments/all_year_offline_schedule_search/daily_outputs/SYA/SYA_2014_SYA2014_stress_grid_S0006_daily.csv
SYA,SYA,Shenyang,2014,Leave_One_experiments\wth_generated_qc\SYA\SYA2014.WTH,normal_year;water_stress_year;nitrogen_stress_year,water_stress,SYA2014_stress_grid_S0006,irrigation_positive_candidate,2014-07-02,183,78,73,"{""sim_day"": 78.0, ""doy"": 183.0, ""topwt"": 1668.8673400878906, ""grnwt"": 0.0, ""xlai"": 0.9987694025039672, ""totir"": 20.0, ""tofer"": NaN, ""swfac"": 0.0, ""nstres"": 0.3960886001586914}",0.0,0.3960886001586914,1668.8673400878906,0.0,0.9987694025039672,20.0,,0.0,0.0,20.0,0.0,18.215054321289063,26.215054321289063,Leave_One_experiments/all_year_offline_schedule_search/daily_outputs/SYA/SYA_2014_SYA2014_stress_grid_S0006_daily.csv
SYA,SYA,Shenyang,2014,Leave_One_experiments\wth_generated_qc\SYA\SYA2014.WTH,normal_year;water_stress_year;nitrogen_stress_year,water_stress,SYA2014_stress_grid_S0006,irrigation_positive_candidate,2014-07-03,184,79,74,"{""sim_day"": 79.0, ""doy"": 184.0, ""topwt"": 1744.2434692382812, ""grnwt"": 0.0, ""xlai"": 0.9958186149597168, ""totir"": 20.0, ""tofer"": NaN, ""swfac"": 0.0, ""nstres"": 0.4291789531707763}",0.0,0.4291789531707763,1744.2434692382812,0.0,0.9958186149597168,20.0,,0.0,0.0,20.0,0.0,18.215054321289063,26.215054321289063,Leave_One_experiments/all_year_offline_schedule_search/daily_outputs/SYA/SYA_2014_SYA2014_stress_grid_S0006_daily.csv
SYA,SYA,Shenyang,2014,Leave_One_experiments\wth_generated_qc\SYA\SYA2014.WTH,normal_year;water_stress_year;nitrogen_stress_year,water_stress,SYA2014_stress_grid_S0006,irrigation_positive_candidate,2014-07-04,185,80,75,"{""sim_day"": 80.0, ""doy"": 185.0, ""topwt"": 1812.4351501464844, ""grnwt"": 0.0, ""xlai"": 0.9864116907119752, ""totir"": 20.0, ""tofer"": NaN, ""swfac"": 0.0, ""nstres"": 0.436295747756958}",0.0,0.436295747756958,1812.4351501464844,0.0,0.9864116907119752,20.0,,0.0,0.0,20.0,0.0,18.215054321289063,26.215054321289063,Leave_One_experiments/all_year_offline_schedule_search/daily_outputs/SYA/SYA_2014_SYA2014_stress_grid_S0006_daily.csv
SYA,SYA,Shenyang,2014,Leave_One_experiments\wth_generated_qc\SYA\SYA2014.WTH,normal_year;water_stress_year;nitrogen_stress_year,water_stress,SYA2014_stress_grid_S0006,irrigation_positive_candidate,2014-07-05,186,81,76,"{""sim_day"": 81.0, ""doy"": 186.0, ""topwt"": 1874.956512451172, ""grnwt"": 0.0, ""xlai"": 0.9731494784355164, ""totir"": 20.0, ""tofer"": NaN, ""swfac"": 0.0, ""nstres"": 0.4382646679878235}",0.0,0.4382646679878235,1874.956512451172,0.0,0.9731494784355164,20.0,,0.0,0.0,20.0,0.0,18.215054321289063,26.215054321289063,Leave_One_experiments/all_year_offline_schedule_search/daily_outputs/SYA/SYA_2014_SYA2014_stress_grid_S0006_daily.csv
SYA,SYA,Shenyang,2014,Leave_One_experiments\wth_generated_qc\SYA\SYA2014.WTH,normal_year;water_stress_year;nitrogen_stress_year,water_stress,SYA2014_stress_grid_S0006,irrigation_positive_candidate,2014-07-06,187,82,77,"{""sim_day"": 82.0, ""doy"": 187.0, ""topwt"": 1935.3607177734373, ""grnwt"": 0.0, ""xlai"": 0.9582804441452026, ""totir"": 20.0, ""tofer"": NaN, ""swfac"": 0.0, ""nstres"": 0.4359965920448303}",0.0,0.4359965920448303,1935.3607177734373,0.0,0.9582804441452026,20.0,,0.0,0.0,20.0,0.0,18.215054321289063,26.215054321289063,Leave_One_experiments/all_year_offline_schedule_search/daily_outputs/SYA/SYA_2014_SYA2014_stress_grid_S0006_daily.csv
SYA,SYA,Shenyang,2014,Leave_One_experiments\wth_generated_qc\SYA\SYA2014.WTH,normal_year;water_stress_year;nitrogen_stress_year,water_stress,SYA2014_stress_grid_S0006,irrigation_positive_candidate,2014-07-07,188,83,78,"{""sim_day"": 83.0, ""doy"": 188.0, ""topwt"": 1986.5830993652344, ""grnwt"": 0.0, ""xlai"": 0.9402265548706056, ""totir"": 20.0, ""tofer"": NaN, ""swfac"": 0.0, ""nstres"": 0.431853711605072}",0.0,0.431853711605072,1986.5830993652344,0.0,0.9402265548706056,20.0,,0.0,0.0,20.0,0.0,18.215054321289063,26.215054321289063,Leave_One_experiments/all_year_offline_schedule_search/daily_outputs/SYA/SYA_2014_SYA2014_stress_grid_S0006_daily.csv
SYA,SYA,Shenyang,2014,Leave_One_experiments\wth_generated_qc\SYA\SYA2014.WTH,normal_year;water_stress_year;nitrogen_stress_year,water_stress,SYA2014_stress_grid_S0006,irrigation_positive_candidate,2014-07-08,189,84,79,"{""sim_day"": 84.0, ""doy"": 189.0, ""topwt"": 2047.9234313964844, ""grnwt"": 0.0, ""xlai"": 0.925089716911316, ""totir"": 20.0, ""tofer"": NaN, ""swfac"": 0.0, ""nstres"": 0.4256299138069153}",0.0,0.4256299138069153,2047.9234313964844,0.0,0.925089716911316,20.0,,0.0,0.0,20.0,0.0,18.215054321289063,26.215054321289063,Leave_One_experiments/all_year_offline_schedule_search/daily_outputs/SYA/SYA_2014_SYA2014_stress_grid_S0006_daily.csv
SYA,SYA,Shenyang,2014,Leave_One_experiments\wth_generated_qc\SYA\SYA2014.WTH,normal_year;water_stress_year;nitrogen_stress_year,water_stress,SYA2014_stress_grid_S0006,irrigation_positive_candidate,2014-07-09,190,85,80,"{""sim_day"": 85.0, ""doy"": 190.0, ""topwt"": 2100.8132934570312, ""grnwt"": 0.0, ""xlai"": 0.9077048301696776, ""totir"": 20.0, ""tofer"": NaN, ""swfac"": 0.0, ""nstres"": 0.4189890623092651}",0.0,0.4189890623092651,2100.8132934570312,0.0,0.9077048301696776,20.0,,0.0,0.0,20.0,0.0,18.215054321289063,26.215054321289063,Leave_One_experiments/all_year_offline_schedule_search/daily_outputs/SYA/SYA_2014_SYA2014_stress_grid_S0006_daily.csv
SYA,SYA,Shenyang,2014,Leave_One_experiments\wth_generated_qc\SYA\SYA2014.WTH,normal_year;water_stress_year;nitrogen_stress_year,water_stress,SYA2014_stress_grid_S0006,irrigation_positive_candidate,2014-07-10,191,86,81,"{""sim_day"": 86.0, ""doy"": 191.0, ""topwt"": 2155.6785583496094, ""grnwt"": 0.0, ""xlai"": 0.8910674452781677, ""totir"": 20.0, ""tofer"": NaN, ""swfac"": 0.0, ""nstres"": 0.4136722087860107}",0.0,0.4136722087860107,2155.6785583496094,0.0,0.8910674452781677,20.0,,0.0,0.0,20.0,0.0,18.215054321289063,26.215054321289063,Leave_One_experiments/all_year_offline_schedule_search/daily_outputs/SYA/SYA_2014_SYA2014_stress_grid_S0006_daily.csv
SYA,SYA,Shenyang,2014,Leave_One_experiments\wth_generated_qc\SYA\SYA2014.WTH,normal_year;water_stress_year;nitrogen_stress_year,water_stress,SYA2014_stress_grid_S0006,irrigation_positive_candidate,2014-07-11,192,87,82,"{""sim_day"": 87.0, ""doy"": 192.0, ""topwt"": 2210.560302734375, ""grnwt"": 0.0, ""xlai"": 0.8746514320373535, ""totir"": 20.0, ""tofer"": NaN, ""swfac"": 0.0, ""nstres"": 0.4091087579727173}",0.0,0.4091087579727173,2210.560302734375,0.0,0.8746514320373535,20.0,,0.0,0.0,20.0,0.0,18.215054321289063,26.215054321289063,Leave_One_experiments/all_year_offline_schedule_search/daily_outputs/SYA/SYA_2014_SYA2014_stress_grid_S0006_daily.csv
SYA,SYA,Shenyang,2014,Leave_One_experiments\wth_generated_qc\SYA\SYA2014.WTH,normal_year;water_stress_year;nitrogen_stress_year,water_stress,SYA2014_stress_grid_S0006,irrigation_positive_candidate,2014-07-12,193,88,83,"{""sim_day"": 88.0, ""doy"": 193.0, ""topwt"": 2267.9270935058594, ""grnwt"": 0.0, ""xlai"": 0.859585702419281, ""totir"": 20.0, ""tofer"": NaN, ""swfac"": 0.0, ""nstres"": 0.4043204188346863}",0.0,0.4043204188346863,2267.9270935058594,0.0,0.859585702419281,20.0,,0.0,0.0,20.0,0.0,18.215054321289063,26.215054321289063,Leave_One_experiments/all_year_offline_schedule_search/daily_outputs/SYA/SYA_2014_SYA2014_stress_grid_S0006_daily.csv
SYA,SYA,Shenyang,2014,Leave_One_experiments\wth_generated_qc\SYA\SYA2014.WTH,normal_year;water_stress_year;nitrogen_stress_year,water_stress,SYA2014_stress_grid_S0006,irrigation_positive_candidate,2014-07-13,194,89,84,"{""sim_day"": 89.0, ""doy"": 194.0, ""topwt"": 2332.225341796875, ""grnwt"": 0.0, ""xlai"": 0.8469943404197693, ""totir"": 20.0, ""tofer"": NaN, ""swfac"": 0.0, ""nstres"": 0.3980345726013183}",0.0,0.3980345726013183,2332.225341796875,0.0,0.8469943404197693,20.0,,0.0,0.0,20.0,0.0,18.215054321289063,26.215054321289063,Leave_One_experiments/all_year_offline_schedule_search/daily_outputs/SYA/SYA_2014_SYA2014_stress_grid_S0006_daily.csv
SYA,SYA,Shenyang,2014,Leave_One_experiments\wth_generated_qc\SYA\SYA2014.WTH,normal_year;water_stress_year;nitrogen_stress_year,water_stress,SYA2014_stress_grid_S0006,irrigation_positive_candidate,2014-07-14,195,90,85,"{""sim_day"": 90.0, ""doy"": 195.0, ""topwt"": 2400.0950622558594, ""grnwt"": 0.0, ""xlai"": 0.8360063433647156, ""totir"": 20.0, ""tofer"": NaN, ""swfac"": 0.0, ""nstres"": 0.3898497223854065}",0.0,0.3898497223854065,2400.0950622558594,0.0,0.8360063433647156,20.0,,0.0,0.0,20.0,0.0,18.215054321289063,26.215054321289063,Leave_One_experiments/all_year_offline_schedule_search/daily_outputs/SYA/SYA_2014_SYA2014_stress_grid_S0006_daily.csv
SYA,SYA,Shenyang,2014,Leave_One_experiments\wth_generated_qc\SYA\SYA2014.WTH,normal_year;water_stress_year;nitrogen_stress_year,water_stress,SYA2014_stress_grid_S0006,irrigation_positive_candidate,2014-07-15,196,91,86,"{""sim_day"": 91.0, ""doy"": 196.0, ""topwt"": 2462.8125, ""grnwt"": 0.0, ""xlai"": 0.8243774175643921, ""totir"": 20.0, ""tofer"": NaN, ""swfac"": 0.0, ""nstres"": 0.3812085390090942}",0.0,0.3812085390090942,2462.8125,0.0,0.8243774175643921,20.0,,0.0,0.0,20.0,0.0,18.215054321289063,26.215054321289063,Leave_One_experiments/all_year_offline_schedule_search/daily_outputs/SYA/SYA_2014_SYA2014_stress_grid_S0006_daily.csv
SYA,SYA,Shenyang,2014,Leave_One_experiments\wth_generated_qc\SYA\SYA2014.WTH,normal_year;water_stress_year;nitrogen_stress_year,water_stress,SYA2014_stress_grid_S0006,irrigation_positive_candidate,2014-07-16,197,92,87,"{""sim_day"": 92.0, ""doy"": 197.0, ""topwt"": 2525.390930175781, ""grnwt"": 0.0, ""xlai"": 0.8133572936058044, ""totir"": 20.0, ""tofer"": NaN, ""swfac"": 0.0, ""nstres"": 0.3733595013618469}",0.0,0.3733595013618469,2525.390930175781,0.0,0.8133572936058044,20.0,,0.0,0.0,20.0,0.0,18.215054321289063,26.215054321289063,Leave_One_experiments/all_year_offline_schedule_search/daily_outputs/SYA/SYA_2014_SYA2014_stress_grid_S0006_daily.csv
SYA,SYA,Shenyang,2014,Leave_One_experiments\wth_generated_qc\SYA\SYA2014.WTH,normal_year;water_stress_year;nitrogen_stress_year,water_stress,SYA2014_stress_grid_S0006,irrigation_positive_candidate,2014-07-17,198,93,88,"{""sim_day"": 93.0, ""doy"": 198.0, ""topwt"": 2596.3113403320312, ""grnwt"": 0.0, ""xlai"": 0.8051989078521729, ""totir"": 20.0, ""tofer"": NaN, ""swfac"": 0.0, ""nstres"": 0.3614057302474975}",0.0,0.3614057302474975,2596.3113403320312,0.0,0.8051989078521729,20.0,,0.0,0.0,20.0,0.0,18.215054321289063,26.215054321289063,Leave_One_experiments/all_year_offline_schedule_search/daily_outputs/SYA/SYA_2014_SYA2014_stress_grid_S0006_daily.csv
SYA,SYA,Shenyang,2014,Leave_One_experiments\wth_generated_qc\SYA\SYA2014.WTH,normal_year;water_stress_year;nitrogen_stress_year,water_stress,SYA2014_stress_grid_S0006,irrigation_positive_candidate,2014-07-18,199,94,89,"{""sim_day"": 94.0, ""doy"": 199.0, ""topwt"": 2663.865966796875, ""grnwt"": 0.0, ""xlai"": 0.7797965407371521, ""totir"": 20.0, ""tofer"": NaN, ""swfac"": 0.0, ""nstres"": 0.3571492433547973}",0.0,0.3571492433547973,2663.865966796875,0.0,0.7797965407371521,20.0,,0.0,0.0,20.0,0.0,18.215054321289063,26.215054321289063,Leave_One_experiments/all_year_offline_schedule_search/daily_outputs/SYA/SYA_2014_SYA2014_stress_grid_S0006_daily.csv
SYA,SYA,Shenyang,2014,Leave_One_experiments\wth_generated_qc\SYA\SYA2014.WTH,normal_year;water_stress_year;nitrogen_stress_year,water_stress,SYA2014_stress_grid_S0006,irrigation_positive_candidate,2014-07-19,200,95,90,"{""sim_day"": 95.0, ""doy"": 200.0, ""topwt"": 2755.787048339844, ""grnwt"": 0.0, ""xlai"": 0.7557546496391296, ""totir"": 20.0, ""tofer"": NaN, ""swfac"": 0.0, ""nstres"": 0.3399423956871032}",0.0,0.3399423956871032,2755.787048339844,0.0,0.7557546496391296,20.0,,0.0,0.0,20.0,0.0,18.215054321289063,26.215054321289063,Leave_One_experiments/all_year_offline_schedule_search/daily_outputs/SYA/SYA_2014_SYA2014_stress_grid_S0006_daily.csv
SYA,SYA,Shenyang,2014,Leave_One_experiments\wth_generated_qc\SYA\SYA2014.WTH,normal_year;water_stress_year;nitrogen_stress_year,water_stress,SYA2014_stress_grid_S0006,irrigation_positive_candidate,2014-07-20,201,96,91,"{""sim_day"": 96.0, ""doy"": 201.0, ""topwt"": 2768.343505859375, ""grnwt"": 0.0, ""xlai"": 0.7326434850692749, ""totir"": 20.0, ""tofer"": NaN, ""swfac"": 0.0, ""nstres"": 0.333925187587738}",0.0,0.333925187587738,2768.343505859375,0.0,0.7326434850692749,20.0,,0.0,0.0,20.0,0.0,18.215054321289063,26.215054321289063,Leave_One_experiments/all_year_offline_schedule_search/daily_outputs/SYA/SYA_2014_SYA2014_stress_grid_S0006_daily.csv
SYA,SYA,Shenyang,2014,Leave_One_experiments\wth_generated_qc\SYA\SYA2014.WTH,normal_year;water_stress_year;nitrogen_stress_year,water_stress,SYA2014_stress_grid_S0006,irrigation_positive_candidate,2014-07-21,202,97,92,"{""sim_day"": 97.0, ""doy"": 202.0, ""topwt"": 2817.9132080078125, ""grnwt"": 0.0, ""xlai"": 0.7102808356285095, ""totir"": 20.0, ""tofer"": NaN, ""swfac"": 0.0, ""nstres"": 0.3325595259666443}",0.0,0.3325595259666443,2817.9132080078125,0.0,0.7102808356285095,20.0,,0.0,0.0,20.0,0.0,18.215054321289063,26.215054321289063,Leave_One_experiments/all_year_offline_schedule_search/daily_outputs/SYA/SYA_2014_SYA2014_stress_grid_S0006_daily.csv
SYA,SYA,Shenyang,2014,Leave_One_experiments\wth_generated_qc\SYA\SYA2014.WTH,normal_year;water_stress_year;nitrogen_stress_year,water_stress,SYA2014_stress_grid_S0006,irrigation_positive_candidate,2014-07-22,203,98,93,"{""sim_day"": 98.0, ""doy"": 203.0, ""topwt"": 2904.5465087890625, ""grnwt"": 0.0, ""xlai"": 0.6891890168190002, ""totir"": 20.0, ""tofer"": NaN, ""swfac"": 0.0, ""nstres"": 0.3126817345619201}",0.0,0.3126817345619201,2904.5465087890625,0.0,0.6891890168190002,20.0,,0.0,0.0,20.0,0.0,18.215054321289063,26.215054321289063,Leave_One_experiments/all_year_offline_schedule_search/daily_outputs/SYA/SYA_2014_SYA2014_stress_grid_S0006_daily.csv
SYA,SYA,Shenyang,2014,Leave_One_experiments\wth_generated_qc\SYA\SYA2014.WTH,normal_year;water_stress_year;nitrogen_stress_year,water_stress,SYA2014_stress_grid_S0006,irrigation_positive_candidate,2014-07-23,204,99,94,"{""sim_day"": 99.0, ""doy"": 204.0, ""topwt"": 2961.996459960937, ""grnwt"": 0.0, ""xlai"": 0.6690511703491211, ""totir"": 20.0, ""tofer"": NaN, ""swfac"": 0.0, ""nstres"": 0.3012716770172119}",0.0,0.3012716770172119,2961.996459960937,0.0,0.6690511703491211,20.0,,0.0,0.0,20.0,0.0,18.215054321289063,26.215054321289063,Leave_One_experiments/all_year_offline_schedule_search/daily_outputs/SYA/SYA_2014_SYA2014_stress_grid_S0006_daily.csv
SYA,SYA,Shenyang,2014,Leave_One_experiments\wth_generated_qc\SYA\SYA2014.WTH,normal_year;water_stress_year;nitrogen_stress_year,water_stress,SYA2014_stress_grid_S0006,irrigation_positive_candidate,2014-07-24,205,100,95,"{""sim_day"": 100.0, ""doy"": 205.0, ""topwt"": 2974.267883300781, ""grnwt"": 0.0, ""xlai"": 0.6495766639709473, ""totir"": 20.0, ""tofer"": NaN, ""swfac"": 0.0, ""nstres"": 0.2985824942588806}",0.0,0.2985824942588806,2974.267883300781,0.0,0.6495766639709473,20.0,,0.0,0.0,20.0,0.0,18.215054321289063,26.215054321289063,Leave_One_experiments/all_year_offline_schedule_search/daily_outputs/SYA/SYA_2014_SYA2014_stress_grid_S0006_daily.csv
SYA,SYA,Shenyang,2014,Leave_One_experiments\wth_generated_qc\SYA\SYA2014.WTH,normal_year;water_stress_year;nitrogen_stress_year,water_stress,SYA2014_stress_grid_S0006,irrigation_positive_candidate,2014-07-25,206,101,96,"{""sim_day"": 101.0, ""doy"": 206.0, ""topwt"": 3065.721740722656, ""grnwt"": 0.0, ""xlai"": 0.6309787631034851, ""totir"": 20.0, ""tofer"": NaN, ""swfac"": 0.0, ""nstres"": 0.2871378064155578}",0.0,0.2871378064155578,3065.721740722656,0.0,0.6309787631034851,20.0,,0.0,0.0,20.0,0.0,18.215054321289063,26.215054321289063,Leave_One_experiments/all_year_offline_schedule_search/daily_outputs/SYA/SYA_2014_SYA2014_stress_grid_S0006_daily.csv
SYA,SYA,Shenyang,2014,Leave_One_experiments\wth_generated_qc\SYA\SYA2014.WTH,normal_year;water_stress_year;nitrogen_stress_year,water_stress,SYA2014_stress_grid_S0006,irrigation_positive_candidate,2014-07-26,207,102,97,"{""sim_day"": 102.0, ""doy"": 207.0, ""topwt"": 3155.9130859375, ""grnwt"": 0.0, ""xlai"": 0.6135191917419434, ""totir"": 20.0, ""tofer"": NaN, ""swfac"": 0.0, ""nstres"": 0.2640975713729858}",0.0,0.2640975713729858,3155.9130859375,0.0,0.6135191917419434,20.0,,0.0,0.0,20.0,0.0,18.215054321289063,26.215054321289063,Leave_One_experiments/all_year_offline_schedule_search/daily_outputs/SYA/SYA_2014_SYA2014_stress_grid_S0006_daily.csv
SYA,SYA,Shenyang,2014,Leave_One_experiments\wth_generated_qc\SYA\SYA2014.WTH,normal_year;water_stress_year;nitrogen_stress_year,water_stress,SYA2014_stress_grid_S0006,irrigation_positive_candidate,2014-07-27,208,103,98,"{""sim_day"": 103.0, ""doy"": 208.0, ""topwt"": 3230.902709960937, ""grnwt"": 0.0, ""xlai"": 0.5967679619789124, ""totir"": 20.0, ""tofer"": NaN, ""swfac"": 0.0, ""nstres"": 0.2552846670150757}",0.0,0.2552846670150757,3230.902709960937,0.0,0.5967679619789124,20.0,,0.0,0.0,20.0,0.0,18.215054321289063,26.215054321289063,Leave_One_experiments/all_year_offline_schedule_search/daily_outputs/SYA/SYA_2014_SYA2014_stress_grid_S0006_daily.csv
SYA,SYA,Shenyang,2014,Leave_One_experiments\wth_generated_qc\SYA\SYA2014.WTH,normal_year;water_stress_year;nitrogen_stress_year,water_stress,SYA2014_stress_grid_S0006,irrigation_positive_candidate,2014-07-28,209,104,99,"{""sim_day"": 104.0, ""doy"": 209.0, ""topwt"": 3332.6351928710938, ""grnwt"": 114.31689262390135, ""xlai"": 0.5807551145553589, ""totir"": 20.0, ""tofer"": NaN, ""swfac"": 0.0, ""nstres"": 0.2439852356910705}",0.0,0.2439852356910705,3332.6351928710938,114.31689262390135,0.5807551145553589,20.0,,0.0,0.0,20.0,0.0,18.215054321289063,26.215054321289063,Leave_One_experiments/all_year_offline_schedule_search/daily_outputs/SYA/SYA_2014_SYA2014_stress_grid_S0006_daily.csv
SYA,SYA,Shenyang,2014,Leave_One_experiments\wth_generated_qc\SYA\SYA2014.WTH,normal_year;water_stress_year;nitrogen_stress_year,water_stress,SYA2014_stress_grid_S0006,irrigation_positive_candidate,2014-07-29,210,105,100,"{""sim_day"": 105.0, ""doy"": 210.0, ""topwt"": 3404.8599243164062, ""grnwt"": 190.1485061645508, ""xlai"": 0.5643491148948669, ""totir"": 20.0, ""tofer"": NaN, ""swfac"": 0.0, ""nstres"": 0.2779870629310608}",0.0,0.2779870629310608,3404.8599243164062,190.1485061645508,0.5643491148948669,20.0,,0.0,0.0,20.0,0.0,18.215054321289063,26.215054321289063,Leave_One_experiments/all_year_offline_schedule_search/daily_outputs/SYA/SYA_2014_SYA2014_stress_grid_S0006_daily.csv
SYA,SYA,Shenyang,2014,Leave_One_experiments\wth_generated_qc\SYA\SYA2014.WTH,normal_year;water_stress_year;nitrogen_stress_year,water_stress,SYA2014_stress_grid_S0006,irrigation_positive_candidate,2014-07-30,211,106,101,"{""sim_day"": 106.0, ""doy"": 211.0, ""topwt"": 3495.05126953125, ""grnwt"": 265.98012924194336, ""xlai"": 0.5485317707061768, ""totir"": 20.0, ""tofer"": NaN, ""swfac"": 0.0, ""nstres"": 0.2726590037345886}",0.0,0.2726590037345886,3495.05126953125,265.98012924194336,0.5485317707061768,20.0,,0.0,0.0,20.0,0.0,18.215054321289063,26.215054321289063,Leave_One_experiments/all_year_offline_schedule_search/daily_outputs/SYA/SYA_2014_SYA2014_stress_grid_S0006_daily.csv
SYA,SYA,Shenyang,2014,Leave_One_experiments\wth_generated_qc\SYA\SYA2014.WTH,normal_year;water_stress_year;nitrogen_stress_year,water_stress,SYA2014_stress_grid_S0006,irrigation_positive_candidate,2014-07-31,212,107,102,"{""sim_day"": 107.0, ""doy"": 212.0, ""topwt"": 3562.76123046875, ""grnwt"": 331.8588256835937, ""xlai"": 0.5332826972007751, ""totir"": 20.0, ""tofer"": NaN, ""swfac"": 0.0, ""nstres"": 0.2671940326690674}",0.0,0.2671940326690674,3562.76123046875,331.8588256835937,0.5332826972007751,20.0,,0.0,0.0,20.0,0.0,18.215054321289063,26.215054321289063,Leave_One_experiments/all_year_offline_schedule_search/daily_outputs/SYA/SYA_2014_SYA2014_stress_grid_S0006_daily.csv
SYA,SYA,Shenyang,2014,Leave_One_experiments\wth_generated_qc\SYA\SYA2014.WTH,normal_year;water_stress_year;nitrogen_stress_year,water_stress,SYA2014_stress_grid_S0006,irrigation_positive_candidate,2014-08-01,213,108,103,"{""sim_day"": 108.0, ""doy"": 213.0, ""topwt"": 3628.64013671875, ""grnwt"": 397.7375030517578, ""xlai"": 0.5184772610664368, ""totir"": 20.0, ""tofer"": NaN, ""swfac"": 0.0, ""nstres"": 0.2663056850433349}",0.0,0.2663056850433349,3628.64013671875,397.7375030517578,0.5184772610664368,20.0,,0.0,0.0,20.0,0.0,18.215054321289063,26.215054321289063,Leave_One_experiments/all_year_offline_schedule_search/daily_outputs/SYA/SYA_2014_SYA2014_stress_grid_S0006_daily.csv
SYA,SYA,Shenyang,2014,Leave_One_experiments\wth_generated_qc\SYA\SYA2014.WTH,normal_year;water_stress_year;nitrogen_stress_year,water_stress,SYA2014_stress_grid_S0006,irrigation_positive_candidate,2014-08-02,214,109,104,"{""sim_day"": 109.0, ""doy"": 214.0, ""topwt"": 3701.62841796875, ""grnwt"": 470.7254409790039, ""xlai"": 0.5041823983192444, ""totir"": 20.0, ""tofer"": NaN, ""swfac"": 0.0, ""nstres"": 0.2617012858390808}",0.0,0.2617012858390808,3701.62841796875,470.7254409790039,0.5041823983192444,20.0,,0.0,0.0,20.0,0.0,18.215054321289063,26.215054321289063,Leave_One_experiments/all_year_offline_schedule_search/daily_outputs/SYA/SYA_2014_SYA2014_stress_grid_S0006_daily.csv
SYA,SYA,Shenyang,2014,Leave_One_experiments\wth_generated_qc\SYA\SYA2014.WTH,normal_year;water_stress_year;nitrogen_stress_year,water_stress,SYA2014_stress_grid_S0006,irrigation_positive_candidate,2014-08-03,215,110,105,"{""sim_day"": 110.0, ""doy"": 215.0, ""topwt"": 3777.459716796875, ""grnwt"": 546.5570449829102, ""xlai"": 0.4903078973293304, ""totir"": 20.0, ""tofer"": NaN, ""swfac"": 0.0, ""nstres"": 0.2604500651359558}",0.0,0.2604500651359558,3777.459716796875,546.5570449829102,0.4903078973293304,20.0,,0.0,0.0,20.0,0.0,18.215054321289063,26.215054321289063,Leave_One_experiments/all_year_offline_schedule_search/daily_outputs/SYA/SYA_2014_SYA2014_stress_grid_S0006_daily.csv
SYA,SYA,Shenyang,2014,Leave_One_experiments\wth_generated_qc\SYA\SYA2014.WTH,normal_year;water_stress_year;nitrogen_stress_year,water_stress,SYA2014_stress_grid_S0006,irrigation_positive_candidate,2014-08-04,216,111,106,"{""sim_day"": 111.0, ""doy"": 216.0, ""topwt"": 3853.291320800781, ""grnwt"": 622.3886871337891, ""xlai"": 0.4767881333827972, ""totir"": 20.0, ""tofer"": NaN, ""swfac"": 0.0, ""nstres"": 0.2617767453193664}",0.0,0.2617767453193664,3853.291320800781,622.3886871337891,0.4767881333827972,20.0,,0.0,0.0,20.0,0.0,18.215054321289063,26.215054321289063,Leave_One_experiments/all_year_offline_schedule_search/daily_outputs/SYA/SYA_2014_SYA2014_stress_grid_S0006_daily.csv
SYA,SYA,Shenyang,2014,Leave_One_experiments\wth_generated_qc\SYA\SYA2014.WTH,normal_year;water_stress_year;nitrogen_stress_year,water_stress,SYA2014_stress_grid_S0006,irrigation_positive_candidate,2014-08-05,217,112,107,"{""sim_day"": 112.0, ""doy"": 217.0, ""topwt"": 3929.122924804688, ""grnwt"": 698.2202911376953, ""xlai"": 0.4636339843273163, ""totir"": 20.0, ""tofer"": NaN, ""swfac"": 0.0, ""nstres"": 0.2621370553970337}",0.0,0.2621370553970337,3929.122924804688,698.2202911376953,0.4636339843273163,20.0,,0.0,0.0,20.0,0.0,18.215054321289063,26.215054321289063,Leave_One_experiments/all_year_offline_schedule_search/daily_outputs/SYA/SYA_2014_SYA2014_stress_grid_S0006_daily.csv
SYA,SYA,Shenyang,2014,Leave_One_experiments\wth_generated_qc\SYA\SYA2014.WTH,normal_year;water_stress_year;nitrogen_stress_year,water_stress,SYA2014_stress_grid_S0006,irrigation_positive_candidate,2014-08-06,218,113,108,"{""sim_day"": 113.0, ""doy"": 218.0, ""topwt"": 4004.954833984375, ""grnwt"": 774.0518951416016, ""xlai"": 0.450792908668518, ""totir"": 20.0, ""tofer"": NaN, ""swfac"": 0.0, ""nstres"": 0.2647215723991394}",0.0,0.2647215723991394,4004.954833984375,774.0518951416016,0.450792908668518,20.0,,0.0,0.0,20.0,0.0,18.215054321289063,26.215054321289063,Leave_One_experiments/all_year_offline_schedule_search/daily_outputs/SYA/SYA_2014_SYA2014_stress_grid_S0006_daily.csv
SYA,SYA,Shenyang,2014,Leave_One_experiments\wth_generated_qc\SYA\SYA2014.WTH,normal_year;water_stress_year;nitrogen_stress_year,water_stress,SYA2014_stress_grid_S0006,irrigation_positive_candidate,2014-08-07,219,114,109,"{""sim_day"": 114.0, ""doy"": 219.0, ""topwt"": 4080.7861328125, ""grnwt"": 849.8835754394531, ""xlai"": 0.4382442831993103, ""totir"": 20.0, ""tofer"": NaN, ""swfac"": 0.0, ""nstres"": 0.268082320690155}",0.0,0.268082320690155,4080.7861328125,849.8835754394531,0.4382442831993103,20.0,,0.0,0.0,20.0,0.0,18.215054321289063,26.215054321289063,Leave_One_experiments/all_year_offline_schedule_search/daily_outputs/SYA/SYA_2014_SYA2014_stress_grid_S0006_daily.csv
SYA,SYA,Shenyang,2014,Leave_One_experiments\wth_generated_qc\SYA\SYA2014.WTH,normal_year;water_stress_year;nitrogen_stress_year,water_stress,SYA2014_stress_grid_S0006,irrigation_positive_candidate,2014-08-08,220,115,110,"{""sim_day"": 115.0, ""doy"": 220.0, ""topwt"": 4156.617736816406, ""grnwt"": 925.7151794433594, ""xlai"": 0.4259749948978424, ""totir"": 20.0, ""tofer"": NaN, ""swfac"": 0.0, ""nstres"": 0.2719174027442932}",0.0,0.2719174027442932,4156.617736816406,925.7151794433594,0.4259749948978424,20.0,,0.0,0.0,20.0,0.0,18.215054321289063,26.215054321289063,Leave_One_experiments/all_year_offline_schedule_search/daily_outputs/SYA/SYA_2014_SYA2014_stress_grid_S0006_daily.csv
SYA,SYA,Shenyang,2014,Leave_One_experiments\wth_generated_qc\SYA\SYA2014.WTH,normal_year;water_stress_year;nitrogen_stress_year,water_stress,SYA2014_stress_grid_S0006,irrigation_positive_candidate,2014-08-09,221,116,111,"{""sim_day"": 116.0, ""doy"": 221.0, ""topwt"": 4232.449645996094, ""grnwt"": 1001.5467834472656, ""xlai"": 0.4139620065689087, ""totir"": 20.0, ""tofer"": NaN, ""swfac"": 0.0, ""nstres"": 0.2768247723579407}",0.0,0.2768247723579407,4232.449645996094,1001.5467834472656,0.4139620065689087,20.0,,0.0,0.0,20.0,0.0,18.215054321289063,26.215054321289063,Leave_One_experiments/all_year_offline_schedule_search/daily_outputs/SYA/SYA_2014_SYA2014_stress_grid_S0006_daily.csv
SYA,SYA,Shenyang,2014,Leave_One_experiments\wth_generated_qc\SYA\SYA2014.WTH,normal_year;water_stress_year;nitrogen_stress_year,water_stress,SYA2014_stress_grid_S0006,irrigation_positive_candidate,2014-08-10,222,117,112,"{""sim_day"": 117.0, ""doy"": 222.0, ""topwt"": 4299.823913574219, ""grnwt"": 1077.378387451172, ""xlai"": 0.4022054374217987, ""totir"": 20.0, ""tofer"": NaN, ""swfac"": 0.0, ""nstres"": 0.2816048264503479}",0.0,0.2816048264503479,4299.823913574219,1077.378387451172,0.4022054374217987,20.0,,0.0,0.0,20.0,0.0,18.215054321289063,26.215054321289063,Leave_One_experiments/all_year_offline_schedule_search/daily_outputs/SYA/SYA_2014_SYA2014_stress_grid_S0006_daily.csv
SYA,SYA,Shenyang,2014,Leave_One_experiments\wth_generated_qc\SYA\SYA2014.WTH,normal_year;water_stress_year;nitrogen_stress_year,water_stress,SYA2014_stress_grid_S0006,irrigation_positive_candidate,2014-08-11,223,118,113,"{""sim_day"": 118.0, ""doy"": 223.0, ""topwt"": 4384.112854003906, ""grnwt"": 1153.209991455078, ""xlai"": 0.390692800283432, ""totir"": 20.0, ""tofer"": NaN, ""swfac"": 0.0, ""nstres"": 0.2869679927825928}",0.0,0.2869679927825928,4384.112854003906,1153.209991455078,0.390692800283432,20.0,,0.0,0.0,20.0,0.0,18.215054321289063,26.215054321289063,Leave_One_experiments/all_year_offline_schedule_search/daily_outputs/SYA/SYA_2014_SYA2014_stress_grid_S0006_daily.csv
SYA,SYA,Shenyang,2014,Leave_One_experiments\wth_generated_qc\SYA\SYA2014.WTH,normal_year;water_stress_year;nitrogen_stress_year,water_stress,SYA2014_stress_grid_S0006,irrigation_positive_candidate,2014-08-12,224,119,114,"{""sim_day"": 119.0, ""doy"": 224.0, ""topwt"": 4459.944152832031, ""grnwt"": 1229.0416717529297, ""xlai"": 0.3794586360454559, ""totir"": 20.0, ""tofer"": NaN, ""swfac"": 0.0, ""nstres"": 0.2901093363761902}",0.0,0.2901093363761902,4459.944152832031,1229.0416717529297,0.3794586360454559,20.0,,0.0,0.0,20.0,0.0,18.215054321289063,26.215054321289063,Leave_One_experiments/all_year_offline_schedule_search/daily_outputs/SYA/SYA_2014_SYA2014_stress_grid_S0006_daily.csv
SYA,SYA,Shenyang,2014,Leave_One_experiments\wth_generated_qc\SYA\SYA2014.WTH,normal_year;water_stress_year;nitrogen_stress_year,water_stress,SYA2014_stress_grid_S0006,irrigation_positive_candidate,2014-08-13,225,120,115,"{""sim_day"": 120.0, ""doy"": 225.0, ""topwt"": 4509.6563720703125, ""grnwt"": 1304.8731994628906, ""xlai"": 0.3683877289295196, ""totir"": 20.0, ""tofer"": NaN, ""swfac"": 0.0, ""nstres"": 0.3002132177352905}",0.0,0.3002132177352905,4509.6563720703125,1304.8731994628906,0.3683877289295196,20.0,,0.0,0.0,20.0,0.0,18.215054321289063,26.215054321289063,Leave_One_experiments/all_year_offline_schedule_search/daily_outputs/SYA/SYA_2014_SYA2014_stress_grid_S0006_daily.csv
SYA,SYA,Shenyang,2014,Leave_One_experiments\wth_generated_qc\SYA\SYA2014.WTH,normal_year;water_stress_year;nitrogen_stress_year,water_stress,SYA2014_stress_grid_S0006,irrigation_positive_candidate,2014-08-14,226,121,116,"{""sim_day"": 121.0, ""doy"": 226.0, ""topwt"": 4573.6651611328125, ""grnwt"": 1380.7049560546875, ""xlai"": 0.3575416803359985, ""totir"": 20.0, ""tofer"": NaN, ""swfac"": 0.0, ""nstres"": 0.306605577468872}",0.0,0.306605577468872,4573.6651611328125,1380.7049560546875,0.3575416803359985,20.0,,0.0,0.0,20.0,0.0,18.215054321289063,26.215054321289063,Leave_One_experiments/all_year_offline_schedule_search/daily_outputs/SYA/SYA_2014_SYA2014_stress_grid_S0006_daily.csv
SYA,SYA,Shenyang,2014,Leave_One_experiments\wth_generated_qc\SYA\SYA2014.WTH,normal_year;water_stress_year;nitrogen_stress_year,water_stress,SYA2014_stress_grid_S0006,irrigation_positive_candidate,2014-08-15,227,122,117,"{""sim_day"": 122.0, ""doy"": 227.0, ""topwt"": 4649.613037109375, ""grnwt"": 1456.5364074707031, ""xlai"": 0.3470818102359772, ""totir"": 20.0, ""tofer"": NaN, ""swfac"": 0.0, ""nstres"": 0.3021207451820373}",0.0,0.3021207451820373,4649.613037109375,1456.5364074707031,0.3470818102359772,20.0,,0.0,0.0,20.0,0.0,18.215054321289063,26.215054321289063,Leave_One_experiments/all_year_offline_schedule_search/daily_outputs/SYA/SYA_2014_SYA2014_stress_grid_S0006_daily.csv
SYA,SYA,Shenyang,2014,Leave_One_experiments\wth_generated_qc\SYA\SYA2014.WTH,normal_year;water_stress_year;nitrogen_stress_year,water_stress,SYA2014_stress_grid_S0006,irrigation_positive_candidate,2014-08-16,228,123,118,"{""sim_day"": 123.0, ""doy"": 228.0, ""topwt"": 4697.28759765625, ""grnwt"": 1532.3680114746094, ""xlai"": 0.3368900418281555, ""totir"": 20.0, ""tofer"": NaN, ""swfac"": 0.0, ""nstres"": 0.3047370910644531}",0.0,0.3047370910644531,4697.28759765625,1532.3680114746094,0.3368900418281555,20.0,,0.0,0.0,20.0,0.0,18.215054321289063,26.215054321289063,Leave_One_experiments/all_year_offline_schedule_search/daily_outputs/SYA/SYA_2014_SYA2014_stress_grid_S0006_daily.csv
SYA,SYA,Shenyang,2014,Leave_One_experiments\wth_generated_qc\SYA\SYA2014.WTH,normal_year;water_stress_year;nitrogen_stress_year,water_stress,SYA2014_stress_grid_S0006,irrigation_positive_candidate,2014-08-17,229,124,119,"{""sim_day"": 124.0, ""doy"": 229.0, ""topwt"": 4739.0142822265625, ""grnwt"": 1608.1996154785156, ""xlai"": 0.3268774449825287, ""totir"": 20.0, ""tofer"": NaN, ""swfac"": 0.0, ""nstres"": 0.313294768333435}",0.0,0.313294768333435,4739.0142822265625,1608.1996154785156,0.3268774449825287,20.0,,0.0,0.0,20.0,0.0,18.215054321289063,26.215054321289063,Leave_One_experiments/all_year_offline_schedule_search/daily_outputs/SYA/SYA_2014_SYA2014_stress_grid_S0006_daily.csv
SYA,SYA,Shenyang,2014,Leave_One_experiments\wth_generated_qc\SYA\SYA2014.WTH,normal_year;water_stress_year;nitrogen_stress_year,water_stress,SYA2014_stress_grid_S0006,irrigation_positive_candidate,2014-08-18,230,125,120,"{""sim_day"": 125.0, ""doy"": 230.0, ""topwt"": 4803.62548828125, ""grnwt"": 1684.031219482422, ""xlai"": 0.3171774744987488, ""totir"": 20.0, ""tofer"": NaN, ""swfac"": 0.0, ""nstres"": 0.3121922612190246}",0.0,0.3121922612190246,4803.62548828125,1684.031219482422,0.3171774744987488,20.0,,0.0,0.0,20.0,0.0,18.215054321289063,26.215054321289063,Leave_One_experiments/all_year_offline_schedule_search/daily_outputs/SYA/SYA_2014_SYA2014_stress_grid_S0006_daily.csv
SYA,SYA,Shenyang,2014,Leave_One_experiments\wth_generated_qc\SYA\SYA2014.WTH,normal_year;water_stress_year;nitrogen_stress_year,water_stress,SYA2014_stress_grid_S0006,irrigation_positive_candidate,2014-08-19,231,126,121,"{""sim_day"": 126.0, ""doy"": 231.0, ""topwt"": 4869.761352539063, ""grnwt"": 1759.8629760742188, ""xlai"": 0.3078356385231018, ""totir"": 20.0, ""tofer"": NaN, ""swfac"": 0.0, ""nstres"": 0.3068707585334778}",0.0,0.3068707585334778,4869.761352539063,1759.8629760742188,0.3078356385231018,20.0,,0.0,0.0,20.0,0.0,18.215054321289063,26.215054321289063,Leave_One_experiments/all_year_offline_schedule_search/daily_outputs/SYA/SYA_2014_SYA2014_stress_grid_S0006_daily.csv
SYA,SYA,Shenyang,2014,Leave_One_experiments\wth_generated_qc\SYA\SYA2014.WTH,normal_year;water_stress_year;nitrogen_stress_year,water_stress,SYA2014_stress_grid_S0006,irrigation_positive_candidate,2014-08-20,232,127,122,"{""sim_day"": 127.0, ""doy"": 232.0, ""topwt"": 4903.284912109375, ""grnwt"": 1835.694580078125, ""xlai"": 0.2986882627010345, ""totir"": 20.0, ""tofer"": NaN, ""swfac"": 0.0, ""nstres"": 0.3131677508354187}",0.0,0.3131677508354187,4903.284912109375,1835.694580078125,0.2986882627010345,20.0,,0.0,0.0,20.0,0.0,18.215054321289063,26.215054321289063,Leave_One_experiments/all_year_offline_schedule_search/daily_outputs/SYA/SYA_2014_SYA2014_stress_grid_S0006_daily.csv
SYA,SYA,Shenyang,2014,Leave_One_experiments\wth_generated_qc\SYA\SYA2014.WTH,normal_year;water_stress_year;nitrogen_stress_year,water_stress,SYA2014_stress_grid_S0006,irrigation_positive_candidate,2014-08-21,233,128,123,"{""sim_day"": 128.0, ""doy"": 233.0, ""topwt"": 4951.852416992188, ""grnwt"": 1911.5261840820312, ""xlai"": 0.2897961735725403, ""totir"": 20.0, ""tofer"": NaN, ""swfac"": 0.0, ""nstres"": 0.3144852519035339}",0.0,0.3144852519035339,4951.852416992188,1911.5261840820312,0.2897961735725403,20.0,,0.0,0.0,20.0,0.0,18.215054321289063,26.215054321289063,Leave_One_experiments/all_year_offline_schedule_search/daily_outputs/SYA/SYA_2014_SYA2014_stress_grid_S0006_daily.csv
SYA,SYA,Shenyang,2014,Leave_One_experiments\wth_generated_qc\SYA\SYA2014.WTH,normal_year;water_stress_year;nitrogen_stress_year,water_stress,SYA2014_stress_grid_S0006,irrigation_positive_candidate,2014-08-22,234,129,124,"{""sim_day"": 129.0, ""doy"": 234.0, ""topwt"": 4977.5726318359375, ""grnwt"": 1987.3577880859373, ""xlai"": 0.2813055515289306, ""totir"": 20.0, ""tofer"": NaN, ""swfac"": 0.0, ""nstres"": 0.3031692504882812}",0.0,0.3031692504882812,4977.5726318359375,1987.3577880859373,0.2813055515289306,20.0,,0.0,0.0,20.0,0.0,18.215054321289063,26.215054321289063,Leave_One_experiments/all_year_offline_schedule_search/daily_outputs/SYA/SYA_2014_SYA2014_stress_grid_S0006_daily.csv
SYA,SYA,Shenyang,2014,Leave_One_experiments\wth_generated_qc\SYA\SYA2014.WTH,normal_year;water_stress_year;nitrogen_stress_year,water_stress,SYA2014_stress_grid_S0006,irrigation_positive_candidate,2014-08-23,235,130,125,"{""sim_day"": 130.0, ""doy"": 235.0, ""topwt"": 5012.955322265625, ""grnwt"": 2063.189392089844, ""xlai"": 0.2731010019779205, ""totir"": 20.0, ""tofer"": NaN, ""swfac"": 0.0, ""nstres"": 0.2999869585037231}",0.0,0.2999869585037231,5012.955322265625,2063.189392089844,0.2731010019779205,20.0,,0.0,0.0,20.0,0.0,18.215054321289063,26.215054321289063,Leave_One_experiments/all_year_offline_schedule_search/daily_outputs/SYA/SYA_2014_SYA2014_stress_grid_S0006_daily.csv
SYA,SYA,Shenyang,2014,Leave_One_experiments\wth_generated_qc\SYA\SYA2014.WTH,normal_year;water_stress_year;nitrogen_stress_year,water_stress,SYA2014_stress_grid_S0006,irrigation_positive_candidate,2014-08-24,236,131,126,"{""sim_day"": 131.0, ""doy"": 236.0, ""topwt"": 5032.955932617188, ""grnwt"": 2139.02099609375, ""xlai"": 0.2652788460254669, ""totir"": 20.0, ""tofer"": NaN, ""swfac"": 0.0, ""nstres"": 0.2874088287353515}",0.0,0.2874088287353515,5032.955932617188,2139.02099609375,0.2652788460254669,20.0,,0.0,0.0,20.0,0.0,18.215054321289063,26.215054321289063,Leave_One_experiments/all_year_offline_schedule_search/daily_outputs/SYA/SYA_2014_SYA2014_stress_grid_S0006_daily.csv
SYA,SYA,Shenyang,2014,Leave_One_experiments\wth_generated_qc\SYA\SYA2014.WTH,normal_year;water_stress_year;nitrogen_stress_year,water_stress,SYA2014_stress_grid_S0006,irrigation_positive_candidate,2014-08-25,237,132,127,"{""sim_day"": 132.0, ""doy"": 237.0, ""topwt"": 5094.790649414063, ""grnwt"": 2214.852600097656, ""xlai"": 0.2577393352985382, ""totir"": 20.0, ""tofer"": NaN, ""swfac"": 0.0, ""nstres"": 0.282103955745697}",0.0,0.282103955745697,5094.790649414063,2214.852600097656,0.2577393352985382,20.0,,0.0,0.0,20.0,0.0,18.215054321289063,26.215054321289063,Leave_One_experiments/all_year_offline_schedule_search/daily_outputs/SYA/SYA_2014_SYA2014_stress_grid_S0006_daily.csv
SYA,SYA,Shenyang,2014,Leave_One_experiments\wth_generated_qc\SYA\SYA2014.WTH,normal_year;water_stress_year;nitrogen_stress_year,water_stress,SYA2014_stress_grid_S0006,irrigation_positive_candidate,2014-08-26,238,133,128,"{""sim_day"": 133.0, ""doy"": 238.0, ""topwt"": 5153.47412109375, ""grnwt"": 2290.6842041015625, ""xlai"": 0.2505567967891693, ""totir"": 20.0, ""tofer"": NaN, ""swfac"": 0.0, ""nstres"": 0.2688187956809997}",0.0,0.2688187956809997,5153.47412109375,2290.6842041015625,0.2505567967891693,20.0,,0.0,0.0,20.0,0.0,18.215054321289063,26.215054321289063,Leave_One_experiments/all_year_offline_schedule_search/daily_outputs/SYA/SYA_2014_SYA2014_stress_grid_S0006_daily.csv
SYA,SYA,Shenyang,2014,Leave_One_experiments\wth_generated_qc\SYA\SYA2014.WTH,normal_year;water_stress_year;nitrogen_stress_year,water_stress,SYA2014_stress_grid_S0006,irrigation_positive_candidate,2014-08-27,239,134,129,"{""sim_day"": 134.0, ""doy"": 239.0, ""topwt"": 5198.4613037109375, ""grnwt"": 2366.5158081054688, ""xlai"": 0.2434465587139129, ""totir"": 20.0, ""tofer"": NaN, ""swfac"": 0.0, ""nstres"": 0.2810689806938171}",0.0,0.2810689806938171,5198.4613037109375,2366.5158081054688,0.2434465587139129,20.0,,0.0,0.0,20.0,0.0,18.215054321289063,26.215054321289063,Leave_One_experiments/all_year_offline_schedule_search/daily_outputs/SYA/SYA_2014_SYA2014_stress_grid_S0006_daily.csv
SYA,SYA,Shenyang,2014,Leave_One_experiments\wth_generated_qc\SYA\SYA2014.WTH,normal_year;water_stress_year;nitrogen_stress_year,water_stress,SYA2014_stress_grid_S0006,irrigation_positive_candidate,2014-08-28,240,135,130,"{""sim_day"": 135.0, ""doy"": 240.0, ""topwt"": 5242.8515625, ""grnwt"": 2442.3475646972656, ""xlai"": 0.2364288717508316, ""totir"": 20.0, ""tofer"": NaN, ""swfac"": 0.0, ""nstres"": 0.2918317914009094}",0.0,0.2918317914009094,5242.8515625,2442.3475646972656,0.2364288717508316,20.0,,0.0,0.0,20.0,0.0,18.215054321289063,26.215054321289063,Leave_One_experiments/all_year_offline_schedule_search/daily_outputs/SYA/SYA_2014_SYA2014_stress_grid_S0006_daily.csv
SYA,SYA,Shenyang,2014,Leave_One_experiments\wth_generated_qc\SYA\SYA2014.WTH,normal_year;water_stress_year;nitrogen_stress_year,water_stress,SYA2014_stress_grid_S0006,irrigation_positive_candidate,2014-08-29,241,136,131,"{""sim_day"": 136.0, ""doy"": 241.0, ""topwt"": 5295.7208251953125, ""grnwt"": 2518.179168701172, ""xlai"": 0.2295954525470733, ""totir"": 20.0, ""tofer"": NaN, ""swfac"": 0.0, ""nstres"": 0.2936673164367676}",0.0,0.2936673164367676,5295.7208251953125,2518.179168701172,0.2295954525470733,20.0,,0.0,0.0,20.0,0.0,18.215054321289063,26.215054321289063,Leave_One_experiments/all_year_offline_schedule_search/daily_outputs/SYA/SYA_2014_SYA2014_stress_grid_S0006_daily.csv
SYA,SYA,Shenyang,2014,Leave_One_experiments\wth_generated_qc\SYA\SYA2014.WTH,normal_year;water_stress_year;nitrogen_stress_year,water_stress,SYA2014_stress_grid_S0006,irrigation_positive_candidate,2014-08-30,242,137,132,"{""sim_day"": 137.0, ""doy"": 242.0, ""topwt"": 5337.192993164063, ""grnwt"": 2594.0106201171875, ""xlai"": 0.2229554802179336, ""totir"": 20.0, ""tofer"": NaN, ""swfac"": 0.0, ""nstres"": 0.294086217880249}",0.0,0.294086217880249,5337.192993164063,2594.0106201171875,0.2229554802179336,20.0,,0.0,0.0,20.0,0.0,18.215054321289063,26.215054321289063,Leave_One_experiments/all_year_offline_schedule_search/daily_outputs/SYA/SYA_2014_SYA2014_stress_grid_S0006_daily.csv
SYA,SYA,Shenyang,2014,Leave_One_experiments\wth_generated_qc\SYA\SYA2014.WTH,normal_year;water_stress_year;nitrogen_stress_year,water_stress,SYA2014_stress_grid_S0006,irrigation_positive_candidate,2014-08-31,243,138,133,"{""sim_day"": 138.0, ""doy"": 243.0, ""topwt"": 5381.998291015625, ""grnwt"": 2669.8422241210938, ""xlai"": 0.2164644300937652, ""totir"": 20.0, ""tofer"": NaN, ""swfac"": 0.0, ""nstres"": 0.2987316250801086}",0.0,0.2987316250801086,5381.998291015625,2669.8422241210938,0.2164644300937652,20.0,,0.0,0.0,20.0,0.0,18.215054321289063,26.215054321289063,Leave_One_experiments/all_year_offline_schedule_search/daily_outputs/SYA/SYA_2014_SYA2014_stress_grid_S0006_daily.csv
SYA,SYA,Shenyang,2014,Leave_One_experiments\wth_generated_qc\SYA\SYA2014.WTH,normal_year;water_stress_year;nitrogen_stress_year,water_stress,SYA2014_stress_grid_S0006,irrigation_positive_candidate,2014-09-01,244,139,134,"{""sim_day"": 139.0, ""doy"": 244.0, ""topwt"": 5415.7257080078125, ""grnwt"": 2745.673828125, ""xlai"": 0.2101914286613464, ""totir"": 20.0, ""tofer"": NaN, ""swfac"": 0.0, ""nstres"": 0.2955098152160644}",0.0,0.2955098152160644,5415.7257080078125,2745.673828125,0.2101914286613464,20.0,,0.0,0.0,20.0,0.0,18.215054321289063,26.215054321289063,Leave_One_experiments/all_year_offline_schedule_search/daily_outputs/SYA/SYA_2014_SYA2014_stress_grid_S0006_daily.csv
SYA,SYA,Shenyang,2014,Leave_One_experiments\wth_generated_qc\SYA\SYA2014.WTH,normal_year;water_stress_year;nitrogen_stress_year,water_stress,SYA2014_stress_grid_S0006,irrigation_positive_candidate,2014-09-02,245,140,135,"{""sim_day"": 140.0, ""doy"": 245.0, ""topwt"": 5447.296142578125, ""grnwt"": 2821.5054321289062, ""xlai"": 0.2040640711784362, ""totir"": 20.0, ""tofer"": NaN, ""swfac"": 0.0, ""nstres"": 0.2996330261230469}",0.0,0.2996330261230469,5447.296142578125,2821.5054321289062,0.2040640711784362,20.0,,0.0,0.0,20.0,0.0,18.215054321289063,26.215054321289063,Leave_One_experiments/all_year_offline_schedule_search/daily_outputs/SYA/SYA_2014_SYA2014_stress_grid_S0006_daily.csv
SYA,SYA,Shenyang,2014,Leave_One_experiments\wth_generated_qc\SYA\SYA2014.WTH,normal_year;water_stress_year;nitrogen_stress_year,water_stress,SYA2014_stress_grid_S0006,irrigation_positive_candidate,2014-09-03,246,141,136,"{""sim_day"": 141.0, ""doy"": 246.0, ""topwt"": 5447.296142578125, ""grnwt"": 2821.5054321289062, ""xlai"": 0.2040640711784362, ""totir"": 20.0, ""tofer"": NaN, ""swfac"": 0.0, ""nstres"": 0.2956615090370178}",0.0,0.2956615090370178,5447.296142578125,2821.5054321289062,0.2040640711784362,20.0,,0.0,0.0,20.0,0.0,18.215054321289063,26.215054321289063,Leave_One_experiments/all_year_offline_schedule_search/daily_outputs/SYA/SYA_2014_SYA2014_stress_grid_S0006_daily.csv
SYA,SYA,Shenyang,2014,Leave_One_experiments\wth_generated_qc\SYA\SYA2014.WTH,normal_year;water_stress_year;nitrogen_stress_year,water_stress,SYA2014_stress_grid_S0006,irrigation_positive_candidate,2014-09-04,247,142,137,"{""sim_day"": 142.0, ""doy"": 247.0, ""topwt"": 5447.296142578125, ""grnwt"": 2821.5054321289062, ""xlai"": 0.2040640711784362, ""totir"": 20.0, ""tofer"": NaN, ""swfac"": 0.0, ""nstres"": 0.2956615090370178}",0.0,0.2956615090370178,5447.296142578125,2821.5054321289062,0.2040640711784362,20.0,,0.0,0.0,20.0,0.0,18.215054321289063,26.215054321289063,Leave_One_experiments/all_year_offline_schedule_search/daily_outputs/SYA/SYA_2014_SYA2014_stress_grid_S0006_daily.csv
SYA,SYA,Shenyang,2014,Leave_One_experiments\wth_generated_qc\SYA\SYA2014.WTH,normal_year;water_stress_year;nitrogen_stress_year,water_stress,SYA2014_stress_grid_S0006,irrigation_positive_candidate,2014-09-05,248,143,138,"{""sim_day"": 143.0, ""doy"": 248.0, ""topwt"": 5447.296142578125, ""grnwt"": 2821.5054321289062, ""xlai"": 0.2040640711784362, ""totir"": 20.0, ""tofer"": NaN, ""swfac"": 0.0, ""nstres"": 0.2956615090370178}",0.0,0.2956615090370178,5447.296142578125,2821.5054321289062,0.2040640711784362,20.0,,0.0,0.0,20.0,0.0,18.215054321289063,26.215054321289063,Leave_One_experiments/all_year_offline_schedule_search/daily_outputs/SYA/SYA_2014_SYA2014_stress_grid_S0006_daily.csv
SYA,SYA,Shenyang,2014,Leave_One_experiments\wth_generated_qc\SYA\SYA2014.WTH,normal_year;water_stress_year;nitrogen_stress_year,water_stress,SYA2014_stress_grid_S0006,irrigation_positive_candidate,2014-09-06,249,144,139,"{""sim_day"": 144.0, ""doy"": 249.0, ""topwt"": 5447.296142578125, ""grnwt"": 2821.5054321289062, ""xlai"": 0.2040640711784362, ""totir"": 20.0, ""tofer"": NaN, ""swfac"": 0.0, ""nstres"": 0.2956615090370178}",0.0,0.2956615090370178,5447.296142578125,2821.5054321289062,0.2040640711784362,20.0,,0.0,0.0,20.0,0.0,18.215054321289063,26.215054321289063,Leave_One_experiments/all_year_offline_schedule_search/daily_outputs/SYA/SYA_2014_SYA2014_stress_grid_S0006_daily.csv
SYA,SYA,Shenyang,2014,Leave_One_experiments\wth_generated_qc\SYA\SYA2014.WTH,normal_year;water_stress_year;nitrogen_stress_year,water_stress,SYA2014_stress_grid_S0001,low_input_within_10pct_yield,2014-04-21,111,1,1,"{""sim_day"": 1.0, ""doy"": 111.0, ""topwt"": 0.0, ""grnwt"": 0.0, ""xlai"": 0.0, ""totir"": 0.0, ""tofer"": NaN, ""swfac"": 0.0, ""nstres"": 0.0}",0.0,0.0,0.0,0.0,0.0,0.0,,0.0,0.0,0.0,0.0,27.29501342773437,27.29501342773437,Leave_One_experiments/all_year_offline_schedule_search/daily_outputs/SYA/SYA_2014_SYA2014_stress_grid_S0001_daily.csv
SYA,SYA,Shenyang,2014,Leave_One_experiments\wth_generated_qc\SYA\SYA2014.WTH,normal_year;water_stress_year;nitrogen_stress_year,water_stress,SYA2014_stress_grid_S0001,low_input_within_10pct_yield,2014-04-22,112,2,2,"{""sim_day"": 2.0, ""doy"": 112.0, ""topwt"": 0.0, ""grnwt"": 0.0, ""xlai"": 0.0, ""totir"": 0.0, ""tofer"": NaN, ""swfac"": 0.0, ""nstres"": 0.0}",0.0,0.0,0.0,0.0,0.0,0.0,,0.0,0.0,0.0,0.0,27.29501342773437,27.29501342773437,Leave_One_experiments/all_year_offline_schedule_search/daily_outputs/SYA/SYA_2014_SYA2014_stress_grid_S0001_daily.csv
SYA,SYA,Shenyang,2014,Leave_One_experiments\wth_generated_qc\SYA\SYA2014.WTH,normal_year;water_stress_year;nitrogen_stress_year,water_stress,SYA2014_stress_grid_S0001,low_input_within_10pct_yield,2014-04-23,113,3,3,"{""sim_day"": 3.0, ""doy"": 113.0, ""topwt"": 0.0, ""grnwt"": 0.0, ""xlai"": 0.0, ""totir"": 0.0, ""tofer"": NaN, ""swfac"": 0.0, ""nstres"": 0.0}",0.0,0.0,0.0,0.0,0.0,0.0,,0.0,0.0,0.0,0.0,27.29501342773437,27.29501342773437,Leave_One_experiments/all_year_offline_schedule_search/daily_outputs/SYA/SYA_2014_SYA2014_stress_grid_S0001_daily.csv
SYA,SYA,Shenyang,2014,Leave_One_experiments\wth_generated_qc\SYA\SYA2014.WTH,normal_year;water_stress_year;nitrogen_stress_year,water_stress,SYA2014_stress_grid_S0001,low_input_within_10pct_yield,2014-04-24,114,4,4,"{""sim_day"": 4.0, ""doy"": 114.0, ""topwt"": 0.0, ""grnwt"": 0.0, ""xlai"": 0.0, ""totir"": 0.0, ""tofer"": NaN, ""swfac"": 0.0, ""nstres"": 0.0}",0.0,0.0,0.0,0.0,0.0,0.0,,0.0,0.0,0.0,0.0,27.29501342773437,27.29501342773437,Leave_One_experiments/all_year_offline_schedule_search/daily_outputs/SYA/SYA_2014_SYA2014_stress_grid_S0001_daily.csv
SYA,SYA,Shenyang,2014,Leave_One_experiments\wth_generated_qc\SYA\SYA2014.WTH,normal_year;water_stress_year;nitrogen_stress_year,water_stress,SYA2014_stress_grid_S0001,low_input_within_10pct_yield,2014-04-25,115,5,5,"{""sim_day"": 5.0, ""doy"": 115.0, ""topwt"": 0.0, ""grnwt"": 0.0, ""xlai"": 0.0, ""totir"": 0.0, ""tofer"": NaN, ""swfac"": 0.0, ""nstres"": 0.0}",0.0,0.0,0.0,0.0,0.0,0.0,,0.0,0.0,0.0,0.0,27.29501342773437,27.29501342773437,Leave_One_experiments/all_year_offline_schedule_search/daily_outputs/SYA/SYA_2014_SYA2014_stress_grid_S0001_daily.csv
SYA,SYA,Shenyang,2014,Leave_One_experiments\wth_generated_qc\SYA\SYA2014.WTH,normal_year;water_stress_year;nitrogen_stress_year,water_stress,SYA2014_stress_grid_S0001,low_input_within_10pct_yield,2014-04-21,111,6,1,"{""sim_day"": 6.0, ""doy"": 111.0, ""topwt"": 0.0, ""grnwt"": 0.0, ""xlai"": 0.0, ""totir"": 0.0, ""tofer"": NaN, ""swfac"": 0.0, ""nstres"": 0.0}",0.0,0.0,0.0,0.0,0.0,0.0,,0.0,0.0,0.0,0.0,27.29501342773437,27.29501342773437,Leave_One_experiments/all_year_offline_schedule_search/daily_outputs/SYA/SYA_2014_SYA2014_stress_grid_S0001_daily.csv
SYA,SYA,Shenyang,2014,Leave_One_experiments\wth_generated_qc\SYA\SYA2014.WTH,normal_year;water_stress_year;nitrogen_stress_year,water_stress,SYA2014_stress_grid_S0001,low_input_within_10pct_yield,2014-04-22,112,7,2,"{""sim_day"": 7.0, ""doy"": 112.0, ""topwt"": 0.0, ""grnwt"": 0.0, ""xlai"": 0.0, ""totir"": 0.0, ""tofer"": NaN, ""swfac"": 0.0, ""nstres"": 0.0}",0.0,0.0,0.0,0.0,0.0,0.0,,0.0,0.0,0.0,0.0,27.29501342773437,27.29501342773437,Leave_One_experiments/all_year_offline_schedule_search/daily_outputs/SYA/SYA_2014_SYA2014_stress_grid_S0001_daily.csv
SYA,SYA,Shenyang,2014,Leave_One_experiments\wth_generated_qc\SYA\SYA2014.WTH,normal_year;water_stress_year;nitrogen_stress_year,water_stress,SYA2014_stress_grid_S0001,low_input_within_10pct_yield,2014-04-23,113,8,3,"{""sim_day"": 8.0, ""doy"": 113.0, ""topwt"": 0.0, ""grnwt"": 0.0, ""xlai"": 0.0, ""totir"": 0.0, ""tofer"": NaN, ""swfac"": 0.0, ""nstres"": 0.0}",0.0,0.0,0.0,0.0,0.0,0.0,,0.0,0.0,0.0,0.0,27.29501342773437,27.29501342773437,Leave_One_experiments/all_year_offline_schedule_search/daily_outputs/SYA/SYA_2014_SYA2014_stress_grid_S0001_daily.csv
SYA,SYA,Shenyang,2014,Leave_One_experiments\wth_generated_qc\SYA\SYA2014.WTH,normal_year;water_stress_year;nitrogen_stress_year,water_stress,SYA2014_stress_grid_S0001,low_input_within_10pct_yield,2014-04-24,114,9,4,"{""sim_day"": 9.0, ""doy"": 114.0, ""topwt"": 0.0, ""grnwt"": 0.0, ""xlai"": 0.0, ""totir"": 0.0, ""tofer"": NaN, ""swfac"": 0.0, ""nstres"": 0.0}",0.0,0.0,0.0,0.0,0.0,0.0,,0.0,0.0,0.0,0.0,27.29501342773437,27.29501342773437,Leave_One_experiments/all_year_offline_schedule_search/daily_outputs/SYA/SYA_2014_SYA2014_stress_grid_S0001_daily.csv
SYA,SYA,Shenyang,2014,Leave_One_experiments\wth_generated_qc\SYA\SYA2014.WTH,normal_year;water_stress_year;nitrogen_stress_year,water_stress,SYA2014_stress_grid_S0001,low_input_within_10pct_yield,2014-04-25,115,10,5,"{""sim_day"": 10.0, ""doy"": 115.0, ""topwt"": 0.0, ""grnwt"": 0.0, ""xlai"": 0.0, ""totir"": 0.0, ""tofer"": NaN, ""swfac"": 0.0, ""nstres"": 0.0}",0.0,0.0,0.0,0.0,0.0,0.0,,0.0,0.0,0.0,0.0,27.29501342773437,27.29501342773437,Leave_One_experiments/all_year_offline_schedule_search/daily_outputs/SYA/SYA_2014_SYA2014_stress_grid_S0001_daily.csv
SYA,SYA,Shenyang,2014,Leave_One_experiments\wth_generated_qc\SYA\SYA2014.WTH,normal_year;water_stress_year;nitrogen_stress_year,water_stress,SYA2014_stress_grid_S0001,low_input_within_10pct_yield,2014-04-26,116,11,6,"{""sim_day"": 11.0, ""doy"": 116.0, ""topwt"": 0.0, ""grnwt"": 0.0, ""xlai"": 0.0, ""totir"": 0.0, ""tofer"": NaN, ""swfac"": 0.0, ""nstres"": 0.0}",0.0,0.0,0.0,0.0,0.0,0.0,,0.0,0.0,0.0,0.0,27.29501342773437,27.29501342773437,Leave_One_experiments/all_year_offline_schedule_search/daily_outputs/SYA/SYA_2014_SYA2014_stress_grid_S0001_daily.csv
SYA,SYA,Shenyang,2014,Leave_One_experiments\wth_generated_qc\SYA\SYA2014.WTH,normal_year;water_stress_year;nitrogen_stress_year,water_stress,SYA2014_stress_grid_S0001,low_input_within_10pct_yield,2014-04-27,117,12,7,"{""sim_day"": 12.0, ""doy"": 117.0, ""topwt"": 0.0, ""grnwt"": 0.0, ""xlai"": 0.0, ""totir"": 0.0, ""tofer"": NaN, ""swfac"": 0.0, ""nstres"": 0.0}",0.0,0.0,0.0,0.0,0.0,0.0,,0.0,0.0,0.0,0.0,27.29501342773437,27.29501342773437,Leave_One_experiments/all_year_offline_schedule_search/daily_outputs/SYA/SYA_2014_SYA2014_stress_grid_S0001_daily.csv
SYA,SYA,Shenyang,2014,Leave_One_experiments\wth_generated_qc\SYA\SYA2014.WTH,normal_year;water_stress_year;nitrogen_stress_year,water_stress,SYA2014_stress_grid_S0001,low_input_within_10pct_yield,2014-04-28,118,13,8,"{""sim_day"": 13.0, ""doy"": 118.0, ""topwt"": 0.0, ""grnwt"": 0.0, ""xlai"": 0.0, ""totir"": 0.0, ""tofer"": NaN, ""swfac"": 0.0, ""nstres"": 0.0}",0.0,0.0,0.0,0.0,0.0,0.0,,0.0,0.0,0.0,0.0,27.29501342773437,27.29501342773437,Leave_One_experiments/all_year_offline_schedule_search/daily_outputs/SYA/SYA_2014_SYA2014_stress_grid_S0001_daily.csv
SYA,SYA,Shenyang,2014,Leave_One_experiments\wth_generated_qc\SYA\SYA2014.WTH,normal_year;water_stress_year;nitrogen_stress_year,water_stress,SYA2014_stress_grid_S0001,low_input_within_10pct_yield,2014-04-29,119,14,9,"{""sim_day"": 14.0, ""doy"": 119.0, ""topwt"": 17.600001096725464, ""grnwt"": 0.0, ""xlai"": 0.0016475146403536, ""totir"": 0.0, ""tofer"": NaN, ""swfac"": 0.0, ""nstres"": 0.0121910572052001}",0.0,0.0121910572052001,17.600001096725464,0.0,0.0016475146403536,0.0,,0.0,0.0,0.0,0.0,27.29501342773437,27.29501342773437,Leave_One_experiments/all_year_offline_schedule_search/daily_outputs/SYA/SYA_2014_SYA2014_stress_grid_S0001_daily.csv
SYA,SYA,Shenyang,2014,Leave_One_experiments\wth_generated_qc\SYA\SYA2014.WTH,normal_year;water_stress_year;nitrogen_stress_year,water_stress,SYA2014_stress_grid_S0001,low_input_within_10pct_yield,2014-04-30,120,15,10,"{""sim_day"": 15.0, ""doy"": 120.0, ""topwt"": 17.600001096725464, ""grnwt"": 0.0, ""xlai"": 0.0033086135517805, ""totir"": 0.0, ""tofer"": NaN, ""swfac"": 0.0, ""nstres"": 0.011216402053833}",0.0,0.011216402053833,17.600001096725464,0.0,0.0033086135517805,0.0,,0.0,0.0,0.0,0.0,27.29501342773437,27.29501342773437,Leave_One_experiments/all_year_offline_schedule_search/daily_outputs/SYA/SYA_2014_SYA2014_stress_grid_S0001_daily.csv
SYA,SYA,Shenyang,2014,Leave_One_experiments\wth_generated_qc\SYA\SYA2014.WTH,normal_year;water_stress_year;nitrogen_stress_year,water_stress,SYA2014_stress_grid_S0001,low_input_within_10pct_yield,2014-05-01,121,16,11,"{""sim_day"": 16.0, ""doy"": 121.0, ""topwt"": 17.600001096725464, ""grnwt"": 0.0, ""xlai"": 0.0039977892301976, ""totir"": 0.0, ""tofer"": NaN, ""swfac"": 0.0, ""nstres"": 0.0090978145599365}",0.0,0.0090978145599365,17.600001096725464,0.0,0.0039977892301976,0.0,,0.0,0.0,0.0,0.0,27.29501342773437,27.29501342773437,Leave_One_experiments/all_year_offline_schedule_search/daily_outputs/SYA/SYA_2014_SYA2014_stress_grid_S0001_daily.csv
SYA,SYA,Shenyang,2014,Leave_One_experiments\wth_generated_qc\SYA\SYA2014.WTH,normal_year;water_stress_year;nitrogen_stress_year,water_stress,SYA2014_stress_grid_S0001,low_input_within_10pct_yield,2014-05-02,122,17,12,"{""sim_day"": 17.0, ""doy"": 122.0, ""topwt"": 17.600001096725464, ""grnwt"": 0.0, ""xlai"": 0.0038652231451123, ""totir"": 0.0, ""tofer"": NaN, ""swfac"": 0.0, ""nstres"": 0.0069259405136108}",0.0,0.0069259405136108,17.600001096725464,0.0,0.0038652231451123,0.0,,0.0,0.0,0.0,0.0,27.29501342773437,27.29501342773437,Leave_One_experiments/all_year_offline_schedule_search/daily_outputs/SYA/SYA_2014_SYA2014_stress_grid_S0001_daily.csv
SYA,SYA,Shenyang,2014,Leave_One_experiments\wth_generated_qc\SYA\SYA2014.WTH,normal_year;water_stress_year;nitrogen_stress_year,water_stress,SYA2014_stress_grid_S0001,low_input_within_10pct_yield,2014-05-03,123,18,13,"{""sim_day"": 18.0, ""doy"": 123.0, ""topwt"": 17.600001096725464, ""grnwt"": 0.0, ""xlai"": 0.0041441414505243, ""totir"": 0.0, ""tofer"": NaN, ""swfac"": 0.0, ""nstres"": 0.006073772907257}",0.0,0.006073772907257,17.600001096725464,0.0,0.0041441414505243,0.0,,0.0,0.0,0.0,0.0,27.29501342773437,27.29501342773437,Leave_One_experiments/all_year_offline_schedule_search/daily_outputs/SYA/SYA_2014_SYA2014_stress_grid_S0001_daily.csv
SYA,SYA,Shenyang,2014,Leave_One_experiments\wth_generated_qc\SYA\SYA2014.WTH,normal_year;water_stress_year;nitrogen_stress_year,water_stress,SYA2014_stress_grid_S0001,low_input_within_10pct_yield,2014-05-04,124,19,14,"{""sim_day"": 19.0, ""doy"": 124.0, ""topwt"": 17.600001096725464, ""grnwt"": 0.0, ""xlai"": 0.0036430568434298, ""totir"": 0.0, ""tofer"": NaN, ""swfac"": 0.0, ""nstres"": 0.0052758455276489}",0.0,0.0052758455276489,17.600001096725464,0.0,0.0036430568434298,0.0,,0.0,0.0,0.0,0.0,27.29501342773437,27.29501342773437,Leave_One_experiments/all_year_offline_schedule_search/daily_outputs/SYA/SYA_2014_SYA2014_stress_grid_S0001_daily.csv
SYA,SYA,Shenyang,2014,Leave_One_experiments\wth_generated_qc\SYA\SYA2014.WTH,normal_year;water_stress_year;nitrogen_stress_year,water_stress,SYA2014_stress_grid_S0001,low_input_within_10pct_yield,2014-05-05,125,20,15,"{""sim_day"": 20.0, ""doy"": 125.0, ""topwt"": 17.600001096725464, ""grnwt"": 0.0, ""xlai"": 0.0044739358127117, ""totir"": 0.0, ""tofer"": NaN, ""swfac"": 0.0, ""nstres"": 0.0030127763748168}",0.0,0.0030127763748168,17.600001096725464,0.0,0.0044739358127117,0.0,,0.0,0.0,0.0,0.0,27.29501342773437,27.29501342773437,Leave_One_experiments/all_year_offline_schedule_search/daily_outputs/SYA/SYA_2014_SYA2014_stress_grid_S0001_daily.csv
SYA,SYA,Shenyang,2014,Leave_One_experiments\wth_generated_qc\SYA\SYA2014.WTH,normal_year;water_stress_year;nitrogen_stress_year,water_stress,SYA2014_stress_grid_S0001,low_input_within_10pct_yield,2014-05-06,126,21,16,"{""sim_day"": 21.0, ""doy"": 126.0, ""topwt"": 17.600001096725464, ""grnwt"": 0.0, ""xlai"": 0.0049450378865003, ""totir"": 0.0, ""tofer"": NaN, ""swfac"": 0.0, ""nstres"": 0.0017459988594055}",0.0,0.0017459988594055,17.600001096725464,0.0,0.0049450378865003,0.0,,0.0,0.0,0.0,0.0,27.29501342773437,27.29501342773437,Leave_One_experiments/all_year_offline_schedule_search/daily_outputs/SYA/SYA_2014_SYA2014_stress_grid_S0001_daily.csv
SYA,SYA,Shenyang,2014,Leave_One_experiments\wth_generated_qc\SYA\SYA2014.WTH,normal_year;water_stress_year;nitrogen_stress_year,water_stress,SYA2014_stress_grid_S0001,low_input_within_10pct_yield,2014-05-07,127,22,17,"{""sim_day"": 22.0, ""doy"": 127.0, ""topwt"": 17.600001096725464, ""grnwt"": 0.0, ""xlai"": 0.005541636608541, ""totir"": 0.0, ""tofer"": NaN, ""swfac"": 0.0, ""nstres"": 0.0}",0.0,0.0,17.600001096725464,0.0,0.005541636608541,0.0,,0.0,0.0,0.0,0.0,27.29501342773437,27.29501342773437,Leave_One_experiments/all_year_offline_schedule_search/daily_outputs/SYA/SYA_2014_SYA2014_stress_grid_S0001_daily.csv
SYA,SYA,Shenyang,2014,Leave_One_experiments\wth_generated_qc\SYA\SYA2014.WTH,normal_year;water_stress_year;nitrogen_stress_year,water_stress,SYA2014_stress_grid_S0001,low_input_within_10pct_yield,2014-05-08,128,23,18,"{""sim_day"": 23.0, ""doy"": 128.0, ""topwt"": 17.600001096725464, ""grnwt"": 0.0, ""xlai"": 0.0062946868129074, ""totir"": 0.0, ""tofer"": NaN, ""swfac"": 0.0, ""nstres"": 0.0}",0.0,0.0,17.600001096725464,0.0,0.0062946868129074,0.0,,0.0,0.0,0.0,0.0,27.29501342773437,27.29501342773437,Leave_One_experiments/all_year_offline_schedule_search/daily_outputs/SYA/SYA_2014_SYA2014_stress_grid_S0001_daily.csv
SYA,SYA,Shenyang,2014,Leave_One_experiments\wth_generated_qc\SYA\SYA2014.WTH,normal_year;water_stress_year;nitrogen_stress_year,water_stress,SYA2014_stress_grid_S0001,low_input_within_10pct_yield,2014-05-09,129,24,19,"{""sim_day"": 24.0, ""doy"": 129.0, ""topwt"": 17.600001096725464, ""grnwt"": 0.0, ""xlai"": 0.0079189762473106, ""totir"": 0.0, ""tofer"": NaN, ""swfac"": 0.0, ""nstres"": 0.0}",0.0,0.0,17.600001096725464,0.0,0.0079189762473106,0.0,,0.0,0.0,0.0,0.0,27.29501342773437,27.29501342773437,Leave_One_experiments/all_year_offline_schedule_search/daily_outputs/SYA/SYA_2014_SYA2014_stress_grid_S0001_daily.csv
SYA,SYA,Shenyang,2014,Leave_One_experiments\wth_generated_qc\SYA\SYA2014.WTH,normal_year;water_stress_year;nitrogen_stress_year,water_stress,SYA2014_stress_grid_S0001,low_input_within_10pct_yield,2014-05-10,130,25,20,"{""sim_day"": 25.0, ""doy"": 130.0, ""topwt"": 17.600001096725464, ""grnwt"": 0.0, ""xlai"": 0.0091847507283091, ""totir"": 0.0, ""tofer"": NaN, ""swfac"": 0.0, ""nstres"": 0.0}",0.0,0.0,17.600001096725464,0.0,0.0091847507283091,0.0,,0.0,0.0,0.0,0.0,27.29501342773437,27.29501342773437,Leave_One_experiments/all_year_offline_schedule_search/daily_outputs/SYA/SYA_2014_SYA2014_stress_grid_S0001_daily.csv
SYA,SYA,Shenyang,2014,Leave_One_experiments\wth_generated_qc\SYA\SYA2014.WTH,normal_year;water_stress_year;nitrogen_stress_year,water_stress,SYA2014_stress_grid_S0001,low_input_within_10pct_yield,2014-05-11,131,26,21,"{""sim_day"": 26.0, ""doy"": 131.0, ""topwt"": 17.600001096725464, ""grnwt"": 0.0, ""xlai"": 0.0102771874517202, ""totir"": 0.0, ""tofer"": NaN, ""swfac"": 0.0, ""nstres"": 0.0}",0.0,0.0,17.600001096725464,0.0,0.0102771874517202,0.0,,0.0,0.0,0.0,0.0,27.29501342773437,27.29501342773437,Leave_One_experiments/all_year_offline_schedule_search/daily_outputs/SYA/SYA_2014_SYA2014_stress_grid_S0001_daily.csv
SYA,SYA,Shenyang,2014,Leave_One_experiments\wth_generated_qc\SYA\SYA2014.WTH,normal_year;water_stress_year;nitrogen_stress_year,water_stress,SYA2014_stress_grid_S0001,low_input_within_10pct_yield,2014-05-12,132,27,22,"{""sim_day"": 27.0, ""doy"": 132.0, ""topwt"": 17.600001096725464, ""grnwt"": 0.0, ""xlai"": 0.0157891605049371, ""totir"": 0.0, ""tofer"": NaN, ""swfac"": 0.0, ""nstres"": 0.0}",0.0,0.0,17.600001096725464,0.0,0.0157891605049371,0.0,,0.0,0.0,0.0,0.0,27.29501342773437,27.29501342773437,Leave_One_experiments/all_year_offline_schedule_search/daily_outputs/SYA/SYA_2014_SYA2014_stress_grid_S0001_daily.csv
SYA,SYA,Shenyang,2014,Leave_One_experiments\wth_generated_qc\SYA\SYA2014.WTH,normal_year;water_stress_year;nitrogen_stress_year,water_stress,SYA2014_stress_grid_S0001,low_input_within_10pct_yield,2014-05-13,133,28,23,"{""sim_day"": 28.0, ""doy"": 133.0, ""topwt"": 17.600001096725464, ""grnwt"": 0.0, ""xlai"": 0.0214244481176137, ""totir"": 0.0, ""tofer"": NaN, ""swfac"": 0.0, ""nstres"": 0.0}",0.0,0.0,17.600001096725464,0.0,0.0214244481176137,0.0,,0.0,0.0,0.0,0.0,27.29501342773437,27.29501342773437,Leave_One_experiments/all_year_offline_schedule_search/daily_outputs/SYA/SYA_2014_SYA2014_stress_grid_S0001_daily.csv
SYA,SYA,Shenyang,2014,Leave_One_experiments\wth_generated_qc\SYA\SYA2014.WTH,normal_year;water_stress_year;nitrogen_stress_year,water_stress,SYA2014_stress_grid_S0001,low_input_within_10pct_yield,2014-05-14,134,29,24,"{""sim_day"": 29.0, ""doy"": 134.0, ""topwt"": 17.600001096725464, ""grnwt"": 0.0, ""xlai"": 0.0274727288633584, ""totir"": 0.0, ""tofer"": NaN, ""swfac"": 0.0, ""nstres"": 0.0}",0.0,0.0,17.600001096725464,0.0,0.0274727288633584,0.0,,0.0,0.0,0.0,0.0,27.29501342773437,27.29501342773437,Leave_One_experiments/all_year_offline_schedule_search/daily_outputs/SYA/SYA_2014_SYA2014_stress_grid_S0001_daily.csv
SYA,SYA,Shenyang,2014,Leave_One_experiments\wth_generated_qc\SYA\SYA2014.WTH,normal_year;water_stress_year;nitrogen_stress_year,water_stress,SYA2014_stress_grid_S0001,low_input_within_10pct_yield,2014-05-15,135,30,25,"{""sim_day"": 30.0, ""doy"": 135.0, ""topwt"": 19.885908365249637, ""grnwt"": 0.0, ""xlai"": 0.0347016640007495, ""totir"": 0.0, ""tofer"": NaN, ""swfac"": 0.0, ""nstres"": 0.0}",0.0,0.0,19.885908365249637,0.0,0.0347016640007495,0.0,,0.0,0.0,0.0,0.0,27.29501342773437,27.29501342773437,Leave_One_experiments/all_year_offline_schedule_search/daily_outputs/SYA/SYA_2014_SYA2014_stress_grid_S0001_daily.csv
SYA,SYA,Shenyang,2014,Leave_One_experiments\wth_generated_qc\SYA\SYA2014.WTH,normal_year;water_stress_year;nitrogen_stress_year,water_stress,SYA2014_stress_grid_S0001,low_input_within_10pct_yield,2014-05-16,136,31,26,"{""sim_day"": 31.0, ""doy"": 136.0, ""topwt"": 23.027117252349854, ""grnwt"": 0.0, ""xlai"": 0.0428221970796585, ""totir"": 0.0, ""tofer"": NaN, ""swfac"": 0.0, ""nstres"": 0.0}",0.0,0.0,23.027117252349854,0.0,0.0428221970796585,0.0,,0.0,0.0,0.0,0.0,27.29501342773437,27.29501342773437,Leave_One_experiments/all_year_offline_schedule_search/daily_outputs/SYA/SYA_2014_SYA2014_stress_grid_S0001_daily.csv
SYA,SYA,Shenyang,2014,Leave_One_experiments\wth_generated_qc\SYA\SYA2014.WTH,normal_year;water_stress_year;nitrogen_stress_year,water_stress,SYA2014_stress_grid_S0001,low_input_within_10pct_yield,2014-05-17,137,32,27,"{""sim_day"": 32.0, ""doy"": 137.0, ""topwt"": 27.610929012298584, ""grnwt"": 0.0, ""xlai"": 0.0540625713765621, ""totir"": 0.0, ""tofer"": NaN, ""swfac"": 0.0, ""nstres"": 0.0}",0.0,0.0,27.610929012298584,0.0,0.0540625713765621,0.0,,0.0,0.0,0.0,0.0,27.29501342773437,27.29501342773437,Leave_One_experiments/all_year_offline_schedule_search/daily_outputs/SYA/SYA_2014_SYA2014_stress_grid_S0001_daily.csv
SYA,SYA,Shenyang,2014,Leave_One_experiments\wth_generated_qc\SYA\SYA2014.WTH,normal_year;water_stress_year;nitrogen_stress_year,water_stress,SYA2014_stress_grid_S0001,low_input_within_10pct_yield,2014-05-18,138,33,28,"{""sim_day"": 33.0, ""doy"": 138.0, ""topwt"": 31.51092767715454, ""grnwt"": 0.0, ""xlai"": 0.0631982013583183, ""totir"": 0.0, ""tofer"": NaN, ""swfac"": 0.0, ""nstres"": 0.0}",0.0,0.0,31.51092767715454,0.0,0.0631982013583183,0.0,,0.0,0.0,0.0,0.0,27.29501342773437,27.29501342773437,Leave_One_experiments/all_year_offline_schedule_search/daily_outputs/SYA/SYA_2014_SYA2014_stress_grid_S0001_daily.csv
SYA,SYA,Shenyang,2014,Leave_One_experiments\wth_generated_qc\SYA\SYA2014.WTH,normal_year;water_stress_year;nitrogen_stress_year,water_stress,SYA2014_stress_grid_S0001,low_input_within_10pct_yield,2014-05-19,139,34,29,"{""sim_day"": 34.0, ""doy"": 139.0, ""topwt"": 34.951012134552, ""grnwt"": 0.0, ""xlai"": 0.0709991976618766, ""totir"": 0.0, ""tofer"": NaN, ""swfac"": 0.0, ""nstres"": 0.0}",0.0,0.0,34.951012134552,0.0,0.0709991976618766,0.0,,0.0,0.0,0.0,0.0,27.29501342773437,27.29501342773437,Leave_One_experiments/all_year_offline_schedule_search/daily_outputs/SYA/SYA_2014_SYA2014_stress_grid_S0001_daily.csv
SYA,SYA,Shenyang,2014,Leave_One_experiments\wth_generated_qc\SYA\SYA2014.WTH,normal_year;water_stress_year;nitrogen_stress_year,water_stress,SYA2014_stress_grid_S0001,low_input_within_10pct_yield,2014-05-20,140,35,30,"{""sim_day"": 35.0, ""doy"": 140.0, ""topwt"": 41.68410778045654, ""grnwt"": 0.0, ""xlai"": 0.0857087522745132, ""totir"": 0.0, ""tofer"": NaN, ""swfac"": 0.0, ""nstres"": 0.0}",0.0,0.0,41.68410778045654,0.0,0.0857087522745132,0.0,,0.0,0.0,0.0,0.0,27.29501342773437,27.29501342773437,Leave_One_experiments/all_year_offline_schedule_search/daily_outputs/SYA/SYA_2014_SYA2014_stress_grid_S0001_daily.csv
SYA,SYA,Shenyang,2014,Leave_One_experiments\wth_generated_qc\SYA\SYA2014.WTH,normal_year;water_stress_year;nitrogen_stress_year,water_stress,SYA2014_stress_grid_S0001,low_input_within_10pct_yield,2014-05-21,141,36,31,"{""sim_day"": 36.0, ""doy"": 141.0, ""topwt"": 48.12039375305176, ""grnwt"": 0.0, ""xlai"": 0.0991579592227935, ""totir"": 0.0, ""tofer"": NaN, ""swfac"": 0.0, ""nstres"": 0.0}",0.0,0.0,48.12039375305176,0.0,0.0991579592227935,0.0,,0.0,0.0,0.0,0.0,27.29501342773437,27.29501342773437,Leave_One_experiments/all_year_offline_schedule_search/daily_outputs/SYA/SYA_2014_SYA2014_stress_grid_S0001_daily.csv
SYA,SYA,Shenyang,2014,Leave_One_experiments\wth_generated_qc\SYA\SYA2014.WTH,normal_year;water_stress_year;nitrogen_stress_year,water_stress,SYA2014_stress_grid_S0001,low_input_within_10pct_yield,2014-05-22,142,37,32,"{""sim_day"": 37.0, ""doy"": 142.0, ""topwt"": 57.80069828033447, ""grnwt"": 0.0, ""xlai"": 0.1180611327290535, ""totir"": 0.0, ""tofer"": NaN, ""swfac"": 0.0, ""nstres"": 0.0}",0.0,0.0,57.80069828033447,0.0,0.1180611327290535,0.0,,0.0,0.0,0.0,0.0,27.29501342773437,27.29501342773437,Leave_One_experiments/all_year_offline_schedule_search/daily_outputs/SYA/SYA_2014_SYA2014_stress_grid_S0001_daily.csv
SYA,SYA,Shenyang,2014,Leave_One_experiments\wth_generated_qc\SYA\SYA2014.WTH,normal_year;water_stress_year;nitrogen_stress_year,water_stress,SYA2014_stress_grid_S0001,low_input_within_10pct_yield,2014-05-23,143,38,33,"{""sim_day"": 38.0, ""doy"": 143.0, ""topwt"": 66.08765602111816, ""grnwt"": 0.0, ""xlai"": 0.1336204558610916, ""totir"": 0.0, ""tofer"": NaN, ""swfac"": 0.0, ""nstres"": 0.0}",0.0,0.0,66.08765602111816,0.0,0.1336204558610916,0.0,,0.0,0.0,0.0,0.0,27.29501342773437,27.29501342773437,Leave_One_experiments/all_year_offline_schedule_search/daily_outputs/SYA/SYA_2014_SYA2014_stress_grid_S0001_daily.csv
SYA,SYA,Shenyang,2014,Leave_One_experiments\wth_generated_qc\SYA\SYA2014.WTH,normal_year;water_stress_year;nitrogen_stress_year,water_stress,SYA2014_stress_grid_S0001,low_input_within_10pct_yield,2014-05-24,144,39,34,"{""sim_day"": 39.0, ""doy"": 144.0, ""topwt"": 68.71368408203125, ""grnwt"": 0.0, ""xlai"": 0.1478790789842605, ""totir"": 0.0, ""tofer"": NaN, ""swfac"": 0.0, ""nstres"": 0.0}",0.0,0.0,68.71368408203125,0.0,0.1478790789842605,0.0,,0.0,0.0,0.0,0.0,27.29501342773437,27.29501342773437,Leave_One_experiments/all_year_offline_schedule_search/daily_outputs/SYA/SYA_2014_SYA2014_stress_grid_S0001_daily.csv
SYA,SYA,Shenyang,2014,Leave_One_experiments\wth_generated_qc\SYA\SYA2014.WTH,normal_year;water_stress_year;nitrogen_stress_year,water_stress,SYA2014_stress_grid_S0001,low_input_within_10pct_yield,2014-05-25,145,40,35,"{""sim_day"": 40.0, ""doy"": 145.0, ""topwt"": 80.37561416625977, ""grnwt"": 0.0, ""xlai"": 0.1702672988176345, ""totir"": 0.0, ""tofer"": NaN, ""swfac"": 0.0, ""nstres"": 0.0017453432083129}",0.0,0.0017453432083129,80.37561416625977,0.0,0.1702672988176345,0.0,,0.0,0.0,0.0,0.0,27.29501342773437,27.29501342773437,Leave_One_experiments/all_year_offline_schedule_search/daily_outputs/SYA/SYA_2014_SYA2014_stress_grid_S0001_daily.csv
SYA,SYA,Shenyang,2014,Leave_One_experiments\wth_generated_qc\SYA\SYA2014.WTH,normal_year;water_stress_year;nitrogen_stress_year,water_stress,SYA2014_stress_grid_S0001,low_input_within_10pct_yield,2014-05-26,146,41,36,"{""sim_day"": 41.0, ""doy"": 146.0, ""topwt"": 95.00073432922365, ""grnwt"": 0.0, ""xlai"": 0.1972895413637161, ""totir"": 0.0, ""tofer"": NaN, ""swfac"": 0.0, ""nstres"": 0.0}",0.0,0.0,95.00073432922365,0.0,0.1972895413637161,0.0,,0.0,0.0,0.0,0.0,27.29501342773437,27.29501342773437,Leave_One_experiments/all_year_offline_schedule_search/daily_outputs/SYA/SYA_2014_SYA2014_stress_grid_S0001_daily.csv
SYA,SYA,Shenyang,2014,Leave_One_experiments\wth_generated_qc\SYA\SYA2014.WTH,normal_year;water_stress_year;nitrogen_stress_year,water_stress,SYA2014_stress_grid_S0001,low_input_within_10pct_yield,2014-05-27,147,42,37,"{""sim_day"": 42.0, ""doy"": 147.0, ""topwt"": 113.28990936279295, ""grnwt"": 0.0, ""xlai"": 0.2297622710466385, ""totir"": 0.0, ""tofer"": NaN, ""swfac"": 0.0, ""nstres"": 0.0}",0.0,0.0,113.28990936279295,0.0,0.2297622710466385,0.0,,0.0,0.0,0.0,0.0,27.29501342773437,27.29501342773437,Leave_One_experiments/all_year_offline_schedule_search/daily_outputs/SYA/SYA_2014_SYA2014_stress_grid_S0001_daily.csv
SYA,SYA,Shenyang,2014,Leave_One_experiments\wth_generated_qc\SYA\SYA2014.WTH,normal_year;water_stress_year;nitrogen_stress_year,water_stress,SYA2014_stress_grid_S0001,low_input_within_10pct_yield,2014-05-28,148,43,38,"{""sim_day"": 43.0, ""doy"": 148.0, ""topwt"": 136.73443794250488, ""grnwt"": 0.0, ""xlai"": 0.269684761762619, ""totir"": 0.0, ""tofer"": NaN, ""swfac"": 0.0, ""nstres"": 0.0}",0.0,0.0,136.73443794250488,0.0,0.269684761762619,0.0,,0.0,0.0,0.0,0.0,27.29501342773437,27.29501342773437,Leave_One_experiments/all_year_offline_schedule_search/daily_outputs/SYA/SYA_2014_SYA2014_stress_grid_S0001_daily.csv
SYA,SYA,Shenyang,2014,Leave_One_experiments\wth_generated_qc\SYA\SYA2014.WTH,normal_year;water_stress_year;nitrogen_stress_year,water_stress,SYA2014_stress_grid_S0001,low_input_within_10pct_yield,2014-05-29,149,44,39,"{""sim_day"": 44.0, ""doy"": 149.0, ""topwt"": 163.93190383911133, ""grnwt"": 0.0, ""xlai"": 0.3140881657600403, ""totir"": 0.0, ""tofer"": NaN, ""swfac"": 0.0, ""nstres"": 0.0020809173583984}",0.0,0.0020809173583984,163.93190383911133,0.0,0.3140881657600403,0.0,,0.0,0.0,0.0,0.0,27.29501342773437,27.29501342773437,Leave_One_experiments/all_year_offline_schedule_search/daily_outputs/SYA/SYA_2014_SYA2014_stress_grid_S0001_daily.csv
SYA,SYA,Shenyang,2014,Leave_One_experiments\wth_generated_qc\SYA\SYA2014.WTH,normal_year;water_stress_year;nitrogen_stress_year,water_stress,SYA2014_stress_grid_S0001,low_input_within_10pct_yield,2014-05-30,150,45,40,"{""sim_day"": 45.0, ""doy"": 150.0, ""topwt"": 198.70525360107425, ""grnwt"": 0.0, ""xlai"": 0.3685111105442047, ""totir"": 0.0, ""tofer"": NaN, ""swfac"": 0.0, ""nstres"": 0.0}",0.0,0.0,198.70525360107425,0.0,0.3685111105442047,0.0,,0.0,0.0,0.0,0.0,27.29501342773437,27.29501342773437,Leave_One_experiments/all_year_offline_schedule_search/daily_outputs/SYA/SYA_2014_SYA2014_stress_grid_S0001_daily.csv
SYA,SYA,Shenyang,2014,Leave_One_experiments\wth_generated_qc\SYA\SYA2014.WTH,normal_year;water_stress_year;nitrogen_stress_year,water_stress,SYA2014_stress_grid_S0001,low_input_within_10pct_yield,2014-05-31,151,46,41,"{""sim_day"": 46.0, ""doy"": 151.0, ""topwt"": 233.14794540405276, ""grnwt"": 0.0, ""xlai"": 0.4203173220157623, ""totir"": 0.0, ""tofer"": NaN, ""swfac"": 0.0, ""nstres"": 0.0072206258773803}",0.0,0.0072206258773803,233.14794540405276,0.0,0.4203173220157623,0.0,,0.0,0.0,0.0,0.0,27.29501342773437,27.29501342773437,Leave_One_experiments/all_year_offline_schedule_search/daily_outputs/SYA/SYA_2014_SYA2014_stress_grid_S0001_daily.csv
SYA,SYA,Shenyang,2014,Leave_One_experiments\wth_generated_qc\SYA\SYA2014.WTH,normal_year;water_stress_year;nitrogen_stress_year,water_stress,SYA2014_stress_grid_S0001,low_input_within_10pct_yield,2014-06-01,152,47,42,"{""sim_day"": 47.0, ""doy"": 152.0, ""topwt"": 263.0787849426269, ""grnwt"": 0.0, ""xlai"": 0.4639055430889129, ""totir"": 0.0, ""tofer"": NaN, ""swfac"": 0.0, ""nstres"": 0.0339282751083374}",0.0,0.0339282751083374,263.0787849426269,0.0,0.4639055430889129,0.0,,0.0,0.0,0.0,0.0,27.29501342773437,27.29501342773437,Leave_One_experiments/all_year_offline_schedule_search/daily_outputs/SYA/SYA_2014_SYA2014_stress_grid_S0001_daily.csv
SYA,SYA,Shenyang,2014,Leave_One_experiments\wth_generated_qc\SYA\SYA2014.WTH,normal_year;water_stress_year;nitrogen_stress_year,water_stress,SYA2014_stress_grid_S0001,low_input_within_10pct_yield,2014-06-02,153,48,43,"{""sim_day"": 48.0, ""doy"": 153.0, ""topwt"": 295.52297592163086, ""grnwt"": 0.0, ""xlai"": 0.5092636346817017, ""totir"": 0.0, ""tofer"": NaN, ""swfac"": 0.0, ""nstres"": 0.0533095598220825}",0.0,0.0533095598220825,295.52297592163086,0.0,0.5092636346817017,0.0,,0.0,0.0,0.0,0.0,27.29501342773437,27.29501342773437,Leave_One_experiments/all_year_offline_schedule_search/daily_outputs/SYA/SYA_2014_SYA2014_stress_grid_S0001_daily.csv
SYA,SYA,Shenyang,2014,Leave_One_experiments\wth_generated_qc\SYA\SYA2014.WTH,normal_year;water_stress_year;nitrogen_stress_year,water_stress,SYA2014_stress_grid_S0001,low_input_within_10pct_yield,2014-06-03,154,49,44,"{""sim_day"": 49.0, ""doy"": 154.0, ""topwt"": 332.0204544067383, ""grnwt"": 0.0, ""xlai"": 0.5523067116737366, ""totir"": 0.0, ""tofer"": NaN, ""swfac"": 0.0, ""nstres"": 0.066381812095642}",0.0,0.066381812095642,332.0204544067383,0.0,0.5523067116737366,0.0,,0.0,0.0,0.0,0.0,27.29501342773437,27.29501342773437,Leave_One_experiments/all_year_offline_schedule_search/daily_outputs/SYA/SYA_2014_SYA2014_stress_grid_S0001_daily.csv
SYA,SYA,Shenyang,2014,Leave_One_experiments\wth_generated_qc\SYA\SYA2014.WTH,normal_year;water_stress_year;nitrogen_stress_year,water_stress,SYA2014_stress_grid_S0001,low_input_within_10pct_yield,2014-06-04,155,50,45,"{""sim_day"": 50.0, ""doy"": 155.0, ""topwt"": 370.9486389160156, ""grnwt"": 0.0, ""xlai"": 0.600364625453949, ""totir"": 0.0, ""tofer"": NaN, ""swfac"": 0.0, ""nstres"": 0.0868326425552368}",0.0,0.0868326425552368,370.9486389160156,0.0,0.600364625453949,0.0,,0.0,0.0,0.0,0.0,27.29501342773437,27.29501342773437,Leave_One_experiments/all_year_offline_schedule_search/daily_outputs/SYA/SYA_2014_SYA2014_stress_grid_S0001_daily.csv
SYA,SYA,Shenyang,2014,Leave_One_experiments\wth_generated_qc\SYA\SYA2014.WTH,normal_year;water_stress_year;nitrogen_stress_year,water_stress,SYA2014_stress_grid_S0001,low_input_within_10pct_yield,2014-06-05,156,51,46,"{""sim_day"": 51.0, ""doy"": 156.0, ""topwt"": 403.7889862060547, ""grnwt"": 0.0, ""xlai"": 0.6363532543182373, ""totir"": 0.0, ""tofer"": NaN, ""swfac"": 0.0, ""nstres"": 0.1087236404418945}",0.0,0.1087236404418945,403.7889862060547,0.0,0.6363532543182373,0.0,,0.0,0.0,0.0,0.0,27.29501342773437,27.29501342773437,Leave_One_experiments/all_year_offline_schedule_search/daily_outputs/SYA/SYA_2014_SYA2014_stress_grid_S0001_daily.csv
SYA,SYA,Shenyang,2014,Leave_One_experiments\wth_generated_qc\SYA\SYA2014.WTH,normal_year;water_stress_year;nitrogen_stress_year,water_stress,SYA2014_stress_grid_S0001,low_input_within_10pct_yield,2014-06-06,157,52,47,"{""sim_day"": 52.0, ""doy"": 157.0, ""topwt"": 431.0237121582031, ""grnwt"": 0.0, ""xlai"": 0.6620226502418518, ""totir"": 0.0, ""tofer"": NaN, ""swfac"": 0.0, ""nstres"": 0.1250381469726562}",0.0,0.1250381469726562,431.0237121582031,0.0,0.6620226502418518,0.0,,0.0,0.0,0.0,0.0,27.29501342773437,27.29501342773437,Leave_One_experiments/all_year_offline_schedule_search/daily_outputs/SYA/SYA_2014_SYA2014_stress_grid_S0001_daily.csv
SYA,SYA,Shenyang,2014,Leave_One_experiments\wth_generated_qc\SYA\SYA2014.WTH,normal_year;water_stress_year;nitrogen_stress_year,water_stress,SYA2014_stress_grid_S0001,low_input_within_10pct_yield,2014-06-07,158,53,48,"{""sim_day"": 53.0, ""doy"": 158.0, ""topwt"": 459.42943572998047, ""grnwt"": 0.0, ""xlai"": 0.68787682056427, ""totir"": 0.0, ""tofer"": NaN, ""swfac"": 0.0, ""nstres"": 0.1253143548965454}",0.0,0.1253143548965454,459.42943572998047,0.0,0.68787682056427,0.0,,0.0,0.0,0.0,0.0,27.29501342773437,27.29501342773437,Leave_One_experiments/all_year_offline_schedule_search/daily_outputs/SYA/SYA_2014_SYA2014_stress_grid_S0001_daily.csv
SYA,SYA,Shenyang,2014,Leave_One_experiments\wth_generated_qc\SYA\SYA2014.WTH,normal_year;water_stress_year;nitrogen_stress_year,water_stress,SYA2014_stress_grid_S0001,low_input_within_10pct_yield,2014-06-08,159,54,49,"{""sim_day"": 54.0, ""doy"": 159.0, ""topwt"": 495.8121490478516, ""grnwt"": 0.0, ""xlai"": 0.7222145795822144, ""totir"": 0.0, ""tofer"": NaN, ""swfac"": 0.0, ""nstres"": 0.1250633001327514}",0.0,0.1250633001327514,495.8121490478516,0.0,0.7222145795822144,0.0,,0.0,0.0,0.0,0.0,27.29501342773437,27.29501342773437,Leave_One_experiments/all_year_offline_schedule_search/daily_outputs/SYA/SYA_2014_SYA2014_stress_grid_S0001_daily.csv
SYA,SYA,Shenyang,2014,Leave_One_experiments\wth_generated_qc\SYA\SYA2014.WTH,normal_year;water_stress_year;nitrogen_stress_year,water_stress,SYA2014_stress_grid_S0001,low_input_within_10pct_yield,2014-06-09,160,55,50,"{""sim_day"": 55.0, ""doy"": 160.0, ""topwt"": 533.5488510131836, ""grnwt"": 0.0, ""xlai"": 0.7556427717208862, ""totir"": 0.0, ""tofer"": NaN, ""swfac"": 0.0, ""nstres"": 0.1311569213867187}",0.0,0.1311569213867187,533.5488510131836,0.0,0.7556427717208862,0.0,,0.0,0.0,0.0,0.0,27.29501342773437,27.29501342773437,Leave_One_experiments/all_year_offline_schedule_search/daily_outputs/SYA/SYA_2014_SYA2014_stress_grid_S0001_daily.csv
SYA,SYA,Shenyang,2014,Leave_One_experiments\wth_generated_qc\SYA\SYA2014.WTH,normal_year;water_stress_year;nitrogen_stress_year,water_stress,SYA2014_stress_grid_S0001,low_input_within_10pct_yield,2014-06-10,161,56,51,"{""sim_day"": 56.0, ""doy"": 161.0, ""topwt"": 566.1850357055664, ""grnwt"": 0.0, ""xlai"": 0.779494047164917, ""totir"": 0.0, ""tofer"": NaN, ""swfac"": 0.0, ""nstres"": 0.1488007307052612}",0.0,0.1488007307052612,566.1850357055664,0.0,0.779494047164917,0.0,,0.0,0.0,0.0,0.0,27.29501342773437,27.29501342773437,Leave_One_experiments/all_year_offline_schedule_search/daily_outputs/SYA/SYA_2014_SYA2014_stress_grid_S0001_daily.csv
SYA,SYA,Shenyang,2014,Leave_One_experiments\wth_generated_qc\SYA\SYA2014.WTH,normal_year;water_stress_year;nitrogen_stress_year,water_stress,SYA2014_stress_grid_S0001,low_input_within_10pct_yield,2014-06-11,162,57,52,"{""sim_day"": 57.0, ""doy"": 162.0, ""topwt"": 601.7817687988281, ""grnwt"": 0.0, ""xlai"": 0.8033888339996338, ""totir"": 0.0, ""tofer"": NaN, ""swfac"": 0.0, ""nstres"": 0.1646257042884826}",0.0,0.1646257042884826,601.7817687988281,0.0,0.8033888339996338,0.0,,0.0,0.0,0.0,0.0,27.29501342773437,27.29501342773437,Leave_One_experiments/all_year_offline_schedule_search/daily_outputs/SYA/SYA_2014_SYA2014_stress_grid_S0001_daily.csv
SYA,SYA,Shenyang,2014,Leave_One_experiments\wth_generated_qc\SYA\SYA2014.WTH,normal_year;water_stress_year;nitrogen_stress_year,water_stress,SYA2014_stress_grid_S0001,low_input_within_10pct_yield,2014-06-12,163,58,53,"{""sim_day"": 58.0, ""doy"": 163.0, ""topwt"": 638.7432479858398, ""grnwt"": 0.0, ""xlai"": 0.8257709741592407, ""totir"": 0.0, ""tofer"": NaN, ""swfac"": 0.0, ""nstres"": 0.1750990152359008}",0.0,0.1750990152359008,638.7432479858398,0.0,0.8257709741592407,0.0,,0.0,0.0,0.0,0.0,27.29501342773437,27.29501342773437,Leave_One_experiments/all_year_offline_schedule_search/daily_outputs/SYA/SYA_2014_SYA2014_stress_grid_S0001_daily.csv
SYA,SYA,Shenyang,2014,Leave_One_experiments\wth_generated_qc\SYA\SYA2014.WTH,normal_year;water_stress_year;nitrogen_stress_year,water_stress,SYA2014_stress_grid_S0001,low_input_within_10pct_yield,2014-06-13,164,59,54,"{""sim_day"": 59.0, ""doy"": 164.0, ""topwt"": 677.7549743652344, ""grnwt"": 0.0, ""xlai"": 0.8471553325653076, ""totir"": 0.0, ""tofer"": NaN, ""swfac"": 0.0, ""nstres"": 0.1854502558708191}",0.0,0.1854502558708191,677.7549743652344,0.0,0.8471553325653076,0.0,,0.0,0.0,0.0,0.0,27.29501342773437,27.29501342773437,Leave_One_experiments/all_year_offline_schedule_search/daily_outputs/SYA/SYA_2014_SYA2014_stress_grid_S0001_daily.csv
SYA,SYA,Shenyang,2014,Leave_One_experiments\wth_generated_qc\SYA\SYA2014.WTH,normal_year;water_stress_year;nitrogen_stress_year,water_stress,SYA2014_stress_grid_S0001,low_input_within_10pct_yield,2014-06-14,165,60,55,"{""sim_day"": 60.0, ""doy"": 165.0, ""topwt"": 724.6158599853516, ""grnwt"": 0.0, ""xlai"": 0.8729915618896484, ""totir"": 0.0, ""tofer"": NaN, ""swfac"": 0.0, ""nstres"": 0.1941580176353454}",0.0,0.1941580176353454,724.6158599853516,0.0,0.8729915618896484,0.0,,0.0,0.0,0.0,0.0,27.29501342773437,27.29501342773437,Leave_One_experiments/all_year_offline_schedule_search/daily_outputs/SYA/SYA_2014_SYA2014_stress_grid_S0001_daily.csv
SYA,SYA,Shenyang,2014,Leave_One_experiments\wth_generated_qc\SYA\SYA2014.WTH,normal_year;water_stress_year;nitrogen_stress_year,water_stress,SYA2014_stress_grid_S0001,low_input_within_10pct_yield,2014-06-15,166,61,56,"{""sim_day"": 61.0, ""doy"": 166.0, ""topwt"": 769.8715209960938, ""grnwt"": 0.0, ""xlai"": 0.8936077952384949, ""totir"": 0.0, ""tofer"": NaN, ""swfac"": 0.0, ""nstres"": 0.2064762115478515}",0.0,0.2064762115478515,769.8715209960938,0.0,0.8936077952384949,0.0,,0.0,0.0,0.0,0.0,27.29501342773437,27.29501342773437,Leave_One_experiments/all_year_offline_schedule_search/daily_outputs/SYA/SYA_2014_SYA2014_stress_grid_S0001_daily.csv
SYA,SYA,Shenyang,2014,Leave_One_experiments\wth_generated_qc\SYA\SYA2014.WTH,normal_year;water_stress_year;nitrogen_stress_year,water_stress,SYA2014_stress_grid_S0001,low_input_within_10pct_yield,2014-06-16,167,62,57,"{""sim_day"": 62.0, ""doy"": 167.0, ""topwt"": 810.2264404296875, ""grnwt"": 0.0, ""xlai"": 0.9063091278076172, ""totir"": 0.0, ""tofer"": NaN, ""swfac"": 0.0, ""nstres"": 0.2356096506118774}",0.0,0.2356096506118774,810.2264404296875,0.0,0.9063091278076172,0.0,,0.0,0.0,0.0,0.0,27.29501342773437,27.29501342773437,Leave_One_experiments/all_year_offline_schedule_search/daily_outputs/SYA/SYA_2014_SYA2014_stress_grid_S0001_daily.csv
SYA,SYA,Shenyang,2014,Leave_One_experiments\wth_generated_qc\SYA\SYA2014.WTH,normal_year;water_stress_year;nitrogen_stress_year,water_stress,SYA2014_stress_grid_S0001,low_input_within_10pct_yield,2014-06-17,168,63,58,"{""sim_day"": 63.0, ""doy"": 168.0, ""topwt"": 844.0132904052734, ""grnwt"": 0.0, ""xlai"": 0.9107457995414734, ""totir"": 0.0, ""tofer"": NaN, ""swfac"": 0.0, ""nstres"": 0.2579877972602844}",0.0,0.2579877972602844,844.0132904052734,0.0,0.9107457995414734,0.0,,0.0,0.0,0.0,0.0,27.29501342773437,27.29501342773437,Leave_One_experiments/all_year_offline_schedule_search/daily_outputs/SYA/SYA_2014_SYA2014_stress_grid_S0001_daily.csv
SYA,SYA,Shenyang,2014,Leave_One_experiments\wth_generated_qc\SYA\SYA2014.WTH,normal_year;water_stress_year;nitrogen_stress_year,water_stress,SYA2014_stress_grid_S0001,low_input_within_10pct_yield,2014-06-18,169,64,59,"{""sim_day"": 64.0, ""doy"": 169.0, ""topwt"": 881.5686798095703, ""grnwt"": 0.0, ""xlai"": 0.9165223240852356, ""totir"": 0.0, ""tofer"": NaN, ""swfac"": 0.0, ""nstres"": 0.2709978222846985}",0.0,0.2709978222846985,881.5686798095703,0.0,0.9165223240852356,0.0,,0.0,0.0,0.0,0.0,27.29501342773437,27.29501342773437,Leave_One_experiments/all_year_offline_schedule_search/daily_outputs/SYA/SYA_2014_SYA2014_stress_grid_S0001_daily.csv
SYA,SYA,Shenyang,2014,Leave_One_experiments\wth_generated_qc\SYA\SYA2014.WTH,normal_year;water_stress_year;nitrogen_stress_year,water_stress,SYA2014_stress_grid_S0001,low_input_within_10pct_yield,2014-06-19,170,65,60,"{""sim_day"": 65.0, ""doy"": 170.0, ""topwt"": 921.2970733642578, ""grnwt"": 0.0, ""xlai"": 0.9222660660743712, ""totir"": 0.0, ""tofer"": NaN, ""swfac"": 0.0, ""nstres"": 0.2785826325416565}",0.0,0.2785826325416565,921.2970733642578,0.0,0.9222660660743712,0.0,,0.0,0.0,0.0,0.0,27.29501342773437,27.29501342773437,Leave_One_experiments/all_year_offline_schedule_search/daily_outputs/SYA/SYA_2014_SYA2014_stress_grid_S0001_daily.csv
SYA,SYA,Shenyang,2014,Leave_One_experiments\wth_generated_qc\SYA\SYA2014.WTH,normal_year;water_stress_year;nitrogen_stress_year,water_stress,SYA2014_stress_grid_S0001,low_input_within_10pct_yield,2014-06-20,171,66,61,"{""sim_day"": 66.0, ""doy"": 171.0, ""topwt"": 963.7351989746094, ""grnwt"": 0.0, ""xlai"": 0.9281944036483764, ""totir"": 0.0, ""tofer"": NaN, ""swfac"": 0.0, ""nstres"": 0.2869350910186767}",0.0,0.2869350910186767,963.7351989746094,0.0,0.9281944036483764,0.0,,0.0,0.0,0.0,0.0,27.29501342773437,27.29501342773437,Leave_One_experiments/all_year_offline_schedule_search/daily_outputs/SYA/SYA_2014_SYA2014_stress_grid_S0001_daily.csv
SYA,SYA,Shenyang,2014,Leave_One_experiments\wth_generated_qc\SYA\SYA2014.WTH,normal_year;water_stress_year;nitrogen_stress_year,water_stress,SYA2014_stress_grid_S0001,low_input_within_10pct_yield,2014-06-21,172,67,62,"{""sim_day"": 67.0, ""doy"": 172.0, ""topwt"": 1003.624267578125, ""grnwt"": 0.0, ""xlai"": 0.9302647113800048, ""totir"": 0.0, ""tofer"": NaN, ""swfac"": 0.0, ""nstres"": 0.2991054654121399}",0.0,0.2991054654121399,1003.624267578125,0.0,0.9302647113800048,0.0,,0.0,0.0,0.0,0.0,27.29501342773437,27.29501342773437,Leave_One_experiments/all_year_offline_schedule_search/daily_outputs/SYA/SYA_2014_SYA2014_stress_grid_S0001_daily.csv
SYA,SYA,Shenyang,2014,Leave_One_experiments\wth_generated_qc\SYA\SYA2014.WTH,normal_year;water_stress_year;nitrogen_stress_year,water_stress,SYA2014_stress_grid_S0001,low_input_within_10pct_yield,2014-06-22,173,68,63,"{""sim_day"": 68.0, ""doy"": 173.0, ""topwt"": 1045.6080627441406, ""grnwt"": 0.0, ""xlai"": 0.93195241689682, ""totir"": 0.0, ""tofer"": NaN, ""swfac"": 0.0, ""nstres"": 0.3127948641777038}",0.0,0.3127948641777038,1045.6080627441406,0.0,0.93195241689682,0.0,,0.0,0.0,0.0,0.0,27.29501342773437,27.29501342773437,Leave_One_experiments/all_year_offline_schedule_search/daily_outputs/SYA/SYA_2014_SYA2014_stress_grid_S0001_daily.csv
SYA,SYA,Shenyang,2014,Leave_One_experiments\wth_generated_qc\SYA\SYA2014.WTH,normal_year;water_stress_year;nitrogen_stress_year,water_stress,SYA2014_stress_grid_S0001,low_input_within_10pct_yield,2014-06-23,174,69,64,"{""sim_day"": 69.0, ""doy"": 174.0, ""topwt"": 1092.6809692382812, ""grnwt"": 0.0, ""xlai"": 0.9352426528930664, ""totir"": 0.0, ""tofer"": NaN, ""swfac"": 0.0, ""nstres"": 0.3223565816879272}",0.0,0.3223565816879272,1092.6809692382812,0.0,0.9352426528930664,0.0,,0.0,0.0,0.0,0.0,27.29501342773437,27.29501342773437,Leave_One_experiments/all_year_offline_schedule_search/daily_outputs/SYA/SYA_2014_SYA2014_stress_grid_S0001_daily.csv
SYA,SYA,Shenyang,2014,Leave_One_experiments\wth_generated_qc\SYA\SYA2014.WTH,normal_year;water_stress_year;nitrogen_stress_year,water_stress,SYA2014_stress_grid_S0001,low_input_within_10pct_yield,2014-06-24,175,70,65,"{""sim_day"": 70.0, ""doy"": 175.0, ""topwt"": 1145.6658935546875, ""grnwt"": 0.0, ""xlai"": 0.9401642084121704, ""totir"": 0.0, ""tofer"": NaN, ""swfac"": 0.0, ""nstres"": 0.3328970074653625}",0.0,0.3328970074653625,1145.6658935546875,0.0,0.9401642084121704,0.0,,0.0,0.0,0.0,0.0,27.29501342773437,27.29501342773437,Leave_One_experiments/all_year_offline_schedule_search/daily_outputs/SYA/SYA_2014_SYA2014_stress_grid_S0001_daily.csv
SYA,SYA,Shenyang,2014,Leave_One_experiments\wth_generated_qc\SYA\SYA2014.WTH,normal_year;water_stress_year;nitrogen_stress_year,water_stress,SYA2014_stress_grid_S0001,low_input_within_10pct_yield,2014-06-25,176,71,66,"{""sim_day"": 71.0, ""doy"": 176.0, ""topwt"": 1193.312530517578, ""grnwt"": 0.0, ""xlai"": 0.9397231340408324, ""totir"": 0.0, ""tofer"": NaN, ""swfac"": 0.0, ""nstres"": 0.3442283868789673}",0.0,0.3442283868789673,1193.312530517578,0.0,0.9397231340408324,0.0,,0.0,0.0,0.0,0.0,27.29501342773437,27.29501342773437,Leave_One_experiments/all_year_offline_schedule_search/daily_outputs/SYA/SYA_2014_SYA2014_stress_grid_S0001_daily.csv
SYA,SYA,Shenyang,2014,Leave_One_experiments\wth_generated_qc\SYA\SYA2014.WTH,normal_year;water_stress_year;nitrogen_stress_year,water_stress,SYA2014_stress_grid_S0001,low_input_within_10pct_yield,2014-06-26,177,72,67,"{""sim_day"": 72.0, ""doy"": 177.0, ""topwt"": 1239.0168762207031, ""grnwt"": 0.0, ""xlai"": 0.9364592432975768, ""totir"": 0.0, ""tofer"": NaN, ""swfac"": 0.0, ""nstres"": 0.3562283515930176}",0.0,0.3562283515930176,1239.0168762207031,0.0,0.9364592432975768,0.0,,0.0,0.0,0.0,0.0,27.29501342773437,27.29501342773437,Leave_One_experiments/all_year_offline_schedule_search/daily_outputs/SYA/SYA_2014_SYA2014_stress_grid_S0001_daily.csv
SYA,SYA,Shenyang,2014,Leave_One_experiments\wth_generated_qc\SYA\SYA2014.WTH,normal_year;water_stress_year;nitrogen_stress_year,water_stress,SYA2014_stress_grid_S0001,low_input_within_10pct_yield,2014-06-27,178,73,68,"{""sim_day"": 73.0, ""doy"": 178.0, ""topwt"": 1285.1583862304688, ""grnwt"": 0.0, ""xlai"": 0.9322420954704284, ""totir"": 0.0, ""tofer"": NaN, ""swfac"": 0.0, ""nstres"": 0.3612212538719177}",0.0,0.3612212538719177,1285.1583862304688,0.0,0.9322420954704284,0.0,,0.0,0.0,0.0,0.0,27.29501342773437,27.29501342773437,Leave_One_experiments/all_year_offline_schedule_search/daily_outputs/SYA/SYA_2014_SYA2014_stress_grid_S0001_daily.csv
SYA,SYA,Shenyang,2014,Leave_One_experiments\wth_generated_qc\SYA\SYA2014.WTH,normal_year;water_stress_year;nitrogen_stress_year,water_stress,SYA2014_stress_grid_S0001,low_input_within_10pct_yield,2014-06-28,179,74,69,"{""sim_day"": 74.0, ""doy"": 179.0, ""topwt"": 1339.8268127441406, ""grnwt"": 0.0, ""xlai"": 0.931245505809784, ""totir"": 0.0, ""tofer"": NaN, ""swfac"": 0.0, ""nstres"": 0.3668873310089111}",0.0,0.3668873310089111,1339.8268127441406,0.0,0.931245505809784,0.0,,0.0,0.0,0.0,0.0,27.29501342773437,27.29501342773437,Leave_One_experiments/all_year_offline_schedule_search/daily_outputs/SYA/SYA_2014_SYA2014_stress_grid_S0001_daily.csv
SYA,SYA,Shenyang,2014,Leave_One_experiments\wth_generated_qc\SYA\SYA2014.WTH,normal_year;water_stress_year;nitrogen_stress_year,water_stress,SYA2014_stress_grid_S0001,low_input_within_10pct_yield,2014-06-29,180,75,70,"{""sim_day"": 75.0, ""doy"": 180.0, ""topwt"": 1403.039093017578, ""grnwt"": 0.0, ""xlai"": 0.9329188466072084, ""totir"": 0.0, ""tofer"": NaN, ""swfac"": 0.0, ""nstres"": 0.3708982467651367}",0.0,0.3708982467651367,1403.039093017578,0.0,0.9329188466072084,0.0,,0.0,0.0,0.0,0.0,27.29501342773437,27.29501342773437,Leave_One_experiments/all_year_offline_schedule_search/daily_outputs/SYA/SYA_2014_SYA2014_stress_grid_S0001_daily.csv
SYA,SYA,Shenyang,2014,Leave_One_experiments\wth_generated_qc\SYA\SYA2014.WTH,normal_year;water_stress_year;nitrogen_stress_year,water_stress,SYA2014_stress_grid_S0001,low_input_within_10pct_yield,2014-06-30,181,76,71,"{""sim_day"": 76.0, ""doy"": 181.0, ""topwt"": 1468.8829040527344, ""grnwt"": 0.0, ""xlai"": 0.9339006543159484, ""totir"": 0.0, ""tofer"": NaN, ""swfac"": 0.0, ""nstres"": 0.3772364854812622}",0.0,0.3772364854812622,1468.8829040527344,0.0,0.9339006543159484,0.0,,0.0,0.0,0.0,0.0,27.29501342773437,27.29501342773437,Leave_One_experiments/all_year_offline_schedule_search/daily_outputs/SYA/SYA_2014_SYA2014_stress_grid_S0001_daily.csv
SYA,SYA,Shenyang,2014,Leave_One_experiments\wth_generated_qc\SYA\SYA2014.WTH,normal_year;water_stress_year;nitrogen_stress_year,water_stress,SYA2014_stress_grid_S0001,low_input_within_10pct_yield,2014-07-01,182,77,72,"{""sim_day"": 77.0, ""doy"": 182.0, ""topwt"": 1604.222412109375, ""grnwt"": 0.0, ""xlai"": 0.998109757900238, ""totir"": 0.0, ""tofer"": NaN, ""swfac"": 0.0, ""nstres"": 0.3880629539489746}",0.0,0.3880629539489746,1604.222412109375,0.0,0.998109757900238,0.0,,0.0,0.0,0.0,0.0,27.29501342773437,27.29501342773437,Leave_One_experiments/all_year_offline_schedule_search/daily_outputs/SYA/SYA_2014_SYA2014_stress_grid_S0001_daily.csv
SYA,SYA,Shenyang,2014,Leave_One_experiments\wth_generated_qc\SYA\SYA2014.WTH,normal_year;water_stress_year;nitrogen_stress_year,water_stress,SYA2014_stress_grid_S0001,low_input_within_10pct_yield,2014-07-02,183,78,73,"{""sim_day"": 78.0, ""doy"": 183.0, ""topwt"": 1689.2437744140625, ""grnwt"": 0.0, ""xlai"": 1.0075809955596924, ""totir"": 0.0, ""tofer"": NaN, ""swfac"": 0.0, ""nstres"": 0.3961900472640991}",0.0,0.3961900472640991,1689.2437744140625,0.0,1.0075809955596924,0.0,,0.0,0.0,0.0,0.0,27.29501342773437,27.29501342773437,Leave_One_experiments/all_year_offline_schedule_search/daily_outputs/SYA/SYA_2014_SYA2014_stress_grid_S0001_daily.csv
SYA,SYA,Shenyang,2014,Leave_One_experiments\wth_generated_qc\SYA\SYA2014.WTH,normal_year;water_stress_year;nitrogen_stress_year,water_stress,SYA2014_stress_grid_S0001,low_input_within_10pct_yield,2014-07-03,184,79,74,"{""sim_day"": 79.0, ""doy"": 184.0, ""topwt"": 1764.7552490234375, ""grnwt"": 0.0, ""xlai"": 1.0043503046035769, ""totir"": 0.0, ""tofer"": NaN, ""swfac"": 0.0, ""nstres"": 0.4289733171463012}",0.0,0.4289733171463012,1764.7552490234375,0.0,1.0043503046035769,0.0,,0.0,0.0,0.0,0.0,27.29501342773437,27.29501342773437,Leave_One_experiments/all_year_offline_schedule_search/daily_outputs/SYA/SYA_2014_SYA2014_stress_grid_S0001_daily.csv
SYA,SYA,Shenyang,2014,Leave_One_experiments\wth_generated_qc\SYA\SYA2014.WTH,normal_year;water_stress_year;nitrogen_stress_year,water_stress,SYA2014_stress_grid_S0001,low_input_within_10pct_yield,2014-07-04,185,80,75,"{""sim_day"": 80.0, ""doy"": 185.0, ""topwt"": 1833.140106201172, ""grnwt"": 0.0, ""xlai"": 0.9947158098220824, ""totir"": 0.0, ""tofer"": NaN, ""swfac"": 0.0, ""nstres"": 0.4356600642204284}",0.0,0.4356600642204284,1833.140106201172,0.0,0.9947158098220824,0.0,,0.0,0.0,0.0,0.0,27.29501342773437,27.29501342773437,Leave_One_experiments/all_year_offline_schedule_search/daily_outputs/SYA/SYA_2014_SYA2014_stress_grid_S0001_daily.csv
SYA,SYA,Shenyang,2014,Leave_One_experiments\wth_generated_qc\SYA\SYA2014.WTH,normal_year;water_stress_year;nitrogen_stress_year,water_stress,SYA2014_stress_grid_S0001,low_input_within_10pct_yield,2014-07-05,186,81,76,"{""sim_day"": 81.0, ""doy"": 186.0, ""topwt"": 1895.7981872558596, ""grnwt"": 0.0, ""xlai"": 0.9812057614326476, ""totir"": 0.0, ""tofer"": NaN, ""swfac"": 0.0, ""nstres"": 0.4378257989883423}",0.0,0.4378257989883423,1895.7981872558596,0.0,0.9812057614326476,0.0,,0.0,0.0,0.0,0.0,27.29501342773437,27.29501342773437,Leave_One_experiments/all_year_offline_schedule_search/daily_outputs/SYA/SYA_2014_SYA2014_stress_grid_S0001_daily.csv
SYA,SYA,Shenyang,2014,Leave_One_experiments\wth_generated_qc\SYA\SYA2014.WTH,normal_year;water_stress_year;nitrogen_stress_year,water_stress,SYA2014_stress_grid_S0001,low_input_within_10pct_yield,2014-07-06,187,82,77,"{""sim_day"": 82.0, ""doy"": 187.0, ""topwt"": 1956.120147705078, ""grnwt"": 0.0, ""xlai"": 0.9659766554832458, ""totir"": 0.0, ""tofer"": NaN, ""swfac"": 0.0, ""nstres"": 0.4368079304695129}",0.0,0.4368079304695129,1956.120147705078,0.0,0.9659766554832458,0.0,,0.0,0.0,0.0,0.0,27.29501342773437,27.29501342773437,Leave_One_experiments/all_year_offline_schedule_search/daily_outputs/SYA/SYA_2014_SYA2014_stress_grid_S0001_daily.csv
SYA,SYA,Shenyang,2014,Leave_One_experiments\wth_generated_qc\SYA\SYA2014.WTH,normal_year;water_stress_year;nitrogen_stress_year,water_stress,SYA2014_stress_grid_S0001,low_input_within_10pct_yield,2014-07-07,188,83,78,"{""sim_day"": 83.0, ""doy"": 188.0, ""topwt"": 2007.4650573730469, ""grnwt"": 0.0, ""xlai"": 0.9476061463356018, ""totir"": 0.0, ""tofer"": NaN, ""swfac"": 0.0, ""nstres"": 0.4336046576499939}",0.0,0.4336046576499939,2007.4650573730469,0.0,0.9476061463356018,0.0,,0.0,0.0,0.0,0.0,27.29501342773437,27.29501342773437,Leave_One_experiments/all_year_offline_schedule_search/daily_outputs/SYA/SYA_2014_SYA2014_stress_grid_S0001_daily.csv
SYA,SYA,Shenyang,2014,Leave_One_experiments\wth_generated_qc\SYA\SYA2014.WTH,normal_year;water_stress_year;nitrogen_stress_year,water_stress,SYA2014_stress_grid_S0001,low_input_within_10pct_yield,2014-07-08,189,84,79,"{""sim_day"": 84.0, ""doy"": 189.0, ""topwt"": 2068.441162109375, ""grnwt"": 0.0, ""xlai"": 0.9319953918457032, ""totir"": 0.0, ""tofer"": NaN, ""swfac"": 0.0, ""nstres"": 0.4281280040740967}",0.0,0.4281280040740967,2068.441162109375,0.0,0.9319953918457032,0.0,,0.0,0.0,0.0,0.0,27.29501342773437,27.29501342773437,Leave_One_experiments/all_year_offline_schedule_search/daily_outputs/SYA/SYA_2014_SYA2014_stress_grid_S0001_daily.csv
SYA,SYA,Shenyang,2014,Leave_One_experiments\wth_generated_qc\SYA\SYA2014.WTH,normal_year;water_stress_year;nitrogen_stress_year,water_stress,SYA2014_stress_grid_S0001,low_input_within_10pct_yield,2014-07-09,190,85,80,"{""sim_day"": 85.0, ""doy"": 190.0, ""topwt"": 2120.913391113281, ""grnwt"": 0.0, ""xlai"": 0.9141194820404052, ""totir"": 0.0, ""tofer"": NaN, ""swfac"": 0.0, ""nstres"": 0.4222489595413208}",0.0,0.4222489595413208,2120.913391113281,0.0,0.9141194820404052,0.0,,0.0,0.0,0.0,0.0,27.29501342773437,27.29501342773437,Leave_One_experiments/all_year_offline_schedule_search/daily_outputs/SYA/SYA_2014_SYA2014_stress_grid_S0001_daily.csv
SYA,SYA,Shenyang,2014,Leave_One_experiments\wth_generated_qc\SYA\SYA2014.WTH,normal_year;water_stress_year;nitrogen_stress_year,water_stress,SYA2014_stress_grid_S0001,low_input_within_10pct_yield,2014-07-10,191,86,81,"{""sim_day"": 86.0, ""doy"": 191.0, ""topwt"": 2175.272216796875, ""grnwt"": 0.0, ""xlai"": 0.8969727158546448, ""totir"": 0.0, ""tofer"": NaN, ""swfac"": 0.0, ""nstres"": 0.4174764752388}",0.0,0.4174764752388,2175.272216796875,0.0,0.8969727158546448,0.0,,0.0,0.0,0.0,0.0,27.29501342773437,27.29501342773437,Leave_One_experiments/all_year_offline_schedule_search/daily_outputs/SYA/SYA_2014_SYA2014_stress_grid_S0001_daily.csv
SYA,SYA,Shenyang,2014,Leave_One_experiments\wth_generated_qc\SYA\SYA2014.WTH,normal_year;water_stress_year;nitrogen_stress_year,water_stress,SYA2014_stress_grid_S0001,low_input_within_10pct_yield,2014-07-11,192,87,82,"{""sim_day"": 87.0, ""doy"": 192.0, ""topwt"": 2229.5587158203125, ""grnwt"": 0.0, ""xlai"": 0.8800265192985535, ""totir"": 0.0, ""tofer"": NaN, ""swfac"": 0.0, ""nstres"": 0.4135712385177612}",0.0,0.4135712385177612,2229.5587158203125,0.0,0.8800265192985535,0.0,,0.0,0.0,0.0,0.0,27.29501342773437,27.29501342773437,Leave_One_experiments/all_year_offline_schedule_search/daily_outputs/SYA/SYA_2014_SYA2014_stress_grid_S0001_daily.csv
SYA,SYA,Shenyang,2014,Leave_One_experiments\wth_generated_qc\SYA\SYA2014.WTH,normal_year;water_stress_year;nitrogen_stress_year,water_stress,SYA2014_stress_grid_S0001,low_input_within_10pct_yield,2014-07-12,193,88,83,"{""sim_day"": 88.0, ""doy"": 193.0, ""topwt"": 2286.2098693847656, ""grnwt"": 0.0, ""xlai"": 0.8643959760665894, ""totir"": 0.0, ""tofer"": NaN, ""swfac"": 0.0, ""nstres"": 0.4094788432121277}",0.0,0.4094788432121277,2286.2098693847656,0.0,0.8643959760665894,0.0,,0.0,0.0,0.0,0.0,27.29501342773437,27.29501342773437,Leave_One_experiments/all_year_offline_schedule_search/daily_outputs/SYA/SYA_2014_SYA2014_stress_grid_S0001_daily.csv
SYA,SYA,Shenyang,2014,Leave_One_experiments\wth_generated_qc\SYA\SYA2014.WTH,normal_year;water_stress_year;nitrogen_stress_year,water_stress,SYA2014_stress_grid_S0001,low_input_within_10pct_yield,2014-07-13,194,89,84,"{""sim_day"": 89.0, ""doy"": 194.0, ""topwt"": 2349.598846435547, ""grnwt"": 0.0, ""xlai"": 0.8511859178543091, ""totir"": 0.0, ""tofer"": NaN, ""swfac"": 0.0, ""nstres"": 0.4039404392242431}",0.0,0.4039404392242431,2349.598846435547,0.0,0.8511859178543091,0.0,,0.0,0.0,0.0,0.0,27.29501342773437,27.29501342773437,Leave_One_experiments/all_year_offline_schedule_search/daily_outputs/SYA/SYA_2014_SYA2014_stress_grid_S0001_daily.csv
SYA,SYA,Shenyang,2014,Leave_One_experiments\wth_generated_qc\SYA\SYA2014.WTH,normal_year;water_stress_year;nitrogen_stress_year,water_stress,SYA2014_stress_grid_S0001,low_input_within_10pct_yield,2014-07-14,195,90,85,"{""sim_day"": 90.0, ""doy"": 195.0, ""topwt"": 2416.3897705078125, ""grnwt"": 0.0, ""xlai"": 0.8395312428474426, ""totir"": 0.0, ""tofer"": NaN, ""swfac"": 0.0, ""nstres"": 0.3965898156166076}",0.0,0.3965898156166076,2416.3897705078125,0.0,0.8395312428474426,0.0,,0.0,0.0,0.0,0.0,27.29501342773437,27.29501342773437,Leave_One_experiments/all_year_offline_schedule_search/daily_outputs/SYA/SYA_2014_SYA2014_stress_grid_S0001_daily.csv
SYA,SYA,Shenyang,2014,Leave_One_experiments\wth_generated_qc\SYA\SYA2014.WTH,normal_year;water_stress_year;nitrogen_stress_year,water_stress,SYA2014_stress_grid_S0001,low_input_within_10pct_yield,2014-07-15,196,91,86,"{""sim_day"": 91.0, ""doy"": 196.0, ""topwt"": 2477.9965209960938, ""grnwt"": 0.0, ""xlai"": 0.8272238969802856, ""totir"": 0.0, ""tofer"": NaN, ""swfac"": 0.0, ""nstres"": 0.3888367414474487}",0.0,0.3888367414474487,2477.9965209960938,0.0,0.8272238969802856,0.0,,0.0,0.0,0.0,0.0,27.29501342773437,27.29501342773437,Leave_One_experiments/all_year_offline_schedule_search/daily_outputs/SYA/SYA_2014_SYA2014_stress_grid_S0001_daily.csv
SYA,SYA,Shenyang,2014,Leave_One_experiments\wth_generated_qc\SYA\SYA2014.WTH,normal_year;water_stress_year;nitrogen_stress_year,water_stress,SYA2014_stress_grid_S0001,low_input_within_10pct_yield,2014-07-16,197,92,87,"{""sim_day"": 92.0, ""doy"": 197.0, ""topwt"": 2539.367218017578, ""grnwt"": 0.0, ""xlai"": 0.815500020980835, ""totir"": 0.0, ""tofer"": NaN, ""swfac"": 0.0, ""nstres"": 0.381797194480896}",0.0,0.381797194480896,2539.367218017578,0.0,0.815500020980835,0.0,,0.0,0.0,0.0,0.0,27.29501342773437,27.29501342773437,Leave_One_experiments/all_year_offline_schedule_search/daily_outputs/SYA/SYA_2014_SYA2014_stress_grid_S0001_daily.csv
SYA,SYA,Shenyang,2014,Leave_One_experiments\wth_generated_qc\SYA\SYA2014.WTH,normal_year;water_stress_year;nitrogen_stress_year,water_stress,SYA2014_stress_grid_S0001,low_input_within_10pct_yield,2014-07-17,198,93,88,"{""sim_day"": 93.0, ""doy"": 198.0, ""topwt"": 2608.978271484375, ""grnwt"": 0.0, ""xlai"": 0.806642472743988, ""totir"": 0.0, ""tofer"": NaN, ""swfac"": 0.0, ""nstres"": 0.3697152137756347}",0.0,0.3697152137756347,2608.978271484375,0.0,0.806642472743988,0.0,,0.0,0.0,0.0,0.0,27.29501342773437,27.29501342773437,Leave_One_experiments/all_year_offline_schedule_search/daily_outputs/SYA/SYA_2014_SYA2014_stress_grid_S0001_daily.csv
SYA,SYA,Shenyang,2014,Leave_One_experiments\wth_generated_qc\SYA\SYA2014.WTH,normal_year;water_stress_year;nitrogen_stress_year,water_stress,SYA2014_stress_grid_S0001,low_input_within_10pct_yield,2014-07-18,199,94,89,"{""sim_day"": 94.0, ""doy"": 199.0, ""topwt"": 2675.1773071289062, ""grnwt"": 0.0, ""xlai"": 0.7808632850646973, ""totir"": 0.0, ""tofer"": NaN, ""swfac"": 0.0, ""nstres"": 0.3670070171356201}",0.0,0.3670070171356201,2675.1773071289062,0.0,0.7808632850646973,0.0,,0.0,0.0,0.0,0.0,27.29501342773437,27.29501342773437,Leave_One_experiments/all_year_offline_schedule_search/daily_outputs/SYA/SYA_2014_SYA2014_stress_grid_S0001_daily.csv
SYA,SYA,Shenyang,2014,Leave_One_experiments\wth_generated_qc\SYA\SYA2014.WTH,normal_year;water_stress_year;nitrogen_stress_year,water_stress,SYA2014_stress_grid_S0001,low_input_within_10pct_yield,2014-07-19,200,95,90,"{""sim_day"": 95.0, ""doy"": 200.0, ""topwt"": 2765.2740478515625, ""grnwt"": 0.0, ""xlai"": 0.7564488649368286, ""totir"": 0.0, ""tofer"": NaN, ""swfac"": 0.0, ""nstres"": 0.3503810167312622}",0.0,0.3503810167312622,2765.2740478515625,0.0,0.7564488649368286,0.0,,0.0,0.0,0.0,0.0,27.29501342773437,27.29501342773437,Leave_One_experiments/all_year_offline_schedule_search/daily_outputs/SYA/SYA_2014_SYA2014_stress_grid_S0001_daily.csv
SYA,SYA,Shenyang,2014,Leave_One_experiments\wth_generated_qc\SYA\SYA2014.WTH,normal_year;water_stress_year;nitrogen_stress_year,water_stress,SYA2014_stress_grid_S0001,low_input_within_10pct_yield,2014-07-20,201,96,91,"{""sim_day"": 96.0, ""doy"": 201.0, ""topwt"": 2777.1072387695312, ""grnwt"": 0.0, ""xlai"": 0.7329660058021545, ""totir"": 0.0, ""tofer"": NaN, ""swfac"": 0.0, ""nstres"": 0.3450459241867065}",0.0,0.3450459241867065,2777.1072387695312,0.0,0.7329660058021545,0.0,,0.0,0.0,0.0,0.0,27.29501342773437,27.29501342773437,Leave_One_experiments/all_year_offline_schedule_search/daily_outputs/SYA/SYA_2014_SYA2014_stress_grid_S0001_daily.csv
SYA,SYA,Shenyang,2014,Leave_One_experiments\wth_generated_qc\SYA\SYA2014.WTH,normal_year;water_stress_year;nitrogen_stress_year,water_stress,SYA2014_stress_grid_S0001,low_input_within_10pct_yield,2014-07-21,202,97,92,"{""sim_day"": 97.0, ""doy"": 202.0, ""topwt"": 2825.2389526367188, ""grnwt"": 0.0, ""xlai"": 0.7102349996566772, ""totir"": 0.0, ""tofer"": NaN, ""swfac"": 0.0, ""nstres"": 0.3442967534065246}",0.0,0.3442967534065246,2825.2389526367188,0.0,0.7102349996566772,0.0,,0.0,0.0,0.0,0.0,27.29501342773437,27.29501342773437,Leave_One_experiments/all_year_offline_schedule_search/daily_outputs/SYA/SYA_2014_SYA2014_stress_grid_S0001_daily.csv
SYA,SYA,Shenyang,2014,Leave_One_experiments\wth_generated_qc\SYA\SYA2014.WTH,normal_year;water_stress_year;nitrogen_stress_year,water_stress,SYA2014_stress_grid_S0001,low_input_within_10pct_yield,2014-07-22,203,98,93,"{""sim_day"": 98.0, ""doy"": 203.0, ""topwt"": 2909.70947265625, ""grnwt"": 0.0, ""xlai"": 0.6887860894203186, ""totir"": 0.0, ""tofer"": NaN, ""swfac"": 0.0, ""nstres"": 0.324795663356781}",0.0,0.324795663356781,2909.70947265625,0.0,0.6887860894203186,0.0,,0.0,0.0,0.0,0.0,27.29501342773437,27.29501342773437,Leave_One_experiments/all_year_offline_schedule_search/daily_outputs/SYA/SYA_2014_SYA2014_stress_grid_S0001_daily.csv
SYA,SYA,Shenyang,2014,Leave_One_experiments\wth_generated_qc\SYA\SYA2014.WTH,normal_year;water_stress_year;nitrogen_stress_year,water_stress,SYA2014_stress_grid_S0001,low_input_within_10pct_yield,2014-07-23,204,99,94,"{""sim_day"": 99.0, ""doy"": 204.0, ""topwt"": 2965.3726196289062, ""grnwt"": 0.0, ""xlai"": 0.6682897210121155, ""totir"": 0.0, ""tofer"": NaN, ""swfac"": 0.0, ""nstres"": 0.3141706585884094}",0.0,0.3141706585884094,2965.3726196289062,0.0,0.6682897210121155,0.0,,0.0,0.0,0.0,0.0,27.29501342773437,27.29501342773437,Leave_One_experiments/all_year_offline_schedule_search/daily_outputs/SYA/SYA_2014_SYA2014_stress_grid_S0001_daily.csv
SYA,SYA,Shenyang,2014,Leave_One_experiments\wth_generated_qc\SYA\SYA2014.WTH,normal_year;water_stress_year;nitrogen_stress_year,water_stress,SYA2014_stress_grid_S0001,low_input_within_10pct_yield,2014-07-24,205,100,95,"{""sim_day"": 100.0, ""doy"": 205.0, ""topwt"": 2976.6378784179688, ""grnwt"": 0.0, ""xlai"": 0.6484642028808594, ""totir"": 0.0, ""tofer"": NaN, ""swfac"": 0.0, ""nstres"": 0.3119853734970093}",0.0,0.3119853734970093,2976.6378784179688,0.0,0.6484642028808594,0.0,,0.0,0.0,0.0,0.0,27.29501342773437,27.29501342773437,Leave_One_experiments/all_year_offline_schedule_search/daily_outputs/SYA/SYA_2014_SYA2014_stress_grid_S0001_daily.csv
SYA,SYA,Shenyang,2014,Leave_One_experiments\wth_generated_qc\SYA\SYA2014.WTH,normal_year;water_stress_year;nitrogen_stress_year,water_stress,SYA2014_stress_grid_S0001,low_input_within_10pct_yield,2014-07-25,206,101,96,"{""sim_day"": 101.0, ""doy"": 206.0, ""topwt"": 3065.3466796875, ""grnwt"": 0.0, ""xlai"": 0.6295191049575806, ""totir"": 0.0, ""tofer"": NaN, ""swfac"": 0.0, ""nstres"": 0.3011648654937744}",0.0,0.3011648654937744,3065.3466796875,0.0,0.6295191049575806,0.0,,0.0,0.0,0.0,0.0,27.29501342773437,27.29501342773437,Leave_One_experiments/all_year_offline_schedule_search/daily_outputs/SYA/SYA_2014_SYA2014_stress_grid_S0001_daily.csv
SYA,SYA,Shenyang,2014,Leave_One_experiments\wth_generated_qc\SYA\SYA2014.WTH,normal_year;water_stress_year;nitrogen_stress_year,water_stress,SYA2014_stress_grid_S0001,low_input_within_10pct_yield,2014-07-26,207,102,97,"{""sim_day"": 102.0, ""doy"": 207.0, ""topwt"": 3152.637023925781, ""grnwt"": 0.0, ""xlai"": 0.6117057800292969, ""totir"": 0.0, ""tofer"": NaN, ""swfac"": 0.0, ""nstres"": 0.2791227698326111}",0.0,0.2791227698326111,3152.637023925781,0.0,0.6117057800292969,0.0,,0.0,0.0,0.0,0.0,27.29501342773437,27.29501342773437,Leave_One_experiments/all_year_offline_schedule_search/daily_outputs/SYA/SYA_2014_SYA2014_stress_grid_S0001_daily.csv
SYA,SYA,Shenyang,2014,Leave_One_experiments\wth_generated_qc\SYA\SYA2014.WTH,normal_year;water_stress_year;nitrogen_stress_year,water_stress,SYA2014_stress_grid_S0001,low_input_within_10pct_yield,2014-07-27,208,103,98,"{""sim_day"": 103.0, ""doy"": 208.0, ""topwt"": 3224.89013671875, ""grnwt"": 0.0, ""xlai"": 0.5946027040481567, ""totir"": 0.0, ""tofer"": NaN, ""swfac"": 0.0, ""nstres"": 0.271033227443695}",0.0,0.271033227443695,3224.89013671875,0.0,0.5946027040481567,0.0,,0.0,0.0,0.0,0.0,27.29501342773437,27.29501342773437,Leave_One_experiments/all_year_offline_schedule_search/daily_outputs/SYA/SYA_2014_SYA2014_stress_grid_S0001_daily.csv
SYA,SYA,Shenyang,2014,Leave_One_experiments\wth_generated_qc\SYA\SYA2014.WTH,normal_year;water_stress_year;nitrogen_stress_year,water_stress,SYA2014_stress_grid_S0001,low_input_within_10pct_yield,2014-07-28,209,104,99,"{""sim_day"": 104.0, ""doy"": 209.0, ""topwt"": 3324.0994262695312, ""grnwt"": 112.84738540649414, ""xlai"": 0.5782365798950195, ""totir"": 0.0, ""tofer"": NaN, ""swfac"": 0.0, ""nstres"": 0.260586678981781}",0.0,0.260586678981781,3324.0994262695312,112.84738540649414,0.5782365798950195,0.0,,0.0,0.0,0.0,0.0,27.29501342773437,27.29501342773437,Leave_One_experiments/all_year_offline_schedule_search/daily_outputs/SYA/SYA_2014_SYA2014_stress_grid_S0001_daily.csv
SYA,SYA,Shenyang,2014,Leave_One_experiments\wth_generated_qc\SYA\SYA2014.WTH,normal_year;water_stress_year;nitrogen_stress_year,water_stress,SYA2014_stress_grid_S0001,low_input_within_10pct_yield,2014-07-29,210,105,100,"{""sim_day"": 105.0, ""doy"": 210.0, ""topwt"": 3394.4830322265625, ""grnwt"": 186.14301681518555, ""xlai"": 0.5615175366401672, ""totir"": 0.0, ""tofer"": NaN, ""swfac"": 0.0, ""nstres"": 0.2939320206642151}",0.0,0.2939320206642151,3394.4830322265625,186.14301681518555,0.5615175366401672,0.0,,0.0,0.0,0.0,0.0,27.29501342773437,27.29501342773437,Leave_One_experiments/all_year_offline_schedule_search/daily_outputs/SYA/SYA_2014_SYA2014_stress_grid_S0001_daily.csv
SYA,SYA,Shenyang,2014,Leave_One_experiments\wth_generated_qc\SYA\SYA2014.WTH,normal_year;water_stress_year;nitrogen_stress_year,water_stress,SYA2014_stress_grid_S0001,low_input_within_10pct_yield,2014-07-30,211,106,101,"{""sim_day"": 106.0, ""doy"": 211.0, ""topwt"": 3482.1060180664062, ""grnwt"": 259.4386482238769, ""xlai"": 0.5454240441322327, ""totir"": 0.0, ""tofer"": NaN, ""swfac"": 0.0, ""nstres"": 0.2878593802452087}",0.0,0.2878593802452087,3482.1060180664062,259.4386482238769,0.5454240441322327,0.0,,0.0,0.0,0.0,0.0,27.29501342773437,27.29501342773437,Leave_One_experiments/all_year_offline_schedule_search/daily_outputs/SYA/SYA_2014_SYA2014_stress_grid_S0001_daily.csv
SYA,SYA,Shenyang,2014,Leave_One_experiments\wth_generated_qc\SYA\SYA2014.WTH,normal_year;water_stress_year;nitrogen_stress_year,water_stress,SYA2014_stress_grid_S0001,low_input_within_10pct_yield,2014-07-31,212,107,102,"{""sim_day"": 107.0, ""doy"": 212.0, ""topwt"": 3548.004150390625, ""grnwt"": 323.1142044067383, ""xlai"": 0.5298932194709778, ""totir"": 0.0, ""tofer"": NaN, ""swfac"": 0.0, ""nstres"": 0.2833970189094543}",0.0,0.2833970189094543,3548.004150390625,323.1142044067383,0.5298932194709778,0.0,,0.0,0.0,0.0,0.0,27.29501342773437,27.29501342773437,Leave_One_experiments/all_year_offline_schedule_search/daily_outputs/SYA/SYA_2014_SYA2014_stress_grid_S0001_daily.csv
SYA,SYA,Shenyang,2014,Leave_One_experiments\wth_generated_qc\SYA\SYA2014.WTH,normal_year;water_stress_year;nitrogen_stress_year,water_stress,SYA2014_stress_grid_S0001,low_input_within_10pct_yield,2014-08-01,213,108,103,"{""sim_day"": 108.0, ""doy"": 213.0, ""topwt"": 3611.679992675781, ""grnwt"": 386.7898178100586, ""xlai"": 0.5148111581802368, ""totir"": 0.0, ""tofer"": NaN, ""swfac"": 0.0, ""nstres"": 0.2830982804298401}",0.0,0.2830982804298401,3611.679992675781,386.7898178100586,0.5148111581802368,0.0,,0.0,0.0,0.0,0.0,27.29501342773437,27.29501342773437,Leave_One_experiments/all_year_offline_schedule_search/daily_outputs/SYA/SYA_2014_SYA2014_stress_grid_S0001_daily.csv
SYA,SYA,Shenyang,2014,Leave_One_experiments\wth_generated_qc\SYA\SYA2014.WTH,normal_year;water_stress_year;nitrogen_stress_year,water_stress,SYA2014_stress_grid_S0001,low_input_within_10pct_yield,2014-08-02,214,109,104,"{""sim_day"": 109.0, ""doy"": 214.0, ""topwt"": 3682.226867675781, ""grnwt"": 457.3368453979492, ""xlai"": 0.500241756439209, ""totir"": 0.0, ""tofer"": NaN, ""swfac"": 0.0, ""nstres"": 0.2792088389396667}",0.0,0.2792088389396667,3682.226867675781,457.3368453979492,0.500241756439209,0.0,,0.0,0.0,0.0,0.0,27.29501342773437,27.29501342773437,Leave_One_experiments/all_year_offline_schedule_search/daily_outputs/SYA/SYA_2014_SYA2014_stress_grid_S0001_daily.csv
SYA,SYA,Shenyang,2014,Leave_One_experiments\wth_generated_qc\SYA\SYA2014.WTH,normal_year;water_stress_year;nitrogen_stress_year,water_stress,SYA2014_stress_grid_S0001,low_input_within_10pct_yield,2014-08-03,215,110,105,"{""sim_day"": 110.0, ""doy"": 215.0, ""topwt"": 3755.5224609375, ""grnwt"": 530.6324768066406, ""xlai"": 0.48610320687294, ""totir"": 0.0, ""tofer"": NaN, ""swfac"": 0.0, ""nstres"": 0.2783198356628418}",0.0,0.2783198356628418,3755.5224609375,530.6324768066406,0.48610320687294,0.0,,0.0,0.0,0.0,0.0,27.29501342773437,27.29501342773437,Leave_One_experiments/all_year_offline_schedule_search/daily_outputs/SYA/SYA_2014_SYA2014_stress_grid_S0001_daily.csv
SYA,SYA,Shenyang,2014,Leave_One_experiments\wth_generated_qc\SYA\SYA2014.WTH,normal_year;water_stress_year;nitrogen_stress_year,water_stress,SYA2014_stress_grid_S0001,low_input_within_10pct_yield,2014-08-04,216,111,106,"{""sim_day"": 111.0, ""doy"": 216.0, ""topwt"": 3828.8180541992183, ""grnwt"": 603.928108215332, ""xlai"": 0.4723320603370666, ""totir"": 0.0, ""tofer"": NaN, ""swfac"": 0.0, ""nstres"": 0.2799126505851745}",0.0,0.2799126505851745,3828.8180541992183,603.928108215332,0.4723320603370666,0.0,,0.0,0.0,0.0,0.0,27.29501342773437,27.29501342773437,Leave_One_experiments/all_year_offline_schedule_search/daily_outputs/SYA/SYA_2014_SYA2014_stress_grid_S0001_daily.csv
SYA,SYA,Shenyang,2014,Leave_One_experiments\wth_generated_qc\SYA\SYA2014.WTH,normal_year;water_stress_year;nitrogen_stress_year,water_stress,SYA2014_stress_grid_S0001,low_input_within_10pct_yield,2014-08-05,217,112,107,"{""sim_day"": 112.0, ""doy"": 217.0, ""topwt"": 3902.1136474609375, ""grnwt"": 677.2237396240234, ""xlai"": 0.4589376449584961, ""totir"": 0.0, ""tofer"": NaN, ""swfac"": 0.0, ""nstres"": 0.2805906534194946}",0.0,0.2805906534194946,3902.1136474609375,677.2237396240234,0.4589376449584961,0.0,,0.0,0.0,0.0,0.0,27.29501342773437,27.29501342773437,Leave_One_experiments/all_year_offline_schedule_search/daily_outputs/SYA/SYA_2014_SYA2014_stress_grid_S0001_daily.csv
SYA,SYA,Shenyang,2014,Leave_One_experiments\wth_generated_qc\SYA\SYA2014.WTH,normal_year;water_stress_year;nitrogen_stress_year,water_stress,SYA2014_stress_grid_S0001,low_input_within_10pct_yield,2014-08-06,218,113,108,"{""sim_day"": 113.0, ""doy"": 218.0, ""topwt"": 3975.4095458984375, ""grnwt"": 750.5194091796875, ""xlai"": 0.4458694159984588, ""totir"": 0.0, ""tofer"": NaN, ""swfac"": 0.0, ""nstres"": 0.2833977937698364}",0.0,0.2833977937698364,3975.4095458984375,750.5194091796875,0.4458694159984588,0.0,,0.0,0.0,0.0,0.0,27.29501342773437,27.29501342773437,Leave_One_experiments/all_year_offline_schedule_search/daily_outputs/SYA/SYA_2014_SYA2014_stress_grid_S0001_daily.csv
SYA,SYA,Shenyang,2014,Leave_One_experiments\wth_generated_qc\SYA\SYA2014.WTH,normal_year;water_stress_year;nitrogen_stress_year,water_stress,SYA2014_stress_grid_S0001,low_input_within_10pct_yield,2014-08-07,219,114,109,"{""sim_day"": 114.0, ""doy"": 219.0, ""topwt"": 4048.705139160156, ""grnwt"": 823.8150024414062, ""xlai"": 0.4331069588661194, ""totir"": 0.0, ""tofer"": NaN, ""swfac"": 0.0, ""nstres"": 0.2869724631309509}",0.0,0.2869724631309509,4048.705139160156,823.8150024414062,0.4331069588661194,0.0,,0.0,0.0,0.0,0.0,27.29501342773437,27.29501342773437,Leave_One_experiments/all_year_offline_schedule_search/daily_outputs/SYA/SYA_2014_SYA2014_stress_grid_S0001_daily.csv
SYA,SYA,Shenyang,2014,Leave_One_experiments\wth_generated_qc\SYA\SYA2014.WTH,normal_year;water_stress_year;nitrogen_stress_year,water_stress,SYA2014_stress_grid_S0001,low_input_within_10pct_yield,2014-08-08,220,115,110,"{""sim_day"": 115.0, ""doy"": 220.0, ""topwt"": 4122.000732421875, ""grnwt"": 897.1106719970703, ""xlai"": 0.4206367433071136, ""totir"": 0.0, ""tofer"": NaN, ""swfac"": 0.0, ""nstres"": 0.2910176515579223}",0.0,0.2910176515579223,4122.000732421875,897.1106719970703,0.4206367433071136,0.0,,0.0,0.0,0.0,0.0,27.29501342773437,27.29501342773437,Leave_One_experiments/all_year_offline_schedule_search/daily_outputs/SYA/SYA_2014_SYA2014_stress_grid_S0001_daily.csv
SYA,SYA,Shenyang,2014,Leave_One_experiments\wth_generated_qc\SYA\SYA2014.WTH,normal_year;water_stress_year;nitrogen_stress_year,water_stress,SYA2014_stress_grid_S0001,low_input_within_10pct_yield,2014-08-09,221,116,111,"{""sim_day"": 116.0, ""doy"": 221.0, ""topwt"": 4195.296325683594, ""grnwt"": 970.4062652587892, ""xlai"": 0.4084356725215912, ""totir"": 0.0, ""tofer"": NaN, ""swfac"": 0.0, ""nstres"": 0.2961497902870178}",0.0,0.2961497902870178,4195.296325683594,970.4062652587892,0.4084356725215912,0.0,,0.0,0.0,0.0,0.0,27.29501342773437,27.29501342773437,Leave_One_experiments/all_year_offline_schedule_search/daily_outputs/SYA/SYA_2014_SYA2014_stress_grid_S0001_daily.csv
SYA,SYA,Shenyang,2014,Leave_One_experiments\wth_generated_qc\SYA\SYA2014.WTH,normal_year;water_stress_year;nitrogen_stress_year,water_stress,SYA2014_stress_grid_S0001,low_input_within_10pct_yield,2014-08-10,222,117,112,"{""sim_day"": 117.0, ""doy"": 222.0, ""topwt"": 4260.075988769531, ""grnwt"": 1043.7018585205078, ""xlai"": 0.3965016603469848, ""totir"": 0.0, ""tofer"": NaN, ""swfac"": 0.0, ""nstres"": 0.3012521266937256}",0.0,0.3012521266937256,4260.075988769531,1043.7018585205078,0.3965016603469848,0.0,,0.0,0.0,0.0,0.0,27.29501342773437,27.29501342773437,Leave_One_experiments/all_year_offline_schedule_search/daily_outputs/SYA/SYA_2014_SYA2014_stress_grid_S0001_daily.csv
SYA,SYA,Shenyang,2014,Leave_One_experiments\wth_generated_qc\SYA\SYA2014.WTH,normal_year;water_stress_year;nitrogen_stress_year,water_stress,SYA2014_stress_grid_S0001,low_input_within_10pct_yield,2014-08-11,223,118,113,"{""sim_day"": 118.0, ""doy"": 223.0, ""topwt"": 4341.564331054688, ""grnwt"": 1116.997528076172, ""xlai"": 0.3848215639591217, ""totir"": 0.0, ""tofer"": NaN, ""swfac"": 0.0, ""nstres"": 0.3069875240325928}",0.0,0.3069875240325928,4341.564331054688,1116.997528076172,0.3848215639591217,0.0,,0.0,0.0,0.0,0.0,27.29501342773437,27.29501342773437,Leave_One_experiments/all_year_offline_schedule_search/daily_outputs/SYA/SYA_2014_SYA2014_stress_grid_S0001_daily.csv
SYA,SYA,Shenyang,2014,Leave_One_experiments\wth_generated_qc\SYA\SYA2014.WTH,normal_year;water_stress_year;nitrogen_stress_year,water_stress,SYA2014_stress_grid_S0001,low_input_within_10pct_yield,2014-08-12,224,119,114,"{""sim_day"": 119.0, ""doy"": 224.0, ""topwt"": 4415.18310546875, ""grnwt"": 1190.2931213378906, ""xlai"": 0.3734286427497864, ""totir"": 0.0, ""tofer"": NaN, ""swfac"": 0.0, ""nstres"": 0.3105419874191284}",0.0,0.3105419874191284,4415.18310546875,1190.2931213378906,0.3734286427497864,0.0,,0.0,0.0,0.0,0.0,27.29501342773437,27.29501342773437,Leave_One_experiments/all_year_offline_schedule_search/daily_outputs/SYA/SYA_2014_SYA2014_stress_grid_S0001_daily.csv
SYA,SYA,Shenyang,2014,Leave_One_experiments\wth_generated_qc\SYA\SYA2014.WTH,normal_year;water_stress_year;nitrogen_stress_year,water_stress,SYA2014_stress_grid_S0001,low_input_within_10pct_yield,2014-08-13,225,120,115,"{""sim_day"": 120.0, ""doy"": 225.0, ""topwt"": 4462.7587890625, ""grnwt"": 1263.5887908935547, ""xlai"": 0.3622119426727295, ""totir"": 0.0, ""tofer"": NaN, ""swfac"": 0.0, ""nstres"": 0.3208907842636108}",0.0,0.3208907842636108,4462.7587890625,1263.5887908935547,0.3622119426727295,0.0,,0.0,0.0,0.0,0.0,27.29501342773437,27.29501342773437,Leave_One_experiments/all_year_offline_schedule_search/daily_outputs/SYA/SYA_2014_SYA2014_stress_grid_S0001_daily.csv
SYA,SYA,Shenyang,2014,Leave_One_experiments\wth_generated_qc\SYA\SYA2014.WTH,normal_year;water_stress_year;nitrogen_stress_year,water_stress,SYA2014_stress_grid_S0001,low_input_within_10pct_yield,2014-08-14,226,121,116,"{""sim_day"": 121.0, ""doy"": 226.0, ""topwt"": 4523.892517089844, ""grnwt"": 1336.8844604492188, ""xlai"": 0.3512263596057892, ""totir"": 0.0, ""tofer"": NaN, ""swfac"": 0.0, ""nstres"": 0.327899158000946}",0.0,0.327899158000946,4523.892517089844,1336.8844604492188,0.3512263596057892,0.0,,0.0,0.0,0.0,0.0,27.29501342773437,27.29501342773437,Leave_One_experiments/all_year_offline_schedule_search/daily_outputs/SYA/SYA_2014_SYA2014_stress_grid_S0001_daily.csv
SYA,SYA,Shenyang,2014,Leave_One_experiments\wth_generated_qc\SYA\SYA2014.WTH,normal_year;water_stress_year;nitrogen_stress_year,water_stress,SYA2014_stress_grid_S0001,low_input_within_10pct_yield,2014-08-15,227,122,117,"{""sim_day"": 122.0, ""doy"": 227.0, ""topwt"": 4596.396179199219, ""grnwt"": 1410.1800537109375, ""xlai"": 0.3406265079975128, ""totir"": 0.0, ""tofer"": NaN, ""swfac"": 0.0, ""nstres"": 0.3243060708045959}",0.0,0.3243060708045959,4596.396179199219,1410.1800537109375,0.3406265079975128,0.0,,0.0,0.0,0.0,0.0,27.29501342773437,27.29501342773437,Leave_One_experiments/all_year_offline_schedule_search/daily_outputs/SYA/SYA_2014_SYA2014_stress_grid_S0001_daily.csv
SYA,SYA,Shenyang,2014,Leave_One_experiments\wth_generated_qc\SYA\SYA2014.WTH,normal_year;water_stress_year;nitrogen_stress_year,water_stress,SYA2014_stress_grid_S0001,low_input_within_10pct_yield,2014-08-16,228,123,118,"{""sim_day"": 123.0, ""doy"": 228.0, ""topwt"": 4641.76513671875, ""grnwt"": 1483.4756469726562, ""xlai"": 0.3303035795688629, ""totir"": 0.0, ""tofer"": NaN, ""swfac"": 0.0, ""nstres"": 0.3273355960845947}",0.0,0.3273355960845947,4641.76513671875,1483.4756469726562,0.3303035795688629,0.0,,0.0,0.0,0.0,0.0,27.29501342773437,27.29501342773437,Leave_One_experiments/all_year_offline_schedule_search/daily_outputs/SYA/SYA_2014_SYA2014_stress_grid_S0001_daily.csv
SYA,SYA,Shenyang,2014,Leave_One_experiments\wth_generated_qc\SYA\SYA2014.WTH,normal_year;water_stress_year;nitrogen_stress_year,water_stress,SYA2014_stress_grid_S0001,low_input_within_10pct_yield,2014-08-17,229,124,119,"{""sim_day"": 124.0, ""doy"": 229.0, ""topwt"": 4681.496887207031, ""grnwt"": 1556.771240234375, ""xlai"": 0.3201934397220611, ""totir"": 0.0, ""tofer"": NaN, ""swfac"": 0.0, ""nstres"": 0.3346091508865356}",0.0,0.3346091508865356,4681.496887207031,1556.771240234375,0.3201934397220611,0.0,,0.0,0.0,0.0,0.0,27.29501342773437,27.29501342773437,Leave_One_experiments/all_year_offline_schedule_search/daily_outputs/SYA/SYA_2014_SYA2014_stress_grid_S0001_daily.csv
SYA,SYA,Shenyang,2014,Leave_One_experiments\wth_generated_qc\SYA\SYA2014.WTH,normal_year;water_stress_year;nitrogen_stress_year,water_stress,SYA2014_stress_grid_S0001,low_input_within_10pct_yield,2014-08-18,230,125,120,"{""sim_day"": 125.0, ""doy"": 230.0, ""topwt"": 4742.795715332031, ""grnwt"": 1630.0668334960938, ""xlai"": 0.3103825151920318, ""totir"": 0.0, ""tofer"": NaN, ""swfac"": 0.0, ""nstres"": 0.3353800773620605}",0.0,0.3353800773620605,4742.795715332031,1630.0668334960938,0.3103825151920318,0.0,,0.0,0.0,0.0,0.0,27.29501342773437,27.29501342773437,Leave_One_experiments/all_year_offline_schedule_search/daily_outputs/SYA/SYA_2014_SYA2014_stress_grid_S0001_daily.csv
SYA,SYA,Shenyang,2014,Leave_One_experiments\wth_generated_qc\SYA\SYA2014.WTH,normal_year;water_stress_year;nitrogen_stress_year,water_stress,SYA2014_stress_grid_S0001,low_input_within_10pct_yield,2014-08-19,231,126,121,"{""sim_day"": 126.0, ""doy"": 231.0, ""topwt"": 4805.414733886719, ""grnwt"": 1703.3625793457031, ""xlai"": 0.3009293973445892, ""totir"": 0.0, ""tofer"": NaN, ""swfac"": 0.0, ""nstres"": 0.3309504985809326}",0.0,0.3309504985809326,4805.414733886719,1703.3625793457031,0.3009293973445892,0.0,,0.0,0.0,0.0,0.0,27.29501342773437,27.29501342773437,Leave_One_experiments/all_year_offline_schedule_search/daily_outputs/SYA/SYA_2014_SYA2014_stress_grid_S0001_daily.csv
SYA,SYA,Shenyang,2014,Leave_One_experiments\wth_generated_qc\SYA\SYA2014.WTH,normal_year;water_stress_year;nitrogen_stress_year,water_stress,SYA2014_stress_grid_S0001,low_input_within_10pct_yield,2014-08-20,232,127,122,"{""sim_day"": 127.0, ""doy"": 232.0, ""topwt"": 4837.2271728515625, ""grnwt"": 1776.658172607422, ""xlai"": 0.2917150557041168, ""totir"": 0.0, ""tofer"": NaN, ""swfac"": 0.0, ""nstres"": 0.3348699808120727}",0.0,0.3348699808120727,4837.2271728515625,1776.658172607422,0.2917150557041168,0.0,,0.0,0.0,0.0,0.0,27.29501342773437,27.29501342773437,Leave_One_experiments/all_year_offline_schedule_search/daily_outputs/SYA/SYA_2014_SYA2014_stress_grid_S0001_daily.csv
SYA,SYA,Shenyang,2014,Leave_One_experiments\wth_generated_qc\SYA\SYA2014.WTH,normal_year;water_stress_year;nitrogen_stress_year,water_stress,SYA2014_stress_grid_S0001,low_input_within_10pct_yield,2014-08-21,233,128,123,"{""sim_day"": 128.0, ""doy"": 233.0, ""topwt"": 4883.1744384765625, ""grnwt"": 1849.9537658691409, ""xlai"": 0.2827498316764831, ""totir"": 0.0, ""tofer"": NaN, ""swfac"": 0.0, ""nstres"": 0.3375830054283142}",0.0,0.3375830054283142,4883.1744384765625,1849.9537658691409,0.2827498316764831,0.0,,0.0,0.0,0.0,0.0,27.29501342773437,27.29501342773437,Leave_One_experiments/all_year_offline_schedule_search/daily_outputs/SYA/SYA_2014_SYA2014_stress_grid_S0001_daily.csv
SYA,SYA,Shenyang,2014,Leave_One_experiments\wth_generated_qc\SYA\SYA2014.WTH,normal_year;water_stress_year;nitrogen_stress_year,water_stress,SYA2014_stress_grid_S0001,low_input_within_10pct_yield,2014-08-22,234,129,124,"{""sim_day"": 129.0, ""doy"": 234.0, ""topwt"": 4907.422180175781, ""grnwt"": 1923.2493591308596, ""xlai"": 0.2741690874099731, ""totir"": 0.0, ""tofer"": NaN, ""swfac"": 0.0, ""nstres"": 0.3283429741859436}",0.0,0.3283429741859436,4907.422180175781,1923.2493591308596,0.2741690874099731,0.0,,0.0,0.0,0.0,0.0,27.29501342773437,27.29501342773437,Leave_One_experiments/all_year_offline_schedule_search/daily_outputs/SYA/SYA_2014_SYA2014_stress_grid_S0001_daily.csv
SYA,SYA,Shenyang,2014,Leave_One_experiments\wth_generated_qc\SYA\SYA2014.WTH,normal_year;water_stress_year;nitrogen_stress_year,water_stress,SYA2014_stress_grid_S0001,low_input_within_10pct_yield,2014-08-23,235,130,125,"{""sim_day"": 130.0, ""doy"": 235.0, ""topwt"": 4940.687561035156, ""grnwt"": 1996.544952392578, ""xlai"": 0.2658704221248626, ""totir"": 0.0, ""tofer"": NaN, ""swfac"": 0.0, ""nstres"": 0.3264375329017639}",0.0,0.3264375329017639,4940.687561035156,1996.544952392578,0.2658704221248626,0.0,,0.0,0.0,0.0,0.0,27.29501342773437,27.29501342773437,Leave_One_experiments/all_year_offline_schedule_search/daily_outputs/SYA/SYA_2014_SYA2014_stress_grid_S0001_daily.csv
SYA,SYA,Shenyang,2014,Leave_One_experiments\wth_generated_qc\SYA\SYA2014.WTH,normal_year;water_stress_year;nitrogen_stress_year,water_stress,SYA2014_stress_grid_S0001,low_input_within_10pct_yield,2014-08-24,236,131,126,"{""sim_day"": 131.0, ""doy"": 236.0, ""topwt"": 4959.43115234375, ""grnwt"": 2069.8406982421875, ""xlai"": 0.25794118642807, ""totir"": 0.0, ""tofer"": NaN, ""swfac"": 0.0, ""nstres"": 0.315764844417572}",0.0,0.315764844417572,4959.43115234375,2069.8406982421875,0.25794118642807,0.0,,0.0,0.0,0.0,0.0,27.29501342773437,27.29501342773437,Leave_One_experiments/all_year_offline_schedule_search/daily_outputs/SYA/SYA_2014_SYA2014_stress_grid_S0001_daily.csv
SYA,SYA,Shenyang,2014,Leave_One_experiments\wth_generated_qc\SYA\SYA2014.WTH,normal_year;water_stress_year;nitrogen_stress_year,water_stress,SYA2014_stress_grid_S0001,low_input_within_10pct_yield,2014-08-25,237,132,127,"{""sim_day"": 132.0, ""doy"": 237.0, ""topwt"": 5017.228393554688, ""grnwt"": 2143.1362915039062, ""xlai"": 0.2502925395965576, ""totir"": 0.0, ""tofer"": NaN, ""swfac"": 0.0, ""nstres"": 0.3116639256477356}",0.0,0.3116639256477356,5017.228393554688,2143.1362915039062,0.2502925395965576,0.0,,0.0,0.0,0.0,0.0,27.29501342773437,27.29501342773437,Leave_One_experiments/all_year_offline_schedule_search/daily_outputs/SYA/SYA_2014_SYA2014_stress_grid_S0001_daily.csv
SYA,SYA,Shenyang,2014,Leave_One_experiments\wth_generated_qc\SYA\SYA2014.WTH,normal_year;water_stress_year;nitrogen_stress_year,water_stress,SYA2014_stress_grid_S0001,low_input_within_10pct_yield,2014-08-26,238,133,128,"{""sim_day"": 133.0, ""doy"": 238.0, ""topwt"": 5071.9287109375, ""grnwt"": 2216.431884765625, ""xlai"": 0.2429922521114349, ""totir"": 0.0, ""tofer"": NaN, ""swfac"": 0.0, ""nstres"": 0.3000104427337646}",0.0,0.3000104427337646,5071.9287109375,2216.431884765625,0.2429922521114349,0.0,,0.0,0.0,0.0,0.0,27.29501342773437,27.29501342773437,Leave_One_experiments/all_year_offline_schedule_search/daily_outputs/SYA/SYA_2014_SYA2014_stress_grid_S0001_daily.csv
SYA,SYA,Shenyang,2014,Leave_One_experiments\wth_generated_qc\SYA\SYA2014.WTH,normal_year;water_stress_year;nitrogen_stress_year,water_stress,SYA2014_stress_grid_S0001,low_input_within_10pct_yield,2014-08-27,239,134,129,"{""sim_day"": 134.0, ""doy"": 239.0, ""topwt"": 5113.814697265625, ""grnwt"": 2289.727478027344, ""xlai"": 0.2357873767614364, ""totir"": 0.0, ""tofer"": NaN, ""swfac"": 0.0, ""nstres"": 0.3116216659545898}",0.0,0.3116216659545898,5113.814697265625,2289.727478027344,0.2357873767614364,0.0,,0.0,0.0,0.0,0.0,27.29501342773437,27.29501342773437,Leave_One_experiments/all_year_offline_schedule_search/daily_outputs/SYA/SYA_2014_SYA2014_stress_grid_S0001_daily.csv
SYA,SYA,Shenyang,2014,Leave_One_experiments\wth_generated_qc\SYA\SYA2014.WTH,normal_year;water_stress_year;nitrogen_stress_year,water_stress,SYA2014_stress_grid_S0001,low_input_within_10pct_yield,2014-08-28,240,135,130,"{""sim_day"": 135.0, ""doy"": 240.0, ""topwt"": 5155.0927734375, ""grnwt"": 2363.023223876953, ""xlai"": 0.2286948412656784, ""totir"": 0.0, ""tofer"": NaN, ""swfac"": 0.0, ""nstres"": 0.3219286203384399}",0.0,0.3219286203384399,5155.0927734375,2363.023223876953,0.2286948412656784,0.0,,0.0,0.0,0.0,0.0,27.29501342773437,27.29501342773437,Leave_One_experiments/all_year_offline_schedule_search/daily_outputs/SYA/SYA_2014_SYA2014_stress_grid_S0001_daily.csv
SYA,SYA,Shenyang,2014,Leave_One_experiments\wth_generated_qc\SYA\SYA2014.WTH,normal_year;water_stress_year;nitrogen_stress_year,water_stress,SYA2014_stress_grid_S0001,low_input_within_10pct_yield,2014-08-29,241,136,131,"{""sim_day"": 136.0, ""doy"": 241.0, ""topwt"": 5204.14794921875, ""grnwt"": 2436.318817138672, ""xlai"": 0.2217930853366851, ""totir"": 0.0, ""tofer"": NaN, ""swfac"": 0.0, ""nstres"": 0.3242980241775512}",0.0,0.3242980241775512,5204.14794921875,2436.318817138672,0.2217930853366851,0.0,,0.0,0.0,0.0,0.0,27.29501342773437,27.29501342773437,Leave_One_experiments/all_year_offline_schedule_search/daily_outputs/SYA/SYA_2014_SYA2014_stress_grid_S0001_daily.csv
SYA,SYA,Shenyang,2014,Leave_One_experiments\wth_generated_qc\SYA\SYA2014.WTH,normal_year;water_stress_year;nitrogen_stress_year,water_stress,SYA2014_stress_grid_S0001,low_input_within_10pct_yield,2014-08-30,242,137,132,"{""sim_day"": 137.0, ""doy"": 242.0, ""topwt"": 5242.53173828125, ""grnwt"": 2509.6144104003906, ""xlai"": 0.2150882482528686, ""totir"": 0.0, ""tofer"": NaN, ""swfac"": 0.0, ""nstres"": 0.3255220651626587}",0.0,0.3255220651626587,5242.53173828125,2509.6144104003906,0.2150882482528686,0.0,,0.0,0.0,0.0,0.0,27.29501342773437,27.29501342773437,Leave_One_experiments/all_year_offline_schedule_search/daily_outputs/SYA/SYA_2014_SYA2014_stress_grid_S0001_daily.csv
SYA,SYA,Shenyang,2014,Leave_One_experiments\wth_generated_qc\SYA\SYA2014.WTH,normal_year;water_stress_year;nitrogen_stress_year,water_stress,SYA2014_stress_grid_S0001,low_input_within_10pct_yield,2014-08-31,243,138,133,"{""sim_day"": 138.0, ""doy"": 243.0, ""topwt"": 5283.8909912109375, ""grnwt"": 2582.91015625, ""xlai"": 0.2085382044315338, ""totir"": 0.0, ""tofer"": NaN, ""swfac"": 0.0, ""nstres"": 0.3308662176132202}",0.0,0.3308662176132202,5283.8909912109375,2582.91015625,0.2085382044315338,0.0,,0.0,0.0,0.0,0.0,27.29501342773437,27.29501342773437,Leave_One_experiments/all_year_offline_schedule_search/daily_outputs/SYA/SYA_2014_SYA2014_stress_grid_S0001_daily.csv
SYA,SYA,Shenyang,2014,Leave_One_experiments\wth_generated_qc\SYA\SYA2014.WTH,normal_year;water_stress_year;nitrogen_stress_year,water_stress,SYA2014_stress_grid_S0001,low_input_within_10pct_yield,2014-09-01,244,139,134,"{""sim_day"": 139.0, ""doy"": 244.0, ""topwt"": 5314.913940429688, ""grnwt"": 2656.2057495117188, ""xlai"": 0.202201709151268, ""totir"": 0.0, ""tofer"": NaN, ""swfac"": 0.0, ""nstres"": 0.3292491436004638}",0.0,0.3292491436004638,5314.913940429688,2656.2057495117188,0.202201709151268,0.0,,0.0,0.0,0.0,0.0,27.29501342773437,27.29501342773437,Leave_One_experiments/all_year_offline_schedule_search/daily_outputs/SYA/SYA_2014_SYA2014_stress_grid_S0001_daily.csv
SYA,SYA,Shenyang,2014,Leave_One_experiments\wth_generated_qc\SYA\SYA2014.WTH,normal_year;water_stress_year;nitrogen_stress_year,water_stress,SYA2014_stress_grid_S0001,low_input_within_10pct_yield,2014-09-02,245,140,135,"{""sim_day"": 140.0, ""doy"": 245.0, ""topwt"": 5343.85498046875, ""grnwt"": 2729.501342773437, ""xlai"": 0.1960136741399765, ""totir"": 0.0, ""tofer"": NaN, ""swfac"": 0.0, ""nstres"": 0.33447927236557}",0.0,0.33447927236557,5343.85498046875,2729.501342773437,0.1960136741399765,0.0,,0.0,0.0,0.0,0.0,27.29501342773437,27.29501342773437,Leave_One_experiments/all_year_offline_schedule_search/daily_outputs/SYA/SYA_2014_SYA2014_stress_grid_S0001_daily.csv
SYA,SYA,Shenyang,2014,Leave_One_experiments\wth_generated_qc\SYA\SYA2014.WTH,normal_year;water_stress_year;nitrogen_stress_year,water_stress,SYA2014_stress_grid_S0001,low_input_within_10pct_yield,2014-09-03,246,141,136,"{""sim_day"": 141.0, ""doy"": 246.0, ""topwt"": 5343.85498046875, ""grnwt"": 2729.501342773437, ""xlai"": 0.1960136741399765, ""totir"": 0.0, ""tofer"": NaN, ""swfac"": 0.0, ""nstres"": 0.3324860334396362}",0.0,0.3324860334396362,5343.85498046875,2729.501342773437,0.1960136741399765,0.0,,0.0,0.0,0.0,0.0,27.29501342773437,27.29501342773437,Leave_One_experiments/all_year_offline_schedule_search/daily_outputs/SYA/SYA_2014_SYA2014_stress_grid_S0001_daily.csv
SYA,SYA,Shenyang,2014,Leave_One_experiments\wth_generated_qc\SYA\SYA2014.WTH,normal_year;water_stress_year;nitrogen_stress_year,water_stress,SYA2014_stress_grid_S0001,low_input_within_10pct_yield,2014-09-04,247,142,137,"{""sim_day"": 142.0, ""doy"": 247.0, ""topwt"": 5343.85498046875, ""grnwt"": 2729.501342773437, ""xlai"": 0.1960136741399765, ""totir"": 0.0, ""tofer"": NaN, ""swfac"": 0.0, ""nstres"": 0.3324860334396362}",0.0,0.3324860334396362,5343.85498046875,2729.501342773437,0.1960136741399765,0.0,,0.0,0.0,0.0,0.0,27.29501342773437,27.29501342773437,Leave_One_experiments/all_year_offline_schedule_search/daily_outputs/SYA/SYA_2014_SYA2014_stress_grid_S0001_daily.csv
SYA,SYA,Shenyang,2014,Leave_One_experiments\wth_generated_qc\SYA\SYA2014.WTH,normal_year;water_stress_year;nitrogen_stress_year,water_stress,SYA2014_stress_grid_S0001,low_input_within_10pct_yield,2014-09-05,248,143,138,"{""sim_day"": 143.0, ""doy"": 248.0, ""topwt"": 5343.85498046875, ""grnwt"": 2729.501342773437, ""xlai"": 0.1960136741399765, ""totir"": 0.0, ""tofer"": NaN, ""swfac"": 0.0, ""nstres"": 0.3324860334396362}",0.0,0.3324860334396362,5343.85498046875,2729.501342773437,0.1960136741399765,0.0,,0.0,0.0,0.0,0.0,27.29501342773437,27.29501342773437,Leave_One_experiments/all_year_offline_schedule_search/daily_outputs/SYA/SYA_2014_SYA2014_stress_grid_S0001_daily.csv
SYA,SYA,Shenyang,2014,Leave_One_experiments\wth_generated_qc\SYA\SYA2014.WTH,normal_year;water_stress_year;nitrogen_stress_year,water_stress,SYA2014_stress_grid_S0001,low_input_within_10pct_yield,2014-09-06,249,144,139,"{""sim_day"": 144.0, ""doy"": 249.0, ""topwt"": 5343.85498046875, ""grnwt"": 2729.501342773437, ""xlai"": 0.1960136741399765, ""totir"": 0.0, ""tofer"": NaN, ""swfac"": 0.0, ""nstres"": 0.3324860334396362}",0.0,0.3324860334396362,5343.85498046875,2729.501342773437,0.1960136741399765,0.0,,0.0,0.0,0.0,0.0,27.29501342773437,27.29501342773437,Leave_One_experiments/all_year_offline_schedule_search/daily_outputs/SYA/SYA_2014_SYA2014_stress_grid_S0001_daily.csv
SYA,SYA,Shenyang,2014,Leave_One_experiments\wth_generated_qc\SYA\SYA2014.WTH,normal_year;water_stress_year;nitrogen_stress_year,water_stress,SYA2014_stress_grid_S0007,pareto_balanced,2014-04-21,111,1,1,"{""sim_day"": 1.0, ""doy"": 111.0, ""topwt"": 0.0, ""grnwt"": 0.0, ""xlai"": 0.0, ""totir"": 0.0, ""tofer"": NaN, ""swfac"": 0.0, ""nstres"": 0.0}",0.0,0.0,0.0,0.0,0.0,0.0,,0.0,0.0,40.0,0.0,8.649945068359376,24.649945068359376,Leave_One_experiments/all_year_offline_schedule_search/daily_outputs/SYA/SYA_2014_SYA2014_stress_grid_S0007_daily.csv
SYA,SYA,Shenyang,2014,Leave_One_experiments\wth_generated_qc\SYA\SYA2014.WTH,normal_year;water_stress_year;nitrogen_stress_year,water_stress,SYA2014_stress_grid_S0007,pareto_balanced,2014-04-22,112,2,2,"{""sim_day"": 2.0, ""doy"": 112.0, ""topwt"": 0.0, ""grnwt"": 0.0, ""xlai"": 0.0, ""totir"": 0.0, ""tofer"": NaN, ""swfac"": 0.0, ""nstres"": 0.0}",0.0,0.0,0.0,0.0,0.0,0.0,,0.0,0.0,40.0,0.0,8.649945068359376,24.649945068359376,Leave_One_experiments/all_year_offline_schedule_search/daily_outputs/SYA/SYA_2014_SYA2014_stress_grid_S0007_daily.csv
SYA,SYA,Shenyang,2014,Leave_One_experiments\wth_generated_qc\SYA\SYA2014.WTH,normal_year;water_stress_year;nitrogen_stress_year,water_stress,SYA2014_stress_grid_S0007,pareto_balanced,2014-04-23,113,3,3,"{""sim_day"": 3.0, ""doy"": 113.0, ""topwt"": 0.0, ""grnwt"": 0.0, ""xlai"": 0.0, ""totir"": 0.0, ""tofer"": NaN, ""swfac"": 0.0, ""nstres"": 0.0}",0.0,0.0,0.0,0.0,0.0,0.0,,0.0,0.0,40.0,0.0,8.649945068359376,24.649945068359376,Leave_One_experiments/all_year_offline_schedule_search/daily_outputs/SYA/SYA_2014_SYA2014_stress_grid_S0007_daily.csv
SYA,SYA,Shenyang,2014,Leave_One_experiments\wth_generated_qc\SYA\SYA2014.WTH,normal_year;water_stress_year;nitrogen_stress_year,water_stress,SYA2014_stress_grid_S0007,pareto_balanced,2014-04-24,114,4,4,"{""sim_day"": 4.0, ""doy"": 114.0, ""topwt"": 0.0, ""grnwt"": 0.0, ""xlai"": 0.0, ""totir"": 0.0, ""tofer"": NaN, ""swfac"": 0.0, ""nstres"": 0.0}",0.0,0.0,0.0,0.0,0.0,0.0,,0.0,0.0,40.0,0.0,8.649945068359376,24.649945068359376,Leave_One_experiments/all_year_offline_schedule_search/daily_outputs/SYA/SYA_2014_SYA2014_stress_grid_S0007_daily.csv
SYA,SYA,Shenyang,2014,Leave_One_experiments\wth_generated_qc\SYA\SYA2014.WTH,normal_year;water_stress_year;nitrogen_stress_year,water_stress,SYA2014_stress_grid_S0007,pareto_balanced,2014-04-25,115,5,5,"{""sim_day"": 5.0, ""doy"": 115.0, ""topwt"": 0.0, ""grnwt"": 0.0, ""xlai"": 0.0, ""totir"": 0.0, ""tofer"": NaN, ""swfac"": 0.0, ""nstres"": 0.0}",0.0,0.0,0.0,0.0,0.0,0.0,,0.0,0.0,40.0,0.0,8.649945068359376,24.649945068359376,Leave_One_experiments/all_year_offline_schedule_search/daily_outputs/SYA/SYA_2014_SYA2014_stress_grid_S0007_daily.csv
SYA,SYA,Shenyang,2014,Leave_One_experiments\wth_generated_qc\SYA\SYA2014.WTH,normal_year;water_stress_year;nitrogen_stress_year,water_stress,SYA2014_stress_grid_S0007,pareto_balanced,2014-04-21,111,6,1,"{""sim_day"": 6.0, ""doy"": 111.0, ""topwt"": 0.0, ""grnwt"": 0.0, ""xlai"": 0.0, ""totir"": 0.0, ""tofer"": NaN, ""swfac"": 0.0, ""nstres"": 0.0}",0.0,0.0,0.0,0.0,0.0,0.0,,0.0,0.0,40.0,0.0,8.649945068359376,24.649945068359376,Leave_One_experiments/all_year_offline_schedule_search/daily_outputs/SYA/SYA_2014_SYA2014_stress_grid_S0007_daily.csv
SYA,SYA,Shenyang,2014,Leave_One_experiments\wth_generated_qc\SYA\SYA2014.WTH,normal_year;water_stress_year;nitrogen_stress_year,water_stress,SYA2014_stress_grid_S0007,pareto_balanced,2014-04-22,112,7,2,"{""sim_day"": 7.0, ""doy"": 112.0, ""topwt"": 0.0, ""grnwt"": 0.0, ""xlai"": 0.0, ""totir"": 0.0, ""tofer"": NaN, ""swfac"": 0.0, ""nstres"": 0.0}",0.0,0.0,0.0,0.0,0.0,0.0,,0.0,0.0,40.0,0.0,8.649945068359376,24.649945068359376,Leave_One_experiments/all_year_offline_schedule_search/daily_outputs/SYA/SYA_2014_SYA2014_stress_grid_S0007_daily.csv
SYA,SYA,Shenyang,2014,Leave_One_experiments\wth_generated_qc\SYA\SYA2014.WTH,normal_year;water_stress_year;nitrogen_stress_year,water_stress,SYA2014_stress_grid_S0007,pareto_balanced,2014-04-23,113,8,3,"{""sim_day"": 8.0, ""doy"": 113.0, ""topwt"": 0.0, ""grnwt"": 0.0, ""xlai"": 0.0, ""totir"": 0.0, ""tofer"": NaN, ""swfac"": 0.0, ""nstres"": 0.0}",0.0,0.0,0.0,0.0,0.0,0.0,,0.0,0.0,40.0,0.0,8.649945068359376,24.649945068359376,Leave_One_experiments/all_year_offline_schedule_search/daily_outputs/SYA/SYA_2014_SYA2014_stress_grid_S0007_daily.csv
SYA,SYA,Shenyang,2014,Leave_One_experiments\wth_generated_qc\SYA\SYA2014.WTH,normal_year;water_stress_year;nitrogen_stress_year,water_stress,SYA2014_stress_grid_S0007,pareto_balanced,2014-04-24,114,9,4,"{""sim_day"": 9.0, ""doy"": 114.0, ""topwt"": 0.0, ""grnwt"": 0.0, ""xlai"": 0.0, ""totir"": 0.0, ""tofer"": NaN, ""swfac"": 0.0, ""nstres"": 0.0}",0.0,0.0,0.0,0.0,0.0,0.0,,0.0,0.0,40.0,0.0,8.649945068359376,24.649945068359376,Leave_One_experiments/all_year_offline_schedule_search/daily_outputs/SYA/SYA_2014_SYA2014_stress_grid_S0007_daily.csv
SYA,SYA,Shenyang,2014,Leave_One_experiments\wth_generated_qc\SYA\SYA2014.WTH,normal_year;water_stress_year;nitrogen_stress_year,water_stress,SYA2014_stress_grid_S0007,pareto_balanced,2014-04-25,115,10,5,"{""sim_day"": 10.0, ""doy"": 115.0, ""topwt"": 0.0, ""grnwt"": 0.0, ""xlai"": 0.0, ""totir"": 0.0, ""tofer"": NaN, ""swfac"": 0.0, ""nstres"": 0.0}",0.0,0.0,0.0,0.0,0.0,0.0,,0.0,0.0,40.0,0.0,8.649945068359376,24.649945068359376,Leave_One_experiments/all_year_offline_schedule_search/daily_outputs/SYA/SYA_2014_SYA2014_stress_grid_S0007_daily.csv
SYA,SYA,Shenyang,2014,Leave_One_experiments\wth_generated_qc\SYA\SYA2014.WTH,normal_year;water_stress_year;nitrogen_stress_year,water_stress,SYA2014_stress_grid_S0007,pareto_balanced,2014-04-26,116,11,6,"{""sim_day"": 11.0, ""doy"": 116.0, ""topwt"": 0.0, ""grnwt"": 0.0, ""xlai"": 0.0, ""totir"": 0.0, ""tofer"": NaN, ""swfac"": 0.0, ""nstres"": 0.0}",0.0,0.0,0.0,0.0,0.0,0.0,,0.0,0.0,40.0,0.0,8.649945068359376,24.649945068359376,Leave_One_experiments/all_year_offline_schedule_search/daily_outputs/SYA/SYA_2014_SYA2014_stress_grid_S0007_daily.csv
SYA,SYA,Shenyang,2014,Leave_One_experiments\wth_generated_qc\SYA\SYA2014.WTH,normal_year;water_stress_year;nitrogen_stress_year,water_stress,SYA2014_stress_grid_S0007,pareto_balanced,2014-04-27,117,12,7,"{""sim_day"": 12.0, ""doy"": 117.0, ""topwt"": 0.0, ""grnwt"": 0.0, ""xlai"": 0.0, ""totir"": 0.0, ""tofer"": NaN, ""swfac"": 0.0, ""nstres"": 0.0}",0.0,0.0,0.0,0.0,0.0,0.0,,0.0,0.0,40.0,0.0,8.649945068359376,24.649945068359376,Leave_One_experiments/all_year_offline_schedule_search/daily_outputs/SYA/SYA_2014_SYA2014_stress_grid_S0007_daily.csv
SYA,SYA,Shenyang,2014,Leave_One_experiments\wth_generated_qc\SYA\SYA2014.WTH,normal_year;water_stress_year;nitrogen_stress_year,water_stress,SYA2014_stress_grid_S0007,pareto_balanced,2014-04-28,118,13,8,"{""sim_day"": 13.0, ""doy"": 118.0, ""topwt"": 0.0, ""grnwt"": 0.0, ""xlai"": 0.0, ""totir"": 0.0, ""tofer"": NaN, ""swfac"": 0.0, ""nstres"": 0.0}",0.0,0.0,0.0,0.0,0.0,0.0,,0.0,0.0,40.0,0.0,8.649945068359376,24.649945068359376,Leave_One_experiments/all_year_offline_schedule_search/daily_outputs/SYA/SYA_2014_SYA2014_stress_grid_S0007_daily.csv
SYA,SYA,Shenyang,2014,Leave_One_experiments\wth_generated_qc\SYA\SYA2014.WTH,normal_year;water_stress_year;nitrogen_stress_year,water_stress,SYA2014_stress_grid_S0007,pareto_balanced,2014-04-29,119,14,9,"{""sim_day"": 14.0, ""doy"": 119.0, ""topwt"": 17.600001096725464, ""grnwt"": 0.0, ""xlai"": 0.0016475146403536, ""totir"": 0.0, ""tofer"": NaN, ""swfac"": 0.0, ""nstres"": 0.0121910572052001}",0.0,0.0121910572052001,17.600001096725464,0.0,0.0016475146403536,0.0,,0.0,0.0,40.0,0.0,8.649945068359376,24.649945068359376,Leave_One_experiments/all_year_offline_schedule_search/daily_outputs/SYA/SYA_2014_SYA2014_stress_grid_S0007_daily.csv
SYA,SYA,Shenyang,2014,Leave_One_experiments\wth_generated_qc\SYA\SYA2014.WTH,normal_year;water_stress_year;nitrogen_stress_year,water_stress,SYA2014_stress_grid_S0007,pareto_balanced,2014-04-30,120,15,10,"{""sim_day"": 15.0, ""doy"": 120.0, ""topwt"": 17.600001096725464, ""grnwt"": 0.0, ""xlai"": 0.0033086135517805, ""totir"": 0.0, ""tofer"": NaN, ""swfac"": 0.0, ""nstres"": 0.011216402053833}",0.0,0.011216402053833,17.600001096725464,0.0,0.0033086135517805,0.0,,0.0,0.0,40.0,0.0,8.649945068359376,24.649945068359376,Leave_One_experiments/all_year_offline_schedule_search/daily_outputs/SYA/SYA_2014_SYA2014_stress_grid_S0007_daily.csv
SYA,SYA,Shenyang,2014,Leave_One_experiments\wth_generated_qc\SYA\SYA2014.WTH,normal_year;water_stress_year;nitrogen_stress_year,water_stress,SYA2014_stress_grid_S0007,pareto_balanced,2014-05-01,121,16,11,"{""sim_day"": 16.0, ""doy"": 121.0, ""topwt"": 17.600001096725464, ""grnwt"": 0.0, ""xlai"": 0.0039977892301976, ""totir"": 0.0, ""tofer"": NaN, ""swfac"": 0.0, ""nstres"": 0.0090978145599365}",0.0,0.0090978145599365,17.600001096725464,0.0,0.0039977892301976,0.0,,0.0,0.0,40.0,0.0,8.649945068359376,24.649945068359376,Leave_One_experiments/all_year_offline_schedule_search/daily_outputs/SYA/SYA_2014_SYA2014_stress_grid_S0007_daily.csv
SYA,SYA,Shenyang,2014,Leave_One_experiments\wth_generated_qc\SYA\SYA2014.WTH,normal_year;water_stress_year;nitrogen_stress_year,water_stress,SYA2014_stress_grid_S0007,pareto_balanced,2014-05-02,122,17,12,"{""sim_day"": 17.0, ""doy"": 122.0, ""topwt"": 17.600001096725464, ""grnwt"": 0.0, ""xlai"": 0.0038652231451123, ""totir"": 0.0, ""tofer"": NaN, ""swfac"": 0.0, ""nstres"": 0.0069259405136108}",0.0,0.0069259405136108,17.600001096725464,0.0,0.0038652231451123,0.0,,0.0,0.0,40.0,0.0,8.649945068359376,24.649945068359376,Leave_One_experiments/all_year_offline_schedule_search/daily_outputs/SYA/SYA_2014_SYA2014_stress_grid_S0007_daily.csv
SYA,SYA,Shenyang,2014,Leave_One_experiments\wth_generated_qc\SYA\SYA2014.WTH,normal_year;water_stress_year;nitrogen_stress_year,water_stress,SYA2014_stress_grid_S0007,pareto_balanced,2014-05-03,123,18,13,"{""sim_day"": 18.0, ""doy"": 123.0, ""topwt"": 17.600001096725464, ""grnwt"": 0.0, ""xlai"": 0.0041441414505243, ""totir"": 0.0, ""tofer"": NaN, ""swfac"": 0.0, ""nstres"": 0.006073772907257}",0.0,0.006073772907257,17.600001096725464,0.0,0.0041441414505243,0.0,,0.0,0.0,40.0,0.0,8.649945068359376,24.649945068359376,Leave_One_experiments/all_year_offline_schedule_search/daily_outputs/SYA/SYA_2014_SYA2014_stress_grid_S0007_daily.csv
SYA,SYA,Shenyang,2014,Leave_One_experiments\wth_generated_qc\SYA\SYA2014.WTH,normal_year;water_stress_year;nitrogen_stress_year,water_stress,SYA2014_stress_grid_S0007,pareto_balanced,2014-05-04,124,19,14,"{""sim_day"": 19.0, ""doy"": 124.0, ""topwt"": 17.600001096725464, ""grnwt"": 0.0, ""xlai"": 0.0036430568434298, ""totir"": 0.0, ""tofer"": NaN, ""swfac"": 0.0, ""nstres"": 0.0052758455276489}",0.0,0.0052758455276489,17.600001096725464,0.0,0.0036430568434298,0.0,,0.0,0.0,40.0,0.0,8.649945068359376,24.649945068359376,Leave_One_experiments/all_year_offline_schedule_search/daily_outputs/SYA/SYA_2014_SYA2014_stress_grid_S0007_daily.csv
SYA,SYA,Shenyang,2014,Leave_One_experiments\wth_generated_qc\SYA\SYA2014.WTH,normal_year;water_stress_year;nitrogen_stress_year,water_stress,SYA2014_stress_grid_S0007,pareto_balanced,2014-05-05,125,20,15,"{""sim_day"": 20.0, ""doy"": 125.0, ""topwt"": 17.600001096725464, ""grnwt"": 0.0, ""xlai"": 0.0044739358127117, ""totir"": 0.0, ""tofer"": NaN, ""swfac"": 0.0, ""nstres"": 0.0030127763748168}",0.0,0.0030127763748168,17.600001096725464,0.0,0.0044739358127117,0.0,,0.0,0.0,40.0,0.0,8.649945068359376,24.649945068359376,Leave_One_experiments/all_year_offline_schedule_search/daily_outputs/SYA/SYA_2014_SYA2014_stress_grid_S0007_daily.csv
SYA,SYA,Shenyang,2014,Leave_One_experiments\wth_generated_qc\SYA\SYA2014.WTH,normal_year;water_stress_year;nitrogen_stress_year,water_stress,SYA2014_stress_grid_S0007,pareto_balanced,2014-05-06,126,21,16,"{""sim_day"": 21.0, ""doy"": 126.0, ""topwt"": 17.600001096725464, ""grnwt"": 0.0, ""xlai"": 0.0049450378865003, ""totir"": 0.0, ""tofer"": NaN, ""swfac"": 0.0, ""nstres"": 0.0017459988594055}",0.0,0.0017459988594055,17.600001096725464,0.0,0.0049450378865003,0.0,,0.0,0.0,40.0,0.0,8.649945068359376,24.649945068359376,Leave_One_experiments/all_year_offline_schedule_search/daily_outputs/SYA/SYA_2014_SYA2014_stress_grid_S0007_daily.csv
SYA,SYA,Shenyang,2014,Leave_One_experiments\wth_generated_qc\SYA\SYA2014.WTH,normal_year;water_stress_year;nitrogen_stress_year,water_stress,SYA2014_stress_grid_S0007,pareto_balanced,2014-05-07,127,22,17,"{""sim_day"": 22.0, ""doy"": 127.0, ""topwt"": 17.600001096725464, ""grnwt"": 0.0, ""xlai"": 0.005541636608541, ""totir"": 0.0, ""tofer"": NaN, ""swfac"": 0.0, ""nstres"": 0.0}",0.0,0.0,17.600001096725464,0.0,0.005541636608541,0.0,,0.0,0.0,40.0,0.0,8.649945068359376,24.649945068359376,Leave_One_experiments/all_year_offline_schedule_search/daily_outputs/SYA/SYA_2014_SYA2014_stress_grid_S0007_daily.csv
SYA,SYA,Shenyang,2014,Leave_One_experiments\wth_generated_qc\SYA\SYA2014.WTH,normal_year;water_stress_year;nitrogen_stress_year,water_stress,SYA2014_stress_grid_S0007,pareto_balanced,2014-05-08,128,23,18,"{""sim_day"": 23.0, ""doy"": 128.0, ""topwt"": 17.600001096725464, ""grnwt"": 0.0, ""xlai"": 0.0062946868129074, ""totir"": 0.0, ""tofer"": NaN, ""swfac"": 0.0, ""nstres"": 0.0}",0.0,0.0,17.600001096725464,0.0,0.0062946868129074,0.0,,0.0,0.0,40.0,0.0,8.649945068359376,24.649945068359376,Leave_One_experiments/all_year_offline_schedule_search/daily_outputs/SYA/SYA_2014_SYA2014_stress_grid_S0007_daily.csv
SYA,SYA,Shenyang,2014,Leave_One_experiments\wth_generated_qc\SYA\SYA2014.WTH,normal_year;water_stress_year;nitrogen_stress_year,water_stress,SYA2014_stress_grid_S0007,pareto_balanced,2014-05-09,129,24,19,"{""sim_day"": 24.0, ""doy"": 129.0, ""topwt"": 17.600001096725464, ""grnwt"": 0.0, ""xlai"": 0.0079189762473106, ""totir"": 0.0, ""tofer"": NaN, ""swfac"": 0.0, ""nstres"": 0.0}",0.0,0.0,17.600001096725464,0.0,0.0079189762473106,0.0,,0.0,0.0,40.0,0.0,8.649945068359376,24.649945068359376,Leave_One_experiments/all_year_offline_schedule_search/daily_outputs/SYA/SYA_2014_SYA2014_stress_grid_S0007_daily.csv
SYA,SYA,Shenyang,2014,Leave_One_experiments\wth_generated_qc\SYA\SYA2014.WTH,normal_year;water_stress_year;nitrogen_stress_year,water_stress,SYA2014_stress_grid_S0007,pareto_balanced,2014-05-10,130,25,20,"{""sim_day"": 25.0, ""doy"": 130.0, ""topwt"": 17.600001096725464, ""grnwt"": 0.0, ""xlai"": 0.0091847507283091, ""totir"": 0.0, ""tofer"": NaN, ""swfac"": 0.0, ""nstres"": 0.0}",0.0,0.0,17.600001096725464,0.0,0.0091847507283091,0.0,,0.0,0.0,40.0,0.0,8.649945068359376,24.649945068359376,Leave_One_experiments/all_year_offline_schedule_search/daily_outputs/SYA/SYA_2014_SYA2014_stress_grid_S0007_daily.csv
SYA,SYA,Shenyang,2014,Leave_One_experiments\wth_generated_qc\SYA\SYA2014.WTH,normal_year;water_stress_year;nitrogen_stress_year,water_stress,SYA2014_stress_grid_S0007,pareto_balanced,2014-05-11,131,26,21,"{""sim_day"": 26.0, ""doy"": 131.0, ""topwt"": 17.600001096725464, ""grnwt"": 0.0, ""xlai"": 0.0102771874517202, ""totir"": 0.0, ""tofer"": NaN, ""swfac"": 0.0, ""nstres"": 0.0}",0.0,0.0,17.600001096725464,0.0,0.0102771874517202,0.0,,0.0,0.0,40.0,0.0,8.649945068359376,24.649945068359376,Leave_One_experiments/all_year_offline_schedule_search/daily_outputs/SYA/SYA_2014_SYA2014_stress_grid_S0007_daily.csv
SYA,SYA,Shenyang,2014,Leave_One_experiments\wth_generated_qc\SYA\SYA2014.WTH,normal_year;water_stress_year;nitrogen_stress_year,water_stress,SYA2014_stress_grid_S0007,pareto_balanced,2014-05-12,132,27,22,"{""sim_day"": 27.0, ""doy"": 132.0, ""topwt"": 17.600001096725464, ""grnwt"": 0.0, ""xlai"": 0.0157891605049371, ""totir"": 0.0, ""tofer"": NaN, ""swfac"": 0.0, ""nstres"": 0.0}",0.0,0.0,17.600001096725464,0.0,0.0157891605049371,0.0,,0.0,0.0,40.0,0.0,8.649945068359376,24.649945068359376,Leave_One_experiments/all_year_offline_schedule_search/daily_outputs/SYA/SYA_2014_SYA2014_stress_grid_S0007_daily.csv
SYA,SYA,Shenyang,2014,Leave_One_experiments\wth_generated_qc\SYA\SYA2014.WTH,normal_year;water_stress_year;nitrogen_stress_year,water_stress,SYA2014_stress_grid_S0007,pareto_balanced,2014-05-13,133,28,23,"{""sim_day"": 28.0, ""doy"": 133.0, ""topwt"": 17.600001096725464, ""grnwt"": 0.0, ""xlai"": 0.0214244481176137, ""totir"": 0.0, ""tofer"": NaN, ""swfac"": 0.0, ""nstres"": 0.0}",0.0,0.0,17.600001096725464,0.0,0.0214244481176137,0.0,,0.0,0.0,40.0,0.0,8.649945068359376,24.649945068359376,Leave_One_experiments/all_year_offline_schedule_search/daily_outputs/SYA/SYA_2014_SYA2014_stress_grid_S0007_daily.csv
SYA,SYA,Shenyang,2014,Leave_One_experiments\wth_generated_qc\SYA\SYA2014.WTH,normal_year;water_stress_year;nitrogen_stress_year,water_stress,SYA2014_stress_grid_S0007,pareto_balanced,2014-05-14,134,29,24,"{""sim_day"": 29.0, ""doy"": 134.0, ""topwt"": 17.600001096725464, ""grnwt"": 0.0, ""xlai"": 0.0274727288633584, ""totir"": 0.0, ""tofer"": NaN, ""swfac"": 0.0, ""nstres"": 0.0}",0.0,0.0,17.600001096725464,0.0,0.0274727288633584,0.0,,0.0,0.0,40.0,0.0,8.649945068359376,24.649945068359376,Leave_One_experiments/all_year_offline_schedule_search/daily_outputs/SYA/SYA_2014_SYA2014_stress_grid_S0007_daily.csv
SYA,SYA,Shenyang,2014,Leave_One_experiments\wth_generated_qc\SYA\SYA2014.WTH,normal_year;water_stress_year;nitrogen_stress_year,water_stress,SYA2014_stress_grid_S0007,pareto_balanced,2014-05-15,135,30,25,"{""sim_day"": 30.0, ""doy"": 135.0, ""topwt"": 19.885908365249637, ""grnwt"": 0.0, ""xlai"": 0.0347016640007495, ""totir"": 0.0, ""tofer"": NaN, ""swfac"": 0.0, ""nstres"": 0.0}",0.0,0.0,19.885908365249637,0.0,0.0347016640007495,0.0,,0.0,0.0,40.0,0.0,8.649945068359376,24.649945068359376,Leave_One_experiments/all_year_offline_schedule_search/daily_outputs/SYA/SYA_2014_SYA2014_stress_grid_S0007_daily.csv
SYA,SYA,Shenyang,2014,Leave_One_experiments\wth_generated_qc\SYA\SYA2014.WTH,normal_year;water_stress_year;nitrogen_stress_year,water_stress,SYA2014_stress_grid_S0007,pareto_balanced,2014-05-16,136,31,26,"{""sim_day"": 31.0, ""doy"": 136.0, ""topwt"": 23.027117252349854, ""grnwt"": 0.0, ""xlai"": 0.0428221970796585, ""totir"": 0.0, ""tofer"": NaN, ""swfac"": 0.0, ""nstres"": 0.0}",0.0,0.0,23.027117252349854,0.0,0.0428221970796585,0.0,,0.0,0.0,40.0,0.0,8.649945068359376,24.649945068359376,Leave_One_experiments/all_year_offline_schedule_search/daily_outputs/SYA/SYA_2014_SYA2014_stress_grid_S0007_daily.csv
SYA,SYA,Shenyang,2014,Leave_One_experiments\wth_generated_qc\SYA\SYA2014.WTH,normal_year;water_stress_year;nitrogen_stress_year,water_stress,SYA2014_stress_grid_S0007,pareto_balanced,2014-05-17,137,32,27,"{""sim_day"": 32.0, ""doy"": 137.0, ""topwt"": 27.610929012298584, ""grnwt"": 0.0, ""xlai"": 0.0540625713765621, ""totir"": 0.0, ""tofer"": NaN, ""swfac"": 0.0, ""nstres"": 0.0}",0.0,0.0,27.610929012298584,0.0,0.0540625713765621,0.0,,0.0,0.0,40.0,0.0,8.649945068359376,24.649945068359376,Leave_One_experiments/all_year_offline_schedule_search/daily_outputs/SYA/SYA_2014_SYA2014_stress_grid_S0007_daily.csv
SYA,SYA,Shenyang,2014,Leave_One_experiments\wth_generated_qc\SYA\SYA2014.WTH,normal_year;water_stress_year;nitrogen_stress_year,water_stress,SYA2014_stress_grid_S0007,pareto_balanced,2014-05-18,138,33,28,"{""sim_day"": 33.0, ""doy"": 138.0, ""topwt"": 31.51092767715454, ""grnwt"": 0.0, ""xlai"": 0.0631982013583183, ""totir"": 0.0, ""tofer"": NaN, ""swfac"": 0.0, ""nstres"": 0.0}",0.0,0.0,31.51092767715454,0.0,0.0631982013583183,0.0,,0.0,0.0,40.0,0.0,8.649945068359376,24.649945068359376,Leave_One_experiments/all_year_offline_schedule_search/daily_outputs/SYA/SYA_2014_SYA2014_stress_grid_S0007_daily.csv
SYA,SYA,Shenyang,2014,Leave_One_experiments\wth_generated_qc\SYA\SYA2014.WTH,normal_year;water_stress_year;nitrogen_stress_year,water_stress,SYA2014_stress_grid_S0007,pareto_balanced,2014-05-19,139,34,29,"{""sim_day"": 34.0, ""doy"": 139.0, ""topwt"": 34.951012134552, ""grnwt"": 0.0, ""xlai"": 0.0709991976618766, ""totir"": 0.0, ""tofer"": NaN, ""swfac"": 0.0, ""nstres"": 0.0}",0.0,0.0,34.951012134552,0.0,0.0709991976618766,0.0,,0.0,0.0,40.0,0.0,8.649945068359376,24.649945068359376,Leave_One_experiments/all_year_offline_schedule_search/daily_outputs/SYA/SYA_2014_SYA2014_stress_grid_S0007_daily.csv
SYA,SYA,Shenyang,2014,Leave_One_experiments\wth_generated_qc\SYA\SYA2014.WTH,normal_year;water_stress_year;nitrogen_stress_year,water_stress,SYA2014_stress_grid_S0007,pareto_balanced,2014-05-20,140,35,30,"{""sim_day"": 35.0, ""doy"": 140.0, ""topwt"": 41.68410778045654, ""grnwt"": 0.0, ""xlai"": 0.0857087522745132, ""totir"": 0.0, ""tofer"": NaN, ""swfac"": 0.0, ""nstres"": 0.0}",0.0,0.0,41.68410778045654,0.0,0.0857087522745132,0.0,,0.0,0.0,40.0,0.0,8.649945068359376,24.649945068359376,Leave_One_experiments/all_year_offline_schedule_search/daily_outputs/SYA/SYA_2014_SYA2014_stress_grid_S0007_daily.csv
SYA,SYA,Shenyang,2014,Leave_One_experiments\wth_generated_qc\SYA\SYA2014.WTH,normal_year;water_stress_year;nitrogen_stress_year,water_stress,SYA2014_stress_grid_S0007,pareto_balanced,2014-05-21,141,36,31,"{""sim_day"": 36.0, ""doy"": 141.0, ""topwt"": 48.12039375305176, ""grnwt"": 0.0, ""xlai"": 0.0991579592227935, ""totir"": 0.0, ""tofer"": NaN, ""swfac"": 0.0, ""nstres"": 0.0}",0.0,0.0,48.12039375305176,0.0,0.0991579592227935,0.0,,0.0,0.0,40.0,0.0,8.649945068359376,24.649945068359376,Leave_One_experiments/all_year_offline_schedule_search/daily_outputs/SYA/SYA_2014_SYA2014_stress_grid_S0007_daily.csv
SYA,SYA,Shenyang,2014,Leave_One_experiments\wth_generated_qc\SYA\SYA2014.WTH,normal_year;water_stress_year;nitrogen_stress_year,water_stress,SYA2014_stress_grid_S0007,pareto_balanced,2014-05-22,142,37,32,"{""sim_day"": 37.0, ""doy"": 142.0, ""topwt"": 57.80069828033447, ""grnwt"": 0.0, ""xlai"": 0.1180611327290535, ""totir"": 0.0, ""tofer"": NaN, ""swfac"": 0.0, ""nstres"": 0.0}",0.0,0.0,57.80069828033447,0.0,0.1180611327290535,0.0,,0.0,0.0,40.0,0.0,8.649945068359376,24.649945068359376,Leave_One_experiments/all_year_offline_schedule_search/daily_outputs/SYA/SYA_2014_SYA2014_stress_grid_S0007_daily.csv
SYA,SYA,Shenyang,2014,Leave_One_experiments\wth_generated_qc\SYA\SYA2014.WTH,normal_year;water_stress_year;nitrogen_stress_year,water_stress,SYA2014_stress_grid_S0007,pareto_balanced,2014-05-23,143,38,33,"{""sim_day"": 38.0, ""doy"": 143.0, ""topwt"": 66.08765602111816, ""grnwt"": 0.0, ""xlai"": 0.1336204558610916, ""totir"": 0.0, ""tofer"": NaN, ""swfac"": 0.0, ""nstres"": 0.0}",0.0,0.0,66.08765602111816,0.0,0.1336204558610916,0.0,,0.0,0.0,40.0,0.0,8.649945068359376,24.649945068359376,Leave_One_experiments/all_year_offline_schedule_search/daily_outputs/SYA/SYA_2014_SYA2014_stress_grid_S0007_daily.csv
SYA,SYA,Shenyang,2014,Leave_One_experiments\wth_generated_qc\SYA\SYA2014.WTH,normal_year;water_stress_year;nitrogen_stress_year,water_stress,SYA2014_stress_grid_S0007,pareto_balanced,2014-05-24,144,39,34,"{""sim_day"": 39.0, ""doy"": 144.0, ""topwt"": 68.71368408203125, ""grnwt"": 0.0, ""xlai"": 0.1478790789842605, ""totir"": 0.0, ""tofer"": NaN, ""swfac"": 0.0, ""nstres"": 0.0}",0.0,0.0,68.71368408203125,0.0,0.1478790789842605,0.0,,0.0,0.0,40.0,0.0,8.649945068359376,24.649945068359376,Leave_One_experiments/all_year_offline_schedule_search/daily_outputs/SYA/SYA_2014_SYA2014_stress_grid_S0007_daily.csv
SYA,SYA,Shenyang,2014,Leave_One_experiments\wth_generated_qc\SYA\SYA2014.WTH,normal_year;water_stress_year;nitrogen_stress_year,water_stress,SYA2014_stress_grid_S0007,pareto_balanced,2014-05-25,145,40,35,"{""sim_day"": 40.0, ""doy"": 145.0, ""topwt"": 79.40152645111084, ""grnwt"": 0.0, ""xlai"": 0.1684149354696273, ""totir"": 40.0, ""tofer"": NaN, ""swfac"": 0.0, ""nstres"": 0.0017453432083129}",0.0,0.0017453432083129,79.40152645111084,0.0,0.1684149354696273,40.0,,40.0,0.0,40.0,0.0,8.649945068359376,24.649945068359376,Leave_One_experiments/all_year_offline_schedule_search/daily_outputs/SYA/SYA_2014_SYA2014_stress_grid_S0007_daily.csv
SYA,SYA,Shenyang,2014,Leave_One_experiments\wth_generated_qc\SYA\SYA2014.WTH,normal_year;water_stress_year;nitrogen_stress_year,water_stress,SYA2014_stress_grid_S0007,pareto_balanced,2014-05-26,146,41,36,"{""sim_day"": 41.0, ""doy"": 146.0, ""topwt"": 91.14493370056152, ""grnwt"": 0.0, ""xlai"": 0.1902127861976623, ""totir"": 40.0, ""tofer"": NaN, ""swfac"": 0.0, ""nstres"": 0.0103126764297485}",0.0,0.0103126764297485,91.14493370056152,0.0,0.1902127861976623,40.0,,0.0,0.0,40.0,0.0,8.649945068359376,24.649945068359376,Leave_One_experiments/all_year_offline_schedule_search/daily_outputs/SYA/SYA_2014_SYA2014_stress_grid_S0007_daily.csv
SYA,SYA,Shenyang,2014,Leave_One_experiments\wth_generated_qc\SYA\SYA2014.WTH,normal_year;water_stress_year;nitrogen_stress_year,water_stress,SYA2014_stress_grid_S0007,pareto_balanced,2014-05-27,147,42,37,"{""sim_day"": 42.0, ""doy"": 147.0, ""topwt"": 103.74256134033205, ""grnwt"": 0.0, ""xlai"": 0.2128447443246841, ""totir"": 40.0, ""tofer"": NaN, ""swfac"": 0.0, ""nstres"": 0.0342525243759155}",0.0,0.0342525243759155,103.74256134033205,0.0,0.2128447443246841,40.0,,0.0,0.0,40.0,0.0,8.649945068359376,24.649945068359376,Leave_One_experiments/all_year_offline_schedule_search/daily_outputs/SYA/SYA_2014_SYA2014_stress_grid_S0007_daily.csv
SYA,SYA,Shenyang,2014,Leave_One_experiments\wth_generated_qc\SYA\SYA2014.WTH,normal_year;water_stress_year;nitrogen_stress_year,water_stress,SYA2014_stress_grid_S0007,pareto_balanced,2014-05-28,148,43,38,"{""sim_day"": 43.0, ""doy"": 148.0, ""topwt"": 120.99882125854492, ""grnwt"": 0.0, ""xlai"": 0.2428634911775589, ""totir"": 40.0, ""tofer"": NaN, ""swfac"": 0.0, ""nstres"": 0.0402517318725585}",0.0,0.0402517318725585,120.99882125854492,0.0,0.2428634911775589,40.0,,0.0,0.0,40.0,0.0,8.649945068359376,24.649945068359376,Leave_One_experiments/all_year_offline_schedule_search/daily_outputs/SYA/SYA_2014_SYA2014_stress_grid_S0007_daily.csv
SYA,SYA,Shenyang,2014,Leave_One_experiments\wth_generated_qc\SYA\SYA2014.WTH,normal_year;water_stress_year;nitrogen_stress_year,water_stress,SYA2014_stress_grid_S0007,pareto_balanced,2014-05-29,149,44,39,"{""sim_day"": 44.0, ""doy"": 149.0, ""topwt"": 143.60605239868164, ""grnwt"": 0.0, ""xlai"": 0.280784547328949, ""totir"": 40.0, ""tofer"": NaN, ""swfac"": 0.0, ""nstres"": 0.0212072134017944}",0.0,0.0212072134017944,143.60605239868164,0.0,0.280784547328949,40.0,,0.0,0.0,40.0,0.0,8.649945068359376,24.649945068359376,Leave_One_experiments/all_year_offline_schedule_search/daily_outputs/SYA/SYA_2014_SYA2014_stress_grid_S0007_daily.csv
SYA,SYA,Shenyang,2014,Leave_One_experiments\wth_generated_qc\SYA\SYA2014.WTH,normal_year;water_stress_year;nitrogen_stress_year,water_stress,SYA2014_stress_grid_S0007,pareto_balanced,2014-05-30,150,45,40,"{""sim_day"": 45.0, ""doy"": 150.0, ""topwt"": 174.83636856079102, ""grnwt"": 0.0, ""xlai"": 0.3310517072677612, ""totir"": 40.0, ""tofer"": NaN, ""swfac"": 0.0, ""nstres"": 0.0089606046676635}",0.0,0.0089606046676635,174.83636856079102,0.0,0.3310517072677612,40.0,,0.0,0.0,40.0,0.0,8.649945068359376,24.649945068359376,Leave_One_experiments/all_year_offline_schedule_search/daily_outputs/SYA/SYA_2014_SYA2014_stress_grid_S0007_daily.csv
SYA,SYA,Shenyang,2014,Leave_One_experiments\wth_generated_qc\SYA\SYA2014.WTH,normal_year;water_stress_year;nitrogen_stress_year,water_stress,SYA2014_stress_grid_S0007,pareto_balanced,2014-05-31,151,46,41,"{""sim_day"": 46.0, ""doy"": 151.0, ""topwt"": 206.57135009765625, ""grnwt"": 0.0, ""xlai"": 0.380082368850708, ""totir"": 40.0, ""tofer"": NaN, ""swfac"": 0.0, ""nstres"": 0.0285262465476989}",0.0,0.0285262465476989,206.57135009765625,0.0,0.380082368850708,40.0,,0.0,0.0,40.0,0.0,8.649945068359376,24.649945068359376,Leave_One_experiments/all_year_offline_schedule_search/daily_outputs/SYA/SYA_2014_SYA2014_stress_grid_S0007_daily.csv
SYA,SYA,Shenyang,2014,Leave_One_experiments\wth_generated_qc\SYA\SYA2014.WTH,normal_year;water_stress_year;nitrogen_stress_year,water_stress,SYA2014_stress_grid_S0007,pareto_balanced,2014-06-01,152,47,42,"{""sim_day"": 47.0, ""doy"": 152.0, ""topwt"": 233.82020950317383, ""grnwt"": 0.0, ""xlai"": 0.4200243651866913, ""totir"": 40.0, ""tofer"": NaN, ""swfac"": 0.0, ""nstres"": 0.0583007335662841}",0.0,0.0583007335662841,233.82020950317383,0.0,0.4200243651866913,40.0,,0.0,0.0,40.0,0.0,8.649945068359376,24.649945068359376,Leave_One_experiments/all_year_offline_schedule_search/daily_outputs/SYA/SYA_2014_SYA2014_stress_grid_S0007_daily.csv
SYA,SYA,Shenyang,2014,Leave_One_experiments\wth_generated_qc\SYA\SYA2014.WTH,normal_year;water_stress_year;nitrogen_stress_year,water_stress,SYA2014_stress_grid_S0007,pareto_balanced,2014-06-02,153,48,43,"{""sim_day"": 48.0, ""doy"": 153.0, ""topwt"": 263.0661392211914, ""grnwt"": 0.0, ""xlai"": 0.4604422748088836, ""totir"": 40.0, ""tofer"": NaN, ""swfac"": 0.0, ""nstres"": 0.0797520279884338}",0.0,0.0797520279884338,263.0661392211914,0.0,0.4604422748088836,40.0,,0.0,0.0,40.0,0.0,8.649945068359376,24.649945068359376,Leave_One_experiments/all_year_offline_schedule_search/daily_outputs/SYA/SYA_2014_SYA2014_stress_grid_S0007_daily.csv
SYA,SYA,Shenyang,2014,Leave_One_experiments\wth_generated_qc\SYA\SYA2014.WTH,normal_year;water_stress_year;nitrogen_stress_year,water_stress,SYA2014_stress_grid_S0007,pareto_balanced,2014-06-03,154,49,44,"{""sim_day"": 49.0, ""doy"": 154.0, ""topwt"": 295.9732246398926, ""grnwt"": 0.0, ""xlai"": 0.4986225068569183, ""totir"": 40.0, ""tofer"": NaN, ""swfac"": 0.0, ""nstres"": 0.0918976068496704}",0.0,0.0918976068496704,295.9732246398926,0.0,0.4986225068569183,40.0,,0.0,0.0,40.0,0.0,8.649945068359376,24.649945068359376,Leave_One_experiments/all_year_offline_schedule_search/daily_outputs/SYA/SYA_2014_SYA2014_stress_grid_S0007_daily.csv
SYA,SYA,Shenyang,2014,Leave_One_experiments\wth_generated_qc\SYA\SYA2014.WTH,normal_year;water_stress_year;nitrogen_stress_year,water_stress,SYA2014_stress_grid_S0007,pareto_balanced,2014-06-04,155,50,45,"{""sim_day"": 50.0, ""doy"": 155.0, ""topwt"": 331.6166687011719, ""grnwt"": 0.0, ""xlai"": 0.542525053024292, ""totir"": 40.0, ""tofer"": NaN, ""swfac"": 0.0, ""nstres"": 0.1063984632492065}",0.0,0.1063984632492065,331.6166687011719,0.0,0.542525053024292,40.0,,0.0,0.0,40.0,0.0,8.649945068359376,24.649945068359376,Leave_One_experiments/all_year_offline_schedule_search/daily_outputs/SYA/SYA_2014_SYA2014_stress_grid_S0007_daily.csv
SYA,SYA,Shenyang,2014,Leave_One_experiments\wth_generated_qc\SYA\SYA2014.WTH,normal_year;water_stress_year;nitrogen_stress_year,water_stress,SYA2014_stress_grid_S0007,pareto_balanced,2014-06-05,156,51,46,"{""sim_day"": 51.0, ""doy"": 156.0, ""topwt"": 361.9948196411133, ""grnwt"": 0.0, ""xlai"": 0.5757877230644226, ""totir"": 40.0, ""tofer"": NaN, ""swfac"": 0.0, ""nstres"": 0.1243048906326294}",0.0,0.1243048906326294,361.9948196411133,0.0,0.5757877230644226,40.0,,0.0,0.0,40.0,0.0,8.649945068359376,24.649945068359376,Leave_One_experiments/all_year_offline_schedule_search/daily_outputs/SYA/SYA_2014_SYA2014_stress_grid_S0007_daily.csv
SYA,SYA,Shenyang,2014,Leave_One_experiments\wth_generated_qc\SYA\SYA2014.WTH,normal_year;water_stress_year;nitrogen_stress_year,water_stress,SYA2014_stress_grid_S0007,pareto_balanced,2014-06-06,157,52,47,"{""sim_day"": 52.0, ""doy"": 157.0, ""topwt"": 387.3762893676758, ""grnwt"": 0.0, ""xlai"": 0.5997363328933716, ""totir"": 40.0, ""tofer"": NaN, ""swfac"": 0.0, ""nstres"": 0.1379674673080444}",0.0,0.1379674673080444,387.3762893676758,0.0,0.5997363328933716,40.0,,0.0,0.0,40.0,0.0,8.649945068359376,24.649945068359376,Leave_One_experiments/all_year_offline_schedule_search/daily_outputs/SYA/SYA_2014_SYA2014_stress_grid_S0007_daily.csv
SYA,SYA,Shenyang,2014,Leave_One_experiments\wth_generated_qc\SYA\SYA2014.WTH,normal_year;water_stress_year;nitrogen_stress_year,water_stress,SYA2014_stress_grid_S0007,pareto_balanced,2014-06-07,158,53,48,"{""sim_day"": 53.0, ""doy"": 158.0, ""topwt"": 414.1497421264648, ""grnwt"": 0.0, ""xlai"": 0.6244266033172607, ""totir"": 40.0, ""tofer"": NaN, ""swfac"": 0.0, ""nstres"": 0.1354085206985473}",0.0,0.1354085206985473,414.1497421264648,0.0,0.6244266033172607,40.0,,0.0,0.0,40.0,0.0,8.649945068359376,24.649945068359376,Leave_One_experiments/all_year_offline_schedule_search/daily_outputs/SYA/SYA_2014_SYA2014_stress_grid_S0007_daily.csv
SYA,SYA,Shenyang,2014,Leave_One_experiments\wth_generated_qc\SYA\SYA2014.WTH,normal_year;water_stress_year;nitrogen_stress_year,water_stress,SYA2014_stress_grid_S0007,pareto_balanced,2014-06-08,159,54,49,"{""sim_day"": 54.0, ""doy"": 159.0, ""topwt"": 448.8107681274414, ""grnwt"": 0.0, ""xlai"": 0.6579048037528992, ""totir"": 40.0, ""tofer"": NaN, ""swfac"": 0.0, ""nstres"": 0.1324861049652099}",0.0,0.1324861049652099,448.8107681274414,0.0,0.6579048037528992,40.0,,0.0,0.0,40.0,0.0,8.649945068359376,24.649945068359376,Leave_One_experiments/all_year_offline_schedule_search/daily_outputs/SYA/SYA_2014_SYA2014_stress_grid_S0007_daily.csv
SYA,SYA,Shenyang,2014,Leave_One_experiments\wth_generated_qc\SYA\SYA2014.WTH,normal_year;water_stress_year;nitrogen_stress_year,water_stress,SYA2014_stress_grid_S0007,pareto_balanced,2014-06-09,160,55,50,"{""sim_day"": 55.0, ""doy"": 160.0, ""topwt"": 485.2315902709961, ""grnwt"": 0.0, ""xlai"": 0.6913301348686218, ""totir"": 40.0, ""tofer"": NaN, ""swfac"": 0.0, ""nstres"": 0.1352293491363525}",0.0,0.1352293491363525,485.2315902709961,0.0,0.6913301348686218,40.0,,0.0,0.0,40.0,0.0,8.649945068359376,24.649945068359376,Leave_One_experiments/all_year_offline_schedule_search/daily_outputs/SYA/SYA_2014_SYA2014_stress_grid_S0007_daily.csv
SYA,SYA,Shenyang,2014,Leave_One_experiments\wth_generated_qc\SYA\SYA2014.WTH,normal_year;water_stress_year;nitrogen_stress_year,water_stress,SYA2014_stress_grid_S0007,pareto_balanced,2014-06-10,161,56,51,"{""sim_day"": 56.0, ""doy"": 161.0, ""topwt"": 516.6641998291016, ""grnwt"": 0.0, ""xlai"": 0.7152700424194336, ""totir"": 40.0, ""tofer"": NaN, ""swfac"": 0.0, ""nstres"": 0.1533528566360473}",0.0,0.1533528566360473,516.6641998291016,0.0,0.7152700424194336,40.0,,0.0,0.0,40.0,0.0,8.649945068359376,24.649945068359376,Leave_One_experiments/all_year_offline_schedule_search/daily_outputs/SYA/SYA_2014_SYA2014_stress_grid_S0007_daily.csv
SYA,SYA,Shenyang,2014,Leave_One_experiments\wth_generated_qc\SYA\SYA2014.WTH,normal_year;water_stress_year;nitrogen_stress_year,water_stress,SYA2014_stress_grid_S0007,pareto_balanced,2014-06-11,162,57,52,"{""sim_day"": 57.0, ""doy"": 162.0, ""topwt"": 550.9905242919922, ""grnwt"": 0.0, ""xlai"": 0.7393894195556641, ""totir"": 40.0, ""tofer"": NaN, ""swfac"": 0.0, ""nstres"": 0.168756902217865}",0.0,0.168756902217865,550.9905242919922,0.0,0.7393894195556641,40.0,,0.0,0.0,40.0,0.0,8.649945068359376,24.649945068359376,Leave_One_experiments/all_year_offline_schedule_search/daily_outputs/SYA/SYA_2014_SYA2014_stress_grid_S0007_daily.csv
SYA,SYA,Shenyang,2014,Leave_One_experiments\wth_generated_qc\SYA\SYA2014.WTH,normal_year;water_stress_year;nitrogen_stress_year,water_stress,SYA2014_stress_grid_S0007,pareto_balanced,2014-06-12,163,58,53,"{""sim_day"": 58.0, ""doy"": 163.0, ""topwt"": 586.7261505126953, ""grnwt"": 0.0, ""xlai"": 0.7622002959251404, ""totir"": 40.0, ""tofer"": NaN, ""swfac"": 0.0, ""nstres"": 0.1786131858825683}",0.0,0.1786131858825683,586.7261505126953,0.0,0.7622002959251404,40.0,,0.0,0.0,40.0,0.0,8.649945068359376,24.649945068359376,Leave_One_experiments/all_year_offline_schedule_search/daily_outputs/SYA/SYA_2014_SYA2014_stress_grid_S0007_daily.csv
SYA,SYA,Shenyang,2014,Leave_One_experiments\wth_generated_qc\SYA\SYA2014.WTH,normal_year;water_stress_year;nitrogen_stress_year,water_stress,SYA2014_stress_grid_S0007,pareto_balanced,2014-06-13,164,59,54,"{""sim_day"": 59.0, ""doy"": 164.0, ""topwt"": 624.5443725585938, ""grnwt"": 0.0, ""xlai"": 0.7842088341712952, ""totir"": 40.0, ""tofer"": NaN, ""swfac"": 0.0, ""nstres"": 0.1883710622787475}",0.0,0.1883710622787475,624.5443725585938,0.0,0.7842088341712952,40.0,,0.0,0.0,40.0,0.0,8.649945068359376,24.649945068359376,Leave_One_experiments/all_year_offline_schedule_search/daily_outputs/SYA/SYA_2014_SYA2014_stress_grid_S0007_daily.csv
SYA,SYA,Shenyang,2014,Leave_One_experiments\wth_generated_qc\SYA\SYA2014.WTH,normal_year;water_stress_year;nitrogen_stress_year,water_stress,SYA2014_stress_grid_S0007,pareto_balanced,2014-06-14,165,60,55,"{""sim_day"": 60.0, ""doy"": 165.0, ""topwt"": 670.1033020019531, ""grnwt"": 0.0, ""xlai"": 0.8107972145080566, ""totir"": 40.0, ""tofer"": NaN, ""swfac"": 0.0, ""nstres"": 0.1964895725250244}",0.0,0.1964895725250244,670.1033020019531,0.0,0.8107972145080566,40.0,,0.0,0.0,40.0,0.0,8.649945068359376,24.649945068359376,Leave_One_experiments/all_year_offline_schedule_search/daily_outputs/SYA/SYA_2014_SYA2014_stress_grid_S0007_daily.csv
SYA,SYA,Shenyang,2014,Leave_One_experiments\wth_generated_qc\SYA\SYA2014.WTH,normal_year;water_stress_year;nitrogen_stress_year,water_stress,SYA2014_stress_grid_S0007,pareto_balanced,2014-06-15,166,61,56,"{""sim_day"": 61.0, ""doy"": 166.0, ""topwt"": 714.2648315429688, ""grnwt"": 0.0, ""xlai"": 0.8324501514434814, ""totir"": 40.0, ""tofer"": NaN, ""swfac"": 0.0, ""nstres"": 0.2114148736000061}",0.0,0.2114148736000061,714.2648315429688,0.0,0.8324501514434814,40.0,,0.0,0.0,40.0,0.0,8.649945068359376,24.649945068359376,Leave_One_experiments/all_year_offline_schedule_search/daily_outputs/SYA/SYA_2014_SYA2014_stress_grid_S0007_daily.csv
SYA,SYA,Shenyang,2014,Leave_One_experiments\wth_generated_qc\SYA\SYA2014.WTH,normal_year;water_stress_year;nitrogen_stress_year,water_stress,SYA2014_stress_grid_S0007,pareto_balanced,2014-06-16,167,62,57,"{""sim_day"": 62.0, ""doy"": 167.0, ""topwt"": 753.8333129882812, ""grnwt"": 0.0, ""xlai"": 0.8465340733528137, ""totir"": 40.0, ""tofer"": NaN, ""swfac"": 0.0, ""nstres"": 0.2379628419876098}",0.0,0.2379628419876098,753.8333129882812,0.0,0.8465340733528137,40.0,,0.0,0.0,40.0,0.0,8.649945068359376,24.649945068359376,Leave_One_experiments/all_year_offline_schedule_search/daily_outputs/SYA/SYA_2014_SYA2014_stress_grid_S0007_daily.csv
SYA,SYA,Shenyang,2014,Leave_One_experiments\wth_generated_qc\SYA\SYA2014.WTH,normal_year;water_stress_year;nitrogen_stress_year,water_stress,SYA2014_stress_grid_S0007,pareto_balanced,2014-06-17,168,63,58,"{""sim_day"": 63.0, ""doy"": 168.0, ""topwt"": 787.1414184570312, ""grnwt"": 0.0, ""xlai"": 0.8526466488838196, ""totir"": 40.0, ""tofer"": NaN, ""swfac"": 0.0, ""nstres"": 0.2576239109039306}",0.0,0.2576239109039306,787.1414184570312,0.0,0.8526466488838196,40.0,,0.0,0.0,40.0,0.0,8.649945068359376,24.649945068359376,Leave_One_experiments/all_year_offline_schedule_search/daily_outputs/SYA/SYA_2014_SYA2014_stress_grid_S0007_daily.csv
SYA,SYA,Shenyang,2014,Leave_One_experiments\wth_generated_qc\SYA\SYA2014.WTH,normal_year;water_stress_year;nitrogen_stress_year,water_stress,SYA2014_stress_grid_S0007,pareto_balanced,2014-06-18,169,64,59,"{""sim_day"": 64.0, ""doy"": 169.0, ""topwt"": 824.3558502197266, ""grnwt"": 0.0, ""xlai"": 0.8603268265724182, ""totir"": 40.0, ""tofer"": NaN, ""swfac"": 0.0, ""nstres"": 0.2681269645690918}",0.0,0.2681269645690918,824.3558502197266,0.0,0.8603268265724182,40.0,,0.0,0.0,40.0,0.0,8.649945068359376,24.649945068359376,Leave_One_experiments/all_year_offline_schedule_search/daily_outputs/SYA/SYA_2014_SYA2014_stress_grid_S0007_daily.csv
SYA,SYA,Shenyang,2014,Leave_One_experiments\wth_generated_qc\SYA\SYA2014.WTH,normal_year;water_stress_year;nitrogen_stress_year,water_stress,SYA2014_stress_grid_S0007,pareto_balanced,2014-06-19,170,65,60,"{""sim_day"": 65.0, ""doy"": 170.0, ""topwt"": 863.6769104003906, ""grnwt"": 0.0, ""xlai"": 0.867857813835144, ""totir"": 40.0, ""tofer"": NaN, ""swfac"": 0.0, ""nstres"": 0.2765970230102539}",0.0,0.2765970230102539,863.6769104003906,0.0,0.867857813835144,40.0,,0.0,0.0,40.0,0.0,8.649945068359376,24.649945068359376,Leave_One_experiments/all_year_offline_schedule_search/daily_outputs/SYA/SYA_2014_SYA2014_stress_grid_S0007_daily.csv
SYA,SYA,Shenyang,2014,Leave_One_experiments\wth_generated_qc\SYA\SYA2014.WTH,normal_year;water_stress_year;nitrogen_stress_year,water_stress,SYA2014_stress_grid_S0007,pareto_balanced,2014-06-20,171,66,61,"{""sim_day"": 66.0, ""doy"": 171.0, ""topwt"": 905.6483459472656, ""grnwt"": 0.0, ""xlai"": 0.8754841685295105, ""totir"": 40.0, ""tofer"": NaN, ""swfac"": 0.0, ""nstres"": 0.2855725288391113}",0.0,0.2855725288391113,905.6483459472656,0.0,0.8754841685295105,40.0,,0.0,0.0,40.0,0.0,8.649945068359376,24.649945068359376,Leave_One_experiments/all_year_offline_schedule_search/daily_outputs/SYA/SYA_2014_SYA2014_stress_grid_S0007_daily.csv
SYA,SYA,Shenyang,2014,Leave_One_experiments\wth_generated_qc\SYA\SYA2014.WTH,normal_year;water_stress_year;nitrogen_stress_year,water_stress,SYA2014_stress_grid_S0007,pareto_balanced,2014-06-21,172,67,62,"{""sim_day"": 67.0, ""doy"": 172.0, ""topwt"": 945.4078674316406, ""grnwt"": 0.0, ""xlai"": 0.8795788884162903, ""totir"": 40.0, ""tofer"": NaN, ""swfac"": 0.0, ""nstres"": 0.294069766998291}",0.0,0.294069766998291,945.4078674316406,0.0,0.8795788884162903,40.0,,0.0,0.0,40.0,0.0,8.649945068359376,24.649945068359376,Leave_One_experiments/all_year_offline_schedule_search/daily_outputs/SYA/SYA_2014_SYA2014_stress_grid_S0007_daily.csv
SYA,SYA,Shenyang,2014,Leave_One_experiments\wth_generated_qc\SYA\SYA2014.WTH,normal_year;water_stress_year;nitrogen_stress_year,water_stress,SYA2014_stress_grid_S0007,pareto_balanced,2014-06-22,173,68,63,"{""sim_day"": 68.0, ""doy"": 173.0, ""topwt"": 987.5548553466796, ""grnwt"": 0.0, ""xlai"": 0.8835859894752502, ""totir"": 40.0, ""tofer"": NaN, ""swfac"": 0.0, ""nstres"": 0.3045722842216491}",0.0,0.3045722842216491,987.5548553466796,0.0,0.8835859894752502,40.0,,0.0,0.0,40.0,0.0,8.649945068359376,24.649945068359376,Leave_One_experiments/all_year_offline_schedule_search/daily_outputs/SYA/SYA_2014_SYA2014_stress_grid_S0007_daily.csv
SYA,SYA,Shenyang,2014,Leave_One_experiments\wth_generated_qc\SYA\SYA2014.WTH,normal_year;water_stress_year;nitrogen_stress_year,water_stress,SYA2014_stress_grid_S0007,pareto_balanced,2014-06-23,174,69,64,"{""sim_day"": 69.0, ""doy"": 174.0, ""topwt"": 1034.7344970703125, ""grnwt"": 0.0, ""xlai"": 0.8890751600265503, ""totir"": 40.0, ""tofer"": NaN, ""swfac"": 0.0, ""nstres"": 0.3152592182159424}",0.0,0.3152592182159424,1034.7344970703125,0.0,0.8890751600265503,40.0,,0.0,0.0,40.0,0.0,8.649945068359376,24.649945068359376,Leave_One_experiments/all_year_offline_schedule_search/daily_outputs/SYA/SYA_2014_SYA2014_stress_grid_S0007_daily.csv
SYA,SYA,Shenyang,2014,Leave_One_experiments\wth_generated_qc\SYA\SYA2014.WTH,normal_year;water_stress_year;nitrogen_stress_year,water_stress,SYA2014_stress_grid_S0007,pareto_balanced,2014-06-24,175,70,65,"{""sim_day"": 70.0, ""doy"": 175.0, ""topwt"": 1087.8314971923828, ""grnwt"": 0.0, ""xlai"": 0.8961492776870728, ""totir"": 40.0, ""tofer"": NaN, ""swfac"": 0.0, ""nstres"": 0.3262079954147339}",0.0,0.3262079954147339,1087.8314971923828,0.0,0.8961492776870728,40.0,,0.0,0.0,40.0,0.0,8.649945068359376,24.649945068359376,Leave_One_experiments/all_year_offline_schedule_search/daily_outputs/SYA/SYA_2014_SYA2014_stress_grid_S0007_daily.csv
SYA,SYA,Shenyang,2014,Leave_One_experiments\wth_generated_qc\SYA\SYA2014.WTH,normal_year;water_stress_year;nitrogen_stress_year,water_stress,SYA2014_stress_grid_S0007,pareto_balanced,2014-06-25,176,71,66,"{""sim_day"": 71.0, ""doy"": 176.0, ""topwt"": 1135.5596923828125, ""grnwt"": 0.0, ""xlai"": 0.8977047801017761, ""totir"": 40.0, ""tofer"": NaN, ""swfac"": 0.0, ""nstres"": 0.3380856513977051}",0.0,0.3380856513977051,1135.5596923828125,0.0,0.8977047801017761,40.0,,0.0,0.0,40.0,0.0,8.649945068359376,24.649945068359376,Leave_One_experiments/all_year_offline_schedule_search/daily_outputs/SYA/SYA_2014_SYA2014_stress_grid_S0007_daily.csv
SYA,SYA,Shenyang,2014,Leave_One_experiments\wth_generated_qc\SYA\SYA2014.WTH,normal_year;water_stress_year;nitrogen_stress_year,water_stress,SYA2014_stress_grid_S0007,pareto_balanced,2014-06-26,177,72,67,"{""sim_day"": 72.0, ""doy"": 177.0, ""topwt"": 1181.3221740722656, ""grnwt"": 0.0, ""xlai"": 0.8963249921798706, ""totir"": 40.0, ""tofer"": NaN, ""swfac"": 0.0, ""nstres"": 0.3505944013595581}",0.0,0.3505944013595581,1181.3221740722656,0.0,0.8963249921798706,40.0,,0.0,0.0,40.0,0.0,8.649945068359376,24.649945068359376,Leave_One_experiments/all_year_offline_schedule_search/daily_outputs/SYA/SYA_2014_SYA2014_stress_grid_S0007_daily.csv
SYA,SYA,Shenyang,2014,Leave_One_experiments\wth_generated_qc\SYA\SYA2014.WTH,normal_year;water_stress_year;nitrogen_stress_year,water_stress,SYA2014_stress_grid_S0007,pareto_balanced,2014-06-27,178,73,68,"{""sim_day"": 73.0, ""doy"": 178.0, ""topwt"": 1227.5373840332031, ""grnwt"": 0.0, ""xlai"": 0.8939287662506104, ""totir"": 40.0, ""tofer"": NaN, ""swfac"": 0.0, ""nstres"": 0.3556356430053711}",0.0,0.3556356430053711,1227.5373840332031,0.0,0.8939287662506104,40.0,,0.0,0.0,40.0,0.0,8.649945068359376,24.649945068359376,Leave_One_experiments/all_year_offline_schedule_search/daily_outputs/SYA/SYA_2014_SYA2014_stress_grid_S0007_daily.csv
SYA,SYA,Shenyang,2014,Leave_One_experiments\wth_generated_qc\SYA\SYA2014.WTH,normal_year;water_stress_year;nitrogen_stress_year,water_stress,SYA2014_stress_grid_S0007,pareto_balanced,2014-06-28,179,74,69,"{""sim_day"": 74.0, ""doy"": 179.0, ""topwt"": 1282.2219848632812, ""grnwt"": 0.0, ""xlai"": 0.8946728110313416, ""totir"": 40.0, ""tofer"": NaN, ""swfac"": 0.0, ""nstres"": 0.362041711807251}",0.0,0.362041711807251,1282.2219848632812,0.0,0.8946728110313416,40.0,,0.0,0.0,40.0,0.0,8.649945068359376,24.649945068359376,Leave_One_experiments/all_year_offline_schedule_search/daily_outputs/SYA/SYA_2014_SYA2014_stress_grid_S0007_daily.csv
SYA,SYA,Shenyang,2014,Leave_One_experiments\wth_generated_qc\SYA\SYA2014.WTH,normal_year;water_stress_year;nitrogen_stress_year,water_stress,SYA2014_stress_grid_S0007,pareto_balanced,2014-06-29,180,75,70,"{""sim_day"": 75.0, ""doy"": 180.0, ""topwt"": 1345.3614807128906, ""grnwt"": 0.0, ""xlai"": 0.8979840874671936, ""totir"": 40.0, ""tofer"": NaN, ""swfac"": 0.0, ""nstres"": 0.3668327331542969}",0.0,0.3668327331542969,1345.3614807128906,0.0,0.8979840874671936,40.0,,0.0,0.0,40.0,0.0,8.649945068359376,24.649945068359376,Leave_One_experiments/all_year_offline_schedule_search/daily_outputs/SYA/SYA_2014_SYA2014_stress_grid_S0007_daily.csv
SYA,SYA,Shenyang,2014,Leave_One_experiments\wth_generated_qc\SYA\SYA2014.WTH,normal_year;water_stress_year;nitrogen_stress_year,water_stress,SYA2014_stress_grid_S0007,pareto_balanced,2014-06-30,181,76,71,"{""sim_day"": 76.0, ""doy"": 181.0, ""topwt"": 1411.071319580078, ""grnwt"": 0.0, ""xlai"": 0.9004988074302673, ""totir"": 40.0, ""tofer"": NaN, ""swfac"": 0.0, ""nstres"": 0.3737255930900574}",0.0,0.3737255930900574,1411.071319580078,0.0,0.9004988074302673,40.0,,0.0,0.0,40.0,0.0,8.649945068359376,24.649945068359376,Leave_One_experiments/all_year_offline_schedule_search/daily_outputs/SYA/SYA_2014_SYA2014_stress_grid_S0007_daily.csv
SYA,SYA,Shenyang,2014,Leave_One_experiments\wth_generated_qc\SYA\SYA2014.WTH,normal_year;water_stress_year;nitrogen_stress_year,water_stress,SYA2014_stress_grid_S0007,pareto_balanced,2014-07-01,182,77,72,"{""sim_day"": 77.0, ""doy"": 182.0, ""topwt"": 1546.3761901855469, ""grnwt"": 0.0, ""xlai"": 0.9664911031723022, ""totir"": 40.0, ""tofer"": NaN, ""swfac"": 0.0, ""nstres"": 0.3854500651359558}",0.0,0.3854500651359558,1546.3761901855469,0.0,0.9664911031723022,40.0,,0.0,0.0,40.0,0.0,8.649945068359376,24.649945068359376,Leave_One_experiments/all_year_offline_schedule_search/daily_outputs/SYA/SYA_2014_SYA2014_stress_grid_S0007_daily.csv
SYA,SYA,Shenyang,2014,Leave_One_experiments\wth_generated_qc\SYA\SYA2014.WTH,normal_year;water_stress_year;nitrogen_stress_year,water_stress,SYA2014_stress_grid_S0007,pareto_balanced,2014-07-02,183,78,73,"{""sim_day"": 78.0, ""doy"": 183.0, ""topwt"": 1631.4541625976562, ""grnwt"": 0.0, ""xlai"": 0.9773147106170654, ""totir"": 40.0, ""tofer"": NaN, ""swfac"": 0.0, ""nstres"": 0.394156277179718}",0.0,0.394156277179718,1631.4541625976562,0.0,0.9773147106170654,40.0,,0.0,0.0,40.0,0.0,8.649945068359376,24.649945068359376,Leave_One_experiments/all_year_offline_schedule_search/daily_outputs/SYA/SYA_2014_SYA2014_stress_grid_S0007_daily.csv
SYA,SYA,Shenyang,2014,Leave_One_experiments\wth_generated_qc\SYA\SYA2014.WTH,normal_year;water_stress_year;nitrogen_stress_year,water_stress,SYA2014_stress_grid_S0007,pareto_balanced,2014-07-03,184,79,74,"{""sim_day"": 79.0, ""doy"": 184.0, ""topwt"": 1706.8246459960938, ""grnwt"": 0.0, ""xlai"": 0.9752139449119568, ""totir"": 40.0, ""tofer"": NaN, ""swfac"": 0.0, ""nstres"": 0.4283556938171386}",0.0,0.4283556938171386,1706.8246459960938,0.0,0.9752139449119568,40.0,,0.0,0.0,40.0,0.0,8.649945068359376,24.649945068359376,Leave_One_experiments/all_year_offline_schedule_search/daily_outputs/SYA/SYA_2014_SYA2014_stress_grid_S0007_daily.csv
SYA,SYA,Shenyang,2014,Leave_One_experiments\wth_generated_qc\SYA\SYA2014.WTH,normal_year;water_stress_year;nitrogen_stress_year,water_stress,SYA2014_stress_grid_S0007,pareto_balanced,2014-07-04,185,80,75,"{""sim_day"": 80.0, ""doy"": 185.0, ""topwt"": 1774.9765014648438, ""grnwt"": 0.0, ""xlai"": 0.9665861129760742, ""totir"": 40.0, ""tofer"": NaN, ""swfac"": 0.0, ""nstres"": 0.4357871413230896}",0.0,0.4357871413230896,1774.9765014648438,0.0,0.9665861129760742,40.0,,0.0,0.0,40.0,0.0,8.649945068359376,24.649945068359376,Leave_One_experiments/all_year_offline_schedule_search/daily_outputs/SYA/SYA_2014_SYA2014_stress_grid_S0007_daily.csv
SYA,SYA,Shenyang,2014,Leave_One_experiments\wth_generated_qc\SYA\SYA2014.WTH,normal_year;water_stress_year;nitrogen_stress_year,water_stress,SYA2014_stress_grid_S0007,pareto_balanced,2014-07-05,186,81,76,"{""sim_day"": 81.0, ""doy"": 186.0, ""topwt"": 1837.4577331542969, ""grnwt"": 0.0, ""xlai"": 0.9540621042251588, ""totir"": 40.0, ""tofer"": NaN, ""swfac"": 0.0, ""nstres"": 0.4378540515899658}",0.0,0.4378540515899658,1837.4577331542969,0.0,0.9540621042251588,40.0,,0.0,0.0,40.0,0.0,8.649945068359376,24.649945068359376,Leave_One_experiments/all_year_offline_schedule_search/daily_outputs/SYA/SYA_2014_SYA2014_stress_grid_S0007_daily.csv
SYA,SYA,Shenyang,2014,Leave_One_experiments\wth_generated_qc\SYA\SYA2014.WTH,normal_year;water_stress_year;nitrogen_stress_year,water_stress,SYA2014_stress_grid_S0007,pareto_balanced,2014-07-06,187,82,77,"{""sim_day"": 82.0, ""doy"": 187.0, ""topwt"": 1897.8923034667969, ""grnwt"": 0.0, ""xlai"": 0.9399349093437196, ""totir"": 40.0, ""tofer"": NaN, ""swfac"": 0.0, ""nstres"": 0.4352241158485412}",0.0,0.4352241158485412,1897.8923034667969,0.0,0.9399349093437196,40.0,,0.0,0.0,40.0,0.0,8.649945068359376,24.649945068359376,Leave_One_experiments/all_year_offline_schedule_search/daily_outputs/SYA/SYA_2014_SYA2014_stress_grid_S0007_daily.csv
SYA,SYA,Shenyang,2014,Leave_One_experiments\wth_generated_qc\SYA\SYA2014.WTH,normal_year;water_stress_year;nitrogen_stress_year,water_stress,SYA2014_stress_grid_S0007,pareto_balanced,2014-07-07,188,83,78,"{""sim_day"": 83.0, ""doy"": 188.0, ""topwt"": 1948.5264587402344, ""grnwt"": 0.0, ""xlai"": 0.9224095344543456, ""totir"": 40.0, ""tofer"": NaN, ""swfac"": 0.0, ""nstres"": 0.4308145642280578}",0.0,0.4308145642280578,1948.5264587402344,0.0,0.9224095344543456,40.0,,0.0,0.0,40.0,0.0,8.649945068359376,24.649945068359376,Leave_One_experiments/all_year_offline_schedule_search/daily_outputs/SYA/SYA_2014_SYA2014_stress_grid_S0007_daily.csv
SYA,SYA,Shenyang,2014,Leave_One_experiments\wth_generated_qc\SYA\SYA2014.WTH,normal_year;water_stress_year;nitrogen_stress_year,water_stress,SYA2014_stress_grid_S0007,pareto_balanced,2014-07-08,189,84,79,"{""sim_day"": 84.0, ""doy"": 189.0, ""topwt"": 2009.9822998046875, ""grnwt"": 0.0, ""xlai"": 0.9079959988594056, ""totir"": 40.0, ""tofer"": NaN, ""swfac"": 0.0, ""nstres"": 0.424396812915802}",0.0,0.424396812915802,2009.9822998046875,0.0,0.9079959988594056,40.0,,0.0,0.0,40.0,0.0,8.649945068359376,24.649945068359376,Leave_One_experiments/all_year_offline_schedule_search/daily_outputs/SYA/SYA_2014_SYA2014_stress_grid_S0007_daily.csv
SYA,SYA,Shenyang,2014,Leave_One_experiments\wth_generated_qc\SYA\SYA2014.WTH,normal_year;water_stress_year;nitrogen_stress_year,water_stress,SYA2014_stress_grid_S0007,pareto_balanced,2014-07-09,190,85,80,"{""sim_day"": 85.0, ""doy"": 190.0, ""topwt"": 2063.02978515625, ""grnwt"": 0.0, ""xlai"": 0.8913242816925049, ""totir"": 40.0, ""tofer"": NaN, ""swfac"": 0.0, ""nstres"": 0.4173529744148254}",0.0,0.4173529744148254,2063.02978515625,0.0,0.8913242816925049,40.0,,0.0,0.0,40.0,0.0,8.649945068359376,24.649945068359376,Leave_One_experiments/all_year_offline_schedule_search/daily_outputs/SYA/SYA_2014_SYA2014_stress_grid_S0007_daily.csv
SYA,SYA,Shenyang,2014,Leave_One_experiments\wth_generated_qc\SYA\SYA2014.WTH,normal_year;water_stress_year;nitrogen_stress_year,water_stress,SYA2014_stress_grid_S0007,pareto_balanced,2014-07-10,191,86,81,"{""sim_day"": 86.0, ""doy"": 191.0, ""topwt"": 2118.06884765625, ""grnwt"": 0.0, ""xlai"": 0.8753751516342163, ""totir"": 40.0, ""tofer"": NaN, ""swfac"": 0.0, ""nstres"": 0.4119663834571838}",0.0,0.4119663834571838,2118.06884765625,0.0,0.8753751516342163,40.0,,0.0,0.0,40.0,0.0,8.649945068359376,24.649945068359376,Leave_One_experiments/all_year_offline_schedule_search/daily_outputs/SYA/SYA_2014_SYA2014_stress_grid_S0007_daily.csv
SYA,SYA,Shenyang,2014,Leave_One_experiments\wth_generated_qc\SYA\SYA2014.WTH,normal_year;water_stress_year;nitrogen_stress_year,water_stress,SYA2014_stress_grid_S0007,pareto_balanced,2014-07-11,192,87,82,"{""sim_day"": 87.0, ""doy"": 192.0, ""topwt"": 2173.1468200683594, ""grnwt"": 0.0, ""xlai"": 0.8596283197402954, ""totir"": 40.0, ""tofer"": NaN, ""swfac"": 0.0, ""nstres"": 0.407248318195343}",0.0,0.407248318195343,2173.1468200683594,0.0,0.8596283197402954,40.0,,0.0,0.0,40.0,0.0,8.649945068359376,24.649945068359376,Leave_One_experiments/all_year_offline_schedule_search/daily_outputs/SYA/SYA_2014_SYA2014_stress_grid_S0007_daily.csv
SYA,SYA,Shenyang,2014,Leave_One_experiments\wth_generated_qc\SYA\SYA2014.WTH,normal_year;water_stress_year;nitrogen_stress_year,water_stress,SYA2014_stress_grid_S0007,pareto_balanced,2014-07-12,193,88,83,"{""sim_day"": 88.0, ""doy"": 193.0, ""topwt"": 2230.743560791016, ""grnwt"": 0.0, ""xlai"": 0.8452212810516357, ""totir"": 40.0, ""tofer"": NaN, ""swfac"": 0.0, ""nstres"": 0.4022679328918457}",0.0,0.4022679328918457,2230.743560791016,0.0,0.8452212810516357,40.0,,0.0,0.0,40.0,0.0,8.649945068359376,24.649945068359376,Leave_One_experiments/all_year_offline_schedule_search/daily_outputs/SYA/SYA_2014_SYA2014_stress_grid_S0007_daily.csv
SYA,SYA,Shenyang,2014,Leave_One_experiments\wth_generated_qc\SYA\SYA2014.WTH,normal_year;water_stress_year;nitrogen_stress_year,water_stress,SYA2014_stress_grid_S0007,pareto_balanced,2014-07-13,194,89,84,"{""sim_day"": 89.0, ""doy"": 194.0, ""topwt"": 2295.337677001953, ""grnwt"": 0.0, ""xlai"": 0.8332897424697876, ""totir"": 40.0, ""tofer"": NaN, ""swfac"": 0.0, ""nstres"": 0.3957118988037109}",0.0,0.3957118988037109,2295.337677001953,0.0,0.8332897424697876,40.0,,0.0,0.0,40.0,0.0,8.649945068359376,24.649945068359376,Leave_One_experiments/all_year_offline_schedule_search/daily_outputs/SYA/SYA_2014_SYA2014_stress_grid_S0007_daily.csv
SYA,SYA,Shenyang,2014,Leave_One_experiments\wth_generated_qc\SYA\SYA2014.WTH,normal_year;water_stress_year;nitrogen_stress_year,water_stress,SYA2014_stress_grid_S0007,pareto_balanced,2014-07-14,195,90,85,"{""sim_day"": 90.0, ""doy"": 195.0, ""topwt"": 2363.5768127441406, ""grnwt"": 0.0, ""xlai"": 0.822967529296875, ""totir"": 40.0, ""tofer"": NaN, ""swfac"": 0.0, ""nstres"": 0.3871368169784546}",0.0,0.3871368169784546,2363.5768127441406,0.0,0.822967529296875,40.0,,0.0,0.0,40.0,0.0,8.649945068359376,24.649945068359376,Leave_One_experiments/all_year_offline_schedule_search/daily_outputs/SYA/SYA_2014_SYA2014_stress_grid_S0007_daily.csv
SYA,SYA,Shenyang,2014,Leave_One_experiments\wth_generated_qc\SYA\SYA2014.WTH,normal_year;water_stress_year;nitrogen_stress_year,water_stress,SYA2014_stress_grid_S0007,pareto_balanced,2014-07-15,196,91,86,"{""sim_day"": 91.0, ""doy"": 196.0, ""topwt"": 2426.704559326172, ""grnwt"": 0.0, ""xlai"": 0.8120025992393494, ""totir"": 40.0, ""tofer"": NaN, ""swfac"": 0.0, ""nstres"": 0.3779886960983276}",0.0,0.3779886960983276,2426.704559326172,0.0,0.8120025992393494,40.0,,0.0,0.0,40.0,0.0,8.649945068359376,24.649945068359376,Leave_One_experiments/all_year_offline_schedule_search/daily_outputs/SYA/SYA_2014_SYA2014_stress_grid_S0007_daily.csv
SYA,SYA,Shenyang,2014,Leave_One_experiments\wth_generated_qc\SYA\SYA2014.WTH,normal_year;water_stress_year;nitrogen_stress_year,water_stress,SYA2014_stress_grid_S0007,pareto_balanced,2014-07-16,197,92,87,"{""sim_day"": 92.0, ""doy"": 197.0, ""topwt"": 2489.765930175781, ""grnwt"": 0.0, ""xlai"": 0.8016563653945923, ""totir"": 40.0, ""tofer"": NaN, ""swfac"": 0.0, ""nstres"": 0.3695889711380005}",0.0,0.3695889711380005,2489.765930175781,0.0,0.8016563653945923,40.0,,0.0,0.0,40.0,0.0,8.649945068359376,24.649945068359376,Leave_One_experiments/all_year_offline_schedule_search/daily_outputs/SYA/SYA_2014_SYA2014_stress_grid_S0007_daily.csv
SYA,SYA,Shenyang,2014,Leave_One_experiments\wth_generated_qc\SYA\SYA2014.WTH,normal_year;water_stress_year;nitrogen_stress_year,water_stress,SYA2014_stress_grid_S0007,pareto_balanced,2014-07-17,198,93,88,"{""sim_day"": 93.0, ""doy"": 198.0, ""topwt"": 2561.039123535156, ""grnwt"": 0.0, ""xlai"": 0.7940752506256104, ""totir"": 40.0, ""tofer"": NaN, ""swfac"": 0.0, ""nstres"": 0.3587220907211303}",0.0,0.3587220907211303,2561.039123535156,0.0,0.7940752506256104,40.0,,0.0,0.0,40.0,0.0,8.649945068359376,24.649945068359376,Leave_One_experiments/all_year_offline_schedule_search/daily_outputs/SYA/SYA_2014_SYA2014_stress_grid_S0007_daily.csv
SYA,SYA,Shenyang,2014,Leave_One_experiments\wth_generated_qc\SYA\SYA2014.WTH,normal_year;water_stress_year;nitrogen_stress_year,water_stress,SYA2014_stress_grid_S0007,pareto_balanced,2014-07-18,199,94,89,"{""sim_day"": 94.0, ""doy"": 199.0, ""topwt"": 2628.545227050781, ""grnwt"": 0.0, ""xlai"": 0.7691456079483032, ""totir"": 40.0, ""tofer"": NaN, ""swfac"": 0.0, ""nstres"": 0.3534736037254333}",0.0,0.3534736037254333,2628.545227050781,0.0,0.7691456079483032,40.0,,0.0,0.0,40.0,0.0,8.649945068359376,24.649945068359376,Leave_One_experiments/all_year_offline_schedule_search/daily_outputs/SYA/SYA_2014_SYA2014_stress_grid_S0007_daily.csv
SYA,SYA,Shenyang,2014,Leave_One_experiments\wth_generated_qc\SYA\SYA2014.WTH,normal_year;water_stress_year;nitrogen_stress_year,water_stress,SYA2014_stress_grid_S0007,pareto_balanced,2014-07-19,200,95,90,"{""sim_day"": 95.0, ""doy"": 200.0, ""topwt"": 2720.5056762695312, ""grnwt"": 0.0, ""xlai"": 0.7455862164497375, ""totir"": 40.0, ""tofer"": NaN, ""swfac"": 0.0, ""nstres"": 0.3351303339004516}",0.0,0.3351303339004516,2720.5056762695312,0.0,0.7455862164497375,40.0,,0.0,0.0,40.0,0.0,8.649945068359376,24.649945068359376,Leave_One_experiments/all_year_offline_schedule_search/daily_outputs/SYA/SYA_2014_SYA2014_stress_grid_S0007_daily.csv
SYA,SYA,Shenyang,2014,Leave_One_experiments\wth_generated_qc\SYA\SYA2014.WTH,normal_year;water_stress_year;nitrogen_stress_year,water_stress,SYA2014_stress_grid_S0007,pareto_balanced,2014-07-20,201,96,91,"{""sim_day"": 96.0, ""doy"": 201.0, ""topwt"": 2733.398742675781, ""grnwt"": 0.0, ""xlai"": 0.7229585647583008, ""totir"": 40.0, ""tofer"": NaN, ""swfac"": 0.0, ""nstres"": 0.3283701539039612}",0.0,0.3283701539039612,2733.398742675781,0.0,0.7229585647583008,40.0,,0.0,0.0,40.0,0.0,8.649945068359376,24.649945068359376,Leave_One_experiments/all_year_offline_schedule_search/daily_outputs/SYA/SYA_2014_SYA2014_stress_grid_S0007_daily.csv
SYA,SYA,Shenyang,2014,Leave_One_experiments\wth_generated_qc\SYA\SYA2014.WTH,normal_year;water_stress_year;nitrogen_stress_year,water_stress,SYA2014_stress_grid_S0007,pareto_balanced,2014-07-21,202,97,92,"{""sim_day"": 97.0, ""doy"": 202.0, ""topwt"": 2783.33251953125, ""grnwt"": 0.0, ""xlai"": 0.7010787725448608, ""totir"": 40.0, ""tofer"": NaN, ""swfac"": 0.0, ""nstres"": 0.3263429403305053}",0.0,0.3263429403305053,2783.33251953125,0.0,0.7010787725448608,40.0,,0.0,0.0,40.0,0.0,8.649945068359376,24.649945068359376,Leave_One_experiments/all_year_offline_schedule_search/daily_outputs/SYA/SYA_2014_SYA2014_stress_grid_S0007_daily.csv
SYA,SYA,Shenyang,2014,Leave_One_experiments\wth_generated_qc\SYA\SYA2014.WTH,normal_year;water_stress_year;nitrogen_stress_year,water_stress,SYA2014_stress_grid_S0007,pareto_balanced,2014-07-22,203,98,93,"{""sim_day"": 98.0, ""doy"": 203.0, ""topwt"": 2870.4449462890625, ""grnwt"": 0.0, ""xlai"": 0.6804665327072144, ""totir"": 40.0, ""tofer"": NaN, ""swfac"": 0.0, ""nstres"": 0.3056181669235229}",0.0,0.3056181669235229,2870.4449462890625,0.0,0.6804665327072144,40.0,,0.0,0.0,40.0,0.0,8.649945068359376,24.649945068359376,Leave_One_experiments/all_year_offline_schedule_search/daily_outputs/SYA/SYA_2014_SYA2014_stress_grid_S0007_daily.csv
SYA,SYA,Shenyang,2014,Leave_One_experiments\wth_generated_qc\SYA\SYA2014.WTH,normal_year;water_stress_year;nitrogen_stress_year,water_stress,SYA2014_stress_grid_S0007,pareto_balanced,2014-07-23,204,99,94,"{""sim_day"": 99.0, ""doy"": 204.0, ""topwt"": 2928.480834960937, ""grnwt"": 0.0, ""xlai"": 0.660805344581604, ""totir"": 40.0, ""tofer"": NaN, ""swfac"": 0.0, ""nstres"": 0.293450653553009}",0.0,0.293450653553009,2928.480834960937,0.0,0.660805344581604,40.0,,0.0,0.0,40.0,0.0,8.649945068359376,24.649945068359376,Leave_One_experiments/all_year_offline_schedule_search/daily_outputs/SYA/SYA_2014_SYA2014_stress_grid_S0007_daily.csv
SYA,SYA,Shenyang,2014,Leave_One_experiments\wth_generated_qc\SYA\SYA2014.WTH,normal_year;water_stress_year;nitrogen_stress_year,water_stress,SYA2014_stress_grid_S0007,pareto_balanced,2014-07-24,205,100,95,"{""sim_day"": 100.0, ""doy"": 205.0, ""topwt"": 2941.3449096679688, ""grnwt"": 0.0, ""xlai"": 0.6418043375015259, ""totir"": 40.0, ""tofer"": NaN, ""swfac"": 0.0, ""nstres"": 0.2901040315628052}",0.0,0.2901040315628052,2941.3449096679688,0.0,0.6418043375015259,40.0,,0.0,0.0,40.0,0.0,8.649945068359376,24.649945068359376,Leave_One_experiments/all_year_offline_schedule_search/daily_outputs/SYA/SYA_2014_SYA2014_stress_grid_S0007_daily.csv
SYA,SYA,Shenyang,2014,Leave_One_experiments\wth_generated_qc\SYA\SYA2014.WTH,normal_year;water_stress_year;nitrogen_stress_year,water_stress,SYA2014_stress_grid_S0007,pareto_balanced,2014-07-25,206,101,96,"{""sim_day"": 101.0, ""doy"": 206.0, ""topwt"": 3033.744506835937, ""grnwt"": 0.0, ""xlai"": 0.6236778497695923, ""totir"": 40.0, ""tofer"": NaN, ""swfac"": 0.0, ""nstres"": 0.2778332829475403}",0.0,0.2778332829475403,3033.744506835937,0.0,0.6236778497695923,40.0,,0.0,0.0,40.0,0.0,8.649945068359376,24.649945068359376,Leave_One_experiments/all_year_offline_schedule_search/daily_outputs/SYA/SYA_2014_SYA2014_stress_grid_S0007_daily.csv
SYA,SYA,Shenyang,2014,Leave_One_experiments\wth_generated_qc\SYA\SYA2014.WTH,normal_year;water_stress_year;nitrogen_stress_year,water_stress,SYA2014_stress_grid_S0007,pareto_balanced,2014-07-26,207,102,97,"{""sim_day"": 102.0, ""doy"": 207.0, ""topwt"": 3125.0473022460938, ""grnwt"": 0.0, ""xlai"": 0.6066881418228149, ""totir"": 40.0, ""tofer"": NaN, ""swfac"": 0.0, ""nstres"": 0.2537880539894104}",0.0,0.2537880539894104,3125.0473022460938,0.0,0.6066881418228149,40.0,,0.0,0.0,40.0,0.0,8.649945068359376,24.649945068359376,Leave_One_experiments/all_year_offline_schedule_search/daily_outputs/SYA/SYA_2014_SYA2014_stress_grid_S0007_daily.csv
SYA,SYA,Shenyang,2014,Leave_One_experiments\wth_generated_qc\SYA\SYA2014.WTH,normal_year;water_stress_year;nitrogen_stress_year,water_stress,SYA2014_stress_grid_S0007,pareto_balanced,2014-07-27,208,103,98,"{""sim_day"": 103.0, ""doy"": 208.0, ""topwt"": 3201.2451171875, ""grnwt"": 0.0, ""xlai"": 0.5904062986373901, ""totir"": 40.0, ""tofer"": NaN, ""swfac"": 0.0, ""nstres"": 0.2440933585166931}",0.0,0.2440933585166931,3201.2451171875,0.0,0.5904062986373901,40.0,,0.0,0.0,40.0,0.0,8.649945068359376,24.649945068359376,Leave_One_experiments/all_year_offline_schedule_search/daily_outputs/SYA/SYA_2014_SYA2014_stress_grid_S0007_daily.csv
SYA,SYA,Shenyang,2014,Leave_One_experiments\wth_generated_qc\SYA\SYA2014.WTH,normal_year;water_stress_year;nitrogen_stress_year,water_stress,SYA2014_stress_grid_S0007,pareto_balanced,2014-07-28,209,104,99,"{""sim_day"": 104.0, ""doy"": 209.0, ""topwt"": 3303.7274169921875, ""grnwt"": 114.40585136413574, ""xlai"": 0.5748625993728638, ""totir"": 40.0, ""tofer"": NaN, ""swfac"": 0.0, ""nstres"": 0.2318529486656189}",0.0,0.2318529486656189,3303.7274169921875,114.40585136413574,0.5748625993728638,40.0,,0.0,0.0,40.0,0.0,8.649945068359376,24.649945068359376,Leave_One_experiments/all_year_offline_schedule_search/daily_outputs/SYA/SYA_2014_SYA2014_stress_grid_S0007_daily.csv
SYA,SYA,Shenyang,2014,Leave_One_experiments\wth_generated_qc\SYA\SYA2014.WTH,normal_year;water_stress_year;nitrogen_stress_year,water_stress,SYA2014_stress_grid_S0007,pareto_balanced,2014-07-29,210,105,100,"{""sim_day"": 105.0, ""doy"": 210.0, ""topwt"": 3376.54052734375, ""grnwt"": 191.4531517028809, ""xlai"": 0.5589076280593872, ""totir"": 40.0, ""tofer"": NaN, ""swfac"": 0.0, ""nstres"": 0.266106367111206}",0.0,0.266106367111206,3376.54052734375,191.4531517028809,0.5589076280593872,40.0,,0.0,0.0,40.0,0.0,8.649945068359376,24.649945068359376,Leave_One_experiments/all_year_offline_schedule_search/daily_outputs/SYA/SYA_2014_SYA2014_stress_grid_S0007_daily.csv
SYA,SYA,Shenyang,2014,Leave_One_experiments\wth_generated_qc\SYA\SYA2014.WTH,normal_year;water_stress_year;nitrogen_stress_year,water_stress,SYA2014_stress_grid_S0007,pareto_balanced,2014-07-30,211,106,101,"{""sim_day"": 106.0, ""doy"": 211.0, ""topwt"": 3467.7789306640625, ""grnwt"": 268.5004425048828, ""xlai"": 0.5435198545455933, ""totir"": 40.0, ""tofer"": NaN, ""swfac"": 0.0, ""nstres"": 0.2607662677764892}",0.0,0.2607662677764892,3467.7789306640625,268.5004425048828,0.5435198545455933,40.0,,0.0,0.0,40.0,0.0,8.649945068359376,24.649945068359376,Leave_One_experiments/all_year_offline_schedule_search/daily_outputs/SYA/SYA_2014_SYA2014_stress_grid_S0007_daily.csv
SYA,SYA,Shenyang,2014,Leave_One_experiments\wth_generated_qc\SYA\SYA2014.WTH,normal_year;water_stress_year;nitrogen_stress_year,water_stress,SYA2014_stress_grid_S0007,pareto_balanced,2014-07-31,212,107,102,"{""sim_day"": 107.0, ""doy"": 212.0, ""topwt"": 3536.6802978515625, ""grnwt"": 335.4352569580078, ""xlai"": 0.5286938548088074, ""totir"": 40.0, ""tofer"": NaN, ""swfac"": 0.0, ""nstres"": 0.2546687722206116}",0.0,0.2546687722206116,3536.6802978515625,335.4352569580078,0.5286938548088074,40.0,,0.0,0.0,40.0,0.0,8.649945068359376,24.649945068359376,Leave_One_experiments/all_year_offline_schedule_search/daily_outputs/SYA/SYA_2014_SYA2014_stress_grid_S0007_daily.csv
SYA,SYA,Shenyang,2014,Leave_One_experiments\wth_generated_qc\SYA\SYA2014.WTH,normal_year;water_stress_year;nitrogen_stress_year,water_stress,SYA2014_stress_grid_S0007,pareto_balanced,2014-08-01,213,108,103,"{""sim_day"": 108.0, ""doy"": 213.0, ""topwt"": 3603.615112304688, ""grnwt"": 402.3700714111328, ""xlai"": 0.5143027305603027, ""totir"": 40.0, ""tofer"": NaN, ""swfac"": 0.0, ""nstres"": 0.2532821297645569}",0.0,0.2532821297645569,3603.615112304688,402.3700714111328,0.5143027305603027,40.0,,0.0,0.0,40.0,0.0,8.649945068359376,24.649945068359376,Leave_One_experiments/all_year_offline_schedule_search/daily_outputs/SYA/SYA_2014_SYA2014_stress_grid_S0007_daily.csv
SYA,SYA,Shenyang,2014,Leave_One_experiments\wth_generated_qc\SYA\SYA2014.WTH,normal_year;water_stress_year;nitrogen_stress_year,water_stress,SYA2014_stress_grid_S0007,pareto_balanced,2014-08-02,214,109,104,"{""sim_day"": 109.0, ""doy"": 214.0, ""topwt"": 3677.7731323242183, ""grnwt"": 476.52809143066406, ""xlai"": 0.5004177093505859, ""totir"": 40.0, ""tofer"": NaN, ""swfac"": 0.0, ""nstres"": 0.247945487499237}",0.0,0.247945487499237,3677.7731323242183,476.52809143066406,0.5004177093505859,40.0,,0.0,0.0,40.0,0.0,8.649945068359376,24.649945068359376,Leave_One_experiments/all_year_offline_schedule_search/daily_outputs/SYA/SYA_2014_SYA2014_stress_grid_S0007_daily.csv
SYA,SYA,Shenyang,2014,Leave_One_experiments\wth_generated_qc\SYA\SYA2014.WTH,normal_year;water_stress_year;nitrogen_stress_year,water_stress,SYA2014_stress_grid_S0007,pareto_balanced,2014-08-03,215,110,105,"{""sim_day"": 110.0, ""doy"": 215.0, ""topwt"": 3754.820556640625, ""grnwt"": 553.5754013061523, ""xlai"": 0.4869464635848999, ""totir"": 40.0, ""tofer"": NaN, ""swfac"": 0.0, ""nstres"": 0.2460784316062927}",0.0,0.2460784316062927,3754.820556640625,553.5754013061523,0.4869464635848999,40.0,,0.0,0.0,40.0,0.0,8.649945068359376,24.649945068359376,Leave_One_experiments/all_year_offline_schedule_search/daily_outputs/SYA/SYA_2014_SYA2014_stress_grid_S0007_daily.csv
SYA,SYA,Shenyang,2014,Leave_One_experiments\wth_generated_qc\SYA\SYA2014.WTH,normal_year;water_stress_year;nitrogen_stress_year,water_stress,SYA2014_stress_grid_S0007,pareto_balanced,2014-08-04,216,111,106,"{""sim_day"": 111.0, ""doy"": 216.0, ""topwt"": 3831.8679809570312, ""grnwt"": 630.622673034668, ""xlai"": 0.4738216698169708, ""totir"": 40.0, ""tofer"": NaN, ""swfac"": 0.0, ""nstres"": 0.2468791604042053}",0.0,0.2468791604042053,3831.8679809570312,630.622673034668,0.4738216698169708,40.0,,0.0,0.0,40.0,0.0,8.649945068359376,24.649945068359376,Leave_One_experiments/all_year_offline_schedule_search/daily_outputs/SYA/SYA_2014_SYA2014_stress_grid_S0007_daily.csv
SYA,SYA,Shenyang,2014,Leave_One_experiments\wth_generated_qc\SYA\SYA2014.WTH,normal_year;water_stress_year;nitrogen_stress_year,water_stress,SYA2014_stress_grid_S0007,pareto_balanced,2014-08-05,217,112,107,"{""sim_day"": 112.0, ""doy"": 217.0, ""topwt"": 3908.914794921875, ""grnwt"": 707.6699829101562, ""xlai"": 0.4610541462898254, ""totir"": 40.0, ""tofer"": NaN, ""swfac"": 0.0, ""nstres"": 0.2466998100280761}",0.0,0.2466998100280761,3908.914794921875,707.6699829101562,0.4610541462898254,40.0,,0.0,0.0,40.0,0.0,8.649945068359376,24.649945068359376,Leave_One_experiments/all_year_offline_schedule_search/daily_outputs/SYA/SYA_2014_SYA2014_stress_grid_S0007_daily.csv
SYA,SYA,Shenyang,2014,Leave_One_experiments\wth_generated_qc\SYA\SYA2014.WTH,normal_year;water_stress_year;nitrogen_stress_year,water_stress,SYA2014_stress_grid_S0007,pareto_balanced,2014-08-06,218,113,108,"{""sim_day"": 113.0, ""doy"": 218.0, ""topwt"": 3985.962219238281, ""grnwt"": 784.7172546386719, ""xlai"": 0.4485893547534942, ""totir"": 40.0, ""tofer"": NaN, ""swfac"": 0.0, ""nstres"": 0.2488524317741394}",0.0,0.2488524317741394,3985.962219238281,784.7172546386719,0.4485893547534942,40.0,,0.0,0.0,40.0,0.0,8.649945068359376,24.649945068359376,Leave_One_experiments/all_year_offline_schedule_search/daily_outputs/SYA/SYA_2014_SYA2014_stress_grid_S0007_daily.csv
SYA,SYA,Shenyang,2014,Leave_One_experiments\wth_generated_qc\SYA\SYA2014.WTH,normal_year;water_stress_year;nitrogen_stress_year,water_stress,SYA2014_stress_grid_S0007,pareto_balanced,2014-08-07,219,114,109,"{""sim_day"": 114.0, ""doy"": 219.0, ""topwt"": 4063.009643554688, ""grnwt"": 861.7644500732422, ""xlai"": 0.4364058971405029, ""totir"": 40.0, ""tofer"": NaN, ""swfac"": 0.0, ""nstres"": 0.2518259882926941}",0.0,0.2518259882926941,4063.009643554688,861.7644500732422,0.4364058971405029,40.0,,0.0,0.0,40.0,0.0,8.649945068359376,24.649945068359376,Leave_One_experiments/all_year_offline_schedule_search/daily_outputs/SYA/SYA_2014_SYA2014_stress_grid_S0007_daily.csv
SYA,SYA,Shenyang,2014,Leave_One_experiments\wth_generated_qc\SYA\SYA2014.WTH,normal_year;water_stress_year;nitrogen_stress_year,water_stress,SYA2014_stress_grid_S0007,pareto_balanced,2014-08-08,220,115,110,"{""sim_day"": 115.0, ""doy"": 220.0, ""topwt"": 4140.057067871094, ""grnwt"": 938.8117218017578, ""xlai"": 0.424490213394165, ""totir"": 40.0, ""tofer"": NaN, ""swfac"": 0.0, ""nstres"": 0.2552984952926636}",0.0,0.2552984952926636,4140.057067871094,938.8117218017578,0.424490213394165,40.0,,0.0,0.0,40.0,0.0,8.649945068359376,24.649945068359376,Leave_One_experiments/all_year_offline_schedule_search/daily_outputs/SYA/SYA_2014_SYA2014_stress_grid_S0007_daily.csv
SYA,SYA,Shenyang,2014,Leave_One_experiments\wth_generated_qc\SYA\SYA2014.WTH,normal_year;water_stress_year;nitrogen_stress_year,water_stress,SYA2014_stress_grid_S0007,pareto_balanced,2014-08-09,221,116,111,"{""sim_day"": 116.0, ""doy"": 221.0, ""topwt"": 4217.104187011719, ""grnwt"": 1015.8589935302734, ""xlai"": 0.4128195643424988, ""totir"": 40.0, ""tofer"": NaN, ""swfac"": 0.0, ""nstres"": 0.2598384022712707}",0.0,0.2598384022712707,4217.104187011719,1015.8589935302734,0.4128195643424988,40.0,,0.0,0.0,40.0,0.0,8.649945068359376,24.649945068359376,Leave_One_experiments/all_year_offline_schedule_search/daily_outputs/SYA/SYA_2014_SYA2014_stress_grid_S0007_daily.csv
SYA,SYA,Shenyang,2014,Leave_One_experiments\wth_generated_qc\SYA\SYA2014.WTH,normal_year;water_stress_year;nitrogen_stress_year,water_stress,SYA2014_stress_grid_S0007,pareto_balanced,2014-08-10,222,117,112,"{""sim_day"": 117.0, ""doy"": 222.0, ""topwt"": 4285.952758789063, ""grnwt"": 1092.906265258789, ""xlai"": 0.4013956785202026, ""totir"": 40.0, ""tofer"": NaN, ""swfac"": 0.0, ""nstres"": 0.2641445994377136}",0.0,0.2641445994377136,4285.952758789063,1092.906265258789,0.4013956785202026,40.0,,0.0,0.0,40.0,0.0,8.649945068359376,24.649945068359376,Leave_One_experiments/all_year_offline_schedule_search/daily_outputs/SYA/SYA_2014_SYA2014_stress_grid_S0007_daily.csv
SYA,SYA,Shenyang,2014,Leave_One_experiments\wth_generated_qc\SYA\SYA2014.WTH,normal_year;water_stress_year;nitrogen_stress_year,water_stress,SYA2014_stress_grid_S0007,pareto_balanced,2014-08-11,223,118,113,"{""sim_day"": 118.0, ""doy"": 223.0, ""topwt"": 4371.199035644531, ""grnwt"": 1169.9534606933594, ""xlai"": 0.3902073800563812, ""totir"": 40.0, ""tofer"": NaN, ""swfac"": 0.0, ""nstres"": 0.2689610123634338}",0.0,0.2689610123634338,4371.199035644531,1169.9534606933594,0.3902073800563812,40.0,,0.0,0.0,40.0,0.0,8.649945068359376,24.649945068359376,Leave_One_experiments/all_year_offline_schedule_search/daily_outputs/SYA/SYA_2014_SYA2014_stress_grid_S0007_daily.csv
SYA,SYA,Shenyang,2014,Leave_One_experiments\wth_generated_qc\SYA\SYA2014.WTH,normal_year;water_stress_year;nitrogen_stress_year,water_stress,SYA2014_stress_grid_S0007,pareto_balanced,2014-08-12,224,119,114,"{""sim_day"": 119.0, ""doy"": 224.0, ""topwt"": 4448.246154785156, ""grnwt"": 1247.000732421875, ""xlai"": 0.3792888224124908, ""totir"": 40.0, ""tofer"": NaN, ""swfac"": 0.0, ""nstres"": 0.2715514302253723}",0.0,0.2715514302253723,4448.246154785156,1247.000732421875,0.3792888224124908,40.0,,0.0,0.0,40.0,0.0,8.649945068359376,24.649945068359376,Leave_One_experiments/all_year_offline_schedule_search/daily_outputs/SYA/SYA_2014_SYA2014_stress_grid_S0007_daily.csv
SYA,SYA,Shenyang,2014,Leave_One_experiments\wth_generated_qc\SYA\SYA2014.WTH,normal_year;water_stress_year;nitrogen_stress_year,water_stress,SYA2014_stress_grid_S0007,pareto_balanced,2014-08-13,225,120,115,"{""sim_day"": 120.0, ""doy"": 225.0, ""topwt"": 4499.303283691406, ""grnwt"": 1324.0480041503906, ""xlai"": 0.368526428937912, ""totir"": 40.0, ""tofer"": NaN, ""swfac"": 0.0, ""nstres"": 0.2810056805610657}",0.0,0.2810056805610657,4499.303283691406,1324.0480041503906,0.368526428937912,40.0,,0.0,0.0,40.0,0.0,8.649945068359376,24.649945068359376,Leave_One_experiments/all_year_offline_schedule_search/daily_outputs/SYA/SYA_2014_SYA2014_stress_grid_S0007_daily.csv
SYA,SYA,Shenyang,2014,Leave_One_experiments\wth_generated_qc\SYA\SYA2014.WTH,normal_year;water_stress_year;nitrogen_stress_year,water_stress,SYA2014_stress_grid_S0007,pareto_balanced,2014-08-14,226,121,116,"{""sim_day"": 121.0, ""doy"": 226.0, ""topwt"": 4565.171203613281, ""grnwt"": 1401.0952758789062, ""xlai"": 0.3579820096492767, ""totir"": 40.0, ""tofer"": NaN, ""swfac"": 0.0, ""nstres"": 0.2866967320442199}",0.0,0.2866967320442199,4565.171203613281,1401.0952758789062,0.3579820096492767,40.0,,0.0,0.0,40.0,0.0,8.649945068359376,24.649945068359376,Leave_One_experiments/all_year_offline_schedule_search/daily_outputs/SYA/SYA_2014_SYA2014_stress_grid_S0007_daily.csv
SYA,SYA,Shenyang,2014,Leave_One_experiments\wth_generated_qc\SYA\SYA2014.WTH,normal_year;water_stress_year;nitrogen_stress_year,water_stress,SYA2014_stress_grid_S0007,pareto_balanced,2014-08-15,227,122,117,"{""sim_day"": 122.0, ""doy"": 227.0, ""topwt"": 4642.908630371094, ""grnwt"": 1478.142547607422, ""xlai"": 0.3478209674358368, ""totir"": 40.0, ""tofer"": NaN, ""swfac"": 0.0, ""nstres"": 0.2812195420265198}",0.0,0.2812195420265198,4642.908630371094,1478.142547607422,0.3478209674358368,40.0,,0.0,0.0,40.0,0.0,8.649945068359376,24.649945068359376,Leave_One_experiments/all_year_offline_schedule_search/daily_outputs/SYA/SYA_2014_SYA2014_stress_grid_S0007_daily.csv
SYA,SYA,Shenyang,2014,Leave_One_experiments\wth_generated_qc\SYA\SYA2014.WTH,normal_year;water_stress_year;nitrogen_stress_year,water_stress,SYA2014_stress_grid_S0007,pareto_balanced,2014-08-16,228,123,118,"{""sim_day"": 123.0, ""doy"": 228.0, ""topwt"": 4692.14599609375, ""grnwt"": 1555.1898193359375, ""xlai"": 0.3379183709621429, ""totir"": 40.0, ""tofer"": NaN, ""swfac"": 0.0, ""nstres"": 0.2832876443862915}",0.0,0.2832876443862915,4692.14599609375,1555.1898193359375,0.3379183709621429,40.0,,0.0,0.0,40.0,0.0,8.649945068359376,24.649945068359376,Leave_One_experiments/all_year_offline_schedule_search/daily_outputs/SYA/SYA_2014_SYA2014_stress_grid_S0007_daily.csv
SYA,SYA,Shenyang,2014,Leave_One_experiments\wth_generated_qc\SYA\SYA2014.WTH,normal_year;water_stress_year;nitrogen_stress_year,water_stress,SYA2014_stress_grid_S0007,pareto_balanced,2014-08-17,229,124,119,"{""sim_day"": 124.0, ""doy"": 229.0, ""topwt"": 4735.236206054688, ""grnwt"": 1632.2370910644531, ""xlai"": 0.3281644582748413, ""totir"": 40.0, ""tofer"": NaN, ""swfac"": 0.0, ""nstres"": 0.2927554845809936}",0.0,0.2927554845809936,4735.236206054688,1632.2370910644531,0.3281644582748413,40.0,,0.0,0.0,40.0,0.0,8.649945068359376,24.649945068359376,Leave_One_experiments/all_year_offline_schedule_search/daily_outputs/SYA/SYA_2014_SYA2014_stress_grid_S0007_daily.csv
SYA,SYA,Shenyang,2014,Leave_One_experiments\wth_generated_qc\SYA\SYA2014.WTH,normal_year;water_stress_year;nitrogen_stress_year,water_stress,SYA2014_stress_grid_S0007,pareto_balanced,2014-08-18,230,125,120,"{""sim_day"": 125.0, ""doy"": 230.0, ""topwt"": 4802.213134765625, ""grnwt"": 1709.2845153808594, ""xlai"": 0.3187367022037506, ""totir"": 40.0, ""tofer"": NaN, ""swfac"": 0.0, ""nstres"": 0.2894880175590515}",0.0,0.2894880175590515,4802.213134765625,1709.2845153808594,0.3187367022037506,40.0,,0.0,0.0,40.0,0.0,8.649945068359376,24.649945068359376,Leave_One_experiments/all_year_offline_schedule_search/daily_outputs/SYA/SYA_2014_SYA2014_stress_grid_S0007_daily.csv
SYA,SYA,Shenyang,2014,Leave_One_experiments\wth_generated_qc\SYA\SYA2014.WTH,normal_year;water_stress_year;nitrogen_stress_year,water_stress,SYA2014_stress_grid_S0007,pareto_balanced,2014-08-19,231,126,121,"{""sim_day"": 126.0, ""doy"": 231.0, ""topwt"": 4870.9088134765625, ""grnwt"": 1786.331787109375, ""xlai"": 0.3096636533737182, ""totir"": 40.0, ""tofer"": NaN, ""swfac"": 0.0, ""nstres"": 0.2831798791885376}",0.0,0.2831798791885376,4870.9088134765625,1786.331787109375,0.3096636533737182,40.0,,0.0,0.0,40.0,0.0,8.649945068359376,24.649945068359376,Leave_One_experiments/all_year_offline_schedule_search/daily_outputs/SYA/SYA_2014_SYA2014_stress_grid_S0007_daily.csv
SYA,SYA,Shenyang,2014,Leave_One_experiments\wth_generated_qc\SYA\SYA2014.WTH,normal_year;water_stress_year;nitrogen_stress_year,water_stress,SYA2014_stress_grid_S0007,pareto_balanced,2014-08-20,232,127,122,"{""sim_day"": 127.0, ""doy"": 232.0, ""topwt"": 4905.775451660156, ""grnwt"": 1863.3792114257808, ""xlai"": 0.3007684648036957, ""totir"": 40.0, ""tofer"": NaN, ""swfac"": 0.0, ""nstres"": 0.2894088625907898}",0.0,0.2894088625907898,4905.775451660156,1863.3792114257808,0.3007684648036957,40.0,,0.0,0.0,40.0,0.0,8.649945068359376,24.649945068359376,Leave_One_experiments/all_year_offline_schedule_search/daily_outputs/SYA/SYA_2014_SYA2014_stress_grid_S0007_daily.csv
SYA,SYA,Shenyang,2014,Leave_One_experiments\wth_generated_qc\SYA\SYA2014.WTH,normal_year;water_stress_year;nitrogen_stress_year,water_stress,SYA2014_stress_grid_S0007,pareto_balanced,2014-08-21,233,128,123,"{""sim_day"": 128.0, ""doy"": 233.0, ""topwt"": 4956.388549804688, ""grnwt"": 1940.4264831542969, ""xlai"": 0.2921209037303924, ""totir"": 40.0, ""tofer"": NaN, ""swfac"": 0.0, ""nstres"": 0.2900370359420776}",0.0,0.2900370359420776,4956.388549804688,1940.4264831542969,0.2921209037303924,40.0,,0.0,0.0,40.0,0.0,8.649945068359376,24.649945068359376,Leave_One_experiments/all_year_offline_schedule_search/daily_outputs/SYA/SYA_2014_SYA2014_stress_grid_S0007_daily.csv
SYA,SYA,Shenyang,2014,Leave_One_experiments\wth_generated_qc\SYA\SYA2014.WTH,normal_year;water_stress_year;nitrogen_stress_year,water_stress,SYA2014_stress_grid_S0007,pareto_balanced,2014-08-22,234,129,124,"{""sim_day"": 129.0, ""doy"": 234.0, ""topwt"": 4983.262939453125, ""grnwt"": 2017.4737548828125, ""xlai"": 0.283879280090332, ""totir"": 40.0, ""tofer"": NaN, ""swfac"": 0.0, ""nstres"": 0.2771143317222595}",0.0,0.2771143317222595,4983.262939453125,2017.4737548828125,0.283879280090332,40.0,,0.0,0.0,40.0,0.0,8.649945068359376,24.649945068359376,Leave_One_experiments/all_year_offline_schedule_search/daily_outputs/SYA/SYA_2014_SYA2014_stress_grid_S0007_daily.csv
SYA,SYA,Shenyang,2014,Leave_One_experiments\wth_generated_qc\SYA\SYA2014.WTH,normal_year;water_stress_year;nitrogen_stress_year,water_stress,SYA2014_stress_grid_S0007,pareto_balanced,2014-08-23,235,130,125,"{""sim_day"": 130.0, ""doy"": 235.0, ""topwt"": 5020.317077636719, ""grnwt"": 2094.5211791992188, ""xlai"": 0.2759198546409607, ""totir"": 40.0, ""tofer"": NaN, ""swfac"": 0.0, ""nstres"": 0.2729167938232422}",0.0,0.2729167938232422,5020.317077636719,2094.5211791992188,0.2759198546409607,40.0,,0.0,0.0,40.0,0.0,8.649945068359376,24.649945068359376,Leave_One_experiments/all_year_offline_schedule_search/daily_outputs/SYA/SYA_2014_SYA2014_stress_grid_S0007_daily.csv
SYA,SYA,Shenyang,2014,Leave_One_experiments\wth_generated_qc\SYA\SYA2014.WTH,normal_year;water_stress_year;nitrogen_stress_year,water_stress,SYA2014_stress_grid_S0007,pareto_balanced,2014-08-24,236,131,126,"{""sim_day"": 131.0, ""doy"": 236.0, ""topwt"": 5041.321716308594, ""grnwt"": 2171.5684509277344, ""xlai"": 0.2683488726615906, ""totir"": 40.0, ""tofer"": NaN, ""swfac"": 0.0, ""nstres"": 0.2585411667823791}",0.0,0.2585411667823791,5041.321716308594,2171.5684509277344,0.2683488726615906,40.0,,0.0,0.0,40.0,0.0,8.649945068359376,24.649945068359376,Leave_One_experiments/all_year_offline_schedule_search/daily_outputs/SYA/SYA_2014_SYA2014_stress_grid_S0007_daily.csv
SYA,SYA,Shenyang,2014,Leave_One_experiments\wth_generated_qc\SYA\SYA2014.WTH,normal_year;water_stress_year;nitrogen_stress_year,water_stress,SYA2014_stress_grid_S0007,pareto_balanced,2014-08-25,237,132,127,"{""sim_day"": 132.0, ""doy"": 237.0, ""topwt"": 5106.4239501953125, ""grnwt"": 2248.6158752441406, ""xlai"": 0.2610585689544678, ""totir"": 40.0, ""tofer"": NaN, ""swfac"": 0.0, ""nstres"": 0.2520169019699096}",0.0,0.2520169019699096,5106.4239501953125,2248.6158752441406,0.2610585689544678,40.0,,0.0,0.0,40.0,0.0,8.649945068359376,24.649945068359376,Leave_One_experiments/all_year_offline_schedule_search/daily_outputs/SYA/SYA_2014_SYA2014_stress_grid_S0007_daily.csv
SYA,SYA,Shenyang,2014,Leave_One_experiments\wth_generated_qc\SYA\SYA2014.WTH,normal_year;water_stress_year;nitrogen_stress_year,water_stress,SYA2014_stress_grid_S0007,pareto_balanced,2014-08-26,238,133,128,"{""sim_day"": 133.0, ""doy"": 238.0, ""topwt"": 5168.3770751953125, ""grnwt"": 2325.663146972656, ""xlai"": 0.2541295289993286, ""totir"": 40.0, ""tofer"": NaN, ""swfac"": 0.0, ""nstres"": 0.2370077967643737}",0.0,0.2370077967643737,5168.3770751953125,2325.663146972656,0.2541295289993286,40.0,,0.0,0.0,40.0,0.0,8.649945068359376,24.649945068359376,Leave_One_experiments/all_year_offline_schedule_search/daily_outputs/SYA/SYA_2014_SYA2014_stress_grid_S0007_daily.csv
SYA,SYA,Shenyang,2014,Leave_One_experiments\wth_generated_qc\SYA\SYA2014.WTH,normal_year;water_stress_year;nitrogen_stress_year,water_stress,SYA2014_stress_grid_S0007,pareto_balanced,2014-08-27,239,134,129,"{""sim_day"": 134.0, ""doy"": 239.0, ""topwt"": 5215.93505859375, ""grnwt"": 2402.7105712890625, ""xlai"": 0.2472497075796127, ""totir"": 40.0, ""tofer"": NaN, ""swfac"": 0.0, ""nstres"": 0.2497290968894958}",0.0,0.2497290968894958,5215.93505859375,2402.7105712890625,0.2472497075796127,40.0,,0.0,0.0,40.0,0.0,8.649945068359376,24.649945068359376,Leave_One_experiments/all_year_offline_schedule_search/daily_outputs/SYA/SYA_2014_SYA2014_stress_grid_S0007_daily.csv
SYA,SYA,Shenyang,2014,Leave_One_experiments\wth_generated_qc\SYA\SYA2014.WTH,normal_year;water_stress_year;nitrogen_stress_year,water_stress,SYA2014_stress_grid_S0007,pareto_balanced,2014-08-28,240,135,130,"{""sim_day"": 135.0, ""doy"": 240.0, ""topwt"": 5262.9339599609375, ""grnwt"": 2479.757843017578, ""xlai"": 0.2404424995183944, ""totir"": 40.0, ""tofer"": NaN, ""swfac"": 0.0, ""nstres"": 0.2607608437538147}",0.0,0.2607608437538147,5262.9339599609375,2479.757843017578,0.2404424995183944,40.0,,0.0,0.0,40.0,0.0,8.649945068359376,24.649945068359376,Leave_One_experiments/all_year_offline_schedule_search/daily_outputs/SYA/SYA_2014_SYA2014_stress_grid_S0007_daily.csv
SYA,SYA,Shenyang,2014,Leave_One_experiments\wth_generated_qc\SYA\SYA2014.WTH,normal_year;water_stress_year;nitrogen_stress_year,water_stress,SYA2014_stress_grid_S0007,pareto_balanced,2014-08-29,241,136,131,"{""sim_day"": 136.0, ""doy"": 241.0, ""topwt"": 5319.0423583984375, ""grnwt"": 2556.8051147460938, ""xlai"": 0.233811542391777, ""totir"": 40.0, ""tofer"": NaN, ""swfac"": 0.0, ""nstres"": 0.2618745565414428}",0.0,0.2618745565414428,5319.0423583984375,2556.8051147460938,0.233811542391777,40.0,,0.0,0.0,40.0,0.0,8.649945068359376,24.649945068359376,Leave_One_experiments/all_year_offline_schedule_search/daily_outputs/SYA/SYA_2014_SYA2014_stress_grid_S0007_daily.csv
SYA,SYA,Shenyang,2014,Leave_One_experiments\wth_generated_qc\SYA\SYA2014.WTH,normal_year;water_stress_year;nitrogen_stress_year,water_stress,SYA2014_stress_grid_S0007,pareto_balanced,2014-08-30,242,137,132,"{""sim_day"": 137.0, ""doy"": 242.0, ""topwt"": 5363.169555664063, ""grnwt"": 2633.8525390625, ""xlai"": 0.2273687124252319, ""totir"": 40.0, ""tofer"": NaN, ""swfac"": 0.0, ""nstres"": 0.2613325715065002}",0.0,0.2613325715065002,5363.169555664063,2633.8525390625,0.2273687124252319,40.0,,0.0,0.0,40.0,0.0,8.649945068359376,24.649945068359376,Leave_One_experiments/all_year_offline_schedule_search/daily_outputs/SYA/SYA_2014_SYA2014_stress_grid_S0007_daily.csv
SYA,SYA,Shenyang,2014,Leave_One_experiments\wth_generated_qc\SYA\SYA2014.WTH,normal_year;water_stress_year;nitrogen_stress_year,water_stress,SYA2014_stress_grid_S0007,pareto_balanced,2014-08-31,243,138,133,"{""sim_day"": 138.0, ""doy"": 243.0, ""topwt"": 5410.9759521484375, ""grnwt"": 2710.8999633789062, ""xlai"": 0.2210672348737716, ""totir"": 40.0, ""tofer"": NaN, ""swfac"": 0.0, ""nstres"": 0.2651578783988952}",0.0,0.2651578783988952,5410.9759521484375,2710.8999633789062,0.2210672348737716,40.0,,0.0,0.0,40.0,0.0,8.649945068359376,24.649945068359376,Leave_One_experiments/all_year_offline_schedule_search/daily_outputs/SYA/SYA_2014_SYA2014_stress_grid_S0007_daily.csv
SYA,SYA,Shenyang,2014,Leave_One_experiments\wth_generated_qc\SYA\SYA2014.WTH,normal_year;water_stress_year;nitrogen_stress_year,water_stress,SYA2014_stress_grid_S0007,pareto_balanced,2014-09-01,244,139,134,"{""sim_day"": 139.0, ""doy"": 244.0, ""topwt"": 5447.08740234375, ""grnwt"": 2787.9470825195312, ""xlai"": 0.2149858623743057, ""totir"": 40.0, ""tofer"": NaN, ""swfac"": 0.0, ""nstres"": 0.260215163230896}",0.0,0.260215163230896,5447.08740234375,2787.9470825195312,0.2149858623743057,40.0,,0.0,0.0,40.0,0.0,8.649945068359376,24.649945068359376,Leave_One_experiments/all_year_offline_schedule_search/daily_outputs/SYA/SYA_2014_SYA2014_stress_grid_S0007_daily.csv
SYA,SYA,Shenyang,2014,Leave_One_experiments\wth_generated_qc\SYA\SYA2014.WTH,normal_year;water_stress_year;nitrogen_stress_year,water_stress,SYA2014_stress_grid_S0007,pareto_balanced,2014-09-02,245,140,135,"{""sim_day"": 140.0, ""doy"": 245.0, ""topwt"": 5481.004638671875, ""grnwt"": 2864.994506835937, ""xlai"": 0.2090457677841186, ""totir"": 40.0, ""tofer"": NaN, ""swfac"": 0.0, ""nstres"": 0.2631230354309082}",0.0,0.2631230354309082,5481.004638671875,2864.994506835937,0.2090457677841186,40.0,,0.0,0.0,40.0,0.0,8.649945068359376,24.649945068359376,Leave_One_experiments/all_year_offline_schedule_search/daily_outputs/SYA/SYA_2014_SYA2014_stress_grid_S0007_daily.csv
SYA,SYA,Shenyang,2014,Leave_One_experiments\wth_generated_qc\SYA\SYA2014.WTH,normal_year;water_stress_year;nitrogen_stress_year,water_stress,SYA2014_stress_grid_S0007,pareto_balanced,2014-09-03,246,141,136,"{""sim_day"": 141.0, ""doy"": 246.0, ""topwt"": 5481.004638671875, ""grnwt"": 2864.994506835937, ""xlai"": 0.2090457677841186, ""totir"": 40.0, ""tofer"": NaN, ""swfac"": 0.0, ""nstres"": 0.2570687532424927}",0.0,0.2570687532424927,5481.004638671875,2864.994506835937,0.2090457677841186,40.0,,0.0,0.0,40.0,0.0,8.649945068359376,24.649945068359376,Leave_One_experiments/all_year_offline_schedule_search/daily_outputs/SYA/SYA_2014_SYA2014_stress_grid_S0007_daily.csv
SYA,SYA,Shenyang,2014,Leave_One_experiments\wth_generated_qc\SYA\SYA2014.WTH,normal_year;water_stress_year;nitrogen_stress_year,water_stress,SYA2014_stress_grid_S0007,pareto_balanced,2014-09-04,247,142,137,"{""sim_day"": 142.0, ""doy"": 247.0, ""topwt"": 5481.004638671875, ""grnwt"": 2864.994506835937, ""xlai"": 0.2090457677841186, ""totir"": 40.0, ""tofer"": NaN, ""swfac"": 0.0, ""nstres"": 0.2570687532424927}",0.0,0.2570687532424927,5481.004638671875,2864.994506835937,0.2090457677841186,40.0,,0.0,0.0,40.0,0.0,8.649945068359376,24.649945068359376,Leave_One_experiments/all_year_offline_schedule_search/daily_outputs/SYA/SYA_2014_SYA2014_stress_grid_S0007_daily.csv
SYA,SYA,Shenyang,2014,Leave_One_experiments\wth_generated_qc\SYA\SYA2014.WTH,normal_year;water_stress_year;nitrogen_stress_year,water_stress,SYA2014_stress_grid_S0007,pareto_balanced,2014-09-05,248,143,138,"{""sim_day"": 143.0, ""doy"": 248.0, ""topwt"": 5481.004638671875, ""grnwt"": 2864.994506835937, ""xlai"": 0.2090457677841186, ""totir"": 40.0, ""tofer"": NaN, ""swfac"": 0.0, ""nstres"": 0.2570687532424927}",0.0,0.2570687532424927,5481.004638671875,2864.994506835937,0.2090457677841186,40.0,,0.0,0.0,40.0,0.0,8.649945068359376,24.649945068359376,Leave_One_experiments/all_year_offline_schedule_search/daily_outputs/SYA/SYA_2014_SYA2014_stress_grid_S0007_daily.csv
SYA,SYA,Shenyang,2014,Leave_One_experiments\wth_generated_qc\SYA\SYA2014.WTH,normal_year;water_stress_year;nitrogen_stress_year,water_stress,SYA2014_stress_grid_S0007,pareto_balanced,2014-09-06,249,144,139,"{""sim_day"": 144.0, ""doy"": 249.0, ""topwt"": 5481.004638671875, ""grnwt"": 2864.994506835937, ""xlai"": 0.2090457677841186, ""totir"": 40.0, ""tofer"": NaN, ""swfac"": 0.0, ""nstres"": 0.2570687532424927}",0.0,0.2570687532424927,5481.004638671875,2864.994506835937,0.2090457677841186,40.0,,0.0,0.0,40.0,0.0,8.649945068359376,24.649945068359376,Leave_One_experiments/all_year_offline_schedule_search/daily_outputs/SYA/SYA_2014_SYA2014_stress_grid_S0007_daily.csv
SYA,SYA,Shenyang,2014,Leave_One_experiments\wth_generated_qc\SYA\SYA2014.WTH,normal_year;water_stress_year;nitrogen_stress_year,water_stress,SYA2014_stress_grid_S0008,pareto_balanced,2014-04-21,111,1,1,"{""sim_day"": 1.0, ""doy"": 111.0, ""topwt"": 0.0, ""grnwt"": 0.0, ""xlai"": 0.0, ""totir"": 0.0, ""tofer"": NaN, ""swfac"": 0.0, ""nstres"": 0.0}",0.0,0.0,0.0,0.0,0.0,0.0,,0.0,0.0,40.0,0.0,8.649945068359376,24.649945068359376,Leave_One_experiments/all_year_offline_schedule_search/daily_outputs/SYA/SYA_2014_SYA2014_stress_grid_S0008_daily.csv
SYA,SYA,Shenyang,2014,Leave_One_experiments\wth_generated_qc\SYA\SYA2014.WTH,normal_year;water_stress_year;nitrogen_stress_year,water_stress,SYA2014_stress_grid_S0008,pareto_balanced,2014-04-22,112,2,2,"{""sim_day"": 2.0, ""doy"": 112.0, ""topwt"": 0.0, ""grnwt"": 0.0, ""xlai"": 0.0, ""totir"": 0.0, ""tofer"": NaN, ""swfac"": 0.0, ""nstres"": 0.0}",0.0,0.0,0.0,0.0,0.0,0.0,,0.0,0.0,40.0,0.0,8.649945068359376,24.649945068359376,Leave_One_experiments/all_year_offline_schedule_search/daily_outputs/SYA/SYA_2014_SYA2014_stress_grid_S0008_daily.csv
SYA,SYA,Shenyang,2014,Leave_One_experiments\wth_generated_qc\SYA\SYA2014.WTH,normal_year;water_stress_year;nitrogen_stress_year,water_stress,SYA2014_stress_grid_S0008,pareto_balanced,2014-04-23,113,3,3,"{""sim_day"": 3.0, ""doy"": 113.0, ""topwt"": 0.0, ""grnwt"": 0.0, ""xlai"": 0.0, ""totir"": 0.0, ""tofer"": NaN, ""swfac"": 0.0, ""nstres"": 0.0}",0.0,0.0,0.0,0.0,0.0,0.0,,0.0,0.0,40.0,0.0,8.649945068359376,24.649945068359376,Leave_One_experiments/all_year_offline_schedule_search/daily_outputs/SYA/SYA_2014_SYA2014_stress_grid_S0008_daily.csv
SYA,SYA,Shenyang,2014,Leave_One_experiments\wth_generated_qc\SYA\SYA2014.WTH,normal_year;water_stress_year;nitrogen_stress_year,water_stress,SYA2014_stress_grid_S0008,pareto_balanced,2014-04-24,114,4,4,"{""sim_day"": 4.0, ""doy"": 114.0, ""topwt"": 0.0, ""grnwt"": 0.0, ""xlai"": 0.0, ""totir"": 0.0, ""tofer"": NaN, ""swfac"": 0.0, ""nstres"": 0.0}",0.0,0.0,0.0,0.0,0.0,0.0,,0.0,0.0,40.0,0.0,8.649945068359376,24.649945068359376,Leave_One_experiments/all_year_offline_schedule_search/daily_outputs/SYA/SYA_2014_SYA2014_stress_grid_S0008_daily.csv
SYA,SYA,Shenyang,2014,Leave_One_experiments\wth_generated_qc\SYA\SYA2014.WTH,normal_year;water_stress_year;nitrogen_stress_year,water_stress,SYA2014_stress_grid_S0008,pareto_balanced,2014-04-25,115,5,5,"{""sim_day"": 5.0, ""doy"": 115.0, ""topwt"": 0.0, ""grnwt"": 0.0, ""xlai"": 0.0, ""totir"": 0.0, ""tofer"": NaN, ""swfac"": 0.0, ""nstres"": 0.0}",0.0,0.0,0.0,0.0,0.0,0.0,,0.0,0.0,40.0,0.0,8.649945068359376,24.649945068359376,Leave_One_experiments/all_year_offline_schedule_search/daily_outputs/SYA/SYA_2014_SYA2014_stress_grid_S0008_daily.csv
SYA,SYA,Shenyang,2014,Leave_One_experiments\wth_generated_qc\SYA\SYA2014.WTH,normal_year;water_stress_year;nitrogen_stress_year,water_stress,SYA2014_stress_grid_S0008,pareto_balanced,2014-04-21,111,6,1,"{""sim_day"": 6.0, ""doy"": 111.0, ""topwt"": 0.0, ""grnwt"": 0.0, ""xlai"": 0.0, ""totir"": 0.0, ""tofer"": NaN, ""swfac"": 0.0, ""nstres"": 0.0}",0.0,0.0,0.0,0.0,0.0,0.0,,0.0,0.0,40.0,0.0,8.649945068359376,24.649945068359376,Leave_One_experiments/all_year_offline_schedule_search/daily_outputs/SYA/SYA_2014_SYA2014_stress_grid_S0008_daily.csv
SYA,SYA,Shenyang,2014,Leave_One_experiments\wth_generated_qc\SYA\SYA2014.WTH,normal_year;water_stress_year;nitrogen_stress_year,water_stress,SYA2014_stress_grid_S0008,pareto_balanced,2014-04-22,112,7,2,"{""sim_day"": 7.0, ""doy"": 112.0, ""topwt"": 0.0, ""grnwt"": 0.0, ""xlai"": 0.0, ""totir"": 0.0, ""tofer"": NaN, ""swfac"": 0.0, ""nstres"": 0.0}",0.0,0.0,0.0,0.0,0.0,0.0,,0.0,0.0,40.0,0.0,8.649945068359376,24.649945068359376,Leave_One_experiments/all_year_offline_schedule_search/daily_outputs/SYA/SYA_2014_SYA2014_stress_grid_S0008_daily.csv
SYA,SYA,Shenyang,2014,Leave_One_experiments\wth_generated_qc\SYA\SYA2014.WTH,normal_year;water_stress_year;nitrogen_stress_year,water_stress,SYA2014_stress_grid_S0008,pareto_balanced,2014-04-23,113,8,3,"{""sim_day"": 8.0, ""doy"": 113.0, ""topwt"": 0.0, ""grnwt"": 0.0, ""xlai"": 0.0, ""totir"": 0.0, ""tofer"": NaN, ""swfac"": 0.0, ""nstres"": 0.0}",0.0,0.0,0.0,0.0,0.0,0.0,,0.0,0.0,40.0,0.0,8.649945068359376,24.649945068359376,Leave_One_experiments/all_year_offline_schedule_search/daily_outputs/SYA/SYA_2014_SYA2014_stress_grid_S0008_daily.csv
SYA,SYA,Shenyang,2014,Leave_One_experiments\wth_generated_qc\SYA\SYA2014.WTH,normal_year;water_stress_year;nitrogen_stress_year,water_stress,SYA2014_stress_grid_S0008,pareto_balanced,2014-04-24,114,9,4,"{""sim_day"": 9.0, ""doy"": 114.0, ""topwt"": 0.0, ""grnwt"": 0.0, ""xlai"": 0.0, ""totir"": 0.0, ""tofer"": NaN, ""swfac"": 0.0, ""nstres"": 0.0}",0.0,0.0,0.0,0.0,0.0,0.0,,0.0,0.0,40.0,0.0,8.649945068359376,24.649945068359376,Leave_One_experiments/all_year_offline_schedule_search/daily_outputs/SYA/SYA_2014_SYA2014_stress_grid_S0008_daily.csv
SYA,SYA,Shenyang,2014,Leave_One_experiments\wth_generated_qc\SYA\SYA2014.WTH,normal_year;water_stress_year;nitrogen_stress_year,water_stress,SYA2014_stress_grid_S0008,pareto_balanced,2014-04-25,115,10,5,"{""sim_day"": 10.0, ""doy"": 115.0, ""topwt"": 0.0, ""grnwt"": 0.0, ""xlai"": 0.0, ""totir"": 0.0, ""tofer"": NaN, ""swfac"": 0.0, ""nstres"": 0.0}",0.0,0.0,0.0,0.0,0.0,0.0,,0.0,0.0,40.0,0.0,8.649945068359376,24.649945068359376,Leave_One_experiments/all_year_offline_schedule_search/daily_outputs/SYA/SYA_2014_SYA2014_stress_grid_S0008_daily.csv
SYA,SYA,Shenyang,2014,Leave_One_experiments\wth_generated_qc\SYA\SYA2014.WTH,normal_year;water_stress_year;nitrogen_stress_year,water_stress,SYA2014_stress_grid_S0008,pareto_balanced,2014-04-26,116,11,6,"{""sim_day"": 11.0, ""doy"": 116.0, ""topwt"": 0.0, ""grnwt"": 0.0, ""xlai"": 0.0, ""totir"": 0.0, ""tofer"": NaN, ""swfac"": 0.0, ""nstres"": 0.0}",0.0,0.0,0.0,0.0,0.0,0.0,,0.0,0.0,40.0,0.0,8.649945068359376,24.649945068359376,Leave_One_experiments/all_year_offline_schedule_search/daily_outputs/SYA/SYA_2014_SYA2014_stress_grid_S0008_daily.csv
SYA,SYA,Shenyang,2014,Leave_One_experiments\wth_generated_qc\SYA\SYA2014.WTH,normal_year;water_stress_year;nitrogen_stress_year,water_stress,SYA2014_stress_grid_S0008,pareto_balanced,2014-04-27,117,12,7,"{""sim_day"": 12.0, ""doy"": 117.0, ""topwt"": 0.0, ""grnwt"": 0.0, ""xlai"": 0.0, ""totir"": 0.0, ""tofer"": NaN, ""swfac"": 0.0, ""nstres"": 0.0}",0.0,0.0,0.0,0.0,0.0,0.0,,0.0,0.0,40.0,0.0,8.649945068359376,24.649945068359376,Leave_One_experiments/all_year_offline_schedule_search/daily_outputs/SYA/SYA_2014_SYA2014_stress_grid_S0008_daily.csv
SYA,SYA,Shenyang,2014,Leave_One_experiments\wth_generated_qc\SYA\SYA2014.WTH,normal_year;water_stress_year;nitrogen_stress_year,water_stress,SYA2014_stress_grid_S0008,pareto_balanced,2014-04-28,118,13,8,"{""sim_day"": 13.0, ""doy"": 118.0, ""topwt"": 0.0, ""grnwt"": 0.0, ""xlai"": 0.0, ""totir"": 0.0, ""tofer"": NaN, ""swfac"": 0.0, ""nstres"": 0.0}",0.0,0.0,0.0,0.0,0.0,0.0,,0.0,0.0,40.0,0.0,8.649945068359376,24.649945068359376,Leave_One_experiments/all_year_offline_schedule_search/daily_outputs/SYA/SYA_2014_SYA2014_stress_grid_S0008_daily.csv
SYA,SYA,Shenyang,2014,Leave_One_experiments\wth_generated_qc\SYA\SYA2014.WTH,normal_year;water_stress_year;nitrogen_stress_year,water_stress,SYA2014_stress_grid_S0008,pareto_balanced,2014-04-29,119,14,9,"{""sim_day"": 14.0, ""doy"": 119.0, ""topwt"": 17.600001096725464, ""grnwt"": 0.0, ""xlai"": 0.0016475146403536, ""totir"": 0.0, ""tofer"": NaN, ""swfac"": 0.0, ""nstres"": 0.0121910572052001}",0.0,0.0121910572052001,17.600001096725464,0.0,0.0016475146403536,0.0,,0.0,0.0,40.0,0.0,8.649945068359376,24.649945068359376,Leave_One_experiments/all_year_offline_schedule_search/daily_outputs/SYA/SYA_2014_SYA2014_stress_grid_S0008_daily.csv
SYA,SYA,Shenyang,2014,Leave_One_experiments\wth_generated_qc\SYA\SYA2014.WTH,normal_year;water_stress_year;nitrogen_stress_year,water_stress,SYA2014_stress_grid_S0008,pareto_balanced,2014-04-30,120,15,10,"{""sim_day"": 15.0, ""doy"": 120.0, ""topwt"": 17.600001096725464, ""grnwt"": 0.0, ""xlai"": 0.0033086135517805, ""totir"": 0.0, ""tofer"": NaN, ""swfac"": 0.0, ""nstres"": 0.011216402053833}",0.0,0.011216402053833,17.600001096725464,0.0,0.0033086135517805,0.0,,0.0,0.0,40.0,0.0,8.649945068359376,24.649945068359376,Leave_One_experiments/all_year_offline_schedule_search/daily_outputs/SYA/SYA_2014_SYA2014_stress_grid_S0008_daily.csv
SYA,SYA,Shenyang,2014,Leave_One_experiments\wth_generated_qc\SYA\SYA2014.WTH,normal_year;water_stress_year;nitrogen_stress_year,water_stress,SYA2014_stress_grid_S0008,pareto_balanced,2014-05-01,121,16,11,"{""sim_day"": 16.0, ""doy"": 121.0, ""topwt"": 17.600001096725464, ""grnwt"": 0.0, ""xlai"": 0.0039977892301976, ""totir"": 0.0, ""tofer"": NaN, ""swfac"": 0.0, ""nstres"": 0.0090978145599365}",0.0,0.0090978145599365,17.600001096725464,0.0,0.0039977892301976,0.0,,0.0,0.0,40.0,0.0,8.649945068359376,24.649945068359376,Leave_One_experiments/all_year_offline_schedule_search/daily_outputs/SYA/SYA_2014_SYA2014_stress_grid_S0008_daily.csv
SYA,SYA,Shenyang,2014,Leave_One_experiments\wth_generated_qc\SYA\SYA2014.WTH,normal_year;water_stress_year;nitrogen_stress_year,water_stress,SYA2014_stress_grid_S0008,pareto_balanced,2014-05-02,122,17,12,"{""sim_day"": 17.0, ""doy"": 122.0, ""topwt"": 17.600001096725464, ""grnwt"": 0.0, ""xlai"": 0.0038652231451123, ""totir"": 0.0, ""tofer"": NaN, ""swfac"": 0.0, ""nstres"": 0.0069259405136108}",0.0,0.0069259405136108,17.600001096725464,0.0,0.0038652231451123,0.0,,0.0,0.0,40.0,0.0,8.649945068359376,24.649945068359376,Leave_One_experiments/all_year_offline_schedule_search/daily_outputs/SYA/SYA_2014_SYA2014_stress_grid_S0008_daily.csv
SYA,SYA,Shenyang,2014,Leave_One_experiments\wth_generated_qc\SYA\SYA2014.WTH,normal_year;water_stress_year;nitrogen_stress_year,water_stress,SYA2014_stress_grid_S0008,pareto_balanced,2014-05-03,123,18,13,"{""sim_day"": 18.0, ""doy"": 123.0, ""topwt"": 17.600001096725464, ""grnwt"": 0.0, ""xlai"": 0.0041441414505243, ""totir"": 0.0, ""tofer"": NaN, ""swfac"": 0.0, ""nstres"": 0.006073772907257}",0.0,0.006073772907257,17.600001096725464,0.0,0.0041441414505243,0.0,,0.0,0.0,40.0,0.0,8.649945068359376,24.649945068359376,Leave_One_experiments/all_year_offline_schedule_search/daily_outputs/SYA/SYA_2014_SYA2014_stress_grid_S0008_daily.csv
SYA,SYA,Shenyang,2014,Leave_One_experiments\wth_generated_qc\SYA\SYA2014.WTH,normal_year;water_stress_year;nitrogen_stress_year,water_stress,SYA2014_stress_grid_S0008,pareto_balanced,2014-05-04,124,19,14,"{""sim_day"": 19.0, ""doy"": 124.0, ""topwt"": 17.600001096725464, ""grnwt"": 0.0, ""xlai"": 0.0036430568434298, ""totir"": 0.0, ""tofer"": NaN, ""swfac"": 0.0, ""nstres"": 0.0052758455276489}",0.0,0.0052758455276489,17.600001096725464,0.0,0.0036430568434298,0.0,,0.0,0.0,40.0,0.0,8.649945068359376,24.649945068359376,Leave_One_experiments/all_year_offline_schedule_search/daily_outputs/SYA/SYA_2014_SYA2014_stress_grid_S0008_daily.csv
SYA,SYA,Shenyang,2014,Leave_One_experiments\wth_generated_qc\SYA\SYA2014.WTH,normal_year;water_stress_year;nitrogen_stress_year,water_stress,SYA2014_stress_grid_S0008,pareto_balanced,2014-05-05,125,20,15,"{""sim_day"": 20.0, ""doy"": 125.0, ""topwt"": 17.600001096725464, ""grnwt"": 0.0, ""xlai"": 0.0044739358127117, ""totir"": 0.0, ""tofer"": NaN, ""swfac"": 0.0, ""nstres"": 0.0030127763748168}",0.0,0.0030127763748168,17.600001096725464,0.0,0.0044739358127117,0.0,,0.0,0.0,40.0,0.0,8.649945068359376,24.649945068359376,Leave_One_experiments/all_year_offline_schedule_search/daily_outputs/SYA/SYA_2014_SYA2014_stress_grid_S0008_daily.csv
SYA,SYA,Shenyang,2014,Leave_One_experiments\wth_generated_qc\SYA\SYA2014.WTH,normal_year;water_stress_year;nitrogen_stress_year,water_stress,SYA2014_stress_grid_S0008,pareto_balanced,2014-05-06,126,21,16,"{""sim_day"": 21.0, ""doy"": 126.0, ""topwt"": 17.600001096725464, ""grnwt"": 0.0, ""xlai"": 0.0049450378865003, ""totir"": 0.0, ""tofer"": NaN, ""swfac"": 0.0, ""nstres"": 0.0017459988594055}",0.0,0.0017459988594055,17.600001096725464,0.0,0.0049450378865003,0.0,,0.0,0.0,40.0,0.0,8.649945068359376,24.649945068359376,Leave_One_experiments/all_year_offline_schedule_search/daily_outputs/SYA/SYA_2014_SYA2014_stress_grid_S0008_daily.csv
SYA,SYA,Shenyang,2014,Leave_One_experiments\wth_generated_qc\SYA\SYA2014.WTH,normal_year;water_stress_year;nitrogen_stress_year,water_stress,SYA2014_stress_grid_S0008,pareto_balanced,2014-05-07,127,22,17,"{""sim_day"": 22.0, ""doy"": 127.0, ""topwt"": 17.600001096725464, ""grnwt"": 0.0, ""xlai"": 0.005541636608541, ""totir"": 0.0, ""tofer"": NaN, ""swfac"": 0.0, ""nstres"": 0.0}",0.0,0.0,17.600001096725464,0.0,0.005541636608541,0.0,,0.0,0.0,40.0,0.0,8.649945068359376,24.649945068359376,Leave_One_experiments/all_year_offline_schedule_search/daily_outputs/SYA/SYA_2014_SYA2014_stress_grid_S0008_daily.csv
SYA,SYA,Shenyang,2014,Leave_One_experiments\wth_generated_qc\SYA\SYA2014.WTH,normal_year;water_stress_year;nitrogen_stress_year,water_stress,SYA2014_stress_grid_S0008,pareto_balanced,2014-05-08,128,23,18,"{""sim_day"": 23.0, ""doy"": 128.0, ""topwt"": 17.600001096725464, ""grnwt"": 0.0, ""xlai"": 0.0062946868129074, ""totir"": 0.0, ""tofer"": NaN, ""swfac"": 0.0, ""nstres"": 0.0}",0.0,0.0,17.600001096725464,0.0,0.0062946868129074,0.0,,0.0,0.0,40.0,0.0,8.649945068359376,24.649945068359376,Leave_One_experiments/all_year_offline_schedule_search/daily_outputs/SYA/SYA_2014_SYA2014_stress_grid_S0008_daily.csv
SYA,SYA,Shenyang,2014,Leave_One_experiments\wth_generated_qc\SYA\SYA2014.WTH,normal_year;water_stress_year;nitrogen_stress_year,water_stress,SYA2014_stress_grid_S0008,pareto_balanced,2014-05-09,129,24,19,"{""sim_day"": 24.0, ""doy"": 129.0, ""topwt"": 17.600001096725464, ""grnwt"": 0.0, ""xlai"": 0.0079189762473106, ""totir"": 0.0, ""tofer"": NaN, ""swfac"": 0.0, ""nstres"": 0.0}",0.0,0.0,17.600001096725464,0.0,0.0079189762473106,0.0,,0.0,0.0,40.0,0.0,8.649945068359376,24.649945068359376,Leave_One_experiments/all_year_offline_schedule_search/daily_outputs/SYA/SYA_2014_SYA2014_stress_grid_S0008_daily.csv
SYA,SYA,Shenyang,2014,Leave_One_experiments\wth_generated_qc\SYA\SYA2014.WTH,normal_year;water_stress_year;nitrogen_stress_year,water_stress,SYA2014_stress_grid_S0008,pareto_balanced,2014-05-10,130,25,20,"{""sim_day"": 25.0, ""doy"": 130.0, ""topwt"": 17.600001096725464, ""grnwt"": 0.0, ""xlai"": 0.0091847507283091, ""totir"": 0.0, ""tofer"": NaN, ""swfac"": 0.0, ""nstres"": 0.0}",0.0,0.0,17.600001096725464,0.0,0.0091847507283091,0.0,,0.0,0.0,40.0,0.0,8.649945068359376,24.649945068359376,Leave_One_experiments/all_year_offline_schedule_search/daily_outputs/SYA/SYA_2014_SYA2014_stress_grid_S0008_daily.csv
SYA,SYA,Shenyang,2014,Leave_One_experiments\wth_generated_qc\SYA\SYA2014.WTH,normal_year;water_stress_year;nitrogen_stress_year,water_stress,SYA2014_stress_grid_S0008,pareto_balanced,2014-05-11,131,26,21,"{""sim_day"": 26.0, ""doy"": 131.0, ""topwt"": 17.600001096725464, ""grnwt"": 0.0, ""xlai"": 0.0102771874517202, ""totir"": 0.0, ""tofer"": NaN, ""swfac"": 0.0, ""nstres"": 0.0}",0.0,0.0,17.600001096725464,0.0,0.0102771874517202,0.0,,0.0,0.0,40.0,0.0,8.649945068359376,24.649945068359376,Leave_One_experiments/all_year_offline_schedule_search/daily_outputs/SYA/SYA_2014_SYA2014_stress_grid_S0008_daily.csv
SYA,SYA,Shenyang,2014,Leave_One_experiments\wth_generated_qc\SYA\SYA2014.WTH,normal_year;water_stress_year;nitrogen_stress_year,water_stress,SYA2014_stress_grid_S0008,pareto_balanced,2014-05-12,132,27,22,"{""sim_day"": 27.0, ""doy"": 132.0, ""topwt"": 17.600001096725464, ""grnwt"": 0.0, ""xlai"": 0.0157891605049371, ""totir"": 0.0, ""tofer"": NaN, ""swfac"": 0.0, ""nstres"": 0.0}",0.0,0.0,17.600001096725464,0.0,0.0157891605049371,0.0,,0.0,0.0,40.0,0.0,8.649945068359376,24.649945068359376,Leave_One_experiments/all_year_offline_schedule_search/daily_outputs/SYA/SYA_2014_SYA2014_stress_grid_S0008_daily.csv
SYA,SYA,Shenyang,2014,Leave_One_experiments\wth_generated_qc\SYA\SYA2014.WTH,normal_year;water_stress_year;nitrogen_stress_year,water_stress,SYA2014_stress_grid_S0008,pareto_balanced,2014-05-13,133,28,23,"{""sim_day"": 28.0, ""doy"": 133.0, ""topwt"": 17.600001096725464, ""grnwt"": 0.0, ""xlai"": 0.0214244481176137, ""totir"": 0.0, ""tofer"": NaN, ""swfac"": 0.0, ""nstres"": 0.0}",0.0,0.0,17.600001096725464,0.0,0.0214244481176137,0.0,,0.0,0.0,40.0,0.0,8.649945068359376,24.649945068359376,Leave_One_experiments/all_year_offline_schedule_search/daily_outputs/SYA/SYA_2014_SYA2014_stress_grid_S0008_daily.csv
SYA,SYA,Shenyang,2014,Leave_One_experiments\wth_generated_qc\SYA\SYA2014.WTH,normal_year;water_stress_year;nitrogen_stress_year,water_stress,SYA2014_stress_grid_S0008,pareto_balanced,2014-05-14,134,29,24,"{""sim_day"": 29.0, ""doy"": 134.0, ""topwt"": 17.600001096725464, ""grnwt"": 0.0, ""xlai"": 0.0274727288633584, ""totir"": 0.0, ""tofer"": NaN, ""swfac"": 0.0, ""nstres"": 0.0}",0.0,0.0,17.600001096725464,0.0,0.0274727288633584,0.0,,0.0,0.0,40.0,0.0,8.649945068359376,24.649945068359376,Leave_One_experiments/all_year_offline_schedule_search/daily_outputs/SYA/SYA_2014_SYA2014_stress_grid_S0008_daily.csv
SYA,SYA,Shenyang,2014,Leave_One_experiments\wth_generated_qc\SYA\SYA2014.WTH,normal_year;water_stress_year;nitrogen_stress_year,water_stress,SYA2014_stress_grid_S0008,pareto_balanced,2014-05-15,135,30,25,"{""sim_day"": 30.0, ""doy"": 135.0, ""topwt"": 19.885908365249637, ""grnwt"": 0.0, ""xlai"": 0.0347016640007495, ""totir"": 0.0, ""tofer"": NaN, ""swfac"": 0.0, ""nstres"": 0.0}",0.0,0.0,19.885908365249637,0.0,0.0347016640007495,0.0,,0.0,0.0,40.0,0.0,8.649945068359376,24.649945068359376,Leave_One_experiments/all_year_offline_schedule_search/daily_outputs/SYA/SYA_2014_SYA2014_stress_grid_S0008_daily.csv
SYA,SYA,Shenyang,2014,Leave_One_experiments\wth_generated_qc\SYA\SYA2014.WTH,normal_year;water_stress_year;nitrogen_stress_year,water_stress,SYA2014_stress_grid_S0008,pareto_balanced,2014-05-16,136,31,26,"{""sim_day"": 31.0, ""doy"": 136.0, ""topwt"": 23.027117252349854, ""grnwt"": 0.0, ""xlai"": 0.0428221970796585, ""totir"": 0.0, ""tofer"": NaN, ""swfac"": 0.0, ""nstres"": 0.0}",0.0,0.0,23.027117252349854,0.0,0.0428221970796585,0.0,,0.0,0.0,40.0,0.0,8.649945068359376,24.649945068359376,Leave_One_experiments/all_year_offline_schedule_search/daily_outputs/SYA/SYA_2014_SYA2014_stress_grid_S0008_daily.csv
SYA,SYA,Shenyang,2014,Leave_One_experiments\wth_generated_qc\SYA\SYA2014.WTH,normal_year;water_stress_year;nitrogen_stress_year,water_stress,SYA2014_stress_grid_S0008,pareto_balanced,2014-05-17,137,32,27,"{""sim_day"": 32.0, ""doy"": 137.0, ""topwt"": 27.610929012298584, ""grnwt"": 0.0, ""xlai"": 0.0540625713765621, ""totir"": 0.0, ""tofer"": NaN, ""swfac"": 0.0, ""nstres"": 0.0}",0.0,0.0,27.610929012298584,0.0,0.0540625713765621,0.0,,0.0,0.0,40.0,0.0,8.649945068359376,24.649945068359376,Leave_One_experiments/all_year_offline_schedule_search/daily_outputs/SYA/SYA_2014_SYA2014_stress_grid_S0008_daily.csv
SYA,SYA,Shenyang,2014,Leave_One_experiments\wth_generated_qc\SYA\SYA2014.WTH,normal_year;water_stress_year;nitrogen_stress_year,water_stress,SYA2014_stress_grid_S0008,pareto_balanced,2014-05-18,138,33,28,"{""sim_day"": 33.0, ""doy"": 138.0, ""topwt"": 31.51092767715454, ""grnwt"": 0.0, ""xlai"": 0.0631982013583183, ""totir"": 0.0, ""tofer"": NaN, ""swfac"": 0.0, ""nstres"": 0.0}",0.0,0.0,31.51092767715454,0.0,0.0631982013583183,0.0,,0.0,0.0,40.0,0.0,8.649945068359376,24.649945068359376,Leave_One_experiments/all_year_offline_schedule_search/daily_outputs/SYA/SYA_2014_SYA2014_stress_grid_S0008_daily.csv
SYA,SYA,Shenyang,2014,Leave_One_experiments\wth_generated_qc\SYA\SYA2014.WTH,normal_year;water_stress_year;nitrogen_stress_year,water_stress,SYA2014_stress_grid_S0008,pareto_balanced,2014-05-19,139,34,29,"{""sim_day"": 34.0, ""doy"": 139.0, ""topwt"": 34.951012134552, ""grnwt"": 0.0, ""xlai"": 0.0709991976618766, ""totir"": 0.0, ""tofer"": NaN, ""swfac"": 0.0, ""nstres"": 0.0}",0.0,0.0,34.951012134552,0.0,0.0709991976618766,0.0,,0.0,0.0,40.0,0.0,8.649945068359376,24.649945068359376,Leave_One_experiments/all_year_offline_schedule_search/daily_outputs/SYA/SYA_2014_SYA2014_stress_grid_S0008_daily.csv
SYA,SYA,Shenyang,2014,Leave_One_experiments\wth_generated_qc\SYA\SYA2014.WTH,normal_year;water_stress_year;nitrogen_stress_year,water_stress,SYA2014_stress_grid_S0008,pareto_balanced,2014-05-20,140,35,30,"{""sim_day"": 35.0, ""doy"": 140.0, ""topwt"": 41.68410778045654, ""grnwt"": 0.0, ""xlai"": 0.0857087522745132, ""totir"": 0.0, ""tofer"": NaN, ""swfac"": 0.0, ""nstres"": 0.0}",0.0,0.0,41.68410778045654,0.0,0.0857087522745132,0.0,,0.0,0.0,40.0,0.0,8.649945068359376,24.649945068359376,Leave_One_experiments/all_year_offline_schedule_search/daily_outputs/SYA/SYA_2014_SYA2014_stress_grid_S0008_daily.csv
SYA,SYA,Shenyang,2014,Leave_One_experiments\wth_generated_qc\SYA\SYA2014.WTH,normal_year;water_stress_year;nitrogen_stress_year,water_stress,SYA2014_stress_grid_S0008,pareto_balanced,2014-05-21,141,36,31,"{""sim_day"": 36.0, ""doy"": 141.0, ""topwt"": 48.12039375305176, ""grnwt"": 0.0, ""xlai"": 0.0991579592227935, ""totir"": 0.0, ""tofer"": NaN, ""swfac"": 0.0, ""nstres"": 0.0}",0.0,0.0,48.12039375305176,0.0,0.0991579592227935,0.0,,0.0,0.0,40.0,0.0,8.649945068359376,24.649945068359376,Leave_One_experiments/all_year_offline_schedule_search/daily_outputs/SYA/SYA_2014_SYA2014_stress_grid_S0008_daily.csv
SYA,SYA,Shenyang,2014,Leave_One_experiments\wth_generated_qc\SYA\SYA2014.WTH,normal_year;water_stress_year;nitrogen_stress_year,water_stress,SYA2014_stress_grid_S0008,pareto_balanced,2014-05-22,142,37,32,"{""sim_day"": 37.0, ""doy"": 142.0, ""topwt"": 57.80069828033447, ""grnwt"": 0.0, ""xlai"": 0.1180611327290535, ""totir"": 0.0, ""tofer"": NaN, ""swfac"": 0.0, ""nstres"": 0.0}",0.0,0.0,57.80069828033447,0.0,0.1180611327290535,0.0,,0.0,0.0,40.0,0.0,8.649945068359376,24.649945068359376,Leave_One_experiments/all_year_offline_schedule_search/daily_outputs/SYA/SYA_2014_SYA2014_stress_grid_S0008_daily.csv
SYA,SYA,Shenyang,2014,Leave_One_experiments\wth_generated_qc\SYA\SYA2014.WTH,normal_year;water_stress_year;nitrogen_stress_year,water_stress,SYA2014_stress_grid_S0008,pareto_balanced,2014-05-23,143,38,33,"{""sim_day"": 38.0, ""doy"": 143.0, ""topwt"": 66.08765602111816, ""grnwt"": 0.0, ""xlai"": 0.1336204558610916, ""totir"": 0.0, ""tofer"": NaN, ""swfac"": 0.0, ""nstres"": 0.0}",0.0,0.0,66.08765602111816,0.0,0.1336204558610916,0.0,,0.0,0.0,40.0,0.0,8.649945068359376,24.649945068359376,Leave_One_experiments/all_year_offline_schedule_search/daily_outputs/SYA/SYA_2014_SYA2014_stress_grid_S0008_daily.csv
SYA,SYA,Shenyang,2014,Leave_One_experiments\wth_generated_qc\SYA\SYA2014.WTH,normal_year;water_stress_year;nitrogen_stress_year,water_stress,SYA2014_stress_grid_S0008,pareto_balanced,2014-05-24,144,39,34,"{""sim_day"": 39.0, ""doy"": 144.0, ""topwt"": 68.71368408203125, ""grnwt"": 0.0, ""xlai"": 0.1478790789842605, ""totir"": 0.0, ""tofer"": NaN, ""swfac"": 0.0, ""nstres"": 0.0}",0.0,0.0,68.71368408203125,0.0,0.1478790789842605,0.0,,0.0,0.0,40.0,0.0,8.649945068359376,24.649945068359376,Leave_One_experiments/all_year_offline_schedule_search/daily_outputs/SYA/SYA_2014_SYA2014_stress_grid_S0008_daily.csv
SYA,SYA,Shenyang,2014,Leave_One_experiments\wth_generated_qc\SYA\SYA2014.WTH,normal_year;water_stress_year;nitrogen_stress_year,water_stress,SYA2014_stress_grid_S0008,pareto_balanced,2014-05-25,145,40,35,"{""sim_day"": 40.0, ""doy"": 145.0, ""topwt"": 79.40152645111084, ""grnwt"": 0.0, ""xlai"": 0.1684149354696273, ""totir"": 40.0, ""tofer"": NaN, ""swfac"": 0.0, ""nstres"": 0.0017453432083129}",0.0,0.0017453432083129,79.40152645111084,0.0,0.1684149354696273,40.0,,40.0,0.0,40.0,0.0,8.649945068359376,24.649945068359376,Leave_One_experiments/all_year_offline_schedule_search/daily_outputs/SYA/SYA_2014_SYA2014_stress_grid_S0008_daily.csv
SYA,SYA,Shenyang,2014,Leave_One_experiments\wth_generated_qc\SYA\SYA2014.WTH,normal_year;water_stress_year;nitrogen_stress_year,water_stress,SYA2014_stress_grid_S0008,pareto_balanced,2014-05-26,146,41,36,"{""sim_day"": 41.0, ""doy"": 146.0, ""topwt"": 91.14493370056152, ""grnwt"": 0.0, ""xlai"": 0.1902127861976623, ""totir"": 40.0, ""tofer"": NaN, ""swfac"": 0.0, ""nstres"": 0.0103126764297485}",0.0,0.0103126764297485,91.14493370056152,0.0,0.1902127861976623,40.0,,0.0,0.0,40.0,0.0,8.649945068359376,24.649945068359376,Leave_One_experiments/all_year_offline_schedule_search/daily_outputs/SYA/SYA_2014_SYA2014_stress_grid_S0008_daily.csv
SYA,SYA,Shenyang,2014,Leave_One_experiments\wth_generated_qc\SYA\SYA2014.WTH,normal_year;water_stress_year;nitrogen_stress_year,water_stress,SYA2014_stress_grid_S0008,pareto_balanced,2014-05-27,147,42,37,"{""sim_day"": 42.0, ""doy"": 147.0, ""topwt"": 103.74256134033205, ""grnwt"": 0.0, ""xlai"": 0.2128447443246841, ""totir"": 40.0, ""tofer"": NaN, ""swfac"": 0.0, ""nstres"": 0.0342525243759155}",0.0,0.0342525243759155,103.74256134033205,0.0,0.2128447443246841,40.0,,0.0,0.0,40.0,0.0,8.649945068359376,24.649945068359376,Leave_One_experiments/all_year_offline_schedule_search/daily_outputs/SYA/SYA_2014_SYA2014_stress_grid_S0008_daily.csv
SYA,SYA,Shenyang,2014,Leave_One_experiments\wth_generated_qc\SYA\SYA2014.WTH,normal_year;water_stress_year;nitrogen_stress_year,water_stress,SYA2014_stress_grid_S0008,pareto_balanced,2014-05-28,148,43,38,"{""sim_day"": 43.0, ""doy"": 148.0, ""topwt"": 120.99882125854492, ""grnwt"": 0.0, ""xlai"": 0.2428634911775589, ""totir"": 40.0, ""tofer"": NaN, ""swfac"": 0.0, ""nstres"": 0.0402517318725585}",0.0,0.0402517318725585,120.99882125854492,0.0,0.2428634911775589,40.0,,0.0,0.0,40.0,0.0,8.649945068359376,24.649945068359376,Leave_One_experiments/all_year_offline_schedule_search/daily_outputs/SYA/SYA_2014_SYA2014_stress_grid_S0008_daily.csv
SYA,SYA,Shenyang,2014,Leave_One_experiments\wth_generated_qc\SYA\SYA2014.WTH,normal_year;water_stress_year;nitrogen_stress_year,water_stress,SYA2014_stress_grid_S0008,pareto_balanced,2014-05-29,149,44,39,"{""sim_day"": 44.0, ""doy"": 149.0, ""topwt"": 143.60605239868164, ""grnwt"": 0.0, ""xlai"": 0.280784547328949, ""totir"": 40.0, ""tofer"": NaN, ""swfac"": 0.0, ""nstres"": 0.0212072134017944}",0.0,0.0212072134017944,143.60605239868164,0.0,0.280784547328949,40.0,,0.0,0.0,40.0,0.0,8.649945068359376,24.649945068359376,Leave_One_experiments/all_year_offline_schedule_search/daily_outputs/SYA/SYA_2014_SYA2014_stress_grid_S0008_daily.csv
SYA,SYA,Shenyang,2014,Leave_One_experiments\wth_generated_qc\SYA\SYA2014.WTH,normal_year;water_stress_year;nitrogen_stress_year,water_stress,SYA2014_stress_grid_S0008,pareto_balanced,2014-05-30,150,45,40,"{""sim_day"": 45.0, ""doy"": 150.0, ""topwt"": 174.83636856079102, ""grnwt"": 0.0, ""xlai"": 0.3310517072677612, ""totir"": 40.0, ""tofer"": NaN, ""swfac"": 0.0, ""nstres"": 0.0089606046676635}",0.0,0.0089606046676635,174.83636856079102,0.0,0.3310517072677612,40.0,,0.0,0.0,40.0,0.0,8.649945068359376,24.649945068359376,Leave_One_experiments/all_year_offline_schedule_search/daily_outputs/SYA/SYA_2014_SYA2014_stress_grid_S0008_daily.csv
SYA,SYA,Shenyang,2014,Leave_One_experiments\wth_generated_qc\SYA\SYA2014.WTH,normal_year;water_stress_year;nitrogen_stress_year,water_stress,SYA2014_stress_grid_S0008,pareto_balanced,2014-05-31,151,46,41,"{""sim_day"": 46.0, ""doy"": 151.0, ""topwt"": 206.57135009765625, ""grnwt"": 0.0, ""xlai"": 0.380082368850708, ""totir"": 40.0, ""tofer"": NaN, ""swfac"": 0.0, ""nstres"": 0.0285262465476989}",0.0,0.0285262465476989,206.57135009765625,0.0,0.380082368850708,40.0,,0.0,0.0,40.0,0.0,8.649945068359376,24.649945068359376,Leave_One_experiments/all_year_offline_schedule_search/daily_outputs/SYA/SYA_2014_SYA2014_stress_grid_S0008_daily.csv
SYA,SYA,Shenyang,2014,Leave_One_experiments\wth_generated_qc\SYA\SYA2014.WTH,normal_year;water_stress_year;nitrogen_stress_year,water_stress,SYA2014_stress_grid_S0008,pareto_balanced,2014-06-01,152,47,42,"{""sim_day"": 47.0, ""doy"": 152.0, ""topwt"": 233.82020950317383, ""grnwt"": 0.0, ""xlai"": 0.4200243651866913, ""totir"": 40.0, ""tofer"": NaN, ""swfac"": 0.0, ""nstres"": 0.0583007335662841}",0.0,0.0583007335662841,233.82020950317383,0.0,0.4200243651866913,40.0,,0.0,0.0,40.0,0.0,8.649945068359376,24.649945068359376,Leave_One_experiments/all_year_offline_schedule_search/daily_outputs/SYA/SYA_2014_SYA2014_stress_grid_S0008_daily.csv
SYA,SYA,Shenyang,2014,Leave_One_experiments\wth_generated_qc\SYA\SYA2014.WTH,normal_year;water_stress_year;nitrogen_stress_year,water_stress,SYA2014_stress_grid_S0008,pareto_balanced,2014-06-02,153,48,43,"{""sim_day"": 48.0, ""doy"": 153.0, ""topwt"": 263.0661392211914, ""grnwt"": 0.0, ""xlai"": 0.4604422748088836, ""totir"": 40.0, ""tofer"": NaN, ""swfac"": 0.0, ""nstres"": 0.0797520279884338}",0.0,0.0797520279884338,263.0661392211914,0.0,0.4604422748088836,40.0,,0.0,0.0,40.0,0.0,8.649945068359376,24.649945068359376,Leave_One_experiments/all_year_offline_schedule_search/daily_outputs/SYA/SYA_2014_SYA2014_stress_grid_S0008_daily.csv
SYA,SYA,Shenyang,2014,Leave_One_experiments\wth_generated_qc\SYA\SYA2014.WTH,normal_year;water_stress_year;nitrogen_stress_year,water_stress,SYA2014_stress_grid_S0008,pareto_balanced,2014-06-03,154,49,44,"{""sim_day"": 49.0, ""doy"": 154.0, ""topwt"": 295.9732246398926, ""grnwt"": 0.0, ""xlai"": 0.4986225068569183, ""totir"": 40.0, ""tofer"": NaN, ""swfac"": 0.0, ""nstres"": 0.0918976068496704}",0.0,0.0918976068496704,295.9732246398926,0.0,0.4986225068569183,40.0,,0.0,0.0,40.0,0.0,8.649945068359376,24.649945068359376,Leave_One_experiments/all_year_offline_schedule_search/daily_outputs/SYA/SYA_2014_SYA2014_stress_grid_S0008_daily.csv
SYA,SYA,Shenyang,2014,Leave_One_experiments\wth_generated_qc\SYA\SYA2014.WTH,normal_year;water_stress_year;nitrogen_stress_year,water_stress,SYA2014_stress_grid_S0008,pareto_balanced,2014-06-04,155,50,45,"{""sim_day"": 50.0, ""doy"": 155.0, ""topwt"": 331.6166687011719, ""grnwt"": 0.0, ""xlai"": 0.542525053024292, ""totir"": 40.0, ""tofer"": NaN, ""swfac"": 0.0, ""nstres"": 0.1063984632492065}",0.0,0.1063984632492065,331.6166687011719,0.0,0.542525053024292,40.0,,0.0,0.0,40.0,0.0,8.649945068359376,24.649945068359376,Leave_One_experiments/all_year_offline_schedule_search/daily_outputs/SYA/SYA_2014_SYA2014_stress_grid_S0008_daily.csv
SYA,SYA,Shenyang,2014,Leave_One_experiments\wth_generated_qc\SYA\SYA2014.WTH,normal_year;water_stress_year;nitrogen_stress_year,water_stress,SYA2014_stress_grid_S0008,pareto_balanced,2014-06-05,156,51,46,"{""sim_day"": 51.0, ""doy"": 156.0, ""topwt"": 361.9948196411133, ""grnwt"": 0.0, ""xlai"": 0.5757877230644226, ""totir"": 40.0, ""tofer"": NaN, ""swfac"": 0.0, ""nstres"": 0.1243048906326294}",0.0,0.1243048906326294,361.9948196411133,0.0,0.5757877230644226,40.0,,0.0,0.0,40.0,0.0,8.649945068359376,24.649945068359376,Leave_One_experiments/all_year_offline_schedule_search/daily_outputs/SYA/SYA_2014_SYA2014_stress_grid_S0008_daily.csv
SYA,SYA,Shenyang,2014,Leave_One_experiments\wth_generated_qc\SYA\SYA2014.WTH,normal_year;water_stress_year;nitrogen_stress_year,water_stress,SYA2014_stress_grid_S0008,pareto_balanced,2014-06-06,157,52,47,"{""sim_day"": 52.0, ""doy"": 157.0, ""topwt"": 387.3762893676758, ""grnwt"": 0.0, ""xlai"": 0.5997363328933716, ""totir"": 40.0, ""tofer"": NaN, ""swfac"": 0.0, ""nstres"": 0.1379674673080444}",0.0,0.1379674673080444,387.3762893676758,0.0,0.5997363328933716,40.0,,0.0,0.0,40.0,0.0,8.649945068359376,24.649945068359376,Leave_One_experiments/all_year_offline_schedule_search/daily_outputs/SYA/SYA_2014_SYA2014_stress_grid_S0008_daily.csv
SYA,SYA,Shenyang,2014,Leave_One_experiments\wth_generated_qc\SYA\SYA2014.WTH,normal_year;water_stress_year;nitrogen_stress_year,water_stress,SYA2014_stress_grid_S0008,pareto_balanced,2014-06-07,158,53,48,"{""sim_day"": 53.0, ""doy"": 158.0, ""topwt"": 414.1497421264648, ""grnwt"": 0.0, ""xlai"": 0.6244266033172607, ""totir"": 40.0, ""tofer"": NaN, ""swfac"": 0.0, ""nstres"": 0.1354085206985473}",0.0,0.1354085206985473,414.1497421264648,0.0,0.6244266033172607,40.0,,0.0,0.0,40.0,0.0,8.649945068359376,24.649945068359376,Leave_One_experiments/all_year_offline_schedule_search/daily_outputs/SYA/SYA_2014_SYA2014_stress_grid_S0008_daily.csv
SYA,SYA,Shenyang,2014,Leave_One_experiments\wth_generated_qc\SYA\SYA2014.WTH,normal_year;water_stress_year;nitrogen_stress_year,water_stress,SYA2014_stress_grid_S0008,pareto_balanced,2014-06-08,159,54,49,"{""sim_day"": 54.0, ""doy"": 159.0, ""topwt"": 448.8107681274414, ""grnwt"": 0.0, ""xlai"": 0.6579048037528992, ""totir"": 40.0, ""tofer"": NaN, ""swfac"": 0.0, ""nstres"": 0.1324861049652099}",0.0,0.1324861049652099,448.8107681274414,0.0,0.6579048037528992,40.0,,0.0,0.0,40.0,0.0,8.649945068359376,24.649945068359376,Leave_One_experiments/all_year_offline_schedule_search/daily_outputs/SYA/SYA_2014_SYA2014_stress_grid_S0008_daily.csv
SYA,SYA,Shenyang,2014,Leave_One_experiments\wth_generated_qc\SYA\SYA2014.WTH,normal_year;water_stress_year;nitrogen_stress_year,water_stress,SYA2014_stress_grid_S0008,pareto_balanced,2014-06-09,160,55,50,"{""sim_day"": 55.0, ""doy"": 160.0, ""topwt"": 485.2315902709961, ""grnwt"": 0.0, ""xlai"": 0.6913301348686218, ""totir"": 40.0, ""tofer"": NaN, ""swfac"": 0.0, ""nstres"": 0.1352293491363525}",0.0,0.1352293491363525,485.2315902709961,0.0,0.6913301348686218,40.0,,0.0,0.0,40.0,0.0,8.649945068359376,24.649945068359376,Leave_One_experiments/all_year_offline_schedule_search/daily_outputs/SYA/SYA_2014_SYA2014_stress_grid_S0008_daily.csv
SYA,SYA,Shenyang,2014,Leave_One_experiments\wth_generated_qc\SYA\SYA2014.WTH,normal_year;water_stress_year;nitrogen_stress_year,water_stress,SYA2014_stress_grid_S0008,pareto_balanced,2014-06-10,161,56,51,"{""sim_day"": 56.0, ""doy"": 161.0, ""topwt"": 516.6641998291016, ""grnwt"": 0.0, ""xlai"": 0.7152700424194336, ""totir"": 40.0, ""tofer"": NaN, ""swfac"": 0.0, ""nstres"": 0.1533528566360473}",0.0,0.1533528566360473,516.6641998291016,0.0,0.7152700424194336,40.0,,0.0,0.0,40.0,0.0,8.649945068359376,24.649945068359376,Leave_One_experiments/all_year_offline_schedule_search/daily_outputs/SYA/SYA_2014_SYA2014_stress_grid_S0008_daily.csv
SYA,SYA,Shenyang,2014,Leave_One_experiments\wth_generated_qc\SYA\SYA2014.WTH,normal_year;water_stress_year;nitrogen_stress_year,water_stress,SYA2014_stress_grid_S0008,pareto_balanced,2014-06-11,162,57,52,"{""sim_day"": 57.0, ""doy"": 162.0, ""topwt"": 550.9905242919922, ""grnwt"": 0.0, ""xlai"": 0.7393894195556641, ""totir"": 40.0, ""tofer"": NaN, ""swfac"": 0.0, ""nstres"": 0.168756902217865}",0.0,0.168756902217865,550.9905242919922,0.0,0.7393894195556641,40.0,,0.0,0.0,40.0,0.0,8.649945068359376,24.649945068359376,Leave_One_experiments/all_year_offline_schedule_search/daily_outputs/SYA/SYA_2014_SYA2014_stress_grid_S0008_daily.csv
SYA,SYA,Shenyang,2014,Leave_One_experiments\wth_generated_qc\SYA\SYA2014.WTH,normal_year;water_stress_year;nitrogen_stress_year,water_stress,SYA2014_stress_grid_S0008,pareto_balanced,2014-06-12,163,58,53,"{""sim_day"": 58.0, ""doy"": 163.0, ""topwt"": 586.7261505126953, ""grnwt"": 0.0, ""xlai"": 0.7622002959251404, ""totir"": 40.0, ""tofer"": NaN, ""swfac"": 0.0, ""nstres"": 0.1786131858825683}",0.0,0.1786131858825683,586.7261505126953,0.0,0.7622002959251404,40.0,,0.0,0.0,40.0,0.0,8.649945068359376,24.649945068359376,Leave_One_experiments/all_year_offline_schedule_search/daily_outputs/SYA/SYA_2014_SYA2014_stress_grid_S0008_daily.csv
SYA,SYA,Shenyang,2014,Leave_One_experiments\wth_generated_qc\SYA\SYA2014.WTH,normal_year;water_stress_year;nitrogen_stress_year,water_stress,SYA2014_stress_grid_S0008,pareto_balanced,2014-06-13,164,59,54,"{""sim_day"": 59.0, ""doy"": 164.0, ""topwt"": 624.5443725585938, ""grnwt"": 0.0, ""xlai"": 0.7842088341712952, ""totir"": 40.0, ""tofer"": NaN, ""swfac"": 0.0, ""nstres"": 0.1883710622787475}",0.0,0.1883710622787475,624.5443725585938,0.0,0.7842088341712952,40.0,,0.0,0.0,40.0,0.0,8.649945068359376,24.649945068359376,Leave_One_experiments/all_year_offline_schedule_search/daily_outputs/SYA/SYA_2014_SYA2014_stress_grid_S0008_daily.csv
SYA,SYA,Shenyang,2014,Leave_One_experiments\wth_generated_qc\SYA\SYA2014.WTH,normal_year;water_stress_year;nitrogen_stress_year,water_stress,SYA2014_stress_grid_S0008,pareto_balanced,2014-06-14,165,60,55,"{""sim_day"": 60.0, ""doy"": 165.0, ""topwt"": 670.1033020019531, ""grnwt"": 0.0, ""xlai"": 0.8107972145080566, ""totir"": 40.0, ""tofer"": NaN, ""swfac"": 0.0, ""nstres"": 0.1964895725250244}",0.0,0.1964895725250244,670.1033020019531,0.0,0.8107972145080566,40.0,,0.0,0.0,40.0,0.0,8.649945068359376,24.649945068359376,Leave_One_experiments/all_year_offline_schedule_search/daily_outputs/SYA/SYA_2014_SYA2014_stress_grid_S0008_daily.csv
SYA,SYA,Shenyang,2014,Leave_One_experiments\wth_generated_qc\SYA\SYA2014.WTH,normal_year;water_stress_year;nitrogen_stress_year,water_stress,SYA2014_stress_grid_S0008,pareto_balanced,2014-06-15,166,61,56,"{""sim_day"": 61.0, ""doy"": 166.0, ""topwt"": 714.2648315429688, ""grnwt"": 0.0, ""xlai"": 0.8324501514434814, ""totir"": 40.0, ""tofer"": NaN, ""swfac"": 0.0, ""nstres"": 0.2114148736000061}",0.0,0.2114148736000061,714.2648315429688,0.0,0.8324501514434814,40.0,,0.0,0.0,40.0,0.0,8.649945068359376,24.649945068359376,Leave_One_experiments/all_year_offline_schedule_search/daily_outputs/SYA/SYA_2014_SYA2014_stress_grid_S0008_daily.csv
SYA,SYA,Shenyang,2014,Leave_One_experiments\wth_generated_qc\SYA\SYA2014.WTH,normal_year;water_stress_year;nitrogen_stress_year,water_stress,SYA2014_stress_grid_S0008,pareto_balanced,2014-06-16,167,62,57,"{""sim_day"": 62.0, ""doy"": 167.0, ""topwt"": 753.8333129882812, ""grnwt"": 0.0, ""xlai"": 0.8465340733528137, ""totir"": 40.0, ""tofer"": NaN, ""swfac"": 0.0, ""nstres"": 0.2379628419876098}",0.0,0.2379628419876098,753.8333129882812,0.0,0.8465340733528137,40.0,,0.0,0.0,40.0,0.0,8.649945068359376,24.649945068359376,Leave_One_experiments/all_year_offline_schedule_search/daily_outputs/SYA/SYA_2014_SYA2014_stress_grid_S0008_daily.csv
SYA,SYA,Shenyang,2014,Leave_One_experiments\wth_generated_qc\SYA\SYA2014.WTH,normal_year;water_stress_year;nitrogen_stress_year,water_stress,SYA2014_stress_grid_S0008,pareto_balanced,2014-06-17,168,63,58,"{""sim_day"": 63.0, ""doy"": 168.0, ""topwt"": 787.1414184570312, ""grnwt"": 0.0, ""xlai"": 0.8526466488838196, ""totir"": 40.0, ""tofer"": NaN, ""swfac"": 0.0, ""nstres"": 0.2576239109039306}",0.0,0.2576239109039306,787.1414184570312,0.0,0.8526466488838196,40.0,,0.0,0.0,40.0,0.0,8.649945068359376,24.649945068359376,Leave_One_experiments/all_year_offline_schedule_search/daily_outputs/SYA/SYA_2014_SYA2014_stress_grid_S0008_daily.csv
SYA,SYA,Shenyang,2014,Leave_One_experiments\wth_generated_qc\SYA\SYA2014.WTH,normal_year;water_stress_year;nitrogen_stress_year,water_stress,SYA2014_stress_grid_S0008,pareto_balanced,2014-06-18,169,64,59,"{""sim_day"": 64.0, ""doy"": 169.0, ""topwt"": 824.3558502197266, ""grnwt"": 0.0, ""xlai"": 0.8603268265724182, ""totir"": 40.0, ""tofer"": NaN, ""swfac"": 0.0, ""nstres"": 0.2681269645690918}",0.0,0.2681269645690918,824.3558502197266,0.0,0.8603268265724182,40.0,,0.0,0.0,40.0,0.0,8.649945068359376,24.649945068359376,Leave_One_experiments/all_year_offline_schedule_search/daily_outputs/SYA/SYA_2014_SYA2014_stress_grid_S0008_daily.csv
SYA,SYA,Shenyang,2014,Leave_One_experiments\wth_generated_qc\SYA\SYA2014.WTH,normal_year;water_stress_year;nitrogen_stress_year,water_stress,SYA2014_stress_grid_S0008,pareto_balanced,2014-06-19,170,65,60,"{""sim_day"": 65.0, ""doy"": 170.0, ""topwt"": 863.6769104003906, ""grnwt"": 0.0, ""xlai"": 0.867857813835144, ""totir"": 40.0, ""tofer"": NaN, ""swfac"": 0.0, ""nstres"": 0.2765970230102539}",0.0,0.2765970230102539,863.6769104003906,0.0,0.867857813835144,40.0,,0.0,0.0,40.0,0.0,8.649945068359376,24.649945068359376,Leave_One_experiments/all_year_offline_schedule_search/daily_outputs/SYA/SYA_2014_SYA2014_stress_grid_S0008_daily.csv
SYA,SYA,Shenyang,2014,Leave_One_experiments\wth_generated_qc\SYA\SYA2014.WTH,normal_year;water_stress_year;nitrogen_stress_year,water_stress,SYA2014_stress_grid_S0008,pareto_balanced,2014-06-20,171,66,61,"{""sim_day"": 66.0, ""doy"": 171.0, ""topwt"": 905.6483459472656, ""grnwt"": 0.0, ""xlai"": 0.8754841685295105, ""totir"": 40.0, ""tofer"": NaN, ""swfac"": 0.0, ""nstres"": 0.2855725288391113}",0.0,0.2855725288391113,905.6483459472656,0.0,0.8754841685295105,40.0,,0.0,0.0,40.0,0.0,8.649945068359376,24.649945068359376,Leave_One_experiments/all_year_offline_schedule_search/daily_outputs/SYA/SYA_2014_SYA2014_stress_grid_S0008_daily.csv
SYA,SYA,Shenyang,2014,Leave_One_experiments\wth_generated_qc\SYA\SYA2014.WTH,normal_year;water_stress_year;nitrogen_stress_year,water_stress,SYA2014_stress_grid_S0008,pareto_balanced,2014-06-21,172,67,62,"{""sim_day"": 67.0, ""doy"": 172.0, ""topwt"": 945.4078674316406, ""grnwt"": 0.0, ""xlai"": 0.8795788884162903, ""totir"": 40.0, ""tofer"": NaN, ""swfac"": 0.0, ""nstres"": 0.294069766998291}",0.0,0.294069766998291,945.4078674316406,0.0,0.8795788884162903,40.0,,0.0,0.0,40.0,0.0,8.649945068359376,24.649945068359376,Leave_One_experiments/all_year_offline_schedule_search/daily_outputs/SYA/SYA_2014_SYA2014_stress_grid_S0008_daily.csv
SYA,SYA,Shenyang,2014,Leave_One_experiments\wth_generated_qc\SYA\SYA2014.WTH,normal_year;water_stress_year;nitrogen_stress_year,water_stress,SYA2014_stress_grid_S0008,pareto_balanced,2014-06-22,173,68,63,"{""sim_day"": 68.0, ""doy"": 173.0, ""topwt"": 987.5548553466796, ""grnwt"": 0.0, ""xlai"": 0.8835859894752502, ""totir"": 40.0, ""tofer"": NaN, ""swfac"": 0.0, ""nstres"": 0.3045722842216491}",0.0,0.3045722842216491,987.5548553466796,0.0,0.8835859894752502,40.0,,0.0,0.0,40.0,0.0,8.649945068359376,24.649945068359376,Leave_One_experiments/all_year_offline_schedule_search/daily_outputs/SYA/SYA_2014_SYA2014_stress_grid_S0008_daily.csv
SYA,SYA,Shenyang,2014,Leave_One_experiments\wth_generated_qc\SYA\SYA2014.WTH,normal_year;water_stress_year;nitrogen_stress_year,water_stress,SYA2014_stress_grid_S0008,pareto_balanced,2014-06-23,174,69,64,"{""sim_day"": 69.0, ""doy"": 174.0, ""topwt"": 1034.7344970703125, ""grnwt"": 0.0, ""xlai"": 0.8890751600265503, ""totir"": 40.0, ""tofer"": NaN, ""swfac"": 0.0, ""nstres"": 0.3152592182159424}",0.0,0.3152592182159424,1034.7344970703125,0.0,0.8890751600265503,40.0,,0.0,0.0,40.0,0.0,8.649945068359376,24.649945068359376,Leave_One_experiments/all_year_offline_schedule_search/daily_outputs/SYA/SYA_2014_SYA2014_stress_grid_S0008_daily.csv
SYA,SYA,Shenyang,2014,Leave_One_experiments\wth_generated_qc\SYA\SYA2014.WTH,normal_year;water_stress_year;nitrogen_stress_year,water_stress,SYA2014_stress_grid_S0008,pareto_balanced,2014-06-24,175,70,65,"{""sim_day"": 70.0, ""doy"": 175.0, ""topwt"": 1087.8314971923828, ""grnwt"": 0.0, ""xlai"": 0.8961492776870728, ""totir"": 40.0, ""tofer"": NaN, ""swfac"": 0.0, ""nstres"": 0.3262079954147339}",0.0,0.3262079954147339,1087.8314971923828,0.0,0.8961492776870728,40.0,,0.0,0.0,40.0,0.0,8.649945068359376,24.649945068359376,Leave_One_experiments/all_year_offline_schedule_search/daily_outputs/SYA/SYA_2014_SYA2014_stress_grid_S0008_daily.csv
SYA,SYA,Shenyang,2014,Leave_One_experiments\wth_generated_qc\SYA\SYA2014.WTH,normal_year;water_stress_year;nitrogen_stress_year,water_stress,SYA2014_stress_grid_S0008,pareto_balanced,2014-06-25,176,71,66,"{""sim_day"": 71.0, ""doy"": 176.0, ""topwt"": 1135.5596923828125, ""grnwt"": 0.0, ""xlai"": 0.8977047801017761, ""totir"": 40.0, ""tofer"": NaN, ""swfac"": 0.0, ""nstres"": 0.3380856513977051}",0.0,0.3380856513977051,1135.5596923828125,0.0,0.8977047801017761,40.0,,0.0,0.0,40.0,0.0,8.649945068359376,24.649945068359376,Leave_One_experiments/all_year_offline_schedule_search/daily_outputs/SYA/SYA_2014_SYA2014_stress_grid_S0008_daily.csv
SYA,SYA,Shenyang,2014,Leave_One_experiments\wth_generated_qc\SYA\SYA2014.WTH,normal_year;water_stress_year;nitrogen_stress_year,water_stress,SYA2014_stress_grid_S0008,pareto_balanced,2014-06-26,177,72,67,"{""sim_day"": 72.0, ""doy"": 177.0, ""topwt"": 1181.3221740722656, ""grnwt"": 0.0, ""xlai"": 0.8963249921798706, ""totir"": 40.0, ""tofer"": NaN, ""swfac"": 0.0, ""nstres"": 0.3505944013595581}",0.0,0.3505944013595581,1181.3221740722656,0.0,0.8963249921798706,40.0,,0.0,0.0,40.0,0.0,8.649945068359376,24.649945068359376,Leave_One_experiments/all_year_offline_schedule_search/daily_outputs/SYA/SYA_2014_SYA2014_stress_grid_S0008_daily.csv
SYA,SYA,Shenyang,2014,Leave_One_experiments\wth_generated_qc\SYA\SYA2014.WTH,normal_year;water_stress_year;nitrogen_stress_year,water_stress,SYA2014_stress_grid_S0008,pareto_balanced,2014-06-27,178,73,68,"{""sim_day"": 73.0, ""doy"": 178.0, ""topwt"": 1227.5373840332031, ""grnwt"": 0.0, ""xlai"": 0.8939287662506104, ""totir"": 40.0, ""tofer"": NaN, ""swfac"": 0.0, ""nstres"": 0.3556356430053711}",0.0,0.3556356430053711,1227.5373840332031,0.0,0.8939287662506104,40.0,,0.0,0.0,40.0,0.0,8.649945068359376,24.649945068359376,Leave_One_experiments/all_year_offline_schedule_search/daily_outputs/SYA/SYA_2014_SYA2014_stress_grid_S0008_daily.csv
SYA,SYA,Shenyang,2014,Leave_One_experiments\wth_generated_qc\SYA\SYA2014.WTH,normal_year;water_stress_year;nitrogen_stress_year,water_stress,SYA2014_stress_grid_S0008,pareto_balanced,2014-06-28,179,74,69,"{""sim_day"": 74.0, ""doy"": 179.0, ""topwt"": 1282.2219848632812, ""grnwt"": 0.0, ""xlai"": 0.8946728110313416, ""totir"": 40.0, ""tofer"": NaN, ""swfac"": 0.0, ""nstres"": 0.362041711807251}",0.0,0.362041711807251,1282.2219848632812,0.0,0.8946728110313416,40.0,,0.0,0.0,40.0,0.0,8.649945068359376,24.649945068359376,Leave_One_experiments/all_year_offline_schedule_search/daily_outputs/SYA/SYA_2014_SYA2014_stress_grid_S0008_daily.csv
SYA,SYA,Shenyang,2014,Leave_One_experiments\wth_generated_qc\SYA\SYA2014.WTH,normal_year;water_stress_year;nitrogen_stress_year,water_stress,SYA2014_stress_grid_S0008,pareto_balanced,2014-06-29,180,75,70,"{""sim_day"": 75.0, ""doy"": 180.0, ""topwt"": 1345.3614807128906, ""grnwt"": 0.0, ""xlai"": 0.8979840874671936, ""totir"": 40.0, ""tofer"": NaN, ""swfac"": 0.0, ""nstres"": 0.3668327331542969}",0.0,0.3668327331542969,1345.3614807128906,0.0,0.8979840874671936,40.0,,0.0,0.0,40.0,0.0,8.649945068359376,24.649945068359376,Leave_One_experiments/all_year_offline_schedule_search/daily_outputs/SYA/SYA_2014_SYA2014_stress_grid_S0008_daily.csv
SYA,SYA,Shenyang,2014,Leave_One_experiments\wth_generated_qc\SYA\SYA2014.WTH,normal_year;water_stress_year;nitrogen_stress_year,water_stress,SYA2014_stress_grid_S0008,pareto_balanced,2014-06-30,181,76,71,"{""sim_day"": 76.0, ""doy"": 181.0, ""topwt"": 1411.071319580078, ""grnwt"": 0.0, ""xlai"": 0.9004988074302673, ""totir"": 40.0, ""tofer"": NaN, ""swfac"": 0.0, ""nstres"": 0.3737255930900574}",0.0,0.3737255930900574,1411.071319580078,0.0,0.9004988074302673,40.0,,0.0,0.0,40.0,0.0,8.649945068359376,24.649945068359376,Leave_One_experiments/all_year_offline_schedule_search/daily_outputs/SYA/SYA_2014_SYA2014_stress_grid_S0008_daily.csv
SYA,SYA,Shenyang,2014,Leave_One_experiments\wth_generated_qc\SYA\SYA2014.WTH,normal_year;water_stress_year;nitrogen_stress_year,water_stress,SYA2014_stress_grid_S0008,pareto_balanced,2014-07-01,182,77,72,"{""sim_day"": 77.0, ""doy"": 182.0, ""topwt"": 1546.3761901855469, ""grnwt"": 0.0, ""xlai"": 0.9664911031723022, ""totir"": 40.0, ""tofer"": NaN, ""swfac"": 0.0, ""nstres"": 0.3854500651359558}",0.0,0.3854500651359558,1546.3761901855469,0.0,0.9664911031723022,40.0,,0.0,0.0,40.0,0.0,8.649945068359376,24.649945068359376,Leave_One_experiments/all_year_offline_schedule_search/daily_outputs/SYA/SYA_2014_SYA2014_stress_grid_S0008_daily.csv
SYA,SYA,Shenyang,2014,Leave_One_experiments\wth_generated_qc\SYA\SYA2014.WTH,normal_year;water_stress_year;nitrogen_stress_year,water_stress,SYA2014_stress_grid_S0008,pareto_balanced,2014-07-02,183,78,73,"{""sim_day"": 78.0, ""doy"": 183.0, ""topwt"": 1631.4541625976562, ""grnwt"": 0.0, ""xlai"": 0.9773147106170654, ""totir"": 40.0, ""tofer"": NaN, ""swfac"": 0.0, ""nstres"": 0.394156277179718}",0.0,0.394156277179718,1631.4541625976562,0.0,0.9773147106170654,40.0,,0.0,0.0,40.0,0.0,8.649945068359376,24.649945068359376,Leave_One_experiments/all_year_offline_schedule_search/daily_outputs/SYA/SYA_2014_SYA2014_stress_grid_S0008_daily.csv
SYA,SYA,Shenyang,2014,Leave_One_experiments\wth_generated_qc\SYA\SYA2014.WTH,normal_year;water_stress_year;nitrogen_stress_year,water_stress,SYA2014_stress_grid_S0008,pareto_balanced,2014-07-03,184,79,74,"{""sim_day"": 79.0, ""doy"": 184.0, ""topwt"": 1706.8246459960938, ""grnwt"": 0.0, ""xlai"": 0.9752139449119568, ""totir"": 40.0, ""tofer"": NaN, ""swfac"": 0.0, ""nstres"": 0.4283556938171386}",0.0,0.4283556938171386,1706.8246459960938,0.0,0.9752139449119568,40.0,,0.0,0.0,40.0,0.0,8.649945068359376,24.649945068359376,Leave_One_experiments/all_year_offline_schedule_search/daily_outputs/SYA/SYA_2014_SYA2014_stress_grid_S0008_daily.csv
SYA,SYA,Shenyang,2014,Leave_One_experiments\wth_generated_qc\SYA\SYA2014.WTH,normal_year;water_stress_year;nitrogen_stress_year,water_stress,SYA2014_stress_grid_S0008,pareto_balanced,2014-07-04,185,80,75,"{""sim_day"": 80.0, ""doy"": 185.0, ""topwt"": 1774.9765014648438, ""grnwt"": 0.0, ""xlai"": 0.9665861129760742, ""totir"": 40.0, ""tofer"": NaN, ""swfac"": 0.0, ""nstres"": 0.4357871413230896}",0.0,0.4357871413230896,1774.9765014648438,0.0,0.9665861129760742,40.0,,0.0,0.0,40.0,0.0,8.649945068359376,24.649945068359376,Leave_One_experiments/all_year_offline_schedule_search/daily_outputs/SYA/SYA_2014_SYA2014_stress_grid_S0008_daily.csv
SYA,SYA,Shenyang,2014,Leave_One_experiments\wth_generated_qc\SYA\SYA2014.WTH,normal_year;water_stress_year;nitrogen_stress_year,water_stress,SYA2014_stress_grid_S0008,pareto_balanced,2014-07-05,186,81,76,"{""sim_day"": 81.0, ""doy"": 186.0, ""topwt"": 1837.4577331542969, ""grnwt"": 0.0, ""xlai"": 0.9540621042251588, ""totir"": 40.0, ""tofer"": NaN, ""swfac"": 0.0, ""nstres"": 0.4378540515899658}",0.0,0.4378540515899658,1837.4577331542969,0.0,0.9540621042251588,40.0,,0.0,0.0,40.0,0.0,8.649945068359376,24.649945068359376,Leave_One_experiments/all_year_offline_schedule_search/daily_outputs/SYA/SYA_2014_SYA2014_stress_grid_S0008_daily.csv
SYA,SYA,Shenyang,2014,Leave_One_experiments\wth_generated_qc\SYA\SYA2014.WTH,normal_year;water_stress_year;nitrogen_stress_year,water_stress,SYA2014_stress_grid_S0008,pareto_balanced,2014-07-06,187,82,77,"{""sim_day"": 82.0, ""doy"": 187.0, ""topwt"": 1897.8923034667969, ""grnwt"": 0.0, ""xlai"": 0.9399349093437196, ""totir"": 40.0, ""tofer"": NaN, ""swfac"": 0.0, ""nstres"": 0.4352241158485412}",0.0,0.4352241158485412,1897.8923034667969,0.0,0.9399349093437196,40.0,,0.0,0.0,40.0,0.0,8.649945068359376,24.649945068359376,Leave_One_experiments/all_year_offline_schedule_search/daily_outputs/SYA/SYA_2014_SYA2014_stress_grid_S0008_daily.csv
SYA,SYA,Shenyang,2014,Leave_One_experiments\wth_generated_qc\SYA\SYA2014.WTH,normal_year;water_stress_year;nitrogen_stress_year,water_stress,SYA2014_stress_grid_S0008,pareto_balanced,2014-07-07,188,83,78,"{""sim_day"": 83.0, ""doy"": 188.0, ""topwt"": 1948.5264587402344, ""grnwt"": 0.0, ""xlai"": 0.9224095344543456, ""totir"": 40.0, ""tofer"": NaN, ""swfac"": 0.0, ""nstres"": 0.4308145642280578}",0.0,0.4308145642280578,1948.5264587402344,0.0,0.9224095344543456,40.0,,0.0,0.0,40.0,0.0,8.649945068359376,24.649945068359376,Leave_One_experiments/all_year_offline_schedule_search/daily_outputs/SYA/SYA_2014_SYA2014_stress_grid_S0008_daily.csv
SYA,SYA,Shenyang,2014,Leave_One_experiments\wth_generated_qc\SYA\SYA2014.WTH,normal_year;water_stress_year;nitrogen_stress_year,water_stress,SYA2014_stress_grid_S0008,pareto_balanced,2014-07-08,189,84,79,"{""sim_day"": 84.0, ""doy"": 189.0, ""topwt"": 2009.9822998046875, ""grnwt"": 0.0, ""xlai"": 0.9079959988594056, ""totir"": 40.0, ""tofer"": NaN, ""swfac"": 0.0, ""nstres"": 0.424396812915802}",0.0,0.424396812915802,2009.9822998046875,0.0,0.9079959988594056,40.0,,0.0,0.0,40.0,0.0,8.649945068359376,24.649945068359376,Leave_One_experiments/all_year_offline_schedule_search/daily_outputs/SYA/SYA_2014_SYA2014_stress_grid_S0008_daily.csv
SYA,SYA,Shenyang,2014,Leave_One_experiments\wth_generated_qc\SYA\SYA2014.WTH,normal_year;water_stress_year;nitrogen_stress_year,water_stress,SYA2014_stress_grid_S0008,pareto_balanced,2014-07-09,190,85,80,"{""sim_day"": 85.0, ""doy"": 190.0, ""topwt"": 2063.02978515625, ""grnwt"": 0.0, ""xlai"": 0.8913242816925049, ""totir"": 40.0, ""tofer"": NaN, ""swfac"": 0.0, ""nstres"": 0.4173529744148254}",0.0,0.4173529744148254,2063.02978515625,0.0,0.8913242816925049,40.0,,0.0,0.0,40.0,0.0,8.649945068359376,24.649945068359376,Leave_One_experiments/all_year_offline_schedule_search/daily_outputs/SYA/SYA_2014_SYA2014_stress_grid_S0008_daily.csv
SYA,SYA,Shenyang,2014,Leave_One_experiments\wth_generated_qc\SYA\SYA2014.WTH,normal_year;water_stress_year;nitrogen_stress_year,water_stress,SYA2014_stress_grid_S0008,pareto_balanced,2014-07-10,191,86,81,"{""sim_day"": 86.0, ""doy"": 191.0, ""topwt"": 2118.06884765625, ""grnwt"": 0.0, ""xlai"": 0.8753751516342163, ""totir"": 40.0, ""tofer"": NaN, ""swfac"": 0.0, ""nstres"": 0.4119663834571838}",0.0,0.4119663834571838,2118.06884765625,0.0,0.8753751516342163,40.0,,0.0,0.0,40.0,0.0,8.649945068359376,24.649945068359376,Leave_One_experiments/all_year_offline_schedule_search/daily_outputs/SYA/SYA_2014_SYA2014_stress_grid_S0008_daily.csv
SYA,SYA,Shenyang,2014,Leave_One_experiments\wth_generated_qc\SYA\SYA2014.WTH,normal_year;water_stress_year;nitrogen_stress_year,water_stress,SYA2014_stress_grid_S0008,pareto_balanced,2014-07-11,192,87,82,"{""sim_day"": 87.0, ""doy"": 192.0, ""topwt"": 2173.1468200683594, ""grnwt"": 0.0, ""xlai"": 0.8596283197402954, ""totir"": 40.0, ""tofer"": NaN, ""swfac"": 0.0, ""nstres"": 0.407248318195343}",0.0,0.407248318195343,2173.1468200683594,0.0,0.8596283197402954,40.0,,0.0,0.0,40.0,0.0,8.649945068359376,24.649945068359376,Leave_One_experiments/all_year_offline_schedule_search/daily_outputs/SYA/SYA_2014_SYA2014_stress_grid_S0008_daily.csv
SYA,SYA,Shenyang,2014,Leave_One_experiments\wth_generated_qc\SYA\SYA2014.WTH,normal_year;water_stress_year;nitrogen_stress_year,water_stress,SYA2014_stress_grid_S0008,pareto_balanced,2014-07-12,193,88,83,"{""sim_day"": 88.0, ""doy"": 193.0, ""topwt"": 2230.743560791016, ""grnwt"": 0.0, ""xlai"": 0.8452212810516357, ""totir"": 40.0, ""tofer"": NaN, ""swfac"": 0.0, ""nstres"": 0.4022679328918457}",0.0,0.4022679328918457,2230.743560791016,0.0,0.8452212810516357,40.0,,0.0,0.0,40.0,0.0,8.649945068359376,24.649945068359376,Leave_One_experiments/all_year_offline_schedule_search/daily_outputs/SYA/SYA_2014_SYA2014_stress_grid_S0008_daily.csv
SYA,SYA,Shenyang,2014,Leave_One_experiments\wth_generated_qc\SYA\SYA2014.WTH,normal_year;water_stress_year;nitrogen_stress_year,water_stress,SYA2014_stress_grid_S0008,pareto_balanced,2014-07-13,194,89,84,"{""sim_day"": 89.0, ""doy"": 194.0, ""topwt"": 2295.337677001953, ""grnwt"": 0.0, ""xlai"": 0.8332897424697876, ""totir"": 40.0, ""tofer"": NaN, ""swfac"": 0.0, ""nstres"": 0.3957118988037109}",0.0,0.3957118988037109,2295.337677001953,0.0,0.8332897424697876,40.0,,0.0,0.0,40.0,0.0,8.649945068359376,24.649945068359376,Leave_One_experiments/all_year_offline_schedule_search/daily_outputs/SYA/SYA_2014_SYA2014_stress_grid_S0008_daily.csv
SYA,SYA,Shenyang,2014,Leave_One_experiments\wth_generated_qc\SYA\SYA2014.WTH,normal_year;water_stress_year;nitrogen_stress_year,water_stress,SYA2014_stress_grid_S0008,pareto_balanced,2014-07-14,195,90,85,"{""sim_day"": 90.0, ""doy"": 195.0, ""topwt"": 2363.5768127441406, ""grnwt"": 0.0, ""xlai"": 0.822967529296875, ""totir"": 40.0, ""tofer"": NaN, ""swfac"": 0.0, ""nstres"": 0.3871368169784546}",0.0,0.3871368169784546,2363.5768127441406,0.0,0.822967529296875,40.0,,0.0,0.0,40.0,0.0,8.649945068359376,24.649945068359376,Leave_One_experiments/all_year_offline_schedule_search/daily_outputs/SYA/SYA_2014_SYA2014_stress_grid_S0008_daily.csv
SYA,SYA,Shenyang,2014,Leave_One_experiments\wth_generated_qc\SYA\SYA2014.WTH,normal_year;water_stress_year;nitrogen_stress_year,water_stress,SYA2014_stress_grid_S0008,pareto_balanced,2014-07-15,196,91,86,"{""sim_day"": 91.0, ""doy"": 196.0, ""topwt"": 2426.704559326172, ""grnwt"": 0.0, ""xlai"": 0.8120025992393494, ""totir"": 40.0, ""tofer"": NaN, ""swfac"": 0.0, ""nstres"": 0.3779886960983276}",0.0,0.3779886960983276,2426.704559326172,0.0,0.8120025992393494,40.0,,0.0,0.0,40.0,0.0,8.649945068359376,24.649945068359376,Leave_One_experiments/all_year_offline_schedule_search/daily_outputs/SYA/SYA_2014_SYA2014_stress_grid_S0008_daily.csv
SYA,SYA,Shenyang,2014,Leave_One_experiments\wth_generated_qc\SYA\SYA2014.WTH,normal_year;water_stress_year;nitrogen_stress_year,water_stress,SYA2014_stress_grid_S0008,pareto_balanced,2014-07-16,197,92,87,"{""sim_day"": 92.0, ""doy"": 197.0, ""topwt"": 2489.765930175781, ""grnwt"": 0.0, ""xlai"": 0.8016563653945923, ""totir"": 40.0, ""tofer"": NaN, ""swfac"": 0.0, ""nstres"": 0.3695889711380005}",0.0,0.3695889711380005,2489.765930175781,0.0,0.8016563653945923,40.0,,0.0,0.0,40.0,0.0,8.649945068359376,24.649945068359376,Leave_One_experiments/all_year_offline_schedule_search/daily_outputs/SYA/SYA_2014_SYA2014_stress_grid_S0008_daily.csv
SYA,SYA,Shenyang,2014,Leave_One_experiments\wth_generated_qc\SYA\SYA2014.WTH,normal_year;water_stress_year;nitrogen_stress_year,water_stress,SYA2014_stress_grid_S0008,pareto_balanced,2014-07-17,198,93,88,"{""sim_day"": 93.0, ""doy"": 198.0, ""topwt"": 2561.039123535156, ""grnwt"": 0.0, ""xlai"": 0.7940752506256104, ""totir"": 40.0, ""tofer"": NaN, ""swfac"": 0.0, ""nstres"": 0.3587220907211303}",0.0,0.3587220907211303,2561.039123535156,0.0,0.7940752506256104,40.0,,0.0,0.0,40.0,0.0,8.649945068359376,24.649945068359376,Leave_One_experiments/all_year_offline_schedule_search/daily_outputs/SYA/SYA_2014_SYA2014_stress_grid_S0008_daily.csv
SYA,SYA,Shenyang,2014,Leave_One_experiments\wth_generated_qc\SYA\SYA2014.WTH,normal_year;water_stress_year;nitrogen_stress_year,water_stress,SYA2014_stress_grid_S0008,pareto_balanced,2014-07-18,199,94,89,"{""sim_day"": 94.0, ""doy"": 199.0, ""topwt"": 2628.545227050781, ""grnwt"": 0.0, ""xlai"": 0.7691456079483032, ""totir"": 40.0, ""tofer"": NaN, ""swfac"": 0.0, ""nstres"": 0.3534736037254333}",0.0,0.3534736037254333,2628.545227050781,0.0,0.7691456079483032,40.0,,0.0,0.0,40.0,0.0,8.649945068359376,24.649945068359376,Leave_One_experiments/all_year_offline_schedule_search/daily_outputs/SYA/SYA_2014_SYA2014_stress_grid_S0008_daily.csv
SYA,SYA,Shenyang,2014,Leave_One_experiments\wth_generated_qc\SYA\SYA2014.WTH,normal_year;water_stress_year;nitrogen_stress_year,water_stress,SYA2014_stress_grid_S0008,pareto_balanced,2014-07-19,200,95,90,"{""sim_day"": 95.0, ""doy"": 200.0, ""topwt"": 2720.5056762695312, ""grnwt"": 0.0, ""xlai"": 0.7455862164497375, ""totir"": 40.0, ""tofer"": NaN, ""swfac"": 0.0, ""nstres"": 0.3351303339004516}",0.0,0.3351303339004516,2720.5056762695312,0.0,0.7455862164497375,40.0,,0.0,0.0,40.0,0.0,8.649945068359376,24.649945068359376,Leave_One_experiments/all_year_offline_schedule_search/daily_outputs/SYA/SYA_2014_SYA2014_stress_grid_S0008_daily.csv
SYA,SYA,Shenyang,2014,Leave_One_experiments\wth_generated_qc\SYA\SYA2014.WTH,normal_year;water_stress_year;nitrogen_stress_year,water_stress,SYA2014_stress_grid_S0008,pareto_balanced,2014-07-20,201,96,91,"{""sim_day"": 96.0, ""doy"": 201.0, ""topwt"": 2733.398742675781, ""grnwt"": 0.0, ""xlai"": 0.7229585647583008, ""totir"": 40.0, ""tofer"": NaN, ""swfac"": 0.0, ""nstres"": 0.3283701539039612}",0.0,0.3283701539039612,2733.398742675781,0.0,0.7229585647583008,40.0,,0.0,0.0,40.0,0.0,8.649945068359376,24.649945068359376,Leave_One_experiments/all_year_offline_schedule_search/daily_outputs/SYA/SYA_2014_SYA2014_stress_grid_S0008_daily.csv
SYA,SYA,Shenyang,2014,Leave_One_experiments\wth_generated_qc\SYA\SYA2014.WTH,normal_year;water_stress_year;nitrogen_stress_year,water_stress,SYA2014_stress_grid_S0008,pareto_balanced,2014-07-21,202,97,92,"{""sim_day"": 97.0, ""doy"": 202.0, ""topwt"": 2783.33251953125, ""grnwt"": 0.0, ""xlai"": 0.7010787725448608, ""totir"": 40.0, ""tofer"": NaN, ""swfac"": 0.0, ""nstres"": 0.3263429403305053}",0.0,0.3263429403305053,2783.33251953125,0.0,0.7010787725448608,40.0,,0.0,0.0,40.0,0.0,8.649945068359376,24.649945068359376,Leave_One_experiments/all_year_offline_schedule_search/daily_outputs/SYA/SYA_2014_SYA2014_stress_grid_S0008_daily.csv
SYA,SYA,Shenyang,2014,Leave_One_experiments\wth_generated_qc\SYA\SYA2014.WTH,normal_year;water_stress_year;nitrogen_stress_year,water_stress,SYA2014_stress_grid_S0008,pareto_balanced,2014-07-22,203,98,93,"{""sim_day"": 98.0, ""doy"": 203.0, ""topwt"": 2870.4449462890625, ""grnwt"": 0.0, ""xlai"": 0.6804665327072144, ""totir"": 40.0, ""tofer"": NaN, ""swfac"": 0.0, ""nstres"": 0.3056181669235229}",0.0,0.3056181669235229,2870.4449462890625,0.0,0.6804665327072144,40.0,,0.0,0.0,40.0,0.0,8.649945068359376,24.649945068359376,Leave_One_experiments/all_year_offline_schedule_search/daily_outputs/SYA/SYA_2014_SYA2014_stress_grid_S0008_daily.csv
SYA,SYA,Shenyang,2014,Leave_One_experiments\wth_generated_qc\SYA\SYA2014.WTH,normal_year;water_stress_year;nitrogen_stress_year,water_stress,SYA2014_stress_grid_S0008,pareto_balanced,2014-07-23,204,99,94,"{""sim_day"": 99.0, ""doy"": 204.0, ""topwt"": 2928.480834960937, ""grnwt"": 0.0, ""xlai"": 0.660805344581604, ""totir"": 40.0, ""tofer"": NaN, ""swfac"": 0.0, ""nstres"": 0.293450653553009}",0.0,0.293450653553009,2928.480834960937,0.0,0.660805344581604,40.0,,0.0,0.0,40.0,0.0,8.649945068359376,24.649945068359376,Leave_One_experiments/all_year_offline_schedule_search/daily_outputs/SYA/SYA_2014_SYA2014_stress_grid_S0008_daily.csv
SYA,SYA,Shenyang,2014,Leave_One_experiments\wth_generated_qc\SYA\SYA2014.WTH,normal_year;water_stress_year;nitrogen_stress_year,water_stress,SYA2014_stress_grid_S0008,pareto_balanced,2014-07-24,205,100,95,"{""sim_day"": 100.0, ""doy"": 205.0, ""topwt"": 2941.3449096679688, ""grnwt"": 0.0, ""xlai"": 0.6418043375015259, ""totir"": 40.0, ""tofer"": NaN, ""swfac"": 0.0, ""nstres"": 0.2901040315628052}",0.0,0.2901040315628052,2941.3449096679688,0.0,0.6418043375015259,40.0,,0.0,0.0,40.0,0.0,8.649945068359376,24.649945068359376,Leave_One_experiments/all_year_offline_schedule_search/daily_outputs/SYA/SYA_2014_SYA2014_stress_grid_S0008_daily.csv
SYA,SYA,Shenyang,2014,Leave_One_experiments\wth_generated_qc\SYA\SYA2014.WTH,normal_year;water_stress_year;nitrogen_stress_year,water_stress,SYA2014_stress_grid_S0008,pareto_balanced,2014-07-25,206,101,96,"{""sim_day"": 101.0, ""doy"": 206.0, ""topwt"": 3033.744506835937, ""grnwt"": 0.0, ""xlai"": 0.6236778497695923, ""totir"": 40.0, ""tofer"": NaN, ""swfac"": 0.0, ""nstres"": 0.2778332829475403}",0.0,0.2778332829475403,3033.744506835937,0.0,0.6236778497695923,40.0,,0.0,0.0,40.0,0.0,8.649945068359376,24.649945068359376,Leave_One_experiments/all_year_offline_schedule_search/daily_outputs/SYA/SYA_2014_SYA2014_stress_grid_S0008_daily.csv
SYA,SYA,Shenyang,2014,Leave_One_experiments\wth_generated_qc\SYA\SYA2014.WTH,normal_year;water_stress_year;nitrogen_stress_year,water_stress,SYA2014_stress_grid_S0008,pareto_balanced,2014-07-26,207,102,97,"{""sim_day"": 102.0, ""doy"": 207.0, ""topwt"": 3125.0473022460938, ""grnwt"": 0.0, ""xlai"": 0.6066881418228149, ""totir"": 40.0, ""tofer"": NaN, ""swfac"": 0.0, ""nstres"": 0.2537880539894104}",0.0,0.2537880539894104,3125.0473022460938,0.0,0.6066881418228149,40.0,,0.0,0.0,40.0,0.0,8.649945068359376,24.649945068359376,Leave_One_experiments/all_year_offline_schedule_search/daily_outputs/SYA/SYA_2014_SYA2014_stress_grid_S0008_daily.csv
SYA,SYA,Shenyang,2014,Leave_One_experiments\wth_generated_qc\SYA\SYA2014.WTH,normal_year;water_stress_year;nitrogen_stress_year,water_stress,SYA2014_stress_grid_S0008,pareto_balanced,2014-07-27,208,103,98,"{""sim_day"": 103.0, ""doy"": 208.0, ""topwt"": 3201.2451171875, ""grnwt"": 0.0, ""xlai"": 0.5904062986373901, ""totir"": 40.0, ""tofer"": NaN, ""swfac"": 0.0, ""nstres"": 0.2440933585166931}",0.0,0.2440933585166931,3201.2451171875,0.0,0.5904062986373901,40.0,,0.0,0.0,40.0,0.0,8.649945068359376,24.649945068359376,Leave_One_experiments/all_year_offline_schedule_search/daily_outputs/SYA/SYA_2014_SYA2014_stress_grid_S0008_daily.csv
SYA,SYA,Shenyang,2014,Leave_One_experiments\wth_generated_qc\SYA\SYA2014.WTH,normal_year;water_stress_year;nitrogen_stress_year,water_stress,SYA2014_stress_grid_S0008,pareto_balanced,2014-07-28,209,104,99,"{""sim_day"": 104.0, ""doy"": 209.0, ""topwt"": 3303.7274169921875, ""grnwt"": 114.40585136413574, ""xlai"": 0.5748625993728638, ""totir"": 40.0, ""tofer"": NaN, ""swfac"": 0.0, ""nstres"": 0.2318529486656189}",0.0,0.2318529486656189,3303.7274169921875,114.40585136413574,0.5748625993728638,40.0,,0.0,0.0,40.0,0.0,8.649945068359376,24.649945068359376,Leave_One_experiments/all_year_offline_schedule_search/daily_outputs/SYA/SYA_2014_SYA2014_stress_grid_S0008_daily.csv
SYA,SYA,Shenyang,2014,Leave_One_experiments\wth_generated_qc\SYA\SYA2014.WTH,normal_year;water_stress_year;nitrogen_stress_year,water_stress,SYA2014_stress_grid_S0008,pareto_balanced,2014-07-29,210,105,100,"{""sim_day"": 105.0, ""doy"": 210.0, ""topwt"": 3376.54052734375, ""grnwt"": 191.4531517028809, ""xlai"": 0.5589076280593872, ""totir"": 40.0, ""tofer"": NaN, ""swfac"": 0.0, ""nstres"": 0.266106367111206}",0.0,0.266106367111206,3376.54052734375,191.4531517028809,0.5589076280593872,40.0,,0.0,0.0,40.0,0.0,8.649945068359376,24.649945068359376,Leave_One_experiments/all_year_offline_schedule_search/daily_outputs/SYA/SYA_2014_SYA2014_stress_grid_S0008_daily.csv
SYA,SYA,Shenyang,2014,Leave_One_experiments\wth_generated_qc\SYA\SYA2014.WTH,normal_year;water_stress_year;nitrogen_stress_year,water_stress,SYA2014_stress_grid_S0008,pareto_balanced,2014-07-30,211,106,101,"{""sim_day"": 106.0, ""doy"": 211.0, ""topwt"": 3467.7789306640625, ""grnwt"": 268.5004425048828, ""xlai"": 0.5435198545455933, ""totir"": 40.0, ""tofer"": NaN, ""swfac"": 0.0, ""nstres"": 0.2607662677764892}",0.0,0.2607662677764892,3467.7789306640625,268.5004425048828,0.5435198545455933,40.0,,0.0,0.0,40.0,0.0,8.649945068359376,24.649945068359376,Leave_One_experiments/all_year_offline_schedule_search/daily_outputs/SYA/SYA_2014_SYA2014_stress_grid_S0008_daily.csv
SYA,SYA,Shenyang,2014,Leave_One_experiments\wth_generated_qc\SYA\SYA2014.WTH,normal_year;water_stress_year;nitrogen_stress_year,water_stress,SYA2014_stress_grid_S0008,pareto_balanced,2014-07-31,212,107,102,"{""sim_day"": 107.0, ""doy"": 212.0, ""topwt"": 3536.6802978515625, ""grnwt"": 335.4352569580078, ""xlai"": 0.5286938548088074, ""totir"": 40.0, ""tofer"": NaN, ""swfac"": 0.0, ""nstres"": 0.2546687722206116}",0.0,0.2546687722206116,3536.6802978515625,335.4352569580078,0.5286938548088074,40.0,,0.0,0.0,40.0,0.0,8.649945068359376,24.649945068359376,Leave_One_experiments/all_year_offline_schedule_search/daily_outputs/SYA/SYA_2014_SYA2014_stress_grid_S0008_daily.csv
SYA,SYA,Shenyang,2014,Leave_One_experiments\wth_generated_qc\SYA\SYA2014.WTH,normal_year;water_stress_year;nitrogen_stress_year,water_stress,SYA2014_stress_grid_S0008,pareto_balanced,2014-08-01,213,108,103,"{""sim_day"": 108.0, ""doy"": 213.0, ""topwt"": 3603.615112304688, ""grnwt"": 402.3700714111328, ""xlai"": 0.5143027305603027, ""totir"": 40.0, ""tofer"": NaN, ""swfac"": 0.0, ""nstres"": 0.2532821297645569}",0.0,0.2532821297645569,3603.615112304688,402.3700714111328,0.5143027305603027,40.0,,0.0,0.0,40.0,0.0,8.649945068359376,24.649945068359376,Leave_One_experiments/all_year_offline_schedule_search/daily_outputs/SYA/SYA_2014_SYA2014_stress_grid_S0008_daily.csv
SYA,SYA,Shenyang,2014,Leave_One_experiments\wth_generated_qc\SYA\SYA2014.WTH,normal_year;water_stress_year;nitrogen_stress_year,water_stress,SYA2014_stress_grid_S0008,pareto_balanced,2014-08-02,214,109,104,"{""sim_day"": 109.0, ""doy"": 214.0, ""topwt"": 3677.7731323242183, ""grnwt"": 476.52809143066406, ""xlai"": 0.5004177093505859, ""totir"": 40.0, ""tofer"": NaN, ""swfac"": 0.0, ""nstres"": 0.247945487499237}",0.0,0.247945487499237,3677.7731323242183,476.52809143066406,0.5004177093505859,40.0,,0.0,0.0,40.0,0.0,8.649945068359376,24.649945068359376,Leave_One_experiments/all_year_offline_schedule_search/daily_outputs/SYA/SYA_2014_SYA2014_stress_grid_S0008_daily.csv
SYA,SYA,Shenyang,2014,Leave_One_experiments\wth_generated_qc\SYA\SYA2014.WTH,normal_year;water_stress_year;nitrogen_stress_year,water_stress,SYA2014_stress_grid_S0008,pareto_balanced,2014-08-03,215,110,105,"{""sim_day"": 110.0, ""doy"": 215.0, ""topwt"": 3754.820556640625, ""grnwt"": 553.5754013061523, ""xlai"": 0.4869464635848999, ""totir"": 40.0, ""tofer"": NaN, ""swfac"": 0.0, ""nstres"": 0.2460784316062927}",0.0,0.2460784316062927,3754.820556640625,553.5754013061523,0.4869464635848999,40.0,,0.0,0.0,40.0,0.0,8.649945068359376,24.649945068359376,Leave_One_experiments/all_year_offline_schedule_search/daily_outputs/SYA/SYA_2014_SYA2014_stress_grid_S0008_daily.csv
SYA,SYA,Shenyang,2014,Leave_One_experiments\wth_generated_qc\SYA\SYA2014.WTH,normal_year;water_stress_year;nitrogen_stress_year,water_stress,SYA2014_stress_grid_S0008,pareto_balanced,2014-08-04,216,111,106,"{""sim_day"": 111.0, ""doy"": 216.0, ""topwt"": 3831.8679809570312, ""grnwt"": 630.622673034668, ""xlai"": 0.4738216698169708, ""totir"": 40.0, ""tofer"": NaN, ""swfac"": 0.0, ""nstres"": 0.2468791604042053}",0.0,0.2468791604042053,3831.8679809570312,630.622673034668,0.4738216698169708,40.0,,0.0,0.0,40.0,0.0,8.649945068359376,24.649945068359376,Leave_One_experiments/all_year_offline_schedule_search/daily_outputs/SYA/SYA_2014_SYA2014_stress_grid_S0008_daily.csv
SYA,SYA,Shenyang,2014,Leave_One_experiments\wth_generated_qc\SYA\SYA2014.WTH,normal_year;water_stress_year;nitrogen_stress_year,water_stress,SYA2014_stress_grid_S0008,pareto_balanced,2014-08-05,217,112,107,"{""sim_day"": 112.0, ""doy"": 217.0, ""topwt"": 3908.914794921875, ""grnwt"": 707.6699829101562, ""xlai"": 0.4610541462898254, ""totir"": 40.0, ""tofer"": NaN, ""swfac"": 0.0, ""nstres"": 0.2466998100280761}",0.0,0.2466998100280761,3908.914794921875,707.6699829101562,0.4610541462898254,40.0,,0.0,0.0,40.0,0.0,8.649945068359376,24.649945068359376,Leave_One_experiments/all_year_offline_schedule_search/daily_outputs/SYA/SYA_2014_SYA2014_stress_grid_S0008_daily.csv
SYA,SYA,Shenyang,2014,Leave_One_experiments\wth_generated_qc\SYA\SYA2014.WTH,normal_year;water_stress_year;nitrogen_stress_year,water_stress,SYA2014_stress_grid_S0008,pareto_balanced,2014-08-06,218,113,108,"{""sim_day"": 113.0, ""doy"": 218.0, ""topwt"": 3985.962219238281, ""grnwt"": 784.7172546386719, ""xlai"": 0.4485893547534942, ""totir"": 40.0, ""tofer"": NaN, ""swfac"": 0.0, ""nstres"": 0.2488524317741394}",0.0,0.2488524317741394,3985.962219238281,784.7172546386719,0.4485893547534942,40.0,,0.0,0.0,40.0,0.0,8.649945068359376,24.649945068359376,Leave_One_experiments/all_year_offline_schedule_search/daily_outputs/SYA/SYA_2014_SYA2014_stress_grid_S0008_daily.csv
SYA,SYA,Shenyang,2014,Leave_One_experiments\wth_generated_qc\SYA\SYA2014.WTH,normal_year;water_stress_year;nitrogen_stress_year,water_stress,SYA2014_stress_grid_S0008,pareto_balanced,2014-08-07,219,114,109,"{""sim_day"": 114.0, ""doy"": 219.0, ""topwt"": 4063.009643554688, ""grnwt"": 861.7644500732422, ""xlai"": 0.4364058971405029, ""totir"": 40.0, ""tofer"": NaN, ""swfac"": 0.0, ""nstres"": 0.2518259882926941}",0.0,0.2518259882926941,4063.009643554688,861.7644500732422,0.4364058971405029,40.0,,0.0,0.0,40.0,0.0,8.649945068359376,24.649945068359376,Leave_One_experiments/all_year_offline_schedule_search/daily_outputs/SYA/SYA_2014_SYA2014_stress_grid_S0008_daily.csv
SYA,SYA,Shenyang,2014,Leave_One_experiments\wth_generated_qc\SYA\SYA2014.WTH,normal_year;water_stress_year;nitrogen_stress_year,water_stress,SYA2014_stress_grid_S0008,pareto_balanced,2014-08-08,220,115,110,"{""sim_day"": 115.0, ""doy"": 220.0, ""topwt"": 4140.057067871094, ""grnwt"": 938.8117218017578, ""xlai"": 0.424490213394165, ""totir"": 40.0, ""tofer"": NaN, ""swfac"": 0.0, ""nstres"": 0.2552984952926636}",0.0,0.2552984952926636,4140.057067871094,938.8117218017578,0.424490213394165,40.0,,0.0,0.0,40.0,0.0,8.649945068359376,24.649945068359376,Leave_One_experiments/all_year_offline_schedule_search/daily_outputs/SYA/SYA_2014_SYA2014_stress_grid_S0008_daily.csv
SYA,SYA,Shenyang,2014,Leave_One_experiments\wth_generated_qc\SYA\SYA2014.WTH,normal_year;water_stress_year;nitrogen_stress_year,water_stress,SYA2014_stress_grid_S0008,pareto_balanced,2014-08-09,221,116,111,"{""sim_day"": 116.0, ""doy"": 221.0, ""topwt"": 4217.104187011719, ""grnwt"": 1015.8589935302734, ""xlai"": 0.4128195643424988, ""totir"": 40.0, ""tofer"": NaN, ""swfac"": 0.0, ""nstres"": 0.2598384022712707}",0.0,0.2598384022712707,4217.104187011719,1015.8589935302734,0.4128195643424988,40.0,,0.0,0.0,40.0,0.0,8.649945068359376,24.649945068359376,Leave_One_experiments/all_year_offline_schedule_search/daily_outputs/SYA/SYA_2014_SYA2014_stress_grid_S0008_daily.csv
SYA,SYA,Shenyang,2014,Leave_One_experiments\wth_generated_qc\SYA\SYA2014.WTH,normal_year;water_stress_year;nitrogen_stress_year,water_stress,SYA2014_stress_grid_S0008,pareto_balanced,2014-08-10,222,117,112,"{""sim_day"": 117.0, ""doy"": 222.0, ""topwt"": 4285.952758789063, ""grnwt"": 1092.906265258789, ""xlai"": 0.4013956785202026, ""totir"": 40.0, ""tofer"": NaN, ""swfac"": 0.0, ""nstres"": 0.2641445994377136}",0.0,0.2641445994377136,4285.952758789063,1092.906265258789,0.4013956785202026,40.0,,0.0,0.0,40.0,0.0,8.649945068359376,24.649945068359376,Leave_One_experiments/all_year_offline_schedule_search/daily_outputs/SYA/SYA_2014_SYA2014_stress_grid_S0008_daily.csv
SYA,SYA,Shenyang,2014,Leave_One_experiments\wth_generated_qc\SYA\SYA2014.WTH,normal_year;water_stress_year;nitrogen_stress_year,water_stress,SYA2014_stress_grid_S0008,pareto_balanced,2014-08-11,223,118,113,"{""sim_day"": 118.0, ""doy"": 223.0, ""topwt"": 4371.199035644531, ""grnwt"": 1169.9534606933594, ""xlai"": 0.3902073800563812, ""totir"": 40.0, ""tofer"": NaN, ""swfac"": 0.0, ""nstres"": 0.2689610123634338}",0.0,0.2689610123634338,4371.199035644531,1169.9534606933594,0.3902073800563812,40.0,,0.0,0.0,40.0,0.0,8.649945068359376,24.649945068359376,Leave_One_experiments/all_year_offline_schedule_search/daily_outputs/SYA/SYA_2014_SYA2014_stress_grid_S0008_daily.csv
SYA,SYA,Shenyang,2014,Leave_One_experiments\wth_generated_qc\SYA\SYA2014.WTH,normal_year;water_stress_year;nitrogen_stress_year,water_stress,SYA2014_stress_grid_S0008,pareto_balanced,2014-08-12,224,119,114,"{""sim_day"": 119.0, ""doy"": 224.0, ""topwt"": 4448.246154785156, ""grnwt"": 1247.000732421875, ""xlai"": 0.3792888224124908, ""totir"": 40.0, ""tofer"": NaN, ""swfac"": 0.0, ""nstres"": 0.2715514302253723}",0.0,0.2715514302253723,4448.246154785156,1247.000732421875,0.3792888224124908,40.0,,0.0,0.0,40.0,0.0,8.649945068359376,24.649945068359376,Leave_One_experiments/all_year_offline_schedule_search/daily_outputs/SYA/SYA_2014_SYA2014_stress_grid_S0008_daily.csv
SYA,SYA,Shenyang,2014,Leave_One_experiments\wth_generated_qc\SYA\SYA2014.WTH,normal_year;water_stress_year;nitrogen_stress_year,water_stress,SYA2014_stress_grid_S0008,pareto_balanced,2014-08-13,225,120,115,"{""sim_day"": 120.0, ""doy"": 225.0, ""topwt"": 4499.303283691406, ""grnwt"": 1324.0480041503906, ""xlai"": 0.368526428937912, ""totir"": 40.0, ""tofer"": NaN, ""swfac"": 0.0, ""nstres"": 0.2810056805610657}",0.0,0.2810056805610657,4499.303283691406,1324.0480041503906,0.368526428937912,40.0,,0.0,0.0,40.0,0.0,8.649945068359376,24.649945068359376,Leave_One_experiments/all_year_offline_schedule_search/daily_outputs/SYA/SYA_2014_SYA2014_stress_grid_S0008_daily.csv
SYA,SYA,Shenyang,2014,Leave_One_experiments\wth_generated_qc\SYA\SYA2014.WTH,normal_year;water_stress_year;nitrogen_stress_year,water_stress,SYA2014_stress_grid_S0008,pareto_balanced,2014-08-14,226,121,116,"{""sim_day"": 121.0, ""doy"": 226.0, ""topwt"": 4565.171203613281, ""grnwt"": 1401.0952758789062, ""xlai"": 0.3579820096492767, ""totir"": 40.0, ""tofer"": NaN, ""swfac"": 0.0, ""nstres"": 0.2866967320442199}",0.0,0.2866967320442199,4565.171203613281,1401.0952758789062,0.3579820096492767,40.0,,0.0,0.0,40.0,0.0,8.649945068359376,24.649945068359376,Leave_One_experiments/all_year_offline_schedule_search/daily_outputs/SYA/SYA_2014_SYA2014_stress_grid_S0008_daily.csv
SYA,SYA,Shenyang,2014,Leave_One_experiments\wth_generated_qc\SYA\SYA2014.WTH,normal_year;water_stress_year;nitrogen_stress_year,water_stress,SYA2014_stress_grid_S0008,pareto_balanced,2014-08-15,227,122,117,"{""sim_day"": 122.0, ""doy"": 227.0, ""topwt"": 4642.908630371094, ""grnwt"": 1478.142547607422, ""xlai"": 0.3478209674358368, ""totir"": 40.0, ""tofer"": NaN, ""swfac"": 0.0, ""nstres"": 0.2812195420265198}",0.0,0.2812195420265198,4642.908630371094,1478.142547607422,0.3478209674358368,40.0,,0.0,0.0,40.0,0.0,8.649945068359376,24.649945068359376,Leave_One_experiments/all_year_offline_schedule_search/daily_outputs/SYA/SYA_2014_SYA2014_stress_grid_S0008_daily.csv
SYA,SYA,Shenyang,2014,Leave_One_experiments\wth_generated_qc\SYA\SYA2014.WTH,normal_year;water_stress_year;nitrogen_stress_year,water_stress,SYA2014_stress_grid_S0008,pareto_balanced,2014-08-16,228,123,118,"{""sim_day"": 123.0, ""doy"": 228.0, ""topwt"": 4692.14599609375, ""grnwt"": 1555.1898193359375, ""xlai"": 0.3379183709621429, ""totir"": 40.0, ""tofer"": NaN, ""swfac"": 0.0, ""nstres"": 0.2832876443862915}",0.0,0.2832876443862915,4692.14599609375,1555.1898193359375,0.3379183709621429,40.0,,0.0,0.0,40.0,0.0,8.649945068359376,24.649945068359376,Leave_One_experiments/all_year_offline_schedule_search/daily_outputs/SYA/SYA_2014_SYA2014_stress_grid_S0008_daily.csv
SYA,SYA,Shenyang,2014,Leave_One_experiments\wth_generated_qc\SYA\SYA2014.WTH,normal_year;water_stress_year;nitrogen_stress_year,water_stress,SYA2014_stress_grid_S0008,pareto_balanced,2014-08-17,229,124,119,"{""sim_day"": 124.0, ""doy"": 229.0, ""topwt"": 4735.236206054688, ""grnwt"": 1632.2370910644531, ""xlai"": 0.3281644582748413, ""totir"": 40.0, ""tofer"": NaN, ""swfac"": 0.0, ""nstres"": 0.2927554845809936}",0.0,0.2927554845809936,4735.236206054688,1632.2370910644531,0.3281644582748413,40.0,,0.0,0.0,40.0,0.0,8.649945068359376,24.649945068359376,Leave_One_experiments/all_year_offline_schedule_search/daily_outputs/SYA/SYA_2014_SYA2014_stress_grid_S0008_daily.csv
SYA,SYA,Shenyang,2014,Leave_One_experiments\wth_generated_qc\SYA\SYA2014.WTH,normal_year;water_stress_year;nitrogen_stress_year,water_stress,SYA2014_stress_grid_S0008,pareto_balanced,2014-08-18,230,125,120,"{""sim_day"": 125.0, ""doy"": 230.0, ""topwt"": 4802.213134765625, ""grnwt"": 1709.2845153808594, ""xlai"": 0.3187367022037506, ""totir"": 40.0, ""tofer"": NaN, ""swfac"": 0.0, ""nstres"": 0.2894880175590515}",0.0,0.2894880175590515,4802.213134765625,1709.2845153808594,0.3187367022037506,40.0,,0.0,0.0,40.0,0.0,8.649945068359376,24.649945068359376,Leave_One_experiments/all_year_offline_schedule_search/daily_outputs/SYA/SYA_2014_SYA2014_stress_grid_S0008_daily.csv
SYA,SYA,Shenyang,2014,Leave_One_experiments\wth_generated_qc\SYA\SYA2014.WTH,normal_year;water_stress_year;nitrogen_stress_year,water_stress,SYA2014_stress_grid_S0008,pareto_balanced,2014-08-19,231,126,121,"{""sim_day"": 126.0, ""doy"": 231.0, ""topwt"": 4870.9088134765625, ""grnwt"": 1786.331787109375, ""xlai"": 0.3096636533737182, ""totir"": 40.0, ""tofer"": NaN, ""swfac"": 0.0, ""nstres"": 0.2831798791885376}",0.0,0.2831798791885376,4870.9088134765625,1786.331787109375,0.3096636533737182,40.0,,0.0,0.0,40.0,0.0,8.649945068359376,24.649945068359376,Leave_One_experiments/all_year_offline_schedule_search/daily_outputs/SYA/SYA_2014_SYA2014_stress_grid_S0008_daily.csv
SYA,SYA,Shenyang,2014,Leave_One_experiments\wth_generated_qc\SYA\SYA2014.WTH,normal_year;water_stress_year;nitrogen_stress_year,water_stress,SYA2014_stress_grid_S0008,pareto_balanced,2014-08-20,232,127,122,"{""sim_day"": 127.0, ""doy"": 232.0, ""topwt"": 4905.775451660156, ""grnwt"": 1863.3792114257808, ""xlai"": 0.3007684648036957, ""totir"": 40.0, ""tofer"": NaN, ""swfac"": 0.0, ""nstres"": 0.2894088625907898}",0.0,0.2894088625907898,4905.775451660156,1863.3792114257808,0.3007684648036957,40.0,,0.0,0.0,40.0,0.0,8.649945068359376,24.649945068359376,Leave_One_experiments/all_year_offline_schedule_search/daily_outputs/SYA/SYA_2014_SYA2014_stress_grid_S0008_daily.csv
SYA,SYA,Shenyang,2014,Leave_One_experiments\wth_generated_qc\SYA\SYA2014.WTH,normal_year;water_stress_year;nitrogen_stress_year,water_stress,SYA2014_stress_grid_S0008,pareto_balanced,2014-08-21,233,128,123,"{""sim_day"": 128.0, ""doy"": 233.0, ""topwt"": 4956.388549804688, ""grnwt"": 1940.4264831542969, ""xlai"": 0.2921209037303924, ""totir"": 40.0, ""tofer"": NaN, ""swfac"": 0.0, ""nstres"": 0.2900370359420776}",0.0,0.2900370359420776,4956.388549804688,1940.4264831542969,0.2921209037303924,40.0,,0.0,0.0,40.0,0.0,8.649945068359376,24.649945068359376,Leave_One_experiments/all_year_offline_schedule_search/daily_outputs/SYA/SYA_2014_SYA2014_stress_grid_S0008_daily.csv
SYA,SYA,Shenyang,2014,Leave_One_experiments\wth_generated_qc\SYA\SYA2014.WTH,normal_year;water_stress_year;nitrogen_stress_year,water_stress,SYA2014_stress_grid_S0008,pareto_balanced,2014-08-22,234,129,124,"{""sim_day"": 129.0, ""doy"": 234.0, ""topwt"": 4983.262939453125, ""grnwt"": 2017.4737548828125, ""xlai"": 0.283879280090332, ""totir"": 40.0, ""tofer"": NaN, ""swfac"": 0.0, ""nstres"": 0.2771143317222595}",0.0,0.2771143317222595,4983.262939453125,2017.4737548828125,0.283879280090332,40.0,,0.0,0.0,40.0,0.0,8.649945068359376,24.649945068359376,Leave_One_experiments/all_year_offline_schedule_search/daily_outputs/SYA/SYA_2014_SYA2014_stress_grid_S0008_daily.csv
SYA,SYA,Shenyang,2014,Leave_One_experiments\wth_generated_qc\SYA\SYA2014.WTH,normal_year;water_stress_year;nitrogen_stress_year,water_stress,SYA2014_stress_grid_S0008,pareto_balanced,2014-08-23,235,130,125,"{""sim_day"": 130.0, ""doy"": 235.0, ""topwt"": 5020.317077636719, ""grnwt"": 2094.5211791992188, ""xlai"": 0.2759198546409607, ""totir"": 40.0, ""tofer"": NaN, ""swfac"": 0.0, ""nstres"": 0.2729167938232422}",0.0,0.2729167938232422,5020.317077636719,2094.5211791992188,0.2759198546409607,40.0,,0.0,0.0,40.0,0.0,8.649945068359376,24.649945068359376,Leave_One_experiments/all_year_offline_schedule_search/daily_outputs/SYA/SYA_2014_SYA2014_stress_grid_S0008_daily.csv
SYA,SYA,Shenyang,2014,Leave_One_experiments\wth_generated_qc\SYA\SYA2014.WTH,normal_year;water_stress_year;nitrogen_stress_year,water_stress,SYA2014_stress_grid_S0008,pareto_balanced,2014-08-24,236,131,126,"{""sim_day"": 131.0, ""doy"": 236.0, ""topwt"": 5041.321716308594, ""grnwt"": 2171.5684509277344, ""xlai"": 0.2683488726615906, ""totir"": 40.0, ""tofer"": NaN, ""swfac"": 0.0, ""nstres"": 0.2585411667823791}",0.0,0.2585411667823791,5041.321716308594,2171.5684509277344,0.2683488726615906,40.0,,0.0,0.0,40.0,0.0,8.649945068359376,24.649945068359376,Leave_One_experiments/all_year_offline_schedule_search/daily_outputs/SYA/SYA_2014_SYA2014_stress_grid_S0008_daily.csv
SYA,SYA,Shenyang,2014,Leave_One_experiments\wth_generated_qc\SYA\SYA2014.WTH,normal_year;water_stress_year;nitrogen_stress_year,water_stress,SYA2014_stress_grid_S0008,pareto_balanced,2014-08-25,237,132,127,"{""sim_day"": 132.0, ""doy"": 237.0, ""topwt"": 5106.4239501953125, ""grnwt"": 2248.6158752441406, ""xlai"": 0.2610585689544678, ""totir"": 40.0, ""tofer"": NaN, ""swfac"": 0.0, ""nstres"": 0.2520169019699096}",0.0,0.2520169019699096,5106.4239501953125,2248.6158752441406,0.2610585689544678,40.0,,0.0,0.0,40.0,0.0,8.649945068359376,24.649945068359376,Leave_One_experiments/all_year_offline_schedule_search/daily_outputs/SYA/SYA_2014_SYA2014_stress_grid_S0008_daily.csv
SYA,SYA,Shenyang,2014,Leave_One_experiments\wth_generated_qc\SYA\SYA2014.WTH,normal_year;water_stress_year;nitrogen_stress_year,water_stress,SYA2014_stress_grid_S0008,pareto_balanced,2014-08-26,238,133,128,"{""sim_day"": 133.0, ""doy"": 238.0, ""topwt"": 5168.3770751953125, ""grnwt"": 2325.663146972656, ""xlai"": 0.2541295289993286, ""totir"": 40.0, ""tofer"": NaN, ""swfac"": 0.0, ""nstres"": 0.2370077967643737}",0.0,0.2370077967643737,5168.3770751953125,2325.663146972656,0.2541295289993286,40.0,,0.0,0.0,40.0,0.0,8.649945068359376,24.649945068359376,Leave_One_experiments/all_year_offline_schedule_search/daily_outputs/SYA/SYA_2014_SYA2014_stress_grid_S0008_daily.csv
SYA,SYA,Shenyang,2014,Leave_One_experiments\wth_generated_qc\SYA\SYA2014.WTH,normal_year;water_stress_year;nitrogen_stress_year,water_stress,SYA2014_stress_grid_S0008,pareto_balanced,2014-08-27,239,134,129,"{""sim_day"": 134.0, ""doy"": 239.0, ""topwt"": 5215.93505859375, ""grnwt"": 2402.7105712890625, ""xlai"": 0.2472497075796127, ""totir"": 40.0, ""tofer"": NaN, ""swfac"": 0.0, ""nstres"": 0.2497290968894958}",0.0,0.2497290968894958,5215.93505859375,2402.7105712890625,0.2472497075796127,40.0,,0.0,0.0,40.0,0.0,8.649945068359376,24.649945068359376,Leave_One_experiments/all_year_offline_schedule_search/daily_outputs/SYA/SYA_2014_SYA2014_stress_grid_S0008_daily.csv
SYA,SYA,Shenyang,2014,Leave_One_experiments\wth_generated_qc\SYA\SYA2014.WTH,normal_year;water_stress_year;nitrogen_stress_year,water_stress,SYA2014_stress_grid_S0008,pareto_balanced,2014-08-28,240,135,130,"{""sim_day"": 135.0, ""doy"": 240.0, ""topwt"": 5262.9339599609375, ""grnwt"": 2479.757843017578, ""xlai"": 0.2404424995183944, ""totir"": 40.0, ""tofer"": NaN, ""swfac"": 0.0, ""nstres"": 0.2607608437538147}",0.0,0.2607608437538147,5262.9339599609375,2479.757843017578,0.2404424995183944,40.0,,0.0,0.0,40.0,0.0,8.649945068359376,24.649945068359376,Leave_One_experiments/all_year_offline_schedule_search/daily_outputs/SYA/SYA_2014_SYA2014_stress_grid_S0008_daily.csv
SYA,SYA,Shenyang,2014,Leave_One_experiments\wth_generated_qc\SYA\SYA2014.WTH,normal_year;water_stress_year;nitrogen_stress_year,water_stress,SYA2014_stress_grid_S0008,pareto_balanced,2014-08-29,241,136,131,"{""sim_day"": 136.0, ""doy"": 241.0, ""topwt"": 5319.0423583984375, ""grnwt"": 2556.8051147460938, ""xlai"": 0.233811542391777, ""totir"": 40.0, ""tofer"": NaN, ""swfac"": 0.0, ""nstres"": 0.2618745565414428}",0.0,0.2618745565414428,5319.0423583984375,2556.8051147460938,0.233811542391777,40.0,,0.0,0.0,40.0,0.0,8.649945068359376,24.649945068359376,Leave_One_experiments/all_year_offline_schedule_search/daily_outputs/SYA/SYA_2014_SYA2014_stress_grid_S0008_daily.csv
SYA,SYA,Shenyang,2014,Leave_One_experiments\wth_generated_qc\SYA\SYA2014.WTH,normal_year;water_stress_year;nitrogen_stress_year,water_stress,SYA2014_stress_grid_S0008,pareto_balanced,2014-08-30,242,137,132,"{""sim_day"": 137.0, ""doy"": 242.0, ""topwt"": 5363.169555664063, ""grnwt"": 2633.8525390625, ""xlai"": 0.2273687124252319, ""totir"": 40.0, ""tofer"": NaN, ""swfac"": 0.0, ""nstres"": 0.2613325715065002}",0.0,0.2613325715065002,5363.169555664063,2633.8525390625,0.2273687124252319,40.0,,0.0,0.0,40.0,0.0,8.649945068359376,24.649945068359376,Leave_One_experiments/all_year_offline_schedule_search/daily_outputs/SYA/SYA_2014_SYA2014_stress_grid_S0008_daily.csv
SYA,SYA,Shenyang,2014,Leave_One_experiments\wth_generated_qc\SYA\SYA2014.WTH,normal_year;water_stress_year;nitrogen_stress_year,water_stress,SYA2014_stress_grid_S0008,pareto_balanced,2014-08-31,243,138,133,"{""sim_day"": 138.0, ""doy"": 243.0, ""topwt"": 5410.9759521484375, ""grnwt"": 2710.8999633789062, ""xlai"": 0.2210672348737716, ""totir"": 40.0, ""tofer"": NaN, ""swfac"": 0.0, ""nstres"": 0.2651578783988952}",0.0,0.2651578783988952,5410.9759521484375,2710.8999633789062,0.2210672348737716,40.0,,0.0,0.0,40.0,0.0,8.649945068359376,24.649945068359376,Leave_One_experiments/all_year_offline_schedule_search/daily_outputs/SYA/SYA_2014_SYA2014_stress_grid_S0008_daily.csv
SYA,SYA,Shenyang,2014,Leave_One_experiments\wth_generated_qc\SYA\SYA2014.WTH,normal_year;water_stress_year;nitrogen_stress_year,water_stress,SYA2014_stress_grid_S0008,pareto_balanced,2014-09-01,244,139,134,"{""sim_day"": 139.0, ""doy"": 244.0, ""topwt"": 5447.08740234375, ""grnwt"": 2787.9470825195312, ""xlai"": 0.2149858623743057, ""totir"": 40.0, ""tofer"": NaN, ""swfac"": 0.0, ""nstres"": 0.260215163230896}",0.0,0.260215163230896,5447.08740234375,2787.9470825195312,0.2149858623743057,40.0,,0.0,0.0,40.0,0.0,8.649945068359376,24.649945068359376,Leave_One_experiments/all_year_offline_schedule_search/daily_outputs/SYA/SYA_2014_SYA2014_stress_grid_S0008_daily.csv
SYA,SYA,Shenyang,2014,Leave_One_experiments\wth_generated_qc\SYA\SYA2014.WTH,normal_year;water_stress_year;nitrogen_stress_year,water_stress,SYA2014_stress_grid_S0008,pareto_balanced,2014-09-02,245,140,135,"{""sim_day"": 140.0, ""doy"": 245.0, ""topwt"": 5481.004638671875, ""grnwt"": 2864.994506835937, ""xlai"": 0.2090457677841186, ""totir"": 40.0, ""tofer"": NaN, ""swfac"": 0.0, ""nstres"": 0.2631230354309082}",0.0,0.2631230354309082,5481.004638671875,2864.994506835937,0.2090457677841186,40.0,,0.0,0.0,40.0,0.0,8.649945068359376,24.649945068359376,Leave_One_experiments/all_year_offline_schedule_search/daily_outputs/SYA/SYA_2014_SYA2014_stress_grid_S0008_daily.csv
SYA,SYA,Shenyang,2014,Leave_One_experiments\wth_generated_qc\SYA\SYA2014.WTH,normal_year;water_stress_year;nitrogen_stress_year,water_stress,SYA2014_stress_grid_S0008,pareto_balanced,2014-09-03,246,141,136,"{""sim_day"": 141.0, ""doy"": 246.0, ""topwt"": 5481.004638671875, ""grnwt"": 2864.994506835937, ""xlai"": 0.2090457677841186, ""totir"": 40.0, ""tofer"": NaN, ""swfac"": 0.0, ""nstres"": 0.2570687532424927}",0.0,0.2570687532424927,5481.004638671875,2864.994506835937,0.2090457677841186,40.0,,0.0,0.0,40.0,0.0,8.649945068359376,24.649945068359376,Leave_One_experiments/all_year_offline_schedule_search/daily_outputs/SYA/SYA_2014_SYA2014_stress_grid_S0008_daily.csv
SYA,SYA,Shenyang,2014,Leave_One_experiments\wth_generated_qc\SYA\SYA2014.WTH,normal_year;water_stress_year;nitrogen_stress_year,water_stress,SYA2014_stress_grid_S0008,pareto_balanced,2014-09-04,247,142,137,"{""sim_day"": 142.0, ""doy"": 247.0, ""topwt"": 5481.004638671875, ""grnwt"": 2864.994506835937, ""xlai"": 0.2090457677841186, ""totir"": 40.0, ""tofer"": NaN, ""swfac"": 0.0, ""nstres"": 0.2570687532424927}",0.0,0.2570687532424927,5481.004638671875,2864.994506835937,0.2090457677841186,40.0,,0.0,0.0,40.0,0.0,8.649945068359376,24.649945068359376,Leave_One_experiments/all_year_offline_schedule_search/daily_outputs/SYA/SYA_2014_SYA2014_stress_grid_S0008_daily.csv
SYA,SYA,Shenyang,2014,Leave_One_experiments\wth_generated_qc\SYA\SYA2014.WTH,normal_year;water_stress_year;nitrogen_stress_year,water_stress,SYA2014_stress_grid_S0008,pareto_balanced,2014-09-05,248,143,138,"{""sim_day"": 143.0, ""doy"": 248.0, ""topwt"": 5481.004638671875, ""grnwt"": 2864.994506835937, ""xlai"": 0.2090457677841186, ""totir"": 40.0, ""tofer"": NaN, ""swfac"": 0.0, ""nstres"": 0.2570687532424927}",0.0,0.2570687532424927,5481.004638671875,2864.994506835937,0.2090457677841186,40.0,,0.0,0.0,40.0,0.0,8.649945068359376,24.649945068359376,Leave_One_experiments/all_year_offline_schedule_search/daily_outputs/SYA/SYA_2014_SYA2014_stress_grid_S0008_daily.csv
SYA,SYA,Shenyang,2014,Leave_One_experiments\wth_generated_qc\SYA\SYA2014.WTH,normal_year;water_stress_year;nitrogen_stress_year,water_stress,SYA2014_stress_grid_S0008,pareto_balanced,2014-09-06,249,144,139,"{""sim_day"": 144.0, ""doy"": 249.0, ""topwt"": 5481.004638671875, ""grnwt"": 2864.994506835937, ""xlai"": 0.2090457677841186, ""totir"": 40.0, ""tofer"": NaN, ""swfac"": 0.0, ""nstres"": 0.2570687532424927}",0.0,0.2570687532424927,5481.004638671875,2864.994506835937,0.2090457677841186,40.0,,0.0,0.0,40.0,0.0,8.649945068359376,24.649945068359376,Leave_One_experiments/all_year_offline_schedule_search/daily_outputs/SYA/SYA_2014_SYA2014_stress_grid_S0008_daily.csv
SYA,SYA,Shenyang,2017,Leave_One_experiments\wth_generated_qc\SYA\SYA2017.WTH,dry_year;water_stress_year;nitrogen_stress_year;irrigation_responsive_year,irrigation_responsive,SYA2017_stress_grid_S0003,irrigation_positive_candidate,2017-04-21,111,1,1,"{""sim_day"": 1.0, ""doy"": 111.0, ""topwt"": 0.0, ""grnwt"": 0.0, ""xlai"": 0.0, ""totir"": 0.0, ""tofer"": NaN, ""swfac"": 0.0, ""nstres"": 0.0}",0.0,0.0,0.0,0.0,0.0,0.0,,0.0,0.0,20.0,0.0,14.075103759765623,22.075103759765625,Leave_One_experiments/all_year_offline_schedule_search/daily_outputs/SYA/SYA_2017_SYA2017_stress_grid_S0003_daily.csv
SYA,SYA,Shenyang,2017,Leave_One_experiments\wth_generated_qc\SYA\SYA2017.WTH,dry_year;water_stress_year;nitrogen_stress_year;irrigation_responsive_year,irrigation_responsive,SYA2017_stress_grid_S0003,irrigation_positive_candidate,2017-04-22,112,2,2,"{""sim_day"": 2.0, ""doy"": 112.0, ""topwt"": 0.0, ""grnwt"": 0.0, ""xlai"": 0.0, ""totir"": 0.0, ""tofer"": NaN, ""swfac"": 0.0, ""nstres"": 0.0}",0.0,0.0,0.0,0.0,0.0,0.0,,0.0,0.0,20.0,0.0,14.075103759765623,22.075103759765625,Leave_One_experiments/all_year_offline_schedule_search/daily_outputs/SYA/SYA_2017_SYA2017_stress_grid_S0003_daily.csv
SYA,SYA,Shenyang,2017,Leave_One_experiments\wth_generated_qc\SYA\SYA2017.WTH,dry_year;water_stress_year;nitrogen_stress_year;irrigation_responsive_year,irrigation_responsive,SYA2017_stress_grid_S0003,irrigation_positive_candidate,2017-04-23,113,3,3,"{""sim_day"": 3.0, ""doy"": 113.0, ""topwt"": 0.0, ""grnwt"": 0.0, ""xlai"": 0.0, ""totir"": 0.0, ""tofer"": NaN, ""swfac"": 0.0, ""nstres"": 0.0}",0.0,0.0,0.0,0.0,0.0,0.0,,0.0,0.0,20.0,0.0,14.075103759765623,22.075103759765625,Leave_One_experiments/all_year_offline_schedule_search/daily_outputs/SYA/SYA_2017_SYA2017_stress_grid_S0003_daily.csv
SYA,SYA,Shenyang,2017,Leave_One_experiments\wth_generated_qc\SYA\SYA2017.WTH,dry_year;water_stress_year;nitrogen_stress_year;irrigation_responsive_year,irrigation_responsive,SYA2017_stress_grid_S0003,irrigation_positive_candidate,2017-04-24,114,4,4,"{""sim_day"": 4.0, ""doy"": 114.0, ""topwt"": 0.0, ""grnwt"": 0.0, ""xlai"": 0.0, ""totir"": 0.0, ""tofer"": NaN, ""swfac"": 0.0, ""nstres"": 0.0}",0.0,0.0,0.0,0.0,0.0,0.0,,0.0,0.0,20.0,0.0,14.075103759765623,22.075103759765625,Leave_One_experiments/all_year_offline_schedule_search/daily_outputs/SYA/SYA_2017_SYA2017_stress_grid_S0003_daily.csv
SYA,SYA,Shenyang,2017,Leave_One_experiments\wth_generated_qc\SYA\SYA2017.WTH,dry_year;water_stress_year;nitrogen_stress_year;irrigation_responsive_year,irrigation_responsive,SYA2017_stress_grid_S0003,irrigation_positive_candidate,2017-04-25,115,5,5,"{""sim_day"": 5.0, ""doy"": 115.0, ""topwt"": 0.0, ""grnwt"": 0.0, ""xlai"": 0.0, ""totir"": 0.0, ""tofer"": NaN, ""swfac"": 0.0, ""nstres"": 0.0}",0.0,0.0,0.0,0.0,0.0,0.0,,0.0,0.0,20.0,0.0,14.075103759765623,22.075103759765625,Leave_One_experiments/all_year_offline_schedule_search/daily_outputs/SYA/SYA_2017_SYA2017_stress_grid_S0003_daily.csv
SYA,SYA,Shenyang,2017,Leave_One_experiments\wth_generated_qc\SYA\SYA2017.WTH,dry_year;water_stress_year;nitrogen_stress_year;irrigation_responsive_year,irrigation_responsive,SYA2017_stress_grid_S0003,irrigation_positive_candidate,2017-04-21,111,6,1,"{""sim_day"": 6.0, ""doy"": 111.0, ""topwt"": 0.0, ""grnwt"": 0.0, ""xlai"": 0.0, ""totir"": 0.0, ""tofer"": NaN, ""swfac"": 0.0, ""nstres"": 0.0}",0.0,0.0,0.0,0.0,0.0,0.0,,0.0,0.0,20.0,0.0,14.075103759765623,22.075103759765625,Leave_One_experiments/all_year_offline_schedule_search/daily_outputs/SYA/SYA_2017_SYA2017_stress_grid_S0003_daily.csv
SYA,SYA,Shenyang,2017,Leave_One_experiments\wth_generated_qc\SYA\SYA2017.WTH,dry_year;water_stress_year;nitrogen_stress_year;irrigation_responsive_year,irrigation_responsive,SYA2017_stress_grid_S0003,irrigation_positive_candidate,2017-04-22,112,7,2,"{""sim_day"": 7.0, ""doy"": 112.0, ""topwt"": 0.0, ""grnwt"": 0.0, ""xlai"": 0.0, ""totir"": 0.0, ""tofer"": NaN, ""swfac"": 0.0, ""nstres"": 0.0}",0.0,0.0,0.0,0.0,0.0,0.0,,0.0,0.0,20.0,0.0,14.075103759765623,22.075103759765625,Leave_One_experiments/all_year_offline_schedule_search/daily_outputs/SYA/SYA_2017_SYA2017_stress_grid_S0003_daily.csv
SYA,SYA,Shenyang,2017,Leave_One_experiments\wth_generated_qc\SYA\SYA2017.WTH,dry_year;water_stress_year;nitrogen_stress_year;irrigation_responsive_year,irrigation_responsive,SYA2017_stress_grid_S0003,irrigation_positive_candidate,2017-04-23,113,8,3,"{""sim_day"": 8.0, ""doy"": 113.0, ""topwt"": 0.0, ""grnwt"": 0.0, ""xlai"": 0.0, ""totir"": 0.0, ""tofer"": NaN, ""swfac"": 0.0, ""nstres"": 0.0}",0.0,0.0,0.0,0.0,0.0,0.0,,0.0,0.0,20.0,0.0,14.075103759765623,22.075103759765625,Leave_One_experiments/all_year_offline_schedule_search/daily_outputs/SYA/SYA_2017_SYA2017_stress_grid_S0003_daily.csv
SYA,SYA,Shenyang,2017,Leave_One_experiments\wth_generated_qc\SYA\SYA2017.WTH,dry_year;water_stress_year;nitrogen_stress_year;irrigation_responsive_year,irrigation_responsive,SYA2017_stress_grid_S0003,irrigation_positive_candidate,2017-04-24,114,9,4,"{""sim_day"": 9.0, ""doy"": 114.0, ""topwt"": 0.0, ""grnwt"": 0.0, ""xlai"": 0.0, ""totir"": 0.0, ""tofer"": NaN, ""swfac"": 0.0, ""nstres"": 0.0}",0.0,0.0,0.0,0.0,0.0,0.0,,0.0,0.0,20.0,0.0,14.075103759765623,22.075103759765625,Leave_One_experiments/all_year_offline_schedule_search/daily_outputs/SYA/SYA_2017_SYA2017_stress_grid_S0003_daily.csv
SYA,SYA,Shenyang,2017,Leave_One_experiments\wth_generated_qc\SYA\SYA2017.WTH,dry_year;water_stress_year;nitrogen_stress_year;irrigation_responsive_year,irrigation_responsive,SYA2017_stress_grid_S0003,irrigation_positive_candidate,2017-04-25,115,10,5,"{""sim_day"": 10.0, ""doy"": 115.0, ""topwt"": 0.0, ""grnwt"": 0.0, ""xlai"": 0.0, ""totir"": 0.0, ""tofer"": NaN, ""swfac"": 0.0, ""nstres"": 0.0}",0.0,0.0,0.0,0.0,0.0,0.0,,0.0,0.0,20.0,0.0,14.075103759765623,22.075103759765625,Leave_One_experiments/all_year_offline_schedule_search/daily_outputs/SYA/SYA_2017_SYA2017_stress_grid_S0003_daily.csv
SYA,SYA,Shenyang,2017,Leave_One_experiments\wth_generated_qc\SYA\SYA2017.WTH,dry_year;water_stress_year;nitrogen_stress_year;irrigation_responsive_year,irrigation_responsive,SYA2017_stress_grid_S0003,irrigation_positive_candidate,2017-04-26,116,11,6,"{""sim_day"": 11.0, ""doy"": 116.0, ""topwt"": 0.0, ""grnwt"": 0.0, ""xlai"": 0.0, ""totir"": 0.0, ""tofer"": NaN, ""swfac"": 0.0, ""nstres"": 0.0}",0.0,0.0,0.0,0.0,0.0,0.0,,0.0,0.0,20.0,0.0,14.075103759765623,22.075103759765625,Leave_One_experiments/all_year_offline_schedule_search/daily_outputs/SYA/SYA_2017_SYA2017_stress_grid_S0003_daily.csv
SYA,SYA,Shenyang,2017,Leave_One_experiments\wth_generated_qc\SYA\SYA2017.WTH,dry_year;water_stress_year;nitrogen_stress_year;irrigation_responsive_year,irrigation_responsive,SYA2017_stress_grid_S0003,irrigation_positive_candidate,2017-04-27,117,12,7,"{""sim_day"": 12.0, ""doy"": 117.0, ""topwt"": 0.0, ""grnwt"": 0.0, ""xlai"": 0.0, ""totir"": 0.0, ""tofer"": NaN, ""swfac"": 0.0, ""nstres"": 0.0}",0.0,0.0,0.0,0.0,0.0,0.0,,0.0,0.0,20.0,0.0,14.075103759765623,22.075103759765625,Leave_One_experiments/all_year_offline_schedule_search/daily_outputs/SYA/SYA_2017_SYA2017_stress_grid_S0003_daily.csv
SYA,SYA,Shenyang,2017,Leave_One_experiments\wth_generated_qc\SYA\SYA2017.WTH,dry_year;water_stress_year;nitrogen_stress_year;irrigation_responsive_year,irrigation_responsive,SYA2017_stress_grid_S0003,irrigation_positive_candidate,2017-04-28,118,13,8,"{""sim_day"": 13.0, ""doy"": 118.0, ""topwt"": 0.0, ""grnwt"": 0.0, ""xlai"": 0.0, ""totir"": 0.0, ""tofer"": NaN, ""swfac"": 0.0, ""nstres"": 0.0}",0.0,0.0,0.0,0.0,0.0,0.0,,0.0,0.0,20.0,0.0,14.075103759765623,22.075103759765625,Leave_One_experiments/all_year_offline_schedule_search/daily_outputs/SYA/SYA_2017_SYA2017_stress_grid_S0003_daily.csv
SYA,SYA,Shenyang,2017,Leave_One_experiments\wth_generated_qc\SYA\SYA2017.WTH,dry_year;water_stress_year;nitrogen_stress_year;irrigation_responsive_year,irrigation_responsive,SYA2017_stress_grid_S0003,irrigation_positive_candidate,2017-04-29,119,14,9,"{""sim_day"": 14.0, ""doy"": 119.0, ""topwt"": 0.0, ""grnwt"": 0.0, ""xlai"": 0.0, ""totir"": 0.0, ""tofer"": NaN, ""swfac"": 0.0, ""nstres"": 0.0}",0.0,0.0,0.0,0.0,0.0,0.0,,0.0,0.0,20.0,0.0,14.075103759765623,22.075103759765625,Leave_One_experiments/all_year_offline_schedule_search/daily_outputs/SYA/SYA_2017_SYA2017_stress_grid_S0003_daily.csv
SYA,SYA,Shenyang,2017,Leave_One_experiments\wth_generated_qc\SYA\SYA2017.WTH,dry_year;water_stress_year;nitrogen_stress_year;irrigation_responsive_year,irrigation_responsive,SYA2017_stress_grid_S0003,irrigation_positive_candidate,2017-04-30,120,15,10,"{""sim_day"": 15.0, ""doy"": 120.0, ""topwt"": 0.0, ""grnwt"": 0.0, ""xlai"": 0.0, ""totir"": 0.0, ""tofer"": NaN, ""swfac"": 0.0, ""nstres"": 0.0}",0.0,0.0,0.0,0.0,0.0,0.0,,0.0,0.0,20.0,0.0,14.075103759765623,22.075103759765625,Leave_One_experiments/all_year_offline_schedule_search/daily_outputs/SYA/SYA_2017_SYA2017_stress_grid_S0003_daily.csv
SYA,SYA,Shenyang,2017,Leave_One_experiments\wth_generated_qc\SYA\SYA2017.WTH,dry_year;water_stress_year;nitrogen_stress_year;irrigation_responsive_year,irrigation_responsive,SYA2017_stress_grid_S0003,irrigation_positive_candidate,2017-05-01,121,16,11,"{""sim_day"": 16.0, ""doy"": 121.0, ""topwt"": 17.600001096725464, ""grnwt"": 0.0, ""xlai"": 0.0017909093294292, ""totir"": 0.0, ""tofer"": NaN, ""swfac"": 0.0, ""nstres"": 0.0121910572052001}",0.0,0.0121910572052001,17.600001096725464,0.0,0.0017909093294292,0.0,,0.0,0.0,20.0,0.0,14.075103759765623,22.075103759765625,Leave_One_experiments/all_year_offline_schedule_search/daily_outputs/SYA/SYA_2017_SYA2017_stress_grid_S0003_daily.csv
SYA,SYA,Shenyang,2017,Leave_One_experiments\wth_generated_qc\SYA\SYA2017.WTH,dry_year;water_stress_year;nitrogen_stress_year;irrigation_responsive_year,irrigation_responsive,SYA2017_stress_grid_S0003,irrigation_positive_candidate,2017-05-02,122,17,12,"{""sim_day"": 17.0, ""doy"": 122.0, ""topwt"": 17.600001096725464, ""grnwt"": 0.0, ""xlai"": 0.003496044082567, ""totir"": 0.0, ""tofer"": NaN, ""swfac"": 0.0, ""nstres"": 0.0143770575523376}",0.0,0.0143770575523376,17.600001096725464,0.0,0.003496044082567,0.0,,0.0,0.0,20.0,0.0,14.075103759765623,22.075103759765625,Leave_One_experiments/all_year_offline_schedule_search/daily_outputs/SYA/SYA_2017_SYA2017_stress_grid_S0003_daily.csv
SYA,SYA,Shenyang,2017,Leave_One_experiments\wth_generated_qc\SYA\SYA2017.WTH,dry_year;water_stress_year;nitrogen_stress_year;irrigation_responsive_year,irrigation_responsive,SYA2017_stress_grid_S0003,irrigation_positive_candidate,2017-05-03,123,18,13,"{""sim_day"": 18.0, ""doy"": 123.0, ""topwt"": 17.600001096725464, ""grnwt"": 0.0, ""xlai"": 0.0046980665065348, ""totir"": 0.0, ""tofer"": NaN, ""swfac"": 0.0, ""nstres"": 0.0108940005302429}",0.0,0.0108940005302429,17.600001096725464,0.0,0.0046980665065348,0.0,,0.0,0.0,20.0,0.0,14.075103759765623,22.075103759765625,Leave_One_experiments/all_year_offline_schedule_search/daily_outputs/SYA/SYA_2017_SYA2017_stress_grid_S0003_daily.csv
SYA,SYA,Shenyang,2017,Leave_One_experiments\wth_generated_qc\SYA\SYA2017.WTH,dry_year;water_stress_year;nitrogen_stress_year;irrigation_responsive_year,irrigation_responsive,SYA2017_stress_grid_S0003,irrigation_positive_candidate,2017-05-04,124,19,14,"{""sim_day"": 19.0, ""doy"": 124.0, ""topwt"": 17.600001096725464, ""grnwt"": 0.0, ""xlai"": 0.0054182135500013, ""totir"": 0.0, ""tofer"": NaN, ""swfac"": 0.0, ""nstres"": 0.0088577270507812}",0.0,0.0088577270507812,17.600001096725464,0.0,0.0054182135500013,0.0,,0.0,0.0,20.0,0.0,14.075103759765623,22.075103759765625,Leave_One_experiments/all_year_offline_schedule_search/daily_outputs/SYA/SYA_2017_SYA2017_stress_grid_S0003_daily.csv
SYA,SYA,Shenyang,2017,Leave_One_experiments\wth_generated_qc\SYA\SYA2017.WTH,dry_year;water_stress_year;nitrogen_stress_year;irrigation_responsive_year,irrigation_responsive,SYA2017_stress_grid_S0003,irrigation_positive_candidate,2017-05-05,125,20,15,"{""sim_day"": 20.0, ""doy"": 125.0, ""topwt"": 17.600001096725464, ""grnwt"": 0.0, ""xlai"": 0.0061569614335894, ""totir"": 0.0, ""tofer"": NaN, ""swfac"": 0.0, ""nstres"": 0.0068429708480834}",0.0,0.0068429708480834,17.600001096725464,0.0,0.0061569614335894,0.0,,0.0,0.0,20.0,0.0,14.075103759765623,22.075103759765625,Leave_One_experiments/all_year_offline_schedule_search/daily_outputs/SYA/SYA_2017_SYA2017_stress_grid_S0003_daily.csv
SYA,SYA,Shenyang,2017,Leave_One_experiments\wth_generated_qc\SYA\SYA2017.WTH,dry_year;water_stress_year;nitrogen_stress_year;irrigation_responsive_year,irrigation_responsive,SYA2017_stress_grid_S0003,irrigation_positive_candidate,2017-05-06,126,21,16,"{""sim_day"": 21.0, ""doy"": 126.0, ""topwt"": 17.600001096725464, ""grnwt"": 0.0, ""xlai"": 0.0072945640422403, ""totir"": 0.0, ""tofer"": NaN, ""swfac"": 0.0, ""nstres"": 0.003618836402893}",0.0,0.003618836402893,17.600001096725464,0.0,0.0072945640422403,0.0,,0.0,0.0,20.0,0.0,14.075103759765623,22.075103759765625,Leave_One_experiments/all_year_offline_schedule_search/daily_outputs/SYA/SYA_2017_SYA2017_stress_grid_S0003_daily.csv
SYA,SYA,Shenyang,2017,Leave_One_experiments\wth_generated_qc\SYA\SYA2017.WTH,dry_year;water_stress_year;nitrogen_stress_year;irrigation_responsive_year,irrigation_responsive,SYA2017_stress_grid_S0003,irrigation_positive_candidate,2017-05-07,127,22,17,"{""sim_day"": 22.0, ""doy"": 127.0, ""topwt"": 17.600001096725464, ""grnwt"": 0.0, ""xlai"": 0.0094712227582931, ""totir"": 0.0, ""tofer"": NaN, ""swfac"": 0.0, ""nstres"": 0.0}",0.0,0.0,17.600001096725464,0.0,0.0094712227582931,0.0,,0.0,0.0,20.0,0.0,14.075103759765623,22.075103759765625,Leave_One_experiments/all_year_offline_schedule_search/daily_outputs/SYA/SYA_2017_SYA2017_stress_grid_S0003_daily.csv
SYA,SYA,Shenyang,2017,Leave_One_experiments\wth_generated_qc\SYA\SYA2017.WTH,dry_year;water_stress_year;nitrogen_stress_year;irrigation_responsive_year,irrigation_responsive,SYA2017_stress_grid_S0003,irrigation_positive_candidate,2017-05-08,128,23,18,"{""sim_day"": 23.0, ""doy"": 128.0, ""topwt"": 17.600001096725464, ""grnwt"": 0.0, ""xlai"": 0.0115533024072647, ""totir"": 0.0, ""tofer"": NaN, ""swfac"": 0.0, ""nstres"": 0.0}",0.0,0.0,17.600001096725464,0.0,0.0115533024072647,0.0,,0.0,0.0,20.0,0.0,14.075103759765623,22.075103759765625,Leave_One_experiments/all_year_offline_schedule_search/daily_outputs/SYA/SYA_2017_SYA2017_stress_grid_S0003_daily.csv
SYA,SYA,Shenyang,2017,Leave_One_experiments\wth_generated_qc\SYA\SYA2017.WTH,dry_year;water_stress_year;nitrogen_stress_year;irrigation_responsive_year,irrigation_responsive,SYA2017_stress_grid_S0003,irrigation_positive_candidate,2017-05-09,129,24,19,"{""sim_day"": 24.0, ""doy"": 129.0, ""topwt"": 17.600001096725464, ""grnwt"": 0.0, ""xlai"": 0.0177568010985851, ""totir"": 0.0, ""tofer"": NaN, ""swfac"": 0.0, ""nstres"": 0.0}",0.0,0.0,17.600001096725464,0.0,0.0177568010985851,0.0,,0.0,0.0,20.0,0.0,14.075103759765623,22.075103759765625,Leave_One_experiments/all_year_offline_schedule_search/daily_outputs/SYA/SYA_2017_SYA2017_stress_grid_S0003_daily.csv
SYA,SYA,Shenyang,2017,Leave_One_experiments\wth_generated_qc\SYA\SYA2017.WTH,dry_year;water_stress_year;nitrogen_stress_year;irrigation_responsive_year,irrigation_responsive,SYA2017_stress_grid_S0003,irrigation_positive_candidate,2017-05-10,130,25,20,"{""sim_day"": 25.0, ""doy"": 130.0, ""topwt"": 17.600001096725464, ""grnwt"": 0.0, ""xlai"": 0.0252788644284009, ""totir"": 20.0, ""tofer"": NaN, ""swfac"": 0.0, ""nstres"": 0.0}",0.0,0.0,17.600001096725464,0.0,0.0252788644284009,20.0,,20.0,0.0,20.0,0.0,14.075103759765623,22.075103759765625,Leave_One_experiments/all_year_offline_schedule_search/daily_outputs/SYA/SYA_2017_SYA2017_stress_grid_S0003_daily.csv
SYA,SYA,Shenyang,2017,Leave_One_experiments\wth_generated_qc\SYA\SYA2017.WTH,dry_year;water_stress_year;nitrogen_stress_year;irrigation_responsive_year,irrigation_responsive,SYA2017_stress_grid_S0003,irrigation_positive_candidate,2017-05-11,131,26,21,"{""sim_day"": 26.0, ""doy"": 131.0, ""topwt"": 18.032957315444943, ""grnwt"": 0.0, ""xlai"": 0.0313513986766338, ""totir"": 20.0, ""tofer"": NaN, ""swfac"": 0.0, ""nstres"": 0.0}",0.0,0.0,18.032957315444943,0.0,0.0313513986766338,20.0,,0.0,0.0,20.0,0.0,14.075103759765623,22.075103759765625,Leave_One_experiments/all_year_offline_schedule_search/daily_outputs/SYA/SYA_2017_SYA2017_stress_grid_S0003_daily.csv
SYA,SYA,Shenyang,2017,Leave_One_experiments\wth_generated_qc\SYA\SYA2017.WTH,dry_year;water_stress_year;nitrogen_stress_year;irrigation_responsive_year,irrigation_responsive,SYA2017_stress_grid_S0003,irrigation_positive_candidate,2017-05-12,132,27,22,"{""sim_day"": 27.0, ""doy"": 132.0, ""topwt"": 20.203421115875244, ""grnwt"": 0.0, ""xlai"": 0.0370919480919837, ""totir"": 20.0, ""tofer"": NaN, ""swfac"": 0.0, ""nstres"": 0.0}",0.0,0.0,20.203421115875244,0.0,0.0370919480919837,20.0,,0.0,0.0,20.0,0.0,14.075103759765623,22.075103759765625,Leave_One_experiments/all_year_offline_schedule_search/daily_outputs/SYA/SYA_2017_SYA2017_stress_grid_S0003_daily.csv
SYA,SYA,Shenyang,2017,Leave_One_experiments\wth_generated_qc\SYA\SYA2017.WTH,dry_year;water_stress_year;nitrogen_stress_year;irrigation_responsive_year,irrigation_responsive,SYA2017_stress_grid_S0003,irrigation_positive_candidate,2017-05-13,133,28,23,"{""sim_day"": 28.0, ""doy"": 133.0, ""topwt"": 22.115418910980225, ""grnwt"": 0.0, ""xlai"": 0.0419631190598011, ""totir"": 20.0, ""tofer"": NaN, ""swfac"": 0.0, ""nstres"": 0.0}",0.0,0.0,22.115418910980225,0.0,0.0419631190598011,20.0,,0.0,0.0,20.0,0.0,14.075103759765623,22.075103759765625,Leave_One_experiments/all_year_offline_schedule_search/daily_outputs/SYA/SYA_2017_SYA2017_stress_grid_S0003_daily.csv
SYA,SYA,Shenyang,2017,Leave_One_experiments\wth_generated_qc\SYA\SYA2017.WTH,dry_year;water_stress_year;nitrogen_stress_year;irrigation_responsive_year,irrigation_responsive,SYA2017_stress_grid_S0003,irrigation_positive_candidate,2017-05-14,134,29,24,"{""sim_day"": 29.0, ""doy"": 134.0, ""topwt"": 24.976928234100345, ""grnwt"": 0.0, ""xlai"": 0.0489948503673076, ""totir"": 20.0, ""tofer"": NaN, ""swfac"": 0.0, ""nstres"": 0.0}",0.0,0.0,24.976928234100345,0.0,0.0489948503673076,20.0,,0.0,0.0,20.0,0.0,14.075103759765623,22.075103759765625,Leave_One_experiments/all_year_offline_schedule_search/daily_outputs/SYA/SYA_2017_SYA2017_stress_grid_S0003_daily.csv
SYA,SYA,Shenyang,2017,Leave_One_experiments\wth_generated_qc\SYA\SYA2017.WTH,dry_year;water_stress_year;nitrogen_stress_year;irrigation_responsive_year,irrigation_responsive,SYA2017_stress_grid_S0003,irrigation_positive_candidate,2017-05-15,135,30,25,"{""sim_day"": 30.0, ""doy"": 135.0, ""topwt"": 29.520792961120605, ""grnwt"": 0.0, ""xlai"": 0.0596603453159332, ""totir"": 20.0, ""tofer"": NaN, ""swfac"": 0.0, ""nstres"": 0.0}",0.0,0.0,29.520792961120605,0.0,0.0596603453159332,20.0,,0.0,0.0,20.0,0.0,14.075103759765623,22.075103759765625,Leave_One_experiments/all_year_offline_schedule_search/daily_outputs/SYA/SYA_2017_SYA2017_stress_grid_S0003_daily.csv
SYA,SYA,Shenyang,2017,Leave_One_experiments\wth_generated_qc\SYA\SYA2017.WTH,dry_year;water_stress_year;nitrogen_stress_year;irrigation_responsive_year,irrigation_responsive,SYA2017_stress_grid_S0003,irrigation_positive_candidate,2017-05-16,136,31,26,"{""sim_day"": 31.0, ""doy"": 136.0, ""topwt"": 35.99621772766113, ""grnwt"": 0.0, ""xlai"": 0.0740597248077392, ""totir"": 20.0, ""tofer"": NaN, ""swfac"": 0.0, ""nstres"": 0.0}",0.0,0.0,35.99621772766113,0.0,0.0740597248077392,20.0,,0.0,0.0,20.0,0.0,14.075103759765623,22.075103759765625,Leave_One_experiments/all_year_offline_schedule_search/daily_outputs/SYA/SYA_2017_SYA2017_stress_grid_S0003_daily.csv
SYA,SYA,Shenyang,2017,Leave_One_experiments\wth_generated_qc\SYA\SYA2017.WTH,dry_year;water_stress_year;nitrogen_stress_year;irrigation_responsive_year,irrigation_responsive,SYA2017_stress_grid_S0003,irrigation_positive_candidate,2017-05-17,137,32,27,"{""sim_day"": 32.0, ""doy"": 137.0, ""topwt"": 45.51948547363281, ""grnwt"": 0.0, ""xlai"": 0.0940063372254371, ""totir"": 20.0, ""tofer"": NaN, ""swfac"": 0.0, ""nstres"": 0.0}",0.0,0.0,45.51948547363281,0.0,0.0940063372254371,20.0,,0.0,0.0,20.0,0.0,14.075103759765623,22.075103759765625,Leave_One_experiments/all_year_offline_schedule_search/daily_outputs/SYA/SYA_2017_SYA2017_stress_grid_S0003_daily.csv
SYA,SYA,Shenyang,2017,Leave_One_experiments\wth_generated_qc\SYA\SYA2017.WTH,dry_year;water_stress_year;nitrogen_stress_year;irrigation_responsive_year,irrigation_responsive,SYA2017_stress_grid_S0003,irrigation_positive_candidate,2017-05-18,138,33,28,"{""sim_day"": 33.0, ""doy"": 138.0, ""topwt"": 57.22232818603516, ""grnwt"": 0.0, ""xlai"": 0.1170863956212997, ""totir"": 20.0, ""tofer"": NaN, ""swfac"": 0.0, ""nstres"": 0.0}",0.0,0.0,57.22232818603516,0.0,0.1170863956212997,20.0,,0.0,0.0,20.0,0.0,14.075103759765623,22.075103759765625,Leave_One_experiments/all_year_offline_schedule_search/daily_outputs/SYA/SYA_2017_SYA2017_stress_grid_S0003_daily.csv
SYA,SYA,Shenyang,2017,Leave_One_experiments\wth_generated_qc\SYA\SYA2017.WTH,dry_year;water_stress_year;nitrogen_stress_year;irrigation_responsive_year,irrigation_responsive,SYA2017_stress_grid_S0003,irrigation_positive_candidate,2017-05-19,139,34,29,"{""sim_day"": 34.0, ""doy"": 139.0, ""topwt"": 71.37596607208252, ""grnwt"": 0.0, ""xlai"": 0.1434840559959411, ""totir"": 20.0, ""tofer"": NaN, ""swfac"": 0.0, ""nstres"": 0.0}",0.0,0.0,71.37596607208252,0.0,0.1434840559959411,20.0,,0.0,0.0,20.0,0.0,14.075103759765623,22.075103759765625,Leave_One_experiments/all_year_offline_schedule_search/daily_outputs/SYA/SYA_2017_SYA2017_stress_grid_S0003_daily.csv
SYA,SYA,Shenyang,2017,Leave_One_experiments\wth_generated_qc\SYA\SYA2017.WTH,dry_year;water_stress_year;nitrogen_stress_year;irrigation_responsive_year,irrigation_responsive,SYA2017_stress_grid_S0003,irrigation_positive_candidate,2017-05-20,140,35,30,"{""sim_day"": 35.0, ""doy"": 140.0, ""topwt"": 82.68749237060547, ""grnwt"": 0.0, ""xlai"": 0.1636704802513122, ""totir"": 20.0, ""tofer"": NaN, ""swfac"": 0.0, ""nstres"": 0.0}",0.0,0.0,82.68749237060547,0.0,0.1636704802513122,20.0,,0.0,0.0,20.0,0.0,14.075103759765623,22.075103759765625,Leave_One_experiments/all_year_offline_schedule_search/daily_outputs/SYA/SYA_2017_SYA2017_stress_grid_S0003_daily.csv
SYA,SYA,Shenyang,2017,Leave_One_experiments\wth_generated_qc\SYA\SYA2017.WTH,dry_year;water_stress_year;nitrogen_stress_year;irrigation_responsive_year,irrigation_responsive,SYA2017_stress_grid_S0003,irrigation_positive_candidate,2017-05-21,141,36,31,"{""sim_day"": 36.0, ""doy"": 141.0, ""topwt"": 87.20232009887695, ""grnwt"": 0.0, ""xlai"": 0.1832195073366165, ""totir"": 20.0, ""tofer"": NaN, ""swfac"": 0.0, ""nstres"": 0.0}",0.0,0.0,87.20232009887695,0.0,0.1832195073366165,20.0,,0.0,0.0,20.0,0.0,14.075103759765623,22.075103759765625,Leave_One_experiments/all_year_offline_schedule_search/daily_outputs/SYA/SYA_2017_SYA2017_stress_grid_S0003_daily.csv
SYA,SYA,Shenyang,2017,Leave_One_experiments\wth_generated_qc\SYA\SYA2017.WTH,dry_year;water_stress_year;nitrogen_stress_year;irrigation_responsive_year,irrigation_responsive,SYA2017_stress_grid_S0003,irrigation_positive_candidate,2017-05-22,142,37,32,"{""sim_day"": 37.0, ""doy"": 142.0, ""topwt"": 97.0579719543457, ""grnwt"": 0.0, ""xlai"": 0.2012393176555633, ""totir"": 20.0, ""tofer"": NaN, ""swfac"": 0.0, ""nstres"": 0.0039794445037841}",0.0,0.0039794445037841,97.0579719543457,0.0,0.2012393176555633,20.0,,0.0,0.0,20.0,0.0,14.075103759765623,22.075103759765625,Leave_One_experiments/all_year_offline_schedule_search/daily_outputs/SYA/SYA_2017_SYA2017_stress_grid_S0003_daily.csv
SYA,SYA,Shenyang,2017,Leave_One_experiments\wth_generated_qc\SYA\SYA2017.WTH,dry_year;water_stress_year;nitrogen_stress_year;irrigation_responsive_year,irrigation_responsive,SYA2017_stress_grid_S0003,irrigation_positive_candidate,2017-05-23,143,38,33,"{""sim_day"": 38.0, ""doy"": 143.0, ""topwt"": 111.77692413330078, ""grnwt"": 0.0, ""xlai"": 0.2273849099874496, ""totir"": 20.0, ""tofer"": NaN, ""swfac"": 0.0, ""nstres"": 0.0}",0.0,0.0,111.77692413330078,0.0,0.2273849099874496,20.0,,0.0,0.0,20.0,0.0,14.075103759765623,22.075103759765625,Leave_One_experiments/all_year_offline_schedule_search/daily_outputs/SYA/SYA_2017_SYA2017_stress_grid_S0003_daily.csv
SYA,SYA,Shenyang,2017,Leave_One_experiments\wth_generated_qc\SYA\SYA2017.WTH,dry_year;water_stress_year;nitrogen_stress_year;irrigation_responsive_year,irrigation_responsive,SYA2017_stress_grid_S0003,irrigation_positive_candidate,2017-05-24,144,39,34,"{""sim_day"": 39.0, ""doy"": 144.0, ""topwt"": 123.37188720703124, ""grnwt"": 0.0, ""xlai"": 0.2474210560321808, ""totir"": 20.0, ""tofer"": NaN, ""swfac"": 0.0, ""nstres"": 0.0}",0.0,0.0,123.37188720703124,0.0,0.2474210560321808,20.0,,0.0,0.0,20.0,0.0,14.075103759765623,22.075103759765625,Leave_One_experiments/all_year_offline_schedule_search/daily_outputs/SYA/SYA_2017_SYA2017_stress_grid_S0003_daily.csv
SYA,SYA,Shenyang,2017,Leave_One_experiments\wth_generated_qc\SYA\SYA2017.WTH,dry_year;water_stress_year;nitrogen_stress_year;irrigation_responsive_year,irrigation_responsive,SYA2017_stress_grid_S0003,irrigation_positive_candidate,2017-05-25,145,40,35,"{""sim_day"": 40.0, ""doy"": 145.0, ""topwt"": 135.84705352783203, ""grnwt"": 0.0, ""xlai"": 0.2685000300407409, ""totir"": 20.0, ""tofer"": NaN, ""swfac"": 0.0, ""nstres"": 0.0038400292396545}",0.0,0.0038400292396545,135.84705352783203,0.0,0.2685000300407409,20.0,,0.0,0.0,20.0,0.0,14.075103759765623,22.075103759765625,Leave_One_experiments/all_year_offline_schedule_search/daily_outputs/SYA/SYA_2017_SYA2017_stress_grid_S0003_daily.csv
SYA,SYA,Shenyang,2017,Leave_One_experiments\wth_generated_qc\SYA\SYA2017.WTH,dry_year;water_stress_year;nitrogen_stress_year;irrigation_responsive_year,irrigation_responsive,SYA2017_stress_grid_S0003,irrigation_positive_candidate,2017-05-26,146,41,36,"{""sim_day"": 41.0, ""doy"": 146.0, ""topwt"": 155.53174018859863, ""grnwt"": 0.0, ""xlai"": 0.3008820712566376, ""totir"": 20.0, ""tofer"": NaN, ""swfac"": 0.0, ""nstres"": 0.0161229372024536}",0.0,0.0161229372024536,155.53174018859863,0.0,0.3008820712566376,20.0,,0.0,0.0,20.0,0.0,14.075103759765623,22.075103759765625,Leave_One_experiments/all_year_offline_schedule_search/daily_outputs/SYA/SYA_2017_SYA2017_stress_grid_S0003_daily.csv
SYA,SYA,Shenyang,2017,Leave_One_experiments\wth_generated_qc\SYA\SYA2017.WTH,dry_year;water_stress_year;nitrogen_stress_year;irrigation_responsive_year,irrigation_responsive,SYA2017_stress_grid_S0003,irrigation_positive_candidate,2017-05-27,147,42,37,"{""sim_day"": 42.0, ""doy"": 147.0, ""topwt"": 180.12506484985352, ""grnwt"": 0.0, ""xlai"": 0.3400672972202301, ""totir"": 20.0, ""tofer"": NaN, ""swfac"": 0.0, ""nstres"": 0.0122567415237426}",0.0,0.0122567415237426,180.12506484985352,0.0,0.3400672972202301,20.0,,0.0,0.0,20.0,0.0,14.075103759765623,22.075103759765625,Leave_One_experiments/all_year_offline_schedule_search/daily_outputs/SYA/SYA_2017_SYA2017_stress_grid_S0003_daily.csv
SYA,SYA,Shenyang,2017,Leave_One_experiments\wth_generated_qc\SYA\SYA2017.WTH,dry_year;water_stress_year;nitrogen_stress_year;irrigation_responsive_year,irrigation_responsive,SYA2017_stress_grid_S0003,irrigation_positive_candidate,2017-05-28,148,43,38,"{""sim_day"": 43.0, ""doy"": 148.0, ""topwt"": 197.6900291442871, ""grnwt"": 0.0, ""xlai"": 0.3665968477725982, ""totir"": 20.0, ""tofer"": NaN, ""swfac"": 0.0, ""nstres"": 0.0453211069107055}",0.0,0.0453211069107055,197.6900291442871,0.0,0.3665968477725982,20.0,,0.0,0.0,20.0,0.0,14.075103759765623,22.075103759765625,Leave_One_experiments/all_year_offline_schedule_search/daily_outputs/SYA/SYA_2017_SYA2017_stress_grid_S0003_daily.csv
SYA,SYA,Shenyang,2017,Leave_One_experiments\wth_generated_qc\SYA\SYA2017.WTH,dry_year;water_stress_year;nitrogen_stress_year;irrigation_responsive_year,irrigation_responsive,SYA2017_stress_grid_S0003,irrigation_positive_candidate,2017-05-29,149,44,39,"{""sim_day"": 44.0, ""doy"": 149.0, ""topwt"": 216.9832801818848, ""grnwt"": 0.0, ""xlai"": 0.3937324285507202, ""totir"": 20.0, ""tofer"": NaN, ""swfac"": 0.0, ""nstres"": 0.074630320072174}",0.0,0.074630320072174,216.9832801818848,0.0,0.3937324285507202,20.0,,0.0,0.0,20.0,0.0,14.075103759765623,22.075103759765625,Leave_One_experiments/all_year_offline_schedule_search/daily_outputs/SYA/SYA_2017_SYA2017_stress_grid_S0003_daily.csv
SYA,SYA,Shenyang,2017,Leave_One_experiments\wth_generated_qc\SYA\SYA2017.WTH,dry_year;water_stress_year;nitrogen_stress_year;irrigation_responsive_year,irrigation_responsive,SYA2017_stress_grid_S0003,irrigation_positive_candidate,2017-05-30,150,45,40,"{""sim_day"": 45.0, ""doy"": 150.0, ""topwt"": 239.36403274536133, ""grnwt"": 0.0, ""xlai"": 0.4242070615291595, ""totir"": 20.0, ""tofer"": NaN, ""swfac"": 0.0, ""nstres"": 0.0859704613685607}",0.0,0.0859704613685607,239.36403274536133,0.0,0.4242070615291595,20.0,,0.0,0.0,20.0,0.0,14.075103759765623,22.075103759765625,Leave_One_experiments/all_year_offline_schedule_search/daily_outputs/SYA/SYA_2017_SYA2017_stress_grid_S0003_daily.csv
SYA,SYA,Shenyang,2017,Leave_One_experiments\wth_generated_qc\SYA\SYA2017.WTH,dry_year;water_stress_year;nitrogen_stress_year;irrigation_responsive_year,irrigation_responsive,SYA2017_stress_grid_S0003,irrigation_positive_candidate,2017-05-31,151,46,41,"{""sim_day"": 46.0, ""doy"": 151.0, ""topwt"": 257.81322479248047, ""grnwt"": 0.0, ""xlai"": 0.4434442818164825, ""totir"": 20.0, ""tofer"": NaN, ""swfac"": 0.0, ""nstres"": 0.0839685201644897}",0.0,0.0839685201644897,257.81322479248047,0.0,0.4434442818164825,20.0,,0.0,0.0,20.0,0.0,14.075103759765623,22.075103759765625,Leave_One_experiments/all_year_offline_schedule_search/daily_outputs/SYA/SYA_2017_SYA2017_stress_grid_S0003_daily.csv
SYA,SYA,Shenyang,2017,Leave_One_experiments\wth_generated_qc\SYA\SYA2017.WTH,dry_year;water_stress_year;nitrogen_stress_year;irrigation_responsive_year,irrigation_responsive,SYA2017_stress_grid_S0003,irrigation_positive_candidate,2017-06-01,152,47,42,"{""sim_day"": 47.0, ""doy"": 152.0, ""topwt"": 272.5026321411133, ""grnwt"": 0.0, ""xlai"": 0.4601150155067444, ""totir"": 20.0, ""tofer"": NaN, ""swfac"": 0.0, ""nstres"": 0.091526985168457}",0.0,0.091526985168457,272.5026321411133,0.0,0.4601150155067444,20.0,,0.0,0.0,20.0,0.0,14.075103759765623,22.075103759765625,Leave_One_experiments/all_year_offline_schedule_search/daily_outputs/SYA/SYA_2017_SYA2017_stress_grid_S0003_daily.csv
SYA,SYA,Shenyang,2017,Leave_One_experiments\wth_generated_qc\SYA\SYA2017.WTH,dry_year;water_stress_year;nitrogen_stress_year;irrigation_responsive_year,irrigation_responsive,SYA2017_stress_grid_S0003,irrigation_positive_candidate,2017-06-02,153,48,43,"{""sim_day"": 48.0, ""doy"": 153.0, ""topwt"": 294.5431900024414, ""grnwt"": 0.0, ""xlai"": 0.4866713285446167, ""totir"": 20.0, ""tofer"": NaN, ""swfac"": 0.0, ""nstres"": 0.0948594808578491}",0.0,0.0948594808578491,294.5431900024414,0.0,0.4866713285446167,20.0,,0.0,0.0,20.0,0.0,14.075103759765623,22.075103759765625,Leave_One_experiments/all_year_offline_schedule_search/daily_outputs/SYA/SYA_2017_SYA2017_stress_grid_S0003_daily.csv
SYA,SYA,Shenyang,2017,Leave_One_experiments\wth_generated_qc\SYA\SYA2017.WTH,dry_year;water_stress_year;nitrogen_stress_year;irrigation_responsive_year,irrigation_responsive,SYA2017_stress_grid_S0003,irrigation_positive_candidate,2017-06-03,154,49,44,"{""sim_day"": 49.0, ""doy"": 154.0, ""topwt"": 322.4294662475586, ""grnwt"": 0.0, ""xlai"": 0.5197789669036865, ""totir"": 20.0, ""tofer"": NaN, ""swfac"": 0.0, ""nstres"": 0.1037756204605102}",0.0,0.1037756204605102,322.4294662475586,0.0,0.5197789669036865,20.0,,0.0,0.0,20.0,0.0,14.075103759765623,22.075103759765625,Leave_One_experiments/all_year_offline_schedule_search/daily_outputs/SYA/SYA_2017_SYA2017_stress_grid_S0003_daily.csv
SYA,SYA,Shenyang,2017,Leave_One_experiments\wth_generated_qc\SYA\SYA2017.WTH,dry_year;water_stress_year;nitrogen_stress_year;irrigation_responsive_year,irrigation_responsive,SYA2017_stress_grid_S0003,irrigation_positive_candidate,2017-06-04,155,50,45,"{""sim_day"": 50.0, ""doy"": 155.0, ""topwt"": 354.10614013671875, ""grnwt"": 0.0, ""xlai"": 0.5551978945732117, ""totir"": 20.0, ""tofer"": NaN, ""swfac"": 0.0, ""nstres"": 0.121009886264801}",0.0,0.121009886264801,354.10614013671875,0.0,0.5551978945732117,20.0,,0.0,0.0,20.0,0.0,14.075103759765623,22.075103759765625,Leave_One_experiments/all_year_offline_schedule_search/daily_outputs/SYA/SYA_2017_SYA2017_stress_grid_S0003_daily.csv
SYA,SYA,Shenyang,2017,Leave_One_experiments\wth_generated_qc\SYA\SYA2017.WTH,dry_year;water_stress_year;nitrogen_stress_year;irrigation_responsive_year,irrigation_responsive,SYA2017_stress_grid_S0003,irrigation_positive_candidate,2017-06-05,156,51,46,"{""sim_day"": 51.0, ""doy"": 156.0, ""topwt"": 379.5796203613281, ""grnwt"": 0.0, ""xlai"": 0.5789452195167542, ""totir"": 20.0, ""tofer"": NaN, ""swfac"": 0.0, ""nstres"": 0.1433132886886596}",0.0,0.1433132886886596,379.5796203613281,0.0,0.5789452195167542,20.0,,0.0,0.0,20.0,0.0,14.075103759765623,22.075103759765625,Leave_One_experiments/all_year_offline_schedule_search/daily_outputs/SYA/SYA_2017_SYA2017_stress_grid_S0003_daily.csv
SYA,SYA,Shenyang,2017,Leave_One_experiments\wth_generated_qc\SYA\SYA2017.WTH,dry_year;water_stress_year;nitrogen_stress_year;irrigation_responsive_year,irrigation_responsive,SYA2017_stress_grid_S0003,irrigation_positive_candidate,2017-06-06,157,52,47,"{""sim_day"": 52.0, ""doy"": 157.0, ""topwt"": 402.1733856201172, ""grnwt"": 0.0, ""xlai"": 0.5969696640968323, ""totir"": 20.0, ""tofer"": NaN, ""swfac"": 0.0, ""nstres"": 0.1528177261352539}",0.0,0.1528177261352539,402.1733856201172,0.0,0.5969696640968323,20.0,,0.0,0.0,20.0,0.0,14.075103759765623,22.075103759765625,Leave_One_experiments/all_year_offline_schedule_search/daily_outputs/SYA/SYA_2017_SYA2017_stress_grid_S0003_daily.csv
SYA,SYA,Shenyang,2017,Leave_One_experiments\wth_generated_qc\SYA\SYA2017.WTH,dry_year;water_stress_year;nitrogen_stress_year;irrigation_responsive_year,irrigation_responsive,SYA2017_stress_grid_S0003,irrigation_positive_candidate,2017-06-07,158,53,48,"{""sim_day"": 53.0, ""doy"": 158.0, ""topwt"": 436.1235046386719, ""grnwt"": 0.0, ""xlai"": 0.6275786757469177, ""totir"": 20.0, ""tofer"": NaN, ""swfac"": 0.0, ""nstres"": 0.1552985906600952}",0.0,0.1552985906600952,436.1235046386719,0.0,0.6275786757469177,20.0,,0.0,0.0,20.0,0.0,14.075103759765623,22.075103759765625,Leave_One_experiments/all_year_offline_schedule_search/daily_outputs/SYA/SYA_2017_SYA2017_stress_grid_S0003_daily.csv
SYA,SYA,Shenyang,2017,Leave_One_experiments\wth_generated_qc\SYA\SYA2017.WTH,dry_year;water_stress_year;nitrogen_stress_year;irrigation_responsive_year,irrigation_responsive,SYA2017_stress_grid_S0003,irrigation_positive_candidate,2017-06-08,159,54,49,"{""sim_day"": 54.0, ""doy"": 159.0, ""topwt"": 471.9305038452149, ""grnwt"": 0.0, ""xlai"": 0.6586547493934631, ""totir"": 20.0, ""tofer"": NaN, ""swfac"": 0.0, ""nstres"": 0.1516007781028747}",0.0,0.1516007781028747,471.9305038452149,0.0,0.6586547493934631,20.0,,0.0,0.0,20.0,0.0,14.075103759765623,22.075103759765625,Leave_One_experiments/all_year_offline_schedule_search/daily_outputs/SYA/SYA_2017_SYA2017_stress_grid_S0003_daily.csv
SYA,SYA,Shenyang,2017,Leave_One_experiments\wth_generated_qc\SYA\SYA2017.WTH,dry_year;water_stress_year;nitrogen_stress_year;irrigation_responsive_year,irrigation_responsive,SYA2017_stress_grid_S0003,irrigation_positive_candidate,2017-06-09,160,55,50,"{""sim_day"": 55.0, ""doy"": 160.0, ""topwt"": 498.3723449707031, ""grnwt"": 0.0, ""xlai"": 0.6766818761825562, ""totir"": 20.0, ""tofer"": NaN, ""swfac"": 0.0, ""nstres"": 0.1553337574005127}",0.0,0.1553337574005127,498.3723449707031,0.0,0.6766818761825562,20.0,,0.0,0.0,20.0,0.0,14.075103759765623,22.075103759765625,Leave_One_experiments/all_year_offline_schedule_search/daily_outputs/SYA/SYA_2017_SYA2017_stress_grid_S0003_daily.csv
SYA,SYA,Shenyang,2017,Leave_One_experiments\wth_generated_qc\SYA\SYA2017.WTH,dry_year;water_stress_year;nitrogen_stress_year;irrigation_responsive_year,irrigation_responsive,SYA2017_stress_grid_S0003,irrigation_positive_candidate,2017-06-10,161,56,51,"{""sim_day"": 56.0, ""doy"": 161.0, ""topwt"": 528.8103103637695, ""grnwt"": 0.0, ""xlai"": 0.6967295408248901, ""totir"": 20.0, ""tofer"": NaN, ""swfac"": 0.0, ""nstres"": 0.1689323782920837}",0.0,0.1689323782920837,528.8103103637695,0.0,0.6967295408248901,20.0,,0.0,0.0,20.0,0.0,14.075103759765623,22.075103759765625,Leave_One_experiments/all_year_offline_schedule_search/daily_outputs/SYA/SYA_2017_SYA2017_stress_grid_S0003_daily.csv
SYA,SYA,Shenyang,2017,Leave_One_experiments\wth_generated_qc\SYA\SYA2017.WTH,dry_year;water_stress_year;nitrogen_stress_year;irrigation_responsive_year,irrigation_responsive,SYA2017_stress_grid_S0003,irrigation_positive_candidate,2017-06-11,162,57,52,"{""sim_day"": 57.0, ""doy"": 162.0, ""topwt"": 562.9177474975586, ""grnwt"": 0.0, ""xlai"": 0.7184350490570068, ""totir"": 20.0, ""tofer"": NaN, ""swfac"": 0.0, ""nstres"": 0.1767886281013488}",0.0,0.1767886281013488,562.9177474975586,0.0,0.7184350490570068,20.0,,0.0,0.0,20.0,0.0,14.075103759765623,22.075103759765625,Leave_One_experiments/all_year_offline_schedule_search/daily_outputs/SYA/SYA_2017_SYA2017_stress_grid_S0003_daily.csv
SYA,SYA,Shenyang,2017,Leave_One_experiments\wth_generated_qc\SYA\SYA2017.WTH,dry_year;water_stress_year;nitrogen_stress_year;irrigation_responsive_year,irrigation_responsive,SYA2017_stress_grid_S0003,irrigation_positive_candidate,2017-06-12,163,58,53,"{""sim_day"": 58.0, ""doy"": 163.0, ""topwt"": 599.2897033691406, ""grnwt"": 0.0, ""xlai"": 0.739767849445343, ""totir"": 20.0, ""tofer"": NaN, ""swfac"": 0.0, ""nstres"": 0.1857659220695495}",0.0,0.1857659220695495,599.2897033691406,0.0,0.739767849445343,20.0,,0.0,0.0,20.0,0.0,14.075103759765623,22.075103759765625,Leave_One_experiments/all_year_offline_schedule_search/daily_outputs/SYA/SYA_2017_SYA2017_stress_grid_S0003_daily.csv
SYA,SYA,Shenyang,2017,Leave_One_experiments\wth_generated_qc\SYA\SYA2017.WTH,dry_year;water_stress_year;nitrogen_stress_year;irrigation_responsive_year,irrigation_responsive,SYA2017_stress_grid_S0003,irrigation_positive_candidate,2017-06-13,164,59,54,"{""sim_day"": 59.0, ""doy"": 164.0, ""topwt"": 644.3566131591797, ""grnwt"": 0.0, ""xlai"": 0.7666231989860535, ""totir"": 20.0, ""tofer"": NaN, ""swfac"": 0.0, ""nstres"": 0.1946085095405578}",0.0,0.1946085095405578,644.3566131591797,0.0,0.7666231989860535,20.0,,0.0,0.0,20.0,0.0,14.075103759765623,22.075103759765625,Leave_One_experiments/all_year_offline_schedule_search/daily_outputs/SYA/SYA_2017_SYA2017_stress_grid_S0003_daily.csv
SYA,SYA,Shenyang,2017,Leave_One_experiments\wth_generated_qc\SYA\SYA2017.WTH,dry_year;water_stress_year;nitrogen_stress_year;irrigation_responsive_year,irrigation_responsive,SYA2017_stress_grid_S0003,irrigation_positive_candidate,2017-06-14,165,60,55,"{""sim_day"": 60.0, ""doy"": 165.0, ""topwt"": 694.0151977539062, ""grnwt"": 0.0, ""xlai"": 0.7939378619194031, ""totir"": 20.0, ""tofer"": NaN, ""swfac"": 0.0, ""nstres"": 0.2089200019836425}",0.0,0.2089200019836425,694.0151977539062,0.0,0.7939378619194031,20.0,,0.0,0.0,20.0,0.0,14.075103759765623,22.075103759765625,Leave_One_experiments/all_year_offline_schedule_search/daily_outputs/SYA/SYA_2017_SYA2017_stress_grid_S0003_daily.csv
SYA,SYA,Shenyang,2017,Leave_One_experiments\wth_generated_qc\SYA\SYA2017.WTH,dry_year;water_stress_year;nitrogen_stress_year;irrigation_responsive_year,irrigation_responsive,SYA2017_stress_grid_S0003,irrigation_positive_candidate,2017-06-15,166,61,56,"{""sim_day"": 61.0, ""doy"": 166.0, ""topwt"": 750.174560546875, ""grnwt"": 0.0, ""xlai"": 0.8224464654922485, ""totir"": 20.0, ""tofer"": NaN, ""swfac"": 0.0, ""nstres"": 0.2393102049827575}",0.0,0.2393102049827575,750.174560546875,0.0,0.8224464654922485,20.0,,0.0,0.0,20.0,0.0,14.075103759765623,22.075103759765625,Leave_One_experiments/all_year_offline_schedule_search/daily_outputs/SYA/SYA_2017_SYA2017_stress_grid_S0003_daily.csv
SYA,SYA,Shenyang,2017,Leave_One_experiments\wth_generated_qc\SYA\SYA2017.WTH,dry_year;water_stress_year;nitrogen_stress_year;irrigation_responsive_year,irrigation_responsive,SYA2017_stress_grid_S0003,irrigation_positive_candidate,2017-06-16,167,62,57,"{""sim_day"": 62.0, ""doy"": 167.0, ""topwt"": 806.8650817871094, ""grnwt"": 0.0, ""xlai"": 0.8465725183486938, ""totir"": 20.0, ""tofer"": NaN, ""swfac"": 0.0, ""nstres"": 0.2673147916793823}",0.0,0.2673147916793823,806.8650817871094,0.0,0.8465725183486938,20.0,,0.0,0.0,20.0,0.0,14.075103759765623,22.075103759765625,Leave_One_experiments/all_year_offline_schedule_search/daily_outputs/SYA/SYA_2017_SYA2017_stress_grid_S0003_daily.csv
SYA,SYA,Shenyang,2017,Leave_One_experiments\wth_generated_qc\SYA\SYA2017.WTH,dry_year;water_stress_year;nitrogen_stress_year;irrigation_responsive_year,irrigation_responsive,SYA2017_stress_grid_S0003,irrigation_positive_candidate,2017-06-17,168,63,58,"{""sim_day"": 63.0, ""doy"": 168.0, ""topwt"": 858.6225891113281, ""grnwt"": 0.0, ""xlai"": 0.8624048829078674, ""totir"": 20.0, ""tofer"": NaN, ""swfac"": 0.0, ""nstres"": 0.2965074181556701}",0.0,0.2965074181556701,858.6225891113281,0.0,0.8624048829078674,20.0,,0.0,0.0,20.0,0.0,14.075103759765623,22.075103759765625,Leave_One_experiments/all_year_offline_schedule_search/daily_outputs/SYA/SYA_2017_SYA2017_stress_grid_S0003_daily.csv
SYA,SYA,Shenyang,2017,Leave_One_experiments\wth_generated_qc\SYA\SYA2017.WTH,dry_year;water_stress_year;nitrogen_stress_year;irrigation_responsive_year,irrigation_responsive,SYA2017_stress_grid_S0003,irrigation_positive_candidate,2017-06-18,169,64,59,"{""sim_day"": 64.0, ""doy"": 169.0, ""topwt"": 905.5091094970704, ""grnwt"": 0.0, ""xlai"": 0.8712039589881897, ""totir"": 20.0, ""tofer"": NaN, ""swfac"": 0.0, ""nstres"": 0.3197226524353027}",0.0,0.3197226524353027,905.5091094970704,0.0,0.8712039589881897,20.0,,0.0,0.0,20.0,0.0,14.075103759765623,22.075103759765625,Leave_One_experiments/all_year_offline_schedule_search/daily_outputs/SYA/SYA_2017_SYA2017_stress_grid_S0003_daily.csv
SYA,SYA,Shenyang,2017,Leave_One_experiments\wth_generated_qc\SYA\SYA2017.WTH,dry_year;water_stress_year;nitrogen_stress_year;irrigation_responsive_year,irrigation_responsive,SYA2017_stress_grid_S0003,irrigation_positive_candidate,2017-06-19,170,65,60,"{""sim_day"": 65.0, ""doy"": 170.0, ""topwt"": 943.661651611328, ""grnwt"": 0.0, ""xlai"": 0.8714272379875183, ""totir"": 20.0, ""tofer"": NaN, ""swfac"": 0.0, ""nstres"": 0.336773157119751}",0.0,0.336773157119751,943.661651611328,0.0,0.8714272379875183,20.0,,0.0,0.0,20.0,0.0,14.075103759765623,22.075103759765625,Leave_One_experiments/all_year_offline_schedule_search/daily_outputs/SYA/SYA_2017_SYA2017_stress_grid_S0003_daily.csv
SYA,SYA,Shenyang,2017,Leave_One_experiments\wth_generated_qc\SYA\SYA2017.WTH,dry_year;water_stress_year;nitrogen_stress_year;irrigation_responsive_year,irrigation_responsive,SYA2017_stress_grid_S0003,irrigation_positive_candidate,2017-06-20,171,66,61,"{""sim_day"": 66.0, ""doy"": 171.0, ""topwt"": 986.8717193603516, ""grnwt"": 0.0, ""xlai"": 0.8734533786773682, ""totir"": 20.0, ""tofer"": NaN, ""swfac"": 0.0, ""nstres"": 0.3467186093330383}",0.0,0.3467186093330383,986.8717193603516,0.0,0.8734533786773682,20.0,,0.0,0.0,20.0,0.0,14.075103759765623,22.075103759765625,Leave_One_experiments/all_year_offline_schedule_search/daily_outputs/SYA/SYA_2017_SYA2017_stress_grid_S0003_daily.csv
SYA,SYA,Shenyang,2017,Leave_One_experiments\wth_generated_qc\SYA\SYA2017.WTH,dry_year;water_stress_year;nitrogen_stress_year;irrigation_responsive_year,irrigation_responsive,SYA2017_stress_grid_S0003,irrigation_positive_candidate,2017-06-21,172,67,62,"{""sim_day"": 67.0, ""doy"": 172.0, ""topwt"": 1031.8002319335938, ""grnwt"": 0.0, ""xlai"": 0.87497478723526, ""totir"": 20.0, ""tofer"": NaN, ""swfac"": 0.0, ""nstres"": 0.3519420623779297}",0.0,0.3519420623779297,1031.8002319335938,0.0,0.87497478723526,20.0,,0.0,0.0,20.0,0.0,14.075103759765623,22.075103759765625,Leave_One_experiments/all_year_offline_schedule_search/daily_outputs/SYA/SYA_2017_SYA2017_stress_grid_S0003_daily.csv
SYA,SYA,Shenyang,2017,Leave_One_experiments\wth_generated_qc\SYA\SYA2017.WTH,dry_year;water_stress_year;nitrogen_stress_year;irrigation_responsive_year,irrigation_responsive,SYA2017_stress_grid_S0003,irrigation_positive_candidate,2017-06-22,173,68,63,"{""sim_day"": 68.0, ""doy"": 173.0, ""topwt"": 1081.1795806884766, ""grnwt"": 0.0, ""xlai"": 0.877441942691803, ""totir"": 20.0, ""tofer"": NaN, ""swfac"": 0.0, ""nstres"": 0.360274076461792}",0.0,0.360274076461792,1081.1795806884766,0.0,0.877441942691803,20.0,,0.0,0.0,20.0,0.0,14.075103759765623,22.075103759765625,Leave_One_experiments/all_year_offline_schedule_search/daily_outputs/SYA/SYA_2017_SYA2017_stress_grid_S0003_daily.csv
SYA,SYA,Shenyang,2017,Leave_One_experiments\wth_generated_qc\SYA\SYA2017.WTH,dry_year;water_stress_year;nitrogen_stress_year;irrigation_responsive_year,irrigation_responsive,SYA2017_stress_grid_S0003,irrigation_positive_candidate,2017-06-23,174,69,64,"{""sim_day"": 69.0, ""doy"": 174.0, ""topwt"": 1130.0145721435547, ""grnwt"": 0.0, ""xlai"": 0.8777638673782349, ""totir"": 20.0, ""tofer"": NaN, ""swfac"": 0.0, ""nstres"": 0.368563175201416}",0.0,0.368563175201416,1130.0145721435547,0.0,0.8777638673782349,20.0,,0.0,0.0,20.0,0.0,14.075103759765623,22.075103759765625,Leave_One_experiments/all_year_offline_schedule_search/daily_outputs/SYA/SYA_2017_SYA2017_stress_grid_S0003_daily.csv
SYA,SYA,Shenyang,2017,Leave_One_experiments\wth_generated_qc\SYA\SYA2017.WTH,dry_year;water_stress_year;nitrogen_stress_year;irrigation_responsive_year,irrigation_responsive,SYA2017_stress_grid_S0003,irrigation_positive_candidate,2017-06-24,175,70,65,"{""sim_day"": 70.0, ""doy"": 175.0, ""topwt"": 1241.616668701172, ""grnwt"": 0.0, ""xlai"": 0.9322832822799684, ""totir"": 20.0, ""tofer"": NaN, ""swfac"": 0.0, ""nstres"": 0.3783104419708252}",0.0,0.3783104419708252,1241.616668701172,0.0,0.9322832822799684,20.0,,0.0,0.0,20.0,0.0,14.075103759765623,22.075103759765625,Leave_One_experiments/all_year_offline_schedule_search/daily_outputs/SYA/SYA_2017_SYA2017_stress_grid_S0003_daily.csv
SYA,SYA,Shenyang,2017,Leave_One_experiments\wth_generated_qc\SYA\SYA2017.WTH,dry_year;water_stress_year;nitrogen_stress_year;irrigation_responsive_year,irrigation_responsive,SYA2017_stress_grid_S0003,irrigation_positive_candidate,2017-06-25,176,71,66,"{""sim_day"": 71.0, ""doy"": 176.0, ""topwt"": 1330.5772399902344, ""grnwt"": 0.0, ""xlai"": 0.9473190903663636, ""totir"": 20.0, ""tofer"": NaN, ""swfac"": 0.0, ""nstres"": 0.3853711485862732}",0.0,0.3853711485862732,1330.5772399902344,0.0,0.9473190903663636,20.0,,0.0,0.0,20.0,0.0,14.075103759765623,22.075103759765625,Leave_One_experiments/all_year_offline_schedule_search/daily_outputs/SYA/SYA_2017_SYA2017_stress_grid_S0003_daily.csv
SYA,SYA,Shenyang,2017,Leave_One_experiments\wth_generated_qc\SYA\SYA2017.WTH,dry_year;water_stress_year;nitrogen_stress_year;irrigation_responsive_year,irrigation_responsive,SYA2017_stress_grid_S0003,irrigation_positive_candidate,2017-06-26,177,72,67,"{""sim_day"": 72.0, ""doy"": 177.0, ""topwt"": 1406.4404296875, ""grnwt"": 0.0, ""xlai"": 0.9469096660614014, ""totir"": 20.0, ""tofer"": NaN, ""swfac"": 0.0, ""nstres"": 0.4265036582946777}",0.0,0.4265036582946777,1406.4404296875,0.0,0.9469096660614014,20.0,,0.0,0.0,20.0,0.0,14.075103759765623,22.075103759765625,Leave_One_experiments/all_year_offline_schedule_search/daily_outputs/SYA/SYA_2017_SYA2017_stress_grid_S0003_daily.csv
SYA,SYA,Shenyang,2017,Leave_One_experiments\wth_generated_qc\SYA\SYA2017.WTH,dry_year;water_stress_year;nitrogen_stress_year;irrigation_responsive_year,irrigation_responsive,SYA2017_stress_grid_S0003,irrigation_positive_candidate,2017-06-27,178,73,68,"{""sim_day"": 73.0, ""doy"": 178.0, ""topwt"": 1472.7944946289062, ""grnwt"": 0.0, ""xlai"": 0.9383485317230223, ""totir"": 20.0, ""tofer"": NaN, ""swfac"": 0.0, ""nstres"": 0.4472495913505554}",0.0,0.4472495913505554,1472.7944946289062,0.0,0.9383485317230223,20.0,,0.0,0.0,20.0,0.0,14.075103759765623,22.075103759765625,Leave_One_experiments/all_year_offline_schedule_search/daily_outputs/SYA/SYA_2017_SYA2017_stress_grid_S0003_daily.csv
SYA,SYA,Shenyang,2017,Leave_One_experiments\wth_generated_qc\SYA\SYA2017.WTH,dry_year;water_stress_year;nitrogen_stress_year;irrigation_responsive_year,irrigation_responsive,SYA2017_stress_grid_S0003,irrigation_positive_candidate,2017-06-28,179,74,69,"{""sim_day"": 74.0, ""doy"": 179.0, ""topwt"": 1537.8053283691406, ""grnwt"": 0.0, ""xlai"": 0.926899790763855, ""totir"": 20.0, ""tofer"": NaN, ""swfac"": 0.0, ""nstres"": 0.4569211602210998}",0.0,0.4569211602210998,1537.8053283691406,0.0,0.926899790763855,20.0,,0.0,0.0,20.0,0.0,14.075103759765623,22.075103759765625,Leave_One_experiments/all_year_offline_schedule_search/daily_outputs/SYA/SYA_2017_SYA2017_stress_grid_S0003_daily.csv
SYA,SYA,Shenyang,2017,Leave_One_experiments\wth_generated_qc\SYA\SYA2017.WTH,dry_year;water_stress_year;nitrogen_stress_year;irrigation_responsive_year,irrigation_responsive,SYA2017_stress_grid_S0003,irrigation_positive_candidate,2017-06-29,180,75,70,"{""sim_day"": 75.0, ""doy"": 180.0, ""topwt"": 1600.6846618652344, ""grnwt"": 0.0, ""xlai"": 0.9134120941162108, ""totir"": 20.0, ""tofer"": NaN, ""swfac"": 0.0, ""nstres"": 0.4587620496749878}",0.0,0.4587620496749878,1600.6846618652344,0.0,0.9134120941162108,20.0,,0.0,0.0,20.0,0.0,14.075103759765623,22.075103759765625,Leave_One_experiments/all_year_offline_schedule_search/daily_outputs/SYA/SYA_2017_SYA2017_stress_grid_S0003_daily.csv
SYA,SYA,Shenyang,2017,Leave_One_experiments\wth_generated_qc\SYA\SYA2017.WTH,dry_year;water_stress_year;nitrogen_stress_year;irrigation_responsive_year,irrigation_responsive,SYA2017_stress_grid_S0003,irrigation_positive_candidate,2017-06-30,181,76,71,"{""sim_day"": 76.0, ""doy"": 181.0, ""topwt"": 1665.3761291503906, ""grnwt"": 0.0, ""xlai"": 0.899645984172821, ""totir"": 20.0, ""tofer"": NaN, ""swfac"": 0.0, ""nstres"": 0.4574601054191589}",0.0,0.4574601054191589,1665.3761291503906,0.0,0.899645984172821,20.0,,0.0,0.0,20.0,0.0,14.075103759765623,22.075103759765625,Leave_One_experiments/all_year_offline_schedule_search/daily_outputs/SYA/SYA_2017_SYA2017_stress_grid_S0003_daily.csv
SYA,SYA,Shenyang,2017,Leave_One_experiments\wth_generated_qc\SYA\SYA2017.WTH,dry_year;water_stress_year;nitrogen_stress_year;irrigation_responsive_year,irrigation_responsive,SYA2017_stress_grid_S0003,irrigation_positive_candidate,2017-07-01,182,77,72,"{""sim_day"": 77.0, ""doy"": 182.0, ""topwt"": 1720.667724609375, ""grnwt"": 0.0, ""xlai"": 0.8828337788581848, ""totir"": 20.0, ""tofer"": NaN, ""swfac"": 0.0, ""nstres"": 0.455680787563324}",0.0,0.455680787563324,1720.667724609375,0.0,0.8828337788581848,20.0,,0.0,0.0,20.0,0.0,14.075103759765623,22.075103759765625,Leave_One_experiments/all_year_offline_schedule_search/daily_outputs/SYA/SYA_2017_SYA2017_stress_grid_S0003_daily.csv
SYA,SYA,Shenyang,2017,Leave_One_experiments\wth_generated_qc\SYA\SYA2017.WTH,dry_year;water_stress_year;nitrogen_stress_year;irrigation_responsive_year,irrigation_responsive,SYA2017_stress_grid_S0003,irrigation_positive_candidate,2017-07-02,183,78,73,"{""sim_day"": 78.0, ""doy"": 183.0, ""topwt"": 1779.1941833496094, ""grnwt"": 0.0, ""xlai"": 0.8668468594551086, ""totir"": 20.0, ""tofer"": NaN, ""swfac"": 0.0, ""nstres"": 0.4525554776191711}",0.0,0.4525554776191711,1779.1941833496094,0.0,0.8668468594551086,20.0,,0.0,0.0,20.0,0.0,14.075103759765623,22.075103759765625,Leave_One_experiments/all_year_offline_schedule_search/daily_outputs/SYA/SYA_2017_SYA2017_stress_grid_S0003_daily.csv
SYA,SYA,Shenyang,2017,Leave_One_experiments\wth_generated_qc\SYA\SYA2017.WTH,dry_year;water_stress_year;nitrogen_stress_year;irrigation_responsive_year,irrigation_responsive,SYA2017_stress_grid_S0003,irrigation_positive_candidate,2017-07-03,184,79,74,"{""sim_day"": 79.0, ""doy"": 184.0, ""topwt"": 1832.9148864746091, ""grnwt"": 0.0, ""xlai"": 0.8497501611709595, ""totir"": 20.0, ""tofer"": NaN, ""swfac"": 0.0, ""nstres"": 0.4476779699325561}",0.0,0.4476779699325561,1832.9148864746091,0.0,0.8497501611709595,20.0,,0.0,0.0,20.0,0.0,14.075103759765623,22.075103759765625,Leave_One_experiments/all_year_offline_schedule_search/daily_outputs/SYA/SYA_2017_SYA2017_stress_grid_S0003_daily.csv
SYA,SYA,Shenyang,2017,Leave_One_experiments\wth_generated_qc\SYA\SYA2017.WTH,dry_year;water_stress_year;nitrogen_stress_year;irrigation_responsive_year,irrigation_responsive,SYA2017_stress_grid_S0003,irrigation_positive_candidate,2017-07-04,185,80,75,"{""sim_day"": 80.0, ""doy"": 185.0, ""topwt"": 1892.6626586914065, ""grnwt"": 0.0, ""xlai"": 0.8344162702560425, ""totir"": 20.0, ""tofer"": NaN, ""swfac"": 0.0, ""nstres"": 0.4410744905471802}",0.0,0.4410744905471802,1892.6626586914065,0.0,0.8344162702560425,20.0,,0.0,0.0,20.0,0.0,14.075103759765623,22.075103759765625,Leave_One_experiments/all_year_offline_schedule_search/daily_outputs/SYA/SYA_2017_SYA2017_stress_grid_S0003_daily.csv
SYA,SYA,Shenyang,2017,Leave_One_experiments\wth_generated_qc\SYA\SYA2017.WTH,dry_year;water_stress_year;nitrogen_stress_year;irrigation_responsive_year,irrigation_responsive,SYA2017_stress_grid_S0003,irrigation_positive_candidate,2017-07-05,186,81,76,"{""sim_day"": 81.0, ""doy"": 186.0, ""topwt"": 1956.148223876953, ""grnwt"": 0.0, ""xlai"": 0.8206801414489746, ""totir"": 20.0, ""tofer"": NaN, ""swfac"": 0.0, ""nstres"": 0.4367547631263733}",0.0,0.4367547631263733,1956.148223876953,0.0,0.8206801414489746,20.0,,0.0,0.0,20.0,0.0,14.075103759765623,22.075103759765625,Leave_One_experiments/all_year_offline_schedule_search/daily_outputs/SYA/SYA_2017_SYA2017_stress_grid_S0003_daily.csv
SYA,SYA,Shenyang,2017,Leave_One_experiments\wth_generated_qc\SYA\SYA2017.WTH,dry_year;water_stress_year;nitrogen_stress_year;irrigation_responsive_year,irrigation_responsive,SYA2017_stress_grid_S0003,irrigation_positive_candidate,2017-07-06,187,82,77,"{""sim_day"": 82.0, ""doy"": 187.0, ""topwt"": 1983.8150024414065, ""grnwt"": 0.0, ""xlai"": 0.798744261264801, ""totir"": 20.0, ""tofer"": NaN, ""swfac"": 0.0, ""nstres"": 0.4335021376609802}",0.0,0.4335021376609802,1983.8150024414065,0.0,0.798744261264801,20.0,,0.0,0.0,20.0,0.0,14.075103759765623,22.075103759765625,Leave_One_experiments/all_year_offline_schedule_search/daily_outputs/SYA/SYA_2017_SYA2017_stress_grid_S0003_daily.csv
SYA,SYA,Shenyang,2017,Leave_One_experiments\wth_generated_qc\SYA\SYA2017.WTH,dry_year;water_stress_year;nitrogen_stress_year;irrigation_responsive_year,irrigation_responsive,SYA2017_stress_grid_S0003,irrigation_positive_candidate,2017-07-07,188,83,78,"{""sim_day"": 83.0, ""doy"": 188.0, ""topwt"": 2050.381774902344, ""grnwt"": 0.0, ""xlai"": 0.7873616218566895, ""totir"": 20.0, ""tofer"": NaN, ""swfac"": 0.0, ""nstres"": 0.4258759617805481}",0.0,0.4258759617805481,2050.381774902344,0.0,0.7873616218566895,20.0,,0.0,0.0,20.0,0.0,14.075103759765623,22.075103759765625,Leave_One_experiments/all_year_offline_schedule_search/daily_outputs/SYA/SYA_2017_SYA2017_stress_grid_S0003_daily.csv
SYA,SYA,Shenyang,2017,Leave_One_experiments\wth_generated_qc\SYA\SYA2017.WTH,dry_year;water_stress_year;nitrogen_stress_year;irrigation_responsive_year,irrigation_responsive,SYA2017_stress_grid_S0003,irrigation_positive_candidate,2017-07-08,189,84,79,"{""sim_day"": 84.0, ""doy"": 189.0, ""topwt"": 2102.9026794433594, ""grnwt"": 0.0, ""xlai"": 0.7731984853744507, ""totir"": 20.0, ""tofer"": NaN, ""swfac"": 0.0, ""nstres"": 0.4175134897232055}",0.0,0.4175134897232055,2102.9026794433594,0.0,0.7731984853744507,20.0,,0.0,0.0,20.0,0.0,14.075103759765623,22.075103759765625,Leave_One_experiments/all_year_offline_schedule_search/daily_outputs/SYA/SYA_2017_SYA2017_stress_grid_S0003_daily.csv
SYA,SYA,Shenyang,2017,Leave_One_experiments\wth_generated_qc\SYA\SYA2017.WTH,dry_year;water_stress_year;nitrogen_stress_year;irrigation_responsive_year,irrigation_responsive,SYA2017_stress_grid_S0003,irrigation_positive_candidate,2017-07-09,190,85,80,"{""sim_day"": 85.0, ""doy"": 190.0, ""topwt"": 2162.350311279297, ""grnwt"": 0.0, ""xlai"": 0.7615326046943665, ""totir"": 20.0, ""tofer"": NaN, ""swfac"": 0.0, ""nstres"": 0.4076173901557922}",0.0,0.4076173901557922,2162.350311279297,0.0,0.7615326046943665,20.0,,0.0,0.0,20.0,0.0,14.075103759765623,22.075103759765625,Leave_One_experiments/all_year_offline_schedule_search/daily_outputs/SYA/SYA_2017_SYA2017_stress_grid_S0003_daily.csv
SYA,SYA,Shenyang,2017,Leave_One_experiments\wth_generated_qc\SYA\SYA2017.WTH,dry_year;water_stress_year;nitrogen_stress_year;irrigation_responsive_year,irrigation_responsive,SYA2017_stress_grid_S0003,irrigation_positive_candidate,2017-07-10,191,86,81,"{""sim_day"": 86.0, ""doy"": 191.0, ""topwt"": 2279.237823486328, ""grnwt"": 0.0, ""xlai"": 0.7361093759536743, ""totir"": 20.0, ""tofer"": NaN, ""swfac"": 0.0, ""nstres"": 0.401221752166748}",0.0,0.401221752166748,2279.237823486328,0.0,0.7361093759536743,20.0,,0.0,0.0,20.0,0.0,14.075103759765623,22.075103759765625,Leave_One_experiments/all_year_offline_schedule_search/daily_outputs/SYA/SYA_2017_SYA2017_stress_grid_S0003_daily.csv
SYA,SYA,Shenyang,2017,Leave_One_experiments\wth_generated_qc\SYA\SYA2017.WTH,dry_year;water_stress_year;nitrogen_stress_year;irrigation_responsive_year,irrigation_responsive,SYA2017_stress_grid_S0003,irrigation_positive_candidate,2017-07-11,192,87,82,"{""sim_day"": 87.0, ""doy"": 192.0, ""topwt"": 2377.9685974121094, ""grnwt"": 0.0, ""xlai"": 0.711830198764801, ""totir"": 20.0, ""tofer"": NaN, ""swfac"": 0.0, ""nstres"": 0.3915947675704956}",0.0,0.3915947675704956,2377.9685974121094,0.0,0.711830198764801,20.0,,0.0,0.0,20.0,0.0,14.075103759765623,22.075103759765625,Leave_One_experiments/all_year_offline_schedule_search/daily_outputs/SYA/SYA_2017_SYA2017_stress_grid_S0003_daily.csv
SYA,SYA,Shenyang,2017,Leave_One_experiments\wth_generated_qc\SYA\SYA2017.WTH,dry_year;water_stress_year;nitrogen_stress_year;irrigation_responsive_year,irrigation_responsive,SYA2017_stress_grid_S0003,irrigation_positive_candidate,2017-07-12,193,88,83,"{""sim_day"": 88.0, ""doy"": 193.0, ""topwt"": 2458.6349487304688, ""grnwt"": 0.0, ""xlai"": 0.6880756616592407, ""totir"": 20.0, ""tofer"": NaN, ""swfac"": 0.0, ""nstres"": 0.4009060859680176}",0.0,0.4009060859680176,2458.6349487304688,0.0,0.6880756616592407,20.0,,0.0,0.0,20.0,0.0,14.075103759765623,22.075103759765625,Leave_One_experiments/all_year_offline_schedule_search/daily_outputs/SYA/SYA_2017_SYA2017_stress_grid_S0003_daily.csv
SYA,SYA,Shenyang,2017,Leave_One_experiments\wth_generated_qc\SYA\SYA2017.WTH,dry_year;water_stress_year;nitrogen_stress_year;irrigation_responsive_year,irrigation_responsive,SYA2017_stress_grid_S0003,irrigation_positive_candidate,2017-07-13,194,89,84,"{""sim_day"": 89.0, ""doy"": 194.0, ""topwt"": 2502.8390502929688, ""grnwt"": 0.0, ""xlai"": 0.6650944948196411, ""totir"": 20.0, ""tofer"": NaN, ""swfac"": 0.0, ""nstres"": 0.4015820622444153}",0.0,0.4015820622444153,2502.8390502929688,0.0,0.6650944948196411,20.0,,0.0,0.0,20.0,0.0,14.075103759765623,22.075103759765625,Leave_One_experiments/all_year_offline_schedule_search/daily_outputs/SYA/SYA_2017_SYA2017_stress_grid_S0003_daily.csv
SYA,SYA,Shenyang,2017,Leave_One_experiments\wth_generated_qc\SYA\SYA2017.WTH,dry_year;water_stress_year;nitrogen_stress_year;irrigation_responsive_year,irrigation_responsive,SYA2017_stress_grid_S0003,irrigation_positive_candidate,2017-07-14,195,90,85,"{""sim_day"": 90.0, ""doy"": 195.0, ""topwt"": 2581.8484497070312, ""grnwt"": 0.0, ""xlai"": 0.6430137753486633, ""totir"": 20.0, ""tofer"": NaN, ""swfac"": 0.0, ""nstres"": 0.3967822790145874}",0.0,0.3967822790145874,2581.8484497070312,0.0,0.6430137753486633,20.0,,0.0,0.0,20.0,0.0,14.075103759765623,22.075103759765625,Leave_One_experiments/all_year_offline_schedule_search/daily_outputs/SYA/SYA_2017_SYA2017_stress_grid_S0003_daily.csv
SYA,SYA,Shenyang,2017,Leave_One_experiments\wth_generated_qc\SYA\SYA2017.WTH,dry_year;water_stress_year;nitrogen_stress_year;irrigation_responsive_year,irrigation_responsive,SYA2017_stress_grid_S0003,irrigation_positive_candidate,2017-07-15,196,91,86,"{""sim_day"": 91.0, ""doy"": 196.0, ""topwt"": 2673.4246826171875, ""grnwt"": 0.0, ""xlai"": 0.6220799684524536, ""totir"": 20.0, ""tofer"": NaN, ""swfac"": 0.0, ""nstres"": 0.3813375234603882}",0.0,0.3813375234603882,2673.4246826171875,0.0,0.6220799684524536,20.0,,0.0,0.0,20.0,0.0,14.075103759765623,22.075103759765625,Leave_One_experiments/all_year_offline_schedule_search/daily_outputs/SYA/SYA_2017_SYA2017_stress_grid_S0003_daily.csv
SYA,SYA,Shenyang,2017,Leave_One_experiments\wth_generated_qc\SYA\SYA2017.WTH,dry_year;water_stress_year;nitrogen_stress_year;irrigation_responsive_year,irrigation_responsive,SYA2017_stress_grid_S0003,irrigation_positive_candidate,2017-07-16,197,92,87,"{""sim_day"": 92.0, ""doy"": 197.0, ""topwt"": 2766.0906982421875, ""grnwt"": 0.0, ""xlai"": 0.6020346283912659, ""totir"": 20.0, ""tofer"": NaN, ""swfac"": 0.0, ""nstres"": 0.3733543753623962}",0.0,0.3733543753623962,2766.0906982421875,0.0,0.6020346283912659,20.0,,0.0,0.0,20.0,0.0,14.075103759765623,22.075103759765625,Leave_One_experiments/all_year_offline_schedule_search/daily_outputs/SYA/SYA_2017_SYA2017_stress_grid_S0003_daily.csv
SYA,SYA,Shenyang,2017,Leave_One_experiments\wth_generated_qc\SYA\SYA2017.WTH,dry_year;water_stress_year;nitrogen_stress_year;irrigation_responsive_year,irrigation_responsive,SYA2017_stress_grid_S0003,irrigation_positive_candidate,2017-07-17,198,93,88,"{""sim_day"": 93.0, ""doy"": 198.0, ""topwt"": 2846.973571777344, ""grnwt"": 0.0, ""xlai"": 0.5827780365943909, ""totir"": 20.0, ""tofer"": NaN, ""swfac"": 0.0, ""nstres"": 0.3676575422286987}",0.0,0.3676575422286987,2846.973571777344,0.0,0.5827780365943909,20.0,,0.0,0.0,20.0,0.0,14.075103759765623,22.075103759765625,Leave_One_experiments/all_year_offline_schedule_search/daily_outputs/SYA/SYA_2017_SYA2017_stress_grid_S0003_daily.csv
SYA,SYA,Shenyang,2017,Leave_One_experiments\wth_generated_qc\SYA\SYA2017.WTH,dry_year;water_stress_year;nitrogen_stress_year;irrigation_responsive_year,irrigation_responsive,SYA2017_stress_grid_S0003,irrigation_positive_candidate,2017-07-18,199,94,89,"{""sim_day"": 94.0, ""doy"": 199.0, ""topwt"": 2887.3617553710938, ""grnwt"": 0.0, ""xlai"": 0.5642725229263306, ""totir"": 20.0, ""tofer"": NaN, ""swfac"": 0.0, ""nstres"": 0.3620966672897339}",0.0,0.3620966672897339,2887.3617553710938,0.0,0.5642725229263306,20.0,,0.0,0.0,20.0,0.0,14.075103759765623,22.075103759765625,Leave_One_experiments/all_year_offline_schedule_search/daily_outputs/SYA/SYA_2017_SYA2017_stress_grid_S0003_daily.csv
SYA,SYA,Shenyang,2017,Leave_One_experiments\wth_generated_qc\SYA\SYA2017.WTH,dry_year;water_stress_year;nitrogen_stress_year;irrigation_responsive_year,irrigation_responsive,SYA2017_stress_grid_S0003,irrigation_positive_candidate,2017-07-19,200,95,90,"{""sim_day"": 95.0, ""doy"": 200.0, ""topwt"": 2943.2476806640625, ""grnwt"": 126.89412117004396, ""xlai"": 0.5465661287307739, ""totir"": 20.0, ""tofer"": NaN, ""swfac"": 0.0, ""nstres"": 0.3530987501144409}",0.0,0.3530987501144409,2943.2476806640625,126.89412117004396,0.5465661287307739,20.0,,0.0,0.0,20.0,0.0,14.075103759765623,22.075103759765625,Leave_One_experiments/all_year_offline_schedule_search/daily_outputs/SYA/SYA_2017_SYA2017_stress_grid_S0003_daily.csv
SYA,SYA,Shenyang,2017,Leave_One_experiments\wth_generated_qc\SYA\SYA2017.WTH,dry_year;water_stress_year;nitrogen_stress_year;irrigation_responsive_year,irrigation_responsive,SYA2017_stress_grid_S0003,irrigation_positive_candidate,2017-07-20,201,96,91,"{""sim_day"": 96.0, ""doy"": 201.0, ""topwt"": 3036.9992065429688, ""grnwt"": 199.5305633544922, ""xlai"": 0.5285971760749817, ""totir"": 20.0, ""tofer"": NaN, ""swfac"": 0.0, ""nstres"": 0.3890260457992553}",0.0,0.3890260457992553,3036.9992065429688,199.5305633544922,0.5285971760749817,20.0,,0.0,0.0,20.0,0.0,14.075103759765623,22.075103759765625,Leave_One_experiments/all_year_offline_schedule_search/daily_outputs/SYA/SYA_2017_SYA2017_stress_grid_S0003_daily.csv
SYA,SYA,Shenyang,2017,Leave_One_experiments\wth_generated_qc\SYA\SYA2017.WTH,dry_year;water_stress_year;nitrogen_stress_year;irrigation_responsive_year,irrigation_responsive,SYA2017_stress_grid_S0003,irrigation_positive_candidate,2017-07-21,202,97,92,"{""sim_day"": 97.0, ""doy"": 202.0, ""topwt"": 3062.469482421875, ""grnwt"": 272.1670150756836, ""xlai"": 0.5116918087005615, ""totir"": 20.0, ""tofer"": NaN, ""swfac"": 0.0, ""nstres"": 0.3675543665885925}",0.0,0.3675543665885925,3062.469482421875,272.1670150756836,0.5116918087005615,20.0,,0.0,0.0,20.0,0.0,14.075103759765623,22.075103759765625,Leave_One_experiments/all_year_offline_schedule_search/daily_outputs/SYA/SYA_2017_SYA2017_stress_grid_S0003_daily.csv
SYA,SYA,Shenyang,2017,Leave_One_experiments\wth_generated_qc\SYA\SYA2017.WTH,dry_year;water_stress_year;nitrogen_stress_year;irrigation_responsive_year,irrigation_responsive,SYA2017_stress_grid_S0003,irrigation_positive_candidate,2017-07-22,203,98,93,"{""sim_day"": 98.0, ""doy"": 203.0, ""topwt"": 3145.5783081054688, ""grnwt"": 344.803466796875, ""xlai"": 0.4950689673423767, ""totir"": 20.0, ""tofer"": NaN, ""swfac"": 0.0, ""nstres"": 0.3796670436859131}",0.0,0.3796670436859131,3145.5783081054688,344.803466796875,0.4950689673423767,20.0,,0.0,0.0,20.0,0.0,14.075103759765623,22.075103759765625,Leave_One_experiments/all_year_offline_schedule_search/daily_outputs/SYA/SYA_2017_SYA2017_stress_grid_S0003_daily.csv
SYA,SYA,Shenyang,2017,Leave_One_experiments\wth_generated_qc\SYA\SYA2017.WTH,dry_year;water_stress_year;nitrogen_stress_year;irrigation_responsive_year,irrigation_responsive,SYA2017_stress_grid_S0003,irrigation_positive_candidate,2017-07-23,204,99,94,"{""sim_day"": 99.0, ""doy"": 204.0, ""topwt"": 3220.457763671875, ""grnwt"": 417.4399185180664, ""xlai"": 0.4792763590812683, ""totir"": 20.0, ""tofer"": NaN, ""swfac"": 0.0, ""nstres"": 0.3655934929847717}",0.0,0.3655934929847717,3220.457763671875,417.4399185180664,0.4792763590812683,20.0,,0.0,0.0,20.0,0.0,14.075103759765623,22.075103759765625,Leave_One_experiments/all_year_offline_schedule_search/daily_outputs/SYA/SYA_2017_SYA2017_stress_grid_S0003_daily.csv
SYA,SYA,Shenyang,2017,Leave_One_experiments\wth_generated_qc\SYA\SYA2017.WTH,dry_year;water_stress_year;nitrogen_stress_year;irrigation_responsive_year,irrigation_responsive,SYA2017_stress_grid_S0003,irrigation_positive_candidate,2017-07-24,205,100,95,"{""sim_day"": 100.0, ""doy"": 205.0, ""topwt"": 3312.9840087890625, ""grnwt"": 490.0763702392578, ""xlai"": 0.4637901782989502, ""totir"": 20.0, ""tofer"": NaN, ""swfac"": 0.0, ""nstres"": 0.3754750490188598}",0.0,0.3754750490188598,3312.9840087890625,490.0763702392578,0.4637901782989502,20.0,,0.0,0.0,20.0,0.0,14.075103759765623,22.075103759765625,Leave_One_experiments/all_year_offline_schedule_search/daily_outputs/SYA/SYA_2017_SYA2017_stress_grid_S0003_daily.csv
SYA,SYA,Shenyang,2017,Leave_One_experiments\wth_generated_qc\SYA\SYA2017.WTH,dry_year;water_stress_year;nitrogen_stress_year;irrigation_responsive_year,irrigation_responsive,SYA2017_stress_grid_S0003,irrigation_positive_candidate,2017-07-25,206,101,96,"{""sim_day"": 101.0, ""doy"": 206.0, ""topwt"": 3364.076232910156, ""grnwt"": 562.7128219604492, ""xlai"": 0.4486806392669678, ""totir"": 20.0, ""tofer"": NaN, ""swfac"": 0.0, ""nstres"": 0.3818802237510681}",0.0,0.3818802237510681,3364.076232910156,562.7128219604492,0.4486806392669678,20.0,,0.0,0.0,20.0,0.0,14.075103759765623,22.075103759765625,Leave_One_experiments/all_year_offline_schedule_search/daily_outputs/SYA/SYA_2017_SYA2017_stress_grid_S0003_daily.csv
SYA,SYA,Shenyang,2017,Leave_One_experiments\wth_generated_qc\SYA\SYA2017.WTH,dry_year;water_stress_year;nitrogen_stress_year;irrigation_responsive_year,irrigation_responsive,SYA2017_stress_grid_S0003,irrigation_positive_candidate,2017-07-26,207,102,97,"{""sim_day"": 102.0, ""doy"": 207.0, ""topwt"": 3408.6929321289062, ""grnwt"": 635.349235534668, ""xlai"": 0.4338971674442291, ""totir"": 20.0, ""tofer"": NaN, ""swfac"": 0.0, ""nstres"": 0.3907686471939087}",0.0,0.3907686471939087,3408.6929321289062,635.349235534668,0.4338971674442291,20.0,,0.0,0.0,20.0,0.0,14.075103759765623,22.075103759765625,Leave_One_experiments/all_year_offline_schedule_search/daily_outputs/SYA/SYA_2017_SYA2017_stress_grid_S0003_daily.csv
SYA,SYA,Shenyang,2017,Leave_One_experiments\wth_generated_qc\SYA\SYA2017.WTH,dry_year;water_stress_year;nitrogen_stress_year;irrigation_responsive_year,irrigation_responsive,SYA2017_stress_grid_S0003,irrigation_positive_candidate,2017-07-27,208,103,98,"{""sim_day"": 103.0, ""doy"": 208.0, ""topwt"": 3492.1697998046875, ""grnwt"": 707.9856872558594, ""xlai"": 0.4196634292602539, ""totir"": 20.0, ""tofer"": NaN, ""swfac"": 0.0, ""nstres"": 0.3873010873794555}",0.0,0.3873010873794555,3492.1697998046875,707.9856872558594,0.4196634292602539,20.0,,0.0,0.0,20.0,0.0,14.075103759765623,22.075103759765625,Leave_One_experiments/all_year_offline_schedule_search/daily_outputs/SYA/SYA_2017_SYA2017_stress_grid_S0003_daily.csv
SYA,SYA,Shenyang,2017,Leave_One_experiments\wth_generated_qc\SYA\SYA2017.WTH,dry_year;water_stress_year;nitrogen_stress_year;irrigation_responsive_year,irrigation_responsive,SYA2017_stress_grid_S0003,irrigation_positive_candidate,2017-07-28,209,104,99,"{""sim_day"": 104.0, ""doy"": 209.0, ""topwt"": 3568.016357421875, ""grnwt"": 780.6221008300781, ""xlai"": 0.4060100018978119, ""totir"": 20.0, ""tofer"": NaN, ""swfac"": 0.0, ""nstres"": 0.380821943283081}",0.0,0.380821943283081,3568.016357421875,780.6221008300781,0.4060100018978119,20.0,,0.0,0.0,20.0,0.0,14.075103759765623,22.075103759765625,Leave_One_experiments/all_year_offline_schedule_search/daily_outputs/SYA/SYA_2017_SYA2017_stress_grid_S0003_daily.csv
SYA,SYA,Shenyang,2017,Leave_One_experiments\wth_generated_qc\SYA\SYA2017.WTH,dry_year;water_stress_year;nitrogen_stress_year;irrigation_responsive_year,irrigation_responsive,SYA2017_stress_grid_S0003,irrigation_positive_candidate,2017-07-29,210,105,100,"{""sim_day"": 105.0, ""doy"": 210.0, ""topwt"": 3646.410827636719, ""grnwt"": 853.2585144042969, ""xlai"": 0.3926587402820587, ""totir"": 20.0, ""tofer"": NaN, ""swfac"": 0.0, ""nstres"": 0.3892170190811157}",0.0,0.3892170190811157,3646.410827636719,853.2585144042969,0.3926587402820587,20.0,,0.0,0.0,20.0,0.0,14.075103759765623,22.075103759765625,Leave_One_experiments/all_year_offline_schedule_search/daily_outputs/SYA/SYA_2017_SYA2017_stress_grid_S0003_daily.csv
SYA,SYA,Shenyang,2017,Leave_One_experiments\wth_generated_qc\SYA\SYA2017.WTH,dry_year;water_stress_year;nitrogen_stress_year;irrigation_responsive_year,irrigation_responsive,SYA2017_stress_grid_S0003,irrigation_positive_candidate,2017-07-30,211,106,101,"{""sim_day"": 106.0, ""doy"": 211.0, ""topwt"": 3723.362426757813, ""grnwt"": 925.8949279785156, ""xlai"": 0.3796469569206238, ""totir"": 20.0, ""tofer"": NaN, ""swfac"": 0.0, ""nstres"": 0.3953051567077636}",0.0,0.3953051567077636,3723.362426757813,925.8949279785156,0.3796469569206238,20.0,,0.0,0.0,20.0,0.0,14.075103759765623,22.075103759765625,Leave_One_experiments/all_year_offline_schedule_search/daily_outputs/SYA/SYA_2017_SYA2017_stress_grid_S0003_daily.csv
SYA,SYA,Shenyang,2017,Leave_One_experiments\wth_generated_qc\SYA\SYA2017.WTH,dry_year;water_stress_year;nitrogen_stress_year;irrigation_responsive_year,irrigation_responsive,SYA2017_stress_grid_S0003,irrigation_positive_candidate,2017-07-31,212,107,102,"{""sim_day"": 107.0, ""doy"": 212.0, ""topwt"": 3781.907958984375, ""grnwt"": 998.5313415527344, ""xlai"": 0.3669488131999969, ""totir"": 20.0, ""tofer"": NaN, ""swfac"": 0.0, ""nstres"": 0.4027329683303833}",0.0,0.4027329683303833,3781.907958984375,998.5313415527344,0.3669488131999969,20.0,,0.0,0.0,20.0,0.0,14.075103759765623,22.075103759765625,Leave_One_experiments/all_year_offline_schedule_search/daily_outputs/SYA/SYA_2017_SYA2017_stress_grid_S0003_daily.csv
SYA,SYA,Shenyang,2017,Leave_One_experiments\wth_generated_qc\SYA\SYA2017.WTH,dry_year;water_stress_year;nitrogen_stress_year;irrigation_responsive_year,irrigation_responsive,SYA2017_stress_grid_S0003,irrigation_positive_candidate,2017-08-01,213,108,103,"{""sim_day"": 108.0, ""doy"": 213.0, ""topwt"": 3813.9056396484375, ""grnwt"": 1069.8058319091797, ""xlai"": 0.3545879125595093, ""totir"": 20.0, ""tofer"": NaN, ""swfac"": 0.0, ""nstres"": 0.4084539413452148}",0.0,0.4084539413452148,3813.9056396484375,1069.8058319091797,0.3545879125595093,20.0,,0.0,0.0,20.0,0.0,14.075103759765623,22.075103759765625,Leave_One_experiments/all_year_offline_schedule_search/daily_outputs/SYA/SYA_2017_SYA2017_stress_grid_S0003_daily.csv
SYA,SYA,Shenyang,2017,Leave_One_experiments\wth_generated_qc\SYA\SYA2017.WTH,dry_year;water_stress_year;nitrogen_stress_year;irrigation_responsive_year,irrigation_responsive,SYA2017_stress_grid_S0003,irrigation_positive_candidate,2017-08-02,214,109,104,"{""sim_day"": 109.0, ""doy"": 214.0, ""topwt"": 3834.092102050781, ""grnwt"": 1142.4422454833984, ""xlai"": 0.3426693379878998, ""totir"": 20.0, ""tofer"": NaN, ""swfac"": 0.0, ""nstres"": 0.4067007899284363}",0.0,0.4067007899284363,3834.092102050781,1142.4422454833984,0.3426693379878998,20.0,,0.0,0.0,20.0,0.0,14.075103759765623,22.075103759765625,Leave_One_experiments/all_year_offline_schedule_search/daily_outputs/SYA/SYA_2017_SYA2017_stress_grid_S0003_daily.csv
SYA,SYA,Shenyang,2017,Leave_One_experiments\wth_generated_qc\SYA\SYA2017.WTH,dry_year;water_stress_year;nitrogen_stress_year;irrigation_responsive_year,irrigation_responsive,SYA2017_stress_grid_S0003,irrigation_positive_candidate,2017-08-03,215,110,105,"{""sim_day"": 110.0, ""doy"": 215.0, ""topwt"": 3897.138671875, ""grnwt"": 1211.4468383789062, ""xlai"": 0.3313160240650177, ""totir"": 20.0, ""tofer"": NaN, ""swfac"": 0.0, ""nstres"": 0.3951678872108459}",0.0,0.3951678872108459,3897.138671875,1211.4468383789062,0.3313160240650177,20.0,,0.0,0.0,20.0,0.0,14.075103759765623,22.075103759765625,Leave_One_experiments/all_year_offline_schedule_search/daily_outputs/SYA/SYA_2017_SYA2017_stress_grid_S0003_daily.csv
SYA,SYA,Shenyang,2017,Leave_One_experiments\wth_generated_qc\SYA\SYA2017.WTH,dry_year;water_stress_year;nitrogen_stress_year;irrigation_responsive_year,irrigation_responsive,SYA2017_stress_grid_S0003,irrigation_positive_candidate,2017-08-04,216,111,106,"{""sim_day"": 111.0, ""doy"": 216.0, ""topwt"": 3937.080993652344, ""grnwt"": 1284.083251953125, ""xlai"": 0.3205916583538055, ""totir"": 20.0, ""tofer"": NaN, ""swfac"": 0.0, ""nstres"": 0.3768551349639892}",0.0,0.3768551349639892,3937.080993652344,1284.083251953125,0.3205916583538055,20.0,,0.0,0.0,20.0,0.0,14.075103759765623,22.075103759765625,Leave_One_experiments/all_year_offline_schedule_search/daily_outputs/SYA/SYA_2017_SYA2017_stress_grid_S0003_daily.csv
SYA,SYA,Shenyang,2017,Leave_One_experiments\wth_generated_qc\SYA\SYA2017.WTH,dry_year;water_stress_year;nitrogen_stress_year;irrigation_responsive_year,irrigation_responsive,SYA2017_stress_grid_S0003,irrigation_positive_candidate,2017-08-05,217,112,107,"{""sim_day"": 112.0, ""doy"": 217.0, ""topwt"": 3978.2308959960938, ""grnwt"": 1356.7196655273438, ""xlai"": 0.3101314604282379, ""totir"": 20.0, ""tofer"": NaN, ""swfac"": 0.0, ""nstres"": 0.383069634437561}",0.0,0.383069634437561,3978.2308959960938,1356.7196655273438,0.3101314604282379,20.0,,0.0,0.0,20.0,0.0,14.075103759765623,22.075103759765625,Leave_One_experiments/all_year_offline_schedule_search/daily_outputs/SYA/SYA_2017_SYA2017_stress_grid_S0003_daily.csv
SYA,SYA,Shenyang,2017,Leave_One_experiments\wth_generated_qc\SYA\SYA2017.WTH,dry_year;water_stress_year;nitrogen_stress_year;irrigation_responsive_year,irrigation_responsive,SYA2017_stress_grid_S0003,irrigation_positive_candidate,2017-08-06,218,113,108,"{""sim_day"": 113.0, ""doy"": 218.0, ""topwt"": 4013.3871459960938, ""grnwt"": 1429.3562316894531, ""xlai"": 0.3000726997852325, ""totir"": 20.0, ""tofer"": NaN, ""swfac"": 0.0, ""nstres"": 0.3784116506576538}",0.0,0.3784116506576538,4013.3871459960938,1429.3562316894531,0.3000726997852325,20.0,,0.0,0.0,20.0,0.0,14.075103759765623,22.075103759765625,Leave_One_experiments/all_year_offline_schedule_search/daily_outputs/SYA/SYA_2017_SYA2017_stress_grid_S0003_daily.csv
SYA,SYA,Shenyang,2017,Leave_One_experiments\wth_generated_qc\SYA\SYA2017.WTH,dry_year;water_stress_year;nitrogen_stress_year;irrigation_responsive_year,irrigation_responsive,SYA2017_stress_grid_S0003,irrigation_positive_candidate,2017-08-07,219,114,109,"{""sim_day"": 114.0, ""doy"": 219.0, ""topwt"": 4075.36376953125, ""grnwt"": 1501.992645263672, ""xlai"": 0.2904010713100433, ""totir"": 20.0, ""tofer"": NaN, ""swfac"": 0.0, ""nstres"": 0.3735461235046386}",0.0,0.3735461235046386,4075.36376953125,1501.992645263672,0.2904010713100433,20.0,,0.0,0.0,20.0,0.0,14.075103759765623,22.075103759765625,Leave_One_experiments/all_year_offline_schedule_search/daily_outputs/SYA/SYA_2017_SYA2017_stress_grid_S0003_daily.csv
SYA,SYA,Shenyang,2017,Leave_One_experiments\wth_generated_qc\SYA\SYA2017.WTH,dry_year;water_stress_year;nitrogen_stress_year;irrigation_responsive_year,irrigation_responsive,SYA2017_stress_grid_S0003,irrigation_positive_candidate,2017-08-08,220,115,110,"{""sim_day"": 115.0, ""doy"": 220.0, ""topwt"": 4124.0869140625, ""grnwt"": 1574.6292114257812, ""xlai"": 0.2811239063739776, ""totir"": 20.0, ""tofer"": NaN, ""swfac"": 0.0, ""nstres"": 0.366701602935791}",0.0,0.366701602935791,4124.0869140625,1574.6292114257812,0.2811239063739776,20.0,,0.0,0.0,20.0,0.0,14.075103759765623,22.075103759765625,Leave_One_experiments/all_year_offline_schedule_search/daily_outputs/SYA/SYA_2017_SYA2017_stress_grid_S0003_daily.csv
SYA,SYA,Shenyang,2017,Leave_One_experiments\wth_generated_qc\SYA\SYA2017.WTH,dry_year;water_stress_year;nitrogen_stress_year;irrigation_responsive_year,irrigation_responsive,SYA2017_stress_grid_S0003,irrigation_positive_candidate,2017-08-09,221,116,111,"{""sim_day"": 116.0, ""doy"": 221.0, ""topwt"": 4159.4073486328125, ""grnwt"": 1647.265625, ""xlai"": 0.2720431089401245, ""totir"": 20.0, ""tofer"": NaN, ""swfac"": 0.0, ""nstres"": 0.3752408027648926}",0.0,0.3752408027648926,4159.4073486328125,1647.265625,0.2720431089401245,20.0,,0.0,0.0,20.0,0.0,14.075103759765623,22.075103759765625,Leave_One_experiments/all_year_offline_schedule_search/daily_outputs/SYA/SYA_2017_SYA2017_stress_grid_S0003_daily.csv
SYA,SYA,Shenyang,2017,Leave_One_experiments\wth_generated_qc\SYA\SYA2017.WTH,dry_year;water_stress_year;nitrogen_stress_year;irrigation_responsive_year,irrigation_responsive,SYA2017_stress_grid_S0003,irrigation_positive_candidate,2017-08-10,222,117,112,"{""sim_day"": 117.0, ""doy"": 222.0, ""topwt"": 4206.151123046875, ""grnwt"": 1719.9021911621094, ""xlai"": 0.2632536292076111, ""totir"": 20.0, ""tofer"": NaN, ""swfac"": 0.0, ""nstres"": 0.3754165768623352}",0.0,0.3754165768623352,4206.151123046875,1719.9021911621094,0.2632536292076111,20.0,,0.0,0.0,20.0,0.0,14.075103759765623,22.075103759765625,Leave_One_experiments/all_year_offline_schedule_search/daily_outputs/SYA/SYA_2017_SYA2017_stress_grid_S0003_daily.csv
SYA,SYA,Shenyang,2017,Leave_One_experiments\wth_generated_qc\SYA\SYA2017.WTH,dry_year;water_stress_year;nitrogen_stress_year;irrigation_responsive_year,irrigation_responsive,SYA2017_stress_grid_S0003,irrigation_positive_candidate,2017-08-11,223,118,113,"{""sim_day"": 118.0, ""doy"": 223.0, ""topwt"": 4243.4942626953125, ""grnwt"": 1787.9988098144531, ""xlai"": 0.2548123300075531, ""totir"": 20.0, ""tofer"": NaN, ""swfac"": 0.0, ""nstres"": 0.3695669174194336}",0.0,0.3695669174194336,4243.4942626953125,1787.9988098144531,0.2548123300075531,20.0,,0.0,0.0,20.0,0.0,14.075103759765623,22.075103759765625,Leave_One_experiments/all_year_offline_schedule_search/daily_outputs/SYA/SYA_2017_SYA2017_stress_grid_S0003_daily.csv
SYA,SYA,Shenyang,2017,Leave_One_experiments\wth_generated_qc\SYA\SYA2017.WTH,dry_year;water_stress_year;nitrogen_stress_year;irrigation_responsive_year,irrigation_responsive,SYA2017_stress_grid_S0003,irrigation_positive_candidate,2017-08-12,224,119,114,"{""sim_day"": 119.0, ""doy"": 224.0, ""topwt"": 4297.625732421875, ""grnwt"": 1860.6353759765625, ""xlai"": 0.2466532886028289, ""totir"": 20.0, ""tofer"": NaN, ""swfac"": 0.0, ""nstres"": 0.3684675097465515}",0.0,0.3684675097465515,4297.625732421875,1860.6353759765625,0.2466532886028289,20.0,,0.0,0.0,20.0,0.0,14.075103759765623,22.075103759765625,Leave_One_experiments/all_year_offline_schedule_search/daily_outputs/SYA/SYA_2017_SYA2017_stress_grid_S0003_daily.csv
SYA,SYA,Shenyang,2017,Leave_One_experiments\wth_generated_qc\SYA\SYA2017.WTH,dry_year;water_stress_year;nitrogen_stress_year;irrigation_responsive_year,irrigation_responsive,SYA2017_stress_grid_S0003,irrigation_positive_candidate,2017-08-13,225,120,115,"{""sim_day"": 120.0, ""doy"": 225.0, ""topwt"": 4310.921325683594, ""grnwt"": 1933.2717895507808, ""xlai"": 0.2387517690658569, ""totir"": 20.0, ""tofer"": NaN, ""swfac"": 0.0, ""nstres"": 0.368838369846344}",0.0,0.368838369846344,4310.921325683594,1933.2717895507808,0.2387517690658569,20.0,,0.0,0.0,20.0,0.0,14.075103759765623,22.075103759765625,Leave_One_experiments/all_year_offline_schedule_search/daily_outputs/SYA/SYA_2017_SYA2017_stress_grid_S0003_daily.csv
SYA,SYA,Shenyang,2017,Leave_One_experiments\wth_generated_qc\SYA\SYA2017.WTH,dry_year;water_stress_year;nitrogen_stress_year;irrigation_responsive_year,irrigation_responsive,SYA2017_stress_grid_S0003,irrigation_positive_candidate,2017-08-14,226,121,116,"{""sim_day"": 121.0, ""doy"": 226.0, ""topwt"": 4339.1925048828125, ""grnwt"": 2005.9083557128904, ""xlai"": 0.2310294359922409, ""totir"": 20.0, ""tofer"": NaN, ""swfac"": 0.0, ""nstres"": 0.376272976398468}",0.0,0.376272976398468,4339.1925048828125,2005.9083557128904,0.2310294359922409,20.0,,0.0,0.0,20.0,0.0,14.075103759765623,22.075103759765625,Leave_One_experiments/all_year_offline_schedule_search/daily_outputs/SYA/SYA_2017_SYA2017_stress_grid_S0003_daily.csv
SYA,SYA,Shenyang,2017,Leave_One_experiments\wth_generated_qc\SYA\SYA2017.WTH,dry_year;water_stress_year;nitrogen_stress_year;irrigation_responsive_year,irrigation_responsive,SYA2017_stress_grid_S0003,irrigation_positive_candidate,2017-08-15,227,122,117,"{""sim_day"": 122.0, ""doy"": 227.0, ""topwt"": 4378.366394042969, ""grnwt"": 2078.5447692871094, ""xlai"": 0.2237170040607452, ""totir"": 20.0, ""tofer"": NaN, ""swfac"": 0.0, ""nstres"": 0.3596378564834595}",0.0,0.3596378564834595,4378.366394042969,2078.5447692871094,0.2237170040607452,20.0,,0.0,0.0,20.0,0.0,14.075103759765623,22.075103759765625,Leave_One_experiments/all_year_offline_schedule_search/daily_outputs/SYA/SYA_2017_SYA2017_stress_grid_S0003_daily.csv
SYA,SYA,Shenyang,2017,Leave_One_experiments\wth_generated_qc\SYA\SYA2017.WTH,dry_year;water_stress_year;nitrogen_stress_year;irrigation_responsive_year,irrigation_responsive,SYA2017_stress_grid_S0003,irrigation_positive_candidate,2017-08-16,228,123,118,"{""sim_day"": 123.0, ""doy"": 228.0, ""topwt"": 4397.6007080078125, ""grnwt"": 2151.1813354492188, ""xlai"": 0.2166720628738403, ""totir"": 20.0, ""tofer"": NaN, ""swfac"": 0.0, ""nstres"": 0.355774462223053}",0.0,0.355774462223053,4397.6007080078125,2151.1813354492188,0.2166720628738403,20.0,,0.0,0.0,20.0,0.0,14.075103759765623,22.075103759765625,Leave_One_experiments/all_year_offline_schedule_search/daily_outputs/SYA/SYA_2017_SYA2017_stress_grid_S0003_daily.csv
SYA,SYA,Shenyang,2017,Leave_One_experiments\wth_generated_qc\SYA\SYA2017.WTH,dry_year;water_stress_year;nitrogen_stress_year;irrigation_responsive_year,irrigation_responsive,SYA2017_stress_grid_S0003,irrigation_positive_candidate,2017-08-17,229,124,119,"{""sim_day"": 124.0, ""doy"": 229.0, ""topwt"": 4420.656127929688, ""grnwt"": 2223.817901611328, ""xlai"": 0.2097895443439483, ""totir"": 20.0, ""tofer"": NaN, ""swfac"": 0.0, ""nstres"": 0.3623461723327636}",0.0,0.3623461723327636,4420.656127929688,2223.817901611328,0.2097895443439483,20.0,,0.0,0.0,20.0,0.0,14.075103759765623,22.075103759765625,Leave_One_experiments/all_year_offline_schedule_search/daily_outputs/SYA/SYA_2017_SYA2017_stress_grid_S0003_daily.csv
SYA,SYA,Shenyang,2017,Leave_One_experiments\wth_generated_qc\SYA\SYA2017.WTH,dry_year;water_stress_year;nitrogen_stress_year;irrigation_responsive_year,irrigation_responsive,SYA2017_stress_grid_S0003,irrigation_positive_candidate,2017-08-18,230,125,120,"{""sim_day"": 125.0, ""doy"": 230.0, ""topwt"": 4458.520812988281, ""grnwt"": 2296.454315185547, ""xlai"": 0.203191265463829, ""totir"": 20.0, ""tofer"": NaN, ""swfac"": 0.0, ""nstres"": 0.3548437356948852}",0.0,0.3548437356948852,4458.520812988281,2296.454315185547,0.203191265463829,20.0,,0.0,0.0,20.0,0.0,14.075103759765623,22.075103759765625,Leave_One_experiments/all_year_offline_schedule_search/daily_outputs/SYA/SYA_2017_SYA2017_stress_grid_S0003_daily.csv
SYA,SYA,Shenyang,2017,Leave_One_experiments\wth_generated_qc\SYA\SYA2017.WTH,dry_year;water_stress_year;nitrogen_stress_year;irrigation_responsive_year,irrigation_responsive,SYA2017_stress_grid_S0003,irrigation_positive_candidate,2017-08-19,231,126,121,"{""sim_day"": 126.0, ""doy"": 231.0, ""topwt"": 4500.2130126953125, ""grnwt"": 2369.090881347656, ""xlai"": 0.1967433840036392, ""totir"": 20.0, ""tofer"": NaN, ""swfac"": 0.0, ""nstres"": 0.3615931272506714}",0.0,0.3615931272506714,4500.2130126953125,2369.090881347656,0.1967433840036392,20.0,,0.0,0.0,20.0,0.0,14.075103759765623,22.075103759765625,Leave_One_experiments/all_year_offline_schedule_search/daily_outputs/SYA/SYA_2017_SYA2017_stress_grid_S0003_daily.csv
SYA,SYA,Shenyang,2017,Leave_One_experiments\wth_generated_qc\SYA\SYA2017.WTH,dry_year;water_stress_year;nitrogen_stress_year;irrigation_responsive_year,irrigation_responsive,SYA2017_stress_grid_S0003,irrigation_positive_candidate,2017-08-20,232,127,122,"{""sim_day"": 127.0, ""doy"": 232.0, ""topwt"": 4522.525939941406, ""grnwt"": 2407.5103759765625, ""xlai"": 0.1903354376554489, ""totir"": 20.0, ""tofer"": NaN, ""swfac"": 0.0, ""nstres"": 0.381685733795166}",0.0,0.381685733795166,4522.525939941406,2407.5103759765625,0.1903354376554489,20.0,,0.0,0.0,20.0,0.0,14.075103759765623,22.075103759765625,Leave_One_experiments/all_year_offline_schedule_search/daily_outputs/SYA/SYA_2017_SYA2017_stress_grid_S0003_daily.csv
SYA,SYA,Shenyang,2017,Leave_One_experiments\wth_generated_qc\SYA\SYA2017.WTH,dry_year;water_stress_year;nitrogen_stress_year;irrigation_responsive_year,irrigation_responsive,SYA2017_stress_grid_S0003,irrigation_positive_candidate,2017-08-21,233,128,123,"{""sim_day"": 128.0, ""doy"": 233.0, ""topwt"": 4522.525939941406, ""grnwt"": 2407.5103759765625, ""xlai"": 0.1903354376554489, ""totir"": 20.0, ""tofer"": NaN, ""swfac"": 0.0, ""nstres"": 0.3556689620018005}",0.0,0.3556689620018005,4522.525939941406,2407.5103759765625,0.1903354376554489,20.0,,0.0,0.0,20.0,0.0,14.075103759765623,22.075103759765625,Leave_One_experiments/all_year_offline_schedule_search/daily_outputs/SYA/SYA_2017_SYA2017_stress_grid_S0003_daily.csv
SYA,SYA,Shenyang,2017,Leave_One_experiments\wth_generated_qc\SYA\SYA2017.WTH,dry_year;water_stress_year;nitrogen_stress_year;irrigation_responsive_year,irrigation_responsive,SYA2017_stress_grid_S0003,irrigation_positive_candidate,2017-08-22,234,129,124,"{""sim_day"": 129.0, ""doy"": 234.0, ""topwt"": 4522.525939941406, ""grnwt"": 2407.5103759765625, ""xlai"": 0.1903354376554489, ""totir"": 20.0, ""tofer"": NaN, ""swfac"": 0.0, ""nstres"": 0.3556689620018005}",0.0,0.3556689620018005,4522.525939941406,2407.5103759765625,0.1903354376554489,20.0,,0.0,0.0,20.0,0.0,14.075103759765623,22.075103759765625,Leave_One_experiments/all_year_offline_schedule_search/daily_outputs/SYA/SYA_2017_SYA2017_stress_grid_S0003_daily.csv
SYA,SYA,Shenyang,2017,Leave_One_experiments\wth_generated_qc\SYA\SYA2017.WTH,dry_year;water_stress_year;nitrogen_stress_year;irrigation_responsive_year,irrigation_responsive,SYA2017_stress_grid_S0003,irrigation_positive_candidate,2017-08-23,235,130,125,"{""sim_day"": 130.0, ""doy"": 235.0, ""topwt"": 4522.525939941406, ""grnwt"": 2407.5103759765625, ""xlai"": 0.1903354376554489, ""totir"": 20.0, ""tofer"": NaN, ""swfac"": 0.0, ""nstres"": 0.3556689620018005}",0.0,0.3556689620018005,4522.525939941406,2407.5103759765625,0.1903354376554489,20.0,,0.0,0.0,20.0,0.0,14.075103759765623,22.075103759765625,Leave_One_experiments/all_year_offline_schedule_search/daily_outputs/SYA/SYA_2017_SYA2017_stress_grid_S0003_daily.csv
SYA,SYA,Shenyang,2017,Leave_One_experiments\wth_generated_qc\SYA\SYA2017.WTH,dry_year;water_stress_year;nitrogen_stress_year;irrigation_responsive_year,irrigation_responsive,SYA2017_stress_grid_S0002,pareto_balanced,2017-04-21,111,1,1,"{""sim_day"": 1.0, ""doy"": 111.0, ""topwt"": 0.0, ""grnwt"": 0.0, ""xlai"": 0.0, ""totir"": 0.0, ""tofer"": NaN, ""swfac"": 0.0, ""nstres"": 0.0}",0.0,0.0,0.0,0.0,0.0,0.0,,0.0,0.0,120.0,0.0,-33.58887939453125,14.41112060546875,Leave_One_experiments/all_year_offline_schedule_search/daily_outputs/SYA/SYA_2017_SYA2017_stress_grid_S0002_daily.csv
SYA,SYA,Shenyang,2017,Leave_One_experiments\wth_generated_qc\SYA\SYA2017.WTH,dry_year;water_stress_year;nitrogen_stress_year;irrigation_responsive_year,irrigation_responsive,SYA2017_stress_grid_S0002,pareto_balanced,2017-04-22,112,2,2,"{""sim_day"": 2.0, ""doy"": 112.0, ""topwt"": 0.0, ""grnwt"": 0.0, ""xlai"": 0.0, ""totir"": 0.0, ""tofer"": NaN, ""swfac"": 0.0, ""nstres"": 0.0}",0.0,0.0,0.0,0.0,0.0,0.0,,0.0,0.0,120.0,0.0,-33.58887939453125,14.41112060546875,Leave_One_experiments/all_year_offline_schedule_search/daily_outputs/SYA/SYA_2017_SYA2017_stress_grid_S0002_daily.csv
SYA,SYA,Shenyang,2017,Leave_One_experiments\wth_generated_qc\SYA\SYA2017.WTH,dry_year;water_stress_year;nitrogen_stress_year;irrigation_responsive_year,irrigation_responsive,SYA2017_stress_grid_S0002,pareto_balanced,2017-04-23,113,3,3,"{""sim_day"": 3.0, ""doy"": 113.0, ""topwt"": 0.0, ""grnwt"": 0.0, ""xlai"": 0.0, ""totir"": 0.0, ""tofer"": NaN, ""swfac"": 0.0, ""nstres"": 0.0}",0.0,0.0,0.0,0.0,0.0,0.0,,0.0,0.0,120.0,0.0,-33.58887939453125,14.41112060546875,Leave_One_experiments/all_year_offline_schedule_search/daily_outputs/SYA/SYA_2017_SYA2017_stress_grid_S0002_daily.csv
SYA,SYA,Shenyang,2017,Leave_One_experiments\wth_generated_qc\SYA\SYA2017.WTH,dry_year;water_stress_year;nitrogen_stress_year;irrigation_responsive_year,irrigation_responsive,SYA2017_stress_grid_S0002,pareto_balanced,2017-04-24,114,4,4,"{""sim_day"": 4.0, ""doy"": 114.0, ""topwt"": 0.0, ""grnwt"": 0.0, ""xlai"": 0.0, ""totir"": 0.0, ""tofer"": NaN, ""swfac"": 0.0, ""nstres"": 0.0}",0.0,0.0,0.0,0.0,0.0,0.0,,0.0,0.0,120.0,0.0,-33.58887939453125,14.41112060546875,Leave_One_experiments/all_year_offline_schedule_search/daily_outputs/SYA/SYA_2017_SYA2017_stress_grid_S0002_daily.csv
SYA,SYA,Shenyang,2017,Leave_One_experiments\wth_generated_qc\SYA\SYA2017.WTH,dry_year;water_stress_year;nitrogen_stress_year;irrigation_responsive_year,irrigation_responsive,SYA2017_stress_grid_S0002,pareto_balanced,2017-04-25,115,5,5,"{""sim_day"": 5.0, ""doy"": 115.0, ""topwt"": 0.0, ""grnwt"": 0.0, ""xlai"": 0.0, ""totir"": 0.0, ""tofer"": NaN, ""swfac"": 0.0, ""nstres"": 0.0}",0.0,0.0,0.0,0.0,0.0,0.0,,0.0,0.0,120.0,0.0,-33.58887939453125,14.41112060546875,Leave_One_experiments/all_year_offline_schedule_search/daily_outputs/SYA/SYA_2017_SYA2017_stress_grid_S0002_daily.csv
SYA,SYA,Shenyang,2017,Leave_One_experiments\wth_generated_qc\SYA\SYA2017.WTH,dry_year;water_stress_year;nitrogen_stress_year;irrigation_responsive_year,irrigation_responsive,SYA2017_stress_grid_S0002,pareto_balanced,2017-04-21,111,6,1,"{""sim_day"": 6.0, ""doy"": 111.0, ""topwt"": 0.0, ""grnwt"": 0.0, ""xlai"": 0.0, ""totir"": 0.0, ""tofer"": NaN, ""swfac"": 0.0, ""nstres"": 0.0}",0.0,0.0,0.0,0.0,0.0,0.0,,0.0,0.0,120.0,0.0,-33.58887939453125,14.41112060546875,Leave_One_experiments/all_year_offline_schedule_search/daily_outputs/SYA/SYA_2017_SYA2017_stress_grid_S0002_daily.csv
SYA,SYA,Shenyang,2017,Leave_One_experiments\wth_generated_qc\SYA\SYA2017.WTH,dry_year;water_stress_year;nitrogen_stress_year;irrigation_responsive_year,irrigation_responsive,SYA2017_stress_grid_S0002,pareto_balanced,2017-04-22,112,7,2,"{""sim_day"": 7.0, ""doy"": 112.0, ""topwt"": 0.0, ""grnwt"": 0.0, ""xlai"": 0.0, ""totir"": 0.0, ""tofer"": NaN, ""swfac"": 0.0, ""nstres"": 0.0}",0.0,0.0,0.0,0.0,0.0,0.0,,0.0,0.0,120.0,0.0,-33.58887939453125,14.41112060546875,Leave_One_experiments/all_year_offline_schedule_search/daily_outputs/SYA/SYA_2017_SYA2017_stress_grid_S0002_daily.csv
SYA,SYA,Shenyang,2017,Leave_One_experiments\wth_generated_qc\SYA\SYA2017.WTH,dry_year;water_stress_year;nitrogen_stress_year;irrigation_responsive_year,irrigation_responsive,SYA2017_stress_grid_S0002,pareto_balanced,2017-04-23,113,8,3,"{""sim_day"": 8.0, ""doy"": 113.0, ""topwt"": 0.0, ""grnwt"": 0.0, ""xlai"": 0.0, ""totir"": 0.0, ""tofer"": NaN, ""swfac"": 0.0, ""nstres"": 0.0}",0.0,0.0,0.0,0.0,0.0,0.0,,0.0,0.0,120.0,0.0,-33.58887939453125,14.41112060546875,Leave_One_experiments/all_year_offline_schedule_search/daily_outputs/SYA/SYA_2017_SYA2017_stress_grid_S0002_daily.csv
SYA,SYA,Shenyang,2017,Leave_One_experiments\wth_generated_qc\SYA\SYA2017.WTH,dry_year;water_stress_year;nitrogen_stress_year;irrigation_responsive_year,irrigation_responsive,SYA2017_stress_grid_S0002,pareto_balanced,2017-04-24,114,9,4,"{""sim_day"": 9.0, ""doy"": 114.0, ""topwt"": 0.0, ""grnwt"": 0.0, ""xlai"": 0.0, ""totir"": 0.0, ""tofer"": NaN, ""swfac"": 0.0, ""nstres"": 0.0}",0.0,0.0,0.0,0.0,0.0,0.0,,0.0,0.0,120.0,0.0,-33.58887939453125,14.41112060546875,Leave_One_experiments/all_year_offline_schedule_search/daily_outputs/SYA/SYA_2017_SYA2017_stress_grid_S0002_daily.csv
SYA,SYA,Shenyang,2017,Leave_One_experiments\wth_generated_qc\SYA\SYA2017.WTH,dry_year;water_stress_year;nitrogen_stress_year;irrigation_responsive_year,irrigation_responsive,SYA2017_stress_grid_S0002,pareto_balanced,2017-04-25,115,10,5,"{""sim_day"": 10.0, ""doy"": 115.0, ""topwt"": 0.0, ""grnwt"": 0.0, ""xlai"": 0.0, ""totir"": 0.0, ""tofer"": NaN, ""swfac"": 0.0, ""nstres"": 0.0}",0.0,0.0,0.0,0.0,0.0,0.0,,0.0,0.0,120.0,0.0,-33.58887939453125,14.41112060546875,Leave_One_experiments/all_year_offline_schedule_search/daily_outputs/SYA/SYA_2017_SYA2017_stress_grid_S0002_daily.csv
SYA,SYA,Shenyang,2017,Leave_One_experiments\wth_generated_qc\SYA\SYA2017.WTH,dry_year;water_stress_year;nitrogen_stress_year;irrigation_responsive_year,irrigation_responsive,SYA2017_stress_grid_S0002,pareto_balanced,2017-04-26,116,11,6,"{""sim_day"": 11.0, ""doy"": 116.0, ""topwt"": 0.0, ""grnwt"": 0.0, ""xlai"": 0.0, ""totir"": 0.0, ""tofer"": NaN, ""swfac"": 0.0, ""nstres"": 0.0}",0.0,0.0,0.0,0.0,0.0,0.0,,0.0,0.0,120.0,0.0,-33.58887939453125,14.41112060546875,Leave_One_experiments/all_year_offline_schedule_search/daily_outputs/SYA/SYA_2017_SYA2017_stress_grid_S0002_daily.csv
SYA,SYA,Shenyang,2017,Leave_One_experiments\wth_generated_qc\SYA\SYA2017.WTH,dry_year;water_stress_year;nitrogen_stress_year;irrigation_responsive_year,irrigation_responsive,SYA2017_stress_grid_S0002,pareto_balanced,2017-04-27,117,12,7,"{""sim_day"": 12.0, ""doy"": 117.0, ""topwt"": 0.0, ""grnwt"": 0.0, ""xlai"": 0.0, ""totir"": 0.0, ""tofer"": NaN, ""swfac"": 0.0, ""nstres"": 0.0}",0.0,0.0,0.0,0.0,0.0,0.0,,0.0,0.0,120.0,0.0,-33.58887939453125,14.41112060546875,Leave_One_experiments/all_year_offline_schedule_search/daily_outputs/SYA/SYA_2017_SYA2017_stress_grid_S0002_daily.csv
SYA,SYA,Shenyang,2017,Leave_One_experiments\wth_generated_qc\SYA\SYA2017.WTH,dry_year;water_stress_year;nitrogen_stress_year;irrigation_responsive_year,irrigation_responsive,SYA2017_stress_grid_S0002,pareto_balanced,2017-04-28,118,13,8,"{""sim_day"": 13.0, ""doy"": 118.0, ""topwt"": 0.0, ""grnwt"": 0.0, ""xlai"": 0.0, ""totir"": 0.0, ""tofer"": NaN, ""swfac"": 0.0, ""nstres"": 0.0}",0.0,0.0,0.0,0.0,0.0,0.0,,0.0,0.0,120.0,0.0,-33.58887939453125,14.41112060546875,Leave_One_experiments/all_year_offline_schedule_search/daily_outputs/SYA/SYA_2017_SYA2017_stress_grid_S0002_daily.csv
SYA,SYA,Shenyang,2017,Leave_One_experiments\wth_generated_qc\SYA\SYA2017.WTH,dry_year;water_stress_year;nitrogen_stress_year;irrigation_responsive_year,irrigation_responsive,SYA2017_stress_grid_S0002,pareto_balanced,2017-04-29,119,14,9,"{""sim_day"": 14.0, ""doy"": 119.0, ""topwt"": 0.0, ""grnwt"": 0.0, ""xlai"": 0.0, ""totir"": 0.0, ""tofer"": NaN, ""swfac"": 0.0, ""nstres"": 0.0}",0.0,0.0,0.0,0.0,0.0,0.0,,0.0,0.0,120.0,0.0,-33.58887939453125,14.41112060546875,Leave_One_experiments/all_year_offline_schedule_search/daily_outputs/SYA/SYA_2017_SYA2017_stress_grid_S0002_daily.csv
SYA,SYA,Shenyang,2017,Leave_One_experiments\wth_generated_qc\SYA\SYA2017.WTH,dry_year;water_stress_year;nitrogen_stress_year;irrigation_responsive_year,irrigation_responsive,SYA2017_stress_grid_S0002,pareto_balanced,2017-04-30,120,15,10,"{""sim_day"": 15.0, ""doy"": 120.0, ""topwt"": 0.0, ""grnwt"": 0.0, ""xlai"": 0.0, ""totir"": 0.0, ""tofer"": NaN, ""swfac"": 0.0, ""nstres"": 0.0}",0.0,0.0,0.0,0.0,0.0,0.0,,0.0,0.0,120.0,0.0,-33.58887939453125,14.41112060546875,Leave_One_experiments/all_year_offline_schedule_search/daily_outputs/SYA/SYA_2017_SYA2017_stress_grid_S0002_daily.csv
SYA,SYA,Shenyang,2017,Leave_One_experiments\wth_generated_qc\SYA\SYA2017.WTH,dry_year;water_stress_year;nitrogen_stress_year;irrigation_responsive_year,irrigation_responsive,SYA2017_stress_grid_S0002,pareto_balanced,2017-05-01,121,16,11,"{""sim_day"": 16.0, ""doy"": 121.0, ""topwt"": 17.600001096725464, ""grnwt"": 0.0, ""xlai"": 0.0017909093294292, ""totir"": 0.0, ""tofer"": NaN, ""swfac"": 0.0, ""nstres"": 0.0121910572052001}",0.0,0.0121910572052001,17.600001096725464,0.0,0.0017909093294292,0.0,,0.0,0.0,120.0,0.0,-33.58887939453125,14.41112060546875,Leave_One_experiments/all_year_offline_schedule_search/daily_outputs/SYA/SYA_2017_SYA2017_stress_grid_S0002_daily.csv
SYA,SYA,Shenyang,2017,Leave_One_experiments\wth_generated_qc\SYA\SYA2017.WTH,dry_year;water_stress_year;nitrogen_stress_year;irrigation_responsive_year,irrigation_responsive,SYA2017_stress_grid_S0002,pareto_balanced,2017-05-02,122,17,12,"{""sim_day"": 17.0, ""doy"": 122.0, ""topwt"": 17.600001096725464, ""grnwt"": 0.0, ""xlai"": 0.003496044082567, ""totir"": 0.0, ""tofer"": NaN, ""swfac"": 0.0, ""nstres"": 0.0143770575523376}",0.0,0.0143770575523376,17.600001096725464,0.0,0.003496044082567,0.0,,0.0,0.0,120.0,0.0,-33.58887939453125,14.41112060546875,Leave_One_experiments/all_year_offline_schedule_search/daily_outputs/SYA/SYA_2017_SYA2017_stress_grid_S0002_daily.csv
SYA,SYA,Shenyang,2017,Leave_One_experiments\wth_generated_qc\SYA\SYA2017.WTH,dry_year;water_stress_year;nitrogen_stress_year;irrigation_responsive_year,irrigation_responsive,SYA2017_stress_grid_S0002,pareto_balanced,2017-05-03,123,18,13,"{""sim_day"": 18.0, ""doy"": 123.0, ""topwt"": 17.600001096725464, ""grnwt"": 0.0, ""xlai"": 0.0046980665065348, ""totir"": 0.0, ""tofer"": NaN, ""swfac"": 0.0, ""nstres"": 0.0108940005302429}",0.0,0.0108940005302429,17.600001096725464,0.0,0.0046980665065348,0.0,,0.0,0.0,120.0,0.0,-33.58887939453125,14.41112060546875,Leave_One_experiments/all_year_offline_schedule_search/daily_outputs/SYA/SYA_2017_SYA2017_stress_grid_S0002_daily.csv
SYA,SYA,Shenyang,2017,Leave_One_experiments\wth_generated_qc\SYA\SYA2017.WTH,dry_year;water_stress_year;nitrogen_stress_year;irrigation_responsive_year,irrigation_responsive,SYA2017_stress_grid_S0002,pareto_balanced,2017-05-04,124,19,14,"{""sim_day"": 19.0, ""doy"": 124.0, ""topwt"": 17.600001096725464, ""grnwt"": 0.0, ""xlai"": 0.0054182135500013, ""totir"": 0.0, ""tofer"": NaN, ""swfac"": 0.0, ""nstres"": 0.0088577270507812}",0.0,0.0088577270507812,17.600001096725464,0.0,0.0054182135500013,0.0,,0.0,0.0,120.0,0.0,-33.58887939453125,14.41112060546875,Leave_One_experiments/all_year_offline_schedule_search/daily_outputs/SYA/SYA_2017_SYA2017_stress_grid_S0002_daily.csv
SYA,SYA,Shenyang,2017,Leave_One_experiments\wth_generated_qc\SYA\SYA2017.WTH,dry_year;water_stress_year;nitrogen_stress_year;irrigation_responsive_year,irrigation_responsive,SYA2017_stress_grid_S0002,pareto_balanced,2017-05-05,125,20,15,"{""sim_day"": 20.0, ""doy"": 125.0, ""topwt"": 17.600001096725464, ""grnwt"": 0.0, ""xlai"": 0.0061569614335894, ""totir"": 0.0, ""tofer"": NaN, ""swfac"": 0.0, ""nstres"": 0.0068429708480834}",0.0,0.0068429708480834,17.600001096725464,0.0,0.0061569614335894,0.0,,0.0,0.0,120.0,0.0,-33.58887939453125,14.41112060546875,Leave_One_experiments/all_year_offline_schedule_search/daily_outputs/SYA/SYA_2017_SYA2017_stress_grid_S0002_daily.csv
SYA,SYA,Shenyang,2017,Leave_One_experiments\wth_generated_qc\SYA\SYA2017.WTH,dry_year;water_stress_year;nitrogen_stress_year;irrigation_responsive_year,irrigation_responsive,SYA2017_stress_grid_S0002,pareto_balanced,2017-05-06,126,21,16,"{""sim_day"": 21.0, ""doy"": 126.0, ""topwt"": 17.600001096725464, ""grnwt"": 0.0, ""xlai"": 0.0072945640422403, ""totir"": 0.0, ""tofer"": NaN, ""swfac"": 0.0, ""nstres"": 0.003618836402893}",0.0,0.003618836402893,17.600001096725464,0.0,0.0072945640422403,0.0,,0.0,0.0,120.0,0.0,-33.58887939453125,14.41112060546875,Leave_One_experiments/all_year_offline_schedule_search/daily_outputs/SYA/SYA_2017_SYA2017_stress_grid_S0002_daily.csv
SYA,SYA,Shenyang,2017,Leave_One_experiments\wth_generated_qc\SYA\SYA2017.WTH,dry_year;water_stress_year;nitrogen_stress_year;irrigation_responsive_year,irrigation_responsive,SYA2017_stress_grid_S0002,pareto_balanced,2017-05-07,127,22,17,"{""sim_day"": 22.0, ""doy"": 127.0, ""topwt"": 17.600001096725464, ""grnwt"": 0.0, ""xlai"": 0.0094712227582931, ""totir"": 0.0, ""tofer"": NaN, ""swfac"": 0.0, ""nstres"": 0.0}",0.0,0.0,17.600001096725464,0.0,0.0094712227582931,0.0,,0.0,0.0,120.0,0.0,-33.58887939453125,14.41112060546875,Leave_One_experiments/all_year_offline_schedule_search/daily_outputs/SYA/SYA_2017_SYA2017_stress_grid_S0002_daily.csv
SYA,SYA,Shenyang,2017,Leave_One_experiments\wth_generated_qc\SYA\SYA2017.WTH,dry_year;water_stress_year;nitrogen_stress_year;irrigation_responsive_year,irrigation_responsive,SYA2017_stress_grid_S0002,pareto_balanced,2017-05-08,128,23,18,"{""sim_day"": 23.0, ""doy"": 128.0, ""topwt"": 17.600001096725464, ""grnwt"": 0.0, ""xlai"": 0.0115533024072647, ""totir"": 0.0, ""tofer"": NaN, ""swfac"": 0.0, ""nstres"": 0.0}",0.0,0.0,17.600001096725464,0.0,0.0115533024072647,0.0,,0.0,0.0,120.0,0.0,-33.58887939453125,14.41112060546875,Leave_One_experiments/all_year_offline_schedule_search/daily_outputs/SYA/SYA_2017_SYA2017_stress_grid_S0002_daily.csv
SYA,SYA,Shenyang,2017,Leave_One_experiments\wth_generated_qc\SYA\SYA2017.WTH,dry_year;water_stress_year;nitrogen_stress_year;irrigation_responsive_year,irrigation_responsive,SYA2017_stress_grid_S0002,pareto_balanced,2017-05-09,129,24,19,"{""sim_day"": 24.0, ""doy"": 129.0, ""topwt"": 17.600001096725464, ""grnwt"": 0.0, ""xlai"": 0.0177568010985851, ""totir"": 0.0, ""tofer"": NaN, ""swfac"": 0.0, ""nstres"": 0.0}",0.0,0.0,17.600001096725464,0.0,0.0177568010985851,0.0,,0.0,0.0,120.0,0.0,-33.58887939453125,14.41112060546875,Leave_One_experiments/all_year_offline_schedule_search/daily_outputs/SYA/SYA_2017_SYA2017_stress_grid_S0002_daily.csv
SYA,SYA,Shenyang,2017,Leave_One_experiments\wth_generated_qc\SYA\SYA2017.WTH,dry_year;water_stress_year;nitrogen_stress_year;irrigation_responsive_year,irrigation_responsive,SYA2017_stress_grid_S0002,pareto_balanced,2017-05-10,130,25,20,"{""sim_day"": 25.0, ""doy"": 130.0, ""topwt"": 17.600001096725464, ""grnwt"": 0.0, ""xlai"": 0.0252788644284009, ""totir"": 20.0, ""tofer"": NaN, ""swfac"": 0.0, ""nstres"": 0.0}",0.0,0.0,17.600001096725464,0.0,0.0252788644284009,20.0,,20.0,0.0,120.0,0.0,-33.58887939453125,14.41112060546875,Leave_One_experiments/all_year_offline_schedule_search/daily_outputs/SYA/SYA_2017_SYA2017_stress_grid_S0002_daily.csv
SYA,SYA,Shenyang,2017,Leave_One_experiments\wth_generated_qc\SYA\SYA2017.WTH,dry_year;water_stress_year;nitrogen_stress_year;irrigation_responsive_year,irrigation_responsive,SYA2017_stress_grid_S0002,pareto_balanced,2017-05-11,131,26,21,"{""sim_day"": 26.0, ""doy"": 131.0, ""topwt"": 18.032957315444943, ""grnwt"": 0.0, ""xlai"": 0.0313513986766338, ""totir"": 20.0, ""tofer"": NaN, ""swfac"": 0.0, ""nstres"": 0.0}",0.0,0.0,18.032957315444943,0.0,0.0313513986766338,20.0,,0.0,0.0,120.0,0.0,-33.58887939453125,14.41112060546875,Leave_One_experiments/all_year_offline_schedule_search/daily_outputs/SYA/SYA_2017_SYA2017_stress_grid_S0002_daily.csv
SYA,SYA,Shenyang,2017,Leave_One_experiments\wth_generated_qc\SYA\SYA2017.WTH,dry_year;water_stress_year;nitrogen_stress_year;irrigation_responsive_year,irrigation_responsive,SYA2017_stress_grid_S0002,pareto_balanced,2017-05-12,132,27,22,"{""sim_day"": 27.0, ""doy"": 132.0, ""topwt"": 20.203421115875244, ""grnwt"": 0.0, ""xlai"": 0.0370919480919837, ""totir"": 20.0, ""tofer"": NaN, ""swfac"": 0.0, ""nstres"": 0.0}",0.0,0.0,20.203421115875244,0.0,0.0370919480919837,20.0,,0.0,0.0,120.0,0.0,-33.58887939453125,14.41112060546875,Leave_One_experiments/all_year_offline_schedule_search/daily_outputs/SYA/SYA_2017_SYA2017_stress_grid_S0002_daily.csv
SYA,SYA,Shenyang,2017,Leave_One_experiments\wth_generated_qc\SYA\SYA2017.WTH,dry_year;water_stress_year;nitrogen_stress_year;irrigation_responsive_year,irrigation_responsive,SYA2017_stress_grid_S0002,pareto_balanced,2017-05-13,133,28,23,"{""sim_day"": 28.0, ""doy"": 133.0, ""topwt"": 22.115418910980225, ""grnwt"": 0.0, ""xlai"": 0.0419631190598011, ""totir"": 20.0, ""tofer"": NaN, ""swfac"": 0.0, ""nstres"": 0.0}",0.0,0.0,22.115418910980225,0.0,0.0419631190598011,20.0,,0.0,0.0,120.0,0.0,-33.58887939453125,14.41112060546875,Leave_One_experiments/all_year_offline_schedule_search/daily_outputs/SYA/SYA_2017_SYA2017_stress_grid_S0002_daily.csv
SYA,SYA,Shenyang,2017,Leave_One_experiments\wth_generated_qc\SYA\SYA2017.WTH,dry_year;water_stress_year;nitrogen_stress_year;irrigation_responsive_year,irrigation_responsive,SYA2017_stress_grid_S0002,pareto_balanced,2017-05-14,134,29,24,"{""sim_day"": 29.0, ""doy"": 134.0, ""topwt"": 24.976928234100345, ""grnwt"": 0.0, ""xlai"": 0.0489948503673076, ""totir"": 20.0, ""tofer"": NaN, ""swfac"": 0.0, ""nstres"": 0.0}",0.0,0.0,24.976928234100345,0.0,0.0489948503673076,20.0,,0.0,0.0,120.0,0.0,-33.58887939453125,14.41112060546875,Leave_One_experiments/all_year_offline_schedule_search/daily_outputs/SYA/SYA_2017_SYA2017_stress_grid_S0002_daily.csv
SYA,SYA,Shenyang,2017,Leave_One_experiments\wth_generated_qc\SYA\SYA2017.WTH,dry_year;water_stress_year;nitrogen_stress_year;irrigation_responsive_year,irrigation_responsive,SYA2017_stress_grid_S0002,pareto_balanced,2017-05-15,135,30,25,"{""sim_day"": 30.0, ""doy"": 135.0, ""topwt"": 29.520792961120605, ""grnwt"": 0.0, ""xlai"": 0.0596603453159332, ""totir"": 20.0, ""tofer"": NaN, ""swfac"": 0.0, ""nstres"": 0.0}",0.0,0.0,29.520792961120605,0.0,0.0596603453159332,20.0,,0.0,0.0,120.0,0.0,-33.58887939453125,14.41112060546875,Leave_One_experiments/all_year_offline_schedule_search/daily_outputs/SYA/SYA_2017_SYA2017_stress_grid_S0002_daily.csv
SYA,SYA,Shenyang,2017,Leave_One_experiments\wth_generated_qc\SYA\SYA2017.WTH,dry_year;water_stress_year;nitrogen_stress_year;irrigation_responsive_year,irrigation_responsive,SYA2017_stress_grid_S0002,pareto_balanced,2017-05-16,136,31,26,"{""sim_day"": 31.0, ""doy"": 136.0, ""topwt"": 35.99621772766113, ""grnwt"": 0.0, ""xlai"": 0.0740597248077392, ""totir"": 20.0, ""tofer"": NaN, ""swfac"": 0.0, ""nstres"": 0.0}",0.0,0.0,35.99621772766113,0.0,0.0740597248077392,20.0,,0.0,0.0,120.0,0.0,-33.58887939453125,14.41112060546875,Leave_One_experiments/all_year_offline_schedule_search/daily_outputs/SYA/SYA_2017_SYA2017_stress_grid_S0002_daily.csv
SYA,SYA,Shenyang,2017,Leave_One_experiments\wth_generated_qc\SYA\SYA2017.WTH,dry_year;water_stress_year;nitrogen_stress_year;irrigation_responsive_year,irrigation_responsive,SYA2017_stress_grid_S0002,pareto_balanced,2017-05-17,137,32,27,"{""sim_day"": 32.0, ""doy"": 137.0, ""topwt"": 45.51948547363281, ""grnwt"": 0.0, ""xlai"": 0.0940063372254371, ""totir"": 20.0, ""tofer"": NaN, ""swfac"": 0.0, ""nstres"": 0.0}",0.0,0.0,45.51948547363281,0.0,0.0940063372254371,20.0,,0.0,0.0,120.0,0.0,-33.58887939453125,14.41112060546875,Leave_One_experiments/all_year_offline_schedule_search/daily_outputs/SYA/SYA_2017_SYA2017_stress_grid_S0002_daily.csv
SYA,SYA,Shenyang,2017,Leave_One_experiments\wth_generated_qc\SYA\SYA2017.WTH,dry_year;water_stress_year;nitrogen_stress_year;irrigation_responsive_year,irrigation_responsive,SYA2017_stress_grid_S0002,pareto_balanced,2017-05-18,138,33,28,"{""sim_day"": 33.0, ""doy"": 138.0, ""topwt"": 57.22232818603516, ""grnwt"": 0.0, ""xlai"": 0.1170863956212997, ""totir"": 20.0, ""tofer"": NaN, ""swfac"": 0.0, ""nstres"": 0.0}",0.0,0.0,57.22232818603516,0.0,0.1170863956212997,20.0,,0.0,0.0,120.0,0.0,-33.58887939453125,14.41112060546875,Leave_One_experiments/all_year_offline_schedule_search/daily_outputs/SYA/SYA_2017_SYA2017_stress_grid_S0002_daily.csv
SYA,SYA,Shenyang,2017,Leave_One_experiments\wth_generated_qc\SYA\SYA2017.WTH,dry_year;water_stress_year;nitrogen_stress_year;irrigation_responsive_year,irrigation_responsive,SYA2017_stress_grid_S0002,pareto_balanced,2017-05-19,139,34,29,"{""sim_day"": 34.0, ""doy"": 139.0, ""topwt"": 71.37596607208252, ""grnwt"": 0.0, ""xlai"": 0.1434840559959411, ""totir"": 20.0, ""tofer"": NaN, ""swfac"": 0.0, ""nstres"": 0.0}",0.0,0.0,71.37596607208252,0.0,0.1434840559959411,20.0,,0.0,0.0,120.0,0.0,-33.58887939453125,14.41112060546875,Leave_One_experiments/all_year_offline_schedule_search/daily_outputs/SYA/SYA_2017_SYA2017_stress_grid_S0002_daily.csv
SYA,SYA,Shenyang,2017,Leave_One_experiments\wth_generated_qc\SYA\SYA2017.WTH,dry_year;water_stress_year;nitrogen_stress_year;irrigation_responsive_year,irrigation_responsive,SYA2017_stress_grid_S0002,pareto_balanced,2017-05-20,140,35,30,"{""sim_day"": 35.0, ""doy"": 140.0, ""topwt"": 82.68749237060547, ""grnwt"": 0.0, ""xlai"": 0.1636704802513122, ""totir"": 20.0, ""tofer"": NaN, ""swfac"": 0.0, ""nstres"": 0.0}",0.0,0.0,82.68749237060547,0.0,0.1636704802513122,20.0,,0.0,0.0,120.0,0.0,-33.58887939453125,14.41112060546875,Leave_One_experiments/all_year_offline_schedule_search/daily_outputs/SYA/SYA_2017_SYA2017_stress_grid_S0002_daily.csv
SYA,SYA,Shenyang,2017,Leave_One_experiments\wth_generated_qc\SYA\SYA2017.WTH,dry_year;water_stress_year;nitrogen_stress_year;irrigation_responsive_year,irrigation_responsive,SYA2017_stress_grid_S0002,pareto_balanced,2017-05-21,141,36,31,"{""sim_day"": 36.0, ""doy"": 141.0, ""topwt"": 87.20232009887695, ""grnwt"": 0.0, ""xlai"": 0.1832195073366165, ""totir"": 20.0, ""tofer"": NaN, ""swfac"": 0.0, ""nstres"": 0.0}",0.0,0.0,87.20232009887695,0.0,0.1832195073366165,20.0,,0.0,0.0,120.0,0.0,-33.58887939453125,14.41112060546875,Leave_One_experiments/all_year_offline_schedule_search/daily_outputs/SYA/SYA_2017_SYA2017_stress_grid_S0002_daily.csv
SYA,SYA,Shenyang,2017,Leave_One_experiments\wth_generated_qc\SYA\SYA2017.WTH,dry_year;water_stress_year;nitrogen_stress_year;irrigation_responsive_year,irrigation_responsive,SYA2017_stress_grid_S0002,pareto_balanced,2017-05-22,142,37,32,"{""sim_day"": 37.0, ""doy"": 142.0, ""topwt"": 97.0579719543457, ""grnwt"": 0.0, ""xlai"": 0.2012393176555633, ""totir"": 20.0, ""tofer"": NaN, ""swfac"": 0.0, ""nstres"": 0.0039794445037841}",0.0,0.0039794445037841,97.0579719543457,0.0,0.2012393176555633,20.0,,0.0,0.0,120.0,0.0,-33.58887939453125,14.41112060546875,Leave_One_experiments/all_year_offline_schedule_search/daily_outputs/SYA/SYA_2017_SYA2017_stress_grid_S0002_daily.csv
SYA,SYA,Shenyang,2017,Leave_One_experiments\wth_generated_qc\SYA\SYA2017.WTH,dry_year;water_stress_year;nitrogen_stress_year;irrigation_responsive_year,irrigation_responsive,SYA2017_stress_grid_S0002,pareto_balanced,2017-05-23,143,38,33,"{""sim_day"": 38.0, ""doy"": 143.0, ""topwt"": 111.77692413330078, ""grnwt"": 0.0, ""xlai"": 0.2273849099874496, ""totir"": 20.0, ""tofer"": NaN, ""swfac"": 0.0, ""nstres"": 0.0}",0.0,0.0,111.77692413330078,0.0,0.2273849099874496,20.0,,0.0,0.0,120.0,0.0,-33.58887939453125,14.41112060546875,Leave_One_experiments/all_year_offline_schedule_search/daily_outputs/SYA/SYA_2017_SYA2017_stress_grid_S0002_daily.csv
SYA,SYA,Shenyang,2017,Leave_One_experiments\wth_generated_qc\SYA\SYA2017.WTH,dry_year;water_stress_year;nitrogen_stress_year;irrigation_responsive_year,irrigation_responsive,SYA2017_stress_grid_S0002,pareto_balanced,2017-05-24,144,39,34,"{""sim_day"": 39.0, ""doy"": 144.0, ""topwt"": 123.37188720703124, ""grnwt"": 0.0, ""xlai"": 0.2474210560321808, ""totir"": 20.0, ""tofer"": NaN, ""swfac"": 0.0, ""nstres"": 0.0}",0.0,0.0,123.37188720703124,0.0,0.2474210560321808,20.0,,0.0,0.0,120.0,0.0,-33.58887939453125,14.41112060546875,Leave_One_experiments/all_year_offline_schedule_search/daily_outputs/SYA/SYA_2017_SYA2017_stress_grid_S0002_daily.csv
SYA,SYA,Shenyang,2017,Leave_One_experiments\wth_generated_qc\SYA\SYA2017.WTH,dry_year;water_stress_year;nitrogen_stress_year;irrigation_responsive_year,irrigation_responsive,SYA2017_stress_grid_S0002,pareto_balanced,2017-05-25,145,40,35,"{""sim_day"": 40.0, ""doy"": 145.0, ""topwt"": 135.84705352783203, ""grnwt"": 0.0, ""xlai"": 0.2685000300407409, ""totir"": 40.0, ""tofer"": NaN, ""swfac"": 0.0, ""nstres"": 0.0038400292396545}",0.0,0.0038400292396545,135.84705352783203,0.0,0.2685000300407409,40.0,,20.0,0.0,120.0,0.0,-33.58887939453125,14.41112060546875,Leave_One_experiments/all_year_offline_schedule_search/daily_outputs/SYA/SYA_2017_SYA2017_stress_grid_S0002_daily.csv
SYA,SYA,Shenyang,2017,Leave_One_experiments\wth_generated_qc\SYA\SYA2017.WTH,dry_year;water_stress_year;nitrogen_stress_year;irrigation_responsive_year,irrigation_responsive,SYA2017_stress_grid_S0002,pareto_balanced,2017-05-26,146,41,36,"{""sim_day"": 41.0, ""doy"": 146.0, ""topwt"": 155.66340446472168, ""grnwt"": 0.0, ""xlai"": 0.3010975122451782, ""totir"": 40.0, ""tofer"": NaN, ""swfac"": 0.0, ""nstres"": 0.0136007666587829}",0.0,0.0136007666587829,155.66340446472168,0.0,0.3010975122451782,40.0,,0.0,0.0,120.0,0.0,-33.58887939453125,14.41112060546875,Leave_One_experiments/all_year_offline_schedule_search/daily_outputs/SYA/SYA_2017_SYA2017_stress_grid_S0002_daily.csv
SYA,SYA,Shenyang,2017,Leave_One_experiments\wth_generated_qc\SYA\SYA2017.WTH,dry_year;water_stress_year;nitrogen_stress_year;irrigation_responsive_year,irrigation_responsive,SYA2017_stress_grid_S0002,pareto_balanced,2017-05-27,147,42,37,"{""sim_day"": 42.0, ""doy"": 147.0, ""topwt"": 180.0538444519043, ""grnwt"": 0.0, ""xlai"": 0.3399544358253479, ""totir"": 40.0, ""tofer"": NaN, ""swfac"": 0.0, ""nstres"": 0.015459656715393}",0.0,0.015459656715393,180.0538444519043,0.0,0.3399544358253479,40.0,,0.0,0.0,120.0,0.0,-33.58887939453125,14.41112060546875,Leave_One_experiments/all_year_offline_schedule_search/daily_outputs/SYA/SYA_2017_SYA2017_stress_grid_S0002_daily.csv
SYA,SYA,Shenyang,2017,Leave_One_experiments\wth_generated_qc\SYA\SYA2017.WTH,dry_year;water_stress_year;nitrogen_stress_year;irrigation_responsive_year,irrigation_responsive,SYA2017_stress_grid_S0002,pareto_balanced,2017-05-28,148,43,38,"{""sim_day"": 43.0, ""doy"": 148.0, ""topwt"": 197.1245574951172, ""grnwt"": 0.0, ""xlai"": 0.3652454018592834, ""totir"": 40.0, ""tofer"": NaN, ""swfac"": 0.0, ""nstres"": 0.0551405549049377}",0.0,0.0551405549049377,197.1245574951172,0.0,0.3652454018592834,40.0,,0.0,0.0,120.0,0.0,-33.58887939453125,14.41112060546875,Leave_One_experiments/all_year_offline_schedule_search/daily_outputs/SYA/SYA_2017_SYA2017_stress_grid_S0002_daily.csv
SYA,SYA,Shenyang,2017,Leave_One_experiments\wth_generated_qc\SYA\SYA2017.WTH,dry_year;water_stress_year;nitrogen_stress_year;irrigation_responsive_year,irrigation_responsive,SYA2017_stress_grid_S0002,pareto_balanced,2017-05-29,149,44,39,"{""sim_day"": 44.0, ""doy"": 149.0, ""topwt"": 215.7213020324707, ""grnwt"": 0.0, ""xlai"": 0.3907589614391327, ""totir"": 40.0, ""tofer"": NaN, ""swfac"": 0.0, ""nstres"": 0.0860383510589599}",0.0,0.0860383510589599,215.7213020324707,0.0,0.3907589614391327,40.0,,0.0,0.0,120.0,0.0,-33.58887939453125,14.41112060546875,Leave_One_experiments/all_year_offline_schedule_search/daily_outputs/SYA/SYA_2017_SYA2017_stress_grid_S0002_daily.csv
SYA,SYA,Shenyang,2017,Leave_One_experiments\wth_generated_qc\SYA\SYA2017.WTH,dry_year;water_stress_year;nitrogen_stress_year;irrigation_responsive_year,irrigation_responsive,SYA2017_stress_grid_S0002,pareto_balanced,2017-05-30,150,45,40,"{""sim_day"": 45.0, ""doy"": 150.0, ""topwt"": 237.4844741821289, ""grnwt"": 0.0, ""xlai"": 0.4199250340461731, ""totir"": 40.0, ""tofer"": NaN, ""swfac"": 0.0, ""nstres"": 0.0941622257232666}",0.0,0.0941622257232666,237.4844741821289,0.0,0.4199250340461731,40.0,,0.0,0.0,120.0,0.0,-33.58887939453125,14.41112060546875,Leave_One_experiments/all_year_offline_schedule_search/daily_outputs/SYA/SYA_2017_SYA2017_stress_grid_S0002_daily.csv
SYA,SYA,Shenyang,2017,Leave_One_experiments\wth_generated_qc\SYA\SYA2017.WTH,dry_year;water_stress_year;nitrogen_stress_year;irrigation_responsive_year,irrigation_responsive,SYA2017_stress_grid_S0002,pareto_balanced,2017-05-31,151,46,41,"{""sim_day"": 46.0, ""doy"": 151.0, ""topwt"": 255.63554763793945, ""grnwt"": 0.0, ""xlai"": 0.4385707974433899, ""totir"": 40.0, ""tofer"": NaN, ""swfac"": 0.0, ""nstres"": 0.0885539054870605}",0.0,0.0885539054870605,255.63554763793945,0.0,0.4385707974433899,40.0,,0.0,0.0,120.0,0.0,-33.58887939453125,14.41112060546875,Leave_One_experiments/all_year_offline_schedule_search/daily_outputs/SYA/SYA_2017_SYA2017_stress_grid_S0002_daily.csv
SYA,SYA,Shenyang,2017,Leave_One_experiments\wth_generated_qc\SYA\SYA2017.WTH,dry_year;water_stress_year;nitrogen_stress_year;irrigation_responsive_year,irrigation_responsive,SYA2017_stress_grid_S0002,pareto_balanced,2017-06-01,152,47,42,"{""sim_day"": 47.0, ""doy"": 152.0, ""topwt"": 270.1992607116699, ""grnwt"": 0.0, ""xlai"": 0.4550281167030334, ""totir"": 40.0, ""tofer"": NaN, ""swfac"": 0.0, ""nstres"": 0.0936272740364074}",0.0,0.0936272740364074,270.1992607116699,0.0,0.4550281167030334,40.0,,0.0,0.0,120.0,0.0,-33.58887939453125,14.41112060546875,Leave_One_experiments/all_year_offline_schedule_search/daily_outputs/SYA/SYA_2017_SYA2017_stress_grid_S0002_daily.csv
SYA,SYA,Shenyang,2017,Leave_One_experiments\wth_generated_qc\SYA\SYA2017.WTH,dry_year;water_stress_year;nitrogen_stress_year;irrigation_responsive_year,irrigation_responsive,SYA2017_stress_grid_S0002,pareto_balanced,2017-06-02,153,48,43,"{""sim_day"": 48.0, ""doy"": 153.0, ""topwt"": 292.1657371520996, ""grnwt"": 0.0, ""xlai"": 0.4815617501735687, ""totir"": 40.0, ""tofer"": NaN, ""swfac"": 0.0, ""nstres"": 0.0953549742698669}",0.0,0.0953549742698669,292.1657371520996,0.0,0.4815617501735687,40.0,,0.0,0.0,120.0,0.0,-33.58887939453125,14.41112060546875,Leave_One_experiments/all_year_offline_schedule_search/daily_outputs/SYA/SYA_2017_SYA2017_stress_grid_S0002_daily.csv
SYA,SYA,Shenyang,2017,Leave_One_experiments\wth_generated_qc\SYA\SYA2017.WTH,dry_year;water_stress_year;nitrogen_stress_year;irrigation_responsive_year,irrigation_responsive,SYA2017_stress_grid_S0002,pareto_balanced,2017-06-03,154,49,44,"{""sim_day"": 49.0, ""doy"": 154.0, ""topwt"": 320.0149154663086, ""grnwt"": 0.0, ""xlai"": 0.514752984046936, ""totir"": 40.0, ""tofer"": NaN, ""swfac"": 0.0, ""nstres"": 0.1036791205406189}",0.0,0.1036791205406189,320.0149154663086,0.0,0.514752984046936,40.0,,0.0,0.0,120.0,0.0,-33.58887939453125,14.41112060546875,Leave_One_experiments/all_year_offline_schedule_search/daily_outputs/SYA/SYA_2017_SYA2017_stress_grid_S0002_daily.csv
SYA,SYA,Shenyang,2017,Leave_One_experiments\wth_generated_qc\SYA\SYA2017.WTH,dry_year;water_stress_year;nitrogen_stress_year;irrigation_responsive_year,irrigation_responsive,SYA2017_stress_grid_S0002,pareto_balanced,2017-06-04,155,50,45,"{""sim_day"": 50.0, ""doy"": 155.0, ""topwt"": 351.69422149658203, ""grnwt"": 0.0, ""xlai"": 0.5503467917442322, ""totir"": 40.0, ""tofer"": NaN, ""swfac"": 0.0, ""nstres"": 0.1205599308013916}",0.0,0.1205599308013916,351.69422149658203,0.0,0.5503467917442322,40.0,,0.0,0.0,120.0,0.0,-33.58887939453125,14.41112060546875,Leave_One_experiments/all_year_offline_schedule_search/daily_outputs/SYA/SYA_2017_SYA2017_stress_grid_S0002_daily.csv
SYA,SYA,Shenyang,2017,Leave_One_experiments\wth_generated_qc\SYA\SYA2017.WTH,dry_year;water_stress_year;nitrogen_stress_year;irrigation_responsive_year,irrigation_responsive,SYA2017_stress_grid_S0002,pareto_balanced,2017-06-05,156,51,46,"{""sim_day"": 51.0, ""doy"": 156.0, ""topwt"": 377.19825744628906, ""grnwt"": 0.0, ""xlai"": 0.5743157863616943, ""totir"": 40.0, ""tofer"": NaN, ""swfac"": 0.0, ""nstres"": 0.1426500082015991}",0.0,0.1426500082015991,377.19825744628906,0.0,0.5743157863616943,40.0,,0.0,0.0,120.0,0.0,-33.58887939453125,14.41112060546875,Leave_One_experiments/all_year_offline_schedule_search/daily_outputs/SYA/SYA_2017_SYA2017_stress_grid_S0002_daily.csv
SYA,SYA,Shenyang,2017,Leave_One_experiments\wth_generated_qc\SYA\SYA2017.WTH,dry_year;water_stress_year;nitrogen_stress_year;irrigation_responsive_year,irrigation_responsive,SYA2017_stress_grid_S0002,pareto_balanced,2017-06-06,157,52,47,"{""sim_day"": 52.0, ""doy"": 157.0, ""topwt"": 399.8385238647461, ""grnwt"": 0.0, ""xlai"": 0.5925870537757874, ""totir"": 40.0, ""tofer"": NaN, ""swfac"": 0.0, ""nstres"": 0.1519953608512878}",0.0,0.1519953608512878,399.8385238647461,0.0,0.5925870537757874,40.0,,0.0,0.0,120.0,0.0,-33.58887939453125,14.41112060546875,Leave_One_experiments/all_year_offline_schedule_search/daily_outputs/SYA/SYA_2017_SYA2017_stress_grid_S0002_daily.csv
SYA,SYA,Shenyang,2017,Leave_One_experiments\wth_generated_qc\SYA\SYA2017.WTH,dry_year;water_stress_year;nitrogen_stress_year;irrigation_responsive_year,irrigation_responsive,SYA2017_stress_grid_S0002,pareto_balanced,2017-06-07,158,53,48,"{""sim_day"": 53.0, ""doy"": 158.0, ""topwt"": 433.8899993896485, ""grnwt"": 0.0, ""xlai"": 0.6235361099243164, ""totir"": 40.0, ""tofer"": NaN, ""swfac"": 0.0, ""nstres"": 0.1542792320251464}",0.0,0.1542792320251464,433.8899993896485,0.0,0.6235361099243164,40.0,,0.0,0.0,120.0,0.0,-33.58887939453125,14.41112060546875,Leave_One_experiments/all_year_offline_schedule_search/daily_outputs/SYA/SYA_2017_SYA2017_stress_grid_S0002_daily.csv
SYA,SYA,Shenyang,2017,Leave_One_experiments\wth_generated_qc\SYA\SYA2017.WTH,dry_year;water_stress_year;nitrogen_stress_year;irrigation_responsive_year,irrigation_responsive,SYA2017_stress_grid_S0002,pareto_balanced,2017-06-08,159,54,49,"{""sim_day"": 54.0, ""doy"": 159.0, ""topwt"": 469.8552703857422, ""grnwt"": 0.0, ""xlai"": 0.6550352573394775, ""totir"": 40.0, ""tofer"": NaN, ""swfac"": 0.0, ""nstres"": 0.1502430438995361}",0.0,0.1502430438995361,469.8552703857422,0.0,0.6550352573394775,40.0,,0.0,0.0,120.0,0.0,-33.58887939453125,14.41112060546875,Leave_One_experiments/all_year_offline_schedule_search/daily_outputs/SYA/SYA_2017_SYA2017_stress_grid_S0002_daily.csv
SYA,SYA,Shenyang,2017,Leave_One_experiments\wth_generated_qc\SYA\SYA2017.WTH,dry_year;water_stress_year;nitrogen_stress_year;irrigation_responsive_year,irrigation_responsive,SYA2017_stress_grid_S0002,pareto_balanced,2017-06-09,160,55,50,"{""sim_day"": 55.0, ""doy"": 160.0, ""topwt"": 496.4565658569336, ""grnwt"": 0.0, ""xlai"": 0.6734911203384399, ""totir"": 60.0, ""tofer"": NaN, ""swfac"": 0.0, ""nstres"": 0.1536405086517334}",0.0,0.1536405086517334,496.4565658569336,0.0,0.6734911203384399,60.0,,20.0,0.0,120.0,0.0,-33.58887939453125,14.41112060546875,Leave_One_experiments/all_year_offline_schedule_search/daily_outputs/SYA/SYA_2017_SYA2017_stress_grid_S0002_daily.csv
SYA,SYA,Shenyang,2017,Leave_One_experiments\wth_generated_qc\SYA\SYA2017.WTH,dry_year;water_stress_year;nitrogen_stress_year;irrigation_responsive_year,irrigation_responsive,SYA2017_stress_grid_S0002,pareto_balanced,2017-06-10,161,56,51,"{""sim_day"": 56.0, ""doy"": 161.0, ""topwt"": 527.2135162353516, ""grnwt"": 0.0, ""xlai"": 0.6942225694656372, ""totir"": 60.0, ""tofer"": NaN, ""swfac"": 0.0, ""nstres"": 0.1663324236869812}",0.0,0.1663324236869812,527.2135162353516,0.0,0.6942225694656372,60.0,,0.0,0.0,120.0,0.0,-33.58887939453125,14.41112060546875,Leave_One_experiments/all_year_offline_schedule_search/daily_outputs/SYA/SYA_2017_SYA2017_stress_grid_S0002_daily.csv
SYA,SYA,Shenyang,2017,Leave_One_experiments\wth_generated_qc\SYA\SYA2017.WTH,dry_year;water_stress_year;nitrogen_stress_year;irrigation_responsive_year,irrigation_responsive,SYA2017_stress_grid_S0002,pareto_balanced,2017-06-11,162,57,52,"{""sim_day"": 57.0, ""doy"": 162.0, ""topwt"": 561.4761352539062, ""grnwt"": 0.0, ""xlai"": 0.7162818312644958, ""totir"": 60.0, ""tofer"": NaN, ""swfac"": 0.0, ""nstres"": 0.1756296157836914}",0.0,0.1756296157836914,561.4761352539062,0.0,0.7162818312644958,60.0,,0.0,0.0,120.0,0.0,-33.58887939453125,14.41112060546875,Leave_One_experiments/all_year_offline_schedule_search/daily_outputs/SYA/SYA_2017_SYA2017_stress_grid_S0002_daily.csv
SYA,SYA,Shenyang,2017,Leave_One_experiments\wth_generated_qc\SYA\SYA2017.WTH,dry_year;water_stress_year;nitrogen_stress_year;irrigation_responsive_year,irrigation_responsive,SYA2017_stress_grid_S0002,pareto_balanced,2017-06-12,163,58,53,"{""sim_day"": 58.0, ""doy"": 163.0, ""topwt"": 597.9317855834961, ""grnwt"": 0.0, ""xlai"": 0.7378314137458801, ""totir"": 60.0, ""tofer"": NaN, ""swfac"": 0.0, ""nstres"": 0.1851516366004943}",0.0,0.1851516366004943,597.9317855834961,0.0,0.7378314137458801,60.0,,0.0,0.0,120.0,0.0,-33.58887939453125,14.41112060546875,Leave_One_experiments/all_year_offline_schedule_search/daily_outputs/SYA/SYA_2017_SYA2017_stress_grid_S0002_daily.csv
SYA,SYA,Shenyang,2017,Leave_One_experiments\wth_generated_qc\SYA\SYA2017.WTH,dry_year;water_stress_year;nitrogen_stress_year;irrigation_responsive_year,irrigation_responsive,SYA2017_stress_grid_S0002,pareto_balanced,2017-06-13,164,59,54,"{""sim_day"": 59.0, ""doy"": 164.0, ""topwt"": 643.26171875, ""grnwt"": 0.0, ""xlai"": 0.765144944190979, ""totir"": 60.0, ""tofer"": NaN, ""swfac"": 0.0, ""nstres"": 0.193306565284729}",0.0,0.193306565284729,643.26171875,0.0,0.765144944190979,60.0,,0.0,0.0,120.0,0.0,-33.58887939453125,14.41112060546875,Leave_One_experiments/all_year_offline_schedule_search/daily_outputs/SYA/SYA_2017_SYA2017_stress_grid_S0002_daily.csv
SYA,SYA,Shenyang,2017,Leave_One_experiments\wth_generated_qc\SYA\SYA2017.WTH,dry_year;water_stress_year;nitrogen_stress_year;irrigation_responsive_year,irrigation_responsive,SYA2017_stress_grid_S0002,pareto_balanced,2017-06-14,165,60,55,"{""sim_day"": 60.0, ""doy"": 165.0, ""topwt"": 693.3908081054688, ""grnwt"": 0.0, ""xlai"": 0.7931550145149231, ""totir"": 60.0, ""tofer"": NaN, ""swfac"": 0.0, ""nstres"": 0.203088104724884}",0.0,0.203088104724884,693.3908081054688,0.0,0.7931550145149231,60.0,,0.0,0.0,120.0,0.0,-33.58887939453125,14.41112060546875,Leave_One_experiments/all_year_offline_schedule_search/daily_outputs/SYA/SYA_2017_SYA2017_stress_grid_S0002_daily.csv
SYA,SYA,Shenyang,2017,Leave_One_experiments\wth_generated_qc\SYA\SYA2017.WTH,dry_year;water_stress_year;nitrogen_stress_year;irrigation_responsive_year,irrigation_responsive,SYA2017_stress_grid_S0002,pareto_balanced,2017-06-15,166,61,56,"{""sim_day"": 61.0, ""doy"": 166.0, ""topwt"": 750.2854156494141, ""grnwt"": 0.0, ""xlai"": 0.8226081728935242, ""totir"": 60.0, ""tofer"": NaN, ""swfac"": 0.0, ""nstres"": 0.2318320274353027}",0.0,0.2318320274353027,750.2854156494141,0.0,0.8226081728935242,60.0,,0.0,0.0,120.0,0.0,-33.58887939453125,14.41112060546875,Leave_One_experiments/all_year_offline_schedule_search/daily_outputs/SYA/SYA_2017_SYA2017_stress_grid_S0002_daily.csv
SYA,SYA,Shenyang,2017,Leave_One_experiments\wth_generated_qc\SYA\SYA2017.WTH,dry_year;water_stress_year;nitrogen_stress_year;irrigation_responsive_year,irrigation_responsive,SYA2017_stress_grid_S0002,pareto_balanced,2017-06-16,167,62,57,"{""sim_day"": 62.0, ""doy"": 167.0, ""topwt"": 807.9449462890625, ""grnwt"": 0.0, ""xlai"": 0.8478664755821228, ""totir"": 60.0, ""tofer"": NaN, ""swfac"": 0.0, ""nstres"": 0.2581797242164612}",0.0,0.2581797242164612,807.9449462890625,0.0,0.8478664755821228,60.0,,0.0,0.0,120.0,0.0,-33.58887939453125,14.41112060546875,Leave_One_experiments/all_year_offline_schedule_search/daily_outputs/SYA/SYA_2017_SYA2017_stress_grid_S0002_daily.csv
SYA,SYA,Shenyang,2017,Leave_One_experiments\wth_generated_qc\SYA\SYA2017.WTH,dry_year;water_stress_year;nitrogen_stress_year;irrigation_responsive_year,irrigation_responsive,SYA2017_stress_grid_S0002,pareto_balanced,2017-06-17,168,63,58,"{""sim_day"": 63.0, ""doy"": 168.0, ""topwt"": 860.8085632324219, ""grnwt"": 0.0, ""xlai"": 0.8649151921272278, ""totir"": 60.0, ""tofer"": NaN, ""swfac"": 0.0, ""nstres"": 0.2858274579048157}",0.0,0.2858274579048157,860.8085632324219,0.0,0.8649151921272278,60.0,,0.0,0.0,120.0,0.0,-33.58887939453125,14.41112060546875,Leave_One_experiments/all_year_offline_schedule_search/daily_outputs/SYA/SYA_2017_SYA2017_stress_grid_S0002_daily.csv
SYA,SYA,Shenyang,2017,Leave_One_experiments\wth_generated_qc\SYA\SYA2017.WTH,dry_year;water_stress_year;nitrogen_stress_year;irrigation_responsive_year,irrigation_responsive,SYA2017_stress_grid_S0002,pareto_balanced,2017-06-18,169,64,59,"{""sim_day"": 64.0, ""doy"": 169.0, ""topwt"": 908.9048767089844, ""grnwt"": 0.0, ""xlai"": 0.874980628490448, ""totir"": 60.0, ""tofer"": NaN, ""swfac"": 0.0, ""nstres"": 0.3075146675109863}",0.0,0.3075146675109863,908.9048767089844,0.0,0.874980628490448,60.0,,0.0,0.0,120.0,0.0,-33.58887939453125,14.41112060546875,Leave_One_experiments/all_year_offline_schedule_search/daily_outputs/SYA/SYA_2017_SYA2017_stress_grid_S0002_daily.csv
SYA,SYA,Shenyang,2017,Leave_One_experiments\wth_generated_qc\SYA\SYA2017.WTH,dry_year;water_stress_year;nitrogen_stress_year;irrigation_responsive_year,irrigation_responsive,SYA2017_stress_grid_S0002,pareto_balanced,2017-06-19,170,65,60,"{""sim_day"": 65.0, ""doy"": 170.0, ""topwt"": 948.190689086914, ""grnwt"": 0.0, ""xlai"": 0.8763836622238159, ""totir"": 60.0, ""tofer"": NaN, ""swfac"": 0.0, ""nstres"": 0.3233011364936828}",0.0,0.3233011364936828,948.190689086914,0.0,0.8763836622238159,60.0,,0.0,0.0,120.0,0.0,-33.58887939453125,14.41112060546875,Leave_One_experiments/all_year_offline_schedule_search/daily_outputs/SYA/SYA_2017_SYA2017_stress_grid_S0002_daily.csv
SYA,SYA,Shenyang,2017,Leave_One_experiments\wth_generated_qc\SYA\SYA2017.WTH,dry_year;water_stress_year;nitrogen_stress_year;irrigation_responsive_year,irrigation_responsive,SYA2017_stress_grid_S0002,pareto_balanced,2017-06-20,171,66,61,"{""sim_day"": 66.0, ""doy"": 171.0, ""topwt"": 992.7838134765624, ""grnwt"": 0.0, ""xlai"": 0.8797052502632141, ""totir"": 60.0, ""tofer"": NaN, ""swfac"": 0.0, ""nstres"": 0.3325599431991577}",0.0,0.3325599431991577,992.7838134765624,0.0,0.8797052502632141,60.0,,0.0,0.0,120.0,0.0,-33.58887939453125,14.41112060546875,Leave_One_experiments/all_year_offline_schedule_search/daily_outputs/SYA/SYA_2017_SYA2017_stress_grid_S0002_daily.csv
SYA,SYA,Shenyang,2017,Leave_One_experiments\wth_generated_qc\SYA\SYA2017.WTH,dry_year;water_stress_year;nitrogen_stress_year;irrigation_responsive_year,irrigation_responsive,SYA2017_stress_grid_S0002,pareto_balanced,2017-06-21,172,67,62,"{""sim_day"": 67.0, ""doy"": 172.0, ""topwt"": 1039.184799194336, ""grnwt"": 0.0, ""xlai"": 0.8824949860572815, ""totir"": 60.0, ""tofer"": NaN, ""swfac"": 0.0, ""nstres"": 0.337685227394104}",0.0,0.337685227394104,1039.184799194336,0.0,0.8824949860572815,60.0,,0.0,0.0,120.0,0.0,-33.58887939453125,14.41112060546875,Leave_One_experiments/all_year_offline_schedule_search/daily_outputs/SYA/SYA_2017_SYA2017_stress_grid_S0002_daily.csv
SYA,SYA,Shenyang,2017,Leave_One_experiments\wth_generated_qc\SYA\SYA2017.WTH,dry_year;water_stress_year;nitrogen_stress_year;irrigation_responsive_year,irrigation_responsive,SYA2017_stress_grid_S0002,pareto_balanced,2017-06-22,173,68,63,"{""sim_day"": 68.0, ""doy"": 173.0, ""topwt"": 1090.2933502197266, ""grnwt"": 0.0, ""xlai"": 0.8863195180892944, ""totir"": 60.0, ""tofer"": NaN, ""swfac"": 0.0, ""nstres"": 0.3453726172447204}",0.0,0.3453726172447204,1090.2933502197266,0.0,0.8863195180892944,60.0,,0.0,0.0,120.0,0.0,-33.58887939453125,14.41112060546875,Leave_One_experiments/all_year_offline_schedule_search/daily_outputs/SYA/SYA_2017_SYA2017_stress_grid_S0002_daily.csv
SYA,SYA,Shenyang,2017,Leave_One_experiments\wth_generated_qc\SYA\SYA2017.WTH,dry_year;water_stress_year;nitrogen_stress_year;irrigation_responsive_year,irrigation_responsive,SYA2017_stress_grid_S0002,pareto_balanced,2017-06-23,174,69,64,"{""sim_day"": 69.0, ""doy"": 174.0, ""topwt"": 1140.8708953857422, ""grnwt"": 0.0, ""xlai"": 0.8879047632217407, ""totir"": 60.0, ""tofer"": NaN, ""swfac"": 0.0, ""nstres"": 0.3537396192550659}",0.0,0.3537396192550659,1140.8708953857422,0.0,0.8879047632217407,60.0,,0.0,0.0,120.0,0.0,-33.58887939453125,14.41112060546875,Leave_One_experiments/all_year_offline_schedule_search/daily_outputs/SYA/SYA_2017_SYA2017_stress_grid_S0002_daily.csv
SYA,SYA,Shenyang,2017,Leave_One_experiments\wth_generated_qc\SYA\SYA2017.WTH,dry_year;water_stress_year;nitrogen_stress_year;irrigation_responsive_year,irrigation_responsive,SYA2017_stress_grid_S0002,pareto_balanced,2017-06-24,175,70,65,"{""sim_day"": 70.0, ""doy"": 175.0, ""topwt"": 1255.962142944336, ""grnwt"": 0.0, ""xlai"": 0.9451773166656494, ""totir"": 80.0, ""tofer"": NaN, ""swfac"": 0.0, ""nstres"": 0.3641418218612671}",0.0,0.3641418218612671,1255.962142944336,0.0,0.9451773166656494,80.0,,20.0,0.0,120.0,0.0,-33.58887939453125,14.41112060546875,Leave_One_experiments/all_year_offline_schedule_search/daily_outputs/SYA/SYA_2017_SYA2017_stress_grid_S0002_daily.csv
SYA,SYA,Shenyang,2017,Leave_One_experiments\wth_generated_qc\SYA\SYA2017.WTH,dry_year;water_stress_year;nitrogen_stress_year;irrigation_responsive_year,irrigation_responsive,SYA2017_stress_grid_S0002,pareto_balanced,2017-06-25,176,71,66,"{""sim_day"": 71.0, ""doy"": 176.0, ""topwt"": 1347.6425170898438, ""grnwt"": 0.0, ""xlai"": 0.961655616760254, ""totir"": 80.0, ""tofer"": NaN, ""swfac"": 0.0, ""nstres"": 0.3730560541152954}",0.0,0.3730560541152954,1347.6425170898438,0.0,0.961655616760254,80.0,,0.0,0.0,120.0,0.0,-33.58887939453125,14.41112060546875,Leave_One_experiments/all_year_offline_schedule_search/daily_outputs/SYA/SYA_2017_SYA2017_stress_grid_S0002_daily.csv
SYA,SYA,Shenyang,2017,Leave_One_experiments\wth_generated_qc\SYA\SYA2017.WTH,dry_year;water_stress_year;nitrogen_stress_year;irrigation_responsive_year,irrigation_responsive,SYA2017_stress_grid_S0002,pareto_balanced,2017-06-26,177,72,67,"{""sim_day"": 72.0, ""doy"": 177.0, ""topwt"": 1425.658721923828, ""grnwt"": 0.0, ""xlai"": 0.9620713591575624, ""totir"": 80.0, ""tofer"": NaN, ""swfac"": 0.0, ""nstres"": 0.4162099361419678}",0.0,0.4162099361419678,1425.658721923828,0.0,0.9620713591575624,80.0,,0.0,0.0,120.0,0.0,-33.58887939453125,14.41112060546875,Leave_One_experiments/all_year_offline_schedule_search/daily_outputs/SYA/SYA_2017_SYA2017_stress_grid_S0002_daily.csv
SYA,SYA,Shenyang,2017,Leave_One_experiments\wth_generated_qc\SYA\SYA2017.WTH,dry_year;water_stress_year;nitrogen_stress_year;irrigation_responsive_year,irrigation_responsive,SYA2017_stress_grid_S0002,pareto_balanced,2017-06-27,178,73,68,"{""sim_day"": 73.0, ""doy"": 178.0, ""topwt"": 1493.2708740234375, ""grnwt"": 0.0, ""xlai"": 0.9536955952644348, ""totir"": 80.0, ""tofer"": NaN, ""swfac"": 0.0, ""nstres"": 0.4408231377601623}",0.0,0.4408231377601623,1493.2708740234375,0.0,0.9536955952644348,80.0,,0.0,0.0,120.0,0.0,-33.58887939453125,14.41112060546875,Leave_One_experiments/all_year_offline_schedule_search/daily_outputs/SYA/SYA_2017_SYA2017_stress_grid_S0002_daily.csv
SYA,SYA,Shenyang,2017,Leave_One_experiments\wth_generated_qc\SYA\SYA2017.WTH,dry_year;water_stress_year;nitrogen_stress_year;irrigation_responsive_year,irrigation_responsive,SYA2017_stress_grid_S0002,pareto_balanced,2017-06-28,179,74,69,"{""sim_day"": 74.0, ""doy"": 179.0, ""topwt"": 1559.2050170898438, ""grnwt"": 0.0, ""xlai"": 0.9421882629394532, ""totir"": 80.0, ""tofer"": NaN, ""swfac"": 0.0, ""nstres"": 0.4522778987884521}",0.0,0.4522778987884521,1559.2050170898438,0.0,0.9421882629394532,80.0,,0.0,0.0,120.0,0.0,-33.58887939453125,14.41112060546875,Leave_One_experiments/all_year_offline_schedule_search/daily_outputs/SYA/SYA_2017_SYA2017_stress_grid_S0002_daily.csv
SYA,SYA,Shenyang,2017,Leave_One_experiments\wth_generated_qc\SYA\SYA2017.WTH,dry_year;water_stress_year;nitrogen_stress_year;irrigation_responsive_year,irrigation_responsive,SYA2017_stress_grid_S0002,pareto_balanced,2017-06-29,180,75,70,"{""sim_day"": 75.0, ""doy"": 180.0, ""topwt"": 1622.9559326171875, ""grnwt"": 0.0, ""xlai"": 0.928596556186676, ""totir"": 80.0, ""tofer"": NaN, ""swfac"": 0.0, ""nstres"": 0.4542482495307922}",0.0,0.4542482495307922,1622.9559326171875,0.0,0.928596556186676,80.0,,0.0,0.0,120.0,0.0,-33.58887939453125,14.41112060546875,Leave_One_experiments/all_year_offline_schedule_search/daily_outputs/SYA/SYA_2017_SYA2017_stress_grid_S0002_daily.csv
SYA,SYA,Shenyang,2017,Leave_One_experiments\wth_generated_qc\SYA\SYA2017.WTH,dry_year;water_stress_year;nitrogen_stress_year;irrigation_responsive_year,irrigation_responsive,SYA2017_stress_grid_S0002,pareto_balanced,2017-06-30,181,76,71,"{""sim_day"": 76.0, ""doy"": 181.0, ""topwt"": 1689.0435791015625, ""grnwt"": 0.0, ""xlai"": 0.9149707555770874, ""totir"": 80.0, ""tofer"": NaN, ""swfac"": 0.0, ""nstres"": 0.4502847194671631}",0.0,0.4502847194671631,1689.0435791015625,0.0,0.9149707555770874,80.0,,0.0,0.0,120.0,0.0,-33.58887939453125,14.41112060546875,Leave_One_experiments/all_year_offline_schedule_search/daily_outputs/SYA/SYA_2017_SYA2017_stress_grid_S0002_daily.csv
SYA,SYA,Shenyang,2017,Leave_One_experiments\wth_generated_qc\SYA\SYA2017.WTH,dry_year;water_stress_year;nitrogen_stress_year;irrigation_responsive_year,irrigation_responsive,SYA2017_stress_grid_S0002,pareto_balanced,2017-07-01,182,77,72,"{""sim_day"": 77.0, ""doy"": 182.0, ""topwt"": 1746.0246276855469, ""grnwt"": 0.0, ""xlai"": 0.8984739780426025, ""totir"": 80.0, ""tofer"": NaN, ""swfac"": 0.0, ""nstres"": 0.4453891515731811}",0.0,0.4453891515731811,1746.0246276855469,0.0,0.8984739780426025,80.0,,0.0,0.0,120.0,0.0,-33.58887939453125,14.41112060546875,Leave_One_experiments/all_year_offline_schedule_search/daily_outputs/SYA/SYA_2017_SYA2017_stress_grid_S0002_daily.csv
SYA,SYA,Shenyang,2017,Leave_One_experiments\wth_generated_qc\SYA\SYA2017.WTH,dry_year;water_stress_year;nitrogen_stress_year;irrigation_responsive_year,irrigation_responsive,SYA2017_stress_grid_S0002,pareto_balanced,2017-07-02,183,78,73,"{""sim_day"": 78.0, ""doy"": 183.0, ""topwt"": 1806.7367553710935, ""grnwt"": 0.0, ""xlai"": 0.8829887509346008, ""totir"": 80.0, ""tofer"": NaN, ""swfac"": 0.0, ""nstres"": 0.4398192167282104}",0.0,0.4398192167282104,1806.7367553710935,0.0,0.8829887509346008,80.0,,0.0,0.0,120.0,0.0,-33.58887939453125,14.41112060546875,Leave_One_experiments/all_year_offline_schedule_search/daily_outputs/SYA/SYA_2017_SYA2017_stress_grid_S0002_daily.csv
SYA,SYA,Shenyang,2017,Leave_One_experiments\wth_generated_qc\SYA\SYA2017.WTH,dry_year;water_stress_year;nitrogen_stress_year;irrigation_responsive_year,irrigation_responsive,SYA2017_stress_grid_S0002,pareto_balanced,2017-07-03,184,79,74,"{""sim_day"": 79.0, ""doy"": 184.0, ""topwt"": 1862.7238464355469, ""grnwt"": 0.0, ""xlai"": 0.8664384484291077, ""totir"": 80.0, ""tofer"": NaN, ""swfac"": 0.0, ""nstres"": 0.433068573474884}",0.0,0.433068573474884,1862.7238464355469,0.0,0.8664384484291077,80.0,,0.0,0.0,120.0,0.0,-33.58887939453125,14.41112060546875,Leave_One_experiments/all_year_offline_schedule_search/daily_outputs/SYA/SYA_2017_SYA2017_stress_grid_S0002_daily.csv
SYA,SYA,Shenyang,2017,Leave_One_experiments\wth_generated_qc\SYA\SYA2017.WTH,dry_year;water_stress_year;nitrogen_stress_year;irrigation_responsive_year,irrigation_responsive,SYA2017_stress_grid_S0002,pareto_balanced,2017-07-04,185,80,75,"{""sim_day"": 80.0, ""doy"": 185.0, ""topwt"": 1925.2178955078125, ""grnwt"": 0.0, ""xlai"": 0.8517807126045227, ""totir"": 80.0, ""tofer"": NaN, ""swfac"": 0.0, ""nstres"": 0.4248350858688354}",0.0,0.4248350858688354,1925.2178955078125,0.0,0.8517807126045227,80.0,,0.0,0.0,120.0,0.0,-33.58887939453125,14.41112060546875,Leave_One_experiments/all_year_offline_schedule_search/daily_outputs/SYA/SYA_2017_SYA2017_stress_grid_S0002_daily.csv
SYA,SYA,Shenyang,2017,Leave_One_experiments\wth_generated_qc\SYA\SYA2017.WTH,dry_year;water_stress_year;nitrogen_stress_year;irrigation_responsive_year,irrigation_responsive,SYA2017_stress_grid_S0002,pareto_balanced,2017-07-05,186,81,76,"{""sim_day"": 81.0, ""doy"": 186.0, ""topwt"": 1991.996612548828, ""grnwt"": 0.0, ""xlai"": 0.838907778263092, ""totir"": 80.0, ""tofer"": NaN, ""swfac"": 0.0, ""nstres"": 0.4181874990463257}",0.0,0.4181874990463257,1991.996612548828,0.0,0.838907778263092,80.0,,0.0,0.0,120.0,0.0,-33.58887939453125,14.41112060546875,Leave_One_experiments/all_year_offline_schedule_search/daily_outputs/SYA/SYA_2017_SYA2017_stress_grid_S0002_daily.csv
SYA,SYA,Shenyang,2017,Leave_One_experiments\wth_generated_qc\SYA\SYA2017.WTH,dry_year;water_stress_year;nitrogen_stress_year;irrigation_responsive_year,irrigation_responsive,SYA2017_stress_grid_S0002,pareto_balanced,2017-07-06,187,82,77,"{""sim_day"": 82.0, ""doy"": 187.0, ""topwt"": 2021.167755126953, ""grnwt"": 0.0, ""xlai"": 0.8174448609352112, ""totir"": 80.0, ""tofer"": NaN, ""swfac"": 0.0, ""nstres"": 0.4124373197555542}",0.0,0.4124373197555542,2021.167755126953,0.0,0.8174448609352112,80.0,,0.0,0.0,120.0,0.0,-33.58887939453125,14.41112060546875,Leave_One_experiments/all_year_offline_schedule_search/daily_outputs/SYA/SYA_2017_SYA2017_stress_grid_S0002_daily.csv
SYA,SYA,Shenyang,2017,Leave_One_experiments\wth_generated_qc\SYA\SYA2017.WTH,dry_year;water_stress_year;nitrogen_stress_year;irrigation_responsive_year,irrigation_responsive,SYA2017_stress_grid_S0002,pareto_balanced,2017-07-07,188,83,78,"{""sim_day"": 83.0, ""doy"": 188.0, ""topwt"": 2091.7759704589844, ""grnwt"": 0.0, ""xlai"": 0.8071770071983337, ""totir"": 80.0, ""tofer"": NaN, ""swfac"": 0.0, ""nstres"": 0.4034714102745056}",0.0,0.4034714102745056,2091.7759704589844,0.0,0.8071770071983337,80.0,,0.0,0.0,120.0,0.0,-33.58887939453125,14.41112060546875,Leave_One_experiments/all_year_offline_schedule_search/daily_outputs/SYA/SYA_2017_SYA2017_stress_grid_S0002_daily.csv
SYA,SYA,Shenyang,2017,Leave_One_experiments\wth_generated_qc\SYA\SYA2017.WTH,dry_year;water_stress_year;nitrogen_stress_year;irrigation_responsive_year,irrigation_responsive,SYA2017_stress_grid_S0002,pareto_balanced,2017-07-08,189,84,79,"{""sim_day"": 84.0, ""doy"": 189.0, ""topwt"": 2147.4789428710938, ""grnwt"": 0.0, ""xlai"": 0.793926477432251, ""totir"": 80.0, ""tofer"": NaN, ""swfac"": 0.0, ""nstres"": 0.3936139345169067}",0.0,0.3936139345169067,2147.4789428710938,0.0,0.793926477432251,80.0,,0.0,0.0,120.0,0.0,-33.58887939453125,14.41112060546875,Leave_One_experiments/all_year_offline_schedule_search/daily_outputs/SYA/SYA_2017_SYA2017_stress_grid_S0002_daily.csv
SYA,SYA,Shenyang,2017,Leave_One_experiments\wth_generated_qc\SYA\SYA2017.WTH,dry_year;water_stress_year;nitrogen_stress_year;irrigation_responsive_year,irrigation_responsive,SYA2017_stress_grid_S0002,pareto_balanced,2017-07-09,190,85,80,"{""sim_day"": 85.0, ""doy"": 190.0, ""topwt"": 2210.8811950683594, ""grnwt"": 0.0, ""xlai"": 0.7833884358406067, ""totir"": 100.0, ""tofer"": NaN, ""swfac"": 0.0, ""nstres"": 0.3818854093551636}",0.0,0.3818854093551636,2210.8811950683594,0.0,0.7833884358406067,100.0,,20.0,0.0,120.0,0.0,-33.58887939453125,14.41112060546875,Leave_One_experiments/all_year_offline_schedule_search/daily_outputs/SYA/SYA_2017_SYA2017_stress_grid_S0002_daily.csv
SYA,SYA,Shenyang,2017,Leave_One_experiments\wth_generated_qc\SYA\SYA2017.WTH,dry_year;water_stress_year;nitrogen_stress_year;irrigation_responsive_year,irrigation_responsive,SYA2017_stress_grid_S0002,pareto_balanced,2017-07-10,191,86,81,"{""sim_day"": 86.0, ""doy"": 191.0, ""topwt"": 2336.002349853516, ""grnwt"": 0.0, ""xlai"": 0.7580515742301941, ""totir"": 100.0, ""tofer"": NaN, ""swfac"": 0.0, ""nstres"": 0.3762217760086059}",0.0,0.3762217760086059,2336.002349853516,0.0,0.7580515742301941,100.0,,0.0,0.0,120.0,0.0,-33.58887939453125,14.41112060546875,Leave_One_experiments/all_year_offline_schedule_search/daily_outputs/SYA/SYA_2017_SYA2017_stress_grid_S0002_daily.csv
SYA,SYA,Shenyang,2017,Leave_One_experiments\wth_generated_qc\SYA\SYA2017.WTH,dry_year;water_stress_year;nitrogen_stress_year;irrigation_responsive_year,irrigation_responsive,SYA2017_stress_grid_S0002,pareto_balanced,2017-07-11,192,87,82,"{""sim_day"": 87.0, ""doy"": 192.0, ""topwt"": 2442.2608947753906, ""grnwt"": 0.0, ""xlai"": 0.7338921427726746, ""totir"": 100.0, ""tofer"": NaN, ""swfac"": 0.0, ""nstres"": 0.3648886680603027}",0.0,0.3648886680603027,2442.2608947753906,0.0,0.7338921427726746,100.0,,0.0,0.0,120.0,0.0,-33.58887939453125,14.41112060546875,Leave_One_experiments/all_year_offline_schedule_search/daily_outputs/SYA/SYA_2017_SYA2017_stress_grid_S0002_daily.csv
SYA,SYA,Shenyang,2017,Leave_One_experiments\wth_generated_qc\SYA\SYA2017.WTH,dry_year;water_stress_year;nitrogen_stress_year;irrigation_responsive_year,irrigation_responsive,SYA2017_stress_grid_S0002,pareto_balanced,2017-07-12,193,88,83,"{""sim_day"": 88.0, ""doy"": 193.0, ""topwt"": 2529.0809631347656, ""grnwt"": 0.0, ""xlai"": 0.7101399302482605, ""totir"": 100.0, ""tofer"": NaN, ""swfac"": 0.0, ""nstres"": 0.3767543435096741}",0.0,0.3767543435096741,2529.0809631347656,0.0,0.7101399302482605,100.0,,0.0,0.0,120.0,0.0,-33.58887939453125,14.41112060546875,Leave_One_experiments/all_year_offline_schedule_search/daily_outputs/SYA/SYA_2017_SYA2017_stress_grid_S0002_daily.csv
SYA,SYA,Shenyang,2017,Leave_One_experiments\wth_generated_qc\SYA\SYA2017.WTH,dry_year;water_stress_year;nitrogen_stress_year;irrigation_responsive_year,irrigation_responsive,SYA2017_stress_grid_S0002,pareto_balanced,2017-07-13,194,89,84,"{""sim_day"": 89.0, ""doy"": 194.0, ""topwt"": 2576.835021972656, ""grnwt"": 0.0, ""xlai"": 0.6870303750038147, ""totir"": 100.0, ""tofer"": NaN, ""swfac"": 0.0, ""nstres"": 0.3810141682624817}",0.0,0.3810141682624817,2576.835021972656,0.0,0.6870303750038147,100.0,,0.0,0.0,120.0,0.0,-33.58887939453125,14.41112060546875,Leave_One_experiments/all_year_offline_schedule_search/daily_outputs/SYA/SYA_2017_SYA2017_stress_grid_S0002_daily.csv
SYA,SYA,Shenyang,2017,Leave_One_experiments\wth_generated_qc\SYA\SYA2017.WTH,dry_year;water_stress_year;nitrogen_stress_year;irrigation_responsive_year,irrigation_responsive,SYA2017_stress_grid_S0002,pareto_balanced,2017-07-14,195,90,85,"{""sim_day"": 90.0, ""doy"": 195.0, ""topwt"": 2661.455993652344, ""grnwt"": 0.0, ""xlai"": 0.6647843718528748, ""totir"": 100.0, ""tofer"": NaN, ""swfac"": 0.0, ""nstres"": 0.3771162629127502}",0.0,0.3771162629127502,2661.455993652344,0.0,0.6647843718528748,100.0,,0.0,0.0,120.0,0.0,-33.58887939453125,14.41112060546875,Leave_One_experiments/all_year_offline_schedule_search/daily_outputs/SYA/SYA_2017_SYA2017_stress_grid_S0002_daily.csv
SYA,SYA,Shenyang,2017,Leave_One_experiments\wth_generated_qc\SYA\SYA2017.WTH,dry_year;water_stress_year;nitrogen_stress_year;irrigation_responsive_year,irrigation_responsive,SYA2017_stress_grid_S0002,pareto_balanced,2017-07-15,196,91,86,"{""sim_day"": 91.0, ""doy"": 196.0, ""topwt"": 2759.9249267578125, ""grnwt"": 0.0, ""xlai"": 0.6437546610832214, ""totir"": 100.0, ""tofer"": NaN, ""swfac"": 0.0, ""nstres"": 0.3592085838317871}",0.0,0.3592085838317871,2759.9249267578125,0.0,0.6437546610832214,100.0,,0.0,0.0,120.0,0.0,-33.58887939453125,14.41112060546875,Leave_One_experiments/all_year_offline_schedule_search/daily_outputs/SYA/SYA_2017_SYA2017_stress_grid_S0002_daily.csv
SYA,SYA,Shenyang,2017,Leave_One_experiments\wth_generated_qc\SYA\SYA2017.WTH,dry_year;water_stress_year;nitrogen_stress_year;irrigation_responsive_year,irrigation_responsive,SYA2017_stress_grid_S0002,pareto_balanced,2017-07-16,197,92,87,"{""sim_day"": 92.0, ""doy"": 197.0, ""topwt"": 2859.6441650390625, ""grnwt"": 0.0, ""xlai"": 0.6235977411270142, ""totir"": 100.0, ""tofer"": NaN, ""swfac"": 0.0, ""nstres"": 0.351479172706604}",0.0,0.351479172706604,2859.6441650390625,0.0,0.6235977411270142,100.0,,0.0,0.0,120.0,0.0,-33.58887939453125,14.41112060546875,Leave_One_experiments/all_year_offline_schedule_search/daily_outputs/SYA/SYA_2017_SYA2017_stress_grid_S0002_daily.csv
SYA,SYA,Shenyang,2017,Leave_One_experiments\wth_generated_qc\SYA\SYA2017.WTH,dry_year;water_stress_year;nitrogen_stress_year;irrigation_responsive_year,irrigation_responsive,SYA2017_stress_grid_S0002,pareto_balanced,2017-07-17,198,93,88,"{""sim_day"": 93.0, ""doy"": 198.0, ""topwt"": 2947.054443359375, ""grnwt"": 0.0, ""xlai"": 0.6042306423187256, ""totir"": 100.0, ""tofer"": NaN, ""swfac"": 0.0, ""nstres"": 0.3453690409660339}",0.0,0.3453690409660339,2947.054443359375,0.0,0.6042306423187256,100.0,,0.0,0.0,120.0,0.0,-33.58887939453125,14.41112060546875,Leave_One_experiments/all_year_offline_schedule_search/daily_outputs/SYA/SYA_2017_SYA2017_stress_grid_S0002_daily.csv
SYA,SYA,Shenyang,2017,Leave_One_experiments\wth_generated_qc\SYA\SYA2017.WTH,dry_year;water_stress_year;nitrogen_stress_year;irrigation_responsive_year,irrigation_responsive,SYA2017_stress_grid_S0002,pareto_balanced,2017-07-18,199,94,89,"{""sim_day"": 94.0, ""doy"": 199.0, ""topwt"": 2991.8423461914062, ""grnwt"": 0.0, ""xlai"": 0.5856911540031433, ""totir"": 100.0, ""tofer"": NaN, ""swfac"": 0.0, ""nstres"": 0.3363896608352661}",0.0,0.3363896608352661,2991.8423461914062,0.0,0.5856911540031433,100.0,,0.0,0.0,120.0,0.0,-33.58887939453125,14.41112060546875,Leave_One_experiments/all_year_offline_schedule_search/daily_outputs/SYA/SYA_2017_SYA2017_stress_grid_S0002_daily.csv
SYA,SYA,Shenyang,2017,Leave_One_experiments\wth_generated_qc\SYA\SYA2017.WTH,dry_year;water_stress_year;nitrogen_stress_year;irrigation_responsive_year,irrigation_responsive,SYA2017_stress_grid_S0002,pareto_balanced,2017-07-19,200,95,90,"{""sim_day"": 95.0, ""doy"": 200.0, ""topwt"": 3051.6510009765625, ""grnwt"": 132.69156455993652, ""xlai"": 0.5679208636283875, ""totir"": 100.0, ""tofer"": NaN, ""swfac"": 0.0, ""nstres"": 0.3281750082969665}",0.0,0.3281750082969665,3051.6510009765625,132.69156455993652,0.5679208636283875,100.0,,0.0,0.0,120.0,0.0,-33.58887939453125,14.41112060546875,Leave_One_experiments/all_year_offline_schedule_search/daily_outputs/SYA/SYA_2017_SYA2017_stress_grid_S0002_daily.csv
SYA,SYA,Shenyang,2017,Leave_One_experiments\wth_generated_qc\SYA\SYA2017.WTH,dry_year;water_stress_year;nitrogen_stress_year;irrigation_responsive_year,irrigation_responsive,SYA2017_stress_grid_S0002,pareto_balanced,2017-07-20,201,96,91,"{""sim_day"": 96.0, ""doy"": 201.0, ""topwt"": 3152.645568847656, ""grnwt"": 211.4025115966797, ""xlai"": 0.5498331785202026, ""totir"": 100.0, ""tofer"": NaN, ""swfac"": 0.0, ""nstres"": 0.3643729090690613}",0.0,0.3643729090690613,3152.645568847656,211.4025115966797,0.5498331785202026,100.0,,0.0,0.0,120.0,0.0,-33.58887939453125,14.41112060546875,Leave_One_experiments/all_year_offline_schedule_search/daily_outputs/SYA/SYA_2017_SYA2017_stress_grid_S0002_daily.csv
SYA,SYA,Shenyang,2017,Leave_One_experiments\wth_generated_qc\SYA\SYA2017.WTH,dry_year;water_stress_year;nitrogen_stress_year;irrigation_responsive_year,irrigation_responsive,SYA2017_stress_grid_S0002,pareto_balanced,2017-07-21,202,97,92,"{""sim_day"": 97.0, ""doy"": 202.0, ""topwt"": 3180.0119018554688, ""grnwt"": 290.11348724365234, ""xlai"": 0.5328342318534851, ""totir"": 100.0, ""tofer"": NaN, ""swfac"": 0.0, ""nstres"": 0.3419997692108154}",0.0,0.3419997692108154,3180.0119018554688,290.11348724365234,0.5328342318534851,100.0,,0.0,0.0,120.0,0.0,-33.58887939453125,14.41112060546875,Leave_One_experiments/all_year_offline_schedule_search/daily_outputs/SYA/SYA_2017_SYA2017_stress_grid_S0002_daily.csv
SYA,SYA,Shenyang,2017,Leave_One_experiments\wth_generated_qc\SYA\SYA2017.WTH,dry_year;water_stress_year;nitrogen_stress_year;irrigation_responsive_year,irrigation_responsive,SYA2017_stress_grid_S0002,pareto_balanced,2017-07-22,203,98,93,"{""sim_day"": 98.0, ""doy"": 203.0, ""topwt"": 3269.8562622070312, ""grnwt"": 368.824462890625, ""xlai"": 0.5161260962486267, ""totir"": 100.0, ""tofer"": NaN, ""swfac"": 0.0, ""nstres"": 0.352568507194519}",0.0,0.352568507194519,3269.8562622070312,368.824462890625,0.5161260962486267,100.0,,0.0,0.0,120.0,0.0,-33.58887939453125,14.41112060546875,Leave_One_experiments/all_year_offline_schedule_search/daily_outputs/SYA/SYA_2017_SYA2017_stress_grid_S0002_daily.csv
SYA,SYA,Shenyang,2017,Leave_One_experiments\wth_generated_qc\SYA\SYA2017.WTH,dry_year;water_stress_year;nitrogen_stress_year;irrigation_responsive_year,irrigation_responsive,SYA2017_stress_grid_S0002,pareto_balanced,2017-07-23,204,99,94,"{""sim_day"": 99.0, ""doy"": 204.0, ""topwt"": 3350.87646484375, ""grnwt"": 447.535400390625, ""xlai"": 0.5002601146697998, ""totir"": 100.0, ""tofer"": NaN, ""swfac"": 0.0, ""nstres"": 0.3377733826637268}",0.0,0.3377733826637268,3350.87646484375,447.535400390625,0.5002601146697998,100.0,,0.0,0.0,120.0,0.0,-33.58887939453125,14.41112060546875,Leave_One_experiments/all_year_offline_schedule_search/daily_outputs/SYA/SYA_2017_SYA2017_stress_grid_S0002_daily.csv
SYA,SYA,Shenyang,2017,Leave_One_experiments\wth_generated_qc\SYA\SYA2017.WTH,dry_year;water_stress_year;nitrogen_stress_year;irrigation_responsive_year,irrigation_responsive,SYA2017_stress_grid_S0002,pareto_balanced,2017-07-24,205,100,95,"{""sim_day"": 100.0, ""doy"": 205.0, ""topwt"": 3450.9674072265625, ""grnwt"": 526.246337890625, ""xlai"": 0.4846512973308563, ""totir"": 120.0, ""tofer"": NaN, ""swfac"": 0.0, ""nstres"": 0.3488348722457886}",0.0,0.3488348722457886,3450.9674072265625,526.246337890625,0.4846512973308563,120.0,,20.0,0.0,120.0,0.0,-33.58887939453125,14.41112060546875,Leave_One_experiments/all_year_offline_schedule_search/daily_outputs/SYA/SYA_2017_SYA2017_stress_grid_S0002_daily.csv
SYA,SYA,Shenyang,2017,Leave_One_experiments\wth_generated_qc\SYA\SYA2017.WTH,dry_year;water_stress_year;nitrogen_stress_year;irrigation_responsive_year,irrigation_responsive,SYA2017_stress_grid_S0002,pareto_balanced,2017-07-25,206,101,96,"{""sim_day"": 101.0, ""doy"": 206.0, ""topwt"": 3506.1651611328125, ""grnwt"": 604.9573135375977, ""xlai"": 0.4693771004676819, ""totir"": 120.0, ""tofer"": NaN, ""swfac"": 0.0, ""nstres"": 0.356381356716156}",0.0,0.356381356716156,3506.1651611328125,604.9573135375977,0.4693771004676819,120.0,,0.0,0.0,120.0,0.0,-33.58887939453125,14.41112060546875,Leave_One_experiments/all_year_offline_schedule_search/daily_outputs/SYA/SYA_2017_SYA2017_stress_grid_S0002_daily.csv
SYA,SYA,Shenyang,2017,Leave_One_experiments\wth_generated_qc\SYA\SYA2017.WTH,dry_year;water_stress_year;nitrogen_stress_year;irrigation_responsive_year,irrigation_responsive,SYA2017_stress_grid_S0002,pareto_balanced,2017-07-26,207,102,97,"{""sim_day"": 102.0, ""doy"": 207.0, ""topwt"": 3553.9828491210938, ""grnwt"": 683.668212890625, ""xlai"": 0.4542902112007141, ""totir"": 120.0, ""tofer"": NaN, ""swfac"": 0.0, ""nstres"": 0.371412456035614}",0.0,0.371412456035614,3553.9828491210938,683.668212890625,0.4542902112007141,120.0,,0.0,0.0,120.0,0.0,-33.58887939453125,14.41112060546875,Leave_One_experiments/all_year_offline_schedule_search/daily_outputs/SYA/SYA_2017_SYA2017_stress_grid_S0002_daily.csv
SYA,SYA,Shenyang,2017,Leave_One_experiments\wth_generated_qc\SYA\SYA2017.WTH,dry_year;water_stress_year;nitrogen_stress_year;irrigation_responsive_year,irrigation_responsive,SYA2017_stress_grid_S0002,pareto_balanced,2017-07-27,208,103,98,"{""sim_day"": 103.0, ""doy"": 208.0, ""topwt"": 3643.653869628906, ""grnwt"": 762.3792266845703, ""xlai"": 0.4396913945674896, ""totir"": 120.0, ""tofer"": NaN, ""swfac"": 0.0, ""nstres"": 0.3712523579597473}",0.0,0.3712523579597473,3643.653869628906,762.3792266845703,0.4396913945674896,120.0,,0.0,0.0,120.0,0.0,-33.58887939453125,14.41112060546875,Leave_One_experiments/all_year_offline_schedule_search/daily_outputs/SYA/SYA_2017_SYA2017_stress_grid_S0002_daily.csv
SYA,SYA,Shenyang,2017,Leave_One_experiments\wth_generated_qc\SYA\SYA2017.WTH,dry_year;water_stress_year;nitrogen_stress_year;irrigation_responsive_year,irrigation_responsive,SYA2017_stress_grid_S0002,pareto_balanced,2017-07-28,209,104,99,"{""sim_day"": 104.0, ""doy"": 209.0, ""topwt"": 3725.128479003906, ""grnwt"": 841.0901641845703, ""xlai"": 0.4256589710712433, ""totir"": 120.0, ""tofer"": NaN, ""swfac"": 0.0, ""nstres"": 0.3659425973892212}",0.0,0.3659425973892212,3725.128479003906,841.0901641845703,0.4256589710712433,120.0,,0.0,0.0,120.0,0.0,-33.58887939453125,14.41112060546875,Leave_One_experiments/all_year_offline_schedule_search/daily_outputs/SYA/SYA_2017_SYA2017_stress_grid_S0002_daily.csv
SYA,SYA,Shenyang,2017,Leave_One_experiments\wth_generated_qc\SYA\SYA2017.WTH,dry_year;water_stress_year;nitrogen_stress_year;irrigation_responsive_year,irrigation_responsive,SYA2017_stress_grid_S0002,pareto_balanced,2017-07-29,210,105,100,"{""sim_day"": 105.0, ""doy"": 210.0, ""topwt"": 3809.354553222656, ""grnwt"": 919.8011016845704, ""xlai"": 0.4119224846363067, ""totir"": 120.0, ""tofer"": NaN, ""swfac"": 0.0, ""nstres"": 0.3745033740997314}",0.0,0.3745033740997314,3809.354553222656,919.8011016845704,0.4119224846363067,120.0,,0.0,0.0,120.0,0.0,-33.58887939453125,14.41112060546875,Leave_One_experiments/all_year_offline_schedule_search/daily_outputs/SYA/SYA_2017_SYA2017_stress_grid_S0002_daily.csv
SYA,SYA,Shenyang,2017,Leave_One_experiments\wth_generated_qc\SYA\SYA2017.WTH,dry_year;water_stress_year;nitrogen_stress_year;irrigation_responsive_year,irrigation_responsive,SYA2017_stress_grid_S0002,pareto_balanced,2017-07-30,211,106,101,"{""sim_day"": 106.0, ""doy"": 211.0, ""topwt"": 3892.403259277344, ""grnwt"": 998.5120391845704, ""xlai"": 0.3986028134822845, ""totir"": 120.0, ""tofer"": NaN, ""swfac"": 0.0, ""nstres"": 0.3760495781898498}",0.0,0.3760495781898498,3892.403259277344,998.5120391845704,0.3986028134822845,120.0,,0.0,0.0,120.0,0.0,-33.58887939453125,14.41112060546875,Leave_One_experiments/all_year_offline_schedule_search/daily_outputs/SYA/SYA_2017_SYA2017_stress_grid_S0002_daily.csv
SYA,SYA,Shenyang,2017,Leave_One_experiments\wth_generated_qc\SYA\SYA2017.WTH,dry_year;water_stress_year;nitrogen_stress_year;irrigation_responsive_year,irrigation_responsive,SYA2017_stress_grid_S0002,pareto_balanced,2017-07-31,212,107,102,"{""sim_day"": 107.0, ""doy"": 212.0, ""topwt"": 3955.8419799804688, ""grnwt"": 1077.2229766845703, ""xlai"": 0.385655790567398, ""totir"": 120.0, ""tofer"": NaN, ""swfac"": 0.0, ""nstres"": 0.3795449137687683}",0.0,0.3795449137687683,3955.8419799804688,1077.2229766845703,0.385655790567398,120.0,,0.0,0.0,120.0,0.0,-33.58887939453125,14.41112060546875,Leave_One_experiments/all_year_offline_schedule_search/daily_outputs/SYA/SYA_2017_SYA2017_stress_grid_S0002_daily.csv
SYA,SYA,Shenyang,2017,Leave_One_experiments\wth_generated_qc\SYA\SYA2017.WTH,dry_year;water_stress_year;nitrogen_stress_year;irrigation_responsive_year,irrigation_responsive,SYA2017_stress_grid_S0002,pareto_balanced,2017-08-01,213,108,103,"{""sim_day"": 108.0, ""doy"": 213.0, ""topwt"": 3990.782470703125, ""grnwt"": 1154.4581604003906, ""xlai"": 0.373099684715271, ""totir"": 120.0, ""tofer"": NaN, ""swfac"": 0.0, ""nstres"": 0.3813880681991577}",0.0,0.3813880681991577,3990.782470703125,1154.4581604003906,0.373099684715271,120.0,,0.0,0.0,120.0,0.0,-33.58887939453125,14.41112060546875,Leave_One_experiments/all_year_offline_schedule_search/daily_outputs/SYA/SYA_2017_SYA2017_stress_grid_S0002_daily.csv
SYA,SYA,Shenyang,2017,Leave_One_experiments\wth_generated_qc\SYA\SYA2017.WTH,dry_year;water_stress_year;nitrogen_stress_year;irrigation_responsive_year,irrigation_responsive,SYA2017_stress_grid_S0002,pareto_balanced,2017-08-02,214,109,104,"{""sim_day"": 109.0, ""doy"": 214.0, ""topwt"": 4013.0224609375, ""grnwt"": 1233.1690979003906, ""xlai"": 0.3610550165176391, ""totir"": 120.0, ""tofer"": NaN, ""swfac"": 0.0, ""nstres"": 0.3747828602790832}",0.0,0.3747828602790832,4013.0224609375,1233.1690979003906,0.3610550165176391,120.0,,0.0,0.0,120.0,0.0,-33.58887939453125,14.41112060546875,Leave_One_experiments/all_year_offline_schedule_search/daily_outputs/SYA/SYA_2017_SYA2017_stress_grid_S0002_daily.csv
SYA,SYA,Shenyang,2017,Leave_One_experiments\wth_generated_qc\SYA\SYA2017.WTH,dry_year;water_stress_year;nitrogen_stress_year;irrigation_responsive_year,irrigation_responsive,SYA2017_stress_grid_S0002,pareto_balanced,2017-08-03,215,110,105,"{""sim_day"": 110.0, ""doy"": 215.0, ""topwt"": 4083.174743652344, ""grnwt"": 1307.9444885253906, ""xlai"": 0.3496640026569366, ""totir"": 120.0, ""tofer"": NaN, ""swfac"": 0.0, ""nstres"": 0.357180655002594}",0.0,0.357180655002594,4083.174743652344,1307.9444885253906,0.3496640026569366,120.0,,0.0,0.0,120.0,0.0,-33.58887939453125,14.41112060546875,Leave_One_experiments/all_year_offline_schedule_search/daily_outputs/SYA/SYA_2017_SYA2017_stress_grid_S0002_daily.csv
SYA,SYA,Shenyang,2017,Leave_One_experiments\wth_generated_qc\SYA\SYA2017.WTH,dry_year;water_stress_year;nitrogen_stress_year;irrigation_responsive_year,irrigation_responsive,SYA2017_stress_grid_S0002,pareto_balanced,2017-08-04,216,111,106,"{""sim_day"": 111.0, ""doy"": 216.0, ""topwt"": 4128.077087402344, ""grnwt"": 1386.6554260253906, ""xlai"": 0.338999480009079, ""totir"": 120.0, ""tofer"": NaN, ""swfac"": 0.0, ""nstres"": 0.3319844007492065}",0.0,0.3319844007492065,4128.077087402344,1386.6554260253906,0.338999480009079,120.0,,0.0,0.0,120.0,0.0,-33.58887939453125,14.41112060546875,Leave_One_experiments/all_year_offline_schedule_search/daily_outputs/SYA/SYA_2017_SYA2017_stress_grid_S0002_daily.csv
SYA,SYA,Shenyang,2017,Leave_One_experiments\wth_generated_qc\SYA\SYA2017.WTH,dry_year;water_stress_year;nitrogen_stress_year;irrigation_responsive_year,irrigation_responsive,SYA2017_stress_grid_S0002,pareto_balanced,2017-08-05,217,112,107,"{""sim_day"": 112.0, ""doy"": 217.0, ""topwt"": 4174.466552734375, ""grnwt"": 1465.3663635253906, ""xlai"": 0.3285742700099945, ""totir"": 120.0, ""tofer"": NaN, ""swfac"": 0.0, ""nstres"": 0.3380674123764038}",0.0,0.3380674123764038,4174.466552734375,1465.3663635253906,0.3285742700099945,120.0,,0.0,0.0,120.0,0.0,-33.58887939453125,14.41112060546875,Leave_One_experiments/all_year_offline_schedule_search/daily_outputs/SYA/SYA_2017_SYA2017_stress_grid_S0002_daily.csv
SYA,SYA,Shenyang,2017,Leave_One_experiments\wth_generated_qc\SYA\SYA2017.WTH,dry_year;water_stress_year;nitrogen_stress_year;irrigation_responsive_year,irrigation_responsive,SYA2017_stress_grid_S0002,pareto_balanced,2017-08-06,218,113,108,"{""sim_day"": 113.0, ""doy"": 218.0, ""topwt"": 4214.312744140625, ""grnwt"": 1544.0773010253906, ""xlai"": 0.318570077419281, ""totir"": 120.0, ""tofer"": NaN, ""swfac"": 0.0, ""nstres"": 0.3307340145111084}",0.0,0.3307340145111084,4214.312744140625,1544.0773010253906,0.318570077419281,120.0,,0.0,0.0,120.0,0.0,-33.58887939453125,14.41112060546875,Leave_One_experiments/all_year_offline_schedule_search/daily_outputs/SYA/SYA_2017_SYA2017_stress_grid_S0002_daily.csv
SYA,SYA,Shenyang,2017,Leave_One_experiments\wth_generated_qc\SYA\SYA2017.WTH,dry_year;water_stress_year;nitrogen_stress_year;irrigation_responsive_year,irrigation_responsive,SYA2017_stress_grid_S0002,pareto_balanced,2017-08-07,219,114,109,"{""sim_day"": 114.0, ""doy"": 219.0, ""topwt"": 4284.8681640625, ""grnwt"": 1622.7883911132812, ""xlai"": 0.3089612126350403, ""totir"": 120.0, ""tofer"": NaN, ""swfac"": 0.0, ""nstres"": 0.323896586894989}",0.0,0.323896586894989,4284.8681640625,1622.7883911132812,0.3089612126350403,120.0,,0.0,0.0,120.0,0.0,-33.58887939453125,14.41112060546875,Leave_One_experiments/all_year_offline_schedule_search/daily_outputs/SYA/SYA_2017_SYA2017_stress_grid_S0002_daily.csv
SYA,SYA,Shenyang,2017,Leave_One_experiments\wth_generated_qc\SYA\SYA2017.WTH,dry_year;water_stress_year;nitrogen_stress_year;irrigation_responsive_year,irrigation_responsive,SYA2017_stress_grid_S0002,pareto_balanced,2017-08-08,220,115,110,"{""sim_day"": 115.0, ""doy"": 220.0, ""topwt"": 4340.636901855469, ""grnwt"": 1701.499481201172, ""xlai"": 0.2997664213180542, ""totir"": 120.0, ""tofer"": NaN, ""swfac"": 0.0, ""nstres"": 0.3142464160919189}",0.0,0.3142464160919189,4340.636901855469,1701.499481201172,0.2997664213180542,120.0,,0.0,0.0,120.0,0.0,-33.58887939453125,14.41112060546875,Leave_One_experiments/all_year_offline_schedule_search/daily_outputs/SYA/SYA_2017_SYA2017_stress_grid_S0002_daily.csv
SYA,SYA,Shenyang,2017,Leave_One_experiments\wth_generated_qc\SYA\SYA2017.WTH,dry_year;water_stress_year;nitrogen_stress_year;irrigation_responsive_year,irrigation_responsive,SYA2017_stress_grid_S0002,pareto_balanced,2017-08-09,221,116,111,"{""sim_day"": 116.0, ""doy"": 221.0, ""topwt"": 4381.552429199219, ""grnwt"": 1780.210418701172, ""xlai"": 0.2908129394054413, ""totir"": 120.0, ""tofer"": NaN, ""swfac"": 0.0, ""nstres"": 0.3168384432792663}",0.0,0.3168384432792663,4381.552429199219,1780.210418701172,0.2908129394054413,120.0,,0.0,0.0,120.0,0.0,-33.58887939453125,14.41112060546875,Leave_One_experiments/all_year_offline_schedule_search/daily_outputs/SYA/SYA_2017_SYA2017_stress_grid_S0002_daily.csv
SYA,SYA,Shenyang,2017,Leave_One_experiments\wth_generated_qc\SYA\SYA2017.WTH,dry_year;water_stress_year;nitrogen_stress_year;irrigation_responsive_year,irrigation_responsive,SYA2017_stress_grid_S0002,pareto_balanced,2017-08-10,222,117,112,"{""sim_day"": 117.0, ""doy"": 222.0, ""topwt"": 4436.304626464844, ""grnwt"": 1858.9215087890625, ""xlai"": 0.2821961939334869, ""totir"": 120.0, ""tofer"": NaN, ""swfac"": 0.0, ""nstres"": 0.3111141920089721}",0.0,0.3111141920089721,4436.304626464844,1858.9215087890625,0.2821961939334869,120.0,,0.0,0.0,120.0,0.0,-33.58887939453125,14.41112060546875,Leave_One_experiments/all_year_offline_schedule_search/daily_outputs/SYA/SYA_2017_SYA2017_stress_grid_S0002_daily.csv
SYA,SYA,Shenyang,2017,Leave_One_experiments\wth_generated_qc\SYA\SYA2017.WTH,dry_year;water_stress_year;nitrogen_stress_year;irrigation_responsive_year,irrigation_responsive,SYA2017_stress_grid_S0002,pareto_balanced,2017-08-11,223,118,113,"{""sim_day"": 118.0, ""doy"": 223.0, ""topwt"": 4480.499267578125, ""grnwt"": 1932.7128601074216, ""xlai"": 0.2739732563495636, ""totir"": 120.0, ""tofer"": NaN, ""swfac"": 0.0, ""nstres"": 0.2993411421775818}",0.0,0.2993411421775818,4480.499267578125,1932.7128601074216,0.2739732563495636,120.0,,0.0,0.0,120.0,0.0,-33.58887939453125,14.41112060546875,Leave_One_experiments/all_year_offline_schedule_search/daily_outputs/SYA/SYA_2017_SYA2017_stress_grid_S0002_daily.csv
SYA,SYA,Shenyang,2017,Leave_One_experiments\wth_generated_qc\SYA\SYA2017.WTH,dry_year;water_stress_year;nitrogen_stress_year;irrigation_responsive_year,irrigation_responsive,SYA2017_stress_grid_S0002,pareto_balanced,2017-08-12,224,119,114,"{""sim_day"": 119.0, ""doy"": 224.0, ""topwt"": 4545.132141113281, ""grnwt"": 2011.4239501953125, ""xlai"": 0.266051322221756, ""totir"": 120.0, ""tofer"": NaN, ""swfac"": 0.0, ""nstres"": 0.2939563989639282}",0.0,0.2939563989639282,4545.132141113281,2011.4239501953125,0.266051322221756,120.0,,0.0,0.0,120.0,0.0,-33.58887939453125,14.41112060546875,Leave_One_experiments/all_year_offline_schedule_search/daily_outputs/SYA/SYA_2017_SYA2017_stress_grid_S0002_daily.csv
SYA,SYA,Shenyang,2017,Leave_One_experiments\wth_generated_qc\SYA\SYA2017.WTH,dry_year;water_stress_year;nitrogen_stress_year;irrigation_responsive_year,irrigation_responsive,SYA2017_stress_grid_S0002,pareto_balanced,2017-08-13,225,120,115,"{""sim_day"": 120.0, ""doy"": 225.0, ""topwt"": 4561.1614990234375, ""grnwt"": 2090.135040283203, ""xlai"": 0.2584053575992584, ""totir"": 120.0, ""tofer"": NaN, ""swfac"": 0.0, ""nstres"": 0.2897267937660217}",0.0,0.2897267937660217,4561.1614990234375,2090.135040283203,0.2584053575992584,120.0,,0.0,0.0,120.0,0.0,-33.58887939453125,14.41112060546875,Leave_One_experiments/all_year_offline_schedule_search/daily_outputs/SYA/SYA_2017_SYA2017_stress_grid_S0002_daily.csv
SYA,SYA,Shenyang,2017,Leave_One_experiments\wth_generated_qc\SYA\SYA2017.WTH,dry_year;water_stress_year;nitrogen_stress_year;irrigation_responsive_year,irrigation_responsive,SYA2017_stress_grid_S0002,pareto_balanced,2017-08-14,226,121,116,"{""sim_day"": 121.0, ""doy"": 226.0, ""topwt"": 4595.552673339844, ""grnwt"": 2168.845977783203, ""xlai"": 0.2509320378303528, ""totir"": 120.0, ""tofer"": NaN, ""swfac"": 0.0, ""nstres"": 0.2941058874130249}",0.0,0.2941058874130249,4595.552673339844,2168.845977783203,0.2509320378303528,120.0,,0.0,0.0,120.0,0.0,-33.58887939453125,14.41112060546875,Leave_One_experiments/all_year_offline_schedule_search/daily_outputs/SYA/SYA_2017_SYA2017_stress_grid_S0002_daily.csv
SYA,SYA,Shenyang,2017,Leave_One_experiments\wth_generated_qc\SYA\SYA2017.WTH,dry_year;water_stress_year;nitrogen_stress_year;irrigation_responsive_year,irrigation_responsive,SYA2017_stress_grid_S0002,pareto_balanced,2017-08-15,227,122,117,"{""sim_day"": 122.0, ""doy"": 227.0, ""topwt"": 4643.7841796875, ""grnwt"": 2247.5570678710938, ""xlai"": 0.2439372539520263, ""totir"": 120.0, ""tofer"": NaN, ""swfac"": 0.0, ""nstres"": 0.2690050005912781}",0.0,0.2690050005912781,4643.7841796875,2247.5570678710938,0.2439372539520263,120.0,,0.0,0.0,120.0,0.0,-33.58887939453125,14.41112060546875,Leave_One_experiments/all_year_offline_schedule_search/daily_outputs/SYA/SYA_2017_SYA2017_stress_grid_S0002_daily.csv
SYA,SYA,Shenyang,2017,Leave_One_experiments\wth_generated_qc\SYA\SYA2017.WTH,dry_year;water_stress_year;nitrogen_stress_year;irrigation_responsive_year,irrigation_responsive,SYA2017_stress_grid_S0002,pareto_balanced,2017-08-16,228,123,118,"{""sim_day"": 123.0, ""doy"": 228.0, ""topwt"": 4667.710571289063, ""grnwt"": 2326.2681579589844, ""xlai"": 0.2372311204671859, ""totir"": 120.0, ""tofer"": NaN, ""swfac"": 0.0, ""nstres"": 0.2597922086715698}",0.0,0.2597922086715698,4667.710571289063,2326.2681579589844,0.2372311204671859,120.0,,0.0,0.0,120.0,0.0,-33.58887939453125,14.41112060546875,Leave_One_experiments/all_year_offline_schedule_search/daily_outputs/SYA/SYA_2017_SYA2017_stress_grid_S0002_daily.csv
SYA,SYA,Shenyang,2017,Leave_One_experiments\wth_generated_qc\SYA\SYA2017.WTH,dry_year;water_stress_year;nitrogen_stress_year;irrigation_responsive_year,irrigation_responsive,SYA2017_stress_grid_S0002,pareto_balanced,2017-08-17,229,124,119,"{""sim_day"": 124.0, ""doy"": 229.0, ""topwt"": 4696.813659667969, ""grnwt"": 2404.9790954589844, ""xlai"": 0.2307122200727462, ""totir"": 120.0, ""tofer"": NaN, ""swfac"": 0.0, ""nstres"": 0.2594992518424988}",0.0,0.2594992518424988,4696.813659667969,2404.9790954589844,0.2307122200727462,120.0,,0.0,0.0,120.0,0.0,-33.58887939453125,14.41112060546875,Leave_One_experiments/all_year_offline_schedule_search/daily_outputs/SYA/SYA_2017_SYA2017_stress_grid_S0002_daily.csv
SYA,SYA,Shenyang,2017,Leave_One_experiments\wth_generated_qc\SYA\SYA2017.WTH,dry_year;water_stress_year;nitrogen_stress_year;irrigation_responsive_year,irrigation_responsive,SYA2017_stress_grid_S0002,pareto_balanced,2017-08-18,230,125,120,"{""sim_day"": 125.0, ""doy"": 230.0, ""topwt"": 4744.478759765625, ""grnwt"": 2483.690185546875, ""xlai"": 0.2244056761264801, ""totir"": 120.0, ""tofer"": NaN, ""swfac"": 0.0, ""nstres"": 0.2560431957244873}",0.0,0.2560431957244873,4744.478759765625,2483.690185546875,0.2244056761264801,120.0,,0.0,0.0,120.0,0.0,-33.58887939453125,14.41112060546875,Leave_One_experiments/all_year_offline_schedule_search/daily_outputs/SYA/SYA_2017_SYA2017_stress_grid_S0002_daily.csv
SYA,SYA,Shenyang,2017,Leave_One_experiments\wth_generated_qc\SYA\SYA2017.WTH,dry_year;water_stress_year;nitrogen_stress_year;irrigation_responsive_year,irrigation_responsive,SYA2017_stress_grid_S0002,pareto_balanced,2017-08-19,231,126,121,"{""sim_day"": 126.0, ""doy"": 231.0, ""topwt"": 4795.623779296875, ""grnwt"": 2562.401123046875, ""xlai"": 0.2181641608476638, ""totir"": 120.0, ""tofer"": NaN, ""swfac"": 0.0, ""nstres"": 0.2675241231918335}",0.0,0.2675241231918335,4795.623779296875,2562.401123046875,0.2181641608476638,120.0,,0.0,0.0,120.0,0.0,-33.58887939453125,14.41112060546875,Leave_One_experiments/all_year_offline_schedule_search/daily_outputs/SYA/SYA_2017_SYA2017_stress_grid_S0002_daily.csv
SYA,SYA,Shenyang,2017,Leave_One_experiments\wth_generated_qc\SYA\SYA2017.WTH,dry_year;water_stress_year;nitrogen_stress_year;irrigation_responsive_year,irrigation_responsive,SYA2017_stress_grid_S0002,pareto_balanced,2017-08-20,232,127,122,"{""sim_day"": 127.0, ""doy"": 232.0, ""topwt"": 4849.354248046875, ""grnwt"": 2641.112060546875, ""xlai"": 0.2118630111217498, ""totir"": 120.0, ""tofer"": NaN, ""swfac"": 0.0, ""nstres"": 0.2931793332099914}",0.0,0.2931793332099914,4849.354248046875,2641.112060546875,0.2118630111217498,120.0,,0.0,0.0,120.0,0.0,-33.58887939453125,14.41112060546875,Leave_One_experiments/all_year_offline_schedule_search/daily_outputs/SYA/SYA_2017_SYA2017_stress_grid_S0002_daily.csv
SYA,SYA,Shenyang,2017,Leave_One_experiments\wth_generated_qc\SYA\SYA2017.WTH,dry_year;water_stress_year;nitrogen_stress_year;irrigation_responsive_year,irrigation_responsive,SYA2017_stress_grid_S0002,pareto_balanced,2017-08-21,233,128,123,"{""sim_day"": 128.0, ""doy"": 233.0, ""topwt"": 4849.354248046875, ""grnwt"": 2641.112060546875, ""xlai"": 0.2118630111217498, ""totir"": 120.0, ""tofer"": NaN, ""swfac"": 0.0, ""nstres"": 0.3094888925552368}",0.0,0.3094888925552368,4849.354248046875,2641.112060546875,0.2118630111217498,120.0,,0.0,0.0,120.0,0.0,-33.58887939453125,14.41112060546875,Leave_One_experiments/all_year_offline_schedule_search/daily_outputs/SYA/SYA_2017_SYA2017_stress_grid_S0002_daily.csv
SYA,SYA,Shenyang,2017,Leave_One_experiments\wth_generated_qc\SYA\SYA2017.WTH,dry_year;water_stress_year;nitrogen_stress_year;irrigation_responsive_year,irrigation_responsive,SYA2017_stress_grid_S0002,pareto_balanced,2017-08-22,234,129,124,"{""sim_day"": 129.0, ""doy"": 234.0, ""topwt"": 4849.354248046875, ""grnwt"": 2641.112060546875, ""xlai"": 0.2118630111217498, ""totir"": 120.0, ""tofer"": NaN, ""swfac"": 0.0, ""nstres"": 0.3094888925552368}",0.0,0.3094888925552368,4849.354248046875,2641.112060546875,0.2118630111217498,120.0,,0.0,0.0,120.0,0.0,-33.58887939453125,14.41112060546875,Leave_One_experiments/all_year_offline_schedule_search/daily_outputs/SYA/SYA_2017_SYA2017_stress_grid_S0002_daily.csv
SYA,SYA,Shenyang,2017,Leave_One_experiments\wth_generated_qc\SYA\SYA2017.WTH,dry_year;water_stress_year;nitrogen_stress_year;irrigation_responsive_year,irrigation_responsive,SYA2017_stress_grid_S0002,pareto_balanced,2017-08-23,235,130,125,"{""sim_day"": 130.0, ""doy"": 235.0, ""topwt"": 4849.354248046875, ""grnwt"": 2641.112060546875, ""xlai"": 0.2118630111217498, ""totir"": 120.0, ""tofer"": NaN, ""swfac"": 0.0, ""nstres"": 0.3094888925552368}",0.0,0.3094888925552368,4849.354248046875,2641.112060546875,0.2118630111217498,120.0,,0.0,0.0,120.0,0.0,-33.58887939453125,14.41112060546875,Leave_One_experiments/all_year_offline_schedule_search/daily_outputs/SYA/SYA_2017_SYA2017_stress_grid_S0002_daily.csv
SYA,SYA,Shenyang,2017,Leave_One_experiments\wth_generated_qc\SYA\SYA2017.WTH,dry_year;water_stress_year;nitrogen_stress_year;irrigation_responsive_year,irrigation_responsive,SYA2017_stress_grid_S0007,pareto_balanced,2017-04-21,111,1,1,"{""sim_day"": 1.0, ""doy"": 111.0, ""topwt"": 0.0, ""grnwt"": 0.0, ""xlai"": 0.0, ""totir"": 0.0, ""tofer"": NaN, ""swfac"": 0.0, ""nstres"": 0.0}",0.0,0.0,0.0,0.0,0.0,0.0,,0.0,0.0,40.0,0.0,5.463554382324219,21.46355438232422,Leave_One_experiments/all_year_offline_schedule_search/daily_outputs/SYA/SYA_2017_SYA2017_stress_grid_S0007_daily.csv
SYA,SYA,Shenyang,2017,Leave_One_experiments\wth_generated_qc\SYA\SYA2017.WTH,dry_year;water_stress_year;nitrogen_stress_year;irrigation_responsive_year,irrigation_responsive,SYA2017_stress_grid_S0007,pareto_balanced,2017-04-22,112,2,2,"{""sim_day"": 2.0, ""doy"": 112.0, ""topwt"": 0.0, ""grnwt"": 0.0, ""xlai"": 0.0, ""totir"": 0.0, ""tofer"": NaN, ""swfac"": 0.0, ""nstres"": 0.0}",0.0,0.0,0.0,0.0,0.0,0.0,,0.0,0.0,40.0,0.0,5.463554382324219,21.46355438232422,Leave_One_experiments/all_year_offline_schedule_search/daily_outputs/SYA/SYA_2017_SYA2017_stress_grid_S0007_daily.csv
SYA,SYA,Shenyang,2017,Leave_One_experiments\wth_generated_qc\SYA\SYA2017.WTH,dry_year;water_stress_year;nitrogen_stress_year;irrigation_responsive_year,irrigation_responsive,SYA2017_stress_grid_S0007,pareto_balanced,2017-04-23,113,3,3,"{""sim_day"": 3.0, ""doy"": 113.0, ""topwt"": 0.0, ""grnwt"": 0.0, ""xlai"": 0.0, ""totir"": 0.0, ""tofer"": NaN, ""swfac"": 0.0, ""nstres"": 0.0}",0.0,0.0,0.0,0.0,0.0,0.0,,0.0,0.0,40.0,0.0,5.463554382324219,21.46355438232422,Leave_One_experiments/all_year_offline_schedule_search/daily_outputs/SYA/SYA_2017_SYA2017_stress_grid_S0007_daily.csv
SYA,SYA,Shenyang,2017,Leave_One_experiments\wth_generated_qc\SYA\SYA2017.WTH,dry_year;water_stress_year;nitrogen_stress_year;irrigation_responsive_year,irrigation_responsive,SYA2017_stress_grid_S0007,pareto_balanced,2017-04-24,114,4,4,"{""sim_day"": 4.0, ""doy"": 114.0, ""topwt"": 0.0, ""grnwt"": 0.0, ""xlai"": 0.0, ""totir"": 0.0, ""tofer"": NaN, ""swfac"": 0.0, ""nstres"": 0.0}",0.0,0.0,0.0,0.0,0.0,0.0,,0.0,0.0,40.0,0.0,5.463554382324219,21.46355438232422,Leave_One_experiments/all_year_offline_schedule_search/daily_outputs/SYA/SYA_2017_SYA2017_stress_grid_S0007_daily.csv
SYA,SYA,Shenyang,2017,Leave_One_experiments\wth_generated_qc\SYA\SYA2017.WTH,dry_year;water_stress_year;nitrogen_stress_year;irrigation_responsive_year,irrigation_responsive,SYA2017_stress_grid_S0007,pareto_balanced,2017-04-25,115,5,5,"{""sim_day"": 5.0, ""doy"": 115.0, ""topwt"": 0.0, ""grnwt"": 0.0, ""xlai"": 0.0, ""totir"": 0.0, ""tofer"": NaN, ""swfac"": 0.0, ""nstres"": 0.0}",0.0,0.0,0.0,0.0,0.0,0.0,,0.0,0.0,40.0,0.0,5.463554382324219,21.46355438232422,Leave_One_experiments/all_year_offline_schedule_search/daily_outputs/SYA/SYA_2017_SYA2017_stress_grid_S0007_daily.csv
SYA,SYA,Shenyang,2017,Leave_One_experiments\wth_generated_qc\SYA\SYA2017.WTH,dry_year;water_stress_year;nitrogen_stress_year;irrigation_responsive_year,irrigation_responsive,SYA2017_stress_grid_S0007,pareto_balanced,2017-04-21,111,6,1,"{""sim_day"": 6.0, ""doy"": 111.0, ""topwt"": 0.0, ""grnwt"": 0.0, ""xlai"": 0.0, ""totir"": 0.0, ""tofer"": NaN, ""swfac"": 0.0, ""nstres"": 0.0}",0.0,0.0,0.0,0.0,0.0,0.0,,0.0,0.0,40.0,0.0,5.463554382324219,21.46355438232422,Leave_One_experiments/all_year_offline_schedule_search/daily_outputs/SYA/SYA_2017_SYA2017_stress_grid_S0007_daily.csv
SYA,SYA,Shenyang,2017,Leave_One_experiments\wth_generated_qc\SYA\SYA2017.WTH,dry_year;water_stress_year;nitrogen_stress_year;irrigation_responsive_year,irrigation_responsive,SYA2017_stress_grid_S0007,pareto_balanced,2017-04-22,112,7,2,"{""sim_day"": 7.0, ""doy"": 112.0, ""topwt"": 0.0, ""grnwt"": 0.0, ""xlai"": 0.0, ""totir"": 0.0, ""tofer"": NaN, ""swfac"": 0.0, ""nstres"": 0.0}",0.0,0.0,0.0,0.0,0.0,0.0,,0.0,0.0,40.0,0.0,5.463554382324219,21.46355438232422,Leave_One_experiments/all_year_offline_schedule_search/daily_outputs/SYA/SYA_2017_SYA2017_stress_grid_S0007_daily.csv
SYA,SYA,Shenyang,2017,Leave_One_experiments\wth_generated_qc\SYA\SYA2017.WTH,dry_year;water_stress_year;nitrogen_stress_year;irrigation_responsive_year,irrigation_responsive,SYA2017_stress_grid_S0007,pareto_balanced,2017-04-23,113,8,3,"{""sim_day"": 8.0, ""doy"": 113.0, ""topwt"": 0.0, ""grnwt"": 0.0, ""xlai"": 0.0, ""totir"": 0.0, ""tofer"": NaN, ""swfac"": 0.0, ""nstres"": 0.0}",0.0,0.0,0.0,0.0,0.0,0.0,,0.0,0.0,40.0,0.0,5.463554382324219,21.46355438232422,Leave_One_experiments/all_year_offline_schedule_search/daily_outputs/SYA/SYA_2017_SYA2017_stress_grid_S0007_daily.csv
SYA,SYA,Shenyang,2017,Leave_One_experiments\wth_generated_qc\SYA\SYA2017.WTH,dry_year;water_stress_year;nitrogen_stress_year;irrigation_responsive_year,irrigation_responsive,SYA2017_stress_grid_S0007,pareto_balanced,2017-04-24,114,9,4,"{""sim_day"": 9.0, ""doy"": 114.0, ""topwt"": 0.0, ""grnwt"": 0.0, ""xlai"": 0.0, ""totir"": 0.0, ""tofer"": NaN, ""swfac"": 0.0, ""nstres"": 0.0}",0.0,0.0,0.0,0.0,0.0,0.0,,0.0,0.0,40.0,0.0,5.463554382324219,21.46355438232422,Leave_One_experiments/all_year_offline_schedule_search/daily_outputs/SYA/SYA_2017_SYA2017_stress_grid_S0007_daily.csv
SYA,SYA,Shenyang,2017,Leave_One_experiments\wth_generated_qc\SYA\SYA2017.WTH,dry_year;water_stress_year;nitrogen_stress_year;irrigation_responsive_year,irrigation_responsive,SYA2017_stress_grid_S0007,pareto_balanced,2017-04-25,115,10,5,"{""sim_day"": 10.0, ""doy"": 115.0, ""topwt"": 0.0, ""grnwt"": 0.0, ""xlai"": 0.0, ""totir"": 0.0, ""tofer"": NaN, ""swfac"": 0.0, ""nstres"": 0.0}",0.0,0.0,0.0,0.0,0.0,0.0,,0.0,0.0,40.0,0.0,5.463554382324219,21.46355438232422,Leave_One_experiments/all_year_offline_schedule_search/daily_outputs/SYA/SYA_2017_SYA2017_stress_grid_S0007_daily.csv
SYA,SYA,Shenyang,2017,Leave_One_experiments\wth_generated_qc\SYA\SYA2017.WTH,dry_year;water_stress_year;nitrogen_stress_year;irrigation_responsive_year,irrigation_responsive,SYA2017_stress_grid_S0007,pareto_balanced,2017-04-26,116,11,6,"{""sim_day"": 11.0, ""doy"": 116.0, ""topwt"": 0.0, ""grnwt"": 0.0, ""xlai"": 0.0, ""totir"": 0.0, ""tofer"": NaN, ""swfac"": 0.0, ""nstres"": 0.0}",0.0,0.0,0.0,0.0,0.0,0.0,,0.0,0.0,40.0,0.0,5.463554382324219,21.46355438232422,Leave_One_experiments/all_year_offline_schedule_search/daily_outputs/SYA/SYA_2017_SYA2017_stress_grid_S0007_daily.csv
SYA,SYA,Shenyang,2017,Leave_One_experiments\wth_generated_qc\SYA\SYA2017.WTH,dry_year;water_stress_year;nitrogen_stress_year;irrigation_responsive_year,irrigation_responsive,SYA2017_stress_grid_S0007,pareto_balanced,2017-04-27,117,12,7,"{""sim_day"": 12.0, ""doy"": 117.0, ""topwt"": 0.0, ""grnwt"": 0.0, ""xlai"": 0.0, ""totir"": 0.0, ""tofer"": NaN, ""swfac"": 0.0, ""nstres"": 0.0}",0.0,0.0,0.0,0.0,0.0,0.0,,0.0,0.0,40.0,0.0,5.463554382324219,21.46355438232422,Leave_One_experiments/all_year_offline_schedule_search/daily_outputs/SYA/SYA_2017_SYA2017_stress_grid_S0007_daily.csv
SYA,SYA,Shenyang,2017,Leave_One_experiments\wth_generated_qc\SYA\SYA2017.WTH,dry_year;water_stress_year;nitrogen_stress_year;irrigation_responsive_year,irrigation_responsive,SYA2017_stress_grid_S0007,pareto_balanced,2017-04-28,118,13,8,"{""sim_day"": 13.0, ""doy"": 118.0, ""topwt"": 0.0, ""grnwt"": 0.0, ""xlai"": 0.0, ""totir"": 0.0, ""tofer"": NaN, ""swfac"": 0.0, ""nstres"": 0.0}",0.0,0.0,0.0,0.0,0.0,0.0,,0.0,0.0,40.0,0.0,5.463554382324219,21.46355438232422,Leave_One_experiments/all_year_offline_schedule_search/daily_outputs/SYA/SYA_2017_SYA2017_stress_grid_S0007_daily.csv
SYA,SYA,Shenyang,2017,Leave_One_experiments\wth_generated_qc\SYA\SYA2017.WTH,dry_year;water_stress_year;nitrogen_stress_year;irrigation_responsive_year,irrigation_responsive,SYA2017_stress_grid_S0007,pareto_balanced,2017-04-29,119,14,9,"{""sim_day"": 14.0, ""doy"": 119.0, ""topwt"": 0.0, ""grnwt"": 0.0, ""xlai"": 0.0, ""totir"": 0.0, ""tofer"": NaN, ""swfac"": 0.0, ""nstres"": 0.0}",0.0,0.0,0.0,0.0,0.0,0.0,,0.0,0.0,40.0,0.0,5.463554382324219,21.46355438232422,Leave_One_experiments/all_year_offline_schedule_search/daily_outputs/SYA/SYA_2017_SYA2017_stress_grid_S0007_daily.csv
SYA,SYA,Shenyang,2017,Leave_One_experiments\wth_generated_qc\SYA\SYA2017.WTH,dry_year;water_stress_year;nitrogen_stress_year;irrigation_responsive_year,irrigation_responsive,SYA2017_stress_grid_S0007,pareto_balanced,2017-04-30,120,15,10,"{""sim_day"": 15.0, ""doy"": 120.0, ""topwt"": 0.0, ""grnwt"": 0.0, ""xlai"": 0.0, ""totir"": 0.0, ""tofer"": NaN, ""swfac"": 0.0, ""nstres"": 0.0}",0.0,0.0,0.0,0.0,0.0,0.0,,0.0,0.0,40.0,0.0,5.463554382324219,21.46355438232422,Leave_One_experiments/all_year_offline_schedule_search/daily_outputs/SYA/SYA_2017_SYA2017_stress_grid_S0007_daily.csv
SYA,SYA,Shenyang,2017,Leave_One_experiments\wth_generated_qc\SYA\SYA2017.WTH,dry_year;water_stress_year;nitrogen_stress_year;irrigation_responsive_year,irrigation_responsive,SYA2017_stress_grid_S0007,pareto_balanced,2017-05-01,121,16,11,"{""sim_day"": 16.0, ""doy"": 121.0, ""topwt"": 17.600001096725464, ""grnwt"": 0.0, ""xlai"": 0.0017909093294292, ""totir"": 0.0, ""tofer"": NaN, ""swfac"": 0.0, ""nstres"": 0.0121910572052001}",0.0,0.0121910572052001,17.600001096725464,0.0,0.0017909093294292,0.0,,0.0,0.0,40.0,0.0,5.463554382324219,21.46355438232422,Leave_One_experiments/all_year_offline_schedule_search/daily_outputs/SYA/SYA_2017_SYA2017_stress_grid_S0007_daily.csv
SYA,SYA,Shenyang,2017,Leave_One_experiments\wth_generated_qc\SYA\SYA2017.WTH,dry_year;water_stress_year;nitrogen_stress_year;irrigation_responsive_year,irrigation_responsive,SYA2017_stress_grid_S0007,pareto_balanced,2017-05-02,122,17,12,"{""sim_day"": 17.0, ""doy"": 122.0, ""topwt"": 17.600001096725464, ""grnwt"": 0.0, ""xlai"": 0.003496044082567, ""totir"": 0.0, ""tofer"": NaN, ""swfac"": 0.0, ""nstres"": 0.0143770575523376}",0.0,0.0143770575523376,17.600001096725464,0.0,0.003496044082567,0.0,,0.0,0.0,40.0,0.0,5.463554382324219,21.46355438232422,Leave_One_experiments/all_year_offline_schedule_search/daily_outputs/SYA/SYA_2017_SYA2017_stress_grid_S0007_daily.csv
SYA,SYA,Shenyang,2017,Leave_One_experiments\wth_generated_qc\SYA\SYA2017.WTH,dry_year;water_stress_year;nitrogen_stress_year;irrigation_responsive_year,irrigation_responsive,SYA2017_stress_grid_S0007,pareto_balanced,2017-05-03,123,18,13,"{""sim_day"": 18.0, ""doy"": 123.0, ""topwt"": 17.600001096725464, ""grnwt"": 0.0, ""xlai"": 0.0046980665065348, ""totir"": 0.0, ""tofer"": NaN, ""swfac"": 0.0, ""nstres"": 0.0108940005302429}",0.0,0.0108940005302429,17.600001096725464,0.0,0.0046980665065348,0.0,,0.0,0.0,40.0,0.0,5.463554382324219,21.46355438232422,Leave_One_experiments/all_year_offline_schedule_search/daily_outputs/SYA/SYA_2017_SYA2017_stress_grid_S0007_daily.csv
SYA,SYA,Shenyang,2017,Leave_One_experiments\wth_generated_qc\SYA\SYA2017.WTH,dry_year;water_stress_year;nitrogen_stress_year;irrigation_responsive_year,irrigation_responsive,SYA2017_stress_grid_S0007,pareto_balanced,2017-05-04,124,19,14,"{""sim_day"": 19.0, ""doy"": 124.0, ""topwt"": 17.600001096725464, ""grnwt"": 0.0, ""xlai"": 0.0054182135500013, ""totir"": 0.0, ""tofer"": NaN, ""swfac"": 0.0, ""nstres"": 0.0088577270507812}",0.0,0.0088577270507812,17.600001096725464,0.0,0.0054182135500013,0.0,,0.0,0.0,40.0,0.0,5.463554382324219,21.46355438232422,Leave_One_experiments/all_year_offline_schedule_search/daily_outputs/SYA/SYA_2017_SYA2017_stress_grid_S0007_daily.csv
SYA,SYA,Shenyang,2017,Leave_One_experiments\wth_generated_qc\SYA\SYA2017.WTH,dry_year;water_stress_year;nitrogen_stress_year;irrigation_responsive_year,irrigation_responsive,SYA2017_stress_grid_S0007,pareto_balanced,2017-05-05,125,20,15,"{""sim_day"": 20.0, ""doy"": 125.0, ""topwt"": 17.600001096725464, ""grnwt"": 0.0, ""xlai"": 0.0061569614335894, ""totir"": 0.0, ""tofer"": NaN, ""swfac"": 0.0, ""nstres"": 0.0068429708480834}",0.0,0.0068429708480834,17.600001096725464,0.0,0.0061569614335894,0.0,,0.0,0.0,40.0,0.0,5.463554382324219,21.46355438232422,Leave_One_experiments/all_year_offline_schedule_search/daily_outputs/SYA/SYA_2017_SYA2017_stress_grid_S0007_daily.csv
SYA,SYA,Shenyang,2017,Leave_One_experiments\wth_generated_qc\SYA\SYA2017.WTH,dry_year;water_stress_year;nitrogen_stress_year;irrigation_responsive_year,irrigation_responsive,SYA2017_stress_grid_S0007,pareto_balanced,2017-05-06,126,21,16,"{""sim_day"": 21.0, ""doy"": 126.0, ""topwt"": 17.600001096725464, ""grnwt"": 0.0, ""xlai"": 0.0072945640422403, ""totir"": 0.0, ""tofer"": NaN, ""swfac"": 0.0, ""nstres"": 0.003618836402893}",0.0,0.003618836402893,17.600001096725464,0.0,0.0072945640422403,0.0,,0.0,0.0,40.0,0.0,5.463554382324219,21.46355438232422,Leave_One_experiments/all_year_offline_schedule_search/daily_outputs/SYA/SYA_2017_SYA2017_stress_grid_S0007_daily.csv
SYA,SYA,Shenyang,2017,Leave_One_experiments\wth_generated_qc\SYA\SYA2017.WTH,dry_year;water_stress_year;nitrogen_stress_year;irrigation_responsive_year,irrigation_responsive,SYA2017_stress_grid_S0007,pareto_balanced,2017-05-07,127,22,17,"{""sim_day"": 22.0, ""doy"": 127.0, ""topwt"": 17.600001096725464, ""grnwt"": 0.0, ""xlai"": 0.0094712227582931, ""totir"": 0.0, ""tofer"": NaN, ""swfac"": 0.0, ""nstres"": 0.0}",0.0,0.0,17.600001096725464,0.0,0.0094712227582931,0.0,,0.0,0.0,40.0,0.0,5.463554382324219,21.46355438232422,Leave_One_experiments/all_year_offline_schedule_search/daily_outputs/SYA/SYA_2017_SYA2017_stress_grid_S0007_daily.csv
SYA,SYA,Shenyang,2017,Leave_One_experiments\wth_generated_qc\SYA\SYA2017.WTH,dry_year;water_stress_year;nitrogen_stress_year;irrigation_responsive_year,irrigation_responsive,SYA2017_stress_grid_S0007,pareto_balanced,2017-05-08,128,23,18,"{""sim_day"": 23.0, ""doy"": 128.0, ""topwt"": 17.600001096725464, ""grnwt"": 0.0, ""xlai"": 0.0115533024072647, ""totir"": 0.0, ""tofer"": NaN, ""swfac"": 0.0, ""nstres"": 0.0}",0.0,0.0,17.600001096725464,0.0,0.0115533024072647,0.0,,0.0,0.0,40.0,0.0,5.463554382324219,21.46355438232422,Leave_One_experiments/all_year_offline_schedule_search/daily_outputs/SYA/SYA_2017_SYA2017_stress_grid_S0007_daily.csv
SYA,SYA,Shenyang,2017,Leave_One_experiments\wth_generated_qc\SYA\SYA2017.WTH,dry_year;water_stress_year;nitrogen_stress_year;irrigation_responsive_year,irrigation_responsive,SYA2017_stress_grid_S0007,pareto_balanced,2017-05-09,129,24,19,"{""sim_day"": 24.0, ""doy"": 129.0, ""topwt"": 17.600001096725464, ""grnwt"": 0.0, ""xlai"": 0.0177568010985851, ""totir"": 0.0, ""tofer"": NaN, ""swfac"": 0.0, ""nstres"": 0.0}",0.0,0.0,17.600001096725464,0.0,0.0177568010985851,0.0,,0.0,0.0,40.0,0.0,5.463554382324219,21.46355438232422,Leave_One_experiments/all_year_offline_schedule_search/daily_outputs/SYA/SYA_2017_SYA2017_stress_grid_S0007_daily.csv
SYA,SYA,Shenyang,2017,Leave_One_experiments\wth_generated_qc\SYA\SYA2017.WTH,dry_year;water_stress_year;nitrogen_stress_year;irrigation_responsive_year,irrigation_responsive,SYA2017_stress_grid_S0007,pareto_balanced,2017-05-10,130,25,20,"{""sim_day"": 25.0, ""doy"": 130.0, ""topwt"": 17.600001096725464, ""grnwt"": 0.0, ""xlai"": 0.0252788644284009, ""totir"": 0.0, ""tofer"": NaN, ""swfac"": 0.0, ""nstres"": 0.0}",0.0,0.0,17.600001096725464,0.0,0.0252788644284009,0.0,,0.0,0.0,40.0,0.0,5.463554382324219,21.46355438232422,Leave_One_experiments/all_year_offline_schedule_search/daily_outputs/SYA/SYA_2017_SYA2017_stress_grid_S0007_daily.csv
SYA,SYA,Shenyang,2017,Leave_One_experiments\wth_generated_qc\SYA\SYA2017.WTH,dry_year;water_stress_year;nitrogen_stress_year;irrigation_responsive_year,irrigation_responsive,SYA2017_stress_grid_S0007,pareto_balanced,2017-05-11,131,26,21,"{""sim_day"": 26.0, ""doy"": 131.0, ""topwt"": 18.032957315444943, ""grnwt"": 0.0, ""xlai"": 0.0313513986766338, ""totir"": 0.0, ""tofer"": NaN, ""swfac"": 0.0, ""nstres"": 0.0}",0.0,0.0,18.032957315444943,0.0,0.0313513986766338,0.0,,0.0,0.0,40.0,0.0,5.463554382324219,21.46355438232422,Leave_One_experiments/all_year_offline_schedule_search/daily_outputs/SYA/SYA_2017_SYA2017_stress_grid_S0007_daily.csv
SYA,SYA,Shenyang,2017,Leave_One_experiments\wth_generated_qc\SYA\SYA2017.WTH,dry_year;water_stress_year;nitrogen_stress_year;irrigation_responsive_year,irrigation_responsive,SYA2017_stress_grid_S0007,pareto_balanced,2017-05-12,132,27,22,"{""sim_day"": 27.0, ""doy"": 132.0, ""topwt"": 20.47597646713257, ""grnwt"": 0.0, ""xlai"": 0.0377985537052154, ""totir"": 0.0, ""tofer"": NaN, ""swfac"": 0.0, ""nstres"": 0.0}",0.0,0.0,20.47597646713257,0.0,0.0377985537052154,0.0,,0.0,0.0,40.0,0.0,5.463554382324219,21.46355438232422,Leave_One_experiments/all_year_offline_schedule_search/daily_outputs/SYA/SYA_2017_SYA2017_stress_grid_S0007_daily.csv
SYA,SYA,Shenyang,2017,Leave_One_experiments\wth_generated_qc\SYA\SYA2017.WTH,dry_year;water_stress_year;nitrogen_stress_year;irrigation_responsive_year,irrigation_responsive,SYA2017_stress_grid_S0007,pareto_balanced,2017-05-13,133,28,23,"{""sim_day"": 28.0, ""doy"": 133.0, ""topwt"": 22.61265993118286, ""grnwt"": 0.0, ""xlai"": 0.0432104095816612, ""totir"": 0.0, ""tofer"": NaN, ""swfac"": 0.0, ""nstres"": 0.0}",0.0,0.0,22.61265993118286,0.0,0.0432104095816612,0.0,,0.0,0.0,40.0,0.0,5.463554382324219,21.46355438232422,Leave_One_experiments/all_year_offline_schedule_search/daily_outputs/SYA/SYA_2017_SYA2017_stress_grid_S0007_daily.csv
SYA,SYA,Shenyang,2017,Leave_One_experiments\wth_generated_qc\SYA\SYA2017.WTH,dry_year;water_stress_year;nitrogen_stress_year;irrigation_responsive_year,irrigation_responsive,SYA2017_stress_grid_S0007,pareto_balanced,2017-05-14,134,29,24,"{""sim_day"": 29.0, ""doy"": 134.0, ""topwt"": 25.65523147583008, ""grnwt"": 0.0, ""xlai"": 0.0506292283535003, ""totir"": 0.0, ""tofer"": NaN, ""swfac"": 0.0, ""nstres"": 0.0}",0.0,0.0,25.65523147583008,0.0,0.0506292283535003,0.0,,0.0,0.0,40.0,0.0,5.463554382324219,21.46355438232422,Leave_One_experiments/all_year_offline_schedule_search/daily_outputs/SYA/SYA_2017_SYA2017_stress_grid_S0007_daily.csv
SYA,SYA,Shenyang,2017,Leave_One_experiments\wth_generated_qc\SYA\SYA2017.WTH,dry_year;water_stress_year;nitrogen_stress_year;irrigation_responsive_year,irrigation_responsive,SYA2017_stress_grid_S0007,pareto_balanced,2017-05-15,135,30,25,"{""sim_day"": 30.0, ""doy"": 135.0, ""topwt"": 30.23287296295166, ""grnwt"": 0.0, ""xlai"": 0.0612925589084625, ""totir"": 0.0, ""tofer"": NaN, ""swfac"": 0.0, ""nstres"": 0.0}",0.0,0.0,30.23287296295166,0.0,0.0612925589084625,0.0,,0.0,0.0,40.0,0.0,5.463554382324219,21.46355438232422,Leave_One_experiments/all_year_offline_schedule_search/daily_outputs/SYA/SYA_2017_SYA2017_stress_grid_S0007_daily.csv
SYA,SYA,Shenyang,2017,Leave_One_experiments\wth_generated_qc\SYA\SYA2017.WTH,dry_year;water_stress_year;nitrogen_stress_year;irrigation_responsive_year,irrigation_responsive,SYA2017_stress_grid_S0007,pareto_balanced,2017-05-16,136,31,26,"{""sim_day"": 31.0, ""doy"": 136.0, ""topwt"": 36.74744367599487, ""grnwt"": 0.0, ""xlai"": 0.0756892934441566, ""totir"": 0.0, ""tofer"": NaN, ""swfac"": 0.0, ""nstres"": 0.0}",0.0,0.0,36.74744367599487,0.0,0.0756892934441566,0.0,,0.0,0.0,40.0,0.0,5.463554382324219,21.46355438232422,Leave_One_experiments/all_year_offline_schedule_search/daily_outputs/SYA/SYA_2017_SYA2017_stress_grid_S0007_daily.csv
SYA,SYA,Shenyang,2017,Leave_One_experiments\wth_generated_qc\SYA\SYA2017.WTH,dry_year;water_stress_year;nitrogen_stress_year;irrigation_responsive_year,irrigation_responsive,SYA2017_stress_grid_S0007,pareto_balanced,2017-05-17,137,32,27,"{""sim_day"": 32.0, ""doy"": 137.0, ""topwt"": 46.316542625427246, ""grnwt"": 0.0, ""xlai"": 0.0956326052546501, ""totir"": 0.0, ""tofer"": NaN, ""swfac"": 0.0, ""nstres"": 0.0}",0.0,0.0,46.316542625427246,0.0,0.0956326052546501,0.0,,0.0,0.0,40.0,0.0,5.463554382324219,21.46355438232422,Leave_One_experiments/all_year_offline_schedule_search/daily_outputs/SYA/SYA_2017_SYA2017_stress_grid_S0007_daily.csv
SYA,SYA,Shenyang,2017,Leave_One_experiments\wth_generated_qc\SYA\SYA2017.WTH,dry_year;water_stress_year;nitrogen_stress_year;irrigation_responsive_year,irrigation_responsive,SYA2017_stress_grid_S0007,pareto_balanced,2017-05-18,138,33,28,"{""sim_day"": 33.0, ""doy"": 138.0, ""topwt"": 58.06416988372803, ""grnwt"": 0.0, ""xlai"": 0.1187092736363411, ""totir"": 0.0, ""tofer"": NaN, ""swfac"": 0.0, ""nstres"": 0.0}",0.0,0.0,58.06416988372803,0.0,0.1187092736363411,0.0,,0.0,0.0,40.0,0.0,5.463554382324219,21.46355438232422,Leave_One_experiments/all_year_offline_schedule_search/daily_outputs/SYA/SYA_2017_SYA2017_stress_grid_S0007_daily.csv
SYA,SYA,Shenyang,2017,Leave_One_experiments\wth_generated_qc\SYA\SYA2017.WTH,dry_year;water_stress_year;nitrogen_stress_year;irrigation_responsive_year,irrigation_responsive,SYA2017_stress_grid_S0007,pareto_balanced,2017-05-19,139,34,29,"{""sim_day"": 34.0, ""doy"": 139.0, ""topwt"": 72.26161479949951, ""grnwt"": 0.0, ""xlai"": 0.1451034694910049, ""totir"": 0.0, ""tofer"": NaN, ""swfac"": 0.0, ""nstres"": 0.0}",0.0,0.0,72.26161479949951,0.0,0.1451034694910049,0.0,,0.0,0.0,40.0,0.0,5.463554382324219,21.46355438232422,Leave_One_experiments/all_year_offline_schedule_search/daily_outputs/SYA/SYA_2017_SYA2017_stress_grid_S0007_daily.csv
SYA,SYA,Shenyang,2017,Leave_One_experiments\wth_generated_qc\SYA\SYA2017.WTH,dry_year;water_stress_year;nitrogen_stress_year;irrigation_responsive_year,irrigation_responsive,SYA2017_stress_grid_S0007,pareto_balanced,2017-05-20,140,35,30,"{""sim_day"": 35.0, ""doy"": 140.0, ""topwt"": 83.60276222229004, ""grnwt"": 0.0, ""xlai"": 0.165287435054779, ""totir"": 0.0, ""tofer"": NaN, ""swfac"": 0.0, ""nstres"": 0.0}",0.0,0.0,83.60276222229004,0.0,0.165287435054779,0.0,,0.0,0.0,40.0,0.0,5.463554382324219,21.46355438232422,Leave_One_experiments/all_year_offline_schedule_search/daily_outputs/SYA/SYA_2017_SYA2017_stress_grid_S0007_daily.csv
SYA,SYA,Shenyang,2017,Leave_One_experiments\wth_generated_qc\SYA\SYA2017.WTH,dry_year;water_stress_year;nitrogen_stress_year;irrigation_responsive_year,irrigation_responsive,SYA2017_stress_grid_S0007,pareto_balanced,2017-05-21,141,36,31,"{""sim_day"": 36.0, ""doy"": 141.0, ""topwt"": 88.06892395019531, ""grnwt"": 0.0, ""xlai"": 0.1848345696926117, ""totir"": 0.0, ""tofer"": NaN, ""swfac"": 0.0, ""nstres"": 0.0}",0.0,0.0,88.06892395019531,0.0,0.1848345696926117,0.0,,0.0,0.0,40.0,0.0,5.463554382324219,21.46355438232422,Leave_One_experiments/all_year_offline_schedule_search/daily_outputs/SYA/SYA_2017_SYA2017_stress_grid_S0007_daily.csv
SYA,SYA,Shenyang,2017,Leave_One_experiments\wth_generated_qc\SYA\SYA2017.WTH,dry_year;water_stress_year;nitrogen_stress_year;irrigation_responsive_year,irrigation_responsive,SYA2017_stress_grid_S0007,pareto_balanced,2017-05-22,142,37,32,"{""sim_day"": 37.0, ""doy"": 142.0, ""topwt"": 97.94515609741212, ""grnwt"": 0.0, ""xlai"": 0.2028526365756988, ""totir"": 0.0, ""tofer"": NaN, ""swfac"": 0.0, ""nstres"": 0.0039801597595214}",0.0,0.0039801597595214,97.94515609741212,0.0,0.2028526365756988,0.0,,0.0,0.0,40.0,0.0,5.463554382324219,21.46355438232422,Leave_One_experiments/all_year_offline_schedule_search/daily_outputs/SYA/SYA_2017_SYA2017_stress_grid_S0007_daily.csv
SYA,SYA,Shenyang,2017,Leave_One_experiments\wth_generated_qc\SYA\SYA2017.WTH,dry_year;water_stress_year;nitrogen_stress_year;irrigation_responsive_year,irrigation_responsive,SYA2017_stress_grid_S0007,pareto_balanced,2017-05-23,143,38,33,"{""sim_day"": 38.0, ""doy"": 143.0, ""topwt"": 112.69167900085448, ""grnwt"": 0.0, ""xlai"": 0.2289959639310836, ""totir"": 0.0, ""tofer"": NaN, ""swfac"": 0.0, ""nstres"": 0.0}",0.0,0.0,112.69167900085448,0.0,0.2289959639310836,0.0,,0.0,0.0,40.0,0.0,5.463554382324219,21.46355438232422,Leave_One_experiments/all_year_offline_schedule_search/daily_outputs/SYA/SYA_2017_SYA2017_stress_grid_S0007_daily.csv
SYA,SYA,Shenyang,2017,Leave_One_experiments\wth_generated_qc\SYA\SYA2017.WTH,dry_year;water_stress_year;nitrogen_stress_year;irrigation_responsive_year,irrigation_responsive,SYA2017_stress_grid_S0007,pareto_balanced,2017-05-24,144,39,34,"{""sim_day"": 39.0, ""doy"": 144.0, ""topwt"": 124.30620193481444, ""grnwt"": 0.0, ""xlai"": 0.2490304559469223, ""totir"": 0.0, ""tofer"": NaN, ""swfac"": 0.0, ""nstres"": 0.0}",0.0,0.0,124.30620193481444,0.0,0.2490304559469223,0.0,,0.0,0.0,40.0,0.0,5.463554382324219,21.46355438232422,Leave_One_experiments/all_year_offline_schedule_search/daily_outputs/SYA/SYA_2017_SYA2017_stress_grid_S0007_daily.csv
SYA,SYA,Shenyang,2017,Leave_One_experiments\wth_generated_qc\SYA\SYA2017.WTH,dry_year;water_stress_year;nitrogen_stress_year;irrigation_responsive_year,irrigation_responsive,SYA2017_stress_grid_S0007,pareto_balanced,2017-05-25,145,40,35,"{""sim_day"": 40.0, ""doy"": 145.0, ""topwt"": 136.7516040802002, ""grnwt"": 0.0, ""xlai"": 0.2700249552726745, ""totir"": 40.0, ""tofer"": NaN, ""swfac"": 0.0, ""nstres"": 0.0053770542144775}",0.0,0.0053770542144775,136.7516040802002,0.0,0.2700249552726745,40.0,,40.0,0.0,40.0,0.0,5.463554382324219,21.46355438232422,Leave_One_experiments/all_year_offline_schedule_search/daily_outputs/SYA/SYA_2017_SYA2017_stress_grid_S0007_daily.csv
SYA,SYA,Shenyang,2017,Leave_One_experiments\wth_generated_qc\SYA\SYA2017.WTH,dry_year;water_stress_year;nitrogen_stress_year;irrigation_responsive_year,irrigation_responsive,SYA2017_stress_grid_S0007,pareto_balanced,2017-05-26,146,41,36,"{""sim_day"": 41.0, ""doy"": 146.0, ""topwt"": 156.68270111083984, ""grnwt"": 0.0, ""xlai"": 0.3027645051479339, ""totir"": 40.0, ""tofer"": NaN, ""swfac"": 0.0, ""nstres"": 0.0119109153747558}",0.0,0.0119109153747558,156.68270111083984,0.0,0.3027645051479339,40.0,,0.0,0.0,40.0,0.0,5.463554382324219,21.46355438232422,Leave_One_experiments/all_year_offline_schedule_search/daily_outputs/SYA/SYA_2017_SYA2017_stress_grid_S0007_daily.csv
SYA,SYA,Shenyang,2017,Leave_One_experiments\wth_generated_qc\SYA\SYA2017.WTH,dry_year;water_stress_year;nitrogen_stress_year;irrigation_responsive_year,irrigation_responsive,SYA2017_stress_grid_S0007,pareto_balanced,2017-05-27,147,42,37,"{""sim_day"": 42.0, ""doy"": 147.0, ""topwt"": 180.54397583007807, ""grnwt"": 0.0, ""xlai"": 0.3407308161258697, ""totir"": 40.0, ""tofer"": NaN, ""swfac"": 0.0, ""nstres"": 0.0190171599388122}",0.0,0.0190171599388122,180.54397583007807,0.0,0.3407308161258697,40.0,,0.0,0.0,40.0,0.0,5.463554382324219,21.46355438232422,Leave_One_experiments/all_year_offline_schedule_search/daily_outputs/SYA/SYA_2017_SYA2017_stress_grid_S0007_daily.csv
SYA,SYA,Shenyang,2017,Leave_One_experiments\wth_generated_qc\SYA\SYA2017.WTH,dry_year;water_stress_year;nitrogen_stress_year;irrigation_responsive_year,irrigation_responsive,SYA2017_stress_grid_S0007,pareto_balanced,2017-05-28,148,43,38,"{""sim_day"": 43.0, ""doy"": 148.0, ""topwt"": 197.22394943237305, ""grnwt"": 0.0, ""xlai"": 0.3650112152099609, ""totir"": 40.0, ""tofer"": NaN, ""swfac"": 0.0, ""nstres"": 0.0631102323532104}",0.0,0.0631102323532104,197.22394943237305,0.0,0.3650112152099609,40.0,,0.0,0.0,40.0,0.0,5.463554382324219,21.46355438232422,Leave_One_experiments/all_year_offline_schedule_search/daily_outputs/SYA/SYA_2017_SYA2017_stress_grid_S0007_daily.csv
SYA,SYA,Shenyang,2017,Leave_One_experiments\wth_generated_qc\SYA\SYA2017.WTH,dry_year;water_stress_year;nitrogen_stress_year;irrigation_responsive_year,irrigation_responsive,SYA2017_stress_grid_S0007,pareto_balanced,2017-05-29,149,44,39,"{""sim_day"": 44.0, ""doy"": 149.0, ""topwt"": 215.2796936035156, ""grnwt"": 0.0, ""xlai"": 0.3892344832420349, ""totir"": 40.0, ""tofer"": NaN, ""swfac"": 0.0, ""nstres"": 0.0950782299041748}",0.0,0.0950782299041748,215.2796936035156,0.0,0.3892344832420349,40.0,,0.0,0.0,40.0,0.0,5.463554382324219,21.46355438232422,Leave_One_experiments/all_year_offline_schedule_search/daily_outputs/SYA/SYA_2017_SYA2017_stress_grid_S0007_daily.csv
SYA,SYA,Shenyang,2017,Leave_One_experiments\wth_generated_qc\SYA\SYA2017.WTH,dry_year;water_stress_year;nitrogen_stress_year;irrigation_responsive_year,irrigation_responsive,SYA2017_stress_grid_S0007,pareto_balanced,2017-05-30,150,45,40,"{""sim_day"": 45.0, ""doy"": 150.0, ""topwt"": 236.41119003295896, ""grnwt"": 0.0, ""xlai"": 0.4170098006725311, ""totir"": 40.0, ""tofer"": NaN, ""swfac"": 0.0, ""nstres"": 0.1027939319610595}",0.0,0.1027939319610595,236.41119003295896,0.0,0.4170098006725311,40.0,,0.0,0.0,40.0,0.0,5.463554382324219,21.46355438232422,Leave_One_experiments/all_year_offline_schedule_search/daily_outputs/SYA/SYA_2017_SYA2017_stress_grid_S0007_daily.csv
SYA,SYA,Shenyang,2017,Leave_One_experiments\wth_generated_qc\SYA\SYA2017.WTH,dry_year;water_stress_year;nitrogen_stress_year;irrigation_responsive_year,irrigation_responsive,SYA2017_stress_grid_S0007,pareto_balanced,2017-05-31,151,46,41,"{""sim_day"": 46.0, ""doy"": 151.0, ""topwt"": 254.02250289916992, ""grnwt"": 0.0, ""xlai"": 0.434424340724945, ""totir"": 40.0, ""tofer"": NaN, ""swfac"": 0.0, ""nstres"": 0.0974998474121093}",0.0,0.0974998474121093,254.02250289916992,0.0,0.434424340724945,40.0,,0.0,0.0,40.0,0.0,5.463554382324219,21.46355438232422,Leave_One_experiments/all_year_offline_schedule_search/daily_outputs/SYA/SYA_2017_SYA2017_stress_grid_S0007_daily.csv
SYA,SYA,Shenyang,2017,Leave_One_experiments\wth_generated_qc\SYA\SYA2017.WTH,dry_year;water_stress_year;nitrogen_stress_year;irrigation_responsive_year,irrigation_responsive,SYA2017_stress_grid_S0007,pareto_balanced,2017-06-01,152,47,42,"{""sim_day"": 47.0, ""doy"": 152.0, ""topwt"": 268.1813049316406, ""grnwt"": 0.0, ""xlai"": 0.4498991966247558, ""totir"": 40.0, ""tofer"": NaN, ""swfac"": 0.0, ""nstres"": 0.1017172336578369}",0.0,0.1017172336578369,268.1813049316406,0.0,0.4498991966247558,40.0,,0.0,0.0,40.0,0.0,5.463554382324219,21.46355438232422,Leave_One_experiments/all_year_offline_schedule_search/daily_outputs/SYA/SYA_2017_SYA2017_stress_grid_S0007_daily.csv
SYA,SYA,Shenyang,2017,Leave_One_experiments\wth_generated_qc\SYA\SYA2017.WTH,dry_year;water_stress_year;nitrogen_stress_year;irrigation_responsive_year,irrigation_responsive,SYA2017_stress_grid_S0007,pareto_balanced,2017-06-02,153,48,43,"{""sim_day"": 48.0, ""doy"": 153.0, ""topwt"": 289.5639419555664, ""grnwt"": 0.0, ""xlai"": 0.4752391576766968, ""totir"": 40.0, ""tofer"": NaN, ""swfac"": 0.0, ""nstres"": 0.1029694676399231}",0.0,0.1029694676399231,289.5639419555664,0.0,0.4752391576766968,40.0,,0.0,0.0,40.0,0.0,5.463554382324219,21.46355438232422,Leave_One_experiments/all_year_offline_schedule_search/daily_outputs/SYA/SYA_2017_SYA2017_stress_grid_S0007_daily.csv
SYA,SYA,Shenyang,2017,Leave_One_experiments\wth_generated_qc\SYA\SYA2017.WTH,dry_year;water_stress_year;nitrogen_stress_year;irrigation_responsive_year,irrigation_responsive,SYA2017_stress_grid_S0007,pareto_balanced,2017-06-03,154,49,44,"{""sim_day"": 49.0, ""doy"": 154.0, ""topwt"": 316.7197799682617, ""grnwt"": 0.0, ""xlai"": 0.5071681141853333, ""totir"": 40.0, ""tofer"": NaN, ""swfac"": 0.0, ""nstres"": 0.1105074882507324}",0.0,0.1105074882507324,316.7197799682617,0.0,0.5071681141853333,40.0,,0.0,0.0,40.0,0.0,5.463554382324219,21.46355438232422,Leave_One_experiments/all_year_offline_schedule_search/daily_outputs/SYA/SYA_2017_SYA2017_stress_grid_S0007_daily.csv
SYA,SYA,Shenyang,2017,Leave_One_experiments\wth_generated_qc\SYA\SYA2017.WTH,dry_year;water_stress_year;nitrogen_stress_year;irrigation_responsive_year,irrigation_responsive,SYA2017_stress_grid_S0007,pareto_balanced,2017-06-04,155,50,45,"{""sim_day"": 50.0, ""doy"": 155.0, ""topwt"": 347.7524948120117, ""grnwt"": 0.0, ""xlai"": 0.5417338013648987, ""totir"": 40.0, ""tofer"": NaN, ""swfac"": 0.0, ""nstres"": 0.1256718635559082}",0.0,0.1256718635559082,347.7524948120117,0.0,0.5417338013648987,40.0,,0.0,0.0,40.0,0.0,5.463554382324219,21.46355438232422,Leave_One_experiments/all_year_offline_schedule_search/daily_outputs/SYA/SYA_2017_SYA2017_stress_grid_S0007_daily.csv
SYA,SYA,Shenyang,2017,Leave_One_experiments\wth_generated_qc\SYA\SYA2017.WTH,dry_year;water_stress_year;nitrogen_stress_year;irrigation_responsive_year,irrigation_responsive,SYA2017_stress_grid_S0007,pareto_balanced,2017-06-05,156,51,46,"{""sim_day"": 51.0, ""doy"": 156.0, ""topwt"": 372.8451156616211, ""grnwt"": 0.0, ""xlai"": 0.565132737159729, ""totir"": 40.0, ""tofer"": NaN, ""swfac"": 0.0, ""nstres"": 0.14621102809906}",0.0,0.14621102809906,372.8451156616211,0.0,0.565132737159729,40.0,,0.0,0.0,40.0,0.0,5.463554382324219,21.46355438232422,Leave_One_experiments/all_year_offline_schedule_search/daily_outputs/SYA/SYA_2017_SYA2017_stress_grid_S0007_daily.csv
SYA,SYA,Shenyang,2017,Leave_One_experiments\wth_generated_qc\SYA\SYA2017.WTH,dry_year;water_stress_year;nitrogen_stress_year;irrigation_responsive_year,irrigation_responsive,SYA2017_stress_grid_S0007,pareto_balanced,2017-06-06,157,52,47,"{""sim_day"": 52.0, ""doy"": 157.0, ""topwt"": 395.2254867553711, ""grnwt"": 0.0, ""xlai"": 0.5831434726715088, ""totir"": 40.0, ""tofer"": NaN, ""swfac"": 0.0, ""nstres"": 0.154259443283081}",0.0,0.154259443283081,395.2254867553711,0.0,0.5831434726715088,40.0,,0.0,0.0,40.0,0.0,5.463554382324219,21.46355438232422,Leave_One_experiments/all_year_offline_schedule_search/daily_outputs/SYA/SYA_2017_SYA2017_stress_grid_S0007_daily.csv
SYA,SYA,Shenyang,2017,Leave_One_experiments\wth_generated_qc\SYA\SYA2017.WTH,dry_year;water_stress_year;nitrogen_stress_year;irrigation_responsive_year,irrigation_responsive,SYA2017_stress_grid_S0007,pareto_balanced,2017-06-07,158,53,48,"{""sim_day"": 53.0, ""doy"": 158.0, ""topwt"": 428.99112701416016, ""grnwt"": 0.0, ""xlai"": 0.6139010190963745, ""totir"": 40.0, ""tofer"": NaN, ""swfac"": 0.0, ""nstres"": 0.1557658910751342}",0.0,0.1557658910751342,428.99112701416016,0.0,0.6139010190963745,40.0,,0.0,0.0,40.0,0.0,5.463554382324219,21.46355438232422,Leave_One_experiments/all_year_offline_schedule_search/daily_outputs/SYA/SYA_2017_SYA2017_stress_grid_S0007_daily.csv
SYA,SYA,Shenyang,2017,Leave_One_experiments\wth_generated_qc\SYA\SYA2017.WTH,dry_year;water_stress_year;nitrogen_stress_year;irrigation_responsive_year,irrigation_responsive,SYA2017_stress_grid_S0007,pareto_balanced,2017-06-08,159,54,49,"{""sim_day"": 54.0, ""doy"": 159.0, ""topwt"": 464.7438049316406, ""grnwt"": 0.0, ""xlai"": 0.6453489065170288, ""totir"": 40.0, ""tofer"": NaN, ""swfac"": 0.0, ""nstres"": 0.1511475443840026}",0.0,0.1511475443840026,464.7438049316406,0.0,0.6453489065170288,40.0,,0.0,0.0,40.0,0.0,5.463554382324219,21.46355438232422,Leave_One_experiments/all_year_offline_schedule_search/daily_outputs/SYA/SYA_2017_SYA2017_stress_grid_S0007_daily.csv
SYA,SYA,Shenyang,2017,Leave_One_experiments\wth_generated_qc\SYA\SYA2017.WTH,dry_year;water_stress_year;nitrogen_stress_year;irrigation_responsive_year,irrigation_responsive,SYA2017_stress_grid_S0007,pareto_balanced,2017-06-09,160,55,50,"{""sim_day"": 55.0, ""doy"": 160.0, ""topwt"": 491.2592697143554, ""grnwt"": 0.0, ""xlai"": 0.6639372110366821, ""totir"": 40.0, ""tofer"": NaN, ""swfac"": 0.0, ""nstres"": 0.1538940072059631}",0.0,0.1538940072059631,491.2592697143554,0.0,0.6639372110366821,40.0,,0.0,0.0,40.0,0.0,5.463554382324219,21.46355438232422,Leave_One_experiments/all_year_offline_schedule_search/daily_outputs/SYA/SYA_2017_SYA2017_stress_grid_S0007_daily.csv
SYA,SYA,Shenyang,2017,Leave_One_experiments\wth_generated_qc\SYA\SYA2017.WTH,dry_year;water_stress_year;nitrogen_stress_year;irrigation_responsive_year,irrigation_responsive,SYA2017_stress_grid_S0007,pareto_balanced,2017-06-10,161,56,51,"{""sim_day"": 56.0, ""doy"": 161.0, ""topwt"": 521.8970489501953, ""grnwt"": 0.0, ""xlai"": 0.6847702860832214, ""totir"": 40.0, ""tofer"": NaN, ""swfac"": 0.0, ""nstres"": 0.1667409539222717}",0.0,0.1667409539222717,521.8970489501953,0.0,0.6847702860832214,40.0,,0.0,0.0,40.0,0.0,5.463554382324219,21.46355438232422,Leave_One_experiments/all_year_offline_schedule_search/daily_outputs/SYA/SYA_2017_SYA2017_stress_grid_S0007_daily.csv
SYA,SYA,Shenyang,2017,Leave_One_experiments\wth_generated_qc\SYA\SYA2017.WTH,dry_year;water_stress_year;nitrogen_stress_year;irrigation_responsive_year,irrigation_responsive,SYA2017_stress_grid_S0007,pareto_balanced,2017-06-11,162,57,52,"{""sim_day"": 57.0, ""doy"": 162.0, ""topwt"": 556.2794876098633, ""grnwt"": 0.0, ""xlai"": 0.7073549032211304, ""totir"": 40.0, ""tofer"": NaN, ""swfac"": 0.0, ""nstres"": 0.1743878126144409}",0.0,0.1743878126144409,556.2794876098633,0.0,0.7073549032211304,40.0,,0.0,0.0,40.0,0.0,5.463554382324219,21.46355438232422,Leave_One_experiments/all_year_offline_schedule_search/daily_outputs/SYA/SYA_2017_SYA2017_stress_grid_S0007_daily.csv
SYA,SYA,Shenyang,2017,Leave_One_experiments\wth_generated_qc\SYA\SYA2017.WTH,dry_year;water_stress_year;nitrogen_stress_year;irrigation_responsive_year,irrigation_responsive,SYA2017_stress_grid_S0007,pareto_balanced,2017-06-12,163,58,53,"{""sim_day"": 58.0, ""doy"": 163.0, ""topwt"": 592.9907608032227, ""grnwt"": 0.0, ""xlai"": 0.7296275496482849, ""totir"": 40.0, ""tofer"": NaN, ""swfac"": 0.0, ""nstres"": 0.1832414269447326}",0.0,0.1832414269447326,592.9907608032227,0.0,0.7296275496482849,40.0,,0.0,0.0,40.0,0.0,5.463554382324219,21.46355438232422,Leave_One_experiments/all_year_offline_schedule_search/daily_outputs/SYA/SYA_2017_SYA2017_stress_grid_S0007_daily.csv
SYA,SYA,Shenyang,2017,Leave_One_experiments\wth_generated_qc\SYA\SYA2017.WTH,dry_year;water_stress_year;nitrogen_stress_year;irrigation_responsive_year,irrigation_responsive,SYA2017_stress_grid_S0007,pareto_balanced,2017-06-13,164,59,54,"{""sim_day"": 59.0, ""doy"": 164.0, ""topwt"": 638.533935546875, ""grnwt"": 0.0, ""xlai"": 0.757556140422821, ""totir"": 40.0, ""tofer"": NaN, ""swfac"": 0.0, ""nstres"": 0.1919800639152526}",0.0,0.1919800639152526,638.533935546875,0.0,0.757556140422821,40.0,,0.0,0.0,40.0,0.0,5.463554382324219,21.46355438232422,Leave_One_experiments/all_year_offline_schedule_search/daily_outputs/SYA/SYA_2017_SYA2017_stress_grid_S0007_daily.csv
SYA,SYA,Shenyang,2017,Leave_One_experiments\wth_generated_qc\SYA\SYA2017.WTH,dry_year;water_stress_year;nitrogen_stress_year;irrigation_responsive_year,irrigation_responsive,SYA2017_stress_grid_S0007,pareto_balanced,2017-06-14,165,60,55,"{""sim_day"": 60.0, ""doy"": 165.0, ""topwt"": 688.7821197509766, ""grnwt"": 0.0, ""xlai"": 0.7860202193260193, ""totir"": 40.0, ""tofer"": NaN, ""swfac"": 0.0, ""nstres"": 0.2007403373718261}",0.0,0.2007403373718261,688.7821197509766,0.0,0.7860202193260193,40.0,,0.0,0.0,40.0,0.0,5.463554382324219,21.46355438232422,Leave_One_experiments/all_year_offline_schedule_search/daily_outputs/SYA/SYA_2017_SYA2017_stress_grid_S0007_daily.csv
SYA,SYA,Shenyang,2017,Leave_One_experiments\wth_generated_qc\SYA\SYA2017.WTH,dry_year;water_stress_year;nitrogen_stress_year;irrigation_responsive_year,irrigation_responsive,SYA2017_stress_grid_S0007,pareto_balanced,2017-06-15,166,61,56,"{""sim_day"": 61.0, ""doy"": 166.0, ""topwt"": 745.6858062744141, ""grnwt"": 0.0, ""xlai"": 0.8157721757888794, ""totir"": 40.0, ""tofer"": NaN, ""swfac"": 0.0, ""nstres"": 0.2309246659278869}",0.0,0.2309246659278869,745.6858062744141,0.0,0.8157721757888794,40.0,,0.0,0.0,40.0,0.0,5.463554382324219,21.46355438232422,Leave_One_experiments/all_year_offline_schedule_search/daily_outputs/SYA/SYA_2017_SYA2017_stress_grid_S0007_daily.csv
SYA,SYA,Shenyang,2017,Leave_One_experiments\wth_generated_qc\SYA\SYA2017.WTH,dry_year;water_stress_year;nitrogen_stress_year;irrigation_responsive_year,irrigation_responsive,SYA2017_stress_grid_S0007,pareto_balanced,2017-06-16,167,62,57,"{""sim_day"": 62.0, ""doy"": 167.0, ""topwt"": 803.2373046875, ""grnwt"": 0.0, ""xlai"": 0.8411819338798523, ""totir"": 40.0, ""tofer"": NaN, ""swfac"": 0.0, ""nstres"": 0.2584640383720398}",0.0,0.2584640383720398,803.2373046875,0.0,0.8411819338798523,40.0,,0.0,0.0,40.0,0.0,5.463554382324219,21.46355438232422,Leave_One_experiments/all_year_offline_schedule_search/daily_outputs/SYA/SYA_2017_SYA2017_stress_grid_S0007_daily.csv
SYA,SYA,Shenyang,2017,Leave_One_experiments\wth_generated_qc\SYA\SYA2017.WTH,dry_year;water_stress_year;nitrogen_stress_year;irrigation_responsive_year,irrigation_responsive,SYA2017_stress_grid_S0007,pareto_balanced,2017-06-17,168,63,58,"{""sim_day"": 63.0, ""doy"": 168.0, ""topwt"": 855.9056091308594, ""grnwt"": 0.0, ""xlai"": 0.8582771420478821, ""totir"": 40.0, ""tofer"": NaN, ""swfac"": 0.0, ""nstres"": 0.2870594263076782}",0.0,0.2870594263076782,855.9056091308594,0.0,0.8582771420478821,40.0,,0.0,0.0,40.0,0.0,5.463554382324219,21.46355438232422,Leave_One_experiments/all_year_offline_schedule_search/daily_outputs/SYA/SYA_2017_SYA2017_stress_grid_S0007_daily.csv
SYA,SYA,Shenyang,2017,Leave_One_experiments\wth_generated_qc\SYA\SYA2017.WTH,dry_year;water_stress_year;nitrogen_stress_year;irrigation_responsive_year,irrigation_responsive,SYA2017_stress_grid_S0007,pareto_balanced,2017-06-18,169,64,59,"{""sim_day"": 64.0, ""doy"": 169.0, ""topwt"": 903.7567138671876, ""grnwt"": 0.0, ""xlai"": 0.868331789970398, ""totir"": 40.0, ""tofer"": NaN, ""swfac"": 0.0, ""nstres"": 0.309397280216217}",0.0,0.309397280216217,903.7567138671876,0.0,0.868331789970398,40.0,,0.0,0.0,40.0,0.0,5.463554382324219,21.46355438232422,Leave_One_experiments/all_year_offline_schedule_search/daily_outputs/SYA/SYA_2017_SYA2017_stress_grid_S0007_daily.csv
SYA,SYA,Shenyang,2017,Leave_One_experiments\wth_generated_qc\SYA\SYA2017.WTH,dry_year;water_stress_year;nitrogen_stress_year;irrigation_responsive_year,irrigation_responsive,SYA2017_stress_grid_S0007,pareto_balanced,2017-06-19,170,65,60,"{""sim_day"": 65.0, ""doy"": 170.0, ""topwt"": 942.8086090087892, ""grnwt"": 0.0, ""xlai"": 0.8697214722633362, ""totir"": 40.0, ""tofer"": NaN, ""swfac"": 0.0, ""nstres"": 0.3255342841148376}",0.0,0.3255342841148376,942.8086090087892,0.0,0.8697214722633362,40.0,,0.0,0.0,40.0,0.0,5.463554382324219,21.46355438232422,Leave_One_experiments/all_year_offline_schedule_search/daily_outputs/SYA/SYA_2017_SYA2017_stress_grid_S0007_daily.csv
SYA,SYA,Shenyang,2017,Leave_One_experiments\wth_generated_qc\SYA\SYA2017.WTH,dry_year;water_stress_year;nitrogen_stress_year;irrigation_responsive_year,irrigation_responsive,SYA2017_stress_grid_S0007,pareto_balanced,2017-06-20,171,66,61,"{""sim_day"": 66.0, ""doy"": 171.0, ""topwt"": 987.1234893798828, ""grnwt"": 0.0, ""xlai"": 0.8730092644691467, ""totir"": 40.0, ""tofer"": NaN, ""swfac"": 0.0, ""nstres"": 0.3348866105079651}",0.0,0.3348866105079651,987.1234893798828,0.0,0.8730092644691467,40.0,,0.0,0.0,40.0,0.0,5.463554382324219,21.46355438232422,Leave_One_experiments/all_year_offline_schedule_search/daily_outputs/SYA/SYA_2017_SYA2017_stress_grid_S0007_daily.csv
SYA,SYA,Shenyang,2017,Leave_One_experiments\wth_generated_qc\SYA\SYA2017.WTH,dry_year;water_stress_year;nitrogen_stress_year;irrigation_responsive_year,irrigation_responsive,SYA2017_stress_grid_S0007,pareto_balanced,2017-06-21,172,67,62,"{""sim_day"": 67.0, ""doy"": 172.0, ""topwt"": 1033.2469177246094, ""grnwt"": 0.0, ""xlai"": 0.8757818341255188, ""totir"": 40.0, ""tofer"": NaN, ""swfac"": 0.0, ""nstres"": 0.3398662209510803}",0.0,0.3398662209510803,1033.2469177246094,0.0,0.8757818341255188,40.0,,0.0,0.0,40.0,0.0,5.463554382324219,21.46355438232422,Leave_One_experiments/all_year_offline_schedule_search/daily_outputs/SYA/SYA_2017_SYA2017_stress_grid_S0007_daily.csv
SYA,SYA,Shenyang,2017,Leave_One_experiments\wth_generated_qc\SYA\SYA2017.WTH,dry_year;water_stress_year;nitrogen_stress_year;irrigation_responsive_year,irrigation_responsive,SYA2017_stress_grid_S0007,pareto_balanced,2017-06-22,173,68,63,"{""sim_day"": 68.0, ""doy"": 173.0, ""topwt"": 1084.0249633789062, ""grnwt"": 0.0, ""xlai"": 0.8795625567436218, ""totir"": 40.0, ""tofer"": NaN, ""swfac"": 0.0, ""nstres"": 0.3477375507354736}",0.0,0.3477375507354736,1084.0249633789062,0.0,0.8795625567436218,40.0,,0.0,0.0,40.0,0.0,5.463554382324219,21.46355438232422,Leave_One_experiments/all_year_offline_schedule_search/daily_outputs/SYA/SYA_2017_SYA2017_stress_grid_S0007_daily.csv
SYA,SYA,Shenyang,2017,Leave_One_experiments\wth_generated_qc\SYA\SYA2017.WTH,dry_year;water_stress_year;nitrogen_stress_year;irrigation_responsive_year,irrigation_responsive,SYA2017_stress_grid_S0007,pareto_balanced,2017-06-23,174,69,64,"{""sim_day"": 69.0, ""doy"": 174.0, ""topwt"": 1134.2936706542969, ""grnwt"": 0.0, ""xlai"": 0.8811355233192444, ""totir"": 40.0, ""tofer"": NaN, ""swfac"": 0.0, ""nstres"": 0.3558996915817261}",0.0,0.3558996915817261,1134.2936706542969,0.0,0.8811355233192444,40.0,,0.0,0.0,40.0,0.0,5.463554382324219,21.46355438232422,Leave_One_experiments/all_year_offline_schedule_search/daily_outputs/SYA/SYA_2017_SYA2017_stress_grid_S0007_daily.csv
SYA,SYA,Shenyang,2017,Leave_One_experiments\wth_generated_qc\SYA\SYA2017.WTH,dry_year;water_stress_year;nitrogen_stress_year;irrigation_responsive_year,irrigation_responsive,SYA2017_stress_grid_S0007,pareto_balanced,2017-06-24,175,70,65,"{""sim_day"": 70.0, ""doy"": 175.0, ""topwt"": 1248.4635925292969, ""grnwt"": 0.0, ""xlai"": 0.9379453063011168, ""totir"": 40.0, ""tofer"": NaN, ""swfac"": 0.0, ""nstres"": 0.3657752275466919}",0.0,0.3657752275466919,1248.4635925292969,0.0,0.9379453063011168,40.0,,0.0,0.0,40.0,0.0,5.463554382324219,21.46355438232422,Leave_One_experiments/all_year_offline_schedule_search/daily_outputs/SYA/SYA_2017_SYA2017_stress_grid_S0007_daily.csv
SYA,SYA,Shenyang,2017,Leave_One_experiments\wth_generated_qc\SYA\SYA2017.WTH,dry_year;water_stress_year;nitrogen_stress_year;irrigation_responsive_year,irrigation_responsive,SYA2017_stress_grid_S0007,pareto_balanced,2017-06-25,176,71,66,"{""sim_day"": 71.0, ""doy"": 176.0, ""topwt"": 1340.1089477539062, ""grnwt"": 0.0, ""xlai"": 0.9546700119972228, ""totir"": 40.0, ""tofer"": NaN, ""swfac"": 0.0, ""nstres"": 0.3729672431945801}",0.0,0.3729672431945801,1340.1089477539062,0.0,0.9546700119972228,40.0,,0.0,0.0,40.0,0.0,5.463554382324219,21.46355438232422,Leave_One_experiments/all_year_offline_schedule_search/daily_outputs/SYA/SYA_2017_SYA2017_stress_grid_S0007_daily.csv
SYA,SYA,Shenyang,2017,Leave_One_experiments\wth_generated_qc\SYA\SYA2017.WTH,dry_year;water_stress_year;nitrogen_stress_year;irrigation_responsive_year,irrigation_responsive,SYA2017_stress_grid_S0007,pareto_balanced,2017-06-26,177,72,67,"{""sim_day"": 72.0, ""doy"": 177.0, ""topwt"": 1418.3555603027344, ""grnwt"": 0.0, ""xlai"": 0.9554917812347412, ""totir"": 40.0, ""tofer"": NaN, ""swfac"": 0.0, ""nstres"": 0.4148975014686584}",0.0,0.4148975014686584,1418.3555603027344,0.0,0.9554917812347412,40.0,,0.0,0.0,40.0,0.0,5.463554382324219,21.46355438232422,Leave_One_experiments/all_year_offline_schedule_search/daily_outputs/SYA/SYA_2017_SYA2017_stress_grid_S0007_daily.csv
SYA,SYA,Shenyang,2017,Leave_One_experiments\wth_generated_qc\SYA\SYA2017.WTH,dry_year;water_stress_year;nitrogen_stress_year;irrigation_responsive_year,irrigation_responsive,SYA2017_stress_grid_S0007,pareto_balanced,2017-06-27,178,73,68,"{""sim_day"": 73.0, ""doy"": 178.0, ""topwt"": 1486.781005859375, ""grnwt"": 0.0, ""xlai"": 0.9478461742401124, ""totir"": 40.0, ""tofer"": NaN, ""swfac"": 0.0, ""nstres"": 0.4363713264465332}",0.0,0.4363713264465332,1486.781005859375,0.0,0.9478461742401124,40.0,,0.0,0.0,40.0,0.0,5.463554382324219,21.46355438232422,Leave_One_experiments/all_year_offline_schedule_search/daily_outputs/SYA/SYA_2017_SYA2017_stress_grid_S0007_daily.csv
SYA,SYA,Shenyang,2017,Leave_One_experiments\wth_generated_qc\SYA\SYA2017.WTH,dry_year;water_stress_year;nitrogen_stress_year;irrigation_responsive_year,irrigation_responsive,SYA2017_stress_grid_S0007,pareto_balanced,2017-06-28,179,74,69,"{""sim_day"": 74.0, ""doy"": 179.0, ""topwt"": 1553.8148498535156, ""grnwt"": 0.0, ""xlai"": 0.9371686577796936, ""totir"": 40.0, ""tofer"": NaN, ""swfac"": 0.0, ""nstres"": 0.4463822245597839}",0.0,0.4463822245597839,1553.8148498535156,0.0,0.9371686577796936,40.0,,0.0,0.0,40.0,0.0,5.463554382324219,21.46355438232422,Leave_One_experiments/all_year_offline_schedule_search/daily_outputs/SYA/SYA_2017_SYA2017_stress_grid_S0007_daily.csv
SYA,SYA,Shenyang,2017,Leave_One_experiments\wth_generated_qc\SYA\SYA2017.WTH,dry_year;water_stress_year;nitrogen_stress_year;irrigation_responsive_year,irrigation_responsive,SYA2017_stress_grid_S0007,pareto_balanced,2017-06-29,180,75,70,"{""sim_day"": 75.0, ""doy"": 180.0, ""topwt"": 1618.6656188964844, ""grnwt"": 0.0, ""xlai"": 0.9243506789207458, ""totir"": 40.0, ""tofer"": NaN, ""swfac"": 0.0, ""nstres"": 0.4482040405273437}",0.0,0.4482040405273437,1618.6656188964844,0.0,0.9243506789207458,40.0,,0.0,0.0,40.0,0.0,5.463554382324219,21.46355438232422,Leave_One_experiments/all_year_offline_schedule_search/daily_outputs/SYA/SYA_2017_SYA2017_stress_grid_S0007_daily.csv
SYA,SYA,Shenyang,2017,Leave_One_experiments\wth_generated_qc\SYA\SYA2017.WTH,dry_year;water_stress_year;nitrogen_stress_year;irrigation_responsive_year,irrigation_responsive,SYA2017_stress_grid_S0007,pareto_balanced,2017-06-30,181,76,71,"{""sim_day"": 76.0, ""doy"": 181.0, ""topwt"": 1685.408935546875, ""grnwt"": 0.0, ""xlai"": 0.9112133383750916, ""totir"": 40.0, ""tofer"": NaN, ""swfac"": 0.0, ""nstres"": 0.4467398524284363}",0.0,0.4467398524284363,1685.408935546875,0.0,0.9112133383750916,40.0,,0.0,0.0,40.0,0.0,5.463554382324219,21.46355438232422,Leave_One_experiments/all_year_offline_schedule_search/daily_outputs/SYA/SYA_2017_SYA2017_stress_grid_S0007_daily.csv
SYA,SYA,Shenyang,2017,Leave_One_experiments\wth_generated_qc\SYA\SYA2017.WTH,dry_year;water_stress_year;nitrogen_stress_year;irrigation_responsive_year,irrigation_responsive,SYA2017_stress_grid_S0007,pareto_balanced,2017-07-01,182,77,72,"{""sim_day"": 77.0, ""doy"": 182.0, ""topwt"": 1742.4868774414062, ""grnwt"": 0.0, ""xlai"": 0.8949066400527954, ""totir"": 40.0, ""tofer"": NaN, ""swfac"": 0.0, ""nstres"": 0.4447096586227417}",0.0,0.4447096586227417,1742.4868774414062,0.0,0.8949066400527954,40.0,,0.0,0.0,40.0,0.0,5.463554382324219,21.46355438232422,Leave_One_experiments/all_year_offline_schedule_search/daily_outputs/SYA/SYA_2017_SYA2017_stress_grid_S0007_daily.csv
SYA,SYA,Shenyang,2017,Leave_One_experiments\wth_generated_qc\SYA\SYA2017.WTH,dry_year;water_stress_year;nitrogen_stress_year;irrigation_responsive_year,irrigation_responsive,SYA2017_stress_grid_S0007,pareto_balanced,2017-07-02,183,78,73,"{""sim_day"": 78.0, ""doy"": 183.0, ""topwt"": 1802.933654785156, ""grnwt"": 0.0, ""xlai"": 0.8794230222702026, ""totir"": 40.0, ""tofer"": NaN, ""swfac"": 0.0, ""nstres"": 0.4413104057312011}",0.0,0.4413104057312011,1802.933654785156,0.0,0.8794230222702026,40.0,,0.0,0.0,40.0,0.0,5.463554382324219,21.46355438232422,Leave_One_experiments/all_year_offline_schedule_search/daily_outputs/SYA/SYA_2017_SYA2017_stress_grid_S0007_daily.csv
SYA,SYA,Shenyang,2017,Leave_One_experiments\wth_generated_qc\SYA\SYA2017.WTH,dry_year;water_stress_year;nitrogen_stress_year;irrigation_responsive_year,irrigation_responsive,SYA2017_stress_grid_S0007,pareto_balanced,2017-07-03,184,79,74,"{""sim_day"": 79.0, ""doy"": 184.0, ""topwt"": 1858.4410095214844, ""grnwt"": 0.0, ""xlai"": 0.8627638220787048, ""totir"": 40.0, ""tofer"": NaN, ""swfac"": 0.0, ""nstres"": 0.4361228346824646}",0.0,0.4361228346824646,1858.4410095214844,0.0,0.8627638220787048,40.0,,0.0,0.0,40.0,0.0,5.463554382324219,21.46355438232422,Leave_One_experiments/all_year_offline_schedule_search/daily_outputs/SYA/SYA_2017_SYA2017_stress_grid_S0007_daily.csv
SYA,SYA,Shenyang,2017,Leave_One_experiments\wth_generated_qc\SYA\SYA2017.WTH,dry_year;water_stress_year;nitrogen_stress_year;irrigation_responsive_year,irrigation_responsive,SYA2017_stress_grid_S0007,pareto_balanced,2017-07-04,185,80,75,"{""sim_day"": 80.0, ""doy"": 185.0, ""topwt"": 1920.197296142578, ""grnwt"": 0.0, ""xlai"": 0.8478965759277344, ""totir"": 40.0, ""tofer"": NaN, ""swfac"": 0.0, ""nstres"": 0.4291710257530212}",0.0,0.4291710257530212,1920.197296142578,0.0,0.8478965759277344,40.0,,0.0,0.0,40.0,0.0,5.463554382324219,21.46355438232422,Leave_One_experiments/all_year_offline_schedule_search/daily_outputs/SYA/SYA_2017_SYA2017_stress_grid_S0007_daily.csv
SYA,SYA,Shenyang,2017,Leave_One_experiments\wth_generated_qc\SYA\SYA2017.WTH,dry_year;water_stress_year;nitrogen_stress_year;irrigation_responsive_year,irrigation_responsive,SYA2017_stress_grid_S0007,pareto_balanced,2017-07-05,186,81,76,"{""sim_day"": 81.0, ""doy"": 186.0, ""topwt"": 1985.9695434570312, ""grnwt"": 0.0, ""xlai"": 0.8347097635269165, ""totir"": 40.0, ""tofer"": NaN, ""swfac"": 0.0, ""nstres"": 0.4238419532775879}",0.0,0.4238419532775879,1985.9695434570312,0.0,0.8347097635269165,40.0,,0.0,0.0,40.0,0.0,5.463554382324219,21.46355438232422,Leave_One_experiments/all_year_offline_schedule_search/daily_outputs/SYA/SYA_2017_SYA2017_stress_grid_S0007_daily.csv
SYA,SYA,Shenyang,2017,Leave_One_experiments\wth_generated_qc\SYA\SYA2017.WTH,dry_year;water_stress_year;nitrogen_stress_year;irrigation_responsive_year,irrigation_responsive,SYA2017_stress_grid_S0007,pareto_balanced,2017-07-06,187,82,77,"{""sim_day"": 82.0, ""doy"": 187.0, ""topwt"": 2014.6861267089844, ""grnwt"": 0.0, ""xlai"": 0.8130348324775696, ""totir"": 40.0, ""tofer"": NaN, ""swfac"": 0.0, ""nstres"": 0.4194159507751465}",0.0,0.4194159507751465,2014.6861267089844,0.0,0.8130348324775696,40.0,,0.0,0.0,40.0,0.0,5.463554382324219,21.46355438232422,Leave_One_experiments/all_year_offline_schedule_search/daily_outputs/SYA/SYA_2017_SYA2017_stress_grid_S0007_daily.csv
SYA,SYA,Shenyang,2017,Leave_One_experiments\wth_generated_qc\SYA\SYA2017.WTH,dry_year;water_stress_year;nitrogen_stress_year;irrigation_responsive_year,irrigation_responsive,SYA2017_stress_grid_S0007,pareto_balanced,2017-07-07,188,83,78,"{""sim_day"": 83.0, ""doy"": 188.0, ""topwt"": 2083.770446777344, ""grnwt"": 0.0, ""xlai"": 0.8022533059120178, ""totir"": 40.0, ""tofer"": NaN, ""swfac"": 0.0, ""nstres"": 0.4119130969047546}",0.0,0.4119130969047546,2083.770446777344,0.0,0.8022533059120178,40.0,,0.0,0.0,40.0,0.0,5.463554382324219,21.46355438232422,Leave_One_experiments/all_year_offline_schedule_search/daily_outputs/SYA/SYA_2017_SYA2017_stress_grid_S0007_daily.csv
SYA,SYA,Shenyang,2017,Leave_One_experiments\wth_generated_qc\SYA\SYA2017.WTH,dry_year;water_stress_year;nitrogen_stress_year;irrigation_responsive_year,irrigation_responsive,SYA2017_stress_grid_S0007,pareto_balanced,2017-07-08,189,84,79,"{""sim_day"": 84.0, ""doy"": 189.0, ""topwt"": 2138.3740234375, ""grnwt"": 0.0, ""xlai"": 0.788585901260376, ""totir"": 40.0, ""tofer"": NaN, ""swfac"": 0.0, ""nstres"": 0.4028505086898803}",0.0,0.4028505086898803,2138.3740234375,0.0,0.788585901260376,40.0,,0.0,0.0,40.0,0.0,5.463554382324219,21.46355438232422,Leave_One_experiments/all_year_offline_schedule_search/daily_outputs/SYA/SYA_2017_SYA2017_stress_grid_S0007_daily.csv
SYA,SYA,Shenyang,2017,Leave_One_experiments\wth_generated_qc\SYA\SYA2017.WTH,dry_year;water_stress_year;nitrogen_stress_year;irrigation_responsive_year,irrigation_responsive,SYA2017_stress_grid_S0007,pareto_balanced,2017-07-09,190,85,80,"{""sim_day"": 85.0, ""doy"": 190.0, ""topwt"": 2200.1730346679688, ""grnwt"": 0.0, ""xlai"": 0.7774839401245117, ""totir"": 40.0, ""tofer"": NaN, ""swfac"": 0.0, ""nstres"": 0.3923168182373047}",0.0,0.3923168182373047,2200.1730346679688,0.0,0.7774839401245117,40.0,,0.0,0.0,40.0,0.0,5.463554382324219,21.46355438232422,Leave_One_experiments/all_year_offline_schedule_search/daily_outputs/SYA/SYA_2017_SYA2017_stress_grid_S0007_daily.csv
SYA,SYA,Shenyang,2017,Leave_One_experiments\wth_generated_qc\SYA\SYA2017.WTH,dry_year;water_stress_year;nitrogen_stress_year;irrigation_responsive_year,irrigation_responsive,SYA2017_stress_grid_S0007,pareto_balanced,2017-07-10,191,86,81,"{""sim_day"": 86.0, ""doy"": 191.0, ""topwt"": 2322.7076721191406, ""grnwt"": 0.0, ""xlai"": 0.752066433429718, ""totir"": 40.0, ""tofer"": NaN, ""swfac"": 0.0, ""nstres"": 0.3846082687377929}",0.0,0.3846082687377929,2322.7076721191406,0.0,0.752066433429718,40.0,,0.0,0.0,40.0,0.0,5.463554382324219,21.46355438232422,Leave_One_experiments/all_year_offline_schedule_search/daily_outputs/SYA/SYA_2017_SYA2017_stress_grid_S0007_daily.csv
SYA,SYA,Shenyang,2017,Leave_One_experiments\wth_generated_qc\SYA\SYA2017.WTH,dry_year;water_stress_year;nitrogen_stress_year;irrigation_responsive_year,irrigation_responsive,SYA2017_stress_grid_S0007,pareto_balanced,2017-07-11,192,87,82,"{""sim_day"": 87.0, ""doy"": 192.0, ""topwt"": 2426.3385009765625, ""grnwt"": 0.0, ""xlai"": 0.7277749180793762, ""totir"": 40.0, ""tofer"": NaN, ""swfac"": 0.0, ""nstres"": 0.375190258026123}",0.0,0.375190258026123,2426.3385009765625,0.0,0.7277749180793762,40.0,,0.0,0.0,40.0,0.0,5.463554382324219,21.46355438232422,Leave_One_experiments/all_year_offline_schedule_search/daily_outputs/SYA/SYA_2017_SYA2017_stress_grid_S0007_daily.csv
SYA,SYA,Shenyang,2017,Leave_One_experiments\wth_generated_qc\SYA\SYA2017.WTH,dry_year;water_stress_year;nitrogen_stress_year;irrigation_responsive_year,irrigation_responsive,SYA2017_stress_grid_S0007,pareto_balanced,2017-07-12,193,88,83,"{""sim_day"": 88.0, ""doy"": 193.0, ""topwt"": 2511.2391662597656, ""grnwt"": 0.0, ""xlai"": 0.7039773464202881, ""totir"": 40.0, ""tofer"": NaN, ""swfac"": 0.0, ""nstres"": 0.3847766518592834}",0.0,0.3847766518592834,2511.2391662597656,0.0,0.7039773464202881,40.0,,0.0,0.0,40.0,0.0,5.463554382324219,21.46355438232422,Leave_One_experiments/all_year_offline_schedule_search/daily_outputs/SYA/SYA_2017_SYA2017_stress_grid_S0007_daily.csv
SYA,SYA,Shenyang,2017,Leave_One_experiments\wth_generated_qc\SYA\SYA2017.WTH,dry_year;water_stress_year;nitrogen_stress_year;irrigation_responsive_year,irrigation_responsive,SYA2017_stress_grid_S0007,pareto_balanced,2017-07-13,194,89,84,"{""sim_day"": 89.0, ""doy"": 194.0, ""topwt"": 2558.000946044922, ""grnwt"": 0.0, ""xlai"": 0.6808952689170837, ""totir"": 40.0, ""tofer"": NaN, ""swfac"": 0.0, ""nstres"": 0.3869128227233886}",0.0,0.3869128227233886,2558.000946044922,0.0,0.6808952689170837,40.0,,0.0,0.0,40.0,0.0,5.463554382324219,21.46355438232422,Leave_One_experiments/all_year_offline_schedule_search/daily_outputs/SYA/SYA_2017_SYA2017_stress_grid_S0007_daily.csv
SYA,SYA,Shenyang,2017,Leave_One_experiments\wth_generated_qc\SYA\SYA2017.WTH,dry_year;water_stress_year;nitrogen_stress_year;irrigation_responsive_year,irrigation_responsive,SYA2017_stress_grid_S0007,pareto_balanced,2017-07-14,195,90,85,"{""sim_day"": 90.0, ""doy"": 195.0, ""topwt"": 2641.3250732421875, ""grnwt"": 0.0, ""xlai"": 0.6587358713150024, ""totir"": 40.0, ""tofer"": NaN, ""swfac"": 0.0, ""nstres"": 0.3810687661170959}",0.0,0.3810687661170959,2641.3250732421875,0.0,0.6587358713150024,40.0,,0.0,0.0,40.0,0.0,5.463554382324219,21.46355438232422,Leave_One_experiments/all_year_offline_schedule_search/daily_outputs/SYA/SYA_2017_SYA2017_stress_grid_S0007_daily.csv
SYA,SYA,Shenyang,2017,Leave_One_experiments\wth_generated_qc\SYA\SYA2017.WTH,dry_year;water_stress_year;nitrogen_stress_year;irrigation_responsive_year,irrigation_responsive,SYA2017_stress_grid_S0007,pareto_balanced,2017-07-15,196,91,86,"{""sim_day"": 91.0, ""doy"": 196.0, ""topwt"": 2738.052062988281, ""grnwt"": 0.0, ""xlai"": 0.6377525925636292, ""totir"": 40.0, ""tofer"": NaN, ""swfac"": 0.0, ""nstres"": 0.3644902110099792}",0.0,0.3644902110099792,2738.052062988281,0.0,0.6377525925636292,40.0,,0.0,0.0,40.0,0.0,5.463554382324219,21.46355438232422,Leave_One_experiments/all_year_offline_schedule_search/daily_outputs/SYA/SYA_2017_SYA2017_stress_grid_S0007_daily.csv
SYA,SYA,Shenyang,2017,Leave_One_experiments\wth_generated_qc\SYA\SYA2017.WTH,dry_year;water_stress_year;nitrogen_stress_year;irrigation_responsive_year,irrigation_responsive,SYA2017_stress_grid_S0007,pareto_balanced,2017-07-16,197,92,87,"{""sim_day"": 92.0, ""doy"": 197.0, ""topwt"": 2836.162109375, ""grnwt"": 0.0, ""xlai"": 0.6176691055297852, ""totir"": 40.0, ""tofer"": NaN, ""swfac"": 0.0, ""nstres"": 0.3557826280593872}",0.0,0.3557826280593872,2836.162109375,0.0,0.6176691055297852,40.0,,0.0,0.0,40.0,0.0,5.463554382324219,21.46355438232422,Leave_One_experiments/all_year_offline_schedule_search/daily_outputs/SYA/SYA_2017_SYA2017_stress_grid_S0007_daily.csv
SYA,SYA,Shenyang,2017,Leave_One_experiments\wth_generated_qc\SYA\SYA2017.WTH,dry_year;water_stress_year;nitrogen_stress_year;irrigation_responsive_year,irrigation_responsive,SYA2017_stress_grid_S0007,pareto_balanced,2017-07-17,198,93,88,"{""sim_day"": 93.0, ""doy"": 198.0, ""topwt"": 2922.119140625, ""grnwt"": 0.0, ""xlai"": 0.598377525806427, ""totir"": 40.0, ""tofer"": NaN, ""swfac"": 0.0, ""nstres"": 0.3495858907699585}",0.0,0.3495858907699585,2922.119140625,0.0,0.598377525806427,40.0,,0.0,0.0,40.0,0.0,5.463554382324219,21.46355438232422,Leave_One_experiments/all_year_offline_schedule_search/daily_outputs/SYA/SYA_2017_SYA2017_stress_grid_S0007_daily.csv
SYA,SYA,Shenyang,2017,Leave_One_experiments\wth_generated_qc\SYA\SYA2017.WTH,dry_year;water_stress_year;nitrogen_stress_year;irrigation_responsive_year,irrigation_responsive,SYA2017_stress_grid_S0007,pareto_balanced,2017-07-18,199,94,89,"{""sim_day"": 94.0, ""doy"": 199.0, ""topwt"": 2965.71044921875, ""grnwt"": 0.0, ""xlai"": 0.5798382759094238, ""totir"": 40.0, ""tofer"": NaN, ""swfac"": 0.0, ""nstres"": 0.3435807228088379}",0.0,0.3435807228088379,2965.71044921875,0.0,0.5798382759094238,40.0,,0.0,0.0,40.0,0.0,5.463554382324219,21.46355438232422,Leave_One_experiments/all_year_offline_schedule_search/daily_outputs/SYA/SYA_2017_SYA2017_stress_grid_S0007_daily.csv
SYA,SYA,Shenyang,2017,Leave_One_experiments\wth_generated_qc\SYA\SYA2017.WTH,dry_year;water_stress_year;nitrogen_stress_year;irrigation_responsive_year,irrigation_responsive,SYA2017_stress_grid_S0007,pareto_balanced,2017-07-19,200,95,90,"{""sim_day"": 95.0, ""doy"": 200.0, ""topwt"": 3024.374389648437, ""grnwt"": 131.0693645477295, ""xlai"": 0.5620638728141785, ""totir"": 40.0, ""tofer"": NaN, ""swfac"": 0.0, ""nstres"": 0.335695743560791}",0.0,0.335695743560791,3024.374389648437,131.0693645477295,0.5620638728141785,40.0,,0.0,0.0,40.0,0.0,5.463554382324219,21.46355438232422,Leave_One_experiments/all_year_offline_schedule_search/daily_outputs/SYA/SYA_2017_SYA2017_stress_grid_S0007_daily.csv
SYA,SYA,Shenyang,2017,Leave_One_experiments\wth_generated_qc\SYA\SYA2017.WTH,dry_year;water_stress_year;nitrogen_stress_year;irrigation_responsive_year,irrigation_responsive,SYA2017_stress_grid_S0007,pareto_balanced,2017-07-20,201,96,91,"{""sim_day"": 96.0, ""doy"": 201.0, ""topwt"": 3123.2888793945312, ""grnwt"": 207.9966354370117, ""xlai"": 0.5439988374710083, ""totir"": 40.0, ""tofer"": NaN, ""swfac"": 0.0, ""nstres"": 0.3713696002960205}",0.0,0.3713696002960205,3123.2888793945312,207.9966354370117,0.5439988374710083,40.0,,0.0,0.0,40.0,0.0,5.463554382324219,21.46355438232422,Leave_One_experiments/all_year_offline_schedule_search/daily_outputs/SYA/SYA_2017_SYA2017_stress_grid_S0007_daily.csv
SYA,SYA,Shenyang,2017,Leave_One_experiments\wth_generated_qc\SYA\SYA2017.WTH,dry_year;water_stress_year;nitrogen_stress_year;irrigation_responsive_year,irrigation_responsive,SYA2017_stress_grid_S0007,pareto_balanced,2017-07-21,202,97,92,"{""sim_day"": 97.0, ""doy"": 202.0, ""topwt"": 3150.082092285156, ""grnwt"": 284.9238967895508, ""xlai"": 0.5269954204559326, ""totir"": 40.0, ""tofer"": NaN, ""swfac"": 0.0, ""nstres"": 0.350155770778656}",0.0,0.350155770778656,3150.082092285156,284.9238967895508,0.5269954204559326,40.0,,0.0,0.0,40.0,0.0,5.463554382324219,21.46355438232422,Leave_One_experiments/all_year_offline_schedule_search/daily_outputs/SYA/SYA_2017_SYA2017_stress_grid_S0007_daily.csv
SYA,SYA,Shenyang,2017,Leave_One_experiments\wth_generated_qc\SYA\SYA2017.WTH,dry_year;water_stress_year;nitrogen_stress_year;irrigation_responsive_year,irrigation_responsive,SYA2017_stress_grid_S0007,pareto_balanced,2017-07-22,203,98,93,"{""sim_day"": 98.0, ""doy"": 203.0, ""topwt"": 3237.759094238281, ""grnwt"": 361.8511962890625, ""xlai"": 0.5102370381355286, ""totir"": 40.0, ""tofer"": NaN, ""swfac"": 0.0, ""nstres"": 0.3631958961486816}",0.0,0.3631958961486816,3237.759094238281,361.8511962890625,0.5102370381355286,40.0,,0.0,0.0,40.0,0.0,5.463554382324219,21.46355438232422,Leave_One_experiments/all_year_offline_schedule_search/daily_outputs/SYA/SYA_2017_SYA2017_stress_grid_S0007_daily.csv
SYA,SYA,Shenyang,2017,Leave_One_experiments\wth_generated_qc\SYA\SYA2017.WTH,dry_year;water_stress_year;nitrogen_stress_year;irrigation_responsive_year,irrigation_responsive,SYA2017_stress_grid_S0007,pareto_balanced,2017-07-23,204,99,94,"{""sim_day"": 99.0, ""doy"": 204.0, ""topwt"": 3316.7800903320312, ""grnwt"": 438.7784576416016, ""xlai"": 0.4943084418773651, ""totir"": 40.0, ""tofer"": NaN, ""swfac"": 0.0, ""nstres"": 0.3492359519004822}",0.0,0.3492359519004822,3316.7800903320312,438.7784576416016,0.4943084418773651,40.0,,0.0,0.0,40.0,0.0,5.463554382324219,21.46355438232422,Leave_One_experiments/all_year_offline_schedule_search/daily_outputs/SYA/SYA_2017_SYA2017_stress_grid_S0007_daily.csv
SYA,SYA,Shenyang,2017,Leave_One_experiments\wth_generated_qc\SYA\SYA2017.WTH,dry_year;water_stress_year;nitrogen_stress_year;irrigation_responsive_year,irrigation_responsive,SYA2017_stress_grid_S0007,pareto_balanced,2017-07-24,205,100,95,"{""sim_day"": 100.0, ""doy"": 205.0, ""topwt"": 3414.3130493164062, ""grnwt"": 515.7057571411133, ""xlai"": 0.4786476790904999, ""totir"": 40.0, ""tofer"": NaN, ""swfac"": 0.0, ""nstres"": 0.3603706955909729}",0.0,0.3603706955909729,3414.3130493164062,515.7057571411133,0.4786476790904999,40.0,,0.0,0.0,40.0,0.0,5.463554382324219,21.46355438232422,Leave_One_experiments/all_year_offline_schedule_search/daily_outputs/SYA/SYA_2017_SYA2017_stress_grid_S0007_daily.csv
SYA,SYA,Shenyang,2017,Leave_One_experiments\wth_generated_qc\SYA\SYA2017.WTH,dry_year;water_stress_year;nitrogen_stress_year;irrigation_responsive_year,irrigation_responsive,SYA2017_stress_grid_S0007,pareto_balanced,2017-07-25,206,101,96,"{""sim_day"": 101.0, ""doy"": 206.0, ""topwt"": 3467.973022460937, ""grnwt"": 592.6330184936523, ""xlai"": 0.4633356928825378, ""totir"": 40.0, ""tofer"": NaN, ""swfac"": 0.0, ""nstres"": 0.3677624464035034}",0.0,0.3677624464035034,3467.973022460937,592.6330184936523,0.4633356928825378,40.0,,0.0,0.0,40.0,0.0,5.463554382324219,21.46355438232422,Leave_One_experiments/all_year_offline_schedule_search/daily_outputs/SYA/SYA_2017_SYA2017_stress_grid_S0007_daily.csv
SYA,SYA,Shenyang,2017,Leave_One_experiments\wth_generated_qc\SYA\SYA2017.WTH,dry_year;water_stress_year;nitrogen_stress_year;irrigation_responsive_year,irrigation_responsive,SYA2017_stress_grid_S0007,pareto_balanced,2017-07-26,207,102,97,"{""sim_day"": 102.0, ""doy"": 207.0, ""topwt"": 3514.871826171875, ""grnwt"": 669.5603179931641, ""xlai"": 0.4483401179313659, ""totir"": 40.0, ""tofer"": NaN, ""swfac"": 0.0, ""nstres"": 0.3767459392547607}",0.0,0.3767459392547607,3514.871826171875,669.5603179931641,0.4483401179313659,40.0,,0.0,0.0,40.0,0.0,5.463554382324219,21.46355438232422,Leave_One_experiments/all_year_offline_schedule_search/daily_outputs/SYA/SYA_2017_SYA2017_stress_grid_S0007_daily.csv
SYA,SYA,Shenyang,2017,Leave_One_experiments\wth_generated_qc\SYA\SYA2017.WTH,dry_year;water_stress_year;nitrogen_stress_year;irrigation_responsive_year,irrigation_responsive,SYA2017_stress_grid_S0007,pareto_balanced,2017-07-27,208,103,98,"{""sim_day"": 103.0, ""doy"": 208.0, ""topwt"": 3602.9684448242183, ""grnwt"": 746.4875793457031, ""xlai"": 0.4339030683040619, ""totir"": 40.0, ""tofer"": NaN, ""swfac"": 0.0, ""nstres"": 0.3728275299072265}",0.0,0.3728275299072265,3602.9684448242183,746.4875793457031,0.4339030683040619,40.0,,0.0,0.0,40.0,0.0,5.463554382324219,21.46355438232422,Leave_One_experiments/all_year_offline_schedule_search/daily_outputs/SYA/SYA_2017_SYA2017_stress_grid_S0007_daily.csv
SYA,SYA,Shenyang,2017,Leave_One_experiments\wth_generated_qc\SYA\SYA2017.WTH,dry_year;water_stress_year;nitrogen_stress_year;irrigation_responsive_year,irrigation_responsive,SYA2017_stress_grid_S0007,pareto_balanced,2017-07-28,209,104,99,"{""sim_day"": 104.0, ""doy"": 209.0, ""topwt"": 3683.0838012695312, ""grnwt"": 823.4147644042969, ""xlai"": 0.4200564920902252, ""totir"": 40.0, ""tofer"": NaN, ""swfac"": 0.0, ""nstres"": 0.3658785223960876}",0.0,0.3658785223960876,3683.0838012695312,823.4147644042969,0.4200564920902252,40.0,,0.0,0.0,40.0,0.0,5.463554382324219,21.46355438232422,Leave_One_experiments/all_year_offline_schedule_search/daily_outputs/SYA/SYA_2017_SYA2017_stress_grid_S0007_daily.csv
SYA,SYA,Shenyang,2017,Leave_One_experiments\wth_generated_qc\SYA\SYA2017.WTH,dry_year;water_stress_year;nitrogen_stress_year;irrigation_responsive_year,irrigation_responsive,SYA2017_stress_grid_S0007,pareto_balanced,2017-07-29,210,105,100,"{""sim_day"": 105.0, ""doy"": 210.0, ""topwt"": 3765.893249511719, ""grnwt"": 900.3420257568359, ""xlai"": 0.406495988368988, ""totir"": 40.0, ""tofer"": NaN, ""swfac"": 0.0, ""nstres"": 0.3747808933258056}",0.0,0.3747808933258056,3765.893249511719,900.3420257568359,0.406495988368988,40.0,,0.0,0.0,40.0,0.0,5.463554382324219,21.46355438232422,Leave_One_experiments/all_year_offline_schedule_search/daily_outputs/SYA/SYA_2017_SYA2017_stress_grid_S0007_daily.csv
SYA,SYA,Shenyang,2017,Leave_One_experiments\wth_generated_qc\SYA\SYA2017.WTH,dry_year;water_stress_year;nitrogen_stress_year;irrigation_responsive_year,irrigation_responsive,SYA2017_stress_grid_S0007,pareto_balanced,2017-07-30,211,106,101,"{""sim_day"": 106.0, ""doy"": 211.0, ""topwt"": 3847.1902465820312, ""grnwt"": 977.269287109375, ""xlai"": 0.3932625651359558, ""totir"": 40.0, ""tofer"": NaN, ""swfac"": 0.0, ""nstres"": 0.3813144564628601}",0.0,0.3813144564628601,3847.1902465820312,977.269287109375,0.3932625651359558,40.0,,0.0,0.0,40.0,0.0,5.463554382324219,21.46355438232422,Leave_One_experiments/all_year_offline_schedule_search/daily_outputs/SYA/SYA_2017_SYA2017_stress_grid_S0007_daily.csv
SYA,SYA,Shenyang,2017,Leave_One_experiments\wth_generated_qc\SYA\SYA2017.WTH,dry_year;water_stress_year;nitrogen_stress_year;irrigation_responsive_year,irrigation_responsive,SYA2017_stress_grid_S0007,pareto_balanced,2017-07-31,212,107,102,"{""sim_day"": 107.0, ""doy"": 212.0, ""topwt"": 3908.9154052734375, ""grnwt"": 1054.1964721679688, ""xlai"": 0.3803302645683288, ""totir"": 40.0, ""tofer"": NaN, ""swfac"": 0.0, ""nstres"": 0.3892340660095215}",0.0,0.3892340660095215,3908.9154052734375,1054.1964721679688,0.3803302645683288,40.0,,0.0,0.0,40.0,0.0,5.463554382324219,21.46355438232422,Leave_One_experiments/all_year_offline_schedule_search/daily_outputs/SYA/SYA_2017_SYA2017_stress_grid_S0007_daily.csv
SYA,SYA,Shenyang,2017,Leave_One_experiments\wth_generated_qc\SYA\SYA2017.WTH,dry_year;water_stress_year;nitrogen_stress_year;irrigation_responsive_year,irrigation_responsive,SYA2017_stress_grid_S0007,pareto_balanced,2017-08-01,213,108,103,"{""sim_day"": 108.0, ""doy"": 213.0, ""topwt"": 3942.660827636719, ""grnwt"": 1129.681396484375, ""xlai"": 0.3677271008491516, ""totir"": 40.0, ""tofer"": NaN, ""swfac"": 0.0, ""nstres"": 0.3952953219413757}",0.0,0.3952953219413757,3942.660827636719,1129.681396484375,0.3677271008491516,40.0,,0.0,0.0,40.0,0.0,5.463554382324219,21.46355438232422,Leave_One_experiments/all_year_offline_schedule_search/daily_outputs/SYA/SYA_2017_SYA2017_stress_grid_S0007_daily.csv
SYA,SYA,Shenyang,2017,Leave_One_experiments\wth_generated_qc\SYA\SYA2017.WTH,dry_year;water_stress_year;nitrogen_stress_year;irrigation_responsive_year,irrigation_responsive,SYA2017_stress_grid_S0007,pareto_balanced,2017-08-02,214,109,104,"{""sim_day"": 109.0, ""doy"": 214.0, ""topwt"": 3963.9682006835938, ""grnwt"": 1206.6085815429688, ""xlai"": 0.3555710315704345, ""totir"": 40.0, ""tofer"": NaN, ""swfac"": 0.0, ""nstres"": 0.3933729529380798}",0.0,0.3933729529380798,3963.9682006835938,1206.6085815429688,0.3555710315704345,40.0,,0.0,0.0,40.0,0.0,5.463554382324219,21.46355438232422,Leave_One_experiments/all_year_offline_schedule_search/daily_outputs/SYA/SYA_2017_SYA2017_stress_grid_S0007_daily.csv
SYA,SYA,Shenyang,2017,Leave_One_experiments\wth_generated_qc\SYA\SYA2017.WTH,dry_year;water_stress_year;nitrogen_stress_year;irrigation_responsive_year,irrigation_responsive,SYA2017_stress_grid_S0007,pareto_balanced,2017-08-03,215,110,105,"{""sim_day"": 110.0, ""doy"": 215.0, ""topwt"": 4030.6048583984375, ""grnwt"": 1279.689483642578, ""xlai"": 0.3439978063106537, ""totir"": 40.0, ""tofer"": NaN, ""swfac"": 0.0, ""nstres"": 0.381159245967865}",0.0,0.381159245967865,4030.6048583984375,1279.689483642578,0.3439978063106537,40.0,,0.0,0.0,40.0,0.0,5.463554382324219,21.46355438232422,Leave_One_experiments/all_year_offline_schedule_search/daily_outputs/SYA/SYA_2017_SYA2017_stress_grid_S0007_daily.csv
SYA,SYA,Shenyang,2017,Leave_One_experiments\wth_generated_qc\SYA\SYA2017.WTH,dry_year;water_stress_year;nitrogen_stress_year;irrigation_responsive_year,irrigation_responsive,SYA2017_stress_grid_S0007,pareto_balanced,2017-08-04,216,111,106,"{""sim_day"": 111.0, ""doy"": 216.0, ""topwt"": 4072.889709472656, ""grnwt"": 1356.616668701172, ""xlai"": 0.3330784738063812, ""totir"": 40.0, ""tofer"": NaN, ""swfac"": 0.0, ""nstres"": 0.3618184924125671}",0.0,0.3618184924125671,4072.889709472656,1356.616668701172,0.3330784738063812,40.0,,0.0,0.0,40.0,0.0,5.463554382324219,21.46355438232422,Leave_One_experiments/all_year_offline_schedule_search/daily_outputs/SYA/SYA_2017_SYA2017_stress_grid_S0007_daily.csv
SYA,SYA,Shenyang,2017,Leave_One_experiments\wth_generated_qc\SYA\SYA2017.WTH,dry_year;water_stress_year;nitrogen_stress_year;irrigation_responsive_year,irrigation_responsive,SYA2017_stress_grid_S0007,pareto_balanced,2017-08-05,217,112,107,"{""sim_day"": 112.0, ""doy"": 217.0, ""topwt"": 4116.469421386719, ""grnwt"": 1433.5440063476562, ""xlai"": 0.3224143981933594, ""totir"": 40.0, ""tofer"": NaN, ""swfac"": 0.0, ""nstres"": 0.3684013485908508}",0.0,0.3684013485908508,4116.469421386719,1433.5440063476562,0.3224143981933594,40.0,,0.0,0.0,40.0,0.0,5.463554382324219,21.46355438232422,Leave_One_experiments/all_year_offline_schedule_search/daily_outputs/SYA/SYA_2017_SYA2017_stress_grid_S0007_daily.csv
SYA,SYA,Shenyang,2017,Leave_One_experiments\wth_generated_qc\SYA\SYA2017.WTH,dry_year;water_stress_year;nitrogen_stress_year;irrigation_responsive_year,irrigation_responsive,SYA2017_stress_grid_S0007,pareto_balanced,2017-08-06,218,113,108,"{""sim_day"": 113.0, ""doy"": 218.0, ""topwt"": 4153.727722167969, ""grnwt"": 1510.4713439941406, ""xlai"": 0.3121560513973236, ""totir"": 40.0, ""tofer"": NaN, ""swfac"": 0.0, ""nstres"": 0.3636176586151123}",0.0,0.3636176586151123,4153.727722167969,1510.4713439941406,0.3121560513973236,40.0,,0.0,0.0,40.0,0.0,5.463554382324219,21.46355438232422,Leave_One_experiments/all_year_offline_schedule_search/daily_outputs/SYA/SYA_2017_SYA2017_stress_grid_S0007_daily.csv
SYA,SYA,Shenyang,2017,Leave_One_experiments\wth_generated_qc\SYA\SYA2017.WTH,dry_year;water_stress_year;nitrogen_stress_year;irrigation_responsive_year,irrigation_responsive,SYA2017_stress_grid_S0007,pareto_balanced,2017-08-07,219,114,109,"{""sim_day"": 114.0, ""doy"": 219.0, ""topwt"": 4219.453430175781, ""grnwt"": 1587.3985290527344, ""xlai"": 0.3022885024547577, ""totir"": 40.0, ""tofer"": NaN, ""swfac"": 0.0, ""nstres"": 0.3586674928665161}",0.0,0.3586674928665161,4219.453430175781,1587.3985290527344,0.3022885024547577,40.0,,0.0,0.0,40.0,0.0,5.463554382324219,21.46355438232422,Leave_One_experiments/all_year_offline_schedule_search/daily_outputs/SYA/SYA_2017_SYA2017_stress_grid_S0007_daily.csv
SYA,SYA,Shenyang,2017,Leave_One_experiments\wth_generated_qc\SYA\SYA2017.WTH,dry_year;water_stress_year;nitrogen_stress_year;irrigation_responsive_year,irrigation_responsive,SYA2017_stress_grid_S0007,pareto_balanced,2017-08-08,220,115,110,"{""sim_day"": 115.0, ""doy"": 220.0, ""topwt"": 4271.158447265625, ""grnwt"": 1664.3258666992188, ""xlai"": 0.2928206324577331, ""totir"": 40.0, ""tofer"": NaN, ""swfac"": 0.0, ""nstres"": 0.3516916036605835}",0.0,0.3516916036605835,4271.158447265625,1664.3258666992188,0.2928206324577331,40.0,,0.0,0.0,40.0,0.0,5.463554382324219,21.46355438232422,Leave_One_experiments/all_year_offline_schedule_search/daily_outputs/SYA/SYA_2017_SYA2017_stress_grid_S0007_daily.csv
SYA,SYA,Shenyang,2017,Leave_One_experiments\wth_generated_qc\SYA\SYA2017.WTH,dry_year;water_stress_year;nitrogen_stress_year;irrigation_responsive_year,irrigation_responsive,SYA2017_stress_grid_S0007,pareto_balanced,2017-08-09,221,116,111,"{""sim_day"": 116.0, ""doy"": 221.0, ""topwt"": 4308.63525390625, ""grnwt"": 1741.2532043457031, ""xlai"": 0.2835361659526825, ""totir"": 40.0, ""tofer"": NaN, ""swfac"": 0.0, ""nstres"": 0.3609696626663208}",0.0,0.3609696626663208,4308.63525390625,1741.2532043457031,0.2835361659526825,40.0,,0.0,0.0,40.0,0.0,5.463554382324219,21.46355438232422,Leave_One_experiments/all_year_offline_schedule_search/daily_outputs/SYA/SYA_2017_SYA2017_stress_grid_S0007_daily.csv
SYA,SYA,Shenyang,2017,Leave_One_experiments\wth_generated_qc\SYA\SYA2017.WTH,dry_year;water_stress_year;nitrogen_stress_year;irrigation_responsive_year,irrigation_responsive,SYA2017_stress_grid_S0007,pareto_balanced,2017-08-10,222,117,112,"{""sim_day"": 117.0, ""doy"": 222.0, ""topwt"": 4358.251953125, ""grnwt"": 1818.1805419921875, ""xlai"": 0.274541825056076, ""totir"": 40.0, ""tofer"": NaN, ""swfac"": 0.0, ""nstres"": 0.3613309264183044}",0.0,0.3613309264183044,4358.251953125,1818.1805419921875,0.274541825056076,40.0,,0.0,0.0,40.0,0.0,5.463554382324219,21.46355438232422,Leave_One_experiments/all_year_offline_schedule_search/daily_outputs/SYA/SYA_2017_SYA2017_stress_grid_S0007_daily.csv
SYA,SYA,Shenyang,2017,Leave_One_experiments\wth_generated_qc\SYA\SYA2017.WTH,dry_year;water_stress_year;nitrogen_stress_year;irrigation_responsive_year,irrigation_responsive,SYA2017_stress_grid_S0007,pareto_balanced,2017-08-11,223,118,113,"{""sim_day"": 118.0, ""doy"": 223.0, ""topwt"": 4397.9229736328125, ""grnwt"": 1890.2999877929688, ""xlai"": 0.2659022212028503, ""totir"": 40.0, ""tofer"": NaN, ""swfac"": 0.0, ""nstres"": 0.3552596569061279}",0.0,0.3552596569061279,4397.9229736328125,1890.2999877929688,0.2659022212028503,40.0,,0.0,0.0,40.0,0.0,5.463554382324219,21.46355438232422,Leave_One_experiments/all_year_offline_schedule_search/daily_outputs/SYA/SYA_2017_SYA2017_stress_grid_S0007_daily.csv
SYA,SYA,Shenyang,2017,Leave_One_experiments\wth_generated_qc\SYA\SYA2017.WTH,dry_year;water_stress_year;nitrogen_stress_year;irrigation_responsive_year,irrigation_responsive,SYA2017_stress_grid_S0007,pareto_balanced,2017-08-12,224,119,114,"{""sim_day"": 119.0, ""doy"": 224.0, ""topwt"": 4455.464172363281, ""grnwt"": 1967.2271728515625, ""xlai"": 0.2575465142726898, ""totir"": 40.0, ""tofer"": NaN, ""swfac"": 0.0, ""nstres"": 0.3541759848594665}",0.0,0.3541759848594665,4455.464172363281,1967.2271728515625,0.2575465142726898,40.0,,0.0,0.0,40.0,0.0,5.463554382324219,21.46355438232422,Leave_One_experiments/all_year_offline_schedule_search/daily_outputs/SYA/SYA_2017_SYA2017_stress_grid_S0007_daily.csv
SYA,SYA,Shenyang,2017,Leave_One_experiments\wth_generated_qc\SYA\SYA2017.WTH,dry_year;water_stress_year;nitrogen_stress_year;irrigation_responsive_year,irrigation_responsive,SYA2017_stress_grid_S0007,pareto_balanced,2017-08-13,225,120,115,"{""sim_day"": 120.0, ""doy"": 225.0, ""topwt"": 4469.608154296875, ""grnwt"": 2044.1545104980469, ""xlai"": 0.2494499236345291, ""totir"": 40.0, ""tofer"": NaN, ""swfac"": 0.0, ""nstres"": 0.3544957041740417}",0.0,0.3544957041740417,4469.608154296875,2044.1545104980469,0.2494499236345291,40.0,,0.0,0.0,40.0,0.0,5.463554382324219,21.46355438232422,Leave_One_experiments/all_year_offline_schedule_search/daily_outputs/SYA/SYA_2017_SYA2017_stress_grid_S0007_daily.csv
SYA,SYA,Shenyang,2017,Leave_One_experiments\wth_generated_qc\SYA\SYA2017.WTH,dry_year;water_stress_year;nitrogen_stress_year;irrigation_responsive_year,irrigation_responsive,SYA2017_stress_grid_S0007,pareto_balanced,2017-08-14,226,121,116,"{""sim_day"": 121.0, ""doy"": 226.0, ""topwt"": 4499.696350097656, ""grnwt"": 2121.0818481445312, ""xlai"": 0.2415272444486618, ""totir"": 40.0, ""tofer"": NaN, ""swfac"": 0.0, ""nstres"": 0.3622568249702453}",0.0,0.3622568249702453,4499.696350097656,2121.0818481445312,0.2415272444486618,40.0,,0.0,0.0,40.0,0.0,5.463554382324219,21.46355438232422,Leave_One_experiments/all_year_offline_schedule_search/daily_outputs/SYA/SYA_2017_SYA2017_stress_grid_S0007_daily.csv
SYA,SYA,Shenyang,2017,Leave_One_experiments\wth_generated_qc\SYA\SYA2017.WTH,dry_year;water_stress_year;nitrogen_stress_year;irrigation_responsive_year,irrigation_responsive,SYA2017_stress_grid_S0007,pareto_balanced,2017-08-15,227,122,117,"{""sim_day"": 122.0, ""doy"": 227.0, ""topwt"": 4541.471252441406, ""grnwt"": 2198.009185791016, ""xlai"": 0.2340359538793563, ""totir"": 40.0, ""tofer"": NaN, ""swfac"": 0.0, ""nstres"": 0.3443884253501892}",0.0,0.3443884253501892,4541.471252441406,2198.009185791016,0.2340359538793563,40.0,,0.0,0.0,40.0,0.0,5.463554382324219,21.46355438232422,Leave_One_experiments/all_year_offline_schedule_search/daily_outputs/SYA/SYA_2017_SYA2017_stress_grid_S0007_daily.csv
SYA,SYA,Shenyang,2017,Leave_One_experiments\wth_generated_qc\SYA\SYA2017.WTH,dry_year;water_stress_year;nitrogen_stress_year;irrigation_responsive_year,irrigation_responsive,SYA2017_stress_grid_S0007,pareto_balanced,2017-08-16,228,123,118,"{""sim_day"": 123.0, ""doy"": 228.0, ""topwt"": 4562.008056640625, ""grnwt"": 2274.9365234375, ""xlai"": 0.2268191277980804, ""totir"": 40.0, ""tofer"": NaN, ""swfac"": 0.0, ""nstres"": 0.3400736451148987}",0.0,0.3400736451148987,4562.008056640625,2274.9365234375,0.2268191277980804,40.0,,0.0,0.0,40.0,0.0,5.463554382324219,21.46355438232422,Leave_One_experiments/all_year_offline_schedule_search/daily_outputs/SYA/SYA_2017_SYA2017_stress_grid_S0007_daily.csv
SYA,SYA,Shenyang,2017,Leave_One_experiments\wth_generated_qc\SYA\SYA2017.WTH,dry_year;water_stress_year;nitrogen_stress_year;irrigation_responsive_year,irrigation_responsive,SYA2017_stress_grid_S0007,pareto_balanced,2017-08-17,229,124,119,"{""sim_day"": 124.0, ""doy"": 229.0, ""topwt"": 4586.678161621094, ""grnwt"": 2351.8638610839844, ""xlai"": 0.2197700142860412, ""totir"": 40.0, ""tofer"": NaN, ""swfac"": 0.0, ""nstres"": 0.3458794355392456}",0.0,0.3458794355392456,4586.678161621094,2351.8638610839844,0.2197700142860412,40.0,,0.0,0.0,40.0,0.0,5.463554382324219,21.46355438232422,Leave_One_experiments/all_year_offline_schedule_search/daily_outputs/SYA/SYA_2017_SYA2017_stress_grid_S0007_daily.csv
SYA,SYA,Shenyang,2017,Leave_One_experiments\wth_generated_qc\SYA\SYA2017.WTH,dry_year;water_stress_year;nitrogen_stress_year;irrigation_responsive_year,irrigation_responsive,SYA2017_stress_grid_S0007,pareto_balanced,2017-08-18,230,125,120,"{""sim_day"": 125.0, ""doy"": 230.0, ""topwt"": 4632.4993896484375, ""grnwt"": 2428.7911987304688, ""xlai"": 0.212996631860733, ""totir"": 40.0, ""tofer"": NaN, ""swfac"": 0.0, ""nstres"": 0.3396826386451721}",0.0,0.3396826386451721,4632.4993896484375,2428.7911987304688,0.212996631860733,40.0,,0.0,0.0,40.0,0.0,5.463554382324219,21.46355438232422,Leave_One_experiments/all_year_offline_schedule_search/daily_outputs/SYA/SYA_2017_SYA2017_stress_grid_S0007_daily.csv
SYA,SYA,Shenyang,2017,Leave_One_experiments\wth_generated_qc\SYA\SYA2017.WTH,dry_year;water_stress_year;nitrogen_stress_year;irrigation_responsive_year,irrigation_responsive,SYA2017_stress_grid_S0007,pareto_balanced,2017-08-19,231,126,121,"{""sim_day"": 126.0, ""doy"": 231.0, ""topwt"": 4676.697998046875, ""grnwt"": 2505.718536376953, ""xlai"": 0.2063620239496231, ""totir"": 40.0, ""tofer"": NaN, ""swfac"": 0.0, ""nstres"": 0.3475654125213623}",0.0,0.3475654125213623,4676.697998046875,2505.718536376953,0.2063620239496231,40.0,,0.0,0.0,40.0,0.0,5.463554382324219,21.46355438232422,Leave_One_experiments/all_year_offline_schedule_search/daily_outputs/SYA/SYA_2017_SYA2017_stress_grid_S0007_daily.csv
SYA,SYA,Shenyang,2017,Leave_One_experiments\wth_generated_qc\SYA\SYA2017.WTH,dry_year;water_stress_year;nitrogen_stress_year;irrigation_responsive_year,irrigation_responsive,SYA2017_stress_grid_S0007,pareto_balanced,2017-08-20,232,127,122,"{""sim_day"": 127.0, ""doy"": 232.0, ""topwt"": 4716.526184082031, ""grnwt"": 2546.355438232422, ""xlai"": 0.1997037082910537, ""totir"": 40.0, ""tofer"": NaN, ""swfac"": 0.0, ""nstres"": 0.3743612766265869}",0.0,0.3743612766265869,4716.526184082031,2546.355438232422,0.1997037082910537,40.0,,0.0,0.0,40.0,0.0,5.463554382324219,21.46355438232422,Leave_One_experiments/all_year_offline_schedule_search/daily_outputs/SYA/SYA_2017_SYA2017_stress_grid_S0007_daily.csv
SYA,SYA,Shenyang,2017,Leave_One_experiments\wth_generated_qc\SYA\SYA2017.WTH,dry_year;water_stress_year;nitrogen_stress_year;irrigation_responsive_year,irrigation_responsive,SYA2017_stress_grid_S0007,pareto_balanced,2017-08-21,233,128,123,"{""sim_day"": 128.0, ""doy"": 233.0, ""topwt"": 4716.526184082031, ""grnwt"": 2546.355438232422, ""xlai"": 0.1997037082910537, ""totir"": 40.0, ""tofer"": NaN, ""swfac"": 0.0, ""nstres"": 0.346108615398407}",0.0,0.346108615398407,4716.526184082031,2546.355438232422,0.1997037082910537,40.0,,0.0,0.0,40.0,0.0,5.463554382324219,21.46355438232422,Leave_One_experiments/all_year_offline_schedule_search/daily_outputs/SYA/SYA_2017_SYA2017_stress_grid_S0007_daily.csv
SYA,SYA,Shenyang,2017,Leave_One_experiments\wth_generated_qc\SYA\SYA2017.WTH,dry_year;water_stress_year;nitrogen_stress_year;irrigation_responsive_year,irrigation_responsive,SYA2017_stress_grid_S0007,pareto_balanced,2017-08-22,234,129,124,"{""sim_day"": 129.0, ""doy"": 234.0, ""topwt"": 4716.526184082031, ""grnwt"": 2546.355438232422, ""xlai"": 0.1997037082910537, ""totir"": 40.0, ""tofer"": NaN, ""swfac"": 0.0, ""nstres"": 0.346108615398407}",0.0,0.346108615398407,4716.526184082031,2546.355438232422,0.1997037082910537,40.0,,0.0,0.0,40.0,0.0,5.463554382324219,21.46355438232422,Leave_One_experiments/all_year_offline_schedule_search/daily_outputs/SYA/SYA_2017_SYA2017_stress_grid_S0007_daily.csv
SYA,SYA,Shenyang,2017,Leave_One_experiments\wth_generated_qc\SYA\SYA2017.WTH,dry_year;water_stress_year;nitrogen_stress_year;irrigation_responsive_year,irrigation_responsive,SYA2017_stress_grid_S0007,pareto_balanced,2017-08-23,235,130,125,"{""sim_day"": 130.0, ""doy"": 235.0, ""topwt"": 4716.526184082031, ""grnwt"": 2546.355438232422, ""xlai"": 0.1997037082910537, ""totir"": 40.0, ""tofer"": NaN, ""swfac"": 0.0, ""nstres"": 0.346108615398407}",0.0,0.346108615398407,4716.526184082031,2546.355438232422,0.1997037082910537,40.0,,0.0,0.0,40.0,0.0,5.463554382324219,21.46355438232422,Leave_One_experiments/all_year_offline_schedule_search/daily_outputs/SYA/SYA_2017_SYA2017_stress_grid_S0007_daily.csv
SYA,SYA,Shenyang,2017,Leave_One_experiments\wth_generated_qc\SYA\SYA2017.WTH,dry_year;water_stress_year;nitrogen_stress_year;irrigation_responsive_year,irrigation_responsive,SYA2017_stress_grid_S0001,top_profit_low_water,2017-04-21,111,1,1,"{""sim_day"": 1.0, ""doy"": 111.0, ""topwt"": 0.0, ""grnwt"": 0.0, ""xlai"": 0.0, ""totir"": 0.0, ""tofer"": NaN, ""swfac"": 0.0, ""nstres"": 0.0}",0.0,0.0,0.0,0.0,0.0,0.0,,0.0,0.0,0.0,0.0,22.939288330078124,22.939288330078124,Leave_One_experiments/all_year_offline_schedule_search/daily_outputs/SYA/SYA_2017_SYA2017_stress_grid_S0001_daily.csv
SYA,SYA,Shenyang,2017,Leave_One_experiments\wth_generated_qc\SYA\SYA2017.WTH,dry_year;water_stress_year;nitrogen_stress_year;irrigation_responsive_year,irrigation_responsive,SYA2017_stress_grid_S0001,top_profit_low_water,2017-04-22,112,2,2,"{""sim_day"": 2.0, ""doy"": 112.0, ""topwt"": 0.0, ""grnwt"": 0.0, ""xlai"": 0.0, ""totir"": 0.0, ""tofer"": NaN, ""swfac"": 0.0, ""nstres"": 0.0}",0.0,0.0,0.0,0.0,0.0,0.0,,0.0,0.0,0.0,0.0,22.939288330078124,22.939288330078124,Leave_One_experiments/all_year_offline_schedule_search/daily_outputs/SYA/SYA_2017_SYA2017_stress_grid_S0001_daily.csv
SYA,SYA,Shenyang,2017,Leave_One_experiments\wth_generated_qc\SYA\SYA2017.WTH,dry_year;water_stress_year;nitrogen_stress_year;irrigation_responsive_year,irrigation_responsive,SYA2017_stress_grid_S0001,top_profit_low_water,2017-04-23,113,3,3,"{""sim_day"": 3.0, ""doy"": 113.0, ""topwt"": 0.0, ""grnwt"": 0.0, ""xlai"": 0.0, ""totir"": 0.0, ""tofer"": NaN, ""swfac"": 0.0, ""nstres"": 0.0}",0.0,0.0,0.0,0.0,0.0,0.0,,0.0,0.0,0.0,0.0,22.939288330078124,22.939288330078124,Leave_One_experiments/all_year_offline_schedule_search/daily_outputs/SYA/SYA_2017_SYA2017_stress_grid_S0001_daily.csv
SYA,SYA,Shenyang,2017,Leave_One_experiments\wth_generated_qc\SYA\SYA2017.WTH,dry_year;water_stress_year;nitrogen_stress_year;irrigation_responsive_year,irrigation_responsive,SYA2017_stress_grid_S0001,top_profit_low_water,2017-04-24,114,4,4,"{""sim_day"": 4.0, ""doy"": 114.0, ""topwt"": 0.0, ""grnwt"": 0.0, ""xlai"": 0.0, ""totir"": 0.0, ""tofer"": NaN, ""swfac"": 0.0, ""nstres"": 0.0}",0.0,0.0,0.0,0.0,0.0,0.0,,0.0,0.0,0.0,0.0,22.939288330078124,22.939288330078124,Leave_One_experiments/all_year_offline_schedule_search/daily_outputs/SYA/SYA_2017_SYA2017_stress_grid_S0001_daily.csv
SYA,SYA,Shenyang,2017,Leave_One_experiments\wth_generated_qc\SYA\SYA2017.WTH,dry_year;water_stress_year;nitrogen_stress_year;irrigation_responsive_year,irrigation_responsive,SYA2017_stress_grid_S0001,top_profit_low_water,2017-04-25,115,5,5,"{""sim_day"": 5.0, ""doy"": 115.0, ""topwt"": 0.0, ""grnwt"": 0.0, ""xlai"": 0.0, ""totir"": 0.0, ""tofer"": NaN, ""swfac"": 0.0, ""nstres"": 0.0}",0.0,0.0,0.0,0.0,0.0,0.0,,0.0,0.0,0.0,0.0,22.939288330078124,22.939288330078124,Leave_One_experiments/all_year_offline_schedule_search/daily_outputs/SYA/SYA_2017_SYA2017_stress_grid_S0001_daily.csv
SYA,SYA,Shenyang,2017,Leave_One_experiments\wth_generated_qc\SYA\SYA2017.WTH,dry_year;water_stress_year;nitrogen_stress_year;irrigation_responsive_year,irrigation_responsive,SYA2017_stress_grid_S0001,top_profit_low_water,2017-04-21,111,6,1,"{""sim_day"": 6.0, ""doy"": 111.0, ""topwt"": 0.0, ""grnwt"": 0.0, ""xlai"": 0.0, ""totir"": 0.0, ""tofer"": NaN, ""swfac"": 0.0, ""nstres"": 0.0}",0.0,0.0,0.0,0.0,0.0,0.0,,0.0,0.0,0.0,0.0,22.939288330078124,22.939288330078124,Leave_One_experiments/all_year_offline_schedule_search/daily_outputs/SYA/SYA_2017_SYA2017_stress_grid_S0001_daily.csv
SYA,SYA,Shenyang,2017,Leave_One_experiments\wth_generated_qc\SYA\SYA2017.WTH,dry_year;water_stress_year;nitrogen_stress_year;irrigation_responsive_year,irrigation_responsive,SYA2017_stress_grid_S0001,top_profit_low_water,2017-04-22,112,7,2,"{""sim_day"": 7.0, ""doy"": 112.0, ""topwt"": 0.0, ""grnwt"": 0.0, ""xlai"": 0.0, ""totir"": 0.0, ""tofer"": NaN, ""swfac"": 0.0, ""nstres"": 0.0}",0.0,0.0,0.0,0.0,0.0,0.0,,0.0,0.0,0.0,0.0,22.939288330078124,22.939288330078124,Leave_One_experiments/all_year_offline_schedule_search/daily_outputs/SYA/SYA_2017_SYA2017_stress_grid_S0001_daily.csv
SYA,SYA,Shenyang,2017,Leave_One_experiments\wth_generated_qc\SYA\SYA2017.WTH,dry_year;water_stress_year;nitrogen_stress_year;irrigation_responsive_year,irrigation_responsive,SYA2017_stress_grid_S0001,top_profit_low_water,2017-04-23,113,8,3,"{""sim_day"": 8.0, ""doy"": 113.0, ""topwt"": 0.0, ""grnwt"": 0.0, ""xlai"": 0.0, ""totir"": 0.0, ""tofer"": NaN, ""swfac"": 0.0, ""nstres"": 0.0}",0.0,0.0,0.0,0.0,0.0,0.0,,0.0,0.0,0.0,0.0,22.939288330078124,22.939288330078124,Leave_One_experiments/all_year_offline_schedule_search/daily_outputs/SYA/SYA_2017_SYA2017_stress_grid_S0001_daily.csv
SYA,SYA,Shenyang,2017,Leave_One_experiments\wth_generated_qc\SYA\SYA2017.WTH,dry_year;water_stress_year;nitrogen_stress_year;irrigation_responsive_year,irrigation_responsive,SYA2017_stress_grid_S0001,top_profit_low_water,2017-04-24,114,9,4,"{""sim_day"": 9.0, ""doy"": 114.0, ""topwt"": 0.0, ""grnwt"": 0.0, ""xlai"": 0.0, ""totir"": 0.0, ""tofer"": NaN, ""swfac"": 0.0, ""nstres"": 0.0}",0.0,0.0,0.0,0.0,0.0,0.0,,0.0,0.0,0.0,0.0,22.939288330078124,22.939288330078124,Leave_One_experiments/all_year_offline_schedule_search/daily_outputs/SYA/SYA_2017_SYA2017_stress_grid_S0001_daily.csv
SYA,SYA,Shenyang,2017,Leave_One_experiments\wth_generated_qc\SYA\SYA2017.WTH,dry_year;water_stress_year;nitrogen_stress_year;irrigation_responsive_year,irrigation_responsive,SYA2017_stress_grid_S0001,top_profit_low_water,2017-04-25,115,10,5,"{""sim_day"": 10.0, ""doy"": 115.0, ""topwt"": 0.0, ""grnwt"": 0.0, ""xlai"": 0.0, ""totir"": 0.0, ""tofer"": NaN, ""swfac"": 0.0, ""nstres"": 0.0}",0.0,0.0,0.0,0.0,0.0,0.0,,0.0,0.0,0.0,0.0,22.939288330078124,22.939288330078124,Leave_One_experiments/all_year_offline_schedule_search/daily_outputs/SYA/SYA_2017_SYA2017_stress_grid_S0001_daily.csv
SYA,SYA,Shenyang,2017,Leave_One_experiments\wth_generated_qc\SYA\SYA2017.WTH,dry_year;water_stress_year;nitrogen_stress_year;irrigation_responsive_year,irrigation_responsive,SYA2017_stress_grid_S0001,top_profit_low_water,2017-04-26,116,11,6,"{""sim_day"": 11.0, ""doy"": 116.0, ""topwt"": 0.0, ""grnwt"": 0.0, ""xlai"": 0.0, ""totir"": 0.0, ""tofer"": NaN, ""swfac"": 0.0, ""nstres"": 0.0}",0.0,0.0,0.0,0.0,0.0,0.0,,0.0,0.0,0.0,0.0,22.939288330078124,22.939288330078124,Leave_One_experiments/all_year_offline_schedule_search/daily_outputs/SYA/SYA_2017_SYA2017_stress_grid_S0001_daily.csv
SYA,SYA,Shenyang,2017,Leave_One_experiments\wth_generated_qc\SYA\SYA2017.WTH,dry_year;water_stress_year;nitrogen_stress_year;irrigation_responsive_year,irrigation_responsive,SYA2017_stress_grid_S0001,top_profit_low_water,2017-04-27,117,12,7,"{""sim_day"": 12.0, ""doy"": 117.0, ""topwt"": 0.0, ""grnwt"": 0.0, ""xlai"": 0.0, ""totir"": 0.0, ""tofer"": NaN, ""swfac"": 0.0, ""nstres"": 0.0}",0.0,0.0,0.0,0.0,0.0,0.0,,0.0,0.0,0.0,0.0,22.939288330078124,22.939288330078124,Leave_One_experiments/all_year_offline_schedule_search/daily_outputs/SYA/SYA_2017_SYA2017_stress_grid_S0001_daily.csv
SYA,SYA,Shenyang,2017,Leave_One_experiments\wth_generated_qc\SYA\SYA2017.WTH,dry_year;water_stress_year;nitrogen_stress_year;irrigation_responsive_year,irrigation_responsive,SYA2017_stress_grid_S0001,top_profit_low_water,2017-04-28,118,13,8,"{""sim_day"": 13.0, ""doy"": 118.0, ""topwt"": 0.0, ""grnwt"": 0.0, ""xlai"": 0.0, ""totir"": 0.0, ""tofer"": NaN, ""swfac"": 0.0, ""nstres"": 0.0}",0.0,0.0,0.0,0.0,0.0,0.0,,0.0,0.0,0.0,0.0,22.939288330078124,22.939288330078124,Leave_One_experiments/all_year_offline_schedule_search/daily_outputs/SYA/SYA_2017_SYA2017_stress_grid_S0001_daily.csv
SYA,SYA,Shenyang,2017,Leave_One_experiments\wth_generated_qc\SYA\SYA2017.WTH,dry_year;water_stress_year;nitrogen_stress_year;irrigation_responsive_year,irrigation_responsive,SYA2017_stress_grid_S0001,top_profit_low_water,2017-04-29,119,14,9,"{""sim_day"": 14.0, ""doy"": 119.0, ""topwt"": 0.0, ""grnwt"": 0.0, ""xlai"": 0.0, ""totir"": 0.0, ""tofer"": NaN, ""swfac"": 0.0, ""nstres"": 0.0}",0.0,0.0,0.0,0.0,0.0,0.0,,0.0,0.0,0.0,0.0,22.939288330078124,22.939288330078124,Leave_One_experiments/all_year_offline_schedule_search/daily_outputs/SYA/SYA_2017_SYA2017_stress_grid_S0001_daily.csv
SYA,SYA,Shenyang,2017,Leave_One_experiments\wth_generated_qc\SYA\SYA2017.WTH,dry_year;water_stress_year;nitrogen_stress_year;irrigation_responsive_year,irrigation_responsive,SYA2017_stress_grid_S0001,top_profit_low_water,2017-04-30,120,15,10,"{""sim_day"": 15.0, ""doy"": 120.0, ""topwt"": 0.0, ""grnwt"": 0.0, ""xlai"": 0.0, ""totir"": 0.0, ""tofer"": NaN, ""swfac"": 0.0, ""nstres"": 0.0}",0.0,0.0,0.0,0.0,0.0,0.0,,0.0,0.0,0.0,0.0,22.939288330078124,22.939288330078124,Leave_One_experiments/all_year_offline_schedule_search/daily_outputs/SYA/SYA_2017_SYA2017_stress_grid_S0001_daily.csv
SYA,SYA,Shenyang,2017,Leave_One_experiments\wth_generated_qc\SYA\SYA2017.WTH,dry_year;water_stress_year;nitrogen_stress_year;irrigation_responsive_year,irrigation_responsive,SYA2017_stress_grid_S0001,top_profit_low_water,2017-05-01,121,16,11,"{""sim_day"": 16.0, ""doy"": 121.0, ""topwt"": 17.600001096725464, ""grnwt"": 0.0, ""xlai"": 0.0017909093294292, ""totir"": 0.0, ""tofer"": NaN, ""swfac"": 0.0, ""nstres"": 0.0121910572052001}",0.0,0.0121910572052001,17.600001096725464,0.0,0.0017909093294292,0.0,,0.0,0.0,0.0,0.0,22.939288330078124,22.939288330078124,Leave_One_experiments/all_year_offline_schedule_search/daily_outputs/SYA/SYA_2017_SYA2017_stress_grid_S0001_daily.csv
SYA,SYA,Shenyang,2017,Leave_One_experiments\wth_generated_qc\SYA\SYA2017.WTH,dry_year;water_stress_year;nitrogen_stress_year;irrigation_responsive_year,irrigation_responsive,SYA2017_stress_grid_S0001,top_profit_low_water,2017-05-02,122,17,12,"{""sim_day"": 17.0, ""doy"": 122.0, ""topwt"": 17.600001096725464, ""grnwt"": 0.0, ""xlai"": 0.003496044082567, ""totir"": 0.0, ""tofer"": NaN, ""swfac"": 0.0, ""nstres"": 0.0143770575523376}",0.0,0.0143770575523376,17.600001096725464,0.0,0.003496044082567,0.0,,0.0,0.0,0.0,0.0,22.939288330078124,22.939288330078124,Leave_One_experiments/all_year_offline_schedule_search/daily_outputs/SYA/SYA_2017_SYA2017_stress_grid_S0001_daily.csv
SYA,SYA,Shenyang,2017,Leave_One_experiments\wth_generated_qc\SYA\SYA2017.WTH,dry_year;water_stress_year;nitrogen_stress_year;irrigation_responsive_year,irrigation_responsive,SYA2017_stress_grid_S0001,top_profit_low_water,2017-05-03,123,18,13,"{""sim_day"": 18.0, ""doy"": 123.0, ""topwt"": 17.600001096725464, ""grnwt"": 0.0, ""xlai"": 0.0046980665065348, ""totir"": 0.0, ""tofer"": NaN, ""swfac"": 0.0, ""nstres"": 0.0108940005302429}",0.0,0.0108940005302429,17.600001096725464,0.0,0.0046980665065348,0.0,,0.0,0.0,0.0,0.0,22.939288330078124,22.939288330078124,Leave_One_experiments/all_year_offline_schedule_search/daily_outputs/SYA/SYA_2017_SYA2017_stress_grid_S0001_daily.csv
SYA,SYA,Shenyang,2017,Leave_One_experiments\wth_generated_qc\SYA\SYA2017.WTH,dry_year;water_stress_year;nitrogen_stress_year;irrigation_responsive_year,irrigation_responsive,SYA2017_stress_grid_S0001,top_profit_low_water,2017-05-04,124,19,14,"{""sim_day"": 19.0, ""doy"": 124.0, ""topwt"": 17.600001096725464, ""grnwt"": 0.0, ""xlai"": 0.0054182135500013, ""totir"": 0.0, ""tofer"": NaN, ""swfac"": 0.0, ""nstres"": 0.0088577270507812}",0.0,0.0088577270507812,17.600001096725464,0.0,0.0054182135500013,0.0,,0.0,0.0,0.0,0.0,22.939288330078124,22.939288330078124,Leave_One_experiments/all_year_offline_schedule_search/daily_outputs/SYA/SYA_2017_SYA2017_stress_grid_S0001_daily.csv
SYA,SYA,Shenyang,2017,Leave_One_experiments\wth_generated_qc\SYA\SYA2017.WTH,dry_year;water_stress_year;nitrogen_stress_year;irrigation_responsive_year,irrigation_responsive,SYA2017_stress_grid_S0001,top_profit_low_water,2017-05-05,125,20,15,"{""sim_day"": 20.0, ""doy"": 125.0, ""topwt"": 17.600001096725464, ""grnwt"": 0.0, ""xlai"": 0.0061569614335894, ""totir"": 0.0, ""tofer"": NaN, ""swfac"": 0.0, ""nstres"": 0.0068429708480834}",0.0,0.0068429708480834,17.600001096725464,0.0,0.0061569614335894,0.0,,0.0,0.0,0.0,0.0,22.939288330078124,22.939288330078124,Leave_One_experiments/all_year_offline_schedule_search/daily_outputs/SYA/SYA_2017_SYA2017_stress_grid_S0001_daily.csv
SYA,SYA,Shenyang,2017,Leave_One_experiments\wth_generated_qc\SYA\SYA2017.WTH,dry_year;water_stress_year;nitrogen_stress_year;irrigation_responsive_year,irrigation_responsive,SYA2017_stress_grid_S0001,top_profit_low_water,2017-05-06,126,21,16,"{""sim_day"": 21.0, ""doy"": 126.0, ""topwt"": 17.600001096725464, ""grnwt"": 0.0, ""xlai"": 0.0072945640422403, ""totir"": 0.0, ""tofer"": NaN, ""swfac"": 0.0, ""nstres"": 0.003618836402893}",0.0,0.003618836402893,17.600001096725464,0.0,0.0072945640422403,0.0,,0.0,0.0,0.0,0.0,22.939288330078124,22.939288330078124,Leave_One_experiments/all_year_offline_schedule_search/daily_outputs/SYA/SYA_2017_SYA2017_stress_grid_S0001_daily.csv
SYA,SYA,Shenyang,2017,Leave_One_experiments\wth_generated_qc\SYA\SYA2017.WTH,dry_year;water_stress_year;nitrogen_stress_year;irrigation_responsive_year,irrigation_responsive,SYA2017_stress_grid_S0001,top_profit_low_water,2017-05-07,127,22,17,"{""sim_day"": 22.0, ""doy"": 127.0, ""topwt"": 17.600001096725464, ""grnwt"": 0.0, ""xlai"": 0.0094712227582931, ""totir"": 0.0, ""tofer"": NaN, ""swfac"": 0.0, ""nstres"": 0.0}",0.0,0.0,17.600001096725464,0.0,0.0094712227582931,0.0,,0.0,0.0,0.0,0.0,22.939288330078124,22.939288330078124,Leave_One_experiments/all_year_offline_schedule_search/daily_outputs/SYA/SYA_2017_SYA2017_stress_grid_S0001_daily.csv
SYA,SYA,Shenyang,2017,Leave_One_experiments\wth_generated_qc\SYA\SYA2017.WTH,dry_year;water_stress_year;nitrogen_stress_year;irrigation_responsive_year,irrigation_responsive,SYA2017_stress_grid_S0001,top_profit_low_water,2017-05-08,128,23,18,"{""sim_day"": 23.0, ""doy"": 128.0, ""topwt"": 17.600001096725464, ""grnwt"": 0.0, ""xlai"": 0.0115533024072647, ""totir"": 0.0, ""tofer"": NaN, ""swfac"": 0.0, ""nstres"": 0.0}",0.0,0.0,17.600001096725464,0.0,0.0115533024072647,0.0,,0.0,0.0,0.0,0.0,22.939288330078124,22.939288330078124,Leave_One_experiments/all_year_offline_schedule_search/daily_outputs/SYA/SYA_2017_SYA2017_stress_grid_S0001_daily.csv
SYA,SYA,Shenyang,2017,Leave_One_experiments\wth_generated_qc\SYA\SYA2017.WTH,dry_year;water_stress_year;nitrogen_stress_year;irrigation_responsive_year,irrigation_responsive,SYA2017_stress_grid_S0001,top_profit_low_water,2017-05-09,129,24,19,"{""sim_day"": 24.0, ""doy"": 129.0, ""topwt"": 17.600001096725464, ""grnwt"": 0.0, ""xlai"": 0.0177568010985851, ""totir"": 0.0, ""tofer"": NaN, ""swfac"": 0.0, ""nstres"": 0.0}",0.0,0.0,17.600001096725464,0.0,0.0177568010985851,0.0,,0.0,0.0,0.0,0.0,22.939288330078124,22.939288330078124,Leave_One_experiments/all_year_offline_schedule_search/daily_outputs/SYA/SYA_2017_SYA2017_stress_grid_S0001_daily.csv
SYA,SYA,Shenyang,2017,Leave_One_experiments\wth_generated_qc\SYA\SYA2017.WTH,dry_year;water_stress_year;nitrogen_stress_year;irrigation_responsive_year,irrigation_responsive,SYA2017_stress_grid_S0001,top_profit_low_water,2017-05-10,130,25,20,"{""sim_day"": 25.0, ""doy"": 130.0, ""topwt"": 17.600001096725464, ""grnwt"": 0.0, ""xlai"": 0.0252788644284009, ""totir"": 0.0, ""tofer"": NaN, ""swfac"": 0.0, ""nstres"": 0.0}",0.0,0.0,17.600001096725464,0.0,0.0252788644284009,0.0,,0.0,0.0,0.0,0.0,22.939288330078124,22.939288330078124,Leave_One_experiments/all_year_offline_schedule_search/daily_outputs/SYA/SYA_2017_SYA2017_stress_grid_S0001_daily.csv
SYA,SYA,Shenyang,2017,Leave_One_experiments\wth_generated_qc\SYA\SYA2017.WTH,dry_year;water_stress_year;nitrogen_stress_year;irrigation_responsive_year,irrigation_responsive,SYA2017_stress_grid_S0001,top_profit_low_water,2017-05-11,131,26,21,"{""sim_day"": 26.0, ""doy"": 131.0, ""topwt"": 18.032957315444943, ""grnwt"": 0.0, ""xlai"": 0.0313513986766338, ""totir"": 0.0, ""tofer"": NaN, ""swfac"": 0.0, ""nstres"": 0.0}",0.0,0.0,18.032957315444943,0.0,0.0313513986766338,0.0,,0.0,0.0,0.0,0.0,22.939288330078124,22.939288330078124,Leave_One_experiments/all_year_offline_schedule_search/daily_outputs/SYA/SYA_2017_SYA2017_stress_grid_S0001_daily.csv
SYA,SYA,Shenyang,2017,Leave_One_experiments\wth_generated_qc\SYA\SYA2017.WTH,dry_year;water_stress_year;nitrogen_stress_year;irrigation_responsive_year,irrigation_responsive,SYA2017_stress_grid_S0001,top_profit_low_water,2017-05-12,132,27,22,"{""sim_day"": 27.0, ""doy"": 132.0, ""topwt"": 20.47597646713257, ""grnwt"": 0.0, ""xlai"": 0.0377985537052154, ""totir"": 0.0, ""tofer"": NaN, ""swfac"": 0.0, ""nstres"": 0.0}",0.0,0.0,20.47597646713257,0.0,0.0377985537052154,0.0,,0.0,0.0,0.0,0.0,22.939288330078124,22.939288330078124,Leave_One_experiments/all_year_offline_schedule_search/daily_outputs/SYA/SYA_2017_SYA2017_stress_grid_S0001_daily.csv
SYA,SYA,Shenyang,2017,Leave_One_experiments\wth_generated_qc\SYA\SYA2017.WTH,dry_year;water_stress_year;nitrogen_stress_year;irrigation_responsive_year,irrigation_responsive,SYA2017_stress_grid_S0001,top_profit_low_water,2017-05-13,133,28,23,"{""sim_day"": 28.0, ""doy"": 133.0, ""topwt"": 22.61265993118286, ""grnwt"": 0.0, ""xlai"": 0.0432104095816612, ""totir"": 0.0, ""tofer"": NaN, ""swfac"": 0.0, ""nstres"": 0.0}",0.0,0.0,22.61265993118286,0.0,0.0432104095816612,0.0,,0.0,0.0,0.0,0.0,22.939288330078124,22.939288330078124,Leave_One_experiments/all_year_offline_schedule_search/daily_outputs/SYA/SYA_2017_SYA2017_stress_grid_S0001_daily.csv
SYA,SYA,Shenyang,2017,Leave_One_experiments\wth_generated_qc\SYA\SYA2017.WTH,dry_year;water_stress_year;nitrogen_stress_year;irrigation_responsive_year,irrigation_responsive,SYA2017_stress_grid_S0001,top_profit_low_water,2017-05-14,134,29,24,"{""sim_day"": 29.0, ""doy"": 134.0, ""topwt"": 25.65523147583008, ""grnwt"": 0.0, ""xlai"": 0.0506292283535003, ""totir"": 0.0, ""tofer"": NaN, ""swfac"": 0.0, ""nstres"": 0.0}",0.0,0.0,25.65523147583008,0.0,0.0506292283535003,0.0,,0.0,0.0,0.0,0.0,22.939288330078124,22.939288330078124,Leave_One_experiments/all_year_offline_schedule_search/daily_outputs/SYA/SYA_2017_SYA2017_stress_grid_S0001_daily.csv
SYA,SYA,Shenyang,2017,Leave_One_experiments\wth_generated_qc\SYA\SYA2017.WTH,dry_year;water_stress_year;nitrogen_stress_year;irrigation_responsive_year,irrigation_responsive,SYA2017_stress_grid_S0001,top_profit_low_water,2017-05-15,135,30,25,"{""sim_day"": 30.0, ""doy"": 135.0, ""topwt"": 30.23287296295166, ""grnwt"": 0.0, ""xlai"": 0.0612925589084625, ""totir"": 0.0, ""tofer"": NaN, ""swfac"": 0.0, ""nstres"": 0.0}",0.0,0.0,30.23287296295166,0.0,0.0612925589084625,0.0,,0.0,0.0,0.0,0.0,22.939288330078124,22.939288330078124,Leave_One_experiments/all_year_offline_schedule_search/daily_outputs/SYA/SYA_2017_SYA2017_stress_grid_S0001_daily.csv
SYA,SYA,Shenyang,2017,Leave_One_experiments\wth_generated_qc\SYA\SYA2017.WTH,dry_year;water_stress_year;nitrogen_stress_year;irrigation_responsive_year,irrigation_responsive,SYA2017_stress_grid_S0001,top_profit_low_water,2017-05-16,136,31,26,"{""sim_day"": 31.0, ""doy"": 136.0, ""topwt"": 36.74744367599487, ""grnwt"": 0.0, ""xlai"": 0.0756892934441566, ""totir"": 0.0, ""tofer"": NaN, ""swfac"": 0.0, ""nstres"": 0.0}",0.0,0.0,36.74744367599487,0.0,0.0756892934441566,0.0,,0.0,0.0,0.0,0.0,22.939288330078124,22.939288330078124,Leave_One_experiments/all_year_offline_schedule_search/daily_outputs/SYA/SYA_2017_SYA2017_stress_grid_S0001_daily.csv
SYA,SYA,Shenyang,2017,Leave_One_experiments\wth_generated_qc\SYA\SYA2017.WTH,dry_year;water_stress_year;nitrogen_stress_year;irrigation_responsive_year,irrigation_responsive,SYA2017_stress_grid_S0001,top_profit_low_water,2017-05-17,137,32,27,"{""sim_day"": 32.0, ""doy"": 137.0, ""topwt"": 46.316542625427246, ""grnwt"": 0.0, ""xlai"": 0.0956326052546501, ""totir"": 0.0, ""tofer"": NaN, ""swfac"": 0.0, ""nstres"": 0.0}",0.0,0.0,46.316542625427246,0.0,0.0956326052546501,0.0,,0.0,0.0,0.0,0.0,22.939288330078124,22.939288330078124,Leave_One_experiments/all_year_offline_schedule_search/daily_outputs/SYA/SYA_2017_SYA2017_stress_grid_S0001_daily.csv
SYA,SYA,Shenyang,2017,Leave_One_experiments\wth_generated_qc\SYA\SYA2017.WTH,dry_year;water_stress_year;nitrogen_stress_year;irrigation_responsive_year,irrigation_responsive,SYA2017_stress_grid_S0001,top_profit_low_water,2017-05-18,138,33,28,"{""sim_day"": 33.0, ""doy"": 138.0, ""topwt"": 58.06416988372803, ""grnwt"": 0.0, ""xlai"": 0.1187092736363411, ""totir"": 0.0, ""tofer"": NaN, ""swfac"": 0.0, ""nstres"": 0.0}",0.0,0.0,58.06416988372803,0.0,0.1187092736363411,0.0,,0.0,0.0,0.0,0.0,22.939288330078124,22.939288330078124,Leave_One_experiments/all_year_offline_schedule_search/daily_outputs/SYA/SYA_2017_SYA2017_stress_grid_S0001_daily.csv
SYA,SYA,Shenyang,2017,Leave_One_experiments\wth_generated_qc\SYA\SYA2017.WTH,dry_year;water_stress_year;nitrogen_stress_year;irrigation_responsive_year,irrigation_responsive,SYA2017_stress_grid_S0001,top_profit_low_water,2017-05-19,139,34,29,"{""sim_day"": 34.0, ""doy"": 139.0, ""topwt"": 72.26161479949951, ""grnwt"": 0.0, ""xlai"": 0.1451034694910049, ""totir"": 0.0, ""tofer"": NaN, ""swfac"": 0.0, ""nstres"": 0.0}",0.0,0.0,72.26161479949951,0.0,0.1451034694910049,0.0,,0.0,0.0,0.0,0.0,22.939288330078124,22.939288330078124,Leave_One_experiments/all_year_offline_schedule_search/daily_outputs/SYA/SYA_2017_SYA2017_stress_grid_S0001_daily.csv
SYA,SYA,Shenyang,2017,Leave_One_experiments\wth_generated_qc\SYA\SYA2017.WTH,dry_year;water_stress_year;nitrogen_stress_year;irrigation_responsive_year,irrigation_responsive,SYA2017_stress_grid_S0001,top_profit_low_water,2017-05-20,140,35,30,"{""sim_day"": 35.0, ""doy"": 140.0, ""topwt"": 83.60276222229004, ""grnwt"": 0.0, ""xlai"": 0.165287435054779, ""totir"": 0.0, ""tofer"": NaN, ""swfac"": 0.0, ""nstres"": 0.0}",0.0,0.0,83.60276222229004,0.0,0.165287435054779,0.0,,0.0,0.0,0.0,0.0,22.939288330078124,22.939288330078124,Leave_One_experiments/all_year_offline_schedule_search/daily_outputs/SYA/SYA_2017_SYA2017_stress_grid_S0001_daily.csv
SYA,SYA,Shenyang,2017,Leave_One_experiments\wth_generated_qc\SYA\SYA2017.WTH,dry_year;water_stress_year;nitrogen_stress_year;irrigation_responsive_year,irrigation_responsive,SYA2017_stress_grid_S0001,top_profit_low_water,2017-05-21,141,36,31,"{""sim_day"": 36.0, ""doy"": 141.0, ""topwt"": 88.06892395019531, ""grnwt"": 0.0, ""xlai"": 0.1848345696926117, ""totir"": 0.0, ""tofer"": NaN, ""swfac"": 0.0, ""nstres"": 0.0}",0.0,0.0,88.06892395019531,0.0,0.1848345696926117,0.0,,0.0,0.0,0.0,0.0,22.939288330078124,22.939288330078124,Leave_One_experiments/all_year_offline_schedule_search/daily_outputs/SYA/SYA_2017_SYA2017_stress_grid_S0001_daily.csv
SYA,SYA,Shenyang,2017,Leave_One_experiments\wth_generated_qc\SYA\SYA2017.WTH,dry_year;water_stress_year;nitrogen_stress_year;irrigation_responsive_year,irrigation_responsive,SYA2017_stress_grid_S0001,top_profit_low_water,2017-05-22,142,37,32,"{""sim_day"": 37.0, ""doy"": 142.0, ""topwt"": 97.94515609741212, ""grnwt"": 0.0, ""xlai"": 0.2028526365756988, ""totir"": 0.0, ""tofer"": NaN, ""swfac"": 0.0, ""nstres"": 0.0039801597595214}",0.0,0.0039801597595214,97.94515609741212,0.0,0.2028526365756988,0.0,,0.0,0.0,0.0,0.0,22.939288330078124,22.939288330078124,Leave_One_experiments/all_year_offline_schedule_search/daily_outputs/SYA/SYA_2017_SYA2017_stress_grid_S0001_daily.csv
SYA,SYA,Shenyang,2017,Leave_One_experiments\wth_generated_qc\SYA\SYA2017.WTH,dry_year;water_stress_year;nitrogen_stress_year;irrigation_responsive_year,irrigation_responsive,SYA2017_stress_grid_S0001,top_profit_low_water,2017-05-23,143,38,33,"{""sim_day"": 38.0, ""doy"": 143.0, ""topwt"": 112.69167900085448, ""grnwt"": 0.0, ""xlai"": 0.2289959639310836, ""totir"": 0.0, ""tofer"": NaN, ""swfac"": 0.0, ""nstres"": 0.0}",0.0,0.0,112.69167900085448,0.0,0.2289959639310836,0.0,,0.0,0.0,0.0,0.0,22.939288330078124,22.939288330078124,Leave_One_experiments/all_year_offline_schedule_search/daily_outputs/SYA/SYA_2017_SYA2017_stress_grid_S0001_daily.csv
SYA,SYA,Shenyang,2017,Leave_One_experiments\wth_generated_qc\SYA\SYA2017.WTH,dry_year;water_stress_year;nitrogen_stress_year;irrigation_responsive_year,irrigation_responsive,SYA2017_stress_grid_S0001,top_profit_low_water,2017-05-24,144,39,34,"{""sim_day"": 39.0, ""doy"": 144.0, ""topwt"": 124.30620193481444, ""grnwt"": 0.0, ""xlai"": 0.2490304559469223, ""totir"": 0.0, ""tofer"": NaN, ""swfac"": 0.0, ""nstres"": 0.0}",0.0,0.0,124.30620193481444,0.0,0.2490304559469223,0.0,,0.0,0.0,0.0,0.0,22.939288330078124,22.939288330078124,Leave_One_experiments/all_year_offline_schedule_search/daily_outputs/SYA/SYA_2017_SYA2017_stress_grid_S0001_daily.csv
SYA,SYA,Shenyang,2017,Leave_One_experiments\wth_generated_qc\SYA\SYA2017.WTH,dry_year;water_stress_year;nitrogen_stress_year;irrigation_responsive_year,irrigation_responsive,SYA2017_stress_grid_S0001,top_profit_low_water,2017-05-25,145,40,35,"{""sim_day"": 40.0, ""doy"": 145.0, ""topwt"": 136.7516040802002, ""grnwt"": 0.0, ""xlai"": 0.2700249552726745, ""totir"": 0.0, ""tofer"": NaN, ""swfac"": 0.0, ""nstres"": 0.0053770542144775}",0.0,0.0053770542144775,136.7516040802002,0.0,0.2700249552726745,0.0,,0.0,0.0,0.0,0.0,22.939288330078124,22.939288330078124,Leave_One_experiments/all_year_offline_schedule_search/daily_outputs/SYA/SYA_2017_SYA2017_stress_grid_S0001_daily.csv
SYA,SYA,Shenyang,2017,Leave_One_experiments\wth_generated_qc\SYA\SYA2017.WTH,dry_year;water_stress_year;nitrogen_stress_year;irrigation_responsive_year,irrigation_responsive,SYA2017_stress_grid_S0001,top_profit_low_water,2017-05-26,146,41,36,"{""sim_day"": 41.0, ""doy"": 146.0, ""topwt"": 156.36473655700684, ""grnwt"": 0.0, ""xlai"": 0.3022447526454925, ""totir"": 0.0, ""tofer"": NaN, ""swfac"": 0.0, ""nstres"": 0.0179942846298217}",0.0,0.0179942846298217,156.36473655700684,0.0,0.3022447526454925,0.0,,0.0,0.0,0.0,0.0,22.939288330078124,22.939288330078124,Leave_One_experiments/all_year_offline_schedule_search/daily_outputs/SYA/SYA_2017_SYA2017_stress_grid_S0001_daily.csv
SYA,SYA,Shenyang,2017,Leave_One_experiments\wth_generated_qc\SYA\SYA2017.WTH,dry_year;water_stress_year;nitrogen_stress_year;irrigation_responsive_year,irrigation_responsive,SYA2017_stress_grid_S0001,top_profit_low_water,2017-05-27,147,42,37,"{""sim_day"": 42.0, ""doy"": 147.0, ""topwt"": 180.67813873291016, ""grnwt"": 0.0, ""xlai"": 0.3409432768821716, ""totir"": 0.0, ""tofer"": NaN, ""swfac"": 0.0, ""nstres"": 0.0169868469238281}",0.0,0.0169868469238281,180.67813873291016,0.0,0.3409432768821716,0.0,,0.0,0.0,0.0,0.0,22.939288330078124,22.939288330078124,Leave_One_experiments/all_year_offline_schedule_search/daily_outputs/SYA/SYA_2017_SYA2017_stress_grid_S0001_daily.csv
SYA,SYA,Shenyang,2017,Leave_One_experiments\wth_generated_qc\SYA\SYA2017.WTH,dry_year;water_stress_year;nitrogen_stress_year;irrigation_responsive_year,irrigation_responsive,SYA2017_stress_grid_S0001,top_profit_low_water,2017-05-28,148,43,38,"{""sim_day"": 43.0, ""doy"": 148.0, ""topwt"": 197.9465675354004, ""grnwt"": 0.0, ""xlai"": 0.366694688796997, ""totir"": 0.0, ""tofer"": NaN, ""swfac"": 0.0, ""nstres"": 0.0514395236968994}",0.0,0.0514395236968994,197.9465675354004,0.0,0.366694688796997,0.0,,0.0,0.0,0.0,0.0,22.939288330078124,22.939288330078124,Leave_One_experiments/all_year_offline_schedule_search/daily_outputs/SYA/SYA_2017_SYA2017_stress_grid_S0001_daily.csv
SYA,SYA,Shenyang,2017,Leave_One_experiments\wth_generated_qc\SYA\SYA2017.WTH,dry_year;water_stress_year;nitrogen_stress_year;irrigation_responsive_year,irrigation_responsive,SYA2017_stress_grid_S0001,top_profit_low_water,2017-05-29,149,44,39,"{""sim_day"": 44.0, ""doy"": 149.0, ""topwt"": 216.87294006347656, ""grnwt"": 0.0, ""xlai"": 0.3929419219493866, ""totir"": 0.0, ""tofer"": NaN, ""swfac"": 0.0, ""nstres"": 0.0808132886886596}",0.0,0.0808132886886596,216.87294006347656,0.0,0.3929419219493866,0.0,,0.0,0.0,0.0,0.0,22.939288330078124,22.939288330078124,Leave_One_experiments/all_year_offline_schedule_search/daily_outputs/SYA/SYA_2017_SYA2017_stress_grid_S0001_daily.csv
SYA,SYA,Shenyang,2017,Leave_One_experiments\wth_generated_qc\SYA\SYA2017.WTH,dry_year;water_stress_year;nitrogen_stress_year;irrigation_responsive_year,irrigation_responsive,SYA2017_stress_grid_S0001,top_profit_low_water,2017-05-30,150,45,40,"{""sim_day"": 45.0, ""doy"": 150.0, ""topwt"": 238.81675720214844, ""grnwt"": 0.0, ""xlai"": 0.4224394559860229, ""totir"": 0.0, ""tofer"": NaN, ""swfac"": 0.0, ""nstres"": 0.0919826030731201}",0.0,0.0919826030731201,238.81675720214844,0.0,0.4224394559860229,0.0,,0.0,0.0,0.0,0.0,22.939288330078124,22.939288330078124,Leave_One_experiments/all_year_offline_schedule_search/daily_outputs/SYA/SYA_2017_SYA2017_stress_grid_S0001_daily.csv
SYA,SYA,Shenyang,2017,Leave_One_experiments\wth_generated_qc\SYA\SYA2017.WTH,dry_year;water_stress_year;nitrogen_stress_year;irrigation_responsive_year,irrigation_responsive,SYA2017_stress_grid_S0001,top_profit_low_water,2017-05-31,151,46,41,"{""sim_day"": 46.0, ""doy"": 151.0, ""topwt"": 256.90961837768555, ""grnwt"": 0.0, ""xlai"": 0.4408504664897918, ""totir"": 0.0, ""tofer"": NaN, ""swfac"": 0.0, ""nstres"": 0.089903175830841}",0.0,0.089903175830841,256.90961837768555,0.0,0.4408504664897918,0.0,,0.0,0.0,0.0,0.0,22.939288330078124,22.939288330078124,Leave_One_experiments/all_year_offline_schedule_search/daily_outputs/SYA/SYA_2017_SYA2017_stress_grid_S0001_daily.csv
SYA,SYA,Shenyang,2017,Leave_One_experiments\wth_generated_qc\SYA\SYA2017.WTH,dry_year;water_stress_year;nitrogen_stress_year;irrigation_responsive_year,irrigation_responsive,SYA2017_stress_grid_S0001,top_profit_low_water,2017-06-01,152,47,42,"{""sim_day"": 47.0, ""doy"": 152.0, ""topwt"": 271.32606506347656, ""grnwt"": 0.0, ""xlai"": 0.4568469524383545, ""totir"": 0.0, ""tofer"": NaN, ""swfac"": 0.0, ""nstres"": 0.0970135927200317}",0.0,0.0970135927200317,271.32606506347656,0.0,0.4568469524383545,0.0,,0.0,0.0,0.0,0.0,22.939288330078124,22.939288330078124,Leave_One_experiments/all_year_offline_schedule_search/daily_outputs/SYA/SYA_2017_SYA2017_stress_grid_S0001_daily.csv
SYA,SYA,Shenyang,2017,Leave_One_experiments\wth_generated_qc\SYA\SYA2017.WTH,dry_year;water_stress_year;nitrogen_stress_year;irrigation_responsive_year,irrigation_responsive,SYA2017_stress_grid_S0001,top_profit_low_water,2017-06-02,153,48,43,"{""sim_day"": 48.0, ""doy"": 153.0, ""topwt"": 292.9682922363281, ""grnwt"": 0.0, ""xlai"": 0.4825755357742309, ""totir"": 0.0, ""tofer"": NaN, ""swfac"": 0.0, ""nstres"": 0.1000896096229553}",0.0,0.1000896096229553,292.9682922363281,0.0,0.4825755357742309,0.0,,0.0,0.0,0.0,0.0,22.939288330078124,22.939288330078124,Leave_One_experiments/all_year_offline_schedule_search/daily_outputs/SYA/SYA_2017_SYA2017_stress_grid_S0001_daily.csv
SYA,SYA,Shenyang,2017,Leave_One_experiments\wth_generated_qc\SYA\SYA2017.WTH,dry_year;water_stress_year;nitrogen_stress_year;irrigation_responsive_year,irrigation_responsive,SYA2017_stress_grid_S0001,top_profit_low_water,2017-06-03,154,49,44,"{""sim_day"": 49.0, ""doy"": 154.0, ""topwt"": 320.3297805786133, ""grnwt"": 0.0, ""xlai"": 0.5147000551223755, ""totir"": 0.0, ""tofer"": NaN, ""swfac"": 0.0, ""nstres"": 0.1090155839920044}",0.0,0.1090155839920044,320.3297805786133,0.0,0.5147000551223755,0.0,,0.0,0.0,0.0,0.0,22.939288330078124,22.939288330078124,Leave_One_experiments/all_year_offline_schedule_search/daily_outputs/SYA/SYA_2017_SYA2017_stress_grid_S0001_daily.csv
SYA,SYA,Shenyang,2017,Leave_One_experiments\wth_generated_qc\SYA\SYA2017.WTH,dry_year;water_stress_year;nitrogen_stress_year;irrigation_responsive_year,irrigation_responsive,SYA2017_stress_grid_S0001,top_profit_low_water,2017-06-04,155,50,45,"{""sim_day"": 50.0, ""doy"": 155.0, ""topwt"": 351.3824844360352, ""grnwt"": 0.0, ""xlai"": 0.5490481853485107, ""totir"": 0.0, ""tofer"": NaN, ""swfac"": 0.0, ""nstres"": 0.1261273622512817}",0.0,0.1261273622512817,351.3824844360352,0.0,0.5490481853485107,0.0,,0.0,0.0,0.0,0.0,22.939288330078124,22.939288330078124,Leave_One_experiments/all_year_offline_schedule_search/daily_outputs/SYA/SYA_2017_SYA2017_stress_grid_S0001_daily.csv
SYA,SYA,Shenyang,2017,Leave_One_experiments\wth_generated_qc\SYA\SYA2017.WTH,dry_year;water_stress_year;nitrogen_stress_year;irrigation_responsive_year,irrigation_responsive,SYA2017_stress_grid_S0001,top_profit_low_water,2017-06-05,156,51,46,"{""sim_day"": 51.0, ""doy"": 156.0, ""topwt"": 376.3285446166992, ""grnwt"": 0.0, ""xlai"": 0.571905791759491, ""totir"": 0.0, ""tofer"": NaN, ""swfac"": 0.0, ""nstres"": 0.1482175588607788}",0.0,0.1482175588607788,376.3285446166992,0.0,0.571905791759491,0.0,,0.0,0.0,0.0,0.0,22.939288330078124,22.939288330078124,Leave_One_experiments/all_year_offline_schedule_search/daily_outputs/SYA/SYA_2017_SYA2017_stress_grid_S0001_daily.csv
SYA,SYA,Shenyang,2017,Leave_One_experiments\wth_generated_qc\SYA\SYA2017.WTH,dry_year;water_stress_year;nitrogen_stress_year;irrigation_responsive_year,irrigation_responsive,SYA2017_stress_grid_S0001,top_profit_low_water,2017-06-06,157,52,47,"{""sim_day"": 52.0, ""doy"": 157.0, ""topwt"": 398.4254455566406, ""grnwt"": 0.0, ""xlai"": 0.5891014933586121, ""totir"": 0.0, ""tofer"": NaN, ""swfac"": 0.0, ""nstres"": 0.1578133702278137}",0.0,0.1578133702278137,398.4254455566406,0.0,0.5891014933586121,0.0,,0.0,0.0,0.0,0.0,22.939288330078124,22.939288330078124,Leave_One_experiments/all_year_offline_schedule_search/daily_outputs/SYA/SYA_2017_SYA2017_stress_grid_S0001_daily.csv
SYA,SYA,Shenyang,2017,Leave_One_experiments\wth_generated_qc\SYA\SYA2017.WTH,dry_year;water_stress_year;nitrogen_stress_year;irrigation_responsive_year,irrigation_responsive,SYA2017_stress_grid_S0001,top_profit_low_water,2017-06-07,158,53,48,"{""sim_day"": 53.0, ""doy"": 158.0, ""topwt"": 431.6260528564453, ""grnwt"": 0.0, ""xlai"": 0.6186239719390869, ""totir"": 0.0, ""tofer"": NaN, ""swfac"": 0.0, ""nstres"": 0.1602362394332885}",0.0,0.1602362394332885,431.6260528564453,0.0,0.6186239719390869,0.0,,0.0,0.0,0.0,0.0,22.939288330078124,22.939288330078124,Leave_One_experiments/all_year_offline_schedule_search/daily_outputs/SYA/SYA_2017_SYA2017_stress_grid_S0001_daily.csv
SYA,SYA,Shenyang,2017,Leave_One_experiments\wth_generated_qc\SYA\SYA2017.WTH,dry_year;water_stress_year;nitrogen_stress_year;irrigation_responsive_year,irrigation_responsive,SYA2017_stress_grid_S0001,top_profit_low_water,2017-06-08,159,54,49,"{""sim_day"": 54.0, ""doy"": 159.0, ""topwt"": 466.6450500488281, ""grnwt"": 0.0, ""xlai"": 0.6486060619354248, ""totir"": 0.0, ""tofer"": NaN, ""swfac"": 0.0, ""nstres"": 0.1565487384796142}",0.0,0.1565487384796142,466.6450500488281,0.0,0.6486060619354248,0.0,,0.0,0.0,0.0,0.0,22.939288330078124,22.939288330078124,Leave_One_experiments/all_year_offline_schedule_search/daily_outputs/SYA/SYA_2017_SYA2017_stress_grid_S0001_daily.csv
SYA,SYA,Shenyang,2017,Leave_One_experiments\wth_generated_qc\SYA\SYA2017.WTH,dry_year;water_stress_year;nitrogen_stress_year;irrigation_responsive_year,irrigation_responsive,SYA2017_stress_grid_S0001,top_profit_low_water,2017-06-09,160,55,50,"{""sim_day"": 55.0, ""doy"": 160.0, ""topwt"": 492.5125503540039, ""grnwt"": 0.0, ""xlai"": 0.6658241152763367, ""totir"": 0.0, ""tofer"": NaN, ""swfac"": 0.0, ""nstres"": 0.1600933670997619}",0.0,0.1600933670997619,492.5125503540039,0.0,0.6658241152763367,0.0,,0.0,0.0,0.0,0.0,22.939288330078124,22.939288330078124,Leave_One_experiments/all_year_offline_schedule_search/daily_outputs/SYA/SYA_2017_SYA2017_stress_grid_S0001_daily.csv
SYA,SYA,Shenyang,2017,Leave_One_experiments\wth_generated_qc\SYA\SYA2017.WTH,dry_year;water_stress_year;nitrogen_stress_year;irrigation_responsive_year,irrigation_responsive,SYA2017_stress_grid_S0001,top_profit_low_water,2017-06-10,161,56,51,"{""sim_day"": 56.0, ""doy"": 161.0, ""topwt"": 522.3077774047852, ""grnwt"": 0.0, ""xlai"": 0.6850774884223938, ""totir"": 0.0, ""tofer"": NaN, ""swfac"": 0.0, ""nstres"": 0.1732657551765442}",0.0,0.1732657551765442,522.3077774047852,0.0,0.6850774884223938,0.0,,0.0,0.0,0.0,0.0,22.939288330078124,22.939288330078124,Leave_One_experiments/all_year_offline_schedule_search/daily_outputs/SYA/SYA_2017_SYA2017_stress_grid_S0001_daily.csv
SYA,SYA,Shenyang,2017,Leave_One_experiments\wth_generated_qc\SYA\SYA2017.WTH,dry_year;water_stress_year;nitrogen_stress_year;irrigation_responsive_year,irrigation_responsive,SYA2017_stress_grid_S0001,top_profit_low_water,2017-06-11,162,57,52,"{""sim_day"": 57.0, ""doy"": 162.0, ""topwt"": 555.6630325317383, ""grnwt"": 0.0, ""xlai"": 0.7059182524681091, ""totir"": 0.0, ""tofer"": NaN, ""swfac"": 0.0, ""nstres"": 0.1811632513999939}",0.0,0.1811632513999939,555.6630325317383,0.0,0.7059182524681091,0.0,,0.0,0.0,0.0,0.0,22.939288330078124,22.939288330078124,Leave_One_experiments/all_year_offline_schedule_search/daily_outputs/SYA/SYA_2017_SYA2017_stress_grid_S0001_daily.csv
SYA,SYA,Shenyang,2017,Leave_One_experiments\wth_generated_qc\SYA\SYA2017.WTH,dry_year;water_stress_year;nitrogen_stress_year;irrigation_responsive_year,irrigation_responsive,SYA2017_stress_grid_S0001,top_profit_low_water,2017-06-12,163,58,53,"{""sim_day"": 58.0, ""doy"": 163.0, ""topwt"": 591.1914443969727, ""grnwt"": 0.0, ""xlai"": 0.7263461947441101, ""totir"": 0.0, ""tofer"": NaN, ""swfac"": 0.0, ""nstres"": 0.1901854872703552}",0.0,0.1901854872703552,591.1914443969727,0.0,0.7263461947441101,0.0,,0.0,0.0,0.0,0.0,22.939288330078124,22.939288330078124,Leave_One_experiments/all_year_offline_schedule_search/daily_outputs/SYA/SYA_2017_SYA2017_stress_grid_S0001_daily.csv
SYA,SYA,Shenyang,2017,Leave_One_experiments\wth_generated_qc\SYA\SYA2017.WTH,dry_year;water_stress_year;nitrogen_stress_year;irrigation_responsive_year,irrigation_responsive,SYA2017_stress_grid_S0001,top_profit_low_water,2017-06-13,164,59,54,"{""sim_day"": 59.0, ""doy"": 164.0, ""topwt"": 635.1633453369141, ""grnwt"": 0.0, ""xlai"": 0.752129852771759, ""totir"": 0.0, ""tofer"": NaN, ""swfac"": 0.0, ""nstres"": 0.1990516781806945}",0.0,0.1990516781806945,635.1633453369141,0.0,0.752129852771759,0.0,,0.0,0.0,0.0,0.0,22.939288330078124,22.939288330078124,Leave_One_experiments/all_year_offline_schedule_search/daily_outputs/SYA/SYA_2017_SYA2017_stress_grid_S0001_daily.csv
SYA,SYA,Shenyang,2017,Leave_One_experiments\wth_generated_qc\SYA\SYA2017.WTH,dry_year;water_stress_year;nitrogen_stress_year;irrigation_responsive_year,irrigation_responsive,SYA2017_stress_grid_S0001,top_profit_low_water,2017-06-14,165,60,55,"{""sim_day"": 60.0, ""doy"": 165.0, ""topwt"": 683.5649871826172, ""grnwt"": 0.0, ""xlai"": 0.7783164978027344, ""totir"": 0.0, ""tofer"": NaN, ""swfac"": 0.0, ""nstres"": 0.2222310900688171}",0.0,0.2222310900688171,683.5649871826172,0.0,0.7783164978027344,0.0,,0.0,0.0,0.0,0.0,22.939288330078124,22.939288330078124,Leave_One_experiments/all_year_offline_schedule_search/daily_outputs/SYA/SYA_2017_SYA2017_stress_grid_S0001_daily.csv
SYA,SYA,Shenyang,2017,Leave_One_experiments\wth_generated_qc\SYA\SYA2017.WTH,dry_year;water_stress_year;nitrogen_stress_year;irrigation_responsive_year,irrigation_responsive,SYA2017_stress_grid_S0001,top_profit_low_water,2017-06-15,166,61,56,"{""sim_day"": 61.0, ""doy"": 166.0, ""topwt"": 738.2431030273438, ""grnwt"": 0.0, ""xlai"": 0.8056232929229736, ""totir"": 0.0, ""tofer"": NaN, ""swfac"": 0.0, ""nstres"": 0.2524600028991699}",0.0,0.2524600028991699,738.2431030273438,0.0,0.8056232929229736,0.0,,0.0,0.0,0.0,0.0,22.939288330078124,22.939288330078124,Leave_One_experiments/all_year_offline_schedule_search/daily_outputs/SYA/SYA_2017_SYA2017_stress_grid_S0001_daily.csv
SYA,SYA,Shenyang,2017,Leave_One_experiments\wth_generated_qc\SYA\SYA2017.WTH,dry_year;water_stress_year;nitrogen_stress_year;irrigation_responsive_year,irrigation_responsive,SYA2017_stress_grid_S0001,top_profit_low_water,2017-06-16,167,62,57,"{""sim_day"": 62.0, ""doy"": 167.0, ""topwt"": 793.3476257324219, ""grnwt"": 0.0, ""xlai"": 0.8285748958587646, ""totir"": 0.0, ""tofer"": NaN, ""swfac"": 0.0, ""nstres"": 0.2805855870246887}",0.0,0.2805855870246887,793.3476257324219,0.0,0.8285748958587646,0.0,,0.0,0.0,0.0,0.0,22.939288330078124,22.939288330078124,Leave_One_experiments/all_year_offline_schedule_search/daily_outputs/SYA/SYA_2017_SYA2017_stress_grid_S0001_daily.csv
SYA,SYA,Shenyang,2017,Leave_One_experiments\wth_generated_qc\SYA\SYA2017.WTH,dry_year;water_stress_year;nitrogen_stress_year;irrigation_responsive_year,irrigation_responsive,SYA2017_stress_grid_S0001,top_profit_low_water,2017-06-17,168,63,58,"{""sim_day"": 63.0, ""doy"": 168.0, ""topwt"": 843.5182952880859, ""grnwt"": 0.0, ""xlai"": 0.8433188199996948, ""totir"": 0.0, ""tofer"": NaN, ""swfac"": 0.0, ""nstres"": 0.3103295564651489}",0.0,0.3103295564651489,843.5182952880859,0.0,0.8433188199996948,0.0,,0.0,0.0,0.0,0.0,22.939288330078124,22.939288330078124,Leave_One_experiments/all_year_offline_schedule_search/daily_outputs/SYA/SYA_2017_SYA2017_stress_grid_S0001_daily.csv
SYA,SYA,Shenyang,2017,Leave_One_experiments\wth_generated_qc\SYA\SYA2017.WTH,dry_year;water_stress_year;nitrogen_stress_year;irrigation_responsive_year,irrigation_responsive,SYA2017_stress_grid_S0001,top_profit_low_water,2017-06-18,169,64,59,"{""sim_day"": 64.0, ""doy"": 169.0, ""topwt"": 888.9318084716797, ""grnwt"": 0.0, ""xlai"": 0.8512218594551086, ""totir"": 0.0, ""tofer"": NaN, ""swfac"": 0.0, ""nstres"": 0.3332050442695617}",0.0,0.3332050442695617,888.9318084716797,0.0,0.8512218594551086,0.0,,0.0,0.0,0.0,0.0,22.939288330078124,22.939288330078124,Leave_One_experiments/all_year_offline_schedule_search/daily_outputs/SYA/SYA_2017_SYA2017_stress_grid_S0001_daily.csv
SYA,SYA,Shenyang,2017,Leave_One_experiments\wth_generated_qc\SYA\SYA2017.WTH,dry_year;water_stress_year;nitrogen_stress_year;irrigation_responsive_year,irrigation_responsive,SYA2017_stress_grid_S0001,top_profit_low_water,2017-06-19,170,65,60,"{""sim_day"": 65.0, ""doy"": 170.0, ""topwt"": 925.8323669433594, ""grnwt"": 0.0, ""xlai"": 0.8507668972015381, ""totir"": 0.0, ""tofer"": NaN, ""swfac"": 0.0, ""nstres"": 0.3503639698028564}",0.0,0.3503639698028564,925.8323669433594,0.0,0.8507668972015381,0.0,,0.0,0.0,0.0,0.0,22.939288330078124,22.939288330078124,Leave_One_experiments/all_year_offline_schedule_search/daily_outputs/SYA/SYA_2017_SYA2017_stress_grid_S0001_daily.csv
SYA,SYA,Shenyang,2017,Leave_One_experiments\wth_generated_qc\SYA\SYA2017.WTH,dry_year;water_stress_year;nitrogen_stress_year;irrigation_responsive_year,irrigation_responsive,SYA2017_stress_grid_S0001,top_profit_low_water,2017-06-20,171,66,61,"{""sim_day"": 66.0, ""doy"": 171.0, ""topwt"": 967.5941467285156, ""grnwt"": 0.0, ""xlai"": 0.8520618081092834, ""totir"": 0.0, ""tofer"": NaN, ""swfac"": 0.0, ""nstres"": 0.360300064086914}",0.0,0.360300064086914,967.5941467285156,0.0,0.8520618081092834,0.0,,0.0,0.0,0.0,0.0,22.939288330078124,22.939288330078124,Leave_One_experiments/all_year_offline_schedule_search/daily_outputs/SYA/SYA_2017_SYA2017_stress_grid_S0001_daily.csv
SYA,SYA,Shenyang,2017,Leave_One_experiments\wth_generated_qc\SYA\SYA2017.WTH,dry_year;water_stress_year;nitrogen_stress_year;irrigation_responsive_year,irrigation_responsive,SYA2017_stress_grid_S0001,top_profit_low_water,2017-06-21,172,67,62,"{""sim_day"": 67.0, ""doy"": 172.0, ""topwt"": 1011.007843017578, ""grnwt"": 0.0, ""xlai"": 0.8528869152069092, ""totir"": 0.0, ""tofer"": NaN, ""swfac"": 0.0, ""nstres"": 0.3654150366783142}",0.0,0.3654150366783142,1011.007843017578,0.0,0.8528869152069092,0.0,,0.0,0.0,0.0,0.0,22.939288330078124,22.939288330078124,Leave_One_experiments/all_year_offline_schedule_search/daily_outputs/SYA/SYA_2017_SYA2017_stress_grid_S0001_daily.csv
SYA,SYA,Shenyang,2017,Leave_One_experiments\wth_generated_qc\SYA\SYA2017.WTH,dry_year;water_stress_year;nitrogen_stress_year;irrigation_responsive_year,irrigation_responsive,SYA2017_stress_grid_S0001,top_profit_low_water,2017-06-22,173,68,63,"{""sim_day"": 68.0, ""doy"": 173.0, ""topwt"": 1058.7197875976562, ""grnwt"": 0.0, ""xlai"": 0.8546580672264099, ""totir"": 0.0, ""tofer"": NaN, ""swfac"": 0.0, ""nstres"": 0.3734820485115051}",0.0,0.3734820485115051,1058.7197875976562,0.0,0.8546580672264099,0.0,,0.0,0.0,0.0,0.0,22.939288330078124,22.939288330078124,Leave_One_experiments/all_year_offline_schedule_search/daily_outputs/SYA/SYA_2017_SYA2017_stress_grid_S0001_daily.csv
SYA,SYA,Shenyang,2017,Leave_One_experiments\wth_generated_qc\SYA\SYA2017.WTH,dry_year;water_stress_year;nitrogen_stress_year;irrigation_responsive_year,irrigation_responsive,SYA2017_stress_grid_S0001,top_profit_low_water,2017-06-23,174,69,64,"{""sim_day"": 69.0, ""doy"": 174.0, ""topwt"": 1105.888900756836, ""grnwt"": 0.0, ""xlai"": 0.8543644547462463, ""totir"": 0.0, ""tofer"": NaN, ""swfac"": 0.0, ""nstres"": 0.3816312551498413}",0.0,0.3816312551498413,1105.888900756836,0.0,0.8543644547462463,0.0,,0.0,0.0,0.0,0.0,22.939288330078124,22.939288330078124,Leave_One_experiments/all_year_offline_schedule_search/daily_outputs/SYA/SYA_2017_SYA2017_stress_grid_S0001_daily.csv
SYA,SYA,Shenyang,2017,Leave_One_experiments\wth_generated_qc\SYA\SYA2017.WTH,dry_year;water_stress_year;nitrogen_stress_year;irrigation_responsive_year,irrigation_responsive,SYA2017_stress_grid_S0001,top_profit_low_water,2017-06-24,175,70,65,"{""sim_day"": 70.0, ""doy"": 175.0, ""topwt"": 1213.1033325195312, ""grnwt"": 0.0, ""xlai"": 0.9061047434806824, ""totir"": 0.0, ""tofer"": NaN, ""swfac"": 0.0, ""nstres"": 0.391009509563446}",0.0,0.391009509563446,1213.1033325195312,0.0,0.9061047434806824,0.0,,0.0,0.0,0.0,0.0,22.939288330078124,22.939288330078124,Leave_One_experiments/all_year_offline_schedule_search/daily_outputs/SYA/SYA_2017_SYA2017_stress_grid_S0001_daily.csv
SYA,SYA,Shenyang,2017,Leave_One_experiments\wth_generated_qc\SYA\SYA2017.WTH,dry_year;water_stress_year;nitrogen_stress_year;irrigation_responsive_year,irrigation_responsive,SYA2017_stress_grid_S0001,top_profit_low_water,2017-06-25,176,71,66,"{""sim_day"": 71.0, ""doy"": 176.0, ""topwt"": 1299.1995239257812, ""grnwt"": 0.0, ""xlai"": 0.9201205968856812, ""totir"": 0.0, ""tofer"": NaN, ""swfac"": 0.0, ""nstres"": 0.3979097604751587}",0.0,0.3979097604751587,1299.1995239257812,0.0,0.9201205968856812,0.0,,0.0,0.0,0.0,0.0,22.939288330078124,22.939288330078124,Leave_One_experiments/all_year_offline_schedule_search/daily_outputs/SYA/SYA_2017_SYA2017_stress_grid_S0001_daily.csv
SYA,SYA,Shenyang,2017,Leave_One_experiments\wth_generated_qc\SYA\SYA2017.WTH,dry_year;water_stress_year;nitrogen_stress_year;irrigation_responsive_year,irrigation_responsive,SYA2017_stress_grid_S0001,top_profit_low_water,2017-06-26,177,72,67,"{""sim_day"": 72.0, ""doy"": 177.0, ""topwt"": 1372.656707763672, ""grnwt"": 0.0, ""xlai"": 0.9192324280738832, ""totir"": 0.0, ""tofer"": NaN, ""swfac"": 0.0, ""nstres"": 0.4377155303955078}",0.0,0.4377155303955078,1372.656707763672,0.0,0.9192324280738832,0.0,,0.0,0.0,0.0,0.0,22.939288330078124,22.939288330078124,Leave_One_experiments/all_year_offline_schedule_search/daily_outputs/SYA/SYA_2017_SYA2017_stress_grid_S0001_daily.csv
SYA,SYA,Shenyang,2017,Leave_One_experiments\wth_generated_qc\SYA\SYA2017.WTH,dry_year;water_stress_year;nitrogen_stress_year;irrigation_responsive_year,irrigation_responsive,SYA2017_stress_grid_S0001,top_profit_low_water,2017-06-27,178,73,68,"{""sim_day"": 73.0, ""doy"": 178.0, ""topwt"": 1436.890869140625, ""grnwt"": 0.0, ""xlai"": 0.9104665517807008, ""totir"": 0.0, ""tofer"": NaN, ""swfac"": 0.0, ""nstres"": 0.4579740762710571}",0.0,0.4579740762710571,1436.890869140625,0.0,0.9104665517807008,0.0,,0.0,0.0,0.0,0.0,22.939288330078124,22.939288330078124,Leave_One_experiments/all_year_offline_schedule_search/daily_outputs/SYA/SYA_2017_SYA2017_stress_grid_S0001_daily.csv
SYA,SYA,Shenyang,2017,Leave_One_experiments\wth_generated_qc\SYA\SYA2017.WTH,dry_year;water_stress_year;nitrogen_stress_year;irrigation_responsive_year,irrigation_responsive,SYA2017_stress_grid_S0001,top_profit_low_water,2017-06-28,179,74,69,"{""sim_day"": 74.0, ""doy"": 179.0, ""topwt"": 1499.8023986816406, ""grnwt"": 0.0, ""xlai"": 0.8989171385765076, ""totir"": 0.0, ""tofer"": NaN, ""swfac"": 0.0, ""nstres"": 0.4675078392028808}",0.0,0.4675078392028808,1499.8023986816406,0.0,0.8989171385765076,0.0,,0.0,0.0,0.0,0.0,22.939288330078124,22.939288330078124,Leave_One_experiments/all_year_offline_schedule_search/daily_outputs/SYA/SYA_2017_SYA2017_stress_grid_S0001_daily.csv
SYA,SYA,Shenyang,2017,Leave_One_experiments\wth_generated_qc\SYA\SYA2017.WTH,dry_year;water_stress_year;nitrogen_stress_year;irrigation_responsive_year,irrigation_responsive,SYA2017_stress_grid_S0001,top_profit_low_water,2017-06-29,180,75,70,"{""sim_day"": 75.0, ""doy"": 180.0, ""topwt"": 1560.631866455078, ""grnwt"": 0.0, ""xlai"": 0.8854029774665833, ""totir"": 0.0, ""tofer"": NaN, ""swfac"": 0.0, ""nstres"": 0.4694260954856872}",0.0,0.4694260954856872,1560.631866455078,0.0,0.8854029774665833,0.0,,0.0,0.0,0.0,0.0,22.939288330078124,22.939288330078124,Leave_One_experiments/all_year_offline_schedule_search/daily_outputs/SYA/SYA_2017_SYA2017_stress_grid_S0001_daily.csv
SYA,SYA,Shenyang,2017,Leave_One_experiments\wth_generated_qc\SYA\SYA2017.WTH,dry_year;water_stress_year;nitrogen_stress_year;irrigation_responsive_year,irrigation_responsive,SYA2017_stress_grid_S0001,top_profit_low_water,2017-06-30,181,76,71,"{""sim_day"": 76.0, ""doy"": 181.0, ""topwt"": 1623.1988525390625, ""grnwt"": 0.0, ""xlai"": 0.8716298341751099, ""totir"": 0.0, ""tofer"": NaN, ""swfac"": 0.0, ""nstres"": 0.4682744741439819}",0.0,0.4682744741439819,1623.1988525390625,0.0,0.8716298341751099,0.0,,0.0,0.0,0.0,0.0,22.939288330078124,22.939288330078124,Leave_One_experiments/all_year_offline_schedule_search/daily_outputs/SYA/SYA_2017_SYA2017_stress_grid_S0001_daily.csv
SYA,SYA,Shenyang,2017,Leave_One_experiments\wth_generated_qc\SYA\SYA2017.WTH,dry_year;water_stress_year;nitrogen_stress_year;irrigation_responsive_year,irrigation_responsive,SYA2017_stress_grid_S0001,top_profit_low_water,2017-07-01,182,77,72,"{""sim_day"": 77.0, ""doy"": 182.0, ""topwt"": 1676.6539001464844, ""grnwt"": 0.0, ""xlai"": 0.8549169898033142, ""totir"": 0.0, ""tofer"": NaN, ""swfac"": 0.0, ""nstres"": 0.4666892886161804}",0.0,0.4666892886161804,1676.6539001464844,0.0,0.8549169898033142,0.0,,0.0,0.0,0.0,0.0,22.939288330078124,22.939288330078124,Leave_One_experiments/all_year_offline_schedule_search/daily_outputs/SYA/SYA_2017_SYA2017_stress_grid_S0001_daily.csv
SYA,SYA,Shenyang,2017,Leave_One_experiments\wth_generated_qc\SYA\SYA2017.WTH,dry_year;water_stress_year;nitrogen_stress_year;irrigation_responsive_year,irrigation_responsive,SYA2017_stress_grid_S0001,top_profit_low_water,2017-07-02,183,78,73,"{""sim_day"": 78.0, ""doy"": 183.0, ""topwt"": 1733.1674194335938, ""grnwt"": 0.0, ""xlai"": 0.8389878869056702, ""totir"": 0.0, ""tofer"": NaN, ""swfac"": 0.0, ""nstres"": 0.4640920162200928}",0.0,0.4640920162200928,1733.1674194335938,0.0,0.8389878869056702,0.0,,0.0,0.0,0.0,0.0,22.939288330078124,22.939288330078124,Leave_One_experiments/all_year_offline_schedule_search/daily_outputs/SYA/SYA_2017_SYA2017_stress_grid_S0001_daily.csv
SYA,SYA,Shenyang,2017,Leave_One_experiments\wth_generated_qc\SYA\SYA2017.WTH,dry_year;water_stress_year;nitrogen_stress_year;irrigation_responsive_year,irrigation_responsive,SYA2017_stress_grid_S0001,top_profit_low_water,2017-07-03,184,79,74,"{""sim_day"": 79.0, ""doy"": 184.0, ""topwt"": 1784.9314880371094, ""grnwt"": 0.0, ""xlai"": 0.8219515681266785, ""totir"": 0.0, ""tofer"": NaN, ""swfac"": 0.0, ""nstres"": 0.4600967168807983}",0.0,0.4600967168807983,1784.9314880371094,0.0,0.8219515681266785,0.0,,0.0,0.0,0.0,0.0,22.939288330078124,22.939288330078124,Leave_One_experiments/all_year_offline_schedule_search/daily_outputs/SYA/SYA_2017_SYA2017_stress_grid_S0001_daily.csv
SYA,SYA,Shenyang,2017,Leave_One_experiments\wth_generated_qc\SYA\SYA2017.WTH,dry_year;water_stress_year;nitrogen_stress_year;irrigation_responsive_year,irrigation_responsive,SYA2017_stress_grid_S0001,top_profit_low_water,2017-07-04,185,80,75,"{""sim_day"": 80.0, ""doy"": 185.0, ""topwt"": 1842.4235534667969, ""grnwt"": 0.0, ""xlai"": 0.8065988421440125, ""totir"": 0.0, ""tofer"": NaN, ""swfac"": 0.0, ""nstres"": 0.4542179107666015}",0.0,0.4542179107666015,1842.4235534667969,0.0,0.8065988421440125,0.0,,0.0,0.0,0.0,0.0,22.939288330078124,22.939288330078124,Leave_One_experiments/all_year_offline_schedule_search/daily_outputs/SYA/SYA_2017_SYA2017_stress_grid_S0001_daily.csv
SYA,SYA,Shenyang,2017,Leave_One_experiments\wth_generated_qc\SYA\SYA2017.WTH,dry_year;water_stress_year;nitrogen_stress_year;irrigation_responsive_year,irrigation_responsive,SYA2017_stress_grid_S0001,top_profit_low_water,2017-07-05,186,81,76,"{""sim_day"": 81.0, ""doy"": 186.0, ""topwt"": 1903.4298706054688, ""grnwt"": 0.0, ""xlai"": 0.7927724719047546, ""totir"": 0.0, ""tofer"": NaN, ""swfac"": 0.0, ""nstres"": 0.4505221247673034}",0.0,0.4505221247673034,1903.4298706054688,0.0,0.7927724719047546,0.0,,0.0,0.0,0.0,0.0,22.939288330078124,22.939288330078124,Leave_One_experiments/all_year_offline_schedule_search/daily_outputs/SYA/SYA_2017_SYA2017_stress_grid_S0001_daily.csv
SYA,SYA,Shenyang,2017,Leave_One_experiments\wth_generated_qc\SYA\SYA2017.WTH,dry_year;water_stress_year;nitrogen_stress_year;irrigation_responsive_year,irrigation_responsive,SYA2017_stress_grid_S0001,top_profit_low_water,2017-07-06,187,82,77,"{""sim_day"": 82.0, ""doy"": 187.0, ""topwt"": 1929.7166442871091, ""grnwt"": 0.0, ""xlai"": 0.7710045576095581, ""totir"": 0.0, ""tofer"": NaN, ""swfac"": 0.0, ""nstres"": 0.447700560092926}",0.0,0.447700560092926,1929.7166442871091,0.0,0.7710045576095581,0.0,,0.0,0.0,0.0,0.0,22.939288330078124,22.939288330078124,Leave_One_experiments/all_year_offline_schedule_search/daily_outputs/SYA/SYA_2017_SYA2017_stress_grid_S0001_daily.csv
SYA,SYA,Shenyang,2017,Leave_One_experiments\wth_generated_qc\SYA\SYA2017.WTH,dry_year;water_stress_year;nitrogen_stress_year;irrigation_responsive_year,irrigation_responsive,SYA2017_stress_grid_S0001,top_profit_low_water,2017-07-07,188,83,78,"{""sim_day"": 83.0, ""doy"": 188.0, ""topwt"": 1993.6357116699216, ""grnwt"": 0.0, ""xlai"": 0.7594742178916931, ""totir"": 0.0, ""tofer"": NaN, ""swfac"": 0.0, ""nstres"": 0.4403209090232849}",0.0,0.4403209090232849,1993.6357116699216,0.0,0.7594742178916931,0.0,,0.0,0.0,0.0,0.0,22.939288330078124,22.939288330078124,Leave_One_experiments/all_year_offline_schedule_search/daily_outputs/SYA/SYA_2017_SYA2017_stress_grid_S0001_daily.csv
SYA,SYA,Shenyang,2017,Leave_One_experiments\wth_generated_qc\SYA\SYA2017.WTH,dry_year;water_stress_year;nitrogen_stress_year;irrigation_responsive_year,irrigation_responsive,SYA2017_stress_grid_S0001,top_profit_low_water,2017-07-08,189,84,79,"{""sim_day"": 84.0, ""doy"": 189.0, ""topwt"": 2043.5185241699216, ""grnwt"": 0.0, ""xlai"": 0.7451785206794739, ""totir"": 0.0, ""tofer"": NaN, ""swfac"": 0.0, ""nstres"": 0.431592047214508}",0.0,0.431592047214508,2043.5185241699216,0.0,0.7451785206794739,0.0,,0.0,0.0,0.0,0.0,22.939288330078124,22.939288330078124,Leave_One_experiments/all_year_offline_schedule_search/daily_outputs/SYA/SYA_2017_SYA2017_stress_grid_S0001_daily.csv
SYA,SYA,Shenyang,2017,Leave_One_experiments\wth_generated_qc\SYA\SYA2017.WTH,dry_year;water_stress_year;nitrogen_stress_year;irrigation_responsive_year,irrigation_responsive,SYA2017_stress_grid_S0001,top_profit_low_water,2017-07-09,190,85,80,"{""sim_day"": 85.0, ""doy"": 190.0, ""topwt"": 2100.668029785156, ""grnwt"": 0.0, ""xlai"": 0.7334461808204651, ""totir"": 0.0, ""tofer"": NaN, ""swfac"": 0.0, ""nstres"": 0.4223170280456543}",0.0,0.4223170280456543,2100.668029785156,0.0,0.7334461808204651,0.0,,0.0,0.0,0.0,0.0,22.939288330078124,22.939288330078124,Leave_One_experiments/all_year_offline_schedule_search/daily_outputs/SYA/SYA_2017_SYA2017_stress_grid_S0001_daily.csv
SYA,SYA,Shenyang,2017,Leave_One_experiments\wth_generated_qc\SYA\SYA2017.WTH,dry_year;water_stress_year;nitrogen_stress_year;irrigation_responsive_year,irrigation_responsive,SYA2017_stress_grid_S0001,top_profit_low_water,2017-07-10,191,86,81,"{""sim_day"": 86.0, ""doy"": 191.0, ""topwt"": 2210.9413146972656, ""grnwt"": 0.0, ""xlai"": 0.7084968090057373, ""totir"": 0.0, ""tofer"": NaN, ""swfac"": 0.0, ""nstres"": 0.4163998961448669}",0.0,0.4163998961448669,2210.9413146972656,0.0,0.7084968090057373,0.0,,0.0,0.0,0.0,0.0,22.939288330078124,22.939288330078124,Leave_One_experiments/all_year_offline_schedule_search/daily_outputs/SYA/SYA_2017_SYA2017_stress_grid_S0001_daily.csv
SYA,SYA,Shenyang,2017,Leave_One_experiments\wth_generated_qc\SYA\SYA2017.WTH,dry_year;water_stress_year;nitrogen_stress_year;irrigation_responsive_year,irrigation_responsive,SYA2017_stress_grid_S0001,top_profit_low_water,2017-07-11,192,87,82,"{""sim_day"": 87.0, ""doy"": 192.0, ""topwt"": 2303.9051818847656, ""grnwt"": 0.0, ""xlai"": 0.6846773624420166, ""totir"": 0.0, ""tofer"": NaN, ""swfac"": 0.0, ""nstres"": 0.4068706035614013}",0.0,0.4068706035614013,2303.9051818847656,0.0,0.6846773624420166,0.0,,0.0,0.0,0.0,0.0,22.939288330078124,22.939288330078124,Leave_One_experiments/all_year_offline_schedule_search/daily_outputs/SYA/SYA_2017_SYA2017_stress_grid_S0001_daily.csv
SYA,SYA,Shenyang,2017,Leave_One_experiments\wth_generated_qc\SYA\SYA2017.WTH,dry_year;water_stress_year;nitrogen_stress_year;irrigation_responsive_year,irrigation_responsive,SYA2017_stress_grid_S0001,top_profit_low_water,2017-07-12,193,88,83,"{""sim_day"": 88.0, ""doy"": 193.0, ""topwt"": 2379.6571350097656, ""grnwt"": 0.0, ""xlai"": 0.6614030003547668, ""totir"": 0.0, ""tofer"": NaN, ""swfac"": 0.0, ""nstres"": 0.4158341884613037}",0.0,0.4158341884613037,2379.6571350097656,0.0,0.6614030003547668,0.0,,0.0,0.0,0.0,0.0,22.939288330078124,22.939288330078124,Leave_One_experiments/all_year_offline_schedule_search/daily_outputs/SYA/SYA_2017_SYA2017_stress_grid_S0001_daily.csv
SYA,SYA,Shenyang,2017,Leave_One_experiments\wth_generated_qc\SYA\SYA2017.WTH,dry_year;water_stress_year;nitrogen_stress_year;irrigation_responsive_year,irrigation_responsive,SYA2017_stress_grid_S0001,top_profit_low_water,2017-07-13,194,89,84,"{""sim_day"": 89.0, ""doy"": 194.0, ""topwt"": 2420.8045959472656, ""grnwt"": 0.0, ""xlai"": 0.6389005184173584, ""totir"": 0.0, ""tofer"": NaN, ""swfac"": 0.0, ""nstres"": 0.416536808013916}",0.0,0.416536808013916,2420.8045959472656,0.0,0.6389005184173584,0.0,,0.0,0.0,0.0,0.0,22.939288330078124,22.939288330078124,Leave_One_experiments/all_year_offline_schedule_search/daily_outputs/SYA/SYA_2017_SYA2017_stress_grid_S0001_daily.csv
SYA,SYA,Shenyang,2017,Leave_One_experiments\wth_generated_qc\SYA\SYA2017.WTH,dry_year;water_stress_year;nitrogen_stress_year;irrigation_responsive_year,irrigation_responsive,SYA2017_stress_grid_S0001,top_profit_low_water,2017-07-14,195,90,85,"{""sim_day"": 90.0, ""doy"": 195.0, ""topwt"": 2494.7401428222656, ""grnwt"": 0.0, ""xlai"": 0.6172877550125122, ""totir"": 0.0, ""tofer"": NaN, ""swfac"": 0.0, ""nstres"": 0.4118741154670715}",0.0,0.4118741154670715,2494.7401428222656,0.0,0.6172877550125122,0.0,,0.0,0.0,0.0,0.0,22.939288330078124,22.939288330078124,Leave_One_experiments/all_year_offline_schedule_search/daily_outputs/SYA/SYA_2017_SYA2017_stress_grid_S0001_daily.csv
SYA,SYA,Shenyang,2017,Leave_One_experiments\wth_generated_qc\SYA\SYA2017.WTH,dry_year;water_stress_year;nitrogen_stress_year;irrigation_responsive_year,irrigation_responsive,SYA2017_stress_grid_S0001,top_profit_low_water,2017-07-15,196,91,86,"{""sim_day"": 91.0, ""doy"": 196.0, ""topwt"": 2580.4022216796875, ""grnwt"": 0.0, ""xlai"": 0.5967915654182434, ""totir"": 0.0, ""tofer"": NaN, ""swfac"": 0.0, ""nstres"": 0.3968870639801025}",0.0,0.3968870639801025,2580.4022216796875,0.0,0.5967915654182434,0.0,,0.0,0.0,0.0,0.0,22.939288330078124,22.939288330078124,Leave_One_experiments/all_year_offline_schedule_search/daily_outputs/SYA/SYA_2017_SYA2017_stress_grid_S0001_daily.csv
SYA,SYA,Shenyang,2017,Leave_One_experiments\wth_generated_qc\SYA\SYA2017.WTH,dry_year;water_stress_year;nitrogen_stress_year;irrigation_responsive_year,irrigation_responsive,SYA2017_stress_grid_S0001,top_profit_low_water,2017-07-16,197,92,87,"{""sim_day"": 92.0, ""doy"": 197.0, ""topwt"": 2666.953430175781, ""grnwt"": 0.0, ""xlai"": 0.5771693587303162, ""totir"": 0.0, ""tofer"": NaN, ""swfac"": 0.0, ""nstres"": 0.389107346534729}",0.0,0.389107346534729,2666.953430175781,0.0,0.5771693587303162,0.0,,0.0,0.0,0.0,0.0,22.939288330078124,22.939288330078124,Leave_One_experiments/all_year_offline_schedule_search/daily_outputs/SYA/SYA_2017_SYA2017_stress_grid_S0001_daily.csv
SYA,SYA,Shenyang,2017,Leave_One_experiments\wth_generated_qc\SYA\SYA2017.WTH,dry_year;water_stress_year;nitrogen_stress_year;irrigation_responsive_year,irrigation_responsive,SYA2017_stress_grid_S0001,top_profit_low_water,2017-07-17,198,93,88,"{""sim_day"": 93.0, ""doy"": 198.0, ""topwt"": 2742.2705078125, ""grnwt"": 0.0, ""xlai"": 0.5583277940750122, ""totir"": 0.0, ""tofer"": NaN, ""swfac"": 0.0, ""nstres"": 0.383474588394165}",0.0,0.383474588394165,2742.2705078125,0.0,0.5583277940750122,0.0,,0.0,0.0,0.0,0.0,22.939288330078124,22.939288330078124,Leave_One_experiments/all_year_offline_schedule_search/daily_outputs/SYA/SYA_2017_SYA2017_stress_grid_S0001_daily.csv
SYA,SYA,Shenyang,2017,Leave_One_experiments\wth_generated_qc\SYA\SYA2017.WTH,dry_year;water_stress_year;nitrogen_stress_year;irrigation_responsive_year,irrigation_responsive,SYA2017_stress_grid_S0001,top_profit_low_water,2017-07-18,199,94,89,"{""sim_day"": 94.0, ""doy"": 199.0, ""topwt"": 2779.3231201171875, ""grnwt"": 0.0, ""xlai"": 0.5402291417121887, ""totir"": 0.0, ""tofer"": NaN, ""swfac"": 0.0, ""nstres"": 0.3779791593551636}",0.0,0.3779791593551636,2779.3231201171875,0.0,0.5402291417121887,0.0,,0.0,0.0,0.0,0.0,22.939288330078124,22.939288330078124,Leave_One_experiments/all_year_offline_schedule_search/daily_outputs/SYA/SYA_2017_SYA2017_stress_grid_S0001_daily.csv
SYA,SYA,Shenyang,2017,Leave_One_experiments\wth_generated_qc\SYA\SYA2017.WTH,dry_year;water_stress_year;nitrogen_stress_year;irrigation_responsive_year,irrigation_responsive,SYA2017_stress_grid_S0001,top_profit_low_water,2017-07-19,200,95,90,"{""sim_day"": 95.0, ""doy"": 200.0, ""topwt"": 2831.9317626953125, ""grnwt"": 121.90242767333984, ""xlai"": 0.5229173898696899, ""totir"": 0.0, ""tofer"": NaN, ""swfac"": 0.0, ""nstres"": 0.369082510471344}",0.0,0.369082510471344,2831.9317626953125,121.90242767333984,0.5229173898696899,0.0,,0.0,0.0,0.0,0.0,22.939288330078124,22.939288330078124,Leave_One_experiments/all_year_offline_schedule_search/daily_outputs/SYA/SYA_2017_SYA2017_stress_grid_S0001_daily.csv
SYA,SYA,Shenyang,2017,Leave_One_experiments\wth_generated_qc\SYA\SYA2017.WTH,dry_year;water_stress_year;nitrogen_stress_year;irrigation_responsive_year,irrigation_responsive,SYA2017_stress_grid_S0001,top_profit_low_water,2017-07-20,201,96,91,"{""sim_day"": 96.0, ""doy"": 201.0, ""topwt"": 2920.0616455078125, ""grnwt"": 190.05781173706052, ""xlai"": 0.5054042339324951, ""totir"": 0.0, ""tofer"": NaN, ""swfac"": 0.0, ""nstres"": 0.4037902355194092}",0.0,0.4037902355194092,2920.0616455078125,190.05781173706052,0.5054042339324951,0.0,,0.0,0.0,0.0,0.0,22.939288330078124,22.939288330078124,Leave_One_experiments/all_year_offline_schedule_search/daily_outputs/SYA/SYA_2017_SYA2017_stress_grid_S0001_daily.csv
SYA,SYA,Shenyang,2017,Leave_One_experiments\wth_generated_qc\SYA\SYA2017.WTH,dry_year;water_stress_year;nitrogen_stress_year;irrigation_responsive_year,irrigation_responsive,SYA2017_stress_grid_S0001,top_profit_low_water,2017-07-21,202,97,92,"{""sim_day"": 97.0, ""doy"": 202.0, ""topwt"": 2944.052734375, ""grnwt"": 258.21319580078125, ""xlai"": 0.48894003033638, ""totir"": 0.0, ""tofer"": NaN, ""swfac"": 0.0, ""nstres"": 0.3818341493606567}",0.0,0.3818341493606567,2944.052734375,258.21319580078125,0.48894003033638,0.0,,0.0,0.0,0.0,0.0,22.939288330078124,22.939288330078124,Leave_One_experiments/all_year_offline_schedule_search/daily_outputs/SYA/SYA_2017_SYA2017_stress_grid_S0001_daily.csv
SYA,SYA,Shenyang,2017,Leave_One_experiments\wth_generated_qc\SYA\SYA2017.WTH,dry_year;water_stress_year;nitrogen_stress_year;irrigation_responsive_year,irrigation_responsive,SYA2017_stress_grid_S0001,top_profit_low_water,2017-07-22,203,98,93,"{""sim_day"": 98.0, ""doy"": 203.0, ""topwt"": 3022.239990234375, ""grnwt"": 326.3685989379883, ""xlai"": 0.4727902114391327, ""totir"": 0.0, ""tofer"": NaN, ""swfac"": 0.0, ""nstres"": 0.3927263021469116}",0.0,0.3927263021469116,3022.239990234375,326.3685989379883,0.4727902114391327,0.0,,0.0,0.0,0.0,0.0,22.939288330078124,22.939288330078124,Leave_One_experiments/all_year_offline_schedule_search/daily_outputs/SYA/SYA_2017_SYA2017_stress_grid_S0001_daily.csv
SYA,SYA,Shenyang,2017,Leave_One_experiments\wth_generated_qc\SYA\SYA2017.WTH,dry_year;water_stress_year;nitrogen_stress_year;irrigation_responsive_year,irrigation_responsive,SYA2017_stress_grid_S0001,top_profit_low_water,2017-07-23,204,99,94,"{""sim_day"": 99.0, ""doy"": 204.0, ""topwt"": 3092.6480102539062, ""grnwt"": 394.52396392822266, ""xlai"": 0.457446813583374, ""totir"": 0.0, ""tofer"": NaN, ""swfac"": 0.0, ""nstres"": 0.3788673877716064}",0.0,0.3788673877716064,3092.6480102539062,394.52396392822266,0.457446813583374,0.0,,0.0,0.0,0.0,0.0,22.939288330078124,22.939288330078124,Leave_One_experiments/all_year_offline_schedule_search/daily_outputs/SYA/SYA_2017_SYA2017_stress_grid_S0001_daily.csv
SYA,SYA,Shenyang,2017,Leave_One_experiments\wth_generated_qc\SYA\SYA2017.WTH,dry_year;water_stress_year;nitrogen_stress_year;irrigation_responsive_year,irrigation_responsive,SYA2017_stress_grid_S0001,top_profit_low_water,2017-07-24,205,100,95,"{""sim_day"": 100.0, ""doy"": 205.0, ""topwt"": 3179.7149658203125, ""grnwt"": 462.6793670654297, ""xlai"": 0.4424324631690979, ""totir"": 0.0, ""tofer"": NaN, ""swfac"": 0.0, ""nstres"": 0.3877298831939697}",0.0,0.3877298831939697,3179.7149658203125,462.6793670654297,0.4424324631690979,0.0,,0.0,0.0,0.0,0.0,22.939288330078124,22.939288330078124,Leave_One_experiments/all_year_offline_schedule_search/daily_outputs/SYA/SYA_2017_SYA2017_stress_grid_S0001_daily.csv
SYA,SYA,Shenyang,2017,Leave_One_experiments\wth_generated_qc\SYA\SYA2017.WTH,dry_year;water_stress_year;nitrogen_stress_year;irrigation_responsive_year,irrigation_responsive,SYA2017_stress_grid_S0001,top_profit_low_water,2017-07-25,206,101,96,"{""sim_day"": 101.0, ""doy"": 206.0, ""topwt"": 3228.0490112304688, ""grnwt"": 530.8347702026367, ""xlai"": 0.4278416931629181, ""totir"": 0.0, ""tofer"": NaN, ""swfac"": 0.0, ""nstres"": 0.3914879560470581}",0.0,0.3914879560470581,3228.0490112304688,530.8347702026367,0.4278416931629181,0.0,,0.0,0.0,0.0,0.0,22.939288330078124,22.939288330078124,Leave_One_experiments/all_year_offline_schedule_search/daily_outputs/SYA/SYA_2017_SYA2017_stress_grid_S0001_daily.csv
SYA,SYA,Shenyang,2017,Leave_One_experiments\wth_generated_qc\SYA\SYA2017.WTH,dry_year;water_stress_year;nitrogen_stress_year;irrigation_responsive_year,irrigation_responsive,SYA2017_stress_grid_S0001,top_profit_low_water,2017-07-26,207,102,97,"{""sim_day"": 102.0, ""doy"": 207.0, ""topwt"": 3270.2117919921875, ""grnwt"": 598.9901733398438, ""xlai"": 0.4135707020759582, ""totir"": 0.0, ""tofer"": NaN, ""swfac"": 0.0, ""nstres"": 0.4005382061004638}",0.0,0.4005382061004638,3270.2117919921875,598.9901733398438,0.4135707020759582,0.0,,0.0,0.0,0.0,0.0,22.939288330078124,22.939288330078124,Leave_One_experiments/all_year_offline_schedule_search/daily_outputs/SYA/SYA_2017_SYA2017_stress_grid_S0001_daily.csv
SYA,SYA,Shenyang,2017,Leave_One_experiments\wth_generated_qc\SYA\SYA2017.WTH,dry_year;water_stress_year;nitrogen_stress_year;irrigation_responsive_year,irrigation_responsive,SYA2017_stress_grid_S0001,top_profit_low_water,2017-07-27,208,103,98,"{""sim_day"": 103.0, ""doy"": 208.0, ""topwt"": 3348.797607421875, ""grnwt"": 667.1456146240234, ""xlai"": 0.3998273313045501, ""totir"": 0.0, ""tofer"": NaN, ""swfac"": 0.0, ""nstres"": 0.3975430727005005}",0.0,0.3975430727005005,3348.797607421875,667.1456146240234,0.3998273313045501,0.0,,0.0,0.0,0.0,0.0,22.939288330078124,22.939288330078124,Leave_One_experiments/all_year_offline_schedule_search/daily_outputs/SYA/SYA_2017_SYA2017_stress_grid_S0001_daily.csv
SYA,SYA,Shenyang,2017,Leave_One_experiments\wth_generated_qc\SYA\SYA2017.WTH,dry_year;water_stress_year;nitrogen_stress_year;irrigation_responsive_year,irrigation_responsive,SYA2017_stress_grid_S0001,top_profit_low_water,2017-07-28,209,104,99,"{""sim_day"": 104.0, ""doy"": 209.0, ""topwt"": 3420.142822265625, ""grnwt"": 735.3009796142578, ""xlai"": 0.3866422772407532, ""totir"": 0.0, ""tofer"": NaN, ""swfac"": 0.0, ""nstres"": 0.3914451003074646}",0.0,0.3914451003074646,3420.142822265625,735.3009796142578,0.3866422772407532,0.0,,0.0,0.0,0.0,0.0,22.939288330078124,22.939288330078124,Leave_One_experiments/all_year_offline_schedule_search/daily_outputs/SYA/SYA_2017_SYA2017_stress_grid_S0001_daily.csv
SYA,SYA,Shenyang,2017,Leave_One_experiments\wth_generated_qc\SYA\SYA2017.WTH,dry_year;water_stress_year;nitrogen_stress_year;irrigation_responsive_year,irrigation_responsive,SYA2017_stress_grid_S0001,top_profit_low_water,2017-07-29,210,105,100,"{""sim_day"": 105.0, ""doy"": 210.0, ""topwt"": 3493.8851928710938, ""grnwt"": 803.4564208984375, ""xlai"": 0.373763769865036, ""totir"": 0.0, ""tofer"": NaN, ""swfac"": 0.0, ""nstres"": 0.399404764175415}",0.0,0.399404764175415,3493.8851928710938,803.4564208984375,0.373763769865036,0.0,,0.0,0.0,0.0,0.0,22.939288330078124,22.939288330078124,Leave_One_experiments/all_year_offline_schedule_search/daily_outputs/SYA/SYA_2017_SYA2017_stress_grid_S0001_daily.csv
SYA,SYA,Shenyang,2017,Leave_One_experiments\wth_generated_qc\SYA\SYA2017.WTH,dry_year;water_stress_year;nitrogen_stress_year;irrigation_responsive_year,irrigation_responsive,SYA2017_stress_grid_S0001,top_profit_low_water,2017-07-30,211,106,101,"{""sim_day"": 106.0, ""doy"": 211.0, ""topwt"": 3566.265869140625, ""grnwt"": 871.6117858886719, ""xlai"": 0.3612260520458221, ""totir"": 0.0, ""tofer"": NaN, ""swfac"": 0.0, ""nstres"": 0.4050685167312622}",0.0,0.4050685167312622,3566.265869140625,871.6117858886719,0.3612260520458221,0.0,,0.0,0.0,0.0,0.0,22.939288330078124,22.939288330078124,Leave_One_experiments/all_year_offline_schedule_search/daily_outputs/SYA/SYA_2017_SYA2017_stress_grid_S0001_daily.csv
SYA,SYA,Shenyang,2017,Leave_One_experiments\wth_generated_qc\SYA\SYA2017.WTH,dry_year;water_stress_year;nitrogen_stress_year;irrigation_responsive_year,irrigation_responsive,SYA2017_stress_grid_S0001,top_profit_low_water,2017-07-31,212,107,102,"{""sim_day"": 107.0, ""doy"": 212.0, ""topwt"": 3621.4556884765625, ""grnwt"": 939.7672271728516, ""xlai"": 0.349004328250885, ""totir"": 0.0, ""tofer"": NaN, ""swfac"": 0.0, ""nstres"": 0.4120179414749145}",0.0,0.4120179414749145,3621.4556884765625,939.7672271728516,0.349004328250885,0.0,,0.0,0.0,0.0,0.0,22.939288330078124,22.939288330078124,Leave_One_experiments/all_year_offline_schedule_search/daily_outputs/SYA/SYA_2017_SYA2017_stress_grid_S0001_daily.csv
SYA,SYA,Shenyang,2017,Leave_One_experiments\wth_generated_qc\SYA\SYA2017.WTH,dry_year;water_stress_year;nitrogen_stress_year;irrigation_responsive_year,irrigation_responsive,SYA2017_stress_grid_S0001,top_profit_low_water,2017-08-01,213,108,103,"{""sim_day"": 108.0, ""doy"": 213.0, ""topwt"": 3651.61865234375, ""grnwt"": 1006.6446685791016, ""xlai"": 0.3371188342571258, ""totir"": 0.0, ""tofer"": NaN, ""swfac"": 0.0, ""nstres"": 0.4173312783241272}",0.0,0.4173312783241272,3651.61865234375,1006.6446685791016,0.3371188342571258,0.0,,0.0,0.0,0.0,0.0,22.939288330078124,22.939288330078124,Leave_One_experiments/all_year_offline_schedule_search/daily_outputs/SYA/SYA_2017_SYA2017_stress_grid_S0001_daily.csv
SYA,SYA,Shenyang,2017,Leave_One_experiments\wth_generated_qc\SYA\SYA2017.WTH,dry_year;water_stress_year;nitrogen_stress_year;irrigation_responsive_year,irrigation_responsive,SYA2017_stress_grid_S0001,top_profit_low_water,2017-08-02,214,109,104,"{""sim_day"": 109.0, ""doy"": 214.0, ""topwt"": 3670.6396484375, ""grnwt"": 1074.8001098632812, ""xlai"": 0.3256633579730987, ""totir"": 0.0, ""tofer"": NaN, ""swfac"": 0.0, ""nstres"": 0.4155297875404358}",0.0,0.4155297875404358,3670.6396484375,1074.8001098632812,0.3256633579730987,0.0,,0.0,0.0,0.0,0.0,22.939288330078124,22.939288330078124,Leave_One_experiments/all_year_offline_schedule_search/daily_outputs/SYA/SYA_2017_SYA2017_stress_grid_S0001_daily.csv
SYA,SYA,Shenyang,2017,Leave_One_experiments\wth_generated_qc\SYA\SYA2017.WTH,dry_year;water_stress_year;nitrogen_stress_year;irrigation_responsive_year,irrigation_responsive,SYA2017_stress_grid_S0001,top_profit_low_water,2017-08-03,215,110,105,"{""sim_day"": 110.0, ""doy"": 215.0, ""topwt"": 3730.00244140625, ""grnwt"": 1139.5477294921875, ""xlai"": 0.314749538898468, ""totir"": 0.0, ""tofer"": NaN, ""swfac"": 0.0, ""nstres"": 0.4043007493019104}",0.0,0.4043007493019104,3730.00244140625,1139.5477294921875,0.314749538898468,0.0,,0.0,0.0,0.0,0.0,22.939288330078124,22.939288330078124,Leave_One_experiments/all_year_offline_schedule_search/daily_outputs/SYA/SYA_2017_SYA2017_stress_grid_S0001_daily.csv
SYA,SYA,Shenyang,2017,Leave_One_experiments\wth_generated_qc\SYA\SYA2017.WTH,dry_year;water_stress_year;nitrogen_stress_year;irrigation_responsive_year,irrigation_responsive,SYA2017_stress_grid_S0001,top_profit_low_water,2017-08-04,216,111,106,"{""sim_day"": 111.0, ""doy"": 216.0, ""topwt"": 3767.5732421875, ""grnwt"": 1207.703094482422, ""xlai"": 0.3044343292713165, ""totir"": 0.0, ""tofer"": NaN, ""swfac"": 0.0, ""nstres"": 0.3865448236465454}",0.0,0.3865448236465454,3767.5732421875,1207.703094482422,0.3044343292713165,0.0,,0.0,0.0,0.0,0.0,22.939288330078124,22.939288330078124,Leave_One_experiments/all_year_offline_schedule_search/daily_outputs/SYA/SYA_2017_SYA2017_stress_grid_S0001_daily.csv
SYA,SYA,Shenyang,2017,Leave_One_experiments\wth_generated_qc\SYA\SYA2017.WTH,dry_year;water_stress_year;nitrogen_stress_year;irrigation_responsive_year,irrigation_responsive,SYA2017_stress_grid_S0001,top_profit_low_water,2017-08-05,217,112,107,"{""sim_day"": 112.0, ""doy"": 217.0, ""topwt"": 3806.2847900390634, ""grnwt"": 1275.8585357666016, ""xlai"": 0.2943845987319946, ""totir"": 0.0, ""tofer"": NaN, ""swfac"": 0.0, ""nstres"": 0.3922681808471679}",0.0,0.3922681808471679,3806.2847900390634,1275.8585357666016,0.2943845987319946,0.0,,0.0,0.0,0.0,0.0,22.939288330078124,22.939288330078124,Leave_One_experiments/all_year_offline_schedule_search/daily_outputs/SYA/SYA_2017_SYA2017_stress_grid_S0001_daily.csv
SYA,SYA,Shenyang,2017,Leave_One_experiments\wth_generated_qc\SYA\SYA2017.WTH,dry_year;water_stress_year;nitrogen_stress_year;irrigation_responsive_year,irrigation_responsive,SYA2017_stress_grid_S0001,top_profit_low_water,2017-08-06,218,113,108,"{""sim_day"": 113.0, ""doy"": 218.0, ""topwt"": 3839.3511962890634, ""grnwt"": 1344.0139770507812, ""xlai"": 0.2847256660461426, ""totir"": 0.0, ""tofer"": NaN, ""swfac"": 0.0, ""nstres"": 0.3874529004096985}",0.0,0.3874529004096985,3839.3511962890634,1344.0139770507812,0.2847256660461426,0.0,,0.0,0.0,0.0,0.0,22.939288330078124,22.939288330078124,Leave_One_experiments/all_year_offline_schedule_search/daily_outputs/SYA/SYA_2017_SYA2017_stress_grid_S0001_daily.csv
SYA,SYA,Shenyang,2017,Leave_One_experiments\wth_generated_qc\SYA\SYA2017.WTH,dry_year;water_stress_year;nitrogen_stress_year;irrigation_responsive_year,irrigation_responsive,SYA2017_stress_grid_S0001,top_profit_low_water,2017-08-07,219,114,109,"{""sim_day"": 114.0, ""doy"": 219.0, ""topwt"": 3897.638244628906, ""grnwt"": 1412.1693420410156, ""xlai"": 0.2754435539245605, ""totir"": 0.0, ""tofer"": NaN, ""swfac"": 0.0, ""nstres"": 0.3824042081832886}",0.0,0.3824042081832886,3897.638244628906,1412.1693420410156,0.2754435539245605,0.0,,0.0,0.0,0.0,0.0,22.939288330078124,22.939288330078124,Leave_One_experiments/all_year_offline_schedule_search/daily_outputs/SYA/SYA_2017_SYA2017_stress_grid_S0001_daily.csv
SYA,SYA,Shenyang,2017,Leave_One_experiments\wth_generated_qc\SYA\SYA2017.WTH,dry_year;water_stress_year;nitrogen_stress_year;irrigation_responsive_year,irrigation_responsive,SYA2017_stress_grid_S0001,top_profit_low_water,2017-08-08,220,115,110,"{""sim_day"": 115.0, ""doy"": 220.0, ""topwt"": 3943.4555053710938, ""grnwt"": 1480.32470703125, ""xlai"": 0.2665442824363708, ""totir"": 0.0, ""tofer"": NaN, ""swfac"": 0.0, ""nstres"": 0.3754116296768188}",0.0,0.3754116296768188,3943.4555053710938,1480.32470703125,0.2665442824363708,0.0,,0.0,0.0,0.0,0.0,22.939288330078124,22.939288330078124,Leave_One_experiments/all_year_offline_schedule_search/daily_outputs/SYA/SYA_2017_SYA2017_stress_grid_S0001_daily.csv
SYA,SYA,Shenyang,2017,Leave_One_experiments\wth_generated_qc\SYA\SYA2017.WTH,dry_year;water_stress_year;nitrogen_stress_year;irrigation_responsive_year,irrigation_responsive,SYA2017_stress_grid_S0001,top_profit_low_water,2017-08-09,221,116,111,"{""sim_day"": 116.0, ""doy"": 221.0, ""topwt"": 3976.6851806640634, ""grnwt"": 1548.4799194335938, ""xlai"": 0.257845789194107, ""totir"": 0.0, ""tofer"": NaN, ""swfac"": 0.0, ""nstres"": 0.3832278251647949}",0.0,0.3832278251647949,3976.6851806640634,1548.4799194335938,0.257845789194107,0.0,,0.0,0.0,0.0,0.0,22.939288330078124,22.939288330078124,Leave_One_experiments/all_year_offline_schedule_search/daily_outputs/SYA/SYA_2017_SYA2017_stress_grid_S0001_daily.csv
SYA,SYA,Shenyang,2017,Leave_One_experiments\wth_generated_qc\SYA\SYA2017.WTH,dry_year;water_stress_year;nitrogen_stress_year;irrigation_responsive_year,irrigation_responsive,SYA2017_stress_grid_S0001,top_profit_low_water,2017-08-10,222,117,112,"{""sim_day"": 117.0, ""doy"": 222.0, ""topwt"": 4020.6646728515625, ""grnwt"": 1616.635284423828, ""xlai"": 0.2494328320026397, ""totir"": 0.0, ""tofer"": NaN, ""swfac"": 0.0, ""nstres"": 0.3830689787864685}",0.0,0.3830689787864685,4020.6646728515625,1616.635284423828,0.2494328320026397,0.0,,0.0,0.0,0.0,0.0,22.939288330078124,22.939288330078124,Leave_One_experiments/all_year_offline_schedule_search/daily_outputs/SYA/SYA_2017_SYA2017_stress_grid_S0001_daily.csv
SYA,SYA,Shenyang,2017,Leave_One_experiments\wth_generated_qc\SYA\SYA2017.WTH,dry_year;water_stress_year;nitrogen_stress_year;irrigation_responsive_year,irrigation_responsive,SYA2017_stress_grid_S0001,top_profit_low_water,2017-08-11,223,118,113,"{""sim_day"": 118.0, ""doy"": 223.0, ""topwt"": 4055.7916259765625, ""grnwt"": 1680.531005859375, ""xlai"": 0.2413558959960937, ""totir"": 0.0, ""tofer"": NaN, ""swfac"": 0.0, ""nstres"": 0.3771474957466125}",0.0,0.3771474957466125,4055.7916259765625,1680.531005859375,0.2413558959960937,0.0,,0.0,0.0,0.0,0.0,22.939288330078124,22.939288330078124,Leave_One_experiments/all_year_offline_schedule_search/daily_outputs/SYA/SYA_2017_SYA2017_stress_grid_S0001_daily.csv
SYA,SYA,Shenyang,2017,Leave_One_experiments\wth_generated_qc\SYA\SYA2017.WTH,dry_year;water_stress_year;nitrogen_stress_year;irrigation_responsive_year,irrigation_responsive,SYA2017_stress_grid_S0001,top_profit_low_water,2017-08-12,224,119,114,"{""sim_day"": 119.0, ""doy"": 224.0, ""topwt"": 4106.706848144531, ""grnwt"": 1748.6863708496094, ""xlai"": 0.2335537225008011, ""totir"": 0.0, ""tofer"": NaN, ""swfac"": 0.0, ""nstres"": 0.3758323192596435}",0.0,0.3758323192596435,4106.706848144531,1748.6863708496094,0.2335537225008011,0.0,,0.0,0.0,0.0,0.0,22.939288330078124,22.939288330078124,Leave_One_experiments/all_year_offline_schedule_search/daily_outputs/SYA/SYA_2017_SYA2017_stress_grid_S0001_daily.csv
SYA,SYA,Shenyang,2017,Leave_One_experiments\wth_generated_qc\SYA\SYA2017.WTH,dry_year;water_stress_year;nitrogen_stress_year;irrigation_responsive_year,irrigation_responsive,SYA2017_stress_grid_S0001,top_profit_low_water,2017-08-13,225,120,115,"{""sim_day"": 120.0, ""doy"": 225.0, ""topwt"": 4119.210815429688, ""grnwt"": 1816.841583251953, ""xlai"": 0.2260021865367889, ""totir"": 0.0, ""tofer"": NaN, ""swfac"": 0.0, ""nstres"": 0.3759990930557251}",0.0,0.3759990930557251,4119.210815429688,1816.841583251953,0.2260021865367889,0.0,,0.0,0.0,0.0,0.0,22.939288330078124,22.939288330078124,Leave_One_experiments/all_year_offline_schedule_search/daily_outputs/SYA/SYA_2017_SYA2017_stress_grid_S0001_daily.csv
SYA,SYA,Shenyang,2017,Leave_One_experiments\wth_generated_qc\SYA\SYA2017.WTH,dry_year;water_stress_year;nitrogen_stress_year;irrigation_responsive_year,irrigation_responsive,SYA2017_stress_grid_S0001,top_profit_low_water,2017-08-14,226,121,116,"{""sim_day"": 121.0, ""doy"": 226.0, ""topwt"": 4145.803527832031, ""grnwt"": 1884.9969482421875, ""xlai"": 0.2186290770769119, ""totir"": 0.0, ""tofer"": NaN, ""swfac"": 0.0, ""nstres"": 0.3829760551452636}",0.0,0.3829760551452636,4145.803527832031,1884.9969482421875,0.2186290770769119,0.0,,0.0,0.0,0.0,0.0,22.939288330078124,22.939288330078124,Leave_One_experiments/all_year_offline_schedule_search/daily_outputs/SYA/SYA_2017_SYA2017_stress_grid_S0001_daily.csv
SYA,SYA,Shenyang,2017,Leave_One_experiments\wth_generated_qc\SYA\SYA2017.WTH,dry_year;water_stress_year;nitrogen_stress_year;irrigation_responsive_year,irrigation_responsive,SYA2017_stress_grid_S0001,top_profit_low_water,2017-08-15,227,122,117,"{""sim_day"": 122.0, ""doy"": 227.0, ""topwt"": 4182.614135742188, ""grnwt"": 1953.1523132324216, ""xlai"": 0.211642786860466, ""totir"": 0.0, ""tofer"": NaN, ""swfac"": 0.0, ""nstres"": 0.3669136762619018}",0.0,0.3669136762619018,4182.614135742188,1953.1523132324216,0.211642786860466,0.0,,0.0,0.0,0.0,0.0,22.939288330078124,22.939288330078124,Leave_One_experiments/all_year_offline_schedule_search/daily_outputs/SYA/SYA_2017_SYA2017_stress_grid_S0001_daily.csv
SYA,SYA,Shenyang,2017,Leave_One_experiments\wth_generated_qc\SYA\SYA2017.WTH,dry_year;water_stress_year;nitrogen_stress_year;irrigation_responsive_year,irrigation_responsive,SYA2017_stress_grid_S0001,top_profit_low_water,2017-08-16,228,123,118,"{""sim_day"": 123.0, ""doy"": 228.0, ""topwt"": 4200.679321289063, ""grnwt"": 2021.307678222656, ""xlai"": 0.2049133479595184, ""totir"": 0.0, ""tofer"": NaN, ""swfac"": 0.0, ""nstres"": 0.3631061911582947}",0.0,0.3631061911582947,4200.679321289063,2021.307678222656,0.2049133479595184,0.0,,0.0,0.0,0.0,0.0,22.939288330078124,22.939288330078124,Leave_One_experiments/all_year_offline_schedule_search/daily_outputs/SYA/SYA_2017_SYA2017_stress_grid_S0001_daily.csv
SYA,SYA,Shenyang,2017,Leave_One_experiments\wth_generated_qc\SYA\SYA2017.WTH,dry_year;water_stress_year;nitrogen_stress_year;irrigation_responsive_year,irrigation_responsive,SYA2017_stress_grid_S0001,top_profit_low_water,2017-08-17,229,124,119,"{""sim_day"": 124.0, ""doy"": 229.0, ""topwt"": 4222.301025390625, ""grnwt"": 2089.462890625, ""xlai"": 0.1983363330364227, ""totir"": 0.0, ""tofer"": NaN, ""swfac"": 0.0, ""nstres"": 0.3703112602233886}",0.0,0.3703112602233886,4222.301025390625,2089.462890625,0.1983363330364227,0.0,,0.0,0.0,0.0,0.0,22.939288330078124,22.939288330078124,Leave_One_experiments/all_year_offline_schedule_search/daily_outputs/SYA/SYA_2017_SYA2017_stress_grid_S0001_daily.csv
SYA,SYA,Shenyang,2017,Leave_One_experiments\wth_generated_qc\SYA\SYA2017.WTH,dry_year;water_stress_year;nitrogen_stress_year;irrigation_responsive_year,irrigation_responsive,SYA2017_stress_grid_S0001,top_profit_low_water,2017-08-18,230,125,120,"{""sim_day"": 125.0, ""doy"": 230.0, ""topwt"": 4257.8564453125, ""grnwt"": 2157.6182556152344, ""xlai"": 0.1920408755540847, ""totir"": 0.0, ""tofer"": NaN, ""swfac"": 0.0, ""nstres"": 0.361797034740448}",0.0,0.361797034740448,4257.8564453125,2157.6182556152344,0.1920408755540847,0.0,,0.0,0.0,0.0,0.0,22.939288330078124,22.939288330078124,Leave_One_experiments/all_year_offline_schedule_search/daily_outputs/SYA/SYA_2017_SYA2017_stress_grid_S0001_daily.csv
SYA,SYA,Shenyang,2017,Leave_One_experiments\wth_generated_qc\SYA\SYA2017.WTH,dry_year;water_stress_year;nitrogen_stress_year;irrigation_responsive_year,irrigation_responsive,SYA2017_stress_grid_S0001,top_profit_low_water,2017-08-19,231,126,121,"{""sim_day"": 126.0, ""doy"": 231.0, ""topwt"": 4297.251281738281, ""grnwt"": 2225.7736206054688, ""xlai"": 0.1859023571014404, ""totir"": 0.0, ""tofer"": NaN, ""swfac"": 0.0, ""nstres"": 0.3671443462371826}",0.0,0.3671443462371826,4297.251281738281,2225.7736206054688,0.1859023571014404,0.0,,0.0,0.0,0.0,0.0,22.939288330078124,22.939288330078124,Leave_One_experiments/all_year_offline_schedule_search/daily_outputs/SYA/SYA_2017_SYA2017_stress_grid_S0001_daily.csv
SYA,SYA,Shenyang,2017,Leave_One_experiments\wth_generated_qc\SYA\SYA2017.WTH,dry_year;water_stress_year;nitrogen_stress_year;irrigation_responsive_year,irrigation_responsive,SYA2017_stress_grid_S0001,top_profit_low_water,2017-08-20,232,127,122,"{""sim_day"": 127.0, ""doy"": 232.0, ""topwt"": 4338.65966796875, ""grnwt"": 2293.9288330078125, ""xlai"": 0.1798192858695984, ""totir"": 0.0, ""tofer"": NaN, ""swfac"": 0.0, ""nstres"": 0.3853274583816528}",0.0,0.3853274583816528,4338.65966796875,2293.9288330078125,0.1798192858695984,0.0,,0.0,0.0,0.0,0.0,22.939288330078124,22.939288330078124,Leave_One_experiments/all_year_offline_schedule_search/daily_outputs/SYA/SYA_2017_SYA2017_stress_grid_S0001_daily.csv
SYA,SYA,Shenyang,2017,Leave_One_experiments\wth_generated_qc\SYA\SYA2017.WTH,dry_year;water_stress_year;nitrogen_stress_year;irrigation_responsive_year,irrigation_responsive,SYA2017_stress_grid_S0001,top_profit_low_water,2017-08-21,233,128,123,"{""sim_day"": 128.0, ""doy"": 233.0, ""topwt"": 4338.65966796875, ""grnwt"": 2293.9288330078125, ""xlai"": 0.1798192858695984, ""totir"": 0.0, ""tofer"": NaN, ""swfac"": 0.0, ""nstres"": 0.3994487524032593}",0.0,0.3994487524032593,4338.65966796875,2293.9288330078125,0.1798192858695984,0.0,,0.0,0.0,0.0,0.0,22.939288330078124,22.939288330078124,Leave_One_experiments/all_year_offline_schedule_search/daily_outputs/SYA/SYA_2017_SYA2017_stress_grid_S0001_daily.csv
SYA,SYA,Shenyang,2017,Leave_One_experiments\wth_generated_qc\SYA\SYA2017.WTH,dry_year;water_stress_year;nitrogen_stress_year;irrigation_responsive_year,irrigation_responsive,SYA2017_stress_grid_S0001,top_profit_low_water,2017-08-22,234,129,124,"{""sim_day"": 129.0, ""doy"": 234.0, ""topwt"": 4338.65966796875, ""grnwt"": 2293.9288330078125, ""xlai"": 0.1798192858695984, ""totir"": 0.0, ""tofer"": NaN, ""swfac"": 0.0, ""nstres"": 0.3994487524032593}",0.0,0.3994487524032593,4338.65966796875,2293.9288330078125,0.1798192858695984,0.0,,0.0,0.0,0.0,0.0,22.939288330078124,22.939288330078124,Leave_One_experiments/all_year_offline_schedule_search/daily_outputs/SYA/SYA_2017_SYA2017_stress_grid_S0001_daily.csv
SYA,SYA,Shenyang,2017,Leave_One_experiments\wth_generated_qc\SYA\SYA2017.WTH,dry_year;water_stress_year;nitrogen_stress_year;irrigation_responsive_year,irrigation_responsive,SYA2017_stress_grid_S0001,top_profit_low_water,2017-08-23,235,130,125,"{""sim_day"": 130.0, ""doy"": 235.0, ""topwt"": 4338.65966796875, ""grnwt"": 2293.9288330078125, ""xlai"": 0.1798192858695984, ""totir"": 0.0, ""tofer"": NaN, ""swfac"": 0.0, ""nstres"": 0.3994487524032593}",0.0,0.3994487524032593,4338.65966796875,2293.9288330078125,0.1798192858695984,0.0,,0.0,0.0,0.0,0.0,22.939288330078124,22.939288330078124,Leave_One_experiments/all_year_offline_schedule_search/daily_outputs/SYA/SYA_2017_SYA2017_stress_grid_S0001_daily.csv
SYA,SYA,Shenyang,2019,Leave_One_experiments\wth_generated_qc\SYA\SYA2019.WTH,wet_year;nitrogen_stress_year;low_response_year,wet,SYA2019_normal_grid_S0031,irrigation_positive_candidate,2019-04-21,111,1,1,"{""sim_day"": 1.0, ""doy"": 111.0, ""topwt"": 0.0, ""grnwt"": 0.0, ""xlai"": 0.0, ""totir"": 0.0, ""tofer"": NaN, ""swfac"": 0.0, ""nstres"": 0.0}",0.0,0.0,0.0,0.0,0.0,0.0,,0.0,80.0,30.0,180.0,35.70172729492188,47.70172729492188,Leave_One_experiments/all_year_offline_schedule_search/daily_outputs/SYA/SYA_2019_SYA2019_normal_grid_S0031_daily.csv
SYA,SYA,Shenyang,2019,Leave_One_experiments\wth_generated_qc\SYA\SYA2019.WTH,wet_year;nitrogen_stress_year;low_response_year,wet,SYA2019_normal_grid_S0031,irrigation_positive_candidate,2019-04-22,112,2,2,"{""sim_day"": 2.0, ""doy"": 112.0, ""topwt"": 0.0, ""grnwt"": 0.0, ""xlai"": 0.0, ""totir"": 0.0, ""tofer"": NaN, ""swfac"": 0.0, ""nstres"": 0.0}",0.0,0.0,0.0,0.0,0.0,0.0,,0.0,0.0,30.0,180.0,35.70172729492188,47.70172729492188,Leave_One_experiments/all_year_offline_schedule_search/daily_outputs/SYA/SYA_2019_SYA2019_normal_grid_S0031_daily.csv
SYA,SYA,Shenyang,2019,Leave_One_experiments\wth_generated_qc\SYA\SYA2019.WTH,wet_year;nitrogen_stress_year;low_response_year,wet,SYA2019_normal_grid_S0031,irrigation_positive_candidate,2019-04-23,113,3,3,"{""sim_day"": 3.0, ""doy"": 113.0, ""topwt"": 0.0, ""grnwt"": 0.0, ""xlai"": 0.0, ""totir"": 0.0, ""tofer"": NaN, ""swfac"": 0.0, ""nstres"": 0.0}",0.0,0.0,0.0,0.0,0.0,0.0,,0.0,0.0,30.0,180.0,35.70172729492188,47.70172729492188,Leave_One_experiments/all_year_offline_schedule_search/daily_outputs/SYA/SYA_2019_SYA2019_normal_grid_S0031_daily.csv
SYA,SYA,Shenyang,2019,Leave_One_experiments\wth_generated_qc\SYA\SYA2019.WTH,wet_year;nitrogen_stress_year;low_response_year,wet,SYA2019_normal_grid_S0031,irrigation_positive_candidate,2019-04-24,114,4,4,"{""sim_day"": 4.0, ""doy"": 114.0, ""topwt"": 0.0, ""grnwt"": 0.0, ""xlai"": 0.0, ""totir"": 0.0, ""tofer"": NaN, ""swfac"": 0.0, ""nstres"": 0.0}",0.0,0.0,0.0,0.0,0.0,0.0,,0.0,0.0,30.0,180.0,35.70172729492188,47.70172729492188,Leave_One_experiments/all_year_offline_schedule_search/daily_outputs/SYA/SYA_2019_SYA2019_normal_grid_S0031_daily.csv
SYA,SYA,Shenyang,2019,Leave_One_experiments\wth_generated_qc\SYA\SYA2019.WTH,wet_year;nitrogen_stress_year;low_response_year,wet,SYA2019_normal_grid_S0031,irrigation_positive_candidate,2019-04-25,115,5,5,"{""sim_day"": 5.0, ""doy"": 115.0, ""topwt"": 0.0, ""grnwt"": 0.0, ""xlai"": 0.0, ""totir"": 0.0, ""tofer"": NaN, ""swfac"": 0.0, ""nstres"": 0.0}",0.0,0.0,0.0,0.0,0.0,0.0,,0.0,0.0,30.0,180.0,35.70172729492188,47.70172729492188,Leave_One_experiments/all_year_offline_schedule_search/daily_outputs/SYA/SYA_2019_SYA2019_normal_grid_S0031_daily.csv
SYA,SYA,Shenyang,2019,Leave_One_experiments\wth_generated_qc\SYA\SYA2019.WTH,wet_year;nitrogen_stress_year;low_response_year,wet,SYA2019_normal_grid_S0031,irrigation_positive_candidate,2019-04-21,111,6,1,"{""sim_day"": 6.0, ""doy"": 111.0, ""topwt"": 0.0, ""grnwt"": 0.0, ""xlai"": 0.0, ""totir"": 0.0, ""tofer"": NaN, ""swfac"": 0.0, ""nstres"": 0.0}",0.0,0.0,0.0,0.0,0.0,0.0,,0.0,0.0,30.0,180.0,35.70172729492188,47.70172729492188,Leave_One_experiments/all_year_offline_schedule_search/daily_outputs/SYA/SYA_2019_SYA2019_normal_grid_S0031_daily.csv
SYA,SYA,Shenyang,2019,Leave_One_experiments\wth_generated_qc\SYA\SYA2019.WTH,wet_year;nitrogen_stress_year;low_response_year,wet,SYA2019_normal_grid_S0031,irrigation_positive_candidate,2019-04-22,112,7,2,"{""sim_day"": 7.0, ""doy"": 112.0, ""topwt"": 0.0, ""grnwt"": 0.0, ""xlai"": 0.0, ""totir"": 0.0, ""tofer"": NaN, ""swfac"": 0.0, ""nstres"": 0.0}",0.0,0.0,0.0,0.0,0.0,0.0,,0.0,0.0,30.0,180.0,35.70172729492188,47.70172729492188,Leave_One_experiments/all_year_offline_schedule_search/daily_outputs/SYA/SYA_2019_SYA2019_normal_grid_S0031_daily.csv
SYA,SYA,Shenyang,2019,Leave_One_experiments\wth_generated_qc\SYA\SYA2019.WTH,wet_year;nitrogen_stress_year;low_response_year,wet,SYA2019_normal_grid_S0031,irrigation_positive_candidate,2019-04-23,113,8,3,"{""sim_day"": 8.0, ""doy"": 113.0, ""topwt"": 0.0, ""grnwt"": 0.0, ""xlai"": 0.0, ""totir"": 0.0, ""tofer"": NaN, ""swfac"": 0.0, ""nstres"": 0.0}",0.0,0.0,0.0,0.0,0.0,0.0,,0.0,0.0,30.0,180.0,35.70172729492188,47.70172729492188,Leave_One_experiments/all_year_offline_schedule_search/daily_outputs/SYA/SYA_2019_SYA2019_normal_grid_S0031_daily.csv
SYA,SYA,Shenyang,2019,Leave_One_experiments\wth_generated_qc\SYA\SYA2019.WTH,wet_year;nitrogen_stress_year;low_response_year,wet,SYA2019_normal_grid_S0031,irrigation_positive_candidate,2019-04-24,114,9,4,"{""sim_day"": 9.0, ""doy"": 114.0, ""topwt"": 0.0, ""grnwt"": 0.0, ""xlai"": 0.0, ""totir"": 0.0, ""tofer"": NaN, ""swfac"": 0.0, ""nstres"": 0.0}",0.0,0.0,0.0,0.0,0.0,0.0,,0.0,0.0,30.0,180.0,35.70172729492188,47.70172729492188,Leave_One_experiments/all_year_offline_schedule_search/daily_outputs/SYA/SYA_2019_SYA2019_normal_grid_S0031_daily.csv
SYA,SYA,Shenyang,2019,Leave_One_experiments\wth_generated_qc\SYA\SYA2019.WTH,wet_year;nitrogen_stress_year;low_response_year,wet,SYA2019_normal_grid_S0031,irrigation_positive_candidate,2019-04-25,115,10,5,"{""sim_day"": 10.0, ""doy"": 115.0, ""topwt"": 0.0, ""grnwt"": 0.0, ""xlai"": 0.0, ""totir"": 0.0, ""tofer"": NaN, ""swfac"": 0.0, ""nstres"": 0.0}",0.0,0.0,0.0,0.0,0.0,0.0,,0.0,0.0,30.0,180.0,35.70172729492188,47.70172729492188,Leave_One_experiments/all_year_offline_schedule_search/daily_outputs/SYA/SYA_2019_SYA2019_normal_grid_S0031_daily.csv
SYA,SYA,Shenyang,2019,Leave_One_experiments\wth_generated_qc\SYA\SYA2019.WTH,wet_year;nitrogen_stress_year;low_response_year,wet,SYA2019_normal_grid_S0031,irrigation_positive_candidate,2019-04-26,116,11,6,"{""sim_day"": 11.0, ""doy"": 116.0, ""topwt"": 0.0, ""grnwt"": 0.0, ""xlai"": 0.0, ""totir"": 0.0, ""tofer"": NaN, ""swfac"": 0.0, ""nstres"": 0.0}",0.0,0.0,0.0,0.0,0.0,0.0,,0.0,0.0,30.0,180.0,35.70172729492188,47.70172729492188,Leave_One_experiments/all_year_offline_schedule_search/daily_outputs/SYA/SYA_2019_SYA2019_normal_grid_S0031_daily.csv
SYA,SYA,Shenyang,2019,Leave_One_experiments\wth_generated_qc\SYA\SYA2019.WTH,wet_year;nitrogen_stress_year;low_response_year,wet,SYA2019_normal_grid_S0031,irrigation_positive_candidate,2019-04-27,117,12,7,"{""sim_day"": 12.0, ""doy"": 117.0, ""topwt"": 0.0, ""grnwt"": 0.0, ""xlai"": 0.0, ""totir"": 0.0, ""tofer"": NaN, ""swfac"": 0.0, ""nstres"": 0.0}",0.0,0.0,0.0,0.0,0.0,0.0,,0.0,0.0,30.0,180.0,35.70172729492188,47.70172729492188,Leave_One_experiments/all_year_offline_schedule_search/daily_outputs/SYA/SYA_2019_SYA2019_normal_grid_S0031_daily.csv
SYA,SYA,Shenyang,2019,Leave_One_experiments\wth_generated_qc\SYA\SYA2019.WTH,wet_year;nitrogen_stress_year;low_response_year,wet,SYA2019_normal_grid_S0031,irrigation_positive_candidate,2019-04-28,118,13,8,"{""sim_day"": 13.0, ""doy"": 118.0, ""topwt"": 0.0, ""grnwt"": 0.0, ""xlai"": 0.0, ""totir"": 0.0, ""tofer"": NaN, ""swfac"": 0.0, ""nstres"": 0.0}",0.0,0.0,0.0,0.0,0.0,0.0,,0.0,0.0,30.0,180.0,35.70172729492188,47.70172729492188,Leave_One_experiments/all_year_offline_schedule_search/daily_outputs/SYA/SYA_2019_SYA2019_normal_grid_S0031_daily.csv
SYA,SYA,Shenyang,2019,Leave_One_experiments\wth_generated_qc\SYA\SYA2019.WTH,wet_year;nitrogen_stress_year;low_response_year,wet,SYA2019_normal_grid_S0031,irrigation_positive_candidate,2019-04-29,119,14,9,"{""sim_day"": 14.0, ""doy"": 119.0, ""topwt"": 0.0, ""grnwt"": 0.0, ""xlai"": 0.0, ""totir"": 0.0, ""tofer"": NaN, ""swfac"": 0.0, ""nstres"": 0.0}",0.0,0.0,0.0,0.0,0.0,0.0,,0.0,0.0,30.0,180.0,35.70172729492188,47.70172729492188,Leave_One_experiments/all_year_offline_schedule_search/daily_outputs/SYA/SYA_2019_SYA2019_normal_grid_S0031_daily.csv
SYA,SYA,Shenyang,2019,Leave_One_experiments\wth_generated_qc\SYA\SYA2019.WTH,wet_year;nitrogen_stress_year;low_response_year,wet,SYA2019_normal_grid_S0031,irrigation_positive_candidate,2019-04-30,120,15,10,"{""sim_day"": 15.0, ""doy"": 120.0, ""topwt"": 0.0, ""grnwt"": 0.0, ""xlai"": 0.0, ""totir"": 0.0, ""tofer"": NaN, ""swfac"": 0.0, ""nstres"": 0.0}",0.0,0.0,0.0,0.0,0.0,0.0,,0.0,0.0,30.0,180.0,35.70172729492188,47.70172729492188,Leave_One_experiments/all_year_offline_schedule_search/daily_outputs/SYA/SYA_2019_SYA2019_normal_grid_S0031_daily.csv
SYA,SYA,Shenyang,2019,Leave_One_experiments\wth_generated_qc\SYA\SYA2019.WTH,wet_year;nitrogen_stress_year;low_response_year,wet,SYA2019_normal_grid_S0031,irrigation_positive_candidate,2019-05-01,121,16,11,"{""sim_day"": 16.0, ""doy"": 121.0, ""topwt"": 0.0, ""grnwt"": 0.0, ""xlai"": 0.0, ""totir"": 0.0, ""tofer"": NaN, ""swfac"": 0.0, ""nstres"": 0.0}",0.0,0.0,0.0,0.0,0.0,0.0,,0.0,0.0,30.0,180.0,35.70172729492188,47.70172729492188,Leave_One_experiments/all_year_offline_schedule_search/daily_outputs/SYA/SYA_2019_SYA2019_normal_grid_S0031_daily.csv
SYA,SYA,Shenyang,2019,Leave_One_experiments\wth_generated_qc\SYA\SYA2019.WTH,wet_year;nitrogen_stress_year;low_response_year,wet,SYA2019_normal_grid_S0031,irrigation_positive_candidate,2019-05-02,122,17,12,"{""sim_day"": 17.0, ""doy"": 122.0, ""topwt"": 17.600001096725464, ""grnwt"": 0.0, ""xlai"": 0.0018816884839907, ""totir"": 0.0, ""tofer"": NaN, ""swfac"": 0.0, ""nstres"": 0.0121910572052001}",0.0,0.0121910572052001,17.600001096725464,0.0,0.0018816884839907,0.0,,0.0,0.0,30.0,180.0,35.70172729492188,47.70172729492188,Leave_One_experiments/all_year_offline_schedule_search/daily_outputs/SYA/SYA_2019_SYA2019_normal_grid_S0031_daily.csv
SYA,SYA,Shenyang,2019,Leave_One_experiments\wth_generated_qc\SYA\SYA2019.WTH,wet_year;nitrogen_stress_year;low_response_year,wet,SYA2019_normal_grid_S0031,irrigation_positive_candidate,2019-05-03,123,18,13,"{""sim_day"": 18.0, ""doy"": 123.0, ""topwt"": 17.600001096725464, ""grnwt"": 0.0, ""xlai"": 0.0038882941007614, ""totir"": 0.0, ""tofer"": NaN, ""swfac"": 0.0, ""nstres"": 0.0129578709602355}",0.0,0.0129578709602355,17.600001096725464,0.0,0.0038882941007614,0.0,,0.0,0.0,30.0,180.0,35.70172729492188,47.70172729492188,Leave_One_experiments/all_year_offline_schedule_search/daily_outputs/SYA/SYA_2019_SYA2019_normal_grid_S0031_daily.csv
SYA,SYA,Shenyang,2019,Leave_One_experiments\wth_generated_qc\SYA\SYA2019.WTH,wet_year;nitrogen_stress_year;low_response_year,wet,SYA2019_normal_grid_S0031,irrigation_positive_candidate,2019-05-04,124,19,14,"{""sim_day"": 19.0, ""doy"": 124.0, ""topwt"": 17.600001096725464, ""grnwt"": 0.0, ""xlai"": 0.0048435046337544, ""totir"": 0.0, ""tofer"": NaN, ""swfac"": 0.0, ""nstres"": 0.010186493396759}",0.0,0.010186493396759,17.600001096725464,0.0,0.0048435046337544,0.0,,0.0,0.0,30.0,180.0,35.70172729492188,47.70172729492188,Leave_One_experiments/all_year_offline_schedule_search/daily_outputs/SYA/SYA_2019_SYA2019_normal_grid_S0031_daily.csv
SYA,SYA,Shenyang,2019,Leave_One_experiments\wth_generated_qc\SYA\SYA2019.WTH,wet_year;nitrogen_stress_year;low_response_year,wet,SYA2019_normal_grid_S0031,irrigation_positive_candidate,2019-05-05,125,20,15,"{""sim_day"": 20.0, ""doy"": 125.0, ""topwt"": 17.600001096725464, ""grnwt"": 0.0, ""xlai"": 0.0045714383013546, ""totir"": 0.0, ""tofer"": NaN, ""swfac"": 0.0, ""nstres"": 0.00821053981781}",0.0,0.00821053981781,17.600001096725464,0.0,0.0045714383013546,0.0,,0.0,0.0,30.0,180.0,35.70172729492188,47.70172729492188,Leave_One_experiments/all_year_offline_schedule_search/daily_outputs/SYA/SYA_2019_SYA2019_normal_grid_S0031_daily.csv
SYA,SYA,Shenyang,2019,Leave_One_experiments\wth_generated_qc\SYA\SYA2019.WTH,wet_year;nitrogen_stress_year;low_response_year,wet,SYA2019_normal_grid_S0031,irrigation_positive_candidate,2019-05-06,126,21,16,"{""sim_day"": 21.0, ""doy"": 126.0, ""topwt"": 17.600001096725464, ""grnwt"": 0.0, ""xlai"": 0.0060164402239024, ""totir"": 0.0, ""tofer"": NaN, ""swfac"": 0.0, ""nstres"": 0.0044573545455932}",0.0,0.0044573545455932,17.600001096725464,0.0,0.0060164402239024,0.0,,0.0,0.0,30.0,180.0,35.70172729492188,47.70172729492188,Leave_One_experiments/all_year_offline_schedule_search/daily_outputs/SYA/SYA_2019_SYA2019_normal_grid_S0031_daily.csv
SYA,SYA,Shenyang,2019,Leave_One_experiments\wth_generated_qc\SYA\SYA2019.WTH,wet_year;nitrogen_stress_year;low_response_year,wet,SYA2019_normal_grid_S0031,irrigation_positive_candidate,2019-05-07,127,22,17,"{""sim_day"": 22.0, ""doy"": 127.0, ""topwt"": 17.600001096725464, ""grnwt"": 0.0, ""xlai"": 0.0082276863977313, ""totir"": 0.0, ""tofer"": NaN, ""swfac"": 0.0, ""nstres"": 0.0}",0.0,0.0,17.600001096725464,0.0,0.0082276863977313,0.0,,0.0,0.0,30.0,180.0,35.70172729492188,47.70172729492188,Leave_One_experiments/all_year_offline_schedule_search/daily_outputs/SYA/SYA_2019_SYA2019_normal_grid_S0031_daily.csv
SYA,SYA,Shenyang,2019,Leave_One_experiments\wth_generated_qc\SYA\SYA2019.WTH,wet_year;nitrogen_stress_year;low_response_year,wet,SYA2019_normal_grid_S0031,irrigation_positive_candidate,2019-05-08,128,23,18,"{""sim_day"": 23.0, ""doy"": 128.0, ""topwt"": 17.600001096725464, ""grnwt"": 0.0, ""xlai"": 0.0102919023483991, ""totir"": 0.0, ""tofer"": NaN, ""swfac"": 0.0, ""nstres"": 0.0}",0.0,0.0,17.600001096725464,0.0,0.0102919023483991,0.0,,0.0,0.0,30.0,180.0,35.70172729492188,47.70172729492188,Leave_One_experiments/all_year_offline_schedule_search/daily_outputs/SYA/SYA_2019_SYA2019_normal_grid_S0031_daily.csv
SYA,SYA,Shenyang,2019,Leave_One_experiments\wth_generated_qc\SYA\SYA2019.WTH,wet_year;nitrogen_stress_year;low_response_year,wet,SYA2019_normal_grid_S0031,irrigation_positive_candidate,2019-05-09,129,24,19,"{""sim_day"": 24.0, ""doy"": 129.0, ""topwt"": 17.600001096725464, ""grnwt"": 0.0, ""xlai"": 0.0185200236737728, ""totir"": 0.0, ""tofer"": NaN, ""swfac"": 0.0, ""nstres"": 0.0}",0.0,0.0,17.600001096725464,0.0,0.0185200236737728,0.0,,0.0,0.0,30.0,180.0,35.70172729492188,47.70172729492188,Leave_One_experiments/all_year_offline_schedule_search/daily_outputs/SYA/SYA_2019_SYA2019_normal_grid_S0031_daily.csv
SYA,SYA,Shenyang,2019,Leave_One_experiments\wth_generated_qc\SYA\SYA2019.WTH,wet_year;nitrogen_stress_year;low_response_year,wet,SYA2019_normal_grid_S0031,irrigation_positive_candidate,2019-05-10,130,25,20,"{""sim_day"": 25.0, ""doy"": 130.0, ""topwt"": 17.600001096725464, ""grnwt"": 0.0, ""xlai"": 0.0275911893695592, ""totir"": 0.0, ""tofer"": NaN, ""swfac"": 0.0, ""nstres"": 0.0}",0.0,0.0,17.600001096725464,0.0,0.0275911893695592,0.0,,0.0,0.0,30.0,180.0,35.70172729492188,47.70172729492188,Leave_One_experiments/all_year_offline_schedule_search/daily_outputs/SYA/SYA_2019_SYA2019_normal_grid_S0031_daily.csv
SYA,SYA,Shenyang,2019,Leave_One_experiments\wth_generated_qc\SYA\SYA2019.WTH,wet_year;nitrogen_stress_year;low_response_year,wet,SYA2019_normal_grid_S0031,irrigation_positive_candidate,2019-05-11,131,26,21,"{""sim_day"": 26.0, ""doy"": 131.0, ""topwt"": 19.92213487625122, ""grnwt"": 0.0, ""xlai"": 0.0358001440763473, ""totir"": 0.0, ""tofer"": NaN, ""swfac"": 0.0, ""nstres"": 0.0}",0.0,0.0,19.92213487625122,0.0,0.0358001440763473,0.0,,0.0,0.0,30.0,180.0,35.70172729492188,47.70172729492188,Leave_One_experiments/all_year_offline_schedule_search/daily_outputs/SYA/SYA_2019_SYA2019_normal_grid_S0031_daily.csv
SYA,SYA,Shenyang,2019,Leave_One_experiments\wth_generated_qc\SYA\SYA2019.WTH,wet_year;nitrogen_stress_year;low_response_year,wet,SYA2019_normal_grid_S0031,irrigation_positive_candidate,2019-05-12,132,27,22,"{""sim_day"": 27.0, ""doy"": 132.0, ""topwt"": 22.41192579269409, ""grnwt"": 0.0, ""xlai"": 0.0422624759376049, ""totir"": 0.0, ""tofer"": NaN, ""swfac"": 0.0, ""nstres"": 0.0}",0.0,0.0,22.41192579269409,0.0,0.0422624759376049,0.0,,0.0,0.0,30.0,180.0,35.70172729492188,47.70172729492188,Leave_One_experiments/all_year_offline_schedule_search/daily_outputs/SYA/SYA_2019_SYA2019_normal_grid_S0031_daily.csv
SYA,SYA,Shenyang,2019,Leave_One_experiments\wth_generated_qc\SYA\SYA2019.WTH,wet_year;nitrogen_stress_year;low_response_year,wet,SYA2019_normal_grid_S0031,irrigation_positive_candidate,2019-05-13,133,28,23,"{""sim_day"": 28.0, ""doy"": 133.0, ""topwt"": 26.370415687561035, ""grnwt"": 0.0, ""xlai"": 0.052076730877161, ""totir"": 0.0, ""tofer"": NaN, ""swfac"": 0.0, ""nstres"": 0.0}",0.0,0.0,26.370415687561035,0.0,0.052076730877161,0.0,,0.0,0.0,30.0,180.0,35.70172729492188,47.70172729492188,Leave_One_experiments/all_year_offline_schedule_search/daily_outputs/SYA/SYA_2019_SYA2019_normal_grid_S0031_daily.csv
SYA,SYA,Shenyang,2019,Leave_One_experiments\wth_generated_qc\SYA\SYA2019.WTH,wet_year;nitrogen_stress_year;low_response_year,wet,SYA2019_normal_grid_S0031,irrigation_positive_candidate,2019-05-14,134,29,24,"{""sim_day"": 29.0, ""doy"": 134.0, ""topwt"": 31.26382827758789, ""grnwt"": 0.0, ""xlai"": 0.0636210367083549, ""totir"": 0.0, ""tofer"": NaN, ""swfac"": 0.0, ""nstres"": 0.0}",0.0,0.0,31.26382827758789,0.0,0.0636210367083549,0.0,,0.0,0.0,30.0,180.0,35.70172729492188,47.70172729492188,Leave_One_experiments/all_year_offline_schedule_search/daily_outputs/SYA/SYA_2019_SYA2019_normal_grid_S0031_daily.csv
SYA,SYA,Shenyang,2019,Leave_One_experiments\wth_generated_qc\SYA\SYA2019.WTH,wet_year;nitrogen_stress_year;low_response_year,wet,SYA2019_normal_grid_S0031,irrigation_positive_candidate,2019-05-15,135,30,25,"{""sim_day"": 30.0, ""doy"": 135.0, ""topwt"": 36.523072719573975, ""grnwt"": 0.0, ""xlai"": 0.0752088874578476, ""totir"": 0.0, ""tofer"": NaN, ""swfac"": 0.0, ""nstres"": 0.0}",0.0,0.0,36.523072719573975,0.0,0.0752088874578476,0.0,,0.0,0.0,30.0,180.0,35.70172729492188,47.70172729492188,Leave_One_experiments/all_year_offline_schedule_search/daily_outputs/SYA/SYA_2019_SYA2019_normal_grid_S0031_daily.csv
SYA,SYA,Shenyang,2019,Leave_One_experiments\wth_generated_qc\SYA\SYA2019.WTH,wet_year;nitrogen_stress_year;low_response_year,wet,SYA2019_normal_grid_S0031,irrigation_positive_candidate,2019-05-16,136,31,26,"{""sim_day"": 31.0, ""doy"": 136.0, ""topwt"": 43.45870494842529, ""grnwt"": 0.0, ""xlai"": 0.0898030772805213, ""totir"": 0.0, ""tofer"": NaN, ""swfac"": 0.0, ""nstres"": 0.0}",0.0,0.0,43.45870494842529,0.0,0.0898030772805213,0.0,,0.0,0.0,30.0,180.0,35.70172729492188,47.70172729492188,Leave_One_experiments/all_year_offline_schedule_search/daily_outputs/SYA/SYA_2019_SYA2019_normal_grid_S0031_daily.csv
SYA,SYA,Shenyang,2019,Leave_One_experiments\wth_generated_qc\SYA\SYA2019.WTH,wet_year;nitrogen_stress_year;low_response_year,wet,SYA2019_normal_grid_S0031,irrigation_positive_candidate,2019-05-17,137,32,27,"{""sim_day"": 32.0, ""doy"": 137.0, ""topwt"": 51.70275688171387, ""grnwt"": 0.0, ""xlai"": 0.1063760817050933, ""totir"": 0.0, ""tofer"": NaN, ""swfac"": 0.0, ""nstres"": 0.0}",0.0,0.0,51.70275688171387,0.0,0.1063760817050933,0.0,,0.0,0.0,30.0,180.0,35.70172729492188,47.70172729492188,Leave_One_experiments/all_year_offline_schedule_search/daily_outputs/SYA/SYA_2019_SYA2019_normal_grid_S0031_daily.csv
SYA,SYA,Shenyang,2019,Leave_One_experiments\wth_generated_qc\SYA\SYA2019.WTH,wet_year;nitrogen_stress_year;low_response_year,wet,SYA2019_normal_grid_S0031,irrigation_positive_candidate,2019-05-18,138,33,28,"{""sim_day"": 33.0, ""doy"": 138.0, ""topwt"": 56.575613021850586, ""grnwt"": 0.0, ""xlai"": 0.1158513501286506, ""totir"": 0.0, ""tofer"": NaN, ""swfac"": 0.0, ""nstres"": 0.0}",0.0,0.0,56.575613021850586,0.0,0.1158513501286506,0.0,,0.0,0.0,30.0,180.0,35.70172729492188,47.70172729492188,Leave_One_experiments/all_year_offline_schedule_search/daily_outputs/SYA/SYA_2019_SYA2019_normal_grid_S0031_daily.csv
SYA,SYA,Shenyang,2019,Leave_One_experiments\wth_generated_qc\SYA\SYA2019.WTH,wet_year;nitrogen_stress_year;low_response_year,wet,SYA2019_normal_grid_S0031,irrigation_positive_candidate,2019-05-19,139,34,29,"{""sim_day"": 34.0, ""doy"": 139.0, ""topwt"": 61.87967300415039, ""grnwt"": 0.0, ""xlai"": 0.1259369403123855, ""totir"": 0.0, ""tofer"": NaN, ""swfac"": 0.0, ""nstres"": 0.0}",0.0,0.0,61.87967300415039,0.0,0.1259369403123855,0.0,,0.0,0.0,30.0,180.0,35.70172729492188,47.70172729492188,Leave_One_experiments/all_year_offline_schedule_search/daily_outputs/SYA/SYA_2019_SYA2019_normal_grid_S0031_daily.csv
SYA,SYA,Shenyang,2019,Leave_One_experiments\wth_generated_qc\SYA\SYA2019.WTH,wet_year;nitrogen_stress_year;low_response_year,wet,SYA2019_normal_grid_S0031,irrigation_positive_candidate,2019-05-20,140,35,30,"{""sim_day"": 35.0, ""doy"": 140.0, ""topwt"": 69.79767322540283, ""grnwt"": 0.0, ""xlai"": 0.1406094133853912, ""totir"": 0.0, ""tofer"": NaN, ""swfac"": 0.0, ""nstres"": 0.0}",0.0,0.0,69.79767322540283,0.0,0.1406094133853912,0.0,,0.0,50.0,30.0,180.0,35.70172729492188,47.70172729492188,Leave_One_experiments/all_year_offline_schedule_search/daily_outputs/SYA/SYA_2019_SYA2019_normal_grid_S0031_daily.csv
SYA,SYA,Shenyang,2019,Leave_One_experiments\wth_generated_qc\SYA\SYA2019.WTH,wet_year;nitrogen_stress_year;low_response_year,wet,SYA2019_normal_grid_S0031,irrigation_positive_candidate,2019-05-21,141,36,31,"{""sim_day"": 36.0, ""doy"": 141.0, ""topwt"": 79.79325771331787, ""grnwt"": 0.0, ""xlai"": 0.1585713773965835, ""totir"": 0.0, ""tofer"": NaN, ""swfac"": 0.0, ""nstres"": 0.0}",0.0,0.0,79.79325771331787,0.0,0.1585713773965835,0.0,,0.0,0.0,30.0,180.0,35.70172729492188,47.70172729492188,Leave_One_experiments/all_year_offline_schedule_search/daily_outputs/SYA/SYA_2019_SYA2019_normal_grid_S0031_daily.csv
SYA,SYA,Shenyang,2019,Leave_One_experiments\wth_generated_qc\SYA\SYA2019.WTH,wet_year;nitrogen_stress_year;low_response_year,wet,SYA2019_normal_grid_S0031,irrigation_positive_candidate,2019-05-22,142,37,32,"{""sim_day"": 37.0, ""doy"": 142.0, ""topwt"": 91.15038871765135, ""grnwt"": 0.0, ""xlai"": 0.1905020028352737, ""totir"": 0.0, ""tofer"": NaN, ""swfac"": 0.0, ""nstres"": 0.0}",0.0,0.0,91.15038871765135,0.0,0.1905020028352737,0.0,,0.0,0.0,30.0,180.0,35.70172729492188,47.70172729492188,Leave_One_experiments/all_year_offline_schedule_search/daily_outputs/SYA/SYA_2019_SYA2019_normal_grid_S0031_daily.csv
SYA,SYA,Shenyang,2019,Leave_One_experiments\wth_generated_qc\SYA\SYA2019.WTH,wet_year;nitrogen_stress_year;low_response_year,wet,SYA2019_normal_grid_S0031,irrigation_positive_candidate,2019-05-23,143,38,33,"{""sim_day"": 38.0, ""doy"": 143.0, ""topwt"": 114.83484268188477, ""grnwt"": 0.0, ""xlai"": 0.2327274829149246, ""totir"": 0.0, ""tofer"": NaN, ""swfac"": 0.0, ""nstres"": 0.0052481889724731}",0.0,0.0052481889724731,114.83484268188477,0.0,0.2327274829149246,0.0,,0.0,0.0,30.0,180.0,35.70172729492188,47.70172729492188,Leave_One_experiments/all_year_offline_schedule_search/daily_outputs/SYA/SYA_2019_SYA2019_normal_grid_S0031_daily.csv
SYA,SYA,Shenyang,2019,Leave_One_experiments\wth_generated_qc\SYA\SYA2019.WTH,wet_year;nitrogen_stress_year;low_response_year,wet,SYA2019_normal_grid_S0031,irrigation_positive_candidate,2019-05-24,144,39,34,"{""sim_day"": 39.0, ""doy"": 144.0, ""topwt"": 142.35258102416992, ""grnwt"": 0.0, ""xlai"": 0.2793437540531158, ""totir"": 0.0, ""tofer"": NaN, ""swfac"": 0.0, ""nstres"": 0.0}",0.0,0.0,142.35258102416992,0.0,0.2793437540531158,0.0,,0.0,0.0,30.0,180.0,35.70172729492188,47.70172729492188,Leave_One_experiments/all_year_offline_schedule_search/daily_outputs/SYA/SYA_2019_SYA2019_normal_grid_S0031_daily.csv
SYA,SYA,Shenyang,2019,Leave_One_experiments\wth_generated_qc\SYA\SYA2019.WTH,wet_year;nitrogen_stress_year;low_response_year,wet,SYA2019_normal_grid_S0031,irrigation_positive_candidate,2019-05-25,145,40,35,"{""sim_day"": 40.0, ""doy"": 145.0, ""topwt"": 163.98263931274414, ""grnwt"": 0.0, ""xlai"": 0.3145393133163452, ""totir"": 0.0, ""tofer"": NaN, ""swfac"": 0.0, ""nstres"": 0.0}",0.0,0.0,163.98263931274414,0.0,0.3145393133163452,0.0,,0.0,0.0,30.0,180.0,35.70172729492188,47.70172729492188,Leave_One_experiments/all_year_offline_schedule_search/daily_outputs/SYA/SYA_2019_SYA2019_normal_grid_S0031_daily.csv
SYA,SYA,Shenyang,2019,Leave_One_experiments\wth_generated_qc\SYA\SYA2019.WTH,wet_year;nitrogen_stress_year;low_response_year,wet,SYA2019_normal_grid_S0031,irrigation_positive_candidate,2019-05-26,146,41,36,"{""sim_day"": 41.0, ""doy"": 146.0, ""topwt"": 178.14031600952148, ""grnwt"": 0.0, ""xlai"": 0.3370001316070556, ""totir"": 0.0, ""tofer"": NaN, ""swfac"": 0.0, ""nstres"": 0.0}",0.0,0.0,178.14031600952148,0.0,0.3370001316070556,0.0,,0.0,0.0,30.0,180.0,35.70172729492188,47.70172729492188,Leave_One_experiments/all_year_offline_schedule_search/daily_outputs/SYA/SYA_2019_SYA2019_normal_grid_S0031_daily.csv
SYA,SYA,Shenyang,2019,Leave_One_experiments\wth_generated_qc\SYA\SYA2019.WTH,wet_year;nitrogen_stress_year;low_response_year,wet,SYA2019_normal_grid_S0031,irrigation_positive_candidate,2019-05-27,147,42,37,"{""sim_day"": 42.0, ""doy"": 147.0, ""topwt"": 195.91169357299805, ""grnwt"": 0.0, ""xlai"": 0.3646333515644073, ""totir"": 0.0, ""tofer"": NaN, ""swfac"": 0.0, ""nstres"": 0.0}",0.0,0.0,195.91169357299805,0.0,0.3646333515644073,0.0,,0.0,0.0,30.0,180.0,35.70172729492188,47.70172729492188,Leave_One_experiments/all_year_offline_schedule_search/daily_outputs/SYA/SYA_2019_SYA2019_normal_grid_S0031_daily.csv
SYA,SYA,Shenyang,2019,Leave_One_experiments\wth_generated_qc\SYA\SYA2019.WTH,wet_year;nitrogen_stress_year;low_response_year,wet,SYA2019_normal_grid_S0031,irrigation_positive_candidate,2019-05-28,148,43,38,"{""sim_day"": 43.0, ""doy"": 148.0, ""topwt"": 219.21905517578125, ""grnwt"": 0.0, ""xlai"": 0.4000371098518371, ""totir"": 0.0, ""tofer"": NaN, ""swfac"": 0.0, ""nstres"": 0.0}",0.0,0.0,219.21905517578125,0.0,0.4000371098518371,0.0,,0.0,0.0,30.0,180.0,35.70172729492188,47.70172729492188,Leave_One_experiments/all_year_offline_schedule_search/daily_outputs/SYA/SYA_2019_SYA2019_normal_grid_S0031_daily.csv
SYA,SYA,Shenyang,2019,Leave_One_experiments\wth_generated_qc\SYA\SYA2019.WTH,wet_year;nitrogen_stress_year;low_response_year,wet,SYA2019_normal_grid_S0031,irrigation_positive_candidate,2019-05-29,149,44,39,"{""sim_day"": 44.0, ""doy"": 149.0, ""topwt"": 240.2536582946777, ""grnwt"": 0.0, ""xlai"": 0.4312646985054016, ""totir"": 0.0, ""tofer"": NaN, ""swfac"": 0.0, ""nstres"": 0.0}",0.0,0.0,240.2536582946777,0.0,0.4312646985054016,0.0,,0.0,0.0,30.0,180.0,35.70172729492188,47.70172729492188,Leave_One_experiments/all_year_offline_schedule_search/daily_outputs/SYA/SYA_2019_SYA2019_normal_grid_S0031_daily.csv
SYA,SYA,Shenyang,2019,Leave_One_experiments\wth_generated_qc\SYA\SYA2019.WTH,wet_year;nitrogen_stress_year;low_response_year,wet,SYA2019_normal_grid_S0031,irrigation_positive_candidate,2019-05-30,150,45,40,"{""sim_day"": 45.0, ""doy"": 150.0, ""topwt"": 265.9227752685547, ""grnwt"": 0.0, ""xlai"": 0.4685554504394531, ""totir"": 0.0, ""tofer"": NaN, ""swfac"": 0.0, ""nstres"": 0.0}",0.0,0.0,265.9227752685547,0.0,0.4685554504394531,0.0,,0.0,0.0,30.0,180.0,35.70172729492188,47.70172729492188,Leave_One_experiments/all_year_offline_schedule_search/daily_outputs/SYA/SYA_2019_SYA2019_normal_grid_S0031_daily.csv
SYA,SYA,Shenyang,2019,Leave_One_experiments\wth_generated_qc\SYA\SYA2019.WTH,wet_year;nitrogen_stress_year;low_response_year,wet,SYA2019_normal_grid_S0031,irrigation_positive_candidate,2019-05-31,151,46,41,"{""sim_day"": 46.0, ""doy"": 151.0, ""topwt"": 302.9010200500488, ""grnwt"": 0.0, ""xlai"": 0.5208975672721863, ""totir"": 0.0, ""tofer"": NaN, ""swfac"": 0.0, ""nstres"": 0.0}",0.0,0.0,302.9010200500488,0.0,0.5208975672721863,0.0,,0.0,0.0,30.0,180.0,35.70172729492188,47.70172729492188,Leave_One_experiments/all_year_offline_schedule_search/daily_outputs/SYA/SYA_2019_SYA2019_normal_grid_S0031_daily.csv
SYA,SYA,Shenyang,2019,Leave_One_experiments\wth_generated_qc\SYA\SYA2019.WTH,wet_year;nitrogen_stress_year;low_response_year,wet,SYA2019_normal_grid_S0031,irrigation_positive_candidate,2019-06-01,152,47,42,"{""sim_day"": 47.0, ""doy"": 152.0, ""topwt"": 339.2037582397461, ""grnwt"": 0.0, ""xlai"": 0.5681731104850769, ""totir"": 0.0, ""tofer"": NaN, ""swfac"": 0.0, ""nstres"": 0.0}",0.0,0.0,339.2037582397461,0.0,0.5681731104850769,0.0,,0.0,0.0,30.0,180.0,35.70172729492188,47.70172729492188,Leave_One_experiments/all_year_offline_schedule_search/daily_outputs/SYA/SYA_2019_SYA2019_normal_grid_S0031_daily.csv
SYA,SYA,Shenyang,2019,Leave_One_experiments\wth_generated_qc\SYA\SYA2019.WTH,wet_year;nitrogen_stress_year;low_response_year,wet,SYA2019_normal_grid_S0031,irrigation_positive_candidate,2019-06-02,153,48,43,"{""sim_day"": 48.0, ""doy"": 153.0, ""topwt"": 370.49110412597656, ""grnwt"": 0.0, ""xlai"": 0.6121866106987, ""totir"": 0.0, ""tofer"": NaN, ""swfac"": 0.0, ""nstres"": 0.0}",0.0,0.0,370.49110412597656,0.0,0.6121866106987,0.0,,0.0,0.0,30.0,180.0,35.70172729492188,47.70172729492188,Leave_One_experiments/all_year_offline_schedule_search/daily_outputs/SYA/SYA_2019_SYA2019_normal_grid_S0031_daily.csv
SYA,SYA,Shenyang,2019,Leave_One_experiments\wth_generated_qc\SYA\SYA2019.WTH,wet_year;nitrogen_stress_year;low_response_year,wet,SYA2019_normal_grid_S0031,irrigation_positive_candidate,2019-06-03,154,49,44,"{""sim_day"": 49.0, ""doy"": 154.0, ""topwt"": 406.8679428100586, ""grnwt"": 0.0, ""xlai"": 0.662093997001648, ""totir"": 0.0, ""tofer"": NaN, ""swfac"": 0.0, ""nstres"": 0.0}",0.0,0.0,406.8679428100586,0.0,0.662093997001648,0.0,,0.0,0.0,30.0,180.0,35.70172729492188,47.70172729492188,Leave_One_experiments/all_year_offline_schedule_search/daily_outputs/SYA/SYA_2019_SYA2019_normal_grid_S0031_daily.csv
SYA,SYA,Shenyang,2019,Leave_One_experiments\wth_generated_qc\SYA\SYA2019.WTH,wet_year;nitrogen_stress_year;low_response_year,wet,SYA2019_normal_grid_S0031,irrigation_positive_candidate,2019-06-04,155,50,45,"{""sim_day"": 50.0, ""doy"": 155.0, ""topwt"": 449.85130310058594, ""grnwt"": 0.0, ""xlai"": 0.7193502187728882, ""totir"": 0.0, ""tofer"": NaN, ""swfac"": 0.0, ""nstres"": 0.0}",0.0,0.0,449.85130310058594,0.0,0.7193502187728882,0.0,,0.0,0.0,30.0,180.0,35.70172729492188,47.70172729492188,Leave_One_experiments/all_year_offline_schedule_search/daily_outputs/SYA/SYA_2019_SYA2019_normal_grid_S0031_daily.csv
SYA,SYA,Shenyang,2019,Leave_One_experiments\wth_generated_qc\SYA\SYA2019.WTH,wet_year;nitrogen_stress_year;low_response_year,wet,SYA2019_normal_grid_S0031,irrigation_positive_candidate,2019-06-05,156,51,46,"{""sim_day"": 51.0, ""doy"": 156.0, ""topwt"": 500.0130081176758, ""grnwt"": 0.0, ""xlai"": 0.7839146256446838, ""totir"": 0.0, ""tofer"": NaN, ""swfac"": 0.0, ""nstres"": 0.0}",0.0,0.0,500.0130081176758,0.0,0.7839146256446838,0.0,,0.0,0.0,30.0,180.0,35.70172729492188,47.70172729492188,Leave_One_experiments/all_year_offline_schedule_search/daily_outputs/SYA/SYA_2019_SYA2019_normal_grid_S0031_daily.csv
SYA,SYA,Shenyang,2019,Leave_One_experiments\wth_generated_qc\SYA\SYA2019.WTH,wet_year;nitrogen_stress_year;low_response_year,wet,SYA2019_normal_grid_S0031,irrigation_positive_candidate,2019-06-06,157,52,47,"{""sim_day"": 52.0, ""doy"": 157.0, ""topwt"": 561.3619995117188, ""grnwt"": 0.0, ""xlai"": 0.8599513173103333, ""totir"": 0.0, ""tofer"": NaN, ""swfac"": 0.0, ""nstres"": 0.0}",0.0,0.0,561.3619995117188,0.0,0.8599513173103333,0.0,,0.0,0.0,30.0,180.0,35.70172729492188,47.70172729492188,Leave_One_experiments/all_year_offline_schedule_search/daily_outputs/SYA/SYA_2019_SYA2019_normal_grid_S0031_daily.csv
SYA,SYA,Shenyang,2019,Leave_One_experiments\wth_generated_qc\SYA\SYA2019.WTH,wet_year;nitrogen_stress_year;low_response_year,wet,SYA2019_normal_grid_S0031,irrigation_positive_candidate,2019-06-07,158,53,48,"{""sim_day"": 53.0, ""doy"": 158.0, ""topwt"": 623.5094833374023, ""grnwt"": 0.0, ""xlai"": 0.9339933395385742, ""totir"": 0.0, ""tofer"": NaN, ""swfac"": 0.0, ""nstres"": 0.0}",0.0,0.0,623.5094833374023,0.0,0.9339933395385742,0.0,,0.0,0.0,30.0,180.0,35.70172729492188,47.70172729492188,Leave_One_experiments/all_year_offline_schedule_search/daily_outputs/SYA/SYA_2019_SYA2019_normal_grid_S0031_daily.csv
SYA,SYA,Shenyang,2019,Leave_One_experiments\wth_generated_qc\SYA\SYA2019.WTH,wet_year;nitrogen_stress_year;low_response_year,wet,SYA2019_normal_grid_S0031,irrigation_positive_candidate,2019-06-08,159,54,49,"{""sim_day"": 54.0, ""doy"": 159.0, ""topwt"": 670.0341033935547, ""grnwt"": 0.0, ""xlai"": 0.9876981377601624, ""totir"": 0.0, ""tofer"": NaN, ""swfac"": 0.0, ""nstres"": 0.0}",0.0,0.0,670.0341033935547,0.0,0.9876981377601624,0.0,,0.0,0.0,30.0,180.0,35.70172729492188,47.70172729492188,Leave_One_experiments/all_year_offline_schedule_search/daily_outputs/SYA/SYA_2019_SYA2019_normal_grid_S0031_daily.csv
SYA,SYA,Shenyang,2019,Leave_One_experiments\wth_generated_qc\SYA\SYA2019.WTH,wet_year;nitrogen_stress_year;low_response_year,wet,SYA2019_normal_grid_S0031,irrigation_positive_candidate,2019-06-09,160,55,50,"{""sim_day"": 55.0, ""doy"": 160.0, ""topwt"": 727.89794921875, ""grnwt"": 0.0, ""xlai"": 1.0522712469100952, ""totir"": 0.0, ""tofer"": NaN, ""swfac"": 0.0, ""nstres"": 0.0}",0.0,0.0,727.89794921875,0.0,1.0522712469100952,0.0,,0.0,0.0,30.0,180.0,35.70172729492188,47.70172729492188,Leave_One_experiments/all_year_offline_schedule_search/daily_outputs/SYA/SYA_2019_SYA2019_normal_grid_S0031_daily.csv
SYA,SYA,Shenyang,2019,Leave_One_experiments\wth_generated_qc\SYA\SYA2019.WTH,wet_year;nitrogen_stress_year;low_response_year,wet,SYA2019_normal_grid_S0031,irrigation_positive_candidate,2019-06-10,161,56,51,"{""sim_day"": 56.0, ""doy"": 161.0, ""topwt"": 789.1329956054688, ""grnwt"": 0.0, ""xlai"": 1.1181560754776, ""totir"": 0.0, ""tofer"": NaN, ""swfac"": 0.0, ""nstres"": 0.0}",0.0,0.0,789.1329956054688,0.0,1.1181560754776,0.0,,0.0,0.0,30.0,180.0,35.70172729492188,47.70172729492188,Leave_One_experiments/all_year_offline_schedule_search/daily_outputs/SYA/SYA_2019_SYA2019_normal_grid_S0031_daily.csv
SYA,SYA,Shenyang,2019,Leave_One_experiments\wth_generated_qc\SYA\SYA2019.WTH,wet_year;nitrogen_stress_year;low_response_year,wet,SYA2019_normal_grid_S0031,irrigation_positive_candidate,2019-06-11,162,57,52,"{""sim_day"": 57.0, ""doy"": 162.0, ""topwt"": 868.2275390625, ""grnwt"": 0.0, ""xlai"": 1.199547529220581, ""totir"": 0.0, ""tofer"": NaN, ""swfac"": 0.0, ""nstres"": 0.0}",0.0,0.0,868.2275390625,0.0,1.199547529220581,0.0,,0.0,0.0,30.0,180.0,35.70172729492188,47.70172729492188,Leave_One_experiments/all_year_offline_schedule_search/daily_outputs/SYA/SYA_2019_SYA2019_normal_grid_S0031_daily.csv
SYA,SYA,Shenyang,2019,Leave_One_experiments\wth_generated_qc\SYA\SYA2019.WTH,wet_year;nitrogen_stress_year;low_response_year,wet,SYA2019_normal_grid_S0031,irrigation_positive_candidate,2019-06-12,163,58,53,"{""sim_day"": 58.0, ""doy"": 163.0, ""topwt"": 938.1455993652344, ""grnwt"": 0.0, ""xlai"": 1.26857328414917, ""totir"": 0.0, ""tofer"": NaN, ""swfac"": 0.0, ""nstres"": 0.0}",0.0,0.0,938.1455993652344,0.0,1.26857328414917,0.0,,0.0,0.0,30.0,180.0,35.70172729492188,47.70172729492188,Leave_One_experiments/all_year_offline_schedule_search/daily_outputs/SYA/SYA_2019_SYA2019_normal_grid_S0031_daily.csv
SYA,SYA,Shenyang,2019,Leave_One_experiments\wth_generated_qc\SYA\SYA2019.WTH,wet_year;nitrogen_stress_year;low_response_year,wet,SYA2019_normal_grid_S0031,irrigation_positive_candidate,2019-06-13,164,59,54,"{""sim_day"": 59.0, ""doy"": 164.0, ""topwt"": 1007.8874969482422, ""grnwt"": 0.0, ""xlai"": 1.3347666263580322, ""totir"": 0.0, ""tofer"": NaN, ""swfac"": 0.0, ""nstres"": 0.0}",0.0,0.0,1007.8874969482422,0.0,1.3347666263580322,0.0,,0.0,0.0,30.0,180.0,35.70172729492188,47.70172729492188,Leave_One_experiments/all_year_offline_schedule_search/daily_outputs/SYA/SYA_2019_SYA2019_normal_grid_S0031_daily.csv
SYA,SYA,Shenyang,2019,Leave_One_experiments\wth_generated_qc\SYA\SYA2019.WTH,wet_year;nitrogen_stress_year;low_response_year,wet,SYA2019_normal_grid_S0031,irrigation_positive_candidate,2019-06-14,165,60,55,"{""sim_day"": 60.0, ""doy"": 165.0, ""topwt"": 1066.4503479003906, ""grnwt"": 0.0, ""xlai"": 1.388519287109375, ""totir"": 0.0, ""tofer"": NaN, ""swfac"": 0.0, ""nstres"": 0.0}",0.0,0.0,1066.4503479003906,0.0,1.388519287109375,0.0,,0.0,0.0,30.0,180.0,35.70172729492188,47.70172729492188,Leave_One_experiments/all_year_offline_schedule_search/daily_outputs/SYA/SYA_2019_SYA2019_normal_grid_S0031_daily.csv
SYA,SYA,Shenyang,2019,Leave_One_experiments\wth_generated_qc\SYA\SYA2019.WTH,wet_year;nitrogen_stress_year;low_response_year,wet,SYA2019_normal_grid_S0031,irrigation_positive_candidate,2019-06-15,166,61,56,"{""sim_day"": 61.0, ""doy"": 166.0, ""topwt"": 1130.2565002441406, ""grnwt"": 0.0, ""xlai"": 1.4451310634613037, ""totir"": 0.0, ""tofer"": NaN, ""swfac"": 0.0, ""nstres"": 0.0}",0.0,0.0,1130.2565002441406,0.0,1.4451310634613037,0.0,,0.0,0.0,30.0,180.0,35.70172729492188,47.70172729492188,Leave_One_experiments/all_year_offline_schedule_search/daily_outputs/SYA/SYA_2019_SYA2019_normal_grid_S0031_daily.csv
SYA,SYA,Shenyang,2019,Leave_One_experiments\wth_generated_qc\SYA\SYA2019.WTH,wet_year;nitrogen_stress_year;low_response_year,wet,SYA2019_normal_grid_S0031,irrigation_positive_candidate,2019-06-16,167,62,57,"{""sim_day"": 62.0, ""doy"": 167.0, ""topwt"": 1201.9361114501953, ""grnwt"": 0.0, ""xlai"": 1.5064189434051514, ""totir"": 0.0, ""tofer"": NaN, ""swfac"": 0.0, ""nstres"": 0.0}",0.0,0.0,1201.9361114501953,0.0,1.5064189434051514,0.0,,0.0,0.0,30.0,180.0,35.70172729492188,47.70172729492188,Leave_One_experiments/all_year_offline_schedule_search/daily_outputs/SYA/SYA_2019_SYA2019_normal_grid_S0031_daily.csv
SYA,SYA,Shenyang,2019,Leave_One_experiments\wth_generated_qc\SYA\SYA2019.WTH,wet_year;nitrogen_stress_year;low_response_year,wet,SYA2019_normal_grid_S0031,irrigation_positive_candidate,2019-06-17,168,63,58,"{""sim_day"": 63.0, ""doy"": 168.0, ""topwt"": 1280.9495544433594, ""grnwt"": 0.0, ""xlai"": 1.571344971656799, ""totir"": 0.0, ""tofer"": NaN, ""swfac"": 0.0, ""nstres"": 0.0}",0.0,0.0,1280.9495544433594,0.0,1.571344971656799,0.0,,0.0,0.0,30.0,180.0,35.70172729492188,47.70172729492188,Leave_One_experiments/all_year_offline_schedule_search/daily_outputs/SYA/SYA_2019_SYA2019_normal_grid_S0031_daily.csv
SYA,SYA,Shenyang,2019,Leave_One_experiments\wth_generated_qc\SYA\SYA2019.WTH,wet_year;nitrogen_stress_year;low_response_year,wet,SYA2019_normal_grid_S0031,irrigation_positive_candidate,2019-06-18,169,64,59,"{""sim_day"": 64.0, ""doy"": 169.0, ""topwt"": 1370.7388305664062, ""grnwt"": 0.0, ""xlai"": 1.6419843435287476, ""totir"": 0.0, ""tofer"": NaN, ""swfac"": 0.0, ""nstres"": 0.0}",0.0,0.0,1370.7388305664062,0.0,1.6419843435287476,0.0,,0.0,0.0,30.0,180.0,35.70172729492188,47.70172729492188,Leave_One_experiments/all_year_offline_schedule_search/daily_outputs/SYA/SYA_2019_SYA2019_normal_grid_S0031_daily.csv
SYA,SYA,Shenyang,2019,Leave_One_experiments\wth_generated_qc\SYA\SYA2019.WTH,wet_year;nitrogen_stress_year;low_response_year,wet,SYA2019_normal_grid_S0031,irrigation_positive_candidate,2019-06-19,170,65,60,"{""sim_day"": 65.0, ""doy"": 170.0, ""topwt"": 1487.7041625976562, ""grnwt"": 0.0, ""xlai"": 1.7292187213897705, ""totir"": 0.0, ""tofer"": NaN, ""swfac"": 0.0, ""nstres"": 0.0}",0.0,0.0,1487.7041625976562,0.0,1.7292187213897705,0.0,,0.0,50.0,30.0,180.0,35.70172729492188,47.70172729492188,Leave_One_experiments/all_year_offline_schedule_search/daily_outputs/SYA/SYA_2019_SYA2019_normal_grid_S0031_daily.csv
SYA,SYA,Shenyang,2019,Leave_One_experiments\wth_generated_qc\SYA\SYA2019.WTH,wet_year;nitrogen_stress_year;low_response_year,wet,SYA2019_normal_grid_S0031,irrigation_positive_candidate,2019-06-20,171,66,61,"{""sim_day"": 66.0, ""doy"": 171.0, ""topwt"": 1582.7587890625, ""grnwt"": 0.0, ""xlai"": 1.7970143556594849, ""totir"": 0.0, ""tofer"": NaN, ""swfac"": 0.0, ""nstres"": 0.0}",0.0,0.0,1582.7587890625,0.0,1.7970143556594849,0.0,,0.0,0.0,30.0,180.0,35.70172729492188,47.70172729492188,Leave_One_experiments/all_year_offline_schedule_search/daily_outputs/SYA/SYA_2019_SYA2019_normal_grid_S0031_daily.csv
SYA,SYA,Shenyang,2019,Leave_One_experiments\wth_generated_qc\SYA\SYA2019.WTH,wet_year;nitrogen_stress_year;low_response_year,wet,SYA2019_normal_grid_S0031,irrigation_positive_candidate,2019-06-21,172,67,62,"{""sim_day"": 67.0, ""doy"": 172.0, ""topwt"": 1685.5551147460938, ""grnwt"": 0.0, ""xlai"": 1.867150902748108, ""totir"": 0.0, ""tofer"": NaN, ""swfac"": 0.0, ""nstres"": 0.0}",0.0,0.0,1685.5551147460938,0.0,1.867150902748108,0.0,,0.0,0.0,30.0,180.0,35.70172729492188,47.70172729492188,Leave_One_experiments/all_year_offline_schedule_search/daily_outputs/SYA/SYA_2019_SYA2019_normal_grid_S0031_daily.csv
SYA,SYA,Shenyang,2019,Leave_One_experiments\wth_generated_qc\SYA\SYA2019.WTH,wet_year;nitrogen_stress_year;low_response_year,wet,SYA2019_normal_grid_S0031,irrigation_positive_candidate,2019-06-22,173,68,63,"{""sim_day"": 68.0, ""doy"": 173.0, ""topwt"": 1804.6722412109373, ""grnwt"": 0.0, ""xlai"": 1.9445627927780151, ""totir"": 0.0, ""tofer"": NaN, ""swfac"": 0.0, ""nstres"": 0.0}",0.0,0.0,1804.6722412109373,0.0,1.9445627927780151,0.0,,0.0,0.0,30.0,180.0,35.70172729492188,47.70172729492188,Leave_One_experiments/all_year_offline_schedule_search/daily_outputs/SYA/SYA_2019_SYA2019_normal_grid_S0031_daily.csv
SYA,SYA,Shenyang,2019,Leave_One_experiments\wth_generated_qc\SYA\SYA2019.WTH,wet_year;nitrogen_stress_year;low_response_year,wet,SYA2019_normal_grid_S0031,irrigation_positive_candidate,2019-06-23,174,69,64,"{""sim_day"": 69.0, ""doy"": 174.0, ""topwt"": 1947.4273681640625, ""grnwt"": 0.0, ""xlai"": 2.032360553741455, ""totir"": 0.0, ""tofer"": NaN, ""swfac"": 0.0, ""nstres"": 0.0}",0.0,0.0,1947.4273681640625,0.0,2.032360553741455,0.0,,0.0,0.0,30.0,180.0,35.70172729492188,47.70172729492188,Leave_One_experiments/all_year_offline_schedule_search/daily_outputs/SYA/SYA_2019_SYA2019_normal_grid_S0031_daily.csv
SYA,SYA,Shenyang,2019,Leave_One_experiments\wth_generated_qc\SYA\SYA2019.WTH,wet_year;nitrogen_stress_year;low_response_year,wet,SYA2019_normal_grid_S0031,irrigation_positive_candidate,2019-06-24,175,70,65,"{""sim_day"": 70.0, ""doy"": 175.0, ""topwt"": 2111.0934448242188, ""grnwt"": 0.0, ""xlai"": 2.127170324325561, ""totir"": 30.0, ""tofer"": NaN, ""swfac"": 0.0, ""nstres"": 0.0}",0.0,0.0,2111.0934448242188,0.0,2.127170324325561,30.0,,30.0,0.0,30.0,180.0,35.70172729492188,47.70172729492188,Leave_One_experiments/all_year_offline_schedule_search/daily_outputs/SYA/SYA_2019_SYA2019_normal_grid_S0031_daily.csv
SYA,SYA,Shenyang,2019,Leave_One_experiments\wth_generated_qc\SYA\SYA2019.WTH,wet_year;nitrogen_stress_year;low_response_year,wet,SYA2019_normal_grid_S0031,irrigation_positive_candidate,2019-06-25,176,71,66,"{""sim_day"": 71.0, ""doy"": 176.0, ""topwt"": 2270.973052978516, ""grnwt"": 0.0, ""xlai"": 2.2147252559661865, ""totir"": 30.0, ""tofer"": NaN, ""swfac"": 0.0, ""nstres"": 0.0}",0.0,0.0,2270.973052978516,0.0,2.2147252559661865,30.0,,0.0,0.0,30.0,180.0,35.70172729492188,47.70172729492188,Leave_One_experiments/all_year_offline_schedule_search/daily_outputs/SYA/SYA_2019_SYA2019_normal_grid_S0031_daily.csv
SYA,SYA,Shenyang,2019,Leave_One_experiments\wth_generated_qc\SYA\SYA2019.WTH,wet_year;nitrogen_stress_year;low_response_year,wet,SYA2019_normal_grid_S0031,irrigation_positive_candidate,2019-06-26,177,72,67,"{""sim_day"": 72.0, ""doy"": 177.0, ""topwt"": 2434.7193908691406, ""grnwt"": 0.0, ""xlai"": 2.299688577651977, ""totir"": 30.0, ""tofer"": NaN, ""swfac"": 0.0, ""nstres"": 0.0}",0.0,0.0,2434.7193908691406,0.0,2.299688577651977,30.0,,0.0,0.0,30.0,180.0,35.70172729492188,47.70172729492188,Leave_One_experiments/all_year_offline_schedule_search/daily_outputs/SYA/SYA_2019_SYA2019_normal_grid_S0031_daily.csv
SYA,SYA,Shenyang,2019,Leave_One_experiments\wth_generated_qc\SYA\SYA2019.WTH,wet_year;nitrogen_stress_year;low_response_year,wet,SYA2019_normal_grid_S0031,irrigation_positive_candidate,2019-06-27,178,73,68,"{""sim_day"": 73.0, ""doy"": 178.0, ""topwt"": 2517.4009704589844, ""grnwt"": 0.0, ""xlai"": 2.340531349182129, ""totir"": 30.0, ""tofer"": NaN, ""swfac"": 0.0, ""nstres"": 0.0}",0.0,0.0,2517.4009704589844,0.0,2.340531349182129,30.0,,0.0,0.0,30.0,180.0,35.70172729492188,47.70172729492188,Leave_One_experiments/all_year_offline_schedule_search/daily_outputs/SYA/SYA_2019_SYA2019_normal_grid_S0031_daily.csv
SYA,SYA,Shenyang,2019,Leave_One_experiments\wth_generated_qc\SYA\SYA2019.WTH,wet_year;nitrogen_stress_year;low_response_year,wet,SYA2019_normal_grid_S0031,irrigation_positive_candidate,2019-06-28,179,74,69,"{""sim_day"": 74.0, ""doy"": 179.0, ""topwt"": 2606.952514648437, ""grnwt"": 0.0, ""xlai"": 2.3831069469451904, ""totir"": 30.0, ""tofer"": NaN, ""swfac"": 0.0, ""nstres"": 0.0}",0.0,0.0,2606.952514648437,0.0,2.3831069469451904,30.0,,0.0,0.0,30.0,180.0,35.70172729492188,47.70172729492188,Leave_One_experiments/all_year_offline_schedule_search/daily_outputs/SYA/SYA_2019_SYA2019_normal_grid_S0031_daily.csv
SYA,SYA,Shenyang,2019,Leave_One_experiments\wth_generated_qc\SYA\SYA2019.WTH,wet_year;nitrogen_stress_year;low_response_year,wet,SYA2019_normal_grid_S0031,irrigation_positive_candidate,2019-06-29,180,75,70,"{""sim_day"": 75.0, ""doy"": 180.0, ""topwt"": 3013.2498168945312, ""grnwt"": 0.0, ""xlai"": 2.7051141262054443, ""totir"": 30.0, ""tofer"": NaN, ""swfac"": 0.0, ""nstres"": 0.0}",0.0,0.0,3013.2498168945312,0.0,2.7051141262054443,30.0,,0.0,0.0,30.0,180.0,35.70172729492188,47.70172729492188,Leave_One_experiments/all_year_offline_schedule_search/daily_outputs/SYA/SYA_2019_SYA2019_normal_grid_S0031_daily.csv
SYA,SYA,Shenyang,2019,Leave_One_experiments\wth_generated_qc\SYA\SYA2019.WTH,wet_year;nitrogen_stress_year;low_response_year,wet,SYA2019_normal_grid_S0031,irrigation_positive_candidate,2019-06-30,181,76,71,"{""sim_day"": 76.0, ""doy"": 181.0, ""topwt"": 3237.2528076171875, ""grnwt"": 0.0, ""xlai"": 2.8246867656707764, ""totir"": 30.0, ""tofer"": NaN, ""swfac"": 0.0, ""nstres"": 0.0}",0.0,0.0,3237.2528076171875,0.0,2.8246867656707764,30.0,,0.0,0.0,30.0,180.0,35.70172729492188,47.70172729492188,Leave_One_experiments/all_year_offline_schedule_search/daily_outputs/SYA/SYA_2019_SYA2019_normal_grid_S0031_daily.csv
SYA,SYA,Shenyang,2019,Leave_One_experiments\wth_generated_qc\SYA\SYA2019.WTH,wet_year;nitrogen_stress_year;low_response_year,wet,SYA2019_normal_grid_S0031,irrigation_positive_candidate,2019-07-01,182,77,72,"{""sim_day"": 77.0, ""doy"": 182.0, ""topwt"": 3473.7545776367188, ""grnwt"": 0.0, ""xlai"": 2.9294025897979736, ""totir"": 30.0, ""tofer"": NaN, ""swfac"": 0.0, ""nstres"": 0.0}",0.0,0.0,3473.7545776367188,0.0,2.9294025897979736,30.0,,0.0,0.0,30.0,180.0,35.70172729492188,47.70172729492188,Leave_One_experiments/all_year_offline_schedule_search/daily_outputs/SYA/SYA_2019_SYA2019_normal_grid_S0031_daily.csv
SYA,SYA,Shenyang,2019,Leave_One_experiments\wth_generated_qc\SYA\SYA2019.WTH,wet_year;nitrogen_stress_year;low_response_year,wet,SYA2019_normal_grid_S0031,irrigation_positive_candidate,2019-07-02,183,78,73,"{""sim_day"": 78.0, ""doy"": 183.0, ""topwt"": 3703.82568359375, ""grnwt"": 0.0, ""xlai"": 3.018975019454956, ""totir"": 30.0, ""tofer"": NaN, ""swfac"": 0.0, ""nstres"": 0.0}",0.0,0.0,3703.82568359375,0.0,3.018975019454956,30.0,,0.0,0.0,30.0,180.0,35.70172729492188,47.70172729492188,Leave_One_experiments/all_year_offline_schedule_search/daily_outputs/SYA/SYA_2019_SYA2019_normal_grid_S0031_daily.csv
SYA,SYA,Shenyang,2019,Leave_One_experiments\wth_generated_qc\SYA\SYA2019.WTH,wet_year;nitrogen_stress_year;low_response_year,wet,SYA2019_normal_grid_S0031,irrigation_positive_candidate,2019-07-03,184,79,74,"{""sim_day"": 79.0, ""doy"": 184.0, ""topwt"": 3939.691162109375, ""grnwt"": 0.0, ""xlai"": 3.1017956733703613, ""totir"": 30.0, ""tofer"": NaN, ""swfac"": 0.0, ""nstres"": 0.0}",0.0,0.0,3939.691162109375,0.0,3.1017956733703613,30.0,,0.0,0.0,30.0,180.0,35.70172729492188,47.70172729492188,Leave_One_experiments/all_year_offline_schedule_search/daily_outputs/SYA/SYA_2019_SYA2019_normal_grid_S0031_daily.csv
SYA,SYA,Shenyang,2019,Leave_One_experiments\wth_generated_qc\SYA\SYA2019.WTH,wet_year;nitrogen_stress_year;low_response_year,wet,SYA2019_normal_grid_S0031,irrigation_positive_candidate,2019-07-04,185,80,75,"{""sim_day"": 80.0, ""doy"": 185.0, ""topwt"": 4176.025085449219, ""grnwt"": 0.0, ""xlai"": 3.178004741668701, ""totir"": 30.0, ""tofer"": NaN, ""swfac"": 0.0, ""nstres"": 0.0}",0.0,0.0,4176.025085449219,0.0,3.178004741668701,30.0,,0.0,0.0,30.0,180.0,35.70172729492188,47.70172729492188,Leave_One_experiments/all_year_offline_schedule_search/daily_outputs/SYA/SYA_2019_SYA2019_normal_grid_S0031_daily.csv
SYA,SYA,Shenyang,2019,Leave_One_experiments\wth_generated_qc\SYA\SYA2019.WTH,wet_year;nitrogen_stress_year;low_response_year,wet,SYA2019_normal_grid_S0031,irrigation_positive_candidate,2019-07-05,186,81,76,"{""sim_day"": 81.0, ""doy"": 186.0, ""topwt"": 4393.082580566406, ""grnwt"": 0.0, ""xlai"": 3.243445634841919, ""totir"": 30.0, ""tofer"": NaN, ""swfac"": 0.0, ""nstres"": 0.0}",0.0,0.0,4393.082580566406,0.0,3.243445634841919,30.0,,0.0,0.0,30.0,180.0,35.70172729492188,47.70172729492188,Leave_One_experiments/all_year_offline_schedule_search/daily_outputs/SYA/SYA_2019_SYA2019_normal_grid_S0031_daily.csv
SYA,SYA,Shenyang,2019,Leave_One_experiments\wth_generated_qc\SYA\SYA2019.WTH,wet_year;nitrogen_stress_year;low_response_year,wet,SYA2019_normal_grid_S0031,irrigation_positive_candidate,2019-07-06,187,82,77,"{""sim_day"": 82.0, ""doy"": 187.0, ""topwt"": 4595.671691894531, ""grnwt"": 0.0, ""xlai"": 3.3012242317199707, ""totir"": 30.0, ""tofer"": NaN, ""swfac"": 0.0, ""nstres"": 0.0}",0.0,0.0,4595.671691894531,0.0,3.3012242317199707,30.0,,0.0,0.0,30.0,180.0,35.70172729492188,47.70172729492188,Leave_One_experiments/all_year_offline_schedule_search/daily_outputs/SYA/SYA_2019_SYA2019_normal_grid_S0031_daily.csv
SYA,SYA,Shenyang,2019,Leave_One_experiments\wth_generated_qc\SYA\SYA2019.WTH,wet_year;nitrogen_stress_year;low_response_year,wet,SYA2019_normal_grid_S0031,irrigation_positive_candidate,2019-07-07,188,83,78,"{""sim_day"": 83.0, ""doy"": 188.0, ""topwt"": 4783.564758300781, ""grnwt"": 0.0, ""xlai"": 3.3523666858673096, ""totir"": 30.0, ""tofer"": NaN, ""swfac"": 0.0, ""nstres"": 0.0}",0.0,0.0,4783.564758300781,0.0,3.3523666858673096,30.0,,0.0,0.0,30.0,180.0,35.70172729492188,47.70172729492188,Leave_One_experiments/all_year_offline_schedule_search/daily_outputs/SYA/SYA_2019_SYA2019_normal_grid_S0031_daily.csv
SYA,SYA,Shenyang,2019,Leave_One_experiments\wth_generated_qc\SYA\SYA2019.WTH,wet_year;nitrogen_stress_year;low_response_year,wet,SYA2019_normal_grid_S0031,irrigation_positive_candidate,2019-07-08,189,84,79,"{""sim_day"": 84.0, ""doy"": 189.0, ""topwt"": 4983.214721679688, ""grnwt"": 0.0, ""xlai"": 3.404343366622925, ""totir"": 30.0, ""tofer"": NaN, ""swfac"": 0.0, ""nstres"": 0.0}",0.0,0.0,4983.214721679688,0.0,3.404343366622925,30.0,,0.0,0.0,30.0,180.0,35.70172729492188,47.70172729492188,Leave_One_experiments/all_year_offline_schedule_search/daily_outputs/SYA/SYA_2019_SYA2019_normal_grid_S0031_daily.csv
SYA,SYA,Shenyang,2019,Leave_One_experiments\wth_generated_qc\SYA\SYA2019.WTH,wet_year;nitrogen_stress_year;low_response_year,wet,SYA2019_normal_grid_S0031,irrigation_positive_candidate,2019-07-09,190,85,80,"{""sim_day"": 85.0, ""doy"": 190.0, ""topwt"": 5174.4818115234375, ""grnwt"": 0.0, ""xlai"": 3.4521937370300293, ""totir"": 30.0, ""tofer"": NaN, ""swfac"": 0.0, ""nstres"": 0.0}",0.0,0.0,5174.4818115234375,0.0,3.4521937370300293,30.0,,0.0,0.0,30.0,180.0,35.70172729492188,47.70172729492188,Leave_One_experiments/all_year_offline_schedule_search/daily_outputs/SYA/SYA_2019_SYA2019_normal_grid_S0031_daily.csv
SYA,SYA,Shenyang,2019,Leave_One_experiments\wth_generated_qc\SYA\SYA2019.WTH,wet_year;nitrogen_stress_year;low_response_year,wet,SYA2019_normal_grid_S0031,irrigation_positive_candidate,2019-07-10,191,86,81,"{""sim_day"": 86.0, ""doy"": 191.0, ""topwt"": 5352.9827880859375, ""grnwt"": 0.0, ""xlai"": 3.4953205585479736, ""totir"": 30.0, ""tofer"": NaN, ""swfac"": 0.0, ""nstres"": 0.0}",0.0,0.0,5352.9827880859375,0.0,3.4953205585479736,30.0,,0.0,0.0,30.0,180.0,35.70172729492188,47.70172729492188,Leave_One_experiments/all_year_offline_schedule_search/daily_outputs/SYA/SYA_2019_SYA2019_normal_grid_S0031_daily.csv
SYA,SYA,Shenyang,2019,Leave_One_experiments\wth_generated_qc\SYA\SYA2019.WTH,wet_year;nitrogen_stress_year;low_response_year,wet,SYA2019_normal_grid_S0031,irrigation_positive_candidate,2019-07-11,192,87,82,"{""sim_day"": 87.0, ""doy"": 192.0, ""topwt"": 5526.597900390625, ""grnwt"": 0.0, ""xlai"": 3.5372214317321777, ""totir"": 30.0, ""tofer"": NaN, ""swfac"": 0.0, ""nstres"": 0.0}",0.0,0.0,5526.597900390625,0.0,3.5372214317321777,30.0,,0.0,0.0,30.0,180.0,35.70172729492188,47.70172729492188,Leave_One_experiments/all_year_offline_schedule_search/daily_outputs/SYA/SYA_2019_SYA2019_normal_grid_S0031_daily.csv
SYA,SYA,Shenyang,2019,Leave_One_experiments\wth_generated_qc\SYA\SYA2019.WTH,wet_year;nitrogen_stress_year;low_response_year,wet,SYA2019_normal_grid_S0031,irrigation_positive_candidate,2019-07-12,193,88,83,"{""sim_day"": 88.0, ""doy"": 193.0, ""topwt"": 5710.9613037109375, ""grnwt"": 0.0, ""xlai"": 3.581698417663574, ""totir"": 30.0, ""tofer"": NaN, ""swfac"": 0.0, ""nstres"": 0.0}",0.0,0.0,5710.9613037109375,0.0,3.581698417663574,30.0,,0.0,0.0,30.0,180.0,35.70172729492188,47.70172729492188,Leave_One_experiments/all_year_offline_schedule_search/daily_outputs/SYA/SYA_2019_SYA2019_normal_grid_S0031_daily.csv
SYA,SYA,Shenyang,2019,Leave_One_experiments\wth_generated_qc\SYA\SYA2019.WTH,wet_year;nitrogen_stress_year;low_response_year,wet,SYA2019_normal_grid_S0031,irrigation_positive_candidate,2019-07-13,194,89,84,"{""sim_day"": 89.0, ""doy"": 194.0, ""topwt"": 5886.5228271484375, ""grnwt"": 0.0, ""xlai"": 3.623997926712036, ""totir"": 30.0, ""tofer"": NaN, ""swfac"": 0.0, ""nstres"": 0.0}",0.0,0.0,5886.5228271484375,0.0,3.623997926712036,30.0,,0.0,0.0,30.0,180.0,35.70172729492188,47.70172729492188,Leave_One_experiments/all_year_offline_schedule_search/daily_outputs/SYA/SYA_2019_SYA2019_normal_grid_S0031_daily.csv
SYA,SYA,Shenyang,2019,Leave_One_experiments\wth_generated_qc\SYA\SYA2019.WTH,wet_year;nitrogen_stress_year;low_response_year,wet,SYA2019_normal_grid_S0031,irrigation_positive_candidate,2019-07-14,195,90,85,"{""sim_day"": 90.0, ""doy"": 195.0, ""topwt"": 6058.29833984375, ""grnwt"": 0.0, ""xlai"": 3.6653432846069336, ""totir"": 30.0, ""tofer"": NaN, ""swfac"": 0.0, ""nstres"": 0.0}",0.0,0.0,6058.29833984375,0.0,3.6653432846069336,30.0,,0.0,0.0,30.0,180.0,35.70172729492188,47.70172729492188,Leave_One_experiments/all_year_offline_schedule_search/daily_outputs/SYA/SYA_2019_SYA2019_normal_grid_S0031_daily.csv
SYA,SYA,Shenyang,2019,Leave_One_experiments\wth_generated_qc\SYA\SYA2019.WTH,wet_year;nitrogen_stress_year;low_response_year,wet,SYA2019_normal_grid_S0031,irrigation_positive_candidate,2019-07-15,196,91,86,"{""sim_day"": 91.0, ""doy"": 196.0, ""topwt"": 6252.0416259765625, ""grnwt"": 0.0, ""xlai"": 3.711980819702149, ""totir"": 30.0, ""tofer"": NaN, ""swfac"": 0.0, ""nstres"": 0.0}",0.0,0.0,6252.0416259765625,0.0,3.711980819702149,30.0,,0.0,0.0,30.0,180.0,35.70172729492188,47.70172729492188,Leave_One_experiments/all_year_offline_schedule_search/daily_outputs/SYA/SYA_2019_SYA2019_normal_grid_S0031_daily.csv
SYA,SYA,Shenyang,2019,Leave_One_experiments\wth_generated_qc\SYA\SYA2019.WTH,wet_year;nitrogen_stress_year;low_response_year,wet,SYA2019_normal_grid_S0031,irrigation_positive_candidate,2019-07-16,197,92,87,"{""sim_day"": 92.0, ""doy"": 197.0, ""topwt"": 6443.7005615234375, ""grnwt"": 0.0, ""xlai"": 3.758070707321167, ""totir"": 30.0, ""tofer"": NaN, ""swfac"": 0.0, ""nstres"": 0.0}",0.0,0.0,6443.7005615234375,0.0,3.758070707321167,30.0,,0.0,0.0,30.0,180.0,35.70172729492188,47.70172729492188,Leave_One_experiments/all_year_offline_schedule_search/daily_outputs/SYA/SYA_2019_SYA2019_normal_grid_S0031_daily.csv
SYA,SYA,Shenyang,2019,Leave_One_experiments\wth_generated_qc\SYA\SYA2019.WTH,wet_year;nitrogen_stress_year;low_response_year,wet,SYA2019_normal_grid_S0031,irrigation_positive_candidate,2019-07-17,198,93,88,"{""sim_day"": 93.0, ""doy"": 198.0, ""topwt"": 6736.437377929688, ""grnwt"": 0.0, ""xlai"": 3.58657455444336, ""totir"": 30.0, ""tofer"": NaN, ""swfac"": 0.0, ""nstres"": 0.0}",0.0,0.0,6736.437377929688,0.0,3.58657455444336,30.0,,0.0,0.0,30.0,180.0,35.70172729492188,47.70172729492188,Leave_One_experiments/all_year_offline_schedule_search/daily_outputs/SYA/SYA_2019_SYA2019_normal_grid_S0031_daily.csv
SYA,SYA,Shenyang,2019,Leave_One_experiments\wth_generated_qc\SYA\SYA2019.WTH,wet_year;nitrogen_stress_year;low_response_year,wet,SYA2019_normal_grid_S0031,irrigation_positive_candidate,2019-07-18,199,94,89,"{""sim_day"": 94.0, ""doy"": 199.0, ""topwt"": 7162.12646484375, ""grnwt"": 0.0, ""xlai"": 3.5685276985168457, ""totir"": 30.0, ""tofer"": NaN, ""swfac"": 0.0, ""nstres"": 0.0}",0.0,0.0,7162.12646484375,0.0,3.5685276985168457,30.0,,0.0,0.0,30.0,180.0,35.70172729492188,47.70172729492188,Leave_One_experiments/all_year_offline_schedule_search/daily_outputs/SYA/SYA_2019_SYA2019_normal_grid_S0031_daily.csv
SYA,SYA,Shenyang,2019,Leave_One_experiments\wth_generated_qc\SYA\SYA2019.WTH,wet_year;nitrogen_stress_year;low_response_year,wet,SYA2019_normal_grid_S0031,irrigation_positive_candidate,2019-07-19,200,95,90,"{""sim_day"": 95.0, ""doy"": 200.0, ""topwt"": 7575.274658203125, ""grnwt"": 0.0, ""xlai"": 3.551001071929932, ""totir"": 30.0, ""tofer"": NaN, ""swfac"": 0.0, ""nstres"": 0.0}",0.0,0.0,7575.274658203125,0.0,3.551001071929932,30.0,,0.0,0.0,30.0,180.0,35.70172729492188,47.70172729492188,Leave_One_experiments/all_year_offline_schedule_search/daily_outputs/SYA/SYA_2019_SYA2019_normal_grid_S0031_daily.csv
SYA,SYA,Shenyang,2019,Leave_One_experiments\wth_generated_qc\SYA\SYA2019.WTH,wet_year;nitrogen_stress_year;low_response_year,wet,SYA2019_normal_grid_S0031,irrigation_positive_candidate,2019-07-20,201,96,91,"{""sim_day"": 96.0, ""doy"": 201.0, ""topwt"": 7720.4248046875, ""grnwt"": 0.0, ""xlai"": 3.5334742069244385, ""totir"": 30.0, ""tofer"": NaN, ""swfac"": 0.0, ""nstres"": 0.0}",0.0,0.0,7720.4248046875,0.0,3.5334742069244385,30.0,,0.0,0.0,30.0,180.0,35.70172729492188,47.70172729492188,Leave_One_experiments/all_year_offline_schedule_search/daily_outputs/SYA/SYA_2019_SYA2019_normal_grid_S0031_daily.csv
SYA,SYA,Shenyang,2019,Leave_One_experiments\wth_generated_qc\SYA\SYA2019.WTH,wet_year;nitrogen_stress_year;low_response_year,wet,SYA2019_normal_grid_S0031,irrigation_positive_candidate,2019-07-21,202,97,92,"{""sim_day"": 97.0, ""doy"": 202.0, ""topwt"": 8122.880249023437, ""grnwt"": 0.0, ""xlai"": 3.514402151107788, ""totir"": 30.0, ""tofer"": NaN, ""swfac"": 0.0, ""nstres"": 0.0}",0.0,0.0,8122.880249023437,0.0,3.514402151107788,30.0,,0.0,0.0,30.0,180.0,35.70172729492188,47.70172729492188,Leave_One_experiments/all_year_offline_schedule_search/daily_outputs/SYA/SYA_2019_SYA2019_normal_grid_S0031_daily.csv
SYA,SYA,Shenyang,2019,Leave_One_experiments\wth_generated_qc\SYA\SYA2019.WTH,wet_year;nitrogen_stress_year;low_response_year,wet,SYA2019_normal_grid_S0031,irrigation_positive_candidate,2019-07-22,203,98,93,"{""sim_day"": 98.0, ""doy"": 203.0, ""topwt"": 8210.448608398438, ""grnwt"": 0.0, ""xlai"": 3.4963557720184326, ""totir"": 30.0, ""tofer"": NaN, ""swfac"": 0.0, ""nstres"": 0.0}",0.0,0.0,8210.448608398438,0.0,3.4963557720184326,30.0,,0.0,0.0,30.0,180.0,35.70172729492188,47.70172729492188,Leave_One_experiments/all_year_offline_schedule_search/daily_outputs/SYA/SYA_2019_SYA2019_normal_grid_S0031_daily.csv
SYA,SYA,Shenyang,2019,Leave_One_experiments\wth_generated_qc\SYA\SYA2019.WTH,wet_year;nitrogen_stress_year;low_response_year,wet,SYA2019_normal_grid_S0031,irrigation_positive_candidate,2019-07-23,204,99,94,"{""sim_day"": 99.0, ""doy"": 204.0, ""topwt"": 8554.652099609375, ""grnwt"": 0.0, ""xlai"": 3.4765613079071045, ""totir"": 30.0, ""tofer"": NaN, ""swfac"": 0.0, ""nstres"": 0.0}",0.0,0.0,8554.652099609375,0.0,3.4765613079071045,30.0,,0.0,0.0,30.0,180.0,35.70172729492188,47.70172729492188,Leave_One_experiments/all_year_offline_schedule_search/daily_outputs/SYA/SYA_2019_SYA2019_normal_grid_S0031_daily.csv
SYA,SYA,Shenyang,2019,Leave_One_experiments\wth_generated_qc\SYA\SYA2019.WTH,wet_year;nitrogen_stress_year;low_response_year,wet,SYA2019_normal_grid_S0031,irrigation_positive_candidate,2019-07-24,205,100,95,"{""sim_day"": 100.0, ""doy"": 205.0, ""topwt"": 8655.42724609375, ""grnwt"": 0.0, ""xlai"": 3.4576170444488525, ""totir"": 30.0, ""tofer"": NaN, ""swfac"": 0.0, ""nstres"": 0.0}",0.0,0.0,8655.42724609375,0.0,3.4576170444488525,30.0,,0.0,0.0,30.0,180.0,35.70172729492188,47.70172729492188,Leave_One_experiments/all_year_offline_schedule_search/daily_outputs/SYA/SYA_2019_SYA2019_normal_grid_S0031_daily.csv
SYA,SYA,Shenyang,2019,Leave_One_experiments\wth_generated_qc\SYA\SYA2019.WTH,wet_year;nitrogen_stress_year;low_response_year,wet,SYA2019_normal_grid_S0031,irrigation_positive_candidate,2019-07-25,206,101,96,"{""sim_day"": 101.0, ""doy"": 206.0, ""topwt"": 9074.13330078125, ""grnwt"": 0.0, ""xlai"": 3.439523458480835, ""totir"": 30.0, ""tofer"": NaN, ""swfac"": 0.0, ""nstres"": 0.0}",0.0,0.0,9074.13330078125,0.0,3.439523458480835,30.0,,0.0,0.0,30.0,180.0,35.70172729492188,47.70172729492188,Leave_One_experiments/all_year_offline_schedule_search/daily_outputs/SYA/SYA_2019_SYA2019_normal_grid_S0031_daily.csv
SYA,SYA,Shenyang,2019,Leave_One_experiments\wth_generated_qc\SYA\SYA2019.WTH,wet_year;nitrogen_stress_year;low_response_year,wet,SYA2019_normal_grid_S0031,irrigation_positive_candidate,2019-07-26,207,102,97,"{""sim_day"": 102.0, ""doy"": 207.0, ""topwt"": 9313.385620117188, ""grnwt"": 239.25214767456052, ""xlai"": 3.374183177947998, ""totir"": 30.0, ""tofer"": NaN, ""swfac"": 0.0, ""nstres"": 0.0}",0.0,0.0,9313.385620117188,239.25214767456052,3.374183177947998,30.0,,0.0,0.0,30.0,180.0,35.70172729492188,47.70172729492188,Leave_One_experiments/all_year_offline_schedule_search/daily_outputs/SYA/SYA_2019_SYA2019_normal_grid_S0031_daily.csv
SYA,SYA,Shenyang,2019,Leave_One_experiments\wth_generated_qc\SYA\SYA2019.WTH,wet_year;nitrogen_stress_year;low_response_year,wet,SYA2019_normal_grid_S0031,irrigation_positive_candidate,2019-07-27,208,103,98,"{""sim_day"": 103.0, ""doy"": 208.0, ""topwt"": 9597.100219726562, ""grnwt"": 522.9670333862305, ""xlai"": 3.363950252532959, ""totir"": 30.0, ""tofer"": NaN, ""swfac"": 0.0, ""nstres"": 0.0}",0.0,0.0,9597.100219726562,522.9670333862305,3.363950252532959,30.0,,0.0,0.0,30.0,180.0,35.70172729492188,47.70172729492188,Leave_One_experiments/all_year_offline_schedule_search/daily_outputs/SYA/SYA_2019_SYA2019_normal_grid_S0031_daily.csv
SYA,SYA,Shenyang,2019,Leave_One_experiments\wth_generated_qc\SYA\SYA2019.WTH,wet_year;nitrogen_stress_year;low_response_year,wet,SYA2019_normal_grid_S0031,irrigation_positive_candidate,2019-07-28,209,104,99,"{""sim_day"": 104.0, ""doy"": 209.0, ""topwt"": 9830.000610351562, ""grnwt"": 755.8673095703125, ""xlai"": 3.350609302520752, ""totir"": 30.0, ""tofer"": NaN, ""swfac"": 0.0, ""nstres"": 0.0}",0.0,0.0,9830.000610351562,755.8673095703125,3.350609302520752,30.0,,0.0,0.0,30.0,180.0,35.70172729492188,47.70172729492188,Leave_One_experiments/all_year_offline_schedule_search/daily_outputs/SYA/SYA_2019_SYA2019_normal_grid_S0031_daily.csv
SYA,SYA,Shenyang,2019,Leave_One_experiments\wth_generated_qc\SYA\SYA2019.WTH,wet_year;nitrogen_stress_year;low_response_year,wet,SYA2019_normal_grid_S0031,irrigation_positive_candidate,2019-07-29,210,105,100,"{""sim_day"": 105.0, ""doy"": 210.0, ""topwt"": 10141.240234375, ""grnwt"": 1067.1067810058594, ""xlai"": 3.335939645767212, ""totir"": 30.0, ""tofer"": NaN, ""swfac"": 0.0, ""nstres"": 0.0}",0.0,0.0,10141.240234375,1067.1067810058594,3.335939645767212,30.0,,0.0,0.0,30.0,180.0,35.70172729492188,47.70172729492188,Leave_One_experiments/all_year_offline_schedule_search/daily_outputs/SYA/SYA_2019_SYA2019_normal_grid_S0031_daily.csv
SYA,SYA,Shenyang,2019,Leave_One_experiments\wth_generated_qc\SYA\SYA2019.WTH,wet_year;nitrogen_stress_year;low_response_year,wet,SYA2019_normal_grid_S0031,irrigation_positive_candidate,2019-07-30,211,106,101,"{""sim_day"": 106.0, ""doy"": 211.0, ""topwt"": 10439.776611328123, ""grnwt"": 1365.642547607422, ""xlai"": 3.3184046745300293, ""totir"": 30.0, ""tofer"": NaN, ""swfac"": 0.0, ""nstres"": 0.0}",0.0,0.0,10439.776611328123,1365.642547607422,3.3184046745300293,30.0,,0.0,0.0,30.0,180.0,35.70172729492188,47.70172729492188,Leave_One_experiments/all_year_offline_schedule_search/daily_outputs/SYA/SYA_2019_SYA2019_normal_grid_S0031_daily.csv
SYA,SYA,Shenyang,2019,Leave_One_experiments\wth_generated_qc\SYA\SYA2019.WTH,wet_year;nitrogen_stress_year;low_response_year,wet,SYA2019_normal_grid_S0031,irrigation_positive_candidate,2019-07-31,212,107,102,"{""sim_day"": 107.0, ""doy"": 212.0, ""topwt"": 10715.02197265625, ""grnwt"": 1640.8883666992188, ""xlai"": 3.2973849773406982, ""totir"": 30.0, ""tofer"": NaN, ""swfac"": 0.0, ""nstres"": 0.0}",0.0,0.0,10715.02197265625,1640.8883666992188,3.2973849773406982,30.0,,0.0,0.0,30.0,180.0,35.70172729492188,47.70172729492188,Leave_One_experiments/all_year_offline_schedule_search/daily_outputs/SYA/SYA_2019_SYA2019_normal_grid_S0031_daily.csv
SYA,SYA,Shenyang,2019,Leave_One_experiments\wth_generated_qc\SYA\SYA2019.WTH,wet_year;nitrogen_stress_year;low_response_year,wet,SYA2019_normal_grid_S0031,irrigation_positive_candidate,2019-08-01,213,108,103,"{""sim_day"": 108.0, ""doy"": 213.0, ""topwt"": 10921.773681640623, ""grnwt"": 1979.6522521972656, ""xlai"": 3.276109218597412, ""totir"": 30.0, ""tofer"": NaN, ""swfac"": 0.0, ""nstres"": 0.0}",0.0,0.0,10921.773681640623,1979.6522521972656,3.276109218597412,30.0,,0.0,0.0,30.0,180.0,35.70172729492188,47.70172729492188,Leave_One_experiments/all_year_offline_schedule_search/daily_outputs/SYA/SYA_2019_SYA2019_normal_grid_S0031_daily.csv
SYA,SYA,Shenyang,2019,Leave_One_experiments\wth_generated_qc\SYA\SYA2019.WTH,wet_year;nitrogen_stress_year;low_response_year,wet,SYA2019_normal_grid_S0031,irrigation_positive_candidate,2019-08-02,214,109,104,"{""sim_day"": 109.0, ""doy"": 214.0, ""topwt"": 11219.7314453125, ""grnwt"": 2318.416290283203, ""xlai"": 3.2546279430389404, ""totir"": 30.0, ""tofer"": NaN, ""swfac"": 0.0, ""nstres"": 0.0}",0.0,0.0,11219.7314453125,2318.416290283203,3.2546279430389404,30.0,,0.0,0.0,30.0,180.0,35.70172729492188,47.70172729492188,Leave_One_experiments/all_year_offline_schedule_search/daily_outputs/SYA/SYA_2019_SYA2019_normal_grid_S0031_daily.csv
SYA,SYA,Shenyang,2019,Leave_One_experiments\wth_generated_qc\SYA\SYA2019.WTH,wet_year;nitrogen_stress_year;low_response_year,wet,SYA2019_normal_grid_S0031,irrigation_positive_candidate,2019-08-03,215,110,105,"{""sim_day"": 110.0, ""doy"": 215.0, ""topwt"": 11552.208251953123, ""grnwt"": 2657.18017578125, ""xlai"": 3.2286648750305176, ""totir"": 30.0, ""tofer"": NaN, ""swfac"": 0.0, ""nstres"": 0.0}",0.0,0.0,11552.208251953123,2657.18017578125,3.2286648750305176,30.0,,0.0,0.0,30.0,180.0,35.70172729492188,47.70172729492188,Leave_One_experiments/all_year_offline_schedule_search/daily_outputs/SYA/SYA_2019_SYA2019_normal_grid_S0031_daily.csv
SYA,SYA,Shenyang,2019,Leave_One_experiments\wth_generated_qc\SYA\SYA2019.WTH,wet_year;nitrogen_stress_year;low_response_year,wet,SYA2019_normal_grid_S0031,irrigation_positive_candidate,2019-08-04,216,111,106,"{""sim_day"": 111.0, ""doy"": 216.0, ""topwt"": 11849.0966796875, ""grnwt"": 2995.9442138671875, ""xlai"": 3.199465751647949, ""totir"": 30.0, ""tofer"": NaN, ""swfac"": 0.0, ""nstres"": 0.0}",0.0,0.0,11849.0966796875,2995.9442138671875,3.199465751647949,30.0,,0.0,0.0,30.0,180.0,35.70172729492188,47.70172729492188,Leave_One_experiments/all_year_offline_schedule_search/daily_outputs/SYA/SYA_2019_SYA2019_normal_grid_S0031_daily.csv
SYA,SYA,Shenyang,2019,Leave_One_experiments\wth_generated_qc\SYA\SYA2019.WTH,wet_year;nitrogen_stress_year;low_response_year,wet,SYA2019_normal_grid_S0031,irrigation_positive_candidate,2019-08-05,217,112,107,"{""sim_day"": 112.0, ""doy"": 217.0, ""topwt"": 12110.457763671877, ""grnwt"": 3315.6527709960938, ""xlai"": 3.1641993522644043, ""totir"": 30.0, ""tofer"": NaN, ""swfac"": 0.0, ""nstres"": 0.0}",0.0,0.0,12110.457763671877,3315.6527709960938,3.1641993522644043,30.0,,0.0,0.0,30.0,180.0,35.70172729492188,47.70172729492188,Leave_One_experiments/all_year_offline_schedule_search/daily_outputs/SYA/SYA_2019_SYA2019_normal_grid_S0031_daily.csv
SYA,SYA,Shenyang,2019,Leave_One_experiments\wth_generated_qc\SYA\SYA2019.WTH,wet_year;nitrogen_stress_year;low_response_year,wet,SYA2019_normal_grid_S0031,irrigation_positive_candidate,2019-08-06,218,113,108,"{""sim_day"": 113.0, ""doy"": 218.0, ""topwt"": 12371.08154296875, ""grnwt"": 3624.7750854492183, ""xlai"": 3.124520063400269, ""totir"": 30.0, ""tofer"": NaN, ""swfac"": 0.0, ""nstres"": 0.0}",0.0,0.0,12371.08154296875,3624.7750854492183,3.124520063400269,30.0,,0.0,0.0,30.0,180.0,35.70172729492188,47.70172729492188,Leave_One_experiments/all_year_offline_schedule_search/daily_outputs/SYA/SYA_2019_SYA2019_normal_grid_S0031_daily.csv
SYA,SYA,Shenyang,2019,Leave_One_experiments\wth_generated_qc\SYA\SYA2019.WTH,wet_year;nitrogen_stress_year;low_response_year,wet,SYA2019_normal_grid_S0031,irrigation_positive_candidate,2019-08-07,219,114,109,"{""sim_day"": 114.0, ""doy"": 219.0, ""topwt"": 12625.08056640625, ""grnwt"": 3963.538818359375, ""xlai"": 3.0857608318328857, ""totir"": 30.0, ""tofer"": NaN, ""swfac"": 0.0, ""nstres"": 0.0}",0.0,0.0,12625.08056640625,3963.538818359375,3.0857608318328857,30.0,,0.0,0.0,30.0,180.0,35.70172729492188,47.70172729492188,Leave_One_experiments/all_year_offline_schedule_search/daily_outputs/SYA/SYA_2019_SYA2019_normal_grid_S0031_daily.csv
SYA,SYA,Shenyang,2019,Leave_One_experiments\wth_generated_qc\SYA\SYA2019.WTH,wet_year;nitrogen_stress_year;low_response_year,wet,SYA2019_normal_grid_S0031,irrigation_positive_candidate,2019-08-08,220,115,110,"{""sim_day"": 115.0, ""doy"": 220.0, ""topwt"": 12975.70068359375, ""grnwt"": 4302.3028564453125, ""xlai"": 3.0415289402008057, ""totir"": 30.0, ""tofer"": NaN, ""swfac"": 0.0, ""nstres"": 0.0}",0.0,0.0,12975.70068359375,4302.3028564453125,3.0415289402008057,30.0,,0.0,0.0,30.0,180.0,35.70172729492188,47.70172729492188,Leave_One_experiments/all_year_offline_schedule_search/daily_outputs/SYA/SYA_2019_SYA2019_normal_grid_S0031_daily.csv
SYA,SYA,Shenyang,2019,Leave_One_experiments\wth_generated_qc\SYA\SYA2019.WTH,wet_year;nitrogen_stress_year;low_response_year,wet,SYA2019_normal_grid_S0031,irrigation_positive_candidate,2019-08-09,221,116,111,"{""sim_day"": 116.0, ""doy"": 221.0, ""topwt"": 13214.500732421877, ""grnwt"": 4641.06689453125, ""xlai"": 2.9918363094329834, ""totir"": 30.0, ""tofer"": NaN, ""swfac"": 0.0, ""nstres"": 0.0}",0.0,0.0,13214.500732421877,4641.06689453125,2.9918363094329834,30.0,,0.0,0.0,30.0,180.0,35.70172729492188,47.70172729492188,Leave_One_experiments/all_year_offline_schedule_search/daily_outputs/SYA/SYA_2019_SYA2019_normal_grid_S0031_daily.csv
SYA,SYA,Shenyang,2019,Leave_One_experiments\wth_generated_qc\SYA\SYA2019.WTH,wet_year;nitrogen_stress_year;low_response_year,wet,SYA2019_normal_grid_S0031,irrigation_positive_candidate,2019-08-10,222,117,112,"{""sim_day"": 117.0, ""doy"": 222.0, ""topwt"": 13290.56884765625, ""grnwt"": 4979.830932617188, ""xlai"": 2.9515221118927, ""totir"": 30.0, ""tofer"": NaN, ""swfac"": 0.0, ""nstres"": 0.0}",0.0,0.0,13290.56884765625,4979.830932617188,2.9515221118927,30.0,,0.0,0.0,30.0,180.0,35.70172729492188,47.70172729492188,Leave_One_experiments/all_year_offline_schedule_search/daily_outputs/SYA/SYA_2019_SYA2019_normal_grid_S0031_daily.csv
SYA,SYA,Shenyang,2019,Leave_One_experiments\wth_generated_qc\SYA\SYA2019.WTH,wet_year;nitrogen_stress_year;low_response_year,wet,SYA2019_normal_grid_S0031,irrigation_positive_candidate,2019-08-11,223,118,113,"{""sim_day"": 118.0, ""doy"": 223.0, ""topwt"": 13570.943603515623, ""grnwt"": 5318.594970703125, ""xlai"": 2.902083396911621, ""totir"": 30.0, ""tofer"": NaN, ""swfac"": 0.0, ""nstres"": 0.0}",0.0,0.0,13570.943603515623,5318.594970703125,2.902083396911621,30.0,,0.0,0.0,30.0,180.0,35.70172729492188,47.70172729492188,Leave_One_experiments/all_year_offline_schedule_search/daily_outputs/SYA/SYA_2019_SYA2019_normal_grid_S0031_daily.csv
SYA,SYA,Shenyang,2019,Leave_One_experiments\wth_generated_qc\SYA\SYA2019.WTH,wet_year;nitrogen_stress_year;low_response_year,wet,SYA2019_normal_grid_S0031,irrigation_positive_candidate,2019-08-12,224,119,114,"{""sim_day"": 119.0, ""doy"": 224.0, ""topwt"": 13457.474365234377, ""grnwt"": 5412.8546142578125, ""xlai"": 2.8467957973480225, ""totir"": 30.0, ""tofer"": NaN, ""swfac"": 0.0, ""nstres"": 0.0}",0.0,0.0,13457.474365234377,5412.8546142578125,2.8467957973480225,30.0,,0.0,0.0,30.0,180.0,35.70172729492188,47.70172729492188,Leave_One_experiments/all_year_offline_schedule_search/daily_outputs/SYA/SYA_2019_SYA2019_normal_grid_S0031_daily.csv
SYA,SYA,Shenyang,2019,Leave_One_experiments\wth_generated_qc\SYA\SYA2019.WTH,wet_year;nitrogen_stress_year;low_response_year,wet,SYA2019_normal_grid_S0031,irrigation_positive_candidate,2019-08-13,225,120,115,"{""sim_day"": 120.0, ""doy"": 225.0, ""topwt"": 13526.829833984377, ""grnwt"": 5482.2100830078125, ""xlai"": 2.7956409454345703, ""totir"": 30.0, ""tofer"": NaN, ""swfac"": 0.0, ""nstres"": 0.0}",0.0,0.0,13526.829833984377,5482.2100830078125,2.7956409454345703,30.0,,0.0,0.0,30.0,180.0,35.70172729492188,47.70172729492188,Leave_One_experiments/all_year_offline_schedule_search/daily_outputs/SYA/SYA_2019_SYA2019_normal_grid_S0031_daily.csv
SYA,SYA,Shenyang,2019,Leave_One_experiments\wth_generated_qc\SYA\SYA2019.WTH,wet_year;nitrogen_stress_year;low_response_year,wet,SYA2019_normal_grid_S0031,irrigation_positive_candidate,2019-08-14,226,121,116,"{""sim_day"": 121.0, ""doy"": 226.0, ""topwt"": 13709.527587890623, ""grnwt"": 5664.908447265625, ""xlai"": 2.7374558448791504, ""totir"": 30.0, ""tofer"": NaN, ""swfac"": 0.0, ""nstres"": 0.0}",0.0,0.0,13709.527587890623,5664.908447265625,2.7374558448791504,30.0,,0.0,0.0,30.0,180.0,35.70172729492188,47.70172729492188,Leave_One_experiments/all_year_offline_schedule_search/daily_outputs/SYA/SYA_2019_SYA2019_normal_grid_S0031_daily.csv
SYA,SYA,Shenyang,2019,Leave_One_experiments\wth_generated_qc\SYA\SYA2019.WTH,wet_year;nitrogen_stress_year;low_response_year,wet,SYA2019_normal_grid_S0031,irrigation_positive_candidate,2019-08-15,227,122,117,"{""sim_day"": 122.0, ""doy"": 227.0, ""topwt"": 14051.15234375, ""grnwt"": 6003.6724853515625, ""xlai"": 2.674046516418457, ""totir"": 30.0, ""tofer"": NaN, ""swfac"": 0.0, ""nstres"": 0.0}",0.0,0.0,14051.15234375,6003.6724853515625,2.674046516418457,30.0,,0.0,0.0,30.0,180.0,35.70172729492188,47.70172729492188,Leave_One_experiments/all_year_offline_schedule_search/daily_outputs/SYA/SYA_2019_SYA2019_normal_grid_S0031_daily.csv
SYA,SYA,Shenyang,2019,Leave_One_experiments\wth_generated_qc\SYA\SYA2019.WTH,wet_year;nitrogen_stress_year;low_response_year,wet,SYA2019_normal_grid_S0031,irrigation_positive_candidate,2019-08-16,228,123,118,"{""sim_day"": 123.0, ""doy"": 228.0, ""topwt"": 14318.50341796875, ""grnwt"": 6273.8848876953125, ""xlai"": 2.616525411605835, ""totir"": 30.0, ""tofer"": NaN, ""swfac"": 0.0, ""nstres"": 0.0}",0.0,0.0,14318.50341796875,6273.8848876953125,2.616525411605835,30.0,,0.0,0.0,30.0,180.0,35.70172729492188,47.70172729492188,Leave_One_experiments/all_year_offline_schedule_search/daily_outputs/SYA/SYA_2019_SYA2019_normal_grid_S0031_daily.csv
SYA,SYA,Shenyang,2019,Leave_One_experiments\wth_generated_qc\SYA\SYA2019.WTH,wet_year;nitrogen_stress_year;low_response_year,wet,SYA2019_normal_grid_S0031,irrigation_positive_candidate,2019-08-17,229,124,119,"{""sim_day"": 124.0, ""doy"": 229.0, ""topwt"": 14700.501708984377, ""grnwt"": 6612.64892578125, ""xlai"": 2.5529239177703857, ""totir"": 30.0, ""tofer"": NaN, ""swfac"": 0.0, ""nstres"": 0.0}",0.0,0.0,14700.501708984377,6612.64892578125,2.5529239177703857,30.0,,0.0,0.0,30.0,180.0,35.70172729492188,47.70172729492188,Leave_One_experiments/all_year_offline_schedule_search/daily_outputs/SYA/SYA_2019_SYA2019_normal_grid_S0031_daily.csv
SYA,SYA,Shenyang,2019,Leave_One_experiments\wth_generated_qc\SYA\SYA2019.WTH,wet_year;nitrogen_stress_year;low_response_year,wet,SYA2019_normal_grid_S0031,irrigation_positive_candidate,2019-08-18,230,125,120,"{""sim_day"": 125.0, ""doy"": 230.0, ""topwt"": 15088.294677734377, ""grnwt"": 6951.41357421875, ""xlai"": 2.4822092056274414, ""totir"": 30.0, ""tofer"": NaN, ""swfac"": 0.0, ""nstres"": 0.0067321062088012}",0.0,0.0067321062088012,15088.294677734377,6951.41357421875,2.4822092056274414,30.0,,0.0,0.0,30.0,180.0,35.70172729492188,47.70172729492188,Leave_One_experiments/all_year_offline_schedule_search/daily_outputs/SYA/SYA_2019_SYA2019_normal_grid_S0031_daily.csv
SYA,SYA,Shenyang,2019,Leave_One_experiments\wth_generated_qc\SYA\SYA2019.WTH,wet_year;nitrogen_stress_year;low_response_year,wet,SYA2019_normal_grid_S0031,irrigation_positive_candidate,2019-08-19,231,126,121,"{""sim_day"": 126.0, ""doy"": 231.0, ""topwt"": 15144.085693359377, ""grnwt"": 7099.46533203125, ""xlai"": 2.409904718399048, ""totir"": 30.0, ""tofer"": NaN, ""swfac"": 0.0, ""nstres"": 0.0503908395767211}",0.0,0.0503908395767211,15144.085693359377,7099.46533203125,2.409904718399048,30.0,,0.0,0.0,30.0,180.0,35.70172729492188,47.70172729492188,Leave_One_experiments/all_year_offline_schedule_search/daily_outputs/SYA/SYA_2019_SYA2019_normal_grid_S0031_daily.csv
SYA,SYA,Shenyang,2019,Leave_One_experiments\wth_generated_qc\SYA\SYA2019.WTH,wet_year;nitrogen_stress_year;low_response_year,wet,SYA2019_normal_grid_S0031,irrigation_positive_candidate,2019-08-20,232,127,122,"{""sim_day"": 127.0, ""doy"": 232.0, ""topwt"": 15518.02978515625, ""grnwt"": 7438.22998046875, ""xlai"": 2.3242383003234863, ""totir"": 30.0, ""tofer"": NaN, ""swfac"": 0.0, ""nstres"": 0.0542570352554321}",0.0,0.0542570352554321,15518.02978515625,7438.22998046875,2.3242383003234863,30.0,,0.0,0.0,30.0,180.0,35.70172729492188,47.70172729492188,Leave_One_experiments/all_year_offline_schedule_search/daily_outputs/SYA/SYA_2019_SYA2019_normal_grid_S0031_daily.csv
SYA,SYA,Shenyang,2019,Leave_One_experiments\wth_generated_qc\SYA\SYA2019.WTH,wet_year;nitrogen_stress_year;low_response_year,wet,SYA2019_normal_grid_S0031,irrigation_positive_candidate,2019-08-21,233,128,123,"{""sim_day"": 128.0, ""doy"": 233.0, ""topwt"": 15882.947998046877, ""grnwt"": 7776.994018554687, ""xlai"": 2.248642683029175, ""totir"": 30.0, ""tofer"": NaN, ""swfac"": 0.0, ""nstres"": 0.0835886001586914}",0.0,0.0835886001586914,15882.947998046877,7776.994018554687,2.248642683029175,30.0,,0.0,0.0,30.0,180.0,35.70172729492188,47.70172729492188,Leave_One_experiments/all_year_offline_schedule_search/daily_outputs/SYA/SYA_2019_SYA2019_normal_grid_S0031_daily.csv
SYA,SYA,Shenyang,2019,Leave_One_experiments\wth_generated_qc\SYA\SYA2019.WTH,wet_year;nitrogen_stress_year;low_response_year,wet,SYA2019_normal_grid_S0031,irrigation_positive_candidate,2019-08-22,234,129,124,"{""sim_day"": 129.0, ""doy"": 234.0, ""topwt"": 16201.10107421875, ""grnwt"": 8115.7586669921875, ""xlai"": 2.17616868019104, ""totir"": 30.0, ""tofer"": NaN, ""swfac"": 0.0, ""nstres"": 0.1303484439849853}",0.0,0.1303484439849853,16201.10107421875,8115.7586669921875,2.17616868019104,30.0,,0.0,0.0,30.0,180.0,35.70172729492188,47.70172729492188,Leave_One_experiments/all_year_offline_schedule_search/daily_outputs/SYA/SYA_2019_SYA2019_normal_grid_S0031_daily.csv
SYA,SYA,Shenyang,2019,Leave_One_experiments\wth_generated_qc\SYA\SYA2019.WTH,wet_year;nitrogen_stress_year;low_response_year,wet,SYA2019_normal_grid_S0031,irrigation_positive_candidate,2019-08-23,235,130,125,"{""sim_day"": 130.0, ""doy"": 235.0, ""topwt"": 16505.322265625, ""grnwt"": 8454.522705078125, ""xlai"": 2.094469785690308, ""totir"": 30.0, ""tofer"": NaN, ""swfac"": 0.0, ""nstres"": 0.1715505719184875}",0.0,0.1715505719184875,16505.322265625,8454.522705078125,2.094469785690308,30.0,,0.0,0.0,30.0,180.0,35.70172729492188,47.70172729492188,Leave_One_experiments/all_year_offline_schedule_search/daily_outputs/SYA/SYA_2019_SYA2019_normal_grid_S0031_daily.csv
SYA,SYA,Shenyang,2019,Leave_One_experiments\wth_generated_qc\SYA\SYA2019.WTH,wet_year;nitrogen_stress_year;low_response_year,wet,SYA2019_normal_grid_S0031,irrigation_positive_candidate,2019-08-24,236,131,126,"{""sim_day"": 131.0, ""doy"": 236.0, ""topwt"": 16800.531005859375, ""grnwt"": 8755.91064453125, ""xlai"": 2.0048604011535645, ""totir"": 30.0, ""tofer"": NaN, ""swfac"": 0.0, ""nstres"": 0.2184939384460449}",0.0,0.2184939384460449,16800.531005859375,8755.91064453125,2.0048604011535645,30.0,,0.0,0.0,30.0,180.0,35.70172729492188,47.70172729492188,Leave_One_experiments/all_year_offline_schedule_search/daily_outputs/SYA/SYA_2019_SYA2019_normal_grid_S0031_daily.csv
SYA,SYA,Shenyang,2019,Leave_One_experiments\wth_generated_qc\SYA\SYA2019.WTH,wet_year;nitrogen_stress_year;low_response_year,wet,SYA2019_normal_grid_S0031,irrigation_positive_candidate,2019-08-25,237,132,127,"{""sim_day"": 132.0, ""doy"": 237.0, ""topwt"": 17014.25048828125, ""grnwt"": 8969.63134765625, ""xlai"": 1.8985217809677124, ""totir"": 30.0, ""tofer"": NaN, ""swfac"": 0.0, ""nstres"": 0.297791063785553}",0.0,0.297791063785553,17014.25048828125,8969.63134765625,1.8985217809677124,30.0,,0.0,0.0,30.0,180.0,35.70172729492188,47.70172729492188,Leave_One_experiments/all_year_offline_schedule_search/daily_outputs/SYA/SYA_2019_SYA2019_normal_grid_S0031_daily.csv
SYA,SYA,Shenyang,2019,Leave_One_experiments\wth_generated_qc\SYA\SYA2019.WTH,wet_year;nitrogen_stress_year;low_response_year,wet,SYA2019_normal_grid_S0031,irrigation_positive_candidate,2019-08-26,238,133,128,"{""sim_day"": 133.0, ""doy"": 238.0, ""topwt"": 17212.98095703125, ""grnwt"": 9168.362426757812, ""xlai"": 1.789661884307861, ""totir"": 30.0, ""tofer"": NaN, ""swfac"": 0.0, ""nstres"": 0.3413501977920532}",0.0,0.3413501977920532,17212.98095703125,9168.362426757812,1.789661884307861,30.0,,0.0,0.0,30.0,180.0,35.70172729492188,47.70172729492188,Leave_One_experiments/all_year_offline_schedule_search/daily_outputs/SYA/SYA_2019_SYA2019_normal_grid_S0031_daily.csv
SYA,SYA,Shenyang,2019,Leave_One_experiments\wth_generated_qc\SYA\SYA2019.WTH,wet_year;nitrogen_stress_year;low_response_year,wet,SYA2019_normal_grid_S0031,irrigation_positive_candidate,2019-08-27,239,134,129,"{""sim_day"": 134.0, ""doy"": 239.0, ""topwt"": 17377.369384765625, ""grnwt"": 9332.75146484375, ""xlai"": 1.6924755573272705, ""totir"": 30.0, ""tofer"": NaN, ""swfac"": 0.0, ""nstres"": 0.387491762638092}",0.0,0.387491762638092,17377.369384765625,9332.75146484375,1.6924755573272705,30.0,,0.0,0.0,30.0,180.0,35.70172729492188,47.70172729492188,Leave_One_experiments/all_year_offline_schedule_search/daily_outputs/SYA/SYA_2019_SYA2019_normal_grid_S0031_daily.csv
SYA,SYA,Shenyang,2019,Leave_One_experiments\wth_generated_qc\SYA\SYA2019.WTH,wet_year;nitrogen_stress_year;low_response_year,wet,SYA2019_normal_grid_S0031,irrigation_positive_candidate,2019-08-28,240,135,130,"{""sim_day"": 135.0, ""doy"": 240.0, ""topwt"": 17483.587646484375, ""grnwt"": 9438.969116210938, ""xlai"": 1.6143237352371216, ""totir"": 30.0, ""tofer"": NaN, ""swfac"": 0.0, ""nstres"": 0.4167289733886719}",0.0,0.4167289733886719,17483.587646484375,9438.969116210938,1.6143237352371216,30.0,,0.0,0.0,30.0,180.0,35.70172729492188,47.70172729492188,Leave_One_experiments/all_year_offline_schedule_search/daily_outputs/SYA/SYA_2019_SYA2019_normal_grid_S0031_daily.csv
SYA,SYA,Shenyang,2019,Leave_One_experiments\wth_generated_qc\SYA\SYA2019.WTH,wet_year;nitrogen_stress_year;low_response_year,wet,SYA2019_normal_grid_S0031,irrigation_positive_candidate,2019-08-29,241,136,131,"{""sim_day"": 136.0, ""doy"": 241.0, ""topwt"": 17614.791259765625, ""grnwt"": 9570.172729492188, ""xlai"": 1.528904676437378, ""totir"": 30.0, ""tofer"": NaN, ""swfac"": 0.0, ""nstres"": 0.4171029925346374}",0.0,0.4171029925346374,17614.791259765625,9570.172729492188,1.528904676437378,30.0,,0.0,0.0,30.0,180.0,35.70172729492188,47.70172729492188,Leave_One_experiments/all_year_offline_schedule_search/daily_outputs/SYA/SYA_2019_SYA2019_normal_grid_S0031_daily.csv
SYA,SYA,Shenyang,2019,Leave_One_experiments\wth_generated_qc\SYA\SYA2019.WTH,wet_year;nitrogen_stress_year;low_response_year,wet,SYA2019_normal_grid_S0031,irrigation_positive_candidate,2019-08-30,242,137,132,"{""sim_day"": 137.0, ""doy"": 242.0, ""topwt"": 17614.791259765625, ""grnwt"": 9570.172729492188, ""xlai"": 1.528904676437378, ""totir"": 30.0, ""tofer"": NaN, ""swfac"": 0.0, ""nstres"": 0.4317007064819336}",0.0,0.4317007064819336,17614.791259765625,9570.172729492188,1.528904676437378,30.0,,0.0,0.0,30.0,180.0,35.70172729492188,47.70172729492188,Leave_One_experiments/all_year_offline_schedule_search/daily_outputs/SYA/SYA_2019_SYA2019_normal_grid_S0031_daily.csv
SYA,SYA,Shenyang,2019,Leave_One_experiments\wth_generated_qc\SYA\SYA2019.WTH,wet_year;nitrogen_stress_year;low_response_year,wet,SYA2019_normal_grid_S0031,irrigation_positive_candidate,2019-08-31,243,138,133,"{""sim_day"": 138.0, ""doy"": 243.0, ""topwt"": 17614.791259765625, ""grnwt"": 9570.172729492188, ""xlai"": 1.528904676437378, ""totir"": 30.0, ""tofer"": NaN, ""swfac"": 0.0, ""nstres"": 0.4317007064819336}",0.0,0.4317007064819336,17614.791259765625,9570.172729492188,1.528904676437378,30.0,,0.0,0.0,30.0,180.0,35.70172729492188,47.70172729492188,Leave_One_experiments/all_year_offline_schedule_search/daily_outputs/SYA/SYA_2019_SYA2019_normal_grid_S0031_daily.csv
SYA,SYA,Shenyang,2019,Leave_One_experiments\wth_generated_qc\SYA\SYA2019.WTH,wet_year;nitrogen_stress_year;low_response_year,wet,SYA2019_normal_grid_S0031,irrigation_positive_candidate,2019-09-01,244,139,134,"{""sim_day"": 139.0, ""doy"": 244.0, ""topwt"": 17614.791259765625, ""grnwt"": 9570.172729492188, ""xlai"": 1.528904676437378, ""totir"": 30.0, ""tofer"": NaN, ""swfac"": 0.0, ""nstres"": 0.4317007064819336}",0.0,0.4317007064819336,17614.791259765625,9570.172729492188,1.528904676437378,30.0,,0.0,0.0,30.0,180.0,35.70172729492188,47.70172729492188,Leave_One_experiments/all_year_offline_schedule_search/daily_outputs/SYA/SYA_2019_SYA2019_normal_grid_S0031_daily.csv
SYA,SYA,Shenyang,2019,Leave_One_experiments\wth_generated_qc\SYA\SYA2019.WTH,wet_year;nitrogen_stress_year;low_response_year,wet,SYA2019_normal_grid_S0031,irrigation_positive_candidate,2019-09-02,245,140,135,"{""sim_day"": 140.0, ""doy"": 245.0, ""topwt"": 17614.791259765625, ""grnwt"": 9570.172729492188, ""xlai"": 1.528904676437378, ""totir"": 30.0, ""tofer"": NaN, ""swfac"": 0.0, ""nstres"": 0.4317007064819336}",0.0,0.4317007064819336,17614.791259765625,9570.172729492188,1.528904676437378,30.0,,0.0,0.0,30.0,180.0,35.70172729492188,47.70172729492188,Leave_One_experiments/all_year_offline_schedule_search/daily_outputs/SYA/SYA_2019_SYA2019_normal_grid_S0031_daily.csv
SYA,SYA,Shenyang,2019,Leave_One_experiments\wth_generated_qc\SYA\SYA2019.WTH,wet_year;nitrogen_stress_year;low_response_year,wet,SYA2019_normal_grid_S0028,low_input_within_10pct_yield,2019-04-21,111,1,1,"{""sim_day"": 1.0, ""doy"": 111.0, ""topwt"": 0.0, ""grnwt"": 0.0, ""xlai"": 0.0, ""totir"": 0.0, ""tofer"": NaN, ""swfac"": 0.0, ""nstres"": 0.0}",0.0,0.0,0.0,0.0,0.0,0.0,,0.0,80.0,0.0,180.0,49.67625732421875,49.67625732421875,Leave_One_experiments/all_year_offline_schedule_search/daily_outputs/SYA/SYA_2019_SYA2019_normal_grid_S0028_daily.csv
SYA,SYA,Shenyang,2019,Leave_One_experiments\wth_generated_qc\SYA\SYA2019.WTH,wet_year;nitrogen_stress_year;low_response_year,wet,SYA2019_normal_grid_S0028,low_input_within_10pct_yield,2019-04-22,112,2,2,"{""sim_day"": 2.0, ""doy"": 112.0, ""topwt"": 0.0, ""grnwt"": 0.0, ""xlai"": 0.0, ""totir"": 0.0, ""tofer"": NaN, ""swfac"": 0.0, ""nstres"": 0.0}",0.0,0.0,0.0,0.0,0.0,0.0,,0.0,0.0,0.0,180.0,49.67625732421875,49.67625732421875,Leave_One_experiments/all_year_offline_schedule_search/daily_outputs/SYA/SYA_2019_SYA2019_normal_grid_S0028_daily.csv
SYA,SYA,Shenyang,2019,Leave_One_experiments\wth_generated_qc\SYA\SYA2019.WTH,wet_year;nitrogen_stress_year;low_response_year,wet,SYA2019_normal_grid_S0028,low_input_within_10pct_yield,2019-04-23,113,3,3,"{""sim_day"": 3.0, ""doy"": 113.0, ""topwt"": 0.0, ""grnwt"": 0.0, ""xlai"": 0.0, ""totir"": 0.0, ""tofer"": NaN, ""swfac"": 0.0, ""nstres"": 0.0}",0.0,0.0,0.0,0.0,0.0,0.0,,0.0,0.0,0.0,180.0,49.67625732421875,49.67625732421875,Leave_One_experiments/all_year_offline_schedule_search/daily_outputs/SYA/SYA_2019_SYA2019_normal_grid_S0028_daily.csv
SYA,SYA,Shenyang,2019,Leave_One_experiments\wth_generated_qc\SYA\SYA2019.WTH,wet_year;nitrogen_stress_year;low_response_year,wet,SYA2019_normal_grid_S0028,low_input_within_10pct_yield,2019-04-24,114,4,4,"{""sim_day"": 4.0, ""doy"": 114.0, ""topwt"": 0.0, ""grnwt"": 0.0, ""xlai"": 0.0, ""totir"": 0.0, ""tofer"": NaN, ""swfac"": 0.0, ""nstres"": 0.0}",0.0,0.0,0.0,0.0,0.0,0.0,,0.0,0.0,0.0,180.0,49.67625732421875,49.67625732421875,Leave_One_experiments/all_year_offline_schedule_search/daily_outputs/SYA/SYA_2019_SYA2019_normal_grid_S0028_daily.csv
SYA,SYA,Shenyang,2019,Leave_One_experiments\wth_generated_qc\SYA\SYA2019.WTH,wet_year;nitrogen_stress_year;low_response_year,wet,SYA2019_normal_grid_S0028,low_input_within_10pct_yield,2019-04-25,115,5,5,"{""sim_day"": 5.0, ""doy"": 115.0, ""topwt"": 0.0, ""grnwt"": 0.0, ""xlai"": 0.0, ""totir"": 0.0, ""tofer"": NaN, ""swfac"": 0.0, ""nstres"": 0.0}",0.0,0.0,0.0,0.0,0.0,0.0,,0.0,0.0,0.0,180.0,49.67625732421875,49.67625732421875,Leave_One_experiments/all_year_offline_schedule_search/daily_outputs/SYA/SYA_2019_SYA2019_normal_grid_S0028_daily.csv
SYA,SYA,Shenyang,2019,Leave_One_experiments\wth_generated_qc\SYA\SYA2019.WTH,wet_year;nitrogen_stress_year;low_response_year,wet,SYA2019_normal_grid_S0028,low_input_within_10pct_yield,2019-04-21,111,6,1,"{""sim_day"": 6.0, ""doy"": 111.0, ""topwt"": 0.0, ""grnwt"": 0.0, ""xlai"": 0.0, ""totir"": 0.0, ""tofer"": NaN, ""swfac"": 0.0, ""nstres"": 0.0}",0.0,0.0,0.0,0.0,0.0,0.0,,0.0,0.0,0.0,180.0,49.67625732421875,49.67625732421875,Leave_One_experiments/all_year_offline_schedule_search/daily_outputs/SYA/SYA_2019_SYA2019_normal_grid_S0028_daily.csv
SYA,SYA,Shenyang,2019,Leave_One_experiments\wth_generated_qc\SYA\SYA2019.WTH,wet_year;nitrogen_stress_year;low_response_year,wet,SYA2019_normal_grid_S0028,low_input_within_10pct_yield,2019-04-22,112,7,2,"{""sim_day"": 7.0, ""doy"": 112.0, ""topwt"": 0.0, ""grnwt"": 0.0, ""xlai"": 0.0, ""totir"": 0.0, ""tofer"": NaN, ""swfac"": 0.0, ""nstres"": 0.0}",0.0,0.0,0.0,0.0,0.0,0.0,,0.0,0.0,0.0,180.0,49.67625732421875,49.67625732421875,Leave_One_experiments/all_year_offline_schedule_search/daily_outputs/SYA/SYA_2019_SYA2019_normal_grid_S0028_daily.csv
SYA,SYA,Shenyang,2019,Leave_One_experiments\wth_generated_qc\SYA\SYA2019.WTH,wet_year;nitrogen_stress_year;low_response_year,wet,SYA2019_normal_grid_S0028,low_input_within_10pct_yield,2019-04-23,113,8,3,"{""sim_day"": 8.0, ""doy"": 113.0, ""topwt"": 0.0, ""grnwt"": 0.0, ""xlai"": 0.0, ""totir"": 0.0, ""tofer"": NaN, ""swfac"": 0.0, ""nstres"": 0.0}",0.0,0.0,0.0,0.0,0.0,0.0,,0.0,0.0,0.0,180.0,49.67625732421875,49.67625732421875,Leave_One_experiments/all_year_offline_schedule_search/daily_outputs/SYA/SYA_2019_SYA2019_normal_grid_S0028_daily.csv
SYA,SYA,Shenyang,2019,Leave_One_experiments\wth_generated_qc\SYA\SYA2019.WTH,wet_year;nitrogen_stress_year;low_response_year,wet,SYA2019_normal_grid_S0028,low_input_within_10pct_yield,2019-04-24,114,9,4,"{""sim_day"": 9.0, ""doy"": 114.0, ""topwt"": 0.0, ""grnwt"": 0.0, ""xlai"": 0.0, ""totir"": 0.0, ""tofer"": NaN, ""swfac"": 0.0, ""nstres"": 0.0}",0.0,0.0,0.0,0.0,0.0,0.0,,0.0,0.0,0.0,180.0,49.67625732421875,49.67625732421875,Leave_One_experiments/all_year_offline_schedule_search/daily_outputs/SYA/SYA_2019_SYA2019_normal_grid_S0028_daily.csv
SYA,SYA,Shenyang,2019,Leave_One_experiments\wth_generated_qc\SYA\SYA2019.WTH,wet_year;nitrogen_stress_year;low_response_year,wet,SYA2019_normal_grid_S0028,low_input_within_10pct_yield,2019-04-25,115,10,5,"{""sim_day"": 10.0, ""doy"": 115.0, ""topwt"": 0.0, ""grnwt"": 0.0, ""xlai"": 0.0, ""totir"": 0.0, ""tofer"": NaN, ""swfac"": 0.0, ""nstres"": 0.0}",0.0,0.0,0.0,0.0,0.0,0.0,,0.0,0.0,0.0,180.0,49.67625732421875,49.67625732421875,Leave_One_experiments/all_year_offline_schedule_search/daily_outputs/SYA/SYA_2019_SYA2019_normal_grid_S0028_daily.csv
SYA,SYA,Shenyang,2019,Leave_One_experiments\wth_generated_qc\SYA\SYA2019.WTH,wet_year;nitrogen_stress_year;low_response_year,wet,SYA2019_normal_grid_S0028,low_input_within_10pct_yield,2019-04-26,116,11,6,"{""sim_day"": 11.0, ""doy"": 116.0, ""topwt"": 0.0, ""grnwt"": 0.0, ""xlai"": 0.0, ""totir"": 0.0, ""tofer"": NaN, ""swfac"": 0.0, ""nstres"": 0.0}",0.0,0.0,0.0,0.0,0.0,0.0,,0.0,0.0,0.0,180.0,49.67625732421875,49.67625732421875,Leave_One_experiments/all_year_offline_schedule_search/daily_outputs/SYA/SYA_2019_SYA2019_normal_grid_S0028_daily.csv
SYA,SYA,Shenyang,2019,Leave_One_experiments\wth_generated_qc\SYA\SYA2019.WTH,wet_year;nitrogen_stress_year;low_response_year,wet,SYA2019_normal_grid_S0028,low_input_within_10pct_yield,2019-04-27,117,12,7,"{""sim_day"": 12.0, ""doy"": 117.0, ""topwt"": 0.0, ""grnwt"": 0.0, ""xlai"": 0.0, ""totir"": 0.0, ""tofer"": NaN, ""swfac"": 0.0, ""nstres"": 0.0}",0.0,0.0,0.0,0.0,0.0,0.0,,0.0,0.0,0.0,180.0,49.67625732421875,49.67625732421875,Leave_One_experiments/all_year_offline_schedule_search/daily_outputs/SYA/SYA_2019_SYA2019_normal_grid_S0028_daily.csv
SYA,SYA,Shenyang,2019,Leave_One_experiments\wth_generated_qc\SYA\SYA2019.WTH,wet_year;nitrogen_stress_year;low_response_year,wet,SYA2019_normal_grid_S0028,low_input_within_10pct_yield,2019-04-28,118,13,8,"{""sim_day"": 13.0, ""doy"": 118.0, ""topwt"": 0.0, ""grnwt"": 0.0, ""xlai"": 0.0, ""totir"": 0.0, ""tofer"": NaN, ""swfac"": 0.0, ""nstres"": 0.0}",0.0,0.0,0.0,0.0,0.0,0.0,,0.0,0.0,0.0,180.0,49.67625732421875,49.67625732421875,Leave_One_experiments/all_year_offline_schedule_search/daily_outputs/SYA/SYA_2019_SYA2019_normal_grid_S0028_daily.csv
SYA,SYA,Shenyang,2019,Leave_One_experiments\wth_generated_qc\SYA\SYA2019.WTH,wet_year;nitrogen_stress_year;low_response_year,wet,SYA2019_normal_grid_S0028,low_input_within_10pct_yield,2019-04-29,119,14,9,"{""sim_day"": 14.0, ""doy"": 119.0, ""topwt"": 0.0, ""grnwt"": 0.0, ""xlai"": 0.0, ""totir"": 0.0, ""tofer"": NaN, ""swfac"": 0.0, ""nstres"": 0.0}",0.0,0.0,0.0,0.0,0.0,0.0,,0.0,0.0,0.0,180.0,49.67625732421875,49.67625732421875,Leave_One_experiments/all_year_offline_schedule_search/daily_outputs/SYA/SYA_2019_SYA2019_normal_grid_S0028_daily.csv
SYA,SYA,Shenyang,2019,Leave_One_experiments\wth_generated_qc\SYA\SYA2019.WTH,wet_year;nitrogen_stress_year;low_response_year,wet,SYA2019_normal_grid_S0028,low_input_within_10pct_yield,2019-04-30,120,15,10,"{""sim_day"": 15.0, ""doy"": 120.0, ""topwt"": 0.0, ""grnwt"": 0.0, ""xlai"": 0.0, ""totir"": 0.0, ""tofer"": NaN, ""swfac"": 0.0, ""nstres"": 0.0}",0.0,0.0,0.0,0.0,0.0,0.0,,0.0,0.0,0.0,180.0,49.67625732421875,49.67625732421875,Leave_One_experiments/all_year_offline_schedule_search/daily_outputs/SYA/SYA_2019_SYA2019_normal_grid_S0028_daily.csv
SYA,SYA,Shenyang,2019,Leave_One_experiments\wth_generated_qc\SYA\SYA2019.WTH,wet_year;nitrogen_stress_year;low_response_year,wet,SYA2019_normal_grid_S0028,low_input_within_10pct_yield,2019-05-01,121,16,11,"{""sim_day"": 16.0, ""doy"": 121.0, ""topwt"": 0.0, ""grnwt"": 0.0, ""xlai"": 0.0, ""totir"": 0.0, ""tofer"": NaN, ""swfac"": 0.0, ""nstres"": 0.0}",0.0,0.0,0.0,0.0,0.0,0.0,,0.0,0.0,0.0,180.0,49.67625732421875,49.67625732421875,Leave_One_experiments/all_year_offline_schedule_search/daily_outputs/SYA/SYA_2019_SYA2019_normal_grid_S0028_daily.csv
SYA,SYA,Shenyang,2019,Leave_One_experiments\wth_generated_qc\SYA\SYA2019.WTH,wet_year;nitrogen_stress_year;low_response_year,wet,SYA2019_normal_grid_S0028,low_input_within_10pct_yield,2019-05-02,122,17,12,"{""sim_day"": 17.0, ""doy"": 122.0, ""topwt"": 17.600001096725464, ""grnwt"": 0.0, ""xlai"": 0.0018816884839907, ""totir"": 0.0, ""tofer"": NaN, ""swfac"": 0.0, ""nstres"": 0.0121910572052001}",0.0,0.0121910572052001,17.600001096725464,0.0,0.0018816884839907,0.0,,0.0,0.0,0.0,180.0,49.67625732421875,49.67625732421875,Leave_One_experiments/all_year_offline_schedule_search/daily_outputs/SYA/SYA_2019_SYA2019_normal_grid_S0028_daily.csv
SYA,SYA,Shenyang,2019,Leave_One_experiments\wth_generated_qc\SYA\SYA2019.WTH,wet_year;nitrogen_stress_year;low_response_year,wet,SYA2019_normal_grid_S0028,low_input_within_10pct_yield,2019-05-03,123,18,13,"{""sim_day"": 18.0, ""doy"": 123.0, ""topwt"": 17.600001096725464, ""grnwt"": 0.0, ""xlai"": 0.0038882941007614, ""totir"": 0.0, ""tofer"": NaN, ""swfac"": 0.0, ""nstres"": 0.0129578709602355}",0.0,0.0129578709602355,17.600001096725464,0.0,0.0038882941007614,0.0,,0.0,0.0,0.0,180.0,49.67625732421875,49.67625732421875,Leave_One_experiments/all_year_offline_schedule_search/daily_outputs/SYA/SYA_2019_SYA2019_normal_grid_S0028_daily.csv
SYA,SYA,Shenyang,2019,Leave_One_experiments\wth_generated_qc\SYA\SYA2019.WTH,wet_year;nitrogen_stress_year;low_response_year,wet,SYA2019_normal_grid_S0028,low_input_within_10pct_yield,2019-05-04,124,19,14,"{""sim_day"": 19.0, ""doy"": 124.0, ""topwt"": 17.600001096725464, ""grnwt"": 0.0, ""xlai"": 0.0048435046337544, ""totir"": 0.0, ""tofer"": NaN, ""swfac"": 0.0, ""nstres"": 0.010186493396759}",0.0,0.010186493396759,17.600001096725464,0.0,0.0048435046337544,0.0,,0.0,0.0,0.0,180.0,49.67625732421875,49.67625732421875,Leave_One_experiments/all_year_offline_schedule_search/daily_outputs/SYA/SYA_2019_SYA2019_normal_grid_S0028_daily.csv
SYA,SYA,Shenyang,2019,Leave_One_experiments\wth_generated_qc\SYA\SYA2019.WTH,wet_year;nitrogen_stress_year;low_response_year,wet,SYA2019_normal_grid_S0028,low_input_within_10pct_yield,2019-05-05,125,20,15,"{""sim_day"": 20.0, ""doy"": 125.0, ""topwt"": 17.600001096725464, ""grnwt"": 0.0, ""xlai"": 0.0045714383013546, ""totir"": 0.0, ""tofer"": NaN, ""swfac"": 0.0, ""nstres"": 0.00821053981781}",0.0,0.00821053981781,17.600001096725464,0.0,0.0045714383013546,0.0,,0.0,0.0,0.0,180.0,49.67625732421875,49.67625732421875,Leave_One_experiments/all_year_offline_schedule_search/daily_outputs/SYA/SYA_2019_SYA2019_normal_grid_S0028_daily.csv
SYA,SYA,Shenyang,2019,Leave_One_experiments\wth_generated_qc\SYA\SYA2019.WTH,wet_year;nitrogen_stress_year;low_response_year,wet,SYA2019_normal_grid_S0028,low_input_within_10pct_yield,2019-05-06,126,21,16,"{""sim_day"": 21.0, ""doy"": 126.0, ""topwt"": 17.600001096725464, ""grnwt"": 0.0, ""xlai"": 0.0060164402239024, ""totir"": 0.0, ""tofer"": NaN, ""swfac"": 0.0, ""nstres"": 0.0044573545455932}",0.0,0.0044573545455932,17.600001096725464,0.0,0.0060164402239024,0.0,,0.0,0.0,0.0,180.0,49.67625732421875,49.67625732421875,Leave_One_experiments/all_year_offline_schedule_search/daily_outputs/SYA/SYA_2019_SYA2019_normal_grid_S0028_daily.csv
SYA,SYA,Shenyang,2019,Leave_One_experiments\wth_generated_qc\SYA\SYA2019.WTH,wet_year;nitrogen_stress_year;low_response_year,wet,SYA2019_normal_grid_S0028,low_input_within_10pct_yield,2019-05-07,127,22,17,"{""sim_day"": 22.0, ""doy"": 127.0, ""topwt"": 17.600001096725464, ""grnwt"": 0.0, ""xlai"": 0.0082276863977313, ""totir"": 0.0, ""tofer"": NaN, ""swfac"": 0.0, ""nstres"": 0.0}",0.0,0.0,17.600001096725464,0.0,0.0082276863977313,0.0,,0.0,0.0,0.0,180.0,49.67625732421875,49.67625732421875,Leave_One_experiments/all_year_offline_schedule_search/daily_outputs/SYA/SYA_2019_SYA2019_normal_grid_S0028_daily.csv
SYA,SYA,Shenyang,2019,Leave_One_experiments\wth_generated_qc\SYA\SYA2019.WTH,wet_year;nitrogen_stress_year;low_response_year,wet,SYA2019_normal_grid_S0028,low_input_within_10pct_yield,2019-05-08,128,23,18,"{""sim_day"": 23.0, ""doy"": 128.0, ""topwt"": 17.600001096725464, ""grnwt"": 0.0, ""xlai"": 0.0102919023483991, ""totir"": 0.0, ""tofer"": NaN, ""swfac"": 0.0, ""nstres"": 0.0}",0.0,0.0,17.600001096725464,0.0,0.0102919023483991,0.0,,0.0,0.0,0.0,180.0,49.67625732421875,49.67625732421875,Leave_One_experiments/all_year_offline_schedule_search/daily_outputs/SYA/SYA_2019_SYA2019_normal_grid_S0028_daily.csv
SYA,SYA,Shenyang,2019,Leave_One_experiments\wth_generated_qc\SYA\SYA2019.WTH,wet_year;nitrogen_stress_year;low_response_year,wet,SYA2019_normal_grid_S0028,low_input_within_10pct_yield,2019-05-09,129,24,19,"{""sim_day"": 24.0, ""doy"": 129.0, ""topwt"": 17.600001096725464, ""grnwt"": 0.0, ""xlai"": 0.0185200236737728, ""totir"": 0.0, ""tofer"": NaN, ""swfac"": 0.0, ""nstres"": 0.0}",0.0,0.0,17.600001096725464,0.0,0.0185200236737728,0.0,,0.0,0.0,0.0,180.0,49.67625732421875,49.67625732421875,Leave_One_experiments/all_year_offline_schedule_search/daily_outputs/SYA/SYA_2019_SYA2019_normal_grid_S0028_daily.csv
SYA,SYA,Shenyang,2019,Leave_One_experiments\wth_generated_qc\SYA\SYA2019.WTH,wet_year;nitrogen_stress_year;low_response_year,wet,SYA2019_normal_grid_S0028,low_input_within_10pct_yield,2019-05-10,130,25,20,"{""sim_day"": 25.0, ""doy"": 130.0, ""topwt"": 17.600001096725464, ""grnwt"": 0.0, ""xlai"": 0.0275911893695592, ""totir"": 0.0, ""tofer"": NaN, ""swfac"": 0.0, ""nstres"": 0.0}",0.0,0.0,17.600001096725464,0.0,0.0275911893695592,0.0,,0.0,0.0,0.0,180.0,49.67625732421875,49.67625732421875,Leave_One_experiments/all_year_offline_schedule_search/daily_outputs/SYA/SYA_2019_SYA2019_normal_grid_S0028_daily.csv
SYA,SYA,Shenyang,2019,Leave_One_experiments\wth_generated_qc\SYA\SYA2019.WTH,wet_year;nitrogen_stress_year;low_response_year,wet,SYA2019_normal_grid_S0028,low_input_within_10pct_yield,2019-05-11,131,26,21,"{""sim_day"": 26.0, ""doy"": 131.0, ""topwt"": 19.92213487625122, ""grnwt"": 0.0, ""xlai"": 0.0358001440763473, ""totir"": 0.0, ""tofer"": NaN, ""swfac"": 0.0, ""nstres"": 0.0}",0.0,0.0,19.92213487625122,0.0,0.0358001440763473,0.0,,0.0,0.0,0.0,180.0,49.67625732421875,49.67625732421875,Leave_One_experiments/all_year_offline_schedule_search/daily_outputs/SYA/SYA_2019_SYA2019_normal_grid_S0028_daily.csv
SYA,SYA,Shenyang,2019,Leave_One_experiments\wth_generated_qc\SYA\SYA2019.WTH,wet_year;nitrogen_stress_year;low_response_year,wet,SYA2019_normal_grid_S0028,low_input_within_10pct_yield,2019-05-12,132,27,22,"{""sim_day"": 27.0, ""doy"": 132.0, ""topwt"": 22.41192579269409, ""grnwt"": 0.0, ""xlai"": 0.0422624759376049, ""totir"": 0.0, ""tofer"": NaN, ""swfac"": 0.0, ""nstres"": 0.0}",0.0,0.0,22.41192579269409,0.0,0.0422624759376049,0.0,,0.0,0.0,0.0,180.0,49.67625732421875,49.67625732421875,Leave_One_experiments/all_year_offline_schedule_search/daily_outputs/SYA/SYA_2019_SYA2019_normal_grid_S0028_daily.csv
SYA,SYA,Shenyang,2019,Leave_One_experiments\wth_generated_qc\SYA\SYA2019.WTH,wet_year;nitrogen_stress_year;low_response_year,wet,SYA2019_normal_grid_S0028,low_input_within_10pct_yield,2019-05-13,133,28,23,"{""sim_day"": 28.0, ""doy"": 133.0, ""topwt"": 26.370415687561035, ""grnwt"": 0.0, ""xlai"": 0.052076730877161, ""totir"": 0.0, ""tofer"": NaN, ""swfac"": 0.0, ""nstres"": 0.0}",0.0,0.0,26.370415687561035,0.0,0.052076730877161,0.0,,0.0,0.0,0.0,180.0,49.67625732421875,49.67625732421875,Leave_One_experiments/all_year_offline_schedule_search/daily_outputs/SYA/SYA_2019_SYA2019_normal_grid_S0028_daily.csv
SYA,SYA,Shenyang,2019,Leave_One_experiments\wth_generated_qc\SYA\SYA2019.WTH,wet_year;nitrogen_stress_year;low_response_year,wet,SYA2019_normal_grid_S0028,low_input_within_10pct_yield,2019-05-14,134,29,24,"{""sim_day"": 29.0, ""doy"": 134.0, ""topwt"": 31.26382827758789, ""grnwt"": 0.0, ""xlai"": 0.0636210367083549, ""totir"": 0.0, ""tofer"": NaN, ""swfac"": 0.0, ""nstres"": 0.0}",0.0,0.0,31.26382827758789,0.0,0.0636210367083549,0.0,,0.0,0.0,0.0,180.0,49.67625732421875,49.67625732421875,Leave_One_experiments/all_year_offline_schedule_search/daily_outputs/SYA/SYA_2019_SYA2019_normal_grid_S0028_daily.csv
SYA,SYA,Shenyang,2019,Leave_One_experiments\wth_generated_qc\SYA\SYA2019.WTH,wet_year;nitrogen_stress_year;low_response_year,wet,SYA2019_normal_grid_S0028,low_input_within_10pct_yield,2019-05-15,135,30,25,"{""sim_day"": 30.0, ""doy"": 135.0, ""topwt"": 36.523072719573975, ""grnwt"": 0.0, ""xlai"": 0.0752088874578476, ""totir"": 0.0, ""tofer"": NaN, ""swfac"": 0.0, ""nstres"": 0.0}",0.0,0.0,36.523072719573975,0.0,0.0752088874578476,0.0,,0.0,0.0,0.0,180.0,49.67625732421875,49.67625732421875,Leave_One_experiments/all_year_offline_schedule_search/daily_outputs/SYA/SYA_2019_SYA2019_normal_grid_S0028_daily.csv
SYA,SYA,Shenyang,2019,Leave_One_experiments\wth_generated_qc\SYA\SYA2019.WTH,wet_year;nitrogen_stress_year;low_response_year,wet,SYA2019_normal_grid_S0028,low_input_within_10pct_yield,2019-05-16,136,31,26,"{""sim_day"": 31.0, ""doy"": 136.0, ""topwt"": 43.45870494842529, ""grnwt"": 0.0, ""xlai"": 0.0898030772805213, ""totir"": 0.0, ""tofer"": NaN, ""swfac"": 0.0, ""nstres"": 0.0}",0.0,0.0,43.45870494842529,0.0,0.0898030772805213,0.0,,0.0,0.0,0.0,180.0,49.67625732421875,49.67625732421875,Leave_One_experiments/all_year_offline_schedule_search/daily_outputs/SYA/SYA_2019_SYA2019_normal_grid_S0028_daily.csv
SYA,SYA,Shenyang,2019,Leave_One_experiments\wth_generated_qc\SYA\SYA2019.WTH,wet_year;nitrogen_stress_year;low_response_year,wet,SYA2019_normal_grid_S0028,low_input_within_10pct_yield,2019-05-17,137,32,27,"{""sim_day"": 32.0, ""doy"": 137.0, ""topwt"": 51.70275688171387, ""grnwt"": 0.0, ""xlai"": 0.1063760817050933, ""totir"": 0.0, ""tofer"": NaN, ""swfac"": 0.0, ""nstres"": 0.0}",0.0,0.0,51.70275688171387,0.0,0.1063760817050933,0.0,,0.0,0.0,0.0,180.0,49.67625732421875,49.67625732421875,Leave_One_experiments/all_year_offline_schedule_search/daily_outputs/SYA/SYA_2019_SYA2019_normal_grid_S0028_daily.csv
SYA,SYA,Shenyang,2019,Leave_One_experiments\wth_generated_qc\SYA\SYA2019.WTH,wet_year;nitrogen_stress_year;low_response_year,wet,SYA2019_normal_grid_S0028,low_input_within_10pct_yield,2019-05-18,138,33,28,"{""sim_day"": 33.0, ""doy"": 138.0, ""topwt"": 56.575613021850586, ""grnwt"": 0.0, ""xlai"": 0.1158513501286506, ""totir"": 0.0, ""tofer"": NaN, ""swfac"": 0.0, ""nstres"": 0.0}",0.0,0.0,56.575613021850586,0.0,0.1158513501286506,0.0,,0.0,0.0,0.0,180.0,49.67625732421875,49.67625732421875,Leave_One_experiments/all_year_offline_schedule_search/daily_outputs/SYA/SYA_2019_SYA2019_normal_grid_S0028_daily.csv
SYA,SYA,Shenyang,2019,Leave_One_experiments\wth_generated_qc\SYA\SYA2019.WTH,wet_year;nitrogen_stress_year;low_response_year,wet,SYA2019_normal_grid_S0028,low_input_within_10pct_yield,2019-05-19,139,34,29,"{""sim_day"": 34.0, ""doy"": 139.0, ""topwt"": 61.87967300415039, ""grnwt"": 0.0, ""xlai"": 0.1259369403123855, ""totir"": 0.0, ""tofer"": NaN, ""swfac"": 0.0, ""nstres"": 0.0}",0.0,0.0,61.87967300415039,0.0,0.1259369403123855,0.0,,0.0,0.0,0.0,180.0,49.67625732421875,49.67625732421875,Leave_One_experiments/all_year_offline_schedule_search/daily_outputs/SYA/SYA_2019_SYA2019_normal_grid_S0028_daily.csv
SYA,SYA,Shenyang,2019,Leave_One_experiments\wth_generated_qc\SYA\SYA2019.WTH,wet_year;nitrogen_stress_year;low_response_year,wet,SYA2019_normal_grid_S0028,low_input_within_10pct_yield,2019-05-20,140,35,30,"{""sim_day"": 35.0, ""doy"": 140.0, ""topwt"": 69.79767322540283, ""grnwt"": 0.0, ""xlai"": 0.1406094133853912, ""totir"": 0.0, ""tofer"": NaN, ""swfac"": 0.0, ""nstres"": 0.0}",0.0,0.0,69.79767322540283,0.0,0.1406094133853912,0.0,,0.0,50.0,0.0,180.0,49.67625732421875,49.67625732421875,Leave_One_experiments/all_year_offline_schedule_search/daily_outputs/SYA/SYA_2019_SYA2019_normal_grid_S0028_daily.csv
SYA,SYA,Shenyang,2019,Leave_One_experiments\wth_generated_qc\SYA\SYA2019.WTH,wet_year;nitrogen_stress_year;low_response_year,wet,SYA2019_normal_grid_S0028,low_input_within_10pct_yield,2019-05-21,141,36,31,"{""sim_day"": 36.0, ""doy"": 141.0, ""topwt"": 79.79325771331787, ""grnwt"": 0.0, ""xlai"": 0.1585713773965835, ""totir"": 0.0, ""tofer"": NaN, ""swfac"": 0.0, ""nstres"": 0.0}",0.0,0.0,79.79325771331787,0.0,0.1585713773965835,0.0,,0.0,0.0,0.0,180.0,49.67625732421875,49.67625732421875,Leave_One_experiments/all_year_offline_schedule_search/daily_outputs/SYA/SYA_2019_SYA2019_normal_grid_S0028_daily.csv
SYA,SYA,Shenyang,2019,Leave_One_experiments\wth_generated_qc\SYA\SYA2019.WTH,wet_year;nitrogen_stress_year;low_response_year,wet,SYA2019_normal_grid_S0028,low_input_within_10pct_yield,2019-05-22,142,37,32,"{""sim_day"": 37.0, ""doy"": 142.0, ""topwt"": 91.15038871765135, ""grnwt"": 0.0, ""xlai"": 0.1905020028352737, ""totir"": 0.0, ""tofer"": NaN, ""swfac"": 0.0, ""nstres"": 0.0}",0.0,0.0,91.15038871765135,0.0,0.1905020028352737,0.0,,0.0,0.0,0.0,180.0,49.67625732421875,49.67625732421875,Leave_One_experiments/all_year_offline_schedule_search/daily_outputs/SYA/SYA_2019_SYA2019_normal_grid_S0028_daily.csv
SYA,SYA,Shenyang,2019,Leave_One_experiments\wth_generated_qc\SYA\SYA2019.WTH,wet_year;nitrogen_stress_year;low_response_year,wet,SYA2019_normal_grid_S0028,low_input_within_10pct_yield,2019-05-23,143,38,33,"{""sim_day"": 38.0, ""doy"": 143.0, ""topwt"": 114.83484268188477, ""grnwt"": 0.0, ""xlai"": 0.2327274829149246, ""totir"": 0.0, ""tofer"": NaN, ""swfac"": 0.0, ""nstres"": 0.0052481889724731}",0.0,0.0052481889724731,114.83484268188477,0.0,0.2327274829149246,0.0,,0.0,0.0,0.0,180.0,49.67625732421875,49.67625732421875,Leave_One_experiments/all_year_offline_schedule_search/daily_outputs/SYA/SYA_2019_SYA2019_normal_grid_S0028_daily.csv
SYA,SYA,Shenyang,2019,Leave_One_experiments\wth_generated_qc\SYA\SYA2019.WTH,wet_year;nitrogen_stress_year;low_response_year,wet,SYA2019_normal_grid_S0028,low_input_within_10pct_yield,2019-05-24,144,39,34,"{""sim_day"": 39.0, ""doy"": 144.0, ""topwt"": 142.35258102416992, ""grnwt"": 0.0, ""xlai"": 0.2793437540531158, ""totir"": 0.0, ""tofer"": NaN, ""swfac"": 0.0, ""nstres"": 0.0}",0.0,0.0,142.35258102416992,0.0,0.2793437540531158,0.0,,0.0,0.0,0.0,180.0,49.67625732421875,49.67625732421875,Leave_One_experiments/all_year_offline_schedule_search/daily_outputs/SYA/SYA_2019_SYA2019_normal_grid_S0028_daily.csv
SYA,SYA,Shenyang,2019,Leave_One_experiments\wth_generated_qc\SYA\SYA2019.WTH,wet_year;nitrogen_stress_year;low_response_year,wet,SYA2019_normal_grid_S0028,low_input_within_10pct_yield,2019-05-25,145,40,35,"{""sim_day"": 40.0, ""doy"": 145.0, ""topwt"": 163.98263931274414, ""grnwt"": 0.0, ""xlai"": 0.3145393133163452, ""totir"": 0.0, ""tofer"": NaN, ""swfac"": 0.0, ""nstres"": 0.0}",0.0,0.0,163.98263931274414,0.0,0.3145393133163452,0.0,,0.0,0.0,0.0,180.0,49.67625732421875,49.67625732421875,Leave_One_experiments/all_year_offline_schedule_search/daily_outputs/SYA/SYA_2019_SYA2019_normal_grid_S0028_daily.csv
SYA,SYA,Shenyang,2019,Leave_One_experiments\wth_generated_qc\SYA\SYA2019.WTH,wet_year;nitrogen_stress_year;low_response_year,wet,SYA2019_normal_grid_S0028,low_input_within_10pct_yield,2019-05-26,146,41,36,"{""sim_day"": 41.0, ""doy"": 146.0, ""topwt"": 178.14031600952148, ""grnwt"": 0.0, ""xlai"": 0.3370001316070556, ""totir"": 0.0, ""tofer"": NaN, ""swfac"": 0.0, ""nstres"": 0.0}",0.0,0.0,178.14031600952148,0.0,0.3370001316070556,0.0,,0.0,0.0,0.0,180.0,49.67625732421875,49.67625732421875,Leave_One_experiments/all_year_offline_schedule_search/daily_outputs/SYA/SYA_2019_SYA2019_normal_grid_S0028_daily.csv
SYA,SYA,Shenyang,2019,Leave_One_experiments\wth_generated_qc\SYA\SYA2019.WTH,wet_year;nitrogen_stress_year;low_response_year,wet,SYA2019_normal_grid_S0028,low_input_within_10pct_yield,2019-05-27,147,42,37,"{""sim_day"": 42.0, ""doy"": 147.0, ""topwt"": 195.91169357299805, ""grnwt"": 0.0, ""xlai"": 0.3646333515644073, ""totir"": 0.0, ""tofer"": NaN, ""swfac"": 0.0, ""nstres"": 0.0}",0.0,0.0,195.91169357299805,0.0,0.3646333515644073,0.0,,0.0,0.0,0.0,180.0,49.67625732421875,49.67625732421875,Leave_One_experiments/all_year_offline_schedule_search/daily_outputs/SYA/SYA_2019_SYA2019_normal_grid_S0028_daily.csv
SYA,SYA,Shenyang,2019,Leave_One_experiments\wth_generated_qc\SYA\SYA2019.WTH,wet_year;nitrogen_stress_year;low_response_year,wet,SYA2019_normal_grid_S0028,low_input_within_10pct_yield,2019-05-28,148,43,38,"{""sim_day"": 43.0, ""doy"": 148.0, ""topwt"": 219.21905517578125, ""grnwt"": 0.0, ""xlai"": 0.4000371098518371, ""totir"": 0.0, ""tofer"": NaN, ""swfac"": 0.0, ""nstres"": 0.0}",0.0,0.0,219.21905517578125,0.0,0.4000371098518371,0.0,,0.0,0.0,0.0,180.0,49.67625732421875,49.67625732421875,Leave_One_experiments/all_year_offline_schedule_search/daily_outputs/SYA/SYA_2019_SYA2019_normal_grid_S0028_daily.csv
SYA,SYA,Shenyang,2019,Leave_One_experiments\wth_generated_qc\SYA\SYA2019.WTH,wet_year;nitrogen_stress_year;low_response_year,wet,SYA2019_normal_grid_S0028,low_input_within_10pct_yield,2019-05-29,149,44,39,"{""sim_day"": 44.0, ""doy"": 149.0, ""topwt"": 240.2536582946777, ""grnwt"": 0.0, ""xlai"": 0.4312646985054016, ""totir"": 0.0, ""tofer"": NaN, ""swfac"": 0.0, ""nstres"": 0.0}",0.0,0.0,240.2536582946777,0.0,0.4312646985054016,0.0,,0.0,0.0,0.0,180.0,49.67625732421875,49.67625732421875,Leave_One_experiments/all_year_offline_schedule_search/daily_outputs/SYA/SYA_2019_SYA2019_normal_grid_S0028_daily.csv
SYA,SYA,Shenyang,2019,Leave_One_experiments\wth_generated_qc\SYA\SYA2019.WTH,wet_year;nitrogen_stress_year;low_response_year,wet,SYA2019_normal_grid_S0028,low_input_within_10pct_yield,2019-05-30,150,45,40,"{""sim_day"": 45.0, ""doy"": 150.0, ""topwt"": 265.9227752685547, ""grnwt"": 0.0, ""xlai"": 0.4685554504394531, ""totir"": 0.0, ""tofer"": NaN, ""swfac"": 0.0, ""nstres"": 0.0}",0.0,0.0,265.9227752685547,0.0,0.4685554504394531,0.0,,0.0,0.0,0.0,180.0,49.67625732421875,49.67625732421875,Leave_One_experiments/all_year_offline_schedule_search/daily_outputs/SYA/SYA_2019_SYA2019_normal_grid_S0028_daily.csv
SYA,SYA,Shenyang,2019,Leave_One_experiments\wth_generated_qc\SYA\SYA2019.WTH,wet_year;nitrogen_stress_year;low_response_year,wet,SYA2019_normal_grid_S0028,low_input_within_10pct_yield,2019-05-31,151,46,41,"{""sim_day"": 46.0, ""doy"": 151.0, ""topwt"": 302.9010200500488, ""grnwt"": 0.0, ""xlai"": 0.5208975672721863, ""totir"": 0.0, ""tofer"": NaN, ""swfac"": 0.0, ""nstres"": 0.0}",0.0,0.0,302.9010200500488,0.0,0.5208975672721863,0.0,,0.0,0.0,0.0,180.0,49.67625732421875,49.67625732421875,Leave_One_experiments/all_year_offline_schedule_search/daily_outputs/SYA/SYA_2019_SYA2019_normal_grid_S0028_daily.csv
SYA,SYA,Shenyang,2019,Leave_One_experiments\wth_generated_qc\SYA\SYA2019.WTH,wet_year;nitrogen_stress_year;low_response_year,wet,SYA2019_normal_grid_S0028,low_input_within_10pct_yield,2019-06-01,152,47,42,"{""sim_day"": 47.0, ""doy"": 152.0, ""topwt"": 339.2037582397461, ""grnwt"": 0.0, ""xlai"": 0.5681731104850769, ""totir"": 0.0, ""tofer"": NaN, ""swfac"": 0.0, ""nstres"": 0.0}",0.0,0.0,339.2037582397461,0.0,0.5681731104850769,0.0,,0.0,0.0,0.0,180.0,49.67625732421875,49.67625732421875,Leave_One_experiments/all_year_offline_schedule_search/daily_outputs/SYA/SYA_2019_SYA2019_normal_grid_S0028_daily.csv
SYA,SYA,Shenyang,2019,Leave_One_experiments\wth_generated_qc\SYA\SYA2019.WTH,wet_year;nitrogen_stress_year;low_response_year,wet,SYA2019_normal_grid_S0028,low_input_within_10pct_yield,2019-06-02,153,48,43,"{""sim_day"": 48.0, ""doy"": 153.0, ""topwt"": 370.49110412597656, ""grnwt"": 0.0, ""xlai"": 0.6121866106987, ""totir"": 0.0, ""tofer"": NaN, ""swfac"": 0.0, ""nstres"": 0.0}",0.0,0.0,370.49110412597656,0.0,0.6121866106987,0.0,,0.0,0.0,0.0,180.0,49.67625732421875,49.67625732421875,Leave_One_experiments/all_year_offline_schedule_search/daily_outputs/SYA/SYA_2019_SYA2019_normal_grid_S0028_daily.csv
SYA,SYA,Shenyang,2019,Leave_One_experiments\wth_generated_qc\SYA\SYA2019.WTH,wet_year;nitrogen_stress_year;low_response_year,wet,SYA2019_normal_grid_S0028,low_input_within_10pct_yield,2019-06-03,154,49,44,"{""sim_day"": 49.0, ""doy"": 154.0, ""topwt"": 406.8679428100586, ""grnwt"": 0.0, ""xlai"": 0.662093997001648, ""totir"": 0.0, ""tofer"": NaN, ""swfac"": 0.0, ""nstres"": 0.0}",0.0,0.0,406.8679428100586,0.0,0.662093997001648,0.0,,0.0,0.0,0.0,180.0,49.67625732421875,49.67625732421875,Leave_One_experiments/all_year_offline_schedule_search/daily_outputs/SYA/SYA_2019_SYA2019_normal_grid_S0028_daily.csv
SYA,SYA,Shenyang,2019,Leave_One_experiments\wth_generated_qc\SYA\SYA2019.WTH,wet_year;nitrogen_stress_year;low_response_year,wet,SYA2019_normal_grid_S0028,low_input_within_10pct_yield,2019-06-04,155,50,45,"{""sim_day"": 50.0, ""doy"": 155.0, ""topwt"": 449.85130310058594, ""grnwt"": 0.0, ""xlai"": 0.7193502187728882, ""totir"": 0.0, ""tofer"": NaN, ""swfac"": 0.0, ""nstres"": 0.0}",0.0,0.0,449.85130310058594,0.0,0.7193502187728882,0.0,,0.0,0.0,0.0,180.0,49.67625732421875,49.67625732421875,Leave_One_experiments/all_year_offline_schedule_search/daily_outputs/SYA/SYA_2019_SYA2019_normal_grid_S0028_daily.csv
SYA,SYA,Shenyang,2019,Leave_One_experiments\wth_generated_qc\SYA\SYA2019.WTH,wet_year;nitrogen_stress_year;low_response_year,wet,SYA2019_normal_grid_S0028,low_input_within_10pct_yield,2019-06-05,156,51,46,"{""sim_day"": 51.0, ""doy"": 156.0, ""topwt"": 500.0130081176758, ""grnwt"": 0.0, ""xlai"": 0.7839146256446838, ""totir"": 0.0, ""tofer"": NaN, ""swfac"": 0.0, ""nstres"": 0.0}",0.0,0.0,500.0130081176758,0.0,0.7839146256446838,0.0,,0.0,0.0,0.0,180.0,49.67625732421875,49.67625732421875,Leave_One_experiments/all_year_offline_schedule_search/daily_outputs/SYA/SYA_2019_SYA2019_normal_grid_S0028_daily.csv
SYA,SYA,Shenyang,2019,Leave_One_experiments\wth_generated_qc\SYA\SYA2019.WTH,wet_year;nitrogen_stress_year;low_response_year,wet,SYA2019_normal_grid_S0028,low_input_within_10pct_yield,2019-06-06,157,52,47,"{""sim_day"": 52.0, ""doy"": 157.0, ""topwt"": 561.3619995117188, ""grnwt"": 0.0, ""xlai"": 0.8599513173103333, ""totir"": 0.0, ""tofer"": NaN, ""swfac"": 0.0, ""nstres"": 0.0}",0.0,0.0,561.3619995117188,0.0,0.8599513173103333,0.0,,0.0,0.0,0.0,180.0,49.67625732421875,49.67625732421875,Leave_One_experiments/all_year_offline_schedule_search/daily_outputs/SYA/SYA_2019_SYA2019_normal_grid_S0028_daily.csv
SYA,SYA,Shenyang,2019,Leave_One_experiments\wth_generated_qc\SYA\SYA2019.WTH,wet_year;nitrogen_stress_year;low_response_year,wet,SYA2019_normal_grid_S0028,low_input_within_10pct_yield,2019-06-07,158,53,48,"{""sim_day"": 53.0, ""doy"": 158.0, ""topwt"": 623.5094833374023, ""grnwt"": 0.0, ""xlai"": 0.9339933395385742, ""totir"": 0.0, ""tofer"": NaN, ""swfac"": 0.0, ""nstres"": 0.0}",0.0,0.0,623.5094833374023,0.0,0.9339933395385742,0.0,,0.0,0.0,0.0,180.0,49.67625732421875,49.67625732421875,Leave_One_experiments/all_year_offline_schedule_search/daily_outputs/SYA/SYA_2019_SYA2019_normal_grid_S0028_daily.csv
SYA,SYA,Shenyang,2019,Leave_One_experiments\wth_generated_qc\SYA\SYA2019.WTH,wet_year;nitrogen_stress_year;low_response_year,wet,SYA2019_normal_grid_S0028,low_input_within_10pct_yield,2019-06-08,159,54,49,"{""sim_day"": 54.0, ""doy"": 159.0, ""topwt"": 670.0341033935547, ""grnwt"": 0.0, ""xlai"": 0.9876981377601624, ""totir"": 0.0, ""tofer"": NaN, ""swfac"": 0.0, ""nstres"": 0.0}",0.0,0.0,670.0341033935547,0.0,0.9876981377601624,0.0,,0.0,0.0,0.0,180.0,49.67625732421875,49.67625732421875,Leave_One_experiments/all_year_offline_schedule_search/daily_outputs/SYA/SYA_2019_SYA2019_normal_grid_S0028_daily.csv
SYA,SYA,Shenyang,2019,Leave_One_experiments\wth_generated_qc\SYA\SYA2019.WTH,wet_year;nitrogen_stress_year;low_response_year,wet,SYA2019_normal_grid_S0028,low_input_within_10pct_yield,2019-06-09,160,55,50,"{""sim_day"": 55.0, ""doy"": 160.0, ""topwt"": 727.89794921875, ""grnwt"": 0.0, ""xlai"": 1.0522712469100952, ""totir"": 0.0, ""tofer"": NaN, ""swfac"": 0.0, ""nstres"": 0.0}",0.0,0.0,727.89794921875,0.0,1.0522712469100952,0.0,,0.0,0.0,0.0,180.0,49.67625732421875,49.67625732421875,Leave_One_experiments/all_year_offline_schedule_search/daily_outputs/SYA/SYA_2019_SYA2019_normal_grid_S0028_daily.csv
SYA,SYA,Shenyang,2019,Leave_One_experiments\wth_generated_qc\SYA\SYA2019.WTH,wet_year;nitrogen_stress_year;low_response_year,wet,SYA2019_normal_grid_S0028,low_input_within_10pct_yield,2019-06-10,161,56,51,"{""sim_day"": 56.0, ""doy"": 161.0, ""topwt"": 789.1329956054688, ""grnwt"": 0.0, ""xlai"": 1.1181560754776, ""totir"": 0.0, ""tofer"": NaN, ""swfac"": 0.0, ""nstres"": 0.0}",0.0,0.0,789.1329956054688,0.0,1.1181560754776,0.0,,0.0,0.0,0.0,180.0,49.67625732421875,49.67625732421875,Leave_One_experiments/all_year_offline_schedule_search/daily_outputs/SYA/SYA_2019_SYA2019_normal_grid_S0028_daily.csv
SYA,SYA,Shenyang,2019,Leave_One_experiments\wth_generated_qc\SYA\SYA2019.WTH,wet_year;nitrogen_stress_year;low_response_year,wet,SYA2019_normal_grid_S0028,low_input_within_10pct_yield,2019-06-11,162,57,52,"{""sim_day"": 57.0, ""doy"": 162.0, ""topwt"": 868.2275390625, ""grnwt"": 0.0, ""xlai"": 1.199547529220581, ""totir"": 0.0, ""tofer"": NaN, ""swfac"": 0.0, ""nstres"": 0.0}",0.0,0.0,868.2275390625,0.0,1.199547529220581,0.0,,0.0,0.0,0.0,180.0,49.67625732421875,49.67625732421875,Leave_One_experiments/all_year_offline_schedule_search/daily_outputs/SYA/SYA_2019_SYA2019_normal_grid_S0028_daily.csv
SYA,SYA,Shenyang,2019,Leave_One_experiments\wth_generated_qc\SYA\SYA2019.WTH,wet_year;nitrogen_stress_year;low_response_year,wet,SYA2019_normal_grid_S0028,low_input_within_10pct_yield,2019-06-12,163,58,53,"{""sim_day"": 58.0, ""doy"": 163.0, ""topwt"": 938.1455993652344, ""grnwt"": 0.0, ""xlai"": 1.26857328414917, ""totir"": 0.0, ""tofer"": NaN, ""swfac"": 0.0, ""nstres"": 0.0}",0.0,0.0,938.1455993652344,0.0,1.26857328414917,0.0,,0.0,0.0,0.0,180.0,49.67625732421875,49.67625732421875,Leave_One_experiments/all_year_offline_schedule_search/daily_outputs/SYA/SYA_2019_SYA2019_normal_grid_S0028_daily.csv
SYA,SYA,Shenyang,2019,Leave_One_experiments\wth_generated_qc\SYA\SYA2019.WTH,wet_year;nitrogen_stress_year;low_response_year,wet,SYA2019_normal_grid_S0028,low_input_within_10pct_yield,2019-06-13,164,59,54,"{""sim_day"": 59.0, ""doy"": 164.0, ""topwt"": 1007.8874969482422, ""grnwt"": 0.0, ""xlai"": 1.3347666263580322, ""totir"": 0.0, ""tofer"": NaN, ""swfac"": 0.0, ""nstres"": 0.0}",0.0,0.0,1007.8874969482422,0.0,1.3347666263580322,0.0,,0.0,0.0,0.0,180.0,49.67625732421875,49.67625732421875,Leave_One_experiments/all_year_offline_schedule_search/daily_outputs/SYA/SYA_2019_SYA2019_normal_grid_S0028_daily.csv
SYA,SYA,Shenyang,2019,Leave_One_experiments\wth_generated_qc\SYA\SYA2019.WTH,wet_year;nitrogen_stress_year;low_response_year,wet,SYA2019_normal_grid_S0028,low_input_within_10pct_yield,2019-06-14,165,60,55,"{""sim_day"": 60.0, ""doy"": 165.0, ""topwt"": 1066.4503479003906, ""grnwt"": 0.0, ""xlai"": 1.388519287109375, ""totir"": 0.0, ""tofer"": NaN, ""swfac"": 0.0, ""nstres"": 0.0}",0.0,0.0,1066.4503479003906,0.0,1.388519287109375,0.0,,0.0,0.0,0.0,180.0,49.67625732421875,49.67625732421875,Leave_One_experiments/all_year_offline_schedule_search/daily_outputs/SYA/SYA_2019_SYA2019_normal_grid_S0028_daily.csv
SYA,SYA,Shenyang,2019,Leave_One_experiments\wth_generated_qc\SYA\SYA2019.WTH,wet_year;nitrogen_stress_year;low_response_year,wet,SYA2019_normal_grid_S0028,low_input_within_10pct_yield,2019-06-15,166,61,56,"{""sim_day"": 61.0, ""doy"": 166.0, ""topwt"": 1130.2565002441406, ""grnwt"": 0.0, ""xlai"": 1.4451310634613037, ""totir"": 0.0, ""tofer"": NaN, ""swfac"": 0.0, ""nstres"": 0.0}",0.0,0.0,1130.2565002441406,0.0,1.4451310634613037,0.0,,0.0,0.0,0.0,180.0,49.67625732421875,49.67625732421875,Leave_One_experiments/all_year_offline_schedule_search/daily_outputs/SYA/SYA_2019_SYA2019_normal_grid_S0028_daily.csv
SYA,SYA,Shenyang,2019,Leave_One_experiments\wth_generated_qc\SYA\SYA2019.WTH,wet_year;nitrogen_stress_year;low_response_year,wet,SYA2019_normal_grid_S0028,low_input_within_10pct_yield,2019-06-16,167,62,57,"{""sim_day"": 62.0, ""doy"": 167.0, ""topwt"": 1201.9361114501953, ""grnwt"": 0.0, ""xlai"": 1.5064189434051514, ""totir"": 0.0, ""tofer"": NaN, ""swfac"": 0.0, ""nstres"": 0.0}",0.0,0.0,1201.9361114501953,0.0,1.5064189434051514,0.0,,0.0,0.0,0.0,180.0,49.67625732421875,49.67625732421875,Leave_One_experiments/all_year_offline_schedule_search/daily_outputs/SYA/SYA_2019_SYA2019_normal_grid_S0028_daily.csv
SYA,SYA,Shenyang,2019,Leave_One_experiments\wth_generated_qc\SYA\SYA2019.WTH,wet_year;nitrogen_stress_year;low_response_year,wet,SYA2019_normal_grid_S0028,low_input_within_10pct_yield,2019-06-17,168,63,58,"{""sim_day"": 63.0, ""doy"": 168.0, ""topwt"": 1280.9495544433594, ""grnwt"": 0.0, ""xlai"": 1.571344971656799, ""totir"": 0.0, ""tofer"": NaN, ""swfac"": 0.0, ""nstres"": 0.0}",0.0,0.0,1280.9495544433594,0.0,1.571344971656799,0.0,,0.0,0.0,0.0,180.0,49.67625732421875,49.67625732421875,Leave_One_experiments/all_year_offline_schedule_search/daily_outputs/SYA/SYA_2019_SYA2019_normal_grid_S0028_daily.csv
SYA,SYA,Shenyang,2019,Leave_One_experiments\wth_generated_qc\SYA\SYA2019.WTH,wet_year;nitrogen_stress_year;low_response_year,wet,SYA2019_normal_grid_S0028,low_input_within_10pct_yield,2019-06-18,169,64,59,"{""sim_day"": 64.0, ""doy"": 169.0, ""topwt"": 1370.7388305664062, ""grnwt"": 0.0, ""xlai"": 1.6419843435287476, ""totir"": 0.0, ""tofer"": NaN, ""swfac"": 0.0, ""nstres"": 0.0}",0.0,0.0,1370.7388305664062,0.0,1.6419843435287476,0.0,,0.0,0.0,0.0,180.0,49.67625732421875,49.67625732421875,Leave_One_experiments/all_year_offline_schedule_search/daily_outputs/SYA/SYA_2019_SYA2019_normal_grid_S0028_daily.csv
SYA,SYA,Shenyang,2019,Leave_One_experiments\wth_generated_qc\SYA\SYA2019.WTH,wet_year;nitrogen_stress_year;low_response_year,wet,SYA2019_normal_grid_S0028,low_input_within_10pct_yield,2019-06-19,170,65,60,"{""sim_day"": 65.0, ""doy"": 170.0, ""topwt"": 1487.7041625976562, ""grnwt"": 0.0, ""xlai"": 1.7292187213897705, ""totir"": 0.0, ""tofer"": NaN, ""swfac"": 0.0, ""nstres"": 0.0}",0.0,0.0,1487.7041625976562,0.0,1.7292187213897705,0.0,,0.0,50.0,0.0,180.0,49.67625732421875,49.67625732421875,Leave_One_experiments/all_year_offline_schedule_search/daily_outputs/SYA/SYA_2019_SYA2019_normal_grid_S0028_daily.csv
SYA,SYA,Shenyang,2019,Leave_One_experiments\wth_generated_qc\SYA\SYA2019.WTH,wet_year;nitrogen_stress_year;low_response_year,wet,SYA2019_normal_grid_S0028,low_input_within_10pct_yield,2019-06-20,171,66,61,"{""sim_day"": 66.0, ""doy"": 171.0, ""topwt"": 1582.7587890625, ""grnwt"": 0.0, ""xlai"": 1.7970143556594849, ""totir"": 0.0, ""tofer"": NaN, ""swfac"": 0.0, ""nstres"": 0.0}",0.0,0.0,1582.7587890625,0.0,1.7970143556594849,0.0,,0.0,0.0,0.0,180.0,49.67625732421875,49.67625732421875,Leave_One_experiments/all_year_offline_schedule_search/daily_outputs/SYA/SYA_2019_SYA2019_normal_grid_S0028_daily.csv
SYA,SYA,Shenyang,2019,Leave_One_experiments\wth_generated_qc\SYA\SYA2019.WTH,wet_year;nitrogen_stress_year;low_response_year,wet,SYA2019_normal_grid_S0028,low_input_within_10pct_yield,2019-06-21,172,67,62,"{""sim_day"": 67.0, ""doy"": 172.0, ""topwt"": 1685.5551147460938, ""grnwt"": 0.0, ""xlai"": 1.867150902748108, ""totir"": 0.0, ""tofer"": NaN, ""swfac"": 0.0, ""nstres"": 0.0}",0.0,0.0,1685.5551147460938,0.0,1.867150902748108,0.0,,0.0,0.0,0.0,180.0,49.67625732421875,49.67625732421875,Leave_One_experiments/all_year_offline_schedule_search/daily_outputs/SYA/SYA_2019_SYA2019_normal_grid_S0028_daily.csv
SYA,SYA,Shenyang,2019,Leave_One_experiments\wth_generated_qc\SYA\SYA2019.WTH,wet_year;nitrogen_stress_year;low_response_year,wet,SYA2019_normal_grid_S0028,low_input_within_10pct_yield,2019-06-22,173,68,63,"{""sim_day"": 68.0, ""doy"": 173.0, ""topwt"": 1804.6722412109373, ""grnwt"": 0.0, ""xlai"": 1.9445627927780151, ""totir"": 0.0, ""tofer"": NaN, ""swfac"": 0.0, ""nstres"": 0.0}",0.0,0.0,1804.6722412109373,0.0,1.9445627927780151,0.0,,0.0,0.0,0.0,180.0,49.67625732421875,49.67625732421875,Leave_One_experiments/all_year_offline_schedule_search/daily_outputs/SYA/SYA_2019_SYA2019_normal_grid_S0028_daily.csv
SYA,SYA,Shenyang,2019,Leave_One_experiments\wth_generated_qc\SYA\SYA2019.WTH,wet_year;nitrogen_stress_year;low_response_year,wet,SYA2019_normal_grid_S0028,low_input_within_10pct_yield,2019-06-23,174,69,64,"{""sim_day"": 69.0, ""doy"": 174.0, ""topwt"": 1947.4273681640625, ""grnwt"": 0.0, ""xlai"": 2.032360553741455, ""totir"": 0.0, ""tofer"": NaN, ""swfac"": 0.0, ""nstres"": 0.0}",0.0,0.0,1947.4273681640625,0.0,2.032360553741455,0.0,,0.0,0.0,0.0,180.0,49.67625732421875,49.67625732421875,Leave_One_experiments/all_year_offline_schedule_search/daily_outputs/SYA/SYA_2019_SYA2019_normal_grid_S0028_daily.csv
SYA,SYA,Shenyang,2019,Leave_One_experiments\wth_generated_qc\SYA\SYA2019.WTH,wet_year;nitrogen_stress_year;low_response_year,wet,SYA2019_normal_grid_S0028,low_input_within_10pct_yield,2019-06-24,175,70,65,"{""sim_day"": 70.0, ""doy"": 175.0, ""topwt"": 2111.0934448242188, ""grnwt"": 0.0, ""xlai"": 2.127170324325561, ""totir"": 0.0, ""tofer"": NaN, ""swfac"": 0.0, ""nstres"": 0.0}",0.0,0.0,2111.0934448242188,0.0,2.127170324325561,0.0,,0.0,0.0,0.0,180.0,49.67625732421875,49.67625732421875,Leave_One_experiments/all_year_offline_schedule_search/daily_outputs/SYA/SYA_2019_SYA2019_normal_grid_S0028_daily.csv
SYA,SYA,Shenyang,2019,Leave_One_experiments\wth_generated_qc\SYA\SYA2019.WTH,wet_year;nitrogen_stress_year;low_response_year,wet,SYA2019_normal_grid_S0028,low_input_within_10pct_yield,2019-06-25,176,71,66,"{""sim_day"": 71.0, ""doy"": 176.0, ""topwt"": 2270.973052978516, ""grnwt"": 0.0, ""xlai"": 2.2147252559661865, ""totir"": 0.0, ""tofer"": NaN, ""swfac"": 0.0, ""nstres"": 0.0}",0.0,0.0,2270.973052978516,0.0,2.2147252559661865,0.0,,0.0,0.0,0.0,180.0,49.67625732421875,49.67625732421875,Leave_One_experiments/all_year_offline_schedule_search/daily_outputs/SYA/SYA_2019_SYA2019_normal_grid_S0028_daily.csv
SYA,SYA,Shenyang,2019,Leave_One_experiments\wth_generated_qc\SYA\SYA2019.WTH,wet_year;nitrogen_stress_year;low_response_year,wet,SYA2019_normal_grid_S0028,low_input_within_10pct_yield,2019-06-26,177,72,67,"{""sim_day"": 72.0, ""doy"": 177.0, ""topwt"": 2434.7193908691406, ""grnwt"": 0.0, ""xlai"": 2.299688577651977, ""totir"": 0.0, ""tofer"": NaN, ""swfac"": 0.0, ""nstres"": 0.0}",0.0,0.0,2434.7193908691406,0.0,2.299688577651977,0.0,,0.0,0.0,0.0,180.0,49.67625732421875,49.67625732421875,Leave_One_experiments/all_year_offline_schedule_search/daily_outputs/SYA/SYA_2019_SYA2019_normal_grid_S0028_daily.csv
SYA,SYA,Shenyang,2019,Leave_One_experiments\wth_generated_qc\SYA\SYA2019.WTH,wet_year;nitrogen_stress_year;low_response_year,wet,SYA2019_normal_grid_S0028,low_input_within_10pct_yield,2019-06-27,178,73,68,"{""sim_day"": 73.0, ""doy"": 178.0, ""topwt"": 2517.4009704589844, ""grnwt"": 0.0, ""xlai"": 2.340531349182129, ""totir"": 0.0, ""tofer"": NaN, ""swfac"": 0.0, ""nstres"": 0.0}",0.0,0.0,2517.4009704589844,0.0,2.340531349182129,0.0,,0.0,0.0,0.0,180.0,49.67625732421875,49.67625732421875,Leave_One_experiments/all_year_offline_schedule_search/daily_outputs/SYA/SYA_2019_SYA2019_normal_grid_S0028_daily.csv
SYA,SYA,Shenyang,2019,Leave_One_experiments\wth_generated_qc\SYA\SYA2019.WTH,wet_year;nitrogen_stress_year;low_response_year,wet,SYA2019_normal_grid_S0028,low_input_within_10pct_yield,2019-06-28,179,74,69,"{""sim_day"": 74.0, ""doy"": 179.0, ""topwt"": 2606.952514648437, ""grnwt"": 0.0, ""xlai"": 2.3831069469451904, ""totir"": 0.0, ""tofer"": NaN, ""swfac"": 0.0, ""nstres"": 0.0}",0.0,0.0,2606.952514648437,0.0,2.3831069469451904,0.0,,0.0,0.0,0.0,180.0,49.67625732421875,49.67625732421875,Leave_One_experiments/all_year_offline_schedule_search/daily_outputs/SYA/SYA_2019_SYA2019_normal_grid_S0028_daily.csv
SYA,SYA,Shenyang,2019,Leave_One_experiments\wth_generated_qc\SYA\SYA2019.WTH,wet_year;nitrogen_stress_year;low_response_year,wet,SYA2019_normal_grid_S0028,low_input_within_10pct_yield,2019-06-29,180,75,70,"{""sim_day"": 75.0, ""doy"": 180.0, ""topwt"": 3013.2498168945312, ""grnwt"": 0.0, ""xlai"": 2.7051141262054443, ""totir"": 0.0, ""tofer"": NaN, ""swfac"": 0.0, ""nstres"": 0.0}",0.0,0.0,3013.2498168945312,0.0,2.7051141262054443,0.0,,0.0,0.0,0.0,180.0,49.67625732421875,49.67625732421875,Leave_One_experiments/all_year_offline_schedule_search/daily_outputs/SYA/SYA_2019_SYA2019_normal_grid_S0028_daily.csv
SYA,SYA,Shenyang,2019,Leave_One_experiments\wth_generated_qc\SYA\SYA2019.WTH,wet_year;nitrogen_stress_year;low_response_year,wet,SYA2019_normal_grid_S0028,low_input_within_10pct_yield,2019-06-30,181,76,71,"{""sim_day"": 76.0, ""doy"": 181.0, ""topwt"": 3250.4379272460938, ""grnwt"": 0.0, ""xlai"": 2.8316972255706787, ""totir"": 0.0, ""tofer"": NaN, ""swfac"": 0.0, ""nstres"": 0.0}",0.0,0.0,3250.4379272460938,0.0,2.8316972255706787,0.0,,0.0,0.0,0.0,180.0,49.67625732421875,49.67625732421875,Leave_One_experiments/all_year_offline_schedule_search/daily_outputs/SYA/SYA_2019_SYA2019_normal_grid_S0028_daily.csv
SYA,SYA,Shenyang,2019,Leave_One_experiments\wth_generated_qc\SYA\SYA2019.WTH,wet_year;nitrogen_stress_year;low_response_year,wet,SYA2019_normal_grid_S0028,low_input_within_10pct_yield,2019-07-01,182,77,72,"{""sim_day"": 77.0, ""doy"": 182.0, ""topwt"": 3487.006225585937, ""grnwt"": 0.0, ""xlai"": 2.936413288116455, ""totir"": 0.0, ""tofer"": NaN, ""swfac"": 0.0, ""nstres"": 0.0}",0.0,0.0,3487.006225585937,0.0,2.936413288116455,0.0,,0.0,0.0,0.0,180.0,49.67625732421875,49.67625732421875,Leave_One_experiments/all_year_offline_schedule_search/daily_outputs/SYA/SYA_2019_SYA2019_normal_grid_S0028_daily.csv
SYA,SYA,Shenyang,2019,Leave_One_experiments\wth_generated_qc\SYA\SYA2019.WTH,wet_year;nitrogen_stress_year;low_response_year,wet,SYA2019_normal_grid_S0028,low_input_within_10pct_yield,2019-07-02,183,78,73,"{""sim_day"": 78.0, ""doy"": 183.0, ""topwt"": 3717.132568359375, ""grnwt"": 0.0, ""xlai"": 3.0259859561920166, ""totir"": 0.0, ""tofer"": NaN, ""swfac"": 0.0, ""nstres"": 0.0}",0.0,0.0,3717.132568359375,0.0,3.0259859561920166,0.0,,0.0,0.0,0.0,180.0,49.67625732421875,49.67625732421875,Leave_One_experiments/all_year_offline_schedule_search/daily_outputs/SYA/SYA_2019_SYA2019_normal_grid_S0028_daily.csv
SYA,SYA,Shenyang,2019,Leave_One_experiments\wth_generated_qc\SYA\SYA2019.WTH,wet_year;nitrogen_stress_year;low_response_year,wet,SYA2019_normal_grid_S0028,low_input_within_10pct_yield,2019-07-03,184,79,74,"{""sim_day"": 79.0, ""doy"": 184.0, ""topwt"": 3953.0474853515625, ""grnwt"": 0.0, ""xlai"": 3.108805894851685, ""totir"": 0.0, ""tofer"": NaN, ""swfac"": 0.0, ""nstres"": 0.0}",0.0,0.0,3953.0474853515625,0.0,3.108805894851685,0.0,,0.0,0.0,0.0,180.0,49.67625732421875,49.67625732421875,Leave_One_experiments/all_year_offline_schedule_search/daily_outputs/SYA/SYA_2019_SYA2019_normal_grid_S0028_daily.csv
SYA,SYA,Shenyang,2019,Leave_One_experiments\wth_generated_qc\SYA\SYA2019.WTH,wet_year;nitrogen_stress_year;low_response_year,wet,SYA2019_normal_grid_S0028,low_input_within_10pct_yield,2019-07-04,185,80,75,"{""sim_day"": 80.0, ""doy"": 185.0, ""topwt"": 4189.425964355469, ""grnwt"": 0.0, ""xlai"": 3.1850149631500244, ""totir"": 0.0, ""tofer"": NaN, ""swfac"": 0.0, ""nstres"": 0.0}",0.0,0.0,4189.425964355469,0.0,3.1850149631500244,0.0,,0.0,0.0,0.0,180.0,49.67625732421875,49.67625732421875,Leave_One_experiments/all_year_offline_schedule_search/daily_outputs/SYA/SYA_2019_SYA2019_normal_grid_S0028_daily.csv
SYA,SYA,Shenyang,2019,Leave_One_experiments\wth_generated_qc\SYA\SYA2019.WTH,wet_year;nitrogen_stress_year;low_response_year,wet,SYA2019_normal_grid_S0028,low_input_within_10pct_yield,2019-07-05,186,81,76,"{""sim_day"": 81.0, ""doy"": 186.0, ""topwt"": 4406.52099609375, ""grnwt"": 0.0, ""xlai"": 3.250455379486084, ""totir"": 0.0, ""tofer"": NaN, ""swfac"": 0.0, ""nstres"": 0.0}",0.0,0.0,4406.52099609375,0.0,3.250455379486084,0.0,,0.0,0.0,0.0,180.0,49.67625732421875,49.67625732421875,Leave_One_experiments/all_year_offline_schedule_search/daily_outputs/SYA/SYA_2019_SYA2019_normal_grid_S0028_daily.csv
SYA,SYA,Shenyang,2019,Leave_One_experiments\wth_generated_qc\SYA\SYA2019.WTH,wet_year;nitrogen_stress_year;low_response_year,wet,SYA2019_normal_grid_S0028,low_input_within_10pct_yield,2019-07-06,187,82,77,"{""sim_day"": 82.0, ""doy"": 187.0, ""topwt"": 4609.143371582031, ""grnwt"": 0.0, ""xlai"": 3.308233499526977, ""totir"": 0.0, ""tofer"": NaN, ""swfac"": 0.0, ""nstres"": 0.0}",0.0,0.0,4609.143371582031,0.0,3.308233499526977,0.0,,0.0,0.0,0.0,180.0,49.67625732421875,49.67625732421875,Leave_One_experiments/all_year_offline_schedule_search/daily_outputs/SYA/SYA_2019_SYA2019_normal_grid_S0028_daily.csv
SYA,SYA,Shenyang,2019,Leave_One_experiments\wth_generated_qc\SYA\SYA2019.WTH,wet_year;nitrogen_stress_year;low_response_year,wet,SYA2019_normal_grid_S0028,low_input_within_10pct_yield,2019-07-07,188,83,78,"{""sim_day"": 83.0, ""doy"": 188.0, ""topwt"": 4797.0648193359375, ""grnwt"": 0.0, ""xlai"": 3.359375238418579, ""totir"": 0.0, ""tofer"": NaN, ""swfac"": 0.0, ""nstres"": 0.0}",0.0,0.0,4797.0648193359375,0.0,3.359375238418579,0.0,,0.0,0.0,0.0,180.0,49.67625732421875,49.67625732421875,Leave_One_experiments/all_year_offline_schedule_search/daily_outputs/SYA/SYA_2019_SYA2019_normal_grid_S0028_daily.csv
SYA,SYA,Shenyang,2019,Leave_One_experiments\wth_generated_qc\SYA\SYA2019.WTH,wet_year;nitrogen_stress_year;low_response_year,wet,SYA2019_normal_grid_S0028,low_input_within_10pct_yield,2019-07-08,189,84,79,"{""sim_day"": 84.0, ""doy"": 189.0, ""topwt"": 4996.7431640625, ""grnwt"": 0.0, ""xlai"": 3.4113519191741943, ""totir"": 0.0, ""tofer"": NaN, ""swfac"": 0.0, ""nstres"": 0.0}",0.0,0.0,4996.7431640625,0.0,3.4113519191741943,0.0,,0.0,0.0,0.0,180.0,49.67625732421875,49.67625732421875,Leave_One_experiments/all_year_offline_schedule_search/daily_outputs/SYA/SYA_2019_SYA2019_normal_grid_S0028_daily.csv
SYA,SYA,Shenyang,2019,Leave_One_experiments\wth_generated_qc\SYA\SYA2019.WTH,wet_year;nitrogen_stress_year;low_response_year,wet,SYA2019_normal_grid_S0028,low_input_within_10pct_yield,2019-07-09,190,85,80,"{""sim_day"": 85.0, ""doy"": 190.0, ""topwt"": 5188.0364990234375, ""grnwt"": 0.0, ""xlai"": 3.459201574325561, ""totir"": 0.0, ""tofer"": NaN, ""swfac"": 0.0, ""nstres"": 0.0}",0.0,0.0,5188.0364990234375,0.0,3.459201574325561,0.0,,0.0,0.0,0.0,180.0,49.67625732421875,49.67625732421875,Leave_One_experiments/all_year_offline_schedule_search/daily_outputs/SYA/SYA_2019_SYA2019_normal_grid_S0028_daily.csv
SYA,SYA,Shenyang,2019,Leave_One_experiments\wth_generated_qc\SYA\SYA2019.WTH,wet_year;nitrogen_stress_year;low_response_year,wet,SYA2019_normal_grid_S0028,low_input_within_10pct_yield,2019-07-10,191,86,81,"{""sim_day"": 86.0, ""doy"": 191.0, ""topwt"": 5366.56005859375, ""grnwt"": 0.0, ""xlai"": 3.502327919006348, ""totir"": 0.0, ""tofer"": NaN, ""swfac"": 0.0, ""nstres"": 0.0}",0.0,0.0,5366.56005859375,0.0,3.502327919006348,0.0,,0.0,0.0,0.0,180.0,49.67625732421875,49.67625732421875,Leave_One_experiments/all_year_offline_schedule_search/daily_outputs/SYA/SYA_2019_SYA2019_normal_grid_S0028_daily.csv
SYA,SYA,Shenyang,2019,Leave_One_experiments\wth_generated_qc\SYA\SYA2019.WTH,wet_year;nitrogen_stress_year;low_response_year,wet,SYA2019_normal_grid_S0028,low_input_within_10pct_yield,2019-07-11,192,87,82,"{""sim_day"": 87.0, ""doy"": 192.0, ""topwt"": 5540.19775390625, ""grnwt"": 0.0, ""xlai"": 3.5442280769348145, ""totir"": 0.0, ""tofer"": NaN, ""swfac"": 0.0, ""nstres"": 0.0}",0.0,0.0,5540.19775390625,0.0,3.5442280769348145,0.0,,0.0,0.0,0.0,180.0,49.67625732421875,49.67625732421875,Leave_One_experiments/all_year_offline_schedule_search/daily_outputs/SYA/SYA_2019_SYA2019_normal_grid_S0028_daily.csv
SYA,SYA,Shenyang,2019,Leave_One_experiments\wth_generated_qc\SYA\SYA2019.WTH,wet_year;nitrogen_stress_year;low_response_year,wet,SYA2019_normal_grid_S0028,low_input_within_10pct_yield,2019-07-12,193,88,83,"{""sim_day"": 88.0, ""doy"": 193.0, ""topwt"": 5724.5843505859375, ""grnwt"": 0.0, ""xlai"": 3.5887045860290527, ""totir"": 0.0, ""tofer"": NaN, ""swfac"": 0.0, ""nstres"": 0.0}",0.0,0.0,5724.5843505859375,0.0,3.5887045860290527,0.0,,0.0,0.0,0.0,180.0,49.67625732421875,49.67625732421875,Leave_One_experiments/all_year_offline_schedule_search/daily_outputs/SYA/SYA_2019_SYA2019_normal_grid_S0028_daily.csv
SYA,SYA,Shenyang,2019,Leave_One_experiments\wth_generated_qc\SYA\SYA2019.WTH,wet_year;nitrogen_stress_year;low_response_year,wet,SYA2019_normal_grid_S0028,low_input_within_10pct_yield,2019-07-13,194,89,84,"{""sim_day"": 89.0, ""doy"": 194.0, ""topwt"": 5900.167846679688, ""grnwt"": 0.0, ""xlai"": 3.631003856658936, ""totir"": 0.0, ""tofer"": NaN, ""swfac"": 0.0, ""nstres"": 0.0}",0.0,0.0,5900.167846679688,0.0,3.631003856658936,0.0,,0.0,0.0,0.0,180.0,49.67625732421875,49.67625732421875,Leave_One_experiments/all_year_offline_schedule_search/daily_outputs/SYA/SYA_2019_SYA2019_normal_grid_S0028_daily.csv
SYA,SYA,Shenyang,2019,Leave_One_experiments\wth_generated_qc\SYA\SYA2019.WTH,wet_year;nitrogen_stress_year;low_response_year,wet,SYA2019_normal_grid_S0028,low_input_within_10pct_yield,2019-07-14,195,90,85,"{""sim_day"": 90.0, ""doy"": 195.0, ""topwt"": 6071.964721679688, ""grnwt"": 0.0, ""xlai"": 3.6723482608795166, ""totir"": 0.0, ""tofer"": NaN, ""swfac"": 0.0, ""nstres"": 0.0}",0.0,0.0,6071.964721679688,0.0,3.6723482608795166,0.0,,0.0,0.0,0.0,180.0,49.67625732421875,49.67625732421875,Leave_One_experiments/all_year_offline_schedule_search/daily_outputs/SYA/SYA_2019_SYA2019_normal_grid_S0028_daily.csv
SYA,SYA,Shenyang,2019,Leave_One_experiments\wth_generated_qc\SYA\SYA2019.WTH,wet_year;nitrogen_stress_year;low_response_year,wet,SYA2019_normal_grid_S0028,low_input_within_10pct_yield,2019-07-15,196,91,86,"{""sim_day"": 91.0, ""doy"": 196.0, ""topwt"": 6265.731201171875, ""grnwt"": 0.0, ""xlai"": 3.718984603881836, ""totir"": 0.0, ""tofer"": NaN, ""swfac"": 0.0, ""nstres"": 0.0}",0.0,0.0,6265.731201171875,0.0,3.718984603881836,0.0,,0.0,0.0,0.0,180.0,49.67625732421875,49.67625732421875,Leave_One_experiments/all_year_offline_schedule_search/daily_outputs/SYA/SYA_2019_SYA2019_normal_grid_S0028_daily.csv
SYA,SYA,Shenyang,2019,Leave_One_experiments\wth_generated_qc\SYA\SYA2019.WTH,wet_year;nitrogen_stress_year;low_response_year,wet,SYA2019_normal_grid_S0028,low_input_within_10pct_yield,2019-07-16,197,92,87,"{""sim_day"": 92.0, ""doy"": 197.0, ""topwt"": 6457.413330078125, ""grnwt"": 0.0, ""xlai"": 3.7650744915008554, ""totir"": 0.0, ""tofer"": NaN, ""swfac"": 0.0, ""nstres"": 0.0}",0.0,0.0,6457.413330078125,0.0,3.7650744915008554,0.0,,0.0,0.0,0.0,180.0,49.67625732421875,49.67625732421875,Leave_One_experiments/all_year_offline_schedule_search/daily_outputs/SYA/SYA_2019_SYA2019_normal_grid_S0028_daily.csv
SYA,SYA,Shenyang,2019,Leave_One_experiments\wth_generated_qc\SYA\SYA2019.WTH,wet_year;nitrogen_stress_year;low_response_year,wet,SYA2019_normal_grid_S0028,low_input_within_10pct_yield,2019-07-17,198,93,88,"{""sim_day"": 93.0, ""doy"": 198.0, ""topwt"": 6750.206298828125, ""grnwt"": 0.0, ""xlai"": 3.5932209491729736, ""totir"": 0.0, ""tofer"": NaN, ""swfac"": 0.0, ""nstres"": 0.0}",0.0,0.0,6750.206298828125,0.0,3.5932209491729736,0.0,,0.0,0.0,0.0,180.0,49.67625732421875,49.67625732421875,Leave_One_experiments/all_year_offline_schedule_search/daily_outputs/SYA/SYA_2019_SYA2019_normal_grid_S0028_daily.csv
SYA,SYA,Shenyang,2019,Leave_One_experiments\wth_generated_qc\SYA\SYA2019.WTH,wet_year;nitrogen_stress_year;low_response_year,wet,SYA2019_normal_grid_S0028,low_input_within_10pct_yield,2019-07-18,199,94,89,"{""sim_day"": 94.0, ""doy"": 199.0, ""topwt"": 7176.007690429688, ""grnwt"": 0.0, ""xlai"": 3.575141429901123, ""totir"": 0.0, ""tofer"": NaN, ""swfac"": 0.0, ""nstres"": 0.0}",0.0,0.0,7176.007690429688,0.0,3.575141429901123,0.0,,0.0,0.0,0.0,180.0,49.67625732421875,49.67625732421875,Leave_One_experiments/all_year_offline_schedule_search/daily_outputs/SYA/SYA_2019_SYA2019_normal_grid_S0028_daily.csv
SYA,SYA,Shenyang,2019,Leave_One_experiments\wth_generated_qc\SYA\SYA2019.WTH,wet_year;nitrogen_stress_year;low_response_year,wet,SYA2019_normal_grid_S0028,low_input_within_10pct_yield,2019-07-19,200,95,90,"{""sim_day"": 95.0, ""doy"": 200.0, ""topwt"": 7589.26025390625, ""grnwt"": 0.0, ""xlai"": 3.557581663131714, ""totir"": 0.0, ""tofer"": NaN, ""swfac"": 0.0, ""nstres"": 0.0}",0.0,0.0,7589.26025390625,0.0,3.557581663131714,0.0,,0.0,0.0,0.0,180.0,49.67625732421875,49.67625732421875,Leave_One_experiments/all_year_offline_schedule_search/daily_outputs/SYA/SYA_2019_SYA2019_normal_grid_S0028_daily.csv
SYA,SYA,Shenyang,2019,Leave_One_experiments\wth_generated_qc\SYA\SYA2019.WTH,wet_year;nitrogen_stress_year;low_response_year,wet,SYA2019_normal_grid_S0028,low_input_within_10pct_yield,2019-07-20,201,96,91,"{""sim_day"": 96.0, ""doy"": 201.0, ""topwt"": 7734.4085693359375, ""grnwt"": 0.0, ""xlai"": 3.540022134780884, ""totir"": 0.0, ""tofer"": NaN, ""swfac"": 0.0, ""nstres"": 0.0}",0.0,0.0,7734.4085693359375,0.0,3.540022134780884,0.0,,0.0,0.0,0.0,180.0,49.67625732421875,49.67625732421875,Leave_One_experiments/all_year_offline_schedule_search/daily_outputs/SYA/SYA_2019_SYA2019_normal_grid_S0028_daily.csv
SYA,SYA,Shenyang,2019,Leave_One_experiments\wth_generated_qc\SYA\SYA2019.WTH,wet_year;nitrogen_stress_year;low_response_year,wet,SYA2019_normal_grid_S0028,low_input_within_10pct_yield,2019-07-21,202,97,92,"{""sim_day"": 97.0, ""doy"": 202.0, ""topwt"": 8136.9598388671875, ""grnwt"": 0.0, ""xlai"": 3.520915031433105, ""totir"": 0.0, ""tofer"": NaN, ""swfac"": 0.0, ""nstres"": 0.0}",0.0,0.0,8136.9598388671875,0.0,3.520915031433105,0.0,,0.0,0.0,0.0,180.0,49.67625732421875,49.67625732421875,Leave_One_experiments/all_year_offline_schedule_search/daily_outputs/SYA/SYA_2019_SYA2019_normal_grid_S0028_daily.csv
SYA,SYA,Shenyang,2019,Leave_One_experiments\wth_generated_qc\SYA\SYA2019.WTH,wet_year;nitrogen_stress_year;low_response_year,wet,SYA2019_normal_grid_S0028,low_input_within_10pct_yield,2019-07-22,203,98,93,"{""sim_day"": 98.0, ""doy"": 203.0, ""topwt"": 8224.494018554688, ""grnwt"": 0.0, ""xlai"": 3.5028350353240967, ""totir"": 0.0, ""tofer"": NaN, ""swfac"": 0.0, ""nstres"": 0.0}",0.0,0.0,8224.494018554688,0.0,3.5028350353240967,0.0,,0.0,0.0,0.0,180.0,49.67625732421875,49.67625732421875,Leave_One_experiments/all_year_offline_schedule_search/daily_outputs/SYA/SYA_2019_SYA2019_normal_grid_S0028_daily.csv
SYA,SYA,Shenyang,2019,Leave_One_experiments\wth_generated_qc\SYA\SYA2019.WTH,wet_year;nitrogen_stress_year;low_response_year,wet,SYA2019_normal_grid_S0028,low_input_within_10pct_yield,2019-07-23,204,99,94,"{""sim_day"": 99.0, ""doy"": 204.0, ""topwt"": 8568.764038085938, ""grnwt"": 0.0, ""xlai"": 3.483003854751587, ""totir"": 0.0, ""tofer"": NaN, ""swfac"": 0.0, ""nstres"": 0.0}",0.0,0.0,8568.764038085938,0.0,3.483003854751587,0.0,,0.0,0.0,0.0,180.0,49.67625732421875,49.67625732421875,Leave_One_experiments/all_year_offline_schedule_search/daily_outputs/SYA/SYA_2019_SYA2019_normal_grid_S0028_daily.csv
SYA,SYA,Shenyang,2019,Leave_One_experiments\wth_generated_qc\SYA\SYA2019.WTH,wet_year;nitrogen_stress_year;low_response_year,wet,SYA2019_normal_grid_S0028,low_input_within_10pct_yield,2019-07-24,205,100,95,"{""sim_day"": 100.0, ""doy"": 205.0, ""topwt"": 8669.502563476562, ""grnwt"": 0.0, ""xlai"": 3.464024543762207, ""totir"": 0.0, ""tofer"": NaN, ""swfac"": 0.0, ""nstres"": 0.0}",0.0,0.0,8669.502563476562,0.0,3.464024543762207,0.0,,0.0,0.0,0.0,180.0,49.67625732421875,49.67625732421875,Leave_One_experiments/all_year_offline_schedule_search/daily_outputs/SYA/SYA_2019_SYA2019_normal_grid_S0028_daily.csv
SYA,SYA,Shenyang,2019,Leave_One_experiments\wth_generated_qc\SYA\SYA2019.WTH,wet_year;nitrogen_stress_year;low_response_year,wet,SYA2019_normal_grid_S0028,low_input_within_10pct_yield,2019-07-25,206,101,96,"{""sim_day"": 101.0, ""doy"": 206.0, ""topwt"": 9088.298950195312, ""grnwt"": 0.0, ""xlai"": 3.445897102355957, ""totir"": 0.0, ""tofer"": NaN, ""swfac"": 0.0, ""nstres"": 0.0}",0.0,0.0,9088.298950195312,0.0,3.445897102355957,0.0,,0.0,0.0,0.0,180.0,49.67625732421875,49.67625732421875,Leave_One_experiments/all_year_offline_schedule_search/daily_outputs/SYA/SYA_2019_SYA2019_normal_grid_S0028_daily.csv
SYA,SYA,Shenyang,2019,Leave_One_experiments\wth_generated_qc\SYA\SYA2019.WTH,wet_year;nitrogen_stress_year;low_response_year,wet,SYA2019_normal_grid_S0028,low_input_within_10pct_yield,2019-07-26,207,102,97,"{""sim_day"": 102.0, ""doy"": 207.0, ""topwt"": 9327.635498046877, ""grnwt"": 239.3361854553223, ""xlai"": 3.3804361820220947, ""totir"": 0.0, ""tofer"": NaN, ""swfac"": 0.0, ""nstres"": 0.0}",0.0,0.0,9327.635498046877,239.3361854553223,3.3804361820220947,0.0,,0.0,0.0,0.0,180.0,49.67625732421875,49.67625732421875,Leave_One_experiments/all_year_offline_schedule_search/daily_outputs/SYA/SYA_2019_SYA2019_normal_grid_S0028_daily.csv
SYA,SYA,Shenyang,2019,Leave_One_experiments\wth_generated_qc\SYA\SYA2019.WTH,wet_year;nitrogen_stress_year;low_response_year,wet,SYA2019_normal_grid_S0028,low_input_within_10pct_yield,2019-07-27,208,103,98,"{""sim_day"": 103.0, ""doy"": 208.0, ""topwt"": 9611.4501953125, ""grnwt"": 523.150749206543, ""xlai"": 3.3701839447021484, ""totir"": 0.0, ""tofer"": NaN, ""swfac"": 0.0, ""nstres"": 0.0}",0.0,0.0,9611.4501953125,523.150749206543,3.3701839447021484,0.0,,0.0,0.0,0.0,180.0,49.67625732421875,49.67625732421875,Leave_One_experiments/all_year_offline_schedule_search/daily_outputs/SYA/SYA_2019_SYA2019_normal_grid_S0028_daily.csv
SYA,SYA,Shenyang,2019,Leave_One_experiments\wth_generated_qc\SYA\SYA2019.WTH,wet_year;nitrogen_stress_year;low_response_year,wet,SYA2019_normal_grid_S0028,low_input_within_10pct_yield,2019-07-28,209,104,99,"{""sim_day"": 104.0, ""doy"": 209.0, ""topwt"": 9844.432373046877, ""grnwt"": 756.1328887939453, ""xlai"": 3.356818675994873, ""totir"": 0.0, ""tofer"": NaN, ""swfac"": 0.0, ""nstres"": 0.0}",0.0,0.0,9844.432373046877,756.1328887939453,3.356818675994873,0.0,,0.0,0.0,0.0,180.0,49.67625732421875,49.67625732421875,Leave_One_experiments/all_year_offline_schedule_search/daily_outputs/SYA/SYA_2019_SYA2019_normal_grid_S0028_daily.csv
SYA,SYA,Shenyang,2019,Leave_One_experiments\wth_generated_qc\SYA\SYA2019.WTH,wet_year;nitrogen_stress_year;low_response_year,wet,SYA2019_normal_grid_S0028,low_input_within_10pct_yield,2019-07-29,210,105,100,"{""sim_day"": 105.0, ""doy"": 210.0, ""topwt"": 10155.78125, ""grnwt"": 1067.481689453125, ""xlai"": 3.3421218395233154, ""totir"": 0.0, ""tofer"": NaN, ""swfac"": 0.0, ""nstres"": 0.0}",0.0,0.0,10155.78125,1067.481689453125,3.3421218395233154,0.0,,0.0,0.0,0.0,180.0,49.67625732421875,49.67625732421875,Leave_One_experiments/all_year_offline_schedule_search/daily_outputs/SYA/SYA_2019_SYA2019_normal_grid_S0028_daily.csv
SYA,SYA,Shenyang,2019,Leave_One_experiments\wth_generated_qc\SYA\SYA2019.WTH,wet_year;nitrogen_stress_year;low_response_year,wet,SYA2019_normal_grid_S0028,low_input_within_10pct_yield,2019-07-30,211,106,101,"{""sim_day"": 106.0, ""doy"": 211.0, ""topwt"": 10454.42138671875, ""grnwt"": 1366.1224365234375, ""xlai"": 3.324554681777954, ""totir"": 0.0, ""tofer"": NaN, ""swfac"": 0.0, ""nstres"": 0.0}",0.0,0.0,10454.42138671875,1366.1224365234375,3.324554681777954,0.0,,0.0,0.0,0.0,180.0,49.67625732421875,49.67625732421875,Leave_One_experiments/all_year_offline_schedule_search/daily_outputs/SYA/SYA_2019_SYA2019_normal_grid_S0028_daily.csv
SYA,SYA,Shenyang,2019,Leave_One_experiments\wth_generated_qc\SYA\SYA2019.WTH,wet_year;nitrogen_stress_year;low_response_year,wet,SYA2019_normal_grid_S0028,low_input_within_10pct_yield,2019-07-31,212,107,102,"{""sim_day"": 107.0, ""doy"": 212.0, ""topwt"": 10729.764404296877, ""grnwt"": 1641.46484375, ""xlai"": 3.3034956455230717, ""totir"": 0.0, ""tofer"": NaN, ""swfac"": 0.0, ""nstres"": 0.0}",0.0,0.0,10729.764404296877,1641.46484375,3.3034956455230717,0.0,,0.0,0.0,0.0,180.0,49.67625732421875,49.67625732421875,Leave_One_experiments/all_year_offline_schedule_search/daily_outputs/SYA/SYA_2019_SYA2019_normal_grid_S0028_daily.csv
SYA,SYA,Shenyang,2019,Leave_One_experiments\wth_generated_qc\SYA\SYA2019.WTH,wet_year;nitrogen_stress_year;low_response_year,wet,SYA2019_normal_grid_S0028,low_input_within_10pct_yield,2019-08-01,213,108,103,"{""sim_day"": 108.0, ""doy"": 213.0, ""topwt"": 10936.60888671875, ""grnwt"": 1980.3477478027344, ""xlai"": 3.2821807861328125, ""totir"": 0.0, ""tofer"": NaN, ""swfac"": 0.0, ""nstres"": 0.0}",0.0,0.0,10936.60888671875,1980.3477478027344,3.2821807861328125,0.0,,0.0,0.0,0.0,180.0,49.67625732421875,49.67625732421875,Leave_One_experiments/all_year_offline_schedule_search/daily_outputs/SYA/SYA_2019_SYA2019_normal_grid_S0028_daily.csv
SYA,SYA,Shenyang,2019,Leave_One_experiments\wth_generated_qc\SYA\SYA2019.WTH,wet_year;nitrogen_stress_year;low_response_year,wet,SYA2019_normal_grid_S0028,low_input_within_10pct_yield,2019-08-02,214,109,104,"{""sim_day"": 109.0, ""doy"": 214.0, ""topwt"": 11234.700927734377, ""grnwt"": 2319.2308044433594, ""xlai"": 3.2606589794158936, ""totir"": 0.0, ""tofer"": NaN, ""swfac"": 0.0, ""nstres"": 0.0}",0.0,0.0,11234.700927734377,2319.2308044433594,3.2606589794158936,0.0,,0.0,0.0,0.0,180.0,49.67625732421875,49.67625732421875,Leave_One_experiments/all_year_offline_schedule_search/daily_outputs/SYA/SYA_2019_SYA2019_normal_grid_S0028_daily.csv
SYA,SYA,Shenyang,2019,Leave_One_experiments\wth_generated_qc\SYA\SYA2019.WTH,wet_year;nitrogen_stress_year;low_response_year,wet,SYA2019_normal_grid_S0028,low_input_within_10pct_yield,2019-08-03,215,110,105,"{""sim_day"": 110.0, ""doy"": 215.0, ""topwt"": 11567.327880859377, ""grnwt"": 2658.1137084960938, ""xlai"": 3.234648466110229, ""totir"": 0.0, ""tofer"": NaN, ""swfac"": 0.0, ""nstres"": 0.0}",0.0,0.0,11567.327880859377,2658.1137084960938,3.234648466110229,0.0,,0.0,0.0,0.0,180.0,49.67625732421875,49.67625732421875,Leave_One_experiments/all_year_offline_schedule_search/daily_outputs/SYA/SYA_2019_SYA2019_normal_grid_S0028_daily.csv
SYA,SYA,Shenyang,2019,Leave_One_experiments\wth_generated_qc\SYA\SYA2019.WTH,wet_year;nitrogen_stress_year;low_response_year,wet,SYA2019_normal_grid_S0028,low_input_within_10pct_yield,2019-08-04,216,111,106,"{""sim_day"": 111.0, ""doy"": 216.0, ""topwt"": 11864.354248046877, ""grnwt"": 2996.9967651367188, ""xlai"": 3.205394983291626, ""totir"": 0.0, ""tofer"": NaN, ""swfac"": 0.0, ""nstres"": 0.0}",0.0,0.0,11864.354248046877,2996.9967651367188,3.205394983291626,0.0,,0.0,0.0,0.0,180.0,49.67625732421875,49.67625732421875,Leave_One_experiments/all_year_offline_schedule_search/daily_outputs/SYA/SYA_2019_SYA2019_normal_grid_S0028_daily.csv
SYA,SYA,Shenyang,2019,Leave_One_experiments\wth_generated_qc\SYA\SYA2019.WTH,wet_year;nitrogen_stress_year;low_response_year,wet,SYA2019_normal_grid_S0028,low_input_within_10pct_yield,2019-08-05,217,112,107,"{""sim_day"": 112.0, ""doy"": 217.0, ""topwt"": 12125.83740234375, ""grnwt"": 3316.817626953125, ""xlai"": 3.1700632572174072, ""totir"": 0.0, ""tofer"": NaN, ""swfac"": 0.0, ""nstres"": 0.0}",0.0,0.0,12125.83740234375,3316.817626953125,3.1700632572174072,0.0,,0.0,0.0,0.0,180.0,49.67625732421875,49.67625732421875,Leave_One_experiments/all_year_offline_schedule_search/daily_outputs/SYA/SYA_2019_SYA2019_normal_grid_S0028_daily.csv
SYA,SYA,Shenyang,2019,Leave_One_experiments\wth_generated_qc\SYA\SYA2019.WTH,wet_year;nitrogen_stress_year;low_response_year,wet,SYA2019_normal_grid_S0028,low_input_within_10pct_yield,2019-08-06,218,113,108,"{""sim_day"": 113.0, ""doy"": 218.0, ""topwt"": 12386.5869140625, ""grnwt"": 3626.0482788085938, ""xlai"": 3.130310535430908, ""totir"": 0.0, ""tofer"": NaN, ""swfac"": 0.0, ""nstres"": 0.0}",0.0,0.0,12386.5869140625,3626.0482788085938,3.130310535430908,0.0,,0.0,0.0,0.0,180.0,49.67625732421875,49.67625732421875,Leave_One_experiments/all_year_offline_schedule_search/daily_outputs/SYA/SYA_2019_SYA2019_normal_grid_S0028_daily.csv
SYA,SYA,Shenyang,2019,Leave_One_experiments\wth_generated_qc\SYA\SYA2019.WTH,wet_year;nitrogen_stress_year;low_response_year,wet,SYA2019_normal_grid_S0028,low_input_within_10pct_yield,2019-08-07,219,114,109,"{""sim_day"": 114.0, ""doy"": 219.0, ""topwt"": 12640.7080078125, ""grnwt"": 3964.9313354492183, ""xlai"": 3.0914793014526367, ""totir"": 0.0, ""tofer"": NaN, ""swfac"": 0.0, ""nstres"": 0.0}",0.0,0.0,12640.7080078125,3964.9313354492183,3.0914793014526367,0.0,,0.0,0.0,0.0,180.0,49.67625732421875,49.67625732421875,Leave_One_experiments/all_year_offline_schedule_search/daily_outputs/SYA/SYA_2019_SYA2019_normal_grid_S0028_daily.csv
SYA,SYA,Shenyang,2019,Leave_One_experiments\wth_generated_qc\SYA\SYA2019.WTH,wet_year;nitrogen_stress_year;low_response_year,wet,SYA2019_normal_grid_S0028,low_input_within_10pct_yield,2019-08-08,220,115,110,"{""sim_day"": 115.0, ""doy"": 220.0, ""topwt"": 12991.478271484377, ""grnwt"": 4303.814697265625, ""xlai"": 3.0471653938293457, ""totir"": 0.0, ""tofer"": NaN, ""swfac"": 0.0, ""nstres"": 0.0}",0.0,0.0,12991.478271484377,4303.814697265625,3.0471653938293457,0.0,,0.0,0.0,0.0,180.0,49.67625732421875,49.67625732421875,Leave_One_experiments/all_year_offline_schedule_search/daily_outputs/SYA/SYA_2019_SYA2019_normal_grid_S0028_daily.csv
SYA,SYA,Shenyang,2019,Leave_One_experiments\wth_generated_qc\SYA\SYA2019.WTH,wet_year;nitrogen_stress_year;low_response_year,wet,SYA2019_normal_grid_S0028,low_input_within_10pct_yield,2019-08-09,221,116,111,"{""sim_day"": 116.0, ""doy"": 221.0, ""topwt"": 13230.39794921875, ""grnwt"": 4642.69775390625, ""xlai"": 2.997380495071411, ""totir"": 0.0, ""tofer"": NaN, ""swfac"": 0.0, ""nstres"": 0.0}",0.0,0.0,13230.39794921875,4642.69775390625,2.997380495071411,0.0,,0.0,0.0,0.0,180.0,49.67625732421875,49.67625732421875,Leave_One_experiments/all_year_offline_schedule_search/daily_outputs/SYA/SYA_2019_SYA2019_normal_grid_S0028_daily.csv
SYA,SYA,Shenyang,2019,Leave_One_experiments\wth_generated_qc\SYA\SYA2019.WTH,wet_year;nitrogen_stress_year;low_response_year,wet,SYA2019_normal_grid_S0028,low_input_within_10pct_yield,2019-08-10,222,117,112,"{""sim_day"": 117.0, ""doy"": 222.0, ""topwt"": 13306.505126953123, ""grnwt"": 4981.580810546875, ""xlai"": 2.956992149353028, ""totir"": 0.0, ""tofer"": NaN, ""swfac"": 0.0, ""nstres"": 0.0}",0.0,0.0,13306.505126953123,4981.580810546875,2.956992149353028,0.0,,0.0,0.0,0.0,180.0,49.67625732421875,49.67625732421875,Leave_One_experiments/all_year_offline_schedule_search/daily_outputs/SYA/SYA_2019_SYA2019_normal_grid_S0028_daily.csv
SYA,SYA,Shenyang,2019,Leave_One_experiments\wth_generated_qc\SYA\SYA2019.WTH,wet_year;nitrogen_stress_year;low_response_year,wet,SYA2019_normal_grid_S0028,low_input_within_10pct_yield,2019-08-11,223,118,113,"{""sim_day"": 118.0, ""doy"": 223.0, ""topwt"": 13587.027587890623, ""grnwt"": 5320.4638671875, ""xlai"": 2.907461643218994, ""totir"": 0.0, ""tofer"": NaN, ""swfac"": 0.0, ""nstres"": 0.0}",0.0,0.0,13587.027587890623,5320.4638671875,2.907461643218994,0.0,,0.0,0.0,0.0,180.0,49.67625732421875,49.67625732421875,Leave_One_experiments/all_year_offline_schedule_search/daily_outputs/SYA/SYA_2019_SYA2019_normal_grid_S0028_daily.csv
SYA,SYA,Shenyang,2019,Leave_One_experiments\wth_generated_qc\SYA\SYA2019.WTH,wet_year;nitrogen_stress_year;low_response_year,wet,SYA2019_normal_grid_S0028,low_input_within_10pct_yield,2019-08-12,224,119,114,"{""sim_day"": 119.0, ""doy"": 224.0, ""topwt"": 13472.449951171877, ""grnwt"": 5414.7747802734375, ""xlai"": 2.852071523666382, ""totir"": 0.0, ""tofer"": NaN, ""swfac"": 0.0, ""nstres"": 0.0}",0.0,0.0,13472.449951171877,5414.7747802734375,2.852071523666382,0.0,,0.0,0.0,0.0,180.0,49.67625732421875,49.67625732421875,Leave_One_experiments/all_year_offline_schedule_search/daily_outputs/SYA/SYA_2019_SYA2019_normal_grid_S0028_daily.csv
SYA,SYA,Shenyang,2019,Leave_One_experiments\wth_generated_qc\SYA\SYA2019.WTH,wet_year;nitrogen_stress_year;low_response_year,wet,SYA2019_normal_grid_S0028,low_input_within_10pct_yield,2019-08-13,225,120,115,"{""sim_day"": 120.0, ""doy"": 225.0, ""topwt"": 13541.84326171875, ""grnwt"": 5484.168701171875, ""xlai"": 2.8008217811584477, ""totir"": 0.0, ""tofer"": NaN, ""swfac"": 0.0, ""nstres"": 0.0}",0.0,0.0,13541.84326171875,5484.168701171875,2.8008217811584477,0.0,,0.0,0.0,0.0,180.0,49.67625732421875,49.67625732421875,Leave_One_experiments/all_year_offline_schedule_search/daily_outputs/SYA/SYA_2019_SYA2019_normal_grid_S0028_daily.csv
SYA,SYA,Shenyang,2019,Leave_One_experiments\wth_generated_qc\SYA\SYA2019.WTH,wet_year;nitrogen_stress_year;low_response_year,wet,SYA2019_normal_grid_S0028,low_input_within_10pct_yield,2019-08-14,226,121,116,"{""sim_day"": 121.0, ""doy"": 226.0, ""topwt"": 13724.64599609375, ""grnwt"": 5666.9708251953125, ""xlai"": 2.7425286769866943, ""totir"": 0.0, ""tofer"": NaN, ""swfac"": 0.0, ""nstres"": 0.0}",0.0,0.0,13724.64599609375,5666.9708251953125,2.7425286769866943,0.0,,0.0,0.0,0.0,180.0,49.67625732421875,49.67625732421875,Leave_One_experiments/all_year_offline_schedule_search/daily_outputs/SYA/SYA_2019_SYA2019_normal_grid_S0028_daily.csv
SYA,SYA,Shenyang,2019,Leave_One_experiments\wth_generated_qc\SYA\SYA2019.WTH,wet_year;nitrogen_stress_year;low_response_year,wet,SYA2019_normal_grid_S0028,low_input_within_10pct_yield,2019-08-15,227,122,117,"{""sim_day"": 122.0, ""doy"": 227.0, ""topwt"": 14066.4306640625, ""grnwt"": 6005.8538818359375, ""xlai"": 2.679002285003662, ""totir"": 0.0, ""tofer"": NaN, ""swfac"": 0.0, ""nstres"": 0.0}",0.0,0.0,14066.4306640625,6005.8538818359375,2.679002285003662,0.0,,0.0,0.0,0.0,180.0,49.67625732421875,49.67625732421875,Leave_One_experiments/all_year_offline_schedule_search/daily_outputs/SYA/SYA_2019_SYA2019_normal_grid_S0028_daily.csv
SYA,SYA,Shenyang,2019,Leave_One_experiments\wth_generated_qc\SYA\SYA2019.WTH,wet_year;nitrogen_stress_year;low_response_year,wet,SYA2019_normal_grid_S0028,low_input_within_10pct_yield,2019-08-16,228,123,118,"{""sim_day"": 123.0, ""doy"": 228.0, ""topwt"": 14333.90380859375, ""grnwt"": 6276.2286376953125, ""xlai"": 2.6213743686676025, ""totir"": 0.0, ""tofer"": NaN, ""swfac"": 0.0, ""nstres"": 0.0}",0.0,0.0,14333.90380859375,6276.2286376953125,2.6213743686676025,0.0,,0.0,0.0,0.0,180.0,49.67625732421875,49.67625732421875,Leave_One_experiments/all_year_offline_schedule_search/daily_outputs/SYA/SYA_2019_SYA2019_normal_grid_S0028_daily.csv
SYA,SYA,Shenyang,2019,Leave_One_experiments\wth_generated_qc\SYA\SYA2019.WTH,wet_year;nitrogen_stress_year;low_response_year,wet,SYA2019_normal_grid_S0028,low_input_within_10pct_yield,2019-08-17,229,124,119,"{""sim_day"": 124.0, ""doy"": 229.0, ""topwt"": 14716.09130859375, ""grnwt"": 6615.1116943359375, ""xlai"": 2.557655096054077, ""totir"": 0.0, ""tofer"": NaN, ""swfac"": 0.0, ""nstres"": 0.0}",0.0,0.0,14716.09130859375,6615.1116943359375,2.557655096054077,0.0,,0.0,0.0,0.0,180.0,49.67625732421875,49.67625732421875,Leave_One_experiments/all_year_offline_schedule_search/daily_outputs/SYA/SYA_2019_SYA2019_normal_grid_S0028_daily.csv
SYA,SYA,Shenyang,2019,Leave_One_experiments\wth_generated_qc\SYA\SYA2019.WTH,wet_year;nitrogen_stress_year;low_response_year,wet,SYA2019_normal_grid_S0028,low_input_within_10pct_yield,2019-08-18,230,125,120,"{""sim_day"": 125.0, ""doy"": 230.0, ""topwt"": 15100.675048828123, ""grnwt"": 6953.9947509765625, ""xlai"": 2.486809492111206, ""totir"": 0.0, ""tofer"": NaN, ""swfac"": 0.0, ""nstres"": 0.022218108177185}",0.0,0.022218108177185,15100.675048828123,6953.9947509765625,2.486809492111206,0.0,,0.0,0.0,0.0,180.0,49.67625732421875,49.67625732421875,Leave_One_experiments/all_year_offline_schedule_search/daily_outputs/SYA/SYA_2019_SYA2019_normal_grid_S0028_daily.csv
SYA,SYA,Shenyang,2019,Leave_One_experiments\wth_generated_qc\SYA\SYA2019.WTH,wet_year;nitrogen_stress_year;low_response_year,wet,SYA2019_normal_grid_S0028,low_input_within_10pct_yield,2019-08-19,231,126,121,"{""sim_day"": 126.0, ""doy"": 231.0, ""topwt"": 15157.0166015625, ""grnwt"": 7099.3408203125, ""xlai"": 2.414370536804199, ""totir"": 0.0, ""tofer"": NaN, ""swfac"": 0.0, ""nstres"": 0.0683623552322387}",0.0,0.0683623552322387,15157.0166015625,7099.3408203125,2.414370536804199,0.0,,0.0,0.0,0.0,180.0,49.67625732421875,49.67625732421875,Leave_One_experiments/all_year_offline_schedule_search/daily_outputs/SYA/SYA_2019_SYA2019_normal_grid_S0028_daily.csv
SYA,SYA,Shenyang,2019,Leave_One_experiments\wth_generated_qc\SYA\SYA2019.WTH,wet_year;nitrogen_stress_year;low_response_year,wet,SYA2019_normal_grid_S0028,low_input_within_10pct_yield,2019-08-20,232,127,122,"{""sim_day"": 127.0, ""doy"": 232.0, ""topwt"": 15526.2451171875, ""grnwt"": 7438.223876953125, ""xlai"": 2.328545331954956, ""totir"": 0.0, ""tofer"": NaN, ""swfac"": 0.0, ""nstres"": 0.0769549012184143}",0.0,0.0769549012184143,15526.2451171875,7438.223876953125,2.328545331954956,0.0,,0.0,0.0,0.0,180.0,49.67625732421875,49.67625732421875,Leave_One_experiments/all_year_offline_schedule_search/daily_outputs/SYA/SYA_2019_SYA2019_normal_grid_S0028_daily.csv
SYA,SYA,Shenyang,2019,Leave_One_experiments\wth_generated_qc\SYA\SYA2019.WTH,wet_year;nitrogen_stress_year;low_response_year,wet,SYA2019_normal_grid_S0028,low_input_within_10pct_yield,2019-08-21,233,128,123,"{""sim_day"": 128.0, ""doy"": 233.0, ""topwt"": 15886.0498046875, ""grnwt"": 7777.10693359375, ""xlai"": 2.252810001373291, ""totir"": 0.0, ""tofer"": NaN, ""swfac"": 0.0, ""nstres"": 0.1084665656089782}",0.0,0.1084665656089782,15886.0498046875,7777.10693359375,2.252810001373291,0.0,,0.0,0.0,0.0,180.0,49.67625732421875,49.67625732421875,Leave_One_experiments/all_year_offline_schedule_search/daily_outputs/SYA/SYA_2019_SYA2019_normal_grid_S0028_daily.csv
SYA,SYA,Shenyang,2019,Leave_One_experiments\wth_generated_qc\SYA\SYA2019.WTH,wet_year;nitrogen_stress_year;low_response_year,wet,SYA2019_normal_grid_S0028,low_input_within_10pct_yield,2019-08-22,234,129,124,"{""sim_day"": 129.0, ""doy"": 234.0, ""topwt"": 16196.4013671875, ""grnwt"": 8115.989990234375, ""xlai"": 2.180201530456543, ""totir"": 0.0, ""tofer"": NaN, ""swfac"": 0.0, ""nstres"": 0.1534432768821716}",0.0,0.1534432768821716,16196.4013671875,8115.989990234375,2.180201530456543,0.0,,0.0,0.0,0.0,180.0,49.67625732421875,49.67625732421875,Leave_One_experiments/all_year_offline_schedule_search/daily_outputs/SYA/SYA_2019_SYA2019_normal_grid_S0028_daily.csv
SYA,SYA,Shenyang,2019,Leave_One_experiments\wth_generated_qc\SYA\SYA2019.WTH,wet_year;nitrogen_stress_year;low_response_year,wet,SYA2019_normal_grid_S0028,low_input_within_10pct_yield,2019-08-23,235,130,125,"{""sim_day"": 130.0, ""doy"": 235.0, ""topwt"": 16455.648193359375, ""grnwt"": 8397.9736328125, ""xlai"": 2.098351001739502, ""totir"": 0.0, ""tofer"": NaN, ""swfac"": 0.0, ""nstres"": 0.1932830214500427}",0.0,0.1932830214500427,16455.648193359375,8397.9736328125,2.098351001739502,0.0,,0.0,0.0,0.0,180.0,49.67625732421875,49.67625732421875,Leave_One_experiments/all_year_offline_schedule_search/daily_outputs/SYA/SYA_2019_SYA2019_normal_grid_S0028_daily.csv
SYA,SYA,Shenyang,2019,Leave_One_experiments\wth_generated_qc\SYA\SYA2019.WTH,wet_year;nitrogen_stress_year;low_response_year,wet,SYA2019_normal_grid_S0028,low_input_within_10pct_yield,2019-08-24,236,131,126,"{""sim_day"": 131.0, ""doy"": 236.0, ""topwt"": 16743.006591796875, ""grnwt"": 8685.331420898438, ""xlai"": 2.008575677871704, ""totir"": 0.0, ""tofer"": NaN, ""swfac"": 0.0, ""nstres"": 0.255461573600769}",0.0,0.255461573600769,16743.006591796875,8685.331420898438,2.008575677871704,0.0,,0.0,0.0,0.0,180.0,49.67625732421875,49.67625732421875,Leave_One_experiments/all_year_offline_schedule_search/daily_outputs/SYA/SYA_2019_SYA2019_normal_grid_S0028_daily.csv
SYA,SYA,Shenyang,2019,Leave_One_experiments\wth_generated_qc\SYA\SYA2019.WTH,wet_year;nitrogen_stress_year;low_response_year,wet,SYA2019_normal_grid_S0028,low_input_within_10pct_yield,2019-08-25,237,132,127,"{""sim_day"": 132.0, ""doy"": 237.0, ""topwt"": 16947.039794921875, ""grnwt"": 8889.365234375, ""xlai"": 1.9020400047302248, ""totir"": 0.0, ""tofer"": NaN, ""swfac"": 0.0, ""nstres"": 0.3301684856414795}",0.0,0.3301684856414795,16947.039794921875,8889.365234375,1.9020400047302248,0.0,,0.0,0.0,0.0,180.0,49.67625732421875,49.67625732421875,Leave_One_experiments/all_year_offline_schedule_search/daily_outputs/SYA/SYA_2019_SYA2019_normal_grid_S0028_daily.csv
SYA,SYA,Shenyang,2019,Leave_One_experiments\wth_generated_qc\SYA\SYA2019.WTH,wet_year;nitrogen_stress_year;low_response_year,wet,SYA2019_normal_grid_S0028,low_input_within_10pct_yield,2019-08-26,238,133,128,"{""sim_day"": 133.0, ""doy"": 238.0, ""topwt"": 17137.471923828125, ""grnwt"": 9079.797973632812, ""xlai"": 1.7929785251617432, ""totir"": 0.0, ""tofer"": NaN, ""swfac"": 0.0, ""nstres"": 0.3693965077400207}",0.0,0.3693965077400207,17137.471923828125,9079.797973632812,1.7929785251617432,0.0,,0.0,0.0,0.0,180.0,49.67625732421875,49.67625732421875,Leave_One_experiments/all_year_offline_schedule_search/daily_outputs/SYA/SYA_2019_SYA2019_normal_grid_S0028_daily.csv
SYA,SYA,Shenyang,2019,Leave_One_experiments\wth_generated_qc\SYA\SYA2019.WTH,wet_year;nitrogen_stress_year;low_response_year,wet,SYA2019_normal_grid_S0028,low_input_within_10pct_yield,2019-08-27,239,134,129,"{""sim_day"": 134.0, ""doy"": 239.0, ""topwt"": 17295.74462890625, ""grnwt"": 9238.0712890625, ""xlai"": 1.695611834526062, ""totir"": 0.0, ""tofer"": NaN, ""swfac"": 0.0, ""nstres"": 0.4108108282089233}",0.0,0.4108108282089233,17295.74462890625,9238.0712890625,1.695611834526062,0.0,,0.0,0.0,0.0,180.0,49.67625732421875,49.67625732421875,Leave_One_experiments/all_year_offline_schedule_search/daily_outputs/SYA/SYA_2019_SYA2019_normal_grid_S0028_daily.csv
SYA,SYA,Shenyang,2019,Leave_One_experiments\wth_generated_qc\SYA\SYA2019.WTH,wet_year;nitrogen_stress_year;low_response_year,wet,SYA2019_normal_grid_S0028,low_input_within_10pct_yield,2019-08-28,240,135,130,"{""sim_day"": 135.0, ""doy"": 240.0, ""topwt"": 17398.341064453125, ""grnwt"": 9340.667724609377, ""xlai"": 1.617315411567688, ""totir"": 0.0, ""tofer"": NaN, ""swfac"": 0.0, ""nstres"": 0.4371406435966491}",0.0,0.4371406435966491,17398.341064453125,9340.667724609377,1.617315411567688,0.0,,0.0,0.0,0.0,180.0,49.67625732421875,49.67625732421875,Leave_One_experiments/all_year_offline_schedule_search/daily_outputs/SYA/SYA_2019_SYA2019_normal_grid_S0028_daily.csv
SYA,SYA,Shenyang,2019,Leave_One_experiments\wth_generated_qc\SYA\SYA2019.WTH,wet_year;nitrogen_stress_year;low_response_year,wet,SYA2019_normal_grid_S0028,low_input_within_10pct_yield,2019-08-29,241,136,131,"{""sim_day"": 136.0, ""doy"": 241.0, ""topwt"": 17525.299072265625, ""grnwt"": 9467.625732421877, ""xlai"": 1.5317379236221311, ""totir"": 0.0, ""tofer"": NaN, ""swfac"": 0.0, ""nstres"": 0.4365151524543762}",0.0,0.4365151524543762,17525.299072265625,9467.625732421877,1.5317379236221311,0.0,,0.0,0.0,0.0,180.0,49.67625732421875,49.67625732421875,Leave_One_experiments/all_year_offline_schedule_search/daily_outputs/SYA/SYA_2019_SYA2019_normal_grid_S0028_daily.csv
SYA,SYA,Shenyang,2019,Leave_One_experiments\wth_generated_qc\SYA\SYA2019.WTH,wet_year;nitrogen_stress_year;low_response_year,wet,SYA2019_normal_grid_S0028,low_input_within_10pct_yield,2019-08-30,242,137,132,"{""sim_day"": 137.0, ""doy"": 242.0, ""topwt"": 17525.299072265625, ""grnwt"": 9467.625732421877, ""xlai"": 1.5317379236221311, ""totir"": 0.0, ""tofer"": NaN, ""swfac"": 0.0, ""nstres"": 0.4497665762901306}",0.0,0.4497665762901306,17525.299072265625,9467.625732421877,1.5317379236221311,0.0,,0.0,0.0,0.0,180.0,49.67625732421875,49.67625732421875,Leave_One_experiments/all_year_offline_schedule_search/daily_outputs/SYA/SYA_2019_SYA2019_normal_grid_S0028_daily.csv
SYA,SYA,Shenyang,2019,Leave_One_experiments\wth_generated_qc\SYA\SYA2019.WTH,wet_year;nitrogen_stress_year;low_response_year,wet,SYA2019_normal_grid_S0028,low_input_within_10pct_yield,2019-08-31,243,138,133,"{""sim_day"": 138.0, ""doy"": 243.0, ""topwt"": 17525.299072265625, ""grnwt"": 9467.625732421877, ""xlai"": 1.5317379236221311, ""totir"": 0.0, ""tofer"": NaN, ""swfac"": 0.0, ""nstres"": 0.4497665762901306}",0.0,0.4497665762901306,17525.299072265625,9467.625732421877,1.5317379236221311,0.0,,0.0,0.0,0.0,180.0,49.67625732421875,49.67625732421875,Leave_One_experiments/all_year_offline_schedule_search/daily_outputs/SYA/SYA_2019_SYA2019_normal_grid_S0028_daily.csv
SYA,SYA,Shenyang,2019,Leave_One_experiments\wth_generated_qc\SYA\SYA2019.WTH,wet_year;nitrogen_stress_year;low_response_year,wet,SYA2019_normal_grid_S0028,low_input_within_10pct_yield,2019-09-01,244,139,134,"{""sim_day"": 139.0, ""doy"": 244.0, ""topwt"": 17525.299072265625, ""grnwt"": 9467.625732421877, ""xlai"": 1.5317379236221311, ""totir"": 0.0, ""tofer"": NaN, ""swfac"": 0.0, ""nstres"": 0.4497665762901306}",0.0,0.4497665762901306,17525.299072265625,9467.625732421877,1.5317379236221311,0.0,,0.0,0.0,0.0,180.0,49.67625732421875,49.67625732421875,Leave_One_experiments/all_year_offline_schedule_search/daily_outputs/SYA/SYA_2019_SYA2019_normal_grid_S0028_daily.csv
SYA,SYA,Shenyang,2019,Leave_One_experiments\wth_generated_qc\SYA\SYA2019.WTH,wet_year;nitrogen_stress_year;low_response_year,wet,SYA2019_normal_grid_S0028,low_input_within_10pct_yield,2019-09-02,245,140,135,"{""sim_day"": 140.0, ""doy"": 245.0, ""topwt"": 17525.299072265625, ""grnwt"": 9467.625732421877, ""xlai"": 1.5317379236221311, ""totir"": 0.0, ""tofer"": NaN, ""swfac"": 0.0, ""nstres"": 0.4497665762901306}",0.0,0.4497665762901306,17525.299072265625,9467.625732421877,1.5317379236221311,0.0,,0.0,0.0,0.0,180.0,49.67625732421875,49.67625732421875,Leave_One_experiments/all_year_offline_schedule_search/daily_outputs/SYA/SYA_2019_SYA2019_normal_grid_S0028_daily.csv
SYA,SYA,Shenyang,2019,Leave_One_experiments\wth_generated_qc\SYA\SYA2019.WTH,wet_year;nitrogen_stress_year;low_response_year,wet,SYA2019_normal_grid_S0019,pareto_balanced,2019-04-21,111,1,1,"{""sim_day"": 1.0, ""doy"": 111.0, ""topwt"": 0.0, ""grnwt"": 0.0, ""xlai"": 0.0, ""totir"": 0.0, ""tofer"": NaN, ""swfac"": 0.0, ""nstres"": 0.0}",0.0,0.0,0.0,0.0,0.0,0.0,,0.0,75.0,0.0,225.0,46.02278442382813,46.02278442382813,Leave_One_experiments/all_year_offline_schedule_search/daily_outputs/SYA/SYA_2019_SYA2019_normal_grid_S0019_daily.csv
SYA,SYA,Shenyang,2019,Leave_One_experiments\wth_generated_qc\SYA\SYA2019.WTH,wet_year;nitrogen_stress_year;low_response_year,wet,SYA2019_normal_grid_S0019,pareto_balanced,2019-04-22,112,2,2,"{""sim_day"": 2.0, ""doy"": 112.0, ""topwt"": 0.0, ""grnwt"": 0.0, ""xlai"": 0.0, ""totir"": 0.0, ""tofer"": NaN, ""swfac"": 0.0, ""nstres"": 0.0}",0.0,0.0,0.0,0.0,0.0,0.0,,0.0,0.0,0.0,225.0,46.02278442382813,46.02278442382813,Leave_One_experiments/all_year_offline_schedule_search/daily_outputs/SYA/SYA_2019_SYA2019_normal_grid_S0019_daily.csv
SYA,SYA,Shenyang,2019,Leave_One_experiments\wth_generated_qc\SYA\SYA2019.WTH,wet_year;nitrogen_stress_year;low_response_year,wet,SYA2019_normal_grid_S0019,pareto_balanced,2019-04-23,113,3,3,"{""sim_day"": 3.0, ""doy"": 113.0, ""topwt"": 0.0, ""grnwt"": 0.0, ""xlai"": 0.0, ""totir"": 0.0, ""tofer"": NaN, ""swfac"": 0.0, ""nstres"": 0.0}",0.0,0.0,0.0,0.0,0.0,0.0,,0.0,0.0,0.0,225.0,46.02278442382813,46.02278442382813,Leave_One_experiments/all_year_offline_schedule_search/daily_outputs/SYA/SYA_2019_SYA2019_normal_grid_S0019_daily.csv
SYA,SYA,Shenyang,2019,Leave_One_experiments\wth_generated_qc\SYA\SYA2019.WTH,wet_year;nitrogen_stress_year;low_response_year,wet,SYA2019_normal_grid_S0019,pareto_balanced,2019-04-24,114,4,4,"{""sim_day"": 4.0, ""doy"": 114.0, ""topwt"": 0.0, ""grnwt"": 0.0, ""xlai"": 0.0, ""totir"": 0.0, ""tofer"": NaN, ""swfac"": 0.0, ""nstres"": 0.0}",0.0,0.0,0.0,0.0,0.0,0.0,,0.0,0.0,0.0,225.0,46.02278442382813,46.02278442382813,Leave_One_experiments/all_year_offline_schedule_search/daily_outputs/SYA/SYA_2019_SYA2019_normal_grid_S0019_daily.csv
SYA,SYA,Shenyang,2019,Leave_One_experiments\wth_generated_qc\SYA\SYA2019.WTH,wet_year;nitrogen_stress_year;low_response_year,wet,SYA2019_normal_grid_S0019,pareto_balanced,2019-04-25,115,5,5,"{""sim_day"": 5.0, ""doy"": 115.0, ""topwt"": 0.0, ""grnwt"": 0.0, ""xlai"": 0.0, ""totir"": 0.0, ""tofer"": NaN, ""swfac"": 0.0, ""nstres"": 0.0}",0.0,0.0,0.0,0.0,0.0,0.0,,0.0,0.0,0.0,225.0,46.02278442382813,46.02278442382813,Leave_One_experiments/all_year_offline_schedule_search/daily_outputs/SYA/SYA_2019_SYA2019_normal_grid_S0019_daily.csv
SYA,SYA,Shenyang,2019,Leave_One_experiments\wth_generated_qc\SYA\SYA2019.WTH,wet_year;nitrogen_stress_year;low_response_year,wet,SYA2019_normal_grid_S0019,pareto_balanced,2019-04-21,111,6,1,"{""sim_day"": 6.0, ""doy"": 111.0, ""topwt"": 0.0, ""grnwt"": 0.0, ""xlai"": 0.0, ""totir"": 0.0, ""tofer"": NaN, ""swfac"": 0.0, ""nstres"": 0.0}",0.0,0.0,0.0,0.0,0.0,0.0,,0.0,0.0,0.0,225.0,46.02278442382813,46.02278442382813,Leave_One_experiments/all_year_offline_schedule_search/daily_outputs/SYA/SYA_2019_SYA2019_normal_grid_S0019_daily.csv
SYA,SYA,Shenyang,2019,Leave_One_experiments\wth_generated_qc\SYA\SYA2019.WTH,wet_year;nitrogen_stress_year;low_response_year,wet,SYA2019_normal_grid_S0019,pareto_balanced,2019-04-22,112,7,2,"{""sim_day"": 7.0, ""doy"": 112.0, ""topwt"": 0.0, ""grnwt"": 0.0, ""xlai"": 0.0, ""totir"": 0.0, ""tofer"": NaN, ""swfac"": 0.0, ""nstres"": 0.0}",0.0,0.0,0.0,0.0,0.0,0.0,,0.0,0.0,0.0,225.0,46.02278442382813,46.02278442382813,Leave_One_experiments/all_year_offline_schedule_search/daily_outputs/SYA/SYA_2019_SYA2019_normal_grid_S0019_daily.csv
SYA,SYA,Shenyang,2019,Leave_One_experiments\wth_generated_qc\SYA\SYA2019.WTH,wet_year;nitrogen_stress_year;low_response_year,wet,SYA2019_normal_grid_S0019,pareto_balanced,2019-04-23,113,8,3,"{""sim_day"": 8.0, ""doy"": 113.0, ""topwt"": 0.0, ""grnwt"": 0.0, ""xlai"": 0.0, ""totir"": 0.0, ""tofer"": NaN, ""swfac"": 0.0, ""nstres"": 0.0}",0.0,0.0,0.0,0.0,0.0,0.0,,0.0,0.0,0.0,225.0,46.02278442382813,46.02278442382813,Leave_One_experiments/all_year_offline_schedule_search/daily_outputs/SYA/SYA_2019_SYA2019_normal_grid_S0019_daily.csv
SYA,SYA,Shenyang,2019,Leave_One_experiments\wth_generated_qc\SYA\SYA2019.WTH,wet_year;nitrogen_stress_year;low_response_year,wet,SYA2019_normal_grid_S0019,pareto_balanced,2019-04-24,114,9,4,"{""sim_day"": 9.0, ""doy"": 114.0, ""topwt"": 0.0, ""grnwt"": 0.0, ""xlai"": 0.0, ""totir"": 0.0, ""tofer"": NaN, ""swfac"": 0.0, ""nstres"": 0.0}",0.0,0.0,0.0,0.0,0.0,0.0,,0.0,0.0,0.0,225.0,46.02278442382813,46.02278442382813,Leave_One_experiments/all_year_offline_schedule_search/daily_outputs/SYA/SYA_2019_SYA2019_normal_grid_S0019_daily.csv
SYA,SYA,Shenyang,2019,Leave_One_experiments\wth_generated_qc\SYA\SYA2019.WTH,wet_year;nitrogen_stress_year;low_response_year,wet,SYA2019_normal_grid_S0019,pareto_balanced,2019-04-25,115,10,5,"{""sim_day"": 10.0, ""doy"": 115.0, ""topwt"": 0.0, ""grnwt"": 0.0, ""xlai"": 0.0, ""totir"": 0.0, ""tofer"": NaN, ""swfac"": 0.0, ""nstres"": 0.0}",0.0,0.0,0.0,0.0,0.0,0.0,,0.0,0.0,0.0,225.0,46.02278442382813,46.02278442382813,Leave_One_experiments/all_year_offline_schedule_search/daily_outputs/SYA/SYA_2019_SYA2019_normal_grid_S0019_daily.csv
SYA,SYA,Shenyang,2019,Leave_One_experiments\wth_generated_qc\SYA\SYA2019.WTH,wet_year;nitrogen_stress_year;low_response_year,wet,SYA2019_normal_grid_S0019,pareto_balanced,2019-04-26,116,11,6,"{""sim_day"": 11.0, ""doy"": 116.0, ""topwt"": 0.0, ""grnwt"": 0.0, ""xlai"": 0.0, ""totir"": 0.0, ""tofer"": NaN, ""swfac"": 0.0, ""nstres"": 0.0}",0.0,0.0,0.0,0.0,0.0,0.0,,0.0,0.0,0.0,225.0,46.02278442382813,46.02278442382813,Leave_One_experiments/all_year_offline_schedule_search/daily_outputs/SYA/SYA_2019_SYA2019_normal_grid_S0019_daily.csv
SYA,SYA,Shenyang,2019,Leave_One_experiments\wth_generated_qc\SYA\SYA2019.WTH,wet_year;nitrogen_stress_year;low_response_year,wet,SYA2019_normal_grid_S0019,pareto_balanced,2019-04-27,117,12,7,"{""sim_day"": 12.0, ""doy"": 117.0, ""topwt"": 0.0, ""grnwt"": 0.0, ""xlai"": 0.0, ""totir"": 0.0, ""tofer"": NaN, ""swfac"": 0.0, ""nstres"": 0.0}",0.0,0.0,0.0,0.0,0.0,0.0,,0.0,0.0,0.0,225.0,46.02278442382813,46.02278442382813,Leave_One_experiments/all_year_offline_schedule_search/daily_outputs/SYA/SYA_2019_SYA2019_normal_grid_S0019_daily.csv
SYA,SYA,Shenyang,2019,Leave_One_experiments\wth_generated_qc\SYA\SYA2019.WTH,wet_year;nitrogen_stress_year;low_response_year,wet,SYA2019_normal_grid_S0019,pareto_balanced,2019-04-28,118,13,8,"{""sim_day"": 13.0, ""doy"": 118.0, ""topwt"": 0.0, ""grnwt"": 0.0, ""xlai"": 0.0, ""totir"": 0.0, ""tofer"": NaN, ""swfac"": 0.0, ""nstres"": 0.0}",0.0,0.0,0.0,0.0,0.0,0.0,,0.0,0.0,0.0,225.0,46.02278442382813,46.02278442382813,Leave_One_experiments/all_year_offline_schedule_search/daily_outputs/SYA/SYA_2019_SYA2019_normal_grid_S0019_daily.csv
SYA,SYA,Shenyang,2019,Leave_One_experiments\wth_generated_qc\SYA\SYA2019.WTH,wet_year;nitrogen_stress_year;low_response_year,wet,SYA2019_normal_grid_S0019,pareto_balanced,2019-04-29,119,14,9,"{""sim_day"": 14.0, ""doy"": 119.0, ""topwt"": 0.0, ""grnwt"": 0.0, ""xlai"": 0.0, ""totir"": 0.0, ""tofer"": NaN, ""swfac"": 0.0, ""nstres"": 0.0}",0.0,0.0,0.0,0.0,0.0,0.0,,0.0,0.0,0.0,225.0,46.02278442382813,46.02278442382813,Leave_One_experiments/all_year_offline_schedule_search/daily_outputs/SYA/SYA_2019_SYA2019_normal_grid_S0019_daily.csv
SYA,SYA,Shenyang,2019,Leave_One_experiments\wth_generated_qc\SYA\SYA2019.WTH,wet_year;nitrogen_stress_year;low_response_year,wet,SYA2019_normal_grid_S0019,pareto_balanced,2019-04-30,120,15,10,"{""sim_day"": 15.0, ""doy"": 120.0, ""topwt"": 0.0, ""grnwt"": 0.0, ""xlai"": 0.0, ""totir"": 0.0, ""tofer"": NaN, ""swfac"": 0.0, ""nstres"": 0.0}",0.0,0.0,0.0,0.0,0.0,0.0,,0.0,0.0,0.0,225.0,46.02278442382813,46.02278442382813,Leave_One_experiments/all_year_offline_schedule_search/daily_outputs/SYA/SYA_2019_SYA2019_normal_grid_S0019_daily.csv
SYA,SYA,Shenyang,2019,Leave_One_experiments\wth_generated_qc\SYA\SYA2019.WTH,wet_year;nitrogen_stress_year;low_response_year,wet,SYA2019_normal_grid_S0019,pareto_balanced,2019-05-01,121,16,11,"{""sim_day"": 16.0, ""doy"": 121.0, ""topwt"": 0.0, ""grnwt"": 0.0, ""xlai"": 0.0, ""totir"": 0.0, ""tofer"": NaN, ""swfac"": 0.0, ""nstres"": 0.0}",0.0,0.0,0.0,0.0,0.0,0.0,,0.0,0.0,0.0,225.0,46.02278442382813,46.02278442382813,Leave_One_experiments/all_year_offline_schedule_search/daily_outputs/SYA/SYA_2019_SYA2019_normal_grid_S0019_daily.csv
SYA,SYA,Shenyang,2019,Leave_One_experiments\wth_generated_qc\SYA\SYA2019.WTH,wet_year;nitrogen_stress_year;low_response_year,wet,SYA2019_normal_grid_S0019,pareto_balanced,2019-05-02,122,17,12,"{""sim_day"": 17.0, ""doy"": 122.0, ""topwt"": 17.600001096725464, ""grnwt"": 0.0, ""xlai"": 0.0018816884839907, ""totir"": 0.0, ""tofer"": NaN, ""swfac"": 0.0, ""nstres"": 0.0121910572052001}",0.0,0.0121910572052001,17.600001096725464,0.0,0.0018816884839907,0.0,,0.0,0.0,0.0,225.0,46.02278442382813,46.02278442382813,Leave_One_experiments/all_year_offline_schedule_search/daily_outputs/SYA/SYA_2019_SYA2019_normal_grid_S0019_daily.csv
SYA,SYA,Shenyang,2019,Leave_One_experiments\wth_generated_qc\SYA\SYA2019.WTH,wet_year;nitrogen_stress_year;low_response_year,wet,SYA2019_normal_grid_S0019,pareto_balanced,2019-05-03,123,18,13,"{""sim_day"": 18.0, ""doy"": 123.0, ""topwt"": 17.600001096725464, ""grnwt"": 0.0, ""xlai"": 0.0038882941007614, ""totir"": 0.0, ""tofer"": NaN, ""swfac"": 0.0, ""nstres"": 0.0129578709602355}",0.0,0.0129578709602355,17.600001096725464,0.0,0.0038882941007614,0.0,,0.0,0.0,0.0,225.0,46.02278442382813,46.02278442382813,Leave_One_experiments/all_year_offline_schedule_search/daily_outputs/SYA/SYA_2019_SYA2019_normal_grid_S0019_daily.csv
SYA,SYA,Shenyang,2019,Leave_One_experiments\wth_generated_qc\SYA\SYA2019.WTH,wet_year;nitrogen_stress_year;low_response_year,wet,SYA2019_normal_grid_S0019,pareto_balanced,2019-05-04,124,19,14,"{""sim_day"": 19.0, ""doy"": 124.0, ""topwt"": 17.600001096725464, ""grnwt"": 0.0, ""xlai"": 0.0048435046337544, ""totir"": 0.0, ""tofer"": NaN, ""swfac"": 0.0, ""nstres"": 0.010186493396759}",0.0,0.010186493396759,17.600001096725464,0.0,0.0048435046337544,0.0,,0.0,0.0,0.0,225.0,46.02278442382813,46.02278442382813,Leave_One_experiments/all_year_offline_schedule_search/daily_outputs/SYA/SYA_2019_SYA2019_normal_grid_S0019_daily.csv
SYA,SYA,Shenyang,2019,Leave_One_experiments\wth_generated_qc\SYA\SYA2019.WTH,wet_year;nitrogen_stress_year;low_response_year,wet,SYA2019_normal_grid_S0019,pareto_balanced,2019-05-05,125,20,15,"{""sim_day"": 20.0, ""doy"": 125.0, ""topwt"": 17.600001096725464, ""grnwt"": 0.0, ""xlai"": 0.0045714383013546, ""totir"": 0.0, ""tofer"": NaN, ""swfac"": 0.0, ""nstres"": 0.00821053981781}",0.0,0.00821053981781,17.600001096725464,0.0,0.0045714383013546,0.0,,0.0,0.0,0.0,225.0,46.02278442382813,46.02278442382813,Leave_One_experiments/all_year_offline_schedule_search/daily_outputs/SYA/SYA_2019_SYA2019_normal_grid_S0019_daily.csv
SYA,SYA,Shenyang,2019,Leave_One_experiments\wth_generated_qc\SYA\SYA2019.WTH,wet_year;nitrogen_stress_year;low_response_year,wet,SYA2019_normal_grid_S0019,pareto_balanced,2019-05-06,126,21,16,"{""sim_day"": 21.0, ""doy"": 126.0, ""topwt"": 17.600001096725464, ""grnwt"": 0.0, ""xlai"": 0.0060164402239024, ""totir"": 0.0, ""tofer"": NaN, ""swfac"": 0.0, ""nstres"": 0.0044573545455932}",0.0,0.0044573545455932,17.600001096725464,0.0,0.0060164402239024,0.0,,0.0,0.0,0.0,225.0,46.02278442382813,46.02278442382813,Leave_One_experiments/all_year_offline_schedule_search/daily_outputs/SYA/SYA_2019_SYA2019_normal_grid_S0019_daily.csv
SYA,SYA,Shenyang,2019,Leave_One_experiments\wth_generated_qc\SYA\SYA2019.WTH,wet_year;nitrogen_stress_year;low_response_year,wet,SYA2019_normal_grid_S0019,pareto_balanced,2019-05-07,127,22,17,"{""sim_day"": 22.0, ""doy"": 127.0, ""topwt"": 17.600001096725464, ""grnwt"": 0.0, ""xlai"": 0.0082276863977313, ""totir"": 0.0, ""tofer"": NaN, ""swfac"": 0.0, ""nstres"": 0.0}",0.0,0.0,17.600001096725464,0.0,0.0082276863977313,0.0,,0.0,0.0,0.0,225.0,46.02278442382813,46.02278442382813,Leave_One_experiments/all_year_offline_schedule_search/daily_outputs/SYA/SYA_2019_SYA2019_normal_grid_S0019_daily.csv
SYA,SYA,Shenyang,2019,Leave_One_experiments\wth_generated_qc\SYA\SYA2019.WTH,wet_year;nitrogen_stress_year;low_response_year,wet,SYA2019_normal_grid_S0019,pareto_balanced,2019-05-08,128,23,18,"{""sim_day"": 23.0, ""doy"": 128.0, ""topwt"": 17.600001096725464, ""grnwt"": 0.0, ""xlai"": 0.0102919023483991, ""totir"": 0.0, ""tofer"": NaN, ""swfac"": 0.0, ""nstres"": 0.0}",0.0,0.0,17.600001096725464,0.0,0.0102919023483991,0.0,,0.0,0.0,0.0,225.0,46.02278442382813,46.02278442382813,Leave_One_experiments/all_year_offline_schedule_search/daily_outputs/SYA/SYA_2019_SYA2019_normal_grid_S0019_daily.csv
SYA,SYA,Shenyang,2019,Leave_One_experiments\wth_generated_qc\SYA\SYA2019.WTH,wet_year;nitrogen_stress_year;low_response_year,wet,SYA2019_normal_grid_S0019,pareto_balanced,2019-05-09,129,24,19,"{""sim_day"": 24.0, ""doy"": 129.0, ""topwt"": 17.600001096725464, ""grnwt"": 0.0, ""xlai"": 0.0185200236737728, ""totir"": 0.0, ""tofer"": NaN, ""swfac"": 0.0, ""nstres"": 0.0}",0.0,0.0,17.600001096725464,0.0,0.0185200236737728,0.0,,0.0,0.0,0.0,225.0,46.02278442382813,46.02278442382813,Leave_One_experiments/all_year_offline_schedule_search/daily_outputs/SYA/SYA_2019_SYA2019_normal_grid_S0019_daily.csv
SYA,SYA,Shenyang,2019,Leave_One_experiments\wth_generated_qc\SYA\SYA2019.WTH,wet_year;nitrogen_stress_year;low_response_year,wet,SYA2019_normal_grid_S0019,pareto_balanced,2019-05-10,130,25,20,"{""sim_day"": 25.0, ""doy"": 130.0, ""topwt"": 17.600001096725464, ""grnwt"": 0.0, ""xlai"": 0.0275911893695592, ""totir"": 0.0, ""tofer"": NaN, ""swfac"": 0.0, ""nstres"": 0.0}",0.0,0.0,17.600001096725464,0.0,0.0275911893695592,0.0,,0.0,0.0,0.0,225.0,46.02278442382813,46.02278442382813,Leave_One_experiments/all_year_offline_schedule_search/daily_outputs/SYA/SYA_2019_SYA2019_normal_grid_S0019_daily.csv
SYA,SYA,Shenyang,2019,Leave_One_experiments\wth_generated_qc\SYA\SYA2019.WTH,wet_year;nitrogen_stress_year;low_response_year,wet,SYA2019_normal_grid_S0019,pareto_balanced,2019-05-11,131,26,21,"{""sim_day"": 26.0, ""doy"": 131.0, ""topwt"": 19.92213487625122, ""grnwt"": 0.0, ""xlai"": 0.0358001440763473, ""totir"": 0.0, ""tofer"": NaN, ""swfac"": 0.0, ""nstres"": 0.0}",0.0,0.0,19.92213487625122,0.0,0.0358001440763473,0.0,,0.0,0.0,0.0,225.0,46.02278442382813,46.02278442382813,Leave_One_experiments/all_year_offline_schedule_search/daily_outputs/SYA/SYA_2019_SYA2019_normal_grid_S0019_daily.csv
SYA,SYA,Shenyang,2019,Leave_One_experiments\wth_generated_qc\SYA\SYA2019.WTH,wet_year;nitrogen_stress_year;low_response_year,wet,SYA2019_normal_grid_S0019,pareto_balanced,2019-05-12,132,27,22,"{""sim_day"": 27.0, ""doy"": 132.0, ""topwt"": 22.41192579269409, ""grnwt"": 0.0, ""xlai"": 0.0422624759376049, ""totir"": 0.0, ""tofer"": NaN, ""swfac"": 0.0, ""nstres"": 0.0}",0.0,0.0,22.41192579269409,0.0,0.0422624759376049,0.0,,0.0,0.0,0.0,225.0,46.02278442382813,46.02278442382813,Leave_One_experiments/all_year_offline_schedule_search/daily_outputs/SYA/SYA_2019_SYA2019_normal_grid_S0019_daily.csv
SYA,SYA,Shenyang,2019,Leave_One_experiments\wth_generated_qc\SYA\SYA2019.WTH,wet_year;nitrogen_stress_year;low_response_year,wet,SYA2019_normal_grid_S0019,pareto_balanced,2019-05-13,133,28,23,"{""sim_day"": 28.0, ""doy"": 133.0, ""topwt"": 26.370415687561035, ""grnwt"": 0.0, ""xlai"": 0.052076730877161, ""totir"": 0.0, ""tofer"": NaN, ""swfac"": 0.0, ""nstres"": 0.0}",0.0,0.0,26.370415687561035,0.0,0.052076730877161,0.0,,0.0,0.0,0.0,225.0,46.02278442382813,46.02278442382813,Leave_One_experiments/all_year_offline_schedule_search/daily_outputs/SYA/SYA_2019_SYA2019_normal_grid_S0019_daily.csv
SYA,SYA,Shenyang,2019,Leave_One_experiments\wth_generated_qc\SYA\SYA2019.WTH,wet_year;nitrogen_stress_year;low_response_year,wet,SYA2019_normal_grid_S0019,pareto_balanced,2019-05-14,134,29,24,"{""sim_day"": 29.0, ""doy"": 134.0, ""topwt"": 31.26382827758789, ""grnwt"": 0.0, ""xlai"": 0.0636210367083549, ""totir"": 0.0, ""tofer"": NaN, ""swfac"": 0.0, ""nstres"": 0.0}",0.0,0.0,31.26382827758789,0.0,0.0636210367083549,0.0,,0.0,0.0,0.0,225.0,46.02278442382813,46.02278442382813,Leave_One_experiments/all_year_offline_schedule_search/daily_outputs/SYA/SYA_2019_SYA2019_normal_grid_S0019_daily.csv
SYA,SYA,Shenyang,2019,Leave_One_experiments\wth_generated_qc\SYA\SYA2019.WTH,wet_year;nitrogen_stress_year;low_response_year,wet,SYA2019_normal_grid_S0019,pareto_balanced,2019-05-15,135,30,25,"{""sim_day"": 30.0, ""doy"": 135.0, ""topwt"": 36.523072719573975, ""grnwt"": 0.0, ""xlai"": 0.0752088874578476, ""totir"": 0.0, ""tofer"": NaN, ""swfac"": 0.0, ""nstres"": 0.0}",0.0,0.0,36.523072719573975,0.0,0.0752088874578476,0.0,,0.0,0.0,0.0,225.0,46.02278442382813,46.02278442382813,Leave_One_experiments/all_year_offline_schedule_search/daily_outputs/SYA/SYA_2019_SYA2019_normal_grid_S0019_daily.csv
SYA,SYA,Shenyang,2019,Leave_One_experiments\wth_generated_qc\SYA\SYA2019.WTH,wet_year;nitrogen_stress_year;low_response_year,wet,SYA2019_normal_grid_S0019,pareto_balanced,2019-05-16,136,31,26,"{""sim_day"": 31.0, ""doy"": 136.0, ""topwt"": 43.45870494842529, ""grnwt"": 0.0, ""xlai"": 0.0898030772805213, ""totir"": 0.0, ""tofer"": NaN, ""swfac"": 0.0, ""nstres"": 0.0}",0.0,0.0,43.45870494842529,0.0,0.0898030772805213,0.0,,0.0,0.0,0.0,225.0,46.02278442382813,46.02278442382813,Leave_One_experiments/all_year_offline_schedule_search/daily_outputs/SYA/SYA_2019_SYA2019_normal_grid_S0019_daily.csv
SYA,SYA,Shenyang,2019,Leave_One_experiments\wth_generated_qc\SYA\SYA2019.WTH,wet_year;nitrogen_stress_year;low_response_year,wet,SYA2019_normal_grid_S0019,pareto_balanced,2019-05-17,137,32,27,"{""sim_day"": 32.0, ""doy"": 137.0, ""topwt"": 51.70275688171387, ""grnwt"": 0.0, ""xlai"": 0.1063760817050933, ""totir"": 0.0, ""tofer"": NaN, ""swfac"": 0.0, ""nstres"": 0.0}",0.0,0.0,51.70275688171387,0.0,0.1063760817050933,0.0,,0.0,0.0,0.0,225.0,46.02278442382813,46.02278442382813,Leave_One_experiments/all_year_offline_schedule_search/daily_outputs/SYA/SYA_2019_SYA2019_normal_grid_S0019_daily.csv
SYA,SYA,Shenyang,2019,Leave_One_experiments\wth_generated_qc\SYA\SYA2019.WTH,wet_year;nitrogen_stress_year;low_response_year,wet,SYA2019_normal_grid_S0019,pareto_balanced,2019-05-18,138,33,28,"{""sim_day"": 33.0, ""doy"": 138.0, ""topwt"": 56.575613021850586, ""grnwt"": 0.0, ""xlai"": 0.1158513501286506, ""totir"": 0.0, ""tofer"": NaN, ""swfac"": 0.0, ""nstres"": 0.0}",0.0,0.0,56.575613021850586,0.0,0.1158513501286506,0.0,,0.0,0.0,0.0,225.0,46.02278442382813,46.02278442382813,Leave_One_experiments/all_year_offline_schedule_search/daily_outputs/SYA/SYA_2019_SYA2019_normal_grid_S0019_daily.csv
SYA,SYA,Shenyang,2019,Leave_One_experiments\wth_generated_qc\SYA\SYA2019.WTH,wet_year;nitrogen_stress_year;low_response_year,wet,SYA2019_normal_grid_S0019,pareto_balanced,2019-05-19,139,34,29,"{""sim_day"": 34.0, ""doy"": 139.0, ""topwt"": 61.87967300415039, ""grnwt"": 0.0, ""xlai"": 0.1259369403123855, ""totir"": 0.0, ""tofer"": NaN, ""swfac"": 0.0, ""nstres"": 0.0}",0.0,0.0,61.87967300415039,0.0,0.1259369403123855,0.0,,0.0,0.0,0.0,225.0,46.02278442382813,46.02278442382813,Leave_One_experiments/all_year_offline_schedule_search/daily_outputs/SYA/SYA_2019_SYA2019_normal_grid_S0019_daily.csv
SYA,SYA,Shenyang,2019,Leave_One_experiments\wth_generated_qc\SYA\SYA2019.WTH,wet_year;nitrogen_stress_year;low_response_year,wet,SYA2019_normal_grid_S0019,pareto_balanced,2019-05-20,140,35,30,"{""sim_day"": 35.0, ""doy"": 140.0, ""topwt"": 69.79767322540283, ""grnwt"": 0.0, ""xlai"": 0.1406094133853912, ""totir"": 0.0, ""tofer"": NaN, ""swfac"": 0.0, ""nstres"": 0.0}",0.0,0.0,69.79767322540283,0.0,0.1406094133853912,0.0,,0.0,75.0,0.0,225.0,46.02278442382813,46.02278442382813,Leave_One_experiments/all_year_offline_schedule_search/daily_outputs/SYA/SYA_2019_SYA2019_normal_grid_S0019_daily.csv
SYA,SYA,Shenyang,2019,Leave_One_experiments\wth_generated_qc\SYA\SYA2019.WTH,wet_year;nitrogen_stress_year;low_response_year,wet,SYA2019_normal_grid_S0019,pareto_balanced,2019-05-21,141,36,31,"{""sim_day"": 36.0, ""doy"": 141.0, ""topwt"": 79.79325771331787, ""grnwt"": 0.0, ""xlai"": 0.1585713773965835, ""totir"": 0.0, ""tofer"": NaN, ""swfac"": 0.0, ""nstres"": 0.0}",0.0,0.0,79.79325771331787,0.0,0.1585713773965835,0.0,,0.0,0.0,0.0,225.0,46.02278442382813,46.02278442382813,Leave_One_experiments/all_year_offline_schedule_search/daily_outputs/SYA/SYA_2019_SYA2019_normal_grid_S0019_daily.csv
SYA,SYA,Shenyang,2019,Leave_One_experiments\wth_generated_qc\SYA\SYA2019.WTH,wet_year;nitrogen_stress_year;low_response_year,wet,SYA2019_normal_grid_S0019,pareto_balanced,2019-05-22,142,37,32,"{""sim_day"": 37.0, ""doy"": 142.0, ""topwt"": 91.15038871765135, ""grnwt"": 0.0, ""xlai"": 0.1905020028352737, ""totir"": 0.0, ""tofer"": NaN, ""swfac"": 0.0, ""nstres"": 0.0}",0.0,0.0,91.15038871765135,0.0,0.1905020028352737,0.0,,0.0,0.0,0.0,225.0,46.02278442382813,46.02278442382813,Leave_One_experiments/all_year_offline_schedule_search/daily_outputs/SYA/SYA_2019_SYA2019_normal_grid_S0019_daily.csv
SYA,SYA,Shenyang,2019,Leave_One_experiments\wth_generated_qc\SYA\SYA2019.WTH,wet_year;nitrogen_stress_year;low_response_year,wet,SYA2019_normal_grid_S0019,pareto_balanced,2019-05-23,143,38,33,"{""sim_day"": 38.0, ""doy"": 143.0, ""topwt"": 114.83484268188477, ""grnwt"": 0.0, ""xlai"": 0.2327274829149246, ""totir"": 0.0, ""tofer"": NaN, ""swfac"": 0.0, ""nstres"": 0.0052480697631835}",0.0,0.0052480697631835,114.83484268188477,0.0,0.2327274829149246,0.0,,0.0,0.0,0.0,225.0,46.02278442382813,46.02278442382813,Leave_One_experiments/all_year_offline_schedule_search/daily_outputs/SYA/SYA_2019_SYA2019_normal_grid_S0019_daily.csv
SYA,SYA,Shenyang,2019,Leave_One_experiments\wth_generated_qc\SYA\SYA2019.WTH,wet_year;nitrogen_stress_year;low_response_year,wet,SYA2019_normal_grid_S0019,pareto_balanced,2019-05-24,144,39,34,"{""sim_day"": 39.0, ""doy"": 144.0, ""topwt"": 142.35258102416992, ""grnwt"": 0.0, ""xlai"": 0.2793437540531158, ""totir"": 0.0, ""tofer"": NaN, ""swfac"": 0.0, ""nstres"": 0.0}",0.0,0.0,142.35258102416992,0.0,0.2793437540531158,0.0,,0.0,0.0,0.0,225.0,46.02278442382813,46.02278442382813,Leave_One_experiments/all_year_offline_schedule_search/daily_outputs/SYA/SYA_2019_SYA2019_normal_grid_S0019_daily.csv
SYA,SYA,Shenyang,2019,Leave_One_experiments\wth_generated_qc\SYA\SYA2019.WTH,wet_year;nitrogen_stress_year;low_response_year,wet,SYA2019_normal_grid_S0019,pareto_balanced,2019-05-25,145,40,35,"{""sim_day"": 40.0, ""doy"": 145.0, ""topwt"": 163.98263931274414, ""grnwt"": 0.0, ""xlai"": 0.3145393133163452, ""totir"": 0.0, ""tofer"": NaN, ""swfac"": 0.0, ""nstres"": 0.0}",0.0,0.0,163.98263931274414,0.0,0.3145393133163452,0.0,,0.0,0.0,0.0,225.0,46.02278442382813,46.02278442382813,Leave_One_experiments/all_year_offline_schedule_search/daily_outputs/SYA/SYA_2019_SYA2019_normal_grid_S0019_daily.csv
SYA,SYA,Shenyang,2019,Leave_One_experiments\wth_generated_qc\SYA\SYA2019.WTH,wet_year;nitrogen_stress_year;low_response_year,wet,SYA2019_normal_grid_S0019,pareto_balanced,2019-05-26,146,41,36,"{""sim_day"": 41.0, ""doy"": 146.0, ""topwt"": 178.14031600952148, ""grnwt"": 0.0, ""xlai"": 0.3370001316070556, ""totir"": 0.0, ""tofer"": NaN, ""swfac"": 0.0, ""nstres"": 0.0}",0.0,0.0,178.14031600952148,0.0,0.3370001316070556,0.0,,0.0,0.0,0.0,225.0,46.02278442382813,46.02278442382813,Leave_One_experiments/all_year_offline_schedule_search/daily_outputs/SYA/SYA_2019_SYA2019_normal_grid_S0019_daily.csv
SYA,SYA,Shenyang,2019,Leave_One_experiments\wth_generated_qc\SYA\SYA2019.WTH,wet_year;nitrogen_stress_year;low_response_year,wet,SYA2019_normal_grid_S0019,pareto_balanced,2019-05-27,147,42,37,"{""sim_day"": 42.0, ""doy"": 147.0, ""topwt"": 195.91169357299805, ""grnwt"": 0.0, ""xlai"": 0.3646333515644073, ""totir"": 0.0, ""tofer"": NaN, ""swfac"": 0.0, ""nstres"": 0.0}",0.0,0.0,195.91169357299805,0.0,0.3646333515644073,0.0,,0.0,0.0,0.0,225.0,46.02278442382813,46.02278442382813,Leave_One_experiments/all_year_offline_schedule_search/daily_outputs/SYA/SYA_2019_SYA2019_normal_grid_S0019_daily.csv
SYA,SYA,Shenyang,2019,Leave_One_experiments\wth_generated_qc\SYA\SYA2019.WTH,wet_year;nitrogen_stress_year;low_response_year,wet,SYA2019_normal_grid_S0019,pareto_balanced,2019-05-28,148,43,38,"{""sim_day"": 43.0, ""doy"": 148.0, ""topwt"": 219.21905517578125, ""grnwt"": 0.0, ""xlai"": 0.4000371098518371, ""totir"": 0.0, ""tofer"": NaN, ""swfac"": 0.0, ""nstres"": 0.0}",0.0,0.0,219.21905517578125,0.0,0.4000371098518371,0.0,,0.0,0.0,0.0,225.0,46.02278442382813,46.02278442382813,Leave_One_experiments/all_year_offline_schedule_search/daily_outputs/SYA/SYA_2019_SYA2019_normal_grid_S0019_daily.csv
SYA,SYA,Shenyang,2019,Leave_One_experiments\wth_generated_qc\SYA\SYA2019.WTH,wet_year;nitrogen_stress_year;low_response_year,wet,SYA2019_normal_grid_S0019,pareto_balanced,2019-05-29,149,44,39,"{""sim_day"": 44.0, ""doy"": 149.0, ""topwt"": 240.2536582946777, ""grnwt"": 0.0, ""xlai"": 0.4312646985054016, ""totir"": 0.0, ""tofer"": NaN, ""swfac"": 0.0, ""nstres"": 0.0}",0.0,0.0,240.2536582946777,0.0,0.4312646985054016,0.0,,0.0,0.0,0.0,225.0,46.02278442382813,46.02278442382813,Leave_One_experiments/all_year_offline_schedule_search/daily_outputs/SYA/SYA_2019_SYA2019_normal_grid_S0019_daily.csv
SYA,SYA,Shenyang,2019,Leave_One_experiments\wth_generated_qc\SYA\SYA2019.WTH,wet_year;nitrogen_stress_year;low_response_year,wet,SYA2019_normal_grid_S0019,pareto_balanced,2019-05-30,150,45,40,"{""sim_day"": 45.0, ""doy"": 150.0, ""topwt"": 265.9227752685547, ""grnwt"": 0.0, ""xlai"": 0.4685554504394531, ""totir"": 0.0, ""tofer"": NaN, ""swfac"": 0.0, ""nstres"": 0.0}",0.0,0.0,265.9227752685547,0.0,0.4685554504394531,0.0,,0.0,0.0,0.0,225.0,46.02278442382813,46.02278442382813,Leave_One_experiments/all_year_offline_schedule_search/daily_outputs/SYA/SYA_2019_SYA2019_normal_grid_S0019_daily.csv
SYA,SYA,Shenyang,2019,Leave_One_experiments\wth_generated_qc\SYA\SYA2019.WTH,wet_year;nitrogen_stress_year;low_response_year,wet,SYA2019_normal_grid_S0019,pareto_balanced,2019-05-31,151,46,41,"{""sim_day"": 46.0, ""doy"": 151.0, ""topwt"": 302.9010200500488, ""grnwt"": 0.0, ""xlai"": 0.5208975672721863, ""totir"": 0.0, ""tofer"": NaN, ""swfac"": 0.0, ""nstres"": 0.0}",0.0,0.0,302.9010200500488,0.0,0.5208975672721863,0.0,,0.0,0.0,0.0,225.0,46.02278442382813,46.02278442382813,Leave_One_experiments/all_year_offline_schedule_search/daily_outputs/SYA/SYA_2019_SYA2019_normal_grid_S0019_daily.csv
SYA,SYA,Shenyang,2019,Leave_One_experiments\wth_generated_qc\SYA\SYA2019.WTH,wet_year;nitrogen_stress_year;low_response_year,wet,SYA2019_normal_grid_S0019,pareto_balanced,2019-06-01,152,47,42,"{""sim_day"": 47.0, ""doy"": 152.0, ""topwt"": 339.2037582397461, ""grnwt"": 0.0, ""xlai"": 0.5681731104850769, ""totir"": 0.0, ""tofer"": NaN, ""swfac"": 0.0, ""nstres"": 0.0}",0.0,0.0,339.2037582397461,0.0,0.5681731104850769,0.0,,0.0,0.0,0.0,225.0,46.02278442382813,46.02278442382813,Leave_One_experiments/all_year_offline_schedule_search/daily_outputs/SYA/SYA_2019_SYA2019_normal_grid_S0019_daily.csv
SYA,SYA,Shenyang,2019,Leave_One_experiments\wth_generated_qc\SYA\SYA2019.WTH,wet_year;nitrogen_stress_year;low_response_year,wet,SYA2019_normal_grid_S0019,pareto_balanced,2019-06-02,153,48,43,"{""sim_day"": 48.0, ""doy"": 153.0, ""topwt"": 370.49110412597656, ""grnwt"": 0.0, ""xlai"": 0.6121866106987, ""totir"": 0.0, ""tofer"": NaN, ""swfac"": 0.0, ""nstres"": 0.0}",0.0,0.0,370.49110412597656,0.0,0.6121866106987,0.0,,0.0,0.0,0.0,225.0,46.02278442382813,46.02278442382813,Leave_One_experiments/all_year_offline_schedule_search/daily_outputs/SYA/SYA_2019_SYA2019_normal_grid_S0019_daily.csv
SYA,SYA,Shenyang,2019,Leave_One_experiments\wth_generated_qc\SYA\SYA2019.WTH,wet_year;nitrogen_stress_year;low_response_year,wet,SYA2019_normal_grid_S0019,pareto_balanced,2019-06-03,154,49,44,"{""sim_day"": 49.0, ""doy"": 154.0, ""topwt"": 406.8679428100586, ""grnwt"": 0.0, ""xlai"": 0.662093997001648, ""totir"": 0.0, ""tofer"": NaN, ""swfac"": 0.0, ""nstres"": 0.0}",0.0,0.0,406.8679428100586,0.0,0.662093997001648,0.0,,0.0,0.0,0.0,225.0,46.02278442382813,46.02278442382813,Leave_One_experiments/all_year_offline_schedule_search/daily_outputs/SYA/SYA_2019_SYA2019_normal_grid_S0019_daily.csv
SYA,SYA,Shenyang,2019,Leave_One_experiments\wth_generated_qc\SYA\SYA2019.WTH,wet_year;nitrogen_stress_year;low_response_year,wet,SYA2019_normal_grid_S0019,pareto_balanced,2019-06-04,155,50,45,"{""sim_day"": 50.0, ""doy"": 155.0, ""topwt"": 449.85130310058594, ""grnwt"": 0.0, ""xlai"": 0.7193502187728882, ""totir"": 0.0, ""tofer"": NaN, ""swfac"": 0.0, ""nstres"": 0.0}",0.0,0.0,449.85130310058594,0.0,0.7193502187728882,0.0,,0.0,0.0,0.0,225.0,46.02278442382813,46.02278442382813,Leave_One_experiments/all_year_offline_schedule_search/daily_outputs/SYA/SYA_2019_SYA2019_normal_grid_S0019_daily.csv
SYA,SYA,Shenyang,2019,Leave_One_experiments\wth_generated_qc\SYA\SYA2019.WTH,wet_year;nitrogen_stress_year;low_response_year,wet,SYA2019_normal_grid_S0019,pareto_balanced,2019-06-05,156,51,46,"{""sim_day"": 51.0, ""doy"": 156.0, ""topwt"": 500.0130081176758, ""grnwt"": 0.0, ""xlai"": 0.7839146256446838, ""totir"": 0.0, ""tofer"": NaN, ""swfac"": 0.0, ""nstres"": 0.0}",0.0,0.0,500.0130081176758,0.0,0.7839146256446838,0.0,,0.0,0.0,0.0,225.0,46.02278442382813,46.02278442382813,Leave_One_experiments/all_year_offline_schedule_search/daily_outputs/SYA/SYA_2019_SYA2019_normal_grid_S0019_daily.csv
SYA,SYA,Shenyang,2019,Leave_One_experiments\wth_generated_qc\SYA\SYA2019.WTH,wet_year;nitrogen_stress_year;low_response_year,wet,SYA2019_normal_grid_S0019,pareto_balanced,2019-06-06,157,52,47,"{""sim_day"": 52.0, ""doy"": 157.0, ""topwt"": 561.3619995117188, ""grnwt"": 0.0, ""xlai"": 0.8599513173103333, ""totir"": 0.0, ""tofer"": NaN, ""swfac"": 0.0, ""nstres"": 0.0}",0.0,0.0,561.3619995117188,0.0,0.8599513173103333,0.0,,0.0,0.0,0.0,225.0,46.02278442382813,46.02278442382813,Leave_One_experiments/all_year_offline_schedule_search/daily_outputs/SYA/SYA_2019_SYA2019_normal_grid_S0019_daily.csv
SYA,SYA,Shenyang,2019,Leave_One_experiments\wth_generated_qc\SYA\SYA2019.WTH,wet_year;nitrogen_stress_year;low_response_year,wet,SYA2019_normal_grid_S0019,pareto_balanced,2019-06-07,158,53,48,"{""sim_day"": 53.0, ""doy"": 158.0, ""topwt"": 623.5094833374023, ""grnwt"": 0.0, ""xlai"": 0.9339933395385742, ""totir"": 0.0, ""tofer"": NaN, ""swfac"": 0.0, ""nstres"": 0.0}",0.0,0.0,623.5094833374023,0.0,0.9339933395385742,0.0,,0.0,0.0,0.0,225.0,46.02278442382813,46.02278442382813,Leave_One_experiments/all_year_offline_schedule_search/daily_outputs/SYA/SYA_2019_SYA2019_normal_grid_S0019_daily.csv
SYA,SYA,Shenyang,2019,Leave_One_experiments\wth_generated_qc\SYA\SYA2019.WTH,wet_year;nitrogen_stress_year;low_response_year,wet,SYA2019_normal_grid_S0019,pareto_balanced,2019-06-08,159,54,49,"{""sim_day"": 54.0, ""doy"": 159.0, ""topwt"": 670.0341033935547, ""grnwt"": 0.0, ""xlai"": 0.9876981377601624, ""totir"": 0.0, ""tofer"": NaN, ""swfac"": 0.0, ""nstres"": 0.0}",0.0,0.0,670.0341033935547,0.0,0.9876981377601624,0.0,,0.0,0.0,0.0,225.0,46.02278442382813,46.02278442382813,Leave_One_experiments/all_year_offline_schedule_search/daily_outputs/SYA/SYA_2019_SYA2019_normal_grid_S0019_daily.csv
SYA,SYA,Shenyang,2019,Leave_One_experiments\wth_generated_qc\SYA\SYA2019.WTH,wet_year;nitrogen_stress_year;low_response_year,wet,SYA2019_normal_grid_S0019,pareto_balanced,2019-06-09,160,55,50,"{""sim_day"": 55.0, ""doy"": 160.0, ""topwt"": 727.89794921875, ""grnwt"": 0.0, ""xlai"": 1.0522712469100952, ""totir"": 0.0, ""tofer"": NaN, ""swfac"": 0.0, ""nstres"": 0.0}",0.0,0.0,727.89794921875,0.0,1.0522712469100952,0.0,,0.0,0.0,0.0,225.0,46.02278442382813,46.02278442382813,Leave_One_experiments/all_year_offline_schedule_search/daily_outputs/SYA/SYA_2019_SYA2019_normal_grid_S0019_daily.csv
SYA,SYA,Shenyang,2019,Leave_One_experiments\wth_generated_qc\SYA\SYA2019.WTH,wet_year;nitrogen_stress_year;low_response_year,wet,SYA2019_normal_grid_S0019,pareto_balanced,2019-06-10,161,56,51,"{""sim_day"": 56.0, ""doy"": 161.0, ""topwt"": 789.1329956054688, ""grnwt"": 0.0, ""xlai"": 1.1181560754776, ""totir"": 0.0, ""tofer"": NaN, ""swfac"": 0.0, ""nstres"": 0.0}",0.0,0.0,789.1329956054688,0.0,1.1181560754776,0.0,,0.0,0.0,0.0,225.0,46.02278442382813,46.02278442382813,Leave_One_experiments/all_year_offline_schedule_search/daily_outputs/SYA/SYA_2019_SYA2019_normal_grid_S0019_daily.csv
SYA,SYA,Shenyang,2019,Leave_One_experiments\wth_generated_qc\SYA\SYA2019.WTH,wet_year;nitrogen_stress_year;low_response_year,wet,SYA2019_normal_grid_S0019,pareto_balanced,2019-06-11,162,57,52,"{""sim_day"": 57.0, ""doy"": 162.0, ""topwt"": 868.2275390625, ""grnwt"": 0.0, ""xlai"": 1.199547529220581, ""totir"": 0.0, ""tofer"": NaN, ""swfac"": 0.0, ""nstres"": 0.0}",0.0,0.0,868.2275390625,0.0,1.199547529220581,0.0,,0.0,0.0,0.0,225.0,46.02278442382813,46.02278442382813,Leave_One_experiments/all_year_offline_schedule_search/daily_outputs/SYA/SYA_2019_SYA2019_normal_grid_S0019_daily.csv
SYA,SYA,Shenyang,2019,Leave_One_experiments\wth_generated_qc\SYA\SYA2019.WTH,wet_year;nitrogen_stress_year;low_response_year,wet,SYA2019_normal_grid_S0019,pareto_balanced,2019-06-12,163,58,53,"{""sim_day"": 58.0, ""doy"": 163.0, ""topwt"": 938.1455993652344, ""grnwt"": 0.0, ""xlai"": 1.26857328414917, ""totir"": 0.0, ""tofer"": NaN, ""swfac"": 0.0, ""nstres"": 0.0}",0.0,0.0,938.1455993652344,0.0,1.26857328414917,0.0,,0.0,0.0,0.0,225.0,46.02278442382813,46.02278442382813,Leave_One_experiments/all_year_offline_schedule_search/daily_outputs/SYA/SYA_2019_SYA2019_normal_grid_S0019_daily.csv
SYA,SYA,Shenyang,2019,Leave_One_experiments\wth_generated_qc\SYA\SYA2019.WTH,wet_year;nitrogen_stress_year;low_response_year,wet,SYA2019_normal_grid_S0019,pareto_balanced,2019-06-13,164,59,54,"{""sim_day"": 59.0, ""doy"": 164.0, ""topwt"": 1007.8874969482422, ""grnwt"": 0.0, ""xlai"": 1.3347666263580322, ""totir"": 0.0, ""tofer"": NaN, ""swfac"": 0.0, ""nstres"": 0.0}",0.0,0.0,1007.8874969482422,0.0,1.3347666263580322,0.0,,0.0,0.0,0.0,225.0,46.02278442382813,46.02278442382813,Leave_One_experiments/all_year_offline_schedule_search/daily_outputs/SYA/SYA_2019_SYA2019_normal_grid_S0019_daily.csv
SYA,SYA,Shenyang,2019,Leave_One_experiments\wth_generated_qc\SYA\SYA2019.WTH,wet_year;nitrogen_stress_year;low_response_year,wet,SYA2019_normal_grid_S0019,pareto_balanced,2019-06-14,165,60,55,"{""sim_day"": 60.0, ""doy"": 165.0, ""topwt"": 1066.4503479003906, ""grnwt"": 0.0, ""xlai"": 1.388519287109375, ""totir"": 0.0, ""tofer"": NaN, ""swfac"": 0.0, ""nstres"": 0.0}",0.0,0.0,1066.4503479003906,0.0,1.388519287109375,0.0,,0.0,0.0,0.0,225.0,46.02278442382813,46.02278442382813,Leave_One_experiments/all_year_offline_schedule_search/daily_outputs/SYA/SYA_2019_SYA2019_normal_grid_S0019_daily.csv
SYA,SYA,Shenyang,2019,Leave_One_experiments\wth_generated_qc\SYA\SYA2019.WTH,wet_year;nitrogen_stress_year;low_response_year,wet,SYA2019_normal_grid_S0019,pareto_balanced,2019-06-15,166,61,56,"{""sim_day"": 61.0, ""doy"": 166.0, ""topwt"": 1130.2565002441406, ""grnwt"": 0.0, ""xlai"": 1.4451310634613037, ""totir"": 0.0, ""tofer"": NaN, ""swfac"": 0.0, ""nstres"": 0.0}",0.0,0.0,1130.2565002441406,0.0,1.4451310634613037,0.0,,0.0,0.0,0.0,225.0,46.02278442382813,46.02278442382813,Leave_One_experiments/all_year_offline_schedule_search/daily_outputs/SYA/SYA_2019_SYA2019_normal_grid_S0019_daily.csv
SYA,SYA,Shenyang,2019,Leave_One_experiments\wth_generated_qc\SYA\SYA2019.WTH,wet_year;nitrogen_stress_year;low_response_year,wet,SYA2019_normal_grid_S0019,pareto_balanced,2019-06-16,167,62,57,"{""sim_day"": 62.0, ""doy"": 167.0, ""topwt"": 1201.9361114501953, ""grnwt"": 0.0, ""xlai"": 1.5064189434051514, ""totir"": 0.0, ""tofer"": NaN, ""swfac"": 0.0, ""nstres"": 0.0}",0.0,0.0,1201.9361114501953,0.0,1.5064189434051514,0.0,,0.0,0.0,0.0,225.0,46.02278442382813,46.02278442382813,Leave_One_experiments/all_year_offline_schedule_search/daily_outputs/SYA/SYA_2019_SYA2019_normal_grid_S0019_daily.csv
SYA,SYA,Shenyang,2019,Leave_One_experiments\wth_generated_qc\SYA\SYA2019.WTH,wet_year;nitrogen_stress_year;low_response_year,wet,SYA2019_normal_grid_S0019,pareto_balanced,2019-06-17,168,63,58,"{""sim_day"": 63.0, ""doy"": 168.0, ""topwt"": 1280.9495544433594, ""grnwt"": 0.0, ""xlai"": 1.571344971656799, ""totir"": 0.0, ""tofer"": NaN, ""swfac"": 0.0, ""nstres"": 0.0}",0.0,0.0,1280.9495544433594,0.0,1.571344971656799,0.0,,0.0,0.0,0.0,225.0,46.02278442382813,46.02278442382813,Leave_One_experiments/all_year_offline_schedule_search/daily_outputs/SYA/SYA_2019_SYA2019_normal_grid_S0019_daily.csv
SYA,SYA,Shenyang,2019,Leave_One_experiments\wth_generated_qc\SYA\SYA2019.WTH,wet_year;nitrogen_stress_year;low_response_year,wet,SYA2019_normal_grid_S0019,pareto_balanced,2019-06-18,169,64,59,"{""sim_day"": 64.0, ""doy"": 169.0, ""topwt"": 1370.7388305664062, ""grnwt"": 0.0, ""xlai"": 1.6419843435287476, ""totir"": 0.0, ""tofer"": NaN, ""swfac"": 0.0, ""nstres"": 0.0}",0.0,0.0,1370.7388305664062,0.0,1.6419843435287476,0.0,,0.0,0.0,0.0,225.0,46.02278442382813,46.02278442382813,Leave_One_experiments/all_year_offline_schedule_search/daily_outputs/SYA/SYA_2019_SYA2019_normal_grid_S0019_daily.csv
SYA,SYA,Shenyang,2019,Leave_One_experiments\wth_generated_qc\SYA\SYA2019.WTH,wet_year;nitrogen_stress_year;low_response_year,wet,SYA2019_normal_grid_S0019,pareto_balanced,2019-06-19,170,65,60,"{""sim_day"": 65.0, ""doy"": 170.0, ""topwt"": 1487.7041625976562, ""grnwt"": 0.0, ""xlai"": 1.7292187213897705, ""totir"": 0.0, ""tofer"": NaN, ""swfac"": 0.0, ""nstres"": 0.0}",0.0,0.0,1487.7041625976562,0.0,1.7292187213897705,0.0,,0.0,75.0,0.0,225.0,46.02278442382813,46.02278442382813,Leave_One_experiments/all_year_offline_schedule_search/daily_outputs/SYA/SYA_2019_SYA2019_normal_grid_S0019_daily.csv
SYA,SYA,Shenyang,2019,Leave_One_experiments\wth_generated_qc\SYA\SYA2019.WTH,wet_year;nitrogen_stress_year;low_response_year,wet,SYA2019_normal_grid_S0019,pareto_balanced,2019-06-20,171,66,61,"{""sim_day"": 66.0, ""doy"": 171.0, ""topwt"": 1582.7587890625, ""grnwt"": 0.0, ""xlai"": 1.7970143556594849, ""totir"": 0.0, ""tofer"": NaN, ""swfac"": 0.0, ""nstres"": 0.0}",0.0,0.0,1582.7587890625,0.0,1.7970143556594849,0.0,,0.0,0.0,0.0,225.0,46.02278442382813,46.02278442382813,Leave_One_experiments/all_year_offline_schedule_search/daily_outputs/SYA/SYA_2019_SYA2019_normal_grid_S0019_daily.csv
SYA,SYA,Shenyang,2019,Leave_One_experiments\wth_generated_qc\SYA\SYA2019.WTH,wet_year;nitrogen_stress_year;low_response_year,wet,SYA2019_normal_grid_S0019,pareto_balanced,2019-06-21,172,67,62,"{""sim_day"": 67.0, ""doy"": 172.0, ""topwt"": 1685.5551147460938, ""grnwt"": 0.0, ""xlai"": 1.867150902748108, ""totir"": 0.0, ""tofer"": NaN, ""swfac"": 0.0, ""nstres"": 0.0}",0.0,0.0,1685.5551147460938,0.0,1.867150902748108,0.0,,0.0,0.0,0.0,225.0,46.02278442382813,46.02278442382813,Leave_One_experiments/all_year_offline_schedule_search/daily_outputs/SYA/SYA_2019_SYA2019_normal_grid_S0019_daily.csv
SYA,SYA,Shenyang,2019,Leave_One_experiments\wth_generated_qc\SYA\SYA2019.WTH,wet_year;nitrogen_stress_year;low_response_year,wet,SYA2019_normal_grid_S0019,pareto_balanced,2019-06-22,173,68,63,"{""sim_day"": 68.0, ""doy"": 173.0, ""topwt"": 1804.6722412109373, ""grnwt"": 0.0, ""xlai"": 1.9445627927780151, ""totir"": 0.0, ""tofer"": NaN, ""swfac"": 0.0, ""nstres"": 0.0}",0.0,0.0,1804.6722412109373,0.0,1.9445627927780151,0.0,,0.0,0.0,0.0,225.0,46.02278442382813,46.02278442382813,Leave_One_experiments/all_year_offline_schedule_search/daily_outputs/SYA/SYA_2019_SYA2019_normal_grid_S0019_daily.csv
SYA,SYA,Shenyang,2019,Leave_One_experiments\wth_generated_qc\SYA\SYA2019.WTH,wet_year;nitrogen_stress_year;low_response_year,wet,SYA2019_normal_grid_S0019,pareto_balanced,2019-06-23,174,69,64,"{""sim_day"": 69.0, ""doy"": 174.0, ""topwt"": 1947.4273681640625, ""grnwt"": 0.0, ""xlai"": 2.032360553741455, ""totir"": 0.0, ""tofer"": NaN, ""swfac"": 0.0, ""nstres"": 0.0}",0.0,0.0,1947.4273681640625,0.0,2.032360553741455,0.0,,0.0,0.0,0.0,225.0,46.02278442382813,46.02278442382813,Leave_One_experiments/all_year_offline_schedule_search/daily_outputs/SYA/SYA_2019_SYA2019_normal_grid_S0019_daily.csv
SYA,SYA,Shenyang,2019,Leave_One_experiments\wth_generated_qc\SYA\SYA2019.WTH,wet_year;nitrogen_stress_year;low_response_year,wet,SYA2019_normal_grid_S0019,pareto_balanced,2019-06-24,175,70,65,"{""sim_day"": 70.0, ""doy"": 175.0, ""topwt"": 2111.0934448242188, ""grnwt"": 0.0, ""xlai"": 2.127170324325561, ""totir"": 0.0, ""tofer"": NaN, ""swfac"": 0.0, ""nstres"": 0.0}",0.0,0.0,2111.0934448242188,0.0,2.127170324325561,0.0,,0.0,0.0,0.0,225.0,46.02278442382813,46.02278442382813,Leave_One_experiments/all_year_offline_schedule_search/daily_outputs/SYA/SYA_2019_SYA2019_normal_grid_S0019_daily.csv
SYA,SYA,Shenyang,2019,Leave_One_experiments\wth_generated_qc\SYA\SYA2019.WTH,wet_year;nitrogen_stress_year;low_response_year,wet,SYA2019_normal_grid_S0019,pareto_balanced,2019-06-25,176,71,66,"{""sim_day"": 71.0, ""doy"": 176.0, ""topwt"": 2270.973052978516, ""grnwt"": 0.0, ""xlai"": 2.2147252559661865, ""totir"": 0.0, ""tofer"": NaN, ""swfac"": 0.0, ""nstres"": 0.0}",0.0,0.0,2270.973052978516,0.0,2.2147252559661865,0.0,,0.0,0.0,0.0,225.0,46.02278442382813,46.02278442382813,Leave_One_experiments/all_year_offline_schedule_search/daily_outputs/SYA/SYA_2019_SYA2019_normal_grid_S0019_daily.csv
SYA,SYA,Shenyang,2019,Leave_One_experiments\wth_generated_qc\SYA\SYA2019.WTH,wet_year;nitrogen_stress_year;low_response_year,wet,SYA2019_normal_grid_S0019,pareto_balanced,2019-06-26,177,72,67,"{""sim_day"": 72.0, ""doy"": 177.0, ""topwt"": 2434.7193908691406, ""grnwt"": 0.0, ""xlai"": 2.299688577651977, ""totir"": 0.0, ""tofer"": NaN, ""swfac"": 0.0, ""nstres"": 0.0}",0.0,0.0,2434.7193908691406,0.0,2.299688577651977,0.0,,0.0,0.0,0.0,225.0,46.02278442382813,46.02278442382813,Leave_One_experiments/all_year_offline_schedule_search/daily_outputs/SYA/SYA_2019_SYA2019_normal_grid_S0019_daily.csv
SYA,SYA,Shenyang,2019,Leave_One_experiments\wth_generated_qc\SYA\SYA2019.WTH,wet_year;nitrogen_stress_year;low_response_year,wet,SYA2019_normal_grid_S0019,pareto_balanced,2019-06-27,178,73,68,"{""sim_day"": 73.0, ""doy"": 178.0, ""topwt"": 2517.4009704589844, ""grnwt"": 0.0, ""xlai"": 2.340531349182129, ""totir"": 0.0, ""tofer"": NaN, ""swfac"": 0.0, ""nstres"": 0.0}",0.0,0.0,2517.4009704589844,0.0,2.340531349182129,0.0,,0.0,0.0,0.0,225.0,46.02278442382813,46.02278442382813,Leave_One_experiments/all_year_offline_schedule_search/daily_outputs/SYA/SYA_2019_SYA2019_normal_grid_S0019_daily.csv
SYA,SYA,Shenyang,2019,Leave_One_experiments\wth_generated_qc\SYA\SYA2019.WTH,wet_year;nitrogen_stress_year;low_response_year,wet,SYA2019_normal_grid_S0019,pareto_balanced,2019-06-28,179,74,69,"{""sim_day"": 74.0, ""doy"": 179.0, ""topwt"": 2606.952514648437, ""grnwt"": 0.0, ""xlai"": 2.3831069469451904, ""totir"": 0.0, ""tofer"": NaN, ""swfac"": 0.0, ""nstres"": 0.0}",0.0,0.0,2606.952514648437,0.0,2.3831069469451904,0.0,,0.0,0.0,0.0,225.0,46.02278442382813,46.02278442382813,Leave_One_experiments/all_year_offline_schedule_search/daily_outputs/SYA/SYA_2019_SYA2019_normal_grid_S0019_daily.csv
SYA,SYA,Shenyang,2019,Leave_One_experiments\wth_generated_qc\SYA\SYA2019.WTH,wet_year;nitrogen_stress_year;low_response_year,wet,SYA2019_normal_grid_S0019,pareto_balanced,2019-06-29,180,75,70,"{""sim_day"": 75.0, ""doy"": 180.0, ""topwt"": 3013.2498168945312, ""grnwt"": 0.0, ""xlai"": 2.7051141262054443, ""totir"": 0.0, ""tofer"": NaN, ""swfac"": 0.0, ""nstres"": 0.0}",0.0,0.0,3013.2498168945312,0.0,2.7051141262054443,0.0,,0.0,0.0,0.0,225.0,46.02278442382813,46.02278442382813,Leave_One_experiments/all_year_offline_schedule_search/daily_outputs/SYA/SYA_2019_SYA2019_normal_grid_S0019_daily.csv
SYA,SYA,Shenyang,2019,Leave_One_experiments\wth_generated_qc\SYA\SYA2019.WTH,wet_year;nitrogen_stress_year;low_response_year,wet,SYA2019_normal_grid_S0019,pareto_balanced,2019-06-30,181,76,71,"{""sim_day"": 76.0, ""doy"": 181.0, ""topwt"": 3250.4379272460938, ""grnwt"": 0.0, ""xlai"": 2.8316972255706787, ""totir"": 0.0, ""tofer"": NaN, ""swfac"": 0.0, ""nstres"": 0.0}",0.0,0.0,3250.4379272460938,0.0,2.8316972255706787,0.0,,0.0,0.0,0.0,225.0,46.02278442382813,46.02278442382813,Leave_One_experiments/all_year_offline_schedule_search/daily_outputs/SYA/SYA_2019_SYA2019_normal_grid_S0019_daily.csv
SYA,SYA,Shenyang,2019,Leave_One_experiments\wth_generated_qc\SYA\SYA2019.WTH,wet_year;nitrogen_stress_year;low_response_year,wet,SYA2019_normal_grid_S0019,pareto_balanced,2019-07-01,182,77,72,"{""sim_day"": 77.0, ""doy"": 182.0, ""topwt"": 3487.006225585937, ""grnwt"": 0.0, ""xlai"": 2.936413288116455, ""totir"": 0.0, ""tofer"": NaN, ""swfac"": 0.0, ""nstres"": 0.0}",0.0,0.0,3487.006225585937,0.0,2.936413288116455,0.0,,0.0,0.0,0.0,225.0,46.02278442382813,46.02278442382813,Leave_One_experiments/all_year_offline_schedule_search/daily_outputs/SYA/SYA_2019_SYA2019_normal_grid_S0019_daily.csv
SYA,SYA,Shenyang,2019,Leave_One_experiments\wth_generated_qc\SYA\SYA2019.WTH,wet_year;nitrogen_stress_year;low_response_year,wet,SYA2019_normal_grid_S0019,pareto_balanced,2019-07-02,183,78,73,"{""sim_day"": 78.0, ""doy"": 183.0, ""topwt"": 3717.132568359375, ""grnwt"": 0.0, ""xlai"": 3.0259859561920166, ""totir"": 0.0, ""tofer"": NaN, ""swfac"": 0.0, ""nstres"": 0.0}",0.0,0.0,3717.132568359375,0.0,3.0259859561920166,0.0,,0.0,0.0,0.0,225.0,46.02278442382813,46.02278442382813,Leave_One_experiments/all_year_offline_schedule_search/daily_outputs/SYA/SYA_2019_SYA2019_normal_grid_S0019_daily.csv
SYA,SYA,Shenyang,2019,Leave_One_experiments\wth_generated_qc\SYA\SYA2019.WTH,wet_year;nitrogen_stress_year;low_response_year,wet,SYA2019_normal_grid_S0019,pareto_balanced,2019-07-03,184,79,74,"{""sim_day"": 79.0, ""doy"": 184.0, ""topwt"": 3953.0474853515625, ""grnwt"": 0.0, ""xlai"": 3.108805894851685, ""totir"": 0.0, ""tofer"": NaN, ""swfac"": 0.0, ""nstres"": 0.0}",0.0,0.0,3953.0474853515625,0.0,3.108805894851685,0.0,,0.0,0.0,0.0,225.0,46.02278442382813,46.02278442382813,Leave_One_experiments/all_year_offline_schedule_search/daily_outputs/SYA/SYA_2019_SYA2019_normal_grid_S0019_daily.csv
SYA,SYA,Shenyang,2019,Leave_One_experiments\wth_generated_qc\SYA\SYA2019.WTH,wet_year;nitrogen_stress_year;low_response_year,wet,SYA2019_normal_grid_S0019,pareto_balanced,2019-07-04,185,80,75,"{""sim_day"": 80.0, ""doy"": 185.0, ""topwt"": 4189.425964355469, ""grnwt"": 0.0, ""xlai"": 3.1850149631500244, ""totir"": 0.0, ""tofer"": NaN, ""swfac"": 0.0, ""nstres"": 0.0}",0.0,0.0,4189.425964355469,0.0,3.1850149631500244,0.0,,0.0,0.0,0.0,225.0,46.02278442382813,46.02278442382813,Leave_One_experiments/all_year_offline_schedule_search/daily_outputs/SYA/SYA_2019_SYA2019_normal_grid_S0019_daily.csv
SYA,SYA,Shenyang,2019,Leave_One_experiments\wth_generated_qc\SYA\SYA2019.WTH,wet_year;nitrogen_stress_year;low_response_year,wet,SYA2019_normal_grid_S0019,pareto_balanced,2019-07-05,186,81,76,"{""sim_day"": 81.0, ""doy"": 186.0, ""topwt"": 4406.52099609375, ""grnwt"": 0.0, ""xlai"": 3.250455379486084, ""totir"": 0.0, ""tofer"": NaN, ""swfac"": 0.0, ""nstres"": 0.0}",0.0,0.0,4406.52099609375,0.0,3.250455379486084,0.0,,0.0,0.0,0.0,225.0,46.02278442382813,46.02278442382813,Leave_One_experiments/all_year_offline_schedule_search/daily_outputs/SYA/SYA_2019_SYA2019_normal_grid_S0019_daily.csv
SYA,SYA,Shenyang,2019,Leave_One_experiments\wth_generated_qc\SYA\SYA2019.WTH,wet_year;nitrogen_stress_year;low_response_year,wet,SYA2019_normal_grid_S0019,pareto_balanced,2019-07-06,187,82,77,"{""sim_day"": 82.0, ""doy"": 187.0, ""topwt"": 4609.143371582031, ""grnwt"": 0.0, ""xlai"": 3.308233499526977, ""totir"": 0.0, ""tofer"": NaN, ""swfac"": 0.0, ""nstres"": 0.0}",0.0,0.0,4609.143371582031,0.0,3.308233499526977,0.0,,0.0,0.0,0.0,225.0,46.02278442382813,46.02278442382813,Leave_One_experiments/all_year_offline_schedule_search/daily_outputs/SYA/SYA_2019_SYA2019_normal_grid_S0019_daily.csv
SYA,SYA,Shenyang,2019,Leave_One_experiments\wth_generated_qc\SYA\SYA2019.WTH,wet_year;nitrogen_stress_year;low_response_year,wet,SYA2019_normal_grid_S0019,pareto_balanced,2019-07-07,188,83,78,"{""sim_day"": 83.0, ""doy"": 188.0, ""topwt"": 4797.0648193359375, ""grnwt"": 0.0, ""xlai"": 3.359375238418579, ""totir"": 0.0, ""tofer"": NaN, ""swfac"": 0.0, ""nstres"": 0.0}",0.0,0.0,4797.0648193359375,0.0,3.359375238418579,0.0,,0.0,0.0,0.0,225.0,46.02278442382813,46.02278442382813,Leave_One_experiments/all_year_offline_schedule_search/daily_outputs/SYA/SYA_2019_SYA2019_normal_grid_S0019_daily.csv
SYA,SYA,Shenyang,2019,Leave_One_experiments\wth_generated_qc\SYA\SYA2019.WTH,wet_year;nitrogen_stress_year;low_response_year,wet,SYA2019_normal_grid_S0019,pareto_balanced,2019-07-08,189,84,79,"{""sim_day"": 84.0, ""doy"": 189.0, ""topwt"": 4996.7431640625, ""grnwt"": 0.0, ""xlai"": 3.4113519191741943, ""totir"": 0.0, ""tofer"": NaN, ""swfac"": 0.0, ""nstres"": 0.0}",0.0,0.0,4996.7431640625,0.0,3.4113519191741943,0.0,,0.0,0.0,0.0,225.0,46.02278442382813,46.02278442382813,Leave_One_experiments/all_year_offline_schedule_search/daily_outputs/SYA/SYA_2019_SYA2019_normal_grid_S0019_daily.csv
SYA,SYA,Shenyang,2019,Leave_One_experiments\wth_generated_qc\SYA\SYA2019.WTH,wet_year;nitrogen_stress_year;low_response_year,wet,SYA2019_normal_grid_S0019,pareto_balanced,2019-07-09,190,85,80,"{""sim_day"": 85.0, ""doy"": 190.0, ""topwt"": 5188.0364990234375, ""grnwt"": 0.0, ""xlai"": 3.459201574325561, ""totir"": 0.0, ""tofer"": NaN, ""swfac"": 0.0, ""nstres"": 0.0}",0.0,0.0,5188.0364990234375,0.0,3.459201574325561,0.0,,0.0,0.0,0.0,225.0,46.02278442382813,46.02278442382813,Leave_One_experiments/all_year_offline_schedule_search/daily_outputs/SYA/SYA_2019_SYA2019_normal_grid_S0019_daily.csv
SYA,SYA,Shenyang,2019,Leave_One_experiments\wth_generated_qc\SYA\SYA2019.WTH,wet_year;nitrogen_stress_year;low_response_year,wet,SYA2019_normal_grid_S0019,pareto_balanced,2019-07-10,191,86,81,"{""sim_day"": 86.0, ""doy"": 191.0, ""topwt"": 5366.56005859375, ""grnwt"": 0.0, ""xlai"": 3.502327919006348, ""totir"": 0.0, ""tofer"": NaN, ""swfac"": 0.0, ""nstres"": 0.0}",0.0,0.0,5366.56005859375,0.0,3.502327919006348,0.0,,0.0,0.0,0.0,225.0,46.02278442382813,46.02278442382813,Leave_One_experiments/all_year_offline_schedule_search/daily_outputs/SYA/SYA_2019_SYA2019_normal_grid_S0019_daily.csv
SYA,SYA,Shenyang,2019,Leave_One_experiments\wth_generated_qc\SYA\SYA2019.WTH,wet_year;nitrogen_stress_year;low_response_year,wet,SYA2019_normal_grid_S0019,pareto_balanced,2019-07-11,192,87,82,"{""sim_day"": 87.0, ""doy"": 192.0, ""topwt"": 5540.19775390625, ""grnwt"": 0.0, ""xlai"": 3.5442280769348145, ""totir"": 0.0, ""tofer"": NaN, ""swfac"": 0.0, ""nstres"": 0.0}",0.0,0.0,5540.19775390625,0.0,3.5442280769348145,0.0,,0.0,0.0,0.0,225.0,46.02278442382813,46.02278442382813,Leave_One_experiments/all_year_offline_schedule_search/daily_outputs/SYA/SYA_2019_SYA2019_normal_grid_S0019_daily.csv
SYA,SYA,Shenyang,2019,Leave_One_experiments\wth_generated_qc\SYA\SYA2019.WTH,wet_year;nitrogen_stress_year;low_response_year,wet,SYA2019_normal_grid_S0019,pareto_balanced,2019-07-12,193,88,83,"{""sim_day"": 88.0, ""doy"": 193.0, ""topwt"": 5724.5843505859375, ""grnwt"": 0.0, ""xlai"": 3.5887045860290527, ""totir"": 0.0, ""tofer"": NaN, ""swfac"": 0.0, ""nstres"": 0.0}",0.0,0.0,5724.5843505859375,0.0,3.5887045860290527,0.0,,0.0,0.0,0.0,225.0,46.02278442382813,46.02278442382813,Leave_One_experiments/all_year_offline_schedule_search/daily_outputs/SYA/SYA_2019_SYA2019_normal_grid_S0019_daily.csv
SYA,SYA,Shenyang,2019,Leave_One_experiments\wth_generated_qc\SYA\SYA2019.WTH,wet_year;nitrogen_stress_year;low_response_year,wet,SYA2019_normal_grid_S0019,pareto_balanced,2019-07-13,194,89,84,"{""sim_day"": 89.0, ""doy"": 194.0, ""topwt"": 5900.167846679688, ""grnwt"": 0.0, ""xlai"": 3.631003856658936, ""totir"": 0.0, ""tofer"": NaN, ""swfac"": 0.0, ""nstres"": 0.0}",0.0,0.0,5900.167846679688,0.0,3.631003856658936,0.0,,0.0,0.0,0.0,225.0,46.02278442382813,46.02278442382813,Leave_One_experiments/all_year_offline_schedule_search/daily_outputs/SYA/SYA_2019_SYA2019_normal_grid_S0019_daily.csv
SYA,SYA,Shenyang,2019,Leave_One_experiments\wth_generated_qc\SYA\SYA2019.WTH,wet_year;nitrogen_stress_year;low_response_year,wet,SYA2019_normal_grid_S0019,pareto_balanced,2019-07-14,195,90,85,"{""sim_day"": 90.0, ""doy"": 195.0, ""topwt"": 6071.964721679688, ""grnwt"": 0.0, ""xlai"": 3.6723482608795166, ""totir"": 0.0, ""tofer"": NaN, ""swfac"": 0.0, ""nstres"": 0.0}",0.0,0.0,6071.964721679688,0.0,3.6723482608795166,0.0,,0.0,0.0,0.0,225.0,46.02278442382813,46.02278442382813,Leave_One_experiments/all_year_offline_schedule_search/daily_outputs/SYA/SYA_2019_SYA2019_normal_grid_S0019_daily.csv
SYA,SYA,Shenyang,2019,Leave_One_experiments\wth_generated_qc\SYA\SYA2019.WTH,wet_year;nitrogen_stress_year;low_response_year,wet,SYA2019_normal_grid_S0019,pareto_balanced,2019-07-15,196,91,86,"{""sim_day"": 91.0, ""doy"": 196.0, ""topwt"": 6265.731201171875, ""grnwt"": 0.0, ""xlai"": 3.718984603881836, ""totir"": 0.0, ""tofer"": NaN, ""swfac"": 0.0, ""nstres"": 0.0}",0.0,0.0,6265.731201171875,0.0,3.718984603881836,0.0,,0.0,0.0,0.0,225.0,46.02278442382813,46.02278442382813,Leave_One_experiments/all_year_offline_schedule_search/daily_outputs/SYA/SYA_2019_SYA2019_normal_grid_S0019_daily.csv
SYA,SYA,Shenyang,2019,Leave_One_experiments\wth_generated_qc\SYA\SYA2019.WTH,wet_year;nitrogen_stress_year;low_response_year,wet,SYA2019_normal_grid_S0019,pareto_balanced,2019-07-16,197,92,87,"{""sim_day"": 92.0, ""doy"": 197.0, ""topwt"": 6457.413330078125, ""grnwt"": 0.0, ""xlai"": 3.7650744915008554, ""totir"": 0.0, ""tofer"": NaN, ""swfac"": 0.0, ""nstres"": 0.0}",0.0,0.0,6457.413330078125,0.0,3.7650744915008554,0.0,,0.0,0.0,0.0,225.0,46.02278442382813,46.02278442382813,Leave_One_experiments/all_year_offline_schedule_search/daily_outputs/SYA/SYA_2019_SYA2019_normal_grid_S0019_daily.csv
SYA,SYA,Shenyang,2019,Leave_One_experiments\wth_generated_qc\SYA\SYA2019.WTH,wet_year;nitrogen_stress_year;low_response_year,wet,SYA2019_normal_grid_S0019,pareto_balanced,2019-07-17,198,93,88,"{""sim_day"": 93.0, ""doy"": 198.0, ""topwt"": 6750.206298828125, ""grnwt"": 0.0, ""xlai"": 3.5932209491729736, ""totir"": 0.0, ""tofer"": NaN, ""swfac"": 0.0, ""nstres"": 0.0}",0.0,0.0,6750.206298828125,0.0,3.5932209491729736,0.0,,0.0,0.0,0.0,225.0,46.02278442382813,46.02278442382813,Leave_One_experiments/all_year_offline_schedule_search/daily_outputs/SYA/SYA_2019_SYA2019_normal_grid_S0019_daily.csv
SYA,SYA,Shenyang,2019,Leave_One_experiments\wth_generated_qc\SYA\SYA2019.WTH,wet_year;nitrogen_stress_year;low_response_year,wet,SYA2019_normal_grid_S0019,pareto_balanced,2019-07-18,199,94,89,"{""sim_day"": 94.0, ""doy"": 199.0, ""topwt"": 7176.007690429688, ""grnwt"": 0.0, ""xlai"": 3.575141429901123, ""totir"": 0.0, ""tofer"": NaN, ""swfac"": 0.0, ""nstres"": 0.0}",0.0,0.0,7176.007690429688,0.0,3.575141429901123,0.0,,0.0,0.0,0.0,225.0,46.02278442382813,46.02278442382813,Leave_One_experiments/all_year_offline_schedule_search/daily_outputs/SYA/SYA_2019_SYA2019_normal_grid_S0019_daily.csv
SYA,SYA,Shenyang,2019,Leave_One_experiments\wth_generated_qc\SYA\SYA2019.WTH,wet_year;nitrogen_stress_year;low_response_year,wet,SYA2019_normal_grid_S0019,pareto_balanced,2019-07-19,200,95,90,"{""sim_day"": 95.0, ""doy"": 200.0, ""topwt"": 7589.26025390625, ""grnwt"": 0.0, ""xlai"": 3.557581663131714, ""totir"": 0.0, ""tofer"": NaN, ""swfac"": 0.0, ""nstres"": 0.0}",0.0,0.0,7589.26025390625,0.0,3.557581663131714,0.0,,0.0,0.0,0.0,225.0,46.02278442382813,46.02278442382813,Leave_One_experiments/all_year_offline_schedule_search/daily_outputs/SYA/SYA_2019_SYA2019_normal_grid_S0019_daily.csv
SYA,SYA,Shenyang,2019,Leave_One_experiments\wth_generated_qc\SYA\SYA2019.WTH,wet_year;nitrogen_stress_year;low_response_year,wet,SYA2019_normal_grid_S0019,pareto_balanced,2019-07-20,201,96,91,"{""sim_day"": 96.0, ""doy"": 201.0, ""topwt"": 7734.4085693359375, ""grnwt"": 0.0, ""xlai"": 3.540022134780884, ""totir"": 0.0, ""tofer"": NaN, ""swfac"": 0.0, ""nstres"": 0.0}",0.0,0.0,7734.4085693359375,0.0,3.540022134780884,0.0,,0.0,0.0,0.0,225.0,46.02278442382813,46.02278442382813,Leave_One_experiments/all_year_offline_schedule_search/daily_outputs/SYA/SYA_2019_SYA2019_normal_grid_S0019_daily.csv
SYA,SYA,Shenyang,2019,Leave_One_experiments\wth_generated_qc\SYA\SYA2019.WTH,wet_year;nitrogen_stress_year;low_response_year,wet,SYA2019_normal_grid_S0019,pareto_balanced,2019-07-21,202,97,92,"{""sim_day"": 97.0, ""doy"": 202.0, ""topwt"": 8136.9598388671875, ""grnwt"": 0.0, ""xlai"": 3.520915031433105, ""totir"": 0.0, ""tofer"": NaN, ""swfac"": 0.0, ""nstres"": 0.0}",0.0,0.0,8136.9598388671875,0.0,3.520915031433105,0.0,,0.0,0.0,0.0,225.0,46.02278442382813,46.02278442382813,Leave_One_experiments/all_year_offline_schedule_search/daily_outputs/SYA/SYA_2019_SYA2019_normal_grid_S0019_daily.csv
SYA,SYA,Shenyang,2019,Leave_One_experiments\wth_generated_qc\SYA\SYA2019.WTH,wet_year;nitrogen_stress_year;low_response_year,wet,SYA2019_normal_grid_S0019,pareto_balanced,2019-07-22,203,98,93,"{""sim_day"": 98.0, ""doy"": 203.0, ""topwt"": 8224.494018554688, ""grnwt"": 0.0, ""xlai"": 3.5028350353240967, ""totir"": 0.0, ""tofer"": NaN, ""swfac"": 0.0, ""nstres"": 0.0}",0.0,0.0,8224.494018554688,0.0,3.5028350353240967,0.0,,0.0,0.0,0.0,225.0,46.02278442382813,46.02278442382813,Leave_One_experiments/all_year_offline_schedule_search/daily_outputs/SYA/SYA_2019_SYA2019_normal_grid_S0019_daily.csv
SYA,SYA,Shenyang,2019,Leave_One_experiments\wth_generated_qc\SYA\SYA2019.WTH,wet_year;nitrogen_stress_year;low_response_year,wet,SYA2019_normal_grid_S0019,pareto_balanced,2019-07-23,204,99,94,"{""sim_day"": 99.0, ""doy"": 204.0, ""topwt"": 8568.764038085938, ""grnwt"": 0.0, ""xlai"": 3.483003854751587, ""totir"": 0.0, ""tofer"": NaN, ""swfac"": 0.0, ""nstres"": 0.0}",0.0,0.0,8568.764038085938,0.0,3.483003854751587,0.0,,0.0,0.0,0.0,225.0,46.02278442382813,46.02278442382813,Leave_One_experiments/all_year_offline_schedule_search/daily_outputs/SYA/SYA_2019_SYA2019_normal_grid_S0019_daily.csv
SYA,SYA,Shenyang,2019,Leave_One_experiments\wth_generated_qc\SYA\SYA2019.WTH,wet_year;nitrogen_stress_year;low_response_year,wet,SYA2019_normal_grid_S0019,pareto_balanced,2019-07-24,205,100,95,"{""sim_day"": 100.0, ""doy"": 205.0, ""topwt"": 8669.502563476562, ""grnwt"": 0.0, ""xlai"": 3.464024543762207, ""totir"": 0.0, ""tofer"": NaN, ""swfac"": 0.0, ""nstres"": 0.0}",0.0,0.0,8669.502563476562,0.0,3.464024543762207,0.0,,0.0,0.0,0.0,225.0,46.02278442382813,46.02278442382813,Leave_One_experiments/all_year_offline_schedule_search/daily_outputs/SYA/SYA_2019_SYA2019_normal_grid_S0019_daily.csv
SYA,SYA,Shenyang,2019,Leave_One_experiments\wth_generated_qc\SYA\SYA2019.WTH,wet_year;nitrogen_stress_year;low_response_year,wet,SYA2019_normal_grid_S0019,pareto_balanced,2019-07-25,206,101,96,"{""sim_day"": 101.0, ""doy"": 206.0, ""topwt"": 9088.298950195312, ""grnwt"": 0.0, ""xlai"": 3.445897102355957, ""totir"": 0.0, ""tofer"": NaN, ""swfac"": 0.0, ""nstres"": 0.0}",0.0,0.0,9088.298950195312,0.0,3.445897102355957,0.0,,0.0,0.0,0.0,225.0,46.02278442382813,46.02278442382813,Leave_One_experiments/all_year_offline_schedule_search/daily_outputs/SYA/SYA_2019_SYA2019_normal_grid_S0019_daily.csv
SYA,SYA,Shenyang,2019,Leave_One_experiments\wth_generated_qc\SYA\SYA2019.WTH,wet_year;nitrogen_stress_year;low_response_year,wet,SYA2019_normal_grid_S0019,pareto_balanced,2019-07-26,207,102,97,"{""sim_day"": 102.0, ""doy"": 207.0, ""topwt"": 9327.635498046877, ""grnwt"": 239.3361854553223, ""xlai"": 3.3804361820220947, ""totir"": 0.0, ""tofer"": NaN, ""swfac"": 0.0, ""nstres"": 0.0}",0.0,0.0,9327.635498046877,239.3361854553223,3.3804361820220947,0.0,,0.0,0.0,0.0,225.0,46.02278442382813,46.02278442382813,Leave_One_experiments/all_year_offline_schedule_search/daily_outputs/SYA/SYA_2019_SYA2019_normal_grid_S0019_daily.csv
SYA,SYA,Shenyang,2019,Leave_One_experiments\wth_generated_qc\SYA\SYA2019.WTH,wet_year;nitrogen_stress_year;low_response_year,wet,SYA2019_normal_grid_S0019,pareto_balanced,2019-07-27,208,103,98,"{""sim_day"": 103.0, ""doy"": 208.0, ""topwt"": 9611.4501953125, ""grnwt"": 523.150749206543, ""xlai"": 3.3701839447021484, ""totir"": 0.0, ""tofer"": NaN, ""swfac"": 0.0, ""nstres"": 0.0}",0.0,0.0,9611.4501953125,523.150749206543,3.3701839447021484,0.0,,0.0,0.0,0.0,225.0,46.02278442382813,46.02278442382813,Leave_One_experiments/all_year_offline_schedule_search/daily_outputs/SYA/SYA_2019_SYA2019_normal_grid_S0019_daily.csv
SYA,SYA,Shenyang,2019,Leave_One_experiments\wth_generated_qc\SYA\SYA2019.WTH,wet_year;nitrogen_stress_year;low_response_year,wet,SYA2019_normal_grid_S0019,pareto_balanced,2019-07-28,209,104,99,"{""sim_day"": 104.0, ""doy"": 209.0, ""topwt"": 9844.432373046877, ""grnwt"": 756.1328887939453, ""xlai"": 3.356818675994873, ""totir"": 0.0, ""tofer"": NaN, ""swfac"": 0.0, ""nstres"": 0.0}",0.0,0.0,9844.432373046877,756.1328887939453,3.356818675994873,0.0,,0.0,0.0,0.0,225.0,46.02278442382813,46.02278442382813,Leave_One_experiments/all_year_offline_schedule_search/daily_outputs/SYA/SYA_2019_SYA2019_normal_grid_S0019_daily.csv
SYA,SYA,Shenyang,2019,Leave_One_experiments\wth_generated_qc\SYA\SYA2019.WTH,wet_year;nitrogen_stress_year;low_response_year,wet,SYA2019_normal_grid_S0019,pareto_balanced,2019-07-29,210,105,100,"{""sim_day"": 105.0, ""doy"": 210.0, ""topwt"": 10155.78125, ""grnwt"": 1067.481689453125, ""xlai"": 3.3421218395233154, ""totir"": 0.0, ""tofer"": NaN, ""swfac"": 0.0, ""nstres"": 0.0}",0.0,0.0,10155.78125,1067.481689453125,3.3421218395233154,0.0,,0.0,0.0,0.0,225.0,46.02278442382813,46.02278442382813,Leave_One_experiments/all_year_offline_schedule_search/daily_outputs/SYA/SYA_2019_SYA2019_normal_grid_S0019_daily.csv
SYA,SYA,Shenyang,2019,Leave_One_experiments\wth_generated_qc\SYA\SYA2019.WTH,wet_year;nitrogen_stress_year;low_response_year,wet,SYA2019_normal_grid_S0019,pareto_balanced,2019-07-30,211,106,101,"{""sim_day"": 106.0, ""doy"": 211.0, ""topwt"": 10454.42138671875, ""grnwt"": 1366.1224365234375, ""xlai"": 3.324554681777954, ""totir"": 0.0, ""tofer"": NaN, ""swfac"": 0.0, ""nstres"": 0.0}",0.0,0.0,10454.42138671875,1366.1224365234375,3.324554681777954,0.0,,0.0,0.0,0.0,225.0,46.02278442382813,46.02278442382813,Leave_One_experiments/all_year_offline_schedule_search/daily_outputs/SYA/SYA_2019_SYA2019_normal_grid_S0019_daily.csv
SYA,SYA,Shenyang,2019,Leave_One_experiments\wth_generated_qc\SYA\SYA2019.WTH,wet_year;nitrogen_stress_year;low_response_year,wet,SYA2019_normal_grid_S0019,pareto_balanced,2019-07-31,212,107,102,"{""sim_day"": 107.0, ""doy"": 212.0, ""topwt"": 10729.764404296877, ""grnwt"": 1641.46484375, ""xlai"": 3.3034956455230717, ""totir"": 0.0, ""tofer"": NaN, ""swfac"": 0.0, ""nstres"": 0.0}",0.0,0.0,10729.764404296877,1641.46484375,3.3034956455230717,0.0,,0.0,0.0,0.0,225.0,46.02278442382813,46.02278442382813,Leave_One_experiments/all_year_offline_schedule_search/daily_outputs/SYA/SYA_2019_SYA2019_normal_grid_S0019_daily.csv
SYA,SYA,Shenyang,2019,Leave_One_experiments\wth_generated_qc\SYA\SYA2019.WTH,wet_year;nitrogen_stress_year;low_response_year,wet,SYA2019_normal_grid_S0019,pareto_balanced,2019-08-01,213,108,103,"{""sim_day"": 108.0, ""doy"": 213.0, ""topwt"": 10936.60888671875, ""grnwt"": 1980.3477478027344, ""xlai"": 3.2821807861328125, ""totir"": 0.0, ""tofer"": NaN, ""swfac"": 0.0, ""nstres"": 0.0}",0.0,0.0,10936.60888671875,1980.3477478027344,3.2821807861328125,0.0,,0.0,0.0,0.0,225.0,46.02278442382813,46.02278442382813,Leave_One_experiments/all_year_offline_schedule_search/daily_outputs/SYA/SYA_2019_SYA2019_normal_grid_S0019_daily.csv
SYA,SYA,Shenyang,2019,Leave_One_experiments\wth_generated_qc\SYA\SYA2019.WTH,wet_year;nitrogen_stress_year;low_response_year,wet,SYA2019_normal_grid_S0019,pareto_balanced,2019-08-02,214,109,104,"{""sim_day"": 109.0, ""doy"": 214.0, ""topwt"": 11234.700927734377, ""grnwt"": 2319.2308044433594, ""xlai"": 3.2606589794158936, ""totir"": 0.0, ""tofer"": NaN, ""swfac"": 0.0, ""nstres"": 0.0}",0.0,0.0,11234.700927734377,2319.2308044433594,3.2606589794158936,0.0,,0.0,0.0,0.0,225.0,46.02278442382813,46.02278442382813,Leave_One_experiments/all_year_offline_schedule_search/daily_outputs/SYA/SYA_2019_SYA2019_normal_grid_S0019_daily.csv
SYA,SYA,Shenyang,2019,Leave_One_experiments\wth_generated_qc\SYA\SYA2019.WTH,wet_year;nitrogen_stress_year;low_response_year,wet,SYA2019_normal_grid_S0019,pareto_balanced,2019-08-03,215,110,105,"{""sim_day"": 110.0, ""doy"": 215.0, ""topwt"": 11567.327880859377, ""grnwt"": 2658.1137084960938, ""xlai"": 3.234648466110229, ""totir"": 0.0, ""tofer"": NaN, ""swfac"": 0.0, ""nstres"": 0.0}",0.0,0.0,11567.327880859377,2658.1137084960938,3.234648466110229,0.0,,0.0,0.0,0.0,225.0,46.02278442382813,46.02278442382813,Leave_One_experiments/all_year_offline_schedule_search/daily_outputs/SYA/SYA_2019_SYA2019_normal_grid_S0019_daily.csv
SYA,SYA,Shenyang,2019,Leave_One_experiments\wth_generated_qc\SYA\SYA2019.WTH,wet_year;nitrogen_stress_year;low_response_year,wet,SYA2019_normal_grid_S0019,pareto_balanced,2019-08-04,216,111,106,"{""sim_day"": 111.0, ""doy"": 216.0, ""topwt"": 11864.354248046877, ""grnwt"": 2996.9967651367188, ""xlai"": 3.205394983291626, ""totir"": 0.0, ""tofer"": NaN, ""swfac"": 0.0, ""nstres"": 0.0}",0.0,0.0,11864.354248046877,2996.9967651367188,3.205394983291626,0.0,,0.0,0.0,0.0,225.0,46.02278442382813,46.02278442382813,Leave_One_experiments/all_year_offline_schedule_search/daily_outputs/SYA/SYA_2019_SYA2019_normal_grid_S0019_daily.csv
SYA,SYA,Shenyang,2019,Leave_One_experiments\wth_generated_qc\SYA\SYA2019.WTH,wet_year;nitrogen_stress_year;low_response_year,wet,SYA2019_normal_grid_S0019,pareto_balanced,2019-08-05,217,112,107,"{""sim_day"": 112.0, ""doy"": 217.0, ""topwt"": 12125.83740234375, ""grnwt"": 3316.817626953125, ""xlai"": 3.1700632572174072, ""totir"": 0.0, ""tofer"": NaN, ""swfac"": 0.0, ""nstres"": 0.0}",0.0,0.0,12125.83740234375,3316.817626953125,3.1700632572174072,0.0,,0.0,0.0,0.0,225.0,46.02278442382813,46.02278442382813,Leave_One_experiments/all_year_offline_schedule_search/daily_outputs/SYA/SYA_2019_SYA2019_normal_grid_S0019_daily.csv
SYA,SYA,Shenyang,2019,Leave_One_experiments\wth_generated_qc\SYA\SYA2019.WTH,wet_year;nitrogen_stress_year;low_response_year,wet,SYA2019_normal_grid_S0019,pareto_balanced,2019-08-06,218,113,108,"{""sim_day"": 113.0, ""doy"": 218.0, ""topwt"": 12386.5869140625, ""grnwt"": 3626.0482788085938, ""xlai"": 3.130310535430908, ""totir"": 0.0, ""tofer"": NaN, ""swfac"": 0.0, ""nstres"": 0.0}",0.0,0.0,12386.5869140625,3626.0482788085938,3.130310535430908,0.0,,0.0,0.0,0.0,225.0,46.02278442382813,46.02278442382813,Leave_One_experiments/all_year_offline_schedule_search/daily_outputs/SYA/SYA_2019_SYA2019_normal_grid_S0019_daily.csv
SYA,SYA,Shenyang,2019,Leave_One_experiments\wth_generated_qc\SYA\SYA2019.WTH,wet_year;nitrogen_stress_year;low_response_year,wet,SYA2019_normal_grid_S0019,pareto_balanced,2019-08-07,219,114,109,"{""sim_day"": 114.0, ""doy"": 219.0, ""topwt"": 12640.7080078125, ""grnwt"": 3964.9313354492183, ""xlai"": 3.0914793014526367, ""totir"": 0.0, ""tofer"": NaN, ""swfac"": 0.0, ""nstres"": 0.0}",0.0,0.0,12640.7080078125,3964.9313354492183,3.0914793014526367,0.0,,0.0,0.0,0.0,225.0,46.02278442382813,46.02278442382813,Leave_One_experiments/all_year_offline_schedule_search/daily_outputs/SYA/SYA_2019_SYA2019_normal_grid_S0019_daily.csv
SYA,SYA,Shenyang,2019,Leave_One_experiments\wth_generated_qc\SYA\SYA2019.WTH,wet_year;nitrogen_stress_year;low_response_year,wet,SYA2019_normal_grid_S0019,pareto_balanced,2019-08-08,220,115,110,"{""sim_day"": 115.0, ""doy"": 220.0, ""topwt"": 12991.478271484377, ""grnwt"": 4303.814697265625, ""xlai"": 3.0471653938293457, ""totir"": 0.0, ""tofer"": NaN, ""swfac"": 0.0, ""nstres"": 0.0}",0.0,0.0,12991.478271484377,4303.814697265625,3.0471653938293457,0.0,,0.0,0.0,0.0,225.0,46.02278442382813,46.02278442382813,Leave_One_experiments/all_year_offline_schedule_search/daily_outputs/SYA/SYA_2019_SYA2019_normal_grid_S0019_daily.csv
SYA,SYA,Shenyang,2019,Leave_One_experiments\wth_generated_qc\SYA\SYA2019.WTH,wet_year;nitrogen_stress_year;low_response_year,wet,SYA2019_normal_grid_S0019,pareto_balanced,2019-08-09,221,116,111,"{""sim_day"": 116.0, ""doy"": 221.0, ""topwt"": 13230.39794921875, ""grnwt"": 4642.69775390625, ""xlai"": 2.997380495071411, ""totir"": 0.0, ""tofer"": NaN, ""swfac"": 0.0, ""nstres"": 0.0}",0.0,0.0,13230.39794921875,4642.69775390625,2.997380495071411,0.0,,0.0,0.0,0.0,225.0,46.02278442382813,46.02278442382813,Leave_One_experiments/all_year_offline_schedule_search/daily_outputs/SYA/SYA_2019_SYA2019_normal_grid_S0019_daily.csv
SYA,SYA,Shenyang,2019,Leave_One_experiments\wth_generated_qc\SYA\SYA2019.WTH,wet_year;nitrogen_stress_year;low_response_year,wet,SYA2019_normal_grid_S0019,pareto_balanced,2019-08-10,222,117,112,"{""sim_day"": 117.0, ""doy"": 222.0, ""topwt"": 13306.505126953123, ""grnwt"": 4981.580810546875, ""xlai"": 2.956992149353028, ""totir"": 0.0, ""tofer"": NaN, ""swfac"": 0.0, ""nstres"": 0.0}",0.0,0.0,13306.505126953123,4981.580810546875,2.956992149353028,0.0,,0.0,0.0,0.0,225.0,46.02278442382813,46.02278442382813,Leave_One_experiments/all_year_offline_schedule_search/daily_outputs/SYA/SYA_2019_SYA2019_normal_grid_S0019_daily.csv
SYA,SYA,Shenyang,2019,Leave_One_experiments\wth_generated_qc\SYA\SYA2019.WTH,wet_year;nitrogen_stress_year;low_response_year,wet,SYA2019_normal_grid_S0019,pareto_balanced,2019-08-11,223,118,113,"{""sim_day"": 118.0, ""doy"": 223.0, ""topwt"": 13587.027587890623, ""grnwt"": 5320.4638671875, ""xlai"": 2.907461643218994, ""totir"": 0.0, ""tofer"": NaN, ""swfac"": 0.0, ""nstres"": 0.0}",0.0,0.0,13587.027587890623,5320.4638671875,2.907461643218994,0.0,,0.0,0.0,0.0,225.0,46.02278442382813,46.02278442382813,Leave_One_experiments/all_year_offline_schedule_search/daily_outputs/SYA/SYA_2019_SYA2019_normal_grid_S0019_daily.csv
SYA,SYA,Shenyang,2019,Leave_One_experiments\wth_generated_qc\SYA\SYA2019.WTH,wet_year;nitrogen_stress_year;low_response_year,wet,SYA2019_normal_grid_S0019,pareto_balanced,2019-08-12,224,119,114,"{""sim_day"": 119.0, ""doy"": 224.0, ""topwt"": 13472.449951171877, ""grnwt"": 5414.7747802734375, ""xlai"": 2.852071523666382, ""totir"": 0.0, ""tofer"": NaN, ""swfac"": 0.0, ""nstres"": 0.0}",0.0,0.0,13472.449951171877,5414.7747802734375,2.852071523666382,0.0,,0.0,0.0,0.0,225.0,46.02278442382813,46.02278442382813,Leave_One_experiments/all_year_offline_schedule_search/daily_outputs/SYA/SYA_2019_SYA2019_normal_grid_S0019_daily.csv
SYA,SYA,Shenyang,2019,Leave_One_experiments\wth_generated_qc\SYA\SYA2019.WTH,wet_year;nitrogen_stress_year;low_response_year,wet,SYA2019_normal_grid_S0019,pareto_balanced,2019-08-13,225,120,115,"{""sim_day"": 120.0, ""doy"": 225.0, ""topwt"": 13541.84326171875, ""grnwt"": 5484.168701171875, ""xlai"": 2.8008217811584477, ""totir"": 0.0, ""tofer"": NaN, ""swfac"": 0.0, ""nstres"": 0.0}",0.0,0.0,13541.84326171875,5484.168701171875,2.8008217811584477,0.0,,0.0,0.0,0.0,225.0,46.02278442382813,46.02278442382813,Leave_One_experiments/all_year_offline_schedule_search/daily_outputs/SYA/SYA_2019_SYA2019_normal_grid_S0019_daily.csv
SYA,SYA,Shenyang,2019,Leave_One_experiments\wth_generated_qc\SYA\SYA2019.WTH,wet_year;nitrogen_stress_year;low_response_year,wet,SYA2019_normal_grid_S0019,pareto_balanced,2019-08-14,226,121,116,"{""sim_day"": 121.0, ""doy"": 226.0, ""topwt"": 13724.64599609375, ""grnwt"": 5666.9708251953125, ""xlai"": 2.7425286769866943, ""totir"": 0.0, ""tofer"": NaN, ""swfac"": 0.0, ""nstres"": 0.0}",0.0,0.0,13724.64599609375,5666.9708251953125,2.7425286769866943,0.0,,0.0,0.0,0.0,225.0,46.02278442382813,46.02278442382813,Leave_One_experiments/all_year_offline_schedule_search/daily_outputs/SYA/SYA_2019_SYA2019_normal_grid_S0019_daily.csv
SYA,SYA,Shenyang,2019,Leave_One_experiments\wth_generated_qc\SYA\SYA2019.WTH,wet_year;nitrogen_stress_year;low_response_year,wet,SYA2019_normal_grid_S0019,pareto_balanced,2019-08-15,227,122,117,"{""sim_day"": 122.0, ""doy"": 227.0, ""topwt"": 14066.4306640625, ""grnwt"": 6005.8538818359375, ""xlai"": 2.679002285003662, ""totir"": 0.0, ""tofer"": NaN, ""swfac"": 0.0, ""nstres"": 0.0}",0.0,0.0,14066.4306640625,6005.8538818359375,2.679002285003662,0.0,,0.0,0.0,0.0,225.0,46.02278442382813,46.02278442382813,Leave_One_experiments/all_year_offline_schedule_search/daily_outputs/SYA/SYA_2019_SYA2019_normal_grid_S0019_daily.csv
SYA,SYA,Shenyang,2019,Leave_One_experiments\wth_generated_qc\SYA\SYA2019.WTH,wet_year;nitrogen_stress_year;low_response_year,wet,SYA2019_normal_grid_S0019,pareto_balanced,2019-08-16,228,123,118,"{""sim_day"": 123.0, ""doy"": 228.0, ""topwt"": 14333.90380859375, ""grnwt"": 6276.2286376953125, ""xlai"": 2.6213743686676025, ""totir"": 0.0, ""tofer"": NaN, ""swfac"": 0.0, ""nstres"": 0.0}",0.0,0.0,14333.90380859375,6276.2286376953125,2.6213743686676025,0.0,,0.0,0.0,0.0,225.0,46.02278442382813,46.02278442382813,Leave_One_experiments/all_year_offline_schedule_search/daily_outputs/SYA/SYA_2019_SYA2019_normal_grid_S0019_daily.csv
SYA,SYA,Shenyang,2019,Leave_One_experiments\wth_generated_qc\SYA\SYA2019.WTH,wet_year;nitrogen_stress_year;low_response_year,wet,SYA2019_normal_grid_S0019,pareto_balanced,2019-08-17,229,124,119,"{""sim_day"": 124.0, ""doy"": 229.0, ""topwt"": 14716.09130859375, ""grnwt"": 6615.1116943359375, ""xlai"": 2.557655096054077, ""totir"": 0.0, ""tofer"": NaN, ""swfac"": 0.0, ""nstres"": 0.0}",0.0,0.0,14716.09130859375,6615.1116943359375,2.557655096054077,0.0,,0.0,0.0,0.0,225.0,46.02278442382813,46.02278442382813,Leave_One_experiments/all_year_offline_schedule_search/daily_outputs/SYA/SYA_2019_SYA2019_normal_grid_S0019_daily.csv
SYA,SYA,Shenyang,2019,Leave_One_experiments\wth_generated_qc\SYA\SYA2019.WTH,wet_year;nitrogen_stress_year;low_response_year,wet,SYA2019_normal_grid_S0019,pareto_balanced,2019-08-18,230,125,120,"{""sim_day"": 125.0, ""doy"": 230.0, ""topwt"": 15105.565185546877, ""grnwt"": 6953.9947509765625, ""xlai"": 2.486809492111206, ""totir"": 0.0, ""tofer"": NaN, ""swfac"": 0.0, ""nstres"": 0.0}",0.0,0.0,15105.565185546877,6953.9947509765625,2.486809492111206,0.0,,0.0,0.0,0.0,225.0,46.02278442382813,46.02278442382813,Leave_One_experiments/all_year_offline_schedule_search/daily_outputs/SYA/SYA_2019_SYA2019_normal_grid_S0019_daily.csv
SYA,SYA,Shenyang,2019,Leave_One_experiments\wth_generated_qc\SYA\SYA2019.WTH,wet_year;nitrogen_stress_year;low_response_year,wet,SYA2019_normal_grid_S0019,pareto_balanced,2019-08-19,231,126,121,"{""sim_day"": 126.0, ""doy"": 231.0, ""topwt"": 15167.6806640625, ""grnwt"": 7110.005493164063, ""xlai"": 2.414370536804199, ""totir"": 0.0, ""tofer"": NaN, ""swfac"": 0.0, ""nstres"": 0.0}",0.0,0.0,15167.6806640625,7110.005493164063,2.414370536804199,0.0,,0.0,0.0,0.0,225.0,46.02278442382813,46.02278442382813,Leave_One_experiments/all_year_offline_schedule_search/daily_outputs/SYA/SYA_2019_SYA2019_normal_grid_S0019_daily.csv
SYA,SYA,Shenyang,2019,Leave_One_experiments\wth_generated_qc\SYA\SYA2019.WTH,wet_year;nitrogen_stress_year;low_response_year,wet,SYA2019_normal_grid_S0019,pareto_balanced,2019-08-20,232,127,122,"{""sim_day"": 127.0, ""doy"": 232.0, ""topwt"": 15553.568115234377, ""grnwt"": 7448.888549804687, ""xlai"": 2.328545331954956, ""totir"": 0.0, ""tofer"": NaN, ""swfac"": 0.0, ""nstres"": 0.0}",0.0,0.0,15553.568115234377,7448.888549804687,2.328545331954956,0.0,,0.0,0.0,0.0,225.0,46.02278442382813,46.02278442382813,Leave_One_experiments/all_year_offline_schedule_search/daily_outputs/SYA/SYA_2019_SYA2019_normal_grid_S0019_daily.csv
SYA,SYA,Shenyang,2019,Leave_One_experiments\wth_generated_qc\SYA\SYA2019.WTH,wet_year;nitrogen_stress_year;low_response_year,wet,SYA2019_normal_grid_S0019,pareto_balanced,2019-08-21,233,128,123,"{""sim_day"": 128.0, ""doy"": 233.0, ""topwt"": 15936.53076171875, ""grnwt"": 7787.771606445312, ""xlai"": 2.252810001373291, ""totir"": 0.0, ""tofer"": NaN, ""swfac"": 0.0, ""nstres"": 0.0}",0.0,0.0,15936.53076171875,7787.771606445312,2.252810001373291,0.0,,0.0,0.0,0.0,225.0,46.02278442382813,46.02278442382813,Leave_One_experiments/all_year_offline_schedule_search/daily_outputs/SYA/SYA_2019_SYA2019_normal_grid_S0019_daily.csv
SYA,SYA,Shenyang,2019,Leave_One_experiments\wth_generated_qc\SYA\SYA2019.WTH,wet_year;nitrogen_stress_year;low_response_year,wet,SYA2019_normal_grid_S0019,pareto_balanced,2019-08-22,234,129,124,"{""sim_day"": 129.0, ""doy"": 234.0, ""topwt"": 16280.478515625, ""grnwt"": 8126.6552734375, ""xlai"": 2.180201530456543, ""totir"": 0.0, ""tofer"": NaN, ""swfac"": 0.0, ""nstres"": 0.0}",0.0,0.0,16280.478515625,8126.6552734375,2.180201530456543,0.0,,0.0,0.0,0.0,225.0,46.02278442382813,46.02278442382813,Leave_One_experiments/all_year_offline_schedule_search/daily_outputs/SYA/SYA_2019_SYA2019_normal_grid_S0019_daily.csv
SYA,SYA,Shenyang,2019,Leave_One_experiments\wth_generated_qc\SYA\SYA2019.WTH,wet_year;nitrogen_stress_year;low_response_year,wet,SYA2019_normal_grid_S0019,pareto_balanced,2019-08-23,235,130,125,"{""sim_day"": 130.0, ""doy"": 235.0, ""topwt"": 16624.68994140625, ""grnwt"": 8465.538330078125, ""xlai"": 2.098351001739502, ""totir"": 0.0, ""tofer"": NaN, ""swfac"": 0.0, ""nstres"": 0.0}",0.0,0.0,16624.68994140625,8465.538330078125,2.098351001739502,0.0,,0.0,0.0,0.0,225.0,46.02278442382813,46.02278442382813,Leave_One_experiments/all_year_offline_schedule_search/daily_outputs/SYA/SYA_2019_SYA2019_normal_grid_S0019_daily.csv
SYA,SYA,Shenyang,2019,Leave_One_experiments\wth_generated_qc\SYA\SYA2019.WTH,wet_year;nitrogen_stress_year;low_response_year,wet,SYA2019_normal_grid_S0019,pareto_balanced,2019-08-24,236,131,126,"{""sim_day"": 131.0, ""doy"": 236.0, ""topwt"": 16987.109375, ""grnwt"": 8804.42138671875, ""xlai"": 2.008575677871704, ""totir"": 0.0, ""tofer"": NaN, ""swfac"": 0.0, ""nstres"": 0.0}",0.0,0.0,16987.109375,8804.42138671875,2.008575677871704,0.0,,0.0,0.0,0.0,225.0,46.02278442382813,46.02278442382813,Leave_One_experiments/all_year_offline_schedule_search/daily_outputs/SYA/SYA_2019_SYA2019_normal_grid_S0019_daily.csv
SYA,SYA,Shenyang,2019,Leave_One_experiments\wth_generated_qc\SYA\SYA2019.WTH,wet_year;nitrogen_stress_year;low_response_year,wet,SYA2019_normal_grid_S0019,pareto_balanced,2019-08-25,237,132,127,"{""sim_day"": 132.0, ""doy"": 237.0, ""topwt"": 17306.60888671875, ""grnwt"": 9143.304443359377, ""xlai"": 1.9020400047302248, ""totir"": 0.0, ""tofer"": NaN, ""swfac"": 0.0, ""nstres"": 0.0}",0.0,0.0,17306.60888671875,9143.304443359377,1.9020400047302248,0.0,,0.0,0.0,0.0,225.0,46.02278442382813,46.02278442382813,Leave_One_experiments/all_year_offline_schedule_search/daily_outputs/SYA/SYA_2019_SYA2019_normal_grid_S0019_daily.csv
SYA,SYA,Shenyang,2019,Leave_One_experiments\wth_generated_qc\SYA\SYA2019.WTH,wet_year;nitrogen_stress_year;low_response_year,wet,SYA2019_normal_grid_S0019,pareto_balanced,2019-08-26,238,133,128,"{""sim_day"": 133.0, ""doy"": 238.0, ""topwt"": 17623.48876953125, ""grnwt"": 9482.1875, ""xlai"": 1.7929785251617432, ""totir"": 0.0, ""tofer"": NaN, ""swfac"": 0.0, ""nstres"": 0.0}",0.0,0.0,17623.48876953125,9482.1875,1.7929785251617432,0.0,,0.0,0.0,0.0,225.0,46.02278442382813,46.02278442382813,Leave_One_experiments/all_year_offline_schedule_search/daily_outputs/SYA/SYA_2019_SYA2019_normal_grid_S0019_daily.csv
SYA,SYA,Shenyang,2019,Leave_One_experiments\wth_generated_qc\SYA\SYA2019.WTH,wet_year;nitrogen_stress_year;low_response_year,wet,SYA2019_normal_grid_S0019,pareto_balanced,2019-08-27,239,134,129,"{""sim_day"": 134.0, ""doy"": 239.0, ""topwt"": 17907.01171875, ""grnwt"": 9821.070556640623, ""xlai"": 1.695611834526062, ""totir"": 0.0, ""tofer"": NaN, ""swfac"": 0.0, ""nstres"": 0.0}",0.0,0.0,17907.01171875,9821.070556640623,1.695611834526062,0.0,,0.0,0.0,0.0,225.0,46.02278442382813,46.02278442382813,Leave_One_experiments/all_year_offline_schedule_search/daily_outputs/SYA/SYA_2019_SYA2019_normal_grid_S0019_daily.csv
SYA,SYA,Shenyang,2019,Leave_One_experiments\wth_generated_qc\SYA\SYA2019.WTH,wet_year;nitrogen_stress_year;low_response_year,wet,SYA2019_normal_grid_S0019,pareto_balanced,2019-08-28,240,135,130,"{""sim_day"": 135.0, ""doy"": 240.0, ""topwt"": 18061.0205078125, ""grnwt"": 10003.348388671877, ""xlai"": 1.617315411567688, ""totir"": 0.0, ""tofer"": NaN, ""swfac"": 0.0, ""nstres"": 0.0}",0.0,0.0,18061.0205078125,10003.348388671877,1.617315411567688,0.0,,0.0,0.0,0.0,225.0,46.02278442382813,46.02278442382813,Leave_One_experiments/all_year_offline_schedule_search/daily_outputs/SYA/SYA_2019_SYA2019_normal_grid_S0019_daily.csv
SYA,SYA,Shenyang,2019,Leave_One_experiments\wth_generated_qc\SYA\SYA2019.WTH,wet_year;nitrogen_stress_year;low_response_year,wet,SYA2019_normal_grid_S0019,pareto_balanced,2019-08-29,241,136,131,"{""sim_day"": 136.0, ""doy"": 241.0, ""topwt"": 18284.949951171875, ""grnwt"": 10227.278442382812, ""xlai"": 1.5317379236221311, ""totir"": 0.0, ""tofer"": NaN, ""swfac"": 0.0, ""nstres"": 0.0061160326004028}",0.0,0.0061160326004028,18284.949951171875,10227.278442382812,1.5317379236221311,0.0,,0.0,0.0,0.0,225.0,46.02278442382813,46.02278442382813,Leave_One_experiments/all_year_offline_schedule_search/daily_outputs/SYA/SYA_2019_SYA2019_normal_grid_S0019_daily.csv
SYA,SYA,Shenyang,2019,Leave_One_experiments\wth_generated_qc\SYA\SYA2019.WTH,wet_year;nitrogen_stress_year;low_response_year,wet,SYA2019_normal_grid_S0019,pareto_balanced,2019-08-30,242,137,132,"{""sim_day"": 137.0, ""doy"": 242.0, ""topwt"": 18284.949951171875, ""grnwt"": 10227.278442382812, ""xlai"": 1.5317379236221311, ""totir"": 0.0, ""tofer"": NaN, ""swfac"": 0.0, ""nstres"": 0.0442522764205932}",0.0,0.0442522764205932,18284.949951171875,10227.278442382812,1.5317379236221311,0.0,,0.0,0.0,0.0,225.0,46.02278442382813,46.02278442382813,Leave_One_experiments/all_year_offline_schedule_search/daily_outputs/SYA/SYA_2019_SYA2019_normal_grid_S0019_daily.csv
SYA,SYA,Shenyang,2019,Leave_One_experiments\wth_generated_qc\SYA\SYA2019.WTH,wet_year;nitrogen_stress_year;low_response_year,wet,SYA2019_normal_grid_S0019,pareto_balanced,2019-08-31,243,138,133,"{""sim_day"": 138.0, ""doy"": 243.0, ""topwt"": 18284.949951171875, ""grnwt"": 10227.278442382812, ""xlai"": 1.5317379236221311, ""totir"": 0.0, ""tofer"": NaN, ""swfac"": 0.0, ""nstres"": 0.0442522764205932}",0.0,0.0442522764205932,18284.949951171875,10227.278442382812,1.5317379236221311,0.0,,0.0,0.0,0.0,225.0,46.02278442382813,46.02278442382813,Leave_One_experiments/all_year_offline_schedule_search/daily_outputs/SYA/SYA_2019_SYA2019_normal_grid_S0019_daily.csv
SYA,SYA,Shenyang,2019,Leave_One_experiments\wth_generated_qc\SYA\SYA2019.WTH,wet_year;nitrogen_stress_year;low_response_year,wet,SYA2019_normal_grid_S0019,pareto_balanced,2019-09-01,244,139,134,"{""sim_day"": 139.0, ""doy"": 244.0, ""topwt"": 18284.949951171875, ""grnwt"": 10227.278442382812, ""xlai"": 1.5317379236221311, ""totir"": 0.0, ""tofer"": NaN, ""swfac"": 0.0, ""nstres"": 0.0442522764205932}",0.0,0.0442522764205932,18284.949951171875,10227.278442382812,1.5317379236221311,0.0,,0.0,0.0,0.0,225.0,46.02278442382813,46.02278442382813,Leave_One_experiments/all_year_offline_schedule_search/daily_outputs/SYA/SYA_2019_SYA2019_normal_grid_S0019_daily.csv
SYA,SYA,Shenyang,2019,Leave_One_experiments\wth_generated_qc\SYA\SYA2019.WTH,wet_year;nitrogen_stress_year;low_response_year,wet,SYA2019_normal_grid_S0019,pareto_balanced,2019-09-02,245,140,135,"{""sim_day"": 140.0, ""doy"": 245.0, ""topwt"": 18284.949951171875, ""grnwt"": 10227.278442382812, ""xlai"": 1.5317379236221311, ""totir"": 0.0, ""tofer"": NaN, ""swfac"": 0.0, ""nstres"": 0.0442522764205932}",0.0,0.0442522764205932,18284.949951171875,10227.278442382812,1.5317379236221311,0.0,,0.0,0.0,0.0,225.0,46.02278442382813,46.02278442382813,Leave_One_experiments/all_year_offline_schedule_search/daily_outputs/SYA/SYA_2019_SYA2019_normal_grid_S0019_daily.csv
SYA,SYA,Shenyang,2019,Leave_One_experiments\wth_generated_qc\SYA\SYA2019.WTH,wet_year;nitrogen_stress_year;low_response_year,wet,SYA2019_normal_grid_S0023,pareto_balanced,2019-04-21,111,1,1,"{""sim_day"": 1.0, ""doy"": 111.0, ""topwt"": 0.0, ""grnwt"": 0.0, ""xlai"": 0.0, ""totir"": 0.0, ""tofer"": NaN, ""swfac"": 0.0, ""nstres"": 0.0}",0.0,0.0,0.0,0.0,0.0,0.0,,0.0,75.0,40.0,225.0,28.33339843750001,44.33339843750001,Leave_One_experiments/all_year_offline_schedule_search/daily_outputs/SYA/SYA_2019_SYA2019_normal_grid_S0023_daily.csv
SYA,SYA,Shenyang,2019,Leave_One_experiments\wth_generated_qc\SYA\SYA2019.WTH,wet_year;nitrogen_stress_year;low_response_year,wet,SYA2019_normal_grid_S0023,pareto_balanced,2019-04-22,112,2,2,"{""sim_day"": 2.0, ""doy"": 112.0, ""topwt"": 0.0, ""grnwt"": 0.0, ""xlai"": 0.0, ""totir"": 0.0, ""tofer"": NaN, ""swfac"": 0.0, ""nstres"": 0.0}",0.0,0.0,0.0,0.0,0.0,0.0,,0.0,0.0,40.0,225.0,28.33339843750001,44.33339843750001,Leave_One_experiments/all_year_offline_schedule_search/daily_outputs/SYA/SYA_2019_SYA2019_normal_grid_S0023_daily.csv
SYA,SYA,Shenyang,2019,Leave_One_experiments\wth_generated_qc\SYA\SYA2019.WTH,wet_year;nitrogen_stress_year;low_response_year,wet,SYA2019_normal_grid_S0023,pareto_balanced,2019-04-23,113,3,3,"{""sim_day"": 3.0, ""doy"": 113.0, ""topwt"": 0.0, ""grnwt"": 0.0, ""xlai"": 0.0, ""totir"": 0.0, ""tofer"": NaN, ""swfac"": 0.0, ""nstres"": 0.0}",0.0,0.0,0.0,0.0,0.0,0.0,,0.0,0.0,40.0,225.0,28.33339843750001,44.33339843750001,Leave_One_experiments/all_year_offline_schedule_search/daily_outputs/SYA/SYA_2019_SYA2019_normal_grid_S0023_daily.csv
SYA,SYA,Shenyang,2019,Leave_One_experiments\wth_generated_qc\SYA\SYA2019.WTH,wet_year;nitrogen_stress_year;low_response_year,wet,SYA2019_normal_grid_S0023,pareto_balanced,2019-04-24,114,4,4,"{""sim_day"": 4.0, ""doy"": 114.0, ""topwt"": 0.0, ""grnwt"": 0.0, ""xlai"": 0.0, ""totir"": 0.0, ""tofer"": NaN, ""swfac"": 0.0, ""nstres"": 0.0}",0.0,0.0,0.0,0.0,0.0,0.0,,0.0,0.0,40.0,225.0,28.33339843750001,44.33339843750001,Leave_One_experiments/all_year_offline_schedule_search/daily_outputs/SYA/SYA_2019_SYA2019_normal_grid_S0023_daily.csv
SYA,SYA,Shenyang,2019,Leave_One_experiments\wth_generated_qc\SYA\SYA2019.WTH,wet_year;nitrogen_stress_year;low_response_year,wet,SYA2019_normal_grid_S0023,pareto_balanced,2019-04-25,115,5,5,"{""sim_day"": 5.0, ""doy"": 115.0, ""topwt"": 0.0, ""grnwt"": 0.0, ""xlai"": 0.0, ""totir"": 0.0, ""tofer"": NaN, ""swfac"": 0.0, ""nstres"": 0.0}",0.0,0.0,0.0,0.0,0.0,0.0,,0.0,0.0,40.0,225.0,28.33339843750001,44.33339843750001,Leave_One_experiments/all_year_offline_schedule_search/daily_outputs/SYA/SYA_2019_SYA2019_normal_grid_S0023_daily.csv
SYA,SYA,Shenyang,2019,Leave_One_experiments\wth_generated_qc\SYA\SYA2019.WTH,wet_year;nitrogen_stress_year;low_response_year,wet,SYA2019_normal_grid_S0023,pareto_balanced,2019-04-21,111,6,1,"{""sim_day"": 6.0, ""doy"": 111.0, ""topwt"": 0.0, ""grnwt"": 0.0, ""xlai"": 0.0, ""totir"": 0.0, ""tofer"": NaN, ""swfac"": 0.0, ""nstres"": 0.0}",0.0,0.0,0.0,0.0,0.0,0.0,,0.0,0.0,40.0,225.0,28.33339843750001,44.33339843750001,Leave_One_experiments/all_year_offline_schedule_search/daily_outputs/SYA/SYA_2019_SYA2019_normal_grid_S0023_daily.csv
SYA,SYA,Shenyang,2019,Leave_One_experiments\wth_generated_qc\SYA\SYA2019.WTH,wet_year;nitrogen_stress_year;low_response_year,wet,SYA2019_normal_grid_S0023,pareto_balanced,2019-04-22,112,7,2,"{""sim_day"": 7.0, ""doy"": 112.0, ""topwt"": 0.0, ""grnwt"": 0.0, ""xlai"": 0.0, ""totir"": 0.0, ""tofer"": NaN, ""swfac"": 0.0, ""nstres"": 0.0}",0.0,0.0,0.0,0.0,0.0,0.0,,0.0,0.0,40.0,225.0,28.33339843750001,44.33339843750001,Leave_One_experiments/all_year_offline_schedule_search/daily_outputs/SYA/SYA_2019_SYA2019_normal_grid_S0023_daily.csv
SYA,SYA,Shenyang,2019,Leave_One_experiments\wth_generated_qc\SYA\SYA2019.WTH,wet_year;nitrogen_stress_year;low_response_year,wet,SYA2019_normal_grid_S0023,pareto_balanced,2019-04-23,113,8,3,"{""sim_day"": 8.0, ""doy"": 113.0, ""topwt"": 0.0, ""grnwt"": 0.0, ""xlai"": 0.0, ""totir"": 0.0, ""tofer"": NaN, ""swfac"": 0.0, ""nstres"": 0.0}",0.0,0.0,0.0,0.0,0.0,0.0,,0.0,0.0,40.0,225.0,28.33339843750001,44.33339843750001,Leave_One_experiments/all_year_offline_schedule_search/daily_outputs/SYA/SYA_2019_SYA2019_normal_grid_S0023_daily.csv
SYA,SYA,Shenyang,2019,Leave_One_experiments\wth_generated_qc\SYA\SYA2019.WTH,wet_year;nitrogen_stress_year;low_response_year,wet,SYA2019_normal_grid_S0023,pareto_balanced,2019-04-24,114,9,4,"{""sim_day"": 9.0, ""doy"": 114.0, ""topwt"": 0.0, ""grnwt"": 0.0, ""xlai"": 0.0, ""totir"": 0.0, ""tofer"": NaN, ""swfac"": 0.0, ""nstres"": 0.0}",0.0,0.0,0.0,0.0,0.0,0.0,,0.0,0.0,40.0,225.0,28.33339843750001,44.33339843750001,Leave_One_experiments/all_year_offline_schedule_search/daily_outputs/SYA/SYA_2019_SYA2019_normal_grid_S0023_daily.csv
SYA,SYA,Shenyang,2019,Leave_One_experiments\wth_generated_qc\SYA\SYA2019.WTH,wet_year;nitrogen_stress_year;low_response_year,wet,SYA2019_normal_grid_S0023,pareto_balanced,2019-04-25,115,10,5,"{""sim_day"": 10.0, ""doy"": 115.0, ""topwt"": 0.0, ""grnwt"": 0.0, ""xlai"": 0.0, ""totir"": 0.0, ""tofer"": NaN, ""swfac"": 0.0, ""nstres"": 0.0}",0.0,0.0,0.0,0.0,0.0,0.0,,0.0,0.0,40.0,225.0,28.33339843750001,44.33339843750001,Leave_One_experiments/all_year_offline_schedule_search/daily_outputs/SYA/SYA_2019_SYA2019_normal_grid_S0023_daily.csv
SYA,SYA,Shenyang,2019,Leave_One_experiments\wth_generated_qc\SYA\SYA2019.WTH,wet_year;nitrogen_stress_year;low_response_year,wet,SYA2019_normal_grid_S0023,pareto_balanced,2019-04-26,116,11,6,"{""sim_day"": 11.0, ""doy"": 116.0, ""topwt"": 0.0, ""grnwt"": 0.0, ""xlai"": 0.0, ""totir"": 0.0, ""tofer"": NaN, ""swfac"": 0.0, ""nstres"": 0.0}",0.0,0.0,0.0,0.0,0.0,0.0,,0.0,0.0,40.0,225.0,28.33339843750001,44.33339843750001,Leave_One_experiments/all_year_offline_schedule_search/daily_outputs/SYA/SYA_2019_SYA2019_normal_grid_S0023_daily.csv
SYA,SYA,Shenyang,2019,Leave_One_experiments\wth_generated_qc\SYA\SYA2019.WTH,wet_year;nitrogen_stress_year;low_response_year,wet,SYA2019_normal_grid_S0023,pareto_balanced,2019-04-27,117,12,7,"{""sim_day"": 12.0, ""doy"": 117.0, ""topwt"": 0.0, ""grnwt"": 0.0, ""xlai"": 0.0, ""totir"": 0.0, ""tofer"": NaN, ""swfac"": 0.0, ""nstres"": 0.0}",0.0,0.0,0.0,0.0,0.0,0.0,,0.0,0.0,40.0,225.0,28.33339843750001,44.33339843750001,Leave_One_experiments/all_year_offline_schedule_search/daily_outputs/SYA/SYA_2019_SYA2019_normal_grid_S0023_daily.csv
SYA,SYA,Shenyang,2019,Leave_One_experiments\wth_generated_qc\SYA\SYA2019.WTH,wet_year;nitrogen_stress_year;low_response_year,wet,SYA2019_normal_grid_S0023,pareto_balanced,2019-04-28,118,13,8,"{""sim_day"": 13.0, ""doy"": 118.0, ""topwt"": 0.0, ""grnwt"": 0.0, ""xlai"": 0.0, ""totir"": 0.0, ""tofer"": NaN, ""swfac"": 0.0, ""nstres"": 0.0}",0.0,0.0,0.0,0.0,0.0,0.0,,0.0,0.0,40.0,225.0,28.33339843750001,44.33339843750001,Leave_One_experiments/all_year_offline_schedule_search/daily_outputs/SYA/SYA_2019_SYA2019_normal_grid_S0023_daily.csv
SYA,SYA,Shenyang,2019,Leave_One_experiments\wth_generated_qc\SYA\SYA2019.WTH,wet_year;nitrogen_stress_year;low_response_year,wet,SYA2019_normal_grid_S0023,pareto_balanced,2019-04-29,119,14,9,"{""sim_day"": 14.0, ""doy"": 119.0, ""topwt"": 0.0, ""grnwt"": 0.0, ""xlai"": 0.0, ""totir"": 0.0, ""tofer"": NaN, ""swfac"": 0.0, ""nstres"": 0.0}",0.0,0.0,0.0,0.0,0.0,0.0,,0.0,0.0,40.0,225.0,28.33339843750001,44.33339843750001,Leave_One_experiments/all_year_offline_schedule_search/daily_outputs/SYA/SYA_2019_SYA2019_normal_grid_S0023_daily.csv
SYA,SYA,Shenyang,2019,Leave_One_experiments\wth_generated_qc\SYA\SYA2019.WTH,wet_year;nitrogen_stress_year;low_response_year,wet,SYA2019_normal_grid_S0023,pareto_balanced,2019-04-30,120,15,10,"{""sim_day"": 15.0, ""doy"": 120.0, ""topwt"": 0.0, ""grnwt"": 0.0, ""xlai"": 0.0, ""totir"": 0.0, ""tofer"": NaN, ""swfac"": 0.0, ""nstres"": 0.0}",0.0,0.0,0.0,0.0,0.0,0.0,,0.0,0.0,40.0,225.0,28.33339843750001,44.33339843750001,Leave_One_experiments/all_year_offline_schedule_search/daily_outputs/SYA/SYA_2019_SYA2019_normal_grid_S0023_daily.csv
SYA,SYA,Shenyang,2019,Leave_One_experiments\wth_generated_qc\SYA\SYA2019.WTH,wet_year;nitrogen_stress_year;low_response_year,wet,SYA2019_normal_grid_S0023,pareto_balanced,2019-05-01,121,16,11,"{""sim_day"": 16.0, ""doy"": 121.0, ""topwt"": 0.0, ""grnwt"": 0.0, ""xlai"": 0.0, ""totir"": 0.0, ""tofer"": NaN, ""swfac"": 0.0, ""nstres"": 0.0}",0.0,0.0,0.0,0.0,0.0,0.0,,0.0,0.0,40.0,225.0,28.33339843750001,44.33339843750001,Leave_One_experiments/all_year_offline_schedule_search/daily_outputs/SYA/SYA_2019_SYA2019_normal_grid_S0023_daily.csv
SYA,SYA,Shenyang,2019,Leave_One_experiments\wth_generated_qc\SYA\SYA2019.WTH,wet_year;nitrogen_stress_year;low_response_year,wet,SYA2019_normal_grid_S0023,pareto_balanced,2019-05-02,122,17,12,"{""sim_day"": 17.0, ""doy"": 122.0, ""topwt"": 17.600001096725464, ""grnwt"": 0.0, ""xlai"": 0.0018816884839907, ""totir"": 0.0, ""tofer"": NaN, ""swfac"": 0.0, ""nstres"": 0.0121910572052001}",0.0,0.0121910572052001,17.600001096725464,0.0,0.0018816884839907,0.0,,0.0,0.0,40.0,225.0,28.33339843750001,44.33339843750001,Leave_One_experiments/all_year_offline_schedule_search/daily_outputs/SYA/SYA_2019_SYA2019_normal_grid_S0023_daily.csv
SYA,SYA,Shenyang,2019,Leave_One_experiments\wth_generated_qc\SYA\SYA2019.WTH,wet_year;nitrogen_stress_year;low_response_year,wet,SYA2019_normal_grid_S0023,pareto_balanced,2019-05-03,123,18,13,"{""sim_day"": 18.0, ""doy"": 123.0, ""topwt"": 17.600001096725464, ""grnwt"": 0.0, ""xlai"": 0.0038882941007614, ""totir"": 0.0, ""tofer"": NaN, ""swfac"": 0.0, ""nstres"": 0.0129578709602355}",0.0,0.0129578709602355,17.600001096725464,0.0,0.0038882941007614,0.0,,0.0,0.0,40.0,225.0,28.33339843750001,44.33339843750001,Leave_One_experiments/all_year_offline_schedule_search/daily_outputs/SYA/SYA_2019_SYA2019_normal_grid_S0023_daily.csv
SYA,SYA,Shenyang,2019,Leave_One_experiments\wth_generated_qc\SYA\SYA2019.WTH,wet_year;nitrogen_stress_year;low_response_year,wet,SYA2019_normal_grid_S0023,pareto_balanced,2019-05-04,124,19,14,"{""sim_day"": 19.0, ""doy"": 124.0, ""topwt"": 17.600001096725464, ""grnwt"": 0.0, ""xlai"": 0.0048435046337544, ""totir"": 0.0, ""tofer"": NaN, ""swfac"": 0.0, ""nstres"": 0.010186493396759}",0.0,0.010186493396759,17.600001096725464,0.0,0.0048435046337544,0.0,,0.0,0.0,40.0,225.0,28.33339843750001,44.33339843750001,Leave_One_experiments/all_year_offline_schedule_search/daily_outputs/SYA/SYA_2019_SYA2019_normal_grid_S0023_daily.csv
SYA,SYA,Shenyang,2019,Leave_One_experiments\wth_generated_qc\SYA\SYA2019.WTH,wet_year;nitrogen_stress_year;low_response_year,wet,SYA2019_normal_grid_S0023,pareto_balanced,2019-05-05,125,20,15,"{""sim_day"": 20.0, ""doy"": 125.0, ""topwt"": 17.600001096725464, ""grnwt"": 0.0, ""xlai"": 0.0045714383013546, ""totir"": 0.0, ""tofer"": NaN, ""swfac"": 0.0, ""nstres"": 0.00821053981781}",0.0,0.00821053981781,17.600001096725464,0.0,0.0045714383013546,0.0,,0.0,0.0,40.0,225.0,28.33339843750001,44.33339843750001,Leave_One_experiments/all_year_offline_schedule_search/daily_outputs/SYA/SYA_2019_SYA2019_normal_grid_S0023_daily.csv
SYA,SYA,Shenyang,2019,Leave_One_experiments\wth_generated_qc\SYA\SYA2019.WTH,wet_year;nitrogen_stress_year;low_response_year,wet,SYA2019_normal_grid_S0023,pareto_balanced,2019-05-06,126,21,16,"{""sim_day"": 21.0, ""doy"": 126.0, ""topwt"": 17.600001096725464, ""grnwt"": 0.0, ""xlai"": 0.0060164402239024, ""totir"": 0.0, ""tofer"": NaN, ""swfac"": 0.0, ""nstres"": 0.0044573545455932}",0.0,0.0044573545455932,17.600001096725464,0.0,0.0060164402239024,0.0,,0.0,0.0,40.0,225.0,28.33339843750001,44.33339843750001,Leave_One_experiments/all_year_offline_schedule_search/daily_outputs/SYA/SYA_2019_SYA2019_normal_grid_S0023_daily.csv
SYA,SYA,Shenyang,2019,Leave_One_experiments\wth_generated_qc\SYA\SYA2019.WTH,wet_year;nitrogen_stress_year;low_response_year,wet,SYA2019_normal_grid_S0023,pareto_balanced,2019-05-07,127,22,17,"{""sim_day"": 22.0, ""doy"": 127.0, ""topwt"": 17.600001096725464, ""grnwt"": 0.0, ""xlai"": 0.0082276863977313, ""totir"": 0.0, ""tofer"": NaN, ""swfac"": 0.0, ""nstres"": 0.0}",0.0,0.0,17.600001096725464,0.0,0.0082276863977313,0.0,,0.0,0.0,40.0,225.0,28.33339843750001,44.33339843750001,Leave_One_experiments/all_year_offline_schedule_search/daily_outputs/SYA/SYA_2019_SYA2019_normal_grid_S0023_daily.csv
SYA,SYA,Shenyang,2019,Leave_One_experiments\wth_generated_qc\SYA\SYA2019.WTH,wet_year;nitrogen_stress_year;low_response_year,wet,SYA2019_normal_grid_S0023,pareto_balanced,2019-05-08,128,23,18,"{""sim_day"": 23.0, ""doy"": 128.0, ""topwt"": 17.600001096725464, ""grnwt"": 0.0, ""xlai"": 0.0102919023483991, ""totir"": 0.0, ""tofer"": NaN, ""swfac"": 0.0, ""nstres"": 0.0}",0.0,0.0,17.600001096725464,0.0,0.0102919023483991,0.0,,0.0,0.0,40.0,225.0,28.33339843750001,44.33339843750001,Leave_One_experiments/all_year_offline_schedule_search/daily_outputs/SYA/SYA_2019_SYA2019_normal_grid_S0023_daily.csv
SYA,SYA,Shenyang,2019,Leave_One_experiments\wth_generated_qc\SYA\SYA2019.WTH,wet_year;nitrogen_stress_year;low_response_year,wet,SYA2019_normal_grid_S0023,pareto_balanced,2019-05-09,129,24,19,"{""sim_day"": 24.0, ""doy"": 129.0, ""topwt"": 17.600001096725464, ""grnwt"": 0.0, ""xlai"": 0.0185200236737728, ""totir"": 0.0, ""tofer"": NaN, ""swfac"": 0.0, ""nstres"": 0.0}",0.0,0.0,17.600001096725464,0.0,0.0185200236737728,0.0,,0.0,0.0,40.0,225.0,28.33339843750001,44.33339843750001,Leave_One_experiments/all_year_offline_schedule_search/daily_outputs/SYA/SYA_2019_SYA2019_normal_grid_S0023_daily.csv
SYA,SYA,Shenyang,2019,Leave_One_experiments\wth_generated_qc\SYA\SYA2019.WTH,wet_year;nitrogen_stress_year;low_response_year,wet,SYA2019_normal_grid_S0023,pareto_balanced,2019-05-10,130,25,20,"{""sim_day"": 25.0, ""doy"": 130.0, ""topwt"": 17.600001096725464, ""grnwt"": 0.0, ""xlai"": 0.0275911893695592, ""totir"": 0.0, ""tofer"": NaN, ""swfac"": 0.0, ""nstres"": 0.0}",0.0,0.0,17.600001096725464,0.0,0.0275911893695592,0.0,,0.0,0.0,40.0,225.0,28.33339843750001,44.33339843750001,Leave_One_experiments/all_year_offline_schedule_search/daily_outputs/SYA/SYA_2019_SYA2019_normal_grid_S0023_daily.csv
SYA,SYA,Shenyang,2019,Leave_One_experiments\wth_generated_qc\SYA\SYA2019.WTH,wet_year;nitrogen_stress_year;low_response_year,wet,SYA2019_normal_grid_S0023,pareto_balanced,2019-05-11,131,26,21,"{""sim_day"": 26.0, ""doy"": 131.0, ""topwt"": 19.92213487625122, ""grnwt"": 0.0, ""xlai"": 0.0358001440763473, ""totir"": 0.0, ""tofer"": NaN, ""swfac"": 0.0, ""nstres"": 0.0}",0.0,0.0,19.92213487625122,0.0,0.0358001440763473,0.0,,0.0,0.0,40.0,225.0,28.33339843750001,44.33339843750001,Leave_One_experiments/all_year_offline_schedule_search/daily_outputs/SYA/SYA_2019_SYA2019_normal_grid_S0023_daily.csv
SYA,SYA,Shenyang,2019,Leave_One_experiments\wth_generated_qc\SYA\SYA2019.WTH,wet_year;nitrogen_stress_year;low_response_year,wet,SYA2019_normal_grid_S0023,pareto_balanced,2019-05-12,132,27,22,"{""sim_day"": 27.0, ""doy"": 132.0, ""topwt"": 22.41192579269409, ""grnwt"": 0.0, ""xlai"": 0.0422624759376049, ""totir"": 0.0, ""tofer"": NaN, ""swfac"": 0.0, ""nstres"": 0.0}",0.0,0.0,22.41192579269409,0.0,0.0422624759376049,0.0,,0.0,0.0,40.0,225.0,28.33339843750001,44.33339843750001,Leave_One_experiments/all_year_offline_schedule_search/daily_outputs/SYA/SYA_2019_SYA2019_normal_grid_S0023_daily.csv
SYA,SYA,Shenyang,2019,Leave_One_experiments\wth_generated_qc\SYA\SYA2019.WTH,wet_year;nitrogen_stress_year;low_response_year,wet,SYA2019_normal_grid_S0023,pareto_balanced,2019-05-13,133,28,23,"{""sim_day"": 28.0, ""doy"": 133.0, ""topwt"": 26.370415687561035, ""grnwt"": 0.0, ""xlai"": 0.052076730877161, ""totir"": 0.0, ""tofer"": NaN, ""swfac"": 0.0, ""nstres"": 0.0}",0.0,0.0,26.370415687561035,0.0,0.052076730877161,0.0,,0.0,0.0,40.0,225.0,28.33339843750001,44.33339843750001,Leave_One_experiments/all_year_offline_schedule_search/daily_outputs/SYA/SYA_2019_SYA2019_normal_grid_S0023_daily.csv
SYA,SYA,Shenyang,2019,Leave_One_experiments\wth_generated_qc\SYA\SYA2019.WTH,wet_year;nitrogen_stress_year;low_response_year,wet,SYA2019_normal_grid_S0023,pareto_balanced,2019-05-14,134,29,24,"{""sim_day"": 29.0, ""doy"": 134.0, ""topwt"": 31.26382827758789, ""grnwt"": 0.0, ""xlai"": 0.0636210367083549, ""totir"": 0.0, ""tofer"": NaN, ""swfac"": 0.0, ""nstres"": 0.0}",0.0,0.0,31.26382827758789,0.0,0.0636210367083549,0.0,,0.0,0.0,40.0,225.0,28.33339843750001,44.33339843750001,Leave_One_experiments/all_year_offline_schedule_search/daily_outputs/SYA/SYA_2019_SYA2019_normal_grid_S0023_daily.csv
SYA,SYA,Shenyang,2019,Leave_One_experiments\wth_generated_qc\SYA\SYA2019.WTH,wet_year;nitrogen_stress_year;low_response_year,wet,SYA2019_normal_grid_S0023,pareto_balanced,2019-05-15,135,30,25,"{""sim_day"": 30.0, ""doy"": 135.0, ""topwt"": 36.523072719573975, ""grnwt"": 0.0, ""xlai"": 0.0752088874578476, ""totir"": 0.0, ""tofer"": NaN, ""swfac"": 0.0, ""nstres"": 0.0}",0.0,0.0,36.523072719573975,0.0,0.0752088874578476,0.0,,0.0,0.0,40.0,225.0,28.33339843750001,44.33339843750001,Leave_One_experiments/all_year_offline_schedule_search/daily_outputs/SYA/SYA_2019_SYA2019_normal_grid_S0023_daily.csv
SYA,SYA,Shenyang,2019,Leave_One_experiments\wth_generated_qc\SYA\SYA2019.WTH,wet_year;nitrogen_stress_year;low_response_year,wet,SYA2019_normal_grid_S0023,pareto_balanced,2019-05-16,136,31,26,"{""sim_day"": 31.0, ""doy"": 136.0, ""topwt"": 43.45870494842529, ""grnwt"": 0.0, ""xlai"": 0.0898030772805213, ""totir"": 0.0, ""tofer"": NaN, ""swfac"": 0.0, ""nstres"": 0.0}",0.0,0.0,43.45870494842529,0.0,0.0898030772805213,0.0,,0.0,0.0,40.0,225.0,28.33339843750001,44.33339843750001,Leave_One_experiments/all_year_offline_schedule_search/daily_outputs/SYA/SYA_2019_SYA2019_normal_grid_S0023_daily.csv
SYA,SYA,Shenyang,2019,Leave_One_experiments\wth_generated_qc\SYA\SYA2019.WTH,wet_year;nitrogen_stress_year;low_response_year,wet,SYA2019_normal_grid_S0023,pareto_balanced,2019-05-17,137,32,27,"{""sim_day"": 32.0, ""doy"": 137.0, ""topwt"": 51.70275688171387, ""grnwt"": 0.0, ""xlai"": 0.1063760817050933, ""totir"": 0.0, ""tofer"": NaN, ""swfac"": 0.0, ""nstres"": 0.0}",0.0,0.0,51.70275688171387,0.0,0.1063760817050933,0.0,,0.0,0.0,40.0,225.0,28.33339843750001,44.33339843750001,Leave_One_experiments/all_year_offline_schedule_search/daily_outputs/SYA/SYA_2019_SYA2019_normal_grid_S0023_daily.csv
SYA,SYA,Shenyang,2019,Leave_One_experiments\wth_generated_qc\SYA\SYA2019.WTH,wet_year;nitrogen_stress_year;low_response_year,wet,SYA2019_normal_grid_S0023,pareto_balanced,2019-05-18,138,33,28,"{""sim_day"": 33.0, ""doy"": 138.0, ""topwt"": 56.575613021850586, ""grnwt"": 0.0, ""xlai"": 0.1158513501286506, ""totir"": 0.0, ""tofer"": NaN, ""swfac"": 0.0, ""nstres"": 0.0}",0.0,0.0,56.575613021850586,0.0,0.1158513501286506,0.0,,0.0,0.0,40.0,225.0,28.33339843750001,44.33339843750001,Leave_One_experiments/all_year_offline_schedule_search/daily_outputs/SYA/SYA_2019_SYA2019_normal_grid_S0023_daily.csv
SYA,SYA,Shenyang,2019,Leave_One_experiments\wth_generated_qc\SYA\SYA2019.WTH,wet_year;nitrogen_stress_year;low_response_year,wet,SYA2019_normal_grid_S0023,pareto_balanced,2019-05-19,139,34,29,"{""sim_day"": 34.0, ""doy"": 139.0, ""topwt"": 61.87967300415039, ""grnwt"": 0.0, ""xlai"": 0.1259369403123855, ""totir"": 0.0, ""tofer"": NaN, ""swfac"": 0.0, ""nstres"": 0.0}",0.0,0.0,61.87967300415039,0.0,0.1259369403123855,0.0,,0.0,0.0,40.0,225.0,28.33339843750001,44.33339843750001,Leave_One_experiments/all_year_offline_schedule_search/daily_outputs/SYA/SYA_2019_SYA2019_normal_grid_S0023_daily.csv
SYA,SYA,Shenyang,2019,Leave_One_experiments\wth_generated_qc\SYA\SYA2019.WTH,wet_year;nitrogen_stress_year;low_response_year,wet,SYA2019_normal_grid_S0023,pareto_balanced,2019-05-20,140,35,30,"{""sim_day"": 35.0, ""doy"": 140.0, ""topwt"": 69.79767322540283, ""grnwt"": 0.0, ""xlai"": 0.1406094133853912, ""totir"": 0.0, ""tofer"": NaN, ""swfac"": 0.0, ""nstres"": 0.0}",0.0,0.0,69.79767322540283,0.0,0.1406094133853912,0.0,,0.0,75.0,40.0,225.0,28.33339843750001,44.33339843750001,Leave_One_experiments/all_year_offline_schedule_search/daily_outputs/SYA/SYA_2019_SYA2019_normal_grid_S0023_daily.csv
SYA,SYA,Shenyang,2019,Leave_One_experiments\wth_generated_qc\SYA\SYA2019.WTH,wet_year;nitrogen_stress_year;low_response_year,wet,SYA2019_normal_grid_S0023,pareto_balanced,2019-05-21,141,36,31,"{""sim_day"": 36.0, ""doy"": 141.0, ""topwt"": 79.79325771331787, ""grnwt"": 0.0, ""xlai"": 0.1585713773965835, ""totir"": 0.0, ""tofer"": NaN, ""swfac"": 0.0, ""nstres"": 0.0}",0.0,0.0,79.79325771331787,0.0,0.1585713773965835,0.0,,0.0,0.0,40.0,225.0,28.33339843750001,44.33339843750001,Leave_One_experiments/all_year_offline_schedule_search/daily_outputs/SYA/SYA_2019_SYA2019_normal_grid_S0023_daily.csv
SYA,SYA,Shenyang,2019,Leave_One_experiments\wth_generated_qc\SYA\SYA2019.WTH,wet_year;nitrogen_stress_year;low_response_year,wet,SYA2019_normal_grid_S0023,pareto_balanced,2019-05-22,142,37,32,"{""sim_day"": 37.0, ""doy"": 142.0, ""topwt"": 91.15038871765135, ""grnwt"": 0.0, ""xlai"": 0.1905020028352737, ""totir"": 0.0, ""tofer"": NaN, ""swfac"": 0.0, ""nstres"": 0.0}",0.0,0.0,91.15038871765135,0.0,0.1905020028352737,0.0,,0.0,0.0,40.0,225.0,28.33339843750001,44.33339843750001,Leave_One_experiments/all_year_offline_schedule_search/daily_outputs/SYA/SYA_2019_SYA2019_normal_grid_S0023_daily.csv
SYA,SYA,Shenyang,2019,Leave_One_experiments\wth_generated_qc\SYA\SYA2019.WTH,wet_year;nitrogen_stress_year;low_response_year,wet,SYA2019_normal_grid_S0023,pareto_balanced,2019-05-23,143,38,33,"{""sim_day"": 38.0, ""doy"": 143.0, ""topwt"": 114.83484268188477, ""grnwt"": 0.0, ""xlai"": 0.2327274829149246, ""totir"": 0.0, ""tofer"": NaN, ""swfac"": 0.0, ""nstres"": 0.0052480697631835}",0.0,0.0052480697631835,114.83484268188477,0.0,0.2327274829149246,0.0,,0.0,0.0,40.0,225.0,28.33339843750001,44.33339843750001,Leave_One_experiments/all_year_offline_schedule_search/daily_outputs/SYA/SYA_2019_SYA2019_normal_grid_S0023_daily.csv
SYA,SYA,Shenyang,2019,Leave_One_experiments\wth_generated_qc\SYA\SYA2019.WTH,wet_year;nitrogen_stress_year;low_response_year,wet,SYA2019_normal_grid_S0023,pareto_balanced,2019-05-24,144,39,34,"{""sim_day"": 39.0, ""doy"": 144.0, ""topwt"": 142.35258102416992, ""grnwt"": 0.0, ""xlai"": 0.2793437540531158, ""totir"": 0.0, ""tofer"": NaN, ""swfac"": 0.0, ""nstres"": 0.0}",0.0,0.0,142.35258102416992,0.0,0.2793437540531158,0.0,,0.0,0.0,40.0,225.0,28.33339843750001,44.33339843750001,Leave_One_experiments/all_year_offline_schedule_search/daily_outputs/SYA/SYA_2019_SYA2019_normal_grid_S0023_daily.csv
SYA,SYA,Shenyang,2019,Leave_One_experiments\wth_generated_qc\SYA\SYA2019.WTH,wet_year;nitrogen_stress_year;low_response_year,wet,SYA2019_normal_grid_S0023,pareto_balanced,2019-05-25,145,40,35,"{""sim_day"": 40.0, ""doy"": 145.0, ""topwt"": 163.98263931274414, ""grnwt"": 0.0, ""xlai"": 0.3145393133163452, ""totir"": 0.0, ""tofer"": NaN, ""swfac"": 0.0, ""nstres"": 0.0}",0.0,0.0,163.98263931274414,0.0,0.3145393133163452,0.0,,0.0,0.0,40.0,225.0,28.33339843750001,44.33339843750001,Leave_One_experiments/all_year_offline_schedule_search/daily_outputs/SYA/SYA_2019_SYA2019_normal_grid_S0023_daily.csv
SYA,SYA,Shenyang,2019,Leave_One_experiments\wth_generated_qc\SYA\SYA2019.WTH,wet_year;nitrogen_stress_year;low_response_year,wet,SYA2019_normal_grid_S0023,pareto_balanced,2019-05-26,146,41,36,"{""sim_day"": 41.0, ""doy"": 146.0, ""topwt"": 178.14031600952148, ""grnwt"": 0.0, ""xlai"": 0.3370001316070556, ""totir"": 0.0, ""tofer"": NaN, ""swfac"": 0.0, ""nstres"": 0.0}",0.0,0.0,178.14031600952148,0.0,0.3370001316070556,0.0,,0.0,0.0,40.0,225.0,28.33339843750001,44.33339843750001,Leave_One_experiments/all_year_offline_schedule_search/daily_outputs/SYA/SYA_2019_SYA2019_normal_grid_S0023_daily.csv
SYA,SYA,Shenyang,2019,Leave_One_experiments\wth_generated_qc\SYA\SYA2019.WTH,wet_year;nitrogen_stress_year;low_response_year,wet,SYA2019_normal_grid_S0023,pareto_balanced,2019-05-27,147,42,37,"{""sim_day"": 42.0, ""doy"": 147.0, ""topwt"": 195.91169357299805, ""grnwt"": 0.0, ""xlai"": 0.3646333515644073, ""totir"": 0.0, ""tofer"": NaN, ""swfac"": 0.0, ""nstres"": 0.0}",0.0,0.0,195.91169357299805,0.0,0.3646333515644073,0.0,,0.0,0.0,40.0,225.0,28.33339843750001,44.33339843750001,Leave_One_experiments/all_year_offline_schedule_search/daily_outputs/SYA/SYA_2019_SYA2019_normal_grid_S0023_daily.csv
SYA,SYA,Shenyang,2019,Leave_One_experiments\wth_generated_qc\SYA\SYA2019.WTH,wet_year;nitrogen_stress_year;low_response_year,wet,SYA2019_normal_grid_S0023,pareto_balanced,2019-05-28,148,43,38,"{""sim_day"": 43.0, ""doy"": 148.0, ""topwt"": 219.21905517578125, ""grnwt"": 0.0, ""xlai"": 0.4000371098518371, ""totir"": 0.0, ""tofer"": NaN, ""swfac"": 0.0, ""nstres"": 0.0}",0.0,0.0,219.21905517578125,0.0,0.4000371098518371,0.0,,0.0,0.0,40.0,225.0,28.33339843750001,44.33339843750001,Leave_One_experiments/all_year_offline_schedule_search/daily_outputs/SYA/SYA_2019_SYA2019_normal_grid_S0023_daily.csv
SYA,SYA,Shenyang,2019,Leave_One_experiments\wth_generated_qc\SYA\SYA2019.WTH,wet_year;nitrogen_stress_year;low_response_year,wet,SYA2019_normal_grid_S0023,pareto_balanced,2019-05-29,149,44,39,"{""sim_day"": 44.0, ""doy"": 149.0, ""topwt"": 240.2536582946777, ""grnwt"": 0.0, ""xlai"": 0.4312646985054016, ""totir"": 0.0, ""tofer"": NaN, ""swfac"": 0.0, ""nstres"": 0.0}",0.0,0.0,240.2536582946777,0.0,0.4312646985054016,0.0,,0.0,0.0,40.0,225.0,28.33339843750001,44.33339843750001,Leave_One_experiments/all_year_offline_schedule_search/daily_outputs/SYA/SYA_2019_SYA2019_normal_grid_S0023_daily.csv
SYA,SYA,Shenyang,2019,Leave_One_experiments\wth_generated_qc\SYA\SYA2019.WTH,wet_year;nitrogen_stress_year;low_response_year,wet,SYA2019_normal_grid_S0023,pareto_balanced,2019-05-30,150,45,40,"{""sim_day"": 45.0, ""doy"": 150.0, ""topwt"": 265.9227752685547, ""grnwt"": 0.0, ""xlai"": 0.4685554504394531, ""totir"": 0.0, ""tofer"": NaN, ""swfac"": 0.0, ""nstres"": 0.0}",0.0,0.0,265.9227752685547,0.0,0.4685554504394531,0.0,,0.0,0.0,40.0,225.0,28.33339843750001,44.33339843750001,Leave_One_experiments/all_year_offline_schedule_search/daily_outputs/SYA/SYA_2019_SYA2019_normal_grid_S0023_daily.csv
SYA,SYA,Shenyang,2019,Leave_One_experiments\wth_generated_qc\SYA\SYA2019.WTH,wet_year;nitrogen_stress_year;low_response_year,wet,SYA2019_normal_grid_S0023,pareto_balanced,2019-05-31,151,46,41,"{""sim_day"": 46.0, ""doy"": 151.0, ""topwt"": 302.9010200500488, ""grnwt"": 0.0, ""xlai"": 0.5208975672721863, ""totir"": 0.0, ""tofer"": NaN, ""swfac"": 0.0, ""nstres"": 0.0}",0.0,0.0,302.9010200500488,0.0,0.5208975672721863,0.0,,0.0,0.0,40.0,225.0,28.33339843750001,44.33339843750001,Leave_One_experiments/all_year_offline_schedule_search/daily_outputs/SYA/SYA_2019_SYA2019_normal_grid_S0023_daily.csv
SYA,SYA,Shenyang,2019,Leave_One_experiments\wth_generated_qc\SYA\SYA2019.WTH,wet_year;nitrogen_stress_year;low_response_year,wet,SYA2019_normal_grid_S0023,pareto_balanced,2019-06-01,152,47,42,"{""sim_day"": 47.0, ""doy"": 152.0, ""topwt"": 339.2037582397461, ""grnwt"": 0.0, ""xlai"": 0.5681731104850769, ""totir"": 0.0, ""tofer"": NaN, ""swfac"": 0.0, ""nstres"": 0.0}",0.0,0.0,339.2037582397461,0.0,0.5681731104850769,0.0,,0.0,0.0,40.0,225.0,28.33339843750001,44.33339843750001,Leave_One_experiments/all_year_offline_schedule_search/daily_outputs/SYA/SYA_2019_SYA2019_normal_grid_S0023_daily.csv
SYA,SYA,Shenyang,2019,Leave_One_experiments\wth_generated_qc\SYA\SYA2019.WTH,wet_year;nitrogen_stress_year;low_response_year,wet,SYA2019_normal_grid_S0023,pareto_balanced,2019-06-02,153,48,43,"{""sim_day"": 48.0, ""doy"": 153.0, ""topwt"": 370.49110412597656, ""grnwt"": 0.0, ""xlai"": 0.6121866106987, ""totir"": 0.0, ""tofer"": NaN, ""swfac"": 0.0, ""nstres"": 0.0}",0.0,0.0,370.49110412597656,0.0,0.6121866106987,0.0,,0.0,0.0,40.0,225.0,28.33339843750001,44.33339843750001,Leave_One_experiments/all_year_offline_schedule_search/daily_outputs/SYA/SYA_2019_SYA2019_normal_grid_S0023_daily.csv
SYA,SYA,Shenyang,2019,Leave_One_experiments\wth_generated_qc\SYA\SYA2019.WTH,wet_year;nitrogen_stress_year;low_response_year,wet,SYA2019_normal_grid_S0023,pareto_balanced,2019-06-03,154,49,44,"{""sim_day"": 49.0, ""doy"": 154.0, ""topwt"": 406.8679428100586, ""grnwt"": 0.0, ""xlai"": 0.662093997001648, ""totir"": 0.0, ""tofer"": NaN, ""swfac"": 0.0, ""nstres"": 0.0}",0.0,0.0,406.8679428100586,0.0,0.662093997001648,0.0,,0.0,0.0,40.0,225.0,28.33339843750001,44.33339843750001,Leave_One_experiments/all_year_offline_schedule_search/daily_outputs/SYA/SYA_2019_SYA2019_normal_grid_S0023_daily.csv
SYA,SYA,Shenyang,2019,Leave_One_experiments\wth_generated_qc\SYA\SYA2019.WTH,wet_year;nitrogen_stress_year;low_response_year,wet,SYA2019_normal_grid_S0023,pareto_balanced,2019-06-04,155,50,45,"{""sim_day"": 50.0, ""doy"": 155.0, ""topwt"": 449.85130310058594, ""grnwt"": 0.0, ""xlai"": 0.7193502187728882, ""totir"": 0.0, ""tofer"": NaN, ""swfac"": 0.0, ""nstres"": 0.0}",0.0,0.0,449.85130310058594,0.0,0.7193502187728882,0.0,,0.0,0.0,40.0,225.0,28.33339843750001,44.33339843750001,Leave_One_experiments/all_year_offline_schedule_search/daily_outputs/SYA/SYA_2019_SYA2019_normal_grid_S0023_daily.csv
SYA,SYA,Shenyang,2019,Leave_One_experiments\wth_generated_qc\SYA\SYA2019.WTH,wet_year;nitrogen_stress_year;low_response_year,wet,SYA2019_normal_grid_S0023,pareto_balanced,2019-06-05,156,51,46,"{""sim_day"": 51.0, ""doy"": 156.0, ""topwt"": 500.0130081176758, ""grnwt"": 0.0, ""xlai"": 0.7839146256446838, ""totir"": 0.0, ""tofer"": NaN, ""swfac"": 0.0, ""nstres"": 0.0}",0.0,0.0,500.0130081176758,0.0,0.7839146256446838,0.0,,0.0,0.0,40.0,225.0,28.33339843750001,44.33339843750001,Leave_One_experiments/all_year_offline_schedule_search/daily_outputs/SYA/SYA_2019_SYA2019_normal_grid_S0023_daily.csv
SYA,SYA,Shenyang,2019,Leave_One_experiments\wth_generated_qc\SYA\SYA2019.WTH,wet_year;nitrogen_stress_year;low_response_year,wet,SYA2019_normal_grid_S0023,pareto_balanced,2019-06-06,157,52,47,"{""sim_day"": 52.0, ""doy"": 157.0, ""topwt"": 561.3619995117188, ""grnwt"": 0.0, ""xlai"": 0.8599513173103333, ""totir"": 0.0, ""tofer"": NaN, ""swfac"": 0.0, ""nstres"": 0.0}",0.0,0.0,561.3619995117188,0.0,0.8599513173103333,0.0,,0.0,0.0,40.0,225.0,28.33339843750001,44.33339843750001,Leave_One_experiments/all_year_offline_schedule_search/daily_outputs/SYA/SYA_2019_SYA2019_normal_grid_S0023_daily.csv
SYA,SYA,Shenyang,2019,Leave_One_experiments\wth_generated_qc\SYA\SYA2019.WTH,wet_year;nitrogen_stress_year;low_response_year,wet,SYA2019_normal_grid_S0023,pareto_balanced,2019-06-07,158,53,48,"{""sim_day"": 53.0, ""doy"": 158.0, ""topwt"": 623.5094833374023, ""grnwt"": 0.0, ""xlai"": 0.9339933395385742, ""totir"": 0.0, ""tofer"": NaN, ""swfac"": 0.0, ""nstres"": 0.0}",0.0,0.0,623.5094833374023,0.0,0.9339933395385742,0.0,,0.0,0.0,40.0,225.0,28.33339843750001,44.33339843750001,Leave_One_experiments/all_year_offline_schedule_search/daily_outputs/SYA/SYA_2019_SYA2019_normal_grid_S0023_daily.csv
SYA,SYA,Shenyang,2019,Leave_One_experiments\wth_generated_qc\SYA\SYA2019.WTH,wet_year;nitrogen_stress_year;low_response_year,wet,SYA2019_normal_grid_S0023,pareto_balanced,2019-06-08,159,54,49,"{""sim_day"": 54.0, ""doy"": 159.0, ""topwt"": 670.0341033935547, ""grnwt"": 0.0, ""xlai"": 0.9876981377601624, ""totir"": 0.0, ""tofer"": NaN, ""swfac"": 0.0, ""nstres"": 0.0}",0.0,0.0,670.0341033935547,0.0,0.9876981377601624,0.0,,0.0,0.0,40.0,225.0,28.33339843750001,44.33339843750001,Leave_One_experiments/all_year_offline_schedule_search/daily_outputs/SYA/SYA_2019_SYA2019_normal_grid_S0023_daily.csv
SYA,SYA,Shenyang,2019,Leave_One_experiments\wth_generated_qc\SYA\SYA2019.WTH,wet_year;nitrogen_stress_year;low_response_year,wet,SYA2019_normal_grid_S0023,pareto_balanced,2019-06-09,160,55,50,"{""sim_day"": 55.0, ""doy"": 160.0, ""topwt"": 727.89794921875, ""grnwt"": 0.0, ""xlai"": 1.0522712469100952, ""totir"": 0.0, ""tofer"": NaN, ""swfac"": 0.0, ""nstres"": 0.0}",0.0,0.0,727.89794921875,0.0,1.0522712469100952,0.0,,0.0,0.0,40.0,225.0,28.33339843750001,44.33339843750001,Leave_One_experiments/all_year_offline_schedule_search/daily_outputs/SYA/SYA_2019_SYA2019_normal_grid_S0023_daily.csv
SYA,SYA,Shenyang,2019,Leave_One_experiments\wth_generated_qc\SYA\SYA2019.WTH,wet_year;nitrogen_stress_year;low_response_year,wet,SYA2019_normal_grid_S0023,pareto_balanced,2019-06-10,161,56,51,"{""sim_day"": 56.0, ""doy"": 161.0, ""topwt"": 789.1329956054688, ""grnwt"": 0.0, ""xlai"": 1.1181560754776, ""totir"": 0.0, ""tofer"": NaN, ""swfac"": 0.0, ""nstres"": 0.0}",0.0,0.0,789.1329956054688,0.0,1.1181560754776,0.0,,0.0,0.0,40.0,225.0,28.33339843750001,44.33339843750001,Leave_One_experiments/all_year_offline_schedule_search/daily_outputs/SYA/SYA_2019_SYA2019_normal_grid_S0023_daily.csv
SYA,SYA,Shenyang,2019,Leave_One_experiments\wth_generated_qc\SYA\SYA2019.WTH,wet_year;nitrogen_stress_year;low_response_year,wet,SYA2019_normal_grid_S0023,pareto_balanced,2019-06-11,162,57,52,"{""sim_day"": 57.0, ""doy"": 162.0, ""topwt"": 868.2275390625, ""grnwt"": 0.0, ""xlai"": 1.199547529220581, ""totir"": 0.0, ""tofer"": NaN, ""swfac"": 0.0, ""nstres"": 0.0}",0.0,0.0,868.2275390625,0.0,1.199547529220581,0.0,,0.0,0.0,40.0,225.0,28.33339843750001,44.33339843750001,Leave_One_experiments/all_year_offline_schedule_search/daily_outputs/SYA/SYA_2019_SYA2019_normal_grid_S0023_daily.csv
SYA,SYA,Shenyang,2019,Leave_One_experiments\wth_generated_qc\SYA\SYA2019.WTH,wet_year;nitrogen_stress_year;low_response_year,wet,SYA2019_normal_grid_S0023,pareto_balanced,2019-06-12,163,58,53,"{""sim_day"": 58.0, ""doy"": 163.0, ""topwt"": 938.1455993652344, ""grnwt"": 0.0, ""xlai"": 1.26857328414917, ""totir"": 0.0, ""tofer"": NaN, ""swfac"": 0.0, ""nstres"": 0.0}",0.0,0.0,938.1455993652344,0.0,1.26857328414917,0.0,,0.0,0.0,40.0,225.0,28.33339843750001,44.33339843750001,Leave_One_experiments/all_year_offline_schedule_search/daily_outputs/SYA/SYA_2019_SYA2019_normal_grid_S0023_daily.csv
SYA,SYA,Shenyang,2019,Leave_One_experiments\wth_generated_qc\SYA\SYA2019.WTH,wet_year;nitrogen_stress_year;low_response_year,wet,SYA2019_normal_grid_S0023,pareto_balanced,2019-06-13,164,59,54,"{""sim_day"": 59.0, ""doy"": 164.0, ""topwt"": 1007.8874969482422, ""grnwt"": 0.0, ""xlai"": 1.3347666263580322, ""totir"": 0.0, ""tofer"": NaN, ""swfac"": 0.0, ""nstres"": 0.0}",0.0,0.0,1007.8874969482422,0.0,1.3347666263580322,0.0,,0.0,0.0,40.0,225.0,28.33339843750001,44.33339843750001,Leave_One_experiments/all_year_offline_schedule_search/daily_outputs/SYA/SYA_2019_SYA2019_normal_grid_S0023_daily.csv
SYA,SYA,Shenyang,2019,Leave_One_experiments\wth_generated_qc\SYA\SYA2019.WTH,wet_year;nitrogen_stress_year;low_response_year,wet,SYA2019_normal_grid_S0023,pareto_balanced,2019-06-14,165,60,55,"{""sim_day"": 60.0, ""doy"": 165.0, ""topwt"": 1066.4503479003906, ""grnwt"": 0.0, ""xlai"": 1.388519287109375, ""totir"": 0.0, ""tofer"": NaN, ""swfac"": 0.0, ""nstres"": 0.0}",0.0,0.0,1066.4503479003906,0.0,1.388519287109375,0.0,,0.0,0.0,40.0,225.0,28.33339843750001,44.33339843750001,Leave_One_experiments/all_year_offline_schedule_search/daily_outputs/SYA/SYA_2019_SYA2019_normal_grid_S0023_daily.csv
SYA,SYA,Shenyang,2019,Leave_One_experiments\wth_generated_qc\SYA\SYA2019.WTH,wet_year;nitrogen_stress_year;low_response_year,wet,SYA2019_normal_grid_S0023,pareto_balanced,2019-06-15,166,61,56,"{""sim_day"": 61.0, ""doy"": 166.0, ""topwt"": 1130.2565002441406, ""grnwt"": 0.0, ""xlai"": 1.4451310634613037, ""totir"": 0.0, ""tofer"": NaN, ""swfac"": 0.0, ""nstres"": 0.0}",0.0,0.0,1130.2565002441406,0.0,1.4451310634613037,0.0,,0.0,0.0,40.0,225.0,28.33339843750001,44.33339843750001,Leave_One_experiments/all_year_offline_schedule_search/daily_outputs/SYA/SYA_2019_SYA2019_normal_grid_S0023_daily.csv
SYA,SYA,Shenyang,2019,Leave_One_experiments\wth_generated_qc\SYA\SYA2019.WTH,wet_year;nitrogen_stress_year;low_response_year,wet,SYA2019_normal_grid_S0023,pareto_balanced,2019-06-16,167,62,57,"{""sim_day"": 62.0, ""doy"": 167.0, ""topwt"": 1201.9361114501953, ""grnwt"": 0.0, ""xlai"": 1.5064189434051514, ""totir"": 0.0, ""tofer"": NaN, ""swfac"": 0.0, ""nstres"": 0.0}",0.0,0.0,1201.9361114501953,0.0,1.5064189434051514,0.0,,0.0,0.0,40.0,225.0,28.33339843750001,44.33339843750001,Leave_One_experiments/all_year_offline_schedule_search/daily_outputs/SYA/SYA_2019_SYA2019_normal_grid_S0023_daily.csv
SYA,SYA,Shenyang,2019,Leave_One_experiments\wth_generated_qc\SYA\SYA2019.WTH,wet_year;nitrogen_stress_year;low_response_year,wet,SYA2019_normal_grid_S0023,pareto_balanced,2019-06-17,168,63,58,"{""sim_day"": 63.0, ""doy"": 168.0, ""topwt"": 1280.9495544433594, ""grnwt"": 0.0, ""xlai"": 1.571344971656799, ""totir"": 0.0, ""tofer"": NaN, ""swfac"": 0.0, ""nstres"": 0.0}",0.0,0.0,1280.9495544433594,0.0,1.571344971656799,0.0,,0.0,0.0,40.0,225.0,28.33339843750001,44.33339843750001,Leave_One_experiments/all_year_offline_schedule_search/daily_outputs/SYA/SYA_2019_SYA2019_normal_grid_S0023_daily.csv
SYA,SYA,Shenyang,2019,Leave_One_experiments\wth_generated_qc\SYA\SYA2019.WTH,wet_year;nitrogen_stress_year;low_response_year,wet,SYA2019_normal_grid_S0023,pareto_balanced,2019-06-18,169,64,59,"{""sim_day"": 64.0, ""doy"": 169.0, ""topwt"": 1370.7388305664062, ""grnwt"": 0.0, ""xlai"": 1.6419843435287476, ""totir"": 0.0, ""tofer"": NaN, ""swfac"": 0.0, ""nstres"": 0.0}",0.0,0.0,1370.7388305664062,0.0,1.6419843435287476,0.0,,0.0,0.0,40.0,225.0,28.33339843750001,44.33339843750001,Leave_One_experiments/all_year_offline_schedule_search/daily_outputs/SYA/SYA_2019_SYA2019_normal_grid_S0023_daily.csv
SYA,SYA,Shenyang,2019,Leave_One_experiments\wth_generated_qc\SYA\SYA2019.WTH,wet_year;nitrogen_stress_year;low_response_year,wet,SYA2019_normal_grid_S0023,pareto_balanced,2019-06-19,170,65,60,"{""sim_day"": 65.0, ""doy"": 170.0, ""topwt"": 1487.7041625976562, ""grnwt"": 0.0, ""xlai"": 1.7292187213897705, ""totir"": 0.0, ""tofer"": NaN, ""swfac"": 0.0, ""nstres"": 0.0}",0.0,0.0,1487.7041625976562,0.0,1.7292187213897705,0.0,,0.0,75.0,40.0,225.0,28.33339843750001,44.33339843750001,Leave_One_experiments/all_year_offline_schedule_search/daily_outputs/SYA/SYA_2019_SYA2019_normal_grid_S0023_daily.csv
SYA,SYA,Shenyang,2019,Leave_One_experiments\wth_generated_qc\SYA\SYA2019.WTH,wet_year;nitrogen_stress_year;low_response_year,wet,SYA2019_normal_grid_S0023,pareto_balanced,2019-06-20,171,66,61,"{""sim_day"": 66.0, ""doy"": 171.0, ""topwt"": 1582.7587890625, ""grnwt"": 0.0, ""xlai"": 1.7970143556594849, ""totir"": 0.0, ""tofer"": NaN, ""swfac"": 0.0, ""nstres"": 0.0}",0.0,0.0,1582.7587890625,0.0,1.7970143556594849,0.0,,0.0,0.0,40.0,225.0,28.33339843750001,44.33339843750001,Leave_One_experiments/all_year_offline_schedule_search/daily_outputs/SYA/SYA_2019_SYA2019_normal_grid_S0023_daily.csv
SYA,SYA,Shenyang,2019,Leave_One_experiments\wth_generated_qc\SYA\SYA2019.WTH,wet_year;nitrogen_stress_year;low_response_year,wet,SYA2019_normal_grid_S0023,pareto_balanced,2019-06-21,172,67,62,"{""sim_day"": 67.0, ""doy"": 172.0, ""topwt"": 1685.5551147460938, ""grnwt"": 0.0, ""xlai"": 1.867150902748108, ""totir"": 0.0, ""tofer"": NaN, ""swfac"": 0.0, ""nstres"": 0.0}",0.0,0.0,1685.5551147460938,0.0,1.867150902748108,0.0,,0.0,0.0,40.0,225.0,28.33339843750001,44.33339843750001,Leave_One_experiments/all_year_offline_schedule_search/daily_outputs/SYA/SYA_2019_SYA2019_normal_grid_S0023_daily.csv
SYA,SYA,Shenyang,2019,Leave_One_experiments\wth_generated_qc\SYA\SYA2019.WTH,wet_year;nitrogen_stress_year;low_response_year,wet,SYA2019_normal_grid_S0023,pareto_balanced,2019-06-22,173,68,63,"{""sim_day"": 68.0, ""doy"": 173.0, ""topwt"": 1804.6722412109373, ""grnwt"": 0.0, ""xlai"": 1.9445627927780151, ""totir"": 0.0, ""tofer"": NaN, ""swfac"": 0.0, ""nstres"": 0.0}",0.0,0.0,1804.6722412109373,0.0,1.9445627927780151,0.0,,0.0,0.0,40.0,225.0,28.33339843750001,44.33339843750001,Leave_One_experiments/all_year_offline_schedule_search/daily_outputs/SYA/SYA_2019_SYA2019_normal_grid_S0023_daily.csv
SYA,SYA,Shenyang,2019,Leave_One_experiments\wth_generated_qc\SYA\SYA2019.WTH,wet_year;nitrogen_stress_year;low_response_year,wet,SYA2019_normal_grid_S0023,pareto_balanced,2019-06-23,174,69,64,"{""sim_day"": 69.0, ""doy"": 174.0, ""topwt"": 1947.4273681640625, ""grnwt"": 0.0, ""xlai"": 2.032360553741455, ""totir"": 0.0, ""tofer"": NaN, ""swfac"": 0.0, ""nstres"": 0.0}",0.0,0.0,1947.4273681640625,0.0,2.032360553741455,0.0,,0.0,0.0,40.0,225.0,28.33339843750001,44.33339843750001,Leave_One_experiments/all_year_offline_schedule_search/daily_outputs/SYA/SYA_2019_SYA2019_normal_grid_S0023_daily.csv
SYA,SYA,Shenyang,2019,Leave_One_experiments\wth_generated_qc\SYA\SYA2019.WTH,wet_year;nitrogen_stress_year;low_response_year,wet,SYA2019_normal_grid_S0023,pareto_balanced,2019-06-24,175,70,65,"{""sim_day"": 70.0, ""doy"": 175.0, ""topwt"": 2111.0934448242188, ""grnwt"": 0.0, ""xlai"": 2.127170324325561, ""totir"": 40.0, ""tofer"": NaN, ""swfac"": 0.0, ""nstres"": 0.0}",0.0,0.0,2111.0934448242188,0.0,2.127170324325561,40.0,,40.0,0.0,40.0,225.0,28.33339843750001,44.33339843750001,Leave_One_experiments/all_year_offline_schedule_search/daily_outputs/SYA/SYA_2019_SYA2019_normal_grid_S0023_daily.csv
SYA,SYA,Shenyang,2019,Leave_One_experiments\wth_generated_qc\SYA\SYA2019.WTH,wet_year;nitrogen_stress_year;low_response_year,wet,SYA2019_normal_grid_S0023,pareto_balanced,2019-06-25,176,71,66,"{""sim_day"": 71.0, ""doy"": 176.0, ""topwt"": 2270.973052978516, ""grnwt"": 0.0, ""xlai"": 2.2147252559661865, ""totir"": 40.0, ""tofer"": NaN, ""swfac"": 0.0, ""nstres"": 0.0}",0.0,0.0,2270.973052978516,0.0,2.2147252559661865,40.0,,0.0,0.0,40.0,225.0,28.33339843750001,44.33339843750001,Leave_One_experiments/all_year_offline_schedule_search/daily_outputs/SYA/SYA_2019_SYA2019_normal_grid_S0023_daily.csv
SYA,SYA,Shenyang,2019,Leave_One_experiments\wth_generated_qc\SYA\SYA2019.WTH,wet_year;nitrogen_stress_year;low_response_year,wet,SYA2019_normal_grid_S0023,pareto_balanced,2019-06-26,177,72,67,"{""sim_day"": 72.0, ""doy"": 177.0, ""topwt"": 2434.7193908691406, ""grnwt"": 0.0, ""xlai"": 2.299688577651977, ""totir"": 40.0, ""tofer"": NaN, ""swfac"": 0.0, ""nstres"": 0.0}",0.0,0.0,2434.7193908691406,0.0,2.299688577651977,40.0,,0.0,0.0,40.0,225.0,28.33339843750001,44.33339843750001,Leave_One_experiments/all_year_offline_schedule_search/daily_outputs/SYA/SYA_2019_SYA2019_normal_grid_S0023_daily.csv
SYA,SYA,Shenyang,2019,Leave_One_experiments\wth_generated_qc\SYA\SYA2019.WTH,wet_year;nitrogen_stress_year;low_response_year,wet,SYA2019_normal_grid_S0023,pareto_balanced,2019-06-27,178,73,68,"{""sim_day"": 73.0, ""doy"": 178.0, ""topwt"": 2517.4009704589844, ""grnwt"": 0.0, ""xlai"": 2.340531349182129, ""totir"": 40.0, ""tofer"": NaN, ""swfac"": 0.0, ""nstres"": 0.0}",0.0,0.0,2517.4009704589844,0.0,2.340531349182129,40.0,,0.0,0.0,40.0,225.0,28.33339843750001,44.33339843750001,Leave_One_experiments/all_year_offline_schedule_search/daily_outputs/SYA/SYA_2019_SYA2019_normal_grid_S0023_daily.csv
SYA,SYA,Shenyang,2019,Leave_One_experiments\wth_generated_qc\SYA\SYA2019.WTH,wet_year;nitrogen_stress_year;low_response_year,wet,SYA2019_normal_grid_S0023,pareto_balanced,2019-06-28,179,74,69,"{""sim_day"": 74.0, ""doy"": 179.0, ""topwt"": 2606.952514648437, ""grnwt"": 0.0, ""xlai"": 2.3831069469451904, ""totir"": 40.0, ""tofer"": NaN, ""swfac"": 0.0, ""nstres"": 0.0}",0.0,0.0,2606.952514648437,0.0,2.3831069469451904,40.0,,0.0,0.0,40.0,225.0,28.33339843750001,44.33339843750001,Leave_One_experiments/all_year_offline_schedule_search/daily_outputs/SYA/SYA_2019_SYA2019_normal_grid_S0023_daily.csv
SYA,SYA,Shenyang,2019,Leave_One_experiments\wth_generated_qc\SYA\SYA2019.WTH,wet_year;nitrogen_stress_year;low_response_year,wet,SYA2019_normal_grid_S0023,pareto_balanced,2019-06-29,180,75,70,"{""sim_day"": 75.0, ""doy"": 180.0, ""topwt"": 3013.2498168945312, ""grnwt"": 0.0, ""xlai"": 2.7051141262054443, ""totir"": 40.0, ""tofer"": NaN, ""swfac"": 0.0, ""nstres"": 0.0}",0.0,0.0,3013.2498168945312,0.0,2.7051141262054443,40.0,,0.0,0.0,40.0,225.0,28.33339843750001,44.33339843750001,Leave_One_experiments/all_year_offline_schedule_search/daily_outputs/SYA/SYA_2019_SYA2019_normal_grid_S0023_daily.csv
SYA,SYA,Shenyang,2019,Leave_One_experiments\wth_generated_qc\SYA\SYA2019.WTH,wet_year;nitrogen_stress_year;low_response_year,wet,SYA2019_normal_grid_S0023,pareto_balanced,2019-06-30,181,76,71,"{""sim_day"": 76.0, ""doy"": 181.0, ""topwt"": 3231.122436523437, ""grnwt"": 0.0, ""xlai"": 2.8214261531829834, ""totir"": 40.0, ""tofer"": NaN, ""swfac"": 0.0, ""nstres"": 0.0}",0.0,0.0,3231.122436523437,0.0,2.8214261531829834,40.0,,0.0,0.0,40.0,225.0,28.33339843750001,44.33339843750001,Leave_One_experiments/all_year_offline_schedule_search/daily_outputs/SYA/SYA_2019_SYA2019_normal_grid_S0023_daily.csv
SYA,SYA,Shenyang,2019,Leave_One_experiments\wth_generated_qc\SYA\SYA2019.WTH,wet_year;nitrogen_stress_year;low_response_year,wet,SYA2019_normal_grid_S0023,pareto_balanced,2019-07-01,182,77,72,"{""sim_day"": 77.0, ""doy"": 182.0, ""topwt"": 3466.948547363281, ""grnwt"": 0.0, ""xlai"": 2.925856828689575, ""totir"": 40.0, ""tofer"": NaN, ""swfac"": 0.0, ""nstres"": 0.0}",0.0,0.0,3466.948547363281,0.0,2.925856828689575,40.0,,0.0,0.0,40.0,225.0,28.33339843750001,44.33339843750001,Leave_One_experiments/all_year_offline_schedule_search/daily_outputs/SYA/SYA_2019_SYA2019_normal_grid_S0023_daily.csv
SYA,SYA,Shenyang,2019,Leave_One_experiments\wth_generated_qc\SYA\SYA2019.WTH,wet_year;nitrogen_stress_year;low_response_year,wet,SYA2019_normal_grid_S0023,pareto_balanced,2019-07-02,183,78,73,"{""sim_day"": 78.0, ""doy"": 183.0, ""topwt"": 3696.9921875, ""grnwt"": 0.0, ""xlai"": 3.0154294967651367, ""totir"": 40.0, ""tofer"": NaN, ""swfac"": 0.0, ""nstres"": 0.0}",0.0,0.0,3696.9921875,0.0,3.0154294967651367,40.0,,0.0,0.0,40.0,225.0,28.33339843750001,44.33339843750001,Leave_One_experiments/all_year_offline_schedule_search/daily_outputs/SYA/SYA_2019_SYA2019_normal_grid_S0023_daily.csv
SYA,SYA,Shenyang,2019,Leave_One_experiments\wth_generated_qc\SYA\SYA2019.WTH,wet_year;nitrogen_stress_year;low_response_year,wet,SYA2019_normal_grid_S0023,pareto_balanced,2019-07-03,184,79,74,"{""sim_day"": 79.0, ""doy"": 184.0, ""topwt"": 3932.83203125, ""grnwt"": 0.0, ""xlai"": 3.098250150680542, ""totir"": 40.0, ""tofer"": NaN, ""swfac"": 0.0, ""nstres"": 0.0}",0.0,0.0,3932.83203125,0.0,3.098250150680542,40.0,,0.0,0.0,40.0,225.0,28.33339843750001,44.33339843750001,Leave_One_experiments/all_year_offline_schedule_search/daily_outputs/SYA/SYA_2019_SYA2019_normal_grid_S0023_daily.csv
SYA,SYA,Shenyang,2019,Leave_One_experiments\wth_generated_qc\SYA\SYA2019.WTH,wet_year;nitrogen_stress_year;low_response_year,wet,SYA2019_normal_grid_S0023,pareto_balanced,2019-07-04,185,80,75,"{""sim_day"": 80.0, ""doy"": 185.0, ""topwt"": 4169.143371582031, ""grnwt"": 0.0, ""xlai"": 3.174459218978882, ""totir"": 40.0, ""tofer"": NaN, ""swfac"": 0.0, ""nstres"": 0.0}",0.0,0.0,4169.143371582031,0.0,3.174459218978882,40.0,,0.0,0.0,40.0,225.0,28.33339843750001,44.33339843750001,Leave_One_experiments/all_year_offline_schedule_search/daily_outputs/SYA/SYA_2019_SYA2019_normal_grid_S0023_daily.csv
SYA,SYA,Shenyang,2019,Leave_One_experiments\wth_generated_qc\SYA\SYA2019.WTH,wet_year;nitrogen_stress_year;low_response_year,wet,SYA2019_normal_grid_S0023,pareto_balanced,2019-07-05,186,81,76,"{""sim_day"": 81.0, ""doy"": 186.0, ""topwt"": 4386.181640625, ""grnwt"": 0.0, ""xlai"": 3.2399003505706787, ""totir"": 40.0, ""tofer"": NaN, ""swfac"": 0.0, ""nstres"": 0.0}",0.0,0.0,4386.181640625,0.0,3.2399003505706787,40.0,,0.0,0.0,40.0,225.0,28.33339843750001,44.33339843750001,Leave_One_experiments/all_year_offline_schedule_search/daily_outputs/SYA/SYA_2019_SYA2019_normal_grid_S0023_daily.csv
SYA,SYA,Shenyang,2019,Leave_One_experiments\wth_generated_qc\SYA\SYA2019.WTH,wet_year;nitrogen_stress_year;low_response_year,wet,SYA2019_normal_grid_S0023,pareto_balanced,2019-07-06,187,82,77,"{""sim_day"": 82.0, ""doy"": 187.0, ""topwt"": 4588.755187988281, ""grnwt"": 0.0, ""xlai"": 3.297679662704468, ""totir"": 40.0, ""tofer"": NaN, ""swfac"": 0.0, ""nstres"": 0.0}",0.0,0.0,4588.755187988281,0.0,3.297679662704468,40.0,,0.0,0.0,40.0,225.0,28.33339843750001,44.33339843750001,Leave_One_experiments/all_year_offline_schedule_search/daily_outputs/SYA/SYA_2019_SYA2019_normal_grid_S0023_daily.csv
SYA,SYA,Shenyang,2019,Leave_One_experiments\wth_generated_qc\SYA\SYA2019.WTH,wet_year;nitrogen_stress_year;low_response_year,wet,SYA2019_normal_grid_S0023,pareto_balanced,2019-07-07,188,83,78,"{""sim_day"": 83.0, ""doy"": 188.0, ""topwt"": 4776.6339111328125, ""grnwt"": 0.0, ""xlai"": 3.348822116851806, ""totir"": 40.0, ""tofer"": NaN, ""swfac"": 0.0, ""nstres"": 0.0}",0.0,0.0,4776.6339111328125,0.0,3.348822116851806,40.0,,0.0,0.0,40.0,225.0,28.33339843750001,44.33339843750001,Leave_One_experiments/all_year_offline_schedule_search/daily_outputs/SYA/SYA_2019_SYA2019_normal_grid_S0023_daily.csv
SYA,SYA,Shenyang,2019,Leave_One_experiments\wth_generated_qc\SYA\SYA2019.WTH,wet_year;nitrogen_stress_year;low_response_year,wet,SYA2019_normal_grid_S0023,pareto_balanced,2019-07-08,189,84,79,"{""sim_day"": 84.0, ""doy"": 189.0, ""topwt"": 4976.2689208984375, ""grnwt"": 0.0, ""xlai"": 3.400799036026001, ""totir"": 40.0, ""tofer"": NaN, ""swfac"": 0.0, ""nstres"": 0.0}",0.0,0.0,4976.2689208984375,0.0,3.400799036026001,40.0,,0.0,0.0,40.0,225.0,28.33339843750001,44.33339843750001,Leave_One_experiments/all_year_offline_schedule_search/daily_outputs/SYA/SYA_2019_SYA2019_normal_grid_S0023_daily.csv
SYA,SYA,Shenyang,2019,Leave_One_experiments\wth_generated_qc\SYA\SYA2019.WTH,wet_year;nitrogen_stress_year;low_response_year,wet,SYA2019_normal_grid_S0023,pareto_balanced,2019-07-09,190,85,80,"{""sim_day"": 85.0, ""doy"": 190.0, ""topwt"": 5167.5238037109375, ""grnwt"": 0.0, ""xlai"": 3.448649883270264, ""totir"": 40.0, ""tofer"": NaN, ""swfac"": 0.0, ""nstres"": 0.0}",0.0,0.0,5167.5238037109375,0.0,3.448649883270264,40.0,,0.0,0.0,40.0,225.0,28.33339843750001,44.33339843750001,Leave_One_experiments/all_year_offline_schedule_search/daily_outputs/SYA/SYA_2019_SYA2019_normal_grid_S0023_daily.csv
SYA,SYA,Shenyang,2019,Leave_One_experiments\wth_generated_qc\SYA\SYA2019.WTH,wet_year;nitrogen_stress_year;low_response_year,wet,SYA2019_normal_grid_S0023,pareto_balanced,2019-07-10,191,86,81,"{""sim_day"": 86.0, ""doy"": 191.0, ""topwt"": 5346.011962890625, ""grnwt"": 0.0, ""xlai"": 3.491777181625366, ""totir"": 40.0, ""tofer"": NaN, ""swfac"": 0.0, ""nstres"": 0.0}",0.0,0.0,5346.011962890625,0.0,3.491777181625366,40.0,,0.0,0.0,40.0,225.0,28.33339843750001,44.33339843750001,Leave_One_experiments/all_year_offline_schedule_search/daily_outputs/SYA/SYA_2019_SYA2019_normal_grid_S0023_daily.csv
SYA,SYA,Shenyang,2019,Leave_One_experiments\wth_generated_qc\SYA\SYA2019.WTH,wet_year;nitrogen_stress_year;low_response_year,wet,SYA2019_normal_grid_S0023,pareto_balanced,2019-07-11,192,87,82,"{""sim_day"": 87.0, ""doy"": 192.0, ""topwt"": 5519.6173095703125, ""grnwt"": 0.0, ""xlai"": 3.5336785316467285, ""totir"": 40.0, ""tofer"": NaN, ""swfac"": 0.0, ""nstres"": 0.0}",0.0,0.0,5519.6173095703125,0.0,3.5336785316467285,40.0,,0.0,0.0,40.0,225.0,28.33339843750001,44.33339843750001,Leave_One_experiments/all_year_offline_schedule_search/daily_outputs/SYA/SYA_2019_SYA2019_normal_grid_S0023_daily.csv
SYA,SYA,Shenyang,2019,Leave_One_experiments\wth_generated_qc\SYA\SYA2019.WTH,wet_year;nitrogen_stress_year;low_response_year,wet,SYA2019_normal_grid_S0023,pareto_balanced,2019-07-12,193,88,83,"{""sim_day"": 88.0, ""doy"": 193.0, ""topwt"": 5703.9678955078125, ""grnwt"": 0.0, ""xlai"": 3.578155755996704, ""totir"": 40.0, ""tofer"": NaN, ""swfac"": 0.0, ""nstres"": 0.0}",0.0,0.0,5703.9678955078125,0.0,3.578155755996704,40.0,,0.0,0.0,40.0,225.0,28.33339843750001,44.33339843750001,Leave_One_experiments/all_year_offline_schedule_search/daily_outputs/SYA/SYA_2019_SYA2019_normal_grid_S0023_daily.csv
SYA,SYA,Shenyang,2019,Leave_One_experiments\wth_generated_qc\SYA\SYA2019.WTH,wet_year;nitrogen_stress_year;low_response_year,wet,SYA2019_normal_grid_S0023,pareto_balanced,2019-07-13,194,89,84,"{""sim_day"": 89.0, ""doy"": 194.0, ""topwt"": 5879.5196533203125, ""grnwt"": 0.0, ""xlai"": 3.620455741882324, ""totir"": 40.0, ""tofer"": NaN, ""swfac"": 0.0, ""nstres"": 0.0}",0.0,0.0,5879.5196533203125,0.0,3.620455741882324,40.0,,0.0,0.0,40.0,225.0,28.33339843750001,44.33339843750001,Leave_One_experiments/all_year_offline_schedule_search/daily_outputs/SYA/SYA_2019_SYA2019_normal_grid_S0023_daily.csv
SYA,SYA,Shenyang,2019,Leave_One_experiments\wth_generated_qc\SYA\SYA2019.WTH,wet_year;nitrogen_stress_year;low_response_year,wet,SYA2019_normal_grid_S0023,pareto_balanced,2019-07-14,195,90,85,"{""sim_day"": 90.0, ""doy"": 195.0, ""topwt"": 6051.284790039063, ""grnwt"": 0.0, ""xlai"": 3.6618010997772217, ""totir"": 40.0, ""tofer"": NaN, ""swfac"": 0.0, ""nstres"": 0.0}",0.0,0.0,6051.284790039063,0.0,3.6618010997772217,40.0,,0.0,0.0,40.0,225.0,28.33339843750001,44.33339843750001,Leave_One_experiments/all_year_offline_schedule_search/daily_outputs/SYA/SYA_2019_SYA2019_normal_grid_S0023_daily.csv
SYA,SYA,Shenyang,2019,Leave_One_experiments\wth_generated_qc\SYA\SYA2019.WTH,wet_year;nitrogen_stress_year;low_response_year,wet,SYA2019_normal_grid_S0023,pareto_balanced,2019-07-15,196,91,86,"{""sim_day"": 91.0, ""doy"": 196.0, ""topwt"": 6237.93212890625, ""grnwt"": 0.0, ""xlai"": 3.706721305847168, ""totir"": 40.0, ""tofer"": NaN, ""swfac"": 0.0, ""nstres"": 0.0}",0.0,0.0,6237.93212890625,0.0,3.706721305847168,40.0,,0.0,0.0,40.0,225.0,28.33339843750001,44.33339843750001,Leave_One_experiments/all_year_offline_schedule_search/daily_outputs/SYA/SYA_2019_SYA2019_normal_grid_S0023_daily.csv
SYA,SYA,Shenyang,2019,Leave_One_experiments\wth_generated_qc\SYA\SYA2019.WTH,wet_year;nitrogen_stress_year;low_response_year,wet,SYA2019_normal_grid_S0023,pareto_balanced,2019-07-16,197,92,87,"{""sim_day"": 92.0, ""doy"": 197.0, ""topwt"": 6403.52783203125, ""grnwt"": 0.0, ""xlai"": 3.7465009689331055, ""totir"": 40.0, ""tofer"": NaN, ""swfac"": 0.0, ""nstres"": 0.0}",0.0,0.0,6403.52783203125,0.0,3.7465009689331055,40.0,,0.0,0.0,40.0,225.0,28.33339843750001,44.33339843750001,Leave_One_experiments/all_year_offline_schedule_search/daily_outputs/SYA/SYA_2019_SYA2019_normal_grid_S0023_daily.csv
SYA,SYA,Shenyang,2019,Leave_One_experiments\wth_generated_qc\SYA\SYA2019.WTH,wet_year;nitrogen_stress_year;low_response_year,wet,SYA2019_normal_grid_S0023,pareto_balanced,2019-07-17,198,93,88,"{""sim_day"": 93.0, ""doy"": 198.0, ""topwt"": 6696.16943359375, ""grnwt"": 0.0, ""xlai"": 3.5755951404571533, ""totir"": 40.0, ""tofer"": NaN, ""swfac"": 0.0, ""nstres"": 0.0}",0.0,0.0,6696.16943359375,0.0,3.5755951404571533,40.0,,0.0,0.0,40.0,225.0,28.33339843750001,44.33339843750001,Leave_One_experiments/all_year_offline_schedule_search/daily_outputs/SYA/SYA_2019_SYA2019_normal_grid_S0023_daily.csv
SYA,SYA,Shenyang,2019,Leave_One_experiments\wth_generated_qc\SYA\SYA2019.WTH,wet_year;nitrogen_stress_year;low_response_year,wet,SYA2019_normal_grid_S0023,pareto_balanced,2019-07-18,199,94,89,"{""sim_day"": 94.0, ""doy"": 199.0, ""topwt"": 7121.6705322265625, ""grnwt"": 0.0, ""xlai"": 3.5576043128967285, ""totir"": 40.0, ""tofer"": NaN, ""swfac"": 0.0, ""nstres"": 0.0}",0.0,0.0,7121.6705322265625,0.0,3.5576043128967285,40.0,,0.0,0.0,40.0,225.0,28.33339843750001,44.33339843750001,Leave_One_experiments/all_year_offline_schedule_search/daily_outputs/SYA/SYA_2019_SYA2019_normal_grid_S0023_daily.csv
SYA,SYA,Shenyang,2019,Leave_One_experiments\wth_generated_qc\SYA\SYA2019.WTH,wet_year;nitrogen_stress_year;low_response_year,wet,SYA2019_normal_grid_S0023,pareto_balanced,2019-07-19,200,95,90,"{""sim_day"": 95.0, ""doy"": 200.0, ""topwt"": 7534.642333984375, ""grnwt"": 0.0, ""xlai"": 3.540130853652954, ""totir"": 40.0, ""tofer"": NaN, ""swfac"": 0.0, ""nstres"": 0.0}",0.0,0.0,7534.642333984375,0.0,3.540130853652954,40.0,,0.0,0.0,40.0,225.0,28.33339843750001,44.33339843750001,Leave_One_experiments/all_year_offline_schedule_search/daily_outputs/SYA/SYA_2019_SYA2019_normal_grid_S0023_daily.csv
SYA,SYA,Shenyang,2019,Leave_One_experiments\wth_generated_qc\SYA\SYA2019.WTH,wet_year;nitrogen_stress_year;low_response_year,wet,SYA2019_normal_grid_S0023,pareto_balanced,2019-07-20,201,96,91,"{""sim_day"": 96.0, ""doy"": 201.0, ""topwt"": 7679.79736328125, ""grnwt"": 0.0, ""xlai"": 3.522657632827759, ""totir"": 40.0, ""tofer"": NaN, ""swfac"": 0.0, ""nstres"": 0.0}",0.0,0.0,7679.79736328125,0.0,3.522657632827759,40.0,,0.0,0.0,40.0,225.0,28.33339843750001,44.33339843750001,Leave_One_experiments/all_year_offline_schedule_search/daily_outputs/SYA/SYA_2019_SYA2019_normal_grid_S0023_daily.csv
SYA,SYA,Shenyang,2019,Leave_One_experiments\wth_generated_qc\SYA\SYA2019.WTH,wet_year;nitrogen_stress_year;low_response_year,wet,SYA2019_normal_grid_S0023,pareto_balanced,2019-07-21,202,97,92,"{""sim_day"": 97.0, ""doy"": 202.0, ""topwt"": 8082.092895507812, ""grnwt"": 0.0, ""xlai"": 3.5036439895629883, ""totir"": 40.0, ""tofer"": NaN, ""swfac"": 0.0, ""nstres"": 0.0}",0.0,0.0,8082.092895507812,0.0,3.5036439895629883,40.0,,0.0,0.0,40.0,225.0,28.33339843750001,44.33339843750001,Leave_One_experiments/all_year_offline_schedule_search/daily_outputs/SYA/SYA_2019_SYA2019_normal_grid_S0023_daily.csv
SYA,SYA,Shenyang,2019,Leave_One_experiments\wth_generated_qc\SYA\SYA2019.WTH,wet_year;nitrogen_stress_year;low_response_year,wet,SYA2019_normal_grid_S0023,pareto_balanced,2019-07-22,203,98,93,"{""sim_day"": 98.0, ""doy"": 203.0, ""topwt"": 8169.716186523437, ""grnwt"": 0.0, ""xlai"": 3.4856529235839844, ""totir"": 40.0, ""tofer"": NaN, ""swfac"": 0.0, ""nstres"": 0.0}",0.0,0.0,8169.716186523437,0.0,3.4856529235839844,40.0,,0.0,0.0,40.0,225.0,28.33339843750001,44.33339843750001,Leave_One_experiments/all_year_offline_schedule_search/daily_outputs/SYA/SYA_2019_SYA2019_normal_grid_S0023_daily.csv
SYA,SYA,Shenyang,2019,Leave_One_experiments\wth_generated_qc\SYA\SYA2019.WTH,wet_year;nitrogen_stress_year;low_response_year,wet,SYA2019_normal_grid_S0023,pareto_balanced,2019-07-23,204,99,94,"{""sim_day"": 99.0, ""doy"": 204.0, ""topwt"": 8513.810424804688, ""grnwt"": 0.0, ""xlai"": 3.465919017791748, ""totir"": 40.0, ""tofer"": NaN, ""swfac"": 0.0, ""nstres"": 0.0}",0.0,0.0,8513.810424804688,0.0,3.465919017791748,40.0,,0.0,0.0,40.0,225.0,28.33339843750001,44.33339843750001,Leave_One_experiments/all_year_offline_schedule_search/daily_outputs/SYA/SYA_2019_SYA2019_normal_grid_S0023_daily.csv
SYA,SYA,Shenyang,2019,Leave_One_experiments\wth_generated_qc\SYA\SYA2019.WTH,wet_year;nitrogen_stress_year;low_response_year,wet,SYA2019_normal_grid_S0023,pareto_balanced,2019-07-24,205,100,95,"{""sim_day"": 100.0, ""doy"": 205.0, ""topwt"": 8614.644165039062, ""grnwt"": 0.0, ""xlai"": 3.4470326900482178, ""totir"": 40.0, ""tofer"": NaN, ""swfac"": 0.0, ""nstres"": 0.0}",0.0,0.0,8614.644165039062,0.0,3.4470326900482178,40.0,,0.0,0.0,40.0,225.0,28.33339843750001,44.33339843750001,Leave_One_experiments/all_year_offline_schedule_search/daily_outputs/SYA/SYA_2019_SYA2019_normal_grid_S0023_daily.csv
SYA,SYA,Shenyang,2019,Leave_One_experiments\wth_generated_qc\SYA\SYA2019.WTH,wet_year;nitrogen_stress_year;low_response_year,wet,SYA2019_normal_grid_S0023,pareto_balanced,2019-07-25,206,101,96,"{""sim_day"": 101.0, ""doy"": 206.0, ""topwt"": 9033.1982421875, ""grnwt"": 0.0, ""xlai"": 3.428994417190552, ""totir"": 40.0, ""tofer"": NaN, ""swfac"": 0.0, ""nstres"": 0.0}",0.0,0.0,9033.1982421875,0.0,3.428994417190552,40.0,,0.0,0.0,40.0,225.0,28.33339843750001,44.33339843750001,Leave_One_experiments/all_year_offline_schedule_search/daily_outputs/SYA/SYA_2019_SYA2019_normal_grid_S0023_daily.csv
SYA,SYA,Shenyang,2019,Leave_One_experiments\wth_generated_qc\SYA\SYA2019.WTH,wet_year;nitrogen_stress_year;low_response_year,wet,SYA2019_normal_grid_S0023,pareto_balanced,2019-07-26,207,102,97,"{""sim_day"": 102.0, ""doy"": 207.0, ""topwt"": 9272.311401367188, ""grnwt"": 239.112491607666, ""xlai"": 3.363854169845581, ""totir"": 40.0, ""tofer"": NaN, ""swfac"": 0.0, ""nstres"": 0.0}",0.0,0.0,9272.311401367188,239.112491607666,3.363854169845581,40.0,,0.0,0.0,40.0,225.0,28.33339843750001,44.33339843750001,Leave_One_experiments/all_year_offline_schedule_search/daily_outputs/SYA/SYA_2019_SYA2019_normal_grid_S0023_daily.csv
SYA,SYA,Shenyang,2019,Leave_One_experiments\wth_generated_qc\SYA\SYA2019.WTH,wet_year;nitrogen_stress_year;low_response_year,wet,SYA2019_normal_grid_S0023,pareto_balanced,2019-07-27,208,103,98,"{""sim_day"": 103.0, ""doy"": 208.0, ""topwt"": 9555.859985351562, ""grnwt"": 522.6617431640625, ""xlai"": 3.3536527156829834, ""totir"": 40.0, ""tofer"": NaN, ""swfac"": 0.0, ""nstres"": 0.0}",0.0,0.0,9555.859985351562,522.6617431640625,3.3536527156829834,40.0,,0.0,0.0,40.0,225.0,28.33339843750001,44.33339843750001,Leave_One_experiments/all_year_offline_schedule_search/daily_outputs/SYA/SYA_2019_SYA2019_normal_grid_S0023_daily.csv
SYA,SYA,Shenyang,2019,Leave_One_experiments\wth_generated_qc\SYA\SYA2019.WTH,wet_year;nitrogen_stress_year;low_response_year,wet,SYA2019_normal_grid_S0023,pareto_balanced,2019-07-28,209,104,99,"{""sim_day"": 104.0, ""doy"": 209.0, ""topwt"": 9788.624267578123, ""grnwt"": 755.426025390625, ""xlai"": 3.340352296829224, ""totir"": 40.0, ""tofer"": NaN, ""swfac"": 0.0, ""nstres"": 0.0}",0.0,0.0,9788.624267578123,755.426025390625,3.340352296829224,40.0,,0.0,0.0,40.0,225.0,28.33339843750001,44.33339843750001,Leave_One_experiments/all_year_offline_schedule_search/daily_outputs/SYA/SYA_2019_SYA2019_normal_grid_S0023_daily.csv
SYA,SYA,Shenyang,2019,Leave_One_experiments\wth_generated_qc\SYA\SYA2019.WTH,wet_year;nitrogen_stress_year;low_response_year,wet,SYA2019_normal_grid_S0023,pareto_balanced,2019-07-29,210,105,100,"{""sim_day"": 105.0, ""doy"": 210.0, ""topwt"": 10099.6826171875, ""grnwt"": 1066.4838409423828, ""xlai"": 3.325727939605713, ""totir"": 40.0, ""tofer"": NaN, ""swfac"": 0.0, ""nstres"": 0.0}",0.0,0.0,10099.6826171875,1066.4838409423828,3.325727939605713,40.0,,0.0,0.0,40.0,225.0,28.33339843750001,44.33339843750001,Leave_One_experiments/all_year_offline_schedule_search/daily_outputs/SYA/SYA_2019_SYA2019_normal_grid_S0023_daily.csv
SYA,SYA,Shenyang,2019,Leave_One_experiments\wth_generated_qc\SYA\SYA2019.WTH,wet_year;nitrogen_stress_year;low_response_year,wet,SYA2019_normal_grid_S0023,pareto_balanced,2019-07-30,211,106,101,"{""sim_day"": 106.0, ""doy"": 211.0, ""topwt"": 10398.04443359375, ""grnwt"": 1364.8454284667969, ""xlai"": 3.308246374130249, ""totir"": 40.0, ""tofer"": NaN, ""swfac"": 0.0, ""nstres"": 0.0}",0.0,0.0,10398.04443359375,1364.8454284667969,3.308246374130249,40.0,,0.0,0.0,40.0,225.0,28.33339843750001,44.33339843750001,Leave_One_experiments/all_year_offline_schedule_search/daily_outputs/SYA/SYA_2019_SYA2019_normal_grid_S0023_daily.csv
SYA,SYA,Shenyang,2019,Leave_One_experiments\wth_generated_qc\SYA\SYA2019.WTH,wet_year;nitrogen_stress_year;low_response_year,wet,SYA2019_normal_grid_S0023,pareto_balanced,2019-07-31,212,107,102,"{""sim_day"": 107.0, ""doy"": 212.0, ""topwt"": 10673.128662109377, ""grnwt"": 1639.930419921875, ""xlai"": 3.2872910499572754, ""totir"": 40.0, ""tofer"": NaN, ""swfac"": 0.0, ""nstres"": 0.0}",0.0,0.0,10673.128662109377,1639.930419921875,3.2872910499572754,40.0,,0.0,0.0,40.0,225.0,28.33339843750001,44.33339843750001,Leave_One_experiments/all_year_offline_schedule_search/daily_outputs/SYA/SYA_2019_SYA2019_normal_grid_S0023_daily.csv
SYA,SYA,Shenyang,2019,Leave_One_experiments\wth_generated_qc\SYA\SYA2019.WTH,wet_year;nitrogen_stress_year;low_response_year,wet,SYA2019_normal_grid_S0023,pareto_balanced,2019-08-01,213,108,103,"{""sim_day"": 108.0, ""doy"": 213.0, ""topwt"": 10879.727783203123, ""grnwt"": 1978.4967041015625, ""xlai"": 3.266080617904663, ""totir"": 40.0, ""tofer"": NaN, ""swfac"": 0.0, ""nstres"": 0.0}",0.0,0.0,10879.727783203123,1978.4967041015625,3.266080617904663,40.0,,0.0,0.0,40.0,225.0,28.33339843750001,44.33339843750001,Leave_One_experiments/all_year_offline_schedule_search/daily_outputs/SYA/SYA_2019_SYA2019_normal_grid_S0023_daily.csv
SYA,SYA,Shenyang,2019,Leave_One_experiments\wth_generated_qc\SYA\SYA2019.WTH,wet_year;nitrogen_stress_year;low_response_year,wet,SYA2019_normal_grid_S0023,pareto_balanced,2019-08-02,214,109,104,"{""sim_day"": 109.0, ""doy"": 214.0, ""topwt"": 11177.46337890625, ""grnwt"": 2317.0628356933594, ""xlai"": 3.244664669036865, ""totir"": 40.0, ""tofer"": NaN, ""swfac"": 0.0, ""nstres"": 0.0}",0.0,0.0,11177.46337890625,2317.0628356933594,3.244664669036865,40.0,,0.0,0.0,40.0,225.0,28.33339843750001,44.33339843750001,Leave_One_experiments/all_year_offline_schedule_search/daily_outputs/SYA/SYA_2019_SYA2019_normal_grid_S0023_daily.csv
SYA,SYA,Shenyang,2019,Leave_One_experiments\wth_generated_qc\SYA\SYA2019.WTH,wet_year;nitrogen_stress_year;low_response_year,wet,SYA2019_normal_grid_S0023,pareto_balanced,2019-08-03,215,110,105,"{""sim_day"": 110.0, ""doy"": 215.0, ""topwt"": 11509.6875, ""grnwt"": 2655.628967285156, ""xlai"": 3.2187814712524414, ""totir"": 40.0, ""tofer"": NaN, ""swfac"": 0.0, ""nstres"": 0.0}",0.0,0.0,11509.6875,2655.628967285156,3.2187814712524414,40.0,,0.0,0.0,40.0,225.0,28.33339843750001,44.33339843750001,Leave_One_experiments/all_year_offline_schedule_search/daily_outputs/SYA/SYA_2019_SYA2019_normal_grid_S0023_daily.csv
SYA,SYA,Shenyang,2019,Leave_One_experiments\wth_generated_qc\SYA\SYA2019.WTH,wet_year;nitrogen_stress_year;low_response_year,wet,SYA2019_normal_grid_S0023,pareto_balanced,2019-08-04,216,111,106,"{""sim_day"": 111.0, ""doy"": 216.0, ""topwt"": 11806.34765625, ""grnwt"": 2994.195556640625, ""xlai"": 3.189671754837036, ""totir"": 40.0, ""tofer"": NaN, ""swfac"": 0.0, ""nstres"": 0.0}",0.0,0.0,11806.34765625,2994.195556640625,3.189671754837036,40.0,,0.0,0.0,40.0,225.0,28.33339843750001,44.33339843750001,Leave_One_experiments/all_year_offline_schedule_search/daily_outputs/SYA/SYA_2019_SYA2019_normal_grid_S0023_daily.csv
SYA,SYA,Shenyang,2019,Leave_One_experiments\wth_generated_qc\SYA\SYA2019.WTH,wet_year;nitrogen_stress_year;low_response_year,wet,SYA2019_normal_grid_S0023,pareto_balanced,2019-08-05,217,112,107,"{""sim_day"": 112.0, ""doy"": 217.0, ""topwt"": 12067.50732421875, ""grnwt"": 3313.7176513671875, ""xlai"": 3.154513120651245, ""totir"": 40.0, ""tofer"": NaN, ""swfac"": 0.0, ""nstres"": 0.0}",0.0,0.0,12067.50732421875,3313.7176513671875,3.154513120651245,40.0,,0.0,0.0,40.0,225.0,28.33339843750001,44.33339843750001,Leave_One_experiments/all_year_offline_schedule_search/daily_outputs/SYA/SYA_2019_SYA2019_normal_grid_S0023_daily.csv
SYA,SYA,Shenyang,2019,Leave_One_experiments\wth_generated_qc\SYA\SYA2019.WTH,wet_year;nitrogen_stress_year;low_response_year,wet,SYA2019_normal_grid_S0023,pareto_balanced,2019-08-06,218,113,108,"{""sim_day"": 113.0, ""doy"": 218.0, ""topwt"": 12327.9248046875, ""grnwt"": 3622.6589965820312, ""xlai"": 3.1149556636810303, ""totir"": 40.0, ""tofer"": NaN, ""swfac"": 0.0, ""nstres"": 0.0}",0.0,0.0,12327.9248046875,3622.6589965820312,3.1149556636810303,40.0,,0.0,0.0,40.0,225.0,28.33339843750001,44.33339843750001,Leave_One_experiments/all_year_offline_schedule_search/daily_outputs/SYA/SYA_2019_SYA2019_normal_grid_S0023_daily.csv
SYA,SYA,Shenyang,2019,Leave_One_experiments\wth_generated_qc\SYA\SYA2019.WTH,wet_year;nitrogen_stress_year;low_response_year,wet,SYA2019_normal_grid_S0023,pareto_balanced,2019-08-07,219,114,109,"{""sim_day"": 114.0, ""doy"": 219.0, ""topwt"": 12581.717529296877, ""grnwt"": 3961.225280761719, ""xlai"": 3.076314687728882, ""totir"": 40.0, ""tofer"": NaN, ""swfac"": 0.0, ""nstres"": 0.0}",0.0,0.0,12581.717529296877,3961.225280761719,3.076314687728882,40.0,,0.0,0.0,40.0,225.0,28.33339843750001,44.33339843750001,Leave_One_experiments/all_year_offline_schedule_search/daily_outputs/SYA/SYA_2019_SYA2019_normal_grid_S0023_daily.csv
SYA,SYA,Shenyang,2019,Leave_One_experiments\wth_generated_qc\SYA\SYA2019.WTH,wet_year;nitrogen_stress_year;low_response_year,wet,SYA2019_normal_grid_S0023,pareto_balanced,2019-08-08,220,115,110,"{""sim_day"": 115.0, ""doy"": 220.0, ""topwt"": 12932.08984375, ""grnwt"": 4299.791564941406, ""xlai"": 3.0322182178497314, ""totir"": 40.0, ""tofer"": NaN, ""swfac"": 0.0, ""nstres"": 0.0}",0.0,0.0,12932.08984375,4299.791564941406,3.0322182178497314,40.0,,0.0,0.0,40.0,225.0,28.33339843750001,44.33339843750001,Leave_One_experiments/all_year_offline_schedule_search/daily_outputs/SYA/SYA_2019_SYA2019_normal_grid_S0023_daily.csv
SYA,SYA,Shenyang,2019,Leave_One_experiments\wth_generated_qc\SYA\SYA2019.WTH,wet_year;nitrogen_stress_year;low_response_year,wet,SYA2019_normal_grid_S0023,pareto_balanced,2019-08-09,221,116,111,"{""sim_day"": 116.0, ""doy"": 221.0, ""topwt"": 13170.6884765625, ""grnwt"": 4638.357849121094, ""xlai"": 2.982677698135376, ""totir"": 40.0, ""tofer"": NaN, ""swfac"": 0.0, ""nstres"": 0.0}",0.0,0.0,13170.6884765625,4638.357849121094,2.982677698135376,40.0,,0.0,0.0,40.0,225.0,28.33339843750001,44.33339843750001,Leave_One_experiments/all_year_offline_schedule_search/daily_outputs/SYA/SYA_2019_SYA2019_normal_grid_S0023_daily.csv
SYA,SYA,Shenyang,2019,Leave_One_experiments\wth_generated_qc\SYA\SYA2019.WTH,wet_year;nitrogen_stress_year;low_response_year,wet,SYA2019_normal_grid_S0023,pareto_balanced,2019-08-10,222,117,112,"{""sim_day"": 117.0, ""doy"": 222.0, ""topwt"": 13246.690673828123, ""grnwt"": 4976.924133300781, ""xlai"": 2.9424870014190674, ""totir"": 40.0, ""tofer"": NaN, ""swfac"": 0.0, ""nstres"": 0.0}",0.0,0.0,13246.690673828123,4976.924133300781,2.9424870014190674,40.0,,0.0,0.0,40.0,225.0,28.33339843750001,44.33339843750001,Leave_One_experiments/all_year_offline_schedule_search/daily_outputs/SYA/SYA_2019_SYA2019_normal_grid_S0023_daily.csv
SYA,SYA,Shenyang,2019,Leave_One_experiments\wth_generated_qc\SYA\SYA2019.WTH,wet_year;nitrogen_stress_year;low_response_year,wet,SYA2019_normal_grid_S0023,pareto_balanced,2019-08-11,223,118,113,"{""sim_day"": 118.0, ""doy"": 223.0, ""topwt"": 13526.820068359377, ""grnwt"": 5315.490112304688, ""xlai"": 2.8931994438171387, ""totir"": 40.0, ""tofer"": NaN, ""swfac"": 0.0, ""nstres"": 0.0}",0.0,0.0,13526.820068359377,5315.490112304688,2.8931994438171387,40.0,,0.0,0.0,40.0,225.0,28.33339843750001,44.33339843750001,Leave_One_experiments/all_year_offline_schedule_search/daily_outputs/SYA/SYA_2019_SYA2019_normal_grid_S0023_daily.csv
SYA,SYA,Shenyang,2019,Leave_One_experiments\wth_generated_qc\SYA\SYA2019.WTH,wet_year;nitrogen_stress_year;low_response_year,wet,SYA2019_normal_grid_S0023,pareto_balanced,2019-08-12,224,119,114,"{""sim_day"": 119.0, ""doy"": 224.0, ""topwt"": 13635.797119140623, ""grnwt"": 5654.056396484375, ""xlai"": 2.838081359863281, ""totir"": 40.0, ""tofer"": NaN, ""swfac"": 0.0, ""nstres"": 0.0}",0.0,0.0,13635.797119140623,5654.056396484375,2.838081359863281,40.0,,0.0,0.0,40.0,225.0,28.33339843750001,44.33339843750001,Leave_One_experiments/all_year_offline_schedule_search/daily_outputs/SYA/SYA_2019_SYA2019_normal_grid_S0023_daily.csv
SYA,SYA,Shenyang,2019,Leave_One_experiments\wth_generated_qc\SYA\SYA2019.WTH,wet_year;nitrogen_stress_year;low_response_year,wet,SYA2019_normal_grid_S0023,pareto_balanced,2019-08-13,225,120,115,"{""sim_day"": 120.0, ""doy"": 225.0, ""topwt"": 13682.8173828125, ""grnwt"": 5723.348388671875, ""xlai"": 2.78708291053772, ""totir"": 40.0, ""tofer"": NaN, ""swfac"": 0.0, ""nstres"": 0.0}",0.0,0.0,13682.8173828125,5723.348388671875,2.78708291053772,40.0,,0.0,0.0,40.0,225.0,28.33339843750001,44.33339843750001,Leave_One_experiments/all_year_offline_schedule_search/daily_outputs/SYA/SYA_2019_SYA2019_normal_grid_S0023_daily.csv
SYA,SYA,Shenyang,2019,Leave_One_experiments\wth_generated_qc\SYA\SYA2019.WTH,wet_year;nitrogen_stress_year;low_response_year,wet,SYA2019_normal_grid_S0023,pareto_balanced,2019-08-14,226,121,116,"{""sim_day"": 121.0, ""doy"": 226.0, ""topwt"": 13865.341796875, ""grnwt"": 5905.8734130859375, ""xlai"": 2.7290759086608887, ""totir"": 40.0, ""tofer"": NaN, ""swfac"": 0.0, ""nstres"": 0.0}",0.0,0.0,13865.341796875,5905.8734130859375,2.7290759086608887,40.0,,0.0,0.0,40.0,225.0,28.33339843750001,44.33339843750001,Leave_One_experiments/all_year_offline_schedule_search/daily_outputs/SYA/SYA_2019_SYA2019_normal_grid_S0023_daily.csv
SYA,SYA,Shenyang,2019,Leave_One_experiments\wth_generated_qc\SYA\SYA2019.WTH,wet_year;nitrogen_stress_year;low_response_year,wet,SYA2019_normal_grid_S0023,pareto_balanced,2019-08-15,227,122,117,"{""sim_day"": 122.0, ""doy"": 227.0, ""topwt"": 14206.700439453123, ""grnwt"": 6244.439697265625, ""xlai"": 2.665861129760742, ""totir"": 40.0, ""tofer"": NaN, ""swfac"": 0.0, ""nstres"": 0.0}",0.0,0.0,14206.700439453123,6244.439697265625,2.665861129760742,40.0,,0.0,0.0,40.0,225.0,28.33339843750001,44.33339843750001,Leave_One_experiments/all_year_offline_schedule_search/daily_outputs/SYA/SYA_2019_SYA2019_normal_grid_S0023_daily.csv
SYA,SYA,Shenyang,2019,Leave_One_experiments\wth_generated_qc\SYA\SYA2019.WTH,wet_year;nitrogen_stress_year;low_response_year,wet,SYA2019_normal_grid_S0023,pareto_balanced,2019-08-16,228,123,118,"{""sim_day"": 123.0, ""doy"": 228.0, ""topwt"": 14473.85009765625, ""grnwt"": 6514.381713867188, ""xlai"": 2.608515977859497, ""totir"": 40.0, ""tofer"": NaN, ""swfac"": 0.0, ""nstres"": 0.0}",0.0,0.0,14473.85009765625,6514.381713867188,2.608515977859497,40.0,,0.0,0.0,40.0,225.0,28.33339843750001,44.33339843750001,Leave_One_experiments/all_year_offline_schedule_search/daily_outputs/SYA/SYA_2019_SYA2019_normal_grid_S0023_daily.csv
SYA,SYA,Shenyang,2019,Leave_One_experiments\wth_generated_qc\SYA\SYA2019.WTH,wet_year;nitrogen_stress_year;low_response_year,wet,SYA2019_normal_grid_S0023,pareto_balanced,2019-08-17,229,124,119,"{""sim_day"": 124.0, ""doy"": 229.0, ""topwt"": 14855.52978515625, ""grnwt"": 6852.947998046875, ""xlai"": 2.5451090335845947, ""totir"": 40.0, ""tofer"": NaN, ""swfac"": 0.0, ""nstres"": 0.0}",0.0,0.0,14855.52978515625,6852.947998046875,2.5451090335845947,40.0,,0.0,0.0,40.0,225.0,28.33339843750001,44.33339843750001,Leave_One_experiments/all_year_offline_schedule_search/daily_outputs/SYA/SYA_2019_SYA2019_normal_grid_S0023_daily.csv
SYA,SYA,Shenyang,2019,Leave_One_experiments\wth_generated_qc\SYA\SYA2019.WTH,wet_year;nitrogen_stress_year;low_response_year,wet,SYA2019_normal_grid_S0023,pareto_balanced,2019-08-18,230,125,120,"{""sim_day"": 125.0, ""doy"": 230.0, ""topwt"": 15244.468994140623, ""grnwt"": 7191.5142822265625, ""xlai"": 2.4746110439300537, ""totir"": 40.0, ""tofer"": NaN, ""swfac"": 0.0, ""nstres"": 0.0}",0.0,0.0,15244.468994140623,7191.5142822265625,2.4746110439300537,40.0,,0.0,0.0,40.0,225.0,28.33339843750001,44.33339843750001,Leave_One_experiments/all_year_offline_schedule_search/daily_outputs/SYA/SYA_2019_SYA2019_normal_grid_S0023_daily.csv
SYA,SYA,Shenyang,2019,Leave_One_experiments\wth_generated_qc\SYA\SYA2019.WTH,wet_year;nitrogen_stress_year;low_response_year,wet,SYA2019_normal_grid_S0023,pareto_balanced,2019-08-19,231,126,121,"{""sim_day"": 126.0, ""doy"": 231.0, ""topwt"": 15306.719970703123, ""grnwt"": 7347.2515869140625, ""xlai"": 2.4025275707244877, ""totir"": 40.0, ""tofer"": NaN, ""swfac"": 0.0, ""nstres"": 0.0}",0.0,0.0,15306.719970703123,7347.2515869140625,2.4025275707244877,40.0,,0.0,0.0,40.0,225.0,28.33339843750001,44.33339843750001,Leave_One_experiments/all_year_offline_schedule_search/daily_outputs/SYA/SYA_2019_SYA2019_normal_grid_S0023_daily.csv
SYA,SYA,Shenyang,2019,Leave_One_experiments\wth_generated_qc\SYA\SYA2019.WTH,wet_year;nitrogen_stress_year;low_response_year,wet,SYA2019_normal_grid_S0023,pareto_balanced,2019-08-20,232,127,122,"{""sim_day"": 127.0, ""doy"": 232.0, ""topwt"": 15692.0556640625, ""grnwt"": 7685.81787109375, ""xlai"": 2.317123413085937, ""totir"": 40.0, ""tofer"": NaN, ""swfac"": 0.0, ""nstres"": 0.0}",0.0,0.0,15692.0556640625,7685.81787109375,2.317123413085937,40.0,,0.0,0.0,40.0,225.0,28.33339843750001,44.33339843750001,Leave_One_experiments/all_year_offline_schedule_search/daily_outputs/SYA/SYA_2019_SYA2019_normal_grid_S0023_daily.csv
SYA,SYA,Shenyang,2019,Leave_One_experiments\wth_generated_qc\SYA\SYA2019.WTH,wet_year;nitrogen_stress_year;low_response_year,wet,SYA2019_normal_grid_S0023,pareto_balanced,2019-08-21,233,128,123,"{""sim_day"": 128.0, ""doy"": 233.0, ""topwt"": 16074.459228515623, ""grnwt"": 8024.384155273437, ""xlai"": 2.2417590618133545, ""totir"": 40.0, ""tofer"": NaN, ""swfac"": 0.0, ""nstres"": 0.0}",0.0,0.0,16074.459228515623,8024.384155273437,2.2417590618133545,40.0,,0.0,0.0,40.0,225.0,28.33339843750001,44.33339843750001,Leave_One_experiments/all_year_offline_schedule_search/daily_outputs/SYA/SYA_2019_SYA2019_normal_grid_S0023_daily.csv
SYA,SYA,Shenyang,2019,Leave_One_experiments\wth_generated_qc\SYA\SYA2019.WTH,wet_year;nitrogen_stress_year;low_response_year,wet,SYA2019_normal_grid_S0023,pareto_balanced,2019-08-22,234,129,124,"{""sim_day"": 129.0, ""doy"": 234.0, ""topwt"": 16417.9052734375, ""grnwt"": 8362.950439453125, ""xlai"": 2.1695070266723637, ""totir"": 40.0, ""tofer"": NaN, ""swfac"": 0.0, ""nstres"": 0.0}",0.0,0.0,16417.9052734375,8362.950439453125,2.1695070266723637,40.0,,0.0,0.0,40.0,225.0,28.33339843750001,44.33339843750001,Leave_One_experiments/all_year_offline_schedule_search/daily_outputs/SYA/SYA_2019_SYA2019_normal_grid_S0023_daily.csv
SYA,SYA,Shenyang,2019,Leave_One_experiments\wth_generated_qc\SYA\SYA2019.WTH,wet_year;nitrogen_stress_year;low_response_year,wet,SYA2019_normal_grid_S0023,pareto_balanced,2019-08-23,235,130,125,"{""sim_day"": 130.0, ""doy"": 235.0, ""topwt"": 16761.610107421875, ""grnwt"": 8701.516723632812, ""xlai"": 2.0880582332611084, ""totir"": 40.0, ""tofer"": NaN, ""swfac"": 0.0, ""nstres"": 0.0}",0.0,0.0,16761.610107421875,8701.516723632812,2.0880582332611084,40.0,,0.0,0.0,40.0,225.0,28.33339843750001,44.33339843750001,Leave_One_experiments/all_year_offline_schedule_search/daily_outputs/SYA/SYA_2019_SYA2019_normal_grid_S0023_daily.csv
SYA,SYA,Shenyang,2019,Leave_One_experiments\wth_generated_qc\SYA\SYA2019.WTH,wet_year;nitrogen_stress_year;low_response_year,wet,SYA2019_normal_grid_S0023,pareto_balanced,2019-08-24,236,131,126,"{""sim_day"": 131.0, ""doy"": 236.0, ""topwt"": 17123.466796875, ""grnwt"": 9040.0830078125, ""xlai"": 1.9987231492996216, ""totir"": 40.0, ""tofer"": NaN, ""swfac"": 0.0, ""nstres"": 0.0}",0.0,0.0,17123.466796875,9040.0830078125,1.9987231492996216,40.0,,0.0,0.0,40.0,225.0,28.33339843750001,44.33339843750001,Leave_One_experiments/all_year_offline_schedule_search/daily_outputs/SYA/SYA_2019_SYA2019_normal_grid_S0023_daily.csv
SYA,SYA,Shenyang,2019,Leave_One_experiments\wth_generated_qc\SYA\SYA2019.WTH,wet_year;nitrogen_stress_year;low_response_year,wet,SYA2019_normal_grid_S0023,pareto_balanced,2019-08-25,237,132,127,"{""sim_day"": 132.0, ""doy"": 237.0, ""topwt"": 17442.208251953125, ""grnwt"": 9378.648681640623, ""xlai"": 1.8927100896835327, ""totir"": 40.0, ""tofer"": NaN, ""swfac"": 0.0, ""nstres"": 0.0}",0.0,0.0,17442.208251953125,9378.648681640623,1.8927100896835327,40.0,,0.0,0.0,40.0,225.0,28.33339843750001,44.33339843750001,Leave_One_experiments/all_year_offline_schedule_search/daily_outputs/SYA/SYA_2019_SYA2019_normal_grid_S0023_daily.csv
SYA,SYA,Shenyang,2019,Leave_One_experiments\wth_generated_qc\SYA\SYA2019.WTH,wet_year;nitrogen_stress_year;low_response_year,wet,SYA2019_normal_grid_S0023,pareto_balanced,2019-08-26,238,133,128,"{""sim_day"": 133.0, ""doy"": 238.0, ""topwt"": 17758.306884765625, ""grnwt"": 9717.214965820312, ""xlai"": 1.7841837406158447, ""totir"": 40.0, ""tofer"": NaN, ""swfac"": 0.0, ""nstres"": 0.0}",0.0,0.0,17758.306884765625,9717.214965820312,1.7841837406158447,40.0,,0.0,0.0,40.0,225.0,28.33339843750001,44.33339843750001,Leave_One_experiments/all_year_offline_schedule_search/daily_outputs/SYA/SYA_2019_SYA2019_normal_grid_S0023_daily.csv
SYA,SYA,Shenyang,2019,Leave_One_experiments\wth_generated_qc\SYA\SYA2019.WTH,wet_year;nitrogen_stress_year;low_response_year,wet,SYA2019_normal_grid_S0023,pareto_balanced,2019-08-27,239,134,129,"{""sim_day"": 134.0, ""doy"": 239.0, ""topwt"": 18041.09375, ""grnwt"": 10055.78125, ""xlai"": 1.6872944831848145, ""totir"": 40.0, ""tofer"": NaN, ""swfac"": 0.0, ""nstres"": 0.0}",0.0,0.0,18041.09375,10055.78125,1.6872944831848145,40.0,,0.0,0.0,40.0,225.0,28.33339843750001,44.33339843750001,Leave_One_experiments/all_year_offline_schedule_search/daily_outputs/SYA/SYA_2019_SYA2019_normal_grid_S0023_daily.csv
SYA,SYA,Shenyang,2019,Leave_One_experiments\wth_generated_qc\SYA\SYA2019.WTH,wet_year;nitrogen_stress_year;low_response_year,wet,SYA2019_normal_grid_S0023,pareto_balanced,2019-08-28,240,135,130,"{""sim_day"": 135.0, ""doy"": 240.0, ""topwt"": 18196.88720703125, ""grnwt"": 10237.41455078125, ""xlai"": 1.609381914138794, ""totir"": 40.0, ""tofer"": NaN, ""swfac"": 0.0, ""nstres"": 0.001039981842041}",0.0,0.001039981842041,18196.88720703125,10237.41455078125,1.609381914138794,40.0,,0.0,0.0,40.0,225.0,28.33339843750001,44.33339843750001,Leave_One_experiments/all_year_offline_schedule_search/daily_outputs/SYA/SYA_2019_SYA2019_normal_grid_S0023_daily.csv
SYA,SYA,Shenyang,2019,Leave_One_experiments\wth_generated_qc\SYA\SYA2019.WTH,wet_year;nitrogen_stress_year;low_response_year,wet,SYA2019_normal_grid_S0023,pareto_balanced,2019-08-29,241,136,131,"{""sim_day"": 136.0, ""doy"": 241.0, ""topwt"": 18417.8125, ""grnwt"": 10458.33984375, ""xlai"": 1.5242242813110352, ""totir"": 40.0, ""tofer"": NaN, ""swfac"": 0.0, ""nstres"": 0.0169077515602111}",0.0,0.0169077515602111,18417.8125,10458.33984375,1.5242242813110352,40.0,,0.0,0.0,40.0,225.0,28.33339843750001,44.33339843750001,Leave_One_experiments/all_year_offline_schedule_search/daily_outputs/SYA/SYA_2019_SYA2019_normal_grid_S0023_daily.csv
SYA,SYA,Shenyang,2019,Leave_One_experiments\wth_generated_qc\SYA\SYA2019.WTH,wet_year;nitrogen_stress_year;low_response_year,wet,SYA2019_normal_grid_S0023,pareto_balanced,2019-08-30,242,137,132,"{""sim_day"": 137.0, ""doy"": 242.0, ""topwt"": 18417.8125, ""grnwt"": 10458.33984375, ""xlai"": 1.5242242813110352, ""totir"": 40.0, ""tofer"": NaN, ""swfac"": 0.0, ""nstres"": 0.0534473061561584}",0.0,0.0534473061561584,18417.8125,10458.33984375,1.5242242813110352,40.0,,0.0,0.0,40.0,225.0,28.33339843750001,44.33339843750001,Leave_One_experiments/all_year_offline_schedule_search/daily_outputs/SYA/SYA_2019_SYA2019_normal_grid_S0023_daily.csv
SYA,SYA,Shenyang,2019,Leave_One_experiments\wth_generated_qc\SYA\SYA2019.WTH,wet_year;nitrogen_stress_year;low_response_year,wet,SYA2019_normal_grid_S0023,pareto_balanced,2019-08-31,243,138,133,"{""sim_day"": 138.0, ""doy"": 243.0, ""topwt"": 18417.8125, ""grnwt"": 10458.33984375, ""xlai"": 1.5242242813110352, ""totir"": 40.0, ""tofer"": NaN, ""swfac"": 0.0, ""nstres"": 0.0534473061561584}",0.0,0.0534473061561584,18417.8125,10458.33984375,1.5242242813110352,40.0,,0.0,0.0,40.0,225.0,28.33339843750001,44.33339843750001,Leave_One_experiments/all_year_offline_schedule_search/daily_outputs/SYA/SYA_2019_SYA2019_normal_grid_S0023_daily.csv
SYA,SYA,Shenyang,2019,Leave_One_experiments\wth_generated_qc\SYA\SYA2019.WTH,wet_year;nitrogen_stress_year;low_response_year,wet,SYA2019_normal_grid_S0023,pareto_balanced,2019-09-01,244,139,134,"{""sim_day"": 139.0, ""doy"": 244.0, ""topwt"": 18417.8125, ""grnwt"": 10458.33984375, ""xlai"": 1.5242242813110352, ""totir"": 40.0, ""tofer"": NaN, ""swfac"": 0.0, ""nstres"": 0.0534473061561584}",0.0,0.0534473061561584,18417.8125,10458.33984375,1.5242242813110352,40.0,,0.0,0.0,40.0,225.0,28.33339843750001,44.33339843750001,Leave_One_experiments/all_year_offline_schedule_search/daily_outputs/SYA/SYA_2019_SYA2019_normal_grid_S0023_daily.csv
SYA,SYA,Shenyang,2019,Leave_One_experiments\wth_generated_qc\SYA\SYA2019.WTH,wet_year;nitrogen_stress_year;low_response_year,wet,SYA2019_normal_grid_S0023,pareto_balanced,2019-09-02,245,140,135,"{""sim_day"": 140.0, ""doy"": 245.0, ""topwt"": 18417.8125, ""grnwt"": 10458.33984375, ""xlai"": 1.5242242813110352, ""totir"": 40.0, ""tofer"": NaN, ""swfac"": 0.0, ""nstres"": 0.0534473061561584}",0.0,0.0534473061561584,18417.8125,10458.33984375,1.5242242813110352,40.0,,0.0,0.0,40.0,225.0,28.33339843750001,44.33339843750001,Leave_One_experiments/all_year_offline_schedule_search/daily_outputs/SYA/SYA_2019_SYA2019_normal_grid_S0023_daily.csv
SYA,SYA,Shenyang,2020,Leave_One_experiments\wth_generated_qc\SYA\SYA2020.WTH,normal_year;water_stress_year;nitrogen_stress_year,water_stress,SYA2020_stress_grid_S0012,irrigation_positive_candidate,2020-04-20,111,1,1,"{""sim_day"": 1.0, ""doy"": 111.0, ""topwt"": 0.0, ""grnwt"": 0.0, ""xlai"": 0.0, ""totir"": 0.0, ""tofer"": NaN, ""swfac"": 0.0, ""nstres"": 0.0}",0.0,0.0,0.0,0.0,0.0,0.0,,0.0,0.0,20.0,0.0,14.70867462158203,22.70867462158203,Leave_One_experiments/all_year_offline_schedule_search/daily_outputs/SYA/SYA_2020_SYA2020_stress_grid_S0012_daily.csv
SYA,SYA,Shenyang,2020,Leave_One_experiments\wth_generated_qc\SYA\SYA2020.WTH,normal_year;water_stress_year;nitrogen_stress_year,water_stress,SYA2020_stress_grid_S0012,irrigation_positive_candidate,2020-04-21,112,2,2,"{""sim_day"": 2.0, ""doy"": 112.0, ""topwt"": 0.0, ""grnwt"": 0.0, ""xlai"": 0.0, ""totir"": 0.0, ""tofer"": NaN, ""swfac"": 0.0, ""nstres"": 0.0}",0.0,0.0,0.0,0.0,0.0,0.0,,0.0,0.0,20.0,0.0,14.70867462158203,22.70867462158203,Leave_One_experiments/all_year_offline_schedule_search/daily_outputs/SYA/SYA_2020_SYA2020_stress_grid_S0012_daily.csv
SYA,SYA,Shenyang,2020,Leave_One_experiments\wth_generated_qc\SYA\SYA2020.WTH,normal_year;water_stress_year;nitrogen_stress_year,water_stress,SYA2020_stress_grid_S0012,irrigation_positive_candidate,2020-04-22,113,3,3,"{""sim_day"": 3.0, ""doy"": 113.0, ""topwt"": 0.0, ""grnwt"": 0.0, ""xlai"": 0.0, ""totir"": 0.0, ""tofer"": NaN, ""swfac"": 0.0, ""nstres"": 0.0}",0.0,0.0,0.0,0.0,0.0,0.0,,0.0,0.0,20.0,0.0,14.70867462158203,22.70867462158203,Leave_One_experiments/all_year_offline_schedule_search/daily_outputs/SYA/SYA_2020_SYA2020_stress_grid_S0012_daily.csv
SYA,SYA,Shenyang,2020,Leave_One_experiments\wth_generated_qc\SYA\SYA2020.WTH,normal_year;water_stress_year;nitrogen_stress_year,water_stress,SYA2020_stress_grid_S0012,irrigation_positive_candidate,2020-04-23,114,4,4,"{""sim_day"": 4.0, ""doy"": 114.0, ""topwt"": 0.0, ""grnwt"": 0.0, ""xlai"": 0.0, ""totir"": 0.0, ""tofer"": NaN, ""swfac"": 0.0, ""nstres"": 0.0}",0.0,0.0,0.0,0.0,0.0,0.0,,0.0,0.0,20.0,0.0,14.70867462158203,22.70867462158203,Leave_One_experiments/all_year_offline_schedule_search/daily_outputs/SYA/SYA_2020_SYA2020_stress_grid_S0012_daily.csv
SYA,SYA,Shenyang,2020,Leave_One_experiments\wth_generated_qc\SYA\SYA2020.WTH,normal_year;water_stress_year;nitrogen_stress_year,water_stress,SYA2020_stress_grid_S0012,irrigation_positive_candidate,2020-04-24,115,5,5,"{""sim_day"": 5.0, ""doy"": 115.0, ""topwt"": 0.0, ""grnwt"": 0.0, ""xlai"": 0.0, ""totir"": 0.0, ""tofer"": NaN, ""swfac"": 0.0, ""nstres"": 0.0}",0.0,0.0,0.0,0.0,0.0,0.0,,0.0,0.0,20.0,0.0,14.70867462158203,22.70867462158203,Leave_One_experiments/all_year_offline_schedule_search/daily_outputs/SYA/SYA_2020_SYA2020_stress_grid_S0012_daily.csv
SYA,SYA,Shenyang,2020,Leave_One_experiments\wth_generated_qc\SYA\SYA2020.WTH,normal_year;water_stress_year;nitrogen_stress_year,water_stress,SYA2020_stress_grid_S0012,irrigation_positive_candidate,2020-04-20,111,6,1,"{""sim_day"": 6.0, ""doy"": 111.0, ""topwt"": 0.0, ""grnwt"": 0.0, ""xlai"": 0.0, ""totir"": 0.0, ""tofer"": NaN, ""swfac"": 0.0, ""nstres"": 0.0}",0.0,0.0,0.0,0.0,0.0,0.0,,0.0,0.0,20.0,0.0,14.70867462158203,22.70867462158203,Leave_One_experiments/all_year_offline_schedule_search/daily_outputs/SYA/SYA_2020_SYA2020_stress_grid_S0012_daily.csv
SYA,SYA,Shenyang,2020,Leave_One_experiments\wth_generated_qc\SYA\SYA2020.WTH,normal_year;water_stress_year;nitrogen_stress_year,water_stress,SYA2020_stress_grid_S0012,irrigation_positive_candidate,2020-04-21,112,7,2,"{""sim_day"": 7.0, ""doy"": 112.0, ""topwt"": 0.0, ""grnwt"": 0.0, ""xlai"": 0.0, ""totir"": 0.0, ""tofer"": NaN, ""swfac"": 0.0, ""nstres"": 0.0}",0.0,0.0,0.0,0.0,0.0,0.0,,0.0,0.0,20.0,0.0,14.70867462158203,22.70867462158203,Leave_One_experiments/all_year_offline_schedule_search/daily_outputs/SYA/SYA_2020_SYA2020_stress_grid_S0012_daily.csv
SYA,SYA,Shenyang,2020,Leave_One_experiments\wth_generated_qc\SYA\SYA2020.WTH,normal_year;water_stress_year;nitrogen_stress_year,water_stress,SYA2020_stress_grid_S0012,irrigation_positive_candidate,2020-04-22,113,8,3,"{""sim_day"": 8.0, ""doy"": 113.0, ""topwt"": 0.0, ""grnwt"": 0.0, ""xlai"": 0.0, ""totir"": 0.0, ""tofer"": NaN, ""swfac"": 0.0, ""nstres"": 0.0}",0.0,0.0,0.0,0.0,0.0,0.0,,0.0,0.0,20.0,0.0,14.70867462158203,22.70867462158203,Leave_One_experiments/all_year_offline_schedule_search/daily_outputs/SYA/SYA_2020_SYA2020_stress_grid_S0012_daily.csv
SYA,SYA,Shenyang,2020,Leave_One_experiments\wth_generated_qc\SYA\SYA2020.WTH,normal_year;water_stress_year;nitrogen_stress_year,water_stress,SYA2020_stress_grid_S0012,irrigation_positive_candidate,2020-04-23,114,9,4,"{""sim_day"": 9.0, ""doy"": 114.0, ""topwt"": 0.0, ""grnwt"": 0.0, ""xlai"": 0.0, ""totir"": 0.0, ""tofer"": NaN, ""swfac"": 0.0, ""nstres"": 0.0}",0.0,0.0,0.0,0.0,0.0,0.0,,0.0,0.0,20.0,0.0,14.70867462158203,22.70867462158203,Leave_One_experiments/all_year_offline_schedule_search/daily_outputs/SYA/SYA_2020_SYA2020_stress_grid_S0012_daily.csv
SYA,SYA,Shenyang,2020,Leave_One_experiments\wth_generated_qc\SYA\SYA2020.WTH,normal_year;water_stress_year;nitrogen_stress_year,water_stress,SYA2020_stress_grid_S0012,irrigation_positive_candidate,2020-04-24,115,10,5,"{""sim_day"": 10.0, ""doy"": 115.0, ""topwt"": 0.0, ""grnwt"": 0.0, ""xlai"": 0.0, ""totir"": 0.0, ""tofer"": NaN, ""swfac"": 0.0, ""nstres"": 0.0}",0.0,0.0,0.0,0.0,0.0,0.0,,0.0,0.0,20.0,0.0,14.70867462158203,22.70867462158203,Leave_One_experiments/all_year_offline_schedule_search/daily_outputs/SYA/SYA_2020_SYA2020_stress_grid_S0012_daily.csv
SYA,SYA,Shenyang,2020,Leave_One_experiments\wth_generated_qc\SYA\SYA2020.WTH,normal_year;water_stress_year;nitrogen_stress_year,water_stress,SYA2020_stress_grid_S0012,irrigation_positive_candidate,2020-04-25,116,11,6,"{""sim_day"": 11.0, ""doy"": 116.0, ""topwt"": 0.0, ""grnwt"": 0.0, ""xlai"": 0.0, ""totir"": 0.0, ""tofer"": NaN, ""swfac"": 0.0, ""nstres"": 0.0}",0.0,0.0,0.0,0.0,0.0,0.0,,0.0,0.0,20.0,0.0,14.70867462158203,22.70867462158203,Leave_One_experiments/all_year_offline_schedule_search/daily_outputs/SYA/SYA_2020_SYA2020_stress_grid_S0012_daily.csv
SYA,SYA,Shenyang,2020,Leave_One_experiments\wth_generated_qc\SYA\SYA2020.WTH,normal_year;water_stress_year;nitrogen_stress_year,water_stress,SYA2020_stress_grid_S0012,irrigation_positive_candidate,2020-04-26,117,12,7,"{""sim_day"": 12.0, ""doy"": 117.0, ""topwt"": 0.0, ""grnwt"": 0.0, ""xlai"": 0.0, ""totir"": 0.0, ""tofer"": NaN, ""swfac"": 0.0, ""nstres"": 0.0}",0.0,0.0,0.0,0.0,0.0,0.0,,0.0,0.0,20.0,0.0,14.70867462158203,22.70867462158203,Leave_One_experiments/all_year_offline_schedule_search/daily_outputs/SYA/SYA_2020_SYA2020_stress_grid_S0012_daily.csv
SYA,SYA,Shenyang,2020,Leave_One_experiments\wth_generated_qc\SYA\SYA2020.WTH,normal_year;water_stress_year;nitrogen_stress_year,water_stress,SYA2020_stress_grid_S0012,irrigation_positive_candidate,2020-04-27,118,13,8,"{""sim_day"": 13.0, ""doy"": 118.0, ""topwt"": 0.0, ""grnwt"": 0.0, ""xlai"": 0.0, ""totir"": 0.0, ""tofer"": NaN, ""swfac"": 0.0, ""nstres"": 0.0}",0.0,0.0,0.0,0.0,0.0,0.0,,0.0,0.0,20.0,0.0,14.70867462158203,22.70867462158203,Leave_One_experiments/all_year_offline_schedule_search/daily_outputs/SYA/SYA_2020_SYA2020_stress_grid_S0012_daily.csv
SYA,SYA,Shenyang,2020,Leave_One_experiments\wth_generated_qc\SYA\SYA2020.WTH,normal_year;water_stress_year;nitrogen_stress_year,water_stress,SYA2020_stress_grid_S0012,irrigation_positive_candidate,2020-04-28,119,14,9,"{""sim_day"": 14.0, ""doy"": 119.0, ""topwt"": 0.0, ""grnwt"": 0.0, ""xlai"": 0.0, ""totir"": 0.0, ""tofer"": NaN, ""swfac"": 0.0, ""nstres"": 0.0}",0.0,0.0,0.0,0.0,0.0,0.0,,0.0,0.0,20.0,0.0,14.70867462158203,22.70867462158203,Leave_One_experiments/all_year_offline_schedule_search/daily_outputs/SYA/SYA_2020_SYA2020_stress_grid_S0012_daily.csv
SYA,SYA,Shenyang,2020,Leave_One_experiments\wth_generated_qc\SYA\SYA2020.WTH,normal_year;water_stress_year;nitrogen_stress_year,water_stress,SYA2020_stress_grid_S0012,irrigation_positive_candidate,2020-04-29,120,15,10,"{""sim_day"": 15.0, ""doy"": 120.0, ""topwt"": 0.0, ""grnwt"": 0.0, ""xlai"": 0.0, ""totir"": 0.0, ""tofer"": NaN, ""swfac"": 0.0, ""nstres"": 0.0}",0.0,0.0,0.0,0.0,0.0,0.0,,0.0,0.0,20.0,0.0,14.70867462158203,22.70867462158203,Leave_One_experiments/all_year_offline_schedule_search/daily_outputs/SYA/SYA_2020_SYA2020_stress_grid_S0012_daily.csv
SYA,SYA,Shenyang,2020,Leave_One_experiments\wth_generated_qc\SYA\SYA2020.WTH,normal_year;water_stress_year;nitrogen_stress_year,water_stress,SYA2020_stress_grid_S0012,irrigation_positive_candidate,2020-04-30,121,16,11,"{""sim_day"": 16.0, ""doy"": 121.0, ""topwt"": 0.0, ""grnwt"": 0.0, ""xlai"": 0.0, ""totir"": 0.0, ""tofer"": NaN, ""swfac"": 0.0, ""nstres"": 0.0}",0.0,0.0,0.0,0.0,0.0,0.0,,0.0,0.0,20.0,0.0,14.70867462158203,22.70867462158203,Leave_One_experiments/all_year_offline_schedule_search/daily_outputs/SYA/SYA_2020_SYA2020_stress_grid_S0012_daily.csv
SYA,SYA,Shenyang,2020,Leave_One_experiments\wth_generated_qc\SYA\SYA2020.WTH,normal_year;water_stress_year;nitrogen_stress_year,water_stress,SYA2020_stress_grid_S0012,irrigation_positive_candidate,2020-05-01,122,17,12,"{""sim_day"": 17.0, ""doy"": 122.0, ""topwt"": 17.600001096725464, ""grnwt"": 0.0, ""xlai"": 0.0021870203781872, ""totir"": 0.0, ""tofer"": NaN, ""swfac"": 0.0, ""nstres"": 0.0121910572052001}",0.0,0.0121910572052001,17.600001096725464,0.0,0.0021870203781872,0.0,,0.0,0.0,20.0,0.0,14.70867462158203,22.70867462158203,Leave_One_experiments/all_year_offline_schedule_search/daily_outputs/SYA/SYA_2020_SYA2020_stress_grid_S0012_daily.csv
SYA,SYA,Shenyang,2020,Leave_One_experiments\wth_generated_qc\SYA\SYA2020.WTH,normal_year;water_stress_year;nitrogen_stress_year,water_stress,SYA2020_stress_grid_S0012,irrigation_positive_candidate,2020-05-02,123,18,13,"{""sim_day"": 18.0, ""doy"": 123.0, ""topwt"": 17.600001096725464, ""grnwt"": 0.0, ""xlai"": 0.0030091674998402, ""totir"": 0.0, ""tofer"": NaN, ""swfac"": 0.0, ""nstres"": 0.0161526203155517}",0.0,0.0161526203155517,17.600001096725464,0.0,0.0030091674998402,0.0,,0.0,0.0,20.0,0.0,14.70867462158203,22.70867462158203,Leave_One_experiments/all_year_offline_schedule_search/daily_outputs/SYA/SYA_2020_SYA2020_stress_grid_S0012_daily.csv
SYA,SYA,Shenyang,2020,Leave_One_experiments\wth_generated_qc\SYA\SYA2020.WTH,normal_year;water_stress_year;nitrogen_stress_year,water_stress,SYA2020_stress_grid_S0012,irrigation_positive_candidate,2020-05-03,124,19,14,"{""sim_day"": 19.0, ""doy"": 124.0, ""topwt"": 17.600001096725464, ""grnwt"": 0.0, ""xlai"": 0.003385768039152, ""totir"": 0.0, ""tofer"": NaN, ""swfac"": 0.0, ""nstres"": 0.0147467851638793}",0.0,0.0147467851638793,17.600001096725464,0.0,0.003385768039152,0.0,,0.0,0.0,20.0,0.0,14.70867462158203,22.70867462158203,Leave_One_experiments/all_year_offline_schedule_search/daily_outputs/SYA/SYA_2020_SYA2020_stress_grid_S0012_daily.csv
SYA,SYA,Shenyang,2020,Leave_One_experiments\wth_generated_qc\SYA\SYA2020.WTH,normal_year;water_stress_year;nitrogen_stress_year,water_stress,SYA2020_stress_grid_S0012,irrigation_positive_candidate,2020-05-04,125,20,15,"{""sim_day"": 20.0, ""doy"": 125.0, ""topwt"": 17.600001096725464, ""grnwt"": 0.0, ""xlai"": 0.0043822126463055, ""totir"": 0.0, ""tofer"": NaN, ""swfac"": 0.0, ""nstres"": 0.0115571022033691}",0.0,0.0115571022033691,17.600001096725464,0.0,0.0043822126463055,0.0,,0.0,0.0,20.0,0.0,14.70867462158203,22.70867462158203,Leave_One_experiments/all_year_offline_schedule_search/daily_outputs/SYA/SYA_2020_SYA2020_stress_grid_S0012_daily.csv
SYA,SYA,Shenyang,2020,Leave_One_experiments\wth_generated_qc\SYA\SYA2020.WTH,normal_year;water_stress_year;nitrogen_stress_year,water_stress,SYA2020_stress_grid_S0012,irrigation_positive_candidate,2020-05-05,126,21,16,"{""sim_day"": 21.0, ""doy"": 126.0, ""topwt"": 17.600001096725464, ""grnwt"": 0.0, ""xlai"": 0.0059235338121652, ""totir"": 0.0, ""tofer"": NaN, ""swfac"": 0.0, ""nstres"": 0.0074220895767211}",0.0,0.0074220895767211,17.600001096725464,0.0,0.0059235338121652,0.0,,0.0,0.0,20.0,0.0,14.70867462158203,22.70867462158203,Leave_One_experiments/all_year_offline_schedule_search/daily_outputs/SYA/SYA_2020_SYA2020_stress_grid_S0012_daily.csv
SYA,SYA,Shenyang,2020,Leave_One_experiments\wth_generated_qc\SYA\SYA2020.WTH,normal_year;water_stress_year;nitrogen_stress_year,water_stress,SYA2020_stress_grid_S0012,irrigation_positive_candidate,2020-05-06,127,22,17,"{""sim_day"": 22.0, ""doy"": 127.0, ""topwt"": 17.600001096725464, ""grnwt"": 0.0, ""xlai"": 0.0073962612077593, ""totir"": 0.0, ""tofer"": NaN, ""swfac"": 0.0, ""nstres"": 0.0036863088607788}",0.0,0.0036863088607788,17.600001096725464,0.0,0.0073962612077593,0.0,,0.0,0.0,20.0,0.0,14.70867462158203,22.70867462158203,Leave_One_experiments/all_year_offline_schedule_search/daily_outputs/SYA/SYA_2020_SYA2020_stress_grid_S0012_daily.csv
SYA,SYA,Shenyang,2020,Leave_One_experiments\wth_generated_qc\SYA\SYA2020.WTH,normal_year;water_stress_year;nitrogen_stress_year,water_stress,SYA2020_stress_grid_S0012,irrigation_positive_candidate,2020-05-07,128,23,18,"{""sim_day"": 23.0, ""doy"": 128.0, ""topwt"": 17.600001096725464, ""grnwt"": 0.0, ""xlai"": 0.0084913438186049, ""totir"": 0.0, ""tofer"": NaN, ""swfac"": 0.0, ""nstres"": 0.0009922981262207}",0.0,0.0009922981262207,17.600001096725464,0.0,0.0084913438186049,0.0,,0.0,0.0,20.0,0.0,14.70867462158203,22.70867462158203,Leave_One_experiments/all_year_offline_schedule_search/daily_outputs/SYA/SYA_2020_SYA2020_stress_grid_S0012_daily.csv
SYA,SYA,Shenyang,2020,Leave_One_experiments\wth_generated_qc\SYA\SYA2020.WTH,normal_year;water_stress_year;nitrogen_stress_year,water_stress,SYA2020_stress_grid_S0012,irrigation_positive_candidate,2020-05-08,129,24,19,"{""sim_day"": 24.0, ""doy"": 129.0, ""topwt"": 17.600001096725464, ""grnwt"": 0.0, ""xlai"": 0.0095760561525821, ""totir"": 0.0, ""tofer"": NaN, ""swfac"": 0.0, ""nstres"": 0.0}",0.0,0.0,17.600001096725464,0.0,0.0095760561525821,0.0,,0.0,0.0,20.0,0.0,14.70867462158203,22.70867462158203,Leave_One_experiments/all_year_offline_schedule_search/daily_outputs/SYA/SYA_2020_SYA2020_stress_grid_S0012_daily.csv
SYA,SYA,Shenyang,2020,Leave_One_experiments\wth_generated_qc\SYA\SYA2020.WTH,normal_year;water_stress_year;nitrogen_stress_year,water_stress,SYA2020_stress_grid_S0012,irrigation_positive_candidate,2020-05-09,130,25,20,"{""sim_day"": 25.0, ""doy"": 130.0, ""topwt"": 17.600001096725464, ""grnwt"": 0.0, ""xlai"": 0.0116516118869185, ""totir"": 0.0, ""tofer"": NaN, ""swfac"": 0.0, ""nstres"": 0.0}",0.0,0.0,17.600001096725464,0.0,0.0116516118869185,0.0,,0.0,0.0,20.0,0.0,14.70867462158203,22.70867462158203,Leave_One_experiments/all_year_offline_schedule_search/daily_outputs/SYA/SYA_2020_SYA2020_stress_grid_S0012_daily.csv
SYA,SYA,Shenyang,2020,Leave_One_experiments\wth_generated_qc\SYA\SYA2020.WTH,normal_year;water_stress_year;nitrogen_stress_year,water_stress,SYA2020_stress_grid_S0012,irrigation_positive_candidate,2020-05-10,131,26,21,"{""sim_day"": 26.0, ""doy"": 131.0, ""topwt"": 17.600001096725464, ""grnwt"": 0.0, ""xlai"": 0.017222823575139, ""totir"": 0.0, ""tofer"": NaN, ""swfac"": 0.0, ""nstres"": 0.0}",0.0,0.0,17.600001096725464,0.0,0.017222823575139,0.0,,0.0,0.0,20.0,0.0,14.70867462158203,22.70867462158203,Leave_One_experiments/all_year_offline_schedule_search/daily_outputs/SYA/SYA_2020_SYA2020_stress_grid_S0012_daily.csv
SYA,SYA,Shenyang,2020,Leave_One_experiments\wth_generated_qc\SYA\SYA2020.WTH,normal_year;water_stress_year;nitrogen_stress_year,water_stress,SYA2020_stress_grid_S0012,irrigation_positive_candidate,2020-05-11,132,27,22,"{""sim_day"": 27.0, ""doy"": 132.0, ""topwt"": 17.600001096725464, ""grnwt"": 0.0, ""xlai"": 0.0214519798755645, ""totir"": 0.0, ""tofer"": NaN, ""swfac"": 0.0, ""nstres"": 0.0}",0.0,0.0,17.600001096725464,0.0,0.0214519798755645,0.0,,0.0,0.0,20.0,0.0,14.70867462158203,22.70867462158203,Leave_One_experiments/all_year_offline_schedule_search/daily_outputs/SYA/SYA_2020_SYA2020_stress_grid_S0012_daily.csv
SYA,SYA,Shenyang,2020,Leave_One_experiments\wth_generated_qc\SYA\SYA2020.WTH,normal_year;water_stress_year;nitrogen_stress_year,water_stress,SYA2020_stress_grid_S0012,irrigation_positive_candidate,2020-05-12,133,28,23,"{""sim_day"": 28.0, ""doy"": 133.0, ""topwt"": 17.600001096725464, ""grnwt"": 0.0, ""xlai"": 0.0299209337681531, ""totir"": 0.0, ""tofer"": NaN, ""swfac"": 0.0, ""nstres"": 0.0}",0.0,0.0,17.600001096725464,0.0,0.0299209337681531,0.0,,0.0,0.0,20.0,0.0,14.70867462158203,22.70867462158203,Leave_One_experiments/all_year_offline_schedule_search/daily_outputs/SYA/SYA_2020_SYA2020_stress_grid_S0012_daily.csv
SYA,SYA,Shenyang,2020,Leave_One_experiments\wth_generated_qc\SYA\SYA2020.WTH,normal_year;water_stress_year;nitrogen_stress_year,water_stress,SYA2020_stress_grid_S0012,irrigation_positive_candidate,2020-05-13,134,29,24,"{""sim_day"": 29.0, ""doy"": 134.0, ""topwt"": 21.776702404022217, ""grnwt"": 0.0, ""xlai"": 0.0411173664033412, ""totir"": 0.0, ""tofer"": NaN, ""swfac"": 0.0, ""nstres"": 0.0}",0.0,0.0,21.776702404022217,0.0,0.0411173664033412,0.0,,0.0,0.0,20.0,0.0,14.70867462158203,22.70867462158203,Leave_One_experiments/all_year_offline_schedule_search/daily_outputs/SYA/SYA_2020_SYA2020_stress_grid_S0012_daily.csv
SYA,SYA,Shenyang,2020,Leave_One_experiments\wth_generated_qc\SYA\SYA2020.WTH,normal_year;water_stress_year;nitrogen_stress_year,water_stress,SYA2020_stress_grid_S0012,irrigation_positive_candidate,2020-05-14,135,30,25,"{""sim_day"": 30.0, ""doy"": 135.0, ""topwt"": 24.31759357452393, ""grnwt"": 0.0, ""xlai"": 0.0474074743688106, ""totir"": 0.0, ""tofer"": NaN, ""swfac"": 0.0, ""nstres"": 0.0}",0.0,0.0,24.31759357452393,0.0,0.0474074743688106,0.0,,0.0,0.0,20.0,0.0,14.70867462158203,22.70867462158203,Leave_One_experiments/all_year_offline_schedule_search/daily_outputs/SYA/SYA_2020_SYA2020_stress_grid_S0012_daily.csv
SYA,SYA,Shenyang,2020,Leave_One_experiments\wth_generated_qc\SYA\SYA2020.WTH,normal_year;water_stress_year;nitrogen_stress_year,water_stress,SYA2020_stress_grid_S0012,irrigation_positive_candidate,2020-05-15,136,31,26,"{""sim_day"": 31.0, ""doy"": 136.0, ""topwt"": 27.455873489379883, ""grnwt"": 0.0, ""xlai"": 0.0548902936279773, ""totir"": 0.0, ""tofer"": NaN, ""swfac"": 0.0, ""nstres"": 0.0}",0.0,0.0,27.455873489379883,0.0,0.0548902936279773,0.0,,0.0,0.0,20.0,0.0,14.70867462158203,22.70867462158203,Leave_One_experiments/all_year_offline_schedule_search/daily_outputs/SYA/SYA_2020_SYA2020_stress_grid_S0012_daily.csv
SYA,SYA,Shenyang,2020,Leave_One_experiments\wth_generated_qc\SYA\SYA2020.WTH,normal_year;water_stress_year;nitrogen_stress_year,water_stress,SYA2020_stress_grid_S0012,irrigation_positive_candidate,2020-05-16,137,32,27,"{""sim_day"": 32.0, ""doy"": 137.0, ""topwt"": 31.64294004440308, ""grnwt"": 0.0, ""xlai"": 0.0644808486104011, ""totir"": 0.0, ""tofer"": NaN, ""swfac"": 0.0, ""nstres"": 0.0}",0.0,0.0,31.64294004440308,0.0,0.0644808486104011,0.0,,0.0,0.0,20.0,0.0,14.70867462158203,22.70867462158203,Leave_One_experiments/all_year_offline_schedule_search/daily_outputs/SYA/SYA_2020_SYA2020_stress_grid_S0012_daily.csv
SYA,SYA,Shenyang,2020,Leave_One_experiments\wth_generated_qc\SYA\SYA2020.WTH,normal_year;water_stress_year;nitrogen_stress_year,water_stress,SYA2020_stress_grid_S0012,irrigation_positive_candidate,2020-05-17,138,33,28,"{""sim_day"": 33.0, ""doy"": 138.0, ""topwt"": 34.7493052482605, ""grnwt"": 0.0, ""xlai"": 0.0713581815361976, ""totir"": 0.0, ""tofer"": NaN, ""swfac"": 0.0, ""nstres"": 0.0}",0.0,0.0,34.7493052482605,0.0,0.0713581815361976,0.0,,0.0,0.0,20.0,0.0,14.70867462158203,22.70867462158203,Leave_One_experiments/all_year_offline_schedule_search/daily_outputs/SYA/SYA_2020_SYA2020_stress_grid_S0012_daily.csv
SYA,SYA,Shenyang,2020,Leave_One_experiments\wth_generated_qc\SYA\SYA2020.WTH,normal_year;water_stress_year;nitrogen_stress_year,water_stress,SYA2020_stress_grid_S0012,irrigation_positive_candidate,2020-05-18,139,34,29,"{""sim_day"": 34.0, ""doy"": 139.0, ""topwt"": 36.14805459976196, ""grnwt"": 0.0, ""xlai"": 0.0743865519762039, ""totir"": 0.0, ""tofer"": NaN, ""swfac"": 0.0, ""nstres"": 0.0}",0.0,0.0,36.14805459976196,0.0,0.0743865519762039,0.0,,0.0,0.0,20.0,0.0,14.70867462158203,22.70867462158203,Leave_One_experiments/all_year_offline_schedule_search/daily_outputs/SYA/SYA_2020_SYA2020_stress_grid_S0012_daily.csv
SYA,SYA,Shenyang,2020,Leave_One_experiments\wth_generated_qc\SYA\SYA2020.WTH,normal_year;water_stress_year;nitrogen_stress_year,water_stress,SYA2020_stress_grid_S0012,irrigation_positive_candidate,2020-05-19,140,35,30,"{""sim_day"": 35.0, ""doy"": 140.0, ""topwt"": 38.8054895401001, ""grnwt"": 0.0, ""xlai"": 0.0800557136535644, ""totir"": 0.0, ""tofer"": NaN, ""swfac"": 0.0, ""nstres"": 0.0}",0.0,0.0,38.8054895401001,0.0,0.0800557136535644,0.0,,0.0,0.0,20.0,0.0,14.70867462158203,22.70867462158203,Leave_One_experiments/all_year_offline_schedule_search/daily_outputs/SYA/SYA_2020_SYA2020_stress_grid_S0012_daily.csv
SYA,SYA,Shenyang,2020,Leave_One_experiments\wth_generated_qc\SYA\SYA2020.WTH,normal_year;water_stress_year;nitrogen_stress_year,water_stress,SYA2020_stress_grid_S0012,irrigation_positive_candidate,2020-05-20,141,36,31,"{""sim_day"": 36.0, ""doy"": 141.0, ""topwt"": 42.47981548309326, ""grnwt"": 0.0, ""xlai"": 0.0877357795834541, ""totir"": 0.0, ""tofer"": NaN, ""swfac"": 0.0, ""nstres"": 0.0}",0.0,0.0,42.47981548309326,0.0,0.0877357795834541,0.0,,0.0,0.0,20.0,0.0,14.70867462158203,22.70867462158203,Leave_One_experiments/all_year_offline_schedule_search/daily_outputs/SYA/SYA_2020_SYA2020_stress_grid_S0012_daily.csv
SYA,SYA,Shenyang,2020,Leave_One_experiments\wth_generated_qc\SYA\SYA2020.WTH,normal_year;water_stress_year;nitrogen_stress_year,water_stress,SYA2020_stress_grid_S0012,irrigation_positive_candidate,2020-05-21,142,37,32,"{""sim_day"": 37.0, ""doy"": 142.0, ""topwt"": 44.104437828063965, ""grnwt"": 0.0, ""xlai"": 0.0910625010728836, ""totir"": 0.0, ""tofer"": NaN, ""swfac"": 0.0, ""nstres"": 0.0}",0.0,0.0,44.104437828063965,0.0,0.0910625010728836,0.0,,0.0,0.0,20.0,0.0,14.70867462158203,22.70867462158203,Leave_One_experiments/all_year_offline_schedule_search/daily_outputs/SYA/SYA_2020_SYA2020_stress_grid_S0012_daily.csv
SYA,SYA,Shenyang,2020,Leave_One_experiments\wth_generated_qc\SYA\SYA2020.WTH,normal_year;water_stress_year;nitrogen_stress_year,water_stress,SYA2020_stress_grid_S0012,irrigation_positive_candidate,2020-05-22,143,38,33,"{""sim_day"": 38.0, ""doy"": 143.0, ""topwt"": 46.86013698577881, ""grnwt"": 0.0, ""xlai"": 0.0966375097632408, ""totir"": 0.0, ""tofer"": NaN, ""swfac"": 0.0, ""nstres"": 0.0}",0.0,0.0,46.86013698577881,0.0,0.0966375097632408,0.0,,0.0,0.0,20.0,0.0,14.70867462158203,22.70867462158203,Leave_One_experiments/all_year_offline_schedule_search/daily_outputs/SYA/SYA_2020_SYA2020_stress_grid_S0012_daily.csv
SYA,SYA,Shenyang,2020,Leave_One_experiments\wth_generated_qc\SYA\SYA2020.WTH,normal_year;water_stress_year;nitrogen_stress_year,water_stress,SYA2020_stress_grid_S0012,irrigation_positive_candidate,2020-05-23,144,39,34,"{""sim_day"": 39.0, ""doy"": 144.0, ""topwt"": 51.29659652709961, ""grnwt"": 0.0, ""xlai"": 0.1054454892873764, ""totir"": 0.0, ""tofer"": NaN, ""swfac"": 0.0, ""nstres"": 0.0}",0.0,0.0,51.29659652709961,0.0,0.1054454892873764,0.0,,0.0,0.0,20.0,0.0,14.70867462158203,22.70867462158203,Leave_One_experiments/all_year_offline_schedule_search/daily_outputs/SYA/SYA_2020_SYA2020_stress_grid_S0012_daily.csv
SYA,SYA,Shenyang,2020,Leave_One_experiments\wth_generated_qc\SYA\SYA2020.WTH,normal_year;water_stress_year;nitrogen_stress_year,water_stress,SYA2020_stress_grid_S0012,irrigation_positive_candidate,2020-05-24,145,40,35,"{""sim_day"": 40.0, ""doy"": 145.0, ""topwt"": 58.3890962600708, ""grnwt"": 0.0, ""xlai"": 0.1191720515489578, ""totir"": 0.0, ""tofer"": NaN, ""swfac"": 0.0, ""nstres"": 0.0}",0.0,0.0,58.3890962600708,0.0,0.1191720515489578,0.0,,0.0,0.0,20.0,0.0,14.70867462158203,22.70867462158203,Leave_One_experiments/all_year_offline_schedule_search/daily_outputs/SYA/SYA_2020_SYA2020_stress_grid_S0012_daily.csv
SYA,SYA,Shenyang,2020,Leave_One_experiments\wth_generated_qc\SYA\SYA2020.WTH,normal_year;water_stress_year;nitrogen_stress_year,water_stress,SYA2020_stress_grid_S0012,irrigation_positive_candidate,2020-05-25,146,41,36,"{""sim_day"": 41.0, ""doy"": 146.0, ""topwt"": 65.80375671386719, ""grnwt"": 0.0, ""xlai"": 0.1330879926681518, ""totir"": 0.0, ""tofer"": NaN, ""swfac"": 0.0, ""nstres"": 0.0}",0.0,0.0,65.80375671386719,0.0,0.1330879926681518,0.0,,0.0,0.0,20.0,0.0,14.70867462158203,22.70867462158203,Leave_One_experiments/all_year_offline_schedule_search/daily_outputs/SYA/SYA_2020_SYA2020_stress_grid_S0012_daily.csv
SYA,SYA,Shenyang,2020,Leave_One_experiments\wth_generated_qc\SYA\SYA2020.WTH,normal_year;water_stress_year;nitrogen_stress_year,water_stress,SYA2020_stress_grid_S0012,irrigation_positive_candidate,2020-05-26,147,42,37,"{""sim_day"": 42.0, ""doy"": 147.0, ""topwt"": 67.89153575897217, ""grnwt"": 0.0, ""xlai"": 0.1462675929069519, ""totir"": 0.0, ""tofer"": NaN, ""swfac"": 0.0, ""nstres"": 0.0061367750167846}",0.0,0.0061367750167846,67.89153575897217,0.0,0.1462675929069519,0.0,,0.0,0.0,20.0,0.0,14.70867462158203,22.70867462158203,Leave_One_experiments/all_year_offline_schedule_search/daily_outputs/SYA/SYA_2020_SYA2020_stress_grid_S0012_daily.csv
SYA,SYA,Shenyang,2020,Leave_One_experiments\wth_generated_qc\SYA\SYA2020.WTH,normal_year;water_stress_year;nitrogen_stress_year,water_stress,SYA2020_stress_grid_S0012,irrigation_positive_candidate,2020-05-27,148,43,38,"{""sim_day"": 43.0, ""doy"": 148.0, ""topwt"": 77.95139789581299, ""grnwt"": 0.0, ""xlai"": 0.1656900197267532, ""totir"": 0.0, ""tofer"": NaN, ""swfac"": 0.0, ""nstres"": 0.0090134143829345}",0.0,0.0090134143829345,77.95139789581299,0.0,0.1656900197267532,0.0,,0.0,0.0,20.0,0.0,14.70867462158203,22.70867462158203,Leave_One_experiments/all_year_offline_schedule_search/daily_outputs/SYA/SYA_2020_SYA2020_stress_grid_S0012_daily.csv
SYA,SYA,Shenyang,2020,Leave_One_experiments\wth_generated_qc\SYA\SYA2020.WTH,normal_year;water_stress_year;nitrogen_stress_year,water_stress,SYA2020_stress_grid_S0012,irrigation_positive_candidate,2020-05-28,149,44,39,"{""sim_day"": 44.0, ""doy"": 149.0, ""topwt"": 92.24385261535645, ""grnwt"": 0.0, ""xlai"": 0.1922991722822189, ""totir"": 0.0, ""tofer"": NaN, ""swfac"": 0.0, ""nstres"": 0.0026634335517883}",0.0,0.0026634335517883,92.24385261535645,0.0,0.1922991722822189,0.0,,0.0,0.0,20.0,0.0,14.70867462158203,22.70867462158203,Leave_One_experiments/all_year_offline_schedule_search/daily_outputs/SYA/SYA_2020_SYA2020_stress_grid_S0012_daily.csv
SYA,SYA,Shenyang,2020,Leave_One_experiments\wth_generated_qc\SYA\SYA2020.WTH,normal_year;water_stress_year;nitrogen_stress_year,water_stress,SYA2020_stress_grid_S0012,irrigation_positive_candidate,2020-05-29,150,45,40,"{""sim_day"": 45.0, ""doy"": 150.0, ""topwt"": 109.33310508728027, ""grnwt"": 0.0, ""xlai"": 0.2228736728429794, ""totir"": 0.0, ""tofer"": NaN, ""swfac"": 0.0, ""nstres"": 0.0305836200714111}",0.0,0.0305836200714111,109.33310508728027,0.0,0.2228736728429794,0.0,,0.0,0.0,20.0,0.0,14.70867462158203,22.70867462158203,Leave_One_experiments/all_year_offline_schedule_search/daily_outputs/SYA/SYA_2020_SYA2020_stress_grid_S0012_daily.csv
SYA,SYA,Shenyang,2020,Leave_One_experiments\wth_generated_qc\SYA\SYA2020.WTH,normal_year;water_stress_year;nitrogen_stress_year,water_stress,SYA2020_stress_grid_S0012,irrigation_positive_candidate,2020-05-30,151,46,41,"{""sim_day"": 46.0, ""doy"": 151.0, ""topwt"": 122.3899745941162, ""grnwt"": 0.0, ""xlai"": 0.2448461055755615, ""totir"": 0.0, ""tofer"": NaN, ""swfac"": 0.0, ""nstres"": 0.0525829792022705}",0.0,0.0525829792022705,122.3899745941162,0.0,0.2448461055755615,0.0,,0.0,0.0,20.0,0.0,14.70867462158203,22.70867462158203,Leave_One_experiments/all_year_offline_schedule_search/daily_outputs/SYA/SYA_2020_SYA2020_stress_grid_S0012_daily.csv
SYA,SYA,Shenyang,2020,Leave_One_experiments\wth_generated_qc\SYA\SYA2020.WTH,normal_year;water_stress_year;nitrogen_stress_year,water_stress,SYA2020_stress_grid_S0012,irrigation_positive_candidate,2020-05-31,152,47,42,"{""sim_day"": 47.0, ""doy"": 152.0, ""topwt"": 136.48625373840332, ""grnwt"": 0.0, ""xlai"": 0.2672712504863739, ""totir"": 0.0, ""tofer"": NaN, ""swfac"": 0.0, ""nstres"": 0.0727859735488891}",0.0,0.0727859735488891,136.48625373840332,0.0,0.2672712504863739,0.0,,0.0,0.0,20.0,0.0,14.70867462158203,22.70867462158203,Leave_One_experiments/all_year_offline_schedule_search/daily_outputs/SYA/SYA_2020_SYA2020_stress_grid_S0012_daily.csv
SYA,SYA,Shenyang,2020,Leave_One_experiments\wth_generated_qc\SYA\SYA2020.WTH,normal_year;water_stress_year;nitrogen_stress_year,water_stress,SYA2020_stress_grid_S0012,irrigation_positive_candidate,2020-06-01,153,48,43,"{""sim_day"": 48.0, ""doy"": 153.0, ""topwt"": 148.7491512298584, ""grnwt"": 0.0, ""xlai"": 0.2852475643157959, ""totir"": 0.0, ""tofer"": NaN, ""swfac"": 0.0, ""nstres"": 0.0895730257034301}",0.0,0.0895730257034301,148.7491512298584,0.0,0.2852475643157959,0.0,,0.0,0.0,20.0,0.0,14.70867462158203,22.70867462158203,Leave_One_experiments/all_year_offline_schedule_search/daily_outputs/SYA/SYA_2020_SYA2020_stress_grid_S0012_daily.csv
SYA,SYA,Shenyang,2020,Leave_One_experiments\wth_generated_qc\SYA\SYA2020.WTH,normal_year;water_stress_year;nitrogen_stress_year,water_stress,SYA2020_stress_grid_S0012,irrigation_positive_candidate,2020-06-02,154,49,44,"{""sim_day"": 49.0, ""doy"": 154.0, ""topwt"": 163.73537063598633, ""grnwt"": 0.0, ""xlai"": 0.3072234988212585, ""totir"": 0.0, ""tofer"": NaN, ""swfac"": 0.0, ""nstres"": 0.0887281894683837}",0.0,0.0887281894683837,163.73537063598633,0.0,0.3072234988212585,0.0,,0.0,0.0,20.0,0.0,14.70867462158203,22.70867462158203,Leave_One_experiments/all_year_offline_schedule_search/daily_outputs/SYA/SYA_2020_SYA2020_stress_grid_S0012_daily.csv
SYA,SYA,Shenyang,2020,Leave_One_experiments\wth_generated_qc\SYA\SYA2020.WTH,normal_year;water_stress_year;nitrogen_stress_year,water_stress,SYA2020_stress_grid_S0012,irrigation_positive_candidate,2020-06-03,155,50,45,"{""sim_day"": 50.0, ""doy"": 155.0, ""topwt"": 180.09775161743164, ""grnwt"": 0.0, ""xlai"": 0.3304564654827118, ""totir"": 0.0, ""tofer"": NaN, ""swfac"": 0.0, ""nstres"": 0.0950673818588256}",0.0,0.0950673818588256,180.09775161743164,0.0,0.3304564654827118,0.0,,0.0,0.0,20.0,0.0,14.70867462158203,22.70867462158203,Leave_One_experiments/all_year_offline_schedule_search/daily_outputs/SYA/SYA_2020_SYA2020_stress_grid_S0012_daily.csv
SYA,SYA,Shenyang,2020,Leave_One_experiments\wth_generated_qc\SYA\SYA2020.WTH,normal_year;water_stress_year;nitrogen_stress_year,water_stress,SYA2020_stress_grid_S0012,irrigation_positive_candidate,2020-06-04,156,51,46,"{""sim_day"": 51.0, ""doy"": 156.0, ""topwt"": 198.75904083251956, ""grnwt"": 0.0, ""xlai"": 0.3557586669921875, ""totir"": 0.0, ""tofer"": NaN, ""swfac"": 0.0, ""nstres"": 0.1133729219436645}",0.0,0.1133729219436645,198.75904083251956,0.0,0.3557586669921875,0.0,,0.0,0.0,20.0,0.0,14.70867462158203,22.70867462158203,Leave_One_experiments/all_year_offline_schedule_search/daily_outputs/SYA/SYA_2020_SYA2020_stress_grid_S0012_daily.csv
SYA,SYA,Shenyang,2020,Leave_One_experiments\wth_generated_qc\SYA\SYA2020.WTH,normal_year;water_stress_year;nitrogen_stress_year,water_stress,SYA2020_stress_grid_S0012,irrigation_positive_candidate,2020-06-05,157,52,47,"{""sim_day"": 52.0, ""doy"": 157.0, ""topwt"": 221.06889724731445, ""grnwt"": 0.0, ""xlai"": 0.3815604746341705, ""totir"": 0.0, ""tofer"": NaN, ""swfac"": 0.0, ""nstres"": 0.1176556348800659}",0.0,0.1176556348800659,221.06889724731445,0.0,0.3815604746341705,0.0,,0.0,0.0,20.0,0.0,14.70867462158203,22.70867462158203,Leave_One_experiments/all_year_offline_schedule_search/daily_outputs/SYA/SYA_2020_SYA2020_stress_grid_S0012_daily.csv
SYA,SYA,Shenyang,2020,Leave_One_experiments\wth_generated_qc\SYA\SYA2020.WTH,normal_year;water_stress_year;nitrogen_stress_year,water_stress,SYA2020_stress_grid_S0012,irrigation_positive_candidate,2020-06-06,158,53,48,"{""sim_day"": 53.0, ""doy"": 158.0, ""topwt"": 248.82551193237305, ""grnwt"": 0.0, ""xlai"": 0.4180449247360229, ""totir"": 0.0, ""tofer"": NaN, ""swfac"": 0.0, ""nstres"": 0.111724853515625}",0.0,0.111724853515625,248.82551193237305,0.0,0.4180449247360229,0.0,,0.0,0.0,20.0,0.0,14.70867462158203,22.70867462158203,Leave_One_experiments/all_year_offline_schedule_search/daily_outputs/SYA/SYA_2020_SYA2020_stress_grid_S0012_daily.csv
SYA,SYA,Shenyang,2020,Leave_One_experiments\wth_generated_qc\SYA\SYA2020.WTH,normal_year;water_stress_year;nitrogen_stress_year,water_stress,SYA2020_stress_grid_S0012,irrigation_positive_candidate,2020-06-07,159,54,49,"{""sim_day"": 54.0, ""doy"": 159.0, ""topwt"": 284.472599029541, ""grnwt"": 0.0, ""xlai"": 0.4640094041824341, ""totir"": 0.0, ""tofer"": NaN, ""swfac"": 0.0, ""nstres"": 0.1095079779624939}",0.0,0.1095079779624939,284.472599029541,0.0,0.4640094041824341,0.0,,0.0,0.0,20.0,0.0,14.70867462158203,22.70867462158203,Leave_One_experiments/all_year_offline_schedule_search/daily_outputs/SYA/SYA_2020_SYA2020_stress_grid_S0012_daily.csv
SYA,SYA,Shenyang,2020,Leave_One_experiments\wth_generated_qc\SYA\SYA2020.WTH,normal_year;water_stress_year;nitrogen_stress_year,water_stress,SYA2020_stress_grid_S0012,irrigation_positive_candidate,2020-06-08,160,55,50,"{""sim_day"": 55.0, ""doy"": 160.0, ""topwt"": 318.8037109375, ""grnwt"": 0.0, ""xlai"": 0.5041545033454895, ""totir"": 0.0, ""tofer"": NaN, ""swfac"": 0.0, ""nstres"": 0.1291499733924865}",0.0,0.1291499733924865,318.8037109375,0.0,0.5041545033454895,0.0,,0.0,0.0,20.0,0.0,14.70867462158203,22.70867462158203,Leave_One_experiments/all_year_offline_schedule_search/daily_outputs/SYA/SYA_2020_SYA2020_stress_grid_S0012_daily.csv
SYA,SYA,Shenyang,2020,Leave_One_experiments\wth_generated_qc\SYA\SYA2020.WTH,normal_year;water_stress_year;nitrogen_stress_year,water_stress,SYA2020_stress_grid_S0012,irrigation_positive_candidate,2020-06-09,161,56,51,"{""sim_day"": 56.0, ""doy"": 161.0, ""topwt"": 347.3468399047852, ""grnwt"": 0.0, ""xlai"": 0.5325565338134766, ""totir"": 0.0, ""tofer"": NaN, ""swfac"": 0.0, ""nstres"": 0.1531029343605041}",0.0,0.1531029343605041,347.3468399047852,0.0,0.5325565338134766,0.0,,0.0,0.0,20.0,0.0,14.70867462158203,22.70867462158203,Leave_One_experiments/all_year_offline_schedule_search/daily_outputs/SYA/SYA_2020_SYA2020_stress_grid_S0012_daily.csv
SYA,SYA,Shenyang,2020,Leave_One_experiments\wth_generated_qc\SYA\SYA2020.WTH,normal_year;water_stress_year;nitrogen_stress_year,water_stress,SYA2020_stress_grid_S0012,irrigation_positive_candidate,2020-06-10,162,57,52,"{""sim_day"": 57.0, ""doy"": 162.0, ""topwt"": 377.8183364868164, ""grnwt"": 0.0, ""xlai"": 0.5606659054756165, ""totir"": 0.0, ""tofer"": NaN, ""swfac"": 0.0, ""nstres"": 0.1647820472717285}",0.0,0.1647820472717285,377.8183364868164,0.0,0.5606659054756165,0.0,,0.0,0.0,20.0,0.0,14.70867462158203,22.70867462158203,Leave_One_experiments/all_year_offline_schedule_search/daily_outputs/SYA/SYA_2020_SYA2020_stress_grid_S0012_daily.csv
SYA,SYA,Shenyang,2020,Leave_One_experiments\wth_generated_qc\SYA\SYA2020.WTH,normal_year;water_stress_year;nitrogen_stress_year,water_stress,SYA2020_stress_grid_S0012,irrigation_positive_candidate,2020-06-11,163,58,53,"{""sim_day"": 58.0, ""doy"": 163.0, ""topwt"": 421.0719299316406, ""grnwt"": 0.0, ""xlai"": 0.6020753383636475, ""totir"": 0.0, ""tofer"": NaN, ""swfac"": 0.0, ""nstres"": 0.1656228303909301}",0.0,0.1656228303909301,421.0719299316406,0.0,0.6020753383636475,0.0,,0.0,0.0,20.0,0.0,14.70867462158203,22.70867462158203,Leave_One_experiments/all_year_offline_schedule_search/daily_outputs/SYA/SYA_2020_SYA2020_stress_grid_S0012_daily.csv
SYA,SYA,Shenyang,2020,Leave_One_experiments\wth_generated_qc\SYA\SYA2020.WTH,normal_year;water_stress_year;nitrogen_stress_year,water_stress,SYA2020_stress_grid_S0012,irrigation_positive_candidate,2020-06-12,164,59,54,"{""sim_day"": 59.0, ""doy"": 164.0, ""topwt"": 467.7187728881836, ""grnwt"": 0.0, ""xlai"": 0.6444791555404663, ""totir"": 0.0, ""tofer"": NaN, ""swfac"": 0.0, ""nstres"": 0.1596984267234802}",0.0,0.1596984267234802,467.7187728881836,0.0,0.6444791555404663,0.0,,0.0,0.0,20.0,0.0,14.70867462158203,22.70867462158203,Leave_One_experiments/all_year_offline_schedule_search/daily_outputs/SYA/SYA_2020_SYA2020_stress_grid_S0012_daily.csv
SYA,SYA,Shenyang,2020,Leave_One_experiments\wth_generated_qc\SYA\SYA2020.WTH,normal_year;water_stress_year;nitrogen_stress_year,water_stress,SYA2020_stress_grid_S0012,irrigation_positive_candidate,2020-06-13,165,60,55,"{""sim_day"": 60.0, ""doy"": 165.0, ""topwt"": 509.1203308105469, ""grnwt"": 0.0, ""xlai"": 0.6773586273193359, ""totir"": 0.0, ""tofer"": NaN, ""swfac"": 0.0, ""nstres"": 0.1642087697982788}",0.0,0.1642087697982788,509.1203308105469,0.0,0.6773586273193359,0.0,,0.0,0.0,20.0,0.0,14.70867462158203,22.70867462158203,Leave_One_experiments/all_year_offline_schedule_search/daily_outputs/SYA/SYA_2020_SYA2020_stress_grid_S0012_daily.csv
SYA,SYA,Shenyang,2020,Leave_One_experiments\wth_generated_qc\SYA\SYA2020.WTH,normal_year;water_stress_year;nitrogen_stress_year,water_stress,SYA2020_stress_grid_S0012,irrigation_positive_candidate,2020-06-14,166,61,56,"{""sim_day"": 61.0, ""doy"": 166.0, ""topwt"": 549.0879821777344, ""grnwt"": 0.0, ""xlai"": 0.7047127485275269, ""totir"": 0.0, ""tofer"": NaN, ""swfac"": 0.0, ""nstres"": 0.178809642791748}",0.0,0.178809642791748,549.0879821777344,0.0,0.7047127485275269,0.0,,0.0,0.0,20.0,0.0,14.70867462158203,22.70867462158203,Leave_One_experiments/all_year_offline_schedule_search/daily_outputs/SYA/SYA_2020_SYA2020_stress_grid_S0012_daily.csv
SYA,SYA,Shenyang,2020,Leave_One_experiments\wth_generated_qc\SYA\SYA2020.WTH,normal_year;water_stress_year;nitrogen_stress_year,water_stress,SYA2020_stress_grid_S0012,irrigation_positive_candidate,2020-06-15,167,62,57,"{""sim_day"": 62.0, ""doy"": 167.0, ""topwt"": 588.245735168457, ""grnwt"": 0.0, ""xlai"": 0.7275423407554626, ""totir"": 0.0, ""tofer"": NaN, ""swfac"": 0.0, ""nstres"": 0.1921051144599914}",0.0,0.1921051144599914,588.245735168457,0.0,0.7275423407554626,0.0,,0.0,0.0,20.0,0.0,14.70867462158203,22.70867462158203,Leave_One_experiments/all_year_offline_schedule_search/daily_outputs/SYA/SYA_2020_SYA2020_stress_grid_S0012_daily.csv
SYA,SYA,Shenyang,2020,Leave_One_experiments\wth_generated_qc\SYA\SYA2020.WTH,normal_year;water_stress_year;nitrogen_stress_year,water_stress,SYA2020_stress_grid_S0012,irrigation_positive_candidate,2020-06-16,168,63,58,"{""sim_day"": 63.0, ""doy"": 168.0, ""topwt"": 633.2447052001953, ""grnwt"": 0.0, ""xlai"": 0.7525724172592163, ""totir"": 0.0, ""tofer"": NaN, ""swfac"": 0.0, ""nstres"": 0.2052355408668518}",0.0,0.2052355408668518,633.2447052001953,0.0,0.7525724172592163,0.0,,0.0,0.0,20.0,0.0,14.70867462158203,22.70867462158203,Leave_One_experiments/all_year_offline_schedule_search/daily_outputs/SYA/SYA_2020_SYA2020_stress_grid_S0012_daily.csv
SYA,SYA,Shenyang,2020,Leave_One_experiments\wth_generated_qc\SYA\SYA2020.WTH,normal_year;water_stress_year;nitrogen_stress_year,water_stress,SYA2020_stress_grid_S0012,irrigation_positive_candidate,2020-06-17,169,64,59,"{""sim_day"": 64.0, ""doy"": 169.0, ""topwt"": 678.7227630615234, ""grnwt"": 0.0, ""xlai"": 0.7745218276977539, ""totir"": 0.0, ""tofer"": NaN, ""swfac"": 0.0, ""nstres"": 0.226123571395874}",0.0,0.226123571395874,678.7227630615234,0.0,0.7745218276977539,0.0,,0.0,0.0,20.0,0.0,14.70867462158203,22.70867462158203,Leave_One_experiments/all_year_offline_schedule_search/daily_outputs/SYA/SYA_2020_SYA2020_stress_grid_S0012_daily.csv
SYA,SYA,Shenyang,2020,Leave_One_experiments\wth_generated_qc\SYA\SYA2020.WTH,normal_year;water_stress_year;nitrogen_stress_year,water_stress,SYA2020_stress_grid_S0012,irrigation_positive_candidate,2020-06-18,170,65,60,"{""sim_day"": 65.0, ""doy"": 170.0, ""topwt"": 723.1314086914062, ""grnwt"": 0.0, ""xlai"": 0.7920277714729309, ""totir"": 0.0, ""tofer"": NaN, ""swfac"": 0.0, ""nstres"": 0.2516930699348449}",0.0,0.2516930699348449,723.1314086914062,0.0,0.7920277714729309,0.0,,0.0,0.0,20.0,0.0,14.70867462158203,22.70867462158203,Leave_One_experiments/all_year_offline_schedule_search/daily_outputs/SYA/SYA_2020_SYA2020_stress_grid_S0012_daily.csv
SYA,SYA,Shenyang,2020,Leave_One_experiments\wth_generated_qc\SYA\SYA2020.WTH,normal_year;water_stress_year;nitrogen_stress_year,water_stress,SYA2020_stress_grid_S0012,irrigation_positive_candidate,2020-06-19,171,66,61,"{""sim_day"": 66.0, ""doy"": 171.0, ""topwt"": 773.8368988037109, ""grnwt"": 0.0, ""xlai"": 0.811337411403656, ""totir"": 0.0, ""tofer"": NaN, ""swfac"": 0.0, ""nstres"": 0.2732725739479065}",0.0,0.2732725739479065,773.8368988037109,0.0,0.811337411403656,0.0,,0.0,0.0,20.0,0.0,14.70867462158203,22.70867462158203,Leave_One_experiments/all_year_offline_schedule_search/daily_outputs/SYA/SYA_2020_SYA2020_stress_grid_S0012_daily.csv
SYA,SYA,Shenyang,2020,Leave_One_experiments\wth_generated_qc\SYA\SYA2020.WTH,normal_year;water_stress_year;nitrogen_stress_year,water_stress,SYA2020_stress_grid_S0012,irrigation_positive_candidate,2020-06-20,172,67,62,"{""sim_day"": 67.0, ""doy"": 172.0, ""topwt"": 828.5671997070312, ""grnwt"": 0.0, ""xlai"": 0.8302432298660278, ""totir"": 0.0, ""tofer"": NaN, ""swfac"": 0.0, ""nstres"": 0.2880754470825195}",0.0,0.2880754470825195,828.5671997070312,0.0,0.8302432298660278,0.0,,0.0,0.0,20.0,0.0,14.70867462158203,22.70867462158203,Leave_One_experiments/all_year_offline_schedule_search/daily_outputs/SYA/SYA_2020_SYA2020_stress_grid_S0012_daily.csv
SYA,SYA,Shenyang,2020,Leave_One_experiments\wth_generated_qc\SYA\SYA2020.WTH,normal_year;water_stress_year;nitrogen_stress_year,water_stress,SYA2020_stress_grid_S0012,irrigation_positive_candidate,2020-06-21,173,68,63,"{""sim_day"": 68.0, ""doy"": 173.0, ""topwt"": 878.4595489501953, ""grnwt"": 0.0, ""xlai"": 0.8421236872673035, ""totir"": 0.0, ""tofer"": NaN, ""swfac"": 0.0, ""nstres"": 0.3069053888320923}",0.0,0.3069053888320923,878.4595489501953,0.0,0.8421236872673035,0.0,,0.0,0.0,20.0,0.0,14.70867462158203,22.70867462158203,Leave_One_experiments/all_year_offline_schedule_search/daily_outputs/SYA/SYA_2020_SYA2020_stress_grid_S0012_daily.csv
SYA,SYA,Shenyang,2020,Leave_One_experiments\wth_generated_qc\SYA\SYA2020.WTH,normal_year;water_stress_year;nitrogen_stress_year,water_stress,SYA2020_stress_grid_S0012,irrigation_positive_candidate,2020-06-22,174,69,64,"{""sim_day"": 69.0, ""doy"": 174.0, ""topwt"": 925.8139038085938, ""grnwt"": 0.0, ""xlai"": 0.8493170738220215, ""totir"": 0.0, ""tofer"": NaN, ""swfac"": 0.0, ""nstres"": 0.3272738456726074}",0.0,0.3272738456726074,925.8139038085938,0.0,0.8493170738220215,0.0,,0.0,0.0,20.0,0.0,14.70867462158203,22.70867462158203,Leave_One_experiments/all_year_offline_schedule_search/daily_outputs/SYA/SYA_2020_SYA2020_stress_grid_S0012_daily.csv
SYA,SYA,Shenyang,2020,Leave_One_experiments\wth_generated_qc\SYA\SYA2020.WTH,normal_year;water_stress_year;nitrogen_stress_year,water_stress,SYA2020_stress_grid_S0012,irrigation_positive_candidate,2020-06-23,175,70,65,"{""sim_day"": 70.0, ""doy"": 175.0, ""topwt"": 963.0514526367188, ""grnwt"": 0.0, ""xlai"": 0.8477306365966797, ""totir"": 20.0, ""tofer"": NaN, ""swfac"": 0.0, ""nstres"": 0.3415635824203491}",0.0,0.3415635824203491,963.0514526367188,0.0,0.8477306365966797,20.0,,20.0,0.0,20.0,0.0,14.70867462158203,22.70867462158203,Leave_One_experiments/all_year_offline_schedule_search/daily_outputs/SYA/SYA_2020_SYA2020_stress_grid_S0012_daily.csv
SYA,SYA,Shenyang,2020,Leave_One_experiments\wth_generated_qc\SYA\SYA2020.WTH,normal_year;water_stress_year;nitrogen_stress_year,water_stress,SYA2020_stress_grid_S0012,irrigation_positive_candidate,2020-06-24,176,71,66,"{""sim_day"": 71.0, ""doy"": 176.0, ""topwt"": 1011.680908203125, ""grnwt"": 0.0, ""xlai"": 0.8519548773765564, ""totir"": 20.0, ""tofer"": NaN, ""swfac"": 0.0, ""nstres"": 0.3482576608657837}",0.0,0.3482576608657837,1011.680908203125,0.0,0.8519548773765564,20.0,,0.0,0.0,20.0,0.0,14.70867462158203,22.70867462158203,Leave_One_experiments/all_year_offline_schedule_search/daily_outputs/SYA/SYA_2020_SYA2020_stress_grid_S0012_daily.csv
SYA,SYA,Shenyang,2020,Leave_One_experiments\wth_generated_qc\SYA\SYA2020.WTH,normal_year;water_stress_year;nitrogen_stress_year,water_stress,SYA2020_stress_grid_S0012,irrigation_positive_candidate,2020-06-25,177,72,67,"{""sim_day"": 72.0, ""doy"": 177.0, ""topwt"": 1053.2332611083984, ""grnwt"": 0.0, ""xlai"": 0.8503301739692688, ""totir"": 20.0, ""tofer"": NaN, ""swfac"": 0.0, ""nstres"": 0.3524606823921203}",0.0,0.3524606823921203,1053.2332611083984,0.0,0.8503301739692688,20.0,,0.0,0.0,20.0,0.0,14.70867462158203,22.70867462158203,Leave_One_experiments/all_year_offline_schedule_search/daily_outputs/SYA/SYA_2020_SYA2020_stress_grid_S0012_daily.csv
SYA,SYA,Shenyang,2020,Leave_One_experiments\wth_generated_qc\SYA\SYA2020.WTH,normal_year;water_stress_year;nitrogen_stress_year,water_stress,SYA2020_stress_grid_S0012,irrigation_positive_candidate,2020-06-26,178,73,68,"{""sim_day"": 73.0, ""doy"": 178.0, ""topwt"": 1098.7377166748047, ""grnwt"": 0.0, ""xlai"": 0.8495421409606934, ""totir"": 20.0, ""tofer"": NaN, ""swfac"": 0.0, ""nstres"": 0.3637439608573913}",0.0,0.3637439608573913,1098.7377166748047,0.0,0.8495421409606934,20.0,,0.0,0.0,20.0,0.0,14.70867462158203,22.70867462158203,Leave_One_experiments/all_year_offline_schedule_search/daily_outputs/SYA/SYA_2020_SYA2020_stress_grid_S0012_daily.csv
SYA,SYA,Shenyang,2020,Leave_One_experiments\wth_generated_qc\SYA\SYA2020.WTH,normal_year;water_stress_year;nitrogen_stress_year,water_stress,SYA2020_stress_grid_S0012,irrigation_positive_candidate,2020-06-27,179,74,69,"{""sim_day"": 74.0, ""doy"": 179.0, ""topwt"": 1215.3629302978516, ""grnwt"": 0.0, ""xlai"": 0.8986379504203796, ""totir"": 20.0, ""tofer"": NaN, ""swfac"": 0.0, ""nstres"": 0.369622528553009}",0.0,0.369622528553009,1215.3629302978516,0.0,0.8986379504203796,20.0,,0.0,0.0,20.0,0.0,14.70867462158203,22.70867462158203,Leave_One_experiments/all_year_offline_schedule_search/daily_outputs/SYA/SYA_2020_SYA2020_stress_grid_S0012_daily.csv
SYA,SYA,Shenyang,2020,Leave_One_experiments\wth_generated_qc\SYA\SYA2020.WTH,normal_year;water_stress_year;nitrogen_stress_year,water_stress,SYA2020_stress_grid_S0012,irrigation_positive_candidate,2020-06-28,180,75,70,"{""sim_day"": 75.0, ""doy"": 180.0, ""topwt"": 1298.2855224609375, ""grnwt"": 0.0, ""xlai"": 0.9103423357009888, ""totir"": 20.0, ""tofer"": NaN, ""swfac"": 0.0, ""nstres"": 0.3759729266166687}",0.0,0.3759729266166687,1298.2855224609375,0.0,0.9103423357009888,20.0,,0.0,0.0,20.0,0.0,14.70867462158203,22.70867462158203,Leave_One_experiments/all_year_offline_schedule_search/daily_outputs/SYA/SYA_2020_SYA2020_stress_grid_S0012_daily.csv
SYA,SYA,Shenyang,2020,Leave_One_experiments\wth_generated_qc\SYA\SYA2020.WTH,normal_year;water_stress_year;nitrogen_stress_year,water_stress,SYA2020_stress_grid_S0012,irrigation_positive_candidate,2020-06-29,181,76,71,"{""sim_day"": 76.0, ""doy"": 181.0, ""topwt"": 1367.7702331542969, ""grnwt"": 0.0, ""xlai"": 0.9082452654838562, ""totir"": 20.0, ""tofer"": NaN, ""swfac"": 0.0, ""nstres"": 0.4225857853889465}",0.0,0.4225857853889465,1367.7702331542969,0.0,0.9082452654838562,20.0,,0.0,0.0,20.0,0.0,14.70867462158203,22.70867462158203,Leave_One_experiments/all_year_offline_schedule_search/daily_outputs/SYA/SYA_2020_SYA2020_stress_grid_S0012_daily.csv
SYA,SYA,Shenyang,2020,Leave_One_experiments\wth_generated_qc\SYA\SYA2020.WTH,normal_year;water_stress_year;nitrogen_stress_year,water_stress,SYA2020_stress_grid_S0012,irrigation_positive_candidate,2020-06-30,182,77,72,"{""sim_day"": 77.0, ""doy"": 182.0, ""topwt"": 1428.5975646972656, ""grnwt"": 0.0, ""xlai"": 0.8993157148361206, ""totir"": 20.0, ""tofer"": NaN, ""swfac"": 0.0, ""nstres"": 0.4389010071754455}",0.0,0.4389010071754455,1428.5975646972656,0.0,0.8993157148361206,20.0,,0.0,0.0,20.0,0.0,14.70867462158203,22.70867462158203,Leave_One_experiments/all_year_offline_schedule_search/daily_outputs/SYA/SYA_2020_SYA2020_stress_grid_S0012_daily.csv
SYA,SYA,Shenyang,2020,Leave_One_experiments\wth_generated_qc\SYA\SYA2020.WTH,normal_year;water_stress_year;nitrogen_stress_year,water_stress,SYA2020_stress_grid_S0012,irrigation_positive_candidate,2020-07-01,183,78,73,"{""sim_day"": 78.0, ""doy"": 183.0, ""topwt"": 1486.85546875, ""grnwt"": 0.0, ""xlai"": 0.8876169919967651, ""totir"": 20.0, ""tofer"": NaN, ""swfac"": 0.0, ""nstres"": 0.4463546872138977}",0.0,0.4463546872138977,1486.85546875,0.0,0.8876169919967651,20.0,,0.0,0.0,20.0,0.0,14.70867462158203,22.70867462158203,Leave_One_experiments/all_year_offline_schedule_search/daily_outputs/SYA/SYA_2020_SYA2020_stress_grid_S0012_daily.csv
SYA,SYA,Shenyang,2020,Leave_One_experiments\wth_generated_qc\SYA\SYA2020.WTH,normal_year;water_stress_year;nitrogen_stress_year,water_stress,SYA2020_stress_grid_S0012,irrigation_positive_candidate,2020-07-02,184,79,74,"{""sim_day"": 79.0, ""doy"": 184.0, ""topwt"": 1545.682373046875, ""grnwt"": 0.0, ""xlai"": 0.8751015663146973, ""totir"": 20.0, ""tofer"": NaN, ""swfac"": 0.0, ""nstres"": 0.4456123113632202}",0.0,0.4456123113632202,1545.682373046875,0.0,0.8751015663146973,20.0,,0.0,0.0,20.0,0.0,14.70867462158203,22.70867462158203,Leave_One_experiments/all_year_offline_schedule_search/daily_outputs/SYA/SYA_2020_SYA2020_stress_grid_S0012_daily.csv
SYA,SYA,Shenyang,2020,Leave_One_experiments\wth_generated_qc\SYA\SYA2020.WTH,normal_year;water_stress_year;nitrogen_stress_year,water_stress,SYA2020_stress_grid_S0012,irrigation_positive_candidate,2020-07-03,185,80,75,"{""sim_day"": 80.0, ""doy"": 185.0, ""topwt"": 1600.5778503417969, ""grnwt"": 0.0, ""xlai"": 0.860831618309021, ""totir"": 20.0, ""tofer"": NaN, ""swfac"": 0.0, ""nstres"": 0.4429951310157776}",0.0,0.4429951310157776,1600.5778503417969,0.0,0.860831618309021,20.0,,0.0,0.0,20.0,0.0,14.70867462158203,22.70867462158203,Leave_One_experiments/all_year_offline_schedule_search/daily_outputs/SYA/SYA_2020_SYA2020_stress_grid_S0012_daily.csv
SYA,SYA,Shenyang,2020,Leave_One_experiments\wth_generated_qc\SYA\SYA2020.WTH,normal_year;water_stress_year;nitrogen_stress_year,water_stress,SYA2020_stress_grid_S0012,irrigation_positive_candidate,2020-07-04,186,81,76,"{""sim_day"": 81.0, ""doy"": 186.0, ""topwt"": 1656.6905212402344, ""grnwt"": 0.0, ""xlai"": 0.8466672897338867, ""totir"": 20.0, ""tofer"": NaN, ""swfac"": 0.0, ""nstres"": 0.4391810894012451}",0.0,0.4391810894012451,1656.6905212402344,0.0,0.8466672897338867,20.0,,0.0,0.0,20.0,0.0,14.70867462158203,22.70867462158203,Leave_One_experiments/all_year_offline_schedule_search/daily_outputs/SYA/SYA_2020_SYA2020_stress_grid_S0012_daily.csv
SYA,SYA,Shenyang,2020,Leave_One_experiments\wth_generated_qc\SYA\SYA2020.WTH,normal_year;water_stress_year;nitrogen_stress_year,water_stress,SYA2020_stress_grid_S0012,irrigation_positive_candidate,2020-07-05,187,82,77,"{""sim_day"": 82.0, ""doy"": 187.0, ""topwt"": 1700.6126403808594, ""grnwt"": 0.0, ""xlai"": 0.8291423320770264, ""totir"": 20.0, ""tofer"": NaN, ""swfac"": 0.0, ""nstres"": 0.4357936382293701}",0.0,0.4357936382293701,1700.6126403808594,0.0,0.8291423320770264,20.0,,0.0,0.0,20.0,0.0,14.70867462158203,22.70867462158203,Leave_One_experiments/all_year_offline_schedule_search/daily_outputs/SYA/SYA_2020_SYA2020_stress_grid_S0012_daily.csv
SYA,SYA,Shenyang,2020,Leave_One_experiments\wth_generated_qc\SYA\SYA2020.WTH,normal_year;water_stress_year;nitrogen_stress_year,water_stress,SYA2020_stress_grid_S0012,irrigation_positive_candidate,2020-07-06,188,83,78,"{""sim_day"": 83.0, ""doy"": 188.0, ""topwt"": 1752.793426513672, ""grnwt"": 0.0, ""xlai"": 0.8140776753425598, ""totir"": 20.0, ""tofer"": NaN, ""swfac"": 0.0, ""nstres"": 0.4315533638000488}",0.0,0.4315533638000488,1752.793426513672,0.0,0.8140776753425598,20.0,,0.0,0.0,20.0,0.0,14.70867462158203,22.70867462158203,Leave_One_experiments/all_year_offline_schedule_search/daily_outputs/SYA/SYA_2020_SYA2020_stress_grid_S0012_daily.csv
SYA,SYA,Shenyang,2020,Leave_One_experiments\wth_generated_qc\SYA\SYA2020.WTH,normal_year;water_stress_year;nitrogen_stress_year,water_stress,SYA2020_stress_grid_S0012,irrigation_positive_candidate,2020-07-07,189,84,79,"{""sim_day"": 84.0, ""doy"": 189.0, ""topwt"": 1799.2007446289062, ""grnwt"": 0.0, ""xlai"": 0.797874927520752, ""totir"": 20.0, ""tofer"": NaN, ""swfac"": 0.0, ""nstres"": 0.4234280586242676}",0.0,0.4234280586242676,1799.2007446289062,0.0,0.797874927520752,20.0,,0.0,0.0,20.0,0.0,14.70867462158203,22.70867462158203,Leave_One_experiments/all_year_offline_schedule_search/daily_outputs/SYA/SYA_2020_SYA2020_stress_grid_S0012_daily.csv
SYA,SYA,Shenyang,2020,Leave_One_experiments\wth_generated_qc\SYA\SYA2020.WTH,normal_year;water_stress_year;nitrogen_stress_year,water_stress,SYA2020_stress_grid_S0012,irrigation_positive_candidate,2020-07-08,190,85,80,"{""sim_day"": 85.0, ""doy"": 190.0, ""topwt"": 1850.9306335449216, ""grnwt"": 0.0, ""xlai"": 0.7833840250968933, ""totir"": 20.0, ""tofer"": NaN, ""swfac"": 0.0, ""nstres"": 0.4164987206459045}",0.0,0.4164987206459045,1850.9306335449216,0.0,0.7833840250968933,20.0,,0.0,0.0,20.0,0.0,14.70867462158203,22.70867462158203,Leave_One_experiments/all_year_offline_schedule_search/daily_outputs/SYA/SYA_2020_SYA2020_stress_grid_S0012_daily.csv
SYA,SYA,Shenyang,2020,Leave_One_experiments\wth_generated_qc\SYA\SYA2020.WTH,normal_year;water_stress_year;nitrogen_stress_year,water_stress,SYA2020_stress_grid_S0012,irrigation_positive_candidate,2020-07-09,191,86,81,"{""sim_day"": 86.0, ""doy"": 191.0, ""topwt"": 1909.2843627929688, ""grnwt"": 0.0, ""xlai"": 0.7712432742118835, ""totir"": 20.0, ""tofer"": NaN, ""swfac"": 0.0, ""nstres"": 0.4098992347717285}",0.0,0.4098992347717285,1909.2843627929688,0.0,0.7712432742118835,20.0,,0.0,0.0,20.0,0.0,14.70867462158203,22.70867462158203,Leave_One_experiments/all_year_offline_schedule_search/daily_outputs/SYA/SYA_2020_SYA2020_stress_grid_S0012_daily.csv
SYA,SYA,Shenyang,2020,Leave_One_experiments\wth_generated_qc\SYA\SYA2020.WTH,normal_year;water_stress_year;nitrogen_stress_year,water_stress,SYA2020_stress_grid_S0012,irrigation_positive_candidate,2020-07-10,192,87,82,"{""sim_day"": 87.0, ""doy"": 192.0, ""topwt"": 1972.418365478516, ""grnwt"": 0.0, ""xlai"": 0.7609195709228516, ""totir"": 20.0, ""tofer"": NaN, ""swfac"": 0.0, ""nstres"": 0.4028955101966858}",0.0,0.4028955101966858,1972.418365478516,0.0,0.7609195709228516,20.0,,0.0,0.0,20.0,0.0,14.70867462158203,22.70867462158203,Leave_One_experiments/all_year_offline_schedule_search/daily_outputs/SYA/SYA_2020_SYA2020_stress_grid_S0012_daily.csv
SYA,SYA,Shenyang,2020,Leave_One_experiments\wth_generated_qc\SYA\SYA2020.WTH,normal_year;water_stress_year;nitrogen_stress_year,water_stress,SYA2020_stress_grid_S0012,irrigation_positive_candidate,2020-07-11,193,88,83,"{""sim_day"": 88.0, ""doy"": 193.0, ""topwt"": 2034.5706176757808, ""grnwt"": 0.0, ""xlai"": 0.7508799433708191, ""totir"": 20.0, ""tofer"": NaN, ""swfac"": 0.0, ""nstres"": 0.3969406485557556}",0.0,0.3969406485557556,2034.5706176757808,0.0,0.7508799433708191,20.0,,0.0,0.0,20.0,0.0,14.70867462158203,22.70867462158203,Leave_One_experiments/all_year_offline_schedule_search/daily_outputs/SYA/SYA_2020_SYA2020_stress_grid_S0012_daily.csv
SYA,SYA,Shenyang,2020,Leave_One_experiments\wth_generated_qc\SYA\SYA2020.WTH,normal_year;water_stress_year;nitrogen_stress_year,water_stress,SYA2020_stress_grid_S0012,irrigation_positive_candidate,2020-07-12,194,89,84,"{""sim_day"": 89.0, ""doy"": 194.0, ""topwt"": 2097.216339111328, ""grnwt"": 0.0, ""xlai"": 0.7415313720703125, ""totir"": 20.0, ""tofer"": NaN, ""swfac"": 0.0, ""nstres"": 0.3892600536346435}",0.0,0.3892600536346435,2097.216339111328,0.0,0.7415313720703125,20.0,,0.0,0.0,20.0,0.0,14.70867462158203,22.70867462158203,Leave_One_experiments/all_year_offline_schedule_search/daily_outputs/SYA/SYA_2020_SYA2020_stress_grid_S0012_daily.csv
SYA,SYA,Shenyang,2020,Leave_One_experiments\wth_generated_qc\SYA\SYA2020.WTH,normal_year;water_stress_year;nitrogen_stress_year,water_stress,SYA2020_stress_grid_S0012,irrigation_positive_candidate,2020-07-13,195,90,85,"{""sim_day"": 90.0, ""doy"": 195.0, ""topwt"": 2159.6078491210938, ""grnwt"": 0.0, ""xlai"": 0.7327035665512085, ""totir"": 20.0, ""tofer"": NaN, ""swfac"": 0.0, ""nstres"": 0.3801814913749695}",0.0,0.3801814913749695,2159.6078491210938,0.0,0.7327035665512085,20.0,,0.0,0.0,20.0,0.0,14.70867462158203,22.70867462158203,Leave_One_experiments/all_year_offline_schedule_search/daily_outputs/SYA/SYA_2020_SYA2020_stress_grid_S0012_daily.csv
SYA,SYA,Shenyang,2020,Leave_One_experiments\wth_generated_qc\SYA\SYA2020.WTH,normal_year;water_stress_year;nitrogen_stress_year,water_stress,SYA2020_stress_grid_S0012,irrigation_positive_candidate,2020-07-14,196,91,86,"{""sim_day"": 91.0, ""doy"": 196.0, ""topwt"": 2228.5145568847656, ""grnwt"": 0.0, ""xlai"": 0.7259748578071594, ""totir"": 20.0, ""tofer"": NaN, ""swfac"": 0.0, ""nstres"": 0.3735794425010681}",0.0,0.3735794425010681,2228.5145568847656,0.0,0.7259748578071594,20.0,,0.0,0.0,20.0,0.0,14.70867462158203,22.70867462158203,Leave_One_experiments/all_year_offline_schedule_search/daily_outputs/SYA/SYA_2020_SYA2020_stress_grid_S0012_daily.csv
SYA,SYA,Shenyang,2020,Leave_One_experiments\wth_generated_qc\SYA\SYA2020.WTH,normal_year;water_stress_year;nitrogen_stress_year,water_stress,SYA2020_stress_grid_S0012,irrigation_positive_candidate,2020-07-15,197,92,87,"{""sim_day"": 92.0, ""doy"": 197.0, ""topwt"": 2348.4669494628906, ""grnwt"": 0.0, ""xlai"": 0.7028908729553223, ""totir"": 20.0, ""tofer"": NaN, ""swfac"": 0.0, ""nstres"": 0.3631347417831421}",0.0,0.3631347417831421,2348.4669494628906,0.0,0.7028908729553223,20.0,,0.0,0.0,20.0,0.0,14.70867462158203,22.70867462158203,Leave_One_experiments/all_year_offline_schedule_search/daily_outputs/SYA/SYA_2020_SYA2020_stress_grid_S0012_daily.csv
SYA,SYA,Shenyang,2020,Leave_One_experiments\wth_generated_qc\SYA\SYA2020.WTH,normal_year;water_stress_year;nitrogen_stress_year,water_stress,SYA2020_stress_grid_S0012,irrigation_positive_candidate,2020-07-16,198,93,88,"{""sim_day"": 93.0, ""doy"": 198.0, ""topwt"": 2437.420196533203, ""grnwt"": 0.0, ""xlai"": 0.6808575391769409, ""totir"": 20.0, ""tofer"": NaN, ""swfac"": 0.0, ""nstres"": 0.35232013463974}",0.0,0.35232013463974,2437.420196533203,0.0,0.6808575391769409,20.0,,0.0,0.0,20.0,0.0,14.70867462158203,22.70867462158203,Leave_One_experiments/all_year_offline_schedule_search/daily_outputs/SYA/SYA_2020_SYA2020_stress_grid_S0012_daily.csv
SYA,SYA,Shenyang,2020,Leave_One_experiments\wth_generated_qc\SYA\SYA2020.WTH,normal_year;water_stress_year;nitrogen_stress_year,water_stress,SYA2020_stress_grid_S0012,irrigation_positive_candidate,2020-07-17,199,94,89,"{""sim_day"": 94.0, ""doy"": 199.0, ""topwt"": 2519.600372314453, ""grnwt"": 0.0, ""xlai"": 0.6592198014259338, ""totir"": 20.0, ""tofer"": NaN, ""swfac"": 0.0, ""nstres"": 0.3627229332923889}",0.0,0.3627229332923889,2519.600372314453,0.0,0.6592198014259338,20.0,,0.0,0.0,20.0,0.0,14.70867462158203,22.70867462158203,Leave_One_experiments/all_year_offline_schedule_search/daily_outputs/SYA/SYA_2020_SYA2020_stress_grid_S0012_daily.csv
SYA,SYA,Shenyang,2020,Leave_One_experiments\wth_generated_qc\SYA\SYA2020.WTH,normal_year;water_stress_year;nitrogen_stress_year,water_stress,SYA2020_stress_grid_S0012,irrigation_positive_candidate,2020-07-18,200,95,90,"{""sim_day"": 95.0, ""doy"": 200.0, ""topwt"": 2516.0142517089844, ""grnwt"": 0.0, ""xlai"": 0.6382500529289246, ""totir"": 20.0, ""tofer"": NaN, ""swfac"": 0.0, ""nstres"": 0.3634377717971802}",0.0,0.3634377717971802,2516.0142517089844,0.0,0.6382500529289246,20.0,,0.0,0.0,20.0,0.0,14.70867462158203,22.70867462158203,Leave_One_experiments/all_year_offline_schedule_search/daily_outputs/SYA/SYA_2020_SYA2020_stress_grid_S0012_daily.csv
SYA,SYA,Shenyang,2020,Leave_One_experiments\wth_generated_qc\SYA\SYA2020.WTH,normal_year;water_stress_year;nitrogen_stress_year,water_stress,SYA2020_stress_grid_S0012,irrigation_positive_candidate,2020-07-19,201,96,91,"{""sim_day"": 96.0, ""doy"": 201.0, ""topwt"": 2620.919189453125, ""grnwt"": 0.0, ""xlai"": 0.6180866360664368, ""totir"": 20.0, ""tofer"": NaN, ""swfac"": 0.0, ""nstres"": 0.3581986427307129}",0.0,0.3581986427307129,2620.919189453125,0.0,0.6180866360664368,20.0,,0.0,0.0,20.0,0.0,14.70867462158203,22.70867462158203,Leave_One_experiments/all_year_offline_schedule_search/daily_outputs/SYA/SYA_2020_SYA2020_stress_grid_S0012_daily.csv
SYA,SYA,Shenyang,2020,Leave_One_experiments\wth_generated_qc\SYA\SYA2020.WTH,normal_year;water_stress_year;nitrogen_stress_year,water_stress,SYA2020_stress_grid_S0012,irrigation_positive_candidate,2020-07-20,202,97,92,"{""sim_day"": 97.0, ""doy"": 202.0, ""topwt"": 2721.434326171875, ""grnwt"": 0.0, ""xlai"": 0.5991986393928528, ""totir"": 20.0, ""tofer"": NaN, ""swfac"": 0.0, ""nstres"": 0.3334123492240906}",0.0,0.3334123492240906,2721.434326171875,0.0,0.5991986393928528,20.0,,0.0,0.0,20.0,0.0,14.70867462158203,22.70867462158203,Leave_One_experiments/all_year_offline_schedule_search/daily_outputs/SYA/SYA_2020_SYA2020_stress_grid_S0012_daily.csv
SYA,SYA,Shenyang,2020,Leave_One_experiments\wth_generated_qc\SYA\SYA2020.WTH,normal_year;water_stress_year;nitrogen_stress_year,water_stress,SYA2020_stress_grid_S0012,irrigation_positive_candidate,2020-07-21,203,98,93,"{""sim_day"": 98.0, ""doy"": 203.0, ""topwt"": 2822.0086669921875, ""grnwt"": 0.0, ""xlai"": 0.5808445811271667, ""totir"": 20.0, ""tofer"": NaN, ""swfac"": 0.0, ""nstres"": 0.335146963596344}",0.0,0.335146963596344,2822.0086669921875,0.0,0.5808445811271667,20.0,,0.0,0.0,20.0,0.0,14.70867462158203,22.70867462158203,Leave_One_experiments/all_year_offline_schedule_search/daily_outputs/SYA/SYA_2020_SYA2020_stress_grid_S0012_daily.csv
SYA,SYA,Shenyang,2020,Leave_One_experiments\wth_generated_qc\SYA\SYA2020.WTH,normal_year;water_stress_year;nitrogen_stress_year,water_stress,SYA2020_stress_grid_S0012,irrigation_positive_candidate,2020-07-22,204,99,94,"{""sim_day"": 99.0, ""doy"": 204.0, ""topwt"": 2906.54296875, ""grnwt"": 0.0, ""xlai"": 0.5631324052810669, ""totir"": 20.0, ""tofer"": NaN, ""swfac"": 0.0, ""nstres"": 0.3318506479263305}",0.0,0.3318506479263305,2906.54296875,0.0,0.5631324052810669,20.0,,0.0,0.0,20.0,0.0,14.70867462158203,22.70867462158203,Leave_One_experiments/all_year_offline_schedule_search/daily_outputs/SYA/SYA_2020_SYA2020_stress_grid_S0012_daily.csv
SYA,SYA,Shenyang,2020,Leave_One_experiments\wth_generated_qc\SYA\SYA2020.WTH,normal_year;water_stress_year;nitrogen_stress_year,water_stress,SYA2020_stress_grid_S0012,irrigation_positive_candidate,2020-07-23,205,100,95,"{""sim_day"": 100.0, ""doy"": 205.0, ""topwt"": 2974.473571777344, ""grnwt"": 0.0, ""xlai"": 0.5460727214813232, ""totir"": 20.0, ""tofer"": NaN, ""swfac"": 0.0, ""nstres"": 0.3270633816719055}",0.0,0.3270633816719055,2974.473571777344,0.0,0.5460727214813232,20.0,,0.0,0.0,20.0,0.0,14.70867462158203,22.70867462158203,Leave_One_experiments/all_year_offline_schedule_search/daily_outputs/SYA/SYA_2020_SYA2020_stress_grid_S0012_daily.csv
SYA,SYA,Shenyang,2020,Leave_One_experiments\wth_generated_qc\SYA\SYA2020.WTH,normal_year;water_stress_year;nitrogen_stress_year,water_stress,SYA2020_stress_grid_S0012,irrigation_positive_candidate,2020-07-24,206,101,96,"{""sim_day"": 101.0, ""doy"": 206.0, ""topwt"": 3065.2133178710938, ""grnwt"": 0.0, ""xlai"": 0.5297360420227051, ""totir"": 20.0, ""tofer"": NaN, ""swfac"": 0.0, ""nstres"": 0.3180018067359924}",0.0,0.3180018067359924,3065.2133178710938,0.0,0.5297360420227051,20.0,,0.0,0.0,20.0,0.0,14.70867462158203,22.70867462158203,Leave_One_experiments/all_year_offline_schedule_search/daily_outputs/SYA/SYA_2020_SYA2020_stress_grid_S0012_daily.csv
SYA,SYA,Shenyang,2020,Leave_One_experiments\wth_generated_qc\SYA\SYA2020.WTH,normal_year;water_stress_year;nitrogen_stress_year,water_stress,SYA2020_stress_grid_S0012,irrigation_positive_candidate,2020-07-25,207,102,97,"{""sim_day"": 102.0, ""doy"": 207.0, ""topwt"": 3180.0613403320312, ""grnwt"": 121.30003929138184, ""xlai"": 0.5142561197280884, ""totir"": 20.0, ""tofer"": NaN, ""swfac"": 0.0, ""nstres"": 0.3013270497322082}",0.0,0.3013270497322082,3180.0613403320312,121.30003929138184,0.5142561197280884,20.0,,0.0,0.0,20.0,0.0,14.70867462158203,22.70867462158203,Leave_One_experiments/all_year_offline_schedule_search/daily_outputs/SYA/SYA_2020_SYA2020_stress_grid_S0012_daily.csv
SYA,SYA,Shenyang,2020,Leave_One_experiments\wth_generated_qc\SYA\SYA2020.WTH,normal_year;water_stress_year;nitrogen_stress_year,water_stress,SYA2020_stress_grid_S0012,irrigation_positive_candidate,2020-07-26,208,103,98,"{""sim_day"": 103.0, ""doy"": 208.0, ""topwt"": 3229.6856689453125, ""grnwt"": 200.94541549682617, ""xlai"": 0.4983362257480621, ""totir"": 20.0, ""tofer"": NaN, ""swfac"": 0.0, ""nstres"": 0.3429745435714721}",0.0,0.3429745435714721,3229.6856689453125,200.94541549682617,0.4983362257480621,20.0,,0.0,0.0,20.0,0.0,14.70867462158203,22.70867462158203,Leave_One_experiments/all_year_offline_schedule_search/daily_outputs/SYA/SYA_2020_SYA2020_stress_grid_S0012_daily.csv
SYA,SYA,Shenyang,2020,Leave_One_experiments\wth_generated_qc\SYA\SYA2020.WTH,normal_year;water_stress_year;nitrogen_stress_year,water_stress,SYA2020_stress_grid_S0012,irrigation_positive_candidate,2020-07-27,209,104,99,"{""sim_day"": 104.0, ""doy"": 209.0, ""topwt"": 3318.98193359375, ""grnwt"": 280.59078216552734, ""xlai"": 0.4829832315444946, ""totir"": 20.0, ""tofer"": NaN, ""swfac"": 0.0, ""nstres"": 0.339400053024292}",0.0,0.339400053024292,3318.98193359375,280.59078216552734,0.4829832315444946,20.0,,0.0,0.0,20.0,0.0,14.70867462158203,22.70867462158203,Leave_One_experiments/all_year_offline_schedule_search/daily_outputs/SYA/SYA_2020_SYA2020_stress_grid_S0012_daily.csv
SYA,SYA,Shenyang,2020,Leave_One_experiments\wth_generated_qc\SYA\SYA2020.WTH,normal_year;water_stress_year;nitrogen_stress_year,water_stress,SYA2020_stress_grid_S0012,irrigation_positive_candidate,2020-07-28,210,105,100,"{""sim_day"": 105.0, ""doy"": 210.0, ""topwt"": 3395.3695678710938, ""grnwt"": 360.23616790771484, ""xlai"": 0.4682695567607879, ""totir"": 20.0, ""tofer"": NaN, ""swfac"": 0.0, ""nstres"": 0.331141710281372}",0.0,0.331141710281372,3395.3695678710938,360.23616790771484,0.4682695567607879,20.0,,0.0,0.0,20.0,0.0,14.70867462158203,22.70867462158203,Leave_One_experiments/all_year_offline_schedule_search/daily_outputs/SYA/SYA_2020_SYA2020_stress_grid_S0012_daily.csv
SYA,SYA,Shenyang,2020,Leave_One_experiments\wth_generated_qc\SYA\SYA2020.WTH,normal_year;water_stress_year;nitrogen_stress_year,water_stress,SYA2020_stress_grid_S0012,irrigation_positive_candidate,2020-07-29,211,106,101,"{""sim_day"": 106.0, ""doy"": 211.0, ""topwt"": 3459.8492431640625, ""grnwt"": 439.8815536499024, ""xlai"": 0.4539149701595306, ""totir"": 20.0, ""tofer"": NaN, ""swfac"": 0.0, ""nstres"": 0.3357066512107849}",0.0,0.3357066512107849,3459.8492431640625,439.8815536499024,0.4539149701595306,20.0,,0.0,0.0,20.0,0.0,14.70867462158203,22.70867462158203,Leave_One_experiments/all_year_offline_schedule_search/daily_outputs/SYA/SYA_2020_SYA2020_stress_grid_S0012_daily.csv
SYA,SYA,Shenyang,2020,Leave_One_experiments\wth_generated_qc\SYA\SYA2020.WTH,normal_year;water_stress_year;nitrogen_stress_year,water_stress,SYA2020_stress_grid_S0012,irrigation_positive_candidate,2020-07-30,212,107,102,"{""sim_day"": 107.0, ""doy"": 212.0, ""topwt"": 3542.9476928710938, ""grnwt"": 510.5668258666992, ""xlai"": 0.4399866461753845, ""totir"": 20.0, ""tofer"": NaN, ""swfac"": 0.0, ""nstres"": 0.3364337682723999}",0.0,0.3364337682723999,3542.9476928710938,510.5668258666992,0.4399866461753845,20.0,,0.0,0.0,20.0,0.0,14.70867462158203,22.70867462158203,Leave_One_experiments/all_year_offline_schedule_search/daily_outputs/SYA/SYA_2020_SYA2020_stress_grid_S0012_daily.csv
SYA,SYA,Shenyang,2020,Leave_One_experiments\wth_generated_qc\SYA\SYA2020.WTH,normal_year;water_stress_year;nitrogen_stress_year,water_stress,SYA2020_stress_grid_S0012,irrigation_positive_candidate,2020-07-31,213,108,103,"{""sim_day"": 108.0, ""doy"": 213.0, ""topwt"": 3616.9174194335938, ""grnwt"": 578.7631988525391, ""xlai"": 0.4265982806682586, ""totir"": 20.0, ""tofer"": NaN, ""swfac"": 0.0, ""nstres"": 0.3302969932556152}",0.0,0.3302969932556152,3616.9174194335938,578.7631988525391,0.4265982806682586,20.0,,0.0,0.0,20.0,0.0,14.70867462158203,22.70867462158203,Leave_One_experiments/all_year_offline_schedule_search/daily_outputs/SYA/SYA_2020_SYA2020_stress_grid_S0012_daily.csv
SYA,SYA,Shenyang,2020,Leave_One_experiments\wth_generated_qc\SYA\SYA2020.WTH,normal_year;water_stress_year;nitrogen_stress_year,water_stress,SYA2020_stress_grid_S0012,irrigation_positive_candidate,2020-08-01,214,109,104,"{""sim_day"": 109.0, ""doy"": 214.0, ""topwt"": 3657.119140625, ""grnwt"": 658.4085845947266, ""xlai"": 0.4135126769542694, ""totir"": 20.0, ""tofer"": NaN, ""swfac"": 0.0, ""nstres"": 0.3361812233924866}",0.0,0.3361812233924866,3657.119140625,658.4085845947266,0.4135126769542694,20.0,,0.0,0.0,20.0,0.0,14.70867462158203,22.70867462158203,Leave_One_experiments/all_year_offline_schedule_search/daily_outputs/SYA/SYA_2020_SYA2020_stress_grid_S0012_daily.csv
SYA,SYA,Shenyang,2020,Leave_One_experiments\wth_generated_qc\SYA\SYA2020.WTH,normal_year;water_stress_year;nitrogen_stress_year,water_stress,SYA2020_stress_grid_S0012,irrigation_positive_candidate,2020-08-02,215,110,105,"{""sim_day"": 110.0, ""doy"": 215.0, ""topwt"": 3701.014709472656, ""grnwt"": 738.0538940429688, ""xlai"": 0.4007204473018646, ""totir"": 20.0, ""tofer"": NaN, ""swfac"": 0.0, ""nstres"": 0.3424519300460815}",0.0,0.3424519300460815,3701.014709472656,738.0538940429688,0.4007204473018646,20.0,,0.0,0.0,20.0,0.0,14.70867462158203,22.70867462158203,Leave_One_experiments/all_year_offline_schedule_search/daily_outputs/SYA/SYA_2020_SYA2020_stress_grid_S0012_daily.csv
SYA,SYA,Shenyang,2020,Leave_One_experiments\wth_generated_qc\SYA\SYA2020.WTH,normal_year;water_stress_year;nitrogen_stress_year,water_stress,SYA2020_stress_grid_S0012,irrigation_positive_candidate,2020-08-03,216,111,106,"{""sim_day"": 111.0, ""doy"": 216.0, ""topwt"": 3780.19775390625, ""grnwt"": 817.6992797851562, ""xlai"": 0.3884941041469574, ""totir"": 20.0, ""tofer"": NaN, ""swfac"": 0.0, ""nstres"": 0.3322619199752807}",0.0,0.3322619199752807,3780.19775390625,817.6992797851562,0.3884941041469574,20.0,,0.0,0.0,20.0,0.0,14.70867462158203,22.70867462158203,Leave_One_experiments/all_year_offline_schedule_search/daily_outputs/SYA/SYA_2020_SYA2020_stress_grid_S0012_daily.csv
SYA,SYA,Shenyang,2020,Leave_One_experiments\wth_generated_qc\SYA\SYA2020.WTH,normal_year;water_stress_year;nitrogen_stress_year,water_stress,SYA2020_stress_grid_S0012,irrigation_positive_candidate,2020-08-04,217,112,107,"{""sim_day"": 112.0, ""doy"": 217.0, ""topwt"": 3842.319641113281, ""grnwt"": 893.8602447509766, ""xlai"": 0.3767945766448974, ""totir"": 20.0, ""tofer"": NaN, ""swfac"": 0.0, ""nstres"": 0.322763442993164}",0.0,0.322763442993164,3842.319641113281,893.8602447509766,0.3767945766448974,20.0,,0.0,0.0,20.0,0.0,14.70867462158203,22.70867462158203,Leave_One_experiments/all_year_offline_schedule_search/daily_outputs/SYA/SYA_2020_SYA2020_stress_grid_S0012_daily.csv
SYA,SYA,Shenyang,2020,Leave_One_experiments\wth_generated_qc\SYA\SYA2020.WTH,normal_year;water_stress_year;nitrogen_stress_year,water_stress,SYA2020_stress_grid_S0012,irrigation_positive_candidate,2020-08-05,218,113,108,"{""sim_day"": 113.0, ""doy"": 218.0, ""topwt"": 3925.957336425781, ""grnwt"": 973.5055541992188, ""xlai"": 0.3653656542301178, ""totir"": 20.0, ""tofer"": NaN, ""swfac"": 0.0, ""nstres"": 0.3279717564582824}",0.0,0.3279717564582824,3925.957336425781,973.5055541992188,0.3653656542301178,20.0,,0.0,0.0,20.0,0.0,14.70867462158203,22.70867462158203,Leave_One_experiments/all_year_offline_schedule_search/daily_outputs/SYA/SYA_2020_SYA2020_stress_grid_S0012_daily.csv
SYA,SYA,Shenyang,2020,Leave_One_experiments\wth_generated_qc\SYA\SYA2020.WTH,normal_year;water_stress_year;nitrogen_stress_year,water_stress,SYA2020_stress_grid_S0012,irrigation_positive_candidate,2020-08-06,219,114,109,"{""sim_day"": 114.0, ""doy"": 219.0, ""topwt"": 4008.395385742188, ""grnwt"": 1053.1509399414062, ""xlai"": 0.3541939854621887, ""totir"": 20.0, ""tofer"": NaN, ""swfac"": 0.0, ""nstres"": 0.3338389992713928}",0.0,0.3338389992713928,4008.395385742188,1053.1509399414062,0.3541939854621887,20.0,,0.0,0.0,20.0,0.0,14.70867462158203,22.70867462158203,Leave_One_experiments/all_year_offline_schedule_search/daily_outputs/SYA/SYA_2020_SYA2020_stress_grid_S0012_daily.csv
SYA,SYA,Shenyang,2020,Leave_One_experiments\wth_generated_qc\SYA\SYA2020.WTH,normal_year;water_stress_year;nitrogen_stress_year,water_stress,SYA2020_stress_grid_S0012,irrigation_positive_candidate,2020-08-07,220,115,110,"{""sim_day"": 115.0, ""doy"": 220.0, ""topwt"": 4080.6185913085938, ""grnwt"": 1132.7962493896484, ""xlai"": 0.3431867957115173, ""totir"": 20.0, ""tofer"": NaN, ""swfac"": 0.0, ""nstres"": 0.3458436727523803}",0.0,0.3458436727523803,4080.6185913085938,1132.7962493896484,0.3431867957115173,20.0,,0.0,0.0,20.0,0.0,14.70867462158203,22.70867462158203,Leave_One_experiments/all_year_offline_schedule_search/daily_outputs/SYA/SYA_2020_SYA2020_stress_grid_S0012_daily.csv
SYA,SYA,Shenyang,2020,Leave_One_experiments\wth_generated_qc\SYA\SYA2020.WTH,normal_year;water_stress_year;nitrogen_stress_year,water_stress,SYA2020_stress_grid_S0012,irrigation_positive_candidate,2020-08-08,221,116,111,"{""sim_day"": 116.0, ""doy"": 221.0, ""topwt"": 4108.046875, ""grnwt"": 1212.441635131836, ""xlai"": 0.3323796093463897, ""totir"": 20.0, ""tofer"": NaN, ""swfac"": 0.0, ""nstres"": 0.3557772636413574}",0.0,0.3557772636413574,4108.046875,1212.441635131836,0.3323796093463897,20.0,,0.0,0.0,20.0,0.0,14.70867462158203,22.70867462158203,Leave_One_experiments/all_year_offline_schedule_search/daily_outputs/SYA/SYA_2020_SYA2020_stress_grid_S0012_daily.csv
SYA,SYA,Shenyang,2020,Leave_One_experiments\wth_generated_qc\SYA\SYA2020.WTH,normal_year;water_stress_year;nitrogen_stress_year,water_stress,SYA2020_stress_grid_S0012,irrigation_positive_candidate,2020-08-09,222,117,112,"{""sim_day"": 117.0, ""doy"": 222.0, ""topwt"": 4163.8848876953125, ""grnwt"": 1285.6158447265625, ""xlai"": 0.3219349682331085, ""totir"": 20.0, ""tofer"": NaN, ""swfac"": 0.0, ""nstres"": 0.3541725873947143}",0.0,0.3541725873947143,4163.8848876953125,1285.6158447265625,0.3219349682331085,20.0,,0.0,0.0,20.0,0.0,14.70867462158203,22.70867462158203,Leave_One_experiments/all_year_offline_schedule_search/daily_outputs/SYA/SYA_2020_SYA2020_stress_grid_S0012_daily.csv
SYA,SYA,Shenyang,2020,Leave_One_experiments\wth_generated_qc\SYA\SYA2020.WTH,normal_year;water_stress_year;nitrogen_stress_year,water_stress,SYA2020_stress_grid_S0012,irrigation_positive_candidate,2020-08-10,223,118,113,"{""sim_day"": 118.0, ""doy"": 223.0, ""topwt"": 4231.592712402344, ""grnwt"": 1365.2610778808594, ""xlai"": 0.312105119228363, ""totir"": 20.0, ""tofer"": NaN, ""swfac"": 0.0, ""nstres"": 0.332810640335083}",0.0,0.332810640335083,4231.592712402344,1365.2610778808594,0.312105119228363,20.0,,0.0,0.0,20.0,0.0,14.70867462158203,22.70867462158203,Leave_One_experiments/all_year_offline_schedule_search/daily_outputs/SYA/SYA_2020_SYA2020_stress_grid_S0012_daily.csv
SYA,SYA,Shenyang,2020,Leave_One_experiments\wth_generated_qc\SYA\SYA2020.WTH,normal_year;water_stress_year;nitrogen_stress_year,water_stress,SYA2020_stress_grid_S0012,irrigation_positive_candidate,2020-08-11,224,119,114,"{""sim_day"": 119.0, ""doy"": 224.0, ""topwt"": 4273.251037597656, ""grnwt"": 1429.9729919433594, ""xlai"": 0.3026100099086761, ""totir"": 20.0, ""tofer"": NaN, ""swfac"": 0.0, ""nstres"": 0.3301470279693603}",0.0,0.3301470279693603,4273.251037597656,1429.9729919433594,0.3026100099086761,20.0,,0.0,0.0,20.0,0.0,14.70867462158203,22.70867462158203,Leave_One_experiments/all_year_offline_schedule_search/daily_outputs/SYA/SYA_2020_SYA2020_stress_grid_S0012_daily.csv
SYA,SYA,Shenyang,2020,Leave_One_experiments\wth_generated_qc\SYA\SYA2020.WTH,normal_year;water_stress_year;nitrogen_stress_year,water_stress,SYA2020_stress_grid_S0012,irrigation_positive_candidate,2020-08-12,225,120,115,"{""sim_day"": 120.0, ""doy"": 225.0, ""topwt"": 4279.5196533203125, ""grnwt"": 1509.6183776855469, ""xlai"": 0.2934500277042389, ""totir"": 20.0, ""tofer"": NaN, ""swfac"": 0.0, ""nstres"": 0.3264808654785156}",0.0,0.3264808654785156,4279.5196533203125,1509.6183776855469,0.2934500277042389,20.0,,0.0,0.0,20.0,0.0,14.70867462158203,22.70867462158203,Leave_One_experiments/all_year_offline_schedule_search/daily_outputs/SYA/SYA_2020_SYA2020_stress_grid_S0012_daily.csv
SYA,SYA,Shenyang,2020,Leave_One_experiments\wth_generated_qc\SYA\SYA2020.WTH,normal_year;water_stress_year;nitrogen_stress_year,water_stress,SYA2020_stress_grid_S0012,irrigation_positive_candidate,2020-08-13,226,121,116,"{""sim_day"": 121.0, ""doy"": 226.0, ""topwt"": 4348.48876953125, ""grnwt"": 1577.3170471191406, ""xlai"": 0.2846125364303589, ""totir"": 20.0, ""tofer"": NaN, ""swfac"": 0.0, ""nstres"": 0.3227818608283996}",0.0,0.3227818608283996,4348.48876953125,1577.3170471191406,0.2846125364303589,20.0,,0.0,0.0,20.0,0.0,14.70867462158203,22.70867462158203,Leave_One_experiments/all_year_offline_schedule_search/daily_outputs/SYA/SYA_2020_SYA2020_stress_grid_S0012_daily.csv
SYA,SYA,Shenyang,2020,Leave_One_experiments\wth_generated_qc\SYA\SYA2020.WTH,normal_year;water_stress_year;nitrogen_stress_year,water_stress,SYA2020_stress_grid_S0012,irrigation_positive_candidate,2020-08-14,227,122,117,"{""sim_day"": 122.0, ""doy"": 227.0, ""topwt"": 4376.9561767578125, ""grnwt"": 1656.962432861328, ""xlai"": 0.276357501745224, ""totir"": 20.0, ""tofer"": NaN, ""swfac"": 0.0, ""nstres"": 0.2961117625236511}",0.0,0.2961117625236511,4376.9561767578125,1656.962432861328,0.276357501745224,20.0,,0.0,0.0,20.0,0.0,14.70867462158203,22.70867462158203,Leave_One_experiments/all_year_offline_schedule_search/daily_outputs/SYA/SYA_2020_SYA2020_stress_grid_S0012_daily.csv
SYA,SYA,Shenyang,2020,Leave_One_experiments\wth_generated_qc\SYA\SYA2020.WTH,normal_year;water_stress_year;nitrogen_stress_year,water_stress,SYA2020_stress_grid_S0012,irrigation_positive_candidate,2020-08-15,228,123,118,"{""sim_day"": 123.0, ""doy"": 228.0, ""topwt"": 4430.037841796875, ""grnwt"": 1736.6079711914062, ""xlai"": 0.268074095249176, ""totir"": 20.0, ""tofer"": NaN, ""swfac"": 0.0, ""nstres"": 0.3193634152412414}",0.0,0.3193634152412414,4430.037841796875,1736.6079711914062,0.268074095249176,20.0,,0.0,0.0,20.0,0.0,14.70867462158203,22.70867462158203,Leave_One_experiments/all_year_offline_schedule_search/daily_outputs/SYA/SYA_2020_SYA2020_stress_grid_S0012_daily.csv
SYA,SYA,Shenyang,2020,Leave_One_experiments\wth_generated_qc\SYA\SYA2020.WTH,normal_year;water_stress_year;nitrogen_stress_year,water_stress,SYA2020_stress_grid_S0012,irrigation_positive_candidate,2020-08-16,229,124,119,"{""sim_day"": 124.0, ""doy"": 229.0, ""topwt"": 4462.569885253906, ""grnwt"": 1814.262237548828, ""xlai"": 0.2600994110107422, ""totir"": 20.0, ""tofer"": NaN, ""swfac"": 0.0, ""nstres"": 0.3139496445655823}",0.0,0.3139496445655823,4462.569885253906,1814.262237548828,0.2600994110107422,20.0,,0.0,0.0,20.0,0.0,14.70867462158203,22.70867462158203,Leave_One_experiments/all_year_offline_schedule_search/daily_outputs/SYA/SYA_2020_SYA2020_stress_grid_S0012_daily.csv
SYA,SYA,Shenyang,2020,Leave_One_experiments\wth_generated_qc\SYA\SYA2020.WTH,normal_year;water_stress_year;nitrogen_stress_year,water_stress,SYA2020_stress_grid_S0012,irrigation_positive_candidate,2020-08-17,230,125,120,"{""sim_day"": 125.0, ""doy"": 230.0, ""topwt"": 4489.71435546875, ""grnwt"": 1889.427490234375, ""xlai"": 0.2523066997528076, ""totir"": 20.0, ""tofer"": NaN, ""swfac"": 0.0, ""nstres"": 0.3190504312515259}",0.0,0.3190504312515259,4489.71435546875,1889.427490234375,0.2523066997528076,20.0,,0.0,0.0,20.0,0.0,14.70867462158203,22.70867462158203,Leave_One_experiments/all_year_offline_schedule_search/daily_outputs/SYA/SYA_2020_SYA2020_stress_grid_S0012_daily.csv
SYA,SYA,Shenyang,2020,Leave_One_experiments\wth_generated_qc\SYA\SYA2020.WTH,normal_year;water_stress_year;nitrogen_stress_year,water_stress,SYA2020_stress_grid_S0012,irrigation_positive_candidate,2020-08-18,231,126,121,"{""sim_day"": 126.0, ""doy"": 231.0, ""topwt"": 4499.8541259765625, ""grnwt"": 1969.0728759765625, ""xlai"": 0.2448305636644363, ""totir"": 20.0, ""tofer"": NaN, ""swfac"": 0.0, ""nstres"": 0.3111507892608642}",0.0,0.3111507892608642,4499.8541259765625,1969.0728759765625,0.2448305636644363,20.0,,0.0,0.0,20.0,0.0,14.70867462158203,22.70867462158203,Leave_One_experiments/all_year_offline_schedule_search/daily_outputs/SYA/SYA_2020_SYA2020_stress_grid_S0012_daily.csv
SYA,SYA,Shenyang,2020,Leave_One_experiments\wth_generated_qc\SYA\SYA2020.WTH,normal_year;water_stress_year;nitrogen_stress_year,water_stress,SYA2020_stress_grid_S0012,irrigation_positive_candidate,2020-08-19,232,127,122,"{""sim_day"": 127.0, ""doy"": 232.0, ""topwt"": 4531.922912597656, ""grnwt"": 2048.71826171875, ""xlai"": 0.2375380098819732, ""totir"": 20.0, ""tofer"": NaN, ""swfac"": 0.0, ""nstres"": 0.3148620128631592}",0.0,0.3148620128631592,4531.922912597656,2048.71826171875,0.2375380098819732,20.0,,0.0,0.0,20.0,0.0,14.70867462158203,22.70867462158203,Leave_One_experiments/all_year_offline_schedule_search/daily_outputs/SYA/SYA_2020_SYA2020_stress_grid_S0012_daily.csv
SYA,SYA,Shenyang,2020,Leave_One_experiments\wth_generated_qc\SYA\SYA2020.WTH,normal_year;water_stress_year;nitrogen_stress_year,water_stress,SYA2020_stress_grid_S0012,irrigation_positive_candidate,2020-08-20,233,128,123,"{""sim_day"": 128.0, ""doy"": 233.0, ""topwt"": 4582.432556152344, ""grnwt"": 2128.363800048828, ""xlai"": 0.2304933965206146, ""totir"": 20.0, ""tofer"": NaN, ""swfac"": 0.0, ""nstres"": 0.3117631673812866}",0.0,0.3117631673812866,4582.432556152344,2128.363800048828,0.2304933965206146,20.0,,0.0,0.0,20.0,0.0,14.70867462158203,22.70867462158203,Leave_One_experiments/all_year_offline_schedule_search/daily_outputs/SYA/SYA_2020_SYA2020_stress_grid_S0012_daily.csv
SYA,SYA,Shenyang,2020,Leave_One_experiments\wth_generated_qc\SYA\SYA2020.WTH,normal_year;water_stress_year;nitrogen_stress_year,water_stress,SYA2020_stress_grid_S0012,irrigation_positive_candidate,2020-08-21,234,129,124,"{""sim_day"": 129.0, ""doy"": 234.0, ""topwt"": 4623.687133789063, ""grnwt"": 2208.009185791016, ""xlai"": 0.223527729511261, ""totir"": 20.0, ""tofer"": NaN, ""swfac"": 0.0, ""nstres"": 0.3252943158149719}",0.0,0.3252943158149719,4623.687133789063,2208.009185791016,0.223527729511261,20.0,,0.0,0.0,20.0,0.0,14.70867462158203,22.70867462158203,Leave_One_experiments/all_year_offline_schedule_search/daily_outputs/SYA/SYA_2020_SYA2020_stress_grid_S0012_daily.csv
SYA,SYA,Shenyang,2020,Leave_One_experiments\wth_generated_qc\SYA\SYA2020.WTH,normal_year;water_stress_year;nitrogen_stress_year,water_stress,SYA2020_stress_grid_S0012,irrigation_positive_candidate,2020-08-22,235,130,125,"{""sim_day"": 130.0, ""doy"": 235.0, ""topwt"": 4665.670166015625, ""grnwt"": 2287.654571533203, ""xlai"": 0.2165733575820922, ""totir"": 20.0, ""tofer"": NaN, ""swfac"": 0.0, ""nstres"": 0.3466808199882507}",0.0,0.3466808199882507,4665.670166015625,2287.654571533203,0.2165733575820922,20.0,,0.0,0.0,20.0,0.0,14.70867462158203,22.70867462158203,Leave_One_experiments/all_year_offline_schedule_search/daily_outputs/SYA/SYA_2020_SYA2020_stress_grid_S0012_daily.csv
SYA,SYA,Shenyang,2020,Leave_One_experiments\wth_generated_qc\SYA\SYA2020.WTH,normal_year;water_stress_year;nitrogen_stress_year,water_stress,SYA2020_stress_grid_S0012,irrigation_positive_candidate,2020-08-23,236,131,126,"{""sim_day"": 131.0, ""doy"": 236.0, ""topwt"": 4669.8828125, ""grnwt"": 2367.300109863281, ""xlai"": 0.2097403556108474, ""totir"": 20.0, ""tofer"": NaN, ""swfac"": 0.0, ""nstres"": 0.35721355676651}",0.0,0.35721355676651,4669.8828125,2367.300109863281,0.2097403556108474,20.0,,0.0,0.0,20.0,0.0,14.70867462158203,22.70867462158203,Leave_One_experiments/all_year_offline_schedule_search/daily_outputs/SYA/SYA_2020_SYA2020_stress_grid_S0012_daily.csv
SYA,SYA,Shenyang,2020,Leave_One_experiments\wth_generated_qc\SYA\SYA2020.WTH,normal_year;water_stress_year;nitrogen_stress_year,water_stress,SYA2020_stress_grid_S0012,irrigation_positive_candidate,2020-08-24,237,132,127,"{""sim_day"": 132.0, ""doy"": 237.0, ""topwt"": 4706.939392089844, ""grnwt"": 2446.9454956054688, ""xlai"": 0.2030320763587951, ""totir"": 20.0, ""tofer"": NaN, ""swfac"": 0.0, ""nstres"": 0.367615282535553}",0.0,0.367615282535553,4706.939392089844,2446.9454956054688,0.2030320763587951,20.0,,0.0,0.0,20.0,0.0,14.70867462158203,22.70867462158203,Leave_One_experiments/all_year_offline_schedule_search/daily_outputs/SYA/SYA_2020_SYA2020_stress_grid_S0012_daily.csv
SYA,SYA,Shenyang,2020,Leave_One_experiments\wth_generated_qc\SYA\SYA2020.WTH,normal_year;water_stress_year;nitrogen_stress_year,water_stress,SYA2020_stress_grid_S0012,irrigation_positive_candidate,2020-08-25,238,133,128,"{""sim_day"": 133.0, ""doy"": 238.0, ""topwt"": 4686.053466796875, ""grnwt"": 2459.8248291015625, ""xlai"": 0.1966390758752823, ""totir"": 20.0, ""tofer"": NaN, ""swfac"": 0.0, ""nstres"": 0.355700135231018}",0.0,0.355700135231018,4686.053466796875,2459.8248291015625,0.1966390758752823,20.0,,0.0,0.0,20.0,0.0,14.70867462158203,22.70867462158203,Leave_One_experiments/all_year_offline_schedule_search/daily_outputs/SYA/SYA_2020_SYA2020_stress_grid_S0012_daily.csv
SYA,SYA,Shenyang,2020,Leave_One_experiments\wth_generated_qc\SYA\SYA2020.WTH,normal_year;water_stress_year;nitrogen_stress_year,water_stress,SYA2020_stress_grid_S0012,irrigation_positive_candidate,2020-08-26,239,134,129,"{""sim_day"": 134.0, ""doy"": 239.0, ""topwt"": 4697.096252441406, ""grnwt"": 2470.867462158203, ""xlai"": 0.1909332424402237, ""totir"": 20.0, ""tofer"": NaN, ""swfac"": 0.0, ""nstres"": 0.296399176120758}",0.0,0.296399176120758,4697.096252441406,2470.867462158203,0.1909332424402237,20.0,,0.0,0.0,20.0,0.0,14.70867462158203,22.70867462158203,Leave_One_experiments/all_year_offline_schedule_search/daily_outputs/SYA/SYA_2020_SYA2020_stress_grid_S0012_daily.csv
SYA,SYA,Shenyang,2020,Leave_One_experiments\wth_generated_qc\SYA\SYA2020.WTH,normal_year;water_stress_year;nitrogen_stress_year,water_stress,SYA2020_stress_grid_S0012,irrigation_positive_candidate,2020-08-27,240,135,130,"{""sim_day"": 135.0, ""doy"": 240.0, ""topwt"": 4697.096252441406, ""grnwt"": 2470.867462158203, ""xlai"": 0.1909332424402237, ""totir"": 20.0, ""tofer"": NaN, ""swfac"": 0.0, ""nstres"": 0.2301030755043029}",0.0,0.2301030755043029,4697.096252441406,2470.867462158203,0.1909332424402237,20.0,,0.0,0.0,20.0,0.0,14.70867462158203,22.70867462158203,Leave_One_experiments/all_year_offline_schedule_search/daily_outputs/SYA/SYA_2020_SYA2020_stress_grid_S0012_daily.csv
SYA,SYA,Shenyang,2020,Leave_One_experiments\wth_generated_qc\SYA\SYA2020.WTH,normal_year;water_stress_year;nitrogen_stress_year,water_stress,SYA2020_stress_grid_S0012,irrigation_positive_candidate,2020-08-28,241,136,131,"{""sim_day"": 136.0, ""doy"": 241.0, ""topwt"": 4697.096252441406, ""grnwt"": 2470.867462158203, ""xlai"": 0.1909332424402237, ""totir"": 20.0, ""tofer"": NaN, ""swfac"": 0.0, ""nstres"": 0.2301030755043029}",0.0,0.2301030755043029,4697.096252441406,2470.867462158203,0.1909332424402237,20.0,,0.0,0.0,20.0,0.0,14.70867462158203,22.70867462158203,Leave_One_experiments/all_year_offline_schedule_search/daily_outputs/SYA/SYA_2020_SYA2020_stress_grid_S0012_daily.csv
SYA,SYA,Shenyang,2020,Leave_One_experiments\wth_generated_qc\SYA\SYA2020.WTH,normal_year;water_stress_year;nitrogen_stress_year,water_stress,SYA2020_stress_grid_S0012,irrigation_positive_candidate,2020-08-29,242,137,132,"{""sim_day"": 137.0, ""doy"": 242.0, ""topwt"": 4697.096252441406, ""grnwt"": 2470.867462158203, ""xlai"": 0.1909332424402237, ""totir"": 20.0, ""tofer"": NaN, ""swfac"": 0.0, ""nstres"": 0.2301030755043029}",0.0,0.2301030755043029,4697.096252441406,2470.867462158203,0.1909332424402237,20.0,,0.0,0.0,20.0,0.0,14.70867462158203,22.70867462158203,Leave_One_experiments/all_year_offline_schedule_search/daily_outputs/SYA/SYA_2020_SYA2020_stress_grid_S0012_daily.csv
SYA,SYA,Shenyang,2020,Leave_One_experiments\wth_generated_qc\SYA\SYA2020.WTH,normal_year;water_stress_year;nitrogen_stress_year,water_stress,SYA2020_stress_grid_S0012,irrigation_positive_candidate,2020-08-30,243,138,133,"{""sim_day"": 138.0, ""doy"": 243.0, ""topwt"": 4697.096252441406, ""grnwt"": 2470.867462158203, ""xlai"": 0.1909332424402237, ""totir"": 20.0, ""tofer"": NaN, ""swfac"": 0.0, ""nstres"": 0.2301030755043029}",0.0,0.2301030755043029,4697.096252441406,2470.867462158203,0.1909332424402237,20.0,,0.0,0.0,20.0,0.0,14.70867462158203,22.70867462158203,Leave_One_experiments/all_year_offline_schedule_search/daily_outputs/SYA/SYA_2020_SYA2020_stress_grid_S0012_daily.csv
SYA,SYA,Shenyang,2020,Leave_One_experiments\wth_generated_qc\SYA\SYA2020.WTH,normal_year;water_stress_year;nitrogen_stress_year,water_stress,SYA2020_stress_grid_S0001,low_input_within_10pct_yield,2020-04-20,111,1,1,"{""sim_day"": 1.0, ""doy"": 111.0, ""topwt"": 0.0, ""grnwt"": 0.0, ""xlai"": 0.0, ""totir"": 0.0, ""tofer"": NaN, ""swfac"": 0.0, ""nstres"": 0.0}",0.0,0.0,0.0,0.0,0.0,0.0,,0.0,0.0,0.0,0.0,24.15880737304688,24.15880737304688,Leave_One_experiments/all_year_offline_schedule_search/daily_outputs/SYA/SYA_2020_SYA2020_stress_grid_S0001_daily.csv
SYA,SYA,Shenyang,2020,Leave_One_experiments\wth_generated_qc\SYA\SYA2020.WTH,normal_year;water_stress_year;nitrogen_stress_year,water_stress,SYA2020_stress_grid_S0001,low_input_within_10pct_yield,2020-04-21,112,2,2,"{""sim_day"": 2.0, ""doy"": 112.0, ""topwt"": 0.0, ""grnwt"": 0.0, ""xlai"": 0.0, ""totir"": 0.0, ""tofer"": NaN, ""swfac"": 0.0, ""nstres"": 0.0}",0.0,0.0,0.0,0.0,0.0,0.0,,0.0,0.0,0.0,0.0,24.15880737304688,24.15880737304688,Leave_One_experiments/all_year_offline_schedule_search/daily_outputs/SYA/SYA_2020_SYA2020_stress_grid_S0001_daily.csv
SYA,SYA,Shenyang,2020,Leave_One_experiments\wth_generated_qc\SYA\SYA2020.WTH,normal_year;water_stress_year;nitrogen_stress_year,water_stress,SYA2020_stress_grid_S0001,low_input_within_10pct_yield,2020-04-22,113,3,3,"{""sim_day"": 3.0, ""doy"": 113.0, ""topwt"": 0.0, ""grnwt"": 0.0, ""xlai"": 0.0, ""totir"": 0.0, ""tofer"": NaN, ""swfac"": 0.0, ""nstres"": 0.0}",0.0,0.0,0.0,0.0,0.0,0.0,,0.0,0.0,0.0,0.0,24.15880737304688,24.15880737304688,Leave_One_experiments/all_year_offline_schedule_search/daily_outputs/SYA/SYA_2020_SYA2020_stress_grid_S0001_daily.csv
SYA,SYA,Shenyang,2020,Leave_One_experiments\wth_generated_qc\SYA\SYA2020.WTH,normal_year;water_stress_year;nitrogen_stress_year,water_stress,SYA2020_stress_grid_S0001,low_input_within_10pct_yield,2020-04-23,114,4,4,"{""sim_day"": 4.0, ""doy"": 114.0, ""topwt"": 0.0, ""grnwt"": 0.0, ""xlai"": 0.0, ""totir"": 0.0, ""tofer"": NaN, ""swfac"": 0.0, ""nstres"": 0.0}",0.0,0.0,0.0,0.0,0.0,0.0,,0.0,0.0,0.0,0.0,24.15880737304688,24.15880737304688,Leave_One_experiments/all_year_offline_schedule_search/daily_outputs/SYA/SYA_2020_SYA2020_stress_grid_S0001_daily.csv
SYA,SYA,Shenyang,2020,Leave_One_experiments\wth_generated_qc\SYA\SYA2020.WTH,normal_year;water_stress_year;nitrogen_stress_year,water_stress,SYA2020_stress_grid_S0001,low_input_within_10pct_yield,2020-04-24,115,5,5,"{""sim_day"": 5.0, ""doy"": 115.0, ""topwt"": 0.0, ""grnwt"": 0.0, ""xlai"": 0.0, ""totir"": 0.0, ""tofer"": NaN, ""swfac"": 0.0, ""nstres"": 0.0}",0.0,0.0,0.0,0.0,0.0,0.0,,0.0,0.0,0.0,0.0,24.15880737304688,24.15880737304688,Leave_One_experiments/all_year_offline_schedule_search/daily_outputs/SYA/SYA_2020_SYA2020_stress_grid_S0001_daily.csv
SYA,SYA,Shenyang,2020,Leave_One_experiments\wth_generated_qc\SYA\SYA2020.WTH,normal_year;water_stress_year;nitrogen_stress_year,water_stress,SYA2020_stress_grid_S0001,low_input_within_10pct_yield,2020-04-20,111,6,1,"{""sim_day"": 6.0, ""doy"": 111.0, ""topwt"": 0.0, ""grnwt"": 0.0, ""xlai"": 0.0, ""totir"": 0.0, ""tofer"": NaN, ""swfac"": 0.0, ""nstres"": 0.0}",0.0,0.0,0.0,0.0,0.0,0.0,,0.0,0.0,0.0,0.0,24.15880737304688,24.15880737304688,Leave_One_experiments/all_year_offline_schedule_search/daily_outputs/SYA/SYA_2020_SYA2020_stress_grid_S0001_daily.csv
SYA,SYA,Shenyang,2020,Leave_One_experiments\wth_generated_qc\SYA\SYA2020.WTH,normal_year;water_stress_year;nitrogen_stress_year,water_stress,SYA2020_stress_grid_S0001,low_input_within_10pct_yield,2020-04-21,112,7,2,"{""sim_day"": 7.0, ""doy"": 112.0, ""topwt"": 0.0, ""grnwt"": 0.0, ""xlai"": 0.0, ""totir"": 0.0, ""tofer"": NaN, ""swfac"": 0.0, ""nstres"": 0.0}",0.0,0.0,0.0,0.0,0.0,0.0,,0.0,0.0,0.0,0.0,24.15880737304688,24.15880737304688,Leave_One_experiments/all_year_offline_schedule_search/daily_outputs/SYA/SYA_2020_SYA2020_stress_grid_S0001_daily.csv
SYA,SYA,Shenyang,2020,Leave_One_experiments\wth_generated_qc\SYA\SYA2020.WTH,normal_year;water_stress_year;nitrogen_stress_year,water_stress,SYA2020_stress_grid_S0001,low_input_within_10pct_yield,2020-04-22,113,8,3,"{""sim_day"": 8.0, ""doy"": 113.0, ""topwt"": 0.0, ""grnwt"": 0.0, ""xlai"": 0.0, ""totir"": 0.0, ""tofer"": NaN, ""swfac"": 0.0, ""nstres"": 0.0}",0.0,0.0,0.0,0.0,0.0,0.0,,0.0,0.0,0.0,0.0,24.15880737304688,24.15880737304688,Leave_One_experiments/all_year_offline_schedule_search/daily_outputs/SYA/SYA_2020_SYA2020_stress_grid_S0001_daily.csv
SYA,SYA,Shenyang,2020,Leave_One_experiments\wth_generated_qc\SYA\SYA2020.WTH,normal_year;water_stress_year;nitrogen_stress_year,water_stress,SYA2020_stress_grid_S0001,low_input_within_10pct_yield,2020-04-23,114,9,4,"{""sim_day"": 9.0, ""doy"": 114.0, ""topwt"": 0.0, ""grnwt"": 0.0, ""xlai"": 0.0, ""totir"": 0.0, ""tofer"": NaN, ""swfac"": 0.0, ""nstres"": 0.0}",0.0,0.0,0.0,0.0,0.0,0.0,,0.0,0.0,0.0,0.0,24.15880737304688,24.15880737304688,Leave_One_experiments/all_year_offline_schedule_search/daily_outputs/SYA/SYA_2020_SYA2020_stress_grid_S0001_daily.csv
SYA,SYA,Shenyang,2020,Leave_One_experiments\wth_generated_qc\SYA\SYA2020.WTH,normal_year;water_stress_year;nitrogen_stress_year,water_stress,SYA2020_stress_grid_S0001,low_input_within_10pct_yield,2020-04-24,115,10,5,"{""sim_day"": 10.0, ""doy"": 115.0, ""topwt"": 0.0, ""grnwt"": 0.0, ""xlai"": 0.0, ""totir"": 0.0, ""tofer"": NaN, ""swfac"": 0.0, ""nstres"": 0.0}",0.0,0.0,0.0,0.0,0.0,0.0,,0.0,0.0,0.0,0.0,24.15880737304688,24.15880737304688,Leave_One_experiments/all_year_offline_schedule_search/daily_outputs/SYA/SYA_2020_SYA2020_stress_grid_S0001_daily.csv
SYA,SYA,Shenyang,2020,Leave_One_experiments\wth_generated_qc\SYA\SYA2020.WTH,normal_year;water_stress_year;nitrogen_stress_year,water_stress,SYA2020_stress_grid_S0001,low_input_within_10pct_yield,2020-04-25,116,11,6,"{""sim_day"": 11.0, ""doy"": 116.0, ""topwt"": 0.0, ""grnwt"": 0.0, ""xlai"": 0.0, ""totir"": 0.0, ""tofer"": NaN, ""swfac"": 0.0, ""nstres"": 0.0}",0.0,0.0,0.0,0.0,0.0,0.0,,0.0,0.0,0.0,0.0,24.15880737304688,24.15880737304688,Leave_One_experiments/all_year_offline_schedule_search/daily_outputs/SYA/SYA_2020_SYA2020_stress_grid_S0001_daily.csv
SYA,SYA,Shenyang,2020,Leave_One_experiments\wth_generated_qc\SYA\SYA2020.WTH,normal_year;water_stress_year;nitrogen_stress_year,water_stress,SYA2020_stress_grid_S0001,low_input_within_10pct_yield,2020-04-26,117,12,7,"{""sim_day"": 12.0, ""doy"": 117.0, ""topwt"": 0.0, ""grnwt"": 0.0, ""xlai"": 0.0, ""totir"": 0.0, ""tofer"": NaN, ""swfac"": 0.0, ""nstres"": 0.0}",0.0,0.0,0.0,0.0,0.0,0.0,,0.0,0.0,0.0,0.0,24.15880737304688,24.15880737304688,Leave_One_experiments/all_year_offline_schedule_search/daily_outputs/SYA/SYA_2020_SYA2020_stress_grid_S0001_daily.csv
SYA,SYA,Shenyang,2020,Leave_One_experiments\wth_generated_qc\SYA\SYA2020.WTH,normal_year;water_stress_year;nitrogen_stress_year,water_stress,SYA2020_stress_grid_S0001,low_input_within_10pct_yield,2020-04-27,118,13,8,"{""sim_day"": 13.0, ""doy"": 118.0, ""topwt"": 0.0, ""grnwt"": 0.0, ""xlai"": 0.0, ""totir"": 0.0, ""tofer"": NaN, ""swfac"": 0.0, ""nstres"": 0.0}",0.0,0.0,0.0,0.0,0.0,0.0,,0.0,0.0,0.0,0.0,24.15880737304688,24.15880737304688,Leave_One_experiments/all_year_offline_schedule_search/daily_outputs/SYA/SYA_2020_SYA2020_stress_grid_S0001_daily.csv
SYA,SYA,Shenyang,2020,Leave_One_experiments\wth_generated_qc\SYA\SYA2020.WTH,normal_year;water_stress_year;nitrogen_stress_year,water_stress,SYA2020_stress_grid_S0001,low_input_within_10pct_yield,2020-04-28,119,14,9,"{""sim_day"": 14.0, ""doy"": 119.0, ""topwt"": 0.0, ""grnwt"": 0.0, ""xlai"": 0.0, ""totir"": 0.0, ""tofer"": NaN, ""swfac"": 0.0, ""nstres"": 0.0}",0.0,0.0,0.0,0.0,0.0,0.0,,0.0,0.0,0.0,0.0,24.15880737304688,24.15880737304688,Leave_One_experiments/all_year_offline_schedule_search/daily_outputs/SYA/SYA_2020_SYA2020_stress_grid_S0001_daily.csv
SYA,SYA,Shenyang,2020,Leave_One_experiments\wth_generated_qc\SYA\SYA2020.WTH,normal_year;water_stress_year;nitrogen_stress_year,water_stress,SYA2020_stress_grid_S0001,low_input_within_10pct_yield,2020-04-29,120,15,10,"{""sim_day"": 15.0, ""doy"": 120.0, ""topwt"": 0.0, ""grnwt"": 0.0, ""xlai"": 0.0, ""totir"": 0.0, ""tofer"": NaN, ""swfac"": 0.0, ""nstres"": 0.0}",0.0,0.0,0.0,0.0,0.0,0.0,,0.0,0.0,0.0,0.0,24.15880737304688,24.15880737304688,Leave_One_experiments/all_year_offline_schedule_search/daily_outputs/SYA/SYA_2020_SYA2020_stress_grid_S0001_daily.csv
SYA,SYA,Shenyang,2020,Leave_One_experiments\wth_generated_qc\SYA\SYA2020.WTH,normal_year;water_stress_year;nitrogen_stress_year,water_stress,SYA2020_stress_grid_S0001,low_input_within_10pct_yield,2020-04-30,121,16,11,"{""sim_day"": 16.0, ""doy"": 121.0, ""topwt"": 0.0, ""grnwt"": 0.0, ""xlai"": 0.0, ""totir"": 0.0, ""tofer"": NaN, ""swfac"": 0.0, ""nstres"": 0.0}",0.0,0.0,0.0,0.0,0.0,0.0,,0.0,0.0,0.0,0.0,24.15880737304688,24.15880737304688,Leave_One_experiments/all_year_offline_schedule_search/daily_outputs/SYA/SYA_2020_SYA2020_stress_grid_S0001_daily.csv
SYA,SYA,Shenyang,2020,Leave_One_experiments\wth_generated_qc\SYA\SYA2020.WTH,normal_year;water_stress_year;nitrogen_stress_year,water_stress,SYA2020_stress_grid_S0001,low_input_within_10pct_yield,2020-05-01,122,17,12,"{""sim_day"": 17.0, ""doy"": 122.0, ""topwt"": 17.600001096725464, ""grnwt"": 0.0, ""xlai"": 0.0021870203781872, ""totir"": 0.0, ""tofer"": NaN, ""swfac"": 0.0, ""nstres"": 0.0121910572052001}",0.0,0.0121910572052001,17.600001096725464,0.0,0.0021870203781872,0.0,,0.0,0.0,0.0,0.0,24.15880737304688,24.15880737304688,Leave_One_experiments/all_year_offline_schedule_search/daily_outputs/SYA/SYA_2020_SYA2020_stress_grid_S0001_daily.csv
SYA,SYA,Shenyang,2020,Leave_One_experiments\wth_generated_qc\SYA\SYA2020.WTH,normal_year;water_stress_year;nitrogen_stress_year,water_stress,SYA2020_stress_grid_S0001,low_input_within_10pct_yield,2020-05-02,123,18,13,"{""sim_day"": 18.0, ""doy"": 123.0, ""topwt"": 17.600001096725464, ""grnwt"": 0.0, ""xlai"": 0.0030091674998402, ""totir"": 0.0, ""tofer"": NaN, ""swfac"": 0.0, ""nstres"": 0.0161526203155517}",0.0,0.0161526203155517,17.600001096725464,0.0,0.0030091674998402,0.0,,0.0,0.0,0.0,0.0,24.15880737304688,24.15880737304688,Leave_One_experiments/all_year_offline_schedule_search/daily_outputs/SYA/SYA_2020_SYA2020_stress_grid_S0001_daily.csv
SYA,SYA,Shenyang,2020,Leave_One_experiments\wth_generated_qc\SYA\SYA2020.WTH,normal_year;water_stress_year;nitrogen_stress_year,water_stress,SYA2020_stress_grid_S0001,low_input_within_10pct_yield,2020-05-03,124,19,14,"{""sim_day"": 19.0, ""doy"": 124.0, ""topwt"": 17.600001096725464, ""grnwt"": 0.0, ""xlai"": 0.003385768039152, ""totir"": 0.0, ""tofer"": NaN, ""swfac"": 0.0, ""nstres"": 0.0147467851638793}",0.0,0.0147467851638793,17.600001096725464,0.0,0.003385768039152,0.0,,0.0,0.0,0.0,0.0,24.15880737304688,24.15880737304688,Leave_One_experiments/all_year_offline_schedule_search/daily_outputs/SYA/SYA_2020_SYA2020_stress_grid_S0001_daily.csv
SYA,SYA,Shenyang,2020,Leave_One_experiments\wth_generated_qc\SYA\SYA2020.WTH,normal_year;water_stress_year;nitrogen_stress_year,water_stress,SYA2020_stress_grid_S0001,low_input_within_10pct_yield,2020-05-04,125,20,15,"{""sim_day"": 20.0, ""doy"": 125.0, ""topwt"": 17.600001096725464, ""grnwt"": 0.0, ""xlai"": 0.0043822126463055, ""totir"": 0.0, ""tofer"": NaN, ""swfac"": 0.0, ""nstres"": 0.0115571022033691}",0.0,0.0115571022033691,17.600001096725464,0.0,0.0043822126463055,0.0,,0.0,0.0,0.0,0.0,24.15880737304688,24.15880737304688,Leave_One_experiments/all_year_offline_schedule_search/daily_outputs/SYA/SYA_2020_SYA2020_stress_grid_S0001_daily.csv
SYA,SYA,Shenyang,2020,Leave_One_experiments\wth_generated_qc\SYA\SYA2020.WTH,normal_year;water_stress_year;nitrogen_stress_year,water_stress,SYA2020_stress_grid_S0001,low_input_within_10pct_yield,2020-05-05,126,21,16,"{""sim_day"": 21.0, ""doy"": 126.0, ""topwt"": 17.600001096725464, ""grnwt"": 0.0, ""xlai"": 0.0059235338121652, ""totir"": 0.0, ""tofer"": NaN, ""swfac"": 0.0, ""nstres"": 0.0074220895767211}",0.0,0.0074220895767211,17.600001096725464,0.0,0.0059235338121652,0.0,,0.0,0.0,0.0,0.0,24.15880737304688,24.15880737304688,Leave_One_experiments/all_year_offline_schedule_search/daily_outputs/SYA/SYA_2020_SYA2020_stress_grid_S0001_daily.csv
SYA,SYA,Shenyang,2020,Leave_One_experiments\wth_generated_qc\SYA\SYA2020.WTH,normal_year;water_stress_year;nitrogen_stress_year,water_stress,SYA2020_stress_grid_S0001,low_input_within_10pct_yield,2020-05-06,127,22,17,"{""sim_day"": 22.0, ""doy"": 127.0, ""topwt"": 17.600001096725464, ""grnwt"": 0.0, ""xlai"": 0.0073962612077593, ""totir"": 0.0, ""tofer"": NaN, ""swfac"": 0.0, ""nstres"": 0.0036863088607788}",0.0,0.0036863088607788,17.600001096725464,0.0,0.0073962612077593,0.0,,0.0,0.0,0.0,0.0,24.15880737304688,24.15880737304688,Leave_One_experiments/all_year_offline_schedule_search/daily_outputs/SYA/SYA_2020_SYA2020_stress_grid_S0001_daily.csv
SYA,SYA,Shenyang,2020,Leave_One_experiments\wth_generated_qc\SYA\SYA2020.WTH,normal_year;water_stress_year;nitrogen_stress_year,water_stress,SYA2020_stress_grid_S0001,low_input_within_10pct_yield,2020-05-07,128,23,18,"{""sim_day"": 23.0, ""doy"": 128.0, ""topwt"": 17.600001096725464, ""grnwt"": 0.0, ""xlai"": 0.0084913438186049, ""totir"": 0.0, ""tofer"": NaN, ""swfac"": 0.0, ""nstres"": 0.0009922981262207}",0.0,0.0009922981262207,17.600001096725464,0.0,0.0084913438186049,0.0,,0.0,0.0,0.0,0.0,24.15880737304688,24.15880737304688,Leave_One_experiments/all_year_offline_schedule_search/daily_outputs/SYA/SYA_2020_SYA2020_stress_grid_S0001_daily.csv
SYA,SYA,Shenyang,2020,Leave_One_experiments\wth_generated_qc\SYA\SYA2020.WTH,normal_year;water_stress_year;nitrogen_stress_year,water_stress,SYA2020_stress_grid_S0001,low_input_within_10pct_yield,2020-05-08,129,24,19,"{""sim_day"": 24.0, ""doy"": 129.0, ""topwt"": 17.600001096725464, ""grnwt"": 0.0, ""xlai"": 0.0095760561525821, ""totir"": 0.0, ""tofer"": NaN, ""swfac"": 0.0, ""nstres"": 0.0}",0.0,0.0,17.600001096725464,0.0,0.0095760561525821,0.0,,0.0,0.0,0.0,0.0,24.15880737304688,24.15880737304688,Leave_One_experiments/all_year_offline_schedule_search/daily_outputs/SYA/SYA_2020_SYA2020_stress_grid_S0001_daily.csv
SYA,SYA,Shenyang,2020,Leave_One_experiments\wth_generated_qc\SYA\SYA2020.WTH,normal_year;water_stress_year;nitrogen_stress_year,water_stress,SYA2020_stress_grid_S0001,low_input_within_10pct_yield,2020-05-09,130,25,20,"{""sim_day"": 25.0, ""doy"": 130.0, ""topwt"": 17.600001096725464, ""grnwt"": 0.0, ""xlai"": 0.0116516118869185, ""totir"": 0.0, ""tofer"": NaN, ""swfac"": 0.0, ""nstres"": 0.0}",0.0,0.0,17.600001096725464,0.0,0.0116516118869185,0.0,,0.0,0.0,0.0,0.0,24.15880737304688,24.15880737304688,Leave_One_experiments/all_year_offline_schedule_search/daily_outputs/SYA/SYA_2020_SYA2020_stress_grid_S0001_daily.csv
SYA,SYA,Shenyang,2020,Leave_One_experiments\wth_generated_qc\SYA\SYA2020.WTH,normal_year;water_stress_year;nitrogen_stress_year,water_stress,SYA2020_stress_grid_S0001,low_input_within_10pct_yield,2020-05-10,131,26,21,"{""sim_day"": 26.0, ""doy"": 131.0, ""topwt"": 17.600001096725464, ""grnwt"": 0.0, ""xlai"": 0.017222823575139, ""totir"": 0.0, ""tofer"": NaN, ""swfac"": 0.0, ""nstres"": 0.0}",0.0,0.0,17.600001096725464,0.0,0.017222823575139,0.0,,0.0,0.0,0.0,0.0,24.15880737304688,24.15880737304688,Leave_One_experiments/all_year_offline_schedule_search/daily_outputs/SYA/SYA_2020_SYA2020_stress_grid_S0001_daily.csv
SYA,SYA,Shenyang,2020,Leave_One_experiments\wth_generated_qc\SYA\SYA2020.WTH,normal_year;water_stress_year;nitrogen_stress_year,water_stress,SYA2020_stress_grid_S0001,low_input_within_10pct_yield,2020-05-11,132,27,22,"{""sim_day"": 27.0, ""doy"": 132.0, ""topwt"": 17.600001096725464, ""grnwt"": 0.0, ""xlai"": 0.0214519798755645, ""totir"": 0.0, ""tofer"": NaN, ""swfac"": 0.0, ""nstres"": 0.0}",0.0,0.0,17.600001096725464,0.0,0.0214519798755645,0.0,,0.0,0.0,0.0,0.0,24.15880737304688,24.15880737304688,Leave_One_experiments/all_year_offline_schedule_search/daily_outputs/SYA/SYA_2020_SYA2020_stress_grid_S0001_daily.csv
SYA,SYA,Shenyang,2020,Leave_One_experiments\wth_generated_qc\SYA\SYA2020.WTH,normal_year;water_stress_year;nitrogen_stress_year,water_stress,SYA2020_stress_grid_S0001,low_input_within_10pct_yield,2020-05-12,133,28,23,"{""sim_day"": 28.0, ""doy"": 133.0, ""topwt"": 17.600001096725464, ""grnwt"": 0.0, ""xlai"": 0.0299209337681531, ""totir"": 0.0, ""tofer"": NaN, ""swfac"": 0.0, ""nstres"": 0.0}",0.0,0.0,17.600001096725464,0.0,0.0299209337681531,0.0,,0.0,0.0,0.0,0.0,24.15880737304688,24.15880737304688,Leave_One_experiments/all_year_offline_schedule_search/daily_outputs/SYA/SYA_2020_SYA2020_stress_grid_S0001_daily.csv
SYA,SYA,Shenyang,2020,Leave_One_experiments\wth_generated_qc\SYA\SYA2020.WTH,normal_year;water_stress_year;nitrogen_stress_year,water_stress,SYA2020_stress_grid_S0001,low_input_within_10pct_yield,2020-05-13,134,29,24,"{""sim_day"": 29.0, ""doy"": 134.0, ""topwt"": 21.776702404022217, ""grnwt"": 0.0, ""xlai"": 0.0411173664033412, ""totir"": 0.0, ""tofer"": NaN, ""swfac"": 0.0, ""nstres"": 0.0}",0.0,0.0,21.776702404022217,0.0,0.0411173664033412,0.0,,0.0,0.0,0.0,0.0,24.15880737304688,24.15880737304688,Leave_One_experiments/all_year_offline_schedule_search/daily_outputs/SYA/SYA_2020_SYA2020_stress_grid_S0001_daily.csv
SYA,SYA,Shenyang,2020,Leave_One_experiments\wth_generated_qc\SYA\SYA2020.WTH,normal_year;water_stress_year;nitrogen_stress_year,water_stress,SYA2020_stress_grid_S0001,low_input_within_10pct_yield,2020-05-14,135,30,25,"{""sim_day"": 30.0, ""doy"": 135.0, ""topwt"": 24.31759357452393, ""grnwt"": 0.0, ""xlai"": 0.0474074743688106, ""totir"": 0.0, ""tofer"": NaN, ""swfac"": 0.0, ""nstres"": 0.0}",0.0,0.0,24.31759357452393,0.0,0.0474074743688106,0.0,,0.0,0.0,0.0,0.0,24.15880737304688,24.15880737304688,Leave_One_experiments/all_year_offline_schedule_search/daily_outputs/SYA/SYA_2020_SYA2020_stress_grid_S0001_daily.csv
SYA,SYA,Shenyang,2020,Leave_One_experiments\wth_generated_qc\SYA\SYA2020.WTH,normal_year;water_stress_year;nitrogen_stress_year,water_stress,SYA2020_stress_grid_S0001,low_input_within_10pct_yield,2020-05-15,136,31,26,"{""sim_day"": 31.0, ""doy"": 136.0, ""topwt"": 27.455873489379883, ""grnwt"": 0.0, ""xlai"": 0.0548902936279773, ""totir"": 0.0, ""tofer"": NaN, ""swfac"": 0.0, ""nstres"": 0.0}",0.0,0.0,27.455873489379883,0.0,0.0548902936279773,0.0,,0.0,0.0,0.0,0.0,24.15880737304688,24.15880737304688,Leave_One_experiments/all_year_offline_schedule_search/daily_outputs/SYA/SYA_2020_SYA2020_stress_grid_S0001_daily.csv
SYA,SYA,Shenyang,2020,Leave_One_experiments\wth_generated_qc\SYA\SYA2020.WTH,normal_year;water_stress_year;nitrogen_stress_year,water_stress,SYA2020_stress_grid_S0001,low_input_within_10pct_yield,2020-05-16,137,32,27,"{""sim_day"": 32.0, ""doy"": 137.0, ""topwt"": 31.64294004440308, ""grnwt"": 0.0, ""xlai"": 0.0644808486104011, ""totir"": 0.0, ""tofer"": NaN, ""swfac"": 0.0, ""nstres"": 0.0}",0.0,0.0,31.64294004440308,0.0,0.0644808486104011,0.0,,0.0,0.0,0.0,0.0,24.15880737304688,24.15880737304688,Leave_One_experiments/all_year_offline_schedule_search/daily_outputs/SYA/SYA_2020_SYA2020_stress_grid_S0001_daily.csv
SYA,SYA,Shenyang,2020,Leave_One_experiments\wth_generated_qc\SYA\SYA2020.WTH,normal_year;water_stress_year;nitrogen_stress_year,water_stress,SYA2020_stress_grid_S0001,low_input_within_10pct_yield,2020-05-17,138,33,28,"{""sim_day"": 33.0, ""doy"": 138.0, ""topwt"": 34.7493052482605, ""grnwt"": 0.0, ""xlai"": 0.0713581815361976, ""totir"": 0.0, ""tofer"": NaN, ""swfac"": 0.0, ""nstres"": 0.0}",0.0,0.0,34.7493052482605,0.0,0.0713581815361976,0.0,,0.0,0.0,0.0,0.0,24.15880737304688,24.15880737304688,Leave_One_experiments/all_year_offline_schedule_search/daily_outputs/SYA/SYA_2020_SYA2020_stress_grid_S0001_daily.csv
SYA,SYA,Shenyang,2020,Leave_One_experiments\wth_generated_qc\SYA\SYA2020.WTH,normal_year;water_stress_year;nitrogen_stress_year,water_stress,SYA2020_stress_grid_S0001,low_input_within_10pct_yield,2020-05-18,139,34,29,"{""sim_day"": 34.0, ""doy"": 139.0, ""topwt"": 36.14805459976196, ""grnwt"": 0.0, ""xlai"": 0.0743865519762039, ""totir"": 0.0, ""tofer"": NaN, ""swfac"": 0.0, ""nstres"": 0.0}",0.0,0.0,36.14805459976196,0.0,0.0743865519762039,0.0,,0.0,0.0,0.0,0.0,24.15880737304688,24.15880737304688,Leave_One_experiments/all_year_offline_schedule_search/daily_outputs/SYA/SYA_2020_SYA2020_stress_grid_S0001_daily.csv
SYA,SYA,Shenyang,2020,Leave_One_experiments\wth_generated_qc\SYA\SYA2020.WTH,normal_year;water_stress_year;nitrogen_stress_year,water_stress,SYA2020_stress_grid_S0001,low_input_within_10pct_yield,2020-05-19,140,35,30,"{""sim_day"": 35.0, ""doy"": 140.0, ""topwt"": 38.8054895401001, ""grnwt"": 0.0, ""xlai"": 0.0800557136535644, ""totir"": 0.0, ""tofer"": NaN, ""swfac"": 0.0, ""nstres"": 0.0}",0.0,0.0,38.8054895401001,0.0,0.0800557136535644,0.0,,0.0,0.0,0.0,0.0,24.15880737304688,24.15880737304688,Leave_One_experiments/all_year_offline_schedule_search/daily_outputs/SYA/SYA_2020_SYA2020_stress_grid_S0001_daily.csv
SYA,SYA,Shenyang,2020,Leave_One_experiments\wth_generated_qc\SYA\SYA2020.WTH,normal_year;water_stress_year;nitrogen_stress_year,water_stress,SYA2020_stress_grid_S0001,low_input_within_10pct_yield,2020-05-20,141,36,31,"{""sim_day"": 36.0, ""doy"": 141.0, ""topwt"": 42.47981548309326, ""grnwt"": 0.0, ""xlai"": 0.0877357795834541, ""totir"": 0.0, ""tofer"": NaN, ""swfac"": 0.0, ""nstres"": 0.0}",0.0,0.0,42.47981548309326,0.0,0.0877357795834541,0.0,,0.0,0.0,0.0,0.0,24.15880737304688,24.15880737304688,Leave_One_experiments/all_year_offline_schedule_search/daily_outputs/SYA/SYA_2020_SYA2020_stress_grid_S0001_daily.csv
SYA,SYA,Shenyang,2020,Leave_One_experiments\wth_generated_qc\SYA\SYA2020.WTH,normal_year;water_stress_year;nitrogen_stress_year,water_stress,SYA2020_stress_grid_S0001,low_input_within_10pct_yield,2020-05-21,142,37,32,"{""sim_day"": 37.0, ""doy"": 142.0, ""topwt"": 44.104437828063965, ""grnwt"": 0.0, ""xlai"": 0.0910625010728836, ""totir"": 0.0, ""tofer"": NaN, ""swfac"": 0.0, ""nstres"": 0.0}",0.0,0.0,44.104437828063965,0.0,0.0910625010728836,0.0,,0.0,0.0,0.0,0.0,24.15880737304688,24.15880737304688,Leave_One_experiments/all_year_offline_schedule_search/daily_outputs/SYA/SYA_2020_SYA2020_stress_grid_S0001_daily.csv
SYA,SYA,Shenyang,2020,Leave_One_experiments\wth_generated_qc\SYA\SYA2020.WTH,normal_year;water_stress_year;nitrogen_stress_year,water_stress,SYA2020_stress_grid_S0001,low_input_within_10pct_yield,2020-05-22,143,38,33,"{""sim_day"": 38.0, ""doy"": 143.0, ""topwt"": 46.86013698577881, ""grnwt"": 0.0, ""xlai"": 0.0966375097632408, ""totir"": 0.0, ""tofer"": NaN, ""swfac"": 0.0, ""nstres"": 0.0}",0.0,0.0,46.86013698577881,0.0,0.0966375097632408,0.0,,0.0,0.0,0.0,0.0,24.15880737304688,24.15880737304688,Leave_One_experiments/all_year_offline_schedule_search/daily_outputs/SYA/SYA_2020_SYA2020_stress_grid_S0001_daily.csv
SYA,SYA,Shenyang,2020,Leave_One_experiments\wth_generated_qc\SYA\SYA2020.WTH,normal_year;water_stress_year;nitrogen_stress_year,water_stress,SYA2020_stress_grid_S0001,low_input_within_10pct_yield,2020-05-23,144,39,34,"{""sim_day"": 39.0, ""doy"": 144.0, ""topwt"": 51.29659652709961, ""grnwt"": 0.0, ""xlai"": 0.1054454892873764, ""totir"": 0.0, ""tofer"": NaN, ""swfac"": 0.0, ""nstres"": 0.0}",0.0,0.0,51.29659652709961,0.0,0.1054454892873764,0.0,,0.0,0.0,0.0,0.0,24.15880737304688,24.15880737304688,Leave_One_experiments/all_year_offline_schedule_search/daily_outputs/SYA/SYA_2020_SYA2020_stress_grid_S0001_daily.csv
SYA,SYA,Shenyang,2020,Leave_One_experiments\wth_generated_qc\SYA\SYA2020.WTH,normal_year;water_stress_year;nitrogen_stress_year,water_stress,SYA2020_stress_grid_S0001,low_input_within_10pct_yield,2020-05-24,145,40,35,"{""sim_day"": 40.0, ""doy"": 145.0, ""topwt"": 58.3890962600708, ""grnwt"": 0.0, ""xlai"": 0.1191720515489578, ""totir"": 0.0, ""tofer"": NaN, ""swfac"": 0.0, ""nstres"": 0.0}",0.0,0.0,58.3890962600708,0.0,0.1191720515489578,0.0,,0.0,0.0,0.0,0.0,24.15880737304688,24.15880737304688,Leave_One_experiments/all_year_offline_schedule_search/daily_outputs/SYA/SYA_2020_SYA2020_stress_grid_S0001_daily.csv
SYA,SYA,Shenyang,2020,Leave_One_experiments\wth_generated_qc\SYA\SYA2020.WTH,normal_year;water_stress_year;nitrogen_stress_year,water_stress,SYA2020_stress_grid_S0001,low_input_within_10pct_yield,2020-05-25,146,41,36,"{""sim_day"": 41.0, ""doy"": 146.0, ""topwt"": 65.80375671386719, ""grnwt"": 0.0, ""xlai"": 0.1330879926681518, ""totir"": 0.0, ""tofer"": NaN, ""swfac"": 0.0, ""nstres"": 0.0}",0.0,0.0,65.80375671386719,0.0,0.1330879926681518,0.0,,0.0,0.0,0.0,0.0,24.15880737304688,24.15880737304688,Leave_One_experiments/all_year_offline_schedule_search/daily_outputs/SYA/SYA_2020_SYA2020_stress_grid_S0001_daily.csv
SYA,SYA,Shenyang,2020,Leave_One_experiments\wth_generated_qc\SYA\SYA2020.WTH,normal_year;water_stress_year;nitrogen_stress_year,water_stress,SYA2020_stress_grid_S0001,low_input_within_10pct_yield,2020-05-26,147,42,37,"{""sim_day"": 42.0, ""doy"": 147.0, ""topwt"": 67.89153575897217, ""grnwt"": 0.0, ""xlai"": 0.1462675929069519, ""totir"": 0.0, ""tofer"": NaN, ""swfac"": 0.0, ""nstres"": 0.0061367750167846}",0.0,0.0061367750167846,67.89153575897217,0.0,0.1462675929069519,0.0,,0.0,0.0,0.0,0.0,24.15880737304688,24.15880737304688,Leave_One_experiments/all_year_offline_schedule_search/daily_outputs/SYA/SYA_2020_SYA2020_stress_grid_S0001_daily.csv
SYA,SYA,Shenyang,2020,Leave_One_experiments\wth_generated_qc\SYA\SYA2020.WTH,normal_year;water_stress_year;nitrogen_stress_year,water_stress,SYA2020_stress_grid_S0001,low_input_within_10pct_yield,2020-05-27,148,43,38,"{""sim_day"": 43.0, ""doy"": 148.0, ""topwt"": 77.95139789581299, ""grnwt"": 0.0, ""xlai"": 0.1656900197267532, ""totir"": 0.0, ""tofer"": NaN, ""swfac"": 0.0, ""nstres"": 0.0090134143829345}",0.0,0.0090134143829345,77.95139789581299,0.0,0.1656900197267532,0.0,,0.0,0.0,0.0,0.0,24.15880737304688,24.15880737304688,Leave_One_experiments/all_year_offline_schedule_search/daily_outputs/SYA/SYA_2020_SYA2020_stress_grid_S0001_daily.csv
SYA,SYA,Shenyang,2020,Leave_One_experiments\wth_generated_qc\SYA\SYA2020.WTH,normal_year;water_stress_year;nitrogen_stress_year,water_stress,SYA2020_stress_grid_S0001,low_input_within_10pct_yield,2020-05-28,149,44,39,"{""sim_day"": 44.0, ""doy"": 149.0, ""topwt"": 92.24385261535645, ""grnwt"": 0.0, ""xlai"": 0.1922991722822189, ""totir"": 0.0, ""tofer"": NaN, ""swfac"": 0.0, ""nstres"": 0.0026634335517883}",0.0,0.0026634335517883,92.24385261535645,0.0,0.1922991722822189,0.0,,0.0,0.0,0.0,0.0,24.15880737304688,24.15880737304688,Leave_One_experiments/all_year_offline_schedule_search/daily_outputs/SYA/SYA_2020_SYA2020_stress_grid_S0001_daily.csv
SYA,SYA,Shenyang,2020,Leave_One_experiments\wth_generated_qc\SYA\SYA2020.WTH,normal_year;water_stress_year;nitrogen_stress_year,water_stress,SYA2020_stress_grid_S0001,low_input_within_10pct_yield,2020-05-29,150,45,40,"{""sim_day"": 45.0, ""doy"": 150.0, ""topwt"": 109.33310508728027, ""grnwt"": 0.0, ""xlai"": 0.2228736728429794, ""totir"": 0.0, ""tofer"": NaN, ""swfac"": 0.0, ""nstres"": 0.0305836200714111}",0.0,0.0305836200714111,109.33310508728027,0.0,0.2228736728429794,0.0,,0.0,0.0,0.0,0.0,24.15880737304688,24.15880737304688,Leave_One_experiments/all_year_offline_schedule_search/daily_outputs/SYA/SYA_2020_SYA2020_stress_grid_S0001_daily.csv
SYA,SYA,Shenyang,2020,Leave_One_experiments\wth_generated_qc\SYA\SYA2020.WTH,normal_year;water_stress_year;nitrogen_stress_year,water_stress,SYA2020_stress_grid_S0001,low_input_within_10pct_yield,2020-05-30,151,46,41,"{""sim_day"": 46.0, ""doy"": 151.0, ""topwt"": 122.3899745941162, ""grnwt"": 0.0, ""xlai"": 0.2448461055755615, ""totir"": 0.0, ""tofer"": NaN, ""swfac"": 0.0, ""nstres"": 0.0525829792022705}",0.0,0.0525829792022705,122.3899745941162,0.0,0.2448461055755615,0.0,,0.0,0.0,0.0,0.0,24.15880737304688,24.15880737304688,Leave_One_experiments/all_year_offline_schedule_search/daily_outputs/SYA/SYA_2020_SYA2020_stress_grid_S0001_daily.csv
SYA,SYA,Shenyang,2020,Leave_One_experiments\wth_generated_qc\SYA\SYA2020.WTH,normal_year;water_stress_year;nitrogen_stress_year,water_stress,SYA2020_stress_grid_S0001,low_input_within_10pct_yield,2020-05-31,152,47,42,"{""sim_day"": 47.0, ""doy"": 152.0, ""topwt"": 136.48625373840332, ""grnwt"": 0.0, ""xlai"": 0.2672712504863739, ""totir"": 0.0, ""tofer"": NaN, ""swfac"": 0.0, ""nstres"": 0.0727859735488891}",0.0,0.0727859735488891,136.48625373840332,0.0,0.2672712504863739,0.0,,0.0,0.0,0.0,0.0,24.15880737304688,24.15880737304688,Leave_One_experiments/all_year_offline_schedule_search/daily_outputs/SYA/SYA_2020_SYA2020_stress_grid_S0001_daily.csv
SYA,SYA,Shenyang,2020,Leave_One_experiments\wth_generated_qc\SYA\SYA2020.WTH,normal_year;water_stress_year;nitrogen_stress_year,water_stress,SYA2020_stress_grid_S0001,low_input_within_10pct_yield,2020-06-01,153,48,43,"{""sim_day"": 48.0, ""doy"": 153.0, ""topwt"": 148.7491512298584, ""grnwt"": 0.0, ""xlai"": 0.2852475643157959, ""totir"": 0.0, ""tofer"": NaN, ""swfac"": 0.0, ""nstres"": 0.0895730257034301}",0.0,0.0895730257034301,148.7491512298584,0.0,0.2852475643157959,0.0,,0.0,0.0,0.0,0.0,24.15880737304688,24.15880737304688,Leave_One_experiments/all_year_offline_schedule_search/daily_outputs/SYA/SYA_2020_SYA2020_stress_grid_S0001_daily.csv
SYA,SYA,Shenyang,2020,Leave_One_experiments\wth_generated_qc\SYA\SYA2020.WTH,normal_year;water_stress_year;nitrogen_stress_year,water_stress,SYA2020_stress_grid_S0001,low_input_within_10pct_yield,2020-06-02,154,49,44,"{""sim_day"": 49.0, ""doy"": 154.0, ""topwt"": 163.73537063598633, ""grnwt"": 0.0, ""xlai"": 0.3072234988212585, ""totir"": 0.0, ""tofer"": NaN, ""swfac"": 0.0, ""nstres"": 0.0887281894683837}",0.0,0.0887281894683837,163.73537063598633,0.0,0.3072234988212585,0.0,,0.0,0.0,0.0,0.0,24.15880737304688,24.15880737304688,Leave_One_experiments/all_year_offline_schedule_search/daily_outputs/SYA/SYA_2020_SYA2020_stress_grid_S0001_daily.csv
SYA,SYA,Shenyang,2020,Leave_One_experiments\wth_generated_qc\SYA\SYA2020.WTH,normal_year;water_stress_year;nitrogen_stress_year,water_stress,SYA2020_stress_grid_S0001,low_input_within_10pct_yield,2020-06-03,155,50,45,"{""sim_day"": 50.0, ""doy"": 155.0, ""topwt"": 180.09775161743164, ""grnwt"": 0.0, ""xlai"": 0.3304564654827118, ""totir"": 0.0, ""tofer"": NaN, ""swfac"": 0.0, ""nstres"": 0.0950673818588256}",0.0,0.0950673818588256,180.09775161743164,0.0,0.3304564654827118,0.0,,0.0,0.0,0.0,0.0,24.15880737304688,24.15880737304688,Leave_One_experiments/all_year_offline_schedule_search/daily_outputs/SYA/SYA_2020_SYA2020_stress_grid_S0001_daily.csv
SYA,SYA,Shenyang,2020,Leave_One_experiments\wth_generated_qc\SYA\SYA2020.WTH,normal_year;water_stress_year;nitrogen_stress_year,water_stress,SYA2020_stress_grid_S0001,low_input_within_10pct_yield,2020-06-04,156,51,46,"{""sim_day"": 51.0, ""doy"": 156.0, ""topwt"": 198.75904083251956, ""grnwt"": 0.0, ""xlai"": 0.3557586669921875, ""totir"": 0.0, ""tofer"": NaN, ""swfac"": 0.0, ""nstres"": 0.1133729219436645}",0.0,0.1133729219436645,198.75904083251956,0.0,0.3557586669921875,0.0,,0.0,0.0,0.0,0.0,24.15880737304688,24.15880737304688,Leave_One_experiments/all_year_offline_schedule_search/daily_outputs/SYA/SYA_2020_SYA2020_stress_grid_S0001_daily.csv
SYA,SYA,Shenyang,2020,Leave_One_experiments\wth_generated_qc\SYA\SYA2020.WTH,normal_year;water_stress_year;nitrogen_stress_year,water_stress,SYA2020_stress_grid_S0001,low_input_within_10pct_yield,2020-06-05,157,52,47,"{""sim_day"": 52.0, ""doy"": 157.0, ""topwt"": 221.06889724731445, ""grnwt"": 0.0, ""xlai"": 0.3815604746341705, ""totir"": 0.0, ""tofer"": NaN, ""swfac"": 0.0, ""nstres"": 0.1176556348800659}",0.0,0.1176556348800659,221.06889724731445,0.0,0.3815604746341705,0.0,,0.0,0.0,0.0,0.0,24.15880737304688,24.15880737304688,Leave_One_experiments/all_year_offline_schedule_search/daily_outputs/SYA/SYA_2020_SYA2020_stress_grid_S0001_daily.csv
SYA,SYA,Shenyang,2020,Leave_One_experiments\wth_generated_qc\SYA\SYA2020.WTH,normal_year;water_stress_year;nitrogen_stress_year,water_stress,SYA2020_stress_grid_S0001,low_input_within_10pct_yield,2020-06-06,158,53,48,"{""sim_day"": 53.0, ""doy"": 158.0, ""topwt"": 248.82551193237305, ""grnwt"": 0.0, ""xlai"": 0.4180449247360229, ""totir"": 0.0, ""tofer"": NaN, ""swfac"": 0.0, ""nstres"": 0.111724853515625}",0.0,0.111724853515625,248.82551193237305,0.0,0.4180449247360229,0.0,,0.0,0.0,0.0,0.0,24.15880737304688,24.15880737304688,Leave_One_experiments/all_year_offline_schedule_search/daily_outputs/SYA/SYA_2020_SYA2020_stress_grid_S0001_daily.csv
SYA,SYA,Shenyang,2020,Leave_One_experiments\wth_generated_qc\SYA\SYA2020.WTH,normal_year;water_stress_year;nitrogen_stress_year,water_stress,SYA2020_stress_grid_S0001,low_input_within_10pct_yield,2020-06-07,159,54,49,"{""sim_day"": 54.0, ""doy"": 159.0, ""topwt"": 284.472599029541, ""grnwt"": 0.0, ""xlai"": 0.4640094041824341, ""totir"": 0.0, ""tofer"": NaN, ""swfac"": 0.0, ""nstres"": 0.1095079779624939}",0.0,0.1095079779624939,284.472599029541,0.0,0.4640094041824341,0.0,,0.0,0.0,0.0,0.0,24.15880737304688,24.15880737304688,Leave_One_experiments/all_year_offline_schedule_search/daily_outputs/SYA/SYA_2020_SYA2020_stress_grid_S0001_daily.csv
SYA,SYA,Shenyang,2020,Leave_One_experiments\wth_generated_qc\SYA\SYA2020.WTH,normal_year;water_stress_year;nitrogen_stress_year,water_stress,SYA2020_stress_grid_S0001,low_input_within_10pct_yield,2020-06-08,160,55,50,"{""sim_day"": 55.0, ""doy"": 160.0, ""topwt"": 318.8037109375, ""grnwt"": 0.0, ""xlai"": 0.5041545033454895, ""totir"": 0.0, ""tofer"": NaN, ""swfac"": 0.0, ""nstres"": 0.1291499733924865}",0.0,0.1291499733924865,318.8037109375,0.0,0.5041545033454895,0.0,,0.0,0.0,0.0,0.0,24.15880737304688,24.15880737304688,Leave_One_experiments/all_year_offline_schedule_search/daily_outputs/SYA/SYA_2020_SYA2020_stress_grid_S0001_daily.csv
SYA,SYA,Shenyang,2020,Leave_One_experiments\wth_generated_qc\SYA\SYA2020.WTH,normal_year;water_stress_year;nitrogen_stress_year,water_stress,SYA2020_stress_grid_S0001,low_input_within_10pct_yield,2020-06-09,161,56,51,"{""sim_day"": 56.0, ""doy"": 161.0, ""topwt"": 347.3468399047852, ""grnwt"": 0.0, ""xlai"": 0.5325565338134766, ""totir"": 0.0, ""tofer"": NaN, ""swfac"": 0.0, ""nstres"": 0.1531029343605041}",0.0,0.1531029343605041,347.3468399047852,0.0,0.5325565338134766,0.0,,0.0,0.0,0.0,0.0,24.15880737304688,24.15880737304688,Leave_One_experiments/all_year_offline_schedule_search/daily_outputs/SYA/SYA_2020_SYA2020_stress_grid_S0001_daily.csv
SYA,SYA,Shenyang,2020,Leave_One_experiments\wth_generated_qc\SYA\SYA2020.WTH,normal_year;water_stress_year;nitrogen_stress_year,water_stress,SYA2020_stress_grid_S0001,low_input_within_10pct_yield,2020-06-10,162,57,52,"{""sim_day"": 57.0, ""doy"": 162.0, ""topwt"": 377.8183364868164, ""grnwt"": 0.0, ""xlai"": 0.5606659054756165, ""totir"": 0.0, ""tofer"": NaN, ""swfac"": 0.0, ""nstres"": 0.1647820472717285}",0.0,0.1647820472717285,377.8183364868164,0.0,0.5606659054756165,0.0,,0.0,0.0,0.0,0.0,24.15880737304688,24.15880737304688,Leave_One_experiments/all_year_offline_schedule_search/daily_outputs/SYA/SYA_2020_SYA2020_stress_grid_S0001_daily.csv
SYA,SYA,Shenyang,2020,Leave_One_experiments\wth_generated_qc\SYA\SYA2020.WTH,normal_year;water_stress_year;nitrogen_stress_year,water_stress,SYA2020_stress_grid_S0001,low_input_within_10pct_yield,2020-06-11,163,58,53,"{""sim_day"": 58.0, ""doy"": 163.0, ""topwt"": 421.0719299316406, ""grnwt"": 0.0, ""xlai"": 0.6020753383636475, ""totir"": 0.0, ""tofer"": NaN, ""swfac"": 0.0, ""nstres"": 0.1656228303909301}",0.0,0.1656228303909301,421.0719299316406,0.0,0.6020753383636475,0.0,,0.0,0.0,0.0,0.0,24.15880737304688,24.15880737304688,Leave_One_experiments/all_year_offline_schedule_search/daily_outputs/SYA/SYA_2020_SYA2020_stress_grid_S0001_daily.csv
SYA,SYA,Shenyang,2020,Leave_One_experiments\wth_generated_qc\SYA\SYA2020.WTH,normal_year;water_stress_year;nitrogen_stress_year,water_stress,SYA2020_stress_grid_S0001,low_input_within_10pct_yield,2020-06-12,164,59,54,"{""sim_day"": 59.0, ""doy"": 164.0, ""topwt"": 467.7187728881836, ""grnwt"": 0.0, ""xlai"": 0.6444791555404663, ""totir"": 0.0, ""tofer"": NaN, ""swfac"": 0.0, ""nstres"": 0.1596984267234802}",0.0,0.1596984267234802,467.7187728881836,0.0,0.6444791555404663,0.0,,0.0,0.0,0.0,0.0,24.15880737304688,24.15880737304688,Leave_One_experiments/all_year_offline_schedule_search/daily_outputs/SYA/SYA_2020_SYA2020_stress_grid_S0001_daily.csv
SYA,SYA,Shenyang,2020,Leave_One_experiments\wth_generated_qc\SYA\SYA2020.WTH,normal_year;water_stress_year;nitrogen_stress_year,water_stress,SYA2020_stress_grid_S0001,low_input_within_10pct_yield,2020-06-13,165,60,55,"{""sim_day"": 60.0, ""doy"": 165.0, ""topwt"": 509.1203308105469, ""grnwt"": 0.0, ""xlai"": 0.6773586273193359, ""totir"": 0.0, ""tofer"": NaN, ""swfac"": 0.0, ""nstres"": 0.1642087697982788}",0.0,0.1642087697982788,509.1203308105469,0.0,0.6773586273193359,0.0,,0.0,0.0,0.0,0.0,24.15880737304688,24.15880737304688,Leave_One_experiments/all_year_offline_schedule_search/daily_outputs/SYA/SYA_2020_SYA2020_stress_grid_S0001_daily.csv
SYA,SYA,Shenyang,2020,Leave_One_experiments\wth_generated_qc\SYA\SYA2020.WTH,normal_year;water_stress_year;nitrogen_stress_year,water_stress,SYA2020_stress_grid_S0001,low_input_within_10pct_yield,2020-06-14,166,61,56,"{""sim_day"": 61.0, ""doy"": 166.0, ""topwt"": 549.0879821777344, ""grnwt"": 0.0, ""xlai"": 0.7047127485275269, ""totir"": 0.0, ""tofer"": NaN, ""swfac"": 0.0, ""nstres"": 0.178809642791748}",0.0,0.178809642791748,549.0879821777344,0.0,0.7047127485275269,0.0,,0.0,0.0,0.0,0.0,24.15880737304688,24.15880737304688,Leave_One_experiments/all_year_offline_schedule_search/daily_outputs/SYA/SYA_2020_SYA2020_stress_grid_S0001_daily.csv
SYA,SYA,Shenyang,2020,Leave_One_experiments\wth_generated_qc\SYA\SYA2020.WTH,normal_year;water_stress_year;nitrogen_stress_year,water_stress,SYA2020_stress_grid_S0001,low_input_within_10pct_yield,2020-06-15,167,62,57,"{""sim_day"": 62.0, ""doy"": 167.0, ""topwt"": 588.245735168457, ""grnwt"": 0.0, ""xlai"": 0.7275423407554626, ""totir"": 0.0, ""tofer"": NaN, ""swfac"": 0.0, ""nstres"": 0.1921051144599914}",0.0,0.1921051144599914,588.245735168457,0.0,0.7275423407554626,0.0,,0.0,0.0,0.0,0.0,24.15880737304688,24.15880737304688,Leave_One_experiments/all_year_offline_schedule_search/daily_outputs/SYA/SYA_2020_SYA2020_stress_grid_S0001_daily.csv
SYA,SYA,Shenyang,2020,Leave_One_experiments\wth_generated_qc\SYA\SYA2020.WTH,normal_year;water_stress_year;nitrogen_stress_year,water_stress,SYA2020_stress_grid_S0001,low_input_within_10pct_yield,2020-06-16,168,63,58,"{""sim_day"": 63.0, ""doy"": 168.0, ""topwt"": 633.2447052001953, ""grnwt"": 0.0, ""xlai"": 0.7525724172592163, ""totir"": 0.0, ""tofer"": NaN, ""swfac"": 0.0, ""nstres"": 0.2052355408668518}",0.0,0.2052355408668518,633.2447052001953,0.0,0.7525724172592163,0.0,,0.0,0.0,0.0,0.0,24.15880737304688,24.15880737304688,Leave_One_experiments/all_year_offline_schedule_search/daily_outputs/SYA/SYA_2020_SYA2020_stress_grid_S0001_daily.csv
SYA,SYA,Shenyang,2020,Leave_One_experiments\wth_generated_qc\SYA\SYA2020.WTH,normal_year;water_stress_year;nitrogen_stress_year,water_stress,SYA2020_stress_grid_S0001,low_input_within_10pct_yield,2020-06-17,169,64,59,"{""sim_day"": 64.0, ""doy"": 169.0, ""topwt"": 678.7227630615234, ""grnwt"": 0.0, ""xlai"": 0.7745218276977539, ""totir"": 0.0, ""tofer"": NaN, ""swfac"": 0.0, ""nstres"": 0.226123571395874}",0.0,0.226123571395874,678.7227630615234,0.0,0.7745218276977539,0.0,,0.0,0.0,0.0,0.0,24.15880737304688,24.15880737304688,Leave_One_experiments/all_year_offline_schedule_search/daily_outputs/SYA/SYA_2020_SYA2020_stress_grid_S0001_daily.csv
SYA,SYA,Shenyang,2020,Leave_One_experiments\wth_generated_qc\SYA\SYA2020.WTH,normal_year;water_stress_year;nitrogen_stress_year,water_stress,SYA2020_stress_grid_S0001,low_input_within_10pct_yield,2020-06-18,170,65,60,"{""sim_day"": 65.0, ""doy"": 170.0, ""topwt"": 723.1314086914062, ""grnwt"": 0.0, ""xlai"": 0.7920277714729309, ""totir"": 0.0, ""tofer"": NaN, ""swfac"": 0.0, ""nstres"": 0.2516930699348449}",0.0,0.2516930699348449,723.1314086914062,0.0,0.7920277714729309,0.0,,0.0,0.0,0.0,0.0,24.15880737304688,24.15880737304688,Leave_One_experiments/all_year_offline_schedule_search/daily_outputs/SYA/SYA_2020_SYA2020_stress_grid_S0001_daily.csv
SYA,SYA,Shenyang,2020,Leave_One_experiments\wth_generated_qc\SYA\SYA2020.WTH,normal_year;water_stress_year;nitrogen_stress_year,water_stress,SYA2020_stress_grid_S0001,low_input_within_10pct_yield,2020-06-19,171,66,61,"{""sim_day"": 66.0, ""doy"": 171.0, ""topwt"": 773.8368988037109, ""grnwt"": 0.0, ""xlai"": 0.811337411403656, ""totir"": 0.0, ""tofer"": NaN, ""swfac"": 0.0, ""nstres"": 0.2732725739479065}",0.0,0.2732725739479065,773.8368988037109,0.0,0.811337411403656,0.0,,0.0,0.0,0.0,0.0,24.15880737304688,24.15880737304688,Leave_One_experiments/all_year_offline_schedule_search/daily_outputs/SYA/SYA_2020_SYA2020_stress_grid_S0001_daily.csv
SYA,SYA,Shenyang,2020,Leave_One_experiments\wth_generated_qc\SYA\SYA2020.WTH,normal_year;water_stress_year;nitrogen_stress_year,water_stress,SYA2020_stress_grid_S0001,low_input_within_10pct_yield,2020-06-20,172,67,62,"{""sim_day"": 67.0, ""doy"": 172.0, ""topwt"": 828.5671997070312, ""grnwt"": 0.0, ""xlai"": 0.8302432298660278, ""totir"": 0.0, ""tofer"": NaN, ""swfac"": 0.0, ""nstres"": 0.2880754470825195}",0.0,0.2880754470825195,828.5671997070312,0.0,0.8302432298660278,0.0,,0.0,0.0,0.0,0.0,24.15880737304688,24.15880737304688,Leave_One_experiments/all_year_offline_schedule_search/daily_outputs/SYA/SYA_2020_SYA2020_stress_grid_S0001_daily.csv
SYA,SYA,Shenyang,2020,Leave_One_experiments\wth_generated_qc\SYA\SYA2020.WTH,normal_year;water_stress_year;nitrogen_stress_year,water_stress,SYA2020_stress_grid_S0001,low_input_within_10pct_yield,2020-06-21,173,68,63,"{""sim_day"": 68.0, ""doy"": 173.0, ""topwt"": 878.4595489501953, ""grnwt"": 0.0, ""xlai"": 0.8421236872673035, ""totir"": 0.0, ""tofer"": NaN, ""swfac"": 0.0, ""nstres"": 0.3069053888320923}",0.0,0.3069053888320923,878.4595489501953,0.0,0.8421236872673035,0.0,,0.0,0.0,0.0,0.0,24.15880737304688,24.15880737304688,Leave_One_experiments/all_year_offline_schedule_search/daily_outputs/SYA/SYA_2020_SYA2020_stress_grid_S0001_daily.csv
SYA,SYA,Shenyang,2020,Leave_One_experiments\wth_generated_qc\SYA\SYA2020.WTH,normal_year;water_stress_year;nitrogen_stress_year,water_stress,SYA2020_stress_grid_S0001,low_input_within_10pct_yield,2020-06-22,174,69,64,"{""sim_day"": 69.0, ""doy"": 174.0, ""topwt"": 925.8139038085938, ""grnwt"": 0.0, ""xlai"": 0.8493170738220215, ""totir"": 0.0, ""tofer"": NaN, ""swfac"": 0.0, ""nstres"": 0.3272738456726074}",0.0,0.3272738456726074,925.8139038085938,0.0,0.8493170738220215,0.0,,0.0,0.0,0.0,0.0,24.15880737304688,24.15880737304688,Leave_One_experiments/all_year_offline_schedule_search/daily_outputs/SYA/SYA_2020_SYA2020_stress_grid_S0001_daily.csv
SYA,SYA,Shenyang,2020,Leave_One_experiments\wth_generated_qc\SYA\SYA2020.WTH,normal_year;water_stress_year;nitrogen_stress_year,water_stress,SYA2020_stress_grid_S0001,low_input_within_10pct_yield,2020-06-23,175,70,65,"{""sim_day"": 70.0, ""doy"": 175.0, ""topwt"": 963.0514526367188, ""grnwt"": 0.0, ""xlai"": 0.8477306365966797, ""totir"": 0.0, ""tofer"": NaN, ""swfac"": 0.0, ""nstres"": 0.3415635824203491}",0.0,0.3415635824203491,963.0514526367188,0.0,0.8477306365966797,0.0,,0.0,0.0,0.0,0.0,24.15880737304688,24.15880737304688,Leave_One_experiments/all_year_offline_schedule_search/daily_outputs/SYA/SYA_2020_SYA2020_stress_grid_S0001_daily.csv
SYA,SYA,Shenyang,2020,Leave_One_experiments\wth_generated_qc\SYA\SYA2020.WTH,normal_year;water_stress_year;nitrogen_stress_year,water_stress,SYA2020_stress_grid_S0001,low_input_within_10pct_yield,2020-06-24,176,71,66,"{""sim_day"": 71.0, ""doy"": 176.0, ""topwt"": 1011.5120697021484, ""grnwt"": 0.0, ""xlai"": 0.8517909646034241, ""totir"": 0.0, ""tofer"": NaN, ""swfac"": 0.0, ""nstres"": 0.3498210310935974}",0.0,0.3498210310935974,1011.5120697021484,0.0,0.8517909646034241,0.0,,0.0,0.0,0.0,0.0,24.15880737304688,24.15880737304688,Leave_One_experiments/all_year_offline_schedule_search/daily_outputs/SYA/SYA_2020_SYA2020_stress_grid_S0001_daily.csv
SYA,SYA,Shenyang,2020,Leave_One_experiments\wth_generated_qc\SYA\SYA2020.WTH,normal_year;water_stress_year;nitrogen_stress_year,water_stress,SYA2020_stress_grid_S0001,low_input_within_10pct_yield,2020-06-25,177,72,67,"{""sim_day"": 72.0, ""doy"": 177.0, ""topwt"": 1053.0178833007812, ""grnwt"": 0.0, ""xlai"": 0.850126326084137, ""totir"": 0.0, ""tofer"": NaN, ""swfac"": 0.0, ""nstres"": 0.3529473543167114}",0.0,0.3529473543167114,1053.0178833007812,0.0,0.850126326084137,0.0,,0.0,0.0,0.0,0.0,24.15880737304688,24.15880737304688,Leave_One_experiments/all_year_offline_schedule_search/daily_outputs/SYA/SYA_2020_SYA2020_stress_grid_S0001_daily.csv
SYA,SYA,Shenyang,2020,Leave_One_experiments\wth_generated_qc\SYA\SYA2020.WTH,normal_year;water_stress_year;nitrogen_stress_year,water_stress,SYA2020_stress_grid_S0001,low_input_within_10pct_yield,2020-06-26,178,73,68,"{""sim_day"": 73.0, ""doy"": 178.0, ""topwt"": 1098.5543060302734, ""grnwt"": 0.0, ""xlai"": 0.8493753671646118, ""totir"": 0.0, ""tofer"": NaN, ""swfac"": 0.0, ""nstres"": 0.3634273409843445}",0.0,0.3634273409843445,1098.5543060302734,0.0,0.8493753671646118,0.0,,0.0,0.0,0.0,0.0,24.15880737304688,24.15880737304688,Leave_One_experiments/all_year_offline_schedule_search/daily_outputs/SYA/SYA_2020_SYA2020_stress_grid_S0001_daily.csv
SYA,SYA,Shenyang,2020,Leave_One_experiments\wth_generated_qc\SYA\SYA2020.WTH,normal_year;water_stress_year;nitrogen_stress_year,water_stress,SYA2020_stress_grid_S0001,low_input_within_10pct_yield,2020-06-27,179,74,69,"{""sim_day"": 74.0, ""doy"": 179.0, ""topwt"": 1215.592041015625, ""grnwt"": 0.0, ""xlai"": 0.8988049626350403, ""totir"": 0.0, ""tofer"": NaN, ""swfac"": 0.0, ""nstres"": 0.368096649646759}",0.0,0.368096649646759,1215.592041015625,0.0,0.8988049626350403,0.0,,0.0,0.0,0.0,0.0,24.15880737304688,24.15880737304688,Leave_One_experiments/all_year_offline_schedule_search/daily_outputs/SYA/SYA_2020_SYA2020_stress_grid_S0001_daily.csv
SYA,SYA,Shenyang,2020,Leave_One_experiments\wth_generated_qc\SYA\SYA2020.WTH,normal_year;water_stress_year;nitrogen_stress_year,water_stress,SYA2020_stress_grid_S0001,low_input_within_10pct_yield,2020-06-28,180,75,70,"{""sim_day"": 75.0, ""doy"": 180.0, ""topwt"": 1298.7882995605469, ""grnwt"": 0.0, ""xlai"": 0.9107149243354796, ""totir"": 0.0, ""tofer"": NaN, ""swfac"": 0.0, ""nstres"": 0.3740016222000122}",0.0,0.3740016222000122,1298.7882995605469,0.0,0.9107149243354796,0.0,,0.0,0.0,0.0,0.0,24.15880737304688,24.15880737304688,Leave_One_experiments/all_year_offline_schedule_search/daily_outputs/SYA/SYA_2020_SYA2020_stress_grid_S0001_daily.csv
SYA,SYA,Shenyang,2020,Leave_One_experiments\wth_generated_qc\SYA\SYA2020.WTH,normal_year;water_stress_year;nitrogen_stress_year,water_stress,SYA2020_stress_grid_S0001,low_input_within_10pct_yield,2020-06-29,181,76,71,"{""sim_day"": 76.0, ""doy"": 181.0, ""topwt"": 1368.6827087402344, ""grnwt"": 0.0, ""xlai"": 0.9088636636734008, ""totir"": 0.0, ""tofer"": NaN, ""swfac"": 0.0, ""nstres"": 0.4203749299049377}",0.0,0.4203749299049377,1368.6827087402344,0.0,0.9088636636734008,0.0,,0.0,0.0,0.0,0.0,24.15880737304688,24.15880737304688,Leave_One_experiments/all_year_offline_schedule_search/daily_outputs/SYA/SYA_2020_SYA2020_stress_grid_S0001_daily.csv
SYA,SYA,Shenyang,2020,Leave_One_experiments\wth_generated_qc\SYA\SYA2020.WTH,normal_year;water_stress_year;nitrogen_stress_year,water_stress,SYA2020_stress_grid_S0001,low_input_within_10pct_yield,2020-06-30,182,77,72,"{""sim_day"": 77.0, ""doy"": 182.0, ""topwt"": 1429.569854736328, ""grnwt"": 0.0, ""xlai"": 0.899947464466095, ""totir"": 0.0, ""tofer"": NaN, ""swfac"": 0.0, ""nstres"": 0.4385575652122497}",0.0,0.4385575652122497,1429.569854736328,0.0,0.899947464466095,0.0,,0.0,0.0,0.0,0.0,24.15880737304688,24.15880737304688,Leave_One_experiments/all_year_offline_schedule_search/daily_outputs/SYA/SYA_2020_SYA2020_stress_grid_S0001_daily.csv
SYA,SYA,Shenyang,2020,Leave_One_experiments\wth_generated_qc\SYA\SYA2020.WTH,normal_year;water_stress_year;nitrogen_stress_year,water_stress,SYA2020_stress_grid_S0001,low_input_within_10pct_yield,2020-07-01,183,78,73,"{""sim_day"": 78.0, ""doy"": 183.0, ""topwt"": 1487.6545715332031, ""grnwt"": 0.0, ""xlai"": 0.8881253600120544, ""totir"": 0.0, ""tofer"": NaN, ""swfac"": 0.0, ""nstres"": 0.4474113583564758}",0.0,0.4474113583564758,1487.6545715332031,0.0,0.8881253600120544,0.0,,0.0,0.0,0.0,0.0,24.15880737304688,24.15880737304688,Leave_One_experiments/all_year_offline_schedule_search/daily_outputs/SYA/SYA_2020_SYA2020_stress_grid_S0001_daily.csv
SYA,SYA,Shenyang,2020,Leave_One_experiments\wth_generated_qc\SYA\SYA2020.WTH,normal_year;water_stress_year;nitrogen_stress_year,water_stress,SYA2020_stress_grid_S0001,low_input_within_10pct_yield,2020-07-02,184,79,74,"{""sim_day"": 79.0, ""doy"": 184.0, ""topwt"": 1546.116943359375, ""grnwt"": 0.0, ""xlai"": 0.8753913044929504, ""totir"": 0.0, ""tofer"": NaN, ""swfac"": 0.0, ""nstres"": 0.4478073716163635}",0.0,0.4478073716163635,1546.116943359375,0.0,0.8753913044929504,0.0,,0.0,0.0,0.0,0.0,24.15880737304688,24.15880737304688,Leave_One_experiments/all_year_offline_schedule_search/daily_outputs/SYA/SYA_2020_SYA2020_stress_grid_S0001_daily.csv
SYA,SYA,Shenyang,2020,Leave_One_experiments\wth_generated_qc\SYA\SYA2020.WTH,normal_year;water_stress_year;nitrogen_stress_year,water_stress,SYA2020_stress_grid_S0001,low_input_within_10pct_yield,2020-07-03,185,80,75,"{""sim_day"": 80.0, ""doy"": 185.0, ""topwt"": 1600.5198669433594, ""grnwt"": 0.0, ""xlai"": 0.8608429431915283, ""totir"": 0.0, ""tofer"": NaN, ""swfac"": 0.0, ""nstres"": 0.4461884498596191}",0.0,0.4461884498596191,1600.5198669433594,0.0,0.8608429431915283,0.0,,0.0,0.0,0.0,0.0,24.15880737304688,24.15880737304688,Leave_One_experiments/all_year_offline_schedule_search/daily_outputs/SYA/SYA_2020_SYA2020_stress_grid_S0001_daily.csv
SYA,SYA,Shenyang,2020,Leave_One_experiments\wth_generated_qc\SYA\SYA2020.WTH,normal_year;water_stress_year;nitrogen_stress_year,water_stress,SYA2020_stress_grid_S0001,low_input_within_10pct_yield,2020-07-04,186,81,76,"{""sim_day"": 81.0, ""doy"": 186.0, ""topwt"": 1656.2223815917969, ""grnwt"": 0.0, ""xlai"": 0.8464109301567078, ""totir"": 0.0, ""tofer"": NaN, ""swfac"": 0.0, ""nstres"": 0.4432666897773742}",0.0,0.4432666897773742,1656.2223815917969,0.0,0.8464109301567078,0.0,,0.0,0.0,0.0,0.0,24.15880737304688,24.15880737304688,Leave_One_experiments/all_year_offline_schedule_search/daily_outputs/SYA/SYA_2020_SYA2020_stress_grid_S0001_daily.csv
SYA,SYA,Shenyang,2020,Leave_One_experiments\wth_generated_qc\SYA\SYA2020.WTH,normal_year;water_stress_year;nitrogen_stress_year,water_stress,SYA2020_stress_grid_S0001,low_input_within_10pct_yield,2020-07-05,187,82,77,"{""sim_day"": 82.0, ""doy"": 187.0, ""topwt"": 1699.5458984375, ""grnwt"": 0.0, ""xlai"": 0.8285526037216187, ""totir"": 0.0, ""tofer"": NaN, ""swfac"": 0.0, ""nstres"": 0.4407289624214172}",0.0,0.4407289624214172,1699.5458984375,0.0,0.8285526037216187,0.0,,0.0,0.0,0.0,0.0,24.15880737304688,24.15880737304688,Leave_One_experiments/all_year_offline_schedule_search/daily_outputs/SYA/SYA_2020_SYA2020_stress_grid_S0001_daily.csv
SYA,SYA,Shenyang,2020,Leave_One_experiments\wth_generated_qc\SYA\SYA2020.WTH,normal_year;water_stress_year;nitrogen_stress_year,water_stress,SYA2020_stress_grid_S0001,low_input_within_10pct_yield,2020-07-06,188,83,78,"{""sim_day"": 83.0, ""doy"": 188.0, ""topwt"": 1750.9051513671875, ""grnwt"": 0.0, ""xlai"": 0.8130879402160645, ""totir"": 0.0, ""tofer"": NaN, ""swfac"": 0.0, ""nstres"": 0.4373229146003723}",0.0,0.4373229146003723,1750.9051513671875,0.0,0.8130879402160645,0.0,,0.0,0.0,0.0,0.0,24.15880737304688,24.15880737304688,Leave_One_experiments/all_year_offline_schedule_search/daily_outputs/SYA/SYA_2020_SYA2020_stress_grid_S0001_daily.csv
SYA,SYA,Shenyang,2020,Leave_One_experiments\wth_generated_qc\SYA\SYA2020.WTH,normal_year;water_stress_year;nitrogen_stress_year,water_stress,SYA2020_stress_grid_S0001,low_input_within_10pct_yield,2020-07-07,189,84,79,"{""sim_day"": 84.0, ""doy"": 189.0, ""topwt"": 1796.5078735351562, ""grnwt"": 0.0, ""xlai"": 0.7964894771575928, ""totir"": 0.0, ""tofer"": NaN, ""swfac"": 0.0, ""nstres"": 0.4299172163009643}",0.0,0.4299172163009643,1796.5078735351562,0.0,0.7964894771575928,0.0,,0.0,0.0,0.0,0.0,24.15880737304688,24.15880737304688,Leave_One_experiments/all_year_offline_schedule_search/daily_outputs/SYA/SYA_2020_SYA2020_stress_grid_S0001_daily.csv
SYA,SYA,Shenyang,2020,Leave_One_experiments\wth_generated_qc\SYA\SYA2020.WTH,normal_year;water_stress_year;nitrogen_stress_year,water_stress,SYA2020_stress_grid_S0001,low_input_within_10pct_yield,2020-07-08,190,85,80,"{""sim_day"": 85.0, ""doy"": 190.0, ""topwt"": 1847.2776794433596, ""grnwt"": 0.0, ""xlai"": 0.7815687656402588, ""totir"": 0.0, ""tofer"": NaN, ""swfac"": 0.0, ""nstres"": 0.4235731959342956}",0.0,0.4235731959342956,1847.2776794433596,0.0,0.7815687656402588,0.0,,0.0,0.0,0.0,0.0,24.15880737304688,24.15880737304688,Leave_One_experiments/all_year_offline_schedule_search/daily_outputs/SYA/SYA_2020_SYA2020_stress_grid_S0001_daily.csv
SYA,SYA,Shenyang,2020,Leave_One_experiments\wth_generated_qc\SYA\SYA2020.WTH,normal_year;water_stress_year;nitrogen_stress_year,water_stress,SYA2020_stress_grid_S0001,low_input_within_10pct_yield,2020-07-09,191,86,81,"{""sim_day"": 86.0, ""doy"": 191.0, ""topwt"": 1904.4554138183596, ""grnwt"": 0.0, ""xlai"": 0.7689384818077087, ""totir"": 0.0, ""tofer"": NaN, ""swfac"": 0.0, ""nstres"": 0.4177142977714538}",0.0,0.4177142977714538,1904.4554138183596,0.0,0.7689384818077087,0.0,,0.0,0.0,0.0,0.0,24.15880737304688,24.15880737304688,Leave_One_experiments/all_year_offline_schedule_search/daily_outputs/SYA/SYA_2020_SYA2020_stress_grid_S0001_daily.csv
SYA,SYA,Shenyang,2020,Leave_One_experiments\wth_generated_qc\SYA\SYA2020.WTH,normal_year;water_stress_year;nitrogen_stress_year,water_stress,SYA2020_stress_grid_S0001,low_input_within_10pct_yield,2020-07-10,192,87,82,"{""sim_day"": 87.0, ""doy"": 192.0, ""topwt"": 1966.2139892578125, ""grnwt"": 0.0, ""xlai"": 0.7580699324607849, ""totir"": 0.0, ""tofer"": NaN, ""swfac"": 0.0, ""nstres"": 0.4114978909492492}",0.0,0.4114978909492492,1966.2139892578125,0.0,0.7580699324607849,0.0,,0.0,0.0,0.0,0.0,24.15880737304688,24.15880737304688,Leave_One_experiments/all_year_offline_schedule_search/daily_outputs/SYA/SYA_2020_SYA2020_stress_grid_S0001_daily.csv
SYA,SYA,Shenyang,2020,Leave_One_experiments\wth_generated_qc\SYA\SYA2020.WTH,normal_year;water_stress_year;nitrogen_stress_year,water_stress,SYA2020_stress_grid_S0001,low_input_within_10pct_yield,2020-07-11,193,88,83,"{""sim_day"": 88.0, ""doy"": 193.0, ""topwt"": 2026.9113159179688, ""grnwt"": 0.0, ""xlai"": 0.7474625110626221, ""totir"": 0.0, ""tofer"": NaN, ""swfac"": 0.0, ""nstres"": 0.4063155651092529}",0.0,0.4063155651092529,2026.9113159179688,0.0,0.7474625110626221,0.0,,0.0,0.0,0.0,0.0,24.15880737304688,24.15880737304688,Leave_One_experiments/all_year_offline_schedule_search/daily_outputs/SYA/SYA_2020_SYA2020_stress_grid_S0001_daily.csv
SYA,SYA,Shenyang,2020,Leave_One_experiments\wth_generated_qc\SYA\SYA2020.WTH,normal_year;water_stress_year;nitrogen_stress_year,water_stress,SYA2020_stress_grid_S0001,low_input_within_10pct_yield,2020-07-12,194,89,84,"{""sim_day"": 89.0, ""doy"": 194.0, ""topwt"": 2087.9754638671875, ""grnwt"": 0.0, ""xlai"": 0.737507700920105, ""totir"": 0.0, ""tofer"": NaN, ""swfac"": 0.0, ""nstres"": 0.3995596170425415}",0.0,0.3995596170425415,2087.9754638671875,0.0,0.737507700920105,0.0,,0.0,0.0,0.0,0.0,24.15880737304688,24.15880737304688,Leave_One_experiments/all_year_offline_schedule_search/daily_outputs/SYA/SYA_2020_SYA2020_stress_grid_S0001_daily.csv
SYA,SYA,Shenyang,2020,Leave_One_experiments\wth_generated_qc\SYA\SYA2020.WTH,normal_year;water_stress_year;nitrogen_stress_year,water_stress,SYA2020_stress_grid_S0001,low_input_within_10pct_yield,2020-07-13,195,90,85,"{""sim_day"": 90.0, ""doy"": 195.0, ""topwt"": 2148.636779785156, ""grnwt"": 0.0, ""xlai"": 0.7280199527740479, ""totir"": 0.0, ""tofer"": NaN, ""swfac"": 0.0, ""nstres"": 0.391742467880249}",0.0,0.391742467880249,2148.636779785156,0.0,0.7280199527740479,0.0,,0.0,0.0,0.0,0.0,24.15880737304688,24.15880737304688,Leave_One_experiments/all_year_offline_schedule_search/daily_outputs/SYA/SYA_2020_SYA2020_stress_grid_S0001_daily.csv
SYA,SYA,Shenyang,2020,Leave_One_experiments\wth_generated_qc\SYA\SYA2020.WTH,normal_year;water_stress_year;nitrogen_stress_year,water_stress,SYA2020_stress_grid_S0001,low_input_within_10pct_yield,2020-07-14,196,91,86,"{""sim_day"": 91.0, ""doy"": 196.0, ""topwt"": 2215.445098876953, ""grnwt"": 0.0, ""xlai"": 0.7205232381820679, ""totir"": 0.0, ""tofer"": NaN, ""swfac"": 0.0, ""nstres"": 0.3864769339561462}",0.0,0.3864769339561462,2215.445098876953,0.0,0.7205232381820679,0.0,,0.0,0.0,0.0,0.0,24.15880737304688,24.15880737304688,Leave_One_experiments/all_year_offline_schedule_search/daily_outputs/SYA/SYA_2020_SYA2020_stress_grid_S0001_daily.csv
SYA,SYA,Shenyang,2020,Leave_One_experiments\wth_generated_qc\SYA\SYA2020.WTH,normal_year;water_stress_year;nitrogen_stress_year,water_stress,SYA2020_stress_grid_S0001,low_input_within_10pct_yield,2020-07-15,197,92,87,"{""sim_day"": 92.0, ""doy"": 197.0, ""topwt"": 2331.673126220703, ""grnwt"": 0.0, ""xlai"": 0.6971855759620667, ""totir"": 0.0, ""tofer"": NaN, ""swfac"": 0.0, ""nstres"": 0.3773558139801025}",0.0,0.3773558139801025,2331.673126220703,0.0,0.6971855759620667,0.0,,0.0,0.0,0.0,0.0,24.15880737304688,24.15880737304688,Leave_One_experiments/all_year_offline_schedule_search/daily_outputs/SYA/SYA_2020_SYA2020_stress_grid_S0001_daily.csv
SYA,SYA,Shenyang,2020,Leave_One_experiments\wth_generated_qc\SYA\SYA2020.WTH,normal_year;water_stress_year;nitrogen_stress_year,water_stress,SYA2020_stress_grid_S0001,low_input_within_10pct_yield,2020-07-16,198,93,88,"{""sim_day"": 93.0, ""doy"": 198.0, ""topwt"": 2417.4972534179688, ""grnwt"": 0.0, ""xlai"": 0.6748781800270081, ""totir"": 0.0, ""tofer"": NaN, ""swfac"": 0.0, ""nstres"": 0.367914080619812}",0.0,0.367914080619812,2417.4972534179688,0.0,0.6748781800270081,0.0,,0.0,0.0,0.0,0.0,24.15880737304688,24.15880737304688,Leave_One_experiments/all_year_offline_schedule_search/daily_outputs/SYA/SYA_2020_SYA2020_stress_grid_S0001_daily.csv
SYA,SYA,Shenyang,2020,Leave_One_experiments\wth_generated_qc\SYA\SYA2020.WTH,normal_year;water_stress_year;nitrogen_stress_year,water_stress,SYA2020_stress_grid_S0001,low_input_within_10pct_yield,2020-07-17,199,94,89,"{""sim_day"": 94.0, ""doy"": 199.0, ""topwt"": 2496.5057373046875, ""grnwt"": 0.0, ""xlai"": 0.6529697775840759, ""totir"": 0.0, ""tofer"": NaN, ""swfac"": 0.0, ""nstres"": 0.3791041374206543}",0.0,0.3791041374206543,2496.5057373046875,0.0,0.6529697775840759,0.0,,0.0,0.0,0.0,0.0,24.15880737304688,24.15880737304688,Leave_One_experiments/all_year_offline_schedule_search/daily_outputs/SYA/SYA_2020_SYA2020_stress_grid_S0001_daily.csv
SYA,SYA,Shenyang,2020,Leave_One_experiments\wth_generated_qc\SYA\SYA2020.WTH,normal_year;water_stress_year;nitrogen_stress_year,water_stress,SYA2020_stress_grid_S0001,low_input_within_10pct_yield,2020-07-18,200,95,90,"{""sim_day"": 95.0, ""doy"": 200.0, ""topwt"": 2492.457275390625, ""grnwt"": 0.0, ""xlai"": 0.6317231059074402, ""totir"": 0.0, ""tofer"": NaN, ""swfac"": 0.0, ""nstres"": 0.3809220790863037}",0.0,0.3809220790863037,2492.457275390625,0.0,0.6317231059074402,0.0,,0.0,0.0,0.0,0.0,24.15880737304688,24.15880737304688,Leave_One_experiments/all_year_offline_schedule_search/daily_outputs/SYA/SYA_2020_SYA2020_stress_grid_S0001_daily.csv
SYA,SYA,Shenyang,2020,Leave_One_experiments\wth_generated_qc\SYA\SYA2020.WTH,normal_year;water_stress_year;nitrogen_stress_year,water_stress,SYA2020_stress_grid_S0001,low_input_within_10pct_yield,2020-07-19,201,96,91,"{""sim_day"": 96.0, ""doy"": 201.0, ""topwt"": 2593.389892578125, ""grnwt"": 0.0, ""xlai"": 0.6113527417182922, ""totir"": 0.0, ""tofer"": NaN, ""swfac"": 0.0, ""nstres"": 0.3738980293273926}",0.0,0.3738980293273926,2593.389892578125,0.0,0.6113527417182922,0.0,,0.0,0.0,0.0,0.0,24.15880737304688,24.15880737304688,Leave_One_experiments/all_year_offline_schedule_search/daily_outputs/SYA/SYA_2020_SYA2020_stress_grid_S0001_daily.csv
SYA,SYA,Shenyang,2020,Leave_One_experiments\wth_generated_qc\SYA\SYA2020.WTH,normal_year;water_stress_year;nitrogen_stress_year,water_stress,SYA2020_stress_grid_S0001,low_input_within_10pct_yield,2020-07-20,202,97,92,"{""sim_day"": 97.0, ""doy"": 202.0, ""topwt"": 2690.0244140625, ""grnwt"": 0.0, ""xlai"": 0.5922629833221436, ""totir"": 0.0, ""tofer"": NaN, ""swfac"": 0.0, ""nstres"": 0.349407434463501}",0.0,0.349407434463501,2690.0244140625,0.0,0.5922629833221436,0.0,,0.0,0.0,0.0,0.0,24.15880737304688,24.15880737304688,Leave_One_experiments/all_year_offline_schedule_search/daily_outputs/SYA/SYA_2020_SYA2020_stress_grid_S0001_daily.csv
SYA,SYA,Shenyang,2020,Leave_One_experiments\wth_generated_qc\SYA\SYA2020.WTH,normal_year;water_stress_year;nitrogen_stress_year,water_stress,SYA2020_stress_grid_S0001,low_input_within_10pct_yield,2020-07-21,203,98,93,"{""sim_day"": 98.0, ""doy"": 203.0, ""topwt"": 2786.7202758789062, ""grnwt"": 0.0, ""xlai"": 0.573743462562561, ""totir"": 0.0, ""tofer"": NaN, ""swfac"": 0.0, ""nstres"": 0.3504583239555359}",0.0,0.3504583239555359,2786.7202758789062,0.0,0.573743462562561,0.0,,0.0,0.0,0.0,0.0,24.15880737304688,24.15880737304688,Leave_One_experiments/all_year_offline_schedule_search/daily_outputs/SYA/SYA_2020_SYA2020_stress_grid_S0001_daily.csv
SYA,SYA,Shenyang,2020,Leave_One_experiments\wth_generated_qc\SYA\SYA2020.WTH,normal_year;water_stress_year;nitrogen_stress_year,water_stress,SYA2020_stress_grid_S0001,low_input_within_10pct_yield,2020-07-22,204,99,94,"{""sim_day"": 99.0, ""doy"": 204.0, ""topwt"": 2867.647399902344, ""grnwt"": 0.0, ""xlai"": 0.5558590888977051, ""totir"": 0.0, ""tofer"": NaN, ""swfac"": 0.0, ""nstres"": 0.3481133580207824}",0.0,0.3481133580207824,2867.647399902344,0.0,0.5558590888977051,0.0,,0.0,0.0,0.0,0.0,24.15880737304688,24.15880737304688,Leave_One_experiments/all_year_offline_schedule_search/daily_outputs/SYA/SYA_2020_SYA2020_stress_grid_S0001_daily.csv
SYA,SYA,Shenyang,2020,Leave_One_experiments\wth_generated_qc\SYA\SYA2020.WTH,normal_year;water_stress_year;nitrogen_stress_year,water_stress,SYA2020_stress_grid_S0001,low_input_within_10pct_yield,2020-07-23,205,100,95,"{""sim_day"": 100.0, ""doy"": 205.0, ""topwt"": 2932.3358154296875, ""grnwt"": 0.0, ""xlai"": 0.5386233925819397, ""totir"": 0.0, ""tofer"": NaN, ""swfac"": 0.0, ""nstres"": 0.3441781997680664}",0.0,0.3441781997680664,2932.3358154296875,0.0,0.5386233925819397,0.0,,0.0,0.0,0.0,0.0,24.15880737304688,24.15880737304688,Leave_One_experiments/all_year_offline_schedule_search/daily_outputs/SYA/SYA_2020_SYA2020_stress_grid_S0001_daily.csv
SYA,SYA,Shenyang,2020,Leave_One_experiments\wth_generated_qc\SYA\SYA2020.WTH,normal_year;water_stress_year;nitrogen_stress_year,water_stress,SYA2020_stress_grid_S0001,low_input_within_10pct_yield,2020-07-24,206,101,96,"{""sim_day"": 101.0, ""doy"": 206.0, ""topwt"": 3018.792724609375, ""grnwt"": 0.0, ""xlai"": 0.5221054553985596, ""totir"": 0.0, ""tofer"": NaN, ""swfac"": 0.0, ""nstres"": 0.3360049724578857}",0.0,0.3360049724578857,3018.792724609375,0.0,0.5221054553985596,0.0,,0.0,0.0,0.0,0.0,24.15880737304688,24.15880737304688,Leave_One_experiments/all_year_offline_schedule_search/daily_outputs/SYA/SYA_2020_SYA2020_stress_grid_S0001_daily.csv
SYA,SYA,Shenyang,2020,Leave_One_experiments\wth_generated_qc\SYA\SYA2020.WTH,normal_year;water_stress_year;nitrogen_stress_year,water_stress,SYA2020_stress_grid_S0001,low_input_within_10pct_yield,2020-07-25,207,102,97,"{""sim_day"": 102.0, ""doy"": 207.0, ""topwt"": 3129.1629028320312, ""grnwt"": 118.45736503601074, ""xlai"": 0.5064311027526855, ""totir"": 0.0, ""tofer"": NaN, ""swfac"": 0.0, ""nstres"": 0.320514976978302}",0.0,0.320514976978302,3129.1629028320312,118.45736503601074,0.5064311027526855,0.0,,0.0,0.0,0.0,0.0,24.15880737304688,24.15880737304688,Leave_One_experiments/all_year_offline_schedule_search/daily_outputs/SYA/SYA_2020_SYA2020_stress_grid_S0001_daily.csv
SYA,SYA,Shenyang,2020,Leave_One_experiments\wth_generated_qc\SYA\SYA2020.WTH,normal_year;water_stress_year;nitrogen_stress_year,water_stress,SYA2020_stress_grid_S0001,low_input_within_10pct_yield,2020-07-26,208,103,98,"{""sim_day"": 103.0, ""doy"": 208.0, ""topwt"": 3176.802673339844, ""grnwt"": 194.21585083007807, ""xlai"": 0.4903683066368103, ""totir"": 0.0, ""tofer"": NaN, ""swfac"": 0.0, ""nstres"": 0.3612203598022461}",0.0,0.3612203598022461,3176.802673339844,194.21585083007807,0.4903683066368103,0.0,,0.0,0.0,0.0,0.0,24.15880737304688,24.15880737304688,Leave_One_experiments/all_year_offline_schedule_search/daily_outputs/SYA/SYA_2020_SYA2020_stress_grid_S0001_daily.csv
SYA,SYA,Shenyang,2020,Leave_One_experiments\wth_generated_qc\SYA\SYA2020.WTH,normal_year;water_stress_year;nitrogen_stress_year,water_stress,SYA2020_stress_grid_S0001,low_input_within_10pct_yield,2020-07-27,209,104,99,"{""sim_day"": 104.0, ""doy"": 209.0, ""topwt"": 3262.1847534179688, ""grnwt"": 269.9743461608887, ""xlai"": 0.4748983681201935, ""totir"": 0.0, ""tofer"": NaN, ""swfac"": 0.0, ""nstres"": 0.357143223285675}",0.0,0.357143223285675,3262.1847534179688,269.9743461608887,0.4748983681201935,0.0,,0.0,0.0,0.0,0.0,24.15880737304688,24.15880737304688,Leave_One_experiments/all_year_offline_schedule_search/daily_outputs/SYA/SYA_2020_SYA2020_stress_grid_S0001_daily.csv
SYA,SYA,Shenyang,2020,Leave_One_experiments\wth_generated_qc\SYA\SYA2020.WTH,normal_year;water_stress_year;nitrogen_stress_year,water_stress,SYA2020_stress_grid_S0001,low_input_within_10pct_yield,2020-07-28,210,105,100,"{""sim_day"": 105.0, ""doy"": 210.0, ""topwt"": 3335.4586791992188, ""grnwt"": 345.73280334472656, ""xlai"": 0.460071861743927, ""totir"": 0.0, ""tofer"": NaN, ""swfac"": 0.0, ""nstres"": 0.3492868542671203}",0.0,0.3492868542671203,3335.4586791992188,345.73280334472656,0.460071861743927,0.0,,0.0,0.0,0.0,0.0,24.15880737304688,24.15880737304688,Leave_One_experiments/all_year_offline_schedule_search/daily_outputs/SYA/SYA_2020_SYA2020_stress_grid_S0001_daily.csv
SYA,SYA,Shenyang,2020,Leave_One_experiments\wth_generated_qc\SYA\SYA2020.WTH,normal_year;water_stress_year;nitrogen_stress_year,water_stress,SYA2020_stress_grid_S0001,low_input_within_10pct_yield,2020-07-29,211,106,101,"{""sim_day"": 106.0, ""doy"": 211.0, ""topwt"": 3397.2662353515625, ""grnwt"": 421.4913177490234, ""xlai"": 0.4456236362457275, ""totir"": 0.0, ""tofer"": NaN, ""swfac"": 0.0, ""nstres"": 0.353701651096344}",0.0,0.353701651096344,3397.2662353515625,421.4913177490234,0.4456236362457275,0.0,,0.0,0.0,0.0,0.0,24.15880737304688,24.15880737304688,Leave_One_experiments/all_year_offline_schedule_search/daily_outputs/SYA/SYA_2020_SYA2020_stress_grid_S0001_daily.csv
SYA,SYA,Shenyang,2020,Leave_One_experiments\wth_generated_qc\SYA\SYA2020.WTH,normal_year;water_stress_year;nitrogen_stress_year,water_stress,SYA2020_stress_grid_S0001,low_input_within_10pct_yield,2020-07-30,212,107,102,"{""sim_day"": 107.0, ""doy"": 212.0, ""topwt"": 3476.627197265625, ""grnwt"": 488.7269592285156, ""xlai"": 0.431615948677063, ""totir"": 0.0, ""tofer"": NaN, ""swfac"": 0.0, ""nstres"": 0.3544149398803711}",0.0,0.3544149398803711,3476.627197265625,488.7269592285156,0.431615948677063,0.0,,0.0,0.0,0.0,0.0,24.15880737304688,24.15880737304688,Leave_One_experiments/all_year_offline_schedule_search/daily_outputs/SYA/SYA_2020_SYA2020_stress_grid_S0001_daily.csv
SYA,SYA,Shenyang,2020,Leave_One_experiments\wth_generated_qc\SYA\SYA2020.WTH,normal_year;water_stress_year;nitrogen_stress_year,water_stress,SYA2020_stress_grid_S0001,low_input_within_10pct_yield,2020-07-31,213,108,103,"{""sim_day"": 108.0, ""doy"": 213.0, ""topwt"": 3547.2103881835938, ""grnwt"": 553.5951614379883, ""xlai"": 0.4181517958641052, ""totir"": 0.0, ""tofer"": NaN, ""swfac"": 0.0, ""nstres"": 0.3486719131469726}",0.0,0.3486719131469726,3547.2103881835938,553.5951614379883,0.4181517958641052,0.0,,0.0,0.0,0.0,0.0,24.15880737304688,24.15880737304688,Leave_One_experiments/all_year_offline_schedule_search/daily_outputs/SYA/SYA_2020_SYA2020_stress_grid_S0001_daily.csv
SYA,SYA,Shenyang,2020,Leave_One_experiments\wth_generated_qc\SYA\SYA2020.WTH,normal_year;water_stress_year;nitrogen_stress_year,water_stress,SYA2020_stress_grid_S0001,low_input_within_10pct_yield,2020-08-01,214,109,104,"{""sim_day"": 109.0, ""doy"": 214.0, ""topwt"": 3585.655212402344, ""grnwt"": 629.3536376953125, ""xlai"": 0.4050105512142181, ""totir"": 0.0, ""tofer"": NaN, ""swfac"": 0.0, ""nstres"": 0.354248583316803}",0.0,0.354248583316803,3585.655212402344,629.3536376953125,0.4050105512142181,0.0,,0.0,0.0,0.0,0.0,24.15880737304688,24.15880737304688,Leave_One_experiments/all_year_offline_schedule_search/daily_outputs/SYA/SYA_2020_SYA2020_stress_grid_S0001_daily.csv
SYA,SYA,Shenyang,2020,Leave_One_experiments\wth_generated_qc\SYA\SYA2020.WTH,normal_year;water_stress_year;nitrogen_stress_year,water_stress,SYA2020_stress_grid_S0001,low_input_within_10pct_yield,2020-08-02,215,110,105,"{""sim_day"": 110.0, ""doy"": 215.0, ""topwt"": 3627.609252929688, ""grnwt"": 705.1121520996094, ""xlai"": 0.3921814858913421, ""totir"": 0.0, ""tofer"": NaN, ""swfac"": 0.0, ""nstres"": 0.3602229952812195}",0.0,0.3602229952812195,3627.609252929688,705.1121520996094,0.3921814858913421,0.0,,0.0,0.0,0.0,0.0,24.15880737304688,24.15880737304688,Leave_One_experiments/all_year_offline_schedule_search/daily_outputs/SYA/SYA_2020_SYA2020_stress_grid_S0001_daily.csv
SYA,SYA,Shenyang,2020,Leave_One_experiments\wth_generated_qc\SYA\SYA2020.WTH,normal_year;water_stress_year;nitrogen_stress_year,water_stress,SYA2020_stress_grid_S0001,low_input_within_10pct_yield,2020-08-03,216,111,106,"{""sim_day"": 111.0, ""doy"": 216.0, ""topwt"": 3703.1832885742183, ""grnwt"": 780.8705902099609, ""xlai"": 0.3799137771129608, ""totir"": 0.0, ""tofer"": NaN, ""swfac"": 0.0, ""nstres"": 0.3507363200187683}",0.0,0.3507363200187683,3703.1832885742183,780.8705902099609,0.3799137771129608,0.0,,0.0,0.0,0.0,0.0,24.15880737304688,24.15880737304688,Leave_One_experiments/all_year_offline_schedule_search/daily_outputs/SYA/SYA_2020_SYA2020_stress_grid_S0001_daily.csv
SYA,SYA,Shenyang,2020,Leave_One_experiments\wth_generated_qc\SYA\SYA2020.WTH,normal_year;water_stress_year;nitrogen_stress_year,water_stress,SYA2020_stress_grid_S0001,low_input_within_10pct_yield,2020-08-04,217,112,107,"{""sim_day"": 112.0, ""doy"": 217.0, ""topwt"": 3762.685852050781, ""grnwt"": 853.3146667480469, ""xlai"": 0.3682214617729187, ""totir"": 0.0, ""tofer"": NaN, ""swfac"": 0.0, ""nstres"": 0.3386328220367431}",0.0,0.3386328220367431,3762.685852050781,853.3146667480469,0.3682214617729187,0.0,,0.0,0.0,0.0,0.0,24.15880737304688,24.15880737304688,Leave_One_experiments/all_year_offline_schedule_search/daily_outputs/SYA/SYA_2020_SYA2020_stress_grid_S0001_daily.csv
SYA,SYA,Shenyang,2020,Leave_One_experiments\wth_generated_qc\SYA\SYA2020.WTH,normal_year;water_stress_year;nitrogen_stress_year,water_stress,SYA2020_stress_grid_S0001,low_input_within_10pct_yield,2020-08-05,218,113,108,"{""sim_day"": 113.0, ""doy"": 218.0, ""topwt"": 3842.3736572265625, ""grnwt"": 929.0731811523438, ""xlai"": 0.3567796349525451, ""totir"": 0.0, ""tofer"": NaN, ""swfac"": 0.0, ""nstres"": 0.345758855342865}",0.0,0.345758855342865,3842.3736572265625,929.0731811523438,0.3567796349525451,0.0,,0.0,0.0,0.0,0.0,24.15880737304688,24.15880737304688,Leave_One_experiments/all_year_offline_schedule_search/daily_outputs/SYA/SYA_2020_SYA2020_stress_grid_S0001_daily.csv
SYA,SYA,Shenyang,2020,Leave_One_experiments\wth_generated_qc\SYA\SYA2020.WTH,normal_year;water_stress_year;nitrogen_stress_year,water_stress,SYA2020_stress_grid_S0001,low_input_within_10pct_yield,2020-08-06,219,114,109,"{""sim_day"": 114.0, ""doy"": 219.0, ""topwt"": 3920.9536743164062, ""grnwt"": 1004.8316192626952, ""xlai"": 0.3456244170665741, ""totir"": 0.0, ""tofer"": NaN, ""swfac"": 0.0, ""nstres"": 0.3503915071487427}",0.0,0.3503915071487427,3920.9536743164062,1004.8316192626952,0.3456244170665741,0.0,,0.0,0.0,0.0,0.0,24.15880737304688,24.15880737304688,Leave_One_experiments/all_year_offline_schedule_search/daily_outputs/SYA/SYA_2020_SYA2020_stress_grid_S0001_daily.csv
SYA,SYA,Shenyang,2020,Leave_One_experiments\wth_generated_qc\SYA\SYA2020.WTH,normal_year;water_stress_year;nitrogen_stress_year,water_stress,SYA2020_stress_grid_S0001,low_input_within_10pct_yield,2020-08-07,220,115,110,"{""sim_day"": 115.0, ""doy"": 220.0, ""topwt"": 3989.9630737304688, ""grnwt"": 1080.5900573730469, ""xlai"": 0.3346600830554962, ""totir"": 0.0, ""tofer"": NaN, ""swfac"": 0.0, ""nstres"": 0.3613559603691101}",0.0,0.3613559603691101,3989.9630737304688,1080.5900573730469,0.3346600830554962,0.0,,0.0,0.0,0.0,0.0,24.15880737304688,24.15880737304688,Leave_One_experiments/all_year_offline_schedule_search/daily_outputs/SYA/SYA_2020_SYA2020_stress_grid_S0001_daily.csv
SYA,SYA,Shenyang,2020,Leave_One_experiments\wth_generated_qc\SYA\SYA2020.WTH,normal_year;water_stress_year;nitrogen_stress_year,water_stress,SYA2020_stress_grid_S0001,low_input_within_10pct_yield,2020-08-08,221,116,111,"{""sim_day"": 116.0, ""doy"": 221.0, ""topwt"": 4016.196594238281, ""grnwt"": 1156.3484954833984, ""xlai"": 0.3239230513572693, ""totir"": 0.0, ""tofer"": NaN, ""swfac"": 0.0, ""nstres"": 0.3700027465820312}",0.0,0.3700027465820312,4016.196594238281,1156.3484954833984,0.3239230513572693,0.0,,0.0,0.0,0.0,0.0,24.15880737304688,24.15880737304688,Leave_One_experiments/all_year_offline_schedule_search/daily_outputs/SYA/SYA_2020_SYA2020_stress_grid_S0001_daily.csv
SYA,SYA,Shenyang,2020,Leave_One_experiments\wth_generated_qc\SYA\SYA2020.WTH,normal_year;water_stress_year;nitrogen_stress_year,water_stress,SYA2020_stress_grid_S0001,low_input_within_10pct_yield,2020-08-09,222,117,112,"{""sim_day"": 117.0, ""doy"": 222.0, ""topwt"": 4069.533081054688, ""grnwt"": 1225.9516143798828, ""xlai"": 0.3135459721088409, ""totir"": 0.0, ""tofer"": NaN, ""swfac"": 0.0, ""nstres"": 0.3688557744026184}",0.0,0.3688557744026184,4069.533081054688,1225.9516143798828,0.3135459721088409,0.0,,0.0,0.0,0.0,0.0,24.15880737304688,24.15880737304688,Leave_One_experiments/all_year_offline_schedule_search/daily_outputs/SYA/SYA_2020_SYA2020_stress_grid_S0001_daily.csv
SYA,SYA,Shenyang,2020,Leave_One_experiments\wth_generated_qc\SYA\SYA2020.WTH,normal_year;water_stress_year;nitrogen_stress_year,water_stress,SYA2020_stress_grid_S0001,low_input_within_10pct_yield,2020-08-10,223,118,113,"{""sim_day"": 118.0, ""doy"": 223.0, ""topwt"": 4134.093322753906, ""grnwt"": 1301.7100524902344, ""xlai"": 0.3037644624710083, ""totir"": 0.0, ""tofer"": NaN, ""swfac"": 0.0, ""nstres"": 0.3487131595611572}",0.0,0.3487131595611572,4134.093322753906,1301.7100524902344,0.3037644624710083,0.0,,0.0,0.0,0.0,0.0,24.15880737304688,24.15880737304688,Leave_One_experiments/all_year_offline_schedule_search/daily_outputs/SYA/SYA_2020_SYA2020_stress_grid_S0001_daily.csv
SYA,SYA,Shenyang,2020,Leave_One_experiments\wth_generated_qc\SYA\SYA2020.WTH,normal_year;water_stress_year;nitrogen_stress_year,water_stress,SYA2020_stress_grid_S0001,low_input_within_10pct_yield,2020-08-11,224,119,114,"{""sim_day"": 119.0, ""doy"": 224.0, ""topwt"": 4173.7969970703125, ""grnwt"": 1363.2638549804688, ""xlai"": 0.2943230271339416, ""totir"": 0.0, ""tofer"": NaN, ""swfac"": 0.0, ""nstres"": 0.3459552526473999}",0.0,0.3459552526473999,4173.7969970703125,1363.2638549804688,0.2943230271339416,0.0,,0.0,0.0,0.0,0.0,24.15880737304688,24.15880737304688,Leave_One_experiments/all_year_offline_schedule_search/daily_outputs/SYA/SYA_2020_SYA2020_stress_grid_S0001_daily.csv
SYA,SYA,Shenyang,2020,Leave_One_experiments\wth_generated_qc\SYA\SYA2020.WTH,normal_year;water_stress_year;nitrogen_stress_year,water_stress,SYA2020_stress_grid_S0001,low_input_within_10pct_yield,2020-08-12,225,120,115,"{""sim_day"": 120.0, ""doy"": 225.0, ""topwt"": 4179.7686767578125, ""grnwt"": 1439.0223693847656, ""xlai"": 0.2852211892604828, ""totir"": 0.0, ""tofer"": NaN, ""swfac"": 0.0, ""nstres"": 0.3421903848648071}",0.0,0.3421903848648071,4179.7686767578125,1439.0223693847656,0.2852211892604828,0.0,,0.0,0.0,0.0,0.0,24.15880737304688,24.15880737304688,Leave_One_experiments/all_year_offline_schedule_search/daily_outputs/SYA/SYA_2020_SYA2020_stress_grid_S0001_daily.csv
SYA,SYA,Shenyang,2020,Leave_One_experiments\wth_generated_qc\SYA\SYA2020.WTH,normal_year;water_stress_year;nitrogen_stress_year,water_stress,SYA2020_stress_grid_S0001,low_input_within_10pct_yield,2020-08-13,226,121,116,"{""sim_day"": 121.0, ""doy"": 226.0, ""topwt"": 4245.4095458984375, ""grnwt"": 1503.4170532226562, ""xlai"": 0.2764458954334259, ""totir"": 0.0, ""tofer"": NaN, ""swfac"": 0.0, ""nstres"": 0.3383983969688415}",0.0,0.3383983969688415,4245.4095458984375,1503.4170532226562,0.2764458954334259,0.0,,0.0,0.0,0.0,0.0,24.15880737304688,24.15880737304688,Leave_One_experiments/all_year_offline_schedule_search/daily_outputs/SYA/SYA_2020_SYA2020_stress_grid_S0001_daily.csv
SYA,SYA,Shenyang,2020,Leave_One_experiments\wth_generated_qc\SYA\SYA2020.WTH,normal_year;water_stress_year;nitrogen_stress_year,water_stress,SYA2020_stress_grid_S0001,low_input_within_10pct_yield,2020-08-14,227,122,117,"{""sim_day"": 122.0, ""doy"": 227.0, ""topwt"": 4272.498474121094, ""grnwt"": 1579.1754150390625, ""xlai"": 0.2682402431964874, ""totir"": 0.0, ""tofer"": NaN, ""swfac"": 0.0, ""nstres"": 0.3123828172683716}",0.0,0.3123828172683716,4272.498474121094,1579.1754150390625,0.2682402431964874,0.0,,0.0,0.0,0.0,0.0,24.15880737304688,24.15880737304688,Leave_One_experiments/all_year_offline_schedule_search/daily_outputs/SYA/SYA_2020_SYA2020_stress_grid_S0001_daily.csv
SYA,SYA,Shenyang,2020,Leave_One_experiments\wth_generated_qc\SYA\SYA2020.WTH,normal_year;water_stress_year;nitrogen_stress_year,water_stress,SYA2020_stress_grid_S0001,low_input_within_10pct_yield,2020-08-15,228,123,118,"{""sim_day"": 123.0, ""doy"": 228.0, ""topwt"": 4323.110961914063, ""grnwt"": 1654.9339294433594, ""xlai"": 0.260044515132904, ""totir"": 0.0, ""tofer"": NaN, ""swfac"": 0.0, ""nstres"": 0.3332898616790771}",0.0,0.3332898616790771,4323.110961914063,1654.9339294433594,0.260044515132904,0.0,,0.0,0.0,0.0,0.0,24.15880737304688,24.15880737304688,Leave_One_experiments/all_year_offline_schedule_search/daily_outputs/SYA/SYA_2020_SYA2020_stress_grid_S0001_daily.csv
SYA,SYA,Shenyang,2020,Leave_One_experiments\wth_generated_qc\SYA\SYA2020.WTH,normal_year;water_stress_year;nitrogen_stress_year,water_stress,SYA2020_stress_grid_S0001,low_input_within_10pct_yield,2020-08-16,229,124,119,"{""sim_day"": 124.0, ""doy"": 229.0, ""topwt"": 4354.140319824219, ""grnwt"": 1728.798370361328, ""xlai"": 0.252163827419281, ""totir"": 0.0, ""tofer"": NaN, ""swfac"": 0.0, ""nstres"": 0.3273259997367859}",0.0,0.3273259997367859,4354.140319824219,1728.798370361328,0.252163827419281,0.0,,0.0,0.0,0.0,0.0,24.15880737304688,24.15880737304688,Leave_One_experiments/all_year_offline_schedule_search/daily_outputs/SYA/SYA_2020_SYA2020_stress_grid_S0001_daily.csv
SYA,SYA,Shenyang,2020,Leave_One_experiments\wth_generated_qc\SYA\SYA2020.WTH,normal_year;water_stress_year;nitrogen_stress_year,water_stress,SYA2020_stress_grid_S0001,low_input_within_10pct_yield,2020-08-17,230,125,120,"{""sim_day"": 125.0, ""doy"": 230.0, ""topwt"": 4380.05859375, ""grnwt"": 1800.2952575683594, ""xlai"": 0.2444811165332794, ""totir"": 0.0, ""tofer"": NaN, ""swfac"": 0.0, ""nstres"": 0.3312125205993652}",0.0,0.3312125205993652,4380.05859375,1800.2952575683594,0.2444811165332794,0.0,,0.0,0.0,0.0,0.0,24.15880737304688,24.15880737304688,Leave_One_experiments/all_year_offline_schedule_search/daily_outputs/SYA/SYA_2020_SYA2020_stress_grid_S0001_daily.csv
SYA,SYA,Shenyang,2020,Leave_One_experiments\wth_generated_qc\SYA\SYA2020.WTH,normal_year;water_stress_year;nitrogen_stress_year,water_stress,SYA2020_stress_grid_S0001,low_input_within_10pct_yield,2020-08-18,231,126,121,"{""sim_day"": 126.0, ""doy"": 231.0, ""topwt"": 4389.7589111328125, ""grnwt"": 1876.053771972656, ""xlai"": 0.2371285408735275, ""totir"": 0.0, ""tofer"": NaN, ""swfac"": 0.0, ""nstres"": 0.3217783570289612}",0.0,0.3217783570289612,4389.7589111328125,1876.053771972656,0.2371285408735275,0.0,,0.0,0.0,0.0,0.0,24.15880737304688,24.15880737304688,Leave_One_experiments/all_year_offline_schedule_search/daily_outputs/SYA/SYA_2020_SYA2020_stress_grid_S0001_daily.csv
SYA,SYA,Shenyang,2020,Leave_One_experiments\wth_generated_qc\SYA\SYA2020.WTH,normal_year;water_stress_year;nitrogen_stress_year,water_stress,SYA2020_stress_grid_S0001,low_input_within_10pct_yield,2020-08-19,232,127,122,"{""sim_day"": 127.0, ""doy"": 232.0, ""topwt"": 4420.4632568359375, ""grnwt"": 1951.8121337890625, ""xlai"": 0.2299698144197464, ""totir"": 0.0, ""tofer"": NaN, ""swfac"": 0.0, ""nstres"": 0.324535608291626}",0.0,0.324535608291626,4420.4632568359375,1951.8121337890625,0.2299698144197464,0.0,,0.0,0.0,0.0,0.0,24.15880737304688,24.15880737304688,Leave_One_experiments/all_year_offline_schedule_search/daily_outputs/SYA/SYA_2020_SYA2020_stress_grid_S0001_daily.csv
SYA,SYA,Shenyang,2020,Leave_One_experiments\wth_generated_qc\SYA\SYA2020.WTH,normal_year;water_stress_year;nitrogen_stress_year,water_stress,SYA2020_stress_grid_S0001,low_input_within_10pct_yield,2020-08-20,233,128,123,"{""sim_day"": 128.0, ""doy"": 233.0, ""topwt"": 4468.849792480469, ""grnwt"": 2027.5706481933596, ""xlai"": 0.2230630367994308, ""totir"": 0.0, ""tofer"": NaN, ""swfac"": 0.0, ""nstres"": 0.3208028078079223}",0.0,0.3208028078079223,4468.849792480469,2027.5706481933596,0.2230630367994308,0.0,,0.0,0.0,0.0,0.0,24.15880737304688,24.15880737304688,Leave_One_experiments/all_year_offline_schedule_search/daily_outputs/SYA/SYA_2020_SYA2020_stress_grid_S0001_daily.csv
SYA,SYA,Shenyang,2020,Leave_One_experiments\wth_generated_qc\SYA\SYA2020.WTH,normal_year;water_stress_year;nitrogen_stress_year,water_stress,SYA2020_stress_grid_S0001,low_input_within_10pct_yield,2020-08-21,234,129,124,"{""sim_day"": 129.0, ""doy"": 234.0, ""topwt"": 4508.43994140625, ""grnwt"": 2103.3290100097656, ""xlai"": 0.2162532359361648, ""totir"": 0.0, ""tofer"": NaN, ""swfac"": 0.0, ""nstres"": 0.3326892256736755}",0.0,0.3326892256736755,4508.43994140625,2103.3290100097656,0.2162532359361648,0.0,,0.0,0.0,0.0,0.0,24.15880737304688,24.15880737304688,Leave_One_experiments/all_year_offline_schedule_search/daily_outputs/SYA/SYA_2020_SYA2020_stress_grid_S0001_daily.csv
SYA,SYA,Shenyang,2020,Leave_One_experiments\wth_generated_qc\SYA\SYA2020.WTH,normal_year;water_stress_year;nitrogen_stress_year,water_stress,SYA2020_stress_grid_S0001,low_input_within_10pct_yield,2020-08-22,235,130,125,"{""sim_day"": 130.0, ""doy"": 235.0, ""topwt"": 4548.801574707031, ""grnwt"": 2179.0875244140625, ""xlai"": 0.2094731926918029, ""totir"": 0.0, ""tofer"": NaN, ""swfac"": 0.0, ""nstres"": 0.3524572253227234}",0.0,0.3524572253227234,4548.801574707031,2179.0875244140625,0.2094731926918029,0.0,,0.0,0.0,0.0,0.0,24.15880737304688,24.15880737304688,Leave_One_experiments/all_year_offline_schedule_search/daily_outputs/SYA/SYA_2020_SYA2020_stress_grid_S0001_daily.csv
SYA,SYA,Shenyang,2020,Leave_One_experiments\wth_generated_qc\SYA\SYA2020.WTH,normal_year;water_stress_year;nitrogen_stress_year,water_stress,SYA2020_stress_grid_S0001,low_input_within_10pct_yield,2020-08-23,236,131,126,"{""sim_day"": 131.0, ""doy"": 236.0, ""topwt"": 4552.857971191406, ""grnwt"": 2254.8460388183594, ""xlai"": 0.2028253823518753, ""totir"": 0.0, ""tofer"": NaN, ""swfac"": 0.0, ""nstres"": 0.3616604804992676}",0.0,0.3616604804992676,4552.857971191406,2254.8460388183594,0.2028253823518753,0.0,,0.0,0.0,0.0,0.0,24.15880737304688,24.15880737304688,Leave_One_experiments/all_year_offline_schedule_search/daily_outputs/SYA/SYA_2020_SYA2020_stress_grid_S0001_daily.csv
SYA,SYA,Shenyang,2020,Leave_One_experiments\wth_generated_qc\SYA\SYA2020.WTH,normal_year;water_stress_year;nitrogen_stress_year,water_stress,SYA2020_stress_grid_S0001,low_input_within_10pct_yield,2020-08-24,237,132,127,"{""sim_day"": 132.0, ""doy"": 237.0, ""topwt"": 4583.657836914063, ""grnwt"": 2330.6044006347656, ""xlai"": 0.1963010132312774, ""totir"": 0.0, ""tofer"": NaN, ""swfac"": 0.0, ""nstres"": 0.3720157742500305}",0.0,0.3720157742500305,4583.657836914063,2330.6044006347656,0.1963010132312774,0.0,,0.0,0.0,0.0,0.0,24.15880737304688,24.15880737304688,Leave_One_experiments/all_year_offline_schedule_search/daily_outputs/SYA/SYA_2020_SYA2020_stress_grid_S0001_daily.csv
SYA,SYA,Shenyang,2020,Leave_One_experiments\wth_generated_qc\SYA\SYA2020.WTH,normal_year;water_stress_year;nitrogen_stress_year,water_stress,SYA2020_stress_grid_S0001,low_input_within_10pct_yield,2020-08-25,238,133,128,"{""sim_day"": 133.0, ""doy"": 238.0, ""topwt"": 4601.122741699219, ""grnwt"": 2406.3629150390625, ""xlai"": 0.1900920420885086, ""totir"": 0.0, ""tofer"": NaN, ""swfac"": 0.0, ""nstres"": 0.3591232299804687}",0.0,0.3591232299804687,4601.122741699219,2406.3629150390625,0.1900920420885086,0.0,,0.0,0.0,0.0,0.0,24.15880737304688,24.15880737304688,Leave_One_experiments/all_year_offline_schedule_search/daily_outputs/SYA/SYA_2020_SYA2020_stress_grid_S0001_daily.csv
SYA,SYA,Shenyang,2020,Leave_One_experiments\wth_generated_qc\SYA\SYA2020.WTH,normal_year;water_stress_year;nitrogen_stress_year,water_stress,SYA2020_stress_grid_S0001,low_input_within_10pct_yield,2020-08-26,239,134,129,"{""sim_day"": 134.0, ""doy"": 239.0, ""topwt"": 4609.445495605469, ""grnwt"": 2415.8807373046875, ""xlai"": 0.1839606016874313, ""totir"": 0.0, ""tofer"": NaN, ""swfac"": 0.0, ""nstres"": 0.3741171956062317}",0.0,0.3741171956062317,4609.445495605469,2415.8807373046875,0.1839606016874313,0.0,,0.0,0.0,0.0,0.0,24.15880737304688,24.15880737304688,Leave_One_experiments/all_year_offline_schedule_search/daily_outputs/SYA/SYA_2020_SYA2020_stress_grid_S0001_daily.csv
SYA,SYA,Shenyang,2020,Leave_One_experiments\wth_generated_qc\SYA\SYA2020.WTH,normal_year;water_stress_year;nitrogen_stress_year,water_stress,SYA2020_stress_grid_S0001,low_input_within_10pct_yield,2020-08-27,240,135,130,"{""sim_day"": 135.0, ""doy"": 240.0, ""topwt"": 4609.445495605469, ""grnwt"": 2415.8807373046875, ""xlai"": 0.1839606016874313, ""totir"": 0.0, ""tofer"": NaN, ""swfac"": 0.0, ""nstres"": 0.2881153225898742}",0.0,0.2881153225898742,4609.445495605469,2415.8807373046875,0.1839606016874313,0.0,,0.0,0.0,0.0,0.0,24.15880737304688,24.15880737304688,Leave_One_experiments/all_year_offline_schedule_search/daily_outputs/SYA/SYA_2020_SYA2020_stress_grid_S0001_daily.csv
SYA,SYA,Shenyang,2020,Leave_One_experiments\wth_generated_qc\SYA\SYA2020.WTH,normal_year;water_stress_year;nitrogen_stress_year,water_stress,SYA2020_stress_grid_S0001,low_input_within_10pct_yield,2020-08-28,241,136,131,"{""sim_day"": 136.0, ""doy"": 241.0, ""topwt"": 4609.445495605469, ""grnwt"": 2415.8807373046875, ""xlai"": 0.1839606016874313, ""totir"": 0.0, ""tofer"": NaN, ""swfac"": 0.0, ""nstres"": 0.2881153225898742}",0.0,0.2881153225898742,4609.445495605469,2415.8807373046875,0.1839606016874313,0.0,,0.0,0.0,0.0,0.0,24.15880737304688,24.15880737304688,Leave_One_experiments/all_year_offline_schedule_search/daily_outputs/SYA/SYA_2020_SYA2020_stress_grid_S0001_daily.csv
SYA,SYA,Shenyang,2020,Leave_One_experiments\wth_generated_qc\SYA\SYA2020.WTH,normal_year;water_stress_year;nitrogen_stress_year,water_stress,SYA2020_stress_grid_S0001,low_input_within_10pct_yield,2020-08-29,242,137,132,"{""sim_day"": 137.0, ""doy"": 242.0, ""topwt"": 4609.445495605469, ""grnwt"": 2415.8807373046875, ""xlai"": 0.1839606016874313, ""totir"": 0.0, ""tofer"": NaN, ""swfac"": 0.0, ""nstres"": 0.2881153225898742}",0.0,0.2881153225898742,4609.445495605469,2415.8807373046875,0.1839606016874313,0.0,,0.0,0.0,0.0,0.0,24.15880737304688,24.15880737304688,Leave_One_experiments/all_year_offline_schedule_search/daily_outputs/SYA/SYA_2020_SYA2020_stress_grid_S0001_daily.csv
SYA,SYA,Shenyang,2020,Leave_One_experiments\wth_generated_qc\SYA\SYA2020.WTH,normal_year;water_stress_year;nitrogen_stress_year,water_stress,SYA2020_stress_grid_S0001,low_input_within_10pct_yield,2020-08-30,243,138,133,"{""sim_day"": 138.0, ""doy"": 243.0, ""topwt"": 4609.445495605469, ""grnwt"": 2415.8807373046875, ""xlai"": 0.1839606016874313, ""totir"": 0.0, ""tofer"": NaN, ""swfac"": 0.0, ""nstres"": 0.2881153225898742}",0.0,0.2881153225898742,4609.445495605469,2415.8807373046875,0.1839606016874313,0.0,,0.0,0.0,0.0,0.0,24.15880737304688,24.15880737304688,Leave_One_experiments/all_year_offline_schedule_search/daily_outputs/SYA/SYA_2020_SYA2020_stress_grid_S0001_daily.csv
SYA,SYA,Shenyang,2020,Leave_One_experiments\wth_generated_qc\SYA\SYA2020.WTH,normal_year;water_stress_year;nitrogen_stress_year,water_stress,SYA2020_stress_grid_S0013,pareto_balanced,2020-04-20,111,1,1,"{""sim_day"": 1.0, ""doy"": 111.0, ""topwt"": 0.0, ""grnwt"": 0.0, ""xlai"": 0.0, ""totir"": 0.0, ""tofer"": NaN, ""swfac"": 0.0, ""nstres"": 0.0}",0.0,0.0,0.0,0.0,0.0,0.0,,0.0,0.0,40.0,0.0,6.073077392578124,22.073077392578124,Leave_One_experiments/all_year_offline_schedule_search/daily_outputs/SYA/SYA_2020_SYA2020_stress_grid_S0013_daily.csv
SYA,SYA,Shenyang,2020,Leave_One_experiments\wth_generated_qc\SYA\SYA2020.WTH,normal_year;water_stress_year;nitrogen_stress_year,water_stress,SYA2020_stress_grid_S0013,pareto_balanced,2020-04-21,112,2,2,"{""sim_day"": 2.0, ""doy"": 112.0, ""topwt"": 0.0, ""grnwt"": 0.0, ""xlai"": 0.0, ""totir"": 0.0, ""tofer"": NaN, ""swfac"": 0.0, ""nstres"": 0.0}",0.0,0.0,0.0,0.0,0.0,0.0,,0.0,0.0,40.0,0.0,6.073077392578124,22.073077392578124,Leave_One_experiments/all_year_offline_schedule_search/daily_outputs/SYA/SYA_2020_SYA2020_stress_grid_S0013_daily.csv
SYA,SYA,Shenyang,2020,Leave_One_experiments\wth_generated_qc\SYA\SYA2020.WTH,normal_year;water_stress_year;nitrogen_stress_year,water_stress,SYA2020_stress_grid_S0013,pareto_balanced,2020-04-22,113,3,3,"{""sim_day"": 3.0, ""doy"": 113.0, ""topwt"": 0.0, ""grnwt"": 0.0, ""xlai"": 0.0, ""totir"": 0.0, ""tofer"": NaN, ""swfac"": 0.0, ""nstres"": 0.0}",0.0,0.0,0.0,0.0,0.0,0.0,,0.0,0.0,40.0,0.0,6.073077392578124,22.073077392578124,Leave_One_experiments/all_year_offline_schedule_search/daily_outputs/SYA/SYA_2020_SYA2020_stress_grid_S0013_daily.csv
SYA,SYA,Shenyang,2020,Leave_One_experiments\wth_generated_qc\SYA\SYA2020.WTH,normal_year;water_stress_year;nitrogen_stress_year,water_stress,SYA2020_stress_grid_S0013,pareto_balanced,2020-04-23,114,4,4,"{""sim_day"": 4.0, ""doy"": 114.0, ""topwt"": 0.0, ""grnwt"": 0.0, ""xlai"": 0.0, ""totir"": 0.0, ""tofer"": NaN, ""swfac"": 0.0, ""nstres"": 0.0}",0.0,0.0,0.0,0.0,0.0,0.0,,0.0,0.0,40.0,0.0,6.073077392578124,22.073077392578124,Leave_One_experiments/all_year_offline_schedule_search/daily_outputs/SYA/SYA_2020_SYA2020_stress_grid_S0013_daily.csv
SYA,SYA,Shenyang,2020,Leave_One_experiments\wth_generated_qc\SYA\SYA2020.WTH,normal_year;water_stress_year;nitrogen_stress_year,water_stress,SYA2020_stress_grid_S0013,pareto_balanced,2020-04-24,115,5,5,"{""sim_day"": 5.0, ""doy"": 115.0, ""topwt"": 0.0, ""grnwt"": 0.0, ""xlai"": 0.0, ""totir"": 0.0, ""tofer"": NaN, ""swfac"": 0.0, ""nstres"": 0.0}",0.0,0.0,0.0,0.0,0.0,0.0,,0.0,0.0,40.0,0.0,6.073077392578124,22.073077392578124,Leave_One_experiments/all_year_offline_schedule_search/daily_outputs/SYA/SYA_2020_SYA2020_stress_grid_S0013_daily.csv
SYA,SYA,Shenyang,2020,Leave_One_experiments\wth_generated_qc\SYA\SYA2020.WTH,normal_year;water_stress_year;nitrogen_stress_year,water_stress,SYA2020_stress_grid_S0013,pareto_balanced,2020-04-20,111,6,1,"{""sim_day"": 6.0, ""doy"": 111.0, ""topwt"": 0.0, ""grnwt"": 0.0, ""xlai"": 0.0, ""totir"": 0.0, ""tofer"": NaN, ""swfac"": 0.0, ""nstres"": 0.0}",0.0,0.0,0.0,0.0,0.0,0.0,,0.0,0.0,40.0,0.0,6.073077392578124,22.073077392578124,Leave_One_experiments/all_year_offline_schedule_search/daily_outputs/SYA/SYA_2020_SYA2020_stress_grid_S0013_daily.csv
SYA,SYA,Shenyang,2020,Leave_One_experiments\wth_generated_qc\SYA\SYA2020.WTH,normal_year;water_stress_year;nitrogen_stress_year,water_stress,SYA2020_stress_grid_S0013,pareto_balanced,2020-04-21,112,7,2,"{""sim_day"": 7.0, ""doy"": 112.0, ""topwt"": 0.0, ""grnwt"": 0.0, ""xlai"": 0.0, ""totir"": 0.0, ""tofer"": NaN, ""swfac"": 0.0, ""nstres"": 0.0}",0.0,0.0,0.0,0.0,0.0,0.0,,0.0,0.0,40.0,0.0,6.073077392578124,22.073077392578124,Leave_One_experiments/all_year_offline_schedule_search/daily_outputs/SYA/SYA_2020_SYA2020_stress_grid_S0013_daily.csv
SYA,SYA,Shenyang,2020,Leave_One_experiments\wth_generated_qc\SYA\SYA2020.WTH,normal_year;water_stress_year;nitrogen_stress_year,water_stress,SYA2020_stress_grid_S0013,pareto_balanced,2020-04-22,113,8,3,"{""sim_day"": 8.0, ""doy"": 113.0, ""topwt"": 0.0, ""grnwt"": 0.0, ""xlai"": 0.0, ""totir"": 0.0, ""tofer"": NaN, ""swfac"": 0.0, ""nstres"": 0.0}",0.0,0.0,0.0,0.0,0.0,0.0,,0.0,0.0,40.0,0.0,6.073077392578124,22.073077392578124,Leave_One_experiments/all_year_offline_schedule_search/daily_outputs/SYA/SYA_2020_SYA2020_stress_grid_S0013_daily.csv
SYA,SYA,Shenyang,2020,Leave_One_experiments\wth_generated_qc\SYA\SYA2020.WTH,normal_year;water_stress_year;nitrogen_stress_year,water_stress,SYA2020_stress_grid_S0013,pareto_balanced,2020-04-23,114,9,4,"{""sim_day"": 9.0, ""doy"": 114.0, ""topwt"": 0.0, ""grnwt"": 0.0, ""xlai"": 0.0, ""totir"": 0.0, ""tofer"": NaN, ""swfac"": 0.0, ""nstres"": 0.0}",0.0,0.0,0.0,0.0,0.0,0.0,,0.0,0.0,40.0,0.0,6.073077392578124,22.073077392578124,Leave_One_experiments/all_year_offline_schedule_search/daily_outputs/SYA/SYA_2020_SYA2020_stress_grid_S0013_daily.csv
SYA,SYA,Shenyang,2020,Leave_One_experiments\wth_generated_qc\SYA\SYA2020.WTH,normal_year;water_stress_year;nitrogen_stress_year,water_stress,SYA2020_stress_grid_S0013,pareto_balanced,2020-04-24,115,10,5,"{""sim_day"": 10.0, ""doy"": 115.0, ""topwt"": 0.0, ""grnwt"": 0.0, ""xlai"": 0.0, ""totir"": 0.0, ""tofer"": NaN, ""swfac"": 0.0, ""nstres"": 0.0}",0.0,0.0,0.0,0.0,0.0,0.0,,0.0,0.0,40.0,0.0,6.073077392578124,22.073077392578124,Leave_One_experiments/all_year_offline_schedule_search/daily_outputs/SYA/SYA_2020_SYA2020_stress_grid_S0013_daily.csv
SYA,SYA,Shenyang,2020,Leave_One_experiments\wth_generated_qc\SYA\SYA2020.WTH,normal_year;water_stress_year;nitrogen_stress_year,water_stress,SYA2020_stress_grid_S0013,pareto_balanced,2020-04-25,116,11,6,"{""sim_day"": 11.0, ""doy"": 116.0, ""topwt"": 0.0, ""grnwt"": 0.0, ""xlai"": 0.0, ""totir"": 0.0, ""tofer"": NaN, ""swfac"": 0.0, ""nstres"": 0.0}",0.0,0.0,0.0,0.0,0.0,0.0,,0.0,0.0,40.0,0.0,6.073077392578124,22.073077392578124,Leave_One_experiments/all_year_offline_schedule_search/daily_outputs/SYA/SYA_2020_SYA2020_stress_grid_S0013_daily.csv
SYA,SYA,Shenyang,2020,Leave_One_experiments\wth_generated_qc\SYA\SYA2020.WTH,normal_year;water_stress_year;nitrogen_stress_year,water_stress,SYA2020_stress_grid_S0013,pareto_balanced,2020-04-26,117,12,7,"{""sim_day"": 12.0, ""doy"": 117.0, ""topwt"": 0.0, ""grnwt"": 0.0, ""xlai"": 0.0, ""totir"": 0.0, ""tofer"": NaN, ""swfac"": 0.0, ""nstres"": 0.0}",0.0,0.0,0.0,0.0,0.0,0.0,,0.0,0.0,40.0,0.0,6.073077392578124,22.073077392578124,Leave_One_experiments/all_year_offline_schedule_search/daily_outputs/SYA/SYA_2020_SYA2020_stress_grid_S0013_daily.csv
SYA,SYA,Shenyang,2020,Leave_One_experiments\wth_generated_qc\SYA\SYA2020.WTH,normal_year;water_stress_year;nitrogen_stress_year,water_stress,SYA2020_stress_grid_S0013,pareto_balanced,2020-04-27,118,13,8,"{""sim_day"": 13.0, ""doy"": 118.0, ""topwt"": 0.0, ""grnwt"": 0.0, ""xlai"": 0.0, ""totir"": 0.0, ""tofer"": NaN, ""swfac"": 0.0, ""nstres"": 0.0}",0.0,0.0,0.0,0.0,0.0,0.0,,0.0,0.0,40.0,0.0,6.073077392578124,22.073077392578124,Leave_One_experiments/all_year_offline_schedule_search/daily_outputs/SYA/SYA_2020_SYA2020_stress_grid_S0013_daily.csv
SYA,SYA,Shenyang,2020,Leave_One_experiments\wth_generated_qc\SYA\SYA2020.WTH,normal_year;water_stress_year;nitrogen_stress_year,water_stress,SYA2020_stress_grid_S0013,pareto_balanced,2020-04-28,119,14,9,"{""sim_day"": 14.0, ""doy"": 119.0, ""topwt"": 0.0, ""grnwt"": 0.0, ""xlai"": 0.0, ""totir"": 0.0, ""tofer"": NaN, ""swfac"": 0.0, ""nstres"": 0.0}",0.0,0.0,0.0,0.0,0.0,0.0,,0.0,0.0,40.0,0.0,6.073077392578124,22.073077392578124,Leave_One_experiments/all_year_offline_schedule_search/daily_outputs/SYA/SYA_2020_SYA2020_stress_grid_S0013_daily.csv
SYA,SYA,Shenyang,2020,Leave_One_experiments\wth_generated_qc\SYA\SYA2020.WTH,normal_year;water_stress_year;nitrogen_stress_year,water_stress,SYA2020_stress_grid_S0013,pareto_balanced,2020-04-29,120,15,10,"{""sim_day"": 15.0, ""doy"": 120.0, ""topwt"": 0.0, ""grnwt"": 0.0, ""xlai"": 0.0, ""totir"": 0.0, ""tofer"": NaN, ""swfac"": 0.0, ""nstres"": 0.0}",0.0,0.0,0.0,0.0,0.0,0.0,,0.0,0.0,40.0,0.0,6.073077392578124,22.073077392578124,Leave_One_experiments/all_year_offline_schedule_search/daily_outputs/SYA/SYA_2020_SYA2020_stress_grid_S0013_daily.csv
SYA,SYA,Shenyang,2020,Leave_One_experiments\wth_generated_qc\SYA\SYA2020.WTH,normal_year;water_stress_year;nitrogen_stress_year,water_stress,SYA2020_stress_grid_S0013,pareto_balanced,2020-04-30,121,16,11,"{""sim_day"": 16.0, ""doy"": 121.0, ""topwt"": 0.0, ""grnwt"": 0.0, ""xlai"": 0.0, ""totir"": 0.0, ""tofer"": NaN, ""swfac"": 0.0, ""nstres"": 0.0}",0.0,0.0,0.0,0.0,0.0,0.0,,0.0,0.0,40.0,0.0,6.073077392578124,22.073077392578124,Leave_One_experiments/all_year_offline_schedule_search/daily_outputs/SYA/SYA_2020_SYA2020_stress_grid_S0013_daily.csv
SYA,SYA,Shenyang,2020,Leave_One_experiments\wth_generated_qc\SYA\SYA2020.WTH,normal_year;water_stress_year;nitrogen_stress_year,water_stress,SYA2020_stress_grid_S0013,pareto_balanced,2020-05-01,122,17,12,"{""sim_day"": 17.0, ""doy"": 122.0, ""topwt"": 17.600001096725464, ""grnwt"": 0.0, ""xlai"": 0.0021870203781872, ""totir"": 0.0, ""tofer"": NaN, ""swfac"": 0.0, ""nstres"": 0.0121910572052001}",0.0,0.0121910572052001,17.600001096725464,0.0,0.0021870203781872,0.0,,0.0,0.0,40.0,0.0,6.073077392578124,22.073077392578124,Leave_One_experiments/all_year_offline_schedule_search/daily_outputs/SYA/SYA_2020_SYA2020_stress_grid_S0013_daily.csv
SYA,SYA,Shenyang,2020,Leave_One_experiments\wth_generated_qc\SYA\SYA2020.WTH,normal_year;water_stress_year;nitrogen_stress_year,water_stress,SYA2020_stress_grid_S0013,pareto_balanced,2020-05-02,123,18,13,"{""sim_day"": 18.0, ""doy"": 123.0, ""topwt"": 17.600001096725464, ""grnwt"": 0.0, ""xlai"": 0.0030091674998402, ""totir"": 0.0, ""tofer"": NaN, ""swfac"": 0.0, ""nstres"": 0.0161526203155517}",0.0,0.0161526203155517,17.600001096725464,0.0,0.0030091674998402,0.0,,0.0,0.0,40.0,0.0,6.073077392578124,22.073077392578124,Leave_One_experiments/all_year_offline_schedule_search/daily_outputs/SYA/SYA_2020_SYA2020_stress_grid_S0013_daily.csv
SYA,SYA,Shenyang,2020,Leave_One_experiments\wth_generated_qc\SYA\SYA2020.WTH,normal_year;water_stress_year;nitrogen_stress_year,water_stress,SYA2020_stress_grid_S0013,pareto_balanced,2020-05-03,124,19,14,"{""sim_day"": 19.0, ""doy"": 124.0, ""topwt"": 17.600001096725464, ""grnwt"": 0.0, ""xlai"": 0.003385768039152, ""totir"": 0.0, ""tofer"": NaN, ""swfac"": 0.0, ""nstres"": 0.0147467851638793}",0.0,0.0147467851638793,17.600001096725464,0.0,0.003385768039152,0.0,,0.0,0.0,40.0,0.0,6.073077392578124,22.073077392578124,Leave_One_experiments/all_year_offline_schedule_search/daily_outputs/SYA/SYA_2020_SYA2020_stress_grid_S0013_daily.csv
SYA,SYA,Shenyang,2020,Leave_One_experiments\wth_generated_qc\SYA\SYA2020.WTH,normal_year;water_stress_year;nitrogen_stress_year,water_stress,SYA2020_stress_grid_S0013,pareto_balanced,2020-05-04,125,20,15,"{""sim_day"": 20.0, ""doy"": 125.0, ""topwt"": 17.600001096725464, ""grnwt"": 0.0, ""xlai"": 0.0043822126463055, ""totir"": 0.0, ""tofer"": NaN, ""swfac"": 0.0, ""nstres"": 0.0115571022033691}",0.0,0.0115571022033691,17.600001096725464,0.0,0.0043822126463055,0.0,,0.0,0.0,40.0,0.0,6.073077392578124,22.073077392578124,Leave_One_experiments/all_year_offline_schedule_search/daily_outputs/SYA/SYA_2020_SYA2020_stress_grid_S0013_daily.csv
SYA,SYA,Shenyang,2020,Leave_One_experiments\wth_generated_qc\SYA\SYA2020.WTH,normal_year;water_stress_year;nitrogen_stress_year,water_stress,SYA2020_stress_grid_S0013,pareto_balanced,2020-05-05,126,21,16,"{""sim_day"": 21.0, ""doy"": 126.0, ""topwt"": 17.600001096725464, ""grnwt"": 0.0, ""xlai"": 0.0059235338121652, ""totir"": 0.0, ""tofer"": NaN, ""swfac"": 0.0, ""nstres"": 0.0074220895767211}",0.0,0.0074220895767211,17.600001096725464,0.0,0.0059235338121652,0.0,,0.0,0.0,40.0,0.0,6.073077392578124,22.073077392578124,Leave_One_experiments/all_year_offline_schedule_search/daily_outputs/SYA/SYA_2020_SYA2020_stress_grid_S0013_daily.csv
SYA,SYA,Shenyang,2020,Leave_One_experiments\wth_generated_qc\SYA\SYA2020.WTH,normal_year;water_stress_year;nitrogen_stress_year,water_stress,SYA2020_stress_grid_S0013,pareto_balanced,2020-05-06,127,22,17,"{""sim_day"": 22.0, ""doy"": 127.0, ""topwt"": 17.600001096725464, ""grnwt"": 0.0, ""xlai"": 0.0073962612077593, ""totir"": 0.0, ""tofer"": NaN, ""swfac"": 0.0, ""nstres"": 0.0036863088607788}",0.0,0.0036863088607788,17.600001096725464,0.0,0.0073962612077593,0.0,,0.0,0.0,40.0,0.0,6.073077392578124,22.073077392578124,Leave_One_experiments/all_year_offline_schedule_search/daily_outputs/SYA/SYA_2020_SYA2020_stress_grid_S0013_daily.csv
SYA,SYA,Shenyang,2020,Leave_One_experiments\wth_generated_qc\SYA\SYA2020.WTH,normal_year;water_stress_year;nitrogen_stress_year,water_stress,SYA2020_stress_grid_S0013,pareto_balanced,2020-05-07,128,23,18,"{""sim_day"": 23.0, ""doy"": 128.0, ""topwt"": 17.600001096725464, ""grnwt"": 0.0, ""xlai"": 0.0084913438186049, ""totir"": 0.0, ""tofer"": NaN, ""swfac"": 0.0, ""nstres"": 0.0009922981262207}",0.0,0.0009922981262207,17.600001096725464,0.0,0.0084913438186049,0.0,,0.0,0.0,40.0,0.0,6.073077392578124,22.073077392578124,Leave_One_experiments/all_year_offline_schedule_search/daily_outputs/SYA/SYA_2020_SYA2020_stress_grid_S0013_daily.csv
SYA,SYA,Shenyang,2020,Leave_One_experiments\wth_generated_qc\SYA\SYA2020.WTH,normal_year;water_stress_year;nitrogen_stress_year,water_stress,SYA2020_stress_grid_S0013,pareto_balanced,2020-05-08,129,24,19,"{""sim_day"": 24.0, ""doy"": 129.0, ""topwt"": 17.600001096725464, ""grnwt"": 0.0, ""xlai"": 0.0095760561525821, ""totir"": 0.0, ""tofer"": NaN, ""swfac"": 0.0, ""nstres"": 0.0}",0.0,0.0,17.600001096725464,0.0,0.0095760561525821,0.0,,0.0,0.0,40.0,0.0,6.073077392578124,22.073077392578124,Leave_One_experiments/all_year_offline_schedule_search/daily_outputs/SYA/SYA_2020_SYA2020_stress_grid_S0013_daily.csv
SYA,SYA,Shenyang,2020,Leave_One_experiments\wth_generated_qc\SYA\SYA2020.WTH,normal_year;water_stress_year;nitrogen_stress_year,water_stress,SYA2020_stress_grid_S0013,pareto_balanced,2020-05-09,130,25,20,"{""sim_day"": 25.0, ""doy"": 130.0, ""topwt"": 17.600001096725464, ""grnwt"": 0.0, ""xlai"": 0.0116516118869185, ""totir"": 0.0, ""tofer"": NaN, ""swfac"": 0.0, ""nstres"": 0.0}",0.0,0.0,17.600001096725464,0.0,0.0116516118869185,0.0,,0.0,0.0,40.0,0.0,6.073077392578124,22.073077392578124,Leave_One_experiments/all_year_offline_schedule_search/daily_outputs/SYA/SYA_2020_SYA2020_stress_grid_S0013_daily.csv
SYA,SYA,Shenyang,2020,Leave_One_experiments\wth_generated_qc\SYA\SYA2020.WTH,normal_year;water_stress_year;nitrogen_stress_year,water_stress,SYA2020_stress_grid_S0013,pareto_balanced,2020-05-10,131,26,21,"{""sim_day"": 26.0, ""doy"": 131.0, ""topwt"": 17.600001096725464, ""grnwt"": 0.0, ""xlai"": 0.017222823575139, ""totir"": 0.0, ""tofer"": NaN, ""swfac"": 0.0, ""nstres"": 0.0}",0.0,0.0,17.600001096725464,0.0,0.017222823575139,0.0,,0.0,0.0,40.0,0.0,6.073077392578124,22.073077392578124,Leave_One_experiments/all_year_offline_schedule_search/daily_outputs/SYA/SYA_2020_SYA2020_stress_grid_S0013_daily.csv
SYA,SYA,Shenyang,2020,Leave_One_experiments\wth_generated_qc\SYA\SYA2020.WTH,normal_year;water_stress_year;nitrogen_stress_year,water_stress,SYA2020_stress_grid_S0013,pareto_balanced,2020-05-11,132,27,22,"{""sim_day"": 27.0, ""doy"": 132.0, ""topwt"": 17.600001096725464, ""grnwt"": 0.0, ""xlai"": 0.0214519798755645, ""totir"": 0.0, ""tofer"": NaN, ""swfac"": 0.0, ""nstres"": 0.0}",0.0,0.0,17.600001096725464,0.0,0.0214519798755645,0.0,,0.0,0.0,40.0,0.0,6.073077392578124,22.073077392578124,Leave_One_experiments/all_year_offline_schedule_search/daily_outputs/SYA/SYA_2020_SYA2020_stress_grid_S0013_daily.csv
SYA,SYA,Shenyang,2020,Leave_One_experiments\wth_generated_qc\SYA\SYA2020.WTH,normal_year;water_stress_year;nitrogen_stress_year,water_stress,SYA2020_stress_grid_S0013,pareto_balanced,2020-05-12,133,28,23,"{""sim_day"": 28.0, ""doy"": 133.0, ""topwt"": 17.600001096725464, ""grnwt"": 0.0, ""xlai"": 0.0299209337681531, ""totir"": 0.0, ""tofer"": NaN, ""swfac"": 0.0, ""nstres"": 0.0}",0.0,0.0,17.600001096725464,0.0,0.0299209337681531,0.0,,0.0,0.0,40.0,0.0,6.073077392578124,22.073077392578124,Leave_One_experiments/all_year_offline_schedule_search/daily_outputs/SYA/SYA_2020_SYA2020_stress_grid_S0013_daily.csv
SYA,SYA,Shenyang,2020,Leave_One_experiments\wth_generated_qc\SYA\SYA2020.WTH,normal_year;water_stress_year;nitrogen_stress_year,water_stress,SYA2020_stress_grid_S0013,pareto_balanced,2020-05-13,134,29,24,"{""sim_day"": 29.0, ""doy"": 134.0, ""topwt"": 21.776702404022217, ""grnwt"": 0.0, ""xlai"": 0.0411173664033412, ""totir"": 0.0, ""tofer"": NaN, ""swfac"": 0.0, ""nstres"": 0.0}",0.0,0.0,21.776702404022217,0.0,0.0411173664033412,0.0,,0.0,0.0,40.0,0.0,6.073077392578124,22.073077392578124,Leave_One_experiments/all_year_offline_schedule_search/daily_outputs/SYA/SYA_2020_SYA2020_stress_grid_S0013_daily.csv
SYA,SYA,Shenyang,2020,Leave_One_experiments\wth_generated_qc\SYA\SYA2020.WTH,normal_year;water_stress_year;nitrogen_stress_year,water_stress,SYA2020_stress_grid_S0013,pareto_balanced,2020-05-14,135,30,25,"{""sim_day"": 30.0, ""doy"": 135.0, ""topwt"": 24.31759357452393, ""grnwt"": 0.0, ""xlai"": 0.0474074743688106, ""totir"": 0.0, ""tofer"": NaN, ""swfac"": 0.0, ""nstres"": 0.0}",0.0,0.0,24.31759357452393,0.0,0.0474074743688106,0.0,,0.0,0.0,40.0,0.0,6.073077392578124,22.073077392578124,Leave_One_experiments/all_year_offline_schedule_search/daily_outputs/SYA/SYA_2020_SYA2020_stress_grid_S0013_daily.csv
SYA,SYA,Shenyang,2020,Leave_One_experiments\wth_generated_qc\SYA\SYA2020.WTH,normal_year;water_stress_year;nitrogen_stress_year,water_stress,SYA2020_stress_grid_S0013,pareto_balanced,2020-05-15,136,31,26,"{""sim_day"": 31.0, ""doy"": 136.0, ""topwt"": 27.455873489379883, ""grnwt"": 0.0, ""xlai"": 0.0548902936279773, ""totir"": 0.0, ""tofer"": NaN, ""swfac"": 0.0, ""nstres"": 0.0}",0.0,0.0,27.455873489379883,0.0,0.0548902936279773,0.0,,0.0,0.0,40.0,0.0,6.073077392578124,22.073077392578124,Leave_One_experiments/all_year_offline_schedule_search/daily_outputs/SYA/SYA_2020_SYA2020_stress_grid_S0013_daily.csv
SYA,SYA,Shenyang,2020,Leave_One_experiments\wth_generated_qc\SYA\SYA2020.WTH,normal_year;water_stress_year;nitrogen_stress_year,water_stress,SYA2020_stress_grid_S0013,pareto_balanced,2020-05-16,137,32,27,"{""sim_day"": 32.0, ""doy"": 137.0, ""topwt"": 31.64294004440308, ""grnwt"": 0.0, ""xlai"": 0.0644808486104011, ""totir"": 0.0, ""tofer"": NaN, ""swfac"": 0.0, ""nstres"": 0.0}",0.0,0.0,31.64294004440308,0.0,0.0644808486104011,0.0,,0.0,0.0,40.0,0.0,6.073077392578124,22.073077392578124,Leave_One_experiments/all_year_offline_schedule_search/daily_outputs/SYA/SYA_2020_SYA2020_stress_grid_S0013_daily.csv
SYA,SYA,Shenyang,2020,Leave_One_experiments\wth_generated_qc\SYA\SYA2020.WTH,normal_year;water_stress_year;nitrogen_stress_year,water_stress,SYA2020_stress_grid_S0013,pareto_balanced,2020-05-17,138,33,28,"{""sim_day"": 33.0, ""doy"": 138.0, ""topwt"": 34.7493052482605, ""grnwt"": 0.0, ""xlai"": 0.0713581815361976, ""totir"": 0.0, ""tofer"": NaN, ""swfac"": 0.0, ""nstres"": 0.0}",0.0,0.0,34.7493052482605,0.0,0.0713581815361976,0.0,,0.0,0.0,40.0,0.0,6.073077392578124,22.073077392578124,Leave_One_experiments/all_year_offline_schedule_search/daily_outputs/SYA/SYA_2020_SYA2020_stress_grid_S0013_daily.csv
SYA,SYA,Shenyang,2020,Leave_One_experiments\wth_generated_qc\SYA\SYA2020.WTH,normal_year;water_stress_year;nitrogen_stress_year,water_stress,SYA2020_stress_grid_S0013,pareto_balanced,2020-05-18,139,34,29,"{""sim_day"": 34.0, ""doy"": 139.0, ""topwt"": 36.14805459976196, ""grnwt"": 0.0, ""xlai"": 0.0743865519762039, ""totir"": 0.0, ""tofer"": NaN, ""swfac"": 0.0, ""nstres"": 0.0}",0.0,0.0,36.14805459976196,0.0,0.0743865519762039,0.0,,0.0,0.0,40.0,0.0,6.073077392578124,22.073077392578124,Leave_One_experiments/all_year_offline_schedule_search/daily_outputs/SYA/SYA_2020_SYA2020_stress_grid_S0013_daily.csv
SYA,SYA,Shenyang,2020,Leave_One_experiments\wth_generated_qc\SYA\SYA2020.WTH,normal_year;water_stress_year;nitrogen_stress_year,water_stress,SYA2020_stress_grid_S0013,pareto_balanced,2020-05-19,140,35,30,"{""sim_day"": 35.0, ""doy"": 140.0, ""topwt"": 38.8054895401001, ""grnwt"": 0.0, ""xlai"": 0.0800557136535644, ""totir"": 0.0, ""tofer"": NaN, ""swfac"": 0.0, ""nstres"": 0.0}",0.0,0.0,38.8054895401001,0.0,0.0800557136535644,0.0,,0.0,0.0,40.0,0.0,6.073077392578124,22.073077392578124,Leave_One_experiments/all_year_offline_schedule_search/daily_outputs/SYA/SYA_2020_SYA2020_stress_grid_S0013_daily.csv
SYA,SYA,Shenyang,2020,Leave_One_experiments\wth_generated_qc\SYA\SYA2020.WTH,normal_year;water_stress_year;nitrogen_stress_year,water_stress,SYA2020_stress_grid_S0013,pareto_balanced,2020-05-20,141,36,31,"{""sim_day"": 36.0, ""doy"": 141.0, ""topwt"": 42.47981548309326, ""grnwt"": 0.0, ""xlai"": 0.0877357795834541, ""totir"": 0.0, ""tofer"": NaN, ""swfac"": 0.0, ""nstres"": 0.0}",0.0,0.0,42.47981548309326,0.0,0.0877357795834541,0.0,,0.0,0.0,40.0,0.0,6.073077392578124,22.073077392578124,Leave_One_experiments/all_year_offline_schedule_search/daily_outputs/SYA/SYA_2020_SYA2020_stress_grid_S0013_daily.csv
SYA,SYA,Shenyang,2020,Leave_One_experiments\wth_generated_qc\SYA\SYA2020.WTH,normal_year;water_stress_year;nitrogen_stress_year,water_stress,SYA2020_stress_grid_S0013,pareto_balanced,2020-05-21,142,37,32,"{""sim_day"": 37.0, ""doy"": 142.0, ""topwt"": 44.104437828063965, ""grnwt"": 0.0, ""xlai"": 0.0910625010728836, ""totir"": 0.0, ""tofer"": NaN, ""swfac"": 0.0, ""nstres"": 0.0}",0.0,0.0,44.104437828063965,0.0,0.0910625010728836,0.0,,0.0,0.0,40.0,0.0,6.073077392578124,22.073077392578124,Leave_One_experiments/all_year_offline_schedule_search/daily_outputs/SYA/SYA_2020_SYA2020_stress_grid_S0013_daily.csv
SYA,SYA,Shenyang,2020,Leave_One_experiments\wth_generated_qc\SYA\SYA2020.WTH,normal_year;water_stress_year;nitrogen_stress_year,water_stress,SYA2020_stress_grid_S0013,pareto_balanced,2020-05-22,143,38,33,"{""sim_day"": 38.0, ""doy"": 143.0, ""topwt"": 46.86013698577881, ""grnwt"": 0.0, ""xlai"": 0.0966375097632408, ""totir"": 0.0, ""tofer"": NaN, ""swfac"": 0.0, ""nstres"": 0.0}",0.0,0.0,46.86013698577881,0.0,0.0966375097632408,0.0,,0.0,0.0,40.0,0.0,6.073077392578124,22.073077392578124,Leave_One_experiments/all_year_offline_schedule_search/daily_outputs/SYA/SYA_2020_SYA2020_stress_grid_S0013_daily.csv
SYA,SYA,Shenyang,2020,Leave_One_experiments\wth_generated_qc\SYA\SYA2020.WTH,normal_year;water_stress_year;nitrogen_stress_year,water_stress,SYA2020_stress_grid_S0013,pareto_balanced,2020-05-23,144,39,34,"{""sim_day"": 39.0, ""doy"": 144.0, ""topwt"": 51.29659652709961, ""grnwt"": 0.0, ""xlai"": 0.1054454892873764, ""totir"": 0.0, ""tofer"": NaN, ""swfac"": 0.0, ""nstres"": 0.0}",0.0,0.0,51.29659652709961,0.0,0.1054454892873764,0.0,,0.0,0.0,40.0,0.0,6.073077392578124,22.073077392578124,Leave_One_experiments/all_year_offline_schedule_search/daily_outputs/SYA/SYA_2020_SYA2020_stress_grid_S0013_daily.csv
SYA,SYA,Shenyang,2020,Leave_One_experiments\wth_generated_qc\SYA\SYA2020.WTH,normal_year;water_stress_year;nitrogen_stress_year,water_stress,SYA2020_stress_grid_S0013,pareto_balanced,2020-05-24,145,40,35,"{""sim_day"": 40.0, ""doy"": 145.0, ""topwt"": 58.3890962600708, ""grnwt"": 0.0, ""xlai"": 0.1191720515489578, ""totir"": 0.0, ""tofer"": NaN, ""swfac"": 0.0, ""nstres"": 0.0}",0.0,0.0,58.3890962600708,0.0,0.1191720515489578,0.0,,0.0,0.0,40.0,0.0,6.073077392578124,22.073077392578124,Leave_One_experiments/all_year_offline_schedule_search/daily_outputs/SYA/SYA_2020_SYA2020_stress_grid_S0013_daily.csv
SYA,SYA,Shenyang,2020,Leave_One_experiments\wth_generated_qc\SYA\SYA2020.WTH,normal_year;water_stress_year;nitrogen_stress_year,water_stress,SYA2020_stress_grid_S0013,pareto_balanced,2020-05-25,146,41,36,"{""sim_day"": 41.0, ""doy"": 146.0, ""topwt"": 65.80375671386719, ""grnwt"": 0.0, ""xlai"": 0.1330879926681518, ""totir"": 0.0, ""tofer"": NaN, ""swfac"": 0.0, ""nstres"": 0.0}",0.0,0.0,65.80375671386719,0.0,0.1330879926681518,0.0,,0.0,0.0,40.0,0.0,6.073077392578124,22.073077392578124,Leave_One_experiments/all_year_offline_schedule_search/daily_outputs/SYA/SYA_2020_SYA2020_stress_grid_S0013_daily.csv
SYA,SYA,Shenyang,2020,Leave_One_experiments\wth_generated_qc\SYA\SYA2020.WTH,normal_year;water_stress_year;nitrogen_stress_year,water_stress,SYA2020_stress_grid_S0013,pareto_balanced,2020-05-26,147,42,37,"{""sim_day"": 42.0, ""doy"": 147.0, ""topwt"": 67.89153575897217, ""grnwt"": 0.0, ""xlai"": 0.1462675929069519, ""totir"": 0.0, ""tofer"": NaN, ""swfac"": 0.0, ""nstres"": 0.0061367750167846}",0.0,0.0061367750167846,67.89153575897217,0.0,0.1462675929069519,0.0,,0.0,0.0,40.0,0.0,6.073077392578124,22.073077392578124,Leave_One_experiments/all_year_offline_schedule_search/daily_outputs/SYA/SYA_2020_SYA2020_stress_grid_S0013_daily.csv
SYA,SYA,Shenyang,2020,Leave_One_experiments\wth_generated_qc\SYA\SYA2020.WTH,normal_year;water_stress_year;nitrogen_stress_year,water_stress,SYA2020_stress_grid_S0013,pareto_balanced,2020-05-27,148,43,38,"{""sim_day"": 43.0, ""doy"": 148.0, ""topwt"": 77.95139789581299, ""grnwt"": 0.0, ""xlai"": 0.1656900197267532, ""totir"": 0.0, ""tofer"": NaN, ""swfac"": 0.0, ""nstres"": 0.0090134143829345}",0.0,0.0090134143829345,77.95139789581299,0.0,0.1656900197267532,0.0,,0.0,0.0,40.0,0.0,6.073077392578124,22.073077392578124,Leave_One_experiments/all_year_offline_schedule_search/daily_outputs/SYA/SYA_2020_SYA2020_stress_grid_S0013_daily.csv
SYA,SYA,Shenyang,2020,Leave_One_experiments\wth_generated_qc\SYA\SYA2020.WTH,normal_year;water_stress_year;nitrogen_stress_year,water_stress,SYA2020_stress_grid_S0013,pareto_balanced,2020-05-28,149,44,39,"{""sim_day"": 44.0, ""doy"": 149.0, ""topwt"": 92.24385261535645, ""grnwt"": 0.0, ""xlai"": 0.1922991722822189, ""totir"": 0.0, ""tofer"": NaN, ""swfac"": 0.0, ""nstres"": 0.0026634335517883}",0.0,0.0026634335517883,92.24385261535645,0.0,0.1922991722822189,0.0,,0.0,0.0,40.0,0.0,6.073077392578124,22.073077392578124,Leave_One_experiments/all_year_offline_schedule_search/daily_outputs/SYA/SYA_2020_SYA2020_stress_grid_S0013_daily.csv
SYA,SYA,Shenyang,2020,Leave_One_experiments\wth_generated_qc\SYA\SYA2020.WTH,normal_year;water_stress_year;nitrogen_stress_year,water_stress,SYA2020_stress_grid_S0013,pareto_balanced,2020-05-29,150,45,40,"{""sim_day"": 45.0, ""doy"": 150.0, ""topwt"": 109.33310508728027, ""grnwt"": 0.0, ""xlai"": 0.2228736728429794, ""totir"": 0.0, ""tofer"": NaN, ""swfac"": 0.0, ""nstres"": 0.0305836200714111}",0.0,0.0305836200714111,109.33310508728027,0.0,0.2228736728429794,0.0,,0.0,0.0,40.0,0.0,6.073077392578124,22.073077392578124,Leave_One_experiments/all_year_offline_schedule_search/daily_outputs/SYA/SYA_2020_SYA2020_stress_grid_S0013_daily.csv
SYA,SYA,Shenyang,2020,Leave_One_experiments\wth_generated_qc\SYA\SYA2020.WTH,normal_year;water_stress_year;nitrogen_stress_year,water_stress,SYA2020_stress_grid_S0013,pareto_balanced,2020-05-30,151,46,41,"{""sim_day"": 46.0, ""doy"": 151.0, ""topwt"": 122.3899745941162, ""grnwt"": 0.0, ""xlai"": 0.2448461055755615, ""totir"": 0.0, ""tofer"": NaN, ""swfac"": 0.0, ""nstres"": 0.0525829792022705}",0.0,0.0525829792022705,122.3899745941162,0.0,0.2448461055755615,0.0,,0.0,0.0,40.0,0.0,6.073077392578124,22.073077392578124,Leave_One_experiments/all_year_offline_schedule_search/daily_outputs/SYA/SYA_2020_SYA2020_stress_grid_S0013_daily.csv
SYA,SYA,Shenyang,2020,Leave_One_experiments\wth_generated_qc\SYA\SYA2020.WTH,normal_year;water_stress_year;nitrogen_stress_year,water_stress,SYA2020_stress_grid_S0013,pareto_balanced,2020-05-31,152,47,42,"{""sim_day"": 47.0, ""doy"": 152.0, ""topwt"": 136.48625373840332, ""grnwt"": 0.0, ""xlai"": 0.2672712504863739, ""totir"": 0.0, ""tofer"": NaN, ""swfac"": 0.0, ""nstres"": 0.0727859735488891}",0.0,0.0727859735488891,136.48625373840332,0.0,0.2672712504863739,0.0,,0.0,0.0,40.0,0.0,6.073077392578124,22.073077392578124,Leave_One_experiments/all_year_offline_schedule_search/daily_outputs/SYA/SYA_2020_SYA2020_stress_grid_S0013_daily.csv
SYA,SYA,Shenyang,2020,Leave_One_experiments\wth_generated_qc\SYA\SYA2020.WTH,normal_year;water_stress_year;nitrogen_stress_year,water_stress,SYA2020_stress_grid_S0013,pareto_balanced,2020-06-01,153,48,43,"{""sim_day"": 48.0, ""doy"": 153.0, ""topwt"": 148.7491512298584, ""grnwt"": 0.0, ""xlai"": 0.2852475643157959, ""totir"": 0.0, ""tofer"": NaN, ""swfac"": 0.0, ""nstres"": 0.0895730257034301}",0.0,0.0895730257034301,148.7491512298584,0.0,0.2852475643157959,0.0,,0.0,0.0,40.0,0.0,6.073077392578124,22.073077392578124,Leave_One_experiments/all_year_offline_schedule_search/daily_outputs/SYA/SYA_2020_SYA2020_stress_grid_S0013_daily.csv
SYA,SYA,Shenyang,2020,Leave_One_experiments\wth_generated_qc\SYA\SYA2020.WTH,normal_year;water_stress_year;nitrogen_stress_year,water_stress,SYA2020_stress_grid_S0013,pareto_balanced,2020-06-02,154,49,44,"{""sim_day"": 49.0, ""doy"": 154.0, ""topwt"": 163.73537063598633, ""grnwt"": 0.0, ""xlai"": 0.3072234988212585, ""totir"": 0.0, ""tofer"": NaN, ""swfac"": 0.0, ""nstres"": 0.0887281894683837}",0.0,0.0887281894683837,163.73537063598633,0.0,0.3072234988212585,0.0,,0.0,0.0,40.0,0.0,6.073077392578124,22.073077392578124,Leave_One_experiments/all_year_offline_schedule_search/daily_outputs/SYA/SYA_2020_SYA2020_stress_grid_S0013_daily.csv
SYA,SYA,Shenyang,2020,Leave_One_experiments\wth_generated_qc\SYA\SYA2020.WTH,normal_year;water_stress_year;nitrogen_stress_year,water_stress,SYA2020_stress_grid_S0013,pareto_balanced,2020-06-03,155,50,45,"{""sim_day"": 50.0, ""doy"": 155.0, ""topwt"": 180.09775161743164, ""grnwt"": 0.0, ""xlai"": 0.3304564654827118, ""totir"": 0.0, ""tofer"": NaN, ""swfac"": 0.0, ""nstres"": 0.0950673818588256}",0.0,0.0950673818588256,180.09775161743164,0.0,0.3304564654827118,0.0,,0.0,0.0,40.0,0.0,6.073077392578124,22.073077392578124,Leave_One_experiments/all_year_offline_schedule_search/daily_outputs/SYA/SYA_2020_SYA2020_stress_grid_S0013_daily.csv
SYA,SYA,Shenyang,2020,Leave_One_experiments\wth_generated_qc\SYA\SYA2020.WTH,normal_year;water_stress_year;nitrogen_stress_year,water_stress,SYA2020_stress_grid_S0013,pareto_balanced,2020-06-04,156,51,46,"{""sim_day"": 51.0, ""doy"": 156.0, ""topwt"": 198.75904083251956, ""grnwt"": 0.0, ""xlai"": 0.3557586669921875, ""totir"": 0.0, ""tofer"": NaN, ""swfac"": 0.0, ""nstres"": 0.1133729219436645}",0.0,0.1133729219436645,198.75904083251956,0.0,0.3557586669921875,0.0,,0.0,0.0,40.0,0.0,6.073077392578124,22.073077392578124,Leave_One_experiments/all_year_offline_schedule_search/daily_outputs/SYA/SYA_2020_SYA2020_stress_grid_S0013_daily.csv
SYA,SYA,Shenyang,2020,Leave_One_experiments\wth_generated_qc\SYA\SYA2020.WTH,normal_year;water_stress_year;nitrogen_stress_year,water_stress,SYA2020_stress_grid_S0013,pareto_balanced,2020-06-05,157,52,47,"{""sim_day"": 52.0, ""doy"": 157.0, ""topwt"": 221.06889724731445, ""grnwt"": 0.0, ""xlai"": 0.3815604746341705, ""totir"": 0.0, ""tofer"": NaN, ""swfac"": 0.0, ""nstres"": 0.1176556348800659}",0.0,0.1176556348800659,221.06889724731445,0.0,0.3815604746341705,0.0,,0.0,0.0,40.0,0.0,6.073077392578124,22.073077392578124,Leave_One_experiments/all_year_offline_schedule_search/daily_outputs/SYA/SYA_2020_SYA2020_stress_grid_S0013_daily.csv
SYA,SYA,Shenyang,2020,Leave_One_experiments\wth_generated_qc\SYA\SYA2020.WTH,normal_year;water_stress_year;nitrogen_stress_year,water_stress,SYA2020_stress_grid_S0013,pareto_balanced,2020-06-06,158,53,48,"{""sim_day"": 53.0, ""doy"": 158.0, ""topwt"": 248.82551193237305, ""grnwt"": 0.0, ""xlai"": 0.4180449247360229, ""totir"": 0.0, ""tofer"": NaN, ""swfac"": 0.0, ""nstres"": 0.111724853515625}",0.0,0.111724853515625,248.82551193237305,0.0,0.4180449247360229,0.0,,0.0,0.0,40.0,0.0,6.073077392578124,22.073077392578124,Leave_One_experiments/all_year_offline_schedule_search/daily_outputs/SYA/SYA_2020_SYA2020_stress_grid_S0013_daily.csv
SYA,SYA,Shenyang,2020,Leave_One_experiments\wth_generated_qc\SYA\SYA2020.WTH,normal_year;water_stress_year;nitrogen_stress_year,water_stress,SYA2020_stress_grid_S0013,pareto_balanced,2020-06-07,159,54,49,"{""sim_day"": 54.0, ""doy"": 159.0, ""topwt"": 284.472599029541, ""grnwt"": 0.0, ""xlai"": 0.4640094041824341, ""totir"": 0.0, ""tofer"": NaN, ""swfac"": 0.0, ""nstres"": 0.1095079779624939}",0.0,0.1095079779624939,284.472599029541,0.0,0.4640094041824341,0.0,,0.0,0.0,40.0,0.0,6.073077392578124,22.073077392578124,Leave_One_experiments/all_year_offline_schedule_search/daily_outputs/SYA/SYA_2020_SYA2020_stress_grid_S0013_daily.csv
SYA,SYA,Shenyang,2020,Leave_One_experiments\wth_generated_qc\SYA\SYA2020.WTH,normal_year;water_stress_year;nitrogen_stress_year,water_stress,SYA2020_stress_grid_S0013,pareto_balanced,2020-06-08,160,55,50,"{""sim_day"": 55.0, ""doy"": 160.0, ""topwt"": 318.8037109375, ""grnwt"": 0.0, ""xlai"": 0.5041545033454895, ""totir"": 0.0, ""tofer"": NaN, ""swfac"": 0.0, ""nstres"": 0.1291499733924865}",0.0,0.1291499733924865,318.8037109375,0.0,0.5041545033454895,0.0,,0.0,0.0,40.0,0.0,6.073077392578124,22.073077392578124,Leave_One_experiments/all_year_offline_schedule_search/daily_outputs/SYA/SYA_2020_SYA2020_stress_grid_S0013_daily.csv
SYA,SYA,Shenyang,2020,Leave_One_experiments\wth_generated_qc\SYA\SYA2020.WTH,normal_year;water_stress_year;nitrogen_stress_year,water_stress,SYA2020_stress_grid_S0013,pareto_balanced,2020-06-09,161,56,51,"{""sim_day"": 56.0, ""doy"": 161.0, ""topwt"": 347.3468399047852, ""grnwt"": 0.0, ""xlai"": 0.5325565338134766, ""totir"": 0.0, ""tofer"": NaN, ""swfac"": 0.0, ""nstres"": 0.1531029343605041}",0.0,0.1531029343605041,347.3468399047852,0.0,0.5325565338134766,0.0,,0.0,0.0,40.0,0.0,6.073077392578124,22.073077392578124,Leave_One_experiments/all_year_offline_schedule_search/daily_outputs/SYA/SYA_2020_SYA2020_stress_grid_S0013_daily.csv
SYA,SYA,Shenyang,2020,Leave_One_experiments\wth_generated_qc\SYA\SYA2020.WTH,normal_year;water_stress_year;nitrogen_stress_year,water_stress,SYA2020_stress_grid_S0013,pareto_balanced,2020-06-10,162,57,52,"{""sim_day"": 57.0, ""doy"": 162.0, ""topwt"": 377.8183364868164, ""grnwt"": 0.0, ""xlai"": 0.5606659054756165, ""totir"": 0.0, ""tofer"": NaN, ""swfac"": 0.0, ""nstres"": 0.1647820472717285}",0.0,0.1647820472717285,377.8183364868164,0.0,0.5606659054756165,0.0,,0.0,0.0,40.0,0.0,6.073077392578124,22.073077392578124,Leave_One_experiments/all_year_offline_schedule_search/daily_outputs/SYA/SYA_2020_SYA2020_stress_grid_S0013_daily.csv
SYA,SYA,Shenyang,2020,Leave_One_experiments\wth_generated_qc\SYA\SYA2020.WTH,normal_year;water_stress_year;nitrogen_stress_year,water_stress,SYA2020_stress_grid_S0013,pareto_balanced,2020-06-11,163,58,53,"{""sim_day"": 58.0, ""doy"": 163.0, ""topwt"": 421.0719299316406, ""grnwt"": 0.0, ""xlai"": 0.6020753383636475, ""totir"": 0.0, ""tofer"": NaN, ""swfac"": 0.0, ""nstres"": 0.1656228303909301}",0.0,0.1656228303909301,421.0719299316406,0.0,0.6020753383636475,0.0,,0.0,0.0,40.0,0.0,6.073077392578124,22.073077392578124,Leave_One_experiments/all_year_offline_schedule_search/daily_outputs/SYA/SYA_2020_SYA2020_stress_grid_S0013_daily.csv
SYA,SYA,Shenyang,2020,Leave_One_experiments\wth_generated_qc\SYA\SYA2020.WTH,normal_year;water_stress_year;nitrogen_stress_year,water_stress,SYA2020_stress_grid_S0013,pareto_balanced,2020-06-12,164,59,54,"{""sim_day"": 59.0, ""doy"": 164.0, ""topwt"": 467.7187728881836, ""grnwt"": 0.0, ""xlai"": 0.6444791555404663, ""totir"": 0.0, ""tofer"": NaN, ""swfac"": 0.0, ""nstres"": 0.1596984267234802}",0.0,0.1596984267234802,467.7187728881836,0.0,0.6444791555404663,0.0,,0.0,0.0,40.0,0.0,6.073077392578124,22.073077392578124,Leave_One_experiments/all_year_offline_schedule_search/daily_outputs/SYA/SYA_2020_SYA2020_stress_grid_S0013_daily.csv
SYA,SYA,Shenyang,2020,Leave_One_experiments\wth_generated_qc\SYA\SYA2020.WTH,normal_year;water_stress_year;nitrogen_stress_year,water_stress,SYA2020_stress_grid_S0013,pareto_balanced,2020-06-13,165,60,55,"{""sim_day"": 60.0, ""doy"": 165.0, ""topwt"": 509.1203308105469, ""grnwt"": 0.0, ""xlai"": 0.6773586273193359, ""totir"": 0.0, ""tofer"": NaN, ""swfac"": 0.0, ""nstres"": 0.1642087697982788}",0.0,0.1642087697982788,509.1203308105469,0.0,0.6773586273193359,0.0,,0.0,0.0,40.0,0.0,6.073077392578124,22.073077392578124,Leave_One_experiments/all_year_offline_schedule_search/daily_outputs/SYA/SYA_2020_SYA2020_stress_grid_S0013_daily.csv
SYA,SYA,Shenyang,2020,Leave_One_experiments\wth_generated_qc\SYA\SYA2020.WTH,normal_year;water_stress_year;nitrogen_stress_year,water_stress,SYA2020_stress_grid_S0013,pareto_balanced,2020-06-14,166,61,56,"{""sim_day"": 61.0, ""doy"": 166.0, ""topwt"": 549.0879821777344, ""grnwt"": 0.0, ""xlai"": 0.7047127485275269, ""totir"": 0.0, ""tofer"": NaN, ""swfac"": 0.0, ""nstres"": 0.178809642791748}",0.0,0.178809642791748,549.0879821777344,0.0,0.7047127485275269,0.0,,0.0,0.0,40.0,0.0,6.073077392578124,22.073077392578124,Leave_One_experiments/all_year_offline_schedule_search/daily_outputs/SYA/SYA_2020_SYA2020_stress_grid_S0013_daily.csv
SYA,SYA,Shenyang,2020,Leave_One_experiments\wth_generated_qc\SYA\SYA2020.WTH,normal_year;water_stress_year;nitrogen_stress_year,water_stress,SYA2020_stress_grid_S0013,pareto_balanced,2020-06-15,167,62,57,"{""sim_day"": 62.0, ""doy"": 167.0, ""topwt"": 588.245735168457, ""grnwt"": 0.0, ""xlai"": 0.7275423407554626, ""totir"": 0.0, ""tofer"": NaN, ""swfac"": 0.0, ""nstres"": 0.1921051144599914}",0.0,0.1921051144599914,588.245735168457,0.0,0.7275423407554626,0.0,,0.0,0.0,40.0,0.0,6.073077392578124,22.073077392578124,Leave_One_experiments/all_year_offline_schedule_search/daily_outputs/SYA/SYA_2020_SYA2020_stress_grid_S0013_daily.csv
SYA,SYA,Shenyang,2020,Leave_One_experiments\wth_generated_qc\SYA\SYA2020.WTH,normal_year;water_stress_year;nitrogen_stress_year,water_stress,SYA2020_stress_grid_S0013,pareto_balanced,2020-06-16,168,63,58,"{""sim_day"": 63.0, ""doy"": 168.0, ""topwt"": 633.2447052001953, ""grnwt"": 0.0, ""xlai"": 0.7525724172592163, ""totir"": 0.0, ""tofer"": NaN, ""swfac"": 0.0, ""nstres"": 0.2052355408668518}",0.0,0.2052355408668518,633.2447052001953,0.0,0.7525724172592163,0.0,,0.0,0.0,40.0,0.0,6.073077392578124,22.073077392578124,Leave_One_experiments/all_year_offline_schedule_search/daily_outputs/SYA/SYA_2020_SYA2020_stress_grid_S0013_daily.csv
SYA,SYA,Shenyang,2020,Leave_One_experiments\wth_generated_qc\SYA\SYA2020.WTH,normal_year;water_stress_year;nitrogen_stress_year,water_stress,SYA2020_stress_grid_S0013,pareto_balanced,2020-06-17,169,64,59,"{""sim_day"": 64.0, ""doy"": 169.0, ""topwt"": 678.7227630615234, ""grnwt"": 0.0, ""xlai"": 0.7745218276977539, ""totir"": 0.0, ""tofer"": NaN, ""swfac"": 0.0, ""nstres"": 0.226123571395874}",0.0,0.226123571395874,678.7227630615234,0.0,0.7745218276977539,0.0,,0.0,0.0,40.0,0.0,6.073077392578124,22.073077392578124,Leave_One_experiments/all_year_offline_schedule_search/daily_outputs/SYA/SYA_2020_SYA2020_stress_grid_S0013_daily.csv
SYA,SYA,Shenyang,2020,Leave_One_experiments\wth_generated_qc\SYA\SYA2020.WTH,normal_year;water_stress_year;nitrogen_stress_year,water_stress,SYA2020_stress_grid_S0013,pareto_balanced,2020-06-18,170,65,60,"{""sim_day"": 65.0, ""doy"": 170.0, ""topwt"": 723.1314086914062, ""grnwt"": 0.0, ""xlai"": 0.7920277714729309, ""totir"": 0.0, ""tofer"": NaN, ""swfac"": 0.0, ""nstres"": 0.2516930699348449}",0.0,0.2516930699348449,723.1314086914062,0.0,0.7920277714729309,0.0,,0.0,0.0,40.0,0.0,6.073077392578124,22.073077392578124,Leave_One_experiments/all_year_offline_schedule_search/daily_outputs/SYA/SYA_2020_SYA2020_stress_grid_S0013_daily.csv
SYA,SYA,Shenyang,2020,Leave_One_experiments\wth_generated_qc\SYA\SYA2020.WTH,normal_year;water_stress_year;nitrogen_stress_year,water_stress,SYA2020_stress_grid_S0013,pareto_balanced,2020-06-19,171,66,61,"{""sim_day"": 66.0, ""doy"": 171.0, ""topwt"": 773.8368988037109, ""grnwt"": 0.0, ""xlai"": 0.811337411403656, ""totir"": 0.0, ""tofer"": NaN, ""swfac"": 0.0, ""nstres"": 0.2732725739479065}",0.0,0.2732725739479065,773.8368988037109,0.0,0.811337411403656,0.0,,0.0,0.0,40.0,0.0,6.073077392578124,22.073077392578124,Leave_One_experiments/all_year_offline_schedule_search/daily_outputs/SYA/SYA_2020_SYA2020_stress_grid_S0013_daily.csv
SYA,SYA,Shenyang,2020,Leave_One_experiments\wth_generated_qc\SYA\SYA2020.WTH,normal_year;water_stress_year;nitrogen_stress_year,water_stress,SYA2020_stress_grid_S0013,pareto_balanced,2020-06-20,172,67,62,"{""sim_day"": 67.0, ""doy"": 172.0, ""topwt"": 828.5671997070312, ""grnwt"": 0.0, ""xlai"": 0.8302432298660278, ""totir"": 0.0, ""tofer"": NaN, ""swfac"": 0.0, ""nstres"": 0.2880754470825195}",0.0,0.2880754470825195,828.5671997070312,0.0,0.8302432298660278,0.0,,0.0,0.0,40.0,0.0,6.073077392578124,22.073077392578124,Leave_One_experiments/all_year_offline_schedule_search/daily_outputs/SYA/SYA_2020_SYA2020_stress_grid_S0013_daily.csv
SYA,SYA,Shenyang,2020,Leave_One_experiments\wth_generated_qc\SYA\SYA2020.WTH,normal_year;water_stress_year;nitrogen_stress_year,water_stress,SYA2020_stress_grid_S0013,pareto_balanced,2020-06-21,173,68,63,"{""sim_day"": 68.0, ""doy"": 173.0, ""topwt"": 878.4595489501953, ""grnwt"": 0.0, ""xlai"": 0.8421236872673035, ""totir"": 0.0, ""tofer"": NaN, ""swfac"": 0.0, ""nstres"": 0.3069053888320923}",0.0,0.3069053888320923,878.4595489501953,0.0,0.8421236872673035,0.0,,0.0,0.0,40.0,0.0,6.073077392578124,22.073077392578124,Leave_One_experiments/all_year_offline_schedule_search/daily_outputs/SYA/SYA_2020_SYA2020_stress_grid_S0013_daily.csv
SYA,SYA,Shenyang,2020,Leave_One_experiments\wth_generated_qc\SYA\SYA2020.WTH,normal_year;water_stress_year;nitrogen_stress_year,water_stress,SYA2020_stress_grid_S0013,pareto_balanced,2020-06-22,174,69,64,"{""sim_day"": 69.0, ""doy"": 174.0, ""topwt"": 925.8139038085938, ""grnwt"": 0.0, ""xlai"": 0.8493170738220215, ""totir"": 0.0, ""tofer"": NaN, ""swfac"": 0.0, ""nstres"": 0.3272738456726074}",0.0,0.3272738456726074,925.8139038085938,0.0,0.8493170738220215,0.0,,0.0,0.0,40.0,0.0,6.073077392578124,22.073077392578124,Leave_One_experiments/all_year_offline_schedule_search/daily_outputs/SYA/SYA_2020_SYA2020_stress_grid_S0013_daily.csv
SYA,SYA,Shenyang,2020,Leave_One_experiments\wth_generated_qc\SYA\SYA2020.WTH,normal_year;water_stress_year;nitrogen_stress_year,water_stress,SYA2020_stress_grid_S0013,pareto_balanced,2020-06-23,175,70,65,"{""sim_day"": 70.0, ""doy"": 175.0, ""topwt"": 963.0514526367188, ""grnwt"": 0.0, ""xlai"": 0.8477306365966797, ""totir"": 40.0, ""tofer"": NaN, ""swfac"": 0.0, ""nstres"": 0.3415635824203491}",0.0,0.3415635824203491,963.0514526367188,0.0,0.8477306365966797,40.0,,40.0,0.0,40.0,0.0,6.073077392578124,22.073077392578124,Leave_One_experiments/all_year_offline_schedule_search/daily_outputs/SYA/SYA_2020_SYA2020_stress_grid_S0013_daily.csv
SYA,SYA,Shenyang,2020,Leave_One_experiments\wth_generated_qc\SYA\SYA2020.WTH,normal_year;water_stress_year;nitrogen_stress_year,water_stress,SYA2020_stress_grid_S0013,pareto_balanced,2020-06-24,176,71,66,"{""sim_day"": 71.0, ""doy"": 176.0, ""topwt"": 1011.4517974853516, ""grnwt"": 0.0, ""xlai"": 0.851732611656189, ""totir"": 40.0, ""tofer"": NaN, ""swfac"": 0.0, ""nstres"": 0.3503779768943786}",0.0,0.3503779768943786,1011.4517974853516,0.0,0.851732611656189,40.0,,0.0,0.0,40.0,0.0,6.073077392578124,22.073077392578124,Leave_One_experiments/all_year_offline_schedule_search/daily_outputs/SYA/SYA_2020_SYA2020_stress_grid_S0013_daily.csv
SYA,SYA,Shenyang,2020,Leave_One_experiments\wth_generated_qc\SYA\SYA2020.WTH,normal_year;water_stress_year;nitrogen_stress_year,water_stress,SYA2020_stress_grid_S0013,pareto_balanced,2020-06-25,177,72,67,"{""sim_day"": 72.0, ""doy"": 177.0, ""topwt"": 1052.7610778808594, ""grnwt"": 0.0, ""xlai"": 0.8498740792274475, ""totir"": 40.0, ""tofer"": NaN, ""swfac"": 0.0, ""nstres"": 0.3550514578819275}",0.0,0.3550514578819275,1052.7610778808594,0.0,0.8498740792274475,40.0,,0.0,0.0,40.0,0.0,6.073077392578124,22.073077392578124,Leave_One_experiments/all_year_offline_schedule_search/daily_outputs/SYA/SYA_2020_SYA2020_stress_grid_S0013_daily.csv
SYA,SYA,Shenyang,2020,Leave_One_experiments\wth_generated_qc\SYA\SYA2020.WTH,normal_year;water_stress_year;nitrogen_stress_year,water_stress,SYA2020_stress_grid_S0013,pareto_balanced,2020-06-26,178,73,68,"{""sim_day"": 73.0, ""doy"": 178.0, ""topwt"": 1097.9322052001953, ""grnwt"": 0.0, ""xlai"": 0.8487940430641174, ""totir"": 40.0, ""tofer"": NaN, ""swfac"": 0.0, ""nstres"": 0.3668999075889587}",0.0,0.3668999075889587,1097.9322052001953,0.0,0.8487940430641174,40.0,,0.0,0.0,40.0,0.0,6.073077392578124,22.073077392578124,Leave_One_experiments/all_year_offline_schedule_search/daily_outputs/SYA/SYA_2020_SYA2020_stress_grid_S0013_daily.csv
SYA,SYA,Shenyang,2020,Leave_One_experiments\wth_generated_qc\SYA\SYA2020.WTH,normal_year;water_stress_year;nitrogen_stress_year,water_stress,SYA2020_stress_grid_S0013,pareto_balanced,2020-06-27,179,74,69,"{""sim_day"": 74.0, ""doy"": 179.0, ""topwt"": 1213.158721923828, ""grnwt"": 0.0, ""xlai"": 0.8968100547790527, ""totir"": 40.0, ""tofer"": NaN, ""swfac"": 0.0, ""nstres"": 0.3747503161430359}",0.0,0.3747503161430359,1213.158721923828,0.0,0.8968100547790527,40.0,,0.0,0.0,40.0,0.0,6.073077392578124,22.073077392578124,Leave_One_experiments/all_year_offline_schedule_search/daily_outputs/SYA/SYA_2020_SYA2020_stress_grid_S0013_daily.csv
SYA,SYA,Shenyang,2020,Leave_One_experiments\wth_generated_qc\SYA\SYA2020.WTH,normal_year;water_stress_year;nitrogen_stress_year,water_stress,SYA2020_stress_grid_S0013,pareto_balanced,2020-06-28,180,75,70,"{""sim_day"": 75.0, ""doy"": 180.0, ""topwt"": 1294.996337890625, ""grnwt"": 0.0, ""xlai"": 0.9077612161636353, ""totir"": 40.0, ""tofer"": NaN, ""swfac"": 0.0, ""nstres"": 0.383227527141571}",0.0,0.383227527141571,1294.996337890625,0.0,0.9077612161636353,40.0,,0.0,0.0,40.0,0.0,6.073077392578124,22.073077392578124,Leave_One_experiments/all_year_offline_schedule_search/daily_outputs/SYA/SYA_2020_SYA2020_stress_grid_S0013_daily.csv
SYA,SYA,Shenyang,2020,Leave_One_experiments\wth_generated_qc\SYA\SYA2020.WTH,normal_year;water_stress_year;nitrogen_stress_year,water_stress,SYA2020_stress_grid_S0013,pareto_balanced,2020-06-29,181,76,71,"{""sim_day"": 76.0, ""doy"": 181.0, ""topwt"": 1363.0722045898438, ""grnwt"": 0.0, ""xlai"": 0.9048689007759094, ""totir"": 40.0, ""tofer"": NaN, ""swfac"": 0.0, ""nstres"": 0.4301642179489136}",0.0,0.4301642179489136,1363.0722045898438,0.0,0.9048689007759094,40.0,,0.0,0.0,40.0,0.0,6.073077392578124,22.073077392578124,Leave_One_experiments/all_year_offline_schedule_search/daily_outputs/SYA/SYA_2020_SYA2020_stress_grid_S0013_daily.csv
SYA,SYA,Shenyang,2020,Leave_One_experiments\wth_generated_qc\SYA\SYA2020.WTH,normal_year;water_stress_year;nitrogen_stress_year,water_stress,SYA2020_stress_grid_S0013,pareto_balanced,2020-06-30,182,77,72,"{""sim_day"": 77.0, ""doy"": 182.0, ""topwt"": 1422.3422241210938, ""grnwt"": 0.0, ""xlai"": 0.895119309425354, ""totir"": 40.0, ""tofer"": NaN, ""swfac"": 0.0, ""nstres"": 0.4480577111244201}",0.0,0.4480577111244201,1422.3422241210938,0.0,0.895119309425354,40.0,,0.0,0.0,40.0,0.0,6.073077392578124,22.073077392578124,Leave_One_experiments/all_year_offline_schedule_search/daily_outputs/SYA/SYA_2020_SYA2020_stress_grid_S0013_daily.csv
SYA,SYA,Shenyang,2020,Leave_One_experiments\wth_generated_qc\SYA\SYA2020.WTH,normal_year;water_stress_year;nitrogen_stress_year,water_stress,SYA2020_stress_grid_S0013,pareto_balanced,2020-07-01,183,78,73,"{""sim_day"": 78.0, ""doy"": 183.0, ""topwt"": 1479.3487548828125, ""grnwt"": 0.0, ""xlai"": 0.8828529119491577, ""totir"": 40.0, ""tofer"": NaN, ""swfac"": 0.0, ""nstres"": 0.4538627862930298}",0.0,0.4538627862930298,1479.3487548828125,0.0,0.8828529119491577,40.0,,0.0,0.0,40.0,0.0,6.073077392578124,22.073077392578124,Leave_One_experiments/all_year_offline_schedule_search/daily_outputs/SYA/SYA_2020_SYA2020_stress_grid_S0013_daily.csv
SYA,SYA,Shenyang,2020,Leave_One_experiments\wth_generated_qc\SYA\SYA2020.WTH,normal_year;water_stress_year;nitrogen_stress_year,water_stress,SYA2020_stress_grid_S0013,pareto_balanced,2020-07-02,184,79,74,"{""sim_day"": 79.0, ""doy"": 184.0, ""topwt"": 1537.1836853027344, ""grnwt"": 0.0, ""xlai"": 0.8699683547019958, ""totir"": 40.0, ""tofer"": NaN, ""swfac"": 0.0, ""nstres"": 0.4515036940574646}",0.0,0.4515036940574646,1537.1836853027344,0.0,0.8699683547019958,40.0,,0.0,0.0,40.0,0.0,6.073077392578124,22.073077392578124,Leave_One_experiments/all_year_offline_schedule_search/daily_outputs/SYA/SYA_2020_SYA2020_stress_grid_S0013_daily.csv
SYA,SYA,Shenyang,2020,Leave_One_experiments\wth_generated_qc\SYA\SYA2020.WTH,normal_year;water_stress_year;nitrogen_stress_year,water_stress,SYA2020_stress_grid_S0013,pareto_balanced,2020-07-03,185,80,75,"{""sim_day"": 80.0, ""doy"": 185.0, ""topwt"": 1591.4010620117188, ""grnwt"": 0.0, ""xlai"": 0.8555166721343994, ""totir"": 40.0, ""tofer"": NaN, ""swfac"": 0.0, ""nstres"": 0.4473243355751037}",0.0,0.4473243355751037,1591.4010620117188,0.0,0.8555166721343994,40.0,,0.0,0.0,40.0,0.0,6.073077392578124,22.073077392578124,Leave_One_experiments/all_year_offline_schedule_search/daily_outputs/SYA/SYA_2020_SYA2020_stress_grid_S0013_daily.csv
SYA,SYA,Shenyang,2020,Leave_One_experiments\wth_generated_qc\SYA\SYA2020.WTH,normal_year;water_stress_year;nitrogen_stress_year,water_stress,SYA2020_stress_grid_S0013,pareto_balanced,2020-07-04,186,81,76,"{""sim_day"": 81.0, ""doy"": 186.0, ""topwt"": 1646.9865417480469, ""grnwt"": 0.0, ""xlai"": 0.8412896394729614, ""totir"": 40.0, ""tofer"": NaN, ""swfac"": 0.0, ""nstres"": 0.4419463276863098}",0.0,0.4419463276863098,1646.9865417480469,0.0,0.8412896394729614,40.0,,0.0,0.0,40.0,0.0,6.073077392578124,22.073077392578124,Leave_One_experiments/all_year_offline_schedule_search/daily_outputs/SYA/SYA_2020_SYA2020_stress_grid_S0013_daily.csv
SYA,SYA,Shenyang,2020,Leave_One_experiments\wth_generated_qc\SYA\SYA2020.WTH,normal_year;water_stress_year;nitrogen_stress_year,water_stress,SYA2020_stress_grid_S0013,pareto_balanced,2020-07-05,187,82,77,"{""sim_day"": 82.0, ""doy"": 187.0, ""topwt"": 1690.834503173828, ""grnwt"": 0.0, ""xlai"": 0.8239142298698425, ""totir"": 40.0, ""tofer"": NaN, ""swfac"": 0.0, ""nstres"": 0.4363468289375305}",0.0,0.4363468289375305,1690.834503173828,0.0,0.8239142298698425,40.0,,0.0,0.0,40.0,0.0,6.073077392578124,22.073077392578124,Leave_One_experiments/all_year_offline_schedule_search/daily_outputs/SYA/SYA_2020_SYA2020_stress_grid_S0013_daily.csv
SYA,SYA,Shenyang,2020,Leave_One_experiments\wth_generated_qc\SYA\SYA2020.WTH,normal_year;water_stress_year;nitrogen_stress_year,water_stress,SYA2020_stress_grid_S0013,pareto_balanced,2020-07-06,188,83,78,"{""sim_day"": 83.0, ""doy"": 188.0, ""topwt"": 1743.2025146484375, ""grnwt"": 0.0, ""xlai"": 0.8091315031051636, ""totir"": 40.0, ""tofer"": NaN, ""swfac"": 0.0, ""nstres"": 0.430175244808197}",0.0,0.430175244808197,1743.2025146484375,0.0,0.8091315031051636,40.0,,0.0,0.0,40.0,0.0,6.073077392578124,22.073077392578124,Leave_One_experiments/all_year_offline_schedule_search/daily_outputs/SYA/SYA_2020_SYA2020_stress_grid_S0013_daily.csv
SYA,SYA,Shenyang,2020,Leave_One_experiments\wth_generated_qc\SYA\SYA2020.WTH,normal_year;water_stress_year;nitrogen_stress_year,water_stress,SYA2020_stress_grid_S0013,pareto_balanced,2020-07-07,189,84,79,"{""sim_day"": 84.0, ""doy"": 189.0, ""topwt"": 1789.9415588378906, ""grnwt"": 0.0, ""xlai"": 0.7932796478271484, ""totir"": 40.0, ""tofer"": NaN, ""swfac"": 0.0, ""nstres"": 0.4206951856613159}",0.0,0.4206951856613159,1789.9415588378906,0.0,0.7932796478271484,40.0,,0.0,0.0,40.0,0.0,6.073077392578124,22.073077392578124,Leave_One_experiments/all_year_offline_schedule_search/daily_outputs/SYA/SYA_2020_SYA2020_stress_grid_S0013_daily.csv
SYA,SYA,Shenyang,2020,Leave_One_experiments\wth_generated_qc\SYA\SYA2020.WTH,normal_year;water_stress_year;nitrogen_stress_year,water_stress,SYA2020_stress_grid_S0013,pareto_balanced,2020-07-08,190,85,80,"{""sim_day"": 85.0, ""doy"": 190.0, ""topwt"": 1842.1749877929688, ""grnwt"": 0.0, ""xlai"": 0.7791990637779236, ""totir"": 40.0, ""tofer"": NaN, ""swfac"": 0.0, ""nstres"": 0.4127299785614013}",0.0,0.4127299785614013,1842.1749877929688,0.0,0.7791990637779236,40.0,,0.0,0.0,40.0,0.0,6.073077392578124,22.073077392578124,Leave_One_experiments/all_year_offline_schedule_search/daily_outputs/SYA/SYA_2020_SYA2020_stress_grid_S0013_daily.csv
SYA,SYA,Shenyang,2020,Leave_One_experiments\wth_generated_qc\SYA\SYA2020.WTH,normal_year;water_stress_year;nitrogen_stress_year,water_stress,SYA2020_stress_grid_S0013,pareto_balanced,2020-07-09,191,86,81,"{""sim_day"": 86.0, ""doy"": 191.0, ""topwt"": 1901.2440490722656, ""grnwt"": 0.0, ""xlai"": 0.7675391435623169, ""totir"": 40.0, ""tofer"": NaN, ""swfac"": 0.0, ""nstres"": 0.4050832390785217}",0.0,0.4050832390785217,1901.2440490722656,0.0,0.7675391435623169,40.0,,0.0,0.0,40.0,0.0,6.073077392578124,22.073077392578124,Leave_One_experiments/all_year_offline_schedule_search/daily_outputs/SYA/SYA_2020_SYA2020_stress_grid_S0013_daily.csv
SYA,SYA,Shenyang,2020,Leave_One_experiments\wth_generated_qc\SYA\SYA2020.WTH,normal_year;water_stress_year;nitrogen_stress_year,water_stress,SYA2020_stress_grid_S0013,pareto_balanced,2020-07-10,192,87,82,"{""sim_day"": 87.0, ""doy"": 192.0, ""topwt"": 1965.3176879882808, ""grnwt"": 0.0, ""xlai"": 0.7577691078186035, ""totir"": 40.0, ""tofer"": NaN, ""swfac"": 0.0, ""nstres"": 0.3969584703445434}",0.0,0.3969584703445434,1965.3176879882808,0.0,0.7577691078186035,40.0,,0.0,0.0,40.0,0.0,6.073077392578124,22.073077392578124,Leave_One_experiments/all_year_offline_schedule_search/daily_outputs/SYA/SYA_2020_SYA2020_stress_grid_S0013_daily.csv
SYA,SYA,Shenyang,2020,Leave_One_experiments\wth_generated_qc\SYA\SYA2020.WTH,normal_year;water_stress_year;nitrogen_stress_year,water_stress,SYA2020_stress_grid_S0013,pareto_balanced,2020-07-11,193,88,83,"{""sim_day"": 88.0, ""doy"": 193.0, ""topwt"": 2028.565368652344, ""grnwt"": 0.0, ""xlai"": 0.7483382225036621, ""totir"": 40.0, ""tofer"": NaN, ""swfac"": 0.0, ""nstres"": 0.3898171186447143}",0.0,0.3898171186447143,2028.565368652344,0.0,0.7483382225036621,40.0,,0.0,0.0,40.0,0.0,6.073077392578124,22.073077392578124,Leave_One_experiments/all_year_offline_schedule_search/daily_outputs/SYA/SYA_2020_SYA2020_stress_grid_S0013_daily.csv
SYA,SYA,Shenyang,2020,Leave_One_experiments\wth_generated_qc\SYA\SYA2020.WTH,normal_year;water_stress_year;nitrogen_stress_year,water_stress,SYA2020_stress_grid_S0013,pareto_balanced,2020-07-12,194,89,84,"{""sim_day"": 89.0, ""doy"": 194.0, ""topwt"": 2092.501983642578, ""grnwt"": 0.0, ""xlai"": 0.7396659255027771, ""totir"": 40.0, ""tofer"": NaN, ""swfac"": 0.0, ""nstres"": 0.3807840943336487}",0.0,0.3807840943336487,2092.501983642578,0.0,0.7396659255027771,40.0,,0.0,0.0,40.0,0.0,6.073077392578124,22.073077392578124,Leave_One_experiments/all_year_offline_schedule_search/daily_outputs/SYA/SYA_2020_SYA2020_stress_grid_S0013_daily.csv
SYA,SYA,Shenyang,2020,Leave_One_experiments\wth_generated_qc\SYA\SYA2020.WTH,normal_year;water_stress_year;nitrogen_stress_year,water_stress,SYA2020_stress_grid_S0013,pareto_balanced,2020-07-13,195,90,85,"{""sim_day"": 90.0, ""doy"": 195.0, ""topwt"": 2156.376190185547, ""grnwt"": 0.0, ""xlai"": 0.7315827012062073, ""totir"": 40.0, ""tofer"": NaN, ""swfac"": 0.0, ""nstres"": 0.3702071905136108}",0.0,0.3702071905136108,2156.376190185547,0.0,0.7315827012062073,40.0,,0.0,0.0,40.0,0.0,6.073077392578124,22.073077392578124,Leave_One_experiments/all_year_offline_schedule_search/daily_outputs/SYA/SYA_2020_SYA2020_stress_grid_S0013_daily.csv
SYA,SYA,Shenyang,2020,Leave_One_experiments\wth_generated_qc\SYA\SYA2020.WTH,normal_year;water_stress_year;nitrogen_stress_year,water_stress,SYA2020_stress_grid_S0013,pareto_balanced,2020-07-14,196,91,86,"{""sim_day"": 91.0, ""doy"": 196.0, ""topwt"": 2227.122802734375, ""grnwt"": 0.0, ""xlai"": 0.7257034778594971, ""totir"": 40.0, ""tofer"": NaN, ""swfac"": 0.0, ""nstres"": 0.3622009754180908}",0.0,0.3622009754180908,2227.122802734375,0.0,0.7257034778594971,40.0,,0.0,0.0,40.0,0.0,6.073077392578124,22.073077392578124,Leave_One_experiments/all_year_offline_schedule_search/daily_outputs/SYA/SYA_2020_SYA2020_stress_grid_S0013_daily.csv
SYA,SYA,Shenyang,2020,Leave_One_experiments\wth_generated_qc\SYA\SYA2020.WTH,normal_year;water_stress_year;nitrogen_stress_year,water_stress,SYA2020_stress_grid_S0013,pareto_balanced,2020-07-15,197,92,87,"{""sim_day"": 92.0, ""doy"": 197.0, ""topwt"": 2349.7573852539062, ""grnwt"": 0.0, ""xlai"": 0.7030153870582581, ""totir"": 40.0, ""tofer"": NaN, ""swfac"": 0.0, ""nstres"": 0.3503292202949524}",0.0,0.3503292202949524,2349.7573852539062,0.0,0.7030153870582581,40.0,,0.0,0.0,40.0,0.0,6.073077392578124,22.073077392578124,Leave_One_experiments/all_year_offline_schedule_search/daily_outputs/SYA/SYA_2020_SYA2020_stress_grid_S0013_daily.csv
SYA,SYA,Shenyang,2020,Leave_One_experiments\wth_generated_qc\SYA\SYA2020.WTH,normal_year;water_stress_year;nitrogen_stress_year,water_stress,SYA2020_stress_grid_S0013,pareto_balanced,2020-07-16,198,93,88,"{""sim_day"": 93.0, ""doy"": 198.0, ""topwt"": 2441.073608398437, ""grnwt"": 0.0, ""xlai"": 0.6813997626304626, ""totir"": 40.0, ""tofer"": NaN, ""swfac"": 0.0, ""nstres"": 0.3379275202751159}",0.0,0.3379275202751159,2441.073608398437,0.0,0.6813997626304626,40.0,,0.0,0.0,40.0,0.0,6.073077392578124,22.073077392578124,Leave_One_experiments/all_year_offline_schedule_search/daily_outputs/SYA/SYA_2020_SYA2020_stress_grid_S0013_daily.csv
SYA,SYA,Shenyang,2020,Leave_One_experiments\wth_generated_qc\SYA\SYA2020.WTH,normal_year;water_stress_year;nitrogen_stress_year,water_stress,SYA2020_stress_grid_S0013,pareto_balanced,2020-07-17,199,94,89,"{""sim_day"": 94.0, ""doy"": 199.0, ""topwt"": 2525.7627868652344, ""grnwt"": 0.0, ""xlai"": 0.6601874232292175, ""totir"": 40.0, ""tofer"": NaN, ""swfac"": 0.0, ""nstres"": 0.3471303582191467}",0.0,0.3471303582191467,2525.7627868652344,0.0,0.6601874232292175,40.0,,0.0,0.0,40.0,0.0,6.073077392578124,22.073077392578124,Leave_One_experiments/all_year_offline_schedule_search/daily_outputs/SYA/SYA_2020_SYA2020_stress_grid_S0013_daily.csv
SYA,SYA,Shenyang,2020,Leave_One_experiments\wth_generated_qc\SYA\SYA2020.WTH,normal_year;water_stress_year;nitrogen_stress_year,water_stress,SYA2020_stress_grid_S0013,pareto_balanced,2020-07-18,200,95,90,"{""sim_day"": 95.0, ""doy"": 200.0, ""topwt"": 2522.6023864746094, ""grnwt"": 0.0, ""xlai"": 0.6396579146385193, ""totir"": 40.0, ""tofer"": NaN, ""swfac"": 0.0, ""nstres"": 0.3463135361671448}",0.0,0.3463135361671448,2522.6023864746094,0.0,0.6396579146385193,40.0,,0.0,0.0,40.0,0.0,6.073077392578124,22.073077392578124,Leave_One_experiments/all_year_offline_schedule_search/daily_outputs/SYA/SYA_2020_SYA2020_stress_grid_S0013_daily.csv
SYA,SYA,Shenyang,2020,Leave_One_experiments\wth_generated_qc\SYA\SYA2020.WTH,normal_year;water_stress_year;nitrogen_stress_year,water_stress,SYA2020_stress_grid_S0013,pareto_balanced,2020-07-19,201,96,91,"{""sim_day"": 96.0, ""doy"": 201.0, ""topwt"": 2630.760803222656, ""grnwt"": 0.0, ""xlai"": 0.6198651194572449, ""totir"": 40.0, ""tofer"": NaN, ""swfac"": 0.0, ""nstres"": 0.342628002166748}",0.0,0.342628002166748,2630.760803222656,0.0,0.6198651194572449,40.0,,0.0,0.0,40.0,0.0,6.073077392578124,22.073077392578124,Leave_One_experiments/all_year_offline_schedule_search/daily_outputs/SYA/SYA_2020_SYA2020_stress_grid_S0013_daily.csv
SYA,SYA,Shenyang,2020,Leave_One_experiments\wth_generated_qc\SYA\SYA2020.WTH,normal_year;water_stress_year;nitrogen_stress_year,water_stress,SYA2020_stress_grid_S0013,pareto_balanced,2020-07-20,202,97,92,"{""sim_day"": 97.0, ""doy"": 202.0, ""topwt"": 2735.179443359375, ""grnwt"": 0.0, ""xlai"": 0.6014347672462463, ""totir"": 40.0, ""tofer"": NaN, ""swfac"": 0.0, ""nstres"": 0.3135896921157837}",0.0,0.3135896921157837,2735.179443359375,0.0,0.6014347672462463,40.0,,0.0,0.0,40.0,0.0,6.073077392578124,22.073077392578124,Leave_One_experiments/all_year_offline_schedule_search/daily_outputs/SYA/SYA_2020_SYA2020_stress_grid_S0013_daily.csv
SYA,SYA,Shenyang,2020,Leave_One_experiments\wth_generated_qc\SYA\SYA2020.WTH,normal_year;water_stress_year;nitrogen_stress_year,water_stress,SYA2020_stress_grid_S0013,pareto_balanced,2020-07-21,203,98,93,"{""sim_day"": 98.0, ""doy"": 203.0, ""topwt"": 2839.883117675781, ""grnwt"": 0.0, ""xlai"": 0.5835201740264893, ""totir"": 40.0, ""tofer"": NaN, ""swfac"": 0.0, ""nstres"": 0.3148748874664306}",0.0,0.3148748874664306,2839.883117675781,0.0,0.5835201740264893,40.0,,0.0,0.0,40.0,0.0,6.073077392578124,22.073077392578124,Leave_One_experiments/all_year_offline_schedule_search/daily_outputs/SYA/SYA_2020_SYA2020_stress_grid_S0013_daily.csv
SYA,SYA,Shenyang,2020,Leave_One_experiments\wth_generated_qc\SYA\SYA2020.WTH,normal_year;water_stress_year;nitrogen_stress_year,water_stress,SYA2020_stress_grid_S0013,pareto_balanced,2020-07-22,204,99,94,"{""sim_day"": 99.0, ""doy"": 204.0, ""topwt"": 2928.158569335937, ""grnwt"": 0.0, ""xlai"": 0.5662251114845276, ""totir"": 40.0, ""tofer"": NaN, ""swfac"": 0.0, ""nstres"": 0.3113393783569336}",0.0,0.3113393783569336,2928.158569335937,0.0,0.5662251114845276,40.0,,0.0,0.0,40.0,0.0,6.073077392578124,22.073077392578124,Leave_One_experiments/all_year_offline_schedule_search/daily_outputs/SYA/SYA_2020_SYA2020_stress_grid_S0013_daily.csv
SYA,SYA,Shenyang,2020,Leave_One_experiments\wth_generated_qc\SYA\SYA2020.WTH,normal_year;water_stress_year;nitrogen_stress_year,water_stress,SYA2020_stress_grid_S0013,pareto_balanced,2020-07-23,205,100,95,"{""sim_day"": 100.0, ""doy"": 205.0, ""topwt"": 2999.3914794921875, ""grnwt"": 0.0, ""xlai"": 0.5495617985725403, ""totir"": 40.0, ""tofer"": NaN, ""swfac"": 0.0, ""nstres"": 0.3062903881072998}",0.0,0.3062903881072998,2999.3914794921875,0.0,0.5495617985725403,40.0,,0.0,0.0,40.0,0.0,6.073077392578124,22.073077392578124,Leave_One_experiments/all_year_offline_schedule_search/daily_outputs/SYA/SYA_2020_SYA2020_stress_grid_S0013_daily.csv
SYA,SYA,Shenyang,2020,Leave_One_experiments\wth_generated_qc\SYA\SYA2020.WTH,normal_year;water_stress_year;nitrogen_stress_year,water_stress,SYA2020_stress_grid_S0013,pareto_balanced,2020-07-24,206,101,96,"{""sim_day"": 101.0, ""doy"": 206.0, ""topwt"": 3094.759521484375, ""grnwt"": 0.0, ""xlai"": 0.5336536765098572, ""totir"": 40.0, ""tofer"": NaN, ""swfac"": 0.0, ""nstres"": 0.2947256565093994}",0.0,0.2947256565093994,3094.759521484375,0.0,0.5336536765098572,40.0,,0.0,0.0,40.0,0.0,6.073077392578124,22.073077392578124,Leave_One_experiments/all_year_offline_schedule_search/daily_outputs/SYA/SYA_2020_SYA2020_stress_grid_S0013_daily.csv
SYA,SYA,Shenyang,2020,Leave_One_experiments\wth_generated_qc\SYA\SYA2020.WTH,normal_year;water_stress_year;nitrogen_stress_year,water_stress,SYA2020_stress_grid_S0013,pareto_balanced,2020-07-25,207,102,97,"{""sim_day"": 102.0, ""doy"": 207.0, ""topwt"": 3214.5828247070312, ""grnwt"": 123.88498306274414, ""xlai"": 0.5186347365379333, ""totir"": 40.0, ""tofer"": NaN, ""swfac"": 0.0, ""nstres"": 0.2754461765289306}",0.0,0.2754461765289306,3214.5828247070312,123.88498306274414,0.5186347365379333,40.0,,0.0,0.0,40.0,0.0,6.073077392578124,22.073077392578124,Leave_One_experiments/all_year_offline_schedule_search/daily_outputs/SYA/SYA_2020_SYA2020_stress_grid_S0013_daily.csv
SYA,SYA,Shenyang,2020,Leave_One_experiments\wth_generated_qc\SYA\SYA2020.WTH,normal_year;water_stress_year;nitrogen_stress_year,water_stress,SYA2020_stress_grid_S0013,pareto_balanced,2020-07-26,208,103,98,"{""sim_day"": 103.0, ""doy"": 208.0, ""topwt"": 3266.489562988281, ""grnwt"": 208.0776405334473, ""xlai"": 0.5031285881996155, ""totir"": 40.0, ""tofer"": NaN, ""swfac"": 0.0, ""nstres"": 0.3175517320632934}",0.0,0.3175517320632934,3266.489562988281,208.0776405334473,0.5031285881996155,40.0,,0.0,0.0,40.0,0.0,6.073077392578124,22.073077392578124,Leave_One_experiments/all_year_offline_schedule_search/daily_outputs/SYA/SYA_2020_SYA2020_stress_grid_S0013_daily.csv
SYA,SYA,Shenyang,2020,Leave_One_experiments\wth_generated_qc\SYA\SYA2020.WTH,normal_year;water_stress_year;nitrogen_stress_year,water_stress,SYA2020_stress_grid_S0013,pareto_balanced,2020-07-27,209,104,99,"{""sim_day"": 104.0, ""doy"": 209.0, ""topwt"": 3360.357666015625, ""grnwt"": 292.2702980041504, ""xlai"": 0.4881569147109985, ""totir"": 40.0, ""tofer"": NaN, ""swfac"": 0.0, ""nstres"": 0.3141742944717407}",0.0,0.3141742944717407,3360.357666015625,292.2702980041504,0.4881569147109985,40.0,,0.0,0.0,40.0,0.0,6.073077392578124,22.073077392578124,Leave_One_experiments/all_year_offline_schedule_search/daily_outputs/SYA/SYA_2020_SYA2020_stress_grid_S0013_daily.csv
SYA,SYA,Shenyang,2020,Leave_One_experiments\wth_generated_qc\SYA\SYA2020.WTH,normal_year;water_stress_year;nitrogen_stress_year,water_stress,SYA2020_stress_grid_S0013,pareto_balanced,2020-07-28,210,105,100,"{""sim_day"": 105.0, ""doy"": 210.0, ""topwt"": 3440.307922363281, ""grnwt"": 376.4629364013672, ""xlai"": 0.4737939238548279, ""totir"": 40.0, ""tofer"": NaN, ""swfac"": 0.0, ""nstres"": 0.3061471581459045}",0.0,0.3061471581459045,3440.307922363281,376.4629364013672,0.4737939238548279,40.0,,0.0,0.0,40.0,0.0,6.073077392578124,22.073077392578124,Leave_One_experiments/all_year_offline_schedule_search/daily_outputs/SYA/SYA_2020_SYA2020_stress_grid_S0013_daily.csv
SYA,SYA,Shenyang,2020,Leave_One_experiments\wth_generated_qc\SYA\SYA2020.WTH,normal_year;water_stress_year;nitrogen_stress_year,water_stress,SYA2020_stress_grid_S0013,pareto_balanced,2020-07-29,211,106,101,"{""sim_day"": 106.0, ""doy"": 211.0, ""topwt"": 3507.9351806640625, ""grnwt"": 460.6555938720703, ""xlai"": 0.4597756266593933, ""totir"": 40.0, ""tofer"": NaN, ""swfac"": 0.0, ""nstres"": 0.3100980520248413}",0.0,0.3100980520248413,3507.9351806640625,460.6555938720703,0.4597756266593933,40.0,,0.0,0.0,40.0,0.0,6.073077392578124,22.073077392578124,Leave_One_experiments/all_year_offline_schedule_search/daily_outputs/SYA/SYA_2020_SYA2020_stress_grid_S0013_daily.csv
SYA,SYA,Shenyang,2020,Leave_One_experiments\wth_generated_qc\SYA\SYA2020.WTH,normal_year;water_stress_year;nitrogen_stress_year,water_stress,SYA2020_stress_grid_S0013,pareto_balanced,2020-07-30,212,107,102,"{""sim_day"": 107.0, ""doy"": 212.0, ""topwt"": 3595.4840087890625, ""grnwt"": 535.3765869140625, ""xlai"": 0.4461712837219238, ""totir"": 40.0, ""tofer"": NaN, ""swfac"": 0.0, ""nstres"": 0.3101394772529602}",0.0,0.3101394772529602,3595.4840087890625,535.3765869140625,0.4461712837219238,40.0,,0.0,0.0,40.0,0.0,6.073077392578124,22.073077392578124,Leave_One_experiments/all_year_offline_schedule_search/daily_outputs/SYA/SYA_2020_SYA2020_stress_grid_S0013_daily.csv
SYA,SYA,Shenyang,2020,Leave_One_experiments\wth_generated_qc\SYA\SYA2020.WTH,normal_year;water_stress_year;nitrogen_stress_year,water_stress,SYA2020_stress_grid_S0013,pareto_balanced,2020-07-31,213,108,103,"{""sim_day"": 108.0, ""doy"": 213.0, ""topwt"": 3673.5226440429688, ""grnwt"": 607.4665069580078, ""xlai"": 0.4331029653549194, ""totir"": 40.0, ""tofer"": NaN, ""swfac"": 0.0, ""nstres"": 0.302955150604248}",0.0,0.302955150604248,3673.5226440429688,607.4665069580078,0.4331029653549194,40.0,,0.0,0.0,40.0,0.0,6.073077392578124,22.073077392578124,Leave_One_experiments/all_year_offline_schedule_search/daily_outputs/SYA/SYA_2020_SYA2020_stress_grid_S0013_daily.csv
SYA,SYA,Shenyang,2020,Leave_One_experiments\wth_generated_qc\SYA\SYA2020.WTH,normal_year;water_stress_year;nitrogen_stress_year,water_stress,SYA2020_stress_grid_S0013,pareto_balanced,2020-08-01,214,109,104,"{""sim_day"": 109.0, ""doy"": 214.0, ""topwt"": 3715.9228515625, ""grnwt"": 691.6591644287109, ""xlai"": 0.4203109741210937, ""totir"": 40.0, ""tofer"": NaN, ""swfac"": 0.0, ""nstres"": 0.3088573813438415}",0.0,0.3088573813438415,3715.9228515625,691.6591644287109,0.4203109741210937,40.0,,0.0,0.0,40.0,0.0,6.073077392578124,22.073077392578124,Leave_One_experiments/all_year_offline_schedule_search/daily_outputs/SYA/SYA_2020_SYA2020_stress_grid_S0013_daily.csv
SYA,SYA,Shenyang,2020,Leave_One_experiments\wth_generated_qc\SYA\SYA2020.WTH,normal_year;water_stress_year;nitrogen_stress_year,water_stress,SYA2020_stress_grid_S0013,pareto_balanced,2020-08-02,215,110,105,"{""sim_day"": 110.0, ""doy"": 215.0, ""topwt"": 3762.2906494140634, ""grnwt"": 775.8518218994141, ""xlai"": 0.4077882766723633, ""totir"": 40.0, ""tofer"": NaN, ""swfac"": 0.0, ""nstres"": 0.3150547742843628}",0.0,0.3150547742843628,3762.2906494140634,775.8518218994141,0.4077882766723633,40.0,,0.0,0.0,40.0,0.0,6.073077392578124,22.073077392578124,Leave_One_experiments/all_year_offline_schedule_search/daily_outputs/SYA/SYA_2020_SYA2020_stress_grid_S0013_daily.csv
SYA,SYA,Shenyang,2020,Leave_One_experiments\wth_generated_qc\SYA\SYA2020.WTH,normal_year;water_stress_year;nitrogen_stress_year,water_stress,SYA2020_stress_grid_S0013,pareto_balanced,2020-08-03,216,111,106,"{""sim_day"": 111.0, ""doy"": 216.0, ""topwt"": 3846.1593627929688, ""grnwt"": 860.0444793701172, ""xlai"": 0.3958382308483124, ""totir"": 40.0, ""tofer"": NaN, ""swfac"": 0.0, ""nstres"": 0.3033103942871094}",0.0,0.3033103942871094,3846.1593627929688,860.0444793701172,0.3958382308483124,40.0,,0.0,0.0,40.0,0.0,6.073077392578124,22.073077392578124,Leave_One_experiments/all_year_offline_schedule_search/daily_outputs/SYA/SYA_2020_SYA2020_stress_grid_S0013_daily.csv
SYA,SYA,Shenyang,2020,Leave_One_experiments\wth_generated_qc\SYA\SYA2020.WTH,normal_year;water_stress_year;nitrogen_stress_year,water_stress,SYA2020_stress_grid_S0013,pareto_balanced,2020-08-04,217,112,107,"{""sim_day"": 112.0, ""doy"": 217.0, ""topwt"": 3912.049560546875, ""grnwt"": 940.553741455078, ""xlai"": 0.3844046890735626, ""totir"": 40.0, ""tofer"": NaN, ""swfac"": 0.0, ""nstres"": 0.2932221293449402}",0.0,0.2932221293449402,3912.049560546875,940.553741455078,0.3844046890735626,40.0,,0.0,0.0,40.0,0.0,6.073077392578124,22.073077392578124,Leave_One_experiments/all_year_offline_schedule_search/daily_outputs/SYA/SYA_2020_SYA2020_stress_grid_S0013_daily.csv
SYA,SYA,Shenyang,2020,Leave_One_experiments\wth_generated_qc\SYA\SYA2020.WTH,normal_year;water_stress_year;nitrogen_stress_year,water_stress,SYA2020_stress_grid_S0013,pareto_balanced,2020-08-05,218,113,108,"{""sim_day"": 113.0, ""doy"": 218.0, ""topwt"": 4000.5099487304688, ""grnwt"": 1024.7463989257812, ""xlai"": 0.3731749057769775, ""totir"": 40.0, ""tofer"": NaN, ""swfac"": 0.0, ""nstres"": 0.3011198043823242}",0.0,0.3011198043823242,4000.5099487304688,1024.7463989257812,0.3731749057769775,40.0,,0.0,0.0,40.0,0.0,6.073077392578124,22.073077392578124,Leave_One_experiments/all_year_offline_schedule_search/daily_outputs/SYA/SYA_2020_SYA2020_stress_grid_S0013_daily.csv
SYA,SYA,Shenyang,2020,Leave_One_experiments\wth_generated_qc\SYA\SYA2020.WTH,normal_year;water_stress_year;nitrogen_stress_year,water_stress,SYA2020_stress_grid_S0013,pareto_balanced,2020-08-06,219,114,109,"{""sim_day"": 114.0, ""doy"": 219.0, ""topwt"": 4087.837219238281, ""grnwt"": 1108.9390563964844, ""xlai"": 0.3621993660926819, ""totir"": 40.0, ""tofer"": NaN, ""swfac"": 0.0, ""nstres"": 0.30586838722229}",0.0,0.30586838722229,4087.837219238281,1108.9390563964844,0.3621993660926819,40.0,,0.0,0.0,40.0,0.0,6.073077392578124,22.073077392578124,Leave_One_experiments/all_year_offline_schedule_search/daily_outputs/SYA/SYA_2020_SYA2020_stress_grid_S0013_daily.csv
SYA,SYA,Shenyang,2020,Leave_One_experiments\wth_generated_qc\SYA\SYA2020.WTH,normal_year;water_stress_year;nitrogen_stress_year,water_stress,SYA2020_stress_grid_S0013,pareto_balanced,2020-08-07,220,115,110,"{""sim_day"": 115.0, ""doy"": 220.0, ""topwt"": 4164.5452880859375, ""grnwt"": 1193.1317138671875, ""xlai"": 0.3513532280921936, ""totir"": 40.0, ""tofer"": NaN, ""swfac"": 0.0, ""nstres"": 0.3186882138252258}",0.0,0.3186882138252258,4164.5452880859375,1193.1317138671875,0.3513532280921936,40.0,,0.0,0.0,40.0,0.0,6.073077392578124,22.073077392578124,Leave_One_experiments/all_year_offline_schedule_search/daily_outputs/SYA/SYA_2020_SYA2020_stress_grid_S0013_daily.csv
SYA,SYA,Shenyang,2020,Leave_One_experiments\wth_generated_qc\SYA\SYA2020.WTH,normal_year;water_stress_year;nitrogen_stress_year,water_stress,SYA2020_stress_grid_S0013,pareto_balanced,2020-08-08,221,116,111,"{""sim_day"": 116.0, ""doy"": 221.0, ""topwt"": 4193.6553955078125, ""grnwt"": 1277.3243713378906, ""xlai"": 0.340662270784378, ""totir"": 40.0, ""tofer"": NaN, ""swfac"": 0.0, ""nstres"": 0.3302673697471618}",0.0,0.3302673697471618,4193.6553955078125,1277.3243713378906,0.340662270784378,40.0,,0.0,0.0,40.0,0.0,6.073077392578124,22.073077392578124,Leave_One_experiments/all_year_offline_schedule_search/daily_outputs/SYA/SYA_2020_SYA2020_stress_grid_S0013_daily.csv
SYA,SYA,Shenyang,2020,Leave_One_experiments\wth_generated_qc\SYA\SYA2020.WTH,normal_year;water_stress_year;nitrogen_stress_year,water_stress,SYA2020_stress_grid_S0013,pareto_balanced,2020-08-09,222,117,112,"{""sim_day"": 117.0, ""doy"": 222.0, ""topwt"": 4252.559814453125, ""grnwt"": 1354.6763610839844, ""xlai"": 0.3302528858184814, ""totir"": 40.0, ""tofer"": NaN, ""swfac"": 0.0, ""nstres"": 0.3333481550216675}",0.0,0.3333481550216675,4252.559814453125,1354.6763610839844,0.3302528858184814,40.0,,0.0,0.0,40.0,0.0,6.073077392578124,22.073077392578124,Leave_One_experiments/all_year_offline_schedule_search/daily_outputs/SYA/SYA_2020_SYA2020_stress_grid_S0013_daily.csv
SYA,SYA,Shenyang,2020,Leave_One_experiments\wth_generated_qc\SYA\SYA2020.WTH,normal_year;water_stress_year;nitrogen_stress_year,water_stress,SYA2020_stress_grid_S0013,pareto_balanced,2020-08-10,223,118,113,"{""sim_day"": 118.0, ""doy"": 223.0, ""topwt"": 4324.322814941406, ""grnwt"": 1438.8690185546875, ""xlai"": 0.3205012083053589, ""totir"": 40.0, ""tofer"": NaN, ""swfac"": 0.0, ""nstres"": 0.3086677193641662}",0.0,0.3086677193641662,4324.322814941406,1438.8690185546875,0.3205012083053589,40.0,,0.0,0.0,40.0,0.0,6.073077392578124,22.073077392578124,Leave_One_experiments/all_year_offline_schedule_search/daily_outputs/SYA/SYA_2020_SYA2020_stress_grid_S0013_daily.csv
SYA,SYA,Shenyang,2020,Leave_One_experiments\wth_generated_qc\SYA\SYA2020.WTH,normal_year;water_stress_year;nitrogen_stress_year,water_stress,SYA2020_stress_grid_S0013,pareto_balanced,2020-08-11,224,119,114,"{""sim_day"": 119.0, ""doy"": 224.0, ""topwt"": 4368.298645019531, ""grnwt"": 1507.2756958007812, ""xlai"": 0.3110278844833374, ""totir"": 40.0, ""tofer"": NaN, ""swfac"": 0.0, ""nstres"": 0.3093870282173157}",0.0,0.3093870282173157,4368.298645019531,1507.2756958007812,0.3110278844833374,40.0,,0.0,0.0,40.0,0.0,6.073077392578124,22.073077392578124,Leave_One_experiments/all_year_offline_schedule_search/daily_outputs/SYA/SYA_2020_SYA2020_stress_grid_S0013_daily.csv
SYA,SYA,Shenyang,2020,Leave_One_experiments\wth_generated_qc\SYA\SYA2020.WTH,normal_year;water_stress_year;nitrogen_stress_year,water_stress,SYA2020_stress_grid_S0013,pareto_balanced,2020-08-12,225,120,115,"{""sim_day"": 120.0, ""doy"": 225.0, ""topwt"": 4374.928588867188, ""grnwt"": 1591.4682006835938, ""xlai"": 0.3018925189971924, ""totir"": 40.0, ""tofer"": NaN, ""swfac"": 0.0, ""nstres"": 0.3049135208129883}",0.0,0.3049135208129883,4374.928588867188,1591.4682006835938,0.3018925189971924,40.0,,0.0,0.0,40.0,0.0,6.073077392578124,22.073077392578124,Leave_One_experiments/all_year_offline_schedule_search/daily_outputs/SYA/SYA_2020_SYA2020_stress_grid_S0013_daily.csv
SYA,SYA,Shenyang,2020,Leave_One_experiments\wth_generated_qc\SYA\SYA2020.WTH,normal_year;water_stress_year;nitrogen_stress_year,water_stress,SYA2020_stress_grid_S0013,pareto_balanced,2020-08-13,226,121,116,"{""sim_day"": 121.0, ""doy"": 226.0, ""topwt"": 4447.965087890625, ""grnwt"": 1663.0319213867188, ""xlai"": 0.2930918931961059, ""totir"": 40.0, ""tofer"": NaN, ""swfac"": 0.0, ""nstres"": 0.2996338009834289}",0.0,0.2996338009834289,4447.965087890625,1663.0319213867188,0.2930918931961059,40.0,,0.0,0.0,40.0,0.0,6.073077392578124,22.073077392578124,Leave_One_experiments/all_year_offline_schedule_search/daily_outputs/SYA/SYA_2020_SYA2020_stress_grid_S0013_daily.csv
SYA,SYA,Shenyang,2020,Leave_One_experiments\wth_generated_qc\SYA\SYA2020.WTH,normal_year;water_stress_year;nitrogen_stress_year,water_stress,SYA2020_stress_grid_S0013,pareto_balanced,2020-08-14,227,122,117,"{""sim_day"": 122.0, ""doy"": 227.0, ""topwt"": 4478.3038330078125, ""grnwt"": 1747.224578857422, ""xlai"": 0.2849172949790954, ""totir"": 40.0, ""tofer"": NaN, ""swfac"": 0.0, ""nstres"": 0.2693779468536377}",0.0,0.2693779468536377,4478.3038330078125,1747.224578857422,0.2849172949790954,40.0,,0.0,0.0,40.0,0.0,6.073077392578124,22.073077392578124,Leave_One_experiments/all_year_offline_schedule_search/daily_outputs/SYA/SYA_2020_SYA2020_stress_grid_S0013_daily.csv
SYA,SYA,Shenyang,2020,Leave_One_experiments\wth_generated_qc\SYA\SYA2020.WTH,normal_year;water_stress_year;nitrogen_stress_year,water_stress,SYA2020_stress_grid_S0013,pareto_balanced,2020-08-15,228,123,118,"{""sim_day"": 123.0, ""doy"": 228.0, ""topwt"": 4534.845581054688, ""grnwt"": 1831.4170837402344, ""xlai"": 0.2766705155372619, ""totir"": 40.0, ""tofer"": NaN, ""swfac"": 0.0, ""nstres"": 0.2946704626083374}",0.0,0.2946704626083374,4534.845581054688,1831.4170837402344,0.2766705155372619,40.0,,0.0,0.0,40.0,0.0,6.073077392578124,22.073077392578124,Leave_One_experiments/all_year_offline_schedule_search/daily_outputs/SYA/SYA_2020_SYA2020_stress_grid_S0013_daily.csv
SYA,SYA,Shenyang,2020,Leave_One_experiments\wth_generated_qc\SYA\SYA2020.WTH,normal_year;water_stress_year;nitrogen_stress_year,water_stress,SYA2020_stress_grid_S0013,pareto_balanced,2020-08-16,229,124,119,"{""sim_day"": 124.0, ""doy"": 229.0, ""topwt"": 4569.587707519531, ""grnwt"": 1913.504943847656, ""xlai"": 0.2687397599220276, ""totir"": 40.0, ""tofer"": NaN, ""swfac"": 0.0, ""nstres"": 0.2879599332809448}",0.0,0.2879599332809448,4569.587707519531,1913.504943847656,0.2687397599220276,40.0,,0.0,0.0,40.0,0.0,6.073077392578124,22.073077392578124,Leave_One_experiments/all_year_offline_schedule_search/daily_outputs/SYA/SYA_2020_SYA2020_stress_grid_S0013_daily.csv
SYA,SYA,Shenyang,2020,Leave_One_experiments\wth_generated_qc\SYA\SYA2020.WTH,normal_year;water_stress_year;nitrogen_stress_year,water_stress,SYA2020_stress_grid_S0013,pareto_balanced,2020-08-17,230,125,120,"{""sim_day"": 125.0, ""doy"": 230.0, ""topwt"": 4598.56689453125, ""grnwt"": 1992.9617309570312, ""xlai"": 0.2609657645225525, ""totir"": 40.0, ""tofer"": NaN, ""swfac"": 0.0, ""nstres"": 0.2942607998847961}",0.0,0.2942607998847961,4598.56689453125,1992.9617309570312,0.2609657645225525,40.0,,0.0,0.0,40.0,0.0,6.073077392578124,22.073077392578124,Leave_One_experiments/all_year_offline_schedule_search/daily_outputs/SYA/SYA_2020_SYA2020_stress_grid_S0013_daily.csv
SYA,SYA,Shenyang,2020,Leave_One_experiments\wth_generated_qc\SYA\SYA2020.WTH,normal_year;water_stress_year;nitrogen_stress_year,water_stress,SYA2020_stress_grid_S0013,pareto_balanced,2020-08-18,231,126,121,"{""sim_day"": 126.0, ""doy"": 231.0, ""topwt"": 4609.297180175781, ""grnwt"": 2077.1543884277344, ""xlai"": 0.2534294724464416, ""totir"": 40.0, ""tofer"": NaN, ""swfac"": 0.0, ""nstres"": 0.2930815815925598}",0.0,0.2930815815925598,4609.297180175781,2077.1543884277344,0.2534294724464416,40.0,,0.0,0.0,40.0,0.0,6.073077392578124,22.073077392578124,Leave_One_experiments/all_year_offline_schedule_search/daily_outputs/SYA/SYA_2020_SYA2020_stress_grid_S0013_daily.csv
SYA,SYA,Shenyang,2020,Leave_One_experiments\wth_generated_qc\SYA\SYA2020.WTH,normal_year;water_stress_year;nitrogen_stress_year,water_stress,SYA2020_stress_grid_S0013,pareto_balanced,2020-08-19,232,127,122,"{""sim_day"": 127.0, ""doy"": 232.0, ""topwt"": 4643.39111328125, ""grnwt"": 2161.347045898437, ""xlai"": 0.2460992187261581, ""totir"": 40.0, ""tofer"": NaN, ""swfac"": 0.0, ""nstres"": 0.2941790223121643}",0.0,0.2941790223121643,4643.39111328125,2161.347045898437,0.2460992187261581,40.0,,0.0,0.0,40.0,0.0,6.073077392578124,22.073077392578124,Leave_One_experiments/all_year_offline_schedule_search/daily_outputs/SYA/SYA_2020_SYA2020_stress_grid_S0013_daily.csv
SYA,SYA,Shenyang,2020,Leave_One_experiments\wth_generated_qc\SYA\SYA2020.WTH,normal_year;water_stress_year;nitrogen_stress_year,water_stress,SYA2020_stress_grid_S0013,pareto_balanced,2020-08-20,233,128,123,"{""sim_day"": 128.0, ""doy"": 233.0, ""topwt"": 4697.130432128906, ""grnwt"": 2245.53955078125, ""xlai"": 0.239012598991394, ""totir"": 40.0, ""tofer"": NaN, ""swfac"": 0.0, ""nstres"": 0.2910952568054199}",0.0,0.2910952568054199,4697.130432128906,2245.53955078125,0.239012598991394,40.0,,0.0,0.0,40.0,0.0,6.073077392578124,22.073077392578124,Leave_One_experiments/all_year_offline_schedule_search/daily_outputs/SYA/SYA_2020_SYA2020_stress_grid_S0013_daily.csv
SYA,SYA,Shenyang,2020,Leave_One_experiments\wth_generated_qc\SYA\SYA2020.WTH,normal_year;water_stress_year;nitrogen_stress_year,water_stress,SYA2020_stress_grid_S0013,pareto_balanced,2020-08-21,234,129,124,"{""sim_day"": 129.0, ""doy"": 234.0, ""topwt"": 4740.928649902344, ""grnwt"": 2329.7320556640625, ""xlai"": 0.2319702357053756, ""totir"": 40.0, ""tofer"": NaN, ""swfac"": 0.0, ""nstres"": 0.3071407675743103}",0.0,0.3071407675743103,4740.928649902344,2329.7320556640625,0.2319702357053756,40.0,,0.0,0.0,40.0,0.0,6.073077392578124,22.073077392578124,Leave_One_experiments/all_year_offline_schedule_search/daily_outputs/SYA/SYA_2020_SYA2020_stress_grid_S0013_daily.csv
SYA,SYA,Shenyang,2020,Leave_One_experiments\wth_generated_qc\SYA\SYA2020.WTH,normal_year;water_stress_year;nitrogen_stress_year,water_stress,SYA2020_stress_grid_S0013,pareto_balanced,2020-08-22,235,130,125,"{""sim_day"": 130.0, ""doy"": 235.0, ""topwt"": 4785.411682128906, ""grnwt"": 2413.9247131347656, ""xlai"": 0.2249048799276352, ""totir"": 40.0, ""tofer"": NaN, ""swfac"": 0.0, ""nstres"": 0.3309877514839172}",0.0,0.3309877514839172,4785.411682128906,2413.9247131347656,0.2249048799276352,40.0,,0.0,0.0,40.0,0.0,6.073077392578124,22.073077392578124,Leave_One_experiments/all_year_offline_schedule_search/daily_outputs/SYA/SYA_2020_SYA2020_stress_grid_S0013_daily.csv
SYA,SYA,Shenyang,2020,Leave_One_experiments\wth_generated_qc\SYA\SYA2020.WTH,normal_year;water_stress_year;nitrogen_stress_year,water_stress,SYA2020_stress_grid_S0013,pareto_balanced,2020-08-23,236,131,126,"{""sim_day"": 131.0, ""doy"": 236.0, ""topwt"": 4794.931640625, ""grnwt"": 2498.117218017578, ""xlai"": 0.2179541438817978, ""totir"": 40.0, ""tofer"": NaN, ""swfac"": 0.0, ""nstres"": 0.3417240381240845}",0.0,0.3417240381240845,4794.931640625,2498.117218017578,0.2179541438817978,40.0,,0.0,0.0,40.0,0.0,6.073077392578124,22.073077392578124,Leave_One_experiments/all_year_offline_schedule_search/daily_outputs/SYA/SYA_2020_SYA2020_stress_grid_S0013_daily.csv
SYA,SYA,Shenyang,2020,Leave_One_experiments\wth_generated_qc\SYA\SYA2020.WTH,normal_year;water_stress_year;nitrogen_stress_year,water_stress,SYA2020_stress_grid_S0013,pareto_balanced,2020-08-24,237,132,127,"{""sim_day"": 132.0, ""doy"": 237.0, ""topwt"": 4833.6114501953125, ""grnwt"": 2582.309875488281, ""xlai"": 0.2110653966665268, ""totir"": 40.0, ""tofer"": NaN, ""swfac"": 0.0, ""nstres"": 0.35855233669281}",0.0,0.35855233669281,4833.6114501953125,2582.309875488281,0.2110653966665268,40.0,,0.0,0.0,40.0,0.0,6.073077392578124,22.073077392578124,Leave_One_experiments/all_year_offline_schedule_search/daily_outputs/SYA/SYA_2020_SYA2020_stress_grid_S0013_daily.csv
SYA,SYA,Shenyang,2020,Leave_One_experiments\wth_generated_qc\SYA\SYA2020.WTH,normal_year;water_stress_year;nitrogen_stress_year,water_stress,SYA2020_stress_grid_S0013,pareto_balanced,2020-08-25,238,133,128,"{""sim_day"": 133.0, ""doy"": 238.0, ""topwt"": 4843.393249511719, ""grnwt"": 2595.7565307617188, ""xlai"": 0.2044600248336792, ""totir"": 40.0, ""tofer"": NaN, ""swfac"": 0.0, ""nstres"": 0.3510859608650207}",0.0,0.3510859608650207,4843.393249511719,2595.7565307617188,0.2044600248336792,40.0,,0.0,0.0,40.0,0.0,6.073077392578124,22.073077392578124,Leave_One_experiments/all_year_offline_schedule_search/daily_outputs/SYA/SYA_2020_SYA2020_stress_grid_S0013_daily.csv
SYA,SYA,Shenyang,2020,Leave_One_experiments\wth_generated_qc\SYA\SYA2020.WTH,normal_year;water_stress_year;nitrogen_stress_year,water_stress,SYA2020_stress_grid_S0013,pareto_balanced,2020-08-26,239,134,129,"{""sim_day"": 134.0, ""doy"": 239.0, ""topwt"": 4854.9444580078125, ""grnwt"": 2607.3077392578125, ""xlai"": 0.1985802948474884, ""totir"": 40.0, ""tofer"": NaN, ""swfac"": 0.0, ""nstres"": 0.2901821732521057}",0.0,0.2901821732521057,4854.9444580078125,2607.3077392578125,0.1985802948474884,40.0,,0.0,0.0,40.0,0.0,6.073077392578124,22.073077392578124,Leave_One_experiments/all_year_offline_schedule_search/daily_outputs/SYA/SYA_2020_SYA2020_stress_grid_S0013_daily.csv
SYA,SYA,Shenyang,2020,Leave_One_experiments\wth_generated_qc\SYA\SYA2020.WTH,normal_year;water_stress_year;nitrogen_stress_year,water_stress,SYA2020_stress_grid_S0013,pareto_balanced,2020-08-27,240,135,130,"{""sim_day"": 135.0, ""doy"": 240.0, ""topwt"": 4854.9444580078125, ""grnwt"": 2607.3077392578125, ""xlai"": 0.1985802948474884, ""totir"": 40.0, ""tofer"": NaN, ""swfac"": 0.0, ""nstres"": 0.2536502480506897}",0.0,0.2536502480506897,4854.9444580078125,2607.3077392578125,0.1985802948474884,40.0,,0.0,0.0,40.0,0.0,6.073077392578124,22.073077392578124,Leave_One_experiments/all_year_offline_schedule_search/daily_outputs/SYA/SYA_2020_SYA2020_stress_grid_S0013_daily.csv
SYA,SYA,Shenyang,2020,Leave_One_experiments\wth_generated_qc\SYA\SYA2020.WTH,normal_year;water_stress_year;nitrogen_stress_year,water_stress,SYA2020_stress_grid_S0013,pareto_balanced,2020-08-28,241,136,131,"{""sim_day"": 136.0, ""doy"": 241.0, ""topwt"": 4854.9444580078125, ""grnwt"": 2607.3077392578125, ""xlai"": 0.1985802948474884, ""totir"": 40.0, ""tofer"": NaN, ""swfac"": 0.0, ""nstres"": 0.2536502480506897}",0.0,0.2536502480506897,4854.9444580078125,2607.3077392578125,0.1985802948474884,40.0,,0.0,0.0,40.0,0.0,6.073077392578124,22.073077392578124,Leave_One_experiments/all_year_offline_schedule_search/daily_outputs/SYA/SYA_2020_SYA2020_stress_grid_S0013_daily.csv
SYA,SYA,Shenyang,2020,Leave_One_experiments\wth_generated_qc\SYA\SYA2020.WTH,normal_year;water_stress_year;nitrogen_stress_year,water_stress,SYA2020_stress_grid_S0013,pareto_balanced,2020-08-29,242,137,132,"{""sim_day"": 137.0, ""doy"": 242.0, ""topwt"": 4854.9444580078125, ""grnwt"": 2607.3077392578125, ""xlai"": 0.1985802948474884, ""totir"": 40.0, ""tofer"": NaN, ""swfac"": 0.0, ""nstres"": 0.2536502480506897}",0.0,0.2536502480506897,4854.9444580078125,2607.3077392578125,0.1985802948474884,40.0,,0.0,0.0,40.0,0.0,6.073077392578124,22.073077392578124,Leave_One_experiments/all_year_offline_schedule_search/daily_outputs/SYA/SYA_2020_SYA2020_stress_grid_S0013_daily.csv
SYA,SYA,Shenyang,2020,Leave_One_experiments\wth_generated_qc\SYA\SYA2020.WTH,normal_year;water_stress_year;nitrogen_stress_year,water_stress,SYA2020_stress_grid_S0013,pareto_balanced,2020-08-30,243,138,133,"{""sim_day"": 138.0, ""doy"": 243.0, ""topwt"": 4854.9444580078125, ""grnwt"": 2607.3077392578125, ""xlai"": 0.1985802948474884, ""totir"": 40.0, ""tofer"": NaN, ""swfac"": 0.0, ""nstres"": 0.2536502480506897}",0.0,0.2536502480506897,4854.9444580078125,2607.3077392578125,0.1985802948474884,40.0,,0.0,0.0,40.0,0.0,6.073077392578124,22.073077392578124,Leave_One_experiments/all_year_offline_schedule_search/daily_outputs/SYA/SYA_2020_SYA2020_stress_grid_S0013_daily.csv
SYA,SYA,Shenyang,2020,Leave_One_experiments\wth_generated_qc\SYA\SYA2020.WTH,normal_year;water_stress_year;nitrogen_stress_year,water_stress,SYA2020_stress_grid_S0048,pareto_balanced,2020-04-20,111,1,1,"{""sim_day"": 1.0, ""doy"": 111.0, ""topwt"": 0.0, ""grnwt"": 0.0, ""xlai"": 0.0, ""totir"": 0.0, ""tofer"": NaN, ""swfac"": 0.0, ""nstres"": 0.0}",0.0,0.0,0.0,0.0,0.0,0.0,,0.0,0.0,60.0,0.0,-3.759103393554685,20.240896606445315,Leave_One_experiments/all_year_offline_schedule_search/daily_outputs/SYA/SYA_2020_SYA2020_stress_grid_S0048_daily.csv
SYA,SYA,Shenyang,2020,Leave_One_experiments\wth_generated_qc\SYA\SYA2020.WTH,normal_year;water_stress_year;nitrogen_stress_year,water_stress,SYA2020_stress_grid_S0048,pareto_balanced,2020-04-21,112,2,2,"{""sim_day"": 2.0, ""doy"": 112.0, ""topwt"": 0.0, ""grnwt"": 0.0, ""xlai"": 0.0, ""totir"": 0.0, ""tofer"": NaN, ""swfac"": 0.0, ""nstres"": 0.0}",0.0,0.0,0.0,0.0,0.0,0.0,,0.0,0.0,60.0,0.0,-3.759103393554685,20.240896606445315,Leave_One_experiments/all_year_offline_schedule_search/daily_outputs/SYA/SYA_2020_SYA2020_stress_grid_S0048_daily.csv
SYA,SYA,Shenyang,2020,Leave_One_experiments\wth_generated_qc\SYA\SYA2020.WTH,normal_year;water_stress_year;nitrogen_stress_year,water_stress,SYA2020_stress_grid_S0048,pareto_balanced,2020-04-22,113,3,3,"{""sim_day"": 3.0, ""doy"": 113.0, ""topwt"": 0.0, ""grnwt"": 0.0, ""xlai"": 0.0, ""totir"": 0.0, ""tofer"": NaN, ""swfac"": 0.0, ""nstres"": 0.0}",0.0,0.0,0.0,0.0,0.0,0.0,,0.0,0.0,60.0,0.0,-3.759103393554685,20.240896606445315,Leave_One_experiments/all_year_offline_schedule_search/daily_outputs/SYA/SYA_2020_SYA2020_stress_grid_S0048_daily.csv
SYA,SYA,Shenyang,2020,Leave_One_experiments\wth_generated_qc\SYA\SYA2020.WTH,normal_year;water_stress_year;nitrogen_stress_year,water_stress,SYA2020_stress_grid_S0048,pareto_balanced,2020-04-23,114,4,4,"{""sim_day"": 4.0, ""doy"": 114.0, ""topwt"": 0.0, ""grnwt"": 0.0, ""xlai"": 0.0, ""totir"": 0.0, ""tofer"": NaN, ""swfac"": 0.0, ""nstres"": 0.0}",0.0,0.0,0.0,0.0,0.0,0.0,,0.0,0.0,60.0,0.0,-3.759103393554685,20.240896606445315,Leave_One_experiments/all_year_offline_schedule_search/daily_outputs/SYA/SYA_2020_SYA2020_stress_grid_S0048_daily.csv
SYA,SYA,Shenyang,2020,Leave_One_experiments\wth_generated_qc\SYA\SYA2020.WTH,normal_year;water_stress_year;nitrogen_stress_year,water_stress,SYA2020_stress_grid_S0048,pareto_balanced,2020-04-24,115,5,5,"{""sim_day"": 5.0, ""doy"": 115.0, ""topwt"": 0.0, ""grnwt"": 0.0, ""xlai"": 0.0, ""totir"": 0.0, ""tofer"": NaN, ""swfac"": 0.0, ""nstres"": 0.0}",0.0,0.0,0.0,0.0,0.0,0.0,,0.0,0.0,60.0,0.0,-3.759103393554685,20.240896606445315,Leave_One_experiments/all_year_offline_schedule_search/daily_outputs/SYA/SYA_2020_SYA2020_stress_grid_S0048_daily.csv
SYA,SYA,Shenyang,2020,Leave_One_experiments\wth_generated_qc\SYA\SYA2020.WTH,normal_year;water_stress_year;nitrogen_stress_year,water_stress,SYA2020_stress_grid_S0048,pareto_balanced,2020-04-20,111,6,1,"{""sim_day"": 6.0, ""doy"": 111.0, ""topwt"": 0.0, ""grnwt"": 0.0, ""xlai"": 0.0, ""totir"": 0.0, ""tofer"": NaN, ""swfac"": 0.0, ""nstres"": 0.0}",0.0,0.0,0.0,0.0,0.0,0.0,,0.0,0.0,60.0,0.0,-3.759103393554685,20.240896606445315,Leave_One_experiments/all_year_offline_schedule_search/daily_outputs/SYA/SYA_2020_SYA2020_stress_grid_S0048_daily.csv
SYA,SYA,Shenyang,2020,Leave_One_experiments\wth_generated_qc\SYA\SYA2020.WTH,normal_year;water_stress_year;nitrogen_stress_year,water_stress,SYA2020_stress_grid_S0048,pareto_balanced,2020-04-21,112,7,2,"{""sim_day"": 7.0, ""doy"": 112.0, ""topwt"": 0.0, ""grnwt"": 0.0, ""xlai"": 0.0, ""totir"": 0.0, ""tofer"": NaN, ""swfac"": 0.0, ""nstres"": 0.0}",0.0,0.0,0.0,0.0,0.0,0.0,,0.0,0.0,60.0,0.0,-3.759103393554685,20.240896606445315,Leave_One_experiments/all_year_offline_schedule_search/daily_outputs/SYA/SYA_2020_SYA2020_stress_grid_S0048_daily.csv
SYA,SYA,Shenyang,2020,Leave_One_experiments\wth_generated_qc\SYA\SYA2020.WTH,normal_year;water_stress_year;nitrogen_stress_year,water_stress,SYA2020_stress_grid_S0048,pareto_balanced,2020-04-22,113,8,3,"{""sim_day"": 8.0, ""doy"": 113.0, ""topwt"": 0.0, ""grnwt"": 0.0, ""xlai"": 0.0, ""totir"": 0.0, ""tofer"": NaN, ""swfac"": 0.0, ""nstres"": 0.0}",0.0,0.0,0.0,0.0,0.0,0.0,,0.0,0.0,60.0,0.0,-3.759103393554685,20.240896606445315,Leave_One_experiments/all_year_offline_schedule_search/daily_outputs/SYA/SYA_2020_SYA2020_stress_grid_S0048_daily.csv
SYA,SYA,Shenyang,2020,Leave_One_experiments\wth_generated_qc\SYA\SYA2020.WTH,normal_year;water_stress_year;nitrogen_stress_year,water_stress,SYA2020_stress_grid_S0048,pareto_balanced,2020-04-23,114,9,4,"{""sim_day"": 9.0, ""doy"": 114.0, ""topwt"": 0.0, ""grnwt"": 0.0, ""xlai"": 0.0, ""totir"": 0.0, ""tofer"": NaN, ""swfac"": 0.0, ""nstres"": 0.0}",0.0,0.0,0.0,0.0,0.0,0.0,,0.0,0.0,60.0,0.0,-3.759103393554685,20.240896606445315,Leave_One_experiments/all_year_offline_schedule_search/daily_outputs/SYA/SYA_2020_SYA2020_stress_grid_S0048_daily.csv
SYA,SYA,Shenyang,2020,Leave_One_experiments\wth_generated_qc\SYA\SYA2020.WTH,normal_year;water_stress_year;nitrogen_stress_year,water_stress,SYA2020_stress_grid_S0048,pareto_balanced,2020-04-24,115,10,5,"{""sim_day"": 10.0, ""doy"": 115.0, ""topwt"": 0.0, ""grnwt"": 0.0, ""xlai"": 0.0, ""totir"": 0.0, ""tofer"": NaN, ""swfac"": 0.0, ""nstres"": 0.0}",0.0,0.0,0.0,0.0,0.0,0.0,,0.0,0.0,60.0,0.0,-3.759103393554685,20.240896606445315,Leave_One_experiments/all_year_offline_schedule_search/daily_outputs/SYA/SYA_2020_SYA2020_stress_grid_S0048_daily.csv
SYA,SYA,Shenyang,2020,Leave_One_experiments\wth_generated_qc\SYA\SYA2020.WTH,normal_year;water_stress_year;nitrogen_stress_year,water_stress,SYA2020_stress_grid_S0048,pareto_balanced,2020-04-25,116,11,6,"{""sim_day"": 11.0, ""doy"": 116.0, ""topwt"": 0.0, ""grnwt"": 0.0, ""xlai"": 0.0, ""totir"": 0.0, ""tofer"": NaN, ""swfac"": 0.0, ""nstres"": 0.0}",0.0,0.0,0.0,0.0,0.0,0.0,,0.0,0.0,60.0,0.0,-3.759103393554685,20.240896606445315,Leave_One_experiments/all_year_offline_schedule_search/daily_outputs/SYA/SYA_2020_SYA2020_stress_grid_S0048_daily.csv
SYA,SYA,Shenyang,2020,Leave_One_experiments\wth_generated_qc\SYA\SYA2020.WTH,normal_year;water_stress_year;nitrogen_stress_year,water_stress,SYA2020_stress_grid_S0048,pareto_balanced,2020-04-26,117,12,7,"{""sim_day"": 12.0, ""doy"": 117.0, ""topwt"": 0.0, ""grnwt"": 0.0, ""xlai"": 0.0, ""totir"": 0.0, ""tofer"": NaN, ""swfac"": 0.0, ""nstres"": 0.0}",0.0,0.0,0.0,0.0,0.0,0.0,,0.0,0.0,60.0,0.0,-3.759103393554685,20.240896606445315,Leave_One_experiments/all_year_offline_schedule_search/daily_outputs/SYA/SYA_2020_SYA2020_stress_grid_S0048_daily.csv
SYA,SYA,Shenyang,2020,Leave_One_experiments\wth_generated_qc\SYA\SYA2020.WTH,normal_year;water_stress_year;nitrogen_stress_year,water_stress,SYA2020_stress_grid_S0048,pareto_balanced,2020-04-27,118,13,8,"{""sim_day"": 13.0, ""doy"": 118.0, ""topwt"": 0.0, ""grnwt"": 0.0, ""xlai"": 0.0, ""totir"": 0.0, ""tofer"": NaN, ""swfac"": 0.0, ""nstres"": 0.0}",0.0,0.0,0.0,0.0,0.0,0.0,,0.0,0.0,60.0,0.0,-3.759103393554685,20.240896606445315,Leave_One_experiments/all_year_offline_schedule_search/daily_outputs/SYA/SYA_2020_SYA2020_stress_grid_S0048_daily.csv
SYA,SYA,Shenyang,2020,Leave_One_experiments\wth_generated_qc\SYA\SYA2020.WTH,normal_year;water_stress_year;nitrogen_stress_year,water_stress,SYA2020_stress_grid_S0048,pareto_balanced,2020-04-28,119,14,9,"{""sim_day"": 14.0, ""doy"": 119.0, ""topwt"": 0.0, ""grnwt"": 0.0, ""xlai"": 0.0, ""totir"": 0.0, ""tofer"": NaN, ""swfac"": 0.0, ""nstres"": 0.0}",0.0,0.0,0.0,0.0,0.0,0.0,,0.0,0.0,60.0,0.0,-3.759103393554685,20.240896606445315,Leave_One_experiments/all_year_offline_schedule_search/daily_outputs/SYA/SYA_2020_SYA2020_stress_grid_S0048_daily.csv
SYA,SYA,Shenyang,2020,Leave_One_experiments\wth_generated_qc\SYA\SYA2020.WTH,normal_year;water_stress_year;nitrogen_stress_year,water_stress,SYA2020_stress_grid_S0048,pareto_balanced,2020-04-29,120,15,10,"{""sim_day"": 15.0, ""doy"": 120.0, ""topwt"": 0.0, ""grnwt"": 0.0, ""xlai"": 0.0, ""totir"": 0.0, ""tofer"": NaN, ""swfac"": 0.0, ""nstres"": 0.0}",0.0,0.0,0.0,0.0,0.0,0.0,,0.0,0.0,60.0,0.0,-3.759103393554685,20.240896606445315,Leave_One_experiments/all_year_offline_schedule_search/daily_outputs/SYA/SYA_2020_SYA2020_stress_grid_S0048_daily.csv
SYA,SYA,Shenyang,2020,Leave_One_experiments\wth_generated_qc\SYA\SYA2020.WTH,normal_year;water_stress_year;nitrogen_stress_year,water_stress,SYA2020_stress_grid_S0048,pareto_balanced,2020-04-30,121,16,11,"{""sim_day"": 16.0, ""doy"": 121.0, ""topwt"": 0.0, ""grnwt"": 0.0, ""xlai"": 0.0, ""totir"": 0.0, ""tofer"": NaN, ""swfac"": 0.0, ""nstres"": 0.0}",0.0,0.0,0.0,0.0,0.0,0.0,,0.0,0.0,60.0,0.0,-3.759103393554685,20.240896606445315,Leave_One_experiments/all_year_offline_schedule_search/daily_outputs/SYA/SYA_2020_SYA2020_stress_grid_S0048_daily.csv
SYA,SYA,Shenyang,2020,Leave_One_experiments\wth_generated_qc\SYA\SYA2020.WTH,normal_year;water_stress_year;nitrogen_stress_year,water_stress,SYA2020_stress_grid_S0048,pareto_balanced,2020-05-01,122,17,12,"{""sim_day"": 17.0, ""doy"": 122.0, ""topwt"": 17.600001096725464, ""grnwt"": 0.0, ""xlai"": 0.0021870203781872, ""totir"": 0.0, ""tofer"": NaN, ""swfac"": 0.0, ""nstres"": 0.0121910572052001}",0.0,0.0121910572052001,17.600001096725464,0.0,0.0021870203781872,0.0,,0.0,0.0,60.0,0.0,-3.759103393554685,20.240896606445315,Leave_One_experiments/all_year_offline_schedule_search/daily_outputs/SYA/SYA_2020_SYA2020_stress_grid_S0048_daily.csv
SYA,SYA,Shenyang,2020,Leave_One_experiments\wth_generated_qc\SYA\SYA2020.WTH,normal_year;water_stress_year;nitrogen_stress_year,water_stress,SYA2020_stress_grid_S0048,pareto_balanced,2020-05-02,123,18,13,"{""sim_day"": 18.0, ""doy"": 123.0, ""topwt"": 17.600001096725464, ""grnwt"": 0.0, ""xlai"": 0.0030091674998402, ""totir"": 0.0, ""tofer"": NaN, ""swfac"": 0.0, ""nstres"": 0.0161526203155517}",0.0,0.0161526203155517,17.600001096725464,0.0,0.0030091674998402,0.0,,0.0,0.0,60.0,0.0,-3.759103393554685,20.240896606445315,Leave_One_experiments/all_year_offline_schedule_search/daily_outputs/SYA/SYA_2020_SYA2020_stress_grid_S0048_daily.csv
SYA,SYA,Shenyang,2020,Leave_One_experiments\wth_generated_qc\SYA\SYA2020.WTH,normal_year;water_stress_year;nitrogen_stress_year,water_stress,SYA2020_stress_grid_S0048,pareto_balanced,2020-05-03,124,19,14,"{""sim_day"": 19.0, ""doy"": 124.0, ""topwt"": 17.600001096725464, ""grnwt"": 0.0, ""xlai"": 0.003385768039152, ""totir"": 0.0, ""tofer"": NaN, ""swfac"": 0.0, ""nstres"": 0.0147467851638793}",0.0,0.0147467851638793,17.600001096725464,0.0,0.003385768039152,0.0,,0.0,0.0,60.0,0.0,-3.759103393554685,20.240896606445315,Leave_One_experiments/all_year_offline_schedule_search/daily_outputs/SYA/SYA_2020_SYA2020_stress_grid_S0048_daily.csv
SYA,SYA,Shenyang,2020,Leave_One_experiments\wth_generated_qc\SYA\SYA2020.WTH,normal_year;water_stress_year;nitrogen_stress_year,water_stress,SYA2020_stress_grid_S0048,pareto_balanced,2020-05-04,125,20,15,"{""sim_day"": 20.0, ""doy"": 125.0, ""topwt"": 17.600001096725464, ""grnwt"": 0.0, ""xlai"": 0.0043822126463055, ""totir"": 0.0, ""tofer"": NaN, ""swfac"": 0.0, ""nstres"": 0.0115571022033691}",0.0,0.0115571022033691,17.600001096725464,0.0,0.0043822126463055,0.0,,0.0,0.0,60.0,0.0,-3.759103393554685,20.240896606445315,Leave_One_experiments/all_year_offline_schedule_search/daily_outputs/SYA/SYA_2020_SYA2020_stress_grid_S0048_daily.csv
SYA,SYA,Shenyang,2020,Leave_One_experiments\wth_generated_qc\SYA\SYA2020.WTH,normal_year;water_stress_year;nitrogen_stress_year,water_stress,SYA2020_stress_grid_S0048,pareto_balanced,2020-05-05,126,21,16,"{""sim_day"": 21.0, ""doy"": 126.0, ""topwt"": 17.600001096725464, ""grnwt"": 0.0, ""xlai"": 0.0059235338121652, ""totir"": 0.0, ""tofer"": NaN, ""swfac"": 0.0, ""nstres"": 0.0074220895767211}",0.0,0.0074220895767211,17.600001096725464,0.0,0.0059235338121652,0.0,,0.0,0.0,60.0,0.0,-3.759103393554685,20.240896606445315,Leave_One_experiments/all_year_offline_schedule_search/daily_outputs/SYA/SYA_2020_SYA2020_stress_grid_S0048_daily.csv
SYA,SYA,Shenyang,2020,Leave_One_experiments\wth_generated_qc\SYA\SYA2020.WTH,normal_year;water_stress_year;nitrogen_stress_year,water_stress,SYA2020_stress_grid_S0048,pareto_balanced,2020-05-06,127,22,17,"{""sim_day"": 22.0, ""doy"": 127.0, ""topwt"": 17.600001096725464, ""grnwt"": 0.0, ""xlai"": 0.0073962612077593, ""totir"": 0.0, ""tofer"": NaN, ""swfac"": 0.0, ""nstres"": 0.0036863088607788}",0.0,0.0036863088607788,17.600001096725464,0.0,0.0073962612077593,0.0,,0.0,0.0,60.0,0.0,-3.759103393554685,20.240896606445315,Leave_One_experiments/all_year_offline_schedule_search/daily_outputs/SYA/SYA_2020_SYA2020_stress_grid_S0048_daily.csv
SYA,SYA,Shenyang,2020,Leave_One_experiments\wth_generated_qc\SYA\SYA2020.WTH,normal_year;water_stress_year;nitrogen_stress_year,water_stress,SYA2020_stress_grid_S0048,pareto_balanced,2020-05-07,128,23,18,"{""sim_day"": 23.0, ""doy"": 128.0, ""topwt"": 17.600001096725464, ""grnwt"": 0.0, ""xlai"": 0.0084913438186049, ""totir"": 0.0, ""tofer"": NaN, ""swfac"": 0.0, ""nstres"": 0.0009922981262207}",0.0,0.0009922981262207,17.600001096725464,0.0,0.0084913438186049,0.0,,0.0,0.0,60.0,0.0,-3.759103393554685,20.240896606445315,Leave_One_experiments/all_year_offline_schedule_search/daily_outputs/SYA/SYA_2020_SYA2020_stress_grid_S0048_daily.csv
SYA,SYA,Shenyang,2020,Leave_One_experiments\wth_generated_qc\SYA\SYA2020.WTH,normal_year;water_stress_year;nitrogen_stress_year,water_stress,SYA2020_stress_grid_S0048,pareto_balanced,2020-05-08,129,24,19,"{""sim_day"": 24.0, ""doy"": 129.0, ""topwt"": 17.600001096725464, ""grnwt"": 0.0, ""xlai"": 0.0095760561525821, ""totir"": 0.0, ""tofer"": NaN, ""swfac"": 0.0, ""nstres"": 0.0}",0.0,0.0,17.600001096725464,0.0,0.0095760561525821,0.0,,0.0,0.0,60.0,0.0,-3.759103393554685,20.240896606445315,Leave_One_experiments/all_year_offline_schedule_search/daily_outputs/SYA/SYA_2020_SYA2020_stress_grid_S0048_daily.csv
SYA,SYA,Shenyang,2020,Leave_One_experiments\wth_generated_qc\SYA\SYA2020.WTH,normal_year;water_stress_year;nitrogen_stress_year,water_stress,SYA2020_stress_grid_S0048,pareto_balanced,2020-05-09,130,25,20,"{""sim_day"": 25.0, ""doy"": 130.0, ""topwt"": 17.600001096725464, ""grnwt"": 0.0, ""xlai"": 0.0116516118869185, ""totir"": 0.0, ""tofer"": NaN, ""swfac"": 0.0, ""nstres"": 0.0}",0.0,0.0,17.600001096725464,0.0,0.0116516118869185,0.0,,0.0,0.0,60.0,0.0,-3.759103393554685,20.240896606445315,Leave_One_experiments/all_year_offline_schedule_search/daily_outputs/SYA/SYA_2020_SYA2020_stress_grid_S0048_daily.csv
SYA,SYA,Shenyang,2020,Leave_One_experiments\wth_generated_qc\SYA\SYA2020.WTH,normal_year;water_stress_year;nitrogen_stress_year,water_stress,SYA2020_stress_grid_S0048,pareto_balanced,2020-05-10,131,26,21,"{""sim_day"": 26.0, ""doy"": 131.0, ""topwt"": 17.600001096725464, ""grnwt"": 0.0, ""xlai"": 0.017222823575139, ""totir"": 0.0, ""tofer"": NaN, ""swfac"": 0.0, ""nstres"": 0.0}",0.0,0.0,17.600001096725464,0.0,0.017222823575139,0.0,,0.0,0.0,60.0,0.0,-3.759103393554685,20.240896606445315,Leave_One_experiments/all_year_offline_schedule_search/daily_outputs/SYA/SYA_2020_SYA2020_stress_grid_S0048_daily.csv
SYA,SYA,Shenyang,2020,Leave_One_experiments\wth_generated_qc\SYA\SYA2020.WTH,normal_year;water_stress_year;nitrogen_stress_year,water_stress,SYA2020_stress_grid_S0048,pareto_balanced,2020-05-11,132,27,22,"{""sim_day"": 27.0, ""doy"": 132.0, ""topwt"": 17.600001096725464, ""grnwt"": 0.0, ""xlai"": 0.0214519798755645, ""totir"": 0.0, ""tofer"": NaN, ""swfac"": 0.0, ""nstres"": 0.0}",0.0,0.0,17.600001096725464,0.0,0.0214519798755645,0.0,,0.0,0.0,60.0,0.0,-3.759103393554685,20.240896606445315,Leave_One_experiments/all_year_offline_schedule_search/daily_outputs/SYA/SYA_2020_SYA2020_stress_grid_S0048_daily.csv
SYA,SYA,Shenyang,2020,Leave_One_experiments\wth_generated_qc\SYA\SYA2020.WTH,normal_year;water_stress_year;nitrogen_stress_year,water_stress,SYA2020_stress_grid_S0048,pareto_balanced,2020-05-12,133,28,23,"{""sim_day"": 28.0, ""doy"": 133.0, ""topwt"": 17.600001096725464, ""grnwt"": 0.0, ""xlai"": 0.0299209337681531, ""totir"": 0.0, ""tofer"": NaN, ""swfac"": 0.0, ""nstres"": 0.0}",0.0,0.0,17.600001096725464,0.0,0.0299209337681531,0.0,,0.0,0.0,60.0,0.0,-3.759103393554685,20.240896606445315,Leave_One_experiments/all_year_offline_schedule_search/daily_outputs/SYA/SYA_2020_SYA2020_stress_grid_S0048_daily.csv
SYA,SYA,Shenyang,2020,Leave_One_experiments\wth_generated_qc\SYA\SYA2020.WTH,normal_year;water_stress_year;nitrogen_stress_year,water_stress,SYA2020_stress_grid_S0048,pareto_balanced,2020-05-13,134,29,24,"{""sim_day"": 29.0, ""doy"": 134.0, ""topwt"": 21.776702404022217, ""grnwt"": 0.0, ""xlai"": 0.0411173664033412, ""totir"": 0.0, ""tofer"": NaN, ""swfac"": 0.0, ""nstres"": 0.0}",0.0,0.0,21.776702404022217,0.0,0.0411173664033412,0.0,,0.0,0.0,60.0,0.0,-3.759103393554685,20.240896606445315,Leave_One_experiments/all_year_offline_schedule_search/daily_outputs/SYA/SYA_2020_SYA2020_stress_grid_S0048_daily.csv
SYA,SYA,Shenyang,2020,Leave_One_experiments\wth_generated_qc\SYA\SYA2020.WTH,normal_year;water_stress_year;nitrogen_stress_year,water_stress,SYA2020_stress_grid_S0048,pareto_balanced,2020-05-14,135,30,25,"{""sim_day"": 30.0, ""doy"": 135.0, ""topwt"": 24.31759357452393, ""grnwt"": 0.0, ""xlai"": 0.0474074743688106, ""totir"": 0.0, ""tofer"": NaN, ""swfac"": 0.0, ""nstres"": 0.0}",0.0,0.0,24.31759357452393,0.0,0.0474074743688106,0.0,,0.0,0.0,60.0,0.0,-3.759103393554685,20.240896606445315,Leave_One_experiments/all_year_offline_schedule_search/daily_outputs/SYA/SYA_2020_SYA2020_stress_grid_S0048_daily.csv
SYA,SYA,Shenyang,2020,Leave_One_experiments\wth_generated_qc\SYA\SYA2020.WTH,normal_year;water_stress_year;nitrogen_stress_year,water_stress,SYA2020_stress_grid_S0048,pareto_balanced,2020-05-15,136,31,26,"{""sim_day"": 31.0, ""doy"": 136.0, ""topwt"": 27.455873489379883, ""grnwt"": 0.0, ""xlai"": 0.0548902936279773, ""totir"": 0.0, ""tofer"": NaN, ""swfac"": 0.0, ""nstres"": 0.0}",0.0,0.0,27.455873489379883,0.0,0.0548902936279773,0.0,,0.0,0.0,60.0,0.0,-3.759103393554685,20.240896606445315,Leave_One_experiments/all_year_offline_schedule_search/daily_outputs/SYA/SYA_2020_SYA2020_stress_grid_S0048_daily.csv
SYA,SYA,Shenyang,2020,Leave_One_experiments\wth_generated_qc\SYA\SYA2020.WTH,normal_year;water_stress_year;nitrogen_stress_year,water_stress,SYA2020_stress_grid_S0048,pareto_balanced,2020-05-16,137,32,27,"{""sim_day"": 32.0, ""doy"": 137.0, ""topwt"": 31.64294004440308, ""grnwt"": 0.0, ""xlai"": 0.0644808486104011, ""totir"": 0.0, ""tofer"": NaN, ""swfac"": 0.0, ""nstres"": 0.0}",0.0,0.0,31.64294004440308,0.0,0.0644808486104011,0.0,,0.0,0.0,60.0,0.0,-3.759103393554685,20.240896606445315,Leave_One_experiments/all_year_offline_schedule_search/daily_outputs/SYA/SYA_2020_SYA2020_stress_grid_S0048_daily.csv
SYA,SYA,Shenyang,2020,Leave_One_experiments\wth_generated_qc\SYA\SYA2020.WTH,normal_year;water_stress_year;nitrogen_stress_year,water_stress,SYA2020_stress_grid_S0048,pareto_balanced,2020-05-17,138,33,28,"{""sim_day"": 33.0, ""doy"": 138.0, ""topwt"": 34.7493052482605, ""grnwt"": 0.0, ""xlai"": 0.0713581815361976, ""totir"": 0.0, ""tofer"": NaN, ""swfac"": 0.0, ""nstres"": 0.0}",0.0,0.0,34.7493052482605,0.0,0.0713581815361976,0.0,,0.0,0.0,60.0,0.0,-3.759103393554685,20.240896606445315,Leave_One_experiments/all_year_offline_schedule_search/daily_outputs/SYA/SYA_2020_SYA2020_stress_grid_S0048_daily.csv
SYA,SYA,Shenyang,2020,Leave_One_experiments\wth_generated_qc\SYA\SYA2020.WTH,normal_year;water_stress_year;nitrogen_stress_year,water_stress,SYA2020_stress_grid_S0048,pareto_balanced,2020-05-18,139,34,29,"{""sim_day"": 34.0, ""doy"": 139.0, ""topwt"": 36.14805459976196, ""grnwt"": 0.0, ""xlai"": 0.0743865519762039, ""totir"": 0.0, ""tofer"": NaN, ""swfac"": 0.0, ""nstres"": 0.0}",0.0,0.0,36.14805459976196,0.0,0.0743865519762039,0.0,,0.0,0.0,60.0,0.0,-3.759103393554685,20.240896606445315,Leave_One_experiments/all_year_offline_schedule_search/daily_outputs/SYA/SYA_2020_SYA2020_stress_grid_S0048_daily.csv
SYA,SYA,Shenyang,2020,Leave_One_experiments\wth_generated_qc\SYA\SYA2020.WTH,normal_year;water_stress_year;nitrogen_stress_year,water_stress,SYA2020_stress_grid_S0048,pareto_balanced,2020-05-19,140,35,30,"{""sim_day"": 35.0, ""doy"": 140.0, ""topwt"": 38.8054895401001, ""grnwt"": 0.0, ""xlai"": 0.0800557136535644, ""totir"": 0.0, ""tofer"": NaN, ""swfac"": 0.0, ""nstres"": 0.0}",0.0,0.0,38.8054895401001,0.0,0.0800557136535644,0.0,,0.0,0.0,60.0,0.0,-3.759103393554685,20.240896606445315,Leave_One_experiments/all_year_offline_schedule_search/daily_outputs/SYA/SYA_2020_SYA2020_stress_grid_S0048_daily.csv
SYA,SYA,Shenyang,2020,Leave_One_experiments\wth_generated_qc\SYA\SYA2020.WTH,normal_year;water_stress_year;nitrogen_stress_year,water_stress,SYA2020_stress_grid_S0048,pareto_balanced,2020-05-20,141,36,31,"{""sim_day"": 36.0, ""doy"": 141.0, ""topwt"": 42.47981548309326, ""grnwt"": 0.0, ""xlai"": 0.0877357795834541, ""totir"": 0.0, ""tofer"": NaN, ""swfac"": 0.0, ""nstres"": 0.0}",0.0,0.0,42.47981548309326,0.0,0.0877357795834541,0.0,,0.0,0.0,60.0,0.0,-3.759103393554685,20.240896606445315,Leave_One_experiments/all_year_offline_schedule_search/daily_outputs/SYA/SYA_2020_SYA2020_stress_grid_S0048_daily.csv
SYA,SYA,Shenyang,2020,Leave_One_experiments\wth_generated_qc\SYA\SYA2020.WTH,normal_year;water_stress_year;nitrogen_stress_year,water_stress,SYA2020_stress_grid_S0048,pareto_balanced,2020-05-21,142,37,32,"{""sim_day"": 37.0, ""doy"": 142.0, ""topwt"": 44.104437828063965, ""grnwt"": 0.0, ""xlai"": 0.0910625010728836, ""totir"": 0.0, ""tofer"": NaN, ""swfac"": 0.0, ""nstres"": 0.0}",0.0,0.0,44.104437828063965,0.0,0.0910625010728836,0.0,,0.0,0.0,60.0,0.0,-3.759103393554685,20.240896606445315,Leave_One_experiments/all_year_offline_schedule_search/daily_outputs/SYA/SYA_2020_SYA2020_stress_grid_S0048_daily.csv
SYA,SYA,Shenyang,2020,Leave_One_experiments\wth_generated_qc\SYA\SYA2020.WTH,normal_year;water_stress_year;nitrogen_stress_year,water_stress,SYA2020_stress_grid_S0048,pareto_balanced,2020-05-22,143,38,33,"{""sim_day"": 38.0, ""doy"": 143.0, ""topwt"": 46.86013698577881, ""grnwt"": 0.0, ""xlai"": 0.0966375097632408, ""totir"": 0.0, ""tofer"": NaN, ""swfac"": 0.0, ""nstres"": 0.0}",0.0,0.0,46.86013698577881,0.0,0.0966375097632408,0.0,,0.0,0.0,60.0,0.0,-3.759103393554685,20.240896606445315,Leave_One_experiments/all_year_offline_schedule_search/daily_outputs/SYA/SYA_2020_SYA2020_stress_grid_S0048_daily.csv
SYA,SYA,Shenyang,2020,Leave_One_experiments\wth_generated_qc\SYA\SYA2020.WTH,normal_year;water_stress_year;nitrogen_stress_year,water_stress,SYA2020_stress_grid_S0048,pareto_balanced,2020-05-23,144,39,34,"{""sim_day"": 39.0, ""doy"": 144.0, ""topwt"": 51.29659652709961, ""grnwt"": 0.0, ""xlai"": 0.1054454892873764, ""totir"": 0.0, ""tofer"": NaN, ""swfac"": 0.0, ""nstres"": 0.0}",0.0,0.0,51.29659652709961,0.0,0.1054454892873764,0.0,,0.0,0.0,60.0,0.0,-3.759103393554685,20.240896606445315,Leave_One_experiments/all_year_offline_schedule_search/daily_outputs/SYA/SYA_2020_SYA2020_stress_grid_S0048_daily.csv
SYA,SYA,Shenyang,2020,Leave_One_experiments\wth_generated_qc\SYA\SYA2020.WTH,normal_year;water_stress_year;nitrogen_stress_year,water_stress,SYA2020_stress_grid_S0048,pareto_balanced,2020-05-24,145,40,35,"{""sim_day"": 40.0, ""doy"": 145.0, ""topwt"": 58.3890962600708, ""grnwt"": 0.0, ""xlai"": 0.1191720515489578, ""totir"": 0.0, ""tofer"": NaN, ""swfac"": 0.0, ""nstres"": 0.0}",0.0,0.0,58.3890962600708,0.0,0.1191720515489578,0.0,,0.0,0.0,60.0,0.0,-3.759103393554685,20.240896606445315,Leave_One_experiments/all_year_offline_schedule_search/daily_outputs/SYA/SYA_2020_SYA2020_stress_grid_S0048_daily.csv
SYA,SYA,Shenyang,2020,Leave_One_experiments\wth_generated_qc\SYA\SYA2020.WTH,normal_year;water_stress_year;nitrogen_stress_year,water_stress,SYA2020_stress_grid_S0048,pareto_balanced,2020-05-25,146,41,36,"{""sim_day"": 41.0, ""doy"": 146.0, ""topwt"": 65.80375671386719, ""grnwt"": 0.0, ""xlai"": 0.1330879926681518, ""totir"": 0.0, ""tofer"": NaN, ""swfac"": 0.0, ""nstres"": 0.0}",0.0,0.0,65.80375671386719,0.0,0.1330879926681518,0.0,,0.0,0.0,60.0,0.0,-3.759103393554685,20.240896606445315,Leave_One_experiments/all_year_offline_schedule_search/daily_outputs/SYA/SYA_2020_SYA2020_stress_grid_S0048_daily.csv
SYA,SYA,Shenyang,2020,Leave_One_experiments\wth_generated_qc\SYA\SYA2020.WTH,normal_year;water_stress_year;nitrogen_stress_year,water_stress,SYA2020_stress_grid_S0048,pareto_balanced,2020-05-26,147,42,37,"{""sim_day"": 42.0, ""doy"": 147.0, ""topwt"": 67.89153575897217, ""grnwt"": 0.0, ""xlai"": 0.1462675929069519, ""totir"": 0.0, ""tofer"": NaN, ""swfac"": 0.0, ""nstres"": 0.0061367750167846}",0.0,0.0061367750167846,67.89153575897217,0.0,0.1462675929069519,0.0,,0.0,0.0,60.0,0.0,-3.759103393554685,20.240896606445315,Leave_One_experiments/all_year_offline_schedule_search/daily_outputs/SYA/SYA_2020_SYA2020_stress_grid_S0048_daily.csv
SYA,SYA,Shenyang,2020,Leave_One_experiments\wth_generated_qc\SYA\SYA2020.WTH,normal_year;water_stress_year;nitrogen_stress_year,water_stress,SYA2020_stress_grid_S0048,pareto_balanced,2020-05-27,148,43,38,"{""sim_day"": 43.0, ""doy"": 148.0, ""topwt"": 77.95139789581299, ""grnwt"": 0.0, ""xlai"": 0.1656900197267532, ""totir"": 0.0, ""tofer"": NaN, ""swfac"": 0.0, ""nstres"": 0.0090134143829345}",0.0,0.0090134143829345,77.95139789581299,0.0,0.1656900197267532,0.0,,0.0,0.0,60.0,0.0,-3.759103393554685,20.240896606445315,Leave_One_experiments/all_year_offline_schedule_search/daily_outputs/SYA/SYA_2020_SYA2020_stress_grid_S0048_daily.csv
SYA,SYA,Shenyang,2020,Leave_One_experiments\wth_generated_qc\SYA\SYA2020.WTH,normal_year;water_stress_year;nitrogen_stress_year,water_stress,SYA2020_stress_grid_S0048,pareto_balanced,2020-05-28,149,44,39,"{""sim_day"": 44.0, ""doy"": 149.0, ""topwt"": 92.24385261535645, ""grnwt"": 0.0, ""xlai"": 0.1922991722822189, ""totir"": 0.0, ""tofer"": NaN, ""swfac"": 0.0, ""nstres"": 0.0026634335517883}",0.0,0.0026634335517883,92.24385261535645,0.0,0.1922991722822189,0.0,,0.0,0.0,60.0,0.0,-3.759103393554685,20.240896606445315,Leave_One_experiments/all_year_offline_schedule_search/daily_outputs/SYA/SYA_2020_SYA2020_stress_grid_S0048_daily.csv
SYA,SYA,Shenyang,2020,Leave_One_experiments\wth_generated_qc\SYA\SYA2020.WTH,normal_year;water_stress_year;nitrogen_stress_year,water_stress,SYA2020_stress_grid_S0048,pareto_balanced,2020-05-29,150,45,40,"{""sim_day"": 45.0, ""doy"": 150.0, ""topwt"": 109.33310508728027, ""grnwt"": 0.0, ""xlai"": 0.2228736728429794, ""totir"": 0.0, ""tofer"": NaN, ""swfac"": 0.0, ""nstres"": 0.0305836200714111}",0.0,0.0305836200714111,109.33310508728027,0.0,0.2228736728429794,0.0,,0.0,0.0,60.0,0.0,-3.759103393554685,20.240896606445315,Leave_One_experiments/all_year_offline_schedule_search/daily_outputs/SYA/SYA_2020_SYA2020_stress_grid_S0048_daily.csv
SYA,SYA,Shenyang,2020,Leave_One_experiments\wth_generated_qc\SYA\SYA2020.WTH,normal_year;water_stress_year;nitrogen_stress_year,water_stress,SYA2020_stress_grid_S0048,pareto_balanced,2020-05-30,151,46,41,"{""sim_day"": 46.0, ""doy"": 151.0, ""topwt"": 122.3899745941162, ""grnwt"": 0.0, ""xlai"": 0.2448461055755615, ""totir"": 0.0, ""tofer"": NaN, ""swfac"": 0.0, ""nstres"": 0.0525829792022705}",0.0,0.0525829792022705,122.3899745941162,0.0,0.2448461055755615,0.0,,0.0,0.0,60.0,0.0,-3.759103393554685,20.240896606445315,Leave_One_experiments/all_year_offline_schedule_search/daily_outputs/SYA/SYA_2020_SYA2020_stress_grid_S0048_daily.csv
SYA,SYA,Shenyang,2020,Leave_One_experiments\wth_generated_qc\SYA\SYA2020.WTH,normal_year;water_stress_year;nitrogen_stress_year,water_stress,SYA2020_stress_grid_S0048,pareto_balanced,2020-05-31,152,47,42,"{""sim_day"": 47.0, ""doy"": 152.0, ""topwt"": 136.48625373840332, ""grnwt"": 0.0, ""xlai"": 0.2672712504863739, ""totir"": 0.0, ""tofer"": NaN, ""swfac"": 0.0, ""nstres"": 0.0727859735488891}",0.0,0.0727859735488891,136.48625373840332,0.0,0.2672712504863739,0.0,,0.0,0.0,60.0,0.0,-3.759103393554685,20.240896606445315,Leave_One_experiments/all_year_offline_schedule_search/daily_outputs/SYA/SYA_2020_SYA2020_stress_grid_S0048_daily.csv
SYA,SYA,Shenyang,2020,Leave_One_experiments\wth_generated_qc\SYA\SYA2020.WTH,normal_year;water_stress_year;nitrogen_stress_year,water_stress,SYA2020_stress_grid_S0048,pareto_balanced,2020-06-01,153,48,43,"{""sim_day"": 48.0, ""doy"": 153.0, ""topwt"": 148.7491512298584, ""grnwt"": 0.0, ""xlai"": 0.2852475643157959, ""totir"": 0.0, ""tofer"": NaN, ""swfac"": 0.0, ""nstres"": 0.0895730257034301}",0.0,0.0895730257034301,148.7491512298584,0.0,0.2852475643157959,0.0,,0.0,0.0,60.0,0.0,-3.759103393554685,20.240896606445315,Leave_One_experiments/all_year_offline_schedule_search/daily_outputs/SYA/SYA_2020_SYA2020_stress_grid_S0048_daily.csv
SYA,SYA,Shenyang,2020,Leave_One_experiments\wth_generated_qc\SYA\SYA2020.WTH,normal_year;water_stress_year;nitrogen_stress_year,water_stress,SYA2020_stress_grid_S0048,pareto_balanced,2020-06-02,154,49,44,"{""sim_day"": 49.0, ""doy"": 154.0, ""topwt"": 163.73537063598633, ""grnwt"": 0.0, ""xlai"": 0.3072234988212585, ""totir"": 0.0, ""tofer"": NaN, ""swfac"": 0.0, ""nstres"": 0.0887281894683837}",0.0,0.0887281894683837,163.73537063598633,0.0,0.3072234988212585,0.0,,0.0,0.0,60.0,0.0,-3.759103393554685,20.240896606445315,Leave_One_experiments/all_year_offline_schedule_search/daily_outputs/SYA/SYA_2020_SYA2020_stress_grid_S0048_daily.csv
SYA,SYA,Shenyang,2020,Leave_One_experiments\wth_generated_qc\SYA\SYA2020.WTH,normal_year;water_stress_year;nitrogen_stress_year,water_stress,SYA2020_stress_grid_S0048,pareto_balanced,2020-06-03,155,50,45,"{""sim_day"": 50.0, ""doy"": 155.0, ""topwt"": 180.09775161743164, ""grnwt"": 0.0, ""xlai"": 0.3304564654827118, ""totir"": 0.0, ""tofer"": NaN, ""swfac"": 0.0, ""nstres"": 0.0950673818588256}",0.0,0.0950673818588256,180.09775161743164,0.0,0.3304564654827118,0.0,,0.0,0.0,60.0,0.0,-3.759103393554685,20.240896606445315,Leave_One_experiments/all_year_offline_schedule_search/daily_outputs/SYA/SYA_2020_SYA2020_stress_grid_S0048_daily.csv
SYA,SYA,Shenyang,2020,Leave_One_experiments\wth_generated_qc\SYA\SYA2020.WTH,normal_year;water_stress_year;nitrogen_stress_year,water_stress,SYA2020_stress_grid_S0048,pareto_balanced,2020-06-04,156,51,46,"{""sim_day"": 51.0, ""doy"": 156.0, ""topwt"": 198.75904083251956, ""grnwt"": 0.0, ""xlai"": 0.3557586669921875, ""totir"": 0.0, ""tofer"": NaN, ""swfac"": 0.0, ""nstres"": 0.1133729219436645}",0.0,0.1133729219436645,198.75904083251956,0.0,0.3557586669921875,0.0,,0.0,0.0,60.0,0.0,-3.759103393554685,20.240896606445315,Leave_One_experiments/all_year_offline_schedule_search/daily_outputs/SYA/SYA_2020_SYA2020_stress_grid_S0048_daily.csv
SYA,SYA,Shenyang,2020,Leave_One_experiments\wth_generated_qc\SYA\SYA2020.WTH,normal_year;water_stress_year;nitrogen_stress_year,water_stress,SYA2020_stress_grid_S0048,pareto_balanced,2020-06-05,157,52,47,"{""sim_day"": 52.0, ""doy"": 157.0, ""topwt"": 221.06889724731445, ""grnwt"": 0.0, ""xlai"": 0.3815604746341705, ""totir"": 0.0, ""tofer"": NaN, ""swfac"": 0.0, ""nstres"": 0.1176556348800659}",0.0,0.1176556348800659,221.06889724731445,0.0,0.3815604746341705,0.0,,0.0,0.0,60.0,0.0,-3.759103393554685,20.240896606445315,Leave_One_experiments/all_year_offline_schedule_search/daily_outputs/SYA/SYA_2020_SYA2020_stress_grid_S0048_daily.csv
SYA,SYA,Shenyang,2020,Leave_One_experiments\wth_generated_qc\SYA\SYA2020.WTH,normal_year;water_stress_year;nitrogen_stress_year,water_stress,SYA2020_stress_grid_S0048,pareto_balanced,2020-06-06,158,53,48,"{""sim_day"": 53.0, ""doy"": 158.0, ""topwt"": 248.82551193237305, ""grnwt"": 0.0, ""xlai"": 0.4180449247360229, ""totir"": 0.0, ""tofer"": NaN, ""swfac"": 0.0, ""nstres"": 0.111724853515625}",0.0,0.111724853515625,248.82551193237305,0.0,0.4180449247360229,0.0,,0.0,0.0,60.0,0.0,-3.759103393554685,20.240896606445315,Leave_One_experiments/all_year_offline_schedule_search/daily_outputs/SYA/SYA_2020_SYA2020_stress_grid_S0048_daily.csv
SYA,SYA,Shenyang,2020,Leave_One_experiments\wth_generated_qc\SYA\SYA2020.WTH,normal_year;water_stress_year;nitrogen_stress_year,water_stress,SYA2020_stress_grid_S0048,pareto_balanced,2020-06-07,159,54,49,"{""sim_day"": 54.0, ""doy"": 159.0, ""topwt"": 284.472599029541, ""grnwt"": 0.0, ""xlai"": 0.4640094041824341, ""totir"": 0.0, ""tofer"": NaN, ""swfac"": 0.0, ""nstres"": 0.1095079779624939}",0.0,0.1095079779624939,284.472599029541,0.0,0.4640094041824341,0.0,,0.0,0.0,60.0,0.0,-3.759103393554685,20.240896606445315,Leave_One_experiments/all_year_offline_schedule_search/daily_outputs/SYA/SYA_2020_SYA2020_stress_grid_S0048_daily.csv
SYA,SYA,Shenyang,2020,Leave_One_experiments\wth_generated_qc\SYA\SYA2020.WTH,normal_year;water_stress_year;nitrogen_stress_year,water_stress,SYA2020_stress_grid_S0048,pareto_balanced,2020-06-08,160,55,50,"{""sim_day"": 55.0, ""doy"": 160.0, ""topwt"": 318.8037109375, ""grnwt"": 0.0, ""xlai"": 0.5041545033454895, ""totir"": 0.0, ""tofer"": NaN, ""swfac"": 0.0, ""nstres"": 0.1291499733924865}",0.0,0.1291499733924865,318.8037109375,0.0,0.5041545033454895,0.0,,0.0,0.0,60.0,0.0,-3.759103393554685,20.240896606445315,Leave_One_experiments/all_year_offline_schedule_search/daily_outputs/SYA/SYA_2020_SYA2020_stress_grid_S0048_daily.csv
SYA,SYA,Shenyang,2020,Leave_One_experiments\wth_generated_qc\SYA\SYA2020.WTH,normal_year;water_stress_year;nitrogen_stress_year,water_stress,SYA2020_stress_grid_S0048,pareto_balanced,2020-06-09,161,56,51,"{""sim_day"": 56.0, ""doy"": 161.0, ""topwt"": 347.3468399047852, ""grnwt"": 0.0, ""xlai"": 0.5325565338134766, ""totir"": 0.0, ""tofer"": NaN, ""swfac"": 0.0, ""nstres"": 0.1531029343605041}",0.0,0.1531029343605041,347.3468399047852,0.0,0.5325565338134766,0.0,,0.0,0.0,60.0,0.0,-3.759103393554685,20.240896606445315,Leave_One_experiments/all_year_offline_schedule_search/daily_outputs/SYA/SYA_2020_SYA2020_stress_grid_S0048_daily.csv
SYA,SYA,Shenyang,2020,Leave_One_experiments\wth_generated_qc\SYA\SYA2020.WTH,normal_year;water_stress_year;nitrogen_stress_year,water_stress,SYA2020_stress_grid_S0048,pareto_balanced,2020-06-10,162,57,52,"{""sim_day"": 57.0, ""doy"": 162.0, ""topwt"": 377.8183364868164, ""grnwt"": 0.0, ""xlai"": 0.5606659054756165, ""totir"": 0.0, ""tofer"": NaN, ""swfac"": 0.0, ""nstres"": 0.1647820472717285}",0.0,0.1647820472717285,377.8183364868164,0.0,0.5606659054756165,0.0,,0.0,0.0,60.0,0.0,-3.759103393554685,20.240896606445315,Leave_One_experiments/all_year_offline_schedule_search/daily_outputs/SYA/SYA_2020_SYA2020_stress_grid_S0048_daily.csv
SYA,SYA,Shenyang,2020,Leave_One_experiments\wth_generated_qc\SYA\SYA2020.WTH,normal_year;water_stress_year;nitrogen_stress_year,water_stress,SYA2020_stress_grid_S0048,pareto_balanced,2020-06-11,163,58,53,"{""sim_day"": 58.0, ""doy"": 163.0, ""topwt"": 421.0719299316406, ""grnwt"": 0.0, ""xlai"": 0.6020753383636475, ""totir"": 0.0, ""tofer"": NaN, ""swfac"": 0.0, ""nstres"": 0.1656228303909301}",0.0,0.1656228303909301,421.0719299316406,0.0,0.6020753383636475,0.0,,0.0,0.0,60.0,0.0,-3.759103393554685,20.240896606445315,Leave_One_experiments/all_year_offline_schedule_search/daily_outputs/SYA/SYA_2020_SYA2020_stress_grid_S0048_daily.csv
SYA,SYA,Shenyang,2020,Leave_One_experiments\wth_generated_qc\SYA\SYA2020.WTH,normal_year;water_stress_year;nitrogen_stress_year,water_stress,SYA2020_stress_grid_S0048,pareto_balanced,2020-06-12,164,59,54,"{""sim_day"": 59.0, ""doy"": 164.0, ""topwt"": 467.7187728881836, ""grnwt"": 0.0, ""xlai"": 0.6444791555404663, ""totir"": 0.0, ""tofer"": NaN, ""swfac"": 0.0, ""nstres"": 0.1596984267234802}",0.0,0.1596984267234802,467.7187728881836,0.0,0.6444791555404663,0.0,,0.0,0.0,60.0,0.0,-3.759103393554685,20.240896606445315,Leave_One_experiments/all_year_offline_schedule_search/daily_outputs/SYA/SYA_2020_SYA2020_stress_grid_S0048_daily.csv
SYA,SYA,Shenyang,2020,Leave_One_experiments\wth_generated_qc\SYA\SYA2020.WTH,normal_year;water_stress_year;nitrogen_stress_year,water_stress,SYA2020_stress_grid_S0048,pareto_balanced,2020-06-13,165,60,55,"{""sim_day"": 60.0, ""doy"": 165.0, ""topwt"": 509.1203308105469, ""grnwt"": 0.0, ""xlai"": 0.6773586273193359, ""totir"": 0.0, ""tofer"": NaN, ""swfac"": 0.0, ""nstres"": 0.1642087697982788}",0.0,0.1642087697982788,509.1203308105469,0.0,0.6773586273193359,0.0,,0.0,0.0,60.0,0.0,-3.759103393554685,20.240896606445315,Leave_One_experiments/all_year_offline_schedule_search/daily_outputs/SYA/SYA_2020_SYA2020_stress_grid_S0048_daily.csv
SYA,SYA,Shenyang,2020,Leave_One_experiments\wth_generated_qc\SYA\SYA2020.WTH,normal_year;water_stress_year;nitrogen_stress_year,water_stress,SYA2020_stress_grid_S0048,pareto_balanced,2020-06-14,166,61,56,"{""sim_day"": 61.0, ""doy"": 166.0, ""topwt"": 549.0879821777344, ""grnwt"": 0.0, ""xlai"": 0.7047127485275269, ""totir"": 0.0, ""tofer"": NaN, ""swfac"": 0.0, ""nstres"": 0.178809642791748}",0.0,0.178809642791748,549.0879821777344,0.0,0.7047127485275269,0.0,,0.0,0.0,60.0,0.0,-3.759103393554685,20.240896606445315,Leave_One_experiments/all_year_offline_schedule_search/daily_outputs/SYA/SYA_2020_SYA2020_stress_grid_S0048_daily.csv
SYA,SYA,Shenyang,2020,Leave_One_experiments\wth_generated_qc\SYA\SYA2020.WTH,normal_year;water_stress_year;nitrogen_stress_year,water_stress,SYA2020_stress_grid_S0048,pareto_balanced,2020-06-15,167,62,57,"{""sim_day"": 62.0, ""doy"": 167.0, ""topwt"": 588.245735168457, ""grnwt"": 0.0, ""xlai"": 0.7275423407554626, ""totir"": 0.0, ""tofer"": NaN, ""swfac"": 0.0, ""nstres"": 0.1921051144599914}",0.0,0.1921051144599914,588.245735168457,0.0,0.7275423407554626,0.0,,0.0,0.0,60.0,0.0,-3.759103393554685,20.240896606445315,Leave_One_experiments/all_year_offline_schedule_search/daily_outputs/SYA/SYA_2020_SYA2020_stress_grid_S0048_daily.csv
SYA,SYA,Shenyang,2020,Leave_One_experiments\wth_generated_qc\SYA\SYA2020.WTH,normal_year;water_stress_year;nitrogen_stress_year,water_stress,SYA2020_stress_grid_S0048,pareto_balanced,2020-06-16,168,63,58,"{""sim_day"": 63.0, ""doy"": 168.0, ""topwt"": 633.2447052001953, ""grnwt"": 0.0, ""xlai"": 0.7525724172592163, ""totir"": 0.0, ""tofer"": NaN, ""swfac"": 0.0, ""nstres"": 0.2052355408668518}",0.0,0.2052355408668518,633.2447052001953,0.0,0.7525724172592163,0.0,,0.0,0.0,60.0,0.0,-3.759103393554685,20.240896606445315,Leave_One_experiments/all_year_offline_schedule_search/daily_outputs/SYA/SYA_2020_SYA2020_stress_grid_S0048_daily.csv
SYA,SYA,Shenyang,2020,Leave_One_experiments\wth_generated_qc\SYA\SYA2020.WTH,normal_year;water_stress_year;nitrogen_stress_year,water_stress,SYA2020_stress_grid_S0048,pareto_balanced,2020-06-17,169,64,59,"{""sim_day"": 64.0, ""doy"": 169.0, ""topwt"": 678.7227630615234, ""grnwt"": 0.0, ""xlai"": 0.7745218276977539, ""totir"": 0.0, ""tofer"": NaN, ""swfac"": 0.0, ""nstres"": 0.226123571395874}",0.0,0.226123571395874,678.7227630615234,0.0,0.7745218276977539,0.0,,0.0,0.0,60.0,0.0,-3.759103393554685,20.240896606445315,Leave_One_experiments/all_year_offline_schedule_search/daily_outputs/SYA/SYA_2020_SYA2020_stress_grid_S0048_daily.csv
SYA,SYA,Shenyang,2020,Leave_One_experiments\wth_generated_qc\SYA\SYA2020.WTH,normal_year;water_stress_year;nitrogen_stress_year,water_stress,SYA2020_stress_grid_S0048,pareto_balanced,2020-06-18,170,65,60,"{""sim_day"": 65.0, ""doy"": 170.0, ""topwt"": 723.1314086914062, ""grnwt"": 0.0, ""xlai"": 0.7920277714729309, ""totir"": 0.0, ""tofer"": NaN, ""swfac"": 0.0, ""nstres"": 0.2516930699348449}",0.0,0.2516930699348449,723.1314086914062,0.0,0.7920277714729309,0.0,,0.0,0.0,60.0,0.0,-3.759103393554685,20.240896606445315,Leave_One_experiments/all_year_offline_schedule_search/daily_outputs/SYA/SYA_2020_SYA2020_stress_grid_S0048_daily.csv
SYA,SYA,Shenyang,2020,Leave_One_experiments\wth_generated_qc\SYA\SYA2020.WTH,normal_year;water_stress_year;nitrogen_stress_year,water_stress,SYA2020_stress_grid_S0048,pareto_balanced,2020-06-19,171,66,61,"{""sim_day"": 66.0, ""doy"": 171.0, ""topwt"": 773.8368988037109, ""grnwt"": 0.0, ""xlai"": 0.811337411403656, ""totir"": 0.0, ""tofer"": NaN, ""swfac"": 0.0, ""nstres"": 0.2732725739479065}",0.0,0.2732725739479065,773.8368988037109,0.0,0.811337411403656,0.0,,0.0,0.0,60.0,0.0,-3.759103393554685,20.240896606445315,Leave_One_experiments/all_year_offline_schedule_search/daily_outputs/SYA/SYA_2020_SYA2020_stress_grid_S0048_daily.csv
SYA,SYA,Shenyang,2020,Leave_One_experiments\wth_generated_qc\SYA\SYA2020.WTH,normal_year;water_stress_year;nitrogen_stress_year,water_stress,SYA2020_stress_grid_S0048,pareto_balanced,2020-06-20,172,67,62,"{""sim_day"": 67.0, ""doy"": 172.0, ""topwt"": 828.5671997070312, ""grnwt"": 0.0, ""xlai"": 0.8302432298660278, ""totir"": 0.0, ""tofer"": NaN, ""swfac"": 0.0, ""nstres"": 0.2880754470825195}",0.0,0.2880754470825195,828.5671997070312,0.0,0.8302432298660278,0.0,,0.0,0.0,60.0,0.0,-3.759103393554685,20.240896606445315,Leave_One_experiments/all_year_offline_schedule_search/daily_outputs/SYA/SYA_2020_SYA2020_stress_grid_S0048_daily.csv
SYA,SYA,Shenyang,2020,Leave_One_experiments\wth_generated_qc\SYA\SYA2020.WTH,normal_year;water_stress_year;nitrogen_stress_year,water_stress,SYA2020_stress_grid_S0048,pareto_balanced,2020-06-21,173,68,63,"{""sim_day"": 68.0, ""doy"": 173.0, ""topwt"": 878.4595489501953, ""grnwt"": 0.0, ""xlai"": 0.8421236872673035, ""totir"": 0.0, ""tofer"": NaN, ""swfac"": 0.0, ""nstres"": 0.3069053888320923}",0.0,0.3069053888320923,878.4595489501953,0.0,0.8421236872673035,0.0,,0.0,0.0,60.0,0.0,-3.759103393554685,20.240896606445315,Leave_One_experiments/all_year_offline_schedule_search/daily_outputs/SYA/SYA_2020_SYA2020_stress_grid_S0048_daily.csv
SYA,SYA,Shenyang,2020,Leave_One_experiments\wth_generated_qc\SYA\SYA2020.WTH,normal_year;water_stress_year;nitrogen_stress_year,water_stress,SYA2020_stress_grid_S0048,pareto_balanced,2020-06-22,174,69,64,"{""sim_day"": 69.0, ""doy"": 174.0, ""topwt"": 925.8139038085938, ""grnwt"": 0.0, ""xlai"": 0.8493170738220215, ""totir"": 0.0, ""tofer"": NaN, ""swfac"": 0.0, ""nstres"": 0.3272738456726074}",0.0,0.3272738456726074,925.8139038085938,0.0,0.8493170738220215,0.0,,0.0,0.0,60.0,0.0,-3.759103393554685,20.240896606445315,Leave_One_experiments/all_year_offline_schedule_search/daily_outputs/SYA/SYA_2020_SYA2020_stress_grid_S0048_daily.csv
SYA,SYA,Shenyang,2020,Leave_One_experiments\wth_generated_qc\SYA\SYA2020.WTH,normal_year;water_stress_year;nitrogen_stress_year,water_stress,SYA2020_stress_grid_S0048,pareto_balanced,2020-06-23,175,70,65,"{""sim_day"": 70.0, ""doy"": 175.0, ""topwt"": 963.0514526367188, ""grnwt"": 0.0, ""xlai"": 0.8477306365966797, ""totir"": 40.0, ""tofer"": NaN, ""swfac"": 0.0, ""nstres"": 0.3415635824203491}",0.0,0.3415635824203491,963.0514526367188,0.0,0.8477306365966797,40.0,,40.0,0.0,60.0,0.0,-3.759103393554685,20.240896606445315,Leave_One_experiments/all_year_offline_schedule_search/daily_outputs/SYA/SYA_2020_SYA2020_stress_grid_S0048_daily.csv
SYA,SYA,Shenyang,2020,Leave_One_experiments\wth_generated_qc\SYA\SYA2020.WTH,normal_year;water_stress_year;nitrogen_stress_year,water_stress,SYA2020_stress_grid_S0048,pareto_balanced,2020-06-24,176,71,66,"{""sim_day"": 71.0, ""doy"": 176.0, ""topwt"": 1011.4517974853516, ""grnwt"": 0.0, ""xlai"": 0.851732611656189, ""totir"": 40.0, ""tofer"": NaN, ""swfac"": 0.0, ""nstres"": 0.3503779768943786}",0.0,0.3503779768943786,1011.4517974853516,0.0,0.851732611656189,40.0,,0.0,0.0,60.0,0.0,-3.759103393554685,20.240896606445315,Leave_One_experiments/all_year_offline_schedule_search/daily_outputs/SYA/SYA_2020_SYA2020_stress_grid_S0048_daily.csv
SYA,SYA,Shenyang,2020,Leave_One_experiments\wth_generated_qc\SYA\SYA2020.WTH,normal_year;water_stress_year;nitrogen_stress_year,water_stress,SYA2020_stress_grid_S0048,pareto_balanced,2020-06-25,177,72,67,"{""sim_day"": 72.0, ""doy"": 177.0, ""topwt"": 1052.7610778808594, ""grnwt"": 0.0, ""xlai"": 0.8498740792274475, ""totir"": 40.0, ""tofer"": NaN, ""swfac"": 0.0, ""nstres"": 0.3550514578819275}",0.0,0.3550514578819275,1052.7610778808594,0.0,0.8498740792274475,40.0,,0.0,0.0,60.0,0.0,-3.759103393554685,20.240896606445315,Leave_One_experiments/all_year_offline_schedule_search/daily_outputs/SYA/SYA_2020_SYA2020_stress_grid_S0048_daily.csv
SYA,SYA,Shenyang,2020,Leave_One_experiments\wth_generated_qc\SYA\SYA2020.WTH,normal_year;water_stress_year;nitrogen_stress_year,water_stress,SYA2020_stress_grid_S0048,pareto_balanced,2020-06-26,178,73,68,"{""sim_day"": 73.0, ""doy"": 178.0, ""topwt"": 1097.9322052001953, ""grnwt"": 0.0, ""xlai"": 0.8487940430641174, ""totir"": 40.0, ""tofer"": NaN, ""swfac"": 0.0, ""nstres"": 0.3668999075889587}",0.0,0.3668999075889587,1097.9322052001953,0.0,0.8487940430641174,40.0,,0.0,0.0,60.0,0.0,-3.759103393554685,20.240896606445315,Leave_One_experiments/all_year_offline_schedule_search/daily_outputs/SYA/SYA_2020_SYA2020_stress_grid_S0048_daily.csv
SYA,SYA,Shenyang,2020,Leave_One_experiments\wth_generated_qc\SYA\SYA2020.WTH,normal_year;water_stress_year;nitrogen_stress_year,water_stress,SYA2020_stress_grid_S0048,pareto_balanced,2020-06-27,179,74,69,"{""sim_day"": 74.0, ""doy"": 179.0, ""topwt"": 1213.158721923828, ""grnwt"": 0.0, ""xlai"": 0.8968100547790527, ""totir"": 40.0, ""tofer"": NaN, ""swfac"": 0.0, ""nstres"": 0.3747503161430359}",0.0,0.3747503161430359,1213.158721923828,0.0,0.8968100547790527,40.0,,0.0,0.0,60.0,0.0,-3.759103393554685,20.240896606445315,Leave_One_experiments/all_year_offline_schedule_search/daily_outputs/SYA/SYA_2020_SYA2020_stress_grid_S0048_daily.csv
SYA,SYA,Shenyang,2020,Leave_One_experiments\wth_generated_qc\SYA\SYA2020.WTH,normal_year;water_stress_year;nitrogen_stress_year,water_stress,SYA2020_stress_grid_S0048,pareto_balanced,2020-06-28,180,75,70,"{""sim_day"": 75.0, ""doy"": 180.0, ""topwt"": 1294.996337890625, ""grnwt"": 0.0, ""xlai"": 0.9077612161636353, ""totir"": 40.0, ""tofer"": NaN, ""swfac"": 0.0, ""nstres"": 0.383227527141571}",0.0,0.383227527141571,1294.996337890625,0.0,0.9077612161636353,40.0,,0.0,0.0,60.0,0.0,-3.759103393554685,20.240896606445315,Leave_One_experiments/all_year_offline_schedule_search/daily_outputs/SYA/SYA_2020_SYA2020_stress_grid_S0048_daily.csv
SYA,SYA,Shenyang,2020,Leave_One_experiments\wth_generated_qc\SYA\SYA2020.WTH,normal_year;water_stress_year;nitrogen_stress_year,water_stress,SYA2020_stress_grid_S0048,pareto_balanced,2020-06-29,181,76,71,"{""sim_day"": 76.0, ""doy"": 181.0, ""topwt"": 1363.0722045898438, ""grnwt"": 0.0, ""xlai"": 0.9048689007759094, ""totir"": 40.0, ""tofer"": NaN, ""swfac"": 0.0, ""nstres"": 0.4301642179489136}",0.0,0.4301642179489136,1363.0722045898438,0.0,0.9048689007759094,40.0,,0.0,0.0,60.0,0.0,-3.759103393554685,20.240896606445315,Leave_One_experiments/all_year_offline_schedule_search/daily_outputs/SYA/SYA_2020_SYA2020_stress_grid_S0048_daily.csv
SYA,SYA,Shenyang,2020,Leave_One_experiments\wth_generated_qc\SYA\SYA2020.WTH,normal_year;water_stress_year;nitrogen_stress_year,water_stress,SYA2020_stress_grid_S0048,pareto_balanced,2020-06-30,182,77,72,"{""sim_day"": 77.0, ""doy"": 182.0, ""topwt"": 1422.3422241210938, ""grnwt"": 0.0, ""xlai"": 0.895119309425354, ""totir"": 40.0, ""tofer"": NaN, ""swfac"": 0.0, ""nstres"": 0.4480577111244201}",0.0,0.4480577111244201,1422.3422241210938,0.0,0.895119309425354,40.0,,0.0,0.0,60.0,0.0,-3.759103393554685,20.240896606445315,Leave_One_experiments/all_year_offline_schedule_search/daily_outputs/SYA/SYA_2020_SYA2020_stress_grid_S0048_daily.csv
SYA,SYA,Shenyang,2020,Leave_One_experiments\wth_generated_qc\SYA\SYA2020.WTH,normal_year;water_stress_year;nitrogen_stress_year,water_stress,SYA2020_stress_grid_S0048,pareto_balanced,2020-07-01,183,78,73,"{""sim_day"": 78.0, ""doy"": 183.0, ""topwt"": 1479.3487548828125, ""grnwt"": 0.0, ""xlai"": 0.8828529119491577, ""totir"": 40.0, ""tofer"": NaN, ""swfac"": 0.0, ""nstres"": 0.4538627862930298}",0.0,0.4538627862930298,1479.3487548828125,0.0,0.8828529119491577,40.0,,0.0,0.0,60.0,0.0,-3.759103393554685,20.240896606445315,Leave_One_experiments/all_year_offline_schedule_search/daily_outputs/SYA/SYA_2020_SYA2020_stress_grid_S0048_daily.csv
SYA,SYA,Shenyang,2020,Leave_One_experiments\wth_generated_qc\SYA\SYA2020.WTH,normal_year;water_stress_year;nitrogen_stress_year,water_stress,SYA2020_stress_grid_S0048,pareto_balanced,2020-07-02,184,79,74,"{""sim_day"": 79.0, ""doy"": 184.0, ""topwt"": 1537.1836853027344, ""grnwt"": 0.0, ""xlai"": 0.8699683547019958, ""totir"": 40.0, ""tofer"": NaN, ""swfac"": 0.0, ""nstres"": 0.4515036940574646}",0.0,0.4515036940574646,1537.1836853027344,0.0,0.8699683547019958,40.0,,0.0,0.0,60.0,0.0,-3.759103393554685,20.240896606445315,Leave_One_experiments/all_year_offline_schedule_search/daily_outputs/SYA/SYA_2020_SYA2020_stress_grid_S0048_daily.csv
SYA,SYA,Shenyang,2020,Leave_One_experiments\wth_generated_qc\SYA\SYA2020.WTH,normal_year;water_stress_year;nitrogen_stress_year,water_stress,SYA2020_stress_grid_S0048,pareto_balanced,2020-07-03,185,80,75,"{""sim_day"": 80.0, ""doy"": 185.0, ""topwt"": 1591.4010620117188, ""grnwt"": 0.0, ""xlai"": 0.8555166721343994, ""totir"": 40.0, ""tofer"": NaN, ""swfac"": 0.0, ""nstres"": 0.4473243355751037}",0.0,0.4473243355751037,1591.4010620117188,0.0,0.8555166721343994,40.0,,0.0,0.0,60.0,0.0,-3.759103393554685,20.240896606445315,Leave_One_experiments/all_year_offline_schedule_search/daily_outputs/SYA/SYA_2020_SYA2020_stress_grid_S0048_daily.csv
SYA,SYA,Shenyang,2020,Leave_One_experiments\wth_generated_qc\SYA\SYA2020.WTH,normal_year;water_stress_year;nitrogen_stress_year,water_stress,SYA2020_stress_grid_S0048,pareto_balanced,2020-07-04,186,81,76,"{""sim_day"": 81.0, ""doy"": 186.0, ""topwt"": 1646.9865417480469, ""grnwt"": 0.0, ""xlai"": 0.8412896394729614, ""totir"": 40.0, ""tofer"": NaN, ""swfac"": 0.0, ""nstres"": 0.4419463276863098}",0.0,0.4419463276863098,1646.9865417480469,0.0,0.8412896394729614,40.0,,0.0,0.0,60.0,0.0,-3.759103393554685,20.240896606445315,Leave_One_experiments/all_year_offline_schedule_search/daily_outputs/SYA/SYA_2020_SYA2020_stress_grid_S0048_daily.csv
SYA,SYA,Shenyang,2020,Leave_One_experiments\wth_generated_qc\SYA\SYA2020.WTH,normal_year;water_stress_year;nitrogen_stress_year,water_stress,SYA2020_stress_grid_S0048,pareto_balanced,2020-07-05,187,82,77,"{""sim_day"": 82.0, ""doy"": 187.0, ""topwt"": 1690.834503173828, ""grnwt"": 0.0, ""xlai"": 0.8239142298698425, ""totir"": 40.0, ""tofer"": NaN, ""swfac"": 0.0, ""nstres"": 0.4363468289375305}",0.0,0.4363468289375305,1690.834503173828,0.0,0.8239142298698425,40.0,,0.0,0.0,60.0,0.0,-3.759103393554685,20.240896606445315,Leave_One_experiments/all_year_offline_schedule_search/daily_outputs/SYA/SYA_2020_SYA2020_stress_grid_S0048_daily.csv
SYA,SYA,Shenyang,2020,Leave_One_experiments\wth_generated_qc\SYA\SYA2020.WTH,normal_year;water_stress_year;nitrogen_stress_year,water_stress,SYA2020_stress_grid_S0048,pareto_balanced,2020-07-06,188,83,78,"{""sim_day"": 83.0, ""doy"": 188.0, ""topwt"": 1743.2025146484375, ""grnwt"": 0.0, ""xlai"": 0.8091315031051636, ""totir"": 40.0, ""tofer"": NaN, ""swfac"": 0.0, ""nstres"": 0.430175244808197}",0.0,0.430175244808197,1743.2025146484375,0.0,0.8091315031051636,40.0,,0.0,0.0,60.0,0.0,-3.759103393554685,20.240896606445315,Leave_One_experiments/all_year_offline_schedule_search/daily_outputs/SYA/SYA_2020_SYA2020_stress_grid_S0048_daily.csv
SYA,SYA,Shenyang,2020,Leave_One_experiments\wth_generated_qc\SYA\SYA2020.WTH,normal_year;water_stress_year;nitrogen_stress_year,water_stress,SYA2020_stress_grid_S0048,pareto_balanced,2020-07-07,189,84,79,"{""sim_day"": 84.0, ""doy"": 189.0, ""topwt"": 1789.9415588378906, ""grnwt"": 0.0, ""xlai"": 0.7932796478271484, ""totir"": 40.0, ""tofer"": NaN, ""swfac"": 0.0, ""nstres"": 0.4206951856613159}",0.0,0.4206951856613159,1789.9415588378906,0.0,0.7932796478271484,40.0,,0.0,0.0,60.0,0.0,-3.759103393554685,20.240896606445315,Leave_One_experiments/all_year_offline_schedule_search/daily_outputs/SYA/SYA_2020_SYA2020_stress_grid_S0048_daily.csv
SYA,SYA,Shenyang,2020,Leave_One_experiments\wth_generated_qc\SYA\SYA2020.WTH,normal_year;water_stress_year;nitrogen_stress_year,water_stress,SYA2020_stress_grid_S0048,pareto_balanced,2020-07-08,190,85,80,"{""sim_day"": 85.0, ""doy"": 190.0, ""topwt"": 1842.1749877929688, ""grnwt"": 0.0, ""xlai"": 0.7791990637779236, ""totir"": 60.0, ""tofer"": NaN, ""swfac"": 0.0, ""nstres"": 0.4127299785614013}",0.0,0.4127299785614013,1842.1749877929688,0.0,0.7791990637779236,60.0,,20.0,0.0,60.0,0.0,-3.759103393554685,20.240896606445315,Leave_One_experiments/all_year_offline_schedule_search/daily_outputs/SYA/SYA_2020_SYA2020_stress_grid_S0048_daily.csv
SYA,SYA,Shenyang,2020,Leave_One_experiments\wth_generated_qc\SYA\SYA2020.WTH,normal_year;water_stress_year;nitrogen_stress_year,water_stress,SYA2020_stress_grid_S0048,pareto_balanced,2020-07-09,191,86,81,"{""sim_day"": 86.0, ""doy"": 191.0, ""topwt"": 1900.9947204589844, ""grnwt"": 0.0, ""xlai"": 0.7674223184585571, ""totir"": 60.0, ""tofer"": NaN, ""swfac"": 0.0, ""nstres"": 0.4067428708076477}",0.0,0.4067428708076477,1900.9947204589844,0.0,0.7674223184585571,60.0,,0.0,0.0,60.0,0.0,-3.759103393554685,20.240896606445315,Leave_One_experiments/all_year_offline_schedule_search/daily_outputs/SYA/SYA_2020_SYA2020_stress_grid_S0048_daily.csv
SYA,SYA,Shenyang,2020,Leave_One_experiments\wth_generated_qc\SYA\SYA2020.WTH,normal_year;water_stress_year;nitrogen_stress_year,water_stress,SYA2020_stress_grid_S0048,pareto_balanced,2020-07-10,192,87,82,"{""sim_day"": 87.0, ""doy"": 192.0, ""topwt"": 1964.776153564453, ""grnwt"": 0.0, ""xlai"": 0.7575238943099976, ""totir"": 60.0, ""tofer"": NaN, ""swfac"": 0.0, ""nstres"": 0.398787260055542}",0.0,0.398787260055542,1964.776153564453,0.0,0.7575238943099976,60.0,,0.0,0.0,60.0,0.0,-3.759103393554685,20.240896606445315,Leave_One_experiments/all_year_offline_schedule_search/daily_outputs/SYA/SYA_2020_SYA2020_stress_grid_S0048_daily.csv
SYA,SYA,Shenyang,2020,Leave_One_experiments\wth_generated_qc\SYA\SYA2020.WTH,normal_year;water_stress_year;nitrogen_stress_year,water_stress,SYA2020_stress_grid_S0048,pareto_balanced,2020-07-11,193,88,83,"{""sim_day"": 88.0, ""doy"": 193.0, ""topwt"": 2027.5119018554688, ""grnwt"": 0.0, ""xlai"": 0.7478674650192261, ""totir"": 60.0, ""tofer"": NaN, ""swfac"": 0.0, ""nstres"": 0.3931207656860351}",0.0,0.3931207656860351,2027.5119018554688,0.0,0.7478674650192261,60.0,,0.0,0.0,60.0,0.0,-3.759103393554685,20.240896606445315,Leave_One_experiments/all_year_offline_schedule_search/daily_outputs/SYA/SYA_2020_SYA2020_stress_grid_S0048_daily.csv
SYA,SYA,Shenyang,2020,Leave_One_experiments\wth_generated_qc\SYA\SYA2020.WTH,normal_year;water_stress_year;nitrogen_stress_year,water_stress,SYA2020_stress_grid_S0048,pareto_balanced,2020-07-12,194,89,84,"{""sim_day"": 89.0, ""doy"": 194.0, ""topwt"": 2090.809631347656, ""grnwt"": 0.0, ""xlai"": 0.738919198513031, ""totir"": 60.0, ""tofer"": NaN, ""swfac"": 0.0, ""nstres"": 0.3849526047706604}",0.0,0.3849526047706604,2090.809631347656,0.0,0.738919198513031,60.0,,0.0,0.0,60.0,0.0,-3.759103393554685,20.240896606445315,Leave_One_experiments/all_year_offline_schedule_search/daily_outputs/SYA/SYA_2020_SYA2020_stress_grid_S0048_daily.csv
SYA,SYA,Shenyang,2020,Leave_One_experiments\wth_generated_qc\SYA\SYA2020.WTH,normal_year;water_stress_year;nitrogen_stress_year,water_stress,SYA2020_stress_grid_S0048,pareto_balanced,2020-07-13,195,90,85,"{""sim_day"": 90.0, ""doy"": 195.0, ""topwt"": 2154.31884765625, ""grnwt"": 0.0, ""xlai"": 0.7306930422782898, ""totir"": 60.0, ""tofer"": NaN, ""swfac"": 0.0, ""nstres"": 0.372644305229187}",0.0,0.372644305229187,2154.31884765625,0.0,0.7306930422782898,60.0,,0.0,0.0,60.0,0.0,-3.759103393554685,20.240896606445315,Leave_One_experiments/all_year_offline_schedule_search/daily_outputs/SYA/SYA_2020_SYA2020_stress_grid_S0048_daily.csv
SYA,SYA,Shenyang,2020,Leave_One_experiments\wth_generated_qc\SYA\SYA2020.WTH,normal_year;water_stress_year;nitrogen_stress_year,water_stress,SYA2020_stress_grid_S0048,pareto_balanced,2020-07-14,196,91,86,"{""sim_day"": 91.0, ""doy"": 196.0, ""topwt"": 2224.8765563964844, ""grnwt"": 0.0, ""xlai"": 0.724759578704834, ""totir"": 60.0, ""tofer"": NaN, ""swfac"": 0.0, ""nstres"": 0.3633583188056946}",0.0,0.3633583188056946,2224.8765563964844,0.0,0.724759578704834,60.0,,0.0,0.0,60.0,0.0,-3.759103393554685,20.240896606445315,Leave_One_experiments/all_year_offline_schedule_search/daily_outputs/SYA/SYA_2020_SYA2020_stress_grid_S0048_daily.csv
SYA,SYA,Shenyang,2020,Leave_One_experiments\wth_generated_qc\SYA\SYA2020.WTH,normal_year;water_stress_year;nitrogen_stress_year,water_stress,SYA2020_stress_grid_S0048,pareto_balanced,2020-07-15,197,92,87,"{""sim_day"": 92.0, ""doy"": 197.0, ""topwt"": 2347.322998046875, ""grnwt"": 0.0, ""xlai"": 0.7020925879478455, ""totir"": 60.0, ""tofer"": NaN, ""swfac"": 0.0, ""nstres"": 0.3506035804748535}",0.0,0.3506035804748535,2347.322998046875,0.0,0.7020925879478455,60.0,,0.0,0.0,60.0,0.0,-3.759103393554685,20.240896606445315,Leave_One_experiments/all_year_offline_schedule_search/daily_outputs/SYA/SYA_2020_SYA2020_stress_grid_S0048_daily.csv
SYA,SYA,Shenyang,2020,Leave_One_experiments\wth_generated_qc\SYA\SYA2020.WTH,normal_year;water_stress_year;nitrogen_stress_year,water_stress,SYA2020_stress_grid_S0048,pareto_balanced,2020-07-16,198,93,88,"{""sim_day"": 93.0, ""doy"": 198.0, ""topwt"": 2438.6256408691406, ""grnwt"": 0.0, ""xlai"": 0.680521547794342, ""totir"": 60.0, ""tofer"": NaN, ""swfac"": 0.0, ""nstres"": 0.3373759984970093}",0.0,0.3373759984970093,2438.6256408691406,0.0,0.680521547794342,60.0,,0.0,0.0,60.0,0.0,-3.759103393554685,20.240896606445315,Leave_One_experiments/all_year_offline_schedule_search/daily_outputs/SYA/SYA_2020_SYA2020_stress_grid_S0048_daily.csv
SYA,SYA,Shenyang,2020,Leave_One_experiments\wth_generated_qc\SYA\SYA2020.WTH,normal_year;water_stress_year;nitrogen_stress_year,water_stress,SYA2020_stress_grid_S0048,pareto_balanced,2020-07-17,199,94,89,"{""sim_day"": 94.0, ""doy"": 199.0, ""topwt"": 2523.4304809570312, ""grnwt"": 0.0, ""xlai"": 0.6593751311302185, ""totir"": 60.0, ""tofer"": NaN, ""swfac"": 0.0, ""nstres"": 0.345772385597229}",0.0,0.345772385597229,2523.4304809570312,0.0,0.6593751311302185,60.0,,0.0,0.0,60.0,0.0,-3.759103393554685,20.240896606445315,Leave_One_experiments/all_year_offline_schedule_search/daily_outputs/SYA/SYA_2020_SYA2020_stress_grid_S0048_daily.csv
SYA,SYA,Shenyang,2020,Leave_One_experiments\wth_generated_qc\SYA\SYA2020.WTH,normal_year;water_stress_year;nitrogen_stress_year,water_stress,SYA2020_stress_grid_S0048,pareto_balanced,2020-07-18,200,95,90,"{""sim_day"": 95.0, ""doy"": 200.0, ""topwt"": 2520.311584472656, ""grnwt"": 0.0, ""xlai"": 0.6389309167861938, ""totir"": 60.0, ""tofer"": NaN, ""swfac"": 0.0, ""nstres"": 0.3441305160522461}",0.0,0.3441305160522461,2520.311584472656,0.0,0.6389309167861938,60.0,,0.0,0.0,60.0,0.0,-3.759103393554685,20.240896606445315,Leave_One_experiments/all_year_offline_schedule_search/daily_outputs/SYA/SYA_2020_SYA2020_stress_grid_S0048_daily.csv
SYA,SYA,Shenyang,2020,Leave_One_experiments\wth_generated_qc\SYA\SYA2020.WTH,normal_year;water_stress_year;nitrogen_stress_year,water_stress,SYA2020_stress_grid_S0048,pareto_balanced,2020-07-19,201,96,91,"{""sim_day"": 96.0, ""doy"": 201.0, ""topwt"": 2628.848876953125, ""grnwt"": 0.0, ""xlai"": 0.6192274689674377, ""totir"": 60.0, ""tofer"": NaN, ""swfac"": 0.0, ""nstres"": 0.3401169180870056}",0.0,0.3401169180870056,2628.848876953125,0.0,0.6192274689674377,60.0,,0.0,0.0,60.0,0.0,-3.759103393554685,20.240896606445315,Leave_One_experiments/all_year_offline_schedule_search/daily_outputs/SYA/SYA_2020_SYA2020_stress_grid_S0048_daily.csv
SYA,SYA,Shenyang,2020,Leave_One_experiments\wth_generated_qc\SYA\SYA2020.WTH,normal_year;water_stress_year;nitrogen_stress_year,water_stress,SYA2020_stress_grid_S0048,pareto_balanced,2020-07-20,202,97,92,"{""sim_day"": 97.0, ""doy"": 202.0, ""topwt"": 2733.4939575195312, ""grnwt"": 0.0, ""xlai"": 0.600861668586731, ""totir"": 60.0, ""tofer"": NaN, ""swfac"": 0.0, ""nstres"": 0.3118194937705993}",0.0,0.3118194937705993,2733.4939575195312,0.0,0.600861668586731,60.0,,0.0,0.0,60.0,0.0,-3.759103393554685,20.240896606445315,Leave_One_experiments/all_year_offline_schedule_search/daily_outputs/SYA/SYA_2020_SYA2020_stress_grid_S0048_daily.csv
SYA,SYA,Shenyang,2020,Leave_One_experiments\wth_generated_qc\SYA\SYA2020.WTH,normal_year;water_stress_year;nitrogen_stress_year,water_stress,SYA2020_stress_grid_S0048,pareto_balanced,2020-07-21,203,98,93,"{""sim_day"": 98.0, ""doy"": 203.0, ""topwt"": 2838.4835815429688, ""grnwt"": 0.0, ""xlai"": 0.5830150246620178, ""totir"": 60.0, ""tofer"": NaN, ""swfac"": 0.0, ""nstres"": 0.3128401041030884}",0.0,0.3128401041030884,2838.4835815429688,0.0,0.5830150246620178,60.0,,0.0,0.0,60.0,0.0,-3.759103393554685,20.240896606445315,Leave_One_experiments/all_year_offline_schedule_search/daily_outputs/SYA/SYA_2020_SYA2020_stress_grid_S0048_daily.csv
SYA,SYA,Shenyang,2020,Leave_One_experiments\wth_generated_qc\SYA\SYA2020.WTH,normal_year;water_stress_year;nitrogen_stress_year,water_stress,SYA2020_stress_grid_S0048,pareto_balanced,2020-07-22,204,99,94,"{""sim_day"": 99.0, ""doy"": 204.0, ""topwt"": 2927.017517089844, ""grnwt"": 0.0, ""xlai"": 0.5657842755317688, ""totir"": 60.0, ""tofer"": NaN, ""swfac"": 0.0, ""nstres"": 0.309308648109436}",0.0,0.309308648109436,2927.017517089844,0.0,0.5657842755317688,60.0,,0.0,0.0,60.0,0.0,-3.759103393554685,20.240896606445315,Leave_One_experiments/all_year_offline_schedule_search/daily_outputs/SYA/SYA_2020_SYA2020_stress_grid_S0048_daily.csv
SYA,SYA,Shenyang,2020,Leave_One_experiments\wth_generated_qc\SYA\SYA2020.WTH,normal_year;water_stress_year;nitrogen_stress_year,water_stress,SYA2020_stress_grid_S0048,pareto_balanced,2020-07-23,205,100,95,"{""sim_day"": 100.0, ""doy"": 205.0, ""topwt"": 2998.458251953125, ""grnwt"": 0.0, ""xlai"": 0.5491784811019897, ""totir"": 60.0, ""tofer"": NaN, ""swfac"": 0.0, ""nstres"": 0.3044038414955139}",0.0,0.3044038414955139,2998.458251953125,0.0,0.5491784811019897,60.0,,0.0,0.0,60.0,0.0,-3.759103393554685,20.240896606445315,Leave_One_experiments/all_year_offline_schedule_search/daily_outputs/SYA/SYA_2020_SYA2020_stress_grid_S0048_daily.csv
SYA,SYA,Shenyang,2020,Leave_One_experiments\wth_generated_qc\SYA\SYA2020.WTH,normal_year;water_stress_year;nitrogen_stress_year,water_stress,SYA2020_stress_grid_S0048,pareto_balanced,2020-07-24,206,101,96,"{""sim_day"": 101.0, ""doy"": 206.0, ""topwt"": 3094.198608398437, ""grnwt"": 0.0, ""xlai"": 0.5333392024040222, ""totir"": 60.0, ""tofer"": NaN, ""swfac"": 0.0, ""nstres"": 0.2922028303146362}",0.0,0.2922028303146362,3094.198608398437,0.0,0.5333392024040222,60.0,,0.0,0.0,60.0,0.0,-3.759103393554685,20.240896606445315,Leave_One_experiments/all_year_offline_schedule_search/daily_outputs/SYA/SYA_2020_SYA2020_stress_grid_S0048_daily.csv
SYA,SYA,Shenyang,2020,Leave_One_experiments\wth_generated_qc\SYA\SYA2020.WTH,normal_year;water_stress_year;nitrogen_stress_year,water_stress,SYA2020_stress_grid_S0048,pareto_balanced,2020-07-25,207,102,97,"{""sim_day"": 102.0, ""doy"": 207.0, ""topwt"": 3214.653625488281, ""grnwt"": 124.02119636535645, ""xlai"": 0.5184218287467957, ""totir"": 60.0, ""tofer"": NaN, ""swfac"": 0.0, ""nstres"": 0.2712742686271667}",0.0,0.2712742686271667,3214.653625488281,124.02119636535645,0.5184218287467957,60.0,,0.0,0.0,60.0,0.0,-3.759103393554685,20.240896606445315,Leave_One_experiments/all_year_offline_schedule_search/daily_outputs/SYA/SYA_2020_SYA2020_stress_grid_S0048_daily.csv
SYA,SYA,Shenyang,2020,Leave_One_experiments\wth_generated_qc\SYA\SYA2020.WTH,normal_year;water_stress_year;nitrogen_stress_year,water_stress,SYA2020_stress_grid_S0048,pareto_balanced,2020-07-26,208,103,98,"{""sim_day"": 103.0, ""doy"": 208.0, ""topwt"": 3266.9210815429688, ""grnwt"": 208.7663459777832, ""xlai"": 0.5030295848846436, ""totir"": 60.0, ""tofer"": NaN, ""swfac"": 0.0, ""nstres"": 0.3125767111778259}",0.0,0.3125767111778259,3266.9210815429688,208.7663459777832,0.5030295848846436,60.0,,0.0,0.0,60.0,0.0,-3.759103393554685,20.240896606445315,Leave_One_experiments/all_year_offline_schedule_search/daily_outputs/SYA/SYA_2020_SYA2020_stress_grid_S0048_daily.csv
SYA,SYA,Shenyang,2020,Leave_One_experiments\wth_generated_qc\SYA\SYA2020.WTH,normal_year;water_stress_year;nitrogen_stress_year,water_stress,SYA2020_stress_grid_S0048,pareto_balanced,2020-07-27,209,104,99,"{""sim_day"": 104.0, ""doy"": 209.0, ""topwt"": 3361.4669799804688, ""grnwt"": 293.5114860534668, ""xlai"": 0.4881744980812073, ""totir"": 60.0, ""tofer"": NaN, ""swfac"": 0.0, ""nstres"": 0.308745265007019}",0.0,0.308745265007019,3361.4669799804688,293.5114860534668,0.4881744980812073,60.0,,0.0,0.0,60.0,0.0,-3.759103393554685,20.240896606445315,Leave_One_experiments/all_year_offline_schedule_search/daily_outputs/SYA/SYA_2020_SYA2020_stress_grid_S0048_daily.csv
SYA,SYA,Shenyang,2020,Leave_One_experiments\wth_generated_qc\SYA\SYA2020.WTH,normal_year;water_stress_year;nitrogen_stress_year,water_stress,SYA2020_stress_grid_S0048,pareto_balanced,2020-07-28,210,105,100,"{""sim_day"": 105.0, ""doy"": 210.0, ""topwt"": 3442.0541381835938, ""grnwt"": 378.25660705566406, ""xlai"": 0.4739231765270233, ""totir"": 60.0, ""tofer"": NaN, ""swfac"": 0.0, ""nstres"": 0.3006350398063659}",0.0,0.3006350398063659,3442.0541381835938,378.25660705566406,0.4739231765270233,60.0,,0.0,0.0,60.0,0.0,-3.759103393554685,20.240896606445315,Leave_One_experiments/all_year_offline_schedule_search/daily_outputs/SYA/SYA_2020_SYA2020_stress_grid_S0048_daily.csv
SYA,SYA,Shenyang,2020,Leave_One_experiments\wth_generated_qc\SYA\SYA2020.WTH,normal_year;water_stress_year;nitrogen_stress_year,water_stress,SYA2020_stress_grid_S0048,pareto_balanced,2020-07-29,211,106,101,"{""sim_day"": 106.0, ""doy"": 211.0, ""topwt"": 3510.067443847656, ""grnwt"": 463.001708984375, ""xlai"": 0.4599756300449371, ""totir"": 60.0, ""tofer"": NaN, ""swfac"": 0.0, ""nstres"": 0.3063200116157532}",0.0,0.3063200116157532,3510.067443847656,463.001708984375,0.4599756300449371,60.0,,0.0,0.0,60.0,0.0,-3.759103393554685,20.240896606445315,Leave_One_experiments/all_year_offline_schedule_search/daily_outputs/SYA/SYA_2020_SYA2020_stress_grid_S0048_daily.csv
SYA,SYA,Shenyang,2020,Leave_One_experiments\wth_generated_qc\SYA\SYA2020.WTH,normal_year;water_stress_year;nitrogen_stress_year,water_stress,SYA2020_stress_grid_S0048,pareto_balanced,2020-07-30,212,107,102,"{""sim_day"": 107.0, ""doy"": 212.0, ""topwt"": 3598.2400512695312, ""grnwt"": 538.213005065918, ""xlai"": 0.4464601576328277, ""totir"": 60.0, ""tofer"": NaN, ""swfac"": 0.0, ""nstres"": 0.3051956295967102}",0.0,0.3051956295967102,3598.2400512695312,538.213005065918,0.4464601576328277,60.0,,0.0,0.0,60.0,0.0,-3.759103393554685,20.240896606445315,Leave_One_experiments/all_year_offline_schedule_search/daily_outputs/SYA/SYA_2020_SYA2020_stress_grid_S0048_daily.csv
SYA,SYA,Shenyang,2020,Leave_One_experiments\wth_generated_qc\SYA\SYA2020.WTH,normal_year;water_stress_year;nitrogen_stress_year,water_stress,SYA2020_stress_grid_S0048,pareto_balanced,2020-07-31,213,108,103,"{""sim_day"": 108.0, ""doy"": 213.0, ""topwt"": 3676.8942260742183, ""grnwt"": 610.7760238647461, ""xlai"": 0.4334932565689087, ""totir"": 60.0, ""tofer"": NaN, ""swfac"": 0.0, ""nstres"": 0.2970511317253113}",0.0,0.2970511317253113,3676.8942260742183,610.7760238647461,0.4334932565689087,60.0,,0.0,0.0,60.0,0.0,-3.759103393554685,20.240896606445315,Leave_One_experiments/all_year_offline_schedule_search/daily_outputs/SYA/SYA_2020_SYA2020_stress_grid_S0048_daily.csv
SYA,SYA,Shenyang,2020,Leave_One_experiments\wth_generated_qc\SYA\SYA2020.WTH,normal_year;water_stress_year;nitrogen_stress_year,water_stress,SYA2020_stress_grid_S0048,pareto_balanced,2020-08-01,214,109,104,"{""sim_day"": 109.0, ""doy"": 214.0, ""topwt"": 3719.724731445313, ""grnwt"": 695.5211639404297, ""xlai"": 0.4208069145679474, ""totir"": 60.0, ""tofer"": NaN, ""swfac"": 0.0, ""nstres"": 0.3023657202720642}",0.0,0.3023657202720642,3719.724731445313,695.5211639404297,0.4208069145679474,60.0,,0.0,0.0,60.0,0.0,-3.759103393554685,20.240896606445315,Leave_One_experiments/all_year_offline_schedule_search/daily_outputs/SYA/SYA_2020_SYA2020_stress_grid_S0048_daily.csv
SYA,SYA,Shenyang,2020,Leave_One_experiments\wth_generated_qc\SYA\SYA2020.WTH,normal_year;water_stress_year;nitrogen_stress_year,water_stress,SYA2020_stress_grid_S0048,pareto_balanced,2020-08-02,215,110,105,"{""sim_day"": 110.0, ""doy"": 215.0, ""topwt"": 3766.615905761719, ""grnwt"": 780.2662658691406, ""xlai"": 0.4083926081657409, ""totir"": 60.0, ""tofer"": NaN, ""swfac"": 0.0, ""nstres"": 0.3080297112464905}",0.0,0.3080297112464905,3766.615905761719,780.2662658691406,0.4083926081657409,60.0,,0.0,0.0,60.0,0.0,-3.759103393554685,20.240896606445315,Leave_One_experiments/all_year_offline_schedule_search/daily_outputs/SYA/SYA_2020_SYA2020_stress_grid_S0048_daily.csv
SYA,SYA,Shenyang,2020,Leave_One_experiments\wth_generated_qc\SYA\SYA2020.WTH,normal_year;water_stress_year;nitrogen_stress_year,water_stress,SYA2020_stress_grid_S0048,pareto_balanced,2020-08-03,216,111,106,"{""sim_day"": 111.0, ""doy"": 216.0, ""topwt"": 3851.443481445313, ""grnwt"": 865.0113677978516, ""xlai"": 0.3965568840503692, ""totir"": 60.0, ""tofer"": NaN, ""swfac"": 0.0, ""nstres"": 0.2955533862113952}",0.0,0.2955533862113952,3851.443481445313,865.0113677978516,0.3965568840503692,60.0,,0.0,0.0,60.0,0.0,-3.759103393554685,20.240896606445315,Leave_One_experiments/all_year_offline_schedule_search/daily_outputs/SYA/SYA_2020_SYA2020_stress_grid_S0048_daily.csv
SYA,SYA,Shenyang,2020,Leave_One_experiments\wth_generated_qc\SYA\SYA2020.WTH,normal_year;water_stress_year;nitrogen_stress_year,water_stress,SYA2020_stress_grid_S0048,pareto_balanced,2020-08-04,217,112,107,"{""sim_day"": 112.0, ""doy"": 217.0, ""topwt"": 3918.216857910156, ""grnwt"": 946.0489654541016, ""xlai"": 0.3852406144142151, ""totir"": 60.0, ""tofer"": NaN, ""swfac"": 0.0, ""nstres"": 0.2848719954490661}",0.0,0.2848719954490661,3918.216857910156,946.0489654541016,0.3852406144142151,60.0,,0.0,0.0,60.0,0.0,-3.759103393554685,20.240896606445315,Leave_One_experiments/all_year_offline_schedule_search/daily_outputs/SYA/SYA_2020_SYA2020_stress_grid_S0048_daily.csv
SYA,SYA,Shenyang,2020,Leave_One_experiments\wth_generated_qc\SYA\SYA2020.WTH,normal_year;water_stress_year;nitrogen_stress_year,water_stress,SYA2020_stress_grid_S0048,pareto_balanced,2020-08-05,218,113,108,"{""sim_day"": 113.0, ""doy"": 218.0, ""topwt"": 4007.617492675781, ""grnwt"": 1030.7940673828125, ""xlai"": 0.3741258084774017, ""totir"": 60.0, ""tofer"": NaN, ""swfac"": 0.0, ""nstres"": 0.2924421429634094}",0.0,0.2924421429634094,4007.617492675781,1030.7940673828125,0.3741258084774017,60.0,,0.0,0.0,60.0,0.0,-3.759103393554685,20.240896606445315,Leave_One_experiments/all_year_offline_schedule_search/daily_outputs/SYA/SYA_2020_SYA2020_stress_grid_S0048_daily.csv
SYA,SYA,Shenyang,2020,Leave_One_experiments\wth_generated_qc\SYA\SYA2020.WTH,normal_year;water_stress_year;nitrogen_stress_year,water_stress,SYA2020_stress_grid_S0048,pareto_balanced,2020-08-06,219,114,109,"{""sim_day"": 114.0, ""doy"": 219.0, ""topwt"": 4095.8718872070312, ""grnwt"": 1115.5391693115234, ""xlai"": 0.3632537126541137, ""totir"": 60.0, ""tofer"": NaN, ""swfac"": 0.0, ""nstres"": 0.2974386811256408}",0.0,0.2974386811256408,4095.8718872070312,1115.5391693115234,0.3632537126541137,60.0,,0.0,0.0,60.0,0.0,-3.759103393554685,20.240896606445315,Leave_One_experiments/all_year_offline_schedule_search/daily_outputs/SYA/SYA_2020_SYA2020_stress_grid_S0048_daily.csv
SYA,SYA,Shenyang,2020,Leave_One_experiments\wth_generated_qc\SYA\SYA2020.WTH,normal_year;water_stress_year;nitrogen_stress_year,water_stress,SYA2020_stress_grid_S0048,pareto_balanced,2020-08-07,220,115,110,"{""sim_day"": 115.0, ""doy"": 220.0, ""topwt"": 4173.727722167969, ""grnwt"": 1200.2842712402344, ""xlai"": 0.3525036871433258, ""totir"": 60.0, ""tofer"": NaN, ""swfac"": 0.0, ""nstres"": 0.3102514743804931}",0.0,0.3102514743804931,4173.727722167969,1200.2842712402344,0.3525036871433258,60.0,,0.0,0.0,60.0,0.0,-3.759103393554685,20.240896606445315,Leave_One_experiments/all_year_offline_schedule_search/daily_outputs/SYA/SYA_2020_SYA2020_stress_grid_S0048_daily.csv
SYA,SYA,Shenyang,2020,Leave_One_experiments\wth_generated_qc\SYA\SYA2020.WTH,normal_year;water_stress_year;nitrogen_stress_year,water_stress,SYA2020_stress_grid_S0048,pareto_balanced,2020-08-08,221,116,111,"{""sim_day"": 116.0, ""doy"": 221.0, ""topwt"": 4203.284912109375, ""grnwt"": 1285.0294494628906, ""xlai"": 0.3419001996517181, ""totir"": 60.0, ""tofer"": NaN, ""swfac"": 0.0, ""nstres"": 0.3219324946403503}",0.0,0.3219324946403503,4203.284912109375,1285.0294494628906,0.3419001996517181,60.0,,0.0,0.0,60.0,0.0,-3.759103393554685,20.240896606445315,Leave_One_experiments/all_year_offline_schedule_search/daily_outputs/SYA/SYA_2020_SYA2020_stress_grid_S0048_daily.csv
SYA,SYA,Shenyang,2020,Leave_One_experiments\wth_generated_qc\SYA\SYA2020.WTH,normal_year;water_stress_year;nitrogen_stress_year,water_stress,SYA2020_stress_grid_S0048,pareto_balanced,2020-08-09,222,117,112,"{""sim_day"": 117.0, ""doy"": 222.0, ""topwt"": 4263.0889892578125, ""grnwt"": 1362.8890991210938, ""xlai"": 0.3315674066543579, ""totir"": 60.0, ""tofer"": NaN, ""swfac"": 0.0, ""nstres"": 0.325323224067688}",0.0,0.325323224067688,4263.0889892578125,1362.8890991210938,0.3315674066543579,60.0,,0.0,0.0,60.0,0.0,-3.759103393554685,20.240896606445315,Leave_One_experiments/all_year_offline_schedule_search/daily_outputs/SYA/SYA_2020_SYA2020_stress_grid_S0048_daily.csv
SYA,SYA,Shenyang,2020,Leave_One_experiments\wth_generated_qc\SYA\SYA2020.WTH,normal_year;water_stress_year;nitrogen_stress_year,water_stress,SYA2020_stress_grid_S0048,pareto_balanced,2020-08-10,223,118,113,"{""sim_day"": 118.0, ""doy"": 223.0, ""topwt"": 4335.95947265625, ""grnwt"": 1447.6341247558594, ""xlai"": 0.3218902945518493, ""totir"": 60.0, ""tofer"": NaN, ""swfac"": 0.0, ""nstres"": 0.3004598021507263}",0.0,0.3004598021507263,4335.95947265625,1447.6341247558594,0.3218902945518493,60.0,,0.0,0.0,60.0,0.0,-3.759103393554685,20.240896606445315,Leave_One_experiments/all_year_offline_schedule_search/daily_outputs/SYA/SYA_2020_SYA2020_stress_grid_S0048_daily.csv
SYA,SYA,Shenyang,2020,Leave_One_experiments\wth_generated_qc\SYA\SYA2020.WTH,normal_year;water_stress_year;nitrogen_stress_year,water_stress,SYA2020_stress_grid_S0048,pareto_balanced,2020-08-11,224,119,114,"{""sim_day"": 119.0, ""doy"": 224.0, ""topwt"": 4380.606994628906, ""grnwt"": 1516.4895629882812, ""xlai"": 0.3124813139438629, ""totir"": 60.0, ""tofer"": NaN, ""swfac"": 0.0, ""nstres"": 0.3015283942222595}",0.0,0.3015283942222595,4380.606994628906,1516.4895629882812,0.3124813139438629,60.0,,0.0,0.0,60.0,0.0,-3.759103393554685,20.240896606445315,Leave_One_experiments/all_year_offline_schedule_search/daily_outputs/SYA/SYA_2020_SYA2020_stress_grid_S0048_daily.csv
SYA,SYA,Shenyang,2020,Leave_One_experiments\wth_generated_qc\SYA\SYA2020.WTH,normal_year;water_stress_year;nitrogen_stress_year,water_stress,SYA2020_stress_grid_S0048,pareto_balanced,2020-08-12,225,120,115,"{""sim_day"": 120.0, ""doy"": 225.0, ""topwt"": 4387.325744628906, ""grnwt"": 1601.2347412109375, ""xlai"": 0.3033863306045532, ""totir"": 60.0, ""tofer"": NaN, ""swfac"": 0.0, ""nstres"": 0.2985365390777588}",0.0,0.2985365390777588,4387.325744628906,1601.2347412109375,0.3033863306045532,60.0,,0.0,0.0,60.0,0.0,-3.759103393554685,20.240896606445315,Leave_One_experiments/all_year_offline_schedule_search/daily_outputs/SYA/SYA_2020_SYA2020_stress_grid_S0048_daily.csv
SYA,SYA,Shenyang,2020,Leave_One_experiments\wth_generated_qc\SYA\SYA2020.WTH,normal_year;water_stress_year;nitrogen_stress_year,water_stress,SYA2020_stress_grid_S0048,pareto_balanced,2020-08-13,226,121,116,"{""sim_day"": 121.0, ""doy"": 226.0, ""topwt"": 4461.072082519531, ""grnwt"": 1673.2681274414062, ""xlai"": 0.2946156561374664, ""totir"": 60.0, ""tofer"": NaN, ""swfac"": 0.0, ""nstres"": 0.2938250303268432}",0.0,0.2938250303268432,4461.072082519531,1673.2681274414062,0.2946156561374664,60.0,,0.0,0.0,60.0,0.0,-3.759103393554685,20.240896606445315,Leave_One_experiments/all_year_offline_schedule_search/daily_outputs/SYA/SYA_2020_SYA2020_stress_grid_S0048_daily.csv
SYA,SYA,Shenyang,2020,Leave_One_experiments\wth_generated_qc\SYA\SYA2020.WTH,normal_year;water_stress_year;nitrogen_stress_year,water_stress,SYA2020_stress_grid_S0048,pareto_balanced,2020-08-14,227,122,117,"{""sim_day"": 122.0, ""doy"": 227.0, ""topwt"": 4491.761169433594, ""grnwt"": 1758.0133056640625, ""xlai"": 0.2864598929882049, ""totir"": 60.0, ""tofer"": NaN, ""swfac"": 0.0, ""nstres"": 0.2643850445747375}",0.0,0.2643850445747375,4491.761169433594,1758.0133056640625,0.2864598929882049,60.0,,0.0,0.0,60.0,0.0,-3.759103393554685,20.240896606445315,Leave_One_experiments/all_year_offline_schedule_search/daily_outputs/SYA/SYA_2020_SYA2020_stress_grid_S0048_daily.csv
SYA,SYA,Shenyang,2020,Leave_One_experiments\wth_generated_qc\SYA\SYA2020.WTH,normal_year;water_stress_year;nitrogen_stress_year,water_stress,SYA2020_stress_grid_S0048,pareto_balanced,2020-08-15,228,123,118,"{""sim_day"": 123.0, ""doy"": 228.0, ""topwt"": 4548.960266113281, ""grnwt"": 1842.758331298828, ""xlai"": 0.2782250046730041, ""totir"": 60.0, ""tofer"": NaN, ""swfac"": 0.0, ""nstres"": 0.2899256348609924}",0.0,0.2899256348609924,4548.960266113281,1842.758331298828,0.2782250046730041,60.0,,0.0,0.0,60.0,0.0,-3.759103393554685,20.240896606445315,Leave_One_experiments/all_year_offline_schedule_search/daily_outputs/SYA/SYA_2020_SYA2020_stress_grid_S0048_daily.csv
SYA,SYA,Shenyang,2020,Leave_One_experiments\wth_generated_qc\SYA\SYA2020.WTH,normal_year;water_stress_year;nitrogen_stress_year,water_stress,SYA2020_stress_grid_S0048,pareto_balanced,2020-08-16,229,124,119,"{""sim_day"": 124.0, ""doy"": 229.0, ""topwt"": 4584.1680908203125, ""grnwt"": 1925.3849792480469, ""xlai"": 0.2703181207180023, ""totir"": 60.0, ""tofer"": NaN, ""swfac"": 0.0, ""nstres"": 0.2820559740066528}",0.0,0.2820559740066528,4584.1680908203125,1925.3849792480469,0.2703181207180023,60.0,,0.0,0.0,60.0,0.0,-3.759103393554685,20.240896606445315,Leave_One_experiments/all_year_offline_schedule_search/daily_outputs/SYA/SYA_2020_SYA2020_stress_grid_S0048_daily.csv
SYA,SYA,Shenyang,2020,Leave_One_experiments\wth_generated_qc\SYA\SYA2020.WTH,normal_year;water_stress_year;nitrogen_stress_year,water_stress,SYA2020_stress_grid_S0048,pareto_balanced,2020-08-17,230,125,120,"{""sim_day"": 125.0, ""doy"": 230.0, ""topwt"": 4613.524475097656, ""grnwt"": 2005.3631591796875, ""xlai"": 0.2625592350959778, ""totir"": 60.0, ""tofer"": NaN, ""swfac"": 0.0, ""nstres"": 0.2888670563697815}",0.0,0.2888670563697815,4613.524475097656,2005.3631591796875,0.2625592350959778,60.0,,0.0,0.0,60.0,0.0,-3.759103393554685,20.240896606445315,Leave_One_experiments/all_year_offline_schedule_search/daily_outputs/SYA/SYA_2020_SYA2020_stress_grid_S0048_daily.csv
SYA,SYA,Shenyang,2020,Leave_One_experiments\wth_generated_qc\SYA\SYA2020.WTH,normal_year;water_stress_year;nitrogen_stress_year,water_stress,SYA2020_stress_grid_S0048,pareto_balanced,2020-08-18,231,126,121,"{""sim_day"": 126.0, ""doy"": 231.0, ""topwt"": 4624.442138671875, ""grnwt"": 2090.108337402344, ""xlai"": 0.2550686299800873, ""totir"": 60.0, ""tofer"": NaN, ""swfac"": 0.0, ""nstres"": 0.2846994996070862}",0.0,0.2846994996070862,4624.442138671875,2090.108337402344,0.2550686299800873,60.0,,0.0,0.0,60.0,0.0,-3.759103393554685,20.240896606445315,Leave_One_experiments/all_year_offline_schedule_search/daily_outputs/SYA/SYA_2020_SYA2020_stress_grid_S0048_daily.csv
SYA,SYA,Shenyang,2020,Leave_One_experiments\wth_generated_qc\SYA\SYA2020.WTH,normal_year;water_stress_year;nitrogen_stress_year,water_stress,SYA2020_stress_grid_S0048,pareto_balanced,2020-08-19,232,127,122,"{""sim_day"": 127.0, ""doy"": 232.0, ""topwt"": 4658.9044189453125, ""grnwt"": 2174.8533630371094, ""xlai"": 0.247727632522583, ""totir"": 60.0, ""tofer"": NaN, ""swfac"": 0.0, ""nstres"": 0.2907305955886841}",0.0,0.2907305955886841,4658.9044189453125,2174.8533630371094,0.247727632522583,60.0,,0.0,0.0,60.0,0.0,-3.759103393554685,20.240896606445315,Leave_One_experiments/all_year_offline_schedule_search/daily_outputs/SYA/SYA_2020_SYA2020_stress_grid_S0048_daily.csv
SYA,SYA,Shenyang,2020,Leave_One_experiments\wth_generated_qc\SYA\SYA2020.WTH,normal_year;water_stress_year;nitrogen_stress_year,water_stress,SYA2020_stress_grid_S0048,pareto_balanced,2020-08-20,233,128,123,"{""sim_day"": 128.0, ""doy"": 233.0, ""topwt"": 4713.1964111328125, ""grnwt"": 2259.5985412597656, ""xlai"": 0.2406249940395355, ""totir"": 60.0, ""tofer"": NaN, ""swfac"": 0.0, ""nstres"": 0.2881098985671997}",0.0,0.2881098985671997,4713.1964111328125,2259.5985412597656,0.2406249940395355,60.0,,0.0,0.0,60.0,0.0,-3.759103393554685,20.240896606445315,Leave_One_experiments/all_year_offline_schedule_search/daily_outputs/SYA/SYA_2020_SYA2020_stress_grid_S0048_daily.csv
SYA,SYA,Shenyang,2020,Leave_One_experiments\wth_generated_qc\SYA\SYA2020.WTH,normal_year;water_stress_year;nitrogen_stress_year,water_stress,SYA2020_stress_grid_S0048,pareto_balanced,2020-08-21,234,129,124,"{""sim_day"": 129.0, ""doy"": 234.0, ""topwt"": 4757.495422363281, ""grnwt"": 2344.343719482422, ""xlai"": 0.2335714548826217, ""totir"": 60.0, ""tofer"": NaN, ""swfac"": 0.0, ""nstres"": 0.3035247921943664}",0.0,0.3035247921943664,4757.495422363281,2344.343719482422,0.2335714548826217,60.0,,0.0,0.0,60.0,0.0,-3.759103393554685,20.240896606445315,Leave_One_experiments/all_year_offline_schedule_search/daily_outputs/SYA/SYA_2020_SYA2020_stress_grid_S0048_daily.csv
SYA,SYA,Shenyang,2020,Leave_One_experiments\wth_generated_qc\SYA\SYA2020.WTH,normal_year;water_stress_year;nitrogen_stress_year,water_stress,SYA2020_stress_grid_S0048,pareto_balanced,2020-08-22,235,130,125,"{""sim_day"": 130.0, ""doy"": 235.0, ""topwt"": 4802.528381347656, ""grnwt"": 2429.0887451171875, ""xlai"": 0.2264963388442993, ""totir"": 60.0, ""tofer"": NaN, ""swfac"": 0.0, ""nstres"": 0.3269811272621155}",0.0,0.3269811272621155,4802.528381347656,2429.0887451171875,0.2264963388442993,60.0,,0.0,0.0,60.0,0.0,-3.759103393554685,20.240896606445315,Leave_One_experiments/all_year_offline_schedule_search/daily_outputs/SYA/SYA_2020_SYA2020_stress_grid_S0048_daily.csv
SYA,SYA,Shenyang,2020,Leave_One_experiments\wth_generated_qc\SYA\SYA2020.WTH,normal_year;water_stress_year;nitrogen_stress_year,water_stress,SYA2020_stress_grid_S0048,pareto_balanced,2020-08-23,236,131,126,"{""sim_day"": 131.0, ""doy"": 236.0, ""topwt"": 4807.051086425781, ""grnwt"": 2513.833923339844, ""xlai"": 0.2195335626602172, ""totir"": 60.0, ""tofer"": NaN, ""swfac"": 0.0, ""nstres"": 0.3377825617790222}",0.0,0.3377825617790222,4807.051086425781,2513.833923339844,0.2195335626602172,60.0,,0.0,0.0,60.0,0.0,-3.759103393554685,20.240896606445315,Leave_One_experiments/all_year_offline_schedule_search/daily_outputs/SYA/SYA_2020_SYA2020_stress_grid_S0048_daily.csv
SYA,SYA,Shenyang,2020,Leave_One_experiments\wth_generated_qc\SYA\SYA2020.WTH,normal_year;water_stress_year;nitrogen_stress_year,water_stress,SYA2020_stress_grid_S0048,pareto_balanced,2020-08-24,237,132,127,"{""sim_day"": 132.0, ""doy"": 237.0, ""topwt"": 4846.131286621094, ""grnwt"": 2598.5791015625, ""xlai"": 0.2126256972551345, ""totir"": 60.0, ""tofer"": NaN, ""swfac"": 0.0, ""nstres"": 0.3551898598670959}",0.0,0.3551898598670959,4846.131286621094,2598.5791015625,0.2126256972551345,60.0,,0.0,0.0,60.0,0.0,-3.759103393554685,20.240896606445315,Leave_One_experiments/all_year_offline_schedule_search/daily_outputs/SYA/SYA_2020_SYA2020_stress_grid_S0048_daily.csv
SYA,SYA,Shenyang,2020,Leave_One_experiments\wth_generated_qc\SYA\SYA2020.WTH,normal_year;water_stress_year;nitrogen_stress_year,water_stress,SYA2020_stress_grid_S0048,pareto_balanced,2020-08-25,238,133,128,"{""sim_day"": 133.0, ""doy"": 238.0, ""topwt"": 4859.629821777344, ""grnwt"": 2612.2927856445312, ""xlai"": 0.2060460150241851, ""totir"": 60.0, ""tofer"": NaN, ""swfac"": 0.0, ""nstres"": 0.342680275440216}",0.0,0.342680275440216,4859.629821777344,2612.2927856445312,0.2060460150241851,60.0,,0.0,0.0,60.0,0.0,-3.759103393554685,20.240896606445315,Leave_One_experiments/all_year_offline_schedule_search/daily_outputs/SYA/SYA_2020_SYA2020_stress_grid_S0048_daily.csv
SYA,SYA,Shenyang,2020,Leave_One_experiments\wth_generated_qc\SYA\SYA2020.WTH,normal_year;water_stress_year;nitrogen_stress_year,water_stress,SYA2020_stress_grid_S0048,pareto_balanced,2020-08-26,239,134,129,"{""sim_day"": 134.0, ""doy"": 239.0, ""topwt"": 4871.4263916015625, ""grnwt"": 2624.0896606445312, ""xlai"": 0.2002056986093521, ""totir"": 60.0, ""tofer"": NaN, ""swfac"": 0.0, ""nstres"": 0.2802786231040954}",0.0,0.2802786231040954,4871.4263916015625,2624.0896606445312,0.2002056986093521,60.0,,0.0,0.0,60.0,0.0,-3.759103393554685,20.240896606445315,Leave_One_experiments/all_year_offline_schedule_search/daily_outputs/SYA/SYA_2020_SYA2020_stress_grid_S0048_daily.csv
SYA,SYA,Shenyang,2020,Leave_One_experiments\wth_generated_qc\SYA\SYA2020.WTH,normal_year;water_stress_year;nitrogen_stress_year,water_stress,SYA2020_stress_grid_S0048,pareto_balanced,2020-08-27,240,135,130,"{""sim_day"": 135.0, ""doy"": 240.0, ""topwt"": 4871.4263916015625, ""grnwt"": 2624.0896606445312, ""xlai"": 0.2002056986093521, ""totir"": 60.0, ""tofer"": NaN, ""swfac"": 0.0, ""nstres"": 0.2459505796432495}",0.0,0.2459505796432495,4871.4263916015625,2624.0896606445312,0.2002056986093521,60.0,,0.0,0.0,60.0,0.0,-3.759103393554685,20.240896606445315,Leave_One_experiments/all_year_offline_schedule_search/daily_outputs/SYA/SYA_2020_SYA2020_stress_grid_S0048_daily.csv
SYA,SYA,Shenyang,2020,Leave_One_experiments\wth_generated_qc\SYA\SYA2020.WTH,normal_year;water_stress_year;nitrogen_stress_year,water_stress,SYA2020_stress_grid_S0048,pareto_balanced,2020-08-28,241,136,131,"{""sim_day"": 136.0, ""doy"": 241.0, ""topwt"": 4871.4263916015625, ""grnwt"": 2624.0896606445312, ""xlai"": 0.2002056986093521, ""totir"": 60.0, ""tofer"": NaN, ""swfac"": 0.0, ""nstres"": 0.2459505796432495}",0.0,0.2459505796432495,4871.4263916015625,2624.0896606445312,0.2002056986093521,60.0,,0.0,0.0,60.0,0.0,-3.759103393554685,20.240896606445315,Leave_One_experiments/all_year_offline_schedule_search/daily_outputs/SYA/SYA_2020_SYA2020_stress_grid_S0048_daily.csv
SYA,SYA,Shenyang,2020,Leave_One_experiments\wth_generated_qc\SYA\SYA2020.WTH,normal_year;water_stress_year;nitrogen_stress_year,water_stress,SYA2020_stress_grid_S0048,pareto_balanced,2020-08-29,242,137,132,"{""sim_day"": 137.0, ""doy"": 242.0, ""topwt"": 4871.4263916015625, ""grnwt"": 2624.0896606445312, ""xlai"": 0.2002056986093521, ""totir"": 60.0, ""tofer"": NaN, ""swfac"": 0.0, ""nstres"": 0.2459505796432495}",0.0,0.2459505796432495,4871.4263916015625,2624.0896606445312,0.2002056986093521,60.0,,0.0,0.0,60.0,0.0,-3.759103393554685,20.240896606445315,Leave_One_experiments/all_year_offline_schedule_search/daily_outputs/SYA/SYA_2020_SYA2020_stress_grid_S0048_daily.csv
SYA,SYA,Shenyang,2020,Leave_One_experiments\wth_generated_qc\SYA\SYA2020.WTH,normal_year;water_stress_year;nitrogen_stress_year,water_stress,SYA2020_stress_grid_S0048,pareto_balanced,2020-08-30,243,138,133,"{""sim_day"": 138.0, ""doy"": 243.0, ""topwt"": 4871.4263916015625, ""grnwt"": 2624.0896606445312, ""xlai"": 0.2002056986093521, ""totir"": 60.0, ""tofer"": NaN, ""swfac"": 0.0, ""nstres"": 0.2459505796432495}",0.0,0.2459505796432495,4871.4263916015625,2624.0896606445312,0.2002056986093521,60.0,,0.0,0.0,60.0,0.0,-3.759103393554685,20.240896606445315,Leave_One_experiments/all_year_offline_schedule_search/daily_outputs/SYA/SYA_2020_SYA2020_stress_grid_S0048_daily.csv
SYA,SYA,Shenyang,2021,Leave_One_experiments\wth_generated_qc\SYA\SYA2021.WTH,normal_year;nitrogen_stress_year;low_response_year,normal,SYA2021_normal_grid_S0031,irrigation_positive_candidate,2021-04-21,111,1,1,"{""sim_day"": 1.0, ""doy"": 111.0, ""topwt"": 0.0, ""grnwt"": 0.0, ""xlai"": 0.0, ""totir"": 0.0, ""tofer"": NaN, ""swfac"": 0.0, ""nstres"": 0.0}",0.0,0.0,0.0,0.0,0.0,0.0,,0.0,80.0,30.0,180.0,40.815704345703125,52.815704345703125,Leave_One_experiments/all_year_offline_schedule_search/daily_outputs/SYA/SYA_2021_SYA2021_normal_grid_S0031_daily.csv
SYA,SYA,Shenyang,2021,Leave_One_experiments\wth_generated_qc\SYA\SYA2021.WTH,normal_year;nitrogen_stress_year;low_response_year,normal,SYA2021_normal_grid_S0031,irrigation_positive_candidate,2021-04-22,112,2,2,"{""sim_day"": 2.0, ""doy"": 112.0, ""topwt"": 0.0, ""grnwt"": 0.0, ""xlai"": 0.0, ""totir"": 0.0, ""tofer"": NaN, ""swfac"": 0.0, ""nstres"": 0.0}",0.0,0.0,0.0,0.0,0.0,0.0,,0.0,0.0,30.0,180.0,40.815704345703125,52.815704345703125,Leave_One_experiments/all_year_offline_schedule_search/daily_outputs/SYA/SYA_2021_SYA2021_normal_grid_S0031_daily.csv
SYA,SYA,Shenyang,2021,Leave_One_experiments\wth_generated_qc\SYA\SYA2021.WTH,normal_year;nitrogen_stress_year;low_response_year,normal,SYA2021_normal_grid_S0031,irrigation_positive_candidate,2021-04-23,113,3,3,"{""sim_day"": 3.0, ""doy"": 113.0, ""topwt"": 0.0, ""grnwt"": 0.0, ""xlai"": 0.0, ""totir"": 0.0, ""tofer"": NaN, ""swfac"": 0.0, ""nstres"": 0.0}",0.0,0.0,0.0,0.0,0.0,0.0,,0.0,0.0,30.0,180.0,40.815704345703125,52.815704345703125,Leave_One_experiments/all_year_offline_schedule_search/daily_outputs/SYA/SYA_2021_SYA2021_normal_grid_S0031_daily.csv
SYA,SYA,Shenyang,2021,Leave_One_experiments\wth_generated_qc\SYA\SYA2021.WTH,normal_year;nitrogen_stress_year;low_response_year,normal,SYA2021_normal_grid_S0031,irrigation_positive_candidate,2021-04-24,114,4,4,"{""sim_day"": 4.0, ""doy"": 114.0, ""topwt"": 0.0, ""grnwt"": 0.0, ""xlai"": 0.0, ""totir"": 0.0, ""tofer"": NaN, ""swfac"": 0.0, ""nstres"": 0.0}",0.0,0.0,0.0,0.0,0.0,0.0,,0.0,0.0,30.0,180.0,40.815704345703125,52.815704345703125,Leave_One_experiments/all_year_offline_schedule_search/daily_outputs/SYA/SYA_2021_SYA2021_normal_grid_S0031_daily.csv
SYA,SYA,Shenyang,2021,Leave_One_experiments\wth_generated_qc\SYA\SYA2021.WTH,normal_year;nitrogen_stress_year;low_response_year,normal,SYA2021_normal_grid_S0031,irrigation_positive_candidate,2021-04-25,115,5,5,"{""sim_day"": 5.0, ""doy"": 115.0, ""topwt"": 0.0, ""grnwt"": 0.0, ""xlai"": 0.0, ""totir"": 0.0, ""tofer"": NaN, ""swfac"": 0.0, ""nstres"": 0.0}",0.0,0.0,0.0,0.0,0.0,0.0,,0.0,0.0,30.0,180.0,40.815704345703125,52.815704345703125,Leave_One_experiments/all_year_offline_schedule_search/daily_outputs/SYA/SYA_2021_SYA2021_normal_grid_S0031_daily.csv
SYA,SYA,Shenyang,2021,Leave_One_experiments\wth_generated_qc\SYA\SYA2021.WTH,normal_year;nitrogen_stress_year;low_response_year,normal,SYA2021_normal_grid_S0031,irrigation_positive_candidate,2021-04-21,111,6,1,"{""sim_day"": 6.0, ""doy"": 111.0, ""topwt"": 0.0, ""grnwt"": 0.0, ""xlai"": 0.0, ""totir"": 0.0, ""tofer"": NaN, ""swfac"": 0.0, ""nstres"": 0.0}",0.0,0.0,0.0,0.0,0.0,0.0,,0.0,0.0,30.0,180.0,40.815704345703125,52.815704345703125,Leave_One_experiments/all_year_offline_schedule_search/daily_outputs/SYA/SYA_2021_SYA2021_normal_grid_S0031_daily.csv
SYA,SYA,Shenyang,2021,Leave_One_experiments\wth_generated_qc\SYA\SYA2021.WTH,normal_year;nitrogen_stress_year;low_response_year,normal,SYA2021_normal_grid_S0031,irrigation_positive_candidate,2021-04-22,112,7,2,"{""sim_day"": 7.0, ""doy"": 112.0, ""topwt"": 0.0, ""grnwt"": 0.0, ""xlai"": 0.0, ""totir"": 0.0, ""tofer"": NaN, ""swfac"": 0.0, ""nstres"": 0.0}",0.0,0.0,0.0,0.0,0.0,0.0,,0.0,0.0,30.0,180.0,40.815704345703125,52.815704345703125,Leave_One_experiments/all_year_offline_schedule_search/daily_outputs/SYA/SYA_2021_SYA2021_normal_grid_S0031_daily.csv
SYA,SYA,Shenyang,2021,Leave_One_experiments\wth_generated_qc\SYA\SYA2021.WTH,normal_year;nitrogen_stress_year;low_response_year,normal,SYA2021_normal_grid_S0031,irrigation_positive_candidate,2021-04-23,113,8,3,"{""sim_day"": 8.0, ""doy"": 113.0, ""topwt"": 0.0, ""grnwt"": 0.0, ""xlai"": 0.0, ""totir"": 0.0, ""tofer"": NaN, ""swfac"": 0.0, ""nstres"": 0.0}",0.0,0.0,0.0,0.0,0.0,0.0,,0.0,0.0,30.0,180.0,40.815704345703125,52.815704345703125,Leave_One_experiments/all_year_offline_schedule_search/daily_outputs/SYA/SYA_2021_SYA2021_normal_grid_S0031_daily.csv
SYA,SYA,Shenyang,2021,Leave_One_experiments\wth_generated_qc\SYA\SYA2021.WTH,normal_year;nitrogen_stress_year;low_response_year,normal,SYA2021_normal_grid_S0031,irrigation_positive_candidate,2021-04-24,114,9,4,"{""sim_day"": 9.0, ""doy"": 114.0, ""topwt"": 0.0, ""grnwt"": 0.0, ""xlai"": 0.0, ""totir"": 0.0, ""tofer"": NaN, ""swfac"": 0.0, ""nstres"": 0.0}",0.0,0.0,0.0,0.0,0.0,0.0,,0.0,0.0,30.0,180.0,40.815704345703125,52.815704345703125,Leave_One_experiments/all_year_offline_schedule_search/daily_outputs/SYA/SYA_2021_SYA2021_normal_grid_S0031_daily.csv
SYA,SYA,Shenyang,2021,Leave_One_experiments\wth_generated_qc\SYA\SYA2021.WTH,normal_year;nitrogen_stress_year;low_response_year,normal,SYA2021_normal_grid_S0031,irrigation_positive_candidate,2021-04-25,115,10,5,"{""sim_day"": 10.0, ""doy"": 115.0, ""topwt"": 0.0, ""grnwt"": 0.0, ""xlai"": 0.0, ""totir"": 0.0, ""tofer"": NaN, ""swfac"": 0.0, ""nstres"": 0.0}",0.0,0.0,0.0,0.0,0.0,0.0,,0.0,0.0,30.0,180.0,40.815704345703125,52.815704345703125,Leave_One_experiments/all_year_offline_schedule_search/daily_outputs/SYA/SYA_2021_SYA2021_normal_grid_S0031_daily.csv
SYA,SYA,Shenyang,2021,Leave_One_experiments\wth_generated_qc\SYA\SYA2021.WTH,normal_year;nitrogen_stress_year;low_response_year,normal,SYA2021_normal_grid_S0031,irrigation_positive_candidate,2021-04-26,116,11,6,"{""sim_day"": 11.0, ""doy"": 116.0, ""topwt"": 0.0, ""grnwt"": 0.0, ""xlai"": 0.0, ""totir"": 0.0, ""tofer"": NaN, ""swfac"": 0.0, ""nstres"": 0.0}",0.0,0.0,0.0,0.0,0.0,0.0,,0.0,0.0,30.0,180.0,40.815704345703125,52.815704345703125,Leave_One_experiments/all_year_offline_schedule_search/daily_outputs/SYA/SYA_2021_SYA2021_normal_grid_S0031_daily.csv
SYA,SYA,Shenyang,2021,Leave_One_experiments\wth_generated_qc\SYA\SYA2021.WTH,normal_year;nitrogen_stress_year;low_response_year,normal,SYA2021_normal_grid_S0031,irrigation_positive_candidate,2021-04-27,117,12,7,"{""sim_day"": 12.0, ""doy"": 117.0, ""topwt"": 0.0, ""grnwt"": 0.0, ""xlai"": 0.0, ""totir"": 0.0, ""tofer"": NaN, ""swfac"": 0.0, ""nstres"": 0.0}",0.0,0.0,0.0,0.0,0.0,0.0,,0.0,0.0,30.0,180.0,40.815704345703125,52.815704345703125,Leave_One_experiments/all_year_offline_schedule_search/daily_outputs/SYA/SYA_2021_SYA2021_normal_grid_S0031_daily.csv
SYA,SYA,Shenyang,2021,Leave_One_experiments\wth_generated_qc\SYA\SYA2021.WTH,normal_year;nitrogen_stress_year;low_response_year,normal,SYA2021_normal_grid_S0031,irrigation_positive_candidate,2021-04-28,118,13,8,"{""sim_day"": 13.0, ""doy"": 118.0, ""topwt"": 0.0, ""grnwt"": 0.0, ""xlai"": 0.0, ""totir"": 0.0, ""tofer"": NaN, ""swfac"": 0.0, ""nstres"": 0.0}",0.0,0.0,0.0,0.0,0.0,0.0,,0.0,0.0,30.0,180.0,40.815704345703125,52.815704345703125,Leave_One_experiments/all_year_offline_schedule_search/daily_outputs/SYA/SYA_2021_SYA2021_normal_grid_S0031_daily.csv
SYA,SYA,Shenyang,2021,Leave_One_experiments\wth_generated_qc\SYA\SYA2021.WTH,normal_year;nitrogen_stress_year;low_response_year,normal,SYA2021_normal_grid_S0031,irrigation_positive_candidate,2021-04-29,119,14,9,"{""sim_day"": 14.0, ""doy"": 119.0, ""topwt"": 0.0, ""grnwt"": 0.0, ""xlai"": 0.0, ""totir"": 0.0, ""tofer"": NaN, ""swfac"": 0.0, ""nstres"": 0.0}",0.0,0.0,0.0,0.0,0.0,0.0,,0.0,0.0,30.0,180.0,40.815704345703125,52.815704345703125,Leave_One_experiments/all_year_offline_schedule_search/daily_outputs/SYA/SYA_2021_SYA2021_normal_grid_S0031_daily.csv
SYA,SYA,Shenyang,2021,Leave_One_experiments\wth_generated_qc\SYA\SYA2021.WTH,normal_year;nitrogen_stress_year;low_response_year,normal,SYA2021_normal_grid_S0031,irrigation_positive_candidate,2021-04-30,120,15,10,"{""sim_day"": 15.0, ""doy"": 120.0, ""topwt"": 0.0, ""grnwt"": 0.0, ""xlai"": 0.0, ""totir"": 0.0, ""tofer"": NaN, ""swfac"": 0.0, ""nstres"": 0.0}",0.0,0.0,0.0,0.0,0.0,0.0,,0.0,0.0,30.0,180.0,40.815704345703125,52.815704345703125,Leave_One_experiments/all_year_offline_schedule_search/daily_outputs/SYA/SYA_2021_SYA2021_normal_grid_S0031_daily.csv
SYA,SYA,Shenyang,2021,Leave_One_experiments\wth_generated_qc\SYA\SYA2021.WTH,normal_year;nitrogen_stress_year;low_response_year,normal,SYA2021_normal_grid_S0031,irrigation_positive_candidate,2021-05-01,121,16,11,"{""sim_day"": 16.0, ""doy"": 121.0, ""topwt"": 0.0, ""grnwt"": 0.0, ""xlai"": 0.0, ""totir"": 0.0, ""tofer"": NaN, ""swfac"": 0.0, ""nstres"": 0.0}",0.0,0.0,0.0,0.0,0.0,0.0,,0.0,0.0,30.0,180.0,40.815704345703125,52.815704345703125,Leave_One_experiments/all_year_offline_schedule_search/daily_outputs/SYA/SYA_2021_SYA2021_normal_grid_S0031_daily.csv
SYA,SYA,Shenyang,2021,Leave_One_experiments\wth_generated_qc\SYA\SYA2021.WTH,normal_year;nitrogen_stress_year;low_response_year,normal,SYA2021_normal_grid_S0031,irrigation_positive_candidate,2021-05-02,122,17,12,"{""sim_day"": 17.0, ""doy"": 122.0, ""topwt"": 0.0, ""grnwt"": 0.0, ""xlai"": 0.0, ""totir"": 0.0, ""tofer"": NaN, ""swfac"": 0.0, ""nstres"": 0.0}",0.0,0.0,0.0,0.0,0.0,0.0,,0.0,0.0,30.0,180.0,40.815704345703125,52.815704345703125,Leave_One_experiments/all_year_offline_schedule_search/daily_outputs/SYA/SYA_2021_SYA2021_normal_grid_S0031_daily.csv
SYA,SYA,Shenyang,2021,Leave_One_experiments\wth_generated_qc\SYA\SYA2021.WTH,normal_year;nitrogen_stress_year;low_response_year,normal,SYA2021_normal_grid_S0031,irrigation_positive_candidate,2021-05-03,123,18,13,"{""sim_day"": 18.0, ""doy"": 123.0, ""topwt"": 0.0, ""grnwt"": 0.0, ""xlai"": 0.0, ""totir"": 0.0, ""tofer"": NaN, ""swfac"": 0.0, ""nstres"": 0.0}",0.0,0.0,0.0,0.0,0.0,0.0,,0.0,0.0,30.0,180.0,40.815704345703125,52.815704345703125,Leave_One_experiments/all_year_offline_schedule_search/daily_outputs/SYA/SYA_2021_SYA2021_normal_grid_S0031_daily.csv
SYA,SYA,Shenyang,2021,Leave_One_experiments\wth_generated_qc\SYA\SYA2021.WTH,normal_year;nitrogen_stress_year;low_response_year,normal,SYA2021_normal_grid_S0031,irrigation_positive_candidate,2021-05-04,124,19,14,"{""sim_day"": 19.0, ""doy"": 124.0, ""topwt"": 17.600001096725464, ""grnwt"": 0.0, ""xlai"": 0.0012072436511516, ""totir"": 0.0, ""tofer"": NaN, ""swfac"": 0.0, ""nstres"": 0.0121910572052001}",0.0,0.0121910572052001,17.600001096725464,0.0,0.0012072436511516,0.0,,0.0,0.0,30.0,180.0,40.815704345703125,52.815704345703125,Leave_One_experiments/all_year_offline_schedule_search/daily_outputs/SYA/SYA_2021_SYA2021_normal_grid_S0031_daily.csv
SYA,SYA,Shenyang,2021,Leave_One_experiments\wth_generated_qc\SYA\SYA2021.WTH,normal_year;nitrogen_stress_year;low_response_year,normal,SYA2021_normal_grid_S0031,irrigation_positive_candidate,2021-05-05,125,20,15,"{""sim_day"": 20.0, ""doy"": 125.0, ""topwt"": 17.600001096725464, ""grnwt"": 0.0, ""xlai"": 0.0026301604229956, ""totir"": 0.0, ""tofer"": NaN, ""swfac"": 0.0, ""nstres"": 0.0135865211486816}",0.0,0.0135865211486816,17.600001096725464,0.0,0.0026301604229956,0.0,,0.0,0.0,30.0,180.0,40.815704345703125,52.815704345703125,Leave_One_experiments/all_year_offline_schedule_search/daily_outputs/SYA/SYA_2021_SYA2021_normal_grid_S0031_daily.csv
SYA,SYA,Shenyang,2021,Leave_One_experiments\wth_generated_qc\SYA\SYA2021.WTH,normal_year;nitrogen_stress_year;low_response_year,normal,SYA2021_normal_grid_S0031,irrigation_positive_candidate,2021-05-06,126,21,16,"{""sim_day"": 21.0, ""doy"": 126.0, ""topwt"": 17.600001096725464, ""grnwt"": 0.0, ""xlai"": 0.0033337923232465, ""totir"": 0.0, ""tofer"": NaN, ""swfac"": 0.0, ""nstres"": 0.0112595558166503}",0.0,0.0112595558166503,17.600001096725464,0.0,0.0033337923232465,0.0,,0.0,0.0,30.0,180.0,40.815704345703125,52.815704345703125,Leave_One_experiments/all_year_offline_schedule_search/daily_outputs/SYA/SYA_2021_SYA2021_normal_grid_S0031_daily.csv
SYA,SYA,Shenyang,2021,Leave_One_experiments\wth_generated_qc\SYA\SYA2021.WTH,normal_year;nitrogen_stress_year;low_response_year,normal,SYA2021_normal_grid_S0031,irrigation_positive_candidate,2021-05-07,127,22,17,"{""sim_day"": 22.0, ""doy"": 127.0, ""topwt"": 17.600001096725464, ""grnwt"": 0.0, ""xlai"": 0.0041255480609834, ""totir"": 0.0, ""tofer"": NaN, ""swfac"": 0.0, ""nstres"": 0.0088138580322265}",0.0,0.0088138580322265,17.600001096725464,0.0,0.0041255480609834,0.0,,0.0,0.0,30.0,180.0,40.815704345703125,52.815704345703125,Leave_One_experiments/all_year_offline_schedule_search/daily_outputs/SYA/SYA_2021_SYA2021_normal_grid_S0031_daily.csv
SYA,SYA,Shenyang,2021,Leave_One_experiments\wth_generated_qc\SYA\SYA2021.WTH,normal_year;nitrogen_stress_year;low_response_year,normal,SYA2021_normal_grid_S0031,irrigation_positive_candidate,2021-05-08,128,23,18,"{""sim_day"": 23.0, ""doy"": 128.0, ""topwt"": 17.600001096725464, ""grnwt"": 0.0, ""xlai"": 0.0051699853502213, ""totir"": 0.0, ""tofer"": NaN, ""swfac"": 0.0, ""nstres"": 0.0058344602584838}",0.0,0.0058344602584838,17.600001096725464,0.0,0.0051699853502213,0.0,,0.0,0.0,30.0,180.0,40.815704345703125,52.815704345703125,Leave_One_experiments/all_year_offline_schedule_search/daily_outputs/SYA/SYA_2021_SYA2021_normal_grid_S0031_daily.csv
SYA,SYA,Shenyang,2021,Leave_One_experiments\wth_generated_qc\SYA\SYA2021.WTH,normal_year;nitrogen_stress_year;low_response_year,normal,SYA2021_normal_grid_S0031,irrigation_positive_candidate,2021-05-09,129,24,19,"{""sim_day"": 24.0, ""doy"": 129.0, ""topwt"": 17.600001096725464, ""grnwt"": 0.0, ""xlai"": 0.0064099365845322, ""totir"": 0.0, ""tofer"": NaN, ""swfac"": 0.0, ""nstres"": 0.0025360584259033}",0.0,0.0025360584259033,17.600001096725464,0.0,0.0064099365845322,0.0,,0.0,0.0,30.0,180.0,40.815704345703125,52.815704345703125,Leave_One_experiments/all_year_offline_schedule_search/daily_outputs/SYA/SYA_2021_SYA2021_normal_grid_S0031_daily.csv
SYA,SYA,Shenyang,2021,Leave_One_experiments\wth_generated_qc\SYA\SYA2021.WTH,normal_year;nitrogen_stress_year;low_response_year,normal,SYA2021_normal_grid_S0031,irrigation_positive_candidate,2021-05-10,130,25,20,"{""sim_day"": 25.0, ""doy"": 130.0, ""topwt"": 17.600001096725464, ""grnwt"": 0.0, ""xlai"": 0.0081502385437488, ""totir"": 0.0, ""tofer"": NaN, ""swfac"": 0.0, ""nstres"": 0.0}",0.0,0.0,17.600001096725464,0.0,0.0081502385437488,0.0,,0.0,0.0,30.0,180.0,40.815704345703125,52.815704345703125,Leave_One_experiments/all_year_offline_schedule_search/daily_outputs/SYA/SYA_2021_SYA2021_normal_grid_S0031_daily.csv
SYA,SYA,Shenyang,2021,Leave_One_experiments\wth_generated_qc\SYA\SYA2021.WTH,normal_year;nitrogen_stress_year;low_response_year,normal,SYA2021_normal_grid_S0031,irrigation_positive_candidate,2021-05-11,131,26,21,"{""sim_day"": 26.0, ""doy"": 131.0, ""topwt"": 17.600001096725464, ""grnwt"": 0.0, ""xlai"": 0.0097919972613453, ""totir"": 0.0, ""tofer"": NaN, ""swfac"": 0.0, ""nstres"": 0.0}",0.0,0.0,17.600001096725464,0.0,0.0097919972613453,0.0,,0.0,0.0,30.0,180.0,40.815704345703125,52.815704345703125,Leave_One_experiments/all_year_offline_schedule_search/daily_outputs/SYA/SYA_2021_SYA2021_normal_grid_S0031_daily.csv
SYA,SYA,Shenyang,2021,Leave_One_experiments\wth_generated_qc\SYA\SYA2021.WTH,normal_year;nitrogen_stress_year;low_response_year,normal,SYA2021_normal_grid_S0031,irrigation_positive_candidate,2021-05-12,132,27,22,"{""sim_day"": 27.0, ""doy"": 132.0, ""topwt"": 17.600001096725464, ""grnwt"": 0.0, ""xlai"": 0.0113866599276661, ""totir"": 0.0, ""tofer"": NaN, ""swfac"": 0.0, ""nstres"": 0.0}",0.0,0.0,17.600001096725464,0.0,0.0113866599276661,0.0,,0.0,0.0,30.0,180.0,40.815704345703125,52.815704345703125,Leave_One_experiments/all_year_offline_schedule_search/daily_outputs/SYA/SYA_2021_SYA2021_normal_grid_S0031_daily.csv
SYA,SYA,Shenyang,2021,Leave_One_experiments\wth_generated_qc\SYA\SYA2021.WTH,normal_year;nitrogen_stress_year;low_response_year,normal,SYA2021_normal_grid_S0031,irrigation_positive_candidate,2021-05-13,133,28,23,"{""sim_day"": 28.0, ""doy"": 133.0, ""topwt"": 17.600001096725464, ""grnwt"": 0.0, ""xlai"": 0.0190260764211416, ""totir"": 0.0, ""tofer"": NaN, ""swfac"": 0.0, ""nstres"": 0.0}",0.0,0.0,17.600001096725464,0.0,0.0190260764211416,0.0,,0.0,0.0,30.0,180.0,40.815704345703125,52.815704345703125,Leave_One_experiments/all_year_offline_schedule_search/daily_outputs/SYA/SYA_2021_SYA2021_normal_grid_S0031_daily.csv
SYA,SYA,Shenyang,2021,Leave_One_experiments\wth_generated_qc\SYA\SYA2021.WTH,normal_year;nitrogen_stress_year;low_response_year,normal,SYA2021_normal_grid_S0031,irrigation_positive_candidate,2021-05-14,134,29,24,"{""sim_day"": 29.0, ""doy"": 134.0, ""topwt"": 17.600001096725464, ""grnwt"": 0.0, ""xlai"": 0.0248585268855094, ""totir"": 0.0, ""tofer"": NaN, ""swfac"": 0.0, ""nstres"": 0.0}",0.0,0.0,17.600001096725464,0.0,0.0248585268855094,0.0,,0.0,0.0,30.0,180.0,40.815704345703125,52.815704345703125,Leave_One_experiments/all_year_offline_schedule_search/daily_outputs/SYA/SYA_2021_SYA2021_normal_grid_S0031_daily.csv
SYA,SYA,Shenyang,2021,Leave_One_experiments\wth_generated_qc\SYA\SYA2021.WTH,normal_year;nitrogen_stress_year;low_response_year,normal,SYA2021_normal_grid_S0031,irrigation_positive_candidate,2021-05-15,135,30,25,"{""sim_day"": 30.0, ""doy"": 135.0, ""topwt"": 17.618192434310913, ""grnwt"": 0.0, ""xlai"": 0.0302084926515817, ""totir"": 0.0, ""tofer"": NaN, ""swfac"": 0.0, ""nstres"": 0.0}",0.0,0.0,17.618192434310913,0.0,0.0302084926515817,0.0,,0.0,0.0,30.0,180.0,40.815704345703125,52.815704345703125,Leave_One_experiments/all_year_offline_schedule_search/daily_outputs/SYA/SYA_2021_SYA2021_normal_grid_S0031_daily.csv
SYA,SYA,Shenyang,2021,Leave_One_experiments\wth_generated_qc\SYA\SYA2021.WTH,normal_year;nitrogen_stress_year;low_response_year,normal,SYA2021_normal_grid_S0031,irrigation_positive_candidate,2021-05-16,136,31,26,"{""sim_day"": 31.0, ""doy"": 136.0, ""topwt"": 20.80033540725708, ""grnwt"": 0.0, ""xlai"": 0.0386121310293674, ""totir"": 0.0, ""tofer"": NaN, ""swfac"": 0.0, ""nstres"": 0.0}",0.0,0.0,20.80033540725708,0.0,0.0386121310293674,0.0,,0.0,0.0,30.0,180.0,40.815704345703125,52.815704345703125,Leave_One_experiments/all_year_offline_schedule_search/daily_outputs/SYA/SYA_2021_SYA2021_normal_grid_S0031_daily.csv
SYA,SYA,Shenyang,2021,Leave_One_experiments\wth_generated_qc\SYA\SYA2021.WTH,normal_year;nitrogen_stress_year;low_response_year,normal,SYA2021_normal_grid_S0031,irrigation_positive_candidate,2021-05-17,137,32,27,"{""sim_day"": 32.0, ""doy"": 137.0, ""topwt"": 25.94775676727295, ""grnwt"": 0.0, ""xlai"": 0.0513005368411541, ""totir"": 0.0, ""tofer"": NaN, ""swfac"": 0.0, ""nstres"": 0.0}",0.0,0.0,25.94775676727295,0.0,0.0513005368411541,0.0,,0.0,0.0,30.0,180.0,40.815704345703125,52.815704345703125,Leave_One_experiments/all_year_offline_schedule_search/daily_outputs/SYA/SYA_2021_SYA2021_normal_grid_S0031_daily.csv
SYA,SYA,Shenyang,2021,Leave_One_experiments\wth_generated_qc\SYA\SYA2021.WTH,normal_year;nitrogen_stress_year;low_response_year,normal,SYA2021_normal_grid_S0031,irrigation_positive_candidate,2021-05-18,138,33,28,"{""sim_day"": 33.0, ""doy"": 138.0, ""topwt"": 32.694523334503174, ""grnwt"": 0.0, ""xlai"": 0.0667918920516967, ""totir"": 0.0, ""tofer"": NaN, ""swfac"": 0.0, ""nstres"": 0.0}",0.0,0.0,32.694523334503174,0.0,0.0667918920516967,0.0,,0.0,0.0,30.0,180.0,40.815704345703125,52.815704345703125,Leave_One_experiments/all_year_offline_schedule_search/daily_outputs/SYA/SYA_2021_SYA2021_normal_grid_S0031_daily.csv
SYA,SYA,Shenyang,2021,Leave_One_experiments\wth_generated_qc\SYA\SYA2021.WTH,normal_year;nitrogen_stress_year;low_response_year,normal,SYA2021_normal_grid_S0031,irrigation_positive_candidate,2021-05-19,139,34,29,"{""sim_day"": 34.0, ""doy"": 139.0, ""topwt"": 38.753366470336914, ""grnwt"": 0.0, ""xlai"": 0.0799303948879242, ""totir"": 0.0, ""tofer"": NaN, ""swfac"": 0.0, ""nstres"": 0.0}",0.0,0.0,38.753366470336914,0.0,0.0799303948879242,0.0,,0.0,0.0,30.0,180.0,40.815704345703125,52.815704345703125,Leave_One_experiments/all_year_offline_schedule_search/daily_outputs/SYA/SYA_2021_SYA2021_normal_grid_S0031_daily.csv
SYA,SYA,Shenyang,2021,Leave_One_experiments\wth_generated_qc\SYA\SYA2021.WTH,normal_year;nitrogen_stress_year;low_response_year,normal,SYA2021_normal_grid_S0031,irrigation_positive_candidate,2021-05-20,140,35,30,"{""sim_day"": 35.0, ""doy"": 140.0, ""topwt"": 46.23751640319824, ""grnwt"": 0.0, ""xlai"": 0.0954160466790199, ""totir"": 0.0, ""tofer"": NaN, ""swfac"": 0.0, ""nstres"": 0.0}",0.0,0.0,46.23751640319824,0.0,0.0954160466790199,0.0,,0.0,50.0,30.0,180.0,40.815704345703125,52.815704345703125,Leave_One_experiments/all_year_offline_schedule_search/daily_outputs/SYA/SYA_2021_SYA2021_normal_grid_S0031_daily.csv
SYA,SYA,Shenyang,2021,Leave_One_experiments\wth_generated_qc\SYA\SYA2021.WTH,normal_year;nitrogen_stress_year;low_response_year,normal,SYA2021_normal_grid_S0031,irrigation_positive_candidate,2021-05-21,141,36,31,"{""sim_day"": 36.0, ""doy"": 141.0, ""topwt"": 56.06302738189697, ""grnwt"": 0.0, ""xlai"": 0.1147966012358665, ""totir"": 0.0, ""tofer"": NaN, ""swfac"": 0.0, ""nstres"": 0.0}",0.0,0.0,56.06302738189697,0.0,0.1147966012358665,0.0,,0.0,0.0,30.0,180.0,40.815704345703125,52.815704345703125,Leave_One_experiments/all_year_offline_schedule_search/daily_outputs/SYA/SYA_2021_SYA2021_normal_grid_S0031_daily.csv
SYA,SYA,Shenyang,2021,Leave_One_experiments\wth_generated_qc\SYA\SYA2021.WTH,normal_year;nitrogen_stress_year;low_response_year,normal,SYA2021_normal_grid_S0031,irrigation_positive_candidate,2021-05-22,142,37,32,"{""sim_day"": 37.0, ""doy"": 142.0, ""topwt"": 62.64168739318848, ""grnwt"": 0.0, ""xlai"": 0.1272923201322555, ""totir"": 0.0, ""tofer"": NaN, ""swfac"": 0.0, ""nstres"": 0.0}",0.0,0.0,62.64168739318848,0.0,0.1272923201322555,0.0,,0.0,0.0,30.0,180.0,40.815704345703125,52.815704345703125,Leave_One_experiments/all_year_offline_schedule_search/daily_outputs/SYA/SYA_2021_SYA2021_normal_grid_S0031_daily.csv
SYA,SYA,Shenyang,2021,Leave_One_experiments\wth_generated_qc\SYA\SYA2021.WTH,normal_year;nitrogen_stress_year;low_response_year,normal,SYA2021_normal_grid_S0031,irrigation_positive_candidate,2021-05-23,143,38,33,"{""sim_day"": 38.0, ""doy"": 143.0, ""topwt"": 68.68550300598145, ""grnwt"": 0.0, ""xlai"": 0.1384900063276291, ""totir"": 0.0, ""tofer"": NaN, ""swfac"": 0.0, ""nstres"": 0.0}",0.0,0.0,68.68550300598145,0.0,0.1384900063276291,0.0,,0.0,0.0,30.0,180.0,40.815704345703125,52.815704345703125,Leave_One_experiments/all_year_offline_schedule_search/daily_outputs/SYA/SYA_2021_SYA2021_normal_grid_S0031_daily.csv
SYA,SYA,Shenyang,2021,Leave_One_experiments\wth_generated_qc\SYA\SYA2021.WTH,normal_year;nitrogen_stress_year;low_response_year,normal,SYA2021_normal_grid_S0031,irrigation_positive_candidate,2021-05-24,144,39,34,"{""sim_day"": 39.0, ""doy"": 144.0, ""topwt"": 76.53799533843994, ""grnwt"": 0.0, ""xlai"": 0.1526899933815002, ""totir"": 0.0, ""tofer"": NaN, ""swfac"": 0.0, ""nstres"": 0.0}",0.0,0.0,76.53799533843994,0.0,0.1526899933815002,0.0,,0.0,0.0,30.0,180.0,40.815704345703125,52.815704345703125,Leave_One_experiments/all_year_offline_schedule_search/daily_outputs/SYA/SYA_2021_SYA2021_normal_grid_S0031_daily.csv
SYA,SYA,Shenyang,2021,Leave_One_experiments\wth_generated_qc\SYA\SYA2021.WTH,normal_year;nitrogen_stress_year;low_response_year,normal,SYA2021_normal_grid_S0031,irrigation_positive_candidate,2021-05-25,145,40,35,"{""sim_day"": 40.0, ""doy"": 145.0, ""topwt"": 76.75060749053955, ""grnwt"": 0.0, ""xlai"": 0.1634871810674667, ""totir"": 0.0, ""tofer"": NaN, ""swfac"": 0.0, ""nstres"": 0.0}",0.0,0.0,76.75060749053955,0.0,0.1634871810674667,0.0,,0.0,0.0,30.0,180.0,40.815704345703125,52.815704345703125,Leave_One_experiments/all_year_offline_schedule_search/daily_outputs/SYA/SYA_2021_SYA2021_normal_grid_S0031_daily.csv
SYA,SYA,Shenyang,2021,Leave_One_experiments\wth_generated_qc\SYA\SYA2021.WTH,normal_year;nitrogen_stress_year;low_response_year,normal,SYA2021_normal_grid_S0031,irrigation_positive_candidate,2021-05-26,146,41,36,"{""sim_day"": 41.0, ""doy"": 146.0, ""topwt"": 84.0998649597168, ""grnwt"": 0.0, ""xlai"": 0.1773509532213211, ""totir"": 0.0, ""tofer"": NaN, ""swfac"": 0.0, ""nstres"": 0.0026291012763977}",0.0,0.0026291012763977,84.0998649597168,0.0,0.1773509532213211,0.0,,0.0,0.0,30.0,180.0,40.815704345703125,52.815704345703125,Leave_One_experiments/all_year_offline_schedule_search/daily_outputs/SYA/SYA_2021_SYA2021_normal_grid_S0031_daily.csv
SYA,SYA,Shenyang,2021,Leave_One_experiments\wth_generated_qc\SYA\SYA2021.WTH,normal_year;nitrogen_stress_year;low_response_year,normal,SYA2021_normal_grid_S0031,irrigation_positive_candidate,2021-05-27,147,42,37,"{""sim_day"": 42.0, ""doy"": 147.0, ""topwt"": 92.0703125, ""grnwt"": 0.0, ""xlai"": 0.1920679807662964, ""totir"": 0.0, ""tofer"": NaN, ""swfac"": 0.0, ""nstres"": 0.0}",0.0,0.0,92.0703125,0.0,0.1920679807662964,0.0,,0.0,0.0,30.0,180.0,40.815704345703125,52.815704345703125,Leave_One_experiments/all_year_offline_schedule_search/daily_outputs/SYA/SYA_2021_SYA2021_normal_grid_S0031_daily.csv
SYA,SYA,Shenyang,2021,Leave_One_experiments\wth_generated_qc\SYA\SYA2021.WTH,normal_year;nitrogen_stress_year;low_response_year,normal,SYA2021_normal_grid_S0031,irrigation_positive_candidate,2021-05-28,148,43,38,"{""sim_day"": 43.0, ""doy"": 148.0, ""topwt"": 102.75833129882812, ""grnwt"": 0.0, ""xlai"": 0.2113453298807144, ""totir"": 0.0, ""tofer"": NaN, ""swfac"": 0.0, ""nstres"": 0.0}",0.0,0.0,102.75833129882812,0.0,0.2113453298807144,0.0,,0.0,0.0,30.0,180.0,40.815704345703125,52.815704345703125,Leave_One_experiments/all_year_offline_schedule_search/daily_outputs/SYA/SYA_2021_SYA2021_normal_grid_S0031_daily.csv
SYA,SYA,Shenyang,2021,Leave_One_experiments\wth_generated_qc\SYA\SYA2021.WTH,normal_year;nitrogen_stress_year;low_response_year,normal,SYA2021_normal_grid_S0031,irrigation_positive_candidate,2021-05-29,149,44,39,"{""sim_day"": 44.0, ""doy"": 149.0, ""topwt"": 114.2418384552002, ""grnwt"": 0.0, ""xlai"": 0.2315458506345749, ""totir"": 0.0, ""tofer"": NaN, ""swfac"": 0.0, ""nstres"": 0.0}",0.0,0.0,114.2418384552002,0.0,0.2315458506345749,0.0,,0.0,0.0,30.0,180.0,40.815704345703125,52.815704345703125,Leave_One_experiments/all_year_offline_schedule_search/daily_outputs/SYA/SYA_2021_SYA2021_normal_grid_S0031_daily.csv
SYA,SYA,Shenyang,2021,Leave_One_experiments\wth_generated_qc\SYA\SYA2021.WTH,normal_year;nitrogen_stress_year;low_response_year,normal,SYA2021_normal_grid_S0031,irrigation_positive_candidate,2021-05-30,150,45,40,"{""sim_day"": 45.0, ""doy"": 150.0, ""topwt"": 128.9459228515625, ""grnwt"": 0.0, ""xlai"": 0.2567439079284668, ""totir"": 0.0, ""tofer"": NaN, ""swfac"": 0.0, ""nstres"": 0.0}",0.0,0.0,128.9459228515625,0.0,0.2567439079284668,0.0,,0.0,0.0,30.0,180.0,40.815704345703125,52.815704345703125,Leave_One_experiments/all_year_offline_schedule_search/daily_outputs/SYA/SYA_2021_SYA2021_normal_grid_S0031_daily.csv
SYA,SYA,Shenyang,2021,Leave_One_experiments\wth_generated_qc\SYA\SYA2021.WTH,normal_year;nitrogen_stress_year;low_response_year,normal,SYA2021_normal_grid_S0031,irrigation_positive_candidate,2021-05-31,151,46,41,"{""sim_day"": 46.0, ""doy"": 151.0, ""topwt"": 146.8837928771973, ""grnwt"": 0.0, ""xlai"": 0.2866125106811523, ""totir"": 0.0, ""tofer"": NaN, ""swfac"": 0.0, ""nstres"": 0.0}",0.0,0.0,146.8837928771973,0.0,0.2866125106811523,0.0,,0.0,0.0,30.0,180.0,40.815704345703125,52.815704345703125,Leave_One_experiments/all_year_offline_schedule_search/daily_outputs/SYA/SYA_2021_SYA2021_normal_grid_S0031_daily.csv
SYA,SYA,Shenyang,2021,Leave_One_experiments\wth_generated_qc\SYA\SYA2021.WTH,normal_year;nitrogen_stress_year;low_response_year,normal,SYA2021_normal_grid_S0031,irrigation_positive_candidate,2021-06-01,152,47,42,"{""sim_day"": 47.0, ""doy"": 152.0, ""topwt"": 164.5494842529297, ""grnwt"": 0.0, ""xlai"": 0.3152247071266174, ""totir"": 0.0, ""tofer"": NaN, ""swfac"": 0.0, ""nstres"": 0.0}",0.0,0.0,164.5494842529297,0.0,0.3152247071266174,0.0,,0.0,0.0,30.0,180.0,40.815704345703125,52.815704345703125,Leave_One_experiments/all_year_offline_schedule_search/daily_outputs/SYA/SYA_2021_SYA2021_normal_grid_S0031_daily.csv
SYA,SYA,Shenyang,2021,Leave_One_experiments\wth_generated_qc\SYA\SYA2021.WTH,normal_year;nitrogen_stress_year;low_response_year,normal,SYA2021_normal_grid_S0031,irrigation_positive_candidate,2021-06-02,153,48,43,"{""sim_day"": 48.0, ""doy"": 153.0, ""topwt"": 182.03201293945312, ""grnwt"": 0.0, ""xlai"": 0.3428612649440765, ""totir"": 0.0, ""tofer"": NaN, ""swfac"": 0.0, ""nstres"": 0.0}",0.0,0.0,182.03201293945312,0.0,0.3428612649440765,0.0,,0.0,0.0,30.0,180.0,40.815704345703125,52.815704345703125,Leave_One_experiments/all_year_offline_schedule_search/daily_outputs/SYA/SYA_2021_SYA2021_normal_grid_S0031_daily.csv
SYA,SYA,Shenyang,2021,Leave_One_experiments\wth_generated_qc\SYA\SYA2021.WTH,normal_year;nitrogen_stress_year;low_response_year,normal,SYA2021_normal_grid_S0031,irrigation_positive_candidate,2021-06-03,154,49,44,"{""sim_day"": 49.0, ""doy"": 154.0, ""topwt"": 194.14623260498047, ""grnwt"": 0.0, ""xlai"": 0.3615805208683014, ""totir"": 0.0, ""tofer"": NaN, ""swfac"": 0.0, ""nstres"": 0.0}",0.0,0.0,194.14623260498047,0.0,0.3615805208683014,0.0,,0.0,0.0,30.0,180.0,40.815704345703125,52.815704345703125,Leave_One_experiments/all_year_offline_schedule_search/daily_outputs/SYA/SYA_2021_SYA2021_normal_grid_S0031_daily.csv
SYA,SYA,Shenyang,2021,Leave_One_experiments\wth_generated_qc\SYA\SYA2021.WTH,normal_year;nitrogen_stress_year;low_response_year,normal,SYA2021_normal_grid_S0031,irrigation_positive_candidate,2021-06-04,155,50,45,"{""sim_day"": 50.0, ""doy"": 155.0, ""topwt"": 211.1362075805664, ""grnwt"": 0.0, ""xlai"": 0.3851451873779297, ""totir"": 0.0, ""tofer"": NaN, ""swfac"": 0.0, ""nstres"": 0.0}",0.0,0.0,211.1362075805664,0.0,0.3851451873779297,0.0,,0.0,0.0,30.0,180.0,40.815704345703125,52.815704345703125,Leave_One_experiments/all_year_offline_schedule_search/daily_outputs/SYA/SYA_2021_SYA2021_normal_grid_S0031_daily.csv
SYA,SYA,Shenyang,2021,Leave_One_experiments\wth_generated_qc\SYA\SYA2021.WTH,normal_year;nitrogen_stress_year;low_response_year,normal,SYA2021_normal_grid_S0031,irrigation_positive_candidate,2021-06-05,156,51,46,"{""sim_day"": 51.0, ""doy"": 156.0, ""topwt"": 234.7850799560547, ""grnwt"": 0.0, ""xlai"": 0.4217905104160309, ""totir"": 0.0, ""tofer"": NaN, ""swfac"": 0.0, ""nstres"": 0.0}",0.0,0.0,234.7850799560547,0.0,0.4217905104160309,0.0,,0.0,0.0,30.0,180.0,40.815704345703125,52.815704345703125,Leave_One_experiments/all_year_offline_schedule_search/daily_outputs/SYA/SYA_2021_SYA2021_normal_grid_S0031_daily.csv
SYA,SYA,Shenyang,2021,Leave_One_experiments\wth_generated_qc\SYA\SYA2021.WTH,normal_year;nitrogen_stress_year;low_response_year,normal,SYA2021_normal_grid_S0031,irrigation_positive_candidate,2021-06-06,157,52,47,"{""sim_day"": 52.0, ""doy"": 157.0, ""topwt"": 265.9461212158203, ""grnwt"": 0.0, ""xlai"": 0.4685848951339721, ""totir"": 0.0, ""tofer"": NaN, ""swfac"": 0.0, ""nstres"": 0.0}",0.0,0.0,265.9461212158203,0.0,0.4685848951339721,0.0,,0.0,0.0,30.0,180.0,40.815704345703125,52.815704345703125,Leave_One_experiments/all_year_offline_schedule_search/daily_outputs/SYA/SYA_2021_SYA2021_normal_grid_S0031_daily.csv
SYA,SYA,Shenyang,2021,Leave_One_experiments\wth_generated_qc\SYA\SYA2021.WTH,normal_year;nitrogen_stress_year;low_response_year,normal,SYA2021_normal_grid_S0031,irrigation_positive_candidate,2021-06-07,158,53,48,"{""sim_day"": 53.0, ""doy"": 158.0, ""topwt"": 303.6465072631836, ""grnwt"": 0.0, ""xlai"": 0.5230915546417236, ""totir"": 0.0, ""tofer"": NaN, ""swfac"": 0.0, ""nstres"": 0.0}",0.0,0.0,303.6465072631836,0.0,0.5230915546417236,0.0,,0.0,0.0,30.0,180.0,40.815704345703125,52.815704345703125,Leave_One_experiments/all_year_offline_schedule_search/daily_outputs/SYA/SYA_2021_SYA2021_normal_grid_S0031_daily.csv
SYA,SYA,Shenyang,2021,Leave_One_experiments\wth_generated_qc\SYA\SYA2021.WTH,normal_year;nitrogen_stress_year;low_response_year,normal,SYA2021_normal_grid_S0031,irrigation_positive_candidate,2021-06-08,159,54,49,"{""sim_day"": 54.0, ""doy"": 159.0, ""topwt"": 346.18865966796875, ""grnwt"": 0.0, ""xlai"": 0.5820603370666504, ""totir"": 0.0, ""tofer"": NaN, ""swfac"": 0.0, ""nstres"": 0.0}",0.0,0.0,346.18865966796875,0.0,0.5820603370666504,0.0,,0.0,0.0,30.0,180.0,40.815704345703125,52.815704345703125,Leave_One_experiments/all_year_offline_schedule_search/daily_outputs/SYA/SYA_2021_SYA2021_normal_grid_S0031_daily.csv
SYA,SYA,Shenyang,2021,Leave_One_experiments\wth_generated_qc\SYA\SYA2021.WTH,normal_year;nitrogen_stress_year;low_response_year,normal,SYA2021_normal_grid_S0031,irrigation_positive_candidate,2021-06-09,160,55,50,"{""sim_day"": 55.0, ""doy"": 160.0, ""topwt"": 384.0254974365234, ""grnwt"": 0.0, ""xlai"": 0.6325080990791321, ""totir"": 0.0, ""tofer"": NaN, ""swfac"": 0.0, ""nstres"": 0.0}",0.0,0.0,384.0254974365234,0.0,0.6325080990791321,0.0,,0.0,0.0,30.0,180.0,40.815704345703125,52.815704345703125,Leave_One_experiments/all_year_offline_schedule_search/daily_outputs/SYA/SYA_2021_SYA2021_normal_grid_S0031_daily.csv
SYA,SYA,Shenyang,2021,Leave_One_experiments\wth_generated_qc\SYA\SYA2021.WTH,normal_year;nitrogen_stress_year;low_response_year,normal,SYA2021_normal_grid_S0031,irrigation_positive_candidate,2021-06-10,161,56,51,"{""sim_day"": 56.0, ""doy"": 161.0, ""topwt"": 429.50439453125, ""grnwt"": 0.0, ""xlai"": 0.6907371282577515, ""totir"": 0.0, ""tofer"": NaN, ""swfac"": 0.0, ""nstres"": 0.0}",0.0,0.0,429.50439453125,0.0,0.6907371282577515,0.0,,0.0,0.0,30.0,180.0,40.815704345703125,52.815704345703125,Leave_One_experiments/all_year_offline_schedule_search/daily_outputs/SYA/SYA_2021_SYA2021_normal_grid_S0031_daily.csv
SYA,SYA,Shenyang,2021,Leave_One_experiments\wth_generated_qc\SYA\SYA2021.WTH,normal_year;nitrogen_stress_year;low_response_year,normal,SYA2021_normal_grid_S0031,irrigation_positive_candidate,2021-06-11,162,57,52,"{""sim_day"": 57.0, ""doy"": 162.0, ""topwt"": 485.3824615478516, ""grnwt"": 0.0, ""xlai"": 0.7588668465614319, ""totir"": 0.0, ""tofer"": NaN, ""swfac"": 0.0, ""nstres"": 0.0}",0.0,0.0,485.3824615478516,0.0,0.7588668465614319,0.0,,0.0,0.0,30.0,180.0,40.815704345703125,52.815704345703125,Leave_One_experiments/all_year_offline_schedule_search/daily_outputs/SYA/SYA_2021_SYA2021_normal_grid_S0031_daily.csv
SYA,SYA,Shenyang,2021,Leave_One_experiments\wth_generated_qc\SYA\SYA2021.WTH,normal_year;nitrogen_stress_year;low_response_year,normal,SYA2021_normal_grid_S0031,irrigation_positive_candidate,2021-06-12,163,58,53,"{""sim_day"": 58.0, ""doy"": 163.0, ""topwt"": 568.0375671386719, ""grnwt"": 0.0, ""xlai"": 0.8540288805961609, ""totir"": 0.0, ""tofer"": NaN, ""swfac"": 0.0, ""nstres"": 0.0}",0.0,0.0,568.0375671386719,0.0,0.8540288805961609,0.0,,0.0,0.0,30.0,180.0,40.815704345703125,52.815704345703125,Leave_One_experiments/all_year_offline_schedule_search/daily_outputs/SYA/SYA_2021_SYA2021_normal_grid_S0031_daily.csv
SYA,SYA,Shenyang,2021,Leave_One_experiments\wth_generated_qc\SYA\SYA2021.WTH,normal_year;nitrogen_stress_year;low_response_year,normal,SYA2021_normal_grid_S0031,irrigation_positive_candidate,2021-06-13,164,59,54,"{""sim_day"": 59.0, ""doy"": 164.0, ""topwt"": 652.1455383300781, ""grnwt"": 0.0, ""xlai"": 0.945234477519989, ""totir"": 0.0, ""tofer"": NaN, ""swfac"": 0.0, ""nstres"": 0.0}",0.0,0.0,652.1455383300781,0.0,0.945234477519989,0.0,,0.0,0.0,30.0,180.0,40.815704345703125,52.815704345703125,Leave_One_experiments/all_year_offline_schedule_search/daily_outputs/SYA/SYA_2021_SYA2021_normal_grid_S0031_daily.csv
SYA,SYA,Shenyang,2021,Leave_One_experiments\wth_generated_qc\SYA\SYA2021.WTH,normal_year;nitrogen_stress_year;low_response_year,normal,SYA2021_normal_grid_S0031,irrigation_positive_candidate,2021-06-14,165,60,55,"{""sim_day"": 60.0, ""doy"": 165.0, ""topwt"": 730.2420806884766, ""grnwt"": 0.0, ""xlai"": 1.0254957675933838, ""totir"": 0.0, ""tofer"": NaN, ""swfac"": 0.0, ""nstres"": 0.0}",0.0,0.0,730.2420806884766,0.0,1.0254957675933838,0.0,,0.0,0.0,30.0,180.0,40.815704345703125,52.815704345703125,Leave_One_experiments/all_year_offline_schedule_search/daily_outputs/SYA/SYA_2021_SYA2021_normal_grid_S0031_daily.csv
SYA,SYA,Shenyang,2021,Leave_One_experiments\wth_generated_qc\SYA\SYA2021.WTH,normal_year;nitrogen_stress_year;low_response_year,normal,SYA2021_normal_grid_S0031,irrigation_positive_candidate,2021-06-15,166,61,56,"{""sim_day"": 61.0, ""doy"": 166.0, ""topwt"": 813.1369781494141, ""grnwt"": 0.0, ""xlai"": 1.1063207387924194, ""totir"": 0.0, ""tofer"": NaN, ""swfac"": 0.0, ""nstres"": 0.0}",0.0,0.0,813.1369781494141,0.0,1.1063207387924194,0.0,,0.0,0.0,30.0,180.0,40.815704345703125,52.815704345703125,Leave_One_experiments/all_year_offline_schedule_search/daily_outputs/SYA/SYA_2021_SYA2021_normal_grid_S0031_daily.csv
SYA,SYA,Shenyang,2021,Leave_One_experiments\wth_generated_qc\SYA\SYA2021.WTH,normal_year;nitrogen_stress_year;low_response_year,normal,SYA2021_normal_grid_S0031,irrigation_positive_candidate,2021-06-16,167,62,57,"{""sim_day"": 62.0, ""doy"": 167.0, ""topwt"": 864.1443634033203, ""grnwt"": 0.0, ""xlai"": 1.1538965702056885, ""totir"": 0.0, ""tofer"": NaN, ""swfac"": 0.0, ""nstres"": 0.0}",0.0,0.0,864.1443634033203,0.0,1.1538965702056885,0.0,,0.0,0.0,30.0,180.0,40.815704345703125,52.815704345703125,Leave_One_experiments/all_year_offline_schedule_search/daily_outputs/SYA/SYA_2021_SYA2021_normal_grid_S0031_daily.csv
SYA,SYA,Shenyang,2021,Leave_One_experiments\wth_generated_qc\SYA\SYA2021.WTH,normal_year;nitrogen_stress_year;low_response_year,normal,SYA2021_normal_grid_S0031,irrigation_positive_candidate,2021-06-17,168,63,58,"{""sim_day"": 63.0, ""doy"": 168.0, ""topwt"": 940.1722717285156, ""grnwt"": 0.0, ""xlai"": 1.2218748331069946, ""totir"": 0.0, ""tofer"": NaN, ""swfac"": 0.0, ""nstres"": 0.0}",0.0,0.0,940.1722717285156,0.0,1.2218748331069946,0.0,,0.0,0.0,30.0,180.0,40.815704345703125,52.815704345703125,Leave_One_experiments/all_year_offline_schedule_search/daily_outputs/SYA/SYA_2021_SYA2021_normal_grid_S0031_daily.csv
SYA,SYA,Shenyang,2021,Leave_One_experiments\wth_generated_qc\SYA\SYA2021.WTH,normal_year;nitrogen_stress_year;low_response_year,normal,SYA2021_normal_grid_S0031,irrigation_positive_candidate,2021-06-18,169,64,59,"{""sim_day"": 64.0, ""doy"": 169.0, ""topwt"": 1029.8487854003906, ""grnwt"": 0.0, ""xlai"": 1.297940969467163, ""totir"": 0.0, ""tofer"": NaN, ""swfac"": 0.0, ""nstres"": 0.0}",0.0,0.0,1029.8487854003906,0.0,1.297940969467163,0.0,,0.0,0.0,30.0,180.0,40.815704345703125,52.815704345703125,Leave_One_experiments/all_year_offline_schedule_search/daily_outputs/SYA/SYA_2021_SYA2021_normal_grid_S0031_daily.csv
SYA,SYA,Shenyang,2021,Leave_One_experiments\wth_generated_qc\SYA\SYA2021.WTH,normal_year;nitrogen_stress_year;low_response_year,normal,SYA2021_normal_grid_S0031,irrigation_positive_candidate,2021-06-19,170,65,60,"{""sim_day"": 65.0, ""doy"": 170.0, ""topwt"": 1112.485809326172, ""grnwt"": 0.0, ""xlai"": 1.3648834228515625, ""totir"": 0.0, ""tofer"": NaN, ""swfac"": 0.0, ""nstres"": 0.0}",0.0,0.0,1112.485809326172,0.0,1.3648834228515625,0.0,,0.0,50.0,30.0,180.0,40.815704345703125,52.815704345703125,Leave_One_experiments/all_year_offline_schedule_search/daily_outputs/SYA/SYA_2021_SYA2021_normal_grid_S0031_daily.csv
SYA,SYA,Shenyang,2021,Leave_One_experiments\wth_generated_qc\SYA\SYA2021.WTH,normal_year;nitrogen_stress_year;low_response_year,normal,SYA2021_normal_grid_S0031,irrigation_positive_candidate,2021-06-20,171,66,61,"{""sim_day"": 66.0, ""doy"": 171.0, ""topwt"": 1206.5958404541016, ""grnwt"": 0.0, ""xlai"": 1.4375654458999634, ""totir"": 0.0, ""tofer"": NaN, ""swfac"": 0.0, ""nstres"": 0.0}",0.0,0.0,1206.5958404541016,0.0,1.4375654458999634,0.0,,0.0,0.0,30.0,180.0,40.815704345703125,52.815704345703125,Leave_One_experiments/all_year_offline_schedule_search/daily_outputs/SYA/SYA_2021_SYA2021_normal_grid_S0031_daily.csv
SYA,SYA,Shenyang,2021,Leave_One_experiments\wth_generated_qc\SYA\SYA2021.WTH,normal_year;nitrogen_stress_year;low_response_year,normal,SYA2021_normal_grid_S0031,irrigation_positive_candidate,2021-06-21,172,67,62,"{""sim_day"": 67.0, ""doy"": 172.0, ""topwt"": 1303.5589599609375, ""grnwt"": 0.0, ""xlai"": 1.508965015411377, ""totir"": 0.0, ""tofer"": NaN, ""swfac"": 0.0, ""nstres"": 0.0}",0.0,0.0,1303.5589599609375,0.0,1.508965015411377,0.0,,0.0,0.0,30.0,180.0,40.815704345703125,52.815704345703125,Leave_One_experiments/all_year_offline_schedule_search/daily_outputs/SYA/SYA_2021_SYA2021_normal_grid_S0031_daily.csv
SYA,SYA,Shenyang,2021,Leave_One_experiments\wth_generated_qc\SYA\SYA2021.WTH,normal_year;nitrogen_stress_year;low_response_year,normal,SYA2021_normal_grid_S0031,irrigation_positive_candidate,2021-06-22,173,68,63,"{""sim_day"": 68.0, ""doy"": 173.0, ""topwt"": 1406.7898559570312, ""grnwt"": 0.0, ""xlai"": 1.5814111232757568, ""totir"": 0.0, ""tofer"": NaN, ""swfac"": 0.0, ""nstres"": 0.0}",0.0,0.0,1406.7898559570312,0.0,1.5814111232757568,0.0,,0.0,0.0,30.0,180.0,40.815704345703125,52.815704345703125,Leave_One_experiments/all_year_offline_schedule_search/daily_outputs/SYA/SYA_2021_SYA2021_normal_grid_S0031_daily.csv
SYA,SYA,Shenyang,2021,Leave_One_experiments\wth_generated_qc\SYA\SYA2021.WTH,normal_year;nitrogen_stress_year;low_response_year,normal,SYA2021_normal_grid_S0031,irrigation_positive_candidate,2021-06-23,174,69,64,"{""sim_day"": 69.0, ""doy"": 174.0, ""topwt"": 1526.0568237304688, ""grnwt"": 0.0, ""xlai"": 1.660864233970642, ""totir"": 0.0, ""tofer"": NaN, ""swfac"": 0.0, ""nstres"": 0.0}",0.0,0.0,1526.0568237304688,0.0,1.660864233970642,0.0,,0.0,0.0,30.0,180.0,40.815704345703125,52.815704345703125,Leave_One_experiments/all_year_offline_schedule_search/daily_outputs/SYA/SYA_2021_SYA2021_normal_grid_S0031_daily.csv
SYA,SYA,Shenyang,2021,Leave_One_experiments\wth_generated_qc\SYA\SYA2021.WTH,normal_year;nitrogen_stress_year;low_response_year,normal,SYA2021_normal_grid_S0031,irrigation_positive_candidate,2021-06-24,175,70,65,"{""sim_day"": 70.0, ""doy"": 175.0, ""topwt"": 1648.3599853515625, ""grnwt"": 0.0, ""xlai"": 1.738255262374878, ""totir"": 30.0, ""tofer"": NaN, ""swfac"": 0.0, ""nstres"": 0.0}",0.0,0.0,1648.3599853515625,0.0,1.738255262374878,30.0,,30.0,0.0,30.0,180.0,40.815704345703125,52.815704345703125,Leave_One_experiments/all_year_offline_schedule_search/daily_outputs/SYA/SYA_2021_SYA2021_normal_grid_S0031_daily.csv
SYA,SYA,Shenyang,2021,Leave_One_experiments\wth_generated_qc\SYA\SYA2021.WTH,normal_year;nitrogen_stress_year;low_response_year,normal,SYA2021_normal_grid_S0031,irrigation_positive_candidate,2021-06-25,176,71,66,"{""sim_day"": 71.0, ""doy"": 176.0, ""topwt"": 1735.3468322753906, ""grnwt"": 0.0, ""xlai"": 1.790888786315918, ""totir"": 30.0, ""tofer"": NaN, ""swfac"": 0.0, ""nstres"": 0.0}",0.0,0.0,1735.3468322753906,0.0,1.790888786315918,30.0,,0.0,0.0,30.0,180.0,40.815704345703125,52.815704345703125,Leave_One_experiments/all_year_offline_schedule_search/daily_outputs/SYA/SYA_2021_SYA2021_normal_grid_S0031_daily.csv
SYA,SYA,Shenyang,2021,Leave_One_experiments\wth_generated_qc\SYA\SYA2021.WTH,normal_year;nitrogen_stress_year;low_response_year,normal,SYA2021_normal_grid_S0031,irrigation_positive_candidate,2021-06-26,177,72,67,"{""sim_day"": 72.0, ""doy"": 177.0, ""topwt"": 1804.8580932617188, ""grnwt"": 0.0, ""xlai"": 1.83124041557312, ""totir"": 30.0, ""tofer"": NaN, ""swfac"": 0.0, ""nstres"": 0.0}",0.0,0.0,1804.8580932617188,0.0,1.83124041557312,30.0,,0.0,0.0,30.0,180.0,40.815704345703125,52.815704345703125,Leave_One_experiments/all_year_offline_schedule_search/daily_outputs/SYA/SYA_2021_SYA2021_normal_grid_S0031_daily.csv
SYA,SYA,Shenyang,2021,Leave_One_experiments\wth_generated_qc\SYA\SYA2021.WTH,normal_year;nitrogen_stress_year;low_response_year,normal,SYA2021_normal_grid_S0031,irrigation_positive_candidate,2021-06-27,178,73,68,"{""sim_day"": 73.0, ""doy"": 178.0, ""topwt"": 1865.845184326172, ""grnwt"": 0.0, ""xlai"": 1.865120887756348, ""totir"": 30.0, ""tofer"": NaN, ""swfac"": 0.0, ""nstres"": 0.0}",0.0,0.0,1865.845184326172,0.0,1.865120887756348,30.0,,0.0,0.0,30.0,180.0,40.815704345703125,52.815704345703125,Leave_One_experiments/all_year_offline_schedule_search/daily_outputs/SYA/SYA_2021_SYA2021_normal_grid_S0031_daily.csv
SYA,SYA,Shenyang,2021,Leave_One_experiments\wth_generated_qc\SYA\SYA2021.WTH,normal_year;nitrogen_stress_year;low_response_year,normal,SYA2021_normal_grid_S0031,irrigation_positive_candidate,2021-06-28,179,74,69,"{""sim_day"": 74.0, ""doy"": 179.0, ""topwt"": 2027.0939636230469, ""grnwt"": 0.0, ""xlai"": 1.958446979522705, ""totir"": 30.0, ""tofer"": NaN, ""swfac"": 0.0, ""nstres"": 0.0}",0.0,0.0,2027.0939636230469,0.0,1.958446979522705,30.0,,0.0,0.0,30.0,180.0,40.815704345703125,52.815704345703125,Leave_One_experiments/all_year_offline_schedule_search/daily_outputs/SYA/SYA_2021_SYA2021_normal_grid_S0031_daily.csv
SYA,SYA,Shenyang,2021,Leave_One_experiments\wth_generated_qc\SYA\SYA2021.WTH,normal_year;nitrogen_stress_year;low_response_year,normal,SYA2021_normal_grid_S0031,irrigation_positive_candidate,2021-06-29,180,75,70,"{""sim_day"": 75.0, ""doy"": 180.0, ""topwt"": 2185.760040283203, ""grnwt"": 0.0, ""xlai"": 2.032997369766236, ""totir"": 30.0, ""tofer"": NaN, ""swfac"": 0.0, ""nstres"": 0.0}",0.0,0.0,2185.760040283203,0.0,2.032997369766236,30.0,,0.0,0.0,30.0,180.0,40.815704345703125,52.815704345703125,Leave_One_experiments/all_year_offline_schedule_search/daily_outputs/SYA/SYA_2021_SYA2021_normal_grid_S0031_daily.csv
SYA,SYA,Shenyang,2021,Leave_One_experiments\wth_generated_qc\SYA\SYA2021.WTH,normal_year;nitrogen_stress_year;low_response_year,normal,SYA2021_normal_grid_S0031,irrigation_positive_candidate,2021-06-30,181,76,71,"{""sim_day"": 76.0, ""doy"": 181.0, ""topwt"": 2386.72119140625, ""grnwt"": 0.0, ""xlai"": 2.1149070262908936, ""totir"": 30.0, ""tofer"": NaN, ""swfac"": 0.0, ""nstres"": 0.0}",0.0,0.0,2386.72119140625,0.0,2.1149070262908936,30.0,,0.0,0.0,30.0,180.0,40.815704345703125,52.815704345703125,Leave_One_experiments/all_year_offline_schedule_search/daily_outputs/SYA/SYA_2021_SYA2021_normal_grid_S0031_daily.csv
SYA,SYA,Shenyang,2021,Leave_One_experiments\wth_generated_qc\SYA\SYA2021.WTH,normal_year;nitrogen_stress_year;low_response_year,normal,SYA2021_normal_grid_S0031,irrigation_positive_candidate,2021-07-01,182,77,72,"{""sim_day"": 77.0, ""doy"": 182.0, ""topwt"": 2604.897766113281, ""grnwt"": 0.0, ""xlai"": 2.1947975158691406, ""totir"": 30.0, ""tofer"": NaN, ""swfac"": 0.0, ""nstres"": 0.0}",0.0,0.0,2604.897766113281,0.0,2.1947975158691406,30.0,,0.0,0.0,30.0,180.0,40.815704345703125,52.815704345703125,Leave_One_experiments/all_year_offline_schedule_search/daily_outputs/SYA/SYA_2021_SYA2021_normal_grid_S0031_daily.csv
SYA,SYA,Shenyang,2021,Leave_One_experiments\wth_generated_qc\SYA\SYA2021.WTH,normal_year;nitrogen_stress_year;low_response_year,normal,SYA2021_normal_grid_S0031,irrigation_positive_candidate,2021-07-02,183,78,73,"{""sim_day"": 78.0, ""doy"": 183.0, ""topwt"": 2707.7130126953125, ""grnwt"": 0.0, ""xlai"": 2.229787826538086, ""totir"": 30.0, ""tofer"": NaN, ""swfac"": 0.0, ""nstres"": 0.0}",0.0,0.0,2707.7130126953125,0.0,2.229787826538086,30.0,,0.0,0.0,30.0,180.0,40.815704345703125,52.815704345703125,Leave_One_experiments/all_year_offline_schedule_search/daily_outputs/SYA/SYA_2021_SYA2021_normal_grid_S0031_daily.csv
SYA,SYA,Shenyang,2021,Leave_One_experiments\wth_generated_qc\SYA\SYA2021.WTH,normal_year;nitrogen_stress_year;low_response_year,normal,SYA2021_normal_grid_S0031,irrigation_positive_candidate,2021-07-03,184,79,74,"{""sim_day"": 79.0, ""doy"": 184.0, ""topwt"": 2878.6590576171875, ""grnwt"": 0.0, ""xlai"": 2.2847230434417725, ""totir"": 30.0, ""tofer"": NaN, ""swfac"": 0.0, ""nstres"": 0.0}",0.0,0.0,2878.6590576171875,0.0,2.2847230434417725,30.0,,0.0,0.0,30.0,180.0,40.815704345703125,52.815704345703125,Leave_One_experiments/all_year_offline_schedule_search/daily_outputs/SYA/SYA_2021_SYA2021_normal_grid_S0031_daily.csv
SYA,SYA,Shenyang,2021,Leave_One_experiments\wth_generated_qc\SYA\SYA2021.WTH,normal_year;nitrogen_stress_year;low_response_year,normal,SYA2021_normal_grid_S0031,irrigation_positive_candidate,2021-07-04,185,80,75,"{""sim_day"": 80.0, ""doy"": 185.0, ""topwt"": 3078.1640625, ""grnwt"": 0.0, ""xlai"": 2.3450303077697754, ""totir"": 30.0, ""tofer"": NaN, ""swfac"": 0.0, ""nstres"": 0.0}",0.0,0.0,3078.1640625,0.0,2.3450303077697754,30.0,,0.0,0.0,30.0,180.0,40.815704345703125,52.815704345703125,Leave_One_experiments/all_year_offline_schedule_search/daily_outputs/SYA/SYA_2021_SYA2021_normal_grid_S0031_daily.csv
SYA,SYA,Shenyang,2021,Leave_One_experiments\wth_generated_qc\SYA\SYA2021.WTH,normal_year;nitrogen_stress_year;low_response_year,normal,SYA2021_normal_grid_S0031,irrigation_positive_candidate,2021-07-05,186,81,76,"{""sim_day"": 81.0, ""doy"": 186.0, ""topwt"": 3268.1668090820312, ""grnwt"": 0.0, ""xlai"": 2.3995261192321777, ""totir"": 30.0, ""tofer"": NaN, ""swfac"": 0.0, ""nstres"": 0.0}",0.0,0.0,3268.1668090820312,0.0,2.3995261192321777,30.0,,0.0,0.0,30.0,180.0,40.815704345703125,52.815704345703125,Leave_One_experiments/all_year_offline_schedule_search/daily_outputs/SYA/SYA_2021_SYA2021_normal_grid_S0031_daily.csv
SYA,SYA,Shenyang,2021,Leave_One_experiments\wth_generated_qc\SYA\SYA2021.WTH,normal_year;nitrogen_stress_year;low_response_year,normal,SYA2021_normal_grid_S0031,irrigation_positive_candidate,2021-07-06,187,82,77,"{""sim_day"": 82.0, ""doy"": 187.0, ""topwt"": 3458.4896850585938, ""grnwt"": 0.0, ""xlai"": 2.451584815979004, ""totir"": 30.0, ""tofer"": NaN, ""swfac"": 0.0, ""nstres"": 0.0}",0.0,0.0,3458.4896850585938,0.0,2.451584815979004,30.0,,0.0,0.0,30.0,180.0,40.815704345703125,52.815704345703125,Leave_One_experiments/all_year_offline_schedule_search/daily_outputs/SYA/SYA_2021_SYA2021_normal_grid_S0031_daily.csv
SYA,SYA,Shenyang,2021,Leave_One_experiments\wth_generated_qc\SYA\SYA2021.WTH,normal_year;nitrogen_stress_year;low_response_year,normal,SYA2021_normal_grid_S0031,irrigation_positive_candidate,2021-07-07,188,83,78,"{""sim_day"": 83.0, ""doy"": 188.0, ""topwt"": 3648.397216796875, ""grnwt"": 0.0, ""xlai"": 2.5013315677642822, ""totir"": 30.0, ""tofer"": NaN, ""swfac"": 0.0, ""nstres"": 0.0}",0.0,0.0,3648.397216796875,0.0,2.5013315677642822,30.0,,0.0,0.0,30.0,180.0,40.815704345703125,52.815704345703125,Leave_One_experiments/all_year_offline_schedule_search/daily_outputs/SYA/SYA_2021_SYA2021_normal_grid_S0031_daily.csv
SYA,SYA,Shenyang,2021,Leave_One_experiments\wth_generated_qc\SYA\SYA2021.WTH,normal_year;nitrogen_stress_year;low_response_year,normal,SYA2021_normal_grid_S0031,irrigation_positive_candidate,2021-07-08,189,84,79,"{""sim_day"": 84.0, ""doy"": 189.0, ""topwt"": 3822.44140625, ""grnwt"": 0.0, ""xlai"": 2.5452640056610107, ""totir"": 30.0, ""tofer"": NaN, ""swfac"": 0.0, ""nstres"": 0.0}",0.0,0.0,3822.44140625,0.0,2.5452640056610107,30.0,,0.0,0.0,30.0,180.0,40.815704345703125,52.815704345703125,Leave_One_experiments/all_year_offline_schedule_search/daily_outputs/SYA/SYA_2021_SYA2021_normal_grid_S0031_daily.csv
SYA,SYA,Shenyang,2021,Leave_One_experiments\wth_generated_qc\SYA\SYA2021.WTH,normal_year;nitrogen_stress_year;low_response_year,normal,SYA2021_normal_grid_S0031,irrigation_positive_candidate,2021-07-09,190,85,80,"{""sim_day"": 85.0, ""doy"": 190.0, ""topwt"": 3998.875732421875, ""grnwt"": 0.0, ""xlai"": 2.589751005172729, ""totir"": 30.0, ""tofer"": NaN, ""swfac"": 0.0, ""nstres"": 0.0}",0.0,0.0,3998.875732421875,0.0,2.589751005172729,30.0,,0.0,0.0,30.0,180.0,40.815704345703125,52.815704345703125,Leave_One_experiments/all_year_offline_schedule_search/daily_outputs/SYA/SYA_2021_SYA2021_normal_grid_S0031_daily.csv
SYA,SYA,Shenyang,2021,Leave_One_experiments\wth_generated_qc\SYA\SYA2021.WTH,normal_year;nitrogen_stress_year;low_response_year,normal,SYA2021_normal_grid_S0031,irrigation_positive_candidate,2021-07-10,191,86,81,"{""sim_day"": 86.0, ""doy"": 191.0, ""topwt"": 4205.836486816406, ""grnwt"": 0.0, ""xlai"": 2.6419098377227783, ""totir"": 30.0, ""tofer"": NaN, ""swfac"": 0.0, ""nstres"": 0.0}",0.0,0.0,4205.836486816406,0.0,2.6419098377227783,30.0,,0.0,0.0,30.0,180.0,40.815704345703125,52.815704345703125,Leave_One_experiments/all_year_offline_schedule_search/daily_outputs/SYA/SYA_2021_SYA2021_normal_grid_S0031_daily.csv
SYA,SYA,Shenyang,2021,Leave_One_experiments\wth_generated_qc\SYA\SYA2021.WTH,normal_year;nitrogen_stress_year;low_response_year,normal,SYA2021_normal_grid_S0031,irrigation_positive_candidate,2021-07-11,192,87,82,"{""sim_day"": 87.0, ""doy"": 192.0, ""topwt"": 4414.7119140625, ""grnwt"": 0.0, ""xlai"": 2.694483518600464, ""totir"": 30.0, ""tofer"": NaN, ""swfac"": 0.0, ""nstres"": 0.0}",0.0,0.0,4414.7119140625,0.0,2.694483518600464,30.0,,0.0,0.0,30.0,180.0,40.815704345703125,52.815704345703125,Leave_One_experiments/all_year_offline_schedule_search/daily_outputs/SYA/SYA_2021_SYA2021_normal_grid_S0031_daily.csv
SYA,SYA,Shenyang,2021,Leave_One_experiments\wth_generated_qc\SYA\SYA2021.WTH,normal_year;nitrogen_stress_year;low_response_year,normal,SYA2021_normal_grid_S0031,irrigation_positive_candidate,2021-07-12,193,88,83,"{""sim_day"": 88.0, ""doy"": 193.0, ""topwt"": 4585.224914550781, ""grnwt"": 0.0, ""xlai"": 2.7373046875, ""totir"": 30.0, ""tofer"": NaN, ""swfac"": 0.0, ""nstres"": 0.0}",0.0,0.0,4585.224914550781,0.0,2.7373046875,30.0,,0.0,0.0,30.0,180.0,40.815704345703125,52.815704345703125,Leave_One_experiments/all_year_offline_schedule_search/daily_outputs/SYA/SYA_2021_SYA2021_normal_grid_S0031_daily.csv
SYA,SYA,Shenyang,2021,Leave_One_experiments\wth_generated_qc\SYA\SYA2021.WTH,normal_year;nitrogen_stress_year;low_response_year,normal,SYA2021_normal_grid_S0031,irrigation_positive_candidate,2021-07-13,194,89,84,"{""sim_day"": 89.0, ""doy"": 194.0, ""topwt"": 4781.61865234375, ""grnwt"": 0.0, ""xlai"": 2.786607027053833, ""totir"": 30.0, ""tofer"": NaN, ""swfac"": 0.0, ""nstres"": 0.0}",0.0,0.0,4781.61865234375,0.0,2.786607027053833,30.0,,0.0,0.0,30.0,180.0,40.815704345703125,52.815704345703125,Leave_One_experiments/all_year_offline_schedule_search/daily_outputs/SYA/SYA_2021_SYA2021_normal_grid_S0031_daily.csv
SYA,SYA,Shenyang,2021,Leave_One_experiments\wth_generated_qc\SYA\SYA2021.WTH,normal_year;nitrogen_stress_year;low_response_year,normal,SYA2021_normal_grid_S0031,irrigation_positive_candidate,2021-07-14,195,90,85,"{""sim_day"": 90.0, ""doy"": 195.0, ""topwt"": 4985.455932617188, ""grnwt"": 0.0, ""xlai"": 2.8377246856689453, ""totir"": 30.0, ""tofer"": NaN, ""swfac"": 0.0, ""nstres"": 0.0}",0.0,0.0,4985.455932617188,0.0,2.8377246856689453,30.0,,0.0,0.0,30.0,180.0,40.815704345703125,52.815704345703125,Leave_One_experiments/all_year_offline_schedule_search/daily_outputs/SYA/SYA_2021_SYA2021_normal_grid_S0031_daily.csv
SYA,SYA,Shenyang,2021,Leave_One_experiments\wth_generated_qc\SYA\SYA2021.WTH,normal_year;nitrogen_stress_year;low_response_year,normal,SYA2021_normal_grid_S0031,irrigation_positive_candidate,2021-07-15,196,91,86,"{""sim_day"": 91.0, ""doy"": 196.0, ""topwt"": 5414.966430664063, ""grnwt"": 0.0, ""xlai"": 2.6963179111480717, ""totir"": 30.0, ""tofer"": NaN, ""swfac"": 0.0, ""nstres"": 0.0}",0.0,0.0,5414.966430664063,0.0,2.6963179111480717,30.0,,0.0,0.0,30.0,180.0,40.815704345703125,52.815704345703125,Leave_One_experiments/all_year_offline_schedule_search/daily_outputs/SYA/SYA_2021_SYA2021_normal_grid_S0031_daily.csv
SYA,SYA,Shenyang,2021,Leave_One_experiments\wth_generated_qc\SYA\SYA2021.WTH,normal_year;nitrogen_stress_year;low_response_year,normal,SYA2021_normal_grid_S0031,irrigation_positive_candidate,2021-07-16,197,92,87,"{""sim_day"": 92.0, ""doy"": 197.0, ""topwt"": 5836.7236328125, ""grnwt"": 0.0, ""xlai"": 2.682847738265991, ""totir"": 30.0, ""tofer"": NaN, ""swfac"": 0.0, ""nstres"": 0.0}",0.0,0.0,5836.7236328125,0.0,2.682847738265991,30.0,,0.0,0.0,30.0,180.0,40.815704345703125,52.815704345703125,Leave_One_experiments/all_year_offline_schedule_search/daily_outputs/SYA/SYA_2021_SYA2021_normal_grid_S0031_daily.csv
SYA,SYA,Shenyang,2021,Leave_One_experiments\wth_generated_qc\SYA\SYA2021.WTH,normal_year;nitrogen_stress_year;low_response_year,normal,SYA2021_normal_grid_S0031,irrigation_positive_candidate,2021-07-17,198,93,88,"{""sim_day"": 93.0, ""doy"": 198.0, ""topwt"": 6208.074951171875, ""grnwt"": 0.0, ""xlai"": 2.6694488525390625, ""totir"": 30.0, ""tofer"": NaN, ""swfac"": 0.0, ""nstres"": 0.0}",0.0,0.0,6208.074951171875,0.0,2.6694488525390625,30.0,,0.0,0.0,30.0,180.0,40.815704345703125,52.815704345703125,Leave_One_experiments/all_year_offline_schedule_search/daily_outputs/SYA/SYA_2021_SYA2021_normal_grid_S0031_daily.csv
SYA,SYA,Shenyang,2021,Leave_One_experiments\wth_generated_qc\SYA\SYA2021.WTH,normal_year;nitrogen_stress_year;low_response_year,normal,SYA2021_normal_grid_S0031,irrigation_positive_candidate,2021-07-18,199,94,89,"{""sim_day"": 94.0, ""doy"": 199.0, ""topwt"": 6583.3056640625, ""grnwt"": 0.0, ""xlai"": 2.656050205230713, ""totir"": 30.0, ""tofer"": NaN, ""swfac"": 0.0, ""nstres"": 0.0}",0.0,0.0,6583.3056640625,0.0,2.656050205230713,30.0,,0.0,0.0,30.0,180.0,40.815704345703125,52.815704345703125,Leave_One_experiments/all_year_offline_schedule_search/daily_outputs/SYA/SYA_2021_SYA2021_normal_grid_S0031_daily.csv
SYA,SYA,Shenyang,2021,Leave_One_experiments\wth_generated_qc\SYA\SYA2021.WTH,normal_year;nitrogen_stress_year;low_response_year,normal,SYA2021_normal_grid_S0031,irrigation_positive_candidate,2021-07-19,200,95,90,"{""sim_day"": 95.0, ""doy"": 200.0, ""topwt"": 6925.2783203125, ""grnwt"": 0.0, ""xlai"": 2.6429362297058105, ""totir"": 30.0, ""tofer"": NaN, ""swfac"": 0.0, ""nstres"": 0.0}",0.0,0.0,6925.2783203125,0.0,2.6429362297058105,30.0,,0.0,0.0,30.0,180.0,40.815704345703125,52.815704345703125,Leave_One_experiments/all_year_offline_schedule_search/daily_outputs/SYA/SYA_2021_SYA2021_normal_grid_S0031_daily.csv
SYA,SYA,Shenyang,2021,Leave_One_experiments\wth_generated_qc\SYA\SYA2021.WTH,normal_year;nitrogen_stress_year;low_response_year,normal,SYA2021_normal_grid_S0031,irrigation_positive_candidate,2021-07-20,201,96,91,"{""sim_day"": 96.0, ""doy"": 201.0, ""topwt"": 7207.027587890625, ""grnwt"": 0.0, ""xlai"": 2.6292521953582764, ""totir"": 30.0, ""tofer"": NaN, ""swfac"": 0.0, ""nstres"": 0.0}",0.0,0.0,7207.027587890625,0.0,2.6292521953582764,30.0,,0.0,0.0,30.0,180.0,40.815704345703125,52.815704345703125,Leave_One_experiments/all_year_offline_schedule_search/daily_outputs/SYA/SYA_2021_SYA2021_normal_grid_S0031_daily.csv
SYA,SYA,Shenyang,2021,Leave_One_experiments\wth_generated_qc\SYA\SYA2021.WTH,normal_year;nitrogen_stress_year;low_response_year,normal,SYA2021_normal_grid_S0031,irrigation_positive_candidate,2021-07-21,202,97,92,"{""sim_day"": 97.0, ""doy"": 202.0, ""topwt"": 7438.7042236328125, ""grnwt"": 0.0, ""xlai"": 2.6148910522460938, ""totir"": 30.0, ""tofer"": NaN, ""swfac"": 0.0, ""nstres"": 0.0}",0.0,0.0,7438.7042236328125,0.0,2.6148910522460938,30.0,,0.0,0.0,30.0,180.0,40.815704345703125,52.815704345703125,Leave_One_experiments/all_year_offline_schedule_search/daily_outputs/SYA/SYA_2021_SYA2021_normal_grid_S0031_daily.csv
SYA,SYA,Shenyang,2021,Leave_One_experiments\wth_generated_qc\SYA\SYA2021.WTH,normal_year;nitrogen_stress_year;low_response_year,normal,SYA2021_normal_grid_S0031,irrigation_positive_candidate,2021-07-22,203,98,93,"{""sim_day"": 98.0, ""doy"": 203.0, ""topwt"": 7721.31103515625, ""grnwt"": 0.0, ""xlai"": 2.600850820541382, ""totir"": 30.0, ""tofer"": NaN, ""swfac"": 0.0, ""nstres"": 0.0}",0.0,0.0,7721.31103515625,0.0,2.600850820541382,30.0,,0.0,0.0,30.0,180.0,40.815704345703125,52.815704345703125,Leave_One_experiments/all_year_offline_schedule_search/daily_outputs/SYA/SYA_2021_SYA2021_normal_grid_S0031_daily.csv
SYA,SYA,Shenyang,2021,Leave_One_experiments\wth_generated_qc\SYA\SYA2021.WTH,normal_year;nitrogen_stress_year;low_response_year,normal,SYA2021_normal_grid_S0031,irrigation_positive_candidate,2021-07-23,204,99,94,"{""sim_day"": 99.0, ""doy"": 204.0, ""topwt"": 8039.1070556640625, ""grnwt"": 317.79529571533203, ""xlai"": 2.548431158065796, ""totir"": 30.0, ""tofer"": NaN, ""swfac"": 0.0, ""nstres"": 0.0}",0.0,0.0,8039.1070556640625,317.79529571533203,2.548431158065796,30.0,,0.0,0.0,30.0,180.0,40.815704345703125,52.815704345703125,Leave_One_experiments/all_year_offline_schedule_search/daily_outputs/SYA/SYA_2021_SYA2021_normal_grid_S0031_daily.csv
SYA,SYA,Shenyang,2021,Leave_One_experiments\wth_generated_qc\SYA\SYA2021.WTH,normal_year;nitrogen_stress_year;low_response_year,normal,SYA2021_normal_grid_S0031,irrigation_positive_candidate,2021-07-24,205,100,95,"{""sim_day"": 100.0, ""doy"": 205.0, ""topwt"": 8382.605590820312, ""grnwt"": 661.2946319580078, ""xlai"": 2.541750192642212, ""totir"": 30.0, ""tofer"": NaN, ""swfac"": 0.0, ""nstres"": 0.0}",0.0,0.0,8382.605590820312,661.2946319580078,2.541750192642212,30.0,,0.0,0.0,30.0,180.0,40.815704345703125,52.815704345703125,Leave_One_experiments/all_year_offline_schedule_search/daily_outputs/SYA/SYA_2021_SYA2021_normal_grid_S0031_daily.csv
SYA,SYA,Shenyang,2021,Leave_One_experiments\wth_generated_qc\SYA\SYA2021.WTH,normal_year;nitrogen_stress_year;low_response_year,normal,SYA2021_normal_grid_S0031,irrigation_positive_candidate,2021-07-25,206,101,96,"{""sim_day"": 101.0, ""doy"": 206.0, ""topwt"": 8738.9111328125, ""grnwt"": 1021.1510467529296, ""xlai"": 2.5336992740631104, ""totir"": 30.0, ""tofer"": NaN, ""swfac"": 0.0, ""nstres"": 0.0}",0.0,0.0,8738.9111328125,1021.1510467529296,2.5336992740631104,30.0,,0.0,0.0,30.0,180.0,40.815704345703125,52.815704345703125,Leave_One_experiments/all_year_offline_schedule_search/daily_outputs/SYA/SYA_2021_SYA2021_normal_grid_S0031_daily.csv
SYA,SYA,Shenyang,2021,Leave_One_experiments\wth_generated_qc\SYA\SYA2021.WTH,normal_year;nitrogen_stress_year;low_response_year,normal,SYA2021_normal_grid_S0031,irrigation_positive_candidate,2021-07-26,207,102,97,"{""sim_day"": 102.0, ""doy"": 207.0, ""topwt"": 9064.931030273438, ""grnwt"": 1343.6198425292969, ""xlai"": 2.5235846042633057, ""totir"": 30.0, ""tofer"": NaN, ""swfac"": 0.0, ""nstres"": 0.0}",0.0,0.0,9064.931030273438,1343.6198425292969,2.5235846042633057,30.0,,0.0,0.0,30.0,180.0,40.815704345703125,52.815704345703125,Leave_One_experiments/all_year_offline_schedule_search/daily_outputs/SYA/SYA_2021_SYA2021_normal_grid_S0031_daily.csv
SYA,SYA,Shenyang,2021,Leave_One_experiments\wth_generated_qc\SYA\SYA2021.WTH,normal_year;nitrogen_stress_year;low_response_year,normal,SYA2021_normal_grid_S0031,irrigation_positive_candidate,2021-07-27,208,103,98,"{""sim_day"": 103.0, ""doy"": 208.0, ""topwt"": 9361.695556640623, ""grnwt"": 1640.3848266601562, ""xlai"": 2.511194229125977, ""totir"": 30.0, ""tofer"": NaN, ""swfac"": 0.0, ""nstres"": 0.0}",0.0,0.0,9361.695556640623,1640.3848266601562,2.511194229125977,30.0,,0.0,0.0,30.0,180.0,40.815704345703125,52.815704345703125,Leave_One_experiments/all_year_offline_schedule_search/daily_outputs/SYA/SYA_2021_SYA2021_normal_grid_S0031_daily.csv
SYA,SYA,Shenyang,2021,Leave_One_experiments\wth_generated_qc\SYA\SYA2021.WTH,normal_year;nitrogen_stress_year;low_response_year,normal,SYA2021_normal_grid_S0031,irrigation_positive_candidate,2021-07-28,209,104,99,"{""sim_day"": 104.0, ""doy"": 209.0, ""topwt"": 9604.834594726562, ""grnwt"": 1974.5372009277344, ""xlai"": 2.497179746627808, ""totir"": 30.0, ""tofer"": NaN, ""swfac"": 0.0, ""nstres"": 0.0}",0.0,0.0,9604.834594726562,1974.5372009277344,2.497179746627808,30.0,,0.0,0.0,30.0,180.0,40.815704345703125,52.815704345703125,Leave_One_experiments/all_year_offline_schedule_search/daily_outputs/SYA/SYA_2021_SYA2021_normal_grid_S0031_daily.csv
SYA,SYA,Shenyang,2021,Leave_One_experiments\wth_generated_qc\SYA\SYA2021.WTH,normal_year;nitrogen_stress_year;low_response_year,normal,SYA2021_normal_grid_S0031,irrigation_positive_candidate,2021-07-29,210,105,100,"{""sim_day"": 105.0, ""doy"": 210.0, ""topwt"": 9660.556640625, ""grnwt"": 2348.4141540527344, ""xlai"": 2.483722686767578, ""totir"": 30.0, ""tofer"": NaN, ""swfac"": 0.0, ""nstres"": 0.0}",0.0,0.0,9660.556640625,2348.4141540527344,2.483722686767578,30.0,,0.0,0.0,30.0,180.0,40.815704345703125,52.815704345703125,Leave_One_experiments/all_year_offline_schedule_search/daily_outputs/SYA/SYA_2021_SYA2021_normal_grid_S0031_daily.csv
SYA,SYA,Shenyang,2021,Leave_One_experiments\wth_generated_qc\SYA\SYA2021.WTH,normal_year;nitrogen_stress_year;low_response_year,normal,SYA2021_normal_grid_S0031,irrigation_positive_candidate,2021-07-30,211,106,101,"{""sim_day"": 106.0, ""doy"": 211.0, ""topwt"": 9805.872192382812, ""grnwt"": 2722.290954589844, ""xlai"": 2.4674065113067627, ""totir"": 30.0, ""tofer"": NaN, ""swfac"": 0.0, ""nstres"": 0.0}",0.0,0.0,9805.872192382812,2722.290954589844,2.4674065113067627,30.0,,0.0,0.0,30.0,180.0,40.815704345703125,52.815704345703125,Leave_One_experiments/all_year_offline_schedule_search/daily_outputs/SYA/SYA_2021_SYA2021_normal_grid_S0031_daily.csv
SYA,SYA,Shenyang,2021,Leave_One_experiments\wth_generated_qc\SYA\SYA2021.WTH,normal_year;nitrogen_stress_year;low_response_year,normal,SYA2021_normal_grid_S0031,irrigation_positive_candidate,2021-07-31,212,107,102,"{""sim_day"": 107.0, ""doy"": 212.0, ""topwt"": 10074.342041015623, ""grnwt"": 3096.1676025390625, ""xlai"": 2.4485700130462646, ""totir"": 30.0, ""tofer"": NaN, ""swfac"": 0.0, ""nstres"": 0.0}",0.0,0.0,10074.342041015623,3096.1676025390625,2.4485700130462646,30.0,,0.0,0.0,30.0,180.0,40.815704345703125,52.815704345703125,Leave_One_experiments/all_year_offline_schedule_search/daily_outputs/SYA/SYA_2021_SYA2021_normal_grid_S0031_daily.csv
SYA,SYA,Shenyang,2021,Leave_One_experiments\wth_generated_qc\SYA\SYA2021.WTH,normal_year;nitrogen_stress_year;low_response_year,normal,SYA2021_normal_grid_S0031,irrigation_positive_candidate,2021-08-01,213,108,103,"{""sim_day"": 108.0, ""doy"": 213.0, ""topwt"": 10272.25341796875, ""grnwt"": 3470.0445556640625, ""xlai"": 2.430182933807373, ""totir"": 30.0, ""tofer"": NaN, ""swfac"": 0.0, ""nstres"": 0.0}",0.0,0.0,10272.25341796875,3470.0445556640625,2.430182933807373,30.0,,0.0,0.0,30.0,180.0,40.815704345703125,52.815704345703125,Leave_One_experiments/all_year_offline_schedule_search/daily_outputs/SYA/SYA_2021_SYA2021_normal_grid_S0031_daily.csv
SYA,SYA,Shenyang,2021,Leave_One_experiments\wth_generated_qc\SYA\SYA2021.WTH,normal_year;nitrogen_stress_year;low_response_year,normal,SYA2021_normal_grid_S0031,irrigation_positive_candidate,2021-08-02,214,109,104,"{""sim_day"": 109.0, ""doy"": 214.0, ""topwt"": 10558.565673828123, ""grnwt"": 3777.978515625, ""xlai"": 2.4108190536499023, ""totir"": 30.0, ""tofer"": NaN, ""swfac"": 0.0, ""nstres"": 0.0}",0.0,0.0,10558.565673828123,3777.978515625,2.4108190536499023,30.0,,0.0,0.0,30.0,180.0,40.815704345703125,52.815704345703125,Leave_One_experiments/all_year_offline_schedule_search/daily_outputs/SYA/SYA_2021_SYA2021_normal_grid_S0031_daily.csv
SYA,SYA,Shenyang,2021,Leave_One_experiments\wth_generated_qc\SYA\SYA2021.WTH,normal_year;nitrogen_stress_year;low_response_year,normal,SYA2021_normal_grid_S0031,irrigation_positive_candidate,2021-08-03,215,110,105,"{""sim_day"": 110.0, ""doy"": 215.0, ""topwt"": 10842.5244140625, ""grnwt"": 4061.9378662109375, ""xlai"": 2.3868982791900635, ""totir"": 30.0, ""tofer"": NaN, ""swfac"": 0.0, ""nstres"": 0.0}",0.0,0.0,10842.5244140625,4061.9378662109375,2.3868982791900635,30.0,,0.0,0.0,30.0,180.0,40.815704345703125,52.815704345703125,Leave_One_experiments/all_year_offline_schedule_search/daily_outputs/SYA/SYA_2021_SYA2021_normal_grid_S0031_daily.csv
SYA,SYA,Shenyang,2021,Leave_One_experiments\wth_generated_qc\SYA\SYA2021.WTH,normal_year;nitrogen_stress_year;low_response_year,normal,SYA2021_normal_grid_S0031,irrigation_positive_candidate,2021-08-04,216,111,106,"{""sim_day"": 111.0, ""doy"": 216.0, ""topwt"": 10969.835205078123, ""grnwt"": 4189.247741699219, ""xlai"": 2.361422300338745, ""totir"": 30.0, ""tofer"": NaN, ""swfac"": 0.0, ""nstres"": 0.0}",0.0,0.0,10969.835205078123,4189.247741699219,2.361422300338745,30.0,,0.0,0.0,30.0,180.0,40.815704345703125,52.815704345703125,Leave_One_experiments/all_year_offline_schedule_search/daily_outputs/SYA/SYA_2021_SYA2021_normal_grid_S0031_daily.csv
SYA,SYA,Shenyang,2021,Leave_One_experiments\wth_generated_qc\SYA\SYA2021.WTH,normal_year;nitrogen_stress_year;low_response_year,normal,SYA2021_normal_grid_S0031,irrigation_positive_candidate,2021-08-05,217,112,107,"{""sim_day"": 112.0, ""doy"": 217.0, ""topwt"": 11329.097900390623, ""grnwt"": 4548.510437011719, ""xlai"": 2.3339779376983643, ""totir"": 30.0, ""tofer"": NaN, ""swfac"": 0.0, ""nstres"": 0.0}",0.0,0.0,11329.097900390623,4548.510437011719,2.3339779376983643,30.0,,0.0,0.0,30.0,180.0,40.815704345703125,52.815704345703125,Leave_One_experiments/all_year_offline_schedule_search/daily_outputs/SYA/SYA_2021_SYA2021_normal_grid_S0031_daily.csv
SYA,SYA,Shenyang,2021,Leave_One_experiments\wth_generated_qc\SYA\SYA2021.WTH,normal_year;nitrogen_stress_year;low_response_year,normal,SYA2021_normal_grid_S0031,irrigation_positive_candidate,2021-08-06,218,113,108,"{""sim_day"": 113.0, ""doy"": 218.0, ""topwt"": 11714.158935546877, ""grnwt"": 4922.387390136719, ""xlai"": 2.305014371871948, ""totir"": 30.0, ""tofer"": NaN, ""swfac"": 0.0, ""nstres"": 0.0}",0.0,0.0,11714.158935546877,4922.387390136719,2.305014371871948,30.0,,0.0,0.0,30.0,180.0,40.815704345703125,52.815704345703125,Leave_One_experiments/all_year_offline_schedule_search/daily_outputs/SYA/SYA_2021_SYA2021_normal_grid_S0031_daily.csv
SYA,SYA,Shenyang,2021,Leave_One_experiments\wth_generated_qc\SYA\SYA2021.WTH,normal_year;nitrogen_stress_year;low_response_year,normal,SYA2021_normal_grid_S0031,irrigation_positive_candidate,2021-08-07,219,114,109,"{""sim_day"": 114.0, ""doy"": 219.0, ""topwt"": 12120.953369140623, ""grnwt"": 5296.2640380859375, ""xlai"": 2.271529197692871, ""totir"": 30.0, ""tofer"": NaN, ""swfac"": 0.0, ""nstres"": 0.0}",0.0,0.0,12120.953369140623,5296.2640380859375,2.271529197692871,30.0,,0.0,0.0,30.0,180.0,40.815704345703125,52.815704345703125,Leave_One_experiments/all_year_offline_schedule_search/daily_outputs/SYA/SYA_2021_SYA2021_normal_grid_S0031_daily.csv
SYA,SYA,Shenyang,2021,Leave_One_experiments\wth_generated_qc\SYA\SYA2021.WTH,normal_year;nitrogen_stress_year;low_response_year,normal,SYA2021_normal_grid_S0031,irrigation_positive_candidate,2021-08-08,220,115,110,"{""sim_day"": 115.0, ""doy"": 220.0, ""topwt"": 12337.095947265623, ""grnwt"": 5556.507568359375, ""xlai"": 2.236268997192383, ""totir"": 30.0, ""tofer"": NaN, ""swfac"": 0.0, ""nstres"": 0.0}",0.0,0.0,12337.095947265623,5556.507568359375,2.236268997192383,30.0,,0.0,0.0,30.0,180.0,40.815704345703125,52.815704345703125,Leave_One_experiments/all_year_offline_schedule_search/daily_outputs/SYA/SYA_2021_SYA2021_normal_grid_S0031_daily.csv
SYA,SYA,Shenyang,2021,Leave_One_experiments\wth_generated_qc\SYA\SYA2021.WTH,normal_year;nitrogen_stress_year;low_response_year,normal,SYA2021_normal_grid_S0031,irrigation_positive_candidate,2021-08-09,221,116,111,"{""sim_day"": 116.0, ""doy"": 221.0, ""topwt"": 12597.454833984377, ""grnwt"": 5816.866455078125, ""xlai"": 2.202705144882202, ""totir"": 30.0, ""tofer"": NaN, ""swfac"": 0.0, ""nstres"": 0.0}",0.0,0.0,12597.454833984377,5816.866455078125,2.202705144882202,30.0,,0.0,0.0,30.0,180.0,40.815704345703125,52.815704345703125,Leave_One_experiments/all_year_offline_schedule_search/daily_outputs/SYA/SYA_2021_SYA2021_normal_grid_S0031_daily.csv
SYA,SYA,Shenyang,2021,Leave_One_experiments\wth_generated_qc\SYA\SYA2021.WTH,normal_year;nitrogen_stress_year;low_response_year,normal,SYA2021_normal_grid_S0031,irrigation_positive_candidate,2021-08-10,222,117,112,"{""sim_day"": 117.0, ""doy"": 222.0, ""topwt"": 12842.523193359377, ""grnwt"": 6061.934814453125, ""xlai"": 2.1692686080932617, ""totir"": 30.0, ""tofer"": NaN, ""swfac"": 0.0, ""nstres"": 0.0}",0.0,0.0,12842.523193359377,6061.934814453125,2.1692686080932617,30.0,,0.0,0.0,30.0,180.0,40.815704345703125,52.815704345703125,Leave_One_experiments/all_year_offline_schedule_search/daily_outputs/SYA/SYA_2021_SYA2021_normal_grid_S0031_daily.csv
SYA,SYA,Shenyang,2021,Leave_One_experiments\wth_generated_qc\SYA\SYA2021.WTH,normal_year;nitrogen_stress_year;low_response_year,normal,SYA2021_normal_grid_S0031,irrigation_positive_candidate,2021-08-11,223,118,113,"{""sim_day"": 118.0, ""doy"": 223.0, ""topwt"": 12983.878173828123, ""grnwt"": 6203.2904052734375, ""xlai"": 2.136040687561035, ""totir"": 30.0, ""tofer"": NaN, ""swfac"": 0.0, ""nstres"": 0.0}",0.0,0.0,12983.878173828123,6203.2904052734375,2.136040687561035,30.0,,0.0,0.0,30.0,180.0,40.815704345703125,52.815704345703125,Leave_One_experiments/all_year_offline_schedule_search/daily_outputs/SYA/SYA_2021_SYA2021_normal_grid_S0031_daily.csv
SYA,SYA,Shenyang,2021,Leave_One_experiments\wth_generated_qc\SYA\SYA2021.WTH,normal_year;nitrogen_stress_year;low_response_year,normal,SYA2021_normal_grid_S0031,irrigation_positive_candidate,2021-08-12,224,119,114,"{""sim_day"": 119.0, ""doy"": 224.0, ""topwt"": 13298.629150390623, ""grnwt"": 6518.040771484375, ""xlai"": 2.1023664474487305, ""totir"": 30.0, ""tofer"": NaN, ""swfac"": 0.0, ""nstres"": 0.0}",0.0,0.0,13298.629150390623,6518.040771484375,2.1023664474487305,30.0,,0.0,0.0,30.0,180.0,40.815704345703125,52.815704345703125,Leave_One_experiments/all_year_offline_schedule_search/daily_outputs/SYA/SYA_2021_SYA2021_normal_grid_S0031_daily.csv
SYA,SYA,Shenyang,2021,Leave_One_experiments\wth_generated_qc\SYA\SYA2021.WTH,normal_year;nitrogen_stress_year;low_response_year,normal,SYA2021_normal_grid_S0031,irrigation_positive_candidate,2021-08-13,225,120,115,"{""sim_day"": 120.0, ""doy"": 225.0, ""topwt"": 13680.61279296875, ""grnwt"": 6891.917724609375, ""xlai"": 2.064976215362549, ""totir"": 30.0, ""tofer"": NaN, ""swfac"": 0.0, ""nstres"": 0.0}",0.0,0.0,13680.61279296875,6891.917724609375,2.064976215362549,30.0,,0.0,0.0,30.0,180.0,40.815704345703125,52.815704345703125,Leave_One_experiments/all_year_offline_schedule_search/daily_outputs/SYA/SYA_2021_SYA2021_normal_grid_S0031_daily.csv
SYA,SYA,Shenyang,2021,Leave_One_experiments\wth_generated_qc\SYA\SYA2021.WTH,normal_year;nitrogen_stress_year;low_response_year,normal,SYA2021_normal_grid_S0031,irrigation_positive_candidate,2021-08-14,226,121,116,"{""sim_day"": 121.0, ""doy"": 226.0, ""topwt"": 13962.74658203125, ""grnwt"": 7182.1575927734375, ""xlai"": 2.020037651062012, ""totir"": 30.0, ""tofer"": NaN, ""swfac"": 0.0, ""nstres"": 0.0}",0.0,0.0,13962.74658203125,7182.1575927734375,2.020037651062012,30.0,,0.0,0.0,30.0,180.0,40.815704345703125,52.815704345703125,Leave_One_experiments/all_year_offline_schedule_search/daily_outputs/SYA/SYA_2021_SYA2021_normal_grid_S0031_daily.csv
SYA,SYA,Shenyang,2021,Leave_One_experiments\wth_generated_qc\SYA\SYA2021.WTH,normal_year;nitrogen_stress_year;low_response_year,normal,SYA2021_normal_grid_S0031,irrigation_positive_candidate,2021-08-15,227,122,117,"{""sim_day"": 122.0, ""doy"": 227.0, ""topwt"": 14127.957763671877, ""grnwt"": 7347.3687744140625, ""xlai"": 1.9740890264511108, ""totir"": 30.0, ""tofer"": NaN, ""swfac"": 0.0, ""nstres"": 0.0}",0.0,0.0,14127.957763671877,7347.3687744140625,1.9740890264511108,30.0,,0.0,0.0,30.0,180.0,40.815704345703125,52.815704345703125,Leave_One_experiments/all_year_offline_schedule_search/daily_outputs/SYA/SYA_2021_SYA2021_normal_grid_S0031_daily.csv
SYA,SYA,Shenyang,2021,Leave_One_experiments\wth_generated_qc\SYA\SYA2021.WTH,normal_year;nitrogen_stress_year;low_response_year,normal,SYA2021_normal_grid_S0031,irrigation_positive_candidate,2021-08-16,228,123,118,"{""sim_day"": 123.0, ""doy"": 228.0, ""topwt"": 14337.27294921875, ""grnwt"": 7556.6845703125, ""xlai"": 1.9269787073135376, ""totir"": 30.0, ""tofer"": NaN, ""swfac"": 0.0, ""nstres"": 0.0}",0.0,0.0,14337.27294921875,7556.6845703125,1.9269787073135376,30.0,,0.0,0.0,30.0,180.0,40.815704345703125,52.815704345703125,Leave_One_experiments/all_year_offline_schedule_search/daily_outputs/SYA/SYA_2021_SYA2021_normal_grid_S0031_daily.csv
SYA,SYA,Shenyang,2021,Leave_One_experiments\wth_generated_qc\SYA\SYA2021.WTH,normal_year;nitrogen_stress_year;low_response_year,normal,SYA2021_normal_grid_S0031,irrigation_positive_candidate,2021-08-17,229,124,119,"{""sim_day"": 124.0, ""doy"": 229.0, ""topwt"": 14646.201171875, ""grnwt"": 7865.6121826171875, ""xlai"": 1.8735312223434448, ""totir"": 30.0, ""tofer"": NaN, ""swfac"": 0.0, ""nstres"": 0.0}",0.0,0.0,14646.201171875,7865.6121826171875,1.8735312223434448,30.0,,0.0,0.0,30.0,180.0,40.815704345703125,52.815704345703125,Leave_One_experiments/all_year_offline_schedule_search/daily_outputs/SYA/SYA_2021_SYA2021_normal_grid_S0031_daily.csv
SYA,SYA,Shenyang,2021,Leave_One_experiments\wth_generated_qc\SYA\SYA2021.WTH,normal_year;nitrogen_stress_year;low_response_year,normal,SYA2021_normal_grid_S0031,irrigation_positive_candidate,2021-08-18,230,125,120,"{""sim_day"": 125.0, ""doy"": 230.0, ""topwt"": 14960.694580078123, ""grnwt"": 8180.106811523437, ""xlai"": 1.814184546470642, ""totir"": 30.0, ""tofer"": NaN, ""swfac"": 0.0, ""nstres"": 0.0}",0.0,0.0,14960.694580078123,8180.106811523437,1.814184546470642,30.0,,0.0,0.0,30.0,180.0,40.815704345703125,52.815704345703125,Leave_One_experiments/all_year_offline_schedule_search/daily_outputs/SYA/SYA_2021_SYA2021_normal_grid_S0031_daily.csv
SYA,SYA,Shenyang,2021,Leave_One_experiments\wth_generated_qc\SYA\SYA2021.WTH,normal_year;nitrogen_stress_year;low_response_year,normal,SYA2021_normal_grid_S0031,irrigation_positive_candidate,2021-08-19,231,126,121,"{""sim_day"": 126.0, ""doy"": 231.0, ""topwt"": 15039.300537109377, ""grnwt"": 8258.712768554688, ""xlai"": 1.762572169303894, ""totir"": 30.0, ""tofer"": NaN, ""swfac"": 0.0, ""nstres"": 0.0}",0.0,0.0,15039.300537109377,8258.712768554688,1.762572169303894,30.0,,0.0,0.0,30.0,180.0,40.815704345703125,52.815704345703125,Leave_One_experiments/all_year_offline_schedule_search/daily_outputs/SYA/SYA_2021_SYA2021_normal_grid_S0031_daily.csv
SYA,SYA,Shenyang,2021,Leave_One_experiments\wth_generated_qc\SYA\SYA2021.WTH,normal_year;nitrogen_stress_year;low_response_year,normal,SYA2021_normal_grid_S0031,irrigation_positive_candidate,2021-08-20,232,127,122,"{""sim_day"": 127.0, ""doy"": 232.0, ""topwt"": 15296.619873046877, ""grnwt"": 8516.03271484375, ""xlai"": 1.7010493278503418, ""totir"": 30.0, ""tofer"": NaN, ""swfac"": 0.0, ""nstres"": 0.0}",0.0,0.0,15296.619873046877,8516.03271484375,1.7010493278503418,30.0,,0.0,0.0,30.0,180.0,40.815704345703125,52.815704345703125,Leave_One_experiments/all_year_offline_schedule_search/daily_outputs/SYA/SYA_2021_SYA2021_normal_grid_S0031_daily.csv
SYA,SYA,Shenyang,2021,Leave_One_experiments\wth_generated_qc\SYA\SYA2021.WTH,normal_year;nitrogen_stress_year;low_response_year,normal,SYA2021_normal_grid_S0031,irrigation_positive_candidate,2021-08-21,233,128,123,"{""sim_day"": 128.0, ""doy"": 233.0, ""topwt"": 15595.443115234377, ""grnwt"": 8814.855346679688, ""xlai"": 1.6327826976776123, ""totir"": 30.0, ""tofer"": NaN, ""swfac"": 0.0, ""nstres"": 0.0089253187179565}",0.0,0.0089253187179565,15595.443115234377,8814.855346679688,1.6327826976776123,30.0,,0.0,0.0,30.0,180.0,40.815704345703125,52.815704345703125,Leave_One_experiments/all_year_offline_schedule_search/daily_outputs/SYA/SYA_2021_SYA2021_normal_grid_S0031_daily.csv
SYA,SYA,Shenyang,2021,Leave_One_experiments\wth_generated_qc\SYA\SYA2021.WTH,normal_year;nitrogen_stress_year;low_response_year,normal,SYA2021_normal_grid_S0031,irrigation_positive_candidate,2021-08-22,234,129,124,"{""sim_day"": 129.0, ""doy"": 234.0, ""topwt"": 15837.703857421877, ""grnwt"": 9057.116088867188, ""xlai"": 1.5495859384536743, ""totir"": 30.0, ""tofer"": NaN, ""swfac"": 0.0, ""nstres"": 0.0608124732971191}",0.0,0.0608124732971191,15837.703857421877,9057.116088867188,1.5495859384536743,30.0,,0.0,0.0,30.0,180.0,40.815704345703125,52.815704345703125,Leave_One_experiments/all_year_offline_schedule_search/daily_outputs/SYA/SYA_2021_SYA2021_normal_grid_S0031_daily.csv
SYA,SYA,Shenyang,2021,Leave_One_experiments\wth_generated_qc\SYA\SYA2021.WTH,normal_year;nitrogen_stress_year;low_response_year,normal,SYA2021_normal_grid_S0031,irrigation_positive_candidate,2021-08-23,235,130,125,"{""sim_day"": 130.0, ""doy"": 235.0, ""topwt"": 15913.65234375, ""grnwt"": 9133.064575195312, ""xlai"": 1.4851782321929932, ""totir"": 30.0, ""tofer"": NaN, ""swfac"": 0.0, ""nstres"": 0.0969963073730468}",0.0,0.0969963073730468,15913.65234375,9133.064575195312,1.4851782321929932,30.0,,0.0,0.0,30.0,180.0,40.815704345703125,52.815704345703125,Leave_One_experiments/all_year_offline_schedule_search/daily_outputs/SYA/SYA_2021_SYA2021_normal_grid_S0031_daily.csv
SYA,SYA,Shenyang,2021,Leave_One_experiments\wth_generated_qc\SYA\SYA2021.WTH,normal_year;nitrogen_stress_year;low_response_year,normal,SYA2021_normal_grid_S0031,irrigation_positive_candidate,2021-08-24,236,131,126,"{""sim_day"": 131.0, ""doy"": 236.0, ""topwt"": 16147.366943359377, ""grnwt"": 9366.777954101562, ""xlai"": 1.4131219387054443, ""totir"": 30.0, ""tofer"": NaN, ""swfac"": 0.0, ""nstres"": 0.0885603427886962}",0.0,0.0885603427886962,16147.366943359377,9366.777954101562,1.4131219387054443,30.0,,0.0,0.0,30.0,180.0,40.815704345703125,52.815704345703125,Leave_One_experiments/all_year_offline_schedule_search/daily_outputs/SYA/SYA_2021_SYA2021_normal_grid_S0031_daily.csv
SYA,SYA,Shenyang,2021,Leave_One_experiments\wth_generated_qc\SYA\SYA2021.WTH,normal_year;nitrogen_stress_year;low_response_year,normal,SYA2021_normal_grid_S0031,irrigation_positive_candidate,2021-08-25,237,132,127,"{""sim_day"": 132.0, ""doy"": 237.0, ""topwt"": 16376.292724609377, ""grnwt"": 9595.704345703123, ""xlai"": 1.337149977684021, ""totir"": 30.0, ""tofer"": NaN, ""swfac"": 0.0, ""nstres"": 0.1343826651573181}",0.0,0.1343826651573181,16376.292724609377,9595.704345703123,1.337149977684021,30.0,,0.0,0.0,30.0,180.0,40.815704345703125,52.815704345703125,Leave_One_experiments/all_year_offline_schedule_search/daily_outputs/SYA/SYA_2021_SYA2021_normal_grid_S0031_daily.csv
SYA,SYA,Shenyang,2021,Leave_One_experiments\wth_generated_qc\SYA\SYA2021.WTH,normal_year;nitrogen_stress_year;low_response_year,normal,SYA2021_normal_grid_S0031,irrigation_positive_candidate,2021-08-26,238,133,128,"{""sim_day"": 133.0, ""doy"": 238.0, ""topwt"": 16639.422607421875, ""grnwt"": 9858.833618164062, ""xlai"": 1.2551945447921753, ""totir"": 30.0, ""tofer"": NaN, ""swfac"": 0.0, ""nstres"": 0.1745297312736511}",0.0,0.1745297312736511,16639.422607421875,9858.833618164062,1.2551945447921753,30.0,,0.0,0.0,30.0,180.0,40.815704345703125,52.815704345703125,Leave_One_experiments/all_year_offline_schedule_search/daily_outputs/SYA/SYA_2021_SYA2021_normal_grid_S0031_daily.csv
SYA,SYA,Shenyang,2021,Leave_One_experiments\wth_generated_qc\SYA\SYA2021.WTH,normal_year;nitrogen_stress_year;low_response_year,normal,SYA2021_normal_grid_S0031,irrigation_positive_candidate,2021-08-27,239,134,129,"{""sim_day"": 134.0, ""doy"": 239.0, ""topwt"": 16862.16064453125, ""grnwt"": 10081.570434570312, ""xlai"": 1.1784446239471436, ""totir"": 30.0, ""tofer"": NaN, ""swfac"": 0.0, ""nstres"": 0.2553887367248535}",0.0,0.2553887367248535,16862.16064453125,10081.570434570312,1.1784446239471436,30.0,,0.0,0.0,30.0,180.0,40.815704345703125,52.815704345703125,Leave_One_experiments/all_year_offline_schedule_search/daily_outputs/SYA/SYA_2021_SYA2021_normal_grid_S0031_daily.csv
SYA,SYA,Shenyang,2021,Leave_One_experiments\wth_generated_qc\SYA\SYA2021.WTH,normal_year;nitrogen_stress_year;low_response_year,normal,SYA2021_normal_grid_S0031,irrigation_positive_candidate,2021-08-28,240,135,130,"{""sim_day"": 135.0, ""doy"": 240.0, ""topwt"": 16862.16064453125, ""grnwt"": 10081.570434570312, ""xlai"": 1.1784446239471436, ""totir"": 30.0, ""tofer"": NaN, ""swfac"": 0.0, ""nstres"": 0.3426107168197632}",0.0,0.3426107168197632,16862.16064453125,10081.570434570312,1.1784446239471436,30.0,,0.0,0.0,30.0,180.0,40.815704345703125,52.815704345703125,Leave_One_experiments/all_year_offline_schedule_search/daily_outputs/SYA/SYA_2021_SYA2021_normal_grid_S0031_daily.csv
SYA,SYA,Shenyang,2021,Leave_One_experiments\wth_generated_qc\SYA\SYA2021.WTH,normal_year;nitrogen_stress_year;low_response_year,normal,SYA2021_normal_grid_S0031,irrigation_positive_candidate,2021-08-29,241,136,131,"{""sim_day"": 136.0, ""doy"": 241.0, ""topwt"": 16862.16064453125, ""grnwt"": 10081.570434570312, ""xlai"": 1.1784446239471436, ""totir"": 30.0, ""tofer"": NaN, ""swfac"": 0.0, ""nstres"": 0.3426107168197632}",0.0,0.3426107168197632,16862.16064453125,10081.570434570312,1.1784446239471436,30.0,,0.0,0.0,30.0,180.0,40.815704345703125,52.815704345703125,Leave_One_experiments/all_year_offline_schedule_search/daily_outputs/SYA/SYA_2021_SYA2021_normal_grid_S0031_daily.csv
SYA,SYA,Shenyang,2021,Leave_One_experiments\wth_generated_qc\SYA\SYA2021.WTH,normal_year;nitrogen_stress_year;low_response_year,normal,SYA2021_normal_grid_S0031,irrigation_positive_candidate,2021-08-30,242,137,132,"{""sim_day"": 137.0, ""doy"": 242.0, ""topwt"": 16862.16064453125, ""grnwt"": 10081.570434570312, ""xlai"": 1.1784446239471436, ""totir"": 30.0, ""tofer"": NaN, ""swfac"": 0.0, ""nstres"": 0.3426107168197632}",0.0,0.3426107168197632,16862.16064453125,10081.570434570312,1.1784446239471436,30.0,,0.0,0.0,30.0,180.0,40.815704345703125,52.815704345703125,Leave_One_experiments/all_year_offline_schedule_search/daily_outputs/SYA/SYA_2021_SYA2021_normal_grid_S0031_daily.csv
SYA,SYA,Shenyang,2021,Leave_One_experiments\wth_generated_qc\SYA\SYA2021.WTH,normal_year;nitrogen_stress_year;low_response_year,normal,SYA2021_normal_grid_S0031,irrigation_positive_candidate,2021-08-31,243,138,133,"{""sim_day"": 138.0, ""doy"": 243.0, ""topwt"": 16862.16064453125, ""grnwt"": 10081.570434570312, ""xlai"": 1.1784446239471436, ""totir"": 30.0, ""tofer"": NaN, ""swfac"": 0.0, ""nstres"": 0.3426107168197632}",0.0,0.3426107168197632,16862.16064453125,10081.570434570312,1.1784446239471436,30.0,,0.0,0.0,30.0,180.0,40.815704345703125,52.815704345703125,Leave_One_experiments/all_year_offline_schedule_search/daily_outputs/SYA/SYA_2021_SYA2021_normal_grid_S0031_daily.csv
SYA,SYA,Shenyang,2021,Leave_One_experiments\wth_generated_qc\SYA\SYA2021.WTH,normal_year;nitrogen_stress_year;low_response_year,normal,SYA2021_normal_grid_S0028,low_input_within_10pct_yield,2021-04-21,111,1,1,"{""sim_day"": 1.0, ""doy"": 111.0, ""topwt"": 0.0, ""grnwt"": 0.0, ""xlai"": 0.0, ""totir"": 0.0, ""tofer"": NaN, ""swfac"": 0.0, ""nstres"": 0.0}",0.0,0.0,0.0,0.0,0.0,0.0,,0.0,80.0,0.0,180.0,56.90764770507813,56.90764770507813,Leave_One_experiments/all_year_offline_schedule_search/daily_outputs/SYA/SYA_2021_SYA2021_normal_grid_S0028_daily.csv
SYA,SYA,Shenyang,2021,Leave_One_experiments\wth_generated_qc\SYA\SYA2021.WTH,normal_year;nitrogen_stress_year;low_response_year,normal,SYA2021_normal_grid_S0028,low_input_within_10pct_yield,2021-04-22,112,2,2,"{""sim_day"": 2.0, ""doy"": 112.0, ""topwt"": 0.0, ""grnwt"": 0.0, ""xlai"": 0.0, ""totir"": 0.0, ""tofer"": NaN, ""swfac"": 0.0, ""nstres"": 0.0}",0.0,0.0,0.0,0.0,0.0,0.0,,0.0,0.0,0.0,180.0,56.90764770507813,56.90764770507813,Leave_One_experiments/all_year_offline_schedule_search/daily_outputs/SYA/SYA_2021_SYA2021_normal_grid_S0028_daily.csv
SYA,SYA,Shenyang,2021,Leave_One_experiments\wth_generated_qc\SYA\SYA2021.WTH,normal_year;nitrogen_stress_year;low_response_year,normal,SYA2021_normal_grid_S0028,low_input_within_10pct_yield,2021-04-23,113,3,3,"{""sim_day"": 3.0, ""doy"": 113.0, ""topwt"": 0.0, ""grnwt"": 0.0, ""xlai"": 0.0, ""totir"": 0.0, ""tofer"": NaN, ""swfac"": 0.0, ""nstres"": 0.0}",0.0,0.0,0.0,0.0,0.0,0.0,,0.0,0.0,0.0,180.0,56.90764770507813,56.90764770507813,Leave_One_experiments/all_year_offline_schedule_search/daily_outputs/SYA/SYA_2021_SYA2021_normal_grid_S0028_daily.csv
SYA,SYA,Shenyang,2021,Leave_One_experiments\wth_generated_qc\SYA\SYA2021.WTH,normal_year;nitrogen_stress_year;low_response_year,normal,SYA2021_normal_grid_S0028,low_input_within_10pct_yield,2021-04-24,114,4,4,"{""sim_day"": 4.0, ""doy"": 114.0, ""topwt"": 0.0, ""grnwt"": 0.0, ""xlai"": 0.0, ""totir"": 0.0, ""tofer"": NaN, ""swfac"": 0.0, ""nstres"": 0.0}",0.0,0.0,0.0,0.0,0.0,0.0,,0.0,0.0,0.0,180.0,56.90764770507813,56.90764770507813,Leave_One_experiments/all_year_offline_schedule_search/daily_outputs/SYA/SYA_2021_SYA2021_normal_grid_S0028_daily.csv
SYA,SYA,Shenyang,2021,Leave_One_experiments\wth_generated_qc\SYA\SYA2021.WTH,normal_year;nitrogen_stress_year;low_response_year,normal,SYA2021_normal_grid_S0028,low_input_within_10pct_yield,2021-04-25,115,5,5,"{""sim_day"": 5.0, ""doy"": 115.0, ""topwt"": 0.0, ""grnwt"": 0.0, ""xlai"": 0.0, ""totir"": 0.0, ""tofer"": NaN, ""swfac"": 0.0, ""nstres"": 0.0}",0.0,0.0,0.0,0.0,0.0,0.0,,0.0,0.0,0.0,180.0,56.90764770507813,56.90764770507813,Leave_One_experiments/all_year_offline_schedule_search/daily_outputs/SYA/SYA_2021_SYA2021_normal_grid_S0028_daily.csv
SYA,SYA,Shenyang,2021,Leave_One_experiments\wth_generated_qc\SYA\SYA2021.WTH,normal_year;nitrogen_stress_year;low_response_year,normal,SYA2021_normal_grid_S0028,low_input_within_10pct_yield,2021-04-21,111,6,1,"{""sim_day"": 6.0, ""doy"": 111.0, ""topwt"": 0.0, ""grnwt"": 0.0, ""xlai"": 0.0, ""totir"": 0.0, ""tofer"": NaN, ""swfac"": 0.0, ""nstres"": 0.0}",0.0,0.0,0.0,0.0,0.0,0.0,,0.0,0.0,0.0,180.0,56.90764770507813,56.90764770507813,Leave_One_experiments/all_year_offline_schedule_search/daily_outputs/SYA/SYA_2021_SYA2021_normal_grid_S0028_daily.csv
SYA,SYA,Shenyang,2021,Leave_One_experiments\wth_generated_qc\SYA\SYA2021.WTH,normal_year;nitrogen_stress_year;low_response_year,normal,SYA2021_normal_grid_S0028,low_input_within_10pct_yield,2021-04-22,112,7,2,"{""sim_day"": 7.0, ""doy"": 112.0, ""topwt"": 0.0, ""grnwt"": 0.0, ""xlai"": 0.0, ""totir"": 0.0, ""tofer"": NaN, ""swfac"": 0.0, ""nstres"": 0.0}",0.0,0.0,0.0,0.0,0.0,0.0,,0.0,0.0,0.0,180.0,56.90764770507813,56.90764770507813,Leave_One_experiments/all_year_offline_schedule_search/daily_outputs/SYA/SYA_2021_SYA2021_normal_grid_S0028_daily.csv
SYA,SYA,Shenyang,2021,Leave_One_experiments\wth_generated_qc\SYA\SYA2021.WTH,normal_year;nitrogen_stress_year;low_response_year,normal,SYA2021_normal_grid_S0028,low_input_within_10pct_yield,2021-04-23,113,8,3,"{""sim_day"": 8.0, ""doy"": 113.0, ""topwt"": 0.0, ""grnwt"": 0.0, ""xlai"": 0.0, ""totir"": 0.0, ""tofer"": NaN, ""swfac"": 0.0, ""nstres"": 0.0}",0.0,0.0,0.0,0.0,0.0,0.0,,0.0,0.0,0.0,180.0,56.90764770507813,56.90764770507813,Leave_One_experiments/all_year_offline_schedule_search/daily_outputs/SYA/SYA_2021_SYA2021_normal_grid_S0028_daily.csv
SYA,SYA,Shenyang,2021,Leave_One_experiments\wth_generated_qc\SYA\SYA2021.WTH,normal_year;nitrogen_stress_year;low_response_year,normal,SYA2021_normal_grid_S0028,low_input_within_10pct_yield,2021-04-24,114,9,4,"{""sim_day"": 9.0, ""doy"": 114.0, ""topwt"": 0.0, ""grnwt"": 0.0, ""xlai"": 0.0, ""totir"": 0.0, ""tofer"": NaN, ""swfac"": 0.0, ""nstres"": 0.0}",0.0,0.0,0.0,0.0,0.0,0.0,,0.0,0.0,0.0,180.0,56.90764770507813,56.90764770507813,Leave_One_experiments/all_year_offline_schedule_search/daily_outputs/SYA/SYA_2021_SYA2021_normal_grid_S0028_daily.csv
SYA,SYA,Shenyang,2021,Leave_One_experiments\wth_generated_qc\SYA\SYA2021.WTH,normal_year;nitrogen_stress_year;low_response_year,normal,SYA2021_normal_grid_S0028,low_input_within_10pct_yield,2021-04-25,115,10,5,"{""sim_day"": 10.0, ""doy"": 115.0, ""topwt"": 0.0, ""grnwt"": 0.0, ""xlai"": 0.0, ""totir"": 0.0, ""tofer"": NaN, ""swfac"": 0.0, ""nstres"": 0.0}",0.0,0.0,0.0,0.0,0.0,0.0,,0.0,0.0,0.0,180.0,56.90764770507813,56.90764770507813,Leave_One_experiments/all_year_offline_schedule_search/daily_outputs/SYA/SYA_2021_SYA2021_normal_grid_S0028_daily.csv
SYA,SYA,Shenyang,2021,Leave_One_experiments\wth_generated_qc\SYA\SYA2021.WTH,normal_year;nitrogen_stress_year;low_response_year,normal,SYA2021_normal_grid_S0028,low_input_within_10pct_yield,2021-04-26,116,11,6,"{""sim_day"": 11.0, ""doy"": 116.0, ""topwt"": 0.0, ""grnwt"": 0.0, ""xlai"": 0.0, ""totir"": 0.0, ""tofer"": NaN, ""swfac"": 0.0, ""nstres"": 0.0}",0.0,0.0,0.0,0.0,0.0,0.0,,0.0,0.0,0.0,180.0,56.90764770507813,56.90764770507813,Leave_One_experiments/all_year_offline_schedule_search/daily_outputs/SYA/SYA_2021_SYA2021_normal_grid_S0028_daily.csv
SYA,SYA,Shenyang,2021,Leave_One_experiments\wth_generated_qc\SYA\SYA2021.WTH,normal_year;nitrogen_stress_year;low_response_year,normal,SYA2021_normal_grid_S0028,low_input_within_10pct_yield,2021-04-27,117,12,7,"{""sim_day"": 12.0, ""doy"": 117.0, ""topwt"": 0.0, ""grnwt"": 0.0, ""xlai"": 0.0, ""totir"": 0.0, ""tofer"": NaN, ""swfac"": 0.0, ""nstres"": 0.0}",0.0,0.0,0.0,0.0,0.0,0.0,,0.0,0.0,0.0,180.0,56.90764770507813,56.90764770507813,Leave_One_experiments/all_year_offline_schedule_search/daily_outputs/SYA/SYA_2021_SYA2021_normal_grid_S0028_daily.csv
SYA,SYA,Shenyang,2021,Leave_One_experiments\wth_generated_qc\SYA\SYA2021.WTH,normal_year;nitrogen_stress_year;low_response_year,normal,SYA2021_normal_grid_S0028,low_input_within_10pct_yield,2021-04-28,118,13,8,"{""sim_day"": 13.0, ""doy"": 118.0, ""topwt"": 0.0, ""grnwt"": 0.0, ""xlai"": 0.0, ""totir"": 0.0, ""tofer"": NaN, ""swfac"": 0.0, ""nstres"": 0.0}",0.0,0.0,0.0,0.0,0.0,0.0,,0.0,0.0,0.0,180.0,56.90764770507813,56.90764770507813,Leave_One_experiments/all_year_offline_schedule_search/daily_outputs/SYA/SYA_2021_SYA2021_normal_grid_S0028_daily.csv
SYA,SYA,Shenyang,2021,Leave_One_experiments\wth_generated_qc\SYA\SYA2021.WTH,normal_year;nitrogen_stress_year;low_response_year,normal,SYA2021_normal_grid_S0028,low_input_within_10pct_yield,2021-04-29,119,14,9,"{""sim_day"": 14.0, ""doy"": 119.0, ""topwt"": 0.0, ""grnwt"": 0.0, ""xlai"": 0.0, ""totir"": 0.0, ""tofer"": NaN, ""swfac"": 0.0, ""nstres"": 0.0}",0.0,0.0,0.0,0.0,0.0,0.0,,0.0,0.0,0.0,180.0,56.90764770507813,56.90764770507813,Leave_One_experiments/all_year_offline_schedule_search/daily_outputs/SYA/SYA_2021_SYA2021_normal_grid_S0028_daily.csv
SYA,SYA,Shenyang,2021,Leave_One_experiments\wth_generated_qc\SYA\SYA2021.WTH,normal_year;nitrogen_stress_year;low_response_year,normal,SYA2021_normal_grid_S0028,low_input_within_10pct_yield,2021-04-30,120,15,10,"{""sim_day"": 15.0, ""doy"": 120.0, ""topwt"": 0.0, ""grnwt"": 0.0, ""xlai"": 0.0, ""totir"": 0.0, ""tofer"": NaN, ""swfac"": 0.0, ""nstres"": 0.0}",0.0,0.0,0.0,0.0,0.0,0.0,,0.0,0.0,0.0,180.0,56.90764770507813,56.90764770507813,Leave_One_experiments/all_year_offline_schedule_search/daily_outputs/SYA/SYA_2021_SYA2021_normal_grid_S0028_daily.csv
SYA,SYA,Shenyang,2021,Leave_One_experiments\wth_generated_qc\SYA\SYA2021.WTH,normal_year;nitrogen_stress_year;low_response_year,normal,SYA2021_normal_grid_S0028,low_input_within_10pct_yield,2021-05-01,121,16,11,"{""sim_day"": 16.0, ""doy"": 121.0, ""topwt"": 0.0, ""grnwt"": 0.0, ""xlai"": 0.0, ""totir"": 0.0, ""tofer"": NaN, ""swfac"": 0.0, ""nstres"": 0.0}",0.0,0.0,0.0,0.0,0.0,0.0,,0.0,0.0,0.0,180.0,56.90764770507813,56.90764770507813,Leave_One_experiments/all_year_offline_schedule_search/daily_outputs/SYA/SYA_2021_SYA2021_normal_grid_S0028_daily.csv
SYA,SYA,Shenyang,2021,Leave_One_experiments\wth_generated_qc\SYA\SYA2021.WTH,normal_year;nitrogen_stress_year;low_response_year,normal,SYA2021_normal_grid_S0028,low_input_within_10pct_yield,2021-05-02,122,17,12,"{""sim_day"": 17.0, ""doy"": 122.0, ""topwt"": 0.0, ""grnwt"": 0.0, ""xlai"": 0.0, ""totir"": 0.0, ""tofer"": NaN, ""swfac"": 0.0, ""nstres"": 0.0}",0.0,0.0,0.0,0.0,0.0,0.0,,0.0,0.0,0.0,180.0,56.90764770507813,56.90764770507813,Leave_One_experiments/all_year_offline_schedule_search/daily_outputs/SYA/SYA_2021_SYA2021_normal_grid_S0028_daily.csv
SYA,SYA,Shenyang,2021,Leave_One_experiments\wth_generated_qc\SYA\SYA2021.WTH,normal_year;nitrogen_stress_year;low_response_year,normal,SYA2021_normal_grid_S0028,low_input_within_10pct_yield,2021-05-03,123,18,13,"{""sim_day"": 18.0, ""doy"": 123.0, ""topwt"": 0.0, ""grnwt"": 0.0, ""xlai"": 0.0, ""totir"": 0.0, ""tofer"": NaN, ""swfac"": 0.0, ""nstres"": 0.0}",0.0,0.0,0.0,0.0,0.0,0.0,,0.0,0.0,0.0,180.0,56.90764770507813,56.90764770507813,Leave_One_experiments/all_year_offline_schedule_search/daily_outputs/SYA/SYA_2021_SYA2021_normal_grid_S0028_daily.csv
SYA,SYA,Shenyang,2021,Leave_One_experiments\wth_generated_qc\SYA\SYA2021.WTH,normal_year;nitrogen_stress_year;low_response_year,normal,SYA2021_normal_grid_S0028,low_input_within_10pct_yield,2021-05-04,124,19,14,"{""sim_day"": 19.0, ""doy"": 124.0, ""topwt"": 17.600001096725464, ""grnwt"": 0.0, ""xlai"": 0.0012072436511516, ""totir"": 0.0, ""tofer"": NaN, ""swfac"": 0.0, ""nstres"": 0.0121910572052001}",0.0,0.0121910572052001,17.600001096725464,0.0,0.0012072436511516,0.0,,0.0,0.0,0.0,180.0,56.90764770507813,56.90764770507813,Leave_One_experiments/all_year_offline_schedule_search/daily_outputs/SYA/SYA_2021_SYA2021_normal_grid_S0028_daily.csv
SYA,SYA,Shenyang,2021,Leave_One_experiments\wth_generated_qc\SYA\SYA2021.WTH,normal_year;nitrogen_stress_year;low_response_year,normal,SYA2021_normal_grid_S0028,low_input_within_10pct_yield,2021-05-05,125,20,15,"{""sim_day"": 20.0, ""doy"": 125.0, ""topwt"": 17.600001096725464, ""grnwt"": 0.0, ""xlai"": 0.0026301604229956, ""totir"": 0.0, ""tofer"": NaN, ""swfac"": 0.0, ""nstres"": 0.0135865211486816}",0.0,0.0135865211486816,17.600001096725464,0.0,0.0026301604229956,0.0,,0.0,0.0,0.0,180.0,56.90764770507813,56.90764770507813,Leave_One_experiments/all_year_offline_schedule_search/daily_outputs/SYA/SYA_2021_SYA2021_normal_grid_S0028_daily.csv
SYA,SYA,Shenyang,2021,Leave_One_experiments\wth_generated_qc\SYA\SYA2021.WTH,normal_year;nitrogen_stress_year;low_response_year,normal,SYA2021_normal_grid_S0028,low_input_within_10pct_yield,2021-05-06,126,21,16,"{""sim_day"": 21.0, ""doy"": 126.0, ""topwt"": 17.600001096725464, ""grnwt"": 0.0, ""xlai"": 0.0033337923232465, ""totir"": 0.0, ""tofer"": NaN, ""swfac"": 0.0, ""nstres"": 0.0112595558166503}",0.0,0.0112595558166503,17.600001096725464,0.0,0.0033337923232465,0.0,,0.0,0.0,0.0,180.0,56.90764770507813,56.90764770507813,Leave_One_experiments/all_year_offline_schedule_search/daily_outputs/SYA/SYA_2021_SYA2021_normal_grid_S0028_daily.csv
SYA,SYA,Shenyang,2021,Leave_One_experiments\wth_generated_qc\SYA\SYA2021.WTH,normal_year;nitrogen_stress_year;low_response_year,normal,SYA2021_normal_grid_S0028,low_input_within_10pct_yield,2021-05-07,127,22,17,"{""sim_day"": 22.0, ""doy"": 127.0, ""topwt"": 17.600001096725464, ""grnwt"": 0.0, ""xlai"": 0.0041255480609834, ""totir"": 0.0, ""tofer"": NaN, ""swfac"": 0.0, ""nstres"": 0.0088138580322265}",0.0,0.0088138580322265,17.600001096725464,0.0,0.0041255480609834,0.0,,0.0,0.0,0.0,180.0,56.90764770507813,56.90764770507813,Leave_One_experiments/all_year_offline_schedule_search/daily_outputs/SYA/SYA_2021_SYA2021_normal_grid_S0028_daily.csv
SYA,SYA,Shenyang,2021,Leave_One_experiments\wth_generated_qc\SYA\SYA2021.WTH,normal_year;nitrogen_stress_year;low_response_year,normal,SYA2021_normal_grid_S0028,low_input_within_10pct_yield,2021-05-08,128,23,18,"{""sim_day"": 23.0, ""doy"": 128.0, ""topwt"": 17.600001096725464, ""grnwt"": 0.0, ""xlai"": 0.0051699853502213, ""totir"": 0.0, ""tofer"": NaN, ""swfac"": 0.0, ""nstres"": 0.0058344602584838}",0.0,0.0058344602584838,17.600001096725464,0.0,0.0051699853502213,0.0,,0.0,0.0,0.0,180.0,56.90764770507813,56.90764770507813,Leave_One_experiments/all_year_offline_schedule_search/daily_outputs/SYA/SYA_2021_SYA2021_normal_grid_S0028_daily.csv
SYA,SYA,Shenyang,2021,Leave_One_experiments\wth_generated_qc\SYA\SYA2021.WTH,normal_year;nitrogen_stress_year;low_response_year,normal,SYA2021_normal_grid_S0028,low_input_within_10pct_yield,2021-05-09,129,24,19,"{""sim_day"": 24.0, ""doy"": 129.0, ""topwt"": 17.600001096725464, ""grnwt"": 0.0, ""xlai"": 0.0064099365845322, ""totir"": 0.0, ""tofer"": NaN, ""swfac"": 0.0, ""nstres"": 0.0025360584259033}",0.0,0.0025360584259033,17.600001096725464,0.0,0.0064099365845322,0.0,,0.0,0.0,0.0,180.0,56.90764770507813,56.90764770507813,Leave_One_experiments/all_year_offline_schedule_search/daily_outputs/SYA/SYA_2021_SYA2021_normal_grid_S0028_daily.csv
SYA,SYA,Shenyang,2021,Leave_One_experiments\wth_generated_qc\SYA\SYA2021.WTH,normal_year;nitrogen_stress_year;low_response_year,normal,SYA2021_normal_grid_S0028,low_input_within_10pct_yield,2021-05-10,130,25,20,"{""sim_day"": 25.0, ""doy"": 130.0, ""topwt"": 17.600001096725464, ""grnwt"": 0.0, ""xlai"": 0.0081502385437488, ""totir"": 0.0, ""tofer"": NaN, ""swfac"": 0.0, ""nstres"": 0.0}",0.0,0.0,17.600001096725464,0.0,0.0081502385437488,0.0,,0.0,0.0,0.0,180.0,56.90764770507813,56.90764770507813,Leave_One_experiments/all_year_offline_schedule_search/daily_outputs/SYA/SYA_2021_SYA2021_normal_grid_S0028_daily.csv
SYA,SYA,Shenyang,2021,Leave_One_experiments\wth_generated_qc\SYA\SYA2021.WTH,normal_year;nitrogen_stress_year;low_response_year,normal,SYA2021_normal_grid_S0028,low_input_within_10pct_yield,2021-05-11,131,26,21,"{""sim_day"": 26.0, ""doy"": 131.0, ""topwt"": 17.600001096725464, ""grnwt"": 0.0, ""xlai"": 0.0097919972613453, ""totir"": 0.0, ""tofer"": NaN, ""swfac"": 0.0, ""nstres"": 0.0}",0.0,0.0,17.600001096725464,0.0,0.0097919972613453,0.0,,0.0,0.0,0.0,180.0,56.90764770507813,56.90764770507813,Leave_One_experiments/all_year_offline_schedule_search/daily_outputs/SYA/SYA_2021_SYA2021_normal_grid_S0028_daily.csv
SYA,SYA,Shenyang,2021,Leave_One_experiments\wth_generated_qc\SYA\SYA2021.WTH,normal_year;nitrogen_stress_year;low_response_year,normal,SYA2021_normal_grid_S0028,low_input_within_10pct_yield,2021-05-12,132,27,22,"{""sim_day"": 27.0, ""doy"": 132.0, ""topwt"": 17.600001096725464, ""grnwt"": 0.0, ""xlai"": 0.0113866599276661, ""totir"": 0.0, ""tofer"": NaN, ""swfac"": 0.0, ""nstres"": 0.0}",0.0,0.0,17.600001096725464,0.0,0.0113866599276661,0.0,,0.0,0.0,0.0,180.0,56.90764770507813,56.90764770507813,Leave_One_experiments/all_year_offline_schedule_search/daily_outputs/SYA/SYA_2021_SYA2021_normal_grid_S0028_daily.csv
SYA,SYA,Shenyang,2021,Leave_One_experiments\wth_generated_qc\SYA\SYA2021.WTH,normal_year;nitrogen_stress_year;low_response_year,normal,SYA2021_normal_grid_S0028,low_input_within_10pct_yield,2021-05-13,133,28,23,"{""sim_day"": 28.0, ""doy"": 133.0, ""topwt"": 17.600001096725464, ""grnwt"": 0.0, ""xlai"": 0.0190260764211416, ""totir"": 0.0, ""tofer"": NaN, ""swfac"": 0.0, ""nstres"": 0.0}",0.0,0.0,17.600001096725464,0.0,0.0190260764211416,0.0,,0.0,0.0,0.0,180.0,56.90764770507813,56.90764770507813,Leave_One_experiments/all_year_offline_schedule_search/daily_outputs/SYA/SYA_2021_SYA2021_normal_grid_S0028_daily.csv
SYA,SYA,Shenyang,2021,Leave_One_experiments\wth_generated_qc\SYA\SYA2021.WTH,normal_year;nitrogen_stress_year;low_response_year,normal,SYA2021_normal_grid_S0028,low_input_within_10pct_yield,2021-05-14,134,29,24,"{""sim_day"": 29.0, ""doy"": 134.0, ""topwt"": 17.600001096725464, ""grnwt"": 0.0, ""xlai"": 0.0248585268855094, ""totir"": 0.0, ""tofer"": NaN, ""swfac"": 0.0, ""nstres"": 0.0}",0.0,0.0,17.600001096725464,0.0,0.0248585268855094,0.0,,0.0,0.0,0.0,180.0,56.90764770507813,56.90764770507813,Leave_One_experiments/all_year_offline_schedule_search/daily_outputs/SYA/SYA_2021_SYA2021_normal_grid_S0028_daily.csv
SYA,SYA,Shenyang,2021,Leave_One_experiments\wth_generated_qc\SYA\SYA2021.WTH,normal_year;nitrogen_stress_year;low_response_year,normal,SYA2021_normal_grid_S0028,low_input_within_10pct_yield,2021-05-15,135,30,25,"{""sim_day"": 30.0, ""doy"": 135.0, ""topwt"": 17.618192434310913, ""grnwt"": 0.0, ""xlai"": 0.0302084926515817, ""totir"": 0.0, ""tofer"": NaN, ""swfac"": 0.0, ""nstres"": 0.0}",0.0,0.0,17.618192434310913,0.0,0.0302084926515817,0.0,,0.0,0.0,0.0,180.0,56.90764770507813,56.90764770507813,Leave_One_experiments/all_year_offline_schedule_search/daily_outputs/SYA/SYA_2021_SYA2021_normal_grid_S0028_daily.csv
SYA,SYA,Shenyang,2021,Leave_One_experiments\wth_generated_qc\SYA\SYA2021.WTH,normal_year;nitrogen_stress_year;low_response_year,normal,SYA2021_normal_grid_S0028,low_input_within_10pct_yield,2021-05-16,136,31,26,"{""sim_day"": 31.0, ""doy"": 136.0, ""topwt"": 20.80033540725708, ""grnwt"": 0.0, ""xlai"": 0.0386121310293674, ""totir"": 0.0, ""tofer"": NaN, ""swfac"": 0.0, ""nstres"": 0.0}",0.0,0.0,20.80033540725708,0.0,0.0386121310293674,0.0,,0.0,0.0,0.0,180.0,56.90764770507813,56.90764770507813,Leave_One_experiments/all_year_offline_schedule_search/daily_outputs/SYA/SYA_2021_SYA2021_normal_grid_S0028_daily.csv
SYA,SYA,Shenyang,2021,Leave_One_experiments\wth_generated_qc\SYA\SYA2021.WTH,normal_year;nitrogen_stress_year;low_response_year,normal,SYA2021_normal_grid_S0028,low_input_within_10pct_yield,2021-05-17,137,32,27,"{""sim_day"": 32.0, ""doy"": 137.0, ""topwt"": 25.94775676727295, ""grnwt"": 0.0, ""xlai"": 0.0513005368411541, ""totir"": 0.0, ""tofer"": NaN, ""swfac"": 0.0, ""nstres"": 0.0}",0.0,0.0,25.94775676727295,0.0,0.0513005368411541,0.0,,0.0,0.0,0.0,180.0,56.90764770507813,56.90764770507813,Leave_One_experiments/all_year_offline_schedule_search/daily_outputs/SYA/SYA_2021_SYA2021_normal_grid_S0028_daily.csv
SYA,SYA,Shenyang,2021,Leave_One_experiments\wth_generated_qc\SYA\SYA2021.WTH,normal_year;nitrogen_stress_year;low_response_year,normal,SYA2021_normal_grid_S0028,low_input_within_10pct_yield,2021-05-18,138,33,28,"{""sim_day"": 33.0, ""doy"": 138.0, ""topwt"": 32.694523334503174, ""grnwt"": 0.0, ""xlai"": 0.0667918920516967, ""totir"": 0.0, ""tofer"": NaN, ""swfac"": 0.0, ""nstres"": 0.0}",0.0,0.0,32.694523334503174,0.0,0.0667918920516967,0.0,,0.0,0.0,0.0,180.0,56.90764770507813,56.90764770507813,Leave_One_experiments/all_year_offline_schedule_search/daily_outputs/SYA/SYA_2021_SYA2021_normal_grid_S0028_daily.csv
SYA,SYA,Shenyang,2021,Leave_One_experiments\wth_generated_qc\SYA\SYA2021.WTH,normal_year;nitrogen_stress_year;low_response_year,normal,SYA2021_normal_grid_S0028,low_input_within_10pct_yield,2021-05-19,139,34,29,"{""sim_day"": 34.0, ""doy"": 139.0, ""topwt"": 38.753366470336914, ""grnwt"": 0.0, ""xlai"": 0.0799303948879242, ""totir"": 0.0, ""tofer"": NaN, ""swfac"": 0.0, ""nstres"": 0.0}",0.0,0.0,38.753366470336914,0.0,0.0799303948879242,0.0,,0.0,0.0,0.0,180.0,56.90764770507813,56.90764770507813,Leave_One_experiments/all_year_offline_schedule_search/daily_outputs/SYA/SYA_2021_SYA2021_normal_grid_S0028_daily.csv
SYA,SYA,Shenyang,2021,Leave_One_experiments\wth_generated_qc\SYA\SYA2021.WTH,normal_year;nitrogen_stress_year;low_response_year,normal,SYA2021_normal_grid_S0028,low_input_within_10pct_yield,2021-05-20,140,35,30,"{""sim_day"": 35.0, ""doy"": 140.0, ""topwt"": 46.23751640319824, ""grnwt"": 0.0, ""xlai"": 0.0954160466790199, ""totir"": 0.0, ""tofer"": NaN, ""swfac"": 0.0, ""nstres"": 0.0}",0.0,0.0,46.23751640319824,0.0,0.0954160466790199,0.0,,0.0,50.0,0.0,180.0,56.90764770507813,56.90764770507813,Leave_One_experiments/all_year_offline_schedule_search/daily_outputs/SYA/SYA_2021_SYA2021_normal_grid_S0028_daily.csv
SYA,SYA,Shenyang,2021,Leave_One_experiments\wth_generated_qc\SYA\SYA2021.WTH,normal_year;nitrogen_stress_year;low_response_year,normal,SYA2021_normal_grid_S0028,low_input_within_10pct_yield,2021-05-21,141,36,31,"{""sim_day"": 36.0, ""doy"": 141.0, ""topwt"": 56.06302738189697, ""grnwt"": 0.0, ""xlai"": 0.1147966012358665, ""totir"": 0.0, ""tofer"": NaN, ""swfac"": 0.0, ""nstres"": 0.0}",0.0,0.0,56.06302738189697,0.0,0.1147966012358665,0.0,,0.0,0.0,0.0,180.0,56.90764770507813,56.90764770507813,Leave_One_experiments/all_year_offline_schedule_search/daily_outputs/SYA/SYA_2021_SYA2021_normal_grid_S0028_daily.csv
SYA,SYA,Shenyang,2021,Leave_One_experiments\wth_generated_qc\SYA\SYA2021.WTH,normal_year;nitrogen_stress_year;low_response_year,normal,SYA2021_normal_grid_S0028,low_input_within_10pct_yield,2021-05-22,142,37,32,"{""sim_day"": 37.0, ""doy"": 142.0, ""topwt"": 62.64168739318848, ""grnwt"": 0.0, ""xlai"": 0.1272923201322555, ""totir"": 0.0, ""tofer"": NaN, ""swfac"": 0.0, ""nstres"": 0.0}",0.0,0.0,62.64168739318848,0.0,0.1272923201322555,0.0,,0.0,0.0,0.0,180.0,56.90764770507813,56.90764770507813,Leave_One_experiments/all_year_offline_schedule_search/daily_outputs/SYA/SYA_2021_SYA2021_normal_grid_S0028_daily.csv
SYA,SYA,Shenyang,2021,Leave_One_experiments\wth_generated_qc\SYA\SYA2021.WTH,normal_year;nitrogen_stress_year;low_response_year,normal,SYA2021_normal_grid_S0028,low_input_within_10pct_yield,2021-05-23,143,38,33,"{""sim_day"": 38.0, ""doy"": 143.0, ""topwt"": 68.68550300598145, ""grnwt"": 0.0, ""xlai"": 0.1384900063276291, ""totir"": 0.0, ""tofer"": NaN, ""swfac"": 0.0, ""nstres"": 0.0}",0.0,0.0,68.68550300598145,0.0,0.1384900063276291,0.0,,0.0,0.0,0.0,180.0,56.90764770507813,56.90764770507813,Leave_One_experiments/all_year_offline_schedule_search/daily_outputs/SYA/SYA_2021_SYA2021_normal_grid_S0028_daily.csv
SYA,SYA,Shenyang,2021,Leave_One_experiments\wth_generated_qc\SYA\SYA2021.WTH,normal_year;nitrogen_stress_year;low_response_year,normal,SYA2021_normal_grid_S0028,low_input_within_10pct_yield,2021-05-24,144,39,34,"{""sim_day"": 39.0, ""doy"": 144.0, ""topwt"": 76.53799533843994, ""grnwt"": 0.0, ""xlai"": 0.1526899933815002, ""totir"": 0.0, ""tofer"": NaN, ""swfac"": 0.0, ""nstres"": 0.0}",0.0,0.0,76.53799533843994,0.0,0.1526899933815002,0.0,,0.0,0.0,0.0,180.0,56.90764770507813,56.90764770507813,Leave_One_experiments/all_year_offline_schedule_search/daily_outputs/SYA/SYA_2021_SYA2021_normal_grid_S0028_daily.csv
SYA,SYA,Shenyang,2021,Leave_One_experiments\wth_generated_qc\SYA\SYA2021.WTH,normal_year;nitrogen_stress_year;low_response_year,normal,SYA2021_normal_grid_S0028,low_input_within_10pct_yield,2021-05-25,145,40,35,"{""sim_day"": 40.0, ""doy"": 145.0, ""topwt"": 76.75060749053955, ""grnwt"": 0.0, ""xlai"": 0.1634871810674667, ""totir"": 0.0, ""tofer"": NaN, ""swfac"": 0.0, ""nstres"": 0.0}",0.0,0.0,76.75060749053955,0.0,0.1634871810674667,0.0,,0.0,0.0,0.0,180.0,56.90764770507813,56.90764770507813,Leave_One_experiments/all_year_offline_schedule_search/daily_outputs/SYA/SYA_2021_SYA2021_normal_grid_S0028_daily.csv
SYA,SYA,Shenyang,2021,Leave_One_experiments\wth_generated_qc\SYA\SYA2021.WTH,normal_year;nitrogen_stress_year;low_response_year,normal,SYA2021_normal_grid_S0028,low_input_within_10pct_yield,2021-05-26,146,41,36,"{""sim_day"": 41.0, ""doy"": 146.0, ""topwt"": 84.0998649597168, ""grnwt"": 0.0, ""xlai"": 0.1773509532213211, ""totir"": 0.0, ""tofer"": NaN, ""swfac"": 0.0, ""nstres"": 0.0026291012763977}",0.0,0.0026291012763977,84.0998649597168,0.0,0.1773509532213211,0.0,,0.0,0.0,0.0,180.0,56.90764770507813,56.90764770507813,Leave_One_experiments/all_year_offline_schedule_search/daily_outputs/SYA/SYA_2021_SYA2021_normal_grid_S0028_daily.csv
SYA,SYA,Shenyang,2021,Leave_One_experiments\wth_generated_qc\SYA\SYA2021.WTH,normal_year;nitrogen_stress_year;low_response_year,normal,SYA2021_normal_grid_S0028,low_input_within_10pct_yield,2021-05-27,147,42,37,"{""sim_day"": 42.0, ""doy"": 147.0, ""topwt"": 92.0703125, ""grnwt"": 0.0, ""xlai"": 0.1920679807662964, ""totir"": 0.0, ""tofer"": NaN, ""swfac"": 0.0, ""nstres"": 0.0}",0.0,0.0,92.0703125,0.0,0.1920679807662964,0.0,,0.0,0.0,0.0,180.0,56.90764770507813,56.90764770507813,Leave_One_experiments/all_year_offline_schedule_search/daily_outputs/SYA/SYA_2021_SYA2021_normal_grid_S0028_daily.csv
SYA,SYA,Shenyang,2021,Leave_One_experiments\wth_generated_qc\SYA\SYA2021.WTH,normal_year;nitrogen_stress_year;low_response_year,normal,SYA2021_normal_grid_S0028,low_input_within_10pct_yield,2021-05-28,148,43,38,"{""sim_day"": 43.0, ""doy"": 148.0, ""topwt"": 102.75833129882812, ""grnwt"": 0.0, ""xlai"": 0.2113453298807144, ""totir"": 0.0, ""tofer"": NaN, ""swfac"": 0.0, ""nstres"": 0.0}",0.0,0.0,102.75833129882812,0.0,0.2113453298807144,0.0,,0.0,0.0,0.0,180.0,56.90764770507813,56.90764770507813,Leave_One_experiments/all_year_offline_schedule_search/daily_outputs/SYA/SYA_2021_SYA2021_normal_grid_S0028_daily.csv
SYA,SYA,Shenyang,2021,Leave_One_experiments\wth_generated_qc\SYA\SYA2021.WTH,normal_year;nitrogen_stress_year;low_response_year,normal,SYA2021_normal_grid_S0028,low_input_within_10pct_yield,2021-05-29,149,44,39,"{""sim_day"": 44.0, ""doy"": 149.0, ""topwt"": 114.2418384552002, ""grnwt"": 0.0, ""xlai"": 0.2315458506345749, ""totir"": 0.0, ""tofer"": NaN, ""swfac"": 0.0, ""nstres"": 0.0}",0.0,0.0,114.2418384552002,0.0,0.2315458506345749,0.0,,0.0,0.0,0.0,180.0,56.90764770507813,56.90764770507813,Leave_One_experiments/all_year_offline_schedule_search/daily_outputs/SYA/SYA_2021_SYA2021_normal_grid_S0028_daily.csv
SYA,SYA,Shenyang,2021,Leave_One_experiments\wth_generated_qc\SYA\SYA2021.WTH,normal_year;nitrogen_stress_year;low_response_year,normal,SYA2021_normal_grid_S0028,low_input_within_10pct_yield,2021-05-30,150,45,40,"{""sim_day"": 45.0, ""doy"": 150.0, ""topwt"": 128.9459228515625, ""grnwt"": 0.0, ""xlai"": 0.2567439079284668, ""totir"": 0.0, ""tofer"": NaN, ""swfac"": 0.0, ""nstres"": 0.0}",0.0,0.0,128.9459228515625,0.0,0.2567439079284668,0.0,,0.0,0.0,0.0,180.0,56.90764770507813,56.90764770507813,Leave_One_experiments/all_year_offline_schedule_search/daily_outputs/SYA/SYA_2021_SYA2021_normal_grid_S0028_daily.csv
SYA,SYA,Shenyang,2021,Leave_One_experiments\wth_generated_qc\SYA\SYA2021.WTH,normal_year;nitrogen_stress_year;low_response_year,normal,SYA2021_normal_grid_S0028,low_input_within_10pct_yield,2021-05-31,151,46,41,"{""sim_day"": 46.0, ""doy"": 151.0, ""topwt"": 146.8837928771973, ""grnwt"": 0.0, ""xlai"": 0.2866125106811523, ""totir"": 0.0, ""tofer"": NaN, ""swfac"": 0.0, ""nstres"": 0.0}",0.0,0.0,146.8837928771973,0.0,0.2866125106811523,0.0,,0.0,0.0,0.0,180.0,56.90764770507813,56.90764770507813,Leave_One_experiments/all_year_offline_schedule_search/daily_outputs/SYA/SYA_2021_SYA2021_normal_grid_S0028_daily.csv
SYA,SYA,Shenyang,2021,Leave_One_experiments\wth_generated_qc\SYA\SYA2021.WTH,normal_year;nitrogen_stress_year;low_response_year,normal,SYA2021_normal_grid_S0028,low_input_within_10pct_yield,2021-06-01,152,47,42,"{""sim_day"": 47.0, ""doy"": 152.0, ""topwt"": 164.5494842529297, ""grnwt"": 0.0, ""xlai"": 0.3152247071266174, ""totir"": 0.0, ""tofer"": NaN, ""swfac"": 0.0, ""nstres"": 0.0}",0.0,0.0,164.5494842529297,0.0,0.3152247071266174,0.0,,0.0,0.0,0.0,180.0,56.90764770507813,56.90764770507813,Leave_One_experiments/all_year_offline_schedule_search/daily_outputs/SYA/SYA_2021_SYA2021_normal_grid_S0028_daily.csv
SYA,SYA,Shenyang,2021,Leave_One_experiments\wth_generated_qc\SYA\SYA2021.WTH,normal_year;nitrogen_stress_year;low_response_year,normal,SYA2021_normal_grid_S0028,low_input_within_10pct_yield,2021-06-02,153,48,43,"{""sim_day"": 48.0, ""doy"": 153.0, ""topwt"": 182.03201293945312, ""grnwt"": 0.0, ""xlai"": 0.3428612649440765, ""totir"": 0.0, ""tofer"": NaN, ""swfac"": 0.0, ""nstres"": 0.0}",0.0,0.0,182.03201293945312,0.0,0.3428612649440765,0.0,,0.0,0.0,0.0,180.0,56.90764770507813,56.90764770507813,Leave_One_experiments/all_year_offline_schedule_search/daily_outputs/SYA/SYA_2021_SYA2021_normal_grid_S0028_daily.csv
SYA,SYA,Shenyang,2021,Leave_One_experiments\wth_generated_qc\SYA\SYA2021.WTH,normal_year;nitrogen_stress_year;low_response_year,normal,SYA2021_normal_grid_S0028,low_input_within_10pct_yield,2021-06-03,154,49,44,"{""sim_day"": 49.0, ""doy"": 154.0, ""topwt"": 194.14623260498047, ""grnwt"": 0.0, ""xlai"": 0.3615805208683014, ""totir"": 0.0, ""tofer"": NaN, ""swfac"": 0.0, ""nstres"": 0.0}",0.0,0.0,194.14623260498047,0.0,0.3615805208683014,0.0,,0.0,0.0,0.0,180.0,56.90764770507813,56.90764770507813,Leave_One_experiments/all_year_offline_schedule_search/daily_outputs/SYA/SYA_2021_SYA2021_normal_grid_S0028_daily.csv
SYA,SYA,Shenyang,2021,Leave_One_experiments\wth_generated_qc\SYA\SYA2021.WTH,normal_year;nitrogen_stress_year;low_response_year,normal,SYA2021_normal_grid_S0028,low_input_within_10pct_yield,2021-06-04,155,50,45,"{""sim_day"": 50.0, ""doy"": 155.0, ""topwt"": 211.1362075805664, ""grnwt"": 0.0, ""xlai"": 0.3851451873779297, ""totir"": 0.0, ""tofer"": NaN, ""swfac"": 0.0, ""nstres"": 0.0}",0.0,0.0,211.1362075805664,0.0,0.3851451873779297,0.0,,0.0,0.0,0.0,180.0,56.90764770507813,56.90764770507813,Leave_One_experiments/all_year_offline_schedule_search/daily_outputs/SYA/SYA_2021_SYA2021_normal_grid_S0028_daily.csv
SYA,SYA,Shenyang,2021,Leave_One_experiments\wth_generated_qc\SYA\SYA2021.WTH,normal_year;nitrogen_stress_year;low_response_year,normal,SYA2021_normal_grid_S0028,low_input_within_10pct_yield,2021-06-05,156,51,46,"{""sim_day"": 51.0, ""doy"": 156.0, ""topwt"": 234.7850799560547, ""grnwt"": 0.0, ""xlai"": 0.4217905104160309, ""totir"": 0.0, ""tofer"": NaN, ""swfac"": 0.0, ""nstres"": 0.0}",0.0,0.0,234.7850799560547,0.0,0.4217905104160309,0.0,,0.0,0.0,0.0,180.0,56.90764770507813,56.90764770507813,Leave_One_experiments/all_year_offline_schedule_search/daily_outputs/SYA/SYA_2021_SYA2021_normal_grid_S0028_daily.csv
SYA,SYA,Shenyang,2021,Leave_One_experiments\wth_generated_qc\SYA\SYA2021.WTH,normal_year;nitrogen_stress_year;low_response_year,normal,SYA2021_normal_grid_S0028,low_input_within_10pct_yield,2021-06-06,157,52,47,"{""sim_day"": 52.0, ""doy"": 157.0, ""topwt"": 265.9461212158203, ""grnwt"": 0.0, ""xlai"": 0.4685848951339721, ""totir"": 0.0, ""tofer"": NaN, ""swfac"": 0.0, ""nstres"": 0.0}",0.0,0.0,265.9461212158203,0.0,0.4685848951339721,0.0,,0.0,0.0,0.0,180.0,56.90764770507813,56.90764770507813,Leave_One_experiments/all_year_offline_schedule_search/daily_outputs/SYA/SYA_2021_SYA2021_normal_grid_S0028_daily.csv
SYA,SYA,Shenyang,2021,Leave_One_experiments\wth_generated_qc\SYA\SYA2021.WTH,normal_year;nitrogen_stress_year;low_response_year,normal,SYA2021_normal_grid_S0028,low_input_within_10pct_yield,2021-06-07,158,53,48,"{""sim_day"": 53.0, ""doy"": 158.0, ""topwt"": 303.6465072631836, ""grnwt"": 0.0, ""xlai"": 0.5230915546417236, ""totir"": 0.0, ""tofer"": NaN, ""swfac"": 0.0, ""nstres"": 0.0}",0.0,0.0,303.6465072631836,0.0,0.5230915546417236,0.0,,0.0,0.0,0.0,180.0,56.90764770507813,56.90764770507813,Leave_One_experiments/all_year_offline_schedule_search/daily_outputs/SYA/SYA_2021_SYA2021_normal_grid_S0028_daily.csv
SYA,SYA,Shenyang,2021,Leave_One_experiments\wth_generated_qc\SYA\SYA2021.WTH,normal_year;nitrogen_stress_year;low_response_year,normal,SYA2021_normal_grid_S0028,low_input_within_10pct_yield,2021-06-08,159,54,49,"{""sim_day"": 54.0, ""doy"": 159.0, ""topwt"": 346.18865966796875, ""grnwt"": 0.0, ""xlai"": 0.5820603370666504, ""totir"": 0.0, ""tofer"": NaN, ""swfac"": 0.0, ""nstres"": 0.0}",0.0,0.0,346.18865966796875,0.0,0.5820603370666504,0.0,,0.0,0.0,0.0,180.0,56.90764770507813,56.90764770507813,Leave_One_experiments/all_year_offline_schedule_search/daily_outputs/SYA/SYA_2021_SYA2021_normal_grid_S0028_daily.csv
SYA,SYA,Shenyang,2021,Leave_One_experiments\wth_generated_qc\SYA\SYA2021.WTH,normal_year;nitrogen_stress_year;low_response_year,normal,SYA2021_normal_grid_S0028,low_input_within_10pct_yield,2021-06-09,160,55,50,"{""sim_day"": 55.0, ""doy"": 160.0, ""topwt"": 384.0254974365234, ""grnwt"": 0.0, ""xlai"": 0.6325080990791321, ""totir"": 0.0, ""tofer"": NaN, ""swfac"": 0.0, ""nstres"": 0.0}",0.0,0.0,384.0254974365234,0.0,0.6325080990791321,0.0,,0.0,0.0,0.0,180.0,56.90764770507813,56.90764770507813,Leave_One_experiments/all_year_offline_schedule_search/daily_outputs/SYA/SYA_2021_SYA2021_normal_grid_S0028_daily.csv
SYA,SYA,Shenyang,2021,Leave_One_experiments\wth_generated_qc\SYA\SYA2021.WTH,normal_year;nitrogen_stress_year;low_response_year,normal,SYA2021_normal_grid_S0028,low_input_within_10pct_yield,2021-06-10,161,56,51,"{""sim_day"": 56.0, ""doy"": 161.0, ""topwt"": 429.50439453125, ""grnwt"": 0.0, ""xlai"": 0.6907371282577515, ""totir"": 0.0, ""tofer"": NaN, ""swfac"": 0.0, ""nstres"": 0.0}",0.0,0.0,429.50439453125,0.0,0.6907371282577515,0.0,,0.0,0.0,0.0,180.0,56.90764770507813,56.90764770507813,Leave_One_experiments/all_year_offline_schedule_search/daily_outputs/SYA/SYA_2021_SYA2021_normal_grid_S0028_daily.csv
SYA,SYA,Shenyang,2021,Leave_One_experiments\wth_generated_qc\SYA\SYA2021.WTH,normal_year;nitrogen_stress_year;low_response_year,normal,SYA2021_normal_grid_S0028,low_input_within_10pct_yield,2021-06-11,162,57,52,"{""sim_day"": 57.0, ""doy"": 162.0, ""topwt"": 485.3824615478516, ""grnwt"": 0.0, ""xlai"": 0.7588668465614319, ""totir"": 0.0, ""tofer"": NaN, ""swfac"": 0.0, ""nstres"": 0.0}",0.0,0.0,485.3824615478516,0.0,0.7588668465614319,0.0,,0.0,0.0,0.0,180.0,56.90764770507813,56.90764770507813,Leave_One_experiments/all_year_offline_schedule_search/daily_outputs/SYA/SYA_2021_SYA2021_normal_grid_S0028_daily.csv
SYA,SYA,Shenyang,2021,Leave_One_experiments\wth_generated_qc\SYA\SYA2021.WTH,normal_year;nitrogen_stress_year;low_response_year,normal,SYA2021_normal_grid_S0028,low_input_within_10pct_yield,2021-06-12,163,58,53,"{""sim_day"": 58.0, ""doy"": 163.0, ""topwt"": 568.0375671386719, ""grnwt"": 0.0, ""xlai"": 0.8540288805961609, ""totir"": 0.0, ""tofer"": NaN, ""swfac"": 0.0, ""nstres"": 0.0}",0.0,0.0,568.0375671386719,0.0,0.8540288805961609,0.0,,0.0,0.0,0.0,180.0,56.90764770507813,56.90764770507813,Leave_One_experiments/all_year_offline_schedule_search/daily_outputs/SYA/SYA_2021_SYA2021_normal_grid_S0028_daily.csv
SYA,SYA,Shenyang,2021,Leave_One_experiments\wth_generated_qc\SYA\SYA2021.WTH,normal_year;nitrogen_stress_year;low_response_year,normal,SYA2021_normal_grid_S0028,low_input_within_10pct_yield,2021-06-13,164,59,54,"{""sim_day"": 59.0, ""doy"": 164.0, ""topwt"": 652.1455383300781, ""grnwt"": 0.0, ""xlai"": 0.945234477519989, ""totir"": 0.0, ""tofer"": NaN, ""swfac"": 0.0, ""nstres"": 0.0}",0.0,0.0,652.1455383300781,0.0,0.945234477519989,0.0,,0.0,0.0,0.0,180.0,56.90764770507813,56.90764770507813,Leave_One_experiments/all_year_offline_schedule_search/daily_outputs/SYA/SYA_2021_SYA2021_normal_grid_S0028_daily.csv
SYA,SYA,Shenyang,2021,Leave_One_experiments\wth_generated_qc\SYA\SYA2021.WTH,normal_year;nitrogen_stress_year;low_response_year,normal,SYA2021_normal_grid_S0028,low_input_within_10pct_yield,2021-06-14,165,60,55,"{""sim_day"": 60.0, ""doy"": 165.0, ""topwt"": 730.2420806884766, ""grnwt"": 0.0, ""xlai"": 1.0254957675933838, ""totir"": 0.0, ""tofer"": NaN, ""swfac"": 0.0, ""nstres"": 0.0}",0.0,0.0,730.2420806884766,0.0,1.0254957675933838,0.0,,0.0,0.0,0.0,180.0,56.90764770507813,56.90764770507813,Leave_One_experiments/all_year_offline_schedule_search/daily_outputs/SYA/SYA_2021_SYA2021_normal_grid_S0028_daily.csv
SYA,SYA,Shenyang,2021,Leave_One_experiments\wth_generated_qc\SYA\SYA2021.WTH,normal_year;nitrogen_stress_year;low_response_year,normal,SYA2021_normal_grid_S0028,low_input_within_10pct_yield,2021-06-15,166,61,56,"{""sim_day"": 61.0, ""doy"": 166.0, ""topwt"": 813.1369781494141, ""grnwt"": 0.0, ""xlai"": 1.1063207387924194, ""totir"": 0.0, ""tofer"": NaN, ""swfac"": 0.0, ""nstres"": 0.0}",0.0,0.0,813.1369781494141,0.0,1.1063207387924194,0.0,,0.0,0.0,0.0,180.0,56.90764770507813,56.90764770507813,Leave_One_experiments/all_year_offline_schedule_search/daily_outputs/SYA/SYA_2021_SYA2021_normal_grid_S0028_daily.csv
SYA,SYA,Shenyang,2021,Leave_One_experiments\wth_generated_qc\SYA\SYA2021.WTH,normal_year;nitrogen_stress_year;low_response_year,normal,SYA2021_normal_grid_S0028,low_input_within_10pct_yield,2021-06-16,167,62,57,"{""sim_day"": 62.0, ""doy"": 167.0, ""topwt"": 864.1443634033203, ""grnwt"": 0.0, ""xlai"": 1.1538965702056885, ""totir"": 0.0, ""tofer"": NaN, ""swfac"": 0.0, ""nstres"": 0.0}",0.0,0.0,864.1443634033203,0.0,1.1538965702056885,0.0,,0.0,0.0,0.0,180.0,56.90764770507813,56.90764770507813,Leave_One_experiments/all_year_offline_schedule_search/daily_outputs/SYA/SYA_2021_SYA2021_normal_grid_S0028_daily.csv
SYA,SYA,Shenyang,2021,Leave_One_experiments\wth_generated_qc\SYA\SYA2021.WTH,normal_year;nitrogen_stress_year;low_response_year,normal,SYA2021_normal_grid_S0028,low_input_within_10pct_yield,2021-06-17,168,63,58,"{""sim_day"": 63.0, ""doy"": 168.0, ""topwt"": 940.1722717285156, ""grnwt"": 0.0, ""xlai"": 1.2218748331069946, ""totir"": 0.0, ""tofer"": NaN, ""swfac"": 0.0, ""nstres"": 0.0}",0.0,0.0,940.1722717285156,0.0,1.2218748331069946,0.0,,0.0,0.0,0.0,180.0,56.90764770507813,56.90764770507813,Leave_One_experiments/all_year_offline_schedule_search/daily_outputs/SYA/SYA_2021_SYA2021_normal_grid_S0028_daily.csv
SYA,SYA,Shenyang,2021,Leave_One_experiments\wth_generated_qc\SYA\SYA2021.WTH,normal_year;nitrogen_stress_year;low_response_year,normal,SYA2021_normal_grid_S0028,low_input_within_10pct_yield,2021-06-18,169,64,59,"{""sim_day"": 64.0, ""doy"": 169.0, ""topwt"": 1029.8487854003906, ""grnwt"": 0.0, ""xlai"": 1.297940969467163, ""totir"": 0.0, ""tofer"": NaN, ""swfac"": 0.0, ""nstres"": 0.0}",0.0,0.0,1029.8487854003906,0.0,1.297940969467163,0.0,,0.0,0.0,0.0,180.0,56.90764770507813,56.90764770507813,Leave_One_experiments/all_year_offline_schedule_search/daily_outputs/SYA/SYA_2021_SYA2021_normal_grid_S0028_daily.csv
SYA,SYA,Shenyang,2021,Leave_One_experiments\wth_generated_qc\SYA\SYA2021.WTH,normal_year;nitrogen_stress_year;low_response_year,normal,SYA2021_normal_grid_S0028,low_input_within_10pct_yield,2021-06-19,170,65,60,"{""sim_day"": 65.0, ""doy"": 170.0, ""topwt"": 1112.485809326172, ""grnwt"": 0.0, ""xlai"": 1.3648834228515625, ""totir"": 0.0, ""tofer"": NaN, ""swfac"": 0.0, ""nstres"": 0.0}",0.0,0.0,1112.485809326172,0.0,1.3648834228515625,0.0,,0.0,50.0,0.0,180.0,56.90764770507813,56.90764770507813,Leave_One_experiments/all_year_offline_schedule_search/daily_outputs/SYA/SYA_2021_SYA2021_normal_grid_S0028_daily.csv
SYA,SYA,Shenyang,2021,Leave_One_experiments\wth_generated_qc\SYA\SYA2021.WTH,normal_year;nitrogen_stress_year;low_response_year,normal,SYA2021_normal_grid_S0028,low_input_within_10pct_yield,2021-06-20,171,66,61,"{""sim_day"": 66.0, ""doy"": 171.0, ""topwt"": 1206.5958404541016, ""grnwt"": 0.0, ""xlai"": 1.4375654458999634, ""totir"": 0.0, ""tofer"": NaN, ""swfac"": 0.0, ""nstres"": 0.0}",0.0,0.0,1206.5958404541016,0.0,1.4375654458999634,0.0,,0.0,0.0,0.0,180.0,56.90764770507813,56.90764770507813,Leave_One_experiments/all_year_offline_schedule_search/daily_outputs/SYA/SYA_2021_SYA2021_normal_grid_S0028_daily.csv
SYA,SYA,Shenyang,2021,Leave_One_experiments\wth_generated_qc\SYA\SYA2021.WTH,normal_year;nitrogen_stress_year;low_response_year,normal,SYA2021_normal_grid_S0028,low_input_within_10pct_yield,2021-06-21,172,67,62,"{""sim_day"": 67.0, ""doy"": 172.0, ""topwt"": 1303.5589599609375, ""grnwt"": 0.0, ""xlai"": 1.508965015411377, ""totir"": 0.0, ""tofer"": NaN, ""swfac"": 0.0, ""nstres"": 0.0}",0.0,0.0,1303.5589599609375,0.0,1.508965015411377,0.0,,0.0,0.0,0.0,180.0,56.90764770507813,56.90764770507813,Leave_One_experiments/all_year_offline_schedule_search/daily_outputs/SYA/SYA_2021_SYA2021_normal_grid_S0028_daily.csv
SYA,SYA,Shenyang,2021,Leave_One_experiments\wth_generated_qc\SYA\SYA2021.WTH,normal_year;nitrogen_stress_year;low_response_year,normal,SYA2021_normal_grid_S0028,low_input_within_10pct_yield,2021-06-22,173,68,63,"{""sim_day"": 68.0, ""doy"": 173.0, ""topwt"": 1406.7898559570312, ""grnwt"": 0.0, ""xlai"": 1.5814111232757568, ""totir"": 0.0, ""tofer"": NaN, ""swfac"": 0.0, ""nstres"": 0.0}",0.0,0.0,1406.7898559570312,0.0,1.5814111232757568,0.0,,0.0,0.0,0.0,180.0,56.90764770507813,56.90764770507813,Leave_One_experiments/all_year_offline_schedule_search/daily_outputs/SYA/SYA_2021_SYA2021_normal_grid_S0028_daily.csv
SYA,SYA,Shenyang,2021,Leave_One_experiments\wth_generated_qc\SYA\SYA2021.WTH,normal_year;nitrogen_stress_year;low_response_year,normal,SYA2021_normal_grid_S0028,low_input_within_10pct_yield,2021-06-23,174,69,64,"{""sim_day"": 69.0, ""doy"": 174.0, ""topwt"": 1526.0568237304688, ""grnwt"": 0.0, ""xlai"": 1.660864233970642, ""totir"": 0.0, ""tofer"": NaN, ""swfac"": 0.0, ""nstres"": 0.0}",0.0,0.0,1526.0568237304688,0.0,1.660864233970642,0.0,,0.0,0.0,0.0,180.0,56.90764770507813,56.90764770507813,Leave_One_experiments/all_year_offline_schedule_search/daily_outputs/SYA/SYA_2021_SYA2021_normal_grid_S0028_daily.csv
SYA,SYA,Shenyang,2021,Leave_One_experiments\wth_generated_qc\SYA\SYA2021.WTH,normal_year;nitrogen_stress_year;low_response_year,normal,SYA2021_normal_grid_S0028,low_input_within_10pct_yield,2021-06-24,175,70,65,"{""sim_day"": 70.0, ""doy"": 175.0, ""topwt"": 1648.3599853515625, ""grnwt"": 0.0, ""xlai"": 1.738255262374878, ""totir"": 0.0, ""tofer"": NaN, ""swfac"": 0.0, ""nstres"": 0.0}",0.0,0.0,1648.3599853515625,0.0,1.738255262374878,0.0,,0.0,0.0,0.0,180.0,56.90764770507813,56.90764770507813,Leave_One_experiments/all_year_offline_schedule_search/daily_outputs/SYA/SYA_2021_SYA2021_normal_grid_S0028_daily.csv
SYA,SYA,Shenyang,2021,Leave_One_experiments\wth_generated_qc\SYA\SYA2021.WTH,normal_year;nitrogen_stress_year;low_response_year,normal,SYA2021_normal_grid_S0028,low_input_within_10pct_yield,2021-06-25,176,71,66,"{""sim_day"": 71.0, ""doy"": 176.0, ""topwt"": 1735.3468322753906, ""grnwt"": 0.0, ""xlai"": 1.790888786315918, ""totir"": 0.0, ""tofer"": NaN, ""swfac"": 0.0, ""nstres"": 0.0}",0.0,0.0,1735.3468322753906,0.0,1.790888786315918,0.0,,0.0,0.0,0.0,180.0,56.90764770507813,56.90764770507813,Leave_One_experiments/all_year_offline_schedule_search/daily_outputs/SYA/SYA_2021_SYA2021_normal_grid_S0028_daily.csv
SYA,SYA,Shenyang,2021,Leave_One_experiments\wth_generated_qc\SYA\SYA2021.WTH,normal_year;nitrogen_stress_year;low_response_year,normal,SYA2021_normal_grid_S0028,low_input_within_10pct_yield,2021-06-26,177,72,67,"{""sim_day"": 72.0, ""doy"": 177.0, ""topwt"": 1812.3722839355469, ""grnwt"": 0.0, ""xlai"": 1.835605263710022, ""totir"": 0.0, ""tofer"": NaN, ""swfac"": 0.0, ""nstres"": 0.0}",0.0,0.0,1812.3722839355469,0.0,1.835605263710022,0.0,,0.0,0.0,0.0,180.0,56.90764770507813,56.90764770507813,Leave_One_experiments/all_year_offline_schedule_search/daily_outputs/SYA/SYA_2021_SYA2021_normal_grid_S0028_daily.csv
SYA,SYA,Shenyang,2021,Leave_One_experiments\wth_generated_qc\SYA\SYA2021.WTH,normal_year;nitrogen_stress_year;low_response_year,normal,SYA2021_normal_grid_S0028,low_input_within_10pct_yield,2021-06-27,178,73,68,"{""sim_day"": 73.0, ""doy"": 178.0, ""topwt"": 1910.586853027344, ""grnwt"": 0.0, ""xlai"": 1.8901554346084597, ""totir"": 0.0, ""tofer"": NaN, ""swfac"": 0.0, ""nstres"": 0.0}",0.0,0.0,1910.586853027344,0.0,1.8901554346084597,0.0,,0.0,0.0,0.0,180.0,56.90764770507813,56.90764770507813,Leave_One_experiments/all_year_offline_schedule_search/daily_outputs/SYA/SYA_2021_SYA2021_normal_grid_S0028_daily.csv
SYA,SYA,Shenyang,2021,Leave_One_experiments\wth_generated_qc\SYA\SYA2021.WTH,normal_year;nitrogen_stress_year;low_response_year,normal,SYA2021_normal_grid_S0028,low_input_within_10pct_yield,2021-06-28,179,74,69,"{""sim_day"": 74.0, ""doy"": 179.0, ""topwt"": 2138.040771484375, ""grnwt"": 0.0, ""xlai"": 2.02131724357605, ""totir"": 0.0, ""tofer"": NaN, ""swfac"": 0.0, ""nstres"": 0.0}",0.0,0.0,2138.040771484375,0.0,2.02131724357605,0.0,,0.0,0.0,0.0,180.0,56.90764770507813,56.90764770507813,Leave_One_experiments/all_year_offline_schedule_search/daily_outputs/SYA/SYA_2021_SYA2021_normal_grid_S0028_daily.csv
SYA,SYA,Shenyang,2021,Leave_One_experiments\wth_generated_qc\SYA\SYA2021.WTH,normal_year;nitrogen_stress_year;low_response_year,normal,SYA2021_normal_grid_S0028,low_input_within_10pct_yield,2021-06-29,180,75,70,"{""sim_day"": 75.0, ""doy"": 180.0, ""topwt"": 2326.2754821777344, ""grnwt"": 0.0, ""xlai"": 2.1094210147857666, ""totir"": 0.0, ""tofer"": NaN, ""swfac"": 0.0, ""nstres"": 0.0}",0.0,0.0,2326.2754821777344,0.0,2.1094210147857666,0.0,,0.0,0.0,0.0,180.0,56.90764770507813,56.90764770507813,Leave_One_experiments/all_year_offline_schedule_search/daily_outputs/SYA/SYA_2021_SYA2021_normal_grid_S0028_daily.csv
SYA,SYA,Shenyang,2021,Leave_One_experiments\wth_generated_qc\SYA\SYA2021.WTH,normal_year;nitrogen_stress_year;low_response_year,normal,SYA2021_normal_grid_S0028,low_input_within_10pct_yield,2021-06-30,181,76,71,"{""sim_day"": 76.0, ""doy"": 181.0, ""topwt"": 2536.861267089844, ""grnwt"": 0.0, ""xlai"": 2.194945812225342, ""totir"": 0.0, ""tofer"": NaN, ""swfac"": 0.0, ""nstres"": 0.0}",0.0,0.0,2536.861267089844,0.0,2.194945812225342,0.0,,0.0,0.0,0.0,180.0,56.90764770507813,56.90764770507813,Leave_One_experiments/all_year_offline_schedule_search/daily_outputs/SYA/SYA_2021_SYA2021_normal_grid_S0028_daily.csv
SYA,SYA,Shenyang,2021,Leave_One_experiments\wth_generated_qc\SYA\SYA2021.WTH,normal_year;nitrogen_stress_year;low_response_year,normal,SYA2021_normal_grid_S0028,low_input_within_10pct_yield,2021-07-01,182,77,72,"{""sim_day"": 77.0, ""doy"": 182.0, ""topwt"": 2760.9957885742188, ""grnwt"": 0.0, ""xlai"": 2.276752233505249, ""totir"": 0.0, ""tofer"": NaN, ""swfac"": 0.0, ""nstres"": 0.0}",0.0,0.0,2760.9957885742188,0.0,2.276752233505249,0.0,,0.0,0.0,0.0,180.0,56.90764770507813,56.90764770507813,Leave_One_experiments/all_year_offline_schedule_search/daily_outputs/SYA/SYA_2021_SYA2021_normal_grid_S0028_daily.csv
SYA,SYA,Shenyang,2021,Leave_One_experiments\wth_generated_qc\SYA\SYA2021.WTH,normal_year;nitrogen_stress_year;low_response_year,normal,SYA2021_normal_grid_S0028,low_input_within_10pct_yield,2021-07-02,183,78,73,"{""sim_day"": 78.0, ""doy"": 183.0, ""topwt"": 2865.3201293945312, ""grnwt"": 0.0, ""xlai"": 2.312145948410034, ""totir"": 0.0, ""tofer"": NaN, ""swfac"": 0.0, ""nstres"": 0.0}",0.0,0.0,2865.3201293945312,0.0,2.312145948410034,0.0,,0.0,0.0,0.0,180.0,56.90764770507813,56.90764770507813,Leave_One_experiments/all_year_offline_schedule_search/daily_outputs/SYA/SYA_2021_SYA2021_normal_grid_S0028_daily.csv
SYA,SYA,Shenyang,2021,Leave_One_experiments\wth_generated_qc\SYA\SYA2021.WTH,normal_year;nitrogen_stress_year;low_response_year,normal,SYA2021_normal_grid_S0028,low_input_within_10pct_yield,2021-07-03,184,79,74,"{""sim_day"": 79.0, ""doy"": 184.0, ""topwt"": 3036.744079589844, ""grnwt"": 0.0, ""xlai"": 2.3670766353607178, ""totir"": 0.0, ""tofer"": NaN, ""swfac"": 0.0, ""nstres"": 0.0}",0.0,0.0,3036.744079589844,0.0,2.3670766353607178,0.0,,0.0,0.0,0.0,180.0,56.90764770507813,56.90764770507813,Leave_One_experiments/all_year_offline_schedule_search/daily_outputs/SYA/SYA_2021_SYA2021_normal_grid_S0028_daily.csv
SYA,SYA,Shenyang,2021,Leave_One_experiments\wth_generated_qc\SYA\SYA2021.WTH,normal_year;nitrogen_stress_year;low_response_year,normal,SYA2021_normal_grid_S0028,low_input_within_10pct_yield,2021-07-04,185,80,75,"{""sim_day"": 80.0, ""doy"": 185.0, ""topwt"": 3236.7657470703125, ""grnwt"": 0.0, ""xlai"": 2.427380323410034, ""totir"": 0.0, ""tofer"": NaN, ""swfac"": 0.0, ""nstres"": 0.0}",0.0,0.0,3236.7657470703125,0.0,2.427380323410034,0.0,,0.0,0.0,0.0,180.0,56.90764770507813,56.90764770507813,Leave_One_experiments/all_year_offline_schedule_search/daily_outputs/SYA/SYA_2021_SYA2021_normal_grid_S0028_daily.csv
SYA,SYA,Shenyang,2021,Leave_One_experiments\wth_generated_qc\SYA\SYA2021.WTH,normal_year;nitrogen_stress_year;low_response_year,normal,SYA2021_normal_grid_S0028,low_input_within_10pct_yield,2021-07-05,186,81,76,"{""sim_day"": 81.0, ""doy"": 186.0, ""topwt"": 3427.2247314453125, ""grnwt"": 0.0, ""xlai"": 2.4818713665008545, ""totir"": 0.0, ""tofer"": NaN, ""swfac"": 0.0, ""nstres"": 0.0}",0.0,0.0,3427.2247314453125,0.0,2.4818713665008545,0.0,,0.0,0.0,0.0,180.0,56.90764770507813,56.90764770507813,Leave_One_experiments/all_year_offline_schedule_search/daily_outputs/SYA/SYA_2021_SYA2021_normal_grid_S0028_daily.csv
SYA,SYA,Shenyang,2021,Leave_One_experiments\wth_generated_qc\SYA\SYA2021.WTH,normal_year;nitrogen_stress_year;low_response_year,normal,SYA2021_normal_grid_S0028,low_input_within_10pct_yield,2021-07-06,187,82,77,"{""sim_day"": 82.0, ""doy"": 187.0, ""topwt"": 3617.9757690429688, ""grnwt"": 0.0, ""xlai"": 2.5339243412017822, ""totir"": 0.0, ""tofer"": NaN, ""swfac"": 0.0, ""nstres"": 0.0}",0.0,0.0,3617.9757690429688,0.0,2.5339243412017822,0.0,,0.0,0.0,0.0,180.0,56.90764770507813,56.90764770507813,Leave_One_experiments/all_year_offline_schedule_search/daily_outputs/SYA/SYA_2021_SYA2021_normal_grid_S0028_daily.csv
SYA,SYA,Shenyang,2021,Leave_One_experiments\wth_generated_qc\SYA\SYA2021.WTH,normal_year;nitrogen_stress_year;low_response_year,normal,SYA2021_normal_grid_S0028,low_input_within_10pct_yield,2021-07-07,188,83,78,"{""sim_day"": 83.0, ""doy"": 188.0, ""topwt"": 3808.284912109375, ""grnwt"": 0.0, ""xlai"": 2.583665132522583, ""totir"": 0.0, ""tofer"": NaN, ""swfac"": 0.0, ""nstres"": 0.0}",0.0,0.0,3808.284912109375,0.0,2.583665132522583,0.0,,0.0,0.0,0.0,180.0,56.90764770507813,56.90764770507813,Leave_One_experiments/all_year_offline_schedule_search/daily_outputs/SYA/SYA_2021_SYA2021_normal_grid_S0028_daily.csv
SYA,SYA,Shenyang,2021,Leave_One_experiments\wth_generated_qc\SYA\SYA2021.WTH,normal_year;nitrogen_stress_year;low_response_year,normal,SYA2021_normal_grid_S0028,low_input_within_10pct_yield,2021-07-08,189,84,79,"{""sim_day"": 84.0, ""doy"": 189.0, ""topwt"": 3982.677612304688, ""grnwt"": 0.0, ""xlai"": 2.6275904178619385, ""totir"": 0.0, ""tofer"": NaN, ""swfac"": 0.0, ""nstres"": 0.0}",0.0,0.0,3982.677612304688,0.0,2.6275904178619385,0.0,,0.0,0.0,0.0,180.0,56.90764770507813,56.90764770507813,Leave_One_experiments/all_year_offline_schedule_search/daily_outputs/SYA/SYA_2021_SYA2021_normal_grid_S0028_daily.csv
SYA,SYA,Shenyang,2021,Leave_One_experiments\wth_generated_qc\SYA\SYA2021.WTH,normal_year;nitrogen_stress_year;low_response_year,normal,SYA2021_normal_grid_S0028,low_input_within_10pct_yield,2021-07-09,190,85,80,"{""sim_day"": 85.0, ""doy"": 190.0, ""topwt"": 4159.46044921875, ""grnwt"": 0.0, ""xlai"": 2.672070026397705, ""totir"": 0.0, ""tofer"": NaN, ""swfac"": 0.0, ""nstres"": 0.0}",0.0,0.0,4159.46044921875,0.0,2.672070026397705,0.0,,0.0,0.0,0.0,180.0,56.90764770507813,56.90764770507813,Leave_One_experiments/all_year_offline_schedule_search/daily_outputs/SYA/SYA_2021_SYA2021_normal_grid_S0028_daily.csv
SYA,SYA,Shenyang,2021,Leave_One_experiments\wth_generated_qc\SYA\SYA2021.WTH,normal_year;nitrogen_stress_year;low_response_year,normal,SYA2021_normal_grid_S0028,low_input_within_10pct_yield,2021-07-10,191,86,81,"{""sim_day"": 86.0, ""doy"": 191.0, ""topwt"": 4366.825866699219, ""grnwt"": 0.0, ""xlai"": 2.7242231369018555, ""totir"": 0.0, ""tofer"": NaN, ""swfac"": 0.0, ""nstres"": 0.0}",0.0,0.0,4366.825866699219,0.0,2.7242231369018555,0.0,,0.0,0.0,0.0,180.0,56.90764770507813,56.90764770507813,Leave_One_experiments/all_year_offline_schedule_search/daily_outputs/SYA/SYA_2021_SYA2021_normal_grid_S0028_daily.csv
SYA,SYA,Shenyang,2021,Leave_One_experiments\wth_generated_qc\SYA\SYA2021.WTH,normal_year;nitrogen_stress_year;low_response_year,normal,SYA2021_normal_grid_S0028,low_input_within_10pct_yield,2021-07-11,192,87,82,"{""sim_day"": 87.0, ""doy"": 192.0, ""topwt"": 4576.103515625, ""grnwt"": 0.0, ""xlai"": 2.7767906188964844, ""totir"": 0.0, ""tofer"": NaN, ""swfac"": 0.0, ""nstres"": 0.0}",0.0,0.0,4576.103515625,0.0,2.7767906188964844,0.0,,0.0,0.0,0.0,180.0,56.90764770507813,56.90764770507813,Leave_One_experiments/all_year_offline_schedule_search/daily_outputs/SYA/SYA_2021_SYA2021_normal_grid_S0028_daily.csv
SYA,SYA,Shenyang,2021,Leave_One_experiments\wth_generated_qc\SYA\SYA2021.WTH,normal_year;nitrogen_stress_year;low_response_year,normal,SYA2021_normal_grid_S0028,low_input_within_10pct_yield,2021-07-12,193,88,83,"{""sim_day"": 88.0, ""doy"": 193.0, ""topwt"": 4748.2403564453125, ""grnwt"": 0.0, ""xlai"": 2.819932460784912, ""totir"": 0.0, ""tofer"": NaN, ""swfac"": 0.0, ""nstres"": 0.0}",0.0,0.0,4748.2403564453125,0.0,2.819932460784912,0.0,,0.0,0.0,0.0,180.0,56.90764770507813,56.90764770507813,Leave_One_experiments/all_year_offline_schedule_search/daily_outputs/SYA/SYA_2021_SYA2021_normal_grid_S0028_daily.csv
SYA,SYA,Shenyang,2021,Leave_One_experiments\wth_generated_qc\SYA\SYA2021.WTH,normal_year;nitrogen_stress_year;low_response_year,normal,SYA2021_normal_grid_S0028,low_input_within_10pct_yield,2021-07-13,194,89,84,"{""sim_day"": 89.0, ""doy"": 194.0, ""topwt"": 4946.4447021484375, ""grnwt"": 0.0, ""xlai"": 2.86959171295166, ""totir"": 0.0, ""tofer"": NaN, ""swfac"": 0.0, ""nstres"": 0.0}",0.0,0.0,4946.4447021484375,0.0,2.86959171295166,0.0,,0.0,0.0,0.0,180.0,56.90764770507813,56.90764770507813,Leave_One_experiments/all_year_offline_schedule_search/daily_outputs/SYA/SYA_2021_SYA2021_normal_grid_S0028_daily.csv
SYA,SYA,Shenyang,2021,Leave_One_experiments\wth_generated_qc\SYA\SYA2021.WTH,normal_year;nitrogen_stress_year;low_response_year,normal,SYA2021_normal_grid_S0028,low_input_within_10pct_yield,2021-07-14,195,90,85,"{""sim_day"": 90.0, ""doy"": 195.0, ""topwt"": 5150.6451416015625, ""grnwt"": 0.0, ""xlai"": 2.920698881149292, ""totir"": 0.0, ""tofer"": NaN, ""swfac"": 0.0, ""nstres"": 0.0}",0.0,0.0,5150.6451416015625,0.0,2.920698881149292,0.0,,0.0,0.0,0.0,180.0,56.90764770507813,56.90764770507813,Leave_One_experiments/all_year_offline_schedule_search/daily_outputs/SYA/SYA_2021_SYA2021_normal_grid_S0028_daily.csv
SYA,SYA,Shenyang,2021,Leave_One_experiments\wth_generated_qc\SYA\SYA2021.WTH,normal_year;nitrogen_stress_year;low_response_year,normal,SYA2021_normal_grid_S0028,low_input_within_10pct_yield,2021-07-15,196,91,86,"{""sim_day"": 91.0, ""doy"": 196.0, ""topwt"": 5583.30322265625, ""grnwt"": 0.0, ""xlai"": 2.7747950553894043, ""totir"": 0.0, ""tofer"": NaN, ""swfac"": 0.0, ""nstres"": 0.0}",0.0,0.0,5583.30322265625,0.0,2.7747950553894043,0.0,,0.0,0.0,0.0,180.0,56.90764770507813,56.90764770507813,Leave_One_experiments/all_year_offline_schedule_search/daily_outputs/SYA/SYA_2021_SYA2021_normal_grid_S0028_daily.csv
SYA,SYA,Shenyang,2021,Leave_One_experiments\wth_generated_qc\SYA\SYA2021.WTH,normal_year;nitrogen_stress_year;low_response_year,normal,SYA2021_normal_grid_S0028,low_input_within_10pct_yield,2021-07-16,197,92,87,"{""sim_day"": 92.0, ""doy"": 197.0, ""topwt"": 6008.3502197265625, ""grnwt"": 0.0, ""xlai"": 2.760932922363281, ""totir"": 0.0, ""tofer"": NaN, ""swfac"": 0.0, ""nstres"": 0.0}",0.0,0.0,6008.3502197265625,0.0,2.760932922363281,0.0,,0.0,0.0,0.0,180.0,56.90764770507813,56.90764770507813,Leave_One_experiments/all_year_offline_schedule_search/daily_outputs/SYA/SYA_2021_SYA2021_normal_grid_S0028_daily.csv
SYA,SYA,Shenyang,2021,Leave_One_experiments\wth_generated_qc\SYA\SYA2021.WTH,normal_year;nitrogen_stress_year;low_response_year,normal,SYA2021_normal_grid_S0028,low_input_within_10pct_yield,2021-07-17,198,93,88,"{""sim_day"": 93.0, ""doy"": 198.0, ""topwt"": 6382.511596679688, ""grnwt"": 0.0, ""xlai"": 2.7471439838409424, ""totir"": 0.0, ""tofer"": NaN, ""swfac"": 0.0, ""nstres"": 0.0}",0.0,0.0,6382.511596679688,0.0,2.7471439838409424,0.0,,0.0,0.0,0.0,180.0,56.90764770507813,56.90764770507813,Leave_One_experiments/all_year_offline_schedule_search/daily_outputs/SYA/SYA_2021_SYA2021_normal_grid_S0028_daily.csv
SYA,SYA,Shenyang,2021,Leave_One_experiments\wth_generated_qc\SYA\SYA2021.WTH,normal_year;nitrogen_stress_year;low_response_year,normal,SYA2021_normal_grid_S0028,low_input_within_10pct_yield,2021-07-18,199,94,89,"{""sim_day"": 94.0, ""doy"": 199.0, ""topwt"": 6760.567626953125, ""grnwt"": 0.0, ""xlai"": 2.7333552837371826, ""totir"": 0.0, ""tofer"": NaN, ""swfac"": 0.0, ""nstres"": 0.0}",0.0,0.0,6760.567626953125,0.0,2.7333552837371826,0.0,,0.0,0.0,0.0,180.0,56.90764770507813,56.90764770507813,Leave_One_experiments/all_year_offline_schedule_search/daily_outputs/SYA/SYA_2021_SYA2021_normal_grid_S0028_daily.csv
SYA,SYA,Shenyang,2021,Leave_One_experiments\wth_generated_qc\SYA\SYA2021.WTH,normal_year;nitrogen_stress_year;low_response_year,normal,SYA2021_normal_grid_S0028,low_input_within_10pct_yield,2021-07-19,200,95,90,"{""sim_day"": 95.0, ""doy"": 200.0, ""topwt"": 7105.0372314453125, ""grnwt"": 0.0, ""xlai"": 2.7198596000671387, ""totir"": 0.0, ""tofer"": NaN, ""swfac"": 0.0, ""nstres"": 0.0}",0.0,0.0,7105.0372314453125,0.0,2.7198596000671387,0.0,,0.0,0.0,0.0,180.0,56.90764770507813,56.90764770507813,Leave_One_experiments/all_year_offline_schedule_search/daily_outputs/SYA/SYA_2021_SYA2021_normal_grid_S0028_daily.csv
SYA,SYA,Shenyang,2021,Leave_One_experiments\wth_generated_qc\SYA\SYA2021.WTH,normal_year;nitrogen_stress_year;low_response_year,normal,SYA2021_normal_grid_S0028,low_input_within_10pct_yield,2021-07-20,201,96,91,"{""sim_day"": 96.0, ""doy"": 201.0, ""topwt"": 7388.697509765625, ""grnwt"": 0.0, ""xlai"": 2.705777645111084, ""totir"": 0.0, ""tofer"": NaN, ""swfac"": 0.0, ""nstres"": 0.0}",0.0,0.0,7388.697509765625,0.0,2.705777645111084,0.0,,0.0,0.0,0.0,180.0,56.90764770507813,56.90764770507813,Leave_One_experiments/all_year_offline_schedule_search/daily_outputs/SYA/SYA_2021_SYA2021_normal_grid_S0028_daily.csv
SYA,SYA,Shenyang,2021,Leave_One_experiments\wth_generated_qc\SYA\SYA2021.WTH,normal_year;nitrogen_stress_year;low_response_year,normal,SYA2021_normal_grid_S0028,low_input_within_10pct_yield,2021-07-21,202,97,92,"{""sim_day"": 97.0, ""doy"": 202.0, ""topwt"": 7621.785888671875, ""grnwt"": 0.0, ""xlai"": 2.6909987926483154, ""totir"": 0.0, ""tofer"": NaN, ""swfac"": 0.0, ""nstres"": 0.0}",0.0,0.0,7621.785888671875,0.0,2.6909987926483154,0.0,,0.0,0.0,0.0,180.0,56.90764770507813,56.90764770507813,Leave_One_experiments/all_year_offline_schedule_search/daily_outputs/SYA/SYA_2021_SYA2021_normal_grid_S0028_daily.csv
SYA,SYA,Shenyang,2021,Leave_One_experiments\wth_generated_qc\SYA\SYA2021.WTH,normal_year;nitrogen_stress_year;low_response_year,normal,SYA2021_normal_grid_S0028,low_input_within_10pct_yield,2021-07-22,203,98,93,"{""sim_day"": 98.0, ""doy"": 203.0, ""topwt"": 7906.257934570312, ""grnwt"": 0.0, ""xlai"": 2.676549434661865, ""totir"": 0.0, ""tofer"": NaN, ""swfac"": 0.0, ""nstres"": 0.0}",0.0,0.0,7906.257934570312,0.0,2.676549434661865,0.0,,0.0,0.0,0.0,180.0,56.90764770507813,56.90764770507813,Leave_One_experiments/all_year_offline_schedule_search/daily_outputs/SYA/SYA_2021_SYA2021_normal_grid_S0028_daily.csv
SYA,SYA,Shenyang,2021,Leave_One_experiments\wth_generated_qc\SYA\SYA2021.WTH,normal_year;nitrogen_stress_year;low_response_year,normal,SYA2021_normal_grid_S0028,low_input_within_10pct_yield,2021-07-23,204,99,94,"{""sim_day"": 99.0, ""doy"": 204.0, ""topwt"": 8226.687622070312, ""grnwt"": 320.4296112060547, ""xlai"": 2.6226041316986084, ""totir"": 0.0, ""tofer"": NaN, ""swfac"": 0.0, ""nstres"": 0.0}",0.0,0.0,8226.687622070312,320.4296112060547,2.6226041316986084,0.0,,0.0,0.0,0.0,180.0,56.90764770507813,56.90764770507813,Leave_One_experiments/all_year_offline_schedule_search/daily_outputs/SYA/SYA_2021_SYA2021_normal_grid_S0028_daily.csv
SYA,SYA,Shenyang,2021,Leave_One_experiments\wth_generated_qc\SYA\SYA2021.WTH,normal_year;nitrogen_stress_year;low_response_year,normal,SYA2021_normal_grid_S0028,low_input_within_10pct_yield,2021-07-24,205,100,95,"{""sim_day"": 100.0, ""doy"": 205.0, ""topwt"": 8573.034057617188, ""grnwt"": 666.7763519287109, ""xlai"": 2.615728616714477, ""totir"": 0.0, ""tofer"": NaN, ""swfac"": 0.0, ""nstres"": 0.0}",0.0,0.0,8573.034057617188,666.7763519287109,2.615728616714477,0.0,,0.0,0.0,0.0,180.0,56.90764770507813,56.90764770507813,Leave_One_experiments/all_year_offline_schedule_search/daily_outputs/SYA/SYA_2021_SYA2021_normal_grid_S0028_daily.csv
SYA,SYA,Shenyang,2021,Leave_One_experiments\wth_generated_qc\SYA\SYA2021.WTH,normal_year;nitrogen_stress_year;low_response_year,normal,SYA2021_normal_grid_S0028,low_input_within_10pct_yield,2021-07-25,206,101,96,"{""sim_day"": 101.0, ""doy"": 206.0, ""topwt"": 8932.843627929688, ""grnwt"": 1029.615707397461, ""xlai"": 2.6074435710906982, ""totir"": 0.0, ""tofer"": NaN, ""swfac"": 0.0, ""nstres"": 0.0}",0.0,0.0,8932.843627929688,1029.615707397461,2.6074435710906982,0.0,,0.0,0.0,0.0,180.0,56.90764770507813,56.90764770507813,Leave_One_experiments/all_year_offline_schedule_search/daily_outputs/SYA/SYA_2021_SYA2021_normal_grid_S0028_daily.csv
SYA,SYA,Shenyang,2021,Leave_One_experiments\wth_generated_qc\SYA\SYA2021.WTH,normal_year;nitrogen_stress_year;low_response_year,normal,SYA2021_normal_grid_S0028,low_input_within_10pct_yield,2021-07-26,207,102,97,"{""sim_day"": 102.0, ""doy"": 207.0, ""topwt"": 9261.016235351562, ""grnwt"": 1354.7576904296875, ""xlai"": 2.5970346927642822, ""totir"": 0.0, ""tofer"": NaN, ""swfac"": 0.0, ""nstres"": 0.0}",0.0,0.0,9261.016235351562,1354.7576904296875,2.5970346927642822,0.0,,0.0,0.0,0.0,180.0,56.90764770507813,56.90764770507813,Leave_One_experiments/all_year_offline_schedule_search/daily_outputs/SYA/SYA_2021_SYA2021_normal_grid_S0028_daily.csv
SYA,SYA,Shenyang,2021,Leave_One_experiments\wth_generated_qc\SYA\SYA2021.WTH,normal_year;nitrogen_stress_year;low_response_year,normal,SYA2021_normal_grid_S0028,low_input_within_10pct_yield,2021-07-27,208,103,98,"{""sim_day"": 103.0, ""doy"": 208.0, ""topwt"": 9560.240478515623, ""grnwt"": 1653.982391357422, ""xlai"": 2.5842835903167725, ""totir"": 0.0, ""tofer"": NaN, ""swfac"": 0.0, ""nstres"": 0.0}",0.0,0.0,9560.240478515623,1653.982391357422,2.5842835903167725,0.0,,0.0,0.0,0.0,180.0,56.90764770507813,56.90764770507813,Leave_One_experiments/all_year_offline_schedule_search/daily_outputs/SYA/SYA_2021_SYA2021_normal_grid_S0028_daily.csv
SYA,SYA,Shenyang,2021,Leave_One_experiments\wth_generated_qc\SYA\SYA2021.WTH,normal_year;nitrogen_stress_year;low_response_year,normal,SYA2021_normal_grid_S0028,low_input_within_10pct_yield,2021-07-28,209,104,99,"{""sim_day"": 104.0, ""doy"": 209.0, ""topwt"": 9805.804443359377, ""grnwt"": 1990.904693603516, ""xlai"": 2.5698611736297607, ""totir"": 0.0, ""tofer"": NaN, ""swfac"": 0.0, ""nstres"": 0.0}",0.0,0.0,9805.804443359377,1990.904693603516,2.5698611736297607,0.0,,0.0,0.0,0.0,180.0,56.90764770507813,56.90764770507813,Leave_One_experiments/all_year_offline_schedule_search/daily_outputs/SYA/SYA_2021_SYA2021_normal_grid_S0028_daily.csv
SYA,SYA,Shenyang,2021,Leave_One_experiments\wth_generated_qc\SYA\SYA2021.WTH,normal_year;nitrogen_stress_year;low_response_year,normal,SYA2021_normal_grid_S0028,low_input_within_10pct_yield,2021-07-29,210,105,100,"{""sim_day"": 105.0, ""doy"": 210.0, ""topwt"": 9862.085571289062, ""grnwt"": 2367.880859375, ""xlai"": 2.5560123920440674, ""totir"": 0.0, ""tofer"": NaN, ""swfac"": 0.0, ""nstres"": 0.0}",0.0,0.0,9862.085571289062,2367.880859375,2.5560123920440674,0.0,,0.0,0.0,0.0,180.0,56.90764770507813,56.90764770507813,Leave_One_experiments/all_year_offline_schedule_search/daily_outputs/SYA/SYA_2021_SYA2021_normal_grid_S0028_daily.csv
SYA,SYA,Shenyang,2021,Leave_One_experiments\wth_generated_qc\SYA\SYA2021.WTH,normal_year;nitrogen_stress_year;low_response_year,normal,SYA2021_normal_grid_S0028,low_input_within_10pct_yield,2021-07-30,211,106,101,"{""sim_day"": 106.0, ""doy"": 211.0, ""topwt"": 10008.870849609377, ""grnwt"": 2744.8568725585938, ""xlai"": 2.5392212867736816, ""totir"": 0.0, ""tofer"": NaN, ""swfac"": 0.0, ""nstres"": 0.0}",0.0,0.0,10008.870849609377,2744.8568725585938,2.5392212867736816,0.0,,0.0,0.0,0.0,180.0,56.90764770507813,56.90764770507813,Leave_One_experiments/all_year_offline_schedule_search/daily_outputs/SYA/SYA_2021_SYA2021_normal_grid_S0028_daily.csv
SYA,SYA,Shenyang,2021,Leave_One_experiments\wth_generated_qc\SYA\SYA2021.WTH,normal_year;nitrogen_stress_year;low_response_year,normal,SYA2021_normal_grid_S0028,low_input_within_10pct_yield,2021-07-31,212,107,102,"{""sim_day"": 107.0, ""doy"": 212.0, ""topwt"": 10280.07568359375, ""grnwt"": 3121.8328857421875, ""xlai"": 2.519836664199829, ""totir"": 0.0, ""tofer"": NaN, ""swfac"": 0.0, ""nstres"": 0.0}",0.0,0.0,10280.07568359375,3121.8328857421875,2.519836664199829,0.0,,0.0,0.0,0.0,180.0,56.90764770507813,56.90764770507813,Leave_One_experiments/all_year_offline_schedule_search/daily_outputs/SYA/SYA_2021_SYA2021_normal_grid_S0028_daily.csv
SYA,SYA,Shenyang,2021,Leave_One_experiments\wth_generated_qc\SYA\SYA2021.WTH,normal_year;nitrogen_stress_year;low_response_year,normal,SYA2021_normal_grid_S0028,low_input_within_10pct_yield,2021-08-01,213,108,103,"{""sim_day"": 108.0, ""doy"": 213.0, ""topwt"": 10480.3076171875, ""grnwt"": 3498.808898925781, ""xlai"": 2.5009140968322754, ""totir"": 0.0, ""tofer"": NaN, ""swfac"": 0.0, ""nstres"": 0.0}",0.0,0.0,10480.3076171875,3498.808898925781,2.5009140968322754,0.0,,0.0,0.0,0.0,180.0,56.90764770507813,56.90764770507813,Leave_One_experiments/all_year_offline_schedule_search/daily_outputs/SYA/SYA_2021_SYA2021_normal_grid_S0028_daily.csv
SYA,SYA,Shenyang,2021,Leave_One_experiments\wth_generated_qc\SYA\SYA2021.WTH,normal_year;nitrogen_stress_year;low_response_year,normal,SYA2021_normal_grid_S0028,low_input_within_10pct_yield,2021-08-02,214,109,104,"{""sim_day"": 109.0, ""doy"": 214.0, ""topwt"": 10767.235107421877, ""grnwt"": 3809.935607910156, ""xlai"": 2.480986833572388, ""totir"": 0.0, ""tofer"": NaN, ""swfac"": 0.0, ""nstres"": 0.0}",0.0,0.0,10767.235107421877,3809.935607910156,2.480986833572388,0.0,,0.0,0.0,0.0,180.0,56.90764770507813,56.90764770507813,Leave_One_experiments/all_year_offline_schedule_search/daily_outputs/SYA/SYA_2021_SYA2021_normal_grid_S0028_daily.csv
SYA,SYA,Shenyang,2021,Leave_One_experiments\wth_generated_qc\SYA\SYA2021.WTH,normal_year;nitrogen_stress_year;low_response_year,normal,SYA2021_normal_grid_S0028,low_input_within_10pct_yield,2021-08-03,215,110,105,"{""sim_day"": 110.0, ""doy"": 215.0, ""topwt"": 11054.166259765623, ""grnwt"": 4096.866760253906, ""xlai"": 2.4563698768615723, ""totir"": 0.0, ""tofer"": NaN, ""swfac"": 0.0, ""nstres"": 0.0}",0.0,0.0,11054.166259765623,4096.866760253906,2.4563698768615723,0.0,,0.0,0.0,0.0,180.0,56.90764770507813,56.90764770507813,Leave_One_experiments/all_year_offline_schedule_search/daily_outputs/SYA/SYA_2021_SYA2021_normal_grid_S0028_daily.csv
SYA,SYA,Shenyang,2021,Leave_One_experiments\wth_generated_qc\SYA\SYA2021.WTH,normal_year;nitrogen_stress_year;low_response_year,normal,SYA2021_normal_grid_S0028,low_input_within_10pct_yield,2021-08-04,216,111,106,"{""sim_day"": 111.0, ""doy"": 216.0, ""topwt"": 11182.823486328123, ""grnwt"": 4225.524291992188, ""xlai"": 2.430152416229248, ""totir"": 0.0, ""tofer"": NaN, ""swfac"": 0.0, ""nstres"": 0.0}",0.0,0.0,11182.823486328123,4225.524291992188,2.430152416229248,0.0,,0.0,0.0,0.0,180.0,56.90764770507813,56.90764770507813,Leave_One_experiments/all_year_offline_schedule_search/daily_outputs/SYA/SYA_2021_SYA2021_normal_grid_S0028_daily.csv
SYA,SYA,Shenyang,2021,Leave_One_experiments\wth_generated_qc\SYA\SYA2021.WTH,normal_year;nitrogen_stress_year;low_response_year,normal,SYA2021_normal_grid_S0028,low_input_within_10pct_yield,2021-08-05,217,112,107,"{""sim_day"": 112.0, ""doy"": 217.0, ""topwt"": 11545.933837890623, ""grnwt"": 4588.635559082031, ""xlai"": 2.401909112930298, ""totir"": 0.0, ""tofer"": NaN, ""swfac"": 0.0, ""nstres"": 0.0}",0.0,0.0,11545.933837890623,4588.635559082031,2.401909112930298,0.0,,0.0,0.0,0.0,180.0,56.90764770507813,56.90764770507813,Leave_One_experiments/all_year_offline_schedule_search/daily_outputs/SYA/SYA_2021_SYA2021_normal_grid_S0028_daily.csv
SYA,SYA,Shenyang,2021,Leave_One_experiments\wth_generated_qc\SYA\SYA2021.WTH,normal_year;nitrogen_stress_year;low_response_year,normal,SYA2021_normal_grid_S0028,low_input_within_10pct_yield,2021-08-06,218,113,108,"{""sim_day"": 113.0, ""doy"": 218.0, ""topwt"": 11934.696044921877, ""grnwt"": 4965.611572265625, ""xlai"": 2.3721024990081787, ""totir"": 0.0, ""tofer"": NaN, ""swfac"": 0.0, ""nstres"": 0.0}",0.0,0.0,11934.696044921877,4965.611572265625,2.3721024990081787,0.0,,0.0,0.0,0.0,180.0,56.90764770507813,56.90764770507813,Leave_One_experiments/all_year_offline_schedule_search/daily_outputs/SYA/SYA_2021_SYA2021_normal_grid_S0028_daily.csv
SYA,SYA,Shenyang,2021,Leave_One_experiments\wth_generated_qc\SYA\SYA2021.WTH,normal_year;nitrogen_stress_year;low_response_year,normal,SYA2021_normal_grid_S0028,low_input_within_10pct_yield,2021-08-07,219,114,109,"{""sim_day"": 114.0, ""doy"": 219.0, ""topwt"": 12345.458984375, ""grnwt"": 5342.5872802734375, ""xlai"": 2.337642908096313, ""totir"": 0.0, ""tofer"": NaN, ""swfac"": 0.0, ""nstres"": 0.0}",0.0,0.0,12345.458984375,5342.5872802734375,2.337642908096313,0.0,,0.0,0.0,0.0,180.0,56.90764770507813,56.90764770507813,Leave_One_experiments/all_year_offline_schedule_search/daily_outputs/SYA/SYA_2021_SYA2021_normal_grid_S0028_daily.csv
SYA,SYA,Shenyang,2021,Leave_One_experiments\wth_generated_qc\SYA\SYA2021.WTH,normal_year;nitrogen_stress_year;low_response_year,normal,SYA2021_normal_grid_S0028,low_input_within_10pct_yield,2021-08-08,220,115,110,"{""sim_day"": 115.0, ""doy"": 220.0, ""topwt"": 12563.03955078125, ""grnwt"": 5605.739135742188, ""xlai"": 2.301356077194214, ""totir"": 0.0, ""tofer"": NaN, ""swfac"": 0.0, ""nstres"": 0.0}",0.0,0.0,12563.03955078125,5605.739135742188,2.301356077194214,0.0,,0.0,0.0,0.0,180.0,56.90764770507813,56.90764770507813,Leave_One_experiments/all_year_offline_schedule_search/daily_outputs/SYA/SYA_2021_SYA2021_normal_grid_S0028_daily.csv
SYA,SYA,Shenyang,2021,Leave_One_experiments\wth_generated_qc\SYA\SYA2021.WTH,normal_year;nitrogen_stress_year;low_response_year,normal,SYA2021_normal_grid_S0028,low_input_within_10pct_yield,2021-08-09,221,116,111,"{""sim_day"": 116.0, ""doy"": 221.0, ""topwt"": 12826.35498046875, ""grnwt"": 5869.0557861328125, ""xlai"": 2.2668159008026123, ""totir"": 0.0, ""tofer"": NaN, ""swfac"": 0.0, ""nstres"": 0.0}",0.0,0.0,12826.35498046875,5869.0557861328125,2.2668159008026123,0.0,,0.0,0.0,0.0,180.0,56.90764770507813,56.90764770507813,Leave_One_experiments/all_year_offline_schedule_search/daily_outputs/SYA/SYA_2021_SYA2021_normal_grid_S0028_daily.csv
SYA,SYA,Shenyang,2021,Leave_One_experiments\wth_generated_qc\SYA\SYA2021.WTH,normal_year;nitrogen_stress_year;low_response_year,normal,SYA2021_normal_grid_S0028,low_input_within_10pct_yield,2021-08-10,222,117,112,"{""sim_day"": 117.0, ""doy"": 222.0, ""topwt"": 13074.251708984377, ""grnwt"": 6116.951904296875, ""xlai"": 2.2324061393737797, ""totir"": 0.0, ""tofer"": NaN, ""swfac"": 0.0, ""nstres"": 0.0}",0.0,0.0,13074.251708984377,6116.951904296875,2.2324061393737797,0.0,,0.0,0.0,0.0,180.0,56.90764770507813,56.90764770507813,Leave_One_experiments/all_year_offline_schedule_search/daily_outputs/SYA/SYA_2021_SYA2021_normal_grid_S0028_daily.csv
SYA,SYA,Shenyang,2021,Leave_One_experiments\wth_generated_qc\SYA\SYA2021.WTH,normal_year;nitrogen_stress_year;low_response_year,normal,SYA2021_normal_grid_S0028,low_input_within_10pct_yield,2021-08-11,223,118,113,"{""sim_day"": 118.0, ""doy"": 223.0, ""topwt"": 13217.26318359375, ""grnwt"": 6259.9639892578125, ""xlai"": 2.198211193084717, ""totir"": 0.0, ""tofer"": NaN, ""swfac"": 0.0, ""nstres"": 0.0}",0.0,0.0,13217.26318359375,6259.9639892578125,2.198211193084717,0.0,,0.0,0.0,0.0,180.0,56.90764770507813,56.90764770507813,Leave_One_experiments/all_year_offline_schedule_search/daily_outputs/SYA/SYA_2021_SYA2021_normal_grid_S0028_daily.csv
SYA,SYA,Shenyang,2021,Leave_One_experiments\wth_generated_qc\SYA\SYA2021.WTH,normal_year;nitrogen_stress_year;low_response_year,normal,SYA2021_normal_grid_S0028,low_input_within_10pct_yield,2021-08-12,224,119,114,"{""sim_day"": 119.0, ""doy"": 224.0, ""topwt"": 13535.75927734375, ""grnwt"": 6578.4600830078125, ""xlai"": 2.1635568141937256, ""totir"": 0.0, ""tofer"": NaN, ""swfac"": 0.0, ""nstres"": 0.0}",0.0,0.0,13535.75927734375,6578.4600830078125,2.1635568141937256,0.0,,0.0,0.0,0.0,180.0,56.90764770507813,56.90764770507813,Leave_One_experiments/all_year_offline_schedule_search/daily_outputs/SYA/SYA_2021_SYA2021_normal_grid_S0028_daily.csv
SYA,SYA,Shenyang,2021,Leave_One_experiments\wth_generated_qc\SYA\SYA2021.WTH,normal_year;nitrogen_stress_year;low_response_year,normal,SYA2021_normal_grid_S0028,low_input_within_10pct_yield,2021-08-13,225,120,115,"{""sim_day"": 120.0, ""doy"": 225.0, ""topwt"": 13922.626953125, ""grnwt"": 6955.436401367188, ""xlai"": 2.1250782012939453, ""totir"": 0.0, ""tofer"": NaN, ""swfac"": 0.0, ""nstres"": 0.0}",0.0,0.0,13922.626953125,6955.436401367188,2.1250782012939453,0.0,,0.0,0.0,0.0,180.0,56.90764770507813,56.90764770507813,Leave_One_experiments/all_year_offline_schedule_search/daily_outputs/SYA/SYA_2021_SYA2021_normal_grid_S0028_daily.csv
SYA,SYA,Shenyang,2021,Leave_One_experiments\wth_generated_qc\SYA\SYA2021.WTH,normal_year;nitrogen_stress_year;low_response_year,normal,SYA2021_normal_grid_S0028,low_input_within_10pct_yield,2021-08-14,226,121,116,"{""sim_day"": 121.0, ""doy"": 226.0, ""topwt"": 14206.544189453123, ""grnwt"": 7249.2449951171875, ""xlai"": 2.078831672668457, ""totir"": 0.0, ""tofer"": NaN, ""swfac"": 0.0, ""nstres"": 0.0}",0.0,0.0,14206.544189453123,7249.2449951171875,2.078831672668457,0.0,,0.0,0.0,0.0,180.0,56.90764770507813,56.90764770507813,Leave_One_experiments/all_year_offline_schedule_search/daily_outputs/SYA/SYA_2021_SYA2021_normal_grid_S0028_daily.csv
SYA,SYA,Shenyang,2021,Leave_One_experiments\wth_generated_qc\SYA\SYA2021.WTH,normal_year;nitrogen_stress_year;low_response_year,normal,SYA2021_normal_grid_S0028,low_input_within_10pct_yield,2021-08-15,227,122,117,"{""sim_day"": 122.0, ""doy"": 227.0, ""topwt"": 14373.83056640625, ""grnwt"": 7416.53076171875, ""xlai"": 2.031545400619507, ""totir"": 0.0, ""tofer"": NaN, ""swfac"": 0.0, ""nstres"": 0.0}",0.0,0.0,14373.83056640625,7416.53076171875,2.031545400619507,0.0,,0.0,0.0,0.0,180.0,56.90764770507813,56.90764770507813,Leave_One_experiments/all_year_offline_schedule_search/daily_outputs/SYA/SYA_2021_SYA2021_normal_grid_S0028_daily.csv
SYA,SYA,Shenyang,2021,Leave_One_experiments\wth_generated_qc\SYA\SYA2021.WTH,normal_year;nitrogen_stress_year;low_response_year,normal,SYA2021_normal_grid_S0028,low_input_within_10pct_yield,2021-08-16,228,123,118,"{""sim_day"": 123.0, ""doy"": 228.0, ""topwt"": 14585.828857421877, ""grnwt"": 7628.5296630859375, ""xlai"": 1.98306405544281, ""totir"": 0.0, ""tofer"": NaN, ""swfac"": 0.0, ""nstres"": 0.0}",0.0,0.0,14585.828857421877,7628.5296630859375,1.98306405544281,0.0,,0.0,0.0,0.0,180.0,56.90764770507813,56.90764770507813,Leave_One_experiments/all_year_offline_schedule_search/daily_outputs/SYA/SYA_2021_SYA2021_normal_grid_S0028_daily.csv
SYA,SYA,Shenyang,2021,Leave_One_experiments\wth_generated_qc\SYA\SYA2021.WTH,normal_year;nitrogen_stress_year;low_response_year,normal,SYA2021_normal_grid_S0028,low_input_within_10pct_yield,2021-08-17,229,124,119,"{""sim_day"": 124.0, ""doy"": 229.0, ""topwt"": 14898.8037109375, ""grnwt"": 7941.50390625, ""xlai"": 1.9280611276626587, ""totir"": 0.0, ""tofer"": NaN, ""swfac"": 0.0, ""nstres"": 0.0}",0.0,0.0,14898.8037109375,7941.50390625,1.9280611276626587,0.0,,0.0,0.0,0.0,180.0,56.90764770507813,56.90764770507813,Leave_One_experiments/all_year_offline_schedule_search/daily_outputs/SYA/SYA_2021_SYA2021_normal_grid_S0028_daily.csv
SYA,SYA,Shenyang,2021,Leave_One_experiments\wth_generated_qc\SYA\SYA2021.WTH,normal_year;nitrogen_stress_year;low_response_year,normal,SYA2021_normal_grid_S0028,low_input_within_10pct_yield,2021-08-18,230,125,120,"{""sim_day"": 125.0, ""doy"": 230.0, ""topwt"": 15217.51708984375, ""grnwt"": 8260.218505859375, ""xlai"": 1.8669871091842647, ""totir"": 0.0, ""tofer"": NaN, ""swfac"": 0.0, ""nstres"": 0.0}",0.0,0.0,15217.51708984375,8260.218505859375,1.8669871091842647,0.0,,0.0,0.0,0.0,180.0,56.90764770507813,56.90764770507813,Leave_One_experiments/all_year_offline_schedule_search/daily_outputs/SYA/SYA_2021_SYA2021_normal_grid_S0028_daily.csv
SYA,SYA,Shenyang,2021,Leave_One_experiments\wth_generated_qc\SYA\SYA2021.WTH,normal_year;nitrogen_stress_year;low_response_year,normal,SYA2021_normal_grid_S0028,low_input_within_10pct_yield,2021-08-19,231,126,121,"{""sim_day"": 126.0, ""doy"": 231.0, ""topwt"": 15297.208251953123, ""grnwt"": 8339.908447265625, ""xlai"": 1.8138728141784668, ""totir"": 0.0, ""tofer"": NaN, ""swfac"": 0.0, ""nstres"": 0.0}",0.0,0.0,15297.208251953123,8339.908447265625,1.8138728141784668,0.0,,0.0,0.0,0.0,180.0,56.90764770507813,56.90764770507813,Leave_One_experiments/all_year_offline_schedule_search/daily_outputs/SYA/SYA_2021_SYA2021_normal_grid_S0028_daily.csv
SYA,SYA,Shenyang,2021,Leave_One_experiments\wth_generated_qc\SYA\SYA2021.WTH,normal_year;nitrogen_stress_year;low_response_year,normal,SYA2021_normal_grid_S0028,low_input_within_10pct_yield,2021-08-20,232,127,122,"{""sim_day"": 127.0, ""doy"": 232.0, ""topwt"": 15558.157958984377, ""grnwt"": 8600.858154296875, ""xlai"": 1.7505590915679932, ""totir"": 0.0, ""tofer"": NaN, ""swfac"": 0.0, ""nstres"": 0.0}",0.0,0.0,15558.157958984377,8600.858154296875,1.7505590915679932,0.0,,0.0,0.0,0.0,180.0,56.90764770507813,56.90764770507813,Leave_One_experiments/all_year_offline_schedule_search/daily_outputs/SYA/SYA_2021_SYA2021_normal_grid_S0028_daily.csv
SYA,SYA,Shenyang,2021,Leave_One_experiments\wth_generated_qc\SYA\SYA2021.WTH,normal_year;nitrogen_stress_year;low_response_year,normal,SYA2021_normal_grid_S0028,low_input_within_10pct_yield,2021-08-21,233,128,123,"{""sim_day"": 128.0, ""doy"": 233.0, ""topwt"": 15860.560302734377, ""grnwt"": 8903.262329101562, ""xlai"": 1.680305242538452, ""totir"": 0.0, ""tofer"": NaN, ""swfac"": 0.0, ""nstres"": 0.0113846063613891}",0.0,0.0113846063613891,15860.560302734377,8903.262329101562,1.680305242538452,0.0,,0.0,0.0,0.0,180.0,56.90764770507813,56.90764770507813,Leave_One_experiments/all_year_offline_schedule_search/daily_outputs/SYA/SYA_2021_SYA2021_normal_grid_S0028_daily.csv
SYA,SYA,Shenyang,2021,Leave_One_experiments\wth_generated_qc\SYA\SYA2021.WTH,normal_year;nitrogen_stress_year;low_response_year,normal,SYA2021_normal_grid_S0028,low_input_within_10pct_yield,2021-08-22,234,129,124,"{""sim_day"": 129.0, ""doy"": 234.0, ""topwt"": 16107.010498046877, ""grnwt"": 9149.712524414062, ""xlai"": 1.5946872234344482, ""totir"": 0.0, ""tofer"": NaN, ""swfac"": 0.0, ""nstres"": 0.0586370229721069}",0.0,0.0586370229721069,16107.010498046877,9149.712524414062,1.5946872234344482,0.0,,0.0,0.0,0.0,180.0,56.90764770507813,56.90764770507813,Leave_One_experiments/all_year_offline_schedule_search/daily_outputs/SYA/SYA_2021_SYA2021_normal_grid_S0028_daily.csv
SYA,SYA,Shenyang,2021,Leave_One_experiments\wth_generated_qc\SYA\SYA2021.WTH,normal_year;nitrogen_stress_year;low_response_year,normal,SYA2021_normal_grid_S0028,low_input_within_10pct_yield,2021-08-23,235,130,125,"{""sim_day"": 130.0, ""doy"": 235.0, ""topwt"": 16184.4189453125, ""grnwt"": 9227.120361328123, ""xlai"": 1.5284048318862915, ""totir"": 0.0, ""tofer"": NaN, ""swfac"": 0.0, ""nstres"": 0.0936961770057678}",0.0,0.0936961770057678,16184.4189453125,9227.120361328123,1.5284048318862915,0.0,,0.0,0.0,0.0,180.0,56.90764770507813,56.90764770507813,Leave_One_experiments/all_year_offline_schedule_search/daily_outputs/SYA/SYA_2021_SYA2021_normal_grid_S0028_daily.csv
SYA,SYA,Shenyang,2021,Leave_One_experiments\wth_generated_qc\SYA\SYA2021.WTH,normal_year;nitrogen_stress_year;low_response_year,normal,SYA2021_normal_grid_S0028,low_input_within_10pct_yield,2021-08-24,236,131,126,"{""sim_day"": 131.0, ""doy"": 236.0, ""topwt"": 16421.796875, ""grnwt"": 9464.498901367188, ""xlai"": 1.454251408576965, ""totir"": 0.0, ""tofer"": NaN, ""swfac"": 0.0, ""nstres"": 0.0888001322746276}",0.0,0.0888001322746276,16421.796875,9464.498901367188,1.454251408576965,0.0,,0.0,0.0,0.0,180.0,56.90764770507813,56.90764770507813,Leave_One_experiments/all_year_offline_schedule_search/daily_outputs/SYA/SYA_2021_SYA2021_normal_grid_S0028_daily.csv
SYA,SYA,Shenyang,2021,Leave_One_experiments\wth_generated_qc\SYA\SYA2021.WTH,normal_year;nitrogen_stress_year;low_response_year,normal,SYA2021_normal_grid_S0028,low_input_within_10pct_yield,2021-08-25,237,132,127,"{""sim_day"": 132.0, ""doy"": 237.0, ""topwt"": 16654.17236328125, ""grnwt"": 9696.87255859375, ""xlai"": 1.3760682344436646, ""totir"": 0.0, ""tofer"": NaN, ""swfac"": 0.0, ""nstres"": 0.1355736851692199}",0.0,0.1355736851692199,16654.17236328125,9696.87255859375,1.3760682344436646,0.0,,0.0,0.0,0.0,180.0,56.90764770507813,56.90764770507813,Leave_One_experiments/all_year_offline_schedule_search/daily_outputs/SYA/SYA_2021_SYA2021_normal_grid_S0028_daily.csv
SYA,SYA,Shenyang,2021,Leave_One_experiments\wth_generated_qc\SYA\SYA2021.WTH,normal_year;nitrogen_stress_year;low_response_year,normal,SYA2021_normal_grid_S0028,low_input_within_10pct_yield,2021-08-26,238,133,128,"{""sim_day"": 133.0, ""doy"": 238.0, ""topwt"": 16921.5771484375, ""grnwt"": 9964.27734375, ""xlai"": 1.2917274236679075, ""totir"": 0.0, ""tofer"": NaN, ""swfac"": 0.0, ""nstres"": 0.175145149230957}",0.0,0.175145149230957,16921.5771484375,9964.27734375,1.2917274236679075,0.0,,0.0,0.0,0.0,180.0,56.90764770507813,56.90764770507813,Leave_One_experiments/all_year_offline_schedule_search/daily_outputs/SYA/SYA_2021_SYA2021_normal_grid_S0028_daily.csv
SYA,SYA,Shenyang,2021,Leave_One_experiments\wth_generated_qc\SYA\SYA2021.WTH,normal_year;nitrogen_stress_year;low_response_year,normal,SYA2021_normal_grid_S0028,low_input_within_10pct_yield,2021-08-27,239,134,129,"{""sim_day"": 134.0, ""doy"": 239.0, ""topwt"": 17148.06640625, ""grnwt"": 10190.764770507812, ""xlai"": 1.212743639945984, ""totir"": 0.0, ""tofer"": NaN, ""swfac"": 0.0, ""nstres"": 0.2559564709663391}",0.0,0.2559564709663391,17148.06640625,10190.764770507812,1.212743639945984,0.0,,0.0,0.0,0.0,180.0,56.90764770507813,56.90764770507813,Leave_One_experiments/all_year_offline_schedule_search/daily_outputs/SYA/SYA_2021_SYA2021_normal_grid_S0028_daily.csv
SYA,SYA,Shenyang,2021,Leave_One_experiments\wth_generated_qc\SYA\SYA2021.WTH,normal_year;nitrogen_stress_year;low_response_year,normal,SYA2021_normal_grid_S0028,low_input_within_10pct_yield,2021-08-28,240,135,130,"{""sim_day"": 135.0, ""doy"": 240.0, ""topwt"": 17148.06640625, ""grnwt"": 10190.764770507812, ""xlai"": 1.212743639945984, ""totir"": 0.0, ""tofer"": NaN, ""swfac"": 0.0, ""nstres"": 0.3438440561294555}",0.0,0.3438440561294555,17148.06640625,10190.764770507812,1.212743639945984,0.0,,0.0,0.0,0.0,180.0,56.90764770507813,56.90764770507813,Leave_One_experiments/all_year_offline_schedule_search/daily_outputs/SYA/SYA_2021_SYA2021_normal_grid_S0028_daily.csv
SYA,SYA,Shenyang,2021,Leave_One_experiments\wth_generated_qc\SYA\SYA2021.WTH,normal_year;nitrogen_stress_year;low_response_year,normal,SYA2021_normal_grid_S0028,low_input_within_10pct_yield,2021-08-29,241,136,131,"{""sim_day"": 136.0, ""doy"": 241.0, ""topwt"": 17148.06640625, ""grnwt"": 10190.764770507812, ""xlai"": 1.212743639945984, ""totir"": 0.0, ""tofer"": NaN, ""swfac"": 0.0, ""nstres"": 0.3438440561294555}",0.0,0.3438440561294555,17148.06640625,10190.764770507812,1.212743639945984,0.0,,0.0,0.0,0.0,180.0,56.90764770507813,56.90764770507813,Leave_One_experiments/all_year_offline_schedule_search/daily_outputs/SYA/SYA_2021_SYA2021_normal_grid_S0028_daily.csv
SYA,SYA,Shenyang,2021,Leave_One_experiments\wth_generated_qc\SYA\SYA2021.WTH,normal_year;nitrogen_stress_year;low_response_year,normal,SYA2021_normal_grid_S0028,low_input_within_10pct_yield,2021-08-30,242,137,132,"{""sim_day"": 137.0, ""doy"": 242.0, ""topwt"": 17148.06640625, ""grnwt"": 10190.764770507812, ""xlai"": 1.212743639945984, ""totir"": 0.0, ""tofer"": NaN, ""swfac"": 0.0, ""nstres"": 0.3438440561294555}",0.0,0.3438440561294555,17148.06640625,10190.764770507812,1.212743639945984,0.0,,0.0,0.0,0.0,180.0,56.90764770507813,56.90764770507813,Leave_One_experiments/all_year_offline_schedule_search/daily_outputs/SYA/SYA_2021_SYA2021_normal_grid_S0028_daily.csv
SYA,SYA,Shenyang,2021,Leave_One_experiments\wth_generated_qc\SYA\SYA2021.WTH,normal_year;nitrogen_stress_year;low_response_year,normal,SYA2021_normal_grid_S0028,low_input_within_10pct_yield,2021-08-31,243,138,133,"{""sim_day"": 138.0, ""doy"": 243.0, ""topwt"": 17148.06640625, ""grnwt"": 10190.764770507812, ""xlai"": 1.212743639945984, ""totir"": 0.0, ""tofer"": NaN, ""swfac"": 0.0, ""nstres"": 0.3438440561294555}",0.0,0.3438440561294555,17148.06640625,10190.764770507812,1.212743639945984,0.0,,0.0,0.0,0.0,180.0,56.90764770507813,56.90764770507813,Leave_One_experiments/all_year_offline_schedule_search/daily_outputs/SYA/SYA_2021_SYA2021_normal_grid_S0028_daily.csv
SYA,SYA,Shenyang,2021,Leave_One_experiments\wth_generated_qc\SYA\SYA2021.WTH,normal_year;nitrogen_stress_year;low_response_year,normal,SYA2021_normal_grid_S0019,pareto_balanced,2021-04-21,111,1,1,"{""sim_day"": 1.0, ""doy"": 111.0, ""topwt"": 0.0, ""grnwt"": 0.0, ""xlai"": 0.0, ""totir"": 0.0, ""tofer"": NaN, ""swfac"": 0.0, ""nstres"": 0.0}",0.0,0.0,0.0,0.0,0.0,0.0,,0.0,75.0,0.0,225.0,47.86834716796875,47.86834716796875,Leave_One_experiments/all_year_offline_schedule_search/daily_outputs/SYA/SYA_2021_SYA2021_normal_grid_S0019_daily.csv
SYA,SYA,Shenyang,2021,Leave_One_experiments\wth_generated_qc\SYA\SYA2021.WTH,normal_year;nitrogen_stress_year;low_response_year,normal,SYA2021_normal_grid_S0019,pareto_balanced,2021-04-22,112,2,2,"{""sim_day"": 2.0, ""doy"": 112.0, ""topwt"": 0.0, ""grnwt"": 0.0, ""xlai"": 0.0, ""totir"": 0.0, ""tofer"": NaN, ""swfac"": 0.0, ""nstres"": 0.0}",0.0,0.0,0.0,0.0,0.0,0.0,,0.0,0.0,0.0,225.0,47.86834716796875,47.86834716796875,Leave_One_experiments/all_year_offline_schedule_search/daily_outputs/SYA/SYA_2021_SYA2021_normal_grid_S0019_daily.csv
SYA,SYA,Shenyang,2021,Leave_One_experiments\wth_generated_qc\SYA\SYA2021.WTH,normal_year;nitrogen_stress_year;low_response_year,normal,SYA2021_normal_grid_S0019,pareto_balanced,2021-04-23,113,3,3,"{""sim_day"": 3.0, ""doy"": 113.0, ""topwt"": 0.0, ""grnwt"": 0.0, ""xlai"": 0.0, ""totir"": 0.0, ""tofer"": NaN, ""swfac"": 0.0, ""nstres"": 0.0}",0.0,0.0,0.0,0.0,0.0,0.0,,0.0,0.0,0.0,225.0,47.86834716796875,47.86834716796875,Leave_One_experiments/all_year_offline_schedule_search/daily_outputs/SYA/SYA_2021_SYA2021_normal_grid_S0019_daily.csv
SYA,SYA,Shenyang,2021,Leave_One_experiments\wth_generated_qc\SYA\SYA2021.WTH,normal_year;nitrogen_stress_year;low_response_year,normal,SYA2021_normal_grid_S0019,pareto_balanced,2021-04-24,114,4,4,"{""sim_day"": 4.0, ""doy"": 114.0, ""topwt"": 0.0, ""grnwt"": 0.0, ""xlai"": 0.0, ""totir"": 0.0, ""tofer"": NaN, ""swfac"": 0.0, ""nstres"": 0.0}",0.0,0.0,0.0,0.0,0.0,0.0,,0.0,0.0,0.0,225.0,47.86834716796875,47.86834716796875,Leave_One_experiments/all_year_offline_schedule_search/daily_outputs/SYA/SYA_2021_SYA2021_normal_grid_S0019_daily.csv
SYA,SYA,Shenyang,2021,Leave_One_experiments\wth_generated_qc\SYA\SYA2021.WTH,normal_year;nitrogen_stress_year;low_response_year,normal,SYA2021_normal_grid_S0019,pareto_balanced,2021-04-25,115,5,5,"{""sim_day"": 5.0, ""doy"": 115.0, ""topwt"": 0.0, ""grnwt"": 0.0, ""xlai"": 0.0, ""totir"": 0.0, ""tofer"": NaN, ""swfac"": 0.0, ""nstres"": 0.0}",0.0,0.0,0.0,0.0,0.0,0.0,,0.0,0.0,0.0,225.0,47.86834716796875,47.86834716796875,Leave_One_experiments/all_year_offline_schedule_search/daily_outputs/SYA/SYA_2021_SYA2021_normal_grid_S0019_daily.csv
SYA,SYA,Shenyang,2021,Leave_One_experiments\wth_generated_qc\SYA\SYA2021.WTH,normal_year;nitrogen_stress_year;low_response_year,normal,SYA2021_normal_grid_S0019,pareto_balanced,2021-04-21,111,6,1,"{""sim_day"": 6.0, ""doy"": 111.0, ""topwt"": 0.0, ""grnwt"": 0.0, ""xlai"": 0.0, ""totir"": 0.0, ""tofer"": NaN, ""swfac"": 0.0, ""nstres"": 0.0}",0.0,0.0,0.0,0.0,0.0,0.0,,0.0,0.0,0.0,225.0,47.86834716796875,47.86834716796875,Leave_One_experiments/all_year_offline_schedule_search/daily_outputs/SYA/SYA_2021_SYA2021_normal_grid_S0019_daily.csv
SYA,SYA,Shenyang,2021,Leave_One_experiments\wth_generated_qc\SYA\SYA2021.WTH,normal_year;nitrogen_stress_year;low_response_year,normal,SYA2021_normal_grid_S0019,pareto_balanced,2021-04-22,112,7,2,"{""sim_day"": 7.0, ""doy"": 112.0, ""topwt"": 0.0, ""grnwt"": 0.0, ""xlai"": 0.0, ""totir"": 0.0, ""tofer"": NaN, ""swfac"": 0.0, ""nstres"": 0.0}",0.0,0.0,0.0,0.0,0.0,0.0,,0.0,0.0,0.0,225.0,47.86834716796875,47.86834716796875,Leave_One_experiments/all_year_offline_schedule_search/daily_outputs/SYA/SYA_2021_SYA2021_normal_grid_S0019_daily.csv
SYA,SYA,Shenyang,2021,Leave_One_experiments\wth_generated_qc\SYA\SYA2021.WTH,normal_year;nitrogen_stress_year;low_response_year,normal,SYA2021_normal_grid_S0019,pareto_balanced,2021-04-23,113,8,3,"{""sim_day"": 8.0, ""doy"": 113.0, ""topwt"": 0.0, ""grnwt"": 0.0, ""xlai"": 0.0, ""totir"": 0.0, ""tofer"": NaN, ""swfac"": 0.0, ""nstres"": 0.0}",0.0,0.0,0.0,0.0,0.0,0.0,,0.0,0.0,0.0,225.0,47.86834716796875,47.86834716796875,Leave_One_experiments/all_year_offline_schedule_search/daily_outputs/SYA/SYA_2021_SYA2021_normal_grid_S0019_daily.csv
SYA,SYA,Shenyang,2021,Leave_One_experiments\wth_generated_qc\SYA\SYA2021.WTH,normal_year;nitrogen_stress_year;low_response_year,normal,SYA2021_normal_grid_S0019,pareto_balanced,2021-04-24,114,9,4,"{""sim_day"": 9.0, ""doy"": 114.0, ""topwt"": 0.0, ""grnwt"": 0.0, ""xlai"": 0.0, ""totir"": 0.0, ""tofer"": NaN, ""swfac"": 0.0, ""nstres"": 0.0}",0.0,0.0,0.0,0.0,0.0,0.0,,0.0,0.0,0.0,225.0,47.86834716796875,47.86834716796875,Leave_One_experiments/all_year_offline_schedule_search/daily_outputs/SYA/SYA_2021_SYA2021_normal_grid_S0019_daily.csv
SYA,SYA,Shenyang,2021,Leave_One_experiments\wth_generated_qc\SYA\SYA2021.WTH,normal_year;nitrogen_stress_year;low_response_year,normal,SYA2021_normal_grid_S0019,pareto_balanced,2021-04-25,115,10,5,"{""sim_day"": 10.0, ""doy"": 115.0, ""topwt"": 0.0, ""grnwt"": 0.0, ""xlai"": 0.0, ""totir"": 0.0, ""tofer"": NaN, ""swfac"": 0.0, ""nstres"": 0.0}",0.0,0.0,0.0,0.0,0.0,0.0,,0.0,0.0,0.0,225.0,47.86834716796875,47.86834716796875,Leave_One_experiments/all_year_offline_schedule_search/daily_outputs/SYA/SYA_2021_SYA2021_normal_grid_S0019_daily.csv
SYA,SYA,Shenyang,2021,Leave_One_experiments\wth_generated_qc\SYA\SYA2021.WTH,normal_year;nitrogen_stress_year;low_response_year,normal,SYA2021_normal_grid_S0019,pareto_balanced,2021-04-26,116,11,6,"{""sim_day"": 11.0, ""doy"": 116.0, ""topwt"": 0.0, ""grnwt"": 0.0, ""xlai"": 0.0, ""totir"": 0.0, ""tofer"": NaN, ""swfac"": 0.0, ""nstres"": 0.0}",0.0,0.0,0.0,0.0,0.0,0.0,,0.0,0.0,0.0,225.0,47.86834716796875,47.86834716796875,Leave_One_experiments/all_year_offline_schedule_search/daily_outputs/SYA/SYA_2021_SYA2021_normal_grid_S0019_daily.csv
SYA,SYA,Shenyang,2021,Leave_One_experiments\wth_generated_qc\SYA\SYA2021.WTH,normal_year;nitrogen_stress_year;low_response_year,normal,SYA2021_normal_grid_S0019,pareto_balanced,2021-04-27,117,12,7,"{""sim_day"": 12.0, ""doy"": 117.0, ""topwt"": 0.0, ""grnwt"": 0.0, ""xlai"": 0.0, ""totir"": 0.0, ""tofer"": NaN, ""swfac"": 0.0, ""nstres"": 0.0}",0.0,0.0,0.0,0.0,0.0,0.0,,0.0,0.0,0.0,225.0,47.86834716796875,47.86834716796875,Leave_One_experiments/all_year_offline_schedule_search/daily_outputs/SYA/SYA_2021_SYA2021_normal_grid_S0019_daily.csv
SYA,SYA,Shenyang,2021,Leave_One_experiments\wth_generated_qc\SYA\SYA2021.WTH,normal_year;nitrogen_stress_year;low_response_year,normal,SYA2021_normal_grid_S0019,pareto_balanced,2021-04-28,118,13,8,"{""sim_day"": 13.0, ""doy"": 118.0, ""topwt"": 0.0, ""grnwt"": 0.0, ""xlai"": 0.0, ""totir"": 0.0, ""tofer"": NaN, ""swfac"": 0.0, ""nstres"": 0.0}",0.0,0.0,0.0,0.0,0.0,0.0,,0.0,0.0,0.0,225.0,47.86834716796875,47.86834716796875,Leave_One_experiments/all_year_offline_schedule_search/daily_outputs/SYA/SYA_2021_SYA2021_normal_grid_S0019_daily.csv
SYA,SYA,Shenyang,2021,Leave_One_experiments\wth_generated_qc\SYA\SYA2021.WTH,normal_year;nitrogen_stress_year;low_response_year,normal,SYA2021_normal_grid_S0019,pareto_balanced,2021-04-29,119,14,9,"{""sim_day"": 14.0, ""doy"": 119.0, ""topwt"": 0.0, ""grnwt"": 0.0, ""xlai"": 0.0, ""totir"": 0.0, ""tofer"": NaN, ""swfac"": 0.0, ""nstres"": 0.0}",0.0,0.0,0.0,0.0,0.0,0.0,,0.0,0.0,0.0,225.0,47.86834716796875,47.86834716796875,Leave_One_experiments/all_year_offline_schedule_search/daily_outputs/SYA/SYA_2021_SYA2021_normal_grid_S0019_daily.csv
SYA,SYA,Shenyang,2021,Leave_One_experiments\wth_generated_qc\SYA\SYA2021.WTH,normal_year;nitrogen_stress_year;low_response_year,normal,SYA2021_normal_grid_S0019,pareto_balanced,2021-04-30,120,15,10,"{""sim_day"": 15.0, ""doy"": 120.0, ""topwt"": 0.0, ""grnwt"": 0.0, ""xlai"": 0.0, ""totir"": 0.0, ""tofer"": NaN, ""swfac"": 0.0, ""nstres"": 0.0}",0.0,0.0,0.0,0.0,0.0,0.0,,0.0,0.0,0.0,225.0,47.86834716796875,47.86834716796875,Leave_One_experiments/all_year_offline_schedule_search/daily_outputs/SYA/SYA_2021_SYA2021_normal_grid_S0019_daily.csv
SYA,SYA,Shenyang,2021,Leave_One_experiments\wth_generated_qc\SYA\SYA2021.WTH,normal_year;nitrogen_stress_year;low_response_year,normal,SYA2021_normal_grid_S0019,pareto_balanced,2021-05-01,121,16,11,"{""sim_day"": 16.0, ""doy"": 121.0, ""topwt"": 0.0, ""grnwt"": 0.0, ""xlai"": 0.0, ""totir"": 0.0, ""tofer"": NaN, ""swfac"": 0.0, ""nstres"": 0.0}",0.0,0.0,0.0,0.0,0.0,0.0,,0.0,0.0,0.0,225.0,47.86834716796875,47.86834716796875,Leave_One_experiments/all_year_offline_schedule_search/daily_outputs/SYA/SYA_2021_SYA2021_normal_grid_S0019_daily.csv
SYA,SYA,Shenyang,2021,Leave_One_experiments\wth_generated_qc\SYA\SYA2021.WTH,normal_year;nitrogen_stress_year;low_response_year,normal,SYA2021_normal_grid_S0019,pareto_balanced,2021-05-02,122,17,12,"{""sim_day"": 17.0, ""doy"": 122.0, ""topwt"": 0.0, ""grnwt"": 0.0, ""xlai"": 0.0, ""totir"": 0.0, ""tofer"": NaN, ""swfac"": 0.0, ""nstres"": 0.0}",0.0,0.0,0.0,0.0,0.0,0.0,,0.0,0.0,0.0,225.0,47.86834716796875,47.86834716796875,Leave_One_experiments/all_year_offline_schedule_search/daily_outputs/SYA/SYA_2021_SYA2021_normal_grid_S0019_daily.csv
SYA,SYA,Shenyang,2021,Leave_One_experiments\wth_generated_qc\SYA\SYA2021.WTH,normal_year;nitrogen_stress_year;low_response_year,normal,SYA2021_normal_grid_S0019,pareto_balanced,2021-05-03,123,18,13,"{""sim_day"": 18.0, ""doy"": 123.0, ""topwt"": 0.0, ""grnwt"": 0.0, ""xlai"": 0.0, ""totir"": 0.0, ""tofer"": NaN, ""swfac"": 0.0, ""nstres"": 0.0}",0.0,0.0,0.0,0.0,0.0,0.0,,0.0,0.0,0.0,225.0,47.86834716796875,47.86834716796875,Leave_One_experiments/all_year_offline_schedule_search/daily_outputs/SYA/SYA_2021_SYA2021_normal_grid_S0019_daily.csv
SYA,SYA,Shenyang,2021,Leave_One_experiments\wth_generated_qc\SYA\SYA2021.WTH,normal_year;nitrogen_stress_year;low_response_year,normal,SYA2021_normal_grid_S0019,pareto_balanced,2021-05-04,124,19,14,"{""sim_day"": 19.0, ""doy"": 124.0, ""topwt"": 17.600001096725464, ""grnwt"": 0.0, ""xlai"": 0.0012072436511516, ""totir"": 0.0, ""tofer"": NaN, ""swfac"": 0.0, ""nstres"": 0.0121910572052001}",0.0,0.0121910572052001,17.600001096725464,0.0,0.0012072436511516,0.0,,0.0,0.0,0.0,225.0,47.86834716796875,47.86834716796875,Leave_One_experiments/all_year_offline_schedule_search/daily_outputs/SYA/SYA_2021_SYA2021_normal_grid_S0019_daily.csv
SYA,SYA,Shenyang,2021,Leave_One_experiments\wth_generated_qc\SYA\SYA2021.WTH,normal_year;nitrogen_stress_year;low_response_year,normal,SYA2021_normal_grid_S0019,pareto_balanced,2021-05-05,125,20,15,"{""sim_day"": 20.0, ""doy"": 125.0, ""topwt"": 17.600001096725464, ""grnwt"": 0.0, ""xlai"": 0.0026301604229956, ""totir"": 0.0, ""tofer"": NaN, ""swfac"": 0.0, ""nstres"": 0.0135865211486816}",0.0,0.0135865211486816,17.600001096725464,0.0,0.0026301604229956,0.0,,0.0,0.0,0.0,225.0,47.86834716796875,47.86834716796875,Leave_One_experiments/all_year_offline_schedule_search/daily_outputs/SYA/SYA_2021_SYA2021_normal_grid_S0019_daily.csv
SYA,SYA,Shenyang,2021,Leave_One_experiments\wth_generated_qc\SYA\SYA2021.WTH,normal_year;nitrogen_stress_year;low_response_year,normal,SYA2021_normal_grid_S0019,pareto_balanced,2021-05-06,126,21,16,"{""sim_day"": 21.0, ""doy"": 126.0, ""topwt"": 17.600001096725464, ""grnwt"": 0.0, ""xlai"": 0.0033337923232465, ""totir"": 0.0, ""tofer"": NaN, ""swfac"": 0.0, ""nstres"": 0.0112595558166503}",0.0,0.0112595558166503,17.600001096725464,0.0,0.0033337923232465,0.0,,0.0,0.0,0.0,225.0,47.86834716796875,47.86834716796875,Leave_One_experiments/all_year_offline_schedule_search/daily_outputs/SYA/SYA_2021_SYA2021_normal_grid_S0019_daily.csv
SYA,SYA,Shenyang,2021,Leave_One_experiments\wth_generated_qc\SYA\SYA2021.WTH,normal_year;nitrogen_stress_year;low_response_year,normal,SYA2021_normal_grid_S0019,pareto_balanced,2021-05-07,127,22,17,"{""sim_day"": 22.0, ""doy"": 127.0, ""topwt"": 17.600001096725464, ""grnwt"": 0.0, ""xlai"": 0.0041255480609834, ""totir"": 0.0, ""tofer"": NaN, ""swfac"": 0.0, ""nstres"": 0.0088138580322265}",0.0,0.0088138580322265,17.600001096725464,0.0,0.0041255480609834,0.0,,0.0,0.0,0.0,225.0,47.86834716796875,47.86834716796875,Leave_One_experiments/all_year_offline_schedule_search/daily_outputs/SYA/SYA_2021_SYA2021_normal_grid_S0019_daily.csv
SYA,SYA,Shenyang,2021,Leave_One_experiments\wth_generated_qc\SYA\SYA2021.WTH,normal_year;nitrogen_stress_year;low_response_year,normal,SYA2021_normal_grid_S0019,pareto_balanced,2021-05-08,128,23,18,"{""sim_day"": 23.0, ""doy"": 128.0, ""topwt"": 17.600001096725464, ""grnwt"": 0.0, ""xlai"": 0.0051699853502213, ""totir"": 0.0, ""tofer"": NaN, ""swfac"": 0.0, ""nstres"": 0.0058344602584838}",0.0,0.0058344602584838,17.600001096725464,0.0,0.0051699853502213,0.0,,0.0,0.0,0.0,225.0,47.86834716796875,47.86834716796875,Leave_One_experiments/all_year_offline_schedule_search/daily_outputs/SYA/SYA_2021_SYA2021_normal_grid_S0019_daily.csv
SYA,SYA,Shenyang,2021,Leave_One_experiments\wth_generated_qc\SYA\SYA2021.WTH,normal_year;nitrogen_stress_year;low_response_year,normal,SYA2021_normal_grid_S0019,pareto_balanced,2021-05-09,129,24,19,"{""sim_day"": 24.0, ""doy"": 129.0, ""topwt"": 17.600001096725464, ""grnwt"": 0.0, ""xlai"": 0.0064099365845322, ""totir"": 0.0, ""tofer"": NaN, ""swfac"": 0.0, ""nstres"": 0.0025360584259033}",0.0,0.0025360584259033,17.600001096725464,0.0,0.0064099365845322,0.0,,0.0,0.0,0.0,225.0,47.86834716796875,47.86834716796875,Leave_One_experiments/all_year_offline_schedule_search/daily_outputs/SYA/SYA_2021_SYA2021_normal_grid_S0019_daily.csv
SYA,SYA,Shenyang,2021,Leave_One_experiments\wth_generated_qc\SYA\SYA2021.WTH,normal_year;nitrogen_stress_year;low_response_year,normal,SYA2021_normal_grid_S0019,pareto_balanced,2021-05-10,130,25,20,"{""sim_day"": 25.0, ""doy"": 130.0, ""topwt"": 17.600001096725464, ""grnwt"": 0.0, ""xlai"": 0.0081502385437488, ""totir"": 0.0, ""tofer"": NaN, ""swfac"": 0.0, ""nstres"": 0.0}",0.0,0.0,17.600001096725464,0.0,0.0081502385437488,0.0,,0.0,0.0,0.0,225.0,47.86834716796875,47.86834716796875,Leave_One_experiments/all_year_offline_schedule_search/daily_outputs/SYA/SYA_2021_SYA2021_normal_grid_S0019_daily.csv
SYA,SYA,Shenyang,2021,Leave_One_experiments\wth_generated_qc\SYA\SYA2021.WTH,normal_year;nitrogen_stress_year;low_response_year,normal,SYA2021_normal_grid_S0019,pareto_balanced,2021-05-11,131,26,21,"{""sim_day"": 26.0, ""doy"": 131.0, ""topwt"": 17.600001096725464, ""grnwt"": 0.0, ""xlai"": 0.0097919972613453, ""totir"": 0.0, ""tofer"": NaN, ""swfac"": 0.0, ""nstres"": 0.0}",0.0,0.0,17.600001096725464,0.0,0.0097919972613453,0.0,,0.0,0.0,0.0,225.0,47.86834716796875,47.86834716796875,Leave_One_experiments/all_year_offline_schedule_search/daily_outputs/SYA/SYA_2021_SYA2021_normal_grid_S0019_daily.csv
SYA,SYA,Shenyang,2021,Leave_One_experiments\wth_generated_qc\SYA\SYA2021.WTH,normal_year;nitrogen_stress_year;low_response_year,normal,SYA2021_normal_grid_S0019,pareto_balanced,2021-05-12,132,27,22,"{""sim_day"": 27.0, ""doy"": 132.0, ""topwt"": 17.600001096725464, ""grnwt"": 0.0, ""xlai"": 0.0113866599276661, ""totir"": 0.0, ""tofer"": NaN, ""swfac"": 0.0, ""nstres"": 0.0}",0.0,0.0,17.600001096725464,0.0,0.0113866599276661,0.0,,0.0,0.0,0.0,225.0,47.86834716796875,47.86834716796875,Leave_One_experiments/all_year_offline_schedule_search/daily_outputs/SYA/SYA_2021_SYA2021_normal_grid_S0019_daily.csv
SYA,SYA,Shenyang,2021,Leave_One_experiments\wth_generated_qc\SYA\SYA2021.WTH,normal_year;nitrogen_stress_year;low_response_year,normal,SYA2021_normal_grid_S0019,pareto_balanced,2021-05-13,133,28,23,"{""sim_day"": 28.0, ""doy"": 133.0, ""topwt"": 17.600001096725464, ""grnwt"": 0.0, ""xlai"": 0.0190260764211416, ""totir"": 0.0, ""tofer"": NaN, ""swfac"": 0.0, ""nstres"": 0.0}",0.0,0.0,17.600001096725464,0.0,0.0190260764211416,0.0,,0.0,0.0,0.0,225.0,47.86834716796875,47.86834716796875,Leave_One_experiments/all_year_offline_schedule_search/daily_outputs/SYA/SYA_2021_SYA2021_normal_grid_S0019_daily.csv
SYA,SYA,Shenyang,2021,Leave_One_experiments\wth_generated_qc\SYA\SYA2021.WTH,normal_year;nitrogen_stress_year;low_response_year,normal,SYA2021_normal_grid_S0019,pareto_balanced,2021-05-14,134,29,24,"{""sim_day"": 29.0, ""doy"": 134.0, ""topwt"": 17.600001096725464, ""grnwt"": 0.0, ""xlai"": 0.0248585268855094, ""totir"": 0.0, ""tofer"": NaN, ""swfac"": 0.0, ""nstres"": 0.0}",0.0,0.0,17.600001096725464,0.0,0.0248585268855094,0.0,,0.0,0.0,0.0,225.0,47.86834716796875,47.86834716796875,Leave_One_experiments/all_year_offline_schedule_search/daily_outputs/SYA/SYA_2021_SYA2021_normal_grid_S0019_daily.csv
SYA,SYA,Shenyang,2021,Leave_One_experiments\wth_generated_qc\SYA\SYA2021.WTH,normal_year;nitrogen_stress_year;low_response_year,normal,SYA2021_normal_grid_S0019,pareto_balanced,2021-05-15,135,30,25,"{""sim_day"": 30.0, ""doy"": 135.0, ""topwt"": 17.618192434310913, ""grnwt"": 0.0, ""xlai"": 0.0302084926515817, ""totir"": 0.0, ""tofer"": NaN, ""swfac"": 0.0, ""nstres"": 0.0}",0.0,0.0,17.618192434310913,0.0,0.0302084926515817,0.0,,0.0,0.0,0.0,225.0,47.86834716796875,47.86834716796875,Leave_One_experiments/all_year_offline_schedule_search/daily_outputs/SYA/SYA_2021_SYA2021_normal_grid_S0019_daily.csv
SYA,SYA,Shenyang,2021,Leave_One_experiments\wth_generated_qc\SYA\SYA2021.WTH,normal_year;nitrogen_stress_year;low_response_year,normal,SYA2021_normal_grid_S0019,pareto_balanced,2021-05-16,136,31,26,"{""sim_day"": 31.0, ""doy"": 136.0, ""topwt"": 20.80033540725708, ""grnwt"": 0.0, ""xlai"": 0.0386121310293674, ""totir"": 0.0, ""tofer"": NaN, ""swfac"": 0.0, ""nstres"": 0.0}",0.0,0.0,20.80033540725708,0.0,0.0386121310293674,0.0,,0.0,0.0,0.0,225.0,47.86834716796875,47.86834716796875,Leave_One_experiments/all_year_offline_schedule_search/daily_outputs/SYA/SYA_2021_SYA2021_normal_grid_S0019_daily.csv
SYA,SYA,Shenyang,2021,Leave_One_experiments\wth_generated_qc\SYA\SYA2021.WTH,normal_year;nitrogen_stress_year;low_response_year,normal,SYA2021_normal_grid_S0019,pareto_balanced,2021-05-17,137,32,27,"{""sim_day"": 32.0, ""doy"": 137.0, ""topwt"": 25.94775676727295, ""grnwt"": 0.0, ""xlai"": 0.0513005368411541, ""totir"": 0.0, ""tofer"": NaN, ""swfac"": 0.0, ""nstres"": 0.0}",0.0,0.0,25.94775676727295,0.0,0.0513005368411541,0.0,,0.0,0.0,0.0,225.0,47.86834716796875,47.86834716796875,Leave_One_experiments/all_year_offline_schedule_search/daily_outputs/SYA/SYA_2021_SYA2021_normal_grid_S0019_daily.csv
SYA,SYA,Shenyang,2021,Leave_One_experiments\wth_generated_qc\SYA\SYA2021.WTH,normal_year;nitrogen_stress_year;low_response_year,normal,SYA2021_normal_grid_S0019,pareto_balanced,2021-05-18,138,33,28,"{""sim_day"": 33.0, ""doy"": 138.0, ""topwt"": 32.694523334503174, ""grnwt"": 0.0, ""xlai"": 0.0667918920516967, ""totir"": 0.0, ""tofer"": NaN, ""swfac"": 0.0, ""nstres"": 0.0}",0.0,0.0,32.694523334503174,0.0,0.0667918920516967,0.0,,0.0,0.0,0.0,225.0,47.86834716796875,47.86834716796875,Leave_One_experiments/all_year_offline_schedule_search/daily_outputs/SYA/SYA_2021_SYA2021_normal_grid_S0019_daily.csv
SYA,SYA,Shenyang,2021,Leave_One_experiments\wth_generated_qc\SYA\SYA2021.WTH,normal_year;nitrogen_stress_year;low_response_year,normal,SYA2021_normal_grid_S0019,pareto_balanced,2021-05-19,139,34,29,"{""sim_day"": 34.0, ""doy"": 139.0, ""topwt"": 38.753366470336914, ""grnwt"": 0.0, ""xlai"": 0.0799303948879242, ""totir"": 0.0, ""tofer"": NaN, ""swfac"": 0.0, ""nstres"": 0.0}",0.0,0.0,38.753366470336914,0.0,0.0799303948879242,0.0,,0.0,0.0,0.0,225.0,47.86834716796875,47.86834716796875,Leave_One_experiments/all_year_offline_schedule_search/daily_outputs/SYA/SYA_2021_SYA2021_normal_grid_S0019_daily.csv
SYA,SYA,Shenyang,2021,Leave_One_experiments\wth_generated_qc\SYA\SYA2021.WTH,normal_year;nitrogen_stress_year;low_response_year,normal,SYA2021_normal_grid_S0019,pareto_balanced,2021-05-20,140,35,30,"{""sim_day"": 35.0, ""doy"": 140.0, ""topwt"": 46.23751640319824, ""grnwt"": 0.0, ""xlai"": 0.0954160466790199, ""totir"": 0.0, ""tofer"": NaN, ""swfac"": 0.0, ""nstres"": 0.0}",0.0,0.0,46.23751640319824,0.0,0.0954160466790199,0.0,,0.0,75.0,0.0,225.0,47.86834716796875,47.86834716796875,Leave_One_experiments/all_year_offline_schedule_search/daily_outputs/SYA/SYA_2021_SYA2021_normal_grid_S0019_daily.csv
SYA,SYA,Shenyang,2021,Leave_One_experiments\wth_generated_qc\SYA\SYA2021.WTH,normal_year;nitrogen_stress_year;low_response_year,normal,SYA2021_normal_grid_S0019,pareto_balanced,2021-05-21,141,36,31,"{""sim_day"": 36.0, ""doy"": 141.0, ""topwt"": 56.06302738189697, ""grnwt"": 0.0, ""xlai"": 0.1147966012358665, ""totir"": 0.0, ""tofer"": NaN, ""swfac"": 0.0, ""nstres"": 0.0}",0.0,0.0,56.06302738189697,0.0,0.1147966012358665,0.0,,0.0,0.0,0.0,225.0,47.86834716796875,47.86834716796875,Leave_One_experiments/all_year_offline_schedule_search/daily_outputs/SYA/SYA_2021_SYA2021_normal_grid_S0019_daily.csv
SYA,SYA,Shenyang,2021,Leave_One_experiments\wth_generated_qc\SYA\SYA2021.WTH,normal_year;nitrogen_stress_year;low_response_year,normal,SYA2021_normal_grid_S0019,pareto_balanced,2021-05-22,142,37,32,"{""sim_day"": 37.0, ""doy"": 142.0, ""topwt"": 62.64168739318848, ""grnwt"": 0.0, ""xlai"": 0.1272923201322555, ""totir"": 0.0, ""tofer"": NaN, ""swfac"": 0.0, ""nstres"": 0.0}",0.0,0.0,62.64168739318848,0.0,0.1272923201322555,0.0,,0.0,0.0,0.0,225.0,47.86834716796875,47.86834716796875,Leave_One_experiments/all_year_offline_schedule_search/daily_outputs/SYA/SYA_2021_SYA2021_normal_grid_S0019_daily.csv
SYA,SYA,Shenyang,2021,Leave_One_experiments\wth_generated_qc\SYA\SYA2021.WTH,normal_year;nitrogen_stress_year;low_response_year,normal,SYA2021_normal_grid_S0019,pareto_balanced,2021-05-23,143,38,33,"{""sim_day"": 38.0, ""doy"": 143.0, ""topwt"": 68.68550300598145, ""grnwt"": 0.0, ""xlai"": 0.1384900063276291, ""totir"": 0.0, ""tofer"": NaN, ""swfac"": 0.0, ""nstres"": 0.0}",0.0,0.0,68.68550300598145,0.0,0.1384900063276291,0.0,,0.0,0.0,0.0,225.0,47.86834716796875,47.86834716796875,Leave_One_experiments/all_year_offline_schedule_search/daily_outputs/SYA/SYA_2021_SYA2021_normal_grid_S0019_daily.csv
SYA,SYA,Shenyang,2021,Leave_One_experiments\wth_generated_qc\SYA\SYA2021.WTH,normal_year;nitrogen_stress_year;low_response_year,normal,SYA2021_normal_grid_S0019,pareto_balanced,2021-05-24,144,39,34,"{""sim_day"": 39.0, ""doy"": 144.0, ""topwt"": 76.53799533843994, ""grnwt"": 0.0, ""xlai"": 0.1526899933815002, ""totir"": 0.0, ""tofer"": NaN, ""swfac"": 0.0, ""nstres"": 0.0}",0.0,0.0,76.53799533843994,0.0,0.1526899933815002,0.0,,0.0,0.0,0.0,225.0,47.86834716796875,47.86834716796875,Leave_One_experiments/all_year_offline_schedule_search/daily_outputs/SYA/SYA_2021_SYA2021_normal_grid_S0019_daily.csv
SYA,SYA,Shenyang,2021,Leave_One_experiments\wth_generated_qc\SYA\SYA2021.WTH,normal_year;nitrogen_stress_year;low_response_year,normal,SYA2021_normal_grid_S0019,pareto_balanced,2021-05-25,145,40,35,"{""sim_day"": 40.0, ""doy"": 145.0, ""topwt"": 76.75060749053955, ""grnwt"": 0.0, ""xlai"": 0.1634871810674667, ""totir"": 0.0, ""tofer"": NaN, ""swfac"": 0.0, ""nstres"": 0.0}",0.0,0.0,76.75060749053955,0.0,0.1634871810674667,0.0,,0.0,0.0,0.0,225.0,47.86834716796875,47.86834716796875,Leave_One_experiments/all_year_offline_schedule_search/daily_outputs/SYA/SYA_2021_SYA2021_normal_grid_S0019_daily.csv
SYA,SYA,Shenyang,2021,Leave_One_experiments\wth_generated_qc\SYA\SYA2021.WTH,normal_year;nitrogen_stress_year;low_response_year,normal,SYA2021_normal_grid_S0019,pareto_balanced,2021-05-26,146,41,36,"{""sim_day"": 41.0, ""doy"": 146.0, ""topwt"": 84.0998649597168, ""grnwt"": 0.0, ""xlai"": 0.1773509532213211, ""totir"": 0.0, ""tofer"": NaN, ""swfac"": 0.0, ""nstres"": 0.0026291012763977}",0.0,0.0026291012763977,84.0998649597168,0.0,0.1773509532213211,0.0,,0.0,0.0,0.0,225.0,47.86834716796875,47.86834716796875,Leave_One_experiments/all_year_offline_schedule_search/daily_outputs/SYA/SYA_2021_SYA2021_normal_grid_S0019_daily.csv
SYA,SYA,Shenyang,2021,Leave_One_experiments\wth_generated_qc\SYA\SYA2021.WTH,normal_year;nitrogen_stress_year;low_response_year,normal,SYA2021_normal_grid_S0019,pareto_balanced,2021-05-27,147,42,37,"{""sim_day"": 42.0, ""doy"": 147.0, ""topwt"": 92.0703125, ""grnwt"": 0.0, ""xlai"": 0.1920679807662964, ""totir"": 0.0, ""tofer"": NaN, ""swfac"": 0.0, ""nstres"": 0.0}",0.0,0.0,92.0703125,0.0,0.1920679807662964,0.0,,0.0,0.0,0.0,225.0,47.86834716796875,47.86834716796875,Leave_One_experiments/all_year_offline_schedule_search/daily_outputs/SYA/SYA_2021_SYA2021_normal_grid_S0019_daily.csv
SYA,SYA,Shenyang,2021,Leave_One_experiments\wth_generated_qc\SYA\SYA2021.WTH,normal_year;nitrogen_stress_year;low_response_year,normal,SYA2021_normal_grid_S0019,pareto_balanced,2021-05-28,148,43,38,"{""sim_day"": 43.0, ""doy"": 148.0, ""topwt"": 102.75833129882812, ""grnwt"": 0.0, ""xlai"": 0.2113453298807144, ""totir"": 0.0, ""tofer"": NaN, ""swfac"": 0.0, ""nstres"": 0.0}",0.0,0.0,102.75833129882812,0.0,0.2113453298807144,0.0,,0.0,0.0,0.0,225.0,47.86834716796875,47.86834716796875,Leave_One_experiments/all_year_offline_schedule_search/daily_outputs/SYA/SYA_2021_SYA2021_normal_grid_S0019_daily.csv
SYA,SYA,Shenyang,2021,Leave_One_experiments\wth_generated_qc\SYA\SYA2021.WTH,normal_year;nitrogen_stress_year;low_response_year,normal,SYA2021_normal_grid_S0019,pareto_balanced,2021-05-29,149,44,39,"{""sim_day"": 44.0, ""doy"": 149.0, ""topwt"": 114.2418384552002, ""grnwt"": 0.0, ""xlai"": 0.2315458506345749, ""totir"": 0.0, ""tofer"": NaN, ""swfac"": 0.0, ""nstres"": 0.0}",0.0,0.0,114.2418384552002,0.0,0.2315458506345749,0.0,,0.0,0.0,0.0,225.0,47.86834716796875,47.86834716796875,Leave_One_experiments/all_year_offline_schedule_search/daily_outputs/SYA/SYA_2021_SYA2021_normal_grid_S0019_daily.csv
SYA,SYA,Shenyang,2021,Leave_One_experiments\wth_generated_qc\SYA\SYA2021.WTH,normal_year;nitrogen_stress_year;low_response_year,normal,SYA2021_normal_grid_S0019,pareto_balanced,2021-05-30,150,45,40,"{""sim_day"": 45.0, ""doy"": 150.0, ""topwt"": 128.9459228515625, ""grnwt"": 0.0, ""xlai"": 0.2567439079284668, ""totir"": 0.0, ""tofer"": NaN, ""swfac"": 0.0, ""nstres"": 0.0}",0.0,0.0,128.9459228515625,0.0,0.2567439079284668,0.0,,0.0,0.0,0.0,225.0,47.86834716796875,47.86834716796875,Leave_One_experiments/all_year_offline_schedule_search/daily_outputs/SYA/SYA_2021_SYA2021_normal_grid_S0019_daily.csv
SYA,SYA,Shenyang,2021,Leave_One_experiments\wth_generated_qc\SYA\SYA2021.WTH,normal_year;nitrogen_stress_year;low_response_year,normal,SYA2021_normal_grid_S0019,pareto_balanced,2021-05-31,151,46,41,"{""sim_day"": 46.0, ""doy"": 151.0, ""topwt"": 146.8837928771973, ""grnwt"": 0.0, ""xlai"": 0.2866125106811523, ""totir"": 0.0, ""tofer"": NaN, ""swfac"": 0.0, ""nstres"": 0.0}",0.0,0.0,146.8837928771973,0.0,0.2866125106811523,0.0,,0.0,0.0,0.0,225.0,47.86834716796875,47.86834716796875,Leave_One_experiments/all_year_offline_schedule_search/daily_outputs/SYA/SYA_2021_SYA2021_normal_grid_S0019_daily.csv
SYA,SYA,Shenyang,2021,Leave_One_experiments\wth_generated_qc\SYA\SYA2021.WTH,normal_year;nitrogen_stress_year;low_response_year,normal,SYA2021_normal_grid_S0019,pareto_balanced,2021-06-01,152,47,42,"{""sim_day"": 47.0, ""doy"": 152.0, ""topwt"": 164.5494842529297, ""grnwt"": 0.0, ""xlai"": 0.3152247071266174, ""totir"": 0.0, ""tofer"": NaN, ""swfac"": 0.0, ""nstres"": 0.0}",0.0,0.0,164.5494842529297,0.0,0.3152247071266174,0.0,,0.0,0.0,0.0,225.0,47.86834716796875,47.86834716796875,Leave_One_experiments/all_year_offline_schedule_search/daily_outputs/SYA/SYA_2021_SYA2021_normal_grid_S0019_daily.csv
SYA,SYA,Shenyang,2021,Leave_One_experiments\wth_generated_qc\SYA\SYA2021.WTH,normal_year;nitrogen_stress_year;low_response_year,normal,SYA2021_normal_grid_S0019,pareto_balanced,2021-06-02,153,48,43,"{""sim_day"": 48.0, ""doy"": 153.0, ""topwt"": 182.03201293945312, ""grnwt"": 0.0, ""xlai"": 0.3428612649440765, ""totir"": 0.0, ""tofer"": NaN, ""swfac"": 0.0, ""nstres"": 0.0}",0.0,0.0,182.03201293945312,0.0,0.3428612649440765,0.0,,0.0,0.0,0.0,225.0,47.86834716796875,47.86834716796875,Leave_One_experiments/all_year_offline_schedule_search/daily_outputs/SYA/SYA_2021_SYA2021_normal_grid_S0019_daily.csv
SYA,SYA,Shenyang,2021,Leave_One_experiments\wth_generated_qc\SYA\SYA2021.WTH,normal_year;nitrogen_stress_year;low_response_year,normal,SYA2021_normal_grid_S0019,pareto_balanced,2021-06-03,154,49,44,"{""sim_day"": 49.0, ""doy"": 154.0, ""topwt"": 194.16597366333008, ""grnwt"": 0.0, ""xlai"": 0.3616111874580383, ""totir"": 0.0, ""tofer"": NaN, ""swfac"": 0.0, ""nstres"": 0.0}",0.0,0.0,194.16597366333008,0.0,0.3616111874580383,0.0,,0.0,0.0,0.0,225.0,47.86834716796875,47.86834716796875,Leave_One_experiments/all_year_offline_schedule_search/daily_outputs/SYA/SYA_2021_SYA2021_normal_grid_S0019_daily.csv
SYA,SYA,Shenyang,2021,Leave_One_experiments\wth_generated_qc\SYA\SYA2021.WTH,normal_year;nitrogen_stress_year;low_response_year,normal,SYA2021_normal_grid_S0019,pareto_balanced,2021-06-04,155,50,45,"{""sim_day"": 50.0, ""doy"": 155.0, ""topwt"": 211.18165969848636, ""grnwt"": 0.0, ""xlai"": 0.385215550661087, ""totir"": 0.0, ""tofer"": NaN, ""swfac"": 0.0, ""nstres"": 0.0}",0.0,0.0,211.18165969848636,0.0,0.385215550661087,0.0,,0.0,0.0,0.0,225.0,47.86834716796875,47.86834716796875,Leave_One_experiments/all_year_offline_schedule_search/daily_outputs/SYA/SYA_2021_SYA2021_normal_grid_S0019_daily.csv
SYA,SYA,Shenyang,2021,Leave_One_experiments\wth_generated_qc\SYA\SYA2021.WTH,normal_year;nitrogen_stress_year;low_response_year,normal,SYA2021_normal_grid_S0019,pareto_balanced,2021-06-05,156,51,46,"{""sim_day"": 51.0, ""doy"": 156.0, ""topwt"": 234.84676361083984, ""grnwt"": 0.0, ""xlai"": 0.4218841791152954, ""totir"": 0.0, ""tofer"": NaN, ""swfac"": 0.0, ""nstres"": 0.0}",0.0,0.0,234.84676361083984,0.0,0.4218841791152954,0.0,,0.0,0.0,0.0,225.0,47.86834716796875,47.86834716796875,Leave_One_experiments/all_year_offline_schedule_search/daily_outputs/SYA/SYA_2021_SYA2021_normal_grid_S0019_daily.csv
SYA,SYA,Shenyang,2021,Leave_One_experiments\wth_generated_qc\SYA\SYA2021.WTH,normal_year;nitrogen_stress_year;low_response_year,normal,SYA2021_normal_grid_S0019,pareto_balanced,2021-06-06,157,52,47,"{""sim_day"": 52.0, ""doy"": 157.0, ""topwt"": 266.0062789916992, ""grnwt"": 0.0, ""xlai"": 0.4686740040779114, ""totir"": 0.0, ""tofer"": NaN, ""swfac"": 0.0, ""nstres"": 0.0}",0.0,0.0,266.0062789916992,0.0,0.4686740040779114,0.0,,0.0,0.0,0.0,225.0,47.86834716796875,47.86834716796875,Leave_One_experiments/all_year_offline_schedule_search/daily_outputs/SYA/SYA_2021_SYA2021_normal_grid_S0019_daily.csv
SYA,SYA,Shenyang,2021,Leave_One_experiments\wth_generated_qc\SYA\SYA2021.WTH,normal_year;nitrogen_stress_year;low_response_year,normal,SYA2021_normal_grid_S0019,pareto_balanced,2021-06-07,158,53,48,"{""sim_day"": 53.0, ""doy"": 158.0, ""topwt"": 303.7084007263184, ""grnwt"": 0.0, ""xlai"": 0.5231807231903076, ""totir"": 0.0, ""tofer"": NaN, ""swfac"": 0.0, ""nstres"": 0.0}",0.0,0.0,303.7084007263184,0.0,0.5231807231903076,0.0,,0.0,0.0,0.0,225.0,47.86834716796875,47.86834716796875,Leave_One_experiments/all_year_offline_schedule_search/daily_outputs/SYA/SYA_2021_SYA2021_normal_grid_S0019_daily.csv
SYA,SYA,Shenyang,2021,Leave_One_experiments\wth_generated_qc\SYA\SYA2021.WTH,normal_year;nitrogen_stress_year;low_response_year,normal,SYA2021_normal_grid_S0019,pareto_balanced,2021-06-08,159,54,49,"{""sim_day"": 54.0, ""doy"": 159.0, ""topwt"": 346.2523651123047, ""grnwt"": 0.0, ""xlai"": 0.5821496248245239, ""totir"": 0.0, ""tofer"": NaN, ""swfac"": 0.0, ""nstres"": 0.0}",0.0,0.0,346.2523651123047,0.0,0.5821496248245239,0.0,,0.0,0.0,0.0,225.0,47.86834716796875,47.86834716796875,Leave_One_experiments/all_year_offline_schedule_search/daily_outputs/SYA/SYA_2021_SYA2021_normal_grid_S0019_daily.csv
SYA,SYA,Shenyang,2021,Leave_One_experiments\wth_generated_qc\SYA\SYA2021.WTH,normal_year;nitrogen_stress_year;low_response_year,normal,SYA2021_normal_grid_S0019,pareto_balanced,2021-06-09,160,55,50,"{""sim_day"": 55.0, ""doy"": 160.0, ""topwt"": 384.0938568115234, ""grnwt"": 0.0, ""xlai"": 0.6326018571853638, ""totir"": 0.0, ""tofer"": NaN, ""swfac"": 0.0, ""nstres"": 0.0}",0.0,0.0,384.0938568115234,0.0,0.6326018571853638,0.0,,0.0,0.0,0.0,225.0,47.86834716796875,47.86834716796875,Leave_One_experiments/all_year_offline_schedule_search/daily_outputs/SYA/SYA_2021_SYA2021_normal_grid_S0019_daily.csv
SYA,SYA,Shenyang,2021,Leave_One_experiments\wth_generated_qc\SYA\SYA2021.WTH,normal_year;nitrogen_stress_year;low_response_year,normal,SYA2021_normal_grid_S0019,pareto_balanced,2021-06-10,161,56,51,"{""sim_day"": 56.0, ""doy"": 161.0, ""topwt"": 429.5744323730469, ""grnwt"": 0.0, ""xlai"": 0.6908309459686279, ""totir"": 0.0, ""tofer"": NaN, ""swfac"": 0.0, ""nstres"": 0.0}",0.0,0.0,429.5744323730469,0.0,0.6908309459686279,0.0,,0.0,0.0,0.0,225.0,47.86834716796875,47.86834716796875,Leave_One_experiments/all_year_offline_schedule_search/daily_outputs/SYA/SYA_2021_SYA2021_normal_grid_S0019_daily.csv
SYA,SYA,Shenyang,2021,Leave_One_experiments\wth_generated_qc\SYA\SYA2021.WTH,normal_year;nitrogen_stress_year;low_response_year,normal,SYA2021_normal_grid_S0019,pareto_balanced,2021-06-11,162,57,52,"{""sim_day"": 57.0, ""doy"": 162.0, ""topwt"": 485.4172134399414, ""grnwt"": 0.0, ""xlai"": 0.7589160203933716, ""totir"": 0.0, ""tofer"": NaN, ""swfac"": 0.0, ""nstres"": 0.0}",0.0,0.0,485.4172134399414,0.0,0.7589160203933716,0.0,,0.0,0.0,0.0,225.0,47.86834716796875,47.86834716796875,Leave_One_experiments/all_year_offline_schedule_search/daily_outputs/SYA/SYA_2021_SYA2021_normal_grid_S0019_daily.csv
SYA,SYA,Shenyang,2021,Leave_One_experiments\wth_generated_qc\SYA\SYA2021.WTH,normal_year;nitrogen_stress_year;low_response_year,normal,SYA2021_normal_grid_S0019,pareto_balanced,2021-06-12,163,58,53,"{""sim_day"": 58.0, ""doy"": 163.0, ""topwt"": 568.0736923217773, ""grnwt"": 0.0, ""xlai"": 0.8540781140327454, ""totir"": 0.0, ""tofer"": NaN, ""swfac"": 0.0, ""nstres"": 0.0}",0.0,0.0,568.0736923217773,0.0,0.8540781140327454,0.0,,0.0,0.0,0.0,225.0,47.86834716796875,47.86834716796875,Leave_One_experiments/all_year_offline_schedule_search/daily_outputs/SYA/SYA_2021_SYA2021_normal_grid_S0019_daily.csv
SYA,SYA,Shenyang,2021,Leave_One_experiments\wth_generated_qc\SYA\SYA2021.WTH,normal_year;nitrogen_stress_year;low_response_year,normal,SYA2021_normal_grid_S0019,pareto_balanced,2021-06-13,164,59,54,"{""sim_day"": 59.0, ""doy"": 164.0, ""topwt"": 652.1827697753906, ""grnwt"": 0.0, ""xlai"": 0.9452836513519288, ""totir"": 0.0, ""tofer"": NaN, ""swfac"": 0.0, ""nstres"": 0.0}",0.0,0.0,652.1827697753906,0.0,0.9452836513519288,0.0,,0.0,0.0,0.0,225.0,47.86834716796875,47.86834716796875,Leave_One_experiments/all_year_offline_schedule_search/daily_outputs/SYA/SYA_2021_SYA2021_normal_grid_S0019_daily.csv
SYA,SYA,Shenyang,2021,Leave_One_experiments\wth_generated_qc\SYA\SYA2021.WTH,normal_year;nitrogen_stress_year;low_response_year,normal,SYA2021_normal_grid_S0019,pareto_balanced,2021-06-14,165,60,55,"{""sim_day"": 60.0, ""doy"": 165.0, ""topwt"": 730.2804565429688, ""grnwt"": 0.0, ""xlai"": 1.0255450010299685, ""totir"": 0.0, ""tofer"": NaN, ""swfac"": 0.0, ""nstres"": 0.0}",0.0,0.0,730.2804565429688,0.0,1.0255450010299685,0.0,,0.0,0.0,0.0,225.0,47.86834716796875,47.86834716796875,Leave_One_experiments/all_year_offline_schedule_search/daily_outputs/SYA/SYA_2021_SYA2021_normal_grid_S0019_daily.csv
SYA,SYA,Shenyang,2021,Leave_One_experiments\wth_generated_qc\SYA\SYA2021.WTH,normal_year;nitrogen_stress_year;low_response_year,normal,SYA2021_normal_grid_S0019,pareto_balanced,2021-06-15,166,61,56,"{""sim_day"": 61.0, ""doy"": 166.0, ""topwt"": 813.1763458251953, ""grnwt"": 0.0, ""xlai"": 1.1063700914382937, ""totir"": 0.0, ""tofer"": NaN, ""swfac"": 0.0, ""nstres"": 0.0}",0.0,0.0,813.1763458251953,0.0,1.1063700914382937,0.0,,0.0,0.0,0.0,225.0,47.86834716796875,47.86834716796875,Leave_One_experiments/all_year_offline_schedule_search/daily_outputs/SYA/SYA_2021_SYA2021_normal_grid_S0019_daily.csv
SYA,SYA,Shenyang,2021,Leave_One_experiments\wth_generated_qc\SYA\SYA2021.WTH,normal_year;nitrogen_stress_year;low_response_year,normal,SYA2021_normal_grid_S0019,pareto_balanced,2021-06-16,167,62,57,"{""sim_day"": 62.0, ""doy"": 167.0, ""topwt"": 864.1853332519531, ""grnwt"": 0.0, ""xlai"": 1.1539467573165894, ""totir"": 0.0, ""tofer"": NaN, ""swfac"": 0.0, ""nstres"": 0.0}",0.0,0.0,864.1853332519531,0.0,1.1539467573165894,0.0,,0.0,0.0,0.0,225.0,47.86834716796875,47.86834716796875,Leave_One_experiments/all_year_offline_schedule_search/daily_outputs/SYA/SYA_2021_SYA2021_normal_grid_S0019_daily.csv
SYA,SYA,Shenyang,2021,Leave_One_experiments\wth_generated_qc\SYA\SYA2021.WTH,normal_year;nitrogen_stress_year;low_response_year,normal,SYA2021_normal_grid_S0019,pareto_balanced,2021-06-17,168,63,58,"{""sim_day"": 63.0, ""doy"": 168.0, ""topwt"": 940.2139282226562, ""grnwt"": 0.0, ""xlai"": 1.221924901008606, ""totir"": 0.0, ""tofer"": NaN, ""swfac"": 0.0, ""nstres"": 0.0}",0.0,0.0,940.2139282226562,0.0,1.221924901008606,0.0,,0.0,0.0,0.0,225.0,47.86834716796875,47.86834716796875,Leave_One_experiments/all_year_offline_schedule_search/daily_outputs/SYA/SYA_2021_SYA2021_normal_grid_S0019_daily.csv
SYA,SYA,Shenyang,2021,Leave_One_experiments\wth_generated_qc\SYA\SYA2021.WTH,normal_year;nitrogen_stress_year;low_response_year,normal,SYA2021_normal_grid_S0019,pareto_balanced,2021-06-18,169,64,59,"{""sim_day"": 64.0, ""doy"": 169.0, ""topwt"": 1029.862289428711, ""grnwt"": 0.0, ""xlai"": 1.297966718673706, ""totir"": 0.0, ""tofer"": NaN, ""swfac"": 0.0, ""nstres"": 0.0}",0.0,0.0,1029.862289428711,0.0,1.297966718673706,0.0,,0.0,0.0,0.0,225.0,47.86834716796875,47.86834716796875,Leave_One_experiments/all_year_offline_schedule_search/daily_outputs/SYA/SYA_2021_SYA2021_normal_grid_S0019_daily.csv
SYA,SYA,Shenyang,2021,Leave_One_experiments\wth_generated_qc\SYA\SYA2021.WTH,normal_year;nitrogen_stress_year;low_response_year,normal,SYA2021_normal_grid_S0019,pareto_balanced,2021-06-19,170,65,60,"{""sim_day"": 65.0, ""doy"": 170.0, ""topwt"": 1112.4616241455078, ""grnwt"": 0.0, ""xlai"": 1.364878535270691, ""totir"": 0.0, ""tofer"": NaN, ""swfac"": 0.0, ""nstres"": 0.0}",0.0,0.0,1112.4616241455078,0.0,1.364878535270691,0.0,,0.0,75.0,0.0,225.0,47.86834716796875,47.86834716796875,Leave_One_experiments/all_year_offline_schedule_search/daily_outputs/SYA/SYA_2021_SYA2021_normal_grid_S0019_daily.csv
SYA,SYA,Shenyang,2021,Leave_One_experiments\wth_generated_qc\SYA\SYA2021.WTH,normal_year;nitrogen_stress_year;low_response_year,normal,SYA2021_normal_grid_S0019,pareto_balanced,2021-06-20,171,66,61,"{""sim_day"": 66.0, ""doy"": 171.0, ""topwt"": 1206.5716552734375, ""grnwt"": 0.0, ""xlai"": 1.4375605583190918, ""totir"": 0.0, ""tofer"": NaN, ""swfac"": 0.0, ""nstres"": 0.0}",0.0,0.0,1206.5716552734375,0.0,1.4375605583190918,0.0,,0.0,0.0,0.0,225.0,47.86834716796875,47.86834716796875,Leave_One_experiments/all_year_offline_schedule_search/daily_outputs/SYA/SYA_2021_SYA2021_normal_grid_S0019_daily.csv
SYA,SYA,Shenyang,2021,Leave_One_experiments\wth_generated_qc\SYA\SYA2021.WTH,normal_year;nitrogen_stress_year;low_response_year,normal,SYA2021_normal_grid_S0019,pareto_balanced,2021-06-21,172,67,62,"{""sim_day"": 67.0, ""doy"": 172.0, ""topwt"": 1303.534698486328, ""grnwt"": 0.0, ""xlai"": 1.5089600086212158, ""totir"": 0.0, ""tofer"": NaN, ""swfac"": 0.0, ""nstres"": 0.0}",0.0,0.0,1303.534698486328,0.0,1.5089600086212158,0.0,,0.0,0.0,0.0,225.0,47.86834716796875,47.86834716796875,Leave_One_experiments/all_year_offline_schedule_search/daily_outputs/SYA/SYA_2021_SYA2021_normal_grid_S0019_daily.csv
SYA,SYA,Shenyang,2021,Leave_One_experiments\wth_generated_qc\SYA\SYA2021.WTH,normal_year;nitrogen_stress_year;low_response_year,normal,SYA2021_normal_grid_S0019,pareto_balanced,2021-06-22,173,68,63,"{""sim_day"": 68.0, ""doy"": 173.0, ""topwt"": 1406.7657470703125, ""grnwt"": 0.0, ""xlai"": 1.5814063549041748, ""totir"": 0.0, ""tofer"": NaN, ""swfac"": 0.0, ""nstres"": 0.0}",0.0,0.0,1406.7657470703125,0.0,1.5814063549041748,0.0,,0.0,0.0,0.0,225.0,47.86834716796875,47.86834716796875,Leave_One_experiments/all_year_offline_schedule_search/daily_outputs/SYA/SYA_2021_SYA2021_normal_grid_S0019_daily.csv
SYA,SYA,Shenyang,2021,Leave_One_experiments\wth_generated_qc\SYA\SYA2021.WTH,normal_year;nitrogen_stress_year;low_response_year,normal,SYA2021_normal_grid_S0019,pareto_balanced,2021-06-23,174,69,64,"{""sim_day"": 69.0, ""doy"": 174.0, ""topwt"": 1526.0325622558594, ""grnwt"": 0.0, ""xlai"": 1.6608593463897705, ""totir"": 0.0, ""tofer"": NaN, ""swfac"": 0.0, ""nstres"": 0.0}",0.0,0.0,1526.0325622558594,0.0,1.6608593463897705,0.0,,0.0,0.0,0.0,225.0,47.86834716796875,47.86834716796875,Leave_One_experiments/all_year_offline_schedule_search/daily_outputs/SYA/SYA_2021_SYA2021_normal_grid_S0019_daily.csv
SYA,SYA,Shenyang,2021,Leave_One_experiments\wth_generated_qc\SYA\SYA2021.WTH,normal_year;nitrogen_stress_year;low_response_year,normal,SYA2021_normal_grid_S0019,pareto_balanced,2021-06-24,175,70,65,"{""sim_day"": 70.0, ""doy"": 175.0, ""topwt"": 1648.3357238769531, ""grnwt"": 0.0, ""xlai"": 1.7382503747940063, ""totir"": 0.0, ""tofer"": NaN, ""swfac"": 0.0, ""nstres"": 0.0}",0.0,0.0,1648.3357238769531,0.0,1.7382503747940063,0.0,,0.0,0.0,0.0,225.0,47.86834716796875,47.86834716796875,Leave_One_experiments/all_year_offline_schedule_search/daily_outputs/SYA/SYA_2021_SYA2021_normal_grid_S0019_daily.csv
SYA,SYA,Shenyang,2021,Leave_One_experiments\wth_generated_qc\SYA\SYA2021.WTH,normal_year;nitrogen_stress_year;low_response_year,normal,SYA2021_normal_grid_S0019,pareto_balanced,2021-06-25,176,71,66,"{""sim_day"": 71.0, ""doy"": 176.0, ""topwt"": 1735.3225708007812, ""grnwt"": 0.0, ""xlai"": 1.7908838987350464, ""totir"": 0.0, ""tofer"": NaN, ""swfac"": 0.0, ""nstres"": 0.0}",0.0,0.0,1735.3225708007812,0.0,1.7908838987350464,0.0,,0.0,0.0,0.0,225.0,47.86834716796875,47.86834716796875,Leave_One_experiments/all_year_offline_schedule_search/daily_outputs/SYA/SYA_2021_SYA2021_normal_grid_S0019_daily.csv
SYA,SYA,Shenyang,2021,Leave_One_experiments\wth_generated_qc\SYA\SYA2021.WTH,normal_year;nitrogen_stress_year;low_response_year,normal,SYA2021_normal_grid_S0019,pareto_balanced,2021-06-26,177,72,67,"{""sim_day"": 72.0, ""doy"": 177.0, ""topwt"": 1812.347717285156, ""grnwt"": 0.0, ""xlai"": 1.8356001377105715, ""totir"": 0.0, ""tofer"": NaN, ""swfac"": 0.0, ""nstres"": 0.0}",0.0,0.0,1812.347717285156,0.0,1.8356001377105715,0.0,,0.0,0.0,0.0,225.0,47.86834716796875,47.86834716796875,Leave_One_experiments/all_year_offline_schedule_search/daily_outputs/SYA/SYA_2021_SYA2021_normal_grid_S0019_daily.csv
SYA,SYA,Shenyang,2021,Leave_One_experiments\wth_generated_qc\SYA\SYA2021.WTH,normal_year;nitrogen_stress_year;low_response_year,normal,SYA2021_normal_grid_S0019,pareto_balanced,2021-06-27,178,73,68,"{""sim_day"": 73.0, ""doy"": 178.0, ""topwt"": 1911.122589111328, ""grnwt"": 0.0, ""xlai"": 1.8904613256454468, ""totir"": 0.0, ""tofer"": NaN, ""swfac"": 0.0, ""nstres"": 0.0}",0.0,0.0,1911.122589111328,0.0,1.8904613256454468,0.0,,0.0,0.0,0.0,225.0,47.86834716796875,47.86834716796875,Leave_One_experiments/all_year_offline_schedule_search/daily_outputs/SYA/SYA_2021_SYA2021_normal_grid_S0019_daily.csv
SYA,SYA,Shenyang,2021,Leave_One_experiments\wth_generated_qc\SYA\SYA2021.WTH,normal_year;nitrogen_stress_year;low_response_year,normal,SYA2021_normal_grid_S0019,pareto_balanced,2021-06-28,179,74,69,"{""sim_day"": 74.0, ""doy"": 179.0, ""topwt"": 2139.0061950683594, ""grnwt"": 0.0, ""xlai"": 2.0218663215637207, ""totir"": 0.0, ""tofer"": NaN, ""swfac"": 0.0, ""nstres"": 0.0}",0.0,0.0,2139.0061950683594,0.0,2.0218663215637207,0.0,,0.0,0.0,0.0,225.0,47.86834716796875,47.86834716796875,Leave_One_experiments/all_year_offline_schedule_search/daily_outputs/SYA/SYA_2021_SYA2021_normal_grid_S0019_daily.csv
SYA,SYA,Shenyang,2021,Leave_One_experiments\wth_generated_qc\SYA\SYA2021.WTH,normal_year;nitrogen_stress_year;low_response_year,normal,SYA2021_normal_grid_S0019,pareto_balanced,2021-06-29,180,75,70,"{""sim_day"": 75.0, ""doy"": 180.0, ""topwt"": 2327.2520446777344, ""grnwt"": 0.0, ""xlai"": 2.1099729537963867, ""totir"": 0.0, ""tofer"": NaN, ""swfac"": 0.0, ""nstres"": 0.0}",0.0,0.0,2327.2520446777344,0.0,2.1099729537963867,0.0,,0.0,0.0,0.0,225.0,47.86834716796875,47.86834716796875,Leave_One_experiments/all_year_offline_schedule_search/daily_outputs/SYA/SYA_2021_SYA2021_normal_grid_S0019_daily.csv
SYA,SYA,Shenyang,2021,Leave_One_experiments\wth_generated_qc\SYA\SYA2021.WTH,normal_year;nitrogen_stress_year;low_response_year,normal,SYA2021_normal_grid_S0019,pareto_balanced,2021-06-30,181,76,71,"{""sim_day"": 76.0, ""doy"": 181.0, ""topwt"": 2536.913146972656, ""grnwt"": 0.0, ""xlai"": 2.1951208114624023, ""totir"": 0.0, ""tofer"": NaN, ""swfac"": 0.0, ""nstres"": 0.0}",0.0,0.0,2536.913146972656,0.0,2.1951208114624023,0.0,,0.0,0.0,0.0,225.0,47.86834716796875,47.86834716796875,Leave_One_experiments/all_year_offline_schedule_search/daily_outputs/SYA/SYA_2021_SYA2021_normal_grid_S0019_daily.csv
SYA,SYA,Shenyang,2021,Leave_One_experiments\wth_generated_qc\SYA\SYA2021.WTH,normal_year;nitrogen_stress_year;low_response_year,normal,SYA2021_normal_grid_S0019,pareto_balanced,2021-07-01,182,77,72,"{""sim_day"": 77.0, ""doy"": 182.0, ""topwt"": 2761.049194335937, ""grnwt"": 0.0, ""xlai"": 2.2769272327423096, ""totir"": 0.0, ""tofer"": NaN, ""swfac"": 0.0, ""nstres"": 0.0}",0.0,0.0,2761.049194335937,0.0,2.2769272327423096,0.0,,0.0,0.0,0.0,225.0,47.86834716796875,47.86834716796875,Leave_One_experiments/all_year_offline_schedule_search/daily_outputs/SYA/SYA_2021_SYA2021_normal_grid_S0019_daily.csv
SYA,SYA,Shenyang,2021,Leave_One_experiments\wth_generated_qc\SYA\SYA2021.WTH,normal_year;nitrogen_stress_year;low_response_year,normal,SYA2021_normal_grid_S0019,pareto_balanced,2021-07-02,183,78,73,"{""sim_day"": 78.0, ""doy"": 183.0, ""topwt"": 2865.377197265625, ""grnwt"": 0.0, ""xlai"": 2.312321901321411, ""totir"": 0.0, ""tofer"": NaN, ""swfac"": 0.0, ""nstres"": 0.0}",0.0,0.0,2865.377197265625,0.0,2.312321901321411,0.0,,0.0,0.0,0.0,225.0,47.86834716796875,47.86834716796875,Leave_One_experiments/all_year_offline_schedule_search/daily_outputs/SYA/SYA_2021_SYA2021_normal_grid_S0019_daily.csv
SYA,SYA,Shenyang,2021,Leave_One_experiments\wth_generated_qc\SYA\SYA2021.WTH,normal_year;nitrogen_stress_year;low_response_year,normal,SYA2021_normal_grid_S0019,pareto_balanced,2021-07-03,184,79,74,"{""sim_day"": 79.0, ""doy"": 184.0, ""topwt"": 3036.8017578125, ""grnwt"": 0.0, ""xlai"": 2.3672525882720947, ""totir"": 0.0, ""tofer"": NaN, ""swfac"": 0.0, ""nstres"": 0.0}",0.0,0.0,3036.8017578125,0.0,2.3672525882720947,0.0,,0.0,0.0,0.0,225.0,47.86834716796875,47.86834716796875,Leave_One_experiments/all_year_offline_schedule_search/daily_outputs/SYA/SYA_2021_SYA2021_normal_grid_S0019_daily.csv
SYA,SYA,Shenyang,2021,Leave_One_experiments\wth_generated_qc\SYA\SYA2021.WTH,normal_year;nitrogen_stress_year;low_response_year,normal,SYA2021_normal_grid_S0019,pareto_balanced,2021-07-04,185,80,75,"{""sim_day"": 80.0, ""doy"": 185.0, ""topwt"": 3236.8246459960938, ""grnwt"": 0.0, ""xlai"": 2.427556037902832, ""totir"": 0.0, ""tofer"": NaN, ""swfac"": 0.0, ""nstres"": 0.0}",0.0,0.0,3236.8246459960938,0.0,2.427556037902832,0.0,,0.0,0.0,0.0,225.0,47.86834716796875,47.86834716796875,Leave_One_experiments/all_year_offline_schedule_search/daily_outputs/SYA/SYA_2021_SYA2021_normal_grid_S0019_daily.csv
SYA,SYA,Shenyang,2021,Leave_One_experiments\wth_generated_qc\SYA\SYA2021.WTH,normal_year;nitrogen_stress_year;low_response_year,normal,SYA2021_normal_grid_S0019,pareto_balanced,2021-07-05,186,81,76,"{""sim_day"": 81.0, ""doy"": 186.0, ""topwt"": 3427.284545898437, ""grnwt"": 0.0, ""xlai"": 2.4820470809936523, ""totir"": 0.0, ""tofer"": NaN, ""swfac"": 0.0, ""nstres"": 0.0}",0.0,0.0,3427.284545898437,0.0,2.4820470809936523,0.0,,0.0,0.0,0.0,225.0,47.86834716796875,47.86834716796875,Leave_One_experiments/all_year_offline_schedule_search/daily_outputs/SYA/SYA_2021_SYA2021_normal_grid_S0019_daily.csv
SYA,SYA,Shenyang,2021,Leave_One_experiments\wth_generated_qc\SYA\SYA2021.WTH,normal_year;nitrogen_stress_year;low_response_year,normal,SYA2021_normal_grid_S0019,pareto_balanced,2021-07-06,187,82,77,"{""sim_day"": 82.0, ""doy"": 187.0, ""topwt"": 3618.0364990234375, ""grnwt"": 0.0, ""xlai"": 2.534099817276001, ""totir"": 0.0, ""tofer"": NaN, ""swfac"": 0.0, ""nstres"": 0.0}",0.0,0.0,3618.0364990234375,0.0,2.534099817276001,0.0,,0.0,0.0,0.0,225.0,47.86834716796875,47.86834716796875,Leave_One_experiments/all_year_offline_schedule_search/daily_outputs/SYA/SYA_2021_SYA2021_normal_grid_S0019_daily.csv
SYA,SYA,Shenyang,2021,Leave_One_experiments\wth_generated_qc\SYA\SYA2021.WTH,normal_year;nitrogen_stress_year;low_response_year,normal,SYA2021_normal_grid_S0019,pareto_balanced,2021-07-07,188,83,78,"{""sim_day"": 83.0, ""doy"": 188.0, ""topwt"": 3808.3462524414062, ""grnwt"": 0.0, ""xlai"": 2.583840847015381, ""totir"": 0.0, ""tofer"": NaN, ""swfac"": 0.0, ""nstres"": 0.0}",0.0,0.0,3808.3462524414062,0.0,2.583840847015381,0.0,,0.0,0.0,0.0,225.0,47.86834716796875,47.86834716796875,Leave_One_experiments/all_year_offline_schedule_search/daily_outputs/SYA/SYA_2021_SYA2021_normal_grid_S0019_daily.csv
SYA,SYA,Shenyang,2021,Leave_One_experiments\wth_generated_qc\SYA\SYA2021.WTH,normal_year;nitrogen_stress_year;low_response_year,normal,SYA2021_normal_grid_S0019,pareto_balanced,2021-07-08,189,84,79,"{""sim_day"": 84.0, ""doy"": 189.0, ""topwt"": 3982.739562988281, ""grnwt"": 0.0, ""xlai"": 2.627765655517578, ""totir"": 0.0, ""tofer"": NaN, ""swfac"": 0.0, ""nstres"": 0.0}",0.0,0.0,3982.739562988281,0.0,2.627765655517578,0.0,,0.0,0.0,0.0,225.0,47.86834716796875,47.86834716796875,Leave_One_experiments/all_year_offline_schedule_search/daily_outputs/SYA/SYA_2021_SYA2021_normal_grid_S0019_daily.csv
SYA,SYA,Shenyang,2021,Leave_One_experiments\wth_generated_qc\SYA\SYA2021.WTH,normal_year;nitrogen_stress_year;low_response_year,normal,SYA2021_normal_grid_S0019,pareto_balanced,2021-07-09,190,85,80,"{""sim_day"": 85.0, ""doy"": 190.0, ""topwt"": 4159.523010253906, ""grnwt"": 0.0, ""xlai"": 2.672245740890503, ""totir"": 0.0, ""tofer"": NaN, ""swfac"": 0.0, ""nstres"": 0.0}",0.0,0.0,4159.523010253906,0.0,2.672245740890503,0.0,,0.0,0.0,0.0,225.0,47.86834716796875,47.86834716796875,Leave_One_experiments/all_year_offline_schedule_search/daily_outputs/SYA/SYA_2021_SYA2021_normal_grid_S0019_daily.csv
SYA,SYA,Shenyang,2021,Leave_One_experiments\wth_generated_qc\SYA\SYA2021.WTH,normal_year;nitrogen_stress_year;low_response_year,normal,SYA2021_normal_grid_S0019,pareto_balanced,2021-07-10,191,86,81,"{""sim_day"": 86.0, ""doy"": 191.0, ""topwt"": 4366.8896484375, ""grnwt"": 0.0, ""xlai"": 2.724398612976074, ""totir"": 0.0, ""tofer"": NaN, ""swfac"": 0.0, ""nstres"": 0.0}",0.0,0.0,4366.8896484375,0.0,2.724398612976074,0.0,,0.0,0.0,0.0,225.0,47.86834716796875,47.86834716796875,Leave_One_experiments/all_year_offline_schedule_search/daily_outputs/SYA/SYA_2021_SYA2021_normal_grid_S0019_daily.csv
SYA,SYA,Shenyang,2021,Leave_One_experiments\wth_generated_qc\SYA\SYA2021.WTH,normal_year;nitrogen_stress_year;low_response_year,normal,SYA2021_normal_grid_S0019,pareto_balanced,2021-07-11,192,87,82,"{""sim_day"": 87.0, ""doy"": 192.0, ""topwt"": 4576.167297363281, ""grnwt"": 0.0, ""xlai"": 2.776966094970703, ""totir"": 0.0, ""tofer"": NaN, ""swfac"": 0.0, ""nstres"": 0.0}",0.0,0.0,4576.167297363281,0.0,2.776966094970703,0.0,,0.0,0.0,0.0,225.0,47.86834716796875,47.86834716796875,Leave_One_experiments/all_year_offline_schedule_search/daily_outputs/SYA/SYA_2021_SYA2021_normal_grid_S0019_daily.csv
SYA,SYA,Shenyang,2021,Leave_One_experiments\wth_generated_qc\SYA\SYA2021.WTH,normal_year;nitrogen_stress_year;low_response_year,normal,SYA2021_normal_grid_S0019,pareto_balanced,2021-07-12,193,88,83,"{""sim_day"": 88.0, ""doy"": 193.0, ""topwt"": 4748.307495117188, ""grnwt"": 0.0, ""xlai"": 2.820108652114868, ""totir"": 0.0, ""tofer"": NaN, ""swfac"": 0.0, ""nstres"": 0.0}",0.0,0.0,4748.307495117188,0.0,2.820108652114868,0.0,,0.0,0.0,0.0,225.0,47.86834716796875,47.86834716796875,Leave_One_experiments/all_year_offline_schedule_search/daily_outputs/SYA/SYA_2021_SYA2021_normal_grid_S0019_daily.csv
SYA,SYA,Shenyang,2021,Leave_One_experiments\wth_generated_qc\SYA\SYA2021.WTH,normal_year;nitrogen_stress_year;low_response_year,normal,SYA2021_normal_grid_S0019,pareto_balanced,2021-07-13,194,89,84,"{""sim_day"": 89.0, ""doy"": 194.0, ""topwt"": 4946.515808105469, ""grnwt"": 0.0, ""xlai"": 2.8697683811187744, ""totir"": 0.0, ""tofer"": NaN, ""swfac"": 0.0, ""nstres"": 0.0}",0.0,0.0,4946.515808105469,0.0,2.8697683811187744,0.0,,0.0,0.0,0.0,225.0,47.86834716796875,47.86834716796875,Leave_One_experiments/all_year_offline_schedule_search/daily_outputs/SYA/SYA_2021_SYA2021_normal_grid_S0019_daily.csv
SYA,SYA,Shenyang,2021,Leave_One_experiments\wth_generated_qc\SYA\SYA2021.WTH,normal_year;nitrogen_stress_year;low_response_year,normal,SYA2021_normal_grid_S0019,pareto_balanced,2021-07-14,195,90,85,"{""sim_day"": 90.0, ""doy"": 195.0, ""topwt"": 5149.89990234375, ""grnwt"": 0.0, ""xlai"": 2.920670509338379, ""totir"": 0.0, ""tofer"": NaN, ""swfac"": 0.0, ""nstres"": 0.0}",0.0,0.0,5149.89990234375,0.0,2.920670509338379,0.0,,0.0,0.0,0.0,225.0,47.86834716796875,47.86834716796875,Leave_One_experiments/all_year_offline_schedule_search/daily_outputs/SYA/SYA_2021_SYA2021_normal_grid_S0019_daily.csv
SYA,SYA,Shenyang,2021,Leave_One_experiments\wth_generated_qc\SYA\SYA2021.WTH,normal_year;nitrogen_stress_year;low_response_year,normal,SYA2021_normal_grid_S0019,pareto_balanced,2021-07-15,196,91,86,"{""sim_day"": 91.0, ""doy"": 196.0, ""topwt"": 5582.5567626953125, ""grnwt"": 0.0, ""xlai"": 2.7747693061828613, ""totir"": 0.0, ""tofer"": NaN, ""swfac"": 0.0, ""nstres"": 0.0}",0.0,0.0,5582.5567626953125,0.0,2.7747693061828613,0.0,,0.0,0.0,0.0,225.0,47.86834716796875,47.86834716796875,Leave_One_experiments/all_year_offline_schedule_search/daily_outputs/SYA/SYA_2021_SYA2021_normal_grid_S0019_daily.csv
SYA,SYA,Shenyang,2021,Leave_One_experiments\wth_generated_qc\SYA\SYA2021.WTH,normal_year;nitrogen_stress_year;low_response_year,normal,SYA2021_normal_grid_S0019,pareto_balanced,2021-07-16,197,92,87,"{""sim_day"": 92.0, ""doy"": 197.0, ""topwt"": 6007.603149414063, ""grnwt"": 0.0, ""xlai"": 2.7609074115753174, ""totir"": 0.0, ""tofer"": NaN, ""swfac"": 0.0, ""nstres"": 0.0}",0.0,0.0,6007.603149414063,0.0,2.7609074115753174,0.0,,0.0,0.0,0.0,225.0,47.86834716796875,47.86834716796875,Leave_One_experiments/all_year_offline_schedule_search/daily_outputs/SYA/SYA_2021_SYA2021_normal_grid_S0019_daily.csv
SYA,SYA,Shenyang,2021,Leave_One_experiments\wth_generated_qc\SYA\SYA2021.WTH,normal_year;nitrogen_stress_year;low_response_year,normal,SYA2021_normal_grid_S0019,pareto_balanced,2021-07-17,198,93,88,"{""sim_day"": 93.0, ""doy"": 198.0, ""topwt"": 6381.763305664063, ""grnwt"": 0.0, ""xlai"": 2.7471184730529785, ""totir"": 0.0, ""tofer"": NaN, ""swfac"": 0.0, ""nstres"": 0.0}",0.0,0.0,6381.763305664063,0.0,2.7471184730529785,0.0,,0.0,0.0,0.0,225.0,47.86834716796875,47.86834716796875,Leave_One_experiments/all_year_offline_schedule_search/daily_outputs/SYA/SYA_2021_SYA2021_normal_grid_S0019_daily.csv
SYA,SYA,Shenyang,2021,Leave_One_experiments\wth_generated_qc\SYA\SYA2021.WTH,normal_year;nitrogen_stress_year;low_response_year,normal,SYA2021_normal_grid_S0019,pareto_balanced,2021-07-18,199,94,89,"{""sim_day"": 94.0, ""doy"": 199.0, ""topwt"": 6759.818115234375, ""grnwt"": 0.0, ""xlai"": 2.7333297729492188, ""totir"": 0.0, ""tofer"": NaN, ""swfac"": 0.0, ""nstres"": 0.0}",0.0,0.0,6759.818115234375,0.0,2.7333297729492188,0.0,,0.0,0.0,0.0,225.0,47.86834716796875,47.86834716796875,Leave_One_experiments/all_year_offline_schedule_search/daily_outputs/SYA/SYA_2021_SYA2021_normal_grid_S0019_daily.csv
SYA,SYA,Shenyang,2021,Leave_One_experiments\wth_generated_qc\SYA\SYA2021.WTH,normal_year;nitrogen_stress_year;low_response_year,normal,SYA2021_normal_grid_S0019,pareto_balanced,2021-07-19,200,95,90,"{""sim_day"": 95.0, ""doy"": 200.0, ""topwt"": 7104.288330078125, ""grnwt"": 0.0, ""xlai"": 2.719834804534912, ""totir"": 0.0, ""tofer"": NaN, ""swfac"": 0.0, ""nstres"": 0.0}",0.0,0.0,7104.288330078125,0.0,2.719834804534912,0.0,,0.0,0.0,0.0,225.0,47.86834716796875,47.86834716796875,Leave_One_experiments/all_year_offline_schedule_search/daily_outputs/SYA/SYA_2021_SYA2021_normal_grid_S0019_daily.csv
SYA,SYA,Shenyang,2021,Leave_One_experiments\wth_generated_qc\SYA\SYA2021.WTH,normal_year;nitrogen_stress_year;low_response_year,normal,SYA2021_normal_grid_S0019,pareto_balanced,2021-07-20,201,96,91,"{""sim_day"": 96.0, ""doy"": 201.0, ""topwt"": 7387.94677734375, ""grnwt"": 0.0, ""xlai"": 2.705752372741699, ""totir"": 0.0, ""tofer"": NaN, ""swfac"": 0.0, ""nstres"": 0.0}",0.0,0.0,7387.94677734375,0.0,2.705752372741699,0.0,,0.0,0.0,0.0,225.0,47.86834716796875,47.86834716796875,Leave_One_experiments/all_year_offline_schedule_search/daily_outputs/SYA/SYA_2021_SYA2021_normal_grid_S0019_daily.csv
SYA,SYA,Shenyang,2021,Leave_One_experiments\wth_generated_qc\SYA\SYA2021.WTH,normal_year;nitrogen_stress_year;low_response_year,normal,SYA2021_normal_grid_S0019,pareto_balanced,2021-07-21,202,97,92,"{""sim_day"": 97.0, ""doy"": 202.0, ""topwt"": 7621.034545898437, ""grnwt"": 0.0, ""xlai"": 2.6909735202789307, ""totir"": 0.0, ""tofer"": NaN, ""swfac"": 0.0, ""nstres"": 0.0}",0.0,0.0,7621.034545898437,0.0,2.6909735202789307,0.0,,0.0,0.0,0.0,225.0,47.86834716796875,47.86834716796875,Leave_One_experiments/all_year_offline_schedule_search/daily_outputs/SYA/SYA_2021_SYA2021_normal_grid_S0019_daily.csv
SYA,SYA,Shenyang,2021,Leave_One_experiments\wth_generated_qc\SYA\SYA2021.WTH,normal_year;nitrogen_stress_year;low_response_year,normal,SYA2021_normal_grid_S0019,pareto_balanced,2021-07-22,203,98,93,"{""sim_day"": 98.0, ""doy"": 203.0, ""topwt"": 7905.505981445312, ""grnwt"": 0.0, ""xlai"": 2.6765246391296387, ""totir"": 0.0, ""tofer"": NaN, ""swfac"": 0.0, ""nstres"": 0.0}",0.0,0.0,7905.505981445312,0.0,2.6765246391296387,0.0,,0.0,0.0,0.0,225.0,47.86834716796875,47.86834716796875,Leave_One_experiments/all_year_offline_schedule_search/daily_outputs/SYA/SYA_2021_SYA2021_normal_grid_S0019_daily.csv
SYA,SYA,Shenyang,2021,Leave_One_experiments\wth_generated_qc\SYA\SYA2021.WTH,normal_year;nitrogen_stress_year;low_response_year,normal,SYA2021_normal_grid_S0019,pareto_balanced,2021-07-23,204,99,94,"{""sim_day"": 99.0, ""doy"": 204.0, ""topwt"": 8225.93505859375, ""grnwt"": 320.42869567871094, ""xlai"": 2.622580051422119, ""totir"": 0.0, ""tofer"": NaN, ""swfac"": 0.0, ""nstres"": 0.0}",0.0,0.0,8225.93505859375,320.42869567871094,2.622580051422119,0.0,,0.0,0.0,0.0,225.0,47.86834716796875,47.86834716796875,Leave_One_experiments/all_year_offline_schedule_search/daily_outputs/SYA/SYA_2021_SYA2021_normal_grid_S0019_daily.csv
SYA,SYA,Shenyang,2021,Leave_One_experiments\wth_generated_qc\SYA\SYA2021.WTH,normal_year;nitrogen_stress_year;low_response_year,normal,SYA2021_normal_grid_S0019,pareto_balanced,2021-07-24,205,100,95,"{""sim_day"": 100.0, ""doy"": 205.0, ""topwt"": 8572.280883789062, ""grnwt"": 666.7743682861328, ""xlai"": 2.6157045364379883, ""totir"": 0.0, ""tofer"": NaN, ""swfac"": 0.0, ""nstres"": 0.0}",0.0,0.0,8572.280883789062,666.7743682861328,2.6157045364379883,0.0,,0.0,0.0,0.0,225.0,47.86834716796875,47.86834716796875,Leave_One_experiments/all_year_offline_schedule_search/daily_outputs/SYA/SYA_2021_SYA2021_normal_grid_S0019_daily.csv
SYA,SYA,Shenyang,2021,Leave_One_experiments\wth_generated_qc\SYA\SYA2021.WTH,normal_year;nitrogen_stress_year;low_response_year,normal,SYA2021_normal_grid_S0019,pareto_balanced,2021-07-25,206,101,96,"{""sim_day"": 101.0, ""doy"": 206.0, ""topwt"": 8932.088012695312, ""grnwt"": 1029.6127319335938, ""xlai"": 2.60741925239563, ""totir"": 0.0, ""tofer"": NaN, ""swfac"": 0.0, ""nstres"": 0.0}",0.0,0.0,8932.088012695312,1029.6127319335938,2.60741925239563,0.0,,0.0,0.0,0.0,225.0,47.86834716796875,47.86834716796875,Leave_One_experiments/all_year_offline_schedule_search/daily_outputs/SYA/SYA_2021_SYA2021_normal_grid_S0019_daily.csv
SYA,SYA,Shenyang,2021,Leave_One_experiments\wth_generated_qc\SYA\SYA2021.WTH,normal_year;nitrogen_stress_year;low_response_year,normal,SYA2021_normal_grid_S0019,pareto_balanced,2021-07-26,207,102,97,"{""sim_day"": 102.0, ""doy"": 207.0, ""topwt"": 9260.260009765623, ""grnwt"": 1354.7537231445312, ""xlai"": 2.597010612487793, ""totir"": 0.0, ""tofer"": NaN, ""swfac"": 0.0, ""nstres"": 0.0}",0.0,0.0,9260.260009765623,1354.7537231445312,2.597010612487793,0.0,,0.0,0.0,0.0,225.0,47.86834716796875,47.86834716796875,Leave_One_experiments/all_year_offline_schedule_search/daily_outputs/SYA/SYA_2021_SYA2021_normal_grid_S0019_daily.csv
SYA,SYA,Shenyang,2021,Leave_One_experiments\wth_generated_qc\SYA\SYA2021.WTH,normal_year;nitrogen_stress_year;low_response_year,normal,SYA2021_normal_grid_S0019,pareto_balanced,2021-07-27,208,103,98,"{""sim_day"": 103.0, ""doy"": 208.0, ""topwt"": 9559.483642578123, ""grnwt"": 1653.9776611328125, ""xlai"": 2.584259510040283, ""totir"": 0.0, ""tofer"": NaN, ""swfac"": 0.0, ""nstres"": 0.0}",0.0,0.0,9559.483642578123,1653.9776611328125,2.584259510040283,0.0,,0.0,0.0,0.0,225.0,47.86834716796875,47.86834716796875,Leave_One_experiments/all_year_offline_schedule_search/daily_outputs/SYA/SYA_2021_SYA2021_normal_grid_S0019_daily.csv
SYA,SYA,Shenyang,2021,Leave_One_experiments\wth_generated_qc\SYA\SYA2021.WTH,normal_year;nitrogen_stress_year;low_response_year,normal,SYA2021_normal_grid_S0019,pareto_balanced,2021-07-28,209,104,99,"{""sim_day"": 104.0, ""doy"": 209.0, ""topwt"": 9805.048217773438, ""grnwt"": 1990.8990478515625, ""xlai"": 2.5698373317718506, ""totir"": 0.0, ""tofer"": NaN, ""swfac"": 0.0, ""nstres"": 0.0}",0.0,0.0,9805.048217773438,1990.8990478515625,2.5698373317718506,0.0,,0.0,0.0,0.0,225.0,47.86834716796875,47.86834716796875,Leave_One_experiments/all_year_offline_schedule_search/daily_outputs/SYA/SYA_2021_SYA2021_normal_grid_S0019_daily.csv
SYA,SYA,Shenyang,2021,Leave_One_experiments\wth_generated_qc\SYA\SYA2021.WTH,normal_year;nitrogen_stress_year;low_response_year,normal,SYA2021_normal_grid_S0019,pareto_balanced,2021-07-29,210,105,100,"{""sim_day"": 105.0, ""doy"": 210.0, ""topwt"": 9861.329956054688, ""grnwt"": 2367.873992919922, ""xlai"": 2.555988550186157, ""totir"": 0.0, ""tofer"": NaN, ""swfac"": 0.0, ""nstres"": 0.0}",0.0,0.0,9861.329956054688,2367.873992919922,2.555988550186157,0.0,,0.0,0.0,0.0,225.0,47.86834716796875,47.86834716796875,Leave_One_experiments/all_year_offline_schedule_search/daily_outputs/SYA/SYA_2021_SYA2021_normal_grid_S0019_daily.csv
SYA,SYA,Shenyang,2021,Leave_One_experiments\wth_generated_qc\SYA\SYA2021.WTH,normal_year;nitrogen_stress_year;low_response_year,normal,SYA2021_normal_grid_S0019,pareto_balanced,2021-07-30,211,106,101,"{""sim_day"": 106.0, ""doy"": 211.0, ""topwt"": 10008.113403320312, ""grnwt"": 2744.848937988281, ""xlai"": 2.5391976833343506, ""totir"": 0.0, ""tofer"": NaN, ""swfac"": 0.0, ""nstres"": 0.0}",0.0,0.0,10008.113403320312,2744.848937988281,2.5391976833343506,0.0,,0.0,0.0,0.0,225.0,47.86834716796875,47.86834716796875,Leave_One_experiments/all_year_offline_schedule_search/daily_outputs/SYA/SYA_2021_SYA2021_normal_grid_S0019_daily.csv
SYA,SYA,Shenyang,2021,Leave_One_experiments\wth_generated_qc\SYA\SYA2021.WTH,normal_year;nitrogen_stress_year;low_response_year,normal,SYA2021_normal_grid_S0019,pareto_balanced,2021-07-31,212,107,102,"{""sim_day"": 107.0, ""doy"": 212.0, ""topwt"": 10279.317626953123, ""grnwt"": 3121.82373046875, ""xlai"": 2.519813299179077, ""totir"": 0.0, ""tofer"": NaN, ""swfac"": 0.0, ""nstres"": 0.0}",0.0,0.0,10279.317626953123,3121.82373046875,2.519813299179077,0.0,,0.0,0.0,0.0,225.0,47.86834716796875,47.86834716796875,Leave_One_experiments/all_year_offline_schedule_search/daily_outputs/SYA/SYA_2021_SYA2021_normal_grid_S0019_daily.csv
SYA,SYA,Shenyang,2021,Leave_One_experiments\wth_generated_qc\SYA\SYA2021.WTH,normal_year;nitrogen_stress_year;low_response_year,normal,SYA2021_normal_grid_S0019,pareto_balanced,2021-08-01,213,108,103,"{""sim_day"": 108.0, ""doy"": 213.0, ""topwt"": 10479.54833984375, ""grnwt"": 3498.798828125, ""xlai"": 2.5008909702301025, ""totir"": 0.0, ""tofer"": NaN, ""swfac"": 0.0, ""nstres"": 0.0}",0.0,0.0,10479.54833984375,3498.798828125,2.5008909702301025,0.0,,0.0,0.0,0.0,225.0,47.86834716796875,47.86834716796875,Leave_One_experiments/all_year_offline_schedule_search/daily_outputs/SYA/SYA_2021_SYA2021_normal_grid_S0019_daily.csv
SYA,SYA,Shenyang,2021,Leave_One_experiments\wth_generated_qc\SYA\SYA2021.WTH,normal_year;nitrogen_stress_year;low_response_year,normal,SYA2021_normal_grid_S0019,pareto_balanced,2021-08-02,214,109,104,"{""sim_day"": 109.0, ""doy"": 214.0, ""topwt"": 10764.808349609377, ""grnwt"": 3809.9246215820312, ""xlai"": 2.480963706970215, ""totir"": 0.0, ""tofer"": NaN, ""swfac"": 0.0, ""nstres"": 0.0}",0.0,0.0,10764.808349609377,3809.9246215820312,2.480963706970215,0.0,,0.0,0.0,0.0,225.0,47.86834716796875,47.86834716796875,Leave_One_experiments/all_year_offline_schedule_search/daily_outputs/SYA/SYA_2021_SYA2021_normal_grid_S0019_daily.csv
SYA,SYA,Shenyang,2021,Leave_One_experiments\wth_generated_qc\SYA\SYA2021.WTH,normal_year;nitrogen_stress_year;low_response_year,normal,SYA2021_normal_grid_S0019,pareto_balanced,2021-08-03,215,110,105,"{""sim_day"": 110.0, ""doy"": 215.0, ""topwt"": 11051.73828125, ""grnwt"": 4096.854553222656, ""xlai"": 2.4563469886779785, ""totir"": 0.0, ""tofer"": NaN, ""swfac"": 0.0, ""nstres"": 0.0}",0.0,0.0,11051.73828125,4096.854553222656,2.4563469886779785,0.0,,0.0,0.0,0.0,225.0,47.86834716796875,47.86834716796875,Leave_One_experiments/all_year_offline_schedule_search/daily_outputs/SYA/SYA_2021_SYA2021_normal_grid_S0019_daily.csv
SYA,SYA,Shenyang,2021,Leave_One_experiments\wth_generated_qc\SYA\SYA2021.WTH,normal_year;nitrogen_stress_year;low_response_year,normal,SYA2021_normal_grid_S0019,pareto_balanced,2021-08-04,216,111,106,"{""sim_day"": 111.0, ""doy"": 216.0, ""topwt"": 11180.3955078125, ""grnwt"": 4225.511779785156, ""xlai"": 2.4301297664642334, ""totir"": 0.0, ""tofer"": NaN, ""swfac"": 0.0, ""nstres"": 0.0}",0.0,0.0,11180.3955078125,4225.511779785156,2.4301297664642334,0.0,,0.0,0.0,0.0,225.0,47.86834716796875,47.86834716796875,Leave_One_experiments/all_year_offline_schedule_search/daily_outputs/SYA/SYA_2021_SYA2021_normal_grid_S0019_daily.csv
SYA,SYA,Shenyang,2021,Leave_One_experiments\wth_generated_qc\SYA\SYA2021.WTH,normal_year;nitrogen_stress_year;low_response_year,normal,SYA2021_normal_grid_S0019,pareto_balanced,2021-08-05,217,112,107,"{""sim_day"": 112.0, ""doy"": 217.0, ""topwt"": 11543.505859375, ""grnwt"": 4588.621826171875, ""xlai"": 2.4018867015838623, ""totir"": 0.0, ""tofer"": NaN, ""swfac"": 0.0, ""nstres"": 0.0}",0.0,0.0,11543.505859375,4588.621826171875,2.4018867015838623,0.0,,0.0,0.0,0.0,225.0,47.86834716796875,47.86834716796875,Leave_One_experiments/all_year_offline_schedule_search/daily_outputs/SYA/SYA_2021_SYA2021_normal_grid_S0019_daily.csv
SYA,SYA,Shenyang,2021,Leave_One_experiments\wth_generated_qc\SYA\SYA2021.WTH,normal_year;nitrogen_stress_year;low_response_year,normal,SYA2021_normal_grid_S0019,pareto_balanced,2021-08-06,218,113,108,"{""sim_day"": 113.0, ""doy"": 218.0, ""topwt"": 11932.26318359375, ""grnwt"": 4965.596618652344, ""xlai"": 2.3720803260803223, ""totir"": 0.0, ""tofer"": NaN, ""swfac"": 0.0, ""nstres"": 0.0}",0.0,0.0,11932.26318359375,4965.596618652344,2.3720803260803223,0.0,,0.0,0.0,0.0,225.0,47.86834716796875,47.86834716796875,Leave_One_experiments/all_year_offline_schedule_search/daily_outputs/SYA/SYA_2021_SYA2021_normal_grid_S0019_daily.csv
SYA,SYA,Shenyang,2021,Leave_One_experiments\wth_generated_qc\SYA\SYA2021.WTH,normal_year;nitrogen_stress_year;low_response_year,normal,SYA2021_normal_grid_S0019,pareto_balanced,2021-08-07,219,114,109,"{""sim_day"": 114.0, ""doy"": 219.0, ""topwt"": 12343.026123046877, ""grnwt"": 5342.5714111328125, ""xlai"": 2.3376212120056152, ""totir"": 0.0, ""tofer"": NaN, ""swfac"": 0.0, ""nstres"": 0.0}",0.0,0.0,12343.026123046877,5342.5714111328125,2.3376212120056152,0.0,,0.0,0.0,0.0,225.0,47.86834716796875,47.86834716796875,Leave_One_experiments/all_year_offline_schedule_search/daily_outputs/SYA/SYA_2021_SYA2021_normal_grid_S0019_daily.csv
SYA,SYA,Shenyang,2021,Leave_One_experiments\wth_generated_qc\SYA\SYA2021.WTH,normal_year;nitrogen_stress_year;low_response_year,normal,SYA2021_normal_grid_S0019,pareto_balanced,2021-08-08,220,115,110,"{""sim_day"": 115.0, ""doy"": 220.0, ""topwt"": 12560.606689453123, ""grnwt"": 5605.72265625, ""xlai"": 2.301334857940674, ""totir"": 0.0, ""tofer"": NaN, ""swfac"": 0.0, ""nstres"": 0.0}",0.0,0.0,12560.606689453123,5605.72265625,2.301334857940674,0.0,,0.0,0.0,0.0,225.0,47.86834716796875,47.86834716796875,Leave_One_experiments/all_year_offline_schedule_search/daily_outputs/SYA/SYA_2021_SYA2021_normal_grid_S0019_daily.csv
SYA,SYA,Shenyang,2021,Leave_One_experiments\wth_generated_qc\SYA\SYA2021.WTH,normal_year;nitrogen_stress_year;low_response_year,normal,SYA2021_normal_grid_S0019,pareto_balanced,2021-08-09,221,116,111,"{""sim_day"": 116.0, ""doy"": 221.0, ""topwt"": 12823.922119140623, ""grnwt"": 5869.0380859375, ""xlai"": 2.266794919967652, ""totir"": 0.0, ""tofer"": NaN, ""swfac"": 0.0, ""nstres"": 0.0}",0.0,0.0,12823.922119140623,5869.0380859375,2.266794919967652,0.0,,0.0,0.0,0.0,225.0,47.86834716796875,47.86834716796875,Leave_One_experiments/all_year_offline_schedule_search/daily_outputs/SYA/SYA_2021_SYA2021_normal_grid_S0019_daily.csv
SYA,SYA,Shenyang,2021,Leave_One_experiments\wth_generated_qc\SYA\SYA2021.WTH,normal_year;nitrogen_stress_year;low_response_year,normal,SYA2021_normal_grid_S0019,pareto_balanced,2021-08-10,222,117,112,"{""sim_day"": 117.0, ""doy"": 222.0, ""topwt"": 13071.81640625, ""grnwt"": 6116.93359375, ""xlai"": 2.232385396957397, ""totir"": 0.0, ""tofer"": NaN, ""swfac"": 0.0, ""nstres"": 0.0}",0.0,0.0,13071.81640625,6116.93359375,2.232385396957397,0.0,,0.0,0.0,0.0,225.0,47.86834716796875,47.86834716796875,Leave_One_experiments/all_year_offline_schedule_search/daily_outputs/SYA/SYA_2021_SYA2021_normal_grid_S0019_daily.csv
SYA,SYA,Shenyang,2021,Leave_One_experiments\wth_generated_qc\SYA\SYA2021.WTH,normal_year;nitrogen_stress_year;low_response_year,normal,SYA2021_normal_grid_S0019,pareto_balanced,2021-08-11,223,118,113,"{""sim_day"": 118.0, ""doy"": 223.0, ""topwt"": 13214.830322265623, ""grnwt"": 6259.9456787109375, ""xlai"": 2.198190450668335, ""totir"": 0.0, ""tofer"": NaN, ""swfac"": 0.0, ""nstres"": 0.0}",0.0,0.0,13214.830322265623,6259.9456787109375,2.198190450668335,0.0,,0.0,0.0,0.0,225.0,47.86834716796875,47.86834716796875,Leave_One_experiments/all_year_offline_schedule_search/daily_outputs/SYA/SYA_2021_SYA2021_normal_grid_S0019_daily.csv
SYA,SYA,Shenyang,2021,Leave_One_experiments\wth_generated_qc\SYA\SYA2021.WTH,normal_year;nitrogen_stress_year;low_response_year,normal,SYA2021_normal_grid_S0019,pareto_balanced,2021-08-12,224,119,114,"{""sim_day"": 119.0, ""doy"": 224.0, ""topwt"": 13533.323974609377, ""grnwt"": 6578.43994140625, ""xlai"": 2.163536548614502, ""totir"": 0.0, ""tofer"": NaN, ""swfac"": 0.0, ""nstres"": 0.0}",0.0,0.0,13533.323974609377,6578.43994140625,2.163536548614502,0.0,,0.0,0.0,0.0,225.0,47.86834716796875,47.86834716796875,Leave_One_experiments/all_year_offline_schedule_search/daily_outputs/SYA/SYA_2021_SYA2021_normal_grid_S0019_daily.csv
SYA,SYA,Shenyang,2021,Leave_One_experiments\wth_generated_qc\SYA\SYA2021.WTH,normal_year;nitrogen_stress_year;low_response_year,normal,SYA2021_normal_grid_S0019,pareto_balanced,2021-08-13,225,120,115,"{""sim_day"": 120.0, ""doy"": 225.0, ""topwt"": 13920.189208984377, ""grnwt"": 6955.4150390625, ""xlai"": 2.12505841255188, ""totir"": 0.0, ""tofer"": NaN, ""swfac"": 0.0, ""nstres"": 0.0}",0.0,0.0,13920.189208984377,6955.4150390625,2.12505841255188,0.0,,0.0,0.0,0.0,225.0,47.86834716796875,47.86834716796875,Leave_One_experiments/all_year_offline_schedule_search/daily_outputs/SYA/SYA_2021_SYA2021_normal_grid_S0019_daily.csv
SYA,SYA,Shenyang,2021,Leave_One_experiments\wth_generated_qc\SYA\SYA2021.WTH,normal_year;nitrogen_stress_year;low_response_year,normal,SYA2021_normal_grid_S0019,pareto_balanced,2021-08-14,226,121,116,"{""sim_day"": 121.0, ""doy"": 226.0, ""topwt"": 14204.107666015623, ""grnwt"": 7249.2230224609375, ""xlai"": 2.07881236076355, ""totir"": 0.0, ""tofer"": NaN, ""swfac"": 0.0, ""nstres"": 0.0}",0.0,0.0,14204.107666015623,7249.2230224609375,2.07881236076355,0.0,,0.0,0.0,0.0,225.0,47.86834716796875,47.86834716796875,Leave_One_experiments/all_year_offline_schedule_search/daily_outputs/SYA/SYA_2021_SYA2021_normal_grid_S0019_daily.csv
SYA,SYA,Shenyang,2021,Leave_One_experiments\wth_generated_qc\SYA\SYA2021.WTH,normal_year;nitrogen_stress_year;low_response_year,normal,SYA2021_normal_grid_S0019,pareto_balanced,2021-08-15,227,122,117,"{""sim_day"": 122.0, ""doy"": 227.0, ""topwt"": 14371.3916015625, ""grnwt"": 7416.507568359375, ""xlai"": 2.031526803970337, ""totir"": 0.0, ""tofer"": NaN, ""swfac"": 0.0, ""nstres"": 0.0}",0.0,0.0,14371.3916015625,7416.507568359375,2.031526803970337,0.0,,0.0,0.0,0.0,225.0,47.86834716796875,47.86834716796875,Leave_One_experiments/all_year_offline_schedule_search/daily_outputs/SYA/SYA_2021_SYA2021_normal_grid_S0019_daily.csv
SYA,SYA,Shenyang,2021,Leave_One_experiments\wth_generated_qc\SYA\SYA2021.WTH,normal_year;nitrogen_stress_year;low_response_year,normal,SYA2021_normal_grid_S0019,pareto_balanced,2021-08-16,228,123,118,"{""sim_day"": 123.0, ""doy"": 228.0, ""topwt"": 14583.389892578123, ""grnwt"": 7628.506469726562, ""xlai"": 1.9830456972122192, ""totir"": 0.0, ""tofer"": NaN, ""swfac"": 0.0, ""nstres"": 0.0}",0.0,0.0,14583.389892578123,7628.506469726562,1.9830456972122192,0.0,,0.0,0.0,0.0,225.0,47.86834716796875,47.86834716796875,Leave_One_experiments/all_year_offline_schedule_search/daily_outputs/SYA/SYA_2021_SYA2021_normal_grid_S0019_daily.csv
SYA,SYA,Shenyang,2021,Leave_One_experiments\wth_generated_qc\SYA\SYA2021.WTH,normal_year;nitrogen_stress_year;low_response_year,normal,SYA2021_normal_grid_S0019,pareto_balanced,2021-08-17,229,124,119,"{""sim_day"": 124.0, ""doy"": 229.0, ""topwt"": 14896.363525390623, ""grnwt"": 7941.4788818359375, ""xlai"": 1.9280431270599363, ""totir"": 0.0, ""tofer"": NaN, ""swfac"": 0.0, ""nstres"": 0.0}",0.0,0.0,14896.363525390623,7941.4788818359375,1.9280431270599363,0.0,,0.0,0.0,0.0,225.0,47.86834716796875,47.86834716796875,Leave_One_experiments/all_year_offline_schedule_search/daily_outputs/SYA/SYA_2021_SYA2021_normal_grid_S0019_daily.csv
SYA,SYA,Shenyang,2021,Leave_One_experiments\wth_generated_qc\SYA\SYA2021.WTH,normal_year;nitrogen_stress_year;low_response_year,normal,SYA2021_normal_grid_S0019,pareto_balanced,2021-08-18,230,125,120,"{""sim_day"": 125.0, ""doy"": 230.0, ""topwt"": 15215.07568359375, ""grnwt"": 8260.192260742188, ""xlai"": 1.866969466209412, ""totir"": 0.0, ""tofer"": NaN, ""swfac"": 0.0, ""nstres"": 0.0}",0.0,0.0,15215.07568359375,8260.192260742188,1.866969466209412,0.0,,0.0,0.0,0.0,225.0,47.86834716796875,47.86834716796875,Leave_One_experiments/all_year_offline_schedule_search/daily_outputs/SYA/SYA_2021_SYA2021_normal_grid_S0019_daily.csv
SYA,SYA,Shenyang,2021,Leave_One_experiments\wth_generated_qc\SYA\SYA2021.WTH,normal_year;nitrogen_stress_year;low_response_year,normal,SYA2021_normal_grid_S0019,pareto_balanced,2021-08-19,231,126,121,"{""sim_day"": 126.0, ""doy"": 231.0, ""topwt"": 15294.765625, ""grnwt"": 8339.881591796875, ""xlai"": 1.813855767250061, ""totir"": 0.0, ""tofer"": NaN, ""swfac"": 0.0, ""nstres"": 0.0}",0.0,0.0,15294.765625,8339.881591796875,1.813855767250061,0.0,,0.0,0.0,0.0,225.0,47.86834716796875,47.86834716796875,Leave_One_experiments/all_year_offline_schedule_search/daily_outputs/SYA/SYA_2021_SYA2021_normal_grid_S0019_daily.csv
SYA,SYA,Shenyang,2021,Leave_One_experiments\wth_generated_qc\SYA\SYA2021.WTH,normal_year;nitrogen_stress_year;low_response_year,normal,SYA2021_normal_grid_S0019,pareto_balanced,2021-08-20,232,127,122,"{""sim_day"": 127.0, ""doy"": 232.0, ""topwt"": 15555.71533203125, ""grnwt"": 8600.830078125, ""xlai"": 1.7505427598953247, ""totir"": 0.0, ""tofer"": NaN, ""swfac"": 0.0, ""nstres"": 0.0}",0.0,0.0,15555.71533203125,8600.830078125,1.7505427598953247,0.0,,0.0,0.0,0.0,225.0,47.86834716796875,47.86834716796875,Leave_One_experiments/all_year_offline_schedule_search/daily_outputs/SYA/SYA_2021_SYA2021_normal_grid_S0019_daily.csv
SYA,SYA,Shenyang,2021,Leave_One_experiments\wth_generated_qc\SYA\SYA2021.WTH,normal_year;nitrogen_stress_year;low_response_year,normal,SYA2021_normal_grid_S0019,pareto_balanced,2021-08-21,233,128,123,"{""sim_day"": 128.0, ""doy"": 233.0, ""topwt"": 15861.600341796877, ""grnwt"": 8906.714477539062, ""xlai"": 1.6802897453308103, ""totir"": 0.0, ""tofer"": NaN, ""swfac"": 0.0, ""nstres"": 0.0}",0.0,0.0,15861.600341796877,8906.714477539062,1.6802897453308103,0.0,,0.0,0.0,0.0,225.0,47.86834716796875,47.86834716796875,Leave_One_experiments/all_year_offline_schedule_search/daily_outputs/SYA/SYA_2021_SYA2021_normal_grid_S0019_daily.csv
SYA,SYA,Shenyang,2021,Leave_One_experiments\wth_generated_qc\SYA\SYA2021.WTH,normal_year;nitrogen_stress_year;low_response_year,normal,SYA2021_normal_grid_S0019,pareto_balanced,2021-08-22,234,129,124,"{""sim_day"": 129.0, ""doy"": 234.0, ""topwt"": 16123.40087890625, ""grnwt"": 9168.515625, ""xlai"": 1.5946723222732544, ""totir"": 0.0, ""tofer"": NaN, ""swfac"": 0.0, ""nstres"": 0.0}",0.0,0.0,16123.40087890625,9168.515625,1.5946723222732544,0.0,,0.0,0.0,0.0,225.0,47.86834716796875,47.86834716796875,Leave_One_experiments/all_year_offline_schedule_search/daily_outputs/SYA/SYA_2021_SYA2021_normal_grid_S0019_daily.csv
SYA,SYA,Shenyang,2021,Leave_One_experiments\wth_generated_qc\SYA\SYA2021.WTH,normal_year;nitrogen_stress_year;low_response_year,normal,SYA2021_normal_grid_S0019,pareto_balanced,2021-08-23,235,130,125,"{""sim_day"": 130.0, ""doy"": 235.0, ""topwt"": 16208.81103515625, ""grnwt"": 9253.925170898438, ""xlai"": 1.528390645980835, ""totir"": 0.0, ""tofer"": NaN, ""swfac"": 0.0, ""nstres"": 0.0}",0.0,0.0,16208.81103515625,9253.925170898438,1.528390645980835,0.0,,0.0,0.0,0.0,225.0,47.86834716796875,47.86834716796875,Leave_One_experiments/all_year_offline_schedule_search/daily_outputs/SYA/SYA_2021_SYA2021_normal_grid_S0019_daily.csv
SYA,SYA,Shenyang,2021,Leave_One_experiments\wth_generated_qc\SYA\SYA2021.WTH,normal_year;nitrogen_stress_year;low_response_year,normal,SYA2021_normal_grid_S0019,pareto_balanced,2021-08-24,236,131,126,"{""sim_day"": 131.0, ""doy"": 236.0, ""topwt"": 16469.322509765625, ""grnwt"": 9514.43603515625, ""xlai"": 1.454237937927246, ""totir"": 0.0, ""tofer"": NaN, ""swfac"": 0.0, ""nstres"": 0.0}",0.0,0.0,16469.322509765625,9514.43603515625,1.454237937927246,0.0,,0.0,0.0,0.0,225.0,47.86834716796875,47.86834716796875,Leave_One_experiments/all_year_offline_schedule_search/daily_outputs/SYA/SYA_2021_SYA2021_normal_grid_S0019_daily.csv
SYA,SYA,Shenyang,2021,Leave_One_experiments\wth_generated_qc\SYA\SYA2021.WTH,normal_year;nitrogen_stress_year;low_response_year,normal,SYA2021_normal_grid_S0019,pareto_balanced,2021-08-25,237,132,127,"{""sim_day"": 132.0, ""doy"": 237.0, ""topwt"": 16738.138427734375, ""grnwt"": 9783.252563476562, ""xlai"": 1.3760554790496826, ""totir"": 0.0, ""tofer"": NaN, ""swfac"": 0.0, ""nstres"": 0.0}",0.0,0.0,16738.138427734375,9783.252563476562,1.3760554790496826,0.0,,0.0,0.0,0.0,225.0,47.86834716796875,47.86834716796875,Leave_One_experiments/all_year_offline_schedule_search/daily_outputs/SYA/SYA_2021_SYA2021_normal_grid_S0019_daily.csv
SYA,SYA,Shenyang,2021,Leave_One_experiments\wth_generated_qc\SYA\SYA2021.WTH,normal_year;nitrogen_stress_year;low_response_year,normal,SYA2021_normal_grid_S0019,pareto_balanced,2021-08-26,238,133,128,"{""sim_day"": 133.0, ""doy"": 238.0, ""topwt"": 17062.320556640625, ""grnwt"": 10107.435302734377, ""xlai"": 1.291715383529663, ""totir"": 0.0, ""tofer"": NaN, ""swfac"": 0.0, ""nstres"": 0.0}",0.0,0.0,17062.320556640625,10107.435302734377,1.291715383529663,0.0,,0.0,0.0,0.0,225.0,47.86834716796875,47.86834716796875,Leave_One_experiments/all_year_offline_schedule_search/daily_outputs/SYA/SYA_2021_SYA2021_normal_grid_S0019_daily.csv
SYA,SYA,Shenyang,2021,Leave_One_experiments\wth_generated_qc\SYA\SYA2021.WTH,normal_year;nitrogen_stress_year;low_response_year,normal,SYA2021_normal_grid_S0019,pareto_balanced,2021-08-27,239,134,129,"{""sim_day"": 134.0, ""doy"": 239.0, ""topwt"": 17366.719970703125, ""grnwt"": 10411.834716796877, ""xlai"": 1.212732434272766, ""totir"": 0.0, ""tofer"": NaN, ""swfac"": 0.0, ""nstres"": 0.0}",0.0,0.0,17366.719970703125,10411.834716796877,1.212732434272766,0.0,,0.0,0.0,0.0,225.0,47.86834716796875,47.86834716796875,Leave_One_experiments/all_year_offline_schedule_search/daily_outputs/SYA/SYA_2021_SYA2021_normal_grid_S0019_daily.csv
SYA,SYA,Shenyang,2021,Leave_One_experiments\wth_generated_qc\SYA\SYA2021.WTH,normal_year;nitrogen_stress_year;low_response_year,normal,SYA2021_normal_grid_S0019,pareto_balanced,2021-08-28,240,135,130,"{""sim_day"": 135.0, ""doy"": 240.0, ""topwt"": 17366.719970703125, ""grnwt"": 10411.834716796877, ""xlai"": 1.212732434272766, ""totir"": 0.0, ""tofer"": NaN, ""swfac"": 0.0, ""nstres"": 0.0}",0.0,0.0,17366.719970703125,10411.834716796877,1.212732434272766,0.0,,0.0,0.0,0.0,225.0,47.86834716796875,47.86834716796875,Leave_One_experiments/all_year_offline_schedule_search/daily_outputs/SYA/SYA_2021_SYA2021_normal_grid_S0019_daily.csv
SYA,SYA,Shenyang,2021,Leave_One_experiments\wth_generated_qc\SYA\SYA2021.WTH,normal_year;nitrogen_stress_year;low_response_year,normal,SYA2021_normal_grid_S0019,pareto_balanced,2021-08-29,241,136,131,"{""sim_day"": 136.0, ""doy"": 241.0, ""topwt"": 17366.719970703125, ""grnwt"": 10411.834716796877, ""xlai"": 1.212732434272766, ""totir"": 0.0, ""tofer"": NaN, ""swfac"": 0.0, ""nstres"": 0.0}",0.0,0.0,17366.719970703125,10411.834716796877,1.212732434272766,0.0,,0.0,0.0,0.0,225.0,47.86834716796875,47.86834716796875,Leave_One_experiments/all_year_offline_schedule_search/daily_outputs/SYA/SYA_2021_SYA2021_normal_grid_S0019_daily.csv
SYA,SYA,Shenyang,2021,Leave_One_experiments\wth_generated_qc\SYA\SYA2021.WTH,normal_year;nitrogen_stress_year;low_response_year,normal,SYA2021_normal_grid_S0019,pareto_balanced,2021-08-30,242,137,132,"{""sim_day"": 137.0, ""doy"": 242.0, ""topwt"": 17366.719970703125, ""grnwt"": 10411.834716796877, ""xlai"": 1.212732434272766, ""totir"": 0.0, ""tofer"": NaN, ""swfac"": 0.0, ""nstres"": 0.0}",0.0,0.0,17366.719970703125,10411.834716796877,1.212732434272766,0.0,,0.0,0.0,0.0,225.0,47.86834716796875,47.86834716796875,Leave_One_experiments/all_year_offline_schedule_search/daily_outputs/SYA/SYA_2021_SYA2021_normal_grid_S0019_daily.csv
SYA,SYA,Shenyang,2021,Leave_One_experiments\wth_generated_qc\SYA\SYA2021.WTH,normal_year;nitrogen_stress_year;low_response_year,normal,SYA2021_normal_grid_S0019,pareto_balanced,2021-08-31,243,138,133,"{""sim_day"": 138.0, ""doy"": 243.0, ""topwt"": 17366.719970703125, ""grnwt"": 10411.834716796877, ""xlai"": 1.212732434272766, ""totir"": 0.0, ""tofer"": NaN, ""swfac"": 0.0, ""nstres"": 0.0}",0.0,0.0,17366.719970703125,10411.834716796877,1.212732434272766,0.0,,0.0,0.0,0.0,225.0,47.86834716796875,47.86834716796875,Leave_One_experiments/all_year_offline_schedule_search/daily_outputs/SYA/SYA_2021_SYA2021_normal_grid_S0019_daily.csv
SYA,SYA,Shenyang,2022,Leave_One_experiments\wth_generated_qc\SYA\SYA2022.WTH,wet_year;nitrogen_stress_year;low_response_year,wet,SYA2022_normal_grid_S0013,irrigation_positive_candidate,2022-04-21,111,1,1,"{""sim_day"": 1.0, ""doy"": 111.0, ""topwt"": 0.0, ""grnwt"": 0.0, ""xlai"": 0.0, ""totir"": 0.0, ""tofer"": NaN, ""swfac"": 0.0, ""nstres"": 0.0}",0.0,0.0,0.0,0.0,0.0,0.0,,0.0,50.0,30.0,150.0,38.15961303710938,50.15961303710938,Leave_One_experiments/all_year_offline_schedule_search/daily_outputs/SYA/SYA_2022_SYA2022_normal_grid_S0013_daily.csv
SYA,SYA,Shenyang,2022,Leave_One_experiments\wth_generated_qc\SYA\SYA2022.WTH,wet_year;nitrogen_stress_year;low_response_year,wet,SYA2022_normal_grid_S0013,irrigation_positive_candidate,2022-04-22,112,2,2,"{""sim_day"": 2.0, ""doy"": 112.0, ""topwt"": 0.0, ""grnwt"": 0.0, ""xlai"": 0.0, ""totir"": 0.0, ""tofer"": NaN, ""swfac"": 0.0, ""nstres"": 0.0}",0.0,0.0,0.0,0.0,0.0,0.0,,0.0,0.0,30.0,150.0,38.15961303710938,50.15961303710938,Leave_One_experiments/all_year_offline_schedule_search/daily_outputs/SYA/SYA_2022_SYA2022_normal_grid_S0013_daily.csv
SYA,SYA,Shenyang,2022,Leave_One_experiments\wth_generated_qc\SYA\SYA2022.WTH,wet_year;nitrogen_stress_year;low_response_year,wet,SYA2022_normal_grid_S0013,irrigation_positive_candidate,2022-04-23,113,3,3,"{""sim_day"": 3.0, ""doy"": 113.0, ""topwt"": 0.0, ""grnwt"": 0.0, ""xlai"": 0.0, ""totir"": 0.0, ""tofer"": NaN, ""swfac"": 0.0, ""nstres"": 0.0}",0.0,0.0,0.0,0.0,0.0,0.0,,0.0,0.0,30.0,150.0,38.15961303710938,50.15961303710938,Leave_One_experiments/all_year_offline_schedule_search/daily_outputs/SYA/SYA_2022_SYA2022_normal_grid_S0013_daily.csv
SYA,SYA,Shenyang,2022,Leave_One_experiments\wth_generated_qc\SYA\SYA2022.WTH,wet_year;nitrogen_stress_year;low_response_year,wet,SYA2022_normal_grid_S0013,irrigation_positive_candidate,2022-04-24,114,4,4,"{""sim_day"": 4.0, ""doy"": 114.0, ""topwt"": 0.0, ""grnwt"": 0.0, ""xlai"": 0.0, ""totir"": 0.0, ""tofer"": NaN, ""swfac"": 0.0, ""nstres"": 0.0}",0.0,0.0,0.0,0.0,0.0,0.0,,0.0,0.0,30.0,150.0,38.15961303710938,50.15961303710938,Leave_One_experiments/all_year_offline_schedule_search/daily_outputs/SYA/SYA_2022_SYA2022_normal_grid_S0013_daily.csv
SYA,SYA,Shenyang,2022,Leave_One_experiments\wth_generated_qc\SYA\SYA2022.WTH,wet_year;nitrogen_stress_year;low_response_year,wet,SYA2022_normal_grid_S0013,irrigation_positive_candidate,2022-04-25,115,5,5,"{""sim_day"": 5.0, ""doy"": 115.0, ""topwt"": 0.0, ""grnwt"": 0.0, ""xlai"": 0.0, ""totir"": 0.0, ""tofer"": NaN, ""swfac"": 0.0, ""nstres"": 0.0}",0.0,0.0,0.0,0.0,0.0,0.0,,0.0,0.0,30.0,150.0,38.15961303710938,50.15961303710938,Leave_One_experiments/all_year_offline_schedule_search/daily_outputs/SYA/SYA_2022_SYA2022_normal_grid_S0013_daily.csv
SYA,SYA,Shenyang,2022,Leave_One_experiments\wth_generated_qc\SYA\SYA2022.WTH,wet_year;nitrogen_stress_year;low_response_year,wet,SYA2022_normal_grid_S0013,irrigation_positive_candidate,2022-04-21,111,6,1,"{""sim_day"": 6.0, ""doy"": 111.0, ""topwt"": 0.0, ""grnwt"": 0.0, ""xlai"": 0.0, ""totir"": 0.0, ""tofer"": NaN, ""swfac"": 0.0, ""nstres"": 0.0}",0.0,0.0,0.0,0.0,0.0,0.0,,0.0,0.0,30.0,150.0,38.15961303710938,50.15961303710938,Leave_One_experiments/all_year_offline_schedule_search/daily_outputs/SYA/SYA_2022_SYA2022_normal_grid_S0013_daily.csv
SYA,SYA,Shenyang,2022,Leave_One_experiments\wth_generated_qc\SYA\SYA2022.WTH,wet_year;nitrogen_stress_year;low_response_year,wet,SYA2022_normal_grid_S0013,irrigation_positive_candidate,2022-04-22,112,7,2,"{""sim_day"": 7.0, ""doy"": 112.0, ""topwt"": 0.0, ""grnwt"": 0.0, ""xlai"": 0.0, ""totir"": 0.0, ""tofer"": NaN, ""swfac"": 0.0, ""nstres"": 0.0}",0.0,0.0,0.0,0.0,0.0,0.0,,0.0,0.0,30.0,150.0,38.15961303710938,50.15961303710938,Leave_One_experiments/all_year_offline_schedule_search/daily_outputs/SYA/SYA_2022_SYA2022_normal_grid_S0013_daily.csv
SYA,SYA,Shenyang,2022,Leave_One_experiments\wth_generated_qc\SYA\SYA2022.WTH,wet_year;nitrogen_stress_year;low_response_year,wet,SYA2022_normal_grid_S0013,irrigation_positive_candidate,2022-04-23,113,8,3,"{""sim_day"": 8.0, ""doy"": 113.0, ""topwt"": 0.0, ""grnwt"": 0.0, ""xlai"": 0.0, ""totir"": 0.0, ""tofer"": NaN, ""swfac"": 0.0, ""nstres"": 0.0}",0.0,0.0,0.0,0.0,0.0,0.0,,0.0,0.0,30.0,150.0,38.15961303710938,50.15961303710938,Leave_One_experiments/all_year_offline_schedule_search/daily_outputs/SYA/SYA_2022_SYA2022_normal_grid_S0013_daily.csv
SYA,SYA,Shenyang,2022,Leave_One_experiments\wth_generated_qc\SYA\SYA2022.WTH,wet_year;nitrogen_stress_year;low_response_year,wet,SYA2022_normal_grid_S0013,irrigation_positive_candidate,2022-04-24,114,9,4,"{""sim_day"": 9.0, ""doy"": 114.0, ""topwt"": 0.0, ""grnwt"": 0.0, ""xlai"": 0.0, ""totir"": 0.0, ""tofer"": NaN, ""swfac"": 0.0, ""nstres"": 0.0}",0.0,0.0,0.0,0.0,0.0,0.0,,0.0,0.0,30.0,150.0,38.15961303710938,50.15961303710938,Leave_One_experiments/all_year_offline_schedule_search/daily_outputs/SYA/SYA_2022_SYA2022_normal_grid_S0013_daily.csv
SYA,SYA,Shenyang,2022,Leave_One_experiments\wth_generated_qc\SYA\SYA2022.WTH,wet_year;nitrogen_stress_year;low_response_year,wet,SYA2022_normal_grid_S0013,irrigation_positive_candidate,2022-04-25,115,10,5,"{""sim_day"": 10.0, ""doy"": 115.0, ""topwt"": 0.0, ""grnwt"": 0.0, ""xlai"": 0.0, ""totir"": 0.0, ""tofer"": NaN, ""swfac"": 0.0, ""nstres"": 0.0}",0.0,0.0,0.0,0.0,0.0,0.0,,0.0,0.0,30.0,150.0,38.15961303710938,50.15961303710938,Leave_One_experiments/all_year_offline_schedule_search/daily_outputs/SYA/SYA_2022_SYA2022_normal_grid_S0013_daily.csv
SYA,SYA,Shenyang,2022,Leave_One_experiments\wth_generated_qc\SYA\SYA2022.WTH,wet_year;nitrogen_stress_year;low_response_year,wet,SYA2022_normal_grid_S0013,irrigation_positive_candidate,2022-04-26,116,11,6,"{""sim_day"": 11.0, ""doy"": 116.0, ""topwt"": 0.0, ""grnwt"": 0.0, ""xlai"": 0.0, ""totir"": 0.0, ""tofer"": NaN, ""swfac"": 0.0, ""nstres"": 0.0}",0.0,0.0,0.0,0.0,0.0,0.0,,0.0,0.0,30.0,150.0,38.15961303710938,50.15961303710938,Leave_One_experiments/all_year_offline_schedule_search/daily_outputs/SYA/SYA_2022_SYA2022_normal_grid_S0013_daily.csv
SYA,SYA,Shenyang,2022,Leave_One_experiments\wth_generated_qc\SYA\SYA2022.WTH,wet_year;nitrogen_stress_year;low_response_year,wet,SYA2022_normal_grid_S0013,irrigation_positive_candidate,2022-04-27,117,12,7,"{""sim_day"": 12.0, ""doy"": 117.0, ""topwt"": 0.0, ""grnwt"": 0.0, ""xlai"": 0.0, ""totir"": 0.0, ""tofer"": NaN, ""swfac"": 0.0, ""nstres"": 0.0}",0.0,0.0,0.0,0.0,0.0,0.0,,0.0,0.0,30.0,150.0,38.15961303710938,50.15961303710938,Leave_One_experiments/all_year_offline_schedule_search/daily_outputs/SYA/SYA_2022_SYA2022_normal_grid_S0013_daily.csv
SYA,SYA,Shenyang,2022,Leave_One_experiments\wth_generated_qc\SYA\SYA2022.WTH,wet_year;nitrogen_stress_year;low_response_year,wet,SYA2022_normal_grid_S0013,irrigation_positive_candidate,2022-04-28,118,13,8,"{""sim_day"": 13.0, ""doy"": 118.0, ""topwt"": 0.0, ""grnwt"": 0.0, ""xlai"": 0.0, ""totir"": 0.0, ""tofer"": NaN, ""swfac"": 0.0, ""nstres"": 0.0}",0.0,0.0,0.0,0.0,0.0,0.0,,0.0,0.0,30.0,150.0,38.15961303710938,50.15961303710938,Leave_One_experiments/all_year_offline_schedule_search/daily_outputs/SYA/SYA_2022_SYA2022_normal_grid_S0013_daily.csv
SYA,SYA,Shenyang,2022,Leave_One_experiments\wth_generated_qc\SYA\SYA2022.WTH,wet_year;nitrogen_stress_year;low_response_year,wet,SYA2022_normal_grid_S0013,irrigation_positive_candidate,2022-04-29,119,14,9,"{""sim_day"": 14.0, ""doy"": 119.0, ""topwt"": 0.0, ""grnwt"": 0.0, ""xlai"": 0.0, ""totir"": 0.0, ""tofer"": NaN, ""swfac"": 0.0, ""nstres"": 0.0}",0.0,0.0,0.0,0.0,0.0,0.0,,0.0,0.0,30.0,150.0,38.15961303710938,50.15961303710938,Leave_One_experiments/all_year_offline_schedule_search/daily_outputs/SYA/SYA_2022_SYA2022_normal_grid_S0013_daily.csv
SYA,SYA,Shenyang,2022,Leave_One_experiments\wth_generated_qc\SYA\SYA2022.WTH,wet_year;nitrogen_stress_year;low_response_year,wet,SYA2022_normal_grid_S0013,irrigation_positive_candidate,2022-04-30,120,15,10,"{""sim_day"": 15.0, ""doy"": 120.0, ""topwt"": 0.0, ""grnwt"": 0.0, ""xlai"": 0.0, ""totir"": 0.0, ""tofer"": NaN, ""swfac"": 0.0, ""nstres"": 0.0}",0.0,0.0,0.0,0.0,0.0,0.0,,0.0,0.0,30.0,150.0,38.15961303710938,50.15961303710938,Leave_One_experiments/all_year_offline_schedule_search/daily_outputs/SYA/SYA_2022_SYA2022_normal_grid_S0013_daily.csv
SYA,SYA,Shenyang,2022,Leave_One_experiments\wth_generated_qc\SYA\SYA2022.WTH,wet_year;nitrogen_stress_year;low_response_year,wet,SYA2022_normal_grid_S0013,irrigation_positive_candidate,2022-05-01,121,16,11,"{""sim_day"": 16.0, ""doy"": 121.0, ""topwt"": 0.0, ""grnwt"": 0.0, ""xlai"": 0.0, ""totir"": 0.0, ""tofer"": NaN, ""swfac"": 0.0, ""nstres"": 0.0}",0.0,0.0,0.0,0.0,0.0,0.0,,0.0,0.0,30.0,150.0,38.15961303710938,50.15961303710938,Leave_One_experiments/all_year_offline_schedule_search/daily_outputs/SYA/SYA_2022_SYA2022_normal_grid_S0013_daily.csv
SYA,SYA,Shenyang,2022,Leave_One_experiments\wth_generated_qc\SYA\SYA2022.WTH,wet_year;nitrogen_stress_year;low_response_year,wet,SYA2022_normal_grid_S0013,irrigation_positive_candidate,2022-05-02,122,17,12,"{""sim_day"": 17.0, ""doy"": 122.0, ""topwt"": 17.600001096725464, ""grnwt"": 0.0, ""xlai"": 0.0018071295926347, ""totir"": 0.0, ""tofer"": NaN, ""swfac"": 0.0, ""nstres"": 0.0121910572052001}",0.0,0.0121910572052001,17.600001096725464,0.0,0.0018071295926347,0.0,,0.0,0.0,30.0,150.0,38.15961303710938,50.15961303710938,Leave_One_experiments/all_year_offline_schedule_search/daily_outputs/SYA/SYA_2022_SYA2022_normal_grid_S0013_daily.csv
SYA,SYA,Shenyang,2022,Leave_One_experiments\wth_generated_qc\SYA\SYA2022.WTH,wet_year;nitrogen_stress_year;low_response_year,wet,SYA2022_normal_grid_S0013,irrigation_positive_candidate,2022-05-03,123,18,13,"{""sim_day"": 18.0, ""doy"": 123.0, ""topwt"": 17.600001096725464, ""grnwt"": 0.0, ""xlai"": 0.003558105090633, ""totir"": 0.0, ""tofer"": NaN, ""swfac"": 0.0, ""nstres"": 0.0121737718582153}",0.0,0.0121737718582153,17.600001096725464,0.0,0.003558105090633,0.0,,0.0,0.0,30.0,150.0,38.15961303710938,50.15961303710938,Leave_One_experiments/all_year_offline_schedule_search/daily_outputs/SYA/SYA_2022_SYA2022_normal_grid_S0013_daily.csv
SYA,SYA,Shenyang,2022,Leave_One_experiments\wth_generated_qc\SYA\SYA2022.WTH,wet_year;nitrogen_stress_year;low_response_year,wet,SYA2022_normal_grid_S0013,irrigation_positive_candidate,2022-05-04,124,19,14,"{""sim_day"": 19.0, ""doy"": 124.0, ""topwt"": 17.600001096725464, ""grnwt"": 0.0, ""xlai"": 0.0056383982300758, ""totir"": 0.0, ""tofer"": NaN, ""swfac"": 0.0, ""nstres"": 0.0065042972564697}",0.0,0.0065042972564697,17.600001096725464,0.0,0.0056383982300758,0.0,,0.0,0.0,30.0,150.0,38.15961303710938,50.15961303710938,Leave_One_experiments/all_year_offline_schedule_search/daily_outputs/SYA/SYA_2022_SYA2022_normal_grid_S0013_daily.csv
SYA,SYA,Shenyang,2022,Leave_One_experiments\wth_generated_qc\SYA\SYA2022.WTH,wet_year;nitrogen_stress_year;low_response_year,wet,SYA2022_normal_grid_S0013,irrigation_positive_candidate,2022-05-05,125,20,15,"{""sim_day"": 20.0, ""doy"": 125.0, ""topwt"": 17.600001096725464, ""grnwt"": 0.0, ""xlai"": 0.006789481267333, ""totir"": 0.0, ""tofer"": NaN, ""swfac"": 0.0, ""nstres"": 0.0034595727920532}",0.0,0.0034595727920532,17.600001096725464,0.0,0.006789481267333,0.0,,0.0,0.0,30.0,150.0,38.15961303710938,50.15961303710938,Leave_One_experiments/all_year_offline_schedule_search/daily_outputs/SYA/SYA_2022_SYA2022_normal_grid_S0013_daily.csv
SYA,SYA,Shenyang,2022,Leave_One_experiments\wth_generated_qc\SYA\SYA2022.WTH,wet_year;nitrogen_stress_year;low_response_year,wet,SYA2022_normal_grid_S0013,irrigation_positive_candidate,2022-05-06,126,21,16,"{""sim_day"": 21.0, ""doy"": 126.0, ""topwt"": 17.600001096725464, ""grnwt"": 0.0, ""xlai"": 0.007667071186006, ""totir"": 0.0, ""tofer"": NaN, ""swfac"": 0.0, ""nstres"": 0.0012050867080688}",0.0,0.0012050867080688,17.600001096725464,0.0,0.007667071186006,0.0,,0.0,0.0,30.0,150.0,38.15961303710938,50.15961303710938,Leave_One_experiments/all_year_offline_schedule_search/daily_outputs/SYA/SYA_2022_SYA2022_normal_grid_S0013_daily.csv
SYA,SYA,Shenyang,2022,Leave_One_experiments\wth_generated_qc\SYA\SYA2022.WTH,wet_year;nitrogen_stress_year;low_response_year,wet,SYA2022_normal_grid_S0013,irrigation_positive_candidate,2022-05-07,127,22,17,"{""sim_day"": 22.0, ""doy"": 127.0, ""topwt"": 17.600001096725464, ""grnwt"": 0.0, ""xlai"": 0.0087130293250083, ""totir"": 0.0, ""tofer"": NaN, ""swfac"": 0.0, ""nstres"": 0.0}",0.0,0.0,17.600001096725464,0.0,0.0087130293250083,0.0,,0.0,0.0,30.0,150.0,38.15961303710938,50.15961303710938,Leave_One_experiments/all_year_offline_schedule_search/daily_outputs/SYA/SYA_2022_SYA2022_normal_grid_S0013_daily.csv
SYA,SYA,Shenyang,2022,Leave_One_experiments\wth_generated_qc\SYA\SYA2022.WTH,wet_year;nitrogen_stress_year;low_response_year,wet,SYA2022_normal_grid_S0013,irrigation_positive_candidate,2022-05-08,128,23,18,"{""sim_day"": 23.0, ""doy"": 128.0, ""topwt"": 17.600001096725464, ""grnwt"": 0.0, ""xlai"": 0.0101106306537985, ""totir"": 0.0, ""tofer"": NaN, ""swfac"": 0.0, ""nstres"": 0.0}",0.0,0.0,17.600001096725464,0.0,0.0101106306537985,0.0,,0.0,0.0,30.0,150.0,38.15961303710938,50.15961303710938,Leave_One_experiments/all_year_offline_schedule_search/daily_outputs/SYA/SYA_2022_SYA2022_normal_grid_S0013_daily.csv
SYA,SYA,Shenyang,2022,Leave_One_experiments\wth_generated_qc\SYA\SYA2022.WTH,wet_year;nitrogen_stress_year;low_response_year,wet,SYA2022_normal_grid_S0013,irrigation_positive_candidate,2022-05-09,129,24,19,"{""sim_day"": 24.0, ""doy"": 129.0, ""topwt"": 17.600001096725464, ""grnwt"": 0.0, ""xlai"": 0.0115070734173059, ""totir"": 0.0, ""tofer"": NaN, ""swfac"": 0.0, ""nstres"": 0.0}",0.0,0.0,17.600001096725464,0.0,0.0115070734173059,0.0,,0.0,0.0,30.0,150.0,38.15961303710938,50.15961303710938,Leave_One_experiments/all_year_offline_schedule_search/daily_outputs/SYA/SYA_2022_SYA2022_normal_grid_S0013_daily.csv
SYA,SYA,Shenyang,2022,Leave_One_experiments\wth_generated_qc\SYA\SYA2022.WTH,wet_year;nitrogen_stress_year;low_response_year,wet,SYA2022_normal_grid_S0013,irrigation_positive_candidate,2022-05-10,130,25,20,"{""sim_day"": 25.0, ""doy"": 130.0, ""topwt"": 17.600001096725464, ""grnwt"": 0.0, ""xlai"": 0.0124683212488889, ""totir"": 0.0, ""tofer"": NaN, ""swfac"": 0.0, ""nstres"": 0.0}",0.0,0.0,17.600001096725464,0.0,0.0124683212488889,0.0,,0.0,0.0,30.0,150.0,38.15961303710938,50.15961303710938,Leave_One_experiments/all_year_offline_schedule_search/daily_outputs/SYA/SYA_2022_SYA2022_normal_grid_S0013_daily.csv
SYA,SYA,Shenyang,2022,Leave_One_experiments\wth_generated_qc\SYA\SYA2022.WTH,wet_year;nitrogen_stress_year;low_response_year,wet,SYA2022_normal_grid_S0013,irrigation_positive_candidate,2022-05-11,131,26,21,"{""sim_day"": 26.0, ""doy"": 131.0, ""topwt"": 17.600001096725464, ""grnwt"": 0.0, ""xlai"": 0.0153758497908711, ""totir"": 0.0, ""tofer"": NaN, ""swfac"": 0.0, ""nstres"": 0.0}",0.0,0.0,17.600001096725464,0.0,0.0153758497908711,0.0,,0.0,0.0,30.0,150.0,38.15961303710938,50.15961303710938,Leave_One_experiments/all_year_offline_schedule_search/daily_outputs/SYA/SYA_2022_SYA2022_normal_grid_S0013_daily.csv
SYA,SYA,Shenyang,2022,Leave_One_experiments\wth_generated_qc\SYA\SYA2022.WTH,wet_year;nitrogen_stress_year;low_response_year,wet,SYA2022_normal_grid_S0013,irrigation_positive_candidate,2022-05-12,132,27,22,"{""sim_day"": 27.0, ""doy"": 132.0, ""topwt"": 17.600001096725464, ""grnwt"": 0.0, ""xlai"": 0.0191739797592163, ""totir"": 0.0, ""tofer"": NaN, ""swfac"": 0.0, ""nstres"": 0.0}",0.0,0.0,17.600001096725464,0.0,0.0191739797592163,0.0,,0.0,0.0,30.0,150.0,38.15961303710938,50.15961303710938,Leave_One_experiments/all_year_offline_schedule_search/daily_outputs/SYA/SYA_2022_SYA2022_normal_grid_S0013_daily.csv
SYA,SYA,Shenyang,2022,Leave_One_experiments\wth_generated_qc\SYA\SYA2022.WTH,wet_year;nitrogen_stress_year;low_response_year,wet,SYA2022_normal_grid_S0013,irrigation_positive_candidate,2022-05-13,133,28,23,"{""sim_day"": 28.0, ""doy"": 133.0, ""topwt"": 17.600001096725464, ""grnwt"": 0.0, ""xlai"": 0.022767286747694, ""totir"": 0.0, ""tofer"": NaN, ""swfac"": 0.0, ""nstres"": 0.0}",0.0,0.0,17.600001096725464,0.0,0.022767286747694,0.0,,0.0,0.0,30.0,150.0,38.15961303710938,50.15961303710938,Leave_One_experiments/all_year_offline_schedule_search/daily_outputs/SYA/SYA_2022_SYA2022_normal_grid_S0013_daily.csv
SYA,SYA,Shenyang,2022,Leave_One_experiments\wth_generated_qc\SYA\SYA2022.WTH,wet_year;nitrogen_stress_year;low_response_year,wet,SYA2022_normal_grid_S0013,irrigation_positive_candidate,2022-05-14,134,29,24,"{""sim_day"": 29.0, ""doy"": 134.0, ""topwt"": 17.600001096725464, ""grnwt"": 0.0, ""xlai"": 0.0290344711393117, ""totir"": 0.0, ""tofer"": NaN, ""swfac"": 0.0, ""nstres"": 0.0}",0.0,0.0,17.600001096725464,0.0,0.0290344711393117,0.0,,0.0,0.0,30.0,150.0,38.15961303710938,50.15961303710938,Leave_One_experiments/all_year_offline_schedule_search/daily_outputs/SYA/SYA_2022_SYA2022_normal_grid_S0013_daily.csv
SYA,SYA,Shenyang,2022,Leave_One_experiments\wth_generated_qc\SYA\SYA2022.WTH,wet_year;nitrogen_stress_year;low_response_year,wet,SYA2022_normal_grid_S0013,irrigation_positive_candidate,2022-05-15,135,30,25,"{""sim_day"": 30.0, ""doy"": 135.0, ""topwt"": 19.940943717956543, ""grnwt"": 0.0, ""xlai"": 0.0363943949341774, ""totir"": 0.0, ""tofer"": NaN, ""swfac"": 0.0, ""nstres"": 0.0}",0.0,0.0,19.940943717956543,0.0,0.0363943949341774,0.0,,0.0,0.0,30.0,150.0,38.15961303710938,50.15961303710938,Leave_One_experiments/all_year_offline_schedule_search/daily_outputs/SYA/SYA_2022_SYA2022_normal_grid_S0013_daily.csv
SYA,SYA,Shenyang,2022,Leave_One_experiments\wth_generated_qc\SYA\SYA2022.WTH,wet_year;nitrogen_stress_year;low_response_year,wet,SYA2022_normal_grid_S0013,irrigation_positive_candidate,2022-05-16,136,31,26,"{""sim_day"": 31.0, ""doy"": 136.0, ""topwt"": 23.856077194213867, ""grnwt"": 0.0, ""xlai"": 0.0462568514049053, ""totir"": 0.0, ""tofer"": NaN, ""swfac"": 0.0, ""nstres"": 0.0}",0.0,0.0,23.856077194213867,0.0,0.0462568514049053,0.0,,0.0,0.0,30.0,150.0,38.15961303710938,50.15961303710938,Leave_One_experiments/all_year_offline_schedule_search/daily_outputs/SYA/SYA_2022_SYA2022_normal_grid_S0013_daily.csv
SYA,SYA,Shenyang,2022,Leave_One_experiments\wth_generated_qc\SYA\SYA2022.WTH,wet_year;nitrogen_stress_year;low_response_year,wet,SYA2022_normal_grid_S0013,irrigation_positive_candidate,2022-05-17,137,32,27,"{""sim_day"": 32.0, ""doy"": 137.0, ""topwt"": 28.457961082458496, ""grnwt"": 0.0, ""xlai"": 0.0571924187242984, ""totir"": 0.0, ""tofer"": NaN, ""swfac"": 0.0, ""nstres"": 0.0}",0.0,0.0,28.457961082458496,0.0,0.0571924187242984,0.0,,0.0,0.0,30.0,150.0,38.15961303710938,50.15961303710938,Leave_One_experiments/all_year_offline_schedule_search/daily_outputs/SYA/SYA_2022_SYA2022_normal_grid_S0013_daily.csv
SYA,SYA,Shenyang,2022,Leave_One_experiments\wth_generated_qc\SYA\SYA2022.WTH,wet_year;nitrogen_stress_year;low_response_year,wet,SYA2022_normal_grid_S0013,irrigation_positive_candidate,2022-05-18,138,33,28,"{""sim_day"": 33.0, ""doy"": 138.0, ""topwt"": 34.61930990219116, ""grnwt"": 0.0, ""xlai"": 0.071037083864212, ""totir"": 0.0, ""tofer"": NaN, ""swfac"": 0.0, ""nstres"": 0.0}",0.0,0.0,34.61930990219116,0.0,0.071037083864212,0.0,,0.0,0.0,30.0,150.0,38.15961303710938,50.15961303710938,Leave_One_experiments/all_year_offline_schedule_search/daily_outputs/SYA/SYA_2022_SYA2022_normal_grid_S0013_daily.csv
SYA,SYA,Shenyang,2022,Leave_One_experiments\wth_generated_qc\SYA\SYA2022.WTH,wet_year;nitrogen_stress_year;low_response_year,wet,SYA2022_normal_grid_S0013,irrigation_positive_candidate,2022-05-19,139,34,29,"{""sim_day"": 34.0, ""doy"": 139.0, ""topwt"": 41.75690174102783, ""grnwt"": 0.0, ""xlai"": 0.0862381905317306, ""totir"": 0.0, ""tofer"": NaN, ""swfac"": 0.0, ""nstres"": 0.0}",0.0,0.0,41.75690174102783,0.0,0.0862381905317306,0.0,,0.0,0.0,30.0,150.0,38.15961303710938,50.15961303710938,Leave_One_experiments/all_year_offline_schedule_search/daily_outputs/SYA/SYA_2022_SYA2022_normal_grid_S0013_daily.csv
SYA,SYA,Shenyang,2022,Leave_One_experiments\wth_generated_qc\SYA\SYA2022.WTH,wet_year;nitrogen_stress_year;low_response_year,wet,SYA2022_normal_grid_S0013,irrigation_positive_candidate,2022-05-20,140,35,30,"{""sim_day"": 35.0, ""doy"": 140.0, ""topwt"": 50.91094493865967, ""grnwt"": 0.0, ""xlai"": 0.1047612652182579, ""totir"": 0.0, ""tofer"": NaN, ""swfac"": 0.0, ""nstres"": 0.0}",0.0,0.0,50.91094493865967,0.0,0.1047612652182579,0.0,,0.0,50.0,30.0,150.0,38.15961303710938,50.15961303710938,Leave_One_experiments/all_year_offline_schedule_search/daily_outputs/SYA/SYA_2022_SYA2022_normal_grid_S0013_daily.csv
SYA,SYA,Shenyang,2022,Leave_One_experiments\wth_generated_qc\SYA\SYA2022.WTH,wet_year;nitrogen_stress_year;low_response_year,wet,SYA2022_normal_grid_S0013,irrigation_positive_candidate,2022-05-21,141,36,31,"{""sim_day"": 36.0, ""doy"": 141.0, ""topwt"": 61.37800216674805, ""grnwt"": 0.0, ""xlai"": 0.124932125210762, ""totir"": 0.0, ""tofer"": NaN, ""swfac"": 0.0, ""nstres"": 0.0}",0.0,0.0,61.37800216674805,0.0,0.124932125210762,0.0,,0.0,0.0,30.0,150.0,38.15961303710938,50.15961303710938,Leave_One_experiments/all_year_offline_schedule_search/daily_outputs/SYA/SYA_2022_SYA2022_normal_grid_S0013_daily.csv
SYA,SYA,Shenyang,2022,Leave_One_experiments\wth_generated_qc\SYA\SYA2022.WTH,wet_year;nitrogen_stress_year;low_response_year,wet,SYA2022_normal_grid_S0013,irrigation_positive_candidate,2022-05-22,142,37,32,"{""sim_day"": 37.0, ""doy"": 142.0, ""topwt"": 74.87233638763428, ""grnwt"": 0.0, ""xlai"": 0.1497323811054229, ""totir"": 0.0, ""tofer"": NaN, ""swfac"": 0.0, ""nstres"": 0.0}",0.0,0.0,74.87233638763428,0.0,0.1497323811054229,0.0,,0.0,0.0,30.0,150.0,38.15961303710938,50.15961303710938,Leave_One_experiments/all_year_offline_schedule_search/daily_outputs/SYA/SYA_2022_SYA2022_normal_grid_S0013_daily.csv
SYA,SYA,Shenyang,2022,Leave_One_experiments\wth_generated_qc\SYA\SYA2022.WTH,wet_year;nitrogen_stress_year;low_response_year,wet,SYA2022_normal_grid_S0013,irrigation_positive_candidate,2022-05-23,143,38,33,"{""sim_day"": 38.0, ""doy"": 143.0, ""topwt"": 87.34037399291992, ""grnwt"": 0.0, ""xlai"": 0.1834151297807693, ""totir"": 0.0, ""tofer"": NaN, ""swfac"": 0.0, ""nstres"": 0.0}",0.0,0.0,87.34037399291992,0.0,0.1834151297807693,0.0,,0.0,0.0,30.0,150.0,38.15961303710938,50.15961303710938,Leave_One_experiments/all_year_offline_schedule_search/daily_outputs/SYA/SYA_2022_SYA2022_normal_grid_S0013_daily.csv
SYA,SYA,Shenyang,2022,Leave_One_experiments\wth_generated_qc\SYA\SYA2022.WTH,wet_year;nitrogen_stress_year;low_response_year,wet,SYA2022_normal_grid_S0013,irrigation_positive_candidate,2022-05-24,144,39,34,"{""sim_day"": 39.0, ""doy"": 144.0, ""topwt"": 98.46155166625977, ""grnwt"": 0.0, ""xlai"": 0.2037011384963989, ""totir"": 0.0, ""tofer"": NaN, ""swfac"": 0.0, ""nstres"": 0.0056544542312622}",0.0,0.0056544542312622,98.46155166625977,0.0,0.2037011384963989,0.0,,0.0,0.0,30.0,150.0,38.15961303710938,50.15961303710938,Leave_One_experiments/all_year_offline_schedule_search/daily_outputs/SYA/SYA_2022_SYA2022_normal_grid_S0013_daily.csv
SYA,SYA,Shenyang,2022,Leave_One_experiments\wth_generated_qc\SYA\SYA2022.WTH,wet_year;nitrogen_stress_year;low_response_year,wet,SYA2022_normal_grid_S0013,irrigation_positive_candidate,2022-05-25,145,40,35,"{""sim_day"": 40.0, ""doy"": 145.0, ""topwt"": 105.32883644104004, ""grnwt"": 0.0, ""xlai"": 0.2159595191478729, ""totir"": 0.0, ""tofer"": NaN, ""swfac"": 0.0, ""nstres"": 0.0}",0.0,0.0,105.32883644104004,0.0,0.2159595191478729,0.0,,0.0,0.0,30.0,150.0,38.15961303710938,50.15961303710938,Leave_One_experiments/all_year_offline_schedule_search/daily_outputs/SYA/SYA_2022_SYA2022_normal_grid_S0013_daily.csv
SYA,SYA,Shenyang,2022,Leave_One_experiments\wth_generated_qc\SYA\SYA2022.WTH,wet_year;nitrogen_stress_year;low_response_year,wet,SYA2022_normal_grid_S0013,irrigation_positive_candidate,2022-05-26,146,41,36,"{""sim_day"": 41.0, ""doy"": 146.0, ""topwt"": 121.06701850891112, ""grnwt"": 0.0, ""xlai"": 0.243386909365654, ""totir"": 0.0, ""tofer"": NaN, ""swfac"": 0.0, ""nstres"": 0.0}",0.0,0.0,121.06701850891112,0.0,0.243386909365654,0.0,,0.0,0.0,30.0,150.0,38.15961303710938,50.15961303710938,Leave_One_experiments/all_year_offline_schedule_search/daily_outputs/SYA/SYA_2022_SYA2022_normal_grid_S0013_daily.csv
SYA,SYA,Shenyang,2022,Leave_One_experiments\wth_generated_qc\SYA\SYA2022.WTH,wet_year;nitrogen_stress_year;low_response_year,wet,SYA2022_normal_grid_S0013,irrigation_positive_candidate,2022-05-27,147,42,37,"{""sim_day"": 42.0, ""doy"": 147.0, ""topwt"": 144.544095993042, ""grnwt"": 0.0, ""xlai"": 0.2828387320041656, ""totir"": 0.0, ""tofer"": NaN, ""swfac"": 0.0, ""nstres"": 0.0}",0.0,0.0,144.544095993042,0.0,0.2828387320041656,0.0,,0.0,0.0,30.0,150.0,38.15961303710938,50.15961303710938,Leave_One_experiments/all_year_offline_schedule_search/daily_outputs/SYA/SYA_2022_SYA2022_normal_grid_S0013_daily.csv
SYA,SYA,Shenyang,2022,Leave_One_experiments\wth_generated_qc\SYA\SYA2022.WTH,wet_year;nitrogen_stress_year;low_response_year,wet,SYA2022_normal_grid_S0013,irrigation_positive_candidate,2022-05-28,148,43,38,"{""sim_day"": 43.0, ""doy"": 148.0, ""topwt"": 164.7563362121582, ""grnwt"": 0.0, ""xlai"": 0.315638780593872, ""totir"": 0.0, ""tofer"": NaN, ""swfac"": 0.0, ""nstres"": 0.0}",0.0,0.0,164.7563362121582,0.0,0.315638780593872,0.0,,0.0,0.0,30.0,150.0,38.15961303710938,50.15961303710938,Leave_One_experiments/all_year_offline_schedule_search/daily_outputs/SYA/SYA_2022_SYA2022_normal_grid_S0013_daily.csv
SYA,SYA,Shenyang,2022,Leave_One_experiments\wth_generated_qc\SYA\SYA2022.WTH,wet_year;nitrogen_stress_year;low_response_year,wet,SYA2022_normal_grid_S0013,irrigation_positive_candidate,2022-05-29,149,44,39,"{""sim_day"": 44.0, ""doy"": 149.0, ""topwt"": 180.51258087158203, ""grnwt"": 0.0, ""xlai"": 0.340573787689209, ""totir"": 0.0, ""tofer"": NaN, ""swfac"": 0.0, ""nstres"": 0.0}",0.0,0.0,180.51258087158203,0.0,0.340573787689209,0.0,,0.0,0.0,30.0,150.0,38.15961303710938,50.15961303710938,Leave_One_experiments/all_year_offline_schedule_search/daily_outputs/SYA/SYA_2022_SYA2022_normal_grid_S0013_daily.csv
SYA,SYA,Shenyang,2022,Leave_One_experiments\wth_generated_qc\SYA\SYA2022.WTH,wet_year;nitrogen_stress_year;low_response_year,wet,SYA2022_normal_grid_S0013,irrigation_positive_candidate,2022-05-30,150,45,40,"{""sim_day"": 45.0, ""doy"": 150.0, ""topwt"": 198.6165809631348, ""grnwt"": 0.0, ""xlai"": 0.3686260879039764, ""totir"": 0.0, ""tofer"": NaN, ""swfac"": 0.0, ""nstres"": 0.0}",0.0,0.0,198.6165809631348,0.0,0.3686260879039764,0.0,,0.0,0.0,30.0,150.0,38.15961303710938,50.15961303710938,Leave_One_experiments/all_year_offline_schedule_search/daily_outputs/SYA/SYA_2022_SYA2022_normal_grid_S0013_daily.csv
SYA,SYA,Shenyang,2022,Leave_One_experiments\wth_generated_qc\SYA\SYA2022.WTH,wet_year;nitrogen_stress_year;low_response_year,wet,SYA2022_normal_grid_S0013,irrigation_positive_candidate,2022-05-31,151,46,41,"{""sim_day"": 46.0, ""doy"": 151.0, ""topwt"": 225.09353637695312, ""grnwt"": 0.0, ""xlai"": 0.4086444973945617, ""totir"": 0.0, ""tofer"": NaN, ""swfac"": 0.0, ""nstres"": 0.0}",0.0,0.0,225.09353637695312,0.0,0.4086444973945617,0.0,,0.0,0.0,30.0,150.0,38.15961303710938,50.15961303710938,Leave_One_experiments/all_year_offline_schedule_search/daily_outputs/SYA/SYA_2022_SYA2022_normal_grid_S0013_daily.csv
SYA,SYA,Shenyang,2022,Leave_One_experiments\wth_generated_qc\SYA\SYA2022.WTH,wet_year;nitrogen_stress_year;low_response_year,wet,SYA2022_normal_grid_S0013,irrigation_positive_candidate,2022-06-01,152,47,42,"{""sim_day"": 47.0, ""doy"": 152.0, ""topwt"": 255.35955429077148, ""grnwt"": 0.0, ""xlai"": 0.4531169831752777, ""totir"": 0.0, ""tofer"": NaN, ""swfac"": 0.0, ""nstres"": 0.0}",0.0,0.0,255.35955429077148,0.0,0.4531169831752777,0.0,,0.0,0.0,30.0,150.0,38.15961303710938,50.15961303710938,Leave_One_experiments/all_year_offline_schedule_search/daily_outputs/SYA/SYA_2022_SYA2022_normal_grid_S0013_daily.csv
SYA,SYA,Shenyang,2022,Leave_One_experiments\wth_generated_qc\SYA\SYA2022.WTH,wet_year;nitrogen_stress_year;low_response_year,wet,SYA2022_normal_grid_S0013,irrigation_positive_candidate,2022-06-02,153,48,43,"{""sim_day"": 48.0, ""doy"": 153.0, ""topwt"": 286.391716003418, ""grnwt"": 0.0, ""xlai"": 0.4951009154319763, ""totir"": 0.0, ""tofer"": NaN, ""swfac"": 0.0, ""nstres"": 0.0}",0.0,0.0,286.391716003418,0.0,0.4951009154319763,0.0,,0.0,0.0,30.0,150.0,38.15961303710938,50.15961303710938,Leave_One_experiments/all_year_offline_schedule_search/daily_outputs/SYA/SYA_2022_SYA2022_normal_grid_S0013_daily.csv
SYA,SYA,Shenyang,2022,Leave_One_experiments\wth_generated_qc\SYA\SYA2022.WTH,wet_year;nitrogen_stress_year;low_response_year,wet,SYA2022_normal_grid_S0013,irrigation_positive_candidate,2022-06-03,154,49,44,"{""sim_day"": 49.0, ""doy"": 154.0, ""topwt"": 306.7122268676758, ""grnwt"": 0.0, ""xlai"": 0.5247762799263, ""totir"": 0.0, ""tofer"": NaN, ""swfac"": 0.0, ""nstres"": 0.0}",0.0,0.0,306.7122268676758,0.0,0.5247762799263,0.0,,0.0,0.0,30.0,150.0,38.15961303710938,50.15961303710938,Leave_One_experiments/all_year_offline_schedule_search/daily_outputs/SYA/SYA_2022_SYA2022_normal_grid_S0013_daily.csv
SYA,SYA,Shenyang,2022,Leave_One_experiments\wth_generated_qc\SYA\SYA2022.WTH,wet_year;nitrogen_stress_year;low_response_year,wet,SYA2022_normal_grid_S0013,irrigation_positive_candidate,2022-06-04,155,50,45,"{""sim_day"": 50.0, ""doy"": 155.0, ""topwt"": 338.3806610107422, ""grnwt"": 0.0, ""xlai"": 0.5699594020843506, ""totir"": 0.0, ""tofer"": NaN, ""swfac"": 0.0, ""nstres"": 0.0}",0.0,0.0,338.3806610107422,0.0,0.5699594020843506,0.0,,0.0,0.0,30.0,150.0,38.15961303710938,50.15961303710938,Leave_One_experiments/all_year_offline_schedule_search/daily_outputs/SYA/SYA_2022_SYA2022_normal_grid_S0013_daily.csv
SYA,SYA,Shenyang,2022,Leave_One_experiments\wth_generated_qc\SYA\SYA2022.WTH,wet_year;nitrogen_stress_year;low_response_year,wet,SYA2022_normal_grid_S0013,irrigation_positive_candidate,2022-06-05,156,51,46,"{""sim_day"": 51.0, ""doy"": 156.0, ""topwt"": 365.0566101074219, ""grnwt"": 0.0, ""xlai"": 0.6071091294288635, ""totir"": 0.0, ""tofer"": NaN, ""swfac"": 0.0, ""nstres"": 0.0}",0.0,0.0,365.0566101074219,0.0,0.6071091294288635,0.0,,0.0,0.0,30.0,150.0,38.15961303710938,50.15961303710938,Leave_One_experiments/all_year_offline_schedule_search/daily_outputs/SYA/SYA_2022_SYA2022_normal_grid_S0013_daily.csv
SYA,SYA,Shenyang,2022,Leave_One_experiments\wth_generated_qc\SYA\SYA2022.WTH,wet_year;nitrogen_stress_year;low_response_year,wet,SYA2022_normal_grid_S0013,irrigation_positive_candidate,2022-06-06,157,52,47,"{""sim_day"": 52.0, ""doy"": 157.0, ""topwt"": 381.1626815795898, ""grnwt"": 0.0, ""xlai"": 0.6291030645370483, ""totir"": 0.0, ""tofer"": NaN, ""swfac"": 0.0, ""nstres"": 0.0}",0.0,0.0,381.1626815795898,0.0,0.6291030645370483,0.0,,0.0,0.0,30.0,150.0,38.15961303710938,50.15961303710938,Leave_One_experiments/all_year_offline_schedule_search/daily_outputs/SYA/SYA_2022_SYA2022_normal_grid_S0013_daily.csv
SYA,SYA,Shenyang,2022,Leave_One_experiments\wth_generated_qc\SYA\SYA2022.WTH,wet_year;nitrogen_stress_year;low_response_year,wet,SYA2022_normal_grid_S0013,irrigation_positive_candidate,2022-06-07,158,53,48,"{""sim_day"": 53.0, ""doy"": 158.0, ""topwt"": 394.93797302246094, ""grnwt"": 0.0, ""xlai"": 0.6475873589515686, ""totir"": 0.0, ""tofer"": NaN, ""swfac"": 0.0, ""nstres"": 0.0}",0.0,0.0,394.93797302246094,0.0,0.6475873589515686,0.0,,0.0,0.0,30.0,150.0,38.15961303710938,50.15961303710938,Leave_One_experiments/all_year_offline_schedule_search/daily_outputs/SYA/SYA_2022_SYA2022_normal_grid_S0013_daily.csv
SYA,SYA,Shenyang,2022,Leave_One_experiments\wth_generated_qc\SYA\SYA2022.WTH,wet_year;nitrogen_stress_year;low_response_year,wet,SYA2022_normal_grid_S0013,irrigation_positive_candidate,2022-06-08,159,54,49,"{""sim_day"": 54.0, ""doy"": 159.0, ""topwt"": 416.08814239501953, ""grnwt"": 0.0, ""xlai"": 0.6753886938095093, ""totir"": 0.0, ""tofer"": NaN, ""swfac"": 0.0, ""nstres"": 0.0}",0.0,0.0,416.08814239501953,0.0,0.6753886938095093,0.0,,0.0,0.0,30.0,150.0,38.15961303710938,50.15961303710938,Leave_One_experiments/all_year_offline_schedule_search/daily_outputs/SYA/SYA_2022_SYA2022_normal_grid_S0013_daily.csv
SYA,SYA,Shenyang,2022,Leave_One_experiments\wth_generated_qc\SYA\SYA2022.WTH,wet_year;nitrogen_stress_year;low_response_year,wet,SYA2022_normal_grid_S0013,irrigation_positive_candidate,2022-06-09,160,55,50,"{""sim_day"": 55.0, ""doy"": 160.0, ""topwt"": 446.9469833374024, ""grnwt"": 0.0, ""xlai"": 0.7148483991622925, ""totir"": 0.0, ""tofer"": NaN, ""swfac"": 0.0, ""nstres"": 0.0}",0.0,0.0,446.9469833374024,0.0,0.7148483991622925,0.0,,0.0,0.0,30.0,150.0,38.15961303710938,50.15961303710938,Leave_One_experiments/all_year_offline_schedule_search/daily_outputs/SYA/SYA_2022_SYA2022_normal_grid_S0013_daily.csv
SYA,SYA,Shenyang,2022,Leave_One_experiments\wth_generated_qc\SYA\SYA2022.WTH,wet_year;nitrogen_stress_year;low_response_year,wet,SYA2022_normal_grid_S0013,irrigation_positive_candidate,2022-06-10,161,56,51,"{""sim_day"": 56.0, ""doy"": 161.0, ""topwt"": 476.2127685546875, ""grnwt"": 0.0, ""xlai"": 0.7511082291603088, ""totir"": 0.0, ""tofer"": NaN, ""swfac"": 0.0, ""nstres"": 0.0}",0.0,0.0,476.2127685546875,0.0,0.7511082291603088,0.0,,0.0,0.0,30.0,150.0,38.15961303710938,50.15961303710938,Leave_One_experiments/all_year_offline_schedule_search/daily_outputs/SYA/SYA_2022_SYA2022_normal_grid_S0013_daily.csv
SYA,SYA,Shenyang,2022,Leave_One_experiments\wth_generated_qc\SYA\SYA2022.WTH,wet_year;nitrogen_stress_year;low_response_year,wet,SYA2022_normal_grid_S0013,irrigation_positive_candidate,2022-06-11,162,57,52,"{""sim_day"": 57.0, ""doy"": 162.0, ""topwt"": 509.9026870727539, ""grnwt"": 0.0, ""xlai"": 0.7915260195732117, ""totir"": 0.0, ""tofer"": NaN, ""swfac"": 0.0, ""nstres"": 0.0}",0.0,0.0,509.9026870727539,0.0,0.7915260195732117,0.0,,0.0,0.0,30.0,150.0,38.15961303710938,50.15961303710938,Leave_One_experiments/all_year_offline_schedule_search/daily_outputs/SYA/SYA_2022_SYA2022_normal_grid_S0013_daily.csv
SYA,SYA,Shenyang,2022,Leave_One_experiments\wth_generated_qc\SYA\SYA2022.WTH,wet_year;nitrogen_stress_year;low_response_year,wet,SYA2022_normal_grid_S0013,irrigation_positive_candidate,2022-06-12,163,58,53,"{""sim_day"": 58.0, ""doy"": 163.0, ""topwt"": 553.1172943115234, ""grnwt"": 0.0, ""xlai"": 0.8415691256523132, ""totir"": 0.0, ""tofer"": NaN, ""swfac"": 0.0, ""nstres"": 0.0}",0.0,0.0,553.1172943115234,0.0,0.8415691256523132,0.0,,0.0,0.0,30.0,150.0,38.15961303710938,50.15961303710938,Leave_One_experiments/all_year_offline_schedule_search/daily_outputs/SYA/SYA_2022_SYA2022_normal_grid_S0013_daily.csv
SYA,SYA,Shenyang,2022,Leave_One_experiments\wth_generated_qc\SYA\SYA2022.WTH,wet_year;nitrogen_stress_year;low_response_year,wet,SYA2022_normal_grid_S0013,irrigation_positive_candidate,2022-06-13,164,59,54,"{""sim_day"": 59.0, ""doy"": 164.0, ""topwt"": 605.7920455932617, ""grnwt"": 0.0, ""xlai"": 0.9003103971481323, ""totir"": 0.0, ""tofer"": NaN, ""swfac"": 0.0, ""nstres"": 0.0}",0.0,0.0,605.7920455932617,0.0,0.9003103971481323,0.0,,0.0,0.0,30.0,150.0,38.15961303710938,50.15961303710938,Leave_One_experiments/all_year_offline_schedule_search/daily_outputs/SYA/SYA_2022_SYA2022_normal_grid_S0013_daily.csv
SYA,SYA,Shenyang,2022,Leave_One_experiments\wth_generated_qc\SYA\SYA2022.WTH,wet_year;nitrogen_stress_year;low_response_year,wet,SYA2022_normal_grid_S0013,irrigation_positive_candidate,2022-06-14,165,60,55,"{""sim_day"": 60.0, ""doy"": 165.0, ""topwt"": 665.2798461914062, ""grnwt"": 0.0, ""xlai"": 0.963967740535736, ""totir"": 0.0, ""tofer"": NaN, ""swfac"": 0.0, ""nstres"": 0.0}",0.0,0.0,665.2798461914062,0.0,0.963967740535736,0.0,,0.0,0.0,30.0,150.0,38.15961303710938,50.15961303710938,Leave_One_experiments/all_year_offline_schedule_search/daily_outputs/SYA/SYA_2022_SYA2022_normal_grid_S0013_daily.csv
SYA,SYA,Shenyang,2022,Leave_One_experiments\wth_generated_qc\SYA\SYA2022.WTH,wet_year;nitrogen_stress_year;low_response_year,wet,SYA2022_normal_grid_S0013,irrigation_positive_candidate,2022-06-15,166,61,56,"{""sim_day"": 61.0, ""doy"": 166.0, ""topwt"": 732.5859069824219, ""grnwt"": 0.0, ""xlai"": 1.0329160690307615, ""totir"": 0.0, ""tofer"": NaN, ""swfac"": 0.0, ""nstres"": 0.0}",0.0,0.0,732.5859069824219,0.0,1.0329160690307615,0.0,,0.0,0.0,30.0,150.0,38.15961303710938,50.15961303710938,Leave_One_experiments/all_year_offline_schedule_search/daily_outputs/SYA/SYA_2022_SYA2022_normal_grid_S0013_daily.csv
SYA,SYA,Shenyang,2022,Leave_One_experiments\wth_generated_qc\SYA\SYA2022.WTH,wet_year;nitrogen_stress_year;low_response_year,wet,SYA2022_normal_grid_S0013,irrigation_positive_candidate,2022-06-16,167,62,57,"{""sim_day"": 62.0, ""doy"": 167.0, ""topwt"": 819.1973876953125, ""grnwt"": 0.0, ""xlai"": 1.1170927286148071, ""totir"": 0.0, ""tofer"": NaN, ""swfac"": 0.0, ""nstres"": 0.0}",0.0,0.0,819.1973876953125,0.0,1.1170927286148071,0.0,,0.0,0.0,30.0,150.0,38.15961303710938,50.15961303710938,Leave_One_experiments/all_year_offline_schedule_search/daily_outputs/SYA/SYA_2022_SYA2022_normal_grid_S0013_daily.csv
SYA,SYA,Shenyang,2022,Leave_One_experiments\wth_generated_qc\SYA\SYA2022.WTH,wet_year;nitrogen_stress_year;low_response_year,wet,SYA2022_normal_grid_S0013,irrigation_positive_candidate,2022-06-17,168,63,58,"{""sim_day"": 63.0, ""doy"": 168.0, ""topwt"": 903.454132080078, ""grnwt"": 0.0, ""xlai"": 1.1948727369308472, ""totir"": 0.0, ""tofer"": NaN, ""swfac"": 0.0, ""nstres"": 0.0}",0.0,0.0,903.454132080078,0.0,1.1948727369308472,0.0,,0.0,0.0,30.0,150.0,38.15961303710938,50.15961303710938,Leave_One_experiments/all_year_offline_schedule_search/daily_outputs/SYA/SYA_2022_SYA2022_normal_grid_S0013_daily.csv
SYA,SYA,Shenyang,2022,Leave_One_experiments\wth_generated_qc\SYA\SYA2022.WTH,wet_year;nitrogen_stress_year;low_response_year,wet,SYA2022_normal_grid_S0013,irrigation_positive_candidate,2022-06-18,169,64,59,"{""sim_day"": 64.0, ""doy"": 169.0, ""topwt"": 999.532470703125, ""grnwt"": 0.0, ""xlai"": 1.2788742780685425, ""totir"": 0.0, ""tofer"": NaN, ""swfac"": 0.0, ""nstres"": 0.0}",0.0,0.0,999.532470703125,0.0,1.2788742780685425,0.0,,0.0,0.0,30.0,150.0,38.15961303710938,50.15961303710938,Leave_One_experiments/all_year_offline_schedule_search/daily_outputs/SYA/SYA_2022_SYA2022_normal_grid_S0013_daily.csv
SYA,SYA,Shenyang,2022,Leave_One_experiments\wth_generated_qc\SYA\SYA2022.WTH,wet_year;nitrogen_stress_year;low_response_year,wet,SYA2022_normal_grid_S0013,irrigation_positive_candidate,2022-06-19,170,65,60,"{""sim_day"": 65.0, ""doy"": 170.0, ""topwt"": 1107.9911041259766, ""grnwt"": 0.0, ""xlai"": 1.3683264255523682, ""totir"": 0.0, ""tofer"": NaN, ""swfac"": 0.0, ""nstres"": 0.0}",0.0,0.0,1107.9911041259766,0.0,1.3683264255523682,0.0,,0.0,50.0,30.0,150.0,38.15961303710938,50.15961303710938,Leave_One_experiments/all_year_offline_schedule_search/daily_outputs/SYA/SYA_2022_SYA2022_normal_grid_S0013_daily.csv
SYA,SYA,Shenyang,2022,Leave_One_experiments\wth_generated_qc\SYA\SYA2022.WTH,wet_year;nitrogen_stress_year;low_response_year,wet,SYA2022_normal_grid_S0013,irrigation_positive_candidate,2022-06-20,171,66,61,"{""sim_day"": 66.0, ""doy"": 171.0, ""topwt"": 1156.4242553710938, ""grnwt"": 0.0, ""xlai"": 1.406172513961792, ""totir"": 0.0, ""tofer"": NaN, ""swfac"": 0.0, ""nstres"": 0.0}",0.0,0.0,1156.4242553710938,0.0,1.406172513961792,0.0,,0.0,0.0,30.0,150.0,38.15961303710938,50.15961303710938,Leave_One_experiments/all_year_offline_schedule_search/daily_outputs/SYA/SYA_2022_SYA2022_normal_grid_S0013_daily.csv
SYA,SYA,Shenyang,2022,Leave_One_experiments\wth_generated_qc\SYA\SYA2022.WTH,wet_year;nitrogen_stress_year;low_response_year,wet,SYA2022_normal_grid_S0013,irrigation_positive_candidate,2022-06-21,172,67,62,"{""sim_day"": 67.0, ""doy"": 172.0, ""topwt"": 1214.2800903320312, ""grnwt"": 0.0, ""xlai"": 1.4493036270141602, ""totir"": 0.0, ""tofer"": NaN, ""swfac"": 0.0, ""nstres"": 0.0}",0.0,0.0,1214.2800903320312,0.0,1.4493036270141602,0.0,,0.0,0.0,30.0,150.0,38.15961303710938,50.15961303710938,Leave_One_experiments/all_year_offline_schedule_search/daily_outputs/SYA/SYA_2022_SYA2022_normal_grid_S0013_daily.csv
SYA,SYA,Shenyang,2022,Leave_One_experiments\wth_generated_qc\SYA\SYA2022.WTH,wet_year;nitrogen_stress_year;low_response_year,wet,SYA2022_normal_grid_S0013,irrigation_positive_candidate,2022-06-22,173,68,63,"{""sim_day"": 68.0, ""doy"": 173.0, ""topwt"": 1328.4727478027344, ""grnwt"": 0.0, ""xlai"": 1.5302854776382446, ""totir"": 0.0, ""tofer"": NaN, ""swfac"": 0.0, ""nstres"": 0.0}",0.0,0.0,1328.4727478027344,0.0,1.5302854776382446,0.0,,0.0,0.0,30.0,150.0,38.15961303710938,50.15961303710938,Leave_One_experiments/all_year_offline_schedule_search/daily_outputs/SYA/SYA_2022_SYA2022_normal_grid_S0013_daily.csv
SYA,SYA,Shenyang,2022,Leave_One_experiments\wth_generated_qc\SYA\SYA2022.WTH,wet_year;nitrogen_stress_year;low_response_year,wet,SYA2022_normal_grid_S0013,irrigation_positive_candidate,2022-06-23,174,69,64,"{""sim_day"": 69.0, ""doy"": 174.0, ""topwt"": 1444.6168518066406, ""grnwt"": 0.0, ""xlai"": 1.6084357500076294, ""totir"": 0.0, ""tofer"": NaN, ""swfac"": 0.0, ""nstres"": 0.0}",0.0,0.0,1444.6168518066406,0.0,1.6084357500076294,0.0,,0.0,0.0,30.0,150.0,38.15961303710938,50.15961303710938,Leave_One_experiments/all_year_offline_schedule_search/daily_outputs/SYA/SYA_2022_SYA2022_normal_grid_S0013_daily.csv
SYA,SYA,Shenyang,2022,Leave_One_experiments\wth_generated_qc\SYA\SYA2022.WTH,wet_year;nitrogen_stress_year;low_response_year,wet,SYA2022_normal_grid_S0013,irrigation_positive_candidate,2022-06-24,175,70,65,"{""sim_day"": 70.0, ""doy"": 175.0, ""topwt"": 1571.6554260253906, ""grnwt"": 0.0, ""xlai"": 1.6894482374191284, ""totir"": 30.0, ""tofer"": NaN, ""swfac"": 0.0, ""nstres"": 0.0}",0.0,0.0,1571.6554260253906,0.0,1.6894482374191284,30.0,,30.0,0.0,30.0,150.0,38.15961303710938,50.15961303710938,Leave_One_experiments/all_year_offline_schedule_search/daily_outputs/SYA/SYA_2022_SYA2022_normal_grid_S0013_daily.csv
SYA,SYA,Shenyang,2022,Leave_One_experiments\wth_generated_qc\SYA\SYA2022.WTH,wet_year;nitrogen_stress_year;low_response_year,wet,SYA2022_normal_grid_S0013,irrigation_positive_candidate,2022-06-25,176,71,66,"{""sim_day"": 71.0, ""doy"": 176.0, ""topwt"": 1687.9356384277344, ""grnwt"": 0.0, ""xlai"": 1.759597659111023, ""totir"": 30.0, ""tofer"": NaN, ""swfac"": 0.0, ""nstres"": 0.0}",0.0,0.0,1687.9356384277344,0.0,1.759597659111023,30.0,,0.0,0.0,30.0,150.0,38.15961303710938,50.15961303710938,Leave_One_experiments/all_year_offline_schedule_search/daily_outputs/SYA/SYA_2022_SYA2022_normal_grid_S0013_daily.csv
SYA,SYA,Shenyang,2022,Leave_One_experiments\wth_generated_qc\SYA\SYA2022.WTH,wet_year;nitrogen_stress_year;low_response_year,wet,SYA2022_normal_grid_S0013,irrigation_positive_candidate,2022-06-26,177,72,67,"{""sim_day"": 72.0, ""doy"": 177.0, ""topwt"": 1756.1370849609375, ""grnwt"": 0.0, ""xlai"": 1.7985864877700806, ""totir"": 30.0, ""tofer"": NaN, ""swfac"": 0.0, ""nstres"": 0.0}",0.0,0.0,1756.1370849609375,0.0,1.7985864877700806,30.0,,0.0,0.0,30.0,150.0,38.15961303710938,50.15961303710938,Leave_One_experiments/all_year_offline_schedule_search/daily_outputs/SYA/SYA_2022_SYA2022_normal_grid_S0013_daily.csv
SYA,SYA,Shenyang,2022,Leave_One_experiments\wth_generated_qc\SYA\SYA2022.WTH,wet_year;nitrogen_stress_year;low_response_year,wet,SYA2022_normal_grid_S0013,irrigation_positive_candidate,2022-06-27,178,73,68,"{""sim_day"": 73.0, ""doy"": 178.0, ""topwt"": 1825.3294372558596, ""grnwt"": 0.0, ""xlai"": 1.8362573385238647, ""totir"": 30.0, ""tofer"": NaN, ""swfac"": 0.0, ""nstres"": 0.0}",0.0,0.0,1825.3294372558596,0.0,1.8362573385238647,30.0,,0.0,0.0,30.0,150.0,38.15961303710938,50.15961303710938,Leave_One_experiments/all_year_offline_schedule_search/daily_outputs/SYA/SYA_2022_SYA2022_normal_grid_S0013_daily.csv
SYA,SYA,Shenyang,2022,Leave_One_experiments\wth_generated_qc\SYA\SYA2022.WTH,wet_year;nitrogen_stress_year;low_response_year,wet,SYA2022_normal_grid_S0013,irrigation_positive_candidate,2022-06-28,179,74,69,"{""sim_day"": 74.0, ""doy"": 179.0, ""topwt"": 1902.055206298828, ""grnwt"": 0.0, ""xlai"": 1.8759965896606443, ""totir"": 30.0, ""tofer"": NaN, ""swfac"": 0.0, ""nstres"": 0.0}",0.0,0.0,1902.055206298828,0.0,1.8759965896606443,30.0,,0.0,0.0,30.0,150.0,38.15961303710938,50.15961303710938,Leave_One_experiments/all_year_offline_schedule_search/daily_outputs/SYA/SYA_2022_SYA2022_normal_grid_S0013_daily.csv
SYA,SYA,Shenyang,2022,Leave_One_experiments\wth_generated_qc\SYA\SYA2022.WTH,wet_year;nitrogen_stress_year;low_response_year,wet,SYA2022_normal_grid_S0013,irrigation_positive_candidate,2022-06-29,180,75,70,"{""sim_day"": 75.0, ""doy"": 180.0, ""topwt"": 2122.947998046875, ""grnwt"": 0.0, ""xlai"": 2.0091285705566406, ""totir"": 30.0, ""tofer"": NaN, ""swfac"": 0.0, ""nstres"": 0.0}",0.0,0.0,2122.947998046875,0.0,2.0091285705566406,30.0,,0.0,0.0,30.0,150.0,38.15961303710938,50.15961303710938,Leave_One_experiments/all_year_offline_schedule_search/daily_outputs/SYA/SYA_2022_SYA2022_normal_grid_S0013_daily.csv
SYA,SYA,Shenyang,2022,Leave_One_experiments\wth_generated_qc\SYA\SYA2022.WTH,wet_year;nitrogen_stress_year;low_response_year,wet,SYA2022_normal_grid_S0013,irrigation_positive_candidate,2022-06-30,181,76,71,"{""sim_day"": 76.0, ""doy"": 181.0, ""topwt"": 2204.615478515625, ""grnwt"": 0.0, ""xlai"": 2.047912359237671, ""totir"": 30.0, ""tofer"": NaN, ""swfac"": 0.0, ""nstres"": 0.0}",0.0,0.0,2204.615478515625,0.0,2.047912359237671,30.0,,0.0,0.0,30.0,150.0,38.15961303710938,50.15961303710938,Leave_One_experiments/all_year_offline_schedule_search/daily_outputs/SYA/SYA_2022_SYA2022_normal_grid_S0013_daily.csv
SYA,SYA,Shenyang,2022,Leave_One_experiments\wth_generated_qc\SYA\SYA2022.WTH,wet_year;nitrogen_stress_year;low_response_year,wet,SYA2022_normal_grid_S0013,irrigation_positive_candidate,2022-07-01,182,77,72,"{""sim_day"": 77.0, ""doy"": 182.0, ""topwt"": 2270.849151611328, ""grnwt"": 0.0, ""xlai"": 2.075287342071533, ""totir"": 30.0, ""tofer"": NaN, ""swfac"": 0.0, ""nstres"": 0.0}",0.0,0.0,2270.849151611328,0.0,2.075287342071533,30.0,,0.0,0.0,30.0,150.0,38.15961303710938,50.15961303710938,Leave_One_experiments/all_year_offline_schedule_search/daily_outputs/SYA/SYA_2022_SYA2022_normal_grid_S0013_daily.csv
SYA,SYA,Shenyang,2022,Leave_One_experiments\wth_generated_qc\SYA\SYA2022.WTH,wet_year;nitrogen_stress_year;low_response_year,wet,SYA2022_normal_grid_S0013,irrigation_positive_candidate,2022-07-02,183,78,73,"{""sim_day"": 78.0, ""doy"": 183.0, ""topwt"": 2361.5855407714844, ""grnwt"": 0.0, ""xlai"": 2.1090362071990967, ""totir"": 30.0, ""tofer"": NaN, ""swfac"": 0.0, ""nstres"": 0.0}",0.0,0.0,2361.5855407714844,0.0,2.1090362071990967,30.0,,0.0,0.0,30.0,150.0,38.15961303710938,50.15961303710938,Leave_One_experiments/all_year_offline_schedule_search/daily_outputs/SYA/SYA_2022_SYA2022_normal_grid_S0013_daily.csv
SYA,SYA,Shenyang,2022,Leave_One_experiments\wth_generated_qc\SYA\SYA2022.WTH,wet_year;nitrogen_stress_year;low_response_year,wet,SYA2022_normal_grid_S0013,irrigation_positive_candidate,2022-07-03,184,79,74,"{""sim_day"": 79.0, ""doy"": 184.0, ""topwt"": 2477.227935791016, ""grnwt"": 0.0, ""xlai"": 2.1485536098480225, ""totir"": 30.0, ""tofer"": NaN, ""swfac"": 0.0, ""nstres"": 0.0}",0.0,0.0,2477.227935791016,0.0,2.1485536098480225,30.0,,0.0,0.0,30.0,150.0,38.15961303710938,50.15961303710938,Leave_One_experiments/all_year_offline_schedule_search/daily_outputs/SYA/SYA_2022_SYA2022_normal_grid_S0013_daily.csv
SYA,SYA,Shenyang,2022,Leave_One_experiments\wth_generated_qc\SYA\SYA2022.WTH,wet_year;nitrogen_stress_year;low_response_year,wet,SYA2022_normal_grid_S0013,irrigation_positive_candidate,2022-07-04,185,80,75,"{""sim_day"": 80.0, ""doy"": 185.0, ""topwt"": 2610.5349731445312, ""grnwt"": 0.0, ""xlai"": 2.190904378890991, ""totir"": 30.0, ""tofer"": NaN, ""swfac"": 0.0, ""nstres"": 0.0}",0.0,0.0,2610.5349731445312,0.0,2.190904378890991,30.0,,0.0,0.0,30.0,150.0,38.15961303710938,50.15961303710938,Leave_One_experiments/all_year_offline_schedule_search/daily_outputs/SYA/SYA_2022_SYA2022_normal_grid_S0013_daily.csv
SYA,SYA,Shenyang,2022,Leave_One_experiments\wth_generated_qc\SYA\SYA2022.WTH,wet_year;nitrogen_stress_year;low_response_year,wet,SYA2022_normal_grid_S0013,irrigation_positive_candidate,2022-07-05,186,81,76,"{""sim_day"": 81.0, ""doy"": 186.0, ""topwt"": 2754.356384277344, ""grnwt"": 0.0, ""xlai"": 2.2338693141937256, ""totir"": 30.0, ""tofer"": NaN, ""swfac"": 0.0, ""nstres"": 0.0}",0.0,0.0,2754.356384277344,0.0,2.2338693141937256,30.0,,0.0,0.0,30.0,150.0,38.15961303710938,50.15961303710938,Leave_One_experiments/all_year_offline_schedule_search/daily_outputs/SYA/SYA_2022_SYA2022_normal_grid_S0013_daily.csv
SYA,SYA,Shenyang,2022,Leave_One_experiments\wth_generated_qc\SYA\SYA2022.WTH,wet_year;nitrogen_stress_year;low_response_year,wet,SYA2022_normal_grid_S0013,irrigation_positive_candidate,2022-07-06,187,82,77,"{""sim_day"": 82.0, ""doy"": 187.0, ""topwt"": 2833.373107910156, ""grnwt"": 0.0, ""xlai"": 2.256263732910156, ""totir"": 30.0, ""tofer"": NaN, ""swfac"": 0.0, ""nstres"": 0.0}",0.0,0.0,2833.373107910156,0.0,2.256263732910156,30.0,,0.0,0.0,30.0,150.0,38.15961303710938,50.15961303710938,Leave_One_experiments/all_year_offline_schedule_search/daily_outputs/SYA/SYA_2022_SYA2022_normal_grid_S0013_daily.csv
SYA,SYA,Shenyang,2022,Leave_One_experiments\wth_generated_qc\SYA\SYA2022.WTH,wet_year;nitrogen_stress_year;low_response_year,wet,SYA2022_normal_grid_S0013,irrigation_positive_candidate,2022-07-07,188,83,78,"{""sim_day"": 83.0, ""doy"": 188.0, ""topwt"": 2935.7095336914062, ""grnwt"": 0.0, ""xlai"": 2.284015655517578, ""totir"": 30.0, ""tofer"": NaN, ""swfac"": 0.0, ""nstres"": 0.0}",0.0,0.0,2935.7095336914062,0.0,2.284015655517578,30.0,,0.0,0.0,30.0,150.0,38.15961303710938,50.15961303710938,Leave_One_experiments/all_year_offline_schedule_search/daily_outputs/SYA/SYA_2022_SYA2022_normal_grid_S0013_daily.csv
SYA,SYA,Shenyang,2022,Leave_One_experiments\wth_generated_qc\SYA\SYA2022.WTH,wet_year;nitrogen_stress_year;low_response_year,wet,SYA2022_normal_grid_S0013,irrigation_positive_candidate,2022-07-08,189,84,79,"{""sim_day"": 84.0, ""doy"": 189.0, ""topwt"": 3077.689514160156, ""grnwt"": 0.0, ""xlai"": 2.320810079574585, ""totir"": 30.0, ""tofer"": NaN, ""swfac"": 0.0, ""nstres"": 0.0}",0.0,0.0,3077.689514160156,0.0,2.320810079574585,30.0,,0.0,0.0,30.0,150.0,38.15961303710938,50.15961303710938,Leave_One_experiments/all_year_offline_schedule_search/daily_outputs/SYA/SYA_2022_SYA2022_normal_grid_S0013_daily.csv
SYA,SYA,Shenyang,2022,Leave_One_experiments\wth_generated_qc\SYA\SYA2022.WTH,wet_year;nitrogen_stress_year;low_response_year,wet,SYA2022_normal_grid_S0013,irrigation_positive_candidate,2022-07-09,190,85,80,"{""sim_day"": 85.0, ""doy"": 190.0, ""topwt"": 3226.754150390625, ""grnwt"": 0.0, ""xlai"": 2.357993602752685, ""totir"": 30.0, ""tofer"": NaN, ""swfac"": 0.0, ""nstres"": 0.0}",0.0,0.0,3226.754150390625,0.0,2.357993602752685,30.0,,0.0,0.0,30.0,150.0,38.15961303710938,50.15961303710938,Leave_One_experiments/all_year_offline_schedule_search/daily_outputs/SYA/SYA_2022_SYA2022_normal_grid_S0013_daily.csv
SYA,SYA,Shenyang,2022,Leave_One_experiments\wth_generated_qc\SYA\SYA2022.WTH,wet_year;nitrogen_stress_year;low_response_year,wet,SYA2022_normal_grid_S0013,irrigation_positive_candidate,2022-07-10,191,86,81,"{""sim_day"": 86.0, ""doy"": 191.0, ""topwt"": 3395.872802734375, ""grnwt"": 0.0, ""xlai"": 2.400164604187012, ""totir"": 30.0, ""tofer"": NaN, ""swfac"": 0.0, ""nstres"": 0.0}",0.0,0.0,3395.872802734375,0.0,2.400164604187012,30.0,,0.0,0.0,30.0,150.0,38.15961303710938,50.15961303710938,Leave_One_experiments/all_year_offline_schedule_search/daily_outputs/SYA/SYA_2022_SYA2022_normal_grid_S0013_daily.csv
SYA,SYA,Shenyang,2022,Leave_One_experiments\wth_generated_qc\SYA\SYA2022.WTH,wet_year;nitrogen_stress_year;low_response_year,wet,SYA2022_normal_grid_S0013,irrigation_positive_candidate,2022-07-11,192,87,82,"{""sim_day"": 87.0, ""doy"": 192.0, ""topwt"": 3583.2406616210938, ""grnwt"": 0.0, ""xlai"": 2.4468536376953125, ""totir"": 30.0, ""tofer"": NaN, ""swfac"": 0.0, ""nstres"": 0.0}",0.0,0.0,3583.2406616210938,0.0,2.4468536376953125,30.0,,0.0,0.0,30.0,150.0,38.15961303710938,50.15961303710938,Leave_One_experiments/all_year_offline_schedule_search/daily_outputs/SYA/SYA_2022_SYA2022_normal_grid_S0013_daily.csv
SYA,SYA,Shenyang,2022,Leave_One_experiments\wth_generated_qc\SYA\SYA2022.WTH,wet_year;nitrogen_stress_year;low_response_year,wet,SYA2022_normal_grid_S0013,irrigation_positive_candidate,2022-07-12,193,88,83,"{""sim_day"": 88.0, ""doy"": 193.0, ""topwt"": 3772.3532104492183, ""grnwt"": 0.0, ""xlai"": 2.4939208030700684, ""totir"": 30.0, ""tofer"": NaN, ""swfac"": 0.0, ""nstres"": 0.0}",0.0,0.0,3772.3532104492183,0.0,2.4939208030700684,30.0,,0.0,0.0,30.0,150.0,38.15961303710938,50.15961303710938,Leave_One_experiments/all_year_offline_schedule_search/daily_outputs/SYA/SYA_2022_SYA2022_normal_grid_S0013_daily.csv
SYA,SYA,Shenyang,2022,Leave_One_experiments\wth_generated_qc\SYA\SYA2022.WTH,wet_year;nitrogen_stress_year;low_response_year,wet,SYA2022_normal_grid_S0013,irrigation_positive_candidate,2022-07-13,194,89,84,"{""sim_day"": 89.0, ""doy"": 194.0, ""topwt"": 3941.807556152344, ""grnwt"": 0.0, ""xlai"": 2.5360212326049805, ""totir"": 30.0, ""tofer"": NaN, ""swfac"": 0.0, ""nstres"": 0.0}",0.0,0.0,3941.807556152344,0.0,2.5360212326049805,30.0,,0.0,0.0,30.0,150.0,38.15961303710938,50.15961303710938,Leave_One_experiments/all_year_offline_schedule_search/daily_outputs/SYA/SYA_2022_SYA2022_normal_grid_S0013_daily.csv
SYA,SYA,Shenyang,2022,Leave_One_experiments\wth_generated_qc\SYA\SYA2022.WTH,wet_year;nitrogen_stress_year;low_response_year,wet,SYA2022_normal_grid_S0013,irrigation_positive_candidate,2022-07-14,195,90,85,"{""sim_day"": 90.0, ""doy"": 195.0, ""topwt"": 4080.658264160156, ""grnwt"": 0.0, ""xlai"": 2.5704360008239746, ""totir"": 30.0, ""tofer"": NaN, ""swfac"": 0.0, ""nstres"": 0.0}",0.0,0.0,4080.658264160156,0.0,2.5704360008239746,30.0,,0.0,0.0,30.0,150.0,38.15961303710938,50.15961303710938,Leave_One_experiments/all_year_offline_schedule_search/daily_outputs/SYA/SYA_2022_SYA2022_normal_grid_S0013_daily.csv
SYA,SYA,Shenyang,2022,Leave_One_experiments\wth_generated_qc\SYA\SYA2022.WTH,wet_year;nitrogen_stress_year;low_response_year,wet,SYA2022_normal_grid_S0013,irrigation_positive_candidate,2022-07-15,196,91,86,"{""sim_day"": 91.0, ""doy"": 196.0, ""topwt"": 4238.837890625, ""grnwt"": 0.0, ""xlai"": 2.609640598297119, ""totir"": 30.0, ""tofer"": NaN, ""swfac"": 0.0, ""nstres"": 0.0}",0.0,0.0,4238.837890625,0.0,2.609640598297119,30.0,,0.0,0.0,30.0,150.0,38.15961303710938,50.15961303710938,Leave_One_experiments/all_year_offline_schedule_search/daily_outputs/SYA/SYA_2022_SYA2022_normal_grid_S0013_daily.csv
SYA,SYA,Shenyang,2022,Leave_One_experiments\wth_generated_qc\SYA\SYA2022.WTH,wet_year;nitrogen_stress_year;low_response_year,wet,SYA2022_normal_grid_S0013,irrigation_positive_candidate,2022-07-16,197,92,87,"{""sim_day"": 92.0, ""doy"": 197.0, ""topwt"": 4659.086608886719, ""grnwt"": 0.0, ""xlai"": 2.489307403564453, ""totir"": 30.0, ""tofer"": NaN, ""swfac"": 0.0, ""nstres"": 0.0}",0.0,0.0,4659.086608886719,0.0,2.489307403564453,30.0,,0.0,0.0,30.0,150.0,38.15961303710938,50.15961303710938,Leave_One_experiments/all_year_offline_schedule_search/daily_outputs/SYA/SYA_2022_SYA2022_normal_grid_S0013_daily.csv
SYA,SYA,Shenyang,2022,Leave_One_experiments\wth_generated_qc\SYA\SYA2022.WTH,wet_year;nitrogen_stress_year;low_response_year,wet,SYA2022_normal_grid_S0013,irrigation_positive_candidate,2022-07-17,198,93,88,"{""sim_day"": 93.0, ""doy"": 198.0, ""topwt"": 4991.0577392578125, ""grnwt"": 0.0, ""xlai"": 2.4784367084503174, ""totir"": 30.0, ""tofer"": NaN, ""swfac"": 0.0, ""nstres"": 0.0}",0.0,0.0,4991.0577392578125,0.0,2.4784367084503174,30.0,,0.0,0.0,30.0,150.0,38.15961303710938,50.15961303710938,Leave_One_experiments/all_year_offline_schedule_search/daily_outputs/SYA/SYA_2022_SYA2022_normal_grid_S0013_daily.csv
SYA,SYA,Shenyang,2022,Leave_One_experiments\wth_generated_qc\SYA\SYA2022.WTH,wet_year;nitrogen_stress_year;low_response_year,wet,SYA2022_normal_grid_S0013,irrigation_positive_candidate,2022-07-18,199,94,89,"{""sim_day"": 94.0, ""doy"": 199.0, ""topwt"": 5419.561767578125, ""grnwt"": 0.0, ""xlai"": 2.46723747253418, ""totir"": 30.0, ""tofer"": NaN, ""swfac"": 0.0, ""nstres"": 0.0}",0.0,0.0,5419.561767578125,0.0,2.46723747253418,30.0,,0.0,0.0,30.0,150.0,38.15961303710938,50.15961303710938,Leave_One_experiments/all_year_offline_schedule_search/daily_outputs/SYA/SYA_2022_SYA2022_normal_grid_S0013_daily.csv
SYA,SYA,Shenyang,2022,Leave_One_experiments\wth_generated_qc\SYA\SYA2022.WTH,wet_year;nitrogen_stress_year;low_response_year,wet,SYA2022_normal_grid_S0013,irrigation_positive_candidate,2022-07-19,200,95,90,"{""sim_day"": 95.0, ""doy"": 200.0, ""topwt"": 5624.7265625, ""grnwt"": 0.0, ""xlai"": 2.455480098724365, ""totir"": 30.0, ""tofer"": NaN, ""swfac"": 0.0, ""nstres"": 0.0}",0.0,0.0,5624.7265625,0.0,2.455480098724365,30.0,,0.0,0.0,30.0,150.0,38.15961303710938,50.15961303710938,Leave_One_experiments/all_year_offline_schedule_search/daily_outputs/SYA/SYA_2022_SYA2022_normal_grid_S0013_daily.csv
SYA,SYA,Shenyang,2022,Leave_One_experiments\wth_generated_qc\SYA\SYA2022.WTH,wet_year;nitrogen_stress_year;low_response_year,wet,SYA2022_normal_grid_S0013,irrigation_positive_candidate,2022-07-20,201,96,91,"{""sim_day"": 96.0, ""doy"": 201.0, ""topwt"": 5819.388427734375, ""grnwt"": 0.0, ""xlai"": 2.4441821575164795, ""totir"": 30.0, ""tofer"": NaN, ""swfac"": 0.0, ""nstres"": 0.0}",0.0,0.0,5819.388427734375,0.0,2.4441821575164795,30.0,,0.0,0.0,30.0,150.0,38.15961303710938,50.15961303710938,Leave_One_experiments/all_year_offline_schedule_search/daily_outputs/SYA/SYA_2022_SYA2022_normal_grid_S0013_daily.csv
SYA,SYA,Shenyang,2022,Leave_One_experiments\wth_generated_qc\SYA\SYA2022.WTH,wet_year;nitrogen_stress_year;low_response_year,wet,SYA2022_normal_grid_S0013,irrigation_positive_candidate,2022-07-21,202,97,92,"{""sim_day"": 97.0, ""doy"": 202.0, ""topwt"": 6182.373046875, ""grnwt"": 0.0, ""xlai"": 2.432391881942749, ""totir"": 30.0, ""tofer"": NaN, ""swfac"": 0.0, ""nstres"": 0.0}",0.0,0.0,6182.373046875,0.0,2.432391881942749,30.0,,0.0,0.0,30.0,150.0,38.15961303710938,50.15961303710938,Leave_One_experiments/all_year_offline_schedule_search/daily_outputs/SYA/SYA_2022_SYA2022_normal_grid_S0013_daily.csv
SYA,SYA,Shenyang,2022,Leave_One_experiments\wth_generated_qc\SYA\SYA2022.WTH,wet_year;nitrogen_stress_year;low_response_year,wet,SYA2022_normal_grid_S0013,irrigation_positive_candidate,2022-07-22,203,98,93,"{""sim_day"": 98.0, ""doy"": 203.0, ""topwt"": 6274.1998291015625, ""grnwt"": 0.0, ""xlai"": 2.421520948410034, ""totir"": 30.0, ""tofer"": NaN, ""swfac"": 0.0, ""nstres"": 0.0}",0.0,0.0,6274.1998291015625,0.0,2.421520948410034,30.0,,0.0,0.0,30.0,150.0,38.15961303710938,50.15961303710938,Leave_One_experiments/all_year_offline_schedule_search/daily_outputs/SYA/SYA_2022_SYA2022_normal_grid_S0013_daily.csv
SYA,SYA,Shenyang,2022,Leave_One_experiments\wth_generated_qc\SYA\SYA2022.WTH,wet_year;nitrogen_stress_year;low_response_year,wet,SYA2022_normal_grid_S0013,irrigation_positive_candidate,2022-07-23,204,99,94,"{""sim_day"": 99.0, ""doy"": 204.0, ""topwt"": 6645.285034179688, ""grnwt"": 0.0, ""xlai"": 2.4105520248413086, ""totir"": 30.0, ""tofer"": NaN, ""swfac"": 0.0, ""nstres"": 0.0}",0.0,0.0,6645.285034179688,0.0,2.4105520248413086,30.0,,0.0,0.0,30.0,150.0,38.15961303710938,50.15961303710938,Leave_One_experiments/all_year_offline_schedule_search/daily_outputs/SYA/SYA_2022_SYA2022_normal_grid_S0013_daily.csv
SYA,SYA,Shenyang,2022,Leave_One_experiments\wth_generated_qc\SYA\SYA2022.WTH,wet_year;nitrogen_stress_year;low_response_year,wet,SYA2022_normal_grid_S0013,irrigation_positive_candidate,2022-07-24,205,100,95,"{""sim_day"": 100.0, ""doy"": 205.0, ""topwt"": 6910.8050537109375, ""grnwt"": 0.0, ""xlai"": 2.39840030670166, ""totir"": 30.0, ""tofer"": NaN, ""swfac"": 0.0, ""nstres"": 0.0}",0.0,0.0,6910.8050537109375,0.0,2.39840030670166,30.0,,0.0,0.0,30.0,150.0,38.15961303710938,50.15961303710938,Leave_One_experiments/all_year_offline_schedule_search/daily_outputs/SYA/SYA_2022_SYA2022_normal_grid_S0013_daily.csv
SYA,SYA,Shenyang,2022,Leave_One_experiments\wth_generated_qc\SYA\SYA2022.WTH,wet_year;nitrogen_stress_year;low_response_year,wet,SYA2022_normal_grid_S0013,irrigation_positive_candidate,2022-07-25,206,101,96,"{""sim_day"": 101.0, ""doy"": 206.0, ""topwt"": 7290.9539794921875, ""grnwt"": 0.0, ""xlai"": 2.38555908203125, ""totir"": 30.0, ""tofer"": NaN, ""swfac"": 0.0, ""nstres"": 0.0}",0.0,0.0,7290.9539794921875,0.0,2.38555908203125,30.0,,0.0,0.0,30.0,150.0,38.15961303710938,50.15961303710938,Leave_One_experiments/all_year_offline_schedule_search/daily_outputs/SYA/SYA_2022_SYA2022_normal_grid_S0013_daily.csv
SYA,SYA,Shenyang,2022,Leave_One_experiments\wth_generated_qc\SYA\SYA2022.WTH,wet_year;nitrogen_stress_year;low_response_year,wet,SYA2022_normal_grid_S0013,irrigation_positive_candidate,2022-07-26,207,102,97,"{""sim_day"": 102.0, ""doy"": 207.0, ""topwt"": 7625.646362304687, ""grnwt"": 334.6928405761719, ""xlai"": 2.3436670303344727, ""totir"": 30.0, ""tofer"": NaN, ""swfac"": 0.0, ""nstres"": 0.0}",0.0,0.0,7625.646362304687,334.6928405761719,2.3436670303344727,30.0,,0.0,0.0,30.0,150.0,38.15961303710938,50.15961303710938,Leave_One_experiments/all_year_offline_schedule_search/daily_outputs/SYA/SYA_2022_SYA2022_normal_grid_S0013_daily.csv
SYA,SYA,Shenyang,2022,Leave_One_experiments\wth_generated_qc\SYA\SYA2022.WTH,wet_year;nitrogen_stress_year;low_response_year,wet,SYA2022_normal_grid_S0013,irrigation_positive_candidate,2022-07-27,208,103,98,"{""sim_day"": 103.0, ""doy"": 208.0, ""topwt"": 7803.008422851562, ""grnwt"": 673.6222839355469, ""xlai"": 2.3366968631744385, ""totir"": 30.0, ""tofer"": NaN, ""swfac"": 0.0, ""nstres"": 0.0}",0.0,0.0,7803.008422851562,673.6222839355469,2.3366968631744385,30.0,,0.0,0.0,30.0,150.0,38.15961303710938,50.15961303710938,Leave_One_experiments/all_year_offline_schedule_search/daily_outputs/SYA/SYA_2022_SYA2022_normal_grid_S0013_daily.csv
SYA,SYA,Shenyang,2022,Leave_One_experiments\wth_generated_qc\SYA\SYA2022.WTH,wet_year;nitrogen_stress_year;low_response_year,wet,SYA2022_normal_grid_S0013,irrigation_positive_candidate,2022-07-28,209,104,99,"{""sim_day"": 104.0, ""doy"": 209.0, ""topwt"": 7990.694580078125, ""grnwt"": 1012.551727294922, ""xlai"": 2.3288373947143555, ""totir"": 30.0, ""tofer"": NaN, ""swfac"": 0.0, ""nstres"": 0.0}",0.0,0.0,7990.694580078125,1012.551727294922,2.3288373947143555,30.0,,0.0,0.0,30.0,150.0,38.15961303710938,50.15961303710938,Leave_One_experiments/all_year_offline_schedule_search/daily_outputs/SYA/SYA_2022_SYA2022_normal_grid_S0013_daily.csv
SYA,SYA,Shenyang,2022,Leave_One_experiments\wth_generated_qc\SYA\SYA2022.WTH,wet_year;nitrogen_stress_year;low_response_year,wet,SYA2022_normal_grid_S0013,irrigation_positive_candidate,2022-07-29,210,105,100,"{""sim_day"": 105.0, ""doy"": 210.0, ""topwt"": 8199.160766601562, ""grnwt"": 1347.2445678710938, ""xlai"": 2.318867921829224, ""totir"": 30.0, ""tofer"": NaN, ""swfac"": 0.0, ""nstres"": 0.0}",0.0,0.0,8199.160766601562,1347.2445678710938,2.318867921829224,30.0,,0.0,0.0,30.0,150.0,38.15961303710938,50.15961303710938,Leave_One_experiments/all_year_offline_schedule_search/daily_outputs/SYA/SYA_2022_SYA2022_normal_grid_S0013_daily.csv
SYA,SYA,Shenyang,2022,Leave_One_experiments\wth_generated_qc\SYA\SYA2022.WTH,wet_year;nitrogen_stress_year;low_response_year,wet,SYA2022_normal_grid_S0013,irrigation_positive_candidate,2022-07-30,211,106,101,"{""sim_day"": 106.0, ""doy"": 211.0, ""topwt"": 8526.20361328125, ""grnwt"": 1648.04443359375, ""xlai"": 2.306673049926758, ""totir"": 30.0, ""tofer"": NaN, ""swfac"": 0.0, ""nstres"": 0.0}",0.0,0.0,8526.20361328125,1648.04443359375,2.306673049926758,30.0,,0.0,0.0,30.0,150.0,38.15961303710938,50.15961303710938,Leave_One_experiments/all_year_offline_schedule_search/daily_outputs/SYA/SYA_2022_SYA2022_normal_grid_S0013_daily.csv
SYA,SYA,Shenyang,2022,Leave_One_experiments\wth_generated_qc\SYA\SYA2022.WTH,wet_year;nitrogen_stress_year;low_response_year,wet,SYA2022_normal_grid_S0013,irrigation_positive_candidate,2022-07-31,212,107,102,"{""sim_day"": 107.0, ""doy"": 212.0, ""topwt"": 8883.124389648438, ""grnwt"": 1925.542907714844, ""xlai"": 2.2920615673065186, ""totir"": 30.0, ""tofer"": NaN, ""swfac"": 0.0, ""nstres"": 0.0}",0.0,0.0,8883.124389648438,1925.542907714844,2.2920615673065186,30.0,,0.0,0.0,30.0,150.0,38.15961303710938,50.15961303710938,Leave_One_experiments/all_year_offline_schedule_search/daily_outputs/SYA/SYA_2022_SYA2022_normal_grid_S0013_daily.csv
SYA,SYA,Shenyang,2022,Leave_One_experiments\wth_generated_qc\SYA\SYA2022.WTH,wet_year;nitrogen_stress_year;low_response_year,wet,SYA2022_normal_grid_S0013,irrigation_positive_candidate,2022-08-01,213,108,103,"{""sim_day"": 108.0, ""doy"": 213.0, ""topwt"": 9206.892700195312, ""grnwt"": 2169.1485595703125, ""xlai"": 2.2744758129119877, ""totir"": 30.0, ""tofer"": NaN, ""swfac"": 0.0, ""nstres"": 0.0}",0.0,0.0,9206.892700195312,2169.1485595703125,2.2744758129119877,30.0,,0.0,0.0,30.0,150.0,38.15961303710938,50.15961303710938,Leave_One_experiments/all_year_offline_schedule_search/daily_outputs/SYA/SYA_2022_SYA2022_normal_grid_S0013_daily.csv
SYA,SYA,Shenyang,2022,Leave_One_experiments\wth_generated_qc\SYA\SYA2022.WTH,wet_year;nitrogen_stress_year;low_response_year,wet,SYA2022_normal_grid_S0013,irrigation_positive_candidate,2022-08-02,214,109,104,"{""sim_day"": 109.0, ""doy"": 214.0, ""topwt"": 9501.80908203125, ""grnwt"": 2397.9258728027344, ""xlai"": 2.2538955211639404, ""totir"": 30.0, ""tofer"": NaN, ""swfac"": 0.0, ""nstres"": 0.0}",0.0,0.0,9501.80908203125,2397.9258728027344,2.2538955211639404,30.0,,0.0,0.0,30.0,150.0,38.15961303710938,50.15961303710938,Leave_One_experiments/all_year_offline_schedule_search/daily_outputs/SYA/SYA_2022_SYA2022_normal_grid_S0013_daily.csv
SYA,SYA,Shenyang,2022,Leave_One_experiments\wth_generated_qc\SYA\SYA2022.WTH,wet_year;nitrogen_stress_year;low_response_year,wet,SYA2022_normal_grid_S0013,irrigation_positive_candidate,2022-08-03,215,110,105,"{""sim_day"": 110.0, ""doy"": 215.0, ""topwt"": 9786.82861328125, ""grnwt"": 2601.283569335937, ""xlai"": 2.2297089099884038, ""totir"": 30.0, ""tofer"": NaN, ""swfac"": 0.0, ""nstres"": 0.0}",0.0,0.0,9786.82861328125,2601.283569335937,2.2297089099884038,30.0,,0.0,0.0,30.0,150.0,38.15961303710938,50.15961303710938,Leave_One_experiments/all_year_offline_schedule_search/daily_outputs/SYA/SYA_2022_SYA2022_normal_grid_S0013_daily.csv
SYA,SYA,Shenyang,2022,Leave_One_experiments\wth_generated_qc\SYA\SYA2022.WTH,wet_year;nitrogen_stress_year;low_response_year,wet,SYA2022_normal_grid_S0013,irrigation_positive_candidate,2022-08-04,216,111,106,"{""sim_day"": 111.0, ""doy"": 216.0, ""topwt"": 9984.881591796877, ""grnwt"": 2880.9002685546875, ""xlai"": 2.20458459854126, ""totir"": 30.0, ""tofer"": NaN, ""swfac"": 0.0, ""nstres"": 0.0}",0.0,0.0,9984.881591796877,2880.9002685546875,2.20458459854126,30.0,,0.0,0.0,30.0,150.0,38.15961303710938,50.15961303710938,Leave_One_experiments/all_year_offline_schedule_search/daily_outputs/SYA/SYA_2022_SYA2022_normal_grid_S0013_daily.csv
SYA,SYA,Shenyang,2022,Leave_One_experiments\wth_generated_qc\SYA\SYA2022.WTH,wet_year;nitrogen_stress_year;low_response_year,wet,SYA2022_normal_grid_S0013,irrigation_positive_candidate,2022-08-05,217,112,107,"{""sim_day"": 112.0, ""doy"": 217.0, ""topwt"": 10310.850830078123, ""grnwt"": 3171.108703613281, ""xlai"": 2.176882266998291, ""totir"": 30.0, ""tofer"": NaN, ""swfac"": 0.0, ""nstres"": 0.0}",0.0,0.0,10310.850830078123,3171.108703613281,2.176882266998291,30.0,,0.0,0.0,30.0,150.0,38.15961303710938,50.15961303710938,Leave_One_experiments/all_year_offline_schedule_search/daily_outputs/SYA/SYA_2022_SYA2022_normal_grid_S0013_daily.csv
SYA,SYA,Shenyang,2022,Leave_One_experiments\wth_generated_qc\SYA\SYA2022.WTH,wet_year;nitrogen_stress_year;low_response_year,wet,SYA2022_normal_grid_S0013,irrigation_positive_candidate,2022-08-06,218,113,108,"{""sim_day"": 113.0, ""doy"": 218.0, ""topwt"": 10380.777587890623, ""grnwt"": 3510.038146972656, ""xlai"": 2.1488680839538574, ""totir"": 30.0, ""tofer"": NaN, ""swfac"": 0.0, ""nstres"": 0.0}",0.0,0.0,10380.777587890623,3510.038146972656,2.1488680839538574,30.0,,0.0,0.0,30.0,150.0,38.15961303710938,50.15961303710938,Leave_One_experiments/all_year_offline_schedule_search/daily_outputs/SYA/SYA_2022_SYA2022_normal_grid_S0013_daily.csv
SYA,SYA,Shenyang,2022,Leave_One_experiments\wth_generated_qc\SYA\SYA2022.WTH,wet_year;nitrogen_stress_year;low_response_year,wet,SYA2022_normal_grid_S0013,irrigation_positive_candidate,2022-08-07,219,114,109,"{""sim_day"": 114.0, ""doy"": 219.0, ""topwt"": 10746.180419921877, ""grnwt"": 3848.9675903320312, ""xlai"": 2.1209652423858643, ""totir"": 30.0, ""tofer"": NaN, ""swfac"": 0.0, ""nstres"": 0.0}",0.0,0.0,10746.180419921877,3848.9675903320312,2.1209652423858643,30.0,,0.0,0.0,30.0,150.0,38.15961303710938,50.15961303710938,Leave_One_experiments/all_year_offline_schedule_search/daily_outputs/SYA/SYA_2022_SYA2022_normal_grid_S0013_daily.csv
SYA,SYA,Shenyang,2022,Leave_One_experiments\wth_generated_qc\SYA\SYA2022.WTH,wet_year;nitrogen_stress_year;low_response_year,wet,SYA2022_normal_grid_S0013,irrigation_positive_candidate,2022-08-08,220,115,110,"{""sim_day"": 115.0, ""doy"": 220.0, ""topwt"": 11053.248291015623, ""grnwt"": 4187.897033691406, ""xlai"": 2.093817234039306, ""totir"": 30.0, ""tofer"": NaN, ""swfac"": 0.0, ""nstres"": 0.0}",0.0,0.0,11053.248291015623,4187.897033691406,2.093817234039306,30.0,,0.0,0.0,30.0,150.0,38.15961303710938,50.15961303710938,Leave_One_experiments/all_year_offline_schedule_search/daily_outputs/SYA/SYA_2022_SYA2022_normal_grid_S0013_daily.csv
SYA,SYA,Shenyang,2022,Leave_One_experiments\wth_generated_qc\SYA\SYA2022.WTH,wet_year;nitrogen_stress_year;low_response_year,wet,SYA2022_normal_grid_S0013,irrigation_positive_candidate,2022-08-09,221,116,111,"{""sim_day"": 116.0, ""doy"": 221.0, ""topwt"": 11447.56591796875, ""grnwt"": 4526.826477050781, ""xlai"": 2.0626413822174072, ""totir"": 30.0, ""tofer"": NaN, ""swfac"": 0.0, ""nstres"": 0.0}",0.0,0.0,11447.56591796875,4526.826477050781,2.0626413822174072,30.0,,0.0,0.0,30.0,150.0,38.15961303710938,50.15961303710938,Leave_One_experiments/all_year_offline_schedule_search/daily_outputs/SYA/SYA_2022_SYA2022_normal_grid_S0013_daily.csv
SYA,SYA,Shenyang,2022,Leave_One_experiments\wth_generated_qc\SYA\SYA2022.WTH,wet_year;nitrogen_stress_year;low_response_year,wet,SYA2022_normal_grid_S0013,irrigation_positive_candidate,2022-08-10,222,117,112,"{""sim_day"": 117.0, ""doy"": 222.0, ""topwt"": 11812.0947265625, ""grnwt"": 4865.755920410156, ""xlai"": 2.0304384231567383, ""totir"": 30.0, ""tofer"": NaN, ""swfac"": 0.0, ""nstres"": 0.0}",0.0,0.0,11812.0947265625,4865.755920410156,2.0304384231567383,30.0,,0.0,0.0,30.0,150.0,38.15961303710938,50.15961303710938,Leave_One_experiments/all_year_offline_schedule_search/daily_outputs/SYA/SYA_2022_SYA2022_normal_grid_S0013_daily.csv
SYA,SYA,Shenyang,2022,Leave_One_experiments\wth_generated_qc\SYA\SYA2022.WTH,wet_year;nitrogen_stress_year;low_response_year,wet,SYA2022_normal_grid_S0013,irrigation_positive_candidate,2022-08-11,223,118,113,"{""sim_day"": 118.0, ""doy"": 223.0, ""topwt"": 11972.71240234375, ""grnwt"": 5204.68505859375, ""xlai"": 1.992378115653992, ""totir"": 30.0, ""tofer"": NaN, ""swfac"": 0.0, ""nstres"": 0.0}",0.0,0.0,11972.71240234375,5204.68505859375,1.992378115653992,30.0,,0.0,0.0,30.0,150.0,38.15961303710938,50.15961303710938,Leave_One_experiments/all_year_offline_schedule_search/daily_outputs/SYA/SYA_2022_SYA2022_normal_grid_S0013_daily.csv
SYA,SYA,Shenyang,2022,Leave_One_experiments\wth_generated_qc\SYA\SYA2022.WTH,wet_year;nitrogen_stress_year;low_response_year,wet,SYA2022_normal_grid_S0013,irrigation_positive_candidate,2022-08-12,224,119,114,"{""sim_day"": 119.0, ""doy"": 224.0, ""topwt"": 12293.162841796877, ""grnwt"": 5543.614501953125, ""xlai"": 1.9511643648147583, ""totir"": 30.0, ""tofer"": NaN, ""swfac"": 0.0, ""nstres"": 0.0386567115783691}",0.0,0.0386567115783691,12293.162841796877,5543.614501953125,1.9511643648147583,30.0,,0.0,0.0,30.0,150.0,38.15961303710938,50.15961303710938,Leave_One_experiments/all_year_offline_schedule_search/daily_outputs/SYA/SYA_2022_SYA2022_normal_grid_S0013_daily.csv
SYA,SYA,Shenyang,2022,Leave_One_experiments\wth_generated_qc\SYA\SYA2022.WTH,wet_year;nitrogen_stress_year;low_response_year,wet,SYA2022_normal_grid_S0013,irrigation_positive_candidate,2022-08-13,225,120,115,"{""sim_day"": 120.0, ""doy"": 225.0, ""topwt"": 12421.00341796875, ""grnwt"": 5882.5439453125, ""xlai"": 1.912893533706665, ""totir"": 30.0, ""tofer"": NaN, ""swfac"": 0.0, ""nstres"": 0.0643929243087768}",0.0,0.0643929243087768,12421.00341796875,5882.5439453125,1.912893533706665,30.0,,0.0,0.0,30.0,150.0,38.15961303710938,50.15961303710938,Leave_One_experiments/all_year_offline_schedule_search/daily_outputs/SYA/SYA_2022_SYA2022_normal_grid_S0013_daily.csv
SYA,SYA,Shenyang,2022,Leave_One_experiments\wth_generated_qc\SYA\SYA2022.WTH,wet_year;nitrogen_stress_year;low_response_year,wet,SYA2022_normal_grid_S0013,irrigation_positive_candidate,2022-08-14,226,121,116,"{""sim_day"": 121.0, ""doy"": 226.0, ""topwt"": 12470.81787109375, ""grnwt"": 6221.473388671875, ""xlai"": 1.8760403394699097, ""totir"": 30.0, ""tofer"": NaN, ""swfac"": 0.0, ""nstres"": 0.1170660257339477}",0.0,0.1170660257339477,12470.81787109375,6221.473388671875,1.8760403394699097,30.0,,0.0,0.0,30.0,150.0,38.15961303710938,50.15961303710938,Leave_One_experiments/all_year_offline_schedule_search/daily_outputs/SYA/SYA_2022_SYA2022_normal_grid_S0013_daily.csv
SYA,SYA,Shenyang,2022,Leave_One_experiments\wth_generated_qc\SYA\SYA2022.WTH,wet_year;nitrogen_stress_year;low_response_year,wet,SYA2022_normal_grid_S0013,irrigation_positive_candidate,2022-08-15,227,122,117,"{""sim_day"": 122.0, ""doy"": 227.0, ""topwt"": 12817.62451171875, ""grnwt"": 6560.40283203125, ""xlai"": 1.834346294403076, ""totir"": 30.0, ""tofer"": NaN, ""swfac"": 0.0, ""nstres"": 0.1393957138061523}",0.0,0.1393957138061523,12817.62451171875,6560.40283203125,1.834346294403076,30.0,,0.0,0.0,30.0,150.0,38.15961303710938,50.15961303710938,Leave_One_experiments/all_year_offline_schedule_search/daily_outputs/SYA/SYA_2022_SYA2022_normal_grid_S0013_daily.csv
SYA,SYA,Shenyang,2022,Leave_One_experiments\wth_generated_qc\SYA\SYA2022.WTH,wet_year;nitrogen_stress_year;low_response_year,wet,SYA2022_normal_grid_S0013,irrigation_positive_candidate,2022-08-16,228,123,118,"{""sim_day"": 123.0, ""doy"": 228.0, ""topwt"": 13161.068115234377, ""grnwt"": 6899.332275390625, ""xlai"": 1.7869808673858645, ""totir"": 30.0, ""tofer"": NaN, ""swfac"": 0.0, ""nstres"": 0.1499711275100708}",0.0,0.1499711275100708,13161.068115234377,6899.332275390625,1.7869808673858645,30.0,,0.0,0.0,30.0,150.0,38.15961303710938,50.15961303710938,Leave_One_experiments/all_year_offline_schedule_search/daily_outputs/SYA/SYA_2022_SYA2022_normal_grid_S0013_daily.csv
SYA,SYA,Shenyang,2022,Leave_One_experiments\wth_generated_qc\SYA\SYA2022.WTH,wet_year;nitrogen_stress_year;low_response_year,wet,SYA2022_normal_grid_S0013,irrigation_positive_candidate,2022-08-17,229,124,119,"{""sim_day"": 124.0, ""doy"": 229.0, ""topwt"": 13210.8203125, ""grnwt"": 7083.8427734375, ""xlai"": 1.734930396080017, ""totir"": 30.0, ""tofer"": NaN, ""swfac"": 0.0, ""nstres"": 0.2322831153869629}",0.0,0.2322831153869629,13210.8203125,7083.8427734375,1.734930396080017,30.0,,0.0,0.0,30.0,150.0,38.15961303710938,50.15961303710938,Leave_One_experiments/all_year_offline_schedule_search/daily_outputs/SYA/SYA_2022_SYA2022_normal_grid_S0013_daily.csv
SYA,SYA,Shenyang,2022,Leave_One_experiments\wth_generated_qc\SYA\SYA2022.WTH,wet_year;nitrogen_stress_year;low_response_year,wet,SYA2022_normal_grid_S0013,irrigation_positive_candidate,2022-08-18,230,125,120,"{""sim_day"": 125.0, ""doy"": 230.0, ""topwt"": 13279.373779296877, ""grnwt"": 7152.3968505859375, ""xlai"": 1.684871792793274, ""totir"": 30.0, ""tofer"": NaN, ""swfac"": 0.0, ""nstres"": 0.2924799919128418}",0.0,0.2924799919128418,13279.373779296877,7152.3968505859375,1.684871792793274,30.0,,0.0,0.0,30.0,150.0,38.15961303710938,50.15961303710938,Leave_One_experiments/all_year_offline_schedule_search/daily_outputs/SYA/SYA_2022_SYA2022_normal_grid_S0013_daily.csv
SYA,SYA,Shenyang,2022,Leave_One_experiments\wth_generated_qc\SYA\SYA2022.WTH,wet_year;nitrogen_stress_year;low_response_year,wet,SYA2022_normal_grid_S0013,irrigation_positive_candidate,2022-08-19,231,126,121,"{""sim_day"": 126.0, ""doy"": 231.0, ""topwt"": 13583.192138671877, ""grnwt"": 7456.213989257812, ""xlai"": 1.6405136585235596, ""totir"": 30.0, ""tofer"": NaN, ""swfac"": 0.0, ""nstres"": 0.2318570017814636}",0.0,0.2318570017814636,13583.192138671877,7456.213989257812,1.6405136585235596,30.0,,0.0,0.0,30.0,150.0,38.15961303710938,50.15961303710938,Leave_One_experiments/all_year_offline_schedule_search/daily_outputs/SYA/SYA_2022_SYA2022_normal_grid_S0013_daily.csv
SYA,SYA,Shenyang,2022,Leave_One_experiments\wth_generated_qc\SYA\SYA2022.WTH,wet_year;nitrogen_stress_year;low_response_year,wet,SYA2022_normal_grid_S0013,irrigation_positive_candidate,2022-08-20,232,127,122,"{""sim_day"": 127.0, ""doy"": 232.0, ""topwt"": 13820.457763671877, ""grnwt"": 7693.4808349609375, ""xlai"": 1.5859224796295166, ""totir"": 30.0, ""tofer"": NaN, ""swfac"": 0.0, ""nstres"": 0.3520862460136413}",0.0,0.3520862460136413,13820.457763671877,7693.4808349609375,1.5859224796295166,30.0,,0.0,0.0,30.0,150.0,38.15961303710938,50.15961303710938,Leave_One_experiments/all_year_offline_schedule_search/daily_outputs/SYA/SYA_2022_SYA2022_normal_grid_S0013_daily.csv
SYA,SYA,Shenyang,2022,Leave_One_experiments\wth_generated_qc\SYA\SYA2022.WTH,wet_year;nitrogen_stress_year;low_response_year,wet,SYA2022_normal_grid_S0013,irrigation_positive_candidate,2022-08-21,233,128,123,"{""sim_day"": 128.0, ""doy"": 233.0, ""topwt"": 13872.16552734375, ""grnwt"": 7745.1885986328125, ""xlai"": 1.5309438705444336, ""totir"": 30.0, ""tofer"": NaN, ""swfac"": 0.0, ""nstres"": 0.4319974780082702}",0.0,0.4319974780082702,13872.16552734375,7745.1885986328125,1.5309438705444336,30.0,,0.0,0.0,30.0,150.0,38.15961303710938,50.15961303710938,Leave_One_experiments/all_year_offline_schedule_search/daily_outputs/SYA/SYA_2022_SYA2022_normal_grid_S0013_daily.csv
SYA,SYA,Shenyang,2022,Leave_One_experiments\wth_generated_qc\SYA\SYA2022.WTH,wet_year;nitrogen_stress_year;low_response_year,wet,SYA2022_normal_grid_S0013,irrigation_positive_candidate,2022-08-22,234,129,124,"{""sim_day"": 129.0, ""doy"": 234.0, ""topwt"": 14091.182861328123, ""grnwt"": 7964.205322265625, ""xlai"": 1.478654146194458, ""totir"": 30.0, ""tofer"": NaN, ""swfac"": 0.0, ""nstres"": 0.4197251796722412}",0.0,0.4197251796722412,14091.182861328123,7964.205322265625,1.478654146194458,30.0,,0.0,0.0,30.0,150.0,38.15961303710938,50.15961303710938,Leave_One_experiments/all_year_offline_schedule_search/daily_outputs/SYA/SYA_2022_SYA2022_normal_grid_S0013_daily.csv
SYA,SYA,Shenyang,2022,Leave_One_experiments\wth_generated_qc\SYA\SYA2022.WTH,wet_year;nitrogen_stress_year;low_response_year,wet,SYA2022_normal_grid_S0013,irrigation_positive_candidate,2022-08-23,235,130,125,"{""sim_day"": 130.0, ""doy"": 235.0, ""topwt"": 14267.154541015623, ""grnwt"": 8140.177612304687, ""xlai"": 1.4249061346054075, ""totir"": 30.0, ""tofer"": NaN, ""swfac"": 0.0, ""nstres"": 0.4723832011222839}",0.0,0.4723832011222839,14267.154541015623,8140.177612304687,1.4249061346054075,30.0,,0.0,0.0,30.0,150.0,38.15961303710938,50.15961303710938,Leave_One_experiments/all_year_offline_schedule_search/daily_outputs/SYA/SYA_2022_SYA2022_normal_grid_S0013_daily.csv
SYA,SYA,Shenyang,2022,Leave_One_experiments\wth_generated_qc\SYA\SYA2022.WTH,wet_year;nitrogen_stress_year;low_response_year,wet,SYA2022_normal_grid_S0013,irrigation_positive_candidate,2022-08-24,236,131,126,"{""sim_day"": 131.0, ""doy"": 236.0, ""topwt"": 14427.97119140625, ""grnwt"": 8300.993041992188, ""xlai"": 1.3711429834365845, ""totir"": 30.0, ""tofer"": NaN, ""swfac"": 0.0, ""nstres"": 0.5055428743362427}",0.0,0.5055428743362427,14427.97119140625,8300.993041992188,1.3711429834365845,30.0,,0.0,0.0,30.0,150.0,38.15961303710938,50.15961303710938,Leave_One_experiments/all_year_offline_schedule_search/daily_outputs/SYA/SYA_2022_SYA2022_normal_grid_S0013_daily.csv
SYA,SYA,Shenyang,2022,Leave_One_experiments\wth_generated_qc\SYA\SYA2022.WTH,wet_year;nitrogen_stress_year;low_response_year,wet,SYA2022_normal_grid_S0013,irrigation_positive_candidate,2022-08-25,237,132,127,"{""sim_day"": 132.0, ""doy"": 237.0, ""topwt"": 14512.14599609375, ""grnwt"": 8385.169067382812, ""xlai"": 1.3180750608444214, ""totir"": 30.0, ""tofer"": NaN, ""swfac"": 0.0, ""nstres"": 0.5288817882537842}",0.0,0.5288817882537842,14512.14599609375,8385.169067382812,1.3180750608444214,30.0,,0.0,0.0,30.0,150.0,38.15961303710938,50.15961303710938,Leave_One_experiments/all_year_offline_schedule_search/daily_outputs/SYA/SYA_2022_SYA2022_normal_grid_S0013_daily.csv
SYA,SYA,Shenyang,2022,Leave_One_experiments\wth_generated_qc\SYA\SYA2022.WTH,wet_year;nitrogen_stress_year;low_response_year,wet,SYA2022_normal_grid_S0013,irrigation_positive_candidate,2022-08-26,238,133,128,"{""sim_day"": 133.0, ""doy"": 238.0, ""topwt"": 14671.796875, ""grnwt"": 8544.819946289062, ""xlai"": 1.2670875787734983, ""totir"": 30.0, ""tofer"": NaN, ""swfac"": 0.0, ""nstres"": 0.528399646282196}",0.0,0.528399646282196,14671.796875,8544.819946289062,1.2670875787734983,30.0,,0.0,0.0,30.0,150.0,38.15961303710938,50.15961303710938,Leave_One_experiments/all_year_offline_schedule_search/daily_outputs/SYA/SYA_2022_SYA2022_normal_grid_S0013_daily.csv
SYA,SYA,Shenyang,2022,Leave_One_experiments\wth_generated_qc\SYA\SYA2022.WTH,wet_year;nitrogen_stress_year;low_response_year,wet,SYA2022_normal_grid_S0013,irrigation_positive_candidate,2022-08-27,239,134,129,"{""sim_day"": 134.0, ""doy"": 239.0, ""topwt"": 14780.50537109375, ""grnwt"": 8653.528442382812, ""xlai"": 1.2171995639801023, ""totir"": 30.0, ""tofer"": NaN, ""swfac"": 0.0, ""nstres"": 0.5449306964874268}",0.0,0.5449306964874268,14780.50537109375,8653.528442382812,1.2171995639801023,30.0,,0.0,0.0,30.0,150.0,38.15961303710938,50.15961303710938,Leave_One_experiments/all_year_offline_schedule_search/daily_outputs/SYA/SYA_2022_SYA2022_normal_grid_S0013_daily.csv
SYA,SYA,Shenyang,2022,Leave_One_experiments\wth_generated_qc\SYA\SYA2022.WTH,wet_year;nitrogen_stress_year;low_response_year,wet,SYA2022_normal_grid_S0013,irrigation_positive_candidate,2022-08-28,240,135,130,"{""sim_day"": 135.0, ""doy"": 240.0, ""topwt"": 14800.850830078123, ""grnwt"": 8673.875122070312, ""xlai"": 1.168951392173767, ""totir"": 30.0, ""tofer"": NaN, ""swfac"": 0.0, ""nstres"": 0.5513294637203217}",0.0,0.5513294637203217,14800.850830078123,8673.875122070312,1.168951392173767,30.0,,0.0,0.0,30.0,150.0,38.15961303710938,50.15961303710938,Leave_One_experiments/all_year_offline_schedule_search/daily_outputs/SYA/SYA_2022_SYA2022_normal_grid_S0013_daily.csv
SYA,SYA,Shenyang,2022,Leave_One_experiments\wth_generated_qc\SYA\SYA2022.WTH,wet_year;nitrogen_stress_year;low_response_year,wet,SYA2022_normal_grid_S0013,irrigation_positive_candidate,2022-08-29,241,136,131,"{""sim_day"": 136.0, ""doy"": 241.0, ""topwt"": 14930.819091796877, ""grnwt"": 8803.843994140625, ""xlai"": 1.1243009567260742, ""totir"": 30.0, ""tofer"": NaN, ""swfac"": 0.0, ""nstres"": 0.5167257189750671}",0.0,0.5167257189750671,14930.819091796877,8803.843994140625,1.1243009567260742,30.0,,0.0,0.0,30.0,150.0,38.15961303710938,50.15961303710938,Leave_One_experiments/all_year_offline_schedule_search/daily_outputs/SYA/SYA_2022_SYA2022_normal_grid_S0013_daily.csv
SYA,SYA,Shenyang,2022,Leave_One_experiments\wth_generated_qc\SYA\SYA2022.WTH,wet_year;nitrogen_stress_year;low_response_year,wet,SYA2022_normal_grid_S0013,irrigation_positive_candidate,2022-08-30,242,137,132,"{""sim_day"": 137.0, ""doy"": 242.0, ""topwt"": 15060.137939453123, ""grnwt"": 8933.16162109375, ""xlai"": 1.0718715190887451, ""totir"": 30.0, ""tofer"": NaN, ""swfac"": 0.0, ""nstres"": 0.5346080660820007}",0.0,0.5346080660820007,15060.137939453123,8933.16162109375,1.0718715190887451,30.0,,0.0,0.0,30.0,150.0,38.15961303710938,50.15961303710938,Leave_One_experiments/all_year_offline_schedule_search/daily_outputs/SYA/SYA_2022_SYA2022_normal_grid_S0013_daily.csv
SYA,SYA,Shenyang,2022,Leave_One_experiments\wth_generated_qc\SYA\SYA2022.WTH,wet_year;nitrogen_stress_year;low_response_year,wet,SYA2022_normal_grid_S0013,irrigation_positive_candidate,2022-08-31,243,138,133,"{""sim_day"": 138.0, ""doy"": 243.0, ""topwt"": 15192.93701171875, ""grnwt"": 9065.961303710938, ""xlai"": 1.018193006515503, ""totir"": 30.0, ""tofer"": NaN, ""swfac"": 0.0, ""nstres"": 0.5478353500366211}",0.0,0.5478353500366211,15192.93701171875,9065.961303710938,1.018193006515503,30.0,,0.0,0.0,30.0,150.0,38.15961303710938,50.15961303710938,Leave_One_experiments/all_year_offline_schedule_search/daily_outputs/SYA/SYA_2022_SYA2022_normal_grid_S0013_daily.csv
SYA,SYA,Shenyang,2022,Leave_One_experiments\wth_generated_qc\SYA\SYA2022.WTH,wet_year;nitrogen_stress_year;low_response_year,wet,SYA2022_normal_grid_S0013,irrigation_positive_candidate,2022-09-01,244,139,134,"{""sim_day"": 139.0, ""doy"": 244.0, ""topwt"": 15192.93701171875, ""grnwt"": 9065.961303710938, ""xlai"": 1.018193006515503, ""totir"": 30.0, ""tofer"": NaN, ""swfac"": 0.0, ""nstres"": 0.5529838502407074}",0.0,0.5529838502407074,15192.93701171875,9065.961303710938,1.018193006515503,30.0,,0.0,0.0,30.0,150.0,38.15961303710938,50.15961303710938,Leave_One_experiments/all_year_offline_schedule_search/daily_outputs/SYA/SYA_2022_SYA2022_normal_grid_S0013_daily.csv
SYA,SYA,Shenyang,2022,Leave_One_experiments\wth_generated_qc\SYA\SYA2022.WTH,wet_year;nitrogen_stress_year;low_response_year,wet,SYA2022_normal_grid_S0013,irrigation_positive_candidate,2022-09-02,245,140,135,"{""sim_day"": 140.0, ""doy"": 245.0, ""topwt"": 15192.93701171875, ""grnwt"": 9065.961303710938, ""xlai"": 1.018193006515503, ""totir"": 30.0, ""tofer"": NaN, ""swfac"": 0.0, ""nstres"": 0.5529838502407074}",0.0,0.5529838502407074,15192.93701171875,9065.961303710938,1.018193006515503,30.0,,0.0,0.0,30.0,150.0,38.15961303710938,50.15961303710938,Leave_One_experiments/all_year_offline_schedule_search/daily_outputs/SYA/SYA_2022_SYA2022_normal_grid_S0013_daily.csv
SYA,SYA,Shenyang,2022,Leave_One_experiments\wth_generated_qc\SYA\SYA2022.WTH,wet_year;nitrogen_stress_year;low_response_year,wet,SYA2022_normal_grid_S0013,irrigation_positive_candidate,2022-09-03,246,141,136,"{""sim_day"": 141.0, ""doy"": 246.0, ""topwt"": 15192.93701171875, ""grnwt"": 9065.961303710938, ""xlai"": 1.018193006515503, ""totir"": 30.0, ""tofer"": NaN, ""swfac"": 0.0, ""nstres"": 0.5529838502407074}",0.0,0.5529838502407074,15192.93701171875,9065.961303710938,1.018193006515503,30.0,,0.0,0.0,30.0,150.0,38.15961303710938,50.15961303710938,Leave_One_experiments/all_year_offline_schedule_search/daily_outputs/SYA/SYA_2022_SYA2022_normal_grid_S0013_daily.csv
SYA,SYA,Shenyang,2022,Leave_One_experiments\wth_generated_qc\SYA\SYA2022.WTH,wet_year;nitrogen_stress_year;low_response_year,wet,SYA2022_normal_grid_S0013,irrigation_positive_candidate,2022-09-04,247,142,137,"{""sim_day"": 142.0, ""doy"": 247.0, ""topwt"": 15192.93701171875, ""grnwt"": 9065.961303710938, ""xlai"": 1.018193006515503, ""totir"": 30.0, ""tofer"": NaN, ""swfac"": 0.0, ""nstres"": 0.5529838502407074}",0.0,0.5529838502407074,15192.93701171875,9065.961303710938,1.018193006515503,30.0,,0.0,0.0,30.0,150.0,38.15961303710938,50.15961303710938,Leave_One_experiments/all_year_offline_schedule_search/daily_outputs/SYA/SYA_2022_SYA2022_normal_grid_S0013_daily.csv
SYA,SYA,Shenyang,2022,Leave_One_experiments\wth_generated_qc\SYA\SYA2022.WTH,wet_year;nitrogen_stress_year;low_response_year,wet,SYA2022_normal_grid_S0028,low_input_within_10pct_yield,2022-04-21,111,1,1,"{""sim_day"": 1.0, ""doy"": 111.0, ""topwt"": 0.0, ""grnwt"": 0.0, ""xlai"": 0.0, ""totir"": 0.0, ""tofer"": NaN, ""swfac"": 0.0, ""nstres"": 0.0}",0.0,0.0,0.0,0.0,0.0,0.0,,0.0,80.0,0.0,180.0,53.909130859375,53.909130859375,Leave_One_experiments/all_year_offline_schedule_search/daily_outputs/SYA/SYA_2022_SYA2022_normal_grid_S0028_daily.csv
SYA,SYA,Shenyang,2022,Leave_One_experiments\wth_generated_qc\SYA\SYA2022.WTH,wet_year;nitrogen_stress_year;low_response_year,wet,SYA2022_normal_grid_S0028,low_input_within_10pct_yield,2022-04-22,112,2,2,"{""sim_day"": 2.0, ""doy"": 112.0, ""topwt"": 0.0, ""grnwt"": 0.0, ""xlai"": 0.0, ""totir"": 0.0, ""tofer"": NaN, ""swfac"": 0.0, ""nstres"": 0.0}",0.0,0.0,0.0,0.0,0.0,0.0,,0.0,0.0,0.0,180.0,53.909130859375,53.909130859375,Leave_One_experiments/all_year_offline_schedule_search/daily_outputs/SYA/SYA_2022_SYA2022_normal_grid_S0028_daily.csv
SYA,SYA,Shenyang,2022,Leave_One_experiments\wth_generated_qc\SYA\SYA2022.WTH,wet_year;nitrogen_stress_year;low_response_year,wet,SYA2022_normal_grid_S0028,low_input_within_10pct_yield,2022-04-23,113,3,3,"{""sim_day"": 3.0, ""doy"": 113.0, ""topwt"": 0.0, ""grnwt"": 0.0, ""xlai"": 0.0, ""totir"": 0.0, ""tofer"": NaN, ""swfac"": 0.0, ""nstres"": 0.0}",0.0,0.0,0.0,0.0,0.0,0.0,,0.0,0.0,0.0,180.0,53.909130859375,53.909130859375,Leave_One_experiments/all_year_offline_schedule_search/daily_outputs/SYA/SYA_2022_SYA2022_normal_grid_S0028_daily.csv
SYA,SYA,Shenyang,2022,Leave_One_experiments\wth_generated_qc\SYA\SYA2022.WTH,wet_year;nitrogen_stress_year;low_response_year,wet,SYA2022_normal_grid_S0028,low_input_within_10pct_yield,2022-04-24,114,4,4,"{""sim_day"": 4.0, ""doy"": 114.0, ""topwt"": 0.0, ""grnwt"": 0.0, ""xlai"": 0.0, ""totir"": 0.0, ""tofer"": NaN, ""swfac"": 0.0, ""nstres"": 0.0}",0.0,0.0,0.0,0.0,0.0,0.0,,0.0,0.0,0.0,180.0,53.909130859375,53.909130859375,Leave_One_experiments/all_year_offline_schedule_search/daily_outputs/SYA/SYA_2022_SYA2022_normal_grid_S0028_daily.csv
SYA,SYA,Shenyang,2022,Leave_One_experiments\wth_generated_qc\SYA\SYA2022.WTH,wet_year;nitrogen_stress_year;low_response_year,wet,SYA2022_normal_grid_S0028,low_input_within_10pct_yield,2022-04-25,115,5,5,"{""sim_day"": 5.0, ""doy"": 115.0, ""topwt"": 0.0, ""grnwt"": 0.0, ""xlai"": 0.0, ""totir"": 0.0, ""tofer"": NaN, ""swfac"": 0.0, ""nstres"": 0.0}",0.0,0.0,0.0,0.0,0.0,0.0,,0.0,0.0,0.0,180.0,53.909130859375,53.909130859375,Leave_One_experiments/all_year_offline_schedule_search/daily_outputs/SYA/SYA_2022_SYA2022_normal_grid_S0028_daily.csv
SYA,SYA,Shenyang,2022,Leave_One_experiments\wth_generated_qc\SYA\SYA2022.WTH,wet_year;nitrogen_stress_year;low_response_year,wet,SYA2022_normal_grid_S0028,low_input_within_10pct_yield,2022-04-21,111,6,1,"{""sim_day"": 6.0, ""doy"": 111.0, ""topwt"": 0.0, ""grnwt"": 0.0, ""xlai"": 0.0, ""totir"": 0.0, ""tofer"": NaN, ""swfac"": 0.0, ""nstres"": 0.0}",0.0,0.0,0.0,0.0,0.0,0.0,,0.0,0.0,0.0,180.0,53.909130859375,53.909130859375,Leave_One_experiments/all_year_offline_schedule_search/daily_outputs/SYA/SYA_2022_SYA2022_normal_grid_S0028_daily.csv
SYA,SYA,Shenyang,2022,Leave_One_experiments\wth_generated_qc\SYA\SYA2022.WTH,wet_year;nitrogen_stress_year;low_response_year,wet,SYA2022_normal_grid_S0028,low_input_within_10pct_yield,2022-04-22,112,7,2,"{""sim_day"": 7.0, ""doy"": 112.0, ""topwt"": 0.0, ""grnwt"": 0.0, ""xlai"": 0.0, ""totir"": 0.0, ""tofer"": NaN, ""swfac"": 0.0, ""nstres"": 0.0}",0.0,0.0,0.0,0.0,0.0,0.0,,0.0,0.0,0.0,180.0,53.909130859375,53.909130859375,Leave_One_experiments/all_year_offline_schedule_search/daily_outputs/SYA/SYA_2022_SYA2022_normal_grid_S0028_daily.csv
SYA,SYA,Shenyang,2022,Leave_One_experiments\wth_generated_qc\SYA\SYA2022.WTH,wet_year;nitrogen_stress_year;low_response_year,wet,SYA2022_normal_grid_S0028,low_input_within_10pct_yield,2022-04-23,113,8,3,"{""sim_day"": 8.0, ""doy"": 113.0, ""topwt"": 0.0, ""grnwt"": 0.0, ""xlai"": 0.0, ""totir"": 0.0, ""tofer"": NaN, ""swfac"": 0.0, ""nstres"": 0.0}",0.0,0.0,0.0,0.0,0.0,0.0,,0.0,0.0,0.0,180.0,53.909130859375,53.909130859375,Leave_One_experiments/all_year_offline_schedule_search/daily_outputs/SYA/SYA_2022_SYA2022_normal_grid_S0028_daily.csv
SYA,SYA,Shenyang,2022,Leave_One_experiments\wth_generated_qc\SYA\SYA2022.WTH,wet_year;nitrogen_stress_year;low_response_year,wet,SYA2022_normal_grid_S0028,low_input_within_10pct_yield,2022-04-24,114,9,4,"{""sim_day"": 9.0, ""doy"": 114.0, ""topwt"": 0.0, ""grnwt"": 0.0, ""xlai"": 0.0, ""totir"": 0.0, ""tofer"": NaN, ""swfac"": 0.0, ""nstres"": 0.0}",0.0,0.0,0.0,0.0,0.0,0.0,,0.0,0.0,0.0,180.0,53.909130859375,53.909130859375,Leave_One_experiments/all_year_offline_schedule_search/daily_outputs/SYA/SYA_2022_SYA2022_normal_grid_S0028_daily.csv
SYA,SYA,Shenyang,2022,Leave_One_experiments\wth_generated_qc\SYA\SYA2022.WTH,wet_year;nitrogen_stress_year;low_response_year,wet,SYA2022_normal_grid_S0028,low_input_within_10pct_yield,2022-04-25,115,10,5,"{""sim_day"": 10.0, ""doy"": 115.0, ""topwt"": 0.0, ""grnwt"": 0.0, ""xlai"": 0.0, ""totir"": 0.0, ""tofer"": NaN, ""swfac"": 0.0, ""nstres"": 0.0}",0.0,0.0,0.0,0.0,0.0,0.0,,0.0,0.0,0.0,180.0,53.909130859375,53.909130859375,Leave_One_experiments/all_year_offline_schedule_search/daily_outputs/SYA/SYA_2022_SYA2022_normal_grid_S0028_daily.csv
SYA,SYA,Shenyang,2022,Leave_One_experiments\wth_generated_qc\SYA\SYA2022.WTH,wet_year;nitrogen_stress_year;low_response_year,wet,SYA2022_normal_grid_S0028,low_input_within_10pct_yield,2022-04-26,116,11,6,"{""sim_day"": 11.0, ""doy"": 116.0, ""topwt"": 0.0, ""grnwt"": 0.0, ""xlai"": 0.0, ""totir"": 0.0, ""tofer"": NaN, ""swfac"": 0.0, ""nstres"": 0.0}",0.0,0.0,0.0,0.0,0.0,0.0,,0.0,0.0,0.0,180.0,53.909130859375,53.909130859375,Leave_One_experiments/all_year_offline_schedule_search/daily_outputs/SYA/SYA_2022_SYA2022_normal_grid_S0028_daily.csv
SYA,SYA,Shenyang,2022,Leave_One_experiments\wth_generated_qc\SYA\SYA2022.WTH,wet_year;nitrogen_stress_year;low_response_year,wet,SYA2022_normal_grid_S0028,low_input_within_10pct_yield,2022-04-27,117,12,7,"{""sim_day"": 12.0, ""doy"": 117.0, ""topwt"": 0.0, ""grnwt"": 0.0, ""xlai"": 0.0, ""totir"": 0.0, ""tofer"": NaN, ""swfac"": 0.0, ""nstres"": 0.0}",0.0,0.0,0.0,0.0,0.0,0.0,,0.0,0.0,0.0,180.0,53.909130859375,53.909130859375,Leave_One_experiments/all_year_offline_schedule_search/daily_outputs/SYA/SYA_2022_SYA2022_normal_grid_S0028_daily.csv
SYA,SYA,Shenyang,2022,Leave_One_experiments\wth_generated_qc\SYA\SYA2022.WTH,wet_year;nitrogen_stress_year;low_response_year,wet,SYA2022_normal_grid_S0028,low_input_within_10pct_yield,2022-04-28,118,13,8,"{""sim_day"": 13.0, ""doy"": 118.0, ""topwt"": 0.0, ""grnwt"": 0.0, ""xlai"": 0.0, ""totir"": 0.0, ""tofer"": NaN, ""swfac"": 0.0, ""nstres"": 0.0}",0.0,0.0,0.0,0.0,0.0,0.0,,0.0,0.0,0.0,180.0,53.909130859375,53.909130859375,Leave_One_experiments/all_year_offline_schedule_search/daily_outputs/SYA/SYA_2022_SYA2022_normal_grid_S0028_daily.csv
SYA,SYA,Shenyang,2022,Leave_One_experiments\wth_generated_qc\SYA\SYA2022.WTH,wet_year;nitrogen_stress_year;low_response_year,wet,SYA2022_normal_grid_S0028,low_input_within_10pct_yield,2022-04-29,119,14,9,"{""sim_day"": 14.0, ""doy"": 119.0, ""topwt"": 0.0, ""grnwt"": 0.0, ""xlai"": 0.0, ""totir"": 0.0, ""tofer"": NaN, ""swfac"": 0.0, ""nstres"": 0.0}",0.0,0.0,0.0,0.0,0.0,0.0,,0.0,0.0,0.0,180.0,53.909130859375,53.909130859375,Leave_One_experiments/all_year_offline_schedule_search/daily_outputs/SYA/SYA_2022_SYA2022_normal_grid_S0028_daily.csv
SYA,SYA,Shenyang,2022,Leave_One_experiments\wth_generated_qc\SYA\SYA2022.WTH,wet_year;nitrogen_stress_year;low_response_year,wet,SYA2022_normal_grid_S0028,low_input_within_10pct_yield,2022-04-30,120,15,10,"{""sim_day"": 15.0, ""doy"": 120.0, ""topwt"": 0.0, ""grnwt"": 0.0, ""xlai"": 0.0, ""totir"": 0.0, ""tofer"": NaN, ""swfac"": 0.0, ""nstres"": 0.0}",0.0,0.0,0.0,0.0,0.0,0.0,,0.0,0.0,0.0,180.0,53.909130859375,53.909130859375,Leave_One_experiments/all_year_offline_schedule_search/daily_outputs/SYA/SYA_2022_SYA2022_normal_grid_S0028_daily.csv
SYA,SYA,Shenyang,2022,Leave_One_experiments\wth_generated_qc\SYA\SYA2022.WTH,wet_year;nitrogen_stress_year;low_response_year,wet,SYA2022_normal_grid_S0028,low_input_within_10pct_yield,2022-05-01,121,16,11,"{""sim_day"": 16.0, ""doy"": 121.0, ""topwt"": 0.0, ""grnwt"": 0.0, ""xlai"": 0.0, ""totir"": 0.0, ""tofer"": NaN, ""swfac"": 0.0, ""nstres"": 0.0}",0.0,0.0,0.0,0.0,0.0,0.0,,0.0,0.0,0.0,180.0,53.909130859375,53.909130859375,Leave_One_experiments/all_year_offline_schedule_search/daily_outputs/SYA/SYA_2022_SYA2022_normal_grid_S0028_daily.csv
SYA,SYA,Shenyang,2022,Leave_One_experiments\wth_generated_qc\SYA\SYA2022.WTH,wet_year;nitrogen_stress_year;low_response_year,wet,SYA2022_normal_grid_S0028,low_input_within_10pct_yield,2022-05-02,122,17,12,"{""sim_day"": 17.0, ""doy"": 122.0, ""topwt"": 17.600001096725464, ""grnwt"": 0.0, ""xlai"": 0.0018071295926347, ""totir"": 0.0, ""tofer"": NaN, ""swfac"": 0.0, ""nstres"": 0.0121910572052001}",0.0,0.0121910572052001,17.600001096725464,0.0,0.0018071295926347,0.0,,0.0,0.0,0.0,180.0,53.909130859375,53.909130859375,Leave_One_experiments/all_year_offline_schedule_search/daily_outputs/SYA/SYA_2022_SYA2022_normal_grid_S0028_daily.csv
SYA,SYA,Shenyang,2022,Leave_One_experiments\wth_generated_qc\SYA\SYA2022.WTH,wet_year;nitrogen_stress_year;low_response_year,wet,SYA2022_normal_grid_S0028,low_input_within_10pct_yield,2022-05-03,123,18,13,"{""sim_day"": 18.0, ""doy"": 123.0, ""topwt"": 17.600001096725464, ""grnwt"": 0.0, ""xlai"": 0.003558105090633, ""totir"": 0.0, ""tofer"": NaN, ""swfac"": 0.0, ""nstres"": 0.0121737718582153}",0.0,0.0121737718582153,17.600001096725464,0.0,0.003558105090633,0.0,,0.0,0.0,0.0,180.0,53.909130859375,53.909130859375,Leave_One_experiments/all_year_offline_schedule_search/daily_outputs/SYA/SYA_2022_SYA2022_normal_grid_S0028_daily.csv
SYA,SYA,Shenyang,2022,Leave_One_experiments\wth_generated_qc\SYA\SYA2022.WTH,wet_year;nitrogen_stress_year;low_response_year,wet,SYA2022_normal_grid_S0028,low_input_within_10pct_yield,2022-05-04,124,19,14,"{""sim_day"": 19.0, ""doy"": 124.0, ""topwt"": 17.600001096725464, ""grnwt"": 0.0, ""xlai"": 0.0056383982300758, ""totir"": 0.0, ""tofer"": NaN, ""swfac"": 0.0, ""nstres"": 0.0065042972564697}",0.0,0.0065042972564697,17.600001096725464,0.0,0.0056383982300758,0.0,,0.0,0.0,0.0,180.0,53.909130859375,53.909130859375,Leave_One_experiments/all_year_offline_schedule_search/daily_outputs/SYA/SYA_2022_SYA2022_normal_grid_S0028_daily.csv
SYA,SYA,Shenyang,2022,Leave_One_experiments\wth_generated_qc\SYA\SYA2022.WTH,wet_year;nitrogen_stress_year;low_response_year,wet,SYA2022_normal_grid_S0028,low_input_within_10pct_yield,2022-05-05,125,20,15,"{""sim_day"": 20.0, ""doy"": 125.0, ""topwt"": 17.600001096725464, ""grnwt"": 0.0, ""xlai"": 0.006789481267333, ""totir"": 0.0, ""tofer"": NaN, ""swfac"": 0.0, ""nstres"": 0.0034595727920532}",0.0,0.0034595727920532,17.600001096725464,0.0,0.006789481267333,0.0,,0.0,0.0,0.0,180.0,53.909130859375,53.909130859375,Leave_One_experiments/all_year_offline_schedule_search/daily_outputs/SYA/SYA_2022_SYA2022_normal_grid_S0028_daily.csv
SYA,SYA,Shenyang,2022,Leave_One_experiments\wth_generated_qc\SYA\SYA2022.WTH,wet_year;nitrogen_stress_year;low_response_year,wet,SYA2022_normal_grid_S0028,low_input_within_10pct_yield,2022-05-06,126,21,16,"{""sim_day"": 21.0, ""doy"": 126.0, ""topwt"": 17.600001096725464, ""grnwt"": 0.0, ""xlai"": 0.007667071186006, ""totir"": 0.0, ""tofer"": NaN, ""swfac"": 0.0, ""nstres"": 0.0012050867080688}",0.0,0.0012050867080688,17.600001096725464,0.0,0.007667071186006,0.0,,0.0,0.0,0.0,180.0,53.909130859375,53.909130859375,Leave_One_experiments/all_year_offline_schedule_search/daily_outputs/SYA/SYA_2022_SYA2022_normal_grid_S0028_daily.csv
SYA,SYA,Shenyang,2022,Leave_One_experiments\wth_generated_qc\SYA\SYA2022.WTH,wet_year;nitrogen_stress_year;low_response_year,wet,SYA2022_normal_grid_S0028,low_input_within_10pct_yield,2022-05-07,127,22,17,"{""sim_day"": 22.0, ""doy"": 127.0, ""topwt"": 17.600001096725464, ""grnwt"": 0.0, ""xlai"": 0.0087130293250083, ""totir"": 0.0, ""tofer"": NaN, ""swfac"": 0.0, ""nstres"": 0.0}",0.0,0.0,17.600001096725464,0.0,0.0087130293250083,0.0,,0.0,0.0,0.0,180.0,53.909130859375,53.909130859375,Leave_One_experiments/all_year_offline_schedule_search/daily_outputs/SYA/SYA_2022_SYA2022_normal_grid_S0028_daily.csv
SYA,SYA,Shenyang,2022,Leave_One_experiments\wth_generated_qc\SYA\SYA2022.WTH,wet_year;nitrogen_stress_year;low_response_year,wet,SYA2022_normal_grid_S0028,low_input_within_10pct_yield,2022-05-08,128,23,18,"{""sim_day"": 23.0, ""doy"": 128.0, ""topwt"": 17.600001096725464, ""grnwt"": 0.0, ""xlai"": 0.0101106306537985, ""totir"": 0.0, ""tofer"": NaN, ""swfac"": 0.0, ""nstres"": 0.0}",0.0,0.0,17.600001096725464,0.0,0.0101106306537985,0.0,,0.0,0.0,0.0,180.0,53.909130859375,53.909130859375,Leave_One_experiments/all_year_offline_schedule_search/daily_outputs/SYA/SYA_2022_SYA2022_normal_grid_S0028_daily.csv
SYA,SYA,Shenyang,2022,Leave_One_experiments\wth_generated_qc\SYA\SYA2022.WTH,wet_year;nitrogen_stress_year;low_response_year,wet,SYA2022_normal_grid_S0028,low_input_within_10pct_yield,2022-05-09,129,24,19,"{""sim_day"": 24.0, ""doy"": 129.0, ""topwt"": 17.600001096725464, ""grnwt"": 0.0, ""xlai"": 0.0115070734173059, ""totir"": 0.0, ""tofer"": NaN, ""swfac"": 0.0, ""nstres"": 0.0}",0.0,0.0,17.600001096725464,0.0,0.0115070734173059,0.0,,0.0,0.0,0.0,180.0,53.909130859375,53.909130859375,Leave_One_experiments/all_year_offline_schedule_search/daily_outputs/SYA/SYA_2022_SYA2022_normal_grid_S0028_daily.csv
SYA,SYA,Shenyang,2022,Leave_One_experiments\wth_generated_qc\SYA\SYA2022.WTH,wet_year;nitrogen_stress_year;low_response_year,wet,SYA2022_normal_grid_S0028,low_input_within_10pct_yield,2022-05-10,130,25,20,"{""sim_day"": 25.0, ""doy"": 130.0, ""topwt"": 17.600001096725464, ""grnwt"": 0.0, ""xlai"": 0.0124683212488889, ""totir"": 0.0, ""tofer"": NaN, ""swfac"": 0.0, ""nstres"": 0.0}",0.0,0.0,17.600001096725464,0.0,0.0124683212488889,0.0,,0.0,0.0,0.0,180.0,53.909130859375,53.909130859375,Leave_One_experiments/all_year_offline_schedule_search/daily_outputs/SYA/SYA_2022_SYA2022_normal_grid_S0028_daily.csv
SYA,SYA,Shenyang,2022,Leave_One_experiments\wth_generated_qc\SYA\SYA2022.WTH,wet_year;nitrogen_stress_year;low_response_year,wet,SYA2022_normal_grid_S0028,low_input_within_10pct_yield,2022-05-11,131,26,21,"{""sim_day"": 26.0, ""doy"": 131.0, ""topwt"": 17.600001096725464, ""grnwt"": 0.0, ""xlai"": 0.0153758497908711, ""totir"": 0.0, ""tofer"": NaN, ""swfac"": 0.0, ""nstres"": 0.0}",0.0,0.0,17.600001096725464,0.0,0.0153758497908711,0.0,,0.0,0.0,0.0,180.0,53.909130859375,53.909130859375,Leave_One_experiments/all_year_offline_schedule_search/daily_outputs/SYA/SYA_2022_SYA2022_normal_grid_S0028_daily.csv
SYA,SYA,Shenyang,2022,Leave_One_experiments\wth_generated_qc\SYA\SYA2022.WTH,wet_year;nitrogen_stress_year;low_response_year,wet,SYA2022_normal_grid_S0028,low_input_within_10pct_yield,2022-05-12,132,27,22,"{""sim_day"": 27.0, ""doy"": 132.0, ""topwt"": 17.600001096725464, ""grnwt"": 0.0, ""xlai"": 0.0191739797592163, ""totir"": 0.0, ""tofer"": NaN, ""swfac"": 0.0, ""nstres"": 0.0}",0.0,0.0,17.600001096725464,0.0,0.0191739797592163,0.0,,0.0,0.0,0.0,180.0,53.909130859375,53.909130859375,Leave_One_experiments/all_year_offline_schedule_search/daily_outputs/SYA/SYA_2022_SYA2022_normal_grid_S0028_daily.csv
SYA,SYA,Shenyang,2022,Leave_One_experiments\wth_generated_qc\SYA\SYA2022.WTH,wet_year;nitrogen_stress_year;low_response_year,wet,SYA2022_normal_grid_S0028,low_input_within_10pct_yield,2022-05-13,133,28,23,"{""sim_day"": 28.0, ""doy"": 133.0, ""topwt"": 17.600001096725464, ""grnwt"": 0.0, ""xlai"": 0.022767286747694, ""totir"": 0.0, ""tofer"": NaN, ""swfac"": 0.0, ""nstres"": 0.0}",0.0,0.0,17.600001096725464,0.0,0.022767286747694,0.0,,0.0,0.0,0.0,180.0,53.909130859375,53.909130859375,Leave_One_experiments/all_year_offline_schedule_search/daily_outputs/SYA/SYA_2022_SYA2022_normal_grid_S0028_daily.csv
SYA,SYA,Shenyang,2022,Leave_One_experiments\wth_generated_qc\SYA\SYA2022.WTH,wet_year;nitrogen_stress_year;low_response_year,wet,SYA2022_normal_grid_S0028,low_input_within_10pct_yield,2022-05-14,134,29,24,"{""sim_day"": 29.0, ""doy"": 134.0, ""topwt"": 17.600001096725464, ""grnwt"": 0.0, ""xlai"": 0.0290344711393117, ""totir"": 0.0, ""tofer"": NaN, ""swfac"": 0.0, ""nstres"": 0.0}",0.0,0.0,17.600001096725464,0.0,0.0290344711393117,0.0,,0.0,0.0,0.0,180.0,53.909130859375,53.909130859375,Leave_One_experiments/all_year_offline_schedule_search/daily_outputs/SYA/SYA_2022_SYA2022_normal_grid_S0028_daily.csv
SYA,SYA,Shenyang,2022,Leave_One_experiments\wth_generated_qc\SYA\SYA2022.WTH,wet_year;nitrogen_stress_year;low_response_year,wet,SYA2022_normal_grid_S0028,low_input_within_10pct_yield,2022-05-15,135,30,25,"{""sim_day"": 30.0, ""doy"": 135.0, ""topwt"": 19.940943717956543, ""grnwt"": 0.0, ""xlai"": 0.0363943949341774, ""totir"": 0.0, ""tofer"": NaN, ""swfac"": 0.0, ""nstres"": 0.0}",0.0,0.0,19.940943717956543,0.0,0.0363943949341774,0.0,,0.0,0.0,0.0,180.0,53.909130859375,53.909130859375,Leave_One_experiments/all_year_offline_schedule_search/daily_outputs/SYA/SYA_2022_SYA2022_normal_grid_S0028_daily.csv
SYA,SYA,Shenyang,2022,Leave_One_experiments\wth_generated_qc\SYA\SYA2022.WTH,wet_year;nitrogen_stress_year;low_response_year,wet,SYA2022_normal_grid_S0028,low_input_within_10pct_yield,2022-05-16,136,31,26,"{""sim_day"": 31.0, ""doy"": 136.0, ""topwt"": 23.856077194213867, ""grnwt"": 0.0, ""xlai"": 0.0462568514049053, ""totir"": 0.0, ""tofer"": NaN, ""swfac"": 0.0, ""nstres"": 0.0}",0.0,0.0,23.856077194213867,0.0,0.0462568514049053,0.0,,0.0,0.0,0.0,180.0,53.909130859375,53.909130859375,Leave_One_experiments/all_year_offline_schedule_search/daily_outputs/SYA/SYA_2022_SYA2022_normal_grid_S0028_daily.csv
SYA,SYA,Shenyang,2022,Leave_One_experiments\wth_generated_qc\SYA\SYA2022.WTH,wet_year;nitrogen_stress_year;low_response_year,wet,SYA2022_normal_grid_S0028,low_input_within_10pct_yield,2022-05-17,137,32,27,"{""sim_day"": 32.0, ""doy"": 137.0, ""topwt"": 28.457961082458496, ""grnwt"": 0.0, ""xlai"": 0.0571924187242984, ""totir"": 0.0, ""tofer"": NaN, ""swfac"": 0.0, ""nstres"": 0.0}",0.0,0.0,28.457961082458496,0.0,0.0571924187242984,0.0,,0.0,0.0,0.0,180.0,53.909130859375,53.909130859375,Leave_One_experiments/all_year_offline_schedule_search/daily_outputs/SYA/SYA_2022_SYA2022_normal_grid_S0028_daily.csv
SYA,SYA,Shenyang,2022,Leave_One_experiments\wth_generated_qc\SYA\SYA2022.WTH,wet_year;nitrogen_stress_year;low_response_year,wet,SYA2022_normal_grid_S0028,low_input_within_10pct_yield,2022-05-18,138,33,28,"{""sim_day"": 33.0, ""doy"": 138.0, ""topwt"": 34.61930990219116, ""grnwt"": 0.0, ""xlai"": 0.071037083864212, ""totir"": 0.0, ""tofer"": NaN, ""swfac"": 0.0, ""nstres"": 0.0}",0.0,0.0,34.61930990219116,0.0,0.071037083864212,0.0,,0.0,0.0,0.0,180.0,53.909130859375,53.909130859375,Leave_One_experiments/all_year_offline_schedule_search/daily_outputs/SYA/SYA_2022_SYA2022_normal_grid_S0028_daily.csv
SYA,SYA,Shenyang,2022,Leave_One_experiments\wth_generated_qc\SYA\SYA2022.WTH,wet_year;nitrogen_stress_year;low_response_year,wet,SYA2022_normal_grid_S0028,low_input_within_10pct_yield,2022-05-19,139,34,29,"{""sim_day"": 34.0, ""doy"": 139.0, ""topwt"": 41.75690174102783, ""grnwt"": 0.0, ""xlai"": 0.0862381905317306, ""totir"": 0.0, ""tofer"": NaN, ""swfac"": 0.0, ""nstres"": 0.0}",0.0,0.0,41.75690174102783,0.0,0.0862381905317306,0.0,,0.0,0.0,0.0,180.0,53.909130859375,53.909130859375,Leave_One_experiments/all_year_offline_schedule_search/daily_outputs/SYA/SYA_2022_SYA2022_normal_grid_S0028_daily.csv
SYA,SYA,Shenyang,2022,Leave_One_experiments\wth_generated_qc\SYA\SYA2022.WTH,wet_year;nitrogen_stress_year;low_response_year,wet,SYA2022_normal_grid_S0028,low_input_within_10pct_yield,2022-05-20,140,35,30,"{""sim_day"": 35.0, ""doy"": 140.0, ""topwt"": 50.91094493865967, ""grnwt"": 0.0, ""xlai"": 0.1047612652182579, ""totir"": 0.0, ""tofer"": NaN, ""swfac"": 0.0, ""nstres"": 0.0}",0.0,0.0,50.91094493865967,0.0,0.1047612652182579,0.0,,0.0,50.0,0.0,180.0,53.909130859375,53.909130859375,Leave_One_experiments/all_year_offline_schedule_search/daily_outputs/SYA/SYA_2022_SYA2022_normal_grid_S0028_daily.csv
SYA,SYA,Shenyang,2022,Leave_One_experiments\wth_generated_qc\SYA\SYA2022.WTH,wet_year;nitrogen_stress_year;low_response_year,wet,SYA2022_normal_grid_S0028,low_input_within_10pct_yield,2022-05-21,141,36,31,"{""sim_day"": 36.0, ""doy"": 141.0, ""topwt"": 61.37800216674805, ""grnwt"": 0.0, ""xlai"": 0.124932125210762, ""totir"": 0.0, ""tofer"": NaN, ""swfac"": 0.0, ""nstres"": 0.0}",0.0,0.0,61.37800216674805,0.0,0.124932125210762,0.0,,0.0,0.0,0.0,180.0,53.909130859375,53.909130859375,Leave_One_experiments/all_year_offline_schedule_search/daily_outputs/SYA/SYA_2022_SYA2022_normal_grid_S0028_daily.csv
SYA,SYA,Shenyang,2022,Leave_One_experiments\wth_generated_qc\SYA\SYA2022.WTH,wet_year;nitrogen_stress_year;low_response_year,wet,SYA2022_normal_grid_S0028,low_input_within_10pct_yield,2022-05-22,142,37,32,"{""sim_day"": 37.0, ""doy"": 142.0, ""topwt"": 74.87233638763428, ""grnwt"": 0.0, ""xlai"": 0.1497323811054229, ""totir"": 0.0, ""tofer"": NaN, ""swfac"": 0.0, ""nstres"": 0.0}",0.0,0.0,74.87233638763428,0.0,0.1497323811054229,0.0,,0.0,0.0,0.0,180.0,53.909130859375,53.909130859375,Leave_One_experiments/all_year_offline_schedule_search/daily_outputs/SYA/SYA_2022_SYA2022_normal_grid_S0028_daily.csv
SYA,SYA,Shenyang,2022,Leave_One_experiments\wth_generated_qc\SYA\SYA2022.WTH,wet_year;nitrogen_stress_year;low_response_year,wet,SYA2022_normal_grid_S0028,low_input_within_10pct_yield,2022-05-23,143,38,33,"{""sim_day"": 38.0, ""doy"": 143.0, ""topwt"": 87.34037399291992, ""grnwt"": 0.0, ""xlai"": 0.1834151297807693, ""totir"": 0.0, ""tofer"": NaN, ""swfac"": 0.0, ""nstres"": 0.0}",0.0,0.0,87.34037399291992,0.0,0.1834151297807693,0.0,,0.0,0.0,0.0,180.0,53.909130859375,53.909130859375,Leave_One_experiments/all_year_offline_schedule_search/daily_outputs/SYA/SYA_2022_SYA2022_normal_grid_S0028_daily.csv
SYA,SYA,Shenyang,2022,Leave_One_experiments\wth_generated_qc\SYA\SYA2022.WTH,wet_year;nitrogen_stress_year;low_response_year,wet,SYA2022_normal_grid_S0028,low_input_within_10pct_yield,2022-05-24,144,39,34,"{""sim_day"": 39.0, ""doy"": 144.0, ""topwt"": 98.46155166625977, ""grnwt"": 0.0, ""xlai"": 0.2037011384963989, ""totir"": 0.0, ""tofer"": NaN, ""swfac"": 0.0, ""nstres"": 0.0056544542312622}",0.0,0.0056544542312622,98.46155166625977,0.0,0.2037011384963989,0.0,,0.0,0.0,0.0,180.0,53.909130859375,53.909130859375,Leave_One_experiments/all_year_offline_schedule_search/daily_outputs/SYA/SYA_2022_SYA2022_normal_grid_S0028_daily.csv
SYA,SYA,Shenyang,2022,Leave_One_experiments\wth_generated_qc\SYA\SYA2022.WTH,wet_year;nitrogen_stress_year;low_response_year,wet,SYA2022_normal_grid_S0028,low_input_within_10pct_yield,2022-05-25,145,40,35,"{""sim_day"": 40.0, ""doy"": 145.0, ""topwt"": 105.32883644104004, ""grnwt"": 0.0, ""xlai"": 0.2159595191478729, ""totir"": 0.0, ""tofer"": NaN, ""swfac"": 0.0, ""nstres"": 0.0}",0.0,0.0,105.32883644104004,0.0,0.2159595191478729,0.0,,0.0,0.0,0.0,180.0,53.909130859375,53.909130859375,Leave_One_experiments/all_year_offline_schedule_search/daily_outputs/SYA/SYA_2022_SYA2022_normal_grid_S0028_daily.csv
SYA,SYA,Shenyang,2022,Leave_One_experiments\wth_generated_qc\SYA\SYA2022.WTH,wet_year;nitrogen_stress_year;low_response_year,wet,SYA2022_normal_grid_S0028,low_input_within_10pct_yield,2022-05-26,146,41,36,"{""sim_day"": 41.0, ""doy"": 146.0, ""topwt"": 121.06701850891112, ""grnwt"": 0.0, ""xlai"": 0.243386909365654, ""totir"": 0.0, ""tofer"": NaN, ""swfac"": 0.0, ""nstres"": 0.0}",0.0,0.0,121.06701850891112,0.0,0.243386909365654,0.0,,0.0,0.0,0.0,180.0,53.909130859375,53.909130859375,Leave_One_experiments/all_year_offline_schedule_search/daily_outputs/SYA/SYA_2022_SYA2022_normal_grid_S0028_daily.csv
SYA,SYA,Shenyang,2022,Leave_One_experiments\wth_generated_qc\SYA\SYA2022.WTH,wet_year;nitrogen_stress_year;low_response_year,wet,SYA2022_normal_grid_S0028,low_input_within_10pct_yield,2022-05-27,147,42,37,"{""sim_day"": 42.0, ""doy"": 147.0, ""topwt"": 144.544095993042, ""grnwt"": 0.0, ""xlai"": 0.2828387320041656, ""totir"": 0.0, ""tofer"": NaN, ""swfac"": 0.0, ""nstres"": 0.0}",0.0,0.0,144.544095993042,0.0,0.2828387320041656,0.0,,0.0,0.0,0.0,180.0,53.909130859375,53.909130859375,Leave_One_experiments/all_year_offline_schedule_search/daily_outputs/SYA/SYA_2022_SYA2022_normal_grid_S0028_daily.csv
SYA,SYA,Shenyang,2022,Leave_One_experiments\wth_generated_qc\SYA\SYA2022.WTH,wet_year;nitrogen_stress_year;low_response_year,wet,SYA2022_normal_grid_S0028,low_input_within_10pct_yield,2022-05-28,148,43,38,"{""sim_day"": 43.0, ""doy"": 148.0, ""topwt"": 164.7563362121582, ""grnwt"": 0.0, ""xlai"": 0.315638780593872, ""totir"": 0.0, ""tofer"": NaN, ""swfac"": 0.0, ""nstres"": 0.0}",0.0,0.0,164.7563362121582,0.0,0.315638780593872,0.0,,0.0,0.0,0.0,180.0,53.909130859375,53.909130859375,Leave_One_experiments/all_year_offline_schedule_search/daily_outputs/SYA/SYA_2022_SYA2022_normal_grid_S0028_daily.csv
SYA,SYA,Shenyang,2022,Leave_One_experiments\wth_generated_qc\SYA\SYA2022.WTH,wet_year;nitrogen_stress_year;low_response_year,wet,SYA2022_normal_grid_S0028,low_input_within_10pct_yield,2022-05-29,149,44,39,"{""sim_day"": 44.0, ""doy"": 149.0, ""topwt"": 180.51258087158203, ""grnwt"": 0.0, ""xlai"": 0.340573787689209, ""totir"": 0.0, ""tofer"": NaN, ""swfac"": 0.0, ""nstres"": 0.0}",0.0,0.0,180.51258087158203,0.0,0.340573787689209,0.0,,0.0,0.0,0.0,180.0,53.909130859375,53.909130859375,Leave_One_experiments/all_year_offline_schedule_search/daily_outputs/SYA/SYA_2022_SYA2022_normal_grid_S0028_daily.csv
SYA,SYA,Shenyang,2022,Leave_One_experiments\wth_generated_qc\SYA\SYA2022.WTH,wet_year;nitrogen_stress_year;low_response_year,wet,SYA2022_normal_grid_S0028,low_input_within_10pct_yield,2022-05-30,150,45,40,"{""sim_day"": 45.0, ""doy"": 150.0, ""topwt"": 198.6165809631348, ""grnwt"": 0.0, ""xlai"": 0.3686260879039764, ""totir"": 0.0, ""tofer"": NaN, ""swfac"": 0.0, ""nstres"": 0.0}",0.0,0.0,198.6165809631348,0.0,0.3686260879039764,0.0,,0.0,0.0,0.0,180.0,53.909130859375,53.909130859375,Leave_One_experiments/all_year_offline_schedule_search/daily_outputs/SYA/SYA_2022_SYA2022_normal_grid_S0028_daily.csv
SYA,SYA,Shenyang,2022,Leave_One_experiments\wth_generated_qc\SYA\SYA2022.WTH,wet_year;nitrogen_stress_year;low_response_year,wet,SYA2022_normal_grid_S0028,low_input_within_10pct_yield,2022-05-31,151,46,41,"{""sim_day"": 46.0, ""doy"": 151.0, ""topwt"": 225.09353637695312, ""grnwt"": 0.0, ""xlai"": 0.4086444973945617, ""totir"": 0.0, ""tofer"": NaN, ""swfac"": 0.0, ""nstres"": 0.0}",0.0,0.0,225.09353637695312,0.0,0.4086444973945617,0.0,,0.0,0.0,0.0,180.0,53.909130859375,53.909130859375,Leave_One_experiments/all_year_offline_schedule_search/daily_outputs/SYA/SYA_2022_SYA2022_normal_grid_S0028_daily.csv
SYA,SYA,Shenyang,2022,Leave_One_experiments\wth_generated_qc\SYA\SYA2022.WTH,wet_year;nitrogen_stress_year;low_response_year,wet,SYA2022_normal_grid_S0028,low_input_within_10pct_yield,2022-06-01,152,47,42,"{""sim_day"": 47.0, ""doy"": 152.0, ""topwt"": 255.35955429077148, ""grnwt"": 0.0, ""xlai"": 0.4531169831752777, ""totir"": 0.0, ""tofer"": NaN, ""swfac"": 0.0, ""nstres"": 0.0}",0.0,0.0,255.35955429077148,0.0,0.4531169831752777,0.0,,0.0,0.0,0.0,180.0,53.909130859375,53.909130859375,Leave_One_experiments/all_year_offline_schedule_search/daily_outputs/SYA/SYA_2022_SYA2022_normal_grid_S0028_daily.csv
SYA,SYA,Shenyang,2022,Leave_One_experiments\wth_generated_qc\SYA\SYA2022.WTH,wet_year;nitrogen_stress_year;low_response_year,wet,SYA2022_normal_grid_S0028,low_input_within_10pct_yield,2022-06-02,153,48,43,"{""sim_day"": 48.0, ""doy"": 153.0, ""topwt"": 286.391716003418, ""grnwt"": 0.0, ""xlai"": 0.4951009154319763, ""totir"": 0.0, ""tofer"": NaN, ""swfac"": 0.0, ""nstres"": 0.0}",0.0,0.0,286.391716003418,0.0,0.4951009154319763,0.0,,0.0,0.0,0.0,180.0,53.909130859375,53.909130859375,Leave_One_experiments/all_year_offline_schedule_search/daily_outputs/SYA/SYA_2022_SYA2022_normal_grid_S0028_daily.csv
SYA,SYA,Shenyang,2022,Leave_One_experiments\wth_generated_qc\SYA\SYA2022.WTH,wet_year;nitrogen_stress_year;low_response_year,wet,SYA2022_normal_grid_S0028,low_input_within_10pct_yield,2022-06-03,154,49,44,"{""sim_day"": 49.0, ""doy"": 154.0, ""topwt"": 306.7122268676758, ""grnwt"": 0.0, ""xlai"": 0.5247762799263, ""totir"": 0.0, ""tofer"": NaN, ""swfac"": 0.0, ""nstres"": 0.0}",0.0,0.0,306.7122268676758,0.0,0.5247762799263,0.0,,0.0,0.0,0.0,180.0,53.909130859375,53.909130859375,Leave_One_experiments/all_year_offline_schedule_search/daily_outputs/SYA/SYA_2022_SYA2022_normal_grid_S0028_daily.csv
SYA,SYA,Shenyang,2022,Leave_One_experiments\wth_generated_qc\SYA\SYA2022.WTH,wet_year;nitrogen_stress_year;low_response_year,wet,SYA2022_normal_grid_S0028,low_input_within_10pct_yield,2022-06-04,155,50,45,"{""sim_day"": 50.0, ""doy"": 155.0, ""topwt"": 338.3806610107422, ""grnwt"": 0.0, ""xlai"": 0.5699594020843506, ""totir"": 0.0, ""tofer"": NaN, ""swfac"": 0.0, ""nstres"": 0.0}",0.0,0.0,338.3806610107422,0.0,0.5699594020843506,0.0,,0.0,0.0,0.0,180.0,53.909130859375,53.909130859375,Leave_One_experiments/all_year_offline_schedule_search/daily_outputs/SYA/SYA_2022_SYA2022_normal_grid_S0028_daily.csv
SYA,SYA,Shenyang,2022,Leave_One_experiments\wth_generated_qc\SYA\SYA2022.WTH,wet_year;nitrogen_stress_year;low_response_year,wet,SYA2022_normal_grid_S0028,low_input_within_10pct_yield,2022-06-05,156,51,46,"{""sim_day"": 51.0, ""doy"": 156.0, ""topwt"": 365.0566101074219, ""grnwt"": 0.0, ""xlai"": 0.6071091294288635, ""totir"": 0.0, ""tofer"": NaN, ""swfac"": 0.0, ""nstres"": 0.0}",0.0,0.0,365.0566101074219,0.0,0.6071091294288635,0.0,,0.0,0.0,0.0,180.0,53.909130859375,53.909130859375,Leave_One_experiments/all_year_offline_schedule_search/daily_outputs/SYA/SYA_2022_SYA2022_normal_grid_S0028_daily.csv
SYA,SYA,Shenyang,2022,Leave_One_experiments\wth_generated_qc\SYA\SYA2022.WTH,wet_year;nitrogen_stress_year;low_response_year,wet,SYA2022_normal_grid_S0028,low_input_within_10pct_yield,2022-06-06,157,52,47,"{""sim_day"": 52.0, ""doy"": 157.0, ""topwt"": 381.36043548583984, ""grnwt"": 0.0, ""xlai"": 0.6293720602989197, ""totir"": 0.0, ""tofer"": NaN, ""swfac"": 0.0, ""nstres"": 0.0}",0.0,0.0,381.36043548583984,0.0,0.6293720602989197,0.0,,0.0,0.0,0.0,180.0,53.909130859375,53.909130859375,Leave_One_experiments/all_year_offline_schedule_search/daily_outputs/SYA/SYA_2022_SYA2022_normal_grid_S0028_daily.csv
SYA,SYA,Shenyang,2022,Leave_One_experiments\wth_generated_qc\SYA\SYA2022.WTH,wet_year;nitrogen_stress_year;low_response_year,wet,SYA2022_normal_grid_S0028,low_input_within_10pct_yield,2022-06-07,158,53,48,"{""sim_day"": 53.0, ""doy"": 158.0, ""topwt"": 395.1731491088867, ""grnwt"": 0.0, ""xlai"": 0.6479045152664185, ""totir"": 0.0, ""tofer"": NaN, ""swfac"": 0.0, ""nstres"": 0.0}",0.0,0.0,395.1731491088867,0.0,0.6479045152664185,0.0,,0.0,0.0,0.0,180.0,53.909130859375,53.909130859375,Leave_One_experiments/all_year_offline_schedule_search/daily_outputs/SYA/SYA_2022_SYA2022_normal_grid_S0028_daily.csv
SYA,SYA,Shenyang,2022,Leave_One_experiments\wth_generated_qc\SYA\SYA2022.WTH,wet_year;nitrogen_stress_year;low_response_year,wet,SYA2022_normal_grid_S0028,low_input_within_10pct_yield,2022-06-08,159,54,49,"{""sim_day"": 54.0, ""doy"": 159.0, ""topwt"": 416.3983154296875, ""grnwt"": 0.0, ""xlai"": 0.6758006811141968, ""totir"": 0.0, ""tofer"": NaN, ""swfac"": 0.0, ""nstres"": 0.0}",0.0,0.0,416.3983154296875,0.0,0.6758006811141968,0.0,,0.0,0.0,0.0,180.0,53.909130859375,53.909130859375,Leave_One_experiments/all_year_offline_schedule_search/daily_outputs/SYA/SYA_2022_SYA2022_normal_grid_S0028_daily.csv
SYA,SYA,Shenyang,2022,Leave_One_experiments\wth_generated_qc\SYA\SYA2022.WTH,wet_year;nitrogen_stress_year;low_response_year,wet,SYA2022_normal_grid_S0028,low_input_within_10pct_yield,2022-06-09,160,55,50,"{""sim_day"": 55.0, ""doy"": 160.0, ""topwt"": 447.29907989501953, ""grnwt"": 0.0, ""xlai"": 0.7153080105781555, ""totir"": 0.0, ""tofer"": NaN, ""swfac"": 0.0, ""nstres"": 0.0}",0.0,0.0,447.29907989501953,0.0,0.7153080105781555,0.0,,0.0,0.0,0.0,180.0,53.909130859375,53.909130859375,Leave_One_experiments/all_year_offline_schedule_search/daily_outputs/SYA/SYA_2022_SYA2022_normal_grid_S0028_daily.csv
SYA,SYA,Shenyang,2022,Leave_One_experiments\wth_generated_qc\SYA\SYA2022.WTH,wet_year;nitrogen_stress_year;low_response_year,wet,SYA2022_normal_grid_S0028,low_input_within_10pct_yield,2022-06-10,161,56,51,"{""sim_day"": 56.0, ""doy"": 161.0, ""topwt"": 476.8960952758789, ""grnwt"": 0.0, ""xlai"": 0.7519701719284058, ""totir"": 0.0, ""tofer"": NaN, ""swfac"": 0.0, ""nstres"": 0.0}",0.0,0.0,476.8960952758789,0.0,0.7519701719284058,0.0,,0.0,0.0,0.0,180.0,53.909130859375,53.909130859375,Leave_One_experiments/all_year_offline_schedule_search/daily_outputs/SYA/SYA_2022_SYA2022_normal_grid_S0028_daily.csv
SYA,SYA,Shenyang,2022,Leave_One_experiments\wth_generated_qc\SYA\SYA2022.WTH,wet_year;nitrogen_stress_year;low_response_year,wet,SYA2022_normal_grid_S0028,low_input_within_10pct_yield,2022-06-11,162,57,52,"{""sim_day"": 57.0, ""doy"": 162.0, ""topwt"": 510.8266067504883, ""grnwt"": 0.0, ""xlai"": 0.7926638722419739, ""totir"": 0.0, ""tofer"": NaN, ""swfac"": 0.0, ""nstres"": 0.0}",0.0,0.0,510.8266067504883,0.0,0.7926638722419739,0.0,,0.0,0.0,0.0,180.0,53.909130859375,53.909130859375,Leave_One_experiments/all_year_offline_schedule_search/daily_outputs/SYA/SYA_2022_SYA2022_normal_grid_S0028_daily.csv
SYA,SYA,Shenyang,2022,Leave_One_experiments\wth_generated_qc\SYA\SYA2022.WTH,wet_year;nitrogen_stress_year;low_response_year,wet,SYA2022_normal_grid_S0028,low_input_within_10pct_yield,2022-06-12,163,58,53,"{""sim_day"": 58.0, ""doy"": 163.0, ""topwt"": 554.2499160766602, ""grnwt"": 0.0, ""xlai"": 0.8429299592971802, ""totir"": 0.0, ""tofer"": NaN, ""swfac"": 0.0, ""nstres"": 0.0}",0.0,0.0,554.2499160766602,0.0,0.8429299592971802,0.0,,0.0,0.0,0.0,180.0,53.909130859375,53.909130859375,Leave_One_experiments/all_year_offline_schedule_search/daily_outputs/SYA/SYA_2022_SYA2022_normal_grid_S0028_daily.csv
SYA,SYA,Shenyang,2022,Leave_One_experiments\wth_generated_qc\SYA\SYA2022.WTH,wet_year;nitrogen_stress_year;low_response_year,wet,SYA2022_normal_grid_S0028,low_input_within_10pct_yield,2022-06-13,164,59,54,"{""sim_day"": 59.0, ""doy"": 164.0, ""topwt"": 607.0116424560547, ""grnwt"": 0.0, ""xlai"": 0.901745080947876, ""totir"": 0.0, ""tofer"": NaN, ""swfac"": 0.0, ""nstres"": 0.0}",0.0,0.0,607.0116424560547,0.0,0.901745080947876,0.0,,0.0,0.0,0.0,180.0,53.909130859375,53.909130859375,Leave_One_experiments/all_year_offline_schedule_search/daily_outputs/SYA/SYA_2022_SYA2022_normal_grid_S0028_daily.csv
SYA,SYA,Shenyang,2022,Leave_One_experiments\wth_generated_qc\SYA\SYA2022.WTH,wet_year;nitrogen_stress_year;low_response_year,wet,SYA2022_normal_grid_S0028,low_input_within_10pct_yield,2022-06-14,165,60,55,"{""sim_day"": 60.0, ""doy"": 165.0, ""topwt"": 666.5549468994141, ""grnwt"": 0.0, ""xlai"": 0.965437352657318, ""totir"": 0.0, ""tofer"": NaN, ""swfac"": 0.0, ""nstres"": 0.0}",0.0,0.0,666.5549468994141,0.0,0.965437352657318,0.0,,0.0,0.0,0.0,180.0,53.909130859375,53.909130859375,Leave_One_experiments/all_year_offline_schedule_search/daily_outputs/SYA/SYA_2022_SYA2022_normal_grid_S0028_daily.csv
SYA,SYA,Shenyang,2022,Leave_One_experiments\wth_generated_qc\SYA\SYA2022.WTH,wet_year;nitrogen_stress_year;low_response_year,wet,SYA2022_normal_grid_S0028,low_input_within_10pct_yield,2022-06-15,166,61,56,"{""sim_day"": 61.0, ""doy"": 166.0, ""topwt"": 733.8859558105469, ""grnwt"": 0.0, ""xlai"": 1.0343865156173706, ""totir"": 0.0, ""tofer"": NaN, ""swfac"": 0.0, ""nstres"": 0.0}",0.0,0.0,733.8859558105469,0.0,1.0343865156173706,0.0,,0.0,0.0,0.0,180.0,53.909130859375,53.909130859375,Leave_One_experiments/all_year_offline_schedule_search/daily_outputs/SYA/SYA_2022_SYA2022_normal_grid_S0028_daily.csv
SYA,SYA,Shenyang,2022,Leave_One_experiments\wth_generated_qc\SYA\SYA2022.WTH,wet_year;nitrogen_stress_year;low_response_year,wet,SYA2022_normal_grid_S0028,low_input_within_10pct_yield,2022-06-16,167,62,57,"{""sim_day"": 62.0, ""doy"": 167.0, ""topwt"": 820.5275726318359, ""grnwt"": 0.0, ""xlai"": 1.1185640096664429, ""totir"": 0.0, ""tofer"": NaN, ""swfac"": 0.0, ""nstres"": 0.0}",0.0,0.0,820.5275726318359,0.0,1.1185640096664429,0.0,,0.0,0.0,0.0,180.0,53.909130859375,53.909130859375,Leave_One_experiments/all_year_offline_schedule_search/daily_outputs/SYA/SYA_2022_SYA2022_normal_grid_S0028_daily.csv
SYA,SYA,Shenyang,2022,Leave_One_experiments\wth_generated_qc\SYA\SYA2022.WTH,wet_year;nitrogen_stress_year;low_response_year,wet,SYA2022_normal_grid_S0028,low_input_within_10pct_yield,2022-06-17,168,63,58,"{""sim_day"": 63.0, ""doy"": 168.0, ""topwt"": 904.8114013671876, ""grnwt"": 0.0, ""xlai"": 1.1963444948196411, ""totir"": 0.0, ""tofer"": NaN, ""swfac"": 0.0, ""nstres"": 0.0}",0.0,0.0,904.8114013671876,0.0,1.1963444948196411,0.0,,0.0,0.0,0.0,180.0,53.909130859375,53.909130859375,Leave_One_experiments/all_year_offline_schedule_search/daily_outputs/SYA/SYA_2022_SYA2022_normal_grid_S0028_daily.csv
SYA,SYA,Shenyang,2022,Leave_One_experiments\wth_generated_qc\SYA\SYA2022.WTH,wet_year;nitrogen_stress_year;low_response_year,wet,SYA2022_normal_grid_S0028,low_input_within_10pct_yield,2022-06-18,169,64,59,"{""sim_day"": 64.0, ""doy"": 169.0, ""topwt"": 1000.9185028076172, ""grnwt"": 0.0, ""xlai"": 1.280346393585205, ""totir"": 0.0, ""tofer"": NaN, ""swfac"": 0.0, ""nstres"": 0.0}",0.0,0.0,1000.9185028076172,0.0,1.280346393585205,0.0,,0.0,0.0,0.0,180.0,53.909130859375,53.909130859375,Leave_One_experiments/all_year_offline_schedule_search/daily_outputs/SYA/SYA_2022_SYA2022_normal_grid_S0028_daily.csv
SYA,SYA,Shenyang,2022,Leave_One_experiments\wth_generated_qc\SYA\SYA2022.WTH,wet_year;nitrogen_stress_year;low_response_year,wet,SYA2022_normal_grid_S0028,low_input_within_10pct_yield,2022-06-19,170,65,60,"{""sim_day"": 65.0, ""doy"": 170.0, ""topwt"": 1109.4078063964844, ""grnwt"": 0.0, ""xlai"": 1.3697993755340576, ""totir"": 0.0, ""tofer"": NaN, ""swfac"": 0.0, ""nstres"": 0.0}",0.0,0.0,1109.4078063964844,0.0,1.3697993755340576,0.0,,0.0,50.0,0.0,180.0,53.909130859375,53.909130859375,Leave_One_experiments/all_year_offline_schedule_search/daily_outputs/SYA/SYA_2022_SYA2022_normal_grid_S0028_daily.csv
SYA,SYA,Shenyang,2022,Leave_One_experiments\wth_generated_qc\SYA\SYA2022.WTH,wet_year;nitrogen_stress_year;low_response_year,wet,SYA2022_normal_grid_S0028,low_input_within_10pct_yield,2022-06-20,171,66,61,"{""sim_day"": 66.0, ""doy"": 171.0, ""topwt"": 1157.871322631836, ""grnwt"": 0.0, ""xlai"": 1.4076590538024902, ""totir"": 0.0, ""tofer"": NaN, ""swfac"": 0.0, ""nstres"": 0.0}",0.0,0.0,1157.871322631836,0.0,1.4076590538024902,0.0,,0.0,0.0,0.0,180.0,53.909130859375,53.909130859375,Leave_One_experiments/all_year_offline_schedule_search/daily_outputs/SYA/SYA_2022_SYA2022_normal_grid_S0028_daily.csv
SYA,SYA,Shenyang,2022,Leave_One_experiments\wth_generated_qc\SYA\SYA2022.WTH,wet_year;nitrogen_stress_year;low_response_year,wet,SYA2022_normal_grid_S0028,low_input_within_10pct_yield,2022-06-21,172,67,62,"{""sim_day"": 67.0, ""doy"": 172.0, ""topwt"": 1215.762176513672, ""grnwt"": 0.0, ""xlai"": 1.4508051872253418, ""totir"": 0.0, ""tofer"": NaN, ""swfac"": 0.0, ""nstres"": 0.0}",0.0,0.0,1215.762176513672,0.0,1.4508051872253418,0.0,,0.0,0.0,0.0,180.0,53.909130859375,53.909130859375,Leave_One_experiments/all_year_offline_schedule_search/daily_outputs/SYA/SYA_2022_SYA2022_normal_grid_S0028_daily.csv
SYA,SYA,Shenyang,2022,Leave_One_experiments\wth_generated_qc\SYA\SYA2022.WTH,wet_year;nitrogen_stress_year;low_response_year,wet,SYA2022_normal_grid_S0028,low_input_within_10pct_yield,2022-06-22,173,68,63,"{""sim_day"": 68.0, ""doy"": 173.0, ""topwt"": 1329.9838256835938, ""grnwt"": 0.0, ""xlai"": 1.531787395477295, ""totir"": 0.0, ""tofer"": NaN, ""swfac"": 0.0, ""nstres"": 0.0}",0.0,0.0,1329.9838256835938,0.0,1.531787395477295,0.0,,0.0,0.0,0.0,180.0,53.909130859375,53.909130859375,Leave_One_experiments/all_year_offline_schedule_search/daily_outputs/SYA/SYA_2022_SYA2022_normal_grid_S0028_daily.csv
SYA,SYA,Shenyang,2022,Leave_One_experiments\wth_generated_qc\SYA\SYA2022.WTH,wet_year;nitrogen_stress_year;low_response_year,wet,SYA2022_normal_grid_S0028,low_input_within_10pct_yield,2022-06-23,174,69,64,"{""sim_day"": 69.0, ""doy"": 174.0, ""topwt"": 1446.1558532714844, ""grnwt"": 0.0, ""xlai"": 1.6099379062652588, ""totir"": 0.0, ""tofer"": NaN, ""swfac"": 0.0, ""nstres"": 0.0}",0.0,0.0,1446.1558532714844,0.0,1.6099379062652588,0.0,,0.0,0.0,0.0,180.0,53.909130859375,53.909130859375,Leave_One_experiments/all_year_offline_schedule_search/daily_outputs/SYA/SYA_2022_SYA2022_normal_grid_S0028_daily.csv
SYA,SYA,Shenyang,2022,Leave_One_experiments\wth_generated_qc\SYA\SYA2022.WTH,wet_year;nitrogen_stress_year;low_response_year,wet,SYA2022_normal_grid_S0028,low_input_within_10pct_yield,2022-06-24,175,70,65,"{""sim_day"": 70.0, ""doy"": 175.0, ""topwt"": 1573.2235717773438, ""grnwt"": 0.0, ""xlai"": 1.6909505128860474, ""totir"": 0.0, ""tofer"": NaN, ""swfac"": 0.0, ""nstres"": 0.0}",0.0,0.0,1573.2235717773438,0.0,1.6909505128860474,0.0,,0.0,0.0,0.0,180.0,53.909130859375,53.909130859375,Leave_One_experiments/all_year_offline_schedule_search/daily_outputs/SYA/SYA_2022_SYA2022_normal_grid_S0028_daily.csv
SYA,SYA,Shenyang,2022,Leave_One_experiments\wth_generated_qc\SYA\SYA2022.WTH,wet_year;nitrogen_stress_year;low_response_year,wet,SYA2022_normal_grid_S0028,low_input_within_10pct_yield,2022-06-25,176,71,66,"{""sim_day"": 71.0, ""doy"": 176.0, ""topwt"": 1707.3428344726562, ""grnwt"": 0.0, ""xlai"": 1.771803617477417, ""totir"": 0.0, ""tofer"": NaN, ""swfac"": 0.0, ""nstres"": 0.0}",0.0,0.0,1707.3428344726562,0.0,1.771803617477417,0.0,,0.0,0.0,0.0,180.0,53.909130859375,53.909130859375,Leave_One_experiments/all_year_offline_schedule_search/daily_outputs/SYA/SYA_2022_SYA2022_normal_grid_S0028_daily.csv
SYA,SYA,Shenyang,2022,Leave_One_experiments\wth_generated_qc\SYA\SYA2022.WTH,wet_year;nitrogen_stress_year;low_response_year,wet,SYA2022_normal_grid_S0028,low_input_within_10pct_yield,2022-06-26,177,72,67,"{""sim_day"": 72.0, ""doy"": 177.0, ""topwt"": 1776.9729614257812, ""grnwt"": 0.0, ""xlai"": 1.8115419149398804, ""totir"": 0.0, ""tofer"": NaN, ""swfac"": 0.0, ""nstres"": 0.0}",0.0,0.0,1776.9729614257812,0.0,1.8115419149398804,0.0,,0.0,0.0,0.0,180.0,53.909130859375,53.909130859375,Leave_One_experiments/all_year_offline_schedule_search/daily_outputs/SYA/SYA_2022_SYA2022_normal_grid_S0028_daily.csv
SYA,SYA,Shenyang,2022,Leave_One_experiments\wth_generated_qc\SYA\SYA2022.WTH,wet_year;nitrogen_stress_year;low_response_year,wet,SYA2022_normal_grid_S0028,low_input_within_10pct_yield,2022-06-27,178,73,68,"{""sim_day"": 73.0, ""doy"": 178.0, ""topwt"": 1895.185089111328, ""grnwt"": 0.0, ""xlai"": 1.8757853507995603, ""totir"": 0.0, ""tofer"": NaN, ""swfac"": 0.0, ""nstres"": 0.0}",0.0,0.0,1895.185089111328,0.0,1.8757853507995603,0.0,,0.0,0.0,0.0,180.0,53.909130859375,53.909130859375,Leave_One_experiments/all_year_offline_schedule_search/daily_outputs/SYA/SYA_2022_SYA2022_normal_grid_S0028_daily.csv
SYA,SYA,Shenyang,2022,Leave_One_experiments\wth_generated_qc\SYA\SYA2022.WTH,wet_year;nitrogen_stress_year;low_response_year,wet,SYA2022_normal_grid_S0028,low_input_within_10pct_yield,2022-06-28,179,74,69,"{""sim_day"": 74.0, ""doy"": 179.0, ""topwt"": 2017.2503662109373, ""grnwt"": 0.0, ""xlai"": 1.9386800527572632, ""totir"": 0.0, ""tofer"": NaN, ""swfac"": 0.0, ""nstres"": 0.0}",0.0,0.0,2017.2503662109373,0.0,1.9386800527572632,0.0,,0.0,0.0,0.0,180.0,53.909130859375,53.909130859375,Leave_One_experiments/all_year_offline_schedule_search/daily_outputs/SYA/SYA_2022_SYA2022_normal_grid_S0028_daily.csv
SYA,SYA,Shenyang,2022,Leave_One_experiments\wth_generated_qc\SYA\SYA2022.WTH,wet_year;nitrogen_stress_year;low_response_year,wet,SYA2022_normal_grid_S0028,low_input_within_10pct_yield,2022-06-29,180,75,70,"{""sim_day"": 75.0, ""doy"": 180.0, ""topwt"": 2282.567596435547, ""grnwt"": 0.0, ""xlai"": 2.097660779953003, ""totir"": 0.0, ""tofer"": NaN, ""swfac"": 0.0, ""nstres"": 0.0}",0.0,0.0,2282.567596435547,0.0,2.097660779953003,0.0,,0.0,0.0,0.0,180.0,53.909130859375,53.909130859375,Leave_One_experiments/all_year_offline_schedule_search/daily_outputs/SYA/SYA_2022_SYA2022_normal_grid_S0028_daily.csv
SYA,SYA,Shenyang,2022,Leave_One_experiments\wth_generated_qc\SYA\SYA2022.WTH,wet_year;nitrogen_stress_year;low_response_year,wet,SYA2022_normal_grid_S0028,low_input_within_10pct_yield,2022-06-30,181,76,71,"{""sim_day"": 76.0, ""doy"": 181.0, ""topwt"": 2394.048309326172, ""grnwt"": 0.0, ""xlai"": 2.150369882583618, ""totir"": 0.0, ""tofer"": NaN, ""swfac"": 0.0, ""nstres"": 0.0}",0.0,0.0,2394.048309326172,0.0,2.150369882583618,0.0,,0.0,0.0,0.0,180.0,53.909130859375,53.909130859375,Leave_One_experiments/all_year_offline_schedule_search/daily_outputs/SYA/SYA_2022_SYA2022_normal_grid_S0028_daily.csv
SYA,SYA,Shenyang,2022,Leave_One_experiments\wth_generated_qc\SYA\SYA2022.WTH,wet_year;nitrogen_stress_year;low_response_year,wet,SYA2022_normal_grid_S0028,low_input_within_10pct_yield,2022-07-01,182,77,72,"{""sim_day"": 77.0, ""doy"": 182.0, ""topwt"": 2471.5704345703125, ""grnwt"": 0.0, ""xlai"": 2.1822783946990967, ""totir"": 0.0, ""tofer"": NaN, ""swfac"": 0.0, ""nstres"": 0.0}",0.0,0.0,2471.5704345703125,0.0,2.1822783946990967,0.0,,0.0,0.0,0.0,180.0,53.909130859375,53.909130859375,Leave_One_experiments/all_year_offline_schedule_search/daily_outputs/SYA/SYA_2022_SYA2022_normal_grid_S0028_daily.csv
SYA,SYA,Shenyang,2022,Leave_One_experiments\wth_generated_qc\SYA\SYA2022.WTH,wet_year;nitrogen_stress_year;low_response_year,wet,SYA2022_normal_grid_S0028,low_input_within_10pct_yield,2022-07-02,183,78,73,"{""sim_day"": 78.0, ""doy"": 183.0, ""topwt"": 2599.7625732421875, ""grnwt"": 0.0, ""xlai"": 2.229797601699829, ""totir"": 0.0, ""tofer"": NaN, ""swfac"": 0.0, ""nstres"": 0.0}",0.0,0.0,2599.7625732421875,0.0,2.229797601699829,0.0,,0.0,0.0,0.0,180.0,53.909130859375,53.909130859375,Leave_One_experiments/all_year_offline_schedule_search/daily_outputs/SYA/SYA_2022_SYA2022_normal_grid_S0028_daily.csv
SYA,SYA,Shenyang,2022,Leave_One_experiments\wth_generated_qc\SYA\SYA2022.WTH,wet_year;nitrogen_stress_year;low_response_year,wet,SYA2022_normal_grid_S0028,low_input_within_10pct_yield,2022-07-03,184,79,74,"{""sim_day"": 79.0, ""doy"": 184.0, ""topwt"": 2731.756591796875, ""grnwt"": 0.0, ""xlai"": 2.27471137046814, ""totir"": 0.0, ""tofer"": NaN, ""swfac"": 0.0, ""nstres"": 0.0}",0.0,0.0,2731.756591796875,0.0,2.27471137046814,0.0,,0.0,0.0,0.0,180.0,53.909130859375,53.909130859375,Leave_One_experiments/all_year_offline_schedule_search/daily_outputs/SYA/SYA_2022_SYA2022_normal_grid_S0028_daily.csv
SYA,SYA,Shenyang,2022,Leave_One_experiments\wth_generated_qc\SYA\SYA2022.WTH,wet_year;nitrogen_stress_year;low_response_year,wet,SYA2022_normal_grid_S0028,low_input_within_10pct_yield,2022-07-04,185,80,75,"{""sim_day"": 80.0, ""doy"": 185.0, ""topwt"": 2863.553771972656, ""grnwt"": 0.0, ""xlai"": 2.3163907527923584, ""totir"": 0.0, ""tofer"": NaN, ""swfac"": 0.0, ""nstres"": 0.0}",0.0,0.0,2863.553771972656,0.0,2.3163907527923584,0.0,,0.0,0.0,0.0,180.0,53.909130859375,53.909130859375,Leave_One_experiments/all_year_offline_schedule_search/daily_outputs/SYA/SYA_2022_SYA2022_normal_grid_S0028_daily.csv
SYA,SYA,Shenyang,2022,Leave_One_experiments\wth_generated_qc\SYA\SYA2022.WTH,wet_year;nitrogen_stress_year;low_response_year,wet,SYA2022_normal_grid_S0028,low_input_within_10pct_yield,2022-07-05,186,81,76,"{""sim_day"": 81.0, ""doy"": 186.0, ""topwt"": 3004.2941284179688, ""grnwt"": 0.0, ""xlai"": 2.358254909515381, ""totir"": 0.0, ""tofer"": NaN, ""swfac"": 0.0, ""nstres"": 0.0}",0.0,0.0,3004.2941284179688,0.0,2.358254909515381,0.0,,0.0,0.0,0.0,180.0,53.909130859375,53.909130859375,Leave_One_experiments/all_year_offline_schedule_search/daily_outputs/SYA/SYA_2022_SYA2022_normal_grid_S0028_daily.csv
SYA,SYA,Shenyang,2022,Leave_One_experiments\wth_generated_qc\SYA\SYA2022.WTH,wet_year;nitrogen_stress_year;low_response_year,wet,SYA2022_normal_grid_S0028,low_input_within_10pct_yield,2022-07-06,187,82,77,"{""sim_day"": 82.0, ""doy"": 187.0, ""topwt"": 3080.487060546875, ""grnwt"": 0.0, ""xlai"": 2.379748821258545, ""totir"": 0.0, ""tofer"": NaN, ""swfac"": 0.0, ""nstres"": 0.0}",0.0,0.0,3080.487060546875,0.0,2.379748821258545,0.0,,0.0,0.0,0.0,180.0,53.909130859375,53.909130859375,Leave_One_experiments/all_year_offline_schedule_search/daily_outputs/SYA/SYA_2022_SYA2022_normal_grid_S0028_daily.csv
SYA,SYA,Shenyang,2022,Leave_One_experiments\wth_generated_qc\SYA\SYA2022.WTH,wet_year;nitrogen_stress_year;low_response_year,wet,SYA2022_normal_grid_S0028,low_input_within_10pct_yield,2022-07-07,188,83,78,"{""sim_day"": 83.0, ""doy"": 188.0, ""topwt"": 3189.8883056640625, ""grnwt"": 0.0, ""xlai"": 2.409317970275879, ""totir"": 0.0, ""tofer"": NaN, ""swfac"": 0.0, ""nstres"": 0.0}",0.0,0.0,3189.8883056640625,0.0,2.409317970275879,0.0,,0.0,0.0,0.0,180.0,53.909130859375,53.909130859375,Leave_One_experiments/all_year_offline_schedule_search/daily_outputs/SYA/SYA_2022_SYA2022_normal_grid_S0028_daily.csv
SYA,SYA,Shenyang,2022,Leave_One_experiments\wth_generated_qc\SYA\SYA2022.WTH,wet_year;nitrogen_stress_year;low_response_year,wet,SYA2022_normal_grid_S0028,low_input_within_10pct_yield,2022-07-08,189,84,79,"{""sim_day"": 84.0, ""doy"": 189.0, ""topwt"": 3333.9761352539062, ""grnwt"": 0.0, ""xlai"": 2.446526288986206, ""totir"": 0.0, ""tofer"": NaN, ""swfac"": 0.0, ""nstres"": 0.0}",0.0,0.0,3333.9761352539062,0.0,2.446526288986206,0.0,,0.0,0.0,0.0,180.0,53.909130859375,53.909130859375,Leave_One_experiments/all_year_offline_schedule_search/daily_outputs/SYA/SYA_2022_SYA2022_normal_grid_S0028_daily.csv
SYA,SYA,Shenyang,2022,Leave_One_experiments\wth_generated_qc\SYA\SYA2022.WTH,wet_year;nitrogen_stress_year;low_response_year,wet,SYA2022_normal_grid_S0028,low_input_within_10pct_yield,2022-07-09,190,85,80,"{""sim_day"": 85.0, ""doy"": 190.0, ""topwt"": 3485.762023925781, ""grnwt"": 0.0, ""xlai"": 2.484261035919189, ""totir"": 0.0, ""tofer"": NaN, ""swfac"": 0.0, ""nstres"": 0.0}",0.0,0.0,3485.762023925781,0.0,2.484261035919189,0.0,,0.0,0.0,0.0,180.0,53.909130859375,53.909130859375,Leave_One_experiments/all_year_offline_schedule_search/daily_outputs/SYA/SYA_2022_SYA2022_normal_grid_S0028_daily.csv
SYA,SYA,Shenyang,2022,Leave_One_experiments\wth_generated_qc\SYA\SYA2022.WTH,wet_year;nitrogen_stress_year;low_response_year,wet,SYA2022_normal_grid_S0028,low_input_within_10pct_yield,2022-07-10,191,86,81,"{""sim_day"": 86.0, ""doy"": 191.0, ""topwt"": 3661.6851806640634, ""grnwt"": 0.0, ""xlai"": 2.5279879570007324, ""totir"": 0.0, ""tofer"": NaN, ""swfac"": 0.0, ""nstres"": 0.0}",0.0,0.0,3661.6851806640634,0.0,2.5279879570007324,0.0,,0.0,0.0,0.0,180.0,53.909130859375,53.909130859375,Leave_One_experiments/all_year_offline_schedule_search/daily_outputs/SYA/SYA_2022_SYA2022_normal_grid_S0028_daily.csv
SYA,SYA,Shenyang,2022,Leave_One_experiments\wth_generated_qc\SYA\SYA2022.WTH,wet_year;nitrogen_stress_year;low_response_year,wet,SYA2022_normal_grid_S0028,low_input_within_10pct_yield,2022-07-11,192,87,82,"{""sim_day"": 87.0, ""doy"": 192.0, ""topwt"": 3855.916748046875, ""grnwt"": 0.0, ""xlai"": 2.5762321949005127, ""totir"": 0.0, ""tofer"": NaN, ""swfac"": 0.0, ""nstres"": 0.0}",0.0,0.0,3855.916748046875,0.0,2.5762321949005127,0.0,,0.0,0.0,0.0,180.0,53.909130859375,53.909130859375,Leave_One_experiments/all_year_offline_schedule_search/daily_outputs/SYA/SYA_2022_SYA2022_normal_grid_S0028_daily.csv
SYA,SYA,Shenyang,2022,Leave_One_experiments\wth_generated_qc\SYA\SYA2022.WTH,wet_year;nitrogen_stress_year;low_response_year,wet,SYA2022_normal_grid_S0028,low_input_within_10pct_yield,2022-07-12,193,88,83,"{""sim_day"": 88.0, ""doy"": 193.0, ""topwt"": 4050.664367675781, ""grnwt"": 0.0, ""xlai"": 2.6245453357696533, ""totir"": 0.0, ""tofer"": NaN, ""swfac"": 0.0, ""nstres"": 0.0}",0.0,0.0,4050.664367675781,0.0,2.6245453357696533,0.0,,0.0,0.0,0.0,180.0,53.909130859375,53.909130859375,Leave_One_experiments/all_year_offline_schedule_search/daily_outputs/SYA/SYA_2022_SYA2022_normal_grid_S0028_daily.csv
SYA,SYA,Shenyang,2022,Leave_One_experiments\wth_generated_qc\SYA\SYA2022.WTH,wet_year;nitrogen_stress_year;low_response_year,wet,SYA2022_normal_grid_S0028,low_input_within_10pct_yield,2022-07-13,194,89,84,"{""sim_day"": 89.0, ""doy"": 194.0, ""topwt"": 4222.3223876953125, ""grnwt"": 0.0, ""xlai"": 2.667051315307617, ""totir"": 0.0, ""tofer"": NaN, ""swfac"": 0.0, ""nstres"": 0.0}",0.0,0.0,4222.3223876953125,0.0,2.667051315307617,0.0,,0.0,0.0,0.0,180.0,53.909130859375,53.909130859375,Leave_One_experiments/all_year_offline_schedule_search/daily_outputs/SYA/SYA_2022_SYA2022_normal_grid_S0028_daily.csv
SYA,SYA,Shenyang,2022,Leave_One_experiments\wth_generated_qc\SYA\SYA2022.WTH,wet_year;nitrogen_stress_year;low_response_year,wet,SYA2022_normal_grid_S0028,low_input_within_10pct_yield,2022-07-14,195,90,85,"{""sim_day"": 90.0, ""doy"": 195.0, ""topwt"": 4360.33203125, ""grnwt"": 0.0, ""xlai"": 2.701138734817505, ""totir"": 0.0, ""tofer"": NaN, ""swfac"": 0.0, ""nstres"": 0.0}",0.0,0.0,4360.33203125,0.0,2.701138734817505,0.0,,0.0,0.0,0.0,180.0,53.909130859375,53.909130859375,Leave_One_experiments/all_year_offline_schedule_search/daily_outputs/SYA/SYA_2022_SYA2022_normal_grid_S0028_daily.csv
SYA,SYA,Shenyang,2022,Leave_One_experiments\wth_generated_qc\SYA\SYA2022.WTH,wet_year;nitrogen_stress_year;low_response_year,wet,SYA2022_normal_grid_S0028,low_input_within_10pct_yield,2022-07-15,196,91,86,"{""sim_day"": 91.0, ""doy"": 196.0, ""topwt"": 4509.709777832031, ""grnwt"": 0.0, ""xlai"": 2.738023281097412, ""totir"": 0.0, ""tofer"": NaN, ""swfac"": 0.0, ""nstres"": 0.0}",0.0,0.0,4509.709777832031,0.0,2.738023281097412,0.0,,0.0,0.0,0.0,180.0,53.909130859375,53.909130859375,Leave_One_experiments/all_year_offline_schedule_search/daily_outputs/SYA/SYA_2022_SYA2022_normal_grid_S0028_daily.csv
SYA,SYA,Shenyang,2022,Leave_One_experiments\wth_generated_qc\SYA\SYA2022.WTH,wet_year;nitrogen_stress_year;low_response_year,wet,SYA2022_normal_grid_S0028,low_input_within_10pct_yield,2022-07-16,197,92,87,"{""sim_day"": 92.0, ""doy"": 197.0, ""topwt"": 4935.83251953125, ""grnwt"": 0.0, ""xlai"": 2.6109437942504883, ""totir"": 0.0, ""tofer"": NaN, ""swfac"": 0.0, ""nstres"": 0.0}",0.0,0.0,4935.83251953125,0.0,2.6109437942504883,0.0,,0.0,0.0,0.0,180.0,53.909130859375,53.909130859375,Leave_One_experiments/all_year_offline_schedule_search/daily_outputs/SYA/SYA_2022_SYA2022_normal_grid_S0028_daily.csv
SYA,SYA,Shenyang,2022,Leave_One_experiments\wth_generated_qc\SYA\SYA2022.WTH,wet_year;nitrogen_stress_year;low_response_year,wet,SYA2022_normal_grid_S0028,low_input_within_10pct_yield,2022-07-17,198,93,88,"{""sim_day"": 93.0, ""doy"": 198.0, ""topwt"": 5272.525024414063, ""grnwt"": 0.0, ""xlai"": 2.5995419025421143, ""totir"": 0.0, ""tofer"": NaN, ""swfac"": 0.0, ""nstres"": 0.0}",0.0,0.0,5272.525024414063,0.0,2.5995419025421143,0.0,,0.0,0.0,0.0,180.0,53.909130859375,53.909130859375,Leave_One_experiments/all_year_offline_schedule_search/daily_outputs/SYA/SYA_2022_SYA2022_normal_grid_S0028_daily.csv
SYA,SYA,Shenyang,2022,Leave_One_experiments\wth_generated_qc\SYA\SYA2022.WTH,wet_year;nitrogen_stress_year;low_response_year,wet,SYA2022_normal_grid_S0028,low_input_within_10pct_yield,2022-07-18,199,94,89,"{""sim_day"": 94.0, ""doy"": 199.0, ""topwt"": 5707.335205078125, ""grnwt"": 0.0, ""xlai"": 2.5877954959869385, ""totir"": 0.0, ""tofer"": NaN, ""swfac"": 0.0, ""nstres"": 0.0}",0.0,0.0,5707.335205078125,0.0,2.5877954959869385,0.0,,0.0,0.0,0.0,180.0,53.909130859375,53.909130859375,Leave_One_experiments/all_year_offline_schedule_search/daily_outputs/SYA/SYA_2022_SYA2022_normal_grid_S0028_daily.csv
SYA,SYA,Shenyang,2022,Leave_One_experiments\wth_generated_qc\SYA\SYA2022.WTH,wet_year;nitrogen_stress_year;low_response_year,wet,SYA2022_normal_grid_S0028,low_input_within_10pct_yield,2022-07-19,200,95,90,"{""sim_day"": 95.0, ""doy"": 200.0, ""topwt"": 5915.0299072265625, ""grnwt"": 0.0, ""xlai"": 2.57546329498291, ""totir"": 0.0, ""tofer"": NaN, ""swfac"": 0.0, ""nstres"": 0.0}",0.0,0.0,5915.0299072265625,0.0,2.57546329498291,0.0,,0.0,0.0,0.0,180.0,53.909130859375,53.909130859375,Leave_One_experiments/all_year_offline_schedule_search/daily_outputs/SYA/SYA_2022_SYA2022_normal_grid_S0028_daily.csv
SYA,SYA,Shenyang,2022,Leave_One_experiments\wth_generated_qc\SYA\SYA2022.WTH,wet_year;nitrogen_stress_year;low_response_year,wet,SYA2022_normal_grid_S0028,low_input_within_10pct_yield,2022-07-20,201,96,91,"{""sim_day"": 96.0, ""doy"": 201.0, ""topwt"": 6112.0068359375, ""grnwt"": 0.0, ""xlai"": 2.5636138916015625, ""totir"": 0.0, ""tofer"": NaN, ""swfac"": 0.0, ""nstres"": 0.0}",0.0,0.0,6112.0068359375,0.0,2.5636138916015625,0.0,,0.0,0.0,0.0,180.0,53.909130859375,53.909130859375,Leave_One_experiments/all_year_offline_schedule_search/daily_outputs/SYA/SYA_2022_SYA2022_normal_grid_S0028_daily.csv
SYA,SYA,Shenyang,2022,Leave_One_experiments\wth_generated_qc\SYA\SYA2022.WTH,wet_year;nitrogen_stress_year;low_response_year,wet,SYA2022_normal_grid_S0028,low_input_within_10pct_yield,2022-07-21,202,97,92,"{""sim_day"": 97.0, ""doy"": 202.0, ""topwt"": 6480.1251220703125, ""grnwt"": 0.0, ""xlai"": 2.551247358322144, ""totir"": 0.0, ""tofer"": NaN, ""swfac"": 0.0, ""nstres"": 0.0}",0.0,0.0,6480.1251220703125,0.0,2.551247358322144,0.0,,0.0,0.0,0.0,180.0,53.909130859375,53.909130859375,Leave_One_experiments/all_year_offline_schedule_search/daily_outputs/SYA/SYA_2022_SYA2022_normal_grid_S0028_daily.csv
SYA,SYA,Shenyang,2022,Leave_One_experiments\wth_generated_qc\SYA\SYA2022.WTH,wet_year;nitrogen_stress_year;low_response_year,wet,SYA2022_normal_grid_S0028,low_input_within_10pct_yield,2022-07-22,203,98,93,"{""sim_day"": 98.0, ""doy"": 203.0, ""topwt"": 6572.431640625, ""grnwt"": 0.0, ""xlai"": 2.539845466613769, ""totir"": 0.0, ""tofer"": NaN, ""swfac"": 0.0, ""nstres"": 0.0}",0.0,0.0,6572.431640625,0.0,2.539845466613769,0.0,,0.0,0.0,0.0,180.0,53.909130859375,53.909130859375,Leave_One_experiments/all_year_offline_schedule_search/daily_outputs/SYA/SYA_2022_SYA2022_normal_grid_S0028_daily.csv
SYA,SYA,Shenyang,2022,Leave_One_experiments\wth_generated_qc\SYA\SYA2022.WTH,wet_year;nitrogen_stress_year;low_response_year,wet,SYA2022_normal_grid_S0028,low_input_within_10pct_yield,2022-07-23,204,99,94,"{""sim_day"": 99.0, ""doy"": 204.0, ""topwt"": 6948.7493896484375, ""grnwt"": 0.0, ""xlai"": 2.528340101242065, ""totir"": 0.0, ""tofer"": NaN, ""swfac"": 0.0, ""nstres"": 0.0}",0.0,0.0,6948.7493896484375,0.0,2.528340101242065,0.0,,0.0,0.0,0.0,180.0,53.909130859375,53.909130859375,Leave_One_experiments/all_year_offline_schedule_search/daily_outputs/SYA/SYA_2022_SYA2022_normal_grid_S0028_daily.csv
SYA,SYA,Shenyang,2022,Leave_One_experiments\wth_generated_qc\SYA\SYA2022.WTH,wet_year;nitrogen_stress_year;low_response_year,wet,SYA2022_normal_grid_S0028,low_input_within_10pct_yield,2022-07-24,205,100,95,"{""sim_day"": 100.0, ""doy"": 205.0, ""topwt"": 7217.650146484375, ""grnwt"": 0.0, ""xlai"": 2.515594720840454, ""totir"": 0.0, ""tofer"": NaN, ""swfac"": 0.0, ""nstres"": 0.0}",0.0,0.0,7217.650146484375,0.0,2.515594720840454,0.0,,0.0,0.0,0.0,180.0,53.909130859375,53.909130859375,Leave_One_experiments/all_year_offline_schedule_search/daily_outputs/SYA/SYA_2022_SYA2022_normal_grid_S0028_daily.csv
SYA,SYA,Shenyang,2022,Leave_One_experiments\wth_generated_qc\SYA\SYA2022.WTH,wet_year;nitrogen_stress_year;low_response_year,wet,SYA2022_normal_grid_S0028,low_input_within_10pct_yield,2022-07-25,206,101,96,"{""sim_day"": 101.0, ""doy"": 206.0, ""topwt"": 7603.134765625, ""grnwt"": 0.0, ""xlai"": 2.502126216888428, ""totir"": 0.0, ""tofer"": NaN, ""swfac"": 0.0, ""nstres"": 0.0}",0.0,0.0,7603.134765625,0.0,2.502126216888428,0.0,,0.0,0.0,0.0,180.0,53.909130859375,53.909130859375,Leave_One_experiments/all_year_offline_schedule_search/daily_outputs/SYA/SYA_2022_SYA2022_normal_grid_S0028_daily.csv
SYA,SYA,Shenyang,2022,Leave_One_experiments\wth_generated_qc\SYA\SYA2022.WTH,wet_year;nitrogen_stress_year;low_response_year,wet,SYA2022_normal_grid_S0028,low_input_within_10pct_yield,2022-07-26,207,102,97,"{""sim_day"": 102.0, ""doy"": 207.0, ""topwt"": 7942.860107421875, ""grnwt"": 339.72557067871094, ""xlai"": 2.4581873416900635, ""totir"": 0.0, ""tofer"": NaN, ""swfac"": 0.0, ""nstres"": 0.0}",0.0,0.0,7942.860107421875,339.72557067871094,2.4581873416900635,0.0,,0.0,0.0,0.0,180.0,53.909130859375,53.909130859375,Leave_One_experiments/all_year_offline_schedule_search/daily_outputs/SYA/SYA_2022_SYA2022_normal_grid_S0028_daily.csv
SYA,SYA,Shenyang,2022,Leave_One_experiments\wth_generated_qc\SYA\SYA2022.WTH,wet_year;nitrogen_stress_year;low_response_year,wet,SYA2022_normal_grid_S0028,low_input_within_10pct_yield,2022-07-27,208,103,98,"{""sim_day"": 103.0, ""doy"": 208.0, ""topwt"": 8123.38623046875, ""grnwt"": 683.7515258789062, ""xlai"": 2.450876235961914, ""totir"": 0.0, ""tofer"": NaN, ""swfac"": 0.0, ""nstres"": 0.0}",0.0,0.0,8123.38623046875,683.7515258789062,2.450876235961914,0.0,,0.0,0.0,0.0,180.0,53.909130859375,53.909130859375,Leave_One_experiments/all_year_offline_schedule_search/daily_outputs/SYA/SYA_2022_SYA2022_normal_grid_S0028_daily.csv
SYA,SYA,Shenyang,2022,Leave_One_experiments\wth_generated_qc\SYA\SYA2022.WTH,wet_year;nitrogen_stress_year;low_response_year,wet,SYA2022_normal_grid_S0028,low_input_within_10pct_yield,2022-07-28,209,104,99,"{""sim_day"": 104.0, ""doy"": 209.0, ""topwt"": 8314.43115234375, ""grnwt"": 1027.7774047851562, ""xlai"": 2.4426326751708984, ""totir"": 0.0, ""tofer"": NaN, ""swfac"": 0.0, ""nstres"": 0.0}",0.0,0.0,8314.43115234375,1027.7774047851562,2.4426326751708984,0.0,,0.0,0.0,0.0,180.0,53.909130859375,53.909130859375,Leave_One_experiments/all_year_offline_schedule_search/daily_outputs/SYA/SYA_2022_SYA2022_normal_grid_S0028_daily.csv
SYA,SYA,Shenyang,2022,Leave_One_experiments\wth_generated_qc\SYA\SYA2022.WTH,wet_year;nitrogen_stress_year;low_response_year,wet,SYA2022_normal_grid_S0028,low_input_within_10pct_yield,2022-07-29,210,105,100,"{""sim_day"": 105.0, ""doy"": 210.0, ""topwt"": 8526.641845703125, ""grnwt"": 1367.5030517578125, ""xlai"": 2.432176113128662, ""totir"": 0.0, ""tofer"": NaN, ""swfac"": 0.0, ""nstres"": 0.0}",0.0,0.0,8526.641845703125,1367.5030517578125,2.432176113128662,0.0,,0.0,0.0,0.0,180.0,53.909130859375,53.909130859375,Leave_One_experiments/all_year_offline_schedule_search/daily_outputs/SYA/SYA_2022_SYA2022_normal_grid_S0028_daily.csv
SYA,SYA,Shenyang,2022,Leave_One_experiments\wth_generated_qc\SYA\SYA2022.WTH,wet_year;nitrogen_stress_year;low_response_year,wet,SYA2022_normal_grid_S0028,low_input_within_10pct_yield,2022-07-30,211,106,101,"{""sim_day"": 106.0, ""doy"": 211.0, ""topwt"": 8859.133911132812, ""grnwt"": 1672.8260803222656, ""xlai"": 2.4193851947784424, ""totir"": 0.0, ""tofer"": NaN, ""swfac"": 0.0, ""nstres"": 0.0}",0.0,0.0,8859.133911132812,1672.8260803222656,2.4193851947784424,0.0,,0.0,0.0,0.0,180.0,53.909130859375,53.909130859375,Leave_One_experiments/all_year_offline_schedule_search/daily_outputs/SYA/SYA_2022_SYA2022_normal_grid_S0028_daily.csv
SYA,SYA,Shenyang,2022,Leave_One_experiments\wth_generated_qc\SYA\SYA2022.WTH,wet_year;nitrogen_stress_year;low_response_year,wet,SYA2022_normal_grid_S0028,low_input_within_10pct_yield,2022-07-31,212,107,102,"{""sim_day"": 107.0, ""doy"": 212.0, ""topwt"": 9222.102661132812, ""grnwt"": 1954.4972229003904, ""xlai"": 2.404059886932373, ""totir"": 0.0, ""tofer"": NaN, ""swfac"": 0.0, ""nstres"": 0.0}",0.0,0.0,9222.102661132812,1954.4972229003904,2.404059886932373,0.0,,0.0,0.0,0.0,180.0,53.909130859375,53.909130859375,Leave_One_experiments/all_year_offline_schedule_search/daily_outputs/SYA/SYA_2022_SYA2022_normal_grid_S0028_daily.csv
SYA,SYA,Shenyang,2022,Leave_One_experiments\wth_generated_qc\SYA\SYA2022.WTH,wet_year;nitrogen_stress_year;low_response_year,wet,SYA2022_normal_grid_S0028,low_input_within_10pct_yield,2022-08-01,213,108,103,"{""sim_day"": 108.0, ""doy"": 213.0, ""topwt"": 9551.39404296875, ""grnwt"": 2201.765899658203, ""xlai"": 2.3856146335601807, ""totir"": 0.0, ""tofer"": NaN, ""swfac"": 0.0, ""nstres"": 0.0}",0.0,0.0,9551.39404296875,2201.765899658203,2.3856146335601807,0.0,,0.0,0.0,0.0,180.0,53.909130859375,53.909130859375,Leave_One_experiments/all_year_offline_schedule_search/daily_outputs/SYA/SYA_2022_SYA2022_normal_grid_S0028_daily.csv
SYA,SYA,Shenyang,2022,Leave_One_experiments\wth_generated_qc\SYA\SYA2022.WTH,wet_year;nitrogen_stress_year;low_response_year,wet,SYA2022_normal_grid_S0028,low_input_within_10pct_yield,2022-08-02,214,109,104,"{""sim_day"": 109.0, ""doy"": 214.0, ""topwt"": 9851.358032226562, ""grnwt"": 2433.983459472656, ""xlai"": 2.3640289306640625, ""totir"": 0.0, ""tofer"": NaN, ""swfac"": 0.0, ""nstres"": 0.0}",0.0,0.0,9851.358032226562,2433.983459472656,2.3640289306640625,0.0,,0.0,0.0,0.0,180.0,53.909130859375,53.909130859375,Leave_One_experiments/all_year_offline_schedule_search/daily_outputs/SYA/SYA_2022_SYA2022_normal_grid_S0028_daily.csv
SYA,SYA,Shenyang,2022,Leave_One_experiments\wth_generated_qc\SYA\SYA2022.WTH,wet_year;nitrogen_stress_year;low_response_year,wet,SYA2022_normal_grid_S0028,low_input_within_10pct_yield,2022-08-03,215,110,105,"{""sim_day"": 110.0, ""doy"": 215.0, ""topwt"": 10141.319580078123, ""grnwt"": 2640.399169921875, ""xlai"": 2.338660478591919, ""totir"": 0.0, ""tofer"": NaN, ""swfac"": 0.0, ""nstres"": 0.0}",0.0,0.0,10141.319580078123,2640.399169921875,2.338660478591919,0.0,,0.0,0.0,0.0,180.0,53.909130859375,53.909130859375,Leave_One_experiments/all_year_offline_schedule_search/daily_outputs/SYA/SYA_2022_SYA2022_normal_grid_S0028_daily.csv
SYA,SYA,Shenyang,2022,Leave_One_experiments\wth_generated_qc\SYA\SYA2022.WTH,wet_year;nitrogen_stress_year;low_response_year,wet,SYA2022_normal_grid_S0028,low_input_within_10pct_yield,2022-08-04,216,111,106,"{""sim_day"": 111.0, ""doy"": 216.0, ""topwt"": 10343.10302734375, ""grnwt"": 2924.2205810546875, ""xlai"": 2.312308549880981, ""totir"": 0.0, ""tofer"": NaN, ""swfac"": 0.0, ""nstres"": 0.0}",0.0,0.0,10343.10302734375,2924.2205810546875,2.312308549880981,0.0,,0.0,0.0,0.0,180.0,53.909130859375,53.909130859375,Leave_One_experiments/all_year_offline_schedule_search/daily_outputs/SYA/SYA_2022_SYA2022_normal_grid_S0028_daily.csv
SYA,SYA,Shenyang,2022,Leave_One_experiments\wth_generated_qc\SYA\SYA2022.WTH,wet_year;nitrogen_stress_year;low_response_year,wet,SYA2022_normal_grid_S0028,low_input_within_10pct_yield,2022-08-05,217,112,107,"{""sim_day"": 112.0, ""doy"": 217.0, ""topwt"": 10674.69970703125, ""grnwt"": 3218.792724609375, ""xlai"": 2.283252954483032, ""totir"": 0.0, ""tofer"": NaN, ""swfac"": 0.0, ""nstres"": 0.0}",0.0,0.0,10674.69970703125,3218.792724609375,2.283252954483032,0.0,,0.0,0.0,0.0,180.0,53.909130859375,53.909130859375,Leave_One_experiments/all_year_offline_schedule_search/daily_outputs/SYA/SYA_2022_SYA2022_normal_grid_S0028_daily.csv
SYA,SYA,Shenyang,2022,Leave_One_experiments\wth_generated_qc\SYA\SYA2022.WTH,wet_year;nitrogen_stress_year;low_response_year,wet,SYA2022_normal_grid_S0028,low_input_within_10pct_yield,2022-08-06,218,113,108,"{""sim_day"": 113.0, ""doy"": 218.0, ""topwt"": 10745.9765625, ""grnwt"": 3562.8189086914062, ""xlai"": 2.2538695335388184, ""totir"": 0.0, ""tofer"": NaN, ""swfac"": 0.0, ""nstres"": 0.0}",0.0,0.0,10745.9765625,3562.8189086914062,2.2538695335388184,0.0,,0.0,0.0,0.0,180.0,53.909130859375,53.909130859375,Leave_One_experiments/all_year_offline_schedule_search/daily_outputs/SYA/SYA_2022_SYA2022_normal_grid_S0028_daily.csv
SYA,SYA,Shenyang,2022,Leave_One_experiments\wth_generated_qc\SYA\SYA2022.WTH,wet_year;nitrogen_stress_year;low_response_year,wet,SYA2022_normal_grid_S0028,low_input_within_10pct_yield,2022-08-07,219,114,109,"{""sim_day"": 114.0, ""doy"": 219.0, ""topwt"": 11117.76123046875, ""grnwt"": 3906.844787597656, ""xlai"": 2.224603176116944, ""totir"": 0.0, ""tofer"": NaN, ""swfac"": 0.0, ""nstres"": 0.0}",0.0,0.0,11117.76123046875,3906.844787597656,2.224603176116944,0.0,,0.0,0.0,0.0,180.0,53.909130859375,53.909130859375,Leave_One_experiments/all_year_offline_schedule_search/daily_outputs/SYA/SYA_2022_SYA2022_normal_grid_S0028_daily.csv
SYA,SYA,Shenyang,2022,Leave_One_experiments\wth_generated_qc\SYA\SYA2022.WTH,wet_year;nitrogen_stress_year;low_response_year,wet,SYA2022_normal_grid_S0028,low_input_within_10pct_yield,2022-08-08,220,115,110,"{""sim_day"": 115.0, ""doy"": 220.0, ""topwt"": 11430.91552734375, ""grnwt"": 4250.870666503906, ""xlai"": 2.196128845214844, ""totir"": 0.0, ""tofer"": NaN, ""swfac"": 0.0, ""nstres"": 0.0}",0.0,0.0,11430.91552734375,4250.870666503906,2.196128845214844,0.0,,0.0,0.0,0.0,180.0,53.909130859375,53.909130859375,Leave_One_experiments/all_year_offline_schedule_search/daily_outputs/SYA/SYA_2022_SYA2022_normal_grid_S0028_daily.csv
SYA,SYA,Shenyang,2022,Leave_One_experiments\wth_generated_qc\SYA\SYA2022.WTH,wet_year;nitrogen_stress_year;low_response_year,wet,SYA2022_normal_grid_S0028,low_input_within_10pct_yield,2022-08-09,221,116,111,"{""sim_day"": 116.0, ""doy"": 221.0, ""topwt"": 11832.29248046875, ""grnwt"": 4594.896545410156, ""xlai"": 2.1634294986724854, ""totir"": 0.0, ""tofer"": NaN, ""swfac"": 0.0, ""nstres"": 0.0}",0.0,0.0,11832.29248046875,4594.896545410156,2.1634294986724854,0.0,,0.0,0.0,0.0,180.0,53.909130859375,53.909130859375,Leave_One_experiments/all_year_offline_schedule_search/daily_outputs/SYA/SYA_2022_SYA2022_normal_grid_S0028_daily.csv
SYA,SYA,Shenyang,2022,Leave_One_experiments\wth_generated_qc\SYA\SYA2022.WTH,wet_year;nitrogen_stress_year;low_response_year,wet,SYA2022_normal_grid_S0028,low_input_within_10pct_yield,2022-08-10,222,117,112,"{""sim_day"": 117.0, ""doy"": 222.0, ""topwt"": 12203.345947265623, ""grnwt"": 4938.922424316406, ""xlai"": 2.129652976989746, ""totir"": 0.0, ""tofer"": NaN, ""swfac"": 0.0, ""nstres"": 0.0}",0.0,0.0,12203.345947265623,4938.922424316406,2.129652976989746,0.0,,0.0,0.0,0.0,180.0,53.909130859375,53.909130859375,Leave_One_experiments/all_year_offline_schedule_search/daily_outputs/SYA/SYA_2022_SYA2022_normal_grid_S0028_daily.csv
SYA,SYA,Shenyang,2022,Leave_One_experiments\wth_generated_qc\SYA\SYA2022.WTH,wet_year;nitrogen_stress_year;low_response_year,wet,SYA2022_normal_grid_S0028,low_input_within_10pct_yield,2022-08-11,223,118,113,"{""sim_day"": 118.0, ""doy"": 223.0, ""topwt"": 12367.283935546877, ""grnwt"": 5282.9486083984375, ""xlai"": 2.0897326469421387, ""totir"": 0.0, ""tofer"": NaN, ""swfac"": 0.0, ""nstres"": 0.0}",0.0,0.0,12367.283935546877,5282.9486083984375,2.0897326469421387,0.0,,0.0,0.0,0.0,180.0,53.909130859375,53.909130859375,Leave_One_experiments/all_year_offline_schedule_search/daily_outputs/SYA/SYA_2022_SYA2022_normal_grid_S0028_daily.csv
SYA,SYA,Shenyang,2022,Leave_One_experiments\wth_generated_qc\SYA\SYA2022.WTH,wet_year;nitrogen_stress_year;low_response_year,wet,SYA2022_normal_grid_S0028,low_input_within_10pct_yield,2022-08-12,224,119,114,"{""sim_day"": 119.0, ""doy"": 224.0, ""topwt"": 12707.633056640623, ""grnwt"": 5626.974487304688, ""xlai"": 2.046505212783813, ""totir"": 0.0, ""tofer"": NaN, ""swfac"": 0.0, ""nstres"": 0.0}",0.0,0.0,12707.633056640623,5626.974487304688,2.046505212783813,0.0,,0.0,0.0,0.0,180.0,53.909130859375,53.909130859375,Leave_One_experiments/all_year_offline_schedule_search/daily_outputs/SYA/SYA_2022_SYA2022_normal_grid_S0028_daily.csv
SYA,SYA,Shenyang,2022,Leave_One_experiments\wth_generated_qc\SYA\SYA2022.WTH,wet_year;nitrogen_stress_year;low_response_year,wet,SYA2022_normal_grid_S0028,low_input_within_10pct_yield,2022-08-13,225,120,115,"{""sim_day"": 120.0, ""doy"": 225.0, ""topwt"": 12847.205810546877, ""grnwt"": 5971.0009765625, ""xlai"": 2.006364345550537, ""totir"": 0.0, ""tofer"": NaN, ""swfac"": 0.0, ""nstres"": 0.0}",0.0,0.0,12847.205810546877,5971.0009765625,2.006364345550537,0.0,,0.0,0.0,0.0,180.0,53.909130859375,53.909130859375,Leave_One_experiments/all_year_offline_schedule_search/daily_outputs/SYA/SYA_2022_SYA2022_normal_grid_S0028_daily.csv
SYA,SYA,Shenyang,2022,Leave_One_experiments\wth_generated_qc\SYA\SYA2022.WTH,wet_year;nitrogen_stress_year;low_response_year,wet,SYA2022_normal_grid_S0028,low_input_within_10pct_yield,2022-08-14,226,121,116,"{""sim_day"": 121.0, ""doy"": 226.0, ""topwt"": 12904.85595703125, ""grnwt"": 6315.02685546875, ""xlai"": 1.967710256576538, ""totir"": 0.0, ""tofer"": NaN, ""swfac"": 0.0, ""nstres"": 0.0}",0.0,0.0,12904.85595703125,6315.02685546875,1.967710256576538,0.0,,0.0,0.0,0.0,180.0,53.909130859375,53.909130859375,Leave_One_experiments/all_year_offline_schedule_search/daily_outputs/SYA/SYA_2022_SYA2022_normal_grid_S0028_daily.csv
SYA,SYA,Shenyang,2022,Leave_One_experiments\wth_generated_qc\SYA\SYA2022.WTH,wet_year;nitrogen_stress_year;low_response_year,wet,SYA2022_normal_grid_S0028,low_input_within_10pct_yield,2022-08-15,227,122,117,"{""sim_day"": 122.0, ""doy"": 227.0, ""topwt"": 13287.510986328123, ""grnwt"": 6659.052734375, ""xlai"": 1.923978805541992, ""totir"": 0.0, ""tofer"": NaN, ""swfac"": 0.0, ""nstres"": 0.0}",0.0,0.0,13287.510986328123,6659.052734375,1.923978805541992,0.0,,0.0,0.0,0.0,180.0,53.909130859375,53.909130859375,Leave_One_experiments/all_year_offline_schedule_search/daily_outputs/SYA/SYA_2022_SYA2022_normal_grid_S0028_daily.csv
SYA,SYA,Shenyang,2022,Leave_One_experiments\wth_generated_qc\SYA\SYA2022.WTH,wet_year;nitrogen_stress_year;low_response_year,wet,SYA2022_normal_grid_S0028,low_input_within_10pct_yield,2022-08-16,228,123,118,"{""sim_day"": 123.0, ""doy"": 228.0, ""topwt"": 13668.83056640625, ""grnwt"": 7003.07861328125, ""xlai"": 1.874298930168152, ""totir"": 0.0, ""tofer"": NaN, ""swfac"": 0.0, ""nstres"": 0.0}",0.0,0.0,13668.83056640625,7003.07861328125,1.874298930168152,0.0,,0.0,0.0,0.0,180.0,53.909130859375,53.909130859375,Leave_One_experiments/all_year_offline_schedule_search/daily_outputs/SYA/SYA_2022_SYA2022_normal_grid_S0028_daily.csv
SYA,SYA,Shenyang,2022,Leave_One_experiments\wth_generated_qc\SYA\SYA2022.WTH,wet_year;nitrogen_stress_year;low_response_year,wet,SYA2022_normal_grid_S0028,low_input_within_10pct_yield,2022-08-17,229,124,119,"{""sim_day"": 124.0, ""doy"": 229.0, ""topwt"": 13914.7265625, ""grnwt"": 7347.1044921875, ""xlai"": 1.8197053670883176, ""totir"": 0.0, ""tofer"": NaN, ""swfac"": 0.0, ""nstres"": 0.0}",0.0,0.0,13914.7265625,7347.1044921875,1.8197053670883176,0.0,,0.0,0.0,0.0,180.0,53.909130859375,53.909130859375,Leave_One_experiments/all_year_offline_schedule_search/daily_outputs/SYA/SYA_2022_SYA2022_normal_grid_S0028_daily.csv
SYA,SYA,Shenyang,2022,Leave_One_experiments\wth_generated_qc\SYA\SYA2022.WTH,wet_year;nitrogen_stress_year;low_response_year,wet,SYA2022_normal_grid_S0028,low_input_within_10pct_yield,2022-08-18,230,125,120,"{""sim_day"": 125.0, ""doy"": 230.0, ""topwt"": 13836.646728515623, ""grnwt"": 7441.165771484375, ""xlai"": 1.7701750993728638, ""totir"": 0.0, ""tofer"": NaN, ""swfac"": 0.0, ""nstres"": 0.0516934394836425}",0.0,0.0516934394836425,13836.646728515623,7441.165771484375,1.7701750993728638,0.0,,0.0,0.0,0.0,180.0,53.909130859375,53.909130859375,Leave_One_experiments/all_year_offline_schedule_search/daily_outputs/SYA/SYA_2022_SYA2022_normal_grid_S0028_daily.csv
SYA,SYA,Shenyang,2022,Leave_One_experiments\wth_generated_qc\SYA\SYA2022.WTH,wet_year;nitrogen_stress_year;low_response_year,wet,SYA2022_normal_grid_S0028,low_input_within_10pct_yield,2022-08-19,231,126,121,"{""sim_day"": 126.0, ""doy"": 231.0, ""topwt"": 14203.204345703123, ""grnwt"": 7785.191650390625, ""xlai"": 1.7212204933166504, ""totir"": 0.0, ""tofer"": NaN, ""swfac"": 0.0, ""nstres"": 0.0403306484222412}",0.0,0.0403306484222412,14203.204345703123,7785.191650390625,1.7212204933166504,0.0,,0.0,0.0,0.0,180.0,53.909130859375,53.909130859375,Leave_One_experiments/all_year_offline_schedule_search/daily_outputs/SYA/SYA_2022_SYA2022_normal_grid_S0028_daily.csv
SYA,SYA,Shenyang,2022,Leave_One_experiments\wth_generated_qc\SYA\SYA2022.WTH,wet_year;nitrogen_stress_year;low_response_year,wet,SYA2022_normal_grid_S0028,low_input_within_10pct_yield,2022-08-20,232,127,122,"{""sim_day"": 127.0, ""doy"": 232.0, ""topwt"": 14555.697021484377, ""grnwt"": 8129.217529296875, ""xlai"": 1.6634161472320557, ""totir"": 0.0, ""tofer"": NaN, ""swfac"": 0.0, ""nstres"": 0.0866532325744628}",0.0,0.0866532325744628,14555.697021484377,8129.217529296875,1.6634161472320557,0.0,,0.0,0.0,0.0,180.0,53.909130859375,53.909130859375,Leave_One_experiments/all_year_offline_schedule_search/daily_outputs/SYA/SYA_2022_SYA2022_normal_grid_S0028_daily.csv
SYA,SYA,Shenyang,2022,Leave_One_experiments\wth_generated_qc\SYA\SYA2022.WTH,wet_year;nitrogen_stress_year;low_response_year,wet,SYA2022_normal_grid_S0028,low_input_within_10pct_yield,2022-08-21,233,128,123,"{""sim_day"": 128.0, ""doy"": 233.0, ""topwt"": 14602.46826171875, ""grnwt"": 8206.9873046875, ""xlai"": 1.6123814582824707, ""totir"": 0.0, ""tofer"": NaN, ""swfac"": 0.0, ""nstres"": 0.1668094992637634}",0.0,0.1668094992637634,14602.46826171875,8206.9873046875,1.6123814582824707,0.0,,0.0,0.0,0.0,180.0,53.909130859375,53.909130859375,Leave_One_experiments/all_year_offline_schedule_search/daily_outputs/SYA/SYA_2022_SYA2022_normal_grid_S0028_daily.csv
SYA,SYA,Shenyang,2022,Leave_One_experiments\wth_generated_qc\SYA\SYA2022.WTH,wet_year;nitrogen_stress_year;low_response_year,wet,SYA2022_normal_grid_S0028,low_input_within_10pct_yield,2022-08-22,234,129,124,"{""sim_day"": 129.0, ""doy"": 234.0, ""topwt"": 14924.47265625, ""grnwt"": 8528.99169921875, ""xlai"": 1.5649878978729248, ""totir"": 0.0, ""tofer"": NaN, ""swfac"": 0.0, ""nstres"": 0.1702597141265869}",0.0,0.1702597141265869,14924.47265625,8528.99169921875,1.5649878978729248,0.0,,0.0,0.0,0.0,180.0,53.909130859375,53.909130859375,Leave_One_experiments/all_year_offline_schedule_search/daily_outputs/SYA/SYA_2022_SYA2022_normal_grid_S0028_daily.csv
SYA,SYA,Shenyang,2022,Leave_One_experiments\wth_generated_qc\SYA\SYA2022.WTH,wet_year;nitrogen_stress_year;low_response_year,wet,SYA2022_normal_grid_S0028,low_input_within_10pct_yield,2022-08-23,235,130,125,"{""sim_day"": 130.0, ""doy"": 235.0, ""topwt"": 15178.194580078123, ""grnwt"": 8782.711791992188, ""xlai"": 1.51129150390625, ""totir"": 0.0, ""tofer"": NaN, ""swfac"": 0.0, ""nstres"": 0.2625635266304016}",0.0,0.2625635266304016,15178.194580078123,8782.711791992188,1.51129150390625,0.0,,0.0,0.0,0.0,180.0,53.909130859375,53.909130859375,Leave_One_experiments/all_year_offline_schedule_search/daily_outputs/SYA/SYA_2022_SYA2022_normal_grid_S0028_daily.csv
SYA,SYA,Shenyang,2022,Leave_One_experiments\wth_generated_qc\SYA\SYA2022.WTH,wet_year;nitrogen_stress_year;low_response_year,wet,SYA2022_normal_grid_S0028,low_input_within_10pct_yield,2022-08-24,236,131,126,"{""sim_day"": 131.0, ""doy"": 236.0, ""topwt"": 15392.686767578123, ""grnwt"": 8997.203979492188, ""xlai"": 1.4543943405151367, ""totir"": 0.0, ""tofer"": NaN, ""swfac"": 0.0, ""nstres"": 0.3619195818901062}",0.0,0.3619195818901062,15392.686767578123,8997.203979492188,1.4543943405151367,0.0,,0.0,0.0,0.0,180.0,53.909130859375,53.909130859375,Leave_One_experiments/all_year_offline_schedule_search/daily_outputs/SYA/SYA_2022_SYA2022_normal_grid_S0028_daily.csv
SYA,SYA,Shenyang,2022,Leave_One_experiments\wth_generated_qc\SYA\SYA2022.WTH,wet_year;nitrogen_stress_year;low_response_year,wet,SYA2022_normal_grid_S0028,low_input_within_10pct_yield,2022-08-25,237,132,127,"{""sim_day"": 132.0, ""doy"": 237.0, ""topwt"": 15498.787841796877, ""grnwt"": 9103.3056640625, ""xlai"": 1.4043433666229248, ""totir"": 0.0, ""tofer"": NaN, ""swfac"": 0.0, ""nstres"": 0.4259247183799743}",0.0,0.4259247183799743,15498.787841796877,9103.3056640625,1.4043433666229248,0.0,,0.0,0.0,0.0,180.0,53.909130859375,53.909130859375,Leave_One_experiments/all_year_offline_schedule_search/daily_outputs/SYA/SYA_2022_SYA2022_normal_grid_S0028_daily.csv
SYA,SYA,Shenyang,2022,Leave_One_experiments\wth_generated_qc\SYA\SYA2022.WTH,wet_year;nitrogen_stress_year;low_response_year,wet,SYA2022_normal_grid_S0028,low_input_within_10pct_yield,2022-08-26,238,133,128,"{""sim_day"": 133.0, ""doy"": 238.0, ""topwt"": 15696.158447265623, ""grnwt"": 9300.67626953125, ""xlai"": 1.355292797088623, ""totir"": 0.0, ""tofer"": NaN, ""swfac"": 0.0, ""nstres"": 0.4382669329643249}",0.0,0.4382669329643249,15696.158447265623,9300.67626953125,1.355292797088623,0.0,,0.0,0.0,0.0,180.0,53.909130859375,53.909130859375,Leave_One_experiments/all_year_offline_schedule_search/daily_outputs/SYA/SYA_2022_SYA2022_normal_grid_S0028_daily.csv
SYA,SYA,Shenyang,2022,Leave_One_experiments\wth_generated_qc\SYA\SYA2022.WTH,wet_year;nitrogen_stress_year;low_response_year,wet,SYA2022_normal_grid_S0028,low_input_within_10pct_yield,2022-08-27,239,134,129,"{""sim_day"": 134.0, ""doy"": 239.0, ""topwt"": 15825.56640625, ""grnwt"": 9430.083618164062, ""xlai"": 1.3056163787841797, ""totir"": 0.0, ""tofer"": NaN, ""swfac"": 0.0, ""nstres"": 0.4796875715255737}",0.0,0.4796875715255737,15825.56640625,9430.083618164062,1.3056163787841797,0.0,,0.0,0.0,0.0,180.0,53.909130859375,53.909130859375,Leave_One_experiments/all_year_offline_schedule_search/daily_outputs/SYA/SYA_2022_SYA2022_normal_grid_S0028_daily.csv
SYA,SYA,Shenyang,2022,Leave_One_experiments\wth_generated_qc\SYA\SYA2022.WTH,wet_year;nitrogen_stress_year;low_response_year,wet,SYA2022_normal_grid_S0028,low_input_within_10pct_yield,2022-08-28,240,135,130,"{""sim_day"": 135.0, ""doy"": 240.0, ""topwt"": 15849.217529296877, ""grnwt"": 9453.734741210938, ""xlai"": 1.256636142730713, ""totir"": 0.0, ""tofer"": NaN, ""swfac"": 0.0, ""nstres"": 0.5003588199615479}",0.0,0.5003588199615479,15849.217529296877,9453.734741210938,1.256636142730713,0.0,,0.0,0.0,0.0,180.0,53.909130859375,53.909130859375,Leave_One_experiments/all_year_offline_schedule_search/daily_outputs/SYA/SYA_2022_SYA2022_normal_grid_S0028_daily.csv
SYA,SYA,Shenyang,2022,Leave_One_experiments\wth_generated_qc\SYA\SYA2022.WTH,wet_year;nitrogen_stress_year;low_response_year,wet,SYA2022_normal_grid_S0028,low_input_within_10pct_yield,2022-08-29,241,136,131,"{""sim_day"": 136.0, ""doy"": 241.0, ""topwt"": 15998.675537109377, ""grnwt"": 9603.193359375, ""xlai"": 1.192627191543579, ""totir"": 0.0, ""tofer"": NaN, ""swfac"": 0.0, ""nstres"": 0.4687927365303039}",0.0,0.4687927365303039,15998.675537109377,9603.193359375,1.192627191543579,0.0,,0.0,0.0,0.0,180.0,53.909130859375,53.909130859375,Leave_One_experiments/all_year_offline_schedule_search/daily_outputs/SYA/SYA_2022_SYA2022_normal_grid_S0028_daily.csv
SYA,SYA,Shenyang,2022,Leave_One_experiments\wth_generated_qc\SYA\SYA2022.WTH,wet_year;nitrogen_stress_year;low_response_year,wet,SYA2022_normal_grid_S0028,low_input_within_10pct_yield,2022-08-30,242,137,132,"{""sim_day"": 137.0, ""doy"": 242.0, ""topwt"": 16142.547607421877, ""grnwt"": 9747.0654296875, ""xlai"": 1.1242470741271973, ""totir"": 0.0, ""tofer"": NaN, ""swfac"": 0.0, ""nstres"": 0.501370370388031}",0.0,0.501370370388031,16142.547607421877,9747.0654296875,1.1242470741271973,0.0,,0.0,0.0,0.0,180.0,53.909130859375,53.909130859375,Leave_One_experiments/all_year_offline_schedule_search/daily_outputs/SYA/SYA_2022_SYA2022_normal_grid_S0028_daily.csv
SYA,SYA,Shenyang,2022,Leave_One_experiments\wth_generated_qc\SYA\SYA2022.WTH,wet_year;nitrogen_stress_year;low_response_year,wet,SYA2022_normal_grid_S0028,low_input_within_10pct_yield,2022-08-31,243,138,133,"{""sim_day"": 138.0, ""doy"": 243.0, ""topwt"": 16286.39404296875, ""grnwt"": 9890.9130859375, ""xlai"": 1.0679457187652588, ""totir"": 0.0, ""tofer"": NaN, ""swfac"": 0.0, ""nstres"": 0.5252742171287537}",0.0,0.5252742171287537,16286.39404296875,9890.9130859375,1.0679457187652588,0.0,,0.0,0.0,0.0,180.0,53.909130859375,53.909130859375,Leave_One_experiments/all_year_offline_schedule_search/daily_outputs/SYA/SYA_2022_SYA2022_normal_grid_S0028_daily.csv
SYA,SYA,Shenyang,2022,Leave_One_experiments\wth_generated_qc\SYA\SYA2022.WTH,wet_year;nitrogen_stress_year;low_response_year,wet,SYA2022_normal_grid_S0028,low_input_within_10pct_yield,2022-09-01,244,139,134,"{""sim_day"": 139.0, ""doy"": 244.0, ""topwt"": 16286.39404296875, ""grnwt"": 9890.9130859375, ""xlai"": 1.0679457187652588, ""totir"": 0.0, ""tofer"": NaN, ""swfac"": 0.0, ""nstres"": 0.5383871793746948}",0.0,0.5383871793746948,16286.39404296875,9890.9130859375,1.0679457187652588,0.0,,0.0,0.0,0.0,180.0,53.909130859375,53.909130859375,Leave_One_experiments/all_year_offline_schedule_search/daily_outputs/SYA/SYA_2022_SYA2022_normal_grid_S0028_daily.csv
SYA,SYA,Shenyang,2022,Leave_One_experiments\wth_generated_qc\SYA\SYA2022.WTH,wet_year;nitrogen_stress_year;low_response_year,wet,SYA2022_normal_grid_S0028,low_input_within_10pct_yield,2022-09-02,245,140,135,"{""sim_day"": 140.0, ""doy"": 245.0, ""topwt"": 16286.39404296875, ""grnwt"": 9890.9130859375, ""xlai"": 1.0679457187652588, ""totir"": 0.0, ""tofer"": NaN, ""swfac"": 0.0, ""nstres"": 0.5383871793746948}",0.0,0.5383871793746948,16286.39404296875,9890.9130859375,1.0679457187652588,0.0,,0.0,0.0,0.0,180.0,53.909130859375,53.909130859375,Leave_One_experiments/all_year_offline_schedule_search/daily_outputs/SYA/SYA_2022_SYA2022_normal_grid_S0028_daily.csv
SYA,SYA,Shenyang,2022,Leave_One_experiments\wth_generated_qc\SYA\SYA2022.WTH,wet_year;nitrogen_stress_year;low_response_year,wet,SYA2022_normal_grid_S0028,low_input_within_10pct_yield,2022-09-03,246,141,136,"{""sim_day"": 141.0, ""doy"": 246.0, ""topwt"": 16286.39404296875, ""grnwt"": 9890.9130859375, ""xlai"": 1.0679457187652588, ""totir"": 0.0, ""tofer"": NaN, ""swfac"": 0.0, ""nstres"": 0.5383871793746948}",0.0,0.5383871793746948,16286.39404296875,9890.9130859375,1.0679457187652588,0.0,,0.0,0.0,0.0,180.0,53.909130859375,53.909130859375,Leave_One_experiments/all_year_offline_schedule_search/daily_outputs/SYA/SYA_2022_SYA2022_normal_grid_S0028_daily.csv
SYA,SYA,Shenyang,2022,Leave_One_experiments\wth_generated_qc\SYA\SYA2022.WTH,wet_year;nitrogen_stress_year;low_response_year,wet,SYA2022_normal_grid_S0028,low_input_within_10pct_yield,2022-09-04,247,142,137,"{""sim_day"": 142.0, ""doy"": 247.0, ""topwt"": 16286.39404296875, ""grnwt"": 9890.9130859375, ""xlai"": 1.0679457187652588, ""totir"": 0.0, ""tofer"": NaN, ""swfac"": 0.0, ""nstres"": 0.5383871793746948}",0.0,0.5383871793746948,16286.39404296875,9890.9130859375,1.0679457187652588,0.0,,0.0,0.0,0.0,180.0,53.909130859375,53.909130859375,Leave_One_experiments/all_year_offline_schedule_search/daily_outputs/SYA/SYA_2022_SYA2022_normal_grid_S0028_daily.csv
SYA,SYA,Shenyang,2022,Leave_One_experiments\wth_generated_qc\SYA\SYA2022.WTH,wet_year;nitrogen_stress_year;low_response_year,wet,SYA2022_normal_grid_S0019,pareto_balanced,2022-04-21,111,1,1,"{""sim_day"": 1.0, ""doy"": 111.0, ""topwt"": 0.0, ""grnwt"": 0.0, ""xlai"": 0.0, ""totir"": 0.0, ""tofer"": NaN, ""swfac"": 0.0, ""nstres"": 0.0}",0.0,0.0,0.0,0.0,0.0,0.0,,0.0,75.0,0.0,225.0,52.10362548828125,52.10362548828125,Leave_One_experiments/all_year_offline_schedule_search/daily_outputs/SYA/SYA_2022_SYA2022_normal_grid_S0019_daily.csv
SYA,SYA,Shenyang,2022,Leave_One_experiments\wth_generated_qc\SYA\SYA2022.WTH,wet_year;nitrogen_stress_year;low_response_year,wet,SYA2022_normal_grid_S0019,pareto_balanced,2022-04-22,112,2,2,"{""sim_day"": 2.0, ""doy"": 112.0, ""topwt"": 0.0, ""grnwt"": 0.0, ""xlai"": 0.0, ""totir"": 0.0, ""tofer"": NaN, ""swfac"": 0.0, ""nstres"": 0.0}",0.0,0.0,0.0,0.0,0.0,0.0,,0.0,0.0,0.0,225.0,52.10362548828125,52.10362548828125,Leave_One_experiments/all_year_offline_schedule_search/daily_outputs/SYA/SYA_2022_SYA2022_normal_grid_S0019_daily.csv
SYA,SYA,Shenyang,2022,Leave_One_experiments\wth_generated_qc\SYA\SYA2022.WTH,wet_year;nitrogen_stress_year;low_response_year,wet,SYA2022_normal_grid_S0019,pareto_balanced,2022-04-23,113,3,3,"{""sim_day"": 3.0, ""doy"": 113.0, ""topwt"": 0.0, ""grnwt"": 0.0, ""xlai"": 0.0, ""totir"": 0.0, ""tofer"": NaN, ""swfac"": 0.0, ""nstres"": 0.0}",0.0,0.0,0.0,0.0,0.0,0.0,,0.0,0.0,0.0,225.0,52.10362548828125,52.10362548828125,Leave_One_experiments/all_year_offline_schedule_search/daily_outputs/SYA/SYA_2022_SYA2022_normal_grid_S0019_daily.csv
SYA,SYA,Shenyang,2022,Leave_One_experiments\wth_generated_qc\SYA\SYA2022.WTH,wet_year;nitrogen_stress_year;low_response_year,wet,SYA2022_normal_grid_S0019,pareto_balanced,2022-04-24,114,4,4,"{""sim_day"": 4.0, ""doy"": 114.0, ""topwt"": 0.0, ""grnwt"": 0.0, ""xlai"": 0.0, ""totir"": 0.0, ""tofer"": NaN, ""swfac"": 0.0, ""nstres"": 0.0}",0.0,0.0,0.0,0.0,0.0,0.0,,0.0,0.0,0.0,225.0,52.10362548828125,52.10362548828125,Leave_One_experiments/all_year_offline_schedule_search/daily_outputs/SYA/SYA_2022_SYA2022_normal_grid_S0019_daily.csv
SYA,SYA,Shenyang,2022,Leave_One_experiments\wth_generated_qc\SYA\SYA2022.WTH,wet_year;nitrogen_stress_year;low_response_year,wet,SYA2022_normal_grid_S0019,pareto_balanced,2022-04-25,115,5,5,"{""sim_day"": 5.0, ""doy"": 115.0, ""topwt"": 0.0, ""grnwt"": 0.0, ""xlai"": 0.0, ""totir"": 0.0, ""tofer"": NaN, ""swfac"": 0.0, ""nstres"": 0.0}",0.0,0.0,0.0,0.0,0.0,0.0,,0.0,0.0,0.0,225.0,52.10362548828125,52.10362548828125,Leave_One_experiments/all_year_offline_schedule_search/daily_outputs/SYA/SYA_2022_SYA2022_normal_grid_S0019_daily.csv
SYA,SYA,Shenyang,2022,Leave_One_experiments\wth_generated_qc\SYA\SYA2022.WTH,wet_year;nitrogen_stress_year;low_response_year,wet,SYA2022_normal_grid_S0019,pareto_balanced,2022-04-21,111,6,1,"{""sim_day"": 6.0, ""doy"": 111.0, ""topwt"": 0.0, ""grnwt"": 0.0, ""xlai"": 0.0, ""totir"": 0.0, ""tofer"": NaN, ""swfac"": 0.0, ""nstres"": 0.0}",0.0,0.0,0.0,0.0,0.0,0.0,,0.0,0.0,0.0,225.0,52.10362548828125,52.10362548828125,Leave_One_experiments/all_year_offline_schedule_search/daily_outputs/SYA/SYA_2022_SYA2022_normal_grid_S0019_daily.csv
SYA,SYA,Shenyang,2022,Leave_One_experiments\wth_generated_qc\SYA\SYA2022.WTH,wet_year;nitrogen_stress_year;low_response_year,wet,SYA2022_normal_grid_S0019,pareto_balanced,2022-04-22,112,7,2,"{""sim_day"": 7.0, ""doy"": 112.0, ""topwt"": 0.0, ""grnwt"": 0.0, ""xlai"": 0.0, ""totir"": 0.0, ""tofer"": NaN, ""swfac"": 0.0, ""nstres"": 0.0}",0.0,0.0,0.0,0.0,0.0,0.0,,0.0,0.0,0.0,225.0,52.10362548828125,52.10362548828125,Leave_One_experiments/all_year_offline_schedule_search/daily_outputs/SYA/SYA_2022_SYA2022_normal_grid_S0019_daily.csv
SYA,SYA,Shenyang,2022,Leave_One_experiments\wth_generated_qc\SYA\SYA2022.WTH,wet_year;nitrogen_stress_year;low_response_year,wet,SYA2022_normal_grid_S0019,pareto_balanced,2022-04-23,113,8,3,"{""sim_day"": 8.0, ""doy"": 113.0, ""topwt"": 0.0, ""grnwt"": 0.0, ""xlai"": 0.0, ""totir"": 0.0, ""tofer"": NaN, ""swfac"": 0.0, ""nstres"": 0.0}",0.0,0.0,0.0,0.0,0.0,0.0,,0.0,0.0,0.0,225.0,52.10362548828125,52.10362548828125,Leave_One_experiments/all_year_offline_schedule_search/daily_outputs/SYA/SYA_2022_SYA2022_normal_grid_S0019_daily.csv
SYA,SYA,Shenyang,2022,Leave_One_experiments\wth_generated_qc\SYA\SYA2022.WTH,wet_year;nitrogen_stress_year;low_response_year,wet,SYA2022_normal_grid_S0019,pareto_balanced,2022-04-24,114,9,4,"{""sim_day"": 9.0, ""doy"": 114.0, ""topwt"": 0.0, ""grnwt"": 0.0, ""xlai"": 0.0, ""totir"": 0.0, ""tofer"": NaN, ""swfac"": 0.0, ""nstres"": 0.0}",0.0,0.0,0.0,0.0,0.0,0.0,,0.0,0.0,0.0,225.0,52.10362548828125,52.10362548828125,Leave_One_experiments/all_year_offline_schedule_search/daily_outputs/SYA/SYA_2022_SYA2022_normal_grid_S0019_daily.csv
SYA,SYA,Shenyang,2022,Leave_One_experiments\wth_generated_qc\SYA\SYA2022.WTH,wet_year;nitrogen_stress_year;low_response_year,wet,SYA2022_normal_grid_S0019,pareto_balanced,2022-04-25,115,10,5,"{""sim_day"": 10.0, ""doy"": 115.0, ""topwt"": 0.0, ""grnwt"": 0.0, ""xlai"": 0.0, ""totir"": 0.0, ""tofer"": NaN, ""swfac"": 0.0, ""nstres"": 0.0}",0.0,0.0,0.0,0.0,0.0,0.0,,0.0,0.0,0.0,225.0,52.10362548828125,52.10362548828125,Leave_One_experiments/all_year_offline_schedule_search/daily_outputs/SYA/SYA_2022_SYA2022_normal_grid_S0019_daily.csv
SYA,SYA,Shenyang,2022,Leave_One_experiments\wth_generated_qc\SYA\SYA2022.WTH,wet_year;nitrogen_stress_year;low_response_year,wet,SYA2022_normal_grid_S0019,pareto_balanced,2022-04-26,116,11,6,"{""sim_day"": 11.0, ""doy"": 116.0, ""topwt"": 0.0, ""grnwt"": 0.0, ""xlai"": 0.0, ""totir"": 0.0, ""tofer"": NaN, ""swfac"": 0.0, ""nstres"": 0.0}",0.0,0.0,0.0,0.0,0.0,0.0,,0.0,0.0,0.0,225.0,52.10362548828125,52.10362548828125,Leave_One_experiments/all_year_offline_schedule_search/daily_outputs/SYA/SYA_2022_SYA2022_normal_grid_S0019_daily.csv
SYA,SYA,Shenyang,2022,Leave_One_experiments\wth_generated_qc\SYA\SYA2022.WTH,wet_year;nitrogen_stress_year;low_response_year,wet,SYA2022_normal_grid_S0019,pareto_balanced,2022-04-27,117,12,7,"{""sim_day"": 12.0, ""doy"": 117.0, ""topwt"": 0.0, ""grnwt"": 0.0, ""xlai"": 0.0, ""totir"": 0.0, ""tofer"": NaN, ""swfac"": 0.0, ""nstres"": 0.0}",0.0,0.0,0.0,0.0,0.0,0.0,,0.0,0.0,0.0,225.0,52.10362548828125,52.10362548828125,Leave_One_experiments/all_year_offline_schedule_search/daily_outputs/SYA/SYA_2022_SYA2022_normal_grid_S0019_daily.csv
SYA,SYA,Shenyang,2022,Leave_One_experiments\wth_generated_qc\SYA\SYA2022.WTH,wet_year;nitrogen_stress_year;low_response_year,wet,SYA2022_normal_grid_S0019,pareto_balanced,2022-04-28,118,13,8,"{""sim_day"": 13.0, ""doy"": 118.0, ""topwt"": 0.0, ""grnwt"": 0.0, ""xlai"": 0.0, ""totir"": 0.0, ""tofer"": NaN, ""swfac"": 0.0, ""nstres"": 0.0}",0.0,0.0,0.0,0.0,0.0,0.0,,0.0,0.0,0.0,225.0,52.10362548828125,52.10362548828125,Leave_One_experiments/all_year_offline_schedule_search/daily_outputs/SYA/SYA_2022_SYA2022_normal_grid_S0019_daily.csv
SYA,SYA,Shenyang,2022,Leave_One_experiments\wth_generated_qc\SYA\SYA2022.WTH,wet_year;nitrogen_stress_year;low_response_year,wet,SYA2022_normal_grid_S0019,pareto_balanced,2022-04-29,119,14,9,"{""sim_day"": 14.0, ""doy"": 119.0, ""topwt"": 0.0, ""grnwt"": 0.0, ""xlai"": 0.0, ""totir"": 0.0, ""tofer"": NaN, ""swfac"": 0.0, ""nstres"": 0.0}",0.0,0.0,0.0,0.0,0.0,0.0,,0.0,0.0,0.0,225.0,52.10362548828125,52.10362548828125,Leave_One_experiments/all_year_offline_schedule_search/daily_outputs/SYA/SYA_2022_SYA2022_normal_grid_S0019_daily.csv
SYA,SYA,Shenyang,2022,Leave_One_experiments\wth_generated_qc\SYA\SYA2022.WTH,wet_year;nitrogen_stress_year;low_response_year,wet,SYA2022_normal_grid_S0019,pareto_balanced,2022-04-30,120,15,10,"{""sim_day"": 15.0, ""doy"": 120.0, ""topwt"": 0.0, ""grnwt"": 0.0, ""xlai"": 0.0, ""totir"": 0.0, ""tofer"": NaN, ""swfac"": 0.0, ""nstres"": 0.0}",0.0,0.0,0.0,0.0,0.0,0.0,,0.0,0.0,0.0,225.0,52.10362548828125,52.10362548828125,Leave_One_experiments/all_year_offline_schedule_search/daily_outputs/SYA/SYA_2022_SYA2022_normal_grid_S0019_daily.csv
SYA,SYA,Shenyang,2022,Leave_One_experiments\wth_generated_qc\SYA\SYA2022.WTH,wet_year;nitrogen_stress_year;low_response_year,wet,SYA2022_normal_grid_S0019,pareto_balanced,2022-05-01,121,16,11,"{""sim_day"": 16.0, ""doy"": 121.0, ""topwt"": 0.0, ""grnwt"": 0.0, ""xlai"": 0.0, ""totir"": 0.0, ""tofer"": NaN, ""swfac"": 0.0, ""nstres"": 0.0}",0.0,0.0,0.0,0.0,0.0,0.0,,0.0,0.0,0.0,225.0,52.10362548828125,52.10362548828125,Leave_One_experiments/all_year_offline_schedule_search/daily_outputs/SYA/SYA_2022_SYA2022_normal_grid_S0019_daily.csv
SYA,SYA,Shenyang,2022,Leave_One_experiments\wth_generated_qc\SYA\SYA2022.WTH,wet_year;nitrogen_stress_year;low_response_year,wet,SYA2022_normal_grid_S0019,pareto_balanced,2022-05-02,122,17,12,"{""sim_day"": 17.0, ""doy"": 122.0, ""topwt"": 17.600001096725464, ""grnwt"": 0.0, ""xlai"": 0.0018071295926347, ""totir"": 0.0, ""tofer"": NaN, ""swfac"": 0.0, ""nstres"": 0.0121910572052001}",0.0,0.0121910572052001,17.600001096725464,0.0,0.0018071295926347,0.0,,0.0,0.0,0.0,225.0,52.10362548828125,52.10362548828125,Leave_One_experiments/all_year_offline_schedule_search/daily_outputs/SYA/SYA_2022_SYA2022_normal_grid_S0019_daily.csv
SYA,SYA,Shenyang,2022,Leave_One_experiments\wth_generated_qc\SYA\SYA2022.WTH,wet_year;nitrogen_stress_year;low_response_year,wet,SYA2022_normal_grid_S0019,pareto_balanced,2022-05-03,123,18,13,"{""sim_day"": 18.0, ""doy"": 123.0, ""topwt"": 17.600001096725464, ""grnwt"": 0.0, ""xlai"": 0.003558105090633, ""totir"": 0.0, ""tofer"": NaN, ""swfac"": 0.0, ""nstres"": 0.0121737718582153}",0.0,0.0121737718582153,17.600001096725464,0.0,0.003558105090633,0.0,,0.0,0.0,0.0,225.0,52.10362548828125,52.10362548828125,Leave_One_experiments/all_year_offline_schedule_search/daily_outputs/SYA/SYA_2022_SYA2022_normal_grid_S0019_daily.csv
SYA,SYA,Shenyang,2022,Leave_One_experiments\wth_generated_qc\SYA\SYA2022.WTH,wet_year;nitrogen_stress_year;low_response_year,wet,SYA2022_normal_grid_S0019,pareto_balanced,2022-05-04,124,19,14,"{""sim_day"": 19.0, ""doy"": 124.0, ""topwt"": 17.600001096725464, ""grnwt"": 0.0, ""xlai"": 0.0056383982300758, ""totir"": 0.0, ""tofer"": NaN, ""swfac"": 0.0, ""nstres"": 0.0065042972564697}",0.0,0.0065042972564697,17.600001096725464,0.0,0.0056383982300758,0.0,,0.0,0.0,0.0,225.0,52.10362548828125,52.10362548828125,Leave_One_experiments/all_year_offline_schedule_search/daily_outputs/SYA/SYA_2022_SYA2022_normal_grid_S0019_daily.csv
SYA,SYA,Shenyang,2022,Leave_One_experiments\wth_generated_qc\SYA\SYA2022.WTH,wet_year;nitrogen_stress_year;low_response_year,wet,SYA2022_normal_grid_S0019,pareto_balanced,2022-05-05,125,20,15,"{""sim_day"": 20.0, ""doy"": 125.0, ""topwt"": 17.600001096725464, ""grnwt"": 0.0, ""xlai"": 0.006789481267333, ""totir"": 0.0, ""tofer"": NaN, ""swfac"": 0.0, ""nstres"": 0.0034595727920532}",0.0,0.0034595727920532,17.600001096725464,0.0,0.006789481267333,0.0,,0.0,0.0,0.0,225.0,52.10362548828125,52.10362548828125,Leave_One_experiments/all_year_offline_schedule_search/daily_outputs/SYA/SYA_2022_SYA2022_normal_grid_S0019_daily.csv
SYA,SYA,Shenyang,2022,Leave_One_experiments\wth_generated_qc\SYA\SYA2022.WTH,wet_year;nitrogen_stress_year;low_response_year,wet,SYA2022_normal_grid_S0019,pareto_balanced,2022-05-06,126,21,16,"{""sim_day"": 21.0, ""doy"": 126.0, ""topwt"": 17.600001096725464, ""grnwt"": 0.0, ""xlai"": 0.007667071186006, ""totir"": 0.0, ""tofer"": NaN, ""swfac"": 0.0, ""nstres"": 0.0012050867080688}",0.0,0.0012050867080688,17.600001096725464,0.0,0.007667071186006,0.0,,0.0,0.0,0.0,225.0,52.10362548828125,52.10362548828125,Leave_One_experiments/all_year_offline_schedule_search/daily_outputs/SYA/SYA_2022_SYA2022_normal_grid_S0019_daily.csv
SYA,SYA,Shenyang,2022,Leave_One_experiments\wth_generated_qc\SYA\SYA2022.WTH,wet_year;nitrogen_stress_year;low_response_year,wet,SYA2022_normal_grid_S0019,pareto_balanced,2022-05-07,127,22,17,"{""sim_day"": 22.0, ""doy"": 127.0, ""topwt"": 17.600001096725464, ""grnwt"": 0.0, ""xlai"": 0.0087130293250083, ""totir"": 0.0, ""tofer"": NaN, ""swfac"": 0.0, ""nstres"": 0.0}",0.0,0.0,17.600001096725464,0.0,0.0087130293250083,0.0,,0.0,0.0,0.0,225.0,52.10362548828125,52.10362548828125,Leave_One_experiments/all_year_offline_schedule_search/daily_outputs/SYA/SYA_2022_SYA2022_normal_grid_S0019_daily.csv
SYA,SYA,Shenyang,2022,Leave_One_experiments\wth_generated_qc\SYA\SYA2022.WTH,wet_year;nitrogen_stress_year;low_response_year,wet,SYA2022_normal_grid_S0019,pareto_balanced,2022-05-08,128,23,18,"{""sim_day"": 23.0, ""doy"": 128.0, ""topwt"": 17.600001096725464, ""grnwt"": 0.0, ""xlai"": 0.0101106306537985, ""totir"": 0.0, ""tofer"": NaN, ""swfac"": 0.0, ""nstres"": 0.0}",0.0,0.0,17.600001096725464,0.0,0.0101106306537985,0.0,,0.0,0.0,0.0,225.0,52.10362548828125,52.10362548828125,Leave_One_experiments/all_year_offline_schedule_search/daily_outputs/SYA/SYA_2022_SYA2022_normal_grid_S0019_daily.csv
SYA,SYA,Shenyang,2022,Leave_One_experiments\wth_generated_qc\SYA\SYA2022.WTH,wet_year;nitrogen_stress_year;low_response_year,wet,SYA2022_normal_grid_S0019,pareto_balanced,2022-05-09,129,24,19,"{""sim_day"": 24.0, ""doy"": 129.0, ""topwt"": 17.600001096725464, ""grnwt"": 0.0, ""xlai"": 0.0115070734173059, ""totir"": 0.0, ""tofer"": NaN, ""swfac"": 0.0, ""nstres"": 0.0}",0.0,0.0,17.600001096725464,0.0,0.0115070734173059,0.0,,0.0,0.0,0.0,225.0,52.10362548828125,52.10362548828125,Leave_One_experiments/all_year_offline_schedule_search/daily_outputs/SYA/SYA_2022_SYA2022_normal_grid_S0019_daily.csv
SYA,SYA,Shenyang,2022,Leave_One_experiments\wth_generated_qc\SYA\SYA2022.WTH,wet_year;nitrogen_stress_year;low_response_year,wet,SYA2022_normal_grid_S0019,pareto_balanced,2022-05-10,130,25,20,"{""sim_day"": 25.0, ""doy"": 130.0, ""topwt"": 17.600001096725464, ""grnwt"": 0.0, ""xlai"": 0.0124683212488889, ""totir"": 0.0, ""tofer"": NaN, ""swfac"": 0.0, ""nstres"": 0.0}",0.0,0.0,17.600001096725464,0.0,0.0124683212488889,0.0,,0.0,0.0,0.0,225.0,52.10362548828125,52.10362548828125,Leave_One_experiments/all_year_offline_schedule_search/daily_outputs/SYA/SYA_2022_SYA2022_normal_grid_S0019_daily.csv
SYA,SYA,Shenyang,2022,Leave_One_experiments\wth_generated_qc\SYA\SYA2022.WTH,wet_year;nitrogen_stress_year;low_response_year,wet,SYA2022_normal_grid_S0019,pareto_balanced,2022-05-11,131,26,21,"{""sim_day"": 26.0, ""doy"": 131.0, ""topwt"": 17.600001096725464, ""grnwt"": 0.0, ""xlai"": 0.0153758497908711, ""totir"": 0.0, ""tofer"": NaN, ""swfac"": 0.0, ""nstres"": 0.0}",0.0,0.0,17.600001096725464,0.0,0.0153758497908711,0.0,,0.0,0.0,0.0,225.0,52.10362548828125,52.10362548828125,Leave_One_experiments/all_year_offline_schedule_search/daily_outputs/SYA/SYA_2022_SYA2022_normal_grid_S0019_daily.csv
SYA,SYA,Shenyang,2022,Leave_One_experiments\wth_generated_qc\SYA\SYA2022.WTH,wet_year;nitrogen_stress_year;low_response_year,wet,SYA2022_normal_grid_S0019,pareto_balanced,2022-05-12,132,27,22,"{""sim_day"": 27.0, ""doy"": 132.0, ""topwt"": 17.600001096725464, ""grnwt"": 0.0, ""xlai"": 0.0191739797592163, ""totir"": 0.0, ""tofer"": NaN, ""swfac"": 0.0, ""nstres"": 0.0}",0.0,0.0,17.600001096725464,0.0,0.0191739797592163,0.0,,0.0,0.0,0.0,225.0,52.10362548828125,52.10362548828125,Leave_One_experiments/all_year_offline_schedule_search/daily_outputs/SYA/SYA_2022_SYA2022_normal_grid_S0019_daily.csv
SYA,SYA,Shenyang,2022,Leave_One_experiments\wth_generated_qc\SYA\SYA2022.WTH,wet_year;nitrogen_stress_year;low_response_year,wet,SYA2022_normal_grid_S0019,pareto_balanced,2022-05-13,133,28,23,"{""sim_day"": 28.0, ""doy"": 133.0, ""topwt"": 17.600001096725464, ""grnwt"": 0.0, ""xlai"": 0.022767286747694, ""totir"": 0.0, ""tofer"": NaN, ""swfac"": 0.0, ""nstres"": 0.0}",0.0,0.0,17.600001096725464,0.0,0.022767286747694,0.0,,0.0,0.0,0.0,225.0,52.10362548828125,52.10362548828125,Leave_One_experiments/all_year_offline_schedule_search/daily_outputs/SYA/SYA_2022_SYA2022_normal_grid_S0019_daily.csv
SYA,SYA,Shenyang,2022,Leave_One_experiments\wth_generated_qc\SYA\SYA2022.WTH,wet_year;nitrogen_stress_year;low_response_year,wet,SYA2022_normal_grid_S0019,pareto_balanced,2022-05-14,134,29,24,"{""sim_day"": 29.0, ""doy"": 134.0, ""topwt"": 17.600001096725464, ""grnwt"": 0.0, ""xlai"": 0.0290344711393117, ""totir"": 0.0, ""tofer"": NaN, ""swfac"": 0.0, ""nstres"": 0.0}",0.0,0.0,17.600001096725464,0.0,0.0290344711393117,0.0,,0.0,0.0,0.0,225.0,52.10362548828125,52.10362548828125,Leave_One_experiments/all_year_offline_schedule_search/daily_outputs/SYA/SYA_2022_SYA2022_normal_grid_S0019_daily.csv
SYA,SYA,Shenyang,2022,Leave_One_experiments\wth_generated_qc\SYA\SYA2022.WTH,wet_year;nitrogen_stress_year;low_response_year,wet,SYA2022_normal_grid_S0019,pareto_balanced,2022-05-15,135,30,25,"{""sim_day"": 30.0, ""doy"": 135.0, ""topwt"": 19.940943717956543, ""grnwt"": 0.0, ""xlai"": 0.0363943949341774, ""totir"": 0.0, ""tofer"": NaN, ""swfac"": 0.0, ""nstres"": 0.0}",0.0,0.0,19.940943717956543,0.0,0.0363943949341774,0.0,,0.0,0.0,0.0,225.0,52.10362548828125,52.10362548828125,Leave_One_experiments/all_year_offline_schedule_search/daily_outputs/SYA/SYA_2022_SYA2022_normal_grid_S0019_daily.csv
SYA,SYA,Shenyang,2022,Leave_One_experiments\wth_generated_qc\SYA\SYA2022.WTH,wet_year;nitrogen_stress_year;low_response_year,wet,SYA2022_normal_grid_S0019,pareto_balanced,2022-05-16,136,31,26,"{""sim_day"": 31.0, ""doy"": 136.0, ""topwt"": 23.856077194213867, ""grnwt"": 0.0, ""xlai"": 0.0462568514049053, ""totir"": 0.0, ""tofer"": NaN, ""swfac"": 0.0, ""nstres"": 0.0}",0.0,0.0,23.856077194213867,0.0,0.0462568514049053,0.0,,0.0,0.0,0.0,225.0,52.10362548828125,52.10362548828125,Leave_One_experiments/all_year_offline_schedule_search/daily_outputs/SYA/SYA_2022_SYA2022_normal_grid_S0019_daily.csv
SYA,SYA,Shenyang,2022,Leave_One_experiments\wth_generated_qc\SYA\SYA2022.WTH,wet_year;nitrogen_stress_year;low_response_year,wet,SYA2022_normal_grid_S0019,pareto_balanced,2022-05-17,137,32,27,"{""sim_day"": 32.0, ""doy"": 137.0, ""topwt"": 28.457961082458496, ""grnwt"": 0.0, ""xlai"": 0.0571924187242984, ""totir"": 0.0, ""tofer"": NaN, ""swfac"": 0.0, ""nstres"": 0.0}",0.0,0.0,28.457961082458496,0.0,0.0571924187242984,0.0,,0.0,0.0,0.0,225.0,52.10362548828125,52.10362548828125,Leave_One_experiments/all_year_offline_schedule_search/daily_outputs/SYA/SYA_2022_SYA2022_normal_grid_S0019_daily.csv
SYA,SYA,Shenyang,2022,Leave_One_experiments\wth_generated_qc\SYA\SYA2022.WTH,wet_year;nitrogen_stress_year;low_response_year,wet,SYA2022_normal_grid_S0019,pareto_balanced,2022-05-18,138,33,28,"{""sim_day"": 33.0, ""doy"": 138.0, ""topwt"": 34.61930990219116, ""grnwt"": 0.0, ""xlai"": 0.071037083864212, ""totir"": 0.0, ""tofer"": NaN, ""swfac"": 0.0, ""nstres"": 0.0}",0.0,0.0,34.61930990219116,0.0,0.071037083864212,0.0,,0.0,0.0,0.0,225.0,52.10362548828125,52.10362548828125,Leave_One_experiments/all_year_offline_schedule_search/daily_outputs/SYA/SYA_2022_SYA2022_normal_grid_S0019_daily.csv
SYA,SYA,Shenyang,2022,Leave_One_experiments\wth_generated_qc\SYA\SYA2022.WTH,wet_year;nitrogen_stress_year;low_response_year,wet,SYA2022_normal_grid_S0019,pareto_balanced,2022-05-19,139,34,29,"{""sim_day"": 34.0, ""doy"": 139.0, ""topwt"": 41.75690174102783, ""grnwt"": 0.0, ""xlai"": 0.0862381905317306, ""totir"": 0.0, ""tofer"": NaN, ""swfac"": 0.0, ""nstres"": 0.0}",0.0,0.0,41.75690174102783,0.0,0.0862381905317306,0.0,,0.0,0.0,0.0,225.0,52.10362548828125,52.10362548828125,Leave_One_experiments/all_year_offline_schedule_search/daily_outputs/SYA/SYA_2022_SYA2022_normal_grid_S0019_daily.csv
SYA,SYA,Shenyang,2022,Leave_One_experiments\wth_generated_qc\SYA\SYA2022.WTH,wet_year;nitrogen_stress_year;low_response_year,wet,SYA2022_normal_grid_S0019,pareto_balanced,2022-05-20,140,35,30,"{""sim_day"": 35.0, ""doy"": 140.0, ""topwt"": 50.91094493865967, ""grnwt"": 0.0, ""xlai"": 0.1047612652182579, ""totir"": 0.0, ""tofer"": NaN, ""swfac"": 0.0, ""nstres"": 0.0}",0.0,0.0,50.91094493865967,0.0,0.1047612652182579,0.0,,0.0,75.0,0.0,225.0,52.10362548828125,52.10362548828125,Leave_One_experiments/all_year_offline_schedule_search/daily_outputs/SYA/SYA_2022_SYA2022_normal_grid_S0019_daily.csv
SYA,SYA,Shenyang,2022,Leave_One_experiments\wth_generated_qc\SYA\SYA2022.WTH,wet_year;nitrogen_stress_year;low_response_year,wet,SYA2022_normal_grid_S0019,pareto_balanced,2022-05-21,141,36,31,"{""sim_day"": 36.0, ""doy"": 141.0, ""topwt"": 61.37800216674805, ""grnwt"": 0.0, ""xlai"": 0.124932125210762, ""totir"": 0.0, ""tofer"": NaN, ""swfac"": 0.0, ""nstres"": 0.0}",0.0,0.0,61.37800216674805,0.0,0.124932125210762,0.0,,0.0,0.0,0.0,225.0,52.10362548828125,52.10362548828125,Leave_One_experiments/all_year_offline_schedule_search/daily_outputs/SYA/SYA_2022_SYA2022_normal_grid_S0019_daily.csv
SYA,SYA,Shenyang,2022,Leave_One_experiments\wth_generated_qc\SYA\SYA2022.WTH,wet_year;nitrogen_stress_year;low_response_year,wet,SYA2022_normal_grid_S0019,pareto_balanced,2022-05-22,142,37,32,"{""sim_day"": 37.0, ""doy"": 142.0, ""topwt"": 74.87233638763428, ""grnwt"": 0.0, ""xlai"": 0.1497323811054229, ""totir"": 0.0, ""tofer"": NaN, ""swfac"": 0.0, ""nstres"": 0.0}",0.0,0.0,74.87233638763428,0.0,0.1497323811054229,0.0,,0.0,0.0,0.0,225.0,52.10362548828125,52.10362548828125,Leave_One_experiments/all_year_offline_schedule_search/daily_outputs/SYA/SYA_2022_SYA2022_normal_grid_S0019_daily.csv
SYA,SYA,Shenyang,2022,Leave_One_experiments\wth_generated_qc\SYA\SYA2022.WTH,wet_year;nitrogen_stress_year;low_response_year,wet,SYA2022_normal_grid_S0019,pareto_balanced,2022-05-23,143,38,33,"{""sim_day"": 38.0, ""doy"": 143.0, ""topwt"": 87.34037399291992, ""grnwt"": 0.0, ""xlai"": 0.1834151297807693, ""totir"": 0.0, ""tofer"": NaN, ""swfac"": 0.0, ""nstres"": 0.0}",0.0,0.0,87.34037399291992,0.0,0.1834151297807693,0.0,,0.0,0.0,0.0,225.0,52.10362548828125,52.10362548828125,Leave_One_experiments/all_year_offline_schedule_search/daily_outputs/SYA/SYA_2022_SYA2022_normal_grid_S0019_daily.csv
SYA,SYA,Shenyang,2022,Leave_One_experiments\wth_generated_qc\SYA\SYA2022.WTH,wet_year;nitrogen_stress_year;low_response_year,wet,SYA2022_normal_grid_S0019,pareto_balanced,2022-05-24,144,39,34,"{""sim_day"": 39.0, ""doy"": 144.0, ""topwt"": 98.46155166625977, ""grnwt"": 0.0, ""xlai"": 0.2037011384963989, ""totir"": 0.0, ""tofer"": NaN, ""swfac"": 0.0, ""nstres"": 0.0056544542312622}",0.0,0.0056544542312622,98.46155166625977,0.0,0.2037011384963989,0.0,,0.0,0.0,0.0,225.0,52.10362548828125,52.10362548828125,Leave_One_experiments/all_year_offline_schedule_search/daily_outputs/SYA/SYA_2022_SYA2022_normal_grid_S0019_daily.csv
SYA,SYA,Shenyang,2022,Leave_One_experiments\wth_generated_qc\SYA\SYA2022.WTH,wet_year;nitrogen_stress_year;low_response_year,wet,SYA2022_normal_grid_S0019,pareto_balanced,2022-05-25,145,40,35,"{""sim_day"": 40.0, ""doy"": 145.0, ""topwt"": 105.32883644104004, ""grnwt"": 0.0, ""xlai"": 0.2159595191478729, ""totir"": 0.0, ""tofer"": NaN, ""swfac"": 0.0, ""nstres"": 0.0}",0.0,0.0,105.32883644104004,0.0,0.2159595191478729,0.0,,0.0,0.0,0.0,225.0,52.10362548828125,52.10362548828125,Leave_One_experiments/all_year_offline_schedule_search/daily_outputs/SYA/SYA_2022_SYA2022_normal_grid_S0019_daily.csv
SYA,SYA,Shenyang,2022,Leave_One_experiments\wth_generated_qc\SYA\SYA2022.WTH,wet_year;nitrogen_stress_year;low_response_year,wet,SYA2022_normal_grid_S0019,pareto_balanced,2022-05-26,146,41,36,"{""sim_day"": 41.0, ""doy"": 146.0, ""topwt"": 121.06701850891112, ""grnwt"": 0.0, ""xlai"": 0.243386909365654, ""totir"": 0.0, ""tofer"": NaN, ""swfac"": 0.0, ""nstres"": 0.0}",0.0,0.0,121.06701850891112,0.0,0.243386909365654,0.0,,0.0,0.0,0.0,225.0,52.10362548828125,52.10362548828125,Leave_One_experiments/all_year_offline_schedule_search/daily_outputs/SYA/SYA_2022_SYA2022_normal_grid_S0019_daily.csv
SYA,SYA,Shenyang,2022,Leave_One_experiments\wth_generated_qc\SYA\SYA2022.WTH,wet_year;nitrogen_stress_year;low_response_year,wet,SYA2022_normal_grid_S0019,pareto_balanced,2022-05-27,147,42,37,"{""sim_day"": 42.0, ""doy"": 147.0, ""topwt"": 144.544095993042, ""grnwt"": 0.0, ""xlai"": 0.2828387320041656, ""totir"": 0.0, ""tofer"": NaN, ""swfac"": 0.0, ""nstres"": 0.0}",0.0,0.0,144.544095993042,0.0,0.2828387320041656,0.0,,0.0,0.0,0.0,225.0,52.10362548828125,52.10362548828125,Leave_One_experiments/all_year_offline_schedule_search/daily_outputs/SYA/SYA_2022_SYA2022_normal_grid_S0019_daily.csv
SYA,SYA,Shenyang,2022,Leave_One_experiments\wth_generated_qc\SYA\SYA2022.WTH,wet_year;nitrogen_stress_year;low_response_year,wet,SYA2022_normal_grid_S0019,pareto_balanced,2022-05-28,148,43,38,"{""sim_day"": 43.0, ""doy"": 148.0, ""topwt"": 164.7563362121582, ""grnwt"": 0.0, ""xlai"": 0.315638780593872, ""totir"": 0.0, ""tofer"": NaN, ""swfac"": 0.0, ""nstres"": 0.0}",0.0,0.0,164.7563362121582,0.0,0.315638780593872,0.0,,0.0,0.0,0.0,225.0,52.10362548828125,52.10362548828125,Leave_One_experiments/all_year_offline_schedule_search/daily_outputs/SYA/SYA_2022_SYA2022_normal_grid_S0019_daily.csv
SYA,SYA,Shenyang,2022,Leave_One_experiments\wth_generated_qc\SYA\SYA2022.WTH,wet_year;nitrogen_stress_year;low_response_year,wet,SYA2022_normal_grid_S0019,pareto_balanced,2022-05-29,149,44,39,"{""sim_day"": 44.0, ""doy"": 149.0, ""topwt"": 180.51258087158203, ""grnwt"": 0.0, ""xlai"": 0.340573787689209, ""totir"": 0.0, ""tofer"": NaN, ""swfac"": 0.0, ""nstres"": 0.0}",0.0,0.0,180.51258087158203,0.0,0.340573787689209,0.0,,0.0,0.0,0.0,225.0,52.10362548828125,52.10362548828125,Leave_One_experiments/all_year_offline_schedule_search/daily_outputs/SYA/SYA_2022_SYA2022_normal_grid_S0019_daily.csv
SYA,SYA,Shenyang,2022,Leave_One_experiments\wth_generated_qc\SYA\SYA2022.WTH,wet_year;nitrogen_stress_year;low_response_year,wet,SYA2022_normal_grid_S0019,pareto_balanced,2022-05-30,150,45,40,"{""sim_day"": 45.0, ""doy"": 150.0, ""topwt"": 198.6165809631348, ""grnwt"": 0.0, ""xlai"": 0.3686260879039764, ""totir"": 0.0, ""tofer"": NaN, ""swfac"": 0.0, ""nstres"": 0.0}",0.0,0.0,198.6165809631348,0.0,0.3686260879039764,0.0,,0.0,0.0,0.0,225.0,52.10362548828125,52.10362548828125,Leave_One_experiments/all_year_offline_schedule_search/daily_outputs/SYA/SYA_2022_SYA2022_normal_grid_S0019_daily.csv
SYA,SYA,Shenyang,2022,Leave_One_experiments\wth_generated_qc\SYA\SYA2022.WTH,wet_year;nitrogen_stress_year;low_response_year,wet,SYA2022_normal_grid_S0019,pareto_balanced,2022-05-31,151,46,41,"{""sim_day"": 46.0, ""doy"": 151.0, ""topwt"": 225.09353637695312, ""grnwt"": 0.0, ""xlai"": 0.4086444973945617, ""totir"": 0.0, ""tofer"": NaN, ""swfac"": 0.0, ""nstres"": 0.0}",0.0,0.0,225.09353637695312,0.0,0.4086444973945617,0.0,,0.0,0.0,0.0,225.0,52.10362548828125,52.10362548828125,Leave_One_experiments/all_year_offline_schedule_search/daily_outputs/SYA/SYA_2022_SYA2022_normal_grid_S0019_daily.csv
SYA,SYA,Shenyang,2022,Leave_One_experiments\wth_generated_qc\SYA\SYA2022.WTH,wet_year;nitrogen_stress_year;low_response_year,wet,SYA2022_normal_grid_S0019,pareto_balanced,2022-06-01,152,47,42,"{""sim_day"": 47.0, ""doy"": 152.0, ""topwt"": 255.35955429077148, ""grnwt"": 0.0, ""xlai"": 0.4531169831752777, ""totir"": 0.0, ""tofer"": NaN, ""swfac"": 0.0, ""nstres"": 0.0}",0.0,0.0,255.35955429077148,0.0,0.4531169831752777,0.0,,0.0,0.0,0.0,225.0,52.10362548828125,52.10362548828125,Leave_One_experiments/all_year_offline_schedule_search/daily_outputs/SYA/SYA_2022_SYA2022_normal_grid_S0019_daily.csv
SYA,SYA,Shenyang,2022,Leave_One_experiments\wth_generated_qc\SYA\SYA2022.WTH,wet_year;nitrogen_stress_year;low_response_year,wet,SYA2022_normal_grid_S0019,pareto_balanced,2022-06-02,153,48,43,"{""sim_day"": 48.0, ""doy"": 153.0, ""topwt"": 286.391716003418, ""grnwt"": 0.0, ""xlai"": 0.4951009154319763, ""totir"": 0.0, ""tofer"": NaN, ""swfac"": 0.0, ""nstres"": 0.0}",0.0,0.0,286.391716003418,0.0,0.4951009154319763,0.0,,0.0,0.0,0.0,225.0,52.10362548828125,52.10362548828125,Leave_One_experiments/all_year_offline_schedule_search/daily_outputs/SYA/SYA_2022_SYA2022_normal_grid_S0019_daily.csv
SYA,SYA,Shenyang,2022,Leave_One_experiments\wth_generated_qc\SYA\SYA2022.WTH,wet_year;nitrogen_stress_year;low_response_year,wet,SYA2022_normal_grid_S0019,pareto_balanced,2022-06-03,154,49,44,"{""sim_day"": 49.0, ""doy"": 154.0, ""topwt"": 306.7122268676758, ""grnwt"": 0.0, ""xlai"": 0.5247762799263, ""totir"": 0.0, ""tofer"": NaN, ""swfac"": 0.0, ""nstres"": 0.0}",0.0,0.0,306.7122268676758,0.0,0.5247762799263,0.0,,0.0,0.0,0.0,225.0,52.10362548828125,52.10362548828125,Leave_One_experiments/all_year_offline_schedule_search/daily_outputs/SYA/SYA_2022_SYA2022_normal_grid_S0019_daily.csv
SYA,SYA,Shenyang,2022,Leave_One_experiments\wth_generated_qc\SYA\SYA2022.WTH,wet_year;nitrogen_stress_year;low_response_year,wet,SYA2022_normal_grid_S0019,pareto_balanced,2022-06-04,155,50,45,"{""sim_day"": 50.0, ""doy"": 155.0, ""topwt"": 338.3806610107422, ""grnwt"": 0.0, ""xlai"": 0.5699594020843506, ""totir"": 0.0, ""tofer"": NaN, ""swfac"": 0.0, ""nstres"": 0.0}",0.0,0.0,338.3806610107422,0.0,0.5699594020843506,0.0,,0.0,0.0,0.0,225.0,52.10362548828125,52.10362548828125,Leave_One_experiments/all_year_offline_schedule_search/daily_outputs/SYA/SYA_2022_SYA2022_normal_grid_S0019_daily.csv
SYA,SYA,Shenyang,2022,Leave_One_experiments\wth_generated_qc\SYA\SYA2022.WTH,wet_year;nitrogen_stress_year;low_response_year,wet,SYA2022_normal_grid_S0019,pareto_balanced,2022-06-05,156,51,46,"{""sim_day"": 51.0, ""doy"": 156.0, ""topwt"": 365.0566101074219, ""grnwt"": 0.0, ""xlai"": 0.6071091294288635, ""totir"": 0.0, ""tofer"": NaN, ""swfac"": 0.0, ""nstres"": 0.0}",0.0,0.0,365.0566101074219,0.0,0.6071091294288635,0.0,,0.0,0.0,0.0,225.0,52.10362548828125,52.10362548828125,Leave_One_experiments/all_year_offline_schedule_search/daily_outputs/SYA/SYA_2022_SYA2022_normal_grid_S0019_daily.csv
SYA,SYA,Shenyang,2022,Leave_One_experiments\wth_generated_qc\SYA\SYA2022.WTH,wet_year;nitrogen_stress_year;low_response_year,wet,SYA2022_normal_grid_S0019,pareto_balanced,2022-06-06,157,52,47,"{""sim_day"": 52.0, ""doy"": 157.0, ""topwt"": 381.4326095581055, ""grnwt"": 0.0, ""xlai"": 0.62947016954422, ""totir"": 0.0, ""tofer"": NaN, ""swfac"": 0.0, ""nstres"": 0.0}",0.0,0.0,381.4326095581055,0.0,0.62947016954422,0.0,,0.0,0.0,0.0,225.0,52.10362548828125,52.10362548828125,Leave_One_experiments/all_year_offline_schedule_search/daily_outputs/SYA/SYA_2022_SYA2022_normal_grid_S0019_daily.csv
SYA,SYA,Shenyang,2022,Leave_One_experiments\wth_generated_qc\SYA\SYA2022.WTH,wet_year;nitrogen_stress_year;low_response_year,wet,SYA2022_normal_grid_S0019,pareto_balanced,2022-06-07,158,53,48,"{""sim_day"": 53.0, ""doy"": 158.0, ""topwt"": 395.27626037597656, ""grnwt"": 0.0, ""xlai"": 0.6480432748794556, ""totir"": 0.0, ""tofer"": NaN, ""swfac"": 0.0, ""nstres"": 0.0}",0.0,0.0,395.27626037597656,0.0,0.6480432748794556,0.0,,0.0,0.0,0.0,225.0,52.10362548828125,52.10362548828125,Leave_One_experiments/all_year_offline_schedule_search/daily_outputs/SYA/SYA_2022_SYA2022_normal_grid_S0019_daily.csv
SYA,SYA,Shenyang,2022,Leave_One_experiments\wth_generated_qc\SYA\SYA2022.WTH,wet_year;nitrogen_stress_year;low_response_year,wet,SYA2022_normal_grid_S0019,pareto_balanced,2022-06-08,159,54,49,"{""sim_day"": 54.0, ""doy"": 159.0, ""topwt"": 416.5409851074219, ""grnwt"": 0.0, ""xlai"": 0.6759897470474243, ""totir"": 0.0, ""tofer"": NaN, ""swfac"": 0.0, ""nstres"": 0.0}",0.0,0.0,416.5409851074219,0.0,0.6759897470474243,0.0,,0.0,0.0,0.0,225.0,52.10362548828125,52.10362548828125,Leave_One_experiments/all_year_offline_schedule_search/daily_outputs/SYA/SYA_2022_SYA2022_normal_grid_S0019_daily.csv
SYA,SYA,Shenyang,2022,Leave_One_experiments\wth_generated_qc\SYA\SYA2022.WTH,wet_year;nitrogen_stress_year;low_response_year,wet,SYA2022_normal_grid_S0019,pareto_balanced,2022-06-09,160,55,50,"{""sim_day"": 55.0, ""doy"": 160.0, ""topwt"": 447.4442672729492, ""grnwt"": 0.0, ""xlai"": 0.715497612953186, ""totir"": 0.0, ""tofer"": NaN, ""swfac"": 0.0, ""nstres"": 0.0}",0.0,0.0,447.4442672729492,0.0,0.715497612953186,0.0,,0.0,0.0,0.0,225.0,52.10362548828125,52.10362548828125,Leave_One_experiments/all_year_offline_schedule_search/daily_outputs/SYA/SYA_2022_SYA2022_normal_grid_S0019_daily.csv
SYA,SYA,Shenyang,2022,Leave_One_experiments\wth_generated_qc\SYA\SYA2022.WTH,wet_year;nitrogen_stress_year;low_response_year,wet,SYA2022_normal_grid_S0019,pareto_balanced,2022-06-10,161,56,51,"{""sim_day"": 56.0, ""doy"": 161.0, ""topwt"": 477.1913909912109, ""grnwt"": 0.0, ""xlai"": 0.7523425221443176, ""totir"": 0.0, ""tofer"": NaN, ""swfac"": 0.0, ""nstres"": 0.0}",0.0,0.0,477.1913909912109,0.0,0.7523425221443176,0.0,,0.0,0.0,0.0,225.0,52.10362548828125,52.10362548828125,Leave_One_experiments/all_year_offline_schedule_search/daily_outputs/SYA/SYA_2022_SYA2022_normal_grid_S0019_daily.csv
SYA,SYA,Shenyang,2022,Leave_One_experiments\wth_generated_qc\SYA\SYA2022.WTH,wet_year;nitrogen_stress_year;low_response_year,wet,SYA2022_normal_grid_S0019,pareto_balanced,2022-06-11,162,57,52,"{""sim_day"": 57.0, ""doy"": 162.0, ""topwt"": 511.22650146484375, ""grnwt"": 0.0, ""xlai"": 0.7931561470031738, ""totir"": 0.0, ""tofer"": NaN, ""swfac"": 0.0, ""nstres"": 0.0}",0.0,0.0,511.22650146484375,0.0,0.7931561470031738,0.0,,0.0,0.0,0.0,225.0,52.10362548828125,52.10362548828125,Leave_One_experiments/all_year_offline_schedule_search/daily_outputs/SYA/SYA_2022_SYA2022_normal_grid_S0019_daily.csv
SYA,SYA,Shenyang,2022,Leave_One_experiments\wth_generated_qc\SYA\SYA2022.WTH,wet_year;nitrogen_stress_year;low_response_year,wet,SYA2022_normal_grid_S0019,pareto_balanced,2022-06-12,163,58,53,"{""sim_day"": 58.0, ""doy"": 163.0, ""topwt"": 554.7146224975586, ""grnwt"": 0.0, ""xlai"": 0.8434893488883972, ""totir"": 0.0, ""tofer"": NaN, ""swfac"": 0.0, ""nstres"": 0.0}",0.0,0.0,554.7146224975586,0.0,0.8434893488883972,0.0,,0.0,0.0,0.0,225.0,52.10362548828125,52.10362548828125,Leave_One_experiments/all_year_offline_schedule_search/daily_outputs/SYA/SYA_2022_SYA2022_normal_grid_S0019_daily.csv
SYA,SYA,Shenyang,2022,Leave_One_experiments\wth_generated_qc\SYA\SYA2022.WTH,wet_year;nitrogen_stress_year;low_response_year,wet,SYA2022_normal_grid_S0019,pareto_balanced,2022-06-13,164,59,54,"{""sim_day"": 59.0, ""doy"": 164.0, ""topwt"": 607.5028991699219, ""grnwt"": 0.0, ""xlai"": 0.9023245573043824, ""totir"": 0.0, ""tofer"": NaN, ""swfac"": 0.0, ""nstres"": 0.0}",0.0,0.0,607.5028991699219,0.0,0.9023245573043824,0.0,,0.0,0.0,0.0,225.0,52.10362548828125,52.10362548828125,Leave_One_experiments/all_year_offline_schedule_search/daily_outputs/SYA/SYA_2022_SYA2022_normal_grid_S0019_daily.csv
SYA,SYA,Shenyang,2022,Leave_One_experiments\wth_generated_qc\SYA\SYA2022.WTH,wet_year;nitrogen_stress_year;low_response_year,wet,SYA2022_normal_grid_S0019,pareto_balanced,2022-06-14,165,60,55,"{""sim_day"": 60.0, ""doy"": 165.0, ""topwt"": 667.0577239990234, ""grnwt"": 0.0, ""xlai"": 0.966019332408905, ""totir"": 0.0, ""tofer"": NaN, ""swfac"": 0.0, ""nstres"": 0.0}",0.0,0.0,667.0577239990234,0.0,0.966019332408905,0.0,,0.0,0.0,0.0,225.0,52.10362548828125,52.10362548828125,Leave_One_experiments/all_year_offline_schedule_search/daily_outputs/SYA/SYA_2022_SYA2022_normal_grid_S0019_daily.csv
SYA,SYA,Shenyang,2022,Leave_One_experiments\wth_generated_qc\SYA\SYA2022.WTH,wet_year;nitrogen_stress_year;low_response_year,wet,SYA2022_normal_grid_S0019,pareto_balanced,2022-06-15,166,61,56,"{""sim_day"": 61.0, ""doy"": 166.0, ""topwt"": 734.3985748291016, ""grnwt"": 0.0, ""xlai"": 1.0349687337875366, ""totir"": 0.0, ""tofer"": NaN, ""swfac"": 0.0, ""nstres"": 0.0}",0.0,0.0,734.3985748291016,0.0,1.0349687337875366,0.0,,0.0,0.0,0.0,225.0,52.10362548828125,52.10362548828125,Leave_One_experiments/all_year_offline_schedule_search/daily_outputs/SYA/SYA_2022_SYA2022_normal_grid_S0019_daily.csv
SYA,SYA,Shenyang,2022,Leave_One_experiments\wth_generated_qc\SYA\SYA2022.WTH,wet_year;nitrogen_stress_year;low_response_year,wet,SYA2022_normal_grid_S0019,pareto_balanced,2022-06-16,167,62,57,"{""sim_day"": 62.0, ""doy"": 167.0, ""topwt"": 821.0521697998047, ""grnwt"": 0.0, ""xlai"": 1.119146704673767, ""totir"": 0.0, ""tofer"": NaN, ""swfac"": 0.0, ""nstres"": 0.0}",0.0,0.0,821.0521697998047,0.0,1.119146704673767,0.0,,0.0,0.0,0.0,225.0,52.10362548828125,52.10362548828125,Leave_One_experiments/all_year_offline_schedule_search/daily_outputs/SYA/SYA_2022_SYA2022_normal_grid_S0019_daily.csv
SYA,SYA,Shenyang,2022,Leave_One_experiments\wth_generated_qc\SYA\SYA2022.WTH,wet_year;nitrogen_stress_year;low_response_year,wet,SYA2022_normal_grid_S0019,pareto_balanced,2022-06-17,168,63,58,"{""sim_day"": 63.0, ""doy"": 168.0, ""topwt"": 905.3466796875, ""grnwt"": 0.0, ""xlai"": 1.1969274282455444, ""totir"": 0.0, ""tofer"": NaN, ""swfac"": 0.0, ""nstres"": 0.0}",0.0,0.0,905.3466796875,0.0,1.1969274282455444,0.0,,0.0,0.0,0.0,225.0,52.10362548828125,52.10362548828125,Leave_One_experiments/all_year_offline_schedule_search/daily_outputs/SYA/SYA_2022_SYA2022_normal_grid_S0019_daily.csv
SYA,SYA,Shenyang,2022,Leave_One_experiments\wth_generated_qc\SYA\SYA2022.WTH,wet_year;nitrogen_stress_year;low_response_year,wet,SYA2022_normal_grid_S0019,pareto_balanced,2022-06-18,169,64,59,"{""sim_day"": 64.0, ""doy"": 169.0, ""topwt"": 1001.4653778076172, ""grnwt"": 0.0, ""xlai"": 1.2809298038482666, ""totir"": 0.0, ""tofer"": NaN, ""swfac"": 0.0, ""nstres"": 0.0}",0.0,0.0,1001.4653778076172,0.0,1.2809298038482666,0.0,,0.0,0.0,0.0,225.0,52.10362548828125,52.10362548828125,Leave_One_experiments/all_year_offline_schedule_search/daily_outputs/SYA/SYA_2022_SYA2022_normal_grid_S0019_daily.csv
SYA,SYA,Shenyang,2022,Leave_One_experiments\wth_generated_qc\SYA\SYA2022.WTH,wet_year;nitrogen_stress_year;low_response_year,wet,SYA2022_normal_grid_S0019,pareto_balanced,2022-06-19,170,65,60,"{""sim_day"": 65.0, ""doy"": 170.0, ""topwt"": 1109.966812133789, ""grnwt"": 0.0, ""xlai"": 1.3703829050064087, ""totir"": 0.0, ""tofer"": NaN, ""swfac"": 0.0, ""nstres"": 0.0}",0.0,0.0,1109.966812133789,0.0,1.3703829050064087,0.0,,0.0,75.0,0.0,225.0,52.10362548828125,52.10362548828125,Leave_One_experiments/all_year_offline_schedule_search/daily_outputs/SYA/SYA_2022_SYA2022_normal_grid_S0019_daily.csv
SYA,SYA,Shenyang,2022,Leave_One_experiments\wth_generated_qc\SYA\SYA2022.WTH,wet_year;nitrogen_stress_year;low_response_year,wet,SYA2022_normal_grid_S0019,pareto_balanced,2022-06-20,171,66,61,"{""sim_day"": 66.0, ""doy"": 171.0, ""topwt"": 1158.4423828125, ""grnwt"": 0.0, ""xlai"": 1.4082480669021606, ""totir"": 0.0, ""tofer"": NaN, ""swfac"": 0.0, ""nstres"": 0.0}",0.0,0.0,1158.4423828125,0.0,1.4082480669021606,0.0,,0.0,0.0,0.0,225.0,52.10362548828125,52.10362548828125,Leave_One_experiments/all_year_offline_schedule_search/daily_outputs/SYA/SYA_2022_SYA2022_normal_grid_S0019_daily.csv
SYA,SYA,Shenyang,2022,Leave_One_experiments\wth_generated_qc\SYA\SYA2022.WTH,wet_year;nitrogen_stress_year;low_response_year,wet,SYA2022_normal_grid_S0019,pareto_balanced,2022-06-21,172,67,62,"{""sim_day"": 67.0, ""doy"": 172.0, ""topwt"": 1216.3471221923828, ""grnwt"": 0.0, ""xlai"": 1.4514001607894895, ""totir"": 0.0, ""tofer"": NaN, ""swfac"": 0.0, ""nstres"": 0.0}",0.0,0.0,1216.3471221923828,0.0,1.4514001607894895,0.0,,0.0,0.0,0.0,225.0,52.10362548828125,52.10362548828125,Leave_One_experiments/all_year_offline_schedule_search/daily_outputs/SYA/SYA_2022_SYA2022_normal_grid_S0019_daily.csv
SYA,SYA,Shenyang,2022,Leave_One_experiments\wth_generated_qc\SYA\SYA2022.WTH,wet_year;nitrogen_stress_year;low_response_year,wet,SYA2022_normal_grid_S0019,pareto_balanced,2022-06-22,173,68,63,"{""sim_day"": 68.0, ""doy"": 173.0, ""topwt"": 1330.5802917480469, ""grnwt"": 0.0, ""xlai"": 1.5323823690414429, ""totir"": 0.0, ""tofer"": NaN, ""swfac"": 0.0, ""nstres"": 0.0}",0.0,0.0,1330.5802917480469,0.0,1.5323823690414429,0.0,,0.0,0.0,0.0,225.0,52.10362548828125,52.10362548828125,Leave_One_experiments/all_year_offline_schedule_search/daily_outputs/SYA/SYA_2022_SYA2022_normal_grid_S0019_daily.csv
SYA,SYA,Shenyang,2022,Leave_One_experiments\wth_generated_qc\SYA\SYA2022.WTH,wet_year;nitrogen_stress_year;low_response_year,wet,SYA2022_normal_grid_S0019,pareto_balanced,2022-06-23,174,69,64,"{""sim_day"": 69.0, ""doy"": 174.0, ""topwt"": 1446.763153076172, ""grnwt"": 0.0, ""xlai"": 1.6105331182479858, ""totir"": 0.0, ""tofer"": NaN, ""swfac"": 0.0, ""nstres"": 0.0}",0.0,0.0,1446.763153076172,0.0,1.6105331182479858,0.0,,0.0,0.0,0.0,225.0,52.10362548828125,52.10362548828125,Leave_One_experiments/all_year_offline_schedule_search/daily_outputs/SYA/SYA_2022_SYA2022_normal_grid_S0019_daily.csv
SYA,SYA,Shenyang,2022,Leave_One_experiments\wth_generated_qc\SYA\SYA2022.WTH,wet_year;nitrogen_stress_year;low_response_year,wet,SYA2022_normal_grid_S0019,pareto_balanced,2022-06-24,175,70,65,"{""sim_day"": 70.0, ""doy"": 175.0, ""topwt"": 1573.8424682617188, ""grnwt"": 0.0, ""xlai"": 1.691545844078064, ""totir"": 0.0, ""tofer"": NaN, ""swfac"": 0.0, ""nstres"": 0.0}",0.0,0.0,1573.8424682617188,0.0,1.691545844078064,0.0,,0.0,0.0,0.0,225.0,52.10362548828125,52.10362548828125,Leave_One_experiments/all_year_offline_schedule_search/daily_outputs/SYA/SYA_2022_SYA2022_normal_grid_S0019_daily.csv
SYA,SYA,Shenyang,2022,Leave_One_experiments\wth_generated_qc\SYA\SYA2022.WTH,wet_year;nitrogen_stress_year;low_response_year,wet,SYA2022_normal_grid_S0019,pareto_balanced,2022-06-25,176,71,66,"{""sim_day"": 71.0, ""doy"": 176.0, ""topwt"": 1707.0555114746094, ""grnwt"": 0.0, ""xlai"": 1.77184796333313, ""totir"": 0.0, ""tofer"": NaN, ""swfac"": 0.0, ""nstres"": 0.0}",0.0,0.0,1707.0555114746094,0.0,1.77184796333313,0.0,,0.0,0.0,0.0,225.0,52.10362548828125,52.10362548828125,Leave_One_experiments/all_year_offline_schedule_search/daily_outputs/SYA/SYA_2022_SYA2022_normal_grid_S0019_daily.csv
SYA,SYA,Shenyang,2022,Leave_One_experiments\wth_generated_qc\SYA\SYA2022.WTH,wet_year;nitrogen_stress_year;low_response_year,wet,SYA2022_normal_grid_S0019,pareto_balanced,2022-06-26,177,72,67,"{""sim_day"": 72.0, ""doy"": 177.0, ""topwt"": 1776.686553955078, ""grnwt"": 0.0, ""xlai"": 1.8115862607955933, ""totir"": 0.0, ""tofer"": NaN, ""swfac"": 0.0, ""nstres"": 0.0}",0.0,0.0,1776.686553955078,0.0,1.8115862607955933,0.0,,0.0,0.0,0.0,225.0,52.10362548828125,52.10362548828125,Leave_One_experiments/all_year_offline_schedule_search/daily_outputs/SYA/SYA_2022_SYA2022_normal_grid_S0019_daily.csv
SYA,SYA,Shenyang,2022,Leave_One_experiments\wth_generated_qc\SYA\SYA2022.WTH,wet_year;nitrogen_stress_year;low_response_year,wet,SYA2022_normal_grid_S0019,pareto_balanced,2022-06-27,178,73,68,"{""sim_day"": 73.0, ""doy"": 178.0, ""topwt"": 1895.445251464844, ""grnwt"": 0.0, ""xlai"": 1.8761259317398071, ""totir"": 0.0, ""tofer"": NaN, ""swfac"": 0.0, ""nstres"": 0.0}",0.0,0.0,1895.445251464844,0.0,1.8761259317398071,0.0,,0.0,0.0,0.0,225.0,52.10362548828125,52.10362548828125,Leave_One_experiments/all_year_offline_schedule_search/daily_outputs/SYA/SYA_2022_SYA2022_normal_grid_S0019_daily.csv
SYA,SYA,Shenyang,2022,Leave_One_experiments\wth_generated_qc\SYA\SYA2022.WTH,wet_year;nitrogen_stress_year;low_response_year,wet,SYA2022_normal_grid_S0019,pareto_balanced,2022-06-28,179,74,69,"{""sim_day"": 74.0, ""doy"": 179.0, ""topwt"": 2018.1144714355469, ""grnwt"": 0.0, ""xlai"": 1.939328670501709, ""totir"": 0.0, ""tofer"": NaN, ""swfac"": 0.0, ""nstres"": 0.0}",0.0,0.0,2018.1144714355469,0.0,1.939328670501709,0.0,,0.0,0.0,0.0,225.0,52.10362548828125,52.10362548828125,Leave_One_experiments/all_year_offline_schedule_search/daily_outputs/SYA/SYA_2022_SYA2022_normal_grid_S0019_daily.csv
SYA,SYA,Shenyang,2022,Leave_One_experiments\wth_generated_qc\SYA\SYA2022.WTH,wet_year;nitrogen_stress_year;low_response_year,wet,SYA2022_normal_grid_S0019,pareto_balanced,2022-06-29,180,75,70,"{""sim_day"": 75.0, ""doy"": 180.0, ""topwt"": 2283.4722900390625, ""grnwt"": 0.0, ""xlai"": 2.0983262062072754, ""totir"": 0.0, ""tofer"": NaN, ""swfac"": 0.0, ""nstres"": 0.0}",0.0,0.0,2283.4722900390625,0.0,2.0983262062072754,0.0,,0.0,0.0,0.0,225.0,52.10362548828125,52.10362548828125,Leave_One_experiments/all_year_offline_schedule_search/daily_outputs/SYA/SYA_2022_SYA2022_normal_grid_S0019_daily.csv
SYA,SYA,Shenyang,2022,Leave_One_experiments\wth_generated_qc\SYA\SYA2022.WTH,wet_year;nitrogen_stress_year;low_response_year,wet,SYA2022_normal_grid_S0019,pareto_balanced,2022-06-30,181,76,71,"{""sim_day"": 76.0, ""doy"": 181.0, ""topwt"": 2394.967803955078, ""grnwt"": 0.0, ""xlai"": 2.151041030883789, ""totir"": 0.0, ""tofer"": NaN, ""swfac"": 0.0, ""nstres"": 0.0}",0.0,0.0,2394.967803955078,0.0,2.151041030883789,0.0,,0.0,0.0,0.0,225.0,52.10362548828125,52.10362548828125,Leave_One_experiments/all_year_offline_schedule_search/daily_outputs/SYA/SYA_2022_SYA2022_normal_grid_S0019_daily.csv
SYA,SYA,Shenyang,2022,Leave_One_experiments\wth_generated_qc\SYA\SYA2022.WTH,wet_year;nitrogen_stress_year;low_response_year,wet,SYA2022_normal_grid_S0019,pareto_balanced,2022-07-01,182,77,72,"{""sim_day"": 77.0, ""doy"": 182.0, ""topwt"": 2472.5, ""grnwt"": 0.0, ""xlai"": 2.1829521656036377, ""totir"": 0.0, ""tofer"": NaN, ""swfac"": 0.0, ""nstres"": 0.0}",0.0,0.0,2472.5,0.0,2.1829521656036377,0.0,,0.0,0.0,0.0,225.0,52.10362548828125,52.10362548828125,Leave_One_experiments/all_year_offline_schedule_search/daily_outputs/SYA/SYA_2022_SYA2022_normal_grid_S0019_daily.csv
SYA,SYA,Shenyang,2022,Leave_One_experiments\wth_generated_qc\SYA\SYA2022.WTH,wet_year;nitrogen_stress_year;low_response_year,wet,SYA2022_normal_grid_S0019,pareto_balanced,2022-07-02,183,78,73,"{""sim_day"": 78.0, ""doy"": 183.0, ""topwt"": 2601.71142578125, ""grnwt"": 0.0, ""xlai"": 2.230849027633667, ""totir"": 0.0, ""tofer"": NaN, ""swfac"": 0.0, ""nstres"": 0.0}",0.0,0.0,2601.71142578125,0.0,2.230849027633667,0.0,,0.0,0.0,0.0,225.0,52.10362548828125,52.10362548828125,Leave_One_experiments/all_year_offline_schedule_search/daily_outputs/SYA/SYA_2022_SYA2022_normal_grid_S0019_daily.csv
SYA,SYA,Shenyang,2022,Leave_One_experiments\wth_generated_qc\SYA\SYA2022.WTH,wet_year;nitrogen_stress_year;low_response_year,wet,SYA2022_normal_grid_S0019,pareto_balanced,2022-07-03,184,79,74,"{""sim_day"": 79.0, ""doy"": 184.0, ""topwt"": 2733.4115600585938, ""grnwt"": 0.0, ""xlai"": 2.275660514831543, ""totir"": 0.0, ""tofer"": NaN, ""swfac"": 0.0, ""nstres"": 0.0}",0.0,0.0,2733.4115600585938,0.0,2.275660514831543,0.0,,0.0,0.0,0.0,225.0,52.10362548828125,52.10362548828125,Leave_One_experiments/all_year_offline_schedule_search/daily_outputs/SYA/SYA_2022_SYA2022_normal_grid_S0019_daily.csv
SYA,SYA,Shenyang,2022,Leave_One_experiments\wth_generated_qc\SYA\SYA2022.WTH,wet_year;nitrogen_stress_year;low_response_year,wet,SYA2022_normal_grid_S0019,pareto_balanced,2022-07-04,185,80,75,"{""sim_day"": 80.0, ""doy"": 185.0, ""topwt"": 2865.716857910156, ""grnwt"": 0.0, ""xlai"": 2.317499876022339, ""totir"": 0.0, ""tofer"": NaN, ""swfac"": 0.0, ""nstres"": 0.0}",0.0,0.0,2865.716857910156,0.0,2.317499876022339,0.0,,0.0,0.0,0.0,225.0,52.10362548828125,52.10362548828125,Leave_One_experiments/all_year_offline_schedule_search/daily_outputs/SYA/SYA_2022_SYA2022_normal_grid_S0019_daily.csv
SYA,SYA,Shenyang,2022,Leave_One_experiments\wth_generated_qc\SYA\SYA2022.WTH,wet_year;nitrogen_stress_year;low_response_year,wet,SYA2022_normal_grid_S0019,pareto_balanced,2022-07-05,186,81,76,"{""sim_day"": 81.0, ""doy"": 186.0, ""topwt"": 3007.3269653320312, ""grnwt"": 0.0, ""xlai"": 2.3596224784851074, ""totir"": 0.0, ""tofer"": NaN, ""swfac"": 0.0, ""nstres"": 0.0}",0.0,0.0,3007.3269653320312,0.0,2.3596224784851074,0.0,,0.0,0.0,0.0,225.0,52.10362548828125,52.10362548828125,Leave_One_experiments/all_year_offline_schedule_search/daily_outputs/SYA/SYA_2022_SYA2022_normal_grid_S0019_daily.csv
SYA,SYA,Shenyang,2022,Leave_One_experiments\wth_generated_qc\SYA\SYA2022.WTH,wet_year;nitrogen_stress_year;low_response_year,wet,SYA2022_normal_grid_S0019,pareto_balanced,2022-07-06,187,82,77,"{""sim_day"": 82.0, ""doy"": 187.0, ""topwt"": 3083.02490234375, ""grnwt"": 0.0, ""xlai"": 2.380974054336548, ""totir"": 0.0, ""tofer"": NaN, ""swfac"": 0.0, ""nstres"": 0.0}",0.0,0.0,3083.02490234375,0.0,2.380974054336548,0.0,,0.0,0.0,0.0,225.0,52.10362548828125,52.10362548828125,Leave_One_experiments/all_year_offline_schedule_search/daily_outputs/SYA/SYA_2022_SYA2022_normal_grid_S0019_daily.csv
SYA,SYA,Shenyang,2022,Leave_One_experiments\wth_generated_qc\SYA\SYA2022.WTH,wet_year;nitrogen_stress_year;low_response_year,wet,SYA2022_normal_grid_S0019,pareto_balanced,2022-07-07,188,83,78,"{""sim_day"": 83.0, ""doy"": 188.0, ""topwt"": 3192.246398925781, ""grnwt"": 0.0, ""xlai"": 2.4104931354522705, ""totir"": 0.0, ""tofer"": NaN, ""swfac"": 0.0, ""nstres"": 0.0}",0.0,0.0,3192.246398925781,0.0,2.4104931354522705,0.0,,0.0,0.0,0.0,225.0,52.10362548828125,52.10362548828125,Leave_One_experiments/all_year_offline_schedule_search/daily_outputs/SYA/SYA_2022_SYA2022_normal_grid_S0019_daily.csv
SYA,SYA,Shenyang,2022,Leave_One_experiments\wth_generated_qc\SYA\SYA2022.WTH,wet_year;nitrogen_stress_year;low_response_year,wet,SYA2022_normal_grid_S0019,pareto_balanced,2022-07-08,189,84,79,"{""sim_day"": 84.0, ""doy"": 189.0, ""topwt"": 3336.4614868164062, ""grnwt"": 0.0, ""xlai"": 2.4477336406707764, ""totir"": 0.0, ""tofer"": NaN, ""swfac"": 0.0, ""nstres"": 0.0}",0.0,0.0,3336.4614868164062,0.0,2.4477336406707764,0.0,,0.0,0.0,0.0,225.0,52.10362548828125,52.10362548828125,Leave_One_experiments/all_year_offline_schedule_search/daily_outputs/SYA/SYA_2022_SYA2022_normal_grid_S0019_daily.csv
SYA,SYA,Shenyang,2022,Leave_One_experiments\wth_generated_qc\SYA\SYA2022.WTH,wet_year;nitrogen_stress_year;low_response_year,wet,SYA2022_normal_grid_S0019,pareto_balanced,2022-07-09,190,85,80,"{""sim_day"": 85.0, ""doy"": 190.0, ""topwt"": 3488.3139038085938, ""grnwt"": 0.0, ""xlai"": 2.4854836463928223, ""totir"": 0.0, ""tofer"": NaN, ""swfac"": 0.0, ""nstres"": 0.0}",0.0,0.0,3488.3139038085938,0.0,2.4854836463928223,0.0,,0.0,0.0,0.0,225.0,52.10362548828125,52.10362548828125,Leave_One_experiments/all_year_offline_schedule_search/daily_outputs/SYA/SYA_2022_SYA2022_normal_grid_S0019_daily.csv
SYA,SYA,Shenyang,2022,Leave_One_experiments\wth_generated_qc\SYA\SYA2022.WTH,wet_year;nitrogen_stress_year;low_response_year,wet,SYA2022_normal_grid_S0019,pareto_balanced,2022-07-10,191,86,81,"{""sim_day"": 86.0, ""doy"": 191.0, ""topwt"": 3663.8796997070312, ""grnwt"": 0.0, ""xlai"": 2.529119968414306, ""totir"": 0.0, ""tofer"": NaN, ""swfac"": 0.0, ""nstres"": 0.0}",0.0,0.0,3663.8796997070312,0.0,2.529119968414306,0.0,,0.0,0.0,0.0,225.0,52.10362548828125,52.10362548828125,Leave_One_experiments/all_year_offline_schedule_search/daily_outputs/SYA/SYA_2022_SYA2022_normal_grid_S0019_daily.csv
SYA,SYA,Shenyang,2022,Leave_One_experiments\wth_generated_qc\SYA\SYA2022.WTH,wet_year;nitrogen_stress_year;low_response_year,wet,SYA2022_normal_grid_S0019,pareto_balanced,2022-07-11,192,87,82,"{""sim_day"": 87.0, ""doy"": 192.0, ""topwt"": 3858.1723022460938, ""grnwt"": 0.0, ""xlai"": 2.5773775577545166, ""totir"": 0.0, ""tofer"": NaN, ""swfac"": 0.0, ""nstres"": 0.0}",0.0,0.0,3858.1723022460938,0.0,2.5773775577545166,0.0,,0.0,0.0,0.0,225.0,52.10362548828125,52.10362548828125,Leave_One_experiments/all_year_offline_schedule_search/daily_outputs/SYA/SYA_2022_SYA2022_normal_grid_S0019_daily.csv
SYA,SYA,Shenyang,2022,Leave_One_experiments\wth_generated_qc\SYA\SYA2022.WTH,wet_year;nitrogen_stress_year;low_response_year,wet,SYA2022_normal_grid_S0019,pareto_balanced,2022-07-12,193,88,83,"{""sim_day"": 88.0, ""doy"": 193.0, ""topwt"": 4053.136596679688, ""grnwt"": 0.0, ""xlai"": 2.6257436275482178, ""totir"": 0.0, ""tofer"": NaN, ""swfac"": 0.0, ""nstres"": 0.0}",0.0,0.0,4053.136596679688,0.0,2.6257436275482178,0.0,,0.0,0.0,0.0,225.0,52.10362548828125,52.10362548828125,Leave_One_experiments/all_year_offline_schedule_search/daily_outputs/SYA/SYA_2022_SYA2022_normal_grid_S0019_daily.csv
SYA,SYA,Shenyang,2022,Leave_One_experiments\wth_generated_qc\SYA\SYA2022.WTH,wet_year;nitrogen_stress_year;low_response_year,wet,SYA2022_normal_grid_S0019,pareto_balanced,2022-07-13,194,89,84,"{""sim_day"": 89.0, ""doy"": 194.0, ""topwt"": 4224.933471679688, ""grnwt"": 0.0, ""xlai"": 2.668283224105835, ""totir"": 0.0, ""tofer"": NaN, ""swfac"": 0.0, ""nstres"": 0.0}",0.0,0.0,4224.933471679688,0.0,2.668283224105835,0.0,,0.0,0.0,0.0,225.0,52.10362548828125,52.10362548828125,Leave_One_experiments/all_year_offline_schedule_search/daily_outputs/SYA/SYA_2022_SYA2022_normal_grid_S0019_daily.csv
SYA,SYA,Shenyang,2022,Leave_One_experiments\wth_generated_qc\SYA\SYA2022.WTH,wet_year;nitrogen_stress_year;low_response_year,wet,SYA2022_normal_grid_S0019,pareto_balanced,2022-07-14,195,90,85,"{""sim_day"": 90.0, ""doy"": 195.0, ""topwt"": 4363.5784912109375, ""grnwt"": 0.0, ""xlai"": 2.7025275230407715, ""totir"": 0.0, ""tofer"": NaN, ""swfac"": 0.0, ""nstres"": 0.0}",0.0,0.0,4363.5784912109375,0.0,2.7025275230407715,0.0,,0.0,0.0,0.0,225.0,52.10362548828125,52.10362548828125,Leave_One_experiments/all_year_offline_schedule_search/daily_outputs/SYA/SYA_2022_SYA2022_normal_grid_S0019_daily.csv
SYA,SYA,Shenyang,2022,Leave_One_experiments\wth_generated_qc\SYA\SYA2022.WTH,wet_year;nitrogen_stress_year;low_response_year,wet,SYA2022_normal_grid_S0019,pareto_balanced,2022-07-15,196,91,86,"{""sim_day"": 91.0, ""doy"": 196.0, ""topwt"": 4513.33251953125, ""grnwt"": 0.0, ""xlai"": 2.73950457572937, ""totir"": 0.0, ""tofer"": NaN, ""swfac"": 0.0, ""nstres"": 0.0}",0.0,0.0,4513.33251953125,0.0,2.73950457572937,0.0,,0.0,0.0,0.0,225.0,52.10362548828125,52.10362548828125,Leave_One_experiments/all_year_offline_schedule_search/daily_outputs/SYA/SYA_2022_SYA2022_normal_grid_S0019_daily.csv
SYA,SYA,Shenyang,2022,Leave_One_experiments\wth_generated_qc\SYA\SYA2022.WTH,wet_year;nitrogen_stress_year;low_response_year,wet,SYA2022_normal_grid_S0019,pareto_balanced,2022-07-16,197,92,87,"{""sim_day"": 92.0, ""doy"": 197.0, ""topwt"": 4939.51904296875, ""grnwt"": 0.0, ""xlai"": 2.61234712600708, ""totir"": 0.0, ""tofer"": NaN, ""swfac"": 0.0, ""nstres"": 0.0}",0.0,0.0,4939.51904296875,0.0,2.61234712600708,0.0,,0.0,0.0,0.0,225.0,52.10362548828125,52.10362548828125,Leave_One_experiments/all_year_offline_schedule_search/daily_outputs/SYA/SYA_2022_SYA2022_normal_grid_S0019_daily.csv
SYA,SYA,Shenyang,2022,Leave_One_experiments\wth_generated_qc\SYA\SYA2022.WTH,wet_year;nitrogen_stress_year;low_response_year,wet,SYA2022_normal_grid_S0019,pareto_balanced,2022-07-17,198,93,88,"{""sim_day"": 93.0, ""doy"": 198.0, ""topwt"": 5276.263427734375, ""grnwt"": 0.0, ""xlai"": 2.6009392738342285, ""totir"": 0.0, ""tofer"": NaN, ""swfac"": 0.0, ""nstres"": 0.0}",0.0,0.0,5276.263427734375,0.0,2.6009392738342285,0.0,,0.0,0.0,0.0,225.0,52.10362548828125,52.10362548828125,Leave_One_experiments/all_year_offline_schedule_search/daily_outputs/SYA/SYA_2022_SYA2022_normal_grid_S0019_daily.csv
SYA,SYA,Shenyang,2022,Leave_One_experiments\wth_generated_qc\SYA\SYA2022.WTH,wet_year;nitrogen_stress_year;low_response_year,wet,SYA2022_normal_grid_S0019,pareto_balanced,2022-07-18,199,94,89,"{""sim_day"": 94.0, ""doy"": 199.0, ""topwt"": 5711.1419677734375, ""grnwt"": 0.0, ""xlai"": 2.589186429977417, ""totir"": 0.0, ""tofer"": NaN, ""swfac"": 0.0, ""nstres"": 0.0}",0.0,0.0,5711.1419677734375,0.0,2.589186429977417,0.0,,0.0,0.0,0.0,225.0,52.10362548828125,52.10362548828125,Leave_One_experiments/all_year_offline_schedule_search/daily_outputs/SYA/SYA_2022_SYA2022_normal_grid_S0019_daily.csv
SYA,SYA,Shenyang,2022,Leave_One_experiments\wth_generated_qc\SYA\SYA2022.WTH,wet_year;nitrogen_stress_year;low_response_year,wet,SYA2022_normal_grid_S0019,pareto_balanced,2022-07-19,200,95,90,"{""sim_day"": 95.0, ""doy"": 200.0, ""topwt"": 5918.864135742188, ""grnwt"": 0.0, ""xlai"": 2.576848030090332, ""totir"": 0.0, ""tofer"": NaN, ""swfac"": 0.0, ""nstres"": 0.0}",0.0,0.0,5918.864135742188,0.0,2.576848030090332,0.0,,0.0,0.0,0.0,225.0,52.10362548828125,52.10362548828125,Leave_One_experiments/all_year_offline_schedule_search/daily_outputs/SYA/SYA_2022_SYA2022_normal_grid_S0019_daily.csv
SYA,SYA,Shenyang,2022,Leave_One_experiments\wth_generated_qc\SYA\SYA2022.WTH,wet_year;nitrogen_stress_year;low_response_year,wet,SYA2022_normal_grid_S0019,pareto_balanced,2022-07-20,201,96,91,"{""sim_day"": 96.0, ""doy"": 201.0, ""topwt"": 6115.866088867188, ""grnwt"": 0.0, ""xlai"": 2.5649917125701904, ""totir"": 0.0, ""tofer"": NaN, ""swfac"": 0.0, ""nstres"": 0.0}",0.0,0.0,6115.866088867188,0.0,2.5649917125701904,0.0,,0.0,0.0,0.0,225.0,52.10362548828125,52.10362548828125,Leave_One_experiments/all_year_offline_schedule_search/daily_outputs/SYA/SYA_2022_SYA2022_normal_grid_S0019_daily.csv
SYA,SYA,Shenyang,2022,Leave_One_experiments\wth_generated_qc\SYA\SYA2022.WTH,wet_year;nitrogen_stress_year;low_response_year,wet,SYA2022_normal_grid_S0019,pareto_balanced,2022-07-21,202,97,92,"{""sim_day"": 97.0, ""doy"": 202.0, ""topwt"": 6484.04052734375, ""grnwt"": 0.0, ""xlai"": 2.552618741989136, ""totir"": 0.0, ""tofer"": NaN, ""swfac"": 0.0, ""nstres"": 0.0}",0.0,0.0,6484.04052734375,0.0,2.552618741989136,0.0,,0.0,0.0,0.0,225.0,52.10362548828125,52.10362548828125,Leave_One_experiments/all_year_offline_schedule_search/daily_outputs/SYA/SYA_2022_SYA2022_normal_grid_S0019_daily.csv
SYA,SYA,Shenyang,2022,Leave_One_experiments\wth_generated_qc\SYA\SYA2022.WTH,wet_year;nitrogen_stress_year;low_response_year,wet,SYA2022_normal_grid_S0019,pareto_balanced,2022-07-22,203,98,93,"{""sim_day"": 98.0, ""doy"": 203.0, ""topwt"": 6576.351318359375, ""grnwt"": 0.0, ""xlai"": 2.541210651397705, ""totir"": 0.0, ""tofer"": NaN, ""swfac"": 0.0, ""nstres"": 0.0}",0.0,0.0,6576.351318359375,0.0,2.541210651397705,0.0,,0.0,0.0,0.0,225.0,52.10362548828125,52.10362548828125,Leave_One_experiments/all_year_offline_schedule_search/daily_outputs/SYA/SYA_2022_SYA2022_normal_grid_S0019_daily.csv
SYA,SYA,Shenyang,2022,Leave_One_experiments\wth_generated_qc\SYA\SYA2022.WTH,wet_year;nitrogen_stress_year;low_response_year,wet,SYA2022_normal_grid_S0019,pareto_balanced,2022-07-23,204,99,94,"{""sim_day"": 99.0, ""doy"": 204.0, ""topwt"": 6952.7252197265625, ""grnwt"": 0.0, ""xlai"": 2.5296990871429443, ""totir"": 0.0, ""tofer"": NaN, ""swfac"": 0.0, ""nstres"": 0.0}",0.0,0.0,6952.7252197265625,0.0,2.5296990871429443,0.0,,0.0,0.0,0.0,225.0,52.10362548828125,52.10362548828125,Leave_One_experiments/all_year_offline_schedule_search/daily_outputs/SYA/SYA_2022_SYA2022_normal_grid_S0019_daily.csv
SYA,SYA,Shenyang,2022,Leave_One_experiments\wth_generated_qc\SYA\SYA2022.WTH,wet_year;nitrogen_stress_year;low_response_year,wet,SYA2022_normal_grid_S0019,pareto_balanced,2022-07-24,205,100,95,"{""sim_day"": 100.0, ""doy"": 205.0, ""topwt"": 7221.663208007812, ""grnwt"": 0.0, ""xlai"": 2.516947031021118, ""totir"": 0.0, ""tofer"": NaN, ""swfac"": 0.0, ""nstres"": 0.0}",0.0,0.0,7221.663208007812,0.0,2.516947031021118,0.0,,0.0,0.0,0.0,225.0,52.10362548828125,52.10362548828125,Leave_One_experiments/all_year_offline_schedule_search/daily_outputs/SYA/SYA_2022_SYA2022_normal_grid_S0019_daily.csv
SYA,SYA,Shenyang,2022,Leave_One_experiments\wth_generated_qc\SYA\SYA2022.WTH,wet_year;nitrogen_stress_year;low_response_year,wet,SYA2022_normal_grid_S0019,pareto_balanced,2022-07-25,206,101,96,"{""sim_day"": 101.0, ""doy"": 206.0, ""topwt"": 7607.205200195312, ""grnwt"": 0.0, ""xlai"": 2.50347113609314, ""totir"": 0.0, ""tofer"": NaN, ""swfac"": 0.0, ""nstres"": 0.0}",0.0,0.0,7607.205200195312,0.0,2.50347113609314,0.0,,0.0,0.0,0.0,225.0,52.10362548828125,52.10362548828125,Leave_One_experiments/all_year_offline_schedule_search/daily_outputs/SYA/SYA_2022_SYA2022_normal_grid_S0019_daily.csv
SYA,SYA,Shenyang,2022,Leave_One_experiments\wth_generated_qc\SYA\SYA2022.WTH,wet_year;nitrogen_stress_year;low_response_year,wet,SYA2022_normal_grid_S0019,pareto_balanced,2022-07-26,207,102,97,"{""sim_day"": 102.0, ""doy"": 207.0, ""topwt"": 7946.9866943359375, ""grnwt"": 339.78111267089844, ""xlai"": 2.459508419036865, ""totir"": 0.0, ""tofer"": NaN, ""swfac"": 0.0, ""nstres"": 0.0}",0.0,0.0,7946.9866943359375,339.78111267089844,2.459508419036865,0.0,,0.0,0.0,0.0,225.0,52.10362548828125,52.10362548828125,Leave_One_experiments/all_year_offline_schedule_search/daily_outputs/SYA/SYA_2022_SYA2022_normal_grid_S0019_daily.csv
SYA,SYA,Shenyang,2022,Leave_One_experiments\wth_generated_qc\SYA\SYA2022.WTH,wet_year;nitrogen_stress_year;low_response_year,wet,SYA2022_normal_grid_S0019,pareto_balanced,2022-07-27,208,103,98,"{""sim_day"": 103.0, ""doy"": 208.0, ""topwt"": 8127.546997070312, ""grnwt"": 683.8632965087891, ""xlai"": 2.4521937370300293, ""totir"": 0.0, ""tofer"": NaN, ""swfac"": 0.0, ""nstres"": 0.0}",0.0,0.0,8127.546997070312,683.8632965087891,2.4521937370300293,0.0,,0.0,0.0,0.0,225.0,52.10362548828125,52.10362548828125,Leave_One_experiments/all_year_offline_schedule_search/daily_outputs/SYA/SYA_2022_SYA2022_normal_grid_S0019_daily.csv
SYA,SYA,Shenyang,2022,Leave_One_experiments\wth_generated_qc\SYA\SYA2022.WTH,wet_year;nitrogen_stress_year;low_response_year,wet,SYA2022_normal_grid_S0019,pareto_balanced,2022-07-28,209,104,99,"{""sim_day"": 104.0, ""doy"": 209.0, ""topwt"": 8318.629150390625, ""grnwt"": 1027.945556640625, ""xlai"": 2.44394588470459, ""totir"": 0.0, ""tofer"": NaN, ""swfac"": 0.0, ""nstres"": 0.0}",0.0,0.0,8318.629150390625,1027.945556640625,2.44394588470459,0.0,,0.0,0.0,0.0,225.0,52.10362548828125,52.10362548828125,Leave_One_experiments/all_year_offline_schedule_search/daily_outputs/SYA/SYA_2022_SYA2022_normal_grid_S0019_daily.csv
SYA,SYA,Shenyang,2022,Leave_One_experiments\wth_generated_qc\SYA\SYA2022.WTH,wet_year;nitrogen_stress_year;low_response_year,wet,SYA2022_normal_grid_S0019,pareto_balanced,2022-07-29,210,105,100,"{""sim_day"": 105.0, ""doy"": 210.0, ""topwt"": 8530.88134765625, ""grnwt"": 1367.726593017578, ""xlai"": 2.433483600616455, ""totir"": 0.0, ""tofer"": NaN, ""swfac"": 0.0, ""nstres"": 0.0}",0.0,0.0,8530.88134765625,1367.726593017578,2.433483600616455,0.0,,0.0,0.0,0.0,225.0,52.10362548828125,52.10362548828125,Leave_One_experiments/all_year_offline_schedule_search/daily_outputs/SYA/SYA_2022_SYA2022_normal_grid_S0019_daily.csv
SYA,SYA,Shenyang,2022,Leave_One_experiments\wth_generated_qc\SYA\SYA2022.WTH,wet_year;nitrogen_stress_year;low_response_year,wet,SYA2022_normal_grid_S0019,pareto_balanced,2022-07-30,211,106,101,"{""sim_day"": 106.0, ""doy"": 211.0, ""topwt"": 8863.434448242188, ""grnwt"": 1673.0996704101562, ""xlai"": 2.4206857681274414, ""totir"": 0.0, ""tofer"": NaN, ""swfac"": 0.0, ""nstres"": 0.0}",0.0,0.0,8863.434448242188,1673.0996704101562,2.4206857681274414,0.0,,0.0,0.0,0.0,225.0,52.10362548828125,52.10362548828125,Leave_One_experiments/all_year_offline_schedule_search/daily_outputs/SYA/SYA_2022_SYA2022_normal_grid_S0019_daily.csv
SYA,SYA,Shenyang,2022,Leave_One_experiments\wth_generated_qc\SYA\SYA2022.WTH,wet_year;nitrogen_stress_year;low_response_year,wet,SYA2022_normal_grid_S0019,pareto_balanced,2022-07-31,212,107,102,"{""sim_day"": 107.0, ""doy"": 212.0, ""topwt"": 9226.469116210938, ""grnwt"": 1954.81689453125, ""xlai"": 2.4053521156311035, ""totir"": 0.0, ""tofer"": NaN, ""swfac"": 0.0, ""nstres"": 0.0}",0.0,0.0,9226.469116210938,1954.81689453125,2.4053521156311035,0.0,,0.0,0.0,0.0,225.0,52.10362548828125,52.10362548828125,Leave_One_experiments/all_year_offline_schedule_search/daily_outputs/SYA/SYA_2022_SYA2022_normal_grid_S0019_daily.csv
SYA,SYA,Shenyang,2022,Leave_One_experiments\wth_generated_qc\SYA\SYA2022.WTH,wet_year;nitrogen_stress_year;low_response_year,wet,SYA2022_normal_grid_S0019,pareto_balanced,2022-08-01,213,108,103,"{""sim_day"": 108.0, ""doy"": 213.0, ""topwt"": 9555.822143554688, ""grnwt"": 2202.126007080078, ""xlai"": 2.386897087097168, ""totir"": 0.0, ""tofer"": NaN, ""swfac"": 0.0, ""nstres"": 0.0}",0.0,0.0,9555.822143554688,2202.126007080078,2.386897087097168,0.0,,0.0,0.0,0.0,225.0,52.10362548828125,52.10362548828125,Leave_One_experiments/all_year_offline_schedule_search/daily_outputs/SYA/SYA_2022_SYA2022_normal_grid_S0019_daily.csv
SYA,SYA,Shenyang,2022,Leave_One_experiments\wth_generated_qc\SYA\SYA2022.WTH,wet_year;nitrogen_stress_year;low_response_year,wet,SYA2022_normal_grid_S0019,pareto_balanced,2022-08-02,214,109,104,"{""sim_day"": 109.0, ""doy"": 214.0, ""topwt"": 9855.841674804688, ""grnwt"": 2434.381561279297, ""xlai"": 2.365299701690674, ""totir"": 0.0, ""tofer"": NaN, ""swfac"": 0.0, ""nstres"": 0.0}",0.0,0.0,9855.841674804688,2434.381561279297,2.365299701690674,0.0,,0.0,0.0,0.0,225.0,52.10362548828125,52.10362548828125,Leave_One_experiments/all_year_offline_schedule_search/daily_outputs/SYA/SYA_2022_SYA2022_normal_grid_S0019_daily.csv
SYA,SYA,Shenyang,2022,Leave_One_experiments\wth_generated_qc\SYA\SYA2022.WTH,wet_year;nitrogen_stress_year;low_response_year,wet,SYA2022_normal_grid_S0019,pareto_balanced,2022-08-03,215,110,105,"{""sim_day"": 110.0, ""doy"": 215.0, ""topwt"": 10145.858154296877, ""grnwt"": 2640.830993652344, ""xlai"": 2.3399178981781006, ""totir"": 0.0, ""tofer"": NaN, ""swfac"": 0.0, ""nstres"": 0.0}",0.0,0.0,10145.858154296877,2640.830993652344,2.3399178981781006,0.0,,0.0,0.0,0.0,225.0,52.10362548828125,52.10362548828125,Leave_One_experiments/all_year_offline_schedule_search/daily_outputs/SYA/SYA_2022_SYA2022_normal_grid_S0019_daily.csv
SYA,SYA,Shenyang,2022,Leave_One_experiments\wth_generated_qc\SYA\SYA2022.WTH,wet_year;nitrogen_stress_year;low_response_year,wet,SYA2022_normal_grid_S0019,pareto_balanced,2022-08-04,216,111,106,"{""sim_day"": 111.0, ""doy"": 216.0, ""topwt"": 10347.681884765623, ""grnwt"": 2924.698486328125, ""xlai"": 2.313551425933838, ""totir"": 0.0, ""tofer"": NaN, ""swfac"": 0.0, ""nstres"": 0.0}",0.0,0.0,10347.681884765623,2924.698486328125,2.313551425933838,0.0,,0.0,0.0,0.0,225.0,52.10362548828125,52.10362548828125,Leave_One_experiments/all_year_offline_schedule_search/daily_outputs/SYA/SYA_2022_SYA2022_normal_grid_S0019_daily.csv
SYA,SYA,Shenyang,2022,Leave_One_experiments\wth_generated_qc\SYA\SYA2022.WTH,wet_year;nitrogen_stress_year;low_response_year,wet,SYA2022_normal_grid_S0019,pareto_balanced,2022-08-05,217,112,107,"{""sim_day"": 112.0, ""doy"": 217.0, ""topwt"": 10679.342041015623, ""grnwt"": 3219.31884765625, ""xlai"": 2.284480094909668, ""totir"": 0.0, ""tofer"": NaN, ""swfac"": 0.0, ""nstres"": 0.0}",0.0,0.0,10679.342041015623,3219.31884765625,2.284480094909668,0.0,,0.0,0.0,0.0,225.0,52.10362548828125,52.10362548828125,Leave_One_experiments/all_year_offline_schedule_search/daily_outputs/SYA/SYA_2022_SYA2022_normal_grid_S0019_daily.csv
SYA,SYA,Shenyang,2022,Leave_One_experiments\wth_generated_qc\SYA\SYA2022.WTH,wet_year;nitrogen_stress_year;low_response_year,wet,SYA2022_normal_grid_S0019,pareto_balanced,2022-08-06,218,113,108,"{""sim_day"": 113.0, ""doy"": 218.0, ""topwt"": 10750.633544921877, ""grnwt"": 3563.4011840820312, ""xlai"": 2.2550811767578125, ""totir"": 0.0, ""tofer"": NaN, ""swfac"": 0.0, ""nstres"": 0.0}",0.0,0.0,10750.633544921877,3563.4011840820312,2.2550811767578125,0.0,,0.0,0.0,0.0,225.0,52.10362548828125,52.10362548828125,Leave_One_experiments/all_year_offline_schedule_search/daily_outputs/SYA/SYA_2022_SYA2022_normal_grid_S0019_daily.csv
SYA,SYA,Shenyang,2022,Leave_One_experiments\wth_generated_qc\SYA\SYA2022.WTH,wet_year;nitrogen_stress_year;low_response_year,wet,SYA2022_normal_grid_S0019,pareto_balanced,2022-08-07,219,114,109,"{""sim_day"": 114.0, ""doy"": 219.0, ""topwt"": 11122.489013671877, ""grnwt"": 3907.483520507813, ""xlai"": 2.2257988452911377, ""totir"": 0.0, ""tofer"": NaN, ""swfac"": 0.0, ""nstres"": 0.0}",0.0,0.0,11122.489013671877,3907.483520507813,2.2257988452911377,0.0,,0.0,0.0,0.0,225.0,52.10362548828125,52.10362548828125,Leave_One_experiments/all_year_offline_schedule_search/daily_outputs/SYA/SYA_2022_SYA2022_normal_grid_S0019_daily.csv
SYA,SYA,Shenyang,2022,Leave_One_experiments\wth_generated_qc\SYA\SYA2022.WTH,wet_year;nitrogen_stress_year;low_response_year,wet,SYA2022_normal_grid_S0019,pareto_balanced,2022-08-08,220,115,110,"{""sim_day"": 115.0, ""doy"": 220.0, ""topwt"": 11435.71044921875, ""grnwt"": 4251.565856933594, ""xlai"": 2.197309255599976, ""totir"": 0.0, ""tofer"": NaN, ""swfac"": 0.0, ""nstres"": 0.0}",0.0,0.0,11435.71044921875,4251.565856933594,2.197309255599976,0.0,,0.0,0.0,0.0,225.0,52.10362548828125,52.10362548828125,Leave_One_experiments/all_year_offline_schedule_search/daily_outputs/SYA/SYA_2022_SYA2022_normal_grid_S0019_daily.csv
SYA,SYA,Shenyang,2022,Leave_One_experiments\wth_generated_qc\SYA\SYA2022.WTH,wet_year;nitrogen_stress_year;low_response_year,wet,SYA2022_normal_grid_S0019,pareto_balanced,2022-08-09,221,116,111,"{""sim_day"": 116.0, ""doy"": 221.0, ""topwt"": 11837.166748046877, ""grnwt"": 4595.648193359375, ""xlai"": 2.1645925045013428, ""totir"": 0.0, ""tofer"": NaN, ""swfac"": 0.0, ""nstres"": 0.0}",0.0,0.0,11837.166748046877,4595.648193359375,2.1645925045013428,0.0,,0.0,0.0,0.0,225.0,52.10362548828125,52.10362548828125,Leave_One_experiments/all_year_offline_schedule_search/daily_outputs/SYA/SYA_2022_SYA2022_normal_grid_S0019_daily.csv
SYA,SYA,Shenyang,2022,Leave_One_experiments\wth_generated_qc\SYA\SYA2022.WTH,wet_year;nitrogen_stress_year;low_response_year,wet,SYA2022_normal_grid_S0019,pareto_balanced,2022-08-10,222,117,112,"{""sim_day"": 117.0, ""doy"": 222.0, ""topwt"": 12208.292236328123, ""grnwt"": 4939.730529785156, ""xlai"": 2.130797863006592, ""totir"": 0.0, ""tofer"": NaN, ""swfac"": 0.0, ""nstres"": 0.0}",0.0,0.0,12208.292236328123,4939.730529785156,2.130797863006592,0.0,,0.0,0.0,0.0,225.0,52.10362548828125,52.10362548828125,Leave_One_experiments/all_year_offline_schedule_search/daily_outputs/SYA/SYA_2022_SYA2022_normal_grid_S0019_daily.csv
SYA,SYA,Shenyang,2022,Leave_One_experiments\wth_generated_qc\SYA\SYA2022.WTH,wet_year;nitrogen_stress_year;low_response_year,wet,SYA2022_normal_grid_S0019,pareto_balanced,2022-08-11,223,118,113,"{""sim_day"": 118.0, ""doy"": 223.0, ""topwt"": 12372.266845703123, ""grnwt"": 5283.8128662109375, ""xlai"": 2.090856075286865, ""totir"": 0.0, ""tofer"": NaN, ""swfac"": 0.0, ""nstres"": 0.0}",0.0,0.0,12372.266845703123,5283.8128662109375,2.090856075286865,0.0,,0.0,0.0,0.0,225.0,52.10362548828125,52.10362548828125,Leave_One_experiments/all_year_offline_schedule_search/daily_outputs/SYA/SYA_2022_SYA2022_normal_grid_S0019_daily.csv
SYA,SYA,Shenyang,2022,Leave_One_experiments\wth_generated_qc\SYA\SYA2022.WTH,wet_year;nitrogen_stress_year;low_response_year,wet,SYA2022_normal_grid_S0019,pareto_balanced,2022-08-12,224,119,114,"{""sim_day"": 119.0, ""doy"": 224.0, ""topwt"": 12712.6953125, ""grnwt"": 5627.8955078125, ""xlai"": 2.047605276107788, ""totir"": 0.0, ""tofer"": NaN, ""swfac"": 0.0, ""nstres"": 0.0}",0.0,0.0,12712.6953125,5627.8955078125,2.047605276107788,0.0,,0.0,0.0,0.0,225.0,52.10362548828125,52.10362548828125,Leave_One_experiments/all_year_offline_schedule_search/daily_outputs/SYA/SYA_2022_SYA2022_normal_grid_S0019_daily.csv
SYA,SYA,Shenyang,2022,Leave_One_experiments\wth_generated_qc\SYA\SYA2022.WTH,wet_year;nitrogen_stress_year;low_response_year,wet,SYA2022_normal_grid_S0019,pareto_balanced,2022-08-13,225,120,115,"{""sim_day"": 120.0, ""doy"": 225.0, ""topwt"": 12852.2998046875, ""grnwt"": 5971.9775390625, ""xlai"": 2.0074429512023926, ""totir"": 0.0, ""tofer"": NaN, ""swfac"": 0.0, ""nstres"": 0.0}",0.0,0.0,12852.2998046875,5971.9775390625,2.0074429512023926,0.0,,0.0,0.0,0.0,225.0,52.10362548828125,52.10362548828125,Leave_One_experiments/all_year_offline_schedule_search/daily_outputs/SYA/SYA_2022_SYA2022_normal_grid_S0019_daily.csv
SYA,SYA,Shenyang,2022,Leave_One_experiments\wth_generated_qc\SYA\SYA2022.WTH,wet_year;nitrogen_stress_year;low_response_year,wet,SYA2022_normal_grid_S0019,pareto_balanced,2022-08-14,226,121,116,"{""sim_day"": 121.0, ""doy"": 226.0, ""topwt"": 12909.96337890625, ""grnwt"": 6316.060180664063, ""xlai"": 1.9687678813934328, ""totir"": 0.0, ""tofer"": NaN, ""swfac"": 0.0, ""nstres"": 0.0}",0.0,0.0,12909.96337890625,6316.060180664063,1.9687678813934328,0.0,,0.0,0.0,0.0,225.0,52.10362548828125,52.10362548828125,Leave_One_experiments/all_year_offline_schedule_search/daily_outputs/SYA/SYA_2022_SYA2022_normal_grid_S0019_daily.csv
SYA,SYA,Shenyang,2022,Leave_One_experiments\wth_generated_qc\SYA\SYA2022.WTH,wet_year;nitrogen_stress_year;low_response_year,wet,SYA2022_normal_grid_S0019,pareto_balanced,2022-08-15,227,122,117,"{""sim_day"": 122.0, ""doy"": 227.0, ""topwt"": 13292.7001953125, ""grnwt"": 6660.142211914063, ""xlai"": 1.9250130653381348, ""totir"": 0.0, ""tofer"": NaN, ""swfac"": 0.0, ""nstres"": 0.0}",0.0,0.0,13292.7001953125,6660.142211914063,1.9250130653381348,0.0,,0.0,0.0,0.0,225.0,52.10362548828125,52.10362548828125,Leave_One_experiments/all_year_offline_schedule_search/daily_outputs/SYA/SYA_2022_SYA2022_normal_grid_S0019_daily.csv
SYA,SYA,Shenyang,2022,Leave_One_experiments\wth_generated_qc\SYA\SYA2022.WTH,wet_year;nitrogen_stress_year;low_response_year,wet,SYA2022_normal_grid_S0019,pareto_balanced,2022-08-16,228,123,118,"{""sim_day"": 123.0, ""doy"": 228.0, ""topwt"": 13674.09912109375, ""grnwt"": 7004.224853515625, ""xlai"": 1.8753066062927248, ""totir"": 0.0, ""tofer"": NaN, ""swfac"": 0.0, ""nstres"": 0.0}",0.0,0.0,13674.09912109375,7004.224853515625,1.8753066062927248,0.0,,0.0,0.0,0.0,225.0,52.10362548828125,52.10362548828125,Leave_One_experiments/all_year_offline_schedule_search/daily_outputs/SYA/SYA_2022_SYA2022_normal_grid_S0019_daily.csv
SYA,SYA,Shenyang,2022,Leave_One_experiments\wth_generated_qc\SYA\SYA2022.WTH,wet_year;nitrogen_stress_year;low_response_year,wet,SYA2022_normal_grid_S0019,pareto_balanced,2022-08-17,229,124,119,"{""sim_day"": 124.0, ""doy"": 229.0, ""topwt"": 13920.057373046877, ""grnwt"": 7348.306884765625, ""xlai"": 1.820683598518372, ""totir"": 0.0, ""tofer"": NaN, ""swfac"": 0.0, ""nstres"": 0.0}",0.0,0.0,13920.057373046877,7348.306884765625,1.820683598518372,0.0,,0.0,0.0,0.0,225.0,52.10362548828125,52.10362548828125,Leave_One_experiments/all_year_offline_schedule_search/daily_outputs/SYA/SYA_2022_SYA2022_normal_grid_S0019_daily.csv
SYA,SYA,Shenyang,2022,Leave_One_experiments\wth_generated_qc\SYA\SYA2022.WTH,wet_year;nitrogen_stress_year;low_response_year,wet,SYA2022_normal_grid_S0019,pareto_balanced,2022-08-18,230,125,120,"{""sim_day"": 125.0, ""doy"": 230.0, ""topwt"": 13845.826416015623, ""grnwt"": 7447.521362304687, ""xlai"": 1.7711267471313477, ""totir"": 0.0, ""tofer"": NaN, ""swfac"": 0.0, ""nstres"": 0.0}",0.0,0.0,13845.826416015623,7447.521362304687,1.7711267471313477,0.0,,0.0,0.0,0.0,225.0,52.10362548828125,52.10362548828125,Leave_One_experiments/all_year_offline_schedule_search/daily_outputs/SYA/SYA_2022_SYA2022_normal_grid_S0019_daily.csv
SYA,SYA,Shenyang,2022,Leave_One_experiments\wth_generated_qc\SYA\SYA2022.WTH,wet_year;nitrogen_stress_year;low_response_year,wet,SYA2022_normal_grid_S0019,pareto_balanced,2022-08-19,231,126,121,"{""sim_day"": 126.0, ""doy"": 231.0, ""topwt"": 14220.64208984375, ""grnwt"": 7791.603393554687, ""xlai"": 1.722145676612854, ""totir"": 0.0, ""tofer"": NaN, ""swfac"": 0.0, ""nstres"": 0.0}",0.0,0.0,14220.64208984375,7791.603393554687,1.722145676612854,0.0,,0.0,0.0,0.0,225.0,52.10362548828125,52.10362548828125,Leave_One_experiments/all_year_offline_schedule_search/daily_outputs/SYA/SYA_2022_SYA2022_normal_grid_S0019_daily.csv
SYA,SYA,Shenyang,2022,Leave_One_experiments\wth_generated_qc\SYA\SYA2022.WTH,wet_year;nitrogen_stress_year;low_response_year,wet,SYA2022_normal_grid_S0019,pareto_balanced,2022-08-20,232,127,122,"{""sim_day"": 127.0, ""doy"": 232.0, ""topwt"": 14580.390625, ""grnwt"": 8135.68603515625, ""xlai"": 1.6643104553222656, ""totir"": 0.0, ""tofer"": NaN, ""swfac"": 0.0, ""nstres"": 0.0}",0.0,0.0,14580.390625,8135.68603515625,1.6643104553222656,0.0,,0.0,0.0,0.0,225.0,52.10362548828125,52.10362548828125,Leave_One_experiments/all_year_offline_schedule_search/daily_outputs/SYA/SYA_2022_SYA2022_normal_grid_S0019_daily.csv
SYA,SYA,Shenyang,2022,Leave_One_experiments\wth_generated_qc\SYA\SYA2022.WTH,wet_year;nitrogen_stress_year;low_response_year,wet,SYA2022_normal_grid_S0019,pareto_balanced,2022-08-21,233,128,123,"{""sim_day"": 128.0, ""doy"": 233.0, ""topwt"": 14627.35595703125, ""grnwt"": 8229.050903320312, ""xlai"": 1.6132481098175049, ""totir"": 0.0, ""tofer"": NaN, ""swfac"": 0.0, ""nstres"": 0.0}",0.0,0.0,14627.35595703125,8229.050903320312,1.6132481098175049,0.0,,0.0,0.0,0.0,225.0,52.10362548828125,52.10362548828125,Leave_One_experiments/all_year_offline_schedule_search/daily_outputs/SYA/SYA_2022_SYA2022_normal_grid_S0019_daily.csv
SYA,SYA,Shenyang,2022,Leave_One_experiments\wth_generated_qc\SYA\SYA2022.WTH,wet_year;nitrogen_stress_year;low_response_year,wet,SYA2022_normal_grid_S0019,pareto_balanced,2022-08-22,234,129,124,"{""sim_day"": 129.0, ""doy"": 234.0, ""topwt"": 14993.4912109375, ""grnwt"": 8573.133544921875, ""xlai"": 1.5658290386199951, ""totir"": 0.0, ""tofer"": NaN, ""swfac"": 0.0, ""nstres"": 0.0}",0.0,0.0,14993.4912109375,8573.133544921875,1.5658290386199951,0.0,,0.0,0.0,0.0,225.0,52.10362548828125,52.10362548828125,Leave_One_experiments/all_year_offline_schedule_search/daily_outputs/SYA/SYA_2022_SYA2022_normal_grid_S0019_daily.csv
SYA,SYA,Shenyang,2022,Leave_One_experiments\wth_generated_qc\SYA\SYA2022.WTH,wet_year;nitrogen_stress_year;low_response_year,wet,SYA2022_normal_grid_S0019,pareto_balanced,2022-08-23,235,130,125,"{""sim_day"": 130.0, ""doy"": 235.0, ""topwt"": 15337.60986328125, ""grnwt"": 8917.215576171875, ""xlai"": 1.5121039152145386, ""totir"": 0.0, ""tofer"": NaN, ""swfac"": 0.0, ""nstres"": 0.0}",0.0,0.0,15337.60986328125,8917.215576171875,1.5121039152145386,0.0,,0.0,0.0,0.0,225.0,52.10362548828125,52.10362548828125,Leave_One_experiments/all_year_offline_schedule_search/daily_outputs/SYA/SYA_2022_SYA2022_normal_grid_S0019_daily.csv
SYA,SYA,Shenyang,2022,Leave_One_experiments\wth_generated_qc\SYA\SYA2022.WTH,wet_year;nitrogen_stress_year;low_response_year,wet,SYA2022_normal_grid_S0019,pareto_balanced,2022-08-24,236,131,126,"{""sim_day"": 131.0, ""doy"": 236.0, ""topwt"": 15683.5693359375, ""grnwt"": 9261.298217773438, ""xlai"": 1.4551761150360107, ""totir"": 0.0, ""tofer"": NaN, ""swfac"": 0.0, ""nstres"": 0.0}",0.0,0.0,15683.5693359375,9261.298217773438,1.4551761150360107,0.0,,0.0,0.0,0.0,225.0,52.10362548828125,52.10362548828125,Leave_One_experiments/all_year_offline_schedule_search/daily_outputs/SYA/SYA_2022_SYA2022_normal_grid_S0019_daily.csv
SYA,SYA,Shenyang,2022,Leave_One_experiments\wth_generated_qc\SYA\SYA2022.WTH,wet_year;nitrogen_stress_year;low_response_year,wet,SYA2022_normal_grid_S0019,pareto_balanced,2022-08-25,237,132,127,"{""sim_day"": 132.0, ""doy"": 237.0, ""topwt"": 15844.47998046875, ""grnwt"": 9446.176147460938, ""xlai"": 1.4099904298782349, ""totir"": 0.0, ""tofer"": NaN, ""swfac"": 0.0, ""nstres"": 0.0}",0.0,0.0,15844.47998046875,9446.176147460938,1.4099904298782349,0.0,,0.0,0.0,0.0,225.0,52.10362548828125,52.10362548828125,Leave_One_experiments/all_year_offline_schedule_search/daily_outputs/SYA/SYA_2022_SYA2022_normal_grid_S0019_daily.csv
SYA,SYA,Shenyang,2022,Leave_One_experiments\wth_generated_qc\SYA\SYA2022.WTH,wet_year;nitrogen_stress_year;low_response_year,wet,SYA2022_normal_grid_S0019,pareto_balanced,2022-08-26,238,133,128,"{""sim_day"": 133.0, ""doy"": 238.0, ""topwt"": 16192.607421875, ""grnwt"": 9790.2587890625, ""xlai"": 1.364222764968872, ""totir"": 0.0, ""tofer"": NaN, ""swfac"": 0.0, ""nstres"": 0.0}",0.0,0.0,16192.607421875,9790.2587890625,1.364222764968872,0.0,,0.0,0.0,0.0,225.0,52.10362548828125,52.10362548828125,Leave_One_experiments/all_year_offline_schedule_search/daily_outputs/SYA/SYA_2022_SYA2022_normal_grid_S0019_daily.csv
SYA,SYA,Shenyang,2022,Leave_One_experiments\wth_generated_qc\SYA\SYA2022.WTH,wet_year;nitrogen_stress_year;low_response_year,wet,SYA2022_normal_grid_S0019,pareto_balanced,2022-08-27,239,134,129,"{""sim_day"": 134.0, ""doy"": 239.0, ""topwt"": 16434.957275390625, ""grnwt"": 10036.654663085938, ""xlai"": 1.3131903409957886, ""totir"": 0.0, ""tofer"": NaN, ""swfac"": 0.0, ""nstres"": 0.0131235122680664}",0.0,0.0131235122680664,16434.957275390625,10036.654663085938,1.3131903409957886,0.0,,0.0,0.0,0.0,225.0,52.10362548828125,52.10362548828125,Leave_One_experiments/all_year_offline_schedule_search/daily_outputs/SYA/SYA_2022_SYA2022_normal_grid_S0019_daily.csv
SYA,SYA,Shenyang,2022,Leave_One_experiments\wth_generated_qc\SYA\SYA2022.WTH,wet_year;nitrogen_stress_year;low_response_year,wet,SYA2022_normal_grid_S0019,pareto_balanced,2022-08-28,240,135,130,"{""sim_day"": 135.0, ""doy"": 240.0, ""topwt"": 16478.885498046875, ""grnwt"": 10080.582275390623, ""xlai"": 1.262933611869812, ""totir"": 0.0, ""tofer"": NaN, ""swfac"": 0.0, ""nstres"": 0.0752174854278564}",0.0,0.0752174854278564,16478.885498046875,10080.582275390623,1.262933611869812,0.0,,0.0,0.0,0.0,225.0,52.10362548828125,52.10362548828125,Leave_One_experiments/all_year_offline_schedule_search/daily_outputs/SYA/SYA_2022_SYA2022_normal_grid_S0019_daily.csv
SYA,SYA,Shenyang,2022,Leave_One_experiments\wth_generated_qc\SYA\SYA2022.WTH,wet_year;nitrogen_stress_year;low_response_year,wet,SYA2022_normal_grid_S0019,pareto_balanced,2022-08-29,241,136,131,"{""sim_day"": 136.0, ""doy"": 241.0, ""topwt"": 16742.08251953125, ""grnwt"": 10343.779296875, ""xlai"": 1.1932682991027832, ""totir"": 0.0, ""tofer"": NaN, ""swfac"": 0.0, ""nstres"": 0.0674028396606445}",0.0,0.0674028396606445,16742.08251953125,10343.779296875,1.1932682991027832,0.0,,0.0,0.0,0.0,225.0,52.10362548828125,52.10362548828125,Leave_One_experiments/all_year_offline_schedule_search/daily_outputs/SYA/SYA_2022_SYA2022_normal_grid_S0019_daily.csv
SYA,SYA,Shenyang,2022,Leave_One_experiments\wth_generated_qc\SYA\SYA2022.WTH,wet_year;nitrogen_stress_year;low_response_year,wet,SYA2022_normal_grid_S0019,pareto_balanced,2022-08-30,242,137,132,"{""sim_day"": 137.0, ""doy"": 242.0, ""topwt"": 16990.391845703125, ""grnwt"": 10592.088623046877, ""xlai"": 1.1248514652252195, ""totir"": 0.0, ""tofer"": NaN, ""swfac"": 0.0, ""nstres"": 0.1397026181221008}",0.0,0.1397026181221008,16990.391845703125,10592.088623046877,1.1248514652252195,0.0,,0.0,0.0,0.0,225.0,52.10362548828125,52.10362548828125,Leave_One_experiments/all_year_offline_schedule_search/daily_outputs/SYA/SYA_2022_SYA2022_normal_grid_S0019_daily.csv
SYA,SYA,Shenyang,2022,Leave_One_experiments\wth_generated_qc\SYA\SYA2022.WTH,wet_year;nitrogen_stress_year;low_response_year,wet,SYA2022_normal_grid_S0019,pareto_balanced,2022-08-31,243,138,133,"{""sim_day"": 138.0, ""doy"": 243.0, ""topwt"": 17233.665771484375, ""grnwt"": 10835.362548828123, ""xlai"": 1.0685198307037354, ""totir"": 0.0, ""tofer"": NaN, ""swfac"": 0.0, ""nstres"": 0.197424054145813}",0.0,0.197424054145813,17233.665771484375,10835.362548828123,1.0685198307037354,0.0,,0.0,0.0,0.0,225.0,52.10362548828125,52.10362548828125,Leave_One_experiments/all_year_offline_schedule_search/daily_outputs/SYA/SYA_2022_SYA2022_normal_grid_S0019_daily.csv
SYA,SYA,Shenyang,2022,Leave_One_experiments\wth_generated_qc\SYA\SYA2022.WTH,wet_year;nitrogen_stress_year;low_response_year,wet,SYA2022_normal_grid_S0019,pareto_balanced,2022-09-01,244,139,134,"{""sim_day"": 139.0, ""doy"": 244.0, ""topwt"": 17233.665771484375, ""grnwt"": 10835.362548828123, ""xlai"": 1.0685198307037354, ""totir"": 0.0, ""tofer"": NaN, ""swfac"": 0.0, ""nstres"": 0.3110954165458679}",0.0,0.3110954165458679,17233.665771484375,10835.362548828123,1.0685198307037354,0.0,,0.0,0.0,0.0,225.0,52.10362548828125,52.10362548828125,Leave_One_experiments/all_year_offline_schedule_search/daily_outputs/SYA/SYA_2022_SYA2022_normal_grid_S0019_daily.csv
SYA,SYA,Shenyang,2022,Leave_One_experiments\wth_generated_qc\SYA\SYA2022.WTH,wet_year;nitrogen_stress_year;low_response_year,wet,SYA2022_normal_grid_S0019,pareto_balanced,2022-09-02,245,140,135,"{""sim_day"": 140.0, ""doy"": 245.0, ""topwt"": 17233.665771484375, ""grnwt"": 10835.362548828123, ""xlai"": 1.0685198307037354, ""totir"": 0.0, ""tofer"": NaN, ""swfac"": 0.0, ""nstres"": 0.3110954165458679}",0.0,0.3110954165458679,17233.665771484375,10835.362548828123,1.0685198307037354,0.0,,0.0,0.0,0.0,225.0,52.10362548828125,52.10362548828125,Leave_One_experiments/all_year_offline_schedule_search/daily_outputs/SYA/SYA_2022_SYA2022_normal_grid_S0019_daily.csv
SYA,SYA,Shenyang,2022,Leave_One_experiments\wth_generated_qc\SYA\SYA2022.WTH,wet_year;nitrogen_stress_year;low_response_year,wet,SYA2022_normal_grid_S0019,pareto_balanced,2022-09-03,246,141,136,"{""sim_day"": 141.0, ""doy"": 246.0, ""topwt"": 17233.665771484375, ""grnwt"": 10835.362548828123, ""xlai"": 1.0685198307037354, ""totir"": 0.0, ""tofer"": NaN, ""swfac"": 0.0, ""nstres"": 0.3110954165458679}",0.0,0.3110954165458679,17233.665771484375,10835.362548828123,1.0685198307037354,0.0,,0.0,0.0,0.0,225.0,52.10362548828125,52.10362548828125,Leave_One_experiments/all_year_offline_schedule_search/daily_outputs/SYA/SYA_2022_SYA2022_normal_grid_S0019_daily.csv
SYA,SYA,Shenyang,2022,Leave_One_experiments\wth_generated_qc\SYA\SYA2022.WTH,wet_year;nitrogen_stress_year;low_response_year,wet,SYA2022_normal_grid_S0019,pareto_balanced,2022-09-04,247,142,137,"{""sim_day"": 142.0, ""doy"": 247.0, ""topwt"": 17233.665771484375, ""grnwt"": 10835.362548828123, ""xlai"": 1.0685198307037354, ""totir"": 0.0, ""tofer"": NaN, ""swfac"": 0.0, ""nstres"": 0.3110954165458679}",0.0,0.3110954165458679,17233.665771484375,10835.362548828123,1.0685198307037354,0.0,,0.0,0.0,0.0,225.0,52.10362548828125,52.10362548828125,Leave_One_experiments/all_year_offline_schedule_search/daily_outputs/SYA/SYA_2022_SYA2022_normal_grid_S0019_daily.csv
SYA,SYA,Shenyang,2022,Leave_One_experiments\wth_generated_qc\SYA\SYA2022.WTH,wet_year;nitrogen_stress_year;low_response_year,wet,SYA2022_normal_grid_S0010,top_profit_low_water,2022-04-21,111,1,1,"{""sim_day"": 1.0, ""doy"": 111.0, ""topwt"": 0.0, ""grnwt"": 0.0, ""xlai"": 0.0, ""totir"": 0.0, ""tofer"": NaN, ""swfac"": 0.0, ""nstres"": 0.0}",0.0,0.0,0.0,0.0,0.0,0.0,,0.0,50.0,0.0,150.0,55.78582153320313,55.78582153320313,Leave_One_experiments/all_year_offline_schedule_search/daily_outputs/SYA/SYA_2022_SYA2022_normal_grid_S0010_daily.csv
SYA,SYA,Shenyang,2022,Leave_One_experiments\wth_generated_qc\SYA\SYA2022.WTH,wet_year;nitrogen_stress_year;low_response_year,wet,SYA2022_normal_grid_S0010,top_profit_low_water,2022-04-22,112,2,2,"{""sim_day"": 2.0, ""doy"": 112.0, ""topwt"": 0.0, ""grnwt"": 0.0, ""xlai"": 0.0, ""totir"": 0.0, ""tofer"": NaN, ""swfac"": 0.0, ""nstres"": 0.0}",0.0,0.0,0.0,0.0,0.0,0.0,,0.0,0.0,0.0,150.0,55.78582153320313,55.78582153320313,Leave_One_experiments/all_year_offline_schedule_search/daily_outputs/SYA/SYA_2022_SYA2022_normal_grid_S0010_daily.csv
SYA,SYA,Shenyang,2022,Leave_One_experiments\wth_generated_qc\SYA\SYA2022.WTH,wet_year;nitrogen_stress_year;low_response_year,wet,SYA2022_normal_grid_S0010,top_profit_low_water,2022-04-23,113,3,3,"{""sim_day"": 3.0, ""doy"": 113.0, ""topwt"": 0.0, ""grnwt"": 0.0, ""xlai"": 0.0, ""totir"": 0.0, ""tofer"": NaN, ""swfac"": 0.0, ""nstres"": 0.0}",0.0,0.0,0.0,0.0,0.0,0.0,,0.0,0.0,0.0,150.0,55.78582153320313,55.78582153320313,Leave_One_experiments/all_year_offline_schedule_search/daily_outputs/SYA/SYA_2022_SYA2022_normal_grid_S0010_daily.csv
SYA,SYA,Shenyang,2022,Leave_One_experiments\wth_generated_qc\SYA\SYA2022.WTH,wet_year;nitrogen_stress_year;low_response_year,wet,SYA2022_normal_grid_S0010,top_profit_low_water,2022-04-24,114,4,4,"{""sim_day"": 4.0, ""doy"": 114.0, ""topwt"": 0.0, ""grnwt"": 0.0, ""xlai"": 0.0, ""totir"": 0.0, ""tofer"": NaN, ""swfac"": 0.0, ""nstres"": 0.0}",0.0,0.0,0.0,0.0,0.0,0.0,,0.0,0.0,0.0,150.0,55.78582153320313,55.78582153320313,Leave_One_experiments/all_year_offline_schedule_search/daily_outputs/SYA/SYA_2022_SYA2022_normal_grid_S0010_daily.csv
SYA,SYA,Shenyang,2022,Leave_One_experiments\wth_generated_qc\SYA\SYA2022.WTH,wet_year;nitrogen_stress_year;low_response_year,wet,SYA2022_normal_grid_S0010,top_profit_low_water,2022-04-25,115,5,5,"{""sim_day"": 5.0, ""doy"": 115.0, ""topwt"": 0.0, ""grnwt"": 0.0, ""xlai"": 0.0, ""totir"": 0.0, ""tofer"": NaN, ""swfac"": 0.0, ""nstres"": 0.0}",0.0,0.0,0.0,0.0,0.0,0.0,,0.0,0.0,0.0,150.0,55.78582153320313,55.78582153320313,Leave_One_experiments/all_year_offline_schedule_search/daily_outputs/SYA/SYA_2022_SYA2022_normal_grid_S0010_daily.csv
SYA,SYA,Shenyang,2022,Leave_One_experiments\wth_generated_qc\SYA\SYA2022.WTH,wet_year;nitrogen_stress_year;low_response_year,wet,SYA2022_normal_grid_S0010,top_profit_low_water,2022-04-21,111,6,1,"{""sim_day"": 6.0, ""doy"": 111.0, ""topwt"": 0.0, ""grnwt"": 0.0, ""xlai"": 0.0, ""totir"": 0.0, ""tofer"": NaN, ""swfac"": 0.0, ""nstres"": 0.0}",0.0,0.0,0.0,0.0,0.0,0.0,,0.0,0.0,0.0,150.0,55.78582153320313,55.78582153320313,Leave_One_experiments/all_year_offline_schedule_search/daily_outputs/SYA/SYA_2022_SYA2022_normal_grid_S0010_daily.csv
SYA,SYA,Shenyang,2022,Leave_One_experiments\wth_generated_qc\SYA\SYA2022.WTH,wet_year;nitrogen_stress_year;low_response_year,wet,SYA2022_normal_grid_S0010,top_profit_low_water,2022-04-22,112,7,2,"{""sim_day"": 7.0, ""doy"": 112.0, ""topwt"": 0.0, ""grnwt"": 0.0, ""xlai"": 0.0, ""totir"": 0.0, ""tofer"": NaN, ""swfac"": 0.0, ""nstres"": 0.0}",0.0,0.0,0.0,0.0,0.0,0.0,,0.0,0.0,0.0,150.0,55.78582153320313,55.78582153320313,Leave_One_experiments/all_year_offline_schedule_search/daily_outputs/SYA/SYA_2022_SYA2022_normal_grid_S0010_daily.csv
SYA,SYA,Shenyang,2022,Leave_One_experiments\wth_generated_qc\SYA\SYA2022.WTH,wet_year;nitrogen_stress_year;low_response_year,wet,SYA2022_normal_grid_S0010,top_profit_low_water,2022-04-23,113,8,3,"{""sim_day"": 8.0, ""doy"": 113.0, ""topwt"": 0.0, ""grnwt"": 0.0, ""xlai"": 0.0, ""totir"": 0.0, ""tofer"": NaN, ""swfac"": 0.0, ""nstres"": 0.0}",0.0,0.0,0.0,0.0,0.0,0.0,,0.0,0.0,0.0,150.0,55.78582153320313,55.78582153320313,Leave_One_experiments/all_year_offline_schedule_search/daily_outputs/SYA/SYA_2022_SYA2022_normal_grid_S0010_daily.csv
SYA,SYA,Shenyang,2022,Leave_One_experiments\wth_generated_qc\SYA\SYA2022.WTH,wet_year;nitrogen_stress_year;low_response_year,wet,SYA2022_normal_grid_S0010,top_profit_low_water,2022-04-24,114,9,4,"{""sim_day"": 9.0, ""doy"": 114.0, ""topwt"": 0.0, ""grnwt"": 0.0, ""xlai"": 0.0, ""totir"": 0.0, ""tofer"": NaN, ""swfac"": 0.0, ""nstres"": 0.0}",0.0,0.0,0.0,0.0,0.0,0.0,,0.0,0.0,0.0,150.0,55.78582153320313,55.78582153320313,Leave_One_experiments/all_year_offline_schedule_search/daily_outputs/SYA/SYA_2022_SYA2022_normal_grid_S0010_daily.csv
SYA,SYA,Shenyang,2022,Leave_One_experiments\wth_generated_qc\SYA\SYA2022.WTH,wet_year;nitrogen_stress_year;low_response_year,wet,SYA2022_normal_grid_S0010,top_profit_low_water,2022-04-25,115,10,5,"{""sim_day"": 10.0, ""doy"": 115.0, ""topwt"": 0.0, ""grnwt"": 0.0, ""xlai"": 0.0, ""totir"": 0.0, ""tofer"": NaN, ""swfac"": 0.0, ""nstres"": 0.0}",0.0,0.0,0.0,0.0,0.0,0.0,,0.0,0.0,0.0,150.0,55.78582153320313,55.78582153320313,Leave_One_experiments/all_year_offline_schedule_search/daily_outputs/SYA/SYA_2022_SYA2022_normal_grid_S0010_daily.csv
SYA,SYA,Shenyang,2022,Leave_One_experiments\wth_generated_qc\SYA\SYA2022.WTH,wet_year;nitrogen_stress_year;low_response_year,wet,SYA2022_normal_grid_S0010,top_profit_low_water,2022-04-26,116,11,6,"{""sim_day"": 11.0, ""doy"": 116.0, ""topwt"": 0.0, ""grnwt"": 0.0, ""xlai"": 0.0, ""totir"": 0.0, ""tofer"": NaN, ""swfac"": 0.0, ""nstres"": 0.0}",0.0,0.0,0.0,0.0,0.0,0.0,,0.0,0.0,0.0,150.0,55.78582153320313,55.78582153320313,Leave_One_experiments/all_year_offline_schedule_search/daily_outputs/SYA/SYA_2022_SYA2022_normal_grid_S0010_daily.csv
SYA,SYA,Shenyang,2022,Leave_One_experiments\wth_generated_qc\SYA\SYA2022.WTH,wet_year;nitrogen_stress_year;low_response_year,wet,SYA2022_normal_grid_S0010,top_profit_low_water,2022-04-27,117,12,7,"{""sim_day"": 12.0, ""doy"": 117.0, ""topwt"": 0.0, ""grnwt"": 0.0, ""xlai"": 0.0, ""totir"": 0.0, ""tofer"": NaN, ""swfac"": 0.0, ""nstres"": 0.0}",0.0,0.0,0.0,0.0,0.0,0.0,,0.0,0.0,0.0,150.0,55.78582153320313,55.78582153320313,Leave_One_experiments/all_year_offline_schedule_search/daily_outputs/SYA/SYA_2022_SYA2022_normal_grid_S0010_daily.csv
SYA,SYA,Shenyang,2022,Leave_One_experiments\wth_generated_qc\SYA\SYA2022.WTH,wet_year;nitrogen_stress_year;low_response_year,wet,SYA2022_normal_grid_S0010,top_profit_low_water,2022-04-28,118,13,8,"{""sim_day"": 13.0, ""doy"": 118.0, ""topwt"": 0.0, ""grnwt"": 0.0, ""xlai"": 0.0, ""totir"": 0.0, ""tofer"": NaN, ""swfac"": 0.0, ""nstres"": 0.0}",0.0,0.0,0.0,0.0,0.0,0.0,,0.0,0.0,0.0,150.0,55.78582153320313,55.78582153320313,Leave_One_experiments/all_year_offline_schedule_search/daily_outputs/SYA/SYA_2022_SYA2022_normal_grid_S0010_daily.csv
SYA,SYA,Shenyang,2022,Leave_One_experiments\wth_generated_qc\SYA\SYA2022.WTH,wet_year;nitrogen_stress_year;low_response_year,wet,SYA2022_normal_grid_S0010,top_profit_low_water,2022-04-29,119,14,9,"{""sim_day"": 14.0, ""doy"": 119.0, ""topwt"": 0.0, ""grnwt"": 0.0, ""xlai"": 0.0, ""totir"": 0.0, ""tofer"": NaN, ""swfac"": 0.0, ""nstres"": 0.0}",0.0,0.0,0.0,0.0,0.0,0.0,,0.0,0.0,0.0,150.0,55.78582153320313,55.78582153320313,Leave_One_experiments/all_year_offline_schedule_search/daily_outputs/SYA/SYA_2022_SYA2022_normal_grid_S0010_daily.csv
SYA,SYA,Shenyang,2022,Leave_One_experiments\wth_generated_qc\SYA\SYA2022.WTH,wet_year;nitrogen_stress_year;low_response_year,wet,SYA2022_normal_grid_S0010,top_profit_low_water,2022-04-30,120,15,10,"{""sim_day"": 15.0, ""doy"": 120.0, ""topwt"": 0.0, ""grnwt"": 0.0, ""xlai"": 0.0, ""totir"": 0.0, ""tofer"": NaN, ""swfac"": 0.0, ""nstres"": 0.0}",0.0,0.0,0.0,0.0,0.0,0.0,,0.0,0.0,0.0,150.0,55.78582153320313,55.78582153320313,Leave_One_experiments/all_year_offline_schedule_search/daily_outputs/SYA/SYA_2022_SYA2022_normal_grid_S0010_daily.csv
SYA,SYA,Shenyang,2022,Leave_One_experiments\wth_generated_qc\SYA\SYA2022.WTH,wet_year;nitrogen_stress_year;low_response_year,wet,SYA2022_normal_grid_S0010,top_profit_low_water,2022-05-01,121,16,11,"{""sim_day"": 16.0, ""doy"": 121.0, ""topwt"": 0.0, ""grnwt"": 0.0, ""xlai"": 0.0, ""totir"": 0.0, ""tofer"": NaN, ""swfac"": 0.0, ""nstres"": 0.0}",0.0,0.0,0.0,0.0,0.0,0.0,,0.0,0.0,0.0,150.0,55.78582153320313,55.78582153320313,Leave_One_experiments/all_year_offline_schedule_search/daily_outputs/SYA/SYA_2022_SYA2022_normal_grid_S0010_daily.csv
SYA,SYA,Shenyang,2022,Leave_One_experiments\wth_generated_qc\SYA\SYA2022.WTH,wet_year;nitrogen_stress_year;low_response_year,wet,SYA2022_normal_grid_S0010,top_profit_low_water,2022-05-02,122,17,12,"{""sim_day"": 17.0, ""doy"": 122.0, ""topwt"": 17.600001096725464, ""grnwt"": 0.0, ""xlai"": 0.0018071295926347, ""totir"": 0.0, ""tofer"": NaN, ""swfac"": 0.0, ""nstres"": 0.0121910572052001}",0.0,0.0121910572052001,17.600001096725464,0.0,0.0018071295926347,0.0,,0.0,0.0,0.0,150.0,55.78582153320313,55.78582153320313,Leave_One_experiments/all_year_offline_schedule_search/daily_outputs/SYA/SYA_2022_SYA2022_normal_grid_S0010_daily.csv
SYA,SYA,Shenyang,2022,Leave_One_experiments\wth_generated_qc\SYA\SYA2022.WTH,wet_year;nitrogen_stress_year;low_response_year,wet,SYA2022_normal_grid_S0010,top_profit_low_water,2022-05-03,123,18,13,"{""sim_day"": 18.0, ""doy"": 123.0, ""topwt"": 17.600001096725464, ""grnwt"": 0.0, ""xlai"": 0.003558105090633, ""totir"": 0.0, ""tofer"": NaN, ""swfac"": 0.0, ""nstres"": 0.0121737718582153}",0.0,0.0121737718582153,17.600001096725464,0.0,0.003558105090633,0.0,,0.0,0.0,0.0,150.0,55.78582153320313,55.78582153320313,Leave_One_experiments/all_year_offline_schedule_search/daily_outputs/SYA/SYA_2022_SYA2022_normal_grid_S0010_daily.csv
SYA,SYA,Shenyang,2022,Leave_One_experiments\wth_generated_qc\SYA\SYA2022.WTH,wet_year;nitrogen_stress_year;low_response_year,wet,SYA2022_normal_grid_S0010,top_profit_low_water,2022-05-04,124,19,14,"{""sim_day"": 19.0, ""doy"": 124.0, ""topwt"": 17.600001096725464, ""grnwt"": 0.0, ""xlai"": 0.0056383982300758, ""totir"": 0.0, ""tofer"": NaN, ""swfac"": 0.0, ""nstres"": 0.0065042972564697}",0.0,0.0065042972564697,17.600001096725464,0.0,0.0056383982300758,0.0,,0.0,0.0,0.0,150.0,55.78582153320313,55.78582153320313,Leave_One_experiments/all_year_offline_schedule_search/daily_outputs/SYA/SYA_2022_SYA2022_normal_grid_S0010_daily.csv
SYA,SYA,Shenyang,2022,Leave_One_experiments\wth_generated_qc\SYA\SYA2022.WTH,wet_year;nitrogen_stress_year;low_response_year,wet,SYA2022_normal_grid_S0010,top_profit_low_water,2022-05-05,125,20,15,"{""sim_day"": 20.0, ""doy"": 125.0, ""topwt"": 17.600001096725464, ""grnwt"": 0.0, ""xlai"": 0.006789481267333, ""totir"": 0.0, ""tofer"": NaN, ""swfac"": 0.0, ""nstres"": 0.0034595727920532}",0.0,0.0034595727920532,17.600001096725464,0.0,0.006789481267333,0.0,,0.0,0.0,0.0,150.0,55.78582153320313,55.78582153320313,Leave_One_experiments/all_year_offline_schedule_search/daily_outputs/SYA/SYA_2022_SYA2022_normal_grid_S0010_daily.csv
SYA,SYA,Shenyang,2022,Leave_One_experiments\wth_generated_qc\SYA\SYA2022.WTH,wet_year;nitrogen_stress_year;low_response_year,wet,SYA2022_normal_grid_S0010,top_profit_low_water,2022-05-06,126,21,16,"{""sim_day"": 21.0, ""doy"": 126.0, ""topwt"": 17.600001096725464, ""grnwt"": 0.0, ""xlai"": 0.007667071186006, ""totir"": 0.0, ""tofer"": NaN, ""swfac"": 0.0, ""nstres"": 0.0012050867080688}",0.0,0.0012050867080688,17.600001096725464,0.0,0.007667071186006,0.0,,0.0,0.0,0.0,150.0,55.78582153320313,55.78582153320313,Leave_One_experiments/all_year_offline_schedule_search/daily_outputs/SYA/SYA_2022_SYA2022_normal_grid_S0010_daily.csv
SYA,SYA,Shenyang,2022,Leave_One_experiments\wth_generated_qc\SYA\SYA2022.WTH,wet_year;nitrogen_stress_year;low_response_year,wet,SYA2022_normal_grid_S0010,top_profit_low_water,2022-05-07,127,22,17,"{""sim_day"": 22.0, ""doy"": 127.0, ""topwt"": 17.600001096725464, ""grnwt"": 0.0, ""xlai"": 0.0087130293250083, ""totir"": 0.0, ""tofer"": NaN, ""swfac"": 0.0, ""nstres"": 0.0}",0.0,0.0,17.600001096725464,0.0,0.0087130293250083,0.0,,0.0,0.0,0.0,150.0,55.78582153320313,55.78582153320313,Leave_One_experiments/all_year_offline_schedule_search/daily_outputs/SYA/SYA_2022_SYA2022_normal_grid_S0010_daily.csv
SYA,SYA,Shenyang,2022,Leave_One_experiments\wth_generated_qc\SYA\SYA2022.WTH,wet_year;nitrogen_stress_year;low_response_year,wet,SYA2022_normal_grid_S0010,top_profit_low_water,2022-05-08,128,23,18,"{""sim_day"": 23.0, ""doy"": 128.0, ""topwt"": 17.600001096725464, ""grnwt"": 0.0, ""xlai"": 0.0101106306537985, ""totir"": 0.0, ""tofer"": NaN, ""swfac"": 0.0, ""nstres"": 0.0}",0.0,0.0,17.600001096725464,0.0,0.0101106306537985,0.0,,0.0,0.0,0.0,150.0,55.78582153320313,55.78582153320313,Leave_One_experiments/all_year_offline_schedule_search/daily_outputs/SYA/SYA_2022_SYA2022_normal_grid_S0010_daily.csv
SYA,SYA,Shenyang,2022,Leave_One_experiments\wth_generated_qc\SYA\SYA2022.WTH,wet_year;nitrogen_stress_year;low_response_year,wet,SYA2022_normal_grid_S0010,top_profit_low_water,2022-05-09,129,24,19,"{""sim_day"": 24.0, ""doy"": 129.0, ""topwt"": 17.600001096725464, ""grnwt"": 0.0, ""xlai"": 0.0115070734173059, ""totir"": 0.0, ""tofer"": NaN, ""swfac"": 0.0, ""nstres"": 0.0}",0.0,0.0,17.600001096725464,0.0,0.0115070734173059,0.0,,0.0,0.0,0.0,150.0,55.78582153320313,55.78582153320313,Leave_One_experiments/all_year_offline_schedule_search/daily_outputs/SYA/SYA_2022_SYA2022_normal_grid_S0010_daily.csv
SYA,SYA,Shenyang,2022,Leave_One_experiments\wth_generated_qc\SYA\SYA2022.WTH,wet_year;nitrogen_stress_year;low_response_year,wet,SYA2022_normal_grid_S0010,top_profit_low_water,2022-05-10,130,25,20,"{""sim_day"": 25.0, ""doy"": 130.0, ""topwt"": 17.600001096725464, ""grnwt"": 0.0, ""xlai"": 0.0124683212488889, ""totir"": 0.0, ""tofer"": NaN, ""swfac"": 0.0, ""nstres"": 0.0}",0.0,0.0,17.600001096725464,0.0,0.0124683212488889,0.0,,0.0,0.0,0.0,150.0,55.78582153320313,55.78582153320313,Leave_One_experiments/all_year_offline_schedule_search/daily_outputs/SYA/SYA_2022_SYA2022_normal_grid_S0010_daily.csv
SYA,SYA,Shenyang,2022,Leave_One_experiments\wth_generated_qc\SYA\SYA2022.WTH,wet_year;nitrogen_stress_year;low_response_year,wet,SYA2022_normal_grid_S0010,top_profit_low_water,2022-05-11,131,26,21,"{""sim_day"": 26.0, ""doy"": 131.0, ""topwt"": 17.600001096725464, ""grnwt"": 0.0, ""xlai"": 0.0153758497908711, ""totir"": 0.0, ""tofer"": NaN, ""swfac"": 0.0, ""nstres"": 0.0}",0.0,0.0,17.600001096725464,0.0,0.0153758497908711,0.0,,0.0,0.0,0.0,150.0,55.78582153320313,55.78582153320313,Leave_One_experiments/all_year_offline_schedule_search/daily_outputs/SYA/SYA_2022_SYA2022_normal_grid_S0010_daily.csv
SYA,SYA,Shenyang,2022,Leave_One_experiments\wth_generated_qc\SYA\SYA2022.WTH,wet_year;nitrogen_stress_year;low_response_year,wet,SYA2022_normal_grid_S0010,top_profit_low_water,2022-05-12,132,27,22,"{""sim_day"": 27.0, ""doy"": 132.0, ""topwt"": 17.600001096725464, ""grnwt"": 0.0, ""xlai"": 0.0191739797592163, ""totir"": 0.0, ""tofer"": NaN, ""swfac"": 0.0, ""nstres"": 0.0}",0.0,0.0,17.600001096725464,0.0,0.0191739797592163,0.0,,0.0,0.0,0.0,150.0,55.78582153320313,55.78582153320313,Leave_One_experiments/all_year_offline_schedule_search/daily_outputs/SYA/SYA_2022_SYA2022_normal_grid_S0010_daily.csv
SYA,SYA,Shenyang,2022,Leave_One_experiments\wth_generated_qc\SYA\SYA2022.WTH,wet_year;nitrogen_stress_year;low_response_year,wet,SYA2022_normal_grid_S0010,top_profit_low_water,2022-05-13,133,28,23,"{""sim_day"": 28.0, ""doy"": 133.0, ""topwt"": 17.600001096725464, ""grnwt"": 0.0, ""xlai"": 0.022767286747694, ""totir"": 0.0, ""tofer"": NaN, ""swfac"": 0.0, ""nstres"": 0.0}",0.0,0.0,17.600001096725464,0.0,0.022767286747694,0.0,,0.0,0.0,0.0,150.0,55.78582153320313,55.78582153320313,Leave_One_experiments/all_year_offline_schedule_search/daily_outputs/SYA/SYA_2022_SYA2022_normal_grid_S0010_daily.csv
SYA,SYA,Shenyang,2022,Leave_One_experiments\wth_generated_qc\SYA\SYA2022.WTH,wet_year;nitrogen_stress_year;low_response_year,wet,SYA2022_normal_grid_S0010,top_profit_low_water,2022-05-14,134,29,24,"{""sim_day"": 29.0, ""doy"": 134.0, ""topwt"": 17.600001096725464, ""grnwt"": 0.0, ""xlai"": 0.0290344711393117, ""totir"": 0.0, ""tofer"": NaN, ""swfac"": 0.0, ""nstres"": 0.0}",0.0,0.0,17.600001096725464,0.0,0.0290344711393117,0.0,,0.0,0.0,0.0,150.0,55.78582153320313,55.78582153320313,Leave_One_experiments/all_year_offline_schedule_search/daily_outputs/SYA/SYA_2022_SYA2022_normal_grid_S0010_daily.csv
SYA,SYA,Shenyang,2022,Leave_One_experiments\wth_generated_qc\SYA\SYA2022.WTH,wet_year;nitrogen_stress_year;low_response_year,wet,SYA2022_normal_grid_S0010,top_profit_low_water,2022-05-15,135,30,25,"{""sim_day"": 30.0, ""doy"": 135.0, ""topwt"": 19.940943717956543, ""grnwt"": 0.0, ""xlai"": 0.0363943949341774, ""totir"": 0.0, ""tofer"": NaN, ""swfac"": 0.0, ""nstres"": 0.0}",0.0,0.0,19.940943717956543,0.0,0.0363943949341774,0.0,,0.0,0.0,0.0,150.0,55.78582153320313,55.78582153320313,Leave_One_experiments/all_year_offline_schedule_search/daily_outputs/SYA/SYA_2022_SYA2022_normal_grid_S0010_daily.csv
SYA,SYA,Shenyang,2022,Leave_One_experiments\wth_generated_qc\SYA\SYA2022.WTH,wet_year;nitrogen_stress_year;low_response_year,wet,SYA2022_normal_grid_S0010,top_profit_low_water,2022-05-16,136,31,26,"{""sim_day"": 31.0, ""doy"": 136.0, ""topwt"": 23.856077194213867, ""grnwt"": 0.0, ""xlai"": 0.0462568514049053, ""totir"": 0.0, ""tofer"": NaN, ""swfac"": 0.0, ""nstres"": 0.0}",0.0,0.0,23.856077194213867,0.0,0.0462568514049053,0.0,,0.0,0.0,0.0,150.0,55.78582153320313,55.78582153320313,Leave_One_experiments/all_year_offline_schedule_search/daily_outputs/SYA/SYA_2022_SYA2022_normal_grid_S0010_daily.csv
SYA,SYA,Shenyang,2022,Leave_One_experiments\wth_generated_qc\SYA\SYA2022.WTH,wet_year;nitrogen_stress_year;low_response_year,wet,SYA2022_normal_grid_S0010,top_profit_low_water,2022-05-17,137,32,27,"{""sim_day"": 32.0, ""doy"": 137.0, ""topwt"": 28.457961082458496, ""grnwt"": 0.0, ""xlai"": 0.0571924187242984, ""totir"": 0.0, ""tofer"": NaN, ""swfac"": 0.0, ""nstres"": 0.0}",0.0,0.0,28.457961082458496,0.0,0.0571924187242984,0.0,,0.0,0.0,0.0,150.0,55.78582153320313,55.78582153320313,Leave_One_experiments/all_year_offline_schedule_search/daily_outputs/SYA/SYA_2022_SYA2022_normal_grid_S0010_daily.csv
SYA,SYA,Shenyang,2022,Leave_One_experiments\wth_generated_qc\SYA\SYA2022.WTH,wet_year;nitrogen_stress_year;low_response_year,wet,SYA2022_normal_grid_S0010,top_profit_low_water,2022-05-18,138,33,28,"{""sim_day"": 33.0, ""doy"": 138.0, ""topwt"": 34.61930990219116, ""grnwt"": 0.0, ""xlai"": 0.071037083864212, ""totir"": 0.0, ""tofer"": NaN, ""swfac"": 0.0, ""nstres"": 0.0}",0.0,0.0,34.61930990219116,0.0,0.071037083864212,0.0,,0.0,0.0,0.0,150.0,55.78582153320313,55.78582153320313,Leave_One_experiments/all_year_offline_schedule_search/daily_outputs/SYA/SYA_2022_SYA2022_normal_grid_S0010_daily.csv
SYA,SYA,Shenyang,2022,Leave_One_experiments\wth_generated_qc\SYA\SYA2022.WTH,wet_year;nitrogen_stress_year;low_response_year,wet,SYA2022_normal_grid_S0010,top_profit_low_water,2022-05-19,139,34,29,"{""sim_day"": 34.0, ""doy"": 139.0, ""topwt"": 41.75690174102783, ""grnwt"": 0.0, ""xlai"": 0.0862381905317306, ""totir"": 0.0, ""tofer"": NaN, ""swfac"": 0.0, ""nstres"": 0.0}",0.0,0.0,41.75690174102783,0.0,0.0862381905317306,0.0,,0.0,0.0,0.0,150.0,55.78582153320313,55.78582153320313,Leave_One_experiments/all_year_offline_schedule_search/daily_outputs/SYA/SYA_2022_SYA2022_normal_grid_S0010_daily.csv
SYA,SYA,Shenyang,2022,Leave_One_experiments\wth_generated_qc\SYA\SYA2022.WTH,wet_year;nitrogen_stress_year;low_response_year,wet,SYA2022_normal_grid_S0010,top_profit_low_water,2022-05-20,140,35,30,"{""sim_day"": 35.0, ""doy"": 140.0, ""topwt"": 50.91094493865967, ""grnwt"": 0.0, ""xlai"": 0.1047612652182579, ""totir"": 0.0, ""tofer"": NaN, ""swfac"": 0.0, ""nstres"": 0.0}",0.0,0.0,50.91094493865967,0.0,0.1047612652182579,0.0,,0.0,50.0,0.0,150.0,55.78582153320313,55.78582153320313,Leave_One_experiments/all_year_offline_schedule_search/daily_outputs/SYA/SYA_2022_SYA2022_normal_grid_S0010_daily.csv
SYA,SYA,Shenyang,2022,Leave_One_experiments\wth_generated_qc\SYA\SYA2022.WTH,wet_year;nitrogen_stress_year;low_response_year,wet,SYA2022_normal_grid_S0010,top_profit_low_water,2022-05-21,141,36,31,"{""sim_day"": 36.0, ""doy"": 141.0, ""topwt"": 61.37800216674805, ""grnwt"": 0.0, ""xlai"": 0.124932125210762, ""totir"": 0.0, ""tofer"": NaN, ""swfac"": 0.0, ""nstres"": 0.0}",0.0,0.0,61.37800216674805,0.0,0.124932125210762,0.0,,0.0,0.0,0.0,150.0,55.78582153320313,55.78582153320313,Leave_One_experiments/all_year_offline_schedule_search/daily_outputs/SYA/SYA_2022_SYA2022_normal_grid_S0010_daily.csv
SYA,SYA,Shenyang,2022,Leave_One_experiments\wth_generated_qc\SYA\SYA2022.WTH,wet_year;nitrogen_stress_year;low_response_year,wet,SYA2022_normal_grid_S0010,top_profit_low_water,2022-05-22,142,37,32,"{""sim_day"": 37.0, ""doy"": 142.0, ""topwt"": 74.87233638763428, ""grnwt"": 0.0, ""xlai"": 0.1497323811054229, ""totir"": 0.0, ""tofer"": NaN, ""swfac"": 0.0, ""nstres"": 0.0}",0.0,0.0,74.87233638763428,0.0,0.1497323811054229,0.0,,0.0,0.0,0.0,150.0,55.78582153320313,55.78582153320313,Leave_One_experiments/all_year_offline_schedule_search/daily_outputs/SYA/SYA_2022_SYA2022_normal_grid_S0010_daily.csv
SYA,SYA,Shenyang,2022,Leave_One_experiments\wth_generated_qc\SYA\SYA2022.WTH,wet_year;nitrogen_stress_year;low_response_year,wet,SYA2022_normal_grid_S0010,top_profit_low_water,2022-05-23,143,38,33,"{""sim_day"": 38.0, ""doy"": 143.0, ""topwt"": 87.34037399291992, ""grnwt"": 0.0, ""xlai"": 0.1834151297807693, ""totir"": 0.0, ""tofer"": NaN, ""swfac"": 0.0, ""nstres"": 0.0}",0.0,0.0,87.34037399291992,0.0,0.1834151297807693,0.0,,0.0,0.0,0.0,150.0,55.78582153320313,55.78582153320313,Leave_One_experiments/all_year_offline_schedule_search/daily_outputs/SYA/SYA_2022_SYA2022_normal_grid_S0010_daily.csv
SYA,SYA,Shenyang,2022,Leave_One_experiments\wth_generated_qc\SYA\SYA2022.WTH,wet_year;nitrogen_stress_year;low_response_year,wet,SYA2022_normal_grid_S0010,top_profit_low_water,2022-05-24,144,39,34,"{""sim_day"": 39.0, ""doy"": 144.0, ""topwt"": 98.46155166625977, ""grnwt"": 0.0, ""xlai"": 0.2037011384963989, ""totir"": 0.0, ""tofer"": NaN, ""swfac"": 0.0, ""nstres"": 0.0056544542312622}",0.0,0.0056544542312622,98.46155166625977,0.0,0.2037011384963989,0.0,,0.0,0.0,0.0,150.0,55.78582153320313,55.78582153320313,Leave_One_experiments/all_year_offline_schedule_search/daily_outputs/SYA/SYA_2022_SYA2022_normal_grid_S0010_daily.csv
SYA,SYA,Shenyang,2022,Leave_One_experiments\wth_generated_qc\SYA\SYA2022.WTH,wet_year;nitrogen_stress_year;low_response_year,wet,SYA2022_normal_grid_S0010,top_profit_low_water,2022-05-25,145,40,35,"{""sim_day"": 40.0, ""doy"": 145.0, ""topwt"": 105.32883644104004, ""grnwt"": 0.0, ""xlai"": 0.2159595191478729, ""totir"": 0.0, ""tofer"": NaN, ""swfac"": 0.0, ""nstres"": 0.0}",0.0,0.0,105.32883644104004,0.0,0.2159595191478729,0.0,,0.0,0.0,0.0,150.0,55.78582153320313,55.78582153320313,Leave_One_experiments/all_year_offline_schedule_search/daily_outputs/SYA/SYA_2022_SYA2022_normal_grid_S0010_daily.csv
SYA,SYA,Shenyang,2022,Leave_One_experiments\wth_generated_qc\SYA\SYA2022.WTH,wet_year;nitrogen_stress_year;low_response_year,wet,SYA2022_normal_grid_S0010,top_profit_low_water,2022-05-26,146,41,36,"{""sim_day"": 41.0, ""doy"": 146.0, ""topwt"": 121.06701850891112, ""grnwt"": 0.0, ""xlai"": 0.243386909365654, ""totir"": 0.0, ""tofer"": NaN, ""swfac"": 0.0, ""nstres"": 0.0}",0.0,0.0,121.06701850891112,0.0,0.243386909365654,0.0,,0.0,0.0,0.0,150.0,55.78582153320313,55.78582153320313,Leave_One_experiments/all_year_offline_schedule_search/daily_outputs/SYA/SYA_2022_SYA2022_normal_grid_S0010_daily.csv
SYA,SYA,Shenyang,2022,Leave_One_experiments\wth_generated_qc\SYA\SYA2022.WTH,wet_year;nitrogen_stress_year;low_response_year,wet,SYA2022_normal_grid_S0010,top_profit_low_water,2022-05-27,147,42,37,"{""sim_day"": 42.0, ""doy"": 147.0, ""topwt"": 144.544095993042, ""grnwt"": 0.0, ""xlai"": 0.2828387320041656, ""totir"": 0.0, ""tofer"": NaN, ""swfac"": 0.0, ""nstres"": 0.0}",0.0,0.0,144.544095993042,0.0,0.2828387320041656,0.0,,0.0,0.0,0.0,150.0,55.78582153320313,55.78582153320313,Leave_One_experiments/all_year_offline_schedule_search/daily_outputs/SYA/SYA_2022_SYA2022_normal_grid_S0010_daily.csv
SYA,SYA,Shenyang,2022,Leave_One_experiments\wth_generated_qc\SYA\SYA2022.WTH,wet_year;nitrogen_stress_year;low_response_year,wet,SYA2022_normal_grid_S0010,top_profit_low_water,2022-05-28,148,43,38,"{""sim_day"": 43.0, ""doy"": 148.0, ""topwt"": 164.7563362121582, ""grnwt"": 0.0, ""xlai"": 0.315638780593872, ""totir"": 0.0, ""tofer"": NaN, ""swfac"": 0.0, ""nstres"": 0.0}",0.0,0.0,164.7563362121582,0.0,0.315638780593872,0.0,,0.0,0.0,0.0,150.0,55.78582153320313,55.78582153320313,Leave_One_experiments/all_year_offline_schedule_search/daily_outputs/SYA/SYA_2022_SYA2022_normal_grid_S0010_daily.csv
SYA,SYA,Shenyang,2022,Leave_One_experiments\wth_generated_qc\SYA\SYA2022.WTH,wet_year;nitrogen_stress_year;low_response_year,wet,SYA2022_normal_grid_S0010,top_profit_low_water,2022-05-29,149,44,39,"{""sim_day"": 44.0, ""doy"": 149.0, ""topwt"": 180.51258087158203, ""grnwt"": 0.0, ""xlai"": 0.340573787689209, ""totir"": 0.0, ""tofer"": NaN, ""swfac"": 0.0, ""nstres"": 0.0}",0.0,0.0,180.51258087158203,0.0,0.340573787689209,0.0,,0.0,0.0,0.0,150.0,55.78582153320313,55.78582153320313,Leave_One_experiments/all_year_offline_schedule_search/daily_outputs/SYA/SYA_2022_SYA2022_normal_grid_S0010_daily.csv
SYA,SYA,Shenyang,2022,Leave_One_experiments\wth_generated_qc\SYA\SYA2022.WTH,wet_year;nitrogen_stress_year;low_response_year,wet,SYA2022_normal_grid_S0010,top_profit_low_water,2022-05-30,150,45,40,"{""sim_day"": 45.0, ""doy"": 150.0, ""topwt"": 198.6165809631348, ""grnwt"": 0.0, ""xlai"": 0.3686260879039764, ""totir"": 0.0, ""tofer"": NaN, ""swfac"": 0.0, ""nstres"": 0.0}",0.0,0.0,198.6165809631348,0.0,0.3686260879039764,0.0,,0.0,0.0,0.0,150.0,55.78582153320313,55.78582153320313,Leave_One_experiments/all_year_offline_schedule_search/daily_outputs/SYA/SYA_2022_SYA2022_normal_grid_S0010_daily.csv
SYA,SYA,Shenyang,2022,Leave_One_experiments\wth_generated_qc\SYA\SYA2022.WTH,wet_year;nitrogen_stress_year;low_response_year,wet,SYA2022_normal_grid_S0010,top_profit_low_water,2022-05-31,151,46,41,"{""sim_day"": 46.0, ""doy"": 151.0, ""topwt"": 225.09353637695312, ""grnwt"": 0.0, ""xlai"": 0.4086444973945617, ""totir"": 0.0, ""tofer"": NaN, ""swfac"": 0.0, ""nstres"": 0.0}",0.0,0.0,225.09353637695312,0.0,0.4086444973945617,0.0,,0.0,0.0,0.0,150.0,55.78582153320313,55.78582153320313,Leave_One_experiments/all_year_offline_schedule_search/daily_outputs/SYA/SYA_2022_SYA2022_normal_grid_S0010_daily.csv
SYA,SYA,Shenyang,2022,Leave_One_experiments\wth_generated_qc\SYA\SYA2022.WTH,wet_year;nitrogen_stress_year;low_response_year,wet,SYA2022_normal_grid_S0010,top_profit_low_water,2022-06-01,152,47,42,"{""sim_day"": 47.0, ""doy"": 152.0, ""topwt"": 255.35955429077148, ""grnwt"": 0.0, ""xlai"": 0.4531169831752777, ""totir"": 0.0, ""tofer"": NaN, ""swfac"": 0.0, ""nstres"": 0.0}",0.0,0.0,255.35955429077148,0.0,0.4531169831752777,0.0,,0.0,0.0,0.0,150.0,55.78582153320313,55.78582153320313,Leave_One_experiments/all_year_offline_schedule_search/daily_outputs/SYA/SYA_2022_SYA2022_normal_grid_S0010_daily.csv
SYA,SYA,Shenyang,2022,Leave_One_experiments\wth_generated_qc\SYA\SYA2022.WTH,wet_year;nitrogen_stress_year;low_response_year,wet,SYA2022_normal_grid_S0010,top_profit_low_water,2022-06-02,153,48,43,"{""sim_day"": 48.0, ""doy"": 153.0, ""topwt"": 286.391716003418, ""grnwt"": 0.0, ""xlai"": 0.4951009154319763, ""totir"": 0.0, ""tofer"": NaN, ""swfac"": 0.0, ""nstres"": 0.0}",0.0,0.0,286.391716003418,0.0,0.4951009154319763,0.0,,0.0,0.0,0.0,150.0,55.78582153320313,55.78582153320313,Leave_One_experiments/all_year_offline_schedule_search/daily_outputs/SYA/SYA_2022_SYA2022_normal_grid_S0010_daily.csv
SYA,SYA,Shenyang,2022,Leave_One_experiments\wth_generated_qc\SYA\SYA2022.WTH,wet_year;nitrogen_stress_year;low_response_year,wet,SYA2022_normal_grid_S0010,top_profit_low_water,2022-06-03,154,49,44,"{""sim_day"": 49.0, ""doy"": 154.0, ""topwt"": 306.7122268676758, ""grnwt"": 0.0, ""xlai"": 0.5247762799263, ""totir"": 0.0, ""tofer"": NaN, ""swfac"": 0.0, ""nstres"": 0.0}",0.0,0.0,306.7122268676758,0.0,0.5247762799263,0.0,,0.0,0.0,0.0,150.0,55.78582153320313,55.78582153320313,Leave_One_experiments/all_year_offline_schedule_search/daily_outputs/SYA/SYA_2022_SYA2022_normal_grid_S0010_daily.csv
SYA,SYA,Shenyang,2022,Leave_One_experiments\wth_generated_qc\SYA\SYA2022.WTH,wet_year;nitrogen_stress_year;low_response_year,wet,SYA2022_normal_grid_S0010,top_profit_low_water,2022-06-04,155,50,45,"{""sim_day"": 50.0, ""doy"": 155.0, ""topwt"": 338.3806610107422, ""grnwt"": 0.0, ""xlai"": 0.5699594020843506, ""totir"": 0.0, ""tofer"": NaN, ""swfac"": 0.0, ""nstres"": 0.0}",0.0,0.0,338.3806610107422,0.0,0.5699594020843506,0.0,,0.0,0.0,0.0,150.0,55.78582153320313,55.78582153320313,Leave_One_experiments/all_year_offline_schedule_search/daily_outputs/SYA/SYA_2022_SYA2022_normal_grid_S0010_daily.csv
SYA,SYA,Shenyang,2022,Leave_One_experiments\wth_generated_qc\SYA\SYA2022.WTH,wet_year;nitrogen_stress_year;low_response_year,wet,SYA2022_normal_grid_S0010,top_profit_low_water,2022-06-05,156,51,46,"{""sim_day"": 51.0, ""doy"": 156.0, ""topwt"": 365.0566101074219, ""grnwt"": 0.0, ""xlai"": 0.6071091294288635, ""totir"": 0.0, ""tofer"": NaN, ""swfac"": 0.0, ""nstres"": 0.0}",0.0,0.0,365.0566101074219,0.0,0.6071091294288635,0.0,,0.0,0.0,0.0,150.0,55.78582153320313,55.78582153320313,Leave_One_experiments/all_year_offline_schedule_search/daily_outputs/SYA/SYA_2022_SYA2022_normal_grid_S0010_daily.csv
SYA,SYA,Shenyang,2022,Leave_One_experiments\wth_generated_qc\SYA\SYA2022.WTH,wet_year;nitrogen_stress_year;low_response_year,wet,SYA2022_normal_grid_S0010,top_profit_low_water,2022-06-06,157,52,47,"{""sim_day"": 52.0, ""doy"": 157.0, ""topwt"": 381.1626815795898, ""grnwt"": 0.0, ""xlai"": 0.6291030645370483, ""totir"": 0.0, ""tofer"": NaN, ""swfac"": 0.0, ""nstres"": 0.0}",0.0,0.0,381.1626815795898,0.0,0.6291030645370483,0.0,,0.0,0.0,0.0,150.0,55.78582153320313,55.78582153320313,Leave_One_experiments/all_year_offline_schedule_search/daily_outputs/SYA/SYA_2022_SYA2022_normal_grid_S0010_daily.csv
SYA,SYA,Shenyang,2022,Leave_One_experiments\wth_generated_qc\SYA\SYA2022.WTH,wet_year;nitrogen_stress_year;low_response_year,wet,SYA2022_normal_grid_S0010,top_profit_low_water,2022-06-07,158,53,48,"{""sim_day"": 53.0, ""doy"": 158.0, ""topwt"": 394.93797302246094, ""grnwt"": 0.0, ""xlai"": 0.6475873589515686, ""totir"": 0.0, ""tofer"": NaN, ""swfac"": 0.0, ""nstres"": 0.0}",0.0,0.0,394.93797302246094,0.0,0.6475873589515686,0.0,,0.0,0.0,0.0,150.0,55.78582153320313,55.78582153320313,Leave_One_experiments/all_year_offline_schedule_search/daily_outputs/SYA/SYA_2022_SYA2022_normal_grid_S0010_daily.csv
SYA,SYA,Shenyang,2022,Leave_One_experiments\wth_generated_qc\SYA\SYA2022.WTH,wet_year;nitrogen_stress_year;low_response_year,wet,SYA2022_normal_grid_S0010,top_profit_low_water,2022-06-08,159,54,49,"{""sim_day"": 54.0, ""doy"": 159.0, ""topwt"": 416.08814239501953, ""grnwt"": 0.0, ""xlai"": 0.6753886938095093, ""totir"": 0.0, ""tofer"": NaN, ""swfac"": 0.0, ""nstres"": 0.0}",0.0,0.0,416.08814239501953,0.0,0.6753886938095093,0.0,,0.0,0.0,0.0,150.0,55.78582153320313,55.78582153320313,Leave_One_experiments/all_year_offline_schedule_search/daily_outputs/SYA/SYA_2022_SYA2022_normal_grid_S0010_daily.csv
SYA,SYA,Shenyang,2022,Leave_One_experiments\wth_generated_qc\SYA\SYA2022.WTH,wet_year;nitrogen_stress_year;low_response_year,wet,SYA2022_normal_grid_S0010,top_profit_low_water,2022-06-09,160,55,50,"{""sim_day"": 55.0, ""doy"": 160.0, ""topwt"": 446.9469833374024, ""grnwt"": 0.0, ""xlai"": 0.7148483991622925, ""totir"": 0.0, ""tofer"": NaN, ""swfac"": 0.0, ""nstres"": 0.0}",0.0,0.0,446.9469833374024,0.0,0.7148483991622925,0.0,,0.0,0.0,0.0,150.0,55.78582153320313,55.78582153320313,Leave_One_experiments/all_year_offline_schedule_search/daily_outputs/SYA/SYA_2022_SYA2022_normal_grid_S0010_daily.csv
SYA,SYA,Shenyang,2022,Leave_One_experiments\wth_generated_qc\SYA\SYA2022.WTH,wet_year;nitrogen_stress_year;low_response_year,wet,SYA2022_normal_grid_S0010,top_profit_low_water,2022-06-10,161,56,51,"{""sim_day"": 56.0, ""doy"": 161.0, ""topwt"": 476.2127685546875, ""grnwt"": 0.0, ""xlai"": 0.7511082291603088, ""totir"": 0.0, ""tofer"": NaN, ""swfac"": 0.0, ""nstres"": 0.0}",0.0,0.0,476.2127685546875,0.0,0.7511082291603088,0.0,,0.0,0.0,0.0,150.0,55.78582153320313,55.78582153320313,Leave_One_experiments/all_year_offline_schedule_search/daily_outputs/SYA/SYA_2022_SYA2022_normal_grid_S0010_daily.csv
SYA,SYA,Shenyang,2022,Leave_One_experiments\wth_generated_qc\SYA\SYA2022.WTH,wet_year;nitrogen_stress_year;low_response_year,wet,SYA2022_normal_grid_S0010,top_profit_low_water,2022-06-11,162,57,52,"{""sim_day"": 57.0, ""doy"": 162.0, ""topwt"": 509.9026870727539, ""grnwt"": 0.0, ""xlai"": 0.7915260195732117, ""totir"": 0.0, ""tofer"": NaN, ""swfac"": 0.0, ""nstres"": 0.0}",0.0,0.0,509.9026870727539,0.0,0.7915260195732117,0.0,,0.0,0.0,0.0,150.0,55.78582153320313,55.78582153320313,Leave_One_experiments/all_year_offline_schedule_search/daily_outputs/SYA/SYA_2022_SYA2022_normal_grid_S0010_daily.csv
SYA,SYA,Shenyang,2022,Leave_One_experiments\wth_generated_qc\SYA\SYA2022.WTH,wet_year;nitrogen_stress_year;low_response_year,wet,SYA2022_normal_grid_S0010,top_profit_low_water,2022-06-12,163,58,53,"{""sim_day"": 58.0, ""doy"": 163.0, ""topwt"": 553.1172943115234, ""grnwt"": 0.0, ""xlai"": 0.8415691256523132, ""totir"": 0.0, ""tofer"": NaN, ""swfac"": 0.0, ""nstres"": 0.0}",0.0,0.0,553.1172943115234,0.0,0.8415691256523132,0.0,,0.0,0.0,0.0,150.0,55.78582153320313,55.78582153320313,Leave_One_experiments/all_year_offline_schedule_search/daily_outputs/SYA/SYA_2022_SYA2022_normal_grid_S0010_daily.csv
SYA,SYA,Shenyang,2022,Leave_One_experiments\wth_generated_qc\SYA\SYA2022.WTH,wet_year;nitrogen_stress_year;low_response_year,wet,SYA2022_normal_grid_S0010,top_profit_low_water,2022-06-13,164,59,54,"{""sim_day"": 59.0, ""doy"": 164.0, ""topwt"": 605.7920455932617, ""grnwt"": 0.0, ""xlai"": 0.9003103971481323, ""totir"": 0.0, ""tofer"": NaN, ""swfac"": 0.0, ""nstres"": 0.0}",0.0,0.0,605.7920455932617,0.0,0.9003103971481323,0.0,,0.0,0.0,0.0,150.0,55.78582153320313,55.78582153320313,Leave_One_experiments/all_year_offline_schedule_search/daily_outputs/SYA/SYA_2022_SYA2022_normal_grid_S0010_daily.csv
SYA,SYA,Shenyang,2022,Leave_One_experiments\wth_generated_qc\SYA\SYA2022.WTH,wet_year;nitrogen_stress_year;low_response_year,wet,SYA2022_normal_grid_S0010,top_profit_low_water,2022-06-14,165,60,55,"{""sim_day"": 60.0, ""doy"": 165.0, ""topwt"": 665.2798461914062, ""grnwt"": 0.0, ""xlai"": 0.963967740535736, ""totir"": 0.0, ""tofer"": NaN, ""swfac"": 0.0, ""nstres"": 0.0}",0.0,0.0,665.2798461914062,0.0,0.963967740535736,0.0,,0.0,0.0,0.0,150.0,55.78582153320313,55.78582153320313,Leave_One_experiments/all_year_offline_schedule_search/daily_outputs/SYA/SYA_2022_SYA2022_normal_grid_S0010_daily.csv
SYA,SYA,Shenyang,2022,Leave_One_experiments\wth_generated_qc\SYA\SYA2022.WTH,wet_year;nitrogen_stress_year;low_response_year,wet,SYA2022_normal_grid_S0010,top_profit_low_water,2022-06-15,166,61,56,"{""sim_day"": 61.0, ""doy"": 166.0, ""topwt"": 732.5859069824219, ""grnwt"": 0.0, ""xlai"": 1.0329160690307615, ""totir"": 0.0, ""tofer"": NaN, ""swfac"": 0.0, ""nstres"": 0.0}",0.0,0.0,732.5859069824219,0.0,1.0329160690307615,0.0,,0.0,0.0,0.0,150.0,55.78582153320313,55.78582153320313,Leave_One_experiments/all_year_offline_schedule_search/daily_outputs/SYA/SYA_2022_SYA2022_normal_grid_S0010_daily.csv
SYA,SYA,Shenyang,2022,Leave_One_experiments\wth_generated_qc\SYA\SYA2022.WTH,wet_year;nitrogen_stress_year;low_response_year,wet,SYA2022_normal_grid_S0010,top_profit_low_water,2022-06-16,167,62,57,"{""sim_day"": 62.0, ""doy"": 167.0, ""topwt"": 819.1973876953125, ""grnwt"": 0.0, ""xlai"": 1.1170927286148071, ""totir"": 0.0, ""tofer"": NaN, ""swfac"": 0.0, ""nstres"": 0.0}",0.0,0.0,819.1973876953125,0.0,1.1170927286148071,0.0,,0.0,0.0,0.0,150.0,55.78582153320313,55.78582153320313,Leave_One_experiments/all_year_offline_schedule_search/daily_outputs/SYA/SYA_2022_SYA2022_normal_grid_S0010_daily.csv
SYA,SYA,Shenyang,2022,Leave_One_experiments\wth_generated_qc\SYA\SYA2022.WTH,wet_year;nitrogen_stress_year;low_response_year,wet,SYA2022_normal_grid_S0010,top_profit_low_water,2022-06-17,168,63,58,"{""sim_day"": 63.0, ""doy"": 168.0, ""topwt"": 903.454132080078, ""grnwt"": 0.0, ""xlai"": 1.1948727369308472, ""totir"": 0.0, ""tofer"": NaN, ""swfac"": 0.0, ""nstres"": 0.0}",0.0,0.0,903.454132080078,0.0,1.1948727369308472,0.0,,0.0,0.0,0.0,150.0,55.78582153320313,55.78582153320313,Leave_One_experiments/all_year_offline_schedule_search/daily_outputs/SYA/SYA_2022_SYA2022_normal_grid_S0010_daily.csv
SYA,SYA,Shenyang,2022,Leave_One_experiments\wth_generated_qc\SYA\SYA2022.WTH,wet_year;nitrogen_stress_year;low_response_year,wet,SYA2022_normal_grid_S0010,top_profit_low_water,2022-06-18,169,64,59,"{""sim_day"": 64.0, ""doy"": 169.0, ""topwt"": 999.532470703125, ""grnwt"": 0.0, ""xlai"": 1.2788742780685425, ""totir"": 0.0, ""tofer"": NaN, ""swfac"": 0.0, ""nstres"": 0.0}",0.0,0.0,999.532470703125,0.0,1.2788742780685425,0.0,,0.0,0.0,0.0,150.0,55.78582153320313,55.78582153320313,Leave_One_experiments/all_year_offline_schedule_search/daily_outputs/SYA/SYA_2022_SYA2022_normal_grid_S0010_daily.csv
SYA,SYA,Shenyang,2022,Leave_One_experiments\wth_generated_qc\SYA\SYA2022.WTH,wet_year;nitrogen_stress_year;low_response_year,wet,SYA2022_normal_grid_S0010,top_profit_low_water,2022-06-19,170,65,60,"{""sim_day"": 65.0, ""doy"": 170.0, ""topwt"": 1107.9911041259766, ""grnwt"": 0.0, ""xlai"": 1.3683264255523682, ""totir"": 0.0, ""tofer"": NaN, ""swfac"": 0.0, ""nstres"": 0.0}",0.0,0.0,1107.9911041259766,0.0,1.3683264255523682,0.0,,0.0,50.0,0.0,150.0,55.78582153320313,55.78582153320313,Leave_One_experiments/all_year_offline_schedule_search/daily_outputs/SYA/SYA_2022_SYA2022_normal_grid_S0010_daily.csv
SYA,SYA,Shenyang,2022,Leave_One_experiments\wth_generated_qc\SYA\SYA2022.WTH,wet_year;nitrogen_stress_year;low_response_year,wet,SYA2022_normal_grid_S0010,top_profit_low_water,2022-06-20,171,66,61,"{""sim_day"": 66.0, ""doy"": 171.0, ""topwt"": 1156.4242553710938, ""grnwt"": 0.0, ""xlai"": 1.406172513961792, ""totir"": 0.0, ""tofer"": NaN, ""swfac"": 0.0, ""nstres"": 0.0}",0.0,0.0,1156.4242553710938,0.0,1.406172513961792,0.0,,0.0,0.0,0.0,150.0,55.78582153320313,55.78582153320313,Leave_One_experiments/all_year_offline_schedule_search/daily_outputs/SYA/SYA_2022_SYA2022_normal_grid_S0010_daily.csv
SYA,SYA,Shenyang,2022,Leave_One_experiments\wth_generated_qc\SYA\SYA2022.WTH,wet_year;nitrogen_stress_year;low_response_year,wet,SYA2022_normal_grid_S0010,top_profit_low_water,2022-06-21,172,67,62,"{""sim_day"": 67.0, ""doy"": 172.0, ""topwt"": 1214.2800903320312, ""grnwt"": 0.0, ""xlai"": 1.4493036270141602, ""totir"": 0.0, ""tofer"": NaN, ""swfac"": 0.0, ""nstres"": 0.0}",0.0,0.0,1214.2800903320312,0.0,1.4493036270141602,0.0,,0.0,0.0,0.0,150.0,55.78582153320313,55.78582153320313,Leave_One_experiments/all_year_offline_schedule_search/daily_outputs/SYA/SYA_2022_SYA2022_normal_grid_S0010_daily.csv
SYA,SYA,Shenyang,2022,Leave_One_experiments\wth_generated_qc\SYA\SYA2022.WTH,wet_year;nitrogen_stress_year;low_response_year,wet,SYA2022_normal_grid_S0010,top_profit_low_water,2022-06-22,173,68,63,"{""sim_day"": 68.0, ""doy"": 173.0, ""topwt"": 1328.4727478027344, ""grnwt"": 0.0, ""xlai"": 1.5302854776382446, ""totir"": 0.0, ""tofer"": NaN, ""swfac"": 0.0, ""nstres"": 0.0}",0.0,0.0,1328.4727478027344,0.0,1.5302854776382446,0.0,,0.0,0.0,0.0,150.0,55.78582153320313,55.78582153320313,Leave_One_experiments/all_year_offline_schedule_search/daily_outputs/SYA/SYA_2022_SYA2022_normal_grid_S0010_daily.csv
SYA,SYA,Shenyang,2022,Leave_One_experiments\wth_generated_qc\SYA\SYA2022.WTH,wet_year;nitrogen_stress_year;low_response_year,wet,SYA2022_normal_grid_S0010,top_profit_low_water,2022-06-23,174,69,64,"{""sim_day"": 69.0, ""doy"": 174.0, ""topwt"": 1444.6168518066406, ""grnwt"": 0.0, ""xlai"": 1.6084357500076294, ""totir"": 0.0, ""tofer"": NaN, ""swfac"": 0.0, ""nstres"": 0.0}",0.0,0.0,1444.6168518066406,0.0,1.6084357500076294,0.0,,0.0,0.0,0.0,150.0,55.78582153320313,55.78582153320313,Leave_One_experiments/all_year_offline_schedule_search/daily_outputs/SYA/SYA_2022_SYA2022_normal_grid_S0010_daily.csv
SYA,SYA,Shenyang,2022,Leave_One_experiments\wth_generated_qc\SYA\SYA2022.WTH,wet_year;nitrogen_stress_year;low_response_year,wet,SYA2022_normal_grid_S0010,top_profit_low_water,2022-06-24,175,70,65,"{""sim_day"": 70.0, ""doy"": 175.0, ""topwt"": 1571.6554260253906, ""grnwt"": 0.0, ""xlai"": 1.6894482374191284, ""totir"": 0.0, ""tofer"": NaN, ""swfac"": 0.0, ""nstres"": 0.0}",0.0,0.0,1571.6554260253906,0.0,1.6894482374191284,0.0,,0.0,0.0,0.0,150.0,55.78582153320313,55.78582153320313,Leave_One_experiments/all_year_offline_schedule_search/daily_outputs/SYA/SYA_2022_SYA2022_normal_grid_S0010_daily.csv
SYA,SYA,Shenyang,2022,Leave_One_experiments\wth_generated_qc\SYA\SYA2022.WTH,wet_year;nitrogen_stress_year;low_response_year,wet,SYA2022_normal_grid_S0010,top_profit_low_water,2022-06-25,176,71,66,"{""sim_day"": 71.0, ""doy"": 176.0, ""topwt"": 1707.8024291992188, ""grnwt"": 0.0, ""xlai"": 1.7715367078781128, ""totir"": 0.0, ""tofer"": NaN, ""swfac"": 0.0, ""nstres"": 0.0}",0.0,0.0,1707.8024291992188,0.0,1.7715367078781128,0.0,,0.0,0.0,0.0,150.0,55.78582153320313,55.78582153320313,Leave_One_experiments/all_year_offline_schedule_search/daily_outputs/SYA/SYA_2022_SYA2022_normal_grid_S0010_daily.csv
SYA,SYA,Shenyang,2022,Leave_One_experiments\wth_generated_qc\SYA\SYA2022.WTH,wet_year;nitrogen_stress_year;low_response_year,wet,SYA2022_normal_grid_S0010,top_profit_low_water,2022-06-26,177,72,67,"{""sim_day"": 72.0, ""doy"": 177.0, ""topwt"": 1777.4275207519531, ""grnwt"": 0.0, ""xlai"": 1.8112733364105225, ""totir"": 0.0, ""tofer"": NaN, ""swfac"": 0.0, ""nstres"": 0.0}",0.0,0.0,1777.4275207519531,0.0,1.8112733364105225,0.0,,0.0,0.0,0.0,150.0,55.78582153320313,55.78582153320313,Leave_One_experiments/all_year_offline_schedule_search/daily_outputs/SYA/SYA_2022_SYA2022_normal_grid_S0010_daily.csv
SYA,SYA,Shenyang,2022,Leave_One_experiments\wth_generated_qc\SYA\SYA2022.WTH,wet_year;nitrogen_stress_year;low_response_year,wet,SYA2022_normal_grid_S0010,top_profit_low_water,2022-06-27,178,73,68,"{""sim_day"": 73.0, ""doy"": 178.0, ""topwt"": 1894.6066284179688, ""grnwt"": 0.0, ""xlai"": 1.8749585151672363, ""totir"": 0.0, ""tofer"": NaN, ""swfac"": 0.0, ""nstres"": 0.0}",0.0,0.0,1894.6066284179688,0.0,1.8749585151672363,0.0,,0.0,0.0,0.0,150.0,55.78582153320313,55.78582153320313,Leave_One_experiments/all_year_offline_schedule_search/daily_outputs/SYA/SYA_2022_SYA2022_normal_grid_S0010_daily.csv
SYA,SYA,Shenyang,2022,Leave_One_experiments\wth_generated_qc\SYA\SYA2022.WTH,wet_year;nitrogen_stress_year;low_response_year,wet,SYA2022_normal_grid_S0010,top_profit_low_water,2022-06-28,179,74,69,"{""sim_day"": 74.0, ""doy"": 179.0, ""topwt"": 2015.5485534667969, ""grnwt"": 0.0, ""xlai"": 1.937281966209412, ""totir"": 0.0, ""tofer"": NaN, ""swfac"": 0.0, ""nstres"": 0.0}",0.0,0.0,2015.5485534667969,0.0,1.937281966209412,0.0,,0.0,0.0,0.0,150.0,55.78582153320313,55.78582153320313,Leave_One_experiments/all_year_offline_schedule_search/daily_outputs/SYA/SYA_2022_SYA2022_normal_grid_S0010_daily.csv
SYA,SYA,Shenyang,2022,Leave_One_experiments\wth_generated_qc\SYA\SYA2022.WTH,wet_year;nitrogen_stress_year;low_response_year,wet,SYA2022_normal_grid_S0010,top_profit_low_water,2022-06-29,180,75,70,"{""sim_day"": 75.0, ""doy"": 180.0, ""topwt"": 2280.7786560058594, ""grnwt"": 0.0, ""xlai"": 2.096226215362549, ""totir"": 0.0, ""tofer"": NaN, ""swfac"": 0.0, ""nstres"": 0.0}",0.0,0.0,2280.7786560058594,0.0,2.096226215362549,0.0,,0.0,0.0,0.0,150.0,55.78582153320313,55.78582153320313,Leave_One_experiments/all_year_offline_schedule_search/daily_outputs/SYA/SYA_2022_SYA2022_normal_grid_S0010_daily.csv
SYA,SYA,Shenyang,2022,Leave_One_experiments\wth_generated_qc\SYA\SYA2022.WTH,wet_year;nitrogen_stress_year;low_response_year,wet,SYA2022_normal_grid_S0010,top_profit_low_water,2022-06-30,181,76,71,"{""sim_day"": 76.0, ""doy"": 181.0, ""topwt"": 2392.2271728515625, ""grnwt"": 0.0, ""xlai"": 2.1489243507385254, ""totir"": 0.0, ""tofer"": NaN, ""swfac"": 0.0, ""nstres"": 0.0}",0.0,0.0,2392.2271728515625,0.0,2.1489243507385254,0.0,,0.0,0.0,0.0,150.0,55.78582153320313,55.78582153320313,Leave_One_experiments/all_year_offline_schedule_search/daily_outputs/SYA/SYA_2022_SYA2022_normal_grid_S0010_daily.csv
SYA,SYA,Shenyang,2022,Leave_One_experiments\wth_generated_qc\SYA\SYA2022.WTH,wet_year;nitrogen_stress_year;low_response_year,wet,SYA2022_normal_grid_S0010,top_profit_low_water,2022-07-01,182,77,72,"{""sim_day"": 77.0, ""doy"": 182.0, ""topwt"": 2469.727783203125, ""grnwt"": 0.0, ""xlai"": 2.180826187133789, ""totir"": 0.0, ""tofer"": NaN, ""swfac"": 0.0, ""nstres"": 0.0}",0.0,0.0,2469.727783203125,0.0,2.180826187133789,0.0,,0.0,0.0,0.0,150.0,55.78582153320313,55.78582153320313,Leave_One_experiments/all_year_offline_schedule_search/daily_outputs/SYA/SYA_2022_SYA2022_normal_grid_S0010_daily.csv
SYA,SYA,Shenyang,2022,Leave_One_experiments\wth_generated_qc\SYA\SYA2022.WTH,wet_year;nitrogen_stress_year;low_response_year,wet,SYA2022_normal_grid_S0010,top_profit_low_water,2022-07-02,183,78,73,"{""sim_day"": 78.0, ""doy"": 183.0, ""topwt"": 2596.1178588867188, ""grnwt"": 0.0, ""xlai"": 2.2276785373687744, ""totir"": 0.0, ""tofer"": NaN, ""swfac"": 0.0, ""nstres"": 0.0}",0.0,0.0,2596.1178588867188,0.0,2.2276785373687744,0.0,,0.0,0.0,0.0,150.0,55.78582153320313,55.78582153320313,Leave_One_experiments/all_year_offline_schedule_search/daily_outputs/SYA/SYA_2022_SYA2022_normal_grid_S0010_daily.csv
SYA,SYA,Shenyang,2022,Leave_One_experiments\wth_generated_qc\SYA\SYA2022.WTH,wet_year;nitrogen_stress_year;low_response_year,wet,SYA2022_normal_grid_S0010,top_profit_low_water,2022-07-03,184,79,74,"{""sim_day"": 79.0, ""doy"": 184.0, ""topwt"": 2729.051818847656, ""grnwt"": 0.0, ""xlai"": 2.2729170322418213, ""totir"": 0.0, ""tofer"": NaN, ""swfac"": 0.0, ""nstres"": 0.0}",0.0,0.0,2729.051818847656,0.0,2.2729170322418213,0.0,,0.0,0.0,0.0,150.0,55.78582153320313,55.78582153320313,Leave_One_experiments/all_year_offline_schedule_search/daily_outputs/SYA/SYA_2022_SYA2022_normal_grid_S0010_daily.csv
SYA,SYA,Shenyang,2022,Leave_One_experiments\wth_generated_qc\SYA\SYA2022.WTH,wet_year;nitrogen_stress_year;low_response_year,wet,SYA2022_normal_grid_S0010,top_profit_low_water,2022-07-04,185,80,75,"{""sim_day"": 80.0, ""doy"": 185.0, ""topwt"": 2860.3143310546875, ""grnwt"": 0.0, ""xlai"": 2.3144290447235107, ""totir"": 0.0, ""tofer"": NaN, ""swfac"": 0.0, ""nstres"": 0.0}",0.0,0.0,2860.3143310546875,0.0,2.3144290447235107,0.0,,0.0,0.0,0.0,150.0,55.78582153320313,55.78582153320313,Leave_One_experiments/all_year_offline_schedule_search/daily_outputs/SYA/SYA_2022_SYA2022_normal_grid_S0010_daily.csv
SYA,SYA,Shenyang,2022,Leave_One_experiments\wth_generated_qc\SYA\SYA2022.WTH,wet_year;nitrogen_stress_year;low_response_year,wet,SYA2022_normal_grid_S0010,top_profit_low_water,2022-07-05,186,81,76,"{""sim_day"": 81.0, ""doy"": 186.0, ""topwt"": 2999.8269653320312, ""grnwt"": 0.0, ""xlai"": 2.355929136276245, ""totir"": 0.0, ""tofer"": NaN, ""swfac"": 0.0, ""nstres"": 0.0}",0.0,0.0,2999.8269653320312,0.0,2.355929136276245,0.0,,0.0,0.0,0.0,150.0,55.78582153320313,55.78582153320313,Leave_One_experiments/all_year_offline_schedule_search/daily_outputs/SYA/SYA_2022_SYA2022_normal_grid_S0010_daily.csv
SYA,SYA,Shenyang,2022,Leave_One_experiments\wth_generated_qc\SYA\SYA2022.WTH,wet_year;nitrogen_stress_year;low_response_year,wet,SYA2022_normal_grid_S0010,top_profit_low_water,2022-07-06,187,82,77,"{""sim_day"": 82.0, ""doy"": 187.0, ""topwt"": 3077.1246337890625, ""grnwt"": 0.0, ""xlai"": 2.377739906311035, ""totir"": 0.0, ""tofer"": NaN, ""swfac"": 0.0, ""nstres"": 0.0}",0.0,0.0,3077.1246337890625,0.0,2.377739906311035,0.0,,0.0,0.0,0.0,150.0,55.78582153320313,55.78582153320313,Leave_One_experiments/all_year_offline_schedule_search/daily_outputs/SYA/SYA_2022_SYA2022_normal_grid_S0010_daily.csv
SYA,SYA,Shenyang,2022,Leave_One_experiments\wth_generated_qc\SYA\SYA2022.WTH,wet_year;nitrogen_stress_year;low_response_year,wet,SYA2022_normal_grid_S0010,top_profit_low_water,2022-07-07,188,83,78,"{""sim_day"": 83.0, ""doy"": 188.0, ""topwt"": 3187.197265625, ""grnwt"": 0.0, ""xlai"": 2.407493829727173, ""totir"": 0.0, ""tofer"": NaN, ""swfac"": 0.0, ""nstres"": 0.0}",0.0,0.0,3187.197265625,0.0,2.407493829727173,0.0,,0.0,0.0,0.0,150.0,55.78582153320313,55.78582153320313,Leave_One_experiments/all_year_offline_schedule_search/daily_outputs/SYA/SYA_2022_SYA2022_normal_grid_S0010_daily.csv
SYA,SYA,Shenyang,2022,Leave_One_experiments\wth_generated_qc\SYA\SYA2022.WTH,wet_year;nitrogen_stress_year;low_response_year,wet,SYA2022_normal_grid_S0010,top_profit_low_water,2022-07-08,189,84,79,"{""sim_day"": 84.0, ""doy"": 189.0, ""topwt"": 3331.4968872070312, ""grnwt"": 0.0, ""xlai"": 2.4447596073150635, ""totir"": 0.0, ""tofer"": NaN, ""swfac"": 0.0, ""nstres"": 0.0}",0.0,0.0,3331.4968872070312,0.0,2.4447596073150635,0.0,,0.0,0.0,0.0,150.0,55.78582153320313,55.78582153320313,Leave_One_experiments/all_year_offline_schedule_search/daily_outputs/SYA/SYA_2022_SYA2022_normal_grid_S0010_daily.csv
SYA,SYA,Shenyang,2022,Leave_One_experiments\wth_generated_qc\SYA\SYA2022.WTH,wet_year;nitrogen_stress_year;low_response_year,wet,SYA2022_normal_grid_S0010,top_profit_low_water,2022-07-09,190,85,80,"{""sim_day"": 85.0, ""doy"": 190.0, ""topwt"": 3483.4243774414062, ""grnwt"": 0.0, ""xlai"": 2.4825315475463867, ""totir"": 0.0, ""tofer"": NaN, ""swfac"": 0.0, ""nstres"": 0.0}",0.0,0.0,3483.4243774414062,0.0,2.4825315475463867,0.0,,0.0,0.0,0.0,150.0,55.78582153320313,55.78582153320313,Leave_One_experiments/all_year_offline_schedule_search/daily_outputs/SYA/SYA_2022_SYA2022_normal_grid_S0010_daily.csv
SYA,SYA,Shenyang,2022,Leave_One_experiments\wth_generated_qc\SYA\SYA2022.WTH,wet_year;nitrogen_stress_year;low_response_year,wet,SYA2022_normal_grid_S0010,top_profit_low_water,2022-07-10,191,86,81,"{""sim_day"": 86.0, ""doy"": 191.0, ""topwt"": 3659.6832275390634, ""grnwt"": 0.0, ""xlai"": 2.5263442993164062, ""totir"": 0.0, ""tofer"": NaN, ""swfac"": 0.0, ""nstres"": 0.0}",0.0,0.0,3659.6832275390634,0.0,2.5263442993164062,0.0,,0.0,0.0,0.0,150.0,55.78582153320313,55.78582153320313,Leave_One_experiments/all_year_offline_schedule_search/daily_outputs/SYA/SYA_2022_SYA2022_normal_grid_S0010_daily.csv
SYA,SYA,Shenyang,2022,Leave_One_experiments\wth_generated_qc\SYA\SYA2022.WTH,wet_year;nitrogen_stress_year;low_response_year,wet,SYA2022_normal_grid_S0010,top_profit_low_water,2022-07-11,192,87,82,"{""sim_day"": 87.0, ""doy"": 192.0, ""topwt"": 3853.550720214844, ""grnwt"": 0.0, ""xlai"": 2.5744996070861816, ""totir"": 0.0, ""tofer"": NaN, ""swfac"": 0.0, ""nstres"": 0.0}",0.0,0.0,3853.550720214844,0.0,2.5744996070861816,0.0,,0.0,0.0,0.0,150.0,55.78582153320313,55.78582153320313,Leave_One_experiments/all_year_offline_schedule_search/daily_outputs/SYA/SYA_2022_SYA2022_normal_grid_S0010_daily.csv
SYA,SYA,Shenyang,2022,Leave_One_experiments\wth_generated_qc\SYA\SYA2022.WTH,wet_year;nitrogen_stress_year;low_response_year,wet,SYA2022_normal_grid_S0010,top_profit_low_water,2022-07-12,193,88,83,"{""sim_day"": 88.0, ""doy"": 193.0, ""topwt"": 4047.588195800781, ""grnwt"": 0.0, ""xlai"": 2.6226377487182617, ""totir"": 0.0, ""tofer"": NaN, ""swfac"": 0.0, ""nstres"": 0.0}",0.0,0.0,4047.588195800781,0.0,2.6226377487182617,0.0,,0.0,0.0,0.0,150.0,55.78582153320313,55.78582153320313,Leave_One_experiments/all_year_offline_schedule_search/daily_outputs/SYA/SYA_2022_SYA2022_normal_grid_S0010_daily.csv
SYA,SYA,Shenyang,2022,Leave_One_experiments\wth_generated_qc\SYA\SYA2022.WTH,wet_year;nitrogen_stress_year;low_response_year,wet,SYA2022_normal_grid_S0010,top_profit_low_water,2022-07-13,194,89,84,"{""sim_day"": 89.0, ""doy"": 194.0, ""topwt"": 4218.988952636719, ""grnwt"": 0.0, ""xlai"": 2.6650824546813965, ""totir"": 0.0, ""tofer"": NaN, ""swfac"": 0.0, ""nstres"": 0.0}",0.0,0.0,4218.988952636719,0.0,2.6650824546813965,0.0,,0.0,0.0,0.0,150.0,55.78582153320313,55.78582153320313,Leave_One_experiments/all_year_offline_schedule_search/daily_outputs/SYA/SYA_2022_SYA2022_normal_grid_S0010_daily.csv
SYA,SYA,Shenyang,2022,Leave_One_experiments\wth_generated_qc\SYA\SYA2022.WTH,wet_year;nitrogen_stress_year;low_response_year,wet,SYA2022_normal_grid_S0010,top_profit_low_water,2022-07-14,195,90,85,"{""sim_day"": 90.0, ""doy"": 195.0, ""topwt"": 4355.744323730469, ""grnwt"": 0.0, ""xlai"": 2.6988587379455566, ""totir"": 0.0, ""tofer"": NaN, ""swfac"": 0.0, ""nstres"": 0.0}",0.0,0.0,4355.744323730469,0.0,2.6988587379455566,0.0,,0.0,0.0,0.0,150.0,55.78582153320313,55.78582153320313,Leave_One_experiments/all_year_offline_schedule_search/daily_outputs/SYA/SYA_2022_SYA2022_normal_grid_S0010_daily.csv
SYA,SYA,Shenyang,2022,Leave_One_experiments\wth_generated_qc\SYA\SYA2022.WTH,wet_year;nitrogen_stress_year;low_response_year,wet,SYA2022_normal_grid_S0010,top_profit_low_water,2022-07-15,196,91,86,"{""sim_day"": 91.0, ""doy"": 196.0, ""topwt"": 4504.560852050781, ""grnwt"": 0.0, ""xlai"": 2.7356061935424805, ""totir"": 0.0, ""tofer"": NaN, ""swfac"": 0.0, ""nstres"": 0.0}",0.0,0.0,4504.560852050781,0.0,2.7356061935424805,0.0,,0.0,0.0,0.0,150.0,55.78582153320313,55.78582153320313,Leave_One_experiments/all_year_offline_schedule_search/daily_outputs/SYA/SYA_2022_SYA2022_normal_grid_S0010_daily.csv
SYA,SYA,Shenyang,2022,Leave_One_experiments\wth_generated_qc\SYA\SYA2022.WTH,wet_year;nitrogen_stress_year;low_response_year,wet,SYA2022_normal_grid_S0010,top_profit_low_water,2022-07-16,197,92,87,"{""sim_day"": 92.0, ""doy"": 197.0, ""topwt"": 4930.578918457031, ""grnwt"": 0.0, ""xlai"": 2.6086535453796387, ""totir"": 0.0, ""tofer"": NaN, ""swfac"": 0.0, ""nstres"": 0.0}",0.0,0.0,4930.578918457031,0.0,2.6086535453796387,0.0,,0.0,0.0,0.0,150.0,55.78582153320313,55.78582153320313,Leave_One_experiments/all_year_offline_schedule_search/daily_outputs/SYA/SYA_2022_SYA2022_normal_grid_S0010_daily.csv
SYA,SYA,Shenyang,2022,Leave_One_experiments\wth_generated_qc\SYA\SYA2022.WTH,wet_year;nitrogen_stress_year;low_response_year,wet,SYA2022_normal_grid_S0010,top_profit_low_water,2022-07-17,198,93,88,"{""sim_day"": 93.0, ""doy"": 198.0, ""topwt"": 5267.1875, ""grnwt"": 0.0, ""xlai"": 2.597261905670166, ""totir"": 0.0, ""tofer"": NaN, ""swfac"": 0.0, ""nstres"": 0.0}",0.0,0.0,5267.1875,0.0,2.597261905670166,0.0,,0.0,0.0,0.0,150.0,55.78582153320313,55.78582153320313,Leave_One_experiments/all_year_offline_schedule_search/daily_outputs/SYA/SYA_2022_SYA2022_normal_grid_S0010_daily.csv
SYA,SYA,Shenyang,2022,Leave_One_experiments\wth_generated_qc\SYA\SYA2022.WTH,wet_year;nitrogen_stress_year;low_response_year,wet,SYA2022_normal_grid_S0010,top_profit_low_water,2022-07-18,199,94,89,"{""sim_day"": 94.0, ""doy"": 199.0, ""topwt"": 5701.8841552734375, ""grnwt"": 0.0, ""xlai"": 2.5855255126953125, ""totir"": 0.0, ""tofer"": NaN, ""swfac"": 0.0, ""nstres"": 0.0}",0.0,0.0,5701.8841552734375,0.0,2.5855255126953125,0.0,,0.0,0.0,0.0,150.0,55.78582153320313,55.78582153320313,Leave_One_experiments/all_year_offline_schedule_search/daily_outputs/SYA/SYA_2022_SYA2022_normal_grid_S0010_daily.csv
SYA,SYA,Shenyang,2022,Leave_One_experiments\wth_generated_qc\SYA\SYA2022.WTH,wet_year;nitrogen_stress_year;low_response_year,wet,SYA2022_normal_grid_S0010,top_profit_low_water,2022-07-19,200,95,90,"{""sim_day"": 95.0, ""doy"": 200.0, ""topwt"": 5909.534912109375, ""grnwt"": 0.0, ""xlai"": 2.573204517364502, ""totir"": 0.0, ""tofer"": NaN, ""swfac"": 0.0, ""nstres"": 0.0}",0.0,0.0,5909.534912109375,0.0,2.573204517364502,0.0,,0.0,0.0,0.0,150.0,55.78582153320313,55.78582153320313,Leave_One_experiments/all_year_offline_schedule_search/daily_outputs/SYA/SYA_2022_SYA2022_normal_grid_S0010_daily.csv
SYA,SYA,Shenyang,2022,Leave_One_experiments\wth_generated_qc\SYA\SYA2022.WTH,wet_year;nitrogen_stress_year;low_response_year,wet,SYA2022_normal_grid_S0010,top_profit_low_water,2022-07-20,201,96,91,"{""sim_day"": 96.0, ""doy"": 201.0, ""topwt"": 6106.470336914063, ""grnwt"": 0.0, ""xlai"": 2.561364889144897, ""totir"": 0.0, ""tofer"": NaN, ""swfac"": 0.0, ""nstres"": 0.0}",0.0,0.0,6106.470336914063,0.0,2.561364889144897,0.0,,0.0,0.0,0.0,150.0,55.78582153320313,55.78582153320313,Leave_One_experiments/all_year_offline_schedule_search/daily_outputs/SYA/SYA_2022_SYA2022_normal_grid_S0010_daily.csv
SYA,SYA,Shenyang,2022,Leave_One_experiments\wth_generated_qc\SYA\SYA2022.WTH,wet_year;nitrogen_stress_year;low_response_year,wet,SYA2022_normal_grid_S0010,top_profit_low_water,2022-07-21,202,97,92,"{""sim_day"": 97.0, ""doy"": 202.0, ""topwt"": 6474.498291015625, ""grnwt"": 0.0, ""xlai"": 2.5490095615386963, ""totir"": 0.0, ""tofer"": NaN, ""swfac"": 0.0, ""nstres"": 0.0}",0.0,0.0,6474.498291015625,0.0,2.5490095615386963,0.0,,0.0,0.0,0.0,150.0,55.78582153320313,55.78582153320313,Leave_One_experiments/all_year_offline_schedule_search/daily_outputs/SYA/SYA_2022_SYA2022_normal_grid_S0010_daily.csv
SYA,SYA,Shenyang,2022,Leave_One_experiments\wth_generated_qc\SYA\SYA2022.WTH,wet_year;nitrogen_stress_year;low_response_year,wet,SYA2022_normal_grid_S0010,top_profit_low_water,2022-07-22,203,98,93,"{""sim_day"": 98.0, ""doy"": 203.0, ""topwt"": 6566.7974853515625, ""grnwt"": 0.0, ""xlai"": 2.537617444992065, ""totir"": 0.0, ""tofer"": NaN, ""swfac"": 0.0, ""nstres"": 0.0}",0.0,0.0,6566.7974853515625,0.0,2.537617444992065,0.0,,0.0,0.0,0.0,150.0,55.78582153320313,55.78582153320313,Leave_One_experiments/all_year_offline_schedule_search/daily_outputs/SYA/SYA_2022_SYA2022_normal_grid_S0010_daily.csv
SYA,SYA,Shenyang,2022,Leave_One_experiments\wth_generated_qc\SYA\SYA2022.WTH,wet_year;nitrogen_stress_year;low_response_year,wet,SYA2022_normal_grid_S0010,top_profit_low_water,2022-07-23,204,99,94,"{""sim_day"": 99.0, ""doy"": 204.0, ""topwt"": 6943.021240234375, ""grnwt"": 0.0, ""xlai"": 2.5261223316192627, ""totir"": 0.0, ""tofer"": NaN, ""swfac"": 0.0, ""nstres"": 0.0}",0.0,0.0,6943.021240234375,0.0,2.5261223316192627,0.0,,0.0,0.0,0.0,150.0,55.78582153320313,55.78582153320313,Leave_One_experiments/all_year_offline_schedule_search/daily_outputs/SYA/SYA_2022_SYA2022_normal_grid_S0010_daily.csv
SYA,SYA,Shenyang,2022,Leave_One_experiments\wth_generated_qc\SYA\SYA2022.WTH,wet_year;nitrogen_stress_year;low_response_year,wet,SYA2022_normal_grid_S0010,top_profit_low_water,2022-07-24,205,100,95,"{""sim_day"": 100.0, ""doy"": 205.0, ""topwt"": 7211.864013671875, ""grnwt"": 0.0, ""xlai"": 2.513388156890869, ""totir"": 0.0, ""tofer"": NaN, ""swfac"": 0.0, ""nstres"": 0.0}",0.0,0.0,7211.864013671875,0.0,2.513388156890869,0.0,,0.0,0.0,0.0,150.0,55.78582153320313,55.78582153320313,Leave_One_experiments/all_year_offline_schedule_search/daily_outputs/SYA/SYA_2022_SYA2022_normal_grid_S0010_daily.csv
SYA,SYA,Shenyang,2022,Leave_One_experiments\wth_generated_qc\SYA\SYA2022.WTH,wet_year;nitrogen_stress_year;low_response_year,wet,SYA2022_normal_grid_S0010,top_profit_low_water,2022-07-25,206,101,96,"{""sim_day"": 101.0, ""doy"": 206.0, ""topwt"": 7597.252197265625, ""grnwt"": 0.0, ""xlai"": 2.4999313354492188, ""totir"": 0.0, ""tofer"": NaN, ""swfac"": 0.0, ""nstres"": 0.0}",0.0,0.0,7597.252197265625,0.0,2.4999313354492188,0.0,,0.0,0.0,0.0,150.0,55.78582153320313,55.78582153320313,Leave_One_experiments/all_year_offline_schedule_search/daily_outputs/SYA/SYA_2022_SYA2022_normal_grid_S0010_daily.csv
SYA,SYA,Shenyang,2022,Leave_One_experiments\wth_generated_qc\SYA\SYA2022.WTH,wet_year;nitrogen_stress_year;low_response_year,wet,SYA2022_normal_grid_S0010,top_profit_low_water,2022-07-26,207,102,97,"{""sim_day"": 102.0, ""doy"": 207.0, ""topwt"": 7936.8878173828125, ""grnwt"": 339.6348571777344, ""xlai"": 2.456031084060669, ""totir"": 0.0, ""tofer"": NaN, ""swfac"": 0.0, ""nstres"": 0.0}",0.0,0.0,7936.8878173828125,339.6348571777344,2.456031084060669,0.0,,0.0,0.0,0.0,150.0,55.78582153320313,55.78582153320313,Leave_One_experiments/all_year_offline_schedule_search/daily_outputs/SYA/SYA_2022_SYA2022_normal_grid_S0010_daily.csv
SYA,SYA,Shenyang,2022,Leave_One_experiments\wth_generated_qc\SYA\SYA2022.WTH,wet_year;nitrogen_stress_year;low_response_year,wet,SYA2022_normal_grid_S0010,top_profit_low_water,2022-07-27,208,103,98,"{""sim_day"": 103.0, ""doy"": 208.0, ""topwt"": 8117.357177734375, ""grnwt"": 683.5689544677734, ""xlai"": 2.4487264156341557, ""totir"": 0.0, ""tofer"": NaN, ""swfac"": 0.0, ""nstres"": 0.0}",0.0,0.0,8117.357177734375,683.5689544677734,2.4487264156341557,0.0,,0.0,0.0,0.0,150.0,55.78582153320313,55.78582153320313,Leave_One_experiments/all_year_offline_schedule_search/daily_outputs/SYA/SYA_2022_SYA2022_normal_grid_S0010_daily.csv
SYA,SYA,Shenyang,2022,Leave_One_experiments\wth_generated_qc\SYA\SYA2022.WTH,wet_year;nitrogen_stress_year;low_response_year,wet,SYA2022_normal_grid_S0010,top_profit_low_water,2022-07-28,209,104,99,"{""sim_day"": 104.0, ""doy"": 209.0, ""topwt"": 8308.33984375, ""grnwt"": 1027.5029754638672, ""xlai"": 2.4404900074005127, ""totir"": 0.0, ""tofer"": NaN, ""swfac"": 0.0, ""nstres"": 0.0}",0.0,0.0,8308.33984375,1027.5029754638672,2.4404900074005127,0.0,,0.0,0.0,0.0,150.0,55.78582153320313,55.78582153320313,Leave_One_experiments/all_year_offline_schedule_search/daily_outputs/SYA/SYA_2022_SYA2022_normal_grid_S0010_daily.csv
SYA,SYA,Shenyang,2022,Leave_One_experiments\wth_generated_qc\SYA\SYA2022.WTH,wet_year;nitrogen_stress_year;low_response_year,wet,SYA2022_normal_grid_S0010,top_profit_low_water,2022-07-29,210,105,100,"{""sim_day"": 105.0, ""doy"": 210.0, ""topwt"": 8520.4833984375, ""grnwt"": 1367.1379089355469, ""xlai"": 2.4300427436828613, ""totir"": 0.0, ""tofer"": NaN, ""swfac"": 0.0, ""nstres"": 0.0}",0.0,0.0,8520.4833984375,1367.1379089355469,2.4300427436828613,0.0,,0.0,0.0,0.0,150.0,55.78582153320313,55.78582153320313,Leave_One_experiments/all_year_offline_schedule_search/daily_outputs/SYA/SYA_2022_SYA2022_normal_grid_S0010_daily.csv
SYA,SYA,Shenyang,2022,Leave_One_experiments\wth_generated_qc\SYA\SYA2022.WTH,wet_year;nitrogen_stress_year;low_response_year,wet,SYA2022_normal_grid_S0010,top_profit_low_water,2022-07-30,211,106,101,"{""sim_day"": 106.0, ""doy"": 211.0, ""topwt"": 8852.877197265625, ""grnwt"": 1672.3793029785156, ""xlai"": 2.4172627925872803, ""totir"": 0.0, ""tofer"": NaN, ""swfac"": 0.0, ""nstres"": 0.0}",0.0,0.0,8852.877197265625,1672.3793029785156,2.4172627925872803,0.0,,0.0,0.0,0.0,150.0,55.78582153320313,55.78582153320313,Leave_One_experiments/all_year_offline_schedule_search/daily_outputs/SYA/SYA_2022_SYA2022_normal_grid_S0010_daily.csv
SYA,SYA,Shenyang,2022,Leave_One_experiments\wth_generated_qc\SYA\SYA2022.WTH,wet_year;nitrogen_stress_year;low_response_year,wet,SYA2022_normal_grid_S0010,top_profit_low_water,2022-07-31,212,107,102,"{""sim_day"": 107.0, ""doy"": 212.0, ""topwt"": 9215.736083984377, ""grnwt"": 1953.975372314453, ""xlai"": 2.40195107460022, ""totir"": 0.0, ""tofer"": NaN, ""swfac"": 0.0, ""nstres"": 0.0}",0.0,0.0,9215.736083984377,1953.975372314453,2.40195107460022,0.0,,0.0,0.0,0.0,150.0,55.78582153320313,55.78582153320313,Leave_One_experiments/all_year_offline_schedule_search/daily_outputs/SYA/SYA_2022_SYA2022_normal_grid_S0010_daily.csv
SYA,SYA,Shenyang,2022,Leave_One_experiments\wth_generated_qc\SYA\SYA2022.WTH,wet_year;nitrogen_stress_year;low_response_year,wet,SYA2022_normal_grid_S0010,top_profit_low_water,2022-08-01,213,108,103,"{""sim_day"": 108.0, ""doy"": 213.0, ""topwt"": 9544.927978515623, ""grnwt"": 2201.177978515625, ""xlai"": 2.3835225105285645, ""totir"": 0.0, ""tofer"": NaN, ""swfac"": 0.0, ""nstres"": 0.0}",0.0,0.0,9544.927978515623,2201.177978515625,2.3835225105285645,0.0,,0.0,0.0,0.0,150.0,55.78582153320313,55.78582153320313,Leave_One_experiments/all_year_offline_schedule_search/daily_outputs/SYA/SYA_2022_SYA2022_normal_grid_S0010_daily.csv
SYA,SYA,Shenyang,2022,Leave_One_experiments\wth_generated_qc\SYA\SYA2022.WTH,wet_year;nitrogen_stress_year;low_response_year,wet,SYA2022_normal_grid_S0010,top_profit_low_water,2022-08-02,214,109,104,"{""sim_day"": 109.0, ""doy"": 214.0, ""topwt"": 9844.801025390623, ""grnwt"": 2433.3334350585938, ""xlai"": 2.361955404281616, ""totir"": 0.0, ""tofer"": NaN, ""swfac"": 0.0, ""nstres"": 0.0}",0.0,0.0,9844.801025390623,2433.3334350585938,2.361955404281616,0.0,,0.0,0.0,0.0,150.0,55.78582153320313,55.78582153320313,Leave_One_experiments/all_year_offline_schedule_search/daily_outputs/SYA/SYA_2022_SYA2022_normal_grid_S0010_daily.csv
SYA,SYA,Shenyang,2022,Leave_One_experiments\wth_generated_qc\SYA\SYA2022.WTH,wet_year;nitrogen_stress_year;low_response_year,wet,SYA2022_normal_grid_S0010,top_profit_low_water,2022-08-03,215,110,105,"{""sim_day"": 110.0, ""doy"": 215.0, ""topwt"": 10134.6728515625, ""grnwt"": 2639.6939086914062, ""xlai"": 2.336609363555908, ""totir"": 0.0, ""tofer"": NaN, ""swfac"": 0.0, ""nstres"": 0.0}",0.0,0.0,10134.6728515625,2639.6939086914062,2.336609363555908,0.0,,0.0,0.0,0.0,150.0,55.78582153320313,55.78582153320313,Leave_One_experiments/all_year_offline_schedule_search/daily_outputs/SYA/SYA_2022_SYA2022_normal_grid_S0010_daily.csv
SYA,SYA,Shenyang,2022,Leave_One_experiments\wth_generated_qc\SYA\SYA2022.WTH,wet_year;nitrogen_stress_year;low_response_year,wet,SYA2022_normal_grid_S0010,top_profit_low_water,2022-08-04,216,111,106,"{""sim_day"": 111.0, ""doy"": 216.0, ""topwt"": 10336.387939453123, ""grnwt"": 2923.4393310546875, ""xlai"": 2.3102803230285645, ""totir"": 0.0, ""tofer"": NaN, ""swfac"": 0.0, ""nstres"": 0.0}",0.0,0.0,10336.387939453123,2923.4393310546875,2.3102803230285645,0.0,,0.0,0.0,0.0,150.0,55.78582153320313,55.78582153320313,Leave_One_experiments/all_year_offline_schedule_search/daily_outputs/SYA/SYA_2022_SYA2022_normal_grid_S0010_daily.csv
SYA,SYA,Shenyang,2022,Leave_One_experiments\wth_generated_qc\SYA\SYA2022.WTH,wet_year;nitrogen_stress_year;low_response_year,wet,SYA2022_normal_grid_S0010,top_profit_low_water,2022-08-05,217,112,107,"{""sim_day"": 112.0, ""doy"": 217.0, ""topwt"": 10667.884521484377, ""grnwt"": 3217.9330444335938, ""xlai"": 2.28125, ""totir"": 0.0, ""tofer"": NaN, ""swfac"": 0.0, ""nstres"": 0.0}",0.0,0.0,10667.884521484377,3217.9330444335938,2.28125,0.0,,0.0,0.0,0.0,150.0,55.78582153320313,55.78582153320313,Leave_One_experiments/all_year_offline_schedule_search/daily_outputs/SYA/SYA_2022_SYA2022_normal_grid_S0010_daily.csv
SYA,SYA,Shenyang,2022,Leave_One_experiments\wth_generated_qc\SYA\SYA2022.WTH,wet_year;nitrogen_stress_year;low_response_year,wet,SYA2022_normal_grid_S0010,top_profit_low_water,2022-08-06,218,113,108,"{""sim_day"": 113.0, ""doy"": 218.0, ""topwt"": 10739.1357421875, ""grnwt"": 3561.8670654296875, ""xlai"": 2.251892566680908, ""totir"": 0.0, ""tofer"": NaN, ""swfac"": 0.0, ""nstres"": 0.0}",0.0,0.0,10739.1357421875,3561.8670654296875,2.251892566680908,0.0,,0.0,0.0,0.0,150.0,55.78582153320313,55.78582153320313,Leave_One_experiments/all_year_offline_schedule_search/daily_outputs/SYA/SYA_2022_SYA2022_normal_grid_S0010_daily.csv
SYA,SYA,Shenyang,2022,Leave_One_experiments\wth_generated_qc\SYA\SYA2022.WTH,wet_year;nitrogen_stress_year;low_response_year,wet,SYA2022_normal_grid_S0010,top_profit_low_water,2022-08-07,219,114,109,"{""sim_day"": 114.0, ""doy"": 219.0, ""topwt"": 11110.8056640625, ""grnwt"": 3905.801086425781, ""xlai"": 2.222651958465576, ""totir"": 0.0, ""tofer"": NaN, ""swfac"": 0.0, ""nstres"": 0.0}",0.0,0.0,11110.8056640625,3905.801086425781,2.222651958465576,0.0,,0.0,0.0,0.0,150.0,55.78582153320313,55.78582153320313,Leave_One_experiments/all_year_offline_schedule_search/daily_outputs/SYA/SYA_2022_SYA2022_normal_grid_S0010_daily.csv
SYA,SYA,Shenyang,2022,Leave_One_experiments\wth_generated_qc\SYA\SYA2022.WTH,wet_year;nitrogen_stress_year;low_response_year,wet,SYA2022_normal_grid_S0010,top_profit_low_water,2022-08-08,220,115,110,"{""sim_day"": 115.0, ""doy"": 220.0, ""topwt"": 11423.84765625, ""grnwt"": 4249.735107421875, ""xlai"": 2.194202423095703, ""totir"": 0.0, ""tofer"": NaN, ""swfac"": 0.0, ""nstres"": 0.0}",0.0,0.0,11423.84765625,4249.735107421875,2.194202423095703,0.0,,0.0,0.0,0.0,150.0,55.78582153320313,55.78582153320313,Leave_One_experiments/all_year_offline_schedule_search/daily_outputs/SYA/SYA_2022_SYA2022_normal_grid_S0010_daily.csv
SYA,SYA,Shenyang,2022,Leave_One_experiments\wth_generated_qc\SYA\SYA2022.WTH,wet_year;nitrogen_stress_year;low_response_year,wet,SYA2022_normal_grid_S0010,top_profit_low_water,2022-08-09,221,116,111,"{""sim_day"": 116.0, ""doy"": 221.0, ""topwt"": 11825.098876953123, ""grnwt"": 4593.669128417969, ""xlai"": 2.161531686782837, ""totir"": 0.0, ""tofer"": NaN, ""swfac"": 0.0, ""nstres"": 0.0}",0.0,0.0,11825.098876953123,4593.669128417969,2.161531686782837,0.0,,0.0,0.0,0.0,150.0,55.78582153320313,55.78582153320313,Leave_One_experiments/all_year_offline_schedule_search/daily_outputs/SYA/SYA_2022_SYA2022_normal_grid_S0010_daily.csv
SYA,SYA,Shenyang,2022,Leave_One_experiments\wth_generated_qc\SYA\SYA2022.WTH,wet_year;nitrogen_stress_year;low_response_year,wet,SYA2022_normal_grid_S0010,top_profit_low_water,2022-08-10,222,117,112,"{""sim_day"": 117.0, ""doy"": 222.0, ""topwt"": 12196.03271484375, ""grnwt"": 4937.602844238281, ""xlai"": 2.1277849674224854, ""totir"": 0.0, ""tofer"": NaN, ""swfac"": 0.0, ""nstres"": 0.0}",0.0,0.0,12196.03271484375,4937.602844238281,2.1277849674224854,0.0,,0.0,0.0,0.0,150.0,55.78582153320313,55.78582153320313,Leave_One_experiments/all_year_offline_schedule_search/daily_outputs/SYA/SYA_2022_SYA2022_normal_grid_S0010_daily.csv
SYA,SYA,Shenyang,2022,Leave_One_experiments\wth_generated_qc\SYA\SYA2022.WTH,wet_year;nitrogen_stress_year;low_response_year,wet,SYA2022_normal_grid_S0010,top_profit_low_water,2022-08-11,223,118,113,"{""sim_day"": 118.0, ""doy"": 223.0, ""topwt"": 12359.90966796875, ""grnwt"": 5281.536865234375, ""xlai"": 2.087899684906006, ""totir"": 0.0, ""tofer"": NaN, ""swfac"": 0.0, ""nstres"": 0.0}",0.0,0.0,12359.90966796875,5281.536865234375,2.087899684906006,0.0,,0.0,0.0,0.0,150.0,55.78582153320313,55.78582153320313,Leave_One_experiments/all_year_offline_schedule_search/daily_outputs/SYA/SYA_2022_SYA2022_normal_grid_S0010_daily.csv
SYA,SYA,Shenyang,2022,Leave_One_experiments\wth_generated_qc\SYA\SYA2022.WTH,wet_year;nitrogen_stress_year;low_response_year,wet,SYA2022_normal_grid_S0010,top_profit_low_water,2022-08-12,224,119,114,"{""sim_day"": 119.0, ""doy"": 224.0, ""topwt"": 12686.22802734375, ""grnwt"": 5625.470581054688, ""xlai"": 2.044710159301758, ""totir"": 0.0, ""tofer"": NaN, ""swfac"": 0.0, ""nstres"": 0.0408672094345092}",0.0,0.0408672094345092,12686.22802734375,5625.470581054688,2.044710159301758,0.0,,0.0,0.0,0.0,150.0,55.78582153320313,55.78582153320313,Leave_One_experiments/all_year_offline_schedule_search/daily_outputs/SYA/SYA_2022_SYA2022_normal_grid_S0010_daily.csv
SYA,SYA,Shenyang,2022,Leave_One_experiments\wth_generated_qc\SYA\SYA2022.WTH,wet_year;nitrogen_stress_year;low_response_year,wet,SYA2022_normal_grid_S0010,top_profit_low_water,2022-08-13,225,120,115,"{""sim_day"": 120.0, ""doy"": 225.0, ""topwt"": 12816.781005859377, ""grnwt"": 5969.4049072265625, ""xlai"": 2.0046045780181885, ""totir"": 0.0, ""tofer"": NaN, ""swfac"": 0.0, ""nstres"": 0.0642578601837158}",0.0,0.0642578601837158,12816.781005859377,5969.4049072265625,2.0046045780181885,0.0,,0.0,0.0,0.0,150.0,55.78582153320313,55.78582153320313,Leave_One_experiments/all_year_offline_schedule_search/daily_outputs/SYA/SYA_2022_SYA2022_normal_grid_S0010_daily.csv
SYA,SYA,Shenyang,2022,Leave_One_experiments\wth_generated_qc\SYA\SYA2022.WTH,wet_year;nitrogen_stress_year;low_response_year,wet,SYA2022_normal_grid_S0010,top_profit_low_water,2022-08-14,226,121,116,"{""sim_day"": 121.0, ""doy"": 226.0, ""topwt"": 12867.85400390625, ""grnwt"": 6313.338623046875, ""xlai"": 1.9659844636917116, ""totir"": 0.0, ""tofer"": NaN, ""swfac"": 0.0, ""nstres"": 0.1137351989746093}",0.0,0.1137351989746093,12867.85400390625,6313.338623046875,1.9659844636917116,0.0,,0.0,0.0,0.0,150.0,55.78582153320313,55.78582153320313,Leave_One_experiments/all_year_offline_schedule_search/daily_outputs/SYA/SYA_2022_SYA2022_normal_grid_S0010_daily.csv
SYA,SYA,Shenyang,2022,Leave_One_experiments\wth_generated_qc\SYA\SYA2022.WTH,wet_year;nitrogen_stress_year;low_response_year,wet,SYA2022_normal_grid_S0010,top_profit_low_water,2022-08-15,227,122,117,"{""sim_day"": 122.0, ""doy"": 227.0, ""topwt"": 13222.12158203125, ""grnwt"": 6657.27294921875, ""xlai"": 1.9222911596298216, ""totir"": 0.0, ""tofer"": NaN, ""swfac"": 0.0, ""nstres"": 0.1342220306396484}",0.0,0.1342220306396484,13222.12158203125,6657.27294921875,1.9222911596298216,0.0,,0.0,0.0,0.0,150.0,55.78582153320313,55.78582153320313,Leave_One_experiments/all_year_offline_schedule_search/daily_outputs/SYA/SYA_2022_SYA2022_normal_grid_S0010_daily.csv
SYA,SYA,Shenyang,2022,Leave_One_experiments\wth_generated_qc\SYA\SYA2022.WTH,wet_year;nitrogen_stress_year;low_response_year,wet,SYA2022_normal_grid_S0010,top_profit_low_water,2022-08-16,228,123,118,"{""sim_day"": 123.0, ""doy"": 228.0, ""topwt"": 13573.0224609375, ""grnwt"": 7001.206665039063, ""xlai"": 1.8726550340652464, ""totir"": 0.0, ""tofer"": NaN, ""swfac"": 0.0, ""nstres"": 0.1447590589523315}",0.0,0.1447590589523315,13573.0224609375,7001.206665039063,1.8726550340652464,0.0,,0.0,0.0,0.0,150.0,55.78582153320313,55.78582153320313,Leave_One_experiments/all_year_offline_schedule_search/daily_outputs/SYA/SYA_2022_SYA2022_normal_grid_S0010_daily.csv
SYA,SYA,Shenyang,2022,Leave_One_experiments\wth_generated_qc\SYA\SYA2022.WTH,wet_year;nitrogen_stress_year;low_response_year,wet,SYA2022_normal_grid_S0010,top_profit_low_water,2022-08-17,229,124,119,"{""sim_day"": 124.0, ""doy"": 229.0, ""topwt"": 13777.559814453123, ""grnwt"": 7345.1409912109375, ""xlai"": 1.818109154701233, ""totir"": 0.0, ""tofer"": NaN, ""swfac"": 0.0, ""nstres"": 0.20728200674057}",0.0,0.20728200674057,13777.559814453123,7345.1409912109375,1.818109154701233,0.0,,0.0,0.0,0.0,150.0,55.78582153320313,55.78582153320313,Leave_One_experiments/all_year_offline_schedule_search/daily_outputs/SYA/SYA_2022_SYA2022_normal_grid_S0010_daily.csv
SYA,SYA,Shenyang,2022,Leave_One_experiments\wth_generated_qc\SYA\SYA2022.WTH,wet_year;nitrogen_stress_year;low_response_year,wet,SYA2022_normal_grid_S0010,top_profit_low_water,2022-08-18,230,125,120,"{""sim_day"": 125.0, ""doy"": 230.0, ""topwt"": 13802.26806640625, ""grnwt"": 7411.2823486328125, ""xlai"": 1.7625898122787476, ""totir"": 0.0, ""tofer"": NaN, ""swfac"": 0.0, ""nstres"": 0.3328884243965149}",0.0,0.3328884243965149,13802.26806640625,7411.2823486328125,1.7625898122787476,0.0,,0.0,0.0,0.0,150.0,55.78582153320313,55.78582153320313,Leave_One_experiments/all_year_offline_schedule_search/daily_outputs/SYA/SYA_2022_SYA2022_normal_grid_S0010_daily.csv
SYA,SYA,Shenyang,2022,Leave_One_experiments\wth_generated_qc\SYA\SYA2022.WTH,wet_year;nitrogen_stress_year;low_response_year,wet,SYA2022_normal_grid_S0010,top_profit_low_water,2022-08-19,231,126,121,"{""sim_day"": 126.0, ""doy"": 231.0, ""topwt"": 14095.345458984377, ""grnwt"": 7704.3609619140625, ""xlai"": 1.7129724025726318, ""totir"": 0.0, ""tofer"": NaN, ""swfac"": 0.0, ""nstres"": 0.2756043672561645}",0.0,0.2756043672561645,14095.345458984377,7704.3609619140625,1.7129724025726318,0.0,,0.0,0.0,0.0,150.0,55.78582153320313,55.78582153320313,Leave_One_experiments/all_year_offline_schedule_search/daily_outputs/SYA/SYA_2022_SYA2022_normal_grid_S0010_daily.csv
SYA,SYA,Shenyang,2022,Leave_One_experiments\wth_generated_qc\SYA\SYA2022.WTH,wet_year;nitrogen_stress_year;low_response_year,wet,SYA2022_normal_grid_S0010,top_profit_low_water,2022-08-20,232,127,122,"{""sim_day"": 127.0, ""doy"": 232.0, ""topwt"": 14332.041015625, ""grnwt"": 7941.055297851562, ""xlai"": 1.6581707000732422, ""totir"": 0.0, ""tofer"": NaN, ""swfac"": 0.0, ""nstres"": 0.3678134083747864}",0.0,0.3678134083747864,14332.041015625,7941.055297851562,1.6581707000732422,0.0,,0.0,0.0,0.0,150.0,55.78582153320313,55.78582153320313,Leave_One_experiments/all_year_offline_schedule_search/daily_outputs/SYA/SYA_2022_SYA2022_normal_grid_S0010_daily.csv
SYA,SYA,Shenyang,2022,Leave_One_experiments\wth_generated_qc\SYA\SYA2022.WTH,wet_year;nitrogen_stress_year;low_response_year,wet,SYA2022_normal_grid_S0010,top_profit_low_water,2022-08-21,233,128,123,"{""sim_day"": 128.0, ""doy"": 233.0, ""topwt"": 14383.936767578123, ""grnwt"": 7992.952270507812, ""xlai"": 1.5999208688735962, ""totir"": 0.0, ""tofer"": NaN, ""swfac"": 0.0, ""nstres"": 0.4430925250053406}",0.0,0.4430925250053406,14383.936767578123,7992.952270507812,1.5999208688735962,0.0,,0.0,0.0,0.0,150.0,55.78582153320313,55.78582153320313,Leave_One_experiments/all_year_offline_schedule_search/daily_outputs/SYA/SYA_2022_SYA2022_normal_grid_S0010_daily.csv
SYA,SYA,Shenyang,2022,Leave_One_experiments\wth_generated_qc\SYA\SYA2022.WTH,wet_year;nitrogen_stress_year;low_response_year,wet,SYA2022_normal_grid_S0010,top_profit_low_water,2022-08-22,234,129,124,"{""sim_day"": 129.0, ""doy"": 234.0, ""topwt"": 14604.581298828123, ""grnwt"": 8213.595581054688, ""xlai"": 1.544649600982666, ""totir"": 0.0, ""tofer"": NaN, ""swfac"": 0.0, ""nstres"": 0.4291114807128906}",0.0,0.4291114807128906,14604.581298828123,8213.595581054688,1.544649600982666,0.0,,0.0,0.0,0.0,150.0,55.78582153320313,55.78582153320313,Leave_One_experiments/all_year_offline_schedule_search/daily_outputs/SYA/SYA_2022_SYA2022_normal_grid_S0010_daily.csv
SYA,SYA,Shenyang,2022,Leave_One_experiments\wth_generated_qc\SYA\SYA2022.WTH,wet_year;nitrogen_stress_year;low_response_year,wet,SYA2022_normal_grid_S0010,top_profit_low_water,2022-08-23,235,130,125,"{""sim_day"": 130.0, ""doy"": 235.0, ""topwt"": 14782.669677734377, ""grnwt"": 8391.683349609375, ""xlai"": 1.4880948066711426, ""totir"": 0.0, ""tofer"": NaN, ""swfac"": 0.0, ""nstres"": 0.4787183403968811}",0.0,0.4787183403968811,14782.669677734377,8391.683349609375,1.4880948066711426,0.0,,0.0,0.0,0.0,150.0,55.78582153320313,55.78582153320313,Leave_One_experiments/all_year_offline_schedule_search/daily_outputs/SYA/SYA_2022_SYA2022_normal_grid_S0010_daily.csv
SYA,SYA,Shenyang,2022,Leave_One_experiments\wth_generated_qc\SYA\SYA2022.WTH,wet_year;nitrogen_stress_year;low_response_year,wet,SYA2022_normal_grid_S0010,top_profit_low_water,2022-08-24,236,131,126,"{""sim_day"": 131.0, ""doy"": 236.0, ""topwt"": 14945.72265625, ""grnwt"": 8554.737548828125, ""xlai"": 1.4316232204437256, ""totir"": 0.0, ""tofer"": NaN, ""swfac"": 0.0, ""nstres"": 0.5107729434967041}",0.0,0.5107729434967041,14945.72265625,8554.737548828125,1.4316232204437256,0.0,,0.0,0.0,0.0,150.0,55.78582153320313,55.78582153320313,Leave_One_experiments/all_year_offline_schedule_search/daily_outputs/SYA/SYA_2022_SYA2022_normal_grid_S0010_daily.csv
SYA,SYA,Shenyang,2022,Leave_One_experiments\wth_generated_qc\SYA\SYA2022.WTH,wet_year;nitrogen_stress_year;low_response_year,wet,SYA2022_normal_grid_S0010,top_profit_low_water,2022-08-25,237,132,127,"{""sim_day"": 132.0, ""doy"": 237.0, ""topwt"": 15031.124267578123, ""grnwt"": 8640.139770507812, ""xlai"": 1.375922679901123, ""totir"": 0.0, ""tofer"": NaN, ""swfac"": 0.0, ""nstres"": 0.53377366065979}",0.0,0.53377366065979,15031.124267578123,8640.139770507812,1.375922679901123,0.0,,0.0,0.0,0.0,150.0,55.78582153320313,55.78582153320313,Leave_One_experiments/all_year_offline_schedule_search/daily_outputs/SYA/SYA_2022_SYA2022_normal_grid_S0010_daily.csv
SYA,SYA,Shenyang,2022,Leave_One_experiments\wth_generated_qc\SYA\SYA2022.WTH,wet_year;nitrogen_stress_year;low_response_year,wet,SYA2022_normal_grid_S0010,top_profit_low_water,2022-08-26,238,133,128,"{""sim_day"": 133.0, ""doy"": 238.0, ""topwt"": 15193.49609375, ""grnwt"": 8802.510986328125, ""xlai"": 1.32246994972229, ""totir"": 0.0, ""tofer"": NaN, ""swfac"": 0.0, ""nstres"": 0.5323683023452759}",0.0,0.5323683023452759,15193.49609375,8802.510986328125,1.32246994972229,0.0,,0.0,0.0,0.0,150.0,55.78582153320313,55.78582153320313,Leave_One_experiments/all_year_offline_schedule_search/daily_outputs/SYA/SYA_2022_SYA2022_normal_grid_S0010_daily.csv
SYA,SYA,Shenyang,2022,Leave_One_experiments\wth_generated_qc\SYA\SYA2022.WTH,wet_year;nitrogen_stress_year;low_response_year,wet,SYA2022_normal_grid_S0010,top_profit_low_water,2022-08-27,239,134,129,"{""sim_day"": 134.0, ""doy"": 239.0, ""topwt"": 15303.905029296877, ""grnwt"": 8912.919921875, ""xlai"": 1.2701449394226074, ""totir"": 0.0, ""tofer"": NaN, ""swfac"": 0.0, ""nstres"": 0.5495868921279907}",0.0,0.5495868921279907,15303.905029296877,8912.919921875,1.2701449394226074,0.0,,0.0,0.0,0.0,150.0,55.78582153320313,55.78582153320313,Leave_One_experiments/all_year_offline_schedule_search/daily_outputs/SYA/SYA_2022_SYA2022_normal_grid_S0010_daily.csv
SYA,SYA,Shenyang,2022,Leave_One_experiments\wth_generated_qc\SYA\SYA2022.WTH,wet_year;nitrogen_stress_year;low_response_year,wet,SYA2022_normal_grid_S0010,top_profit_low_water,2022-08-28,240,135,130,"{""sim_day"": 135.0, ""doy"": 240.0, ""topwt"": 15324.51416015625, ""grnwt"": 8933.529052734375, ""xlai"": 1.2194812297821045, ""totir"": 0.0, ""tofer"": NaN, ""swfac"": 0.0, ""nstres"": 0.5573123693466187}",0.0,0.5573123693466187,15324.51416015625,8933.529052734375,1.2194812297821045,0.0,,0.0,0.0,0.0,150.0,55.78582153320313,55.78582153320313,Leave_One_experiments/all_year_offline_schedule_search/daily_outputs/SYA/SYA_2022_SYA2022_normal_grid_S0010_daily.csv
SYA,SYA,Shenyang,2022,Leave_One_experiments\wth_generated_qc\SYA\SYA2022.WTH,wet_year;nitrogen_stress_year;low_response_year,wet,SYA2022_normal_grid_S0010,top_profit_low_water,2022-08-29,241,136,131,"{""sim_day"": 136.0, ""doy"": 241.0, ""topwt"": 15455.511474609377, ""grnwt"": 9064.526977539062, ""xlai"": 1.1724451780319214, ""totir"": 0.0, ""tofer"": NaN, ""swfac"": 0.0, ""nstres"": 0.5256927013397217}",0.0,0.5256927013397217,15455.511474609377,9064.526977539062,1.1724451780319214,0.0,,0.0,0.0,0.0,150.0,55.78582153320313,55.78582153320313,Leave_One_experiments/all_year_offline_schedule_search/daily_outputs/SYA/SYA_2022_SYA2022_normal_grid_S0010_daily.csv
SYA,SYA,Shenyang,2022,Leave_One_experiments\wth_generated_qc\SYA\SYA2022.WTH,wet_year;nitrogen_stress_year;low_response_year,wet,SYA2022_normal_grid_S0010,top_profit_low_water,2022-08-30,242,137,132,"{""sim_day"": 137.0, ""doy"": 242.0, ""topwt"": 15585.62255859375, ""grnwt"": 9194.638061523438, ""xlai"": 1.1232608556747437, ""totir"": 0.0, ""tofer"": NaN, ""swfac"": 0.0, ""nstres"": 0.5441729426383972}",0.0,0.5441729426383972,15585.62255859375,9194.638061523438,1.1232608556747437,0.0,,0.0,0.0,0.0,150.0,55.78582153320313,55.78582153320313,Leave_One_experiments/all_year_offline_schedule_search/daily_outputs/SYA/SYA_2022_SYA2022_normal_grid_S0010_daily.csv
SYA,SYA,Shenyang,2022,Leave_One_experiments\wth_generated_qc\SYA\SYA2022.WTH,wet_year;nitrogen_stress_year;low_response_year,wet,SYA2022_normal_grid_S0010,top_profit_low_water,2022-08-31,243,138,133,"{""sim_day"": 138.0, ""doy"": 243.0, ""topwt"": 15719.566650390623, ""grnwt"": 9328.582153320312, ""xlai"": 1.0670089721679688, ""totir"": 0.0, ""tofer"": NaN, ""swfac"": 0.0, ""nstres"": 0.5577050447463989}",0.0,0.5577050447463989,15719.566650390623,9328.582153320312,1.0670089721679688,0.0,,0.0,0.0,0.0,150.0,55.78582153320313,55.78582153320313,Leave_One_experiments/all_year_offline_schedule_search/daily_outputs/SYA/SYA_2022_SYA2022_normal_grid_S0010_daily.csv
SYA,SYA,Shenyang,2022,Leave_One_experiments\wth_generated_qc\SYA\SYA2022.WTH,wet_year;nitrogen_stress_year;low_response_year,wet,SYA2022_normal_grid_S0010,top_profit_low_water,2022-09-01,244,139,134,"{""sim_day"": 139.0, ""doy"": 244.0, ""topwt"": 15719.566650390623, ""grnwt"": 9328.582153320312, ""xlai"": 1.0670089721679688, ""totir"": 0.0, ""tofer"": NaN, ""swfac"": 0.0, ""nstres"": 0.5633096396923065}",0.0,0.5633096396923065,15719.566650390623,9328.582153320312,1.0670089721679688,0.0,,0.0,0.0,0.0,150.0,55.78582153320313,55.78582153320313,Leave_One_experiments/all_year_offline_schedule_search/daily_outputs/SYA/SYA_2022_SYA2022_normal_grid_S0010_daily.csv
SYA,SYA,Shenyang,2022,Leave_One_experiments\wth_generated_qc\SYA\SYA2022.WTH,wet_year;nitrogen_stress_year;low_response_year,wet,SYA2022_normal_grid_S0010,top_profit_low_water,2022-09-02,245,140,135,"{""sim_day"": 140.0, ""doy"": 245.0, ""topwt"": 15719.566650390623, ""grnwt"": 9328.582153320312, ""xlai"": 1.0670089721679688, ""totir"": 0.0, ""tofer"": NaN, ""swfac"": 0.0, ""nstres"": 0.5633096396923065}",0.0,0.5633096396923065,15719.566650390623,9328.582153320312,1.0670089721679688,0.0,,0.0,0.0,0.0,150.0,55.78582153320313,55.78582153320313,Leave_One_experiments/all_year_offline_schedule_search/daily_outputs/SYA/SYA_2022_SYA2022_normal_grid_S0010_daily.csv
SYA,SYA,Shenyang,2022,Leave_One_experiments\wth_generated_qc\SYA\SYA2022.WTH,wet_year;nitrogen_stress_year;low_response_year,wet,SYA2022_normal_grid_S0010,top_profit_low_water,2022-09-03,246,141,136,"{""sim_day"": 141.0, ""doy"": 246.0, ""topwt"": 15719.566650390623, ""grnwt"": 9328.582153320312, ""xlai"": 1.0670089721679688, ""totir"": 0.0, ""tofer"": NaN, ""swfac"": 0.0, ""nstres"": 0.5633096396923065}",0.0,0.5633096396923065,15719.566650390623,9328.582153320312,1.0670089721679688,0.0,,0.0,0.0,0.0,150.0,55.78582153320313,55.78582153320313,Leave_One_experiments/all_year_offline_schedule_search/daily_outputs/SYA/SYA_2022_SYA2022_normal_grid_S0010_daily.csv
SYA,SYA,Shenyang,2022,Leave_One_experiments\wth_generated_qc\SYA\SYA2022.WTH,wet_year;nitrogen_stress_year;low_response_year,wet,SYA2022_normal_grid_S0010,top_profit_low_water,2022-09-04,247,142,137,"{""sim_day"": 142.0, ""doy"": 247.0, ""topwt"": 15719.566650390623, ""grnwt"": 9328.582153320312, ""xlai"": 1.0670089721679688, ""totir"": 0.0, ""tofer"": NaN, ""swfac"": 0.0, ""nstres"": 0.5633096396923065}",0.0,0.5633096396923065,15719.566650390623,9328.582153320312,1.0670089721679688,0.0,,0.0,0.0,0.0,150.0,55.78582153320313,55.78582153320313,Leave_One_experiments/all_year_offline_schedule_search/daily_outputs/SYA/SYA_2022_SYA2022_normal_grid_S0010_daily.csv
SYA,SYA,Shenyang,2023,Leave_One_experiments\wth_generated_qc\SYA\SYA2023.WTH,normal_year;nitrogen_stress_year;low_response_year,normal,SYA2023_normal_grid_S0031,irrigation_positive_candidate,2023-04-21,111,1,1,"{""sim_day"": 1.0, ""doy"": 111.0, ""topwt"": 0.0, ""grnwt"": 0.0, ""xlai"": 0.0, ""totir"": 0.0, ""tofer"": NaN, ""swfac"": 0.0, ""nstres"": 0.0}",0.0,0.0,0.0,0.0,0.0,0.0,,0.0,80.0,30.0,180.0,39.93561401367188,51.93561401367188,Leave_One_experiments/all_year_offline_schedule_search/daily_outputs/SYA/SYA_2023_SYA2023_normal_grid_S0031_daily.csv
SYA,SYA,Shenyang,2023,Leave_One_experiments\wth_generated_qc\SYA\SYA2023.WTH,normal_year;nitrogen_stress_year;low_response_year,normal,SYA2023_normal_grid_S0031,irrigation_positive_candidate,2023-04-22,112,2,2,"{""sim_day"": 2.0, ""doy"": 112.0, ""topwt"": 0.0, ""grnwt"": 0.0, ""xlai"": 0.0, ""totir"": 0.0, ""tofer"": NaN, ""swfac"": 0.0, ""nstres"": 0.0}",0.0,0.0,0.0,0.0,0.0,0.0,,0.0,0.0,30.0,180.0,39.93561401367188,51.93561401367188,Leave_One_experiments/all_year_offline_schedule_search/daily_outputs/SYA/SYA_2023_SYA2023_normal_grid_S0031_daily.csv
SYA,SYA,Shenyang,2023,Leave_One_experiments\wth_generated_qc\SYA\SYA2023.WTH,normal_year;nitrogen_stress_year;low_response_year,normal,SYA2023_normal_grid_S0031,irrigation_positive_candidate,2023-04-23,113,3,3,"{""sim_day"": 3.0, ""doy"": 113.0, ""topwt"": 0.0, ""grnwt"": 0.0, ""xlai"": 0.0, ""totir"": 0.0, ""tofer"": NaN, ""swfac"": 0.0, ""nstres"": 0.0}",0.0,0.0,0.0,0.0,0.0,0.0,,0.0,0.0,30.0,180.0,39.93561401367188,51.93561401367188,Leave_One_experiments/all_year_offline_schedule_search/daily_outputs/SYA/SYA_2023_SYA2023_normal_grid_S0031_daily.csv
SYA,SYA,Shenyang,2023,Leave_One_experiments\wth_generated_qc\SYA\SYA2023.WTH,normal_year;nitrogen_stress_year;low_response_year,normal,SYA2023_normal_grid_S0031,irrigation_positive_candidate,2023-04-24,114,4,4,"{""sim_day"": 4.0, ""doy"": 114.0, ""topwt"": 0.0, ""grnwt"": 0.0, ""xlai"": 0.0, ""totir"": 0.0, ""tofer"": NaN, ""swfac"": 0.0, ""nstres"": 0.0}",0.0,0.0,0.0,0.0,0.0,0.0,,0.0,0.0,30.0,180.0,39.93561401367188,51.93561401367188,Leave_One_experiments/all_year_offline_schedule_search/daily_outputs/SYA/SYA_2023_SYA2023_normal_grid_S0031_daily.csv
SYA,SYA,Shenyang,2023,Leave_One_experiments\wth_generated_qc\SYA\SYA2023.WTH,normal_year;nitrogen_stress_year;low_response_year,normal,SYA2023_normal_grid_S0031,irrigation_positive_candidate,2023-04-25,115,5,5,"{""sim_day"": 5.0, ""doy"": 115.0, ""topwt"": 0.0, ""grnwt"": 0.0, ""xlai"": 0.0, ""totir"": 0.0, ""tofer"": NaN, ""swfac"": 0.0, ""nstres"": 0.0}",0.0,0.0,0.0,0.0,0.0,0.0,,0.0,0.0,30.0,180.0,39.93561401367188,51.93561401367188,Leave_One_experiments/all_year_offline_schedule_search/daily_outputs/SYA/SYA_2023_SYA2023_normal_grid_S0031_daily.csv
SYA,SYA,Shenyang,2023,Leave_One_experiments\wth_generated_qc\SYA\SYA2023.WTH,normal_year;nitrogen_stress_year;low_response_year,normal,SYA2023_normal_grid_S0031,irrigation_positive_candidate,2023-04-21,111,6,1,"{""sim_day"": 6.0, ""doy"": 111.0, ""topwt"": 0.0, ""grnwt"": 0.0, ""xlai"": 0.0, ""totir"": 0.0, ""tofer"": NaN, ""swfac"": 0.0, ""nstres"": 0.0}",0.0,0.0,0.0,0.0,0.0,0.0,,0.0,0.0,30.0,180.0,39.93561401367188,51.93561401367188,Leave_One_experiments/all_year_offline_schedule_search/daily_outputs/SYA/SYA_2023_SYA2023_normal_grid_S0031_daily.csv
SYA,SYA,Shenyang,2023,Leave_One_experiments\wth_generated_qc\SYA\SYA2023.WTH,normal_year;nitrogen_stress_year;low_response_year,normal,SYA2023_normal_grid_S0031,irrigation_positive_candidate,2023-04-22,112,7,2,"{""sim_day"": 7.0, ""doy"": 112.0, ""topwt"": 0.0, ""grnwt"": 0.0, ""xlai"": 0.0, ""totir"": 0.0, ""tofer"": NaN, ""swfac"": 0.0, ""nstres"": 0.0}",0.0,0.0,0.0,0.0,0.0,0.0,,0.0,0.0,30.0,180.0,39.93561401367188,51.93561401367188,Leave_One_experiments/all_year_offline_schedule_search/daily_outputs/SYA/SYA_2023_SYA2023_normal_grid_S0031_daily.csv
SYA,SYA,Shenyang,2023,Leave_One_experiments\wth_generated_qc\SYA\SYA2023.WTH,normal_year;nitrogen_stress_year;low_response_year,normal,SYA2023_normal_grid_S0031,irrigation_positive_candidate,2023-04-23,113,8,3,"{""sim_day"": 8.0, ""doy"": 113.0, ""topwt"": 0.0, ""grnwt"": 0.0, ""xlai"": 0.0, ""totir"": 0.0, ""tofer"": NaN, ""swfac"": 0.0, ""nstres"": 0.0}",0.0,0.0,0.0,0.0,0.0,0.0,,0.0,0.0,30.0,180.0,39.93561401367188,51.93561401367188,Leave_One_experiments/all_year_offline_schedule_search/daily_outputs/SYA/SYA_2023_SYA2023_normal_grid_S0031_daily.csv
SYA,SYA,Shenyang,2023,Leave_One_experiments\wth_generated_qc\SYA\SYA2023.WTH,normal_year;nitrogen_stress_year;low_response_year,normal,SYA2023_normal_grid_S0031,irrigation_positive_candidate,2023-04-24,114,9,4,"{""sim_day"": 9.0, ""doy"": 114.0, ""topwt"": 0.0, ""grnwt"": 0.0, ""xlai"": 0.0, ""totir"": 0.0, ""tofer"": NaN, ""swfac"": 0.0, ""nstres"": 0.0}",0.0,0.0,0.0,0.0,0.0,0.0,,0.0,0.0,30.0,180.0,39.93561401367188,51.93561401367188,Leave_One_experiments/all_year_offline_schedule_search/daily_outputs/SYA/SYA_2023_SYA2023_normal_grid_S0031_daily.csv
SYA,SYA,Shenyang,2023,Leave_One_experiments\wth_generated_qc\SYA\SYA2023.WTH,normal_year;nitrogen_stress_year;low_response_year,normal,SYA2023_normal_grid_S0031,irrigation_positive_candidate,2023-04-25,115,10,5,"{""sim_day"": 10.0, ""doy"": 115.0, ""topwt"": 0.0, ""grnwt"": 0.0, ""xlai"": 0.0, ""totir"": 0.0, ""tofer"": NaN, ""swfac"": 0.0, ""nstres"": 0.0}",0.0,0.0,0.0,0.0,0.0,0.0,,0.0,0.0,30.0,180.0,39.93561401367188,51.93561401367188,Leave_One_experiments/all_year_offline_schedule_search/daily_outputs/SYA/SYA_2023_SYA2023_normal_grid_S0031_daily.csv
SYA,SYA,Shenyang,2023,Leave_One_experiments\wth_generated_qc\SYA\SYA2023.WTH,normal_year;nitrogen_stress_year;low_response_year,normal,SYA2023_normal_grid_S0031,irrigation_positive_candidate,2023-04-26,116,11,6,"{""sim_day"": 11.0, ""doy"": 116.0, ""topwt"": 0.0, ""grnwt"": 0.0, ""xlai"": 0.0, ""totir"": 0.0, ""tofer"": NaN, ""swfac"": 0.0, ""nstres"": 0.0}",0.0,0.0,0.0,0.0,0.0,0.0,,0.0,0.0,30.0,180.0,39.93561401367188,51.93561401367188,Leave_One_experiments/all_year_offline_schedule_search/daily_outputs/SYA/SYA_2023_SYA2023_normal_grid_S0031_daily.csv
SYA,SYA,Shenyang,2023,Leave_One_experiments\wth_generated_qc\SYA\SYA2023.WTH,normal_year;nitrogen_stress_year;low_response_year,normal,SYA2023_normal_grid_S0031,irrigation_positive_candidate,2023-04-27,117,12,7,"{""sim_day"": 12.0, ""doy"": 117.0, ""topwt"": 0.0, ""grnwt"": 0.0, ""xlai"": 0.0, ""totir"": 0.0, ""tofer"": NaN, ""swfac"": 0.0, ""nstres"": 0.0}",0.0,0.0,0.0,0.0,0.0,0.0,,0.0,0.0,30.0,180.0,39.93561401367188,51.93561401367188,Leave_One_experiments/all_year_offline_schedule_search/daily_outputs/SYA/SYA_2023_SYA2023_normal_grid_S0031_daily.csv
SYA,SYA,Shenyang,2023,Leave_One_experiments\wth_generated_qc\SYA\SYA2023.WTH,normal_year;nitrogen_stress_year;low_response_year,normal,SYA2023_normal_grid_S0031,irrigation_positive_candidate,2023-04-28,118,13,8,"{""sim_day"": 13.0, ""doy"": 118.0, ""topwt"": 0.0, ""grnwt"": 0.0, ""xlai"": 0.0, ""totir"": 0.0, ""tofer"": NaN, ""swfac"": 0.0, ""nstres"": 0.0}",0.0,0.0,0.0,0.0,0.0,0.0,,0.0,0.0,30.0,180.0,39.93561401367188,51.93561401367188,Leave_One_experiments/all_year_offline_schedule_search/daily_outputs/SYA/SYA_2023_SYA2023_normal_grid_S0031_daily.csv
SYA,SYA,Shenyang,2023,Leave_One_experiments\wth_generated_qc\SYA\SYA2023.WTH,normal_year;nitrogen_stress_year;low_response_year,normal,SYA2023_normal_grid_S0031,irrigation_positive_candidate,2023-04-29,119,14,9,"{""sim_day"": 14.0, ""doy"": 119.0, ""topwt"": 0.0, ""grnwt"": 0.0, ""xlai"": 0.0, ""totir"": 0.0, ""tofer"": NaN, ""swfac"": 0.0, ""nstres"": 0.0}",0.0,0.0,0.0,0.0,0.0,0.0,,0.0,0.0,30.0,180.0,39.93561401367188,51.93561401367188,Leave_One_experiments/all_year_offline_schedule_search/daily_outputs/SYA/SYA_2023_SYA2023_normal_grid_S0031_daily.csv
SYA,SYA,Shenyang,2023,Leave_One_experiments\wth_generated_qc\SYA\SYA2023.WTH,normal_year;nitrogen_stress_year;low_response_year,normal,SYA2023_normal_grid_S0031,irrigation_positive_candidate,2023-04-30,120,15,10,"{""sim_day"": 15.0, ""doy"": 120.0, ""topwt"": 0.0, ""grnwt"": 0.0, ""xlai"": 0.0, ""totir"": 0.0, ""tofer"": NaN, ""swfac"": 0.0, ""nstres"": 0.0}",0.0,0.0,0.0,0.0,0.0,0.0,,0.0,0.0,30.0,180.0,39.93561401367188,51.93561401367188,Leave_One_experiments/all_year_offline_schedule_search/daily_outputs/SYA/SYA_2023_SYA2023_normal_grid_S0031_daily.csv
SYA,SYA,Shenyang,2023,Leave_One_experiments\wth_generated_qc\SYA\SYA2023.WTH,normal_year;nitrogen_stress_year;low_response_year,normal,SYA2023_normal_grid_S0031,irrigation_positive_candidate,2023-05-01,121,16,11,"{""sim_day"": 16.0, ""doy"": 121.0, ""topwt"": 0.0, ""grnwt"": 0.0, ""xlai"": 0.0, ""totir"": 0.0, ""tofer"": NaN, ""swfac"": 0.0, ""nstres"": 0.0}",0.0,0.0,0.0,0.0,0.0,0.0,,0.0,0.0,30.0,180.0,39.93561401367188,51.93561401367188,Leave_One_experiments/all_year_offline_schedule_search/daily_outputs/SYA/SYA_2023_SYA2023_normal_grid_S0031_daily.csv
SYA,SYA,Shenyang,2023,Leave_One_experiments\wth_generated_qc\SYA\SYA2023.WTH,normal_year;nitrogen_stress_year;low_response_year,normal,SYA2023_normal_grid_S0031,irrigation_positive_candidate,2023-05-02,122,17,12,"{""sim_day"": 17.0, ""doy"": 122.0, ""topwt"": 0.0, ""grnwt"": 0.0, ""xlai"": 0.0, ""totir"": 0.0, ""tofer"": NaN, ""swfac"": 0.0, ""nstres"": 0.0}",0.0,0.0,0.0,0.0,0.0,0.0,,0.0,0.0,30.0,180.0,39.93561401367188,51.93561401367188,Leave_One_experiments/all_year_offline_schedule_search/daily_outputs/SYA/SYA_2023_SYA2023_normal_grid_S0031_daily.csv
SYA,SYA,Shenyang,2023,Leave_One_experiments\wth_generated_qc\SYA\SYA2023.WTH,normal_year;nitrogen_stress_year;low_response_year,normal,SYA2023_normal_grid_S0031,irrigation_positive_candidate,2023-05-03,123,18,13,"{""sim_day"": 18.0, ""doy"": 123.0, ""topwt"": 0.0, ""grnwt"": 0.0, ""xlai"": 0.0, ""totir"": 0.0, ""tofer"": NaN, ""swfac"": 0.0, ""nstres"": 0.0}",0.0,0.0,0.0,0.0,0.0,0.0,,0.0,0.0,30.0,180.0,39.93561401367188,51.93561401367188,Leave_One_experiments/all_year_offline_schedule_search/daily_outputs/SYA/SYA_2023_SYA2023_normal_grid_S0031_daily.csv
SYA,SYA,Shenyang,2023,Leave_One_experiments\wth_generated_qc\SYA\SYA2023.WTH,normal_year;nitrogen_stress_year;low_response_year,normal,SYA2023_normal_grid_S0031,irrigation_positive_candidate,2023-05-04,124,19,14,"{""sim_day"": 19.0, ""doy"": 124.0, ""topwt"": 17.600001096725464, ""grnwt"": 0.0, ""xlai"": 0.0013041353086009, ""totir"": 0.0, ""tofer"": NaN, ""swfac"": 0.0, ""nstres"": 0.0121910572052001}",0.0,0.0121910572052001,17.600001096725464,0.0,0.0013041353086009,0.0,,0.0,0.0,30.0,180.0,39.93561401367188,51.93561401367188,Leave_One_experiments/all_year_offline_schedule_search/daily_outputs/SYA/SYA_2023_SYA2023_normal_grid_S0031_daily.csv
SYA,SYA,Shenyang,2023,Leave_One_experiments\wth_generated_qc\SYA\SYA2023.WTH,normal_year;nitrogen_stress_year;low_response_year,normal,SYA2023_normal_grid_S0031,irrigation_positive_candidate,2023-05-05,125,20,15,"{""sim_day"": 20.0, ""doy"": 125.0, ""topwt"": 17.600001096725464, ""grnwt"": 0.0, ""xlai"": 0.0024267469998449, ""totir"": 0.0, ""tofer"": NaN, ""swfac"": 0.0, ""nstres"": 0.0159885883331298}",0.0,0.0159885883331298,17.600001096725464,0.0,0.0024267469998449,0.0,,0.0,0.0,30.0,180.0,39.93561401367188,51.93561401367188,Leave_One_experiments/all_year_offline_schedule_search/daily_outputs/SYA/SYA_2023_SYA2023_normal_grid_S0031_daily.csv
SYA,SYA,Shenyang,2023,Leave_One_experiments\wth_generated_qc\SYA\SYA2023.WTH,normal_year;nitrogen_stress_year;low_response_year,normal,SYA2023_normal_grid_S0031,irrigation_positive_candidate,2023-05-06,126,21,16,"{""sim_day"": 21.0, ""doy"": 126.0, ""topwt"": 17.600001096725464, ""grnwt"": 0.0, ""xlai"": 0.0033136026468127, ""totir"": 0.0, ""tofer"": NaN, ""swfac"": 0.0, ""nstres"": 0.0131745338439941}",0.0,0.0131745338439941,17.600001096725464,0.0,0.0033136026468127,0.0,,0.0,0.0,30.0,180.0,39.93561401367188,51.93561401367188,Leave_One_experiments/all_year_offline_schedule_search/daily_outputs/SYA/SYA_2023_SYA2023_normal_grid_S0031_daily.csv
SYA,SYA,Shenyang,2023,Leave_One_experiments\wth_generated_qc\SYA\SYA2023.WTH,normal_year;nitrogen_stress_year;low_response_year,normal,SYA2023_normal_grid_S0031,irrigation_positive_candidate,2023-05-07,127,22,17,"{""sim_day"": 22.0, ""doy"": 127.0, ""topwt"": 17.600001096725464, ""grnwt"": 0.0, ""xlai"": 0.0048232115805149, ""totir"": 0.0, ""tofer"": NaN, ""swfac"": 0.0, ""nstres"": 0.0088738203048706}",0.0,0.0088738203048706,17.600001096725464,0.0,0.0048232115805149,0.0,,0.0,0.0,30.0,180.0,39.93561401367188,51.93561401367188,Leave_One_experiments/all_year_offline_schedule_search/daily_outputs/SYA/SYA_2023_SYA2023_normal_grid_S0031_daily.csv
SYA,SYA,Shenyang,2023,Leave_One_experiments\wth_generated_qc\SYA\SYA2023.WTH,normal_year;nitrogen_stress_year;low_response_year,normal,SYA2023_normal_grid_S0031,irrigation_positive_candidate,2023-05-08,128,23,18,"{""sim_day"": 23.0, ""doy"": 128.0, ""topwt"": 17.600001096725464, ""grnwt"": 0.0, ""xlai"": 0.0062310798093676, ""totir"": 0.0, ""tofer"": NaN, ""swfac"": 0.0, ""nstres"": 0.0051091909408569}",0.0,0.0051091909408569,17.600001096725464,0.0,0.0062310798093676,0.0,,0.0,0.0,30.0,180.0,39.93561401367188,51.93561401367188,Leave_One_experiments/all_year_offline_schedule_search/daily_outputs/SYA/SYA_2023_SYA2023_normal_grid_S0031_daily.csv
SYA,SYA,Shenyang,2023,Leave_One_experiments\wth_generated_qc\SYA\SYA2023.WTH,normal_year;nitrogen_stress_year;low_response_year,normal,SYA2023_normal_grid_S0031,irrigation_positive_candidate,2023-05-09,129,24,19,"{""sim_day"": 24.0, ""doy"": 129.0, ""topwt"": 17.600001096725464, ""grnwt"": 0.0, ""xlai"": 0.0079193208366632, ""totir"": 0.0, ""tofer"": NaN, ""swfac"": 0.0, ""nstres"": 0.0008943676948547}",0.0,0.0008943676948547,17.600001096725464,0.0,0.0079193208366632,0.0,,0.0,0.0,30.0,180.0,39.93561401367188,51.93561401367188,Leave_One_experiments/all_year_offline_schedule_search/daily_outputs/SYA/SYA_2023_SYA2023_normal_grid_S0031_daily.csv
SYA,SYA,Shenyang,2023,Leave_One_experiments\wth_generated_qc\SYA\SYA2023.WTH,normal_year;nitrogen_stress_year;low_response_year,normal,SYA2023_normal_grid_S0031,irrigation_positive_candidate,2023-05-10,130,25,20,"{""sim_day"": 25.0, ""doy"": 130.0, ""topwt"": 17.600001096725464, ""grnwt"": 0.0, ""xlai"": 0.0095178009942173, ""totir"": 0.0, ""tofer"": NaN, ""swfac"": 0.0, ""nstres"": 0.0}",0.0,0.0,17.600001096725464,0.0,0.0095178009942173,0.0,,0.0,0.0,30.0,180.0,39.93561401367188,51.93561401367188,Leave_One_experiments/all_year_offline_schedule_search/daily_outputs/SYA/SYA_2023_SYA2023_normal_grid_S0031_daily.csv
SYA,SYA,Shenyang,2023,Leave_One_experiments\wth_generated_qc\SYA\SYA2023.WTH,normal_year;nitrogen_stress_year;low_response_year,normal,SYA2023_normal_grid_S0031,irrigation_positive_candidate,2023-05-11,131,26,21,"{""sim_day"": 26.0, ""doy"": 131.0, ""topwt"": 17.600001096725464, ""grnwt"": 0.0, ""xlai"": 0.0119740357622504, ""totir"": 0.0, ""tofer"": NaN, ""swfac"": 0.0, ""nstres"": 0.0}",0.0,0.0,17.600001096725464,0.0,0.0119740357622504,0.0,,0.0,0.0,30.0,180.0,39.93561401367188,51.93561401367188,Leave_One_experiments/all_year_offline_schedule_search/daily_outputs/SYA/SYA_2023_SYA2023_normal_grid_S0031_daily.csv
SYA,SYA,Shenyang,2023,Leave_One_experiments\wth_generated_qc\SYA\SYA2023.WTH,normal_year;nitrogen_stress_year;low_response_year,normal,SYA2023_normal_grid_S0031,irrigation_positive_candidate,2023-05-12,132,27,22,"{""sim_day"": 27.0, ""doy"": 132.0, ""topwt"": 17.600001096725464, ""grnwt"": 0.0, ""xlai"": 0.0158672761172056, ""totir"": 0.0, ""tofer"": NaN, ""swfac"": 0.0, ""nstres"": 0.0}",0.0,0.0,17.600001096725464,0.0,0.0158672761172056,0.0,,0.0,0.0,30.0,180.0,39.93561401367188,51.93561401367188,Leave_One_experiments/all_year_offline_schedule_search/daily_outputs/SYA/SYA_2023_SYA2023_normal_grid_S0031_daily.csv
SYA,SYA,Shenyang,2023,Leave_One_experiments\wth_generated_qc\SYA\SYA2023.WTH,normal_year;nitrogen_stress_year;low_response_year,normal,SYA2023_normal_grid_S0031,irrigation_positive_candidate,2023-05-13,133,28,23,"{""sim_day"": 28.0, ""doy"": 133.0, ""topwt"": 17.600001096725464, ""grnwt"": 0.0, ""xlai"": 0.023339707404375, ""totir"": 0.0, ""tofer"": NaN, ""swfac"": 0.0, ""nstres"": 0.0}",0.0,0.0,17.600001096725464,0.0,0.023339707404375,0.0,,0.0,0.0,30.0,180.0,39.93561401367188,51.93561401367188,Leave_One_experiments/all_year_offline_schedule_search/daily_outputs/SYA/SYA_2023_SYA2023_normal_grid_S0031_daily.csv
SYA,SYA,Shenyang,2023,Leave_One_experiments\wth_generated_qc\SYA\SYA2023.WTH,normal_year;nitrogen_stress_year;low_response_year,normal,SYA2023_normal_grid_S0031,irrigation_positive_candidate,2023-05-14,134,29,24,"{""sim_day"": 29.0, ""doy"": 134.0, ""topwt"": 18.176361322402958, ""grnwt"": 0.0, ""xlai"": 0.0317297279834747, ""totir"": 0.0, ""tofer"": NaN, ""swfac"": 0.0, ""nstres"": 0.0}",0.0,0.0,18.176361322402958,0.0,0.0317297279834747,0.0,,0.0,0.0,30.0,180.0,39.93561401367188,51.93561401367188,Leave_One_experiments/all_year_offline_schedule_search/daily_outputs/SYA/SYA_2023_SYA2023_normal_grid_S0031_daily.csv
SYA,SYA,Shenyang,2023,Leave_One_experiments\wth_generated_qc\SYA\SYA2023.WTH,normal_year;nitrogen_stress_year;low_response_year,normal,SYA2023_normal_grid_S0031,irrigation_positive_candidate,2023-05-15,135,30,25,"{""sim_day"": 30.0, ""doy"": 135.0, ""topwt"": 23.184163570404053, ""grnwt"": 0.0, ""xlai"": 0.0446166470646858, ""totir"": 0.0, ""tofer"": NaN, ""swfac"": 0.0, ""nstres"": 0.0}",0.0,0.0,23.184163570404053,0.0,0.0446166470646858,0.0,,0.0,0.0,30.0,180.0,39.93561401367188,51.93561401367188,Leave_One_experiments/all_year_offline_schedule_search/daily_outputs/SYA/SYA_2023_SYA2023_normal_grid_S0031_daily.csv
SYA,SYA,Shenyang,2023,Leave_One_experiments\wth_generated_qc\SYA\SYA2023.WTH,normal_year;nitrogen_stress_year;low_response_year,normal,SYA2023_normal_grid_S0031,irrigation_positive_candidate,2023-05-16,136,31,26,"{""sim_day"": 31.0, ""doy"": 136.0, ""topwt"": 26.356801986694336, ""grnwt"": 0.0, ""xlai"": 0.0522856414318084, ""totir"": 0.0, ""tofer"": NaN, ""swfac"": 0.0, ""nstres"": 0.0}",0.0,0.0,26.356801986694336,0.0,0.0522856414318084,0.0,,0.0,0.0,30.0,180.0,39.93561401367188,51.93561401367188,Leave_One_experiments/all_year_offline_schedule_search/daily_outputs/SYA/SYA_2023_SYA2023_normal_grid_S0031_daily.csv
SYA,SYA,Shenyang,2023,Leave_One_experiments\wth_generated_qc\SYA\SYA2023.WTH,normal_year;nitrogen_stress_year;low_response_year,normal,SYA2023_normal_grid_S0031,irrigation_positive_candidate,2023-05-17,137,32,27,"{""sim_day"": 32.0, ""doy"": 137.0, ""topwt"": 30.12009620666504, ""grnwt"": 0.0, ""xlai"": 0.0610194988548755, ""totir"": 0.0, ""tofer"": NaN, ""swfac"": 0.0, ""nstres"": 0.0}",0.0,0.0,30.12009620666504,0.0,0.0610194988548755,0.0,,0.0,0.0,30.0,180.0,39.93561401367188,51.93561401367188,Leave_One_experiments/all_year_offline_schedule_search/daily_outputs/SYA/SYA_2023_SYA2023_normal_grid_S0031_daily.csv
SYA,SYA,Shenyang,2023,Leave_One_experiments\wth_generated_qc\SYA\SYA2023.WTH,normal_year;nitrogen_stress_year;low_response_year,normal,SYA2023_normal_grid_S0031,irrigation_positive_candidate,2023-05-18,138,33,28,"{""sim_day"": 33.0, ""doy"": 138.0, ""topwt"": 35.147058963775635, ""grnwt"": 0.0, ""xlai"": 0.0722035020589828, ""totir"": 0.0, ""tofer"": NaN, ""swfac"": 0.0, ""nstres"": 0.0}",0.0,0.0,35.147058963775635,0.0,0.0722035020589828,0.0,,0.0,0.0,30.0,180.0,39.93561401367188,51.93561401367188,Leave_One_experiments/all_year_offline_schedule_search/daily_outputs/SYA/SYA_2023_SYA2023_normal_grid_S0031_daily.csv
SYA,SYA,Shenyang,2023,Leave_One_experiments\wth_generated_qc\SYA\SYA2023.WTH,normal_year;nitrogen_stress_year;low_response_year,normal,SYA2023_normal_grid_S0031,irrigation_positive_candidate,2023-05-19,139,34,29,"{""sim_day"": 34.0, ""doy"": 139.0, ""topwt"": 39.55211877822876, ""grnwt"": 0.0, ""xlai"": 0.0816391855478286, ""totir"": 0.0, ""tofer"": NaN, ""swfac"": 0.0, ""nstres"": 0.0}",0.0,0.0,39.55211877822876,0.0,0.0816391855478286,0.0,,0.0,0.0,30.0,180.0,39.93561401367188,51.93561401367188,Leave_One_experiments/all_year_offline_schedule_search/daily_outputs/SYA/SYA_2023_SYA2023_normal_grid_S0031_daily.csv
SYA,SYA,Shenyang,2023,Leave_One_experiments\wth_generated_qc\SYA\SYA2023.WTH,normal_year;nitrogen_stress_year;low_response_year,normal,SYA2023_normal_grid_S0031,irrigation_positive_candidate,2023-05-20,140,35,30,"{""sim_day"": 35.0, ""doy"": 140.0, ""topwt"": 44.52225208282471, ""grnwt"": 0.0, ""xlai"": 0.0919518396258354, ""totir"": 0.0, ""tofer"": NaN, ""swfac"": 0.0, ""nstres"": 0.0}",0.0,0.0,44.52225208282471,0.0,0.0919518396258354,0.0,,0.0,50.0,30.0,180.0,39.93561401367188,51.93561401367188,Leave_One_experiments/all_year_offline_schedule_search/daily_outputs/SYA/SYA_2023_SYA2023_normal_grid_S0031_daily.csv
SYA,SYA,Shenyang,2023,Leave_One_experiments\wth_generated_qc\SYA\SYA2023.WTH,normal_year;nitrogen_stress_year;low_response_year,normal,SYA2023_normal_grid_S0031,irrigation_positive_candidate,2023-05-21,141,36,31,"{""sim_day"": 36.0, ""doy"": 141.0, ""topwt"": 50.68536281585693, ""grnwt"": 0.0, ""xlai"": 0.1043324768543243, ""totir"": 0.0, ""tofer"": NaN, ""swfac"": 0.0, ""nstres"": 0.0}",0.0,0.0,50.68536281585693,0.0,0.1043324768543243,0.0,,0.0,0.0,30.0,180.0,39.93561401367188,51.93561401367188,Leave_One_experiments/all_year_offline_schedule_search/daily_outputs/SYA/SYA_2023_SYA2023_normal_grid_S0031_daily.csv
SYA,SYA,Shenyang,2023,Leave_One_experiments\wth_generated_qc\SYA\SYA2023.WTH,normal_year;nitrogen_stress_year;low_response_year,normal,SYA2023_normal_grid_S0031,irrigation_positive_candidate,2023-05-22,142,37,32,"{""sim_day"": 37.0, ""doy"": 142.0, ""topwt"": 58.99186134338379, ""grnwt"": 0.0, ""xlai"": 0.1204329282045364, ""totir"": 0.0, ""tofer"": NaN, ""swfac"": 0.0, ""nstres"": 0.0}",0.0,0.0,58.99186134338379,0.0,0.1204329282045364,0.0,,0.0,0.0,30.0,180.0,39.93561401367188,51.93561401367188,Leave_One_experiments/all_year_offline_schedule_search/daily_outputs/SYA/SYA_2023_SYA2023_normal_grid_S0031_daily.csv
SYA,SYA,Shenyang,2023,Leave_One_experiments\wth_generated_qc\SYA\SYA2023.WTH,normal_year;nitrogen_stress_year;low_response_year,normal,SYA2023_normal_grid_S0031,irrigation_positive_candidate,2023-05-23,143,38,33,"{""sim_day"": 38.0, ""doy"": 143.0, ""topwt"": 69.37005996704102, ""grnwt"": 0.0, ""xlai"": 0.1397831439971923, ""totir"": 0.0, ""tofer"": NaN, ""swfac"": 0.0, ""nstres"": 0.0}",0.0,0.0,69.37005996704102,0.0,0.1397831439971923,0.0,,0.0,0.0,30.0,180.0,39.93561401367188,51.93561401367188,Leave_One_experiments/all_year_offline_schedule_search/daily_outputs/SYA/SYA_2023_SYA2023_normal_grid_S0031_daily.csv
SYA,SYA,Shenyang,2023,Leave_One_experiments\wth_generated_qc\SYA\SYA2023.WTH,normal_year;nitrogen_stress_year;low_response_year,normal,SYA2023_normal_grid_S0031,irrigation_positive_candidate,2023-05-24,144,39,34,"{""sim_day"": 39.0, ""doy"": 144.0, ""topwt"": 78.81154537200928, ""grnwt"": 0.0, ""xlai"": 0.1567822694778442, ""totir"": 0.0, ""tofer"": NaN, ""swfac"": 0.0, ""nstres"": 0.0}",0.0,0.0,78.81154537200928,0.0,0.1567822694778442,0.0,,0.0,0.0,30.0,180.0,39.93561401367188,51.93561401367188,Leave_One_experiments/all_year_offline_schedule_search/daily_outputs/SYA/SYA_2023_SYA2023_normal_grid_S0031_daily.csv
SYA,SYA,Shenyang,2023,Leave_One_experiments\wth_generated_qc\SYA\SYA2023.WTH,normal_year;nitrogen_stress_year;low_response_year,normal,SYA2023_normal_grid_S0031,irrigation_positive_candidate,2023-05-25,145,40,35,"{""sim_day"": 40.0, ""doy"": 145.0, ""topwt"": 87.24311828613281, ""grnwt"": 0.0, ""xlai"": 0.1832478046417236, ""totir"": 0.0, ""tofer"": NaN, ""swfac"": 0.0, ""nstres"": 0.0}",0.0,0.0,87.24311828613281,0.0,0.1832478046417236,0.0,,0.0,0.0,30.0,180.0,39.93561401367188,51.93561401367188,Leave_One_experiments/all_year_offline_schedule_search/daily_outputs/SYA/SYA_2023_SYA2023_normal_grid_S0031_daily.csv
SYA,SYA,Shenyang,2023,Leave_One_experiments\wth_generated_qc\SYA\SYA2023.WTH,normal_year;nitrogen_stress_year;low_response_year,normal,SYA2023_normal_grid_S0031,irrigation_positive_candidate,2023-05-26,146,41,36,"{""sim_day"": 41.0, ""doy"": 146.0, ""topwt"": 99.5206356048584, ""grnwt"": 0.0, ""xlai"": 0.2056202143430709, ""totir"": 0.0, ""tofer"": NaN, ""swfac"": 0.0, ""nstres"": 0.0052659511566162}",0.0,0.0052659511566162,99.5206356048584,0.0,0.2056202143430709,0.0,,0.0,0.0,30.0,180.0,39.93561401367188,51.93561401367188,Leave_One_experiments/all_year_offline_schedule_search/daily_outputs/SYA/SYA_2023_SYA2023_normal_grid_S0031_daily.csv
SYA,SYA,Shenyang,2023,Leave_One_experiments\wth_generated_qc\SYA\SYA2023.WTH,normal_year;nitrogen_stress_year;low_response_year,normal,SYA2023_normal_grid_S0031,irrigation_positive_candidate,2023-05-27,147,42,37,"{""sim_day"": 42.0, ""doy"": 147.0, ""topwt"": 115.3347396850586, ""grnwt"": 0.0, ""xlai"": 0.2335192859172821, ""totir"": 0.0, ""tofer"": NaN, ""swfac"": 0.0, ""nstres"": 0.0}",0.0,0.0,115.3347396850586,0.0,0.2335192859172821,0.0,,0.0,0.0,30.0,180.0,39.93561401367188,51.93561401367188,Leave_One_experiments/all_year_offline_schedule_search/daily_outputs/SYA/SYA_2023_SYA2023_normal_grid_S0031_daily.csv
SYA,SYA,Shenyang,2023,Leave_One_experiments\wth_generated_qc\SYA\SYA2023.WTH,normal_year;nitrogen_stress_year;low_response_year,normal,SYA2023_normal_grid_S0031,irrigation_positive_candidate,2023-05-28,148,43,38,"{""sim_day"": 43.0, ""doy"": 148.0, ""topwt"": 135.39714813232422, ""grnwt"": 0.0, ""xlai"": 0.2676810920238495, ""totir"": 0.0, ""tofer"": NaN, ""swfac"": 0.0, ""nstres"": 0.0}",0.0,0.0,135.39714813232422,0.0,0.2676810920238495,0.0,,0.0,0.0,30.0,180.0,39.93561401367188,51.93561401367188,Leave_One_experiments/all_year_offline_schedule_search/daily_outputs/SYA/SYA_2023_SYA2023_normal_grid_S0031_daily.csv
SYA,SYA,Shenyang,2023,Leave_One_experiments\wth_generated_qc\SYA\SYA2023.WTH,normal_year;nitrogen_stress_year;low_response_year,normal,SYA2023_normal_grid_S0031,irrigation_positive_candidate,2023-05-29,149,44,39,"{""sim_day"": 44.0, ""doy"": 149.0, ""topwt"": 154.29364204406738, ""grnwt"": 0.0, ""xlai"": 0.2988095283508301, ""totir"": 0.0, ""tofer"": NaN, ""swfac"": 0.0, ""nstres"": 0.0}",0.0,0.0,154.29364204406738,0.0,0.2988095283508301,0.0,,0.0,0.0,30.0,180.0,39.93561401367188,51.93561401367188,Leave_One_experiments/all_year_offline_schedule_search/daily_outputs/SYA/SYA_2023_SYA2023_normal_grid_S0031_daily.csv
SYA,SYA,Shenyang,2023,Leave_One_experiments\wth_generated_qc\SYA\SYA2023.WTH,normal_year;nitrogen_stress_year;low_response_year,normal,SYA2023_normal_grid_S0031,irrigation_positive_candidate,2023-05-30,150,45,40,"{""sim_day"": 45.0, ""doy"": 150.0, ""topwt"": 175.7828140258789, ""grnwt"": 0.0, ""xlai"": 0.3331764638423919, ""totir"": 0.0, ""tofer"": NaN, ""swfac"": 0.0, ""nstres"": 0.0}",0.0,0.0,175.7828140258789,0.0,0.3331764638423919,0.0,,0.0,0.0,30.0,180.0,39.93561401367188,51.93561401367188,Leave_One_experiments/all_year_offline_schedule_search/daily_outputs/SYA/SYA_2023_SYA2023_normal_grid_S0031_daily.csv
SYA,SYA,Shenyang,2023,Leave_One_experiments\wth_generated_qc\SYA\SYA2023.WTH,normal_year;nitrogen_stress_year;low_response_year,normal,SYA2023_normal_grid_S0031,irrigation_positive_candidate,2023-05-31,151,46,41,"{""sim_day"": 46.0, ""doy"": 151.0, ""topwt"": 201.45183563232425, ""grnwt"": 0.0, ""xlai"": 0.3730100691318512, ""totir"": 0.0, ""tofer"": NaN, ""swfac"": 0.0, ""nstres"": 0.0}",0.0,0.0,201.45183563232425,0.0,0.3730100691318512,0.0,,0.0,0.0,30.0,180.0,39.93561401367188,51.93561401367188,Leave_One_experiments/all_year_offline_schedule_search/daily_outputs/SYA/SYA_2023_SYA2023_normal_grid_S0031_daily.csv
SYA,SYA,Shenyang,2023,Leave_One_experiments\wth_generated_qc\SYA\SYA2023.WTH,normal_year;nitrogen_stress_year;low_response_year,normal,SYA2023_normal_grid_S0031,irrigation_positive_candidate,2023-06-01,152,47,42,"{""sim_day"": 47.0, ""doy"": 152.0, ""topwt"": 226.9375991821289, ""grnwt"": 0.0, ""xlai"": 0.4114397466182709, ""totir"": 0.0, ""tofer"": NaN, ""swfac"": 0.0, ""nstres"": 0.0}",0.0,0.0,226.9375991821289,0.0,0.4114397466182709,0.0,,0.0,0.0,30.0,180.0,39.93561401367188,51.93561401367188,Leave_One_experiments/all_year_offline_schedule_search/daily_outputs/SYA/SYA_2023_SYA2023_normal_grid_S0031_daily.csv
SYA,SYA,Shenyang,2023,Leave_One_experiments\wth_generated_qc\SYA\SYA2023.WTH,normal_year;nitrogen_stress_year;low_response_year,normal,SYA2023_normal_grid_S0031,irrigation_positive_candidate,2023-06-02,153,48,43,"{""sim_day"": 48.0, ""doy"": 153.0, ""topwt"": 257.9656982421875, ""grnwt"": 0.0, ""xlai"": 0.4569451510906219, ""totir"": 0.0, ""tofer"": NaN, ""swfac"": 0.0, ""nstres"": 0.0}",0.0,0.0,257.9656982421875,0.0,0.4569451510906219,0.0,,0.0,0.0,30.0,180.0,39.93561401367188,51.93561401367188,Leave_One_experiments/all_year_offline_schedule_search/daily_outputs/SYA/SYA_2023_SYA2023_normal_grid_S0031_daily.csv
SYA,SYA,Shenyang,2023,Leave_One_experiments\wth_generated_qc\SYA\SYA2023.WTH,normal_year;nitrogen_stress_year;low_response_year,normal,SYA2023_normal_grid_S0031,irrigation_positive_candidate,2023-06-03,154,49,44,"{""sim_day"": 49.0, ""doy"": 154.0, ""topwt"": 296.2387466430664, ""grnwt"": 0.0, ""xlai"": 0.5114232897758484, ""totir"": 0.0, ""tofer"": NaN, ""swfac"": 0.0, ""nstres"": 0.0}",0.0,0.0,296.2387466430664,0.0,0.5114232897758484,0.0,,0.0,0.0,30.0,180.0,39.93561401367188,51.93561401367188,Leave_One_experiments/all_year_offline_schedule_search/daily_outputs/SYA/SYA_2023_SYA2023_normal_grid_S0031_daily.csv
SYA,SYA,Shenyang,2023,Leave_One_experiments\wth_generated_qc\SYA\SYA2023.WTH,normal_year;nitrogen_stress_year;low_response_year,normal,SYA2023_normal_grid_S0031,irrigation_positive_candidate,2023-06-04,155,50,45,"{""sim_day"": 50.0, ""doy"": 155.0, ""topwt"": 336.16458892822266, ""grnwt"": 0.0, ""xlai"": 0.564139723777771, ""totir"": 0.0, ""tofer"": NaN, ""swfac"": 0.0, ""nstres"": 0.0}",0.0,0.0,336.16458892822266,0.0,0.564139723777771,0.0,,0.0,0.0,30.0,180.0,39.93561401367188,51.93561401367188,Leave_One_experiments/all_year_offline_schedule_search/daily_outputs/SYA/SYA_2023_SYA2023_normal_grid_S0031_daily.csv
SYA,SYA,Shenyang,2023,Leave_One_experiments\wth_generated_qc\SYA\SYA2023.WTH,normal_year;nitrogen_stress_year;low_response_year,normal,SYA2023_normal_grid_S0031,irrigation_positive_candidate,2023-06-05,156,51,46,"{""sim_day"": 51.0, ""doy"": 156.0, ""topwt"": 374.645881652832, ""grnwt"": 0.0, ""xlai"": 0.6181601881980896, ""totir"": 0.0, ""tofer"": NaN, ""swfac"": 0.0, ""nstres"": 0.0}",0.0,0.0,374.645881652832,0.0,0.6181601881980896,0.0,,0.0,0.0,30.0,180.0,39.93561401367188,51.93561401367188,Leave_One_experiments/all_year_offline_schedule_search/daily_outputs/SYA/SYA_2023_SYA2023_normal_grid_S0031_daily.csv
SYA,SYA,Shenyang,2023,Leave_One_experiments\wth_generated_qc\SYA\SYA2023.WTH,normal_year;nitrogen_stress_year;low_response_year,normal,SYA2023_normal_grid_S0031,irrigation_positive_candidate,2023-06-06,157,52,47,"{""sim_day"": 52.0, ""doy"": 157.0, ""topwt"": 417.9499816894531, ""grnwt"": 0.0, ""xlai"": 0.6771026253700256, ""totir"": 0.0, ""tofer"": NaN, ""swfac"": 0.0, ""nstres"": 0.0}",0.0,0.0,417.9499816894531,0.0,0.6771026253700256,0.0,,0.0,0.0,30.0,180.0,39.93561401367188,51.93561401367188,Leave_One_experiments/all_year_offline_schedule_search/daily_outputs/SYA/SYA_2023_SYA2023_normal_grid_S0031_daily.csv
SYA,SYA,Shenyang,2023,Leave_One_experiments\wth_generated_qc\SYA\SYA2023.WTH,normal_year;nitrogen_stress_year;low_response_year,normal,SYA2023_normal_grid_S0031,irrigation_positive_candidate,2023-06-07,158,53,48,"{""sim_day"": 53.0, ""doy"": 158.0, ""topwt"": 459.46178436279297, ""grnwt"": 0.0, ""xlai"": 0.7318814992904663, ""totir"": 0.0, ""tofer"": NaN, ""swfac"": 0.0, ""nstres"": 0.0}",0.0,0.0,459.46178436279297,0.0,0.7318814992904663,0.0,,0.0,0.0,30.0,180.0,39.93561401367188,51.93561401367188,Leave_One_experiments/all_year_offline_schedule_search/daily_outputs/SYA/SYA_2023_SYA2023_normal_grid_S0031_daily.csv
SYA,SYA,Shenyang,2023,Leave_One_experiments\wth_generated_qc\SYA\SYA2023.WTH,normal_year;nitrogen_stress_year;low_response_year,normal,SYA2023_normal_grid_S0031,irrigation_positive_candidate,2023-06-08,159,54,49,"{""sim_day"": 54.0, ""doy"": 159.0, ""topwt"": 502.2886276245117, ""grnwt"": 0.0, ""xlai"": 0.7866895198822021, ""totir"": 0.0, ""tofer"": NaN, ""swfac"": 0.0, ""nstres"": 0.0}",0.0,0.0,502.2886276245117,0.0,0.7866895198822021,0.0,,0.0,0.0,30.0,180.0,39.93561401367188,51.93561401367188,Leave_One_experiments/all_year_offline_schedule_search/daily_outputs/SYA/SYA_2023_SYA2023_normal_grid_S0031_daily.csv
SYA,SYA,Shenyang,2023,Leave_One_experiments\wth_generated_qc\SYA\SYA2023.WTH,normal_year;nitrogen_stress_year;low_response_year,normal,SYA2023_normal_grid_S0031,irrigation_positive_candidate,2023-06-09,160,55,50,"{""sim_day"": 55.0, ""doy"": 160.0, ""topwt"": 544.3873977661133, ""grnwt"": 0.0, ""xlai"": 0.8389760255813599, ""totir"": 0.0, ""tofer"": NaN, ""swfac"": 0.0, ""nstres"": 0.0}",0.0,0.0,544.3873977661133,0.0,0.8389760255813599,0.0,,0.0,0.0,30.0,180.0,39.93561401367188,51.93561401367188,Leave_One_experiments/all_year_offline_schedule_search/daily_outputs/SYA/SYA_2023_SYA2023_normal_grid_S0031_daily.csv
SYA,SYA,Shenyang,2023,Leave_One_experiments\wth_generated_qc\SYA\SYA2023.WTH,normal_year;nitrogen_stress_year;low_response_year,normal,SYA2023_normal_grid_S0031,irrigation_positive_candidate,2023-06-10,161,56,51,"{""sim_day"": 56.0, ""doy"": 161.0, ""topwt"": 594.7615432739258, ""grnwt"": 0.0, ""xlai"": 0.8996224403381348, ""totir"": 0.0, ""tofer"": NaN, ""swfac"": 0.0, ""nstres"": 0.0}",0.0,0.0,594.7615432739258,0.0,0.8996224403381348,0.0,,0.0,0.0,30.0,180.0,39.93561401367188,51.93561401367188,Leave_One_experiments/all_year_offline_schedule_search/daily_outputs/SYA/SYA_2023_SYA2023_normal_grid_S0031_daily.csv
SYA,SYA,Shenyang,2023,Leave_One_experiments\wth_generated_qc\SYA\SYA2023.WTH,normal_year;nitrogen_stress_year;low_response_year,normal,SYA2023_normal_grid_S0031,irrigation_positive_candidate,2023-06-11,162,57,52,"{""sim_day"": 57.0, ""doy"": 162.0, ""topwt"": 642.9862213134766, ""grnwt"": 0.0, ""xlai"": 0.95590341091156, ""totir"": 0.0, ""tofer"": NaN, ""swfac"": 0.0, ""nstres"": 0.0}",0.0,0.0,642.9862213134766,0.0,0.95590341091156,0.0,,0.0,0.0,30.0,180.0,39.93561401367188,51.93561401367188,Leave_One_experiments/all_year_offline_schedule_search/daily_outputs/SYA/SYA_2023_SYA2023_normal_grid_S0031_daily.csv
SYA,SYA,Shenyang,2023,Leave_One_experiments\wth_generated_qc\SYA\SYA2023.WTH,normal_year;nitrogen_stress_year;low_response_year,normal,SYA2023_normal_grid_S0031,irrigation_positive_candidate,2023-06-12,163,58,53,"{""sim_day"": 58.0, ""doy"": 163.0, ""topwt"": 697.6599884033203, ""grnwt"": 0.0, ""xlai"": 1.0176256895065308, ""totir"": 0.0, ""tofer"": NaN, ""swfac"": 0.0, ""nstres"": 0.0}",0.0,0.0,697.6599884033203,0.0,1.0176256895065308,0.0,,0.0,0.0,30.0,180.0,39.93561401367188,51.93561401367188,Leave_One_experiments/all_year_offline_schedule_search/daily_outputs/SYA/SYA_2023_SYA2023_normal_grid_S0031_daily.csv
SYA,SYA,Shenyang,2023,Leave_One_experiments\wth_generated_qc\SYA\SYA2023.WTH,normal_year;nitrogen_stress_year;low_response_year,normal,SYA2023_normal_grid_S0031,irrigation_positive_candidate,2023-06-13,164,59,54,"{""sim_day"": 59.0, ""doy"": 164.0, ""topwt"": 765.0258636474609, ""grnwt"": 0.0, ""xlai"": 1.090723752975464, ""totir"": 0.0, ""tofer"": NaN, ""swfac"": 0.0, ""nstres"": 0.0}",0.0,0.0,765.0258636474609,0.0,1.090723752975464,0.0,,0.0,0.0,30.0,180.0,39.93561401367188,51.93561401367188,Leave_One_experiments/all_year_offline_schedule_search/daily_outputs/SYA/SYA_2023_SYA2023_normal_grid_S0031_daily.csv
SYA,SYA,Shenyang,2023,Leave_One_experiments\wth_generated_qc\SYA\SYA2023.WTH,normal_year;nitrogen_stress_year;low_response_year,normal,SYA2023_normal_grid_S0031,irrigation_positive_candidate,2023-06-14,165,60,55,"{""sim_day"": 60.0, ""doy"": 165.0, ""topwt"": 846.8910980224609, ""grnwt"": 0.0, ""xlai"": 1.1754498481750488, ""totir"": 0.0, ""tofer"": NaN, ""swfac"": 0.0, ""nstres"": 0.0}",0.0,0.0,846.8910980224609,0.0,1.1754498481750488,0.0,,0.0,0.0,30.0,180.0,39.93561401367188,51.93561401367188,Leave_One_experiments/all_year_offline_schedule_search/daily_outputs/SYA/SYA_2023_SYA2023_normal_grid_S0031_daily.csv
SYA,SYA,Shenyang,2023,Leave_One_experiments\wth_generated_qc\SYA\SYA2023.WTH,normal_year;nitrogen_stress_year;low_response_year,normal,SYA2023_normal_grid_S0031,irrigation_positive_candidate,2023-06-15,166,61,56,"{""sim_day"": 61.0, ""doy"": 166.0, ""topwt"": 948.0555725097656, ""grnwt"": 0.0, ""xlai"": 1.274375319480896, ""totir"": 0.0, ""tofer"": NaN, ""swfac"": 0.0, ""nstres"": 0.0}",0.0,0.0,948.0555725097656,0.0,1.274375319480896,0.0,,0.0,0.0,30.0,180.0,39.93561401367188,51.93561401367188,Leave_One_experiments/all_year_offline_schedule_search/daily_outputs/SYA/SYA_2023_SYA2023_normal_grid_S0031_daily.csv
SYA,SYA,Shenyang,2023,Leave_One_experiments\wth_generated_qc\SYA\SYA2023.WTH,normal_year;nitrogen_stress_year;low_response_year,normal,SYA2023_normal_grid_S0031,irrigation_positive_candidate,2023-06-16,167,62,57,"{""sim_day"": 62.0, ""doy"": 167.0, ""topwt"": 1058.14697265625, ""grnwt"": 0.0, ""xlai"": 1.3756767511367798, ""totir"": 0.0, ""tofer"": NaN, ""swfac"": 0.0, ""nstres"": 0.0}",0.0,0.0,1058.14697265625,0.0,1.3756767511367798,0.0,,0.0,0.0,30.0,180.0,39.93561401367188,51.93561401367188,Leave_One_experiments/all_year_offline_schedule_search/daily_outputs/SYA/SYA_2023_SYA2023_normal_grid_S0031_daily.csv
SYA,SYA,Shenyang,2023,Leave_One_experiments\wth_generated_qc\SYA\SYA2023.WTH,normal_year;nitrogen_stress_year;low_response_year,normal,SYA2023_normal_grid_S0031,irrigation_positive_candidate,2023-06-17,168,63,58,"{""sim_day"": 63.0, ""doy"": 168.0, ""topwt"": 1166.9219970703125, ""grnwt"": 0.0, ""xlai"": 1.470070481300354, ""totir"": 0.0, ""tofer"": NaN, ""swfac"": 0.0, ""nstres"": 0.0}",0.0,0.0,1166.9219970703125,0.0,1.470070481300354,0.0,,0.0,0.0,30.0,180.0,39.93561401367188,51.93561401367188,Leave_One_experiments/all_year_offline_schedule_search/daily_outputs/SYA/SYA_2023_SYA2023_normal_grid_S0031_daily.csv
SYA,SYA,Shenyang,2023,Leave_One_experiments\wth_generated_qc\SYA\SYA2023.WTH,normal_year;nitrogen_stress_year;low_response_year,normal,SYA2023_normal_grid_S0031,irrigation_positive_candidate,2023-06-18,169,64,59,"{""sim_day"": 64.0, ""doy"": 169.0, ""topwt"": 1284.3141174316406, ""grnwt"": 0.0, ""xlai"": 1.566048502922058, ""totir"": 0.0, ""tofer"": NaN, ""swfac"": 0.0, ""nstres"": 0.0}",0.0,0.0,1284.3141174316406,0.0,1.566048502922058,0.0,,0.0,0.0,30.0,180.0,39.93561401367188,51.93561401367188,Leave_One_experiments/all_year_offline_schedule_search/daily_outputs/SYA/SYA_2023_SYA2023_normal_grid_S0031_daily.csv
SYA,SYA,Shenyang,2023,Leave_One_experiments\wth_generated_qc\SYA\SYA2023.WTH,normal_year;nitrogen_stress_year;low_response_year,normal,SYA2023_normal_grid_S0031,irrigation_positive_candidate,2023-06-19,170,65,60,"{""sim_day"": 65.0, ""doy"": 170.0, ""topwt"": 1380.3744506835938, ""grnwt"": 0.0, ""xlai"": 1.6408361196517944, ""totir"": 0.0, ""tofer"": NaN, ""swfac"": 0.0, ""nstres"": 0.0}",0.0,0.0,1380.3744506835938,0.0,1.6408361196517944,0.0,,0.0,50.0,30.0,180.0,39.93561401367188,51.93561401367188,Leave_One_experiments/all_year_offline_schedule_search/daily_outputs/SYA/SYA_2023_SYA2023_normal_grid_S0031_daily.csv
SYA,SYA,Shenyang,2023,Leave_One_experiments\wth_generated_qc\SYA\SYA2023.WTH,normal_year;nitrogen_stress_year;low_response_year,normal,SYA2023_normal_grid_S0031,irrigation_positive_candidate,2023-06-20,171,66,61,"{""sim_day"": 66.0, ""doy"": 171.0, ""topwt"": 1480.009765625, ""grnwt"": 0.0, ""xlai"": 1.7148544788360596, ""totir"": 0.0, ""tofer"": NaN, ""swfac"": 0.0, ""nstres"": 0.0}",0.0,0.0,1480.009765625,0.0,1.7148544788360596,0.0,,0.0,0.0,30.0,180.0,39.93561401367188,51.93561401367188,Leave_One_experiments/all_year_offline_schedule_search/daily_outputs/SYA/SYA_2023_SYA2023_normal_grid_S0031_daily.csv
SYA,SYA,Shenyang,2023,Leave_One_experiments\wth_generated_qc\SYA\SYA2023.WTH,normal_year;nitrogen_stress_year;low_response_year,normal,SYA2023_normal_grid_S0031,irrigation_positive_candidate,2023-06-21,172,67,62,"{""sim_day"": 67.0, ""doy"": 172.0, ""topwt"": 1595.926513671875, ""grnwt"": 0.0, ""xlai"": 1.796660542488098, ""totir"": 0.0, ""tofer"": NaN, ""swfac"": 0.0, ""nstres"": 0.0}",0.0,0.0,1595.926513671875,0.0,1.796660542488098,0.0,,0.0,0.0,30.0,180.0,39.93561401367188,51.93561401367188,Leave_One_experiments/all_year_offline_schedule_search/daily_outputs/SYA/SYA_2023_SYA2023_normal_grid_S0031_daily.csv
SYA,SYA,Shenyang,2023,Leave_One_experiments\wth_generated_qc\SYA\SYA2023.WTH,normal_year;nitrogen_stress_year;low_response_year,normal,SYA2023_normal_grid_S0031,irrigation_positive_candidate,2023-06-22,173,68,63,"{""sim_day"": 68.0, ""doy"": 173.0, ""topwt"": 1735.9814453125, ""grnwt"": 0.0, ""xlai"": 1.8898791074752808, ""totir"": 0.0, ""tofer"": NaN, ""swfac"": 0.0, ""nstres"": 0.0}",0.0,0.0,1735.9814453125,0.0,1.8898791074752808,0.0,,0.0,0.0,30.0,180.0,39.93561401367188,51.93561401367188,Leave_One_experiments/all_year_offline_schedule_search/daily_outputs/SYA/SYA_2023_SYA2023_normal_grid_S0031_daily.csv
SYA,SYA,Shenyang,2023,Leave_One_experiments\wth_generated_qc\SYA\SYA2023.WTH,normal_year;nitrogen_stress_year;low_response_year,normal,SYA2023_normal_grid_S0031,irrigation_positive_candidate,2023-06-23,174,69,64,"{""sim_day"": 69.0, ""doy"": 174.0, ""topwt"": 1899.9557495117188, ""grnwt"": 0.0, ""xlai"": 1.9921772480010984, ""totir"": 0.0, ""tofer"": NaN, ""swfac"": 0.0, ""nstres"": 0.0}",0.0,0.0,1899.9557495117188,0.0,1.9921772480010984,0.0,,0.0,0.0,30.0,180.0,39.93561401367188,51.93561401367188,Leave_One_experiments/all_year_offline_schedule_search/daily_outputs/SYA/SYA_2023_SYA2023_normal_grid_S0031_daily.csv
SYA,SYA,Shenyang,2023,Leave_One_experiments\wth_generated_qc\SYA\SYA2023.WTH,normal_year;nitrogen_stress_year;low_response_year,normal,SYA2023_normal_grid_S0031,irrigation_positive_candidate,2023-06-24,175,70,65,"{""sim_day"": 70.0, ""doy"": 175.0, ""topwt"": 2063.367156982422, ""grnwt"": 0.0, ""xlai"": 2.088018655776977, ""totir"": 30.0, ""tofer"": NaN, ""swfac"": 0.0, ""nstres"": 0.0}",0.0,0.0,2063.367156982422,0.0,2.088018655776977,30.0,,30.0,0.0,30.0,180.0,39.93561401367188,51.93561401367188,Leave_One_experiments/all_year_offline_schedule_search/daily_outputs/SYA/SYA_2023_SYA2023_normal_grid_S0031_daily.csv
SYA,SYA,Shenyang,2023,Leave_One_experiments\wth_generated_qc\SYA\SYA2023.WTH,normal_year;nitrogen_stress_year;low_response_year,normal,SYA2023_normal_grid_S0031,irrigation_positive_candidate,2023-06-25,176,71,66,"{""sim_day"": 71.0, ""doy"": 176.0, ""topwt"": 2233.6279296875, ""grnwt"": 0.0, ""xlai"": 2.1820571422576904, ""totir"": 30.0, ""tofer"": NaN, ""swfac"": 0.0, ""nstres"": 0.0}",0.0,0.0,2233.6279296875,0.0,2.1820571422576904,30.0,,0.0,0.0,30.0,180.0,39.93561401367188,51.93561401367188,Leave_One_experiments/all_year_offline_schedule_search/daily_outputs/SYA/SYA_2023_SYA2023_normal_grid_S0031_daily.csv
SYA,SYA,Shenyang,2023,Leave_One_experiments\wth_generated_qc\SYA\SYA2023.WTH,normal_year;nitrogen_stress_year;low_response_year,normal,SYA2023_normal_grid_S0031,irrigation_positive_candidate,2023-06-26,177,72,67,"{""sim_day"": 72.0, ""doy"": 177.0, ""topwt"": 2407.557373046875, ""grnwt"": 0.0, ""xlai"": 2.272731304168701, ""totir"": 30.0, ""tofer"": NaN, ""swfac"": 0.0, ""nstres"": 0.0}",0.0,0.0,2407.557373046875,0.0,2.272731304168701,30.0,,0.0,0.0,30.0,180.0,39.93561401367188,51.93561401367188,Leave_One_experiments/all_year_offline_schedule_search/daily_outputs/SYA/SYA_2023_SYA2023_normal_grid_S0031_daily.csv
SYA,SYA,Shenyang,2023,Leave_One_experiments\wth_generated_qc\SYA\SYA2023.WTH,normal_year;nitrogen_stress_year;low_response_year,normal,SYA2023_normal_grid_S0031,irrigation_positive_candidate,2023-06-27,178,73,68,"{""sim_day"": 73.0, ""doy"": 178.0, ""topwt"": 2597.8253173828125, ""grnwt"": 0.0, ""xlai"": 2.3662679195404053, ""totir"": 30.0, ""tofer"": NaN, ""swfac"": 0.0, ""nstres"": 0.0}",0.0,0.0,2597.8253173828125,0.0,2.3662679195404053,30.0,,0.0,0.0,30.0,180.0,39.93561401367188,51.93561401367188,Leave_One_experiments/all_year_offline_schedule_search/daily_outputs/SYA/SYA_2023_SYA2023_normal_grid_S0031_daily.csv
SYA,SYA,Shenyang,2023,Leave_One_experiments\wth_generated_qc\SYA\SYA2023.WTH,normal_year;nitrogen_stress_year;low_response_year,normal,SYA2023_normal_grid_S0031,irrigation_positive_candidate,2023-06-28,179,74,69,"{""sim_day"": 74.0, ""doy"": 179.0, ""topwt"": 2804.8681640625, ""grnwt"": 0.0, ""xlai"": 2.4621481895446777, ""totir"": 30.0, ""tofer"": NaN, ""swfac"": 0.0, ""nstres"": 0.0}",0.0,0.0,2804.8681640625,0.0,2.4621481895446777,30.0,,0.0,0.0,30.0,180.0,39.93561401367188,51.93561401367188,Leave_One_experiments/all_year_offline_schedule_search/daily_outputs/SYA/SYA_2023_SYA2023_normal_grid_S0031_daily.csv
SYA,SYA,Shenyang,2023,Leave_One_experiments\wth_generated_qc\SYA\SYA2023.WTH,normal_year;nitrogen_stress_year;low_response_year,normal,SYA2023_normal_grid_S0031,irrigation_positive_candidate,2023-06-29,180,75,70,"{""sim_day"": 75.0, ""doy"": 180.0, ""topwt"": 3193.1216430664062, ""grnwt"": 0.0, ""xlai"": 2.69744873046875, ""totir"": 30.0, ""tofer"": NaN, ""swfac"": 0.0, ""nstres"": 0.0}",0.0,0.0,3193.1216430664062,0.0,2.69744873046875,30.0,,0.0,0.0,30.0,180.0,39.93561401367188,51.93561401367188,Leave_One_experiments/all_year_offline_schedule_search/daily_outputs/SYA/SYA_2023_SYA2023_normal_grid_S0031_daily.csv
SYA,SYA,Shenyang,2023,Leave_One_experiments\wth_generated_qc\SYA\SYA2023.WTH,normal_year;nitrogen_stress_year;low_response_year,normal,SYA2023_normal_grid_S0031,irrigation_positive_candidate,2023-06-30,181,76,71,"{""sim_day"": 76.0, ""doy"": 181.0, ""topwt"": 3492.3904418945312, ""grnwt"": 0.0, ""xlai"": 2.833462238311768, ""totir"": 30.0, ""tofer"": NaN, ""swfac"": 0.0, ""nstres"": 0.0}",0.0,0.0,3492.3904418945312,0.0,2.833462238311768,30.0,,0.0,0.0,30.0,180.0,39.93561401367188,51.93561401367188,Leave_One_experiments/all_year_offline_schedule_search/daily_outputs/SYA/SYA_2023_SYA2023_normal_grid_S0031_daily.csv
SYA,SYA,Shenyang,2023,Leave_One_experiments\wth_generated_qc\SYA\SYA2023.WTH,normal_year;nitrogen_stress_year;low_response_year,normal,SYA2023_normal_grid_S0031,irrigation_positive_candidate,2023-07-01,182,77,72,"{""sim_day"": 77.0, ""doy"": 182.0, ""topwt"": 3763.696594238281, ""grnwt"": 0.0, ""xlai"": 2.9389045238494877, ""totir"": 30.0, ""tofer"": NaN, ""swfac"": 0.0, ""nstres"": 0.0}",0.0,0.0,3763.696594238281,0.0,2.9389045238494877,30.0,,0.0,0.0,30.0,180.0,39.93561401367188,51.93561401367188,Leave_One_experiments/all_year_offline_schedule_search/daily_outputs/SYA/SYA_2023_SYA2023_normal_grid_S0031_daily.csv
SYA,SYA,Shenyang,2023,Leave_One_experiments\wth_generated_qc\SYA\SYA2023.WTH,normal_year;nitrogen_stress_year;low_response_year,normal,SYA2023_normal_grid_S0031,irrigation_positive_candidate,2023-07-02,183,78,73,"{""sim_day"": 78.0, ""doy"": 183.0, ""topwt"": 3994.150695800781, ""grnwt"": 0.0, ""xlai"": 3.01986026763916, ""totir"": 30.0, ""tofer"": NaN, ""swfac"": 0.0, ""nstres"": 0.0}",0.0,0.0,3994.150695800781,0.0,3.01986026763916,30.0,,0.0,0.0,30.0,180.0,39.93561401367188,51.93561401367188,Leave_One_experiments/all_year_offline_schedule_search/daily_outputs/SYA/SYA_2023_SYA2023_normal_grid_S0031_daily.csv
SYA,SYA,Shenyang,2023,Leave_One_experiments\wth_generated_qc\SYA\SYA2023.WTH,normal_year;nitrogen_stress_year;low_response_year,normal,SYA2023_normal_grid_S0031,irrigation_positive_candidate,2023-07-03,184,79,74,"{""sim_day"": 79.0, ""doy"": 184.0, ""topwt"": 4149.935302734375, ""grnwt"": 0.0, ""xlai"": 3.0702133178710938, ""totir"": 30.0, ""tofer"": NaN, ""swfac"": 0.0, ""nstres"": 0.0}",0.0,0.0,4149.935302734375,0.0,3.0702133178710938,30.0,,0.0,0.0,30.0,180.0,39.93561401367188,51.93561401367188,Leave_One_experiments/all_year_offline_schedule_search/daily_outputs/SYA/SYA_2023_SYA2023_normal_grid_S0031_daily.csv
SYA,SYA,Shenyang,2023,Leave_One_experiments\wth_generated_qc\SYA\SYA2023.WTH,normal_year;nitrogen_stress_year;low_response_year,normal,SYA2023_normal_grid_S0031,irrigation_positive_candidate,2023-07-04,185,80,75,"{""sim_day"": 80.0, ""doy"": 185.0, ""topwt"": 4352.3834228515625, ""grnwt"": 0.0, ""xlai"": 3.131718158721924, ""totir"": 30.0, ""tofer"": NaN, ""swfac"": 0.0, ""nstres"": 0.0}",0.0,0.0,4352.3834228515625,0.0,3.131718158721924,30.0,,0.0,0.0,30.0,180.0,39.93561401367188,51.93561401367188,Leave_One_experiments/all_year_offline_schedule_search/daily_outputs/SYA/SYA_2023_SYA2023_normal_grid_S0031_daily.csv
SYA,SYA,Shenyang,2023,Leave_One_experiments\wth_generated_qc\SYA\SYA2023.WTH,normal_year;nitrogen_stress_year;low_response_year,normal,SYA2023_normal_grid_S0031,irrigation_positive_candidate,2023-07-05,186,81,76,"{""sim_day"": 81.0, ""doy"": 186.0, ""topwt"": 4583.4600830078125, ""grnwt"": 0.0, ""xlai"": 3.1974904537200928, ""totir"": 30.0, ""tofer"": NaN, ""swfac"": 0.0, ""nstres"": 0.0}",0.0,0.0,4583.4600830078125,0.0,3.1974904537200928,30.0,,0.0,0.0,30.0,180.0,39.93561401367188,51.93561401367188,Leave_One_experiments/all_year_offline_schedule_search/daily_outputs/SYA/SYA_2023_SYA2023_normal_grid_S0031_daily.csv
SYA,SYA,Shenyang,2023,Leave_One_experiments\wth_generated_qc\SYA\SYA2023.WTH,normal_year;nitrogen_stress_year;low_response_year,normal,SYA2023_normal_grid_S0031,irrigation_positive_candidate,2023-07-06,187,82,77,"{""sim_day"": 82.0, ""doy"": 187.0, ""topwt"": 4782.505798339844, ""grnwt"": 0.0, ""xlai"": 3.251418352127075, ""totir"": 30.0, ""tofer"": NaN, ""swfac"": 0.0, ""nstres"": 0.0}",0.0,0.0,4782.505798339844,0.0,3.251418352127075,30.0,,0.0,0.0,30.0,180.0,39.93561401367188,51.93561401367188,Leave_One_experiments/all_year_offline_schedule_search/daily_outputs/SYA/SYA_2023_SYA2023_normal_grid_S0031_daily.csv
SYA,SYA,Shenyang,2023,Leave_One_experiments\wth_generated_qc\SYA\SYA2023.WTH,normal_year;nitrogen_stress_year;low_response_year,normal,SYA2023_normal_grid_S0031,irrigation_positive_candidate,2023-07-07,188,83,78,"{""sim_day"": 83.0, ""doy"": 188.0, ""topwt"": 4977.300415039063, ""grnwt"": 0.0, ""xlai"": 3.3019444942474365, ""totir"": 30.0, ""tofer"": NaN, ""swfac"": 0.0, ""nstres"": 0.0}",0.0,0.0,4977.300415039063,0.0,3.3019444942474365,30.0,,0.0,0.0,30.0,180.0,39.93561401367188,51.93561401367188,Leave_One_experiments/all_year_offline_schedule_search/daily_outputs/SYA/SYA_2023_SYA2023_normal_grid_S0031_daily.csv
SYA,SYA,Shenyang,2023,Leave_One_experiments\wth_generated_qc\SYA\SYA2023.WTH,normal_year;nitrogen_stress_year;low_response_year,normal,SYA2023_normal_grid_S0031,irrigation_positive_candidate,2023-07-08,189,84,79,"{""sim_day"": 84.0, ""doy"": 189.0, ""topwt"": 5173.3502197265625, ""grnwt"": 0.0, ""xlai"": 3.350794553756714, ""totir"": 30.0, ""tofer"": NaN, ""swfac"": 0.0, ""nstres"": 0.0}",0.0,0.0,5173.3502197265625,0.0,3.350794553756714,30.0,,0.0,0.0,30.0,180.0,39.93561401367188,51.93561401367188,Leave_One_experiments/all_year_offline_schedule_search/daily_outputs/SYA/SYA_2023_SYA2023_normal_grid_S0031_daily.csv
SYA,SYA,Shenyang,2023,Leave_One_experiments\wth_generated_qc\SYA\SYA2023.WTH,normal_year;nitrogen_stress_year;low_response_year,normal,SYA2023_normal_grid_S0031,irrigation_positive_candidate,2023-07-09,190,85,80,"{""sim_day"": 85.0, ""doy"": 190.0, ""topwt"": 5380.205078125, ""grnwt"": 0.0, ""xlai"": 3.4003734588623047, ""totir"": 30.0, ""tofer"": NaN, ""swfac"": 0.0, ""nstres"": 0.0}",0.0,0.0,5380.205078125,0.0,3.4003734588623047,30.0,,0.0,0.0,30.0,180.0,39.93561401367188,51.93561401367188,Leave_One_experiments/all_year_offline_schedule_search/daily_outputs/SYA/SYA_2023_SYA2023_normal_grid_S0031_daily.csv
SYA,SYA,Shenyang,2023,Leave_One_experiments\wth_generated_qc\SYA\SYA2023.WTH,normal_year;nitrogen_stress_year;low_response_year,normal,SYA2023_normal_grid_S0031,irrigation_positive_candidate,2023-07-10,191,86,81,"{""sim_day"": 86.0, ""doy"": 191.0, ""topwt"": 5562.8253173828125, ""grnwt"": 0.0, ""xlai"": 3.444063663482666, ""totir"": 30.0, ""tofer"": NaN, ""swfac"": 0.0, ""nstres"": 0.0}",0.0,0.0,5562.8253173828125,0.0,3.444063663482666,30.0,,0.0,0.0,30.0,180.0,39.93561401367188,51.93561401367188,Leave_One_experiments/all_year_offline_schedule_search/daily_outputs/SYA/SYA_2023_SYA2023_normal_grid_S0031_daily.csv
SYA,SYA,Shenyang,2023,Leave_One_experiments\wth_generated_qc\SYA\SYA2023.WTH,normal_year;nitrogen_stress_year;low_response_year,normal,SYA2023_normal_grid_S0031,irrigation_positive_candidate,2023-07-11,192,87,82,"{""sim_day"": 87.0, ""doy"": 192.0, ""topwt"": 5759.481201171875, ""grnwt"": 0.0, ""xlai"": 3.491093635559082, ""totir"": 30.0, ""tofer"": NaN, ""swfac"": 0.0, ""nstres"": 0.0}",0.0,0.0,5759.481201171875,0.0,3.491093635559082,30.0,,0.0,0.0,30.0,180.0,39.93561401367188,51.93561401367188,Leave_One_experiments/all_year_offline_schedule_search/daily_outputs/SYA/SYA_2023_SYA2023_normal_grid_S0031_daily.csv
SYA,SYA,Shenyang,2023,Leave_One_experiments\wth_generated_qc\SYA\SYA2023.WTH,normal_year;nitrogen_stress_year;low_response_year,normal,SYA2023_normal_grid_S0031,irrigation_positive_candidate,2023-07-12,193,88,83,"{""sim_day"": 88.0, ""doy"": 193.0, ""topwt"": 5910.216064453125, ""grnwt"": 0.0, ""xlai"": 3.527029514312744, ""totir"": 30.0, ""tofer"": NaN, ""swfac"": 0.0, ""nstres"": 0.0}",0.0,0.0,5910.216064453125,0.0,3.527029514312744,30.0,,0.0,0.0,30.0,180.0,39.93561401367188,51.93561401367188,Leave_One_experiments/all_year_offline_schedule_search/daily_outputs/SYA/SYA_2023_SYA2023_normal_grid_S0031_daily.csv
SYA,SYA,Shenyang,2023,Leave_One_experiments\wth_generated_qc\SYA\SYA2023.WTH,normal_year;nitrogen_stress_year;low_response_year,normal,SYA2023_normal_grid_S0031,irrigation_positive_candidate,2023-07-13,194,89,84,"{""sim_day"": 89.0, ""doy"": 194.0, ""topwt"": 6074.3756103515625, ""grnwt"": 0.0, ""xlai"": 3.5661678314208984, ""totir"": 30.0, ""tofer"": NaN, ""swfac"": 0.0, ""nstres"": 0.0}",0.0,0.0,6074.3756103515625,0.0,3.5661678314208984,30.0,,0.0,0.0,30.0,180.0,39.93561401367188,51.93561401367188,Leave_One_experiments/all_year_offline_schedule_search/daily_outputs/SYA/SYA_2023_SYA2023_normal_grid_S0031_daily.csv
SYA,SYA,Shenyang,2023,Leave_One_experiments\wth_generated_qc\SYA\SYA2023.WTH,normal_year;nitrogen_stress_year;low_response_year,normal,SYA2023_normal_grid_S0031,irrigation_positive_candidate,2023-07-14,195,90,85,"{""sim_day"": 90.0, ""doy"": 195.0, ""topwt"": 6212.7716064453125, ""grnwt"": 0.0, ""xlai"": 3.599081993103028, ""totir"": 30.0, ""tofer"": NaN, ""swfac"": 0.0, ""nstres"": 0.0}",0.0,0.0,6212.7716064453125,0.0,3.599081993103028,30.0,,0.0,0.0,30.0,180.0,39.93561401367188,51.93561401367188,Leave_One_experiments/all_year_offline_schedule_search/daily_outputs/SYA/SYA_2023_SYA2023_normal_grid_S0031_daily.csv
SYA,SYA,Shenyang,2023,Leave_One_experiments\wth_generated_qc\SYA\SYA2023.WTH,normal_year;nitrogen_stress_year;low_response_year,normal,SYA2023_normal_grid_S0031,irrigation_positive_candidate,2023-07-15,196,91,86,"{""sim_day"": 91.0, ""doy"": 196.0, ""topwt"": 6321.87255859375, ""grnwt"": 0.0, ""xlai"": 3.624932765960693, ""totir"": 30.0, ""tofer"": NaN, ""swfac"": 0.0, ""nstres"": 0.0}",0.0,0.0,6321.87255859375,0.0,3.624932765960693,30.0,,0.0,0.0,30.0,180.0,39.93561401367188,51.93561401367188,Leave_One_experiments/all_year_offline_schedule_search/daily_outputs/SYA/SYA_2023_SYA2023_normal_grid_S0031_daily.csv
SYA,SYA,Shenyang,2023,Leave_One_experiments\wth_generated_qc\SYA\SYA2023.WTH,normal_year;nitrogen_stress_year;low_response_year,normal,SYA2023_normal_grid_S0031,irrigation_positive_candidate,2023-07-16,197,92,87,"{""sim_day"": 92.0, ""doy"": 197.0, ""topwt"": 6742.6300048828125, ""grnwt"": 0.0, ""xlai"": 3.451817035675049, ""totir"": 30.0, ""tofer"": NaN, ""swfac"": 0.0, ""nstres"": 0.0}",0.0,0.0,6742.6300048828125,0.0,3.451817035675049,30.0,,0.0,0.0,30.0,180.0,39.93561401367188,51.93561401367188,Leave_One_experiments/all_year_offline_schedule_search/daily_outputs/SYA/SYA_2023_SYA2023_normal_grid_S0031_daily.csv
SYA,SYA,Shenyang,2023,Leave_One_experiments\wth_generated_qc\SYA\SYA2023.WTH,normal_year;nitrogen_stress_year;low_response_year,normal,SYA2023_normal_grid_S0031,irrigation_positive_candidate,2023-07-17,198,93,88,"{""sim_day"": 93.0, ""doy"": 198.0, ""topwt"": 7179.586181640625, ""grnwt"": 0.0, ""xlai"": 3.435729503631592, ""totir"": 30.0, ""tofer"": NaN, ""swfac"": 0.0, ""nstres"": 0.0}",0.0,0.0,7179.586181640625,0.0,3.435729503631592,30.0,,0.0,0.0,30.0,180.0,39.93561401367188,51.93561401367188,Leave_One_experiments/all_year_offline_schedule_search/daily_outputs/SYA/SYA_2023_SYA2023_normal_grid_S0031_daily.csv
SYA,SYA,Shenyang,2023,Leave_One_experiments\wth_generated_qc\SYA\SYA2023.WTH,normal_year;nitrogen_stress_year;low_response_year,normal,SYA2023_normal_grid_S0031,irrigation_positive_candidate,2023-07-18,199,94,89,"{""sim_day"": 94.0, ""doy"": 199.0, ""topwt"": 7575.184936523437, ""grnwt"": 0.0, ""xlai"": 3.4190495014190674, ""totir"": 30.0, ""tofer"": NaN, ""swfac"": 0.0, ""nstres"": 0.0}",0.0,0.0,7575.184936523437,0.0,3.4190495014190674,30.0,,0.0,0.0,30.0,180.0,39.93561401367188,51.93561401367188,Leave_One_experiments/all_year_offline_schedule_search/daily_outputs/SYA/SYA_2023_SYA2023_normal_grid_S0031_daily.csv
SYA,SYA,Shenyang,2023,Leave_One_experiments\wth_generated_qc\SYA\SYA2023.WTH,normal_year;nitrogen_stress_year;low_response_year,normal,SYA2023_normal_grid_S0031,irrigation_positive_candidate,2023-07-19,200,95,90,"{""sim_day"": 95.0, ""doy"": 200.0, ""topwt"": 7971.005249023437, ""grnwt"": 0.0, ""xlai"": 3.401503801345825, ""totir"": 30.0, ""tofer"": NaN, ""swfac"": 0.0, ""nstres"": 0.0}",0.0,0.0,7971.005249023437,0.0,3.401503801345825,30.0,,0.0,0.0,30.0,180.0,39.93561401367188,51.93561401367188,Leave_One_experiments/all_year_offline_schedule_search/daily_outputs/SYA/SYA_2023_SYA2023_normal_grid_S0031_daily.csv
SYA,SYA,Shenyang,2023,Leave_One_experiments\wth_generated_qc\SYA\SYA2023.WTH,normal_year;nitrogen_stress_year;low_response_year,normal,SYA2023_normal_grid_S0031,irrigation_positive_candidate,2023-07-20,201,96,91,"{""sim_day"": 96.0, ""doy"": 201.0, ""topwt"": 8312.66845703125, ""grnwt"": 0.0, ""xlai"": 3.3835933208465576, ""totir"": 30.0, ""tofer"": NaN, ""swfac"": 0.0, ""nstres"": 0.0}",0.0,0.0,8312.66845703125,0.0,3.3835933208465576,30.0,,0.0,0.0,30.0,180.0,39.93561401367188,51.93561401367188,Leave_One_experiments/all_year_offline_schedule_search/daily_outputs/SYA/SYA_2023_SYA2023_normal_grid_S0031_daily.csv
SYA,SYA,Shenyang,2023,Leave_One_experiments\wth_generated_qc\SYA\SYA2023.WTH,normal_year;nitrogen_stress_year;low_response_year,normal,SYA2023_normal_grid_S0031,irrigation_positive_candidate,2023-07-21,202,97,92,"{""sim_day"": 97.0, ""doy"": 202.0, ""topwt"": 8325.91064453125, ""grnwt"": 0.0, ""xlai"": 3.36755108833313, ""totir"": 30.0, ""tofer"": NaN, ""swfac"": 0.0, ""nstres"": 0.0}",0.0,0.0,8325.91064453125,0.0,3.36755108833313,30.0,,0.0,0.0,30.0,180.0,39.93561401367188,51.93561401367188,Leave_One_experiments/all_year_offline_schedule_search/daily_outputs/SYA/SYA_2023_SYA2023_normal_grid_S0031_daily.csv
SYA,SYA,Shenyang,2023,Leave_One_experiments\wth_generated_qc\SYA\SYA2023.WTH,normal_year;nitrogen_stress_year;low_response_year,normal,SYA2023_normal_grid_S0031,irrigation_positive_candidate,2023-07-22,203,98,93,"{""sim_day"": 98.0, ""doy"": 203.0, ""topwt"": 8491.744384765625, ""grnwt"": 0.0, ""xlai"": 3.35205626487732, ""totir"": 30.0, ""tofer"": NaN, ""swfac"": 0.0, ""nstres"": 0.0}",0.0,0.0,8491.744384765625,0.0,3.35205626487732,30.0,,0.0,0.0,30.0,180.0,39.93561401367188,51.93561401367188,Leave_One_experiments/all_year_offline_schedule_search/daily_outputs/SYA/SYA_2023_SYA2023_normal_grid_S0031_daily.csv
SYA,SYA,Shenyang,2023,Leave_One_experiments\wth_generated_qc\SYA\SYA2023.WTH,normal_year;nitrogen_stress_year;low_response_year,normal,SYA2023_normal_grid_S0031,irrigation_positive_candidate,2023-07-23,204,99,94,"{""sim_day"": 99.0, ""doy"": 204.0, ""topwt"": 8878.251953125, ""grnwt"": 0.0, ""xlai"": 3.335922956466675, ""totir"": 30.0, ""tofer"": NaN, ""swfac"": 0.0, ""nstres"": 0.0}",0.0,0.0,8878.251953125,0.0,3.335922956466675,30.0,,0.0,0.0,30.0,180.0,39.93561401367188,51.93561401367188,Leave_One_experiments/all_year_offline_schedule_search/daily_outputs/SYA/SYA_2023_SYA2023_normal_grid_S0031_daily.csv
SYA,SYA,Shenyang,2023,Leave_One_experiments\wth_generated_qc\SYA\SYA2023.WTH,normal_year;nitrogen_stress_year;low_response_year,normal,SYA2023_normal_grid_S0031,irrigation_positive_candidate,2023-07-24,205,100,95,"{""sim_day"": 100.0, ""doy"": 205.0, ""topwt"": 9113.667602539062, ""grnwt"": 0.0, ""xlai"": 3.3185136318206787, ""totir"": 30.0, ""tofer"": NaN, ""swfac"": 0.0, ""nstres"": 0.0}",0.0,0.0,9113.667602539062,0.0,3.3185136318206787,30.0,,0.0,0.0,30.0,180.0,39.93561401367188,51.93561401367188,Leave_One_experiments/all_year_offline_schedule_search/daily_outputs/SYA/SYA_2023_SYA2023_normal_grid_S0031_daily.csv
SYA,SYA,Shenyang,2023,Leave_One_experiments\wth_generated_qc\SYA\SYA2023.WTH,normal_year;nitrogen_stress_year;low_response_year,normal,SYA2023_normal_grid_S0031,irrigation_positive_candidate,2023-07-25,206,101,96,"{""sim_day"": 101.0, ""doy"": 206.0, ""topwt"": 9467.830200195312, ""grnwt"": 354.16229248046875, ""xlai"": 3.256243228912353, ""totir"": 30.0, ""tofer"": NaN, ""swfac"": 0.0, ""nstres"": 0.0}",0.0,0.0,9467.830200195312,354.16229248046875,3.256243228912353,30.0,,0.0,0.0,30.0,180.0,39.93561401367188,51.93561401367188,Leave_One_experiments/all_year_offline_schedule_search/daily_outputs/SYA/SYA_2023_SYA2023_normal_grid_S0031_daily.csv
SYA,SYA,Shenyang,2023,Leave_One_experiments\wth_generated_qc\SYA\SYA2023.WTH,normal_year;nitrogen_stress_year;low_response_year,normal,SYA2023_normal_grid_S0031,irrigation_positive_candidate,2023-07-26,207,102,97,"{""sim_day"": 102.0, ""doy"": 207.0, ""topwt"": 9768.867797851562, ""grnwt"": 655.2001953125, ""xlai"": 3.246712207794189, ""totir"": 30.0, ""tofer"": NaN, ""swfac"": 0.0, ""nstres"": 0.0}",0.0,0.0,9768.867797851562,655.2001953125,3.246712207794189,30.0,,0.0,0.0,30.0,180.0,39.93561401367188,51.93561401367188,Leave_One_experiments/all_year_offline_schedule_search/daily_outputs/SYA/SYA_2023_SYA2023_normal_grid_S0031_daily.csv
SYA,SYA,Shenyang,2023,Leave_One_experiments\wth_generated_qc\SYA\SYA2023.WTH,normal_year;nitrogen_stress_year;low_response_year,normal,SYA2023_normal_grid_S0031,irrigation_positive_candidate,2023-07-27,208,103,98,"{""sim_day"": 103.0, ""doy"": 208.0, ""topwt"": 10083.186645507812, ""grnwt"": 969.5191192626952, ""xlai"": 3.2352190017700195, ""totir"": 30.0, ""tofer"": NaN, ""swfac"": 0.0, ""nstres"": 0.0}",0.0,0.0,10083.186645507812,969.5191192626952,3.2352190017700195,30.0,,0.0,0.0,30.0,180.0,39.93561401367188,51.93561401367188,Leave_One_experiments/all_year_offline_schedule_search/daily_outputs/SYA/SYA_2023_SYA2023_normal_grid_S0031_daily.csv
SYA,SYA,Shenyang,2023,Leave_One_experiments\wth_generated_qc\SYA\SYA2023.WTH,normal_year;nitrogen_stress_year;low_response_year,normal,SYA2023_normal_grid_S0031,irrigation_positive_candidate,2023-07-28,209,104,99,"{""sim_day"": 104.0, ""doy"": 209.0, ""topwt"": 10318.31787109375, ""grnwt"": 1312.6138305664062, ""xlai"": 3.2219161987304688, ""totir"": 30.0, ""tofer"": NaN, ""swfac"": 0.0, ""nstres"": 0.0}",0.0,0.0,10318.31787109375,1312.6138305664062,3.2219161987304688,30.0,,0.0,0.0,30.0,180.0,39.93561401367188,51.93561401367188,Leave_One_experiments/all_year_offline_schedule_search/daily_outputs/SYA/SYA_2023_SYA2023_normal_grid_S0031_daily.csv
SYA,SYA,Shenyang,2023,Leave_One_experiments\wth_generated_qc\SYA\SYA2023.WTH,normal_year;nitrogen_stress_year;low_response_year,normal,SYA2023_normal_grid_S0031,irrigation_positive_candidate,2023-07-29,210,105,100,"{""sim_day"": 105.0, ""doy"": 210.0, ""topwt"": 10403.73291015625, ""grnwt"": 1666.7759704589844, ""xlai"": 3.2077529430389404, ""totir"": 30.0, ""tofer"": NaN, ""swfac"": 0.0, ""nstres"": 0.0}",0.0,0.0,10403.73291015625,1666.7759704589844,3.2077529430389404,30.0,,0.0,0.0,30.0,180.0,39.93561401367188,51.93561401367188,Leave_One_experiments/all_year_offline_schedule_search/daily_outputs/SYA/SYA_2023_SYA2023_normal_grid_S0031_daily.csv
SYA,SYA,Shenyang,2023,Leave_One_experiments\wth_generated_qc\SYA\SYA2023.WTH,normal_year;nitrogen_stress_year;low_response_year,normal,SYA2023_normal_grid_S0031,irrigation_positive_candidate,2023-07-30,211,106,101,"{""sim_day"": 106.0, ""doy"": 211.0, ""topwt"": 10812.53662109375, ""grnwt"": 2020.9381103515625, ""xlai"": 3.190608501434326, ""totir"": 30.0, ""tofer"": NaN, ""swfac"": 0.0, ""nstres"": 0.0}",0.0,0.0,10812.53662109375,2020.9381103515625,3.190608501434326,30.0,,0.0,0.0,30.0,180.0,39.93561401367188,51.93561401367188,Leave_One_experiments/all_year_offline_schedule_search/daily_outputs/SYA/SYA_2023_SYA2023_normal_grid_S0031_daily.csv
SYA,SYA,Shenyang,2023,Leave_One_experiments\wth_generated_qc\SYA\SYA2023.WTH,normal_year;nitrogen_stress_year;low_response_year,normal,SYA2023_normal_grid_S0031,irrigation_positive_candidate,2023-07-31,212,107,102,"{""sim_day"": 107.0, ""doy"": 212.0, ""topwt"": 11152.276611328123, ""grnwt"": 2328.6166381835938, ""xlai"": 3.169163942337036, ""totir"": 30.0, ""tofer"": NaN, ""swfac"": 0.0, ""nstres"": 0.0}",0.0,0.0,11152.276611328123,2328.6166381835938,3.169163942337036,30.0,,0.0,0.0,30.0,180.0,39.93561401367188,51.93561401367188,Leave_One_experiments/all_year_offline_schedule_search/daily_outputs/SYA/SYA_2023_SYA2023_normal_grid_S0031_daily.csv
SYA,SYA,Shenyang,2023,Leave_One_experiments\wth_generated_qc\SYA\SYA2023.WTH,normal_year;nitrogen_stress_year;low_response_year,normal,SYA2023_normal_grid_S0031,irrigation_positive_candidate,2023-08-01,213,108,103,"{""sim_day"": 108.0, ""doy"": 213.0, ""topwt"": 11481.190185546877, ""grnwt"": 2623.013916015625, ""xlai"": 3.144188642501831, ""totir"": 30.0, ""tofer"": NaN, ""swfac"": 0.0, ""nstres"": 0.0}",0.0,0.0,11481.190185546877,2623.013916015625,3.144188642501831,30.0,,0.0,0.0,30.0,180.0,39.93561401367188,51.93561401367188,Leave_One_experiments/all_year_offline_schedule_search/daily_outputs/SYA/SYA_2023_SYA2023_normal_grid_S0031_daily.csv
SYA,SYA,Shenyang,2023,Leave_One_experiments\wth_generated_qc\SYA\SYA2023.WTH,normal_year;nitrogen_stress_year;low_response_year,normal,SYA2023_normal_grid_S0031,irrigation_positive_candidate,2023-08-02,214,109,104,"{""sim_day"": 109.0, ""doy"": 214.0, ""topwt"": 11766.314697265623, ""grnwt"": 2842.1517944335938, ""xlai"": 3.11321759223938, ""totir"": 30.0, ""tofer"": NaN, ""swfac"": 0.0, ""nstres"": 0.0}",0.0,0.0,11766.314697265623,2842.1517944335938,3.11321759223938,30.0,,0.0,0.0,30.0,180.0,39.93561401367188,51.93561401367188,Leave_One_experiments/all_year_offline_schedule_search/daily_outputs/SYA/SYA_2023_SYA2023_normal_grid_S0031_daily.csv
SYA,SYA,Shenyang,2023,Leave_One_experiments\wth_generated_qc\SYA\SYA2023.WTH,normal_year;nitrogen_stress_year;low_response_year,normal,SYA2023_normal_grid_S0031,irrigation_positive_candidate,2023-08-03,215,110,105,"{""sim_day"": 110.0, ""doy"": 215.0, ""topwt"": 11918.3251953125, ""grnwt"": 3083.4246826171875, ""xlai"": 3.0787532329559326, ""totir"": 30.0, ""tofer"": NaN, ""swfac"": 0.0, ""nstres"": 0.0}",0.0,0.0,11918.3251953125,3083.4246826171875,3.0787532329559326,30.0,,0.0,0.0,30.0,180.0,39.93561401367188,51.93561401367188,Leave_One_experiments/all_year_offline_schedule_search/daily_outputs/SYA/SYA_2023_SYA2023_normal_grid_S0031_daily.csv
SYA,SYA,Shenyang,2023,Leave_One_experiments\wth_generated_qc\SYA\SYA2023.WTH,normal_year;nitrogen_stress_year;low_response_year,normal,SYA2023_normal_grid_S0031,irrigation_positive_candidate,2023-08-04,216,111,106,"{""sim_day"": 111.0, ""doy"": 216.0, ""topwt"": 12248.3056640625, ""grnwt"": 3437.586975097656, ""xlai"": 3.0496740341186523, ""totir"": 30.0, ""tofer"": NaN, ""swfac"": 0.0, ""nstres"": 0.0}",0.0,0.0,12248.3056640625,3437.586975097656,3.0496740341186523,30.0,,0.0,0.0,30.0,180.0,39.93561401367188,51.93561401367188,Leave_One_experiments/all_year_offline_schedule_search/daily_outputs/SYA/SYA_2023_SYA2023_normal_grid_S0031_daily.csv
SYA,SYA,Shenyang,2023,Leave_One_experiments\wth_generated_qc\SYA\SYA2023.WTH,normal_year;nitrogen_stress_year;low_response_year,normal,SYA2023_normal_grid_S0031,irrigation_positive_candidate,2023-08-05,217,112,107,"{""sim_day"": 112.0, ""doy"": 217.0, ""topwt"": 12489.415283203123, ""grnwt"": 3791.749267578125, ""xlai"": 3.026052236557007, ""totir"": 30.0, ""tofer"": NaN, ""swfac"": 0.0, ""nstres"": 0.0}",0.0,0.0,12489.415283203123,3791.749267578125,3.026052236557007,30.0,,0.0,0.0,30.0,180.0,39.93561401367188,51.93561401367188,Leave_One_experiments/all_year_offline_schedule_search/daily_outputs/SYA/SYA_2023_SYA2023_normal_grid_S0031_daily.csv
SYA,SYA,Shenyang,2023,Leave_One_experiments\wth_generated_qc\SYA\SYA2023.WTH,normal_year;nitrogen_stress_year;low_response_year,normal,SYA2023_normal_grid_S0031,irrigation_positive_candidate,2023-08-06,218,113,108,"{""sim_day"": 113.0, ""doy"": 218.0, ""topwt"": 12848.856201171877, ""grnwt"": 4145.911560058594, ""xlai"": 2.998335599899292, ""totir"": 30.0, ""tofer"": NaN, ""swfac"": 0.0, ""nstres"": 0.0}",0.0,0.0,12848.856201171877,4145.911560058594,2.998335599899292,30.0,,0.0,0.0,30.0,180.0,39.93561401367188,51.93561401367188,Leave_One_experiments/all_year_offline_schedule_search/daily_outputs/SYA/SYA_2023_SYA2023_normal_grid_S0031_daily.csv
SYA,SYA,Shenyang,2023,Leave_One_experiments\wth_generated_qc\SYA\SYA2023.WTH,normal_year;nitrogen_stress_year;low_response_year,normal,SYA2023_normal_grid_S0031,irrigation_positive_candidate,2023-08-07,219,114,109,"{""sim_day"": 114.0, ""doy"": 219.0, ""topwt"": 13269.730224609377, ""grnwt"": 4500.073547363281, ""xlai"": 2.9620535373687744, ""totir"": 30.0, ""tofer"": NaN, ""swfac"": 0.0, ""nstres"": 0.0}",0.0,0.0,13269.730224609377,4500.073547363281,2.9620535373687744,30.0,,0.0,0.0,30.0,180.0,39.93561401367188,51.93561401367188,Leave_One_experiments/all_year_offline_schedule_search/daily_outputs/SYA/SYA_2023_SYA2023_normal_grid_S0031_daily.csv
SYA,SYA,Shenyang,2023,Leave_One_experiments\wth_generated_qc\SYA\SYA2023.WTH,normal_year;nitrogen_stress_year;low_response_year,normal,SYA2023_normal_grid_S0031,irrigation_positive_candidate,2023-08-08,220,115,110,"{""sim_day"": 115.0, ""doy"": 220.0, ""topwt"": 13674.5849609375, ""grnwt"": 4854.23583984375, ""xlai"": 2.9213006496429443, ""totir"": 30.0, ""tofer"": NaN, ""swfac"": 0.0, ""nstres"": 0.0}",0.0,0.0,13674.5849609375,4854.23583984375,2.9213006496429443,30.0,,0.0,0.0,30.0,180.0,39.93561401367188,51.93561401367188,Leave_One_experiments/all_year_offline_schedule_search/daily_outputs/SYA/SYA_2023_SYA2023_normal_grid_S0031_daily.csv
SYA,SYA,Shenyang,2023,Leave_One_experiments\wth_generated_qc\SYA\SYA2023.WTH,normal_year;nitrogen_stress_year;low_response_year,normal,SYA2023_normal_grid_S0031,irrigation_positive_candidate,2023-08-09,221,116,111,"{""sim_day"": 116.0, ""doy"": 221.0, ""topwt"": 14060.576171875, ""grnwt"": 5208.3978271484375, ""xlai"": 2.8803093433380127, ""totir"": 30.0, ""tofer"": NaN, ""swfac"": 0.0, ""nstres"": 0.0}",0.0,0.0,14060.576171875,5208.3978271484375,2.8803093433380127,30.0,,0.0,0.0,30.0,180.0,39.93561401367188,51.93561401367188,Leave_One_experiments/all_year_offline_schedule_search/daily_outputs/SYA/SYA_2023_SYA2023_normal_grid_S0031_daily.csv
SYA,SYA,Shenyang,2023,Leave_One_experiments\wth_generated_qc\SYA\SYA2023.WTH,normal_year;nitrogen_stress_year;low_response_year,normal,SYA2023_normal_grid_S0031,irrigation_positive_candidate,2023-08-10,222,117,112,"{""sim_day"": 117.0, ""doy"": 222.0, ""topwt"": 14256.385498046877, ""grnwt"": 5562.560424804688, ""xlai"": 2.8351693153381348, ""totir"": 30.0, ""tofer"": NaN, ""swfac"": 0.0, ""nstres"": 0.0}",0.0,0.0,14256.385498046877,5562.560424804688,2.8351693153381348,30.0,,0.0,0.0,30.0,180.0,39.93561401367188,51.93561401367188,Leave_One_experiments/all_year_offline_schedule_search/daily_outputs/SYA/SYA_2023_SYA2023_normal_grid_S0031_daily.csv
SYA,SYA,Shenyang,2023,Leave_One_experiments\wth_generated_qc\SYA\SYA2023.WTH,normal_year;nitrogen_stress_year;low_response_year,normal,SYA2023_normal_grid_S0031,irrigation_positive_candidate,2023-08-11,223,118,113,"{""sim_day"": 118.0, ""doy"": 223.0, ""topwt"": 14357.578125, ""grnwt"": 5916.722412109375, ""xlai"": 2.786608457565308, ""totir"": 30.0, ""tofer"": NaN, ""swfac"": 0.0, ""nstres"": 0.0}",0.0,0.0,14357.578125,5916.722412109375,2.786608457565308,30.0,,0.0,0.0,30.0,180.0,39.93561401367188,51.93561401367188,Leave_One_experiments/all_year_offline_schedule_search/daily_outputs/SYA/SYA_2023_SYA2023_normal_grid_S0031_daily.csv
SYA,SYA,Shenyang,2023,Leave_One_experiments\wth_generated_qc\SYA\SYA2023.WTH,normal_year;nitrogen_stress_year;low_response_year,normal,SYA2023_normal_grid_S0031,irrigation_positive_candidate,2023-08-12,224,119,114,"{""sim_day"": 119.0, ""doy"": 224.0, ""topwt"": 14413.499755859377, ""grnwt"": 6270.885009765625, ""xlai"": 2.739900827407837, ""totir"": 30.0, ""tofer"": NaN, ""swfac"": 0.0, ""nstres"": 0.0}",0.0,0.0,14413.499755859377,6270.885009765625,2.739900827407837,30.0,,0.0,0.0,30.0,180.0,39.93561401367188,51.93561401367188,Leave_One_experiments/all_year_offline_schedule_search/daily_outputs/SYA/SYA_2023_SYA2023_normal_grid_S0031_daily.csv
SYA,SYA,Shenyang,2023,Leave_One_experiments\wth_generated_qc\SYA\SYA2023.WTH,normal_year;nitrogen_stress_year;low_response_year,normal,SYA2023_normal_grid_S0031,irrigation_positive_candidate,2023-08-13,225,120,115,"{""sim_day"": 120.0, ""doy"": 225.0, ""topwt"": 14795.472412109377, ""grnwt"": 6625.047607421875, ""xlai"": 2.678463697433472, ""totir"": 30.0, ""tofer"": NaN, ""swfac"": 0.0, ""nstres"": 0.0}",0.0,0.0,14795.472412109377,6625.047607421875,2.678463697433472,30.0,,0.0,0.0,30.0,180.0,39.93561401367188,51.93561401367188,Leave_One_experiments/all_year_offline_schedule_search/daily_outputs/SYA/SYA_2023_SYA2023_normal_grid_S0031_daily.csv
SYA,SYA,Shenyang,2023,Leave_One_experiments\wth_generated_qc\SYA\SYA2023.WTH,normal_year;nitrogen_stress_year;low_response_year,normal,SYA2023_normal_grid_S0031,irrigation_positive_candidate,2023-08-14,226,121,116,"{""sim_day"": 121.0, ""doy"": 226.0, ""topwt"": 15175.655517578123, ""grnwt"": 6979.210205078125, ""xlai"": 2.609905481338501, ""totir"": 30.0, ""tofer"": NaN, ""swfac"": 0.0, ""nstres"": 0.0060116052627563}",0.0,0.0060116052627563,15175.655517578123,6979.210205078125,2.609905481338501,30.0,,0.0,0.0,30.0,180.0,39.93561401367188,51.93561401367188,Leave_One_experiments/all_year_offline_schedule_search/daily_outputs/SYA/SYA_2023_SYA2023_normal_grid_S0031_daily.csv
SYA,SYA,Shenyang,2023,Leave_One_experiments\wth_generated_qc\SYA\SYA2023.WTH,normal_year;nitrogen_stress_year;low_response_year,normal,SYA2023_normal_grid_S0031,irrigation_positive_candidate,2023-08-15,227,122,117,"{""sim_day"": 122.0, ""doy"": 227.0, ""topwt"": 15473.52783203125, ""grnwt"": 7328.9453125, ""xlai"": 2.535121440887451, ""totir"": 30.0, ""tofer"": NaN, ""swfac"": 0.0, ""nstres"": 0.0565831661224365}",0.0,0.0565831661224365,15473.52783203125,7328.9453125,2.535121440887451,30.0,,0.0,0.0,30.0,180.0,39.93561401367188,51.93561401367188,Leave_One_experiments/all_year_offline_schedule_search/daily_outputs/SYA/SYA_2023_SYA2023_normal_grid_S0031_daily.csv
SYA,SYA,Shenyang,2023,Leave_One_experiments\wth_generated_qc\SYA\SYA2023.WTH,normal_year;nitrogen_stress_year;low_response_year,normal,SYA2023_normal_grid_S0031,irrigation_positive_candidate,2023-08-16,228,123,118,"{""sim_day"": 123.0, ""doy"": 228.0, ""topwt"": 15827.138671875, ""grnwt"": 7669.82666015625, ""xlai"": 2.4541125297546387, ""totir"": 30.0, ""tofer"": NaN, ""swfac"": 0.0, ""nstres"": 0.1029505729675293}",0.0,0.1029505729675293,15827.138671875,7669.82666015625,2.4541125297546387,30.0,,0.0,0.0,30.0,180.0,39.93561401367188,51.93561401367188,Leave_One_experiments/all_year_offline_schedule_search/daily_outputs/SYA/SYA_2023_SYA2023_normal_grid_S0031_daily.csv
SYA,SYA,Shenyang,2023,Leave_One_experiments\wth_generated_qc\SYA\SYA2023.WTH,normal_year;nitrogen_stress_year;low_response_year,normal,SYA2023_normal_grid_S0031,irrigation_positive_candidate,2023-08-17,229,124,119,"{""sim_day"": 124.0, ""doy"": 229.0, ""topwt"": 16104.759521484377, ""grnwt"": 8023.9892578125, ""xlai"": 2.3688344955444336, ""totir"": 30.0, ""tofer"": NaN, ""swfac"": 0.0, ""nstres"": 0.1365833282470703}",0.0,0.1365833282470703,16104.759521484377,8023.9892578125,2.3688344955444336,30.0,,0.0,0.0,30.0,180.0,39.93561401367188,51.93561401367188,Leave_One_experiments/all_year_offline_schedule_search/daily_outputs/SYA/SYA_2023_SYA2023_normal_grid_S0031_daily.csv
SYA,SYA,Shenyang,2023,Leave_One_experiments\wth_generated_qc\SYA\SYA2023.WTH,normal_year;nitrogen_stress_year;low_response_year,normal,SYA2023_normal_grid_S0031,irrigation_positive_candidate,2023-08-18,230,125,120,"{""sim_day"": 125.0, ""doy"": 230.0, ""topwt"": 16362.010498046877, ""grnwt"": 8367.083740234375, ""xlai"": 2.276653528213501, ""totir"": 30.0, ""tofer"": NaN, ""swfac"": 0.0, ""nstres"": 0.1756919026374817}",0.0,0.1756919026374817,16362.010498046877,8367.083740234375,2.276653528213501,30.0,,0.0,0.0,30.0,180.0,39.93561401367188,51.93561401367188,Leave_One_experiments/all_year_offline_schedule_search/daily_outputs/SYA/SYA_2023_SYA2023_normal_grid_S0031_daily.csv
SYA,SYA,Shenyang,2023,Leave_One_experiments\wth_generated_qc\SYA\SYA2023.WTH,normal_year;nitrogen_stress_year;low_response_year,normal,SYA2023_normal_grid_S0031,irrigation_positive_candidate,2023-08-19,231,126,121,"{""sim_day"": 126.0, ""doy"": 231.0, ""topwt"": 16608.05908203125, ""grnwt"": 8721.246337890625, ""xlai"": 2.1797780990600586, ""totir"": 30.0, ""tofer"": NaN, ""swfac"": 0.0, ""nstres"": 0.2144614458084106}",0.0,0.2144614458084106,16608.05908203125,8721.246337890625,2.1797780990600586,30.0,,0.0,0.0,30.0,180.0,39.93561401367188,51.93561401367188,Leave_One_experiments/all_year_offline_schedule_search/daily_outputs/SYA/SYA_2023_SYA2023_normal_grid_S0031_daily.csv
SYA,SYA,Shenyang,2023,Leave_One_experiments\wth_generated_qc\SYA\SYA2023.WTH,normal_year;nitrogen_stress_year;low_response_year,normal,SYA2023_normal_grid_S0031,irrigation_positive_candidate,2023-08-20,232,127,122,"{""sim_day"": 127.0, ""doy"": 232.0, ""topwt"": 16578.61328125, ""grnwt"": 8762.943115234375, ""xlai"": 2.0957350730896, ""totir"": 30.0, ""tofer"": NaN, ""swfac"": 0.0, ""nstres"": 0.3018795847892761}",0.0,0.3018795847892761,16578.61328125,8762.943115234375,2.0957350730896,30.0,,0.0,0.0,30.0,180.0,39.93561401367188,51.93561401367188,Leave_One_experiments/all_year_offline_schedule_search/daily_outputs/SYA/SYA_2023_SYA2023_normal_grid_S0031_daily.csv
SYA,SYA,Shenyang,2023,Leave_One_experiments\wth_generated_qc\SYA\SYA2023.WTH,normal_year;nitrogen_stress_year;low_response_year,normal,SYA2023_normal_grid_S0031,irrigation_positive_candidate,2023-08-21,233,128,123,"{""sim_day"": 128.0, ""doy"": 233.0, ""topwt"": 16796.26953125, ""grnwt"": 8980.599975585938, ""xlai"": 2.0034639835357666, ""totir"": 30.0, ""tofer"": NaN, ""swfac"": 0.0, ""nstres"": 0.254819393157959}",0.0,0.254819393157959,16796.26953125,8980.599975585938,2.0034639835357666,30.0,,0.0,0.0,30.0,180.0,39.93561401367188,51.93561401367188,Leave_One_experiments/all_year_offline_schedule_search/daily_outputs/SYA/SYA_2023_SYA2023_normal_grid_S0031_daily.csv
SYA,SYA,Shenyang,2023,Leave_One_experiments\wth_generated_qc\SYA\SYA2023.WTH,normal_year;nitrogen_stress_year;low_response_year,normal,SYA2023_normal_grid_S0031,irrigation_positive_candidate,2023-08-22,234,129,124,"{""sim_day"": 129.0, ""doy"": 234.0, ""topwt"": 17080.994873046875, ""grnwt"": 9265.324096679688, ""xlai"": 1.9192806482315063, ""totir"": 30.0, ""tofer"": NaN, ""swfac"": 0.0, ""nstres"": 0.2997219562530517}",0.0,0.2997219562530517,17080.994873046875,9265.324096679688,1.9192806482315063,30.0,,0.0,0.0,30.0,180.0,39.93561401367188,51.93561401367188,Leave_One_experiments/all_year_offline_schedule_search/daily_outputs/SYA/SYA_2023_SYA2023_normal_grid_S0031_daily.csv
SYA,SYA,Shenyang,2023,Leave_One_experiments\wth_generated_qc\SYA\SYA2023.WTH,normal_year;nitrogen_stress_year;low_response_year,normal,SYA2023_normal_grid_S0031,irrigation_positive_candidate,2023-08-23,235,130,125,"{""sim_day"": 130.0, ""doy"": 235.0, ""topwt"": 17326.195068359375, ""grnwt"": 9510.525512695312, ""xlai"": 1.826423168182373, ""totir"": 30.0, ""tofer"": NaN, ""swfac"": 0.0, ""nstres"": 0.3900425434112549}",0.0,0.3900425434112549,17326.195068359375,9510.525512695312,1.826423168182373,30.0,,0.0,0.0,30.0,180.0,39.93561401367188,51.93561401367188,Leave_One_experiments/all_year_offline_schedule_search/daily_outputs/SYA/SYA_2023_SYA2023_normal_grid_S0031_daily.csv
SYA,SYA,Shenyang,2023,Leave_One_experiments\wth_generated_qc\SYA\SYA2023.WTH,normal_year;nitrogen_stress_year;low_response_year,normal,SYA2023_normal_grid_S0031,irrigation_positive_candidate,2023-08-24,236,131,126,"{""sim_day"": 131.0, ""doy"": 236.0, ""topwt"": 17509.080810546875, ""grnwt"": 9693.411254882812, ""xlai"": 1.7304292917251587, ""totir"": 30.0, ""tofer"": NaN, ""swfac"": 0.0, ""nstres"": 0.4530435800552368}",0.0,0.4530435800552368,17509.080810546875,9693.411254882812,1.7304292917251587,30.0,,0.0,0.0,30.0,180.0,39.93561401367188,51.93561401367188,Leave_One_experiments/all_year_offline_schedule_search/daily_outputs/SYA/SYA_2023_SYA2023_normal_grid_S0031_daily.csv
SYA,SYA,Shenyang,2023,Leave_One_experiments\wth_generated_qc\SYA\SYA2023.WTH,normal_year;nitrogen_stress_year;low_response_year,normal,SYA2023_normal_grid_S0031,irrigation_positive_candidate,2023-08-25,237,132,127,"{""sim_day"": 132.0, ""doy"": 237.0, ""topwt"": 17635.006103515625, ""grnwt"": 9819.336547851562, ""xlai"": 1.6416349411010742, ""totir"": 30.0, ""tofer"": NaN, ""swfac"": 0.0, ""nstres"": 0.4876088500022888}",0.0,0.4876088500022888,17635.006103515625,9819.336547851562,1.6416349411010742,30.0,,0.0,0.0,30.0,180.0,39.93561401367188,51.93561401367188,Leave_One_experiments/all_year_offline_schedule_search/daily_outputs/SYA/SYA_2023_SYA2023_normal_grid_S0031_daily.csv
SYA,SYA,Shenyang,2023,Leave_One_experiments\wth_generated_qc\SYA\SYA2023.WTH,normal_year;nitrogen_stress_year;low_response_year,normal,SYA2023_normal_grid_S0031,irrigation_positive_candidate,2023-08-26,238,133,128,"{""sim_day"": 133.0, ""doy"": 238.0, ""topwt"": 17767.57568359375, ""grnwt"": 9951.905517578123, ""xlai"": 1.5491583347320557, ""totir"": 30.0, ""tofer"": NaN, ""swfac"": 0.0, ""nstres"": 0.50190269947052}",0.0,0.50190269947052,17767.57568359375,9951.905517578123,1.5491583347320557,30.0,,0.0,0.0,30.0,180.0,39.93561401367188,51.93561401367188,Leave_One_experiments/all_year_offline_schedule_search/daily_outputs/SYA/SYA_2023_SYA2023_normal_grid_S0031_daily.csv
SYA,SYA,Shenyang,2023,Leave_One_experiments\wth_generated_qc\SYA\SYA2023.WTH,normal_year;nitrogen_stress_year;low_response_year,normal,SYA2023_normal_grid_S0031,irrigation_positive_candidate,2023-08-27,239,134,129,"{""sim_day"": 134.0, ""doy"": 239.0, ""topwt"": 17809.23095703125, ""grnwt"": 9993.561401367188, ""xlai"": 1.4554790258407593, ""totir"": 30.0, ""tofer"": NaN, ""swfac"": 0.0, ""nstres"": 0.5130463242530823}",0.0,0.5130463242530823,17809.23095703125,9993.561401367188,1.4554790258407593,30.0,,0.0,0.0,30.0,180.0,39.93561401367188,51.93561401367188,Leave_One_experiments/all_year_offline_schedule_search/daily_outputs/SYA/SYA_2023_SYA2023_normal_grid_S0031_daily.csv
SYA,SYA,Shenyang,2023,Leave_One_experiments\wth_generated_qc\SYA\SYA2023.WTH,normal_year;nitrogen_stress_year;low_response_year,normal,SYA2023_normal_grid_S0031,irrigation_positive_candidate,2023-08-28,240,135,130,"{""sim_day"": 135.0, ""doy"": 240.0, ""topwt"": 17809.23095703125, ""grnwt"": 9993.561401367188, ""xlai"": 1.4554790258407593, ""totir"": 30.0, ""tofer"": NaN, ""swfac"": 0.0, ""nstres"": 0.4940947890281677}",0.0,0.4940947890281677,17809.23095703125,9993.561401367188,1.4554790258407593,30.0,,0.0,0.0,30.0,180.0,39.93561401367188,51.93561401367188,Leave_One_experiments/all_year_offline_schedule_search/daily_outputs/SYA/SYA_2023_SYA2023_normal_grid_S0031_daily.csv
SYA,SYA,Shenyang,2023,Leave_One_experiments\wth_generated_qc\SYA\SYA2023.WTH,normal_year;nitrogen_stress_year;low_response_year,normal,SYA2023_normal_grid_S0031,irrigation_positive_candidate,2023-08-29,241,136,131,"{""sim_day"": 136.0, ""doy"": 241.0, ""topwt"": 17809.23095703125, ""grnwt"": 9993.561401367188, ""xlai"": 1.4554790258407593, ""totir"": 30.0, ""tofer"": NaN, ""swfac"": 0.0, ""nstres"": 0.4940947890281677}",0.0,0.4940947890281677,17809.23095703125,9993.561401367188,1.4554790258407593,30.0,,0.0,0.0,30.0,180.0,39.93561401367188,51.93561401367188,Leave_One_experiments/all_year_offline_schedule_search/daily_outputs/SYA/SYA_2023_SYA2023_normal_grid_S0031_daily.csv
SYA,SYA,Shenyang,2023,Leave_One_experiments\wth_generated_qc\SYA\SYA2023.WTH,normal_year;nitrogen_stress_year;low_response_year,normal,SYA2023_normal_grid_S0031,irrigation_positive_candidate,2023-08-30,242,137,132,"{""sim_day"": 137.0, ""doy"": 242.0, ""topwt"": 17809.23095703125, ""grnwt"": 9993.561401367188, ""xlai"": 1.4554790258407593, ""totir"": 30.0, ""tofer"": NaN, ""swfac"": 0.0, ""nstres"": 0.4940947890281677}",0.0,0.4940947890281677,17809.23095703125,9993.561401367188,1.4554790258407593,30.0,,0.0,0.0,30.0,180.0,39.93561401367188,51.93561401367188,Leave_One_experiments/all_year_offline_schedule_search/daily_outputs/SYA/SYA_2023_SYA2023_normal_grid_S0031_daily.csv
SYA,SYA,Shenyang,2023,Leave_One_experiments\wth_generated_qc\SYA\SYA2023.WTH,normal_year;nitrogen_stress_year;low_response_year,normal,SYA2023_normal_grid_S0031,irrigation_positive_candidate,2023-08-31,243,138,133,"{""sim_day"": 138.0, ""doy"": 243.0, ""topwt"": 17809.23095703125, ""grnwt"": 9993.561401367188, ""xlai"": 1.4554790258407593, ""totir"": 30.0, ""tofer"": NaN, ""swfac"": 0.0, ""nstres"": 0.4940947890281677}",0.0,0.4940947890281677,17809.23095703125,9993.561401367188,1.4554790258407593,30.0,,0.0,0.0,30.0,180.0,39.93561401367188,51.93561401367188,Leave_One_experiments/all_year_offline_schedule_search/daily_outputs/SYA/SYA_2023_SYA2023_normal_grid_S0031_daily.csv
SYA,SYA,Shenyang,2023,Leave_One_experiments\wth_generated_qc\SYA\SYA2023.WTH,normal_year;nitrogen_stress_year;low_response_year,normal,SYA2023_normal_grid_S0028,low_input_within_10pct_yield,2023-04-21,111,1,1,"{""sim_day"": 1.0, ""doy"": 111.0, ""topwt"": 0.0, ""grnwt"": 0.0, ""xlai"": 0.0, ""totir"": 0.0, ""tofer"": NaN, ""swfac"": 0.0, ""nstres"": 0.0}",0.0,0.0,0.0,0.0,0.0,0.0,,0.0,80.0,0.0,180.0,54.281787109375,54.281787109375,Leave_One_experiments/all_year_offline_schedule_search/daily_outputs/SYA/SYA_2023_SYA2023_normal_grid_S0028_daily.csv
SYA,SYA,Shenyang,2023,Leave_One_experiments\wth_generated_qc\SYA\SYA2023.WTH,normal_year;nitrogen_stress_year;low_response_year,normal,SYA2023_normal_grid_S0028,low_input_within_10pct_yield,2023-04-22,112,2,2,"{""sim_day"": 2.0, ""doy"": 112.0, ""topwt"": 0.0, ""grnwt"": 0.0, ""xlai"": 0.0, ""totir"": 0.0, ""tofer"": NaN, ""swfac"": 0.0, ""nstres"": 0.0}",0.0,0.0,0.0,0.0,0.0,0.0,,0.0,0.0,0.0,180.0,54.281787109375,54.281787109375,Leave_One_experiments/all_year_offline_schedule_search/daily_outputs/SYA/SYA_2023_SYA2023_normal_grid_S0028_daily.csv
SYA,SYA,Shenyang,2023,Leave_One_experiments\wth_generated_qc\SYA\SYA2023.WTH,normal_year;nitrogen_stress_year;low_response_year,normal,SYA2023_normal_grid_S0028,low_input_within_10pct_yield,2023-04-23,113,3,3,"{""sim_day"": 3.0, ""doy"": 113.0, ""topwt"": 0.0, ""grnwt"": 0.0, ""xlai"": 0.0, ""totir"": 0.0, ""tofer"": NaN, ""swfac"": 0.0, ""nstres"": 0.0}",0.0,0.0,0.0,0.0,0.0,0.0,,0.0,0.0,0.0,180.0,54.281787109375,54.281787109375,Leave_One_experiments/all_year_offline_schedule_search/daily_outputs/SYA/SYA_2023_SYA2023_normal_grid_S0028_daily.csv
SYA,SYA,Shenyang,2023,Leave_One_experiments\wth_generated_qc\SYA\SYA2023.WTH,normal_year;nitrogen_stress_year;low_response_year,normal,SYA2023_normal_grid_S0028,low_input_within_10pct_yield,2023-04-24,114,4,4,"{""sim_day"": 4.0, ""doy"": 114.0, ""topwt"": 0.0, ""grnwt"": 0.0, ""xlai"": 0.0, ""totir"": 0.0, ""tofer"": NaN, ""swfac"": 0.0, ""nstres"": 0.0}",0.0,0.0,0.0,0.0,0.0,0.0,,0.0,0.0,0.0,180.0,54.281787109375,54.281787109375,Leave_One_experiments/all_year_offline_schedule_search/daily_outputs/SYA/SYA_2023_SYA2023_normal_grid_S0028_daily.csv
SYA,SYA,Shenyang,2023,Leave_One_experiments\wth_generated_qc\SYA\SYA2023.WTH,normal_year;nitrogen_stress_year;low_response_year,normal,SYA2023_normal_grid_S0028,low_input_within_10pct_yield,2023-04-25,115,5,5,"{""sim_day"": 5.0, ""doy"": 115.0, ""topwt"": 0.0, ""grnwt"": 0.0, ""xlai"": 0.0, ""totir"": 0.0, ""tofer"": NaN, ""swfac"": 0.0, ""nstres"": 0.0}",0.0,0.0,0.0,0.0,0.0,0.0,,0.0,0.0,0.0,180.0,54.281787109375,54.281787109375,Leave_One_experiments/all_year_offline_schedule_search/daily_outputs/SYA/SYA_2023_SYA2023_normal_grid_S0028_daily.csv
SYA,SYA,Shenyang,2023,Leave_One_experiments\wth_generated_qc\SYA\SYA2023.WTH,normal_year;nitrogen_stress_year;low_response_year,normal,SYA2023_normal_grid_S0028,low_input_within_10pct_yield,2023-04-21,111,6,1,"{""sim_day"": 6.0, ""doy"": 111.0, ""topwt"": 0.0, ""grnwt"": 0.0, ""xlai"": 0.0, ""totir"": 0.0, ""tofer"": NaN, ""swfac"": 0.0, ""nstres"": 0.0}",0.0,0.0,0.0,0.0,0.0,0.0,,0.0,0.0,0.0,180.0,54.281787109375,54.281787109375,Leave_One_experiments/all_year_offline_schedule_search/daily_outputs/SYA/SYA_2023_SYA2023_normal_grid_S0028_daily.csv
SYA,SYA,Shenyang,2023,Leave_One_experiments\wth_generated_qc\SYA\SYA2023.WTH,normal_year;nitrogen_stress_year;low_response_year,normal,SYA2023_normal_grid_S0028,low_input_within_10pct_yield,2023-04-22,112,7,2,"{""sim_day"": 7.0, ""doy"": 112.0, ""topwt"": 0.0, ""grnwt"": 0.0, ""xlai"": 0.0, ""totir"": 0.0, ""tofer"": NaN, ""swfac"": 0.0, ""nstres"": 0.0}",0.0,0.0,0.0,0.0,0.0,0.0,,0.0,0.0,0.0,180.0,54.281787109375,54.281787109375,Leave_One_experiments/all_year_offline_schedule_search/daily_outputs/SYA/SYA_2023_SYA2023_normal_grid_S0028_daily.csv
SYA,SYA,Shenyang,2023,Leave_One_experiments\wth_generated_qc\SYA\SYA2023.WTH,normal_year;nitrogen_stress_year;low_response_year,normal,SYA2023_normal_grid_S0028,low_input_within_10pct_yield,2023-04-23,113,8,3,"{""sim_day"": 8.0, ""doy"": 113.0, ""topwt"": 0.0, ""grnwt"": 0.0, ""xlai"": 0.0, ""totir"": 0.0, ""tofer"": NaN, ""swfac"": 0.0, ""nstres"": 0.0}",0.0,0.0,0.0,0.0,0.0,0.0,,0.0,0.0,0.0,180.0,54.281787109375,54.281787109375,Leave_One_experiments/all_year_offline_schedule_search/daily_outputs/SYA/SYA_2023_SYA2023_normal_grid_S0028_daily.csv
SYA,SYA,Shenyang,2023,Leave_One_experiments\wth_generated_qc\SYA\SYA2023.WTH,normal_year;nitrogen_stress_year;low_response_year,normal,SYA2023_normal_grid_S0028,low_input_within_10pct_yield,2023-04-24,114,9,4,"{""sim_day"": 9.0, ""doy"": 114.0, ""topwt"": 0.0, ""grnwt"": 0.0, ""xlai"": 0.0, ""totir"": 0.0, ""tofer"": NaN, ""swfac"": 0.0, ""nstres"": 0.0}",0.0,0.0,0.0,0.0,0.0,0.0,,0.0,0.0,0.0,180.0,54.281787109375,54.281787109375,Leave_One_experiments/all_year_offline_schedule_search/daily_outputs/SYA/SYA_2023_SYA2023_normal_grid_S0028_daily.csv
SYA,SYA,Shenyang,2023,Leave_One_experiments\wth_generated_qc\SYA\SYA2023.WTH,normal_year;nitrogen_stress_year;low_response_year,normal,SYA2023_normal_grid_S0028,low_input_within_10pct_yield,2023-04-25,115,10,5,"{""sim_day"": 10.0, ""doy"": 115.0, ""topwt"": 0.0, ""grnwt"": 0.0, ""xlai"": 0.0, ""totir"": 0.0, ""tofer"": NaN, ""swfac"": 0.0, ""nstres"": 0.0}",0.0,0.0,0.0,0.0,0.0,0.0,,0.0,0.0,0.0,180.0,54.281787109375,54.281787109375,Leave_One_experiments/all_year_offline_schedule_search/daily_outputs/SYA/SYA_2023_SYA2023_normal_grid_S0028_daily.csv
SYA,SYA,Shenyang,2023,Leave_One_experiments\wth_generated_qc\SYA\SYA2023.WTH,normal_year;nitrogen_stress_year;low_response_year,normal,SYA2023_normal_grid_S0028,low_input_within_10pct_yield,2023-04-26,116,11,6,"{""sim_day"": 11.0, ""doy"": 116.0, ""topwt"": 0.0, ""grnwt"": 0.0, ""xlai"": 0.0, ""totir"": 0.0, ""tofer"": NaN, ""swfac"": 0.0, ""nstres"": 0.0}",0.0,0.0,0.0,0.0,0.0,0.0,,0.0,0.0,0.0,180.0,54.281787109375,54.281787109375,Leave_One_experiments/all_year_offline_schedule_search/daily_outputs/SYA/SYA_2023_SYA2023_normal_grid_S0028_daily.csv
SYA,SYA,Shenyang,2023,Leave_One_experiments\wth_generated_qc\SYA\SYA2023.WTH,normal_year;nitrogen_stress_year;low_response_year,normal,SYA2023_normal_grid_S0028,low_input_within_10pct_yield,2023-04-27,117,12,7,"{""sim_day"": 12.0, ""doy"": 117.0, ""topwt"": 0.0, ""grnwt"": 0.0, ""xlai"": 0.0, ""totir"": 0.0, ""tofer"": NaN, ""swfac"": 0.0, ""nstres"": 0.0}",0.0,0.0,0.0,0.0,0.0,0.0,,0.0,0.0,0.0,180.0,54.281787109375,54.281787109375,Leave_One_experiments/all_year_offline_schedule_search/daily_outputs/SYA/SYA_2023_SYA2023_normal_grid_S0028_daily.csv
SYA,SYA,Shenyang,2023,Leave_One_experiments\wth_generated_qc\SYA\SYA2023.WTH,normal_year;nitrogen_stress_year;low_response_year,normal,SYA2023_normal_grid_S0028,low_input_within_10pct_yield,2023-04-28,118,13,8,"{""sim_day"": 13.0, ""doy"": 118.0, ""topwt"": 0.0, ""grnwt"": 0.0, ""xlai"": 0.0, ""totir"": 0.0, ""tofer"": NaN, ""swfac"": 0.0, ""nstres"": 0.0}",0.0,0.0,0.0,0.0,0.0,0.0,,0.0,0.0,0.0,180.0,54.281787109375,54.281787109375,Leave_One_experiments/all_year_offline_schedule_search/daily_outputs/SYA/SYA_2023_SYA2023_normal_grid_S0028_daily.csv
SYA,SYA,Shenyang,2023,Leave_One_experiments\wth_generated_qc\SYA\SYA2023.WTH,normal_year;nitrogen_stress_year;low_response_year,normal,SYA2023_normal_grid_S0028,low_input_within_10pct_yield,2023-04-29,119,14,9,"{""sim_day"": 14.0, ""doy"": 119.0, ""topwt"": 0.0, ""grnwt"": 0.0, ""xlai"": 0.0, ""totir"": 0.0, ""tofer"": NaN, ""swfac"": 0.0, ""nstres"": 0.0}",0.0,0.0,0.0,0.0,0.0,0.0,,0.0,0.0,0.0,180.0,54.281787109375,54.281787109375,Leave_One_experiments/all_year_offline_schedule_search/daily_outputs/SYA/SYA_2023_SYA2023_normal_grid_S0028_daily.csv
SYA,SYA,Shenyang,2023,Leave_One_experiments\wth_generated_qc\SYA\SYA2023.WTH,normal_year;nitrogen_stress_year;low_response_year,normal,SYA2023_normal_grid_S0028,low_input_within_10pct_yield,2023-04-30,120,15,10,"{""sim_day"": 15.0, ""doy"": 120.0, ""topwt"": 0.0, ""grnwt"": 0.0, ""xlai"": 0.0, ""totir"": 0.0, ""tofer"": NaN, ""swfac"": 0.0, ""nstres"": 0.0}",0.0,0.0,0.0,0.0,0.0,0.0,,0.0,0.0,0.0,180.0,54.281787109375,54.281787109375,Leave_One_experiments/all_year_offline_schedule_search/daily_outputs/SYA/SYA_2023_SYA2023_normal_grid_S0028_daily.csv
SYA,SYA,Shenyang,2023,Leave_One_experiments\wth_generated_qc\SYA\SYA2023.WTH,normal_year;nitrogen_stress_year;low_response_year,normal,SYA2023_normal_grid_S0028,low_input_within_10pct_yield,2023-05-01,121,16,11,"{""sim_day"": 16.0, ""doy"": 121.0, ""topwt"": 0.0, ""grnwt"": 0.0, ""xlai"": 0.0, ""totir"": 0.0, ""tofer"": NaN, ""swfac"": 0.0, ""nstres"": 0.0}",0.0,0.0,0.0,0.0,0.0,0.0,,0.0,0.0,0.0,180.0,54.281787109375,54.281787109375,Leave_One_experiments/all_year_offline_schedule_search/daily_outputs/SYA/SYA_2023_SYA2023_normal_grid_S0028_daily.csv
SYA,SYA,Shenyang,2023,Leave_One_experiments\wth_generated_qc\SYA\SYA2023.WTH,normal_year;nitrogen_stress_year;low_response_year,normal,SYA2023_normal_grid_S0028,low_input_within_10pct_yield,2023-05-02,122,17,12,"{""sim_day"": 17.0, ""doy"": 122.0, ""topwt"": 0.0, ""grnwt"": 0.0, ""xlai"": 0.0, ""totir"": 0.0, ""tofer"": NaN, ""swfac"": 0.0, ""nstres"": 0.0}",0.0,0.0,0.0,0.0,0.0,0.0,,0.0,0.0,0.0,180.0,54.281787109375,54.281787109375,Leave_One_experiments/all_year_offline_schedule_search/daily_outputs/SYA/SYA_2023_SYA2023_normal_grid_S0028_daily.csv
SYA,SYA,Shenyang,2023,Leave_One_experiments\wth_generated_qc\SYA\SYA2023.WTH,normal_year;nitrogen_stress_year;low_response_year,normal,SYA2023_normal_grid_S0028,low_input_within_10pct_yield,2023-05-03,123,18,13,"{""sim_day"": 18.0, ""doy"": 123.0, ""topwt"": 0.0, ""grnwt"": 0.0, ""xlai"": 0.0, ""totir"": 0.0, ""tofer"": NaN, ""swfac"": 0.0, ""nstres"": 0.0}",0.0,0.0,0.0,0.0,0.0,0.0,,0.0,0.0,0.0,180.0,54.281787109375,54.281787109375,Leave_One_experiments/all_year_offline_schedule_search/daily_outputs/SYA/SYA_2023_SYA2023_normal_grid_S0028_daily.csv
SYA,SYA,Shenyang,2023,Leave_One_experiments\wth_generated_qc\SYA\SYA2023.WTH,normal_year;nitrogen_stress_year;low_response_year,normal,SYA2023_normal_grid_S0028,low_input_within_10pct_yield,2023-05-04,124,19,14,"{""sim_day"": 19.0, ""doy"": 124.0, ""topwt"": 17.600001096725464, ""grnwt"": 0.0, ""xlai"": 0.0013041353086009, ""totir"": 0.0, ""tofer"": NaN, ""swfac"": 0.0, ""nstres"": 0.0121910572052001}",0.0,0.0121910572052001,17.600001096725464,0.0,0.0013041353086009,0.0,,0.0,0.0,0.0,180.0,54.281787109375,54.281787109375,Leave_One_experiments/all_year_offline_schedule_search/daily_outputs/SYA/SYA_2023_SYA2023_normal_grid_S0028_daily.csv
SYA,SYA,Shenyang,2023,Leave_One_experiments\wth_generated_qc\SYA\SYA2023.WTH,normal_year;nitrogen_stress_year;low_response_year,normal,SYA2023_normal_grid_S0028,low_input_within_10pct_yield,2023-05-05,125,20,15,"{""sim_day"": 20.0, ""doy"": 125.0, ""topwt"": 17.600001096725464, ""grnwt"": 0.0, ""xlai"": 0.0024267469998449, ""totir"": 0.0, ""tofer"": NaN, ""swfac"": 0.0, ""nstres"": 0.0159885883331298}",0.0,0.0159885883331298,17.600001096725464,0.0,0.0024267469998449,0.0,,0.0,0.0,0.0,180.0,54.281787109375,54.281787109375,Leave_One_experiments/all_year_offline_schedule_search/daily_outputs/SYA/SYA_2023_SYA2023_normal_grid_S0028_daily.csv
SYA,SYA,Shenyang,2023,Leave_One_experiments\wth_generated_qc\SYA\SYA2023.WTH,normal_year;nitrogen_stress_year;low_response_year,normal,SYA2023_normal_grid_S0028,low_input_within_10pct_yield,2023-05-06,126,21,16,"{""sim_day"": 21.0, ""doy"": 126.0, ""topwt"": 17.600001096725464, ""grnwt"": 0.0, ""xlai"": 0.0033136026468127, ""totir"": 0.0, ""tofer"": NaN, ""swfac"": 0.0, ""nstres"": 0.0131745338439941}",0.0,0.0131745338439941,17.600001096725464,0.0,0.0033136026468127,0.0,,0.0,0.0,0.0,180.0,54.281787109375,54.281787109375,Leave_One_experiments/all_year_offline_schedule_search/daily_outputs/SYA/SYA_2023_SYA2023_normal_grid_S0028_daily.csv
SYA,SYA,Shenyang,2023,Leave_One_experiments\wth_generated_qc\SYA\SYA2023.WTH,normal_year;nitrogen_stress_year;low_response_year,normal,SYA2023_normal_grid_S0028,low_input_within_10pct_yield,2023-05-07,127,22,17,"{""sim_day"": 22.0, ""doy"": 127.0, ""topwt"": 17.600001096725464, ""grnwt"": 0.0, ""xlai"": 0.0048232115805149, ""totir"": 0.0, ""tofer"": NaN, ""swfac"": 0.0, ""nstres"": 0.0088738203048706}",0.0,0.0088738203048706,17.600001096725464,0.0,0.0048232115805149,0.0,,0.0,0.0,0.0,180.0,54.281787109375,54.281787109375,Leave_One_experiments/all_year_offline_schedule_search/daily_outputs/SYA/SYA_2023_SYA2023_normal_grid_S0028_daily.csv
SYA,SYA,Shenyang,2023,Leave_One_experiments\wth_generated_qc\SYA\SYA2023.WTH,normal_year;nitrogen_stress_year;low_response_year,normal,SYA2023_normal_grid_S0028,low_input_within_10pct_yield,2023-05-08,128,23,18,"{""sim_day"": 23.0, ""doy"": 128.0, ""topwt"": 17.600001096725464, ""grnwt"": 0.0, ""xlai"": 0.0062310798093676, ""totir"": 0.0, ""tofer"": NaN, ""swfac"": 0.0, ""nstres"": 0.0051091909408569}",0.0,0.0051091909408569,17.600001096725464,0.0,0.0062310798093676,0.0,,0.0,0.0,0.0,180.0,54.281787109375,54.281787109375,Leave_One_experiments/all_year_offline_schedule_search/daily_outputs/SYA/SYA_2023_SYA2023_normal_grid_S0028_daily.csv
SYA,SYA,Shenyang,2023,Leave_One_experiments\wth_generated_qc\SYA\SYA2023.WTH,normal_year;nitrogen_stress_year;low_response_year,normal,SYA2023_normal_grid_S0028,low_input_within_10pct_yield,2023-05-09,129,24,19,"{""sim_day"": 24.0, ""doy"": 129.0, ""topwt"": 17.600001096725464, ""grnwt"": 0.0, ""xlai"": 0.0079193208366632, ""totir"": 0.0, ""tofer"": NaN, ""swfac"": 0.0, ""nstres"": 0.0008943676948547}",0.0,0.0008943676948547,17.600001096725464,0.0,0.0079193208366632,0.0,,0.0,0.0,0.0,180.0,54.281787109375,54.281787109375,Leave_One_experiments/all_year_offline_schedule_search/daily_outputs/SYA/SYA_2023_SYA2023_normal_grid_S0028_daily.csv
SYA,SYA,Shenyang,2023,Leave_One_experiments\wth_generated_qc\SYA\SYA2023.WTH,normal_year;nitrogen_stress_year;low_response_year,normal,SYA2023_normal_grid_S0028,low_input_within_10pct_yield,2023-05-10,130,25,20,"{""sim_day"": 25.0, ""doy"": 130.0, ""topwt"": 17.600001096725464, ""grnwt"": 0.0, ""xlai"": 0.0095178009942173, ""totir"": 0.0, ""tofer"": NaN, ""swfac"": 0.0, ""nstres"": 0.0}",0.0,0.0,17.600001096725464,0.0,0.0095178009942173,0.0,,0.0,0.0,0.0,180.0,54.281787109375,54.281787109375,Leave_One_experiments/all_year_offline_schedule_search/daily_outputs/SYA/SYA_2023_SYA2023_normal_grid_S0028_daily.csv
SYA,SYA,Shenyang,2023,Leave_One_experiments\wth_generated_qc\SYA\SYA2023.WTH,normal_year;nitrogen_stress_year;low_response_year,normal,SYA2023_normal_grid_S0028,low_input_within_10pct_yield,2023-05-11,131,26,21,"{""sim_day"": 26.0, ""doy"": 131.0, ""topwt"": 17.600001096725464, ""grnwt"": 0.0, ""xlai"": 0.0119740357622504, ""totir"": 0.0, ""tofer"": NaN, ""swfac"": 0.0, ""nstres"": 0.0}",0.0,0.0,17.600001096725464,0.0,0.0119740357622504,0.0,,0.0,0.0,0.0,180.0,54.281787109375,54.281787109375,Leave_One_experiments/all_year_offline_schedule_search/daily_outputs/SYA/SYA_2023_SYA2023_normal_grid_S0028_daily.csv
SYA,SYA,Shenyang,2023,Leave_One_experiments\wth_generated_qc\SYA\SYA2023.WTH,normal_year;nitrogen_stress_year;low_response_year,normal,SYA2023_normal_grid_S0028,low_input_within_10pct_yield,2023-05-12,132,27,22,"{""sim_day"": 27.0, ""doy"": 132.0, ""topwt"": 17.600001096725464, ""grnwt"": 0.0, ""xlai"": 0.0158672761172056, ""totir"": 0.0, ""tofer"": NaN, ""swfac"": 0.0, ""nstres"": 0.0}",0.0,0.0,17.600001096725464,0.0,0.0158672761172056,0.0,,0.0,0.0,0.0,180.0,54.281787109375,54.281787109375,Leave_One_experiments/all_year_offline_schedule_search/daily_outputs/SYA/SYA_2023_SYA2023_normal_grid_S0028_daily.csv
SYA,SYA,Shenyang,2023,Leave_One_experiments\wth_generated_qc\SYA\SYA2023.WTH,normal_year;nitrogen_stress_year;low_response_year,normal,SYA2023_normal_grid_S0028,low_input_within_10pct_yield,2023-05-13,133,28,23,"{""sim_day"": 28.0, ""doy"": 133.0, ""topwt"": 17.600001096725464, ""grnwt"": 0.0, ""xlai"": 0.023339707404375, ""totir"": 0.0, ""tofer"": NaN, ""swfac"": 0.0, ""nstres"": 0.0}",0.0,0.0,17.600001096725464,0.0,0.023339707404375,0.0,,0.0,0.0,0.0,180.0,54.281787109375,54.281787109375,Leave_One_experiments/all_year_offline_schedule_search/daily_outputs/SYA/SYA_2023_SYA2023_normal_grid_S0028_daily.csv
SYA,SYA,Shenyang,2023,Leave_One_experiments\wth_generated_qc\SYA\SYA2023.WTH,normal_year;nitrogen_stress_year;low_response_year,normal,SYA2023_normal_grid_S0028,low_input_within_10pct_yield,2023-05-14,134,29,24,"{""sim_day"": 29.0, ""doy"": 134.0, ""topwt"": 18.176361322402958, ""grnwt"": 0.0, ""xlai"": 0.0317297279834747, ""totir"": 0.0, ""tofer"": NaN, ""swfac"": 0.0, ""nstres"": 0.0}",0.0,0.0,18.176361322402958,0.0,0.0317297279834747,0.0,,0.0,0.0,0.0,180.0,54.281787109375,54.281787109375,Leave_One_experiments/all_year_offline_schedule_search/daily_outputs/SYA/SYA_2023_SYA2023_normal_grid_S0028_daily.csv
SYA,SYA,Shenyang,2023,Leave_One_experiments\wth_generated_qc\SYA\SYA2023.WTH,normal_year;nitrogen_stress_year;low_response_year,normal,SYA2023_normal_grid_S0028,low_input_within_10pct_yield,2023-05-15,135,30,25,"{""sim_day"": 30.0, ""doy"": 135.0, ""topwt"": 23.184163570404053, ""grnwt"": 0.0, ""xlai"": 0.0446166470646858, ""totir"": 0.0, ""tofer"": NaN, ""swfac"": 0.0, ""nstres"": 0.0}",0.0,0.0,23.184163570404053,0.0,0.0446166470646858,0.0,,0.0,0.0,0.0,180.0,54.281787109375,54.281787109375,Leave_One_experiments/all_year_offline_schedule_search/daily_outputs/SYA/SYA_2023_SYA2023_normal_grid_S0028_daily.csv
SYA,SYA,Shenyang,2023,Leave_One_experiments\wth_generated_qc\SYA\SYA2023.WTH,normal_year;nitrogen_stress_year;low_response_year,normal,SYA2023_normal_grid_S0028,low_input_within_10pct_yield,2023-05-16,136,31,26,"{""sim_day"": 31.0, ""doy"": 136.0, ""topwt"": 26.356801986694336, ""grnwt"": 0.0, ""xlai"": 0.0522856414318084, ""totir"": 0.0, ""tofer"": NaN, ""swfac"": 0.0, ""nstres"": 0.0}",0.0,0.0,26.356801986694336,0.0,0.0522856414318084,0.0,,0.0,0.0,0.0,180.0,54.281787109375,54.281787109375,Leave_One_experiments/all_year_offline_schedule_search/daily_outputs/SYA/SYA_2023_SYA2023_normal_grid_S0028_daily.csv
SYA,SYA,Shenyang,2023,Leave_One_experiments\wth_generated_qc\SYA\SYA2023.WTH,normal_year;nitrogen_stress_year;low_response_year,normal,SYA2023_normal_grid_S0028,low_input_within_10pct_yield,2023-05-17,137,32,27,"{""sim_day"": 32.0, ""doy"": 137.0, ""topwt"": 30.12009620666504, ""grnwt"": 0.0, ""xlai"": 0.0610194988548755, ""totir"": 0.0, ""tofer"": NaN, ""swfac"": 0.0, ""nstres"": 0.0}",0.0,0.0,30.12009620666504,0.0,0.0610194988548755,0.0,,0.0,0.0,0.0,180.0,54.281787109375,54.281787109375,Leave_One_experiments/all_year_offline_schedule_search/daily_outputs/SYA/SYA_2023_SYA2023_normal_grid_S0028_daily.csv
SYA,SYA,Shenyang,2023,Leave_One_experiments\wth_generated_qc\SYA\SYA2023.WTH,normal_year;nitrogen_stress_year;low_response_year,normal,SYA2023_normal_grid_S0028,low_input_within_10pct_yield,2023-05-18,138,33,28,"{""sim_day"": 33.0, ""doy"": 138.0, ""topwt"": 35.147058963775635, ""grnwt"": 0.0, ""xlai"": 0.0722035020589828, ""totir"": 0.0, ""tofer"": NaN, ""swfac"": 0.0, ""nstres"": 0.0}",0.0,0.0,35.147058963775635,0.0,0.0722035020589828,0.0,,0.0,0.0,0.0,180.0,54.281787109375,54.281787109375,Leave_One_experiments/all_year_offline_schedule_search/daily_outputs/SYA/SYA_2023_SYA2023_normal_grid_S0028_daily.csv
SYA,SYA,Shenyang,2023,Leave_One_experiments\wth_generated_qc\SYA\SYA2023.WTH,normal_year;nitrogen_stress_year;low_response_year,normal,SYA2023_normal_grid_S0028,low_input_within_10pct_yield,2023-05-19,139,34,29,"{""sim_day"": 34.0, ""doy"": 139.0, ""topwt"": 39.55211877822876, ""grnwt"": 0.0, ""xlai"": 0.0816391855478286, ""totir"": 0.0, ""tofer"": NaN, ""swfac"": 0.0, ""nstres"": 0.0}",0.0,0.0,39.55211877822876,0.0,0.0816391855478286,0.0,,0.0,0.0,0.0,180.0,54.281787109375,54.281787109375,Leave_One_experiments/all_year_offline_schedule_search/daily_outputs/SYA/SYA_2023_SYA2023_normal_grid_S0028_daily.csv
SYA,SYA,Shenyang,2023,Leave_One_experiments\wth_generated_qc\SYA\SYA2023.WTH,normal_year;nitrogen_stress_year;low_response_year,normal,SYA2023_normal_grid_S0028,low_input_within_10pct_yield,2023-05-20,140,35,30,"{""sim_day"": 35.0, ""doy"": 140.0, ""topwt"": 44.52225208282471, ""grnwt"": 0.0, ""xlai"": 0.0919518396258354, ""totir"": 0.0, ""tofer"": NaN, ""swfac"": 0.0, ""nstres"": 0.0}",0.0,0.0,44.52225208282471,0.0,0.0919518396258354,0.0,,0.0,50.0,0.0,180.0,54.281787109375,54.281787109375,Leave_One_experiments/all_year_offline_schedule_search/daily_outputs/SYA/SYA_2023_SYA2023_normal_grid_S0028_daily.csv
SYA,SYA,Shenyang,2023,Leave_One_experiments\wth_generated_qc\SYA\SYA2023.WTH,normal_year;nitrogen_stress_year;low_response_year,normal,SYA2023_normal_grid_S0028,low_input_within_10pct_yield,2023-05-21,141,36,31,"{""sim_day"": 36.0, ""doy"": 141.0, ""topwt"": 50.68536281585693, ""grnwt"": 0.0, ""xlai"": 0.1043324768543243, ""totir"": 0.0, ""tofer"": NaN, ""swfac"": 0.0, ""nstres"": 0.0}",0.0,0.0,50.68536281585693,0.0,0.1043324768543243,0.0,,0.0,0.0,0.0,180.0,54.281787109375,54.281787109375,Leave_One_experiments/all_year_offline_schedule_search/daily_outputs/SYA/SYA_2023_SYA2023_normal_grid_S0028_daily.csv
SYA,SYA,Shenyang,2023,Leave_One_experiments\wth_generated_qc\SYA\SYA2023.WTH,normal_year;nitrogen_stress_year;low_response_year,normal,SYA2023_normal_grid_S0028,low_input_within_10pct_yield,2023-05-22,142,37,32,"{""sim_day"": 37.0, ""doy"": 142.0, ""topwt"": 58.99186134338379, ""grnwt"": 0.0, ""xlai"": 0.1204329282045364, ""totir"": 0.0, ""tofer"": NaN, ""swfac"": 0.0, ""nstres"": 0.0}",0.0,0.0,58.99186134338379,0.0,0.1204329282045364,0.0,,0.0,0.0,0.0,180.0,54.281787109375,54.281787109375,Leave_One_experiments/all_year_offline_schedule_search/daily_outputs/SYA/SYA_2023_SYA2023_normal_grid_S0028_daily.csv
SYA,SYA,Shenyang,2023,Leave_One_experiments\wth_generated_qc\SYA\SYA2023.WTH,normal_year;nitrogen_stress_year;low_response_year,normal,SYA2023_normal_grid_S0028,low_input_within_10pct_yield,2023-05-23,143,38,33,"{""sim_day"": 38.0, ""doy"": 143.0, ""topwt"": 69.37005996704102, ""grnwt"": 0.0, ""xlai"": 0.1397831439971923, ""totir"": 0.0, ""tofer"": NaN, ""swfac"": 0.0, ""nstres"": 0.0}",0.0,0.0,69.37005996704102,0.0,0.1397831439971923,0.0,,0.0,0.0,0.0,180.0,54.281787109375,54.281787109375,Leave_One_experiments/all_year_offline_schedule_search/daily_outputs/SYA/SYA_2023_SYA2023_normal_grid_S0028_daily.csv
SYA,SYA,Shenyang,2023,Leave_One_experiments\wth_generated_qc\SYA\SYA2023.WTH,normal_year;nitrogen_stress_year;low_response_year,normal,SYA2023_normal_grid_S0028,low_input_within_10pct_yield,2023-05-24,144,39,34,"{""sim_day"": 39.0, ""doy"": 144.0, ""topwt"": 78.81154537200928, ""grnwt"": 0.0, ""xlai"": 0.1567822694778442, ""totir"": 0.0, ""tofer"": NaN, ""swfac"": 0.0, ""nstres"": 0.0}",0.0,0.0,78.81154537200928,0.0,0.1567822694778442,0.0,,0.0,0.0,0.0,180.0,54.281787109375,54.281787109375,Leave_One_experiments/all_year_offline_schedule_search/daily_outputs/SYA/SYA_2023_SYA2023_normal_grid_S0028_daily.csv
SYA,SYA,Shenyang,2023,Leave_One_experiments\wth_generated_qc\SYA\SYA2023.WTH,normal_year;nitrogen_stress_year;low_response_year,normal,SYA2023_normal_grid_S0028,low_input_within_10pct_yield,2023-05-25,145,40,35,"{""sim_day"": 40.0, ""doy"": 145.0, ""topwt"": 87.24311828613281, ""grnwt"": 0.0, ""xlai"": 0.1832478046417236, ""totir"": 0.0, ""tofer"": NaN, ""swfac"": 0.0, ""nstres"": 0.0}",0.0,0.0,87.24311828613281,0.0,0.1832478046417236,0.0,,0.0,0.0,0.0,180.0,54.281787109375,54.281787109375,Leave_One_experiments/all_year_offline_schedule_search/daily_outputs/SYA/SYA_2023_SYA2023_normal_grid_S0028_daily.csv
SYA,SYA,Shenyang,2023,Leave_One_experiments\wth_generated_qc\SYA\SYA2023.WTH,normal_year;nitrogen_stress_year;low_response_year,normal,SYA2023_normal_grid_S0028,low_input_within_10pct_yield,2023-05-26,146,41,36,"{""sim_day"": 41.0, ""doy"": 146.0, ""topwt"": 99.5206356048584, ""grnwt"": 0.0, ""xlai"": 0.2056202143430709, ""totir"": 0.0, ""tofer"": NaN, ""swfac"": 0.0, ""nstres"": 0.0052659511566162}",0.0,0.0052659511566162,99.5206356048584,0.0,0.2056202143430709,0.0,,0.0,0.0,0.0,180.0,54.281787109375,54.281787109375,Leave_One_experiments/all_year_offline_schedule_search/daily_outputs/SYA/SYA_2023_SYA2023_normal_grid_S0028_daily.csv
SYA,SYA,Shenyang,2023,Leave_One_experiments\wth_generated_qc\SYA\SYA2023.WTH,normal_year;nitrogen_stress_year;low_response_year,normal,SYA2023_normal_grid_S0028,low_input_within_10pct_yield,2023-05-27,147,42,37,"{""sim_day"": 42.0, ""doy"": 147.0, ""topwt"": 115.3347396850586, ""grnwt"": 0.0, ""xlai"": 0.2335192859172821, ""totir"": 0.0, ""tofer"": NaN, ""swfac"": 0.0, ""nstres"": 0.0}",0.0,0.0,115.3347396850586,0.0,0.2335192859172821,0.0,,0.0,0.0,0.0,180.0,54.281787109375,54.281787109375,Leave_One_experiments/all_year_offline_schedule_search/daily_outputs/SYA/SYA_2023_SYA2023_normal_grid_S0028_daily.csv
SYA,SYA,Shenyang,2023,Leave_One_experiments\wth_generated_qc\SYA\SYA2023.WTH,normal_year;nitrogen_stress_year;low_response_year,normal,SYA2023_normal_grid_S0028,low_input_within_10pct_yield,2023-05-28,148,43,38,"{""sim_day"": 43.0, ""doy"": 148.0, ""topwt"": 135.39714813232422, ""grnwt"": 0.0, ""xlai"": 0.2676810920238495, ""totir"": 0.0, ""tofer"": NaN, ""swfac"": 0.0, ""nstres"": 0.0}",0.0,0.0,135.39714813232422,0.0,0.2676810920238495,0.0,,0.0,0.0,0.0,180.0,54.281787109375,54.281787109375,Leave_One_experiments/all_year_offline_schedule_search/daily_outputs/SYA/SYA_2023_SYA2023_normal_grid_S0028_daily.csv
SYA,SYA,Shenyang,2023,Leave_One_experiments\wth_generated_qc\SYA\SYA2023.WTH,normal_year;nitrogen_stress_year;low_response_year,normal,SYA2023_normal_grid_S0028,low_input_within_10pct_yield,2023-05-29,149,44,39,"{""sim_day"": 44.0, ""doy"": 149.0, ""topwt"": 154.29364204406738, ""grnwt"": 0.0, ""xlai"": 0.2988095283508301, ""totir"": 0.0, ""tofer"": NaN, ""swfac"": 0.0, ""nstres"": 0.0}",0.0,0.0,154.29364204406738,0.0,0.2988095283508301,0.0,,0.0,0.0,0.0,180.0,54.281787109375,54.281787109375,Leave_One_experiments/all_year_offline_schedule_search/daily_outputs/SYA/SYA_2023_SYA2023_normal_grid_S0028_daily.csv
SYA,SYA,Shenyang,2023,Leave_One_experiments\wth_generated_qc\SYA\SYA2023.WTH,normal_year;nitrogen_stress_year;low_response_year,normal,SYA2023_normal_grid_S0028,low_input_within_10pct_yield,2023-05-30,150,45,40,"{""sim_day"": 45.0, ""doy"": 150.0, ""topwt"": 175.7828140258789, ""grnwt"": 0.0, ""xlai"": 0.3331764638423919, ""totir"": 0.0, ""tofer"": NaN, ""swfac"": 0.0, ""nstres"": 0.0}",0.0,0.0,175.7828140258789,0.0,0.3331764638423919,0.0,,0.0,0.0,0.0,180.0,54.281787109375,54.281787109375,Leave_One_experiments/all_year_offline_schedule_search/daily_outputs/SYA/SYA_2023_SYA2023_normal_grid_S0028_daily.csv
SYA,SYA,Shenyang,2023,Leave_One_experiments\wth_generated_qc\SYA\SYA2023.WTH,normal_year;nitrogen_stress_year;low_response_year,normal,SYA2023_normal_grid_S0028,low_input_within_10pct_yield,2023-05-31,151,46,41,"{""sim_day"": 46.0, ""doy"": 151.0, ""topwt"": 201.45183563232425, ""grnwt"": 0.0, ""xlai"": 0.3730100691318512, ""totir"": 0.0, ""tofer"": NaN, ""swfac"": 0.0, ""nstres"": 0.0}",0.0,0.0,201.45183563232425,0.0,0.3730100691318512,0.0,,0.0,0.0,0.0,180.0,54.281787109375,54.281787109375,Leave_One_experiments/all_year_offline_schedule_search/daily_outputs/SYA/SYA_2023_SYA2023_normal_grid_S0028_daily.csv
SYA,SYA,Shenyang,2023,Leave_One_experiments\wth_generated_qc\SYA\SYA2023.WTH,normal_year;nitrogen_stress_year;low_response_year,normal,SYA2023_normal_grid_S0028,low_input_within_10pct_yield,2023-06-01,152,47,42,"{""sim_day"": 47.0, ""doy"": 152.0, ""topwt"": 226.9375991821289, ""grnwt"": 0.0, ""xlai"": 0.4114397466182709, ""totir"": 0.0, ""tofer"": NaN, ""swfac"": 0.0, ""nstres"": 0.0}",0.0,0.0,226.9375991821289,0.0,0.4114397466182709,0.0,,0.0,0.0,0.0,180.0,54.281787109375,54.281787109375,Leave_One_experiments/all_year_offline_schedule_search/daily_outputs/SYA/SYA_2023_SYA2023_normal_grid_S0028_daily.csv
SYA,SYA,Shenyang,2023,Leave_One_experiments\wth_generated_qc\SYA\SYA2023.WTH,normal_year;nitrogen_stress_year;low_response_year,normal,SYA2023_normal_grid_S0028,low_input_within_10pct_yield,2023-06-02,153,48,43,"{""sim_day"": 48.0, ""doy"": 153.0, ""topwt"": 257.9656982421875, ""grnwt"": 0.0, ""xlai"": 0.4569451510906219, ""totir"": 0.0, ""tofer"": NaN, ""swfac"": 0.0, ""nstres"": 0.0}",0.0,0.0,257.9656982421875,0.0,0.4569451510906219,0.0,,0.0,0.0,0.0,180.0,54.281787109375,54.281787109375,Leave_One_experiments/all_year_offline_schedule_search/daily_outputs/SYA/SYA_2023_SYA2023_normal_grid_S0028_daily.csv
SYA,SYA,Shenyang,2023,Leave_One_experiments\wth_generated_qc\SYA\SYA2023.WTH,normal_year;nitrogen_stress_year;low_response_year,normal,SYA2023_normal_grid_S0028,low_input_within_10pct_yield,2023-06-03,154,49,44,"{""sim_day"": 49.0, ""doy"": 154.0, ""topwt"": 296.2387466430664, ""grnwt"": 0.0, ""xlai"": 0.5114232897758484, ""totir"": 0.0, ""tofer"": NaN, ""swfac"": 0.0, ""nstres"": 0.0}",0.0,0.0,296.2387466430664,0.0,0.5114232897758484,0.0,,0.0,0.0,0.0,180.0,54.281787109375,54.281787109375,Leave_One_experiments/all_year_offline_schedule_search/daily_outputs/SYA/SYA_2023_SYA2023_normal_grid_S0028_daily.csv
SYA,SYA,Shenyang,2023,Leave_One_experiments\wth_generated_qc\SYA\SYA2023.WTH,normal_year;nitrogen_stress_year;low_response_year,normal,SYA2023_normal_grid_S0028,low_input_within_10pct_yield,2023-06-04,155,50,45,"{""sim_day"": 50.0, ""doy"": 155.0, ""topwt"": 336.16458892822266, ""grnwt"": 0.0, ""xlai"": 0.564139723777771, ""totir"": 0.0, ""tofer"": NaN, ""swfac"": 0.0, ""nstres"": 0.0}",0.0,0.0,336.16458892822266,0.0,0.564139723777771,0.0,,0.0,0.0,0.0,180.0,54.281787109375,54.281787109375,Leave_One_experiments/all_year_offline_schedule_search/daily_outputs/SYA/SYA_2023_SYA2023_normal_grid_S0028_daily.csv
SYA,SYA,Shenyang,2023,Leave_One_experiments\wth_generated_qc\SYA\SYA2023.WTH,normal_year;nitrogen_stress_year;low_response_year,normal,SYA2023_normal_grid_S0028,low_input_within_10pct_yield,2023-06-05,156,51,46,"{""sim_day"": 51.0, ""doy"": 156.0, ""topwt"": 374.645881652832, ""grnwt"": 0.0, ""xlai"": 0.6181601881980896, ""totir"": 0.0, ""tofer"": NaN, ""swfac"": 0.0, ""nstres"": 0.0}",0.0,0.0,374.645881652832,0.0,0.6181601881980896,0.0,,0.0,0.0,0.0,180.0,54.281787109375,54.281787109375,Leave_One_experiments/all_year_offline_schedule_search/daily_outputs/SYA/SYA_2023_SYA2023_normal_grid_S0028_daily.csv
SYA,SYA,Shenyang,2023,Leave_One_experiments\wth_generated_qc\SYA\SYA2023.WTH,normal_year;nitrogen_stress_year;low_response_year,normal,SYA2023_normal_grid_S0028,low_input_within_10pct_yield,2023-06-06,157,52,47,"{""sim_day"": 52.0, ""doy"": 157.0, ""topwt"": 417.9499816894531, ""grnwt"": 0.0, ""xlai"": 0.6771026253700256, ""totir"": 0.0, ""tofer"": NaN, ""swfac"": 0.0, ""nstres"": 0.0}",0.0,0.0,417.9499816894531,0.0,0.6771026253700256,0.0,,0.0,0.0,0.0,180.0,54.281787109375,54.281787109375,Leave_One_experiments/all_year_offline_schedule_search/daily_outputs/SYA/SYA_2023_SYA2023_normal_grid_S0028_daily.csv
SYA,SYA,Shenyang,2023,Leave_One_experiments\wth_generated_qc\SYA\SYA2023.WTH,normal_year;nitrogen_stress_year;low_response_year,normal,SYA2023_normal_grid_S0028,low_input_within_10pct_yield,2023-06-07,158,53,48,"{""sim_day"": 53.0, ""doy"": 158.0, ""topwt"": 459.46178436279297, ""grnwt"": 0.0, ""xlai"": 0.7318814992904663, ""totir"": 0.0, ""tofer"": NaN, ""swfac"": 0.0, ""nstres"": 0.0}",0.0,0.0,459.46178436279297,0.0,0.7318814992904663,0.0,,0.0,0.0,0.0,180.0,54.281787109375,54.281787109375,Leave_One_experiments/all_year_offline_schedule_search/daily_outputs/SYA/SYA_2023_SYA2023_normal_grid_S0028_daily.csv
SYA,SYA,Shenyang,2023,Leave_One_experiments\wth_generated_qc\SYA\SYA2023.WTH,normal_year;nitrogen_stress_year;low_response_year,normal,SYA2023_normal_grid_S0028,low_input_within_10pct_yield,2023-06-08,159,54,49,"{""sim_day"": 54.0, ""doy"": 159.0, ""topwt"": 502.2886276245117, ""grnwt"": 0.0, ""xlai"": 0.7866895198822021, ""totir"": 0.0, ""tofer"": NaN, ""swfac"": 0.0, ""nstres"": 0.0}",0.0,0.0,502.2886276245117,0.0,0.7866895198822021,0.0,,0.0,0.0,0.0,180.0,54.281787109375,54.281787109375,Leave_One_experiments/all_year_offline_schedule_search/daily_outputs/SYA/SYA_2023_SYA2023_normal_grid_S0028_daily.csv
SYA,SYA,Shenyang,2023,Leave_One_experiments\wth_generated_qc\SYA\SYA2023.WTH,normal_year;nitrogen_stress_year;low_response_year,normal,SYA2023_normal_grid_S0028,low_input_within_10pct_yield,2023-06-09,160,55,50,"{""sim_day"": 55.0, ""doy"": 160.0, ""topwt"": 544.3873977661133, ""grnwt"": 0.0, ""xlai"": 0.8389760255813599, ""totir"": 0.0, ""tofer"": NaN, ""swfac"": 0.0, ""nstres"": 0.0}",0.0,0.0,544.3873977661133,0.0,0.8389760255813599,0.0,,0.0,0.0,0.0,180.0,54.281787109375,54.281787109375,Leave_One_experiments/all_year_offline_schedule_search/daily_outputs/SYA/SYA_2023_SYA2023_normal_grid_S0028_daily.csv
SYA,SYA,Shenyang,2023,Leave_One_experiments\wth_generated_qc\SYA\SYA2023.WTH,normal_year;nitrogen_stress_year;low_response_year,normal,SYA2023_normal_grid_S0028,low_input_within_10pct_yield,2023-06-10,161,56,51,"{""sim_day"": 56.0, ""doy"": 161.0, ""topwt"": 594.7615432739258, ""grnwt"": 0.0, ""xlai"": 0.8996224403381348, ""totir"": 0.0, ""tofer"": NaN, ""swfac"": 0.0, ""nstres"": 0.0}",0.0,0.0,594.7615432739258,0.0,0.8996224403381348,0.0,,0.0,0.0,0.0,180.0,54.281787109375,54.281787109375,Leave_One_experiments/all_year_offline_schedule_search/daily_outputs/SYA/SYA_2023_SYA2023_normal_grid_S0028_daily.csv
SYA,SYA,Shenyang,2023,Leave_One_experiments\wth_generated_qc\SYA\SYA2023.WTH,normal_year;nitrogen_stress_year;low_response_year,normal,SYA2023_normal_grid_S0028,low_input_within_10pct_yield,2023-06-11,162,57,52,"{""sim_day"": 57.0, ""doy"": 162.0, ""topwt"": 642.9862213134766, ""grnwt"": 0.0, ""xlai"": 0.95590341091156, ""totir"": 0.0, ""tofer"": NaN, ""swfac"": 0.0, ""nstres"": 0.0}",0.0,0.0,642.9862213134766,0.0,0.95590341091156,0.0,,0.0,0.0,0.0,180.0,54.281787109375,54.281787109375,Leave_One_experiments/all_year_offline_schedule_search/daily_outputs/SYA/SYA_2023_SYA2023_normal_grid_S0028_daily.csv
SYA,SYA,Shenyang,2023,Leave_One_experiments\wth_generated_qc\SYA\SYA2023.WTH,normal_year;nitrogen_stress_year;low_response_year,normal,SYA2023_normal_grid_S0028,low_input_within_10pct_yield,2023-06-12,163,58,53,"{""sim_day"": 58.0, ""doy"": 163.0, ""topwt"": 697.6599884033203, ""grnwt"": 0.0, ""xlai"": 1.0176256895065308, ""totir"": 0.0, ""tofer"": NaN, ""swfac"": 0.0, ""nstres"": 0.0}",0.0,0.0,697.6599884033203,0.0,1.0176256895065308,0.0,,0.0,0.0,0.0,180.0,54.281787109375,54.281787109375,Leave_One_experiments/all_year_offline_schedule_search/daily_outputs/SYA/SYA_2023_SYA2023_normal_grid_S0028_daily.csv
SYA,SYA,Shenyang,2023,Leave_One_experiments\wth_generated_qc\SYA\SYA2023.WTH,normal_year;nitrogen_stress_year;low_response_year,normal,SYA2023_normal_grid_S0028,low_input_within_10pct_yield,2023-06-13,164,59,54,"{""sim_day"": 59.0, ""doy"": 164.0, ""topwt"": 765.0258636474609, ""grnwt"": 0.0, ""xlai"": 1.090723752975464, ""totir"": 0.0, ""tofer"": NaN, ""swfac"": 0.0, ""nstres"": 0.0}",0.0,0.0,765.0258636474609,0.0,1.090723752975464,0.0,,0.0,0.0,0.0,180.0,54.281787109375,54.281787109375,Leave_One_experiments/all_year_offline_schedule_search/daily_outputs/SYA/SYA_2023_SYA2023_normal_grid_S0028_daily.csv
SYA,SYA,Shenyang,2023,Leave_One_experiments\wth_generated_qc\SYA\SYA2023.WTH,normal_year;nitrogen_stress_year;low_response_year,normal,SYA2023_normal_grid_S0028,low_input_within_10pct_yield,2023-06-14,165,60,55,"{""sim_day"": 60.0, ""doy"": 165.0, ""topwt"": 846.8910980224609, ""grnwt"": 0.0, ""xlai"": 1.1754498481750488, ""totir"": 0.0, ""tofer"": NaN, ""swfac"": 0.0, ""nstres"": 0.0}",0.0,0.0,846.8910980224609,0.0,1.1754498481750488,0.0,,0.0,0.0,0.0,180.0,54.281787109375,54.281787109375,Leave_One_experiments/all_year_offline_schedule_search/daily_outputs/SYA/SYA_2023_SYA2023_normal_grid_S0028_daily.csv
SYA,SYA,Shenyang,2023,Leave_One_experiments\wth_generated_qc\SYA\SYA2023.WTH,normal_year;nitrogen_stress_year;low_response_year,normal,SYA2023_normal_grid_S0028,low_input_within_10pct_yield,2023-06-15,166,61,56,"{""sim_day"": 61.0, ""doy"": 166.0, ""topwt"": 948.0555725097656, ""grnwt"": 0.0, ""xlai"": 1.274375319480896, ""totir"": 0.0, ""tofer"": NaN, ""swfac"": 0.0, ""nstres"": 0.0}",0.0,0.0,948.0555725097656,0.0,1.274375319480896,0.0,,0.0,0.0,0.0,180.0,54.281787109375,54.281787109375,Leave_One_experiments/all_year_offline_schedule_search/daily_outputs/SYA/SYA_2023_SYA2023_normal_grid_S0028_daily.csv
SYA,SYA,Shenyang,2023,Leave_One_experiments\wth_generated_qc\SYA\SYA2023.WTH,normal_year;nitrogen_stress_year;low_response_year,normal,SYA2023_normal_grid_S0028,low_input_within_10pct_yield,2023-06-16,167,62,57,"{""sim_day"": 62.0, ""doy"": 167.0, ""topwt"": 1058.14697265625, ""grnwt"": 0.0, ""xlai"": 1.3756767511367798, ""totir"": 0.0, ""tofer"": NaN, ""swfac"": 0.0, ""nstres"": 0.0}",0.0,0.0,1058.14697265625,0.0,1.3756767511367798,0.0,,0.0,0.0,0.0,180.0,54.281787109375,54.281787109375,Leave_One_experiments/all_year_offline_schedule_search/daily_outputs/SYA/SYA_2023_SYA2023_normal_grid_S0028_daily.csv
SYA,SYA,Shenyang,2023,Leave_One_experiments\wth_generated_qc\SYA\SYA2023.WTH,normal_year;nitrogen_stress_year;low_response_year,normal,SYA2023_normal_grid_S0028,low_input_within_10pct_yield,2023-06-17,168,63,58,"{""sim_day"": 63.0, ""doy"": 168.0, ""topwt"": 1166.9219970703125, ""grnwt"": 0.0, ""xlai"": 1.470070481300354, ""totir"": 0.0, ""tofer"": NaN, ""swfac"": 0.0, ""nstres"": 0.0}",0.0,0.0,1166.9219970703125,0.0,1.470070481300354,0.0,,0.0,0.0,0.0,180.0,54.281787109375,54.281787109375,Leave_One_experiments/all_year_offline_schedule_search/daily_outputs/SYA/SYA_2023_SYA2023_normal_grid_S0028_daily.csv
SYA,SYA,Shenyang,2023,Leave_One_experiments\wth_generated_qc\SYA\SYA2023.WTH,normal_year;nitrogen_stress_year;low_response_year,normal,SYA2023_normal_grid_S0028,low_input_within_10pct_yield,2023-06-18,169,64,59,"{""sim_day"": 64.0, ""doy"": 169.0, ""topwt"": 1284.3141174316406, ""grnwt"": 0.0, ""xlai"": 1.566048502922058, ""totir"": 0.0, ""tofer"": NaN, ""swfac"": 0.0, ""nstres"": 0.0}",0.0,0.0,1284.3141174316406,0.0,1.566048502922058,0.0,,0.0,0.0,0.0,180.0,54.281787109375,54.281787109375,Leave_One_experiments/all_year_offline_schedule_search/daily_outputs/SYA/SYA_2023_SYA2023_normal_grid_S0028_daily.csv
SYA,SYA,Shenyang,2023,Leave_One_experiments\wth_generated_qc\SYA\SYA2023.WTH,normal_year;nitrogen_stress_year;low_response_year,normal,SYA2023_normal_grid_S0028,low_input_within_10pct_yield,2023-06-19,170,65,60,"{""sim_day"": 65.0, ""doy"": 170.0, ""topwt"": 1380.3744506835938, ""grnwt"": 0.0, ""xlai"": 1.6408361196517944, ""totir"": 0.0, ""tofer"": NaN, ""swfac"": 0.0, ""nstres"": 0.0}",0.0,0.0,1380.3744506835938,0.0,1.6408361196517944,0.0,,0.0,50.0,0.0,180.0,54.281787109375,54.281787109375,Leave_One_experiments/all_year_offline_schedule_search/daily_outputs/SYA/SYA_2023_SYA2023_normal_grid_S0028_daily.csv
SYA,SYA,Shenyang,2023,Leave_One_experiments\wth_generated_qc\SYA\SYA2023.WTH,normal_year;nitrogen_stress_year;low_response_year,normal,SYA2023_normal_grid_S0028,low_input_within_10pct_yield,2023-06-20,171,66,61,"{""sim_day"": 66.0, ""doy"": 171.0, ""topwt"": 1480.009765625, ""grnwt"": 0.0, ""xlai"": 1.7148544788360596, ""totir"": 0.0, ""tofer"": NaN, ""swfac"": 0.0, ""nstres"": 0.0}",0.0,0.0,1480.009765625,0.0,1.7148544788360596,0.0,,0.0,0.0,0.0,180.0,54.281787109375,54.281787109375,Leave_One_experiments/all_year_offline_schedule_search/daily_outputs/SYA/SYA_2023_SYA2023_normal_grid_S0028_daily.csv
SYA,SYA,Shenyang,2023,Leave_One_experiments\wth_generated_qc\SYA\SYA2023.WTH,normal_year;nitrogen_stress_year;low_response_year,normal,SYA2023_normal_grid_S0028,low_input_within_10pct_yield,2023-06-21,172,67,62,"{""sim_day"": 67.0, ""doy"": 172.0, ""topwt"": 1595.926513671875, ""grnwt"": 0.0, ""xlai"": 1.796660542488098, ""totir"": 0.0, ""tofer"": NaN, ""swfac"": 0.0, ""nstres"": 0.0}",0.0,0.0,1595.926513671875,0.0,1.796660542488098,0.0,,0.0,0.0,0.0,180.0,54.281787109375,54.281787109375,Leave_One_experiments/all_year_offline_schedule_search/daily_outputs/SYA/SYA_2023_SYA2023_normal_grid_S0028_daily.csv
SYA,SYA,Shenyang,2023,Leave_One_experiments\wth_generated_qc\SYA\SYA2023.WTH,normal_year;nitrogen_stress_year;low_response_year,normal,SYA2023_normal_grid_S0028,low_input_within_10pct_yield,2023-06-22,173,68,63,"{""sim_day"": 68.0, ""doy"": 173.0, ""topwt"": 1735.9814453125, ""grnwt"": 0.0, ""xlai"": 1.8898791074752808, ""totir"": 0.0, ""tofer"": NaN, ""swfac"": 0.0, ""nstres"": 0.0}",0.0,0.0,1735.9814453125,0.0,1.8898791074752808,0.0,,0.0,0.0,0.0,180.0,54.281787109375,54.281787109375,Leave_One_experiments/all_year_offline_schedule_search/daily_outputs/SYA/SYA_2023_SYA2023_normal_grid_S0028_daily.csv
SYA,SYA,Shenyang,2023,Leave_One_experiments\wth_generated_qc\SYA\SYA2023.WTH,normal_year;nitrogen_stress_year;low_response_year,normal,SYA2023_normal_grid_S0028,low_input_within_10pct_yield,2023-06-23,174,69,64,"{""sim_day"": 69.0, ""doy"": 174.0, ""topwt"": 1899.9557495117188, ""grnwt"": 0.0, ""xlai"": 1.9921772480010984, ""totir"": 0.0, ""tofer"": NaN, ""swfac"": 0.0, ""nstres"": 0.0}",0.0,0.0,1899.9557495117188,0.0,1.9921772480010984,0.0,,0.0,0.0,0.0,180.0,54.281787109375,54.281787109375,Leave_One_experiments/all_year_offline_schedule_search/daily_outputs/SYA/SYA_2023_SYA2023_normal_grid_S0028_daily.csv
SYA,SYA,Shenyang,2023,Leave_One_experiments\wth_generated_qc\SYA\SYA2023.WTH,normal_year;nitrogen_stress_year;low_response_year,normal,SYA2023_normal_grid_S0028,low_input_within_10pct_yield,2023-06-24,175,70,65,"{""sim_day"": 70.0, ""doy"": 175.0, ""topwt"": 2063.367156982422, ""grnwt"": 0.0, ""xlai"": 2.088018655776977, ""totir"": 0.0, ""tofer"": NaN, ""swfac"": 0.0, ""nstres"": 0.0}",0.0,0.0,2063.367156982422,0.0,2.088018655776977,0.0,,0.0,0.0,0.0,180.0,54.281787109375,54.281787109375,Leave_One_experiments/all_year_offline_schedule_search/daily_outputs/SYA/SYA_2023_SYA2023_normal_grid_S0028_daily.csv
SYA,SYA,Shenyang,2023,Leave_One_experiments\wth_generated_qc\SYA\SYA2023.WTH,normal_year;nitrogen_stress_year;low_response_year,normal,SYA2023_normal_grid_S0028,low_input_within_10pct_yield,2023-06-25,176,71,66,"{""sim_day"": 71.0, ""doy"": 176.0, ""topwt"": 2233.6279296875, ""grnwt"": 0.0, ""xlai"": 2.1820571422576904, ""totir"": 0.0, ""tofer"": NaN, ""swfac"": 0.0, ""nstres"": 0.0}",0.0,0.0,2233.6279296875,0.0,2.1820571422576904,0.0,,0.0,0.0,0.0,180.0,54.281787109375,54.281787109375,Leave_One_experiments/all_year_offline_schedule_search/daily_outputs/SYA/SYA_2023_SYA2023_normal_grid_S0028_daily.csv
SYA,SYA,Shenyang,2023,Leave_One_experiments\wth_generated_qc\SYA\SYA2023.WTH,normal_year;nitrogen_stress_year;low_response_year,normal,SYA2023_normal_grid_S0028,low_input_within_10pct_yield,2023-06-26,177,72,67,"{""sim_day"": 72.0, ""doy"": 177.0, ""topwt"": 2407.557373046875, ""grnwt"": 0.0, ""xlai"": 2.272731304168701, ""totir"": 0.0, ""tofer"": NaN, ""swfac"": 0.0, ""nstres"": 0.0}",0.0,0.0,2407.557373046875,0.0,2.272731304168701,0.0,,0.0,0.0,0.0,180.0,54.281787109375,54.281787109375,Leave_One_experiments/all_year_offline_schedule_search/daily_outputs/SYA/SYA_2023_SYA2023_normal_grid_S0028_daily.csv
SYA,SYA,Shenyang,2023,Leave_One_experiments\wth_generated_qc\SYA\SYA2023.WTH,normal_year;nitrogen_stress_year;low_response_year,normal,SYA2023_normal_grid_S0028,low_input_within_10pct_yield,2023-06-27,178,73,68,"{""sim_day"": 73.0, ""doy"": 178.0, ""topwt"": 2591.7361450195312, ""grnwt"": 0.0, ""xlai"": 2.3595080375671387, ""totir"": 0.0, ""tofer"": NaN, ""swfac"": 0.0, ""nstres"": 0.0127755999565124}",0.0,0.0127755999565124,2591.7361450195312,0.0,2.3595080375671387,0.0,,0.0,0.0,0.0,180.0,54.281787109375,54.281787109375,Leave_One_experiments/all_year_offline_schedule_search/daily_outputs/SYA/SYA_2023_SYA2023_normal_grid_S0028_daily.csv
SYA,SYA,Shenyang,2023,Leave_One_experiments\wth_generated_qc\SYA\SYA2023.WTH,normal_year;nitrogen_stress_year;low_response_year,normal,SYA2023_normal_grid_S0028,low_input_within_10pct_yield,2023-06-28,179,74,69,"{""sim_day"": 74.0, ""doy"": 179.0, ""topwt"": 2798.714904785156, ""grnwt"": 0.0, ""xlai"": 2.455388307571411, ""totir"": 0.0, ""tofer"": NaN, ""swfac"": 0.0, ""nstres"": 0.0}",0.0,0.0,2798.714904785156,0.0,2.455388307571411,0.0,,0.0,0.0,0.0,180.0,54.281787109375,54.281787109375,Leave_One_experiments/all_year_offline_schedule_search/daily_outputs/SYA/SYA_2023_SYA2023_normal_grid_S0028_daily.csv
SYA,SYA,Shenyang,2023,Leave_One_experiments\wth_generated_qc\SYA\SYA2023.WTH,normal_year;nitrogen_stress_year;low_response_year,normal,SYA2023_normal_grid_S0028,low_input_within_10pct_yield,2023-06-29,180,75,70,"{""sim_day"": 75.0, ""doy"": 180.0, ""topwt"": 3186.8966674804688, ""grnwt"": 0.0, ""xlai"": 2.6906862258911133, ""totir"": 0.0, ""tofer"": NaN, ""swfac"": 0.0, ""nstres"": 0.0}",0.0,0.0,3186.8966674804688,0.0,2.6906862258911133,0.0,,0.0,0.0,0.0,180.0,54.281787109375,54.281787109375,Leave_One_experiments/all_year_offline_schedule_search/daily_outputs/SYA/SYA_2023_SYA2023_normal_grid_S0028_daily.csv
SYA,SYA,Shenyang,2023,Leave_One_experiments\wth_generated_qc\SYA\SYA2023.WTH,normal_year;nitrogen_stress_year;low_response_year,normal,SYA2023_normal_grid_S0028,low_input_within_10pct_yield,2023-06-30,181,76,71,"{""sim_day"": 76.0, ""doy"": 181.0, ""topwt"": 3486.127014160156, ""grnwt"": 0.0, ""xlai"": 2.8266992568969727, ""totir"": 0.0, ""tofer"": NaN, ""swfac"": 0.0, ""nstres"": 0.0}",0.0,0.0,3486.127014160156,0.0,2.8266992568969727,0.0,,0.0,0.0,0.0,180.0,54.281787109375,54.281787109375,Leave_One_experiments/all_year_offline_schedule_search/daily_outputs/SYA/SYA_2023_SYA2023_normal_grid_S0028_daily.csv
SYA,SYA,Shenyang,2023,Leave_One_experiments\wth_generated_qc\SYA\SYA2023.WTH,normal_year;nitrogen_stress_year;low_response_year,normal,SYA2023_normal_grid_S0028,low_input_within_10pct_yield,2023-07-01,182,77,72,"{""sim_day"": 77.0, ""doy"": 182.0, ""topwt"": 3757.4050903320312, ""grnwt"": 0.0, ""xlai"": 2.9321413040161133, ""totir"": 0.0, ""tofer"": NaN, ""swfac"": 0.0, ""nstres"": 0.0}",0.0,0.0,3757.4050903320312,0.0,2.9321413040161133,0.0,,0.0,0.0,0.0,180.0,54.281787109375,54.281787109375,Leave_One_experiments/all_year_offline_schedule_search/daily_outputs/SYA/SYA_2023_SYA2023_normal_grid_S0028_daily.csv
SYA,SYA,Shenyang,2023,Leave_One_experiments\wth_generated_qc\SYA\SYA2023.WTH,normal_year;nitrogen_stress_year;low_response_year,normal,SYA2023_normal_grid_S0028,low_input_within_10pct_yield,2023-07-02,183,78,73,"{""sim_day"": 78.0, ""doy"": 183.0, ""topwt"": 3987.837829589844, ""grnwt"": 0.0, ""xlai"": 3.013097286224365, ""totir"": 0.0, ""tofer"": NaN, ""swfac"": 0.0, ""nstres"": 0.0}",0.0,0.0,3987.837829589844,0.0,3.013097286224365,0.0,,0.0,0.0,0.0,180.0,54.281787109375,54.281787109375,Leave_One_experiments/all_year_offline_schedule_search/daily_outputs/SYA/SYA_2023_SYA2023_normal_grid_S0028_daily.csv
SYA,SYA,Shenyang,2023,Leave_One_experiments\wth_generated_qc\SYA\SYA2023.WTH,normal_year;nitrogen_stress_year;low_response_year,normal,SYA2023_normal_grid_S0028,low_input_within_10pct_yield,2023-07-03,184,79,74,"{""sim_day"": 79.0, ""doy"": 184.0, ""topwt"": 4143.526306152344, ""grnwt"": 0.0, ""xlai"": 3.0634233951568604, ""totir"": 0.0, ""tofer"": NaN, ""swfac"": 0.0, ""nstres"": 0.0}",0.0,0.0,4143.526306152344,0.0,3.0634233951568604,0.0,,0.0,0.0,0.0,180.0,54.281787109375,54.281787109375,Leave_One_experiments/all_year_offline_schedule_search/daily_outputs/SYA/SYA_2023_SYA2023_normal_grid_S0028_daily.csv
SYA,SYA,Shenyang,2023,Leave_One_experiments\wth_generated_qc\SYA\SYA2023.WTH,normal_year;nitrogen_stress_year;low_response_year,normal,SYA2023_normal_grid_S0028,low_input_within_10pct_yield,2023-07-04,185,80,75,"{""sim_day"": 80.0, ""doy"": 185.0, ""topwt"": 4345.958557128906, ""grnwt"": 0.0, ""xlai"": 3.1249282360076904, ""totir"": 0.0, ""tofer"": NaN, ""swfac"": 0.0, ""nstres"": 0.0}",0.0,0.0,4345.958557128906,0.0,3.1249282360076904,0.0,,0.0,0.0,0.0,180.0,54.281787109375,54.281787109375,Leave_One_experiments/all_year_offline_schedule_search/daily_outputs/SYA/SYA_2023_SYA2023_normal_grid_S0028_daily.csv
SYA,SYA,Shenyang,2023,Leave_One_experiments\wth_generated_qc\SYA\SYA2023.WTH,normal_year;nitrogen_stress_year;low_response_year,normal,SYA2023_normal_grid_S0028,low_input_within_10pct_yield,2023-07-05,186,81,76,"{""sim_day"": 81.0, ""doy"": 186.0, ""topwt"": 4585.849914550781, ""grnwt"": 0.0, ""xlai"": 3.193221092224121, ""totir"": 0.0, ""tofer"": NaN, ""swfac"": 0.0, ""nstres"": 0.0}",0.0,0.0,4585.849914550781,0.0,3.193221092224121,0.0,,0.0,0.0,0.0,180.0,54.281787109375,54.281787109375,Leave_One_experiments/all_year_offline_schedule_search/daily_outputs/SYA/SYA_2023_SYA2023_normal_grid_S0028_daily.csv
SYA,SYA,Shenyang,2023,Leave_One_experiments\wth_generated_qc\SYA\SYA2023.WTH,normal_year;nitrogen_stress_year;low_response_year,normal,SYA2023_normal_grid_S0028,low_input_within_10pct_yield,2023-07-06,187,82,77,"{""sim_day"": 82.0, ""doy"": 187.0, ""topwt"": 4784.893798828125, ""grnwt"": 0.0, ""xlai"": 3.2471489906311035, ""totir"": 0.0, ""tofer"": NaN, ""swfac"": 0.0, ""nstres"": 0.0}",0.0,0.0,4784.893798828125,0.0,3.2471489906311035,0.0,,0.0,0.0,0.0,180.0,54.281787109375,54.281787109375,Leave_One_experiments/all_year_offline_schedule_search/daily_outputs/SYA/SYA_2023_SYA2023_normal_grid_S0028_daily.csv
SYA,SYA,Shenyang,2023,Leave_One_experiments\wth_generated_qc\SYA\SYA2023.WTH,normal_year;nitrogen_stress_year;low_response_year,normal,SYA2023_normal_grid_S0028,low_input_within_10pct_yield,2023-07-07,188,83,78,"{""sim_day"": 83.0, ""doy"": 188.0, ""topwt"": 4979.686279296875, ""grnwt"": 0.0, ""xlai"": 3.297675371170044, ""totir"": 0.0, ""tofer"": NaN, ""swfac"": 0.0, ""nstres"": 0.0}",0.0,0.0,4979.686279296875,0.0,3.297675371170044,0.0,,0.0,0.0,0.0,180.0,54.281787109375,54.281787109375,Leave_One_experiments/all_year_offline_schedule_search/daily_outputs/SYA/SYA_2023_SYA2023_normal_grid_S0028_daily.csv
SYA,SYA,Shenyang,2023,Leave_One_experiments\wth_generated_qc\SYA\SYA2023.WTH,normal_year;nitrogen_stress_year;low_response_year,normal,SYA2023_normal_grid_S0028,low_input_within_10pct_yield,2023-07-08,189,84,79,"{""sim_day"": 84.0, ""doy"": 189.0, ""topwt"": 5175.733642578125, ""grnwt"": 0.0, ""xlai"": 3.346524953842163, ""totir"": 0.0, ""tofer"": NaN, ""swfac"": 0.0, ""nstres"": 0.0}",0.0,0.0,5175.733642578125,0.0,3.346524953842163,0.0,,0.0,0.0,0.0,180.0,54.281787109375,54.281787109375,Leave_One_experiments/all_year_offline_schedule_search/daily_outputs/SYA/SYA_2023_SYA2023_normal_grid_S0028_daily.csv
SYA,SYA,Shenyang,2023,Leave_One_experiments\wth_generated_qc\SYA\SYA2023.WTH,normal_year;nitrogen_stress_year;low_response_year,normal,SYA2023_normal_grid_S0028,low_input_within_10pct_yield,2023-07-09,190,85,80,"{""sim_day"": 85.0, ""doy"": 190.0, ""topwt"": 5382.5872802734375, ""grnwt"": 0.0, ""xlai"": 3.396104097366333, ""totir"": 0.0, ""tofer"": NaN, ""swfac"": 0.0, ""nstres"": 0.0}",0.0,0.0,5382.5872802734375,0.0,3.396104097366333,0.0,,0.0,0.0,0.0,180.0,54.281787109375,54.281787109375,Leave_One_experiments/all_year_offline_schedule_search/daily_outputs/SYA/SYA_2023_SYA2023_normal_grid_S0028_daily.csv
SYA,SYA,Shenyang,2023,Leave_One_experiments\wth_generated_qc\SYA\SYA2023.WTH,normal_year;nitrogen_stress_year;low_response_year,normal,SYA2023_normal_grid_S0028,low_input_within_10pct_yield,2023-07-10,191,86,81,"{""sim_day"": 86.0, ""doy"": 191.0, ""topwt"": 5565.206298828125, ""grnwt"": 0.0, ""xlai"": 3.439794540405273, ""totir"": 0.0, ""tofer"": NaN, ""swfac"": 0.0, ""nstres"": 0.0}",0.0,0.0,5565.206298828125,0.0,3.439794540405273,0.0,,0.0,0.0,0.0,180.0,54.281787109375,54.281787109375,Leave_One_experiments/all_year_offline_schedule_search/daily_outputs/SYA/SYA_2023_SYA2023_normal_grid_S0028_daily.csv
SYA,SYA,Shenyang,2023,Leave_One_experiments\wth_generated_qc\SYA\SYA2023.WTH,normal_year;nitrogen_stress_year;low_response_year,normal,SYA2023_normal_grid_S0028,low_input_within_10pct_yield,2023-07-11,192,87,82,"{""sim_day"": 87.0, ""doy"": 192.0, ""topwt"": 5761.8603515625, ""grnwt"": 0.0, ""xlai"": 3.486824512481689, ""totir"": 0.0, ""tofer"": NaN, ""swfac"": 0.0, ""nstres"": 0.0}",0.0,0.0,5761.8603515625,0.0,3.486824512481689,0.0,,0.0,0.0,0.0,180.0,54.281787109375,54.281787109375,Leave_One_experiments/all_year_offline_schedule_search/daily_outputs/SYA/SYA_2023_SYA2023_normal_grid_S0028_daily.csv
SYA,SYA,Shenyang,2023,Leave_One_experiments\wth_generated_qc\SYA\SYA2023.WTH,normal_year;nitrogen_stress_year;low_response_year,normal,SYA2023_normal_grid_S0028,low_input_within_10pct_yield,2023-07-12,193,88,83,"{""sim_day"": 88.0, ""doy"": 193.0, ""topwt"": 5912.554931640625, ""grnwt"": 0.0, ""xlai"": 3.522751569747925, ""totir"": 0.0, ""tofer"": NaN, ""swfac"": 0.0, ""nstres"": 0.0}",0.0,0.0,5912.554931640625,0.0,3.522751569747925,0.0,,0.0,0.0,0.0,180.0,54.281787109375,54.281787109375,Leave_One_experiments/all_year_offline_schedule_search/daily_outputs/SYA/SYA_2023_SYA2023_normal_grid_S0028_daily.csv
SYA,SYA,Shenyang,2023,Leave_One_experiments\wth_generated_qc\SYA\SYA2023.WTH,normal_year;nitrogen_stress_year;low_response_year,normal,SYA2023_normal_grid_S0028,low_input_within_10pct_yield,2023-07-13,194,89,84,"{""sim_day"": 89.0, ""doy"": 194.0, ""topwt"": 6081.1041259765625, ""grnwt"": 0.0, ""xlai"": 3.562946081161499, ""totir"": 0.0, ""tofer"": NaN, ""swfac"": 0.0, ""nstres"": 0.0}",0.0,0.0,6081.1041259765625,0.0,3.562946081161499,0.0,,0.0,0.0,0.0,180.0,54.281787109375,54.281787109375,Leave_One_experiments/all_year_offline_schedule_search/daily_outputs/SYA/SYA_2023_SYA2023_normal_grid_S0028_daily.csv
SYA,SYA,Shenyang,2023,Leave_One_experiments\wth_generated_qc\SYA\SYA2023.WTH,normal_year;nitrogen_stress_year;low_response_year,normal,SYA2023_normal_grid_S0028,low_input_within_10pct_yield,2023-07-14,195,90,85,"{""sim_day"": 90.0, ""doy"": 195.0, ""topwt"": 6221.3897705078125, ""grnwt"": 0.0, ""xlai"": 3.5963144302368164, ""totir"": 0.0, ""tofer"": NaN, ""swfac"": 0.0, ""nstres"": 0.0}",0.0,0.0,6221.3897705078125,0.0,3.5963144302368164,0.0,,0.0,0.0,0.0,180.0,54.281787109375,54.281787109375,Leave_One_experiments/all_year_offline_schedule_search/daily_outputs/SYA/SYA_2023_SYA2023_normal_grid_S0028_daily.csv
SYA,SYA,Shenyang,2023,Leave_One_experiments\wth_generated_qc\SYA\SYA2023.WTH,normal_year;nitrogen_stress_year;low_response_year,normal,SYA2023_normal_grid_S0028,low_input_within_10pct_yield,2023-07-15,196,91,86,"{""sim_day"": 91.0, ""doy"": 196.0, ""topwt"": 6339.708862304688, ""grnwt"": 0.0, ""xlai"": 3.624380350112915, ""totir"": 0.0, ""tofer"": NaN, ""swfac"": 0.0, ""nstres"": 0.0}",0.0,0.0,6339.708862304688,0.0,3.624380350112915,0.0,,0.0,0.0,0.0,180.0,54.281787109375,54.281787109375,Leave_One_experiments/all_year_offline_schedule_search/daily_outputs/SYA/SYA_2023_SYA2023_normal_grid_S0028_daily.csv
SYA,SYA,Shenyang,2023,Leave_One_experiments\wth_generated_qc\SYA\SYA2023.WTH,normal_year;nitrogen_stress_year;low_response_year,normal,SYA2023_normal_grid_S0028,low_input_within_10pct_yield,2023-07-16,197,92,87,"{""sim_day"": 92.0, ""doy"": 197.0, ""topwt"": 6760.4241943359375, ""grnwt"": 0.0, ""xlai"": 3.4548676013946533, ""totir"": 0.0, ""tofer"": NaN, ""swfac"": 0.0, ""nstres"": 0.0}",0.0,0.0,6760.4241943359375,0.0,3.4548676013946533,0.0,,0.0,0.0,0.0,180.0,54.281787109375,54.281787109375,Leave_One_experiments/all_year_offline_schedule_search/daily_outputs/SYA/SYA_2023_SYA2023_normal_grid_S0028_daily.csv
SYA,SYA,Shenyang,2023,Leave_One_experiments\wth_generated_qc\SYA\SYA2023.WTH,normal_year;nitrogen_stress_year;low_response_year,normal,SYA2023_normal_grid_S0028,low_input_within_10pct_yield,2023-07-17,198,93,88,"{""sim_day"": 93.0, ""doy"": 198.0, ""topwt"": 7197.44140625, ""grnwt"": 0.0, ""xlai"": 3.4387660026550293, ""totir"": 0.0, ""tofer"": NaN, ""swfac"": 0.0, ""nstres"": 0.0}",0.0,0.0,7197.44140625,0.0,3.4387660026550293,0.0,,0.0,0.0,0.0,180.0,54.281787109375,54.281787109375,Leave_One_experiments/all_year_offline_schedule_search/daily_outputs/SYA/SYA_2023_SYA2023_normal_grid_S0028_daily.csv
SYA,SYA,Shenyang,2023,Leave_One_experiments\wth_generated_qc\SYA\SYA2023.WTH,normal_year;nitrogen_stress_year;low_response_year,normal,SYA2023_normal_grid_S0028,low_input_within_10pct_yield,2023-07-18,199,94,89,"{""sim_day"": 94.0, ""doy"": 199.0, ""topwt"": 7593.093872070312, ""grnwt"": 0.0, ""xlai"": 3.422070980072021, ""totir"": 0.0, ""tofer"": NaN, ""swfac"": 0.0, ""nstres"": 0.0}",0.0,0.0,7593.093872070312,0.0,3.422070980072021,0.0,,0.0,0.0,0.0,180.0,54.281787109375,54.281787109375,Leave_One_experiments/all_year_offline_schedule_search/daily_outputs/SYA/SYA_2023_SYA2023_normal_grid_S0028_daily.csv
SYA,SYA,Shenyang,2023,Leave_One_experiments\wth_generated_qc\SYA\SYA2023.WTH,normal_year;nitrogen_stress_year;low_response_year,normal,SYA2023_normal_grid_S0028,low_input_within_10pct_yield,2023-07-19,200,95,90,"{""sim_day"": 95.0, ""doy"": 200.0, ""topwt"": 7988.965454101562, ""grnwt"": 0.0, ""xlai"": 3.4045093059539795, ""totir"": 0.0, ""tofer"": NaN, ""swfac"": 0.0, ""nstres"": 0.0}",0.0,0.0,7988.965454101562,0.0,3.4045093059539795,0.0,,0.0,0.0,0.0,180.0,54.281787109375,54.281787109375,Leave_One_experiments/all_year_offline_schedule_search/daily_outputs/SYA/SYA_2023_SYA2023_normal_grid_S0028_daily.csv
SYA,SYA,Shenyang,2023,Leave_One_experiments\wth_generated_qc\SYA\SYA2023.WTH,normal_year;nitrogen_stress_year;low_response_year,normal,SYA2023_normal_grid_S0028,low_input_within_10pct_yield,2023-07-20,201,96,91,"{""sim_day"": 96.0, ""doy"": 201.0, ""topwt"": 8330.668334960938, ""grnwt"": 0.0, ""xlai"": 3.386583089828491, ""totir"": 0.0, ""tofer"": NaN, ""swfac"": 0.0, ""nstres"": 0.0}",0.0,0.0,8330.668334960938,0.0,3.386583089828491,0.0,,0.0,0.0,0.0,180.0,54.281787109375,54.281787109375,Leave_One_experiments/all_year_offline_schedule_search/daily_outputs/SYA/SYA_2023_SYA2023_normal_grid_S0028_daily.csv
SYA,SYA,Shenyang,2023,Leave_One_experiments\wth_generated_qc\SYA\SYA2023.WTH,normal_year;nitrogen_stress_year;low_response_year,normal,SYA2023_normal_grid_S0028,low_input_within_10pct_yield,2023-07-21,202,97,92,"{""sim_day"": 97.0, ""doy"": 202.0, ""topwt"": 8343.881225585938, ""grnwt"": 0.0, ""xlai"": 3.3705267906188965, ""totir"": 0.0, ""tofer"": NaN, ""swfac"": 0.0, ""nstres"": 0.0}",0.0,0.0,8343.881225585938,0.0,3.3705267906188965,0.0,,0.0,0.0,0.0,180.0,54.281787109375,54.281787109375,Leave_One_experiments/all_year_offline_schedule_search/daily_outputs/SYA/SYA_2023_SYA2023_normal_grid_S0028_daily.csv
SYA,SYA,Shenyang,2023,Leave_One_experiments\wth_generated_qc\SYA\SYA2023.WTH,normal_year;nitrogen_stress_year;low_response_year,normal,SYA2023_normal_grid_S0028,low_input_within_10pct_yield,2023-07-22,203,98,93,"{""sim_day"": 98.0, ""doy"": 203.0, ""topwt"": 8509.716796875, ""grnwt"": 0.0, ""xlai"": 3.355018377304077, ""totir"": 0.0, ""tofer"": NaN, ""swfac"": 0.0, ""nstres"": 0.0}",0.0,0.0,8509.716796875,0.0,3.355018377304077,0.0,,0.0,0.0,0.0,180.0,54.281787109375,54.281787109375,Leave_One_experiments/all_year_offline_schedule_search/daily_outputs/SYA/SYA_2023_SYA2023_normal_grid_S0028_daily.csv
SYA,SYA,Shenyang,2023,Leave_One_experiments\wth_generated_qc\SYA\SYA2023.WTH,normal_year;nitrogen_stress_year;low_response_year,normal,SYA2023_normal_grid_S0028,low_input_within_10pct_yield,2023-07-23,204,99,94,"{""sim_day"": 99.0, ""doy"": 204.0, ""topwt"": 8896.268920898438, ""grnwt"": 0.0, ""xlai"": 3.3388705253601074, ""totir"": 0.0, ""tofer"": NaN, ""swfac"": 0.0, ""nstres"": 0.0}",0.0,0.0,8896.268920898438,0.0,3.3388705253601074,0.0,,0.0,0.0,0.0,180.0,54.281787109375,54.281787109375,Leave_One_experiments/all_year_offline_schedule_search/daily_outputs/SYA/SYA_2023_SYA2023_normal_grid_S0028_daily.csv
SYA,SYA,Shenyang,2023,Leave_One_experiments\wth_generated_qc\SYA\SYA2023.WTH,normal_year;nitrogen_stress_year;low_response_year,normal,SYA2023_normal_grid_S0028,low_input_within_10pct_yield,2023-07-24,205,100,95,"{""sim_day"": 100.0, ""doy"": 205.0, ""topwt"": 9131.69677734375, ""grnwt"": 0.0, ""xlai"": 3.321445941925049, ""totir"": 0.0, ""tofer"": NaN, ""swfac"": 0.0, ""nstres"": 0.0}",0.0,0.0,9131.69677734375,0.0,3.321445941925049,0.0,,0.0,0.0,0.0,180.0,54.281787109375,54.281787109375,Leave_One_experiments/all_year_offline_schedule_search/daily_outputs/SYA/SYA_2023_SYA2023_normal_grid_S0028_daily.csv
SYA,SYA,Shenyang,2023,Leave_One_experiments\wth_generated_qc\SYA\SYA2023.WTH,normal_year;nitrogen_stress_year;low_response_year,normal,SYA2023_normal_grid_S0028,low_input_within_10pct_yield,2023-07-25,206,101,96,"{""sim_day"": 101.0, ""doy"": 206.0, ""topwt"": 9485.9130859375, ""grnwt"": 354.2159652709961, ""xlai"": 3.2591207027435303, ""totir"": 0.0, ""tofer"": NaN, ""swfac"": 0.0, ""nstres"": 0.0}",0.0,0.0,9485.9130859375,354.2159652709961,3.2591207027435303,0.0,,0.0,0.0,0.0,180.0,54.281787109375,54.281787109375,Leave_One_experiments/all_year_offline_schedule_search/daily_outputs/SYA/SYA_2023_SYA2023_normal_grid_S0028_daily.csv
SYA,SYA,Shenyang,2023,Leave_One_experiments\wth_generated_qc\SYA\SYA2023.WTH,normal_year;nitrogen_stress_year;low_response_year,normal,SYA2023_normal_grid_S0028,low_input_within_10pct_yield,2023-07-26,207,102,97,"{""sim_day"": 102.0, ""doy"": 207.0, ""topwt"": 9786.996459960938, ""grnwt"": 655.2995300292969, ""xlai"": 3.2495813369750977, ""totir"": 0.0, ""tofer"": NaN, ""swfac"": 0.0, ""nstres"": 0.0}",0.0,0.0,9786.996459960938,655.2995300292969,3.2495813369750977,0.0,,0.0,0.0,0.0,180.0,54.281787109375,54.281787109375,Leave_One_experiments/all_year_offline_schedule_search/daily_outputs/SYA/SYA_2023_SYA2023_normal_grid_S0028_daily.csv
SYA,SYA,Shenyang,2023,Leave_One_experiments\wth_generated_qc\SYA\SYA2023.WTH,normal_year;nitrogen_stress_year;low_response_year,normal,SYA2023_normal_grid_S0028,low_input_within_10pct_yield,2023-07-27,208,103,98,"{""sim_day"": 103.0, ""doy"": 208.0, ""topwt"": 10101.362915039062, ""grnwt"": 969.6661376953124, ""xlai"": 3.2380778789520264, ""totir"": 0.0, ""tofer"": NaN, ""swfac"": 0.0, ""nstres"": 0.0}",0.0,0.0,10101.362915039062,969.6661376953124,3.2380778789520264,0.0,,0.0,0.0,0.0,180.0,54.281787109375,54.281787109375,Leave_One_experiments/all_year_offline_schedule_search/daily_outputs/SYA/SYA_2023_SYA2023_normal_grid_S0028_daily.csv
SYA,SYA,Shenyang,2023,Leave_One_experiments\wth_generated_qc\SYA\SYA2023.WTH,normal_year;nitrogen_stress_year;low_response_year,normal,SYA2023_normal_grid_S0028,low_input_within_10pct_yield,2023-07-28,209,104,99,"{""sim_day"": 104.0, ""doy"": 209.0, ""topwt"": 10336.546630859377, ""grnwt"": 1312.812957763672, ""xlai"": 3.2247631549835205, ""totir"": 0.0, ""tofer"": NaN, ""swfac"": 0.0, ""nstres"": 0.0}",0.0,0.0,10336.546630859377,1312.812957763672,3.2247631549835205,0.0,,0.0,0.0,0.0,180.0,54.281787109375,54.281787109375,Leave_One_experiments/all_year_offline_schedule_search/daily_outputs/SYA/SYA_2023_SYA2023_normal_grid_S0028_daily.csv
SYA,SYA,Shenyang,2023,Leave_One_experiments\wth_generated_qc\SYA\SYA2023.WTH,normal_year;nitrogen_stress_year;low_response_year,normal,SYA2023_normal_grid_S0028,low_input_within_10pct_yield,2023-07-29,210,105,100,"{""sim_day"": 105.0, ""doy"": 210.0, ""topwt"": 10421.97998046875, ""grnwt"": 1667.0289611816406, ""xlai"": 3.210587501525879, ""totir"": 0.0, ""tofer"": NaN, ""swfac"": 0.0, ""nstres"": 0.0}",0.0,0.0,10421.97998046875,1667.0289611816406,3.210587501525879,0.0,,0.0,0.0,0.0,180.0,54.281787109375,54.281787109375,Leave_One_experiments/all_year_offline_schedule_search/daily_outputs/SYA/SYA_2023_SYA2023_normal_grid_S0028_daily.csv
SYA,SYA,Shenyang,2023,Leave_One_experiments\wth_generated_qc\SYA\SYA2023.WTH,normal_year;nitrogen_stress_year;low_response_year,normal,SYA2023_normal_grid_S0028,low_input_within_10pct_yield,2023-07-30,211,106,101,"{""sim_day"": 106.0, ""doy"": 211.0, ""topwt"": 10830.86181640625, ""grnwt"": 2021.2448120117188, ""xlai"": 3.193427801132202, ""totir"": 0.0, ""tofer"": NaN, ""swfac"": 0.0, ""nstres"": 0.0}",0.0,0.0,10830.86181640625,2021.2448120117188,3.193427801132202,0.0,,0.0,0.0,0.0,180.0,54.281787109375,54.281787109375,Leave_One_experiments/all_year_offline_schedule_search/daily_outputs/SYA/SYA_2023_SYA2023_normal_grid_S0028_daily.csv
SYA,SYA,Shenyang,2023,Leave_One_experiments\wth_generated_qc\SYA\SYA2023.WTH,normal_year;nitrogen_stress_year;low_response_year,normal,SYA2023_normal_grid_S0028,low_input_within_10pct_yield,2023-07-31,212,107,102,"{""sim_day"": 107.0, ""doy"": 212.0, ""topwt"": 11170.66650390625, ""grnwt"": 2328.9698791503906, ""xlai"": 3.171964645385742, ""totir"": 0.0, ""tofer"": NaN, ""swfac"": 0.0, ""nstres"": 0.0}",0.0,0.0,11170.66650390625,2328.9698791503906,3.171964645385742,0.0,,0.0,0.0,0.0,180.0,54.281787109375,54.281787109375,Leave_One_experiments/all_year_offline_schedule_search/daily_outputs/SYA/SYA_2023_SYA2023_normal_grid_S0028_daily.csv
SYA,SYA,Shenyang,2023,Leave_One_experiments\wth_generated_qc\SYA\SYA2023.WTH,normal_year;nitrogen_stress_year;low_response_year,normal,SYA2023_normal_grid_S0028,low_input_within_10pct_yield,2023-08-01,213,108,103,"{""sim_day"": 108.0, ""doy"": 213.0, ""topwt"": 11499.6435546875, ""grnwt"": 2623.411865234375, ""xlai"": 3.1469669342041016, ""totir"": 0.0, ""tofer"": NaN, ""swfac"": 0.0, ""nstres"": 0.0}",0.0,0.0,11499.6435546875,2623.411865234375,3.1469669342041016,0.0,,0.0,0.0,0.0,180.0,54.281787109375,54.281787109375,Leave_One_experiments/all_year_offline_schedule_search/daily_outputs/SYA/SYA_2023_SYA2023_normal_grid_S0028_daily.csv
SYA,SYA,Shenyang,2023,Leave_One_experiments\wth_generated_qc\SYA\SYA2023.WTH,normal_year;nitrogen_stress_year;low_response_year,normal,SYA2023_normal_grid_S0028,low_input_within_10pct_yield,2023-08-02,214,109,104,"{""sim_day"": 109.0, ""doy"": 214.0, ""topwt"": 11784.82421875, ""grnwt"": 2842.5830078125, ""xlai"": 3.1159684658050537, ""totir"": 0.0, ""tofer"": NaN, ""swfac"": 0.0, ""nstres"": 0.0}",0.0,0.0,11784.82421875,2842.5830078125,3.1159684658050537,0.0,,0.0,0.0,0.0,180.0,54.281787109375,54.281787109375,Leave_One_experiments/all_year_offline_schedule_search/daily_outputs/SYA/SYA_2023_SYA2023_normal_grid_S0028_daily.csv
SYA,SYA,Shenyang,2023,Leave_One_experiments\wth_generated_qc\SYA\SYA2023.WTH,normal_year;nitrogen_stress_year;low_response_year,normal,SYA2023_normal_grid_S0028,low_input_within_10pct_yield,2023-08-03,215,110,105,"{""sim_day"": 110.0, ""doy"": 215.0, ""topwt"": 11936.871337890623, ""grnwt"": 3083.892822265625, ""xlai"": 3.0814738273620605, ""totir"": 0.0, ""tofer"": NaN, ""swfac"": 0.0, ""nstres"": 0.0}",0.0,0.0,11936.871337890623,3083.892822265625,3.0814738273620605,0.0,,0.0,0.0,0.0,180.0,54.281787109375,54.281787109375,Leave_One_experiments/all_year_offline_schedule_search/daily_outputs/SYA/SYA_2023_SYA2023_normal_grid_S0028_daily.csv
SYA,SYA,Shenyang,2023,Leave_One_experiments\wth_generated_qc\SYA\SYA2023.WTH,normal_year;nitrogen_stress_year;low_response_year,normal,SYA2023_normal_grid_S0028,low_input_within_10pct_yield,2023-08-04,216,111,106,"{""sim_day"": 111.0, ""doy"": 216.0, ""topwt"": 12266.9287109375, ""grnwt"": 3438.1088256835938, ""xlai"": 3.052368640899658, ""totir"": 0.0, ""tofer"": NaN, ""swfac"": 0.0, ""nstres"": 0.0}",0.0,0.0,12266.9287109375,3438.1088256835938,3.052368640899658,0.0,,0.0,0.0,0.0,180.0,54.281787109375,54.281787109375,Leave_One_experiments/all_year_offline_schedule_search/daily_outputs/SYA/SYA_2023_SYA2023_normal_grid_S0028_daily.csv
SYA,SYA,Shenyang,2023,Leave_One_experiments\wth_generated_qc\SYA\SYA2023.WTH,normal_year;nitrogen_stress_year;low_response_year,normal,SYA2023_normal_grid_S0028,low_input_within_10pct_yield,2023-08-05,217,112,107,"{""sim_day"": 112.0, ""doy"": 217.0, ""topwt"": 12508.09814453125, ""grnwt"": 3792.324523925781, ""xlai"": 3.02872633934021, ""totir"": 0.0, ""tofer"": NaN, ""swfac"": 0.0, ""nstres"": 0.0}",0.0,0.0,12508.09814453125,3792.324523925781,3.02872633934021,0.0,,0.0,0.0,0.0,180.0,54.281787109375,54.281787109375,Leave_One_experiments/all_year_offline_schedule_search/daily_outputs/SYA/SYA_2023_SYA2023_normal_grid_S0028_daily.csv
SYA,SYA,Shenyang,2023,Leave_One_experiments\wth_generated_qc\SYA\SYA2023.WTH,normal_year;nitrogen_stress_year;low_response_year,normal,SYA2023_normal_grid_S0028,low_input_within_10pct_yield,2023-08-06,218,113,108,"{""sim_day"": 113.0, ""doy"": 218.0, ""topwt"": 12867.607421875, ""grnwt"": 4146.54052734375, ""xlai"": 3.0009853839874268, ""totir"": 0.0, ""tofer"": NaN, ""swfac"": 0.0, ""nstres"": 0.0}",0.0,0.0,12867.607421875,4146.54052734375,3.0009853839874268,0.0,,0.0,0.0,0.0,180.0,54.281787109375,54.281787109375,Leave_One_experiments/all_year_offline_schedule_search/daily_outputs/SYA/SYA_2023_SYA2023_normal_grid_S0028_daily.csv
SYA,SYA,Shenyang,2023,Leave_One_experiments\wth_generated_qc\SYA\SYA2023.WTH,normal_year;nitrogen_stress_year;low_response_year,normal,SYA2023_normal_grid_S0028,low_input_within_10pct_yield,2023-08-07,219,114,109,"{""sim_day"": 114.0, ""doy"": 219.0, ""topwt"": 13288.5693359375, ""grnwt"": 4500.756530761719, ""xlai"": 2.964670896530152, ""totir"": 0.0, ""tofer"": NaN, ""swfac"": 0.0, ""nstres"": 0.0}",0.0,0.0,13288.5693359375,4500.756530761719,2.964670896530152,0.0,,0.0,0.0,0.0,180.0,54.281787109375,54.281787109375,Leave_One_experiments/all_year_offline_schedule_search/daily_outputs/SYA/SYA_2023_SYA2023_normal_grid_S0028_daily.csv
SYA,SYA,Shenyang,2023,Leave_One_experiments\wth_generated_qc\SYA\SYA2023.WTH,normal_year;nitrogen_stress_year;low_response_year,normal,SYA2023_normal_grid_S0028,low_input_within_10pct_yield,2023-08-08,220,115,110,"{""sim_day"": 115.0, ""doy"": 220.0, ""topwt"": 13693.509521484377, ""grnwt"": 4854.972229003906, ""xlai"": 2.923882246017456, ""totir"": 0.0, ""tofer"": NaN, ""swfac"": 0.0, ""nstres"": 0.0}",0.0,0.0,13693.509521484377,4854.972229003906,2.923882246017456,0.0,,0.0,0.0,0.0,180.0,54.281787109375,54.281787109375,Leave_One_experiments/all_year_offline_schedule_search/daily_outputs/SYA/SYA_2023_SYA2023_normal_grid_S0028_daily.csv
SYA,SYA,Shenyang,2023,Leave_One_experiments\wth_generated_qc\SYA\SYA2023.WTH,normal_year;nitrogen_stress_year;low_response_year,normal,SYA2023_normal_grid_S0028,low_input_within_10pct_yield,2023-08-09,221,116,111,"{""sim_day"": 116.0, ""doy"": 221.0, ""topwt"": 14079.581298828123, ""grnwt"": 5209.188232421875, ""xlai"": 2.882854700088501, ""totir"": 0.0, ""tofer"": NaN, ""swfac"": 0.0, ""nstres"": 0.0}",0.0,0.0,14079.581298828123,5209.188232421875,2.882854700088501,0.0,,0.0,0.0,0.0,180.0,54.281787109375,54.281787109375,Leave_One_experiments/all_year_offline_schedule_search/daily_outputs/SYA/SYA_2023_SYA2023_normal_grid_S0028_daily.csv
SYA,SYA,Shenyang,2023,Leave_One_experiments\wth_generated_qc\SYA\SYA2023.WTH,normal_year;nitrogen_stress_year;low_response_year,normal,SYA2023_normal_grid_S0028,low_input_within_10pct_yield,2023-08-10,222,117,112,"{""sim_day"": 117.0, ""doy"": 222.0, ""topwt"": 14275.440673828123, ""grnwt"": 5563.403930664063, ""xlai"": 2.837674617767334, ""totir"": 0.0, ""tofer"": NaN, ""swfac"": 0.0, ""nstres"": 0.0}",0.0,0.0,14275.440673828123,5563.403930664063,2.837674617767334,0.0,,0.0,0.0,0.0,180.0,54.281787109375,54.281787109375,Leave_One_experiments/all_year_offline_schedule_search/daily_outputs/SYA/SYA_2023_SYA2023_normal_grid_S0028_daily.csv
SYA,SYA,Shenyang,2023,Leave_One_experiments\wth_generated_qc\SYA\SYA2023.WTH,normal_year;nitrogen_stress_year;low_response_year,normal,SYA2023_normal_grid_S0028,low_input_within_10pct_yield,2023-08-11,223,118,113,"{""sim_day"": 118.0, ""doy"": 223.0, ""topwt"": 14376.66015625, ""grnwt"": 5917.6202392578125, ""xlai"": 2.789071083068848, ""totir"": 0.0, ""tofer"": NaN, ""swfac"": 0.0, ""nstres"": 0.0}",0.0,0.0,14376.66015625,5917.6202392578125,2.789071083068848,0.0,,0.0,0.0,0.0,180.0,54.281787109375,54.281787109375,Leave_One_experiments/all_year_offline_schedule_search/daily_outputs/SYA/SYA_2023_SYA2023_normal_grid_S0028_daily.csv
SYA,SYA,Shenyang,2023,Leave_One_experiments\wth_generated_qc\SYA\SYA2023.WTH,normal_year;nitrogen_stress_year;low_response_year,normal,SYA2023_normal_grid_S0028,low_input_within_10pct_yield,2023-08-12,224,119,114,"{""sim_day"": 119.0, ""doy"": 224.0, ""topwt"": 14432.158203125, ""grnwt"": 6271.8365478515625, ""xlai"": 2.742321491241455, ""totir"": 0.0, ""tofer"": NaN, ""swfac"": 0.0, ""nstres"": 0.0078610777854919}",0.0,0.0078610777854919,14432.158203125,6271.8365478515625,2.742321491241455,0.0,,0.0,0.0,0.0,180.0,54.281787109375,54.281787109375,Leave_One_experiments/all_year_offline_schedule_search/daily_outputs/SYA/SYA_2023_SYA2023_normal_grid_S0028_daily.csv
SYA,SYA,Shenyang,2023,Leave_One_experiments\wth_generated_qc\SYA\SYA2023.WTH,normal_year;nitrogen_stress_year;low_response_year,normal,SYA2023_normal_grid_S0028,low_input_within_10pct_yield,2023-08-13,225,120,115,"{""sim_day"": 120.0, ""doy"": 225.0, ""topwt"": 14811.556396484377, ""grnwt"": 6626.0528564453125, ""xlai"": 2.680830478668213, ""totir"": 0.0, ""tofer"": NaN, ""swfac"": 0.0, ""nstres"": 0.012980580329895}",0.0,0.012980580329895,14811.556396484377,6626.0528564453125,2.680830478668213,0.0,,0.0,0.0,0.0,180.0,54.281787109375,54.281787109375,Leave_One_experiments/all_year_offline_schedule_search/daily_outputs/SYA/SYA_2023_SYA2023_normal_grid_S0028_daily.csv
SYA,SYA,Shenyang,2023,Leave_One_experiments\wth_generated_qc\SYA\SYA2023.WTH,normal_year;nitrogen_stress_year;low_response_year,normal,SYA2023_normal_grid_S0028,low_input_within_10pct_yield,2023-08-14,226,121,116,"{""sim_day"": 121.0, ""doy"": 226.0, ""topwt"": 15189.08447265625, ""grnwt"": 6980.269165039063, ""xlai"": 2.612211942672729, ""totir"": 0.0, ""tofer"": NaN, ""swfac"": 0.0, ""nstres"": 0.0194077491760253}",0.0,0.0194077491760253,15189.08447265625,6980.269165039063,2.612211942672729,0.0,,0.0,0.0,0.0,180.0,54.281787109375,54.281787109375,Leave_One_experiments/all_year_offline_schedule_search/daily_outputs/SYA/SYA_2023_SYA2023_normal_grid_S0028_daily.csv
SYA,SYA,Shenyang,2023,Leave_One_experiments\wth_generated_qc\SYA\SYA2023.WTH,normal_year;nitrogen_stress_year;low_response_year,normal,SYA2023_normal_grid_S0028,low_input_within_10pct_yield,2023-08-15,227,122,117,"{""sim_day"": 122.0, ""doy"": 227.0, ""topwt"": 15483.056640625, ""grnwt"": 7330.057373046875, ""xlai"": 2.537361860275269, ""totir"": 0.0, ""tofer"": NaN, ""swfac"": 0.0, ""nstres"": 0.0692155361175537}",0.0,0.0692155361175537,15483.056640625,7330.057373046875,2.537361860275269,0.0,,0.0,0.0,0.0,180.0,54.281787109375,54.281787109375,Leave_One_experiments/all_year_offline_schedule_search/daily_outputs/SYA/SYA_2023_SYA2023_normal_grid_S0028_daily.csv
SYA,SYA,Shenyang,2023,Leave_One_experiments\wth_generated_qc\SYA\SYA2023.WTH,normal_year;nitrogen_stress_year;low_response_year,normal,SYA2023_normal_grid_S0028,low_input_within_10pct_yield,2023-08-16,228,123,118,"{""sim_day"": 123.0, ""doy"": 228.0, ""topwt"": 15834.3310546875, ""grnwt"": 7670.989990234375, ""xlai"": 2.4562814235687256, ""totir"": 0.0, ""tofer"": NaN, ""swfac"": 0.0, ""nstres"": 0.1147909164428711}",0.0,0.1147909164428711,15834.3310546875,7670.989990234375,2.4562814235687256,0.0,,0.0,0.0,0.0,180.0,54.281787109375,54.281787109375,Leave_One_experiments/all_year_offline_schedule_search/daily_outputs/SYA/SYA_2023_SYA2023_normal_grid_S0028_daily.csv
SYA,SYA,Shenyang,2023,Leave_One_experiments\wth_generated_qc\SYA\SYA2023.WTH,normal_year;nitrogen_stress_year;low_response_year,normal,SYA2023_normal_grid_S0028,low_input_within_10pct_yield,2023-08-17,229,124,119,"{""sim_day"": 124.0, ""doy"": 229.0, ""topwt"": 16108.4228515625, ""grnwt"": 8025.206298828125, ""xlai"": 2.3709278106689453, ""totir"": 0.0, ""tofer"": NaN, ""swfac"": 0.0, ""nstres"": 0.1478264927864074}",0.0,0.1478264927864074,16108.4228515625,8025.206298828125,2.3709278106689453,0.0,,0.0,0.0,0.0,180.0,54.281787109375,54.281787109375,Leave_One_experiments/all_year_offline_schedule_search/daily_outputs/SYA/SYA_2023_SYA2023_normal_grid_S0028_daily.csv
SYA,SYA,Shenyang,2023,Leave_One_experiments\wth_generated_qc\SYA\SYA2023.WTH,normal_year;nitrogen_stress_year;low_response_year,normal,SYA2023_normal_grid_S0028,low_input_within_10pct_yield,2023-08-18,230,125,120,"{""sim_day"": 125.0, ""doy"": 230.0, ""topwt"": 16376.5771484375, ""grnwt"": 8368.352661132812, ""xlai"": 2.278665065765381, ""totir"": 0.0, ""tofer"": NaN, ""swfac"": 0.0, ""nstres"": 0.1864409446716308}",0.0,0.1864409446716308,16376.5771484375,8368.352661132812,2.278665065765381,0.0,,0.0,0.0,0.0,180.0,54.281787109375,54.281787109375,Leave_One_experiments/all_year_offline_schedule_search/daily_outputs/SYA/SYA_2023_SYA2023_normal_grid_S0028_daily.csv
SYA,SYA,Shenyang,2023,Leave_One_experiments\wth_generated_qc\SYA\SYA2023.WTH,normal_year;nitrogen_stress_year;low_response_year,normal,SYA2023_normal_grid_S0028,low_input_within_10pct_yield,2023-08-19,231,126,121,"{""sim_day"": 126.0, ""doy"": 231.0, ""topwt"": 16613.5546875, ""grnwt"": 8722.568969726562, ""xlai"": 2.18170428276062, ""totir"": 0.0, ""tofer"": NaN, ""swfac"": 0.0, ""nstres"": 0.2455067038536071}",0.0,0.2455067038536071,16613.5546875,8722.568969726562,2.18170428276062,0.0,,0.0,0.0,0.0,180.0,54.281787109375,54.281787109375,Leave_One_experiments/all_year_offline_schedule_search/daily_outputs/SYA/SYA_2023_SYA2023_normal_grid_S0028_daily.csv
SYA,SYA,Shenyang,2023,Leave_One_experiments\wth_generated_qc\SYA\SYA2023.WTH,normal_year;nitrogen_stress_year;low_response_year,normal,SYA2023_normal_grid_S0028,low_input_within_10pct_yield,2023-08-20,232,127,122,"{""sim_day"": 127.0, ""doy"": 232.0, ""topwt"": 16634.63623046875, ""grnwt"": 8762.283935546875, ""xlai"": 2.097586870193481, ""totir"": 0.0, ""tofer"": NaN, ""swfac"": 0.0, ""nstres"": 0.3352968692779541}",0.0,0.3352968692779541,16634.63623046875,8762.283935546875,2.097586870193481,0.0,,0.0,0.0,0.0,180.0,54.281787109375,54.281787109375,Leave_One_experiments/all_year_offline_schedule_search/daily_outputs/SYA/SYA_2023_SYA2023_normal_grid_S0028_daily.csv
SYA,SYA,Shenyang,2023,Leave_One_experiments\wth_generated_qc\SYA\SYA2023.WTH,normal_year;nitrogen_stress_year;low_response_year,normal,SYA2023_normal_grid_S0028,low_input_within_10pct_yield,2023-08-21,233,128,123,"{""sim_day"": 128.0, ""doy"": 233.0, ""topwt"": 16842.470703125, ""grnwt"": 8970.118408203125, ""xlai"": 2.005234241485596, ""totir"": 0.0, ""tofer"": NaN, ""swfac"": 0.0, ""nstres"": 0.2887141704559326}",0.0,0.2887141704559326,16842.470703125,8970.118408203125,2.005234241485596,0.0,,0.0,0.0,0.0,180.0,54.281787109375,54.281787109375,Leave_One_experiments/all_year_offline_schedule_search/daily_outputs/SYA/SYA_2023_SYA2023_normal_grid_S0028_daily.csv
SYA,SYA,Shenyang,2023,Leave_One_experiments\wth_generated_qc\SYA\SYA2023.WTH,normal_year;nitrogen_stress_year;low_response_year,normal,SYA2023_normal_grid_S0028,low_input_within_10pct_yield,2023-08-22,234,129,124,"{""sim_day"": 129.0, ""doy"": 234.0, ""topwt"": 17109.586181640625, ""grnwt"": 9237.233276367188, ""xlai"": 1.9209767580032349, ""totir"": 0.0, ""tofer"": NaN, ""swfac"": 0.0, ""nstres"": 0.3432889580726623}",0.0,0.3432889580726623,17109.586181640625,9237.233276367188,1.9209767580032349,0.0,,0.0,0.0,0.0,180.0,54.281787109375,54.281787109375,Leave_One_experiments/all_year_offline_schedule_search/daily_outputs/SYA/SYA_2023_SYA2023_normal_grid_S0028_daily.csv
SYA,SYA,Shenyang,2023,Leave_One_experiments\wth_generated_qc\SYA\SYA2023.WTH,normal_year;nitrogen_stress_year;low_response_year,normal,SYA2023_normal_grid_S0028,low_input_within_10pct_yield,2023-08-23,235,130,125,"{""sim_day"": 130.0, ""doy"": 235.0, ""topwt"": 17341.5087890625, ""grnwt"": 9469.156494140623, ""xlai"": 1.8280375003814695, ""totir"": 0.0, ""tofer"": NaN, ""swfac"": 0.0, ""nstres"": 0.4233086705207824}",0.0,0.4233086705207824,17341.5087890625,9469.156494140623,1.8280375003814695,0.0,,0.0,0.0,0.0,180.0,54.281787109375,54.281787109375,Leave_One_experiments/all_year_offline_schedule_search/daily_outputs/SYA/SYA_2023_SYA2023_normal_grid_S0028_daily.csv
SYA,SYA,Shenyang,2023,Leave_One_experiments\wth_generated_qc\SYA\SYA2023.WTH,normal_year;nitrogen_stress_year;low_response_year,normal,SYA2023_normal_grid_S0028,low_input_within_10pct_yield,2023-08-24,236,131,126,"{""sim_day"": 131.0, ""doy"": 236.0, ""topwt"": 17515.3759765625, ""grnwt"": 9643.024291992188, ""xlai"": 1.731958508491516, ""totir"": 0.0, ""tofer"": NaN, ""swfac"": 0.0, ""nstres"": 0.4802327752113342}",0.0,0.4802327752113342,17515.3759765625,9643.024291992188,1.731958508491516,0.0,,0.0,0.0,0.0,180.0,54.281787109375,54.281787109375,Leave_One_experiments/all_year_offline_schedule_search/daily_outputs/SYA/SYA_2023_SYA2023_normal_grid_S0028_daily.csv
SYA,SYA,Shenyang,2023,Leave_One_experiments\wth_generated_qc\SYA\SYA2023.WTH,normal_year;nitrogen_stress_year;low_response_year,normal,SYA2023_normal_grid_S0028,low_input_within_10pct_yield,2023-08-25,237,132,127,"{""sim_day"": 132.0, ""doy"": 237.0, ""topwt"": 17635.09033203125, ""grnwt"": 9762.737426757812, ""xlai"": 1.643085479736328, ""totir"": 0.0, ""tofer"": NaN, ""swfac"": 0.0, ""nstres"": 0.5131004452705383}",0.0,0.5131004452705383,17635.09033203125,9762.737426757812,1.643085479736328,0.0,,0.0,0.0,0.0,180.0,54.281787109375,54.281787109375,Leave_One_experiments/all_year_offline_schedule_search/daily_outputs/SYA/SYA_2023_SYA2023_normal_grid_S0028_daily.csv
SYA,SYA,Shenyang,2023,Leave_One_experiments\wth_generated_qc\SYA\SYA2023.WTH,normal_year;nitrogen_stress_year;low_response_year,normal,SYA2023_normal_grid_S0028,low_input_within_10pct_yield,2023-08-26,238,133,128,"{""sim_day"": 133.0, ""doy"": 238.0, ""topwt"": 17760.980224609375, ""grnwt"": 9888.628540039062, ""xlai"": 1.5505273342132568, ""totir"": 0.0, ""tofer"": NaN, ""swfac"": 0.0, ""nstres"": 0.5272126197814941}",0.0,0.5272126197814941,17760.980224609375,9888.628540039062,1.5505273342132568,0.0,,0.0,0.0,0.0,180.0,54.281787109375,54.281787109375,Leave_One_experiments/all_year_offline_schedule_search/daily_outputs/SYA/SYA_2023_SYA2023_normal_grid_S0028_daily.csv
SYA,SYA,Shenyang,2023,Leave_One_experiments\wth_generated_qc\SYA\SYA2023.WTH,normal_year;nitrogen_stress_year;low_response_year,normal,SYA2023_normal_grid_S0028,low_input_within_10pct_yield,2023-08-27,239,134,129,"{""sim_day"": 134.0, ""doy"": 239.0, ""topwt"": 17800.531005859375, ""grnwt"": 9928.1787109375, ""xlai"": 1.456765055656433, ""totir"": 0.0, ""tofer"": NaN, ""swfac"": 0.0, ""nstres"": 0.5378739237785339}",0.0,0.5378739237785339,17800.531005859375,9928.1787109375,1.456765055656433,0.0,,0.0,0.0,0.0,180.0,54.281787109375,54.281787109375,Leave_One_experiments/all_year_offline_schedule_search/daily_outputs/SYA/SYA_2023_SYA2023_normal_grid_S0028_daily.csv
SYA,SYA,Shenyang,2023,Leave_One_experiments\wth_generated_qc\SYA\SYA2023.WTH,normal_year;nitrogen_stress_year;low_response_year,normal,SYA2023_normal_grid_S0028,low_input_within_10pct_yield,2023-08-28,240,135,130,"{""sim_day"": 135.0, ""doy"": 240.0, ""topwt"": 17800.531005859375, ""grnwt"": 9928.1787109375, ""xlai"": 1.456765055656433, ""totir"": 0.0, ""tofer"": NaN, ""swfac"": 0.0, ""nstres"": 0.5211182236671448}",0.0,0.5211182236671448,17800.531005859375,9928.1787109375,1.456765055656433,0.0,,0.0,0.0,0.0,180.0,54.281787109375,54.281787109375,Leave_One_experiments/all_year_offline_schedule_search/daily_outputs/SYA/SYA_2023_SYA2023_normal_grid_S0028_daily.csv
SYA,SYA,Shenyang,2023,Leave_One_experiments\wth_generated_qc\SYA\SYA2023.WTH,normal_year;nitrogen_stress_year;low_response_year,normal,SYA2023_normal_grid_S0028,low_input_within_10pct_yield,2023-08-29,241,136,131,"{""sim_day"": 136.0, ""doy"": 241.0, ""topwt"": 17800.531005859375, ""grnwt"": 9928.1787109375, ""xlai"": 1.456765055656433, ""totir"": 0.0, ""tofer"": NaN, ""swfac"": 0.0, ""nstres"": 0.5211182236671448}",0.0,0.5211182236671448,17800.531005859375,9928.1787109375,1.456765055656433,0.0,,0.0,0.0,0.0,180.0,54.281787109375,54.281787109375,Leave_One_experiments/all_year_offline_schedule_search/daily_outputs/SYA/SYA_2023_SYA2023_normal_grid_S0028_daily.csv
SYA,SYA,Shenyang,2023,Leave_One_experiments\wth_generated_qc\SYA\SYA2023.WTH,normal_year;nitrogen_stress_year;low_response_year,normal,SYA2023_normal_grid_S0028,low_input_within_10pct_yield,2023-08-30,242,137,132,"{""sim_day"": 137.0, ""doy"": 242.0, ""topwt"": 17800.531005859375, ""grnwt"": 9928.1787109375, ""xlai"": 1.456765055656433, ""totir"": 0.0, ""tofer"": NaN, ""swfac"": 0.0, ""nstres"": 0.5211182236671448}",0.0,0.5211182236671448,17800.531005859375,9928.1787109375,1.456765055656433,0.0,,0.0,0.0,0.0,180.0,54.281787109375,54.281787109375,Leave_One_experiments/all_year_offline_schedule_search/daily_outputs/SYA/SYA_2023_SYA2023_normal_grid_S0028_daily.csv
SYA,SYA,Shenyang,2023,Leave_One_experiments\wth_generated_qc\SYA\SYA2023.WTH,normal_year;nitrogen_stress_year;low_response_year,normal,SYA2023_normal_grid_S0028,low_input_within_10pct_yield,2023-08-31,243,138,133,"{""sim_day"": 138.0, ""doy"": 243.0, ""topwt"": 17800.531005859375, ""grnwt"": 9928.1787109375, ""xlai"": 1.456765055656433, ""totir"": 0.0, ""tofer"": NaN, ""swfac"": 0.0, ""nstres"": 0.5211182236671448}",0.0,0.5211182236671448,17800.531005859375,9928.1787109375,1.456765055656433,0.0,,0.0,0.0,0.0,180.0,54.281787109375,54.281787109375,Leave_One_experiments/all_year_offline_schedule_search/daily_outputs/SYA/SYA_2023_SYA2023_normal_grid_S0028_daily.csv
SYA,SYA,Shenyang,2023,Leave_One_experiments\wth_generated_qc\SYA\SYA2023.WTH,normal_year;nitrogen_stress_year;low_response_year,normal,SYA2023_normal_grid_S0021,pareto_balanced,2023-04-21,111,1,1,"{""sim_day"": 1.0, ""doy"": 111.0, ""topwt"": 0.0, ""grnwt"": 0.0, ""xlai"": 0.0, ""totir"": 0.0, ""tofer"": NaN, ""swfac"": 0.0, ""nstres"": 0.0}",0.0,0.0,0.0,0.0,0.0,0.0,,0.0,75.0,80.0,225.0,13.211291503906253,45.21129150390625,Leave_One_experiments/all_year_offline_schedule_search/daily_outputs/SYA/SYA_2023_SYA2023_normal_grid_S0021_daily.csv
SYA,SYA,Shenyang,2023,Leave_One_experiments\wth_generated_qc\SYA\SYA2023.WTH,normal_year;nitrogen_stress_year;low_response_year,normal,SYA2023_normal_grid_S0021,pareto_balanced,2023-04-22,112,2,2,"{""sim_day"": 2.0, ""doy"": 112.0, ""topwt"": 0.0, ""grnwt"": 0.0, ""xlai"": 0.0, ""totir"": 0.0, ""tofer"": NaN, ""swfac"": 0.0, ""nstres"": 0.0}",0.0,0.0,0.0,0.0,0.0,0.0,,0.0,0.0,80.0,225.0,13.211291503906253,45.21129150390625,Leave_One_experiments/all_year_offline_schedule_search/daily_outputs/SYA/SYA_2023_SYA2023_normal_grid_S0021_daily.csv
SYA,SYA,Shenyang,2023,Leave_One_experiments\wth_generated_qc\SYA\SYA2023.WTH,normal_year;nitrogen_stress_year;low_response_year,normal,SYA2023_normal_grid_S0021,pareto_balanced,2023-04-23,113,3,3,"{""sim_day"": 3.0, ""doy"": 113.0, ""topwt"": 0.0, ""grnwt"": 0.0, ""xlai"": 0.0, ""totir"": 0.0, ""tofer"": NaN, ""swfac"": 0.0, ""nstres"": 0.0}",0.0,0.0,0.0,0.0,0.0,0.0,,0.0,0.0,80.0,225.0,13.211291503906253,45.21129150390625,Leave_One_experiments/all_year_offline_schedule_search/daily_outputs/SYA/SYA_2023_SYA2023_normal_grid_S0021_daily.csv
SYA,SYA,Shenyang,2023,Leave_One_experiments\wth_generated_qc\SYA\SYA2023.WTH,normal_year;nitrogen_stress_year;low_response_year,normal,SYA2023_normal_grid_S0021,pareto_balanced,2023-04-24,114,4,4,"{""sim_day"": 4.0, ""doy"": 114.0, ""topwt"": 0.0, ""grnwt"": 0.0, ""xlai"": 0.0, ""totir"": 0.0, ""tofer"": NaN, ""swfac"": 0.0, ""nstres"": 0.0}",0.0,0.0,0.0,0.0,0.0,0.0,,0.0,0.0,80.0,225.0,13.211291503906253,45.21129150390625,Leave_One_experiments/all_year_offline_schedule_search/daily_outputs/SYA/SYA_2023_SYA2023_normal_grid_S0021_daily.csv
SYA,SYA,Shenyang,2023,Leave_One_experiments\wth_generated_qc\SYA\SYA2023.WTH,normal_year;nitrogen_stress_year;low_response_year,normal,SYA2023_normal_grid_S0021,pareto_balanced,2023-04-25,115,5,5,"{""sim_day"": 5.0, ""doy"": 115.0, ""topwt"": 0.0, ""grnwt"": 0.0, ""xlai"": 0.0, ""totir"": 0.0, ""tofer"": NaN, ""swfac"": 0.0, ""nstres"": 0.0}",0.0,0.0,0.0,0.0,0.0,0.0,,0.0,0.0,80.0,225.0,13.211291503906253,45.21129150390625,Leave_One_experiments/all_year_offline_schedule_search/daily_outputs/SYA/SYA_2023_SYA2023_normal_grid_S0021_daily.csv
SYA,SYA,Shenyang,2023,Leave_One_experiments\wth_generated_qc\SYA\SYA2023.WTH,normal_year;nitrogen_stress_year;low_response_year,normal,SYA2023_normal_grid_S0021,pareto_balanced,2023-04-21,111,6,1,"{""sim_day"": 6.0, ""doy"": 111.0, ""topwt"": 0.0, ""grnwt"": 0.0, ""xlai"": 0.0, ""totir"": 0.0, ""tofer"": NaN, ""swfac"": 0.0, ""nstres"": 0.0}",0.0,0.0,0.0,0.0,0.0,0.0,,0.0,0.0,80.0,225.0,13.211291503906253,45.21129150390625,Leave_One_experiments/all_year_offline_schedule_search/daily_outputs/SYA/SYA_2023_SYA2023_normal_grid_S0021_daily.csv
SYA,SYA,Shenyang,2023,Leave_One_experiments\wth_generated_qc\SYA\SYA2023.WTH,normal_year;nitrogen_stress_year;low_response_year,normal,SYA2023_normal_grid_S0021,pareto_balanced,2023-04-22,112,7,2,"{""sim_day"": 7.0, ""doy"": 112.0, ""topwt"": 0.0, ""grnwt"": 0.0, ""xlai"": 0.0, ""totir"": 0.0, ""tofer"": NaN, ""swfac"": 0.0, ""nstres"": 0.0}",0.0,0.0,0.0,0.0,0.0,0.0,,0.0,0.0,80.0,225.0,13.211291503906253,45.21129150390625,Leave_One_experiments/all_year_offline_schedule_search/daily_outputs/SYA/SYA_2023_SYA2023_normal_grid_S0021_daily.csv
SYA,SYA,Shenyang,2023,Leave_One_experiments\wth_generated_qc\SYA\SYA2023.WTH,normal_year;nitrogen_stress_year;low_response_year,normal,SYA2023_normal_grid_S0021,pareto_balanced,2023-04-23,113,8,3,"{""sim_day"": 8.0, ""doy"": 113.0, ""topwt"": 0.0, ""grnwt"": 0.0, ""xlai"": 0.0, ""totir"": 0.0, ""tofer"": NaN, ""swfac"": 0.0, ""nstres"": 0.0}",0.0,0.0,0.0,0.0,0.0,0.0,,0.0,0.0,80.0,225.0,13.211291503906253,45.21129150390625,Leave_One_experiments/all_year_offline_schedule_search/daily_outputs/SYA/SYA_2023_SYA2023_normal_grid_S0021_daily.csv
SYA,SYA,Shenyang,2023,Leave_One_experiments\wth_generated_qc\SYA\SYA2023.WTH,normal_year;nitrogen_stress_year;low_response_year,normal,SYA2023_normal_grid_S0021,pareto_balanced,2023-04-24,114,9,4,"{""sim_day"": 9.0, ""doy"": 114.0, ""topwt"": 0.0, ""grnwt"": 0.0, ""xlai"": 0.0, ""totir"": 0.0, ""tofer"": NaN, ""swfac"": 0.0, ""nstres"": 0.0}",0.0,0.0,0.0,0.0,0.0,0.0,,0.0,0.0,80.0,225.0,13.211291503906253,45.21129150390625,Leave_One_experiments/all_year_offline_schedule_search/daily_outputs/SYA/SYA_2023_SYA2023_normal_grid_S0021_daily.csv
SYA,SYA,Shenyang,2023,Leave_One_experiments\wth_generated_qc\SYA\SYA2023.WTH,normal_year;nitrogen_stress_year;low_response_year,normal,SYA2023_normal_grid_S0021,pareto_balanced,2023-04-25,115,10,5,"{""sim_day"": 10.0, ""doy"": 115.0, ""topwt"": 0.0, ""grnwt"": 0.0, ""xlai"": 0.0, ""totir"": 0.0, ""tofer"": NaN, ""swfac"": 0.0, ""nstres"": 0.0}",0.0,0.0,0.0,0.0,0.0,0.0,,0.0,0.0,80.0,225.0,13.211291503906253,45.21129150390625,Leave_One_experiments/all_year_offline_schedule_search/daily_outputs/SYA/SYA_2023_SYA2023_normal_grid_S0021_daily.csv
SYA,SYA,Shenyang,2023,Leave_One_experiments\wth_generated_qc\SYA\SYA2023.WTH,normal_year;nitrogen_stress_year;low_response_year,normal,SYA2023_normal_grid_S0021,pareto_balanced,2023-04-26,116,11,6,"{""sim_day"": 11.0, ""doy"": 116.0, ""topwt"": 0.0, ""grnwt"": 0.0, ""xlai"": 0.0, ""totir"": 0.0, ""tofer"": NaN, ""swfac"": 0.0, ""nstres"": 0.0}",0.0,0.0,0.0,0.0,0.0,0.0,,0.0,0.0,80.0,225.0,13.211291503906253,45.21129150390625,Leave_One_experiments/all_year_offline_schedule_search/daily_outputs/SYA/SYA_2023_SYA2023_normal_grid_S0021_daily.csv
SYA,SYA,Shenyang,2023,Leave_One_experiments\wth_generated_qc\SYA\SYA2023.WTH,normal_year;nitrogen_stress_year;low_response_year,normal,SYA2023_normal_grid_S0021,pareto_balanced,2023-04-27,117,12,7,"{""sim_day"": 12.0, ""doy"": 117.0, ""topwt"": 0.0, ""grnwt"": 0.0, ""xlai"": 0.0, ""totir"": 0.0, ""tofer"": NaN, ""swfac"": 0.0, ""nstres"": 0.0}",0.0,0.0,0.0,0.0,0.0,0.0,,0.0,0.0,80.0,225.0,13.211291503906253,45.21129150390625,Leave_One_experiments/all_year_offline_schedule_search/daily_outputs/SYA/SYA_2023_SYA2023_normal_grid_S0021_daily.csv
SYA,SYA,Shenyang,2023,Leave_One_experiments\wth_generated_qc\SYA\SYA2023.WTH,normal_year;nitrogen_stress_year;low_response_year,normal,SYA2023_normal_grid_S0021,pareto_balanced,2023-04-28,118,13,8,"{""sim_day"": 13.0, ""doy"": 118.0, ""topwt"": 0.0, ""grnwt"": 0.0, ""xlai"": 0.0, ""totir"": 0.0, ""tofer"": NaN, ""swfac"": 0.0, ""nstres"": 0.0}",0.0,0.0,0.0,0.0,0.0,0.0,,0.0,0.0,80.0,225.0,13.211291503906253,45.21129150390625,Leave_One_experiments/all_year_offline_schedule_search/daily_outputs/SYA/SYA_2023_SYA2023_normal_grid_S0021_daily.csv
SYA,SYA,Shenyang,2023,Leave_One_experiments\wth_generated_qc\SYA\SYA2023.WTH,normal_year;nitrogen_stress_year;low_response_year,normal,SYA2023_normal_grid_S0021,pareto_balanced,2023-04-29,119,14,9,"{""sim_day"": 14.0, ""doy"": 119.0, ""topwt"": 0.0, ""grnwt"": 0.0, ""xlai"": 0.0, ""totir"": 0.0, ""tofer"": NaN, ""swfac"": 0.0, ""nstres"": 0.0}",0.0,0.0,0.0,0.0,0.0,0.0,,0.0,0.0,80.0,225.0,13.211291503906253,45.21129150390625,Leave_One_experiments/all_year_offline_schedule_search/daily_outputs/SYA/SYA_2023_SYA2023_normal_grid_S0021_daily.csv
SYA,SYA,Shenyang,2023,Leave_One_experiments\wth_generated_qc\SYA\SYA2023.WTH,normal_year;nitrogen_stress_year;low_response_year,normal,SYA2023_normal_grid_S0021,pareto_balanced,2023-04-30,120,15,10,"{""sim_day"": 15.0, ""doy"": 120.0, ""topwt"": 0.0, ""grnwt"": 0.0, ""xlai"": 0.0, ""totir"": 0.0, ""tofer"": NaN, ""swfac"": 0.0, ""nstres"": 0.0}",0.0,0.0,0.0,0.0,0.0,0.0,,0.0,0.0,80.0,225.0,13.211291503906253,45.21129150390625,Leave_One_experiments/all_year_offline_schedule_search/daily_outputs/SYA/SYA_2023_SYA2023_normal_grid_S0021_daily.csv
SYA,SYA,Shenyang,2023,Leave_One_experiments\wth_generated_qc\SYA\SYA2023.WTH,normal_year;nitrogen_stress_year;low_response_year,normal,SYA2023_normal_grid_S0021,pareto_balanced,2023-05-01,121,16,11,"{""sim_day"": 16.0, ""doy"": 121.0, ""topwt"": 0.0, ""grnwt"": 0.0, ""xlai"": 0.0, ""totir"": 0.0, ""tofer"": NaN, ""swfac"": 0.0, ""nstres"": 0.0}",0.0,0.0,0.0,0.0,0.0,0.0,,0.0,0.0,80.0,225.0,13.211291503906253,45.21129150390625,Leave_One_experiments/all_year_offline_schedule_search/daily_outputs/SYA/SYA_2023_SYA2023_normal_grid_S0021_daily.csv
SYA,SYA,Shenyang,2023,Leave_One_experiments\wth_generated_qc\SYA\SYA2023.WTH,normal_year;nitrogen_stress_year;low_response_year,normal,SYA2023_normal_grid_S0021,pareto_balanced,2023-05-02,122,17,12,"{""sim_day"": 17.0, ""doy"": 122.0, ""topwt"": 0.0, ""grnwt"": 0.0, ""xlai"": 0.0, ""totir"": 0.0, ""tofer"": NaN, ""swfac"": 0.0, ""nstres"": 0.0}",0.0,0.0,0.0,0.0,0.0,0.0,,0.0,0.0,80.0,225.0,13.211291503906253,45.21129150390625,Leave_One_experiments/all_year_offline_schedule_search/daily_outputs/SYA/SYA_2023_SYA2023_normal_grid_S0021_daily.csv
SYA,SYA,Shenyang,2023,Leave_One_experiments\wth_generated_qc\SYA\SYA2023.WTH,normal_year;nitrogen_stress_year;low_response_year,normal,SYA2023_normal_grid_S0021,pareto_balanced,2023-05-03,123,18,13,"{""sim_day"": 18.0, ""doy"": 123.0, ""topwt"": 0.0, ""grnwt"": 0.0, ""xlai"": 0.0, ""totir"": 0.0, ""tofer"": NaN, ""swfac"": 0.0, ""nstres"": 0.0}",0.0,0.0,0.0,0.0,0.0,0.0,,0.0,0.0,80.0,225.0,13.211291503906253,45.21129150390625,Leave_One_experiments/all_year_offline_schedule_search/daily_outputs/SYA/SYA_2023_SYA2023_normal_grid_S0021_daily.csv
SYA,SYA,Shenyang,2023,Leave_One_experiments\wth_generated_qc\SYA\SYA2023.WTH,normal_year;nitrogen_stress_year;low_response_year,normal,SYA2023_normal_grid_S0021,pareto_balanced,2023-05-04,124,19,14,"{""sim_day"": 19.0, ""doy"": 124.0, ""topwt"": 17.600001096725464, ""grnwt"": 0.0, ""xlai"": 0.0013041353086009, ""totir"": 0.0, ""tofer"": NaN, ""swfac"": 0.0, ""nstres"": 0.0121910572052001}",0.0,0.0121910572052001,17.600001096725464,0.0,0.0013041353086009,0.0,,0.0,0.0,80.0,225.0,13.211291503906253,45.21129150390625,Leave_One_experiments/all_year_offline_schedule_search/daily_outputs/SYA/SYA_2023_SYA2023_normal_grid_S0021_daily.csv
SYA,SYA,Shenyang,2023,Leave_One_experiments\wth_generated_qc\SYA\SYA2023.WTH,normal_year;nitrogen_stress_year;low_response_year,normal,SYA2023_normal_grid_S0021,pareto_balanced,2023-05-05,125,20,15,"{""sim_day"": 20.0, ""doy"": 125.0, ""topwt"": 17.600001096725464, ""grnwt"": 0.0, ""xlai"": 0.0024267469998449, ""totir"": 0.0, ""tofer"": NaN, ""swfac"": 0.0, ""nstres"": 0.0159885883331298}",0.0,0.0159885883331298,17.600001096725464,0.0,0.0024267469998449,0.0,,0.0,0.0,80.0,225.0,13.211291503906253,45.21129150390625,Leave_One_experiments/all_year_offline_schedule_search/daily_outputs/SYA/SYA_2023_SYA2023_normal_grid_S0021_daily.csv
SYA,SYA,Shenyang,2023,Leave_One_experiments\wth_generated_qc\SYA\SYA2023.WTH,normal_year;nitrogen_stress_year;low_response_year,normal,SYA2023_normal_grid_S0021,pareto_balanced,2023-05-06,126,21,16,"{""sim_day"": 21.0, ""doy"": 126.0, ""topwt"": 17.600001096725464, ""grnwt"": 0.0, ""xlai"": 0.0033136026468127, ""totir"": 0.0, ""tofer"": NaN, ""swfac"": 0.0, ""nstres"": 0.0131745338439941}",0.0,0.0131745338439941,17.600001096725464,0.0,0.0033136026468127,0.0,,0.0,0.0,80.0,225.0,13.211291503906253,45.21129150390625,Leave_One_experiments/all_year_offline_schedule_search/daily_outputs/SYA/SYA_2023_SYA2023_normal_grid_S0021_daily.csv
SYA,SYA,Shenyang,2023,Leave_One_experiments\wth_generated_qc\SYA\SYA2023.WTH,normal_year;nitrogen_stress_year;low_response_year,normal,SYA2023_normal_grid_S0021,pareto_balanced,2023-05-07,127,22,17,"{""sim_day"": 22.0, ""doy"": 127.0, ""topwt"": 17.600001096725464, ""grnwt"": 0.0, ""xlai"": 0.0048232115805149, ""totir"": 0.0, ""tofer"": NaN, ""swfac"": 0.0, ""nstres"": 0.0088738203048706}",0.0,0.0088738203048706,17.600001096725464,0.0,0.0048232115805149,0.0,,0.0,0.0,80.0,225.0,13.211291503906253,45.21129150390625,Leave_One_experiments/all_year_offline_schedule_search/daily_outputs/SYA/SYA_2023_SYA2023_normal_grid_S0021_daily.csv
SYA,SYA,Shenyang,2023,Leave_One_experiments\wth_generated_qc\SYA\SYA2023.WTH,normal_year;nitrogen_stress_year;low_response_year,normal,SYA2023_normal_grid_S0021,pareto_balanced,2023-05-08,128,23,18,"{""sim_day"": 23.0, ""doy"": 128.0, ""topwt"": 17.600001096725464, ""grnwt"": 0.0, ""xlai"": 0.0062310798093676, ""totir"": 0.0, ""tofer"": NaN, ""swfac"": 0.0, ""nstres"": 0.0051091909408569}",0.0,0.0051091909408569,17.600001096725464,0.0,0.0062310798093676,0.0,,0.0,0.0,80.0,225.0,13.211291503906253,45.21129150390625,Leave_One_experiments/all_year_offline_schedule_search/daily_outputs/SYA/SYA_2023_SYA2023_normal_grid_S0021_daily.csv
SYA,SYA,Shenyang,2023,Leave_One_experiments\wth_generated_qc\SYA\SYA2023.WTH,normal_year;nitrogen_stress_year;low_response_year,normal,SYA2023_normal_grid_S0021,pareto_balanced,2023-05-09,129,24,19,"{""sim_day"": 24.0, ""doy"": 129.0, ""topwt"": 17.600001096725464, ""grnwt"": 0.0, ""xlai"": 0.0079193208366632, ""totir"": 0.0, ""tofer"": NaN, ""swfac"": 0.0, ""nstres"": 0.0008943676948547}",0.0,0.0008943676948547,17.600001096725464,0.0,0.0079193208366632,0.0,,0.0,0.0,80.0,225.0,13.211291503906253,45.21129150390625,Leave_One_experiments/all_year_offline_schedule_search/daily_outputs/SYA/SYA_2023_SYA2023_normal_grid_S0021_daily.csv
SYA,SYA,Shenyang,2023,Leave_One_experiments\wth_generated_qc\SYA\SYA2023.WTH,normal_year;nitrogen_stress_year;low_response_year,normal,SYA2023_normal_grid_S0021,pareto_balanced,2023-05-10,130,25,20,"{""sim_day"": 25.0, ""doy"": 130.0, ""topwt"": 17.600001096725464, ""grnwt"": 0.0, ""xlai"": 0.0095178009942173, ""totir"": 0.0, ""tofer"": NaN, ""swfac"": 0.0, ""nstres"": 0.0}",0.0,0.0,17.600001096725464,0.0,0.0095178009942173,0.0,,0.0,0.0,80.0,225.0,13.211291503906253,45.21129150390625,Leave_One_experiments/all_year_offline_schedule_search/daily_outputs/SYA/SYA_2023_SYA2023_normal_grid_S0021_daily.csv
SYA,SYA,Shenyang,2023,Leave_One_experiments\wth_generated_qc\SYA\SYA2023.WTH,normal_year;nitrogen_stress_year;low_response_year,normal,SYA2023_normal_grid_S0021,pareto_balanced,2023-05-11,131,26,21,"{""sim_day"": 26.0, ""doy"": 131.0, ""topwt"": 17.600001096725464, ""grnwt"": 0.0, ""xlai"": 0.0119740357622504, ""totir"": 0.0, ""tofer"": NaN, ""swfac"": 0.0, ""nstres"": 0.0}",0.0,0.0,17.600001096725464,0.0,0.0119740357622504,0.0,,0.0,0.0,80.0,225.0,13.211291503906253,45.21129150390625,Leave_One_experiments/all_year_offline_schedule_search/daily_outputs/SYA/SYA_2023_SYA2023_normal_grid_S0021_daily.csv
SYA,SYA,Shenyang,2023,Leave_One_experiments\wth_generated_qc\SYA\SYA2023.WTH,normal_year;nitrogen_stress_year;low_response_year,normal,SYA2023_normal_grid_S0021,pareto_balanced,2023-05-12,132,27,22,"{""sim_day"": 27.0, ""doy"": 132.0, ""topwt"": 17.600001096725464, ""grnwt"": 0.0, ""xlai"": 0.0158672761172056, ""totir"": 0.0, ""tofer"": NaN, ""swfac"": 0.0, ""nstres"": 0.0}",0.0,0.0,17.600001096725464,0.0,0.0158672761172056,0.0,,0.0,0.0,80.0,225.0,13.211291503906253,45.21129150390625,Leave_One_experiments/all_year_offline_schedule_search/daily_outputs/SYA/SYA_2023_SYA2023_normal_grid_S0021_daily.csv
SYA,SYA,Shenyang,2023,Leave_One_experiments\wth_generated_qc\SYA\SYA2023.WTH,normal_year;nitrogen_stress_year;low_response_year,normal,SYA2023_normal_grid_S0021,pareto_balanced,2023-05-13,133,28,23,"{""sim_day"": 28.0, ""doy"": 133.0, ""topwt"": 17.600001096725464, ""grnwt"": 0.0, ""xlai"": 0.023339707404375, ""totir"": 0.0, ""tofer"": NaN, ""swfac"": 0.0, ""nstres"": 0.0}",0.0,0.0,17.600001096725464,0.0,0.023339707404375,0.0,,0.0,0.0,80.0,225.0,13.211291503906253,45.21129150390625,Leave_One_experiments/all_year_offline_schedule_search/daily_outputs/SYA/SYA_2023_SYA2023_normal_grid_S0021_daily.csv
SYA,SYA,Shenyang,2023,Leave_One_experiments\wth_generated_qc\SYA\SYA2023.WTH,normal_year;nitrogen_stress_year;low_response_year,normal,SYA2023_normal_grid_S0021,pareto_balanced,2023-05-14,134,29,24,"{""sim_day"": 29.0, ""doy"": 134.0, ""topwt"": 18.176361322402958, ""grnwt"": 0.0, ""xlai"": 0.0317297279834747, ""totir"": 0.0, ""tofer"": NaN, ""swfac"": 0.0, ""nstres"": 0.0}",0.0,0.0,18.176361322402958,0.0,0.0317297279834747,0.0,,0.0,0.0,80.0,225.0,13.211291503906253,45.21129150390625,Leave_One_experiments/all_year_offline_schedule_search/daily_outputs/SYA/SYA_2023_SYA2023_normal_grid_S0021_daily.csv
SYA,SYA,Shenyang,2023,Leave_One_experiments\wth_generated_qc\SYA\SYA2023.WTH,normal_year;nitrogen_stress_year;low_response_year,normal,SYA2023_normal_grid_S0021,pareto_balanced,2023-05-15,135,30,25,"{""sim_day"": 30.0, ""doy"": 135.0, ""topwt"": 23.184163570404053, ""grnwt"": 0.0, ""xlai"": 0.0446166470646858, ""totir"": 0.0, ""tofer"": NaN, ""swfac"": 0.0, ""nstres"": 0.0}",0.0,0.0,23.184163570404053,0.0,0.0446166470646858,0.0,,0.0,0.0,80.0,225.0,13.211291503906253,45.21129150390625,Leave_One_experiments/all_year_offline_schedule_search/daily_outputs/SYA/SYA_2023_SYA2023_normal_grid_S0021_daily.csv
SYA,SYA,Shenyang,2023,Leave_One_experiments\wth_generated_qc\SYA\SYA2023.WTH,normal_year;nitrogen_stress_year;low_response_year,normal,SYA2023_normal_grid_S0021,pareto_balanced,2023-05-16,136,31,26,"{""sim_day"": 31.0, ""doy"": 136.0, ""topwt"": 26.356801986694336, ""grnwt"": 0.0, ""xlai"": 0.0522856414318084, ""totir"": 0.0, ""tofer"": NaN, ""swfac"": 0.0, ""nstres"": 0.0}",0.0,0.0,26.356801986694336,0.0,0.0522856414318084,0.0,,0.0,0.0,80.0,225.0,13.211291503906253,45.21129150390625,Leave_One_experiments/all_year_offline_schedule_search/daily_outputs/SYA/SYA_2023_SYA2023_normal_grid_S0021_daily.csv
SYA,SYA,Shenyang,2023,Leave_One_experiments\wth_generated_qc\SYA\SYA2023.WTH,normal_year;nitrogen_stress_year;low_response_year,normal,SYA2023_normal_grid_S0021,pareto_balanced,2023-05-17,137,32,27,"{""sim_day"": 32.0, ""doy"": 137.0, ""topwt"": 30.12009620666504, ""grnwt"": 0.0, ""xlai"": 0.0610194988548755, ""totir"": 0.0, ""tofer"": NaN, ""swfac"": 0.0, ""nstres"": 0.0}",0.0,0.0,30.12009620666504,0.0,0.0610194988548755,0.0,,0.0,0.0,80.0,225.0,13.211291503906253,45.21129150390625,Leave_One_experiments/all_year_offline_schedule_search/daily_outputs/SYA/SYA_2023_SYA2023_normal_grid_S0021_daily.csv
SYA,SYA,Shenyang,2023,Leave_One_experiments\wth_generated_qc\SYA\SYA2023.WTH,normal_year;nitrogen_stress_year;low_response_year,normal,SYA2023_normal_grid_S0021,pareto_balanced,2023-05-18,138,33,28,"{""sim_day"": 33.0, ""doy"": 138.0, ""topwt"": 35.147058963775635, ""grnwt"": 0.0, ""xlai"": 0.0722035020589828, ""totir"": 0.0, ""tofer"": NaN, ""swfac"": 0.0, ""nstres"": 0.0}",0.0,0.0,35.147058963775635,0.0,0.0722035020589828,0.0,,0.0,0.0,80.0,225.0,13.211291503906253,45.21129150390625,Leave_One_experiments/all_year_offline_schedule_search/daily_outputs/SYA/SYA_2023_SYA2023_normal_grid_S0021_daily.csv
SYA,SYA,Shenyang,2023,Leave_One_experiments\wth_generated_qc\SYA\SYA2023.WTH,normal_year;nitrogen_stress_year;low_response_year,normal,SYA2023_normal_grid_S0021,pareto_balanced,2023-05-19,139,34,29,"{""sim_day"": 34.0, ""doy"": 139.0, ""topwt"": 39.55211877822876, ""grnwt"": 0.0, ""xlai"": 0.0816391855478286, ""totir"": 0.0, ""tofer"": NaN, ""swfac"": 0.0, ""nstres"": 0.0}",0.0,0.0,39.55211877822876,0.0,0.0816391855478286,0.0,,0.0,0.0,80.0,225.0,13.211291503906253,45.21129150390625,Leave_One_experiments/all_year_offline_schedule_search/daily_outputs/SYA/SYA_2023_SYA2023_normal_grid_S0021_daily.csv
SYA,SYA,Shenyang,2023,Leave_One_experiments\wth_generated_qc\SYA\SYA2023.WTH,normal_year;nitrogen_stress_year;low_response_year,normal,SYA2023_normal_grid_S0021,pareto_balanced,2023-05-20,140,35,30,"{""sim_day"": 35.0, ""doy"": 140.0, ""topwt"": 44.52225208282471, ""grnwt"": 0.0, ""xlai"": 0.0919518396258354, ""totir"": 0.0, ""tofer"": NaN, ""swfac"": 0.0, ""nstres"": 0.0}",0.0,0.0,44.52225208282471,0.0,0.0919518396258354,0.0,,0.0,75.0,80.0,225.0,13.211291503906253,45.21129150390625,Leave_One_experiments/all_year_offline_schedule_search/daily_outputs/SYA/SYA_2023_SYA2023_normal_grid_S0021_daily.csv
SYA,SYA,Shenyang,2023,Leave_One_experiments\wth_generated_qc\SYA\SYA2023.WTH,normal_year;nitrogen_stress_year;low_response_year,normal,SYA2023_normal_grid_S0021,pareto_balanced,2023-05-21,141,36,31,"{""sim_day"": 36.0, ""doy"": 141.0, ""topwt"": 50.68536281585693, ""grnwt"": 0.0, ""xlai"": 0.1043324768543243, ""totir"": 0.0, ""tofer"": NaN, ""swfac"": 0.0, ""nstres"": 0.0}",0.0,0.0,50.68536281585693,0.0,0.1043324768543243,0.0,,0.0,0.0,80.0,225.0,13.211291503906253,45.21129150390625,Leave_One_experiments/all_year_offline_schedule_search/daily_outputs/SYA/SYA_2023_SYA2023_normal_grid_S0021_daily.csv
SYA,SYA,Shenyang,2023,Leave_One_experiments\wth_generated_qc\SYA\SYA2023.WTH,normal_year;nitrogen_stress_year;low_response_year,normal,SYA2023_normal_grid_S0021,pareto_balanced,2023-05-22,142,37,32,"{""sim_day"": 37.0, ""doy"": 142.0, ""topwt"": 58.99186134338379, ""grnwt"": 0.0, ""xlai"": 0.1204329282045364, ""totir"": 0.0, ""tofer"": NaN, ""swfac"": 0.0, ""nstres"": 0.0}",0.0,0.0,58.99186134338379,0.0,0.1204329282045364,0.0,,0.0,0.0,80.0,225.0,13.211291503906253,45.21129150390625,Leave_One_experiments/all_year_offline_schedule_search/daily_outputs/SYA/SYA_2023_SYA2023_normal_grid_S0021_daily.csv
SYA,SYA,Shenyang,2023,Leave_One_experiments\wth_generated_qc\SYA\SYA2023.WTH,normal_year;nitrogen_stress_year;low_response_year,normal,SYA2023_normal_grid_S0021,pareto_balanced,2023-05-23,143,38,33,"{""sim_day"": 38.0, ""doy"": 143.0, ""topwt"": 69.37005996704102, ""grnwt"": 0.0, ""xlai"": 0.1397831439971923, ""totir"": 0.0, ""tofer"": NaN, ""swfac"": 0.0, ""nstres"": 0.0}",0.0,0.0,69.37005996704102,0.0,0.1397831439971923,0.0,,0.0,0.0,80.0,225.0,13.211291503906253,45.21129150390625,Leave_One_experiments/all_year_offline_schedule_search/daily_outputs/SYA/SYA_2023_SYA2023_normal_grid_S0021_daily.csv
SYA,SYA,Shenyang,2023,Leave_One_experiments\wth_generated_qc\SYA\SYA2023.WTH,normal_year;nitrogen_stress_year;low_response_year,normal,SYA2023_normal_grid_S0021,pareto_balanced,2023-05-24,144,39,34,"{""sim_day"": 39.0, ""doy"": 144.0, ""topwt"": 78.81154537200928, ""grnwt"": 0.0, ""xlai"": 0.1567822694778442, ""totir"": 0.0, ""tofer"": NaN, ""swfac"": 0.0, ""nstres"": 0.0}",0.0,0.0,78.81154537200928,0.0,0.1567822694778442,0.0,,0.0,0.0,80.0,225.0,13.211291503906253,45.21129150390625,Leave_One_experiments/all_year_offline_schedule_search/daily_outputs/SYA/SYA_2023_SYA2023_normal_grid_S0021_daily.csv
SYA,SYA,Shenyang,2023,Leave_One_experiments\wth_generated_qc\SYA\SYA2023.WTH,normal_year;nitrogen_stress_year;low_response_year,normal,SYA2023_normal_grid_S0021,pareto_balanced,2023-05-25,145,40,35,"{""sim_day"": 40.0, ""doy"": 145.0, ""topwt"": 87.24311828613281, ""grnwt"": 0.0, ""xlai"": 0.1832478046417236, ""totir"": 40.0, ""tofer"": NaN, ""swfac"": 0.0, ""nstres"": 0.0}",0.0,0.0,87.24311828613281,0.0,0.1832478046417236,40.0,,40.0,0.0,80.0,225.0,13.211291503906253,45.21129150390625,Leave_One_experiments/all_year_offline_schedule_search/daily_outputs/SYA/SYA_2023_SYA2023_normal_grid_S0021_daily.csv
SYA,SYA,Shenyang,2023,Leave_One_experiments\wth_generated_qc\SYA\SYA2023.WTH,normal_year;nitrogen_stress_year;low_response_year,normal,SYA2023_normal_grid_S0021,pareto_balanced,2023-05-26,146,41,36,"{""sim_day"": 41.0, ""doy"": 146.0, ""topwt"": 99.5206356048584, ""grnwt"": 0.0, ""xlai"": 0.2056202143430709, ""totir"": 40.0, ""tofer"": NaN, ""swfac"": 0.0, ""nstres"": 0.0052660107612609}",0.0,0.0052660107612609,99.5206356048584,0.0,0.2056202143430709,40.0,,0.0,0.0,80.0,225.0,13.211291503906253,45.21129150390625,Leave_One_experiments/all_year_offline_schedule_search/daily_outputs/SYA/SYA_2023_SYA2023_normal_grid_S0021_daily.csv
SYA,SYA,Shenyang,2023,Leave_One_experiments\wth_generated_qc\SYA\SYA2023.WTH,normal_year;nitrogen_stress_year;low_response_year,normal,SYA2023_normal_grid_S0021,pareto_balanced,2023-05-27,147,42,37,"{""sim_day"": 42.0, ""doy"": 147.0, ""topwt"": 113.8478660583496, ""grnwt"": 0.0, ""xlai"": 0.230913907289505, ""totir"": 40.0, ""tofer"": NaN, ""swfac"": 0.0, ""nstres"": 0.0}",0.0,0.0,113.8478660583496,0.0,0.230913907289505,40.0,,0.0,0.0,80.0,225.0,13.211291503906253,45.21129150390625,Leave_One_experiments/all_year_offline_schedule_search/daily_outputs/SYA/SYA_2023_SYA2023_normal_grid_S0021_daily.csv
SYA,SYA,Shenyang,2023,Leave_One_experiments\wth_generated_qc\SYA\SYA2023.WTH,normal_year;nitrogen_stress_year;low_response_year,normal,SYA2023_normal_grid_S0021,pareto_balanced,2023-05-28,148,43,38,"{""sim_day"": 43.0, ""doy"": 148.0, ""topwt"": 132.39665031433103, ""grnwt"": 0.0, ""xlai"": 0.2626045346260071, ""totir"": 40.0, ""tofer"": NaN, ""swfac"": 0.0, ""nstres"": 0.0}",0.0,0.0,132.39665031433103,0.0,0.2626045346260071,40.0,,0.0,0.0,80.0,225.0,13.211291503906253,45.21129150390625,Leave_One_experiments/all_year_offline_schedule_search/daily_outputs/SYA/SYA_2023_SYA2023_normal_grid_S0021_daily.csv
SYA,SYA,Shenyang,2023,Leave_One_experiments\wth_generated_qc\SYA\SYA2023.WTH,normal_year;nitrogen_stress_year;low_response_year,normal,SYA2023_normal_grid_S0021,pareto_balanced,2023-05-29,149,44,39,"{""sim_day"": 44.0, ""doy"": 149.0, ""topwt"": 150.8538818359375, ""grnwt"": 0.0, ""xlai"": 0.293157011270523, ""totir"": 40.0, ""tofer"": NaN, ""swfac"": 0.0, ""nstres"": 0.0}",0.0,0.0,150.8538818359375,0.0,0.293157011270523,40.0,,0.0,0.0,80.0,225.0,13.211291503906253,45.21129150390625,Leave_One_experiments/all_year_offline_schedule_search/daily_outputs/SYA/SYA_2023_SYA2023_normal_grid_S0021_daily.csv
SYA,SYA,Shenyang,2023,Leave_One_experiments\wth_generated_qc\SYA\SYA2023.WTH,normal_year;nitrogen_stress_year;low_response_year,normal,SYA2023_normal_grid_S0021,pareto_balanced,2023-05-30,150,45,40,"{""sim_day"": 45.0, ""doy"": 150.0, ""topwt"": 172.24647521972656, ""grnwt"": 0.0, ""xlai"": 0.327532410621643, ""totir"": 40.0, ""tofer"": NaN, ""swfac"": 0.0, ""nstres"": 0.0}",0.0,0.0,172.24647521972656,0.0,0.327532410621643,40.0,,0.0,0.0,80.0,225.0,13.211291503906253,45.21129150390625,Leave_One_experiments/all_year_offline_schedule_search/daily_outputs/SYA/SYA_2023_SYA2023_normal_grid_S0021_daily.csv
SYA,SYA,Shenyang,2023,Leave_One_experiments\wth_generated_qc\SYA\SYA2023.WTH,normal_year;nitrogen_stress_year;low_response_year,normal,SYA2023_normal_grid_S0021,pareto_balanced,2023-05-31,151,46,41,"{""sim_day"": 46.0, ""doy"": 151.0, ""topwt"": 197.8125, ""grnwt"": 0.0, ""xlai"": 0.3673751652240753, ""totir"": 40.0, ""tofer"": NaN, ""swfac"": 0.0, ""nstres"": 0.0}",0.0,0.0,197.8125,0.0,0.3673751652240753,40.0,,0.0,0.0,80.0,225.0,13.211291503906253,45.21129150390625,Leave_One_experiments/all_year_offline_schedule_search/daily_outputs/SYA/SYA_2023_SYA2023_normal_grid_S0021_daily.csv
SYA,SYA,Shenyang,2023,Leave_One_experiments\wth_generated_qc\SYA\SYA2023.WTH,normal_year;nitrogen_stress_year;low_response_year,normal,SYA2023_normal_grid_S0021,pareto_balanced,2023-06-01,152,47,42,"{""sim_day"": 47.0, ""doy"": 152.0, ""topwt"": 223.2064247131348, ""grnwt"": 0.0, ""xlai"": 0.4058131873607635, ""totir"": 40.0, ""tofer"": NaN, ""swfac"": 0.0, ""nstres"": 0.0}",0.0,0.0,223.2064247131348,0.0,0.4058131873607635,40.0,,0.0,0.0,80.0,225.0,13.211291503906253,45.21129150390625,Leave_One_experiments/all_year_offline_schedule_search/daily_outputs/SYA/SYA_2023_SYA2023_normal_grid_S0021_daily.csv
SYA,SYA,Shenyang,2023,Leave_One_experiments\wth_generated_qc\SYA\SYA2023.WTH,normal_year;nitrogen_stress_year;low_response_year,normal,SYA2023_normal_grid_S0021,pareto_balanced,2023-06-02,153,48,43,"{""sim_day"": 48.0, ""doy"": 153.0, ""topwt"": 254.1337203979492, ""grnwt"": 0.0, ""xlai"": 0.4513278305530548, ""totir"": 40.0, ""tofer"": NaN, ""swfac"": 0.0, ""nstres"": 0.0}",0.0,0.0,254.1337203979492,0.0,0.4513278305530548,40.0,,0.0,0.0,80.0,225.0,13.211291503906253,45.21129150390625,Leave_One_experiments/all_year_offline_schedule_search/daily_outputs/SYA/SYA_2023_SYA2023_normal_grid_S0021_daily.csv
SYA,SYA,Shenyang,2023,Leave_One_experiments\wth_generated_qc\SYA\SYA2023.WTH,normal_year;nitrogen_stress_year;low_response_year,normal,SYA2023_normal_grid_S0021,pareto_balanced,2023-06-03,154,49,44,"{""sim_day"": 49.0, ""doy"": 154.0, ""topwt"": 292.29549407958984, ""grnwt"": 0.0, ""xlai"": 0.5058163404464722, ""totir"": 40.0, ""tofer"": NaN, ""swfac"": 0.0, ""nstres"": 0.0}",0.0,0.0,292.29549407958984,0.0,0.5058163404464722,40.0,,0.0,0.0,80.0,225.0,13.211291503906253,45.21129150390625,Leave_One_experiments/all_year_offline_schedule_search/daily_outputs/SYA/SYA_2023_SYA2023_normal_grid_S0021_daily.csv
SYA,SYA,Shenyang,2023,Leave_One_experiments\wth_generated_qc\SYA\SYA2023.WTH,normal_year;nitrogen_stress_year;low_response_year,normal,SYA2023_normal_grid_S0021,pareto_balanced,2023-06-04,155,50,45,"{""sim_day"": 50.0, ""doy"": 155.0, ""topwt"": 332.1121597290039, ""grnwt"": 0.0, ""xlai"": 0.5585671663284302, ""totir"": 40.0, ""tofer"": NaN, ""swfac"": 0.0, ""nstres"": 0.0}",0.0,0.0,332.1121597290039,0.0,0.5585671663284302,40.0,,0.0,0.0,80.0,225.0,13.211291503906253,45.21129150390625,Leave_One_experiments/all_year_offline_schedule_search/daily_outputs/SYA/SYA_2023_SYA2023_normal_grid_S0021_daily.csv
SYA,SYA,Shenyang,2023,Leave_One_experiments\wth_generated_qc\SYA\SYA2023.WTH,normal_year;nitrogen_stress_year;low_response_year,normal,SYA2023_normal_grid_S0021,pareto_balanced,2023-06-05,156,51,46,"{""sim_day"": 51.0, ""doy"": 156.0, ""topwt"": 370.4983901977539, ""grnwt"": 0.0, ""xlai"": 0.6125828623771667, ""totir"": 40.0, ""tofer"": NaN, ""swfac"": 0.0, ""nstres"": 0.0}",0.0,0.0,370.4983901977539,0.0,0.6125828623771667,40.0,,0.0,0.0,80.0,225.0,13.211291503906253,45.21129150390625,Leave_One_experiments/all_year_offline_schedule_search/daily_outputs/SYA/SYA_2023_SYA2023_normal_grid_S0021_daily.csv
SYA,SYA,Shenyang,2023,Leave_One_experiments\wth_generated_qc\SYA\SYA2023.WTH,normal_year;nitrogen_stress_year;low_response_year,normal,SYA2023_normal_grid_S0021,pareto_balanced,2023-06-06,157,52,47,"{""sim_day"": 52.0, ""doy"": 157.0, ""topwt"": 413.70452880859375, ""grnwt"": 0.0, ""xlai"": 0.671520471572876, ""totir"": 40.0, ""tofer"": NaN, ""swfac"": 0.0, ""nstres"": 0.0}",0.0,0.0,413.70452880859375,0.0,0.671520471572876,40.0,,0.0,0.0,80.0,225.0,13.211291503906253,45.21129150390625,Leave_One_experiments/all_year_offline_schedule_search/daily_outputs/SYA/SYA_2023_SYA2023_normal_grid_S0021_daily.csv
SYA,SYA,Shenyang,2023,Leave_One_experiments\wth_generated_qc\SYA\SYA2023.WTH,normal_year;nitrogen_stress_year;low_response_year,normal,SYA2023_normal_grid_S0021,pareto_balanced,2023-06-07,158,53,48,"{""sim_day"": 53.0, ""doy"": 158.0, ""topwt"": 455.1303482055664, ""grnwt"": 0.0, ""xlai"": 0.7262961268424988, ""totir"": 40.0, ""tofer"": NaN, ""swfac"": 0.0, ""nstres"": 0.0}",0.0,0.0,455.1303482055664,0.0,0.7262961268424988,40.0,,0.0,0.0,80.0,225.0,13.211291503906253,45.21129150390625,Leave_One_experiments/all_year_offline_schedule_search/daily_outputs/SYA/SYA_2023_SYA2023_normal_grid_S0021_daily.csv
SYA,SYA,Shenyang,2023,Leave_One_experiments\wth_generated_qc\SYA\SYA2023.WTH,normal_year;nitrogen_stress_year;low_response_year,normal,SYA2023_normal_grid_S0021,pareto_balanced,2023-06-08,159,54,49,"{""sim_day"": 54.0, ""doy"": 159.0, ""topwt"": 497.8749847412109, ""grnwt"": 0.0, ""xlai"": 0.7811013460159302, ""totir"": 40.0, ""tofer"": NaN, ""swfac"": 0.0, ""nstres"": 0.0}",0.0,0.0,497.8749847412109,0.0,0.7811013460159302,40.0,,0.0,0.0,80.0,225.0,13.211291503906253,45.21129150390625,Leave_One_experiments/all_year_offline_schedule_search/daily_outputs/SYA/SYA_2023_SYA2023_normal_grid_S0021_daily.csv
SYA,SYA,Shenyang,2023,Leave_One_experiments\wth_generated_qc\SYA\SYA2023.WTH,normal_year;nitrogen_stress_year;low_response_year,normal,SYA2023_normal_grid_S0021,pareto_balanced,2023-06-09,160,55,50,"{""sim_day"": 55.0, ""doy"": 160.0, ""topwt"": 539.8984146118164, ""grnwt"": 0.0, ""xlai"": 0.8333858251571655, ""totir"": 40.0, ""tofer"": NaN, ""swfac"": 0.0, ""nstres"": 0.0}",0.0,0.0,539.8984146118164,0.0,0.8333858251571655,40.0,,0.0,0.0,80.0,225.0,13.211291503906253,45.21129150390625,Leave_One_experiments/all_year_offline_schedule_search/daily_outputs/SYA/SYA_2023_SYA2023_normal_grid_S0021_daily.csv
SYA,SYA,Shenyang,2023,Leave_One_experiments\wth_generated_qc\SYA\SYA2023.WTH,normal_year;nitrogen_stress_year;low_response_year,normal,SYA2023_normal_grid_S0021,pareto_balanced,2023-06-10,161,56,51,"{""sim_day"": 56.0, ""doy"": 161.0, ""topwt"": 590.1879119873047, ""grnwt"": 0.0, ""xlai"": 0.8940298557281494, ""totir"": 40.0, ""tofer"": NaN, ""swfac"": 0.0, ""nstres"": 0.0}",0.0,0.0,590.1879119873047,0.0,0.8940298557281494,40.0,,0.0,0.0,80.0,225.0,13.211291503906253,45.21129150390625,Leave_One_experiments/all_year_offline_schedule_search/daily_outputs/SYA/SYA_2023_SYA2023_normal_grid_S0021_daily.csv
SYA,SYA,Shenyang,2023,Leave_One_experiments\wth_generated_qc\SYA\SYA2023.WTH,normal_year;nitrogen_stress_year;low_response_year,normal,SYA2023_normal_grid_S0021,pareto_balanced,2023-06-11,162,57,52,"{""sim_day"": 57.0, ""doy"": 162.0, ""topwt"": 638.3368682861328, ""grnwt"": 0.0, ""xlai"": 0.950309157371521, ""totir"": 40.0, ""tofer"": NaN, ""swfac"": 0.0, ""nstres"": 0.0}",0.0,0.0,638.3368682861328,0.0,0.950309157371521,40.0,,0.0,0.0,80.0,225.0,13.211291503906253,45.21129150390625,Leave_One_experiments/all_year_offline_schedule_search/daily_outputs/SYA/SYA_2023_SYA2023_normal_grid_S0021_daily.csv
SYA,SYA,Shenyang,2023,Leave_One_experiments\wth_generated_qc\SYA\SYA2023.WTH,normal_year;nitrogen_stress_year;low_response_year,normal,SYA2023_normal_grid_S0021,pareto_balanced,2023-06-12,163,58,53,"{""sim_day"": 58.0, ""doy"": 163.0, ""topwt"": 692.9296875, ""grnwt"": 0.0, ""xlai"": 1.0120295286178589, ""totir"": 40.0, ""tofer"": NaN, ""swfac"": 0.0, ""nstres"": 0.0}",0.0,0.0,692.9296875,0.0,1.0120295286178589,40.0,,0.0,0.0,80.0,225.0,13.211291503906253,45.21129150390625,Leave_One_experiments/all_year_offline_schedule_search/daily_outputs/SYA/SYA_2023_SYA2023_normal_grid_S0021_daily.csv
SYA,SYA,Shenyang,2023,Leave_One_experiments\wth_generated_qc\SYA\SYA2023.WTH,normal_year;nitrogen_stress_year;low_response_year,normal,SYA2023_normal_grid_S0021,pareto_balanced,2023-06-13,164,59,54,"{""sim_day"": 59.0, ""doy"": 164.0, ""topwt"": 760.2016448974609, ""grnwt"": 0.0, ""xlai"": 1.085124969482422, ""totir"": 40.0, ""tofer"": NaN, ""swfac"": 0.0, ""nstres"": 0.0}",0.0,0.0,760.2016448974609,0.0,1.085124969482422,40.0,,0.0,0.0,80.0,225.0,13.211291503906253,45.21129150390625,Leave_One_experiments/all_year_offline_schedule_search/daily_outputs/SYA/SYA_2023_SYA2023_normal_grid_S0021_daily.csv
SYA,SYA,Shenyang,2023,Leave_One_experiments\wth_generated_qc\SYA\SYA2023.WTH,normal_year;nitrogen_stress_year;low_response_year,normal,SYA2023_normal_grid_S0021,pareto_balanced,2023-06-14,165,60,55,"{""sim_day"": 60.0, ""doy"": 165.0, ""topwt"": 841.9601440429688, ""grnwt"": 0.0, ""xlai"": 1.1698479652404783, ""totir"": 40.0, ""tofer"": NaN, ""swfac"": 0.0, ""nstres"": 0.0}",0.0,0.0,841.9601440429688,0.0,1.1698479652404783,40.0,,0.0,0.0,80.0,225.0,13.211291503906253,45.21129150390625,Leave_One_experiments/all_year_offline_schedule_search/daily_outputs/SYA/SYA_2023_SYA2023_normal_grid_S0021_daily.csv
SYA,SYA,Shenyang,2023,Leave_One_experiments\wth_generated_qc\SYA\SYA2023.WTH,normal_year;nitrogen_stress_year;low_response_year,normal,SYA2023_normal_grid_S0021,pareto_balanced,2023-06-15,166,61,56,"{""sim_day"": 61.0, ""doy"": 166.0, ""topwt"": 943.0017852783204, ""grnwt"": 0.0, ""xlai"": 1.26876962184906, ""totir"": 40.0, ""tofer"": NaN, ""swfac"": 0.0, ""nstres"": 0.0}",0.0,0.0,943.0017852783204,0.0,1.26876962184906,40.0,,0.0,0.0,80.0,225.0,13.211291503906253,45.21129150390625,Leave_One_experiments/all_year_offline_schedule_search/daily_outputs/SYA/SYA_2023_SYA2023_normal_grid_S0021_daily.csv
SYA,SYA,Shenyang,2023,Leave_One_experiments\wth_generated_qc\SYA\SYA2023.WTH,normal_year;nitrogen_stress_year;low_response_year,normal,SYA2023_normal_grid_S0021,pareto_balanced,2023-06-16,167,62,57,"{""sim_day"": 62.0, ""doy"": 167.0, ""topwt"": 1052.969741821289, ""grnwt"": 0.0, ""xlai"": 1.3700675964355469, ""totir"": 40.0, ""tofer"": NaN, ""swfac"": 0.0, ""nstres"": 0.0}",0.0,0.0,1052.969741821289,0.0,1.3700675964355469,40.0,,0.0,0.0,80.0,225.0,13.211291503906253,45.21129150390625,Leave_One_experiments/all_year_offline_schedule_search/daily_outputs/SYA/SYA_2023_SYA2023_normal_grid_S0021_daily.csv
SYA,SYA,Shenyang,2023,Leave_One_experiments\wth_generated_qc\SYA\SYA2023.WTH,normal_year;nitrogen_stress_year;low_response_year,normal,SYA2023_normal_grid_S0021,pareto_balanced,2023-06-17,168,63,58,"{""sim_day"": 63.0, ""doy"": 168.0, ""topwt"": 1161.6316223144531, ""grnwt"": 0.0, ""xlai"": 1.4644591808319092, ""totir"": 40.0, ""tofer"": NaN, ""swfac"": 0.0, ""nstres"": 0.0}",0.0,0.0,1161.6316223144531,0.0,1.4644591808319092,40.0,,0.0,0.0,80.0,225.0,13.211291503906253,45.21129150390625,Leave_One_experiments/all_year_offline_schedule_search/daily_outputs/SYA/SYA_2023_SYA2023_normal_grid_S0021_daily.csv
SYA,SYA,Shenyang,2023,Leave_One_experiments\wth_generated_qc\SYA\SYA2023.WTH,normal_year;nitrogen_stress_year;low_response_year,normal,SYA2023_normal_grid_S0021,pareto_balanced,2023-06-18,169,64,59,"{""sim_day"": 64.0, ""doy"": 169.0, ""topwt"": 1278.9093017578125, ""grnwt"": 0.0, ""xlai"": 1.5604349374771118, ""totir"": 40.0, ""tofer"": NaN, ""swfac"": 0.0, ""nstres"": 0.0}",0.0,0.0,1278.9093017578125,0.0,1.5604349374771118,40.0,,0.0,0.0,80.0,225.0,13.211291503906253,45.21129150390625,Leave_One_experiments/all_year_offline_schedule_search/daily_outputs/SYA/SYA_2023_SYA2023_normal_grid_S0021_daily.csv
SYA,SYA,Shenyang,2023,Leave_One_experiments\wth_generated_qc\SYA\SYA2023.WTH,normal_year;nitrogen_stress_year;low_response_year,normal,SYA2023_normal_grid_S0021,pareto_balanced,2023-06-19,170,65,60,"{""sim_day"": 65.0, ""doy"": 170.0, ""topwt"": 1374.8818969726562, ""grnwt"": 0.0, ""xlai"": 1.6352218389511108, ""totir"": 40.0, ""tofer"": NaN, ""swfac"": 0.0, ""nstres"": 0.0}",0.0,0.0,1374.8818969726562,0.0,1.6352218389511108,40.0,,0.0,75.0,80.0,225.0,13.211291503906253,45.21129150390625,Leave_One_experiments/all_year_offline_schedule_search/daily_outputs/SYA/SYA_2023_SYA2023_normal_grid_S0021_daily.csv
SYA,SYA,Shenyang,2023,Leave_One_experiments\wth_generated_qc\SYA\SYA2023.WTH,normal_year;nitrogen_stress_year;low_response_year,normal,SYA2023_normal_grid_S0021,pareto_balanced,2023-06-20,171,66,61,"{""sim_day"": 66.0, ""doy"": 171.0, ""topwt"": 1474.4300842285156, ""grnwt"": 0.0, ""xlai"": 1.709239840507507, ""totir"": 40.0, ""tofer"": NaN, ""swfac"": 0.0, ""nstres"": 0.0}",0.0,0.0,1474.4300842285156,0.0,1.709239840507507,40.0,,0.0,0.0,80.0,225.0,13.211291503906253,45.21129150390625,Leave_One_experiments/all_year_offline_schedule_search/daily_outputs/SYA/SYA_2023_SYA2023_normal_grid_S0021_daily.csv
SYA,SYA,Shenyang,2023,Leave_One_experiments\wth_generated_qc\SYA\SYA2023.WTH,normal_year;nitrogen_stress_year;low_response_year,normal,SYA2023_normal_grid_S0021,pareto_balanced,2023-06-21,172,67,62,"{""sim_day"": 67.0, ""doy"": 172.0, ""topwt"": 1590.2499389648438, ""grnwt"": 0.0, ""xlai"": 1.791045069694519, ""totir"": 40.0, ""tofer"": NaN, ""swfac"": 0.0, ""nstres"": 0.0}",0.0,0.0,1590.2499389648438,0.0,1.791045069694519,40.0,,0.0,0.0,80.0,225.0,13.211291503906253,45.21129150390625,Leave_One_experiments/all_year_offline_schedule_search/daily_outputs/SYA/SYA_2023_SYA2023_normal_grid_S0021_daily.csv
SYA,SYA,Shenyang,2023,Leave_One_experiments\wth_generated_qc\SYA\SYA2023.WTH,normal_year;nitrogen_stress_year;low_response_year,normal,SYA2023_normal_grid_S0021,pareto_balanced,2023-06-22,173,68,63,"{""sim_day"": 68.0, ""doy"": 173.0, ""topwt"": 1730.1927185058594, ""grnwt"": 0.0, ""xlai"": 1.8842626810073853, ""totir"": 40.0, ""tofer"": NaN, ""swfac"": 0.0, ""nstres"": 0.0}",0.0,0.0,1730.1927185058594,0.0,1.8842626810073853,40.0,,0.0,0.0,80.0,225.0,13.211291503906253,45.21129150390625,Leave_One_experiments/all_year_offline_schedule_search/daily_outputs/SYA/SYA_2023_SYA2023_normal_grid_S0021_daily.csv
SYA,SYA,Shenyang,2023,Leave_One_experiments\wth_generated_qc\SYA\SYA2023.WTH,normal_year;nitrogen_stress_year;low_response_year,normal,SYA2023_normal_grid_S0021,pareto_balanced,2023-06-23,174,69,64,"{""sim_day"": 69.0, ""doy"": 174.0, ""topwt"": 1894.042053222656, ""grnwt"": 0.0, ""xlai"": 1.986559510231018, ""totir"": 40.0, ""tofer"": NaN, ""swfac"": 0.0, ""nstres"": 0.0}",0.0,0.0,1894.042053222656,0.0,1.986559510231018,40.0,,0.0,0.0,80.0,225.0,13.211291503906253,45.21129150390625,Leave_One_experiments/all_year_offline_schedule_search/daily_outputs/SYA/SYA_2023_SYA2023_normal_grid_S0021_daily.csv
SYA,SYA,Shenyang,2023,Leave_One_experiments\wth_generated_qc\SYA\SYA2023.WTH,normal_year;nitrogen_stress_year;low_response_year,normal,SYA2023_normal_grid_S0021,pareto_balanced,2023-06-24,175,70,65,"{""sim_day"": 70.0, ""doy"": 175.0, ""topwt"": 2057.3355102539062, ""grnwt"": 0.0, ""xlai"": 2.082399845123291, ""totir"": 80.0, ""tofer"": NaN, ""swfac"": 0.0, ""nstres"": 0.0}",0.0,0.0,2057.3355102539062,0.0,2.082399845123291,80.0,,40.0,0.0,80.0,225.0,13.211291503906253,45.21129150390625,Leave_One_experiments/all_year_offline_schedule_search/daily_outputs/SYA/SYA_2023_SYA2023_normal_grid_S0021_daily.csv
SYA,SYA,Shenyang,2023,Leave_One_experiments\wth_generated_qc\SYA\SYA2023.WTH,normal_year;nitrogen_stress_year;low_response_year,normal,SYA2023_normal_grid_S0021,pareto_balanced,2023-06-25,176,71,66,"{""sim_day"": 71.0, ""doy"": 176.0, ""topwt"": 2227.4789428710938, ""grnwt"": 0.0, ""xlai"": 2.1764378547668457, ""totir"": 80.0, ""tofer"": NaN, ""swfac"": 0.0, ""nstres"": 0.0}",0.0,0.0,2227.4789428710938,0.0,2.1764378547668457,80.0,,0.0,0.0,80.0,225.0,13.211291503906253,45.21129150390625,Leave_One_experiments/all_year_offline_schedule_search/daily_outputs/SYA/SYA_2023_SYA2023_normal_grid_S0021_daily.csv
SYA,SYA,Shenyang,2023,Leave_One_experiments\wth_generated_qc\SYA\SYA2023.WTH,normal_year;nitrogen_stress_year;low_response_year,normal,SYA2023_normal_grid_S0021,pareto_balanced,2023-06-26,177,72,67,"{""sim_day"": 72.0, ""doy"": 177.0, ""topwt"": 2401.293487548828, ""grnwt"": 0.0, ""xlai"": 2.2671115398406982, ""totir"": 80.0, ""tofer"": NaN, ""swfac"": 0.0, ""nstres"": 0.0}",0.0,0.0,2401.293487548828,0.0,2.2671115398406982,80.0,,0.0,0.0,80.0,225.0,13.211291503906253,45.21129150390625,Leave_One_experiments/all_year_offline_schedule_search/daily_outputs/SYA/SYA_2023_SYA2023_normal_grid_S0021_daily.csv
SYA,SYA,Shenyang,2023,Leave_One_experiments\wth_generated_qc\SYA\SYA2023.WTH,normal_year;nitrogen_stress_year;low_response_year,normal,SYA2023_normal_grid_S0021,pareto_balanced,2023-06-27,178,73,68,"{""sim_day"": 73.0, ""doy"": 178.0, ""topwt"": 2591.440734863281, ""grnwt"": 0.0, ""xlai"": 2.3606479167938232, ""totir"": 80.0, ""tofer"": NaN, ""swfac"": 0.0, ""nstres"": 0.0}",0.0,0.0,2591.440734863281,0.0,2.3606479167938232,80.0,,0.0,0.0,80.0,225.0,13.211291503906253,45.21129150390625,Leave_One_experiments/all_year_offline_schedule_search/daily_outputs/SYA/SYA_2023_SYA2023_normal_grid_S0021_daily.csv
SYA,SYA,Shenyang,2023,Leave_One_experiments\wth_generated_qc\SYA\SYA2023.WTH,normal_year;nitrogen_stress_year;low_response_year,normal,SYA2023_normal_grid_S0021,pareto_balanced,2023-06-28,179,74,69,"{""sim_day"": 74.0, ""doy"": 179.0, ""topwt"": 2798.3575439453125, ""grnwt"": 0.0, ""xlai"": 2.456527709960937, ""totir"": 80.0, ""tofer"": NaN, ""swfac"": 0.0, ""nstres"": 0.0}",0.0,0.0,2798.3575439453125,0.0,2.456527709960937,80.0,,0.0,0.0,80.0,225.0,13.211291503906253,45.21129150390625,Leave_One_experiments/all_year_offline_schedule_search/daily_outputs/SYA/SYA_2023_SYA2023_normal_grid_S0021_daily.csv
SYA,SYA,Shenyang,2023,Leave_One_experiments\wth_generated_qc\SYA\SYA2023.WTH,normal_year;nitrogen_stress_year;low_response_year,normal,SYA2023_normal_grid_S0021,pareto_balanced,2023-06-29,180,75,70,"{""sim_day"": 75.0, ""doy"": 180.0, ""topwt"": 3185.150756835937, ""grnwt"": 0.0, ""xlai"": 2.691030979156494, ""totir"": 80.0, ""tofer"": NaN, ""swfac"": 0.0, ""nstres"": 0.0}",0.0,0.0,3185.150756835937,0.0,2.691030979156494,80.0,,0.0,0.0,80.0,225.0,13.211291503906253,45.21129150390625,Leave_One_experiments/all_year_offline_schedule_search/daily_outputs/SYA/SYA_2023_SYA2023_normal_grid_S0021_daily.csv
SYA,SYA,Shenyang,2023,Leave_One_experiments\wth_generated_qc\SYA\SYA2023.WTH,normal_year;nitrogen_stress_year;low_response_year,normal,SYA2023_normal_grid_S0021,pareto_balanced,2023-06-30,181,76,71,"{""sim_day"": 76.0, ""doy"": 181.0, ""topwt"": 3484.3344116210938, ""grnwt"": 0.0, ""xlai"": 2.827043056488037, ""totir"": 80.0, ""tofer"": NaN, ""swfac"": 0.0, ""nstres"": 0.0}",0.0,0.0,3484.3344116210938,0.0,2.827043056488037,80.0,,0.0,0.0,80.0,225.0,13.211291503906253,45.21129150390625,Leave_One_experiments/all_year_offline_schedule_search/daily_outputs/SYA/SYA_2023_SYA2023_normal_grid_S0021_daily.csv
SYA,SYA,Shenyang,2023,Leave_One_experiments\wth_generated_qc\SYA\SYA2023.WTH,normal_year;nitrogen_stress_year;low_response_year,normal,SYA2023_normal_grid_S0021,pareto_balanced,2023-07-01,182,77,72,"{""sim_day"": 77.0, ""doy"": 182.0, ""topwt"": 3755.577697753906, ""grnwt"": 0.0, ""xlai"": 2.9324851036071777, ""totir"": 80.0, ""tofer"": NaN, ""swfac"": 0.0, ""nstres"": 0.0}",0.0,0.0,3755.577697753906,0.0,2.9324851036071777,80.0,,0.0,0.0,80.0,225.0,13.211291503906253,45.21129150390625,Leave_One_experiments/all_year_offline_schedule_search/daily_outputs/SYA/SYA_2023_SYA2023_normal_grid_S0021_daily.csv
SYA,SYA,Shenyang,2023,Leave_One_experiments\wth_generated_qc\SYA\SYA2023.WTH,normal_year;nitrogen_stress_year;low_response_year,normal,SYA2023_normal_grid_S0021,pareto_balanced,2023-07-02,183,78,73,"{""sim_day"": 78.0, ""doy"": 183.0, ""topwt"": 3985.9841918945312, ""grnwt"": 0.0, ""xlai"": 3.0134408473968506, ""totir"": 80.0, ""tofer"": NaN, ""swfac"": 0.0, ""nstres"": 0.0}",0.0,0.0,3985.9841918945312,0.0,3.0134408473968506,80.0,,0.0,0.0,80.0,225.0,13.211291503906253,45.21129150390625,Leave_One_experiments/all_year_offline_schedule_search/daily_outputs/SYA/SYA_2023_SYA2023_normal_grid_S0021_daily.csv
SYA,SYA,Shenyang,2023,Leave_One_experiments\wth_generated_qc\SYA\SYA2023.WTH,normal_year;nitrogen_stress_year;low_response_year,normal,SYA2023_normal_grid_S0021,pareto_balanced,2023-07-03,184,79,74,"{""sim_day"": 79.0, ""doy"": 184.0, ""topwt"": 4141.6778564453125, ""grnwt"": 0.0, ""xlai"": 3.063774347305298, ""totir"": 80.0, ""tofer"": NaN, ""swfac"": 0.0, ""nstres"": 0.0}",0.0,0.0,4141.6778564453125,0.0,3.063774347305298,80.0,,0.0,0.0,80.0,225.0,13.211291503906253,45.21129150390625,Leave_One_experiments/all_year_offline_schedule_search/daily_outputs/SYA/SYA_2023_SYA2023_normal_grid_S0021_daily.csv
SYA,SYA,Shenyang,2023,Leave_One_experiments\wth_generated_qc\SYA\SYA2023.WTH,normal_year;nitrogen_stress_year;low_response_year,normal,SYA2023_normal_grid_S0021,pareto_balanced,2023-07-04,185,80,75,"{""sim_day"": 80.0, ""doy"": 185.0, ""topwt"": 4344.091796875, ""grnwt"": 0.0, ""xlai"": 3.125279426574707, ""totir"": 80.0, ""tofer"": NaN, ""swfac"": 0.0, ""nstres"": 0.0}",0.0,0.0,4344.091796875,0.0,3.125279426574707,80.0,,0.0,0.0,80.0,225.0,13.211291503906253,45.21129150390625,Leave_One_experiments/all_year_offline_schedule_search/daily_outputs/SYA/SYA_2023_SYA2023_normal_grid_S0021_daily.csv
SYA,SYA,Shenyang,2023,Leave_One_experiments\wth_generated_qc\SYA\SYA2023.WTH,normal_year;nitrogen_stress_year;low_response_year,normal,SYA2023_normal_grid_S0021,pareto_balanced,2023-07-05,186,81,76,"{""sim_day"": 81.0, ""doy"": 186.0, ""topwt"": 4568.543701171875, ""grnwt"": 0.0, ""xlai"": 3.18917179107666, ""totir"": 80.0, ""tofer"": NaN, ""swfac"": 0.0, ""nstres"": 0.0}",0.0,0.0,4568.543701171875,0.0,3.18917179107666,80.0,,0.0,0.0,80.0,225.0,13.211291503906253,45.21129150390625,Leave_One_experiments/all_year_offline_schedule_search/daily_outputs/SYA/SYA_2023_SYA2023_normal_grid_S0021_daily.csv
SYA,SYA,Shenyang,2023,Leave_One_experiments\wth_generated_qc\SYA\SYA2023.WTH,normal_year;nitrogen_stress_year;low_response_year,normal,SYA2023_normal_grid_S0021,pareto_balanced,2023-07-06,187,82,77,"{""sim_day"": 82.0, ""doy"": 187.0, ""topwt"": 4757.646484375, ""grnwt"": 0.0, ""xlai"": 3.240403413772583, ""totir"": 80.0, ""tofer"": NaN, ""swfac"": 0.0, ""nstres"": 0.0}",0.0,0.0,4757.646484375,0.0,3.240403413772583,80.0,,0.0,0.0,80.0,225.0,13.211291503906253,45.21129150390625,Leave_One_experiments/all_year_offline_schedule_search/daily_outputs/SYA/SYA_2023_SYA2023_normal_grid_S0021_daily.csv
SYA,SYA,Shenyang,2023,Leave_One_experiments\wth_generated_qc\SYA\SYA2023.WTH,normal_year;nitrogen_stress_year;low_response_year,normal,SYA2023_normal_grid_S0021,pareto_balanced,2023-07-07,188,83,78,"{""sim_day"": 83.0, ""doy"": 188.0, ""topwt"": 4949.884643554688, ""grnwt"": 0.0, ""xlai"": 3.290276050567627, ""totir"": 80.0, ""tofer"": NaN, ""swfac"": 0.0, ""nstres"": 0.0}",0.0,0.0,4949.884643554688,0.0,3.290276050567627,80.0,,0.0,0.0,80.0,225.0,13.211291503906253,45.21129150390625,Leave_One_experiments/all_year_offline_schedule_search/daily_outputs/SYA/SYA_2023_SYA2023_normal_grid_S0021_daily.csv
SYA,SYA,Shenyang,2023,Leave_One_experiments\wth_generated_qc\SYA\SYA2023.WTH,normal_year;nitrogen_stress_year;low_response_year,normal,SYA2023_normal_grid_S0021,pareto_balanced,2023-07-08,189,84,79,"{""sim_day"": 84.0, ""doy"": 189.0, ""topwt"": 5145.888671875, ""grnwt"": 0.0, ""xlai"": 3.3391268253326416, ""totir"": 80.0, ""tofer"": NaN, ""swfac"": 0.0, ""nstres"": 0.0}",0.0,0.0,5145.888671875,0.0,3.3391268253326416,80.0,,0.0,0.0,80.0,225.0,13.211291503906253,45.21129150390625,Leave_One_experiments/all_year_offline_schedule_search/daily_outputs/SYA/SYA_2023_SYA2023_normal_grid_S0021_daily.csv
SYA,SYA,Shenyang,2023,Leave_One_experiments\wth_generated_qc\SYA\SYA2023.WTH,normal_year;nitrogen_stress_year;low_response_year,normal,SYA2023_normal_grid_S0021,pareto_balanced,2023-07-09,190,85,80,"{""sim_day"": 85.0, ""doy"": 190.0, ""topwt"": 5352.69775390625, ""grnwt"": 0.0, ""xlai"": 3.388706922531128, ""totir"": 80.0, ""tofer"": NaN, ""swfac"": 0.0, ""nstres"": 0.0}",0.0,0.0,5352.69775390625,0.0,3.388706922531128,80.0,,0.0,0.0,80.0,225.0,13.211291503906253,45.21129150390625,Leave_One_experiments/all_year_offline_schedule_search/daily_outputs/SYA/SYA_2023_SYA2023_normal_grid_S0021_daily.csv
SYA,SYA,Shenyang,2023,Leave_One_experiments\wth_generated_qc\SYA\SYA2023.WTH,normal_year;nitrogen_stress_year;low_response_year,normal,SYA2023_normal_grid_S0021,pareto_balanced,2023-07-10,191,86,81,"{""sim_day"": 86.0, ""doy"": 191.0, ""topwt"": 5535.2783203125, ""grnwt"": 0.0, ""xlai"": 3.4323978424072266, ""totir"": 80.0, ""tofer"": NaN, ""swfac"": 0.0, ""nstres"": 0.0}",0.0,0.0,5535.2783203125,0.0,3.4323978424072266,80.0,,0.0,0.0,80.0,225.0,13.211291503906253,45.21129150390625,Leave_One_experiments/all_year_offline_schedule_search/daily_outputs/SYA/SYA_2023_SYA2023_normal_grid_S0021_daily.csv
SYA,SYA,Shenyang,2023,Leave_One_experiments\wth_generated_qc\SYA\SYA2023.WTH,normal_year;nitrogen_stress_year;low_response_year,normal,SYA2023_normal_grid_S0021,pareto_balanced,2023-07-11,192,87,82,"{""sim_day"": 87.0, ""doy"": 192.0, ""topwt"": 5731.890869140625, ""grnwt"": 0.0, ""xlai"": 3.479429244995117, ""totir"": 80.0, ""tofer"": NaN, ""swfac"": 0.0, ""nstres"": 0.0}",0.0,0.0,5731.890869140625,0.0,3.479429244995117,80.0,,0.0,0.0,80.0,225.0,13.211291503906253,45.21129150390625,Leave_One_experiments/all_year_offline_schedule_search/daily_outputs/SYA/SYA_2023_SYA2023_normal_grid_S0021_daily.csv
SYA,SYA,Shenyang,2023,Leave_One_experiments\wth_generated_qc\SYA\SYA2023.WTH,normal_year;nitrogen_stress_year;low_response_year,normal,SYA2023_normal_grid_S0021,pareto_balanced,2023-07-12,193,88,83,"{""sim_day"": 88.0, ""doy"": 193.0, ""topwt"": 5882.51708984375, ""grnwt"": 0.0, ""xlai"": 3.515348434448242, ""totir"": 80.0, ""tofer"": NaN, ""swfac"": 0.0, ""nstres"": 0.0}",0.0,0.0,5882.51708984375,0.0,3.515348434448242,80.0,,0.0,0.0,80.0,225.0,13.211291503906253,45.21129150390625,Leave_One_experiments/all_year_offline_schedule_search/daily_outputs/SYA/SYA_2023_SYA2023_normal_grid_S0021_daily.csv
SYA,SYA,Shenyang,2023,Leave_One_experiments\wth_generated_qc\SYA\SYA2023.WTH,normal_year;nitrogen_stress_year;low_response_year,normal,SYA2023_normal_grid_S0021,pareto_balanced,2023-07-13,194,89,84,"{""sim_day"": 89.0, ""doy"": 194.0, ""topwt"": 6036.1279296875, ""grnwt"": 0.0, ""xlai"": 3.5519580841064453, ""totir"": 80.0, ""tofer"": NaN, ""swfac"": 0.0, ""nstres"": 0.0}",0.0,0.0,6036.1279296875,0.0,3.5519580841064453,80.0,,0.0,0.0,80.0,225.0,13.211291503906253,45.21129150390625,Leave_One_experiments/all_year_offline_schedule_search/daily_outputs/SYA/SYA_2023_SYA2023_normal_grid_S0021_daily.csv
SYA,SYA,Shenyang,2023,Leave_One_experiments\wth_generated_qc\SYA\SYA2023.WTH,normal_year;nitrogen_stress_year;low_response_year,normal,SYA2023_normal_grid_S0021,pareto_balanced,2023-07-14,195,90,85,"{""sim_day"": 90.0, ""doy"": 195.0, ""topwt"": 6163.067626953125, ""grnwt"": 0.0, ""xlai"": 3.58212685585022, ""totir"": 80.0, ""tofer"": NaN, ""swfac"": 0.0, ""nstres"": 0.0}",0.0,0.0,6163.067626953125,0.0,3.58212685585022,80.0,,0.0,0.0,80.0,225.0,13.211291503906253,45.21129150390625,Leave_One_experiments/all_year_offline_schedule_search/daily_outputs/SYA/SYA_2023_SYA2023_normal_grid_S0021_daily.csv
SYA,SYA,Shenyang,2023,Leave_One_experiments\wth_generated_qc\SYA\SYA2023.WTH,normal_year;nitrogen_stress_year;low_response_year,normal,SYA2023_normal_grid_S0021,pareto_balanced,2023-07-15,196,91,86,"{""sim_day"": 91.0, ""doy"": 196.0, ""topwt"": 6273.826904296875, ""grnwt"": 0.0, ""xlai"": 3.608385562896729, ""totir"": 80.0, ""tofer"": NaN, ""swfac"": 0.0, ""nstres"": 0.0}",0.0,0.0,6273.826904296875,0.0,3.608385562896729,80.0,,0.0,0.0,80.0,225.0,13.211291503906253,45.21129150390625,Leave_One_experiments/all_year_offline_schedule_search/daily_outputs/SYA/SYA_2023_SYA2023_normal_grid_S0021_daily.csv
SYA,SYA,Shenyang,2023,Leave_One_experiments\wth_generated_qc\SYA\SYA2023.WTH,normal_year;nitrogen_stress_year;low_response_year,normal,SYA2023_normal_grid_S0021,pareto_balanced,2023-07-16,197,92,87,"{""sim_day"": 92.0, ""doy"": 197.0, ""topwt"": 6694.3072509765625, ""grnwt"": 0.0, ""xlai"": 3.4359335899353027, ""totir"": 80.0, ""tofer"": NaN, ""swfac"": 0.0, ""nstres"": 0.0}",0.0,0.0,6694.3072509765625,0.0,3.4359335899353027,80.0,,0.0,0.0,80.0,225.0,13.211291503906253,45.21129150390625,Leave_One_experiments/all_year_offline_schedule_search/daily_outputs/SYA/SYA_2023_SYA2023_normal_grid_S0021_daily.csv
SYA,SYA,Shenyang,2023,Leave_One_experiments\wth_generated_qc\SYA\SYA2023.WTH,normal_year;nitrogen_stress_year;low_response_year,normal,SYA2023_normal_grid_S0021,pareto_balanced,2023-07-17,198,93,88,"{""sim_day"": 93.0, ""doy"": 198.0, ""topwt"": 7130.936279296875, ""grnwt"": 0.0, ""xlai"": 3.419919729232788, ""totir"": 80.0, ""tofer"": NaN, ""swfac"": 0.0, ""nstres"": 0.0}",0.0,0.0,7130.936279296875,0.0,3.419919729232788,80.0,,0.0,0.0,80.0,225.0,13.211291503906253,45.21129150390625,Leave_One_experiments/all_year_offline_schedule_search/daily_outputs/SYA/SYA_2023_SYA2023_normal_grid_S0021_daily.csv
SYA,SYA,Shenyang,2023,Leave_One_experiments\wth_generated_qc\SYA\SYA2023.WTH,normal_year;nitrogen_stress_year;low_response_year,normal,SYA2023_normal_grid_S0021,pareto_balanced,2023-07-18,199,94,89,"{""sim_day"": 94.0, ""doy"": 199.0, ""topwt"": 7526.25732421875, ""grnwt"": 0.0, ""xlai"": 3.4033162593841557, ""totir"": 80.0, ""tofer"": NaN, ""swfac"": 0.0, ""nstres"": 0.0}",0.0,0.0,7526.25732421875,0.0,3.4033162593841557,80.0,,0.0,0.0,80.0,225.0,13.211291503906253,45.21129150390625,Leave_One_experiments/all_year_offline_schedule_search/daily_outputs/SYA/SYA_2023_SYA2023_normal_grid_S0021_daily.csv
SYA,SYA,Shenyang,2023,Leave_One_experiments\wth_generated_qc\SYA\SYA2023.WTH,normal_year;nitrogen_stress_year;low_response_year,normal,SYA2023_normal_grid_S0021,pareto_balanced,2023-07-19,200,95,90,"{""sim_day"": 95.0, ""doy"": 200.0, ""topwt"": 7921.806030273437, ""grnwt"": 0.0, ""xlai"": 3.3858511447906494, ""totir"": 80.0, ""tofer"": NaN, ""swfac"": 0.0, ""nstres"": 0.0}",0.0,0.0,7921.806030273437,0.0,3.3858511447906494,80.0,,0.0,0.0,80.0,225.0,13.211291503906253,45.21129150390625,Leave_One_experiments/all_year_offline_schedule_search/daily_outputs/SYA/SYA_2023_SYA2023_normal_grid_S0021_daily.csv
SYA,SYA,Shenyang,2023,Leave_One_experiments\wth_generated_qc\SYA\SYA2023.WTH,normal_year;nitrogen_stress_year;low_response_year,normal,SYA2023_normal_grid_S0021,pareto_balanced,2023-07-20,201,96,91,"{""sim_day"": 96.0, ""doy"": 201.0, ""topwt"": 8263.262939453125, ""grnwt"": 0.0, ""xlai"": 3.36802339553833, ""totir"": 80.0, ""tofer"": NaN, ""swfac"": 0.0, ""nstres"": 0.0}",0.0,0.0,8263.262939453125,0.0,3.36802339553833,80.0,,0.0,0.0,80.0,225.0,13.211291503906253,45.21129150390625,Leave_One_experiments/all_year_offline_schedule_search/daily_outputs/SYA/SYA_2023_SYA2023_normal_grid_S0021_daily.csv
SYA,SYA,Shenyang,2023,Leave_One_experiments\wth_generated_qc\SYA\SYA2023.WTH,normal_year;nitrogen_stress_year;low_response_year,normal,SYA2023_normal_grid_S0021,pareto_balanced,2023-07-21,202,97,92,"{""sim_day"": 97.0, ""doy"": 202.0, ""topwt"": 8276.654052734375, ""grnwt"": 0.0, ""xlai"": 3.352055072784424, ""totir"": 80.0, ""tofer"": NaN, ""swfac"": 0.0, ""nstres"": 0.0}",0.0,0.0,8276.654052734375,0.0,3.352055072784424,80.0,,0.0,0.0,80.0,225.0,13.211291503906253,45.21129150390625,Leave_One_experiments/all_year_offline_schedule_search/daily_outputs/SYA/SYA_2023_SYA2023_normal_grid_S0021_daily.csv
SYA,SYA,Shenyang,2023,Leave_One_experiments\wth_generated_qc\SYA\SYA2023.WTH,normal_year;nitrogen_stress_year;low_response_year,normal,SYA2023_normal_grid_S0021,pareto_balanced,2023-07-22,203,98,93,"{""sim_day"": 98.0, ""doy"": 203.0, ""topwt"": 8442.481079101562, ""grnwt"": 0.0, ""xlai"": 3.3366310596466064, ""totir"": 80.0, ""tofer"": NaN, ""swfac"": 0.0, ""nstres"": 0.0}",0.0,0.0,8442.481079101562,0.0,3.3366310596466064,80.0,,0.0,0.0,80.0,225.0,13.211291503906253,45.21129150390625,Leave_One_experiments/all_year_offline_schedule_search/daily_outputs/SYA/SYA_2023_SYA2023_normal_grid_S0021_daily.csv
SYA,SYA,Shenyang,2023,Leave_One_experiments\wth_generated_qc\SYA\SYA2023.WTH,normal_year;nitrogen_stress_year;low_response_year,normal,SYA2023_normal_grid_S0021,pareto_balanced,2023-07-23,204,99,94,"{""sim_day"": 99.0, ""doy"": 204.0, ""topwt"": 8828.750610351562, ""grnwt"": 0.0, ""xlai"": 3.3205721378326416, ""totir"": 80.0, ""tofer"": NaN, ""swfac"": 0.0, ""nstres"": 0.0}",0.0,0.0,8828.750610351562,0.0,3.3205721378326416,80.0,,0.0,0.0,80.0,225.0,13.211291503906253,45.21129150390625,Leave_One_experiments/all_year_offline_schedule_search/daily_outputs/SYA/SYA_2023_SYA2023_normal_grid_S0021_daily.csv
SYA,SYA,Shenyang,2023,Leave_One_experiments\wth_generated_qc\SYA\SYA2023.WTH,normal_year;nitrogen_stress_year;low_response_year,normal,SYA2023_normal_grid_S0021,pareto_balanced,2023-07-24,205,100,95,"{""sim_day"": 100.0, ""doy"": 205.0, ""topwt"": 9064.099731445312, ""grnwt"": 0.0, ""xlai"": 3.303242921829224, ""totir"": 80.0, ""tofer"": NaN, ""swfac"": 0.0, ""nstres"": 0.0}",0.0,0.0,9064.099731445312,0.0,3.303242921829224,80.0,,0.0,0.0,80.0,225.0,13.211291503906253,45.21129150390625,Leave_One_experiments/all_year_offline_schedule_search/daily_outputs/SYA/SYA_2023_SYA2023_normal_grid_S0021_daily.csv
SYA,SYA,Shenyang,2023,Leave_One_experiments\wth_generated_qc\SYA\SYA2023.WTH,normal_year;nitrogen_stress_year;low_response_year,normal,SYA2023_normal_grid_S0021,pareto_balanced,2023-07-25,206,101,96,"{""sim_day"": 101.0, ""doy"": 206.0, ""topwt"": 9417.9296875, ""grnwt"": 353.83060455322266, ""xlai"": 3.2412593364715576, ""totir"": 80.0, ""tofer"": NaN, ""swfac"": 0.0, ""nstres"": 0.0}",0.0,0.0,9417.9296875,353.83060455322266,3.2412593364715576,80.0,,0.0,0.0,80.0,225.0,13.211291503906253,45.21129150390625,Leave_One_experiments/all_year_offline_schedule_search/daily_outputs/SYA/SYA_2023_SYA2023_normal_grid_S0021_daily.csv
SYA,SYA,Shenyang,2023,Leave_One_experiments\wth_generated_qc\SYA\SYA2023.WTH,normal_year;nitrogen_stress_year;low_response_year,normal,SYA2023_normal_grid_S0021,pareto_balanced,2023-07-26,207,102,97,"{""sim_day"": 102.0, ""doy"": 207.0, ""topwt"": 9718.685913085938, ""grnwt"": 654.5865631103516, ""xlai"": 3.231771945953369, ""totir"": 80.0, ""tofer"": NaN, ""swfac"": 0.0, ""nstres"": 0.0}",0.0,0.0,9718.685913085938,654.5865631103516,3.231771945953369,80.0,,0.0,0.0,80.0,225.0,13.211291503906253,45.21129150390625,Leave_One_experiments/all_year_offline_schedule_search/daily_outputs/SYA/SYA_2023_SYA2023_normal_grid_S0021_daily.csv
SYA,SYA,Shenyang,2023,Leave_One_experiments\wth_generated_qc\SYA\SYA2023.WTH,normal_year;nitrogen_stress_year;low_response_year,normal,SYA2023_normal_grid_S0021,pareto_balanced,2023-07-27,208,103,98,"{""sim_day"": 103.0, ""doy"": 208.0, ""topwt"": 10032.710571289062, ""grnwt"": 968.6111450195312, ""xlai"": 3.22033166885376, ""totir"": 80.0, ""tofer"": NaN, ""swfac"": 0.0, ""nstres"": 0.0}",0.0,0.0,10032.710571289062,968.6111450195312,3.22033166885376,80.0,,0.0,0.0,80.0,225.0,13.211291503906253,45.21129150390625,Leave_One_experiments/all_year_offline_schedule_search/daily_outputs/SYA/SYA_2023_SYA2023_normal_grid_S0021_daily.csv
SYA,SYA,Shenyang,2023,Leave_One_experiments\wth_generated_qc\SYA\SYA2023.WTH,normal_year;nitrogen_stress_year;low_response_year,normal,SYA2023_normal_grid_S0021,pareto_balanced,2023-07-28,209,104,99,"{""sim_day"": 104.0, ""doy"": 209.0, ""topwt"": 10267.572021484377, ""grnwt"": 1311.3845825195312, ""xlai"": 3.207089900970459, ""totir"": 80.0, ""tofer"": NaN, ""swfac"": 0.0, ""nstres"": 0.0}",0.0,0.0,10267.572021484377,1311.3845825195312,3.207089900970459,80.0,,0.0,0.0,80.0,225.0,13.211291503906253,45.21129150390625,Leave_One_experiments/all_year_offline_schedule_search/daily_outputs/SYA/SYA_2023_SYA2023_normal_grid_S0021_daily.csv
SYA,SYA,Shenyang,2023,Leave_One_experiments\wth_generated_qc\SYA\SYA2023.WTH,normal_year;nitrogen_stress_year;low_response_year,normal,SYA2023_normal_grid_S0021,pareto_balanced,2023-07-29,210,105,100,"{""sim_day"": 105.0, ""doy"": 210.0, ""topwt"": 10352.88818359375, ""grnwt"": 1665.2151489257812, ""xlai"": 3.192992210388184, ""totir"": 80.0, ""tofer"": NaN, ""swfac"": 0.0, ""nstres"": 0.0}",0.0,0.0,10352.88818359375,1665.2151489257812,3.192992210388184,80.0,,0.0,0.0,80.0,225.0,13.211291503906253,45.21129150390625,Leave_One_experiments/all_year_offline_schedule_search/daily_outputs/SYA/SYA_2023_SYA2023_normal_grid_S0021_daily.csv
SYA,SYA,Shenyang,2023,Leave_One_experiments\wth_generated_qc\SYA\SYA2023.WTH,normal_year;nitrogen_stress_year;low_response_year,normal,SYA2023_normal_grid_S0021,pareto_balanced,2023-07-30,211,106,101,"{""sim_day"": 106.0, ""doy"": 211.0, ""topwt"": 10761.2548828125, ""grnwt"": 2019.0457153320312, ""xlai"": 3.175926446914673, ""totir"": 80.0, ""tofer"": NaN, ""swfac"": 0.0, ""nstres"": 0.0}",0.0,0.0,10761.2548828125,2019.0457153320312,3.175926446914673,80.0,,0.0,0.0,80.0,225.0,13.211291503906253,45.21129150390625,Leave_One_experiments/all_year_offline_schedule_search/daily_outputs/SYA/SYA_2023_SYA2023_normal_grid_S0021_daily.csv
SYA,SYA,Shenyang,2023,Leave_One_experiments\wth_generated_qc\SYA\SYA2023.WTH,normal_year;nitrogen_stress_year;low_response_year,normal,SYA2023_normal_grid_S0021,pareto_balanced,2023-07-31,212,107,102,"{""sim_day"": 107.0, ""doy"": 212.0, ""topwt"": 11100.63232421875, ""grnwt"": 2326.436004638672, ""xlai"": 3.15458083152771, ""totir"": 80.0, ""tofer"": NaN, ""swfac"": 0.0, ""nstres"": 0.0}",0.0,0.0,11100.63232421875,2326.436004638672,3.15458083152771,80.0,,0.0,0.0,80.0,225.0,13.211291503906253,45.21129150390625,Leave_One_experiments/all_year_offline_schedule_search/daily_outputs/SYA/SYA_2023_SYA2023_normal_grid_S0021_daily.csv
SYA,SYA,Shenyang,2023,Leave_One_experiments\wth_generated_qc\SYA\SYA2023.WTH,normal_year;nitrogen_stress_year;low_response_year,normal,SYA2023_normal_grid_S0021,pareto_balanced,2023-08-01,213,108,103,"{""sim_day"": 108.0, ""doy"": 213.0, ""topwt"": 11429.19189453125, ""grnwt"": 2620.557556152344, ""xlai"": 3.1297202110290527, ""totir"": 80.0, ""tofer"": NaN, ""swfac"": 0.0, ""nstres"": 0.0}",0.0,0.0,11429.19189453125,2620.557556152344,3.1297202110290527,80.0,,0.0,0.0,80.0,225.0,13.211291503906253,45.21129150390625,Leave_One_experiments/all_year_offline_schedule_search/daily_outputs/SYA/SYA_2023_SYA2023_normal_grid_S0021_daily.csv
SYA,SYA,Shenyang,2023,Leave_One_experiments\wth_generated_qc\SYA\SYA2023.WTH,normal_year;nitrogen_stress_year;low_response_year,normal,SYA2023_normal_grid_S0021,pareto_balanced,2023-08-02,214,109,104,"{""sim_day"": 109.0, ""doy"": 214.0, ""topwt"": 11714.002685546877, ""grnwt"": 2839.4906616210938, ""xlai"": 3.0988917350769043, ""totir"": 80.0, ""tofer"": NaN, ""swfac"": 0.0, ""nstres"": 0.0}",0.0,0.0,11714.002685546877,2839.4906616210938,3.0988917350769043,80.0,,0.0,0.0,80.0,225.0,13.211291503906253,45.21129150390625,Leave_One_experiments/all_year_offline_schedule_search/daily_outputs/SYA/SYA_2023_SYA2023_normal_grid_S0021_daily.csv
SYA,SYA,Shenyang,2023,Leave_One_experiments\wth_generated_qc\SYA\SYA2023.WTH,normal_year;nitrogen_stress_year;low_response_year,normal,SYA2023_normal_grid_S0021,pareto_balanced,2023-08-03,215,110,105,"{""sim_day"": 110.0, ""doy"": 215.0, ""topwt"": 11865.828857421877, ""grnwt"": 3080.537414550781, ""xlai"": 3.06458592414856, ""totir"": 80.0, ""tofer"": NaN, ""swfac"": 0.0, ""nstres"": 0.0}",0.0,0.0,11865.828857421877,3080.537414550781,3.06458592414856,80.0,,0.0,0.0,80.0,225.0,13.211291503906253,45.21129150390625,Leave_One_experiments/all_year_offline_schedule_search/daily_outputs/SYA/SYA_2023_SYA2023_normal_grid_S0021_daily.csv
SYA,SYA,Shenyang,2023,Leave_One_experiments\wth_generated_qc\SYA\SYA2023.WTH,normal_year;nitrogen_stress_year;low_response_year,normal,SYA2023_normal_grid_S0021,pareto_balanced,2023-08-04,216,111,106,"{""sim_day"": 111.0, ""doy"": 216.0, ""topwt"": 12195.399169921877, ""grnwt"": 3434.3679809570312, ""xlai"": 3.035640239715576, ""totir"": 80.0, ""tofer"": NaN, ""swfac"": 0.0, ""nstres"": 0.0}",0.0,0.0,12195.399169921877,3434.3679809570312,3.035640239715576,80.0,,0.0,0.0,80.0,225.0,13.211291503906253,45.21129150390625,Leave_One_experiments/all_year_offline_schedule_search/daily_outputs/SYA/SYA_2023_SYA2023_normal_grid_S0021_daily.csv
SYA,SYA,Shenyang,2023,Leave_One_experiments\wth_generated_qc\SYA\SYA2023.WTH,normal_year;nitrogen_stress_year;low_response_year,normal,SYA2023_normal_grid_S0021,pareto_balanced,2023-08-05,217,112,107,"{""sim_day"": 112.0, ""doy"": 217.0, ""topwt"": 12436.2060546875, ""grnwt"": 3788.198547363281, ""xlai"": 3.01212739944458, ""totir"": 80.0, ""tofer"": NaN, ""swfac"": 0.0, ""nstres"": 0.0}",0.0,0.0,12436.2060546875,3788.198547363281,3.01212739944458,80.0,,0.0,0.0,80.0,225.0,13.211291503906253,45.21129150390625,Leave_One_experiments/all_year_offline_schedule_search/daily_outputs/SYA/SYA_2023_SYA2023_normal_grid_S0021_daily.csv
SYA,SYA,Shenyang,2023,Leave_One_experiments\wth_generated_qc\SYA\SYA2023.WTH,normal_year;nitrogen_stress_year;low_response_year,normal,SYA2023_normal_grid_S0021,pareto_balanced,2023-08-06,218,113,108,"{""sim_day"": 113.0, ""doy"": 218.0, ""topwt"": 12795.24658203125, ""grnwt"": 4142.029113769531, ""xlai"": 2.984538316726685, ""totir"": 80.0, ""tofer"": NaN, ""swfac"": 0.0, ""nstres"": 0.0}",0.0,0.0,12795.24658203125,4142.029113769531,2.984538316726685,80.0,,0.0,0.0,80.0,225.0,13.211291503906253,45.21129150390625,Leave_One_experiments/all_year_offline_schedule_search/daily_outputs/SYA/SYA_2023_SYA2023_normal_grid_S0021_daily.csv
SYA,SYA,Shenyang,2023,Leave_One_experiments\wth_generated_qc\SYA\SYA2023.WTH,normal_year;nitrogen_stress_year;low_response_year,normal,SYA2023_normal_grid_S0021,pareto_balanced,2023-08-07,219,114,109,"{""sim_day"": 114.0, ""doy"": 219.0, ""topwt"": 13215.640869140623, ""grnwt"": 4495.859680175781, ""xlai"": 2.948422908782959, ""totir"": 80.0, ""tofer"": NaN, ""swfac"": 0.0, ""nstres"": 0.0}",0.0,0.0,13215.640869140623,4495.859680175781,2.948422908782959,80.0,,0.0,0.0,80.0,225.0,13.211291503906253,45.21129150390625,Leave_One_experiments/all_year_offline_schedule_search/daily_outputs/SYA/SYA_2023_SYA2023_normal_grid_S0021_daily.csv
SYA,SYA,Shenyang,2023,Leave_One_experiments\wth_generated_qc\SYA\SYA2023.WTH,normal_year;nitrogen_stress_year;low_response_year,normal,SYA2023_normal_grid_S0021,pareto_balanced,2023-08-08,220,115,110,"{""sim_day"": 115.0, ""doy"": 220.0, ""topwt"": 13620.030517578123, ""grnwt"": 4849.690246582031, ""xlai"": 2.907857894897461, ""totir"": 80.0, ""tofer"": NaN, ""swfac"": 0.0, ""nstres"": 0.0}",0.0,0.0,13620.030517578123,4849.690246582031,2.907857894897461,80.0,,0.0,0.0,80.0,225.0,13.211291503906253,45.21129150390625,Leave_One_experiments/all_year_offline_schedule_search/daily_outputs/SYA/SYA_2023_SYA2023_normal_grid_S0021_daily.csv
SYA,SYA,Shenyang,2023,Leave_One_experiments\wth_generated_qc\SYA\SYA2023.WTH,normal_year;nitrogen_stress_year;low_response_year,normal,SYA2023_normal_grid_S0021,pareto_balanced,2023-08-09,221,116,111,"{""sim_day"": 116.0, ""doy"": 221.0, ""topwt"": 14005.576171875, ""grnwt"": 5203.5205078125, ""xlai"": 2.867055177688598, ""totir"": 80.0, ""tofer"": NaN, ""swfac"": 0.0, ""nstres"": 0.0}",0.0,0.0,14005.576171875,5203.5205078125,2.867055177688598,80.0,,0.0,0.0,80.0,225.0,13.211291503906253,45.21129150390625,Leave_One_experiments/all_year_offline_schedule_search/daily_outputs/SYA/SYA_2023_SYA2023_normal_grid_S0021_daily.csv
SYA,SYA,Shenyang,2023,Leave_One_experiments\wth_generated_qc\SYA\SYA2023.WTH,normal_year;nitrogen_stress_year;low_response_year,normal,SYA2023_normal_grid_S0021,pareto_balanced,2023-08-10,222,117,112,"{""sim_day"": 117.0, ""doy"": 222.0, ""topwt"": 14201.1181640625, ""grnwt"": 5557.35107421875, ""xlai"": 2.822122573852539, ""totir"": 80.0, ""tofer"": NaN, ""swfac"": 0.0, ""nstres"": 0.0}",0.0,0.0,14201.1181640625,5557.35107421875,2.822122573852539,80.0,,0.0,0.0,80.0,225.0,13.211291503906253,45.21129150390625,Leave_One_experiments/all_year_offline_schedule_search/daily_outputs/SYA/SYA_2023_SYA2023_normal_grid_S0021_daily.csv
SYA,SYA,Shenyang,2023,Leave_One_experiments\wth_generated_qc\SYA\SYA2023.WTH,normal_year;nitrogen_stress_year;low_response_year,normal,SYA2023_normal_grid_S0021,pareto_balanced,2023-08-11,223,118,113,"{""sim_day"": 118.0, ""doy"": 223.0, ""topwt"": 14302.17041015625, ""grnwt"": 5911.1822509765625, ""xlai"": 2.7737855911254883, ""totir"": 80.0, ""tofer"": NaN, ""swfac"": 0.0, ""nstres"": 0.0}",0.0,0.0,14302.17041015625,5911.1822509765625,2.7737855911254883,80.0,,0.0,0.0,80.0,225.0,13.211291503906253,45.21129150390625,Leave_One_experiments/all_year_offline_schedule_search/daily_outputs/SYA/SYA_2023_SYA2023_normal_grid_S0021_daily.csv
SYA,SYA,Shenyang,2023,Leave_One_experiments\wth_generated_qc\SYA\SYA2023.WTH,normal_year;nitrogen_stress_year;low_response_year,normal,SYA2023_normal_grid_S0021,pareto_balanced,2023-08-12,224,119,114,"{""sim_day"": 119.0, ""doy"": 224.0, ""topwt"": 14358.01025390625, ""grnwt"": 6265.0128173828125, ""xlai"": 2.727292537689209, ""totir"": 80.0, ""tofer"": NaN, ""swfac"": 0.0, ""nstres"": 0.0}",0.0,0.0,14358.01025390625,6265.0128173828125,2.727292537689209,80.0,,0.0,0.0,80.0,225.0,13.211291503906253,45.21129150390625,Leave_One_experiments/all_year_offline_schedule_search/daily_outputs/SYA/SYA_2023_SYA2023_normal_grid_S0021_daily.csv
SYA,SYA,Shenyang,2023,Leave_One_experiments\wth_generated_qc\SYA\SYA2023.WTH,normal_year;nitrogen_stress_year;low_response_year,normal,SYA2023_normal_grid_S0021,pareto_balanced,2023-08-13,225,120,115,"{""sim_day"": 120.0, ""doy"": 225.0, ""topwt"": 14739.51904296875, ""grnwt"": 6618.843994140625, ""xlai"": 2.666138172149658, ""totir"": 80.0, ""tofer"": NaN, ""swfac"": 0.0, ""nstres"": 0.0}",0.0,0.0,14739.51904296875,6618.843994140625,2.666138172149658,80.0,,0.0,0.0,80.0,225.0,13.211291503906253,45.21129150390625,Leave_One_experiments/all_year_offline_schedule_search/daily_outputs/SYA/SYA_2023_SYA2023_normal_grid_S0021_daily.csv
SYA,SYA,Shenyang,2023,Leave_One_experiments\wth_generated_qc\SYA\SYA2023.WTH,normal_year;nitrogen_stress_year;low_response_year,normal,SYA2023_normal_grid_S0021,pareto_balanced,2023-08-14,226,121,116,"{""sim_day"": 121.0, ""doy"": 226.0, ""topwt"": 15120.45654296875, ""grnwt"": 6972.674560546875, ""xlai"": 2.597895860671997, ""totir"": 80.0, ""tofer"": NaN, ""swfac"": 0.0, ""nstres"": 0.0}",0.0,0.0,15120.45654296875,6972.674560546875,2.597895860671997,80.0,,0.0,0.0,80.0,225.0,13.211291503906253,45.21129150390625,Leave_One_experiments/all_year_offline_schedule_search/daily_outputs/SYA/SYA_2023_SYA2023_normal_grid_S0021_daily.csv
SYA,SYA,Shenyang,2023,Leave_One_experiments\wth_generated_qc\SYA\SYA2023.WTH,normal_year;nitrogen_stress_year;low_response_year,normal,SYA2023_normal_grid_S0021,pareto_balanced,2023-08-15,227,122,117,"{""sim_day"": 122.0, ""doy"": 227.0, ""topwt"": 15435.704345703123, ""grnwt"": 7322.08251953125, ""xlai"": 2.523455858230591, ""totir"": 80.0, ""tofer"": NaN, ""swfac"": 0.0, ""nstres"": 0.0}",0.0,0.0,15435.704345703123,7322.08251953125,2.523455858230591,80.0,,0.0,0.0,80.0,225.0,13.211291503906253,45.21129150390625,Leave_One_experiments/all_year_offline_schedule_search/daily_outputs/SYA/SYA_2023_SYA2023_normal_grid_S0021_daily.csv
SYA,SYA,Shenyang,2023,Leave_One_experiments\wth_generated_qc\SYA\SYA2023.WTH,normal_year;nitrogen_stress_year;low_response_year,normal,SYA2023_normal_grid_S0021,pareto_balanced,2023-08-16,228,123,118,"{""sim_day"": 123.0, ""doy"": 228.0, ""topwt"": 15809.849853515623, ""grnwt"": 7662.644653320312, ""xlai"": 2.442819833755493, ""totir"": 80.0, ""tofer"": NaN, ""swfac"": 0.0, ""nstres"": 0.0}",0.0,0.0,15809.849853515623,7662.644653320312,2.442819833755493,80.0,,0.0,0.0,80.0,225.0,13.211291503906253,45.21129150390625,Leave_One_experiments/all_year_offline_schedule_search/daily_outputs/SYA/SYA_2023_SYA2023_normal_grid_S0021_daily.csv
SYA,SYA,Shenyang,2023,Leave_One_experiments\wth_generated_qc\SYA\SYA2023.WTH,normal_year;nitrogen_stress_year;low_response_year,normal,SYA2023_normal_grid_S0021,pareto_balanced,2023-08-17,229,124,119,"{""sim_day"": 124.0, ""doy"": 229.0, ""topwt"": 16130.850830078123, ""grnwt"": 8016.475830078125, ""xlai"": 2.3579342365264893, ""totir"": 80.0, ""tofer"": NaN, ""swfac"": 0.0, ""nstres"": 0.0}",0.0,0.0,16130.850830078123,8016.475830078125,2.3579342365264893,80.0,,0.0,0.0,80.0,225.0,13.211291503906253,45.21129150390625,Leave_One_experiments/all_year_offline_schedule_search/daily_outputs/SYA/SYA_2023_SYA2023_normal_grid_S0021_daily.csv
SYA,SYA,Shenyang,2023,Leave_One_experiments\wth_generated_qc\SYA\SYA2023.WTH,normal_year;nitrogen_stress_year;low_response_year,normal,SYA2023_normal_grid_S0021,pareto_balanced,2023-08-18,230,125,120,"{""sim_day"": 125.0, ""doy"": 230.0, ""topwt"": 16442.39013671875, ""grnwt"": 8359.248657226562, ""xlai"": 2.266177177429199, ""totir"": 80.0, ""tofer"": NaN, ""swfac"": 0.0, ""nstres"": 0.0}",0.0,0.0,16442.39013671875,8359.248657226562,2.266177177429199,80.0,,0.0,0.0,80.0,225.0,13.211291503906253,45.21129150390625,Leave_One_experiments/all_year_offline_schedule_search/daily_outputs/SYA/SYA_2023_SYA2023_normal_grid_S0021_daily.csv
SYA,SYA,Shenyang,2023,Leave_One_experiments\wth_generated_qc\SYA\SYA2023.WTH,normal_year;nitrogen_stress_year;low_response_year,normal,SYA2023_normal_grid_S0021,pareto_balanced,2023-08-19,231,126,121,"{""sim_day"": 126.0, ""doy"": 231.0, ""topwt"": 16737.05810546875, ""grnwt"": 8713.079833984375, ""xlai"": 2.1697475910186768, ""totir"": 80.0, ""tofer"": NaN, ""swfac"": 0.0, ""nstres"": 0.0}",0.0,0.0,16737.05810546875,8713.079833984375,2.1697475910186768,80.0,,0.0,0.0,80.0,225.0,13.211291503906253,45.21129150390625,Leave_One_experiments/all_year_offline_schedule_search/daily_outputs/SYA/SYA_2023_SYA2023_normal_grid_S0021_daily.csv
SYA,SYA,Shenyang,2023,Leave_One_experiments\wth_generated_qc\SYA\SYA2023.WTH,normal_year;nitrogen_stress_year;low_response_year,normal,SYA2023_normal_grid_S0021,pareto_balanced,2023-08-20,232,127,122,"{""sim_day"": 127.0, ""doy"": 232.0, ""topwt"": 16810.7421875, ""grnwt"": 9066.910400390623, ""xlai"": 2.0860910415649414, ""totir"": 80.0, ""tofer"": NaN, ""swfac"": 0.0, ""nstres"": 0.0}",0.0,0.0,16810.7421875,9066.910400390623,2.0860910415649414,80.0,,0.0,0.0,80.0,225.0,13.211291503906253,45.21129150390625,Leave_One_experiments/all_year_offline_schedule_search/daily_outputs/SYA/SYA_2023_SYA2023_normal_grid_S0021_daily.csv
SYA,SYA,Shenyang,2023,Leave_One_experiments\wth_generated_qc\SYA\SYA2023.WTH,normal_year;nitrogen_stress_year;low_response_year,normal,SYA2023_normal_grid_S0021,pareto_balanced,2023-08-21,233,128,123,"{""sim_day"": 128.0, ""doy"": 233.0, ""topwt"": 17085.2978515625, ""grnwt"": 9358.422241210938, ""xlai"": 1.9942444562911987, ""totir"": 80.0, ""tofer"": NaN, ""swfac"": 0.0, ""nstres"": 0.0}",0.0,0.0,17085.2978515625,9358.422241210938,1.9942444562911987,80.0,,0.0,0.0,80.0,225.0,13.211291503906253,45.21129150390625,Leave_One_experiments/all_year_offline_schedule_search/daily_outputs/SYA/SYA_2023_SYA2023_normal_grid_S0021_daily.csv
SYA,SYA,Shenyang,2023,Leave_One_experiments\wth_generated_qc\SYA\SYA2023.WTH,normal_year;nitrogen_stress_year;low_response_year,normal,SYA2023_normal_grid_S0021,pareto_balanced,2023-08-22,234,129,124,"{""sim_day"": 129.0, ""doy"": 234.0, ""topwt"": 17465.089111328125, ""grnwt"": 9712.252807617188, ""xlai"": 1.9104485511779783, ""totir"": 80.0, ""tofer"": NaN, ""swfac"": 0.0, ""nstres"": 0.0}",0.0,0.0,17465.089111328125,9712.252807617188,1.9104485511779783,80.0,,0.0,0.0,80.0,225.0,13.211291503906253,45.21129150390625,Leave_One_experiments/all_year_offline_schedule_search/daily_outputs/SYA/SYA_2023_SYA2023_normal_grid_S0021_daily.csv
SYA,SYA,Shenyang,2023,Leave_One_experiments\wth_generated_qc\SYA\SYA2023.WTH,normal_year;nitrogen_stress_year;low_response_year,normal,SYA2023_normal_grid_S0021,pareto_balanced,2023-08-23,235,130,125,"{""sim_day"": 130.0, ""doy"": 235.0, ""topwt"": 17842.57568359375, ""grnwt"": 10066.083984375, ""xlai"": 1.818018674850464, ""totir"": 80.0, ""tofer"": NaN, ""swfac"": 0.0, ""nstres"": 0.0}",0.0,0.0,17842.57568359375,10066.083984375,1.818018674850464,80.0,,0.0,0.0,80.0,225.0,13.211291503906253,45.21129150390625,Leave_One_experiments/all_year_offline_schedule_search/daily_outputs/SYA/SYA_2023_SYA2023_normal_grid_S0021_daily.csv
SYA,SYA,Shenyang,2023,Leave_One_experiments\wth_generated_qc\SYA\SYA2023.WTH,normal_year;nitrogen_stress_year;low_response_year,normal,SYA2023_normal_grid_S0021,pareto_balanced,2023-08-24,236,131,126,"{""sim_day"": 131.0, ""doy"": 236.0, ""topwt"": 18179.15771484375, ""grnwt"": 10419.91455078125, ""xlai"": 1.7224665880203247, ""totir"": 80.0, ""tofer"": NaN, ""swfac"": 0.0, ""nstres"": 0.0333281755447387}",0.0,0.0333281755447387,18179.15771484375,10419.91455078125,1.7224665880203247,80.0,,0.0,0.0,80.0,225.0,13.211291503906253,45.21129150390625,Leave_One_experiments/all_year_offline_schedule_search/daily_outputs/SYA/SYA_2023_SYA2023_normal_grid_S0021_daily.csv
SYA,SYA,Shenyang,2023,Leave_One_experiments\wth_generated_qc\SYA\SYA2023.WTH,normal_year;nitrogen_stress_year;low_response_year,normal,SYA2023_normal_grid_S0021,pareto_balanced,2023-08-25,237,132,127,"{""sim_day"": 132.0, ""doy"": 237.0, ""topwt"": 18368.39599609375, ""grnwt"": 10641.52099609375, ""xlai"": 1.6340805292129517, ""totir"": 80.0, ""tofer"": NaN, ""swfac"": 0.0, ""nstres"": 0.0961893796920776}",0.0,0.0961893796920776,18368.39599609375,10641.52099609375,1.6340805292129517,80.0,,0.0,0.0,80.0,225.0,13.211291503906253,45.21129150390625,Leave_One_experiments/all_year_offline_schedule_search/daily_outputs/SYA/SYA_2023_SYA2023_normal_grid_S0021_daily.csv
SYA,SYA,Shenyang,2023,Leave_One_experiments\wth_generated_qc\SYA\SYA2023.WTH,normal_year;nitrogen_stress_year;low_response_year,normal,SYA2023_normal_grid_S0021,pareto_balanced,2023-08-26,238,133,128,"{""sim_day"": 133.0, ""doy"": 238.0, ""topwt"": 18600.712890625, ""grnwt"": 10873.839111328123, ""xlai"": 1.542029857635498, ""totir"": 80.0, ""tofer"": NaN, ""swfac"": 0.0, ""nstres"": 0.12502121925354}",0.0,0.12502121925354,18600.712890625,10873.839111328123,1.542029857635498,80.0,,0.0,0.0,80.0,225.0,13.211291503906253,45.21129150390625,Leave_One_experiments/all_year_offline_schedule_search/daily_outputs/SYA/SYA_2023_SYA2023_normal_grid_S0021_daily.csv
SYA,SYA,Shenyang,2023,Leave_One_experiments\wth_generated_qc\SYA\SYA2023.WTH,normal_year;nitrogen_stress_year;low_response_year,normal,SYA2023_normal_grid_S0021,pareto_balanced,2023-08-27,239,134,129,"{""sim_day"": 134.0, ""doy"": 239.0, ""topwt"": 18673.004150390625, ""grnwt"": 10946.129150390623, ""xlai"": 1.4487812519073486, ""totir"": 80.0, ""tofer"": NaN, ""swfac"": 0.0, ""nstres"": 0.1528155207633972}",0.0,0.1528155207633972,18673.004150390625,10946.129150390623,1.4487812519073486,80.0,,0.0,0.0,80.0,225.0,13.211291503906253,45.21129150390625,Leave_One_experiments/all_year_offline_schedule_search/daily_outputs/SYA/SYA_2023_SYA2023_normal_grid_S0021_daily.csv
SYA,SYA,Shenyang,2023,Leave_One_experiments\wth_generated_qc\SYA\SYA2023.WTH,normal_year;nitrogen_stress_year;low_response_year,normal,SYA2023_normal_grid_S0021,pareto_balanced,2023-08-28,240,135,130,"{""sim_day"": 135.0, ""doy"": 240.0, ""topwt"": 18673.004150390625, ""grnwt"": 10946.129150390623, ""xlai"": 1.4487812519073486, ""totir"": 80.0, ""tofer"": NaN, ""swfac"": 0.0, ""nstres"": 0.1503582596778869}",0.0,0.1503582596778869,18673.004150390625,10946.129150390623,1.4487812519073486,80.0,,0.0,0.0,80.0,225.0,13.211291503906253,45.21129150390625,Leave_One_experiments/all_year_offline_schedule_search/daily_outputs/SYA/SYA_2023_SYA2023_normal_grid_S0021_daily.csv
SYA,SYA,Shenyang,2023,Leave_One_experiments\wth_generated_qc\SYA\SYA2023.WTH,normal_year;nitrogen_stress_year;low_response_year,normal,SYA2023_normal_grid_S0021,pareto_balanced,2023-08-29,241,136,131,"{""sim_day"": 136.0, ""doy"": 241.0, ""topwt"": 18673.004150390625, ""grnwt"": 10946.129150390623, ""xlai"": 1.4487812519073486, ""totir"": 80.0, ""tofer"": NaN, ""swfac"": 0.0, ""nstres"": 0.1503582596778869}",0.0,0.1503582596778869,18673.004150390625,10946.129150390623,1.4487812519073486,80.0,,0.0,0.0,80.0,225.0,13.211291503906253,45.21129150390625,Leave_One_experiments/all_year_offline_schedule_search/daily_outputs/SYA/SYA_2023_SYA2023_normal_grid_S0021_daily.csv
SYA,SYA,Shenyang,2023,Leave_One_experiments\wth_generated_qc\SYA\SYA2023.WTH,normal_year;nitrogen_stress_year;low_response_year,normal,SYA2023_normal_grid_S0021,pareto_balanced,2023-08-30,242,137,132,"{""sim_day"": 137.0, ""doy"": 242.0, ""topwt"": 18673.004150390625, ""grnwt"": 10946.129150390623, ""xlai"": 1.4487812519073486, ""totir"": 80.0, ""tofer"": NaN, ""swfac"": 0.0, ""nstres"": 0.1503582596778869}",0.0,0.1503582596778869,18673.004150390625,10946.129150390623,1.4487812519073486,80.0,,0.0,0.0,80.0,225.0,13.211291503906253,45.21129150390625,Leave_One_experiments/all_year_offline_schedule_search/daily_outputs/SYA/SYA_2023_SYA2023_normal_grid_S0021_daily.csv
SYA,SYA,Shenyang,2023,Leave_One_experiments\wth_generated_qc\SYA\SYA2023.WTH,normal_year;nitrogen_stress_year;low_response_year,normal,SYA2023_normal_grid_S0021,pareto_balanced,2023-08-31,243,138,133,"{""sim_day"": 138.0, ""doy"": 243.0, ""topwt"": 18673.004150390625, ""grnwt"": 10946.129150390623, ""xlai"": 1.4487812519073486, ""totir"": 80.0, ""tofer"": NaN, ""swfac"": 0.0, ""nstres"": 0.1503582596778869}",0.0,0.1503582596778869,18673.004150390625,10946.129150390623,1.4487812519073486,80.0,,0.0,0.0,80.0,225.0,13.211291503906253,45.21129150390625,Leave_One_experiments/all_year_offline_schedule_search/daily_outputs/SYA/SYA_2023_SYA2023_normal_grid_S0021_daily.csv
SYA,SYA,Shenyang,2023,Leave_One_experiments\wth_generated_qc\SYA\SYA2023.WTH,normal_year;nitrogen_stress_year;low_response_year,normal,SYA2023_normal_grid_S0023,pareto_balanced,2023-04-21,111,1,1,"{""sim_day"": 1.0, ""doy"": 111.0, ""topwt"": 0.0, ""grnwt"": 0.0, ""xlai"": 0.0, ""totir"": 0.0, ""tofer"": NaN, ""swfac"": 0.0, ""nstres"": 0.0}",0.0,0.0,0.0,0.0,0.0,0.0,,0.0,75.0,40.0,225.0,33.15184326171875,49.15184326171875,Leave_One_experiments/all_year_offline_schedule_search/daily_outputs/SYA/SYA_2023_SYA2023_normal_grid_S0023_daily.csv
SYA,SYA,Shenyang,2023,Leave_One_experiments\wth_generated_qc\SYA\SYA2023.WTH,normal_year;nitrogen_stress_year;low_response_year,normal,SYA2023_normal_grid_S0023,pareto_balanced,2023-04-22,112,2,2,"{""sim_day"": 2.0, ""doy"": 112.0, ""topwt"": 0.0, ""grnwt"": 0.0, ""xlai"": 0.0, ""totir"": 0.0, ""tofer"": NaN, ""swfac"": 0.0, ""nstres"": 0.0}",0.0,0.0,0.0,0.0,0.0,0.0,,0.0,0.0,40.0,225.0,33.15184326171875,49.15184326171875,Leave_One_experiments/all_year_offline_schedule_search/daily_outputs/SYA/SYA_2023_SYA2023_normal_grid_S0023_daily.csv
SYA,SYA,Shenyang,2023,Leave_One_experiments\wth_generated_qc\SYA\SYA2023.WTH,normal_year;nitrogen_stress_year;low_response_year,normal,SYA2023_normal_grid_S0023,pareto_balanced,2023-04-23,113,3,3,"{""sim_day"": 3.0, ""doy"": 113.0, ""topwt"": 0.0, ""grnwt"": 0.0, ""xlai"": 0.0, ""totir"": 0.0, ""tofer"": NaN, ""swfac"": 0.0, ""nstres"": 0.0}",0.0,0.0,0.0,0.0,0.0,0.0,,0.0,0.0,40.0,225.0,33.15184326171875,49.15184326171875,Leave_One_experiments/all_year_offline_schedule_search/daily_outputs/SYA/SYA_2023_SYA2023_normal_grid_S0023_daily.csv
SYA,SYA,Shenyang,2023,Leave_One_experiments\wth_generated_qc\SYA\SYA2023.WTH,normal_year;nitrogen_stress_year;low_response_year,normal,SYA2023_normal_grid_S0023,pareto_balanced,2023-04-24,114,4,4,"{""sim_day"": 4.0, ""doy"": 114.0, ""topwt"": 0.0, ""grnwt"": 0.0, ""xlai"": 0.0, ""totir"": 0.0, ""tofer"": NaN, ""swfac"": 0.0, ""nstres"": 0.0}",0.0,0.0,0.0,0.0,0.0,0.0,,0.0,0.0,40.0,225.0,33.15184326171875,49.15184326171875,Leave_One_experiments/all_year_offline_schedule_search/daily_outputs/SYA/SYA_2023_SYA2023_normal_grid_S0023_daily.csv
SYA,SYA,Shenyang,2023,Leave_One_experiments\wth_generated_qc\SYA\SYA2023.WTH,normal_year;nitrogen_stress_year;low_response_year,normal,SYA2023_normal_grid_S0023,pareto_balanced,2023-04-25,115,5,5,"{""sim_day"": 5.0, ""doy"": 115.0, ""topwt"": 0.0, ""grnwt"": 0.0, ""xlai"": 0.0, ""totir"": 0.0, ""tofer"": NaN, ""swfac"": 0.0, ""nstres"": 0.0}",0.0,0.0,0.0,0.0,0.0,0.0,,0.0,0.0,40.0,225.0,33.15184326171875,49.15184326171875,Leave_One_experiments/all_year_offline_schedule_search/daily_outputs/SYA/SYA_2023_SYA2023_normal_grid_S0023_daily.csv
SYA,SYA,Shenyang,2023,Leave_One_experiments\wth_generated_qc\SYA\SYA2023.WTH,normal_year;nitrogen_stress_year;low_response_year,normal,SYA2023_normal_grid_S0023,pareto_balanced,2023-04-21,111,6,1,"{""sim_day"": 6.0, ""doy"": 111.0, ""topwt"": 0.0, ""grnwt"": 0.0, ""xlai"": 0.0, ""totir"": 0.0, ""tofer"": NaN, ""swfac"": 0.0, ""nstres"": 0.0}",0.0,0.0,0.0,0.0,0.0,0.0,,0.0,0.0,40.0,225.0,33.15184326171875,49.15184326171875,Leave_One_experiments/all_year_offline_schedule_search/daily_outputs/SYA/SYA_2023_SYA2023_normal_grid_S0023_daily.csv
SYA,SYA,Shenyang,2023,Leave_One_experiments\wth_generated_qc\SYA\SYA2023.WTH,normal_year;nitrogen_stress_year;low_response_year,normal,SYA2023_normal_grid_S0023,pareto_balanced,2023-04-22,112,7,2,"{""sim_day"": 7.0, ""doy"": 112.0, ""topwt"": 0.0, ""grnwt"": 0.0, ""xlai"": 0.0, ""totir"": 0.0, ""tofer"": NaN, ""swfac"": 0.0, ""nstres"": 0.0}",0.0,0.0,0.0,0.0,0.0,0.0,,0.0,0.0,40.0,225.0,33.15184326171875,49.15184326171875,Leave_One_experiments/all_year_offline_schedule_search/daily_outputs/SYA/SYA_2023_SYA2023_normal_grid_S0023_daily.csv
SYA,SYA,Shenyang,2023,Leave_One_experiments\wth_generated_qc\SYA\SYA2023.WTH,normal_year;nitrogen_stress_year;low_response_year,normal,SYA2023_normal_grid_S0023,pareto_balanced,2023-04-23,113,8,3,"{""sim_day"": 8.0, ""doy"": 113.0, ""topwt"": 0.0, ""grnwt"": 0.0, ""xlai"": 0.0, ""totir"": 0.0, ""tofer"": NaN, ""swfac"": 0.0, ""nstres"": 0.0}",0.0,0.0,0.0,0.0,0.0,0.0,,0.0,0.0,40.0,225.0,33.15184326171875,49.15184326171875,Leave_One_experiments/all_year_offline_schedule_search/daily_outputs/SYA/SYA_2023_SYA2023_normal_grid_S0023_daily.csv
SYA,SYA,Shenyang,2023,Leave_One_experiments\wth_generated_qc\SYA\SYA2023.WTH,normal_year;nitrogen_stress_year;low_response_year,normal,SYA2023_normal_grid_S0023,pareto_balanced,2023-04-24,114,9,4,"{""sim_day"": 9.0, ""doy"": 114.0, ""topwt"": 0.0, ""grnwt"": 0.0, ""xlai"": 0.0, ""totir"": 0.0, ""tofer"": NaN, ""swfac"": 0.0, ""nstres"": 0.0}",0.0,0.0,0.0,0.0,0.0,0.0,,0.0,0.0,40.0,225.0,33.15184326171875,49.15184326171875,Leave_One_experiments/all_year_offline_schedule_search/daily_outputs/SYA/SYA_2023_SYA2023_normal_grid_S0023_daily.csv
SYA,SYA,Shenyang,2023,Leave_One_experiments\wth_generated_qc\SYA\SYA2023.WTH,normal_year;nitrogen_stress_year;low_response_year,normal,SYA2023_normal_grid_S0023,pareto_balanced,2023-04-25,115,10,5,"{""sim_day"": 10.0, ""doy"": 115.0, ""topwt"": 0.0, ""grnwt"": 0.0, ""xlai"": 0.0, ""totir"": 0.0, ""tofer"": NaN, ""swfac"": 0.0, ""nstres"": 0.0}",0.0,0.0,0.0,0.0,0.0,0.0,,0.0,0.0,40.0,225.0,33.15184326171875,49.15184326171875,Leave_One_experiments/all_year_offline_schedule_search/daily_outputs/SYA/SYA_2023_SYA2023_normal_grid_S0023_daily.csv
SYA,SYA,Shenyang,2023,Leave_One_experiments\wth_generated_qc\SYA\SYA2023.WTH,normal_year;nitrogen_stress_year;low_response_year,normal,SYA2023_normal_grid_S0023,pareto_balanced,2023-04-26,116,11,6,"{""sim_day"": 11.0, ""doy"": 116.0, ""topwt"": 0.0, ""grnwt"": 0.0, ""xlai"": 0.0, ""totir"": 0.0, ""tofer"": NaN, ""swfac"": 0.0, ""nstres"": 0.0}",0.0,0.0,0.0,0.0,0.0,0.0,,0.0,0.0,40.0,225.0,33.15184326171875,49.15184326171875,Leave_One_experiments/all_year_offline_schedule_search/daily_outputs/SYA/SYA_2023_SYA2023_normal_grid_S0023_daily.csv
SYA,SYA,Shenyang,2023,Leave_One_experiments\wth_generated_qc\SYA\SYA2023.WTH,normal_year;nitrogen_stress_year;low_response_year,normal,SYA2023_normal_grid_S0023,pareto_balanced,2023-04-27,117,12,7,"{""sim_day"": 12.0, ""doy"": 117.0, ""topwt"": 0.0, ""grnwt"": 0.0, ""xlai"": 0.0, ""totir"": 0.0, ""tofer"": NaN, ""swfac"": 0.0, ""nstres"": 0.0}",0.0,0.0,0.0,0.0,0.0,0.0,,0.0,0.0,40.0,225.0,33.15184326171875,49.15184326171875,Leave_One_experiments/all_year_offline_schedule_search/daily_outputs/SYA/SYA_2023_SYA2023_normal_grid_S0023_daily.csv
SYA,SYA,Shenyang,2023,Leave_One_experiments\wth_generated_qc\SYA\SYA2023.WTH,normal_year;nitrogen_stress_year;low_response_year,normal,SYA2023_normal_grid_S0023,pareto_balanced,2023-04-28,118,13,8,"{""sim_day"": 13.0, ""doy"": 118.0, ""topwt"": 0.0, ""grnwt"": 0.0, ""xlai"": 0.0, ""totir"": 0.0, ""tofer"": NaN, ""swfac"": 0.0, ""nstres"": 0.0}",0.0,0.0,0.0,0.0,0.0,0.0,,0.0,0.0,40.0,225.0,33.15184326171875,49.15184326171875,Leave_One_experiments/all_year_offline_schedule_search/daily_outputs/SYA/SYA_2023_SYA2023_normal_grid_S0023_daily.csv
SYA,SYA,Shenyang,2023,Leave_One_experiments\wth_generated_qc\SYA\SYA2023.WTH,normal_year;nitrogen_stress_year;low_response_year,normal,SYA2023_normal_grid_S0023,pareto_balanced,2023-04-29,119,14,9,"{""sim_day"": 14.0, ""doy"": 119.0, ""topwt"": 0.0, ""grnwt"": 0.0, ""xlai"": 0.0, ""totir"": 0.0, ""tofer"": NaN, ""swfac"": 0.0, ""nstres"": 0.0}",0.0,0.0,0.0,0.0,0.0,0.0,,0.0,0.0,40.0,225.0,33.15184326171875,49.15184326171875,Leave_One_experiments/all_year_offline_schedule_search/daily_outputs/SYA/SYA_2023_SYA2023_normal_grid_S0023_daily.csv
SYA,SYA,Shenyang,2023,Leave_One_experiments\wth_generated_qc\SYA\SYA2023.WTH,normal_year;nitrogen_stress_year;low_response_year,normal,SYA2023_normal_grid_S0023,pareto_balanced,2023-04-30,120,15,10,"{""sim_day"": 15.0, ""doy"": 120.0, ""topwt"": 0.0, ""grnwt"": 0.0, ""xlai"": 0.0, ""totir"": 0.0, ""tofer"": NaN, ""swfac"": 0.0, ""nstres"": 0.0}",0.0,0.0,0.0,0.0,0.0,0.0,,0.0,0.0,40.0,225.0,33.15184326171875,49.15184326171875,Leave_One_experiments/all_year_offline_schedule_search/daily_outputs/SYA/SYA_2023_SYA2023_normal_grid_S0023_daily.csv
SYA,SYA,Shenyang,2023,Leave_One_experiments\wth_generated_qc\SYA\SYA2023.WTH,normal_year;nitrogen_stress_year;low_response_year,normal,SYA2023_normal_grid_S0023,pareto_balanced,2023-05-01,121,16,11,"{""sim_day"": 16.0, ""doy"": 121.0, ""topwt"": 0.0, ""grnwt"": 0.0, ""xlai"": 0.0, ""totir"": 0.0, ""tofer"": NaN, ""swfac"": 0.0, ""nstres"": 0.0}",0.0,0.0,0.0,0.0,0.0,0.0,,0.0,0.0,40.0,225.0,33.15184326171875,49.15184326171875,Leave_One_experiments/all_year_offline_schedule_search/daily_outputs/SYA/SYA_2023_SYA2023_normal_grid_S0023_daily.csv
SYA,SYA,Shenyang,2023,Leave_One_experiments\wth_generated_qc\SYA\SYA2023.WTH,normal_year;nitrogen_stress_year;low_response_year,normal,SYA2023_normal_grid_S0023,pareto_balanced,2023-05-02,122,17,12,"{""sim_day"": 17.0, ""doy"": 122.0, ""topwt"": 0.0, ""grnwt"": 0.0, ""xlai"": 0.0, ""totir"": 0.0, ""tofer"": NaN, ""swfac"": 0.0, ""nstres"": 0.0}",0.0,0.0,0.0,0.0,0.0,0.0,,0.0,0.0,40.0,225.0,33.15184326171875,49.15184326171875,Leave_One_experiments/all_year_offline_schedule_search/daily_outputs/SYA/SYA_2023_SYA2023_normal_grid_S0023_daily.csv
SYA,SYA,Shenyang,2023,Leave_One_experiments\wth_generated_qc\SYA\SYA2023.WTH,normal_year;nitrogen_stress_year;low_response_year,normal,SYA2023_normal_grid_S0023,pareto_balanced,2023-05-03,123,18,13,"{""sim_day"": 18.0, ""doy"": 123.0, ""topwt"": 0.0, ""grnwt"": 0.0, ""xlai"": 0.0, ""totir"": 0.0, ""tofer"": NaN, ""swfac"": 0.0, ""nstres"": 0.0}",0.0,0.0,0.0,0.0,0.0,0.0,,0.0,0.0,40.0,225.0,33.15184326171875,49.15184326171875,Leave_One_experiments/all_year_offline_schedule_search/daily_outputs/SYA/SYA_2023_SYA2023_normal_grid_S0023_daily.csv
SYA,SYA,Shenyang,2023,Leave_One_experiments\wth_generated_qc\SYA\SYA2023.WTH,normal_year;nitrogen_stress_year;low_response_year,normal,SYA2023_normal_grid_S0023,pareto_balanced,2023-05-04,124,19,14,"{""sim_day"": 19.0, ""doy"": 124.0, ""topwt"": 17.600001096725464, ""grnwt"": 0.0, ""xlai"": 0.0013041353086009, ""totir"": 0.0, ""tofer"": NaN, ""swfac"": 0.0, ""nstres"": 0.0121910572052001}",0.0,0.0121910572052001,17.600001096725464,0.0,0.0013041353086009,0.0,,0.0,0.0,40.0,225.0,33.15184326171875,49.15184326171875,Leave_One_experiments/all_year_offline_schedule_search/daily_outputs/SYA/SYA_2023_SYA2023_normal_grid_S0023_daily.csv
SYA,SYA,Shenyang,2023,Leave_One_experiments\wth_generated_qc\SYA\SYA2023.WTH,normal_year;nitrogen_stress_year;low_response_year,normal,SYA2023_normal_grid_S0023,pareto_balanced,2023-05-05,125,20,15,"{""sim_day"": 20.0, ""doy"": 125.0, ""topwt"": 17.600001096725464, ""grnwt"": 0.0, ""xlai"": 0.0024267469998449, ""totir"": 0.0, ""tofer"": NaN, ""swfac"": 0.0, ""nstres"": 0.0159885883331298}",0.0,0.0159885883331298,17.600001096725464,0.0,0.0024267469998449,0.0,,0.0,0.0,40.0,225.0,33.15184326171875,49.15184326171875,Leave_One_experiments/all_year_offline_schedule_search/daily_outputs/SYA/SYA_2023_SYA2023_normal_grid_S0023_daily.csv
SYA,SYA,Shenyang,2023,Leave_One_experiments\wth_generated_qc\SYA\SYA2023.WTH,normal_year;nitrogen_stress_year;low_response_year,normal,SYA2023_normal_grid_S0023,pareto_balanced,2023-05-06,126,21,16,"{""sim_day"": 21.0, ""doy"": 126.0, ""topwt"": 17.600001096725464, ""grnwt"": 0.0, ""xlai"": 0.0033136026468127, ""totir"": 0.0, ""tofer"": NaN, ""swfac"": 0.0, ""nstres"": 0.0131745338439941}",0.0,0.0131745338439941,17.600001096725464,0.0,0.0033136026468127,0.0,,0.0,0.0,40.0,225.0,33.15184326171875,49.15184326171875,Leave_One_experiments/all_year_offline_schedule_search/daily_outputs/SYA/SYA_2023_SYA2023_normal_grid_S0023_daily.csv
SYA,SYA,Shenyang,2023,Leave_One_experiments\wth_generated_qc\SYA\SYA2023.WTH,normal_year;nitrogen_stress_year;low_response_year,normal,SYA2023_normal_grid_S0023,pareto_balanced,2023-05-07,127,22,17,"{""sim_day"": 22.0, ""doy"": 127.0, ""topwt"": 17.600001096725464, ""grnwt"": 0.0, ""xlai"": 0.0048232115805149, ""totir"": 0.0, ""tofer"": NaN, ""swfac"": 0.0, ""nstres"": 0.0088738203048706}",0.0,0.0088738203048706,17.600001096725464,0.0,0.0048232115805149,0.0,,0.0,0.0,40.0,225.0,33.15184326171875,49.15184326171875,Leave_One_experiments/all_year_offline_schedule_search/daily_outputs/SYA/SYA_2023_SYA2023_normal_grid_S0023_daily.csv
SYA,SYA,Shenyang,2023,Leave_One_experiments\wth_generated_qc\SYA\SYA2023.WTH,normal_year;nitrogen_stress_year;low_response_year,normal,SYA2023_normal_grid_S0023,pareto_balanced,2023-05-08,128,23,18,"{""sim_day"": 23.0, ""doy"": 128.0, ""topwt"": 17.600001096725464, ""grnwt"": 0.0, ""xlai"": 0.0062310798093676, ""totir"": 0.0, ""tofer"": NaN, ""swfac"": 0.0, ""nstres"": 0.0051091909408569}",0.0,0.0051091909408569,17.600001096725464,0.0,0.0062310798093676,0.0,,0.0,0.0,40.0,225.0,33.15184326171875,49.15184326171875,Leave_One_experiments/all_year_offline_schedule_search/daily_outputs/SYA/SYA_2023_SYA2023_normal_grid_S0023_daily.csv
SYA,SYA,Shenyang,2023,Leave_One_experiments\wth_generated_qc\SYA\SYA2023.WTH,normal_year;nitrogen_stress_year;low_response_year,normal,SYA2023_normal_grid_S0023,pareto_balanced,2023-05-09,129,24,19,"{""sim_day"": 24.0, ""doy"": 129.0, ""topwt"": 17.600001096725464, ""grnwt"": 0.0, ""xlai"": 0.0079193208366632, ""totir"": 0.0, ""tofer"": NaN, ""swfac"": 0.0, ""nstres"": 0.0008943676948547}",0.0,0.0008943676948547,17.600001096725464,0.0,0.0079193208366632,0.0,,0.0,0.0,40.0,225.0,33.15184326171875,49.15184326171875,Leave_One_experiments/all_year_offline_schedule_search/daily_outputs/SYA/SYA_2023_SYA2023_normal_grid_S0023_daily.csv
SYA,SYA,Shenyang,2023,Leave_One_experiments\wth_generated_qc\SYA\SYA2023.WTH,normal_year;nitrogen_stress_year;low_response_year,normal,SYA2023_normal_grid_S0023,pareto_balanced,2023-05-10,130,25,20,"{""sim_day"": 25.0, ""doy"": 130.0, ""topwt"": 17.600001096725464, ""grnwt"": 0.0, ""xlai"": 0.0095178009942173, ""totir"": 0.0, ""tofer"": NaN, ""swfac"": 0.0, ""nstres"": 0.0}",0.0,0.0,17.600001096725464,0.0,0.0095178009942173,0.0,,0.0,0.0,40.0,225.0,33.15184326171875,49.15184326171875,Leave_One_experiments/all_year_offline_schedule_search/daily_outputs/SYA/SYA_2023_SYA2023_normal_grid_S0023_daily.csv
SYA,SYA,Shenyang,2023,Leave_One_experiments\wth_generated_qc\SYA\SYA2023.WTH,normal_year;nitrogen_stress_year;low_response_year,normal,SYA2023_normal_grid_S0023,pareto_balanced,2023-05-11,131,26,21,"{""sim_day"": 26.0, ""doy"": 131.0, ""topwt"": 17.600001096725464, ""grnwt"": 0.0, ""xlai"": 0.0119740357622504, ""totir"": 0.0, ""tofer"": NaN, ""swfac"": 0.0, ""nstres"": 0.0}",0.0,0.0,17.600001096725464,0.0,0.0119740357622504,0.0,,0.0,0.0,40.0,225.0,33.15184326171875,49.15184326171875,Leave_One_experiments/all_year_offline_schedule_search/daily_outputs/SYA/SYA_2023_SYA2023_normal_grid_S0023_daily.csv
SYA,SYA,Shenyang,2023,Leave_One_experiments\wth_generated_qc\SYA\SYA2023.WTH,normal_year;nitrogen_stress_year;low_response_year,normal,SYA2023_normal_grid_S0023,pareto_balanced,2023-05-12,132,27,22,"{""sim_day"": 27.0, ""doy"": 132.0, ""topwt"": 17.600001096725464, ""grnwt"": 0.0, ""xlai"": 0.0158672761172056, ""totir"": 0.0, ""tofer"": NaN, ""swfac"": 0.0, ""nstres"": 0.0}",0.0,0.0,17.600001096725464,0.0,0.0158672761172056,0.0,,0.0,0.0,40.0,225.0,33.15184326171875,49.15184326171875,Leave_One_experiments/all_year_offline_schedule_search/daily_outputs/SYA/SYA_2023_SYA2023_normal_grid_S0023_daily.csv
SYA,SYA,Shenyang,2023,Leave_One_experiments\wth_generated_qc\SYA\SYA2023.WTH,normal_year;nitrogen_stress_year;low_response_year,normal,SYA2023_normal_grid_S0023,pareto_balanced,2023-05-13,133,28,23,"{""sim_day"": 28.0, ""doy"": 133.0, ""topwt"": 17.600001096725464, ""grnwt"": 0.0, ""xlai"": 0.023339707404375, ""totir"": 0.0, ""tofer"": NaN, ""swfac"": 0.0, ""nstres"": 0.0}",0.0,0.0,17.600001096725464,0.0,0.023339707404375,0.0,,0.0,0.0,40.0,225.0,33.15184326171875,49.15184326171875,Leave_One_experiments/all_year_offline_schedule_search/daily_outputs/SYA/SYA_2023_SYA2023_normal_grid_S0023_daily.csv
SYA,SYA,Shenyang,2023,Leave_One_experiments\wth_generated_qc\SYA\SYA2023.WTH,normal_year;nitrogen_stress_year;low_response_year,normal,SYA2023_normal_grid_S0023,pareto_balanced,2023-05-14,134,29,24,"{""sim_day"": 29.0, ""doy"": 134.0, ""topwt"": 18.176361322402958, ""grnwt"": 0.0, ""xlai"": 0.0317297279834747, ""totir"": 0.0, ""tofer"": NaN, ""swfac"": 0.0, ""nstres"": 0.0}",0.0,0.0,18.176361322402958,0.0,0.0317297279834747,0.0,,0.0,0.0,40.0,225.0,33.15184326171875,49.15184326171875,Leave_One_experiments/all_year_offline_schedule_search/daily_outputs/SYA/SYA_2023_SYA2023_normal_grid_S0023_daily.csv
SYA,SYA,Shenyang,2023,Leave_One_experiments\wth_generated_qc\SYA\SYA2023.WTH,normal_year;nitrogen_stress_year;low_response_year,normal,SYA2023_normal_grid_S0023,pareto_balanced,2023-05-15,135,30,25,"{""sim_day"": 30.0, ""doy"": 135.0, ""topwt"": 23.184163570404053, ""grnwt"": 0.0, ""xlai"": 0.0446166470646858, ""totir"": 0.0, ""tofer"": NaN, ""swfac"": 0.0, ""nstres"": 0.0}",0.0,0.0,23.184163570404053,0.0,0.0446166470646858,0.0,,0.0,0.0,40.0,225.0,33.15184326171875,49.15184326171875,Leave_One_experiments/all_year_offline_schedule_search/daily_outputs/SYA/SYA_2023_SYA2023_normal_grid_S0023_daily.csv
SYA,SYA,Shenyang,2023,Leave_One_experiments\wth_generated_qc\SYA\SYA2023.WTH,normal_year;nitrogen_stress_year;low_response_year,normal,SYA2023_normal_grid_S0023,pareto_balanced,2023-05-16,136,31,26,"{""sim_day"": 31.0, ""doy"": 136.0, ""topwt"": 26.356801986694336, ""grnwt"": 0.0, ""xlai"": 0.0522856414318084, ""totir"": 0.0, ""tofer"": NaN, ""swfac"": 0.0, ""nstres"": 0.0}",0.0,0.0,26.356801986694336,0.0,0.0522856414318084,0.0,,0.0,0.0,40.0,225.0,33.15184326171875,49.15184326171875,Leave_One_experiments/all_year_offline_schedule_search/daily_outputs/SYA/SYA_2023_SYA2023_normal_grid_S0023_daily.csv
SYA,SYA,Shenyang,2023,Leave_One_experiments\wth_generated_qc\SYA\SYA2023.WTH,normal_year;nitrogen_stress_year;low_response_year,normal,SYA2023_normal_grid_S0023,pareto_balanced,2023-05-17,137,32,27,"{""sim_day"": 32.0, ""doy"": 137.0, ""topwt"": 30.12009620666504, ""grnwt"": 0.0, ""xlai"": 0.0610194988548755, ""totir"": 0.0, ""tofer"": NaN, ""swfac"": 0.0, ""nstres"": 0.0}",0.0,0.0,30.12009620666504,0.0,0.0610194988548755,0.0,,0.0,0.0,40.0,225.0,33.15184326171875,49.15184326171875,Leave_One_experiments/all_year_offline_schedule_search/daily_outputs/SYA/SYA_2023_SYA2023_normal_grid_S0023_daily.csv
SYA,SYA,Shenyang,2023,Leave_One_experiments\wth_generated_qc\SYA\SYA2023.WTH,normal_year;nitrogen_stress_year;low_response_year,normal,SYA2023_normal_grid_S0023,pareto_balanced,2023-05-18,138,33,28,"{""sim_day"": 33.0, ""doy"": 138.0, ""topwt"": 35.147058963775635, ""grnwt"": 0.0, ""xlai"": 0.0722035020589828, ""totir"": 0.0, ""tofer"": NaN, ""swfac"": 0.0, ""nstres"": 0.0}",0.0,0.0,35.147058963775635,0.0,0.0722035020589828,0.0,,0.0,0.0,40.0,225.0,33.15184326171875,49.15184326171875,Leave_One_experiments/all_year_offline_schedule_search/daily_outputs/SYA/SYA_2023_SYA2023_normal_grid_S0023_daily.csv
SYA,SYA,Shenyang,2023,Leave_One_experiments\wth_generated_qc\SYA\SYA2023.WTH,normal_year;nitrogen_stress_year;low_response_year,normal,SYA2023_normal_grid_S0023,pareto_balanced,2023-05-19,139,34,29,"{""sim_day"": 34.0, ""doy"": 139.0, ""topwt"": 39.55211877822876, ""grnwt"": 0.0, ""xlai"": 0.0816391855478286, ""totir"": 0.0, ""tofer"": NaN, ""swfac"": 0.0, ""nstres"": 0.0}",0.0,0.0,39.55211877822876,0.0,0.0816391855478286,0.0,,0.0,0.0,40.0,225.0,33.15184326171875,49.15184326171875,Leave_One_experiments/all_year_offline_schedule_search/daily_outputs/SYA/SYA_2023_SYA2023_normal_grid_S0023_daily.csv
SYA,SYA,Shenyang,2023,Leave_One_experiments\wth_generated_qc\SYA\SYA2023.WTH,normal_year;nitrogen_stress_year;low_response_year,normal,SYA2023_normal_grid_S0023,pareto_balanced,2023-05-20,140,35,30,"{""sim_day"": 35.0, ""doy"": 140.0, ""topwt"": 44.52225208282471, ""grnwt"": 0.0, ""xlai"": 0.0919518396258354, ""totir"": 0.0, ""tofer"": NaN, ""swfac"": 0.0, ""nstres"": 0.0}",0.0,0.0,44.52225208282471,0.0,0.0919518396258354,0.0,,0.0,75.0,40.0,225.0,33.15184326171875,49.15184326171875,Leave_One_experiments/all_year_offline_schedule_search/daily_outputs/SYA/SYA_2023_SYA2023_normal_grid_S0023_daily.csv
SYA,SYA,Shenyang,2023,Leave_One_experiments\wth_generated_qc\SYA\SYA2023.WTH,normal_year;nitrogen_stress_year;low_response_year,normal,SYA2023_normal_grid_S0023,pareto_balanced,2023-05-21,141,36,31,"{""sim_day"": 36.0, ""doy"": 141.0, ""topwt"": 50.68536281585693, ""grnwt"": 0.0, ""xlai"": 0.1043324768543243, ""totir"": 0.0, ""tofer"": NaN, ""swfac"": 0.0, ""nstres"": 0.0}",0.0,0.0,50.68536281585693,0.0,0.1043324768543243,0.0,,0.0,0.0,40.0,225.0,33.15184326171875,49.15184326171875,Leave_One_experiments/all_year_offline_schedule_search/daily_outputs/SYA/SYA_2023_SYA2023_normal_grid_S0023_daily.csv
SYA,SYA,Shenyang,2023,Leave_One_experiments\wth_generated_qc\SYA\SYA2023.WTH,normal_year;nitrogen_stress_year;low_response_year,normal,SYA2023_normal_grid_S0023,pareto_balanced,2023-05-22,142,37,32,"{""sim_day"": 37.0, ""doy"": 142.0, ""topwt"": 58.99186134338379, ""grnwt"": 0.0, ""xlai"": 0.1204329282045364, ""totir"": 0.0, ""tofer"": NaN, ""swfac"": 0.0, ""nstres"": 0.0}",0.0,0.0,58.99186134338379,0.0,0.1204329282045364,0.0,,0.0,0.0,40.0,225.0,33.15184326171875,49.15184326171875,Leave_One_experiments/all_year_offline_schedule_search/daily_outputs/SYA/SYA_2023_SYA2023_normal_grid_S0023_daily.csv
SYA,SYA,Shenyang,2023,Leave_One_experiments\wth_generated_qc\SYA\SYA2023.WTH,normal_year;nitrogen_stress_year;low_response_year,normal,SYA2023_normal_grid_S0023,pareto_balanced,2023-05-23,143,38,33,"{""sim_day"": 38.0, ""doy"": 143.0, ""topwt"": 69.37005996704102, ""grnwt"": 0.0, ""xlai"": 0.1397831439971923, ""totir"": 0.0, ""tofer"": NaN, ""swfac"": 0.0, ""nstres"": 0.0}",0.0,0.0,69.37005996704102,0.0,0.1397831439971923,0.0,,0.0,0.0,40.0,225.0,33.15184326171875,49.15184326171875,Leave_One_experiments/all_year_offline_schedule_search/daily_outputs/SYA/SYA_2023_SYA2023_normal_grid_S0023_daily.csv
SYA,SYA,Shenyang,2023,Leave_One_experiments\wth_generated_qc\SYA\SYA2023.WTH,normal_year;nitrogen_stress_year;low_response_year,normal,SYA2023_normal_grid_S0023,pareto_balanced,2023-05-24,144,39,34,"{""sim_day"": 39.0, ""doy"": 144.0, ""topwt"": 78.81154537200928, ""grnwt"": 0.0, ""xlai"": 0.1567822694778442, ""totir"": 0.0, ""tofer"": NaN, ""swfac"": 0.0, ""nstres"": 0.0}",0.0,0.0,78.81154537200928,0.0,0.1567822694778442,0.0,,0.0,0.0,40.0,225.0,33.15184326171875,49.15184326171875,Leave_One_experiments/all_year_offline_schedule_search/daily_outputs/SYA/SYA_2023_SYA2023_normal_grid_S0023_daily.csv
SYA,SYA,Shenyang,2023,Leave_One_experiments\wth_generated_qc\SYA\SYA2023.WTH,normal_year;nitrogen_stress_year;low_response_year,normal,SYA2023_normal_grid_S0023,pareto_balanced,2023-05-25,145,40,35,"{""sim_day"": 40.0, ""doy"": 145.0, ""topwt"": 87.24311828613281, ""grnwt"": 0.0, ""xlai"": 0.1832478046417236, ""totir"": 0.0, ""tofer"": NaN, ""swfac"": 0.0, ""nstres"": 0.0}",0.0,0.0,87.24311828613281,0.0,0.1832478046417236,0.0,,0.0,0.0,40.0,225.0,33.15184326171875,49.15184326171875,Leave_One_experiments/all_year_offline_schedule_search/daily_outputs/SYA/SYA_2023_SYA2023_normal_grid_S0023_daily.csv
SYA,SYA,Shenyang,2023,Leave_One_experiments\wth_generated_qc\SYA\SYA2023.WTH,normal_year;nitrogen_stress_year;low_response_year,normal,SYA2023_normal_grid_S0023,pareto_balanced,2023-05-26,146,41,36,"{""sim_day"": 41.0, ""doy"": 146.0, ""topwt"": 99.5206356048584, ""grnwt"": 0.0, ""xlai"": 0.2056202143430709, ""totir"": 0.0, ""tofer"": NaN, ""swfac"": 0.0, ""nstres"": 0.0052660107612609}",0.0,0.0052660107612609,99.5206356048584,0.0,0.2056202143430709,0.0,,0.0,0.0,40.0,225.0,33.15184326171875,49.15184326171875,Leave_One_experiments/all_year_offline_schedule_search/daily_outputs/SYA/SYA_2023_SYA2023_normal_grid_S0023_daily.csv
SYA,SYA,Shenyang,2023,Leave_One_experiments\wth_generated_qc\SYA\SYA2023.WTH,normal_year;nitrogen_stress_year;low_response_year,normal,SYA2023_normal_grid_S0023,pareto_balanced,2023-05-27,147,42,37,"{""sim_day"": 42.0, ""doy"": 147.0, ""topwt"": 115.3347396850586, ""grnwt"": 0.0, ""xlai"": 0.2335192859172821, ""totir"": 0.0, ""tofer"": NaN, ""swfac"": 0.0, ""nstres"": 0.0}",0.0,0.0,115.3347396850586,0.0,0.2335192859172821,0.0,,0.0,0.0,40.0,225.0,33.15184326171875,49.15184326171875,Leave_One_experiments/all_year_offline_schedule_search/daily_outputs/SYA/SYA_2023_SYA2023_normal_grid_S0023_daily.csv
SYA,SYA,Shenyang,2023,Leave_One_experiments\wth_generated_qc\SYA\SYA2023.WTH,normal_year;nitrogen_stress_year;low_response_year,normal,SYA2023_normal_grid_S0023,pareto_balanced,2023-05-28,148,43,38,"{""sim_day"": 43.0, ""doy"": 148.0, ""topwt"": 135.39714813232422, ""grnwt"": 0.0, ""xlai"": 0.2676810920238495, ""totir"": 0.0, ""tofer"": NaN, ""swfac"": 0.0, ""nstres"": 0.0}",0.0,0.0,135.39714813232422,0.0,0.2676810920238495,0.0,,0.0,0.0,40.0,225.0,33.15184326171875,49.15184326171875,Leave_One_experiments/all_year_offline_schedule_search/daily_outputs/SYA/SYA_2023_SYA2023_normal_grid_S0023_daily.csv
SYA,SYA,Shenyang,2023,Leave_One_experiments\wth_generated_qc\SYA\SYA2023.WTH,normal_year;nitrogen_stress_year;low_response_year,normal,SYA2023_normal_grid_S0023,pareto_balanced,2023-05-29,149,44,39,"{""sim_day"": 44.0, ""doy"": 149.0, ""topwt"": 154.29364204406738, ""grnwt"": 0.0, ""xlai"": 0.2988095283508301, ""totir"": 0.0, ""tofer"": NaN, ""swfac"": 0.0, ""nstres"": 0.0}",0.0,0.0,154.29364204406738,0.0,0.2988095283508301,0.0,,0.0,0.0,40.0,225.0,33.15184326171875,49.15184326171875,Leave_One_experiments/all_year_offline_schedule_search/daily_outputs/SYA/SYA_2023_SYA2023_normal_grid_S0023_daily.csv
SYA,SYA,Shenyang,2023,Leave_One_experiments\wth_generated_qc\SYA\SYA2023.WTH,normal_year;nitrogen_stress_year;low_response_year,normal,SYA2023_normal_grid_S0023,pareto_balanced,2023-05-30,150,45,40,"{""sim_day"": 45.0, ""doy"": 150.0, ""topwt"": 175.7828140258789, ""grnwt"": 0.0, ""xlai"": 0.3331764638423919, ""totir"": 0.0, ""tofer"": NaN, ""swfac"": 0.0, ""nstres"": 0.0}",0.0,0.0,175.7828140258789,0.0,0.3331764638423919,0.0,,0.0,0.0,40.0,225.0,33.15184326171875,49.15184326171875,Leave_One_experiments/all_year_offline_schedule_search/daily_outputs/SYA/SYA_2023_SYA2023_normal_grid_S0023_daily.csv
SYA,SYA,Shenyang,2023,Leave_One_experiments\wth_generated_qc\SYA\SYA2023.WTH,normal_year;nitrogen_stress_year;low_response_year,normal,SYA2023_normal_grid_S0023,pareto_balanced,2023-05-31,151,46,41,"{""sim_day"": 46.0, ""doy"": 151.0, ""topwt"": 201.45183563232425, ""grnwt"": 0.0, ""xlai"": 0.3730100691318512, ""totir"": 0.0, ""tofer"": NaN, ""swfac"": 0.0, ""nstres"": 0.0}",0.0,0.0,201.45183563232425,0.0,0.3730100691318512,0.0,,0.0,0.0,40.0,225.0,33.15184326171875,49.15184326171875,Leave_One_experiments/all_year_offline_schedule_search/daily_outputs/SYA/SYA_2023_SYA2023_normal_grid_S0023_daily.csv
SYA,SYA,Shenyang,2023,Leave_One_experiments\wth_generated_qc\SYA\SYA2023.WTH,normal_year;nitrogen_stress_year;low_response_year,normal,SYA2023_normal_grid_S0023,pareto_balanced,2023-06-01,152,47,42,"{""sim_day"": 47.0, ""doy"": 152.0, ""topwt"": 226.9375991821289, ""grnwt"": 0.0, ""xlai"": 0.4114397466182709, ""totir"": 0.0, ""tofer"": NaN, ""swfac"": 0.0, ""nstres"": 0.0}",0.0,0.0,226.9375991821289,0.0,0.4114397466182709,0.0,,0.0,0.0,40.0,225.0,33.15184326171875,49.15184326171875,Leave_One_experiments/all_year_offline_schedule_search/daily_outputs/SYA/SYA_2023_SYA2023_normal_grid_S0023_daily.csv
SYA,SYA,Shenyang,2023,Leave_One_experiments\wth_generated_qc\SYA\SYA2023.WTH,normal_year;nitrogen_stress_year;low_response_year,normal,SYA2023_normal_grid_S0023,pareto_balanced,2023-06-02,153,48,43,"{""sim_day"": 48.0, ""doy"": 153.0, ""topwt"": 257.9656982421875, ""grnwt"": 0.0, ""xlai"": 0.4569451510906219, ""totir"": 0.0, ""tofer"": NaN, ""swfac"": 0.0, ""nstres"": 0.0}",0.0,0.0,257.9656982421875,0.0,0.4569451510906219,0.0,,0.0,0.0,40.0,225.0,33.15184326171875,49.15184326171875,Leave_One_experiments/all_year_offline_schedule_search/daily_outputs/SYA/SYA_2023_SYA2023_normal_grid_S0023_daily.csv
SYA,SYA,Shenyang,2023,Leave_One_experiments\wth_generated_qc\SYA\SYA2023.WTH,normal_year;nitrogen_stress_year;low_response_year,normal,SYA2023_normal_grid_S0023,pareto_balanced,2023-06-03,154,49,44,"{""sim_day"": 49.0, ""doy"": 154.0, ""topwt"": 296.2387466430664, ""grnwt"": 0.0, ""xlai"": 0.5114232897758484, ""totir"": 0.0, ""tofer"": NaN, ""swfac"": 0.0, ""nstres"": 0.0}",0.0,0.0,296.2387466430664,0.0,0.5114232897758484,0.0,,0.0,0.0,40.0,225.0,33.15184326171875,49.15184326171875,Leave_One_experiments/all_year_offline_schedule_search/daily_outputs/SYA/SYA_2023_SYA2023_normal_grid_S0023_daily.csv
SYA,SYA,Shenyang,2023,Leave_One_experiments\wth_generated_qc\SYA\SYA2023.WTH,normal_year;nitrogen_stress_year;low_response_year,normal,SYA2023_normal_grid_S0023,pareto_balanced,2023-06-04,155,50,45,"{""sim_day"": 50.0, ""doy"": 155.0, ""topwt"": 336.16458892822266, ""grnwt"": 0.0, ""xlai"": 0.564139723777771, ""totir"": 0.0, ""tofer"": NaN, ""swfac"": 0.0, ""nstres"": 0.0}",0.0,0.0,336.16458892822266,0.0,0.564139723777771,0.0,,0.0,0.0,40.0,225.0,33.15184326171875,49.15184326171875,Leave_One_experiments/all_year_offline_schedule_search/daily_outputs/SYA/SYA_2023_SYA2023_normal_grid_S0023_daily.csv
SYA,SYA,Shenyang,2023,Leave_One_experiments\wth_generated_qc\SYA\SYA2023.WTH,normal_year;nitrogen_stress_year;low_response_year,normal,SYA2023_normal_grid_S0023,pareto_balanced,2023-06-05,156,51,46,"{""sim_day"": 51.0, ""doy"": 156.0, ""topwt"": 374.645881652832, ""grnwt"": 0.0, ""xlai"": 0.6181601881980896, ""totir"": 0.0, ""tofer"": NaN, ""swfac"": 0.0, ""nstres"": 0.0}",0.0,0.0,374.645881652832,0.0,0.6181601881980896,0.0,,0.0,0.0,40.0,225.0,33.15184326171875,49.15184326171875,Leave_One_experiments/all_year_offline_schedule_search/daily_outputs/SYA/SYA_2023_SYA2023_normal_grid_S0023_daily.csv
SYA,SYA,Shenyang,2023,Leave_One_experiments\wth_generated_qc\SYA\SYA2023.WTH,normal_year;nitrogen_stress_year;low_response_year,normal,SYA2023_normal_grid_S0023,pareto_balanced,2023-06-06,157,52,47,"{""sim_day"": 52.0, ""doy"": 157.0, ""topwt"": 417.9499816894531, ""grnwt"": 0.0, ""xlai"": 0.6771026253700256, ""totir"": 0.0, ""tofer"": NaN, ""swfac"": 0.0, ""nstres"": 0.0}",0.0,0.0,417.9499816894531,0.0,0.6771026253700256,0.0,,0.0,0.0,40.0,225.0,33.15184326171875,49.15184326171875,Leave_One_experiments/all_year_offline_schedule_search/daily_outputs/SYA/SYA_2023_SYA2023_normal_grid_S0023_daily.csv
SYA,SYA,Shenyang,2023,Leave_One_experiments\wth_generated_qc\SYA\SYA2023.WTH,normal_year;nitrogen_stress_year;low_response_year,normal,SYA2023_normal_grid_S0023,pareto_balanced,2023-06-07,158,53,48,"{""sim_day"": 53.0, ""doy"": 158.0, ""topwt"": 459.46178436279297, ""grnwt"": 0.0, ""xlai"": 0.7318814992904663, ""totir"": 0.0, ""tofer"": NaN, ""swfac"": 0.0, ""nstres"": 0.0}",0.0,0.0,459.46178436279297,0.0,0.7318814992904663,0.0,,0.0,0.0,40.0,225.0,33.15184326171875,49.15184326171875,Leave_One_experiments/all_year_offline_schedule_search/daily_outputs/SYA/SYA_2023_SYA2023_normal_grid_S0023_daily.csv
SYA,SYA,Shenyang,2023,Leave_One_experiments\wth_generated_qc\SYA\SYA2023.WTH,normal_year;nitrogen_stress_year;low_response_year,normal,SYA2023_normal_grid_S0023,pareto_balanced,2023-06-08,159,54,49,"{""sim_day"": 54.0, ""doy"": 159.0, ""topwt"": 502.2886276245117, ""grnwt"": 0.0, ""xlai"": 0.7866895198822021, ""totir"": 0.0, ""tofer"": NaN, ""swfac"": 0.0, ""nstres"": 0.0}",0.0,0.0,502.2886276245117,0.0,0.7866895198822021,0.0,,0.0,0.0,40.0,225.0,33.15184326171875,49.15184326171875,Leave_One_experiments/all_year_offline_schedule_search/daily_outputs/SYA/SYA_2023_SYA2023_normal_grid_S0023_daily.csv
SYA,SYA,Shenyang,2023,Leave_One_experiments\wth_generated_qc\SYA\SYA2023.WTH,normal_year;nitrogen_stress_year;low_response_year,normal,SYA2023_normal_grid_S0023,pareto_balanced,2023-06-09,160,55,50,"{""sim_day"": 55.0, ""doy"": 160.0, ""topwt"": 544.3873977661133, ""grnwt"": 0.0, ""xlai"": 0.8389760255813599, ""totir"": 0.0, ""tofer"": NaN, ""swfac"": 0.0, ""nstres"": 0.0}",0.0,0.0,544.3873977661133,0.0,0.8389760255813599,0.0,,0.0,0.0,40.0,225.0,33.15184326171875,49.15184326171875,Leave_One_experiments/all_year_offline_schedule_search/daily_outputs/SYA/SYA_2023_SYA2023_normal_grid_S0023_daily.csv
SYA,SYA,Shenyang,2023,Leave_One_experiments\wth_generated_qc\SYA\SYA2023.WTH,normal_year;nitrogen_stress_year;low_response_year,normal,SYA2023_normal_grid_S0023,pareto_balanced,2023-06-10,161,56,51,"{""sim_day"": 56.0, ""doy"": 161.0, ""topwt"": 594.7615432739258, ""grnwt"": 0.0, ""xlai"": 0.8996224403381348, ""totir"": 0.0, ""tofer"": NaN, ""swfac"": 0.0, ""nstres"": 0.0}",0.0,0.0,594.7615432739258,0.0,0.8996224403381348,0.0,,0.0,0.0,40.0,225.0,33.15184326171875,49.15184326171875,Leave_One_experiments/all_year_offline_schedule_search/daily_outputs/SYA/SYA_2023_SYA2023_normal_grid_S0023_daily.csv
SYA,SYA,Shenyang,2023,Leave_One_experiments\wth_generated_qc\SYA\SYA2023.WTH,normal_year;nitrogen_stress_year;low_response_year,normal,SYA2023_normal_grid_S0023,pareto_balanced,2023-06-11,162,57,52,"{""sim_day"": 57.0, ""doy"": 162.0, ""topwt"": 642.9862213134766, ""grnwt"": 0.0, ""xlai"": 0.95590341091156, ""totir"": 0.0, ""tofer"": NaN, ""swfac"": 0.0, ""nstres"": 0.0}",0.0,0.0,642.9862213134766,0.0,0.95590341091156,0.0,,0.0,0.0,40.0,225.0,33.15184326171875,49.15184326171875,Leave_One_experiments/all_year_offline_schedule_search/daily_outputs/SYA/SYA_2023_SYA2023_normal_grid_S0023_daily.csv
SYA,SYA,Shenyang,2023,Leave_One_experiments\wth_generated_qc\SYA\SYA2023.WTH,normal_year;nitrogen_stress_year;low_response_year,normal,SYA2023_normal_grid_S0023,pareto_balanced,2023-06-12,163,58,53,"{""sim_day"": 58.0, ""doy"": 163.0, ""topwt"": 697.6599884033203, ""grnwt"": 0.0, ""xlai"": 1.0176256895065308, ""totir"": 0.0, ""tofer"": NaN, ""swfac"": 0.0, ""nstres"": 0.0}",0.0,0.0,697.6599884033203,0.0,1.0176256895065308,0.0,,0.0,0.0,40.0,225.0,33.15184326171875,49.15184326171875,Leave_One_experiments/all_year_offline_schedule_search/daily_outputs/SYA/SYA_2023_SYA2023_normal_grid_S0023_daily.csv
SYA,SYA,Shenyang,2023,Leave_One_experiments\wth_generated_qc\SYA\SYA2023.WTH,normal_year;nitrogen_stress_year;low_response_year,normal,SYA2023_normal_grid_S0023,pareto_balanced,2023-06-13,164,59,54,"{""sim_day"": 59.0, ""doy"": 164.0, ""topwt"": 765.0258636474609, ""grnwt"": 0.0, ""xlai"": 1.090723752975464, ""totir"": 0.0, ""tofer"": NaN, ""swfac"": 0.0, ""nstres"": 0.0}",0.0,0.0,765.0258636474609,0.0,1.090723752975464,0.0,,0.0,0.0,40.0,225.0,33.15184326171875,49.15184326171875,Leave_One_experiments/all_year_offline_schedule_search/daily_outputs/SYA/SYA_2023_SYA2023_normal_grid_S0023_daily.csv
SYA,SYA,Shenyang,2023,Leave_One_experiments\wth_generated_qc\SYA\SYA2023.WTH,normal_year;nitrogen_stress_year;low_response_year,normal,SYA2023_normal_grid_S0023,pareto_balanced,2023-06-14,165,60,55,"{""sim_day"": 60.0, ""doy"": 165.0, ""topwt"": 846.8910980224609, ""grnwt"": 0.0, ""xlai"": 1.1754498481750488, ""totir"": 0.0, ""tofer"": NaN, ""swfac"": 0.0, ""nstres"": 0.0}",0.0,0.0,846.8910980224609,0.0,1.1754498481750488,0.0,,0.0,0.0,40.0,225.0,33.15184326171875,49.15184326171875,Leave_One_experiments/all_year_offline_schedule_search/daily_outputs/SYA/SYA_2023_SYA2023_normal_grid_S0023_daily.csv
SYA,SYA,Shenyang,2023,Leave_One_experiments\wth_generated_qc\SYA\SYA2023.WTH,normal_year;nitrogen_stress_year;low_response_year,normal,SYA2023_normal_grid_S0023,pareto_balanced,2023-06-15,166,61,56,"{""sim_day"": 61.0, ""doy"": 166.0, ""topwt"": 948.0555725097656, ""grnwt"": 0.0, ""xlai"": 1.274375319480896, ""totir"": 0.0, ""tofer"": NaN, ""swfac"": 0.0, ""nstres"": 0.0}",0.0,0.0,948.0555725097656,0.0,1.274375319480896,0.0,,0.0,0.0,40.0,225.0,33.15184326171875,49.15184326171875,Leave_One_experiments/all_year_offline_schedule_search/daily_outputs/SYA/SYA_2023_SYA2023_normal_grid_S0023_daily.csv
SYA,SYA,Shenyang,2023,Leave_One_experiments\wth_generated_qc\SYA\SYA2023.WTH,normal_year;nitrogen_stress_year;low_response_year,normal,SYA2023_normal_grid_S0023,pareto_balanced,2023-06-16,167,62,57,"{""sim_day"": 62.0, ""doy"": 167.0, ""topwt"": 1058.14697265625, ""grnwt"": 0.0, ""xlai"": 1.3756767511367798, ""totir"": 0.0, ""tofer"": NaN, ""swfac"": 0.0, ""nstres"": 0.0}",0.0,0.0,1058.14697265625,0.0,1.3756767511367798,0.0,,0.0,0.0,40.0,225.0,33.15184326171875,49.15184326171875,Leave_One_experiments/all_year_offline_schedule_search/daily_outputs/SYA/SYA_2023_SYA2023_normal_grid_S0023_daily.csv
SYA,SYA,Shenyang,2023,Leave_One_experiments\wth_generated_qc\SYA\SYA2023.WTH,normal_year;nitrogen_stress_year;low_response_year,normal,SYA2023_normal_grid_S0023,pareto_balanced,2023-06-17,168,63,58,"{""sim_day"": 63.0, ""doy"": 168.0, ""topwt"": 1166.9219970703125, ""grnwt"": 0.0, ""xlai"": 1.470070481300354, ""totir"": 0.0, ""tofer"": NaN, ""swfac"": 0.0, ""nstres"": 0.0}",0.0,0.0,1166.9219970703125,0.0,1.470070481300354,0.0,,0.0,0.0,40.0,225.0,33.15184326171875,49.15184326171875,Leave_One_experiments/all_year_offline_schedule_search/daily_outputs/SYA/SYA_2023_SYA2023_normal_grid_S0023_daily.csv
SYA,SYA,Shenyang,2023,Leave_One_experiments\wth_generated_qc\SYA\SYA2023.WTH,normal_year;nitrogen_stress_year;low_response_year,normal,SYA2023_normal_grid_S0023,pareto_balanced,2023-06-18,169,64,59,"{""sim_day"": 64.0, ""doy"": 169.0, ""topwt"": 1284.3141174316406, ""grnwt"": 0.0, ""xlai"": 1.566048502922058, ""totir"": 0.0, ""tofer"": NaN, ""swfac"": 0.0, ""nstres"": 0.0}",0.0,0.0,1284.3141174316406,0.0,1.566048502922058,0.0,,0.0,0.0,40.0,225.0,33.15184326171875,49.15184326171875,Leave_One_experiments/all_year_offline_schedule_search/daily_outputs/SYA/SYA_2023_SYA2023_normal_grid_S0023_daily.csv
SYA,SYA,Shenyang,2023,Leave_One_experiments\wth_generated_qc\SYA\SYA2023.WTH,normal_year;nitrogen_stress_year;low_response_year,normal,SYA2023_normal_grid_S0023,pareto_balanced,2023-06-19,170,65,60,"{""sim_day"": 65.0, ""doy"": 170.0, ""topwt"": 1380.3744506835938, ""grnwt"": 0.0, ""xlai"": 1.6408361196517944, ""totir"": 0.0, ""tofer"": NaN, ""swfac"": 0.0, ""nstres"": 0.0}",0.0,0.0,1380.3744506835938,0.0,1.6408361196517944,0.0,,0.0,75.0,40.0,225.0,33.15184326171875,49.15184326171875,Leave_One_experiments/all_year_offline_schedule_search/daily_outputs/SYA/SYA_2023_SYA2023_normal_grid_S0023_daily.csv
SYA,SYA,Shenyang,2023,Leave_One_experiments\wth_generated_qc\SYA\SYA2023.WTH,normal_year;nitrogen_stress_year;low_response_year,normal,SYA2023_normal_grid_S0023,pareto_balanced,2023-06-20,171,66,61,"{""sim_day"": 66.0, ""doy"": 171.0, ""topwt"": 1480.009765625, ""grnwt"": 0.0, ""xlai"": 1.7148544788360596, ""totir"": 0.0, ""tofer"": NaN, ""swfac"": 0.0, ""nstres"": 0.0}",0.0,0.0,1480.009765625,0.0,1.7148544788360596,0.0,,0.0,0.0,40.0,225.0,33.15184326171875,49.15184326171875,Leave_One_experiments/all_year_offline_schedule_search/daily_outputs/SYA/SYA_2023_SYA2023_normal_grid_S0023_daily.csv
SYA,SYA,Shenyang,2023,Leave_One_experiments\wth_generated_qc\SYA\SYA2023.WTH,normal_year;nitrogen_stress_year;low_response_year,normal,SYA2023_normal_grid_S0023,pareto_balanced,2023-06-21,172,67,62,"{""sim_day"": 67.0, ""doy"": 172.0, ""topwt"": 1595.926513671875, ""grnwt"": 0.0, ""xlai"": 1.796660542488098, ""totir"": 0.0, ""tofer"": NaN, ""swfac"": 0.0, ""nstres"": 0.0}",0.0,0.0,1595.926513671875,0.0,1.796660542488098,0.0,,0.0,0.0,40.0,225.0,33.15184326171875,49.15184326171875,Leave_One_experiments/all_year_offline_schedule_search/daily_outputs/SYA/SYA_2023_SYA2023_normal_grid_S0023_daily.csv
SYA,SYA,Shenyang,2023,Leave_One_experiments\wth_generated_qc\SYA\SYA2023.WTH,normal_year;nitrogen_stress_year;low_response_year,normal,SYA2023_normal_grid_S0023,pareto_balanced,2023-06-22,173,68,63,"{""sim_day"": 68.0, ""doy"": 173.0, ""topwt"": 1735.9814453125, ""grnwt"": 0.0, ""xlai"": 1.8898791074752808, ""totir"": 0.0, ""tofer"": NaN, ""swfac"": 0.0, ""nstres"": 0.0}",0.0,0.0,1735.9814453125,0.0,1.8898791074752808,0.0,,0.0,0.0,40.0,225.0,33.15184326171875,49.15184326171875,Leave_One_experiments/all_year_offline_schedule_search/daily_outputs/SYA/SYA_2023_SYA2023_normal_grid_S0023_daily.csv
SYA,SYA,Shenyang,2023,Leave_One_experiments\wth_generated_qc\SYA\SYA2023.WTH,normal_year;nitrogen_stress_year;low_response_year,normal,SYA2023_normal_grid_S0023,pareto_balanced,2023-06-23,174,69,64,"{""sim_day"": 69.0, ""doy"": 174.0, ""topwt"": 1899.9557495117188, ""grnwt"": 0.0, ""xlai"": 1.9921772480010984, ""totir"": 0.0, ""tofer"": NaN, ""swfac"": 0.0, ""nstres"": 0.0}",0.0,0.0,1899.9557495117188,0.0,1.9921772480010984,0.0,,0.0,0.0,40.0,225.0,33.15184326171875,49.15184326171875,Leave_One_experiments/all_year_offline_schedule_search/daily_outputs/SYA/SYA_2023_SYA2023_normal_grid_S0023_daily.csv
SYA,SYA,Shenyang,2023,Leave_One_experiments\wth_generated_qc\SYA\SYA2023.WTH,normal_year;nitrogen_stress_year;low_response_year,normal,SYA2023_normal_grid_S0023,pareto_balanced,2023-06-24,175,70,65,"{""sim_day"": 70.0, ""doy"": 175.0, ""topwt"": 2063.367156982422, ""grnwt"": 0.0, ""xlai"": 2.088018655776977, ""totir"": 40.0, ""tofer"": NaN, ""swfac"": 0.0, ""nstres"": 0.0}",0.0,0.0,2063.367156982422,0.0,2.088018655776977,40.0,,40.0,0.0,40.0,225.0,33.15184326171875,49.15184326171875,Leave_One_experiments/all_year_offline_schedule_search/daily_outputs/SYA/SYA_2023_SYA2023_normal_grid_S0023_daily.csv
SYA,SYA,Shenyang,2023,Leave_One_experiments\wth_generated_qc\SYA\SYA2023.WTH,normal_year;nitrogen_stress_year;low_response_year,normal,SYA2023_normal_grid_S0023,pareto_balanced,2023-06-25,176,71,66,"{""sim_day"": 71.0, ""doy"": 176.0, ""topwt"": 2233.6279296875, ""grnwt"": 0.0, ""xlai"": 2.1820571422576904, ""totir"": 40.0, ""tofer"": NaN, ""swfac"": 0.0, ""nstres"": 0.0}",0.0,0.0,2233.6279296875,0.0,2.1820571422576904,40.0,,0.0,0.0,40.0,225.0,33.15184326171875,49.15184326171875,Leave_One_experiments/all_year_offline_schedule_search/daily_outputs/SYA/SYA_2023_SYA2023_normal_grid_S0023_daily.csv
SYA,SYA,Shenyang,2023,Leave_One_experiments\wth_generated_qc\SYA\SYA2023.WTH,normal_year;nitrogen_stress_year;low_response_year,normal,SYA2023_normal_grid_S0023,pareto_balanced,2023-06-26,177,72,67,"{""sim_day"": 72.0, ""doy"": 177.0, ""topwt"": 2407.557373046875, ""grnwt"": 0.0, ""xlai"": 2.272731304168701, ""totir"": 40.0, ""tofer"": NaN, ""swfac"": 0.0, ""nstres"": 0.0}",0.0,0.0,2407.557373046875,0.0,2.272731304168701,40.0,,0.0,0.0,40.0,225.0,33.15184326171875,49.15184326171875,Leave_One_experiments/all_year_offline_schedule_search/daily_outputs/SYA/SYA_2023_SYA2023_normal_grid_S0023_daily.csv
SYA,SYA,Shenyang,2023,Leave_One_experiments\wth_generated_qc\SYA\SYA2023.WTH,normal_year;nitrogen_stress_year;low_response_year,normal,SYA2023_normal_grid_S0023,pareto_balanced,2023-06-27,178,73,68,"{""sim_day"": 73.0, ""doy"": 178.0, ""topwt"": 2597.8253173828125, ""grnwt"": 0.0, ""xlai"": 2.3662679195404053, ""totir"": 40.0, ""tofer"": NaN, ""swfac"": 0.0, ""nstres"": 0.0}",0.0,0.0,2597.8253173828125,0.0,2.3662679195404053,40.0,,0.0,0.0,40.0,225.0,33.15184326171875,49.15184326171875,Leave_One_experiments/all_year_offline_schedule_search/daily_outputs/SYA/SYA_2023_SYA2023_normal_grid_S0023_daily.csv
SYA,SYA,Shenyang,2023,Leave_One_experiments\wth_generated_qc\SYA\SYA2023.WTH,normal_year;nitrogen_stress_year;low_response_year,normal,SYA2023_normal_grid_S0023,pareto_balanced,2023-06-28,179,74,69,"{""sim_day"": 74.0, ""doy"": 179.0, ""topwt"": 2804.8681640625, ""grnwt"": 0.0, ""xlai"": 2.4621481895446777, ""totir"": 40.0, ""tofer"": NaN, ""swfac"": 0.0, ""nstres"": 0.0}",0.0,0.0,2804.8681640625,0.0,2.4621481895446777,40.0,,0.0,0.0,40.0,225.0,33.15184326171875,49.15184326171875,Leave_One_experiments/all_year_offline_schedule_search/daily_outputs/SYA/SYA_2023_SYA2023_normal_grid_S0023_daily.csv
SYA,SYA,Shenyang,2023,Leave_One_experiments\wth_generated_qc\SYA\SYA2023.WTH,normal_year;nitrogen_stress_year;low_response_year,normal,SYA2023_normal_grid_S0023,pareto_balanced,2023-06-29,180,75,70,"{""sim_day"": 75.0, ""doy"": 180.0, ""topwt"": 3193.1216430664062, ""grnwt"": 0.0, ""xlai"": 2.69744873046875, ""totir"": 40.0, ""tofer"": NaN, ""swfac"": 0.0, ""nstres"": 0.0}",0.0,0.0,3193.1216430664062,0.0,2.69744873046875,40.0,,0.0,0.0,40.0,225.0,33.15184326171875,49.15184326171875,Leave_One_experiments/all_year_offline_schedule_search/daily_outputs/SYA/SYA_2023_SYA2023_normal_grid_S0023_daily.csv
SYA,SYA,Shenyang,2023,Leave_One_experiments\wth_generated_qc\SYA\SYA2023.WTH,normal_year;nitrogen_stress_year;low_response_year,normal,SYA2023_normal_grid_S0023,pareto_balanced,2023-06-30,181,76,71,"{""sim_day"": 76.0, ""doy"": 181.0, ""topwt"": 3492.3904418945312, ""grnwt"": 0.0, ""xlai"": 2.833462238311768, ""totir"": 40.0, ""tofer"": NaN, ""swfac"": 0.0, ""nstres"": 0.0}",0.0,0.0,3492.3904418945312,0.0,2.833462238311768,40.0,,0.0,0.0,40.0,225.0,33.15184326171875,49.15184326171875,Leave_One_experiments/all_year_offline_schedule_search/daily_outputs/SYA/SYA_2023_SYA2023_normal_grid_S0023_daily.csv
SYA,SYA,Shenyang,2023,Leave_One_experiments\wth_generated_qc\SYA\SYA2023.WTH,normal_year;nitrogen_stress_year;low_response_year,normal,SYA2023_normal_grid_S0023,pareto_balanced,2023-07-01,182,77,72,"{""sim_day"": 77.0, ""doy"": 182.0, ""topwt"": 3763.696594238281, ""grnwt"": 0.0, ""xlai"": 2.9389045238494877, ""totir"": 40.0, ""tofer"": NaN, ""swfac"": 0.0, ""nstres"": 0.0}",0.0,0.0,3763.696594238281,0.0,2.9389045238494877,40.0,,0.0,0.0,40.0,225.0,33.15184326171875,49.15184326171875,Leave_One_experiments/all_year_offline_schedule_search/daily_outputs/SYA/SYA_2023_SYA2023_normal_grid_S0023_daily.csv
SYA,SYA,Shenyang,2023,Leave_One_experiments\wth_generated_qc\SYA\SYA2023.WTH,normal_year;nitrogen_stress_year;low_response_year,normal,SYA2023_normal_grid_S0023,pareto_balanced,2023-07-02,183,78,73,"{""sim_day"": 78.0, ""doy"": 183.0, ""topwt"": 3994.150695800781, ""grnwt"": 0.0, ""xlai"": 3.01986026763916, ""totir"": 40.0, ""tofer"": NaN, ""swfac"": 0.0, ""nstres"": 0.0}",0.0,0.0,3994.150695800781,0.0,3.01986026763916,40.0,,0.0,0.0,40.0,225.0,33.15184326171875,49.15184326171875,Leave_One_experiments/all_year_offline_schedule_search/daily_outputs/SYA/SYA_2023_SYA2023_normal_grid_S0023_daily.csv
SYA,SYA,Shenyang,2023,Leave_One_experiments\wth_generated_qc\SYA\SYA2023.WTH,normal_year;nitrogen_stress_year;low_response_year,normal,SYA2023_normal_grid_S0023,pareto_balanced,2023-07-03,184,79,74,"{""sim_day"": 79.0, ""doy"": 184.0, ""topwt"": 4149.935302734375, ""grnwt"": 0.0, ""xlai"": 3.0702133178710938, ""totir"": 40.0, ""tofer"": NaN, ""swfac"": 0.0, ""nstres"": 0.0}",0.0,0.0,4149.935302734375,0.0,3.0702133178710938,40.0,,0.0,0.0,40.0,225.0,33.15184326171875,49.15184326171875,Leave_One_experiments/all_year_offline_schedule_search/daily_outputs/SYA/SYA_2023_SYA2023_normal_grid_S0023_daily.csv
SYA,SYA,Shenyang,2023,Leave_One_experiments\wth_generated_qc\SYA\SYA2023.WTH,normal_year;nitrogen_stress_year;low_response_year,normal,SYA2023_normal_grid_S0023,pareto_balanced,2023-07-04,185,80,75,"{""sim_day"": 80.0, ""doy"": 185.0, ""topwt"": 4352.3834228515625, ""grnwt"": 0.0, ""xlai"": 3.131718158721924, ""totir"": 40.0, ""tofer"": NaN, ""swfac"": 0.0, ""nstres"": 0.0}",0.0,0.0,4352.3834228515625,0.0,3.131718158721924,40.0,,0.0,0.0,40.0,225.0,33.15184326171875,49.15184326171875,Leave_One_experiments/all_year_offline_schedule_search/daily_outputs/SYA/SYA_2023_SYA2023_normal_grid_S0023_daily.csv
SYA,SYA,Shenyang,2023,Leave_One_experiments\wth_generated_qc\SYA\SYA2023.WTH,normal_year;nitrogen_stress_year;low_response_year,normal,SYA2023_normal_grid_S0023,pareto_balanced,2023-07-05,186,81,76,"{""sim_day"": 81.0, ""doy"": 186.0, ""topwt"": 4576.896362304688, ""grnwt"": 0.0, ""xlai"": 3.195617198944092, ""totir"": 40.0, ""tofer"": NaN, ""swfac"": 0.0, ""nstres"": 0.0}",0.0,0.0,4576.896362304688,0.0,3.195617198944092,40.0,,0.0,0.0,40.0,225.0,33.15184326171875,49.15184326171875,Leave_One_experiments/all_year_offline_schedule_search/daily_outputs/SYA/SYA_2023_SYA2023_normal_grid_S0023_daily.csv
SYA,SYA,Shenyang,2023,Leave_One_experiments\wth_generated_qc\SYA\SYA2023.WTH,normal_year;nitrogen_stress_year;low_response_year,normal,SYA2023_normal_grid_S0023,pareto_balanced,2023-07-06,187,82,77,"{""sim_day"": 82.0, ""doy"": 187.0, ""topwt"": 4767.667846679688, ""grnwt"": 0.0, ""xlai"": 3.2472951412200928, ""totir"": 40.0, ""tofer"": NaN, ""swfac"": 0.0, ""nstres"": 0.0}",0.0,0.0,4767.667846679688,0.0,3.2472951412200928,40.0,,0.0,0.0,40.0,225.0,33.15184326171875,49.15184326171875,Leave_One_experiments/all_year_offline_schedule_search/daily_outputs/SYA/SYA_2023_SYA2023_normal_grid_S0023_daily.csv
SYA,SYA,Shenyang,2023,Leave_One_experiments\wth_generated_qc\SYA\SYA2023.WTH,normal_year;nitrogen_stress_year;low_response_year,normal,SYA2023_normal_grid_S0023,pareto_balanced,2023-07-07,188,83,78,"{""sim_day"": 83.0, ""doy"": 188.0, ""topwt"": 4962.373046875, ""grnwt"": 0.0, ""xlai"": 3.2978029251098637, ""totir"": 40.0, ""tofer"": NaN, ""swfac"": 0.0, ""nstres"": 0.0}",0.0,0.0,4962.373046875,0.0,3.2978029251098637,40.0,,0.0,0.0,40.0,225.0,33.15184326171875,49.15184326171875,Leave_One_experiments/all_year_offline_schedule_search/daily_outputs/SYA/SYA_2023_SYA2023_normal_grid_S0023_daily.csv
SYA,SYA,Shenyang,2023,Leave_One_experiments\wth_generated_qc\SYA\SYA2023.WTH,normal_year;nitrogen_stress_year;low_response_year,normal,SYA2023_normal_grid_S0023,pareto_balanced,2023-07-08,189,84,79,"{""sim_day"": 84.0, ""doy"": 189.0, ""topwt"": 5158.4063720703125, ""grnwt"": 0.0, ""xlai"": 3.3466529846191406, ""totir"": 40.0, ""tofer"": NaN, ""swfac"": 0.0, ""nstres"": 0.0}",0.0,0.0,5158.4063720703125,0.0,3.3466529846191406,40.0,,0.0,0.0,40.0,225.0,33.15184326171875,49.15184326171875,Leave_One_experiments/all_year_offline_schedule_search/daily_outputs/SYA/SYA_2023_SYA2023_normal_grid_S0023_daily.csv
SYA,SYA,Shenyang,2023,Leave_One_experiments\wth_generated_qc\SYA\SYA2023.WTH,normal_year;nitrogen_stress_year;low_response_year,normal,SYA2023_normal_grid_S0023,pareto_balanced,2023-07-09,190,85,80,"{""sim_day"": 85.0, ""doy"": 190.0, ""topwt"": 5365.245971679688, ""grnwt"": 0.0, ""xlai"": 3.3962323665618896, ""totir"": 40.0, ""tofer"": NaN, ""swfac"": 0.0, ""nstres"": 0.0}",0.0,0.0,5365.245971679688,0.0,3.3962323665618896,40.0,,0.0,0.0,40.0,225.0,33.15184326171875,49.15184326171875,Leave_One_experiments/all_year_offline_schedule_search/daily_outputs/SYA/SYA_2023_SYA2023_normal_grid_S0023_daily.csv
SYA,SYA,Shenyang,2023,Leave_One_experiments\wth_generated_qc\SYA\SYA2023.WTH,normal_year;nitrogen_stress_year;low_response_year,normal,SYA2023_normal_grid_S0023,pareto_balanced,2023-07-10,191,86,81,"{""sim_day"": 86.0, ""doy"": 191.0, ""topwt"": 5547.8521728515625, ""grnwt"": 0.0, ""xlai"": 3.439922571182251, ""totir"": 40.0, ""tofer"": NaN, ""swfac"": 0.0, ""nstres"": 0.0}",0.0,0.0,5547.8521728515625,0.0,3.439922571182251,40.0,,0.0,0.0,40.0,225.0,33.15184326171875,49.15184326171875,Leave_One_experiments/all_year_offline_schedule_search/daily_outputs/SYA/SYA_2023_SYA2023_normal_grid_S0023_daily.csv
SYA,SYA,Shenyang,2023,Leave_One_experiments\wth_generated_qc\SYA\SYA2023.WTH,normal_year;nitrogen_stress_year;low_response_year,normal,SYA2023_normal_grid_S0023,pareto_balanced,2023-07-11,192,87,82,"{""sim_day"": 87.0, ""doy"": 192.0, ""topwt"": 5744.4927978515625, ""grnwt"": 0.0, ""xlai"": 3.486953020095825, ""totir"": 40.0, ""tofer"": NaN, ""swfac"": 0.0, ""nstres"": 0.0}",0.0,0.0,5744.4927978515625,0.0,3.486953020095825,40.0,,0.0,0.0,40.0,225.0,33.15184326171875,49.15184326171875,Leave_One_experiments/all_year_offline_schedule_search/daily_outputs/SYA/SYA_2023_SYA2023_normal_grid_S0023_daily.csv
SYA,SYA,Shenyang,2023,Leave_One_experiments\wth_generated_qc\SYA\SYA2023.WTH,normal_year;nitrogen_stress_year;low_response_year,normal,SYA2023_normal_grid_S0023,pareto_balanced,2023-07-12,193,88,83,"{""sim_day"": 88.0, ""doy"": 193.0, ""topwt"": 5895.1898193359375, ""grnwt"": 0.0, ""xlai"": 3.522883176803589, ""totir"": 40.0, ""tofer"": NaN, ""swfac"": 0.0, ""nstres"": 0.0}",0.0,0.0,5895.1898193359375,0.0,3.522883176803589,40.0,,0.0,0.0,40.0,225.0,33.15184326171875,49.15184326171875,Leave_One_experiments/all_year_offline_schedule_search/daily_outputs/SYA/SYA_2023_SYA2023_normal_grid_S0023_daily.csv
SYA,SYA,Shenyang,2023,Leave_One_experiments\wth_generated_qc\SYA\SYA2023.WTH,normal_year;nitrogen_stress_year;low_response_year,normal,SYA2023_normal_grid_S0023,pareto_balanced,2023-07-13,194,89,84,"{""sim_day"": 89.0, ""doy"": 194.0, ""topwt"": 6047.210693359375, ""grnwt"": 0.0, ""xlai"": 3.5591049194335938, ""totir"": 40.0, ""tofer"": NaN, ""swfac"": 0.0, ""nstres"": 0.0}",0.0,0.0,6047.210693359375,0.0,3.5591049194335938,40.0,,0.0,0.0,40.0,225.0,33.15184326171875,49.15184326171875,Leave_One_experiments/all_year_offline_schedule_search/daily_outputs/SYA/SYA_2023_SYA2023_normal_grid_S0023_daily.csv
SYA,SYA,Shenyang,2023,Leave_One_experiments\wth_generated_qc\SYA\SYA2023.WTH,normal_year;nitrogen_stress_year;low_response_year,normal,SYA2023_normal_grid_S0023,pareto_balanced,2023-07-14,195,90,85,"{""sim_day"": 90.0, ""doy"": 195.0, ""topwt"": 6171.891479492188, ""grnwt"": 0.0, ""xlai"": 3.5887253284454346, ""totir"": 40.0, ""tofer"": NaN, ""swfac"": 0.0, ""nstres"": 0.0}",0.0,0.0,6171.891479492188,0.0,3.5887253284454346,40.0,,0.0,0.0,40.0,225.0,33.15184326171875,49.15184326171875,Leave_One_experiments/all_year_offline_schedule_search/daily_outputs/SYA/SYA_2023_SYA2023_normal_grid_S0023_daily.csv
SYA,SYA,Shenyang,2023,Leave_One_experiments\wth_generated_qc\SYA\SYA2023.WTH,normal_year;nitrogen_stress_year;low_response_year,normal,SYA2023_normal_grid_S0023,pareto_balanced,2023-07-15,196,91,86,"{""sim_day"": 91.0, ""doy"": 196.0, ""topwt"": 6281.0205078125, ""grnwt"": 0.0, ""xlai"": 3.614588975906372, ""totir"": 40.0, ""tofer"": NaN, ""swfac"": 0.0, ""nstres"": 0.0}",0.0,0.0,6281.0205078125,0.0,3.614588975906372,40.0,,0.0,0.0,40.0,225.0,33.15184326171875,49.15184326171875,Leave_One_experiments/all_year_offline_schedule_search/daily_outputs/SYA/SYA_2023_SYA2023_normal_grid_S0023_daily.csv
SYA,SYA,Shenyang,2023,Leave_One_experiments\wth_generated_qc\SYA\SYA2023.WTH,normal_year;nitrogen_stress_year;low_response_year,normal,SYA2023_normal_grid_S0023,pareto_balanced,2023-07-16,197,92,87,"{""sim_day"": 92.0, ""doy"": 197.0, ""topwt"": 6701.6046142578125, ""grnwt"": 0.0, ""xlai"": 3.4420242309570312, ""totir"": 40.0, ""tofer"": NaN, ""swfac"": 0.0, ""nstres"": 0.0}",0.0,0.0,6701.6046142578125,0.0,3.4420242309570312,40.0,,0.0,0.0,40.0,225.0,33.15184326171875,49.15184326171875,Leave_One_experiments/all_year_offline_schedule_search/daily_outputs/SYA/SYA_2023_SYA2023_normal_grid_S0023_daily.csv
SYA,SYA,Shenyang,2023,Leave_One_experiments\wth_generated_qc\SYA\SYA2023.WTH,normal_year;nitrogen_stress_year;low_response_year,normal,SYA2023_normal_grid_S0023,pareto_balanced,2023-07-17,198,93,88,"{""sim_day"": 93.0, ""doy"": 198.0, ""topwt"": 7138.3587646484375, ""grnwt"": 0.0, ""xlai"": 3.4259822368621826, ""totir"": 40.0, ""tofer"": NaN, ""swfac"": 0.0, ""nstres"": 0.0}",0.0,0.0,7138.3587646484375,0.0,3.4259822368621826,40.0,,0.0,0.0,40.0,225.0,33.15184326171875,49.15184326171875,Leave_One_experiments/all_year_offline_schedule_search/daily_outputs/SYA/SYA_2023_SYA2023_normal_grid_S0023_daily.csv
SYA,SYA,Shenyang,2023,Leave_One_experiments\wth_generated_qc\SYA\SYA2023.WTH,normal_year;nitrogen_stress_year;low_response_year,normal,SYA2023_normal_grid_S0023,pareto_balanced,2023-07-18,199,94,89,"{""sim_day"": 94.0, ""doy"": 199.0, ""topwt"": 7533.787841796875, ""grnwt"": 0.0, ""xlai"": 3.4093494415283203, ""totir"": 40.0, ""tofer"": NaN, ""swfac"": 0.0, ""nstres"": 0.0}",0.0,0.0,7533.787841796875,0.0,3.4093494415283203,40.0,,0.0,0.0,40.0,225.0,33.15184326171875,49.15184326171875,Leave_One_experiments/all_year_offline_schedule_search/daily_outputs/SYA/SYA_2023_SYA2023_normal_grid_S0023_daily.csv
SYA,SYA,Shenyang,2023,Leave_One_experiments\wth_generated_qc\SYA\SYA2023.WTH,normal_year;nitrogen_stress_year;low_response_year,normal,SYA2023_normal_grid_S0023,pareto_balanced,2023-07-19,200,95,90,"{""sim_day"": 95.0, ""doy"": 200.0, ""topwt"": 7929.442749023437, ""grnwt"": 0.0, ""xlai"": 3.391853094100952, ""totir"": 40.0, ""tofer"": NaN, ""swfac"": 0.0, ""nstres"": 0.0}",0.0,0.0,7929.442749023437,0.0,3.391853094100952,40.0,,0.0,0.0,40.0,225.0,33.15184326171875,49.15184326171875,Leave_One_experiments/all_year_offline_schedule_search/daily_outputs/SYA/SYA_2023_SYA2023_normal_grid_S0023_daily.csv
SYA,SYA,Shenyang,2023,Leave_One_experiments\wth_generated_qc\SYA\SYA2023.WTH,normal_year;nitrogen_stress_year;low_response_year,normal,SYA2023_normal_grid_S0023,pareto_balanced,2023-07-20,201,96,91,"{""sim_day"": 96.0, ""doy"": 201.0, ""topwt"": 8270.978393554688, ""grnwt"": 0.0, ""xlai"": 3.373993158340454, ""totir"": 40.0, ""tofer"": NaN, ""swfac"": 0.0, ""nstres"": 0.0}",0.0,0.0,8270.978393554688,0.0,3.373993158340454,40.0,,0.0,0.0,40.0,225.0,33.15184326171875,49.15184326171875,Leave_One_experiments/all_year_offline_schedule_search/daily_outputs/SYA/SYA_2023_SYA2023_normal_grid_S0023_daily.csv
SYA,SYA,Shenyang,2023,Leave_One_experiments\wth_generated_qc\SYA\SYA2023.WTH,normal_year;nitrogen_stress_year;low_response_year,normal,SYA2023_normal_grid_S0023,pareto_balanced,2023-07-21,202,97,92,"{""sim_day"": 97.0, ""doy"": 202.0, ""topwt"": 8284.312133789062, ""grnwt"": 0.0, ""xlai"": 3.357997179031372, ""totir"": 40.0, ""tofer"": NaN, ""swfac"": 0.0, ""nstres"": 0.0}",0.0,0.0,8284.312133789062,0.0,3.357997179031372,40.0,,0.0,0.0,40.0,225.0,33.15184326171875,49.15184326171875,Leave_One_experiments/all_year_offline_schedule_search/daily_outputs/SYA/SYA_2023_SYA2023_normal_grid_S0023_daily.csv
SYA,SYA,Shenyang,2023,Leave_One_experiments\wth_generated_qc\SYA\SYA2023.WTH,normal_year;nitrogen_stress_year;low_response_year,normal,SYA2023_normal_grid_S0023,pareto_balanced,2023-07-22,203,98,93,"{""sim_day"": 98.0, ""doy"": 203.0, ""topwt"": 8450.142822265625, ""grnwt"": 0.0, ""xlai"": 3.342545986175537, ""totir"": 40.0, ""tofer"": NaN, ""swfac"": 0.0, ""nstres"": 0.0}",0.0,0.0,8450.142822265625,0.0,3.342545986175537,40.0,,0.0,0.0,40.0,225.0,33.15184326171875,49.15184326171875,Leave_One_experiments/all_year_offline_schedule_search/daily_outputs/SYA/SYA_2023_SYA2023_normal_grid_S0023_daily.csv
SYA,SYA,Shenyang,2023,Leave_One_experiments\wth_generated_qc\SYA\SYA2023.WTH,normal_year;nitrogen_stress_year;low_response_year,normal,SYA2023_normal_grid_S0023,pareto_balanced,2023-07-23,204,99,94,"{""sim_day"": 99.0, ""doy"": 204.0, ""topwt"": 8836.50390625, ""grnwt"": 0.0, ""xlai"": 3.32645845413208, ""totir"": 40.0, ""tofer"": NaN, ""swfac"": 0.0, ""nstres"": 0.0}",0.0,0.0,8836.50390625,0.0,3.32645845413208,40.0,,0.0,0.0,40.0,225.0,33.15184326171875,49.15184326171875,Leave_One_experiments/all_year_offline_schedule_search/daily_outputs/SYA/SYA_2023_SYA2023_normal_grid_S0023_daily.csv
SYA,SYA,Shenyang,2023,Leave_One_experiments\wth_generated_qc\SYA\SYA2023.WTH,normal_year;nitrogen_stress_year;low_response_year,normal,SYA2023_normal_grid_S0023,pareto_balanced,2023-07-24,205,100,95,"{""sim_day"": 100.0, ""doy"": 205.0, ""topwt"": 9071.878051757812, ""grnwt"": 0.0, ""xlai"": 3.309098720550537, ""totir"": 40.0, ""tofer"": NaN, ""swfac"": 0.0, ""nstres"": 0.0}",0.0,0.0,9071.878051757812,0.0,3.309098720550537,40.0,,0.0,0.0,40.0,225.0,33.15184326171875,49.15184326171875,Leave_One_experiments/all_year_offline_schedule_search/daily_outputs/SYA/SYA_2023_SYA2023_normal_grid_S0023_daily.csv
SYA,SYA,Shenyang,2023,Leave_One_experiments\wth_generated_qc\SYA\SYA2023.WTH,normal_year;nitrogen_stress_year;low_response_year,normal,SYA2023_normal_grid_S0023,pareto_balanced,2023-07-25,206,101,96,"{""sim_day"": 101.0, ""doy"": 206.0, ""topwt"": 9425.836181640623, ""grnwt"": 353.95782470703125, ""xlai"": 3.247004985809326, ""totir"": 40.0, ""tofer"": NaN, ""swfac"": 0.0, ""nstres"": 0.0}",0.0,0.0,9425.836181640623,353.95782470703125,3.247004985809326,40.0,,0.0,0.0,40.0,225.0,33.15184326171875,49.15184326171875,Leave_One_experiments/all_year_offline_schedule_search/daily_outputs/SYA/SYA_2023_SYA2023_normal_grid_S0023_daily.csv
SYA,SYA,Shenyang,2023,Leave_One_experiments\wth_generated_qc\SYA\SYA2023.WTH,normal_year;nitrogen_stress_year;low_response_year,normal,SYA2023_normal_grid_S0023,pareto_balanced,2023-07-26,207,102,97,"{""sim_day"": 102.0, ""doy"": 207.0, ""topwt"": 9726.700439453123, ""grnwt"": 654.8219299316406, ""xlai"": 3.23750114440918, ""totir"": 40.0, ""tofer"": NaN, ""swfac"": 0.0, ""nstres"": 0.0}",0.0,0.0,9726.700439453123,654.8219299316406,3.23750114440918,40.0,,0.0,0.0,40.0,225.0,33.15184326171875,49.15184326171875,Leave_One_experiments/all_year_offline_schedule_search/daily_outputs/SYA/SYA_2023_SYA2023_normal_grid_S0023_daily.csv
SYA,SYA,Shenyang,2023,Leave_One_experiments\wth_generated_qc\SYA\SYA2023.WTH,normal_year;nitrogen_stress_year;low_response_year,normal,SYA2023_normal_grid_S0023,pareto_balanced,2023-07-27,208,103,98,"{""sim_day"": 103.0, ""doy"": 208.0, ""topwt"": 10040.838623046877, ""grnwt"": 968.9594268798828, ""xlai"": 3.2260406017303467, ""totir"": 40.0, ""tofer"": NaN, ""swfac"": 0.0, ""nstres"": 0.0}",0.0,0.0,10040.838623046877,968.9594268798828,3.2260406017303467,40.0,,0.0,0.0,40.0,225.0,33.15184326171875,49.15184326171875,Leave_One_experiments/all_year_offline_schedule_search/daily_outputs/SYA/SYA_2023_SYA2023_normal_grid_S0023_daily.csv
SYA,SYA,Shenyang,2023,Leave_One_experiments\wth_generated_qc\SYA\SYA2023.WTH,normal_year;nitrogen_stress_year;low_response_year,normal,SYA2023_normal_grid_S0023,pareto_balanced,2023-07-28,209,104,99,"{""sim_day"": 104.0, ""doy"": 209.0, ""topwt"": 10275.80322265625, ""grnwt"": 1311.8560791015625, ""xlai"": 3.212775230407715, ""totir"": 40.0, ""tofer"": NaN, ""swfac"": 0.0, ""nstres"": 0.0}",0.0,0.0,10275.80322265625,1311.8560791015625,3.212775230407715,40.0,,0.0,0.0,40.0,225.0,33.15184326171875,49.15184326171875,Leave_One_experiments/all_year_offline_schedule_search/daily_outputs/SYA/SYA_2023_SYA2023_normal_grid_S0023_daily.csv
SYA,SYA,Shenyang,2023,Leave_One_experiments\wth_generated_qc\SYA\SYA2023.WTH,normal_year;nitrogen_stress_year;low_response_year,normal,SYA2023_normal_grid_S0023,pareto_balanced,2023-07-29,210,105,100,"{""sim_day"": 105.0, ""doy"": 210.0, ""topwt"": 10361.1572265625, ""grnwt"": 1665.8139038085938, ""xlai"": 3.1986522674560547, ""totir"": 40.0, ""tofer"": NaN, ""swfac"": 0.0, ""nstres"": 0.0}",0.0,0.0,10361.1572265625,1665.8139038085938,3.1986522674560547,40.0,,0.0,0.0,40.0,225.0,33.15184326171875,49.15184326171875,Leave_One_experiments/all_year_offline_schedule_search/daily_outputs/SYA/SYA_2023_SYA2023_normal_grid_S0023_daily.csv
SYA,SYA,Shenyang,2023,Leave_One_experiments\wth_generated_qc\SYA\SYA2023.WTH,normal_year;nitrogen_stress_year;low_response_year,normal,SYA2023_normal_grid_S0023,pareto_balanced,2023-07-30,211,106,101,"{""sim_day"": 106.0, ""doy"": 211.0, ""topwt"": 10769.691162109377, ""grnwt"": 2019.7715759277344, ""xlai"": 3.181556224822998, ""totir"": 40.0, ""tofer"": NaN, ""swfac"": 0.0, ""nstres"": 0.0}",0.0,0.0,10769.691162109377,2019.7715759277344,3.181556224822998,40.0,,0.0,0.0,40.0,225.0,33.15184326171875,49.15184326171875,Leave_One_experiments/all_year_offline_schedule_search/daily_outputs/SYA/SYA_2023_SYA2023_normal_grid_S0023_daily.csv
SYA,SYA,Shenyang,2023,Leave_One_experiments\wth_generated_qc\SYA\SYA2023.WTH,normal_year;nitrogen_stress_year;low_response_year,normal,SYA2023_normal_grid_S0023,pareto_balanced,2023-07-31,212,107,102,"{""sim_day"": 107.0, ""doy"": 212.0, ""topwt"": 11109.208984375, ""grnwt"": 2327.272491455078, ""xlai"": 3.160172700881958, ""totir"": 40.0, ""tofer"": NaN, ""swfac"": 0.0, ""nstres"": 0.0}",0.0,0.0,11109.208984375,2327.272491455078,3.160172700881958,40.0,,0.0,0.0,40.0,225.0,33.15184326171875,49.15184326171875,Leave_One_experiments/all_year_offline_schedule_search/daily_outputs/SYA/SYA_2023_SYA2023_normal_grid_S0023_daily.csv
SYA,SYA,Shenyang,2023,Leave_One_experiments\wth_generated_qc\SYA\SYA2023.WTH,normal_year;nitrogen_stress_year;low_response_year,normal,SYA2023_normal_grid_S0023,pareto_balanced,2023-08-01,213,108,103,"{""sim_day"": 108.0, ""doy"": 213.0, ""topwt"": 11437.904052734377, ""grnwt"": 2621.499938964844, ""xlai"": 3.135267972946167, ""totir"": 40.0, ""tofer"": NaN, ""swfac"": 0.0, ""nstres"": 0.0}",0.0,0.0,11437.904052734377,2621.499938964844,3.135267972946167,40.0,,0.0,0.0,40.0,225.0,33.15184326171875,49.15184326171875,Leave_One_experiments/all_year_offline_schedule_search/daily_outputs/SYA/SYA_2023_SYA2023_normal_grid_S0023_daily.csv
SYA,SYA,Shenyang,2023,Leave_One_experiments\wth_generated_qc\SYA\SYA2023.WTH,normal_year;nitrogen_stress_year;low_response_year,normal,SYA2023_normal_grid_S0023,pareto_balanced,2023-08-02,214,109,104,"{""sim_day"": 109.0, ""doy"": 214.0, ""topwt"": 11722.83447265625, ""grnwt"": 2840.511474609375, ""xlai"": 3.104384660720825, ""totir"": 40.0, ""tofer"": NaN, ""swfac"": 0.0, ""nstres"": 0.0}",0.0,0.0,11722.83447265625,2840.511474609375,3.104384660720825,40.0,,0.0,0.0,40.0,225.0,33.15184326171875,49.15184326171875,Leave_One_experiments/all_year_offline_schedule_search/daily_outputs/SYA/SYA_2023_SYA2023_normal_grid_S0023_daily.csv
SYA,SYA,Shenyang,2023,Leave_One_experiments\wth_generated_qc\SYA\SYA2023.WTH,normal_year;nitrogen_stress_year;low_response_year,normal,SYA2023_normal_grid_S0023,pareto_balanced,2023-08-03,215,110,105,"{""sim_day"": 110.0, ""doy"": 215.0, ""topwt"": 11874.7314453125, ""grnwt"": 3081.6452026367188, ""xlai"": 3.0700182914733887, ""totir"": 40.0, ""tofer"": NaN, ""swfac"": 0.0, ""nstres"": 0.0}",0.0,0.0,11874.7314453125,3081.6452026367188,3.0700182914733887,40.0,,0.0,0.0,40.0,225.0,33.15184326171875,49.15184326171875,Leave_One_experiments/all_year_offline_schedule_search/daily_outputs/SYA/SYA_2023_SYA2023_normal_grid_S0023_daily.csv
SYA,SYA,Shenyang,2023,Leave_One_experiments\wth_generated_qc\SYA\SYA2023.WTH,normal_year;nitrogen_stress_year;low_response_year,normal,SYA2023_normal_grid_S0023,pareto_balanced,2023-08-04,216,111,106,"{""sim_day"": 111.0, ""doy"": 216.0, ""topwt"": 12204.46044921875, ""grnwt"": 3435.60302734375, ""xlai"": 3.041021585464477, ""totir"": 40.0, ""tofer"": NaN, ""swfac"": 0.0, ""nstres"": 0.0}",0.0,0.0,12204.46044921875,3435.60302734375,3.041021585464477,40.0,,0.0,0.0,40.0,225.0,33.15184326171875,49.15184326171875,Leave_One_experiments/all_year_offline_schedule_search/daily_outputs/SYA/SYA_2023_SYA2023_normal_grid_S0023_daily.csv
SYA,SYA,Shenyang,2023,Leave_One_experiments\wth_generated_qc\SYA\SYA2023.WTH,normal_year;nitrogen_stress_year;low_response_year,normal,SYA2023_normal_grid_S0023,pareto_balanced,2023-08-05,217,112,107,"{""sim_day"": 112.0, ""doy"": 217.0, ""topwt"": 12445.38330078125, ""grnwt"": 3789.560852050781, ""xlai"": 3.0174670219421387, ""totir"": 40.0, ""tofer"": NaN, ""swfac"": 0.0, ""nstres"": 0.0}",0.0,0.0,12445.38330078125,3789.560852050781,3.0174670219421387,40.0,,0.0,0.0,40.0,225.0,33.15184326171875,49.15184326171875,Leave_One_experiments/all_year_offline_schedule_search/daily_outputs/SYA/SYA_2023_SYA2023_normal_grid_S0023_daily.csv
SYA,SYA,Shenyang,2023,Leave_One_experiments\wth_generated_qc\SYA\SYA2023.WTH,normal_year;nitrogen_stress_year;low_response_year,normal,SYA2023_normal_grid_S0023,pareto_balanced,2023-08-06,218,113,108,"{""sim_day"": 113.0, ""doy"": 218.0, ""topwt"": 12804.576416015623, ""grnwt"": 4143.5186767578125, ""xlai"": 2.9898293018341064, ""totir"": 40.0, ""tofer"": NaN, ""swfac"": 0.0, ""nstres"": 0.0}",0.0,0.0,12804.576416015623,4143.5186767578125,2.9898293018341064,40.0,,0.0,0.0,40.0,225.0,33.15184326171875,49.15184326171875,Leave_One_experiments/all_year_offline_schedule_search/daily_outputs/SYA/SYA_2023_SYA2023_normal_grid_S0023_daily.csv
SYA,SYA,Shenyang,2023,Leave_One_experiments\wth_generated_qc\SYA\SYA2023.WTH,normal_year;nitrogen_stress_year;low_response_year,normal,SYA2023_normal_grid_S0023,pareto_balanced,2023-08-07,219,114,109,"{""sim_day"": 114.0, ""doy"": 219.0, ""topwt"": 13225.15625, ""grnwt"": 4497.476501464844, ""xlai"": 2.9536495208740234, ""totir"": 40.0, ""tofer"": NaN, ""swfac"": 0.0, ""nstres"": 0.0}",0.0,0.0,13225.15625,4497.476501464844,2.9536495208740234,40.0,,0.0,0.0,40.0,225.0,33.15184326171875,49.15184326171875,Leave_One_experiments/all_year_offline_schedule_search/daily_outputs/SYA/SYA_2023_SYA2023_normal_grid_S0023_daily.csv
SYA,SYA,Shenyang,2023,Leave_One_experiments\wth_generated_qc\SYA\SYA2023.WTH,normal_year;nitrogen_stress_year;low_response_year,normal,SYA2023_normal_grid_S0023,pareto_balanced,2023-08-08,220,115,110,"{""sim_day"": 115.0, ""doy"": 220.0, ""topwt"": 13629.722900390623, ""grnwt"": 4851.434020996094, ""xlai"": 2.9130125045776367, ""totir"": 40.0, ""tofer"": NaN, ""swfac"": 0.0, ""nstres"": 0.0}",0.0,0.0,13629.722900390623,4851.434020996094,2.9130125045776367,40.0,,0.0,0.0,40.0,225.0,33.15184326171875,49.15184326171875,Leave_One_experiments/all_year_offline_schedule_search/daily_outputs/SYA/SYA_2023_SYA2023_normal_grid_S0023_daily.csv
SYA,SYA,Shenyang,2023,Leave_One_experiments\wth_generated_qc\SYA\SYA2023.WTH,normal_year;nitrogen_stress_year;low_response_year,normal,SYA2023_normal_grid_S0023,pareto_balanced,2023-08-09,221,116,111,"{""sim_day"": 116.0, ""doy"": 221.0, ""topwt"": 14015.439453125, ""grnwt"": 5205.391845703125, ""xlai"": 2.872137546539306, ""totir"": 40.0, ""tofer"": NaN, ""swfac"": 0.0, ""nstres"": 0.0}",0.0,0.0,14015.439453125,5205.391845703125,2.872137546539306,40.0,,0.0,0.0,40.0,225.0,33.15184326171875,49.15184326171875,Leave_One_experiments/all_year_offline_schedule_search/daily_outputs/SYA/SYA_2023_SYA2023_normal_grid_S0023_daily.csv
SYA,SYA,Shenyang,2023,Leave_One_experiments\wth_generated_qc\SYA\SYA2023.WTH,normal_year;nitrogen_stress_year;low_response_year,normal,SYA2023_normal_grid_S0023,pareto_balanced,2023-08-10,222,117,112,"{""sim_day"": 117.0, ""doy"": 222.0, ""topwt"": 14211.083984375, ""grnwt"": 5559.3499755859375, ""xlai"": 2.8271255493164062, ""totir"": 40.0, ""tofer"": NaN, ""swfac"": 0.0, ""nstres"": 0.0}",0.0,0.0,14211.083984375,5559.3499755859375,2.8271255493164062,40.0,,0.0,0.0,40.0,225.0,33.15184326171875,49.15184326171875,Leave_One_experiments/all_year_offline_schedule_search/daily_outputs/SYA/SYA_2023_SYA2023_normal_grid_S0023_daily.csv
SYA,SYA,Shenyang,2023,Leave_One_experiments\wth_generated_qc\SYA\SYA2023.WTH,normal_year;nitrogen_stress_year;low_response_year,normal,SYA2023_normal_grid_S0023,pareto_balanced,2023-08-11,223,118,113,"{""sim_day"": 118.0, ""doy"": 223.0, ""topwt"": 14312.188720703123, ""grnwt"": 5913.30810546875, ""xlai"": 2.778702735900879, ""totir"": 40.0, ""tofer"": NaN, ""swfac"": 0.0, ""nstres"": 0.0}",0.0,0.0,14312.188720703123,5913.30810546875,2.778702735900879,40.0,,0.0,0.0,40.0,225.0,33.15184326171875,49.15184326171875,Leave_One_experiments/all_year_offline_schedule_search/daily_outputs/SYA/SYA_2023_SYA2023_normal_grid_S0023_daily.csv
SYA,SYA,Shenyang,2023,Leave_One_experiments\wth_generated_qc\SYA\SYA2023.WTH,normal_year;nitrogen_stress_year;low_response_year,normal,SYA2023_normal_grid_S0023,pareto_balanced,2023-08-12,224,119,114,"{""sim_day"": 119.0, ""doy"": 224.0, ""topwt"": 14368.0615234375, ""grnwt"": 6267.265625, ""xlai"": 2.7321271896362305, ""totir"": 40.0, ""tofer"": NaN, ""swfac"": 0.0, ""nstres"": 0.0}",0.0,0.0,14368.0615234375,6267.265625,2.7321271896362305,40.0,,0.0,0.0,40.0,225.0,33.15184326171875,49.15184326171875,Leave_One_experiments/all_year_offline_schedule_search/daily_outputs/SYA/SYA_2023_SYA2023_normal_grid_S0023_daily.csv
SYA,SYA,Shenyang,2023,Leave_One_experiments\wth_generated_qc\SYA\SYA2023.WTH,normal_year;nitrogen_stress_year;low_response_year,normal,SYA2023_normal_grid_S0023,pareto_balanced,2023-08-13,225,120,115,"{""sim_day"": 120.0, ""doy"": 225.0, ""topwt"": 14749.74853515625, ""grnwt"": 6621.22314453125, ""xlai"": 2.670864582061768, ""totir"": 40.0, ""tofer"": NaN, ""swfac"": 0.0, ""nstres"": 0.0}",0.0,0.0,14749.74853515625,6621.22314453125,2.670864582061768,40.0,,0.0,0.0,40.0,225.0,33.15184326171875,49.15184326171875,Leave_One_experiments/all_year_offline_schedule_search/daily_outputs/SYA/SYA_2023_SYA2023_normal_grid_S0023_daily.csv
SYA,SYA,Shenyang,2023,Leave_One_experiments\wth_generated_qc\SYA\SYA2023.WTH,normal_year;nitrogen_stress_year;low_response_year,normal,SYA2023_normal_grid_S0023,pareto_balanced,2023-08-14,226,121,116,"{""sim_day"": 121.0, ""doy"": 226.0, ""topwt"": 15130.865478515623, ""grnwt"": 6975.181274414063, ""xlai"": 2.602500915527344, ""totir"": 40.0, ""tofer"": NaN, ""swfac"": 0.0, ""nstres"": 0.0}",0.0,0.0,15130.865478515623,6975.181274414063,2.602500915527344,40.0,,0.0,0.0,40.0,225.0,33.15184326171875,49.15184326171875,Leave_One_experiments/all_year_offline_schedule_search/daily_outputs/SYA/SYA_2023_SYA2023_normal_grid_S0023_daily.csv
SYA,SYA,Shenyang,2023,Leave_One_experiments\wth_generated_qc\SYA\SYA2023.WTH,normal_year;nitrogen_stress_year;low_response_year,normal,SYA2023_normal_grid_S0023,pareto_balanced,2023-08-15,227,122,117,"{""sim_day"": 122.0, ""doy"": 227.0, ""topwt"": 15446.30126953125, ""grnwt"": 7324.71435546875, ""xlai"": 2.5279288291931152, ""totir"": 40.0, ""tofer"": NaN, ""swfac"": 0.0, ""nstres"": 0.0}",0.0,0.0,15446.30126953125,7324.71435546875,2.5279288291931152,40.0,,0.0,0.0,40.0,225.0,33.15184326171875,49.15184326171875,Leave_One_experiments/all_year_offline_schedule_search/daily_outputs/SYA/SYA_2023_SYA2023_normal_grid_S0023_daily.csv
SYA,SYA,Shenyang,2023,Leave_One_experiments\wth_generated_qc\SYA\SYA2023.WTH,normal_year;nitrogen_stress_year;low_response_year,normal,SYA2023_normal_grid_S0023,pareto_balanced,2023-08-16,228,123,118,"{""sim_day"": 123.0, ""doy"": 228.0, ""topwt"": 15820.634765625, ""grnwt"": 7665.399169921875, ""xlai"": 2.447149991989136, ""totir"": 40.0, ""tofer"": NaN, ""swfac"": 0.0, ""nstres"": 0.0}",0.0,0.0,15820.634765625,7665.399169921875,2.447149991989136,40.0,,0.0,0.0,40.0,225.0,33.15184326171875,49.15184326171875,Leave_One_experiments/all_year_offline_schedule_search/daily_outputs/SYA/SYA_2023_SYA2023_normal_grid_S0023_daily.csv
SYA,SYA,Shenyang,2023,Leave_One_experiments\wth_generated_qc\SYA\SYA2023.WTH,normal_year;nitrogen_stress_year;low_response_year,normal,SYA2023_normal_grid_S0023,pareto_balanced,2023-08-17,229,124,119,"{""sim_day"": 124.0, ""doy"": 229.0, ""topwt"": 16141.8408203125, ""grnwt"": 8019.356689453125, ""xlai"": 2.3621139526367188, ""totir"": 40.0, ""tofer"": NaN, ""swfac"": 0.0, ""nstres"": 0.0}",0.0,0.0,16141.8408203125,8019.356689453125,2.3621139526367188,40.0,,0.0,0.0,40.0,225.0,33.15184326171875,49.15184326171875,Leave_One_experiments/all_year_offline_schedule_search/daily_outputs/SYA/SYA_2023_SYA2023_normal_grid_S0023_daily.csv
SYA,SYA,Shenyang,2023,Leave_One_experiments\wth_generated_qc\SYA\SYA2023.WTH,normal_year;nitrogen_stress_year;low_response_year,normal,SYA2023_normal_grid_S0023,pareto_balanced,2023-08-18,230,125,120,"{""sim_day"": 125.0, ""doy"": 230.0, ""topwt"": 16453.5888671875, ""grnwt"": 8362.25341796875, ""xlai"": 2.2701940536499023, ""totir"": 40.0, ""tofer"": NaN, ""swfac"": 0.0, ""nstres"": 0.0}",0.0,0.0,16453.5888671875,8362.25341796875,2.2701940536499023,40.0,,0.0,0.0,40.0,225.0,33.15184326171875,49.15184326171875,Leave_One_experiments/all_year_offline_schedule_search/daily_outputs/SYA/SYA_2023_SYA2023_normal_grid_S0023_daily.csv
SYA,SYA,Shenyang,2023,Leave_One_experiments\wth_generated_qc\SYA\SYA2023.WTH,normal_year;nitrogen_stress_year;low_response_year,normal,SYA2023_normal_grid_S0023,pareto_balanced,2023-08-19,231,126,121,"{""sim_day"": 126.0, ""doy"": 231.0, ""topwt"": 16748.46435546875, ""grnwt"": 8716.2109375, ""xlai"": 2.1735939979553223, ""totir"": 40.0, ""tofer"": NaN, ""swfac"": 0.0, ""nstres"": 0.0}",0.0,0.0,16748.46435546875,8716.2109375,2.1735939979553223,40.0,,0.0,0.0,40.0,225.0,33.15184326171875,49.15184326171875,Leave_One_experiments/all_year_offline_schedule_search/daily_outputs/SYA/SYA_2023_SYA2023_normal_grid_S0023_daily.csv
SYA,SYA,Shenyang,2023,Leave_One_experiments\wth_generated_qc\SYA\SYA2023.WTH,normal_year;nitrogen_stress_year;low_response_year,normal,SYA2023_normal_grid_S0023,pareto_balanced,2023-08-20,232,127,122,"{""sim_day"": 127.0, ""doy"": 232.0, ""topwt"": 16822.22412109375, ""grnwt"": 9070.169067382812, ""xlai"": 2.089788913726806, ""totir"": 40.0, ""tofer"": NaN, ""swfac"": 0.0, ""nstres"": 0.0}",0.0,0.0,16822.22412109375,9070.169067382812,2.089788913726806,40.0,,0.0,0.0,40.0,225.0,33.15184326171875,49.15184326171875,Leave_One_experiments/all_year_offline_schedule_search/daily_outputs/SYA/SYA_2023_SYA2023_normal_grid_S0023_daily.csv
SYA,SYA,Shenyang,2023,Leave_One_experiments\wth_generated_qc\SYA\SYA2023.WTH,normal_year;nitrogen_stress_year;low_response_year,normal,SYA2023_normal_grid_S0023,pareto_balanced,2023-08-21,233,128,123,"{""sim_day"": 128.0, ""doy"": 233.0, ""topwt"": 17100.82763671875, ""grnwt"": 9361.901245117188, ""xlai"": 1.9977796077728271, ""totir"": 40.0, ""tofer"": NaN, ""swfac"": 0.0, ""nstres"": 0.0}",0.0,0.0,17100.82763671875,9361.901245117188,1.9977796077728271,40.0,,0.0,0.0,40.0,225.0,33.15184326171875,49.15184326171875,Leave_One_experiments/all_year_offline_schedule_search/daily_outputs/SYA/SYA_2023_SYA2023_normal_grid_S0023_daily.csv
SYA,SYA,Shenyang,2023,Leave_One_experiments\wth_generated_qc\SYA\SYA2023.WTH,normal_year;nitrogen_stress_year;low_response_year,normal,SYA2023_normal_grid_S0023,pareto_balanced,2023-08-22,234,129,124,"{""sim_day"": 129.0, ""doy"": 234.0, ""topwt"": 17480.84228515625, ""grnwt"": 9715.858764648438, ""xlai"": 1.9138355255126955, ""totir"": 40.0, ""tofer"": NaN, ""swfac"": 0.0, ""nstres"": 0.0}",0.0,0.0,17480.84228515625,9715.858764648438,1.9138355255126955,40.0,,0.0,0.0,40.0,225.0,33.15184326171875,49.15184326171875,Leave_One_experiments/all_year_offline_schedule_search/daily_outputs/SYA/SYA_2023_SYA2023_normal_grid_S0023_daily.csv
SYA,SYA,Shenyang,2023,Leave_One_experiments\wth_generated_qc\SYA\SYA2023.WTH,normal_year;nitrogen_stress_year;low_response_year,normal,SYA2023_normal_grid_S0023,pareto_balanced,2023-08-23,235,130,125,"{""sim_day"": 130.0, ""doy"": 235.0, ""topwt"": 17858.55712890625, ""grnwt"": 10069.81689453125, ""xlai"": 1.8212414979934688, ""totir"": 40.0, ""tofer"": NaN, ""swfac"": 0.0, ""nstres"": 0.0}",0.0,0.0,17858.55712890625,10069.81689453125,1.8212414979934688,40.0,,0.0,0.0,40.0,225.0,33.15184326171875,49.15184326171875,Leave_One_experiments/all_year_offline_schedule_search/daily_outputs/SYA/SYA_2023_SYA2023_normal_grid_S0023_daily.csv
SYA,SYA,Shenyang,2023,Leave_One_experiments\wth_generated_qc\SYA\SYA2023.WTH,normal_year;nitrogen_stress_year;low_response_year,normal,SYA2023_normal_grid_S0023,pareto_balanced,2023-08-24,236,131,126,"{""sim_day"": 131.0, ""doy"": 236.0, ""topwt"": 18189.24072265625, ""grnwt"": 10423.7744140625, ""xlai"": 1.7255198955535889, ""totir"": 40.0, ""tofer"": NaN, ""swfac"": 0.0, ""nstres"": 0.0519123077392578}",0.0,0.0519123077392578,18189.24072265625,10423.7744140625,1.7255198955535889,40.0,,0.0,0.0,40.0,225.0,33.15184326171875,49.15184326171875,Leave_One_experiments/all_year_offline_schedule_search/daily_outputs/SYA/SYA_2023_SYA2023_normal_grid_S0023_daily.csv
SYA,SYA,Shenyang,2023,Leave_One_experiments\wth_generated_qc\SYA\SYA2023.WTH,normal_year;nitrogen_stress_year;low_response_year,normal,SYA2023_normal_grid_S0023,pareto_balanced,2023-08-25,237,132,127,"{""sim_day"": 132.0, ""doy"": 237.0, ""topwt"": 18379.92919921875, ""grnwt"": 10641.00341796875, ""xlai"": 1.636977195739746, ""totir"": 40.0, ""tofer"": NaN, ""swfac"": 0.0, ""nstres"": 0.1148333549499511}",0.0,0.1148333549499511,18379.92919921875,10641.00341796875,1.636977195739746,40.0,,0.0,0.0,40.0,225.0,33.15184326171875,49.15184326171875,Leave_One_experiments/all_year_offline_schedule_search/daily_outputs/SYA/SYA_2023_SYA2023_normal_grid_S0023_daily.csv
SYA,SYA,Shenyang,2023,Leave_One_experiments\wth_generated_qc\SYA\SYA2023.WTH,normal_year;nitrogen_stress_year;low_response_year,normal,SYA2023_normal_grid_S0023,pareto_balanced,2023-08-26,238,133,128,"{""sim_day"": 133.0, ""doy"": 238.0, ""topwt"": 18608.104248046875, ""grnwt"": 10869.178466796877, ""xlai"": 1.5447633266448977, ""totir"": 40.0, ""tofer"": NaN, ""swfac"": 0.0, ""nstres"": 0.1414158344268798}",0.0,0.1414158344268798,18608.104248046875,10869.178466796877,1.5447633266448977,40.0,,0.0,0.0,40.0,225.0,33.15184326171875,49.15184326171875,Leave_One_experiments/all_year_offline_schedule_search/daily_outputs/SYA/SYA_2023_SYA2023_normal_grid_S0023_daily.csv
SYA,SYA,Shenyang,2023,Leave_One_experiments\wth_generated_qc\SYA\SYA2023.WTH,normal_year;nitrogen_stress_year;low_response_year,normal,SYA2023_normal_grid_S0023,pareto_balanced,2023-08-27,239,134,129,"{""sim_day"": 134.0, ""doy"": 239.0, ""topwt"": 18679.110107421875, ""grnwt"": 10940.184326171877, ""xlai"": 1.4513494968414309, ""totir"": 40.0, ""tofer"": NaN, ""swfac"": 0.0, ""nstres"": 0.1686637997627258}",0.0,0.1686637997627258,18679.110107421875,10940.184326171877,1.4513494968414309,40.0,,0.0,0.0,40.0,225.0,33.15184326171875,49.15184326171875,Leave_One_experiments/all_year_offline_schedule_search/daily_outputs/SYA/SYA_2023_SYA2023_normal_grid_S0023_daily.csv
SYA,SYA,Shenyang,2023,Leave_One_experiments\wth_generated_qc\SYA\SYA2023.WTH,normal_year;nitrogen_stress_year;low_response_year,normal,SYA2023_normal_grid_S0023,pareto_balanced,2023-08-28,240,135,130,"{""sim_day"": 135.0, ""doy"": 240.0, ""topwt"": 18679.110107421875, ""grnwt"": 10940.184326171877, ""xlai"": 1.4513494968414309, ""totir"": 40.0, ""tofer"": NaN, ""swfac"": 0.0, ""nstres"": 0.1668295860290527}",0.0,0.1668295860290527,18679.110107421875,10940.184326171877,1.4513494968414309,40.0,,0.0,0.0,40.0,225.0,33.15184326171875,49.15184326171875,Leave_One_experiments/all_year_offline_schedule_search/daily_outputs/SYA/SYA_2023_SYA2023_normal_grid_S0023_daily.csv
SYA,SYA,Shenyang,2023,Leave_One_experiments\wth_generated_qc\SYA\SYA2023.WTH,normal_year;nitrogen_stress_year;low_response_year,normal,SYA2023_normal_grid_S0023,pareto_balanced,2023-08-29,241,136,131,"{""sim_day"": 136.0, ""doy"": 241.0, ""topwt"": 18679.110107421875, ""grnwt"": 10940.184326171877, ""xlai"": 1.4513494968414309, ""totir"": 40.0, ""tofer"": NaN, ""swfac"": 0.0, ""nstres"": 0.1668295860290527}",0.0,0.1668295860290527,18679.110107421875,10940.184326171877,1.4513494968414309,40.0,,0.0,0.0,40.0,225.0,33.15184326171875,49.15184326171875,Leave_One_experiments/all_year_offline_schedule_search/daily_outputs/SYA/SYA_2023_SYA2023_normal_grid_S0023_daily.csv
SYA,SYA,Shenyang,2023,Leave_One_experiments\wth_generated_qc\SYA\SYA2023.WTH,normal_year;nitrogen_stress_year;low_response_year,normal,SYA2023_normal_grid_S0023,pareto_balanced,2023-08-30,242,137,132,"{""sim_day"": 137.0, ""doy"": 242.0, ""topwt"": 18679.110107421875, ""grnwt"": 10940.184326171877, ""xlai"": 1.4513494968414309, ""totir"": 40.0, ""tofer"": NaN, ""swfac"": 0.0, ""nstres"": 0.1668295860290527}",0.0,0.1668295860290527,18679.110107421875,10940.184326171877,1.4513494968414309,40.0,,0.0,0.0,40.0,225.0,33.15184326171875,49.15184326171875,Leave_One_experiments/all_year_offline_schedule_search/daily_outputs/SYA/SYA_2023_SYA2023_normal_grid_S0023_daily.csv
SYA,SYA,Shenyang,2023,Leave_One_experiments\wth_generated_qc\SYA\SYA2023.WTH,normal_year;nitrogen_stress_year;low_response_year,normal,SYA2023_normal_grid_S0023,pareto_balanced,2023-08-31,243,138,133,"{""sim_day"": 138.0, ""doy"": 243.0, ""topwt"": 18679.110107421875, ""grnwt"": 10940.184326171877, ""xlai"": 1.4513494968414309, ""totir"": 40.0, ""tofer"": NaN, ""swfac"": 0.0, ""nstres"": 0.1668295860290527}",0.0,0.1668295860290527,18679.110107421875,10940.184326171877,1.4513494968414309,40.0,,0.0,0.0,40.0,225.0,33.15184326171875,49.15184326171875,Leave_One_experiments/all_year_offline_schedule_search/daily_outputs/SYA/SYA_2023_SYA2023_normal_grid_S0023_daily.csv
YCA,YCA,Yucheng,2004,Leave_One_experiments\wth_generated_qc\YCA\YCA2004.WTH,dry_year;nitrogen_stress_year;irrigation_responsive_year,irrigation_responsive,YCA2004_stress_grid_S0009,irrigation_positive_candidate,2004-06-17,169,1,1,"{""sim_day"": 1.0, ""doy"": 169.0, ""topwt"": 0.0, ""grnwt"": 0.0, ""xlai"": 0.0, ""totir"": 0.0, ""tofer"": NaN, ""swfac"": 0.0, ""nstres"": 0.0}",0.0,0.0,0.0,0.0,0.0,0.0,,0.0,0.0,20.0,0.0,6.284619140625001,14.284619140625,Leave_One_experiments/all_year_offline_schedule_search/daily_outputs/YCA/YCA_2004_YCA2004_stress_grid_S0009_daily.csv
YCA,YCA,Yucheng,2004,Leave_One_experiments\wth_generated_qc\YCA\YCA2004.WTH,dry_year;nitrogen_stress_year;irrigation_responsive_year,irrigation_responsive,YCA2004_stress_grid_S0009,irrigation_positive_candidate,2004-06-18,170,2,2,"{""sim_day"": 2.0, ""doy"": 170.0, ""topwt"": 0.0, ""grnwt"": 0.0, ""xlai"": 0.0, ""totir"": 0.0, ""tofer"": NaN, ""swfac"": 0.0, ""nstres"": 0.0}",0.0,0.0,0.0,0.0,0.0,0.0,,0.0,0.0,20.0,0.0,6.284619140625001,14.284619140625,Leave_One_experiments/all_year_offline_schedule_search/daily_outputs/YCA/YCA_2004_YCA2004_stress_grid_S0009_daily.csv
YCA,YCA,Yucheng,2004,Leave_One_experiments\wth_generated_qc\YCA\YCA2004.WTH,dry_year;nitrogen_stress_year;irrigation_responsive_year,irrigation_responsive,YCA2004_stress_grid_S0009,irrigation_positive_candidate,2004-06-19,171,3,3,"{""sim_day"": 3.0, ""doy"": 171.0, ""topwt"": 0.0, ""grnwt"": 0.0, ""xlai"": 0.0, ""totir"": 0.0, ""tofer"": NaN, ""swfac"": 0.0, ""nstres"": 0.0}",0.0,0.0,0.0,0.0,0.0,0.0,,0.0,0.0,20.0,0.0,6.284619140625001,14.284619140625,Leave_One_experiments/all_year_offline_schedule_search/daily_outputs/YCA/YCA_2004_YCA2004_stress_grid_S0009_daily.csv
YCA,YCA,Yucheng,2004,Leave_One_experiments\wth_generated_qc\YCA\YCA2004.WTH,dry_year;nitrogen_stress_year;irrigation_responsive_year,irrigation_responsive,YCA2004_stress_grid_S0009,irrigation_positive_candidate,2004-06-20,172,4,4,"{""sim_day"": 4.0, ""doy"": 172.0, ""topwt"": 0.0, ""grnwt"": 0.0, ""xlai"": 0.0, ""totir"": 0.0, ""tofer"": NaN, ""swfac"": 0.0, ""nstres"": 0.0}",0.0,0.0,0.0,0.0,0.0,0.0,,0.0,0.0,20.0,0.0,6.284619140625001,14.284619140625,Leave_One_experiments/all_year_offline_schedule_search/daily_outputs/YCA/YCA_2004_YCA2004_stress_grid_S0009_daily.csv
YCA,YCA,Yucheng,2004,Leave_One_experiments\wth_generated_qc\YCA\YCA2004.WTH,dry_year;nitrogen_stress_year;irrigation_responsive_year,irrigation_responsive,YCA2004_stress_grid_S0009,irrigation_positive_candidate,2004-06-21,173,5,5,"{""sim_day"": 5.0, ""doy"": 173.0, ""topwt"": 0.0, ""grnwt"": 0.0, ""xlai"": 0.0, ""totir"": 0.0, ""tofer"": NaN, ""swfac"": 0.0, ""nstres"": 0.0}",0.0,0.0,0.0,0.0,0.0,0.0,,0.0,0.0,20.0,0.0,6.284619140625001,14.284619140625,Leave_One_experiments/all_year_offline_schedule_search/daily_outputs/YCA/YCA_2004_YCA2004_stress_grid_S0009_daily.csv
YCA,YCA,Yucheng,2004,Leave_One_experiments\wth_generated_qc\YCA\YCA2004.WTH,dry_year;nitrogen_stress_year;irrigation_responsive_year,irrigation_responsive,YCA2004_stress_grid_S0009,irrigation_positive_candidate,2004-06-17,169,6,1,"{""sim_day"": 6.0, ""doy"": 169.0, ""topwt"": 0.0, ""grnwt"": 0.0, ""xlai"": 0.0, ""totir"": 0.0, ""tofer"": NaN, ""swfac"": 0.0, ""nstres"": 0.0}",0.0,0.0,0.0,0.0,0.0,0.0,,0.0,0.0,20.0,0.0,6.284619140625001,14.284619140625,Leave_One_experiments/all_year_offline_schedule_search/daily_outputs/YCA/YCA_2004_YCA2004_stress_grid_S0009_daily.csv
YCA,YCA,Yucheng,2004,Leave_One_experiments\wth_generated_qc\YCA\YCA2004.WTH,dry_year;nitrogen_stress_year;irrigation_responsive_year,irrigation_responsive,YCA2004_stress_grid_S0009,irrigation_positive_candidate,2004-06-18,170,7,2,"{""sim_day"": 7.0, ""doy"": 170.0, ""topwt"": 0.0, ""grnwt"": 0.0, ""xlai"": 0.0, ""totir"": 0.0, ""tofer"": NaN, ""swfac"": 0.0, ""nstres"": 0.0}",0.0,0.0,0.0,0.0,0.0,0.0,,0.0,0.0,20.0,0.0,6.284619140625001,14.284619140625,Leave_One_experiments/all_year_offline_schedule_search/daily_outputs/YCA/YCA_2004_YCA2004_stress_grid_S0009_daily.csv
YCA,YCA,Yucheng,2004,Leave_One_experiments\wth_generated_qc\YCA\YCA2004.WTH,dry_year;nitrogen_stress_year;irrigation_responsive_year,irrigation_responsive,YCA2004_stress_grid_S0009,irrigation_positive_candidate,2004-06-19,171,8,3,"{""sim_day"": 8.0, ""doy"": 171.0, ""topwt"": 0.0, ""grnwt"": 0.0, ""xlai"": 0.0, ""totir"": 0.0, ""tofer"": NaN, ""swfac"": 0.0, ""nstres"": 0.0}",0.0,0.0,0.0,0.0,0.0,0.0,,0.0,0.0,20.0,0.0,6.284619140625001,14.284619140625,Leave_One_experiments/all_year_offline_schedule_search/daily_outputs/YCA/YCA_2004_YCA2004_stress_grid_S0009_daily.csv
YCA,YCA,Yucheng,2004,Leave_One_experiments\wth_generated_qc\YCA\YCA2004.WTH,dry_year;nitrogen_stress_year;irrigation_responsive_year,irrigation_responsive,YCA2004_stress_grid_S0009,irrigation_positive_candidate,2004-06-20,172,9,4,"{""sim_day"": 9.0, ""doy"": 172.0, ""topwt"": 0.0, ""grnwt"": 0.0, ""xlai"": 0.0, ""totir"": 0.0, ""tofer"": NaN, ""swfac"": 0.0, ""nstres"": 0.0}",0.0,0.0,0.0,0.0,0.0,0.0,,0.0,0.0,20.0,0.0,6.284619140625001,14.284619140625,Leave_One_experiments/all_year_offline_schedule_search/daily_outputs/YCA/YCA_2004_YCA2004_stress_grid_S0009_daily.csv
YCA,YCA,Yucheng,2004,Leave_One_experiments\wth_generated_qc\YCA\YCA2004.WTH,dry_year;nitrogen_stress_year;irrigation_responsive_year,irrigation_responsive,YCA2004_stress_grid_S0009,irrigation_positive_candidate,2004-06-21,173,10,5,"{""sim_day"": 10.0, ""doy"": 173.0, ""topwt"": 0.0, ""grnwt"": 0.0, ""xlai"": 0.0, ""totir"": 0.0, ""tofer"": NaN, ""swfac"": 0.0, ""nstres"": 0.0}",0.0,0.0,0.0,0.0,0.0,0.0,,0.0,0.0,20.0,0.0,6.284619140625001,14.284619140625,Leave_One_experiments/all_year_offline_schedule_search/daily_outputs/YCA/YCA_2004_YCA2004_stress_grid_S0009_daily.csv
YCA,YCA,Yucheng,2004,Leave_One_experiments\wth_generated_qc\YCA\YCA2004.WTH,dry_year;nitrogen_stress_year;irrigation_responsive_year,irrigation_responsive,YCA2004_stress_grid_S0009,irrigation_positive_candidate,2004-06-22,174,11,6,"{""sim_day"": 11.0, ""doy"": 174.0, ""topwt"": 26.400001049041748, ""grnwt"": 0.0, ""xlai"": 0.0042268736287951, ""totir"": 0.0, ""tofer"": NaN, ""swfac"": 0.0, ""nstres"": 0.0121910572052001}",0.0,0.0121910572052001,26.400001049041748,0.0,0.0042268736287951,0.0,,0.0,0.0,20.0,0.0,6.284619140625001,14.284619140625,Leave_One_experiments/all_year_offline_schedule_search/daily_outputs/YCA/YCA_2004_YCA2004_stress_grid_S0009_daily.csv
YCA,YCA,Yucheng,2004,Leave_One_experiments\wth_generated_qc\YCA\YCA2004.WTH,dry_year;nitrogen_stress_year;irrigation_responsive_year,irrigation_responsive,YCA2004_stress_grid_S0009,irrigation_positive_candidate,2004-06-23,175,12,7,"{""sim_day"": 12.0, ""doy"": 175.0, ""topwt"": 26.400001049041748, ""grnwt"": 0.0, ""xlai"": 0.0083226868882775, ""totir"": 0.0, ""tofer"": NaN, ""swfac"": 0.0, ""nstres"": 0.009961724281311}",0.0,0.009961724281311,26.400001049041748,0.0,0.0083226868882775,0.0,,0.0,0.0,20.0,0.0,6.284619140625001,14.284619140625,Leave_One_experiments/all_year_offline_schedule_search/daily_outputs/YCA/YCA_2004_YCA2004_stress_grid_S0009_daily.csv
YCA,YCA,Yucheng,2004,Leave_One_experiments\wth_generated_qc\YCA\YCA2004.WTH,dry_year;nitrogen_stress_year;irrigation_responsive_year,irrigation_responsive,YCA2004_stress_grid_S0009,irrigation_positive_candidate,2004-06-24,176,13,8,"{""sim_day"": 13.0, ""doy"": 176.0, ""topwt"": 26.400001049041748, ""grnwt"": 0.0, ""xlai"": 0.0126993553712964, ""totir"": 0.0, ""tofer"": NaN, ""swfac"": 0.0, ""nstres"": 0.0043007135391235}",0.0,0.0043007135391235,26.400001049041748,0.0,0.0126993553712964,0.0,,0.0,0.0,20.0,0.0,6.284619140625001,14.284619140625,Leave_One_experiments/all_year_offline_schedule_search/daily_outputs/YCA/YCA_2004_YCA2004_stress_grid_S0009_daily.csv
YCA,YCA,Yucheng,2004,Leave_One_experiments\wth_generated_qc\YCA\YCA2004.WTH,dry_year;nitrogen_stress_year;irrigation_responsive_year,irrigation_responsive,YCA2004_stress_grid_S0009,irrigation_positive_candidate,2004-06-25,177,14,9,"{""sim_day"": 14.0, ""doy"": 177.0, ""topwt"": 26.400001049041748, ""grnwt"": 0.0, ""xlai"": 0.0188038554042577, ""totir"": 0.0, ""tofer"": NaN, ""swfac"": 0.0, ""nstres"": 0.0}",0.0,0.0,26.400001049041748,0.0,0.0188038554042577,0.0,,0.0,0.0,20.0,0.0,6.284619140625001,14.284619140625,Leave_One_experiments/all_year_offline_schedule_search/daily_outputs/YCA/YCA_2004_YCA2004_stress_grid_S0009_daily.csv
YCA,YCA,Yucheng,2004,Leave_One_experiments\wth_generated_qc\YCA\YCA2004.WTH,dry_year;nitrogen_stress_year;irrigation_responsive_year,irrigation_responsive,YCA2004_stress_grid_S0009,irrigation_positive_candidate,2004-06-26,178,15,10,"{""sim_day"": 15.0, ""doy"": 178.0, ""topwt"": 26.400001049041748, ""grnwt"": 0.0, ""xlai"": 0.0431257709860801, ""totir"": 0.0, ""tofer"": NaN, ""swfac"": 0.0, ""nstres"": 0.0}",0.0,0.0,26.400001049041748,0.0,0.0431257709860801,0.0,,0.0,0.0,20.0,0.0,6.284619140625001,14.284619140625,Leave_One_experiments/all_year_offline_schedule_search/daily_outputs/YCA/YCA_2004_YCA2004_stress_grid_S0009_daily.csv
YCA,YCA,Yucheng,2004,Leave_One_experiments\wth_generated_qc\YCA\YCA2004.WTH,dry_year;nitrogen_stress_year;irrigation_responsive_year,irrigation_responsive,YCA2004_stress_grid_S0009,irrigation_positive_candidate,2004-06-27,179,16,11,"{""sim_day"": 16.0, ""doy"": 179.0, ""topwt"": 37.72831201553345, ""grnwt"": 0.0, ""xlai"": 0.0742550566792488, ""totir"": 0.0, ""tofer"": NaN, ""swfac"": 0.0, ""nstres"": 0.0}",0.0,0.0,37.72831201553345,0.0,0.0742550566792488,0.0,,0.0,0.0,20.0,0.0,6.284619140625001,14.284619140625,Leave_One_experiments/all_year_offline_schedule_search/daily_outputs/YCA/YCA_2004_YCA2004_stress_grid_S0009_daily.csv
YCA,YCA,Yucheng,2004,Leave_One_experiments\wth_generated_qc\YCA\YCA2004.WTH,dry_year;nitrogen_stress_year;irrigation_responsive_year,irrigation_responsive,YCA2004_stress_grid_S0009,irrigation_positive_candidate,2004-06-28,180,17,12,"{""sim_day"": 17.0, ""doy"": 180.0, ""topwt"": 51.435227394104, ""grnwt"": 0.0, ""xlai"": 0.1057449430227279, ""totir"": 0.0, ""tofer"": NaN, ""swfac"": 0.0, ""nstres"": 0.0}",0.0,0.0,51.435227394104,0.0,0.1057449430227279,0.0,,0.0,0.0,20.0,0.0,6.284619140625001,14.284619140625,Leave_One_experiments/all_year_offline_schedule_search/daily_outputs/YCA/YCA_2004_YCA2004_stress_grid_S0009_daily.csv
YCA,YCA,Yucheng,2004,Leave_One_experiments\wth_generated_qc\YCA\YCA2004.WTH,dry_year;nitrogen_stress_year;irrigation_responsive_year,irrigation_responsive,YCA2004_stress_grid_S0009,irrigation_positive_candidate,2004-06-29,181,18,13,"{""sim_day"": 18.0, ""doy"": 181.0, ""topwt"": 55.643696784973145, ""grnwt"": 0.0, ""xlai"": 0.1226834058761596, ""totir"": 0.0, ""tofer"": NaN, ""swfac"": 0.0, ""nstres"": 0.0}",0.0,0.0,55.643696784973145,0.0,0.1226834058761596,0.0,,0.0,0.0,20.0,0.0,6.284619140625001,14.284619140625,Leave_One_experiments/all_year_offline_schedule_search/daily_outputs/YCA/YCA_2004_YCA2004_stress_grid_S0009_daily.csv
YCA,YCA,Yucheng,2004,Leave_One_experiments\wth_generated_qc\YCA\YCA2004.WTH,dry_year;nitrogen_stress_year;irrigation_responsive_year,irrigation_responsive,YCA2004_stress_grid_S0009,irrigation_positive_candidate,2004-06-30,182,19,14,"{""sim_day"": 19.0, ""doy"": 182.0, ""topwt"": 75.14724254608154, ""grnwt"": 0.0, ""xlai"": 0.1551590859889984, ""totir"": 0.0, ""tofer"": NaN, ""swfac"": 0.0, ""nstres"": 0.0}",0.0,0.0,75.14724254608154,0.0,0.1551590859889984,0.0,,0.0,0.0,20.0,0.0,6.284619140625001,14.284619140625,Leave_One_experiments/all_year_offline_schedule_search/daily_outputs/YCA/YCA_2004_YCA2004_stress_grid_S0009_daily.csv
YCA,YCA,Yucheng,2004,Leave_One_experiments\wth_generated_qc\YCA\YCA2004.WTH,dry_year;nitrogen_stress_year;irrigation_responsive_year,irrigation_responsive,YCA2004_stress_grid_S0009,irrigation_positive_candidate,2004-07-01,183,20,15,"{""sim_day"": 20.0, ""doy"": 183.0, ""topwt"": 99.63871002197266, ""grnwt"": 0.0, ""xlai"": 0.2021870911121368, ""totir"": 0.0, ""tofer"": NaN, ""swfac"": 0.0, ""nstres"": 0.0}",0.0,0.0,99.63871002197266,0.0,0.2021870911121368,0.0,,0.0,0.0,20.0,0.0,6.284619140625001,14.284619140625,Leave_One_experiments/all_year_offline_schedule_search/daily_outputs/YCA/YCA_2004_YCA2004_stress_grid_S0009_daily.csv
YCA,YCA,Yucheng,2004,Leave_One_experiments\wth_generated_qc\YCA\YCA2004.WTH,dry_year;nitrogen_stress_year;irrigation_responsive_year,irrigation_responsive,YCA2004_stress_grid_S0009,irrigation_positive_candidate,2004-07-02,184,21,16,"{""sim_day"": 21.0, ""doy"": 184.0, ""topwt"": 129.9897289276123, ""grnwt"": 0.0, ""xlai"": 0.2554276585578918, ""totir"": 0.0, ""tofer"": NaN, ""swfac"": 0.0, ""nstres"": 0.0893858671188354}",0.0,0.0893858671188354,129.9897289276123,0.0,0.2554276585578918,0.0,,0.0,0.0,20.0,0.0,6.284619140625001,14.284619140625,Leave_One_experiments/all_year_offline_schedule_search/daily_outputs/YCA/YCA_2004_YCA2004_stress_grid_S0009_daily.csv
YCA,YCA,Yucheng,2004,Leave_One_experiments\wth_generated_qc\YCA\YCA2004.WTH,dry_year;nitrogen_stress_year;irrigation_responsive_year,irrigation_responsive,YCA2004_stress_grid_S0009,irrigation_positive_candidate,2004-07-03,185,22,17,"{""sim_day"": 22.0, ""doy"": 185.0, ""topwt"": 166.54176712036133, ""grnwt"": 0.0, ""xlai"": 0.3126899302005768, ""totir"": 0.0, ""tofer"": NaN, ""swfac"": 0.0, ""nstres"": 0.1653931140899658}",0.0,0.1653931140899658,166.54176712036133,0.0,0.3126899302005768,0.0,,0.0,0.0,20.0,0.0,6.284619140625001,14.284619140625,Leave_One_experiments/all_year_offline_schedule_search/daily_outputs/YCA/YCA_2004_YCA2004_stress_grid_S0009_daily.csv
YCA,YCA,Yucheng,2004,Leave_One_experiments\wth_generated_qc\YCA\YCA2004.WTH,dry_year;nitrogen_stress_year;irrigation_responsive_year,irrigation_responsive,YCA2004_stress_grid_S0009,irrigation_positive_candidate,2004-07-04,186,23,18,"{""sim_day"": 23.0, ""doy"": 186.0, ""topwt"": 204.64813232421875, ""grnwt"": 0.0, ""xlai"": 0.3661859631538391, ""totir"": 0.0, ""tofer"": NaN, ""swfac"": 0.0, ""nstres"": 0.2326278090476989}",0.0,0.2326278090476989,204.64813232421875,0.0,0.3661859631538391,0.0,,0.0,0.0,20.0,0.0,6.284619140625001,14.284619140625,Leave_One_experiments/all_year_offline_schedule_search/daily_outputs/YCA/YCA_2004_YCA2004_stress_grid_S0009_daily.csv
YCA,YCA,Yucheng,2004,Leave_One_experiments\wth_generated_qc\YCA\YCA2004.WTH,dry_year;nitrogen_stress_year;irrigation_responsive_year,irrigation_responsive,YCA2004_stress_grid_S0009,irrigation_positive_candidate,2004-07-05,187,24,19,"{""sim_day"": 24.0, ""doy"": 187.0, ""topwt"": 208.7749481201172, ""grnwt"": 0.0, ""xlai"": 0.387498140335083, ""totir"": 0.0, ""tofer"": NaN, ""swfac"": 0.0, ""nstres"": 0.3640350103378296}",0.0,0.3640350103378296,208.7749481201172,0.0,0.387498140335083,0.0,,0.0,0.0,20.0,0.0,6.284619140625001,14.284619140625,Leave_One_experiments/all_year_offline_schedule_search/daily_outputs/YCA/YCA_2004_YCA2004_stress_grid_S0009_daily.csv
YCA,YCA,Yucheng,2004,Leave_One_experiments\wth_generated_qc\YCA\YCA2004.WTH,dry_year;nitrogen_stress_year;irrigation_responsive_year,irrigation_responsive,YCA2004_stress_grid_S0009,irrigation_positive_candidate,2004-07-06,188,25,20,"{""sim_day"": 25.0, ""doy"": 188.0, ""topwt"": 223.88177871704104, ""grnwt"": 0.0, ""xlai"": 0.3981130421161651, ""totir"": 0.0, ""tofer"": NaN, ""swfac"": 0.0, ""nstres"": 0.5030118823051453}",0.0,0.5030118823051453,223.88177871704104,0.0,0.3981130421161651,0.0,,0.0,0.0,20.0,0.0,6.284619140625001,14.284619140625,Leave_One_experiments/all_year_offline_schedule_search/daily_outputs/YCA/YCA_2004_YCA2004_stress_grid_S0009_daily.csv
YCA,YCA,Yucheng,2004,Leave_One_experiments\wth_generated_qc\YCA\YCA2004.WTH,dry_year;nitrogen_stress_year;irrigation_responsive_year,irrigation_responsive,YCA2004_stress_grid_S0009,irrigation_positive_candidate,2004-07-07,189,26,21,"{""sim_day"": 26.0, ""doy"": 189.0, ""topwt"": 242.17464447021484, ""grnwt"": 0.0, ""xlai"": 0.414524644613266, ""totir"": 0.0, ""tofer"": NaN, ""swfac"": 0.0, ""nstres"": 0.423397958278656}",0.0,0.423397958278656,242.17464447021484,0.0,0.414524644613266,0.0,,0.0,0.0,20.0,0.0,6.284619140625001,14.284619140625,Leave_One_experiments/all_year_offline_schedule_search/daily_outputs/YCA/YCA_2004_YCA2004_stress_grid_S0009_daily.csv
YCA,YCA,Yucheng,2004,Leave_One_experiments\wth_generated_qc\YCA\YCA2004.WTH,dry_year;nitrogen_stress_year;irrigation_responsive_year,irrigation_responsive,YCA2004_stress_grid_S0009,irrigation_positive_candidate,2004-07-08,190,27,22,"{""sim_day"": 27.0, ""doy"": 190.0, ""topwt"": 267.5703430175781, ""grnwt"": 0.0, ""xlai"": 0.4420757591724396, ""totir"": 0.0, ""tofer"": NaN, ""swfac"": 0.0, ""nstres"": 0.3792681097984314}",0.0,0.3792681097984314,267.5703430175781,0.0,0.4420757591724396,0.0,,0.0,0.0,20.0,0.0,6.284619140625001,14.284619140625,Leave_One_experiments/all_year_offline_schedule_search/daily_outputs/YCA/YCA_2004_YCA2004_stress_grid_S0009_daily.csv
YCA,YCA,Yucheng,2004,Leave_One_experiments\wth_generated_qc\YCA\YCA2004.WTH,dry_year;nitrogen_stress_year;irrigation_responsive_year,irrigation_responsive,YCA2004_stress_grid_S0009,irrigation_positive_candidate,2004-07-09,191,28,23,"{""sim_day"": 28.0, ""doy"": 191.0, ""topwt"": 285.50004959106445, ""grnwt"": 0.0, ""xlai"": 0.4564831554889679, ""totir"": 0.0, ""tofer"": NaN, ""swfac"": 0.0, ""nstres"": 0.3676699995994568}",0.0,0.3676699995994568,285.50004959106445,0.0,0.4564831554889679,0.0,,0.0,0.0,20.0,0.0,6.284619140625001,14.284619140625,Leave_One_experiments/all_year_offline_schedule_search/daily_outputs/YCA/YCA_2004_YCA2004_stress_grid_S0009_daily.csv
YCA,YCA,Yucheng,2004,Leave_One_experiments\wth_generated_qc\YCA\YCA2004.WTH,dry_year;nitrogen_stress_year;irrigation_responsive_year,irrigation_responsive,YCA2004_stress_grid_S0009,irrigation_positive_candidate,2004-07-10,192,29,24,"{""sim_day"": 29.0, ""doy"": 192.0, ""topwt"": 311.16132736206055, ""grnwt"": 0.0, ""xlai"": 0.4813516139984131, ""totir"": 0.0, ""tofer"": NaN, ""swfac"": 0.0, ""nstres"": 0.3993865251541137}",0.0,0.3993865251541137,311.16132736206055,0.0,0.4813516139984131,0.0,,0.0,0.0,20.0,0.0,6.284619140625001,14.284619140625,Leave_One_experiments/all_year_offline_schedule_search/daily_outputs/YCA/YCA_2004_YCA2004_stress_grid_S0009_daily.csv
YCA,YCA,Yucheng,2004,Leave_One_experiments\wth_generated_qc\YCA\YCA2004.WTH,dry_year;nitrogen_stress_year;irrigation_responsive_year,irrigation_responsive,YCA2004_stress_grid_S0009,irrigation_positive_candidate,2004-07-11,193,30,25,"{""sim_day"": 30.0, ""doy"": 193.0, ""topwt"": 333.7898254394531, ""grnwt"": 0.0, ""xlai"": 0.4942917823791504, ""totir"": 0.0, ""tofer"": NaN, ""swfac"": 0.0, ""nstres"": 0.4019692540168762}",0.0,0.4019692540168762,333.7898254394531,0.0,0.4942917823791504,0.0,,0.0,0.0,20.0,0.0,6.284619140625001,14.284619140625,Leave_One_experiments/all_year_offline_schedule_search/daily_outputs/YCA/YCA_2004_YCA2004_stress_grid_S0009_daily.csv
YCA,YCA,Yucheng,2004,Leave_One_experiments\wth_generated_qc\YCA\YCA2004.WTH,dry_year;nitrogen_stress_year;irrigation_responsive_year,irrigation_responsive,YCA2004_stress_grid_S0009,irrigation_positive_candidate,2004-07-12,194,31,26,"{""sim_day"": 31.0, ""doy"": 194.0, ""topwt"": 369.6841812133789, ""grnwt"": 0.0, ""xlai"": 0.5305606126785278, ""totir"": 0.0, ""tofer"": NaN, ""swfac"": 0.0, ""nstres"": 0.403506875038147}",0.0,0.403506875038147,369.6841812133789,0.0,0.5305606126785278,0.0,,0.0,0.0,20.0,0.0,6.284619140625001,14.284619140625,Leave_One_experiments/all_year_offline_schedule_search/daily_outputs/YCA/YCA_2004_YCA2004_stress_grid_S0009_daily.csv
YCA,YCA,Yucheng,2004,Leave_One_experiments\wth_generated_qc\YCA\YCA2004.WTH,dry_year;nitrogen_stress_year;irrigation_responsive_year,irrigation_responsive,YCA2004_stress_grid_S0009,irrigation_positive_candidate,2004-07-13,195,32,27,"{""sim_day"": 32.0, ""doy"": 195.0, ""topwt"": 408.5350036621094, ""grnwt"": 0.0, ""xlai"": 0.5678392648696899, ""totir"": 0.0, ""tofer"": NaN, ""swfac"": 0.0, ""nstres"": 0.4051800966262817}",0.0,0.4051800966262817,408.5350036621094,0.0,0.5678392648696899,0.0,,0.0,0.0,20.0,0.0,6.284619140625001,14.284619140625,Leave_One_experiments/all_year_offline_schedule_search/daily_outputs/YCA/YCA_2004_YCA2004_stress_grid_S0009_daily.csv
YCA,YCA,Yucheng,2004,Leave_One_experiments\wth_generated_qc\YCA\YCA2004.WTH,dry_year;nitrogen_stress_year;irrigation_responsive_year,irrigation_responsive,YCA2004_stress_grid_S0009,irrigation_positive_candidate,2004-07-14,196,33,28,"{""sim_day"": 33.0, ""doy"": 196.0, ""topwt"": 448.5542297363281, ""grnwt"": 0.0, ""xlai"": 0.6032928228378296, ""totir"": 0.0, ""tofer"": NaN, ""swfac"": 0.0, ""nstres"": 0.4013360738754272}",0.0,0.4013360738754272,448.5542297363281,0.0,0.6032928228378296,0.0,,0.0,0.0,20.0,0.0,6.284619140625001,14.284619140625,Leave_One_experiments/all_year_offline_schedule_search/daily_outputs/YCA/YCA_2004_YCA2004_stress_grid_S0009_daily.csv
YCA,YCA,Yucheng,2004,Leave_One_experiments\wth_generated_qc\YCA\YCA2004.WTH,dry_year;nitrogen_stress_year;irrigation_responsive_year,irrigation_responsive,YCA2004_stress_grid_S0009,irrigation_positive_candidate,2004-07-15,197,34,29,"{""sim_day"": 34.0, ""doy"": 197.0, ""topwt"": 487.32383728027344, ""grnwt"": 0.0, ""xlai"": 0.6337564587593079, ""totir"": 0.0, ""tofer"": NaN, ""swfac"": 0.0, ""nstres"": 0.3930901885032654}",0.0,0.3930901885032654,487.32383728027344,0.0,0.6337564587593079,0.0,,0.0,0.0,20.0,0.0,6.284619140625001,14.284619140625,Leave_One_experiments/all_year_offline_schedule_search/daily_outputs/YCA/YCA_2004_YCA2004_stress_grid_S0009_daily.csv
YCA,YCA,Yucheng,2004,Leave_One_experiments\wth_generated_qc\YCA\YCA2004.WTH,dry_year;nitrogen_stress_year;irrigation_responsive_year,irrigation_responsive,YCA2004_stress_grid_S0009,irrigation_positive_candidate,2004-07-16,198,35,30,"{""sim_day"": 35.0, ""doy"": 198.0, ""topwt"": 504.2886352539063, ""grnwt"": 0.0, ""xlai"": 0.6341431736946106, ""totir"": 0.0, ""tofer"": NaN, ""swfac"": 0.0, ""nstres"": 0.3868163824081421}",0.0,0.3868163824081421,504.2886352539063,0.0,0.6341431736946106,0.0,,0.0,0.0,20.0,0.0,6.284619140625001,14.284619140625,Leave_One_experiments/all_year_offline_schedule_search/daily_outputs/YCA/YCA_2004_YCA2004_stress_grid_S0009_daily.csv
YCA,YCA,Yucheng,2004,Leave_One_experiments\wth_generated_qc\YCA\YCA2004.WTH,dry_year;nitrogen_stress_year;irrigation_responsive_year,irrigation_responsive,YCA2004_stress_grid_S0009,irrigation_positive_candidate,2004-07-17,199,36,31,"{""sim_day"": 36.0, ""doy"": 199.0, ""topwt"": 552.2171020507812, ""grnwt"": 0.0, ""xlai"": 0.6701176762580872, ""totir"": 0.0, ""tofer"": NaN, ""swfac"": 0.0, ""nstres"": 0.3908671736717224}",0.0,0.3908671736717224,552.2171020507812,0.0,0.6701176762580872,0.0,,0.0,0.0,20.0,0.0,6.284619140625001,14.284619140625,Leave_One_experiments/all_year_offline_schedule_search/daily_outputs/YCA/YCA_2004_YCA2004_stress_grid_S0009_daily.csv
YCA,YCA,Yucheng,2004,Leave_One_experiments\wth_generated_qc\YCA\YCA2004.WTH,dry_year;nitrogen_stress_year;irrigation_responsive_year,irrigation_responsive,YCA2004_stress_grid_S0009,irrigation_positive_candidate,2004-07-18,200,37,32,"{""sim_day"": 37.0, ""doy"": 200.0, ""topwt"": 608.4728622436523, ""grnwt"": 0.0, ""xlai"": 0.7111441493034363, ""totir"": 0.0, ""tofer"": NaN, ""swfac"": 0.0, ""nstres"": 0.3765415549278259}",0.0,0.3765415549278259,608.4728622436523,0.0,0.7111441493034363,0.0,,0.0,0.0,20.0,0.0,6.284619140625001,14.284619140625,Leave_One_experiments/all_year_offline_schedule_search/daily_outputs/YCA/YCA_2004_YCA2004_stress_grid_S0009_daily.csv
YCA,YCA,Yucheng,2004,Leave_One_experiments\wth_generated_qc\YCA\YCA2004.WTH,dry_year;nitrogen_stress_year;irrigation_responsive_year,irrigation_responsive,YCA2004_stress_grid_S0009,irrigation_positive_candidate,2004-07-19,201,38,33,"{""sim_day"": 38.0, ""doy"": 201.0, ""topwt"": 665.1026153564453, ""grnwt"": 0.0, ""xlai"": 0.7460759282112122, ""totir"": 0.0, ""tofer"": NaN, ""swfac"": 0.0, ""nstres"": 0.4091379046440124}",0.0,0.4091379046440124,665.1026153564453,0.0,0.7460759282112122,0.0,,0.0,0.0,20.0,0.0,6.284619140625001,14.284619140625,Leave_One_experiments/all_year_offline_schedule_search/daily_outputs/YCA/YCA_2004_YCA2004_stress_grid_S0009_daily.csv
YCA,YCA,Yucheng,2004,Leave_One_experiments\wth_generated_qc\YCA\YCA2004.WTH,dry_year;nitrogen_stress_year;irrigation_responsive_year,irrigation_responsive,YCA2004_stress_grid_S0009,irrigation_positive_candidate,2004-07-20,202,39,34,"{""sim_day"": 39.0, ""doy"": 202.0, ""topwt"": 725.0887298583984, ""grnwt"": 0.0, ""xlai"": 0.7776902914047241, ""totir"": 0.0, ""tofer"": NaN, ""swfac"": 0.0, ""nstres"": 0.4435591697692871}",0.0,0.4435591697692871,725.0887298583984,0.0,0.7776902914047241,0.0,,0.0,0.0,20.0,0.0,6.284619140625001,14.284619140625,Leave_One_experiments/all_year_offline_schedule_search/daily_outputs/YCA/YCA_2004_YCA2004_stress_grid_S0009_daily.csv
YCA,YCA,Yucheng,2004,Leave_One_experiments\wth_generated_qc\YCA\YCA2004.WTH,dry_year;nitrogen_stress_year;irrigation_responsive_year,irrigation_responsive,YCA2004_stress_grid_S0009,irrigation_positive_candidate,2004-07-21,203,40,35,"{""sim_day"": 40.0, ""doy"": 203.0, ""topwt"": 788.1949615478516, ""grnwt"": 0.0, ""xlai"": 0.8055761456489563, ""totir"": 0.0, ""tofer"": NaN, ""swfac"": 0.0, ""nstres"": 0.4706360697746277}",0.0,0.4706360697746277,788.1949615478516,0.0,0.8055761456489563,0.0,,0.0,0.0,20.0,0.0,6.284619140625001,14.284619140625,Leave_One_experiments/all_year_offline_schedule_search/daily_outputs/YCA/YCA_2004_YCA2004_stress_grid_S0009_daily.csv
YCA,YCA,Yucheng,2004,Leave_One_experiments\wth_generated_qc\YCA\YCA2004.WTH,dry_year;nitrogen_stress_year;irrigation_responsive_year,irrigation_responsive,YCA2004_stress_grid_S0009,irrigation_positive_candidate,2004-07-22,204,41,36,"{""sim_day"": 41.0, ""doy"": 204.0, ""topwt"": 853.6759948730469, ""grnwt"": 0.0, ""xlai"": 0.8290731310844421, ""totir"": 0.0, ""tofer"": NaN, ""swfac"": 0.0, ""nstres"": 0.4934582114219665}",0.0,0.4934582114219665,853.6759948730469,0.0,0.8290731310844421,0.0,,0.0,0.0,20.0,0.0,6.284619140625001,14.284619140625,Leave_One_experiments/all_year_offline_schedule_search/daily_outputs/YCA/YCA_2004_YCA2004_stress_grid_S0009_daily.csv
YCA,YCA,Yucheng,2004,Leave_One_experiments\wth_generated_qc\YCA\YCA2004.WTH,dry_year;nitrogen_stress_year;irrigation_responsive_year,irrigation_responsive,YCA2004_stress_grid_S0009,irrigation_positive_candidate,2004-07-23,205,42,37,"{""sim_day"": 42.0, ""doy"": 205.0, ""topwt"": 893.8114166259766, ""grnwt"": 0.0, ""xlai"": 0.8278447985649109, ""totir"": 0.0, ""tofer"": NaN, ""swfac"": 0.0, ""nstres"": 0.512997031211853}",0.0,0.512997031211853,893.8114166259766,0.0,0.8278447985649109,0.0,,0.0,0.0,20.0,0.0,6.284619140625001,14.284619140625,Leave_One_experiments/all_year_offline_schedule_search/daily_outputs/YCA/YCA_2004_YCA2004_stress_grid_S0009_daily.csv
YCA,YCA,Yucheng,2004,Leave_One_experiments\wth_generated_qc\YCA\YCA2004.WTH,dry_year;nitrogen_stress_year;irrigation_responsive_year,irrigation_responsive,YCA2004_stress_grid_S0009,irrigation_positive_candidate,2004-07-24,206,43,38,"{""sim_day"": 43.0, ""doy"": 206.0, ""topwt"": 949.9231719970704, ""grnwt"": 0.0, ""xlai"": 0.8353006839752197, ""totir"": 0.0, ""tofer"": NaN, ""swfac"": 0.0, ""nstres"": 0.5295498371124268}",0.0,0.5295498371124268,949.9231719970704,0.0,0.8353006839752197,0.0,,0.0,0.0,20.0,0.0,6.284619140625001,14.284619140625,Leave_One_experiments/all_year_offline_schedule_search/daily_outputs/YCA/YCA_2004_YCA2004_stress_grid_S0009_daily.csv
YCA,YCA,Yucheng,2004,Leave_One_experiments\wth_generated_qc\YCA\YCA2004.WTH,dry_year;nitrogen_stress_year;irrigation_responsive_year,irrigation_responsive,YCA2004_stress_grid_S0009,irrigation_positive_candidate,2004-07-25,207,44,39,"{""sim_day"": 44.0, ""doy"": 207.0, ""topwt"": 988.7926483154296, ""grnwt"": 0.0, ""xlai"": 0.8285541534423828, ""totir"": 0.0, ""tofer"": NaN, ""swfac"": 0.0, ""nstres"": 0.525956928730011}",0.0,0.525956928730011,988.7926483154296,0.0,0.8285541534423828,0.0,,0.0,0.0,20.0,0.0,6.284619140625001,14.284619140625,Leave_One_experiments/all_year_offline_schedule_search/daily_outputs/YCA/YCA_2004_YCA2004_stress_grid_S0009_daily.csv
YCA,YCA,Yucheng,2004,Leave_One_experiments\wth_generated_qc\YCA\YCA2004.WTH,dry_year;nitrogen_stress_year;irrigation_responsive_year,irrigation_responsive,YCA2004_stress_grid_S0009,irrigation_positive_candidate,2004-07-26,208,45,40,"{""sim_day"": 45.0, ""doy"": 208.0, ""topwt"": 1014.3306732177734, ""grnwt"": 0.0, ""xlai"": 0.8120192885398865, ""totir"": 0.0, ""tofer"": NaN, ""swfac"": 0.0, ""nstres"": 0.5333355665206909}",0.0,0.5333355665206909,1014.3306732177734,0.0,0.8120192885398865,0.0,,0.0,0.0,20.0,0.0,6.284619140625001,14.284619140625,Leave_One_experiments/all_year_offline_schedule_search/daily_outputs/YCA/YCA_2004_YCA2004_stress_grid_S0009_daily.csv
YCA,YCA,Yucheng,2004,Leave_One_experiments\wth_generated_qc\YCA\YCA2004.WTH,dry_year;nitrogen_stress_year;irrigation_responsive_year,irrigation_responsive,YCA2004_stress_grid_S0009,irrigation_positive_candidate,2004-07-27,209,46,41,"{""sim_day"": 46.0, ""doy"": 209.0, ""topwt"": 1071.3715362548828, ""grnwt"": 0.0, ""xlai"": 0.8134781718254089, ""totir"": 0.0, ""tofer"": NaN, ""swfac"": 0.0, ""nstres"": 0.5271832346916199}",0.0,0.5271832346916199,1071.3715362548828,0.0,0.8134781718254089,0.0,,0.0,0.0,20.0,0.0,6.284619140625001,14.284619140625,Leave_One_experiments/all_year_offline_schedule_search/daily_outputs/YCA/YCA_2004_YCA2004_stress_grid_S0009_daily.csv
YCA,YCA,Yucheng,2004,Leave_One_experiments\wth_generated_qc\YCA\YCA2004.WTH,dry_year;nitrogen_stress_year;irrigation_responsive_year,irrigation_responsive,YCA2004_stress_grid_S0009,irrigation_positive_candidate,2004-07-28,210,47,42,"{""sim_day"": 47.0, ""doy"": 210.0, ""topwt"": 1147.2303771972656, ""grnwt"": 0.0, ""xlai"": 0.8230343461036682, ""totir"": 0.0, ""tofer"": NaN, ""swfac"": 0.0, ""nstres"": 0.5120269656181335}",0.0,0.5120269656181335,1147.2303771972656,0.0,0.8230343461036682,0.0,,0.0,0.0,20.0,0.0,6.284619140625001,14.284619140625,Leave_One_experiments/all_year_offline_schedule_search/daily_outputs/YCA/YCA_2004_YCA2004_stress_grid_S0009_daily.csv
YCA,YCA,Yucheng,2004,Leave_One_experiments\wth_generated_qc\YCA\YCA2004.WTH,dry_year;nitrogen_stress_year;irrigation_responsive_year,irrigation_responsive,YCA2004_stress_grid_S0009,irrigation_positive_candidate,2004-07-29,211,48,43,"{""sim_day"": 48.0, ""doy"": 211.0, ""topwt"": 1154.9752044677734, ""grnwt"": 0.0, ""xlai"": 0.7952304482460022, ""totir"": 0.0, ""tofer"": NaN, ""swfac"": 0.0, ""nstres"": 0.520500659942627}",0.0,0.520500659942627,1154.9752044677734,0.0,0.7952304482460022,0.0,,0.0,0.0,20.0,0.0,6.284619140625001,14.284619140625,Leave_One_experiments/all_year_offline_schedule_search/daily_outputs/YCA/YCA_2004_YCA2004_stress_grid_S0009_daily.csv
YCA,YCA,Yucheng,2004,Leave_One_experiments\wth_generated_qc\YCA\YCA2004.WTH,dry_year;nitrogen_stress_year;irrigation_responsive_year,irrigation_responsive,YCA2004_stress_grid_S0009,irrigation_positive_candidate,2004-07-30,212,49,44,"{""sim_day"": 49.0, ""doy"": 212.0, ""topwt"": 1188.871612548828, ""grnwt"": 0.0, ""xlai"": 0.7804009914398193, ""totir"": 0.0, ""tofer"": NaN, ""swfac"": 0.0, ""nstres"": 0.537582516670227}",0.0,0.537582516670227,1188.871612548828,0.0,0.7804009914398193,0.0,,0.0,0.0,20.0,0.0,6.284619140625001,14.284619140625,Leave_One_experiments/all_year_offline_schedule_search/daily_outputs/YCA/YCA_2004_YCA2004_stress_grid_S0009_daily.csv
YCA,YCA,Yucheng,2004,Leave_One_experiments\wth_generated_qc\YCA\YCA2004.WTH,dry_year;nitrogen_stress_year;irrigation_responsive_year,irrigation_responsive,YCA2004_stress_grid_S0009,irrigation_positive_candidate,2004-07-31,213,50,45,"{""sim_day"": 50.0, ""doy"": 213.0, ""topwt"": 1260.197525024414, ""grnwt"": 0.0, ""xlai"": 0.7929235696792603, ""totir"": 0.0, ""tofer"": NaN, ""swfac"": 0.0, ""nstres"": 0.5162869095802307}",0.0,0.5162869095802307,1260.197525024414,0.0,0.7929235696792603,0.0,,0.0,0.0,20.0,0.0,6.284619140625001,14.284619140625,Leave_One_experiments/all_year_offline_schedule_search/daily_outputs/YCA/YCA_2004_YCA2004_stress_grid_S0009_daily.csv
YCA,YCA,Yucheng,2004,Leave_One_experiments\wth_generated_qc\YCA\YCA2004.WTH,dry_year;nitrogen_stress_year;irrigation_responsive_year,irrigation_responsive,YCA2004_stress_grid_S0009,irrigation_positive_candidate,2004-08-01,214,51,46,"{""sim_day"": 51.0, ""doy"": 214.0, ""topwt"": 1329.3132019042969, ""grnwt"": 0.0, ""xlai"": 0.7937396168708801, ""totir"": 0.0, ""tofer"": NaN, ""swfac"": 0.0, ""nstres"": 0.5074831247329712}",0.0,0.5074831247329712,1329.3132019042969,0.0,0.7937396168708801,0.0,,0.0,0.0,20.0,0.0,6.284619140625001,14.284619140625,Leave_One_experiments/all_year_offline_schedule_search/daily_outputs/YCA/YCA_2004_YCA2004_stress_grid_S0009_daily.csv
YCA,YCA,Yucheng,2004,Leave_One_experiments\wth_generated_qc\YCA\YCA2004.WTH,dry_year;nitrogen_stress_year;irrigation_responsive_year,irrigation_responsive,YCA2004_stress_grid_S0009,irrigation_positive_candidate,2004-08-02,215,52,47,"{""sim_day"": 52.0, ""doy"": 215.0, ""topwt"": 1374.1360473632812, ""grnwt"": 0.0, ""xlai"": 0.7803390622138977, ""totir"": 0.0, ""tofer"": NaN, ""swfac"": 0.0, ""nstres"": 0.5161164999008179}",0.0,0.5161164999008179,1374.1360473632812,0.0,0.7803390622138977,0.0,,0.0,0.0,20.0,0.0,6.284619140625001,14.284619140625,Leave_One_experiments/all_year_offline_schedule_search/daily_outputs/YCA/YCA_2004_YCA2004_stress_grid_S0009_daily.csv
YCA,YCA,Yucheng,2004,Leave_One_experiments\wth_generated_qc\YCA\YCA2004.WTH,dry_year;nitrogen_stress_year;irrigation_responsive_year,irrigation_responsive,YCA2004_stress_grid_S0009,irrigation_positive_candidate,2004-08-03,216,53,48,"{""sim_day"": 53.0, ""doy"": 216.0, ""topwt"": 1445.422821044922, ""grnwt"": 0.0, ""xlai"": 0.7744194269180298, ""totir"": 0.0, ""tofer"": NaN, ""swfac"": 0.0, ""nstres"": 0.521609365940094}",0.0,0.521609365940094,1445.422821044922,0.0,0.7744194269180298,0.0,,0.0,0.0,20.0,0.0,6.284619140625001,14.284619140625,Leave_One_experiments/all_year_offline_schedule_search/daily_outputs/YCA/YCA_2004_YCA2004_stress_grid_S0009_daily.csv
YCA,YCA,Yucheng,2004,Leave_One_experiments\wth_generated_qc\YCA\YCA2004.WTH,dry_year;nitrogen_stress_year;irrigation_responsive_year,irrigation_responsive,YCA2004_stress_grid_S0009,irrigation_positive_candidate,2004-08-04,217,54,49,"{""sim_day"": 54.0, ""doy"": 217.0, ""topwt"": 1520.4623413085938, ""grnwt"": 0.0, ""xlai"": 0.7682417035102844, ""totir"": 0.0, ""tofer"": NaN, ""swfac"": 0.0, ""nstres"": 0.5181073546409607}",0.0,0.5181073546409607,1520.4623413085938,0.0,0.7682417035102844,0.0,,0.0,0.0,20.0,0.0,6.284619140625001,14.284619140625,Leave_One_experiments/all_year_offline_schedule_search/daily_outputs/YCA/YCA_2004_YCA2004_stress_grid_S0009_daily.csv
YCA,YCA,Yucheng,2004,Leave_One_experiments\wth_generated_qc\YCA\YCA2004.WTH,dry_year;nitrogen_stress_year;irrigation_responsive_year,irrigation_responsive,YCA2004_stress_grid_S0009,irrigation_positive_candidate,2004-08-05,218,55,50,"{""sim_day"": 55.0, ""doy"": 218.0, ""topwt"": 1593.0650329589844, ""grnwt"": 0.0, ""xlai"": 0.75984126329422, ""totir"": 20.0, ""tofer"": NaN, ""swfac"": 0.0, ""nstres"": 0.5222991108894348}",0.0,0.5222991108894348,1593.0650329589844,0.0,0.75984126329422,20.0,,20.0,0.0,20.0,0.0,6.284619140625001,14.284619140625,Leave_One_experiments/all_year_offline_schedule_search/daily_outputs/YCA/YCA_2004_YCA2004_stress_grid_S0009_daily.csv
YCA,YCA,Yucheng,2004,Leave_One_experiments\wth_generated_qc\YCA\YCA2004.WTH,dry_year;nitrogen_stress_year;irrigation_responsive_year,irrigation_responsive,YCA2004_stress_grid_S0009,irrigation_positive_candidate,2004-08-06,219,56,51,"{""sim_day"": 56.0, ""doy"": 219.0, ""topwt"": 1667.0997619628906, ""grnwt"": 0.0, ""xlai"": 0.7512373924255371, ""totir"": 20.0, ""tofer"": NaN, ""swfac"": 0.0, ""nstres"": 0.5036664009094238}",0.0,0.5036664009094238,1667.0997619628906,0.0,0.7512373924255371,20.0,,0.0,0.0,20.0,0.0,6.284619140625001,14.284619140625,Leave_One_experiments/all_year_offline_schedule_search/daily_outputs/YCA/YCA_2004_YCA2004_stress_grid_S0009_daily.csv
YCA,YCA,Yucheng,2004,Leave_One_experiments\wth_generated_qc\YCA\YCA2004.WTH,dry_year;nitrogen_stress_year;irrigation_responsive_year,irrigation_responsive,YCA2004_stress_grid_S0009,irrigation_positive_candidate,2004-08-07,220,57,52,"{""sim_day"": 57.0, ""doy"": 220.0, ""topwt"": 1746.9107055664062, ""grnwt"": 0.0, ""xlai"": 0.7432927489280701, ""totir"": 20.0, ""tofer"": NaN, ""swfac"": 0.0, ""nstres"": 0.4996936917304992}",0.0,0.4996936917304992,1746.9107055664062,0.0,0.7432927489280701,20.0,,0.0,0.0,20.0,0.0,6.284619140625001,14.284619140625,Leave_One_experiments/all_year_offline_schedule_search/daily_outputs/YCA/YCA_2004_YCA2004_stress_grid_S0009_daily.csv
YCA,YCA,Yucheng,2004,Leave_One_experiments\wth_generated_qc\YCA\YCA2004.WTH,dry_year;nitrogen_stress_year;irrigation_responsive_year,irrigation_responsive,YCA2004_stress_grid_S0009,irrigation_positive_candidate,2004-08-08,221,58,53,"{""sim_day"": 58.0, ""doy"": 221.0, ""topwt"": 1805.8668518066409, ""grnwt"": 0.0, ""xlai"": 0.7302508354187012, ""totir"": 20.0, ""tofer"": NaN, ""swfac"": 0.0, ""nstres"": 0.5009791851043701}",0.0,0.5009791851043701,1805.8668518066409,0.0,0.7302508354187012,20.0,,0.0,0.0,20.0,0.0,6.284619140625001,14.284619140625,Leave_One_experiments/all_year_offline_schedule_search/daily_outputs/YCA/YCA_2004_YCA2004_stress_grid_S0009_daily.csv
YCA,YCA,Yucheng,2004,Leave_One_experiments\wth_generated_qc\YCA\YCA2004.WTH,dry_year;nitrogen_stress_year;irrigation_responsive_year,irrigation_responsive,YCA2004_stress_grid_S0009,irrigation_positive_candidate,2004-08-09,222,59,54,"{""sim_day"": 59.0, ""doy"": 222.0, ""topwt"": 1842.0603942871091, ""grnwt"": 0.0, ""xlai"": 0.7117214202880859, ""totir"": 20.0, ""tofer"": NaN, ""swfac"": 0.0, ""nstres"": 0.5055156350135803}",0.0,0.5055156350135803,1842.0603942871091,0.0,0.7117214202880859,20.0,,0.0,0.0,20.0,0.0,6.284619140625001,14.284619140625,Leave_One_experiments/all_year_offline_schedule_search/daily_outputs/YCA/YCA_2004_YCA2004_stress_grid_S0009_daily.csv
YCA,YCA,Yucheng,2004,Leave_One_experiments\wth_generated_qc\YCA\YCA2004.WTH,dry_year;nitrogen_stress_year;irrigation_responsive_year,irrigation_responsive,YCA2004_stress_grid_S0009,irrigation_positive_candidate,2004-08-10,223,60,55,"{""sim_day"": 60.0, ""doy"": 223.0, ""topwt"": 1911.4674377441409, ""grnwt"": 0.0, ""xlai"": 0.7024698257446289, ""totir"": 20.0, ""tofer"": NaN, ""swfac"": 0.0, ""nstres"": 0.5027459859848022}",0.0,0.5027459859848022,1911.4674377441409,0.0,0.7024698257446289,20.0,,0.0,0.0,20.0,0.0,6.284619140625001,14.284619140625,Leave_One_experiments/all_year_offline_schedule_search/daily_outputs/YCA/YCA_2004_YCA2004_stress_grid_S0009_daily.csv
YCA,YCA,Yucheng,2004,Leave_One_experiments\wth_generated_qc\YCA\YCA2004.WTH,dry_year;nitrogen_stress_year;irrigation_responsive_year,irrigation_responsive,YCA2004_stress_grid_S0009,irrigation_positive_candidate,2004-08-11,224,61,56,"{""sim_day"": 61.0, ""doy"": 224.0, ""topwt"": 1991.719970703125, ""grnwt"": 0.0, ""xlai"": 0.6965667009353638, ""totir"": 20.0, ""tofer"": NaN, ""swfac"": 0.0, ""nstres"": 0.4947296380996704}",0.0,0.4947296380996704,1991.719970703125,0.0,0.6965667009353638,20.0,,0.0,0.0,20.0,0.0,6.284619140625001,14.284619140625,Leave_One_experiments/all_year_offline_schedule_search/daily_outputs/YCA/YCA_2004_YCA2004_stress_grid_S0009_daily.csv
YCA,YCA,Yucheng,2004,Leave_One_experiments\wth_generated_qc\YCA\YCA2004.WTH,dry_year;nitrogen_stress_year;irrigation_responsive_year,irrigation_responsive,YCA2004_stress_grid_S0009,irrigation_positive_candidate,2004-08-12,225,62,57,"{""sim_day"": 62.0, ""doy"": 225.0, ""topwt"": 1996.7863464355469, ""grnwt"": 0.0, ""xlai"": 0.6706388592720032, ""totir"": 20.0, ""tofer"": NaN, ""swfac"": 0.0, ""nstres"": 0.4933379292488098}",0.0,0.4933379292488098,1996.7863464355469,0.0,0.6706388592720032,20.0,,0.0,0.0,20.0,0.0,6.284619140625001,14.284619140625,Leave_One_experiments/all_year_offline_schedule_search/daily_outputs/YCA/YCA_2004_YCA2004_stress_grid_S0009_daily.csv
YCA,YCA,Yucheng,2004,Leave_One_experiments\wth_generated_qc\YCA\YCA2004.WTH,dry_year;nitrogen_stress_year;irrigation_responsive_year,irrigation_responsive,YCA2004_stress_grid_S0009,irrigation_positive_candidate,2004-08-13,226,63,58,"{""sim_day"": 63.0, ""doy"": 226.0, ""topwt"": 2042.490692138672, ""grnwt"": 0.0, ""xlai"": 0.6458119750022888, ""totir"": 20.0, ""tofer"": NaN, ""swfac"": 0.0, ""nstres"": 0.4884719252586365}",0.0,0.4884719252586365,2042.490692138672,0.0,0.6458119750022888,20.0,,0.0,0.0,20.0,0.0,6.284619140625001,14.284619140625,Leave_One_experiments/all_year_offline_schedule_search/daily_outputs/YCA/YCA_2004_YCA2004_stress_grid_S0009_daily.csv
YCA,YCA,Yucheng,2004,Leave_One_experiments\wth_generated_qc\YCA\YCA2004.WTH,dry_year;nitrogen_stress_year;irrigation_responsive_year,irrigation_responsive,YCA2004_stress_grid_S0009,irrigation_positive_candidate,2004-08-14,227,64,59,"{""sim_day"": 64.0, ""doy"": 227.0, ""topwt"": 2074.760131835937, ""grnwt"": 0.0, ""xlai"": 0.6224022507667542, ""totir"": 20.0, ""tofer"": NaN, ""swfac"": 0.0, ""nstres"": 0.4699643850326538}",0.0,0.4699643850326538,2074.760131835937,0.0,0.6224022507667542,20.0,,0.0,0.0,20.0,0.0,6.284619140625001,14.284619140625,Leave_One_experiments/all_year_offline_schedule_search/daily_outputs/YCA/YCA_2004_YCA2004_stress_grid_S0009_daily.csv
YCA,YCA,Yucheng,2004,Leave_One_experiments\wth_generated_qc\YCA\YCA2004.WTH,dry_year;nitrogen_stress_year;irrigation_responsive_year,irrigation_responsive,YCA2004_stress_grid_S0009,irrigation_positive_candidate,2004-08-15,228,65,60,"{""sim_day"": 65.0, ""doy"": 228.0, ""topwt"": 2069.2160034179688, ""grnwt"": 0.0, ""xlai"": 0.5999730229377747, ""totir"": 20.0, ""tofer"": NaN, ""swfac"": 0.0, ""nstres"": 0.4648780226707458}",0.0,0.4648780226707458,2069.2160034179688,0.0,0.5999730229377747,20.0,,0.0,0.0,20.0,0.0,6.284619140625001,14.284619140625,Leave_One_experiments/all_year_offline_schedule_search/daily_outputs/YCA/YCA_2004_YCA2004_stress_grid_S0009_daily.csv
YCA,YCA,Yucheng,2004,Leave_One_experiments\wth_generated_qc\YCA\YCA2004.WTH,dry_year;nitrogen_stress_year;irrigation_responsive_year,irrigation_responsive,YCA2004_stress_grid_S0009,irrigation_positive_candidate,2004-08-16,229,66,61,"{""sim_day"": 66.0, ""doy"": 229.0, ""topwt"": 2129.7401428222656, ""grnwt"": 0.0, ""xlai"": 0.5786072611808777, ""totir"": 20.0, ""tofer"": NaN, ""swfac"": 0.0, ""nstres"": 0.4546667337417602}",0.0,0.4546667337417602,2129.7401428222656,0.0,0.5786072611808777,20.0,,0.0,0.0,20.0,0.0,6.284619140625001,14.284619140625,Leave_One_experiments/all_year_offline_schedule_search/daily_outputs/YCA/YCA_2004_YCA2004_stress_grid_S0009_daily.csv
YCA,YCA,Yucheng,2004,Leave_One_experiments\wth_generated_qc\YCA\YCA2004.WTH,dry_year;nitrogen_stress_year;irrigation_responsive_year,irrigation_responsive,YCA2004_stress_grid_S0009,irrigation_positive_candidate,2004-08-17,230,67,62,"{""sim_day"": 67.0, ""doy"": 230.0, ""topwt"": 2183.712615966797, ""grnwt"": 0.0, ""xlai"": 0.5585131049156189, ""totir"": 20.0, ""tofer"": NaN, ""swfac"": 0.0, ""nstres"": 0.4334826469421386}",0.0,0.4334826469421386,2183.712615966797,0.0,0.5585131049156189,20.0,,0.0,0.0,20.0,0.0,6.284619140625001,14.284619140625,Leave_One_experiments/all_year_offline_schedule_search/daily_outputs/YCA/YCA_2004_YCA2004_stress_grid_S0009_daily.csv
YCA,YCA,Yucheng,2004,Leave_One_experiments\wth_generated_qc\YCA\YCA2004.WTH,dry_year;nitrogen_stress_year;irrigation_responsive_year,irrigation_responsive,YCA2004_stress_grid_S0009,irrigation_positive_candidate,2004-08-18,231,68,63,"{""sim_day"": 68.0, ""doy"": 231.0, ""topwt"": 2238.4169006347656, ""grnwt"": 0.0, ""xlai"": 0.5391845107078552, ""totir"": 20.0, ""tofer"": NaN, ""swfac"": 0.0, ""nstres"": 0.4305734038352966}",0.0,0.4305734038352966,2238.4169006347656,0.0,0.5391845107078552,20.0,,0.0,0.0,20.0,0.0,6.284619140625001,14.284619140625,Leave_One_experiments/all_year_offline_schedule_search/daily_outputs/YCA/YCA_2004_YCA2004_stress_grid_S0009_daily.csv
YCA,YCA,Yucheng,2004,Leave_One_experiments\wth_generated_qc\YCA\YCA2004.WTH,dry_year;nitrogen_stress_year;irrigation_responsive_year,irrigation_responsive,YCA2004_stress_grid_S0009,irrigation_positive_candidate,2004-08-19,232,69,64,"{""sim_day"": 69.0, ""doy"": 232.0, ""topwt"": 2274.830017089844, ""grnwt"": 0.0, ""xlai"": 0.5205996632575989, ""totir"": 20.0, ""tofer"": NaN, ""swfac"": 0.0, ""nstres"": 0.427243173122406}",0.0,0.427243173122406,2274.830017089844,0.0,0.5205996632575989,20.0,,0.0,0.0,20.0,0.0,6.284619140625001,14.284619140625,Leave_One_experiments/all_year_offline_schedule_search/daily_outputs/YCA/YCA_2004_YCA2004_stress_grid_S0009_daily.csv
YCA,YCA,Yucheng,2004,Leave_One_experiments\wth_generated_qc\YCA\YCA2004.WTH,dry_year;nitrogen_stress_year;irrigation_responsive_year,irrigation_responsive,YCA2004_stress_grid_S0009,irrigation_positive_candidate,2004-08-20,233,70,65,"{""sim_day"": 70.0, ""doy"": 233.0, ""topwt"": 2309.0879821777344, ""grnwt"": 0.0, ""xlai"": 0.5028274655342102, ""totir"": 20.0, ""tofer"": NaN, ""swfac"": 0.0, ""nstres"": 0.4193093776702881}",0.0,0.4193093776702881,2309.0879821777344,0.0,0.5028274655342102,20.0,,0.0,0.0,20.0,0.0,6.284619140625001,14.284619140625,Leave_One_experiments/all_year_offline_schedule_search/daily_outputs/YCA/YCA_2004_YCA2004_stress_grid_S0009_daily.csv
YCA,YCA,Yucheng,2004,Leave_One_experiments\wth_generated_qc\YCA\YCA2004.WTH,dry_year;nitrogen_stress_year;irrigation_responsive_year,irrigation_responsive,YCA2004_stress_grid_S0009,irrigation_positive_candidate,2004-08-21,234,71,66,"{""sim_day"": 71.0, ""doy"": 234.0, ""topwt"": 2341.7117309570312, ""grnwt"": 0.0, ""xlai"": 0.4859130680561065, ""totir"": 20.0, ""tofer"": NaN, ""swfac"": 0.0, ""nstres"": 0.4073261618614197}",0.0,0.4073261618614197,2341.7117309570312,0.0,0.4859130680561065,20.0,,0.0,0.0,20.0,0.0,6.284619140625001,14.284619140625,Leave_One_experiments/all_year_offline_schedule_search/daily_outputs/YCA/YCA_2004_YCA2004_stress_grid_S0009_daily.csv
YCA,YCA,Yucheng,2004,Leave_One_experiments\wth_generated_qc\YCA\YCA2004.WTH,dry_year;nitrogen_stress_year;irrigation_responsive_year,irrigation_responsive,YCA2004_stress_grid_S0009,irrigation_positive_candidate,2004-08-22,235,72,67,"{""sim_day"": 72.0, ""doy"": 235.0, ""topwt"": 2383.7579345703125, ""grnwt"": 0.0, ""xlai"": 0.4698336720466614, ""totir"": 20.0, ""tofer"": NaN, ""swfac"": 0.0, ""nstres"": 0.3941824436187744}",0.0,0.3941824436187744,2383.7579345703125,0.0,0.4698336720466614,20.0,,0.0,0.0,20.0,0.0,6.284619140625001,14.284619140625,Leave_One_experiments/all_year_offline_schedule_search/daily_outputs/YCA/YCA_2004_YCA2004_stress_grid_S0009_daily.csv
YCA,YCA,Yucheng,2004,Leave_One_experiments\wth_generated_qc\YCA\YCA2004.WTH,dry_year;nitrogen_stress_year;irrigation_responsive_year,irrigation_responsive,YCA2004_stress_grid_S0009,irrigation_positive_candidate,2004-08-23,236,73,68,"{""sim_day"": 73.0, ""doy"": 236.0, ""topwt"": 2411.9471740722656, ""grnwt"": 0.0, ""xlai"": 0.4545868039131164, ""totir"": 20.0, ""tofer"": NaN, ""swfac"": 0.0, ""nstres"": 0.3788408041000366}",0.0,0.3788408041000366,2411.9471740722656,0.0,0.4545868039131164,20.0,,0.0,0.0,20.0,0.0,6.284619140625001,14.284619140625,Leave_One_experiments/all_year_offline_schedule_search/daily_outputs/YCA/YCA_2004_YCA2004_stress_grid_S0009_daily.csv
YCA,YCA,Yucheng,2004,Leave_One_experiments\wth_generated_qc\YCA\YCA2004.WTH,dry_year;nitrogen_stress_year;irrigation_responsive_year,irrigation_responsive,YCA2004_stress_grid_S0009,irrigation_positive_candidate,2004-08-24,237,74,69,"{""sim_day"": 74.0, ""doy"": 237.0, ""topwt"": 2449.205322265625, ""grnwt"": 78.67362976074219, ""xlai"": 0.4401042759418487, ""totir"": 20.0, ""tofer"": NaN, ""swfac"": 0.0, ""nstres"": 0.3646075129508972}",0.0,0.3646075129508972,2449.205322265625,78.67362976074219,0.4401042759418487,20.0,,0.0,0.0,20.0,0.0,6.284619140625001,14.284619140625,Leave_One_experiments/all_year_offline_schedule_search/daily_outputs/YCA/YCA_2004_YCA2004_stress_grid_S0009_daily.csv
YCA,YCA,Yucheng,2004,Leave_One_experiments\wth_generated_qc\YCA\YCA2004.WTH,dry_year;nitrogen_stress_year;irrigation_responsive_year,irrigation_responsive,YCA2004_stress_grid_S0009,irrigation_positive_candidate,2004-08-25,238,75,70,"{""sim_day"": 75.0, ""doy"": 238.0, ""topwt"": 2478.7586975097656, ""grnwt"": 122.95328140258788, ""xlai"": 0.4257001280784607, ""totir"": 20.0, ""tofer"": NaN, ""swfac"": 0.0, ""nstres"": 0.3854930996894836}",0.0,0.3854930996894836,2478.7586975097656,122.95328140258788,0.4257001280784607,20.0,,0.0,0.0,20.0,0.0,6.284619140625001,14.284619140625,Leave_One_experiments/all_year_offline_schedule_search/daily_outputs/YCA/YCA_2004_YCA2004_stress_grid_S0009_daily.csv
YCA,YCA,Yucheng,2004,Leave_One_experiments\wth_generated_qc\YCA\YCA2004.WTH,dry_year;nitrogen_stress_year;irrigation_responsive_year,irrigation_responsive,YCA2004_stress_grid_S0009,irrigation_positive_candidate,2004-08-26,239,76,71,"{""sim_day"": 76.0, ""doy"": 239.0, ""topwt"": 2486.359100341797, ""grnwt"": 167.2329330444336, ""xlai"": 0.412142813205719, ""totir"": 20.0, ""tofer"": NaN, ""swfac"": 0.0, ""nstres"": 0.3643271923065185}",0.0,0.3643271923065185,2486.359100341797,167.2329330444336,0.412142813205719,20.0,,0.0,0.0,20.0,0.0,6.284619140625001,14.284619140625,Leave_One_experiments/all_year_offline_schedule_search/daily_outputs/YCA/YCA_2004_YCA2004_stress_grid_S0009_daily.csv
YCA,YCA,Yucheng,2004,Leave_One_experiments\wth_generated_qc\YCA\YCA2004.WTH,dry_year;nitrogen_stress_year;irrigation_responsive_year,irrigation_responsive,YCA2004_stress_grid_S0009,irrigation_positive_candidate,2004-08-27,240,77,72,"{""sim_day"": 77.0, ""doy"": 240.0, ""topwt"": 2537.87353515625, ""grnwt"": 211.5125846862793, ""xlai"": 0.399198979139328, ""totir"": 20.0, ""tofer"": NaN, ""swfac"": 0.0, ""nstres"": 0.3537493348121643}",0.0,0.3537493348121643,2537.87353515625,211.5125846862793,0.399198979139328,20.0,,0.0,0.0,20.0,0.0,6.284619140625001,14.284619140625,Leave_One_experiments/all_year_offline_schedule_search/daily_outputs/YCA/YCA_2004_YCA2004_stress_grid_S0009_daily.csv
YCA,YCA,Yucheng,2004,Leave_One_experiments\wth_generated_qc\YCA\YCA2004.WTH,dry_year;nitrogen_stress_year;irrigation_responsive_year,irrigation_responsive,YCA2004_stress_grid_S0009,irrigation_positive_candidate,2004-08-28,241,78,73,"{""sim_day"": 78.0, ""doy"": 241.0, ""topwt"": 2587.9559326171875, ""grnwt"": 255.792236328125, ""xlai"": 0.3870045840740204, ""totir"": 20.0, ""tofer"": NaN, ""swfac"": 0.0, ""nstres"": 0.3331291079521179}",0.0,0.3331291079521179,2587.9559326171875,255.792236328125,0.3870045840740204,20.0,,0.0,0.0,20.0,0.0,6.284619140625001,14.284619140625,Leave_One_experiments/all_year_offline_schedule_search/daily_outputs/YCA/YCA_2004_YCA2004_stress_grid_S0009_daily.csv
YCA,YCA,Yucheng,2004,Leave_One_experiments\wth_generated_qc\YCA\YCA2004.WTH,dry_year;nitrogen_stress_year;irrigation_responsive_year,irrigation_responsive,YCA2004_stress_grid_S0009,irrigation_positive_candidate,2004-08-29,242,79,74,"{""sim_day"": 79.0, ""doy"": 242.0, ""topwt"": 2637.5631713867188, ""grnwt"": 300.0718688964844, ""xlai"": 0.3751572966575622, ""totir"": 20.0, ""tofer"": NaN, ""swfac"": 0.0, ""nstres"": 0.3347089290618896}",0.0,0.3347089290618896,2637.5631713867188,300.0718688964844,0.3751572966575622,20.0,,0.0,0.0,20.0,0.0,6.284619140625001,14.284619140625,Leave_One_experiments/all_year_offline_schedule_search/daily_outputs/YCA/YCA_2004_YCA2004_stress_grid_S0009_daily.csv
YCA,YCA,Yucheng,2004,Leave_One_experiments\wth_generated_qc\YCA\YCA2004.WTH,dry_year;nitrogen_stress_year;irrigation_responsive_year,irrigation_responsive,YCA2004_stress_grid_S0009,irrigation_positive_candidate,2004-08-30,243,80,75,"{""sim_day"": 80.0, ""doy"": 243.0, ""topwt"": 2686.557922363281, ""grnwt"": 344.3515014648437, ""xlai"": 0.3637208938598633, ""totir"": 20.0, ""tofer"": NaN, ""swfac"": 0.0, ""nstres"": 0.3316249847412109}",0.0,0.3316249847412109,2686.557922363281,344.3515014648437,0.3637208938598633,20.0,,0.0,0.0,20.0,0.0,6.284619140625001,14.284619140625,Leave_One_experiments/all_year_offline_schedule_search/daily_outputs/YCA/YCA_2004_YCA2004_stress_grid_S0009_daily.csv
YCA,YCA,Yucheng,2004,Leave_One_experiments\wth_generated_qc\YCA\YCA2004.WTH,dry_year;nitrogen_stress_year;irrigation_responsive_year,irrigation_responsive,YCA2004_stress_grid_S0009,irrigation_positive_candidate,2004-08-31,244,81,76,"{""sim_day"": 81.0, ""doy"": 244.0, ""topwt"": 2733.9389038085938, ""grnwt"": 388.6311721801758, ""xlai"": 0.352592408657074, ""totir"": 20.0, ""tofer"": NaN, ""swfac"": 0.0, ""nstres"": 0.3343110084533691}",0.0,0.3343110084533691,2733.9389038085938,388.6311721801758,0.352592408657074,20.0,,0.0,0.0,20.0,0.0,6.284619140625001,14.284619140625,Leave_One_experiments/all_year_offline_schedule_search/daily_outputs/YCA/YCA_2004_YCA2004_stress_grid_S0009_daily.csv
YCA,YCA,Yucheng,2004,Leave_One_experiments\wth_generated_qc\YCA\YCA2004.WTH,dry_year;nitrogen_stress_year;irrigation_responsive_year,irrigation_responsive,YCA2004_stress_grid_S0009,irrigation_positive_candidate,2004-09-01,245,82,77,"{""sim_day"": 82.0, ""doy"": 245.0, ""topwt"": 2774.058532714844, ""grnwt"": 432.9108047485352, ""xlai"": 0.3417809009552002, ""totir"": 20.0, ""tofer"": NaN, ""swfac"": 0.0, ""nstres"": 0.3359131813049316}",0.0,0.3359131813049316,2774.058532714844,432.9108047485352,0.3417809009552002,20.0,,0.0,0.0,20.0,0.0,6.284619140625001,14.284619140625,Leave_One_experiments/all_year_offline_schedule_search/daily_outputs/YCA/YCA_2004_YCA2004_stress_grid_S0009_daily.csv
YCA,YCA,Yucheng,2004,Leave_One_experiments\wth_generated_qc\YCA\YCA2004.WTH,dry_year;nitrogen_stress_year;irrigation_responsive_year,irrigation_responsive,YCA2004_stress_grid_S0009,irrigation_positive_candidate,2004-09-02,246,83,78,"{""sim_day"": 83.0, ""doy"": 246.0, ""topwt"": 2798.4640502929688, ""grnwt"": 477.1904373168945, ""xlai"": 0.331291139125824, ""totir"": 20.0, ""tofer"": NaN, ""swfac"": 0.0, ""nstres"": 0.3365898132324219}",0.0,0.3365898132324219,2798.4640502929688,477.1904373168945,0.331291139125824,20.0,,0.0,0.0,20.0,0.0,6.284619140625001,14.284619140625,Leave_One_experiments/all_year_offline_schedule_search/daily_outputs/YCA/YCA_2004_YCA2004_stress_grid_S0009_daily.csv
YCA,YCA,Yucheng,2004,Leave_One_experiments\wth_generated_qc\YCA\YCA2004.WTH,dry_year;nitrogen_stress_year;irrigation_responsive_year,irrigation_responsive,YCA2004_stress_grid_S0009,irrigation_positive_candidate,2004-09-03,247,84,79,"{""sim_day"": 84.0, ""doy"": 247.0, ""topwt"": 2825.487365722656, ""grnwt"": 521.4700698852539, ""xlai"": 0.321157157421112, ""totir"": 20.0, ""tofer"": NaN, ""swfac"": 0.0, ""nstres"": 0.3341465592384338}",0.0,0.3341465592384338,2825.487365722656,521.4700698852539,0.321157157421112,20.0,,0.0,0.0,20.0,0.0,6.284619140625001,14.284619140625,Leave_One_experiments/all_year_offline_schedule_search/daily_outputs/YCA/YCA_2004_YCA2004_stress_grid_S0009_daily.csv
YCA,YCA,Yucheng,2004,Leave_One_experiments\wth_generated_qc\YCA\YCA2004.WTH,dry_year;nitrogen_stress_year;irrigation_responsive_year,irrigation_responsive,YCA2004_stress_grid_S0009,irrigation_positive_candidate,2004-09-04,248,85,80,"{""sim_day"": 85.0, ""doy"": 248.0, ""topwt"": 2865.6344604492188, ""grnwt"": 565.7497406005859, ""xlai"": 0.3114634156227112, ""totir"": 20.0, ""tofer"": NaN, ""swfac"": 0.0, ""nstres"": 0.3244129419326782}",0.0,0.3244129419326782,2865.6344604492188,565.7497406005859,0.3114634156227112,20.0,,0.0,0.0,20.0,0.0,6.284619140625001,14.284619140625,Leave_One_experiments/all_year_offline_schedule_search/daily_outputs/YCA/YCA_2004_YCA2004_stress_grid_S0009_daily.csv
YCA,YCA,Yucheng,2004,Leave_One_experiments\wth_generated_qc\YCA\YCA2004.WTH,dry_year;nitrogen_stress_year;irrigation_responsive_year,irrigation_responsive,YCA2004_stress_grid_S0009,irrigation_positive_candidate,2004-09-05,249,86,81,"{""sim_day"": 86.0, ""doy"": 249.0, ""topwt"": 2901.7837524414062, ""grnwt"": 610.0294494628906, ""xlai"": 0.3021692931652069, ""totir"": 20.0, ""tofer"": NaN, ""swfac"": 0.0, ""nstres"": 0.3161715269088745}",0.0,0.3161715269088745,2901.7837524414062,610.0294494628906,0.3021692931652069,20.0,,0.0,0.0,20.0,0.0,6.284619140625001,14.284619140625,Leave_One_experiments/all_year_offline_schedule_search/daily_outputs/YCA/YCA_2004_YCA2004_stress_grid_S0009_daily.csv
YCA,YCA,Yucheng,2004,Leave_One_experiments\wth_generated_qc\YCA\YCA2004.WTH,dry_year;nitrogen_stress_year;irrigation_responsive_year,irrigation_responsive,YCA2004_stress_grid_S0009,irrigation_positive_candidate,2004-09-06,250,87,82,"{""sim_day"": 87.0, ""doy"": 250.0, ""topwt"": 2955.1345825195312, ""grnwt"": 654.30908203125, ""xlai"": 0.2931569814682007, ""totir"": 20.0, ""tofer"": NaN, ""swfac"": 0.0, ""nstres"": 0.3158082365989685}",0.0,0.3158082365989685,2955.1345825195312,654.30908203125,0.2931569814682007,20.0,,0.0,0.0,20.0,0.0,6.284619140625001,14.284619140625,Leave_One_experiments/all_year_offline_schedule_search/daily_outputs/YCA/YCA_2004_YCA2004_stress_grid_S0009_daily.csv
YCA,YCA,Yucheng,2004,Leave_One_experiments\wth_generated_qc\YCA\YCA2004.WTH,dry_year;nitrogen_stress_year;irrigation_responsive_year,irrigation_responsive,YCA2004_stress_grid_S0009,irrigation_positive_candidate,2004-09-07,251,88,83,"{""sim_day"": 88.0, ""doy"": 251.0, ""topwt"": 3003.3126831054688, ""grnwt"": 698.5887908935547, ""xlai"": 0.2844398319721222, ""totir"": 20.0, ""tofer"": NaN, ""swfac"": 0.0, ""nstres"": 0.3136465549468994}",0.0,0.3136465549468994,3003.3126831054688,698.5887908935547,0.2844398319721222,20.0,,0.0,0.0,20.0,0.0,6.284619140625001,14.284619140625,Leave_One_experiments/all_year_offline_schedule_search/daily_outputs/YCA/YCA_2004_YCA2004_stress_grid_S0009_daily.csv
YCA,YCA,Yucheng,2004,Leave_One_experiments\wth_generated_qc\YCA\YCA2004.WTH,dry_year;nitrogen_stress_year;irrigation_responsive_year,irrigation_responsive,YCA2004_stress_grid_S0009,irrigation_positive_candidate,2004-09-08,252,89,84,"{""sim_day"": 89.0, ""doy"": 252.0, ""topwt"": 3051.0302734375, ""grnwt"": 742.8684234619141, ""xlai"": 0.2758930325508117, ""totir"": 20.0, ""tofer"": NaN, ""swfac"": 0.0, ""nstres"": 0.3211426138877868}",0.0,0.3211426138877868,3051.0302734375,742.8684234619141,0.2758930325508117,20.0,,0.0,0.0,20.0,0.0,6.284619140625001,14.284619140625,Leave_One_experiments/all_year_offline_schedule_search/daily_outputs/YCA/YCA_2004_YCA2004_stress_grid_S0009_daily.csv
YCA,YCA,Yucheng,2004,Leave_One_experiments\wth_generated_qc\YCA\YCA2004.WTH,dry_year;nitrogen_stress_year;irrigation_responsive_year,irrigation_responsive,YCA2004_stress_grid_S0009,irrigation_positive_candidate,2004-09-09,253,90,85,"{""sim_day"": 90.0, ""doy"": 253.0, ""topwt"": 3093.468017578125, ""grnwt"": 787.1481323242188, ""xlai"": 0.2675508856773376, ""totir"": 20.0, ""tofer"": NaN, ""swfac"": 0.0, ""nstres"": 0.3256863355636596}",0.0,0.3256863355636596,3093.468017578125,787.1481323242188,0.2675508856773376,20.0,,0.0,0.0,20.0,0.0,6.284619140625001,14.284619140625,Leave_One_experiments/all_year_offline_schedule_search/daily_outputs/YCA/YCA_2004_YCA2004_stress_grid_S0009_daily.csv
YCA,YCA,Yucheng,2004,Leave_One_experiments\wth_generated_qc\YCA\YCA2004.WTH,dry_year;nitrogen_stress_year;irrigation_responsive_year,irrigation_responsive,YCA2004_stress_grid_S0009,irrigation_positive_candidate,2004-09-10,254,91,86,"{""sim_day"": 91.0, ""doy"": 254.0, ""topwt"": 3135.4400634765625, ""grnwt"": 831.4277648925781, ""xlai"": 0.2594130337238312, ""totir"": 20.0, ""tofer"": NaN, ""swfac"": 0.0, ""nstres"": 0.3299838304519653}",0.0,0.3299838304519653,3135.4400634765625,831.4277648925781,0.2594130337238312,20.0,,0.0,0.0,20.0,0.0,6.284619140625001,14.284619140625,Leave_One_experiments/all_year_offline_schedule_search/daily_outputs/YCA/YCA_2004_YCA2004_stress_grid_S0009_daily.csv
YCA,YCA,Yucheng,2004,Leave_One_experiments\wth_generated_qc\YCA\YCA2004.WTH,dry_year;nitrogen_stress_year;irrigation_responsive_year,irrigation_responsive,YCA2004_stress_grid_S0009,irrigation_positive_candidate,2004-09-11,255,92,87,"{""sim_day"": 92.0, ""doy"": 255.0, ""topwt"": 3179.925842285156, ""grnwt"": 875.7074737548828, ""xlai"": 0.2515062391757965, ""totir"": 20.0, ""tofer"": NaN, ""swfac"": 0.0, ""nstres"": 0.3315073251724243}",0.0,0.3315073251724243,3179.925842285156,875.7074737548828,0.2515062391757965,20.0,,0.0,0.0,20.0,0.0,6.284619140625001,14.284619140625,Leave_One_experiments/all_year_offline_schedule_search/daily_outputs/YCA/YCA_2004_YCA2004_stress_grid_S0009_daily.csv
YCA,YCA,Yucheng,2004,Leave_One_experiments\wth_generated_qc\YCA\YCA2004.WTH,dry_year;nitrogen_stress_year;irrigation_responsive_year,irrigation_responsive,YCA2004_stress_grid_S0009,irrigation_positive_candidate,2004-09-12,256,93,88,"{""sim_day"": 93.0, ""doy"": 256.0, ""topwt"": 3215.1025390625, ""grnwt"": 919.9871826171876, ""xlai"": 0.2438247054815292, ""totir"": 20.0, ""tofer"": NaN, ""swfac"": 0.0, ""nstres"": 0.3330089449882507}",0.0,0.3330089449882507,3215.1025390625,919.9871826171876,0.2438247054815292,20.0,,0.0,0.0,20.0,0.0,6.284619140625001,14.284619140625,Leave_One_experiments/all_year_offline_schedule_search/daily_outputs/YCA/YCA_2004_YCA2004_stress_grid_S0009_daily.csv
YCA,YCA,Yucheng,2004,Leave_One_experiments\wth_generated_qc\YCA\YCA2004.WTH,dry_year;nitrogen_stress_year;irrigation_responsive_year,irrigation_responsive,YCA2004_stress_grid_S0009,irrigation_positive_candidate,2004-09-13,257,94,89,"{""sim_day"": 94.0, ""doy"": 257.0, ""topwt"": 3219.917297363281, ""grnwt"": 964.2668151855468, ""xlai"": 0.2363244593143463, ""totir"": 20.0, ""tofer"": NaN, ""swfac"": 0.0, ""nstres"": 0.338262140750885}",0.0,0.338262140750885,3219.917297363281,964.2668151855468,0.2363244593143463,20.0,,0.0,0.0,20.0,0.0,6.284619140625001,14.284619140625,Leave_One_experiments/all_year_offline_schedule_search/daily_outputs/YCA/YCA_2004_YCA2004_stress_grid_S0009_daily.csv
YCA,YCA,Yucheng,2004,Leave_One_experiments\wth_generated_qc\YCA\YCA2004.WTH,dry_year;nitrogen_stress_year;irrigation_responsive_year,irrigation_responsive,YCA2004_stress_grid_S0009,irrigation_positive_candidate,2004-09-14,258,95,90,"{""sim_day"": 95.0, ""doy"": 258.0, ""topwt"": 3256.158142089844, ""grnwt"": 1008.5465240478516, ""xlai"": 0.2291882038116455, ""totir"": 20.0, ""tofer"": NaN, ""swfac"": 0.0, ""nstres"": 0.3247305154800415}",0.0,0.3247305154800415,3256.158142089844,1008.5465240478516,0.2291882038116455,20.0,,0.0,0.0,20.0,0.0,6.284619140625001,14.284619140625,Leave_One_experiments/all_year_offline_schedule_search/daily_outputs/YCA/YCA_2004_YCA2004_stress_grid_S0009_daily.csv
YCA,YCA,Yucheng,2004,Leave_One_experiments\wth_generated_qc\YCA\YCA2004.WTH,dry_year;nitrogen_stress_year;irrigation_responsive_year,irrigation_responsive,YCA2004_stress_grid_S0009,irrigation_positive_candidate,2004-09-15,259,96,91,"{""sim_day"": 96.0, ""doy"": 259.0, ""topwt"": 3295.6613159179688, ""grnwt"": 1052.826156616211, ""xlai"": 0.2225271463394165, ""totir"": 20.0, ""tofer"": NaN, ""swfac"": 0.0, ""nstres"": 0.2975273132324219}",0.0,0.2975273132324219,3295.6613159179688,1052.826156616211,0.2225271463394165,20.0,,0.0,0.0,20.0,0.0,6.284619140625001,14.284619140625,Leave_One_experiments/all_year_offline_schedule_search/daily_outputs/YCA/YCA_2004_YCA2004_stress_grid_S0009_daily.csv
YCA,YCA,Yucheng,2004,Leave_One_experiments\wth_generated_qc\YCA\YCA2004.WTH,dry_year;nitrogen_stress_year;irrigation_responsive_year,irrigation_responsive,YCA2004_stress_grid_S0009,irrigation_positive_candidate,2004-09-16,260,97,92,"{""sim_day"": 97.0, ""doy"": 260.0, ""topwt"": 3308.695068359375, ""grnwt"": 1097.1058654785156, ""xlai"": 0.2160628139972686, ""totir"": 20.0, ""tofer"": NaN, ""swfac"": 0.0, ""nstres"": 0.2971963286399841}",0.0,0.2971963286399841,3308.695068359375,1097.1058654785156,0.2160628139972686,20.0,,0.0,0.0,20.0,0.0,6.284619140625001,14.284619140625,Leave_One_experiments/all_year_offline_schedule_search/daily_outputs/YCA/YCA_2004_YCA2004_stress_grid_S0009_daily.csv
YCA,YCA,Yucheng,2004,Leave_One_experiments\wth_generated_qc\YCA\YCA2004.WTH,dry_year;nitrogen_stress_year;irrigation_responsive_year,irrigation_responsive,YCA2004_stress_grid_S0009,irrigation_positive_candidate,2004-09-17,261,98,93,"{""sim_day"": 98.0, ""doy"": 261.0, ""topwt"": 3350.6851196289062, ""grnwt"": 1141.385498046875, ""xlai"": 0.2097849249839782, ""totir"": 20.0, ""tofer"": NaN, ""swfac"": 0.0, ""nstres"": 0.2973323464393616}",0.0,0.2973323464393616,3350.6851196289062,1141.385498046875,0.2097849249839782,20.0,,0.0,0.0,20.0,0.0,6.284619140625001,14.284619140625,Leave_One_experiments/all_year_offline_schedule_search/daily_outputs/YCA/YCA_2004_YCA2004_stress_grid_S0009_daily.csv
YCA,YCA,Yucheng,2004,Leave_One_experiments\wth_generated_qc\YCA\YCA2004.WTH,dry_year;nitrogen_stress_year;irrigation_responsive_year,irrigation_responsive,YCA2004_stress_grid_S0009,irrigation_positive_candidate,2004-09-18,262,99,94,"{""sim_day"": 99.0, ""doy"": 262.0, ""topwt"": 3377.6055908203125, ""grnwt"": 1185.6652069091797, ""xlai"": 0.2038358896970749, ""totir"": 20.0, ""tofer"": NaN, ""swfac"": 0.0, ""nstres"": 0.2805814743041992}",0.0,0.2805814743041992,3377.6055908203125,1185.6652069091797,0.2038358896970749,20.0,,0.0,0.0,20.0,0.0,6.284619140625001,14.284619140625,Leave_One_experiments/all_year_offline_schedule_search/daily_outputs/YCA/YCA_2004_YCA2004_stress_grid_S0009_daily.csv
YCA,YCA,Yucheng,2004,Leave_One_experiments\wth_generated_qc\YCA\YCA2004.WTH,dry_year;nitrogen_stress_year;irrigation_responsive_year,irrigation_responsive,YCA2004_stress_grid_S0009,irrigation_positive_candidate,2004-09-19,263,100,95,"{""sim_day"": 100.0, ""doy"": 263.0, ""topwt"": 3409.403686523437, ""grnwt"": 1229.944839477539, ""xlai"": 0.1980062872171402, ""totir"": 20.0, ""tofer"": NaN, ""swfac"": 0.0, ""nstres"": 0.2863853573799133}",0.0,0.2863853573799133,3409.403686523437,1229.944839477539,0.1980062872171402,20.0,,0.0,0.0,20.0,0.0,6.284619140625001,14.284619140625,Leave_One_experiments/all_year_offline_schedule_search/daily_outputs/YCA/YCA_2004_YCA2004_stress_grid_S0009_daily.csv
YCA,YCA,Yucheng,2004,Leave_One_experiments\wth_generated_qc\YCA\YCA2004.WTH,dry_year;nitrogen_stress_year;irrigation_responsive_year,irrigation_responsive,YCA2004_stress_grid_S0009,irrigation_positive_candidate,2004-09-20,264,101,96,"{""sim_day"": 101.0, ""doy"": 264.0, ""topwt"": 3451.7367553710938, ""grnwt"": 1274.2245483398438, ""xlai"": 0.1923838704824447, ""totir"": 20.0, ""tofer"": NaN, ""swfac"": 0.0, ""nstres"": 0.281484305858612}",0.0,0.281484305858612,3451.7367553710938,1274.2245483398438,0.1923838704824447,20.0,,0.0,0.0,20.0,0.0,6.284619140625001,14.284619140625,Leave_One_experiments/all_year_offline_schedule_search/daily_outputs/YCA/YCA_2004_YCA2004_stress_grid_S0009_daily.csv
YCA,YCA,Yucheng,2004,Leave_One_experiments\wth_generated_qc\YCA\YCA2004.WTH,dry_year;nitrogen_stress_year;irrigation_responsive_year,irrigation_responsive,YCA2004_stress_grid_S0009,irrigation_positive_candidate,2004-09-21,265,102,97,"{""sim_day"": 102.0, ""doy"": 265.0, ""topwt"": 3490.084228515625, ""grnwt"": 1318.5041809082031, ""xlai"": 0.1869209855794906, ""totir"": 20.0, ""tofer"": NaN, ""swfac"": 0.0, ""nstres"": 0.2814911007881164}",0.0,0.2814911007881164,3490.084228515625,1318.5041809082031,0.1869209855794906,20.0,,0.0,0.0,20.0,0.0,6.284619140625001,14.284619140625,Leave_One_experiments/all_year_offline_schedule_search/daily_outputs/YCA/YCA_2004_YCA2004_stress_grid_S0009_daily.csv
YCA,YCA,Yucheng,2004,Leave_One_experiments\wth_generated_qc\YCA\YCA2004.WTH,dry_year;nitrogen_stress_year;irrigation_responsive_year,irrigation_responsive,YCA2004_stress_grid_S0009,irrigation_positive_candidate,2004-09-22,266,103,98,"{""sim_day"": 103.0, ""doy"": 266.0, ""topwt"": 3522.03857421875, ""grnwt"": 1362.7838134765625, ""xlai"": 0.1815510690212249, ""totir"": 20.0, ""tofer"": NaN, ""swfac"": 0.0, ""nstres"": 0.289483368396759}",0.0,0.289483368396759,3522.03857421875,1362.7838134765625,0.1815510690212249,20.0,,0.0,0.0,20.0,0.0,6.284619140625001,14.284619140625,Leave_One_experiments/all_year_offline_schedule_search/daily_outputs/YCA/YCA_2004_YCA2004_stress_grid_S0009_daily.csv
YCA,YCA,Yucheng,2004,Leave_One_experiments\wth_generated_qc\YCA\YCA2004.WTH,dry_year;nitrogen_stress_year;irrigation_responsive_year,irrigation_responsive,YCA2004_stress_grid_S0009,irrigation_positive_candidate,2004-09-23,267,104,99,"{""sim_day"": 104.0, ""doy"": 267.0, ""topwt"": 3542.7911376953125, ""grnwt"": 1407.0635986328125, ""xlai"": 0.1762957274913787, ""totir"": 20.0, ""tofer"": NaN, ""swfac"": 0.0, ""nstres"": 0.2947283387184143}",0.0,0.2947283387184143,3542.7911376953125,1407.0635986328125,0.1762957274913787,20.0,,0.0,0.0,20.0,0.0,6.284619140625001,14.284619140625,Leave_One_experiments/all_year_offline_schedule_search/daily_outputs/YCA/YCA_2004_YCA2004_stress_grid_S0009_daily.csv
YCA,YCA,Yucheng,2004,Leave_One_experiments\wth_generated_qc\YCA\YCA2004.WTH,dry_year;nitrogen_stress_year;irrigation_responsive_year,irrigation_responsive,YCA2004_stress_grid_S0009,irrigation_positive_candidate,2004-09-24,268,105,100,"{""sim_day"": 105.0, ""doy"": 268.0, ""topwt"": 3560.9420776367188, ""grnwt"": 1451.343231201172, ""xlai"": 0.171202003955841, ""totir"": 20.0, ""tofer"": NaN, ""swfac"": 0.0, ""nstres"": 0.2934287190437317}",0.0,0.2934287190437317,3560.9420776367188,1451.343231201172,0.171202003955841,20.0,,0.0,0.0,20.0,0.0,6.284619140625001,14.284619140625,Leave_One_experiments/all_year_offline_schedule_search/daily_outputs/YCA/YCA_2004_YCA2004_stress_grid_S0009_daily.csv
YCA,YCA,Yucheng,2004,Leave_One_experiments\wth_generated_qc\YCA\YCA2004.WTH,dry_year;nitrogen_stress_year;irrigation_responsive_year,irrigation_responsive,YCA2004_stress_grid_S0009,irrigation_positive_candidate,2004-09-25,269,106,101,"{""sim_day"": 106.0, ""doy"": 269.0, ""topwt"": 3578.511962890625, ""grnwt"": 1495.6228637695312, ""xlai"": 0.1663280427455902, ""totir"": 20.0, ""tofer"": NaN, ""swfac"": 0.0, ""nstres"": 0.2832515239715576}",0.0,0.2832515239715576,3578.511962890625,1495.6228637695312,0.1663280427455902,20.0,,0.0,0.0,20.0,0.0,6.284619140625001,14.284619140625,Leave_One_experiments/all_year_offline_schedule_search/daily_outputs/YCA/YCA_2004_YCA2004_stress_grid_S0009_daily.csv
YCA,YCA,Yucheng,2004,Leave_One_experiments\wth_generated_qc\YCA\YCA2004.WTH,dry_year;nitrogen_stress_year;irrigation_responsive_year,irrigation_responsive,YCA2004_stress_grid_S0009,irrigation_positive_candidate,2004-09-26,270,107,102,"{""sim_day"": 107.0, ""doy"": 270.0, ""topwt"": 3601.295166015625, ""grnwt"": 1539.9026489257812, ""xlai"": 0.1616756618022918, ""totir"": 20.0, ""tofer"": NaN, ""swfac"": 0.0, ""nstres"": 0.2713180780410766}",0.0,0.2713180780410766,3601.295166015625,1539.9026489257812,0.1616756618022918,20.0,,0.0,0.0,20.0,0.0,6.284619140625001,14.284619140625,Leave_One_experiments/all_year_offline_schedule_search/daily_outputs/YCA/YCA_2004_YCA2004_stress_grid_S0009_daily.csv
YCA,YCA,Yucheng,2004,Leave_One_experiments\wth_generated_qc\YCA\YCA2004.WTH,dry_year;nitrogen_stress_year;irrigation_responsive_year,irrigation_responsive,YCA2004_stress_grid_S0009,irrigation_positive_candidate,2004-09-27,271,108,103,"{""sim_day"": 108.0, ""doy"": 271.0, ""topwt"": 3625.241088867188, ""grnwt"": 1584.1822814941406, ""xlai"": 0.1572126001119613, ""totir"": 20.0, ""tofer"": NaN, ""swfac"": 0.0, ""nstres"": 0.2625107765197754}",0.0,0.2625107765197754,3625.241088867188,1584.1822814941406,0.1572126001119613,20.0,,0.0,0.0,20.0,0.0,6.284619140625001,14.284619140625,Leave_One_experiments/all_year_offline_schedule_search/daily_outputs/YCA/YCA_2004_YCA2004_stress_grid_S0009_daily.csv
YCA,YCA,Yucheng,2004,Leave_One_experiments\wth_generated_qc\YCA\YCA2004.WTH,dry_year;nitrogen_stress_year;irrigation_responsive_year,irrigation_responsive,YCA2004_stress_grid_S0009,irrigation_positive_candidate,2004-09-28,272,109,104,"{""sim_day"": 109.0, ""doy"": 272.0, ""topwt"": 3648.7759399414062, ""grnwt"": 1628.4619140625, ""xlai"": 0.1529174596071243, ""totir"": 20.0, ""tofer"": NaN, ""swfac"": 0.0, ""nstres"": 0.2557041049003601}",0.0,0.2557041049003601,3648.7759399414062,1628.4619140625,0.1529174596071243,20.0,,0.0,0.0,20.0,0.0,6.284619140625001,14.284619140625,Leave_One_experiments/all_year_offline_schedule_search/daily_outputs/YCA/YCA_2004_YCA2004_stress_grid_S0009_daily.csv
YCA,YCA,Yucheng,2004,Leave_One_experiments\wth_generated_qc\YCA\YCA2004.WTH,dry_year;nitrogen_stress_year;irrigation_responsive_year,irrigation_responsive,YCA2004_stress_grid_S0009,irrigation_positive_candidate,2004-09-29,273,110,105,"{""sim_day"": 110.0, ""doy"": 273.0, ""topwt"": 3648.7759399414062, ""grnwt"": 1628.4619140625, ""xlai"": 0.1529174596071243, ""totir"": 20.0, ""tofer"": NaN, ""swfac"": 0.0, ""nstres"": 0.2578237056732178}",0.0,0.2578237056732178,3648.7759399414062,1628.4619140625,0.1529174596071243,20.0,,0.0,0.0,20.0,0.0,6.284619140625001,14.284619140625,Leave_One_experiments/all_year_offline_schedule_search/daily_outputs/YCA/YCA_2004_YCA2004_stress_grid_S0009_daily.csv
YCA,YCA,Yucheng,2004,Leave_One_experiments\wth_generated_qc\YCA\YCA2004.WTH,dry_year;nitrogen_stress_year;irrigation_responsive_year,irrigation_responsive,YCA2004_stress_grid_S0009,irrigation_positive_candidate,2004-09-30,274,111,106,"{""sim_day"": 111.0, ""doy"": 274.0, ""topwt"": 3648.7759399414062, ""grnwt"": 1628.4619140625, ""xlai"": 0.1529174596071243, ""totir"": 20.0, ""tofer"": NaN, ""swfac"": 0.0, ""nstres"": 0.2578237056732178}",0.0,0.2578237056732178,3648.7759399414062,1628.4619140625,0.1529174596071243,20.0,,0.0,0.0,20.0,0.0,6.284619140625001,14.284619140625,Leave_One_experiments/all_year_offline_schedule_search/daily_outputs/YCA/YCA_2004_YCA2004_stress_grid_S0009_daily.csv
YCA,YCA,Yucheng,2004,Leave_One_experiments\wth_generated_qc\YCA\YCA2004.WTH,dry_year;nitrogen_stress_year;irrigation_responsive_year,irrigation_responsive,YCA2004_stress_grid_S0009,irrigation_positive_candidate,2004-10-01,275,112,107,"{""sim_day"": 112.0, ""doy"": 275.0, ""topwt"": 3648.7759399414062, ""grnwt"": 1628.4619140625, ""xlai"": 0.1529174596071243, ""totir"": 20.0, ""tofer"": NaN, ""swfac"": 0.0, ""nstres"": 0.2578237056732178}",0.0,0.2578237056732178,3648.7759399414062,1628.4619140625,0.1529174596071243,20.0,,0.0,0.0,20.0,0.0,6.284619140625001,14.284619140625,Leave_One_experiments/all_year_offline_schedule_search/daily_outputs/YCA/YCA_2004_YCA2004_stress_grid_S0009_daily.csv
YCA,YCA,Yucheng,2004,Leave_One_experiments\wth_generated_qc\YCA\YCA2004.WTH,dry_year;nitrogen_stress_year;irrigation_responsive_year,irrigation_responsive,YCA2004_stress_grid_S0009,irrigation_positive_candidate,2004-10-02,276,113,108,"{""sim_day"": 113.0, ""doy"": 276.0, ""topwt"": 3648.7759399414062, ""grnwt"": 1628.4619140625, ""xlai"": 0.1529174596071243, ""totir"": 20.0, ""tofer"": NaN, ""swfac"": 0.0, ""nstres"": 0.2578237056732178}",0.0,0.2578237056732178,3648.7759399414062,1628.4619140625,0.1529174596071243,20.0,,0.0,0.0,20.0,0.0,6.284619140625001,14.284619140625,Leave_One_experiments/all_year_offline_schedule_search/daily_outputs/YCA/YCA_2004_YCA2004_stress_grid_S0009_daily.csv
YCA,YCA,Yucheng,2004,Leave_One_experiments\wth_generated_qc\YCA\YCA2004.WTH,dry_year;nitrogen_stress_year;irrigation_responsive_year,irrigation_responsive,YCA2004_stress_grid_S0009,irrigation_positive_candidate,2004-10-03,277,114,109,"{""sim_day"": 114.0, ""doy"": 277.0, ""topwt"": 3648.7759399414062, ""grnwt"": 1628.4619140625, ""xlai"": 0.1529174596071243, ""totir"": 20.0, ""tofer"": NaN, ""swfac"": 0.0, ""nstres"": 0.2578237056732178}",0.0,0.2578237056732178,3648.7759399414062,1628.4619140625,0.1529174596071243,20.0,,0.0,0.0,20.0,0.0,6.284619140625001,14.284619140625,Leave_One_experiments/all_year_offline_schedule_search/daily_outputs/YCA/YCA_2004_YCA2004_stress_grid_S0009_daily.csv
YCA,YCA,Yucheng,2004,Leave_One_experiments\wth_generated_qc\YCA\YCA2004.WTH,dry_year;nitrogen_stress_year;irrigation_responsive_year,irrigation_responsive,YCA2004_stress_grid_S0009,irrigation_positive_candidate,2004-10-04,278,115,110,"{""sim_day"": 115.0, ""doy"": 278.0, ""topwt"": 3648.7759399414062, ""grnwt"": 1628.4619140625, ""xlai"": 0.1529174596071243, ""totir"": 20.0, ""tofer"": NaN, ""swfac"": 0.0, ""nstres"": 0.2578237056732178}",0.0,0.2578237056732178,3648.7759399414062,1628.4619140625,0.1529174596071243,20.0,,0.0,0.0,20.0,0.0,6.284619140625001,14.284619140625,Leave_One_experiments/all_year_offline_schedule_search/daily_outputs/YCA/YCA_2004_YCA2004_stress_grid_S0009_daily.csv
YCA,YCA,Yucheng,2004,Leave_One_experiments\wth_generated_qc\YCA\YCA2004.WTH,dry_year;nitrogen_stress_year;irrigation_responsive_year,irrigation_responsive,YCA2004_stress_grid_S0010,pareto_balanced,2004-06-17,169,1,1,"{""sim_day"": 1.0, ""doy"": 169.0, ""topwt"": 0.0, ""grnwt"": 0.0, ""xlai"": 0.0, ""totir"": 0.0, ""tofer"": NaN, ""swfac"": 0.0, ""nstres"": 0.0}",0.0,0.0,0.0,0.0,0.0,0.0,,0.0,0.0,40.0,0.0,-2.921580505371093,13.078419494628909,Leave_One_experiments/all_year_offline_schedule_search/daily_outputs/YCA/YCA_2004_YCA2004_stress_grid_S0010_daily.csv
YCA,YCA,Yucheng,2004,Leave_One_experiments\wth_generated_qc\YCA\YCA2004.WTH,dry_year;nitrogen_stress_year;irrigation_responsive_year,irrigation_responsive,YCA2004_stress_grid_S0010,pareto_balanced,2004-06-18,170,2,2,"{""sim_day"": 2.0, ""doy"": 170.0, ""topwt"": 0.0, ""grnwt"": 0.0, ""xlai"": 0.0, ""totir"": 0.0, ""tofer"": NaN, ""swfac"": 0.0, ""nstres"": 0.0}",0.0,0.0,0.0,0.0,0.0,0.0,,0.0,0.0,40.0,0.0,-2.921580505371093,13.078419494628909,Leave_One_experiments/all_year_offline_schedule_search/daily_outputs/YCA/YCA_2004_YCA2004_stress_grid_S0010_daily.csv
YCA,YCA,Yucheng,2004,Leave_One_experiments\wth_generated_qc\YCA\YCA2004.WTH,dry_year;nitrogen_stress_year;irrigation_responsive_year,irrigation_responsive,YCA2004_stress_grid_S0010,pareto_balanced,2004-06-19,171,3,3,"{""sim_day"": 3.0, ""doy"": 171.0, ""topwt"": 0.0, ""grnwt"": 0.0, ""xlai"": 0.0, ""totir"": 0.0, ""tofer"": NaN, ""swfac"": 0.0, ""nstres"": 0.0}",0.0,0.0,0.0,0.0,0.0,0.0,,0.0,0.0,40.0,0.0,-2.921580505371093,13.078419494628909,Leave_One_experiments/all_year_offline_schedule_search/daily_outputs/YCA/YCA_2004_YCA2004_stress_grid_S0010_daily.csv
YCA,YCA,Yucheng,2004,Leave_One_experiments\wth_generated_qc\YCA\YCA2004.WTH,dry_year;nitrogen_stress_year;irrigation_responsive_year,irrigation_responsive,YCA2004_stress_grid_S0010,pareto_balanced,2004-06-20,172,4,4,"{""sim_day"": 4.0, ""doy"": 172.0, ""topwt"": 0.0, ""grnwt"": 0.0, ""xlai"": 0.0, ""totir"": 0.0, ""tofer"": NaN, ""swfac"": 0.0, ""nstres"": 0.0}",0.0,0.0,0.0,0.0,0.0,0.0,,0.0,0.0,40.0,0.0,-2.921580505371093,13.078419494628909,Leave_One_experiments/all_year_offline_schedule_search/daily_outputs/YCA/YCA_2004_YCA2004_stress_grid_S0010_daily.csv
YCA,YCA,Yucheng,2004,Leave_One_experiments\wth_generated_qc\YCA\YCA2004.WTH,dry_year;nitrogen_stress_year;irrigation_responsive_year,irrigation_responsive,YCA2004_stress_grid_S0010,pareto_balanced,2004-06-21,173,5,5,"{""sim_day"": 5.0, ""doy"": 173.0, ""topwt"": 0.0, ""grnwt"": 0.0, ""xlai"": 0.0, ""totir"": 0.0, ""tofer"": NaN, ""swfac"": 0.0, ""nstres"": 0.0}",0.0,0.0,0.0,0.0,0.0,0.0,,0.0,0.0,40.0,0.0,-2.921580505371093,13.078419494628909,Leave_One_experiments/all_year_offline_schedule_search/daily_outputs/YCA/YCA_2004_YCA2004_stress_grid_S0010_daily.csv
YCA,YCA,Yucheng,2004,Leave_One_experiments\wth_generated_qc\YCA\YCA2004.WTH,dry_year;nitrogen_stress_year;irrigation_responsive_year,irrigation_responsive,YCA2004_stress_grid_S0010,pareto_balanced,2004-06-17,169,6,1,"{""sim_day"": 6.0, ""doy"": 169.0, ""topwt"": 0.0, ""grnwt"": 0.0, ""xlai"": 0.0, ""totir"": 0.0, ""tofer"": NaN, ""swfac"": 0.0, ""nstres"": 0.0}",0.0,0.0,0.0,0.0,0.0,0.0,,0.0,0.0,40.0,0.0,-2.921580505371093,13.078419494628909,Leave_One_experiments/all_year_offline_schedule_search/daily_outputs/YCA/YCA_2004_YCA2004_stress_grid_S0010_daily.csv
YCA,YCA,Yucheng,2004,Leave_One_experiments\wth_generated_qc\YCA\YCA2004.WTH,dry_year;nitrogen_stress_year;irrigation_responsive_year,irrigation_responsive,YCA2004_stress_grid_S0010,pareto_balanced,2004-06-18,170,7,2,"{""sim_day"": 7.0, ""doy"": 170.0, ""topwt"": 0.0, ""grnwt"": 0.0, ""xlai"": 0.0, ""totir"": 0.0, ""tofer"": NaN, ""swfac"": 0.0, ""nstres"": 0.0}",0.0,0.0,0.0,0.0,0.0,0.0,,0.0,0.0,40.0,0.0,-2.921580505371093,13.078419494628909,Leave_One_experiments/all_year_offline_schedule_search/daily_outputs/YCA/YCA_2004_YCA2004_stress_grid_S0010_daily.csv
YCA,YCA,Yucheng,2004,Leave_One_experiments\wth_generated_qc\YCA\YCA2004.WTH,dry_year;nitrogen_stress_year;irrigation_responsive_year,irrigation_responsive,YCA2004_stress_grid_S0010,pareto_balanced,2004-06-19,171,8,3,"{""sim_day"": 8.0, ""doy"": 171.0, ""topwt"": 0.0, ""grnwt"": 0.0, ""xlai"": 0.0, ""totir"": 0.0, ""tofer"": NaN, ""swfac"": 0.0, ""nstres"": 0.0}",0.0,0.0,0.0,0.0,0.0,0.0,,0.0,0.0,40.0,0.0,-2.921580505371093,13.078419494628909,Leave_One_experiments/all_year_offline_schedule_search/daily_outputs/YCA/YCA_2004_YCA2004_stress_grid_S0010_daily.csv
YCA,YCA,Yucheng,2004,Leave_One_experiments\wth_generated_qc\YCA\YCA2004.WTH,dry_year;nitrogen_stress_year;irrigation_responsive_year,irrigation_responsive,YCA2004_stress_grid_S0010,pareto_balanced,2004-06-20,172,9,4,"{""sim_day"": 9.0, ""doy"": 172.0, ""topwt"": 0.0, ""grnwt"": 0.0, ""xlai"": 0.0, ""totir"": 0.0, ""tofer"": NaN, ""swfac"": 0.0, ""nstres"": 0.0}",0.0,0.0,0.0,0.0,0.0,0.0,,0.0,0.0,40.0,0.0,-2.921580505371093,13.078419494628909,Leave_One_experiments/all_year_offline_schedule_search/daily_outputs/YCA/YCA_2004_YCA2004_stress_grid_S0010_daily.csv
YCA,YCA,Yucheng,2004,Leave_One_experiments\wth_generated_qc\YCA\YCA2004.WTH,dry_year;nitrogen_stress_year;irrigation_responsive_year,irrigation_responsive,YCA2004_stress_grid_S0010,pareto_balanced,2004-06-21,173,10,5,"{""sim_day"": 10.0, ""doy"": 173.0, ""topwt"": 0.0, ""grnwt"": 0.0, ""xlai"": 0.0, ""totir"": 0.0, ""tofer"": NaN, ""swfac"": 0.0, ""nstres"": 0.0}",0.0,0.0,0.0,0.0,0.0,0.0,,0.0,0.0,40.0,0.0,-2.921580505371093,13.078419494628909,Leave_One_experiments/all_year_offline_schedule_search/daily_outputs/YCA/YCA_2004_YCA2004_stress_grid_S0010_daily.csv
YCA,YCA,Yucheng,2004,Leave_One_experiments\wth_generated_qc\YCA\YCA2004.WTH,dry_year;nitrogen_stress_year;irrigation_responsive_year,irrigation_responsive,YCA2004_stress_grid_S0010,pareto_balanced,2004-06-22,174,11,6,"{""sim_day"": 11.0, ""doy"": 174.0, ""topwt"": 26.400001049041748, ""grnwt"": 0.0, ""xlai"": 0.0042268736287951, ""totir"": 0.0, ""tofer"": NaN, ""swfac"": 0.0, ""nstres"": 0.0121910572052001}",0.0,0.0121910572052001,26.400001049041748,0.0,0.0042268736287951,0.0,,0.0,0.0,40.0,0.0,-2.921580505371093,13.078419494628909,Leave_One_experiments/all_year_offline_schedule_search/daily_outputs/YCA/YCA_2004_YCA2004_stress_grid_S0010_daily.csv
YCA,YCA,Yucheng,2004,Leave_One_experiments\wth_generated_qc\YCA\YCA2004.WTH,dry_year;nitrogen_stress_year;irrigation_responsive_year,irrigation_responsive,YCA2004_stress_grid_S0010,pareto_balanced,2004-06-23,175,12,7,"{""sim_day"": 12.0, ""doy"": 175.0, ""topwt"": 26.400001049041748, ""grnwt"": 0.0, ""xlai"": 0.0083226868882775, ""totir"": 0.0, ""tofer"": NaN, ""swfac"": 0.0, ""nstres"": 0.009961724281311}",0.0,0.009961724281311,26.400001049041748,0.0,0.0083226868882775,0.0,,0.0,0.0,40.0,0.0,-2.921580505371093,13.078419494628909,Leave_One_experiments/all_year_offline_schedule_search/daily_outputs/YCA/YCA_2004_YCA2004_stress_grid_S0010_daily.csv
YCA,YCA,Yucheng,2004,Leave_One_experiments\wth_generated_qc\YCA\YCA2004.WTH,dry_year;nitrogen_stress_year;irrigation_responsive_year,irrigation_responsive,YCA2004_stress_grid_S0010,pareto_balanced,2004-06-24,176,13,8,"{""sim_day"": 13.0, ""doy"": 176.0, ""topwt"": 26.400001049041748, ""grnwt"": 0.0, ""xlai"": 0.0126993553712964, ""totir"": 0.0, ""tofer"": NaN, ""swfac"": 0.0, ""nstres"": 0.0043007135391235}",0.0,0.0043007135391235,26.400001049041748,0.0,0.0126993553712964,0.0,,0.0,0.0,40.0,0.0,-2.921580505371093,13.078419494628909,Leave_One_experiments/all_year_offline_schedule_search/daily_outputs/YCA/YCA_2004_YCA2004_stress_grid_S0010_daily.csv
YCA,YCA,Yucheng,2004,Leave_One_experiments\wth_generated_qc\YCA\YCA2004.WTH,dry_year;nitrogen_stress_year;irrigation_responsive_year,irrigation_responsive,YCA2004_stress_grid_S0010,pareto_balanced,2004-06-25,177,14,9,"{""sim_day"": 14.0, ""doy"": 177.0, ""topwt"": 26.400001049041748, ""grnwt"": 0.0, ""xlai"": 0.0188038554042577, ""totir"": 0.0, ""tofer"": NaN, ""swfac"": 0.0, ""nstres"": 0.0}",0.0,0.0,26.400001049041748,0.0,0.0188038554042577,0.0,,0.0,0.0,40.0,0.0,-2.921580505371093,13.078419494628909,Leave_One_experiments/all_year_offline_schedule_search/daily_outputs/YCA/YCA_2004_YCA2004_stress_grid_S0010_daily.csv
YCA,YCA,Yucheng,2004,Leave_One_experiments\wth_generated_qc\YCA\YCA2004.WTH,dry_year;nitrogen_stress_year;irrigation_responsive_year,irrigation_responsive,YCA2004_stress_grid_S0010,pareto_balanced,2004-06-26,178,15,10,"{""sim_day"": 15.0, ""doy"": 178.0, ""topwt"": 26.400001049041748, ""grnwt"": 0.0, ""xlai"": 0.0431257709860801, ""totir"": 0.0, ""tofer"": NaN, ""swfac"": 0.0, ""nstres"": 0.0}",0.0,0.0,26.400001049041748,0.0,0.0431257709860801,0.0,,0.0,0.0,40.0,0.0,-2.921580505371093,13.078419494628909,Leave_One_experiments/all_year_offline_schedule_search/daily_outputs/YCA/YCA_2004_YCA2004_stress_grid_S0010_daily.csv
YCA,YCA,Yucheng,2004,Leave_One_experiments\wth_generated_qc\YCA\YCA2004.WTH,dry_year;nitrogen_stress_year;irrigation_responsive_year,irrigation_responsive,YCA2004_stress_grid_S0010,pareto_balanced,2004-06-27,179,16,11,"{""sim_day"": 16.0, ""doy"": 179.0, ""topwt"": 37.72831201553345, ""grnwt"": 0.0, ""xlai"": 0.0742550566792488, ""totir"": 0.0, ""tofer"": NaN, ""swfac"": 0.0, ""nstres"": 0.0}",0.0,0.0,37.72831201553345,0.0,0.0742550566792488,0.0,,0.0,0.0,40.0,0.0,-2.921580505371093,13.078419494628909,Leave_One_experiments/all_year_offline_schedule_search/daily_outputs/YCA/YCA_2004_YCA2004_stress_grid_S0010_daily.csv
YCA,YCA,Yucheng,2004,Leave_One_experiments\wth_generated_qc\YCA\YCA2004.WTH,dry_year;nitrogen_stress_year;irrigation_responsive_year,irrigation_responsive,YCA2004_stress_grid_S0010,pareto_balanced,2004-06-28,180,17,12,"{""sim_day"": 17.0, ""doy"": 180.0, ""topwt"": 51.435227394104, ""grnwt"": 0.0, ""xlai"": 0.1057449430227279, ""totir"": 0.0, ""tofer"": NaN, ""swfac"": 0.0, ""nstres"": 0.0}",0.0,0.0,51.435227394104,0.0,0.1057449430227279,0.0,,0.0,0.0,40.0,0.0,-2.921580505371093,13.078419494628909,Leave_One_experiments/all_year_offline_schedule_search/daily_outputs/YCA/YCA_2004_YCA2004_stress_grid_S0010_daily.csv
YCA,YCA,Yucheng,2004,Leave_One_experiments\wth_generated_qc\YCA\YCA2004.WTH,dry_year;nitrogen_stress_year;irrigation_responsive_year,irrigation_responsive,YCA2004_stress_grid_S0010,pareto_balanced,2004-06-29,181,18,13,"{""sim_day"": 18.0, ""doy"": 181.0, ""topwt"": 55.643696784973145, ""grnwt"": 0.0, ""xlai"": 0.1226834058761596, ""totir"": 0.0, ""tofer"": NaN, ""swfac"": 0.0, ""nstres"": 0.0}",0.0,0.0,55.643696784973145,0.0,0.1226834058761596,0.0,,0.0,0.0,40.0,0.0,-2.921580505371093,13.078419494628909,Leave_One_experiments/all_year_offline_schedule_search/daily_outputs/YCA/YCA_2004_YCA2004_stress_grid_S0010_daily.csv
YCA,YCA,Yucheng,2004,Leave_One_experiments\wth_generated_qc\YCA\YCA2004.WTH,dry_year;nitrogen_stress_year;irrigation_responsive_year,irrigation_responsive,YCA2004_stress_grid_S0010,pareto_balanced,2004-06-30,182,19,14,"{""sim_day"": 19.0, ""doy"": 182.0, ""topwt"": 75.14724254608154, ""grnwt"": 0.0, ""xlai"": 0.1551590859889984, ""totir"": 0.0, ""tofer"": NaN, ""swfac"": 0.0, ""nstres"": 0.0}",0.0,0.0,75.14724254608154,0.0,0.1551590859889984,0.0,,0.0,0.0,40.0,0.0,-2.921580505371093,13.078419494628909,Leave_One_experiments/all_year_offline_schedule_search/daily_outputs/YCA/YCA_2004_YCA2004_stress_grid_S0010_daily.csv
YCA,YCA,Yucheng,2004,Leave_One_experiments\wth_generated_qc\YCA\YCA2004.WTH,dry_year;nitrogen_stress_year;irrigation_responsive_year,irrigation_responsive,YCA2004_stress_grid_S0010,pareto_balanced,2004-07-01,183,20,15,"{""sim_day"": 20.0, ""doy"": 183.0, ""topwt"": 99.63871002197266, ""grnwt"": 0.0, ""xlai"": 0.2021870911121368, ""totir"": 0.0, ""tofer"": NaN, ""swfac"": 0.0, ""nstres"": 0.0}",0.0,0.0,99.63871002197266,0.0,0.2021870911121368,0.0,,0.0,0.0,40.0,0.0,-2.921580505371093,13.078419494628909,Leave_One_experiments/all_year_offline_schedule_search/daily_outputs/YCA/YCA_2004_YCA2004_stress_grid_S0010_daily.csv
YCA,YCA,Yucheng,2004,Leave_One_experiments\wth_generated_qc\YCA\YCA2004.WTH,dry_year;nitrogen_stress_year;irrigation_responsive_year,irrigation_responsive,YCA2004_stress_grid_S0010,pareto_balanced,2004-07-02,184,21,16,"{""sim_day"": 21.0, ""doy"": 184.0, ""topwt"": 129.9897289276123, ""grnwt"": 0.0, ""xlai"": 0.2554276585578918, ""totir"": 0.0, ""tofer"": NaN, ""swfac"": 0.0, ""nstres"": 0.0893858671188354}",0.0,0.0893858671188354,129.9897289276123,0.0,0.2554276585578918,0.0,,0.0,0.0,40.0,0.0,-2.921580505371093,13.078419494628909,Leave_One_experiments/all_year_offline_schedule_search/daily_outputs/YCA/YCA_2004_YCA2004_stress_grid_S0010_daily.csv
YCA,YCA,Yucheng,2004,Leave_One_experiments\wth_generated_qc\YCA\YCA2004.WTH,dry_year;nitrogen_stress_year;irrigation_responsive_year,irrigation_responsive,YCA2004_stress_grid_S0010,pareto_balanced,2004-07-03,185,22,17,"{""sim_day"": 22.0, ""doy"": 185.0, ""topwt"": 166.54176712036133, ""grnwt"": 0.0, ""xlai"": 0.3126899302005768, ""totir"": 0.0, ""tofer"": NaN, ""swfac"": 0.0, ""nstres"": 0.1653931140899658}",0.0,0.1653931140899658,166.54176712036133,0.0,0.3126899302005768,0.0,,0.0,0.0,40.0,0.0,-2.921580505371093,13.078419494628909,Leave_One_experiments/all_year_offline_schedule_search/daily_outputs/YCA/YCA_2004_YCA2004_stress_grid_S0010_daily.csv
YCA,YCA,Yucheng,2004,Leave_One_experiments\wth_generated_qc\YCA\YCA2004.WTH,dry_year;nitrogen_stress_year;irrigation_responsive_year,irrigation_responsive,YCA2004_stress_grid_S0010,pareto_balanced,2004-07-04,186,23,18,"{""sim_day"": 23.0, ""doy"": 186.0, ""topwt"": 204.64813232421875, ""grnwt"": 0.0, ""xlai"": 0.3661859631538391, ""totir"": 0.0, ""tofer"": NaN, ""swfac"": 0.0, ""nstres"": 0.2326278090476989}",0.0,0.2326278090476989,204.64813232421875,0.0,0.3661859631538391,0.0,,0.0,0.0,40.0,0.0,-2.921580505371093,13.078419494628909,Leave_One_experiments/all_year_offline_schedule_search/daily_outputs/YCA/YCA_2004_YCA2004_stress_grid_S0010_daily.csv
YCA,YCA,Yucheng,2004,Leave_One_experiments\wth_generated_qc\YCA\YCA2004.WTH,dry_year;nitrogen_stress_year;irrigation_responsive_year,irrigation_responsive,YCA2004_stress_grid_S0010,pareto_balanced,2004-07-05,187,24,19,"{""sim_day"": 24.0, ""doy"": 187.0, ""topwt"": 208.7749481201172, ""grnwt"": 0.0, ""xlai"": 0.387498140335083, ""totir"": 0.0, ""tofer"": NaN, ""swfac"": 0.0, ""nstres"": 0.3640350103378296}",0.0,0.3640350103378296,208.7749481201172,0.0,0.387498140335083,0.0,,0.0,0.0,40.0,0.0,-2.921580505371093,13.078419494628909,Leave_One_experiments/all_year_offline_schedule_search/daily_outputs/YCA/YCA_2004_YCA2004_stress_grid_S0010_daily.csv
YCA,YCA,Yucheng,2004,Leave_One_experiments\wth_generated_qc\YCA\YCA2004.WTH,dry_year;nitrogen_stress_year;irrigation_responsive_year,irrigation_responsive,YCA2004_stress_grid_S0010,pareto_balanced,2004-07-06,188,25,20,"{""sim_day"": 25.0, ""doy"": 188.0, ""topwt"": 223.88177871704104, ""grnwt"": 0.0, ""xlai"": 0.3981130421161651, ""totir"": 0.0, ""tofer"": NaN, ""swfac"": 0.0, ""nstres"": 0.5030118823051453}",0.0,0.5030118823051453,223.88177871704104,0.0,0.3981130421161651,0.0,,0.0,0.0,40.0,0.0,-2.921580505371093,13.078419494628909,Leave_One_experiments/all_year_offline_schedule_search/daily_outputs/YCA/YCA_2004_YCA2004_stress_grid_S0010_daily.csv
YCA,YCA,Yucheng,2004,Leave_One_experiments\wth_generated_qc\YCA\YCA2004.WTH,dry_year;nitrogen_stress_year;irrigation_responsive_year,irrigation_responsive,YCA2004_stress_grid_S0010,pareto_balanced,2004-07-07,189,26,21,"{""sim_day"": 26.0, ""doy"": 189.0, ""topwt"": 242.17464447021484, ""grnwt"": 0.0, ""xlai"": 0.414524644613266, ""totir"": 0.0, ""tofer"": NaN, ""swfac"": 0.0, ""nstres"": 0.423397958278656}",0.0,0.423397958278656,242.17464447021484,0.0,0.414524644613266,0.0,,0.0,0.0,40.0,0.0,-2.921580505371093,13.078419494628909,Leave_One_experiments/all_year_offline_schedule_search/daily_outputs/YCA/YCA_2004_YCA2004_stress_grid_S0010_daily.csv
YCA,YCA,Yucheng,2004,Leave_One_experiments\wth_generated_qc\YCA\YCA2004.WTH,dry_year;nitrogen_stress_year;irrigation_responsive_year,irrigation_responsive,YCA2004_stress_grid_S0010,pareto_balanced,2004-07-08,190,27,22,"{""sim_day"": 27.0, ""doy"": 190.0, ""topwt"": 267.5703430175781, ""grnwt"": 0.0, ""xlai"": 0.4420757591724396, ""totir"": 0.0, ""tofer"": NaN, ""swfac"": 0.0, ""nstres"": 0.3792681097984314}",0.0,0.3792681097984314,267.5703430175781,0.0,0.4420757591724396,0.0,,0.0,0.0,40.0,0.0,-2.921580505371093,13.078419494628909,Leave_One_experiments/all_year_offline_schedule_search/daily_outputs/YCA/YCA_2004_YCA2004_stress_grid_S0010_daily.csv
YCA,YCA,Yucheng,2004,Leave_One_experiments\wth_generated_qc\YCA\YCA2004.WTH,dry_year;nitrogen_stress_year;irrigation_responsive_year,irrigation_responsive,YCA2004_stress_grid_S0010,pareto_balanced,2004-07-09,191,28,23,"{""sim_day"": 28.0, ""doy"": 191.0, ""topwt"": 285.50004959106445, ""grnwt"": 0.0, ""xlai"": 0.4564831554889679, ""totir"": 0.0, ""tofer"": NaN, ""swfac"": 0.0, ""nstres"": 0.3676699995994568}",0.0,0.3676699995994568,285.50004959106445,0.0,0.4564831554889679,0.0,,0.0,0.0,40.0,0.0,-2.921580505371093,13.078419494628909,Leave_One_experiments/all_year_offline_schedule_search/daily_outputs/YCA/YCA_2004_YCA2004_stress_grid_S0010_daily.csv
YCA,YCA,Yucheng,2004,Leave_One_experiments\wth_generated_qc\YCA\YCA2004.WTH,dry_year;nitrogen_stress_year;irrigation_responsive_year,irrigation_responsive,YCA2004_stress_grid_S0010,pareto_balanced,2004-07-10,192,29,24,"{""sim_day"": 29.0, ""doy"": 192.0, ""topwt"": 311.16132736206055, ""grnwt"": 0.0, ""xlai"": 0.4813516139984131, ""totir"": 0.0, ""tofer"": NaN, ""swfac"": 0.0, ""nstres"": 0.3993865251541137}",0.0,0.3993865251541137,311.16132736206055,0.0,0.4813516139984131,0.0,,0.0,0.0,40.0,0.0,-2.921580505371093,13.078419494628909,Leave_One_experiments/all_year_offline_schedule_search/daily_outputs/YCA/YCA_2004_YCA2004_stress_grid_S0010_daily.csv
YCA,YCA,Yucheng,2004,Leave_One_experiments\wth_generated_qc\YCA\YCA2004.WTH,dry_year;nitrogen_stress_year;irrigation_responsive_year,irrigation_responsive,YCA2004_stress_grid_S0010,pareto_balanced,2004-07-11,193,30,25,"{""sim_day"": 30.0, ""doy"": 193.0, ""topwt"": 333.7898254394531, ""grnwt"": 0.0, ""xlai"": 0.4942917823791504, ""totir"": 0.0, ""tofer"": NaN, ""swfac"": 0.0, ""nstres"": 0.4019692540168762}",0.0,0.4019692540168762,333.7898254394531,0.0,0.4942917823791504,0.0,,0.0,0.0,40.0,0.0,-2.921580505371093,13.078419494628909,Leave_One_experiments/all_year_offline_schedule_search/daily_outputs/YCA/YCA_2004_YCA2004_stress_grid_S0010_daily.csv
YCA,YCA,Yucheng,2004,Leave_One_experiments\wth_generated_qc\YCA\YCA2004.WTH,dry_year;nitrogen_stress_year;irrigation_responsive_year,irrigation_responsive,YCA2004_stress_grid_S0010,pareto_balanced,2004-07-12,194,31,26,"{""sim_day"": 31.0, ""doy"": 194.0, ""topwt"": 369.6841812133789, ""grnwt"": 0.0, ""xlai"": 0.5305606126785278, ""totir"": 0.0, ""tofer"": NaN, ""swfac"": 0.0, ""nstres"": 0.403506875038147}",0.0,0.403506875038147,369.6841812133789,0.0,0.5305606126785278,0.0,,0.0,0.0,40.0,0.0,-2.921580505371093,13.078419494628909,Leave_One_experiments/all_year_offline_schedule_search/daily_outputs/YCA/YCA_2004_YCA2004_stress_grid_S0010_daily.csv
YCA,YCA,Yucheng,2004,Leave_One_experiments\wth_generated_qc\YCA\YCA2004.WTH,dry_year;nitrogen_stress_year;irrigation_responsive_year,irrigation_responsive,YCA2004_stress_grid_S0010,pareto_balanced,2004-07-13,195,32,27,"{""sim_day"": 32.0, ""doy"": 195.0, ""topwt"": 408.5350036621094, ""grnwt"": 0.0, ""xlai"": 0.5678392648696899, ""totir"": 0.0, ""tofer"": NaN, ""swfac"": 0.0, ""nstres"": 0.4051800966262817}",0.0,0.4051800966262817,408.5350036621094,0.0,0.5678392648696899,0.0,,0.0,0.0,40.0,0.0,-2.921580505371093,13.078419494628909,Leave_One_experiments/all_year_offline_schedule_search/daily_outputs/YCA/YCA_2004_YCA2004_stress_grid_S0010_daily.csv
YCA,YCA,Yucheng,2004,Leave_One_experiments\wth_generated_qc\YCA\YCA2004.WTH,dry_year;nitrogen_stress_year;irrigation_responsive_year,irrigation_responsive,YCA2004_stress_grid_S0010,pareto_balanced,2004-07-14,196,33,28,"{""sim_day"": 33.0, ""doy"": 196.0, ""topwt"": 448.5542297363281, ""grnwt"": 0.0, ""xlai"": 0.6032928228378296, ""totir"": 0.0, ""tofer"": NaN, ""swfac"": 0.0, ""nstres"": 0.4013360738754272}",0.0,0.4013360738754272,448.5542297363281,0.0,0.6032928228378296,0.0,,0.0,0.0,40.0,0.0,-2.921580505371093,13.078419494628909,Leave_One_experiments/all_year_offline_schedule_search/daily_outputs/YCA/YCA_2004_YCA2004_stress_grid_S0010_daily.csv
YCA,YCA,Yucheng,2004,Leave_One_experiments\wth_generated_qc\YCA\YCA2004.WTH,dry_year;nitrogen_stress_year;irrigation_responsive_year,irrigation_responsive,YCA2004_stress_grid_S0010,pareto_balanced,2004-07-15,197,34,29,"{""sim_day"": 34.0, ""doy"": 197.0, ""topwt"": 487.32383728027344, ""grnwt"": 0.0, ""xlai"": 0.6337564587593079, ""totir"": 0.0, ""tofer"": NaN, ""swfac"": 0.0, ""nstres"": 0.3930901885032654}",0.0,0.3930901885032654,487.32383728027344,0.0,0.6337564587593079,0.0,,0.0,0.0,40.0,0.0,-2.921580505371093,13.078419494628909,Leave_One_experiments/all_year_offline_schedule_search/daily_outputs/YCA/YCA_2004_YCA2004_stress_grid_S0010_daily.csv
YCA,YCA,Yucheng,2004,Leave_One_experiments\wth_generated_qc\YCA\YCA2004.WTH,dry_year;nitrogen_stress_year;irrigation_responsive_year,irrigation_responsive,YCA2004_stress_grid_S0010,pareto_balanced,2004-07-16,198,35,30,"{""sim_day"": 35.0, ""doy"": 198.0, ""topwt"": 504.2886352539063, ""grnwt"": 0.0, ""xlai"": 0.6341431736946106, ""totir"": 0.0, ""tofer"": NaN, ""swfac"": 0.0, ""nstres"": 0.3868163824081421}",0.0,0.3868163824081421,504.2886352539063,0.0,0.6341431736946106,0.0,,0.0,0.0,40.0,0.0,-2.921580505371093,13.078419494628909,Leave_One_experiments/all_year_offline_schedule_search/daily_outputs/YCA/YCA_2004_YCA2004_stress_grid_S0010_daily.csv
YCA,YCA,Yucheng,2004,Leave_One_experiments\wth_generated_qc\YCA\YCA2004.WTH,dry_year;nitrogen_stress_year;irrigation_responsive_year,irrigation_responsive,YCA2004_stress_grid_S0010,pareto_balanced,2004-07-17,199,36,31,"{""sim_day"": 36.0, ""doy"": 199.0, ""topwt"": 552.2171020507812, ""grnwt"": 0.0, ""xlai"": 0.6701176762580872, ""totir"": 0.0, ""tofer"": NaN, ""swfac"": 0.0, ""nstres"": 0.3908671736717224}",0.0,0.3908671736717224,552.2171020507812,0.0,0.6701176762580872,0.0,,0.0,0.0,40.0,0.0,-2.921580505371093,13.078419494628909,Leave_One_experiments/all_year_offline_schedule_search/daily_outputs/YCA/YCA_2004_YCA2004_stress_grid_S0010_daily.csv
YCA,YCA,Yucheng,2004,Leave_One_experiments\wth_generated_qc\YCA\YCA2004.WTH,dry_year;nitrogen_stress_year;irrigation_responsive_year,irrigation_responsive,YCA2004_stress_grid_S0010,pareto_balanced,2004-07-18,200,37,32,"{""sim_day"": 37.0, ""doy"": 200.0, ""topwt"": 608.4728622436523, ""grnwt"": 0.0, ""xlai"": 0.7111441493034363, ""totir"": 0.0, ""tofer"": NaN, ""swfac"": 0.0, ""nstres"": 0.3765415549278259}",0.0,0.3765415549278259,608.4728622436523,0.0,0.7111441493034363,0.0,,0.0,0.0,40.0,0.0,-2.921580505371093,13.078419494628909,Leave_One_experiments/all_year_offline_schedule_search/daily_outputs/YCA/YCA_2004_YCA2004_stress_grid_S0010_daily.csv
YCA,YCA,Yucheng,2004,Leave_One_experiments\wth_generated_qc\YCA\YCA2004.WTH,dry_year;nitrogen_stress_year;irrigation_responsive_year,irrigation_responsive,YCA2004_stress_grid_S0010,pareto_balanced,2004-07-19,201,38,33,"{""sim_day"": 38.0, ""doy"": 201.0, ""topwt"": 665.1026153564453, ""grnwt"": 0.0, ""xlai"": 0.7460759282112122, ""totir"": 0.0, ""tofer"": NaN, ""swfac"": 0.0, ""nstres"": 0.4091379046440124}",0.0,0.4091379046440124,665.1026153564453,0.0,0.7460759282112122,0.0,,0.0,0.0,40.0,0.0,-2.921580505371093,13.078419494628909,Leave_One_experiments/all_year_offline_schedule_search/daily_outputs/YCA/YCA_2004_YCA2004_stress_grid_S0010_daily.csv
YCA,YCA,Yucheng,2004,Leave_One_experiments\wth_generated_qc\YCA\YCA2004.WTH,dry_year;nitrogen_stress_year;irrigation_responsive_year,irrigation_responsive,YCA2004_stress_grid_S0010,pareto_balanced,2004-07-20,202,39,34,"{""sim_day"": 39.0, ""doy"": 202.0, ""topwt"": 725.0887298583984, ""grnwt"": 0.0, ""xlai"": 0.7776902914047241, ""totir"": 0.0, ""tofer"": NaN, ""swfac"": 0.0, ""nstres"": 0.4435591697692871}",0.0,0.4435591697692871,725.0887298583984,0.0,0.7776902914047241,0.0,,0.0,0.0,40.0,0.0,-2.921580505371093,13.078419494628909,Leave_One_experiments/all_year_offline_schedule_search/daily_outputs/YCA/YCA_2004_YCA2004_stress_grid_S0010_daily.csv
YCA,YCA,Yucheng,2004,Leave_One_experiments\wth_generated_qc\YCA\YCA2004.WTH,dry_year;nitrogen_stress_year;irrigation_responsive_year,irrigation_responsive,YCA2004_stress_grid_S0010,pareto_balanced,2004-07-21,203,40,35,"{""sim_day"": 40.0, ""doy"": 203.0, ""topwt"": 788.1949615478516, ""grnwt"": 0.0, ""xlai"": 0.8055761456489563, ""totir"": 0.0, ""tofer"": NaN, ""swfac"": 0.0, ""nstres"": 0.4706360697746277}",0.0,0.4706360697746277,788.1949615478516,0.0,0.8055761456489563,0.0,,0.0,0.0,40.0,0.0,-2.921580505371093,13.078419494628909,Leave_One_experiments/all_year_offline_schedule_search/daily_outputs/YCA/YCA_2004_YCA2004_stress_grid_S0010_daily.csv
YCA,YCA,Yucheng,2004,Leave_One_experiments\wth_generated_qc\YCA\YCA2004.WTH,dry_year;nitrogen_stress_year;irrigation_responsive_year,irrigation_responsive,YCA2004_stress_grid_S0010,pareto_balanced,2004-07-22,204,41,36,"{""sim_day"": 41.0, ""doy"": 204.0, ""topwt"": 853.6759948730469, ""grnwt"": 0.0, ""xlai"": 0.8290731310844421, ""totir"": 0.0, ""tofer"": NaN, ""swfac"": 0.0, ""nstres"": 0.4934582114219665}",0.0,0.4934582114219665,853.6759948730469,0.0,0.8290731310844421,0.0,,0.0,0.0,40.0,0.0,-2.921580505371093,13.078419494628909,Leave_One_experiments/all_year_offline_schedule_search/daily_outputs/YCA/YCA_2004_YCA2004_stress_grid_S0010_daily.csv
YCA,YCA,Yucheng,2004,Leave_One_experiments\wth_generated_qc\YCA\YCA2004.WTH,dry_year;nitrogen_stress_year;irrigation_responsive_year,irrigation_responsive,YCA2004_stress_grid_S0010,pareto_balanced,2004-07-23,205,42,37,"{""sim_day"": 42.0, ""doy"": 205.0, ""topwt"": 893.8114166259766, ""grnwt"": 0.0, ""xlai"": 0.8278447985649109, ""totir"": 0.0, ""tofer"": NaN, ""swfac"": 0.0, ""nstres"": 0.512997031211853}",0.0,0.512997031211853,893.8114166259766,0.0,0.8278447985649109,0.0,,0.0,0.0,40.0,0.0,-2.921580505371093,13.078419494628909,Leave_One_experiments/all_year_offline_schedule_search/daily_outputs/YCA/YCA_2004_YCA2004_stress_grid_S0010_daily.csv
YCA,YCA,Yucheng,2004,Leave_One_experiments\wth_generated_qc\YCA\YCA2004.WTH,dry_year;nitrogen_stress_year;irrigation_responsive_year,irrigation_responsive,YCA2004_stress_grid_S0010,pareto_balanced,2004-07-24,206,43,38,"{""sim_day"": 43.0, ""doy"": 206.0, ""topwt"": 949.9231719970704, ""grnwt"": 0.0, ""xlai"": 0.8353006839752197, ""totir"": 0.0, ""tofer"": NaN, ""swfac"": 0.0, ""nstres"": 0.5295498371124268}",0.0,0.5295498371124268,949.9231719970704,0.0,0.8353006839752197,0.0,,0.0,0.0,40.0,0.0,-2.921580505371093,13.078419494628909,Leave_One_experiments/all_year_offline_schedule_search/daily_outputs/YCA/YCA_2004_YCA2004_stress_grid_S0010_daily.csv
YCA,YCA,Yucheng,2004,Leave_One_experiments\wth_generated_qc\YCA\YCA2004.WTH,dry_year;nitrogen_stress_year;irrigation_responsive_year,irrigation_responsive,YCA2004_stress_grid_S0010,pareto_balanced,2004-07-25,207,44,39,"{""sim_day"": 44.0, ""doy"": 207.0, ""topwt"": 988.7926483154296, ""grnwt"": 0.0, ""xlai"": 0.8285541534423828, ""totir"": 0.0, ""tofer"": NaN, ""swfac"": 0.0, ""nstres"": 0.525956928730011}",0.0,0.525956928730011,988.7926483154296,0.0,0.8285541534423828,0.0,,0.0,0.0,40.0,0.0,-2.921580505371093,13.078419494628909,Leave_One_experiments/all_year_offline_schedule_search/daily_outputs/YCA/YCA_2004_YCA2004_stress_grid_S0010_daily.csv
YCA,YCA,Yucheng,2004,Leave_One_experiments\wth_generated_qc\YCA\YCA2004.WTH,dry_year;nitrogen_stress_year;irrigation_responsive_year,irrigation_responsive,YCA2004_stress_grid_S0010,pareto_balanced,2004-07-26,208,45,40,"{""sim_day"": 45.0, ""doy"": 208.0, ""topwt"": 1014.3306732177734, ""grnwt"": 0.0, ""xlai"": 0.8120192885398865, ""totir"": 0.0, ""tofer"": NaN, ""swfac"": 0.0, ""nstres"": 0.5333355665206909}",0.0,0.5333355665206909,1014.3306732177734,0.0,0.8120192885398865,0.0,,0.0,0.0,40.0,0.0,-2.921580505371093,13.078419494628909,Leave_One_experiments/all_year_offline_schedule_search/daily_outputs/YCA/YCA_2004_YCA2004_stress_grid_S0010_daily.csv
YCA,YCA,Yucheng,2004,Leave_One_experiments\wth_generated_qc\YCA\YCA2004.WTH,dry_year;nitrogen_stress_year;irrigation_responsive_year,irrigation_responsive,YCA2004_stress_grid_S0010,pareto_balanced,2004-07-27,209,46,41,"{""sim_day"": 46.0, ""doy"": 209.0, ""topwt"": 1071.3715362548828, ""grnwt"": 0.0, ""xlai"": 0.8134781718254089, ""totir"": 0.0, ""tofer"": NaN, ""swfac"": 0.0, ""nstres"": 0.5271832346916199}",0.0,0.5271832346916199,1071.3715362548828,0.0,0.8134781718254089,0.0,,0.0,0.0,40.0,0.0,-2.921580505371093,13.078419494628909,Leave_One_experiments/all_year_offline_schedule_search/daily_outputs/YCA/YCA_2004_YCA2004_stress_grid_S0010_daily.csv
YCA,YCA,Yucheng,2004,Leave_One_experiments\wth_generated_qc\YCA\YCA2004.WTH,dry_year;nitrogen_stress_year;irrigation_responsive_year,irrigation_responsive,YCA2004_stress_grid_S0010,pareto_balanced,2004-07-28,210,47,42,"{""sim_day"": 47.0, ""doy"": 210.0, ""topwt"": 1147.2303771972656, ""grnwt"": 0.0, ""xlai"": 0.8230343461036682, ""totir"": 0.0, ""tofer"": NaN, ""swfac"": 0.0, ""nstres"": 0.5120269656181335}",0.0,0.5120269656181335,1147.2303771972656,0.0,0.8230343461036682,0.0,,0.0,0.0,40.0,0.0,-2.921580505371093,13.078419494628909,Leave_One_experiments/all_year_offline_schedule_search/daily_outputs/YCA/YCA_2004_YCA2004_stress_grid_S0010_daily.csv
YCA,YCA,Yucheng,2004,Leave_One_experiments\wth_generated_qc\YCA\YCA2004.WTH,dry_year;nitrogen_stress_year;irrigation_responsive_year,irrigation_responsive,YCA2004_stress_grid_S0010,pareto_balanced,2004-07-29,211,48,43,"{""sim_day"": 48.0, ""doy"": 211.0, ""topwt"": 1154.9752044677734, ""grnwt"": 0.0, ""xlai"": 0.7952304482460022, ""totir"": 0.0, ""tofer"": NaN, ""swfac"": 0.0, ""nstres"": 0.520500659942627}",0.0,0.520500659942627,1154.9752044677734,0.0,0.7952304482460022,0.0,,0.0,0.0,40.0,0.0,-2.921580505371093,13.078419494628909,Leave_One_experiments/all_year_offline_schedule_search/daily_outputs/YCA/YCA_2004_YCA2004_stress_grid_S0010_daily.csv
YCA,YCA,Yucheng,2004,Leave_One_experiments\wth_generated_qc\YCA\YCA2004.WTH,dry_year;nitrogen_stress_year;irrigation_responsive_year,irrigation_responsive,YCA2004_stress_grid_S0010,pareto_balanced,2004-07-30,212,49,44,"{""sim_day"": 49.0, ""doy"": 212.0, ""topwt"": 1188.871612548828, ""grnwt"": 0.0, ""xlai"": 0.7804009914398193, ""totir"": 0.0, ""tofer"": NaN, ""swfac"": 0.0, ""nstres"": 0.537582516670227}",0.0,0.537582516670227,1188.871612548828,0.0,0.7804009914398193,0.0,,0.0,0.0,40.0,0.0,-2.921580505371093,13.078419494628909,Leave_One_experiments/all_year_offline_schedule_search/daily_outputs/YCA/YCA_2004_YCA2004_stress_grid_S0010_daily.csv
YCA,YCA,Yucheng,2004,Leave_One_experiments\wth_generated_qc\YCA\YCA2004.WTH,dry_year;nitrogen_stress_year;irrigation_responsive_year,irrigation_responsive,YCA2004_stress_grid_S0010,pareto_balanced,2004-07-31,213,50,45,"{""sim_day"": 50.0, ""doy"": 213.0, ""topwt"": 1260.197525024414, ""grnwt"": 0.0, ""xlai"": 0.7929235696792603, ""totir"": 0.0, ""tofer"": NaN, ""swfac"": 0.0, ""nstres"": 0.5162869095802307}",0.0,0.5162869095802307,1260.197525024414,0.0,0.7929235696792603,0.0,,0.0,0.0,40.0,0.0,-2.921580505371093,13.078419494628909,Leave_One_experiments/all_year_offline_schedule_search/daily_outputs/YCA/YCA_2004_YCA2004_stress_grid_S0010_daily.csv
YCA,YCA,Yucheng,2004,Leave_One_experiments\wth_generated_qc\YCA\YCA2004.WTH,dry_year;nitrogen_stress_year;irrigation_responsive_year,irrigation_responsive,YCA2004_stress_grid_S0010,pareto_balanced,2004-08-01,214,51,46,"{""sim_day"": 51.0, ""doy"": 214.0, ""topwt"": 1329.3132019042969, ""grnwt"": 0.0, ""xlai"": 0.7937396168708801, ""totir"": 0.0, ""tofer"": NaN, ""swfac"": 0.0, ""nstres"": 0.5074831247329712}",0.0,0.5074831247329712,1329.3132019042969,0.0,0.7937396168708801,0.0,,0.0,0.0,40.0,0.0,-2.921580505371093,13.078419494628909,Leave_One_experiments/all_year_offline_schedule_search/daily_outputs/YCA/YCA_2004_YCA2004_stress_grid_S0010_daily.csv
YCA,YCA,Yucheng,2004,Leave_One_experiments\wth_generated_qc\YCA\YCA2004.WTH,dry_year;nitrogen_stress_year;irrigation_responsive_year,irrigation_responsive,YCA2004_stress_grid_S0010,pareto_balanced,2004-08-02,215,52,47,"{""sim_day"": 52.0, ""doy"": 215.0, ""topwt"": 1374.1360473632812, ""grnwt"": 0.0, ""xlai"": 0.7803390622138977, ""totir"": 0.0, ""tofer"": NaN, ""swfac"": 0.0, ""nstres"": 0.5161164999008179}",0.0,0.5161164999008179,1374.1360473632812,0.0,0.7803390622138977,0.0,,0.0,0.0,40.0,0.0,-2.921580505371093,13.078419494628909,Leave_One_experiments/all_year_offline_schedule_search/daily_outputs/YCA/YCA_2004_YCA2004_stress_grid_S0010_daily.csv
YCA,YCA,Yucheng,2004,Leave_One_experiments\wth_generated_qc\YCA\YCA2004.WTH,dry_year;nitrogen_stress_year;irrigation_responsive_year,irrigation_responsive,YCA2004_stress_grid_S0010,pareto_balanced,2004-08-03,216,53,48,"{""sim_day"": 53.0, ""doy"": 216.0, ""topwt"": 1445.422821044922, ""grnwt"": 0.0, ""xlai"": 0.7744194269180298, ""totir"": 0.0, ""tofer"": NaN, ""swfac"": 0.0, ""nstres"": 0.521609365940094}",0.0,0.521609365940094,1445.422821044922,0.0,0.7744194269180298,0.0,,0.0,0.0,40.0,0.0,-2.921580505371093,13.078419494628909,Leave_One_experiments/all_year_offline_schedule_search/daily_outputs/YCA/YCA_2004_YCA2004_stress_grid_S0010_daily.csv
YCA,YCA,Yucheng,2004,Leave_One_experiments\wth_generated_qc\YCA\YCA2004.WTH,dry_year;nitrogen_stress_year;irrigation_responsive_year,irrigation_responsive,YCA2004_stress_grid_S0010,pareto_balanced,2004-08-04,217,54,49,"{""sim_day"": 54.0, ""doy"": 217.0, ""topwt"": 1520.4623413085938, ""grnwt"": 0.0, ""xlai"": 0.7682417035102844, ""totir"": 0.0, ""tofer"": NaN, ""swfac"": 0.0, ""nstres"": 0.5181073546409607}",0.0,0.5181073546409607,1520.4623413085938,0.0,0.7682417035102844,0.0,,0.0,0.0,40.0,0.0,-2.921580505371093,13.078419494628909,Leave_One_experiments/all_year_offline_schedule_search/daily_outputs/YCA/YCA_2004_YCA2004_stress_grid_S0010_daily.csv
YCA,YCA,Yucheng,2004,Leave_One_experiments\wth_generated_qc\YCA\YCA2004.WTH,dry_year;nitrogen_stress_year;irrigation_responsive_year,irrigation_responsive,YCA2004_stress_grid_S0010,pareto_balanced,2004-08-05,218,55,50,"{""sim_day"": 55.0, ""doy"": 218.0, ""topwt"": 1593.0650329589844, ""grnwt"": 0.0, ""xlai"": 0.75984126329422, ""totir"": 40.0, ""tofer"": NaN, ""swfac"": 0.0, ""nstres"": 0.5222991108894348}",0.0,0.5222991108894348,1593.0650329589844,0.0,0.75984126329422,40.0,,40.0,0.0,40.0,0.0,-2.921580505371093,13.078419494628909,Leave_One_experiments/all_year_offline_schedule_search/daily_outputs/YCA/YCA_2004_YCA2004_stress_grid_S0010_daily.csv
YCA,YCA,Yucheng,2004,Leave_One_experiments\wth_generated_qc\YCA\YCA2004.WTH,dry_year;nitrogen_stress_year;irrigation_responsive_year,irrigation_responsive,YCA2004_stress_grid_S0010,pareto_balanced,2004-08-06,219,56,51,"{""sim_day"": 56.0, ""doy"": 219.0, ""topwt"": 1668.4564208984375, ""grnwt"": 0.0, ""xlai"": 0.7519028782844543, ""totir"": 40.0, ""tofer"": NaN, ""swfac"": 0.0, ""nstres"": 0.4946038722991943}",0.0,0.4946038722991943,1668.4564208984375,0.0,0.7519028782844543,40.0,,0.0,0.0,40.0,0.0,-2.921580505371093,13.078419494628909,Leave_One_experiments/all_year_offline_schedule_search/daily_outputs/YCA/YCA_2004_YCA2004_stress_grid_S0010_daily.csv
YCA,YCA,Yucheng,2004,Leave_One_experiments\wth_generated_qc\YCA\YCA2004.WTH,dry_year;nitrogen_stress_year;irrigation_responsive_year,irrigation_responsive,YCA2004_stress_grid_S0010,pareto_balanced,2004-08-07,220,57,52,"{""sim_day"": 57.0, ""doy"": 220.0, ""topwt"": 1749.4305419921875, ""grnwt"": 0.0, ""xlai"": 0.7444535493850708, ""totir"": 40.0, ""tofer"": NaN, ""swfac"": 0.0, ""nstres"": 0.4927694797515869}",0.0,0.4927694797515869,1749.4305419921875,0.0,0.7444535493850708,40.0,,0.0,0.0,40.0,0.0,-2.921580505371093,13.078419494628909,Leave_One_experiments/all_year_offline_schedule_search/daily_outputs/YCA/YCA_2004_YCA2004_stress_grid_S0010_daily.csv
YCA,YCA,Yucheng,2004,Leave_One_experiments\wth_generated_qc\YCA\YCA2004.WTH,dry_year;nitrogen_stress_year;irrigation_responsive_year,irrigation_responsive,YCA2004_stress_grid_S0010,pareto_balanced,2004-08-08,221,58,53,"{""sim_day"": 58.0, ""doy"": 221.0, ""topwt"": 1808.603515625, ""grnwt"": 0.0, ""xlai"": 0.731462299823761, ""totir"": 40.0, ""tofer"": NaN, ""swfac"": 0.0, ""nstres"": 0.4997490048408508}",0.0,0.4997490048408508,1808.603515625,0.0,0.731462299823761,40.0,,0.0,0.0,40.0,0.0,-2.921580505371093,13.078419494628909,Leave_One_experiments/all_year_offline_schedule_search/daily_outputs/YCA/YCA_2004_YCA2004_stress_grid_S0010_daily.csv
YCA,YCA,Yucheng,2004,Leave_One_experiments\wth_generated_qc\YCA\YCA2004.WTH,dry_year;nitrogen_stress_year;irrigation_responsive_year,irrigation_responsive,YCA2004_stress_grid_S0010,pareto_balanced,2004-08-09,222,59,54,"{""sim_day"": 59.0, ""doy"": 222.0, ""topwt"": 1844.8834228515625, ""grnwt"": 0.0, ""xlai"": 0.7129256725311279, ""totir"": 40.0, ""tofer"": NaN, ""swfac"": 0.0, ""nstres"": 0.5049731731414795}",0.0,0.5049731731414795,1844.8834228515625,0.0,0.7129256725311279,40.0,,0.0,0.0,40.0,0.0,-2.921580505371093,13.078419494628909,Leave_One_experiments/all_year_offline_schedule_search/daily_outputs/YCA/YCA_2004_YCA2004_stress_grid_S0010_daily.csv
YCA,YCA,Yucheng,2004,Leave_One_experiments\wth_generated_qc\YCA\YCA2004.WTH,dry_year;nitrogen_stress_year;irrigation_responsive_year,irrigation_responsive,YCA2004_stress_grid_S0010,pareto_balanced,2004-08-10,223,60,55,"{""sim_day"": 60.0, ""doy"": 223.0, ""topwt"": 1914.5669555664065, ""grnwt"": 0.0, ""xlai"": 0.7037391066551208, ""totir"": 40.0, ""tofer"": NaN, ""swfac"": 0.0, ""nstres"": 0.5014248490333557}",0.0,0.5014248490333557,1914.5669555664065,0.0,0.7037391066551208,40.0,,0.0,0.0,40.0,0.0,-2.921580505371093,13.078419494628909,Leave_One_experiments/all_year_offline_schedule_search/daily_outputs/YCA/YCA_2004_YCA2004_stress_grid_S0010_daily.csv
YCA,YCA,Yucheng,2004,Leave_One_experiments\wth_generated_qc\YCA\YCA2004.WTH,dry_year;nitrogen_stress_year;irrigation_responsive_year,irrigation_responsive,YCA2004_stress_grid_S0010,pareto_balanced,2004-08-11,224,61,56,"{""sim_day"": 61.0, ""doy"": 224.0, ""topwt"": 1995.4112243652344, ""grnwt"": 0.0, ""xlai"": 0.6980302929878235, ""totir"": 40.0, ""tofer"": NaN, ""swfac"": 0.0, ""nstres"": 0.4917290806770324}",0.0,0.4917290806770324,1995.4112243652344,0.0,0.6980302929878235,40.0,,0.0,0.0,40.0,0.0,-2.921580505371093,13.078419494628909,Leave_One_experiments/all_year_offline_schedule_search/daily_outputs/YCA/YCA_2004_YCA2004_stress_grid_S0010_daily.csv
YCA,YCA,Yucheng,2004,Leave_One_experiments\wth_generated_qc\YCA\YCA2004.WTH,dry_year;nitrogen_stress_year;irrigation_responsive_year,irrigation_responsive,YCA2004_stress_grid_S0010,pareto_balanced,2004-08-12,225,62,57,"{""sim_day"": 62.0, ""doy"": 225.0, ""topwt"": 2000.71044921875, ""grnwt"": 0.0, ""xlai"": 0.6722071766853333, ""totir"": 40.0, ""tofer"": NaN, ""swfac"": 0.0, ""nstres"": 0.4878621697425842}",0.0,0.4878621697425842,2000.71044921875,0.0,0.6722071766853333,40.0,,0.0,0.0,40.0,0.0,-2.921580505371093,13.078419494628909,Leave_One_experiments/all_year_offline_schedule_search/daily_outputs/YCA/YCA_2004_YCA2004_stress_grid_S0010_daily.csv
YCA,YCA,Yucheng,2004,Leave_One_experiments\wth_generated_qc\YCA\YCA2004.WTH,dry_year;nitrogen_stress_year;irrigation_responsive_year,irrigation_responsive,YCA2004_stress_grid_S0010,pareto_balanced,2004-08-13,226,63,58,"{""sim_day"": 63.0, ""doy"": 226.0, ""topwt"": 2047.369079589844, ""grnwt"": 0.0, ""xlai"": 0.6475217342376709, ""totir"": 40.0, ""tofer"": NaN, ""swfac"": 0.0, ""nstres"": 0.4813486337661743}",0.0,0.4813486337661743,2047.369079589844,0.0,0.6475217342376709,40.0,,0.0,0.0,40.0,0.0,-2.921580505371093,13.078419494628909,Leave_One_experiments/all_year_offline_schedule_search/daily_outputs/YCA/YCA_2004_YCA2004_stress_grid_S0010_daily.csv
YCA,YCA,Yucheng,2004,Leave_One_experiments\wth_generated_qc\YCA\YCA2004.WTH,dry_year;nitrogen_stress_year;irrigation_responsive_year,irrigation_responsive,YCA2004_stress_grid_S0010,pareto_balanced,2004-08-14,227,64,59,"{""sim_day"": 64.0, ""doy"": 227.0, ""topwt"": 2080.5401611328125, ""grnwt"": 0.0, ""xlai"": 0.6242873072624207, ""totir"": 40.0, ""tofer"": NaN, ""swfac"": 0.0, ""nstres"": 0.4611706733703613}",0.0,0.4611706733703613,2080.5401611328125,0.0,0.6242873072624207,40.0,,0.0,0.0,40.0,0.0,-2.921580505371093,13.078419494628909,Leave_One_experiments/all_year_offline_schedule_search/daily_outputs/YCA/YCA_2004_YCA2004_stress_grid_S0010_daily.csv
YCA,YCA,Yucheng,2004,Leave_One_experiments\wth_generated_qc\YCA\YCA2004.WTH,dry_year;nitrogen_stress_year;irrigation_responsive_year,irrigation_responsive,YCA2004_stress_grid_S0010,pareto_balanced,2004-08-15,228,65,60,"{""sim_day"": 65.0, ""doy"": 228.0, ""topwt"": 2075.2374267578125, ""grnwt"": 0.0, ""xlai"": 0.6020540595054626, ""totir"": 40.0, ""tofer"": NaN, ""swfac"": 0.0, ""nstres"": 0.4547305107116699}",0.0,0.4547305107116699,2075.2374267578125,0.0,0.6020540595054626,40.0,,0.0,0.0,40.0,0.0,-2.921580505371093,13.078419494628909,Leave_One_experiments/all_year_offline_schedule_search/daily_outputs/YCA/YCA_2004_YCA2004_stress_grid_S0010_daily.csv
YCA,YCA,Yucheng,2004,Leave_One_experiments\wth_generated_qc\YCA\YCA2004.WTH,dry_year;nitrogen_stress_year;irrigation_responsive_year,irrigation_responsive,YCA2004_stress_grid_S0010,pareto_balanced,2004-08-16,229,66,61,"{""sim_day"": 66.0, ""doy"": 229.0, ""topwt"": 2137.667236328125, ""grnwt"": 0.0, ""xlai"": 0.5809078216552734, ""totir"": 40.0, ""tofer"": NaN, ""swfac"": 0.0, ""nstres"": 0.4429613947868347}",0.0,0.4429613947868347,2137.667236328125,0.0,0.5809078216552734,40.0,,0.0,0.0,40.0,0.0,-2.921580505371093,13.078419494628909,Leave_One_experiments/all_year_offline_schedule_search/daily_outputs/YCA/YCA_2004_YCA2004_stress_grid_S0010_daily.csv
YCA,YCA,Yucheng,2004,Leave_One_experiments\wth_generated_qc\YCA\YCA2004.WTH,dry_year;nitrogen_stress_year;irrigation_responsive_year,irrigation_responsive,YCA2004_stress_grid_S0010,pareto_balanced,2004-08-17,230,67,62,"{""sim_day"": 67.0, ""doy"": 230.0, ""topwt"": 2193.6122131347656, ""grnwt"": 0.0, ""xlai"": 0.561059832572937, ""totir"": 40.0, ""tofer"": NaN, ""swfac"": 0.0, ""nstres"": 0.4200126528739929}",0.0,0.4200126528739929,2193.6122131347656,0.0,0.561059832572937,40.0,,0.0,0.0,40.0,0.0,-2.921580505371093,13.078419494628909,Leave_One_experiments/all_year_offline_schedule_search/daily_outputs/YCA/YCA_2004_YCA2004_stress_grid_S0010_daily.csv
YCA,YCA,Yucheng,2004,Leave_One_experiments\wth_generated_qc\YCA\YCA2004.WTH,dry_year;nitrogen_stress_year;irrigation_responsive_year,irrigation_responsive,YCA2004_stress_grid_S0010,pareto_balanced,2004-08-18,231,68,63,"{""sim_day"": 68.0, ""doy"": 231.0, ""topwt"": 2250.5258178710938, ""grnwt"": 0.0, ""xlai"": 0.541985809803009, ""totir"": 40.0, ""tofer"": NaN, ""swfac"": 0.0, ""nstres"": 0.4159138202667236}",0.0,0.4159138202667236,2250.5258178710938,0.0,0.541985809803009,40.0,,0.0,0.0,40.0,0.0,-2.921580505371093,13.078419494628909,Leave_One_experiments/all_year_offline_schedule_search/daily_outputs/YCA/YCA_2004_YCA2004_stress_grid_S0010_daily.csv
YCA,YCA,Yucheng,2004,Leave_One_experiments\wth_generated_qc\YCA\YCA2004.WTH,dry_year;nitrogen_stress_year;irrigation_responsive_year,irrigation_responsive,YCA2004_stress_grid_S0010,pareto_balanced,2004-08-19,232,69,64,"{""sim_day"": 69.0, ""doy"": 232.0, ""topwt"": 2288.7808227539062, ""grnwt"": 0.0, ""xlai"": 0.5236634016036987, ""totir"": 40.0, ""tofer"": NaN, ""swfac"": 0.0, ""nstres"": 0.4113460183143616}",0.0,0.4113460183143616,2288.7808227539062,0.0,0.5236634016036987,40.0,,0.0,0.0,40.0,0.0,-2.921580505371093,13.078419494628909,Leave_One_experiments/all_year_offline_schedule_search/daily_outputs/YCA/YCA_2004_YCA2004_stress_grid_S0010_daily.csv
YCA,YCA,Yucheng,2004,Leave_One_experiments\wth_generated_qc\YCA\YCA2004.WTH,dry_year;nitrogen_stress_year;irrigation_responsive_year,irrigation_responsive,YCA2004_stress_grid_S0010,pareto_balanced,2004-08-20,233,70,65,"{""sim_day"": 70.0, ""doy"": 233.0, ""topwt"": 2325.013732910156, ""grnwt"": 0.0, ""xlai"": 0.5061665773391724, ""totir"": 40.0, ""tofer"": NaN, ""swfac"": 0.0, ""nstres"": 0.4018992781639099}",0.0,0.4018992781639099,2325.013732910156,0.0,0.5061665773391724,40.0,,0.0,0.0,40.0,0.0,-2.921580505371093,13.078419494628909,Leave_One_experiments/all_year_offline_schedule_search/daily_outputs/YCA/YCA_2004_YCA2004_stress_grid_S0010_daily.csv
YCA,YCA,Yucheng,2004,Leave_One_experiments\wth_generated_qc\YCA\YCA2004.WTH,dry_year;nitrogen_stress_year;irrigation_responsive_year,irrigation_responsive,YCA2004_stress_grid_S0010,pareto_balanced,2004-08-21,234,71,66,"{""sim_day"": 71.0, ""doy"": 234.0, ""topwt"": 2359.750518798828, ""grnwt"": 0.0, ""xlai"": 0.4895404279232025, ""totir"": 40.0, ""tofer"": NaN, ""swfac"": 0.0, ""nstres"": 0.388333797454834}",0.0,0.388333797454834,2359.750518798828,0.0,0.4895404279232025,40.0,,0.0,0.0,40.0,0.0,-2.921580505371093,13.078419494628909,Leave_One_experiments/all_year_offline_schedule_search/daily_outputs/YCA/YCA_2004_YCA2004_stress_grid_S0010_daily.csv
YCA,YCA,Yucheng,2004,Leave_One_experiments\wth_generated_qc\YCA\YCA2004.WTH,dry_year;nitrogen_stress_year;irrigation_responsive_year,irrigation_responsive,YCA2004_stress_grid_S0010,pareto_balanced,2004-08-22,235,72,67,"{""sim_day"": 72.0, ""doy"": 235.0, ""topwt"": 2404.4943237304688, ""grnwt"": 0.0, ""xlai"": 0.4737626910209656, ""totir"": 40.0, ""tofer"": NaN, ""swfac"": 0.0, ""nstres"": 0.3735108375549316}",0.0,0.3735108375549316,2404.4943237304688,0.0,0.4737626910209656,40.0,,0.0,0.0,40.0,0.0,-2.921580505371093,13.078419494628909,Leave_One_experiments/all_year_offline_schedule_search/daily_outputs/YCA/YCA_2004_YCA2004_stress_grid_S0010_daily.csv
YCA,YCA,Yucheng,2004,Leave_One_experiments\wth_generated_qc\YCA\YCA2004.WTH,dry_year;nitrogen_stress_year;irrigation_responsive_year,irrigation_responsive,YCA2004_stress_grid_S0010,pareto_balanced,2004-08-23,236,73,68,"{""sim_day"": 73.0, ""doy"": 236.0, ""topwt"": 2435.0135803222656, ""grnwt"": 0.0, ""xlai"": 0.4588305056095123, ""totir"": 40.0, ""tofer"": NaN, ""swfac"": 0.0, ""nstres"": 0.3564372658729553}",0.0,0.3564372658729553,2435.0135803222656,0.0,0.4588305056095123,40.0,,0.0,0.0,40.0,0.0,-2.921580505371093,13.078419494628909,Leave_One_experiments/all_year_offline_schedule_search/daily_outputs/YCA/YCA_2004_YCA2004_stress_grid_S0010_daily.csv
YCA,YCA,Yucheng,2004,Leave_One_experiments\wth_generated_qc\YCA\YCA2004.WTH,dry_year;nitrogen_stress_year;irrigation_responsive_year,irrigation_responsive,YCA2004_stress_grid_S0010,pareto_balanced,2004-08-24,237,74,69,"{""sim_day"": 74.0, ""doy"": 237.0, ""topwt"": 2474.0011596679688, ""grnwt"": 79.78095531463623, ""xlai"": 0.4446766972541809, ""totir"": 40.0, ""tofer"": NaN, ""swfac"": 0.0, ""nstres"": 0.3403435945510864}",0.0,0.3403435945510864,2474.0011596679688,79.78095531463623,0.4446766972541809,40.0,,0.0,0.0,40.0,0.0,-2.921580505371093,13.078419494628909,Leave_One_experiments/all_year_offline_schedule_search/daily_outputs/YCA/YCA_2004_YCA2004_stress_grid_S0010_daily.csv
YCA,YCA,Yucheng,2004,Leave_One_experiments\wth_generated_qc\YCA\YCA2004.WTH,dry_year;nitrogen_stress_year;irrigation_responsive_year,irrigation_responsive,YCA2004_stress_grid_S0010,pareto_balanced,2004-08-25,238,75,70,"{""sim_day"": 75.0, ""doy"": 238.0, ""topwt"": 2505.028839111328, ""grnwt"": 126.2969970703125, ""xlai"": 0.4305857717990875, ""totir"": 40.0, ""tofer"": NaN, ""swfac"": 0.0, ""nstres"": 0.3605117201805115}",0.0,0.3605117201805115,2505.028839111328,126.2969970703125,0.4305857717990875,40.0,,0.0,0.0,40.0,0.0,-2.921580505371093,13.078419494628909,Leave_One_experiments/all_year_offline_schedule_search/daily_outputs/YCA/YCA_2004_YCA2004_stress_grid_S0010_daily.csv
YCA,YCA,Yucheng,2004,Leave_One_experiments\wth_generated_qc\YCA\YCA2004.WTH,dry_year;nitrogen_stress_year;irrigation_responsive_year,irrigation_responsive,YCA2004_stress_grid_S0010,pareto_balanced,2004-08-26,239,76,71,"{""sim_day"": 76.0, ""doy"": 239.0, ""topwt"": 2513.0250549316406, ""grnwt"": 172.81305313110352, ""xlai"": 0.4173494875431061, ""totir"": 40.0, ""tofer"": NaN, ""swfac"": 0.0, ""nstres"": 0.3377605676651001}",0.0,0.3377605676651001,2513.0250549316406,172.81305313110352,0.4173494875431061,40.0,,0.0,0.0,40.0,0.0,-2.921580505371093,13.078419494628909,Leave_One_experiments/all_year_offline_schedule_search/daily_outputs/YCA/YCA_2004_YCA2004_stress_grid_S0010_daily.csv
YCA,YCA,Yucheng,2004,Leave_One_experiments\wth_generated_qc\YCA\YCA2004.WTH,dry_year;nitrogen_stress_year;irrigation_responsive_year,irrigation_responsive,YCA2004_stress_grid_S0010,pareto_balanced,2004-08-27,240,77,72,"{""sim_day"": 77.0, ""doy"": 240.0, ""topwt"": 2567.270812988281, ""grnwt"": 219.32910919189453, ""xlai"": 0.4047316014766693, ""totir"": 40.0, ""tofer"": NaN, ""swfac"": 0.0, ""nstres"": 0.3256024718284607}",0.0,0.3256024718284607,2567.270812988281,219.32910919189453,0.4047316014766693,40.0,,0.0,0.0,40.0,0.0,-2.921580505371093,13.078419494628909,Leave_One_experiments/all_year_offline_schedule_search/daily_outputs/YCA/YCA_2004_YCA2004_stress_grid_S0010_daily.csv
YCA,YCA,Yucheng,2004,Leave_One_experiments\wth_generated_qc\YCA\YCA2004.WTH,dry_year;nitrogen_stress_year;irrigation_responsive_year,irrigation_responsive,YCA2004_stress_grid_S0010,pareto_balanced,2004-08-28,241,78,73,"{""sim_day"": 78.0, ""doy"": 241.0, ""topwt"": 2620.089111328125, ""grnwt"": 265.8451461791992, ""xlai"": 0.3928778767585754, ""totir"": 40.0, ""tofer"": NaN, ""swfac"": 0.0, ""nstres"": 0.3029078245162964}",0.0,0.3029078245162964,2620.089111328125,265.8451461791992,0.3928778767585754,40.0,,0.0,0.0,40.0,0.0,-2.921580505371093,13.078419494628909,Leave_One_experiments/all_year_offline_schedule_search/daily_outputs/YCA/YCA_2004_YCA2004_stress_grid_S0010_daily.csv
YCA,YCA,Yucheng,2004,Leave_One_experiments\wth_generated_qc\YCA\YCA2004.WTH,dry_year;nitrogen_stress_year;irrigation_responsive_year,irrigation_responsive,YCA2004_stress_grid_S0010,pareto_balanced,2004-08-29,242,79,74,"{""sim_day"": 79.0, ""doy"": 242.0, ""topwt"": 2672.4526977539062, ""grnwt"": 312.36120223999023, ""xlai"": 0.381350040435791, ""totir"": 40.0, ""tofer"": NaN, ""swfac"": 0.0, ""nstres"": 0.3042109608650207}",0.0,0.3042109608650207,2672.4526977539062,312.36120223999023,0.381350040435791,40.0,,0.0,0.0,40.0,0.0,-2.921580505371093,13.078419494628909,Leave_One_experiments/all_year_offline_schedule_search/daily_outputs/YCA/YCA_2004_YCA2004_stress_grid_S0010_daily.csv
YCA,YCA,Yucheng,2004,Leave_One_experiments\wth_generated_qc\YCA\YCA2004.WTH,dry_year;nitrogen_stress_year;irrigation_responsive_year,irrigation_responsive,YCA2004_stress_grid_S0010,pareto_balanced,2004-08-30,243,80,75,"{""sim_day"": 80.0, ""doy"": 243.0, ""topwt"": 2724.219970703125, ""grnwt"": 358.87725830078125, ""xlai"": 0.370218813419342, ""totir"": 40.0, ""tofer"": NaN, ""swfac"": 0.0, ""nstres"": 0.3005359768867492}",0.0,0.3005359768867492,2724.219970703125,358.87725830078125,0.370218813419342,40.0,,0.0,0.0,40.0,0.0,-2.921580505371093,13.078419494628909,Leave_One_experiments/all_year_offline_schedule_search/daily_outputs/YCA/YCA_2004_YCA2004_stress_grid_S0010_daily.csv
YCA,YCA,Yucheng,2004,Leave_One_experiments\wth_generated_qc\YCA\YCA2004.WTH,dry_year;nitrogen_stress_year;irrigation_responsive_year,irrigation_responsive,YCA2004_stress_grid_S0010,pareto_balanced,2004-08-31,244,81,76,"{""sim_day"": 81.0, ""doy"": 244.0, ""topwt"": 2774.317626953125, ""grnwt"": 405.39329528808594, ""xlai"": 0.359373390674591, ""totir"": 40.0, ""tofer"": NaN, ""swfac"": 0.0, ""nstres"": 0.303071916103363}",0.0,0.303071916103363,2774.317626953125,405.39329528808594,0.359373390674591,40.0,,0.0,0.0,40.0,0.0,-2.921580505371093,13.078419494628909,Leave_One_experiments/all_year_offline_schedule_search/daily_outputs/YCA/YCA_2004_YCA2004_stress_grid_S0010_daily.csv
YCA,YCA,Yucheng,2004,Leave_One_experiments\wth_generated_qc\YCA\YCA2004.WTH,dry_year;nitrogen_stress_year;irrigation_responsive_year,irrigation_responsive,YCA2004_stress_grid_S0010,pareto_balanced,2004-09-01,245,82,77,"{""sim_day"": 82.0, ""doy"": 245.0, ""topwt"": 2817.051696777344, ""grnwt"": 451.9093704223633, ""xlai"": 0.348825454711914, ""totir"": 40.0, ""tofer"": NaN, ""swfac"": 0.0, ""nstres"": 0.3044241666793823}",0.0,0.3044241666793823,2817.051696777344,451.9093704223633,0.348825454711914,40.0,,0.0,0.0,40.0,0.0,-2.921580505371093,13.078419494628909,Leave_One_experiments/all_year_offline_schedule_search/daily_outputs/YCA/YCA_2004_YCA2004_stress_grid_S0010_daily.csv
YCA,YCA,Yucheng,2004,Leave_One_experiments\wth_generated_qc\YCA\YCA2004.WTH,dry_year;nitrogen_stress_year;irrigation_responsive_year,irrigation_responsive,YCA2004_stress_grid_S0010,pareto_balanced,2004-09-02,246,83,78,"{""sim_day"": 83.0, ""doy"": 246.0, ""topwt"": 2843.0938720703125, ""grnwt"": 498.425407409668, ""xlai"": 0.3385820686817169, ""totir"": 40.0, ""tofer"": NaN, ""swfac"": 0.0, ""nstres"": 0.3047723770141601}",0.0,0.3047723770141601,2843.0938720703125,498.425407409668,0.3385820686817169,40.0,,0.0,0.0,40.0,0.0,-2.921580505371093,13.078419494628909,Leave_One_experiments/all_year_offline_schedule_search/daily_outputs/YCA/YCA_2004_YCA2004_stress_grid_S0010_daily.csv
YCA,YCA,Yucheng,2004,Leave_One_experiments\wth_generated_qc\YCA\YCA2004.WTH,dry_year;nitrogen_stress_year;irrigation_responsive_year,irrigation_responsive,YCA2004_stress_grid_S0010,pareto_balanced,2004-09-03,247,84,79,"{""sim_day"": 84.0, ""doy"": 247.0, ""topwt"": 2871.9772338867188, ""grnwt"": 544.9414825439453, ""xlai"": 0.3286795020103454, ""totir"": 40.0, ""tofer"": NaN, ""swfac"": 0.0, ""nstres"": 0.3019294142723083}",0.0,0.3019294142723083,2871.9772338867188,544.9414825439453,0.3286795020103454,40.0,,0.0,0.0,40.0,0.0,-2.921580505371093,13.078419494628909,Leave_One_experiments/all_year_offline_schedule_search/daily_outputs/YCA/YCA_2004_YCA2004_stress_grid_S0010_daily.csv
YCA,YCA,Yucheng,2004,Leave_One_experiments\wth_generated_qc\YCA\YCA2004.WTH,dry_year;nitrogen_stress_year;irrigation_responsive_year,irrigation_responsive,YCA2004_stress_grid_S0010,pareto_balanced,2004-09-04,248,85,80,"{""sim_day"": 85.0, ""doy"": 248.0, ""topwt"": 2914.97802734375, ""grnwt"": 591.4574813842773, ""xlai"": 0.3192137479782104, ""totir"": 40.0, ""tofer"": NaN, ""swfac"": 0.0, ""nstres"": 0.2911843657493591}",0.0,0.2911843657493591,2914.97802734375,591.4574813842773,0.3192137479782104,40.0,,0.0,0.0,40.0,0.0,-2.921580505371093,13.078419494628909,Leave_One_experiments/all_year_offline_schedule_search/daily_outputs/YCA/YCA_2004_YCA2004_stress_grid_S0010_daily.csv
YCA,YCA,Yucheng,2004,Leave_One_experiments\wth_generated_qc\YCA\YCA2004.WTH,dry_year;nitrogen_stress_year;irrigation_responsive_year,irrigation_responsive,YCA2004_stress_grid_S0010,pareto_balanced,2004-09-05,249,86,81,"{""sim_day"": 86.0, ""doy"": 249.0, ""topwt"": 2953.7722778320312, ""grnwt"": 637.973518371582, ""xlai"": 0.3101413249969482, ""totir"": 40.0, ""tofer"": NaN, ""swfac"": 0.0, ""nstres"": 0.2821038961410522}",0.0,0.2821038961410522,2953.7722778320312,637.973518371582,0.3101413249969482,40.0,,0.0,0.0,40.0,0.0,-2.921580505371093,13.078419494628909,Leave_One_experiments/all_year_offline_schedule_search/daily_outputs/YCA/YCA_2004_YCA2004_stress_grid_S0010_daily.csv
YCA,YCA,Yucheng,2004,Leave_One_experiments\wth_generated_qc\YCA\YCA2004.WTH,dry_year;nitrogen_stress_year;irrigation_responsive_year,irrigation_responsive,YCA2004_stress_grid_S0010,pareto_balanced,2004-09-06,250,87,82,"{""sim_day"": 87.0, ""doy"": 250.0, ""topwt"": 3010.5697631835938, ""grnwt"": 684.4895172119141, ""xlai"": 0.3013314008712768, ""totir"": 40.0, ""tofer"": NaN, ""swfac"": 0.0, ""nstres"": 0.2817480564117431}",0.0,0.2817480564117431,3010.5697631835938,684.4895172119141,0.3013314008712768,40.0,,0.0,0.0,40.0,0.0,-2.921580505371093,13.078419494628909,Leave_One_experiments/all_year_offline_schedule_search/daily_outputs/YCA/YCA_2004_YCA2004_stress_grid_S0010_daily.csv
YCA,YCA,Yucheng,2004,Leave_One_experiments\wth_generated_qc\YCA\YCA2004.WTH,dry_year;nitrogen_stress_year;irrigation_responsive_year,irrigation_responsive,YCA2004_stress_grid_S0010,pareto_balanced,2004-09-07,251,88,83,"{""sim_day"": 88.0, ""doy"": 251.0, ""topwt"": 3061.84814453125, ""grnwt"": 731.0055541992188, ""xlai"": 0.2928003966808319, ""totir"": 40.0, ""tofer"": NaN, ""swfac"": 0.0, ""nstres"": 0.2794713973999023}",0.0,0.2794713973999023,3061.84814453125,731.0055541992188,0.2928003966808319,40.0,,0.0,0.0,40.0,0.0,-2.921580505371093,13.078419494628909,Leave_One_experiments/all_year_offline_schedule_search/daily_outputs/YCA/YCA_2004_YCA2004_stress_grid_S0010_daily.csv
YCA,YCA,Yucheng,2004,Leave_One_experiments\wth_generated_qc\YCA\YCA2004.WTH,dry_year;nitrogen_stress_year;irrigation_responsive_year,irrigation_responsive,YCA2004_stress_grid_S0010,pareto_balanced,2004-09-08,252,89,84,"{""sim_day"": 89.0, ""doy"": 252.0, ""topwt"": 3112.662048339844, ""grnwt"": 777.5215911865234, ""xlai"": 0.2844124436378479, ""totir"": 40.0, ""tofer"": NaN, ""swfac"": 0.0, ""nstres"": 0.2875328660011291}",0.0,0.2875328660011291,3112.662048339844,777.5215911865234,0.2844124436378479,40.0,,0.0,0.0,40.0,0.0,-2.921580505371093,13.078419494628909,Leave_One_experiments/all_year_offline_schedule_search/daily_outputs/YCA/YCA_2004_YCA2004_stress_grid_S0010_daily.csv
YCA,YCA,Yucheng,2004,Leave_One_experiments\wth_generated_qc\YCA\YCA2004.WTH,dry_year;nitrogen_stress_year;irrigation_responsive_year,irrigation_responsive,YCA2004_stress_grid_S0010,pareto_balanced,2004-09-09,253,90,85,"{""sim_day"": 90.0, ""doy"": 253.0, ""topwt"": 3158.442687988281, ""grnwt"": 824.0376281738281, ""xlai"": 0.2762078940868377, ""totir"": 40.0, ""tofer"": NaN, ""swfac"": 0.0, ""nstres"": 0.2923392057418823}",0.0,0.2923392057418823,3158.442687988281,824.0376281738281,0.2762078940868377,40.0,,0.0,0.0,40.0,0.0,-2.921580505371093,13.078419494628909,Leave_One_experiments/all_year_offline_schedule_search/daily_outputs/YCA/YCA_2004_YCA2004_stress_grid_S0010_daily.csv
YCA,YCA,Yucheng,2004,Leave_One_experiments\wth_generated_qc\YCA\YCA2004.WTH,dry_year;nitrogen_stress_year;irrigation_responsive_year,irrigation_responsive,YCA2004_stress_grid_S0010,pareto_balanced,2004-09-10,254,91,86,"{""sim_day"": 91.0, ""doy"": 254.0, ""topwt"": 3203.783569335937, ""grnwt"": 870.5535888671875, ""xlai"": 0.2681879699230194, ""totir"": 40.0, ""tofer"": NaN, ""swfac"": 0.0, ""nstres"": 0.2968582510948181}",0.0,0.2968582510948181,3203.783569335937,870.5535888671875,0.2681879699230194,40.0,,0.0,0.0,40.0,0.0,-2.921580505371093,13.078419494628909,Leave_One_experiments/all_year_offline_schedule_search/daily_outputs/YCA/YCA_2004_YCA2004_stress_grid_S0010_daily.csv
YCA,YCA,Yucheng,2004,Leave_One_experiments\wth_generated_qc\YCA\YCA2004.WTH,dry_year;nitrogen_stress_year;irrigation_responsive_year,irrigation_responsive,YCA2004_stress_grid_S0010,pareto_balanced,2004-09-11,255,92,87,"{""sim_day"": 92.0, ""doy"": 255.0, ""topwt"": 3251.205444335937, ""grnwt"": 917.0696258544922, ""xlai"": 0.2603804767131805, ""totir"": 40.0, ""tofer"": NaN, ""swfac"": 0.0, ""nstres"": 0.298697292804718}",0.0,0.298697292804718,3251.205444335937,917.0696258544922,0.2603804767131805,40.0,,0.0,0.0,40.0,0.0,-2.921580505371093,13.078419494628909,Leave_One_experiments/all_year_offline_schedule_search/daily_outputs/YCA/YCA_2004_YCA2004_stress_grid_S0010_daily.csv
YCA,YCA,Yucheng,2004,Leave_One_experiments\wth_generated_qc\YCA\YCA2004.WTH,dry_year;nitrogen_stress_year;irrigation_responsive_year,irrigation_responsive,YCA2004_stress_grid_S0010,pareto_balanced,2004-09-12,256,93,88,"{""sim_day"": 93.0, ""doy"": 256.0, ""topwt"": 3289.2822265625, ""grnwt"": 963.5856628417968, ""xlai"": 0.2527799904346466, ""totir"": 40.0, ""tofer"": NaN, ""swfac"": 0.0, ""nstres"": 0.3005537986755371}",0.0,0.3005537986755371,3289.2822265625,963.5856628417968,0.2527799904346466,40.0,,0.0,0.0,40.0,0.0,-2.921580505371093,13.078419494628909,Leave_One_experiments/all_year_offline_schedule_search/daily_outputs/YCA/YCA_2004_YCA2004_stress_grid_S0010_daily.csv
YCA,YCA,Yucheng,2004,Leave_One_experiments\wth_generated_qc\YCA\YCA2004.WTH,dry_year;nitrogen_stress_year;irrigation_responsive_year,irrigation_responsive,YCA2004_stress_grid_S0010,pareto_balanced,2004-09-13,257,94,89,"{""sim_day"": 94.0, ""doy"": 257.0, ""topwt"": 3294.500732421875, ""grnwt"": 1010.1016998291016, ""xlai"": 0.2453432381153106, ""totir"": 40.0, ""tofer"": NaN, ""swfac"": 0.0, ""nstres"": 0.3060799837112427}",0.0,0.3060799837112427,3294.500732421875,1010.1016998291016,0.2453432381153106,40.0,,0.0,0.0,40.0,0.0,-2.921580505371093,13.078419494628909,Leave_One_experiments/all_year_offline_schedule_search/daily_outputs/YCA/YCA_2004_YCA2004_stress_grid_S0010_daily.csv
YCA,YCA,Yucheng,2004,Leave_One_experiments\wth_generated_qc\YCA\YCA2004.WTH,dry_year;nitrogen_stress_year;irrigation_responsive_year,irrigation_responsive,YCA2004_stress_grid_S0010,pareto_balanced,2004-09-14,258,95,90,"{""sim_day"": 95.0, ""doy"": 258.0, ""topwt"": 3333.8394165039062, ""grnwt"": 1056.6177368164062, ""xlai"": 0.2382711172103881, ""totir"": 40.0, ""tofer"": NaN, ""swfac"": 0.0, ""nstres"": 0.2918068766593933}",0.0,0.2918068766593933,3333.8394165039062,1056.6177368164062,0.2382711172103881,40.0,,0.0,0.0,40.0,0.0,-2.921580505371093,13.078419494628909,Leave_One_experiments/all_year_offline_schedule_search/daily_outputs/YCA/YCA_2004_YCA2004_stress_grid_S0010_daily.csv
YCA,YCA,Yucheng,2004,Leave_One_experiments\wth_generated_qc\YCA\YCA2004.WTH,dry_year;nitrogen_stress_year;irrigation_responsive_year,irrigation_responsive,YCA2004_stress_grid_S0010,pareto_balanced,2004-09-15,259,96,91,"{""sim_day"": 96.0, ""doy"": 259.0, ""topwt"": 3376.558532714844, ""grnwt"": 1103.1336975097656, ""xlai"": 0.2316485494375229, ""totir"": 40.0, ""tofer"": NaN, ""swfac"": 0.0, ""nstres"": 0.2670615911483764}",0.0,0.2670615911483764,3376.558532714844,1103.1336975097656,0.2316485494375229,40.0,,0.0,0.0,40.0,0.0,-2.921580505371093,13.078419494628909,Leave_One_experiments/all_year_offline_schedule_search/daily_outputs/YCA/YCA_2004_YCA2004_stress_grid_S0010_daily.csv
YCA,YCA,Yucheng,2004,Leave_One_experiments\wth_generated_qc\YCA\YCA2004.WTH,dry_year;nitrogen_stress_year;irrigation_responsive_year,irrigation_responsive,YCA2004_stress_grid_S0010,pareto_balanced,2004-09-16,260,97,92,"{""sim_day"": 97.0, ""doy"": 260.0, ""topwt"": 3390.6573486328125, ""grnwt"": 1149.6497344970703, ""xlai"": 0.2252064645290374, ""totir"": 40.0, ""tofer"": NaN, ""swfac"": 0.0, ""nstres"": 0.2674298882484436}",0.0,0.2674298882484436,3390.6573486328125,1149.6497344970703,0.2252064645290374,40.0,,0.0,0.0,40.0,0.0,-2.921580505371093,13.078419494628909,Leave_One_experiments/all_year_offline_schedule_search/daily_outputs/YCA/YCA_2004_YCA2004_stress_grid_S0010_daily.csv
YCA,YCA,Yucheng,2004,Leave_One_experiments\wth_generated_qc\YCA\YCA2004.WTH,dry_year;nitrogen_stress_year;irrigation_responsive_year,irrigation_responsive,YCA2004_stress_grid_S0010,pareto_balanced,2004-09-17,261,98,93,"{""sim_day"": 98.0, ""doy"": 261.0, ""topwt"": 3436.0812377929688, ""grnwt"": 1196.165771484375, ""xlai"": 0.2189337164163589, ""totir"": 40.0, ""tofer"": NaN, ""swfac"": 0.0, ""nstres"": 0.2684775590896606}",0.0,0.2684775590896606,3436.0812377929688,1196.165771484375,0.2189337164163589,40.0,,0.0,0.0,40.0,0.0,-2.921580505371093,13.078419494628909,Leave_One_experiments/all_year_offline_schedule_search/daily_outputs/YCA/YCA_2004_YCA2004_stress_grid_S0010_daily.csv
YCA,YCA,Yucheng,2004,Leave_One_experiments\wth_generated_qc\YCA\YCA2004.WTH,dry_year;nitrogen_stress_year;irrigation_responsive_year,irrigation_responsive,YCA2004_stress_grid_S0010,pareto_balanced,2004-09-18,262,99,94,"{""sim_day"": 99.0, ""doy"": 262.0, ""topwt"": 3465.24169921875, ""grnwt"": 1242.6818084716797, ""xlai"": 0.2129953354597091, ""totir"": 40.0, ""tofer"": NaN, ""swfac"": 0.0, ""nstres"": 0.250974178314209}",0.0,0.250974178314209,3465.24169921875,1242.6818084716797,0.2129953354597091,40.0,,0.0,0.0,40.0,0.0,-2.921580505371093,13.078419494628909,Leave_One_experiments/all_year_offline_schedule_search/daily_outputs/YCA/YCA_2004_YCA2004_stress_grid_S0010_daily.csv
YCA,YCA,Yucheng,2004,Leave_One_experiments\wth_generated_qc\YCA\YCA2004.WTH,dry_year;nitrogen_stress_year;irrigation_responsive_year,irrigation_responsive,YCA2004_stress_grid_S0010,pareto_balanced,2004-09-19,263,100,95,"{""sim_day"": 100.0, ""doy"": 263.0, ""topwt"": 3499.68017578125, ""grnwt"": 1289.1978454589844, ""xlai"": 0.2071550786495208, ""totir"": 40.0, ""tofer"": NaN, ""swfac"": 0.0, ""nstres"": 0.2580727934837341}",0.0,0.2580727934837341,3499.68017578125,1289.1978454589844,0.2071550786495208,40.0,,0.0,0.0,40.0,0.0,-2.921580505371093,13.078419494628909,Leave_One_experiments/all_year_offline_schedule_search/daily_outputs/YCA/YCA_2004_YCA2004_stress_grid_S0010_daily.csv
YCA,YCA,Yucheng,2004,Leave_One_experiments\wth_generated_qc\YCA\YCA2004.WTH,dry_year;nitrogen_stress_year;irrigation_responsive_year,irrigation_responsive,YCA2004_stress_grid_S0010,pareto_balanced,2004-09-20,264,101,96,"{""sim_day"": 101.0, ""doy"": 264.0, ""topwt"": 3545.48583984375, ""grnwt"": 1335.7138061523438, ""xlai"": 0.201505109667778, ""totir"": 40.0, ""tofer"": NaN, ""swfac"": 0.0, ""nstres"": 0.2545827031135559}",0.0,0.2545827031135559,3545.48583984375,1335.7138061523438,0.201505109667778,40.0,,0.0,0.0,40.0,0.0,-2.921580505371093,13.078419494628909,Leave_One_experiments/all_year_offline_schedule_search/daily_outputs/YCA/YCA_2004_YCA2004_stress_grid_S0010_daily.csv
YCA,YCA,Yucheng,2004,Leave_One_experiments\wth_generated_qc\YCA\YCA2004.WTH,dry_year;nitrogen_stress_year;irrigation_responsive_year,irrigation_responsive,YCA2004_stress_grid_S0010,pareto_balanced,2004-09-21,265,102,97,"{""sim_day"": 102.0, ""doy"": 265.0, ""topwt"": 3587.0513916015625, ""grnwt"": 1382.2299194335938, ""xlai"": 0.1960128992795944, ""totir"": 40.0, ""tofer"": NaN, ""swfac"": 0.0, ""nstres"": 0.2541422247886657}",0.0,0.2541422247886657,3587.0513916015625,1382.2299194335938,0.1960128992795944,40.0,,0.0,0.0,40.0,0.0,-2.921580505371093,13.078419494628909,Leave_One_experiments/all_year_offline_schedule_search/daily_outputs/YCA/YCA_2004_YCA2004_stress_grid_S0010_daily.csv
YCA,YCA,Yucheng,2004,Leave_One_experiments\wth_generated_qc\YCA\YCA2004.WTH,dry_year;nitrogen_stress_year;irrigation_responsive_year,irrigation_responsive,YCA2004_stress_grid_S0010,pareto_balanced,2004-09-22,266,103,98,"{""sim_day"": 103.0, ""doy"": 266.0, ""topwt"": 3621.6970825195312, ""grnwt"": 1428.7458801269531, ""xlai"": 0.1905970722436905, ""totir"": 40.0, ""tofer"": NaN, ""swfac"": 0.0, ""nstres"": 0.2631102204322815}",0.0,0.2631102204322815,3621.6970825195312,1428.7458801269531,0.1905970722436905,40.0,,0.0,0.0,40.0,0.0,-2.921580505371093,13.078419494628909,Leave_One_experiments/all_year_offline_schedule_search/daily_outputs/YCA/YCA_2004_YCA2004_stress_grid_S0010_daily.csv
YCA,YCA,Yucheng,2004,Leave_One_experiments\wth_generated_qc\YCA\YCA2004.WTH,dry_year;nitrogen_stress_year;irrigation_responsive_year,irrigation_responsive,YCA2004_stress_grid_S0010,pareto_balanced,2004-09-23,267,104,99,"{""sim_day"": 104.0, ""doy"": 267.0, ""topwt"": 3644.19921875, ""grnwt"": 1475.2618408203125, ""xlai"": 0.1852816194295883, ""totir"": 40.0, ""tofer"": NaN, ""swfac"": 0.0, ""nstres"": 0.2693208456039428}",0.0,0.2693208456039428,3644.19921875,1475.2618408203125,0.1852816194295883,40.0,,0.0,0.0,40.0,0.0,-2.921580505371093,13.078419494628909,Leave_One_experiments/all_year_offline_schedule_search/daily_outputs/YCA/YCA_2004_YCA2004_stress_grid_S0010_daily.csv
YCA,YCA,Yucheng,2004,Leave_One_experiments\wth_generated_qc\YCA\YCA2004.WTH,dry_year;nitrogen_stress_year;irrigation_responsive_year,irrigation_responsive,YCA2004_stress_grid_S0010,pareto_balanced,2004-09-24,268,105,100,"{""sim_day"": 105.0, ""doy"": 268.0, ""topwt"": 3663.8873291015625, ""grnwt"": 1521.7779541015625, ""xlai"": 0.1801205426454544, ""totir"": 40.0, ""tofer"": NaN, ""swfac"": 0.0, ""nstres"": 0.2685357928276062}",0.0,0.2685357928276062,3663.8873291015625,1521.7779541015625,0.1801205426454544,40.0,,0.0,0.0,40.0,0.0,-2.921580505371093,13.078419494628909,Leave_One_experiments/all_year_offline_schedule_search/daily_outputs/YCA/YCA_2004_YCA2004_stress_grid_S0010_daily.csv
YCA,YCA,Yucheng,2004,Leave_One_experiments\wth_generated_qc\YCA\YCA2004.WTH,dry_year;nitrogen_stress_year;irrigation_responsive_year,irrigation_responsive,YCA2004_stress_grid_S0010,pareto_balanced,2004-09-25,269,106,101,"{""sim_day"": 106.0, ""doy"": 269.0, ""topwt"": 3682.9623413085938, ""grnwt"": 1568.293914794922, ""xlai"": 0.1751811653375625, ""totir"": 40.0, ""tofer"": NaN, ""swfac"": 0.0, ""nstres"": 0.2581484317779541}",0.0,0.2581484317779541,3682.9623413085938,1568.293914794922,0.1751811653375625,40.0,,0.0,0.0,40.0,0.0,-2.921580505371093,13.078419494628909,Leave_One_experiments/all_year_offline_schedule_search/daily_outputs/YCA/YCA_2004_YCA2004_stress_grid_S0010_daily.csv
YCA,YCA,Yucheng,2004,Leave_One_experiments\wth_generated_qc\YCA\YCA2004.WTH,dry_year;nitrogen_stress_year;irrigation_responsive_year,irrigation_responsive,YCA2004_stress_grid_S0010,pareto_balanced,2004-09-26,270,107,102,"{""sim_day"": 107.0, ""doy"": 270.0, ""topwt"": 3707.7218627929688, ""grnwt"": 1614.810028076172, ""xlai"": 0.1704668998718261, ""totir"": 40.0, ""tofer"": NaN, ""swfac"": 0.0, ""nstres"": 0.2458602786064148}",0.0,0.2458602786064148,3707.7218627929688,1614.810028076172,0.1704668998718261,40.0,,0.0,0.0,40.0,0.0,-2.921580505371093,13.078419494628909,Leave_One_experiments/all_year_offline_schedule_search/daily_outputs/YCA/YCA_2004_YCA2004_stress_grid_S0010_daily.csv
YCA,YCA,Yucheng,2004,Leave_One_experiments\wth_generated_qc\YCA\YCA2004.WTH,dry_year;nitrogen_stress_year;irrigation_responsive_year,irrigation_responsive,YCA2004_stress_grid_S0010,pareto_balanced,2004-09-27,271,108,103,"{""sim_day"": 108.0, ""doy"": 271.0, ""topwt"": 3733.76953125, ""grnwt"": 1661.3259887695312, ""xlai"": 0.1659432649612426, ""totir"": 40.0, ""tofer"": NaN, ""swfac"": 0.0, ""nstres"": 0.236876368522644}",0.0,0.236876368522644,3733.76953125,1661.3259887695312,0.1659432649612426,40.0,,0.0,0.0,40.0,0.0,-2.921580505371093,13.078419494628909,Leave_One_experiments/all_year_offline_schedule_search/daily_outputs/YCA/YCA_2004_YCA2004_stress_grid_S0010_daily.csv
YCA,YCA,Yucheng,2004,Leave_One_experiments\wth_generated_qc\YCA\YCA2004.WTH,dry_year;nitrogen_stress_year;irrigation_responsive_year,irrigation_responsive,YCA2004_stress_grid_S0010,pareto_balanced,2004-09-28,272,109,104,"{""sim_day"": 109.0, ""doy"": 272.0, ""topwt"": 3759.385681152344, ""grnwt"": 1707.8419494628906, ""xlai"": 0.161585584282875, ""totir"": 40.0, ""tofer"": NaN, ""swfac"": 0.0, ""nstres"": 0.2302334904670715}",0.0,0.2302334904670715,3759.385681152344,1707.8419494628906,0.161585584282875,40.0,,0.0,0.0,40.0,0.0,-2.921580505371093,13.078419494628909,Leave_One_experiments/all_year_offline_schedule_search/daily_outputs/YCA/YCA_2004_YCA2004_stress_grid_S0010_daily.csv
YCA,YCA,Yucheng,2004,Leave_One_experiments\wth_generated_qc\YCA\YCA2004.WTH,dry_year;nitrogen_stress_year;irrigation_responsive_year,irrigation_responsive,YCA2004_stress_grid_S0010,pareto_balanced,2004-09-29,273,110,105,"{""sim_day"": 110.0, ""doy"": 273.0, ""topwt"": 3759.385681152344, ""grnwt"": 1707.8419494628906, ""xlai"": 0.161585584282875, ""totir"": 40.0, ""tofer"": NaN, ""swfac"": 0.0, ""nstres"": 0.2330551743507385}",0.0,0.2330551743507385,3759.385681152344,1707.8419494628906,0.161585584282875,40.0,,0.0,0.0,40.0,0.0,-2.921580505371093,13.078419494628909,Leave_One_experiments/all_year_offline_schedule_search/daily_outputs/YCA/YCA_2004_YCA2004_stress_grid_S0010_daily.csv
YCA,YCA,Yucheng,2004,Leave_One_experiments\wth_generated_qc\YCA\YCA2004.WTH,dry_year;nitrogen_stress_year;irrigation_responsive_year,irrigation_responsive,YCA2004_stress_grid_S0010,pareto_balanced,2004-09-30,274,111,106,"{""sim_day"": 111.0, ""doy"": 274.0, ""topwt"": 3759.385681152344, ""grnwt"": 1707.8419494628906, ""xlai"": 0.161585584282875, ""totir"": 40.0, ""tofer"": NaN, ""swfac"": 0.0, ""nstres"": 0.2330551743507385}",0.0,0.2330551743507385,3759.385681152344,1707.8419494628906,0.161585584282875,40.0,,0.0,0.0,40.0,0.0,-2.921580505371093,13.078419494628909,Leave_One_experiments/all_year_offline_schedule_search/daily_outputs/YCA/YCA_2004_YCA2004_stress_grid_S0010_daily.csv
YCA,YCA,Yucheng,2004,Leave_One_experiments\wth_generated_qc\YCA\YCA2004.WTH,dry_year;nitrogen_stress_year;irrigation_responsive_year,irrigation_responsive,YCA2004_stress_grid_S0010,pareto_balanced,2004-10-01,275,112,107,"{""sim_day"": 112.0, ""doy"": 275.0, ""topwt"": 3759.385681152344, ""grnwt"": 1707.8419494628906, ""xlai"": 0.161585584282875, ""totir"": 40.0, ""tofer"": NaN, ""swfac"": 0.0, ""nstres"": 0.2330551743507385}",0.0,0.2330551743507385,3759.385681152344,1707.8419494628906,0.161585584282875,40.0,,0.0,0.0,40.0,0.0,-2.921580505371093,13.078419494628909,Leave_One_experiments/all_year_offline_schedule_search/daily_outputs/YCA/YCA_2004_YCA2004_stress_grid_S0010_daily.csv
YCA,YCA,Yucheng,2004,Leave_One_experiments\wth_generated_qc\YCA\YCA2004.WTH,dry_year;nitrogen_stress_year;irrigation_responsive_year,irrigation_responsive,YCA2004_stress_grid_S0010,pareto_balanced,2004-10-02,276,113,108,"{""sim_day"": 113.0, ""doy"": 276.0, ""topwt"": 3759.385681152344, ""grnwt"": 1707.8419494628906, ""xlai"": 0.161585584282875, ""totir"": 40.0, ""tofer"": NaN, ""swfac"": 0.0, ""nstres"": 0.2330551743507385}",0.0,0.2330551743507385,3759.385681152344,1707.8419494628906,0.161585584282875,40.0,,0.0,0.0,40.0,0.0,-2.921580505371093,13.078419494628909,Leave_One_experiments/all_year_offline_schedule_search/daily_outputs/YCA/YCA_2004_YCA2004_stress_grid_S0010_daily.csv
YCA,YCA,Yucheng,2004,Leave_One_experiments\wth_generated_qc\YCA\YCA2004.WTH,dry_year;nitrogen_stress_year;irrigation_responsive_year,irrigation_responsive,YCA2004_stress_grid_S0010,pareto_balanced,2004-10-03,277,114,109,"{""sim_day"": 114.0, ""doy"": 277.0, ""topwt"": 3759.385681152344, ""grnwt"": 1707.8419494628906, ""xlai"": 0.161585584282875, ""totir"": 40.0, ""tofer"": NaN, ""swfac"": 0.0, ""nstres"": 0.2330551743507385}",0.0,0.2330551743507385,3759.385681152344,1707.8419494628906,0.161585584282875,40.0,,0.0,0.0,40.0,0.0,-2.921580505371093,13.078419494628909,Leave_One_experiments/all_year_offline_schedule_search/daily_outputs/YCA/YCA_2004_YCA2004_stress_grid_S0010_daily.csv
YCA,YCA,Yucheng,2004,Leave_One_experiments\wth_generated_qc\YCA\YCA2004.WTH,dry_year;nitrogen_stress_year;irrigation_responsive_year,irrigation_responsive,YCA2004_stress_grid_S0010,pareto_balanced,2004-10-04,278,115,110,"{""sim_day"": 115.0, ""doy"": 278.0, ""topwt"": 3759.385681152344, ""grnwt"": 1707.8419494628906, ""xlai"": 0.161585584282875, ""totir"": 40.0, ""tofer"": NaN, ""swfac"": 0.0, ""nstres"": 0.2330551743507385}",0.0,0.2330551743507385,3759.385681152344,1707.8419494628906,0.161585584282875,40.0,,0.0,0.0,40.0,0.0,-2.921580505371093,13.078419494628909,Leave_One_experiments/all_year_offline_schedule_search/daily_outputs/YCA/YCA_2004_YCA2004_stress_grid_S0010_daily.csv
YCA,YCA,Yucheng,2004,Leave_One_experiments\wth_generated_qc\YCA\YCA2004.WTH,dry_year;nitrogen_stress_year;irrigation_responsive_year,irrigation_responsive,YCA2004_stress_grid_S0011,pareto_balanced,2004-06-17,169,1,1,"{""sim_day"": 1.0, ""doy"": 169.0, ""topwt"": 0.0, ""grnwt"": 0.0, ""xlai"": 0.0, ""totir"": 0.0, ""tofer"": NaN, ""swfac"": 0.0, ""nstres"": 0.0}",0.0,0.0,0.0,0.0,0.0,0.0,,0.0,0.0,40.0,0.0,-2.921580505371093,13.078419494628909,Leave_One_experiments/all_year_offline_schedule_search/daily_outputs/YCA/YCA_2004_YCA2004_stress_grid_S0011_daily.csv
YCA,YCA,Yucheng,2004,Leave_One_experiments\wth_generated_qc\YCA\YCA2004.WTH,dry_year;nitrogen_stress_year;irrigation_responsive_year,irrigation_responsive,YCA2004_stress_grid_S0011,pareto_balanced,2004-06-18,170,2,2,"{""sim_day"": 2.0, ""doy"": 170.0, ""topwt"": 0.0, ""grnwt"": 0.0, ""xlai"": 0.0, ""totir"": 0.0, ""tofer"": NaN, ""swfac"": 0.0, ""nstres"": 0.0}",0.0,0.0,0.0,0.0,0.0,0.0,,0.0,0.0,40.0,0.0,-2.921580505371093,13.078419494628909,Leave_One_experiments/all_year_offline_schedule_search/daily_outputs/YCA/YCA_2004_YCA2004_stress_grid_S0011_daily.csv
YCA,YCA,Yucheng,2004,Leave_One_experiments\wth_generated_qc\YCA\YCA2004.WTH,dry_year;nitrogen_stress_year;irrigation_responsive_year,irrigation_responsive,YCA2004_stress_grid_S0011,pareto_balanced,2004-06-19,171,3,3,"{""sim_day"": 3.0, ""doy"": 171.0, ""topwt"": 0.0, ""grnwt"": 0.0, ""xlai"": 0.0, ""totir"": 0.0, ""tofer"": NaN, ""swfac"": 0.0, ""nstres"": 0.0}",0.0,0.0,0.0,0.0,0.0,0.0,,0.0,0.0,40.0,0.0,-2.921580505371093,13.078419494628909,Leave_One_experiments/all_year_offline_schedule_search/daily_outputs/YCA/YCA_2004_YCA2004_stress_grid_S0011_daily.csv
YCA,YCA,Yucheng,2004,Leave_One_experiments\wth_generated_qc\YCA\YCA2004.WTH,dry_year;nitrogen_stress_year;irrigation_responsive_year,irrigation_responsive,YCA2004_stress_grid_S0011,pareto_balanced,2004-06-20,172,4,4,"{""sim_day"": 4.0, ""doy"": 172.0, ""topwt"": 0.0, ""grnwt"": 0.0, ""xlai"": 0.0, ""totir"": 0.0, ""tofer"": NaN, ""swfac"": 0.0, ""nstres"": 0.0}",0.0,0.0,0.0,0.0,0.0,0.0,,0.0,0.0,40.0,0.0,-2.921580505371093,13.078419494628909,Leave_One_experiments/all_year_offline_schedule_search/daily_outputs/YCA/YCA_2004_YCA2004_stress_grid_S0011_daily.csv
YCA,YCA,Yucheng,2004,Leave_One_experiments\wth_generated_qc\YCA\YCA2004.WTH,dry_year;nitrogen_stress_year;irrigation_responsive_year,irrigation_responsive,YCA2004_stress_grid_S0011,pareto_balanced,2004-06-21,173,5,5,"{""sim_day"": 5.0, ""doy"": 173.0, ""topwt"": 0.0, ""grnwt"": 0.0, ""xlai"": 0.0, ""totir"": 0.0, ""tofer"": NaN, ""swfac"": 0.0, ""nstres"": 0.0}",0.0,0.0,0.0,0.0,0.0,0.0,,0.0,0.0,40.0,0.0,-2.921580505371093,13.078419494628909,Leave_One_experiments/all_year_offline_schedule_search/daily_outputs/YCA/YCA_2004_YCA2004_stress_grid_S0011_daily.csv
YCA,YCA,Yucheng,2004,Leave_One_experiments\wth_generated_qc\YCA\YCA2004.WTH,dry_year;nitrogen_stress_year;irrigation_responsive_year,irrigation_responsive,YCA2004_stress_grid_S0011,pareto_balanced,2004-06-17,169,6,1,"{""sim_day"": 6.0, ""doy"": 169.0, ""topwt"": 0.0, ""grnwt"": 0.0, ""xlai"": 0.0, ""totir"": 0.0, ""tofer"": NaN, ""swfac"": 0.0, ""nstres"": 0.0}",0.0,0.0,0.0,0.0,0.0,0.0,,0.0,0.0,40.0,0.0,-2.921580505371093,13.078419494628909,Leave_One_experiments/all_year_offline_schedule_search/daily_outputs/YCA/YCA_2004_YCA2004_stress_grid_S0011_daily.csv
YCA,YCA,Yucheng,2004,Leave_One_experiments\wth_generated_qc\YCA\YCA2004.WTH,dry_year;nitrogen_stress_year;irrigation_responsive_year,irrigation_responsive,YCA2004_stress_grid_S0011,pareto_balanced,2004-06-18,170,7,2,"{""sim_day"": 7.0, ""doy"": 170.0, ""topwt"": 0.0, ""grnwt"": 0.0, ""xlai"": 0.0, ""totir"": 0.0, ""tofer"": NaN, ""swfac"": 0.0, ""nstres"": 0.0}",0.0,0.0,0.0,0.0,0.0,0.0,,0.0,0.0,40.0,0.0,-2.921580505371093,13.078419494628909,Leave_One_experiments/all_year_offline_schedule_search/daily_outputs/YCA/YCA_2004_YCA2004_stress_grid_S0011_daily.csv
YCA,YCA,Yucheng,2004,Leave_One_experiments\wth_generated_qc\YCA\YCA2004.WTH,dry_year;nitrogen_stress_year;irrigation_responsive_year,irrigation_responsive,YCA2004_stress_grid_S0011,pareto_balanced,2004-06-19,171,8,3,"{""sim_day"": 8.0, ""doy"": 171.0, ""topwt"": 0.0, ""grnwt"": 0.0, ""xlai"": 0.0, ""totir"": 0.0, ""tofer"": NaN, ""swfac"": 0.0, ""nstres"": 0.0}",0.0,0.0,0.0,0.0,0.0,0.0,,0.0,0.0,40.0,0.0,-2.921580505371093,13.078419494628909,Leave_One_experiments/all_year_offline_schedule_search/daily_outputs/YCA/YCA_2004_YCA2004_stress_grid_S0011_daily.csv
YCA,YCA,Yucheng,2004,Leave_One_experiments\wth_generated_qc\YCA\YCA2004.WTH,dry_year;nitrogen_stress_year;irrigation_responsive_year,irrigation_responsive,YCA2004_stress_grid_S0011,pareto_balanced,2004-06-20,172,9,4,"{""sim_day"": 9.0, ""doy"": 172.0, ""topwt"": 0.0, ""grnwt"": 0.0, ""xlai"": 0.0, ""totir"": 0.0, ""tofer"": NaN, ""swfac"": 0.0, ""nstres"": 0.0}",0.0,0.0,0.0,0.0,0.0,0.0,,0.0,0.0,40.0,0.0,-2.921580505371093,13.078419494628909,Leave_One_experiments/all_year_offline_schedule_search/daily_outputs/YCA/YCA_2004_YCA2004_stress_grid_S0011_daily.csv
YCA,YCA,Yucheng,2004,Leave_One_experiments\wth_generated_qc\YCA\YCA2004.WTH,dry_year;nitrogen_stress_year;irrigation_responsive_year,irrigation_responsive,YCA2004_stress_grid_S0011,pareto_balanced,2004-06-21,173,10,5,"{""sim_day"": 10.0, ""doy"": 173.0, ""topwt"": 0.0, ""grnwt"": 0.0, ""xlai"": 0.0, ""totir"": 0.0, ""tofer"": NaN, ""swfac"": 0.0, ""nstres"": 0.0}",0.0,0.0,0.0,0.0,0.0,0.0,,0.0,0.0,40.0,0.0,-2.921580505371093,13.078419494628909,Leave_One_experiments/all_year_offline_schedule_search/daily_outputs/YCA/YCA_2004_YCA2004_stress_grid_S0011_daily.csv
YCA,YCA,Yucheng,2004,Leave_One_experiments\wth_generated_qc\YCA\YCA2004.WTH,dry_year;nitrogen_stress_year;irrigation_responsive_year,irrigation_responsive,YCA2004_stress_grid_S0011,pareto_balanced,2004-06-22,174,11,6,"{""sim_day"": 11.0, ""doy"": 174.0, ""topwt"": 26.400001049041748, ""grnwt"": 0.0, ""xlai"": 0.0042268736287951, ""totir"": 0.0, ""tofer"": NaN, ""swfac"": 0.0, ""nstres"": 0.0121910572052001}",0.0,0.0121910572052001,26.400001049041748,0.0,0.0042268736287951,0.0,,0.0,0.0,40.0,0.0,-2.921580505371093,13.078419494628909,Leave_One_experiments/all_year_offline_schedule_search/daily_outputs/YCA/YCA_2004_YCA2004_stress_grid_S0011_daily.csv
YCA,YCA,Yucheng,2004,Leave_One_experiments\wth_generated_qc\YCA\YCA2004.WTH,dry_year;nitrogen_stress_year;irrigation_responsive_year,irrigation_responsive,YCA2004_stress_grid_S0011,pareto_balanced,2004-06-23,175,12,7,"{""sim_day"": 12.0, ""doy"": 175.0, ""topwt"": 26.400001049041748, ""grnwt"": 0.0, ""xlai"": 0.0083226868882775, ""totir"": 0.0, ""tofer"": NaN, ""swfac"": 0.0, ""nstres"": 0.009961724281311}",0.0,0.009961724281311,26.400001049041748,0.0,0.0083226868882775,0.0,,0.0,0.0,40.0,0.0,-2.921580505371093,13.078419494628909,Leave_One_experiments/all_year_offline_schedule_search/daily_outputs/YCA/YCA_2004_YCA2004_stress_grid_S0011_daily.csv
YCA,YCA,Yucheng,2004,Leave_One_experiments\wth_generated_qc\YCA\YCA2004.WTH,dry_year;nitrogen_stress_year;irrigation_responsive_year,irrigation_responsive,YCA2004_stress_grid_S0011,pareto_balanced,2004-06-24,176,13,8,"{""sim_day"": 13.0, ""doy"": 176.0, ""topwt"": 26.400001049041748, ""grnwt"": 0.0, ""xlai"": 0.0126993553712964, ""totir"": 0.0, ""tofer"": NaN, ""swfac"": 0.0, ""nstres"": 0.0043007135391235}",0.0,0.0043007135391235,26.400001049041748,0.0,0.0126993553712964,0.0,,0.0,0.0,40.0,0.0,-2.921580505371093,13.078419494628909,Leave_One_experiments/all_year_offline_schedule_search/daily_outputs/YCA/YCA_2004_YCA2004_stress_grid_S0011_daily.csv
YCA,YCA,Yucheng,2004,Leave_One_experiments\wth_generated_qc\YCA\YCA2004.WTH,dry_year;nitrogen_stress_year;irrigation_responsive_year,irrigation_responsive,YCA2004_stress_grid_S0011,pareto_balanced,2004-06-25,177,14,9,"{""sim_day"": 14.0, ""doy"": 177.0, ""topwt"": 26.400001049041748, ""grnwt"": 0.0, ""xlai"": 0.0188038554042577, ""totir"": 0.0, ""tofer"": NaN, ""swfac"": 0.0, ""nstres"": 0.0}",0.0,0.0,26.400001049041748,0.0,0.0188038554042577,0.0,,0.0,0.0,40.0,0.0,-2.921580505371093,13.078419494628909,Leave_One_experiments/all_year_offline_schedule_search/daily_outputs/YCA/YCA_2004_YCA2004_stress_grid_S0011_daily.csv
YCA,YCA,Yucheng,2004,Leave_One_experiments\wth_generated_qc\YCA\YCA2004.WTH,dry_year;nitrogen_stress_year;irrigation_responsive_year,irrigation_responsive,YCA2004_stress_grid_S0011,pareto_balanced,2004-06-26,178,15,10,"{""sim_day"": 15.0, ""doy"": 178.0, ""topwt"": 26.400001049041748, ""grnwt"": 0.0, ""xlai"": 0.0431257709860801, ""totir"": 0.0, ""tofer"": NaN, ""swfac"": 0.0, ""nstres"": 0.0}",0.0,0.0,26.400001049041748,0.0,0.0431257709860801,0.0,,0.0,0.0,40.0,0.0,-2.921580505371093,13.078419494628909,Leave_One_experiments/all_year_offline_schedule_search/daily_outputs/YCA/YCA_2004_YCA2004_stress_grid_S0011_daily.csv
YCA,YCA,Yucheng,2004,Leave_One_experiments\wth_generated_qc\YCA\YCA2004.WTH,dry_year;nitrogen_stress_year;irrigation_responsive_year,irrigation_responsive,YCA2004_stress_grid_S0011,pareto_balanced,2004-06-27,179,16,11,"{""sim_day"": 16.0, ""doy"": 179.0, ""topwt"": 37.72831201553345, ""grnwt"": 0.0, ""xlai"": 0.0742550566792488, ""totir"": 0.0, ""tofer"": NaN, ""swfac"": 0.0, ""nstres"": 0.0}",0.0,0.0,37.72831201553345,0.0,0.0742550566792488,0.0,,0.0,0.0,40.0,0.0,-2.921580505371093,13.078419494628909,Leave_One_experiments/all_year_offline_schedule_search/daily_outputs/YCA/YCA_2004_YCA2004_stress_grid_S0011_daily.csv
YCA,YCA,Yucheng,2004,Leave_One_experiments\wth_generated_qc\YCA\YCA2004.WTH,dry_year;nitrogen_stress_year;irrigation_responsive_year,irrigation_responsive,YCA2004_stress_grid_S0011,pareto_balanced,2004-06-28,180,17,12,"{""sim_day"": 17.0, ""doy"": 180.0, ""topwt"": 51.435227394104, ""grnwt"": 0.0, ""xlai"": 0.1057449430227279, ""totir"": 0.0, ""tofer"": NaN, ""swfac"": 0.0, ""nstres"": 0.0}",0.0,0.0,51.435227394104,0.0,0.1057449430227279,0.0,,0.0,0.0,40.0,0.0,-2.921580505371093,13.078419494628909,Leave_One_experiments/all_year_offline_schedule_search/daily_outputs/YCA/YCA_2004_YCA2004_stress_grid_S0011_daily.csv
YCA,YCA,Yucheng,2004,Leave_One_experiments\wth_generated_qc\YCA\YCA2004.WTH,dry_year;nitrogen_stress_year;irrigation_responsive_year,irrigation_responsive,YCA2004_stress_grid_S0011,pareto_balanced,2004-06-29,181,18,13,"{""sim_day"": 18.0, ""doy"": 181.0, ""topwt"": 55.643696784973145, ""grnwt"": 0.0, ""xlai"": 0.1226834058761596, ""totir"": 0.0, ""tofer"": NaN, ""swfac"": 0.0, ""nstres"": 0.0}",0.0,0.0,55.643696784973145,0.0,0.1226834058761596,0.0,,0.0,0.0,40.0,0.0,-2.921580505371093,13.078419494628909,Leave_One_experiments/all_year_offline_schedule_search/daily_outputs/YCA/YCA_2004_YCA2004_stress_grid_S0011_daily.csv
YCA,YCA,Yucheng,2004,Leave_One_experiments\wth_generated_qc\YCA\YCA2004.WTH,dry_year;nitrogen_stress_year;irrigation_responsive_year,irrigation_responsive,YCA2004_stress_grid_S0011,pareto_balanced,2004-06-30,182,19,14,"{""sim_day"": 19.0, ""doy"": 182.0, ""topwt"": 75.14724254608154, ""grnwt"": 0.0, ""xlai"": 0.1551590859889984, ""totir"": 0.0, ""tofer"": NaN, ""swfac"": 0.0, ""nstres"": 0.0}",0.0,0.0,75.14724254608154,0.0,0.1551590859889984,0.0,,0.0,0.0,40.0,0.0,-2.921580505371093,13.078419494628909,Leave_One_experiments/all_year_offline_schedule_search/daily_outputs/YCA/YCA_2004_YCA2004_stress_grid_S0011_daily.csv
YCA,YCA,Yucheng,2004,Leave_One_experiments\wth_generated_qc\YCA\YCA2004.WTH,dry_year;nitrogen_stress_year;irrigation_responsive_year,irrigation_responsive,YCA2004_stress_grid_S0011,pareto_balanced,2004-07-01,183,20,15,"{""sim_day"": 20.0, ""doy"": 183.0, ""topwt"": 99.63871002197266, ""grnwt"": 0.0, ""xlai"": 0.2021870911121368, ""totir"": 0.0, ""tofer"": NaN, ""swfac"": 0.0, ""nstres"": 0.0}",0.0,0.0,99.63871002197266,0.0,0.2021870911121368,0.0,,0.0,0.0,40.0,0.0,-2.921580505371093,13.078419494628909,Leave_One_experiments/all_year_offline_schedule_search/daily_outputs/YCA/YCA_2004_YCA2004_stress_grid_S0011_daily.csv
YCA,YCA,Yucheng,2004,Leave_One_experiments\wth_generated_qc\YCA\YCA2004.WTH,dry_year;nitrogen_stress_year;irrigation_responsive_year,irrigation_responsive,YCA2004_stress_grid_S0011,pareto_balanced,2004-07-02,184,21,16,"{""sim_day"": 21.0, ""doy"": 184.0, ""topwt"": 129.9897289276123, ""grnwt"": 0.0, ""xlai"": 0.2554276585578918, ""totir"": 0.0, ""tofer"": NaN, ""swfac"": 0.0, ""nstres"": 0.0893858671188354}",0.0,0.0893858671188354,129.9897289276123,0.0,0.2554276585578918,0.0,,0.0,0.0,40.0,0.0,-2.921580505371093,13.078419494628909,Leave_One_experiments/all_year_offline_schedule_search/daily_outputs/YCA/YCA_2004_YCA2004_stress_grid_S0011_daily.csv
YCA,YCA,Yucheng,2004,Leave_One_experiments\wth_generated_qc\YCA\YCA2004.WTH,dry_year;nitrogen_stress_year;irrigation_responsive_year,irrigation_responsive,YCA2004_stress_grid_S0011,pareto_balanced,2004-07-03,185,22,17,"{""sim_day"": 22.0, ""doy"": 185.0, ""topwt"": 166.54176712036133, ""grnwt"": 0.0, ""xlai"": 0.3126899302005768, ""totir"": 0.0, ""tofer"": NaN, ""swfac"": 0.0, ""nstres"": 0.1653931140899658}",0.0,0.1653931140899658,166.54176712036133,0.0,0.3126899302005768,0.0,,0.0,0.0,40.0,0.0,-2.921580505371093,13.078419494628909,Leave_One_experiments/all_year_offline_schedule_search/daily_outputs/YCA/YCA_2004_YCA2004_stress_grid_S0011_daily.csv
YCA,YCA,Yucheng,2004,Leave_One_experiments\wth_generated_qc\YCA\YCA2004.WTH,dry_year;nitrogen_stress_year;irrigation_responsive_year,irrigation_responsive,YCA2004_stress_grid_S0011,pareto_balanced,2004-07-04,186,23,18,"{""sim_day"": 23.0, ""doy"": 186.0, ""topwt"": 204.64813232421875, ""grnwt"": 0.0, ""xlai"": 0.3661859631538391, ""totir"": 0.0, ""tofer"": NaN, ""swfac"": 0.0, ""nstres"": 0.2326278090476989}",0.0,0.2326278090476989,204.64813232421875,0.0,0.3661859631538391,0.0,,0.0,0.0,40.0,0.0,-2.921580505371093,13.078419494628909,Leave_One_experiments/all_year_offline_schedule_search/daily_outputs/YCA/YCA_2004_YCA2004_stress_grid_S0011_daily.csv
YCA,YCA,Yucheng,2004,Leave_One_experiments\wth_generated_qc\YCA\YCA2004.WTH,dry_year;nitrogen_stress_year;irrigation_responsive_year,irrigation_responsive,YCA2004_stress_grid_S0011,pareto_balanced,2004-07-05,187,24,19,"{""sim_day"": 24.0, ""doy"": 187.0, ""topwt"": 208.7749481201172, ""grnwt"": 0.0, ""xlai"": 0.387498140335083, ""totir"": 0.0, ""tofer"": NaN, ""swfac"": 0.0, ""nstres"": 0.3640350103378296}",0.0,0.3640350103378296,208.7749481201172,0.0,0.387498140335083,0.0,,0.0,0.0,40.0,0.0,-2.921580505371093,13.078419494628909,Leave_One_experiments/all_year_offline_schedule_search/daily_outputs/YCA/YCA_2004_YCA2004_stress_grid_S0011_daily.csv
YCA,YCA,Yucheng,2004,Leave_One_experiments\wth_generated_qc\YCA\YCA2004.WTH,dry_year;nitrogen_stress_year;irrigation_responsive_year,irrigation_responsive,YCA2004_stress_grid_S0011,pareto_balanced,2004-07-06,188,25,20,"{""sim_day"": 25.0, ""doy"": 188.0, ""topwt"": 223.88177871704104, ""grnwt"": 0.0, ""xlai"": 0.3981130421161651, ""totir"": 0.0, ""tofer"": NaN, ""swfac"": 0.0, ""nstres"": 0.5030118823051453}",0.0,0.5030118823051453,223.88177871704104,0.0,0.3981130421161651,0.0,,0.0,0.0,40.0,0.0,-2.921580505371093,13.078419494628909,Leave_One_experiments/all_year_offline_schedule_search/daily_outputs/YCA/YCA_2004_YCA2004_stress_grid_S0011_daily.csv
YCA,YCA,Yucheng,2004,Leave_One_experiments\wth_generated_qc\YCA\YCA2004.WTH,dry_year;nitrogen_stress_year;irrigation_responsive_year,irrigation_responsive,YCA2004_stress_grid_S0011,pareto_balanced,2004-07-07,189,26,21,"{""sim_day"": 26.0, ""doy"": 189.0, ""topwt"": 242.17464447021484, ""grnwt"": 0.0, ""xlai"": 0.414524644613266, ""totir"": 0.0, ""tofer"": NaN, ""swfac"": 0.0, ""nstres"": 0.423397958278656}",0.0,0.423397958278656,242.17464447021484,0.0,0.414524644613266,0.0,,0.0,0.0,40.0,0.0,-2.921580505371093,13.078419494628909,Leave_One_experiments/all_year_offline_schedule_search/daily_outputs/YCA/YCA_2004_YCA2004_stress_grid_S0011_daily.csv
YCA,YCA,Yucheng,2004,Leave_One_experiments\wth_generated_qc\YCA\YCA2004.WTH,dry_year;nitrogen_stress_year;irrigation_responsive_year,irrigation_responsive,YCA2004_stress_grid_S0011,pareto_balanced,2004-07-08,190,27,22,"{""sim_day"": 27.0, ""doy"": 190.0, ""topwt"": 267.5703430175781, ""grnwt"": 0.0, ""xlai"": 0.4420757591724396, ""totir"": 0.0, ""tofer"": NaN, ""swfac"": 0.0, ""nstres"": 0.3792681097984314}",0.0,0.3792681097984314,267.5703430175781,0.0,0.4420757591724396,0.0,,0.0,0.0,40.0,0.0,-2.921580505371093,13.078419494628909,Leave_One_experiments/all_year_offline_schedule_search/daily_outputs/YCA/YCA_2004_YCA2004_stress_grid_S0011_daily.csv
YCA,YCA,Yucheng,2004,Leave_One_experiments\wth_generated_qc\YCA\YCA2004.WTH,dry_year;nitrogen_stress_year;irrigation_responsive_year,irrigation_responsive,YCA2004_stress_grid_S0011,pareto_balanced,2004-07-09,191,28,23,"{""sim_day"": 28.0, ""doy"": 191.0, ""topwt"": 285.50004959106445, ""grnwt"": 0.0, ""xlai"": 0.4564831554889679, ""totir"": 0.0, ""tofer"": NaN, ""swfac"": 0.0, ""nstres"": 0.3676699995994568}",0.0,0.3676699995994568,285.50004959106445,0.0,0.4564831554889679,0.0,,0.0,0.0,40.0,0.0,-2.921580505371093,13.078419494628909,Leave_One_experiments/all_year_offline_schedule_search/daily_outputs/YCA/YCA_2004_YCA2004_stress_grid_S0011_daily.csv
YCA,YCA,Yucheng,2004,Leave_One_experiments\wth_generated_qc\YCA\YCA2004.WTH,dry_year;nitrogen_stress_year;irrigation_responsive_year,irrigation_responsive,YCA2004_stress_grid_S0011,pareto_balanced,2004-07-10,192,29,24,"{""sim_day"": 29.0, ""doy"": 192.0, ""topwt"": 311.16132736206055, ""grnwt"": 0.0, ""xlai"": 0.4813516139984131, ""totir"": 0.0, ""tofer"": NaN, ""swfac"": 0.0, ""nstres"": 0.3993865251541137}",0.0,0.3993865251541137,311.16132736206055,0.0,0.4813516139984131,0.0,,0.0,0.0,40.0,0.0,-2.921580505371093,13.078419494628909,Leave_One_experiments/all_year_offline_schedule_search/daily_outputs/YCA/YCA_2004_YCA2004_stress_grid_S0011_daily.csv
YCA,YCA,Yucheng,2004,Leave_One_experiments\wth_generated_qc\YCA\YCA2004.WTH,dry_year;nitrogen_stress_year;irrigation_responsive_year,irrigation_responsive,YCA2004_stress_grid_S0011,pareto_balanced,2004-07-11,193,30,25,"{""sim_day"": 30.0, ""doy"": 193.0, ""topwt"": 333.7898254394531, ""grnwt"": 0.0, ""xlai"": 0.4942917823791504, ""totir"": 0.0, ""tofer"": NaN, ""swfac"": 0.0, ""nstres"": 0.4019692540168762}",0.0,0.4019692540168762,333.7898254394531,0.0,0.4942917823791504,0.0,,0.0,0.0,40.0,0.0,-2.921580505371093,13.078419494628909,Leave_One_experiments/all_year_offline_schedule_search/daily_outputs/YCA/YCA_2004_YCA2004_stress_grid_S0011_daily.csv
YCA,YCA,Yucheng,2004,Leave_One_experiments\wth_generated_qc\YCA\YCA2004.WTH,dry_year;nitrogen_stress_year;irrigation_responsive_year,irrigation_responsive,YCA2004_stress_grid_S0011,pareto_balanced,2004-07-12,194,31,26,"{""sim_day"": 31.0, ""doy"": 194.0, ""topwt"": 369.6841812133789, ""grnwt"": 0.0, ""xlai"": 0.5305606126785278, ""totir"": 0.0, ""tofer"": NaN, ""swfac"": 0.0, ""nstres"": 0.403506875038147}",0.0,0.403506875038147,369.6841812133789,0.0,0.5305606126785278,0.0,,0.0,0.0,40.0,0.0,-2.921580505371093,13.078419494628909,Leave_One_experiments/all_year_offline_schedule_search/daily_outputs/YCA/YCA_2004_YCA2004_stress_grid_S0011_daily.csv
YCA,YCA,Yucheng,2004,Leave_One_experiments\wth_generated_qc\YCA\YCA2004.WTH,dry_year;nitrogen_stress_year;irrigation_responsive_year,irrigation_responsive,YCA2004_stress_grid_S0011,pareto_balanced,2004-07-13,195,32,27,"{""sim_day"": 32.0, ""doy"": 195.0, ""topwt"": 408.5350036621094, ""grnwt"": 0.0, ""xlai"": 0.5678392648696899, ""totir"": 0.0, ""tofer"": NaN, ""swfac"": 0.0, ""nstres"": 0.4051800966262817}",0.0,0.4051800966262817,408.5350036621094,0.0,0.5678392648696899,0.0,,0.0,0.0,40.0,0.0,-2.921580505371093,13.078419494628909,Leave_One_experiments/all_year_offline_schedule_search/daily_outputs/YCA/YCA_2004_YCA2004_stress_grid_S0011_daily.csv
YCA,YCA,Yucheng,2004,Leave_One_experiments\wth_generated_qc\YCA\YCA2004.WTH,dry_year;nitrogen_stress_year;irrigation_responsive_year,irrigation_responsive,YCA2004_stress_grid_S0011,pareto_balanced,2004-07-14,196,33,28,"{""sim_day"": 33.0, ""doy"": 196.0, ""topwt"": 448.5542297363281, ""grnwt"": 0.0, ""xlai"": 0.6032928228378296, ""totir"": 0.0, ""tofer"": NaN, ""swfac"": 0.0, ""nstres"": 0.4013360738754272}",0.0,0.4013360738754272,448.5542297363281,0.0,0.6032928228378296,0.0,,0.0,0.0,40.0,0.0,-2.921580505371093,13.078419494628909,Leave_One_experiments/all_year_offline_schedule_search/daily_outputs/YCA/YCA_2004_YCA2004_stress_grid_S0011_daily.csv
YCA,YCA,Yucheng,2004,Leave_One_experiments\wth_generated_qc\YCA\YCA2004.WTH,dry_year;nitrogen_stress_year;irrigation_responsive_year,irrigation_responsive,YCA2004_stress_grid_S0011,pareto_balanced,2004-07-15,197,34,29,"{""sim_day"": 34.0, ""doy"": 197.0, ""topwt"": 487.32383728027344, ""grnwt"": 0.0, ""xlai"": 0.6337564587593079, ""totir"": 0.0, ""tofer"": NaN, ""swfac"": 0.0, ""nstres"": 0.3930901885032654}",0.0,0.3930901885032654,487.32383728027344,0.0,0.6337564587593079,0.0,,0.0,0.0,40.0,0.0,-2.921580505371093,13.078419494628909,Leave_One_experiments/all_year_offline_schedule_search/daily_outputs/YCA/YCA_2004_YCA2004_stress_grid_S0011_daily.csv
YCA,YCA,Yucheng,2004,Leave_One_experiments\wth_generated_qc\YCA\YCA2004.WTH,dry_year;nitrogen_stress_year;irrigation_responsive_year,irrigation_responsive,YCA2004_stress_grid_S0011,pareto_balanced,2004-07-16,198,35,30,"{""sim_day"": 35.0, ""doy"": 198.0, ""topwt"": 504.2886352539063, ""grnwt"": 0.0, ""xlai"": 0.6341431736946106, ""totir"": 0.0, ""tofer"": NaN, ""swfac"": 0.0, ""nstres"": 0.3868163824081421}",0.0,0.3868163824081421,504.2886352539063,0.0,0.6341431736946106,0.0,,0.0,0.0,40.0,0.0,-2.921580505371093,13.078419494628909,Leave_One_experiments/all_year_offline_schedule_search/daily_outputs/YCA/YCA_2004_YCA2004_stress_grid_S0011_daily.csv
YCA,YCA,Yucheng,2004,Leave_One_experiments\wth_generated_qc\YCA\YCA2004.WTH,dry_year;nitrogen_stress_year;irrigation_responsive_year,irrigation_responsive,YCA2004_stress_grid_S0011,pareto_balanced,2004-07-17,199,36,31,"{""sim_day"": 36.0, ""doy"": 199.0, ""topwt"": 552.2171020507812, ""grnwt"": 0.0, ""xlai"": 0.6701176762580872, ""totir"": 0.0, ""tofer"": NaN, ""swfac"": 0.0, ""nstres"": 0.3908671736717224}",0.0,0.3908671736717224,552.2171020507812,0.0,0.6701176762580872,0.0,,0.0,0.0,40.0,0.0,-2.921580505371093,13.078419494628909,Leave_One_experiments/all_year_offline_schedule_search/daily_outputs/YCA/YCA_2004_YCA2004_stress_grid_S0011_daily.csv
YCA,YCA,Yucheng,2004,Leave_One_experiments\wth_generated_qc\YCA\YCA2004.WTH,dry_year;nitrogen_stress_year;irrigation_responsive_year,irrigation_responsive,YCA2004_stress_grid_S0011,pareto_balanced,2004-07-18,200,37,32,"{""sim_day"": 37.0, ""doy"": 200.0, ""topwt"": 608.4728622436523, ""grnwt"": 0.0, ""xlai"": 0.7111441493034363, ""totir"": 0.0, ""tofer"": NaN, ""swfac"": 0.0, ""nstres"": 0.3765415549278259}",0.0,0.3765415549278259,608.4728622436523,0.0,0.7111441493034363,0.0,,0.0,0.0,40.0,0.0,-2.921580505371093,13.078419494628909,Leave_One_experiments/all_year_offline_schedule_search/daily_outputs/YCA/YCA_2004_YCA2004_stress_grid_S0011_daily.csv
YCA,YCA,Yucheng,2004,Leave_One_experiments\wth_generated_qc\YCA\YCA2004.WTH,dry_year;nitrogen_stress_year;irrigation_responsive_year,irrigation_responsive,YCA2004_stress_grid_S0011,pareto_balanced,2004-07-19,201,38,33,"{""sim_day"": 38.0, ""doy"": 201.0, ""topwt"": 665.1026153564453, ""grnwt"": 0.0, ""xlai"": 0.7460759282112122, ""totir"": 0.0, ""tofer"": NaN, ""swfac"": 0.0, ""nstres"": 0.4091379046440124}",0.0,0.4091379046440124,665.1026153564453,0.0,0.7460759282112122,0.0,,0.0,0.0,40.0,0.0,-2.921580505371093,13.078419494628909,Leave_One_experiments/all_year_offline_schedule_search/daily_outputs/YCA/YCA_2004_YCA2004_stress_grid_S0011_daily.csv
YCA,YCA,Yucheng,2004,Leave_One_experiments\wth_generated_qc\YCA\YCA2004.WTH,dry_year;nitrogen_stress_year;irrigation_responsive_year,irrigation_responsive,YCA2004_stress_grid_S0011,pareto_balanced,2004-07-20,202,39,34,"{""sim_day"": 39.0, ""doy"": 202.0, ""topwt"": 725.0887298583984, ""grnwt"": 0.0, ""xlai"": 0.7776902914047241, ""totir"": 0.0, ""tofer"": NaN, ""swfac"": 0.0, ""nstres"": 0.4435591697692871}",0.0,0.4435591697692871,725.0887298583984,0.0,0.7776902914047241,0.0,,0.0,0.0,40.0,0.0,-2.921580505371093,13.078419494628909,Leave_One_experiments/all_year_offline_schedule_search/daily_outputs/YCA/YCA_2004_YCA2004_stress_grid_S0011_daily.csv
YCA,YCA,Yucheng,2004,Leave_One_experiments\wth_generated_qc\YCA\YCA2004.WTH,dry_year;nitrogen_stress_year;irrigation_responsive_year,irrigation_responsive,YCA2004_stress_grid_S0011,pareto_balanced,2004-07-21,203,40,35,"{""sim_day"": 40.0, ""doy"": 203.0, ""topwt"": 788.1949615478516, ""grnwt"": 0.0, ""xlai"": 0.8055761456489563, ""totir"": 0.0, ""tofer"": NaN, ""swfac"": 0.0, ""nstres"": 0.4706360697746277}",0.0,0.4706360697746277,788.1949615478516,0.0,0.8055761456489563,0.0,,0.0,0.0,40.0,0.0,-2.921580505371093,13.078419494628909,Leave_One_experiments/all_year_offline_schedule_search/daily_outputs/YCA/YCA_2004_YCA2004_stress_grid_S0011_daily.csv
YCA,YCA,Yucheng,2004,Leave_One_experiments\wth_generated_qc\YCA\YCA2004.WTH,dry_year;nitrogen_stress_year;irrigation_responsive_year,irrigation_responsive,YCA2004_stress_grid_S0011,pareto_balanced,2004-07-22,204,41,36,"{""sim_day"": 41.0, ""doy"": 204.0, ""topwt"": 853.6759948730469, ""grnwt"": 0.0, ""xlai"": 0.8290731310844421, ""totir"": 0.0, ""tofer"": NaN, ""swfac"": 0.0, ""nstres"": 0.4934582114219665}",0.0,0.4934582114219665,853.6759948730469,0.0,0.8290731310844421,0.0,,0.0,0.0,40.0,0.0,-2.921580505371093,13.078419494628909,Leave_One_experiments/all_year_offline_schedule_search/daily_outputs/YCA/YCA_2004_YCA2004_stress_grid_S0011_daily.csv
YCA,YCA,Yucheng,2004,Leave_One_experiments\wth_generated_qc\YCA\YCA2004.WTH,dry_year;nitrogen_stress_year;irrigation_responsive_year,irrigation_responsive,YCA2004_stress_grid_S0011,pareto_balanced,2004-07-23,205,42,37,"{""sim_day"": 42.0, ""doy"": 205.0, ""topwt"": 893.8114166259766, ""grnwt"": 0.0, ""xlai"": 0.8278447985649109, ""totir"": 0.0, ""tofer"": NaN, ""swfac"": 0.0, ""nstres"": 0.512997031211853}",0.0,0.512997031211853,893.8114166259766,0.0,0.8278447985649109,0.0,,0.0,0.0,40.0,0.0,-2.921580505371093,13.078419494628909,Leave_One_experiments/all_year_offline_schedule_search/daily_outputs/YCA/YCA_2004_YCA2004_stress_grid_S0011_daily.csv
YCA,YCA,Yucheng,2004,Leave_One_experiments\wth_generated_qc\YCA\YCA2004.WTH,dry_year;nitrogen_stress_year;irrigation_responsive_year,irrigation_responsive,YCA2004_stress_grid_S0011,pareto_balanced,2004-07-24,206,43,38,"{""sim_day"": 43.0, ""doy"": 206.0, ""topwt"": 949.9231719970704, ""grnwt"": 0.0, ""xlai"": 0.8353006839752197, ""totir"": 0.0, ""tofer"": NaN, ""swfac"": 0.0, ""nstres"": 0.5295498371124268}",0.0,0.5295498371124268,949.9231719970704,0.0,0.8353006839752197,0.0,,0.0,0.0,40.0,0.0,-2.921580505371093,13.078419494628909,Leave_One_experiments/all_year_offline_schedule_search/daily_outputs/YCA/YCA_2004_YCA2004_stress_grid_S0011_daily.csv
YCA,YCA,Yucheng,2004,Leave_One_experiments\wth_generated_qc\YCA\YCA2004.WTH,dry_year;nitrogen_stress_year;irrigation_responsive_year,irrigation_responsive,YCA2004_stress_grid_S0011,pareto_balanced,2004-07-25,207,44,39,"{""sim_day"": 44.0, ""doy"": 207.0, ""topwt"": 988.7926483154296, ""grnwt"": 0.0, ""xlai"": 0.8285541534423828, ""totir"": 0.0, ""tofer"": NaN, ""swfac"": 0.0, ""nstres"": 0.525956928730011}",0.0,0.525956928730011,988.7926483154296,0.0,0.8285541534423828,0.0,,0.0,0.0,40.0,0.0,-2.921580505371093,13.078419494628909,Leave_One_experiments/all_year_offline_schedule_search/daily_outputs/YCA/YCA_2004_YCA2004_stress_grid_S0011_daily.csv
YCA,YCA,Yucheng,2004,Leave_One_experiments\wth_generated_qc\YCA\YCA2004.WTH,dry_year;nitrogen_stress_year;irrigation_responsive_year,irrigation_responsive,YCA2004_stress_grid_S0011,pareto_balanced,2004-07-26,208,45,40,"{""sim_day"": 45.0, ""doy"": 208.0, ""topwt"": 1014.3306732177734, ""grnwt"": 0.0, ""xlai"": 0.8120192885398865, ""totir"": 0.0, ""tofer"": NaN, ""swfac"": 0.0, ""nstres"": 0.5333355665206909}",0.0,0.5333355665206909,1014.3306732177734,0.0,0.8120192885398865,0.0,,0.0,0.0,40.0,0.0,-2.921580505371093,13.078419494628909,Leave_One_experiments/all_year_offline_schedule_search/daily_outputs/YCA/YCA_2004_YCA2004_stress_grid_S0011_daily.csv
YCA,YCA,Yucheng,2004,Leave_One_experiments\wth_generated_qc\YCA\YCA2004.WTH,dry_year;nitrogen_stress_year;irrigation_responsive_year,irrigation_responsive,YCA2004_stress_grid_S0011,pareto_balanced,2004-07-27,209,46,41,"{""sim_day"": 46.0, ""doy"": 209.0, ""topwt"": 1071.3715362548828, ""grnwt"": 0.0, ""xlai"": 0.8134781718254089, ""totir"": 0.0, ""tofer"": NaN, ""swfac"": 0.0, ""nstres"": 0.5271832346916199}",0.0,0.5271832346916199,1071.3715362548828,0.0,0.8134781718254089,0.0,,0.0,0.0,40.0,0.0,-2.921580505371093,13.078419494628909,Leave_One_experiments/all_year_offline_schedule_search/daily_outputs/YCA/YCA_2004_YCA2004_stress_grid_S0011_daily.csv
YCA,YCA,Yucheng,2004,Leave_One_experiments\wth_generated_qc\YCA\YCA2004.WTH,dry_year;nitrogen_stress_year;irrigation_responsive_year,irrigation_responsive,YCA2004_stress_grid_S0011,pareto_balanced,2004-07-28,210,47,42,"{""sim_day"": 47.0, ""doy"": 210.0, ""topwt"": 1147.2303771972656, ""grnwt"": 0.0, ""xlai"": 0.8230343461036682, ""totir"": 0.0, ""tofer"": NaN, ""swfac"": 0.0, ""nstres"": 0.5120269656181335}",0.0,0.5120269656181335,1147.2303771972656,0.0,0.8230343461036682,0.0,,0.0,0.0,40.0,0.0,-2.921580505371093,13.078419494628909,Leave_One_experiments/all_year_offline_schedule_search/daily_outputs/YCA/YCA_2004_YCA2004_stress_grid_S0011_daily.csv
YCA,YCA,Yucheng,2004,Leave_One_experiments\wth_generated_qc\YCA\YCA2004.WTH,dry_year;nitrogen_stress_year;irrigation_responsive_year,irrigation_responsive,YCA2004_stress_grid_S0011,pareto_balanced,2004-07-29,211,48,43,"{""sim_day"": 48.0, ""doy"": 211.0, ""topwt"": 1154.9752044677734, ""grnwt"": 0.0, ""xlai"": 0.7952304482460022, ""totir"": 0.0, ""tofer"": NaN, ""swfac"": 0.0, ""nstres"": 0.520500659942627}",0.0,0.520500659942627,1154.9752044677734,0.0,0.7952304482460022,0.0,,0.0,0.0,40.0,0.0,-2.921580505371093,13.078419494628909,Leave_One_experiments/all_year_offline_schedule_search/daily_outputs/YCA/YCA_2004_YCA2004_stress_grid_S0011_daily.csv
YCA,YCA,Yucheng,2004,Leave_One_experiments\wth_generated_qc\YCA\YCA2004.WTH,dry_year;nitrogen_stress_year;irrigation_responsive_year,irrigation_responsive,YCA2004_stress_grid_S0011,pareto_balanced,2004-07-30,212,49,44,"{""sim_day"": 49.0, ""doy"": 212.0, ""topwt"": 1188.871612548828, ""grnwt"": 0.0, ""xlai"": 0.7804009914398193, ""totir"": 0.0, ""tofer"": NaN, ""swfac"": 0.0, ""nstres"": 0.537582516670227}",0.0,0.537582516670227,1188.871612548828,0.0,0.7804009914398193,0.0,,0.0,0.0,40.0,0.0,-2.921580505371093,13.078419494628909,Leave_One_experiments/all_year_offline_schedule_search/daily_outputs/YCA/YCA_2004_YCA2004_stress_grid_S0011_daily.csv
YCA,YCA,Yucheng,2004,Leave_One_experiments\wth_generated_qc\YCA\YCA2004.WTH,dry_year;nitrogen_stress_year;irrigation_responsive_year,irrigation_responsive,YCA2004_stress_grid_S0011,pareto_balanced,2004-07-31,213,50,45,"{""sim_day"": 50.0, ""doy"": 213.0, ""topwt"": 1260.197525024414, ""grnwt"": 0.0, ""xlai"": 0.7929235696792603, ""totir"": 0.0, ""tofer"": NaN, ""swfac"": 0.0, ""nstres"": 0.5162869095802307}",0.0,0.5162869095802307,1260.197525024414,0.0,0.7929235696792603,0.0,,0.0,0.0,40.0,0.0,-2.921580505371093,13.078419494628909,Leave_One_experiments/all_year_offline_schedule_search/daily_outputs/YCA/YCA_2004_YCA2004_stress_grid_S0011_daily.csv
YCA,YCA,Yucheng,2004,Leave_One_experiments\wth_generated_qc\YCA\YCA2004.WTH,dry_year;nitrogen_stress_year;irrigation_responsive_year,irrigation_responsive,YCA2004_stress_grid_S0011,pareto_balanced,2004-08-01,214,51,46,"{""sim_day"": 51.0, ""doy"": 214.0, ""topwt"": 1329.3132019042969, ""grnwt"": 0.0, ""xlai"": 0.7937396168708801, ""totir"": 0.0, ""tofer"": NaN, ""swfac"": 0.0, ""nstres"": 0.5074831247329712}",0.0,0.5074831247329712,1329.3132019042969,0.0,0.7937396168708801,0.0,,0.0,0.0,40.0,0.0,-2.921580505371093,13.078419494628909,Leave_One_experiments/all_year_offline_schedule_search/daily_outputs/YCA/YCA_2004_YCA2004_stress_grid_S0011_daily.csv
YCA,YCA,Yucheng,2004,Leave_One_experiments\wth_generated_qc\YCA\YCA2004.WTH,dry_year;nitrogen_stress_year;irrigation_responsive_year,irrigation_responsive,YCA2004_stress_grid_S0011,pareto_balanced,2004-08-02,215,52,47,"{""sim_day"": 52.0, ""doy"": 215.0, ""topwt"": 1374.1360473632812, ""grnwt"": 0.0, ""xlai"": 0.7803390622138977, ""totir"": 0.0, ""tofer"": NaN, ""swfac"": 0.0, ""nstres"": 0.5161164999008179}",0.0,0.5161164999008179,1374.1360473632812,0.0,0.7803390622138977,0.0,,0.0,0.0,40.0,0.0,-2.921580505371093,13.078419494628909,Leave_One_experiments/all_year_offline_schedule_search/daily_outputs/YCA/YCA_2004_YCA2004_stress_grid_S0011_daily.csv
YCA,YCA,Yucheng,2004,Leave_One_experiments\wth_generated_qc\YCA\YCA2004.WTH,dry_year;nitrogen_stress_year;irrigation_responsive_year,irrigation_responsive,YCA2004_stress_grid_S0011,pareto_balanced,2004-08-03,216,53,48,"{""sim_day"": 53.0, ""doy"": 216.0, ""topwt"": 1445.422821044922, ""grnwt"": 0.0, ""xlai"": 0.7744194269180298, ""totir"": 0.0, ""tofer"": NaN, ""swfac"": 0.0, ""nstres"": 0.521609365940094}",0.0,0.521609365940094,1445.422821044922,0.0,0.7744194269180298,0.0,,0.0,0.0,40.0,0.0,-2.921580505371093,13.078419494628909,Leave_One_experiments/all_year_offline_schedule_search/daily_outputs/YCA/YCA_2004_YCA2004_stress_grid_S0011_daily.csv
YCA,YCA,Yucheng,2004,Leave_One_experiments\wth_generated_qc\YCA\YCA2004.WTH,dry_year;nitrogen_stress_year;irrigation_responsive_year,irrigation_responsive,YCA2004_stress_grid_S0011,pareto_balanced,2004-08-04,217,54,49,"{""sim_day"": 54.0, ""doy"": 217.0, ""topwt"": 1520.4623413085938, ""grnwt"": 0.0, ""xlai"": 0.7682417035102844, ""totir"": 0.0, ""tofer"": NaN, ""swfac"": 0.0, ""nstres"": 0.5181073546409607}",0.0,0.5181073546409607,1520.4623413085938,0.0,0.7682417035102844,0.0,,0.0,0.0,40.0,0.0,-2.921580505371093,13.078419494628909,Leave_One_experiments/all_year_offline_schedule_search/daily_outputs/YCA/YCA_2004_YCA2004_stress_grid_S0011_daily.csv
YCA,YCA,Yucheng,2004,Leave_One_experiments\wth_generated_qc\YCA\YCA2004.WTH,dry_year;nitrogen_stress_year;irrigation_responsive_year,irrigation_responsive,YCA2004_stress_grid_S0011,pareto_balanced,2004-08-05,218,55,50,"{""sim_day"": 55.0, ""doy"": 218.0, ""topwt"": 1593.0650329589844, ""grnwt"": 0.0, ""xlai"": 0.75984126329422, ""totir"": 40.0, ""tofer"": NaN, ""swfac"": 0.0, ""nstres"": 0.5222991108894348}",0.0,0.5222991108894348,1593.0650329589844,0.0,0.75984126329422,40.0,,40.0,0.0,40.0,0.0,-2.921580505371093,13.078419494628909,Leave_One_experiments/all_year_offline_schedule_search/daily_outputs/YCA/YCA_2004_YCA2004_stress_grid_S0011_daily.csv
YCA,YCA,Yucheng,2004,Leave_One_experiments\wth_generated_qc\YCA\YCA2004.WTH,dry_year;nitrogen_stress_year;irrigation_responsive_year,irrigation_responsive,YCA2004_stress_grid_S0011,pareto_balanced,2004-08-06,219,56,51,"{""sim_day"": 56.0, ""doy"": 219.0, ""topwt"": 1668.4564208984375, ""grnwt"": 0.0, ""xlai"": 0.7519028782844543, ""totir"": 40.0, ""tofer"": NaN, ""swfac"": 0.0, ""nstres"": 0.4946038722991943}",0.0,0.4946038722991943,1668.4564208984375,0.0,0.7519028782844543,40.0,,0.0,0.0,40.0,0.0,-2.921580505371093,13.078419494628909,Leave_One_experiments/all_year_offline_schedule_search/daily_outputs/YCA/YCA_2004_YCA2004_stress_grid_S0011_daily.csv
YCA,YCA,Yucheng,2004,Leave_One_experiments\wth_generated_qc\YCA\YCA2004.WTH,dry_year;nitrogen_stress_year;irrigation_responsive_year,irrigation_responsive,YCA2004_stress_grid_S0011,pareto_balanced,2004-08-07,220,57,52,"{""sim_day"": 57.0, ""doy"": 220.0, ""topwt"": 1749.4305419921875, ""grnwt"": 0.0, ""xlai"": 0.7444535493850708, ""totir"": 40.0, ""tofer"": NaN, ""swfac"": 0.0, ""nstres"": 0.4927694797515869}",0.0,0.4927694797515869,1749.4305419921875,0.0,0.7444535493850708,40.0,,0.0,0.0,40.0,0.0,-2.921580505371093,13.078419494628909,Leave_One_experiments/all_year_offline_schedule_search/daily_outputs/YCA/YCA_2004_YCA2004_stress_grid_S0011_daily.csv
YCA,YCA,Yucheng,2004,Leave_One_experiments\wth_generated_qc\YCA\YCA2004.WTH,dry_year;nitrogen_stress_year;irrigation_responsive_year,irrigation_responsive,YCA2004_stress_grid_S0011,pareto_balanced,2004-08-08,221,58,53,"{""sim_day"": 58.0, ""doy"": 221.0, ""topwt"": 1808.603515625, ""grnwt"": 0.0, ""xlai"": 0.731462299823761, ""totir"": 40.0, ""tofer"": NaN, ""swfac"": 0.0, ""nstres"": 0.4997490048408508}",0.0,0.4997490048408508,1808.603515625,0.0,0.731462299823761,40.0,,0.0,0.0,40.0,0.0,-2.921580505371093,13.078419494628909,Leave_One_experiments/all_year_offline_schedule_search/daily_outputs/YCA/YCA_2004_YCA2004_stress_grid_S0011_daily.csv
YCA,YCA,Yucheng,2004,Leave_One_experiments\wth_generated_qc\YCA\YCA2004.WTH,dry_year;nitrogen_stress_year;irrigation_responsive_year,irrigation_responsive,YCA2004_stress_grid_S0011,pareto_balanced,2004-08-09,222,59,54,"{""sim_day"": 59.0, ""doy"": 222.0, ""topwt"": 1844.8834228515625, ""grnwt"": 0.0, ""xlai"": 0.7129256725311279, ""totir"": 40.0, ""tofer"": NaN, ""swfac"": 0.0, ""nstres"": 0.5049731731414795}",0.0,0.5049731731414795,1844.8834228515625,0.0,0.7129256725311279,40.0,,0.0,0.0,40.0,0.0,-2.921580505371093,13.078419494628909,Leave_One_experiments/all_year_offline_schedule_search/daily_outputs/YCA/YCA_2004_YCA2004_stress_grid_S0011_daily.csv
YCA,YCA,Yucheng,2004,Leave_One_experiments\wth_generated_qc\YCA\YCA2004.WTH,dry_year;nitrogen_stress_year;irrigation_responsive_year,irrigation_responsive,YCA2004_stress_grid_S0011,pareto_balanced,2004-08-10,223,60,55,"{""sim_day"": 60.0, ""doy"": 223.0, ""topwt"": 1914.5669555664065, ""grnwt"": 0.0, ""xlai"": 0.7037391066551208, ""totir"": 40.0, ""tofer"": NaN, ""swfac"": 0.0, ""nstres"": 0.5014248490333557}",0.0,0.5014248490333557,1914.5669555664065,0.0,0.7037391066551208,40.0,,0.0,0.0,40.0,0.0,-2.921580505371093,13.078419494628909,Leave_One_experiments/all_year_offline_schedule_search/daily_outputs/YCA/YCA_2004_YCA2004_stress_grid_S0011_daily.csv
YCA,YCA,Yucheng,2004,Leave_One_experiments\wth_generated_qc\YCA\YCA2004.WTH,dry_year;nitrogen_stress_year;irrigation_responsive_year,irrigation_responsive,YCA2004_stress_grid_S0011,pareto_balanced,2004-08-11,224,61,56,"{""sim_day"": 61.0, ""doy"": 224.0, ""topwt"": 1995.4112243652344, ""grnwt"": 0.0, ""xlai"": 0.6980302929878235, ""totir"": 40.0, ""tofer"": NaN, ""swfac"": 0.0, ""nstres"": 0.4917290806770324}",0.0,0.4917290806770324,1995.4112243652344,0.0,0.6980302929878235,40.0,,0.0,0.0,40.0,0.0,-2.921580505371093,13.078419494628909,Leave_One_experiments/all_year_offline_schedule_search/daily_outputs/YCA/YCA_2004_YCA2004_stress_grid_S0011_daily.csv
YCA,YCA,Yucheng,2004,Leave_One_experiments\wth_generated_qc\YCA\YCA2004.WTH,dry_year;nitrogen_stress_year;irrigation_responsive_year,irrigation_responsive,YCA2004_stress_grid_S0011,pareto_balanced,2004-08-12,225,62,57,"{""sim_day"": 62.0, ""doy"": 225.0, ""topwt"": 2000.71044921875, ""grnwt"": 0.0, ""xlai"": 0.6722071766853333, ""totir"": 40.0, ""tofer"": NaN, ""swfac"": 0.0, ""nstres"": 0.4878621697425842}",0.0,0.4878621697425842,2000.71044921875,0.0,0.6722071766853333,40.0,,0.0,0.0,40.0,0.0,-2.921580505371093,13.078419494628909,Leave_One_experiments/all_year_offline_schedule_search/daily_outputs/YCA/YCA_2004_YCA2004_stress_grid_S0011_daily.csv
YCA,YCA,Yucheng,2004,Leave_One_experiments\wth_generated_qc\YCA\YCA2004.WTH,dry_year;nitrogen_stress_year;irrigation_responsive_year,irrigation_responsive,YCA2004_stress_grid_S0011,pareto_balanced,2004-08-13,226,63,58,"{""sim_day"": 63.0, ""doy"": 226.0, ""topwt"": 2047.369079589844, ""grnwt"": 0.0, ""xlai"": 0.6475217342376709, ""totir"": 40.0, ""tofer"": NaN, ""swfac"": 0.0, ""nstres"": 0.4813486337661743}",0.0,0.4813486337661743,2047.369079589844,0.0,0.6475217342376709,40.0,,0.0,0.0,40.0,0.0,-2.921580505371093,13.078419494628909,Leave_One_experiments/all_year_offline_schedule_search/daily_outputs/YCA/YCA_2004_YCA2004_stress_grid_S0011_daily.csv
YCA,YCA,Yucheng,2004,Leave_One_experiments\wth_generated_qc\YCA\YCA2004.WTH,dry_year;nitrogen_stress_year;irrigation_responsive_year,irrigation_responsive,YCA2004_stress_grid_S0011,pareto_balanced,2004-08-14,227,64,59,"{""sim_day"": 64.0, ""doy"": 227.0, ""topwt"": 2080.5401611328125, ""grnwt"": 0.0, ""xlai"": 0.6242873072624207, ""totir"": 40.0, ""tofer"": NaN, ""swfac"": 0.0, ""nstres"": 0.4611706733703613}",0.0,0.4611706733703613,2080.5401611328125,0.0,0.6242873072624207,40.0,,0.0,0.0,40.0,0.0,-2.921580505371093,13.078419494628909,Leave_One_experiments/all_year_offline_schedule_search/daily_outputs/YCA/YCA_2004_YCA2004_stress_grid_S0011_daily.csv
YCA,YCA,Yucheng,2004,Leave_One_experiments\wth_generated_qc\YCA\YCA2004.WTH,dry_year;nitrogen_stress_year;irrigation_responsive_year,irrigation_responsive,YCA2004_stress_grid_S0011,pareto_balanced,2004-08-15,228,65,60,"{""sim_day"": 65.0, ""doy"": 228.0, ""topwt"": 2075.2374267578125, ""grnwt"": 0.0, ""xlai"": 0.6020540595054626, ""totir"": 40.0, ""tofer"": NaN, ""swfac"": 0.0, ""nstres"": 0.4547305107116699}",0.0,0.4547305107116699,2075.2374267578125,0.0,0.6020540595054626,40.0,,0.0,0.0,40.0,0.0,-2.921580505371093,13.078419494628909,Leave_One_experiments/all_year_offline_schedule_search/daily_outputs/YCA/YCA_2004_YCA2004_stress_grid_S0011_daily.csv
YCA,YCA,Yucheng,2004,Leave_One_experiments\wth_generated_qc\YCA\YCA2004.WTH,dry_year;nitrogen_stress_year;irrigation_responsive_year,irrigation_responsive,YCA2004_stress_grid_S0011,pareto_balanced,2004-08-16,229,66,61,"{""sim_day"": 66.0, ""doy"": 229.0, ""topwt"": 2137.667236328125, ""grnwt"": 0.0, ""xlai"": 0.5809078216552734, ""totir"": 40.0, ""tofer"": NaN, ""swfac"": 0.0, ""nstres"": 0.4429613947868347}",0.0,0.4429613947868347,2137.667236328125,0.0,0.5809078216552734,40.0,,0.0,0.0,40.0,0.0,-2.921580505371093,13.078419494628909,Leave_One_experiments/all_year_offline_schedule_search/daily_outputs/YCA/YCA_2004_YCA2004_stress_grid_S0011_daily.csv
YCA,YCA,Yucheng,2004,Leave_One_experiments\wth_generated_qc\YCA\YCA2004.WTH,dry_year;nitrogen_stress_year;irrigation_responsive_year,irrigation_responsive,YCA2004_stress_grid_S0011,pareto_balanced,2004-08-17,230,67,62,"{""sim_day"": 67.0, ""doy"": 230.0, ""topwt"": 2193.6122131347656, ""grnwt"": 0.0, ""xlai"": 0.561059832572937, ""totir"": 40.0, ""tofer"": NaN, ""swfac"": 0.0, ""nstres"": 0.4200126528739929}",0.0,0.4200126528739929,2193.6122131347656,0.0,0.561059832572937,40.0,,0.0,0.0,40.0,0.0,-2.921580505371093,13.078419494628909,Leave_One_experiments/all_year_offline_schedule_search/daily_outputs/YCA/YCA_2004_YCA2004_stress_grid_S0011_daily.csv
YCA,YCA,Yucheng,2004,Leave_One_experiments\wth_generated_qc\YCA\YCA2004.WTH,dry_year;nitrogen_stress_year;irrigation_responsive_year,irrigation_responsive,YCA2004_stress_grid_S0011,pareto_balanced,2004-08-18,231,68,63,"{""sim_day"": 68.0, ""doy"": 231.0, ""topwt"": 2250.5258178710938, ""grnwt"": 0.0, ""xlai"": 0.541985809803009, ""totir"": 40.0, ""tofer"": NaN, ""swfac"": 0.0, ""nstres"": 0.4159138202667236}",0.0,0.4159138202667236,2250.5258178710938,0.0,0.541985809803009,40.0,,0.0,0.0,40.0,0.0,-2.921580505371093,13.078419494628909,Leave_One_experiments/all_year_offline_schedule_search/daily_outputs/YCA/YCA_2004_YCA2004_stress_grid_S0011_daily.csv
YCA,YCA,Yucheng,2004,Leave_One_experiments\wth_generated_qc\YCA\YCA2004.WTH,dry_year;nitrogen_stress_year;irrigation_responsive_year,irrigation_responsive,YCA2004_stress_grid_S0011,pareto_balanced,2004-08-19,232,69,64,"{""sim_day"": 69.0, ""doy"": 232.0, ""topwt"": 2288.7808227539062, ""grnwt"": 0.0, ""xlai"": 0.5236634016036987, ""totir"": 40.0, ""tofer"": NaN, ""swfac"": 0.0, ""nstres"": 0.4113460183143616}",0.0,0.4113460183143616,2288.7808227539062,0.0,0.5236634016036987,40.0,,0.0,0.0,40.0,0.0,-2.921580505371093,13.078419494628909,Leave_One_experiments/all_year_offline_schedule_search/daily_outputs/YCA/YCA_2004_YCA2004_stress_grid_S0011_daily.csv
YCA,YCA,Yucheng,2004,Leave_One_experiments\wth_generated_qc\YCA\YCA2004.WTH,dry_year;nitrogen_stress_year;irrigation_responsive_year,irrigation_responsive,YCA2004_stress_grid_S0011,pareto_balanced,2004-08-20,233,70,65,"{""sim_day"": 70.0, ""doy"": 233.0, ""topwt"": 2325.013732910156, ""grnwt"": 0.0, ""xlai"": 0.5061665773391724, ""totir"": 40.0, ""tofer"": NaN, ""swfac"": 0.0, ""nstres"": 0.4018992781639099}",0.0,0.4018992781639099,2325.013732910156,0.0,0.5061665773391724,40.0,,0.0,0.0,40.0,0.0,-2.921580505371093,13.078419494628909,Leave_One_experiments/all_year_offline_schedule_search/daily_outputs/YCA/YCA_2004_YCA2004_stress_grid_S0011_daily.csv
YCA,YCA,Yucheng,2004,Leave_One_experiments\wth_generated_qc\YCA\YCA2004.WTH,dry_year;nitrogen_stress_year;irrigation_responsive_year,irrigation_responsive,YCA2004_stress_grid_S0011,pareto_balanced,2004-08-21,234,71,66,"{""sim_day"": 71.0, ""doy"": 234.0, ""topwt"": 2359.750518798828, ""grnwt"": 0.0, ""xlai"": 0.4895404279232025, ""totir"": 40.0, ""tofer"": NaN, ""swfac"": 0.0, ""nstres"": 0.388333797454834}",0.0,0.388333797454834,2359.750518798828,0.0,0.4895404279232025,40.0,,0.0,0.0,40.0,0.0,-2.921580505371093,13.078419494628909,Leave_One_experiments/all_year_offline_schedule_search/daily_outputs/YCA/YCA_2004_YCA2004_stress_grid_S0011_daily.csv
YCA,YCA,Yucheng,2004,Leave_One_experiments\wth_generated_qc\YCA\YCA2004.WTH,dry_year;nitrogen_stress_year;irrigation_responsive_year,irrigation_responsive,YCA2004_stress_grid_S0011,pareto_balanced,2004-08-22,235,72,67,"{""sim_day"": 72.0, ""doy"": 235.0, ""topwt"": 2404.4943237304688, ""grnwt"": 0.0, ""xlai"": 0.4737626910209656, ""totir"": 40.0, ""tofer"": NaN, ""swfac"": 0.0, ""nstres"": 0.3735108375549316}",0.0,0.3735108375549316,2404.4943237304688,0.0,0.4737626910209656,40.0,,0.0,0.0,40.0,0.0,-2.921580505371093,13.078419494628909,Leave_One_experiments/all_year_offline_schedule_search/daily_outputs/YCA/YCA_2004_YCA2004_stress_grid_S0011_daily.csv
YCA,YCA,Yucheng,2004,Leave_One_experiments\wth_generated_qc\YCA\YCA2004.WTH,dry_year;nitrogen_stress_year;irrigation_responsive_year,irrigation_responsive,YCA2004_stress_grid_S0011,pareto_balanced,2004-08-23,236,73,68,"{""sim_day"": 73.0, ""doy"": 236.0, ""topwt"": 2435.0135803222656, ""grnwt"": 0.0, ""xlai"": 0.4588305056095123, ""totir"": 40.0, ""tofer"": NaN, ""swfac"": 0.0, ""nstres"": 0.3564372658729553}",0.0,0.3564372658729553,2435.0135803222656,0.0,0.4588305056095123,40.0,,0.0,0.0,40.0,0.0,-2.921580505371093,13.078419494628909,Leave_One_experiments/all_year_offline_schedule_search/daily_outputs/YCA/YCA_2004_YCA2004_stress_grid_S0011_daily.csv
YCA,YCA,Yucheng,2004,Leave_One_experiments\wth_generated_qc\YCA\YCA2004.WTH,dry_year;nitrogen_stress_year;irrigation_responsive_year,irrigation_responsive,YCA2004_stress_grid_S0011,pareto_balanced,2004-08-24,237,74,69,"{""sim_day"": 74.0, ""doy"": 237.0, ""topwt"": 2474.0011596679688, ""grnwt"": 79.78095531463623, ""xlai"": 0.4446766972541809, ""totir"": 40.0, ""tofer"": NaN, ""swfac"": 0.0, ""nstres"": 0.3403435945510864}",0.0,0.3403435945510864,2474.0011596679688,79.78095531463623,0.4446766972541809,40.0,,0.0,0.0,40.0,0.0,-2.921580505371093,13.078419494628909,Leave_One_experiments/all_year_offline_schedule_search/daily_outputs/YCA/YCA_2004_YCA2004_stress_grid_S0011_daily.csv
YCA,YCA,Yucheng,2004,Leave_One_experiments\wth_generated_qc\YCA\YCA2004.WTH,dry_year;nitrogen_stress_year;irrigation_responsive_year,irrigation_responsive,YCA2004_stress_grid_S0011,pareto_balanced,2004-08-25,238,75,70,"{""sim_day"": 75.0, ""doy"": 238.0, ""topwt"": 2505.028839111328, ""grnwt"": 126.2969970703125, ""xlai"": 0.4305857717990875, ""totir"": 40.0, ""tofer"": NaN, ""swfac"": 0.0, ""nstres"": 0.3605117201805115}",0.0,0.3605117201805115,2505.028839111328,126.2969970703125,0.4305857717990875,40.0,,0.0,0.0,40.0,0.0,-2.921580505371093,13.078419494628909,Leave_One_experiments/all_year_offline_schedule_search/daily_outputs/YCA/YCA_2004_YCA2004_stress_grid_S0011_daily.csv
YCA,YCA,Yucheng,2004,Leave_One_experiments\wth_generated_qc\YCA\YCA2004.WTH,dry_year;nitrogen_stress_year;irrigation_responsive_year,irrigation_responsive,YCA2004_stress_grid_S0011,pareto_balanced,2004-08-26,239,76,71,"{""sim_day"": 76.0, ""doy"": 239.0, ""topwt"": 2513.0250549316406, ""grnwt"": 172.81305313110352, ""xlai"": 0.4173494875431061, ""totir"": 40.0, ""tofer"": NaN, ""swfac"": 0.0, ""nstres"": 0.3377605676651001}",0.0,0.3377605676651001,2513.0250549316406,172.81305313110352,0.4173494875431061,40.0,,0.0,0.0,40.0,0.0,-2.921580505371093,13.078419494628909,Leave_One_experiments/all_year_offline_schedule_search/daily_outputs/YCA/YCA_2004_YCA2004_stress_grid_S0011_daily.csv
YCA,YCA,Yucheng,2004,Leave_One_experiments\wth_generated_qc\YCA\YCA2004.WTH,dry_year;nitrogen_stress_year;irrigation_responsive_year,irrigation_responsive,YCA2004_stress_grid_S0011,pareto_balanced,2004-08-27,240,77,72,"{""sim_day"": 77.0, ""doy"": 240.0, ""topwt"": 2567.270812988281, ""grnwt"": 219.32910919189453, ""xlai"": 0.4047316014766693, ""totir"": 40.0, ""tofer"": NaN, ""swfac"": 0.0, ""nstres"": 0.3256024718284607}",0.0,0.3256024718284607,2567.270812988281,219.32910919189453,0.4047316014766693,40.0,,0.0,0.0,40.0,0.0,-2.921580505371093,13.078419494628909,Leave_One_experiments/all_year_offline_schedule_search/daily_outputs/YCA/YCA_2004_YCA2004_stress_grid_S0011_daily.csv
YCA,YCA,Yucheng,2004,Leave_One_experiments\wth_generated_qc\YCA\YCA2004.WTH,dry_year;nitrogen_stress_year;irrigation_responsive_year,irrigation_responsive,YCA2004_stress_grid_S0011,pareto_balanced,2004-08-28,241,78,73,"{""sim_day"": 78.0, ""doy"": 241.0, ""topwt"": 2620.089111328125, ""grnwt"": 265.8451461791992, ""xlai"": 0.3928778767585754, ""totir"": 40.0, ""tofer"": NaN, ""swfac"": 0.0, ""nstres"": 0.3029078245162964}",0.0,0.3029078245162964,2620.089111328125,265.8451461791992,0.3928778767585754,40.0,,0.0,0.0,40.0,0.0,-2.921580505371093,13.078419494628909,Leave_One_experiments/all_year_offline_schedule_search/daily_outputs/YCA/YCA_2004_YCA2004_stress_grid_S0011_daily.csv
YCA,YCA,Yucheng,2004,Leave_One_experiments\wth_generated_qc\YCA\YCA2004.WTH,dry_year;nitrogen_stress_year;irrigation_responsive_year,irrigation_responsive,YCA2004_stress_grid_S0011,pareto_balanced,2004-08-29,242,79,74,"{""sim_day"": 79.0, ""doy"": 242.0, ""topwt"": 2672.4526977539062, ""grnwt"": 312.36120223999023, ""xlai"": 0.381350040435791, ""totir"": 40.0, ""tofer"": NaN, ""swfac"": 0.0, ""nstres"": 0.3042109608650207}",0.0,0.3042109608650207,2672.4526977539062,312.36120223999023,0.381350040435791,40.0,,0.0,0.0,40.0,0.0,-2.921580505371093,13.078419494628909,Leave_One_experiments/all_year_offline_schedule_search/daily_outputs/YCA/YCA_2004_YCA2004_stress_grid_S0011_daily.csv
YCA,YCA,Yucheng,2004,Leave_One_experiments\wth_generated_qc\YCA\YCA2004.WTH,dry_year;nitrogen_stress_year;irrigation_responsive_year,irrigation_responsive,YCA2004_stress_grid_S0011,pareto_balanced,2004-08-30,243,80,75,"{""sim_day"": 80.0, ""doy"": 243.0, ""topwt"": 2724.219970703125, ""grnwt"": 358.87725830078125, ""xlai"": 0.370218813419342, ""totir"": 40.0, ""tofer"": NaN, ""swfac"": 0.0, ""nstres"": 0.3005359768867492}",0.0,0.3005359768867492,2724.219970703125,358.87725830078125,0.370218813419342,40.0,,0.0,0.0,40.0,0.0,-2.921580505371093,13.078419494628909,Leave_One_experiments/all_year_offline_schedule_search/daily_outputs/YCA/YCA_2004_YCA2004_stress_grid_S0011_daily.csv
YCA,YCA,Yucheng,2004,Leave_One_experiments\wth_generated_qc\YCA\YCA2004.WTH,dry_year;nitrogen_stress_year;irrigation_responsive_year,irrigation_responsive,YCA2004_stress_grid_S0011,pareto_balanced,2004-08-31,244,81,76,"{""sim_day"": 81.0, ""doy"": 244.0, ""topwt"": 2774.317626953125, ""grnwt"": 405.39329528808594, ""xlai"": 0.359373390674591, ""totir"": 40.0, ""tofer"": NaN, ""swfac"": 0.0, ""nstres"": 0.303071916103363}",0.0,0.303071916103363,2774.317626953125,405.39329528808594,0.359373390674591,40.0,,0.0,0.0,40.0,0.0,-2.921580505371093,13.078419494628909,Leave_One_experiments/all_year_offline_schedule_search/daily_outputs/YCA/YCA_2004_YCA2004_stress_grid_S0011_daily.csv
YCA,YCA,Yucheng,2004,Leave_One_experiments\wth_generated_qc\YCA\YCA2004.WTH,dry_year;nitrogen_stress_year;irrigation_responsive_year,irrigation_responsive,YCA2004_stress_grid_S0011,pareto_balanced,2004-09-01,245,82,77,"{""sim_day"": 82.0, ""doy"": 245.0, ""topwt"": 2817.051696777344, ""grnwt"": 451.9093704223633, ""xlai"": 0.348825454711914, ""totir"": 40.0, ""tofer"": NaN, ""swfac"": 0.0, ""nstres"": 0.3044241666793823}",0.0,0.3044241666793823,2817.051696777344,451.9093704223633,0.348825454711914,40.0,,0.0,0.0,40.0,0.0,-2.921580505371093,13.078419494628909,Leave_One_experiments/all_year_offline_schedule_search/daily_outputs/YCA/YCA_2004_YCA2004_stress_grid_S0011_daily.csv
YCA,YCA,Yucheng,2004,Leave_One_experiments\wth_generated_qc\YCA\YCA2004.WTH,dry_year;nitrogen_stress_year;irrigation_responsive_year,irrigation_responsive,YCA2004_stress_grid_S0011,pareto_balanced,2004-09-02,246,83,78,"{""sim_day"": 83.0, ""doy"": 246.0, ""topwt"": 2843.0938720703125, ""grnwt"": 498.425407409668, ""xlai"": 0.3385820686817169, ""totir"": 40.0, ""tofer"": NaN, ""swfac"": 0.0, ""nstres"": 0.3047723770141601}",0.0,0.3047723770141601,2843.0938720703125,498.425407409668,0.3385820686817169,40.0,,0.0,0.0,40.0,0.0,-2.921580505371093,13.078419494628909,Leave_One_experiments/all_year_offline_schedule_search/daily_outputs/YCA/YCA_2004_YCA2004_stress_grid_S0011_daily.csv
YCA,YCA,Yucheng,2004,Leave_One_experiments\wth_generated_qc\YCA\YCA2004.WTH,dry_year;nitrogen_stress_year;irrigation_responsive_year,irrigation_responsive,YCA2004_stress_grid_S0011,pareto_balanced,2004-09-03,247,84,79,"{""sim_day"": 84.0, ""doy"": 247.0, ""topwt"": 2871.9772338867188, ""grnwt"": 544.9414825439453, ""xlai"": 0.3286795020103454, ""totir"": 40.0, ""tofer"": NaN, ""swfac"": 0.0, ""nstres"": 0.3019294142723083}",0.0,0.3019294142723083,2871.9772338867188,544.9414825439453,0.3286795020103454,40.0,,0.0,0.0,40.0,0.0,-2.921580505371093,13.078419494628909,Leave_One_experiments/all_year_offline_schedule_search/daily_outputs/YCA/YCA_2004_YCA2004_stress_grid_S0011_daily.csv
YCA,YCA,Yucheng,2004,Leave_One_experiments\wth_generated_qc\YCA\YCA2004.WTH,dry_year;nitrogen_stress_year;irrigation_responsive_year,irrigation_responsive,YCA2004_stress_grid_S0011,pareto_balanced,2004-09-04,248,85,80,"{""sim_day"": 85.0, ""doy"": 248.0, ""topwt"": 2914.97802734375, ""grnwt"": 591.4574813842773, ""xlai"": 0.3192137479782104, ""totir"": 40.0, ""tofer"": NaN, ""swfac"": 0.0, ""nstres"": 0.2911843657493591}",0.0,0.2911843657493591,2914.97802734375,591.4574813842773,0.3192137479782104,40.0,,0.0,0.0,40.0,0.0,-2.921580505371093,13.078419494628909,Leave_One_experiments/all_year_offline_schedule_search/daily_outputs/YCA/YCA_2004_YCA2004_stress_grid_S0011_daily.csv
YCA,YCA,Yucheng,2004,Leave_One_experiments\wth_generated_qc\YCA\YCA2004.WTH,dry_year;nitrogen_stress_year;irrigation_responsive_year,irrigation_responsive,YCA2004_stress_grid_S0011,pareto_balanced,2004-09-05,249,86,81,"{""sim_day"": 86.0, ""doy"": 249.0, ""topwt"": 2953.7722778320312, ""grnwt"": 637.973518371582, ""xlai"": 0.3101413249969482, ""totir"": 40.0, ""tofer"": NaN, ""swfac"": 0.0, ""nstres"": 0.2821038961410522}",0.0,0.2821038961410522,2953.7722778320312,637.973518371582,0.3101413249969482,40.0,,0.0,0.0,40.0,0.0,-2.921580505371093,13.078419494628909,Leave_One_experiments/all_year_offline_schedule_search/daily_outputs/YCA/YCA_2004_YCA2004_stress_grid_S0011_daily.csv
YCA,YCA,Yucheng,2004,Leave_One_experiments\wth_generated_qc\YCA\YCA2004.WTH,dry_year;nitrogen_stress_year;irrigation_responsive_year,irrigation_responsive,YCA2004_stress_grid_S0011,pareto_balanced,2004-09-06,250,87,82,"{""sim_day"": 87.0, ""doy"": 250.0, ""topwt"": 3010.5697631835938, ""grnwt"": 684.4895172119141, ""xlai"": 0.3013314008712768, ""totir"": 40.0, ""tofer"": NaN, ""swfac"": 0.0, ""nstres"": 0.2817480564117431}",0.0,0.2817480564117431,3010.5697631835938,684.4895172119141,0.3013314008712768,40.0,,0.0,0.0,40.0,0.0,-2.921580505371093,13.078419494628909,Leave_One_experiments/all_year_offline_schedule_search/daily_outputs/YCA/YCA_2004_YCA2004_stress_grid_S0011_daily.csv
YCA,YCA,Yucheng,2004,Leave_One_experiments\wth_generated_qc\YCA\YCA2004.WTH,dry_year;nitrogen_stress_year;irrigation_responsive_year,irrigation_responsive,YCA2004_stress_grid_S0011,pareto_balanced,2004-09-07,251,88,83,"{""sim_day"": 88.0, ""doy"": 251.0, ""topwt"": 3061.84814453125, ""grnwt"": 731.0055541992188, ""xlai"": 0.2928003966808319, ""totir"": 40.0, ""tofer"": NaN, ""swfac"": 0.0, ""nstres"": 0.2794713973999023}",0.0,0.2794713973999023,3061.84814453125,731.0055541992188,0.2928003966808319,40.0,,0.0,0.0,40.0,0.0,-2.921580505371093,13.078419494628909,Leave_One_experiments/all_year_offline_schedule_search/daily_outputs/YCA/YCA_2004_YCA2004_stress_grid_S0011_daily.csv
YCA,YCA,Yucheng,2004,Leave_One_experiments\wth_generated_qc\YCA\YCA2004.WTH,dry_year;nitrogen_stress_year;irrigation_responsive_year,irrigation_responsive,YCA2004_stress_grid_S0011,pareto_balanced,2004-09-08,252,89,84,"{""sim_day"": 89.0, ""doy"": 252.0, ""topwt"": 3112.662048339844, ""grnwt"": 777.5215911865234, ""xlai"": 0.2844124436378479, ""totir"": 40.0, ""tofer"": NaN, ""swfac"": 0.0, ""nstres"": 0.2875328660011291}",0.0,0.2875328660011291,3112.662048339844,777.5215911865234,0.2844124436378479,40.0,,0.0,0.0,40.0,0.0,-2.921580505371093,13.078419494628909,Leave_One_experiments/all_year_offline_schedule_search/daily_outputs/YCA/YCA_2004_YCA2004_stress_grid_S0011_daily.csv
YCA,YCA,Yucheng,2004,Leave_One_experiments\wth_generated_qc\YCA\YCA2004.WTH,dry_year;nitrogen_stress_year;irrigation_responsive_year,irrigation_responsive,YCA2004_stress_grid_S0011,pareto_balanced,2004-09-09,253,90,85,"{""sim_day"": 90.0, ""doy"": 253.0, ""topwt"": 3158.442687988281, ""grnwt"": 824.0376281738281, ""xlai"": 0.2762078940868377, ""totir"": 40.0, ""tofer"": NaN, ""swfac"": 0.0, ""nstres"": 0.2923392057418823}",0.0,0.2923392057418823,3158.442687988281,824.0376281738281,0.2762078940868377,40.0,,0.0,0.0,40.0,0.0,-2.921580505371093,13.078419494628909,Leave_One_experiments/all_year_offline_schedule_search/daily_outputs/YCA/YCA_2004_YCA2004_stress_grid_S0011_daily.csv
YCA,YCA,Yucheng,2004,Leave_One_experiments\wth_generated_qc\YCA\YCA2004.WTH,dry_year;nitrogen_stress_year;irrigation_responsive_year,irrigation_responsive,YCA2004_stress_grid_S0011,pareto_balanced,2004-09-10,254,91,86,"{""sim_day"": 91.0, ""doy"": 254.0, ""topwt"": 3203.783569335937, ""grnwt"": 870.5535888671875, ""xlai"": 0.2681879699230194, ""totir"": 40.0, ""tofer"": NaN, ""swfac"": 0.0, ""nstres"": 0.2968582510948181}",0.0,0.2968582510948181,3203.783569335937,870.5535888671875,0.2681879699230194,40.0,,0.0,0.0,40.0,0.0,-2.921580505371093,13.078419494628909,Leave_One_experiments/all_year_offline_schedule_search/daily_outputs/YCA/YCA_2004_YCA2004_stress_grid_S0011_daily.csv
YCA,YCA,Yucheng,2004,Leave_One_experiments\wth_generated_qc\YCA\YCA2004.WTH,dry_year;nitrogen_stress_year;irrigation_responsive_year,irrigation_responsive,YCA2004_stress_grid_S0011,pareto_balanced,2004-09-11,255,92,87,"{""sim_day"": 92.0, ""doy"": 255.0, ""topwt"": 3251.205444335937, ""grnwt"": 917.0696258544922, ""xlai"": 0.2603804767131805, ""totir"": 40.0, ""tofer"": NaN, ""swfac"": 0.0, ""nstres"": 0.298697292804718}",0.0,0.298697292804718,3251.205444335937,917.0696258544922,0.2603804767131805,40.0,,0.0,0.0,40.0,0.0,-2.921580505371093,13.078419494628909,Leave_One_experiments/all_year_offline_schedule_search/daily_outputs/YCA/YCA_2004_YCA2004_stress_grid_S0011_daily.csv
YCA,YCA,Yucheng,2004,Leave_One_experiments\wth_generated_qc\YCA\YCA2004.WTH,dry_year;nitrogen_stress_year;irrigation_responsive_year,irrigation_responsive,YCA2004_stress_grid_S0011,pareto_balanced,2004-09-12,256,93,88,"{""sim_day"": 93.0, ""doy"": 256.0, ""topwt"": 3289.2822265625, ""grnwt"": 963.5856628417968, ""xlai"": 0.2527799904346466, ""totir"": 40.0, ""tofer"": NaN, ""swfac"": 0.0, ""nstres"": 0.3005537986755371}",0.0,0.3005537986755371,3289.2822265625,963.5856628417968,0.2527799904346466,40.0,,0.0,0.0,40.0,0.0,-2.921580505371093,13.078419494628909,Leave_One_experiments/all_year_offline_schedule_search/daily_outputs/YCA/YCA_2004_YCA2004_stress_grid_S0011_daily.csv
YCA,YCA,Yucheng,2004,Leave_One_experiments\wth_generated_qc\YCA\YCA2004.WTH,dry_year;nitrogen_stress_year;irrigation_responsive_year,irrigation_responsive,YCA2004_stress_grid_S0011,pareto_balanced,2004-09-13,257,94,89,"{""sim_day"": 94.0, ""doy"": 257.0, ""topwt"": 3294.500732421875, ""grnwt"": 1010.1016998291016, ""xlai"": 0.2453432381153106, ""totir"": 40.0, ""tofer"": NaN, ""swfac"": 0.0, ""nstres"": 0.3060799837112427}",0.0,0.3060799837112427,3294.500732421875,1010.1016998291016,0.2453432381153106,40.0,,0.0,0.0,40.0,0.0,-2.921580505371093,13.078419494628909,Leave_One_experiments/all_year_offline_schedule_search/daily_outputs/YCA/YCA_2004_YCA2004_stress_grid_S0011_daily.csv
YCA,YCA,Yucheng,2004,Leave_One_experiments\wth_generated_qc\YCA\YCA2004.WTH,dry_year;nitrogen_stress_year;irrigation_responsive_year,irrigation_responsive,YCA2004_stress_grid_S0011,pareto_balanced,2004-09-14,258,95,90,"{""sim_day"": 95.0, ""doy"": 258.0, ""topwt"": 3333.8394165039062, ""grnwt"": 1056.6177368164062, ""xlai"": 0.2382711172103881, ""totir"": 40.0, ""tofer"": NaN, ""swfac"": 0.0, ""nstres"": 0.2918068766593933}",0.0,0.2918068766593933,3333.8394165039062,1056.6177368164062,0.2382711172103881,40.0,,0.0,0.0,40.0,0.0,-2.921580505371093,13.078419494628909,Leave_One_experiments/all_year_offline_schedule_search/daily_outputs/YCA/YCA_2004_YCA2004_stress_grid_S0011_daily.csv
YCA,YCA,Yucheng,2004,Leave_One_experiments\wth_generated_qc\YCA\YCA2004.WTH,dry_year;nitrogen_stress_year;irrigation_responsive_year,irrigation_responsive,YCA2004_stress_grid_S0011,pareto_balanced,2004-09-15,259,96,91,"{""sim_day"": 96.0, ""doy"": 259.0, ""topwt"": 3376.558532714844, ""grnwt"": 1103.1336975097656, ""xlai"": 0.2316485494375229, ""totir"": 40.0, ""tofer"": NaN, ""swfac"": 0.0, ""nstres"": 0.2670615911483764}",0.0,0.2670615911483764,3376.558532714844,1103.1336975097656,0.2316485494375229,40.0,,0.0,0.0,40.0,0.0,-2.921580505371093,13.078419494628909,Leave_One_experiments/all_year_offline_schedule_search/daily_outputs/YCA/YCA_2004_YCA2004_stress_grid_S0011_daily.csv
YCA,YCA,Yucheng,2004,Leave_One_experiments\wth_generated_qc\YCA\YCA2004.WTH,dry_year;nitrogen_stress_year;irrigation_responsive_year,irrigation_responsive,YCA2004_stress_grid_S0011,pareto_balanced,2004-09-16,260,97,92,"{""sim_day"": 97.0, ""doy"": 260.0, ""topwt"": 3390.6573486328125, ""grnwt"": 1149.6497344970703, ""xlai"": 0.2252064645290374, ""totir"": 40.0, ""tofer"": NaN, ""swfac"": 0.0, ""nstres"": 0.2674298882484436}",0.0,0.2674298882484436,3390.6573486328125,1149.6497344970703,0.2252064645290374,40.0,,0.0,0.0,40.0,0.0,-2.921580505371093,13.078419494628909,Leave_One_experiments/all_year_offline_schedule_search/daily_outputs/YCA/YCA_2004_YCA2004_stress_grid_S0011_daily.csv
YCA,YCA,Yucheng,2004,Leave_One_experiments\wth_generated_qc\YCA\YCA2004.WTH,dry_year;nitrogen_stress_year;irrigation_responsive_year,irrigation_responsive,YCA2004_stress_grid_S0011,pareto_balanced,2004-09-17,261,98,93,"{""sim_day"": 98.0, ""doy"": 261.0, ""topwt"": 3436.0812377929688, ""grnwt"": 1196.165771484375, ""xlai"": 0.2189337164163589, ""totir"": 40.0, ""tofer"": NaN, ""swfac"": 0.0, ""nstres"": 0.2684775590896606}",0.0,0.2684775590896606,3436.0812377929688,1196.165771484375,0.2189337164163589,40.0,,0.0,0.0,40.0,0.0,-2.921580505371093,13.078419494628909,Leave_One_experiments/all_year_offline_schedule_search/daily_outputs/YCA/YCA_2004_YCA2004_stress_grid_S0011_daily.csv
YCA,YCA,Yucheng,2004,Leave_One_experiments\wth_generated_qc\YCA\YCA2004.WTH,dry_year;nitrogen_stress_year;irrigation_responsive_year,irrigation_responsive,YCA2004_stress_grid_S0011,pareto_balanced,2004-09-18,262,99,94,"{""sim_day"": 99.0, ""doy"": 262.0, ""topwt"": 3465.24169921875, ""grnwt"": 1242.6818084716797, ""xlai"": 0.2129953354597091, ""totir"": 40.0, ""tofer"": NaN, ""swfac"": 0.0, ""nstres"": 0.250974178314209}",0.0,0.250974178314209,3465.24169921875,1242.6818084716797,0.2129953354597091,40.0,,0.0,0.0,40.0,0.0,-2.921580505371093,13.078419494628909,Leave_One_experiments/all_year_offline_schedule_search/daily_outputs/YCA/YCA_2004_YCA2004_stress_grid_S0011_daily.csv
YCA,YCA,Yucheng,2004,Leave_One_experiments\wth_generated_qc\YCA\YCA2004.WTH,dry_year;nitrogen_stress_year;irrigation_responsive_year,irrigation_responsive,YCA2004_stress_grid_S0011,pareto_balanced,2004-09-19,263,100,95,"{""sim_day"": 100.0, ""doy"": 263.0, ""topwt"": 3499.68017578125, ""grnwt"": 1289.1978454589844, ""xlai"": 0.2071550786495208, ""totir"": 40.0, ""tofer"": NaN, ""swfac"": 0.0, ""nstres"": 0.2580727934837341}",0.0,0.2580727934837341,3499.68017578125,1289.1978454589844,0.2071550786495208,40.0,,0.0,0.0,40.0,0.0,-2.921580505371093,13.078419494628909,Leave_One_experiments/all_year_offline_schedule_search/daily_outputs/YCA/YCA_2004_YCA2004_stress_grid_S0011_daily.csv
YCA,YCA,Yucheng,2004,Leave_One_experiments\wth_generated_qc\YCA\YCA2004.WTH,dry_year;nitrogen_stress_year;irrigation_responsive_year,irrigation_responsive,YCA2004_stress_grid_S0011,pareto_balanced,2004-09-20,264,101,96,"{""sim_day"": 101.0, ""doy"": 264.0, ""topwt"": 3545.48583984375, ""grnwt"": 1335.7138061523438, ""xlai"": 0.201505109667778, ""totir"": 40.0, ""tofer"": NaN, ""swfac"": 0.0, ""nstres"": 0.2545827031135559}",0.0,0.2545827031135559,3545.48583984375,1335.7138061523438,0.201505109667778,40.0,,0.0,0.0,40.0,0.0,-2.921580505371093,13.078419494628909,Leave_One_experiments/all_year_offline_schedule_search/daily_outputs/YCA/YCA_2004_YCA2004_stress_grid_S0011_daily.csv
YCA,YCA,Yucheng,2004,Leave_One_experiments\wth_generated_qc\YCA\YCA2004.WTH,dry_year;nitrogen_stress_year;irrigation_responsive_year,irrigation_responsive,YCA2004_stress_grid_S0011,pareto_balanced,2004-09-21,265,102,97,"{""sim_day"": 102.0, ""doy"": 265.0, ""topwt"": 3587.0513916015625, ""grnwt"": 1382.2299194335938, ""xlai"": 0.1960128992795944, ""totir"": 40.0, ""tofer"": NaN, ""swfac"": 0.0, ""nstres"": 0.2541422247886657}",0.0,0.2541422247886657,3587.0513916015625,1382.2299194335938,0.1960128992795944,40.0,,0.0,0.0,40.0,0.0,-2.921580505371093,13.078419494628909,Leave_One_experiments/all_year_offline_schedule_search/daily_outputs/YCA/YCA_2004_YCA2004_stress_grid_S0011_daily.csv
YCA,YCA,Yucheng,2004,Leave_One_experiments\wth_generated_qc\YCA\YCA2004.WTH,dry_year;nitrogen_stress_year;irrigation_responsive_year,irrigation_responsive,YCA2004_stress_grid_S0011,pareto_balanced,2004-09-22,266,103,98,"{""sim_day"": 103.0, ""doy"": 266.0, ""topwt"": 3621.6970825195312, ""grnwt"": 1428.7458801269531, ""xlai"": 0.1905970722436905, ""totir"": 40.0, ""tofer"": NaN, ""swfac"": 0.0, ""nstres"": 0.2631102204322815}",0.0,0.2631102204322815,3621.6970825195312,1428.7458801269531,0.1905970722436905,40.0,,0.0,0.0,40.0,0.0,-2.921580505371093,13.078419494628909,Leave_One_experiments/all_year_offline_schedule_search/daily_outputs/YCA/YCA_2004_YCA2004_stress_grid_S0011_daily.csv
YCA,YCA,Yucheng,2004,Leave_One_experiments\wth_generated_qc\YCA\YCA2004.WTH,dry_year;nitrogen_stress_year;irrigation_responsive_year,irrigation_responsive,YCA2004_stress_grid_S0011,pareto_balanced,2004-09-23,267,104,99,"{""sim_day"": 104.0, ""doy"": 267.0, ""topwt"": 3644.19921875, ""grnwt"": 1475.2618408203125, ""xlai"": 0.1852816194295883, ""totir"": 40.0, ""tofer"": NaN, ""swfac"": 0.0, ""nstres"": 0.2693208456039428}",0.0,0.2693208456039428,3644.19921875,1475.2618408203125,0.1852816194295883,40.0,,0.0,0.0,40.0,0.0,-2.921580505371093,13.078419494628909,Leave_One_experiments/all_year_offline_schedule_search/daily_outputs/YCA/YCA_2004_YCA2004_stress_grid_S0011_daily.csv
YCA,YCA,Yucheng,2004,Leave_One_experiments\wth_generated_qc\YCA\YCA2004.WTH,dry_year;nitrogen_stress_year;irrigation_responsive_year,irrigation_responsive,YCA2004_stress_grid_S0011,pareto_balanced,2004-09-24,268,105,100,"{""sim_day"": 105.0, ""doy"": 268.0, ""topwt"": 3663.8873291015625, ""grnwt"": 1521.7779541015625, ""xlai"": 0.1801205426454544, ""totir"": 40.0, ""tofer"": NaN, ""swfac"": 0.0, ""nstres"": 0.2685357928276062}",0.0,0.2685357928276062,3663.8873291015625,1521.7779541015625,0.1801205426454544,40.0,,0.0,0.0,40.0,0.0,-2.921580505371093,13.078419494628909,Leave_One_experiments/all_year_offline_schedule_search/daily_outputs/YCA/YCA_2004_YCA2004_stress_grid_S0011_daily.csv
YCA,YCA,Yucheng,2004,Leave_One_experiments\wth_generated_qc\YCA\YCA2004.WTH,dry_year;nitrogen_stress_year;irrigation_responsive_year,irrigation_responsive,YCA2004_stress_grid_S0011,pareto_balanced,2004-09-25,269,106,101,"{""sim_day"": 106.0, ""doy"": 269.0, ""topwt"": 3682.9623413085938, ""grnwt"": 1568.293914794922, ""xlai"": 0.1751811653375625, ""totir"": 40.0, ""tofer"": NaN, ""swfac"": 0.0, ""nstres"": 0.2581484317779541}",0.0,0.2581484317779541,3682.9623413085938,1568.293914794922,0.1751811653375625,40.0,,0.0,0.0,40.0,0.0,-2.921580505371093,13.078419494628909,Leave_One_experiments/all_year_offline_schedule_search/daily_outputs/YCA/YCA_2004_YCA2004_stress_grid_S0011_daily.csv
YCA,YCA,Yucheng,2004,Leave_One_experiments\wth_generated_qc\YCA\YCA2004.WTH,dry_year;nitrogen_stress_year;irrigation_responsive_year,irrigation_responsive,YCA2004_stress_grid_S0011,pareto_balanced,2004-09-26,270,107,102,"{""sim_day"": 107.0, ""doy"": 270.0, ""topwt"": 3707.7218627929688, ""grnwt"": 1614.810028076172, ""xlai"": 0.1704668998718261, ""totir"": 40.0, ""tofer"": NaN, ""swfac"": 0.0, ""nstres"": 0.2458602786064148}",0.0,0.2458602786064148,3707.7218627929688,1614.810028076172,0.1704668998718261,40.0,,0.0,0.0,40.0,0.0,-2.921580505371093,13.078419494628909,Leave_One_experiments/all_year_offline_schedule_search/daily_outputs/YCA/YCA_2004_YCA2004_stress_grid_S0011_daily.csv
YCA,YCA,Yucheng,2004,Leave_One_experiments\wth_generated_qc\YCA\YCA2004.WTH,dry_year;nitrogen_stress_year;irrigation_responsive_year,irrigation_responsive,YCA2004_stress_grid_S0011,pareto_balanced,2004-09-27,271,108,103,"{""sim_day"": 108.0, ""doy"": 271.0, ""topwt"": 3733.76953125, ""grnwt"": 1661.3259887695312, ""xlai"": 0.1659432649612426, ""totir"": 40.0, ""tofer"": NaN, ""swfac"": 0.0, ""nstres"": 0.236876368522644}",0.0,0.236876368522644,3733.76953125,1661.3259887695312,0.1659432649612426,40.0,,0.0,0.0,40.0,0.0,-2.921580505371093,13.078419494628909,Leave_One_experiments/all_year_offline_schedule_search/daily_outputs/YCA/YCA_2004_YCA2004_stress_grid_S0011_daily.csv
YCA,YCA,Yucheng,2004,Leave_One_experiments\wth_generated_qc\YCA\YCA2004.WTH,dry_year;nitrogen_stress_year;irrigation_responsive_year,irrigation_responsive,YCA2004_stress_grid_S0011,pareto_balanced,2004-09-28,272,109,104,"{""sim_day"": 109.0, ""doy"": 272.0, ""topwt"": 3759.385681152344, ""grnwt"": 1707.8419494628906, ""xlai"": 0.161585584282875, ""totir"": 40.0, ""tofer"": NaN, ""swfac"": 0.0, ""nstres"": 0.2302334904670715}",0.0,0.2302334904670715,3759.385681152344,1707.8419494628906,0.161585584282875,40.0,,0.0,0.0,40.0,0.0,-2.921580505371093,13.078419494628909,Leave_One_experiments/all_year_offline_schedule_search/daily_outputs/YCA/YCA_2004_YCA2004_stress_grid_S0011_daily.csv
YCA,YCA,Yucheng,2004,Leave_One_experiments\wth_generated_qc\YCA\YCA2004.WTH,dry_year;nitrogen_stress_year;irrigation_responsive_year,irrigation_responsive,YCA2004_stress_grid_S0011,pareto_balanced,2004-09-29,273,110,105,"{""sim_day"": 110.0, ""doy"": 273.0, ""topwt"": 3759.385681152344, ""grnwt"": 1707.8419494628906, ""xlai"": 0.161585584282875, ""totir"": 40.0, ""tofer"": NaN, ""swfac"": 0.0, ""nstres"": 0.2330551743507385}",0.0,0.2330551743507385,3759.385681152344,1707.8419494628906,0.161585584282875,40.0,,0.0,0.0,40.0,0.0,-2.921580505371093,13.078419494628909,Leave_One_experiments/all_year_offline_schedule_search/daily_outputs/YCA/YCA_2004_YCA2004_stress_grid_S0011_daily.csv
YCA,YCA,Yucheng,2004,Leave_One_experiments\wth_generated_qc\YCA\YCA2004.WTH,dry_year;nitrogen_stress_year;irrigation_responsive_year,irrigation_responsive,YCA2004_stress_grid_S0011,pareto_balanced,2004-09-30,274,111,106,"{""sim_day"": 111.0, ""doy"": 274.0, ""topwt"": 3759.385681152344, ""grnwt"": 1707.8419494628906, ""xlai"": 0.161585584282875, ""totir"": 40.0, ""tofer"": NaN, ""swfac"": 0.0, ""nstres"": 0.2330551743507385}",0.0,0.2330551743507385,3759.385681152344,1707.8419494628906,0.161585584282875,40.0,,0.0,0.0,40.0,0.0,-2.921580505371093,13.078419494628909,Leave_One_experiments/all_year_offline_schedule_search/daily_outputs/YCA/YCA_2004_YCA2004_stress_grid_S0011_daily.csv
YCA,YCA,Yucheng,2004,Leave_One_experiments\wth_generated_qc\YCA\YCA2004.WTH,dry_year;nitrogen_stress_year;irrigation_responsive_year,irrigation_responsive,YCA2004_stress_grid_S0011,pareto_balanced,2004-10-01,275,112,107,"{""sim_day"": 112.0, ""doy"": 275.0, ""topwt"": 3759.385681152344, ""grnwt"": 1707.8419494628906, ""xlai"": 0.161585584282875, ""totir"": 40.0, ""tofer"": NaN, ""swfac"": 0.0, ""nstres"": 0.2330551743507385}",0.0,0.2330551743507385,3759.385681152344,1707.8419494628906,0.161585584282875,40.0,,0.0,0.0,40.0,0.0,-2.921580505371093,13.078419494628909,Leave_One_experiments/all_year_offline_schedule_search/daily_outputs/YCA/YCA_2004_YCA2004_stress_grid_S0011_daily.csv
YCA,YCA,Yucheng,2004,Leave_One_experiments\wth_generated_qc\YCA\YCA2004.WTH,dry_year;nitrogen_stress_year;irrigation_responsive_year,irrigation_responsive,YCA2004_stress_grid_S0011,pareto_balanced,2004-10-02,276,113,108,"{""sim_day"": 113.0, ""doy"": 276.0, ""topwt"": 3759.385681152344, ""grnwt"": 1707.8419494628906, ""xlai"": 0.161585584282875, ""totir"": 40.0, ""tofer"": NaN, ""swfac"": 0.0, ""nstres"": 0.2330551743507385}",0.0,0.2330551743507385,3759.385681152344,1707.8419494628906,0.161585584282875,40.0,,0.0,0.0,40.0,0.0,-2.921580505371093,13.078419494628909,Leave_One_experiments/all_year_offline_schedule_search/daily_outputs/YCA/YCA_2004_YCA2004_stress_grid_S0011_daily.csv
YCA,YCA,Yucheng,2004,Leave_One_experiments\wth_generated_qc\YCA\YCA2004.WTH,dry_year;nitrogen_stress_year;irrigation_responsive_year,irrigation_responsive,YCA2004_stress_grid_S0011,pareto_balanced,2004-10-03,277,114,109,"{""sim_day"": 114.0, ""doy"": 277.0, ""topwt"": 3759.385681152344, ""grnwt"": 1707.8419494628906, ""xlai"": 0.161585584282875, ""totir"": 40.0, ""tofer"": NaN, ""swfac"": 0.0, ""nstres"": 0.2330551743507385}",0.0,0.2330551743507385,3759.385681152344,1707.8419494628906,0.161585584282875,40.0,,0.0,0.0,40.0,0.0,-2.921580505371093,13.078419494628909,Leave_One_experiments/all_year_offline_schedule_search/daily_outputs/YCA/YCA_2004_YCA2004_stress_grid_S0011_daily.csv
YCA,YCA,Yucheng,2004,Leave_One_experiments\wth_generated_qc\YCA\YCA2004.WTH,dry_year;nitrogen_stress_year;irrigation_responsive_year,irrigation_responsive,YCA2004_stress_grid_S0011,pareto_balanced,2004-10-04,278,115,110,"{""sim_day"": 115.0, ""doy"": 278.0, ""topwt"": 3759.385681152344, ""grnwt"": 1707.8419494628906, ""xlai"": 0.161585584282875, ""totir"": 40.0, ""tofer"": NaN, ""swfac"": 0.0, ""nstres"": 0.2330551743507385}",0.0,0.2330551743507385,3759.385681152344,1707.8419494628906,0.161585584282875,40.0,,0.0,0.0,40.0,0.0,-2.921580505371093,13.078419494628909,Leave_One_experiments/all_year_offline_schedule_search/daily_outputs/YCA/YCA_2004_YCA2004_stress_grid_S0011_daily.csv
YCA,YCA,Yucheng,2004,Leave_One_experiments\wth_generated_qc\YCA\YCA2004.WTH,dry_year;nitrogen_stress_year;irrigation_responsive_year,irrigation_responsive,YCA2004_stress_grid_S0001,top_profit_low_water,2004-06-17,169,1,1,"{""sim_day"": 1.0, ""doy"": 169.0, ""topwt"": 0.0, ""grnwt"": 0.0, ""xlai"": 0.0, ""totir"": 0.0, ""tofer"": NaN, ""swfac"": 0.0, ""nstres"": 0.0}",0.0,0.0,0.0,0.0,0.0,0.0,,0.0,0.0,0.0,0.0,14.7867431640625,14.7867431640625,Leave_One_experiments/all_year_offline_schedule_search/daily_outputs/YCA/YCA_2004_YCA2004_stress_grid_S0001_daily.csv
YCA,YCA,Yucheng,2004,Leave_One_experiments\wth_generated_qc\YCA\YCA2004.WTH,dry_year;nitrogen_stress_year;irrigation_responsive_year,irrigation_responsive,YCA2004_stress_grid_S0001,top_profit_low_water,2004-06-18,170,2,2,"{""sim_day"": 2.0, ""doy"": 170.0, ""topwt"": 0.0, ""grnwt"": 0.0, ""xlai"": 0.0, ""totir"": 0.0, ""tofer"": NaN, ""swfac"": 0.0, ""nstres"": 0.0}",0.0,0.0,0.0,0.0,0.0,0.0,,0.0,0.0,0.0,0.0,14.7867431640625,14.7867431640625,Leave_One_experiments/all_year_offline_schedule_search/daily_outputs/YCA/YCA_2004_YCA2004_stress_grid_S0001_daily.csv
YCA,YCA,Yucheng,2004,Leave_One_experiments\wth_generated_qc\YCA\YCA2004.WTH,dry_year;nitrogen_stress_year;irrigation_responsive_year,irrigation_responsive,YCA2004_stress_grid_S0001,top_profit_low_water,2004-06-19,171,3,3,"{""sim_day"": 3.0, ""doy"": 171.0, ""topwt"": 0.0, ""grnwt"": 0.0, ""xlai"": 0.0, ""totir"": 0.0, ""tofer"": NaN, ""swfac"": 0.0, ""nstres"": 0.0}",0.0,0.0,0.0,0.0,0.0,0.0,,0.0,0.0,0.0,0.0,14.7867431640625,14.7867431640625,Leave_One_experiments/all_year_offline_schedule_search/daily_outputs/YCA/YCA_2004_YCA2004_stress_grid_S0001_daily.csv
YCA,YCA,Yucheng,2004,Leave_One_experiments\wth_generated_qc\YCA\YCA2004.WTH,dry_year;nitrogen_stress_year;irrigation_responsive_year,irrigation_responsive,YCA2004_stress_grid_S0001,top_profit_low_water,2004-06-20,172,4,4,"{""sim_day"": 4.0, ""doy"": 172.0, ""topwt"": 0.0, ""grnwt"": 0.0, ""xlai"": 0.0, ""totir"": 0.0, ""tofer"": NaN, ""swfac"": 0.0, ""nstres"": 0.0}",0.0,0.0,0.0,0.0,0.0,0.0,,0.0,0.0,0.0,0.0,14.7867431640625,14.7867431640625,Leave_One_experiments/all_year_offline_schedule_search/daily_outputs/YCA/YCA_2004_YCA2004_stress_grid_S0001_daily.csv
YCA,YCA,Yucheng,2004,Leave_One_experiments\wth_generated_qc\YCA\YCA2004.WTH,dry_year;nitrogen_stress_year;irrigation_responsive_year,irrigation_responsive,YCA2004_stress_grid_S0001,top_profit_low_water,2004-06-21,173,5,5,"{""sim_day"": 5.0, ""doy"": 173.0, ""topwt"": 0.0, ""grnwt"": 0.0, ""xlai"": 0.0, ""totir"": 0.0, ""tofer"": NaN, ""swfac"": 0.0, ""nstres"": 0.0}",0.0,0.0,0.0,0.0,0.0,0.0,,0.0,0.0,0.0,0.0,14.7867431640625,14.7867431640625,Leave_One_experiments/all_year_offline_schedule_search/daily_outputs/YCA/YCA_2004_YCA2004_stress_grid_S0001_daily.csv
YCA,YCA,Yucheng,2004,Leave_One_experiments\wth_generated_qc\YCA\YCA2004.WTH,dry_year;nitrogen_stress_year;irrigation_responsive_year,irrigation_responsive,YCA2004_stress_grid_S0001,top_profit_low_water,2004-06-17,169,6,1,"{""sim_day"": 6.0, ""doy"": 169.0, ""topwt"": 0.0, ""grnwt"": 0.0, ""xlai"": 0.0, ""totir"": 0.0, ""tofer"": NaN, ""swfac"": 0.0, ""nstres"": 0.0}",0.0,0.0,0.0,0.0,0.0,0.0,,0.0,0.0,0.0,0.0,14.7867431640625,14.7867431640625,Leave_One_experiments/all_year_offline_schedule_search/daily_outputs/YCA/YCA_2004_YCA2004_stress_grid_S0001_daily.csv
YCA,YCA,Yucheng,2004,Leave_One_experiments\wth_generated_qc\YCA\YCA2004.WTH,dry_year;nitrogen_stress_year;irrigation_responsive_year,irrigation_responsive,YCA2004_stress_grid_S0001,top_profit_low_water,2004-06-18,170,7,2,"{""sim_day"": 7.0, ""doy"": 170.0, ""topwt"": 0.0, ""grnwt"": 0.0, ""xlai"": 0.0, ""totir"": 0.0, ""tofer"": NaN, ""swfac"": 0.0, ""nstres"": 0.0}",0.0,0.0,0.0,0.0,0.0,0.0,,0.0,0.0,0.0,0.0,14.7867431640625,14.7867431640625,Leave_One_experiments/all_year_offline_schedule_search/daily_outputs/YCA/YCA_2004_YCA2004_stress_grid_S0001_daily.csv
YCA,YCA,Yucheng,2004,Leave_One_experiments\wth_generated_qc\YCA\YCA2004.WTH,dry_year;nitrogen_stress_year;irrigation_responsive_year,irrigation_responsive,YCA2004_stress_grid_S0001,top_profit_low_water,2004-06-19,171,8,3,"{""sim_day"": 8.0, ""doy"": 171.0, ""topwt"": 0.0, ""grnwt"": 0.0, ""xlai"": 0.0, ""totir"": 0.0, ""tofer"": NaN, ""swfac"": 0.0, ""nstres"": 0.0}",0.0,0.0,0.0,0.0,0.0,0.0,,0.0,0.0,0.0,0.0,14.7867431640625,14.7867431640625,Leave_One_experiments/all_year_offline_schedule_search/daily_outputs/YCA/YCA_2004_YCA2004_stress_grid_S0001_daily.csv
YCA,YCA,Yucheng,2004,Leave_One_experiments\wth_generated_qc\YCA\YCA2004.WTH,dry_year;nitrogen_stress_year;irrigation_responsive_year,irrigation_responsive,YCA2004_stress_grid_S0001,top_profit_low_water,2004-06-20,172,9,4,"{""sim_day"": 9.0, ""doy"": 172.0, ""topwt"": 0.0, ""grnwt"": 0.0, ""xlai"": 0.0, ""totir"": 0.0, ""tofer"": NaN, ""swfac"": 0.0, ""nstres"": 0.0}",0.0,0.0,0.0,0.0,0.0,0.0,,0.0,0.0,0.0,0.0,14.7867431640625,14.7867431640625,Leave_One_experiments/all_year_offline_schedule_search/daily_outputs/YCA/YCA_2004_YCA2004_stress_grid_S0001_daily.csv
YCA,YCA,Yucheng,2004,Leave_One_experiments\wth_generated_qc\YCA\YCA2004.WTH,dry_year;nitrogen_stress_year;irrigation_responsive_year,irrigation_responsive,YCA2004_stress_grid_S0001,top_profit_low_water,2004-06-21,173,10,5,"{""sim_day"": 10.0, ""doy"": 173.0, ""topwt"": 0.0, ""grnwt"": 0.0, ""xlai"": 0.0, ""totir"": 0.0, ""tofer"": NaN, ""swfac"": 0.0, ""nstres"": 0.0}",0.0,0.0,0.0,0.0,0.0,0.0,,0.0,0.0,0.0,0.0,14.7867431640625,14.7867431640625,Leave_One_experiments/all_year_offline_schedule_search/daily_outputs/YCA/YCA_2004_YCA2004_stress_grid_S0001_daily.csv
YCA,YCA,Yucheng,2004,Leave_One_experiments\wth_generated_qc\YCA\YCA2004.WTH,dry_year;nitrogen_stress_year;irrigation_responsive_year,irrigation_responsive,YCA2004_stress_grid_S0001,top_profit_low_water,2004-06-22,174,11,6,"{""sim_day"": 11.0, ""doy"": 174.0, ""topwt"": 26.400001049041748, ""grnwt"": 0.0, ""xlai"": 0.0042268736287951, ""totir"": 0.0, ""tofer"": NaN, ""swfac"": 0.0, ""nstres"": 0.0121910572052001}",0.0,0.0121910572052001,26.400001049041748,0.0,0.0042268736287951,0.0,,0.0,0.0,0.0,0.0,14.7867431640625,14.7867431640625,Leave_One_experiments/all_year_offline_schedule_search/daily_outputs/YCA/YCA_2004_YCA2004_stress_grid_S0001_daily.csv
YCA,YCA,Yucheng,2004,Leave_One_experiments\wth_generated_qc\YCA\YCA2004.WTH,dry_year;nitrogen_stress_year;irrigation_responsive_year,irrigation_responsive,YCA2004_stress_grid_S0001,top_profit_low_water,2004-06-23,175,12,7,"{""sim_day"": 12.0, ""doy"": 175.0, ""topwt"": 26.400001049041748, ""grnwt"": 0.0, ""xlai"": 0.0083226868882775, ""totir"": 0.0, ""tofer"": NaN, ""swfac"": 0.0, ""nstres"": 0.009961724281311}",0.0,0.009961724281311,26.400001049041748,0.0,0.0083226868882775,0.0,,0.0,0.0,0.0,0.0,14.7867431640625,14.7867431640625,Leave_One_experiments/all_year_offline_schedule_search/daily_outputs/YCA/YCA_2004_YCA2004_stress_grid_S0001_daily.csv
YCA,YCA,Yucheng,2004,Leave_One_experiments\wth_generated_qc\YCA\YCA2004.WTH,dry_year;nitrogen_stress_year;irrigation_responsive_year,irrigation_responsive,YCA2004_stress_grid_S0001,top_profit_low_water,2004-06-24,176,13,8,"{""sim_day"": 13.0, ""doy"": 176.0, ""topwt"": 26.400001049041748, ""grnwt"": 0.0, ""xlai"": 0.0126993553712964, ""totir"": 0.0, ""tofer"": NaN, ""swfac"": 0.0, ""nstres"": 0.0043007135391235}",0.0,0.0043007135391235,26.400001049041748,0.0,0.0126993553712964,0.0,,0.0,0.0,0.0,0.0,14.7867431640625,14.7867431640625,Leave_One_experiments/all_year_offline_schedule_search/daily_outputs/YCA/YCA_2004_YCA2004_stress_grid_S0001_daily.csv
YCA,YCA,Yucheng,2004,Leave_One_experiments\wth_generated_qc\YCA\YCA2004.WTH,dry_year;nitrogen_stress_year;irrigation_responsive_year,irrigation_responsive,YCA2004_stress_grid_S0001,top_profit_low_water,2004-06-25,177,14,9,"{""sim_day"": 14.0, ""doy"": 177.0, ""topwt"": 26.400001049041748, ""grnwt"": 0.0, ""xlai"": 0.0188038554042577, ""totir"": 0.0, ""tofer"": NaN, ""swfac"": 0.0, ""nstres"": 0.0}",0.0,0.0,26.400001049041748,0.0,0.0188038554042577,0.0,,0.0,0.0,0.0,0.0,14.7867431640625,14.7867431640625,Leave_One_experiments/all_year_offline_schedule_search/daily_outputs/YCA/YCA_2004_YCA2004_stress_grid_S0001_daily.csv
YCA,YCA,Yucheng,2004,Leave_One_experiments\wth_generated_qc\YCA\YCA2004.WTH,dry_year;nitrogen_stress_year;irrigation_responsive_year,irrigation_responsive,YCA2004_stress_grid_S0001,top_profit_low_water,2004-06-26,178,15,10,"{""sim_day"": 15.0, ""doy"": 178.0, ""topwt"": 26.400001049041748, ""grnwt"": 0.0, ""xlai"": 0.0431257709860801, ""totir"": 0.0, ""tofer"": NaN, ""swfac"": 0.0, ""nstres"": 0.0}",0.0,0.0,26.400001049041748,0.0,0.0431257709860801,0.0,,0.0,0.0,0.0,0.0,14.7867431640625,14.7867431640625,Leave_One_experiments/all_year_offline_schedule_search/daily_outputs/YCA/YCA_2004_YCA2004_stress_grid_S0001_daily.csv
YCA,YCA,Yucheng,2004,Leave_One_experiments\wth_generated_qc\YCA\YCA2004.WTH,dry_year;nitrogen_stress_year;irrigation_responsive_year,irrigation_responsive,YCA2004_stress_grid_S0001,top_profit_low_water,2004-06-27,179,16,11,"{""sim_day"": 16.0, ""doy"": 179.0, ""topwt"": 37.72831201553345, ""grnwt"": 0.0, ""xlai"": 0.0742550566792488, ""totir"": 0.0, ""tofer"": NaN, ""swfac"": 0.0, ""nstres"": 0.0}",0.0,0.0,37.72831201553345,0.0,0.0742550566792488,0.0,,0.0,0.0,0.0,0.0,14.7867431640625,14.7867431640625,Leave_One_experiments/all_year_offline_schedule_search/daily_outputs/YCA/YCA_2004_YCA2004_stress_grid_S0001_daily.csv
YCA,YCA,Yucheng,2004,Leave_One_experiments\wth_generated_qc\YCA\YCA2004.WTH,dry_year;nitrogen_stress_year;irrigation_responsive_year,irrigation_responsive,YCA2004_stress_grid_S0001,top_profit_low_water,2004-06-28,180,17,12,"{""sim_day"": 17.0, ""doy"": 180.0, ""topwt"": 51.435227394104, ""grnwt"": 0.0, ""xlai"": 0.1057449430227279, ""totir"": 0.0, ""tofer"": NaN, ""swfac"": 0.0, ""nstres"": 0.0}",0.0,0.0,51.435227394104,0.0,0.1057449430227279,0.0,,0.0,0.0,0.0,0.0,14.7867431640625,14.7867431640625,Leave_One_experiments/all_year_offline_schedule_search/daily_outputs/YCA/YCA_2004_YCA2004_stress_grid_S0001_daily.csv
YCA,YCA,Yucheng,2004,Leave_One_experiments\wth_generated_qc\YCA\YCA2004.WTH,dry_year;nitrogen_stress_year;irrigation_responsive_year,irrigation_responsive,YCA2004_stress_grid_S0001,top_profit_low_water,2004-06-29,181,18,13,"{""sim_day"": 18.0, ""doy"": 181.0, ""topwt"": 55.643696784973145, ""grnwt"": 0.0, ""xlai"": 0.1226834058761596, ""totir"": 0.0, ""tofer"": NaN, ""swfac"": 0.0, ""nstres"": 0.0}",0.0,0.0,55.643696784973145,0.0,0.1226834058761596,0.0,,0.0,0.0,0.0,0.0,14.7867431640625,14.7867431640625,Leave_One_experiments/all_year_offline_schedule_search/daily_outputs/YCA/YCA_2004_YCA2004_stress_grid_S0001_daily.csv
YCA,YCA,Yucheng,2004,Leave_One_experiments\wth_generated_qc\YCA\YCA2004.WTH,dry_year;nitrogen_stress_year;irrigation_responsive_year,irrigation_responsive,YCA2004_stress_grid_S0001,top_profit_low_water,2004-06-30,182,19,14,"{""sim_day"": 19.0, ""doy"": 182.0, ""topwt"": 75.14724254608154, ""grnwt"": 0.0, ""xlai"": 0.1551590859889984, ""totir"": 0.0, ""tofer"": NaN, ""swfac"": 0.0, ""nstres"": 0.0}",0.0,0.0,75.14724254608154,0.0,0.1551590859889984,0.0,,0.0,0.0,0.0,0.0,14.7867431640625,14.7867431640625,Leave_One_experiments/all_year_offline_schedule_search/daily_outputs/YCA/YCA_2004_YCA2004_stress_grid_S0001_daily.csv
YCA,YCA,Yucheng,2004,Leave_One_experiments\wth_generated_qc\YCA\YCA2004.WTH,dry_year;nitrogen_stress_year;irrigation_responsive_year,irrigation_responsive,YCA2004_stress_grid_S0001,top_profit_low_water,2004-07-01,183,20,15,"{""sim_day"": 20.0, ""doy"": 183.0, ""topwt"": 99.63871002197266, ""grnwt"": 0.0, ""xlai"": 0.2021870911121368, ""totir"": 0.0, ""tofer"": NaN, ""swfac"": 0.0, ""nstres"": 0.0}",0.0,0.0,99.63871002197266,0.0,0.2021870911121368,0.0,,0.0,0.0,0.0,0.0,14.7867431640625,14.7867431640625,Leave_One_experiments/all_year_offline_schedule_search/daily_outputs/YCA/YCA_2004_YCA2004_stress_grid_S0001_daily.csv
YCA,YCA,Yucheng,2004,Leave_One_experiments\wth_generated_qc\YCA\YCA2004.WTH,dry_year;nitrogen_stress_year;irrigation_responsive_year,irrigation_responsive,YCA2004_stress_grid_S0001,top_profit_low_water,2004-07-02,184,21,16,"{""sim_day"": 21.0, ""doy"": 184.0, ""topwt"": 129.9897289276123, ""grnwt"": 0.0, ""xlai"": 0.2554276585578918, ""totir"": 0.0, ""tofer"": NaN, ""swfac"": 0.0, ""nstres"": 0.0893858671188354}",0.0,0.0893858671188354,129.9897289276123,0.0,0.2554276585578918,0.0,,0.0,0.0,0.0,0.0,14.7867431640625,14.7867431640625,Leave_One_experiments/all_year_offline_schedule_search/daily_outputs/YCA/YCA_2004_YCA2004_stress_grid_S0001_daily.csv
YCA,YCA,Yucheng,2004,Leave_One_experiments\wth_generated_qc\YCA\YCA2004.WTH,dry_year;nitrogen_stress_year;irrigation_responsive_year,irrigation_responsive,YCA2004_stress_grid_S0001,top_profit_low_water,2004-07-03,185,22,17,"{""sim_day"": 22.0, ""doy"": 185.0, ""topwt"": 166.54176712036133, ""grnwt"": 0.0, ""xlai"": 0.3126899302005768, ""totir"": 0.0, ""tofer"": NaN, ""swfac"": 0.0, ""nstres"": 0.1653931140899658}",0.0,0.1653931140899658,166.54176712036133,0.0,0.3126899302005768,0.0,,0.0,0.0,0.0,0.0,14.7867431640625,14.7867431640625,Leave_One_experiments/all_year_offline_schedule_search/daily_outputs/YCA/YCA_2004_YCA2004_stress_grid_S0001_daily.csv
YCA,YCA,Yucheng,2004,Leave_One_experiments\wth_generated_qc\YCA\YCA2004.WTH,dry_year;nitrogen_stress_year;irrigation_responsive_year,irrigation_responsive,YCA2004_stress_grid_S0001,top_profit_low_water,2004-07-04,186,23,18,"{""sim_day"": 23.0, ""doy"": 186.0, ""topwt"": 204.64813232421875, ""grnwt"": 0.0, ""xlai"": 0.3661859631538391, ""totir"": 0.0, ""tofer"": NaN, ""swfac"": 0.0, ""nstres"": 0.2326278090476989}",0.0,0.2326278090476989,204.64813232421875,0.0,0.3661859631538391,0.0,,0.0,0.0,0.0,0.0,14.7867431640625,14.7867431640625,Leave_One_experiments/all_year_offline_schedule_search/daily_outputs/YCA/YCA_2004_YCA2004_stress_grid_S0001_daily.csv
YCA,YCA,Yucheng,2004,Leave_One_experiments\wth_generated_qc\YCA\YCA2004.WTH,dry_year;nitrogen_stress_year;irrigation_responsive_year,irrigation_responsive,YCA2004_stress_grid_S0001,top_profit_low_water,2004-07-05,187,24,19,"{""sim_day"": 24.0, ""doy"": 187.0, ""topwt"": 208.7749481201172, ""grnwt"": 0.0, ""xlai"": 0.387498140335083, ""totir"": 0.0, ""tofer"": NaN, ""swfac"": 0.0, ""nstres"": 0.3640350103378296}",0.0,0.3640350103378296,208.7749481201172,0.0,0.387498140335083,0.0,,0.0,0.0,0.0,0.0,14.7867431640625,14.7867431640625,Leave_One_experiments/all_year_offline_schedule_search/daily_outputs/YCA/YCA_2004_YCA2004_stress_grid_S0001_daily.csv
YCA,YCA,Yucheng,2004,Leave_One_experiments\wth_generated_qc\YCA\YCA2004.WTH,dry_year;nitrogen_stress_year;irrigation_responsive_year,irrigation_responsive,YCA2004_stress_grid_S0001,top_profit_low_water,2004-07-06,188,25,20,"{""sim_day"": 25.0, ""doy"": 188.0, ""topwt"": 223.88177871704104, ""grnwt"": 0.0, ""xlai"": 0.3981130421161651, ""totir"": 0.0, ""tofer"": NaN, ""swfac"": 0.0, ""nstres"": 0.5030118823051453}",0.0,0.5030118823051453,223.88177871704104,0.0,0.3981130421161651,0.0,,0.0,0.0,0.0,0.0,14.7867431640625,14.7867431640625,Leave_One_experiments/all_year_offline_schedule_search/daily_outputs/YCA/YCA_2004_YCA2004_stress_grid_S0001_daily.csv
YCA,YCA,Yucheng,2004,Leave_One_experiments\wth_generated_qc\YCA\YCA2004.WTH,dry_year;nitrogen_stress_year;irrigation_responsive_year,irrigation_responsive,YCA2004_stress_grid_S0001,top_profit_low_water,2004-07-07,189,26,21,"{""sim_day"": 26.0, ""doy"": 189.0, ""topwt"": 242.17464447021484, ""grnwt"": 0.0, ""xlai"": 0.414524644613266, ""totir"": 0.0, ""tofer"": NaN, ""swfac"": 0.0, ""nstres"": 0.423397958278656}",0.0,0.423397958278656,242.17464447021484,0.0,0.414524644613266,0.0,,0.0,0.0,0.0,0.0,14.7867431640625,14.7867431640625,Leave_One_experiments/all_year_offline_schedule_search/daily_outputs/YCA/YCA_2004_YCA2004_stress_grid_S0001_daily.csv
YCA,YCA,Yucheng,2004,Leave_One_experiments\wth_generated_qc\YCA\YCA2004.WTH,dry_year;nitrogen_stress_year;irrigation_responsive_year,irrigation_responsive,YCA2004_stress_grid_S0001,top_profit_low_water,2004-07-08,190,27,22,"{""sim_day"": 27.0, ""doy"": 190.0, ""topwt"": 267.5703430175781, ""grnwt"": 0.0, ""xlai"": 0.4420757591724396, ""totir"": 0.0, ""tofer"": NaN, ""swfac"": 0.0, ""nstres"": 0.3792681097984314}",0.0,0.3792681097984314,267.5703430175781,0.0,0.4420757591724396,0.0,,0.0,0.0,0.0,0.0,14.7867431640625,14.7867431640625,Leave_One_experiments/all_year_offline_schedule_search/daily_outputs/YCA/YCA_2004_YCA2004_stress_grid_S0001_daily.csv
YCA,YCA,Yucheng,2004,Leave_One_experiments\wth_generated_qc\YCA\YCA2004.WTH,dry_year;nitrogen_stress_year;irrigation_responsive_year,irrigation_responsive,YCA2004_stress_grid_S0001,top_profit_low_water,2004-07-09,191,28,23,"{""sim_day"": 28.0, ""doy"": 191.0, ""topwt"": 285.50004959106445, ""grnwt"": 0.0, ""xlai"": 0.4564831554889679, ""totir"": 0.0, ""tofer"": NaN, ""swfac"": 0.0, ""nstres"": 0.3676699995994568}",0.0,0.3676699995994568,285.50004959106445,0.0,0.4564831554889679,0.0,,0.0,0.0,0.0,0.0,14.7867431640625,14.7867431640625,Leave_One_experiments/all_year_offline_schedule_search/daily_outputs/YCA/YCA_2004_YCA2004_stress_grid_S0001_daily.csv
YCA,YCA,Yucheng,2004,Leave_One_experiments\wth_generated_qc\YCA\YCA2004.WTH,dry_year;nitrogen_stress_year;irrigation_responsive_year,irrigation_responsive,YCA2004_stress_grid_S0001,top_profit_low_water,2004-07-10,192,29,24,"{""sim_day"": 29.0, ""doy"": 192.0, ""topwt"": 311.16132736206055, ""grnwt"": 0.0, ""xlai"": 0.4813516139984131, ""totir"": 0.0, ""tofer"": NaN, ""swfac"": 0.0, ""nstres"": 0.3993865251541137}",0.0,0.3993865251541137,311.16132736206055,0.0,0.4813516139984131,0.0,,0.0,0.0,0.0,0.0,14.7867431640625,14.7867431640625,Leave_One_experiments/all_year_offline_schedule_search/daily_outputs/YCA/YCA_2004_YCA2004_stress_grid_S0001_daily.csv
YCA,YCA,Yucheng,2004,Leave_One_experiments\wth_generated_qc\YCA\YCA2004.WTH,dry_year;nitrogen_stress_year;irrigation_responsive_year,irrigation_responsive,YCA2004_stress_grid_S0001,top_profit_low_water,2004-07-11,193,30,25,"{""sim_day"": 30.0, ""doy"": 193.0, ""topwt"": 333.7898254394531, ""grnwt"": 0.0, ""xlai"": 0.4942917823791504, ""totir"": 0.0, ""tofer"": NaN, ""swfac"": 0.0, ""nstres"": 0.4019692540168762}",0.0,0.4019692540168762,333.7898254394531,0.0,0.4942917823791504,0.0,,0.0,0.0,0.0,0.0,14.7867431640625,14.7867431640625,Leave_One_experiments/all_year_offline_schedule_search/daily_outputs/YCA/YCA_2004_YCA2004_stress_grid_S0001_daily.csv
YCA,YCA,Yucheng,2004,Leave_One_experiments\wth_generated_qc\YCA\YCA2004.WTH,dry_year;nitrogen_stress_year;irrigation_responsive_year,irrigation_responsive,YCA2004_stress_grid_S0001,top_profit_low_water,2004-07-12,194,31,26,"{""sim_day"": 31.0, ""doy"": 194.0, ""topwt"": 369.6841812133789, ""grnwt"": 0.0, ""xlai"": 0.5305606126785278, ""totir"": 0.0, ""tofer"": NaN, ""swfac"": 0.0, ""nstres"": 0.403506875038147}",0.0,0.403506875038147,369.6841812133789,0.0,0.5305606126785278,0.0,,0.0,0.0,0.0,0.0,14.7867431640625,14.7867431640625,Leave_One_experiments/all_year_offline_schedule_search/daily_outputs/YCA/YCA_2004_YCA2004_stress_grid_S0001_daily.csv
YCA,YCA,Yucheng,2004,Leave_One_experiments\wth_generated_qc\YCA\YCA2004.WTH,dry_year;nitrogen_stress_year;irrigation_responsive_year,irrigation_responsive,YCA2004_stress_grid_S0001,top_profit_low_water,2004-07-13,195,32,27,"{""sim_day"": 32.0, ""doy"": 195.0, ""topwt"": 408.5350036621094, ""grnwt"": 0.0, ""xlai"": 0.5678392648696899, ""totir"": 0.0, ""tofer"": NaN, ""swfac"": 0.0, ""nstres"": 0.4051800966262817}",0.0,0.4051800966262817,408.5350036621094,0.0,0.5678392648696899,0.0,,0.0,0.0,0.0,0.0,14.7867431640625,14.7867431640625,Leave_One_experiments/all_year_offline_schedule_search/daily_outputs/YCA/YCA_2004_YCA2004_stress_grid_S0001_daily.csv
YCA,YCA,Yucheng,2004,Leave_One_experiments\wth_generated_qc\YCA\YCA2004.WTH,dry_year;nitrogen_stress_year;irrigation_responsive_year,irrigation_responsive,YCA2004_stress_grid_S0001,top_profit_low_water,2004-07-14,196,33,28,"{""sim_day"": 33.0, ""doy"": 196.0, ""topwt"": 448.5542297363281, ""grnwt"": 0.0, ""xlai"": 0.6032928228378296, ""totir"": 0.0, ""tofer"": NaN, ""swfac"": 0.0, ""nstres"": 0.4013360738754272}",0.0,0.4013360738754272,448.5542297363281,0.0,0.6032928228378296,0.0,,0.0,0.0,0.0,0.0,14.7867431640625,14.7867431640625,Leave_One_experiments/all_year_offline_schedule_search/daily_outputs/YCA/YCA_2004_YCA2004_stress_grid_S0001_daily.csv
YCA,YCA,Yucheng,2004,Leave_One_experiments\wth_generated_qc\YCA\YCA2004.WTH,dry_year;nitrogen_stress_year;irrigation_responsive_year,irrigation_responsive,YCA2004_stress_grid_S0001,top_profit_low_water,2004-07-15,197,34,29,"{""sim_day"": 34.0, ""doy"": 197.0, ""topwt"": 487.32383728027344, ""grnwt"": 0.0, ""xlai"": 0.6337564587593079, ""totir"": 0.0, ""tofer"": NaN, ""swfac"": 0.0, ""nstres"": 0.3930901885032654}",0.0,0.3930901885032654,487.32383728027344,0.0,0.6337564587593079,0.0,,0.0,0.0,0.0,0.0,14.7867431640625,14.7867431640625,Leave_One_experiments/all_year_offline_schedule_search/daily_outputs/YCA/YCA_2004_YCA2004_stress_grid_S0001_daily.csv
YCA,YCA,Yucheng,2004,Leave_One_experiments\wth_generated_qc\YCA\YCA2004.WTH,dry_year;nitrogen_stress_year;irrigation_responsive_year,irrigation_responsive,YCA2004_stress_grid_S0001,top_profit_low_water,2004-07-16,198,35,30,"{""sim_day"": 35.0, ""doy"": 198.0, ""topwt"": 504.2886352539063, ""grnwt"": 0.0, ""xlai"": 0.6341431736946106, ""totir"": 0.0, ""tofer"": NaN, ""swfac"": 0.0, ""nstres"": 0.3868163824081421}",0.0,0.3868163824081421,504.2886352539063,0.0,0.6341431736946106,0.0,,0.0,0.0,0.0,0.0,14.7867431640625,14.7867431640625,Leave_One_experiments/all_year_offline_schedule_search/daily_outputs/YCA/YCA_2004_YCA2004_stress_grid_S0001_daily.csv
YCA,YCA,Yucheng,2004,Leave_One_experiments\wth_generated_qc\YCA\YCA2004.WTH,dry_year;nitrogen_stress_year;irrigation_responsive_year,irrigation_responsive,YCA2004_stress_grid_S0001,top_profit_low_water,2004-07-17,199,36,31,"{""sim_day"": 36.0, ""doy"": 199.0, ""topwt"": 552.2171020507812, ""grnwt"": 0.0, ""xlai"": 0.6701176762580872, ""totir"": 0.0, ""tofer"": NaN, ""swfac"": 0.0, ""nstres"": 0.3908671736717224}",0.0,0.3908671736717224,552.2171020507812,0.0,0.6701176762580872,0.0,,0.0,0.0,0.0,0.0,14.7867431640625,14.7867431640625,Leave_One_experiments/all_year_offline_schedule_search/daily_outputs/YCA/YCA_2004_YCA2004_stress_grid_S0001_daily.csv
YCA,YCA,Yucheng,2004,Leave_One_experiments\wth_generated_qc\YCA\YCA2004.WTH,dry_year;nitrogen_stress_year;irrigation_responsive_year,irrigation_responsive,YCA2004_stress_grid_S0001,top_profit_low_water,2004-07-18,200,37,32,"{""sim_day"": 37.0, ""doy"": 200.0, ""topwt"": 608.4728622436523, ""grnwt"": 0.0, ""xlai"": 0.7111441493034363, ""totir"": 0.0, ""tofer"": NaN, ""swfac"": 0.0, ""nstres"": 0.3765415549278259}",0.0,0.3765415549278259,608.4728622436523,0.0,0.7111441493034363,0.0,,0.0,0.0,0.0,0.0,14.7867431640625,14.7867431640625,Leave_One_experiments/all_year_offline_schedule_search/daily_outputs/YCA/YCA_2004_YCA2004_stress_grid_S0001_daily.csv
YCA,YCA,Yucheng,2004,Leave_One_experiments\wth_generated_qc\YCA\YCA2004.WTH,dry_year;nitrogen_stress_year;irrigation_responsive_year,irrigation_responsive,YCA2004_stress_grid_S0001,top_profit_low_water,2004-07-19,201,38,33,"{""sim_day"": 38.0, ""doy"": 201.0, ""topwt"": 665.1026153564453, ""grnwt"": 0.0, ""xlai"": 0.7460759282112122, ""totir"": 0.0, ""tofer"": NaN, ""swfac"": 0.0, ""nstres"": 0.4091379046440124}",0.0,0.4091379046440124,665.1026153564453,0.0,0.7460759282112122,0.0,,0.0,0.0,0.0,0.0,14.7867431640625,14.7867431640625,Leave_One_experiments/all_year_offline_schedule_search/daily_outputs/YCA/YCA_2004_YCA2004_stress_grid_S0001_daily.csv
YCA,YCA,Yucheng,2004,Leave_One_experiments\wth_generated_qc\YCA\YCA2004.WTH,dry_year;nitrogen_stress_year;irrigation_responsive_year,irrigation_responsive,YCA2004_stress_grid_S0001,top_profit_low_water,2004-07-20,202,39,34,"{""sim_day"": 39.0, ""doy"": 202.0, ""topwt"": 725.0887298583984, ""grnwt"": 0.0, ""xlai"": 0.7776902914047241, ""totir"": 0.0, ""tofer"": NaN, ""swfac"": 0.0, ""nstres"": 0.4435591697692871}",0.0,0.4435591697692871,725.0887298583984,0.0,0.7776902914047241,0.0,,0.0,0.0,0.0,0.0,14.7867431640625,14.7867431640625,Leave_One_experiments/all_year_offline_schedule_search/daily_outputs/YCA/YCA_2004_YCA2004_stress_grid_S0001_daily.csv
YCA,YCA,Yucheng,2004,Leave_One_experiments\wth_generated_qc\YCA\YCA2004.WTH,dry_year;nitrogen_stress_year;irrigation_responsive_year,irrigation_responsive,YCA2004_stress_grid_S0001,top_profit_low_water,2004-07-21,203,40,35,"{""sim_day"": 40.0, ""doy"": 203.0, ""topwt"": 788.1949615478516, ""grnwt"": 0.0, ""xlai"": 0.8055761456489563, ""totir"": 0.0, ""tofer"": NaN, ""swfac"": 0.0, ""nstres"": 0.4706360697746277}",0.0,0.4706360697746277,788.1949615478516,0.0,0.8055761456489563,0.0,,0.0,0.0,0.0,0.0,14.7867431640625,14.7867431640625,Leave_One_experiments/all_year_offline_schedule_search/daily_outputs/YCA/YCA_2004_YCA2004_stress_grid_S0001_daily.csv
YCA,YCA,Yucheng,2004,Leave_One_experiments\wth_generated_qc\YCA\YCA2004.WTH,dry_year;nitrogen_stress_year;irrigation_responsive_year,irrigation_responsive,YCA2004_stress_grid_S0001,top_profit_low_water,2004-07-22,204,41,36,"{""sim_day"": 41.0, ""doy"": 204.0, ""topwt"": 853.6759948730469, ""grnwt"": 0.0, ""xlai"": 0.8290731310844421, ""totir"": 0.0, ""tofer"": NaN, ""swfac"": 0.0, ""nstres"": 0.4934582114219665}",0.0,0.4934582114219665,853.6759948730469,0.0,0.8290731310844421,0.0,,0.0,0.0,0.0,0.0,14.7867431640625,14.7867431640625,Leave_One_experiments/all_year_offline_schedule_search/daily_outputs/YCA/YCA_2004_YCA2004_stress_grid_S0001_daily.csv
YCA,YCA,Yucheng,2004,Leave_One_experiments\wth_generated_qc\YCA\YCA2004.WTH,dry_year;nitrogen_stress_year;irrigation_responsive_year,irrigation_responsive,YCA2004_stress_grid_S0001,top_profit_low_water,2004-07-23,205,42,37,"{""sim_day"": 42.0, ""doy"": 205.0, ""topwt"": 893.8114166259766, ""grnwt"": 0.0, ""xlai"": 0.8278447985649109, ""totir"": 0.0, ""tofer"": NaN, ""swfac"": 0.0, ""nstres"": 0.512997031211853}",0.0,0.512997031211853,893.8114166259766,0.0,0.8278447985649109,0.0,,0.0,0.0,0.0,0.0,14.7867431640625,14.7867431640625,Leave_One_experiments/all_year_offline_schedule_search/daily_outputs/YCA/YCA_2004_YCA2004_stress_grid_S0001_daily.csv
YCA,YCA,Yucheng,2004,Leave_One_experiments\wth_generated_qc\YCA\YCA2004.WTH,dry_year;nitrogen_stress_year;irrigation_responsive_year,irrigation_responsive,YCA2004_stress_grid_S0001,top_profit_low_water,2004-07-24,206,43,38,"{""sim_day"": 43.0, ""doy"": 206.0, ""topwt"": 949.9231719970704, ""grnwt"": 0.0, ""xlai"": 0.8353006839752197, ""totir"": 0.0, ""tofer"": NaN, ""swfac"": 0.0, ""nstres"": 0.5295498371124268}",0.0,0.5295498371124268,949.9231719970704,0.0,0.8353006839752197,0.0,,0.0,0.0,0.0,0.0,14.7867431640625,14.7867431640625,Leave_One_experiments/all_year_offline_schedule_search/daily_outputs/YCA/YCA_2004_YCA2004_stress_grid_S0001_daily.csv
YCA,YCA,Yucheng,2004,Leave_One_experiments\wth_generated_qc\YCA\YCA2004.WTH,dry_year;nitrogen_stress_year;irrigation_responsive_year,irrigation_responsive,YCA2004_stress_grid_S0001,top_profit_low_water,2004-07-25,207,44,39,"{""sim_day"": 44.0, ""doy"": 207.0, ""topwt"": 988.7926483154296, ""grnwt"": 0.0, ""xlai"": 0.8285541534423828, ""totir"": 0.0, ""tofer"": NaN, ""swfac"": 0.0, ""nstres"": 0.525956928730011}",0.0,0.525956928730011,988.7926483154296,0.0,0.8285541534423828,0.0,,0.0,0.0,0.0,0.0,14.7867431640625,14.7867431640625,Leave_One_experiments/all_year_offline_schedule_search/daily_outputs/YCA/YCA_2004_YCA2004_stress_grid_S0001_daily.csv
YCA,YCA,Yucheng,2004,Leave_One_experiments\wth_generated_qc\YCA\YCA2004.WTH,dry_year;nitrogen_stress_year;irrigation_responsive_year,irrigation_responsive,YCA2004_stress_grid_S0001,top_profit_low_water,2004-07-26,208,45,40,"{""sim_day"": 45.0, ""doy"": 208.0, ""topwt"": 1014.3306732177734, ""grnwt"": 0.0, ""xlai"": 0.8120192885398865, ""totir"": 0.0, ""tofer"": NaN, ""swfac"": 0.0, ""nstres"": 0.5333355665206909}",0.0,0.5333355665206909,1014.3306732177734,0.0,0.8120192885398865,0.0,,0.0,0.0,0.0,0.0,14.7867431640625,14.7867431640625,Leave_One_experiments/all_year_offline_schedule_search/daily_outputs/YCA/YCA_2004_YCA2004_stress_grid_S0001_daily.csv
YCA,YCA,Yucheng,2004,Leave_One_experiments\wth_generated_qc\YCA\YCA2004.WTH,dry_year;nitrogen_stress_year;irrigation_responsive_year,irrigation_responsive,YCA2004_stress_grid_S0001,top_profit_low_water,2004-07-27,209,46,41,"{""sim_day"": 46.0, ""doy"": 209.0, ""topwt"": 1071.3715362548828, ""grnwt"": 0.0, ""xlai"": 0.8134781718254089, ""totir"": 0.0, ""tofer"": NaN, ""swfac"": 0.0, ""nstres"": 0.5271832346916199}",0.0,0.5271832346916199,1071.3715362548828,0.0,0.8134781718254089,0.0,,0.0,0.0,0.0,0.0,14.7867431640625,14.7867431640625,Leave_One_experiments/all_year_offline_schedule_search/daily_outputs/YCA/YCA_2004_YCA2004_stress_grid_S0001_daily.csv
YCA,YCA,Yucheng,2004,Leave_One_experiments\wth_generated_qc\YCA\YCA2004.WTH,dry_year;nitrogen_stress_year;irrigation_responsive_year,irrigation_responsive,YCA2004_stress_grid_S0001,top_profit_low_water,2004-07-28,210,47,42,"{""sim_day"": 47.0, ""doy"": 210.0, ""topwt"": 1147.2303771972656, ""grnwt"": 0.0, ""xlai"": 0.8230343461036682, ""totir"": 0.0, ""tofer"": NaN, ""swfac"": 0.0, ""nstres"": 0.5120269656181335}",0.0,0.5120269656181335,1147.2303771972656,0.0,0.8230343461036682,0.0,,0.0,0.0,0.0,0.0,14.7867431640625,14.7867431640625,Leave_One_experiments/all_year_offline_schedule_search/daily_outputs/YCA/YCA_2004_YCA2004_stress_grid_S0001_daily.csv
YCA,YCA,Yucheng,2004,Leave_One_experiments\wth_generated_qc\YCA\YCA2004.WTH,dry_year;nitrogen_stress_year;irrigation_responsive_year,irrigation_responsive,YCA2004_stress_grid_S0001,top_profit_low_water,2004-07-29,211,48,43,"{""sim_day"": 48.0, ""doy"": 211.0, ""topwt"": 1154.9752044677734, ""grnwt"": 0.0, ""xlai"": 0.7952304482460022, ""totir"": 0.0, ""tofer"": NaN, ""swfac"": 0.0, ""nstres"": 0.520500659942627}",0.0,0.520500659942627,1154.9752044677734,0.0,0.7952304482460022,0.0,,0.0,0.0,0.0,0.0,14.7867431640625,14.7867431640625,Leave_One_experiments/all_year_offline_schedule_search/daily_outputs/YCA/YCA_2004_YCA2004_stress_grid_S0001_daily.csv
YCA,YCA,Yucheng,2004,Leave_One_experiments\wth_generated_qc\YCA\YCA2004.WTH,dry_year;nitrogen_stress_year;irrigation_responsive_year,irrigation_responsive,YCA2004_stress_grid_S0001,top_profit_low_water,2004-07-30,212,49,44,"{""sim_day"": 49.0, ""doy"": 212.0, ""topwt"": 1188.871612548828, ""grnwt"": 0.0, ""xlai"": 0.7804009914398193, ""totir"": 0.0, ""tofer"": NaN, ""swfac"": 0.0, ""nstres"": 0.537582516670227}",0.0,0.537582516670227,1188.871612548828,0.0,0.7804009914398193,0.0,,0.0,0.0,0.0,0.0,14.7867431640625,14.7867431640625,Leave_One_experiments/all_year_offline_schedule_search/daily_outputs/YCA/YCA_2004_YCA2004_stress_grid_S0001_daily.csv
YCA,YCA,Yucheng,2004,Leave_One_experiments\wth_generated_qc\YCA\YCA2004.WTH,dry_year;nitrogen_stress_year;irrigation_responsive_year,irrigation_responsive,YCA2004_stress_grid_S0001,top_profit_low_water,2004-07-31,213,50,45,"{""sim_day"": 50.0, ""doy"": 213.0, ""topwt"": 1260.197525024414, ""grnwt"": 0.0, ""xlai"": 0.7929235696792603, ""totir"": 0.0, ""tofer"": NaN, ""swfac"": 0.0, ""nstres"": 0.5162869095802307}",0.0,0.5162869095802307,1260.197525024414,0.0,0.7929235696792603,0.0,,0.0,0.0,0.0,0.0,14.7867431640625,14.7867431640625,Leave_One_experiments/all_year_offline_schedule_search/daily_outputs/YCA/YCA_2004_YCA2004_stress_grid_S0001_daily.csv
YCA,YCA,Yucheng,2004,Leave_One_experiments\wth_generated_qc\YCA\YCA2004.WTH,dry_year;nitrogen_stress_year;irrigation_responsive_year,irrigation_responsive,YCA2004_stress_grid_S0001,top_profit_low_water,2004-08-01,214,51,46,"{""sim_day"": 51.0, ""doy"": 214.0, ""topwt"": 1329.3132019042969, ""grnwt"": 0.0, ""xlai"": 0.7937396168708801, ""totir"": 0.0, ""tofer"": NaN, ""swfac"": 0.0, ""nstres"": 0.5074831247329712}",0.0,0.5074831247329712,1329.3132019042969,0.0,0.7937396168708801,0.0,,0.0,0.0,0.0,0.0,14.7867431640625,14.7867431640625,Leave_One_experiments/all_year_offline_schedule_search/daily_outputs/YCA/YCA_2004_YCA2004_stress_grid_S0001_daily.csv
YCA,YCA,Yucheng,2004,Leave_One_experiments\wth_generated_qc\YCA\YCA2004.WTH,dry_year;nitrogen_stress_year;irrigation_responsive_year,irrigation_responsive,YCA2004_stress_grid_S0001,top_profit_low_water,2004-08-02,215,52,47,"{""sim_day"": 52.0, ""doy"": 215.0, ""topwt"": 1374.1360473632812, ""grnwt"": 0.0, ""xlai"": 0.7803390622138977, ""totir"": 0.0, ""tofer"": NaN, ""swfac"": 0.0, ""nstres"": 0.5161164999008179}",0.0,0.5161164999008179,1374.1360473632812,0.0,0.7803390622138977,0.0,,0.0,0.0,0.0,0.0,14.7867431640625,14.7867431640625,Leave_One_experiments/all_year_offline_schedule_search/daily_outputs/YCA/YCA_2004_YCA2004_stress_grid_S0001_daily.csv
YCA,YCA,Yucheng,2004,Leave_One_experiments\wth_generated_qc\YCA\YCA2004.WTH,dry_year;nitrogen_stress_year;irrigation_responsive_year,irrigation_responsive,YCA2004_stress_grid_S0001,top_profit_low_water,2004-08-03,216,53,48,"{""sim_day"": 53.0, ""doy"": 216.0, ""topwt"": 1445.422821044922, ""grnwt"": 0.0, ""xlai"": 0.7744194269180298, ""totir"": 0.0, ""tofer"": NaN, ""swfac"": 0.0, ""nstres"": 0.521609365940094}",0.0,0.521609365940094,1445.422821044922,0.0,0.7744194269180298,0.0,,0.0,0.0,0.0,0.0,14.7867431640625,14.7867431640625,Leave_One_experiments/all_year_offline_schedule_search/daily_outputs/YCA/YCA_2004_YCA2004_stress_grid_S0001_daily.csv
YCA,YCA,Yucheng,2004,Leave_One_experiments\wth_generated_qc\YCA\YCA2004.WTH,dry_year;nitrogen_stress_year;irrigation_responsive_year,irrigation_responsive,YCA2004_stress_grid_S0001,top_profit_low_water,2004-08-04,217,54,49,"{""sim_day"": 54.0, ""doy"": 217.0, ""topwt"": 1520.4623413085938, ""grnwt"": 0.0, ""xlai"": 0.7682417035102844, ""totir"": 0.0, ""tofer"": NaN, ""swfac"": 0.0, ""nstres"": 0.5181073546409607}",0.0,0.5181073546409607,1520.4623413085938,0.0,0.7682417035102844,0.0,,0.0,0.0,0.0,0.0,14.7867431640625,14.7867431640625,Leave_One_experiments/all_year_offline_schedule_search/daily_outputs/YCA/YCA_2004_YCA2004_stress_grid_S0001_daily.csv
YCA,YCA,Yucheng,2004,Leave_One_experiments\wth_generated_qc\YCA\YCA2004.WTH,dry_year;nitrogen_stress_year;irrigation_responsive_year,irrigation_responsive,YCA2004_stress_grid_S0001,top_profit_low_water,2004-08-05,218,55,50,"{""sim_day"": 55.0, ""doy"": 218.0, ""topwt"": 1593.0650329589844, ""grnwt"": 0.0, ""xlai"": 0.75984126329422, ""totir"": 0.0, ""tofer"": NaN, ""swfac"": 0.0, ""nstres"": 0.5222991108894348}",0.0,0.5222991108894348,1593.0650329589844,0.0,0.75984126329422,0.0,,0.0,0.0,0.0,0.0,14.7867431640625,14.7867431640625,Leave_One_experiments/all_year_offline_schedule_search/daily_outputs/YCA/YCA_2004_YCA2004_stress_grid_S0001_daily.csv
YCA,YCA,Yucheng,2004,Leave_One_experiments\wth_generated_qc\YCA\YCA2004.WTH,dry_year;nitrogen_stress_year;irrigation_responsive_year,irrigation_responsive,YCA2004_stress_grid_S0001,top_profit_low_water,2004-08-06,219,56,51,"{""sim_day"": 56.0, ""doy"": 219.0, ""topwt"": 1664.5309448242188, ""grnwt"": 0.0, ""xlai"": 0.7499781847000122, ""totir"": 0.0, ""tofer"": NaN, ""swfac"": 0.0, ""nstres"": 0.5208262801170349}",0.0,0.5208262801170349,1664.5309448242188,0.0,0.7499781847000122,0.0,,0.0,0.0,0.0,0.0,14.7867431640625,14.7867431640625,Leave_One_experiments/all_year_offline_schedule_search/daily_outputs/YCA/YCA_2004_YCA2004_stress_grid_S0001_daily.csv
YCA,YCA,Yucheng,2004,Leave_One_experiments\wth_generated_qc\YCA\YCA2004.WTH,dry_year;nitrogen_stress_year;irrigation_responsive_year,irrigation_responsive,YCA2004_stress_grid_S0001,top_profit_low_water,2004-08-07,220,57,52,"{""sim_day"": 57.0, ""doy"": 220.0, ""topwt"": 1739.78759765625, ""grnwt"": 0.0, ""xlai"": 0.740021824836731, ""totir"": 0.0, ""tofer"": NaN, ""swfac"": 0.0, ""nstres"": 0.5275442004203796}",0.0,0.5275442004203796,1739.78759765625,0.0,0.740021824836731,0.0,,0.0,0.0,0.0,0.0,14.7867431640625,14.7867431640625,Leave_One_experiments/all_year_offline_schedule_search/daily_outputs/YCA/YCA_2004_YCA2004_stress_grid_S0001_daily.csv
YCA,YCA,Yucheng,2004,Leave_One_experiments\wth_generated_qc\YCA\YCA2004.WTH,dry_year;nitrogen_stress_year;irrigation_responsive_year,irrigation_responsive,YCA2004_stress_grid_S0001,top_profit_low_water,2004-08-08,221,58,53,"{""sim_day"": 58.0, ""doy"": 221.0, ""topwt"": 1794.7694396972656, ""grnwt"": 0.0, ""xlai"": 0.7250831723213196, ""totir"": 0.0, ""tofer"": NaN, ""swfac"": 0.0, ""nstres"": 0.5328922271728516}",0.0,0.5328922271728516,1794.7694396972656,0.0,0.7250831723213196,0.0,,0.0,0.0,0.0,0.0,14.7867431640625,14.7867431640625,Leave_One_experiments/all_year_offline_schedule_search/daily_outputs/YCA/YCA_2004_YCA2004_stress_grid_S0001_daily.csv
YCA,YCA,Yucheng,2004,Leave_One_experiments\wth_generated_qc\YCA\YCA2004.WTH,dry_year;nitrogen_stress_year;irrigation_responsive_year,irrigation_responsive,YCA2004_stress_grid_S0001,top_profit_low_water,2004-08-09,222,59,54,"{""sim_day"": 59.0, ""doy"": 222.0, ""topwt"": 1828.3879089355469, ""grnwt"": 0.0, ""xlai"": 0.7050994634628296, ""totir"": 0.0, ""tofer"": NaN, ""swfac"": 0.0, ""nstres"": 0.537918210029602}",0.0,0.537918210029602,1828.3879089355469,0.0,0.7050994634628296,0.0,,0.0,0.0,0.0,0.0,14.7867431640625,14.7867431640625,Leave_One_experiments/all_year_offline_schedule_search/daily_outputs/YCA/YCA_2004_YCA2004_stress_grid_S0001_daily.csv
YCA,YCA,Yucheng,2004,Leave_One_experiments\wth_generated_qc\YCA\YCA2004.WTH,dry_year;nitrogen_stress_year;irrigation_responsive_year,irrigation_responsive,YCA2004_stress_grid_S0001,top_profit_low_water,2004-08-10,223,60,55,"{""sim_day"": 60.0, ""doy"": 223.0, ""topwt"": 1892.6312255859373, ""grnwt"": 0.0, ""xlai"": 0.6937708258628845, ""totir"": 0.0, ""tofer"": NaN, ""swfac"": 0.0, ""nstres"": 0.5362509489059448}",0.0,0.5362509489059448,1892.6312255859373,0.0,0.6937708258628845,0.0,,0.0,0.0,0.0,0.0,14.7867431640625,14.7867431640625,Leave_One_experiments/all_year_offline_schedule_search/daily_outputs/YCA/YCA_2004_YCA2004_stress_grid_S0001_daily.csv
YCA,YCA,Yucheng,2004,Leave_One_experiments\wth_generated_qc\YCA\YCA2004.WTH,dry_year;nitrogen_stress_year;irrigation_responsive_year,irrigation_responsive,YCA2004_stress_grid_S0001,top_profit_low_water,2004-08-11,224,61,56,"{""sim_day"": 61.0, ""doy"": 224.0, ""topwt"": 1966.6815185546875, ""grnwt"": 0.0, ""xlai"": 0.6855888366699219, ""totir"": 0.0, ""tofer"": NaN, ""swfac"": 0.0, ""nstres"": 0.529108464717865}",0.0,0.529108464717865,1966.6815185546875,0.0,0.6855888366699219,0.0,,0.0,0.0,0.0,0.0,14.7867431640625,14.7867431640625,Leave_One_experiments/all_year_offline_schedule_search/daily_outputs/YCA/YCA_2004_YCA2004_stress_grid_S0001_daily.csv
YCA,YCA,Yucheng,2004,Leave_One_experiments\wth_generated_qc\YCA\YCA2004.WTH,dry_year;nitrogen_stress_year;irrigation_responsive_year,irrigation_responsive,YCA2004_stress_grid_S0001,top_profit_low_water,2004-08-12,225,62,57,"{""sim_day"": 62.0, ""doy"": 225.0, ""topwt"": 1970.2806091308596, ""grnwt"": 0.0, ""xlai"": 0.6590974926948547, ""totir"": 0.0, ""tofer"": NaN, ""swfac"": 0.0, ""nstres"": 0.5273675322532654}",0.0,0.5273675322532654,1970.2806091308596,0.0,0.6590974926948547,0.0,,0.0,0.0,0.0,0.0,14.7867431640625,14.7867431640625,Leave_One_experiments/all_year_offline_schedule_search/daily_outputs/YCA/YCA_2004_YCA2004_stress_grid_S0001_daily.csv
YCA,YCA,Yucheng,2004,Leave_One_experiments\wth_generated_qc\YCA\YCA2004.WTH,dry_year;nitrogen_stress_year;irrigation_responsive_year,irrigation_responsive,YCA2004_stress_grid_S0001,top_profit_low_water,2004-08-13,226,63,58,"{""sim_day"": 63.0, ""doy"": 226.0, ""topwt"": 2011.236572265625, ""grnwt"": 0.0, ""xlai"": 0.633769154548645, ""totir"": 0.0, ""tofer"": NaN, ""swfac"": 0.0, ""nstres"": 0.5222895741462708}",0.0,0.5222895741462708,2011.236572265625,0.0,0.633769154548645,0.0,,0.0,0.0,0.0,0.0,14.7867431640625,14.7867431640625,Leave_One_experiments/all_year_offline_schedule_search/daily_outputs/YCA/YCA_2004_YCA2004_stress_grid_S0001_daily.csv
YCA,YCA,Yucheng,2004,Leave_One_experiments\wth_generated_qc\YCA\YCA2004.WTH,dry_year;nitrogen_stress_year;irrigation_responsive_year,irrigation_responsive,YCA2004_stress_grid_S0001,top_profit_low_water,2004-08-14,227,64,59,"{""sim_day"": 64.0, ""doy"": 227.0, ""topwt"": 2039.6551513671875, ""grnwt"": 0.0, ""xlai"": 0.609863817691803, ""totir"": 0.0, ""tofer"": NaN, ""swfac"": 0.0, ""nstres"": 0.5052651762962341}",0.0,0.5052651762962341,2039.6551513671875,0.0,0.609863817691803,0.0,,0.0,0.0,0.0,0.0,14.7867431640625,14.7867431640625,Leave_One_experiments/all_year_offline_schedule_search/daily_outputs/YCA/YCA_2004_YCA2004_stress_grid_S0001_daily.csv
YCA,YCA,Yucheng,2004,Leave_One_experiments\wth_generated_qc\YCA\YCA2004.WTH,dry_year;nitrogen_stress_year;irrigation_responsive_year,irrigation_responsive,YCA2004_stress_grid_S0001,top_profit_low_water,2004-08-15,228,65,60,"{""sim_day"": 65.0, ""doy"": 228.0, ""topwt"": 2033.223876953125, ""grnwt"": 0.0, ""xlai"": 0.5869863629341125, ""totir"": 0.0, ""tofer"": NaN, ""swfac"": 0.0, ""nstres"": 0.500299334526062}",0.0,0.500299334526062,2033.223876953125,0.0,0.5869863629341125,0.0,,0.0,0.0,0.0,0.0,14.7867431640625,14.7867431640625,Leave_One_experiments/all_year_offline_schedule_search/daily_outputs/YCA/YCA_2004_YCA2004_stress_grid_S0001_daily.csv
YCA,YCA,Yucheng,2004,Leave_One_experiments\wth_generated_qc\YCA\YCA2004.WTH,dry_year;nitrogen_stress_year;irrigation_responsive_year,irrigation_responsive,YCA2004_stress_grid_S0001,top_profit_low_water,2004-08-16,229,66,61,"{""sim_day"": 66.0, ""doy"": 229.0, ""topwt"": 2087.3272705078125, ""grnwt"": 0.0, ""xlai"": 0.5652024745941162, ""totir"": 0.0, ""tofer"": NaN, ""swfac"": 0.0, ""nstres"": 0.4906724691390991}",0.0,0.4906724691390991,2087.3272705078125,0.0,0.5652024745941162,0.0,,0.0,0.0,0.0,0.0,14.7867431640625,14.7867431640625,Leave_One_experiments/all_year_offline_schedule_search/daily_outputs/YCA/YCA_2004_YCA2004_stress_grid_S0001_daily.csv
YCA,YCA,Yucheng,2004,Leave_One_experiments\wth_generated_qc\YCA\YCA2004.WTH,dry_year;nitrogen_stress_year;irrigation_responsive_year,irrigation_responsive,YCA2004_stress_grid_S0001,top_profit_low_water,2004-08-17,230,67,62,"{""sim_day"": 67.0, ""doy"": 230.0, ""topwt"": 2135.2325439453125, ""grnwt"": 0.0, ""xlai"": 0.5446908473968506, ""totir"": 0.0, ""tofer"": NaN, ""swfac"": 0.0, ""nstres"": 0.4709774851799011}",0.0,0.4709774851799011,2135.2325439453125,0.0,0.5446908473968506,0.0,,0.0,0.0,0.0,0.0,14.7867431640625,14.7867431640625,Leave_One_experiments/all_year_offline_schedule_search/daily_outputs/YCA/YCA_2004_YCA2004_stress_grid_S0001_daily.csv
YCA,YCA,Yucheng,2004,Leave_One_experiments\wth_generated_qc\YCA\YCA2004.WTH,dry_year;nitrogen_stress_year;irrigation_responsive_year,irrigation_responsive,YCA2004_stress_grid_S0001,top_profit_low_water,2004-08-18,231,68,63,"{""sim_day"": 68.0, ""doy"": 231.0, ""topwt"": 2183.6656188964844, ""grnwt"": 0.0, ""xlai"": 0.524993896484375, ""totir"": 0.0, ""tofer"": NaN, ""swfac"": 0.0, ""nstres"": 0.4678815603256225}",0.0,0.4678815603256225,2183.6656188964844,0.0,0.524993896484375,0.0,,0.0,0.0,0.0,0.0,14.7867431640625,14.7867431640625,Leave_One_experiments/all_year_offline_schedule_search/daily_outputs/YCA/YCA_2004_YCA2004_stress_grid_S0001_daily.csv
YCA,YCA,Yucheng,2004,Leave_One_experiments\wth_generated_qc\YCA\YCA2004.WTH,dry_year;nitrogen_stress_year;irrigation_responsive_year,irrigation_responsive,YCA2004_stress_grid_S0001,top_profit_low_water,2004-08-19,232,69,64,"{""sim_day"": 69.0, ""doy"": 232.0, ""topwt"": 2215.248107910156, ""grnwt"": 0.0, ""xlai"": 0.5060862302780151, ""totir"": 0.0, ""tofer"": NaN, ""swfac"": 0.0, ""nstres"": 0.464359700679779}",0.0,0.464359700679779,2215.248107910156,0.0,0.5060862302780151,0.0,,0.0,0.0,0.0,0.0,14.7867431640625,14.7867431640625,Leave_One_experiments/all_year_offline_schedule_search/daily_outputs/YCA/YCA_2004_YCA2004_stress_grid_S0001_daily.csv
YCA,YCA,Yucheng,2004,Leave_One_experiments\wth_generated_qc\YCA\YCA2004.WTH,dry_year;nitrogen_stress_year;irrigation_responsive_year,irrigation_responsive,YCA2004_stress_grid_S0001,top_profit_low_water,2004-08-20,233,70,65,"{""sim_day"": 70.0, ""doy"": 233.0, ""topwt"": 2244.7134399414062, ""grnwt"": 0.0, ""xlai"": 0.4880238175392151, ""totir"": 0.0, ""tofer"": NaN, ""swfac"": 0.0, ""nstres"": 0.4565691351890564}",0.0,0.4565691351890564,2244.7134399414062,0.0,0.4880238175392151,0.0,,0.0,0.0,0.0,0.0,14.7867431640625,14.7867431640625,Leave_One_experiments/all_year_offline_schedule_search/daily_outputs/YCA/YCA_2004_YCA2004_stress_grid_S0001_daily.csv
YCA,YCA,Yucheng,2004,Leave_One_experiments\wth_generated_qc\YCA\YCA2004.WTH,dry_year;nitrogen_stress_year;irrigation_responsive_year,irrigation_responsive,YCA2004_stress_grid_S0001,top_profit_low_water,2004-08-21,234,71,66,"{""sim_day"": 71.0, ""doy"": 234.0, ""topwt"": 2272.5506591796875, ""grnwt"": 0.0, ""xlai"": 0.4708423316478729, ""totir"": 0.0, ""tofer"": NaN, ""swfac"": 0.0, ""nstres"": 0.4449500441551208}",0.0,0.4449500441551208,2272.5506591796875,0.0,0.4708423316478729,0.0,,0.0,0.0,0.0,0.0,14.7867431640625,14.7867431640625,Leave_One_experiments/all_year_offline_schedule_search/daily_outputs/YCA/YCA_2004_YCA2004_stress_grid_S0001_daily.csv
YCA,YCA,Yucheng,2004,Leave_One_experiments\wth_generated_qc\YCA\YCA2004.WTH,dry_year;nitrogen_stress_year;irrigation_responsive_year,irrigation_responsive,YCA2004_stress_grid_S0001,top_profit_low_water,2004-08-22,235,72,67,"{""sim_day"": 72.0, ""doy"": 235.0, ""topwt"": 2308.867950439453, ""grnwt"": 0.0, ""xlai"": 0.4545170664787292, ""totir"": 0.0, ""tofer"": NaN, ""swfac"": 0.0, ""nstres"": 0.4321404099464416}",0.0,0.4321404099464416,2308.867950439453,0.0,0.4545170664787292,0.0,,0.0,0.0,0.0,0.0,14.7867431640625,14.7867431640625,Leave_One_experiments/all_year_offline_schedule_search/daily_outputs/YCA/YCA_2004_YCA2004_stress_grid_S0001_daily.csv
YCA,YCA,Yucheng,2004,Leave_One_experiments\wth_generated_qc\YCA\YCA2004.WTH,dry_year;nitrogen_stress_year;irrigation_responsive_year,irrigation_responsive,YCA2004_stress_grid_S0001,top_profit_low_water,2004-08-23,236,73,68,"{""sim_day"": 73.0, ""doy"": 236.0, ""topwt"": 2332.413482666016, ""grnwt"": 0.0, ""xlai"": 0.4390406608581543, ""totir"": 0.0, ""tofer"": NaN, ""swfac"": 0.0, ""nstres"": 0.4172050952911377}",0.0,0.4172050952911377,2332.413482666016,0.0,0.4390406608581543,0.0,,0.0,0.0,0.0,0.0,14.7867431640625,14.7867431640625,Leave_One_experiments/all_year_offline_schedule_search/daily_outputs/YCA/YCA_2004_YCA2004_stress_grid_S0001_daily.csv
YCA,YCA,Yucheng,2004,Leave_One_experiments\wth_generated_qc\YCA\YCA2004.WTH,dry_year;nitrogen_stress_year;irrigation_responsive_year,irrigation_responsive,YCA2004_stress_grid_S0001,top_profit_low_water,2004-08-24,237,74,69,"{""sim_day"": 74.0, ""doy"": 237.0, ""topwt"": 2366.3934326171875, ""grnwt"": 75.5284070968628, ""xlai"": 0.4243501722812652, ""totir"": 0.0, ""tofer"": NaN, ""swfac"": 0.0, ""nstres"": 0.4030492901802063}",0.0,0.4030492901802063,2366.3934326171875,75.5284070968628,0.4243501722812652,0.0,,0.0,0.0,0.0,0.0,14.7867431640625,14.7867431640625,Leave_One_experiments/all_year_offline_schedule_search/daily_outputs/YCA/YCA_2004_YCA2004_stress_grid_S0001_daily.csv
YCA,YCA,Yucheng,2004,Leave_One_experiments\wth_generated_qc\YCA\YCA2004.WTH,dry_year;nitrogen_stress_year;irrigation_responsive_year,irrigation_responsive,YCA2004_stress_grid_S0001,top_profit_low_water,2004-08-25,238,75,70,"{""sim_day"": 75.0, ""doy"": 238.0, ""topwt"": 2393.3746337890625, ""grnwt"": 115.61829566955566, ""xlai"": 0.4098309874534607, ""totir"": 0.0, ""tofer"": NaN, ""swfac"": 0.0, ""nstres"": 0.4211606383323669}",0.0,0.4211606383323669,2393.3746337890625,115.61829566955566,0.4098309874534607,0.0,,0.0,0.0,0.0,0.0,14.7867431640625,14.7867431640625,Leave_One_experiments/all_year_offline_schedule_search/daily_outputs/YCA/YCA_2004_YCA2004_stress_grid_S0001_daily.csv
YCA,YCA,Yucheng,2004,Leave_One_experiments\wth_generated_qc\YCA\YCA2004.WTH,dry_year;nitrogen_stress_year;irrigation_responsive_year,irrigation_responsive,YCA2004_stress_grid_S0001,top_profit_low_water,2004-08-26,239,76,71,"{""sim_day"": 76.0, ""doy"": 239.0, ""topwt"": 2400.332489013672, ""grnwt"": 155.70818901062012, ""xlai"": 0.3961923122406006, ""totir"": 0.0, ""tofer"": NaN, ""swfac"": 0.0, ""nstres"": 0.3986909389495849}",0.0,0.3986909389495849,2400.332489013672,155.70818901062012,0.3961923122406006,0.0,,0.0,0.0,0.0,0.0,14.7867431640625,14.7867431640625,Leave_One_experiments/all_year_offline_schedule_search/daily_outputs/YCA/YCA_2004_YCA2004_stress_grid_S0001_daily.csv
YCA,YCA,Yucheng,2004,Leave_One_experiments\wth_generated_qc\YCA\YCA2004.WTH,dry_year;nitrogen_stress_year;irrigation_responsive_year,irrigation_responsive,YCA2004_stress_grid_S0001,top_profit_low_water,2004-08-27,240,77,72,"{""sim_day"": 77.0, ""doy"": 240.0, ""topwt"": 2447.290954589844, ""grnwt"": 195.7980728149414, ""xlai"": 0.3831955790519714, ""totir"": 0.0, ""tofer"": NaN, ""swfac"": 0.0, ""nstres"": 0.3872958421707153}",0.0,0.3872958421707153,2447.290954589844,195.7980728149414,0.3831955790519714,0.0,,0.0,0.0,0.0,0.0,14.7867431640625,14.7867431640625,Leave_One_experiments/all_year_offline_schedule_search/daily_outputs/YCA/YCA_2004_YCA2004_stress_grid_S0001_daily.csv
YCA,YCA,Yucheng,2004,Leave_One_experiments\wth_generated_qc\YCA\YCA2004.WTH,dry_year;nitrogen_stress_year;irrigation_responsive_year,irrigation_responsive,YCA2004_stress_grid_S0001,top_profit_low_water,2004-08-28,241,78,73,"{""sim_day"": 78.0, ""doy"": 241.0, ""topwt"": 2492.9380798339844, ""grnwt"": 235.88796615600583, ""xlai"": 0.3709519803524017, ""totir"": 0.0, ""tofer"": NaN, ""swfac"": 0.0, ""nstres"": 0.3668305873870849}",0.0,0.3668305873870849,2492.9380798339844,235.88796615600583,0.3709519803524017,0.0,,0.0,0.0,0.0,0.0,14.7867431640625,14.7867431640625,Leave_One_experiments/all_year_offline_schedule_search/daily_outputs/YCA/YCA_2004_YCA2004_stress_grid_S0001_daily.csv
YCA,YCA,Yucheng,2004,Leave_One_experiments\wth_generated_qc\YCA\YCA2004.WTH,dry_year;nitrogen_stress_year;irrigation_responsive_year,irrigation_responsive,YCA2004_stress_grid_S0001,top_profit_low_water,2004-08-29,242,79,74,"{""sim_day"": 79.0, ""doy"": 242.0, ""topwt"": 2538.1967163085938, ""grnwt"": 275.9778594970703, ""xlai"": 0.3591087162494659, ""totir"": 0.0, ""tofer"": NaN, ""swfac"": 0.0, ""nstres"": 0.3662380576133728}",0.0,0.3662380576133728,2538.1967163085938,275.9778594970703,0.3591087162494659,0.0,,0.0,0.0,0.0,0.0,14.7867431640625,14.7867431640625,Leave_One_experiments/all_year_offline_schedule_search/daily_outputs/YCA/YCA_2004_YCA2004_stress_grid_S0001_daily.csv
YCA,YCA,Yucheng,2004,Leave_One_experiments\wth_generated_qc\YCA\YCA2004.WTH,dry_year;nitrogen_stress_year;irrigation_responsive_year,irrigation_responsive,YCA2004_stress_grid_S0001,top_profit_low_water,2004-08-30,243,80,75,"{""sim_day"": 80.0, ""doy"": 243.0, ""topwt"": 2582.9400634765625, ""grnwt"": 316.06773376464844, ""xlai"": 0.3477184772491455, ""totir"": 0.0, ""tofer"": NaN, ""swfac"": 0.0, ""nstres"": 0.3612335920333862}",0.0,0.3612335920333862,2582.9400634765625,316.06773376464844,0.3477184772491455,0.0,,0.0,0.0,0.0,0.0,14.7867431640625,14.7867431640625,Leave_One_experiments/all_year_offline_schedule_search/daily_outputs/YCA/YCA_2004_YCA2004_stress_grid_S0001_daily.csv
YCA,YCA,Yucheng,2004,Leave_One_experiments\wth_generated_qc\YCA\YCA2004.WTH,dry_year;nitrogen_stress_year;irrigation_responsive_year,irrigation_responsive,YCA2004_stress_grid_S0001,top_profit_low_water,2004-08-31,244,81,76,"{""sim_day"": 81.0, ""doy"": 244.0, ""topwt"": 2626.2496948242188, ""grnwt"": 356.1576461791992, ""xlai"": 0.3366842567920685, ""totir"": 0.0, ""tofer"": NaN, ""swfac"": 0.0, ""nstres"": 0.3616002202033996}",0.0,0.3616002202033996,2626.2496948242188,356.1576461791992,0.3366842567920685,0.0,,0.0,0.0,0.0,0.0,14.7867431640625,14.7867431640625,Leave_One_experiments/all_year_offline_schedule_search/daily_outputs/YCA/YCA_2004_YCA2004_stress_grid_S0001_daily.csv
YCA,YCA,Yucheng,2004,Leave_One_experiments\wth_generated_qc\YCA\YCA2004.WTH,dry_year;nitrogen_stress_year;irrigation_responsive_year,irrigation_responsive,YCA2004_stress_grid_S0001,top_profit_low_water,2004-09-01,245,82,77,"{""sim_day"": 82.0, ""doy"": 245.0, ""topwt"": 2663.311462402344, ""grnwt"": 396.24755859375, ""xlai"": 0.3260095417499542, ""totir"": 0.0, ""tofer"": NaN, ""swfac"": 0.0, ""nstres"": 0.3609362244606018}",0.0,0.3609362244606018,2663.311462402344,396.24755859375,0.3260095417499542,0.0,,0.0,0.0,0.0,0.0,14.7867431640625,14.7867431640625,Leave_One_experiments/all_year_offline_schedule_search/daily_outputs/YCA/YCA_2004_YCA2004_stress_grid_S0001_daily.csv
YCA,YCA,Yucheng,2004,Leave_One_experiments\wth_generated_qc\YCA\YCA2004.WTH,dry_year;nitrogen_stress_year;irrigation_responsive_year,irrigation_responsive,YCA2004_stress_grid_S0001,top_profit_low_water,2004-09-02,246,83,78,"{""sim_day"": 83.0, ""doy"": 246.0, ""topwt"": 2685.9097290039062, ""grnwt"": 436.3374710083008, ""xlai"": 0.3156943023204803, ""totir"": 0.0, ""tofer"": NaN, ""swfac"": 0.0, ""nstres"": 0.3593764901161194}",0.0,0.3593764901161194,2685.9097290039062,436.3374710083008,0.3156943023204803,0.0,,0.0,0.0,0.0,0.0,14.7867431640625,14.7867431640625,Leave_One_experiments/all_year_offline_schedule_search/daily_outputs/YCA/YCA_2004_YCA2004_stress_grid_S0001_daily.csv
YCA,YCA,Yucheng,2004,Leave_One_experiments\wth_generated_qc\YCA\YCA2004.WTH,dry_year;nitrogen_stress_year;irrigation_responsive_year,irrigation_responsive,YCA2004_stress_grid_S0001,top_profit_low_water,2004-09-03,247,84,79,"{""sim_day"": 84.0, ""doy"": 247.0, ""topwt"": 2710.977783203125, ""grnwt"": 476.4273452758789, ""xlai"": 0.30576092004776, ""totir"": 0.0, ""tofer"": NaN, ""swfac"": 0.0, ""nstres"": 0.3551676273345947}",0.0,0.3551676273345947,2710.977783203125,476.4273452758789,0.30576092004776,0.0,,0.0,0.0,0.0,0.0,14.7867431640625,14.7867431640625,Leave_One_experiments/all_year_offline_schedule_search/daily_outputs/YCA/YCA_2004_YCA2004_stress_grid_S0001_daily.csv
YCA,YCA,Yucheng,2004,Leave_One_experiments\wth_generated_qc\YCA\YCA2004.WTH,dry_year;nitrogen_stress_year;irrigation_responsive_year,irrigation_responsive,YCA2004_stress_grid_S0001,top_profit_low_water,2004-09-04,248,85,80,"{""sim_day"": 85.0, ""doy"": 248.0, ""topwt"": 2748.26904296875, ""grnwt"": 516.5172576904297, ""xlai"": 0.2962790727615356, ""totir"": 0.0, ""tofer"": NaN, ""swfac"": 0.0, ""nstres"": 0.3442532420158386}",0.0,0.3442532420158386,2748.26904296875,516.5172576904297,0.2962790727615356,0.0,,0.0,0.0,0.0,0.0,14.7867431640625,14.7867431640625,Leave_One_experiments/all_year_offline_schedule_search/daily_outputs/YCA/YCA_2004_YCA2004_stress_grid_S0001_daily.csv
YCA,YCA,Yucheng,2004,Leave_One_experiments\wth_generated_qc\YCA\YCA2004.WTH,dry_year;nitrogen_stress_year;irrigation_responsive_year,irrigation_responsive,YCA2004_stress_grid_S0001,top_profit_low_water,2004-09-05,249,86,81,"{""sim_day"": 86.0, ""doy"": 249.0, ""topwt"": 2781.8960571289062, ""grnwt"": 556.6071701049805, ""xlai"": 0.2872095704078674, ""totir"": 0.0, ""tofer"": NaN, ""swfac"": 0.0, ""nstres"": 0.3346681594848633}",0.0,0.3346681594848633,2781.8960571289062,556.6071701049805,0.2872095704078674,0.0,,0.0,0.0,0.0,0.0,14.7867431640625,14.7867431640625,Leave_One_experiments/all_year_offline_schedule_search/daily_outputs/YCA/YCA_2004_YCA2004_stress_grid_S0001_daily.csv
YCA,YCA,Yucheng,2004,Leave_One_experiments\wth_generated_qc\YCA\YCA2004.WTH,dry_year;nitrogen_stress_year;irrigation_responsive_year,irrigation_responsive,YCA2004_stress_grid_S0001,top_profit_low_water,2004-09-06,250,87,82,"{""sim_day"": 87.0, ""doy"": 250.0, ""topwt"": 2831.0321044921875, ""grnwt"": 596.6970825195312, ""xlai"": 0.2784447371959686, ""totir"": 0.0, ""tofer"": NaN, ""swfac"": 0.0, ""nstres"": 0.3324134945869446}",0.0,0.3324134945869446,2831.0321044921875,596.6970825195312,0.2784447371959686,0.0,,0.0,0.0,0.0,0.0,14.7867431640625,14.7867431640625,Leave_One_experiments/all_year_offline_schedule_search/daily_outputs/YCA/YCA_2004_YCA2004_stress_grid_S0001_daily.csv
YCA,YCA,Yucheng,2004,Leave_One_experiments\wth_generated_qc\YCA\YCA2004.WTH,dry_year;nitrogen_stress_year;irrigation_responsive_year,irrigation_responsive,YCA2004_stress_grid_S0001,top_profit_low_water,2004-09-07,251,88,83,"{""sim_day"": 88.0, ""doy"": 251.0, ""topwt"": 2875.3933715820312, ""grnwt"": 636.786994934082, ""xlai"": 0.2699930071830749, ""totir"": 0.0, ""tofer"": NaN, ""swfac"": 0.0, ""nstres"": 0.3284765481948852}",0.0,0.3284765481948852,2875.3933715820312,636.786994934082,0.2699930071830749,0.0,,0.0,0.0,0.0,0.0,14.7867431640625,14.7867431640625,Leave_One_experiments/all_year_offline_schedule_search/daily_outputs/YCA/YCA_2004_YCA2004_stress_grid_S0001_daily.csv
YCA,YCA,Yucheng,2004,Leave_One_experiments\wth_generated_qc\YCA\YCA2004.WTH,dry_year;nitrogen_stress_year;irrigation_responsive_year,irrigation_responsive,YCA2004_stress_grid_S0001,top_profit_low_water,2004-09-08,252,89,84,"{""sim_day"": 89.0, ""doy"": 252.0, ""topwt"": 2919.400634765625, ""grnwt"": 676.8769073486328, ""xlai"": 0.2617444396018982, ""totir"": 0.0, ""tofer"": NaN, ""swfac"": 0.0, ""nstres"": 0.3332200646400451}",0.0,0.3332200646400451,2919.400634765625,676.8769073486328,0.2617444396018982,0.0,,0.0,0.0,0.0,0.0,14.7867431640625,14.7867431640625,Leave_One_experiments/all_year_offline_schedule_search/daily_outputs/YCA/YCA_2004_YCA2004_stress_grid_S0001_daily.csv
YCA,YCA,Yucheng,2004,Leave_One_experiments\wth_generated_qc\YCA\YCA2004.WTH,dry_year;nitrogen_stress_year;irrigation_responsive_year,irrigation_responsive,YCA2004_stress_grid_S0001,top_profit_low_water,2004-09-09,253,90,85,"{""sim_day"": 90.0, ""doy"": 253.0, ""topwt"": 2959.2840576171875, ""grnwt"": 716.9667816162109, ""xlai"": 0.2537264823913574, ""totir"": 0.0, ""tofer"": NaN, ""swfac"": 0.0, ""nstres"": 0.3351856470108032}",0.0,0.3351856470108032,2959.2840576171875,716.9667816162109,0.2537264823913574,0.0,,0.0,0.0,0.0,0.0,14.7867431640625,14.7867431640625,Leave_One_experiments/all_year_offline_schedule_search/daily_outputs/YCA/YCA_2004_YCA2004_stress_grid_S0001_daily.csv
YCA,YCA,Yucheng,2004,Leave_One_experiments\wth_generated_qc\YCA\YCA2004.WTH,dry_year;nitrogen_stress_year;irrigation_responsive_year,irrigation_responsive,YCA2004_stress_grid_S0001,top_profit_low_water,2004-09-10,254,91,86,"{""sim_day"": 91.0, ""doy"": 254.0, ""topwt"": 2998.85986328125, ""grnwt"": 757.0567321777344, ""xlai"": 0.2459360361099243, ""totir"": 0.0, ""tofer"": NaN, ""swfac"": 0.0, ""nstres"": 0.3369016647338867}",0.0,0.3369016647338867,2998.85986328125,757.0567321777344,0.2459360361099243,0.0,,0.0,0.0,0.0,0.0,14.7867431640625,14.7867431640625,Leave_One_experiments/all_year_offline_schedule_search/daily_outputs/YCA/YCA_2004_YCA2004_stress_grid_S0001_daily.csv
YCA,YCA,Yucheng,2004,Leave_One_experiments\wth_generated_qc\YCA\YCA2004.WTH,dry_year;nitrogen_stress_year;irrigation_responsive_year,irrigation_responsive,YCA2004_stress_grid_S0001,top_profit_low_water,2004-09-11,255,92,87,"{""sim_day"": 92.0, ""doy"": 255.0, ""topwt"": 3040.029296875, ""grnwt"": 797.1466064453125, ""xlai"": 0.2383895516395568, ""totir"": 0.0, ""tofer"": NaN, ""swfac"": 0.0, ""nstres"": 0.3364284038543701}",0.0,0.3364284038543701,3040.029296875,797.1466064453125,0.2383895516395568,0.0,,0.0,0.0,0.0,0.0,14.7867431640625,14.7867431640625,Leave_One_experiments/all_year_offline_schedule_search/daily_outputs/YCA/YCA_2004_YCA2004_stress_grid_S0001_daily.csv
YCA,YCA,Yucheng,2004,Leave_One_experiments\wth_generated_qc\YCA\YCA2004.WTH,dry_year;nitrogen_stress_year;irrigation_responsive_year,irrigation_responsive,YCA2004_stress_grid_S0001,top_profit_low_water,2004-09-12,256,93,88,"{""sim_day"": 93.0, ""doy"": 256.0, ""topwt"": 3073.370056152344, ""grnwt"": 837.2364807128906, ""xlai"": 0.2310791015625, ""totir"": 0.0, ""tofer"": NaN, ""swfac"": 0.0, ""nstres"": 0.3359768390655517}",0.0,0.3359768390655517,3073.370056152344,837.2364807128906,0.2310791015625,0.0,,0.0,0.0,0.0,0.0,14.7867431640625,14.7867431640625,Leave_One_experiments/all_year_offline_schedule_search/daily_outputs/YCA/YCA_2004_YCA2004_stress_grid_S0001_daily.csv
YCA,YCA,Yucheng,2004,Leave_One_experiments\wth_generated_qc\YCA\YCA2004.WTH,dry_year;nitrogen_stress_year;irrigation_responsive_year,irrigation_responsive,YCA2004_stress_grid_S0001,top_profit_low_water,2004-09-13,257,94,89,"{""sim_day"": 94.0, ""doy"": 257.0, ""topwt"": 3077.9498291015625, ""grnwt"": 877.3264312744141, ""xlai"": 0.2239670306444168, ""totir"": 0.0, ""tofer"": NaN, ""swfac"": 0.0, ""nstres"": 0.3386649489402771}",0.0,0.3386649489402771,3077.9498291015625,877.3264312744141,0.2239670306444168,0.0,,0.0,0.0,0.0,0.0,14.7867431640625,14.7867431640625,Leave_One_experiments/all_year_offline_schedule_search/daily_outputs/YCA/YCA_2004_YCA2004_stress_grid_S0001_daily.csv
YCA,YCA,Yucheng,2004,Leave_One_experiments\wth_generated_qc\YCA\YCA2004.WTH,dry_year;nitrogen_stress_year;irrigation_responsive_year,irrigation_responsive,YCA2004_stress_grid_S0001,top_profit_low_water,2004-09-14,258,95,90,"{""sim_day"": 95.0, ""doy"": 258.0, ""topwt"": 3113.456115722656, ""grnwt"": 917.4163055419922, ""xlai"": 0.2173895984888076, ""totir"": 0.0, ""tofer"": NaN, ""swfac"": 0.0, ""nstres"": 0.3048210740089416}",0.0,0.3048210740089416,3113.456115722656,917.4163055419922,0.2173895984888076,0.0,,0.0,0.0,0.0,0.0,14.7867431640625,14.7867431640625,Leave_One_experiments/all_year_offline_schedule_search/daily_outputs/YCA/YCA_2004_YCA2004_stress_grid_S0001_daily.csv
YCA,YCA,Yucheng,2004,Leave_One_experiments\wth_generated_qc\YCA\YCA2004.WTH,dry_year;nitrogen_stress_year;irrigation_responsive_year,irrigation_responsive,YCA2004_stress_grid_S0001,top_profit_low_water,2004-09-15,259,96,91,"{""sim_day"": 96.0, ""doy"": 259.0, ""topwt"": 3153.564453125, ""grnwt"": 957.5062561035156, ""xlai"": 0.211495503783226, ""totir"": 0.0, ""tofer"": NaN, ""swfac"": 0.0, ""nstres"": 0.2507022023200989}",0.0,0.2507022023200989,3153.564453125,957.5062561035156,0.211495503783226,0.0,,0.0,0.0,0.0,0.0,14.7867431640625,14.7867431640625,Leave_One_experiments/all_year_offline_schedule_search/daily_outputs/YCA/YCA_2004_YCA2004_stress_grid_S0001_daily.csv
YCA,YCA,Yucheng,2004,Leave_One_experiments\wth_generated_qc\YCA\YCA2004.WTH,dry_year;nitrogen_stress_year;irrigation_responsive_year,irrigation_responsive,YCA2004_stress_grid_S0001,top_profit_low_water,2004-09-16,260,97,92,"{""sim_day"": 97.0, ""doy"": 260.0, ""topwt"": 3167.298583984375, ""grnwt"": 997.5961303710938, ""xlai"": 0.2059994339942932, ""totir"": 0.0, ""tofer"": NaN, ""swfac"": 0.0, ""nstres"": 0.2236765027046203}",0.0,0.2236765027046203,3167.298583984375,997.5961303710938,0.2059994339942932,0.0,,0.0,0.0,0.0,0.0,14.7867431640625,14.7867431640625,Leave_One_experiments/all_year_offline_schedule_search/daily_outputs/YCA/YCA_2004_YCA2004_stress_grid_S0001_daily.csv
YCA,YCA,Yucheng,2004,Leave_One_experiments\wth_generated_qc\YCA\YCA2004.WTH,dry_year;nitrogen_stress_year;irrigation_responsive_year,irrigation_responsive,YCA2004_stress_grid_S0001,top_profit_low_water,2004-09-17,261,98,93,"{""sim_day"": 98.0, ""doy"": 261.0, ""topwt"": 3209.8309326171875, ""grnwt"": 1037.6860809326172, ""xlai"": 0.2007353901863098, ""totir"": 0.0, ""tofer"": NaN, ""swfac"": 0.0, ""nstres"": 0.2132954597473144}",0.0,0.2132954597473144,3209.8309326171875,1037.6860809326172,0.2007353901863098,0.0,,0.0,0.0,0.0,0.0,14.7867431640625,14.7867431640625,Leave_One_experiments/all_year_offline_schedule_search/daily_outputs/YCA/YCA_2004_YCA2004_stress_grid_S0001_daily.csv
YCA,YCA,Yucheng,2004,Leave_One_experiments\wth_generated_qc\YCA\YCA2004.WTH,dry_year;nitrogen_stress_year;irrigation_responsive_year,irrigation_responsive,YCA2004_stress_grid_S0001,top_profit_low_water,2004-09-18,262,99,94,"{""sim_day"": 99.0, ""doy"": 262.0, ""topwt"": 3238.648681640625, ""grnwt"": 1077.7759552001953, ""xlai"": 0.1957766860723495, ""totir"": 0.0, ""tofer"": NaN, ""swfac"": 0.0, ""nstres"": 0.1976194381713867}",0.0,0.1976194381713867,3238.648681640625,1077.7759552001953,0.1957766860723495,0.0,,0.0,0.0,0.0,0.0,14.7867431640625,14.7867431640625,Leave_One_experiments/all_year_offline_schedule_search/daily_outputs/YCA/YCA_2004_YCA2004_stress_grid_S0001_daily.csv
YCA,YCA,Yucheng,2004,Leave_One_experiments\wth_generated_qc\YCA\YCA2004.WTH,dry_year;nitrogen_stress_year;irrigation_responsive_year,irrigation_responsive,YCA2004_stress_grid_S0001,top_profit_low_water,2004-09-19,263,100,95,"{""sim_day"": 100.0, ""doy"": 263.0, ""topwt"": 3272.9998779296875, ""grnwt"": 1117.8658294677734, ""xlai"": 0.1908937096595764, ""totir"": 0.0, ""tofer"": NaN, ""swfac"": 0.0, ""nstres"": 0.1995328068733215}",0.0,0.1995328068733215,3272.9998779296875,1117.8658294677734,0.1908937096595764,0.0,,0.0,0.0,0.0,0.0,14.7867431640625,14.7867431640625,Leave_One_experiments/all_year_offline_schedule_search/daily_outputs/YCA/YCA_2004_YCA2004_stress_grid_S0001_daily.csv
YCA,YCA,Yucheng,2004,Leave_One_experiments\wth_generated_qc\YCA\YCA2004.WTH,dry_year;nitrogen_stress_year;irrigation_responsive_year,irrigation_responsive,YCA2004_stress_grid_S0001,top_profit_low_water,2004-09-20,264,101,96,"{""sim_day"": 101.0, ""doy"": 264.0, ""topwt"": 3315.8612060546875, ""grnwt"": 1157.9556274414062, ""xlai"": 0.1861559301614761, ""totir"": 0.0, ""tofer"": NaN, ""swfac"": 0.0, ""nstres"": 0.1985526084899902}",0.0,0.1985526084899902,3315.8612060546875,1157.9556274414062,0.1861559301614761,0.0,,0.0,0.0,0.0,0.0,14.7867431640625,14.7867431640625,Leave_One_experiments/all_year_offline_schedule_search/daily_outputs/YCA/YCA_2004_YCA2004_stress_grid_S0001_daily.csv
YCA,YCA,Yucheng,2004,Leave_One_experiments\wth_generated_qc\YCA\YCA2004.WTH,dry_year;nitrogen_stress_year;irrigation_responsive_year,irrigation_responsive,YCA2004_stress_grid_S0001,top_profit_low_water,2004-09-21,265,102,97,"{""sim_day"": 102.0, ""doy"": 265.0, ""topwt"": 3356.635131835937, ""grnwt"": 1198.0455017089844, ""xlai"": 0.1815272271633148, ""totir"": 0.0, ""tofer"": NaN, ""swfac"": 0.0, ""nstres"": 0.1989173293113708}",0.0,0.1989173293113708,3356.635131835937,1198.0455017089844,0.1815272271633148,0.0,,0.0,0.0,0.0,0.0,14.7867431640625,14.7867431640625,Leave_One_experiments/all_year_offline_schedule_search/daily_outputs/YCA/YCA_2004_YCA2004_stress_grid_S0001_daily.csv
YCA,YCA,Yucheng,2004,Leave_One_experiments\wth_generated_qc\YCA\YCA2004.WTH,dry_year;nitrogen_stress_year;irrigation_responsive_year,irrigation_responsive,YCA2004_stress_grid_S0001,top_profit_low_water,2004-09-22,266,103,98,"{""sim_day"": 103.0, ""doy"": 266.0, ""topwt"": 3391.420288085937, ""grnwt"": 1238.1352996826172, ""xlai"": 0.1769512146711349, ""totir"": 0.0, ""tofer"": NaN, ""swfac"": 0.0, ""nstres"": 0.204997718334198}",0.0,0.204997718334198,3391.420288085937,1238.1352996826172,0.1769512146711349,0.0,,0.0,0.0,0.0,0.0,14.7867431640625,14.7867431640625,Leave_One_experiments/all_year_offline_schedule_search/daily_outputs/YCA/YCA_2004_YCA2004_stress_grid_S0001_daily.csv
YCA,YCA,Yucheng,2004,Leave_One_experiments\wth_generated_qc\YCA\YCA2004.WTH,dry_year;nitrogen_stress_year;irrigation_responsive_year,irrigation_responsive,YCA2004_stress_grid_S0001,top_profit_low_water,2004-09-23,267,104,99,"{""sim_day"": 104.0, ""doy"": 267.0, ""topwt"": 3414.051818847656, ""grnwt"": 1278.2251739501953, ""xlai"": 0.1724380403757095, ""totir"": 0.0, ""tofer"": NaN, ""swfac"": 0.0, ""nstres"": 0.2121215462684631}",0.0,0.2121215462684631,3414.051818847656,1278.2251739501953,0.1724380403757095,0.0,,0.0,0.0,0.0,0.0,14.7867431640625,14.7867431640625,Leave_One_experiments/all_year_offline_schedule_search/daily_outputs/YCA/YCA_2004_YCA2004_stress_grid_S0001_daily.csv
YCA,YCA,Yucheng,2004,Leave_One_experiments\wth_generated_qc\YCA\YCA2004.WTH,dry_year;nitrogen_stress_year;irrigation_responsive_year,irrigation_responsive,YCA2004_stress_grid_S0001,top_profit_low_water,2004-09-24,268,105,100,"{""sim_day"": 105.0, ""doy"": 268.0, ""topwt"": 3433.8650512695312, ""grnwt"": 1318.314971923828, ""xlai"": 0.1680373549461364, ""totir"": 0.0, ""tofer"": NaN, ""swfac"": 0.0, ""nstres"": 0.2124850749969482}",0.0,0.2124850749969482,3433.8650512695312,1318.314971923828,0.1680373549461364,0.0,,0.0,0.0,0.0,0.0,14.7867431640625,14.7867431640625,Leave_One_experiments/all_year_offline_schedule_search/daily_outputs/YCA/YCA_2004_YCA2004_stress_grid_S0001_daily.csv
YCA,YCA,Yucheng,2004,Leave_One_experiments\wth_generated_qc\YCA\YCA2004.WTH,dry_year;nitrogen_stress_year;irrigation_responsive_year,irrigation_responsive,YCA2004_stress_grid_S0001,top_profit_low_water,2004-09-25,269,106,101,"{""sim_day"": 106.0, ""doy"": 269.0, ""topwt"": 3453.0682373046875, ""grnwt"": 1358.4048461914062, ""xlai"": 0.163817286491394, ""totir"": 0.0, ""tofer"": NaN, ""swfac"": 0.0, ""nstres"": 0.2027263045310974}",0.0,0.2027263045310974,3453.0682373046875,1358.4048461914062,0.163817286491394,0.0,,0.0,0.0,0.0,0.0,14.7867431640625,14.7867431640625,Leave_One_experiments/all_year_offline_schedule_search/daily_outputs/YCA/YCA_2004_YCA2004_stress_grid_S0001_daily.csv
YCA,YCA,Yucheng,2004,Leave_One_experiments\wth_generated_qc\YCA\YCA2004.WTH,dry_year;nitrogen_stress_year;irrigation_responsive_year,irrigation_responsive,YCA2004_stress_grid_S0001,top_profit_low_water,2004-09-26,270,107,102,"{""sim_day"": 107.0, ""doy"": 270.0, ""topwt"": 3477.8170776367188, ""grnwt"": 1398.4947204589844, ""xlai"": 0.1597831696271896, ""totir"": 0.0, ""tofer"": NaN, ""swfac"": 0.0, ""nstres"": 0.1970083713531494}",0.0,0.1970083713531494,3477.8170776367188,1398.4947204589844,0.1597831696271896,0.0,,0.0,0.0,0.0,0.0,14.7867431640625,14.7867431640625,Leave_One_experiments/all_year_offline_schedule_search/daily_outputs/YCA/YCA_2004_YCA2004_stress_grid_S0001_daily.csv
YCA,YCA,Yucheng,2004,Leave_One_experiments\wth_generated_qc\YCA\YCA2004.WTH,dry_year;nitrogen_stress_year;irrigation_responsive_year,irrigation_responsive,YCA2004_stress_grid_S0001,top_profit_low_water,2004-09-27,271,108,103,"{""sim_day"": 108.0, ""doy"": 271.0, ""topwt"": 3503.687438964844, ""grnwt"": 1438.5845947265625, ""xlai"": 0.1559021025896072, ""totir"": 0.0, ""tofer"": NaN, ""swfac"": 0.0, ""nstres"": 0.1943130493164062}",0.0,0.1943130493164062,3503.687438964844,1438.5845947265625,0.1559021025896072,0.0,,0.0,0.0,0.0,0.0,14.7867431640625,14.7867431640625,Leave_One_experiments/all_year_offline_schedule_search/daily_outputs/YCA/YCA_2004_YCA2004_stress_grid_S0001_daily.csv
YCA,YCA,Yucheng,2004,Leave_One_experiments\wth_generated_qc\YCA\YCA2004.WTH,dry_year;nitrogen_stress_year;irrigation_responsive_year,irrigation_responsive,YCA2004_stress_grid_S0001,top_profit_low_water,2004-09-28,272,109,104,"{""sim_day"": 109.0, ""doy"": 272.0, ""topwt"": 3529.0264892578125, ""grnwt"": 1478.67431640625, ""xlai"": 0.1521549671888351, ""totir"": 0.0, ""tofer"": NaN, ""swfac"": 0.0, ""nstres"": 0.1922788619995117}",0.0,0.1922788619995117,3529.0264892578125,1478.67431640625,0.1521549671888351,0.0,,0.0,0.0,0.0,0.0,14.7867431640625,14.7867431640625,Leave_One_experiments/all_year_offline_schedule_search/daily_outputs/YCA/YCA_2004_YCA2004_stress_grid_S0001_daily.csv
YCA,YCA,Yucheng,2004,Leave_One_experiments\wth_generated_qc\YCA\YCA2004.WTH,dry_year;nitrogen_stress_year;irrigation_responsive_year,irrigation_responsive,YCA2004_stress_grid_S0001,top_profit_low_water,2004-09-29,273,110,105,"{""sim_day"": 110.0, ""doy"": 273.0, ""topwt"": 3529.0264892578125, ""grnwt"": 1478.67431640625, ""xlai"": 0.1521549671888351, ""totir"": 0.0, ""tofer"": NaN, ""swfac"": 0.0, ""nstres"": 0.1934013962745666}",0.0,0.1934013962745666,3529.0264892578125,1478.67431640625,0.1521549671888351,0.0,,0.0,0.0,0.0,0.0,14.7867431640625,14.7867431640625,Leave_One_experiments/all_year_offline_schedule_search/daily_outputs/YCA/YCA_2004_YCA2004_stress_grid_S0001_daily.csv
YCA,YCA,Yucheng,2004,Leave_One_experiments\wth_generated_qc\YCA\YCA2004.WTH,dry_year;nitrogen_stress_year;irrigation_responsive_year,irrigation_responsive,YCA2004_stress_grid_S0001,top_profit_low_water,2004-09-30,274,111,106,"{""sim_day"": 111.0, ""doy"": 274.0, ""topwt"": 3529.0264892578125, ""grnwt"": 1478.67431640625, ""xlai"": 0.1521549671888351, ""totir"": 0.0, ""tofer"": NaN, ""swfac"": 0.0, ""nstres"": 0.1934013962745666}",0.0,0.1934013962745666,3529.0264892578125,1478.67431640625,0.1521549671888351,0.0,,0.0,0.0,0.0,0.0,14.7867431640625,14.7867431640625,Leave_One_experiments/all_year_offline_schedule_search/daily_outputs/YCA/YCA_2004_YCA2004_stress_grid_S0001_daily.csv
YCA,YCA,Yucheng,2004,Leave_One_experiments\wth_generated_qc\YCA\YCA2004.WTH,dry_year;nitrogen_stress_year;irrigation_responsive_year,irrigation_responsive,YCA2004_stress_grid_S0001,top_profit_low_water,2004-10-01,275,112,107,"{""sim_day"": 112.0, ""doy"": 275.0, ""topwt"": 3529.0264892578125, ""grnwt"": 1478.67431640625, ""xlai"": 0.1521549671888351, ""totir"": 0.0, ""tofer"": NaN, ""swfac"": 0.0, ""nstres"": 0.1934013962745666}",0.0,0.1934013962745666,3529.0264892578125,1478.67431640625,0.1521549671888351,0.0,,0.0,0.0,0.0,0.0,14.7867431640625,14.7867431640625,Leave_One_experiments/all_year_offline_schedule_search/daily_outputs/YCA/YCA_2004_YCA2004_stress_grid_S0001_daily.csv
YCA,YCA,Yucheng,2004,Leave_One_experiments\wth_generated_qc\YCA\YCA2004.WTH,dry_year;nitrogen_stress_year;irrigation_responsive_year,irrigation_responsive,YCA2004_stress_grid_S0001,top_profit_low_water,2004-10-02,276,113,108,"{""sim_day"": 113.0, ""doy"": 276.0, ""topwt"": 3529.0264892578125, ""grnwt"": 1478.67431640625, ""xlai"": 0.1521549671888351, ""totir"": 0.0, ""tofer"": NaN, ""swfac"": 0.0, ""nstres"": 0.1934013962745666}",0.0,0.1934013962745666,3529.0264892578125,1478.67431640625,0.1521549671888351,0.0,,0.0,0.0,0.0,0.0,14.7867431640625,14.7867431640625,Leave_One_experiments/all_year_offline_schedule_search/daily_outputs/YCA/YCA_2004_YCA2004_stress_grid_S0001_daily.csv
YCA,YCA,Yucheng,2004,Leave_One_experiments\wth_generated_qc\YCA\YCA2004.WTH,dry_year;nitrogen_stress_year;irrigation_responsive_year,irrigation_responsive,YCA2004_stress_grid_S0001,top_profit_low_water,2004-10-03,277,114,109,"{""sim_day"": 114.0, ""doy"": 277.0, ""topwt"": 3529.0264892578125, ""grnwt"": 1478.67431640625, ""xlai"": 0.1521549671888351, ""totir"": 0.0, ""tofer"": NaN, ""swfac"": 0.0, ""nstres"": 0.1934013962745666}",0.0,0.1934013962745666,3529.0264892578125,1478.67431640625,0.1521549671888351,0.0,,0.0,0.0,0.0,0.0,14.7867431640625,14.7867431640625,Leave_One_experiments/all_year_offline_schedule_search/daily_outputs/YCA/YCA_2004_YCA2004_stress_grid_S0001_daily.csv
YCA,YCA,Yucheng,2004,Leave_One_experiments\wth_generated_qc\YCA\YCA2004.WTH,dry_year;nitrogen_stress_year;irrigation_responsive_year,irrigation_responsive,YCA2004_stress_grid_S0001,top_profit_low_water,2004-10-04,278,115,110,"{""sim_day"": 115.0, ""doy"": 278.0, ""topwt"": 3529.0264892578125, ""grnwt"": 1478.67431640625, ""xlai"": 0.1521549671888351, ""totir"": 0.0, ""tofer"": NaN, ""swfac"": 0.0, ""nstres"": 0.1934013962745666}",0.0,0.1934013962745666,3529.0264892578125,1478.67431640625,0.1521549671888351,0.0,,0.0,0.0,0.0,0.0,14.7867431640625,14.7867431640625,Leave_One_experiments/all_year_offline_schedule_search/daily_outputs/YCA/YCA_2004_YCA2004_stress_grid_S0001_daily.csv
YCA,YCA,Yucheng,2012,Leave_One_experiments\wth_generated_qc\YCA\YCA2012.WTH,wet_year;nitrogen_stress_year;low_response_year,wet,YCA2012_normal_grid_S0015,irrigation_positive_candidate,2012-06-17,169,1,1,"{""sim_day"": 1.0, ""doy"": 169.0, ""topwt"": 0.0, ""grnwt"": 0.0, ""xlai"": 0.0, ""totir"": 0.0, ""tofer"": NaN, ""swfac"": 0.0, ""nstres"": 0.0}",0.0,0.0,0.0,0.0,0.0,0.0,,0.0,50.0,30.0,150.0,19.86566772460938,31.86566772460938,Leave_One_experiments/all_year_offline_schedule_search/daily_outputs/YCA/YCA_2012_YCA2012_normal_grid_S0015_daily.csv
YCA,YCA,Yucheng,2012,Leave_One_experiments\wth_generated_qc\YCA\YCA2012.WTH,wet_year;nitrogen_stress_year;low_response_year,wet,YCA2012_normal_grid_S0015,irrigation_positive_candidate,2012-06-18,170,2,2,"{""sim_day"": 2.0, ""doy"": 170.0, ""topwt"": 0.0, ""grnwt"": 0.0, ""xlai"": 0.0, ""totir"": 0.0, ""tofer"": NaN, ""swfac"": 0.0, ""nstres"": 0.0}",0.0,0.0,0.0,0.0,0.0,0.0,,0.0,0.0,30.0,150.0,19.86566772460938,31.86566772460938,Leave_One_experiments/all_year_offline_schedule_search/daily_outputs/YCA/YCA_2012_YCA2012_normal_grid_S0015_daily.csv
YCA,YCA,Yucheng,2012,Leave_One_experiments\wth_generated_qc\YCA\YCA2012.WTH,wet_year;nitrogen_stress_year;low_response_year,wet,YCA2012_normal_grid_S0015,irrigation_positive_candidate,2012-06-19,171,3,3,"{""sim_day"": 3.0, ""doy"": 171.0, ""topwt"": 0.0, ""grnwt"": 0.0, ""xlai"": 0.0, ""totir"": 0.0, ""tofer"": NaN, ""swfac"": 0.0, ""nstres"": 0.0}",0.0,0.0,0.0,0.0,0.0,0.0,,0.0,0.0,30.0,150.0,19.86566772460938,31.86566772460938,Leave_One_experiments/all_year_offline_schedule_search/daily_outputs/YCA/YCA_2012_YCA2012_normal_grid_S0015_daily.csv
YCA,YCA,Yucheng,2012,Leave_One_experiments\wth_generated_qc\YCA\YCA2012.WTH,wet_year;nitrogen_stress_year;low_response_year,wet,YCA2012_normal_grid_S0015,irrigation_positive_candidate,2012-06-20,172,4,4,"{""sim_day"": 4.0, ""doy"": 172.0, ""topwt"": 0.0, ""grnwt"": 0.0, ""xlai"": 0.0, ""totir"": 0.0, ""tofer"": NaN, ""swfac"": 0.0, ""nstres"": 0.0}",0.0,0.0,0.0,0.0,0.0,0.0,,0.0,0.0,30.0,150.0,19.86566772460938,31.86566772460938,Leave_One_experiments/all_year_offline_schedule_search/daily_outputs/YCA/YCA_2012_YCA2012_normal_grid_S0015_daily.csv
YCA,YCA,Yucheng,2012,Leave_One_experiments\wth_generated_qc\YCA\YCA2012.WTH,wet_year;nitrogen_stress_year;low_response_year,wet,YCA2012_normal_grid_S0015,irrigation_positive_candidate,2012-06-21,173,5,5,"{""sim_day"": 5.0, ""doy"": 173.0, ""topwt"": 0.0, ""grnwt"": 0.0, ""xlai"": 0.0, ""totir"": 0.0, ""tofer"": NaN, ""swfac"": 0.0, ""nstres"": 0.0}",0.0,0.0,0.0,0.0,0.0,0.0,,0.0,0.0,30.0,150.0,19.86566772460938,31.86566772460938,Leave_One_experiments/all_year_offline_schedule_search/daily_outputs/YCA/YCA_2012_YCA2012_normal_grid_S0015_daily.csv
YCA,YCA,Yucheng,2012,Leave_One_experiments\wth_generated_qc\YCA\YCA2012.WTH,wet_year;nitrogen_stress_year;low_response_year,wet,YCA2012_normal_grid_S0015,irrigation_positive_candidate,2012-06-17,169,6,1,"{""sim_day"": 6.0, ""doy"": 169.0, ""topwt"": 0.0, ""grnwt"": 0.0, ""xlai"": 0.0, ""totir"": 0.0, ""tofer"": NaN, ""swfac"": 0.0, ""nstres"": 0.0}",0.0,0.0,0.0,0.0,0.0,0.0,,0.0,0.0,30.0,150.0,19.86566772460938,31.86566772460938,Leave_One_experiments/all_year_offline_schedule_search/daily_outputs/YCA/YCA_2012_YCA2012_normal_grid_S0015_daily.csv
YCA,YCA,Yucheng,2012,Leave_One_experiments\wth_generated_qc\YCA\YCA2012.WTH,wet_year;nitrogen_stress_year;low_response_year,wet,YCA2012_normal_grid_S0015,irrigation_positive_candidate,2012-06-18,170,7,2,"{""sim_day"": 7.0, ""doy"": 170.0, ""topwt"": 0.0, ""grnwt"": 0.0, ""xlai"": 0.0, ""totir"": 0.0, ""tofer"": NaN, ""swfac"": 0.0, ""nstres"": 0.0}",0.0,0.0,0.0,0.0,0.0,0.0,,0.0,0.0,30.0,150.0,19.86566772460938,31.86566772460938,Leave_One_experiments/all_year_offline_schedule_search/daily_outputs/YCA/YCA_2012_YCA2012_normal_grid_S0015_daily.csv
YCA,YCA,Yucheng,2012,Leave_One_experiments\wth_generated_qc\YCA\YCA2012.WTH,wet_year;nitrogen_stress_year;low_response_year,wet,YCA2012_normal_grid_S0015,irrigation_positive_candidate,2012-06-19,171,8,3,"{""sim_day"": 8.0, ""doy"": 171.0, ""topwt"": 0.0, ""grnwt"": 0.0, ""xlai"": 0.0, ""totir"": 0.0, ""tofer"": NaN, ""swfac"": 0.0, ""nstres"": 0.0}",0.0,0.0,0.0,0.0,0.0,0.0,,0.0,0.0,30.0,150.0,19.86566772460938,31.86566772460938,Leave_One_experiments/all_year_offline_schedule_search/daily_outputs/YCA/YCA_2012_YCA2012_normal_grid_S0015_daily.csv
YCA,YCA,Yucheng,2012,Leave_One_experiments\wth_generated_qc\YCA\YCA2012.WTH,wet_year;nitrogen_stress_year;low_response_year,wet,YCA2012_normal_grid_S0015,irrigation_positive_candidate,2012-06-20,172,9,4,"{""sim_day"": 9.0, ""doy"": 172.0, ""topwt"": 0.0, ""grnwt"": 0.0, ""xlai"": 0.0, ""totir"": 0.0, ""tofer"": NaN, ""swfac"": 0.0, ""nstres"": 0.0}",0.0,0.0,0.0,0.0,0.0,0.0,,0.0,0.0,30.0,150.0,19.86566772460938,31.86566772460938,Leave_One_experiments/all_year_offline_schedule_search/daily_outputs/YCA/YCA_2012_YCA2012_normal_grid_S0015_daily.csv
YCA,YCA,Yucheng,2012,Leave_One_experiments\wth_generated_qc\YCA\YCA2012.WTH,wet_year;nitrogen_stress_year;low_response_year,wet,YCA2012_normal_grid_S0015,irrigation_positive_candidate,2012-06-21,173,10,5,"{""sim_day"": 10.0, ""doy"": 173.0, ""topwt"": 26.400001049041748, ""grnwt"": 0.0, ""xlai"": 0.0058202850632369, ""totir"": 0.0, ""tofer"": NaN, ""swfac"": 0.0, ""nstres"": 0.0121910572052001}",0.0,0.0121910572052001,26.400001049041748,0.0,0.0058202850632369,0.0,,0.0,0.0,30.0,150.0,19.86566772460938,31.86566772460938,Leave_One_experiments/all_year_offline_schedule_search/daily_outputs/YCA/YCA_2012_YCA2012_normal_grid_S0015_daily.csv
YCA,YCA,Yucheng,2012,Leave_One_experiments\wth_generated_qc\YCA\YCA2012.WTH,wet_year;nitrogen_stress_year;low_response_year,wet,YCA2012_normal_grid_S0015,irrigation_positive_candidate,2012-06-22,174,11,6,"{""sim_day"": 11.0, ""doy"": 174.0, ""topwt"": 26.400001049041748, ""grnwt"": 0.0, ""xlai"": 0.0121640022844076, ""totir"": 0.0, ""tofer"": NaN, ""swfac"": 0.0, ""nstres"": 0.0074278712272644}",0.0,0.0074278712272644,26.400001049041748,0.0,0.0121640022844076,0.0,,0.0,0.0,30.0,150.0,19.86566772460938,31.86566772460938,Leave_One_experiments/all_year_offline_schedule_search/daily_outputs/YCA/YCA_2012_YCA2012_normal_grid_S0015_daily.csv
YCA,YCA,Yucheng,2012,Leave_One_experiments\wth_generated_qc\YCA\YCA2012.WTH,wet_year;nitrogen_stress_year;low_response_year,wet,YCA2012_normal_grid_S0015,irrigation_positive_candidate,2012-06-23,175,12,7,"{""sim_day"": 12.0, ""doy"": 175.0, ""topwt"": 26.400001049041748, ""grnwt"": 0.0, ""xlai"": 0.0191772691905498, ""totir"": 0.0, ""tofer"": NaN, ""swfac"": 0.0, ""nstres"": 0.0}",0.0,0.0,26.400001049041748,0.0,0.0191772691905498,0.0,,0.0,0.0,30.0,150.0,19.86566772460938,31.86566772460938,Leave_One_experiments/all_year_offline_schedule_search/daily_outputs/YCA/YCA_2012_YCA2012_normal_grid_S0015_daily.csv
YCA,YCA,Yucheng,2012,Leave_One_experiments\wth_generated_qc\YCA\YCA2012.WTH,wet_year;nitrogen_stress_year;low_response_year,wet,YCA2012_normal_grid_S0015,irrigation_positive_candidate,2012-06-24,176,13,8,"{""sim_day"": 13.0, ""doy"": 176.0, ""topwt"": 26.400001049041748, ""grnwt"": 0.0, ""xlai"": 0.0430382750928401, ""totir"": 0.0, ""tofer"": NaN, ""swfac"": 0.0, ""nstres"": 0.0}",0.0,0.0,26.400001049041748,0.0,0.0430382750928401,0.0,,0.0,0.0,30.0,150.0,19.86566772460938,31.86566772460938,Leave_One_experiments/all_year_offline_schedule_search/daily_outputs/YCA/YCA_2012_YCA2012_normal_grid_S0015_daily.csv
YCA,YCA,Yucheng,2012,Leave_One_experiments\wth_generated_qc\YCA\YCA2012.WTH,wet_year;nitrogen_stress_year;low_response_year,wet,YCA2012_normal_grid_S0015,irrigation_positive_candidate,2012-06-25,177,14,9,"{""sim_day"": 14.0, ""doy"": 177.0, ""topwt"": 35.31907320022583, ""grnwt"": 0.0, ""xlai"": 0.0684055536985397, ""totir"": 0.0, ""tofer"": NaN, ""swfac"": 0.0, ""nstres"": 0.0}",0.0,0.0,35.31907320022583,0.0,0.0684055536985397,0.0,,0.0,0.0,30.0,150.0,19.86566772460938,31.86566772460938,Leave_One_experiments/all_year_offline_schedule_search/daily_outputs/YCA/YCA_2012_YCA2012_normal_grid_S0015_daily.csv
YCA,YCA,Yucheng,2012,Leave_One_experiments\wth_generated_qc\YCA\YCA2012.WTH,wet_year;nitrogen_stress_year;low_response_year,wet,YCA2012_normal_grid_S0015,irrigation_positive_candidate,2012-06-26,178,15,10,"{""sim_day"": 15.0, ""doy"": 178.0, ""topwt"": 47.50900268554688, ""grnwt"": 0.0, ""xlai"": 0.0970397666096687, ""totir"": 0.0, ""tofer"": NaN, ""swfac"": 0.0, ""nstres"": 0.0}",0.0,0.0,47.50900268554688,0.0,0.0970397666096687,0.0,,0.0,0.0,30.0,150.0,19.86566772460938,31.86566772460938,Leave_One_experiments/all_year_offline_schedule_search/daily_outputs/YCA/YCA_2012_YCA2012_normal_grid_S0015_daily.csv
YCA,YCA,Yucheng,2012,Leave_One_experiments\wth_generated_qc\YCA\YCA2012.WTH,wet_year;nitrogen_stress_year;low_response_year,wet,YCA2012_normal_grid_S0015,irrigation_positive_candidate,2012-06-27,179,16,11,"{""sim_day"": 16.0, ""doy"": 179.0, ""topwt"": 61.342363357543945, ""grnwt"": 0.0, ""xlai"": 0.127065822482109, ""totir"": 0.0, ""tofer"": NaN, ""swfac"": 0.0, ""nstres"": 0.0}",0.0,0.0,61.342363357543945,0.0,0.127065822482109,0.0,,0.0,0.0,30.0,150.0,19.86566772460938,31.86566772460938,Leave_One_experiments/all_year_offline_schedule_search/daily_outputs/YCA/YCA_2012_YCA2012_normal_grid_S0015_daily.csv
YCA,YCA,Yucheng,2012,Leave_One_experiments\wth_generated_qc\YCA\YCA2012.WTH,wet_year;nitrogen_stress_year;low_response_year,wet,YCA2012_normal_grid_S0015,irrigation_positive_candidate,2012-06-28,180,17,12,"{""sim_day"": 17.0, ""doy"": 180.0, ""topwt"": 64.48972702026367, ""grnwt"": 0.0, ""xlai"": 0.1426558494567871, ""totir"": 0.0, ""tofer"": NaN, ""swfac"": 0.0, ""nstres"": 0.0}",0.0,0.0,64.48972702026367,0.0,0.1426558494567871,0.0,,0.0,0.0,30.0,150.0,19.86566772460938,31.86566772460938,Leave_One_experiments/all_year_offline_schedule_search/daily_outputs/YCA/YCA_2012_YCA2012_normal_grid_S0015_daily.csv
YCA,YCA,Yucheng,2012,Leave_One_experiments\wth_generated_qc\YCA\YCA2012.WTH,wet_year;nitrogen_stress_year;low_response_year,wet,YCA2012_normal_grid_S0015,irrigation_positive_candidate,2012-06-29,181,18,13,"{""sim_day"": 18.0, ""doy"": 181.0, ""topwt"": 88.83502960205078, ""grnwt"": 0.0, ""xlai"": 0.1818887591361999, ""totir"": 0.0, ""tofer"": NaN, ""swfac"": 0.0, ""nstres"": 0.0}",0.0,0.0,88.83502960205078,0.0,0.1818887591361999,0.0,,0.0,0.0,30.0,150.0,19.86566772460938,31.86566772460938,Leave_One_experiments/all_year_offline_schedule_search/daily_outputs/YCA/YCA_2012_YCA2012_normal_grid_S0015_daily.csv
YCA,YCA,Yucheng,2012,Leave_One_experiments\wth_generated_qc\YCA\YCA2012.WTH,wet_year;nitrogen_stress_year;low_response_year,wet,YCA2012_normal_grid_S0015,irrigation_positive_candidate,2012-06-30,182,19,14,"{""sim_day"": 19.0, ""doy"": 182.0, ""topwt"": 119.48543548583984, ""grnwt"": 0.0, ""xlai"": 0.2383227497339248, ""totir"": 0.0, ""tofer"": NaN, ""swfac"": 0.0, ""nstres"": 0.0}",0.0,0.0,119.48543548583984,0.0,0.2383227497339248,0.0,,0.0,0.0,30.0,150.0,19.86566772460938,31.86566772460938,Leave_One_experiments/all_year_offline_schedule_search/daily_outputs/YCA/YCA_2012_YCA2012_normal_grid_S0015_daily.csv
YCA,YCA,Yucheng,2012,Leave_One_experiments\wth_generated_qc\YCA\YCA2012.WTH,wet_year;nitrogen_stress_year;low_response_year,wet,YCA2012_normal_grid_S0015,irrigation_positive_candidate,2012-07-01,183,20,15,"{""sim_day"": 20.0, ""doy"": 183.0, ""topwt"": 156.7441749572754, ""grnwt"": 0.0, ""xlai"": 0.3025055229663849, ""totir"": 0.0, ""tofer"": NaN, ""swfac"": 0.0, ""nstres"": 0.0}",0.0,0.0,156.7441749572754,0.0,0.3025055229663849,0.0,,0.0,0.0,30.0,150.0,19.86566772460938,31.86566772460938,Leave_One_experiments/all_year_offline_schedule_search/daily_outputs/YCA/YCA_2012_YCA2012_normal_grid_S0015_daily.csv
YCA,YCA,Yucheng,2012,Leave_One_experiments\wth_generated_qc\YCA\YCA2012.WTH,wet_year;nitrogen_stress_year;low_response_year,wet,YCA2012_normal_grid_S0015,irrigation_positive_candidate,2012-07-02,184,21,16,"{""sim_day"": 21.0, ""doy"": 184.0, ""topwt"": 205.7515335083008, ""grnwt"": 0.0, ""xlai"": 0.3818272352218628, ""totir"": 0.0, ""tofer"": NaN, ""swfac"": 0.0, ""nstres"": 0.0}",0.0,0.0,205.7515335083008,0.0,0.3818272352218628,0.0,,0.0,0.0,30.0,150.0,19.86566772460938,31.86566772460938,Leave_One_experiments/all_year_offline_schedule_search/daily_outputs/YCA/YCA_2012_YCA2012_normal_grid_S0015_daily.csv
YCA,YCA,Yucheng,2012,Leave_One_experiments\wth_generated_qc\YCA\YCA2012.WTH,wet_year;nitrogen_stress_year;low_response_year,wet,YCA2012_normal_grid_S0015,irrigation_positive_candidate,2012-07-03,185,22,17,"{""sim_day"": 22.0, ""doy"": 185.0, ""topwt"": 243.70904922485352, ""grnwt"": 0.0, ""xlai"": 0.4703138172626495, ""totir"": 0.0, ""tofer"": NaN, ""swfac"": 0.0, ""nstres"": 0.0}",0.0,0.0,243.70904922485352,0.0,0.4703138172626495,0.0,,0.0,0.0,30.0,150.0,19.86566772460938,31.86566772460938,Leave_One_experiments/all_year_offline_schedule_search/daily_outputs/YCA/YCA_2012_YCA2012_normal_grid_S0015_daily.csv
YCA,YCA,Yucheng,2012,Leave_One_experiments\wth_generated_qc\YCA\YCA2012.WTH,wet_year;nitrogen_stress_year;low_response_year,wet,YCA2012_normal_grid_S0015,irrigation_positive_candidate,2012-07-04,186,23,18,"{""sim_day"": 23.0, ""doy"": 186.0, ""topwt"": 294.34865951538086, ""grnwt"": 0.0, ""xlai"": 0.5504451394081116, ""totir"": 0.0, ""tofer"": NaN, ""swfac"": 0.0, ""nstres"": 0.0042271614074707}",0.0,0.0042271614074707,294.34865951538086,0.0,0.5504451394081116,0.0,,0.0,0.0,30.0,150.0,19.86566772460938,31.86566772460938,Leave_One_experiments/all_year_offline_schedule_search/daily_outputs/YCA/YCA_2012_YCA2012_normal_grid_S0015_daily.csv
YCA,YCA,Yucheng,2012,Leave_One_experiments\wth_generated_qc\YCA\YCA2012.WTH,wet_year;nitrogen_stress_year;low_response_year,wet,YCA2012_normal_grid_S0015,irrigation_positive_candidate,2012-07-05,187,24,19,"{""sim_day"": 24.0, ""doy"": 187.0, ""topwt"": 366.4788436889648, ""grnwt"": 0.0, ""xlai"": 0.6595316529273987, ""totir"": 0.0, ""tofer"": NaN, ""swfac"": 0.0, ""nstres"": 0.0}",0.0,0.0,366.4788436889648,0.0,0.6595316529273987,0.0,,0.0,0.0,30.0,150.0,19.86566772460938,31.86566772460938,Leave_One_experiments/all_year_offline_schedule_search/daily_outputs/YCA/YCA_2012_YCA2012_normal_grid_S0015_daily.csv
YCA,YCA,Yucheng,2012,Leave_One_experiments\wth_generated_qc\YCA\YCA2012.WTH,wet_year;nitrogen_stress_year;low_response_year,wet,YCA2012_normal_grid_S0015,irrigation_positive_candidate,2012-07-06,188,25,20,"{""sim_day"": 25.0, ""doy"": 188.0, ""topwt"": 454.8424530029297, ""grnwt"": 0.0, ""xlai"": 0.786909818649292, ""totir"": 0.0, ""tofer"": NaN, ""swfac"": 0.0, ""nstres"": 0.0}",0.0,0.0,454.8424530029297,0.0,0.786909818649292,0.0,,0.0,0.0,30.0,150.0,19.86566772460938,31.86566772460938,Leave_One_experiments/all_year_offline_schedule_search/daily_outputs/YCA/YCA_2012_YCA2012_normal_grid_S0015_daily.csv
YCA,YCA,Yucheng,2012,Leave_One_experiments\wth_generated_qc\YCA\YCA2012.WTH,wet_year;nitrogen_stress_year;low_response_year,wet,YCA2012_normal_grid_S0015,irrigation_positive_candidate,2012-07-07,189,26,21,"{""sim_day"": 26.0, ""doy"": 189.0, ""topwt"": 516.5265274047852, ""grnwt"": 0.0, ""xlai"": 0.8721622824668884, ""totir"": 0.0, ""tofer"": NaN, ""swfac"": 0.0, ""nstres"": 0.0}",0.0,0.0,516.5265274047852,0.0,0.8721622824668884,0.0,,0.0,0.0,30.0,150.0,19.86566772460938,31.86566772460938,Leave_One_experiments/all_year_offline_schedule_search/daily_outputs/YCA/YCA_2012_YCA2012_normal_grid_S0015_daily.csv
YCA,YCA,Yucheng,2012,Leave_One_experiments\wth_generated_qc\YCA\YCA2012.WTH,wet_year;nitrogen_stress_year;low_response_year,wet,YCA2012_normal_grid_S0015,irrigation_positive_candidate,2012-07-08,190,27,22,"{""sim_day"": 27.0, ""doy"": 190.0, ""topwt"": 580.4633331298828, ""grnwt"": 0.0, ""xlai"": 0.9579674601554872, ""totir"": 0.0, ""tofer"": NaN, ""swfac"": 0.0, ""nstres"": 0.0}",0.0,0.0,580.4633331298828,0.0,0.9579674601554872,0.0,,0.0,0.0,30.0,150.0,19.86566772460938,31.86566772460938,Leave_One_experiments/all_year_offline_schedule_search/daily_outputs/YCA/YCA_2012_YCA2012_normal_grid_S0015_daily.csv
YCA,YCA,Yucheng,2012,Leave_One_experiments\wth_generated_qc\YCA\YCA2012.WTH,wet_year;nitrogen_stress_year;low_response_year,wet,YCA2012_normal_grid_S0015,irrigation_positive_candidate,2012-07-09,191,28,23,"{""sim_day"": 28.0, ""doy"": 191.0, ""topwt"": 637.7252197265625, ""grnwt"": 0.0, ""xlai"": 1.0284940004348757, ""totir"": 0.0, ""tofer"": NaN, ""swfac"": 0.0, ""nstres"": 0.0}",0.0,0.0,637.7252197265625,0.0,1.0284940004348757,0.0,,0.0,0.0,30.0,150.0,19.86566772460938,31.86566772460938,Leave_One_experiments/all_year_offline_schedule_search/daily_outputs/YCA/YCA_2012_YCA2012_normal_grid_S0015_daily.csv
YCA,YCA,Yucheng,2012,Leave_One_experiments\wth_generated_qc\YCA\YCA2012.WTH,wet_year;nitrogen_stress_year;low_response_year,wet,YCA2012_normal_grid_S0015,irrigation_positive_candidate,2012-07-10,192,29,24,"{""sim_day"": 29.0, ""doy"": 192.0, ""topwt"": 762.9186248779297, ""grnwt"": 0.0, ""xlai"": 1.193037033081055, ""totir"": 0.0, ""tofer"": NaN, ""swfac"": 0.0, ""nstres"": 0.0}",0.0,0.0,762.9186248779297,0.0,1.193037033081055,0.0,,0.0,0.0,30.0,150.0,19.86566772460938,31.86566772460938,Leave_One_experiments/all_year_offline_schedule_search/daily_outputs/YCA/YCA_2012_YCA2012_normal_grid_S0015_daily.csv
YCA,YCA,Yucheng,2012,Leave_One_experiments\wth_generated_qc\YCA\YCA2012.WTH,wet_year;nitrogen_stress_year;low_response_year,wet,YCA2012_normal_grid_S0015,irrigation_positive_candidate,2012-07-11,193,30,25,"{""sim_day"": 30.0, ""doy"": 193.0, ""topwt"": 928.9828491210938, ""grnwt"": 0.0, ""xlai"": 1.3980035781860352, ""totir"": 0.0, ""tofer"": NaN, ""swfac"": 0.0, ""nstres"": 0.0}",0.0,0.0,928.9828491210938,0.0,1.3980035781860352,0.0,,0.0,0.0,30.0,150.0,19.86566772460938,31.86566772460938,Leave_One_experiments/all_year_offline_schedule_search/daily_outputs/YCA/YCA_2012_YCA2012_normal_grid_S0015_daily.csv
YCA,YCA,Yucheng,2012,Leave_One_experiments\wth_generated_qc\YCA\YCA2012.WTH,wet_year;nitrogen_stress_year;low_response_year,wet,YCA2012_normal_grid_S0015,irrigation_positive_candidate,2012-07-12,194,31,26,"{""sim_day"": 31.0, ""doy"": 194.0, ""topwt"": 1082.4929809570312, ""grnwt"": 0.0, ""xlai"": 1.575981616973877, ""totir"": 0.0, ""tofer"": NaN, ""swfac"": 0.0, ""nstres"": 0.0}",0.0,0.0,1082.4929809570312,0.0,1.575981616973877,0.0,,0.0,0.0,30.0,150.0,19.86566772460938,31.86566772460938,Leave_One_experiments/all_year_offline_schedule_search/daily_outputs/YCA/YCA_2012_YCA2012_normal_grid_S0015_daily.csv
YCA,YCA,Yucheng,2012,Leave_One_experiments\wth_generated_qc\YCA\YCA2012.WTH,wet_year;nitrogen_stress_year;low_response_year,wet,YCA2012_normal_grid_S0015,irrigation_positive_candidate,2012-07-13,195,32,27,"{""sim_day"": 32.0, ""doy"": 195.0, ""topwt"": 1222.6480865478516, ""grnwt"": 0.0, ""xlai"": 1.729714035987854, ""totir"": 0.0, ""tofer"": NaN, ""swfac"": 0.0, ""nstres"": 0.0}",0.0,0.0,1222.6480865478516,0.0,1.729714035987854,0.0,,0.0,0.0,30.0,150.0,19.86566772460938,31.86566772460938,Leave_One_experiments/all_year_offline_schedule_search/daily_outputs/YCA/YCA_2012_YCA2012_normal_grid_S0015_daily.csv
YCA,YCA,Yucheng,2012,Leave_One_experiments\wth_generated_qc\YCA\YCA2012.WTH,wet_year;nitrogen_stress_year;low_response_year,wet,YCA2012_normal_grid_S0015,irrigation_positive_candidate,2012-07-14,196,33,28,"{""sim_day"": 33.0, ""doy"": 196.0, ""topwt"": 1378.7033081054688, ""grnwt"": 0.0, ""xlai"": 1.891273021697998, ""totir"": 0.0, ""tofer"": NaN, ""swfac"": 0.0, ""nstres"": 0.0}",0.0,0.0,1378.7033081054688,0.0,1.891273021697998,0.0,,0.0,0.0,30.0,150.0,19.86566772460938,31.86566772460938,Leave_One_experiments/all_year_offline_schedule_search/daily_outputs/YCA/YCA_2012_YCA2012_normal_grid_S0015_daily.csv
YCA,YCA,Yucheng,2012,Leave_One_experiments\wth_generated_qc\YCA\YCA2012.WTH,wet_year;nitrogen_stress_year;low_response_year,wet,YCA2012_normal_grid_S0015,irrigation_positive_candidate,2012-07-15,197,34,29,"{""sim_day"": 34.0, ""doy"": 197.0, ""topwt"": 1566.58447265625, ""grnwt"": 0.0, ""xlai"": 2.073167085647583, ""totir"": 0.0, ""tofer"": NaN, ""swfac"": 0.0, ""nstres"": 0.0}",0.0,0.0,1566.58447265625,0.0,2.073167085647583,0.0,,0.0,0.0,30.0,150.0,19.86566772460938,31.86566772460938,Leave_One_experiments/all_year_offline_schedule_search/daily_outputs/YCA/YCA_2012_YCA2012_normal_grid_S0015_daily.csv
YCA,YCA,Yucheng,2012,Leave_One_experiments\wth_generated_qc\YCA\YCA2012.WTH,wet_year;nitrogen_stress_year;low_response_year,wet,YCA2012_normal_grid_S0015,irrigation_positive_candidate,2012-07-16,198,35,30,"{""sim_day"": 35.0, ""doy"": 198.0, ""topwt"": 1779.2330932617188, ""grnwt"": 0.0, ""xlai"": 2.264354705810547, ""totir"": 0.0, ""tofer"": NaN, ""swfac"": 0.0, ""nstres"": 0.0}",0.0,0.0,1779.2330932617188,0.0,2.264354705810547,0.0,,0.0,50.0,30.0,150.0,19.86566772460938,31.86566772460938,Leave_One_experiments/all_year_offline_schedule_search/daily_outputs/YCA/YCA_2012_YCA2012_normal_grid_S0015_daily.csv
YCA,YCA,Yucheng,2012,Leave_One_experiments\wth_generated_qc\YCA\YCA2012.WTH,wet_year;nitrogen_stress_year;low_response_year,wet,YCA2012_normal_grid_S0015,irrigation_positive_candidate,2012-07-17,199,36,31,"{""sim_day"": 36.0, ""doy"": 199.0, ""topwt"": 1995.4811096191409, ""grnwt"": 0.0, ""xlai"": 2.445076942443848, ""totir"": 0.0, ""tofer"": NaN, ""swfac"": 0.0, ""nstres"": 0.0}",0.0,0.0,1995.4811096191409,0.0,2.445076942443848,0.0,,0.0,0.0,30.0,150.0,19.86566772460938,31.86566772460938,Leave_One_experiments/all_year_offline_schedule_search/daily_outputs/YCA/YCA_2012_YCA2012_normal_grid_S0015_daily.csv
YCA,YCA,Yucheng,2012,Leave_One_experiments\wth_generated_qc\YCA\YCA2012.WTH,wet_year;nitrogen_stress_year;low_response_year,wet,YCA2012_normal_grid_S0015,irrigation_positive_candidate,2012-07-18,200,37,32,"{""sim_day"": 37.0, ""doy"": 200.0, ""topwt"": 2241.768798828125, ""grnwt"": 0.0, ""xlai"": 2.635554313659668, ""totir"": 0.0, ""tofer"": NaN, ""swfac"": 0.0, ""nstres"": 0.0}",0.0,0.0,2241.768798828125,0.0,2.635554313659668,0.0,,0.0,0.0,30.0,150.0,19.86566772460938,31.86566772460938,Leave_One_experiments/all_year_offline_schedule_search/daily_outputs/YCA/YCA_2012_YCA2012_normal_grid_S0015_daily.csv
YCA,YCA,Yucheng,2012,Leave_One_experiments\wth_generated_qc\YCA\YCA2012.WTH,wet_year;nitrogen_stress_year;low_response_year,wet,YCA2012_normal_grid_S0015,irrigation_positive_candidate,2012-07-19,201,38,33,"{""sim_day"": 38.0, ""doy"": 201.0, ""topwt"": 2512.510681152344, ""grnwt"": 0.0, ""xlai"": 2.828322172164917, ""totir"": 0.0, ""tofer"": NaN, ""swfac"": 0.0, ""nstres"": 0.0}",0.0,0.0,2512.510681152344,0.0,2.828322172164917,0.0,,0.0,0.0,30.0,150.0,19.86566772460938,31.86566772460938,Leave_One_experiments/all_year_offline_schedule_search/daily_outputs/YCA/YCA_2012_YCA2012_normal_grid_S0015_daily.csv
YCA,YCA,Yucheng,2012,Leave_One_experiments\wth_generated_qc\YCA\YCA2012.WTH,wet_year;nitrogen_stress_year;low_response_year,wet,YCA2012_normal_grid_S0015,irrigation_positive_candidate,2012-07-20,202,39,34,"{""sim_day"": 39.0, ""doy"": 202.0, ""topwt"": 2773.2058715820312, ""grnwt"": 0.0, ""xlai"": 2.998799085617065, ""totir"": 0.0, ""tofer"": NaN, ""swfac"": 0.0, ""nstres"": 0.0}",0.0,0.0,2773.2058715820312,0.0,2.998799085617065,0.0,,0.0,0.0,30.0,150.0,19.86566772460938,31.86566772460938,Leave_One_experiments/all_year_offline_schedule_search/daily_outputs/YCA/YCA_2012_YCA2012_normal_grid_S0015_daily.csv
YCA,YCA,Yucheng,2012,Leave_One_experiments\wth_generated_qc\YCA\YCA2012.WTH,wet_year;nitrogen_stress_year;low_response_year,wet,YCA2012_normal_grid_S0015,irrigation_positive_candidate,2012-07-21,203,40,35,"{""sim_day"": 40.0, ""doy"": 203.0, ""topwt"": 2898.9419555664062, ""grnwt"": 0.0, ""xlai"": 3.0748045444488525, ""totir"": 30.0, ""tofer"": NaN, ""swfac"": 0.0, ""nstres"": 0.0}",0.0,0.0,2898.9419555664062,0.0,3.0748045444488525,30.0,,30.0,0.0,30.0,150.0,19.86566772460938,31.86566772460938,Leave_One_experiments/all_year_offline_schedule_search/daily_outputs/YCA/YCA_2012_YCA2012_normal_grid_S0015_daily.csv
YCA,YCA,Yucheng,2012,Leave_One_experiments\wth_generated_qc\YCA\YCA2012.WTH,wet_year;nitrogen_stress_year;low_response_year,wet,YCA2012_normal_grid_S0015,irrigation_positive_candidate,2012-07-22,204,41,36,"{""sim_day"": 41.0, ""doy"": 204.0, ""topwt"": 3234.301147460937, ""grnwt"": 0.0, ""xlai"": 3.263129234313965, ""totir"": 30.0, ""tofer"": NaN, ""swfac"": 0.0, ""nstres"": 0.0}",0.0,0.0,3234.301147460937,0.0,3.263129234313965,30.0,,0.0,0.0,30.0,150.0,19.86566772460938,31.86566772460938,Leave_One_experiments/all_year_offline_schedule_search/daily_outputs/YCA/YCA_2012_YCA2012_normal_grid_S0015_daily.csv
YCA,YCA,Yucheng,2012,Leave_One_experiments\wth_generated_qc\YCA\YCA2012.WTH,wet_year;nitrogen_stress_year;low_response_year,wet,YCA2012_normal_grid_S0015,irrigation_positive_candidate,2012-07-23,205,42,37,"{""sim_day"": 42.0, ""doy"": 205.0, ""topwt"": 3612.9421997070312, ""grnwt"": 0.0, ""xlai"": 3.458162307739258, ""totir"": 30.0, ""tofer"": NaN, ""swfac"": 0.0, ""nstres"": 0.0}",0.0,0.0,3612.9421997070312,0.0,3.458162307739258,30.0,,0.0,0.0,30.0,150.0,19.86566772460938,31.86566772460938,Leave_One_experiments/all_year_offline_schedule_search/daily_outputs/YCA/YCA_2012_YCA2012_normal_grid_S0015_daily.csv
YCA,YCA,Yucheng,2012,Leave_One_experiments\wth_generated_qc\YCA\YCA2012.WTH,wet_year;nitrogen_stress_year;low_response_year,wet,YCA2012_normal_grid_S0015,irrigation_positive_candidate,2012-07-24,206,43,38,"{""sim_day"": 43.0, ""doy"": 206.0, ""topwt"": 3914.93408203125, ""grnwt"": 0.0, ""xlai"": 3.60075306892395, ""totir"": 30.0, ""tofer"": NaN, ""swfac"": 0.0, ""nstres"": 0.0}",0.0,0.0,3914.93408203125,0.0,3.60075306892395,30.0,,0.0,0.0,30.0,150.0,19.86566772460938,31.86566772460938,Leave_One_experiments/all_year_offline_schedule_search/daily_outputs/YCA/YCA_2012_YCA2012_normal_grid_S0015_daily.csv
YCA,YCA,Yucheng,2012,Leave_One_experiments\wth_generated_qc\YCA\YCA2012.WTH,wet_year;nitrogen_stress_year;low_response_year,wet,YCA2012_normal_grid_S0015,irrigation_positive_candidate,2012-07-25,207,44,39,"{""sim_day"": 44.0, ""doy"": 207.0, ""topwt"": 4294.711608886719, ""grnwt"": 0.0, ""xlai"": 3.7648541927337646, ""totir"": 30.0, ""tofer"": NaN, ""swfac"": 0.0, ""nstres"": 0.0}",0.0,0.0,4294.711608886719,0.0,3.7648541927337646,30.0,,0.0,0.0,30.0,150.0,19.86566772460938,31.86566772460938,Leave_One_experiments/all_year_offline_schedule_search/daily_outputs/YCA/YCA_2012_YCA2012_normal_grid_S0015_daily.csv
YCA,YCA,Yucheng,2012,Leave_One_experiments\wth_generated_qc\YCA\YCA2012.WTH,wet_year;nitrogen_stress_year;low_response_year,wet,YCA2012_normal_grid_S0015,irrigation_positive_candidate,2012-07-26,208,45,40,"{""sim_day"": 45.0, ""doy"": 208.0, ""topwt"": 4672.29248046875, ""grnwt"": 0.0, ""xlai"": 3.908785820007324, ""totir"": 30.0, ""tofer"": NaN, ""swfac"": 0.0, ""nstres"": 0.0131521224975585}",0.0,0.0131521224975585,4672.29248046875,0.0,3.908785820007324,30.0,,0.0,0.0,30.0,150.0,19.86566772460938,31.86566772460938,Leave_One_experiments/all_year_offline_schedule_search/daily_outputs/YCA/YCA_2012_YCA2012_normal_grid_S0015_daily.csv
YCA,YCA,Yucheng,2012,Leave_One_experiments\wth_generated_qc\YCA\YCA2012.WTH,wet_year;nitrogen_stress_year;low_response_year,wet,YCA2012_normal_grid_S0015,irrigation_positive_candidate,2012-07-27,209,46,41,"{""sim_day"": 46.0, ""doy"": 209.0, ""topwt"": 5027.102966308594, ""grnwt"": 0.0, ""xlai"": 4.090151309967041, ""totir"": 30.0, ""tofer"": NaN, ""swfac"": 0.0, ""nstres"": 0.043846309185028}",0.0,0.043846309185028,5027.102966308594,0.0,4.090151309967041,30.0,,0.0,0.0,30.0,150.0,19.86566772460938,31.86566772460938,Leave_One_experiments/all_year_offline_schedule_search/daily_outputs/YCA/YCA_2012_YCA2012_normal_grid_S0015_daily.csv
YCA,YCA,Yucheng,2012,Leave_One_experiments\wth_generated_qc\YCA\YCA2012.WTH,wet_year;nitrogen_stress_year;low_response_year,wet,YCA2012_normal_grid_S0015,irrigation_positive_candidate,2012-07-28,210,47,42,"{""sim_day"": 47.0, ""doy"": 210.0, ""topwt"": 5335.433349609375, ""grnwt"": 0.0, ""xlai"": 4.179994583129883, ""totir"": 30.0, ""tofer"": NaN, ""swfac"": 0.0, ""nstres"": 0.0694868564605712}",0.0,0.0694868564605712,5335.433349609375,0.0,4.179994583129883,30.0,,0.0,0.0,30.0,150.0,19.86566772460938,31.86566772460938,Leave_One_experiments/all_year_offline_schedule_search/daily_outputs/YCA/YCA_2012_YCA2012_normal_grid_S0015_daily.csv
YCA,YCA,Yucheng,2012,Leave_One_experiments\wth_generated_qc\YCA\YCA2012.WTH,wet_year;nitrogen_stress_year;low_response_year,wet,YCA2012_normal_grid_S0015,irrigation_positive_candidate,2012-07-29,211,48,43,"{""sim_day"": 48.0, ""doy"": 211.0, ""topwt"": 5495.0823974609375, ""grnwt"": 0.0, ""xlai"": 4.18790864944458, ""totir"": 30.0, ""tofer"": NaN, ""swfac"": 0.0, ""nstres"": 0.0906595587730407}",0.0,0.0906595587730407,5495.0823974609375,0.0,4.18790864944458,30.0,,0.0,0.0,30.0,150.0,19.86566772460938,31.86566772460938,Leave_One_experiments/all_year_offline_schedule_search/daily_outputs/YCA/YCA_2012_YCA2012_normal_grid_S0015_daily.csv
YCA,YCA,Yucheng,2012,Leave_One_experiments\wth_generated_qc\YCA\YCA2012.WTH,wet_year;nitrogen_stress_year;low_response_year,wet,YCA2012_normal_grid_S0015,irrigation_positive_candidate,2012-07-30,212,49,44,"{""sim_day"": 49.0, ""doy"": 212.0, ""topwt"": 5564.254760742188, ""grnwt"": 0.0, ""xlai"": 4.153770923614502, ""totir"": 30.0, ""tofer"": NaN, ""swfac"": 0.0, ""nstres"": 0.1062240600585937}",0.0,0.1062240600585937,5564.254760742188,0.0,4.153770923614502,30.0,,0.0,0.0,30.0,150.0,19.86566772460938,31.86566772460938,Leave_One_experiments/all_year_offline_schedule_search/daily_outputs/YCA/YCA_2012_YCA2012_normal_grid_S0015_daily.csv
YCA,YCA,Yucheng,2012,Leave_One_experiments\wth_generated_qc\YCA\YCA2012.WTH,wet_year;nitrogen_stress_year;low_response_year,wet,YCA2012_normal_grid_S0015,irrigation_positive_candidate,2012-07-31,213,50,45,"{""sim_day"": 50.0, ""doy"": 213.0, ""topwt"": 5689.468383789063, ""grnwt"": 0.0, ""xlai"": 4.132788181304932, ""totir"": 30.0, ""tofer"": NaN, ""swfac"": 0.0, ""nstres"": 0.1109472513198852}",0.0,0.1109472513198852,5689.468383789063,0.0,4.132788181304932,30.0,,0.0,0.0,30.0,150.0,19.86566772460938,31.86566772460938,Leave_One_experiments/all_year_offline_schedule_search/daily_outputs/YCA/YCA_2012_YCA2012_normal_grid_S0015_daily.csv
YCA,YCA,Yucheng,2012,Leave_One_experiments\wth_generated_qc\YCA\YCA2012.WTH,wet_year;nitrogen_stress_year;low_response_year,wet,YCA2012_normal_grid_S0015,irrigation_positive_candidate,2012-08-01,214,51,46,"{""sim_day"": 51.0, ""doy"": 214.0, ""topwt"": 5827.841796875, ""grnwt"": 0.0, ""xlai"": 4.114733695983887, ""totir"": 30.0, ""tofer"": NaN, ""swfac"": 0.0, ""nstres"": 0.1085819005966186}",0.0,0.1085819005966186,5827.841796875,0.0,4.114733695983887,30.0,,0.0,0.0,30.0,150.0,19.86566772460938,31.86566772460938,Leave_One_experiments/all_year_offline_schedule_search/daily_outputs/YCA/YCA_2012_YCA2012_normal_grid_S0015_daily.csv
YCA,YCA,Yucheng,2012,Leave_One_experiments\wth_generated_qc\YCA\YCA2012.WTH,wet_year;nitrogen_stress_year;low_response_year,wet,YCA2012_normal_grid_S0015,irrigation_positive_candidate,2012-08-02,215,52,47,"{""sim_day"": 52.0, ""doy"": 215.0, ""topwt"": 5951.411743164063, ""grnwt"": 0.0, ""xlai"": 4.090313911437988, ""totir"": 30.0, ""tofer"": NaN, ""swfac"": 0.0, ""nstres"": 0.1096154451370239}",0.0,0.1096154451370239,5951.411743164063,0.0,4.090313911437988,30.0,,0.0,0.0,30.0,150.0,19.86566772460938,31.86566772460938,Leave_One_experiments/all_year_offline_schedule_search/daily_outputs/YCA/YCA_2012_YCA2012_normal_grid_S0015_daily.csv
YCA,YCA,Yucheng,2012,Leave_One_experiments\wth_generated_qc\YCA\YCA2012.WTH,wet_year;nitrogen_stress_year;low_response_year,wet,YCA2012_normal_grid_S0015,irrigation_positive_candidate,2012-08-03,216,53,48,"{""sim_day"": 53.0, ""doy"": 216.0, ""topwt"": 6031.08154296875, ""grnwt"": 0.0, ""xlai"": 4.052493095397949, ""totir"": 30.0, ""tofer"": NaN, ""swfac"": 0.0, ""nstres"": 0.1120668649673461}",0.0,0.1120668649673461,6031.08154296875,0.0,4.052493095397949,30.0,,0.0,0.0,30.0,150.0,19.86566772460938,31.86566772460938,Leave_One_experiments/all_year_offline_schedule_search/daily_outputs/YCA/YCA_2012_YCA2012_normal_grid_S0015_daily.csv
YCA,YCA,Yucheng,2012,Leave_One_experiments\wth_generated_qc\YCA\YCA2012.WTH,wet_year;nitrogen_stress_year;low_response_year,wet,YCA2012_normal_grid_S0015,irrigation_positive_candidate,2012-08-04,217,54,49,"{""sim_day"": 54.0, ""doy"": 217.0, ""topwt"": 6185.5401611328125, ""grnwt"": 0.0, ""xlai"": 4.031404972076416, ""totir"": 30.0, ""tofer"": NaN, ""swfac"": 0.0, ""nstres"": 0.1135213375091552}",0.0,0.1135213375091552,6185.5401611328125,0.0,4.031404972076416,30.0,,0.0,0.0,30.0,150.0,19.86566772460938,31.86566772460938,Leave_One_experiments/all_year_offline_schedule_search/daily_outputs/YCA/YCA_2012_YCA2012_normal_grid_S0015_daily.csv
YCA,YCA,Yucheng,2012,Leave_One_experiments\wth_generated_qc\YCA\YCA2012.WTH,wet_year;nitrogen_stress_year;low_response_year,wet,YCA2012_normal_grid_S0015,irrigation_positive_candidate,2012-08-05,218,55,50,"{""sim_day"": 55.0, ""doy"": 218.0, ""topwt"": 6443.23974609375, ""grnwt"": 0.0, ""xlai"": 4.036302089691162, ""totir"": 30.0, ""tofer"": NaN, ""swfac"": 0.0, ""nstres"": 0.1114275455474853}",0.0,0.1114275455474853,6443.23974609375,0.0,4.036302089691162,30.0,,0.0,0.0,30.0,150.0,19.86566772460938,31.86566772460938,Leave_One_experiments/all_year_offline_schedule_search/daily_outputs/YCA/YCA_2012_YCA2012_normal_grid_S0015_daily.csv
YCA,YCA,Yucheng,2012,Leave_One_experiments\wth_generated_qc\YCA\YCA2012.WTH,wet_year;nitrogen_stress_year;low_response_year,wet,YCA2012_normal_grid_S0015,irrigation_positive_candidate,2012-08-06,219,56,51,"{""sim_day"": 56.0, ""doy"": 219.0, ""topwt"": 6743.4405517578125, ""grnwt"": 0.0, ""xlai"": 4.051689624786377, ""totir"": 30.0, ""tofer"": NaN, ""swfac"": 0.0, ""nstres"": 0.1104756593704223}",0.0,0.1104756593704223,6743.4405517578125,0.0,4.051689624786377,30.0,,0.0,0.0,30.0,150.0,19.86566772460938,31.86566772460938,Leave_One_experiments/all_year_offline_schedule_search/daily_outputs/YCA/YCA_2012_YCA2012_normal_grid_S0015_daily.csv
YCA,YCA,Yucheng,2012,Leave_One_experiments\wth_generated_qc\YCA\YCA2012.WTH,wet_year;nitrogen_stress_year;low_response_year,wet,YCA2012_normal_grid_S0015,irrigation_positive_candidate,2012-08-07,220,57,52,"{""sim_day"": 57.0, ""doy"": 220.0, ""topwt"": 7049.249267578125, ""grnwt"": 0.0, ""xlai"": 4.0661702156066895, ""totir"": 30.0, ""tofer"": NaN, ""swfac"": 0.0, ""nstres"": 0.1142652034759521}",0.0,0.1142652034759521,7049.249267578125,0.0,4.0661702156066895,30.0,,0.0,0.0,30.0,150.0,19.86566772460938,31.86566772460938,Leave_One_experiments/all_year_offline_schedule_search/daily_outputs/YCA/YCA_2012_YCA2012_normal_grid_S0015_daily.csv
YCA,YCA,Yucheng,2012,Leave_One_experiments\wth_generated_qc\YCA\YCA2012.WTH,wet_year;nitrogen_stress_year;low_response_year,wet,YCA2012_normal_grid_S0015,irrigation_positive_candidate,2012-08-08,221,58,53,"{""sim_day"": 58.0, ""doy"": 221.0, ""topwt"": 7241.6864013671875, ""grnwt"": 0.0, ""xlai"": 4.051785469055176, ""totir"": 30.0, ""tofer"": NaN, ""swfac"": 0.0, ""nstres"": 0.1174159049987793}",0.0,0.1174159049987793,7241.6864013671875,0.0,4.051785469055176,30.0,,0.0,0.0,30.0,150.0,19.86566772460938,31.86566772460938,Leave_One_experiments/all_year_offline_schedule_search/daily_outputs/YCA/YCA_2012_YCA2012_normal_grid_S0015_daily.csv
YCA,YCA,Yucheng,2012,Leave_One_experiments\wth_generated_qc\YCA\YCA2012.WTH,wet_year;nitrogen_stress_year;low_response_year,wet,YCA2012_normal_grid_S0015,irrigation_positive_candidate,2012-08-09,222,59,54,"{""sim_day"": 59.0, ""doy"": 222.0, ""topwt"": 7470.980224609375, ""grnwt"": 0.0, ""xlai"": 3.991304636001587, ""totir"": 30.0, ""tofer"": NaN, ""swfac"": 0.0, ""nstres"": 0.1194154024124145}",0.0,0.1194154024124145,7470.980224609375,0.0,3.991304636001587,30.0,,0.0,0.0,30.0,150.0,19.86566772460938,31.86566772460938,Leave_One_experiments/all_year_offline_schedule_search/daily_outputs/YCA/YCA_2012_YCA2012_normal_grid_S0015_daily.csv
YCA,YCA,Yucheng,2012,Leave_One_experiments\wth_generated_qc\YCA\YCA2012.WTH,wet_year;nitrogen_stress_year;low_response_year,wet,YCA2012_normal_grid_S0015,irrigation_positive_candidate,2012-08-10,223,60,55,"{""sim_day"": 60.0, ""doy"": 223.0, ""topwt"": 7802.48046875, ""grnwt"": 0.0, ""xlai"": 3.9355428218841553, ""totir"": 30.0, ""tofer"": NaN, ""swfac"": 0.0, ""nstres"": 0.1117665767669677}",0.0,0.1117665767669677,7802.48046875,0.0,3.9355428218841553,30.0,,0.0,0.0,30.0,150.0,19.86566772460938,31.86566772460938,Leave_One_experiments/all_year_offline_schedule_search/daily_outputs/YCA/YCA_2012_YCA2012_normal_grid_S0015_daily.csv
YCA,YCA,Yucheng,2012,Leave_One_experiments\wth_generated_qc\YCA\YCA2012.WTH,wet_year;nitrogen_stress_year;low_response_year,wet,YCA2012_normal_grid_S0015,irrigation_positive_candidate,2012-08-11,224,61,56,"{""sim_day"": 61.0, ""doy"": 224.0, ""topwt"": 7834.2242431640625, ""grnwt"": 0.0, ""xlai"": 3.8827121257781982, ""totir"": 30.0, ""tofer"": NaN, ""swfac"": 0.0, ""nstres"": 0.1073916554450988}",0.0,0.1073916554450988,7834.2242431640625,0.0,3.8827121257781982,30.0,,0.0,0.0,30.0,150.0,19.86566772460938,31.86566772460938,Leave_One_experiments/all_year_offline_schedule_search/daily_outputs/YCA/YCA_2012_YCA2012_normal_grid_S0015_daily.csv
YCA,YCA,Yucheng,2012,Leave_One_experiments\wth_generated_qc\YCA\YCA2012.WTH,wet_year;nitrogen_stress_year;low_response_year,wet,YCA2012_normal_grid_S0015,irrigation_positive_candidate,2012-08-12,225,62,57,"{""sim_day"": 62.0, ""doy"": 225.0, ""topwt"": 8084.127197265625, ""grnwt"": 0.0, ""xlai"": 3.831639289855957, ""totir"": 30.0, ""tofer"": NaN, ""swfac"": 0.0, ""nstres"": 0.1052300930023193}",0.0,0.1052300930023193,8084.127197265625,0.0,3.831639289855957,30.0,,0.0,0.0,30.0,150.0,19.86566772460938,31.86566772460938,Leave_One_experiments/all_year_offline_schedule_search/daily_outputs/YCA/YCA_2012_YCA2012_normal_grid_S0015_daily.csv
YCA,YCA,Yucheng,2012,Leave_One_experiments\wth_generated_qc\YCA\YCA2012.WTH,wet_year;nitrogen_stress_year;low_response_year,wet,YCA2012_normal_grid_S0015,irrigation_positive_candidate,2012-08-13,226,63,58,"{""sim_day"": 63.0, ""doy"": 226.0, ""topwt"": 8062.705688476562, ""grnwt"": 0.0, ""xlai"": 3.785522222518921, ""totir"": 30.0, ""tofer"": NaN, ""swfac"": 0.0, ""nstres"": 0.0962871313095092}",0.0,0.0962871313095092,8062.705688476562,0.0,3.785522222518921,30.0,,0.0,0.0,30.0,150.0,19.86566772460938,31.86566772460938,Leave_One_experiments/all_year_offline_schedule_search/daily_outputs/YCA/YCA_2012_YCA2012_normal_grid_S0015_daily.csv
YCA,YCA,Yucheng,2012,Leave_One_experiments\wth_generated_qc\YCA\YCA2012.WTH,wet_year;nitrogen_stress_year;low_response_year,wet,YCA2012_normal_grid_S0015,irrigation_positive_candidate,2012-08-14,227,64,59,"{""sim_day"": 64.0, ""doy"": 227.0, ""topwt"": 8384.857177734375, ""grnwt"": 0.0, ""xlai"": 3.742291212081909, ""totir"": 30.0, ""tofer"": NaN, ""swfac"": 0.0, ""nstres"": 0.0913608074188232}",0.0,0.0913608074188232,8384.857177734375,0.0,3.742291212081909,30.0,,0.0,0.0,30.0,150.0,19.86566772460938,31.86566772460938,Leave_One_experiments/all_year_offline_schedule_search/daily_outputs/YCA/YCA_2012_YCA2012_normal_grid_S0015_daily.csv
YCA,YCA,Yucheng,2012,Leave_One_experiments\wth_generated_qc\YCA\YCA2012.WTH,wet_year;nitrogen_stress_year;low_response_year,wet,YCA2012_normal_grid_S0015,irrigation_positive_candidate,2012-08-15,228,65,60,"{""sim_day"": 65.0, ""doy"": 228.0, ""topwt"": 8664.617919921875, ""grnwt"": 0.0, ""xlai"": 3.705602169036865, ""totir"": 30.0, ""tofer"": NaN, ""swfac"": 0.0, ""nstres"": 0.0784306526184082}",0.0,0.0784306526184082,8664.617919921875,0.0,3.705602169036865,30.0,,0.0,50.0,30.0,150.0,19.86566772460938,31.86566772460938,Leave_One_experiments/all_year_offline_schedule_search/daily_outputs/YCA/YCA_2012_YCA2012_normal_grid_S0015_daily.csv
YCA,YCA,Yucheng,2012,Leave_One_experiments\wth_generated_qc\YCA\YCA2012.WTH,wet_year;nitrogen_stress_year;low_response_year,wet,YCA2012_normal_grid_S0015,irrigation_positive_candidate,2012-08-16,229,66,61,"{""sim_day"": 66.0, ""doy"": 229.0, ""topwt"": 8881.895141601562, ""grnwt"": 0.0, ""xlai"": 3.682662010192871, ""totir"": 30.0, ""tofer"": NaN, ""swfac"": 0.0, ""nstres"": 0.0495259761810302}",0.0,0.0495259761810302,8881.895141601562,0.0,3.682662010192871,30.0,,0.0,0.0,30.0,150.0,19.86566772460938,31.86566772460938,Leave_One_experiments/all_year_offline_schedule_search/daily_outputs/YCA/YCA_2012_YCA2012_normal_grid_S0015_daily.csv
YCA,YCA,Yucheng,2012,Leave_One_experiments\wth_generated_qc\YCA\YCA2012.WTH,wet_year;nitrogen_stress_year;low_response_year,wet,YCA2012_normal_grid_S0015,irrigation_positive_candidate,2012-08-17,230,67,62,"{""sim_day"": 67.0, ""doy"": 230.0, ""topwt"": 8908.66943359375, ""grnwt"": 0.0, ""xlai"": 3.682662010192871, ""totir"": 30.0, ""tofer"": NaN, ""swfac"": 0.0, ""nstres"": 0.0}",0.0,0.0,8908.66943359375,0.0,3.682662010192871,30.0,,0.0,0.0,30.0,150.0,19.86566772460938,31.86566772460938,Leave_One_experiments/all_year_offline_schedule_search/daily_outputs/YCA/YCA_2012_YCA2012_normal_grid_S0015_daily.csv
YCA,YCA,Yucheng,2012,Leave_One_experiments\wth_generated_qc\YCA\YCA2012.WTH,wet_year;nitrogen_stress_year;low_response_year,wet,YCA2012_normal_grid_S0015,irrigation_positive_candidate,2012-08-18,231,68,63,"{""sim_day"": 68.0, ""doy"": 231.0, ""topwt"": 9194.6533203125, ""grnwt"": 0.0, ""xlai"": 3.682662010192871, ""totir"": 30.0, ""tofer"": NaN, ""swfac"": 0.0, ""nstres"": 0.0}",0.0,0.0,9194.6533203125,0.0,3.682662010192871,30.0,,0.0,0.0,30.0,150.0,19.86566772460938,31.86566772460938,Leave_One_experiments/all_year_offline_schedule_search/daily_outputs/YCA/YCA_2012_YCA2012_normal_grid_S0015_daily.csv
YCA,YCA,Yucheng,2012,Leave_One_experiments\wth_generated_qc\YCA\YCA2012.WTH,wet_year;nitrogen_stress_year;low_response_year,wet,YCA2012_normal_grid_S0015,irrigation_positive_candidate,2012-08-19,232,69,64,"{""sim_day"": 69.0, ""doy"": 232.0, ""topwt"": 9393.792114257812, ""grnwt"": 213.66493225097656, ""xlai"": 3.682662010192871, ""totir"": 30.0, ""tofer"": NaN, ""swfac"": 0.0, ""nstres"": 0.0}",0.0,0.0,9393.792114257812,213.66493225097656,3.682662010192871,30.0,,0.0,0.0,30.0,150.0,19.86566772460938,31.86566772460938,Leave_One_experiments/all_year_offline_schedule_search/daily_outputs/YCA/YCA_2012_YCA2012_normal_grid_S0015_daily.csv
YCA,YCA,Yucheng,2012,Leave_One_experiments\wth_generated_qc\YCA\YCA2012.WTH,wet_year;nitrogen_stress_year;low_response_year,wet,YCA2012_normal_grid_S0015,irrigation_positive_candidate,2012-08-20,233,70,65,"{""sim_day"": 70.0, ""doy"": 233.0, ""topwt"": 9480.546264648438, ""grnwt"": 427.3298645019531, ""xlai"": 3.682662010192871, ""totir"": 30.0, ""tofer"": NaN, ""swfac"": 0.0, ""nstres"": 0.0}",0.0,0.0,9480.546264648438,427.3298645019531,3.682662010192871,30.0,,0.0,0.0,30.0,150.0,19.86566772460938,31.86566772460938,Leave_One_experiments/all_year_offline_schedule_search/daily_outputs/YCA/YCA_2012_YCA2012_normal_grid_S0015_daily.csv
YCA,YCA,Yucheng,2012,Leave_One_experiments\wth_generated_qc\YCA\YCA2012.WTH,wet_year;nitrogen_stress_year;low_response_year,wet,YCA2012_normal_grid_S0015,irrigation_positive_candidate,2012-08-21,234,71,66,"{""sim_day"": 71.0, ""doy"": 234.0, ""topwt"": 9817.07763671875, ""grnwt"": 640.9947967529297, ""xlai"": 3.682662010192871, ""totir"": 30.0, ""tofer"": NaN, ""swfac"": 0.0, ""nstres"": 0.0}",0.0,0.0,9817.07763671875,640.9947967529297,3.682662010192871,30.0,,0.0,0.0,30.0,150.0,19.86566772460938,31.86566772460938,Leave_One_experiments/all_year_offline_schedule_search/daily_outputs/YCA/YCA_2012_YCA2012_normal_grid_S0015_daily.csv
YCA,YCA,Yucheng,2012,Leave_One_experiments\wth_generated_qc\YCA\YCA2012.WTH,wet_year;nitrogen_stress_year;low_response_year,wet,YCA2012_normal_grid_S0015,irrigation_positive_candidate,2012-08-22,235,72,67,"{""sim_day"": 72.0, ""doy"": 235.0, ""topwt"": 10049.312744140623, ""grnwt"": 854.6597290039062, ""xlai"": 3.682662010192871, ""totir"": 30.0, ""tofer"": NaN, ""swfac"": 0.0, ""nstres"": 0.0}",0.0,0.0,10049.312744140623,854.6597290039062,3.682662010192871,30.0,,0.0,0.0,30.0,150.0,19.86566772460938,31.86566772460938,Leave_One_experiments/all_year_offline_schedule_search/daily_outputs/YCA/YCA_2012_YCA2012_normal_grid_S0015_daily.csv
YCA,YCA,Yucheng,2012,Leave_One_experiments\wth_generated_qc\YCA\YCA2012.WTH,wet_year;nitrogen_stress_year;low_response_year,wet,YCA2012_normal_grid_S0015,irrigation_positive_candidate,2012-08-23,236,73,68,"{""sim_day"": 73.0, ""doy"": 236.0, ""topwt"": 10262.977294921877, ""grnwt"": 1068.3246612548828, ""xlai"": 3.682662010192871, ""totir"": 30.0, ""tofer"": NaN, ""swfac"": 0.0, ""nstres"": 0.0}",0.0,0.0,10262.977294921877,1068.3246612548828,3.682662010192871,30.0,,0.0,0.0,30.0,150.0,19.86566772460938,31.86566772460938,Leave_One_experiments/all_year_offline_schedule_search/daily_outputs/YCA/YCA_2012_YCA2012_normal_grid_S0015_daily.csv
YCA,YCA,Yucheng,2012,Leave_One_experiments\wth_generated_qc\YCA\YCA2012.WTH,wet_year;nitrogen_stress_year;low_response_year,wet,YCA2012_normal_grid_S0015,irrigation_positive_candidate,2012-08-24,237,74,69,"{""sim_day"": 74.0, ""doy"": 237.0, ""topwt"": 10476.641845703123, ""grnwt"": 1281.9894409179688, ""xlai"": 3.682662010192871, ""totir"": 30.0, ""tofer"": NaN, ""swfac"": 0.0, ""nstres"": 0.0}",0.0,0.0,10476.641845703123,1281.9894409179688,3.682662010192871,30.0,,0.0,0.0,30.0,150.0,19.86566772460938,31.86566772460938,Leave_One_experiments/all_year_offline_schedule_search/daily_outputs/YCA/YCA_2012_YCA2012_normal_grid_S0015_daily.csv
YCA,YCA,Yucheng,2012,Leave_One_experiments\wth_generated_qc\YCA\YCA2012.WTH,wet_year;nitrogen_stress_year;low_response_year,wet,YCA2012_normal_grid_S0015,irrigation_positive_candidate,2012-08-25,238,75,70,"{""sim_day"": 75.0, ""doy"": 238.0, ""topwt"": 10681.69677734375, ""grnwt"": 1495.6544494628906, ""xlai"": 3.682662010192871, ""totir"": 30.0, ""tofer"": NaN, ""swfac"": 0.0, ""nstres"": 0.0}",0.0,0.0,10681.69677734375,1495.6544494628906,3.682662010192871,30.0,,0.0,0.0,30.0,150.0,19.86566772460938,31.86566772460938,Leave_One_experiments/all_year_offline_schedule_search/daily_outputs/YCA/YCA_2012_YCA2012_normal_grid_S0015_daily.csv
YCA,YCA,Yucheng,2012,Leave_One_experiments\wth_generated_qc\YCA\YCA2012.WTH,wet_year;nitrogen_stress_year;low_response_year,wet,YCA2012_normal_grid_S0015,irrigation_positive_candidate,2012-08-26,239,76,71,"{""sim_day"": 76.0, ""doy"": 239.0, ""topwt"": 10865.062255859377, ""grnwt"": 1709.319305419922, ""xlai"": 3.682662010192871, ""totir"": 30.0, ""tofer"": NaN, ""swfac"": 0.0, ""nstres"": 0.0}",0.0,0.0,10865.062255859377,1709.319305419922,3.682662010192871,30.0,,0.0,0.0,30.0,150.0,19.86566772460938,31.86566772460938,Leave_One_experiments/all_year_offline_schedule_search/daily_outputs/YCA/YCA_2012_YCA2012_normal_grid_S0015_daily.csv
YCA,YCA,Yucheng,2012,Leave_One_experiments\wth_generated_qc\YCA\YCA2012.WTH,wet_year;nitrogen_stress_year;low_response_year,wet,YCA2012_normal_grid_S0015,irrigation_positive_candidate,2012-08-27,240,77,72,"{""sim_day"": 77.0, ""doy"": 240.0, ""topwt"": 11117.63671875, ""grnwt"": 1922.984161376953, ""xlai"": 3.682662010192871, ""totir"": 30.0, ""tofer"": NaN, ""swfac"": 0.0, ""nstres"": 0.0}",0.0,0.0,11117.63671875,1922.984161376953,3.682662010192871,30.0,,0.0,0.0,30.0,150.0,19.86566772460938,31.86566772460938,Leave_One_experiments/all_year_offline_schedule_search/daily_outputs/YCA/YCA_2012_YCA2012_normal_grid_S0015_daily.csv
YCA,YCA,Yucheng,2012,Leave_One_experiments\wth_generated_qc\YCA\YCA2012.WTH,wet_year;nitrogen_stress_year;low_response_year,wet,YCA2012_normal_grid_S0015,irrigation_positive_candidate,2012-08-28,241,78,73,"{""sim_day"": 78.0, ""doy"": 241.0, ""topwt"": 11324.6240234375, ""grnwt"": 2129.972076416016, ""xlai"": 3.682662010192871, ""totir"": 30.0, ""tofer"": NaN, ""swfac"": 0.0, ""nstres"": 0.0}",0.0,0.0,11324.6240234375,2129.972076416016,3.682662010192871,30.0,,0.0,0.0,30.0,150.0,19.86566772460938,31.86566772460938,Leave_One_experiments/all_year_offline_schedule_search/daily_outputs/YCA/YCA_2012_YCA2012_normal_grid_S0015_daily.csv
YCA,YCA,Yucheng,2012,Leave_One_experiments\wth_generated_qc\YCA\YCA2012.WTH,wet_year;nitrogen_stress_year;low_response_year,wet,YCA2012_normal_grid_S0015,irrigation_positive_candidate,2012-08-29,242,79,74,"{""sim_day"": 79.0, ""doy"": 242.0, ""topwt"": 11528.941650390623, ""grnwt"": 2334.2892456054688, ""xlai"": 3.682662010192871, ""totir"": 30.0, ""tofer"": NaN, ""swfac"": 0.0, ""nstres"": 0.0}",0.0,0.0,11528.941650390623,2334.2892456054688,3.682662010192871,30.0,,0.0,0.0,30.0,150.0,19.86566772460938,31.86566772460938,Leave_One_experiments/all_year_offline_schedule_search/daily_outputs/YCA/YCA_2012_YCA2012_normal_grid_S0015_daily.csv
YCA,YCA,Yucheng,2012,Leave_One_experiments\wth_generated_qc\YCA\YCA2012.WTH,wet_year;nitrogen_stress_year;low_response_year,wet,YCA2012_normal_grid_S0015,irrigation_positive_candidate,2012-08-30,243,80,75,"{""sim_day"": 80.0, ""doy"": 243.0, ""topwt"": 11742.606201171877, ""grnwt"": 2547.9541015625, ""xlai"": 3.682662010192871, ""totir"": 30.0, ""tofer"": NaN, ""swfac"": 0.0, ""nstres"": 0.0}",0.0,0.0,11742.606201171877,2547.9541015625,3.682662010192871,30.0,,0.0,0.0,30.0,150.0,19.86566772460938,31.86566772460938,Leave_One_experiments/all_year_offline_schedule_search/daily_outputs/YCA/YCA_2012_YCA2012_normal_grid_S0015_daily.csv
YCA,YCA,Yucheng,2012,Leave_One_experiments\wth_generated_qc\YCA\YCA2012.WTH,wet_year;nitrogen_stress_year;low_response_year,wet,YCA2012_normal_grid_S0015,irrigation_positive_candidate,2012-08-31,244,81,76,"{""sim_day"": 81.0, ""doy"": 244.0, ""topwt"": 11944.2529296875, ""grnwt"": 2749.600524902344, ""xlai"": 3.682662010192871, ""totir"": 30.0, ""tofer"": NaN, ""swfac"": 0.0, ""nstres"": 0.0}",0.0,0.0,11944.2529296875,2749.600524902344,3.682662010192871,30.0,,0.0,0.0,30.0,150.0,19.86566772460938,31.86566772460938,Leave_One_experiments/all_year_offline_schedule_search/daily_outputs/YCA/YCA_2012_YCA2012_normal_grid_S0015_daily.csv
YCA,YCA,Yucheng,2012,Leave_One_experiments\wth_generated_qc\YCA\YCA2012.WTH,wet_year;nitrogen_stress_year;low_response_year,wet,YCA2012_normal_grid_S0015,irrigation_positive_candidate,2012-09-01,245,82,77,"{""sim_day"": 82.0, ""doy"": 245.0, ""topwt"": 11989.600830078123, ""grnwt"": 2963.265380859375, ""xlai"": 3.682662010192871, ""totir"": 30.0, ""tofer"": NaN, ""swfac"": 0.0, ""nstres"": 0.0}",0.0,0.0,11989.600830078123,2963.265380859375,3.682662010192871,30.0,,0.0,0.0,30.0,150.0,19.86566772460938,31.86566772460938,Leave_One_experiments/all_year_offline_schedule_search/daily_outputs/YCA/YCA_2012_YCA2012_normal_grid_S0015_daily.csv
YCA,YCA,Yucheng,2012,Leave_One_experiments\wth_generated_qc\YCA\YCA2012.WTH,wet_year;nitrogen_stress_year;low_response_year,wet,YCA2012_normal_grid_S0015,irrigation_positive_candidate,2012-09-02,246,83,78,"{""sim_day"": 83.0, ""doy"": 246.0, ""topwt"": 12318.248291015623, ""grnwt"": 3176.9302368164062, ""xlai"": 3.668272256851196, ""totir"": 30.0, ""tofer"": NaN, ""swfac"": 0.0, ""nstres"": 0.0}",0.0,0.0,12318.248291015623,3176.9302368164062,3.668272256851196,30.0,,0.0,0.0,30.0,150.0,19.86566772460938,31.86566772460938,Leave_One_experiments/all_year_offline_schedule_search/daily_outputs/YCA/YCA_2012_YCA2012_normal_grid_S0015_daily.csv
YCA,YCA,Yucheng,2012,Leave_One_experiments\wth_generated_qc\YCA\YCA2012.WTH,wet_year;nitrogen_stress_year;low_response_year,wet,YCA2012_normal_grid_S0015,irrigation_positive_candidate,2012-09-03,247,84,79,"{""sim_day"": 84.0, ""doy"": 247.0, ""topwt"": 12585.247802734377, ""grnwt"": 3390.595092773437, ""xlai"": 3.6126866340637207, ""totir"": 30.0, ""tofer"": NaN, ""swfac"": 0.0, ""nstres"": 0.0}",0.0,0.0,12585.247802734377,3390.595092773437,3.6126866340637207,30.0,,0.0,0.0,30.0,150.0,19.86566772460938,31.86566772460938,Leave_One_experiments/all_year_offline_schedule_search/daily_outputs/YCA/YCA_2012_YCA2012_normal_grid_S0015_daily.csv
YCA,YCA,Yucheng,2012,Leave_One_experiments\wth_generated_qc\YCA\YCA2012.WTH,wet_year;nitrogen_stress_year;low_response_year,wet,YCA2012_normal_grid_S0015,irrigation_positive_candidate,2012-09-04,248,85,80,"{""sim_day"": 85.0, ""doy"": 248.0, ""topwt"": 12798.91357421875, ""grnwt"": 3604.2599487304688, ""xlai"": 3.56302261352539, ""totir"": 30.0, ""tofer"": NaN, ""swfac"": 0.0, ""nstres"": 0.0}",0.0,0.0,12798.91357421875,3604.2599487304688,3.56302261352539,30.0,,0.0,0.0,30.0,150.0,19.86566772460938,31.86566772460938,Leave_One_experiments/all_year_offline_schedule_search/daily_outputs/YCA/YCA_2012_YCA2012_normal_grid_S0015_daily.csv
YCA,YCA,Yucheng,2012,Leave_One_experiments\wth_generated_qc\YCA\YCA2012.WTH,wet_year;nitrogen_stress_year;low_response_year,wet,YCA2012_normal_grid_S0015,irrigation_positive_candidate,2012-09-05,249,86,81,"{""sim_day"": 86.0, ""doy"": 249.0, ""topwt"": 13012.578125, ""grnwt"": 3817.9248046875, ""xlai"": 3.4849295616149902, ""totir"": 30.0, ""tofer"": NaN, ""swfac"": 0.0, ""nstres"": 0.0}",0.0,0.0,13012.578125,3817.9248046875,3.4849295616149902,30.0,,0.0,0.0,30.0,150.0,19.86566772460938,31.86566772460938,Leave_One_experiments/all_year_offline_schedule_search/daily_outputs/YCA/YCA_2012_YCA2012_normal_grid_S0015_daily.csv
YCA,YCA,Yucheng,2012,Leave_One_experiments\wth_generated_qc\YCA\YCA2012.WTH,wet_year;nitrogen_stress_year;low_response_year,wet,YCA2012_normal_grid_S0015,irrigation_positive_candidate,2012-09-06,250,87,82,"{""sim_day"": 87.0, ""doy"": 250.0, ""topwt"": 13178.08837890625, ""grnwt"": 4031.5896606445312, ""xlai"": 3.4060869216918945, ""totir"": 30.0, ""tofer"": NaN, ""swfac"": 0.0, ""nstres"": 0.0}",0.0,0.0,13178.08837890625,4031.5896606445312,3.4060869216918945,30.0,,0.0,0.0,30.0,150.0,19.86566772460938,31.86566772460938,Leave_One_experiments/all_year_offline_schedule_search/daily_outputs/YCA/YCA_2012_YCA2012_normal_grid_S0015_daily.csv
YCA,YCA,Yucheng,2012,Leave_One_experiments\wth_generated_qc\YCA\YCA2012.WTH,wet_year;nitrogen_stress_year;low_response_year,wet,YCA2012_normal_grid_S0015,irrigation_positive_candidate,2012-09-07,251,88,83,"{""sim_day"": 88.0, ""doy"": 251.0, ""topwt"": 13439.83642578125, ""grnwt"": 4245.254821777344, ""xlai"": 3.3286783695220947, ""totir"": 30.0, ""tofer"": NaN, ""swfac"": 0.0, ""nstres"": 0.0}",0.0,0.0,13439.83642578125,4245.254821777344,3.3286783695220947,30.0,,0.0,0.0,30.0,150.0,19.86566772460938,31.86566772460938,Leave_One_experiments/all_year_offline_schedule_search/daily_outputs/YCA/YCA_2012_YCA2012_normal_grid_S0015_daily.csv
YCA,YCA,Yucheng,2012,Leave_One_experiments\wth_generated_qc\YCA\YCA2012.WTH,wet_year;nitrogen_stress_year;low_response_year,wet,YCA2012_normal_grid_S0015,irrigation_positive_candidate,2012-09-08,252,89,84,"{""sim_day"": 89.0, ""doy"": 252.0, ""topwt"": 13653.572998046877, ""grnwt"": 4458.919982910156, ""xlai"": 3.238596677780152, ""totir"": 30.0, ""tofer"": NaN, ""swfac"": 0.0, ""nstres"": 0.0}",0.0,0.0,13653.572998046877,4458.919982910156,3.238596677780152,30.0,,0.0,0.0,30.0,150.0,19.86566772460938,31.86566772460938,Leave_One_experiments/all_year_offline_schedule_search/daily_outputs/YCA/YCA_2012_YCA2012_normal_grid_S0015_daily.csv
YCA,YCA,Yucheng,2012,Leave_One_experiments\wth_generated_qc\YCA\YCA2012.WTH,wet_year;nitrogen_stress_year;low_response_year,wet,YCA2012_normal_grid_S0015,irrigation_positive_candidate,2012-09-09,253,90,85,"{""sim_day"": 90.0, ""doy"": 253.0, ""topwt"": 13867.23876953125, ""grnwt"": 4672.585144042969, ""xlai"": 3.147180795669556, ""totir"": 30.0, ""tofer"": NaN, ""swfac"": 0.0, ""nstres"": 0.0}",0.0,0.0,13867.23876953125,4672.585144042969,3.147180795669556,30.0,,0.0,0.0,30.0,150.0,19.86566772460938,31.86566772460938,Leave_One_experiments/all_year_offline_schedule_search/daily_outputs/YCA/YCA_2012_YCA2012_normal_grid_S0015_daily.csv
YCA,YCA,Yucheng,2012,Leave_One_experiments\wth_generated_qc\YCA\YCA2012.WTH,wet_year;nitrogen_stress_year;low_response_year,wet,YCA2012_normal_grid_S0015,irrigation_positive_candidate,2012-09-10,254,91,86,"{""sim_day"": 91.0, ""doy"": 254.0, ""topwt"": 13931.728515625, ""grnwt"": 4886.250305175781, ""xlai"": 3.0595808029174805, ""totir"": 30.0, ""tofer"": NaN, ""swfac"": 0.0, ""nstres"": 0.0}",0.0,0.0,13931.728515625,4886.250305175781,3.0595808029174805,30.0,,0.0,0.0,30.0,150.0,19.86566772460938,31.86566772460938,Leave_One_experiments/all_year_offline_schedule_search/daily_outputs/YCA/YCA_2012_YCA2012_normal_grid_S0015_daily.csv
YCA,YCA,Yucheng,2012,Leave_One_experiments\wth_generated_qc\YCA\YCA2012.WTH,wet_year;nitrogen_stress_year;low_response_year,wet,YCA2012_normal_grid_S0015,irrigation_positive_candidate,2012-09-11,255,92,87,"{""sim_day"": 92.0, ""doy"": 255.0, ""topwt"": 14084.139404296877, ""grnwt"": 5099.915466308594, ""xlai"": 2.976593494415283, ""totir"": 30.0, ""tofer"": NaN, ""swfac"": 0.0, ""nstres"": 0.0}",0.0,0.0,14084.139404296877,5099.915466308594,2.976593494415283,30.0,,0.0,0.0,30.0,150.0,19.86566772460938,31.86566772460938,Leave_One_experiments/all_year_offline_schedule_search/daily_outputs/YCA/YCA_2012_YCA2012_normal_grid_S0015_daily.csv
YCA,YCA,Yucheng,2012,Leave_One_experiments\wth_generated_qc\YCA\YCA2012.WTH,wet_year;nitrogen_stress_year;low_response_year,wet,YCA2012_normal_grid_S0015,irrigation_positive_candidate,2012-09-12,256,93,88,"{""sim_day"": 93.0, ""doy"": 256.0, ""topwt"": 14400.9423828125, ""grnwt"": 5313.580322265625, ""xlai"": 2.893857955932617, ""totir"": 30.0, ""tofer"": NaN, ""swfac"": 0.0, ""nstres"": 0.0}",0.0,0.0,14400.9423828125,5313.580322265625,2.893857955932617,30.0,,0.0,0.0,30.0,150.0,19.86566772460938,31.86566772460938,Leave_One_experiments/all_year_offline_schedule_search/daily_outputs/YCA/YCA_2012_YCA2012_normal_grid_S0015_daily.csv
YCA,YCA,Yucheng,2012,Leave_One_experiments\wth_generated_qc\YCA\YCA2012.WTH,wet_year;nitrogen_stress_year;low_response_year,wet,YCA2012_normal_grid_S0015,irrigation_positive_candidate,2012-09-13,257,94,89,"{""sim_day"": 94.0, ""doy"": 257.0, ""topwt"": 14696.446533203123, ""grnwt"": 5527.2454833984375, ""xlai"": 2.809755086898804, ""totir"": 30.0, ""tofer"": NaN, ""swfac"": 0.0, ""nstres"": 0.0100552439689636}",0.0,0.0100552439689636,14696.446533203123,5527.2454833984375,2.809755086898804,30.0,,0.0,0.0,30.0,150.0,19.86566772460938,31.86566772460938,Leave_One_experiments/all_year_offline_schedule_search/daily_outputs/YCA/YCA_2012_YCA2012_normal_grid_S0015_daily.csv
YCA,YCA,Yucheng,2012,Leave_One_experiments\wth_generated_qc\YCA\YCA2012.WTH,wet_year;nitrogen_stress_year;low_response_year,wet,YCA2012_normal_grid_S0015,irrigation_positive_candidate,2012-09-14,258,95,90,"{""sim_day"": 95.0, ""doy"": 258.0, ""topwt"": 14935.56396484375, ""grnwt"": 5740.91064453125, ""xlai"": 2.724450826644897, ""totir"": 30.0, ""tofer"": NaN, ""swfac"": 0.0, ""nstres"": 0.0414037704467773}",0.0,0.0414037704467773,14935.56396484375,5740.91064453125,2.724450826644897,30.0,,0.0,0.0,30.0,150.0,19.86566772460938,31.86566772460938,Leave_One_experiments/all_year_offline_schedule_search/daily_outputs/YCA/YCA_2012_YCA2012_normal_grid_S0015_daily.csv
YCA,YCA,Yucheng,2012,Leave_One_experiments\wth_generated_qc\YCA\YCA2012.WTH,wet_year;nitrogen_stress_year;low_response_year,wet,YCA2012_normal_grid_S0015,irrigation_positive_candidate,2012-09-15,259,96,91,"{""sim_day"": 96.0, ""doy"": 259.0, ""topwt"": 15149.229736328123, ""grnwt"": 5954.575805664063, ""xlai"": 2.622483015060425, ""totir"": 30.0, ""tofer"": NaN, ""swfac"": 0.0, ""nstres"": 0.0687226057052612}",0.0,0.0687226057052612,15149.229736328123,5954.575805664063,2.622483015060425,30.0,,0.0,0.0,30.0,150.0,19.86566772460938,31.86566772460938,Leave_One_experiments/all_year_offline_schedule_search/daily_outputs/YCA/YCA_2012_YCA2012_normal_grid_S0015_daily.csv
YCA,YCA,Yucheng,2012,Leave_One_experiments\wth_generated_qc\YCA\YCA2012.WTH,wet_year;nitrogen_stress_year;low_response_year,wet,YCA2012_normal_grid_S0015,irrigation_positive_candidate,2012-09-16,260,97,92,"{""sim_day"": 97.0, ""doy"": 260.0, ""topwt"": 15362.894287109377, ""grnwt"": 6168.240966796875, ""xlai"": 2.525718212127685, ""totir"": 30.0, ""tofer"": NaN, ""swfac"": 0.0, ""nstres"": 0.0907402038574218}",0.0,0.0907402038574218,15362.894287109377,6168.240966796875,2.525718212127685,30.0,,0.0,0.0,30.0,150.0,19.86566772460938,31.86566772460938,Leave_One_experiments/all_year_offline_schedule_search/daily_outputs/YCA/YCA_2012_YCA2012_normal_grid_S0015_daily.csv
YCA,YCA,Yucheng,2012,Leave_One_experiments\wth_generated_qc\YCA\YCA2012.WTH,wet_year;nitrogen_stress_year;low_response_year,wet,YCA2012_normal_grid_S0015,irrigation_positive_candidate,2012-09-17,261,98,93,"{""sim_day"": 98.0, ""doy"": 261.0, ""topwt"": 15576.56005859375, ""grnwt"": 6381.906127929688, ""xlai"": 2.4093048572540283, ""totir"": 30.0, ""tofer"": NaN, ""swfac"": 0.0, ""nstres"": 0.1088501214981079}",0.0,0.1088501214981079,15576.56005859375,6381.906127929688,2.4093048572540283,30.0,,0.0,0.0,30.0,150.0,19.86566772460938,31.86566772460938,Leave_One_experiments/all_year_offline_schedule_search/daily_outputs/YCA/YCA_2012_YCA2012_normal_grid_S0015_daily.csv
YCA,YCA,Yucheng,2012,Leave_One_experiments\wth_generated_qc\YCA\YCA2012.WTH,wet_year;nitrogen_stress_year;low_response_year,wet,YCA2012_normal_grid_S0015,irrigation_positive_candidate,2012-09-18,262,99,94,"{""sim_day"": 99.0, ""doy"": 262.0, ""topwt"": 15790.224609375, ""grnwt"": 6595.5712890625, ""xlai"": 2.2849528789520264, ""totir"": 30.0, ""tofer"": NaN, ""swfac"": 0.0, ""nstres"": 0.1265080571174621}",0.0,0.1265080571174621,15790.224609375,6595.5712890625,2.2849528789520264,30.0,,0.0,0.0,30.0,150.0,19.86566772460938,31.86566772460938,Leave_One_experiments/all_year_offline_schedule_search/daily_outputs/YCA/YCA_2012_YCA2012_normal_grid_S0015_daily.csv
YCA,YCA,Yucheng,2012,Leave_One_experiments\wth_generated_qc\YCA\YCA2012.WTH,wet_year;nitrogen_stress_year;low_response_year,wet,YCA2012_normal_grid_S0015,irrigation_positive_candidate,2012-09-19,263,100,95,"{""sim_day"": 100.0, ""doy"": 263.0, ""topwt"": 16003.890380859377, ""grnwt"": 6809.2364501953125, ""xlai"": 2.164997100830078, ""totir"": 30.0, ""tofer"": NaN, ""swfac"": 0.0, ""nstres"": 0.1444215774536132}",0.0,0.1444215774536132,16003.890380859377,6809.2364501953125,2.164997100830078,30.0,,0.0,0.0,30.0,150.0,19.86566772460938,31.86566772460938,Leave_One_experiments/all_year_offline_schedule_search/daily_outputs/YCA/YCA_2012_YCA2012_normal_grid_S0015_daily.csv
YCA,YCA,Yucheng,2012,Leave_One_experiments\wth_generated_qc\YCA\YCA2012.WTH,wet_year;nitrogen_stress_year;low_response_year,wet,YCA2012_normal_grid_S0015,irrigation_positive_candidate,2012-09-20,264,101,96,"{""sim_day"": 101.0, ""doy"": 264.0, ""topwt"": 16091.636962890623, ""grnwt"": 7022.901611328125, ""xlai"": 2.0286614894866943, ""totir"": 30.0, ""tofer"": NaN, ""swfac"": 0.0, ""nstres"": 0.16158127784729}",0.0,0.16158127784729,16091.636962890623,7022.901611328125,2.0286614894866943,30.0,,0.0,0.0,30.0,150.0,19.86566772460938,31.86566772460938,Leave_One_experiments/all_year_offline_schedule_search/daily_outputs/YCA/YCA_2012_YCA2012_normal_grid_S0015_daily.csv
YCA,YCA,Yucheng,2012,Leave_One_experiments\wth_generated_qc\YCA\YCA2012.WTH,wet_year;nitrogen_stress_year;low_response_year,wet,YCA2012_normal_grid_S0015,irrigation_positive_candidate,2012-09-21,265,102,97,"{""sim_day"": 102.0, ""doy"": 265.0, ""topwt"": 16244.241943359377, ""grnwt"": 7236.5667724609375, ""xlai"": 1.867154836654663, ""totir"": 30.0, ""tofer"": NaN, ""swfac"": 0.0, ""nstres"": 0.1777901649475097}",0.0,0.1777901649475097,16244.241943359377,7236.5667724609375,1.867154836654663,30.0,,0.0,0.0,30.0,150.0,19.86566772460938,31.86566772460938,Leave_One_experiments/all_year_offline_schedule_search/daily_outputs/YCA/YCA_2012_YCA2012_normal_grid_S0015_daily.csv
YCA,YCA,Yucheng,2012,Leave_One_experiments\wth_generated_qc\YCA\YCA2012.WTH,wet_year;nitrogen_stress_year;low_response_year,wet,YCA2012_normal_grid_S0015,irrigation_positive_candidate,2012-09-22,266,103,98,"{""sim_day"": 103.0, ""doy"": 266.0, ""topwt"": 16244.241943359377, ""grnwt"": 7236.5667724609375, ""xlai"": 1.867154836654663, ""totir"": 30.0, ""tofer"": NaN, ""swfac"": 0.0, ""nstres"": 0.1844280958175659}",0.0,0.1844280958175659,16244.241943359377,7236.5667724609375,1.867154836654663,30.0,,0.0,0.0,30.0,150.0,19.86566772460938,31.86566772460938,Leave_One_experiments/all_year_offline_schedule_search/daily_outputs/YCA/YCA_2012_YCA2012_normal_grid_S0015_daily.csv
YCA,YCA,Yucheng,2012,Leave_One_experiments\wth_generated_qc\YCA\YCA2012.WTH,wet_year;nitrogen_stress_year;low_response_year,wet,YCA2012_normal_grid_S0015,irrigation_positive_candidate,2012-09-23,267,104,99,"{""sim_day"": 104.0, ""doy"": 267.0, ""topwt"": 16244.241943359377, ""grnwt"": 7236.5667724609375, ""xlai"": 1.867154836654663, ""totir"": 30.0, ""tofer"": NaN, ""swfac"": 0.0, ""nstres"": 0.1844280958175659}",0.0,0.1844280958175659,16244.241943359377,7236.5667724609375,1.867154836654663,30.0,,0.0,0.0,30.0,150.0,19.86566772460938,31.86566772460938,Leave_One_experiments/all_year_offline_schedule_search/daily_outputs/YCA/YCA_2012_YCA2012_normal_grid_S0015_daily.csv
YCA,YCA,Yucheng,2012,Leave_One_experiments\wth_generated_qc\YCA\YCA2012.WTH,wet_year;nitrogen_stress_year;low_response_year,wet,YCA2012_normal_grid_S0015,irrigation_positive_candidate,2012-09-24,268,105,100,"{""sim_day"": 105.0, ""doy"": 268.0, ""topwt"": 16244.241943359377, ""grnwt"": 7236.5667724609375, ""xlai"": 1.867154836654663, ""totir"": 30.0, ""tofer"": NaN, ""swfac"": 0.0, ""nstres"": 0.1844280958175659}",0.0,0.1844280958175659,16244.241943359377,7236.5667724609375,1.867154836654663,30.0,,0.0,0.0,30.0,150.0,19.86566772460938,31.86566772460938,Leave_One_experiments/all_year_offline_schedule_search/daily_outputs/YCA/YCA_2012_YCA2012_normal_grid_S0015_daily.csv
YCA,YCA,Yucheng,2012,Leave_One_experiments\wth_generated_qc\YCA\YCA2012.WTH,wet_year;nitrogen_stress_year;low_response_year,wet,YCA2012_normal_grid_S0010,low_input_within_10pct_yield,2012-06-17,169,1,1,"{""sim_day"": 1.0, ""doy"": 169.0, ""topwt"": 0.0, ""grnwt"": 0.0, ""xlai"": 0.0, ""totir"": 0.0, ""tofer"": NaN, ""swfac"": 0.0, ""nstres"": 0.0}",0.0,0.0,0.0,0.0,0.0,0.0,,0.0,50.0,0.0,150.0,34.48203735351562,34.48203735351562,Leave_One_experiments/all_year_offline_schedule_search/daily_outputs/YCA/YCA_2012_YCA2012_normal_grid_S0010_daily.csv
YCA,YCA,Yucheng,2012,Leave_One_experiments\wth_generated_qc\YCA\YCA2012.WTH,wet_year;nitrogen_stress_year;low_response_year,wet,YCA2012_normal_grid_S0010,low_input_within_10pct_yield,2012-06-18,170,2,2,"{""sim_day"": 2.0, ""doy"": 170.0, ""topwt"": 0.0, ""grnwt"": 0.0, ""xlai"": 0.0, ""totir"": 0.0, ""tofer"": NaN, ""swfac"": 0.0, ""nstres"": 0.0}",0.0,0.0,0.0,0.0,0.0,0.0,,0.0,0.0,0.0,150.0,34.48203735351562,34.48203735351562,Leave_One_experiments/all_year_offline_schedule_search/daily_outputs/YCA/YCA_2012_YCA2012_normal_grid_S0010_daily.csv
YCA,YCA,Yucheng,2012,Leave_One_experiments\wth_generated_qc\YCA\YCA2012.WTH,wet_year;nitrogen_stress_year;low_response_year,wet,YCA2012_normal_grid_S0010,low_input_within_10pct_yield,2012-06-19,171,3,3,"{""sim_day"": 3.0, ""doy"": 171.0, ""topwt"": 0.0, ""grnwt"": 0.0, ""xlai"": 0.0, ""totir"": 0.0, ""tofer"": NaN, ""swfac"": 0.0, ""nstres"": 0.0}",0.0,0.0,0.0,0.0,0.0,0.0,,0.0,0.0,0.0,150.0,34.48203735351562,34.48203735351562,Leave_One_experiments/all_year_offline_schedule_search/daily_outputs/YCA/YCA_2012_YCA2012_normal_grid_S0010_daily.csv
YCA,YCA,Yucheng,2012,Leave_One_experiments\wth_generated_qc\YCA\YCA2012.WTH,wet_year;nitrogen_stress_year;low_response_year,wet,YCA2012_normal_grid_S0010,low_input_within_10pct_yield,2012-06-20,172,4,4,"{""sim_day"": 4.0, ""doy"": 172.0, ""topwt"": 0.0, ""grnwt"": 0.0, ""xlai"": 0.0, ""totir"": 0.0, ""tofer"": NaN, ""swfac"": 0.0, ""nstres"": 0.0}",0.0,0.0,0.0,0.0,0.0,0.0,,0.0,0.0,0.0,150.0,34.48203735351562,34.48203735351562,Leave_One_experiments/all_year_offline_schedule_search/daily_outputs/YCA/YCA_2012_YCA2012_normal_grid_S0010_daily.csv
YCA,YCA,Yucheng,2012,Leave_One_experiments\wth_generated_qc\YCA\YCA2012.WTH,wet_year;nitrogen_stress_year;low_response_year,wet,YCA2012_normal_grid_S0010,low_input_within_10pct_yield,2012-06-21,173,5,5,"{""sim_day"": 5.0, ""doy"": 173.0, ""topwt"": 0.0, ""grnwt"": 0.0, ""xlai"": 0.0, ""totir"": 0.0, ""tofer"": NaN, ""swfac"": 0.0, ""nstres"": 0.0}",0.0,0.0,0.0,0.0,0.0,0.0,,0.0,0.0,0.0,150.0,34.48203735351562,34.48203735351562,Leave_One_experiments/all_year_offline_schedule_search/daily_outputs/YCA/YCA_2012_YCA2012_normal_grid_S0010_daily.csv
YCA,YCA,Yucheng,2012,Leave_One_experiments\wth_generated_qc\YCA\YCA2012.WTH,wet_year;nitrogen_stress_year;low_response_year,wet,YCA2012_normal_grid_S0010,low_input_within_10pct_yield,2012-06-17,169,6,1,"{""sim_day"": 6.0, ""doy"": 169.0, ""topwt"": 0.0, ""grnwt"": 0.0, ""xlai"": 0.0, ""totir"": 0.0, ""tofer"": NaN, ""swfac"": 0.0, ""nstres"": 0.0}",0.0,0.0,0.0,0.0,0.0,0.0,,0.0,0.0,0.0,150.0,34.48203735351562,34.48203735351562,Leave_One_experiments/all_year_offline_schedule_search/daily_outputs/YCA/YCA_2012_YCA2012_normal_grid_S0010_daily.csv
YCA,YCA,Yucheng,2012,Leave_One_experiments\wth_generated_qc\YCA\YCA2012.WTH,wet_year;nitrogen_stress_year;low_response_year,wet,YCA2012_normal_grid_S0010,low_input_within_10pct_yield,2012-06-18,170,7,2,"{""sim_day"": 7.0, ""doy"": 170.0, ""topwt"": 0.0, ""grnwt"": 0.0, ""xlai"": 0.0, ""totir"": 0.0, ""tofer"": NaN, ""swfac"": 0.0, ""nstres"": 0.0}",0.0,0.0,0.0,0.0,0.0,0.0,,0.0,0.0,0.0,150.0,34.48203735351562,34.48203735351562,Leave_One_experiments/all_year_offline_schedule_search/daily_outputs/YCA/YCA_2012_YCA2012_normal_grid_S0010_daily.csv
YCA,YCA,Yucheng,2012,Leave_One_experiments\wth_generated_qc\YCA\YCA2012.WTH,wet_year;nitrogen_stress_year;low_response_year,wet,YCA2012_normal_grid_S0010,low_input_within_10pct_yield,2012-06-19,171,8,3,"{""sim_day"": 8.0, ""doy"": 171.0, ""topwt"": 0.0, ""grnwt"": 0.0, ""xlai"": 0.0, ""totir"": 0.0, ""tofer"": NaN, ""swfac"": 0.0, ""nstres"": 0.0}",0.0,0.0,0.0,0.0,0.0,0.0,,0.0,0.0,0.0,150.0,34.48203735351562,34.48203735351562,Leave_One_experiments/all_year_offline_schedule_search/daily_outputs/YCA/YCA_2012_YCA2012_normal_grid_S0010_daily.csv
YCA,YCA,Yucheng,2012,Leave_One_experiments\wth_generated_qc\YCA\YCA2012.WTH,wet_year;nitrogen_stress_year;low_response_year,wet,YCA2012_normal_grid_S0010,low_input_within_10pct_yield,2012-06-20,172,9,4,"{""sim_day"": 9.0, ""doy"": 172.0, ""topwt"": 0.0, ""grnwt"": 0.0, ""xlai"": 0.0, ""totir"": 0.0, ""tofer"": NaN, ""swfac"": 0.0, ""nstres"": 0.0}",0.0,0.0,0.0,0.0,0.0,0.0,,0.0,0.0,0.0,150.0,34.48203735351562,34.48203735351562,Leave_One_experiments/all_year_offline_schedule_search/daily_outputs/YCA/YCA_2012_YCA2012_normal_grid_S0010_daily.csv
YCA,YCA,Yucheng,2012,Leave_One_experiments\wth_generated_qc\YCA\YCA2012.WTH,wet_year;nitrogen_stress_year;low_response_year,wet,YCA2012_normal_grid_S0010,low_input_within_10pct_yield,2012-06-21,173,10,5,"{""sim_day"": 10.0, ""doy"": 173.0, ""topwt"": 26.400001049041748, ""grnwt"": 0.0, ""xlai"": 0.0058202850632369, ""totir"": 0.0, ""tofer"": NaN, ""swfac"": 0.0, ""nstres"": 0.0121910572052001}",0.0,0.0121910572052001,26.400001049041748,0.0,0.0058202850632369,0.0,,0.0,0.0,0.0,150.0,34.48203735351562,34.48203735351562,Leave_One_experiments/all_year_offline_schedule_search/daily_outputs/YCA/YCA_2012_YCA2012_normal_grid_S0010_daily.csv
YCA,YCA,Yucheng,2012,Leave_One_experiments\wth_generated_qc\YCA\YCA2012.WTH,wet_year;nitrogen_stress_year;low_response_year,wet,YCA2012_normal_grid_S0010,low_input_within_10pct_yield,2012-06-22,174,11,6,"{""sim_day"": 11.0, ""doy"": 174.0, ""topwt"": 26.400001049041748, ""grnwt"": 0.0, ""xlai"": 0.0121640022844076, ""totir"": 0.0, ""tofer"": NaN, ""swfac"": 0.0, ""nstres"": 0.0074278712272644}",0.0,0.0074278712272644,26.400001049041748,0.0,0.0121640022844076,0.0,,0.0,0.0,0.0,150.0,34.48203735351562,34.48203735351562,Leave_One_experiments/all_year_offline_schedule_search/daily_outputs/YCA/YCA_2012_YCA2012_normal_grid_S0010_daily.csv
YCA,YCA,Yucheng,2012,Leave_One_experiments\wth_generated_qc\YCA\YCA2012.WTH,wet_year;nitrogen_stress_year;low_response_year,wet,YCA2012_normal_grid_S0010,low_input_within_10pct_yield,2012-06-23,175,12,7,"{""sim_day"": 12.0, ""doy"": 175.0, ""topwt"": 26.400001049041748, ""grnwt"": 0.0, ""xlai"": 0.0191772691905498, ""totir"": 0.0, ""tofer"": NaN, ""swfac"": 0.0, ""nstres"": 0.0}",0.0,0.0,26.400001049041748,0.0,0.0191772691905498,0.0,,0.0,0.0,0.0,150.0,34.48203735351562,34.48203735351562,Leave_One_experiments/all_year_offline_schedule_search/daily_outputs/YCA/YCA_2012_YCA2012_normal_grid_S0010_daily.csv
YCA,YCA,Yucheng,2012,Leave_One_experiments\wth_generated_qc\YCA\YCA2012.WTH,wet_year;nitrogen_stress_year;low_response_year,wet,YCA2012_normal_grid_S0010,low_input_within_10pct_yield,2012-06-24,176,13,8,"{""sim_day"": 13.0, ""doy"": 176.0, ""topwt"": 26.400001049041748, ""grnwt"": 0.0, ""xlai"": 0.0430382750928401, ""totir"": 0.0, ""tofer"": NaN, ""swfac"": 0.0, ""nstres"": 0.0}",0.0,0.0,26.400001049041748,0.0,0.0430382750928401,0.0,,0.0,0.0,0.0,150.0,34.48203735351562,34.48203735351562,Leave_One_experiments/all_year_offline_schedule_search/daily_outputs/YCA/YCA_2012_YCA2012_normal_grid_S0010_daily.csv
YCA,YCA,Yucheng,2012,Leave_One_experiments\wth_generated_qc\YCA\YCA2012.WTH,wet_year;nitrogen_stress_year;low_response_year,wet,YCA2012_normal_grid_S0010,low_input_within_10pct_yield,2012-06-25,177,14,9,"{""sim_day"": 14.0, ""doy"": 177.0, ""topwt"": 35.31907320022583, ""grnwt"": 0.0, ""xlai"": 0.0684055536985397, ""totir"": 0.0, ""tofer"": NaN, ""swfac"": 0.0, ""nstres"": 0.0}",0.0,0.0,35.31907320022583,0.0,0.0684055536985397,0.0,,0.0,0.0,0.0,150.0,34.48203735351562,34.48203735351562,Leave_One_experiments/all_year_offline_schedule_search/daily_outputs/YCA/YCA_2012_YCA2012_normal_grid_S0010_daily.csv
YCA,YCA,Yucheng,2012,Leave_One_experiments\wth_generated_qc\YCA\YCA2012.WTH,wet_year;nitrogen_stress_year;low_response_year,wet,YCA2012_normal_grid_S0010,low_input_within_10pct_yield,2012-06-26,178,15,10,"{""sim_day"": 15.0, ""doy"": 178.0, ""topwt"": 47.50900268554688, ""grnwt"": 0.0, ""xlai"": 0.0970397666096687, ""totir"": 0.0, ""tofer"": NaN, ""swfac"": 0.0, ""nstres"": 0.0}",0.0,0.0,47.50900268554688,0.0,0.0970397666096687,0.0,,0.0,0.0,0.0,150.0,34.48203735351562,34.48203735351562,Leave_One_experiments/all_year_offline_schedule_search/daily_outputs/YCA/YCA_2012_YCA2012_normal_grid_S0010_daily.csv
YCA,YCA,Yucheng,2012,Leave_One_experiments\wth_generated_qc\YCA\YCA2012.WTH,wet_year;nitrogen_stress_year;low_response_year,wet,YCA2012_normal_grid_S0010,low_input_within_10pct_yield,2012-06-27,179,16,11,"{""sim_day"": 16.0, ""doy"": 179.0, ""topwt"": 61.342363357543945, ""grnwt"": 0.0, ""xlai"": 0.127065822482109, ""totir"": 0.0, ""tofer"": NaN, ""swfac"": 0.0, ""nstres"": 0.0}",0.0,0.0,61.342363357543945,0.0,0.127065822482109,0.0,,0.0,0.0,0.0,150.0,34.48203735351562,34.48203735351562,Leave_One_experiments/all_year_offline_schedule_search/daily_outputs/YCA/YCA_2012_YCA2012_normal_grid_S0010_daily.csv
YCA,YCA,Yucheng,2012,Leave_One_experiments\wth_generated_qc\YCA\YCA2012.WTH,wet_year;nitrogen_stress_year;low_response_year,wet,YCA2012_normal_grid_S0010,low_input_within_10pct_yield,2012-06-28,180,17,12,"{""sim_day"": 17.0, ""doy"": 180.0, ""topwt"": 64.48972702026367, ""grnwt"": 0.0, ""xlai"": 0.1426558494567871, ""totir"": 0.0, ""tofer"": NaN, ""swfac"": 0.0, ""nstres"": 0.0}",0.0,0.0,64.48972702026367,0.0,0.1426558494567871,0.0,,0.0,0.0,0.0,150.0,34.48203735351562,34.48203735351562,Leave_One_experiments/all_year_offline_schedule_search/daily_outputs/YCA/YCA_2012_YCA2012_normal_grid_S0010_daily.csv
YCA,YCA,Yucheng,2012,Leave_One_experiments\wth_generated_qc\YCA\YCA2012.WTH,wet_year;nitrogen_stress_year;low_response_year,wet,YCA2012_normal_grid_S0010,low_input_within_10pct_yield,2012-06-29,181,18,13,"{""sim_day"": 18.0, ""doy"": 181.0, ""topwt"": 88.83502960205078, ""grnwt"": 0.0, ""xlai"": 0.1818887591361999, ""totir"": 0.0, ""tofer"": NaN, ""swfac"": 0.0, ""nstres"": 0.0}",0.0,0.0,88.83502960205078,0.0,0.1818887591361999,0.0,,0.0,0.0,0.0,150.0,34.48203735351562,34.48203735351562,Leave_One_experiments/all_year_offline_schedule_search/daily_outputs/YCA/YCA_2012_YCA2012_normal_grid_S0010_daily.csv
YCA,YCA,Yucheng,2012,Leave_One_experiments\wth_generated_qc\YCA\YCA2012.WTH,wet_year;nitrogen_stress_year;low_response_year,wet,YCA2012_normal_grid_S0010,low_input_within_10pct_yield,2012-06-30,182,19,14,"{""sim_day"": 19.0, ""doy"": 182.0, ""topwt"": 119.48543548583984, ""grnwt"": 0.0, ""xlai"": 0.2383227497339248, ""totir"": 0.0, ""tofer"": NaN, ""swfac"": 0.0, ""nstres"": 0.0}",0.0,0.0,119.48543548583984,0.0,0.2383227497339248,0.0,,0.0,0.0,0.0,150.0,34.48203735351562,34.48203735351562,Leave_One_experiments/all_year_offline_schedule_search/daily_outputs/YCA/YCA_2012_YCA2012_normal_grid_S0010_daily.csv
YCA,YCA,Yucheng,2012,Leave_One_experiments\wth_generated_qc\YCA\YCA2012.WTH,wet_year;nitrogen_stress_year;low_response_year,wet,YCA2012_normal_grid_S0010,low_input_within_10pct_yield,2012-07-01,183,20,15,"{""sim_day"": 20.0, ""doy"": 183.0, ""topwt"": 156.7441749572754, ""grnwt"": 0.0, ""xlai"": 0.3025055229663849, ""totir"": 0.0, ""tofer"": NaN, ""swfac"": 0.0, ""nstres"": 0.0}",0.0,0.0,156.7441749572754,0.0,0.3025055229663849,0.0,,0.0,0.0,0.0,150.0,34.48203735351562,34.48203735351562,Leave_One_experiments/all_year_offline_schedule_search/daily_outputs/YCA/YCA_2012_YCA2012_normal_grid_S0010_daily.csv
YCA,YCA,Yucheng,2012,Leave_One_experiments\wth_generated_qc\YCA\YCA2012.WTH,wet_year;nitrogen_stress_year;low_response_year,wet,YCA2012_normal_grid_S0010,low_input_within_10pct_yield,2012-07-02,184,21,16,"{""sim_day"": 21.0, ""doy"": 184.0, ""topwt"": 205.7515335083008, ""grnwt"": 0.0, ""xlai"": 0.3818272352218628, ""totir"": 0.0, ""tofer"": NaN, ""swfac"": 0.0, ""nstres"": 0.0}",0.0,0.0,205.7515335083008,0.0,0.3818272352218628,0.0,,0.0,0.0,0.0,150.0,34.48203735351562,34.48203735351562,Leave_One_experiments/all_year_offline_schedule_search/daily_outputs/YCA/YCA_2012_YCA2012_normal_grid_S0010_daily.csv
YCA,YCA,Yucheng,2012,Leave_One_experiments\wth_generated_qc\YCA\YCA2012.WTH,wet_year;nitrogen_stress_year;low_response_year,wet,YCA2012_normal_grid_S0010,low_input_within_10pct_yield,2012-07-03,185,22,17,"{""sim_day"": 22.0, ""doy"": 185.0, ""topwt"": 243.70904922485352, ""grnwt"": 0.0, ""xlai"": 0.4703138172626495, ""totir"": 0.0, ""tofer"": NaN, ""swfac"": 0.0, ""nstres"": 0.0}",0.0,0.0,243.70904922485352,0.0,0.4703138172626495,0.0,,0.0,0.0,0.0,150.0,34.48203735351562,34.48203735351562,Leave_One_experiments/all_year_offline_schedule_search/daily_outputs/YCA/YCA_2012_YCA2012_normal_grid_S0010_daily.csv
YCA,YCA,Yucheng,2012,Leave_One_experiments\wth_generated_qc\YCA\YCA2012.WTH,wet_year;nitrogen_stress_year;low_response_year,wet,YCA2012_normal_grid_S0010,low_input_within_10pct_yield,2012-07-04,186,23,18,"{""sim_day"": 23.0, ""doy"": 186.0, ""topwt"": 294.34865951538086, ""grnwt"": 0.0, ""xlai"": 0.5504451394081116, ""totir"": 0.0, ""tofer"": NaN, ""swfac"": 0.0, ""nstres"": 0.0042271614074707}",0.0,0.0042271614074707,294.34865951538086,0.0,0.5504451394081116,0.0,,0.0,0.0,0.0,150.0,34.48203735351562,34.48203735351562,Leave_One_experiments/all_year_offline_schedule_search/daily_outputs/YCA/YCA_2012_YCA2012_normal_grid_S0010_daily.csv
YCA,YCA,Yucheng,2012,Leave_One_experiments\wth_generated_qc\YCA\YCA2012.WTH,wet_year;nitrogen_stress_year;low_response_year,wet,YCA2012_normal_grid_S0010,low_input_within_10pct_yield,2012-07-05,187,24,19,"{""sim_day"": 24.0, ""doy"": 187.0, ""topwt"": 366.4788436889648, ""grnwt"": 0.0, ""xlai"": 0.6595316529273987, ""totir"": 0.0, ""tofer"": NaN, ""swfac"": 0.0, ""nstres"": 0.0}",0.0,0.0,366.4788436889648,0.0,0.6595316529273987,0.0,,0.0,0.0,0.0,150.0,34.48203735351562,34.48203735351562,Leave_One_experiments/all_year_offline_schedule_search/daily_outputs/YCA/YCA_2012_YCA2012_normal_grid_S0010_daily.csv
YCA,YCA,Yucheng,2012,Leave_One_experiments\wth_generated_qc\YCA\YCA2012.WTH,wet_year;nitrogen_stress_year;low_response_year,wet,YCA2012_normal_grid_S0010,low_input_within_10pct_yield,2012-07-06,188,25,20,"{""sim_day"": 25.0, ""doy"": 188.0, ""topwt"": 454.8424530029297, ""grnwt"": 0.0, ""xlai"": 0.786909818649292, ""totir"": 0.0, ""tofer"": NaN, ""swfac"": 0.0, ""nstres"": 0.0}",0.0,0.0,454.8424530029297,0.0,0.786909818649292,0.0,,0.0,0.0,0.0,150.0,34.48203735351562,34.48203735351562,Leave_One_experiments/all_year_offline_schedule_search/daily_outputs/YCA/YCA_2012_YCA2012_normal_grid_S0010_daily.csv
YCA,YCA,Yucheng,2012,Leave_One_experiments\wth_generated_qc\YCA\YCA2012.WTH,wet_year;nitrogen_stress_year;low_response_year,wet,YCA2012_normal_grid_S0010,low_input_within_10pct_yield,2012-07-07,189,26,21,"{""sim_day"": 26.0, ""doy"": 189.0, ""topwt"": 516.5265274047852, ""grnwt"": 0.0, ""xlai"": 0.8721622824668884, ""totir"": 0.0, ""tofer"": NaN, ""swfac"": 0.0, ""nstres"": 0.0}",0.0,0.0,516.5265274047852,0.0,0.8721622824668884,0.0,,0.0,0.0,0.0,150.0,34.48203735351562,34.48203735351562,Leave_One_experiments/all_year_offline_schedule_search/daily_outputs/YCA/YCA_2012_YCA2012_normal_grid_S0010_daily.csv
YCA,YCA,Yucheng,2012,Leave_One_experiments\wth_generated_qc\YCA\YCA2012.WTH,wet_year;nitrogen_stress_year;low_response_year,wet,YCA2012_normal_grid_S0010,low_input_within_10pct_yield,2012-07-08,190,27,22,"{""sim_day"": 27.0, ""doy"": 190.0, ""topwt"": 580.4633331298828, ""grnwt"": 0.0, ""xlai"": 0.9579674601554872, ""totir"": 0.0, ""tofer"": NaN, ""swfac"": 0.0, ""nstres"": 0.0}",0.0,0.0,580.4633331298828,0.0,0.9579674601554872,0.0,,0.0,0.0,0.0,150.0,34.48203735351562,34.48203735351562,Leave_One_experiments/all_year_offline_schedule_search/daily_outputs/YCA/YCA_2012_YCA2012_normal_grid_S0010_daily.csv
YCA,YCA,Yucheng,2012,Leave_One_experiments\wth_generated_qc\YCA\YCA2012.WTH,wet_year;nitrogen_stress_year;low_response_year,wet,YCA2012_normal_grid_S0010,low_input_within_10pct_yield,2012-07-09,191,28,23,"{""sim_day"": 28.0, ""doy"": 191.0, ""topwt"": 637.7252197265625, ""grnwt"": 0.0, ""xlai"": 1.0284940004348757, ""totir"": 0.0, ""tofer"": NaN, ""swfac"": 0.0, ""nstres"": 0.0}",0.0,0.0,637.7252197265625,0.0,1.0284940004348757,0.0,,0.0,0.0,0.0,150.0,34.48203735351562,34.48203735351562,Leave_One_experiments/all_year_offline_schedule_search/daily_outputs/YCA/YCA_2012_YCA2012_normal_grid_S0010_daily.csv
YCA,YCA,Yucheng,2012,Leave_One_experiments\wth_generated_qc\YCA\YCA2012.WTH,wet_year;nitrogen_stress_year;low_response_year,wet,YCA2012_normal_grid_S0010,low_input_within_10pct_yield,2012-07-10,192,29,24,"{""sim_day"": 29.0, ""doy"": 192.0, ""topwt"": 762.9186248779297, ""grnwt"": 0.0, ""xlai"": 1.193037033081055, ""totir"": 0.0, ""tofer"": NaN, ""swfac"": 0.0, ""nstres"": 0.0}",0.0,0.0,762.9186248779297,0.0,1.193037033081055,0.0,,0.0,0.0,0.0,150.0,34.48203735351562,34.48203735351562,Leave_One_experiments/all_year_offline_schedule_search/daily_outputs/YCA/YCA_2012_YCA2012_normal_grid_S0010_daily.csv
YCA,YCA,Yucheng,2012,Leave_One_experiments\wth_generated_qc\YCA\YCA2012.WTH,wet_year;nitrogen_stress_year;low_response_year,wet,YCA2012_normal_grid_S0010,low_input_within_10pct_yield,2012-07-11,193,30,25,"{""sim_day"": 30.0, ""doy"": 193.0, ""topwt"": 928.9828491210938, ""grnwt"": 0.0, ""xlai"": 1.3980035781860352, ""totir"": 0.0, ""tofer"": NaN, ""swfac"": 0.0, ""nstres"": 0.0}",0.0,0.0,928.9828491210938,0.0,1.3980035781860352,0.0,,0.0,0.0,0.0,150.0,34.48203735351562,34.48203735351562,Leave_One_experiments/all_year_offline_schedule_search/daily_outputs/YCA/YCA_2012_YCA2012_normal_grid_S0010_daily.csv
YCA,YCA,Yucheng,2012,Leave_One_experiments\wth_generated_qc\YCA\YCA2012.WTH,wet_year;nitrogen_stress_year;low_response_year,wet,YCA2012_normal_grid_S0010,low_input_within_10pct_yield,2012-07-12,194,31,26,"{""sim_day"": 31.0, ""doy"": 194.0, ""topwt"": 1082.4929809570312, ""grnwt"": 0.0, ""xlai"": 1.575981616973877, ""totir"": 0.0, ""tofer"": NaN, ""swfac"": 0.0, ""nstres"": 0.0}",0.0,0.0,1082.4929809570312,0.0,1.575981616973877,0.0,,0.0,0.0,0.0,150.0,34.48203735351562,34.48203735351562,Leave_One_experiments/all_year_offline_schedule_search/daily_outputs/YCA/YCA_2012_YCA2012_normal_grid_S0010_daily.csv
YCA,YCA,Yucheng,2012,Leave_One_experiments\wth_generated_qc\YCA\YCA2012.WTH,wet_year;nitrogen_stress_year;low_response_year,wet,YCA2012_normal_grid_S0010,low_input_within_10pct_yield,2012-07-13,195,32,27,"{""sim_day"": 32.0, ""doy"": 195.0, ""topwt"": 1222.6480865478516, ""grnwt"": 0.0, ""xlai"": 1.729714035987854, ""totir"": 0.0, ""tofer"": NaN, ""swfac"": 0.0, ""nstres"": 0.0}",0.0,0.0,1222.6480865478516,0.0,1.729714035987854,0.0,,0.0,0.0,0.0,150.0,34.48203735351562,34.48203735351562,Leave_One_experiments/all_year_offline_schedule_search/daily_outputs/YCA/YCA_2012_YCA2012_normal_grid_S0010_daily.csv
YCA,YCA,Yucheng,2012,Leave_One_experiments\wth_generated_qc\YCA\YCA2012.WTH,wet_year;nitrogen_stress_year;low_response_year,wet,YCA2012_normal_grid_S0010,low_input_within_10pct_yield,2012-07-14,196,33,28,"{""sim_day"": 33.0, ""doy"": 196.0, ""topwt"": 1378.7033081054688, ""grnwt"": 0.0, ""xlai"": 1.891273021697998, ""totir"": 0.0, ""tofer"": NaN, ""swfac"": 0.0, ""nstres"": 0.0}",0.0,0.0,1378.7033081054688,0.0,1.891273021697998,0.0,,0.0,0.0,0.0,150.0,34.48203735351562,34.48203735351562,Leave_One_experiments/all_year_offline_schedule_search/daily_outputs/YCA/YCA_2012_YCA2012_normal_grid_S0010_daily.csv
YCA,YCA,Yucheng,2012,Leave_One_experiments\wth_generated_qc\YCA\YCA2012.WTH,wet_year;nitrogen_stress_year;low_response_year,wet,YCA2012_normal_grid_S0010,low_input_within_10pct_yield,2012-07-15,197,34,29,"{""sim_day"": 34.0, ""doy"": 197.0, ""topwt"": 1566.58447265625, ""grnwt"": 0.0, ""xlai"": 2.073167085647583, ""totir"": 0.0, ""tofer"": NaN, ""swfac"": 0.0, ""nstres"": 0.0}",0.0,0.0,1566.58447265625,0.0,2.073167085647583,0.0,,0.0,0.0,0.0,150.0,34.48203735351562,34.48203735351562,Leave_One_experiments/all_year_offline_schedule_search/daily_outputs/YCA/YCA_2012_YCA2012_normal_grid_S0010_daily.csv
YCA,YCA,Yucheng,2012,Leave_One_experiments\wth_generated_qc\YCA\YCA2012.WTH,wet_year;nitrogen_stress_year;low_response_year,wet,YCA2012_normal_grid_S0010,low_input_within_10pct_yield,2012-07-16,198,35,30,"{""sim_day"": 35.0, ""doy"": 198.0, ""topwt"": 1779.2330932617188, ""grnwt"": 0.0, ""xlai"": 2.264354705810547, ""totir"": 0.0, ""tofer"": NaN, ""swfac"": 0.0, ""nstres"": 0.0}",0.0,0.0,1779.2330932617188,0.0,2.264354705810547,0.0,,0.0,50.0,0.0,150.0,34.48203735351562,34.48203735351562,Leave_One_experiments/all_year_offline_schedule_search/daily_outputs/YCA/YCA_2012_YCA2012_normal_grid_S0010_daily.csv
YCA,YCA,Yucheng,2012,Leave_One_experiments\wth_generated_qc\YCA\YCA2012.WTH,wet_year;nitrogen_stress_year;low_response_year,wet,YCA2012_normal_grid_S0010,low_input_within_10pct_yield,2012-07-17,199,36,31,"{""sim_day"": 36.0, ""doy"": 199.0, ""topwt"": 1995.4811096191409, ""grnwt"": 0.0, ""xlai"": 2.445076942443848, ""totir"": 0.0, ""tofer"": NaN, ""swfac"": 0.0, ""nstres"": 0.0}",0.0,0.0,1995.4811096191409,0.0,2.445076942443848,0.0,,0.0,0.0,0.0,150.0,34.48203735351562,34.48203735351562,Leave_One_experiments/all_year_offline_schedule_search/daily_outputs/YCA/YCA_2012_YCA2012_normal_grid_S0010_daily.csv
YCA,YCA,Yucheng,2012,Leave_One_experiments\wth_generated_qc\YCA\YCA2012.WTH,wet_year;nitrogen_stress_year;low_response_year,wet,YCA2012_normal_grid_S0010,low_input_within_10pct_yield,2012-07-18,200,37,32,"{""sim_day"": 37.0, ""doy"": 200.0, ""topwt"": 2241.768798828125, ""grnwt"": 0.0, ""xlai"": 2.635554313659668, ""totir"": 0.0, ""tofer"": NaN, ""swfac"": 0.0, ""nstres"": 0.0}",0.0,0.0,2241.768798828125,0.0,2.635554313659668,0.0,,0.0,0.0,0.0,150.0,34.48203735351562,34.48203735351562,Leave_One_experiments/all_year_offline_schedule_search/daily_outputs/YCA/YCA_2012_YCA2012_normal_grid_S0010_daily.csv
YCA,YCA,Yucheng,2012,Leave_One_experiments\wth_generated_qc\YCA\YCA2012.WTH,wet_year;nitrogen_stress_year;low_response_year,wet,YCA2012_normal_grid_S0010,low_input_within_10pct_yield,2012-07-19,201,38,33,"{""sim_day"": 38.0, ""doy"": 201.0, ""topwt"": 2512.510681152344, ""grnwt"": 0.0, ""xlai"": 2.828322172164917, ""totir"": 0.0, ""tofer"": NaN, ""swfac"": 0.0, ""nstres"": 0.0}",0.0,0.0,2512.510681152344,0.0,2.828322172164917,0.0,,0.0,0.0,0.0,150.0,34.48203735351562,34.48203735351562,Leave_One_experiments/all_year_offline_schedule_search/daily_outputs/YCA/YCA_2012_YCA2012_normal_grid_S0010_daily.csv
YCA,YCA,Yucheng,2012,Leave_One_experiments\wth_generated_qc\YCA\YCA2012.WTH,wet_year;nitrogen_stress_year;low_response_year,wet,YCA2012_normal_grid_S0010,low_input_within_10pct_yield,2012-07-20,202,39,34,"{""sim_day"": 39.0, ""doy"": 202.0, ""topwt"": 2773.2058715820312, ""grnwt"": 0.0, ""xlai"": 2.998799085617065, ""totir"": 0.0, ""tofer"": NaN, ""swfac"": 0.0, ""nstres"": 0.0}",0.0,0.0,2773.2058715820312,0.0,2.998799085617065,0.0,,0.0,0.0,0.0,150.0,34.48203735351562,34.48203735351562,Leave_One_experiments/all_year_offline_schedule_search/daily_outputs/YCA/YCA_2012_YCA2012_normal_grid_S0010_daily.csv
YCA,YCA,Yucheng,2012,Leave_One_experiments\wth_generated_qc\YCA\YCA2012.WTH,wet_year;nitrogen_stress_year;low_response_year,wet,YCA2012_normal_grid_S0010,low_input_within_10pct_yield,2012-07-21,203,40,35,"{""sim_day"": 40.0, ""doy"": 203.0, ""topwt"": 2898.9419555664062, ""grnwt"": 0.0, ""xlai"": 3.0748045444488525, ""totir"": 0.0, ""tofer"": NaN, ""swfac"": 0.0, ""nstres"": 0.0}",0.0,0.0,2898.9419555664062,0.0,3.0748045444488525,0.0,,0.0,0.0,0.0,150.0,34.48203735351562,34.48203735351562,Leave_One_experiments/all_year_offline_schedule_search/daily_outputs/YCA/YCA_2012_YCA2012_normal_grid_S0010_daily.csv
YCA,YCA,Yucheng,2012,Leave_One_experiments\wth_generated_qc\YCA\YCA2012.WTH,wet_year;nitrogen_stress_year;low_response_year,wet,YCA2012_normal_grid_S0010,low_input_within_10pct_yield,2012-07-22,204,41,36,"{""sim_day"": 41.0, ""doy"": 204.0, ""topwt"": 3234.301147460937, ""grnwt"": 0.0, ""xlai"": 3.263129234313965, ""totir"": 0.0, ""tofer"": NaN, ""swfac"": 0.0, ""nstres"": 0.0}",0.0,0.0,3234.301147460937,0.0,3.263129234313965,0.0,,0.0,0.0,0.0,150.0,34.48203735351562,34.48203735351562,Leave_One_experiments/all_year_offline_schedule_search/daily_outputs/YCA/YCA_2012_YCA2012_normal_grid_S0010_daily.csv
YCA,YCA,Yucheng,2012,Leave_One_experiments\wth_generated_qc\YCA\YCA2012.WTH,wet_year;nitrogen_stress_year;low_response_year,wet,YCA2012_normal_grid_S0010,low_input_within_10pct_yield,2012-07-23,205,42,37,"{""sim_day"": 42.0, ""doy"": 205.0, ""topwt"": 3612.9421997070312, ""grnwt"": 0.0, ""xlai"": 3.458162307739258, ""totir"": 0.0, ""tofer"": NaN, ""swfac"": 0.0, ""nstres"": 0.0}",0.0,0.0,3612.9421997070312,0.0,3.458162307739258,0.0,,0.0,0.0,0.0,150.0,34.48203735351562,34.48203735351562,Leave_One_experiments/all_year_offline_schedule_search/daily_outputs/YCA/YCA_2012_YCA2012_normal_grid_S0010_daily.csv
YCA,YCA,Yucheng,2012,Leave_One_experiments\wth_generated_qc\YCA\YCA2012.WTH,wet_year;nitrogen_stress_year;low_response_year,wet,YCA2012_normal_grid_S0010,low_input_within_10pct_yield,2012-07-24,206,43,38,"{""sim_day"": 43.0, ""doy"": 206.0, ""topwt"": 3914.93408203125, ""grnwt"": 0.0, ""xlai"": 3.60075306892395, ""totir"": 0.0, ""tofer"": NaN, ""swfac"": 0.0, ""nstres"": 0.0}",0.0,0.0,3914.93408203125,0.0,3.60075306892395,0.0,,0.0,0.0,0.0,150.0,34.48203735351562,34.48203735351562,Leave_One_experiments/all_year_offline_schedule_search/daily_outputs/YCA/YCA_2012_YCA2012_normal_grid_S0010_daily.csv
YCA,YCA,Yucheng,2012,Leave_One_experiments\wth_generated_qc\YCA\YCA2012.WTH,wet_year;nitrogen_stress_year;low_response_year,wet,YCA2012_normal_grid_S0010,low_input_within_10pct_yield,2012-07-25,207,44,39,"{""sim_day"": 44.0, ""doy"": 207.0, ""topwt"": 4294.711608886719, ""grnwt"": 0.0, ""xlai"": 3.7648541927337646, ""totir"": 0.0, ""tofer"": NaN, ""swfac"": 0.0, ""nstres"": 0.0}",0.0,0.0,4294.711608886719,0.0,3.7648541927337646,0.0,,0.0,0.0,0.0,150.0,34.48203735351562,34.48203735351562,Leave_One_experiments/all_year_offline_schedule_search/daily_outputs/YCA/YCA_2012_YCA2012_normal_grid_S0010_daily.csv
YCA,YCA,Yucheng,2012,Leave_One_experiments\wth_generated_qc\YCA\YCA2012.WTH,wet_year;nitrogen_stress_year;low_response_year,wet,YCA2012_normal_grid_S0010,low_input_within_10pct_yield,2012-07-26,208,45,40,"{""sim_day"": 45.0, ""doy"": 208.0, ""topwt"": 4672.874755859375, ""grnwt"": 0.0, ""xlai"": 3.909759998321533, ""totir"": 0.0, ""tofer"": NaN, ""swfac"": 0.0, ""nstres"": 0.0116324424743652}",0.0,0.0116324424743652,4672.874755859375,0.0,3.909759998321533,0.0,,0.0,0.0,0.0,150.0,34.48203735351562,34.48203735351562,Leave_One_experiments/all_year_offline_schedule_search/daily_outputs/YCA/YCA_2012_YCA2012_normal_grid_S0010_daily.csv
YCA,YCA,Yucheng,2012,Leave_One_experiments\wth_generated_qc\YCA\YCA2012.WTH,wet_year;nitrogen_stress_year;low_response_year,wet,YCA2012_normal_grid_S0010,low_input_within_10pct_yield,2012-07-27,209,46,41,"{""sim_day"": 46.0, ""doy"": 209.0, ""topwt"": 5027.853393554688, ""grnwt"": 0.0, ""xlai"": 4.091423988342285, ""totir"": 0.0, ""tofer"": NaN, ""swfac"": 0.0, ""nstres"": 0.0434402227401733}",0.0,0.0434402227401733,5027.853393554688,0.0,4.091423988342285,0.0,,0.0,0.0,0.0,150.0,34.48203735351562,34.48203735351562,Leave_One_experiments/all_year_offline_schedule_search/daily_outputs/YCA/YCA_2012_YCA2012_normal_grid_S0010_daily.csv
YCA,YCA,Yucheng,2012,Leave_One_experiments\wth_generated_qc\YCA\YCA2012.WTH,wet_year;nitrogen_stress_year;low_response_year,wet,YCA2012_normal_grid_S0010,low_input_within_10pct_yield,2012-07-28,210,47,42,"{""sim_day"": 47.0, ""doy"": 210.0, ""topwt"": 5336.201171875, ""grnwt"": 0.0, ""xlai"": 4.1810173988342285, ""totir"": 0.0, ""tofer"": NaN, ""swfac"": 0.0, ""nstres"": 0.0699502229690551}",0.0,0.0699502229690551,5336.201171875,0.0,4.1810173988342285,0.0,,0.0,0.0,0.0,150.0,34.48203735351562,34.48203735351562,Leave_One_experiments/all_year_offline_schedule_search/daily_outputs/YCA/YCA_2012_YCA2012_normal_grid_S0010_daily.csv
YCA,YCA,Yucheng,2012,Leave_One_experiments\wth_generated_qc\YCA\YCA2012.WTH,wet_year;nitrogen_stress_year;low_response_year,wet,YCA2012_normal_grid_S0010,low_input_within_10pct_yield,2012-07-29,211,48,43,"{""sim_day"": 48.0, ""doy"": 211.0, ""topwt"": 5495.751953125, ""grnwt"": 0.0, ""xlai"": 4.188567638397217, ""totir"": 0.0, ""tofer"": NaN, ""swfac"": 0.0, ""nstres"": 0.0912591218948364}",0.0,0.0912591218948364,5495.751953125,0.0,4.188567638397217,0.0,,0.0,0.0,0.0,150.0,34.48203735351562,34.48203735351562,Leave_One_experiments/all_year_offline_schedule_search/daily_outputs/YCA/YCA_2012_YCA2012_normal_grid_S0010_daily.csv
YCA,YCA,Yucheng,2012,Leave_One_experiments\wth_generated_qc\YCA\YCA2012.WTH,wet_year;nitrogen_stress_year;low_response_year,wet,YCA2012_normal_grid_S0010,low_input_within_10pct_yield,2012-07-30,212,49,44,"{""sim_day"": 49.0, ""doy"": 212.0, ""topwt"": 5564.855346679688, ""grnwt"": 0.0, ""xlai"": 4.153930187225342, ""totir"": 0.0, ""tofer"": NaN, ""swfac"": 0.0, ""nstres"": 0.1071162223815918}",0.0,0.1071162223815918,5564.855346679688,0.0,4.153930187225342,0.0,,0.0,0.0,0.0,150.0,34.48203735351562,34.48203735351562,Leave_One_experiments/all_year_offline_schedule_search/daily_outputs/YCA/YCA_2012_YCA2012_normal_grid_S0010_daily.csv
YCA,YCA,Yucheng,2012,Leave_One_experiments\wth_generated_qc\YCA\YCA2012.WTH,wet_year;nitrogen_stress_year;low_response_year,wet,YCA2012_normal_grid_S0010,low_input_within_10pct_yield,2012-07-31,213,50,45,"{""sim_day"": 50.0, ""doy"": 213.0, ""topwt"": 5689.98291015625, ""grnwt"": 0.0, ""xlai"": 4.132596492767334, ""totir"": 0.0, ""tofer"": NaN, ""swfac"": 0.0, ""nstres"": 0.1115641593933105}",0.0,0.1115641593933105,5689.98291015625,0.0,4.132596492767334,0.0,,0.0,0.0,0.0,150.0,34.48203735351562,34.48203735351562,Leave_One_experiments/all_year_offline_schedule_search/daily_outputs/YCA/YCA_2012_YCA2012_normal_grid_S0010_daily.csv
YCA,YCA,Yucheng,2012,Leave_One_experiments\wth_generated_qc\YCA\YCA2012.WTH,wet_year;nitrogen_stress_year;low_response_year,wet,YCA2012_normal_grid_S0010,low_input_within_10pct_yield,2012-08-01,214,51,46,"{""sim_day"": 51.0, ""doy"": 214.0, ""topwt"": 5828.3001708984375, ""grnwt"": 0.0, ""xlai"": 4.114346981048584, ""totir"": 0.0, ""tofer"": NaN, ""swfac"": 0.0, ""nstres"": 0.1089305877685546}",0.0,0.1089305877685546,5828.3001708984375,0.0,4.114346981048584,0.0,,0.0,0.0,0.0,150.0,34.48203735351562,34.48203735351562,Leave_One_experiments/all_year_offline_schedule_search/daily_outputs/YCA/YCA_2012_YCA2012_normal_grid_S0010_daily.csv
YCA,YCA,Yucheng,2012,Leave_One_experiments\wth_generated_qc\YCA\YCA2012.WTH,wet_year;nitrogen_stress_year;low_response_year,wet,YCA2012_normal_grid_S0010,low_input_within_10pct_yield,2012-08-02,215,52,47,"{""sim_day"": 52.0, ""doy"": 215.0, ""topwt"": 5951.790771484375, ""grnwt"": 0.0, ""xlai"": 4.089624881744385, ""totir"": 0.0, ""tofer"": NaN, ""swfac"": 0.0, ""nstres"": 0.1101683378219604}",0.0,0.1101683378219604,5951.790771484375,0.0,4.089624881744385,0.0,,0.0,0.0,0.0,150.0,34.48203735351562,34.48203735351562,Leave_One_experiments/all_year_offline_schedule_search/daily_outputs/YCA/YCA_2012_YCA2012_normal_grid_S0010_daily.csv
YCA,YCA,Yucheng,2012,Leave_One_experiments\wth_generated_qc\YCA\YCA2012.WTH,wet_year;nitrogen_stress_year;low_response_year,wet,YCA2012_normal_grid_S0010,low_input_within_10pct_yield,2012-08-03,216,53,48,"{""sim_day"": 53.0, ""doy"": 216.0, ""topwt"": 6031.416015625, ""grnwt"": 0.0, ""xlai"": 4.051562309265137, ""totir"": 0.0, ""tofer"": NaN, ""swfac"": 0.0, ""nstres"": 0.1125341653823852}",0.0,0.1125341653823852,6031.416015625,0.0,4.051562309265137,0.0,,0.0,0.0,0.0,150.0,34.48203735351562,34.48203735351562,Leave_One_experiments/all_year_offline_schedule_search/daily_outputs/YCA/YCA_2012_YCA2012_normal_grid_S0010_daily.csv
YCA,YCA,Yucheng,2012,Leave_One_experiments\wth_generated_qc\YCA\YCA2012.WTH,wet_year;nitrogen_stress_year;low_response_year,wet,YCA2012_normal_grid_S0010,low_input_within_10pct_yield,2012-08-04,217,54,49,"{""sim_day"": 54.0, ""doy"": 217.0, ""topwt"": 6275.25390625, ""grnwt"": 0.0, ""xlai"": 4.051642894744873, ""totir"": 0.0, ""tofer"": NaN, ""swfac"": 0.0, ""nstres"": 0.1138826012611389}",0.0,0.1138826012611389,6275.25390625,0.0,4.051642894744873,0.0,,0.0,0.0,0.0,150.0,34.48203735351562,34.48203735351562,Leave_One_experiments/all_year_offline_schedule_search/daily_outputs/YCA/YCA_2012_YCA2012_normal_grid_S0010_daily.csv
YCA,YCA,Yucheng,2012,Leave_One_experiments\wth_generated_qc\YCA\YCA2012.WTH,wet_year;nitrogen_stress_year;low_response_year,wet,YCA2012_normal_grid_S0010,low_input_within_10pct_yield,2012-08-05,218,55,50,"{""sim_day"": 55.0, ""doy"": 218.0, ""topwt"": 6550.72021484375, ""grnwt"": 0.0, ""xlai"": 4.060259819030762, ""totir"": 0.0, ""tofer"": NaN, ""swfac"": 0.0, ""nstres"": 0.1118432879447937}",0.0,0.1118432879447937,6550.72021484375,0.0,4.060259819030762,0.0,,0.0,0.0,0.0,150.0,34.48203735351562,34.48203735351562,Leave_One_experiments/all_year_offline_schedule_search/daily_outputs/YCA/YCA_2012_YCA2012_normal_grid_S0010_daily.csv
YCA,YCA,Yucheng,2012,Leave_One_experiments\wth_generated_qc\YCA\YCA2012.WTH,wet_year;nitrogen_stress_year;low_response_year,wet,YCA2012_normal_grid_S0010,low_input_within_10pct_yield,2012-08-06,219,56,51,"{""sim_day"": 56.0, ""doy"": 219.0, ""topwt"": 6844.7271728515625, ""grnwt"": 0.0, ""xlai"": 4.0706868171691895, ""totir"": 0.0, ""tofer"": NaN, ""swfac"": 0.0, ""nstres"": 0.116532564163208}",0.0,0.116532564163208,6844.7271728515625,0.0,4.0706868171691895,0.0,,0.0,0.0,0.0,150.0,34.48203735351562,34.48203735351562,Leave_One_experiments/all_year_offline_schedule_search/daily_outputs/YCA/YCA_2012_YCA2012_normal_grid_S0010_daily.csv
YCA,YCA,Yucheng,2012,Leave_One_experiments\wth_generated_qc\YCA\YCA2012.WTH,wet_year;nitrogen_stress_year;low_response_year,wet,YCA2012_normal_grid_S0010,low_input_within_10pct_yield,2012-08-07,220,57,52,"{""sim_day"": 57.0, ""doy"": 220.0, ""topwt"": 7142.87841796875, ""grnwt"": 0.0, ""xlai"": 4.079306125640869, ""totir"": 0.0, ""tofer"": NaN, ""swfac"": 0.0, ""nstres"": 0.121493399143219}",0.0,0.121493399143219,7142.87841796875,0.0,4.079306125640869,0.0,,0.0,0.0,0.0,150.0,34.48203735351562,34.48203735351562,Leave_One_experiments/all_year_offline_schedule_search/daily_outputs/YCA/YCA_2012_YCA2012_normal_grid_S0010_daily.csv
YCA,YCA,Yucheng,2012,Leave_One_experiments\wth_generated_qc\YCA\YCA2012.WTH,wet_year;nitrogen_stress_year;low_response_year,wet,YCA2012_normal_grid_S0010,low_input_within_10pct_yield,2012-08-08,221,58,53,"{""sim_day"": 58.0, ""doy"": 221.0, ""topwt"": 7333.948364257812, ""grnwt"": 0.0, ""xlai"": 4.060915470123291, ""totir"": 0.0, ""tofer"": NaN, ""swfac"": 0.0, ""nstres"": 0.1241493225097656}",0.0,0.1241493225097656,7333.948364257812,0.0,4.060915470123291,0.0,,0.0,0.0,0.0,150.0,34.48203735351562,34.48203735351562,Leave_One_experiments/all_year_offline_schedule_search/daily_outputs/YCA/YCA_2012_YCA2012_normal_grid_S0010_daily.csv
YCA,YCA,Yucheng,2012,Leave_One_experiments\wth_generated_qc\YCA\YCA2012.WTH,wet_year;nitrogen_stress_year;low_response_year,wet,YCA2012_normal_grid_S0010,low_input_within_10pct_yield,2012-08-09,222,59,54,"{""sim_day"": 59.0, ""doy"": 222.0, ""topwt"": 7561.212768554687, ""grnwt"": 0.0, ""xlai"": 3.997109651565552, ""totir"": 0.0, ""tofer"": NaN, ""swfac"": 0.0, ""nstres"": 0.1256979703903198}",0.0,0.1256979703903198,7561.212768554687,0.0,3.997109651565552,0.0,,0.0,0.0,0.0,150.0,34.48203735351562,34.48203735351562,Leave_One_experiments/all_year_offline_schedule_search/daily_outputs/YCA/YCA_2012_YCA2012_normal_grid_S0010_daily.csv
YCA,YCA,Yucheng,2012,Leave_One_experiments\wth_generated_qc\YCA\YCA2012.WTH,wet_year;nitrogen_stress_year;low_response_year,wet,YCA2012_normal_grid_S0010,low_input_within_10pct_yield,2012-08-10,223,60,55,"{""sim_day"": 60.0, ""doy"": 223.0, ""topwt"": 7889.90234375, ""grnwt"": 0.0, ""xlai"": 3.9381070137023926, ""totir"": 0.0, ""tofer"": NaN, ""swfac"": 0.0, ""nstres"": 0.1180901527404785}",0.0,0.1180901527404785,7889.90234375,0.0,3.9381070137023926,0.0,,0.0,0.0,0.0,150.0,34.48203735351562,34.48203735351562,Leave_One_experiments/all_year_offline_schedule_search/daily_outputs/YCA/YCA_2012_YCA2012_normal_grid_S0010_daily.csv
YCA,YCA,Yucheng,2012,Leave_One_experiments\wth_generated_qc\YCA\YCA2012.WTH,wet_year;nitrogen_stress_year;low_response_year,wet,YCA2012_normal_grid_S0010,low_input_within_10pct_yield,2012-08-11,224,61,56,"{""sim_day"": 61.0, ""doy"": 224.0, ""topwt"": 7920.831909179687, ""grnwt"": 0.0, ""xlai"": 3.8820877075195312, ""totir"": 0.0, ""tofer"": NaN, ""swfac"": 0.0, ""nstres"": 0.1137993335723877}",0.0,0.1137993335723877,7920.831909179687,0.0,3.8820877075195312,0.0,,0.0,0.0,0.0,150.0,34.48203735351562,34.48203735351562,Leave_One_experiments/all_year_offline_schedule_search/daily_outputs/YCA/YCA_2012_YCA2012_normal_grid_S0010_daily.csv
YCA,YCA,Yucheng,2012,Leave_One_experiments\wth_generated_qc\YCA\YCA2012.WTH,wet_year;nitrogen_stress_year;low_response_year,wet,YCA2012_normal_grid_S0010,low_input_within_10pct_yield,2012-08-12,225,62,57,"{""sim_day"": 62.0, ""doy"": 225.0, ""topwt"": 8168.261108398437, ""grnwt"": 0.0, ""xlai"": 3.8278591632843018, ""totir"": 0.0, ""tofer"": NaN, ""swfac"": 0.0, ""nstres"": 0.111750841140747}",0.0,0.111750841140747,8168.261108398437,0.0,3.8278591632843018,0.0,,0.0,0.0,0.0,150.0,34.48203735351562,34.48203735351562,Leave_One_experiments/all_year_offline_schedule_search/daily_outputs/YCA/YCA_2012_YCA2012_normal_grid_S0010_daily.csv
YCA,YCA,Yucheng,2012,Leave_One_experiments\wth_generated_qc\YCA\YCA2012.WTH,wet_year;nitrogen_stress_year;low_response_year,wet,YCA2012_normal_grid_S0010,low_input_within_10pct_yield,2012-08-13,226,63,58,"{""sim_day"": 63.0, ""doy"": 226.0, ""topwt"": 8146.31103515625, ""grnwt"": 0.0, ""xlai"": 3.778562307357788, ""totir"": 0.0, ""tofer"": NaN, ""swfac"": 0.0, ""nstres"": 0.1030278205871582}",0.0,0.1030278205871582,8146.31103515625,0.0,3.778562307357788,0.0,,0.0,0.0,0.0,150.0,34.48203735351562,34.48203735351562,Leave_One_experiments/all_year_offline_schedule_search/daily_outputs/YCA/YCA_2012_YCA2012_normal_grid_S0010_daily.csv
YCA,YCA,Yucheng,2012,Leave_One_experiments\wth_generated_qc\YCA\YCA2012.WTH,wet_year;nitrogen_stress_year;low_response_year,wet,YCA2012_normal_grid_S0010,low_input_within_10pct_yield,2012-08-14,227,64,59,"{""sim_day"": 64.0, ""doy"": 227.0, ""topwt"": 8465.131225585938, ""grnwt"": 0.0, ""xlai"": 3.732134580612183, ""totir"": 0.0, ""tofer"": NaN, ""swfac"": 0.0, ""nstres"": 0.0982965230941772}",0.0,0.0982965230941772,8465.131225585938,0.0,3.732134580612183,0.0,,0.0,0.0,0.0,150.0,34.48203735351562,34.48203735351562,Leave_One_experiments/all_year_offline_schedule_search/daily_outputs/YCA/YCA_2012_YCA2012_normal_grid_S0010_daily.csv
YCA,YCA,Yucheng,2012,Leave_One_experiments\wth_generated_qc\YCA\YCA2012.WTH,wet_year;nitrogen_stress_year;low_response_year,wet,YCA2012_normal_grid_S0010,low_input_within_10pct_yield,2012-08-15,228,65,60,"{""sim_day"": 65.0, ""doy"": 228.0, ""topwt"": 8741.716918945312, ""grnwt"": 0.0, ""xlai"": 3.692166805267334, ""totir"": 0.0, ""tofer"": NaN, ""swfac"": 0.0, ""nstres"": 0.0856729745864868}",0.0,0.0856729745864868,8741.716918945312,0.0,3.692166805267334,0.0,,0.0,50.0,0.0,150.0,34.48203735351562,34.48203735351562,Leave_One_experiments/all_year_offline_schedule_search/daily_outputs/YCA/YCA_2012_YCA2012_normal_grid_S0010_daily.csv
YCA,YCA,Yucheng,2012,Leave_One_experiments\wth_generated_qc\YCA\YCA2012.WTH,wet_year;nitrogen_stress_year;low_response_year,wet,YCA2012_normal_grid_S0010,low_input_within_10pct_yield,2012-08-16,229,66,61,"{""sim_day"": 66.0, ""doy"": 229.0, ""topwt"": 8956.4794921875, ""grnwt"": 0.0, ""xlai"": 3.6662304401397705, ""totir"": 0.0, ""tofer"": NaN, ""swfac"": 0.0, ""nstres"": 0.056198239326477}",0.0,0.056198239326477,8956.4794921875,0.0,3.6662304401397705,0.0,,0.0,0.0,0.0,150.0,34.48203735351562,34.48203735351562,Leave_One_experiments/all_year_offline_schedule_search/daily_outputs/YCA/YCA_2012_YCA2012_normal_grid_S0010_daily.csv
YCA,YCA,Yucheng,2012,Leave_One_experiments\wth_generated_qc\YCA\YCA2012.WTH,wet_year;nitrogen_stress_year;low_response_year,wet,YCA2012_normal_grid_S0010,low_input_within_10pct_yield,2012-08-17,230,67,62,"{""sim_day"": 67.0, ""doy"": 230.0, ""topwt"": 8982.325439453125, ""grnwt"": 0.0, ""xlai"": 3.663795232772827, ""totir"": 0.0, ""tofer"": NaN, ""swfac"": 0.0, ""nstres"": 0.0053131580352783}",0.0,0.0053131580352783,8982.325439453125,0.0,3.663795232772827,0.0,,0.0,0.0,0.0,150.0,34.48203735351562,34.48203735351562,Leave_One_experiments/all_year_offline_schedule_search/daily_outputs/YCA/YCA_2012_YCA2012_normal_grid_S0010_daily.csv
YCA,YCA,Yucheng,2012,Leave_One_experiments\wth_generated_qc\YCA\YCA2012.WTH,wet_year;nitrogen_stress_year;low_response_year,wet,YCA2012_normal_grid_S0010,low_input_within_10pct_yield,2012-08-18,231,68,63,"{""sim_day"": 68.0, ""doy"": 231.0, ""topwt"": 9267.56591796875, ""grnwt"": 0.0, ""xlai"": 3.663795232772827, ""totir"": 0.0, ""tofer"": NaN, ""swfac"": 0.0, ""nstres"": 0.0}",0.0,0.0,9267.56591796875,0.0,3.663795232772827,0.0,,0.0,0.0,0.0,150.0,34.48203735351562,34.48203735351562,Leave_One_experiments/all_year_offline_schedule_search/daily_outputs/YCA/YCA_2012_YCA2012_normal_grid_S0010_daily.csv
YCA,YCA,Yucheng,2012,Leave_One_experiments\wth_generated_qc\YCA\YCA2012.WTH,wet_year;nitrogen_stress_year;low_response_year,wet,YCA2012_normal_grid_S0010,low_input_within_10pct_yield,2012-08-19,232,69,64,"{""sim_day"": 69.0, ""doy"": 232.0, ""topwt"": 9466.484375, ""grnwt"": 212.5323867797852, ""xlai"": 3.663795232772827, ""totir"": 0.0, ""tofer"": NaN, ""swfac"": 0.0, ""nstres"": 0.0}",0.0,0.0,9466.484375,212.5323867797852,3.663795232772827,0.0,,0.0,0.0,0.0,150.0,34.48203735351562,34.48203735351562,Leave_One_experiments/all_year_offline_schedule_search/daily_outputs/YCA/YCA_2012_YCA2012_normal_grid_S0010_daily.csv
YCA,YCA,Yucheng,2012,Leave_One_experiments\wth_generated_qc\YCA\YCA2012.WTH,wet_year;nitrogen_stress_year;low_response_year,wet,YCA2012_normal_grid_S0010,low_input_within_10pct_yield,2012-08-20,233,70,65,"{""sim_day"": 70.0, ""doy"": 233.0, ""topwt"": 9553.140258789062, ""grnwt"": 425.0647735595703, ""xlai"": 3.663795232772827, ""totir"": 0.0, ""tofer"": NaN, ""swfac"": 0.0, ""nstres"": 0.0}",0.0,0.0,9553.140258789062,425.0647735595703,3.663795232772827,0.0,,0.0,0.0,0.0,150.0,34.48203735351562,34.48203735351562,Leave_One_experiments/all_year_offline_schedule_search/daily_outputs/YCA/YCA_2012_YCA2012_normal_grid_S0010_daily.csv
YCA,YCA,Yucheng,2012,Leave_One_experiments\wth_generated_qc\YCA\YCA2012.WTH,wet_year;nitrogen_stress_year;low_response_year,wet,YCA2012_normal_grid_S0010,low_input_within_10pct_yield,2012-08-21,234,71,66,"{""sim_day"": 71.0, ""doy"": 234.0, ""topwt"": 9888.851318359377, ""grnwt"": 637.5971221923828, ""xlai"": 3.663795232772827, ""totir"": 0.0, ""tofer"": NaN, ""swfac"": 0.0, ""nstres"": 0.0}",0.0,0.0,9888.851318359377,637.5971221923828,3.663795232772827,0.0,,0.0,0.0,0.0,150.0,34.48203735351562,34.48203735351562,Leave_One_experiments/all_year_offline_schedule_search/daily_outputs/YCA/YCA_2012_YCA2012_normal_grid_S0010_daily.csv
YCA,YCA,Yucheng,2012,Leave_One_experiments\wth_generated_qc\YCA\YCA2012.WTH,wet_year;nitrogen_stress_year;low_response_year,wet,YCA2012_normal_grid_S0010,low_input_within_10pct_yield,2012-08-22,235,72,67,"{""sim_day"": 72.0, ""doy"": 235.0, ""topwt"": 10117.696533203123, ""grnwt"": 850.1295471191406, ""xlai"": 3.663795232772827, ""totir"": 0.0, ""tofer"": NaN, ""swfac"": 0.0, ""nstres"": 0.0}",0.0,0.0,10117.696533203123,850.1295471191406,3.663795232772827,0.0,,0.0,0.0,0.0,150.0,34.48203735351562,34.48203735351562,Leave_One_experiments/all_year_offline_schedule_search/daily_outputs/YCA/YCA_2012_YCA2012_normal_grid_S0010_daily.csv
YCA,YCA,Yucheng,2012,Leave_One_experiments\wth_generated_qc\YCA\YCA2012.WTH,wet_year;nitrogen_stress_year;low_response_year,wet,YCA2012_normal_grid_S0010,low_input_within_10pct_yield,2012-08-23,236,73,68,"{""sim_day"": 73.0, ""doy"": 236.0, ""topwt"": 10330.228271484377, ""grnwt"": 1062.6619720458984, ""xlai"": 3.663795232772827, ""totir"": 0.0, ""tofer"": NaN, ""swfac"": 0.0, ""nstres"": 0.0}",0.0,0.0,10330.228271484377,1062.6619720458984,3.663795232772827,0.0,,0.0,0.0,0.0,150.0,34.48203735351562,34.48203735351562,Leave_One_experiments/all_year_offline_schedule_search/daily_outputs/YCA/YCA_2012_YCA2012_normal_grid_S0010_daily.csv
YCA,YCA,Yucheng,2012,Leave_One_experiments\wth_generated_qc\YCA\YCA2012.WTH,wet_year;nitrogen_stress_year;low_response_year,wet,YCA2012_normal_grid_S0010,low_input_within_10pct_yield,2012-08-24,237,74,69,"{""sim_day"": 74.0, ""doy"": 237.0, ""topwt"": 10542.76123046875, ""grnwt"": 1275.1943969726562, ""xlai"": 3.663795232772827, ""totir"": 0.0, ""tofer"": NaN, ""swfac"": 0.0, ""nstres"": 0.0}",0.0,0.0,10542.76123046875,1275.1943969726562,3.663795232772827,0.0,,0.0,0.0,0.0,150.0,34.48203735351562,34.48203735351562,Leave_One_experiments/all_year_offline_schedule_search/daily_outputs/YCA/YCA_2012_YCA2012_normal_grid_S0010_daily.csv
YCA,YCA,Yucheng,2012,Leave_One_experiments\wth_generated_qc\YCA\YCA2012.WTH,wet_year;nitrogen_stress_year;low_response_year,wet,YCA2012_normal_grid_S0010,low_input_within_10pct_yield,2012-08-25,238,75,70,"{""sim_day"": 75.0, ""doy"": 238.0, ""topwt"": 10747.586669921877, ""grnwt"": 1487.7267456054688, ""xlai"": 3.663795232772827, ""totir"": 0.0, ""tofer"": NaN, ""swfac"": 0.0, ""nstres"": 0.0}",0.0,0.0,10747.586669921877,1487.7267456054688,3.663795232772827,0.0,,0.0,0.0,0.0,150.0,34.48203735351562,34.48203735351562,Leave_One_experiments/all_year_offline_schedule_search/daily_outputs/YCA/YCA_2012_YCA2012_normal_grid_S0010_daily.csv
YCA,YCA,Yucheng,2012,Leave_One_experiments\wth_generated_qc\YCA\YCA2012.WTH,wet_year;nitrogen_stress_year;low_response_year,wet,YCA2012_normal_grid_S0010,low_input_within_10pct_yield,2012-08-26,239,76,71,"{""sim_day"": 76.0, ""doy"": 239.0, ""topwt"": 10930.748291015623, ""grnwt"": 1700.259246826172, ""xlai"": 3.663795232772827, ""totir"": 0.0, ""tofer"": NaN, ""swfac"": 0.0, ""nstres"": 0.0}",0.0,0.0,10930.748291015623,1700.259246826172,3.663795232772827,0.0,,0.0,0.0,0.0,150.0,34.48203735351562,34.48203735351562,Leave_One_experiments/all_year_offline_schedule_search/daily_outputs/YCA/YCA_2012_YCA2012_normal_grid_S0010_daily.csv
YCA,YCA,Yucheng,2012,Leave_One_experiments\wth_generated_qc\YCA\YCA2012.WTH,wet_year;nitrogen_stress_year;low_response_year,wet,YCA2012_normal_grid_S0010,low_input_within_10pct_yield,2012-08-27,240,77,72,"{""sim_day"": 77.0, ""doy"": 240.0, ""topwt"": 11180.357666015623, ""grnwt"": 1912.7915954589844, ""xlai"": 3.663795232772827, ""totir"": 0.0, ""tofer"": NaN, ""swfac"": 0.0, ""nstres"": 0.0}",0.0,0.0,11180.357666015623,1912.7915954589844,3.663795232772827,0.0,,0.0,0.0,0.0,150.0,34.48203735351562,34.48203735351562,Leave_One_experiments/all_year_offline_schedule_search/daily_outputs/YCA/YCA_2012_YCA2012_normal_grid_S0010_daily.csv
YCA,YCA,Yucheng,2012,Leave_One_experiments\wth_generated_qc\YCA\YCA2012.WTH,wet_year;nitrogen_stress_year;low_response_year,wet,YCA2012_normal_grid_S0010,low_input_within_10pct_yield,2012-08-28,241,78,73,"{""sim_day"": 78.0, ""doy"": 241.0, ""topwt"": 11386.248779296877, ""grnwt"": 2118.682403564453, ""xlai"": 3.663795232772827, ""totir"": 0.0, ""tofer"": NaN, ""swfac"": 0.0, ""nstres"": 0.0}",0.0,0.0,11386.248779296877,2118.682403564453,3.663795232772827,0.0,,0.0,0.0,0.0,150.0,34.48203735351562,34.48203735351562,Leave_One_experiments/all_year_offline_schedule_search/daily_outputs/YCA/YCA_2012_YCA2012_normal_grid_S0010_daily.csv
YCA,YCA,Yucheng,2012,Leave_One_experiments\wth_generated_qc\YCA\YCA2012.WTH,wet_year;nitrogen_stress_year;low_response_year,wet,YCA2012_normal_grid_S0010,low_input_within_10pct_yield,2012-08-29,242,79,74,"{""sim_day"": 79.0, ""doy"": 242.0, ""topwt"": 11589.483642578123, ""grnwt"": 2321.91650390625, ""xlai"": 3.663795232772827, ""totir"": 0.0, ""tofer"": NaN, ""swfac"": 0.0, ""nstres"": 0.0}",0.0,0.0,11589.483642578123,2321.91650390625,3.663795232772827,0.0,,0.0,0.0,0.0,150.0,34.48203735351562,34.48203735351562,Leave_One_experiments/all_year_offline_schedule_search/daily_outputs/YCA/YCA_2012_YCA2012_normal_grid_S0010_daily.csv
YCA,YCA,Yucheng,2012,Leave_One_experiments\wth_generated_qc\YCA\YCA2012.WTH,wet_year;nitrogen_stress_year;low_response_year,wet,YCA2012_normal_grid_S0010,low_input_within_10pct_yield,2012-08-30,243,80,75,"{""sim_day"": 80.0, ""doy"": 243.0, ""topwt"": 11802.015380859377, ""grnwt"": 2534.4488525390625, ""xlai"": 3.663795232772827, ""totir"": 0.0, ""tofer"": NaN, ""swfac"": 0.0, ""nstres"": 0.0}",0.0,0.0,11802.015380859377,2534.4488525390625,3.663795232772827,0.0,,0.0,0.0,0.0,150.0,34.48203735351562,34.48203735351562,Leave_One_experiments/all_year_offline_schedule_search/daily_outputs/YCA/YCA_2012_YCA2012_normal_grid_S0010_daily.csv
YCA,YCA,Yucheng,2012,Leave_One_experiments\wth_generated_qc\YCA\YCA2012.WTH,wet_year;nitrogen_stress_year;low_response_year,wet,YCA2012_normal_grid_S0010,low_input_within_10pct_yield,2012-08-31,244,81,76,"{""sim_day"": 81.0, ""doy"": 244.0, ""topwt"": 12002.5927734375, ""grnwt"": 2735.0262451171875, ""xlai"": 3.663795232772827, ""totir"": 0.0, ""tofer"": NaN, ""swfac"": 0.0, ""nstres"": 0.0}",0.0,0.0,12002.5927734375,2735.0262451171875,3.663795232772827,0.0,,0.0,0.0,0.0,150.0,34.48203735351562,34.48203735351562,Leave_One_experiments/all_year_offline_schedule_search/daily_outputs/YCA/YCA_2012_YCA2012_normal_grid_S0010_daily.csv
YCA,YCA,Yucheng,2012,Leave_One_experiments\wth_generated_qc\YCA\YCA2012.WTH,wet_year;nitrogen_stress_year;low_response_year,wet,YCA2012_normal_grid_S0010,low_input_within_10pct_yield,2012-09-01,245,82,77,"{""sim_day"": 82.0, ""doy"": 245.0, ""topwt"": 12047.890625, ""grnwt"": 2947.55859375, ""xlai"": 3.663795232772827, ""totir"": 0.0, ""tofer"": NaN, ""swfac"": 0.0, ""nstres"": 0.0}",0.0,0.0,12047.890625,2947.55859375,3.663795232772827,0.0,,0.0,0.0,0.0,150.0,34.48203735351562,34.48203735351562,Leave_One_experiments/all_year_offline_schedule_search/daily_outputs/YCA/YCA_2012_YCA2012_normal_grid_S0010_daily.csv
YCA,YCA,Yucheng,2012,Leave_One_experiments\wth_generated_qc\YCA\YCA2012.WTH,wet_year;nitrogen_stress_year;low_response_year,wet,YCA2012_normal_grid_S0010,low_input_within_10pct_yield,2012-09-02,246,83,78,"{""sim_day"": 83.0, ""doy"": 246.0, ""topwt"": 12375.72265625, ""grnwt"": 3160.0912475585938, ""xlai"": 3.663795232772827, ""totir"": 0.0, ""tofer"": NaN, ""swfac"": 0.0, ""nstres"": 0.0}",0.0,0.0,12375.72265625,3160.0912475585938,3.663795232772827,0.0,,0.0,0.0,0.0,150.0,34.48203735351562,34.48203735351562,Leave_One_experiments/all_year_offline_schedule_search/daily_outputs/YCA/YCA_2012_YCA2012_normal_grid_S0010_daily.csv
YCA,YCA,Yucheng,2012,Leave_One_experiments\wth_generated_qc\YCA\YCA2012.WTH,wet_year;nitrogen_stress_year;low_response_year,wet,YCA2012_normal_grid_S0010,low_input_within_10pct_yield,2012-09-03,247,84,79,"{""sim_day"": 84.0, ""doy"": 247.0, ""topwt"": 12640.189208984377, ""grnwt"": 3372.6235961914062, ""xlai"": 3.629612684249878, ""totir"": 0.0, ""tofer"": NaN, ""swfac"": 0.0, ""nstres"": 0.0}",0.0,0.0,12640.189208984377,3372.6235961914062,3.629612684249878,0.0,,0.0,0.0,0.0,150.0,34.48203735351562,34.48203735351562,Leave_One_experiments/all_year_offline_schedule_search/daily_outputs/YCA/YCA_2012_YCA2012_normal_grid_S0010_daily.csv
YCA,YCA,Yucheng,2012,Leave_One_experiments\wth_generated_qc\YCA\YCA2012.WTH,wet_year;nitrogen_stress_year;low_response_year,wet,YCA2012_normal_grid_S0010,low_input_within_10pct_yield,2012-09-04,248,85,80,"{""sim_day"": 85.0, ""doy"": 248.0, ""topwt"": 12852.720947265623, ""grnwt"": 3585.1559448242188, ""xlai"": 3.5797159671783447, ""totir"": 0.0, ""tofer"": NaN, ""swfac"": 0.0, ""nstres"": 0.0}",0.0,0.0,12852.720947265623,3585.1559448242188,3.5797159671783447,0.0,,0.0,0.0,0.0,150.0,34.48203735351562,34.48203735351562,Leave_One_experiments/all_year_offline_schedule_search/daily_outputs/YCA/YCA_2012_YCA2012_normal_grid_S0010_daily.csv
YCA,YCA,Yucheng,2012,Leave_One_experiments\wth_generated_qc\YCA\YCA2012.WTH,wet_year;nitrogen_stress_year;low_response_year,wet,YCA2012_normal_grid_S0010,low_input_within_10pct_yield,2012-09-05,249,86,81,"{""sim_day"": 86.0, ""doy"": 249.0, ""topwt"": 13065.25390625, ""grnwt"": 3797.6882934570312, ""xlai"": 3.5012576580047607, ""totir"": 0.0, ""tofer"": NaN, ""swfac"": 0.0, ""nstres"": 0.0}",0.0,0.0,13065.25390625,3797.6882934570312,3.5012576580047607,0.0,,0.0,0.0,0.0,150.0,34.48203735351562,34.48203735351562,Leave_One_experiments/all_year_offline_schedule_search/daily_outputs/YCA/YCA_2012_YCA2012_normal_grid_S0010_daily.csv
YCA,YCA,Yucheng,2012,Leave_One_experiments\wth_generated_qc\YCA\YCA2012.WTH,wet_year;nitrogen_stress_year;low_response_year,wet,YCA2012_normal_grid_S0010,low_input_within_10pct_yield,2012-09-06,250,87,82,"{""sim_day"": 87.0, ""doy"": 250.0, ""topwt"": 13230.946044921877, ""grnwt"": 4010.220642089844, ""xlai"": 3.4220457077026367, ""totir"": 0.0, ""tofer"": NaN, ""swfac"": 0.0, ""nstres"": 0.0}",0.0,0.0,13230.946044921877,4010.220642089844,3.4220457077026367,0.0,,0.0,0.0,0.0,150.0,34.48203735351562,34.48203735351562,Leave_One_experiments/all_year_offline_schedule_search/daily_outputs/YCA/YCA_2012_YCA2012_normal_grid_S0010_daily.csv
YCA,YCA,Yucheng,2012,Leave_One_experiments\wth_generated_qc\YCA\YCA2012.WTH,wet_year;nitrogen_stress_year;low_response_year,wet,YCA2012_normal_grid_S0010,low_input_within_10pct_yield,2012-09-07,251,88,83,"{""sim_day"": 88.0, ""doy"": 251.0, ""topwt"": 13490.3173828125, ""grnwt"": 4222.7532958984375, ""xlai"": 3.344274044036865, ""totir"": 0.0, ""tofer"": NaN, ""swfac"": 0.0, ""nstres"": 0.0}",0.0,0.0,13490.3173828125,4222.7532958984375,3.344274044036865,0.0,,0.0,0.0,0.0,150.0,34.48203735351562,34.48203735351562,Leave_One_experiments/all_year_offline_schedule_search/daily_outputs/YCA/YCA_2012_YCA2012_normal_grid_S0010_daily.csv
YCA,YCA,Yucheng,2012,Leave_One_experiments\wth_generated_qc\YCA\YCA2012.WTH,wet_year;nitrogen_stress_year;low_response_year,wet,YCA2012_normal_grid_S0010,low_input_within_10pct_yield,2012-09-08,252,89,84,"{""sim_day"": 89.0, ""doy"": 252.0, ""topwt"": 13702.850341796877, ""grnwt"": 4435.285339355469, ""xlai"": 3.253770589828491, ""totir"": 0.0, ""tofer"": NaN, ""swfac"": 0.0, ""nstres"": 0.0}",0.0,0.0,13702.850341796877,4435.285339355469,3.253770589828491,0.0,,0.0,0.0,0.0,150.0,34.48203735351562,34.48203735351562,Leave_One_experiments/all_year_offline_schedule_search/daily_outputs/YCA/YCA_2012_YCA2012_normal_grid_S0010_daily.csv
YCA,YCA,Yucheng,2012,Leave_One_experiments\wth_generated_qc\YCA\YCA2012.WTH,wet_year;nitrogen_stress_year;low_response_year,wet,YCA2012_normal_grid_S0010,low_input_within_10pct_yield,2012-09-09,253,90,85,"{""sim_day"": 90.0, ""doy"": 253.0, ""topwt"": 13915.382080078123, ""grnwt"": 4647.8173828125, ""xlai"": 3.161926031112671, ""totir"": 0.0, ""tofer"": NaN, ""swfac"": 0.0, ""nstres"": 0.0}",0.0,0.0,13915.382080078123,4647.8173828125,3.161926031112671,0.0,,0.0,0.0,0.0,150.0,34.48203735351562,34.48203735351562,Leave_One_experiments/all_year_offline_schedule_search/daily_outputs/YCA/YCA_2012_YCA2012_normal_grid_S0010_daily.csv
YCA,YCA,Yucheng,2012,Leave_One_experiments\wth_generated_qc\YCA\YCA2012.WTH,wet_year;nitrogen_stress_year;low_response_year,wet,YCA2012_normal_grid_S0010,low_input_within_10pct_yield,2012-09-10,254,91,86,"{""sim_day"": 91.0, ""doy"": 254.0, ""topwt"": 13979.954833984377, ""grnwt"": 4860.3497314453125, ""xlai"": 3.073915719985962, ""totir"": 0.0, ""tofer"": NaN, ""swfac"": 0.0, ""nstres"": 0.0}",0.0,0.0,13979.954833984377,4860.3497314453125,3.073915719985962,0.0,,0.0,0.0,0.0,150.0,34.48203735351562,34.48203735351562,Leave_One_experiments/all_year_offline_schedule_search/daily_outputs/YCA/YCA_2012_YCA2012_normal_grid_S0010_daily.csv
YCA,YCA,Yucheng,2012,Leave_One_experiments\wth_generated_qc\YCA\YCA2012.WTH,wet_year;nitrogen_stress_year;low_response_year,wet,YCA2012_normal_grid_S0010,low_input_within_10pct_yield,2012-09-11,255,92,87,"{""sim_day"": 92.0, ""doy"": 255.0, ""topwt"": 14132.569580078123, ""grnwt"": 5072.881774902344, ""xlai"": 2.990539789199829, ""totir"": 0.0, ""tofer"": NaN, ""swfac"": 0.0, ""nstres"": 0.0}",0.0,0.0,14132.569580078123,5072.881774902344,2.990539789199829,0.0,,0.0,0.0,0.0,150.0,34.48203735351562,34.48203735351562,Leave_One_experiments/all_year_offline_schedule_search/daily_outputs/YCA/YCA_2012_YCA2012_normal_grid_S0010_daily.csv
YCA,YCA,Yucheng,2012,Leave_One_experiments\wth_generated_qc\YCA\YCA2012.WTH,wet_year;nitrogen_stress_year;low_response_year,wet,YCA2012_normal_grid_S0010,low_input_within_10pct_yield,2012-09-12,256,93,88,"{""sim_day"": 93.0, ""doy"": 256.0, ""topwt"": 14449.102783203123, ""grnwt"": 5285.413818359375, ""xlai"": 2.907416582107544, ""totir"": 0.0, ""tofer"": NaN, ""swfac"": 0.0, ""nstres"": 0.0}",0.0,0.0,14449.102783203123,5285.413818359375,2.907416582107544,0.0,,0.0,0.0,0.0,150.0,34.48203735351562,34.48203735351562,Leave_One_experiments/all_year_offline_schedule_search/daily_outputs/YCA/YCA_2012_YCA2012_normal_grid_S0010_daily.csv
YCA,YCA,Yucheng,2012,Leave_One_experiments\wth_generated_qc\YCA\YCA2012.WTH,wet_year;nitrogen_stress_year;low_response_year,wet,YCA2012_normal_grid_S0010,low_input_within_10pct_yield,2012-09-13,257,94,89,"{""sim_day"": 94.0, ""doy"": 257.0, ""topwt"": 14743.83056640625, ""grnwt"": 5497.946166992188, ""xlai"": 2.8229193687438965, ""totir"": 0.0, ""tofer"": NaN, ""swfac"": 0.0, ""nstres"": 0.0125852823257446}",0.0,0.0125852823257446,14743.83056640625,5497.946166992188,2.8229193687438965,0.0,,0.0,0.0,0.0,150.0,34.48203735351562,34.48203735351562,Leave_One_experiments/all_year_offline_schedule_search/daily_outputs/YCA/YCA_2012_YCA2012_normal_grid_S0010_daily.csv
YCA,YCA,Yucheng,2012,Leave_One_experiments\wth_generated_qc\YCA\YCA2012.WTH,wet_year;nitrogen_stress_year;low_response_year,wet,YCA2012_normal_grid_S0010,low_input_within_10pct_yield,2012-09-14,258,95,90,"{""sim_day"": 95.0, ""doy"": 258.0, ""topwt"": 14978.043212890623, ""grnwt"": 5710.478515625, ""xlai"": 2.737215757369995, ""totir"": 0.0, ""tofer"": NaN, ""swfac"": 0.0, ""nstres"": 0.0435171723365783}",0.0,0.0435171723365783,14978.043212890623,5710.478515625,2.737215757369995,0.0,,0.0,0.0,0.0,150.0,34.48203735351562,34.48203735351562,Leave_One_experiments/all_year_offline_schedule_search/daily_outputs/YCA/YCA_2012_YCA2012_normal_grid_S0010_daily.csv
YCA,YCA,Yucheng,2012,Leave_One_experiments\wth_generated_qc\YCA\YCA2012.WTH,wet_year;nitrogen_stress_year;low_response_year,wet,YCA2012_normal_grid_S0010,low_input_within_10pct_yield,2012-09-15,259,96,91,"{""sim_day"": 96.0, ""doy"": 259.0, ""topwt"": 15190.574951171877, ""grnwt"": 5923.01025390625, ""xlai"": 2.634770154953003, ""totir"": 0.0, ""tofer"": NaN, ""swfac"": 0.0, ""nstres"": 0.0699758529663086}",0.0,0.0699758529663086,15190.574951171877,5923.01025390625,2.634770154953003,0.0,,0.0,0.0,0.0,150.0,34.48203735351562,34.48203735351562,Leave_One_experiments/all_year_offline_schedule_search/daily_outputs/YCA/YCA_2012_YCA2012_normal_grid_S0010_daily.csv
YCA,YCA,Yucheng,2012,Leave_One_experiments\wth_generated_qc\YCA\YCA2012.WTH,wet_year;nitrogen_stress_year;low_response_year,wet,YCA2012_normal_grid_S0010,low_input_within_10pct_yield,2012-09-16,260,97,92,"{""sim_day"": 97.0, ""doy"": 260.0, ""topwt"": 15403.106689453123, ""grnwt"": 6135.542602539063, ""xlai"": 2.5375518798828125, ""totir"": 0.0, ""tofer"": NaN, ""swfac"": 0.0, ""nstres"": 0.0909476280212402}",0.0,0.0909476280212402,15403.106689453123,6135.542602539063,2.5375518798828125,0.0,,0.0,0.0,0.0,150.0,34.48203735351562,34.48203735351562,Leave_One_experiments/all_year_offline_schedule_search/daily_outputs/YCA/YCA_2012_YCA2012_normal_grid_S0010_daily.csv
YCA,YCA,Yucheng,2012,Leave_One_experiments\wth_generated_qc\YCA\YCA2012.WTH,wet_year;nitrogen_stress_year;low_response_year,wet,YCA2012_normal_grid_S0010,low_input_within_10pct_yield,2012-09-17,261,98,93,"{""sim_day"": 98.0, ""doy"": 261.0, ""topwt"": 15615.6396484375, ""grnwt"": 6348.074951171875, ""xlai"": 2.420593023300171, ""totir"": 0.0, ""tofer"": NaN, ""swfac"": 0.0, ""nstres"": 0.1084580421447753}",0.0,0.1084580421447753,15615.6396484375,6348.074951171875,2.420593023300171,0.0,,0.0,0.0,0.0,150.0,34.48203735351562,34.48203735351562,Leave_One_experiments/all_year_offline_schedule_search/daily_outputs/YCA/YCA_2012_YCA2012_normal_grid_S0010_daily.csv
YCA,YCA,Yucheng,2012,Leave_One_experiments\wth_generated_qc\YCA\YCA2012.WTH,wet_year;nitrogen_stress_year;low_response_year,wet,YCA2012_normal_grid_S0010,low_input_within_10pct_yield,2012-09-18,262,99,94,"{""sim_day"": 99.0, ""doy"": 262.0, ""topwt"": 15828.17138671875, ""grnwt"": 6560.606689453125, ""xlai"": 2.295658588409424, ""totir"": 0.0, ""tofer"": NaN, ""swfac"": 0.0, ""nstres"": 0.1255576610565185}",0.0,0.1255576610565185,15828.17138671875,6560.606689453125,2.295658588409424,0.0,,0.0,0.0,0.0,150.0,34.48203735351562,34.48203735351562,Leave_One_experiments/all_year_offline_schedule_search/daily_outputs/YCA/YCA_2012_YCA2012_normal_grid_S0010_daily.csv
YCA,YCA,Yucheng,2012,Leave_One_experiments\wth_generated_qc\YCA\YCA2012.WTH,wet_year;nitrogen_stress_year;low_response_year,wet,YCA2012_normal_grid_S0010,low_input_within_10pct_yield,2012-09-19,263,100,95,"{""sim_day"": 100.0, ""doy"": 263.0, ""topwt"": 16040.704345703123, ""grnwt"": 6773.1390380859375, ""xlai"": 2.175140619277954, ""totir"": 0.0, ""tofer"": NaN, ""swfac"": 0.0, ""nstres"": 0.1429770588874817}",0.0,0.1429770588874817,16040.704345703123,6773.1390380859375,2.175140619277954,0.0,,0.0,0.0,0.0,150.0,34.48203735351562,34.48203735351562,Leave_One_experiments/all_year_offline_schedule_search/daily_outputs/YCA/YCA_2012_YCA2012_normal_grid_S0010_daily.csv
YCA,YCA,Yucheng,2012,Leave_One_experiments\wth_generated_qc\YCA\YCA2012.WTH,wet_year;nitrogen_stress_year;low_response_year,wet,YCA2012_normal_grid_S0010,low_input_within_10pct_yield,2012-09-20,264,101,96,"{""sim_day"": 101.0, ""doy"": 264.0, ""topwt"": 16128.826904296877, ""grnwt"": 6985.67138671875, ""xlai"": 2.038166046142578, ""totir"": 0.0, ""tofer"": NaN, ""swfac"": 0.0, ""nstres"": 0.1596688032150268}",0.0,0.1596688032150268,16128.826904296877,6985.67138671875,2.038166046142578,0.0,,0.0,0.0,0.0,150.0,34.48203735351562,34.48203735351562,Leave_One_experiments/all_year_offline_schedule_search/daily_outputs/YCA/YCA_2012_YCA2012_normal_grid_S0010_daily.csv
YCA,YCA,Yucheng,2012,Leave_One_experiments\wth_generated_qc\YCA\YCA2012.WTH,wet_year;nitrogen_stress_year;low_response_year,wet,YCA2012_normal_grid_S0010,low_input_within_10pct_yield,2012-09-21,265,102,97,"{""sim_day"": 102.0, ""doy"": 265.0, ""topwt"": 16282.196044921877, ""grnwt"": 7198.2037353515625, ""xlai"": 1.8759028911590576, ""totir"": 0.0, ""tofer"": NaN, ""swfac"": 0.0, ""nstres"": 0.1754306554794311}",0.0,0.1754306554794311,16282.196044921877,7198.2037353515625,1.8759028911590576,0.0,,0.0,0.0,0.0,150.0,34.48203735351562,34.48203735351562,Leave_One_experiments/all_year_offline_schedule_search/daily_outputs/YCA/YCA_2012_YCA2012_normal_grid_S0010_daily.csv
YCA,YCA,Yucheng,2012,Leave_One_experiments\wth_generated_qc\YCA\YCA2012.WTH,wet_year;nitrogen_stress_year;low_response_year,wet,YCA2012_normal_grid_S0010,low_input_within_10pct_yield,2012-09-22,266,103,98,"{""sim_day"": 103.0, ""doy"": 266.0, ""topwt"": 16282.196044921877, ""grnwt"": 7198.2037353515625, ""xlai"": 1.8759028911590576, ""totir"": 0.0, ""tofer"": NaN, ""swfac"": 0.0, ""nstres"": 0.1819221973419189}",0.0,0.1819221973419189,16282.196044921877,7198.2037353515625,1.8759028911590576,0.0,,0.0,0.0,0.0,150.0,34.48203735351562,34.48203735351562,Leave_One_experiments/all_year_offline_schedule_search/daily_outputs/YCA/YCA_2012_YCA2012_normal_grid_S0010_daily.csv
YCA,YCA,Yucheng,2012,Leave_One_experiments\wth_generated_qc\YCA\YCA2012.WTH,wet_year;nitrogen_stress_year;low_response_year,wet,YCA2012_normal_grid_S0010,low_input_within_10pct_yield,2012-09-23,267,104,99,"{""sim_day"": 104.0, ""doy"": 267.0, ""topwt"": 16282.196044921877, ""grnwt"": 7198.2037353515625, ""xlai"": 1.8759028911590576, ""totir"": 0.0, ""tofer"": NaN, ""swfac"": 0.0, ""nstres"": 0.1819221973419189}",0.0,0.1819221973419189,16282.196044921877,7198.2037353515625,1.8759028911590576,0.0,,0.0,0.0,0.0,150.0,34.48203735351562,34.48203735351562,Leave_One_experiments/all_year_offline_schedule_search/daily_outputs/YCA/YCA_2012_YCA2012_normal_grid_S0010_daily.csv
YCA,YCA,Yucheng,2012,Leave_One_experiments\wth_generated_qc\YCA\YCA2012.WTH,wet_year;nitrogen_stress_year;low_response_year,wet,YCA2012_normal_grid_S0010,low_input_within_10pct_yield,2012-09-24,268,105,100,"{""sim_day"": 105.0, ""doy"": 268.0, ""topwt"": 16282.196044921877, ""grnwt"": 7198.2037353515625, ""xlai"": 1.8759028911590576, ""totir"": 0.0, ""tofer"": NaN, ""swfac"": 0.0, ""nstres"": 0.1819221973419189}",0.0,0.1819221973419189,16282.196044921877,7198.2037353515625,1.8759028911590576,0.0,,0.0,0.0,0.0,150.0,34.48203735351562,34.48203735351562,Leave_One_experiments/all_year_offline_schedule_search/daily_outputs/YCA/YCA_2012_YCA2012_normal_grid_S0010_daily.csv
YCA,YCA,Yucheng,2012,Leave_One_experiments\wth_generated_qc\YCA\YCA2012.WTH,wet_year;nitrogen_stress_year;low_response_year,wet,YCA2012_normal_grid_S0019,pareto_balanced,2012-06-17,169,1,1,"{""sim_day"": 1.0, ""doy"": 169.0, ""topwt"": 0.0, ""grnwt"": 0.0, ""xlai"": 0.0, ""totir"": 0.0, ""tofer"": NaN, ""swfac"": 0.0, ""nstres"": 0.0}",0.0,0.0,0.0,0.0,0.0,0.0,,0.0,75.0,0.0,225.0,22.981884765625,22.981884765625,Leave_One_experiments/all_year_offline_schedule_search/daily_outputs/YCA/YCA_2012_YCA2012_normal_grid_S0019_daily.csv
YCA,YCA,Yucheng,2012,Leave_One_experiments\wth_generated_qc\YCA\YCA2012.WTH,wet_year;nitrogen_stress_year;low_response_year,wet,YCA2012_normal_grid_S0019,pareto_balanced,2012-06-18,170,2,2,"{""sim_day"": 2.0, ""doy"": 170.0, ""topwt"": 0.0, ""grnwt"": 0.0, ""xlai"": 0.0, ""totir"": 0.0, ""tofer"": NaN, ""swfac"": 0.0, ""nstres"": 0.0}",0.0,0.0,0.0,0.0,0.0,0.0,,0.0,0.0,0.0,225.0,22.981884765625,22.981884765625,Leave_One_experiments/all_year_offline_schedule_search/daily_outputs/YCA/YCA_2012_YCA2012_normal_grid_S0019_daily.csv
YCA,YCA,Yucheng,2012,Leave_One_experiments\wth_generated_qc\YCA\YCA2012.WTH,wet_year;nitrogen_stress_year;low_response_year,wet,YCA2012_normal_grid_S0019,pareto_balanced,2012-06-19,171,3,3,"{""sim_day"": 3.0, ""doy"": 171.0, ""topwt"": 0.0, ""grnwt"": 0.0, ""xlai"": 0.0, ""totir"": 0.0, ""tofer"": NaN, ""swfac"": 0.0, ""nstres"": 0.0}",0.0,0.0,0.0,0.0,0.0,0.0,,0.0,0.0,0.0,225.0,22.981884765625,22.981884765625,Leave_One_experiments/all_year_offline_schedule_search/daily_outputs/YCA/YCA_2012_YCA2012_normal_grid_S0019_daily.csv
YCA,YCA,Yucheng,2012,Leave_One_experiments\wth_generated_qc\YCA\YCA2012.WTH,wet_year;nitrogen_stress_year;low_response_year,wet,YCA2012_normal_grid_S0019,pareto_balanced,2012-06-20,172,4,4,"{""sim_day"": 4.0, ""doy"": 172.0, ""topwt"": 0.0, ""grnwt"": 0.0, ""xlai"": 0.0, ""totir"": 0.0, ""tofer"": NaN, ""swfac"": 0.0, ""nstres"": 0.0}",0.0,0.0,0.0,0.0,0.0,0.0,,0.0,0.0,0.0,225.0,22.981884765625,22.981884765625,Leave_One_experiments/all_year_offline_schedule_search/daily_outputs/YCA/YCA_2012_YCA2012_normal_grid_S0019_daily.csv
YCA,YCA,Yucheng,2012,Leave_One_experiments\wth_generated_qc\YCA\YCA2012.WTH,wet_year;nitrogen_stress_year;low_response_year,wet,YCA2012_normal_grid_S0019,pareto_balanced,2012-06-21,173,5,5,"{""sim_day"": 5.0, ""doy"": 173.0, ""topwt"": 0.0, ""grnwt"": 0.0, ""xlai"": 0.0, ""totir"": 0.0, ""tofer"": NaN, ""swfac"": 0.0, ""nstres"": 0.0}",0.0,0.0,0.0,0.0,0.0,0.0,,0.0,0.0,0.0,225.0,22.981884765625,22.981884765625,Leave_One_experiments/all_year_offline_schedule_search/daily_outputs/YCA/YCA_2012_YCA2012_normal_grid_S0019_daily.csv
YCA,YCA,Yucheng,2012,Leave_One_experiments\wth_generated_qc\YCA\YCA2012.WTH,wet_year;nitrogen_stress_year;low_response_year,wet,YCA2012_normal_grid_S0019,pareto_balanced,2012-06-17,169,6,1,"{""sim_day"": 6.0, ""doy"": 169.0, ""topwt"": 0.0, ""grnwt"": 0.0, ""xlai"": 0.0, ""totir"": 0.0, ""tofer"": NaN, ""swfac"": 0.0, ""nstres"": 0.0}",0.0,0.0,0.0,0.0,0.0,0.0,,0.0,0.0,0.0,225.0,22.981884765625,22.981884765625,Leave_One_experiments/all_year_offline_schedule_search/daily_outputs/YCA/YCA_2012_YCA2012_normal_grid_S0019_daily.csv
YCA,YCA,Yucheng,2012,Leave_One_experiments\wth_generated_qc\YCA\YCA2012.WTH,wet_year;nitrogen_stress_year;low_response_year,wet,YCA2012_normal_grid_S0019,pareto_balanced,2012-06-18,170,7,2,"{""sim_day"": 7.0, ""doy"": 170.0, ""topwt"": 0.0, ""grnwt"": 0.0, ""xlai"": 0.0, ""totir"": 0.0, ""tofer"": NaN, ""swfac"": 0.0, ""nstres"": 0.0}",0.0,0.0,0.0,0.0,0.0,0.0,,0.0,0.0,0.0,225.0,22.981884765625,22.981884765625,Leave_One_experiments/all_year_offline_schedule_search/daily_outputs/YCA/YCA_2012_YCA2012_normal_grid_S0019_daily.csv
YCA,YCA,Yucheng,2012,Leave_One_experiments\wth_generated_qc\YCA\YCA2012.WTH,wet_year;nitrogen_stress_year;low_response_year,wet,YCA2012_normal_grid_S0019,pareto_balanced,2012-06-19,171,8,3,"{""sim_day"": 8.0, ""doy"": 171.0, ""topwt"": 0.0, ""grnwt"": 0.0, ""xlai"": 0.0, ""totir"": 0.0, ""tofer"": NaN, ""swfac"": 0.0, ""nstres"": 0.0}",0.0,0.0,0.0,0.0,0.0,0.0,,0.0,0.0,0.0,225.0,22.981884765625,22.981884765625,Leave_One_experiments/all_year_offline_schedule_search/daily_outputs/YCA/YCA_2012_YCA2012_normal_grid_S0019_daily.csv
YCA,YCA,Yucheng,2012,Leave_One_experiments\wth_generated_qc\YCA\YCA2012.WTH,wet_year;nitrogen_stress_year;low_response_year,wet,YCA2012_normal_grid_S0019,pareto_balanced,2012-06-20,172,9,4,"{""sim_day"": 9.0, ""doy"": 172.0, ""topwt"": 0.0, ""grnwt"": 0.0, ""xlai"": 0.0, ""totir"": 0.0, ""tofer"": NaN, ""swfac"": 0.0, ""nstres"": 0.0}",0.0,0.0,0.0,0.0,0.0,0.0,,0.0,0.0,0.0,225.0,22.981884765625,22.981884765625,Leave_One_experiments/all_year_offline_schedule_search/daily_outputs/YCA/YCA_2012_YCA2012_normal_grid_S0019_daily.csv
YCA,YCA,Yucheng,2012,Leave_One_experiments\wth_generated_qc\YCA\YCA2012.WTH,wet_year;nitrogen_stress_year;low_response_year,wet,YCA2012_normal_grid_S0019,pareto_balanced,2012-06-21,173,10,5,"{""sim_day"": 10.0, ""doy"": 173.0, ""topwt"": 26.400001049041748, ""grnwt"": 0.0, ""xlai"": 0.0058202850632369, ""totir"": 0.0, ""tofer"": NaN, ""swfac"": 0.0, ""nstres"": 0.0121910572052001}",0.0,0.0121910572052001,26.400001049041748,0.0,0.0058202850632369,0.0,,0.0,0.0,0.0,225.0,22.981884765625,22.981884765625,Leave_One_experiments/all_year_offline_schedule_search/daily_outputs/YCA/YCA_2012_YCA2012_normal_grid_S0019_daily.csv
YCA,YCA,Yucheng,2012,Leave_One_experiments\wth_generated_qc\YCA\YCA2012.WTH,wet_year;nitrogen_stress_year;low_response_year,wet,YCA2012_normal_grid_S0019,pareto_balanced,2012-06-22,174,11,6,"{""sim_day"": 11.0, ""doy"": 174.0, ""topwt"": 26.400001049041748, ""grnwt"": 0.0, ""xlai"": 0.0121640022844076, ""totir"": 0.0, ""tofer"": NaN, ""swfac"": 0.0, ""nstres"": 0.0074278712272644}",0.0,0.0074278712272644,26.400001049041748,0.0,0.0121640022844076,0.0,,0.0,0.0,0.0,225.0,22.981884765625,22.981884765625,Leave_One_experiments/all_year_offline_schedule_search/daily_outputs/YCA/YCA_2012_YCA2012_normal_grid_S0019_daily.csv
YCA,YCA,Yucheng,2012,Leave_One_experiments\wth_generated_qc\YCA\YCA2012.WTH,wet_year;nitrogen_stress_year;low_response_year,wet,YCA2012_normal_grid_S0019,pareto_balanced,2012-06-23,175,12,7,"{""sim_day"": 12.0, ""doy"": 175.0, ""topwt"": 26.400001049041748, ""grnwt"": 0.0, ""xlai"": 0.0191772691905498, ""totir"": 0.0, ""tofer"": NaN, ""swfac"": 0.0, ""nstres"": 0.0}",0.0,0.0,26.400001049041748,0.0,0.0191772691905498,0.0,,0.0,0.0,0.0,225.0,22.981884765625,22.981884765625,Leave_One_experiments/all_year_offline_schedule_search/daily_outputs/YCA/YCA_2012_YCA2012_normal_grid_S0019_daily.csv
YCA,YCA,Yucheng,2012,Leave_One_experiments\wth_generated_qc\YCA\YCA2012.WTH,wet_year;nitrogen_stress_year;low_response_year,wet,YCA2012_normal_grid_S0019,pareto_balanced,2012-06-24,176,13,8,"{""sim_day"": 13.0, ""doy"": 176.0, ""topwt"": 26.400001049041748, ""grnwt"": 0.0, ""xlai"": 0.0430382750928401, ""totir"": 0.0, ""tofer"": NaN, ""swfac"": 0.0, ""nstres"": 0.0}",0.0,0.0,26.400001049041748,0.0,0.0430382750928401,0.0,,0.0,0.0,0.0,225.0,22.981884765625,22.981884765625,Leave_One_experiments/all_year_offline_schedule_search/daily_outputs/YCA/YCA_2012_YCA2012_normal_grid_S0019_daily.csv
YCA,YCA,Yucheng,2012,Leave_One_experiments\wth_generated_qc\YCA\YCA2012.WTH,wet_year;nitrogen_stress_year;low_response_year,wet,YCA2012_normal_grid_S0019,pareto_balanced,2012-06-25,177,14,9,"{""sim_day"": 14.0, ""doy"": 177.0, ""topwt"": 35.31907320022583, ""grnwt"": 0.0, ""xlai"": 0.0684055536985397, ""totir"": 0.0, ""tofer"": NaN, ""swfac"": 0.0, ""nstres"": 0.0}",0.0,0.0,35.31907320022583,0.0,0.0684055536985397,0.0,,0.0,0.0,0.0,225.0,22.981884765625,22.981884765625,Leave_One_experiments/all_year_offline_schedule_search/daily_outputs/YCA/YCA_2012_YCA2012_normal_grid_S0019_daily.csv
YCA,YCA,Yucheng,2012,Leave_One_experiments\wth_generated_qc\YCA\YCA2012.WTH,wet_year;nitrogen_stress_year;low_response_year,wet,YCA2012_normal_grid_S0019,pareto_balanced,2012-06-26,178,15,10,"{""sim_day"": 15.0, ""doy"": 178.0, ""topwt"": 47.50900268554688, ""grnwt"": 0.0, ""xlai"": 0.0970397666096687, ""totir"": 0.0, ""tofer"": NaN, ""swfac"": 0.0, ""nstres"": 0.0}",0.0,0.0,47.50900268554688,0.0,0.0970397666096687,0.0,,0.0,0.0,0.0,225.0,22.981884765625,22.981884765625,Leave_One_experiments/all_year_offline_schedule_search/daily_outputs/YCA/YCA_2012_YCA2012_normal_grid_S0019_daily.csv
YCA,YCA,Yucheng,2012,Leave_One_experiments\wth_generated_qc\YCA\YCA2012.WTH,wet_year;nitrogen_stress_year;low_response_year,wet,YCA2012_normal_grid_S0019,pareto_balanced,2012-06-27,179,16,11,"{""sim_day"": 16.0, ""doy"": 179.0, ""topwt"": 61.342363357543945, ""grnwt"": 0.0, ""xlai"": 0.127065822482109, ""totir"": 0.0, ""tofer"": NaN, ""swfac"": 0.0, ""nstres"": 0.0}",0.0,0.0,61.342363357543945,0.0,0.127065822482109,0.0,,0.0,0.0,0.0,225.0,22.981884765625,22.981884765625,Leave_One_experiments/all_year_offline_schedule_search/daily_outputs/YCA/YCA_2012_YCA2012_normal_grid_S0019_daily.csv
YCA,YCA,Yucheng,2012,Leave_One_experiments\wth_generated_qc\YCA\YCA2012.WTH,wet_year;nitrogen_stress_year;low_response_year,wet,YCA2012_normal_grid_S0019,pareto_balanced,2012-06-28,180,17,12,"{""sim_day"": 17.0, ""doy"": 180.0, ""topwt"": 64.48972702026367, ""grnwt"": 0.0, ""xlai"": 0.1426558494567871, ""totir"": 0.0, ""tofer"": NaN, ""swfac"": 0.0, ""nstres"": 0.0}",0.0,0.0,64.48972702026367,0.0,0.1426558494567871,0.0,,0.0,0.0,0.0,225.0,22.981884765625,22.981884765625,Leave_One_experiments/all_year_offline_schedule_search/daily_outputs/YCA/YCA_2012_YCA2012_normal_grid_S0019_daily.csv
YCA,YCA,Yucheng,2012,Leave_One_experiments\wth_generated_qc\YCA\YCA2012.WTH,wet_year;nitrogen_stress_year;low_response_year,wet,YCA2012_normal_grid_S0019,pareto_balanced,2012-06-29,181,18,13,"{""sim_day"": 18.0, ""doy"": 181.0, ""topwt"": 88.83502960205078, ""grnwt"": 0.0, ""xlai"": 0.1818887591361999, ""totir"": 0.0, ""tofer"": NaN, ""swfac"": 0.0, ""nstres"": 0.0}",0.0,0.0,88.83502960205078,0.0,0.1818887591361999,0.0,,0.0,0.0,0.0,225.0,22.981884765625,22.981884765625,Leave_One_experiments/all_year_offline_schedule_search/daily_outputs/YCA/YCA_2012_YCA2012_normal_grid_S0019_daily.csv
YCA,YCA,Yucheng,2012,Leave_One_experiments\wth_generated_qc\YCA\YCA2012.WTH,wet_year;nitrogen_stress_year;low_response_year,wet,YCA2012_normal_grid_S0019,pareto_balanced,2012-06-30,182,19,14,"{""sim_day"": 19.0, ""doy"": 182.0, ""topwt"": 119.48543548583984, ""grnwt"": 0.0, ""xlai"": 0.2383227497339248, ""totir"": 0.0, ""tofer"": NaN, ""swfac"": 0.0, ""nstres"": 0.0}",0.0,0.0,119.48543548583984,0.0,0.2383227497339248,0.0,,0.0,0.0,0.0,225.0,22.981884765625,22.981884765625,Leave_One_experiments/all_year_offline_schedule_search/daily_outputs/YCA/YCA_2012_YCA2012_normal_grid_S0019_daily.csv
YCA,YCA,Yucheng,2012,Leave_One_experiments\wth_generated_qc\YCA\YCA2012.WTH,wet_year;nitrogen_stress_year;low_response_year,wet,YCA2012_normal_grid_S0019,pareto_balanced,2012-07-01,183,20,15,"{""sim_day"": 20.0, ""doy"": 183.0, ""topwt"": 156.7441749572754, ""grnwt"": 0.0, ""xlai"": 0.3025055229663849, ""totir"": 0.0, ""tofer"": NaN, ""swfac"": 0.0, ""nstres"": 0.0}",0.0,0.0,156.7441749572754,0.0,0.3025055229663849,0.0,,0.0,0.0,0.0,225.0,22.981884765625,22.981884765625,Leave_One_experiments/all_year_offline_schedule_search/daily_outputs/YCA/YCA_2012_YCA2012_normal_grid_S0019_daily.csv
YCA,YCA,Yucheng,2012,Leave_One_experiments\wth_generated_qc\YCA\YCA2012.WTH,wet_year;nitrogen_stress_year;low_response_year,wet,YCA2012_normal_grid_S0019,pareto_balanced,2012-07-02,184,21,16,"{""sim_day"": 21.0, ""doy"": 184.0, ""topwt"": 205.7515335083008, ""grnwt"": 0.0, ""xlai"": 0.3818272352218628, ""totir"": 0.0, ""tofer"": NaN, ""swfac"": 0.0, ""nstres"": 0.0}",0.0,0.0,205.7515335083008,0.0,0.3818272352218628,0.0,,0.0,0.0,0.0,225.0,22.981884765625,22.981884765625,Leave_One_experiments/all_year_offline_schedule_search/daily_outputs/YCA/YCA_2012_YCA2012_normal_grid_S0019_daily.csv
YCA,YCA,Yucheng,2012,Leave_One_experiments\wth_generated_qc\YCA\YCA2012.WTH,wet_year;nitrogen_stress_year;low_response_year,wet,YCA2012_normal_grid_S0019,pareto_balanced,2012-07-03,185,22,17,"{""sim_day"": 22.0, ""doy"": 185.0, ""topwt"": 243.70904922485352, ""grnwt"": 0.0, ""xlai"": 0.4703138172626495, ""totir"": 0.0, ""tofer"": NaN, ""swfac"": 0.0, ""nstres"": 0.0}",0.0,0.0,243.70904922485352,0.0,0.4703138172626495,0.0,,0.0,0.0,0.0,225.0,22.981884765625,22.981884765625,Leave_One_experiments/all_year_offline_schedule_search/daily_outputs/YCA/YCA_2012_YCA2012_normal_grid_S0019_daily.csv
YCA,YCA,Yucheng,2012,Leave_One_experiments\wth_generated_qc\YCA\YCA2012.WTH,wet_year;nitrogen_stress_year;low_response_year,wet,YCA2012_normal_grid_S0019,pareto_balanced,2012-07-04,186,23,18,"{""sim_day"": 23.0, ""doy"": 186.0, ""topwt"": 294.34865951538086, ""grnwt"": 0.0, ""xlai"": 0.5504451394081116, ""totir"": 0.0, ""tofer"": NaN, ""swfac"": 0.0, ""nstres"": 0.0042271614074707}",0.0,0.0042271614074707,294.34865951538086,0.0,0.5504451394081116,0.0,,0.0,0.0,0.0,225.0,22.981884765625,22.981884765625,Leave_One_experiments/all_year_offline_schedule_search/daily_outputs/YCA/YCA_2012_YCA2012_normal_grid_S0019_daily.csv
YCA,YCA,Yucheng,2012,Leave_One_experiments\wth_generated_qc\YCA\YCA2012.WTH,wet_year;nitrogen_stress_year;low_response_year,wet,YCA2012_normal_grid_S0019,pareto_balanced,2012-07-05,187,24,19,"{""sim_day"": 24.0, ""doy"": 187.0, ""topwt"": 366.4788436889648, ""grnwt"": 0.0, ""xlai"": 0.6595316529273987, ""totir"": 0.0, ""tofer"": NaN, ""swfac"": 0.0, ""nstres"": 0.0}",0.0,0.0,366.4788436889648,0.0,0.6595316529273987,0.0,,0.0,0.0,0.0,225.0,22.981884765625,22.981884765625,Leave_One_experiments/all_year_offline_schedule_search/daily_outputs/YCA/YCA_2012_YCA2012_normal_grid_S0019_daily.csv
YCA,YCA,Yucheng,2012,Leave_One_experiments\wth_generated_qc\YCA\YCA2012.WTH,wet_year;nitrogen_stress_year;low_response_year,wet,YCA2012_normal_grid_S0019,pareto_balanced,2012-07-06,188,25,20,"{""sim_day"": 25.0, ""doy"": 188.0, ""topwt"": 454.8424530029297, ""grnwt"": 0.0, ""xlai"": 0.786909818649292, ""totir"": 0.0, ""tofer"": NaN, ""swfac"": 0.0, ""nstres"": 0.0}",0.0,0.0,454.8424530029297,0.0,0.786909818649292,0.0,,0.0,0.0,0.0,225.0,22.981884765625,22.981884765625,Leave_One_experiments/all_year_offline_schedule_search/daily_outputs/YCA/YCA_2012_YCA2012_normal_grid_S0019_daily.csv
YCA,YCA,Yucheng,2012,Leave_One_experiments\wth_generated_qc\YCA\YCA2012.WTH,wet_year;nitrogen_stress_year;low_response_year,wet,YCA2012_normal_grid_S0019,pareto_balanced,2012-07-07,189,26,21,"{""sim_day"": 26.0, ""doy"": 189.0, ""topwt"": 516.5265274047852, ""grnwt"": 0.0, ""xlai"": 0.8721622824668884, ""totir"": 0.0, ""tofer"": NaN, ""swfac"": 0.0, ""nstres"": 0.0}",0.0,0.0,516.5265274047852,0.0,0.8721622824668884,0.0,,0.0,0.0,0.0,225.0,22.981884765625,22.981884765625,Leave_One_experiments/all_year_offline_schedule_search/daily_outputs/YCA/YCA_2012_YCA2012_normal_grid_S0019_daily.csv
YCA,YCA,Yucheng,2012,Leave_One_experiments\wth_generated_qc\YCA\YCA2012.WTH,wet_year;nitrogen_stress_year;low_response_year,wet,YCA2012_normal_grid_S0019,pareto_balanced,2012-07-08,190,27,22,"{""sim_day"": 27.0, ""doy"": 190.0, ""topwt"": 580.4633331298828, ""grnwt"": 0.0, ""xlai"": 0.9579674601554872, ""totir"": 0.0, ""tofer"": NaN, ""swfac"": 0.0, ""nstres"": 0.0}",0.0,0.0,580.4633331298828,0.0,0.9579674601554872,0.0,,0.0,0.0,0.0,225.0,22.981884765625,22.981884765625,Leave_One_experiments/all_year_offline_schedule_search/daily_outputs/YCA/YCA_2012_YCA2012_normal_grid_S0019_daily.csv
YCA,YCA,Yucheng,2012,Leave_One_experiments\wth_generated_qc\YCA\YCA2012.WTH,wet_year;nitrogen_stress_year;low_response_year,wet,YCA2012_normal_grid_S0019,pareto_balanced,2012-07-09,191,28,23,"{""sim_day"": 28.0, ""doy"": 191.0, ""topwt"": 638.6916351318359, ""grnwt"": 0.0, ""xlai"": 1.0298051834106443, ""totir"": 0.0, ""tofer"": NaN, ""swfac"": 0.0, ""nstres"": 0.0}",0.0,0.0,638.6916351318359,0.0,1.0298051834106443,0.0,,0.0,0.0,0.0,225.0,22.981884765625,22.981884765625,Leave_One_experiments/all_year_offline_schedule_search/daily_outputs/YCA/YCA_2012_YCA2012_normal_grid_S0019_daily.csv
YCA,YCA,Yucheng,2012,Leave_One_experiments\wth_generated_qc\YCA\YCA2012.WTH,wet_year;nitrogen_stress_year;low_response_year,wet,YCA2012_normal_grid_S0019,pareto_balanced,2012-07-10,192,29,24,"{""sim_day"": 29.0, ""doy"": 192.0, ""topwt"": 761.7501831054688, ""grnwt"": 0.0, ""xlai"": 1.1915446519851685, ""totir"": 0.0, ""tofer"": NaN, ""swfac"": 0.0, ""nstres"": 0.0}",0.0,0.0,761.7501831054688,0.0,1.1915446519851685,0.0,,0.0,0.0,0.0,225.0,22.981884765625,22.981884765625,Leave_One_experiments/all_year_offline_schedule_search/daily_outputs/YCA/YCA_2012_YCA2012_normal_grid_S0019_daily.csv
YCA,YCA,Yucheng,2012,Leave_One_experiments\wth_generated_qc\YCA\YCA2012.WTH,wet_year;nitrogen_stress_year;low_response_year,wet,YCA2012_normal_grid_S0019,pareto_balanced,2012-07-11,193,30,25,"{""sim_day"": 30.0, ""doy"": 193.0, ""topwt"": 927.9029846191406, ""grnwt"": 0.0, ""xlai"": 1.3966749906539917, ""totir"": 0.0, ""tofer"": NaN, ""swfac"": 0.0, ""nstres"": 0.0}",0.0,0.0,927.9029846191406,0.0,1.3966749906539917,0.0,,0.0,0.0,0.0,225.0,22.981884765625,22.981884765625,Leave_One_experiments/all_year_offline_schedule_search/daily_outputs/YCA/YCA_2012_YCA2012_normal_grid_S0019_daily.csv
YCA,YCA,Yucheng,2012,Leave_One_experiments\wth_generated_qc\YCA\YCA2012.WTH,wet_year;nitrogen_stress_year;low_response_year,wet,YCA2012_normal_grid_S0019,pareto_balanced,2012-07-12,194,31,26,"{""sim_day"": 31.0, ""doy"": 194.0, ""topwt"": 1082.5382995605469, ""grnwt"": 0.0, ""xlai"": 1.575977802276611, ""totir"": 0.0, ""tofer"": NaN, ""swfac"": 0.0, ""nstres"": 0.0}",0.0,0.0,1082.5382995605469,0.0,1.575977802276611,0.0,,0.0,0.0,0.0,225.0,22.981884765625,22.981884765625,Leave_One_experiments/all_year_offline_schedule_search/daily_outputs/YCA/YCA_2012_YCA2012_normal_grid_S0019_daily.csv
YCA,YCA,Yucheng,2012,Leave_One_experiments\wth_generated_qc\YCA\YCA2012.WTH,wet_year;nitrogen_stress_year;low_response_year,wet,YCA2012_normal_grid_S0019,pareto_balanced,2012-07-13,195,32,27,"{""sim_day"": 32.0, ""doy"": 195.0, ""topwt"": 1222.6932525634766, ""grnwt"": 0.0, ""xlai"": 1.7297101020812988, ""totir"": 0.0, ""tofer"": NaN, ""swfac"": 0.0, ""nstres"": 0.0}",0.0,0.0,1222.6932525634766,0.0,1.7297101020812988,0.0,,0.0,0.0,0.0,225.0,22.981884765625,22.981884765625,Leave_One_experiments/all_year_offline_schedule_search/daily_outputs/YCA/YCA_2012_YCA2012_normal_grid_S0019_daily.csv
YCA,YCA,Yucheng,2012,Leave_One_experiments\wth_generated_qc\YCA\YCA2012.WTH,wet_year;nitrogen_stress_year;low_response_year,wet,YCA2012_normal_grid_S0019,pareto_balanced,2012-07-14,196,33,28,"{""sim_day"": 33.0, ""doy"": 196.0, ""topwt"": 1378.7484741210938, ""grnwt"": 0.0, ""xlai"": 1.8912690877914429, ""totir"": 0.0, ""tofer"": NaN, ""swfac"": 0.0, ""nstres"": 0.0}",0.0,0.0,1378.7484741210938,0.0,1.8912690877914429,0.0,,0.0,0.0,0.0,225.0,22.981884765625,22.981884765625,Leave_One_experiments/all_year_offline_schedule_search/daily_outputs/YCA/YCA_2012_YCA2012_normal_grid_S0019_daily.csv
YCA,YCA,Yucheng,2012,Leave_One_experiments\wth_generated_qc\YCA\YCA2012.WTH,wet_year;nitrogen_stress_year;low_response_year,wet,YCA2012_normal_grid_S0019,pareto_balanced,2012-07-15,197,34,29,"{""sim_day"": 34.0, ""doy"": 197.0, ""topwt"": 1566.6297912597656, ""grnwt"": 0.0, ""xlai"": 2.0731635093688965, ""totir"": 0.0, ""tofer"": NaN, ""swfac"": 0.0, ""nstres"": 0.0}",0.0,0.0,1566.6297912597656,0.0,2.0731635093688965,0.0,,0.0,0.0,0.0,225.0,22.981884765625,22.981884765625,Leave_One_experiments/all_year_offline_schedule_search/daily_outputs/YCA/YCA_2012_YCA2012_normal_grid_S0019_daily.csv
YCA,YCA,Yucheng,2012,Leave_One_experiments\wth_generated_qc\YCA\YCA2012.WTH,wet_year;nitrogen_stress_year;low_response_year,wet,YCA2012_normal_grid_S0019,pareto_balanced,2012-07-16,198,35,30,"{""sim_day"": 35.0, ""doy"": 198.0, ""topwt"": 1779.2782592773438, ""grnwt"": 0.0, ""xlai"": 2.2643511295318604, ""totir"": 0.0, ""tofer"": NaN, ""swfac"": 0.0, ""nstres"": 0.0}",0.0,0.0,1779.2782592773438,0.0,2.2643511295318604,0.0,,0.0,75.0,0.0,225.0,22.981884765625,22.981884765625,Leave_One_experiments/all_year_offline_schedule_search/daily_outputs/YCA/YCA_2012_YCA2012_normal_grid_S0019_daily.csv
YCA,YCA,Yucheng,2012,Leave_One_experiments\wth_generated_qc\YCA\YCA2012.WTH,wet_year;nitrogen_stress_year;low_response_year,wet,YCA2012_normal_grid_S0019,pareto_balanced,2012-07-17,199,36,31,"{""sim_day"": 36.0, ""doy"": 199.0, ""topwt"": 1995.5262756347656, ""grnwt"": 0.0, ""xlai"": 2.445073127746582, ""totir"": 0.0, ""tofer"": NaN, ""swfac"": 0.0, ""nstres"": 0.0}",0.0,0.0,1995.5262756347656,0.0,2.445073127746582,0.0,,0.0,0.0,0.0,225.0,22.981884765625,22.981884765625,Leave_One_experiments/all_year_offline_schedule_search/daily_outputs/YCA/YCA_2012_YCA2012_normal_grid_S0019_daily.csv
YCA,YCA,Yucheng,2012,Leave_One_experiments\wth_generated_qc\YCA\YCA2012.WTH,wet_year;nitrogen_stress_year;low_response_year,wet,YCA2012_normal_grid_S0019,pareto_balanced,2012-07-18,200,37,32,"{""sim_day"": 37.0, ""doy"": 200.0, ""topwt"": 2241.8138122558594, ""grnwt"": 0.0, ""xlai"": 2.6355504989624023, ""totir"": 0.0, ""tofer"": NaN, ""swfac"": 0.0, ""nstres"": 0.0}",0.0,0.0,2241.8138122558594,0.0,2.6355504989624023,0.0,,0.0,0.0,0.0,225.0,22.981884765625,22.981884765625,Leave_One_experiments/all_year_offline_schedule_search/daily_outputs/YCA/YCA_2012_YCA2012_normal_grid_S0019_daily.csv
YCA,YCA,Yucheng,2012,Leave_One_experiments\wth_generated_qc\YCA\YCA2012.WTH,wet_year;nitrogen_stress_year;low_response_year,wet,YCA2012_normal_grid_S0019,pareto_balanced,2012-07-19,201,38,33,"{""sim_day"": 38.0, ""doy"": 201.0, ""topwt"": 2512.5555419921875, ""grnwt"": 0.0, ""xlai"": 2.828318357467652, ""totir"": 0.0, ""tofer"": NaN, ""swfac"": 0.0, ""nstres"": 0.0}",0.0,0.0,2512.5555419921875,0.0,2.828318357467652,0.0,,0.0,0.0,0.0,225.0,22.981884765625,22.981884765625,Leave_One_experiments/all_year_offline_schedule_search/daily_outputs/YCA/YCA_2012_YCA2012_normal_grid_S0019_daily.csv
YCA,YCA,Yucheng,2012,Leave_One_experiments\wth_generated_qc\YCA\YCA2012.WTH,wet_year;nitrogen_stress_year;low_response_year,wet,YCA2012_normal_grid_S0019,pareto_balanced,2012-07-20,202,39,34,"{""sim_day"": 39.0, ""doy"": 202.0, ""topwt"": 2773.2501220703125, ""grnwt"": 0.0, ""xlai"": 2.9987952709198, ""totir"": 0.0, ""tofer"": NaN, ""swfac"": 0.0, ""nstres"": 0.0}",0.0,0.0,2773.2501220703125,0.0,2.9987952709198,0.0,,0.0,0.0,0.0,225.0,22.981884765625,22.981884765625,Leave_One_experiments/all_year_offline_schedule_search/daily_outputs/YCA/YCA_2012_YCA2012_normal_grid_S0019_daily.csv
YCA,YCA,Yucheng,2012,Leave_One_experiments\wth_generated_qc\YCA\YCA2012.WTH,wet_year;nitrogen_stress_year;low_response_year,wet,YCA2012_normal_grid_S0019,pareto_balanced,2012-07-21,203,40,35,"{""sim_day"": 40.0, ""doy"": 203.0, ""topwt"": 2898.9865112304688, ""grnwt"": 0.0, ""xlai"": 3.074800729751587, ""totir"": 0.0, ""tofer"": NaN, ""swfac"": 0.0, ""nstres"": 0.0}",0.0,0.0,2898.9865112304688,0.0,3.074800729751587,0.0,,0.0,0.0,0.0,225.0,22.981884765625,22.981884765625,Leave_One_experiments/all_year_offline_schedule_search/daily_outputs/YCA/YCA_2012_YCA2012_normal_grid_S0019_daily.csv
YCA,YCA,Yucheng,2012,Leave_One_experiments\wth_generated_qc\YCA\YCA2012.WTH,wet_year;nitrogen_stress_year;low_response_year,wet,YCA2012_normal_grid_S0019,pareto_balanced,2012-07-22,204,41,36,"{""sim_day"": 41.0, ""doy"": 204.0, ""topwt"": 3234.345092773437, ""grnwt"": 0.0, ""xlai"": 3.263125419616699, ""totir"": 0.0, ""tofer"": NaN, ""swfac"": 0.0, ""nstres"": 0.0}",0.0,0.0,3234.345092773437,0.0,3.263125419616699,0.0,,0.0,0.0,0.0,225.0,22.981884765625,22.981884765625,Leave_One_experiments/all_year_offline_schedule_search/daily_outputs/YCA/YCA_2012_YCA2012_normal_grid_S0019_daily.csv
YCA,YCA,Yucheng,2012,Leave_One_experiments\wth_generated_qc\YCA\YCA2012.WTH,wet_year;nitrogen_stress_year;low_response_year,wet,YCA2012_normal_grid_S0019,pareto_balanced,2012-07-23,205,42,37,"{""sim_day"": 42.0, ""doy"": 205.0, ""topwt"": 3612.9861450195312, ""grnwt"": 0.0, ""xlai"": 3.458158016204834, ""totir"": 0.0, ""tofer"": NaN, ""swfac"": 0.0, ""nstres"": 0.0}",0.0,0.0,3612.9861450195312,0.0,3.458158016204834,0.0,,0.0,0.0,0.0,225.0,22.981884765625,22.981884765625,Leave_One_experiments/all_year_offline_schedule_search/daily_outputs/YCA/YCA_2012_YCA2012_normal_grid_S0019_daily.csv
YCA,YCA,Yucheng,2012,Leave_One_experiments\wth_generated_qc\YCA\YCA2012.WTH,wet_year;nitrogen_stress_year;low_response_year,wet,YCA2012_normal_grid_S0019,pareto_balanced,2012-07-24,206,43,38,"{""sim_day"": 43.0, ""doy"": 206.0, ""topwt"": 3914.97802734375, ""grnwt"": 0.0, ""xlai"": 3.600748300552368, ""totir"": 0.0, ""tofer"": NaN, ""swfac"": 0.0, ""nstres"": 0.0}",0.0,0.0,3914.97802734375,0.0,3.600748300552368,0.0,,0.0,0.0,0.0,225.0,22.981884765625,22.981884765625,Leave_One_experiments/all_year_offline_schedule_search/daily_outputs/YCA/YCA_2012_YCA2012_normal_grid_S0019_daily.csv
YCA,YCA,Yucheng,2012,Leave_One_experiments\wth_generated_qc\YCA\YCA2012.WTH,wet_year;nitrogen_stress_year;low_response_year,wet,YCA2012_normal_grid_S0019,pareto_balanced,2012-07-25,207,44,39,"{""sim_day"": 44.0, ""doy"": 207.0, ""topwt"": 4294.754943847656, ""grnwt"": 0.0, ""xlai"": 3.764849424362183, ""totir"": 0.0, ""tofer"": NaN, ""swfac"": 0.0, ""nstres"": 0.0}",0.0,0.0,4294.754943847656,0.0,3.764849424362183,0.0,,0.0,0.0,0.0,225.0,22.981884765625,22.981884765625,Leave_One_experiments/all_year_offline_schedule_search/daily_outputs/YCA/YCA_2012_YCA2012_normal_grid_S0019_daily.csv
YCA,YCA,Yucheng,2012,Leave_One_experiments\wth_generated_qc\YCA\YCA2012.WTH,wet_year;nitrogen_stress_year;low_response_year,wet,YCA2012_normal_grid_S0019,pareto_balanced,2012-07-26,208,45,40,"{""sim_day"": 45.0, ""doy"": 208.0, ""topwt"": 4677.376403808594, ""grnwt"": 0.0, ""xlai"": 3.9172205924987793, ""totir"": 0.0, ""tofer"": NaN, ""swfac"": 0.0, ""nstres"": 0.0}",0.0,0.0,4677.376403808594,0.0,3.9172205924987793,0.0,,0.0,0.0,0.0,225.0,22.981884765625,22.981884765625,Leave_One_experiments/all_year_offline_schedule_search/daily_outputs/YCA/YCA_2012_YCA2012_normal_grid_S0019_daily.csv
YCA,YCA,Yucheng,2012,Leave_One_experiments\wth_generated_qc\YCA\YCA2012.WTH,wet_year;nitrogen_stress_year;low_response_year,wet,YCA2012_normal_grid_S0019,pareto_balanced,2012-07-27,209,46,41,"{""sim_day"": 46.0, ""doy"": 209.0, ""topwt"": 5040.189514160156, ""grnwt"": 0.0, ""xlai"": 4.125689029693604, ""totir"": 0.0, ""tofer"": NaN, ""swfac"": 0.0, ""nstres"": 0.0}",0.0,0.0,5040.189514160156,0.0,4.125689029693604,0.0,,0.0,0.0,0.0,225.0,22.981884765625,22.981884765625,Leave_One_experiments/all_year_offline_schedule_search/daily_outputs/YCA/YCA_2012_YCA2012_normal_grid_S0019_daily.csv
YCA,YCA,Yucheng,2012,Leave_One_experiments\wth_generated_qc\YCA\YCA2012.WTH,wet_year;nitrogen_stress_year;low_response_year,wet,YCA2012_normal_grid_S0019,pareto_balanced,2012-07-28,210,47,42,"{""sim_day"": 47.0, ""doy"": 210.0, ""topwt"": 5348.9892578125, ""grnwt"": 0.0, ""xlai"": 4.248051643371582, ""totir"": 0.0, ""tofer"": NaN, ""swfac"": 0.0, ""nstres"": 0.0}",0.0,0.0,5348.9892578125,0.0,4.248051643371582,0.0,,0.0,0.0,0.0,225.0,22.981884765625,22.981884765625,Leave_One_experiments/all_year_offline_schedule_search/daily_outputs/YCA/YCA_2012_YCA2012_normal_grid_S0019_daily.csv
YCA,YCA,Yucheng,2012,Leave_One_experiments\wth_generated_qc\YCA\YCA2012.WTH,wet_year;nitrogen_stress_year;low_response_year,wet,YCA2012_normal_grid_S0019,pareto_balanced,2012-07-29,211,48,43,"{""sim_day"": 48.0, ""doy"": 211.0, ""topwt"": 5525.1007080078125, ""grnwt"": 0.0, ""xlai"": 4.301208019256592, ""totir"": 0.0, ""tofer"": NaN, ""swfac"": 0.0, ""nstres"": 0.0}",0.0,0.0,5525.1007080078125,0.0,4.301208019256592,0.0,,0.0,0.0,0.0,225.0,22.981884765625,22.981884765625,Leave_One_experiments/all_year_offline_schedule_search/daily_outputs/YCA/YCA_2012_YCA2012_normal_grid_S0019_daily.csv
YCA,YCA,Yucheng,2012,Leave_One_experiments\wth_generated_qc\YCA\YCA2012.WTH,wet_year;nitrogen_stress_year;low_response_year,wet,YCA2012_normal_grid_S0019,pareto_balanced,2012-07-30,212,49,44,"{""sim_day"": 49.0, ""doy"": 212.0, ""topwt"": 5602.9205322265625, ""grnwt"": 0.0, ""xlai"": 4.315311908721924, ""totir"": 0.0, ""tofer"": NaN, ""swfac"": 0.0, ""nstres"": 0.0}",0.0,0.0,5602.9205322265625,0.0,4.315311908721924,0.0,,0.0,0.0,0.0,225.0,22.981884765625,22.981884765625,Leave_One_experiments/all_year_offline_schedule_search/daily_outputs/YCA/YCA_2012_YCA2012_normal_grid_S0019_daily.csv
YCA,YCA,Yucheng,2012,Leave_One_experiments\wth_generated_qc\YCA\YCA2012.WTH,wet_year;nitrogen_stress_year;low_response_year,wet,YCA2012_normal_grid_S0019,pareto_balanced,2012-07-31,213,50,45,"{""sim_day"": 50.0, ""doy"": 213.0, ""topwt"": 5744.743041992188, ""grnwt"": 0.0, ""xlai"": 4.346429824829102, ""totir"": 0.0, ""tofer"": NaN, ""swfac"": 0.0, ""nstres"": 0.0}",0.0,0.0,5744.743041992188,0.0,4.346429824829102,0.0,,0.0,0.0,0.0,225.0,22.981884765625,22.981884765625,Leave_One_experiments/all_year_offline_schedule_search/daily_outputs/YCA/YCA_2012_YCA2012_normal_grid_S0019_daily.csv
YCA,YCA,Yucheng,2012,Leave_One_experiments\wth_generated_qc\YCA\YCA2012.WTH,wet_year;nitrogen_stress_year;low_response_year,wet,YCA2012_normal_grid_S0019,pareto_balanced,2012-08-01,214,51,46,"{""sim_day"": 51.0, ""doy"": 214.0, ""topwt"": 5901.3580322265625, ""grnwt"": 0.0, ""xlai"": 4.377951145172119, ""totir"": 0.0, ""tofer"": NaN, ""swfac"": 0.0, ""nstres"": 0.0}",0.0,0.0,5901.3580322265625,0.0,4.377951145172119,0.0,,0.0,0.0,0.0,225.0,22.981884765625,22.981884765625,Leave_One_experiments/all_year_offline_schedule_search/daily_outputs/YCA/YCA_2012_YCA2012_normal_grid_S0019_daily.csv
YCA,YCA,Yucheng,2012,Leave_One_experiments\wth_generated_qc\YCA\YCA2012.WTH,wet_year;nitrogen_stress_year;low_response_year,wet,YCA2012_normal_grid_S0019,pareto_balanced,2012-08-02,215,52,47,"{""sim_day"": 52.0, ""doy"": 215.0, ""topwt"": 6041.655883789063, ""grnwt"": 0.0, ""xlai"": 4.4014410972595215, ""totir"": 0.0, ""tofer"": NaN, ""swfac"": 0.0, ""nstres"": 0.0}",0.0,0.0,6041.655883789063,0.0,4.4014410972595215,0.0,,0.0,0.0,0.0,225.0,22.981884765625,22.981884765625,Leave_One_experiments/all_year_offline_schedule_search/daily_outputs/YCA/YCA_2012_YCA2012_normal_grid_S0019_daily.csv
YCA,YCA,Yucheng,2012,Leave_One_experiments\wth_generated_qc\YCA\YCA2012.WTH,wet_year;nitrogen_stress_year;low_response_year,wet,YCA2012_normal_grid_S0019,pareto_balanced,2012-08-03,216,53,48,"{""sim_day"": 53.0, ""doy"": 216.0, ""topwt"": 6132.567138671875, ""grnwt"": 0.0, ""xlai"": 4.409832954406738, ""totir"": 0.0, ""tofer"": NaN, ""swfac"": 0.0, ""nstres"": 0.0}",0.0,0.0,6132.567138671875,0.0,4.409832954406738,0.0,,0.0,0.0,0.0,225.0,22.981884765625,22.981884765625,Leave_One_experiments/all_year_offline_schedule_search/daily_outputs/YCA/YCA_2012_YCA2012_normal_grid_S0019_daily.csv
YCA,YCA,Yucheng,2012,Leave_One_experiments\wth_generated_qc\YCA\YCA2012.WTH,wet_year;nitrogen_stress_year;low_response_year,wet,YCA2012_normal_grid_S0019,pareto_balanced,2012-08-04,217,54,49,"{""sim_day"": 54.0, ""doy"": 217.0, ""topwt"": 6374.7113037109375, ""grnwt"": 0.0, ""xlai"": 4.453335285186768, ""totir"": 0.0, ""tofer"": NaN, ""swfac"": 0.0, ""nstres"": 0.0}",0.0,0.0,6374.7113037109375,0.0,4.453335285186768,0.0,,0.0,0.0,0.0,225.0,22.981884765625,22.981884765625,Leave_One_experiments/all_year_offline_schedule_search/daily_outputs/YCA/YCA_2012_YCA2012_normal_grid_S0019_daily.csv
YCA,YCA,Yucheng,2012,Leave_One_experiments\wth_generated_qc\YCA\YCA2012.WTH,wet_year;nitrogen_stress_year;low_response_year,wet,YCA2012_normal_grid_S0019,pareto_balanced,2012-08-05,218,55,50,"{""sim_day"": 55.0, ""doy"": 218.0, ""topwt"": 6684.708862304688, ""grnwt"": 0.0, ""xlai"": 4.511411666870117, ""totir"": 0.0, ""tofer"": NaN, ""swfac"": 0.0, ""nstres"": 0.0}",0.0,0.0,6684.708862304688,0.0,4.511411666870117,0.0,,0.0,0.0,0.0,225.0,22.981884765625,22.981884765625,Leave_One_experiments/all_year_offline_schedule_search/daily_outputs/YCA/YCA_2012_YCA2012_normal_grid_S0019_daily.csv
YCA,YCA,Yucheng,2012,Leave_One_experiments\wth_generated_qc\YCA\YCA2012.WTH,wet_year;nitrogen_stress_year;low_response_year,wet,YCA2012_normal_grid_S0019,pareto_balanced,2012-08-06,219,56,51,"{""sim_day"": 56.0, ""doy"": 219.0, ""topwt"": 7045.776977539063, ""grnwt"": 0.0, ""xlai"": 4.579336166381836, ""totir"": 0.0, ""tofer"": NaN, ""swfac"": 0.0, ""nstres"": 0.0}",0.0,0.0,7045.776977539063,0.0,4.579336166381836,0.0,,0.0,0.0,0.0,225.0,22.981884765625,22.981884765625,Leave_One_experiments/all_year_offline_schedule_search/daily_outputs/YCA/YCA_2012_YCA2012_normal_grid_S0019_daily.csv
YCA,YCA,Yucheng,2012,Leave_One_experiments\wth_generated_qc\YCA\YCA2012.WTH,wet_year;nitrogen_stress_year;low_response_year,wet,YCA2012_normal_grid_S0019,pareto_balanced,2012-08-07,220,57,52,"{""sim_day"": 57.0, ""doy"": 220.0, ""topwt"": 7400.83984375, ""grnwt"": 0.0, ""xlai"": 4.642901420593262, ""totir"": 0.0, ""tofer"": NaN, ""swfac"": 0.0, ""nstres"": 0.0}",0.0,0.0,7400.83984375,0.0,4.642901420593262,0.0,,0.0,0.0,0.0,225.0,22.981884765625,22.981884765625,Leave_One_experiments/all_year_offline_schedule_search/daily_outputs/YCA/YCA_2012_YCA2012_normal_grid_S0019_daily.csv
YCA,YCA,Yucheng,2012,Leave_One_experiments\wth_generated_qc\YCA\YCA2012.WTH,wet_year;nitrogen_stress_year;low_response_year,wet,YCA2012_normal_grid_S0019,pareto_balanced,2012-08-08,221,58,53,"{""sim_day"": 58.0, ""doy"": 221.0, ""topwt"": 7623.555908203125, ""grnwt"": 0.0, ""xlai"": 4.671953201293945, ""totir"": 0.0, ""tofer"": NaN, ""swfac"": 0.0, ""nstres"": 0.0}",0.0,0.0,7623.555908203125,0.0,4.671953201293945,0.0,,0.0,0.0,0.0,225.0,22.981884765625,22.981884765625,Leave_One_experiments/all_year_offline_schedule_search/daily_outputs/YCA/YCA_2012_YCA2012_normal_grid_S0019_daily.csv
YCA,YCA,Yucheng,2012,Leave_One_experiments\wth_generated_qc\YCA\YCA2012.WTH,wet_year;nitrogen_stress_year;low_response_year,wet,YCA2012_normal_grid_S0019,pareto_balanced,2012-08-09,222,59,54,"{""sim_day"": 59.0, ""doy"": 222.0, ""topwt"": 7895.75439453125, ""grnwt"": 0.0, ""xlai"": 4.616210460662842, ""totir"": 0.0, ""tofer"": NaN, ""swfac"": 0.0, ""nstres"": 0.0}",0.0,0.0,7895.75439453125,0.0,4.616210460662842,0.0,,0.0,0.0,0.0,225.0,22.981884765625,22.981884765625,Leave_One_experiments/all_year_offline_schedule_search/daily_outputs/YCA/YCA_2012_YCA2012_normal_grid_S0019_daily.csv
YCA,YCA,Yucheng,2012,Leave_One_experiments\wth_generated_qc\YCA\YCA2012.WTH,wet_year;nitrogen_stress_year;low_response_year,wet,YCA2012_normal_grid_S0019,pareto_balanced,2012-08-10,223,60,55,"{""sim_day"": 60.0, ""doy"": 223.0, ""topwt"": 8283.930053710938, ""grnwt"": 0.0, ""xlai"": 4.590546131134033, ""totir"": 0.0, ""tofer"": NaN, ""swfac"": 0.0, ""nstres"": 0.0}",0.0,0.0,8283.930053710938,0.0,4.590546131134033,0.0,,0.0,0.0,0.0,225.0,22.981884765625,22.981884765625,Leave_One_experiments/all_year_offline_schedule_search/daily_outputs/YCA/YCA_2012_YCA2012_normal_grid_S0019_daily.csv
YCA,YCA,Yucheng,2012,Leave_One_experiments\wth_generated_qc\YCA\YCA2012.WTH,wet_year;nitrogen_stress_year;low_response_year,wet,YCA2012_normal_grid_S0019,pareto_balanced,2012-08-11,224,61,56,"{""sim_day"": 61.0, ""doy"": 224.0, ""topwt"": 8326.841430664062, ""grnwt"": 0.0, ""xlai"": 4.568601131439209, ""totir"": 0.0, ""tofer"": NaN, ""swfac"": 0.0, ""nstres"": 0.0}",0.0,0.0,8326.841430664062,0.0,4.568601131439209,0.0,,0.0,0.0,0.0,225.0,22.981884765625,22.981884765625,Leave_One_experiments/all_year_offline_schedule_search/daily_outputs/YCA/YCA_2012_YCA2012_normal_grid_S0019_daily.csv
YCA,YCA,Yucheng,2012,Leave_One_experiments\wth_generated_qc\YCA\YCA2012.WTH,wet_year;nitrogen_stress_year;low_response_year,wet,YCA2012_normal_grid_S0019,pareto_balanced,2012-08-12,225,62,57,"{""sim_day"": 62.0, ""doy"": 225.0, ""topwt"": 8620.6689453125, ""grnwt"": 0.0, ""xlai"": 4.5478196144104, ""totir"": 0.0, ""tofer"": NaN, ""swfac"": 0.0, ""nstres"": 0.0}",0.0,0.0,8620.6689453125,0.0,4.5478196144104,0.0,,0.0,0.0,0.0,225.0,22.981884765625,22.981884765625,Leave_One_experiments/all_year_offline_schedule_search/daily_outputs/YCA/YCA_2012_YCA2012_normal_grid_S0019_daily.csv
YCA,YCA,Yucheng,2012,Leave_One_experiments\wth_generated_qc\YCA\YCA2012.WTH,wet_year;nitrogen_stress_year;low_response_year,wet,YCA2012_normal_grid_S0019,pareto_balanced,2012-08-13,226,63,58,"{""sim_day"": 63.0, ""doy"": 226.0, ""topwt"": 8602.907104492188, ""grnwt"": 0.0, ""xlai"": 4.527888298034668, ""totir"": 0.0, ""tofer"": NaN, ""swfac"": 0.0, ""nstres"": 0.0}",0.0,0.0,8602.907104492188,0.0,4.527888298034668,0.0,,0.0,0.0,0.0,225.0,22.981884765625,22.981884765625,Leave_One_experiments/all_year_offline_schedule_search/daily_outputs/YCA/YCA_2012_YCA2012_normal_grid_S0019_daily.csv
YCA,YCA,Yucheng,2012,Leave_One_experiments\wth_generated_qc\YCA\YCA2012.WTH,wet_year;nitrogen_stress_year;low_response_year,wet,YCA2012_normal_grid_S0019,pareto_balanced,2012-08-14,227,64,59,"{""sim_day"": 64.0, ""doy"": 227.0, ""topwt"": 8975.377197265625, ""grnwt"": 0.0, ""xlai"": 4.5087666511535645, ""totir"": 0.0, ""tofer"": NaN, ""swfac"": 0.0, ""nstres"": 0.0}",0.0,0.0,8975.377197265625,0.0,4.5087666511535645,0.0,,0.0,0.0,0.0,225.0,22.981884765625,22.981884765625,Leave_One_experiments/all_year_offline_schedule_search/daily_outputs/YCA/YCA_2012_YCA2012_normal_grid_S0019_daily.csv
YCA,YCA,Yucheng,2012,Leave_One_experiments\wth_generated_qc\YCA\YCA2012.WTH,wet_year;nitrogen_stress_year;low_response_year,wet,YCA2012_normal_grid_S0019,pareto_balanced,2012-08-15,228,65,60,"{""sim_day"": 65.0, ""doy"": 228.0, ""topwt"": 9295.33203125, ""grnwt"": 0.0, ""xlai"": 4.490415096282959, ""totir"": 0.0, ""tofer"": NaN, ""swfac"": 0.0, ""nstres"": 0.0}",0.0,0.0,9295.33203125,0.0,4.490415096282959,0.0,,0.0,75.0,0.0,225.0,22.981884765625,22.981884765625,Leave_One_experiments/all_year_offline_schedule_search/daily_outputs/YCA/YCA_2012_YCA2012_normal_grid_S0019_daily.csv
YCA,YCA,Yucheng,2012,Leave_One_experiments\wth_generated_qc\YCA\YCA2012.WTH,wet_year;nitrogen_stress_year;low_response_year,wet,YCA2012_normal_grid_S0019,pareto_balanced,2012-08-16,229,66,61,"{""sim_day"": 66.0, ""doy"": 229.0, ""topwt"": 9536.375732421877, ""grnwt"": 0.0, ""xlai"": 4.472797870635986, ""totir"": 0.0, ""tofer"": NaN, ""swfac"": 0.0, ""nstres"": 0.0}",0.0,0.0,9536.375732421877,0.0,4.472797870635986,0.0,,0.0,0.0,0.0,225.0,22.981884765625,22.981884765625,Leave_One_experiments/all_year_offline_schedule_search/daily_outputs/YCA/YCA_2012_YCA2012_normal_grid_S0019_daily.csv
YCA,YCA,Yucheng,2012,Leave_One_experiments\wth_generated_qc\YCA\YCA2012.WTH,wet_year;nitrogen_stress_year;low_response_year,wet,YCA2012_normal_grid_S0019,pareto_balanced,2012-08-17,230,67,62,"{""sim_day"": 67.0, ""doy"": 230.0, ""topwt"": 9565.125732421877, ""grnwt"": 0.0, ""xlai"": 4.4518632888793945, ""totir"": 0.0, ""tofer"": NaN, ""swfac"": 0.0, ""nstres"": 0.0}",0.0,0.0,9565.125732421877,0.0,4.4518632888793945,0.0,,0.0,0.0,0.0,225.0,22.981884765625,22.981884765625,Leave_One_experiments/all_year_offline_schedule_search/daily_outputs/YCA/YCA_2012_YCA2012_normal_grid_S0019_daily.csv
YCA,YCA,Yucheng,2012,Leave_One_experiments\wth_generated_qc\YCA\YCA2012.WTH,wet_year;nitrogen_stress_year;low_response_year,wet,YCA2012_normal_grid_S0019,pareto_balanced,2012-08-18,231,68,63,"{""sim_day"": 68.0, ""doy"": 231.0, ""topwt"": 9862.13134765625, ""grnwt"": 0.0, ""xlai"": 4.428515434265137, ""totir"": 0.0, ""tofer"": NaN, ""swfac"": 0.0, ""nstres"": 0.0}",0.0,0.0,9862.13134765625,0.0,4.428515434265137,0.0,,0.0,0.0,0.0,225.0,22.981884765625,22.981884765625,Leave_One_experiments/all_year_offline_schedule_search/daily_outputs/YCA/YCA_2012_YCA2012_normal_grid_S0019_daily.csv
YCA,YCA,Yucheng,2012,Leave_One_experiments\wth_generated_qc\YCA\YCA2012.WTH,wet_year;nitrogen_stress_year;low_response_year,wet,YCA2012_normal_grid_S0019,pareto_balanced,2012-08-19,232,69,64,"{""sim_day"": 69.0, ""doy"": 232.0, ""topwt"": 10068.0712890625, ""grnwt"": 233.9379119873047, ""xlai"": 4.332207202911377, ""totir"": 0.0, ""tofer"": NaN, ""swfac"": 0.0, ""nstres"": 0.0}",0.0,0.0,10068.0712890625,233.9379119873047,4.332207202911377,0.0,,0.0,0.0,0.0,225.0,22.981884765625,22.981884765625,Leave_One_experiments/all_year_offline_schedule_search/daily_outputs/YCA/YCA_2012_YCA2012_normal_grid_S0019_daily.csv
YCA,YCA,Yucheng,2012,Leave_One_experiments\wth_generated_qc\YCA\YCA2012.WTH,wet_year;nitrogen_stress_year;low_response_year,wet,YCA2012_normal_grid_S0019,pareto_balanced,2012-08-20,233,70,65,"{""sim_day"": 70.0, ""doy"": 233.0, ""topwt"": 10157.485961914062, ""grnwt"": 467.8758239746094, ""xlai"": 4.318604946136475, ""totir"": 0.0, ""tofer"": NaN, ""swfac"": 0.0, ""nstres"": 0.0}",0.0,0.0,10157.485961914062,467.8758239746094,4.318604946136475,0.0,,0.0,0.0,0.0,225.0,22.981884765625,22.981884765625,Leave_One_experiments/all_year_offline_schedule_search/daily_outputs/YCA/YCA_2012_YCA2012_normal_grid_S0019_daily.csv
YCA,YCA,Yucheng,2012,Leave_One_experiments\wth_generated_qc\YCA\YCA2012.WTH,wet_year;nitrogen_stress_year;low_response_year,wet,YCA2012_normal_grid_S0019,pareto_balanced,2012-08-21,234,71,66,"{""sim_day"": 71.0, ""doy"": 234.0, ""topwt"": 10511.08154296875, ""grnwt"": 701.8137359619141, ""xlai"": 4.30286979675293, ""totir"": 0.0, ""tofer"": NaN, ""swfac"": 0.0, ""nstres"": 0.0}",0.0,0.0,10511.08154296875,701.8137359619141,4.30286979675293,0.0,,0.0,0.0,0.0,225.0,22.981884765625,22.981884765625,Leave_One_experiments/all_year_offline_schedule_search/daily_outputs/YCA/YCA_2012_YCA2012_normal_grid_S0019_daily.csv
YCA,YCA,Yucheng,2012,Leave_One_experiments\wth_generated_qc\YCA\YCA2012.WTH,wet_year;nitrogen_stress_year;low_response_year,wet,YCA2012_normal_grid_S0019,pareto_balanced,2012-08-22,235,72,67,"{""sim_day"": 72.0, ""doy"": 235.0, ""topwt"": 10797.88330078125, ""grnwt"": 935.7516479492188, ""xlai"": 4.283985614776611, ""totir"": 0.0, ""tofer"": NaN, ""swfac"": 0.0, ""nstres"": 0.0}",0.0,0.0,10797.88330078125,935.7516479492188,4.283985614776611,0.0,,0.0,0.0,0.0,225.0,22.981884765625,22.981884765625,Leave_One_experiments/all_year_offline_schedule_search/daily_outputs/YCA/YCA_2012_YCA2012_normal_grid_S0019_daily.csv
YCA,YCA,Yucheng,2012,Leave_One_experiments\wth_generated_qc\YCA\YCA2012.WTH,wet_year;nitrogen_stress_year;low_response_year,wet,YCA2012_normal_grid_S0019,pareto_balanced,2012-08-23,236,73,68,"{""sim_day"": 73.0, ""doy"": 236.0, ""topwt"": 11031.8212890625, ""grnwt"": 1169.6896362304688, ""xlai"": 4.264010429382324, ""totir"": 0.0, ""tofer"": NaN, ""swfac"": 0.0, ""nstres"": 0.0}",0.0,0.0,11031.8212890625,1169.6896362304688,4.264010429382324,0.0,,0.0,0.0,0.0,225.0,22.981884765625,22.981884765625,Leave_One_experiments/all_year_offline_schedule_search/daily_outputs/YCA/YCA_2012_YCA2012_normal_grid_S0019_daily.csv
YCA,YCA,Yucheng,2012,Leave_One_experiments\wth_generated_qc\YCA\YCA2012.WTH,wet_year;nitrogen_stress_year;low_response_year,wet,YCA2012_normal_grid_S0019,pareto_balanced,2012-08-24,237,74,69,"{""sim_day"": 74.0, ""doy"": 237.0, ""topwt"": 11265.75927734375, ""grnwt"": 1403.627471923828, ""xlai"": 4.237095832824707, ""totir"": 0.0, ""tofer"": NaN, ""swfac"": 0.0, ""nstres"": 0.0}",0.0,0.0,11265.75927734375,1403.627471923828,4.237095832824707,0.0,,0.0,0.0,0.0,225.0,22.981884765625,22.981884765625,Leave_One_experiments/all_year_offline_schedule_search/daily_outputs/YCA/YCA_2012_YCA2012_normal_grid_S0019_daily.csv
YCA,YCA,Yucheng,2012,Leave_One_experiments\wth_generated_qc\YCA\YCA2012.WTH,wet_year;nitrogen_stress_year;low_response_year,wet,YCA2012_normal_grid_S0019,pareto_balanced,2012-08-25,238,75,70,"{""sim_day"": 75.0, ""doy"": 238.0, ""topwt"": 11476.34765625, ""grnwt"": 1637.565460205078, ""xlai"": 4.203252792358398, ""totir"": 0.0, ""tofer"": NaN, ""swfac"": 0.0, ""nstres"": 0.0}",0.0,0.0,11476.34765625,1637.565460205078,4.203252792358398,0.0,,0.0,0.0,0.0,225.0,22.981884765625,22.981884765625,Leave_One_experiments/all_year_offline_schedule_search/daily_outputs/YCA/YCA_2012_YCA2012_normal_grid_S0019_daily.csv
YCA,YCA,Yucheng,2012,Leave_One_experiments\wth_generated_qc\YCA\YCA2012.WTH,wet_year;nitrogen_stress_year;low_response_year,wet,YCA2012_normal_grid_S0019,pareto_balanced,2012-08-26,239,76,71,"{""sim_day"": 76.0, ""doy"": 239.0, ""topwt"": 11664.41162109375, ""grnwt"": 1871.5032958984373, ""xlai"": 4.166785717010498, ""totir"": 0.0, ""tofer"": NaN, ""swfac"": 0.0, ""nstres"": 0.0}",0.0,0.0,11664.41162109375,1871.5032958984373,4.166785717010498,0.0,,0.0,0.0,0.0,225.0,22.981884765625,22.981884765625,Leave_One_experiments/all_year_offline_schedule_search/daily_outputs/YCA/YCA_2012_YCA2012_normal_grid_S0019_daily.csv
YCA,YCA,Yucheng,2012,Leave_One_experiments\wth_generated_qc\YCA\YCA2012.WTH,wet_year;nitrogen_stress_year;low_response_year,wet,YCA2012_normal_grid_S0019,pareto_balanced,2012-08-27,240,77,72,"{""sim_day"": 77.0, ""doy"": 240.0, ""topwt"": 11957.054443359377, ""grnwt"": 2105.4412841796875, ""xlai"": 4.121986389160156, ""totir"": 0.0, ""tofer"": NaN, ""swfac"": 0.0, ""nstres"": 0.0}",0.0,0.0,11957.054443359377,2105.4412841796875,4.121986389160156,0.0,,0.0,0.0,0.0,225.0,22.981884765625,22.981884765625,Leave_One_experiments/all_year_offline_schedule_search/daily_outputs/YCA/YCA_2012_YCA2012_normal_grid_S0019_daily.csv
YCA,YCA,Yucheng,2012,Leave_One_experiments\wth_generated_qc\YCA\YCA2012.WTH,wet_year;nitrogen_stress_year;low_response_year,wet,YCA2012_normal_grid_S0019,pareto_balanced,2012-08-28,241,78,73,"{""sim_day"": 78.0, ""doy"": 241.0, ""topwt"": 12194.200439453123, ""grnwt"": 2332.068634033203, ""xlai"": 4.069220542907715, ""totir"": 0.0, ""tofer"": NaN, ""swfac"": 0.0, ""nstres"": 0.0}",0.0,0.0,12194.200439453123,2332.068634033203,4.069220542907715,0.0,,0.0,0.0,0.0,225.0,22.981884765625,22.981884765625,Leave_One_experiments/all_year_offline_schedule_search/daily_outputs/YCA/YCA_2012_YCA2012_normal_grid_S0019_daily.csv
YCA,YCA,Yucheng,2012,Leave_One_experiments\wth_generated_qc\YCA\YCA2012.WTH,wet_year;nitrogen_stress_year;low_response_year,wet,YCA2012_normal_grid_S0019,pareto_balanced,2012-08-29,242,79,74,"{""sim_day"": 79.0, ""doy"": 242.0, ""topwt"": 12417.904052734377, ""grnwt"": 2555.771789550781, ""xlai"": 4.009600162506104, ""totir"": 0.0, ""tofer"": NaN, ""swfac"": 0.0, ""nstres"": 0.0}",0.0,0.0,12417.904052734377,2555.771789550781,4.009600162506104,0.0,,0.0,0.0,0.0,225.0,22.981884765625,22.981884765625,Leave_One_experiments/all_year_offline_schedule_search/daily_outputs/YCA/YCA_2012_YCA2012_normal_grid_S0019_daily.csv
YCA,YCA,Yucheng,2012,Leave_One_experiments\wth_generated_qc\YCA\YCA2012.WTH,wet_year;nitrogen_stress_year;low_response_year,wet,YCA2012_normal_grid_S0019,pareto_balanced,2012-08-30,243,80,75,"{""sim_day"": 80.0, ""doy"": 243.0, ""topwt"": 12651.842041015623, ""grnwt"": 2789.7097778320312, ""xlai"": 3.944809675216675, ""totir"": 0.0, ""tofer"": NaN, ""swfac"": 0.0, ""nstres"": 0.0}",0.0,0.0,12651.842041015623,2789.7097778320312,3.944809675216675,0.0,,0.0,0.0,0.0,225.0,22.981884765625,22.981884765625,Leave_One_experiments/all_year_offline_schedule_search/daily_outputs/YCA/YCA_2012_YCA2012_normal_grid_S0019_daily.csv
YCA,YCA,Yucheng,2012,Leave_One_experiments\wth_generated_qc\YCA\YCA2012.WTH,wet_year;nitrogen_stress_year;low_response_year,wet,YCA2012_normal_grid_S0019,pareto_balanced,2012-08-31,244,81,76,"{""sim_day"": 81.0, ""doy"": 244.0, ""topwt"": 12872.61962890625, ""grnwt"": 3010.488586425781, ""xlai"": 3.870631456375122, ""totir"": 0.0, ""tofer"": NaN, ""swfac"": 0.0, ""nstres"": 0.0}",0.0,0.0,12872.61962890625,3010.488586425781,3.870631456375122,0.0,,0.0,0.0,0.0,225.0,22.981884765625,22.981884765625,Leave_One_experiments/all_year_offline_schedule_search/daily_outputs/YCA/YCA_2012_YCA2012_normal_grid_S0019_daily.csv
YCA,YCA,Yucheng,2012,Leave_One_experiments\wth_generated_qc\YCA\YCA2012.WTH,wet_year;nitrogen_stress_year;low_response_year,wet,YCA2012_normal_grid_S0019,pareto_balanced,2012-09-01,245,82,77,"{""sim_day"": 82.0, ""doy"": 245.0, ""topwt"": 12918.438720703123, ""grnwt"": 3244.4265747070312, ""xlai"": 3.808747529983521, ""totir"": 0.0, ""tofer"": NaN, ""swfac"": 0.0, ""nstres"": 0.0}",0.0,0.0,12918.438720703123,3244.4265747070312,3.808747529983521,0.0,,0.0,0.0,0.0,225.0,22.981884765625,22.981884765625,Leave_One_experiments/all_year_offline_schedule_search/daily_outputs/YCA/YCA_2012_YCA2012_normal_grid_S0019_daily.csv
YCA,YCA,Yucheng,2012,Leave_One_experiments\wth_generated_qc\YCA\YCA2012.WTH,wet_year;nitrogen_stress_year;low_response_year,wet,YCA2012_normal_grid_S0019,pareto_balanced,2012-09-02,246,83,78,"{""sim_day"": 83.0, ""doy"": 246.0, ""topwt"": 13258.79150390625, ""grnwt"": 3478.3642578125, ""xlai"": 3.745142936706543, ""totir"": 0.0, ""tofer"": NaN, ""swfac"": 0.0, ""nstres"": 0.0}",0.0,0.0,13258.79150390625,3478.3642578125,3.745142936706543,0.0,,0.0,0.0,0.0,225.0,22.981884765625,22.981884765625,Leave_One_experiments/all_year_offline_schedule_search/daily_outputs/YCA/YCA_2012_YCA2012_normal_grid_S0019_daily.csv
YCA,YCA,Yucheng,2012,Leave_One_experiments\wth_generated_qc\YCA\YCA2012.WTH,wet_year;nitrogen_stress_year;low_response_year,wet,YCA2012_normal_grid_S0019,pareto_balanced,2012-09-03,247,84,79,"{""sim_day"": 84.0, ""doy"": 247.0, ""topwt"": 13574.434814453123, ""grnwt"": 3712.30224609375, ""xlai"": 3.688392400741577, ""totir"": 0.0, ""tofer"": NaN, ""swfac"": 0.0, ""nstres"": 0.0}",0.0,0.0,13574.434814453123,3712.30224609375,3.688392400741577,0.0,,0.0,0.0,0.0,225.0,22.981884765625,22.981884765625,Leave_One_experiments/all_year_offline_schedule_search/daily_outputs/YCA/YCA_2012_YCA2012_normal_grid_S0019_daily.csv
YCA,YCA,Yucheng,2012,Leave_One_experiments\wth_generated_qc\YCA\YCA2012.WTH,wet_year;nitrogen_stress_year;low_response_year,wet,YCA2012_normal_grid_S0019,pareto_balanced,2012-09-04,248,85,80,"{""sim_day"": 85.0, ""doy"": 248.0, ""topwt"": 13791.392822265623, ""grnwt"": 3946.240234375, ""xlai"": 3.6376874446868896, ""totir"": 0.0, ""tofer"": NaN, ""swfac"": 0.0, ""nstres"": 0.0}",0.0,0.0,13791.392822265623,3946.240234375,3.6376874446868896,0.0,,0.0,0.0,0.0,225.0,22.981884765625,22.981884765625,Leave_One_experiments/all_year_offline_schedule_search/daily_outputs/YCA/YCA_2012_YCA2012_normal_grid_S0019_daily.csv
YCA,YCA,Yucheng,2012,Leave_One_experiments\wth_generated_qc\YCA\YCA2012.WTH,wet_year;nitrogen_stress_year;low_response_year,wet,YCA2012_normal_grid_S0019,pareto_balanced,2012-09-05,249,86,81,"{""sim_day"": 86.0, ""doy"": 249.0, ""topwt"": 14034.210205078123, ""grnwt"": 4180.17822265625, ""xlai"": 3.557958602905273, ""totir"": 0.0, ""tofer"": NaN, ""swfac"": 0.0, ""nstres"": 0.0}",0.0,0.0,14034.210205078123,4180.17822265625,3.557958602905273,0.0,,0.0,0.0,0.0,225.0,22.981884765625,22.981884765625,Leave_One_experiments/all_year_offline_schedule_search/daily_outputs/YCA/YCA_2012_YCA2012_normal_grid_S0019_daily.csv
YCA,YCA,Yucheng,2012,Leave_One_experiments\wth_generated_qc\YCA\YCA2012.WTH,wet_year;nitrogen_stress_year;low_response_year,wet,YCA2012_normal_grid_S0019,pareto_balanced,2012-09-06,250,87,82,"{""sim_day"": 87.0, ""doy"": 250.0, ""topwt"": 14200.523681640623, ""grnwt"": 4414.115905761719, ""xlai"": 3.477463960647583, ""totir"": 0.0, ""tofer"": NaN, ""swfac"": 0.0, ""nstres"": 0.0}",0.0,0.0,14200.523681640623,4414.115905761719,3.477463960647583,0.0,,0.0,0.0,0.0,225.0,22.981884765625,22.981884765625,Leave_One_experiments/all_year_offline_schedule_search/daily_outputs/YCA/YCA_2012_YCA2012_normal_grid_S0019_daily.csv
YCA,YCA,Yucheng,2012,Leave_One_experiments\wth_generated_qc\YCA\YCA2012.WTH,wet_year;nitrogen_stress_year;low_response_year,wet,YCA2012_normal_grid_S0019,pareto_balanced,2012-09-07,251,88,83,"{""sim_day"": 88.0, ""doy"": 251.0, ""topwt"": 14473.187255859377, ""grnwt"": 4648.05419921875, ""xlai"": 3.398432731628418, ""totir"": 0.0, ""tofer"": NaN, ""swfac"": 0.0, ""nstres"": 0.0}",0.0,0.0,14473.187255859377,4648.05419921875,3.398432731628418,0.0,,0.0,0.0,0.0,225.0,22.981884765625,22.981884765625,Leave_One_experiments/all_year_offline_schedule_search/daily_outputs/YCA/YCA_2012_YCA2012_normal_grid_S0019_daily.csv
YCA,YCA,Yucheng,2012,Leave_One_experiments\wth_generated_qc\YCA\YCA2012.WTH,wet_year;nitrogen_stress_year;low_response_year,wet,YCA2012_normal_grid_S0019,pareto_balanced,2012-09-08,252,89,84,"{""sim_day"": 89.0, ""doy"": 252.0, ""topwt"": 14744.1259765625, ""grnwt"": 4881.9921875, ""xlai"": 3.3064634799957275, ""totir"": 0.0, ""tofer"": NaN, ""swfac"": 0.0, ""nstres"": 0.0}",0.0,0.0,14744.1259765625,4881.9921875,3.3064634799957275,0.0,,0.0,0.0,0.0,225.0,22.981884765625,22.981884765625,Leave_One_experiments/all_year_offline_schedule_search/daily_outputs/YCA/YCA_2012_YCA2012_normal_grid_S0019_daily.csv
YCA,YCA,Yucheng,2012,Leave_One_experiments\wth_generated_qc\YCA\YCA2012.WTH,wet_year;nitrogen_stress_year;low_response_year,wet,YCA2012_normal_grid_S0019,pareto_balanced,2012-09-09,253,90,85,"{""sim_day"": 90.0, ""doy"": 253.0, ""topwt"": 14978.06396484375, ""grnwt"": 5115.930480957031, ""xlai"": 3.213131666183472, ""totir"": 0.0, ""tofer"": NaN, ""swfac"": 0.0, ""nstres"": 0.0}",0.0,0.0,14978.06396484375,5115.930480957031,3.213131666183472,0.0,,0.0,0.0,0.0,225.0,22.981884765625,22.981884765625,Leave_One_experiments/all_year_offline_schedule_search/daily_outputs/YCA/YCA_2012_YCA2012_normal_grid_S0019_daily.csv
YCA,YCA,Yucheng,2012,Leave_One_experiments\wth_generated_qc\YCA\YCA2012.WTH,wet_year;nitrogen_stress_year;low_response_year,wet,YCA2012_normal_grid_S0019,pareto_balanced,2012-09-10,254,91,86,"{""sim_day"": 91.0, ""doy"": 254.0, ""topwt"": 15042.919921875, ""grnwt"": 5349.868774414063, ""xlai"": 3.1236960887908936, ""totir"": 0.0, ""tofer"": NaN, ""swfac"": 0.0, ""nstres"": 0.0}",0.0,0.0,15042.919921875,5349.868774414063,3.1236960887908936,0.0,,0.0,0.0,0.0,225.0,22.981884765625,22.981884765625,Leave_One_experiments/all_year_offline_schedule_search/daily_outputs/YCA/YCA_2012_YCA2012_normal_grid_S0019_daily.csv
YCA,YCA,Yucheng,2012,Leave_One_experiments\wth_generated_qc\YCA\YCA2012.WTH,wet_year;nitrogen_stress_year;low_response_year,wet,YCA2012_normal_grid_S0019,pareto_balanced,2012-09-11,255,92,87,"{""sim_day"": 92.0, ""doy"": 255.0, ""topwt"": 15196.2353515625, ""grnwt"": 5583.8067626953125, ""xlai"": 3.038969755172729, ""totir"": 0.0, ""tofer"": NaN, ""swfac"": 0.0, ""nstres"": 0.0}",0.0,0.0,15196.2353515625,5583.8067626953125,3.038969755172729,0.0,,0.0,0.0,0.0,225.0,22.981884765625,22.981884765625,Leave_One_experiments/all_year_offline_schedule_search/daily_outputs/YCA/YCA_2012_YCA2012_normal_grid_S0019_daily.csv
YCA,YCA,Yucheng,2012,Leave_One_experiments\wth_generated_qc\YCA\YCA2012.WTH,wet_year;nitrogen_stress_year;low_response_year,wet,YCA2012_normal_grid_S0019,pareto_balanced,2012-09-12,256,93,88,"{""sim_day"": 93.0, ""doy"": 256.0, ""topwt"": 15524.47021484375, ""grnwt"": 5817.7447509765625, ""xlai"": 2.954500198364258, ""totir"": 0.0, ""tofer"": NaN, ""swfac"": 0.0, ""nstres"": 0.0}",0.0,0.0,15524.47021484375,5817.7447509765625,2.954500198364258,0.0,,0.0,0.0,0.0,225.0,22.981884765625,22.981884765625,Leave_One_experiments/all_year_offline_schedule_search/daily_outputs/YCA/YCA_2012_YCA2012_normal_grid_S0019_daily.csv
YCA,YCA,Yucheng,2012,Leave_One_experiments\wth_generated_qc\YCA\YCA2012.WTH,wet_year;nitrogen_stress_year;low_response_year,wet,YCA2012_normal_grid_S0019,pareto_balanced,2012-09-13,257,94,89,"{""sim_day"": 94.0, ""doy"": 257.0, ""topwt"": 15833.2470703125, ""grnwt"": 6051.683349609375, ""xlai"": 2.8686351776123047, ""totir"": 0.0, ""tofer"": NaN, ""swfac"": 0.0, ""nstres"": 0.0}",0.0,0.0,15833.2470703125,6051.683349609375,2.8686351776123047,0.0,,0.0,0.0,0.0,225.0,22.981884765625,22.981884765625,Leave_One_experiments/all_year_offline_schedule_search/daily_outputs/YCA/YCA_2012_YCA2012_normal_grid_S0019_daily.csv
YCA,YCA,Yucheng,2012,Leave_One_experiments\wth_generated_qc\YCA\YCA2012.WTH,wet_year;nitrogen_stress_year;low_response_year,wet,YCA2012_normal_grid_S0019,pareto_balanced,2012-09-14,258,95,90,"{""sim_day"": 95.0, ""doy"": 258.0, ""topwt"": 16143.983154296877, ""grnwt"": 6285.621337890625, ""xlai"": 2.781543493270874, ""totir"": 0.0, ""tofer"": NaN, ""swfac"": 0.0, ""nstres"": 0.0}",0.0,0.0,16143.983154296877,6285.621337890625,2.781543493270874,0.0,,0.0,0.0,0.0,225.0,22.981884765625,22.981884765625,Leave_One_experiments/all_year_offline_schedule_search/daily_outputs/YCA/YCA_2012_YCA2012_normal_grid_S0019_daily.csv
YCA,YCA,Yucheng,2012,Leave_One_experiments\wth_generated_qc\YCA\YCA2012.WTH,wet_year;nitrogen_stress_year;low_response_year,wet,YCA2012_normal_grid_S0019,pareto_balanced,2012-09-15,259,96,91,"{""sim_day"": 96.0, ""doy"": 259.0, ""topwt"": 16381.690673828123, ""grnwt"": 6519.559326171875, ""xlai"": 2.677438497543335, ""totir"": 0.0, ""tofer"": NaN, ""swfac"": 0.0, ""nstres"": 0.0}",0.0,0.0,16381.690673828123,6519.559326171875,2.677438497543335,0.0,,0.0,0.0,0.0,225.0,22.981884765625,22.981884765625,Leave_One_experiments/all_year_offline_schedule_search/daily_outputs/YCA/YCA_2012_YCA2012_normal_grid_S0019_daily.csv
YCA,YCA,Yucheng,2012,Leave_One_experiments\wth_generated_qc\YCA\YCA2012.WTH,wet_year;nitrogen_stress_year;low_response_year,wet,YCA2012_normal_grid_S0019,pareto_balanced,2012-09-16,260,97,92,"{""sim_day"": 97.0, ""doy"": 260.0, ""topwt"": 16615.628662109375, ""grnwt"": 6753.497314453125, ""xlai"": 2.578645944595337, ""totir"": 0.0, ""tofer"": NaN, ""swfac"": 0.0, ""nstres"": 0.0}",0.0,0.0,16615.628662109375,6753.497314453125,2.578645944595337,0.0,,0.0,0.0,0.0,225.0,22.981884765625,22.981884765625,Leave_One_experiments/all_year_offline_schedule_search/daily_outputs/YCA/YCA_2012_YCA2012_normal_grid_S0019_daily.csv
YCA,YCA,Yucheng,2012,Leave_One_experiments\wth_generated_qc\YCA\YCA2012.WTH,wet_year;nitrogen_stress_year;low_response_year,wet,YCA2012_normal_grid_S0019,pareto_balanced,2012-09-17,261,98,93,"{""sim_day"": 98.0, ""doy"": 261.0, ""topwt"": 16849.566650390625, ""grnwt"": 6987.4359130859375, ""xlai"": 2.4597930908203125, ""totir"": 0.0, ""tofer"": NaN, ""swfac"": 0.0, ""nstres"": 0.0}",0.0,0.0,16849.566650390625,6987.4359130859375,2.4597930908203125,0.0,,0.0,0.0,0.0,225.0,22.981884765625,22.981884765625,Leave_One_experiments/all_year_offline_schedule_search/daily_outputs/YCA/YCA_2012_YCA2012_normal_grid_S0019_daily.csv
YCA,YCA,Yucheng,2012,Leave_One_experiments\wth_generated_qc\YCA\YCA2012.WTH,wet_year;nitrogen_stress_year;low_response_year,wet,YCA2012_normal_grid_S0019,pareto_balanced,2012-09-18,262,99,94,"{""sim_day"": 99.0, ""doy"": 262.0, ""topwt"": 17083.50341796875, ""grnwt"": 7221.3739013671875, ""xlai"": 2.3328351974487305, ""totir"": 0.0, ""tofer"": NaN, ""swfac"": 0.0, ""nstres"": 0.0}",0.0,0.0,17083.50341796875,7221.3739013671875,2.3328351974487305,0.0,,0.0,0.0,0.0,225.0,22.981884765625,22.981884765625,Leave_One_experiments/all_year_offline_schedule_search/daily_outputs/YCA/YCA_2012_YCA2012_normal_grid_S0019_daily.csv
YCA,YCA,Yucheng,2012,Leave_One_experiments\wth_generated_qc\YCA\YCA2012.WTH,wet_year;nitrogen_stress_year;low_response_year,wet,YCA2012_normal_grid_S0019,pareto_balanced,2012-09-19,263,100,95,"{""sim_day"": 100.0, ""doy"": 263.0, ""topwt"": 17317.442626953125, ""grnwt"": 7455.311889648437, ""xlai"": 2.2103657722473145, ""totir"": 0.0, ""tofer"": NaN, ""swfac"": 0.0, ""nstres"": 0.0}",0.0,0.0,17317.442626953125,7455.311889648437,2.2103657722473145,0.0,,0.0,0.0,0.0,225.0,22.981884765625,22.981884765625,Leave_One_experiments/all_year_offline_schedule_search/daily_outputs/YCA/YCA_2012_YCA2012_normal_grid_S0019_daily.csv
YCA,YCA,Yucheng,2012,Leave_One_experiments\wth_generated_qc\YCA\YCA2012.WTH,wet_year;nitrogen_stress_year;low_response_year,wet,YCA2012_normal_grid_S0019,pareto_balanced,2012-09-20,264,101,96,"{""sim_day"": 101.0, ""doy"": 264.0, ""topwt"": 17423.028564453125, ""grnwt"": 7689.249877929687, ""xlai"": 2.071172952651977, ""totir"": 0.0, ""tofer"": NaN, ""swfac"": 0.0, ""nstres"": 0.0}",0.0,0.0,17423.028564453125,7689.249877929687,2.071172952651977,0.0,,0.0,0.0,0.0,225.0,22.981884765625,22.981884765625,Leave_One_experiments/all_year_offline_schedule_search/daily_outputs/YCA/YCA_2012_YCA2012_normal_grid_S0019_daily.csv
YCA,YCA,Yucheng,2012,Leave_One_experiments\wth_generated_qc\YCA\YCA2012.WTH,wet_year;nitrogen_stress_year;low_response_year,wet,YCA2012_normal_grid_S0019,pareto_balanced,2012-09-21,265,102,97,"{""sim_day"": 102.0, ""doy"": 265.0, ""topwt"": 17610.382080078125, ""grnwt"": 7923.1884765625, ""xlai"": 1.9062824249267576, ""totir"": 0.0, ""tofer"": NaN, ""swfac"": 0.0, ""nstres"": 0.0}",0.0,0.0,17610.382080078125,7923.1884765625,1.9062824249267576,0.0,,0.0,0.0,0.0,225.0,22.981884765625,22.981884765625,Leave_One_experiments/all_year_offline_schedule_search/daily_outputs/YCA/YCA_2012_YCA2012_normal_grid_S0019_daily.csv
YCA,YCA,Yucheng,2012,Leave_One_experiments\wth_generated_qc\YCA\YCA2012.WTH,wet_year;nitrogen_stress_year;low_response_year,wet,YCA2012_normal_grid_S0019,pareto_balanced,2012-09-22,266,103,98,"{""sim_day"": 103.0, ""doy"": 266.0, ""topwt"": 17610.382080078125, ""grnwt"": 7923.1884765625, ""xlai"": 1.9062824249267576, ""totir"": 0.0, ""tofer"": NaN, ""swfac"": 0.0, ""nstres"": 0.0}",0.0,0.0,17610.382080078125,7923.1884765625,1.9062824249267576,0.0,,0.0,0.0,0.0,225.0,22.981884765625,22.981884765625,Leave_One_experiments/all_year_offline_schedule_search/daily_outputs/YCA/YCA_2012_YCA2012_normal_grid_S0019_daily.csv
YCA,YCA,Yucheng,2012,Leave_One_experiments\wth_generated_qc\YCA\YCA2012.WTH,wet_year;nitrogen_stress_year;low_response_year,wet,YCA2012_normal_grid_S0019,pareto_balanced,2012-09-23,267,104,99,"{""sim_day"": 104.0, ""doy"": 267.0, ""topwt"": 17610.382080078125, ""grnwt"": 7923.1884765625, ""xlai"": 1.9062824249267576, ""totir"": 0.0, ""tofer"": NaN, ""swfac"": 0.0, ""nstres"": 0.0}",0.0,0.0,17610.382080078125,7923.1884765625,1.9062824249267576,0.0,,0.0,0.0,0.0,225.0,22.981884765625,22.981884765625,Leave_One_experiments/all_year_offline_schedule_search/daily_outputs/YCA/YCA_2012_YCA2012_normal_grid_S0019_daily.csv
YCA,YCA,Yucheng,2012,Leave_One_experiments\wth_generated_qc\YCA\YCA2012.WTH,wet_year;nitrogen_stress_year;low_response_year,wet,YCA2012_normal_grid_S0019,pareto_balanced,2012-09-24,268,105,100,"{""sim_day"": 105.0, ""doy"": 268.0, ""topwt"": 17610.382080078125, ""grnwt"": 7923.1884765625, ""xlai"": 1.9062824249267576, ""totir"": 0.0, ""tofer"": NaN, ""swfac"": 0.0, ""nstres"": 0.0}",0.0,0.0,17610.382080078125,7923.1884765625,1.9062824249267576,0.0,,0.0,0.0,0.0,225.0,22.981884765625,22.981884765625,Leave_One_experiments/all_year_offline_schedule_search/daily_outputs/YCA/YCA_2012_YCA2012_normal_grid_S0019_daily.csv
YCA,YCA,Yucheng,2012,Leave_One_experiments\wth_generated_qc\YCA\YCA2012.WTH,wet_year;nitrogen_stress_year;low_response_year,wet,YCA2012_normal_grid_S0029,pareto_balanced,2012-06-17,169,1,1,"{""sim_day"": 1.0, ""doy"": 169.0, ""topwt"": 0.0, ""grnwt"": 0.0, ""xlai"": 0.0, ""totir"": 0.0, ""tofer"": NaN, ""swfac"": 0.0, ""nstres"": 0.0}",0.0,0.0,0.0,0.0,0.0,0.0,,0.0,80.0,60.0,180.0,3.521954345703122,27.52195434570312,Leave_One_experiments/all_year_offline_schedule_search/daily_outputs/YCA/YCA_2012_YCA2012_normal_grid_S0029_daily.csv
YCA,YCA,Yucheng,2012,Leave_One_experiments\wth_generated_qc\YCA\YCA2012.WTH,wet_year;nitrogen_stress_year;low_response_year,wet,YCA2012_normal_grid_S0029,pareto_balanced,2012-06-18,170,2,2,"{""sim_day"": 2.0, ""doy"": 170.0, ""topwt"": 0.0, ""grnwt"": 0.0, ""xlai"": 0.0, ""totir"": 0.0, ""tofer"": NaN, ""swfac"": 0.0, ""nstres"": 0.0}",0.0,0.0,0.0,0.0,0.0,0.0,,0.0,0.0,60.0,180.0,3.521954345703122,27.52195434570312,Leave_One_experiments/all_year_offline_schedule_search/daily_outputs/YCA/YCA_2012_YCA2012_normal_grid_S0029_daily.csv
YCA,YCA,Yucheng,2012,Leave_One_experiments\wth_generated_qc\YCA\YCA2012.WTH,wet_year;nitrogen_stress_year;low_response_year,wet,YCA2012_normal_grid_S0029,pareto_balanced,2012-06-19,171,3,3,"{""sim_day"": 3.0, ""doy"": 171.0, ""topwt"": 0.0, ""grnwt"": 0.0, ""xlai"": 0.0, ""totir"": 0.0, ""tofer"": NaN, ""swfac"": 0.0, ""nstres"": 0.0}",0.0,0.0,0.0,0.0,0.0,0.0,,0.0,0.0,60.0,180.0,3.521954345703122,27.52195434570312,Leave_One_experiments/all_year_offline_schedule_search/daily_outputs/YCA/YCA_2012_YCA2012_normal_grid_S0029_daily.csv
YCA,YCA,Yucheng,2012,Leave_One_experiments\wth_generated_qc\YCA\YCA2012.WTH,wet_year;nitrogen_stress_year;low_response_year,wet,YCA2012_normal_grid_S0029,pareto_balanced,2012-06-20,172,4,4,"{""sim_day"": 4.0, ""doy"": 172.0, ""topwt"": 0.0, ""grnwt"": 0.0, ""xlai"": 0.0, ""totir"": 0.0, ""tofer"": NaN, ""swfac"": 0.0, ""nstres"": 0.0}",0.0,0.0,0.0,0.0,0.0,0.0,,0.0,0.0,60.0,180.0,3.521954345703122,27.52195434570312,Leave_One_experiments/all_year_offline_schedule_search/daily_outputs/YCA/YCA_2012_YCA2012_normal_grid_S0029_daily.csv
YCA,YCA,Yucheng,2012,Leave_One_experiments\wth_generated_qc\YCA\YCA2012.WTH,wet_year;nitrogen_stress_year;low_response_year,wet,YCA2012_normal_grid_S0029,pareto_balanced,2012-06-21,173,5,5,"{""sim_day"": 5.0, ""doy"": 173.0, ""topwt"": 0.0, ""grnwt"": 0.0, ""xlai"": 0.0, ""totir"": 0.0, ""tofer"": NaN, ""swfac"": 0.0, ""nstres"": 0.0}",0.0,0.0,0.0,0.0,0.0,0.0,,0.0,0.0,60.0,180.0,3.521954345703122,27.52195434570312,Leave_One_experiments/all_year_offline_schedule_search/daily_outputs/YCA/YCA_2012_YCA2012_normal_grid_S0029_daily.csv
YCA,YCA,Yucheng,2012,Leave_One_experiments\wth_generated_qc\YCA\YCA2012.WTH,wet_year;nitrogen_stress_year;low_response_year,wet,YCA2012_normal_grid_S0029,pareto_balanced,2012-06-17,169,6,1,"{""sim_day"": 6.0, ""doy"": 169.0, ""topwt"": 0.0, ""grnwt"": 0.0, ""xlai"": 0.0, ""totir"": 0.0, ""tofer"": NaN, ""swfac"": 0.0, ""nstres"": 0.0}",0.0,0.0,0.0,0.0,0.0,0.0,,0.0,0.0,60.0,180.0,3.521954345703122,27.52195434570312,Leave_One_experiments/all_year_offline_schedule_search/daily_outputs/YCA/YCA_2012_YCA2012_normal_grid_S0029_daily.csv
YCA,YCA,Yucheng,2012,Leave_One_experiments\wth_generated_qc\YCA\YCA2012.WTH,wet_year;nitrogen_stress_year;low_response_year,wet,YCA2012_normal_grid_S0029,pareto_balanced,2012-06-18,170,7,2,"{""sim_day"": 7.0, ""doy"": 170.0, ""topwt"": 0.0, ""grnwt"": 0.0, ""xlai"": 0.0, ""totir"": 0.0, ""tofer"": NaN, ""swfac"": 0.0, ""nstres"": 0.0}",0.0,0.0,0.0,0.0,0.0,0.0,,0.0,0.0,60.0,180.0,3.521954345703122,27.52195434570312,Leave_One_experiments/all_year_offline_schedule_search/daily_outputs/YCA/YCA_2012_YCA2012_normal_grid_S0029_daily.csv
YCA,YCA,Yucheng,2012,Leave_One_experiments\wth_generated_qc\YCA\YCA2012.WTH,wet_year;nitrogen_stress_year;low_response_year,wet,YCA2012_normal_grid_S0029,pareto_balanced,2012-06-19,171,8,3,"{""sim_day"": 8.0, ""doy"": 171.0, ""topwt"": 0.0, ""grnwt"": 0.0, ""xlai"": 0.0, ""totir"": 0.0, ""tofer"": NaN, ""swfac"": 0.0, ""nstres"": 0.0}",0.0,0.0,0.0,0.0,0.0,0.0,,0.0,0.0,60.0,180.0,3.521954345703122,27.52195434570312,Leave_One_experiments/all_year_offline_schedule_search/daily_outputs/YCA/YCA_2012_YCA2012_normal_grid_S0029_daily.csv
YCA,YCA,Yucheng,2012,Leave_One_experiments\wth_generated_qc\YCA\YCA2012.WTH,wet_year;nitrogen_stress_year;low_response_year,wet,YCA2012_normal_grid_S0029,pareto_balanced,2012-06-20,172,9,4,"{""sim_day"": 9.0, ""doy"": 172.0, ""topwt"": 0.0, ""grnwt"": 0.0, ""xlai"": 0.0, ""totir"": 0.0, ""tofer"": NaN, ""swfac"": 0.0, ""nstres"": 0.0}",0.0,0.0,0.0,0.0,0.0,0.0,,0.0,0.0,60.0,180.0,3.521954345703122,27.52195434570312,Leave_One_experiments/all_year_offline_schedule_search/daily_outputs/YCA/YCA_2012_YCA2012_normal_grid_S0029_daily.csv
YCA,YCA,Yucheng,2012,Leave_One_experiments\wth_generated_qc\YCA\YCA2012.WTH,wet_year;nitrogen_stress_year;low_response_year,wet,YCA2012_normal_grid_S0029,pareto_balanced,2012-06-21,173,10,5,"{""sim_day"": 10.0, ""doy"": 173.0, ""topwt"": 26.400001049041748, ""grnwt"": 0.0, ""xlai"": 0.0058202850632369, ""totir"": 0.0, ""tofer"": NaN, ""swfac"": 0.0, ""nstres"": 0.0121910572052001}",0.0,0.0121910572052001,26.400001049041748,0.0,0.0058202850632369,0.0,,0.0,0.0,60.0,180.0,3.521954345703122,27.52195434570312,Leave_One_experiments/all_year_offline_schedule_search/daily_outputs/YCA/YCA_2012_YCA2012_normal_grid_S0029_daily.csv
YCA,YCA,Yucheng,2012,Leave_One_experiments\wth_generated_qc\YCA\YCA2012.WTH,wet_year;nitrogen_stress_year;low_response_year,wet,YCA2012_normal_grid_S0029,pareto_balanced,2012-06-22,174,11,6,"{""sim_day"": 11.0, ""doy"": 174.0, ""topwt"": 26.400001049041748, ""grnwt"": 0.0, ""xlai"": 0.0121640022844076, ""totir"": 0.0, ""tofer"": NaN, ""swfac"": 0.0, ""nstres"": 0.0074278712272644}",0.0,0.0074278712272644,26.400001049041748,0.0,0.0121640022844076,0.0,,0.0,0.0,60.0,180.0,3.521954345703122,27.52195434570312,Leave_One_experiments/all_year_offline_schedule_search/daily_outputs/YCA/YCA_2012_YCA2012_normal_grid_S0029_daily.csv
YCA,YCA,Yucheng,2012,Leave_One_experiments\wth_generated_qc\YCA\YCA2012.WTH,wet_year;nitrogen_stress_year;low_response_year,wet,YCA2012_normal_grid_S0029,pareto_balanced,2012-06-23,175,12,7,"{""sim_day"": 12.0, ""doy"": 175.0, ""topwt"": 26.400001049041748, ""grnwt"": 0.0, ""xlai"": 0.0191772691905498, ""totir"": 0.0, ""tofer"": NaN, ""swfac"": 0.0, ""nstres"": 0.0}",0.0,0.0,26.400001049041748,0.0,0.0191772691905498,0.0,,0.0,0.0,60.0,180.0,3.521954345703122,27.52195434570312,Leave_One_experiments/all_year_offline_schedule_search/daily_outputs/YCA/YCA_2012_YCA2012_normal_grid_S0029_daily.csv
YCA,YCA,Yucheng,2012,Leave_One_experiments\wth_generated_qc\YCA\YCA2012.WTH,wet_year;nitrogen_stress_year;low_response_year,wet,YCA2012_normal_grid_S0029,pareto_balanced,2012-06-24,176,13,8,"{""sim_day"": 13.0, ""doy"": 176.0, ""topwt"": 26.400001049041748, ""grnwt"": 0.0, ""xlai"": 0.0430382750928401, ""totir"": 0.0, ""tofer"": NaN, ""swfac"": 0.0, ""nstres"": 0.0}",0.0,0.0,26.400001049041748,0.0,0.0430382750928401,0.0,,0.0,0.0,60.0,180.0,3.521954345703122,27.52195434570312,Leave_One_experiments/all_year_offline_schedule_search/daily_outputs/YCA/YCA_2012_YCA2012_normal_grid_S0029_daily.csv
YCA,YCA,Yucheng,2012,Leave_One_experiments\wth_generated_qc\YCA\YCA2012.WTH,wet_year;nitrogen_stress_year;low_response_year,wet,YCA2012_normal_grid_S0029,pareto_balanced,2012-06-25,177,14,9,"{""sim_day"": 14.0, ""doy"": 177.0, ""topwt"": 35.31907320022583, ""grnwt"": 0.0, ""xlai"": 0.0684055536985397, ""totir"": 0.0, ""tofer"": NaN, ""swfac"": 0.0, ""nstres"": 0.0}",0.0,0.0,35.31907320022583,0.0,0.0684055536985397,0.0,,0.0,0.0,60.0,180.0,3.521954345703122,27.52195434570312,Leave_One_experiments/all_year_offline_schedule_search/daily_outputs/YCA/YCA_2012_YCA2012_normal_grid_S0029_daily.csv
YCA,YCA,Yucheng,2012,Leave_One_experiments\wth_generated_qc\YCA\YCA2012.WTH,wet_year;nitrogen_stress_year;low_response_year,wet,YCA2012_normal_grid_S0029,pareto_balanced,2012-06-26,178,15,10,"{""sim_day"": 15.0, ""doy"": 178.0, ""topwt"": 47.50900268554688, ""grnwt"": 0.0, ""xlai"": 0.0970397666096687, ""totir"": 0.0, ""tofer"": NaN, ""swfac"": 0.0, ""nstres"": 0.0}",0.0,0.0,47.50900268554688,0.0,0.0970397666096687,0.0,,0.0,0.0,60.0,180.0,3.521954345703122,27.52195434570312,Leave_One_experiments/all_year_offline_schedule_search/daily_outputs/YCA/YCA_2012_YCA2012_normal_grid_S0029_daily.csv
YCA,YCA,Yucheng,2012,Leave_One_experiments\wth_generated_qc\YCA\YCA2012.WTH,wet_year;nitrogen_stress_year;low_response_year,wet,YCA2012_normal_grid_S0029,pareto_balanced,2012-06-27,179,16,11,"{""sim_day"": 16.0, ""doy"": 179.0, ""topwt"": 61.342363357543945, ""grnwt"": 0.0, ""xlai"": 0.127065822482109, ""totir"": 0.0, ""tofer"": NaN, ""swfac"": 0.0, ""nstres"": 0.0}",0.0,0.0,61.342363357543945,0.0,0.127065822482109,0.0,,0.0,0.0,60.0,180.0,3.521954345703122,27.52195434570312,Leave_One_experiments/all_year_offline_schedule_search/daily_outputs/YCA/YCA_2012_YCA2012_normal_grid_S0029_daily.csv
YCA,YCA,Yucheng,2012,Leave_One_experiments\wth_generated_qc\YCA\YCA2012.WTH,wet_year;nitrogen_stress_year;low_response_year,wet,YCA2012_normal_grid_S0029,pareto_balanced,2012-06-28,180,17,12,"{""sim_day"": 17.0, ""doy"": 180.0, ""topwt"": 64.48972702026367, ""grnwt"": 0.0, ""xlai"": 0.1426558494567871, ""totir"": 0.0, ""tofer"": NaN, ""swfac"": 0.0, ""nstres"": 0.0}",0.0,0.0,64.48972702026367,0.0,0.1426558494567871,0.0,,0.0,0.0,60.0,180.0,3.521954345703122,27.52195434570312,Leave_One_experiments/all_year_offline_schedule_search/daily_outputs/YCA/YCA_2012_YCA2012_normal_grid_S0029_daily.csv
YCA,YCA,Yucheng,2012,Leave_One_experiments\wth_generated_qc\YCA\YCA2012.WTH,wet_year;nitrogen_stress_year;low_response_year,wet,YCA2012_normal_grid_S0029,pareto_balanced,2012-06-29,181,18,13,"{""sim_day"": 18.0, ""doy"": 181.0, ""topwt"": 88.83502960205078, ""grnwt"": 0.0, ""xlai"": 0.1818887591361999, ""totir"": 0.0, ""tofer"": NaN, ""swfac"": 0.0, ""nstres"": 0.0}",0.0,0.0,88.83502960205078,0.0,0.1818887591361999,0.0,,0.0,0.0,60.0,180.0,3.521954345703122,27.52195434570312,Leave_One_experiments/all_year_offline_schedule_search/daily_outputs/YCA/YCA_2012_YCA2012_normal_grid_S0029_daily.csv
YCA,YCA,Yucheng,2012,Leave_One_experiments\wth_generated_qc\YCA\YCA2012.WTH,wet_year;nitrogen_stress_year;low_response_year,wet,YCA2012_normal_grid_S0029,pareto_balanced,2012-06-30,182,19,14,"{""sim_day"": 19.0, ""doy"": 182.0, ""topwt"": 119.48543548583984, ""grnwt"": 0.0, ""xlai"": 0.2383227497339248, ""totir"": 0.0, ""tofer"": NaN, ""swfac"": 0.0, ""nstres"": 0.0}",0.0,0.0,119.48543548583984,0.0,0.2383227497339248,0.0,,0.0,0.0,60.0,180.0,3.521954345703122,27.52195434570312,Leave_One_experiments/all_year_offline_schedule_search/daily_outputs/YCA/YCA_2012_YCA2012_normal_grid_S0029_daily.csv
YCA,YCA,Yucheng,2012,Leave_One_experiments\wth_generated_qc\YCA\YCA2012.WTH,wet_year;nitrogen_stress_year;low_response_year,wet,YCA2012_normal_grid_S0029,pareto_balanced,2012-07-01,183,20,15,"{""sim_day"": 20.0, ""doy"": 183.0, ""topwt"": 156.7441749572754, ""grnwt"": 0.0, ""xlai"": 0.3025055229663849, ""totir"": 0.0, ""tofer"": NaN, ""swfac"": 0.0, ""nstres"": 0.0}",0.0,0.0,156.7441749572754,0.0,0.3025055229663849,0.0,,0.0,0.0,60.0,180.0,3.521954345703122,27.52195434570312,Leave_One_experiments/all_year_offline_schedule_search/daily_outputs/YCA/YCA_2012_YCA2012_normal_grid_S0029_daily.csv
YCA,YCA,Yucheng,2012,Leave_One_experiments\wth_generated_qc\YCA\YCA2012.WTH,wet_year;nitrogen_stress_year;low_response_year,wet,YCA2012_normal_grid_S0029,pareto_balanced,2012-07-02,184,21,16,"{""sim_day"": 21.0, ""doy"": 184.0, ""topwt"": 205.7515335083008, ""grnwt"": 0.0, ""xlai"": 0.3818272352218628, ""totir"": 0.0, ""tofer"": NaN, ""swfac"": 0.0, ""nstres"": 0.0}",0.0,0.0,205.7515335083008,0.0,0.3818272352218628,0.0,,0.0,0.0,60.0,180.0,3.521954345703122,27.52195434570312,Leave_One_experiments/all_year_offline_schedule_search/daily_outputs/YCA/YCA_2012_YCA2012_normal_grid_S0029_daily.csv
YCA,YCA,Yucheng,2012,Leave_One_experiments\wth_generated_qc\YCA\YCA2012.WTH,wet_year;nitrogen_stress_year;low_response_year,wet,YCA2012_normal_grid_S0029,pareto_balanced,2012-07-03,185,22,17,"{""sim_day"": 22.0, ""doy"": 185.0, ""topwt"": 243.70904922485352, ""grnwt"": 0.0, ""xlai"": 0.4703138172626495, ""totir"": 0.0, ""tofer"": NaN, ""swfac"": 0.0, ""nstres"": 0.0}",0.0,0.0,243.70904922485352,0.0,0.4703138172626495,0.0,,0.0,0.0,60.0,180.0,3.521954345703122,27.52195434570312,Leave_One_experiments/all_year_offline_schedule_search/daily_outputs/YCA/YCA_2012_YCA2012_normal_grid_S0029_daily.csv
YCA,YCA,Yucheng,2012,Leave_One_experiments\wth_generated_qc\YCA\YCA2012.WTH,wet_year;nitrogen_stress_year;low_response_year,wet,YCA2012_normal_grid_S0029,pareto_balanced,2012-07-04,186,23,18,"{""sim_day"": 23.0, ""doy"": 186.0, ""topwt"": 294.34865951538086, ""grnwt"": 0.0, ""xlai"": 0.5504451394081116, ""totir"": 0.0, ""tofer"": NaN, ""swfac"": 0.0, ""nstres"": 0.0042271614074707}",0.0,0.0042271614074707,294.34865951538086,0.0,0.5504451394081116,0.0,,0.0,0.0,60.0,180.0,3.521954345703122,27.52195434570312,Leave_One_experiments/all_year_offline_schedule_search/daily_outputs/YCA/YCA_2012_YCA2012_normal_grid_S0029_daily.csv
YCA,YCA,Yucheng,2012,Leave_One_experiments\wth_generated_qc\YCA\YCA2012.WTH,wet_year;nitrogen_stress_year;low_response_year,wet,YCA2012_normal_grid_S0029,pareto_balanced,2012-07-05,187,24,19,"{""sim_day"": 24.0, ""doy"": 187.0, ""topwt"": 366.4788436889648, ""grnwt"": 0.0, ""xlai"": 0.6595316529273987, ""totir"": 0.0, ""tofer"": NaN, ""swfac"": 0.0, ""nstres"": 0.0}",0.0,0.0,366.4788436889648,0.0,0.6595316529273987,0.0,,0.0,0.0,60.0,180.0,3.521954345703122,27.52195434570312,Leave_One_experiments/all_year_offline_schedule_search/daily_outputs/YCA/YCA_2012_YCA2012_normal_grid_S0029_daily.csv
YCA,YCA,Yucheng,2012,Leave_One_experiments\wth_generated_qc\YCA\YCA2012.WTH,wet_year;nitrogen_stress_year;low_response_year,wet,YCA2012_normal_grid_S0029,pareto_balanced,2012-07-06,188,25,20,"{""sim_day"": 25.0, ""doy"": 188.0, ""topwt"": 454.8424530029297, ""grnwt"": 0.0, ""xlai"": 0.786909818649292, ""totir"": 0.0, ""tofer"": NaN, ""swfac"": 0.0, ""nstres"": 0.0}",0.0,0.0,454.8424530029297,0.0,0.786909818649292,0.0,,0.0,0.0,60.0,180.0,3.521954345703122,27.52195434570312,Leave_One_experiments/all_year_offline_schedule_search/daily_outputs/YCA/YCA_2012_YCA2012_normal_grid_S0029_daily.csv
YCA,YCA,Yucheng,2012,Leave_One_experiments\wth_generated_qc\YCA\YCA2012.WTH,wet_year;nitrogen_stress_year;low_response_year,wet,YCA2012_normal_grid_S0029,pareto_balanced,2012-07-07,189,26,21,"{""sim_day"": 26.0, ""doy"": 189.0, ""topwt"": 516.5265274047852, ""grnwt"": 0.0, ""xlai"": 0.8721622824668884, ""totir"": 0.0, ""tofer"": NaN, ""swfac"": 0.0, ""nstres"": 0.0}",0.0,0.0,516.5265274047852,0.0,0.8721622824668884,0.0,,0.0,0.0,60.0,180.0,3.521954345703122,27.52195434570312,Leave_One_experiments/all_year_offline_schedule_search/daily_outputs/YCA/YCA_2012_YCA2012_normal_grid_S0029_daily.csv
YCA,YCA,Yucheng,2012,Leave_One_experiments\wth_generated_qc\YCA\YCA2012.WTH,wet_year;nitrogen_stress_year;low_response_year,wet,YCA2012_normal_grid_S0029,pareto_balanced,2012-07-08,190,27,22,"{""sim_day"": 27.0, ""doy"": 190.0, ""topwt"": 580.4633331298828, ""grnwt"": 0.0, ""xlai"": 0.9579674601554872, ""totir"": 0.0, ""tofer"": NaN, ""swfac"": 0.0, ""nstres"": 0.0}",0.0,0.0,580.4633331298828,0.0,0.9579674601554872,0.0,,0.0,0.0,60.0,180.0,3.521954345703122,27.52195434570312,Leave_One_experiments/all_year_offline_schedule_search/daily_outputs/YCA/YCA_2012_YCA2012_normal_grid_S0029_daily.csv
YCA,YCA,Yucheng,2012,Leave_One_experiments\wth_generated_qc\YCA\YCA2012.WTH,wet_year;nitrogen_stress_year;low_response_year,wet,YCA2012_normal_grid_S0029,pareto_balanced,2012-07-09,191,28,23,"{""sim_day"": 28.0, ""doy"": 191.0, ""topwt"": 638.8982772827148, ""grnwt"": 0.0, ""xlai"": 1.030085563659668, ""totir"": 0.0, ""tofer"": NaN, ""swfac"": 0.0, ""nstres"": 0.0}",0.0,0.0,638.8982772827148,0.0,1.030085563659668,0.0,,0.0,0.0,60.0,180.0,3.521954345703122,27.52195434570312,Leave_One_experiments/all_year_offline_schedule_search/daily_outputs/YCA/YCA_2012_YCA2012_normal_grid_S0029_daily.csv
YCA,YCA,Yucheng,2012,Leave_One_experiments\wth_generated_qc\YCA\YCA2012.WTH,wet_year;nitrogen_stress_year;low_response_year,wet,YCA2012_normal_grid_S0029,pareto_balanced,2012-07-10,192,29,24,"{""sim_day"": 29.0, ""doy"": 192.0, ""topwt"": 761.5965270996094, ""grnwt"": 0.0, ""xlai"": 1.191349744796753, ""totir"": 0.0, ""tofer"": NaN, ""swfac"": 0.0, ""nstres"": 0.0}",0.0,0.0,761.5965270996094,0.0,1.191349744796753,0.0,,0.0,0.0,60.0,180.0,3.521954345703122,27.52195434570312,Leave_One_experiments/all_year_offline_schedule_search/daily_outputs/YCA/YCA_2012_YCA2012_normal_grid_S0029_daily.csv
YCA,YCA,Yucheng,2012,Leave_One_experiments\wth_generated_qc\YCA\YCA2012.WTH,wet_year;nitrogen_stress_year;low_response_year,wet,YCA2012_normal_grid_S0029,pareto_balanced,2012-07-11,193,30,25,"{""sim_day"": 30.0, ""doy"": 193.0, ""topwt"": 927.7820587158204, ""grnwt"": 0.0, ""xlai"": 1.3965271711349487, ""totir"": 0.0, ""tofer"": NaN, ""swfac"": 0.0, ""nstres"": 0.0}",0.0,0.0,927.7820587158204,0.0,1.3965271711349487,0.0,,0.0,0.0,60.0,180.0,3.521954345703122,27.52195434570312,Leave_One_experiments/all_year_offline_schedule_search/daily_outputs/YCA/YCA_2012_YCA2012_normal_grid_S0029_daily.csv
YCA,YCA,Yucheng,2012,Leave_One_experiments\wth_generated_qc\YCA\YCA2012.WTH,wet_year;nitrogen_stress_year;low_response_year,wet,YCA2012_normal_grid_S0029,pareto_balanced,2012-07-12,194,31,26,"{""sim_day"": 31.0, ""doy"": 194.0, ""topwt"": 1082.6407623291016, ""grnwt"": 0.0, ""xlai"": 1.57608962059021, ""totir"": 0.0, ""tofer"": NaN, ""swfac"": 0.0, ""nstres"": 0.0}",0.0,0.0,1082.6407623291016,0.0,1.57608962059021,0.0,,0.0,0.0,60.0,180.0,3.521954345703122,27.52195434570312,Leave_One_experiments/all_year_offline_schedule_search/daily_outputs/YCA/YCA_2012_YCA2012_normal_grid_S0029_daily.csv
YCA,YCA,Yucheng,2012,Leave_One_experiments\wth_generated_qc\YCA\YCA2012.WTH,wet_year;nitrogen_stress_year;low_response_year,wet,YCA2012_normal_grid_S0029,pareto_balanced,2012-07-13,195,32,27,"{""sim_day"": 32.0, ""doy"": 195.0, ""topwt"": 1222.7981567382812, ""grnwt"": 0.0, ""xlai"": 1.729822039604187, ""totir"": 0.0, ""tofer"": NaN, ""swfac"": 0.0, ""nstres"": 0.0}",0.0,0.0,1222.7981567382812,0.0,1.729822039604187,0.0,,0.0,0.0,60.0,180.0,3.521954345703122,27.52195434570312,Leave_One_experiments/all_year_offline_schedule_search/daily_outputs/YCA/YCA_2012_YCA2012_normal_grid_S0029_daily.csv
YCA,YCA,Yucheng,2012,Leave_One_experiments\wth_generated_qc\YCA\YCA2012.WTH,wet_year;nitrogen_stress_year;low_response_year,wet,YCA2012_normal_grid_S0029,pareto_balanced,2012-07-14,196,33,28,"{""sim_day"": 33.0, ""doy"": 196.0, ""topwt"": 1378.8558959960938, ""grnwt"": 0.0, ""xlai"": 1.891381025314331, ""totir"": 0.0, ""tofer"": NaN, ""swfac"": 0.0, ""nstres"": 0.0}",0.0,0.0,1378.8558959960938,0.0,1.891381025314331,0.0,,0.0,0.0,60.0,180.0,3.521954345703122,27.52195434570312,Leave_One_experiments/all_year_offline_schedule_search/daily_outputs/YCA/YCA_2012_YCA2012_normal_grid_S0029_daily.csv
YCA,YCA,Yucheng,2012,Leave_One_experiments\wth_generated_qc\YCA\YCA2012.WTH,wet_year;nitrogen_stress_year;low_response_year,wet,YCA2012_normal_grid_S0029,pareto_balanced,2012-07-15,197,34,29,"{""sim_day"": 34.0, ""doy"": 197.0, ""topwt"": 1566.7398071289062, ""grnwt"": 0.0, ""xlai"": 2.073275566101074, ""totir"": 0.0, ""tofer"": NaN, ""swfac"": 0.0, ""nstres"": 0.0}",0.0,0.0,1566.7398071289062,0.0,2.073275566101074,0.0,,0.0,0.0,60.0,180.0,3.521954345703122,27.52195434570312,Leave_One_experiments/all_year_offline_schedule_search/daily_outputs/YCA/YCA_2012_YCA2012_normal_grid_S0029_daily.csv
YCA,YCA,Yucheng,2012,Leave_One_experiments\wth_generated_qc\YCA\YCA2012.WTH,wet_year;nitrogen_stress_year;low_response_year,wet,YCA2012_normal_grid_S0029,pareto_balanced,2012-07-16,198,35,30,"{""sim_day"": 35.0, ""doy"": 198.0, ""topwt"": 1779.390869140625, ""grnwt"": 0.0, ""xlai"": 2.264462947845459, ""totir"": 0.0, ""tofer"": NaN, ""swfac"": 0.0, ""nstres"": 0.0}",0.0,0.0,1779.390869140625,0.0,2.264462947845459,0.0,,0.0,50.0,60.0,180.0,3.521954345703122,27.52195434570312,Leave_One_experiments/all_year_offline_schedule_search/daily_outputs/YCA/YCA_2012_YCA2012_normal_grid_S0029_daily.csv
YCA,YCA,Yucheng,2012,Leave_One_experiments\wth_generated_qc\YCA\YCA2012.WTH,wet_year;nitrogen_stress_year;low_response_year,wet,YCA2012_normal_grid_S0029,pareto_balanced,2012-07-17,199,36,31,"{""sim_day"": 36.0, ""doy"": 199.0, ""topwt"": 1995.641632080078, ""grnwt"": 0.0, ""xlai"": 2.44518518447876, ""totir"": 0.0, ""tofer"": NaN, ""swfac"": 0.0, ""nstres"": 0.0}",0.0,0.0,1995.641632080078,0.0,2.44518518447876,0.0,,0.0,0.0,60.0,180.0,3.521954345703122,27.52195434570312,Leave_One_experiments/all_year_offline_schedule_search/daily_outputs/YCA/YCA_2012_YCA2012_normal_grid_S0029_daily.csv
YCA,YCA,Yucheng,2012,Leave_One_experiments\wth_generated_qc\YCA\YCA2012.WTH,wet_year;nitrogen_stress_year;low_response_year,wet,YCA2012_normal_grid_S0029,pareto_balanced,2012-07-18,200,37,32,"{""sim_day"": 37.0, ""doy"": 200.0, ""topwt"": 2241.931915283203, ""grnwt"": 0.0, ""xlai"": 2.63566255569458, ""totir"": 0.0, ""tofer"": NaN, ""swfac"": 0.0, ""nstres"": 0.0}",0.0,0.0,2241.931915283203,0.0,2.63566255569458,0.0,,0.0,0.0,60.0,180.0,3.521954345703122,27.52195434570312,Leave_One_experiments/all_year_offline_schedule_search/daily_outputs/YCA/YCA_2012_YCA2012_normal_grid_S0029_daily.csv
YCA,YCA,Yucheng,2012,Leave_One_experiments\wth_generated_qc\YCA\YCA2012.WTH,wet_year;nitrogen_stress_year;low_response_year,wet,YCA2012_normal_grid_S0029,pareto_balanced,2012-07-19,201,38,33,"{""sim_day"": 38.0, ""doy"": 201.0, ""topwt"": 2512.6780700683594, ""grnwt"": 0.0, ""xlai"": 2.8284316062927246, ""totir"": 0.0, ""tofer"": NaN, ""swfac"": 0.0, ""nstres"": 0.0}",0.0,0.0,2512.6780700683594,0.0,2.8284316062927246,0.0,,0.0,0.0,60.0,180.0,3.521954345703122,27.52195434570312,Leave_One_experiments/all_year_offline_schedule_search/daily_outputs/YCA/YCA_2012_YCA2012_normal_grid_S0029_daily.csv
YCA,YCA,Yucheng,2012,Leave_One_experiments\wth_generated_qc\YCA\YCA2012.WTH,wet_year;nitrogen_stress_year;low_response_year,wet,YCA2012_normal_grid_S0029,pareto_balanced,2012-07-20,202,39,34,"{""sim_day"": 39.0, ""doy"": 202.0, ""topwt"": 2773.3761596679688, ""grnwt"": 0.0, ""xlai"": 2.9989092350006104, ""totir"": 0.0, ""tofer"": NaN, ""swfac"": 0.0, ""nstres"": 0.0}",0.0,0.0,2773.3761596679688,0.0,2.9989092350006104,0.0,,0.0,0.0,60.0,180.0,3.521954345703122,27.52195434570312,Leave_One_experiments/all_year_offline_schedule_search/daily_outputs/YCA/YCA_2012_YCA2012_normal_grid_S0029_daily.csv
YCA,YCA,Yucheng,2012,Leave_One_experiments\wth_generated_qc\YCA\YCA2012.WTH,wet_year;nitrogen_stress_year;low_response_year,wet,YCA2012_normal_grid_S0029,pareto_balanced,2012-07-21,203,40,35,"{""sim_day"": 40.0, ""doy"": 203.0, ""topwt"": 2899.1134643554688, ""grnwt"": 0.0, ""xlai"": 3.0749144554138184, ""totir"": 30.0, ""tofer"": NaN, ""swfac"": 0.0, ""nstres"": 0.0}",0.0,0.0,2899.1134643554688,0.0,3.0749144554138184,30.0,,30.0,0.0,60.0,180.0,3.521954345703122,27.52195434570312,Leave_One_experiments/all_year_offline_schedule_search/daily_outputs/YCA/YCA_2012_YCA2012_normal_grid_S0029_daily.csv
YCA,YCA,Yucheng,2012,Leave_One_experiments\wth_generated_qc\YCA\YCA2012.WTH,wet_year;nitrogen_stress_year;low_response_year,wet,YCA2012_normal_grid_S0029,pareto_balanced,2012-07-22,204,41,36,"{""sim_day"": 41.0, ""doy"": 204.0, ""topwt"": 3234.47509765625, ""grnwt"": 0.0, ""xlai"": 3.263238906860352, ""totir"": 30.0, ""tofer"": NaN, ""swfac"": 0.0, ""nstres"": 0.0}",0.0,0.0,3234.47509765625,0.0,3.263238906860352,30.0,,0.0,0.0,60.0,180.0,3.521954345703122,27.52195434570312,Leave_One_experiments/all_year_offline_schedule_search/daily_outputs/YCA/YCA_2012_YCA2012_normal_grid_S0029_daily.csv
YCA,YCA,Yucheng,2012,Leave_One_experiments\wth_generated_qc\YCA\YCA2012.WTH,wet_year;nitrogen_stress_year;low_response_year,wet,YCA2012_normal_grid_S0029,pareto_balanced,2012-07-23,205,42,37,"{""sim_day"": 42.0, ""doy"": 205.0, ""topwt"": 3613.1195068359375, ""grnwt"": 0.0, ""xlai"": 3.458271741867065, ""totir"": 30.0, ""tofer"": NaN, ""swfac"": 0.0, ""nstres"": 0.0}",0.0,0.0,3613.1195068359375,0.0,3.458271741867065,30.0,,0.0,0.0,60.0,180.0,3.521954345703122,27.52195434570312,Leave_One_experiments/all_year_offline_schedule_search/daily_outputs/YCA/YCA_2012_YCA2012_normal_grid_S0029_daily.csv
YCA,YCA,Yucheng,2012,Leave_One_experiments\wth_generated_qc\YCA\YCA2012.WTH,wet_year;nitrogen_stress_year;low_response_year,wet,YCA2012_normal_grid_S0029,pareto_balanced,2012-07-24,206,43,38,"{""sim_day"": 43.0, ""doy"": 206.0, ""topwt"": 3915.113525390625, ""grnwt"": 0.0, ""xlai"": 3.600862503051758, ""totir"": 30.0, ""tofer"": NaN, ""swfac"": 0.0, ""nstres"": 0.0}",0.0,0.0,3915.113525390625,0.0,3.600862503051758,30.0,,0.0,0.0,60.0,180.0,3.521954345703122,27.52195434570312,Leave_One_experiments/all_year_offline_schedule_search/daily_outputs/YCA/YCA_2012_YCA2012_normal_grid_S0029_daily.csv
YCA,YCA,Yucheng,2012,Leave_One_experiments\wth_generated_qc\YCA\YCA2012.WTH,wet_year;nitrogen_stress_year;low_response_year,wet,YCA2012_normal_grid_S0029,pareto_balanced,2012-07-25,207,44,39,"{""sim_day"": 44.0, ""doy"": 207.0, ""topwt"": 4294.8931884765625, ""grnwt"": 0.0, ""xlai"": 3.764963626861572, ""totir"": 30.0, ""tofer"": NaN, ""swfac"": 0.0, ""nstres"": 0.0}",0.0,0.0,4294.8931884765625,0.0,3.764963626861572,30.0,,0.0,0.0,60.0,180.0,3.521954345703122,27.52195434570312,Leave_One_experiments/all_year_offline_schedule_search/daily_outputs/YCA/YCA_2012_YCA2012_normal_grid_S0029_daily.csv
YCA,YCA,Yucheng,2012,Leave_One_experiments\wth_generated_qc\YCA\YCA2012.WTH,wet_year;nitrogen_stress_year;low_response_year,wet,YCA2012_normal_grid_S0029,pareto_balanced,2012-07-26,208,45,40,"{""sim_day"": 45.0, ""doy"": 208.0, ""topwt"": 4677.517395019531, ""grnwt"": 0.0, ""xlai"": 3.9173343181610103, ""totir"": 30.0, ""tofer"": NaN, ""swfac"": 0.0, ""nstres"": 0.0}",0.0,0.0,4677.517395019531,0.0,3.9173343181610103,30.0,,0.0,0.0,60.0,180.0,3.521954345703122,27.52195434570312,Leave_One_experiments/all_year_offline_schedule_search/daily_outputs/YCA/YCA_2012_YCA2012_normal_grid_S0029_daily.csv
YCA,YCA,Yucheng,2012,Leave_One_experiments\wth_generated_qc\YCA\YCA2012.WTH,wet_year;nitrogen_stress_year;low_response_year,wet,YCA2012_normal_grid_S0029,pareto_balanced,2012-07-27,209,46,41,"{""sim_day"": 46.0, ""doy"": 209.0, ""topwt"": 5040.3326416015625, ""grnwt"": 0.0, ""xlai"": 4.125802040100098, ""totir"": 30.0, ""tofer"": NaN, ""swfac"": 0.0, ""nstres"": 0.0}",0.0,0.0,5040.3326416015625,0.0,4.125802040100098,30.0,,0.0,0.0,60.0,180.0,3.521954345703122,27.52195434570312,Leave_One_experiments/all_year_offline_schedule_search/daily_outputs/YCA/YCA_2012_YCA2012_normal_grid_S0029_daily.csv
YCA,YCA,Yucheng,2012,Leave_One_experiments\wth_generated_qc\YCA\YCA2012.WTH,wet_year;nitrogen_stress_year;low_response_year,wet,YCA2012_normal_grid_S0029,pareto_balanced,2012-07-28,210,47,42,"{""sim_day"": 47.0, ""doy"": 210.0, ""topwt"": 5349.1339111328125, ""grnwt"": 0.0, ""xlai"": 4.248161792755127, ""totir"": 30.0, ""tofer"": NaN, ""swfac"": 0.0, ""nstres"": 0.0}",0.0,0.0,5349.1339111328125,0.0,4.248161792755127,30.0,,0.0,0.0,60.0,180.0,3.521954345703122,27.52195434570312,Leave_One_experiments/all_year_offline_schedule_search/daily_outputs/YCA/YCA_2012_YCA2012_normal_grid_S0029_daily.csv
YCA,YCA,Yucheng,2012,Leave_One_experiments\wth_generated_qc\YCA\YCA2012.WTH,wet_year;nitrogen_stress_year;low_response_year,wet,YCA2012_normal_grid_S0029,pareto_balanced,2012-07-29,211,48,43,"{""sim_day"": 48.0, ""doy"": 211.0, ""topwt"": 5525.245971679688, ""grnwt"": 0.0, ""xlai"": 4.301314830780029, ""totir"": 30.0, ""tofer"": NaN, ""swfac"": 0.0, ""nstres"": 0.0}",0.0,0.0,5525.245971679688,0.0,4.301314830780029,30.0,,0.0,0.0,60.0,180.0,3.521954345703122,27.52195434570312,Leave_One_experiments/all_year_offline_schedule_search/daily_outputs/YCA/YCA_2012_YCA2012_normal_grid_S0029_daily.csv
YCA,YCA,Yucheng,2012,Leave_One_experiments\wth_generated_qc\YCA\YCA2012.WTH,wet_year;nitrogen_stress_year;low_response_year,wet,YCA2012_normal_grid_S0029,pareto_balanced,2012-07-30,212,49,44,"{""sim_day"": 49.0, ""doy"": 212.0, ""topwt"": 5602.5665283203125, ""grnwt"": 0.0, ""xlai"": 4.315255165100098, ""totir"": 30.0, ""tofer"": NaN, ""swfac"": 0.0, ""nstres"": 0.0063609480857849}",0.0,0.0063609480857849,5602.5665283203125,0.0,4.315255165100098,30.0,,0.0,0.0,60.0,180.0,3.521954345703122,27.52195434570312,Leave_One_experiments/all_year_offline_schedule_search/daily_outputs/YCA/YCA_2012_YCA2012_normal_grid_S0029_daily.csv
YCA,YCA,Yucheng,2012,Leave_One_experiments\wth_generated_qc\YCA\YCA2012.WTH,wet_year;nitrogen_stress_year;low_response_year,wet,YCA2012_normal_grid_S0029,pareto_balanced,2012-07-31,213,50,45,"{""sim_day"": 50.0, ""doy"": 213.0, ""topwt"": 5742.4072265625, ""grnwt"": 0.0, ""xlai"": 4.345781326293945, ""totir"": 30.0, ""tofer"": NaN, ""swfac"": 0.0, ""nstres"": 0.013903796672821}",0.0,0.013903796672821,5742.4072265625,0.0,4.345781326293945,30.0,,0.0,0.0,60.0,180.0,3.521954345703122,27.52195434570312,Leave_One_experiments/all_year_offline_schedule_search/daily_outputs/YCA/YCA_2012_YCA2012_normal_grid_S0029_daily.csv
YCA,YCA,Yucheng,2012,Leave_One_experiments\wth_generated_qc\YCA\YCA2012.WTH,wet_year;nitrogen_stress_year;low_response_year,wet,YCA2012_normal_grid_S0029,pareto_balanced,2012-08-01,214,51,46,"{""sim_day"": 51.0, ""doy"": 214.0, ""topwt"": 5897.034912109375, ""grnwt"": 0.0, ""xlai"": 4.376769065856934, ""totir"": 30.0, ""tofer"": NaN, ""swfac"": 0.0, ""nstres"": 0.0126042962074279}",0.0,0.0126042962074279,5897.034912109375,0.0,4.376769065856934,30.0,,0.0,0.0,60.0,180.0,3.521954345703122,27.52195434570312,Leave_One_experiments/all_year_offline_schedule_search/daily_outputs/YCA/YCA_2012_YCA2012_normal_grid_S0029_daily.csv
YCA,YCA,Yucheng,2012,Leave_One_experiments\wth_generated_qc\YCA\YCA2012.WTH,wet_year;nitrogen_stress_year;low_response_year,wet,YCA2012_normal_grid_S0029,pareto_balanced,2012-08-02,215,52,47,"{""sim_day"": 52.0, ""doy"": 215.0, ""topwt"": 6035.074462890625, ""grnwt"": 0.0, ""xlai"": 4.3997063636779785, ""totir"": 30.0, ""tofer"": NaN, ""swfac"": 0.0, ""nstres"": 0.0159790515899658}",0.0,0.0159790515899658,6035.074462890625,0.0,4.3997063636779785,30.0,,0.0,0.0,60.0,180.0,3.521954345703122,27.52195434570312,Leave_One_experiments/all_year_offline_schedule_search/daily_outputs/YCA/YCA_2012_YCA2012_normal_grid_S0029_daily.csv
YCA,YCA,Yucheng,2012,Leave_One_experiments\wth_generated_qc\YCA\YCA2012.WTH,wet_year;nitrogen_stress_year;low_response_year,wet,YCA2012_normal_grid_S0029,pareto_balanced,2012-08-03,216,53,48,"{""sim_day"": 53.0, ""doy"": 216.0, ""topwt"": 6124.066162109375, ""grnwt"": 0.0, ""xlai"": 4.407680034637451, ""totir"": 30.0, ""tofer"": NaN, ""swfac"": 0.0, ""nstres"": 0.0208842754364013}",0.0,0.0208842754364013,6124.066162109375,0.0,4.407680034637451,30.0,,0.0,0.0,60.0,180.0,3.521954345703122,27.52195434570312,Leave_One_experiments/all_year_offline_schedule_search/daily_outputs/YCA/YCA_2012_YCA2012_normal_grid_S0029_daily.csv
YCA,YCA,Yucheng,2012,Leave_One_experiments\wth_generated_qc\YCA\YCA2012.WTH,wet_year;nitrogen_stress_year;low_response_year,wet,YCA2012_normal_grid_S0029,pareto_balanced,2012-08-04,217,54,49,"{""sim_day"": 54.0, ""doy"": 217.0, ""topwt"": 6272.0306396484375, ""grnwt"": 0.0, ""xlai"": 4.428539752960205, ""totir"": 30.0, ""tofer"": NaN, ""swfac"": 0.0, ""nstres"": 0.023257553577423}",0.0,0.023257553577423,6272.0306396484375,0.0,4.428539752960205,30.0,,0.0,0.0,60.0,180.0,3.521954345703122,27.52195434570312,Leave_One_experiments/all_year_offline_schedule_search/daily_outputs/YCA/YCA_2012_YCA2012_normal_grid_S0029_daily.csv
YCA,YCA,Yucheng,2012,Leave_One_experiments\wth_generated_qc\YCA\YCA2012.WTH,wet_year;nitrogen_stress_year;low_response_year,wet,YCA2012_normal_grid_S0029,pareto_balanced,2012-08-05,218,55,50,"{""sim_day"": 55.0, ""doy"": 218.0, ""topwt"": 6531.5167236328125, ""grnwt"": 0.0, ""xlai"": 4.475459098815918, ""totir"": 30.0, ""tofer"": NaN, ""swfac"": 0.0, ""nstres"": 0.0207107067108154}",0.0,0.0207107067108154,6531.5167236328125,0.0,4.475459098815918,30.0,,0.0,0.0,60.0,180.0,3.521954345703122,27.52195434570312,Leave_One_experiments/all_year_offline_schedule_search/daily_outputs/YCA/YCA_2012_YCA2012_normal_grid_S0029_daily.csv
YCA,YCA,Yucheng,2012,Leave_One_experiments\wth_generated_qc\YCA\YCA2012.WTH,wet_year;nitrogen_stress_year;low_response_year,wet,YCA2012_normal_grid_S0029,pareto_balanced,2012-08-06,219,56,51,"{""sim_day"": 56.0, ""doy"": 219.0, ""topwt"": 6889.163818359375, ""grnwt"": 0.0, ""xlai"": 4.544066905975342, ""totir"": 30.0, ""tofer"": NaN, ""swfac"": 0.0, ""nstres"": 0.0181928873062133}",0.0,0.0181928873062133,6889.163818359375,0.0,4.544066905975342,30.0,,0.0,0.0,60.0,180.0,3.521954345703122,27.52195434570312,Leave_One_experiments/all_year_offline_schedule_search/daily_outputs/YCA/YCA_2012_YCA2012_normal_grid_S0029_daily.csv
YCA,YCA,Yucheng,2012,Leave_One_experiments\wth_generated_qc\YCA\YCA2012.WTH,wet_year;nitrogen_stress_year;low_response_year,wet,YCA2012_normal_grid_S0029,pareto_balanced,2012-08-07,220,57,52,"{""sim_day"": 57.0, ""doy"": 220.0, ""topwt"": 7236.135864257812, ""grnwt"": 0.0, ""xlai"": 4.607205867767334, ""totir"": 30.0, ""tofer"": NaN, ""swfac"": 0.0, ""nstres"": 0.021695852279663}",0.0,0.021695852279663,7236.135864257812,0.0,4.607205867767334,30.0,,0.0,0.0,60.0,180.0,3.521954345703122,27.52195434570312,Leave_One_experiments/all_year_offline_schedule_search/daily_outputs/YCA/YCA_2012_YCA2012_normal_grid_S0029_daily.csv
YCA,YCA,Yucheng,2012,Leave_One_experiments\wth_generated_qc\YCA\YCA2012.WTH,wet_year;nitrogen_stress_year;low_response_year,wet,YCA2012_normal_grid_S0029,pareto_balanced,2012-08-08,221,58,53,"{""sim_day"": 58.0, ""doy"": 221.0, ""topwt"": 7452.330322265625, ""grnwt"": 0.0, ""xlai"": 4.636237621307373, ""totir"": 30.0, ""tofer"": NaN, ""swfac"": 0.0, ""nstres"": 0.0281916856765747}",0.0,0.0281916856765747,7452.330322265625,0.0,4.636237621307373,30.0,,0.0,0.0,60.0,180.0,3.521954345703122,27.52195434570312,Leave_One_experiments/all_year_offline_schedule_search/daily_outputs/YCA/YCA_2012_YCA2012_normal_grid_S0029_daily.csv
YCA,YCA,Yucheng,2012,Leave_One_experiments\wth_generated_qc\YCA\YCA2012.WTH,wet_year;nitrogen_stress_year;low_response_year,wet,YCA2012_normal_grid_S0029,pareto_balanced,2012-08-09,222,59,54,"{""sim_day"": 59.0, ""doy"": 222.0, ""topwt"": 7713.948364257812, ""grnwt"": 0.0, ""xlai"": 4.576932907104492, ""totir"": 30.0, ""tofer"": NaN, ""swfac"": 0.0, ""nstres"": 0.0336993932723999}",0.0,0.0336993932723999,7713.948364257812,0.0,4.576932907104492,30.0,,0.0,0.0,60.0,180.0,3.521954345703122,27.52195434570312,Leave_One_experiments/all_year_offline_schedule_search/daily_outputs/YCA/YCA_2012_YCA2012_normal_grid_S0029_daily.csv
YCA,YCA,Yucheng,2012,Leave_One_experiments\wth_generated_qc\YCA\YCA2012.WTH,wet_year;nitrogen_stress_year;low_response_year,wet,YCA2012_normal_grid_S0029,pareto_balanced,2012-08-10,223,60,55,"{""sim_day"": 60.0, ""doy"": 223.0, ""topwt"": 8090.9344482421875, ""grnwt"": 0.0, ""xlai"": 4.551486968994141, ""totir"": 30.0, ""tofer"": NaN, ""swfac"": 0.0, ""nstres"": 0.025456428527832}",0.0,0.025456428527832,8090.9344482421875,0.0,4.551486968994141,30.0,,0.0,0.0,60.0,180.0,3.521954345703122,27.52195434570312,Leave_One_experiments/all_year_offline_schedule_search/daily_outputs/YCA/YCA_2012_YCA2012_normal_grid_S0029_daily.csv
YCA,YCA,Yucheng,2012,Leave_One_experiments\wth_generated_qc\YCA\YCA2012.WTH,wet_year;nitrogen_stress_year;low_response_year,wet,YCA2012_normal_grid_S0029,pareto_balanced,2012-08-11,224,61,56,"{""sim_day"": 61.0, ""doy"": 224.0, ""topwt"": 8132.492065429687, ""grnwt"": 0.0, ""xlai"": 4.529728412628174, ""totir"": 30.0, ""tofer"": NaN, ""swfac"": 0.0, ""nstres"": 0.0178347826004028}",0.0,0.0178347826004028,8132.492065429687,0.0,4.529728412628174,30.0,,0.0,0.0,60.0,180.0,3.521954345703122,27.52195434570312,Leave_One_experiments/all_year_offline_schedule_search/daily_outputs/YCA/YCA_2012_YCA2012_normal_grid_S0029_daily.csv
YCA,YCA,Yucheng,2012,Leave_One_experiments\wth_generated_qc\YCA\YCA2012.WTH,wet_year;nitrogen_stress_year;low_response_year,wet,YCA2012_normal_grid_S0029,pareto_balanced,2012-08-12,225,62,57,"{""sim_day"": 62.0, ""doy"": 225.0, ""topwt"": 8422.271728515625, ""grnwt"": 0.0, ""xlai"": 4.509541034698486, ""totir"": 30.0, ""tofer"": NaN, ""swfac"": 0.0, ""nstres"": 0.0117552280426025}",0.0,0.0117552280426025,8422.271728515625,0.0,4.509541034698486,30.0,,0.0,0.0,60.0,180.0,3.521954345703122,27.52195434570312,Leave_One_experiments/all_year_offline_schedule_search/daily_outputs/YCA/YCA_2012_YCA2012_normal_grid_S0029_daily.csv
YCA,YCA,Yucheng,2012,Leave_One_experiments\wth_generated_qc\YCA\YCA2012.WTH,wet_year;nitrogen_stress_year;low_response_year,wet,YCA2012_normal_grid_S0029,pareto_balanced,2012-08-13,226,63,58,"{""sim_day"": 63.0, ""doy"": 226.0, ""topwt"": 8404.949951171875, ""grnwt"": 0.0, ""xlai"": 4.491158962249756, ""totir"": 30.0, ""tofer"": NaN, ""swfac"": 0.0, ""nstres"": 0.0}",0.0,0.0,8404.949951171875,0.0,4.491158962249756,30.0,,0.0,0.0,60.0,180.0,3.521954345703122,27.52195434570312,Leave_One_experiments/all_year_offline_schedule_search/daily_outputs/YCA/YCA_2012_YCA2012_normal_grid_S0029_daily.csv
YCA,YCA,Yucheng,2012,Leave_One_experiments\wth_generated_qc\YCA\YCA2012.WTH,wet_year;nitrogen_stress_year;low_response_year,wet,YCA2012_normal_grid_S0029,pareto_balanced,2012-08-14,227,64,59,"{""sim_day"": 64.0, ""doy"": 227.0, ""topwt"": 8777.427978515625, ""grnwt"": 0.0, ""xlai"": 4.473512172698975, ""totir"": 30.0, ""tofer"": NaN, ""swfac"": 0.0, ""nstres"": 0.0}",0.0,0.0,8777.427978515625,0.0,4.473512172698975,30.0,,0.0,0.0,60.0,180.0,3.521954345703122,27.52195434570312,Leave_One_experiments/all_year_offline_schedule_search/daily_outputs/YCA/YCA_2012_YCA2012_normal_grid_S0029_daily.csv
YCA,YCA,Yucheng,2012,Leave_One_experiments\wth_generated_qc\YCA\YCA2012.WTH,wet_year;nitrogen_stress_year;low_response_year,wet,YCA2012_normal_grid_S0029,pareto_balanced,2012-08-15,228,65,60,"{""sim_day"": 65.0, ""doy"": 228.0, ""topwt"": 9097.48779296875, ""grnwt"": 0.0, ""xlai"": 4.456111431121826, ""totir"": 30.0, ""tofer"": NaN, ""swfac"": 0.0, ""nstres"": 0.0}",0.0,0.0,9097.48779296875,0.0,4.456111431121826,30.0,,0.0,50.0,60.0,180.0,3.521954345703122,27.52195434570312,Leave_One_experiments/all_year_offline_schedule_search/daily_outputs/YCA/YCA_2012_YCA2012_normal_grid_S0029_daily.csv
YCA,YCA,Yucheng,2012,Leave_One_experiments\wth_generated_qc\YCA\YCA2012.WTH,wet_year;nitrogen_stress_year;low_response_year,wet,YCA2012_normal_grid_S0029,pareto_balanced,2012-08-16,229,66,61,"{""sim_day"": 66.0, ""doy"": 229.0, ""topwt"": 9338.757934570312, ""grnwt"": 0.0, ""xlai"": 4.435319900512695, ""totir"": 30.0, ""tofer"": NaN, ""swfac"": 0.0, ""nstres"": 0.0}",0.0,0.0,9338.757934570312,0.0,4.435319900512695,30.0,,0.0,0.0,60.0,180.0,3.521954345703122,27.52195434570312,Leave_One_experiments/all_year_offline_schedule_search/daily_outputs/YCA/YCA_2012_YCA2012_normal_grid_S0029_daily.csv
YCA,YCA,Yucheng,2012,Leave_One_experiments\wth_generated_qc\YCA\YCA2012.WTH,wet_year;nitrogen_stress_year;low_response_year,wet,YCA2012_normal_grid_S0029,pareto_balanced,2012-08-17,230,67,62,"{""sim_day"": 67.0, ""doy"": 230.0, ""topwt"": 9367.986450195312, ""grnwt"": 0.0, ""xlai"": 4.4139838218688965, ""totir"": 30.0, ""tofer"": NaN, ""swfac"": 0.0, ""nstres"": 0.0}",0.0,0.0,9367.986450195312,0.0,4.4139838218688965,30.0,,0.0,0.0,60.0,180.0,3.521954345703122,27.52195434570312,Leave_One_experiments/all_year_offline_schedule_search/daily_outputs/YCA/YCA_2012_YCA2012_normal_grid_S0029_daily.csv
YCA,YCA,Yucheng,2012,Leave_One_experiments\wth_generated_qc\YCA\YCA2012.WTH,wet_year;nitrogen_stress_year;low_response_year,wet,YCA2012_normal_grid_S0029,pareto_balanced,2012-08-18,231,68,63,"{""sim_day"": 68.0, ""doy"": 231.0, ""topwt"": 9665.15380859375, ""grnwt"": 0.0, ""xlai"": 4.390834808349609, ""totir"": 30.0, ""tofer"": NaN, ""swfac"": 0.0, ""nstres"": 0.0}",0.0,0.0,9665.15380859375,0.0,4.390834808349609,30.0,,0.0,0.0,60.0,180.0,3.521954345703122,27.52195434570312,Leave_One_experiments/all_year_offline_schedule_search/daily_outputs/YCA/YCA_2012_YCA2012_normal_grid_S0029_daily.csv
YCA,YCA,Yucheng,2012,Leave_One_experiments\wth_generated_qc\YCA\YCA2012.WTH,wet_year;nitrogen_stress_year;low_response_year,wet,YCA2012_normal_grid_S0029,pareto_balanced,2012-08-19,232,69,64,"{""sim_day"": 69.0, ""doy"": 232.0, ""topwt"": 9870.82763671875, ""grnwt"": 231.8418884277344, ""xlai"": 4.295346260070801, ""totir"": 30.0, ""tofer"": NaN, ""swfac"": 0.0, ""nstres"": 0.0}",0.0,0.0,9870.82763671875,231.8418884277344,4.295346260070801,30.0,,0.0,0.0,60.0,180.0,3.521954345703122,27.52195434570312,Leave_One_experiments/all_year_offline_schedule_search/daily_outputs/YCA/YCA_2012_YCA2012_normal_grid_S0029_daily.csv
YCA,YCA,Yucheng,2012,Leave_One_experiments\wth_generated_qc\YCA\YCA2012.WTH,wet_year;nitrogen_stress_year;low_response_year,wet,YCA2012_normal_grid_S0029,pareto_balanced,2012-08-20,233,70,65,"{""sim_day"": 70.0, ""doy"": 233.0, ""topwt"": 9960.121459960938, ""grnwt"": 463.6837768554688, ""xlai"": 4.281859874725342, ""totir"": 60.0, ""tofer"": NaN, ""swfac"": 0.0, ""nstres"": 0.0}",0.0,0.0,9960.121459960938,463.6837768554688,4.281859874725342,60.0,,30.0,0.0,60.0,180.0,3.521954345703122,27.52195434570312,Leave_One_experiments/all_year_offline_schedule_search/daily_outputs/YCA/YCA_2012_YCA2012_normal_grid_S0029_daily.csv
YCA,YCA,Yucheng,2012,Leave_One_experiments\wth_generated_qc\YCA\YCA2012.WTH,wet_year;nitrogen_stress_year;low_response_year,wet,YCA2012_normal_grid_S0029,pareto_balanced,2012-08-21,234,71,66,"{""sim_day"": 71.0, ""doy"": 234.0, ""topwt"": 10312.34619140625, ""grnwt"": 695.5255889892578, ""xlai"": 4.266258716583252, ""totir"": 60.0, ""tofer"": NaN, ""swfac"": 0.0, ""nstres"": 0.0}",0.0,0.0,10312.34619140625,695.5255889892578,4.266258716583252,60.0,,0.0,0.0,60.0,180.0,3.521954345703122,27.52195434570312,Leave_One_experiments/all_year_offline_schedule_search/daily_outputs/YCA/YCA_2012_YCA2012_normal_grid_S0029_daily.csv
YCA,YCA,Yucheng,2012,Leave_One_experiments\wth_generated_qc\YCA\YCA2012.WTH,wet_year;nitrogen_stress_year;low_response_year,wet,YCA2012_normal_grid_S0029,pareto_balanced,2012-08-22,235,72,67,"{""sim_day"": 72.0, ""doy"": 235.0, ""topwt"": 10592.52197265625, ""grnwt"": 927.3675537109376, ""xlai"": 4.24753475189209, ""totir"": 60.0, ""tofer"": NaN, ""swfac"": 0.0, ""nstres"": 0.0}",0.0,0.0,10592.52197265625,927.3675537109376,4.24753475189209,60.0,,0.0,0.0,60.0,180.0,3.521954345703122,27.52195434570312,Leave_One_experiments/all_year_offline_schedule_search/daily_outputs/YCA/YCA_2012_YCA2012_normal_grid_S0029_daily.csv
YCA,YCA,Yucheng,2012,Leave_One_experiments\wth_generated_qc\YCA\YCA2012.WTH,wet_year;nitrogen_stress_year;low_response_year,wet,YCA2012_normal_grid_S0029,pareto_balanced,2012-08-23,236,73,68,"{""sim_day"": 73.0, ""doy"": 236.0, ""topwt"": 10824.36279296875, ""grnwt"": 1159.209442138672, ""xlai"": 4.227729797363281, ""totir"": 60.0, ""tofer"": NaN, ""swfac"": 0.0, ""nstres"": 0.0}",0.0,0.0,10824.36279296875,1159.209442138672,4.227729797363281,60.0,,0.0,0.0,60.0,180.0,3.521954345703122,27.52195434570312,Leave_One_experiments/all_year_offline_schedule_search/daily_outputs/YCA/YCA_2012_YCA2012_normal_grid_S0029_daily.csv
YCA,YCA,Yucheng,2012,Leave_One_experiments\wth_generated_qc\YCA\YCA2012.WTH,wet_year;nitrogen_stress_year;low_response_year,wet,YCA2012_normal_grid_S0029,pareto_balanced,2012-08-24,237,74,69,"{""sim_day"": 74.0, ""doy"": 237.0, ""topwt"": 11056.204833984377, ""grnwt"": 1391.0513305664062, ""xlai"": 4.201043605804443, ""totir"": 60.0, ""tofer"": NaN, ""swfac"": 0.0, ""nstres"": 0.0}",0.0,0.0,11056.204833984377,1391.0513305664062,4.201043605804443,60.0,,0.0,0.0,60.0,180.0,3.521954345703122,27.52195434570312,Leave_One_experiments/all_year_offline_schedule_search/daily_outputs/YCA/YCA_2012_YCA2012_normal_grid_S0029_daily.csv
YCA,YCA,Yucheng,2012,Leave_One_experiments\wth_generated_qc\YCA\YCA2012.WTH,wet_year;nitrogen_stress_year;low_response_year,wet,YCA2012_normal_grid_S0029,pareto_balanced,2012-08-25,238,75,70,"{""sim_day"": 75.0, ""doy"": 238.0, ""topwt"": 11266.495361328123, ""grnwt"": 1622.8932189941406, ""xlai"": 4.167489051818848, ""totir"": 60.0, ""tofer"": NaN, ""swfac"": 0.0, ""nstres"": 0.0}",0.0,0.0,11266.495361328123,1622.8932189941406,4.167489051818848,60.0,,0.0,0.0,60.0,180.0,3.521954345703122,27.52195434570312,Leave_One_experiments/all_year_offline_schedule_search/daily_outputs/YCA/YCA_2012_YCA2012_normal_grid_S0029_daily.csv
YCA,YCA,Yucheng,2012,Leave_One_experiments\wth_generated_qc\YCA\YCA2012.WTH,wet_year;nitrogen_stress_year;low_response_year,wet,YCA2012_normal_grid_S0029,pareto_balanced,2012-08-26,239,76,71,"{""sim_day"": 76.0, ""doy"": 239.0, ""topwt"": 11454.28955078125, ""grnwt"": 1854.7352600097656, ""xlai"": 4.131331920623779, ""totir"": 60.0, ""tofer"": NaN, ""swfac"": 0.0, ""nstres"": 0.0}",0.0,0.0,11454.28955078125,1854.7352600097656,4.131331920623779,60.0,,0.0,0.0,60.0,180.0,3.521954345703122,27.52195434570312,Leave_One_experiments/all_year_offline_schedule_search/daily_outputs/YCA/YCA_2012_YCA2012_normal_grid_S0029_daily.csv
YCA,YCA,Yucheng,2012,Leave_One_experiments\wth_generated_qc\YCA\YCA2012.WTH,wet_year;nitrogen_stress_year;low_response_year,wet,YCA2012_normal_grid_S0029,pareto_balanced,2012-08-27,240,77,72,"{""sim_day"": 77.0, ""doy"": 240.0, ""topwt"": 11745.62255859375, ""grnwt"": 2086.5771484375, ""xlai"": 4.086914539337158, ""totir"": 60.0, ""tofer"": NaN, ""swfac"": 0.0, ""nstres"": 0.0}",0.0,0.0,11745.62255859375,2086.5771484375,4.086914539337158,60.0,,0.0,0.0,60.0,180.0,3.521954345703122,27.52195434570312,Leave_One_experiments/all_year_offline_schedule_search/daily_outputs/YCA/YCA_2012_YCA2012_normal_grid_S0029_daily.csv
YCA,YCA,Yucheng,2012,Leave_One_experiments\wth_generated_qc\YCA\YCA2012.WTH,wet_year;nitrogen_stress_year;low_response_year,wet,YCA2012_normal_grid_S0029,pareto_balanced,2012-08-28,241,78,73,"{""sim_day"": 78.0, ""doy"": 241.0, ""topwt"": 11976.328125, ""grnwt"": 2311.1740112304688, ""xlai"": 4.034597396850586, ""totir"": 60.0, ""tofer"": NaN, ""swfac"": 0.0, ""nstres"": 0.0}",0.0,0.0,11976.328125,2311.1740112304688,4.034597396850586,60.0,,0.0,0.0,60.0,180.0,3.521954345703122,27.52195434570312,Leave_One_experiments/all_year_offline_schedule_search/daily_outputs/YCA/YCA_2012_YCA2012_normal_grid_S0029_daily.csv
YCA,YCA,Yucheng,2012,Leave_One_experiments\wth_generated_qc\YCA\YCA2012.WTH,wet_year;nitrogen_stress_year;low_response_year,wet,YCA2012_normal_grid_S0029,pareto_balanced,2012-08-29,242,79,74,"{""sim_day"": 79.0, ""doy"": 242.0, ""topwt"": 12198.026123046877, ""grnwt"": 2532.872772216797, ""xlai"": 3.975484371185303, ""totir"": 60.0, ""tofer"": NaN, ""swfac"": 0.0, ""nstres"": 0.0}",0.0,0.0,12198.026123046877,2532.872772216797,3.975484371185303,60.0,,0.0,0.0,60.0,180.0,3.521954345703122,27.52195434570312,Leave_One_experiments/all_year_offline_schedule_search/daily_outputs/YCA/YCA_2012_YCA2012_normal_grid_S0029_daily.csv
YCA,YCA,Yucheng,2012,Leave_One_experiments\wth_generated_qc\YCA\YCA2012.WTH,wet_year;nitrogen_stress_year;low_response_year,wet,YCA2012_normal_grid_S0029,pareto_balanced,2012-08-30,243,80,75,"{""sim_day"": 80.0, ""doy"": 243.0, ""topwt"": 12429.8681640625, ""grnwt"": 2764.7146606445312, ""xlai"": 3.9112448692321777, ""totir"": 60.0, ""tofer"": NaN, ""swfac"": 0.0, ""nstres"": 0.0}",0.0,0.0,12429.8681640625,2764.7146606445312,3.9112448692321777,60.0,,0.0,0.0,60.0,180.0,3.521954345703122,27.52195434570312,Leave_One_experiments/all_year_offline_schedule_search/daily_outputs/YCA/YCA_2012_YCA2012_normal_grid_S0029_daily.csv
YCA,YCA,Yucheng,2012,Leave_One_experiments\wth_generated_qc\YCA\YCA2012.WTH,wet_year;nitrogen_stress_year;low_response_year,wet,YCA2012_normal_grid_S0029,pareto_balanced,2012-08-31,244,81,76,"{""sim_day"": 81.0, ""doy"": 244.0, ""topwt"": 12648.66943359375, ""grnwt"": 2983.515625, ""xlai"": 3.837697982788086, ""totir"": 60.0, ""tofer"": NaN, ""swfac"": 0.0, ""nstres"": 0.0}",0.0,0.0,12648.66943359375,2983.515625,3.837697982788086,60.0,,0.0,0.0,60.0,180.0,3.521954345703122,27.52195434570312,Leave_One_experiments/all_year_offline_schedule_search/daily_outputs/YCA/YCA_2012_YCA2012_normal_grid_S0029_daily.csv
YCA,YCA,Yucheng,2012,Leave_One_experiments\wth_generated_qc\YCA\YCA2012.WTH,wet_year;nitrogen_stress_year;low_response_year,wet,YCA2012_normal_grid_S0029,pareto_balanced,2012-09-01,245,82,77,"{""sim_day"": 82.0, ""doy"": 245.0, ""topwt"": 12694.4091796875, ""grnwt"": 3215.357360839844, ""xlai"": 3.7763404846191406, ""totir"": 60.0, ""tofer"": NaN, ""swfac"": 0.0, ""nstres"": 0.0}",0.0,0.0,12694.4091796875,3215.357360839844,3.7763404846191406,60.0,,0.0,0.0,60.0,180.0,3.521954345703122,27.52195434570312,Leave_One_experiments/all_year_offline_schedule_search/daily_outputs/YCA/YCA_2012_YCA2012_normal_grid_S0029_daily.csv
YCA,YCA,Yucheng,2012,Leave_One_experiments\wth_generated_qc\YCA\YCA2012.WTH,wet_year;nitrogen_stress_year;low_response_year,wet,YCA2012_normal_grid_S0029,pareto_balanced,2012-09-02,246,83,78,"{""sim_day"": 83.0, ""doy"": 246.0, ""topwt"": 13033.321533203123, ""grnwt"": 3447.1994018554688, ""xlai"": 3.713276863098145, ""totir"": 60.0, ""tofer"": NaN, ""swfac"": 0.0, ""nstres"": 0.0}",0.0,0.0,13033.321533203123,3447.1994018554688,3.713276863098145,60.0,,0.0,0.0,60.0,180.0,3.521954345703122,27.52195434570312,Leave_One_experiments/all_year_offline_schedule_search/daily_outputs/YCA/YCA_2012_YCA2012_normal_grid_S0029_daily.csv
YCA,YCA,Yucheng,2012,Leave_One_experiments\wth_generated_qc\YCA\YCA2012.WTH,wet_year;nitrogen_stress_year;low_response_year,wet,YCA2012_normal_grid_S0029,pareto_balanced,2012-09-03,247,84,79,"{""sim_day"": 84.0, ""doy"": 247.0, ""topwt"": 13344.195556640623, ""grnwt"": 3679.041137695313, ""xlai"": 3.6570093631744394, ""totir"": 60.0, ""tofer"": NaN, ""swfac"": 0.0, ""nstres"": 0.0}",0.0,0.0,13344.195556640623,3679.041137695313,3.6570093631744394,60.0,,0.0,0.0,60.0,180.0,3.521954345703122,27.52195434570312,Leave_One_experiments/all_year_offline_schedule_search/daily_outputs/YCA/YCA_2012_YCA2012_normal_grid_S0029_daily.csv
YCA,YCA,Yucheng,2012,Leave_One_experiments\wth_generated_qc\YCA\YCA2012.WTH,wet_year;nitrogen_stress_year;low_response_year,wet,YCA2012_normal_grid_S0029,pareto_balanced,2012-09-04,248,85,80,"{""sim_day"": 85.0, ""doy"": 248.0, ""topwt"": 13560.74951171875, ""grnwt"": 3910.8831787109375, ""xlai"": 3.606735944747925, ""totir"": 60.0, ""tofer"": NaN, ""swfac"": 0.0, ""nstres"": 0.0}",0.0,0.0,13560.74951171875,3910.8831787109375,3.606735944747925,60.0,,0.0,0.0,60.0,180.0,3.521954345703122,27.52195434570312,Leave_One_experiments/all_year_offline_schedule_search/daily_outputs/YCA/YCA_2012_YCA2012_normal_grid_S0029_daily.csv
YCA,YCA,Yucheng,2012,Leave_One_experiments\wth_generated_qc\YCA\YCA2012.WTH,wet_year;nitrogen_stress_year;low_response_year,wet,YCA2012_normal_grid_S0029,pareto_balanced,2012-09-05,249,86,81,"{""sim_day"": 86.0, ""doy"": 249.0, ""topwt"": 13802.281494140623, ""grnwt"": 4142.724914550781, ""xlai"": 3.527685165405273, ""totir"": 60.0, ""tofer"": NaN, ""swfac"": 0.0, ""nstres"": 0.0}",0.0,0.0,13802.281494140623,4142.724914550781,3.527685165405273,60.0,,0.0,0.0,60.0,180.0,3.521954345703122,27.52195434570312,Leave_One_experiments/all_year_offline_schedule_search/daily_outputs/YCA/YCA_2012_YCA2012_normal_grid_S0029_daily.csv
YCA,YCA,Yucheng,2012,Leave_One_experiments\wth_generated_qc\YCA\YCA2012.WTH,wet_year;nitrogen_stress_year;low_response_year,wet,YCA2012_normal_grid_S0029,pareto_balanced,2012-09-06,250,87,82,"{""sim_day"": 87.0, ""doy"": 250.0, ""topwt"": 13968.2666015625, ""grnwt"": 4374.566955566406, ""xlai"": 3.4478752613067627, ""totir"": 60.0, ""tofer"": NaN, ""swfac"": 0.0, ""nstres"": 0.0}",0.0,0.0,13968.2666015625,4374.566955566406,3.4478752613067627,60.0,,0.0,0.0,60.0,180.0,3.521954345703122,27.52195434570312,Leave_One_experiments/all_year_offline_schedule_search/daily_outputs/YCA/YCA_2012_YCA2012_normal_grid_S0029_daily.csv
YCA,YCA,Yucheng,2012,Leave_One_experiments\wth_generated_qc\YCA\YCA2012.WTH,wet_year;nitrogen_stress_year;low_response_year,wet,YCA2012_normal_grid_S0029,pareto_balanced,2012-09-07,251,88,83,"{""sim_day"": 88.0, ""doy"": 251.0, ""topwt"": 14239.564208984377, ""grnwt"": 4606.408996582031, ""xlai"": 3.369516372680664, ""totir"": 60.0, ""tofer"": NaN, ""swfac"": 0.0, ""nstres"": 0.0}",0.0,0.0,14239.564208984377,4606.408996582031,3.369516372680664,60.0,,0.0,0.0,60.0,180.0,3.521954345703122,27.52195434570312,Leave_One_experiments/all_year_offline_schedule_search/daily_outputs/YCA/YCA_2012_YCA2012_normal_grid_S0029_daily.csv
YCA,YCA,Yucheng,2012,Leave_One_experiments\wth_generated_qc\YCA\YCA2012.WTH,wet_year;nitrogen_stress_year;low_response_year,wet,YCA2012_normal_grid_S0029,pareto_balanced,2012-09-08,252,89,84,"{""sim_day"": 89.0, ""doy"": 252.0, ""topwt"": 14503.404541015623, ""grnwt"": 4838.250732421875, ""xlai"": 3.278330087661743, ""totir"": 60.0, ""tofer"": NaN, ""swfac"": 0.0, ""nstres"": 0.0}",0.0,0.0,14503.404541015623,4838.250732421875,3.278330087661743,60.0,,0.0,0.0,60.0,180.0,3.521954345703122,27.52195434570312,Leave_One_experiments/all_year_offline_schedule_search/daily_outputs/YCA/YCA_2012_YCA2012_normal_grid_S0029_daily.csv
YCA,YCA,Yucheng,2012,Leave_One_experiments\wth_generated_qc\YCA\YCA2012.WTH,wet_year;nitrogen_stress_year;low_response_year,wet,YCA2012_normal_grid_S0029,pareto_balanced,2012-09-09,253,90,85,"{""sim_day"": 90.0, ""doy"": 253.0, ""topwt"": 14735.24658203125, ""grnwt"": 5070.0927734375, ""xlai"": 3.1857922077178955, ""totir"": 60.0, ""tofer"": NaN, ""swfac"": 0.0, ""nstres"": 0.0}",0.0,0.0,14735.24658203125,5070.0927734375,3.1857922077178955,60.0,,0.0,0.0,60.0,180.0,3.521954345703122,27.52195434570312,Leave_One_experiments/all_year_offline_schedule_search/daily_outputs/YCA/YCA_2012_YCA2012_normal_grid_S0029_daily.csv
YCA,YCA,Yucheng,2012,Leave_One_experiments\wth_generated_qc\YCA\YCA2012.WTH,wet_year;nitrogen_stress_year;low_response_year,wet,YCA2012_normal_grid_S0029,pareto_balanced,2012-09-10,254,91,86,"{""sim_day"": 91.0, ""doy"": 254.0, ""topwt"": 14799.952392578123, ""grnwt"": 5301.934814453125, ""xlai"": 3.0971174240112305, ""totir"": 60.0, ""tofer"": NaN, ""swfac"": 0.0, ""nstres"": 0.0}",0.0,0.0,14799.952392578123,5301.934814453125,3.0971174240112305,60.0,,0.0,0.0,60.0,180.0,3.521954345703122,27.52195434570312,Leave_One_experiments/all_year_offline_schedule_search/daily_outputs/YCA/YCA_2012_YCA2012_normal_grid_S0029_daily.csv
YCA,YCA,Yucheng,2012,Leave_One_experiments\wth_generated_qc\YCA\YCA2012.WTH,wet_year;nitrogen_stress_year;low_response_year,wet,YCA2012_normal_grid_S0029,pareto_balanced,2012-09-11,255,92,87,"{""sim_day"": 92.0, ""doy"": 255.0, ""topwt"": 14952.896728515623, ""grnwt"": 5533.776245117188, ""xlai"": 3.0131123065948486, ""totir"": 60.0, ""tofer"": NaN, ""swfac"": 0.0, ""nstres"": 0.0}",0.0,0.0,14952.896728515623,5533.776245117188,3.0131123065948486,60.0,,0.0,0.0,60.0,180.0,3.521954345703122,27.52195434570312,Leave_One_experiments/all_year_offline_schedule_search/daily_outputs/YCA/YCA_2012_YCA2012_normal_grid_S0029_daily.csv
YCA,YCA,Yucheng,2012,Leave_One_experiments\wth_generated_qc\YCA\YCA2012.WTH,wet_year;nitrogen_stress_year;low_response_year,wet,YCA2012_normal_grid_S0029,pareto_balanced,2012-09-12,256,93,88,"{""sim_day"": 93.0, ""doy"": 256.0, ""topwt"": 15279.55322265625, ""grnwt"": 5765.6182861328125, ""xlai"": 2.929361343383789, ""totir"": 60.0, ""tofer"": NaN, ""swfac"": 0.0, ""nstres"": 0.0}",0.0,0.0,15279.55322265625,5765.6182861328125,2.929361343383789,60.0,,0.0,0.0,60.0,180.0,3.521954345703122,27.52195434570312,Leave_One_experiments/all_year_offline_schedule_search/daily_outputs/YCA/YCA_2012_YCA2012_normal_grid_S0029_daily.csv
YCA,YCA,Yucheng,2012,Leave_One_experiments\wth_generated_qc\YCA\YCA2012.WTH,wet_year;nitrogen_stress_year;low_response_year,wet,YCA2012_normal_grid_S0029,pareto_balanced,2012-09-13,257,94,89,"{""sim_day"": 94.0, ""doy"": 257.0, ""topwt"": 15586.783447265623, ""grnwt"": 5997.4603271484375, ""xlai"": 2.844226598739624, ""totir"": 60.0, ""tofer"": NaN, ""swfac"": 0.0, ""nstres"": 0.0}",0.0,0.0,15586.783447265623,5997.4603271484375,2.844226598739624,60.0,,0.0,0.0,60.0,180.0,3.521954345703122,27.52195434570312,Leave_One_experiments/all_year_offline_schedule_search/daily_outputs/YCA/YCA_2012_YCA2012_normal_grid_S0029_daily.csv
YCA,YCA,Yucheng,2012,Leave_One_experiments\wth_generated_qc\YCA\YCA2012.WTH,wet_year;nitrogen_stress_year;low_response_year,wet,YCA2012_normal_grid_S0029,pareto_balanced,2012-09-14,258,95,90,"{""sim_day"": 95.0, ""doy"": 258.0, ""topwt"": 15894.45556640625, ""grnwt"": 6229.302368164063, ""xlai"": 2.757876396179199, ""totir"": 60.0, ""tofer"": NaN, ""swfac"": 0.0, ""nstres"": 0.0}",0.0,0.0,15894.45556640625,6229.302368164063,2.757876396179199,60.0,,0.0,0.0,60.0,180.0,3.521954345703122,27.52195434570312,Leave_One_experiments/all_year_offline_schedule_search/daily_outputs/YCA/YCA_2012_YCA2012_normal_grid_S0029_daily.csv
YCA,YCA,Yucheng,2012,Leave_One_experiments\wth_generated_qc\YCA\YCA2012.WTH,wet_year;nitrogen_stress_year;low_response_year,wet,YCA2012_normal_grid_S0029,pareto_balanced,2012-09-15,259,96,91,"{""sim_day"": 96.0, ""doy"": 259.0, ""topwt"": 16126.297607421877, ""grnwt"": 6461.144409179688, ""xlai"": 2.6546573638916016, ""totir"": 60.0, ""tofer"": NaN, ""swfac"": 0.0, ""nstres"": 0.0}",0.0,0.0,16126.297607421877,6461.144409179688,2.6546573638916016,60.0,,0.0,0.0,60.0,180.0,3.521954345703122,27.52195434570312,Leave_One_experiments/all_year_offline_schedule_search/daily_outputs/YCA/YCA_2012_YCA2012_normal_grid_S0029_daily.csv
YCA,YCA,Yucheng,2012,Leave_One_experiments\wth_generated_qc\YCA\YCA2012.WTH,wet_year;nitrogen_stress_year;low_response_year,wet,YCA2012_normal_grid_S0029,pareto_balanced,2012-09-16,260,97,92,"{""sim_day"": 97.0, ""doy"": 260.0, ""topwt"": 16358.1396484375, ""grnwt"": 6692.98583984375, ""xlai"": 2.556705474853516, ""totir"": 60.0, ""tofer"": NaN, ""swfac"": 0.0, ""nstres"": 0.0}",0.0,0.0,16358.1396484375,6692.98583984375,2.556705474853516,60.0,,0.0,0.0,60.0,180.0,3.521954345703122,27.52195434570312,Leave_One_experiments/all_year_offline_schedule_search/daily_outputs/YCA/YCA_2012_YCA2012_normal_grid_S0029_daily.csv
YCA,YCA,Yucheng,2012,Leave_One_experiments\wth_generated_qc\YCA\YCA2012.WTH,wet_year;nitrogen_stress_year;low_response_year,wet,YCA2012_normal_grid_S0029,pareto_balanced,2012-09-17,261,98,93,"{""sim_day"": 98.0, ""doy"": 261.0, ""topwt"": 16589.981689453125, ""grnwt"": 6924.827880859375, ""xlai"": 2.438863754272461, ""totir"": 60.0, ""tofer"": NaN, ""swfac"": 0.0, ""nstres"": 0.0}",0.0,0.0,16589.981689453125,6924.827880859375,2.438863754272461,60.0,,0.0,0.0,60.0,180.0,3.521954345703122,27.52195434570312,Leave_One_experiments/all_year_offline_schedule_search/daily_outputs/YCA/YCA_2012_YCA2012_normal_grid_S0029_daily.csv
YCA,YCA,Yucheng,2012,Leave_One_experiments\wth_generated_qc\YCA\YCA2012.WTH,wet_year;nitrogen_stress_year;low_response_year,wet,YCA2012_normal_grid_S0029,pareto_balanced,2012-09-18,262,99,94,"{""sim_day"": 99.0, ""doy"": 262.0, ""topwt"": 16821.82373046875, ""grnwt"": 7156.669921875, ""xlai"": 2.312986135482788, ""totir"": 60.0, ""tofer"": NaN, ""swfac"": 0.0, ""nstres"": 0.0}",0.0,0.0,16821.82373046875,7156.669921875,2.312986135482788,60.0,,0.0,0.0,60.0,180.0,3.521954345703122,27.52195434570312,Leave_One_experiments/all_year_offline_schedule_search/daily_outputs/YCA/YCA_2012_YCA2012_normal_grid_S0029_daily.csv
YCA,YCA,Yucheng,2012,Leave_One_experiments\wth_generated_qc\YCA\YCA2012.WTH,wet_year;nitrogen_stress_year;low_response_year,wet,YCA2012_normal_grid_S0029,pareto_balanced,2012-09-19,263,100,95,"{""sim_day"": 100.0, ""doy"": 263.0, ""topwt"": 17053.66455078125, ""grnwt"": 7388.511962890625, ""xlai"": 2.191558599472046, ""totir"": 60.0, ""tofer"": NaN, ""swfac"": 0.0, ""nstres"": 0.021625280380249}",0.0,0.021625280380249,17053.66455078125,7388.511962890625,2.191558599472046,60.0,,0.0,0.0,60.0,180.0,3.521954345703122,27.52195434570312,Leave_One_experiments/all_year_offline_schedule_search/daily_outputs/YCA/YCA_2012_YCA2012_normal_grid_S0029_daily.csv
YCA,YCA,Yucheng,2012,Leave_One_experiments\wth_generated_qc\YCA\YCA2012.WTH,wet_year;nitrogen_stress_year;low_response_year,wet,YCA2012_normal_grid_S0029,pareto_balanced,2012-09-20,264,101,96,"{""sim_day"": 101.0, ""doy"": 264.0, ""topwt"": 17153.9453125, ""grnwt"": 7620.35400390625, ""xlai"": 2.053550243377685, ""totir"": 60.0, ""tofer"": NaN, ""swfac"": 0.0, ""nstres"": 0.0468188524246215}",0.0,0.0468188524246215,17153.9453125,7620.35400390625,2.053550243377685,60.0,,0.0,0.0,60.0,180.0,3.521954345703122,27.52195434570312,Leave_One_experiments/all_year_offline_schedule_search/daily_outputs/YCA/YCA_2012_YCA2012_normal_grid_S0029_daily.csv
YCA,YCA,Yucheng,2012,Leave_One_experiments\wth_generated_qc\YCA\YCA2012.WTH,wet_year;nitrogen_stress_year;low_response_year,wet,YCA2012_normal_grid_S0029,pareto_balanced,2012-09-21,265,102,97,"{""sim_day"": 102.0, ""doy"": 265.0, ""topwt"": 17327.3583984375, ""grnwt"": 7852.195434570312, ""xlai"": 1.8900624513626096, ""totir"": 60.0, ""tofer"": NaN, ""swfac"": 0.0, ""nstres"": 0.0708374381065368}",0.0,0.0708374381065368,17327.3583984375,7852.195434570312,1.8900624513626096,60.0,,0.0,0.0,60.0,180.0,3.521954345703122,27.52195434570312,Leave_One_experiments/all_year_offline_schedule_search/daily_outputs/YCA/YCA_2012_YCA2012_normal_grid_S0029_daily.csv
YCA,YCA,Yucheng,2012,Leave_One_experiments\wth_generated_qc\YCA\YCA2012.WTH,wet_year;nitrogen_stress_year;low_response_year,wet,YCA2012_normal_grid_S0029,pareto_balanced,2012-09-22,266,103,98,"{""sim_day"": 103.0, ""doy"": 266.0, ""topwt"": 17327.3583984375, ""grnwt"": 7852.195434570312, ""xlai"": 1.8900624513626096, ""totir"": 60.0, ""tofer"": NaN, ""swfac"": 0.0, ""nstres"": 0.083031952381134}",0.0,0.083031952381134,17327.3583984375,7852.195434570312,1.8900624513626096,60.0,,0.0,0.0,60.0,180.0,3.521954345703122,27.52195434570312,Leave_One_experiments/all_year_offline_schedule_search/daily_outputs/YCA/YCA_2012_YCA2012_normal_grid_S0029_daily.csv
YCA,YCA,Yucheng,2012,Leave_One_experiments\wth_generated_qc\YCA\YCA2012.WTH,wet_year;nitrogen_stress_year;low_response_year,wet,YCA2012_normal_grid_S0029,pareto_balanced,2012-09-23,267,104,99,"{""sim_day"": 104.0, ""doy"": 267.0, ""topwt"": 17327.3583984375, ""grnwt"": 7852.195434570312, ""xlai"": 1.8900624513626096, ""totir"": 60.0, ""tofer"": NaN, ""swfac"": 0.0, ""nstres"": 0.083031952381134}",0.0,0.083031952381134,17327.3583984375,7852.195434570312,1.8900624513626096,60.0,,0.0,0.0,60.0,180.0,3.521954345703122,27.52195434570312,Leave_One_experiments/all_year_offline_schedule_search/daily_outputs/YCA/YCA_2012_YCA2012_normal_grid_S0029_daily.csv
YCA,YCA,Yucheng,2012,Leave_One_experiments\wth_generated_qc\YCA\YCA2012.WTH,wet_year;nitrogen_stress_year;low_response_year,wet,YCA2012_normal_grid_S0029,pareto_balanced,2012-09-24,268,105,100,"{""sim_day"": 105.0, ""doy"": 268.0, ""topwt"": 17327.3583984375, ""grnwt"": 7852.195434570312, ""xlai"": 1.8900624513626096, ""totir"": 60.0, ""tofer"": NaN, ""swfac"": 0.0, ""nstres"": 0.083031952381134}",0.0,0.083031952381134,17327.3583984375,7852.195434570312,1.8900624513626096,60.0,,0.0,0.0,60.0,180.0,3.521954345703122,27.52195434570312,Leave_One_experiments/all_year_offline_schedule_search/daily_outputs/YCA/YCA_2012_YCA2012_normal_grid_S0029_daily.csv
YCA,YCA,Yucheng,2014,Leave_One_experiments\wth_generated_qc\YCA\YCA2014.WTH,normal_year;water_stress_year;nitrogen_stress_year,water_stress,YCA2014_stress_grid_S0006,irrigation_positive_candidate,2014-06-18,169,1,1,"{""sim_day"": 1.0, ""doy"": 169.0, ""topwt"": 0.0, ""grnwt"": 0.0, ""xlai"": 0.0, ""totir"": 0.0, ""tofer"": NaN, ""swfac"": 0.0, ""nstres"": 0.0}",0.0,0.0,0.0,0.0,0.0,0.0,,0.0,0.0,20.0,0.0,5.540139770507812,13.540139770507812,Leave_One_experiments/all_year_offline_schedule_search/daily_outputs/YCA/YCA_2014_YCA2014_stress_grid_S0006_daily.csv
YCA,YCA,Yucheng,2014,Leave_One_experiments\wth_generated_qc\YCA\YCA2014.WTH,normal_year;water_stress_year;nitrogen_stress_year,water_stress,YCA2014_stress_grid_S0006,irrigation_positive_candidate,2014-06-19,170,2,2,"{""sim_day"": 2.0, ""doy"": 170.0, ""topwt"": 0.0, ""grnwt"": 0.0, ""xlai"": 0.0, ""totir"": 0.0, ""tofer"": NaN, ""swfac"": 0.0, ""nstres"": 0.0}",0.0,0.0,0.0,0.0,0.0,0.0,,0.0,0.0,20.0,0.0,5.540139770507812,13.540139770507812,Leave_One_experiments/all_year_offline_schedule_search/daily_outputs/YCA/YCA_2014_YCA2014_stress_grid_S0006_daily.csv
YCA,YCA,Yucheng,2014,Leave_One_experiments\wth_generated_qc\YCA\YCA2014.WTH,normal_year;water_stress_year;nitrogen_stress_year,water_stress,YCA2014_stress_grid_S0006,irrigation_positive_candidate,2014-06-20,171,3,3,"{""sim_day"": 3.0, ""doy"": 171.0, ""topwt"": 0.0, ""grnwt"": 0.0, ""xlai"": 0.0, ""totir"": 0.0, ""tofer"": NaN, ""swfac"": 0.0, ""nstres"": 0.0}",0.0,0.0,0.0,0.0,0.0,0.0,,0.0,0.0,20.0,0.0,5.540139770507812,13.540139770507812,Leave_One_experiments/all_year_offline_schedule_search/daily_outputs/YCA/YCA_2014_YCA2014_stress_grid_S0006_daily.csv
YCA,YCA,Yucheng,2014,Leave_One_experiments\wth_generated_qc\YCA\YCA2014.WTH,normal_year;water_stress_year;nitrogen_stress_year,water_stress,YCA2014_stress_grid_S0006,irrigation_positive_candidate,2014-06-21,172,4,4,"{""sim_day"": 4.0, ""doy"": 172.0, ""topwt"": 0.0, ""grnwt"": 0.0, ""xlai"": 0.0, ""totir"": 0.0, ""tofer"": NaN, ""swfac"": 0.0, ""nstres"": 0.0}",0.0,0.0,0.0,0.0,0.0,0.0,,0.0,0.0,20.0,0.0,5.540139770507812,13.540139770507812,Leave_One_experiments/all_year_offline_schedule_search/daily_outputs/YCA/YCA_2014_YCA2014_stress_grid_S0006_daily.csv
YCA,YCA,Yucheng,2014,Leave_One_experiments\wth_generated_qc\YCA\YCA2014.WTH,normal_year;water_stress_year;nitrogen_stress_year,water_stress,YCA2014_stress_grid_S0006,irrigation_positive_candidate,2014-06-22,173,5,5,"{""sim_day"": 5.0, ""doy"": 173.0, ""topwt"": 0.0, ""grnwt"": 0.0, ""xlai"": 0.0, ""totir"": 0.0, ""tofer"": NaN, ""swfac"": 0.0, ""nstres"": 0.0}",0.0,0.0,0.0,0.0,0.0,0.0,,0.0,0.0,20.0,0.0,5.540139770507812,13.540139770507812,Leave_One_experiments/all_year_offline_schedule_search/daily_outputs/YCA/YCA_2014_YCA2014_stress_grid_S0006_daily.csv
YCA,YCA,Yucheng,2014,Leave_One_experiments\wth_generated_qc\YCA\YCA2014.WTH,normal_year;water_stress_year;nitrogen_stress_year,water_stress,YCA2014_stress_grid_S0006,irrigation_positive_candidate,2014-06-18,169,6,1,"{""sim_day"": 6.0, ""doy"": 169.0, ""topwt"": 0.0, ""grnwt"": 0.0, ""xlai"": 0.0, ""totir"": 0.0, ""tofer"": NaN, ""swfac"": 0.0, ""nstres"": 0.0}",0.0,0.0,0.0,0.0,0.0,0.0,,0.0,0.0,20.0,0.0,5.540139770507812,13.540139770507812,Leave_One_experiments/all_year_offline_schedule_search/daily_outputs/YCA/YCA_2014_YCA2014_stress_grid_S0006_daily.csv
YCA,YCA,Yucheng,2014,Leave_One_experiments\wth_generated_qc\YCA\YCA2014.WTH,normal_year;water_stress_year;nitrogen_stress_year,water_stress,YCA2014_stress_grid_S0006,irrigation_positive_candidate,2014-06-19,170,7,2,"{""sim_day"": 7.0, ""doy"": 170.0, ""topwt"": 0.0, ""grnwt"": 0.0, ""xlai"": 0.0, ""totir"": 0.0, ""tofer"": NaN, ""swfac"": 0.0, ""nstres"": 0.0}",0.0,0.0,0.0,0.0,0.0,0.0,,0.0,0.0,20.0,0.0,5.540139770507812,13.540139770507812,Leave_One_experiments/all_year_offline_schedule_search/daily_outputs/YCA/YCA_2014_YCA2014_stress_grid_S0006_daily.csv
YCA,YCA,Yucheng,2014,Leave_One_experiments\wth_generated_qc\YCA\YCA2014.WTH,normal_year;water_stress_year;nitrogen_stress_year,water_stress,YCA2014_stress_grid_S0006,irrigation_positive_candidate,2014-06-20,171,8,3,"{""sim_day"": 8.0, ""doy"": 171.0, ""topwt"": 0.0, ""grnwt"": 0.0, ""xlai"": 0.0, ""totir"": 0.0, ""tofer"": NaN, ""swfac"": 0.0, ""nstres"": 0.0}",0.0,0.0,0.0,0.0,0.0,0.0,,0.0,0.0,20.0,0.0,5.540139770507812,13.540139770507812,Leave_One_experiments/all_year_offline_schedule_search/daily_outputs/YCA/YCA_2014_YCA2014_stress_grid_S0006_daily.csv
YCA,YCA,Yucheng,2014,Leave_One_experiments\wth_generated_qc\YCA\YCA2014.WTH,normal_year;water_stress_year;nitrogen_stress_year,water_stress,YCA2014_stress_grid_S0006,irrigation_positive_candidate,2014-06-21,172,9,4,"{""sim_day"": 9.0, ""doy"": 172.0, ""topwt"": 0.0, ""grnwt"": 0.0, ""xlai"": 0.0, ""totir"": 0.0, ""tofer"": NaN, ""swfac"": 0.0, ""nstres"": 0.0}",0.0,0.0,0.0,0.0,0.0,0.0,,0.0,0.0,20.0,0.0,5.540139770507812,13.540139770507812,Leave_One_experiments/all_year_offline_schedule_search/daily_outputs/YCA/YCA_2014_YCA2014_stress_grid_S0006_daily.csv
YCA,YCA,Yucheng,2014,Leave_One_experiments\wth_generated_qc\YCA\YCA2014.WTH,normal_year;water_stress_year;nitrogen_stress_year,water_stress,YCA2014_stress_grid_S0006,irrigation_positive_candidate,2014-06-22,173,10,5,"{""sim_day"": 10.0, ""doy"": 173.0, ""topwt"": 0.0, ""grnwt"": 0.0, ""xlai"": 0.0, ""totir"": 0.0, ""tofer"": NaN, ""swfac"": 0.0, ""nstres"": 0.0}",0.0,0.0,0.0,0.0,0.0,0.0,,0.0,0.0,20.0,0.0,5.540139770507812,13.540139770507812,Leave_One_experiments/all_year_offline_schedule_search/daily_outputs/YCA/YCA_2014_YCA2014_stress_grid_S0006_daily.csv
YCA,YCA,Yucheng,2014,Leave_One_experiments\wth_generated_qc\YCA\YCA2014.WTH,normal_year;water_stress_year;nitrogen_stress_year,water_stress,YCA2014_stress_grid_S0006,irrigation_positive_candidate,2014-06-23,174,11,6,"{""sim_day"": 11.0, ""doy"": 174.0, ""topwt"": 26.400001049041748, ""grnwt"": 0.0, ""xlai"": 0.0048709167167544, ""totir"": 0.0, ""tofer"": NaN, ""swfac"": 0.0, ""nstres"": 0.0121910572052001}",0.0,0.0121910572052001,26.400001049041748,0.0,0.0048709167167544,0.0,,0.0,0.0,20.0,0.0,5.540139770507812,13.540139770507812,Leave_One_experiments/all_year_offline_schedule_search/daily_outputs/YCA/YCA_2014_YCA2014_stress_grid_S0006_daily.csv
YCA,YCA,Yucheng,2014,Leave_One_experiments\wth_generated_qc\YCA\YCA2014.WTH,normal_year;water_stress_year;nitrogen_stress_year,water_stress,YCA2014_stress_grid_S0006,irrigation_positive_candidate,2014-06-24,175,12,7,"{""sim_day"": 12.0, ""doy"": 175.0, ""topwt"": 26.400001049041748, ""grnwt"": 0.0, ""xlai"": 0.0092580942437052, ""totir"": 0.0, ""tofer"": NaN, ""swfac"": 0.0, ""nstres"": 0.0116716027259826}",0.0,0.0116716027259826,26.400001049041748,0.0,0.0092580942437052,0.0,,0.0,0.0,20.0,0.0,5.540139770507812,13.540139770507812,Leave_One_experiments/all_year_offline_schedule_search/daily_outputs/YCA/YCA_2014_YCA2014_stress_grid_S0006_daily.csv
YCA,YCA,Yucheng,2014,Leave_One_experiments\wth_generated_qc\YCA\YCA2014.WTH,normal_year;water_stress_year;nitrogen_stress_year,water_stress,YCA2014_stress_grid_S0006,irrigation_positive_candidate,2014-06-25,176,13,8,"{""sim_day"": 13.0, ""doy"": 176.0, ""topwt"": 26.400001049041748, ""grnwt"": 0.0, ""xlai"": 0.0150158461183309, ""totir"": 0.0, ""tofer"": NaN, ""swfac"": 0.0, ""nstres"": 0.004654049873352}",0.0,0.004654049873352,26.400001049041748,0.0,0.0150158461183309,0.0,,0.0,0.0,20.0,0.0,5.540139770507812,13.540139770507812,Leave_One_experiments/all_year_offline_schedule_search/daily_outputs/YCA/YCA_2014_YCA2014_stress_grid_S0006_daily.csv
YCA,YCA,Yucheng,2014,Leave_One_experiments\wth_generated_qc\YCA\YCA2014.WTH,normal_year;water_stress_year;nitrogen_stress_year,water_stress,YCA2014_stress_grid_S0006,irrigation_positive_candidate,2014-06-26,177,14,9,"{""sim_day"": 14.0, ""doy"": 177.0, ""topwt"": 26.400001049041748, ""grnwt"": 0.0, ""xlai"": 0.0367106311023235, ""totir"": 0.0, ""tofer"": NaN, ""swfac"": 0.0, ""nstres"": 0.0}",0.0,0.0,26.400001049041748,0.0,0.0367106311023235,0.0,,0.0,0.0,20.0,0.0,5.540139770507812,13.540139770507812,Leave_One_experiments/all_year_offline_schedule_search/daily_outputs/YCA/YCA_2014_YCA2014_stress_grid_S0006_daily.csv
YCA,YCA,Yucheng,2014,Leave_One_experiments\wth_generated_qc\YCA\YCA2014.WTH,normal_year;water_stress_year;nitrogen_stress_year,water_stress,YCA2014_stress_grid_S0006,irrigation_positive_candidate,2014-06-27,178,15,10,"{""sim_day"": 15.0, ""doy"": 178.0, ""topwt"": 33.08252811431885, ""grnwt"": 0.0, ""xlai"": 0.0628632083535194, ""totir"": 0.0, ""tofer"": NaN, ""swfac"": 0.0, ""nstres"": 0.0}",0.0,0.0,33.08252811431885,0.0,0.0628632083535194,0.0,,0.0,0.0,20.0,0.0,5.540139770507812,13.540139770507812,Leave_One_experiments/all_year_offline_schedule_search/daily_outputs/YCA/YCA_2014_YCA2014_stress_grid_S0006_daily.csv
YCA,YCA,Yucheng,2014,Leave_One_experiments\wth_generated_qc\YCA\YCA2014.WTH,normal_year;water_stress_year;nitrogen_stress_year,water_stress,YCA2014_stress_grid_S0006,irrigation_positive_candidate,2014-06-28,179,16,11,"{""sim_day"": 16.0, ""doy"": 179.0, ""topwt"": 45.27156352996826, ""grnwt"": 0.0, ""xlai"": 0.0920091271400451, ""totir"": 0.0, ""tofer"": NaN, ""swfac"": 0.0, ""nstres"": 0.0}",0.0,0.0,45.27156352996826,0.0,0.0920091271400451,0.0,,0.0,0.0,20.0,0.0,5.540139770507812,13.540139770507812,Leave_One_experiments/all_year_offline_schedule_search/daily_outputs/YCA/YCA_2014_YCA2014_stress_grid_S0006_daily.csv
YCA,YCA,Yucheng,2014,Leave_One_experiments\wth_generated_qc\YCA\YCA2014.WTH,normal_year;water_stress_year;nitrogen_stress_year,water_stress,YCA2014_stress_grid_S0006,irrigation_positive_candidate,2014-06-29,180,17,12,"{""sim_day"": 17.0, ""doy"": 180.0, ""topwt"": 59.153804779052734, ""grnwt"": 0.0, ""xlai"": 0.1225045248866081, ""totir"": 0.0, ""tofer"": NaN, ""swfac"": 0.0, ""nstres"": 0.0}",0.0,0.0,59.153804779052734,0.0,0.1225045248866081,0.0,,0.0,0.0,20.0,0.0,5.540139770507812,13.540139770507812,Leave_One_experiments/all_year_offline_schedule_search/daily_outputs/YCA/YCA_2014_YCA2014_stress_grid_S0006_daily.csv
YCA,YCA,Yucheng,2014,Leave_One_experiments\wth_generated_qc\YCA\YCA2014.WTH,normal_year;water_stress_year;nitrogen_stress_year,water_stress,YCA2014_stress_grid_S0006,irrigation_positive_candidate,2014-06-30,181,18,13,"{""sim_day"": 18.0, ""doy"": 181.0, ""topwt"": 79.16231632232666, ""grnwt"": 0.0, ""xlai"": 0.163295105099678, ""totir"": 0.0, ""tofer"": NaN, ""swfac"": 0.0, ""nstres"": 0.0}",0.0,0.0,79.16231632232666,0.0,0.163295105099678,0.0,,0.0,0.0,20.0,0.0,5.540139770507812,13.540139770507812,Leave_One_experiments/all_year_offline_schedule_search/daily_outputs/YCA/YCA_2014_YCA2014_stress_grid_S0006_daily.csv
YCA,YCA,Yucheng,2014,Leave_One_experiments\wth_generated_qc\YCA\YCA2014.WTH,normal_year;water_stress_year;nitrogen_stress_year,water_stress,YCA2014_stress_grid_S0006,irrigation_positive_candidate,2014-07-01,182,19,14,"{""sim_day"": 19.0, ""doy"": 182.0, ""topwt"": 101.60086631774902, ""grnwt"": 0.0, ""xlai"": 0.2060578763484954, ""totir"": 0.0, ""tofer"": NaN, ""swfac"": 0.0, ""nstres"": 0.0}",0.0,0.0,101.60086631774902,0.0,0.2060578763484954,0.0,,0.0,0.0,20.0,0.0,5.540139770507812,13.540139770507812,Leave_One_experiments/all_year_offline_schedule_search/daily_outputs/YCA/YCA_2014_YCA2014_stress_grid_S0006_daily.csv
YCA,YCA,Yucheng,2014,Leave_One_experiments\wth_generated_qc\YCA\YCA2014.WTH,normal_year;water_stress_year;nitrogen_stress_year,water_stress,YCA2014_stress_grid_S0006,irrigation_positive_candidate,2014-07-02,183,20,15,"{""sim_day"": 20.0, ""doy"": 183.0, ""topwt"": 129.16531562805176, ""grnwt"": 0.0, ""xlai"": 0.2555956542491913, ""totir"": 0.0, ""tofer"": NaN, ""swfac"": 0.0, ""nstres"": 0.0320024490356445}",0.0,0.0320024490356445,129.16531562805176,0.0,0.2555956542491913,0.0,,0.0,0.0,20.0,0.0,5.540139770507812,13.540139770507812,Leave_One_experiments/all_year_offline_schedule_search/daily_outputs/YCA/YCA_2014_YCA2014_stress_grid_S0006_daily.csv
YCA,YCA,Yucheng,2014,Leave_One_experiments\wth_generated_qc\YCA\YCA2014.WTH,normal_year;water_stress_year;nitrogen_stress_year,water_stress,YCA2014_stress_grid_S0006,irrigation_positive_candidate,2014-07-03,184,21,16,"{""sim_day"": 21.0, ""doy"": 184.0, ""topwt"": 160.7206153869629, ""grnwt"": 0.0, ""xlai"": 0.3073117733001709, ""totir"": 0.0, ""tofer"": NaN, ""swfac"": 0.0, ""nstres"": 0.0944449305534362}",0.0,0.0944449305534362,160.7206153869629,0.0,0.3073117733001709,0.0,,0.0,0.0,20.0,0.0,5.540139770507812,13.540139770507812,Leave_One_experiments/all_year_offline_schedule_search/daily_outputs/YCA/YCA_2014_YCA2014_stress_grid_S0006_daily.csv
YCA,YCA,Yucheng,2014,Leave_One_experiments\wth_generated_qc\YCA\YCA2014.WTH,normal_year;water_stress_year;nitrogen_stress_year,water_stress,YCA2014_stress_grid_S0006,irrigation_positive_candidate,2014-07-04,185,22,17,"{""sim_day"": 22.0, ""doy"": 185.0, ""topwt"": 201.08922958374023, ""grnwt"": 0.0, ""xlai"": 0.368292897939682, ""totir"": 0.0, ""tofer"": NaN, ""swfac"": 0.0, ""nstres"": 0.1398897767066955}",0.0,0.1398897767066955,201.08922958374023,0.0,0.368292897939682,0.0,,0.0,0.0,20.0,0.0,5.540139770507812,13.540139770507812,Leave_One_experiments/all_year_offline_schedule_search/daily_outputs/YCA/YCA_2014_YCA2014_stress_grid_S0006_daily.csv
YCA,YCA,Yucheng,2014,Leave_One_experiments\wth_generated_qc\YCA\YCA2014.WTH,normal_year;water_stress_year;nitrogen_stress_year,water_stress,YCA2014_stress_grid_S0006,irrigation_positive_candidate,2014-07-05,186,23,18,"{""sim_day"": 23.0, ""doy"": 186.0, ""topwt"": 214.0566062927246, ""grnwt"": 0.0, ""xlai"": 0.4075962901115417, ""totir"": 0.0, ""tofer"": NaN, ""swfac"": 0.0, ""nstres"": 0.1844323277473449}",0.0,0.1844323277473449,214.0566062927246,0.0,0.4075962901115417,0.0,,0.0,0.0,20.0,0.0,5.540139770507812,13.540139770507812,Leave_One_experiments/all_year_offline_schedule_search/daily_outputs/YCA/YCA_2014_YCA2014_stress_grid_S0006_daily.csv
YCA,YCA,Yucheng,2014,Leave_One_experiments\wth_generated_qc\YCA\YCA2014.WTH,normal_year;water_stress_year;nitrogen_stress_year,water_stress,YCA2014_stress_grid_S0006,irrigation_positive_candidate,2014-07-06,187,24,19,"{""sim_day"": 24.0, ""doy"": 187.0, ""topwt"": 239.7132873535156, ""grnwt"": 0.0, ""xlai"": 0.4383265078067779, ""totir"": 0.0, ""tofer"": NaN, ""swfac"": 0.0, ""nstres"": 0.2969712615013122}",0.0,0.2969712615013122,239.7132873535156,0.0,0.4383265078067779,0.0,,0.0,0.0,20.0,0.0,5.540139770507812,13.540139770507812,Leave_One_experiments/all_year_offline_schedule_search/daily_outputs/YCA/YCA_2014_YCA2014_stress_grid_S0006_daily.csv
YCA,YCA,Yucheng,2014,Leave_One_experiments\wth_generated_qc\YCA\YCA2014.WTH,normal_year;water_stress_year;nitrogen_stress_year,water_stress,YCA2014_stress_grid_S0006,irrigation_positive_candidate,2014-07-07,188,25,20,"{""sim_day"": 25.0, ""doy"": 188.0, ""topwt"": 271.2540626525879, ""grnwt"": 0.0, ""xlai"": 0.4766831994056701, ""totir"": 0.0, ""tofer"": NaN, ""swfac"": 0.0, ""nstres"": 0.2944358587265014}",0.0,0.2944358587265014,271.2540626525879,0.0,0.4766831994056701,0.0,,0.0,0.0,20.0,0.0,5.540139770507812,13.540139770507812,Leave_One_experiments/all_year_offline_schedule_search/daily_outputs/YCA/YCA_2014_YCA2014_stress_grid_S0006_daily.csv
YCA,YCA,Yucheng,2014,Leave_One_experiments\wth_generated_qc\YCA\YCA2014.WTH,normal_year;water_stress_year;nitrogen_stress_year,water_stress,YCA2014_stress_grid_S0006,irrigation_positive_candidate,2014-07-08,189,26,21,"{""sim_day"": 26.0, ""doy"": 189.0, ""topwt"": 304.9406623840332, ""grnwt"": 0.0, ""xlai"": 0.5156340003013611, ""totir"": 0.0, ""tofer"": NaN, ""swfac"": 0.0, ""nstres"": 0.3136873841285705}",0.0,0.3136873841285705,304.9406623840332,0.0,0.5156340003013611,0.0,,0.0,0.0,20.0,0.0,5.540139770507812,13.540139770507812,Leave_One_experiments/all_year_offline_schedule_search/daily_outputs/YCA/YCA_2014_YCA2014_stress_grid_S0006_daily.csv
YCA,YCA,Yucheng,2014,Leave_One_experiments\wth_generated_qc\YCA\YCA2014.WTH,normal_year;water_stress_year;nitrogen_stress_year,water_stress,YCA2014_stress_grid_S0006,irrigation_positive_candidate,2014-07-09,190,27,22,"{""sim_day"": 27.0, ""doy"": 190.0, ""topwt"": 317.03956604003906, ""grnwt"": 0.0, ""xlai"": 0.5190263390541077, ""totir"": 0.0, ""tofer"": NaN, ""swfac"": 0.0, ""nstres"": 0.3214543461799621}",0.0,0.3214543461799621,317.03956604003906,0.0,0.5190263390541077,0.0,,0.0,0.0,20.0,0.0,5.540139770507812,13.540139770507812,Leave_One_experiments/all_year_offline_schedule_search/daily_outputs/YCA/YCA_2014_YCA2014_stress_grid_S0006_daily.csv
YCA,YCA,Yucheng,2014,Leave_One_experiments\wth_generated_qc\YCA\YCA2014.WTH,normal_year;water_stress_year;nitrogen_stress_year,water_stress,YCA2014_stress_grid_S0006,irrigation_positive_candidate,2014-07-10,191,28,23,"{""sim_day"": 28.0, ""doy"": 191.0, ""topwt"": 354.6401596069336, ""grnwt"": 0.0, ""xlai"": 0.5605762004852295, ""totir"": 0.0, ""tofer"": NaN, ""swfac"": 0.0, ""nstres"": 0.332972764968872}",0.0,0.332972764968872,354.6401596069336,0.0,0.5605762004852295,0.0,,0.0,0.0,20.0,0.0,5.540139770507812,13.540139770507812,Leave_One_experiments/all_year_offline_schedule_search/daily_outputs/YCA/YCA_2014_YCA2014_stress_grid_S0006_daily.csv
YCA,YCA,Yucheng,2014,Leave_One_experiments\wth_generated_qc\YCA\YCA2014.WTH,normal_year;water_stress_year;nitrogen_stress_year,water_stress,YCA2014_stress_grid_S0006,irrigation_positive_candidate,2014-07-11,192,29,24,"{""sim_day"": 29.0, ""doy"": 192.0, ""topwt"": 397.63797760009766, ""grnwt"": 0.0, ""xlai"": 0.6014066934585571, ""totir"": 0.0, ""tofer"": NaN, ""swfac"": 0.0, ""nstres"": 0.3155314326286316}",0.0,0.3155314326286316,397.63797760009766,0.0,0.6014066934585571,0.0,,0.0,0.0,20.0,0.0,5.540139770507812,13.540139770507812,Leave_One_experiments/all_year_offline_schedule_search/daily_outputs/YCA/YCA_2014_YCA2014_stress_grid_S0006_daily.csv
YCA,YCA,Yucheng,2014,Leave_One_experiments\wth_generated_qc\YCA\YCA2014.WTH,normal_year;water_stress_year;nitrogen_stress_year,water_stress,YCA2014_stress_grid_S0006,irrigation_positive_candidate,2014-07-12,193,30,25,"{""sim_day"": 30.0, ""doy"": 193.0, ""topwt"": 446.4471435546875, ""grnwt"": 0.0, ""xlai"": 0.6522783637046814, ""totir"": 0.0, ""tofer"": NaN, ""swfac"": 0.0, ""nstres"": 0.3256207108497619}",0.0,0.3256207108497619,446.4471435546875,0.0,0.6522783637046814,0.0,,0.0,0.0,20.0,0.0,5.540139770507812,13.540139770507812,Leave_One_experiments/all_year_offline_schedule_search/daily_outputs/YCA/YCA_2014_YCA2014_stress_grid_S0006_daily.csv
YCA,YCA,Yucheng,2014,Leave_One_experiments\wth_generated_qc\YCA\YCA2014.WTH,normal_year;water_stress_year;nitrogen_stress_year,water_stress,YCA2014_stress_grid_S0006,irrigation_positive_candidate,2014-07-13,194,31,26,"{""sim_day"": 31.0, ""doy"": 194.0, ""topwt"": 499.9314880371094, ""grnwt"": 0.0, ""xlai"": 0.7042425274848938, ""totir"": 0.0, ""tofer"": NaN, ""swfac"": 0.0, ""nstres"": 0.3467897772789001}",0.0,0.3467897772789001,499.9314880371094,0.0,0.7042425274848938,0.0,,0.0,0.0,20.0,0.0,5.540139770507812,13.540139770507812,Leave_One_experiments/all_year_offline_schedule_search/daily_outputs/YCA/YCA_2014_YCA2014_stress_grid_S0006_daily.csv
YCA,YCA,Yucheng,2014,Leave_One_experiments\wth_generated_qc\YCA\YCA2014.WTH,normal_year;water_stress_year;nitrogen_stress_year,water_stress,YCA2014_stress_grid_S0006,irrigation_positive_candidate,2014-07-14,195,32,27,"{""sim_day"": 32.0, ""doy"": 195.0, ""topwt"": 548.5818099975586, ""grnwt"": 0.0, ""xlai"": 0.7448596954345703, ""totir"": 0.0, ""tofer"": NaN, ""swfac"": 0.0, ""nstres"": 0.3531081676483154}",0.0,0.3531081676483154,548.5818099975586,0.0,0.7448596954345703,0.0,,0.0,0.0,20.0,0.0,5.540139770507812,13.540139770507812,Leave_One_experiments/all_year_offline_schedule_search/daily_outputs/YCA/YCA_2014_YCA2014_stress_grid_S0006_daily.csv
YCA,YCA,Yucheng,2014,Leave_One_experiments\wth_generated_qc\YCA\YCA2014.WTH,normal_year;water_stress_year;nitrogen_stress_year,water_stress,YCA2014_stress_grid_S0006,irrigation_positive_candidate,2014-07-15,196,33,28,"{""sim_day"": 33.0, ""doy"": 196.0, ""topwt"": 604.6387100219727, ""grnwt"": 0.0, ""xlai"": 0.7896798253059387, ""totir"": 0.0, ""tofer"": NaN, ""swfac"": 0.0, ""nstres"": 0.3602413535118103}",0.0,0.3602413535118103,604.6387100219727,0.0,0.7896798253059387,0.0,,0.0,0.0,20.0,0.0,5.540139770507812,13.540139770507812,Leave_One_experiments/all_year_offline_schedule_search/daily_outputs/YCA/YCA_2014_YCA2014_stress_grid_S0006_daily.csv
YCA,YCA,Yucheng,2014,Leave_One_experiments\wth_generated_qc\YCA\YCA2014.WTH,normal_year;water_stress_year;nitrogen_stress_year,water_stress,YCA2014_stress_grid_S0006,irrigation_positive_candidate,2014-07-16,197,34,29,"{""sim_day"": 34.0, ""doy"": 197.0, ""topwt"": 663.2770538330078, ""grnwt"": 0.0, ""xlai"": 0.8308554291725159, ""totir"": 0.0, ""tofer"": NaN, ""swfac"": 0.0, ""nstres"": 0.388946533203125}",0.0,0.388946533203125,663.2770538330078,0.0,0.8308554291725159,0.0,,0.0,0.0,20.0,0.0,5.540139770507812,13.540139770507812,Leave_One_experiments/all_year_offline_schedule_search/daily_outputs/YCA/YCA_2014_YCA2014_stress_grid_S0006_daily.csv
YCA,YCA,Yucheng,2014,Leave_One_experiments\wth_generated_qc\YCA\YCA2014.WTH,normal_year;water_stress_year;nitrogen_stress_year,water_stress,YCA2014_stress_grid_S0006,irrigation_positive_candidate,2014-07-17,198,35,30,"{""sim_day"": 35.0, ""doy"": 198.0, ""topwt"": 723.4074401855469, ""grnwt"": 0.0, ""xlai"": 0.8665963411331177, ""totir"": 0.0, ""tofer"": NaN, ""swfac"": 0.0, ""nstres"": 0.4205790758132934}",0.0,0.4205790758132934,723.4074401855469,0.0,0.8665963411331177,0.0,,0.0,0.0,20.0,0.0,5.540139770507812,13.540139770507812,Leave_One_experiments/all_year_offline_schedule_search/daily_outputs/YCA/YCA_2014_YCA2014_stress_grid_S0006_daily.csv
YCA,YCA,Yucheng,2014,Leave_One_experiments\wth_generated_qc\YCA\YCA2014.WTH,normal_year;water_stress_year;nitrogen_stress_year,water_stress,YCA2014_stress_grid_S0006,irrigation_positive_candidate,2014-07-18,199,36,31,"{""sim_day"": 36.0, ""doy"": 199.0, ""topwt"": 785.6404113769531, ""grnwt"": 0.0, ""xlai"": 0.8975765109062195, ""totir"": 0.0, ""tofer"": NaN, ""swfac"": 0.0, ""nstres"": 0.4459074139595032}",0.0,0.4459074139595032,785.6404113769531,0.0,0.8975765109062195,0.0,,0.0,0.0,20.0,0.0,5.540139770507812,13.540139770507812,Leave_One_experiments/all_year_offline_schedule_search/daily_outputs/YCA/YCA_2014_YCA2014_stress_grid_S0006_daily.csv
YCA,YCA,Yucheng,2014,Leave_One_experiments\wth_generated_qc\YCA\YCA2014.WTH,normal_year;water_stress_year;nitrogen_stress_year,water_stress,YCA2014_stress_grid_S0006,irrigation_positive_candidate,2014-07-19,200,37,32,"{""sim_day"": 37.0, ""doy"": 200.0, ""topwt"": 847.7178192138672, ""grnwt"": 0.0, ""xlai"": 0.9218620657920836, ""totir"": 0.0, ""tofer"": NaN, ""swfac"": 0.0, ""nstres"": 0.4681383371353149}",0.0,0.4681383371353149,847.7178192138672,0.0,0.9218620657920836,0.0,,0.0,0.0,20.0,0.0,5.540139770507812,13.540139770507812,Leave_One_experiments/all_year_offline_schedule_search/daily_outputs/YCA/YCA_2014_YCA2014_stress_grid_S0006_daily.csv
YCA,YCA,Yucheng,2014,Leave_One_experiments\wth_generated_qc\YCA\YCA2014.WTH,normal_year;water_stress_year;nitrogen_stress_year,water_stress,YCA2014_stress_grid_S0006,irrigation_positive_candidate,2014-07-20,201,38,33,"{""sim_day"": 38.0, ""doy"": 201.0, ""topwt"": 918.4317016601562, ""grnwt"": 0.0, ""xlai"": 0.9470667839050292, ""totir"": 0.0, ""tofer"": NaN, ""swfac"": 0.0, ""nstres"": 0.4856297373771667}",0.0,0.4856297373771667,918.4317016601562,0.0,0.9470667839050292,0.0,,0.0,0.0,20.0,0.0,5.540139770507812,13.540139770507812,Leave_One_experiments/all_year_offline_schedule_search/daily_outputs/YCA/YCA_2014_YCA2014_stress_grid_S0006_daily.csv
YCA,YCA,Yucheng,2014,Leave_One_experiments\wth_generated_qc\YCA\YCA2014.WTH,normal_year;water_stress_year;nitrogen_stress_year,water_stress,YCA2014_stress_grid_S0006,irrigation_positive_candidate,2014-07-21,202,39,34,"{""sim_day"": 39.0, ""doy"": 202.0, ""topwt"": 955.6266021728516, ""grnwt"": 0.0, ""xlai"": 0.9405346512794496, ""totir"": 0.0, ""tofer"": NaN, ""swfac"": 0.0, ""nstres"": 0.5016410946846008}",0.0,0.5016410946846008,955.6266021728516,0.0,0.9405346512794496,0.0,,0.0,0.0,20.0,0.0,5.540139770507812,13.540139770507812,Leave_One_experiments/all_year_offline_schedule_search/daily_outputs/YCA/YCA_2014_YCA2014_stress_grid_S0006_daily.csv
YCA,YCA,Yucheng,2014,Leave_One_experiments\wth_generated_qc\YCA\YCA2014.WTH,normal_year;water_stress_year;nitrogen_stress_year,water_stress,YCA2014_stress_grid_S0006,irrigation_positive_candidate,2014-07-22,203,40,35,"{""sim_day"": 40.0, ""doy"": 203.0, ""topwt"": 992.5771331787108, ""grnwt"": 0.0, ""xlai"": 0.9315337538719176, ""totir"": 20.0, ""tofer"": NaN, ""swfac"": 0.0, ""nstres"": 0.5201695561408997}",0.0,0.5201695561408997,992.5771331787108,0.0,0.9315337538719176,20.0,,20.0,0.0,20.0,0.0,5.540139770507812,13.540139770507812,Leave_One_experiments/all_year_offline_schedule_search/daily_outputs/YCA/YCA_2014_YCA2014_stress_grid_S0006_daily.csv
YCA,YCA,Yucheng,2014,Leave_One_experiments\wth_generated_qc\YCA\YCA2014.WTH,normal_year;water_stress_year;nitrogen_stress_year,water_stress,YCA2014_stress_grid_S0006,irrigation_positive_candidate,2014-07-23,204,41,36,"{""sim_day"": 41.0, ""doy"": 204.0, ""topwt"": 1041.9568634033203, ""grnwt"": 0.0, ""xlai"": 0.9300799369812012, ""totir"": 20.0, ""tofer"": NaN, ""swfac"": 0.0, ""nstres"": 0.512119472026825}",0.0,0.512119472026825,1041.9568634033203,0.0,0.9300799369812012,20.0,,0.0,0.0,20.0,0.0,5.540139770507812,13.540139770507812,Leave_One_experiments/all_year_offline_schedule_search/daily_outputs/YCA/YCA_2014_YCA2014_stress_grid_S0006_daily.csv
YCA,YCA,Yucheng,2014,Leave_One_experiments\wth_generated_qc\YCA\YCA2014.WTH,normal_year;water_stress_year;nitrogen_stress_year,water_stress,YCA2014_stress_grid_S0006,irrigation_positive_candidate,2014-07-24,205,42,37,"{""sim_day"": 42.0, ""doy"": 205.0, ""topwt"": 1103.055419921875, ""grnwt"": 0.0, ""xlai"": 0.934273898601532, ""totir"": 20.0, ""tofer"": NaN, ""swfac"": 0.0, ""nstres"": 0.5080932974815369}",0.0,0.5080932974815369,1103.055419921875,0.0,0.934273898601532,20.0,,0.0,0.0,20.0,0.0,5.540139770507812,13.540139770507812,Leave_One_experiments/all_year_offline_schedule_search/daily_outputs/YCA/YCA_2014_YCA2014_stress_grid_S0006_daily.csv
YCA,YCA,Yucheng,2014,Leave_One_experiments\wth_generated_qc\YCA\YCA2014.WTH,normal_year;water_stress_year;nitrogen_stress_year,water_stress,YCA2014_stress_grid_S0006,irrigation_positive_candidate,2014-07-25,206,43,38,"{""sim_day"": 43.0, ""doy"": 206.0, ""topwt"": 1160.6414031982422, ""grnwt"": 0.0, ""xlai"": 0.9336176514625548, ""totir"": 20.0, ""tofer"": NaN, ""swfac"": 0.0, ""nstres"": 0.5144023299217224}",0.0,0.5144023299217224,1160.6414031982422,0.0,0.9336176514625548,20.0,,0.0,0.0,20.0,0.0,5.540139770507812,13.540139770507812,Leave_One_experiments/all_year_offline_schedule_search/daily_outputs/YCA/YCA_2014_YCA2014_stress_grid_S0006_daily.csv
YCA,YCA,Yucheng,2014,Leave_One_experiments\wth_generated_qc\YCA\YCA2014.WTH,normal_year;water_stress_year;nitrogen_stress_year,water_stress,YCA2014_stress_grid_S0006,irrigation_positive_candidate,2014-07-26,207,44,39,"{""sim_day"": 44.0, ""doy"": 207.0, ""topwt"": 1234.2147827148438, ""grnwt"": 0.0, ""xlai"": 0.9392293691635132, ""totir"": 20.0, ""tofer"": NaN, ""swfac"": 0.0, ""nstres"": 0.5238109827041626}",0.0,0.5238109827041626,1234.2147827148438,0.0,0.9392293691635132,20.0,,0.0,0.0,20.0,0.0,5.540139770507812,13.540139770507812,Leave_One_experiments/all_year_offline_schedule_search/daily_outputs/YCA/YCA_2014_YCA2014_stress_grid_S0006_daily.csv
YCA,YCA,Yucheng,2014,Leave_One_experiments\wth_generated_qc\YCA\YCA2014.WTH,normal_year;water_stress_year;nitrogen_stress_year,water_stress,YCA2014_stress_grid_S0006,irrigation_positive_candidate,2014-07-27,208,45,40,"{""sim_day"": 45.0, ""doy"": 208.0, ""topwt"": 1312.5491333007812, ""grnwt"": 0.0, ""xlai"": 0.9441269040107728, ""totir"": 20.0, ""tofer"": NaN, ""swfac"": 0.0, ""nstres"": 0.526393711566925}",0.0,0.526393711566925,1312.5491333007812,0.0,0.9441269040107728,20.0,,0.0,0.0,20.0,0.0,5.540139770507812,13.540139770507812,Leave_One_experiments/all_year_offline_schedule_search/daily_outputs/YCA/YCA_2014_YCA2014_stress_grid_S0006_daily.csv
YCA,YCA,Yucheng,2014,Leave_One_experiments\wth_generated_qc\YCA\YCA2014.WTH,normal_year;water_stress_year;nitrogen_stress_year,water_stress,YCA2014_stress_grid_S0006,irrigation_positive_candidate,2014-07-28,209,46,41,"{""sim_day"": 46.0, ""doy"": 209.0, ""topwt"": 1398.7272644042969, ""grnwt"": 0.0, ""xlai"": 0.9493969678878784, ""totir"": 20.0, ""tofer"": NaN, ""swfac"": 0.0, ""nstres"": 0.5337591171264648}",0.0,0.5337591171264648,1398.7272644042969,0.0,0.9493969678878784,20.0,,0.0,0.0,20.0,0.0,5.540139770507812,13.540139770507812,Leave_One_experiments/all_year_offline_schedule_search/daily_outputs/YCA/YCA_2014_YCA2014_stress_grid_S0006_daily.csv
YCA,YCA,Yucheng,2014,Leave_One_experiments\wth_generated_qc\YCA\YCA2014.WTH,normal_year;water_stress_year;nitrogen_stress_year,water_stress,YCA2014_stress_grid_S0006,irrigation_positive_candidate,2014-07-29,210,47,42,"{""sim_day"": 47.0, ""doy"": 210.0, ""topwt"": 1453.4329223632812, ""grnwt"": 0.0, ""xlai"": 0.9485793709754944, ""totir"": 20.0, ""tofer"": NaN, ""swfac"": 0.0, ""nstres"": 0.5410149693489075}",0.0,0.5410149693489075,1453.4329223632812,0.0,0.9485793709754944,20.0,,0.0,0.0,20.0,0.0,5.540139770507812,13.540139770507812,Leave_One_experiments/all_year_offline_schedule_search/daily_outputs/YCA/YCA_2014_YCA2014_stress_grid_S0006_daily.csv
YCA,YCA,Yucheng,2014,Leave_One_experiments\wth_generated_qc\YCA\YCA2014.WTH,normal_year;water_stress_year;nitrogen_stress_year,water_stress,YCA2014_stress_grid_S0006,irrigation_positive_candidate,2014-07-30,211,48,43,"{""sim_day"": 48.0, ""doy"": 211.0, ""topwt"": 1524.1529846191406, ""grnwt"": 0.0, ""xlai"": 0.943711280822754, ""totir"": 20.0, ""tofer"": NaN, ""swfac"": 0.0, ""nstres"": 0.5499562621116638}",0.0,0.5499562621116638,1524.1529846191406,0.0,0.943711280822754,20.0,,0.0,0.0,20.0,0.0,5.540139770507812,13.540139770507812,Leave_One_experiments/all_year_offline_schedule_search/daily_outputs/YCA/YCA_2014_YCA2014_stress_grid_S0006_daily.csv
YCA,YCA,Yucheng,2014,Leave_One_experiments\wth_generated_qc\YCA\YCA2014.WTH,normal_year;water_stress_year;nitrogen_stress_year,water_stress,YCA2014_stress_grid_S0006,irrigation_positive_candidate,2014-07-31,212,49,44,"{""sim_day"": 49.0, ""doy"": 212.0, ""topwt"": 1598.997039794922, ""grnwt"": 0.0, ""xlai"": 0.9353715777397156, ""totir"": 20.0, ""tofer"": NaN, ""swfac"": 0.0, ""nstres"": 0.5435293912887573}",0.0,0.5435293912887573,1598.997039794922,0.0,0.9353715777397156,20.0,,0.0,0.0,20.0,0.0,5.540139770507812,13.540139770507812,Leave_One_experiments/all_year_offline_schedule_search/daily_outputs/YCA/YCA_2014_YCA2014_stress_grid_S0006_daily.csv
YCA,YCA,Yucheng,2014,Leave_One_experiments\wth_generated_qc\YCA\YCA2014.WTH,normal_year;water_stress_year;nitrogen_stress_year,water_stress,YCA2014_stress_grid_S0006,irrigation_positive_candidate,2014-08-01,213,50,45,"{""sim_day"": 50.0, ""doy"": 213.0, ""topwt"": 1686.7239379882812, ""grnwt"": 0.0, ""xlai"": 0.9281477332115172, ""totir"": 20.0, ""tofer"": NaN, ""swfac"": 0.0, ""nstres"": 0.5416693091392517}",0.0,0.5416693091392517,1686.7239379882812,0.0,0.9281477332115172,20.0,,0.0,0.0,20.0,0.0,5.540139770507812,13.540139770507812,Leave_One_experiments/all_year_offline_schedule_search/daily_outputs/YCA/YCA_2014_YCA2014_stress_grid_S0006_daily.csv
YCA,YCA,Yucheng,2014,Leave_One_experiments\wth_generated_qc\YCA\YCA2014.WTH,normal_year;water_stress_year;nitrogen_stress_year,water_stress,YCA2014_stress_grid_S0006,irrigation_positive_candidate,2014-08-02,214,51,46,"{""sim_day"": 51.0, ""doy"": 214.0, ""topwt"": 1776.3352966308594, ""grnwt"": 0.0, ""xlai"": 0.9190011620521544, ""totir"": 20.0, ""tofer"": NaN, ""swfac"": 0.0, ""nstres"": 0.5402399301528931}",0.0,0.5402399301528931,1776.3352966308594,0.0,0.9190011620521544,20.0,,0.0,0.0,20.0,0.0,5.540139770507812,13.540139770507812,Leave_One_experiments/all_year_offline_schedule_search/daily_outputs/YCA/YCA_2014_YCA2014_stress_grid_S0006_daily.csv
YCA,YCA,Yucheng,2014,Leave_One_experiments\wth_generated_qc\YCA\YCA2014.WTH,normal_year;water_stress_year;nitrogen_stress_year,water_stress,YCA2014_stress_grid_S0006,irrigation_positive_candidate,2014-08-03,215,52,47,"{""sim_day"": 52.0, ""doy"": 215.0, ""topwt"": 1859.0110778808596, ""grnwt"": 0.0, ""xlai"": 0.9060430526733398, ""totir"": 20.0, ""tofer"": NaN, ""swfac"": 0.0, ""nstres"": 0.5404635071754456}",0.0,0.5404635071754456,1859.0110778808596,0.0,0.9060430526733398,20.0,,0.0,0.0,20.0,0.0,5.540139770507812,13.540139770507812,Leave_One_experiments/all_year_offline_schedule_search/daily_outputs/YCA/YCA_2014_YCA2014_stress_grid_S0006_daily.csv
YCA,YCA,Yucheng,2014,Leave_One_experiments\wth_generated_qc\YCA\YCA2014.WTH,normal_year;water_stress_year;nitrogen_stress_year,water_stress,YCA2014_stress_grid_S0006,irrigation_positive_candidate,2014-08-04,216,53,48,"{""sim_day"": 53.0, ""doy"": 216.0, ""topwt"": 1899.45068359375, ""grnwt"": 0.0, ""xlai"": 0.8809859156608582, ""totir"": 20.0, ""tofer"": NaN, ""swfac"": 0.0, ""nstres"": 0.5418038964271545}",0.0,0.5418038964271545,1899.45068359375,0.0,0.8809859156608582,20.0,,0.0,0.0,20.0,0.0,5.540139770507812,13.540139770507812,Leave_One_experiments/all_year_offline_schedule_search/daily_outputs/YCA/YCA_2014_YCA2014_stress_grid_S0006_daily.csv
YCA,YCA,Yucheng,2014,Leave_One_experiments\wth_generated_qc\YCA\YCA2014.WTH,normal_year;water_stress_year;nitrogen_stress_year,water_stress,YCA2014_stress_grid_S0006,irrigation_positive_candidate,2014-08-05,217,54,49,"{""sim_day"": 54.0, ""doy"": 217.0, ""topwt"": 1927.1292114257808, ""grnwt"": 0.0, ""xlai"": 0.8532468676567078, ""totir"": 20.0, ""tofer"": NaN, ""swfac"": 0.0, ""nstres"": 0.5392346382141113}",0.0,0.5392346382141113,1927.1292114257808,0.0,0.8532468676567078,20.0,,0.0,0.0,20.0,0.0,5.540139770507812,13.540139770507812,Leave_One_experiments/all_year_offline_schedule_search/daily_outputs/YCA/YCA_2014_YCA2014_stress_grid_S0006_daily.csv
YCA,YCA,Yucheng,2014,Leave_One_experiments\wth_generated_qc\YCA\YCA2014.WTH,normal_year;water_stress_year;nitrogen_stress_year,water_stress,YCA2014_stress_grid_S0006,irrigation_positive_candidate,2014-08-06,218,55,50,"{""sim_day"": 55.0, ""doy"": 218.0, ""topwt"": 2001.064910888672, ""grnwt"": 0.0, ""xlai"": 0.8376338481903076, ""totir"": 20.0, ""tofer"": NaN, ""swfac"": 0.0, ""nstres"": 0.5346961617469788}",0.0,0.5346961617469788,2001.064910888672,0.0,0.8376338481903076,20.0,,0.0,0.0,20.0,0.0,5.540139770507812,13.540139770507812,Leave_One_experiments/all_year_offline_schedule_search/daily_outputs/YCA/YCA_2014_YCA2014_stress_grid_S0006_daily.csv
YCA,YCA,Yucheng,2014,Leave_One_experiments\wth_generated_qc\YCA\YCA2014.WTH,normal_year;water_stress_year;nitrogen_stress_year,water_stress,YCA2014_stress_grid_S0006,irrigation_positive_candidate,2014-08-07,219,56,51,"{""sim_day"": 56.0, ""doy"": 219.0, ""topwt"": 2067.8521728515625, ""grnwt"": 0.0, ""xlai"": 0.821127712726593, ""totir"": 20.0, ""tofer"": NaN, ""swfac"": 0.0, ""nstres"": 0.528036892414093}",0.0,0.528036892414093,2067.8521728515625,0.0,0.821127712726593,20.0,,0.0,0.0,20.0,0.0,5.540139770507812,13.540139770507812,Leave_One_experiments/all_year_offline_schedule_search/daily_outputs/YCA/YCA_2014_YCA2014_stress_grid_S0006_daily.csv
YCA,YCA,Yucheng,2014,Leave_One_experiments\wth_generated_qc\YCA\YCA2014.WTH,normal_year;water_stress_year;nitrogen_stress_year,water_stress,YCA2014_stress_grid_S0006,irrigation_positive_candidate,2014-08-08,220,57,52,"{""sim_day"": 57.0, ""doy"": 220.0, ""topwt"": 2127.4415588378906, ""grnwt"": 0.0, ""xlai"": 0.8034949898719788, ""totir"": 20.0, ""tofer"": NaN, ""swfac"": 0.0, ""nstres"": 0.5285155177116394}",0.0,0.5285155177116394,2127.4415588378906,0.0,0.8034949898719788,20.0,,0.0,0.0,20.0,0.0,5.540139770507812,13.540139770507812,Leave_One_experiments/all_year_offline_schedule_search/daily_outputs/YCA/YCA_2014_YCA2014_stress_grid_S0006_daily.csv
YCA,YCA,Yucheng,2014,Leave_One_experiments\wth_generated_qc\YCA\YCA2014.WTH,normal_year;water_stress_year;nitrogen_stress_year,water_stress,YCA2014_stress_grid_S0006,irrigation_positive_candidate,2014-08-09,221,58,53,"{""sim_day"": 58.0, ""doy"": 221.0, ""topwt"": 2197.835693359375, ""grnwt"": 0.0, ""xlai"": 0.7891939282417297, ""totir"": 20.0, ""tofer"": NaN, ""swfac"": 0.0, ""nstres"": 0.5271167755126953}",0.0,0.5271167755126953,2197.835693359375,0.0,0.7891939282417297,20.0,,0.0,0.0,20.0,0.0,5.540139770507812,13.540139770507812,Leave_One_experiments/all_year_offline_schedule_search/daily_outputs/YCA/YCA_2014_YCA2014_stress_grid_S0006_daily.csv
YCA,YCA,Yucheng,2014,Leave_One_experiments\wth_generated_qc\YCA\YCA2014.WTH,normal_year;water_stress_year;nitrogen_stress_year,water_stress,YCA2014_stress_grid_S0006,irrigation_positive_candidate,2014-08-10,222,59,54,"{""sim_day"": 59.0, ""doy"": 222.0, ""topwt"": 2278.8258361816406, ""grnwt"": 0.0, ""xlai"": 0.7780601382255554, ""totir"": 20.0, ""tofer"": NaN, ""swfac"": 0.0, ""nstres"": 0.525108277797699}",0.0,0.525108277797699,2278.8258361816406,0.0,0.7780601382255554,20.0,,0.0,0.0,20.0,0.0,5.540139770507812,13.540139770507812,Leave_One_experiments/all_year_offline_schedule_search/daily_outputs/YCA/YCA_2014_YCA2014_stress_grid_S0006_daily.csv
YCA,YCA,Yucheng,2014,Leave_One_experiments\wth_generated_qc\YCA\YCA2014.WTH,normal_year;water_stress_year;nitrogen_stress_year,water_stress,YCA2014_stress_grid_S0006,irrigation_positive_candidate,2014-08-11,223,60,55,"{""sim_day"": 60.0, ""doy"": 223.0, ""topwt"": 2353.915405273437, ""grnwt"": 0.0, ""xlai"": 0.7482478618621826, ""totir"": 20.0, ""tofer"": NaN, ""swfac"": 0.0, ""nstres"": 0.5195872187614441}",0.0,0.5195872187614441,2353.915405273437,0.0,0.7482478618621826,20.0,,0.0,0.0,20.0,0.0,5.540139770507812,13.540139770507812,Leave_One_experiments/all_year_offline_schedule_search/daily_outputs/YCA/YCA_2014_YCA2014_stress_grid_S0006_daily.csv
YCA,YCA,Yucheng,2014,Leave_One_experiments\wth_generated_qc\YCA\YCA2014.WTH,normal_year;water_stress_year;nitrogen_stress_year,water_stress,YCA2014_stress_grid_S0006,irrigation_positive_candidate,2014-08-12,224,61,56,"{""sim_day"": 61.0, ""doy"": 224.0, ""topwt"": 2386.611785888672, ""grnwt"": 0.0, ""xlai"": 0.7197955250740051, ""totir"": 20.0, ""tofer"": NaN, ""swfac"": 0.0, ""nstres"": 0.512606143951416}",0.0,0.512606143951416,2386.611785888672,0.0,0.7197955250740051,20.0,,0.0,0.0,20.0,0.0,5.540139770507812,13.540139770507812,Leave_One_experiments/all_year_offline_schedule_search/daily_outputs/YCA/YCA_2014_YCA2014_stress_grid_S0006_daily.csv
YCA,YCA,Yucheng,2014,Leave_One_experiments\wth_generated_qc\YCA\YCA2014.WTH,normal_year;water_stress_year;nitrogen_stress_year,water_stress,YCA2014_stress_grid_S0006,irrigation_positive_candidate,2014-08-13,225,62,57,"{""sim_day"": 62.0, ""doy"": 225.0, ""topwt"": 2461.964263916016, ""grnwt"": 0.0, ""xlai"": 0.6924033761024475, ""totir"": 20.0, ""tofer"": NaN, ""swfac"": 0.0, ""nstres"": 0.5133306980133057}",0.0,0.5133306980133057,2461.964263916016,0.0,0.6924033761024475,20.0,,0.0,0.0,20.0,0.0,5.540139770507812,13.540139770507812,Leave_One_experiments/all_year_offline_schedule_search/daily_outputs/YCA/YCA_2014_YCA2014_stress_grid_S0006_daily.csv
YCA,YCA,Yucheng,2014,Leave_One_experiments\wth_generated_qc\YCA\YCA2014.WTH,normal_year;water_stress_year;nitrogen_stress_year,water_stress,YCA2014_stress_grid_S0006,irrigation_positive_candidate,2014-08-14,226,63,58,"{""sim_day"": 63.0, ""doy"": 226.0, ""topwt"": 2529.5005798339844, ""grnwt"": 0.0, ""xlai"": 0.6663413047790527, ""totir"": 20.0, ""tofer"": NaN, ""swfac"": 0.0, ""nstres"": 0.5033625364303589}",0.0,0.5033625364303589,2529.5005798339844,0.0,0.6663413047790527,20.0,,0.0,0.0,20.0,0.0,5.540139770507812,13.540139770507812,Leave_One_experiments/all_year_offline_schedule_search/daily_outputs/YCA/YCA_2014_YCA2014_stress_grid_S0006_daily.csv
YCA,YCA,Yucheng,2014,Leave_One_experiments\wth_generated_qc\YCA\YCA2014.WTH,normal_year;water_stress_year;nitrogen_stress_year,water_stress,YCA2014_stress_grid_S0006,irrigation_positive_candidate,2014-08-15,227,64,59,"{""sim_day"": 64.0, ""doy"": 227.0, ""topwt"": 2571.48193359375, ""grnwt"": 0.0, ""xlai"": 0.6413037180900574, ""totir"": 20.0, ""tofer"": NaN, ""swfac"": 0.0, ""nstres"": 0.5017927885055542}",0.0,0.5017927885055542,2571.48193359375,0.0,0.6413037180900574,20.0,,0.0,0.0,20.0,0.0,5.540139770507812,13.540139770507812,Leave_One_experiments/all_year_offline_schedule_search/daily_outputs/YCA/YCA_2014_YCA2014_stress_grid_S0006_daily.csv
YCA,YCA,Yucheng,2014,Leave_One_experiments\wth_generated_qc\YCA\YCA2014.WTH,normal_year;water_stress_year;nitrogen_stress_year,water_stress,YCA2014_stress_grid_S0006,irrigation_positive_candidate,2014-08-16,228,65,60,"{""sim_day"": 65.0, ""doy"": 228.0, ""topwt"": 2563.267822265625, ""grnwt"": 0.0, ""xlai"": 0.617262601852417, ""totir"": 20.0, ""tofer"": NaN, ""swfac"": 0.0, ""nstres"": 0.499706506729126}",0.0,0.499706506729126,2563.267822265625,0.0,0.617262601852417,20.0,,0.0,0.0,20.0,0.0,5.540139770507812,13.540139770507812,Leave_One_experiments/all_year_offline_schedule_search/daily_outputs/YCA/YCA_2014_YCA2014_stress_grid_S0006_daily.csv
YCA,YCA,Yucheng,2014,Leave_One_experiments\wth_generated_qc\YCA\YCA2014.WTH,normal_year;water_stress_year;nitrogen_stress_year,water_stress,YCA2014_stress_grid_S0006,irrigation_positive_candidate,2014-08-17,229,66,61,"{""sim_day"": 66.0, ""doy"": 229.0, ""topwt"": 2586.210327148437, ""grnwt"": 0.0, ""xlai"": 0.5943911671638489, ""totir"": 20.0, ""tofer"": NaN, ""swfac"": 0.0, ""nstres"": 0.4892722368240356}",0.0,0.4892722368240356,2586.210327148437,0.0,0.5943911671638489,20.0,,0.0,0.0,20.0,0.0,5.540139770507812,13.540139770507812,Leave_One_experiments/all_year_offline_schedule_search/daily_outputs/YCA/YCA_2014_YCA2014_stress_grid_S0006_daily.csv
YCA,YCA,Yucheng,2014,Leave_One_experiments\wth_generated_qc\YCA\YCA2014.WTH,normal_year;water_stress_year;nitrogen_stress_year,water_stress,YCA2014_stress_grid_S0006,irrigation_positive_candidate,2014-08-18,230,67,62,"{""sim_day"": 67.0, ""doy"": 230.0, ""topwt"": 2642.0846557617188, ""grnwt"": 0.0, ""xlai"": 0.5728507041931152, ""totir"": 20.0, ""tofer"": NaN, ""swfac"": 0.0, ""nstres"": 0.4697491526603699}",0.0,0.4697491526603699,2642.0846557617188,0.0,0.5728507041931152,20.0,,0.0,0.0,20.0,0.0,5.540139770507812,13.540139770507812,Leave_One_experiments/all_year_offline_schedule_search/daily_outputs/YCA/YCA_2014_YCA2014_stress_grid_S0006_daily.csv
YCA,YCA,Yucheng,2014,Leave_One_experiments\wth_generated_qc\YCA\YCA2014.WTH,normal_year;water_stress_year;nitrogen_stress_year,water_stress,YCA2014_stress_grid_S0006,irrigation_positive_candidate,2014-08-19,231,68,63,"{""sim_day"": 68.0, ""doy"": 231.0, ""topwt"": 2690.6039428710938, ""grnwt"": 0.0, ""xlai"": 0.5524017810821533, ""totir"": 20.0, ""tofer"": NaN, ""swfac"": 0.0, ""nstres"": 0.4567250609397888}",0.0,0.4567250609397888,2690.6039428710938,0.0,0.5524017810821533,20.0,,0.0,0.0,20.0,0.0,5.540139770507812,13.540139770507812,Leave_One_experiments/all_year_offline_schedule_search/daily_outputs/YCA/YCA_2014_YCA2014_stress_grid_S0006_daily.csv
YCA,YCA,Yucheng,2014,Leave_One_experiments\wth_generated_qc\YCA\YCA2014.WTH,normal_year;water_stress_year;nitrogen_stress_year,water_stress,YCA2014_stress_grid_S0006,irrigation_positive_candidate,2014-08-20,232,69,64,"{""sim_day"": 69.0, ""doy"": 232.0, ""topwt"": 2740.5679321289062, ""grnwt"": 0.0, ""xlai"": 0.5328431725502014, ""totir"": 20.0, ""tofer"": NaN, ""swfac"": 0.0, ""nstres"": 0.4497587084770202}",0.0,0.4497587084770202,2740.5679321289062,0.0,0.5328431725502014,20.0,,0.0,0.0,20.0,0.0,5.540139770507812,13.540139770507812,Leave_One_experiments/all_year_offline_schedule_search/daily_outputs/YCA/YCA_2014_YCA2014_stress_grid_S0006_daily.csv
YCA,YCA,Yucheng,2014,Leave_One_experiments\wth_generated_qc\YCA\YCA2014.WTH,normal_year;water_stress_year;nitrogen_stress_year,water_stress,YCA2014_stress_grid_S0006,irrigation_positive_candidate,2014-08-21,233,70,65,"{""sim_day"": 70.0, ""doy"": 233.0, ""topwt"": 2773.3322143554688, ""grnwt"": 0.0, ""xlai"": 0.5142226219177246, ""totir"": 20.0, ""tofer"": NaN, ""swfac"": 0.0, ""nstres"": 0.4386921525001526}",0.0,0.4386921525001526,2773.3322143554688,0.0,0.5142226219177246,20.0,,0.0,0.0,20.0,0.0,5.540139770507812,13.540139770507812,Leave_One_experiments/all_year_offline_schedule_search/daily_outputs/YCA/YCA_2014_YCA2014_stress_grid_S0006_daily.csv
YCA,YCA,Yucheng,2014,Leave_One_experiments\wth_generated_qc\YCA\YCA2014.WTH,normal_year;water_stress_year;nitrogen_stress_year,water_stress,YCA2014_stress_grid_S0006,irrigation_positive_candidate,2014-08-22,234,71,66,"{""sim_day"": 71.0, ""doy"": 234.0, ""topwt"": 2807.5466918945312, ""grnwt"": 87.28861808776855, ""xlai"": 0.4965122044086456, ""totir"": 20.0, ""tofer"": NaN, ""swfac"": 0.0, ""nstres"": 0.4265859723091125}",0.0,0.4265859723091125,2807.5466918945312,87.28861808776855,0.4965122044086456,20.0,,0.0,0.0,20.0,0.0,5.540139770507812,13.540139770507812,Leave_One_experiments/all_year_offline_schedule_search/daily_outputs/YCA/YCA_2014_YCA2014_stress_grid_S0006_daily.csv
YCA,YCA,Yucheng,2014,Leave_One_experiments\wth_generated_qc\YCA\YCA2014.WTH,normal_year;water_stress_year;nitrogen_stress_year,water_stress,YCA2014_stress_grid_S0006,irrigation_positive_candidate,2014-08-23,235,72,67,"{""sim_day"": 72.0, ""doy"": 235.0, ""topwt"": 2857.3171997070312, ""grnwt"": 131.90866470336914, ""xlai"": 0.4790178537368774, ""totir"": 20.0, ""tofer"": NaN, ""swfac"": 0.0, ""nstres"": 0.4456314444541931}",0.0,0.4456314444541931,2857.3171997070312,131.90866470336914,0.4790178537368774,20.0,,0.0,0.0,20.0,0.0,5.540139770507812,13.540139770507812,Leave_One_experiments/all_year_offline_schedule_search/daily_outputs/YCA/YCA_2014_YCA2014_stress_grid_S0006_daily.csv
YCA,YCA,Yucheng,2014,Leave_One_experiments\wth_generated_qc\YCA\YCA2014.WTH,normal_year;water_stress_year;nitrogen_stress_year,water_stress,YCA2014_stress_grid_S0006,irrigation_positive_candidate,2014-08-24,236,73,68,"{""sim_day"": 73.0, ""doy"": 236.0, ""topwt"": 2919.510803222656, ""grnwt"": 176.5287208557129, ""xlai"": 0.4626250267028808, ""totir"": 20.0, ""tofer"": NaN, ""swfac"": 0.0, ""nstres"": 0.4213222861289978}",0.0,0.4213222861289978,2919.510803222656,176.5287208557129,0.4626250267028808,20.0,,0.0,0.0,20.0,0.0,5.540139770507812,13.540139770507812,Leave_One_experiments/all_year_offline_schedule_search/daily_outputs/YCA/YCA_2014_YCA2014_stress_grid_S0006_daily.csv
YCA,YCA,Yucheng,2014,Leave_One_experiments\wth_generated_qc\YCA\YCA2014.WTH,normal_year;water_stress_year;nitrogen_stress_year,water_stress,YCA2014_stress_grid_S0006,irrigation_positive_candidate,2014-08-25,237,74,69,"{""sim_day"": 74.0, ""doy"": 237.0, ""topwt"": 2976.869201660156, ""grnwt"": 221.14877700805664, ""xlai"": 0.4468665421009063, ""totir"": 20.0, ""tofer"": NaN, ""swfac"": 0.0, ""nstres"": 0.4175172448158264}",0.0,0.4175172448158264,2976.869201660156,221.14877700805664,0.4468665421009063,20.0,,0.0,0.0,20.0,0.0,5.540139770507812,13.540139770507812,Leave_One_experiments/all_year_offline_schedule_search/daily_outputs/YCA/YCA_2014_YCA2014_stress_grid_S0006_daily.csv
YCA,YCA,Yucheng,2014,Leave_One_experiments\wth_generated_qc\YCA\YCA2014.WTH,normal_year;water_stress_year;nitrogen_stress_year,water_stress,YCA2014_stress_grid_S0006,irrigation_positive_candidate,2014-08-26,238,75,70,"{""sim_day"": 75.0, ""doy"": 238.0, ""topwt"": 3030.5758666992188, ""grnwt"": 265.76881408691406, ""xlai"": 0.4316527247428894, ""totir"": 20.0, ""tofer"": NaN, ""swfac"": 0.0, ""nstres"": 0.4170940518379211}",0.0,0.4170940518379211,3030.5758666992188,265.76881408691406,0.4316527247428894,20.0,,0.0,0.0,20.0,0.0,5.540139770507812,13.540139770507812,Leave_One_experiments/all_year_offline_schedule_search/daily_outputs/YCA/YCA_2014_YCA2014_stress_grid_S0006_daily.csv
YCA,YCA,Yucheng,2014,Leave_One_experiments\wth_generated_qc\YCA\YCA2014.WTH,normal_year;water_stress_year;nitrogen_stress_year,water_stress,YCA2014_stress_grid_S0006,irrigation_positive_candidate,2014-08-27,239,76,71,"{""sim_day"": 76.0, ""doy"": 239.0, ""topwt"": 3078.094482421875, ""grnwt"": 310.3888702392578, ""xlai"": 0.4169780313968658, ""totir"": 20.0, ""tofer"": NaN, ""swfac"": 0.0, ""nstres"": 0.4159156680107116}",0.0,0.4159156680107116,3078.094482421875,310.3888702392578,0.4169780313968658,20.0,,0.0,0.0,20.0,0.0,5.540139770507812,13.540139770507812,Leave_One_experiments/all_year_offline_schedule_search/daily_outputs/YCA/YCA_2014_YCA2014_stress_grid_S0006_daily.csv
YCA,YCA,Yucheng,2014,Leave_One_experiments\wth_generated_qc\YCA\YCA2014.WTH,normal_year;water_stress_year;nitrogen_stress_year,water_stress,YCA2014_stress_grid_S0006,irrigation_positive_candidate,2014-08-28,240,77,72,"{""sim_day"": 77.0, ""doy"": 240.0, ""topwt"": 3128.3413696289062, ""grnwt"": 355.0089263916016, ""xlai"": 0.402837336063385, ""totir"": 20.0, ""tofer"": NaN, ""swfac"": 0.0, ""nstres"": 0.4138966798782348}",0.0,0.4138966798782348,3128.3413696289062,355.0089263916016,0.402837336063385,20.0,,0.0,0.0,20.0,0.0,5.540139770507812,13.540139770507812,Leave_One_experiments/all_year_offline_schedule_search/daily_outputs/YCA/YCA_2014_YCA2014_stress_grid_S0006_daily.csv
YCA,YCA,Yucheng,2014,Leave_One_experiments\wth_generated_qc\YCA\YCA2014.WTH,normal_year;water_stress_year;nitrogen_stress_year,water_stress,YCA2014_stress_grid_S0006,irrigation_positive_candidate,2014-08-29,241,78,73,"{""sim_day"": 78.0, ""doy"": 241.0, ""topwt"": 3162.186584472656, ""grnwt"": 399.629020690918, ""xlai"": 0.3892449736595154, ""totir"": 20.0, ""tofer"": NaN, ""swfac"": 0.0, ""nstres"": 0.4097956418991089}",0.0,0.4097956418991089,3162.186584472656,399.629020690918,0.3892449736595154,20.0,,0.0,0.0,20.0,0.0,5.540139770507812,13.540139770507812,Leave_One_experiments/all_year_offline_schedule_search/daily_outputs/YCA/YCA_2014_YCA2014_stress_grid_S0006_daily.csv
YCA,YCA,Yucheng,2014,Leave_One_experiments\wth_generated_qc\YCA\YCA2014.WTH,normal_year;water_stress_year;nitrogen_stress_year,water_stress,YCA2014_stress_grid_S0006,irrigation_positive_candidate,2014-08-30,242,79,74,"{""sim_day"": 79.0, ""doy"": 242.0, ""topwt"": 3206.998291015625, ""grnwt"": 444.2490768432617, ""xlai"": 0.3761554956436157, ""totir"": 20.0, ""tofer"": NaN, ""swfac"": 0.0, ""nstres"": 0.4070661067962646}",0.0,0.4070661067962646,3206.998291015625,444.2490768432617,0.3761554956436157,20.0,,0.0,0.0,20.0,0.0,5.540139770507812,13.540139770507812,Leave_One_experiments/all_year_offline_schedule_search/daily_outputs/YCA/YCA_2014_YCA2014_stress_grid_S0006_daily.csv
YCA,YCA,Yucheng,2014,Leave_One_experiments\wth_generated_qc\YCA\YCA2014.WTH,normal_year;water_stress_year;nitrogen_stress_year,water_stress,YCA2014_stress_grid_S0006,irrigation_positive_candidate,2014-08-31,243,80,75,"{""sim_day"": 80.0, ""doy"": 243.0, ""topwt"": 3249.5343017578125, ""grnwt"": 488.8691329956055, ""xlai"": 0.3636401891708374, ""totir"": 20.0, ""tofer"": NaN, ""swfac"": 0.0, ""nstres"": 0.3985189199447632}",0.0,0.3985189199447632,3249.5343017578125,488.8691329956055,0.3636401891708374,20.0,,0.0,0.0,20.0,0.0,5.540139770507812,13.540139770507812,Leave_One_experiments/all_year_offline_schedule_search/daily_outputs/YCA/YCA_2014_YCA2014_stress_grid_S0006_daily.csv
YCA,YCA,Yucheng,2014,Leave_One_experiments\wth_generated_qc\YCA\YCA2014.WTH,normal_year;water_stress_year;nitrogen_stress_year,water_stress,YCA2014_stress_grid_S0006,irrigation_positive_candidate,2014-09-01,244,81,76,"{""sim_day"": 81.0, ""doy"": 244.0, ""topwt"": 3280.355224609375, ""grnwt"": 533.4891891479492, ""xlai"": 0.3515826165676117, ""totir"": 20.0, ""tofer"": NaN, ""swfac"": 0.0, ""nstres"": 0.3957940340042114}",0.0,0.3957940340042114,3280.355224609375,533.4891891479492,0.3515826165676117,20.0,,0.0,0.0,20.0,0.0,5.540139770507812,13.540139770507812,Leave_One_experiments/all_year_offline_schedule_search/daily_outputs/YCA/YCA_2014_YCA2014_stress_grid_S0006_daily.csv
YCA,YCA,Yucheng,2014,Leave_One_experiments\wth_generated_qc\YCA\YCA2014.WTH,normal_year;water_stress_year;nitrogen_stress_year,water_stress,YCA2014_stress_grid_S0006,irrigation_positive_candidate,2014-09-02,245,82,77,"{""sim_day"": 82.0, ""doy"": 245.0, ""topwt"": 3328.3377075195312, ""grnwt"": 578.1092834472656, ""xlai"": 0.3399550914764404, ""totir"": 20.0, ""tofer"": NaN, ""swfac"": 0.0, ""nstres"": 0.3937206864356994}",0.0,0.3937206864356994,3328.3377075195312,578.1092834472656,0.3399550914764404,20.0,,0.0,0.0,20.0,0.0,5.540139770507812,13.540139770507812,Leave_One_experiments/all_year_offline_schedule_search/daily_outputs/YCA/YCA_2014_YCA2014_stress_grid_S0006_daily.csv
YCA,YCA,Yucheng,2014,Leave_One_experiments\wth_generated_qc\YCA\YCA2014.WTH,normal_year;water_stress_year;nitrogen_stress_year,water_stress,YCA2014_stress_grid_S0006,irrigation_positive_candidate,2014-09-03,246,83,78,"{""sim_day"": 83.0, ""doy"": 246.0, ""topwt"": 3384.205017089844, ""grnwt"": 622.7293395996094, ""xlai"": 0.3287977576255798, ""totir"": 20.0, ""tofer"": NaN, ""swfac"": 0.0, ""nstres"": 0.3876821398735046}",0.0,0.3876821398735046,3384.205017089844,622.7293395996094,0.3287977576255798,20.0,,0.0,0.0,20.0,0.0,5.540139770507812,13.540139770507812,Leave_One_experiments/all_year_offline_schedule_search/daily_outputs/YCA/YCA_2014_YCA2014_stress_grid_S0006_daily.csv
YCA,YCA,Yucheng,2014,Leave_One_experiments\wth_generated_qc\YCA\YCA2014.WTH,normal_year;water_stress_year;nitrogen_stress_year,water_stress,YCA2014_stress_grid_S0006,irrigation_positive_candidate,2014-09-04,247,84,79,"{""sim_day"": 84.0, ""doy"": 247.0, ""topwt"": 3435.4800415039062, ""grnwt"": 667.3493957519531, ""xlai"": 0.3180047869682312, ""totir"": 20.0, ""tofer"": NaN, ""swfac"": 0.0, ""nstres"": 0.3878191709518432}",0.0,0.3878191709518432,3435.4800415039062,667.3493957519531,0.3180047869682312,20.0,,0.0,0.0,20.0,0.0,5.540139770507812,13.540139770507812,Leave_One_experiments/all_year_offline_schedule_search/daily_outputs/YCA/YCA_2014_YCA2014_stress_grid_S0006_daily.csv
YCA,YCA,Yucheng,2014,Leave_One_experiments\wth_generated_qc\YCA\YCA2014.WTH,normal_year;water_stress_year;nitrogen_stress_year,water_stress,YCA2014_stress_grid_S0006,irrigation_positive_candidate,2014-09-05,248,85,80,"{""sim_day"": 85.0, ""doy"": 248.0, ""topwt"": 3463.021545410156, ""grnwt"": 711.9694519042969, ""xlai"": 0.3075118064880371, ""totir"": 20.0, ""tofer"": NaN, ""swfac"": 0.0, ""nstres"": 0.3919102549552917}",0.0,0.3919102549552917,3463.021545410156,711.9694519042969,0.3075118064880371,20.0,,0.0,0.0,20.0,0.0,5.540139770507812,13.540139770507812,Leave_One_experiments/all_year_offline_schedule_search/daily_outputs/YCA/YCA_2014_YCA2014_stress_grid_S0006_daily.csv
YCA,YCA,Yucheng,2014,Leave_One_experiments\wth_generated_qc\YCA\YCA2014.WTH,normal_year;water_stress_year;nitrogen_stress_year,water_stress,YCA2014_stress_grid_S0006,irrigation_positive_candidate,2014-09-06,249,86,81,"{""sim_day"": 86.0, ""doy"": 249.0, ""topwt"": 3486.470031738281, ""grnwt"": 756.5895080566406, ""xlai"": 0.2973549664020538, ""totir"": 20.0, ""tofer"": NaN, ""swfac"": 0.0, ""nstres"": 0.3926968574523926}",0.0,0.3926968574523926,3486.470031738281,756.5895080566406,0.2973549664020538,20.0,,0.0,0.0,20.0,0.0,5.540139770507812,13.540139770507812,Leave_One_experiments/all_year_offline_schedule_search/daily_outputs/YCA/YCA_2014_YCA2014_stress_grid_S0006_daily.csv
YCA,YCA,Yucheng,2014,Leave_One_experiments\wth_generated_qc\YCA\YCA2014.WTH,normal_year;water_stress_year;nitrogen_stress_year,water_stress,YCA2014_stress_grid_S0006,irrigation_positive_candidate,2014-09-07,250,87,82,"{""sim_day"": 87.0, ""doy"": 250.0, ""topwt"": 3514.68017578125, ""grnwt"": 801.2096405029297, ""xlai"": 0.2876352667808532, ""totir"": 20.0, ""tofer"": NaN, ""swfac"": 0.0, ""nstres"": 0.3844877481460571}",0.0,0.3844877481460571,3514.68017578125,801.2096405029297,0.2876352667808532,20.0,,0.0,0.0,20.0,0.0,5.540139770507812,13.540139770507812,Leave_One_experiments/all_year_offline_schedule_search/daily_outputs/YCA/YCA_2014_YCA2014_stress_grid_S0006_daily.csv
YCA,YCA,Yucheng,2014,Leave_One_experiments\wth_generated_qc\YCA\YCA2014.WTH,normal_year;water_stress_year;nitrogen_stress_year,water_stress,YCA2014_stress_grid_S0006,irrigation_positive_candidate,2014-09-08,251,88,83,"{""sim_day"": 88.0, ""doy"": 251.0, ""topwt"": 3552.2381591796875, ""grnwt"": 845.8296966552734, ""xlai"": 0.2783649861812591, ""totir"": 20.0, ""tofer"": NaN, ""swfac"": 0.0, ""nstres"": 0.3734983205795288}",0.0,0.3734983205795288,3552.2381591796875,845.8296966552734,0.2783649861812591,20.0,,0.0,0.0,20.0,0.0,5.540139770507812,13.540139770507812,Leave_One_experiments/all_year_offline_schedule_search/daily_outputs/YCA/YCA_2014_YCA2014_stress_grid_S0006_daily.csv
YCA,YCA,Yucheng,2014,Leave_One_experiments\wth_generated_qc\YCA\YCA2014.WTH,normal_year;water_stress_year;nitrogen_stress_year,water_stress,YCA2014_stress_grid_S0006,irrigation_positive_candidate,2014-09-09,252,89,84,"{""sim_day"": 89.0, ""doy"": 252.0, ""topwt"": 3590.1168823242188, ""grnwt"": 890.4497528076172, ""xlai"": 0.2694860696792602, ""totir"": 20.0, ""tofer"": NaN, ""swfac"": 0.0, ""nstres"": 0.3655151724815368}",0.0,0.3655151724815368,3590.1168823242188,890.4497528076172,0.2694860696792602,20.0,,0.0,0.0,20.0,0.0,5.540139770507812,13.540139770507812,Leave_One_experiments/all_year_offline_schedule_search/daily_outputs/YCA/YCA_2014_YCA2014_stress_grid_S0006_daily.csv
YCA,YCA,Yucheng,2014,Leave_One_experiments\wth_generated_qc\YCA\YCA2014.WTH,normal_year;water_stress_year;nitrogen_stress_year,water_stress,YCA2014_stress_grid_S0006,irrigation_positive_candidate,2014-09-10,253,90,85,"{""sim_day"": 90.0, ""doy"": 253.0, ""topwt"": 3605.6442260742183, ""grnwt"": 935.0698089599608, ""xlai"": 0.2609038352966308, ""totir"": 20.0, ""tofer"": NaN, ""swfac"": 0.0, ""nstres"": 0.3643252849578857}",0.0,0.3643252849578857,3605.6442260742183,935.0698089599608,0.2609038352966308,20.0,,0.0,0.0,20.0,0.0,5.540139770507812,13.540139770507812,Leave_One_experiments/all_year_offline_schedule_search/daily_outputs/YCA/YCA_2014_YCA2014_stress_grid_S0006_daily.csv
YCA,YCA,Yucheng,2014,Leave_One_experiments\wth_generated_qc\YCA\YCA2014.WTH,normal_year;water_stress_year;nitrogen_stress_year,water_stress,YCA2014_stress_grid_S0006,irrigation_positive_candidate,2014-09-11,254,91,86,"{""sim_day"": 91.0, ""doy"": 254.0, ""topwt"": 3625.386657714844, ""grnwt"": 979.6898651123048, ""xlai"": 0.2525743842124939, ""totir"": 20.0, ""tofer"": NaN, ""swfac"": 0.0, ""nstres"": 0.3662137389183044}",0.0,0.3662137389183044,3625.386657714844,979.6898651123048,0.2525743842124939,20.0,,0.0,0.0,20.0,0.0,5.540139770507812,13.540139770507812,Leave_One_experiments/all_year_offline_schedule_search/daily_outputs/YCA/YCA_2014_YCA2014_stress_grid_S0006_daily.csv
YCA,YCA,Yucheng,2014,Leave_One_experiments\wth_generated_qc\YCA\YCA2014.WTH,normal_year;water_stress_year;nitrogen_stress_year,water_stress,YCA2014_stress_grid_S0006,irrigation_positive_candidate,2014-09-12,255,92,87,"{""sim_day"": 92.0, ""doy"": 255.0, ""topwt"": 3667.4826049804688, ""grnwt"": 1024.3099212646484, ""xlai"": 0.2446260154247284, ""totir"": 20.0, ""tofer"": NaN, ""swfac"": 0.0, ""nstres"": 0.3552683591842651}",0.0,0.3552683591842651,3667.4826049804688,1024.3099212646484,0.2446260154247284,20.0,,0.0,0.0,20.0,0.0,5.540139770507812,13.540139770507812,Leave_One_experiments/all_year_offline_schedule_search/daily_outputs/YCA/YCA_2014_YCA2014_stress_grid_S0006_daily.csv
YCA,YCA,Yucheng,2014,Leave_One_experiments\wth_generated_qc\YCA\YCA2014.WTH,normal_year;water_stress_year;nitrogen_stress_year,water_stress,YCA2014_stress_grid_S0006,irrigation_positive_candidate,2014-09-13,256,93,88,"{""sim_day"": 93.0, ""doy"": 256.0, ""topwt"": 3674.013671875, ""grnwt"": 1068.9299774169922, ""xlai"": 0.2370052486658096, ""totir"": 20.0, ""tofer"": NaN, ""swfac"": 0.0, ""nstres"": 0.3476661443710327}",0.0,0.3476661443710327,3674.013671875,1068.9299774169922,0.2370052486658096,20.0,,0.0,0.0,20.0,0.0,5.540139770507812,13.540139770507812,Leave_One_experiments/all_year_offline_schedule_search/daily_outputs/YCA/YCA_2014_YCA2014_stress_grid_S0006_daily.csv
YCA,YCA,Yucheng,2014,Leave_One_experiments\wth_generated_qc\YCA\YCA2014.WTH,normal_year;water_stress_year;nitrogen_stress_year,water_stress,YCA2014_stress_grid_S0006,irrigation_positive_candidate,2014-09-14,257,94,89,"{""sim_day"": 94.0, ""doy"": 257.0, ""topwt"": 3683.6264038085938, ""grnwt"": 1113.5501098632812, ""xlai"": 0.229545921087265, ""totir"": 20.0, ""tofer"": NaN, ""swfac"": 0.0, ""nstres"": 0.3553566932678222}",0.0,0.3553566932678222,3683.6264038085938,1113.5501098632812,0.229545921087265,20.0,,0.0,0.0,20.0,0.0,5.540139770507812,13.540139770507812,Leave_One_experiments/all_year_offline_schedule_search/daily_outputs/YCA/YCA_2014_YCA2014_stress_grid_S0006_daily.csv
YCA,YCA,Yucheng,2014,Leave_One_experiments\wth_generated_qc\YCA\YCA2014.WTH,normal_year;water_stress_year;nitrogen_stress_year,water_stress,YCA2014_stress_grid_S0006,irrigation_positive_candidate,2014-09-15,258,95,90,"{""sim_day"": 95.0, ""doy"": 258.0, ""topwt"": 3689.6051025390634, ""grnwt"": 1158.170166015625, ""xlai"": 0.2224203050136566, ""totir"": 20.0, ""tofer"": NaN, ""swfac"": 0.0, ""nstres"": 0.3450195789337158}",0.0,0.3450195789337158,3689.6051025390634,1158.170166015625,0.2224203050136566,20.0,,0.0,0.0,20.0,0.0,5.540139770507812,13.540139770507812,Leave_One_experiments/all_year_offline_schedule_search/daily_outputs/YCA/YCA_2014_YCA2014_stress_grid_S0006_daily.csv
YCA,YCA,Yucheng,2014,Leave_One_experiments\wth_generated_qc\YCA\YCA2014.WTH,normal_year;water_stress_year;nitrogen_stress_year,water_stress,YCA2014_stress_grid_S0006,irrigation_positive_candidate,2014-09-16,259,96,91,"{""sim_day"": 96.0, ""doy"": 259.0, ""topwt"": 3696.0476684570312, ""grnwt"": 1197.0533752441406, ""xlai"": 0.21554896235466, ""totir"": 20.0, ""tofer"": NaN, ""swfac"": 0.0, ""nstres"": 0.3414404988288879}",0.0,0.3414404988288879,3696.0476684570312,1197.0533752441406,0.21554896235466,20.0,,0.0,0.0,20.0,0.0,5.540139770507812,13.540139770507812,Leave_One_experiments/all_year_offline_schedule_search/daily_outputs/YCA/YCA_2014_YCA2014_stress_grid_S0006_daily.csv
YCA,YCA,Yucheng,2014,Leave_One_experiments\wth_generated_qc\YCA\YCA2014.WTH,normal_year;water_stress_year;nitrogen_stress_year,water_stress,YCA2014_stress_grid_S0006,irrigation_positive_candidate,2014-09-17,260,97,92,"{""sim_day"": 97.0, ""doy"": 260.0, ""topwt"": 3718.3663940429688, ""grnwt"": 1241.6734313964844, ""xlai"": 0.2090564370155334, ""totir"": 20.0, ""tofer"": NaN, ""swfac"": 0.0, ""nstres"": 0.3229069709777832}",0.0,0.3229069709777832,3718.3663940429688,1241.6734313964844,0.2090564370155334,20.0,,0.0,0.0,20.0,0.0,5.540139770507812,13.540139770507812,Leave_One_experiments/all_year_offline_schedule_search/daily_outputs/YCA/YCA_2014_YCA2014_stress_grid_S0006_daily.csv
YCA,YCA,Yucheng,2014,Leave_One_experiments\wth_generated_qc\YCA\YCA2014.WTH,normal_year;water_stress_year;nitrogen_stress_year,water_stress,YCA2014_stress_grid_S0006,irrigation_positive_candidate,2014-09-18,261,98,93,"{""sim_day"": 98.0, ""doy"": 261.0, ""topwt"": 3751.141662597656, ""grnwt"": 1286.293487548828, ""xlai"": 0.2027840316295623, ""totir"": 20.0, ""tofer"": NaN, ""swfac"": 0.0, ""nstres"": 0.3200822472572326}",0.0,0.3200822472572326,3751.141662597656,1286.293487548828,0.2027840316295623,20.0,,0.0,0.0,20.0,0.0,5.540139770507812,13.540139770507812,Leave_One_experiments/all_year_offline_schedule_search/daily_outputs/YCA/YCA_2014_YCA2014_stress_grid_S0006_daily.csv
YCA,YCA,Yucheng,2014,Leave_One_experiments\wth_generated_qc\YCA\YCA2014.WTH,normal_year;water_stress_year;nitrogen_stress_year,water_stress,YCA2014_stress_grid_S0006,irrigation_positive_candidate,2014-09-19,262,99,94,"{""sim_day"": 99.0, ""doy"": 262.0, ""topwt"": 3785.005187988281, ""grnwt"": 1330.913543701172, ""xlai"": 0.1966838538646698, ""totir"": 20.0, ""tofer"": NaN, ""swfac"": 0.0, ""nstres"": 0.3219680786132812}",0.0,0.3219680786132812,3785.005187988281,1330.913543701172,0.1966838538646698,20.0,,0.0,0.0,20.0,0.0,5.540139770507812,13.540139770507812,Leave_One_experiments/all_year_offline_schedule_search/daily_outputs/YCA/YCA_2014_YCA2014_stress_grid_S0006_daily.csv
YCA,YCA,Yucheng,2014,Leave_One_experiments\wth_generated_qc\YCA\YCA2014.WTH,normal_year;water_stress_year;nitrogen_stress_year,water_stress,YCA2014_stress_grid_S0006,irrigation_positive_candidate,2014-09-20,263,100,95,"{""sim_day"": 100.0, ""doy"": 263.0, ""topwt"": 3816.426086425781, ""grnwt"": 1375.5335998535156, ""xlai"": 0.190700352191925, ""totir"": 20.0, ""tofer"": NaN, ""swfac"": 0.0, ""nstres"": 0.3301208615303039}",0.0,0.3301208615303039,3816.426086425781,1375.5335998535156,0.190700352191925,20.0,,0.0,0.0,20.0,0.0,5.540139770507812,13.540139770507812,Leave_One_experiments/all_year_offline_schedule_search/daily_outputs/YCA/YCA_2014_YCA2014_stress_grid_S0006_daily.csv
YCA,YCA,Yucheng,2014,Leave_One_experiments\wth_generated_qc\YCA\YCA2014.WTH,normal_year;water_stress_year;nitrogen_stress_year,water_stress,YCA2014_stress_grid_S0006,irrigation_positive_candidate,2014-09-21,264,101,96,"{""sim_day"": 101.0, ""doy"": 264.0, ""topwt"": 3846.322937011719, ""grnwt"": 1420.1536560058594, ""xlai"": 0.1848504245281219, ""totir"": 20.0, ""tofer"": NaN, ""swfac"": 0.0, ""nstres"": 0.3362258672714233}",0.0,0.3362258672714233,3846.322937011719,1420.1536560058594,0.1848504245281219,20.0,,0.0,0.0,20.0,0.0,5.540139770507812,13.540139770507812,Leave_One_experiments/all_year_offline_schedule_search/daily_outputs/YCA/YCA_2014_YCA2014_stress_grid_S0006_daily.csv
YCA,YCA,Yucheng,2014,Leave_One_experiments\wth_generated_qc\YCA\YCA2014.WTH,normal_year;water_stress_year;nitrogen_stress_year,water_stress,YCA2014_stress_grid_S0006,irrigation_positive_candidate,2014-09-22,265,102,97,"{""sim_day"": 102.0, ""doy"": 265.0, ""topwt"": 3862.9122924804688, ""grnwt"": 1464.7737121582031, ""xlai"": 0.1791864484548568, ""totir"": 20.0, ""tofer"": NaN, ""swfac"": 0.0, ""nstres"": 0.3353837728500366}",0.0,0.3353837728500366,3862.9122924804688,1464.7737121582031,0.1791864484548568,20.0,,0.0,0.0,20.0,0.0,5.540139770507812,13.540139770507812,Leave_One_experiments/all_year_offline_schedule_search/daily_outputs/YCA/YCA_2014_YCA2014_stress_grid_S0006_daily.csv
YCA,YCA,Yucheng,2014,Leave_One_experiments\wth_generated_qc\YCA\YCA2014.WTH,normal_year;water_stress_year;nitrogen_stress_year,water_stress,YCA2014_stress_grid_S0006,irrigation_positive_candidate,2014-09-23,266,103,98,"{""sim_day"": 103.0, ""doy"": 266.0, ""topwt"": 3878.961181640625, ""grnwt"": 1509.3939208984375, ""xlai"": 0.1737280786037445, ""totir"": 20.0, ""tofer"": NaN, ""swfac"": 0.0, ""nstres"": 0.3310786485671997}",0.0,0.3310786485671997,3878.961181640625,1509.3939208984375,0.1737280786037445,20.0,,0.0,0.0,20.0,0.0,5.540139770507812,13.540139770507812,Leave_One_experiments/all_year_offline_schedule_search/daily_outputs/YCA/YCA_2014_YCA2014_stress_grid_S0006_daily.csv
YCA,YCA,Yucheng,2014,Leave_One_experiments\wth_generated_qc\YCA\YCA2014.WTH,normal_year;water_stress_year;nitrogen_stress_year,water_stress,YCA2014_stress_grid_S0006,irrigation_positive_candidate,2014-09-24,267,104,99,"{""sim_day"": 104.0, ""doy"": 267.0, ""topwt"": 3903.9801025390634, ""grnwt"": 1554.0139770507812, ""xlai"": 0.168534442782402, ""totir"": 20.0, ""tofer"": NaN, ""swfac"": 0.0, ""nstres"": 0.3174742460250854}",0.0,0.3174742460250854,3903.9801025390634,1554.0139770507812,0.168534442782402,20.0,,0.0,0.0,20.0,0.0,5.540139770507812,13.540139770507812,Leave_One_experiments/all_year_offline_schedule_search/daily_outputs/YCA/YCA_2014_YCA2014_stress_grid_S0006_daily.csv
YCA,YCA,Yucheng,2014,Leave_One_experiments\wth_generated_qc\YCA\YCA2014.WTH,normal_year;water_stress_year;nitrogen_stress_year,water_stress,YCA2014_stress_grid_S0006,irrigation_positive_candidate,2014-09-25,268,105,100,"{""sim_day"": 105.0, ""doy"": 268.0, ""topwt"": 3903.9801025390634, ""grnwt"": 1554.0139770507812, ""xlai"": 0.168534442782402, ""totir"": 20.0, ""tofer"": NaN, ""swfac"": 0.0, ""nstres"": 0.3031941652297973}",0.0,0.3031941652297973,3903.9801025390634,1554.0139770507812,0.168534442782402,20.0,,0.0,0.0,20.0,0.0,5.540139770507812,13.540139770507812,Leave_One_experiments/all_year_offline_schedule_search/daily_outputs/YCA/YCA_2014_YCA2014_stress_grid_S0006_daily.csv
YCA,YCA,Yucheng,2014,Leave_One_experiments\wth_generated_qc\YCA\YCA2014.WTH,normal_year;water_stress_year;nitrogen_stress_year,water_stress,YCA2014_stress_grid_S0006,irrigation_positive_candidate,2014-09-26,269,106,101,"{""sim_day"": 106.0, ""doy"": 269.0, ""topwt"": 3903.9801025390634, ""grnwt"": 1554.0139770507812, ""xlai"": 0.168534442782402, ""totir"": 20.0, ""tofer"": NaN, ""swfac"": 0.0, ""nstres"": 0.3031941652297973}",0.0,0.3031941652297973,3903.9801025390634,1554.0139770507812,0.168534442782402,20.0,,0.0,0.0,20.0,0.0,5.540139770507812,13.540139770507812,Leave_One_experiments/all_year_offline_schedule_search/daily_outputs/YCA/YCA_2014_YCA2014_stress_grid_S0006_daily.csv
YCA,YCA,Yucheng,2014,Leave_One_experiments\wth_generated_qc\YCA\YCA2014.WTH,normal_year;water_stress_year;nitrogen_stress_year,water_stress,YCA2014_stress_grid_S0006,irrigation_positive_candidate,2014-09-27,270,107,102,"{""sim_day"": 107.0, ""doy"": 270.0, ""topwt"": 3903.9801025390634, ""grnwt"": 1554.0139770507812, ""xlai"": 0.168534442782402, ""totir"": 20.0, ""tofer"": NaN, ""swfac"": 0.0, ""nstres"": 0.3031941652297973}",0.0,0.3031941652297973,3903.9801025390634,1554.0139770507812,0.168534442782402,20.0,,0.0,0.0,20.0,0.0,5.540139770507812,13.540139770507812,Leave_One_experiments/all_year_offline_schedule_search/daily_outputs/YCA/YCA_2014_YCA2014_stress_grid_S0006_daily.csv
YCA,YCA,Yucheng,2014,Leave_One_experiments\wth_generated_qc\YCA\YCA2014.WTH,normal_year;water_stress_year;nitrogen_stress_year,water_stress,YCA2014_stress_grid_S0007,pareto_balanced,2014-06-18,169,1,1,"{""sim_day"": 1.0, ""doy"": 169.0, ""topwt"": 0.0, ""grnwt"": 0.0, ""xlai"": 0.0, ""totir"": 0.0, ""tofer"": NaN, ""swfac"": 0.0, ""nstres"": 0.0}",0.0,0.0,0.0,0.0,0.0,0.0,,0.0,0.0,40.0,0.0,-3.825201416015624,12.174798583984376,Leave_One_experiments/all_year_offline_schedule_search/daily_outputs/YCA/YCA_2014_YCA2014_stress_grid_S0007_daily.csv
YCA,YCA,Yucheng,2014,Leave_One_experiments\wth_generated_qc\YCA\YCA2014.WTH,normal_year;water_stress_year;nitrogen_stress_year,water_stress,YCA2014_stress_grid_S0007,pareto_balanced,2014-06-19,170,2,2,"{""sim_day"": 2.0, ""doy"": 170.0, ""topwt"": 0.0, ""grnwt"": 0.0, ""xlai"": 0.0, ""totir"": 0.0, ""tofer"": NaN, ""swfac"": 0.0, ""nstres"": 0.0}",0.0,0.0,0.0,0.0,0.0,0.0,,0.0,0.0,40.0,0.0,-3.825201416015624,12.174798583984376,Leave_One_experiments/all_year_offline_schedule_search/daily_outputs/YCA/YCA_2014_YCA2014_stress_grid_S0007_daily.csv
YCA,YCA,Yucheng,2014,Leave_One_experiments\wth_generated_qc\YCA\YCA2014.WTH,normal_year;water_stress_year;nitrogen_stress_year,water_stress,YCA2014_stress_grid_S0007,pareto_balanced,2014-06-20,171,3,3,"{""sim_day"": 3.0, ""doy"": 171.0, ""topwt"": 0.0, ""grnwt"": 0.0, ""xlai"": 0.0, ""totir"": 0.0, ""tofer"": NaN, ""swfac"": 0.0, ""nstres"": 0.0}",0.0,0.0,0.0,0.0,0.0,0.0,,0.0,0.0,40.0,0.0,-3.825201416015624,12.174798583984376,Leave_One_experiments/all_year_offline_schedule_search/daily_outputs/YCA/YCA_2014_YCA2014_stress_grid_S0007_daily.csv
YCA,YCA,Yucheng,2014,Leave_One_experiments\wth_generated_qc\YCA\YCA2014.WTH,normal_year;water_stress_year;nitrogen_stress_year,water_stress,YCA2014_stress_grid_S0007,pareto_balanced,2014-06-21,172,4,4,"{""sim_day"": 4.0, ""doy"": 172.0, ""topwt"": 0.0, ""grnwt"": 0.0, ""xlai"": 0.0, ""totir"": 0.0, ""tofer"": NaN, ""swfac"": 0.0, ""nstres"": 0.0}",0.0,0.0,0.0,0.0,0.0,0.0,,0.0,0.0,40.0,0.0,-3.825201416015624,12.174798583984376,Leave_One_experiments/all_year_offline_schedule_search/daily_outputs/YCA/YCA_2014_YCA2014_stress_grid_S0007_daily.csv
YCA,YCA,Yucheng,2014,Leave_One_experiments\wth_generated_qc\YCA\YCA2014.WTH,normal_year;water_stress_year;nitrogen_stress_year,water_stress,YCA2014_stress_grid_S0007,pareto_balanced,2014-06-22,173,5,5,"{""sim_day"": 5.0, ""doy"": 173.0, ""topwt"": 0.0, ""grnwt"": 0.0, ""xlai"": 0.0, ""totir"": 0.0, ""tofer"": NaN, ""swfac"": 0.0, ""nstres"": 0.0}",0.0,0.0,0.0,0.0,0.0,0.0,,0.0,0.0,40.0,0.0,-3.825201416015624,12.174798583984376,Leave_One_experiments/all_year_offline_schedule_search/daily_outputs/YCA/YCA_2014_YCA2014_stress_grid_S0007_daily.csv
YCA,YCA,Yucheng,2014,Leave_One_experiments\wth_generated_qc\YCA\YCA2014.WTH,normal_year;water_stress_year;nitrogen_stress_year,water_stress,YCA2014_stress_grid_S0007,pareto_balanced,2014-06-18,169,6,1,"{""sim_day"": 6.0, ""doy"": 169.0, ""topwt"": 0.0, ""grnwt"": 0.0, ""xlai"": 0.0, ""totir"": 0.0, ""tofer"": NaN, ""swfac"": 0.0, ""nstres"": 0.0}",0.0,0.0,0.0,0.0,0.0,0.0,,0.0,0.0,40.0,0.0,-3.825201416015624,12.174798583984376,Leave_One_experiments/all_year_offline_schedule_search/daily_outputs/YCA/YCA_2014_YCA2014_stress_grid_S0007_daily.csv
YCA,YCA,Yucheng,2014,Leave_One_experiments\wth_generated_qc\YCA\YCA2014.WTH,normal_year;water_stress_year;nitrogen_stress_year,water_stress,YCA2014_stress_grid_S0007,pareto_balanced,2014-06-19,170,7,2,"{""sim_day"": 7.0, ""doy"": 170.0, ""topwt"": 0.0, ""grnwt"": 0.0, ""xlai"": 0.0, ""totir"": 0.0, ""tofer"": NaN, ""swfac"": 0.0, ""nstres"": 0.0}",0.0,0.0,0.0,0.0,0.0,0.0,,0.0,0.0,40.0,0.0,-3.825201416015624,12.174798583984376,Leave_One_experiments/all_year_offline_schedule_search/daily_outputs/YCA/YCA_2014_YCA2014_stress_grid_S0007_daily.csv
YCA,YCA,Yucheng,2014,Leave_One_experiments\wth_generated_qc\YCA\YCA2014.WTH,normal_year;water_stress_year;nitrogen_stress_year,water_stress,YCA2014_stress_grid_S0007,pareto_balanced,2014-06-20,171,8,3,"{""sim_day"": 8.0, ""doy"": 171.0, ""topwt"": 0.0, ""grnwt"": 0.0, ""xlai"": 0.0, ""totir"": 0.0, ""tofer"": NaN, ""swfac"": 0.0, ""nstres"": 0.0}",0.0,0.0,0.0,0.0,0.0,0.0,,0.0,0.0,40.0,0.0,-3.825201416015624,12.174798583984376,Leave_One_experiments/all_year_offline_schedule_search/daily_outputs/YCA/YCA_2014_YCA2014_stress_grid_S0007_daily.csv
YCA,YCA,Yucheng,2014,Leave_One_experiments\wth_generated_qc\YCA\YCA2014.WTH,normal_year;water_stress_year;nitrogen_stress_year,water_stress,YCA2014_stress_grid_S0007,pareto_balanced,2014-06-21,172,9,4,"{""sim_day"": 9.0, ""doy"": 172.0, ""topwt"": 0.0, ""grnwt"": 0.0, ""xlai"": 0.0, ""totir"": 0.0, ""tofer"": NaN, ""swfac"": 0.0, ""nstres"": 0.0}",0.0,0.0,0.0,0.0,0.0,0.0,,0.0,0.0,40.0,0.0,-3.825201416015624,12.174798583984376,Leave_One_experiments/all_year_offline_schedule_search/daily_outputs/YCA/YCA_2014_YCA2014_stress_grid_S0007_daily.csv
YCA,YCA,Yucheng,2014,Leave_One_experiments\wth_generated_qc\YCA\YCA2014.WTH,normal_year;water_stress_year;nitrogen_stress_year,water_stress,YCA2014_stress_grid_S0007,pareto_balanced,2014-06-22,173,10,5,"{""sim_day"": 10.0, ""doy"": 173.0, ""topwt"": 0.0, ""grnwt"": 0.0, ""xlai"": 0.0, ""totir"": 0.0, ""tofer"": NaN, ""swfac"": 0.0, ""nstres"": 0.0}",0.0,0.0,0.0,0.0,0.0,0.0,,0.0,0.0,40.0,0.0,-3.825201416015624,12.174798583984376,Leave_One_experiments/all_year_offline_schedule_search/daily_outputs/YCA/YCA_2014_YCA2014_stress_grid_S0007_daily.csv
YCA,YCA,Yucheng,2014,Leave_One_experiments\wth_generated_qc\YCA\YCA2014.WTH,normal_year;water_stress_year;nitrogen_stress_year,water_stress,YCA2014_stress_grid_S0007,pareto_balanced,2014-06-23,174,11,6,"{""sim_day"": 11.0, ""doy"": 174.0, ""topwt"": 26.400001049041748, ""grnwt"": 0.0, ""xlai"": 0.0048709167167544, ""totir"": 0.0, ""tofer"": NaN, ""swfac"": 0.0, ""nstres"": 0.0121910572052001}",0.0,0.0121910572052001,26.400001049041748,0.0,0.0048709167167544,0.0,,0.0,0.0,40.0,0.0,-3.825201416015624,12.174798583984376,Leave_One_experiments/all_year_offline_schedule_search/daily_outputs/YCA/YCA_2014_YCA2014_stress_grid_S0007_daily.csv
YCA,YCA,Yucheng,2014,Leave_One_experiments\wth_generated_qc\YCA\YCA2014.WTH,normal_year;water_stress_year;nitrogen_stress_year,water_stress,YCA2014_stress_grid_S0007,pareto_balanced,2014-06-24,175,12,7,"{""sim_day"": 12.0, ""doy"": 175.0, ""topwt"": 26.400001049041748, ""grnwt"": 0.0, ""xlai"": 0.0092580942437052, ""totir"": 0.0, ""tofer"": NaN, ""swfac"": 0.0, ""nstres"": 0.0116716027259826}",0.0,0.0116716027259826,26.400001049041748,0.0,0.0092580942437052,0.0,,0.0,0.0,40.0,0.0,-3.825201416015624,12.174798583984376,Leave_One_experiments/all_year_offline_schedule_search/daily_outputs/YCA/YCA_2014_YCA2014_stress_grid_S0007_daily.csv
YCA,YCA,Yucheng,2014,Leave_One_experiments\wth_generated_qc\YCA\YCA2014.WTH,normal_year;water_stress_year;nitrogen_stress_year,water_stress,YCA2014_stress_grid_S0007,pareto_balanced,2014-06-25,176,13,8,"{""sim_day"": 13.0, ""doy"": 176.0, ""topwt"": 26.400001049041748, ""grnwt"": 0.0, ""xlai"": 0.0150158461183309, ""totir"": 0.0, ""tofer"": NaN, ""swfac"": 0.0, ""nstres"": 0.004654049873352}",0.0,0.004654049873352,26.400001049041748,0.0,0.0150158461183309,0.0,,0.0,0.0,40.0,0.0,-3.825201416015624,12.174798583984376,Leave_One_experiments/all_year_offline_schedule_search/daily_outputs/YCA/YCA_2014_YCA2014_stress_grid_S0007_daily.csv
YCA,YCA,Yucheng,2014,Leave_One_experiments\wth_generated_qc\YCA\YCA2014.WTH,normal_year;water_stress_year;nitrogen_stress_year,water_stress,YCA2014_stress_grid_S0007,pareto_balanced,2014-06-26,177,14,9,"{""sim_day"": 14.0, ""doy"": 177.0, ""topwt"": 26.400001049041748, ""grnwt"": 0.0, ""xlai"": 0.0367106311023235, ""totir"": 0.0, ""tofer"": NaN, ""swfac"": 0.0, ""nstres"": 0.0}",0.0,0.0,26.400001049041748,0.0,0.0367106311023235,0.0,,0.0,0.0,40.0,0.0,-3.825201416015624,12.174798583984376,Leave_One_experiments/all_year_offline_schedule_search/daily_outputs/YCA/YCA_2014_YCA2014_stress_grid_S0007_daily.csv
YCA,YCA,Yucheng,2014,Leave_One_experiments\wth_generated_qc\YCA\YCA2014.WTH,normal_year;water_stress_year;nitrogen_stress_year,water_stress,YCA2014_stress_grid_S0007,pareto_balanced,2014-06-27,178,15,10,"{""sim_day"": 15.0, ""doy"": 178.0, ""topwt"": 33.08252811431885, ""grnwt"": 0.0, ""xlai"": 0.0628632083535194, ""totir"": 0.0, ""tofer"": NaN, ""swfac"": 0.0, ""nstres"": 0.0}",0.0,0.0,33.08252811431885,0.0,0.0628632083535194,0.0,,0.0,0.0,40.0,0.0,-3.825201416015624,12.174798583984376,Leave_One_experiments/all_year_offline_schedule_search/daily_outputs/YCA/YCA_2014_YCA2014_stress_grid_S0007_daily.csv
YCA,YCA,Yucheng,2014,Leave_One_experiments\wth_generated_qc\YCA\YCA2014.WTH,normal_year;water_stress_year;nitrogen_stress_year,water_stress,YCA2014_stress_grid_S0007,pareto_balanced,2014-06-28,179,16,11,"{""sim_day"": 16.0, ""doy"": 179.0, ""topwt"": 45.27156352996826, ""grnwt"": 0.0, ""xlai"": 0.0920091271400451, ""totir"": 0.0, ""tofer"": NaN, ""swfac"": 0.0, ""nstres"": 0.0}",0.0,0.0,45.27156352996826,0.0,0.0920091271400451,0.0,,0.0,0.0,40.0,0.0,-3.825201416015624,12.174798583984376,Leave_One_experiments/all_year_offline_schedule_search/daily_outputs/YCA/YCA_2014_YCA2014_stress_grid_S0007_daily.csv
YCA,YCA,Yucheng,2014,Leave_One_experiments\wth_generated_qc\YCA\YCA2014.WTH,normal_year;water_stress_year;nitrogen_stress_year,water_stress,YCA2014_stress_grid_S0007,pareto_balanced,2014-06-29,180,17,12,"{""sim_day"": 17.0, ""doy"": 180.0, ""topwt"": 59.153804779052734, ""grnwt"": 0.0, ""xlai"": 0.1225045248866081, ""totir"": 0.0, ""tofer"": NaN, ""swfac"": 0.0, ""nstres"": 0.0}",0.0,0.0,59.153804779052734,0.0,0.1225045248866081,0.0,,0.0,0.0,40.0,0.0,-3.825201416015624,12.174798583984376,Leave_One_experiments/all_year_offline_schedule_search/daily_outputs/YCA/YCA_2014_YCA2014_stress_grid_S0007_daily.csv
YCA,YCA,Yucheng,2014,Leave_One_experiments\wth_generated_qc\YCA\YCA2014.WTH,normal_year;water_stress_year;nitrogen_stress_year,water_stress,YCA2014_stress_grid_S0007,pareto_balanced,2014-06-30,181,18,13,"{""sim_day"": 18.0, ""doy"": 181.0, ""topwt"": 79.16231632232666, ""grnwt"": 0.0, ""xlai"": 0.163295105099678, ""totir"": 0.0, ""tofer"": NaN, ""swfac"": 0.0, ""nstres"": 0.0}",0.0,0.0,79.16231632232666,0.0,0.163295105099678,0.0,,0.0,0.0,40.0,0.0,-3.825201416015624,12.174798583984376,Leave_One_experiments/all_year_offline_schedule_search/daily_outputs/YCA/YCA_2014_YCA2014_stress_grid_S0007_daily.csv
YCA,YCA,Yucheng,2014,Leave_One_experiments\wth_generated_qc\YCA\YCA2014.WTH,normal_year;water_stress_year;nitrogen_stress_year,water_stress,YCA2014_stress_grid_S0007,pareto_balanced,2014-07-01,182,19,14,"{""sim_day"": 19.0, ""doy"": 182.0, ""topwt"": 101.60086631774902, ""grnwt"": 0.0, ""xlai"": 0.2060578763484954, ""totir"": 0.0, ""tofer"": NaN, ""swfac"": 0.0, ""nstres"": 0.0}",0.0,0.0,101.60086631774902,0.0,0.2060578763484954,0.0,,0.0,0.0,40.0,0.0,-3.825201416015624,12.174798583984376,Leave_One_experiments/all_year_offline_schedule_search/daily_outputs/YCA/YCA_2014_YCA2014_stress_grid_S0007_daily.csv
YCA,YCA,Yucheng,2014,Leave_One_experiments\wth_generated_qc\YCA\YCA2014.WTH,normal_year;water_stress_year;nitrogen_stress_year,water_stress,YCA2014_stress_grid_S0007,pareto_balanced,2014-07-02,183,20,15,"{""sim_day"": 20.0, ""doy"": 183.0, ""topwt"": 129.16531562805176, ""grnwt"": 0.0, ""xlai"": 0.2555956542491913, ""totir"": 0.0, ""tofer"": NaN, ""swfac"": 0.0, ""nstres"": 0.0320024490356445}",0.0,0.0320024490356445,129.16531562805176,0.0,0.2555956542491913,0.0,,0.0,0.0,40.0,0.0,-3.825201416015624,12.174798583984376,Leave_One_experiments/all_year_offline_schedule_search/daily_outputs/YCA/YCA_2014_YCA2014_stress_grid_S0007_daily.csv
YCA,YCA,Yucheng,2014,Leave_One_experiments\wth_generated_qc\YCA\YCA2014.WTH,normal_year;water_stress_year;nitrogen_stress_year,water_stress,YCA2014_stress_grid_S0007,pareto_balanced,2014-07-03,184,21,16,"{""sim_day"": 21.0, ""doy"": 184.0, ""topwt"": 160.7206153869629, ""grnwt"": 0.0, ""xlai"": 0.3073117733001709, ""totir"": 0.0, ""tofer"": NaN, ""swfac"": 0.0, ""nstres"": 0.0944449305534362}",0.0,0.0944449305534362,160.7206153869629,0.0,0.3073117733001709,0.0,,0.0,0.0,40.0,0.0,-3.825201416015624,12.174798583984376,Leave_One_experiments/all_year_offline_schedule_search/daily_outputs/YCA/YCA_2014_YCA2014_stress_grid_S0007_daily.csv
YCA,YCA,Yucheng,2014,Leave_One_experiments\wth_generated_qc\YCA\YCA2014.WTH,normal_year;water_stress_year;nitrogen_stress_year,water_stress,YCA2014_stress_grid_S0007,pareto_balanced,2014-07-04,185,22,17,"{""sim_day"": 22.0, ""doy"": 185.0, ""topwt"": 201.08922958374023, ""grnwt"": 0.0, ""xlai"": 0.368292897939682, ""totir"": 0.0, ""tofer"": NaN, ""swfac"": 0.0, ""nstres"": 0.1398897767066955}",0.0,0.1398897767066955,201.08922958374023,0.0,0.368292897939682,0.0,,0.0,0.0,40.0,0.0,-3.825201416015624,12.174798583984376,Leave_One_experiments/all_year_offline_schedule_search/daily_outputs/YCA/YCA_2014_YCA2014_stress_grid_S0007_daily.csv
YCA,YCA,Yucheng,2014,Leave_One_experiments\wth_generated_qc\YCA\YCA2014.WTH,normal_year;water_stress_year;nitrogen_stress_year,water_stress,YCA2014_stress_grid_S0007,pareto_balanced,2014-07-05,186,23,18,"{""sim_day"": 23.0, ""doy"": 186.0, ""topwt"": 214.0566062927246, ""grnwt"": 0.0, ""xlai"": 0.4075962901115417, ""totir"": 0.0, ""tofer"": NaN, ""swfac"": 0.0, ""nstres"": 0.1844323277473449}",0.0,0.1844323277473449,214.0566062927246,0.0,0.4075962901115417,0.0,,0.0,0.0,40.0,0.0,-3.825201416015624,12.174798583984376,Leave_One_experiments/all_year_offline_schedule_search/daily_outputs/YCA/YCA_2014_YCA2014_stress_grid_S0007_daily.csv
YCA,YCA,Yucheng,2014,Leave_One_experiments\wth_generated_qc\YCA\YCA2014.WTH,normal_year;water_stress_year;nitrogen_stress_year,water_stress,YCA2014_stress_grid_S0007,pareto_balanced,2014-07-06,187,24,19,"{""sim_day"": 24.0, ""doy"": 187.0, ""topwt"": 239.7132873535156, ""grnwt"": 0.0, ""xlai"": 0.4383265078067779, ""totir"": 0.0, ""tofer"": NaN, ""swfac"": 0.0, ""nstres"": 0.2969712615013122}",0.0,0.2969712615013122,239.7132873535156,0.0,0.4383265078067779,0.0,,0.0,0.0,40.0,0.0,-3.825201416015624,12.174798583984376,Leave_One_experiments/all_year_offline_schedule_search/daily_outputs/YCA/YCA_2014_YCA2014_stress_grid_S0007_daily.csv
YCA,YCA,Yucheng,2014,Leave_One_experiments\wth_generated_qc\YCA\YCA2014.WTH,normal_year;water_stress_year;nitrogen_stress_year,water_stress,YCA2014_stress_grid_S0007,pareto_balanced,2014-07-07,188,25,20,"{""sim_day"": 25.0, ""doy"": 188.0, ""topwt"": 271.2540626525879, ""grnwt"": 0.0, ""xlai"": 0.4766831994056701, ""totir"": 0.0, ""tofer"": NaN, ""swfac"": 0.0, ""nstres"": 0.2944358587265014}",0.0,0.2944358587265014,271.2540626525879,0.0,0.4766831994056701,0.0,,0.0,0.0,40.0,0.0,-3.825201416015624,12.174798583984376,Leave_One_experiments/all_year_offline_schedule_search/daily_outputs/YCA/YCA_2014_YCA2014_stress_grid_S0007_daily.csv
YCA,YCA,Yucheng,2014,Leave_One_experiments\wth_generated_qc\YCA\YCA2014.WTH,normal_year;water_stress_year;nitrogen_stress_year,water_stress,YCA2014_stress_grid_S0007,pareto_balanced,2014-07-08,189,26,21,"{""sim_day"": 26.0, ""doy"": 189.0, ""topwt"": 304.9406623840332, ""grnwt"": 0.0, ""xlai"": 0.5156340003013611, ""totir"": 0.0, ""tofer"": NaN, ""swfac"": 0.0, ""nstres"": 0.3136873841285705}",0.0,0.3136873841285705,304.9406623840332,0.0,0.5156340003013611,0.0,,0.0,0.0,40.0,0.0,-3.825201416015624,12.174798583984376,Leave_One_experiments/all_year_offline_schedule_search/daily_outputs/YCA/YCA_2014_YCA2014_stress_grid_S0007_daily.csv
YCA,YCA,Yucheng,2014,Leave_One_experiments\wth_generated_qc\YCA\YCA2014.WTH,normal_year;water_stress_year;nitrogen_stress_year,water_stress,YCA2014_stress_grid_S0007,pareto_balanced,2014-07-09,190,27,22,"{""sim_day"": 27.0, ""doy"": 190.0, ""topwt"": 317.03956604003906, ""grnwt"": 0.0, ""xlai"": 0.5190263390541077, ""totir"": 0.0, ""tofer"": NaN, ""swfac"": 0.0, ""nstres"": 0.3214543461799621}",0.0,0.3214543461799621,317.03956604003906,0.0,0.5190263390541077,0.0,,0.0,0.0,40.0,0.0,-3.825201416015624,12.174798583984376,Leave_One_experiments/all_year_offline_schedule_search/daily_outputs/YCA/YCA_2014_YCA2014_stress_grid_S0007_daily.csv
YCA,YCA,Yucheng,2014,Leave_One_experiments\wth_generated_qc\YCA\YCA2014.WTH,normal_year;water_stress_year;nitrogen_stress_year,water_stress,YCA2014_stress_grid_S0007,pareto_balanced,2014-07-10,191,28,23,"{""sim_day"": 28.0, ""doy"": 191.0, ""topwt"": 354.6401596069336, ""grnwt"": 0.0, ""xlai"": 0.5605762004852295, ""totir"": 0.0, ""tofer"": NaN, ""swfac"": 0.0, ""nstres"": 0.332972764968872}",0.0,0.332972764968872,354.6401596069336,0.0,0.5605762004852295,0.0,,0.0,0.0,40.0,0.0,-3.825201416015624,12.174798583984376,Leave_One_experiments/all_year_offline_schedule_search/daily_outputs/YCA/YCA_2014_YCA2014_stress_grid_S0007_daily.csv
YCA,YCA,Yucheng,2014,Leave_One_experiments\wth_generated_qc\YCA\YCA2014.WTH,normal_year;water_stress_year;nitrogen_stress_year,water_stress,YCA2014_stress_grid_S0007,pareto_balanced,2014-07-11,192,29,24,"{""sim_day"": 29.0, ""doy"": 192.0, ""topwt"": 397.63797760009766, ""grnwt"": 0.0, ""xlai"": 0.6014066934585571, ""totir"": 0.0, ""tofer"": NaN, ""swfac"": 0.0, ""nstres"": 0.3155314326286316}",0.0,0.3155314326286316,397.63797760009766,0.0,0.6014066934585571,0.0,,0.0,0.0,40.0,0.0,-3.825201416015624,12.174798583984376,Leave_One_experiments/all_year_offline_schedule_search/daily_outputs/YCA/YCA_2014_YCA2014_stress_grid_S0007_daily.csv
YCA,YCA,Yucheng,2014,Leave_One_experiments\wth_generated_qc\YCA\YCA2014.WTH,normal_year;water_stress_year;nitrogen_stress_year,water_stress,YCA2014_stress_grid_S0007,pareto_balanced,2014-07-12,193,30,25,"{""sim_day"": 30.0, ""doy"": 193.0, ""topwt"": 446.4471435546875, ""grnwt"": 0.0, ""xlai"": 0.6522783637046814, ""totir"": 0.0, ""tofer"": NaN, ""swfac"": 0.0, ""nstres"": 0.3256207108497619}",0.0,0.3256207108497619,446.4471435546875,0.0,0.6522783637046814,0.0,,0.0,0.0,40.0,0.0,-3.825201416015624,12.174798583984376,Leave_One_experiments/all_year_offline_schedule_search/daily_outputs/YCA/YCA_2014_YCA2014_stress_grid_S0007_daily.csv
YCA,YCA,Yucheng,2014,Leave_One_experiments\wth_generated_qc\YCA\YCA2014.WTH,normal_year;water_stress_year;nitrogen_stress_year,water_stress,YCA2014_stress_grid_S0007,pareto_balanced,2014-07-13,194,31,26,"{""sim_day"": 31.0, ""doy"": 194.0, ""topwt"": 499.9314880371094, ""grnwt"": 0.0, ""xlai"": 0.7042425274848938, ""totir"": 0.0, ""tofer"": NaN, ""swfac"": 0.0, ""nstres"": 0.3467897772789001}",0.0,0.3467897772789001,499.9314880371094,0.0,0.7042425274848938,0.0,,0.0,0.0,40.0,0.0,-3.825201416015624,12.174798583984376,Leave_One_experiments/all_year_offline_schedule_search/daily_outputs/YCA/YCA_2014_YCA2014_stress_grid_S0007_daily.csv
YCA,YCA,Yucheng,2014,Leave_One_experiments\wth_generated_qc\YCA\YCA2014.WTH,normal_year;water_stress_year;nitrogen_stress_year,water_stress,YCA2014_stress_grid_S0007,pareto_balanced,2014-07-14,195,32,27,"{""sim_day"": 32.0, ""doy"": 195.0, ""topwt"": 548.5818099975586, ""grnwt"": 0.0, ""xlai"": 0.7448596954345703, ""totir"": 0.0, ""tofer"": NaN, ""swfac"": 0.0, ""nstres"": 0.3531081676483154}",0.0,0.3531081676483154,548.5818099975586,0.0,0.7448596954345703,0.0,,0.0,0.0,40.0,0.0,-3.825201416015624,12.174798583984376,Leave_One_experiments/all_year_offline_schedule_search/daily_outputs/YCA/YCA_2014_YCA2014_stress_grid_S0007_daily.csv
YCA,YCA,Yucheng,2014,Leave_One_experiments\wth_generated_qc\YCA\YCA2014.WTH,normal_year;water_stress_year;nitrogen_stress_year,water_stress,YCA2014_stress_grid_S0007,pareto_balanced,2014-07-15,196,33,28,"{""sim_day"": 33.0, ""doy"": 196.0, ""topwt"": 604.6387100219727, ""grnwt"": 0.0, ""xlai"": 0.7896798253059387, ""totir"": 0.0, ""tofer"": NaN, ""swfac"": 0.0, ""nstres"": 0.3602413535118103}",0.0,0.3602413535118103,604.6387100219727,0.0,0.7896798253059387,0.0,,0.0,0.0,40.0,0.0,-3.825201416015624,12.174798583984376,Leave_One_experiments/all_year_offline_schedule_search/daily_outputs/YCA/YCA_2014_YCA2014_stress_grid_S0007_daily.csv
YCA,YCA,Yucheng,2014,Leave_One_experiments\wth_generated_qc\YCA\YCA2014.WTH,normal_year;water_stress_year;nitrogen_stress_year,water_stress,YCA2014_stress_grid_S0007,pareto_balanced,2014-07-16,197,34,29,"{""sim_day"": 34.0, ""doy"": 197.0, ""topwt"": 663.2770538330078, ""grnwt"": 0.0, ""xlai"": 0.8308554291725159, ""totir"": 0.0, ""tofer"": NaN, ""swfac"": 0.0, ""nstres"": 0.388946533203125}",0.0,0.388946533203125,663.2770538330078,0.0,0.8308554291725159,0.0,,0.0,0.0,40.0,0.0,-3.825201416015624,12.174798583984376,Leave_One_experiments/all_year_offline_schedule_search/daily_outputs/YCA/YCA_2014_YCA2014_stress_grid_S0007_daily.csv
YCA,YCA,Yucheng,2014,Leave_One_experiments\wth_generated_qc\YCA\YCA2014.WTH,normal_year;water_stress_year;nitrogen_stress_year,water_stress,YCA2014_stress_grid_S0007,pareto_balanced,2014-07-17,198,35,30,"{""sim_day"": 35.0, ""doy"": 198.0, ""topwt"": 723.4074401855469, ""grnwt"": 0.0, ""xlai"": 0.8665963411331177, ""totir"": 0.0, ""tofer"": NaN, ""swfac"": 0.0, ""nstres"": 0.4205790758132934}",0.0,0.4205790758132934,723.4074401855469,0.0,0.8665963411331177,0.0,,0.0,0.0,40.0,0.0,-3.825201416015624,12.174798583984376,Leave_One_experiments/all_year_offline_schedule_search/daily_outputs/YCA/YCA_2014_YCA2014_stress_grid_S0007_daily.csv
YCA,YCA,Yucheng,2014,Leave_One_experiments\wth_generated_qc\YCA\YCA2014.WTH,normal_year;water_stress_year;nitrogen_stress_year,water_stress,YCA2014_stress_grid_S0007,pareto_balanced,2014-07-18,199,36,31,"{""sim_day"": 36.0, ""doy"": 199.0, ""topwt"": 785.6404113769531, ""grnwt"": 0.0, ""xlai"": 0.8975765109062195, ""totir"": 0.0, ""tofer"": NaN, ""swfac"": 0.0, ""nstres"": 0.4459074139595032}",0.0,0.4459074139595032,785.6404113769531,0.0,0.8975765109062195,0.0,,0.0,0.0,40.0,0.0,-3.825201416015624,12.174798583984376,Leave_One_experiments/all_year_offline_schedule_search/daily_outputs/YCA/YCA_2014_YCA2014_stress_grid_S0007_daily.csv
YCA,YCA,Yucheng,2014,Leave_One_experiments\wth_generated_qc\YCA\YCA2014.WTH,normal_year;water_stress_year;nitrogen_stress_year,water_stress,YCA2014_stress_grid_S0007,pareto_balanced,2014-07-19,200,37,32,"{""sim_day"": 37.0, ""doy"": 200.0, ""topwt"": 847.7178192138672, ""grnwt"": 0.0, ""xlai"": 0.9218620657920836, ""totir"": 0.0, ""tofer"": NaN, ""swfac"": 0.0, ""nstres"": 0.4681383371353149}",0.0,0.4681383371353149,847.7178192138672,0.0,0.9218620657920836,0.0,,0.0,0.0,40.0,0.0,-3.825201416015624,12.174798583984376,Leave_One_experiments/all_year_offline_schedule_search/daily_outputs/YCA/YCA_2014_YCA2014_stress_grid_S0007_daily.csv
YCA,YCA,Yucheng,2014,Leave_One_experiments\wth_generated_qc\YCA\YCA2014.WTH,normal_year;water_stress_year;nitrogen_stress_year,water_stress,YCA2014_stress_grid_S0007,pareto_balanced,2014-07-20,201,38,33,"{""sim_day"": 38.0, ""doy"": 201.0, ""topwt"": 918.4317016601562, ""grnwt"": 0.0, ""xlai"": 0.9470667839050292, ""totir"": 0.0, ""tofer"": NaN, ""swfac"": 0.0, ""nstres"": 0.4856297373771667}",0.0,0.4856297373771667,918.4317016601562,0.0,0.9470667839050292,0.0,,0.0,0.0,40.0,0.0,-3.825201416015624,12.174798583984376,Leave_One_experiments/all_year_offline_schedule_search/daily_outputs/YCA/YCA_2014_YCA2014_stress_grid_S0007_daily.csv
YCA,YCA,Yucheng,2014,Leave_One_experiments\wth_generated_qc\YCA\YCA2014.WTH,normal_year;water_stress_year;nitrogen_stress_year,water_stress,YCA2014_stress_grid_S0007,pareto_balanced,2014-07-21,202,39,34,"{""sim_day"": 39.0, ""doy"": 202.0, ""topwt"": 955.6266021728516, ""grnwt"": 0.0, ""xlai"": 0.9405346512794496, ""totir"": 0.0, ""tofer"": NaN, ""swfac"": 0.0, ""nstres"": 0.5016410946846008}",0.0,0.5016410946846008,955.6266021728516,0.0,0.9405346512794496,0.0,,0.0,0.0,40.0,0.0,-3.825201416015624,12.174798583984376,Leave_One_experiments/all_year_offline_schedule_search/daily_outputs/YCA/YCA_2014_YCA2014_stress_grid_S0007_daily.csv
YCA,YCA,Yucheng,2014,Leave_One_experiments\wth_generated_qc\YCA\YCA2014.WTH,normal_year;water_stress_year;nitrogen_stress_year,water_stress,YCA2014_stress_grid_S0007,pareto_balanced,2014-07-22,203,40,35,"{""sim_day"": 40.0, ""doy"": 203.0, ""topwt"": 992.5771331787108, ""grnwt"": 0.0, ""xlai"": 0.9315337538719176, ""totir"": 40.0, ""tofer"": NaN, ""swfac"": 0.0, ""nstres"": 0.5201695561408997}",0.0,0.5201695561408997,992.5771331787108,0.0,0.9315337538719176,40.0,,40.0,0.0,40.0,0.0,-3.825201416015624,12.174798583984376,Leave_One_experiments/all_year_offline_schedule_search/daily_outputs/YCA/YCA_2014_YCA2014_stress_grid_S0007_daily.csv
YCA,YCA,Yucheng,2014,Leave_One_experiments\wth_generated_qc\YCA\YCA2014.WTH,normal_year;water_stress_year;nitrogen_stress_year,water_stress,YCA2014_stress_grid_S0007,pareto_balanced,2014-07-23,204,41,36,"{""sim_day"": 41.0, ""doy"": 204.0, ""topwt"": 1042.1138763427734, ""grnwt"": 0.0, ""xlai"": 0.9302502870559692, ""totir"": 40.0, ""tofer"": NaN, ""swfac"": 0.0, ""nstres"": 0.5105766654014587}",0.0,0.5105766654014587,1042.1138763427734,0.0,0.9302502870559692,40.0,,0.0,0.0,40.0,0.0,-3.825201416015624,12.174798583984376,Leave_One_experiments/all_year_offline_schedule_search/daily_outputs/YCA/YCA_2014_YCA2014_stress_grid_S0007_daily.csv
YCA,YCA,Yucheng,2014,Leave_One_experiments\wth_generated_qc\YCA\YCA2014.WTH,normal_year;water_stress_year;nitrogen_stress_year,water_stress,YCA2014_stress_grid_S0007,pareto_balanced,2014-07-24,205,42,37,"{""sim_day"": 42.0, ""doy"": 205.0, ""topwt"": 1103.1529998779297, ""grnwt"": 0.0, ""xlai"": 0.9343870878219604, ""totir"": 40.0, ""tofer"": NaN, ""swfac"": 0.0, ""nstres"": 0.5083810091018677}",0.0,0.5083810091018677,1103.1529998779297,0.0,0.9343870878219604,40.0,,0.0,0.0,40.0,0.0,-3.825201416015624,12.174798583984376,Leave_One_experiments/all_year_offline_schedule_search/daily_outputs/YCA/YCA_2014_YCA2014_stress_grid_S0007_daily.csv
YCA,YCA,Yucheng,2014,Leave_One_experiments\wth_generated_qc\YCA\YCA2014.WTH,normal_year;water_stress_year;nitrogen_stress_year,water_stress,YCA2014_stress_grid_S0007,pareto_balanced,2014-07-25,206,43,38,"{""sim_day"": 43.0, ""doy"": 206.0, ""topwt"": 1160.416030883789, ""grnwt"": 0.0, ""xlai"": 0.9334651231765748, ""totir"": 40.0, ""tofer"": NaN, ""swfac"": 0.0, ""nstres"": 0.5160003900527954}",0.0,0.5160003900527954,1160.416030883789,0.0,0.9334651231765748,40.0,,0.0,0.0,40.0,0.0,-3.825201416015624,12.174798583984376,Leave_One_experiments/all_year_offline_schedule_search/daily_outputs/YCA/YCA_2014_YCA2014_stress_grid_S0007_daily.csv
YCA,YCA,Yucheng,2014,Leave_One_experiments\wth_generated_qc\YCA\YCA2014.WTH,normal_year;water_stress_year;nitrogen_stress_year,water_stress,YCA2014_stress_grid_S0007,pareto_balanced,2014-07-26,207,44,39,"{""sim_day"": 44.0, ""doy"": 207.0, ""topwt"": 1233.2735443115234, ""grnwt"": 0.0, ""xlai"": 0.938570499420166, ""totir"": 40.0, ""tofer"": NaN, ""swfac"": 0.0, ""nstres"": 0.5264835357666016}",0.0,0.5264835357666016,1233.2735443115234,0.0,0.938570499420166,40.0,,0.0,0.0,40.0,0.0,-3.825201416015624,12.174798583984376,Leave_One_experiments/all_year_offline_schedule_search/daily_outputs/YCA/YCA_2014_YCA2014_stress_grid_S0007_daily.csv
YCA,YCA,Yucheng,2014,Leave_One_experiments\wth_generated_qc\YCA\YCA2014.WTH,normal_year;water_stress_year;nitrogen_stress_year,water_stress,YCA2014_stress_grid_S0007,pareto_balanced,2014-07-27,208,45,40,"{""sim_day"": 45.0, ""doy"": 208.0, ""topwt"": 1310.126495361328, ""grnwt"": 0.0, ""xlai"": 0.9425087571144104, ""totir"": 40.0, ""tofer"": NaN, ""swfac"": 0.0, ""nstres"": 0.5315263867378235}",0.0,0.5315263867378235,1310.126495361328,0.0,0.9425087571144104,40.0,,0.0,0.0,40.0,0.0,-3.825201416015624,12.174798583984376,Leave_One_experiments/all_year_offline_schedule_search/daily_outputs/YCA/YCA_2014_YCA2014_stress_grid_S0007_daily.csv
YCA,YCA,Yucheng,2014,Leave_One_experiments\wth_generated_qc\YCA\YCA2014.WTH,normal_year;water_stress_year;nitrogen_stress_year,water_stress,YCA2014_stress_grid_S0007,pareto_balanced,2014-07-28,209,46,41,"{""sim_day"": 46.0, ""doy"": 209.0, ""topwt"": 1394.6949768066406, ""grnwt"": 0.0, ""xlai"": 0.9468637704849244, ""totir"": 40.0, ""tofer"": NaN, ""swfac"": 0.0, ""nstres"": 0.5386618971824646}",0.0,0.5386618971824646,1394.6949768066406,0.0,0.9468637704849244,40.0,,0.0,0.0,40.0,0.0,-3.825201416015624,12.174798583984376,Leave_One_experiments/all_year_offline_schedule_search/daily_outputs/YCA/YCA_2014_YCA2014_stress_grid_S0007_daily.csv
YCA,YCA,Yucheng,2014,Leave_One_experiments\wth_generated_qc\YCA\YCA2014.WTH,normal_year;water_stress_year;nitrogen_stress_year,water_stress,YCA2014_stress_grid_S0007,pareto_balanced,2014-07-29,210,47,42,"{""sim_day"": 47.0, ""doy"": 210.0, ""topwt"": 1448.8218688964844, ""grnwt"": 0.0, ""xlai"": 0.9456039667129515, ""totir"": 40.0, ""tofer"": NaN, ""swfac"": 0.0, ""nstres"": 0.5449895262718201}",0.0,0.5449895262718201,1448.8218688964844,0.0,0.9456039667129515,40.0,,0.0,0.0,40.0,0.0,-3.825201416015624,12.174798583984376,Leave_One_experiments/all_year_offline_schedule_search/daily_outputs/YCA/YCA_2014_YCA2014_stress_grid_S0007_daily.csv
YCA,YCA,Yucheng,2014,Leave_One_experiments\wth_generated_qc\YCA\YCA2014.WTH,normal_year;water_stress_year;nitrogen_stress_year,water_stress,YCA2014_stress_grid_S0007,pareto_balanced,2014-07-30,211,48,43,"{""sim_day"": 48.0, ""doy"": 211.0, ""topwt"": 1519.11865234375, ""grnwt"": 0.0, ""xlai"": 0.9405933618545532, ""totir"": 40.0, ""tofer"": NaN, ""swfac"": 0.0, ""nstres"": 0.5516475439071655}",0.0,0.5516475439071655,1519.11865234375,0.0,0.9405933618545532,40.0,,0.0,0.0,40.0,0.0,-3.825201416015624,12.174798583984376,Leave_One_experiments/all_year_offline_schedule_search/daily_outputs/YCA/YCA_2014_YCA2014_stress_grid_S0007_daily.csv
YCA,YCA,Yucheng,2014,Leave_One_experiments\wth_generated_qc\YCA\YCA2014.WTH,normal_year;water_stress_year;nitrogen_stress_year,water_stress,YCA2014_stress_grid_S0007,pareto_balanced,2014-07-31,212,49,44,"{""sim_day"": 49.0, ""doy"": 212.0, ""topwt"": 1593.7141418457031, ""grnwt"": 0.0, ""xlai"": 0.9322662949562072, ""totir"": 40.0, ""tofer"": NaN, ""swfac"": 0.0, ""nstres"": 0.5439730286598206}",0.0,0.5439730286598206,1593.7141418457031,0.0,0.9322662949562072,40.0,,0.0,0.0,40.0,0.0,-3.825201416015624,12.174798583984376,Leave_One_experiments/all_year_offline_schedule_search/daily_outputs/YCA/YCA_2014_YCA2014_stress_grid_S0007_daily.csv
YCA,YCA,Yucheng,2014,Leave_One_experiments\wth_generated_qc\YCA\YCA2014.WTH,normal_year;water_stress_year;nitrogen_stress_year,water_stress,YCA2014_stress_grid_S0007,pareto_balanced,2014-08-01,213,50,45,"{""sim_day"": 50.0, ""doy"": 213.0, ""topwt"": 1681.5174865722656, ""grnwt"": 0.0, ""xlai"": 0.9252532720565796, ""totir"": 40.0, ""tofer"": NaN, ""swfac"": 0.0, ""nstres"": 0.540187656879425}",0.0,0.540187656879425,1681.5174865722656,0.0,0.9252532720565796,40.0,,0.0,0.0,40.0,0.0,-3.825201416015624,12.174798583984376,Leave_One_experiments/all_year_offline_schedule_search/daily_outputs/YCA/YCA_2014_YCA2014_stress_grid_S0007_daily.csv
YCA,YCA,Yucheng,2014,Leave_One_experiments\wth_generated_qc\YCA\YCA2014.WTH,normal_year;water_stress_year;nitrogen_stress_year,water_stress,YCA2014_stress_grid_S0007,pareto_balanced,2014-08-02,214,51,46,"{""sim_day"": 51.0, ""doy"": 214.0, ""topwt"": 1771.4669799804688, ""grnwt"": 0.0, ""xlai"": 0.9164363145828248, ""totir"": 40.0, ""tofer"": NaN, ""swfac"": 0.0, ""nstres"": 0.5374830365180969}",0.0,0.5374830365180969,1771.4669799804688,0.0,0.9164363145828248,40.0,,0.0,0.0,40.0,0.0,-3.825201416015624,12.174798583984376,Leave_One_experiments/all_year_offline_schedule_search/daily_outputs/YCA/YCA_2014_YCA2014_stress_grid_S0007_daily.csv
YCA,YCA,Yucheng,2014,Leave_One_experiments\wth_generated_qc\YCA\YCA2014.WTH,normal_year;water_stress_year;nitrogen_stress_year,water_stress,YCA2014_stress_grid_S0007,pareto_balanced,2014-08-03,215,52,47,"{""sim_day"": 52.0, ""doy"": 215.0, ""topwt"": 1854.7999572753904, ""grnwt"": 0.0, ""xlai"": 0.9039449095726012, ""totir"": 40.0, ""tofer"": NaN, ""swfac"": 0.0, ""nstres"": 0.5359013080596924}",0.0,0.5359013080596924,1854.7999572753904,0.0,0.9039449095726012,40.0,,0.0,0.0,40.0,0.0,-3.825201416015624,12.174798583984376,Leave_One_experiments/all_year_offline_schedule_search/daily_outputs/YCA/YCA_2014_YCA2014_stress_grid_S0007_daily.csv
YCA,YCA,Yucheng,2014,Leave_One_experiments\wth_generated_qc\YCA\YCA2014.WTH,normal_year;water_stress_year;nitrogen_stress_year,water_stress,YCA2014_stress_grid_S0007,pareto_balanced,2014-08-04,216,53,48,"{""sim_day"": 53.0, ""doy"": 216.0, ""topwt"": 1895.631256103516, ""grnwt"": 0.0, ""xlai"": 0.8792727589607239, ""totir"": 40.0, ""tofer"": NaN, ""swfac"": 0.0, ""nstres"": 0.5366299748420715}",0.0,0.5366299748420715,1895.631256103516,0.0,0.8792727589607239,40.0,,0.0,0.0,40.0,0.0,-3.825201416015624,12.174798583984376,Leave_One_experiments/all_year_offline_schedule_search/daily_outputs/YCA/YCA_2014_YCA2014_stress_grid_S0007_daily.csv
YCA,YCA,Yucheng,2014,Leave_One_experiments\wth_generated_qc\YCA\YCA2014.WTH,normal_year;water_stress_year;nitrogen_stress_year,water_stress,YCA2014_stress_grid_S0007,pareto_balanced,2014-08-05,217,54,49,"{""sim_day"": 54.0, ""doy"": 217.0, ""topwt"": 1923.6102294921875, ""grnwt"": 0.0, ""xlai"": 0.8518839478492737, ""totir"": 40.0, ""tofer"": NaN, ""swfac"": 0.0, ""nstres"": 0.5336373448371887}",0.0,0.5336373448371887,1923.6102294921875,0.0,0.8518839478492737,40.0,,0.0,0.0,40.0,0.0,-3.825201416015624,12.174798583984376,Leave_One_experiments/all_year_offline_schedule_search/daily_outputs/YCA/YCA_2014_YCA2014_stress_grid_S0007_daily.csv
YCA,YCA,Yucheng,2014,Leave_One_experiments\wth_generated_qc\YCA\YCA2014.WTH,normal_year;water_stress_year;nitrogen_stress_year,water_stress,YCA2014_stress_grid_S0007,pareto_balanced,2014-08-06,218,55,50,"{""sim_day"": 55.0, ""doy"": 218.0, ""topwt"": 1999.2857360839844, ""grnwt"": 0.0, ""xlai"": 0.8369723558425903, ""totir"": 40.0, ""tofer"": NaN, ""swfac"": 0.0, ""nstres"": 0.5284615159034729}",0.0,0.5284615159034729,1999.2857360839844,0.0,0.8369723558425903,40.0,,0.0,0.0,40.0,0.0,-3.825201416015624,12.174798583984376,Leave_One_experiments/all_year_offline_schedule_search/daily_outputs/YCA/YCA_2014_YCA2014_stress_grid_S0007_daily.csv
YCA,YCA,Yucheng,2014,Leave_One_experiments\wth_generated_qc\YCA\YCA2014.WTH,normal_year;water_stress_year;nitrogen_stress_year,water_stress,YCA2014_stress_grid_S0007,pareto_balanced,2014-08-07,219,56,51,"{""sim_day"": 56.0, ""doy"": 219.0, ""topwt"": 2067.774658203125, ""grnwt"": 0.0, ""xlai"": 0.8211502432823181, ""totir"": 40.0, ""tofer"": NaN, ""swfac"": 0.0, ""nstres"": 0.5211265683174133}",0.0,0.5211265683174133,2067.774658203125,0.0,0.8211502432823181,40.0,,0.0,0.0,40.0,0.0,-3.825201416015624,12.174798583984376,Leave_One_experiments/all_year_offline_schedule_search/daily_outputs/YCA/YCA_2014_YCA2014_stress_grid_S0007_daily.csv
YCA,YCA,Yucheng,2014,Leave_One_experiments\wth_generated_qc\YCA\YCA2014.WTH,normal_year;water_stress_year;nitrogen_stress_year,water_stress,YCA2014_stress_grid_S0007,pareto_balanced,2014-08-08,220,57,52,"{""sim_day"": 57.0, ""doy"": 220.0, ""topwt"": 2128.274688720703, ""grnwt"": 0.0, ""xlai"": 0.8039864301681519, ""totir"": 40.0, ""tofer"": NaN, ""swfac"": 0.0, ""nstres"": 0.5213590860366821}",0.0,0.5213590860366821,2128.274688720703,0.0,0.8039864301681519,40.0,,0.0,0.0,40.0,0.0,-3.825201416015624,12.174798583984376,Leave_One_experiments/all_year_offline_schedule_search/daily_outputs/YCA/YCA_2014_YCA2014_stress_grid_S0007_daily.csv
YCA,YCA,Yucheng,2014,Leave_One_experiments\wth_generated_qc\YCA\YCA2014.WTH,normal_year;water_stress_year;nitrogen_stress_year,water_stress,YCA2014_stress_grid_S0007,pareto_balanced,2014-08-09,221,58,53,"{""sim_day"": 58.0, ""doy"": 221.0, ""topwt"": 2200.6121826171875, ""grnwt"": 0.0, ""xlai"": 0.7903937101364136, ""totir"": 40.0, ""tofer"": NaN, ""swfac"": 0.0, ""nstres"": 0.5196069478988647}",0.0,0.5196069478988647,2200.6121826171875,0.0,0.7903937101364136,40.0,,0.0,0.0,40.0,0.0,-3.825201416015624,12.174798583984376,Leave_One_experiments/all_year_offline_schedule_search/daily_outputs/YCA/YCA_2014_YCA2014_stress_grid_S0007_daily.csv
YCA,YCA,Yucheng,2014,Leave_One_experiments\wth_generated_qc\YCA\YCA2014.WTH,normal_year;water_stress_year;nitrogen_stress_year,water_stress,YCA2014_stress_grid_S0007,pareto_balanced,2014-08-10,222,59,54,"{""sim_day"": 59.0, ""doy"": 222.0, ""topwt"": 2283.0714416503906, ""grnwt"": 0.0, ""xlai"": 0.7798400521278381, ""totir"": 40.0, ""tofer"": NaN, ""swfac"": 0.0, ""nstres"": 0.51707923412323}",0.0,0.51707923412323,2283.0714416503906,0.0,0.7798400521278381,40.0,,0.0,0.0,40.0,0.0,-3.825201416015624,12.174798583984376,Leave_One_experiments/all_year_offline_schedule_search/daily_outputs/YCA/YCA_2014_YCA2014_stress_grid_S0007_daily.csv
YCA,YCA,Yucheng,2014,Leave_One_experiments\wth_generated_qc\YCA\YCA2014.WTH,normal_year;water_stress_year;nitrogen_stress_year,water_stress,YCA2014_stress_grid_S0007,pareto_balanced,2014-08-11,223,60,55,"{""sim_day"": 60.0, ""doy"": 223.0, ""topwt"": 2359.933013916016, ""grnwt"": 0.0, ""xlai"": 0.750235378742218, ""totir"": 40.0, ""tofer"": NaN, ""swfac"": 0.0, ""nstres"": 0.5111016035079956}",0.0,0.5111016035079956,2359.933013916016,0.0,0.750235378742218,40.0,,0.0,0.0,40.0,0.0,-3.825201416015624,12.174798583984376,Leave_One_experiments/all_year_offline_schedule_search/daily_outputs/YCA/YCA_2014_YCA2014_stress_grid_S0007_daily.csv
YCA,YCA,Yucheng,2014,Leave_One_experiments\wth_generated_qc\YCA\YCA2014.WTH,normal_year;water_stress_year;nitrogen_stress_year,water_stress,YCA2014_stress_grid_S0007,pareto_balanced,2014-08-12,224,61,56,"{""sim_day"": 61.0, ""doy"": 224.0, ""topwt"": 2393.673248291016, ""grnwt"": 0.0, ""xlai"": 0.7219924330711365, ""totir"": 40.0, ""tofer"": NaN, ""swfac"": 0.0, ""nstres"": 0.5034913420677185}",0.0,0.5034913420677185,2393.673248291016,0.0,0.7219924330711365,40.0,,0.0,0.0,40.0,0.0,-3.825201416015624,12.174798583984376,Leave_One_experiments/all_year_offline_schedule_search/daily_outputs/YCA/YCA_2014_YCA2014_stress_grid_S0007_daily.csv
YCA,YCA,Yucheng,2014,Leave_One_experiments\wth_generated_qc\YCA\YCA2014.WTH,normal_year;water_stress_year;nitrogen_stress_year,water_stress,YCA2014_stress_grid_S0007,pareto_balanced,2014-08-13,225,62,57,"{""sim_day"": 62.0, ""doy"": 225.0, ""topwt"": 2471.158905029297, ""grnwt"": 0.0, ""xlai"": 0.6948129534721375, ""totir"": 40.0, ""tofer"": NaN, ""swfac"": 0.0, ""nstres"": 0.5034822225570679}",0.0,0.5034822225570679,2471.158905029297,0.0,0.6948129534721375,40.0,,0.0,0.0,40.0,0.0,-3.825201416015624,12.174798583984376,Leave_One_experiments/all_year_offline_schedule_search/daily_outputs/YCA/YCA_2014_YCA2014_stress_grid_S0007_daily.csv
YCA,YCA,Yucheng,2014,Leave_One_experiments\wth_generated_qc\YCA\YCA2014.WTH,normal_year;water_stress_year;nitrogen_stress_year,water_stress,YCA2014_stress_grid_S0007,pareto_balanced,2014-08-14,226,63,58,"{""sim_day"": 63.0, ""doy"": 226.0, ""topwt"": 2540.8143615722656, ""grnwt"": 0.0, ""xlai"": 0.6689675450325012, ""totir"": 40.0, ""tofer"": NaN, ""swfac"": 0.0, ""nstres"": 0.4927425980567932}",0.0,0.4927425980567932,2540.8143615722656,0.0,0.6689675450325012,40.0,,0.0,0.0,40.0,0.0,-3.825201416015624,12.174798583984376,Leave_One_experiments/all_year_offline_schedule_search/daily_outputs/YCA/YCA_2014_YCA2014_stress_grid_S0007_daily.csv
YCA,YCA,Yucheng,2014,Leave_One_experiments\wth_generated_qc\YCA\YCA2014.WTH,normal_year;water_stress_year;nitrogen_stress_year,water_stress,YCA2014_stress_grid_S0007,pareto_balanced,2014-08-15,227,64,59,"{""sim_day"": 64.0, ""doy"": 227.0, ""topwt"": 2584.444580078125, ""grnwt"": 0.0, ""xlai"": 0.6441469788551331, ""totir"": 40.0, ""tofer"": NaN, ""swfac"": 0.0, ""nstres"": 0.4904666543006897}",0.0,0.4904666543006897,2584.444580078125,0.0,0.6441469788551331,40.0,,0.0,0.0,40.0,0.0,-3.825201416015624,12.174798583984376,Leave_One_experiments/all_year_offline_schedule_search/daily_outputs/YCA/YCA_2014_YCA2014_stress_grid_S0007_daily.csv
YCA,YCA,Yucheng,2014,Leave_One_experiments\wth_generated_qc\YCA\YCA2014.WTH,normal_year;water_stress_year;nitrogen_stress_year,water_stress,YCA2014_stress_grid_S0007,pareto_balanced,2014-08-16,228,65,60,"{""sim_day"": 65.0, ""doy"": 228.0, ""topwt"": 2576.6372680664062, ""grnwt"": 0.0, ""xlai"": 0.6203241348266602, ""totir"": 40.0, ""tofer"": NaN, ""swfac"": 0.0, ""nstres"": 0.4876050353050232}",0.0,0.4876050353050232,2576.6372680664062,0.0,0.6203241348266602,40.0,,0.0,0.0,40.0,0.0,-3.825201416015624,12.174798583984376,Leave_One_experiments/all_year_offline_schedule_search/daily_outputs/YCA/YCA_2014_YCA2014_stress_grid_S0007_daily.csv
YCA,YCA,Yucheng,2014,Leave_One_experiments\wth_generated_qc\YCA\YCA2014.WTH,normal_year;water_stress_year;nitrogen_stress_year,water_stress,YCA2014_stress_grid_S0007,pareto_balanced,2014-08-17,229,66,61,"{""sim_day"": 66.0, ""doy"": 229.0, ""topwt"": 2600.9649658203125, ""grnwt"": 0.0, ""xlai"": 0.5976741313934326, ""totir"": 40.0, ""tofer"": NaN, ""swfac"": 0.0, ""nstres"": 0.476316750049591}",0.0,0.476316750049591,2600.9649658203125,0.0,0.5976741313934326,40.0,,0.0,0.0,40.0,0.0,-3.825201416015624,12.174798583984376,Leave_One_experiments/all_year_offline_schedule_search/daily_outputs/YCA/YCA_2014_YCA2014_stress_grid_S0007_daily.csv
YCA,YCA,Yucheng,2014,Leave_One_experiments\wth_generated_qc\YCA\YCA2014.WTH,normal_year;water_stress_year;nitrogen_stress_year,water_stress,YCA2014_stress_grid_S0007,pareto_balanced,2014-08-18,230,67,62,"{""sim_day"": 67.0, ""doy"": 230.0, ""topwt"": 2659.3923950195312, ""grnwt"": 0.0, ""xlai"": 0.5763692259788513, ""totir"": 40.0, ""tofer"": NaN, ""swfac"": 0.0, ""nstres"": 0.4555125832557678}",0.0,0.4555125832557678,2659.3923950195312,0.0,0.5763692259788513,40.0,,0.0,0.0,40.0,0.0,-3.825201416015624,12.174798583984376,Leave_One_experiments/all_year_offline_schedule_search/daily_outputs/YCA/YCA_2014_YCA2014_stress_grid_S0007_daily.csv
YCA,YCA,Yucheng,2014,Leave_One_experiments\wth_generated_qc\YCA\YCA2014.WTH,normal_year;water_stress_year;nitrogen_stress_year,water_stress,YCA2014_stress_grid_S0007,pareto_balanced,2014-08-19,231,68,63,"{""sim_day"": 68.0, ""doy"": 231.0, ""topwt"": 2710.3836059570312, ""grnwt"": 0.0, ""xlai"": 0.5561566352844238, ""totir"": 40.0, ""tofer"": NaN, ""swfac"": 0.0, ""nstres"": 0.4416493773460388}",0.0,0.4416493773460388,2710.3836059570312,0.0,0.5561566352844238,40.0,,0.0,0.0,40.0,0.0,-3.825201416015624,12.174798583984376,Leave_One_experiments/all_year_offline_schedule_search/daily_outputs/YCA/YCA_2014_YCA2014_stress_grid_S0007_daily.csv
YCA,YCA,Yucheng,2014,Leave_One_experiments\wth_generated_qc\YCA\YCA2014.WTH,normal_year;water_stress_year;nitrogen_stress_year,water_stress,YCA2014_stress_grid_S0007,pareto_balanced,2014-08-20,232,69,64,"{""sim_day"": 69.0, ""doy"": 232.0, ""topwt"": 2763.0108642578125, ""grnwt"": 0.0, ""xlai"": 0.5368269681930542, ""totir"": 40.0, ""tofer"": NaN, ""swfac"": 0.0, ""nstres"": 0.4341354370117187}",0.0,0.4341354370117187,2763.0108642578125,0.0,0.5368269681930542,40.0,,0.0,0.0,40.0,0.0,-3.825201416015624,12.174798583984376,Leave_One_experiments/all_year_offline_schedule_search/daily_outputs/YCA/YCA_2014_YCA2014_stress_grid_S0007_daily.csv
YCA,YCA,Yucheng,2014,Leave_One_experiments\wth_generated_qc\YCA\YCA2014.WTH,normal_year;water_stress_year;nitrogen_stress_year,water_stress,YCA2014_stress_grid_S0007,pareto_balanced,2014-08-21,233,70,65,"{""sim_day"": 70.0, ""doy"": 233.0, ""topwt"": 2797.96630859375, ""grnwt"": 0.0, ""xlai"": 0.5184293389320374, ""totir"": 40.0, ""tofer"": NaN, ""swfac"": 0.0, ""nstres"": 0.4225057959556579}",0.0,0.4225057959556579,2797.96630859375,0.0,0.5184293389320374,40.0,,0.0,0.0,40.0,0.0,-3.825201416015624,12.174798583984376,Leave_One_experiments/all_year_offline_schedule_search/daily_outputs/YCA/YCA_2014_YCA2014_stress_grid_S0007_daily.csv
YCA,YCA,Yucheng,2014,Leave_One_experiments\wth_generated_qc\YCA\YCA2014.WTH,normal_year;water_stress_year;nitrogen_stress_year,water_stress,YCA2014_stress_grid_S0007,pareto_balanced,2014-08-22,234,71,66,"{""sim_day"": 71.0, ""doy"": 234.0, ""topwt"": 2833.43017578125, ""grnwt"": 88.54759216308594, ""xlai"": 0.5009396076202393, ""totir"": 40.0, ""tofer"": NaN, ""swfac"": 0.0, ""nstres"": 0.4096609354019165}",0.0,0.4096609354019165,2833.43017578125,88.54759216308594,0.5009396076202393,40.0,,0.0,0.0,40.0,0.0,-3.825201416015624,12.174798583984376,Leave_One_experiments/all_year_offline_schedule_search/daily_outputs/YCA/YCA_2014_YCA2014_stress_grid_S0007_daily.csv
YCA,YCA,Yucheng,2014,Leave_One_experiments\wth_generated_qc\YCA\YCA2014.WTH,normal_year;water_stress_year;nitrogen_stress_year,water_stress,YCA2014_stress_grid_S0007,pareto_balanced,2014-08-23,235,72,67,"{""sim_day"": 72.0, ""doy"": 235.0, ""topwt"": 2885.1824951171875, ""grnwt"": 135.06010055541992, ""xlai"": 0.4836365580558777, ""totir"": 40.0, ""tofer"": NaN, ""swfac"": 0.0, ""nstres"": 0.4289923906326294}",0.0,0.4289923906326294,2885.1824951171875,135.06010055541992,0.4836365580558777,40.0,,0.0,0.0,40.0,0.0,-3.825201416015624,12.174798583984376,Leave_One_experiments/all_year_offline_schedule_search/daily_outputs/YCA/YCA_2014_YCA2014_stress_grid_S0007_daily.csv
YCA,YCA,Yucheng,2014,Leave_One_experiments\wth_generated_qc\YCA\YCA2014.WTH,normal_year;water_stress_year;nitrogen_stress_year,water_stress,YCA2014_stress_grid_S0007,pareto_balanced,2014-08-24,236,73,68,"{""sim_day"": 73.0, ""doy"": 236.0, ""topwt"": 2949.85595703125, ""grnwt"": 181.5726089477539, ""xlai"": 0.4674367606639862, ""totir"": 40.0, ""tofer"": NaN, ""swfac"": 0.0, ""nstres"": 0.4039025902748108}",0.0,0.4039025902748108,2949.85595703125,181.5726089477539,0.4674367606639862,40.0,,0.0,0.0,40.0,0.0,-3.825201416015624,12.174798583984376,Leave_One_experiments/all_year_offline_schedule_search/daily_outputs/YCA/YCA_2014_YCA2014_stress_grid_S0007_daily.csv
YCA,YCA,Yucheng,2014,Leave_One_experiments\wth_generated_qc\YCA\YCA2014.WTH,normal_year;water_stress_year;nitrogen_stress_year,water_stress,YCA2014_stress_grid_S0007,pareto_balanced,2014-08-25,237,74,69,"{""sim_day"": 74.0, ""doy"": 237.0, ""topwt"": 3009.551696777344, ""grnwt"": 228.0850982666016, ""xlai"": 0.4518616497516632, ""totir"": 40.0, ""tofer"": NaN, ""swfac"": 0.0, ""nstres"": 0.3996816873550415}",0.0,0.3996816873550415,3009.551696777344,228.0850982666016,0.4518616497516632,40.0,,0.0,0.0,40.0,0.0,-3.825201416015624,12.174798583984376,Leave_One_experiments/all_year_offline_schedule_search/daily_outputs/YCA/YCA_2014_YCA2014_stress_grid_S0007_daily.csv
YCA,YCA,Yucheng,2014,Leave_One_experiments\wth_generated_qc\YCA\YCA2014.WTH,normal_year;water_stress_year;nitrogen_stress_year,water_stress,YCA2014_stress_grid_S0007,pareto_balanced,2014-08-26,238,75,70,"{""sim_day"": 75.0, ""doy"": 238.0, ""topwt"": 3065.487060546875, ""grnwt"": 274.5975875854492, ""xlai"": 0.4368181526660919, ""totir"": 40.0, ""tofer"": NaN, ""swfac"": 0.0, ""nstres"": 0.3990131616592407}",0.0,0.3990131616592407,3065.487060546875,274.5975875854492,0.4368181526660919,40.0,,0.0,0.0,40.0,0.0,-3.825201416015624,12.174798583984376,Leave_One_experiments/all_year_offline_schedule_search/daily_outputs/YCA/YCA_2014_YCA2014_stress_grid_S0007_daily.csv
YCA,YCA,Yucheng,2014,Leave_One_experiments\wth_generated_qc\YCA\YCA2014.WTH,normal_year;water_stress_year;nitrogen_stress_year,water_stress,YCA2014_stress_grid_S0007,pareto_balanced,2014-08-27,239,76,71,"{""sim_day"": 76.0, ""doy"": 239.0, ""topwt"": 3115.0128173828125, ""grnwt"": 321.1100769042969, ""xlai"": 0.4223028123378753, ""totir"": 40.0, ""tofer"": NaN, ""swfac"": 0.0, ""nstres"": 0.3975143432617187}",0.0,0.3975143432617187,3115.0128173828125,321.1100769042969,0.4223028123378753,40.0,,0.0,0.0,40.0,0.0,-3.825201416015624,12.174798583984376,Leave_One_experiments/all_year_offline_schedule_search/daily_outputs/YCA/YCA_2014_YCA2014_stress_grid_S0007_daily.csv
YCA,YCA,Yucheng,2014,Leave_One_experiments\wth_generated_qc\YCA\YCA2014.WTH,normal_year;water_stress_year;nitrogen_stress_year,water_stress,YCA2014_stress_grid_S0007,pareto_balanced,2014-08-28,240,77,72,"{""sim_day"": 77.0, ""doy"": 240.0, ""topwt"": 3165.5886840820312, ""grnwt"": 367.6226043701172, ""xlai"": 0.4083130955696106, ""totir"": 40.0, ""tofer"": NaN, ""swfac"": 0.0, ""nstres"": 0.3950517773628235}",0.0,0.3950517773628235,3165.5886840820312,367.6226043701172,0.4083130955696106,40.0,,0.0,0.0,40.0,0.0,-3.825201416015624,12.174798583984376,Leave_One_experiments/all_year_offline_schedule_search/daily_outputs/YCA/YCA_2014_YCA2014_stress_grid_S0007_daily.csv
YCA,YCA,Yucheng,2014,Leave_One_experiments\wth_generated_qc\YCA\YCA2014.WTH,normal_year;water_stress_year;nitrogen_stress_year,water_stress,YCA2014_stress_grid_S0007,pareto_balanced,2014-08-29,241,78,73,"{""sim_day"": 78.0, ""doy"": 241.0, ""topwt"": 3200.960998535156, ""grnwt"": 414.1350936889648, ""xlai"": 0.3948670625686645, ""totir"": 40.0, ""tofer"": NaN, ""swfac"": 0.0, ""nstres"": 0.3903400301933288}",0.0,0.3903400301933288,3200.960998535156,414.1350936889648,0.3948670625686645,40.0,,0.0,0.0,40.0,0.0,-3.825201416015624,12.174798583984376,Leave_One_experiments/all_year_offline_schedule_search/daily_outputs/YCA/YCA_2014_YCA2014_stress_grid_S0007_daily.csv
YCA,YCA,Yucheng,2014,Leave_One_experiments\wth_generated_qc\YCA\YCA2014.WTH,normal_year;water_stress_year;nitrogen_stress_year,water_stress,YCA2014_stress_grid_S0007,pareto_balanced,2014-08-30,242,79,74,"{""sim_day"": 79.0, ""doy"": 242.0, ""topwt"": 3247.798156738281, ""grnwt"": 460.6475830078125, ""xlai"": 0.3819296956062317, ""totir"": 40.0, ""tofer"": NaN, ""swfac"": 0.0, ""nstres"": 0.3863331079483032}",0.0,0.3863331079483032,3247.798156738281,460.6475830078125,0.3819296956062317,40.0,,0.0,0.0,40.0,0.0,-3.825201416015624,12.174798583984376,Leave_One_experiments/all_year_offline_schedule_search/daily_outputs/YCA/YCA_2014_YCA2014_stress_grid_S0007_daily.csv
YCA,YCA,Yucheng,2014,Leave_One_experiments\wth_generated_qc\YCA\YCA2014.WTH,normal_year;water_stress_year;nitrogen_stress_year,water_stress,YCA2014_stress_grid_S0007,pareto_balanced,2014-08-31,243,80,75,"{""sim_day"": 80.0, ""doy"": 243.0, ""topwt"": 3292.4545288085938, ""grnwt"": 507.16007232666016, ""xlai"": 0.3695664703845978, ""totir"": 40.0, ""tofer"": NaN, ""swfac"": 0.0, ""nstres"": 0.3768918514251709}",0.0,0.3768918514251709,3292.4545288085938,507.16007232666016,0.3695664703845978,40.0,,0.0,0.0,40.0,0.0,-3.825201416015624,12.174798583984376,Leave_One_experiments/all_year_offline_schedule_search/daily_outputs/YCA/YCA_2014_YCA2014_stress_grid_S0007_daily.csv
YCA,YCA,Yucheng,2014,Leave_One_experiments\wth_generated_qc\YCA\YCA2014.WTH,normal_year;water_stress_year;nitrogen_stress_year,water_stress,YCA2014_stress_grid_S0007,pareto_balanced,2014-09-01,244,81,76,"{""sim_day"": 81.0, ""doy"": 244.0, ""topwt"": 3324.864501953125, ""grnwt"": 553.6725997924805, ""xlai"": 0.3576540946960449, ""totir"": 40.0, ""tofer"": NaN, ""swfac"": 0.0, ""nstres"": 0.3736037611961365}",0.0,0.3736037611961365,3324.864501953125,553.6725997924805,0.3576540946960449,40.0,,0.0,0.0,40.0,0.0,-3.825201416015624,12.174798583984376,Leave_One_experiments/all_year_offline_schedule_search/daily_outputs/YCA/YCA_2014_YCA2014_stress_grid_S0007_daily.csv
YCA,YCA,Yucheng,2014,Leave_One_experiments\wth_generated_qc\YCA\YCA2014.WTH,normal_year;water_stress_year;nitrogen_stress_year,water_stress,YCA2014_stress_grid_S0007,pareto_balanced,2014-09-02,245,82,77,"{""sim_day"": 82.0, ""doy"": 245.0, ""topwt"": 3375.156555175781, ""grnwt"": 600.1850891113281, ""xlai"": 0.3461629152297973, ""totir"": 40.0, ""tofer"": NaN, ""swfac"": 0.0, ""nstres"": 0.3710988759994507}",0.0,0.3710988759994507,3375.156555175781,600.1850891113281,0.3461629152297973,40.0,,0.0,0.0,40.0,0.0,-3.825201416015624,12.174798583984376,Leave_One_experiments/all_year_offline_schedule_search/daily_outputs/YCA/YCA_2014_YCA2014_stress_grid_S0007_daily.csv
YCA,YCA,Yucheng,2014,Leave_One_experiments\wth_generated_qc\YCA\YCA2014.WTH,normal_year;water_stress_year;nitrogen_stress_year,water_stress,YCA2014_stress_grid_S0007,pareto_balanced,2014-09-03,246,83,78,"{""sim_day"": 83.0, ""doy"": 246.0, ""topwt"": 3433.8070678710938, ""grnwt"": 646.6976165771484, ""xlai"": 0.3351372182369232, ""totir"": 40.0, ""tofer"": NaN, ""swfac"": 0.0, ""nstres"": 0.3644254207611084}",0.0,0.3644254207611084,3433.8070678710938,646.6976165771484,0.3351372182369232,40.0,,0.0,0.0,40.0,0.0,-3.825201416015624,12.174798583984376,Leave_One_experiments/all_year_offline_schedule_search/daily_outputs/YCA/YCA_2014_YCA2014_stress_grid_S0007_daily.csv
YCA,YCA,Yucheng,2014,Leave_One_experiments\wth_generated_qc\YCA\YCA2014.WTH,normal_year;water_stress_year;nitrogen_stress_year,water_stress,YCA2014_stress_grid_S0007,pareto_balanced,2014-09-04,247,84,79,"{""sim_day"": 84.0, ""doy"": 247.0, ""topwt"": 3487.655334472656, ""grnwt"": 693.2100677490234, ""xlai"": 0.3244641125202179, ""totir"": 40.0, ""tofer"": NaN, ""swfac"": 0.0, ""nstres"": 0.3643252849578857}",0.0,0.3643252849578857,3487.655334472656,693.2100677490234,0.3244641125202179,40.0,,0.0,0.0,40.0,0.0,-3.825201416015624,12.174798583984376,Leave_One_experiments/all_year_offline_schedule_search/daily_outputs/YCA/YCA_2014_YCA2014_stress_grid_S0007_daily.csv
YCA,YCA,Yucheng,2014,Leave_One_experiments\wth_generated_qc\YCA\YCA2014.WTH,normal_year;water_stress_year;nitrogen_stress_year,water_stress,YCA2014_stress_grid_S0007,pareto_balanced,2014-09-05,248,85,80,"{""sim_day"": 85.0, ""doy"": 248.0, ""topwt"": 3516.778259277344, ""grnwt"": 739.7225952148438, ""xlai"": 0.3140753805637359, ""totir"": 40.0, ""tofer"": NaN, ""swfac"": 0.0, ""nstres"": 0.3684360384941101}",0.0,0.3684360384941101,3516.778259277344,739.7225952148438,0.3140753805637359,40.0,,0.0,0.0,40.0,0.0,-3.825201416015624,12.174798583984376,Leave_One_experiments/all_year_offline_schedule_search/daily_outputs/YCA/YCA_2014_YCA2014_stress_grid_S0007_daily.csv
YCA,YCA,Yucheng,2014,Leave_One_experiments\wth_generated_qc\YCA\YCA2014.WTH,normal_year;water_stress_year;nitrogen_stress_year,water_stress,YCA2014_stress_grid_S0007,pareto_balanced,2014-09-06,249,86,81,"{""sim_day"": 86.0, ""doy"": 249.0, ""topwt"": 3541.607666015625, ""grnwt"": 786.2351226806641, ""xlai"": 0.3040120005607605, ""totir"": 40.0, ""tofer"": NaN, ""swfac"": 0.0, ""nstres"": 0.3689846992492676}",0.0,0.3689846992492676,3541.607666015625,786.2351226806641,0.3040120005607605,40.0,,0.0,0.0,40.0,0.0,-3.825201416015624,12.174798583984376,Leave_One_experiments/all_year_offline_schedule_search/daily_outputs/YCA/YCA_2014_YCA2014_stress_grid_S0007_daily.csv
YCA,YCA,Yucheng,2014,Leave_One_experiments\wth_generated_qc\YCA\YCA2014.WTH,normal_year;water_stress_year;nitrogen_stress_year,water_stress,YCA2014_stress_grid_S0007,pareto_balanced,2014-09-07,250,87,82,"{""sim_day"": 87.0, ""doy"": 250.0, ""topwt"": 3571.5310668945312, ""grnwt"": 832.7475738525391, ""xlai"": 0.2943851351737976, ""totir"": 40.0, ""tofer"": NaN, ""swfac"": 0.0, ""nstres"": 0.3599855899810791}",0.0,0.3599855899810791,3571.5310668945312,832.7475738525391,0.2943851351737976,40.0,,0.0,0.0,40.0,0.0,-3.825201416015624,12.174798583984376,Leave_One_experiments/all_year_offline_schedule_search/daily_outputs/YCA/YCA_2014_YCA2014_stress_grid_S0007_daily.csv
YCA,YCA,Yucheng,2014,Leave_One_experiments\wth_generated_qc\YCA\YCA2014.WTH,normal_year;water_stress_year;nitrogen_stress_year,water_stress,YCA2014_stress_grid_S0007,pareto_balanced,2014-09-08,251,88,83,"{""sim_day"": 88.0, ""doy"": 251.0, ""topwt"": 3611.4431762695312, ""grnwt"": 879.2601013183594, ""xlai"": 0.2852098941802978, ""totir"": 40.0, ""tofer"": NaN, ""swfac"": 0.0, ""nstres"": 0.3480247259140014}",0.0,0.3480247259140014,3611.4431762695312,879.2601013183594,0.2852098941802978,40.0,,0.0,0.0,40.0,0.0,-3.825201416015624,12.174798583984376,Leave_One_experiments/all_year_offline_schedule_search/daily_outputs/YCA/YCA_2014_YCA2014_stress_grid_S0007_daily.csv
YCA,YCA,Yucheng,2014,Leave_One_experiments\wth_generated_qc\YCA\YCA2014.WTH,normal_year;water_stress_year;nitrogen_stress_year,water_stress,YCA2014_stress_grid_S0007,pareto_balanced,2014-09-09,252,89,84,"{""sim_day"": 89.0, ""doy"": 252.0, ""topwt"": 3651.7633056640634, ""grnwt"": 925.7725524902344, ""xlai"": 0.2764241397380829, ""totir"": 40.0, ""tofer"": NaN, ""swfac"": 0.0, ""nstres"": 0.3393093347549438}",0.0,0.3393093347549438,3651.7633056640634,925.7725524902344,0.2764241397380829,40.0,,0.0,0.0,40.0,0.0,-3.825201416015624,12.174798583984376,Leave_One_experiments/all_year_offline_schedule_search/daily_outputs/YCA/YCA_2014_YCA2014_stress_grid_S0007_daily.csv
YCA,YCA,Yucheng,2014,Leave_One_experiments\wth_generated_qc\YCA\YCA2014.WTH,normal_year;water_stress_year;nitrogen_stress_year,water_stress,YCA2014_stress_grid_S0007,pareto_balanced,2014-09-10,253,90,85,"{""sim_day"": 90.0, ""doy"": 253.0, ""topwt"": 3668.313598632813, ""grnwt"": 972.2850799560548, ""xlai"": 0.2679248750209808, ""totir"": 40.0, ""tofer"": NaN, ""swfac"": 0.0, ""nstres"": 0.3379263877868652}",0.0,0.3379263877868652,3668.313598632813,972.2850799560548,0.2679248750209808,40.0,,0.0,0.0,40.0,0.0,-3.825201416015624,12.174798583984376,Leave_One_experiments/all_year_offline_schedule_search/daily_outputs/YCA/YCA_2014_YCA2014_stress_grid_S0007_daily.csv
YCA,YCA,Yucheng,2014,Leave_One_experiments\wth_generated_qc\YCA\YCA2014.WTH,normal_year;water_stress_year;nitrogen_stress_year,water_stress,YCA2014_stress_grid_S0007,pareto_balanced,2014-09-11,254,91,86,"{""sim_day"": 91.0, ""doy"": 254.0, ""topwt"": 3689.386596679688, ""grnwt"": 1018.7975311279296, ""xlai"": 0.2596674561500549, ""totir"": 40.0, ""tofer"": NaN, ""swfac"": 0.0, ""nstres"": 0.3396720290184021}",0.0,0.3396720290184021,3689.386596679688,1018.7975311279296,0.2596674561500549,40.0,,0.0,0.0,40.0,0.0,-3.825201416015624,12.174798583984376,Leave_One_experiments/all_year_offline_schedule_search/daily_outputs/YCA/YCA_2014_YCA2014_stress_grid_S0007_daily.csv
YCA,YCA,Yucheng,2014,Leave_One_experiments\wth_generated_qc\YCA\YCA2014.WTH,normal_year;water_stress_year;nitrogen_stress_year,water_stress,YCA2014_stress_grid_S0007,pareto_balanced,2014-09-12,255,92,87,"{""sim_day"": 92.0, ""doy"": 255.0, ""topwt"": 3734.392700195313, ""grnwt"": 1065.31005859375, ""xlai"": 0.2517915964126587, ""totir"": 40.0, ""tofer"": NaN, ""swfac"": 0.0, ""nstres"": 0.3279271125793457}",0.0,0.3279271125793457,3734.392700195313,1065.31005859375,0.2517915964126587,40.0,,0.0,0.0,40.0,0.0,-3.825201416015624,12.174798583984376,Leave_One_experiments/all_year_offline_schedule_search/daily_outputs/YCA/YCA_2014_YCA2014_stress_grid_S0007_daily.csv
YCA,YCA,Yucheng,2014,Leave_One_experiments\wth_generated_qc\YCA\YCA2014.WTH,normal_year;water_stress_year;nitrogen_stress_year,water_stress,YCA2014_stress_grid_S0007,pareto_balanced,2014-09-13,256,93,88,"{""sim_day"": 93.0, ""doy"": 256.0, ""topwt"": 3741.385803222656, ""grnwt"": 1111.8225860595703, ""xlai"": 0.2442407608032226, ""totir"": 40.0, ""tofer"": NaN, ""swfac"": 0.0, ""nstres"": 0.3197287321090698}",0.0,0.3197287321090698,3741.385803222656,1111.8225860595703,0.2442407608032226,40.0,,0.0,0.0,40.0,0.0,-3.825201416015624,12.174798583984376,Leave_One_experiments/all_year_offline_schedule_search/daily_outputs/YCA/YCA_2014_YCA2014_stress_grid_S0007_daily.csv
YCA,YCA,Yucheng,2014,Leave_One_experiments\wth_generated_qc\YCA\YCA2014.WTH,normal_year;water_stress_year;nitrogen_stress_year,water_stress,YCA2014_stress_grid_S0007,pareto_balanced,2014-09-14,257,94,89,"{""sim_day"": 94.0, ""doy"": 257.0, ""topwt"": 3751.685791015625, ""grnwt"": 1158.3350372314453, ""xlai"": 0.2368312180042266, ""totir"": 40.0, ""tofer"": NaN, ""swfac"": 0.0, ""nstres"": 0.3280885219573974}",0.0,0.3280885219573974,3751.685791015625,1158.3350372314453,0.2368312180042266,40.0,,0.0,0.0,40.0,0.0,-3.825201416015624,12.174798583984376,Leave_One_experiments/all_year_offline_schedule_search/daily_outputs/YCA/YCA_2014_YCA2014_stress_grid_S0007_daily.csv
YCA,YCA,Yucheng,2014,Leave_One_experiments\wth_generated_qc\YCA\YCA2014.WTH,normal_year;water_stress_year;nitrogen_stress_year,water_stress,YCA2014_stress_grid_S0007,pareto_balanced,2014-09-15,258,95,90,"{""sim_day"": 95.0, ""doy"": 258.0, ""topwt"": 3758.1039428710938, ""grnwt"": 1204.8475646972656, ""xlai"": 0.2297571748495102, ""totir"": 40.0, ""tofer"": NaN, ""swfac"": 0.0, ""nstres"": 0.3168703317642212}",0.0,0.3168703317642212,3758.1039428710938,1204.8475646972656,0.2297571748495102,40.0,,0.0,0.0,40.0,0.0,-3.825201416015624,12.174798583984376,Leave_One_experiments/all_year_offline_schedule_search/daily_outputs/YCA/YCA_2014_YCA2014_stress_grid_S0007_daily.csv
YCA,YCA,Yucheng,2014,Leave_One_experiments\wth_generated_qc\YCA\YCA2014.WTH,normal_year;water_stress_year;nitrogen_stress_year,water_stress,YCA2014_stress_grid_S0007,pareto_balanced,2014-09-16,259,96,91,"{""sim_day"": 96.0, ""doy"": 259.0, ""topwt"": 3765.029602050781, ""grnwt"": 1245.379867553711, ""xlai"": 0.2229320704936981, ""totir"": 40.0, ""tofer"": NaN, ""swfac"": 0.0, ""nstres"": 0.3129352331161499}",0.0,0.3129352331161499,3765.029602050781,1245.379867553711,0.2229320704936981,40.0,,0.0,0.0,40.0,0.0,-3.825201416015624,12.174798583984376,Leave_One_experiments/all_year_offline_schedule_search/daily_outputs/YCA/YCA_2014_YCA2014_stress_grid_S0007_daily.csv
YCA,YCA,Yucheng,2014,Leave_One_experiments\wth_generated_qc\YCA\YCA2014.WTH,normal_year;water_stress_year;nitrogen_stress_year,water_stress,YCA2014_stress_grid_S0007,pareto_balanced,2014-09-17,260,97,92,"{""sim_day"": 97.0, ""doy"": 260.0, ""topwt"": 3788.89892578125, ""grnwt"": 1291.8923950195312, ""xlai"": 0.216447427868843, ""totir"": 40.0, ""tofer"": NaN, ""swfac"": 0.0, ""nstres"": 0.2981087565422058}",0.0,0.2981087565422058,3788.89892578125,1291.8923950195312,0.216447427868843,40.0,,0.0,0.0,40.0,0.0,-3.825201416015624,12.174798583984376,Leave_One_experiments/all_year_offline_schedule_search/daily_outputs/YCA/YCA_2014_YCA2014_stress_grid_S0007_daily.csv
YCA,YCA,Yucheng,2014,Leave_One_experiments\wth_generated_qc\YCA\YCA2014.WTH,normal_year;water_stress_year;nitrogen_stress_year,water_stress,YCA2014_stress_grid_S0007,pareto_balanced,2014-09-18,261,98,93,"{""sim_day"": 98.0, ""doy"": 261.0, ""topwt"": 3824.1976928710938, ""grnwt"": 1338.4048461914062, ""xlai"": 0.2102157920598983, ""totir"": 40.0, ""tofer"": NaN, ""swfac"": 0.0, ""nstres"": 0.2909662127494812}",0.0,0.2909662127494812,3824.1976928710938,1338.4048461914062,0.2102157920598983,40.0,,0.0,0.0,40.0,0.0,-3.825201416015624,12.174798583984376,Leave_One_experiments/all_year_offline_schedule_search/daily_outputs/YCA/YCA_2014_YCA2014_stress_grid_S0007_daily.csv
YCA,YCA,Yucheng,2014,Leave_One_experiments\wth_generated_qc\YCA\YCA2014.WTH,normal_year;water_stress_year;nitrogen_stress_year,water_stress,YCA2014_stress_grid_S0007,pareto_balanced,2014-09-19,262,99,94,"{""sim_day"": 99.0, ""doy"": 262.0, ""topwt"": 3860.6585693359375, ""grnwt"": 1384.9172973632812, ""xlai"": 0.2041370570659637, ""totir"": 40.0, ""tofer"": NaN, ""swfac"": 0.0, ""nstres"": 0.293997049331665}",0.0,0.293997049331665,3860.6585693359375,1384.9172973632812,0.2041370570659637,40.0,,0.0,0.0,40.0,0.0,-3.825201416015624,12.174798583984376,Leave_One_experiments/all_year_offline_schedule_search/daily_outputs/YCA/YCA_2014_YCA2014_stress_grid_S0007_daily.csv
YCA,YCA,Yucheng,2014,Leave_One_experiments\wth_generated_qc\YCA\YCA2014.WTH,normal_year;water_stress_year;nitrogen_stress_year,water_stress,YCA2014_stress_grid_S0007,pareto_balanced,2014-09-20,263,100,95,"{""sim_day"": 100.0, ""doy"": 263.0, ""topwt"": 3894.4552612304688, ""grnwt"": 1431.4299011230469, ""xlai"": 0.198148712515831, ""totir"": 40.0, ""tofer"": NaN, ""swfac"": 0.0, ""nstres"": 0.3040310144424438}",0.0,0.3040310144424438,3894.4552612304688,1431.4299011230469,0.198148712515831,40.0,,0.0,0.0,40.0,0.0,-3.825201416015624,12.174798583984376,Leave_One_experiments/all_year_offline_schedule_search/daily_outputs/YCA/YCA_2014_YCA2014_stress_grid_S0007_daily.csv
YCA,YCA,Yucheng,2014,Leave_One_experiments\wth_generated_qc\YCA\YCA2014.WTH,normal_year;water_stress_year;nitrogen_stress_year,water_stress,YCA2014_stress_grid_S0007,pareto_balanced,2014-09-21,264,101,96,"{""sim_day"": 101.0, ""doy"": 264.0, ""topwt"": 3926.5603637695312, ""grnwt"": 1477.942352294922, ""xlai"": 0.1922681778669357, ""totir"": 40.0, ""tofer"": NaN, ""swfac"": 0.0, ""nstres"": 0.312254786491394}",0.0,0.312254786491394,3926.5603637695312,1477.942352294922,0.1922681778669357,40.0,,0.0,0.0,40.0,0.0,-3.825201416015624,12.174798583984376,Leave_One_experiments/all_year_offline_schedule_search/daily_outputs/YCA/YCA_2014_YCA2014_stress_grid_S0007_daily.csv
YCA,YCA,Yucheng,2014,Leave_One_experiments\wth_generated_qc\YCA\YCA2014.WTH,normal_year;water_stress_year;nitrogen_stress_year,water_stress,YCA2014_stress_grid_S0007,pareto_balanced,2014-09-22,265,102,97,"{""sim_day"": 102.0, ""doy"": 265.0, ""topwt"": 3944.3267822265625, ""grnwt"": 1524.4548034667969, ""xlai"": 0.1865484416484832, ""totir"": 40.0, ""tofer"": NaN, ""swfac"": 0.0, ""nstres"": 0.3139708042144775}",0.0,0.3139708042144775,3944.3267822265625,1524.4548034667969,0.1865484416484832,40.0,,0.0,0.0,40.0,0.0,-3.825201416015624,12.174798583984376,Leave_One_experiments/all_year_offline_schedule_search/daily_outputs/YCA/YCA_2014_YCA2014_stress_grid_S0007_daily.csv
YCA,YCA,Yucheng,2014,Leave_One_experiments\wth_generated_qc\YCA\YCA2014.WTH,normal_year;water_stress_year;nitrogen_stress_year,water_stress,YCA2014_stress_grid_S0007,pareto_balanced,2014-09-23,266,103,98,"{""sim_day"": 103.0, ""doy"": 266.0, ""topwt"": 3961.5115356445312, ""grnwt"": 1570.9674072265625, ""xlai"": 0.1810275465250015, ""totir"": 40.0, ""tofer"": NaN, ""swfac"": 0.0, ""nstres"": 0.3102831840515136}",0.0,0.3102831840515136,3961.5115356445312,1570.9674072265625,0.1810275465250015,40.0,,0.0,0.0,40.0,0.0,-3.825201416015624,12.174798583984376,Leave_One_experiments/all_year_offline_schedule_search/daily_outputs/YCA/YCA_2014_YCA2014_stress_grid_S0007_daily.csv
YCA,YCA,Yucheng,2014,Leave_One_experiments\wth_generated_qc\YCA\YCA2014.WTH,normal_year;water_stress_year;nitrogen_stress_year,water_stress,YCA2014_stress_grid_S0007,pareto_balanced,2014-09-24,267,104,99,"{""sim_day"": 104.0, ""doy"": 267.0, ""topwt"": 3988.3175659179688, ""grnwt"": 1617.4798583984375, ""xlai"": 0.1757741421461105, ""totir"": 40.0, ""tofer"": NaN, ""swfac"": 0.0, ""nstres"": 0.2964726090431213}",0.0,0.2964726090431213,3988.3175659179688,1617.4798583984375,0.1757741421461105,40.0,,0.0,0.0,40.0,0.0,-3.825201416015624,12.174798583984376,Leave_One_experiments/all_year_offline_schedule_search/daily_outputs/YCA/YCA_2014_YCA2014_stress_grid_S0007_daily.csv
YCA,YCA,Yucheng,2014,Leave_One_experiments\wth_generated_qc\YCA\YCA2014.WTH,normal_year;water_stress_year;nitrogen_stress_year,water_stress,YCA2014_stress_grid_S0007,pareto_balanced,2014-09-25,268,105,100,"{""sim_day"": 105.0, ""doy"": 268.0, ""topwt"": 3988.3175659179688, ""grnwt"": 1617.4798583984375, ""xlai"": 0.1757741421461105, ""totir"": 40.0, ""tofer"": NaN, ""swfac"": 0.0, ""nstres"": 0.2818928956985473}",0.0,0.2818928956985473,3988.3175659179688,1617.4798583984375,0.1757741421461105,40.0,,0.0,0.0,40.0,0.0,-3.825201416015624,12.174798583984376,Leave_One_experiments/all_year_offline_schedule_search/daily_outputs/YCA/YCA_2014_YCA2014_stress_grid_S0007_daily.csv
YCA,YCA,Yucheng,2014,Leave_One_experiments\wth_generated_qc\YCA\YCA2014.WTH,normal_year;water_stress_year;nitrogen_stress_year,water_stress,YCA2014_stress_grid_S0007,pareto_balanced,2014-09-26,269,106,101,"{""sim_day"": 106.0, ""doy"": 269.0, ""topwt"": 3988.3175659179688, ""grnwt"": 1617.4798583984375, ""xlai"": 0.1757741421461105, ""totir"": 40.0, ""tofer"": NaN, ""swfac"": 0.0, ""nstres"": 0.2818928956985473}",0.0,0.2818928956985473,3988.3175659179688,1617.4798583984375,0.1757741421461105,40.0,,0.0,0.0,40.0,0.0,-3.825201416015624,12.174798583984376,Leave_One_experiments/all_year_offline_schedule_search/daily_outputs/YCA/YCA_2014_YCA2014_stress_grid_S0007_daily.csv
YCA,YCA,Yucheng,2014,Leave_One_experiments\wth_generated_qc\YCA\YCA2014.WTH,normal_year;water_stress_year;nitrogen_stress_year,water_stress,YCA2014_stress_grid_S0007,pareto_balanced,2014-09-27,270,107,102,"{""sim_day"": 107.0, ""doy"": 270.0, ""topwt"": 3988.3175659179688, ""grnwt"": 1617.4798583984375, ""xlai"": 0.1757741421461105, ""totir"": 40.0, ""tofer"": NaN, ""swfac"": 0.0, ""nstres"": 0.2818928956985473}",0.0,0.2818928956985473,3988.3175659179688,1617.4798583984375,0.1757741421461105,40.0,,0.0,0.0,40.0,0.0,-3.825201416015624,12.174798583984376,Leave_One_experiments/all_year_offline_schedule_search/daily_outputs/YCA/YCA_2014_YCA2014_stress_grid_S0007_daily.csv
YCA,YCA,Yucheng,2014,Leave_One_experiments\wth_generated_qc\YCA\YCA2014.WTH,normal_year;water_stress_year;nitrogen_stress_year,water_stress,YCA2014_stress_grid_S0008,pareto_balanced,2014-06-18,169,1,1,"{""sim_day"": 1.0, ""doy"": 169.0, ""topwt"": 0.0, ""grnwt"": 0.0, ""xlai"": 0.0, ""totir"": 0.0, ""tofer"": NaN, ""swfac"": 0.0, ""nstres"": 0.0}",0.0,0.0,0.0,0.0,0.0,0.0,,0.0,0.0,40.0,0.0,-3.825201416015624,12.174798583984376,Leave_One_experiments/all_year_offline_schedule_search/daily_outputs/YCA/YCA_2014_YCA2014_stress_grid_S0008_daily.csv
YCA,YCA,Yucheng,2014,Leave_One_experiments\wth_generated_qc\YCA\YCA2014.WTH,normal_year;water_stress_year;nitrogen_stress_year,water_stress,YCA2014_stress_grid_S0008,pareto_balanced,2014-06-19,170,2,2,"{""sim_day"": 2.0, ""doy"": 170.0, ""topwt"": 0.0, ""grnwt"": 0.0, ""xlai"": 0.0, ""totir"": 0.0, ""tofer"": NaN, ""swfac"": 0.0, ""nstres"": 0.0}",0.0,0.0,0.0,0.0,0.0,0.0,,0.0,0.0,40.0,0.0,-3.825201416015624,12.174798583984376,Leave_One_experiments/all_year_offline_schedule_search/daily_outputs/YCA/YCA_2014_YCA2014_stress_grid_S0008_daily.csv
YCA,YCA,Yucheng,2014,Leave_One_experiments\wth_generated_qc\YCA\YCA2014.WTH,normal_year;water_stress_year;nitrogen_stress_year,water_stress,YCA2014_stress_grid_S0008,pareto_balanced,2014-06-20,171,3,3,"{""sim_day"": 3.0, ""doy"": 171.0, ""topwt"": 0.0, ""grnwt"": 0.0, ""xlai"": 0.0, ""totir"": 0.0, ""tofer"": NaN, ""swfac"": 0.0, ""nstres"": 0.0}",0.0,0.0,0.0,0.0,0.0,0.0,,0.0,0.0,40.0,0.0,-3.825201416015624,12.174798583984376,Leave_One_experiments/all_year_offline_schedule_search/daily_outputs/YCA/YCA_2014_YCA2014_stress_grid_S0008_daily.csv
YCA,YCA,Yucheng,2014,Leave_One_experiments\wth_generated_qc\YCA\YCA2014.WTH,normal_year;water_stress_year;nitrogen_stress_year,water_stress,YCA2014_stress_grid_S0008,pareto_balanced,2014-06-21,172,4,4,"{""sim_day"": 4.0, ""doy"": 172.0, ""topwt"": 0.0, ""grnwt"": 0.0, ""xlai"": 0.0, ""totir"": 0.0, ""tofer"": NaN, ""swfac"": 0.0, ""nstres"": 0.0}",0.0,0.0,0.0,0.0,0.0,0.0,,0.0,0.0,40.0,0.0,-3.825201416015624,12.174798583984376,Leave_One_experiments/all_year_offline_schedule_search/daily_outputs/YCA/YCA_2014_YCA2014_stress_grid_S0008_daily.csv
YCA,YCA,Yucheng,2014,Leave_One_experiments\wth_generated_qc\YCA\YCA2014.WTH,normal_year;water_stress_year;nitrogen_stress_year,water_stress,YCA2014_stress_grid_S0008,pareto_balanced,2014-06-22,173,5,5,"{""sim_day"": 5.0, ""doy"": 173.0, ""topwt"": 0.0, ""grnwt"": 0.0, ""xlai"": 0.0, ""totir"": 0.0, ""tofer"": NaN, ""swfac"": 0.0, ""nstres"": 0.0}",0.0,0.0,0.0,0.0,0.0,0.0,,0.0,0.0,40.0,0.0,-3.825201416015624,12.174798583984376,Leave_One_experiments/all_year_offline_schedule_search/daily_outputs/YCA/YCA_2014_YCA2014_stress_grid_S0008_daily.csv
YCA,YCA,Yucheng,2014,Leave_One_experiments\wth_generated_qc\YCA\YCA2014.WTH,normal_year;water_stress_year;nitrogen_stress_year,water_stress,YCA2014_stress_grid_S0008,pareto_balanced,2014-06-18,169,6,1,"{""sim_day"": 6.0, ""doy"": 169.0, ""topwt"": 0.0, ""grnwt"": 0.0, ""xlai"": 0.0, ""totir"": 0.0, ""tofer"": NaN, ""swfac"": 0.0, ""nstres"": 0.0}",0.0,0.0,0.0,0.0,0.0,0.0,,0.0,0.0,40.0,0.0,-3.825201416015624,12.174798583984376,Leave_One_experiments/all_year_offline_schedule_search/daily_outputs/YCA/YCA_2014_YCA2014_stress_grid_S0008_daily.csv
YCA,YCA,Yucheng,2014,Leave_One_experiments\wth_generated_qc\YCA\YCA2014.WTH,normal_year;water_stress_year;nitrogen_stress_year,water_stress,YCA2014_stress_grid_S0008,pareto_balanced,2014-06-19,170,7,2,"{""sim_day"": 7.0, ""doy"": 170.0, ""topwt"": 0.0, ""grnwt"": 0.0, ""xlai"": 0.0, ""totir"": 0.0, ""tofer"": NaN, ""swfac"": 0.0, ""nstres"": 0.0}",0.0,0.0,0.0,0.0,0.0,0.0,,0.0,0.0,40.0,0.0,-3.825201416015624,12.174798583984376,Leave_One_experiments/all_year_offline_schedule_search/daily_outputs/YCA/YCA_2014_YCA2014_stress_grid_S0008_daily.csv
YCA,YCA,Yucheng,2014,Leave_One_experiments\wth_generated_qc\YCA\YCA2014.WTH,normal_year;water_stress_year;nitrogen_stress_year,water_stress,YCA2014_stress_grid_S0008,pareto_balanced,2014-06-20,171,8,3,"{""sim_day"": 8.0, ""doy"": 171.0, ""topwt"": 0.0, ""grnwt"": 0.0, ""xlai"": 0.0, ""totir"": 0.0, ""tofer"": NaN, ""swfac"": 0.0, ""nstres"": 0.0}",0.0,0.0,0.0,0.0,0.0,0.0,,0.0,0.0,40.0,0.0,-3.825201416015624,12.174798583984376,Leave_One_experiments/all_year_offline_schedule_search/daily_outputs/YCA/YCA_2014_YCA2014_stress_grid_S0008_daily.csv
YCA,YCA,Yucheng,2014,Leave_One_experiments\wth_generated_qc\YCA\YCA2014.WTH,normal_year;water_stress_year;nitrogen_stress_year,water_stress,YCA2014_stress_grid_S0008,pareto_balanced,2014-06-21,172,9,4,"{""sim_day"": 9.0, ""doy"": 172.0, ""topwt"": 0.0, ""grnwt"": 0.0, ""xlai"": 0.0, ""totir"": 0.0, ""tofer"": NaN, ""swfac"": 0.0, ""nstres"": 0.0}",0.0,0.0,0.0,0.0,0.0,0.0,,0.0,0.0,40.0,0.0,-3.825201416015624,12.174798583984376,Leave_One_experiments/all_year_offline_schedule_search/daily_outputs/YCA/YCA_2014_YCA2014_stress_grid_S0008_daily.csv
YCA,YCA,Yucheng,2014,Leave_One_experiments\wth_generated_qc\YCA\YCA2014.WTH,normal_year;water_stress_year;nitrogen_stress_year,water_stress,YCA2014_stress_grid_S0008,pareto_balanced,2014-06-22,173,10,5,"{""sim_day"": 10.0, ""doy"": 173.0, ""topwt"": 0.0, ""grnwt"": 0.0, ""xlai"": 0.0, ""totir"": 0.0, ""tofer"": NaN, ""swfac"": 0.0, ""nstres"": 0.0}",0.0,0.0,0.0,0.0,0.0,0.0,,0.0,0.0,40.0,0.0,-3.825201416015624,12.174798583984376,Leave_One_experiments/all_year_offline_schedule_search/daily_outputs/YCA/YCA_2014_YCA2014_stress_grid_S0008_daily.csv
YCA,YCA,Yucheng,2014,Leave_One_experiments\wth_generated_qc\YCA\YCA2014.WTH,normal_year;water_stress_year;nitrogen_stress_year,water_stress,YCA2014_stress_grid_S0008,pareto_balanced,2014-06-23,174,11,6,"{""sim_day"": 11.0, ""doy"": 174.0, ""topwt"": 26.400001049041748, ""grnwt"": 0.0, ""xlai"": 0.0048709167167544, ""totir"": 0.0, ""tofer"": NaN, ""swfac"": 0.0, ""nstres"": 0.0121910572052001}",0.0,0.0121910572052001,26.400001049041748,0.0,0.0048709167167544,0.0,,0.0,0.0,40.0,0.0,-3.825201416015624,12.174798583984376,Leave_One_experiments/all_year_offline_schedule_search/daily_outputs/YCA/YCA_2014_YCA2014_stress_grid_S0008_daily.csv
YCA,YCA,Yucheng,2014,Leave_One_experiments\wth_generated_qc\YCA\YCA2014.WTH,normal_year;water_stress_year;nitrogen_stress_year,water_stress,YCA2014_stress_grid_S0008,pareto_balanced,2014-06-24,175,12,7,"{""sim_day"": 12.0, ""doy"": 175.0, ""topwt"": 26.400001049041748, ""grnwt"": 0.0, ""xlai"": 0.0092580942437052, ""totir"": 0.0, ""tofer"": NaN, ""swfac"": 0.0, ""nstres"": 0.0116716027259826}",0.0,0.0116716027259826,26.400001049041748,0.0,0.0092580942437052,0.0,,0.0,0.0,40.0,0.0,-3.825201416015624,12.174798583984376,Leave_One_experiments/all_year_offline_schedule_search/daily_outputs/YCA/YCA_2014_YCA2014_stress_grid_S0008_daily.csv
YCA,YCA,Yucheng,2014,Leave_One_experiments\wth_generated_qc\YCA\YCA2014.WTH,normal_year;water_stress_year;nitrogen_stress_year,water_stress,YCA2014_stress_grid_S0008,pareto_balanced,2014-06-25,176,13,8,"{""sim_day"": 13.0, ""doy"": 176.0, ""topwt"": 26.400001049041748, ""grnwt"": 0.0, ""xlai"": 0.0150158461183309, ""totir"": 0.0, ""tofer"": NaN, ""swfac"": 0.0, ""nstres"": 0.004654049873352}",0.0,0.004654049873352,26.400001049041748,0.0,0.0150158461183309,0.0,,0.0,0.0,40.0,0.0,-3.825201416015624,12.174798583984376,Leave_One_experiments/all_year_offline_schedule_search/daily_outputs/YCA/YCA_2014_YCA2014_stress_grid_S0008_daily.csv
YCA,YCA,Yucheng,2014,Leave_One_experiments\wth_generated_qc\YCA\YCA2014.WTH,normal_year;water_stress_year;nitrogen_stress_year,water_stress,YCA2014_stress_grid_S0008,pareto_balanced,2014-06-26,177,14,9,"{""sim_day"": 14.0, ""doy"": 177.0, ""topwt"": 26.400001049041748, ""grnwt"": 0.0, ""xlai"": 0.0367106311023235, ""totir"": 0.0, ""tofer"": NaN, ""swfac"": 0.0, ""nstres"": 0.0}",0.0,0.0,26.400001049041748,0.0,0.0367106311023235,0.0,,0.0,0.0,40.0,0.0,-3.825201416015624,12.174798583984376,Leave_One_experiments/all_year_offline_schedule_search/daily_outputs/YCA/YCA_2014_YCA2014_stress_grid_S0008_daily.csv
YCA,YCA,Yucheng,2014,Leave_One_experiments\wth_generated_qc\YCA\YCA2014.WTH,normal_year;water_stress_year;nitrogen_stress_year,water_stress,YCA2014_stress_grid_S0008,pareto_balanced,2014-06-27,178,15,10,"{""sim_day"": 15.0, ""doy"": 178.0, ""topwt"": 33.08252811431885, ""grnwt"": 0.0, ""xlai"": 0.0628632083535194, ""totir"": 0.0, ""tofer"": NaN, ""swfac"": 0.0, ""nstres"": 0.0}",0.0,0.0,33.08252811431885,0.0,0.0628632083535194,0.0,,0.0,0.0,40.0,0.0,-3.825201416015624,12.174798583984376,Leave_One_experiments/all_year_offline_schedule_search/daily_outputs/YCA/YCA_2014_YCA2014_stress_grid_S0008_daily.csv
YCA,YCA,Yucheng,2014,Leave_One_experiments\wth_generated_qc\YCA\YCA2014.WTH,normal_year;water_stress_year;nitrogen_stress_year,water_stress,YCA2014_stress_grid_S0008,pareto_balanced,2014-06-28,179,16,11,"{""sim_day"": 16.0, ""doy"": 179.0, ""topwt"": 45.27156352996826, ""grnwt"": 0.0, ""xlai"": 0.0920091271400451, ""totir"": 0.0, ""tofer"": NaN, ""swfac"": 0.0, ""nstres"": 0.0}",0.0,0.0,45.27156352996826,0.0,0.0920091271400451,0.0,,0.0,0.0,40.0,0.0,-3.825201416015624,12.174798583984376,Leave_One_experiments/all_year_offline_schedule_search/daily_outputs/YCA/YCA_2014_YCA2014_stress_grid_S0008_daily.csv
YCA,YCA,Yucheng,2014,Leave_One_experiments\wth_generated_qc\YCA\YCA2014.WTH,normal_year;water_stress_year;nitrogen_stress_year,water_stress,YCA2014_stress_grid_S0008,pareto_balanced,2014-06-29,180,17,12,"{""sim_day"": 17.0, ""doy"": 180.0, ""topwt"": 59.153804779052734, ""grnwt"": 0.0, ""xlai"": 0.1225045248866081, ""totir"": 0.0, ""tofer"": NaN, ""swfac"": 0.0, ""nstres"": 0.0}",0.0,0.0,59.153804779052734,0.0,0.1225045248866081,0.0,,0.0,0.0,40.0,0.0,-3.825201416015624,12.174798583984376,Leave_One_experiments/all_year_offline_schedule_search/daily_outputs/YCA/YCA_2014_YCA2014_stress_grid_S0008_daily.csv
YCA,YCA,Yucheng,2014,Leave_One_experiments\wth_generated_qc\YCA\YCA2014.WTH,normal_year;water_stress_year;nitrogen_stress_year,water_stress,YCA2014_stress_grid_S0008,pareto_balanced,2014-06-30,181,18,13,"{""sim_day"": 18.0, ""doy"": 181.0, ""topwt"": 79.16231632232666, ""grnwt"": 0.0, ""xlai"": 0.163295105099678, ""totir"": 0.0, ""tofer"": NaN, ""swfac"": 0.0, ""nstres"": 0.0}",0.0,0.0,79.16231632232666,0.0,0.163295105099678,0.0,,0.0,0.0,40.0,0.0,-3.825201416015624,12.174798583984376,Leave_One_experiments/all_year_offline_schedule_search/daily_outputs/YCA/YCA_2014_YCA2014_stress_grid_S0008_daily.csv
YCA,YCA,Yucheng,2014,Leave_One_experiments\wth_generated_qc\YCA\YCA2014.WTH,normal_year;water_stress_year;nitrogen_stress_year,water_stress,YCA2014_stress_grid_S0008,pareto_balanced,2014-07-01,182,19,14,"{""sim_day"": 19.0, ""doy"": 182.0, ""topwt"": 101.60086631774902, ""grnwt"": 0.0, ""xlai"": 0.2060578763484954, ""totir"": 0.0, ""tofer"": NaN, ""swfac"": 0.0, ""nstres"": 0.0}",0.0,0.0,101.60086631774902,0.0,0.2060578763484954,0.0,,0.0,0.0,40.0,0.0,-3.825201416015624,12.174798583984376,Leave_One_experiments/all_year_offline_schedule_search/daily_outputs/YCA/YCA_2014_YCA2014_stress_grid_S0008_daily.csv
YCA,YCA,Yucheng,2014,Leave_One_experiments\wth_generated_qc\YCA\YCA2014.WTH,normal_year;water_stress_year;nitrogen_stress_year,water_stress,YCA2014_stress_grid_S0008,pareto_balanced,2014-07-02,183,20,15,"{""sim_day"": 20.0, ""doy"": 183.0, ""topwt"": 129.16531562805176, ""grnwt"": 0.0, ""xlai"": 0.2555956542491913, ""totir"": 0.0, ""tofer"": NaN, ""swfac"": 0.0, ""nstres"": 0.0320024490356445}",0.0,0.0320024490356445,129.16531562805176,0.0,0.2555956542491913,0.0,,0.0,0.0,40.0,0.0,-3.825201416015624,12.174798583984376,Leave_One_experiments/all_year_offline_schedule_search/daily_outputs/YCA/YCA_2014_YCA2014_stress_grid_S0008_daily.csv
YCA,YCA,Yucheng,2014,Leave_One_experiments\wth_generated_qc\YCA\YCA2014.WTH,normal_year;water_stress_year;nitrogen_stress_year,water_stress,YCA2014_stress_grid_S0008,pareto_balanced,2014-07-03,184,21,16,"{""sim_day"": 21.0, ""doy"": 184.0, ""topwt"": 160.7206153869629, ""grnwt"": 0.0, ""xlai"": 0.3073117733001709, ""totir"": 0.0, ""tofer"": NaN, ""swfac"": 0.0, ""nstres"": 0.0944449305534362}",0.0,0.0944449305534362,160.7206153869629,0.0,0.3073117733001709,0.0,,0.0,0.0,40.0,0.0,-3.825201416015624,12.174798583984376,Leave_One_experiments/all_year_offline_schedule_search/daily_outputs/YCA/YCA_2014_YCA2014_stress_grid_S0008_daily.csv
YCA,YCA,Yucheng,2014,Leave_One_experiments\wth_generated_qc\YCA\YCA2014.WTH,normal_year;water_stress_year;nitrogen_stress_year,water_stress,YCA2014_stress_grid_S0008,pareto_balanced,2014-07-04,185,22,17,"{""sim_day"": 22.0, ""doy"": 185.0, ""topwt"": 201.08922958374023, ""grnwt"": 0.0, ""xlai"": 0.368292897939682, ""totir"": 0.0, ""tofer"": NaN, ""swfac"": 0.0, ""nstres"": 0.1398897767066955}",0.0,0.1398897767066955,201.08922958374023,0.0,0.368292897939682,0.0,,0.0,0.0,40.0,0.0,-3.825201416015624,12.174798583984376,Leave_One_experiments/all_year_offline_schedule_search/daily_outputs/YCA/YCA_2014_YCA2014_stress_grid_S0008_daily.csv
YCA,YCA,Yucheng,2014,Leave_One_experiments\wth_generated_qc\YCA\YCA2014.WTH,normal_year;water_stress_year;nitrogen_stress_year,water_stress,YCA2014_stress_grid_S0008,pareto_balanced,2014-07-05,186,23,18,"{""sim_day"": 23.0, ""doy"": 186.0, ""topwt"": 214.0566062927246, ""grnwt"": 0.0, ""xlai"": 0.4075962901115417, ""totir"": 0.0, ""tofer"": NaN, ""swfac"": 0.0, ""nstres"": 0.1844323277473449}",0.0,0.1844323277473449,214.0566062927246,0.0,0.4075962901115417,0.0,,0.0,0.0,40.0,0.0,-3.825201416015624,12.174798583984376,Leave_One_experiments/all_year_offline_schedule_search/daily_outputs/YCA/YCA_2014_YCA2014_stress_grid_S0008_daily.csv
YCA,YCA,Yucheng,2014,Leave_One_experiments\wth_generated_qc\YCA\YCA2014.WTH,normal_year;water_stress_year;nitrogen_stress_year,water_stress,YCA2014_stress_grid_S0008,pareto_balanced,2014-07-06,187,24,19,"{""sim_day"": 24.0, ""doy"": 187.0, ""topwt"": 239.7132873535156, ""grnwt"": 0.0, ""xlai"": 0.4383265078067779, ""totir"": 0.0, ""tofer"": NaN, ""swfac"": 0.0, ""nstres"": 0.2969712615013122}",0.0,0.2969712615013122,239.7132873535156,0.0,0.4383265078067779,0.0,,0.0,0.0,40.0,0.0,-3.825201416015624,12.174798583984376,Leave_One_experiments/all_year_offline_schedule_search/daily_outputs/YCA/YCA_2014_YCA2014_stress_grid_S0008_daily.csv
YCA,YCA,Yucheng,2014,Leave_One_experiments\wth_generated_qc\YCA\YCA2014.WTH,normal_year;water_stress_year;nitrogen_stress_year,water_stress,YCA2014_stress_grid_S0008,pareto_balanced,2014-07-07,188,25,20,"{""sim_day"": 25.0, ""doy"": 188.0, ""topwt"": 271.2540626525879, ""grnwt"": 0.0, ""xlai"": 0.4766831994056701, ""totir"": 0.0, ""tofer"": NaN, ""swfac"": 0.0, ""nstres"": 0.2944358587265014}",0.0,0.2944358587265014,271.2540626525879,0.0,0.4766831994056701,0.0,,0.0,0.0,40.0,0.0,-3.825201416015624,12.174798583984376,Leave_One_experiments/all_year_offline_schedule_search/daily_outputs/YCA/YCA_2014_YCA2014_stress_grid_S0008_daily.csv
YCA,YCA,Yucheng,2014,Leave_One_experiments\wth_generated_qc\YCA\YCA2014.WTH,normal_year;water_stress_year;nitrogen_stress_year,water_stress,YCA2014_stress_grid_S0008,pareto_balanced,2014-07-08,189,26,21,"{""sim_day"": 26.0, ""doy"": 189.0, ""topwt"": 304.9406623840332, ""grnwt"": 0.0, ""xlai"": 0.5156340003013611, ""totir"": 0.0, ""tofer"": NaN, ""swfac"": 0.0, ""nstres"": 0.3136873841285705}",0.0,0.3136873841285705,304.9406623840332,0.0,0.5156340003013611,0.0,,0.0,0.0,40.0,0.0,-3.825201416015624,12.174798583984376,Leave_One_experiments/all_year_offline_schedule_search/daily_outputs/YCA/YCA_2014_YCA2014_stress_grid_S0008_daily.csv
YCA,YCA,Yucheng,2014,Leave_One_experiments\wth_generated_qc\YCA\YCA2014.WTH,normal_year;water_stress_year;nitrogen_stress_year,water_stress,YCA2014_stress_grid_S0008,pareto_balanced,2014-07-09,190,27,22,"{""sim_day"": 27.0, ""doy"": 190.0, ""topwt"": 317.03956604003906, ""grnwt"": 0.0, ""xlai"": 0.5190263390541077, ""totir"": 0.0, ""tofer"": NaN, ""swfac"": 0.0, ""nstres"": 0.3214543461799621}",0.0,0.3214543461799621,317.03956604003906,0.0,0.5190263390541077,0.0,,0.0,0.0,40.0,0.0,-3.825201416015624,12.174798583984376,Leave_One_experiments/all_year_offline_schedule_search/daily_outputs/YCA/YCA_2014_YCA2014_stress_grid_S0008_daily.csv
YCA,YCA,Yucheng,2014,Leave_One_experiments\wth_generated_qc\YCA\YCA2014.WTH,normal_year;water_stress_year;nitrogen_stress_year,water_stress,YCA2014_stress_grid_S0008,pareto_balanced,2014-07-10,191,28,23,"{""sim_day"": 28.0, ""doy"": 191.0, ""topwt"": 354.6401596069336, ""grnwt"": 0.0, ""xlai"": 0.5605762004852295, ""totir"": 0.0, ""tofer"": NaN, ""swfac"": 0.0, ""nstres"": 0.332972764968872}",0.0,0.332972764968872,354.6401596069336,0.0,0.5605762004852295,0.0,,0.0,0.0,40.0,0.0,-3.825201416015624,12.174798583984376,Leave_One_experiments/all_year_offline_schedule_search/daily_outputs/YCA/YCA_2014_YCA2014_stress_grid_S0008_daily.csv
YCA,YCA,Yucheng,2014,Leave_One_experiments\wth_generated_qc\YCA\YCA2014.WTH,normal_year;water_stress_year;nitrogen_stress_year,water_stress,YCA2014_stress_grid_S0008,pareto_balanced,2014-07-11,192,29,24,"{""sim_day"": 29.0, ""doy"": 192.0, ""topwt"": 397.63797760009766, ""grnwt"": 0.0, ""xlai"": 0.6014066934585571, ""totir"": 0.0, ""tofer"": NaN, ""swfac"": 0.0, ""nstres"": 0.3155314326286316}",0.0,0.3155314326286316,397.63797760009766,0.0,0.6014066934585571,0.0,,0.0,0.0,40.0,0.0,-3.825201416015624,12.174798583984376,Leave_One_experiments/all_year_offline_schedule_search/daily_outputs/YCA/YCA_2014_YCA2014_stress_grid_S0008_daily.csv
YCA,YCA,Yucheng,2014,Leave_One_experiments\wth_generated_qc\YCA\YCA2014.WTH,normal_year;water_stress_year;nitrogen_stress_year,water_stress,YCA2014_stress_grid_S0008,pareto_balanced,2014-07-12,193,30,25,"{""sim_day"": 30.0, ""doy"": 193.0, ""topwt"": 446.4471435546875, ""grnwt"": 0.0, ""xlai"": 0.6522783637046814, ""totir"": 0.0, ""tofer"": NaN, ""swfac"": 0.0, ""nstres"": 0.3256207108497619}",0.0,0.3256207108497619,446.4471435546875,0.0,0.6522783637046814,0.0,,0.0,0.0,40.0,0.0,-3.825201416015624,12.174798583984376,Leave_One_experiments/all_year_offline_schedule_search/daily_outputs/YCA/YCA_2014_YCA2014_stress_grid_S0008_daily.csv
YCA,YCA,Yucheng,2014,Leave_One_experiments\wth_generated_qc\YCA\YCA2014.WTH,normal_year;water_stress_year;nitrogen_stress_year,water_stress,YCA2014_stress_grid_S0008,pareto_balanced,2014-07-13,194,31,26,"{""sim_day"": 31.0, ""doy"": 194.0, ""topwt"": 499.9314880371094, ""grnwt"": 0.0, ""xlai"": 0.7042425274848938, ""totir"": 0.0, ""tofer"": NaN, ""swfac"": 0.0, ""nstres"": 0.3467897772789001}",0.0,0.3467897772789001,499.9314880371094,0.0,0.7042425274848938,0.0,,0.0,0.0,40.0,0.0,-3.825201416015624,12.174798583984376,Leave_One_experiments/all_year_offline_schedule_search/daily_outputs/YCA/YCA_2014_YCA2014_stress_grid_S0008_daily.csv
YCA,YCA,Yucheng,2014,Leave_One_experiments\wth_generated_qc\YCA\YCA2014.WTH,normal_year;water_stress_year;nitrogen_stress_year,water_stress,YCA2014_stress_grid_S0008,pareto_balanced,2014-07-14,195,32,27,"{""sim_day"": 32.0, ""doy"": 195.0, ""topwt"": 548.5818099975586, ""grnwt"": 0.0, ""xlai"": 0.7448596954345703, ""totir"": 0.0, ""tofer"": NaN, ""swfac"": 0.0, ""nstres"": 0.3531081676483154}",0.0,0.3531081676483154,548.5818099975586,0.0,0.7448596954345703,0.0,,0.0,0.0,40.0,0.0,-3.825201416015624,12.174798583984376,Leave_One_experiments/all_year_offline_schedule_search/daily_outputs/YCA/YCA_2014_YCA2014_stress_grid_S0008_daily.csv
YCA,YCA,Yucheng,2014,Leave_One_experiments\wth_generated_qc\YCA\YCA2014.WTH,normal_year;water_stress_year;nitrogen_stress_year,water_stress,YCA2014_stress_grid_S0008,pareto_balanced,2014-07-15,196,33,28,"{""sim_day"": 33.0, ""doy"": 196.0, ""topwt"": 604.6387100219727, ""grnwt"": 0.0, ""xlai"": 0.7896798253059387, ""totir"": 0.0, ""tofer"": NaN, ""swfac"": 0.0, ""nstres"": 0.3602413535118103}",0.0,0.3602413535118103,604.6387100219727,0.0,0.7896798253059387,0.0,,0.0,0.0,40.0,0.0,-3.825201416015624,12.174798583984376,Leave_One_experiments/all_year_offline_schedule_search/daily_outputs/YCA/YCA_2014_YCA2014_stress_grid_S0008_daily.csv
YCA,YCA,Yucheng,2014,Leave_One_experiments\wth_generated_qc\YCA\YCA2014.WTH,normal_year;water_stress_year;nitrogen_stress_year,water_stress,YCA2014_stress_grid_S0008,pareto_balanced,2014-07-16,197,34,29,"{""sim_day"": 34.0, ""doy"": 197.0, ""topwt"": 663.2770538330078, ""grnwt"": 0.0, ""xlai"": 0.8308554291725159, ""totir"": 0.0, ""tofer"": NaN, ""swfac"": 0.0, ""nstres"": 0.388946533203125}",0.0,0.388946533203125,663.2770538330078,0.0,0.8308554291725159,0.0,,0.0,0.0,40.0,0.0,-3.825201416015624,12.174798583984376,Leave_One_experiments/all_year_offline_schedule_search/daily_outputs/YCA/YCA_2014_YCA2014_stress_grid_S0008_daily.csv
YCA,YCA,Yucheng,2014,Leave_One_experiments\wth_generated_qc\YCA\YCA2014.WTH,normal_year;water_stress_year;nitrogen_stress_year,water_stress,YCA2014_stress_grid_S0008,pareto_balanced,2014-07-17,198,35,30,"{""sim_day"": 35.0, ""doy"": 198.0, ""topwt"": 723.4074401855469, ""grnwt"": 0.0, ""xlai"": 0.8665963411331177, ""totir"": 0.0, ""tofer"": NaN, ""swfac"": 0.0, ""nstres"": 0.4205790758132934}",0.0,0.4205790758132934,723.4074401855469,0.0,0.8665963411331177,0.0,,0.0,0.0,40.0,0.0,-3.825201416015624,12.174798583984376,Leave_One_experiments/all_year_offline_schedule_search/daily_outputs/YCA/YCA_2014_YCA2014_stress_grid_S0008_daily.csv
YCA,YCA,Yucheng,2014,Leave_One_experiments\wth_generated_qc\YCA\YCA2014.WTH,normal_year;water_stress_year;nitrogen_stress_year,water_stress,YCA2014_stress_grid_S0008,pareto_balanced,2014-07-18,199,36,31,"{""sim_day"": 36.0, ""doy"": 199.0, ""topwt"": 785.6404113769531, ""grnwt"": 0.0, ""xlai"": 0.8975765109062195, ""totir"": 0.0, ""tofer"": NaN, ""swfac"": 0.0, ""nstres"": 0.4459074139595032}",0.0,0.4459074139595032,785.6404113769531,0.0,0.8975765109062195,0.0,,0.0,0.0,40.0,0.0,-3.825201416015624,12.174798583984376,Leave_One_experiments/all_year_offline_schedule_search/daily_outputs/YCA/YCA_2014_YCA2014_stress_grid_S0008_daily.csv
YCA,YCA,Yucheng,2014,Leave_One_experiments\wth_generated_qc\YCA\YCA2014.WTH,normal_year;water_stress_year;nitrogen_stress_year,water_stress,YCA2014_stress_grid_S0008,pareto_balanced,2014-07-19,200,37,32,"{""sim_day"": 37.0, ""doy"": 200.0, ""topwt"": 847.7178192138672, ""grnwt"": 0.0, ""xlai"": 0.9218620657920836, ""totir"": 0.0, ""tofer"": NaN, ""swfac"": 0.0, ""nstres"": 0.4681383371353149}",0.0,0.4681383371353149,847.7178192138672,0.0,0.9218620657920836,0.0,,0.0,0.0,40.0,0.0,-3.825201416015624,12.174798583984376,Leave_One_experiments/all_year_offline_schedule_search/daily_outputs/YCA/YCA_2014_YCA2014_stress_grid_S0008_daily.csv
YCA,YCA,Yucheng,2014,Leave_One_experiments\wth_generated_qc\YCA\YCA2014.WTH,normal_year;water_stress_year;nitrogen_stress_year,water_stress,YCA2014_stress_grid_S0008,pareto_balanced,2014-07-20,201,38,33,"{""sim_day"": 38.0, ""doy"": 201.0, ""topwt"": 918.4317016601562, ""grnwt"": 0.0, ""xlai"": 0.9470667839050292, ""totir"": 0.0, ""tofer"": NaN, ""swfac"": 0.0, ""nstres"": 0.4856297373771667}",0.0,0.4856297373771667,918.4317016601562,0.0,0.9470667839050292,0.0,,0.0,0.0,40.0,0.0,-3.825201416015624,12.174798583984376,Leave_One_experiments/all_year_offline_schedule_search/daily_outputs/YCA/YCA_2014_YCA2014_stress_grid_S0008_daily.csv
YCA,YCA,Yucheng,2014,Leave_One_experiments\wth_generated_qc\YCA\YCA2014.WTH,normal_year;water_stress_year;nitrogen_stress_year,water_stress,YCA2014_stress_grid_S0008,pareto_balanced,2014-07-21,202,39,34,"{""sim_day"": 39.0, ""doy"": 202.0, ""topwt"": 955.6266021728516, ""grnwt"": 0.0, ""xlai"": 0.9405346512794496, ""totir"": 0.0, ""tofer"": NaN, ""swfac"": 0.0, ""nstres"": 0.5016410946846008}",0.0,0.5016410946846008,955.6266021728516,0.0,0.9405346512794496,0.0,,0.0,0.0,40.0,0.0,-3.825201416015624,12.174798583984376,Leave_One_experiments/all_year_offline_schedule_search/daily_outputs/YCA/YCA_2014_YCA2014_stress_grid_S0008_daily.csv
YCA,YCA,Yucheng,2014,Leave_One_experiments\wth_generated_qc\YCA\YCA2014.WTH,normal_year;water_stress_year;nitrogen_stress_year,water_stress,YCA2014_stress_grid_S0008,pareto_balanced,2014-07-22,203,40,35,"{""sim_day"": 40.0, ""doy"": 203.0, ""topwt"": 992.5771331787108, ""grnwt"": 0.0, ""xlai"": 0.9315337538719176, ""totir"": 40.0, ""tofer"": NaN, ""swfac"": 0.0, ""nstres"": 0.5201695561408997}",0.0,0.5201695561408997,992.5771331787108,0.0,0.9315337538719176,40.0,,40.0,0.0,40.0,0.0,-3.825201416015624,12.174798583984376,Leave_One_experiments/all_year_offline_schedule_search/daily_outputs/YCA/YCA_2014_YCA2014_stress_grid_S0008_daily.csv
YCA,YCA,Yucheng,2014,Leave_One_experiments\wth_generated_qc\YCA\YCA2014.WTH,normal_year;water_stress_year;nitrogen_stress_year,water_stress,YCA2014_stress_grid_S0008,pareto_balanced,2014-07-23,204,41,36,"{""sim_day"": 41.0, ""doy"": 204.0, ""topwt"": 1042.1138763427734, ""grnwt"": 0.0, ""xlai"": 0.9302502870559692, ""totir"": 40.0, ""tofer"": NaN, ""swfac"": 0.0, ""nstres"": 0.5105766654014587}",0.0,0.5105766654014587,1042.1138763427734,0.0,0.9302502870559692,40.0,,0.0,0.0,40.0,0.0,-3.825201416015624,12.174798583984376,Leave_One_experiments/all_year_offline_schedule_search/daily_outputs/YCA/YCA_2014_YCA2014_stress_grid_S0008_daily.csv
YCA,YCA,Yucheng,2014,Leave_One_experiments\wth_generated_qc\YCA\YCA2014.WTH,normal_year;water_stress_year;nitrogen_stress_year,water_stress,YCA2014_stress_grid_S0008,pareto_balanced,2014-07-24,205,42,37,"{""sim_day"": 42.0, ""doy"": 205.0, ""topwt"": 1103.1529998779297, ""grnwt"": 0.0, ""xlai"": 0.9343870878219604, ""totir"": 40.0, ""tofer"": NaN, ""swfac"": 0.0, ""nstres"": 0.5083810091018677}",0.0,0.5083810091018677,1103.1529998779297,0.0,0.9343870878219604,40.0,,0.0,0.0,40.0,0.0,-3.825201416015624,12.174798583984376,Leave_One_experiments/all_year_offline_schedule_search/daily_outputs/YCA/YCA_2014_YCA2014_stress_grid_S0008_daily.csv
YCA,YCA,Yucheng,2014,Leave_One_experiments\wth_generated_qc\YCA\YCA2014.WTH,normal_year;water_stress_year;nitrogen_stress_year,water_stress,YCA2014_stress_grid_S0008,pareto_balanced,2014-07-25,206,43,38,"{""sim_day"": 43.0, ""doy"": 206.0, ""topwt"": 1160.416030883789, ""grnwt"": 0.0, ""xlai"": 0.9334651231765748, ""totir"": 40.0, ""tofer"": NaN, ""swfac"": 0.0, ""nstres"": 0.5160003900527954}",0.0,0.5160003900527954,1160.416030883789,0.0,0.9334651231765748,40.0,,0.0,0.0,40.0,0.0,-3.825201416015624,12.174798583984376,Leave_One_experiments/all_year_offline_schedule_search/daily_outputs/YCA/YCA_2014_YCA2014_stress_grid_S0008_daily.csv
YCA,YCA,Yucheng,2014,Leave_One_experiments\wth_generated_qc\YCA\YCA2014.WTH,normal_year;water_stress_year;nitrogen_stress_year,water_stress,YCA2014_stress_grid_S0008,pareto_balanced,2014-07-26,207,44,39,"{""sim_day"": 44.0, ""doy"": 207.0, ""topwt"": 1233.2735443115234, ""grnwt"": 0.0, ""xlai"": 0.938570499420166, ""totir"": 40.0, ""tofer"": NaN, ""swfac"": 0.0, ""nstres"": 0.5264835357666016}",0.0,0.5264835357666016,1233.2735443115234,0.0,0.938570499420166,40.0,,0.0,0.0,40.0,0.0,-3.825201416015624,12.174798583984376,Leave_One_experiments/all_year_offline_schedule_search/daily_outputs/YCA/YCA_2014_YCA2014_stress_grid_S0008_daily.csv
YCA,YCA,Yucheng,2014,Leave_One_experiments\wth_generated_qc\YCA\YCA2014.WTH,normal_year;water_stress_year;nitrogen_stress_year,water_stress,YCA2014_stress_grid_S0008,pareto_balanced,2014-07-27,208,45,40,"{""sim_day"": 45.0, ""doy"": 208.0, ""topwt"": 1310.126495361328, ""grnwt"": 0.0, ""xlai"": 0.9425087571144104, ""totir"": 40.0, ""tofer"": NaN, ""swfac"": 0.0, ""nstres"": 0.5315263867378235}",0.0,0.5315263867378235,1310.126495361328,0.0,0.9425087571144104,40.0,,0.0,0.0,40.0,0.0,-3.825201416015624,12.174798583984376,Leave_One_experiments/all_year_offline_schedule_search/daily_outputs/YCA/YCA_2014_YCA2014_stress_grid_S0008_daily.csv
YCA,YCA,Yucheng,2014,Leave_One_experiments\wth_generated_qc\YCA\YCA2014.WTH,normal_year;water_stress_year;nitrogen_stress_year,water_stress,YCA2014_stress_grid_S0008,pareto_balanced,2014-07-28,209,46,41,"{""sim_day"": 46.0, ""doy"": 209.0, ""topwt"": 1394.6949768066406, ""grnwt"": 0.0, ""xlai"": 0.9468637704849244, ""totir"": 40.0, ""tofer"": NaN, ""swfac"": 0.0, ""nstres"": 0.5386618971824646}",0.0,0.5386618971824646,1394.6949768066406,0.0,0.9468637704849244,40.0,,0.0,0.0,40.0,0.0,-3.825201416015624,12.174798583984376,Leave_One_experiments/all_year_offline_schedule_search/daily_outputs/YCA/YCA_2014_YCA2014_stress_grid_S0008_daily.csv
YCA,YCA,Yucheng,2014,Leave_One_experiments\wth_generated_qc\YCA\YCA2014.WTH,normal_year;water_stress_year;nitrogen_stress_year,water_stress,YCA2014_stress_grid_S0008,pareto_balanced,2014-07-29,210,47,42,"{""sim_day"": 47.0, ""doy"": 210.0, ""topwt"": 1448.8218688964844, ""grnwt"": 0.0, ""xlai"": 0.9456039667129515, ""totir"": 40.0, ""tofer"": NaN, ""swfac"": 0.0, ""nstres"": 0.5449895262718201}",0.0,0.5449895262718201,1448.8218688964844,0.0,0.9456039667129515,40.0,,0.0,0.0,40.0,0.0,-3.825201416015624,12.174798583984376,Leave_One_experiments/all_year_offline_schedule_search/daily_outputs/YCA/YCA_2014_YCA2014_stress_grid_S0008_daily.csv
YCA,YCA,Yucheng,2014,Leave_One_experiments\wth_generated_qc\YCA\YCA2014.WTH,normal_year;water_stress_year;nitrogen_stress_year,water_stress,YCA2014_stress_grid_S0008,pareto_balanced,2014-07-30,211,48,43,"{""sim_day"": 48.0, ""doy"": 211.0, ""topwt"": 1519.11865234375, ""grnwt"": 0.0, ""xlai"": 0.9405933618545532, ""totir"": 40.0, ""tofer"": NaN, ""swfac"": 0.0, ""nstres"": 0.5516475439071655}",0.0,0.5516475439071655,1519.11865234375,0.0,0.9405933618545532,40.0,,0.0,0.0,40.0,0.0,-3.825201416015624,12.174798583984376,Leave_One_experiments/all_year_offline_schedule_search/daily_outputs/YCA/YCA_2014_YCA2014_stress_grid_S0008_daily.csv
YCA,YCA,Yucheng,2014,Leave_One_experiments\wth_generated_qc\YCA\YCA2014.WTH,normal_year;water_stress_year;nitrogen_stress_year,water_stress,YCA2014_stress_grid_S0008,pareto_balanced,2014-07-31,212,49,44,"{""sim_day"": 49.0, ""doy"": 212.0, ""topwt"": 1593.7141418457031, ""grnwt"": 0.0, ""xlai"": 0.9322662949562072, ""totir"": 40.0, ""tofer"": NaN, ""swfac"": 0.0, ""nstres"": 0.5439730286598206}",0.0,0.5439730286598206,1593.7141418457031,0.0,0.9322662949562072,40.0,,0.0,0.0,40.0,0.0,-3.825201416015624,12.174798583984376,Leave_One_experiments/all_year_offline_schedule_search/daily_outputs/YCA/YCA_2014_YCA2014_stress_grid_S0008_daily.csv
YCA,YCA,Yucheng,2014,Leave_One_experiments\wth_generated_qc\YCA\YCA2014.WTH,normal_year;water_stress_year;nitrogen_stress_year,water_stress,YCA2014_stress_grid_S0008,pareto_balanced,2014-08-01,213,50,45,"{""sim_day"": 50.0, ""doy"": 213.0, ""topwt"": 1681.5174865722656, ""grnwt"": 0.0, ""xlai"": 0.9252532720565796, ""totir"": 40.0, ""tofer"": NaN, ""swfac"": 0.0, ""nstres"": 0.540187656879425}",0.0,0.540187656879425,1681.5174865722656,0.0,0.9252532720565796,40.0,,0.0,0.0,40.0,0.0,-3.825201416015624,12.174798583984376,Leave_One_experiments/all_year_offline_schedule_search/daily_outputs/YCA/YCA_2014_YCA2014_stress_grid_S0008_daily.csv
YCA,YCA,Yucheng,2014,Leave_One_experiments\wth_generated_qc\YCA\YCA2014.WTH,normal_year;water_stress_year;nitrogen_stress_year,water_stress,YCA2014_stress_grid_S0008,pareto_balanced,2014-08-02,214,51,46,"{""sim_day"": 51.0, ""doy"": 214.0, ""topwt"": 1771.4669799804688, ""grnwt"": 0.0, ""xlai"": 0.9164363145828248, ""totir"": 40.0, ""tofer"": NaN, ""swfac"": 0.0, ""nstres"": 0.5374830365180969}",0.0,0.5374830365180969,1771.4669799804688,0.0,0.9164363145828248,40.0,,0.0,0.0,40.0,0.0,-3.825201416015624,12.174798583984376,Leave_One_experiments/all_year_offline_schedule_search/daily_outputs/YCA/YCA_2014_YCA2014_stress_grid_S0008_daily.csv
YCA,YCA,Yucheng,2014,Leave_One_experiments\wth_generated_qc\YCA\YCA2014.WTH,normal_year;water_stress_year;nitrogen_stress_year,water_stress,YCA2014_stress_grid_S0008,pareto_balanced,2014-08-03,215,52,47,"{""sim_day"": 52.0, ""doy"": 215.0, ""topwt"": 1854.7999572753904, ""grnwt"": 0.0, ""xlai"": 0.9039449095726012, ""totir"": 40.0, ""tofer"": NaN, ""swfac"": 0.0, ""nstres"": 0.5359013080596924}",0.0,0.5359013080596924,1854.7999572753904,0.0,0.9039449095726012,40.0,,0.0,0.0,40.0,0.0,-3.825201416015624,12.174798583984376,Leave_One_experiments/all_year_offline_schedule_search/daily_outputs/YCA/YCA_2014_YCA2014_stress_grid_S0008_daily.csv
YCA,YCA,Yucheng,2014,Leave_One_experiments\wth_generated_qc\YCA\YCA2014.WTH,normal_year;water_stress_year;nitrogen_stress_year,water_stress,YCA2014_stress_grid_S0008,pareto_balanced,2014-08-04,216,53,48,"{""sim_day"": 53.0, ""doy"": 216.0, ""topwt"": 1895.631256103516, ""grnwt"": 0.0, ""xlai"": 0.8792727589607239, ""totir"": 40.0, ""tofer"": NaN, ""swfac"": 0.0, ""nstres"": 0.5366299748420715}",0.0,0.5366299748420715,1895.631256103516,0.0,0.8792727589607239,40.0,,0.0,0.0,40.0,0.0,-3.825201416015624,12.174798583984376,Leave_One_experiments/all_year_offline_schedule_search/daily_outputs/YCA/YCA_2014_YCA2014_stress_grid_S0008_daily.csv
YCA,YCA,Yucheng,2014,Leave_One_experiments\wth_generated_qc\YCA\YCA2014.WTH,normal_year;water_stress_year;nitrogen_stress_year,water_stress,YCA2014_stress_grid_S0008,pareto_balanced,2014-08-05,217,54,49,"{""sim_day"": 54.0, ""doy"": 217.0, ""topwt"": 1923.6102294921875, ""grnwt"": 0.0, ""xlai"": 0.8518839478492737, ""totir"": 40.0, ""tofer"": NaN, ""swfac"": 0.0, ""nstres"": 0.5336373448371887}",0.0,0.5336373448371887,1923.6102294921875,0.0,0.8518839478492737,40.0,,0.0,0.0,40.0,0.0,-3.825201416015624,12.174798583984376,Leave_One_experiments/all_year_offline_schedule_search/daily_outputs/YCA/YCA_2014_YCA2014_stress_grid_S0008_daily.csv
YCA,YCA,Yucheng,2014,Leave_One_experiments\wth_generated_qc\YCA\YCA2014.WTH,normal_year;water_stress_year;nitrogen_stress_year,water_stress,YCA2014_stress_grid_S0008,pareto_balanced,2014-08-06,218,55,50,"{""sim_day"": 55.0, ""doy"": 218.0, ""topwt"": 1999.2857360839844, ""grnwt"": 0.0, ""xlai"": 0.8369723558425903, ""totir"": 40.0, ""tofer"": NaN, ""swfac"": 0.0, ""nstres"": 0.5284615159034729}",0.0,0.5284615159034729,1999.2857360839844,0.0,0.8369723558425903,40.0,,0.0,0.0,40.0,0.0,-3.825201416015624,12.174798583984376,Leave_One_experiments/all_year_offline_schedule_search/daily_outputs/YCA/YCA_2014_YCA2014_stress_grid_S0008_daily.csv
YCA,YCA,Yucheng,2014,Leave_One_experiments\wth_generated_qc\YCA\YCA2014.WTH,normal_year;water_stress_year;nitrogen_stress_year,water_stress,YCA2014_stress_grid_S0008,pareto_balanced,2014-08-07,219,56,51,"{""sim_day"": 56.0, ""doy"": 219.0, ""topwt"": 2067.774658203125, ""grnwt"": 0.0, ""xlai"": 0.8211502432823181, ""totir"": 40.0, ""tofer"": NaN, ""swfac"": 0.0, ""nstres"": 0.5211265683174133}",0.0,0.5211265683174133,2067.774658203125,0.0,0.8211502432823181,40.0,,0.0,0.0,40.0,0.0,-3.825201416015624,12.174798583984376,Leave_One_experiments/all_year_offline_schedule_search/daily_outputs/YCA/YCA_2014_YCA2014_stress_grid_S0008_daily.csv
YCA,YCA,Yucheng,2014,Leave_One_experiments\wth_generated_qc\YCA\YCA2014.WTH,normal_year;water_stress_year;nitrogen_stress_year,water_stress,YCA2014_stress_grid_S0008,pareto_balanced,2014-08-08,220,57,52,"{""sim_day"": 57.0, ""doy"": 220.0, ""topwt"": 2128.274688720703, ""grnwt"": 0.0, ""xlai"": 0.8039864301681519, ""totir"": 40.0, ""tofer"": NaN, ""swfac"": 0.0, ""nstres"": 0.5213590860366821}",0.0,0.5213590860366821,2128.274688720703,0.0,0.8039864301681519,40.0,,0.0,0.0,40.0,0.0,-3.825201416015624,12.174798583984376,Leave_One_experiments/all_year_offline_schedule_search/daily_outputs/YCA/YCA_2014_YCA2014_stress_grid_S0008_daily.csv
YCA,YCA,Yucheng,2014,Leave_One_experiments\wth_generated_qc\YCA\YCA2014.WTH,normal_year;water_stress_year;nitrogen_stress_year,water_stress,YCA2014_stress_grid_S0008,pareto_balanced,2014-08-09,221,58,53,"{""sim_day"": 58.0, ""doy"": 221.0, ""topwt"": 2200.6121826171875, ""grnwt"": 0.0, ""xlai"": 0.7903937101364136, ""totir"": 40.0, ""tofer"": NaN, ""swfac"": 0.0, ""nstres"": 0.5196069478988647}",0.0,0.5196069478988647,2200.6121826171875,0.0,0.7903937101364136,40.0,,0.0,0.0,40.0,0.0,-3.825201416015624,12.174798583984376,Leave_One_experiments/all_year_offline_schedule_search/daily_outputs/YCA/YCA_2014_YCA2014_stress_grid_S0008_daily.csv
YCA,YCA,Yucheng,2014,Leave_One_experiments\wth_generated_qc\YCA\YCA2014.WTH,normal_year;water_stress_year;nitrogen_stress_year,water_stress,YCA2014_stress_grid_S0008,pareto_balanced,2014-08-10,222,59,54,"{""sim_day"": 59.0, ""doy"": 222.0, ""topwt"": 2283.0714416503906, ""grnwt"": 0.0, ""xlai"": 0.7798400521278381, ""totir"": 40.0, ""tofer"": NaN, ""swfac"": 0.0, ""nstres"": 0.51707923412323}",0.0,0.51707923412323,2283.0714416503906,0.0,0.7798400521278381,40.0,,0.0,0.0,40.0,0.0,-3.825201416015624,12.174798583984376,Leave_One_experiments/all_year_offline_schedule_search/daily_outputs/YCA/YCA_2014_YCA2014_stress_grid_S0008_daily.csv
YCA,YCA,Yucheng,2014,Leave_One_experiments\wth_generated_qc\YCA\YCA2014.WTH,normal_year;water_stress_year;nitrogen_stress_year,water_stress,YCA2014_stress_grid_S0008,pareto_balanced,2014-08-11,223,60,55,"{""sim_day"": 60.0, ""doy"": 223.0, ""topwt"": 2359.933013916016, ""grnwt"": 0.0, ""xlai"": 0.750235378742218, ""totir"": 40.0, ""tofer"": NaN, ""swfac"": 0.0, ""nstres"": 0.5111016035079956}",0.0,0.5111016035079956,2359.933013916016,0.0,0.750235378742218,40.0,,0.0,0.0,40.0,0.0,-3.825201416015624,12.174798583984376,Leave_One_experiments/all_year_offline_schedule_search/daily_outputs/YCA/YCA_2014_YCA2014_stress_grid_S0008_daily.csv
YCA,YCA,Yucheng,2014,Leave_One_experiments\wth_generated_qc\YCA\YCA2014.WTH,normal_year;water_stress_year;nitrogen_stress_year,water_stress,YCA2014_stress_grid_S0008,pareto_balanced,2014-08-12,224,61,56,"{""sim_day"": 61.0, ""doy"": 224.0, ""topwt"": 2393.673248291016, ""grnwt"": 0.0, ""xlai"": 0.7219924330711365, ""totir"": 40.0, ""tofer"": NaN, ""swfac"": 0.0, ""nstres"": 0.5034913420677185}",0.0,0.5034913420677185,2393.673248291016,0.0,0.7219924330711365,40.0,,0.0,0.0,40.0,0.0,-3.825201416015624,12.174798583984376,Leave_One_experiments/all_year_offline_schedule_search/daily_outputs/YCA/YCA_2014_YCA2014_stress_grid_S0008_daily.csv
YCA,YCA,Yucheng,2014,Leave_One_experiments\wth_generated_qc\YCA\YCA2014.WTH,normal_year;water_stress_year;nitrogen_stress_year,water_stress,YCA2014_stress_grid_S0008,pareto_balanced,2014-08-13,225,62,57,"{""sim_day"": 62.0, ""doy"": 225.0, ""topwt"": 2471.158905029297, ""grnwt"": 0.0, ""xlai"": 0.6948129534721375, ""totir"": 40.0, ""tofer"": NaN, ""swfac"": 0.0, ""nstres"": 0.5034822225570679}",0.0,0.5034822225570679,2471.158905029297,0.0,0.6948129534721375,40.0,,0.0,0.0,40.0,0.0,-3.825201416015624,12.174798583984376,Leave_One_experiments/all_year_offline_schedule_search/daily_outputs/YCA/YCA_2014_YCA2014_stress_grid_S0008_daily.csv
YCA,YCA,Yucheng,2014,Leave_One_experiments\wth_generated_qc\YCA\YCA2014.WTH,normal_year;water_stress_year;nitrogen_stress_year,water_stress,YCA2014_stress_grid_S0008,pareto_balanced,2014-08-14,226,63,58,"{""sim_day"": 63.0, ""doy"": 226.0, ""topwt"": 2540.8143615722656, ""grnwt"": 0.0, ""xlai"": 0.6689675450325012, ""totir"": 40.0, ""tofer"": NaN, ""swfac"": 0.0, ""nstres"": 0.4927425980567932}",0.0,0.4927425980567932,2540.8143615722656,0.0,0.6689675450325012,40.0,,0.0,0.0,40.0,0.0,-3.825201416015624,12.174798583984376,Leave_One_experiments/all_year_offline_schedule_search/daily_outputs/YCA/YCA_2014_YCA2014_stress_grid_S0008_daily.csv
YCA,YCA,Yucheng,2014,Leave_One_experiments\wth_generated_qc\YCA\YCA2014.WTH,normal_year;water_stress_year;nitrogen_stress_year,water_stress,YCA2014_stress_grid_S0008,pareto_balanced,2014-08-15,227,64,59,"{""sim_day"": 64.0, ""doy"": 227.0, ""topwt"": 2584.444580078125, ""grnwt"": 0.0, ""xlai"": 0.6441469788551331, ""totir"": 40.0, ""tofer"": NaN, ""swfac"": 0.0, ""nstres"": 0.4904666543006897}",0.0,0.4904666543006897,2584.444580078125,0.0,0.6441469788551331,40.0,,0.0,0.0,40.0,0.0,-3.825201416015624,12.174798583984376,Leave_One_experiments/all_year_offline_schedule_search/daily_outputs/YCA/YCA_2014_YCA2014_stress_grid_S0008_daily.csv
YCA,YCA,Yucheng,2014,Leave_One_experiments\wth_generated_qc\YCA\YCA2014.WTH,normal_year;water_stress_year;nitrogen_stress_year,water_stress,YCA2014_stress_grid_S0008,pareto_balanced,2014-08-16,228,65,60,"{""sim_day"": 65.0, ""doy"": 228.0, ""topwt"": 2576.6372680664062, ""grnwt"": 0.0, ""xlai"": 0.6203241348266602, ""totir"": 40.0, ""tofer"": NaN, ""swfac"": 0.0, ""nstres"": 0.4876050353050232}",0.0,0.4876050353050232,2576.6372680664062,0.0,0.6203241348266602,40.0,,0.0,0.0,40.0,0.0,-3.825201416015624,12.174798583984376,Leave_One_experiments/all_year_offline_schedule_search/daily_outputs/YCA/YCA_2014_YCA2014_stress_grid_S0008_daily.csv
YCA,YCA,Yucheng,2014,Leave_One_experiments\wth_generated_qc\YCA\YCA2014.WTH,normal_year;water_stress_year;nitrogen_stress_year,water_stress,YCA2014_stress_grid_S0008,pareto_balanced,2014-08-17,229,66,61,"{""sim_day"": 66.0, ""doy"": 229.0, ""topwt"": 2600.9649658203125, ""grnwt"": 0.0, ""xlai"": 0.5976741313934326, ""totir"": 40.0, ""tofer"": NaN, ""swfac"": 0.0, ""nstres"": 0.476316750049591}",0.0,0.476316750049591,2600.9649658203125,0.0,0.5976741313934326,40.0,,0.0,0.0,40.0,0.0,-3.825201416015624,12.174798583984376,Leave_One_experiments/all_year_offline_schedule_search/daily_outputs/YCA/YCA_2014_YCA2014_stress_grid_S0008_daily.csv
YCA,YCA,Yucheng,2014,Leave_One_experiments\wth_generated_qc\YCA\YCA2014.WTH,normal_year;water_stress_year;nitrogen_stress_year,water_stress,YCA2014_stress_grid_S0008,pareto_balanced,2014-08-18,230,67,62,"{""sim_day"": 67.0, ""doy"": 230.0, ""topwt"": 2659.3923950195312, ""grnwt"": 0.0, ""xlai"": 0.5763692259788513, ""totir"": 40.0, ""tofer"": NaN, ""swfac"": 0.0, ""nstres"": 0.4555125832557678}",0.0,0.4555125832557678,2659.3923950195312,0.0,0.5763692259788513,40.0,,0.0,0.0,40.0,0.0,-3.825201416015624,12.174798583984376,Leave_One_experiments/all_year_offline_schedule_search/daily_outputs/YCA/YCA_2014_YCA2014_stress_grid_S0008_daily.csv
YCA,YCA,Yucheng,2014,Leave_One_experiments\wth_generated_qc\YCA\YCA2014.WTH,normal_year;water_stress_year;nitrogen_stress_year,water_stress,YCA2014_stress_grid_S0008,pareto_balanced,2014-08-19,231,68,63,"{""sim_day"": 68.0, ""doy"": 231.0, ""topwt"": 2710.3836059570312, ""grnwt"": 0.0, ""xlai"": 0.5561566352844238, ""totir"": 40.0, ""tofer"": NaN, ""swfac"": 0.0, ""nstres"": 0.4416493773460388}",0.0,0.4416493773460388,2710.3836059570312,0.0,0.5561566352844238,40.0,,0.0,0.0,40.0,0.0,-3.825201416015624,12.174798583984376,Leave_One_experiments/all_year_offline_schedule_search/daily_outputs/YCA/YCA_2014_YCA2014_stress_grid_S0008_daily.csv
YCA,YCA,Yucheng,2014,Leave_One_experiments\wth_generated_qc\YCA\YCA2014.WTH,normal_year;water_stress_year;nitrogen_stress_year,water_stress,YCA2014_stress_grid_S0008,pareto_balanced,2014-08-20,232,69,64,"{""sim_day"": 69.0, ""doy"": 232.0, ""topwt"": 2763.0108642578125, ""grnwt"": 0.0, ""xlai"": 0.5368269681930542, ""totir"": 40.0, ""tofer"": NaN, ""swfac"": 0.0, ""nstres"": 0.4341354370117187}",0.0,0.4341354370117187,2763.0108642578125,0.0,0.5368269681930542,40.0,,0.0,0.0,40.0,0.0,-3.825201416015624,12.174798583984376,Leave_One_experiments/all_year_offline_schedule_search/daily_outputs/YCA/YCA_2014_YCA2014_stress_grid_S0008_daily.csv
YCA,YCA,Yucheng,2014,Leave_One_experiments\wth_generated_qc\YCA\YCA2014.WTH,normal_year;water_stress_year;nitrogen_stress_year,water_stress,YCA2014_stress_grid_S0008,pareto_balanced,2014-08-21,233,70,65,"{""sim_day"": 70.0, ""doy"": 233.0, ""topwt"": 2797.96630859375, ""grnwt"": 0.0, ""xlai"": 0.5184293389320374, ""totir"": 40.0, ""tofer"": NaN, ""swfac"": 0.0, ""nstres"": 0.4225057959556579}",0.0,0.4225057959556579,2797.96630859375,0.0,0.5184293389320374,40.0,,0.0,0.0,40.0,0.0,-3.825201416015624,12.174798583984376,Leave_One_experiments/all_year_offline_schedule_search/daily_outputs/YCA/YCA_2014_YCA2014_stress_grid_S0008_daily.csv
YCA,YCA,Yucheng,2014,Leave_One_experiments\wth_generated_qc\YCA\YCA2014.WTH,normal_year;water_stress_year;nitrogen_stress_year,water_stress,YCA2014_stress_grid_S0008,pareto_balanced,2014-08-22,234,71,66,"{""sim_day"": 71.0, ""doy"": 234.0, ""topwt"": 2833.43017578125, ""grnwt"": 88.54759216308594, ""xlai"": 0.5009396076202393, ""totir"": 40.0, ""tofer"": NaN, ""swfac"": 0.0, ""nstres"": 0.4096609354019165}",0.0,0.4096609354019165,2833.43017578125,88.54759216308594,0.5009396076202393,40.0,,0.0,0.0,40.0,0.0,-3.825201416015624,12.174798583984376,Leave_One_experiments/all_year_offline_schedule_search/daily_outputs/YCA/YCA_2014_YCA2014_stress_grid_S0008_daily.csv
YCA,YCA,Yucheng,2014,Leave_One_experiments\wth_generated_qc\YCA\YCA2014.WTH,normal_year;water_stress_year;nitrogen_stress_year,water_stress,YCA2014_stress_grid_S0008,pareto_balanced,2014-08-23,235,72,67,"{""sim_day"": 72.0, ""doy"": 235.0, ""topwt"": 2885.1824951171875, ""grnwt"": 135.06010055541992, ""xlai"": 0.4836365580558777, ""totir"": 40.0, ""tofer"": NaN, ""swfac"": 0.0, ""nstres"": 0.4289923906326294}",0.0,0.4289923906326294,2885.1824951171875,135.06010055541992,0.4836365580558777,40.0,,0.0,0.0,40.0,0.0,-3.825201416015624,12.174798583984376,Leave_One_experiments/all_year_offline_schedule_search/daily_outputs/YCA/YCA_2014_YCA2014_stress_grid_S0008_daily.csv
YCA,YCA,Yucheng,2014,Leave_One_experiments\wth_generated_qc\YCA\YCA2014.WTH,normal_year;water_stress_year;nitrogen_stress_year,water_stress,YCA2014_stress_grid_S0008,pareto_balanced,2014-08-24,236,73,68,"{""sim_day"": 73.0, ""doy"": 236.0, ""topwt"": 2949.85595703125, ""grnwt"": 181.5726089477539, ""xlai"": 0.4674367606639862, ""totir"": 40.0, ""tofer"": NaN, ""swfac"": 0.0, ""nstres"": 0.4039025902748108}",0.0,0.4039025902748108,2949.85595703125,181.5726089477539,0.4674367606639862,40.0,,0.0,0.0,40.0,0.0,-3.825201416015624,12.174798583984376,Leave_One_experiments/all_year_offline_schedule_search/daily_outputs/YCA/YCA_2014_YCA2014_stress_grid_S0008_daily.csv
YCA,YCA,Yucheng,2014,Leave_One_experiments\wth_generated_qc\YCA\YCA2014.WTH,normal_year;water_stress_year;nitrogen_stress_year,water_stress,YCA2014_stress_grid_S0008,pareto_balanced,2014-08-25,237,74,69,"{""sim_day"": 74.0, ""doy"": 237.0, ""topwt"": 3009.551696777344, ""grnwt"": 228.0850982666016, ""xlai"": 0.4518616497516632, ""totir"": 40.0, ""tofer"": NaN, ""swfac"": 0.0, ""nstres"": 0.3996816873550415}",0.0,0.3996816873550415,3009.551696777344,228.0850982666016,0.4518616497516632,40.0,,0.0,0.0,40.0,0.0,-3.825201416015624,12.174798583984376,Leave_One_experiments/all_year_offline_schedule_search/daily_outputs/YCA/YCA_2014_YCA2014_stress_grid_S0008_daily.csv
YCA,YCA,Yucheng,2014,Leave_One_experiments\wth_generated_qc\YCA\YCA2014.WTH,normal_year;water_stress_year;nitrogen_stress_year,water_stress,YCA2014_stress_grid_S0008,pareto_balanced,2014-08-26,238,75,70,"{""sim_day"": 75.0, ""doy"": 238.0, ""topwt"": 3065.487060546875, ""grnwt"": 274.5975875854492, ""xlai"": 0.4368181526660919, ""totir"": 40.0, ""tofer"": NaN, ""swfac"": 0.0, ""nstres"": 0.3990131616592407}",0.0,0.3990131616592407,3065.487060546875,274.5975875854492,0.4368181526660919,40.0,,0.0,0.0,40.0,0.0,-3.825201416015624,12.174798583984376,Leave_One_experiments/all_year_offline_schedule_search/daily_outputs/YCA/YCA_2014_YCA2014_stress_grid_S0008_daily.csv
YCA,YCA,Yucheng,2014,Leave_One_experiments\wth_generated_qc\YCA\YCA2014.WTH,normal_year;water_stress_year;nitrogen_stress_year,water_stress,YCA2014_stress_grid_S0008,pareto_balanced,2014-08-27,239,76,71,"{""sim_day"": 76.0, ""doy"": 239.0, ""topwt"": 3115.0128173828125, ""grnwt"": 321.1100769042969, ""xlai"": 0.4223028123378753, ""totir"": 40.0, ""tofer"": NaN, ""swfac"": 0.0, ""nstres"": 0.3975143432617187}",0.0,0.3975143432617187,3115.0128173828125,321.1100769042969,0.4223028123378753,40.0,,0.0,0.0,40.0,0.0,-3.825201416015624,12.174798583984376,Leave_One_experiments/all_year_offline_schedule_search/daily_outputs/YCA/YCA_2014_YCA2014_stress_grid_S0008_daily.csv
YCA,YCA,Yucheng,2014,Leave_One_experiments\wth_generated_qc\YCA\YCA2014.WTH,normal_year;water_stress_year;nitrogen_stress_year,water_stress,YCA2014_stress_grid_S0008,pareto_balanced,2014-08-28,240,77,72,"{""sim_day"": 77.0, ""doy"": 240.0, ""topwt"": 3165.5886840820312, ""grnwt"": 367.6226043701172, ""xlai"": 0.4083130955696106, ""totir"": 40.0, ""tofer"": NaN, ""swfac"": 0.0, ""nstres"": 0.3950517773628235}",0.0,0.3950517773628235,3165.5886840820312,367.6226043701172,0.4083130955696106,40.0,,0.0,0.0,40.0,0.0,-3.825201416015624,12.174798583984376,Leave_One_experiments/all_year_offline_schedule_search/daily_outputs/YCA/YCA_2014_YCA2014_stress_grid_S0008_daily.csv
YCA,YCA,Yucheng,2014,Leave_One_experiments\wth_generated_qc\YCA\YCA2014.WTH,normal_year;water_stress_year;nitrogen_stress_year,water_stress,YCA2014_stress_grid_S0008,pareto_balanced,2014-08-29,241,78,73,"{""sim_day"": 78.0, ""doy"": 241.0, ""topwt"": 3200.960998535156, ""grnwt"": 414.1350936889648, ""xlai"": 0.3948670625686645, ""totir"": 40.0, ""tofer"": NaN, ""swfac"": 0.0, ""nstres"": 0.3903400301933288}",0.0,0.3903400301933288,3200.960998535156,414.1350936889648,0.3948670625686645,40.0,,0.0,0.0,40.0,0.0,-3.825201416015624,12.174798583984376,Leave_One_experiments/all_year_offline_schedule_search/daily_outputs/YCA/YCA_2014_YCA2014_stress_grid_S0008_daily.csv
YCA,YCA,Yucheng,2014,Leave_One_experiments\wth_generated_qc\YCA\YCA2014.WTH,normal_year;water_stress_year;nitrogen_stress_year,water_stress,YCA2014_stress_grid_S0008,pareto_balanced,2014-08-30,242,79,74,"{""sim_day"": 79.0, ""doy"": 242.0, ""topwt"": 3247.798156738281, ""grnwt"": 460.6475830078125, ""xlai"": 0.3819296956062317, ""totir"": 40.0, ""tofer"": NaN, ""swfac"": 0.0, ""nstres"": 0.3863331079483032}",0.0,0.3863331079483032,3247.798156738281,460.6475830078125,0.3819296956062317,40.0,,0.0,0.0,40.0,0.0,-3.825201416015624,12.174798583984376,Leave_One_experiments/all_year_offline_schedule_search/daily_outputs/YCA/YCA_2014_YCA2014_stress_grid_S0008_daily.csv
YCA,YCA,Yucheng,2014,Leave_One_experiments\wth_generated_qc\YCA\YCA2014.WTH,normal_year;water_stress_year;nitrogen_stress_year,water_stress,YCA2014_stress_grid_S0008,pareto_balanced,2014-08-31,243,80,75,"{""sim_day"": 80.0, ""doy"": 243.0, ""topwt"": 3292.4545288085938, ""grnwt"": 507.16007232666016, ""xlai"": 0.3695664703845978, ""totir"": 40.0, ""tofer"": NaN, ""swfac"": 0.0, ""nstres"": 0.3768918514251709}",0.0,0.3768918514251709,3292.4545288085938,507.16007232666016,0.3695664703845978,40.0,,0.0,0.0,40.0,0.0,-3.825201416015624,12.174798583984376,Leave_One_experiments/all_year_offline_schedule_search/daily_outputs/YCA/YCA_2014_YCA2014_stress_grid_S0008_daily.csv
YCA,YCA,Yucheng,2014,Leave_One_experiments\wth_generated_qc\YCA\YCA2014.WTH,normal_year;water_stress_year;nitrogen_stress_year,water_stress,YCA2014_stress_grid_S0008,pareto_balanced,2014-09-01,244,81,76,"{""sim_day"": 81.0, ""doy"": 244.0, ""topwt"": 3324.864501953125, ""grnwt"": 553.6725997924805, ""xlai"": 0.3576540946960449, ""totir"": 40.0, ""tofer"": NaN, ""swfac"": 0.0, ""nstres"": 0.3736037611961365}",0.0,0.3736037611961365,3324.864501953125,553.6725997924805,0.3576540946960449,40.0,,0.0,0.0,40.0,0.0,-3.825201416015624,12.174798583984376,Leave_One_experiments/all_year_offline_schedule_search/daily_outputs/YCA/YCA_2014_YCA2014_stress_grid_S0008_daily.csv
YCA,YCA,Yucheng,2014,Leave_One_experiments\wth_generated_qc\YCA\YCA2014.WTH,normal_year;water_stress_year;nitrogen_stress_year,water_stress,YCA2014_stress_grid_S0008,pareto_balanced,2014-09-02,245,82,77,"{""sim_day"": 82.0, ""doy"": 245.0, ""topwt"": 3375.156555175781, ""grnwt"": 600.1850891113281, ""xlai"": 0.3461629152297973, ""totir"": 40.0, ""tofer"": NaN, ""swfac"": 0.0, ""nstres"": 0.3710988759994507}",0.0,0.3710988759994507,3375.156555175781,600.1850891113281,0.3461629152297973,40.0,,0.0,0.0,40.0,0.0,-3.825201416015624,12.174798583984376,Leave_One_experiments/all_year_offline_schedule_search/daily_outputs/YCA/YCA_2014_YCA2014_stress_grid_S0008_daily.csv
YCA,YCA,Yucheng,2014,Leave_One_experiments\wth_generated_qc\YCA\YCA2014.WTH,normal_year;water_stress_year;nitrogen_stress_year,water_stress,YCA2014_stress_grid_S0008,pareto_balanced,2014-09-03,246,83,78,"{""sim_day"": 83.0, ""doy"": 246.0, ""topwt"": 3433.8070678710938, ""grnwt"": 646.6976165771484, ""xlai"": 0.3351372182369232, ""totir"": 40.0, ""tofer"": NaN, ""swfac"": 0.0, ""nstres"": 0.3644254207611084}",0.0,0.3644254207611084,3433.8070678710938,646.6976165771484,0.3351372182369232,40.0,,0.0,0.0,40.0,0.0,-3.825201416015624,12.174798583984376,Leave_One_experiments/all_year_offline_schedule_search/daily_outputs/YCA/YCA_2014_YCA2014_stress_grid_S0008_daily.csv
YCA,YCA,Yucheng,2014,Leave_One_experiments\wth_generated_qc\YCA\YCA2014.WTH,normal_year;water_stress_year;nitrogen_stress_year,water_stress,YCA2014_stress_grid_S0008,pareto_balanced,2014-09-04,247,84,79,"{""sim_day"": 84.0, ""doy"": 247.0, ""topwt"": 3487.655334472656, ""grnwt"": 693.2100677490234, ""xlai"": 0.3244641125202179, ""totir"": 40.0, ""tofer"": NaN, ""swfac"": 0.0, ""nstres"": 0.3643252849578857}",0.0,0.3643252849578857,3487.655334472656,693.2100677490234,0.3244641125202179,40.0,,0.0,0.0,40.0,0.0,-3.825201416015624,12.174798583984376,Leave_One_experiments/all_year_offline_schedule_search/daily_outputs/YCA/YCA_2014_YCA2014_stress_grid_S0008_daily.csv
YCA,YCA,Yucheng,2014,Leave_One_experiments\wth_generated_qc\YCA\YCA2014.WTH,normal_year;water_stress_year;nitrogen_stress_year,water_stress,YCA2014_stress_grid_S0008,pareto_balanced,2014-09-05,248,85,80,"{""sim_day"": 85.0, ""doy"": 248.0, ""topwt"": 3516.778259277344, ""grnwt"": 739.7225952148438, ""xlai"": 0.3140753805637359, ""totir"": 40.0, ""tofer"": NaN, ""swfac"": 0.0, ""nstres"": 0.3684360384941101}",0.0,0.3684360384941101,3516.778259277344,739.7225952148438,0.3140753805637359,40.0,,0.0,0.0,40.0,0.0,-3.825201416015624,12.174798583984376,Leave_One_experiments/all_year_offline_schedule_search/daily_outputs/YCA/YCA_2014_YCA2014_stress_grid_S0008_daily.csv
YCA,YCA,Yucheng,2014,Leave_One_experiments\wth_generated_qc\YCA\YCA2014.WTH,normal_year;water_stress_year;nitrogen_stress_year,water_stress,YCA2014_stress_grid_S0008,pareto_balanced,2014-09-06,249,86,81,"{""sim_day"": 86.0, ""doy"": 249.0, ""topwt"": 3541.607666015625, ""grnwt"": 786.2351226806641, ""xlai"": 0.3040120005607605, ""totir"": 40.0, ""tofer"": NaN, ""swfac"": 0.0, ""nstres"": 0.3689846992492676}",0.0,0.3689846992492676,3541.607666015625,786.2351226806641,0.3040120005607605,40.0,,0.0,0.0,40.0,0.0,-3.825201416015624,12.174798583984376,Leave_One_experiments/all_year_offline_schedule_search/daily_outputs/YCA/YCA_2014_YCA2014_stress_grid_S0008_daily.csv
YCA,YCA,Yucheng,2014,Leave_One_experiments\wth_generated_qc\YCA\YCA2014.WTH,normal_year;water_stress_year;nitrogen_stress_year,water_stress,YCA2014_stress_grid_S0008,pareto_balanced,2014-09-07,250,87,82,"{""sim_day"": 87.0, ""doy"": 250.0, ""topwt"": 3571.5310668945312, ""grnwt"": 832.7475738525391, ""xlai"": 0.2943851351737976, ""totir"": 40.0, ""tofer"": NaN, ""swfac"": 0.0, ""nstres"": 0.3599855899810791}",0.0,0.3599855899810791,3571.5310668945312,832.7475738525391,0.2943851351737976,40.0,,0.0,0.0,40.0,0.0,-3.825201416015624,12.174798583984376,Leave_One_experiments/all_year_offline_schedule_search/daily_outputs/YCA/YCA_2014_YCA2014_stress_grid_S0008_daily.csv
YCA,YCA,Yucheng,2014,Leave_One_experiments\wth_generated_qc\YCA\YCA2014.WTH,normal_year;water_stress_year;nitrogen_stress_year,water_stress,YCA2014_stress_grid_S0008,pareto_balanced,2014-09-08,251,88,83,"{""sim_day"": 88.0, ""doy"": 251.0, ""topwt"": 3611.4431762695312, ""grnwt"": 879.2601013183594, ""xlai"": 0.2852098941802978, ""totir"": 40.0, ""tofer"": NaN, ""swfac"": 0.0, ""nstres"": 0.3480247259140014}",0.0,0.3480247259140014,3611.4431762695312,879.2601013183594,0.2852098941802978,40.0,,0.0,0.0,40.0,0.0,-3.825201416015624,12.174798583984376,Leave_One_experiments/all_year_offline_schedule_search/daily_outputs/YCA/YCA_2014_YCA2014_stress_grid_S0008_daily.csv
YCA,YCA,Yucheng,2014,Leave_One_experiments\wth_generated_qc\YCA\YCA2014.WTH,normal_year;water_stress_year;nitrogen_stress_year,water_stress,YCA2014_stress_grid_S0008,pareto_balanced,2014-09-09,252,89,84,"{""sim_day"": 89.0, ""doy"": 252.0, ""topwt"": 3651.7633056640634, ""grnwt"": 925.7725524902344, ""xlai"": 0.2764241397380829, ""totir"": 40.0, ""tofer"": NaN, ""swfac"": 0.0, ""nstres"": 0.3393093347549438}",0.0,0.3393093347549438,3651.7633056640634,925.7725524902344,0.2764241397380829,40.0,,0.0,0.0,40.0,0.0,-3.825201416015624,12.174798583984376,Leave_One_experiments/all_year_offline_schedule_search/daily_outputs/YCA/YCA_2014_YCA2014_stress_grid_S0008_daily.csv
YCA,YCA,Yucheng,2014,Leave_One_experiments\wth_generated_qc\YCA\YCA2014.WTH,normal_year;water_stress_year;nitrogen_stress_year,water_stress,YCA2014_stress_grid_S0008,pareto_balanced,2014-09-10,253,90,85,"{""sim_day"": 90.0, ""doy"": 253.0, ""topwt"": 3668.313598632813, ""grnwt"": 972.2850799560548, ""xlai"": 0.2679248750209808, ""totir"": 40.0, ""tofer"": NaN, ""swfac"": 0.0, ""nstres"": 0.3379263877868652}",0.0,0.3379263877868652,3668.313598632813,972.2850799560548,0.2679248750209808,40.0,,0.0,0.0,40.0,0.0,-3.825201416015624,12.174798583984376,Leave_One_experiments/all_year_offline_schedule_search/daily_outputs/YCA/YCA_2014_YCA2014_stress_grid_S0008_daily.csv
YCA,YCA,Yucheng,2014,Leave_One_experiments\wth_generated_qc\YCA\YCA2014.WTH,normal_year;water_stress_year;nitrogen_stress_year,water_stress,YCA2014_stress_grid_S0008,pareto_balanced,2014-09-11,254,91,86,"{""sim_day"": 91.0, ""doy"": 254.0, ""topwt"": 3689.386596679688, ""grnwt"": 1018.7975311279296, ""xlai"": 0.2596674561500549, ""totir"": 40.0, ""tofer"": NaN, ""swfac"": 0.0, ""nstres"": 0.3396720290184021}",0.0,0.3396720290184021,3689.386596679688,1018.7975311279296,0.2596674561500549,40.0,,0.0,0.0,40.0,0.0,-3.825201416015624,12.174798583984376,Leave_One_experiments/all_year_offline_schedule_search/daily_outputs/YCA/YCA_2014_YCA2014_stress_grid_S0008_daily.csv
YCA,YCA,Yucheng,2014,Leave_One_experiments\wth_generated_qc\YCA\YCA2014.WTH,normal_year;water_stress_year;nitrogen_stress_year,water_stress,YCA2014_stress_grid_S0008,pareto_balanced,2014-09-12,255,92,87,"{""sim_day"": 92.0, ""doy"": 255.0, ""topwt"": 3734.392700195313, ""grnwt"": 1065.31005859375, ""xlai"": 0.2517915964126587, ""totir"": 40.0, ""tofer"": NaN, ""swfac"": 0.0, ""nstres"": 0.3279271125793457}",0.0,0.3279271125793457,3734.392700195313,1065.31005859375,0.2517915964126587,40.0,,0.0,0.0,40.0,0.0,-3.825201416015624,12.174798583984376,Leave_One_experiments/all_year_offline_schedule_search/daily_outputs/YCA/YCA_2014_YCA2014_stress_grid_S0008_daily.csv
YCA,YCA,Yucheng,2014,Leave_One_experiments\wth_generated_qc\YCA\YCA2014.WTH,normal_year;water_stress_year;nitrogen_stress_year,water_stress,YCA2014_stress_grid_S0008,pareto_balanced,2014-09-13,256,93,88,"{""sim_day"": 93.0, ""doy"": 256.0, ""topwt"": 3741.385803222656, ""grnwt"": 1111.8225860595703, ""xlai"": 0.2442407608032226, ""totir"": 40.0, ""tofer"": NaN, ""swfac"": 0.0, ""nstres"": 0.3197287321090698}",0.0,0.3197287321090698,3741.385803222656,1111.8225860595703,0.2442407608032226,40.0,,0.0,0.0,40.0,0.0,-3.825201416015624,12.174798583984376,Leave_One_experiments/all_year_offline_schedule_search/daily_outputs/YCA/YCA_2014_YCA2014_stress_grid_S0008_daily.csv
YCA,YCA,Yucheng,2014,Leave_One_experiments\wth_generated_qc\YCA\YCA2014.WTH,normal_year;water_stress_year;nitrogen_stress_year,water_stress,YCA2014_stress_grid_S0008,pareto_balanced,2014-09-14,257,94,89,"{""sim_day"": 94.0, ""doy"": 257.0, ""topwt"": 3751.685791015625, ""grnwt"": 1158.3350372314453, ""xlai"": 0.2368312180042266, ""totir"": 40.0, ""tofer"": NaN, ""swfac"": 0.0, ""nstres"": 0.3280885219573974}",0.0,0.3280885219573974,3751.685791015625,1158.3350372314453,0.2368312180042266,40.0,,0.0,0.0,40.0,0.0,-3.825201416015624,12.174798583984376,Leave_One_experiments/all_year_offline_schedule_search/daily_outputs/YCA/YCA_2014_YCA2014_stress_grid_S0008_daily.csv
YCA,YCA,Yucheng,2014,Leave_One_experiments\wth_generated_qc\YCA\YCA2014.WTH,normal_year;water_stress_year;nitrogen_stress_year,water_stress,YCA2014_stress_grid_S0008,pareto_balanced,2014-09-15,258,95,90,"{""sim_day"": 95.0, ""doy"": 258.0, ""topwt"": 3758.1039428710938, ""grnwt"": 1204.8475646972656, ""xlai"": 0.2297571748495102, ""totir"": 40.0, ""tofer"": NaN, ""swfac"": 0.0, ""nstres"": 0.3168703317642212}",0.0,0.3168703317642212,3758.1039428710938,1204.8475646972656,0.2297571748495102,40.0,,0.0,0.0,40.0,0.0,-3.825201416015624,12.174798583984376,Leave_One_experiments/all_year_offline_schedule_search/daily_outputs/YCA/YCA_2014_YCA2014_stress_grid_S0008_daily.csv
YCA,YCA,Yucheng,2014,Leave_One_experiments\wth_generated_qc\YCA\YCA2014.WTH,normal_year;water_stress_year;nitrogen_stress_year,water_stress,YCA2014_stress_grid_S0008,pareto_balanced,2014-09-16,259,96,91,"{""sim_day"": 96.0, ""doy"": 259.0, ""topwt"": 3765.029602050781, ""grnwt"": 1245.379867553711, ""xlai"": 0.2229320704936981, ""totir"": 40.0, ""tofer"": NaN, ""swfac"": 0.0, ""nstres"": 0.3129352331161499}",0.0,0.3129352331161499,3765.029602050781,1245.379867553711,0.2229320704936981,40.0,,0.0,0.0,40.0,0.0,-3.825201416015624,12.174798583984376,Leave_One_experiments/all_year_offline_schedule_search/daily_outputs/YCA/YCA_2014_YCA2014_stress_grid_S0008_daily.csv
YCA,YCA,Yucheng,2014,Leave_One_experiments\wth_generated_qc\YCA\YCA2014.WTH,normal_year;water_stress_year;nitrogen_stress_year,water_stress,YCA2014_stress_grid_S0008,pareto_balanced,2014-09-17,260,97,92,"{""sim_day"": 97.0, ""doy"": 260.0, ""topwt"": 3788.89892578125, ""grnwt"": 1291.8923950195312, ""xlai"": 0.216447427868843, ""totir"": 40.0, ""tofer"": NaN, ""swfac"": 0.0, ""nstres"": 0.2981087565422058}",0.0,0.2981087565422058,3788.89892578125,1291.8923950195312,0.216447427868843,40.0,,0.0,0.0,40.0,0.0,-3.825201416015624,12.174798583984376,Leave_One_experiments/all_year_offline_schedule_search/daily_outputs/YCA/YCA_2014_YCA2014_stress_grid_S0008_daily.csv
YCA,YCA,Yucheng,2014,Leave_One_experiments\wth_generated_qc\YCA\YCA2014.WTH,normal_year;water_stress_year;nitrogen_stress_year,water_stress,YCA2014_stress_grid_S0008,pareto_balanced,2014-09-18,261,98,93,"{""sim_day"": 98.0, ""doy"": 261.0, ""topwt"": 3824.1976928710938, ""grnwt"": 1338.4048461914062, ""xlai"": 0.2102157920598983, ""totir"": 40.0, ""tofer"": NaN, ""swfac"": 0.0, ""nstres"": 0.2909662127494812}",0.0,0.2909662127494812,3824.1976928710938,1338.4048461914062,0.2102157920598983,40.0,,0.0,0.0,40.0,0.0,-3.825201416015624,12.174798583984376,Leave_One_experiments/all_year_offline_schedule_search/daily_outputs/YCA/YCA_2014_YCA2014_stress_grid_S0008_daily.csv
YCA,YCA,Yucheng,2014,Leave_One_experiments\wth_generated_qc\YCA\YCA2014.WTH,normal_year;water_stress_year;nitrogen_stress_year,water_stress,YCA2014_stress_grid_S0008,pareto_balanced,2014-09-19,262,99,94,"{""sim_day"": 99.0, ""doy"": 262.0, ""topwt"": 3860.6585693359375, ""grnwt"": 1384.9172973632812, ""xlai"": 0.2041370570659637, ""totir"": 40.0, ""tofer"": NaN, ""swfac"": 0.0, ""nstres"": 0.293997049331665}",0.0,0.293997049331665,3860.6585693359375,1384.9172973632812,0.2041370570659637,40.0,,0.0,0.0,40.0,0.0,-3.825201416015624,12.174798583984376,Leave_One_experiments/all_year_offline_schedule_search/daily_outputs/YCA/YCA_2014_YCA2014_stress_grid_S0008_daily.csv
YCA,YCA,Yucheng,2014,Leave_One_experiments\wth_generated_qc\YCA\YCA2014.WTH,normal_year;water_stress_year;nitrogen_stress_year,water_stress,YCA2014_stress_grid_S0008,pareto_balanced,2014-09-20,263,100,95,"{""sim_day"": 100.0, ""doy"": 263.0, ""topwt"": 3894.4552612304688, ""grnwt"": 1431.4299011230469, ""xlai"": 0.198148712515831, ""totir"": 40.0, ""tofer"": NaN, ""swfac"": 0.0, ""nstres"": 0.3040310144424438}",0.0,0.3040310144424438,3894.4552612304688,1431.4299011230469,0.198148712515831,40.0,,0.0,0.0,40.0,0.0,-3.825201416015624,12.174798583984376,Leave_One_experiments/all_year_offline_schedule_search/daily_outputs/YCA/YCA_2014_YCA2014_stress_grid_S0008_daily.csv
YCA,YCA,Yucheng,2014,Leave_One_experiments\wth_generated_qc\YCA\YCA2014.WTH,normal_year;water_stress_year;nitrogen_stress_year,water_stress,YCA2014_stress_grid_S0008,pareto_balanced,2014-09-21,264,101,96,"{""sim_day"": 101.0, ""doy"": 264.0, ""topwt"": 3926.5603637695312, ""grnwt"": 1477.942352294922, ""xlai"": 0.1922681778669357, ""totir"": 40.0, ""tofer"": NaN, ""swfac"": 0.0, ""nstres"": 0.312254786491394}",0.0,0.312254786491394,3926.5603637695312,1477.942352294922,0.1922681778669357,40.0,,0.0,0.0,40.0,0.0,-3.825201416015624,12.174798583984376,Leave_One_experiments/all_year_offline_schedule_search/daily_outputs/YCA/YCA_2014_YCA2014_stress_grid_S0008_daily.csv
YCA,YCA,Yucheng,2014,Leave_One_experiments\wth_generated_qc\YCA\YCA2014.WTH,normal_year;water_stress_year;nitrogen_stress_year,water_stress,YCA2014_stress_grid_S0008,pareto_balanced,2014-09-22,265,102,97,"{""sim_day"": 102.0, ""doy"": 265.0, ""topwt"": 3944.3267822265625, ""grnwt"": 1524.4548034667969, ""xlai"": 0.1865484416484832, ""totir"": 40.0, ""tofer"": NaN, ""swfac"": 0.0, ""nstres"": 0.3139708042144775}",0.0,0.3139708042144775,3944.3267822265625,1524.4548034667969,0.1865484416484832,40.0,,0.0,0.0,40.0,0.0,-3.825201416015624,12.174798583984376,Leave_One_experiments/all_year_offline_schedule_search/daily_outputs/YCA/YCA_2014_YCA2014_stress_grid_S0008_daily.csv
YCA,YCA,Yucheng,2014,Leave_One_experiments\wth_generated_qc\YCA\YCA2014.WTH,normal_year;water_stress_year;nitrogen_stress_year,water_stress,YCA2014_stress_grid_S0008,pareto_balanced,2014-09-23,266,103,98,"{""sim_day"": 103.0, ""doy"": 266.0, ""topwt"": 3961.5115356445312, ""grnwt"": 1570.9674072265625, ""xlai"": 0.1810275465250015, ""totir"": 40.0, ""tofer"": NaN, ""swfac"": 0.0, ""nstres"": 0.3102831840515136}",0.0,0.3102831840515136,3961.5115356445312,1570.9674072265625,0.1810275465250015,40.0,,0.0,0.0,40.0,0.0,-3.825201416015624,12.174798583984376,Leave_One_experiments/all_year_offline_schedule_search/daily_outputs/YCA/YCA_2014_YCA2014_stress_grid_S0008_daily.csv
YCA,YCA,Yucheng,2014,Leave_One_experiments\wth_generated_qc\YCA\YCA2014.WTH,normal_year;water_stress_year;nitrogen_stress_year,water_stress,YCA2014_stress_grid_S0008,pareto_balanced,2014-09-24,267,104,99,"{""sim_day"": 104.0, ""doy"": 267.0, ""topwt"": 3988.3175659179688, ""grnwt"": 1617.4798583984375, ""xlai"": 0.1757741421461105, ""totir"": 40.0, ""tofer"": NaN, ""swfac"": 0.0, ""nstres"": 0.2964726090431213}",0.0,0.2964726090431213,3988.3175659179688,1617.4798583984375,0.1757741421461105,40.0,,0.0,0.0,40.0,0.0,-3.825201416015624,12.174798583984376,Leave_One_experiments/all_year_offline_schedule_search/daily_outputs/YCA/YCA_2014_YCA2014_stress_grid_S0008_daily.csv
YCA,YCA,Yucheng,2014,Leave_One_experiments\wth_generated_qc\YCA\YCA2014.WTH,normal_year;water_stress_year;nitrogen_stress_year,water_stress,YCA2014_stress_grid_S0008,pareto_balanced,2014-09-25,268,105,100,"{""sim_day"": 105.0, ""doy"": 268.0, ""topwt"": 3988.3175659179688, ""grnwt"": 1617.4798583984375, ""xlai"": 0.1757741421461105, ""totir"": 40.0, ""tofer"": NaN, ""swfac"": 0.0, ""nstres"": 0.2818928956985473}",0.0,0.2818928956985473,3988.3175659179688,1617.4798583984375,0.1757741421461105,40.0,,0.0,0.0,40.0,0.0,-3.825201416015624,12.174798583984376,Leave_One_experiments/all_year_offline_schedule_search/daily_outputs/YCA/YCA_2014_YCA2014_stress_grid_S0008_daily.csv
YCA,YCA,Yucheng,2014,Leave_One_experiments\wth_generated_qc\YCA\YCA2014.WTH,normal_year;water_stress_year;nitrogen_stress_year,water_stress,YCA2014_stress_grid_S0008,pareto_balanced,2014-09-26,269,106,101,"{""sim_day"": 106.0, ""doy"": 269.0, ""topwt"": 3988.3175659179688, ""grnwt"": 1617.4798583984375, ""xlai"": 0.1757741421461105, ""totir"": 40.0, ""tofer"": NaN, ""swfac"": 0.0, ""nstres"": 0.2818928956985473}",0.0,0.2818928956985473,3988.3175659179688,1617.4798583984375,0.1757741421461105,40.0,,0.0,0.0,40.0,0.0,-3.825201416015624,12.174798583984376,Leave_One_experiments/all_year_offline_schedule_search/daily_outputs/YCA/YCA_2014_YCA2014_stress_grid_S0008_daily.csv
YCA,YCA,Yucheng,2014,Leave_One_experiments\wth_generated_qc\YCA\YCA2014.WTH,normal_year;water_stress_year;nitrogen_stress_year,water_stress,YCA2014_stress_grid_S0008,pareto_balanced,2014-09-27,270,107,102,"{""sim_day"": 107.0, ""doy"": 270.0, ""topwt"": 3988.3175659179688, ""grnwt"": 1617.4798583984375, ""xlai"": 0.1757741421461105, ""totir"": 40.0, ""tofer"": NaN, ""swfac"": 0.0, ""nstres"": 0.2818928956985473}",0.0,0.2818928956985473,3988.3175659179688,1617.4798583984375,0.1757741421461105,40.0,,0.0,0.0,40.0,0.0,-3.825201416015624,12.174798583984376,Leave_One_experiments/all_year_offline_schedule_search/daily_outputs/YCA/YCA_2014_YCA2014_stress_grid_S0008_daily.csv
YCA,YCA,Yucheng,2014,Leave_One_experiments\wth_generated_qc\YCA\YCA2014.WTH,normal_year;water_stress_year;nitrogen_stress_year,water_stress,YCA2014_stress_grid_S0001,top_profit_low_water,2014-06-18,169,1,1,"{""sim_day"": 1.0, ""doy"": 169.0, ""topwt"": 0.0, ""grnwt"": 0.0, ""xlai"": 0.0, ""totir"": 0.0, ""tofer"": NaN, ""swfac"": 0.0, ""nstres"": 0.0}",0.0,0.0,0.0,0.0,0.0,0.0,,0.0,0.0,0.0,0.0,14.500875854492188,14.500875854492188,Leave_One_experiments/all_year_offline_schedule_search/daily_outputs/YCA/YCA_2014_YCA2014_stress_grid_S0001_daily.csv
YCA,YCA,Yucheng,2014,Leave_One_experiments\wth_generated_qc\YCA\YCA2014.WTH,normal_year;water_stress_year;nitrogen_stress_year,water_stress,YCA2014_stress_grid_S0001,top_profit_low_water,2014-06-19,170,2,2,"{""sim_day"": 2.0, ""doy"": 170.0, ""topwt"": 0.0, ""grnwt"": 0.0, ""xlai"": 0.0, ""totir"": 0.0, ""tofer"": NaN, ""swfac"": 0.0, ""nstres"": 0.0}",0.0,0.0,0.0,0.0,0.0,0.0,,0.0,0.0,0.0,0.0,14.500875854492188,14.500875854492188,Leave_One_experiments/all_year_offline_schedule_search/daily_outputs/YCA/YCA_2014_YCA2014_stress_grid_S0001_daily.csv
YCA,YCA,Yucheng,2014,Leave_One_experiments\wth_generated_qc\YCA\YCA2014.WTH,normal_year;water_stress_year;nitrogen_stress_year,water_stress,YCA2014_stress_grid_S0001,top_profit_low_water,2014-06-20,171,3,3,"{""sim_day"": 3.0, ""doy"": 171.0, ""topwt"": 0.0, ""grnwt"": 0.0, ""xlai"": 0.0, ""totir"": 0.0, ""tofer"": NaN, ""swfac"": 0.0, ""nstres"": 0.0}",0.0,0.0,0.0,0.0,0.0,0.0,,0.0,0.0,0.0,0.0,14.500875854492188,14.500875854492188,Leave_One_experiments/all_year_offline_schedule_search/daily_outputs/YCA/YCA_2014_YCA2014_stress_grid_S0001_daily.csv
YCA,YCA,Yucheng,2014,Leave_One_experiments\wth_generated_qc\YCA\YCA2014.WTH,normal_year;water_stress_year;nitrogen_stress_year,water_stress,YCA2014_stress_grid_S0001,top_profit_low_water,2014-06-21,172,4,4,"{""sim_day"": 4.0, ""doy"": 172.0, ""topwt"": 0.0, ""grnwt"": 0.0, ""xlai"": 0.0, ""totir"": 0.0, ""tofer"": NaN, ""swfac"": 0.0, ""nstres"": 0.0}",0.0,0.0,0.0,0.0,0.0,0.0,,0.0,0.0,0.0,0.0,14.500875854492188,14.500875854492188,Leave_One_experiments/all_year_offline_schedule_search/daily_outputs/YCA/YCA_2014_YCA2014_stress_grid_S0001_daily.csv
YCA,YCA,Yucheng,2014,Leave_One_experiments\wth_generated_qc\YCA\YCA2014.WTH,normal_year;water_stress_year;nitrogen_stress_year,water_stress,YCA2014_stress_grid_S0001,top_profit_low_water,2014-06-22,173,5,5,"{""sim_day"": 5.0, ""doy"": 173.0, ""topwt"": 0.0, ""grnwt"": 0.0, ""xlai"": 0.0, ""totir"": 0.0, ""tofer"": NaN, ""swfac"": 0.0, ""nstres"": 0.0}",0.0,0.0,0.0,0.0,0.0,0.0,,0.0,0.0,0.0,0.0,14.500875854492188,14.500875854492188,Leave_One_experiments/all_year_offline_schedule_search/daily_outputs/YCA/YCA_2014_YCA2014_stress_grid_S0001_daily.csv
YCA,YCA,Yucheng,2014,Leave_One_experiments\wth_generated_qc\YCA\YCA2014.WTH,normal_year;water_stress_year;nitrogen_stress_year,water_stress,YCA2014_stress_grid_S0001,top_profit_low_water,2014-06-18,169,6,1,"{""sim_day"": 6.0, ""doy"": 169.0, ""topwt"": 0.0, ""grnwt"": 0.0, ""xlai"": 0.0, ""totir"": 0.0, ""tofer"": NaN, ""swfac"": 0.0, ""nstres"": 0.0}",0.0,0.0,0.0,0.0,0.0,0.0,,0.0,0.0,0.0,0.0,14.500875854492188,14.500875854492188,Leave_One_experiments/all_year_offline_schedule_search/daily_outputs/YCA/YCA_2014_YCA2014_stress_grid_S0001_daily.csv
YCA,YCA,Yucheng,2014,Leave_One_experiments\wth_generated_qc\YCA\YCA2014.WTH,normal_year;water_stress_year;nitrogen_stress_year,water_stress,YCA2014_stress_grid_S0001,top_profit_low_water,2014-06-19,170,7,2,"{""sim_day"": 7.0, ""doy"": 170.0, ""topwt"": 0.0, ""grnwt"": 0.0, ""xlai"": 0.0, ""totir"": 0.0, ""tofer"": NaN, ""swfac"": 0.0, ""nstres"": 0.0}",0.0,0.0,0.0,0.0,0.0,0.0,,0.0,0.0,0.0,0.0,14.500875854492188,14.500875854492188,Leave_One_experiments/all_year_offline_schedule_search/daily_outputs/YCA/YCA_2014_YCA2014_stress_grid_S0001_daily.csv
YCA,YCA,Yucheng,2014,Leave_One_experiments\wth_generated_qc\YCA\YCA2014.WTH,normal_year;water_stress_year;nitrogen_stress_year,water_stress,YCA2014_stress_grid_S0001,top_profit_low_water,2014-06-20,171,8,3,"{""sim_day"": 8.0, ""doy"": 171.0, ""topwt"": 0.0, ""grnwt"": 0.0, ""xlai"": 0.0, ""totir"": 0.0, ""tofer"": NaN, ""swfac"": 0.0, ""nstres"": 0.0}",0.0,0.0,0.0,0.0,0.0,0.0,,0.0,0.0,0.0,0.0,14.500875854492188,14.500875854492188,Leave_One_experiments/all_year_offline_schedule_search/daily_outputs/YCA/YCA_2014_YCA2014_stress_grid_S0001_daily.csv
YCA,YCA,Yucheng,2014,Leave_One_experiments\wth_generated_qc\YCA\YCA2014.WTH,normal_year;water_stress_year;nitrogen_stress_year,water_stress,YCA2014_stress_grid_S0001,top_profit_low_water,2014-06-21,172,9,4,"{""sim_day"": 9.0, ""doy"": 172.0, ""topwt"": 0.0, ""grnwt"": 0.0, ""xlai"": 0.0, ""totir"": 0.0, ""tofer"": NaN, ""swfac"": 0.0, ""nstres"": 0.0}",0.0,0.0,0.0,0.0,0.0,0.0,,0.0,0.0,0.0,0.0,14.500875854492188,14.500875854492188,Leave_One_experiments/all_year_offline_schedule_search/daily_outputs/YCA/YCA_2014_YCA2014_stress_grid_S0001_daily.csv
YCA,YCA,Yucheng,2014,Leave_One_experiments\wth_generated_qc\YCA\YCA2014.WTH,normal_year;water_stress_year;nitrogen_stress_year,water_stress,YCA2014_stress_grid_S0001,top_profit_low_water,2014-06-22,173,10,5,"{""sim_day"": 10.0, ""doy"": 173.0, ""topwt"": 0.0, ""grnwt"": 0.0, ""xlai"": 0.0, ""totir"": 0.0, ""tofer"": NaN, ""swfac"": 0.0, ""nstres"": 0.0}",0.0,0.0,0.0,0.0,0.0,0.0,,0.0,0.0,0.0,0.0,14.500875854492188,14.500875854492188,Leave_One_experiments/all_year_offline_schedule_search/daily_outputs/YCA/YCA_2014_YCA2014_stress_grid_S0001_daily.csv
YCA,YCA,Yucheng,2014,Leave_One_experiments\wth_generated_qc\YCA\YCA2014.WTH,normal_year;water_stress_year;nitrogen_stress_year,water_stress,YCA2014_stress_grid_S0001,top_profit_low_water,2014-06-23,174,11,6,"{""sim_day"": 11.0, ""doy"": 174.0, ""topwt"": 26.400001049041748, ""grnwt"": 0.0, ""xlai"": 0.0048709167167544, ""totir"": 0.0, ""tofer"": NaN, ""swfac"": 0.0, ""nstres"": 0.0121910572052001}",0.0,0.0121910572052001,26.400001049041748,0.0,0.0048709167167544,0.0,,0.0,0.0,0.0,0.0,14.500875854492188,14.500875854492188,Leave_One_experiments/all_year_offline_schedule_search/daily_outputs/YCA/YCA_2014_YCA2014_stress_grid_S0001_daily.csv
YCA,YCA,Yucheng,2014,Leave_One_experiments\wth_generated_qc\YCA\YCA2014.WTH,normal_year;water_stress_year;nitrogen_stress_year,water_stress,YCA2014_stress_grid_S0001,top_profit_low_water,2014-06-24,175,12,7,"{""sim_day"": 12.0, ""doy"": 175.0, ""topwt"": 26.400001049041748, ""grnwt"": 0.0, ""xlai"": 0.0092580942437052, ""totir"": 0.0, ""tofer"": NaN, ""swfac"": 0.0, ""nstres"": 0.0116716027259826}",0.0,0.0116716027259826,26.400001049041748,0.0,0.0092580942437052,0.0,,0.0,0.0,0.0,0.0,14.500875854492188,14.500875854492188,Leave_One_experiments/all_year_offline_schedule_search/daily_outputs/YCA/YCA_2014_YCA2014_stress_grid_S0001_daily.csv
YCA,YCA,Yucheng,2014,Leave_One_experiments\wth_generated_qc\YCA\YCA2014.WTH,normal_year;water_stress_year;nitrogen_stress_year,water_stress,YCA2014_stress_grid_S0001,top_profit_low_water,2014-06-25,176,13,8,"{""sim_day"": 13.0, ""doy"": 176.0, ""topwt"": 26.400001049041748, ""grnwt"": 0.0, ""xlai"": 0.0150158461183309, ""totir"": 0.0, ""tofer"": NaN, ""swfac"": 0.0, ""nstres"": 0.004654049873352}",0.0,0.004654049873352,26.400001049041748,0.0,0.0150158461183309,0.0,,0.0,0.0,0.0,0.0,14.500875854492188,14.500875854492188,Leave_One_experiments/all_year_offline_schedule_search/daily_outputs/YCA/YCA_2014_YCA2014_stress_grid_S0001_daily.csv
YCA,YCA,Yucheng,2014,Leave_One_experiments\wth_generated_qc\YCA\YCA2014.WTH,normal_year;water_stress_year;nitrogen_stress_year,water_stress,YCA2014_stress_grid_S0001,top_profit_low_water,2014-06-26,177,14,9,"{""sim_day"": 14.0, ""doy"": 177.0, ""topwt"": 26.400001049041748, ""grnwt"": 0.0, ""xlai"": 0.0367106311023235, ""totir"": 0.0, ""tofer"": NaN, ""swfac"": 0.0, ""nstres"": 0.0}",0.0,0.0,26.400001049041748,0.0,0.0367106311023235,0.0,,0.0,0.0,0.0,0.0,14.500875854492188,14.500875854492188,Leave_One_experiments/all_year_offline_schedule_search/daily_outputs/YCA/YCA_2014_YCA2014_stress_grid_S0001_daily.csv
YCA,YCA,Yucheng,2014,Leave_One_experiments\wth_generated_qc\YCA\YCA2014.WTH,normal_year;water_stress_year;nitrogen_stress_year,water_stress,YCA2014_stress_grid_S0001,top_profit_low_water,2014-06-27,178,15,10,"{""sim_day"": 15.0, ""doy"": 178.0, ""topwt"": 33.08252811431885, ""grnwt"": 0.0, ""xlai"": 0.0628632083535194, ""totir"": 0.0, ""tofer"": NaN, ""swfac"": 0.0, ""nstres"": 0.0}",0.0,0.0,33.08252811431885,0.0,0.0628632083535194,0.0,,0.0,0.0,0.0,0.0,14.500875854492188,14.500875854492188,Leave_One_experiments/all_year_offline_schedule_search/daily_outputs/YCA/YCA_2014_YCA2014_stress_grid_S0001_daily.csv
YCA,YCA,Yucheng,2014,Leave_One_experiments\wth_generated_qc\YCA\YCA2014.WTH,normal_year;water_stress_year;nitrogen_stress_year,water_stress,YCA2014_stress_grid_S0001,top_profit_low_water,2014-06-28,179,16,11,"{""sim_day"": 16.0, ""doy"": 179.0, ""topwt"": 45.27156352996826, ""grnwt"": 0.0, ""xlai"": 0.0920091271400451, ""totir"": 0.0, ""tofer"": NaN, ""swfac"": 0.0, ""nstres"": 0.0}",0.0,0.0,45.27156352996826,0.0,0.0920091271400451,0.0,,0.0,0.0,0.0,0.0,14.500875854492188,14.500875854492188,Leave_One_experiments/all_year_offline_schedule_search/daily_outputs/YCA/YCA_2014_YCA2014_stress_grid_S0001_daily.csv
YCA,YCA,Yucheng,2014,Leave_One_experiments\wth_generated_qc\YCA\YCA2014.WTH,normal_year;water_stress_year;nitrogen_stress_year,water_stress,YCA2014_stress_grid_S0001,top_profit_low_water,2014-06-29,180,17,12,"{""sim_day"": 17.0, ""doy"": 180.0, ""topwt"": 59.153804779052734, ""grnwt"": 0.0, ""xlai"": 0.1225045248866081, ""totir"": 0.0, ""tofer"": NaN, ""swfac"": 0.0, ""nstres"": 0.0}",0.0,0.0,59.153804779052734,0.0,0.1225045248866081,0.0,,0.0,0.0,0.0,0.0,14.500875854492188,14.500875854492188,Leave_One_experiments/all_year_offline_schedule_search/daily_outputs/YCA/YCA_2014_YCA2014_stress_grid_S0001_daily.csv
YCA,YCA,Yucheng,2014,Leave_One_experiments\wth_generated_qc\YCA\YCA2014.WTH,normal_year;water_stress_year;nitrogen_stress_year,water_stress,YCA2014_stress_grid_S0001,top_profit_low_water,2014-06-30,181,18,13,"{""sim_day"": 18.0, ""doy"": 181.0, ""topwt"": 79.16231632232666, ""grnwt"": 0.0, ""xlai"": 0.163295105099678, ""totir"": 0.0, ""tofer"": NaN, ""swfac"": 0.0, ""nstres"": 0.0}",0.0,0.0,79.16231632232666,0.0,0.163295105099678,0.0,,0.0,0.0,0.0,0.0,14.500875854492188,14.500875854492188,Leave_One_experiments/all_year_offline_schedule_search/daily_outputs/YCA/YCA_2014_YCA2014_stress_grid_S0001_daily.csv
YCA,YCA,Yucheng,2014,Leave_One_experiments\wth_generated_qc\YCA\YCA2014.WTH,normal_year;water_stress_year;nitrogen_stress_year,water_stress,YCA2014_stress_grid_S0001,top_profit_low_water,2014-07-01,182,19,14,"{""sim_day"": 19.0, ""doy"": 182.0, ""topwt"": 101.60086631774902, ""grnwt"": 0.0, ""xlai"": 0.2060578763484954, ""totir"": 0.0, ""tofer"": NaN, ""swfac"": 0.0, ""nstres"": 0.0}",0.0,0.0,101.60086631774902,0.0,0.2060578763484954,0.0,,0.0,0.0,0.0,0.0,14.500875854492188,14.500875854492188,Leave_One_experiments/all_year_offline_schedule_search/daily_outputs/YCA/YCA_2014_YCA2014_stress_grid_S0001_daily.csv
YCA,YCA,Yucheng,2014,Leave_One_experiments\wth_generated_qc\YCA\YCA2014.WTH,normal_year;water_stress_year;nitrogen_stress_year,water_stress,YCA2014_stress_grid_S0001,top_profit_low_water,2014-07-02,183,20,15,"{""sim_day"": 20.0, ""doy"": 183.0, ""topwt"": 129.16531562805176, ""grnwt"": 0.0, ""xlai"": 0.2555956542491913, ""totir"": 0.0, ""tofer"": NaN, ""swfac"": 0.0, ""nstres"": 0.0320024490356445}",0.0,0.0320024490356445,129.16531562805176,0.0,0.2555956542491913,0.0,,0.0,0.0,0.0,0.0,14.500875854492188,14.500875854492188,Leave_One_experiments/all_year_offline_schedule_search/daily_outputs/YCA/YCA_2014_YCA2014_stress_grid_S0001_daily.csv
YCA,YCA,Yucheng,2014,Leave_One_experiments\wth_generated_qc\YCA\YCA2014.WTH,normal_year;water_stress_year;nitrogen_stress_year,water_stress,YCA2014_stress_grid_S0001,top_profit_low_water,2014-07-03,184,21,16,"{""sim_day"": 21.0, ""doy"": 184.0, ""topwt"": 160.7206153869629, ""grnwt"": 0.0, ""xlai"": 0.3073117733001709, ""totir"": 0.0, ""tofer"": NaN, ""swfac"": 0.0, ""nstres"": 0.0944449305534362}",0.0,0.0944449305534362,160.7206153869629,0.0,0.3073117733001709,0.0,,0.0,0.0,0.0,0.0,14.500875854492188,14.500875854492188,Leave_One_experiments/all_year_offline_schedule_search/daily_outputs/YCA/YCA_2014_YCA2014_stress_grid_S0001_daily.csv
YCA,YCA,Yucheng,2014,Leave_One_experiments\wth_generated_qc\YCA\YCA2014.WTH,normal_year;water_stress_year;nitrogen_stress_year,water_stress,YCA2014_stress_grid_S0001,top_profit_low_water,2014-07-04,185,22,17,"{""sim_day"": 22.0, ""doy"": 185.0, ""topwt"": 201.08922958374023, ""grnwt"": 0.0, ""xlai"": 0.368292897939682, ""totir"": 0.0, ""tofer"": NaN, ""swfac"": 0.0, ""nstres"": 0.1398897767066955}",0.0,0.1398897767066955,201.08922958374023,0.0,0.368292897939682,0.0,,0.0,0.0,0.0,0.0,14.500875854492188,14.500875854492188,Leave_One_experiments/all_year_offline_schedule_search/daily_outputs/YCA/YCA_2014_YCA2014_stress_grid_S0001_daily.csv
YCA,YCA,Yucheng,2014,Leave_One_experiments\wth_generated_qc\YCA\YCA2014.WTH,normal_year;water_stress_year;nitrogen_stress_year,water_stress,YCA2014_stress_grid_S0001,top_profit_low_water,2014-07-05,186,23,18,"{""sim_day"": 23.0, ""doy"": 186.0, ""topwt"": 214.0566062927246, ""grnwt"": 0.0, ""xlai"": 0.4075962901115417, ""totir"": 0.0, ""tofer"": NaN, ""swfac"": 0.0, ""nstres"": 0.1844323277473449}",0.0,0.1844323277473449,214.0566062927246,0.0,0.4075962901115417,0.0,,0.0,0.0,0.0,0.0,14.500875854492188,14.500875854492188,Leave_One_experiments/all_year_offline_schedule_search/daily_outputs/YCA/YCA_2014_YCA2014_stress_grid_S0001_daily.csv
YCA,YCA,Yucheng,2014,Leave_One_experiments\wth_generated_qc\YCA\YCA2014.WTH,normal_year;water_stress_year;nitrogen_stress_year,water_stress,YCA2014_stress_grid_S0001,top_profit_low_water,2014-07-06,187,24,19,"{""sim_day"": 24.0, ""doy"": 187.0, ""topwt"": 239.7132873535156, ""grnwt"": 0.0, ""xlai"": 0.4383265078067779, ""totir"": 0.0, ""tofer"": NaN, ""swfac"": 0.0, ""nstres"": 0.2969712615013122}",0.0,0.2969712615013122,239.7132873535156,0.0,0.4383265078067779,0.0,,0.0,0.0,0.0,0.0,14.500875854492188,14.500875854492188,Leave_One_experiments/all_year_offline_schedule_search/daily_outputs/YCA/YCA_2014_YCA2014_stress_grid_S0001_daily.csv
YCA,YCA,Yucheng,2014,Leave_One_experiments\wth_generated_qc\YCA\YCA2014.WTH,normal_year;water_stress_year;nitrogen_stress_year,water_stress,YCA2014_stress_grid_S0001,top_profit_low_water,2014-07-07,188,25,20,"{""sim_day"": 25.0, ""doy"": 188.0, ""topwt"": 271.2540626525879, ""grnwt"": 0.0, ""xlai"": 0.4766831994056701, ""totir"": 0.0, ""tofer"": NaN, ""swfac"": 0.0, ""nstres"": 0.2944358587265014}",0.0,0.2944358587265014,271.2540626525879,0.0,0.4766831994056701,0.0,,0.0,0.0,0.0,0.0,14.500875854492188,14.500875854492188,Leave_One_experiments/all_year_offline_schedule_search/daily_outputs/YCA/YCA_2014_YCA2014_stress_grid_S0001_daily.csv
YCA,YCA,Yucheng,2014,Leave_One_experiments\wth_generated_qc\YCA\YCA2014.WTH,normal_year;water_stress_year;nitrogen_stress_year,water_stress,YCA2014_stress_grid_S0001,top_profit_low_water,2014-07-08,189,26,21,"{""sim_day"": 26.0, ""doy"": 189.0, ""topwt"": 304.9406623840332, ""grnwt"": 0.0, ""xlai"": 0.5156340003013611, ""totir"": 0.0, ""tofer"": NaN, ""swfac"": 0.0, ""nstres"": 0.3136873841285705}",0.0,0.3136873841285705,304.9406623840332,0.0,0.5156340003013611,0.0,,0.0,0.0,0.0,0.0,14.500875854492188,14.500875854492188,Leave_One_experiments/all_year_offline_schedule_search/daily_outputs/YCA/YCA_2014_YCA2014_stress_grid_S0001_daily.csv
YCA,YCA,Yucheng,2014,Leave_One_experiments\wth_generated_qc\YCA\YCA2014.WTH,normal_year;water_stress_year;nitrogen_stress_year,water_stress,YCA2014_stress_grid_S0001,top_profit_low_water,2014-07-09,190,27,22,"{""sim_day"": 27.0, ""doy"": 190.0, ""topwt"": 317.03956604003906, ""grnwt"": 0.0, ""xlai"": 0.5190263390541077, ""totir"": 0.0, ""tofer"": NaN, ""swfac"": 0.0, ""nstres"": 0.3214543461799621}",0.0,0.3214543461799621,317.03956604003906,0.0,0.5190263390541077,0.0,,0.0,0.0,0.0,0.0,14.500875854492188,14.500875854492188,Leave_One_experiments/all_year_offline_schedule_search/daily_outputs/YCA/YCA_2014_YCA2014_stress_grid_S0001_daily.csv
YCA,YCA,Yucheng,2014,Leave_One_experiments\wth_generated_qc\YCA\YCA2014.WTH,normal_year;water_stress_year;nitrogen_stress_year,water_stress,YCA2014_stress_grid_S0001,top_profit_low_water,2014-07-10,191,28,23,"{""sim_day"": 28.0, ""doy"": 191.0, ""topwt"": 354.6401596069336, ""grnwt"": 0.0, ""xlai"": 0.5605762004852295, ""totir"": 0.0, ""tofer"": NaN, ""swfac"": 0.0, ""nstres"": 0.332972764968872}",0.0,0.332972764968872,354.6401596069336,0.0,0.5605762004852295,0.0,,0.0,0.0,0.0,0.0,14.500875854492188,14.500875854492188,Leave_One_experiments/all_year_offline_schedule_search/daily_outputs/YCA/YCA_2014_YCA2014_stress_grid_S0001_daily.csv
YCA,YCA,Yucheng,2014,Leave_One_experiments\wth_generated_qc\YCA\YCA2014.WTH,normal_year;water_stress_year;nitrogen_stress_year,water_stress,YCA2014_stress_grid_S0001,top_profit_low_water,2014-07-11,192,29,24,"{""sim_day"": 29.0, ""doy"": 192.0, ""topwt"": 397.63797760009766, ""grnwt"": 0.0, ""xlai"": 0.6014066934585571, ""totir"": 0.0, ""tofer"": NaN, ""swfac"": 0.0, ""nstres"": 0.3155314326286316}",0.0,0.3155314326286316,397.63797760009766,0.0,0.6014066934585571,0.0,,0.0,0.0,0.0,0.0,14.500875854492188,14.500875854492188,Leave_One_experiments/all_year_offline_schedule_search/daily_outputs/YCA/YCA_2014_YCA2014_stress_grid_S0001_daily.csv
YCA,YCA,Yucheng,2014,Leave_One_experiments\wth_generated_qc\YCA\YCA2014.WTH,normal_year;water_stress_year;nitrogen_stress_year,water_stress,YCA2014_stress_grid_S0001,top_profit_low_water,2014-07-12,193,30,25,"{""sim_day"": 30.0, ""doy"": 193.0, ""topwt"": 446.4471435546875, ""grnwt"": 0.0, ""xlai"": 0.6522783637046814, ""totir"": 0.0, ""tofer"": NaN, ""swfac"": 0.0, ""nstres"": 0.3256207108497619}",0.0,0.3256207108497619,446.4471435546875,0.0,0.6522783637046814,0.0,,0.0,0.0,0.0,0.0,14.500875854492188,14.500875854492188,Leave_One_experiments/all_year_offline_schedule_search/daily_outputs/YCA/YCA_2014_YCA2014_stress_grid_S0001_daily.csv
YCA,YCA,Yucheng,2014,Leave_One_experiments\wth_generated_qc\YCA\YCA2014.WTH,normal_year;water_stress_year;nitrogen_stress_year,water_stress,YCA2014_stress_grid_S0001,top_profit_low_water,2014-07-13,194,31,26,"{""sim_day"": 31.0, ""doy"": 194.0, ""topwt"": 499.9314880371094, ""grnwt"": 0.0, ""xlai"": 0.7042425274848938, ""totir"": 0.0, ""tofer"": NaN, ""swfac"": 0.0, ""nstres"": 0.3467897772789001}",0.0,0.3467897772789001,499.9314880371094,0.0,0.7042425274848938,0.0,,0.0,0.0,0.0,0.0,14.500875854492188,14.500875854492188,Leave_One_experiments/all_year_offline_schedule_search/daily_outputs/YCA/YCA_2014_YCA2014_stress_grid_S0001_daily.csv
YCA,YCA,Yucheng,2014,Leave_One_experiments\wth_generated_qc\YCA\YCA2014.WTH,normal_year;water_stress_year;nitrogen_stress_year,water_stress,YCA2014_stress_grid_S0001,top_profit_low_water,2014-07-14,195,32,27,"{""sim_day"": 32.0, ""doy"": 195.0, ""topwt"": 548.5818099975586, ""grnwt"": 0.0, ""xlai"": 0.7448596954345703, ""totir"": 0.0, ""tofer"": NaN, ""swfac"": 0.0, ""nstres"": 0.3531081676483154}",0.0,0.3531081676483154,548.5818099975586,0.0,0.7448596954345703,0.0,,0.0,0.0,0.0,0.0,14.500875854492188,14.500875854492188,Leave_One_experiments/all_year_offline_schedule_search/daily_outputs/YCA/YCA_2014_YCA2014_stress_grid_S0001_daily.csv
YCA,YCA,Yucheng,2014,Leave_One_experiments\wth_generated_qc\YCA\YCA2014.WTH,normal_year;water_stress_year;nitrogen_stress_year,water_stress,YCA2014_stress_grid_S0001,top_profit_low_water,2014-07-15,196,33,28,"{""sim_day"": 33.0, ""doy"": 196.0, ""topwt"": 604.6387100219727, ""grnwt"": 0.0, ""xlai"": 0.7896798253059387, ""totir"": 0.0, ""tofer"": NaN, ""swfac"": 0.0, ""nstres"": 0.3602413535118103}",0.0,0.3602413535118103,604.6387100219727,0.0,0.7896798253059387,0.0,,0.0,0.0,0.0,0.0,14.500875854492188,14.500875854492188,Leave_One_experiments/all_year_offline_schedule_search/daily_outputs/YCA/YCA_2014_YCA2014_stress_grid_S0001_daily.csv
YCA,YCA,Yucheng,2014,Leave_One_experiments\wth_generated_qc\YCA\YCA2014.WTH,normal_year;water_stress_year;nitrogen_stress_year,water_stress,YCA2014_stress_grid_S0001,top_profit_low_water,2014-07-16,197,34,29,"{""sim_day"": 34.0, ""doy"": 197.0, ""topwt"": 663.2770538330078, ""grnwt"": 0.0, ""xlai"": 0.8308554291725159, ""totir"": 0.0, ""tofer"": NaN, ""swfac"": 0.0, ""nstres"": 0.388946533203125}",0.0,0.388946533203125,663.2770538330078,0.0,0.8308554291725159,0.0,,0.0,0.0,0.0,0.0,14.500875854492188,14.500875854492188,Leave_One_experiments/all_year_offline_schedule_search/daily_outputs/YCA/YCA_2014_YCA2014_stress_grid_S0001_daily.csv
YCA,YCA,Yucheng,2014,Leave_One_experiments\wth_generated_qc\YCA\YCA2014.WTH,normal_year;water_stress_year;nitrogen_stress_year,water_stress,YCA2014_stress_grid_S0001,top_profit_low_water,2014-07-17,198,35,30,"{""sim_day"": 35.0, ""doy"": 198.0, ""topwt"": 723.4074401855469, ""grnwt"": 0.0, ""xlai"": 0.8665963411331177, ""totir"": 0.0, ""tofer"": NaN, ""swfac"": 0.0, ""nstres"": 0.4205790758132934}",0.0,0.4205790758132934,723.4074401855469,0.0,0.8665963411331177,0.0,,0.0,0.0,0.0,0.0,14.500875854492188,14.500875854492188,Leave_One_experiments/all_year_offline_schedule_search/daily_outputs/YCA/YCA_2014_YCA2014_stress_grid_S0001_daily.csv
YCA,YCA,Yucheng,2014,Leave_One_experiments\wth_generated_qc\YCA\YCA2014.WTH,normal_year;water_stress_year;nitrogen_stress_year,water_stress,YCA2014_stress_grid_S0001,top_profit_low_water,2014-07-18,199,36,31,"{""sim_day"": 36.0, ""doy"": 199.0, ""topwt"": 785.6404113769531, ""grnwt"": 0.0, ""xlai"": 0.8975765109062195, ""totir"": 0.0, ""tofer"": NaN, ""swfac"": 0.0, ""nstres"": 0.4459074139595032}",0.0,0.4459074139595032,785.6404113769531,0.0,0.8975765109062195,0.0,,0.0,0.0,0.0,0.0,14.500875854492188,14.500875854492188,Leave_One_experiments/all_year_offline_schedule_search/daily_outputs/YCA/YCA_2014_YCA2014_stress_grid_S0001_daily.csv
YCA,YCA,Yucheng,2014,Leave_One_experiments\wth_generated_qc\YCA\YCA2014.WTH,normal_year;water_stress_year;nitrogen_stress_year,water_stress,YCA2014_stress_grid_S0001,top_profit_low_water,2014-07-19,200,37,32,"{""sim_day"": 37.0, ""doy"": 200.0, ""topwt"": 847.7178192138672, ""grnwt"": 0.0, ""xlai"": 0.9218620657920836, ""totir"": 0.0, ""tofer"": NaN, ""swfac"": 0.0, ""nstres"": 0.4681383371353149}",0.0,0.4681383371353149,847.7178192138672,0.0,0.9218620657920836,0.0,,0.0,0.0,0.0,0.0,14.500875854492188,14.500875854492188,Leave_One_experiments/all_year_offline_schedule_search/daily_outputs/YCA/YCA_2014_YCA2014_stress_grid_S0001_daily.csv
YCA,YCA,Yucheng,2014,Leave_One_experiments\wth_generated_qc\YCA\YCA2014.WTH,normal_year;water_stress_year;nitrogen_stress_year,water_stress,YCA2014_stress_grid_S0001,top_profit_low_water,2014-07-20,201,38,33,"{""sim_day"": 38.0, ""doy"": 201.0, ""topwt"": 918.4317016601562, ""grnwt"": 0.0, ""xlai"": 0.9470667839050292, ""totir"": 0.0, ""tofer"": NaN, ""swfac"": 0.0, ""nstres"": 0.4856297373771667}",0.0,0.4856297373771667,918.4317016601562,0.0,0.9470667839050292,0.0,,0.0,0.0,0.0,0.0,14.500875854492188,14.500875854492188,Leave_One_experiments/all_year_offline_schedule_search/daily_outputs/YCA/YCA_2014_YCA2014_stress_grid_S0001_daily.csv
YCA,YCA,Yucheng,2014,Leave_One_experiments\wth_generated_qc\YCA\YCA2014.WTH,normal_year;water_stress_year;nitrogen_stress_year,water_stress,YCA2014_stress_grid_S0001,top_profit_low_water,2014-07-21,202,39,34,"{""sim_day"": 39.0, ""doy"": 202.0, ""topwt"": 955.6266021728516, ""grnwt"": 0.0, ""xlai"": 0.9405346512794496, ""totir"": 0.0, ""tofer"": NaN, ""swfac"": 0.0, ""nstres"": 0.5016410946846008}",0.0,0.5016410946846008,955.6266021728516,0.0,0.9405346512794496,0.0,,0.0,0.0,0.0,0.0,14.500875854492188,14.500875854492188,Leave_One_experiments/all_year_offline_schedule_search/daily_outputs/YCA/YCA_2014_YCA2014_stress_grid_S0001_daily.csv
YCA,YCA,Yucheng,2014,Leave_One_experiments\wth_generated_qc\YCA\YCA2014.WTH,normal_year;water_stress_year;nitrogen_stress_year,water_stress,YCA2014_stress_grid_S0001,top_profit_low_water,2014-07-22,203,40,35,"{""sim_day"": 40.0, ""doy"": 203.0, ""topwt"": 992.5771331787108, ""grnwt"": 0.0, ""xlai"": 0.9315337538719176, ""totir"": 0.0, ""tofer"": NaN, ""swfac"": 0.0, ""nstres"": 0.5201695561408997}",0.0,0.5201695561408997,992.5771331787108,0.0,0.9315337538719176,0.0,,0.0,0.0,0.0,0.0,14.500875854492188,14.500875854492188,Leave_One_experiments/all_year_offline_schedule_search/daily_outputs/YCA/YCA_2014_YCA2014_stress_grid_S0001_daily.csv
YCA,YCA,Yucheng,2014,Leave_One_experiments\wth_generated_qc\YCA\YCA2014.WTH,normal_year;water_stress_year;nitrogen_stress_year,water_stress,YCA2014_stress_grid_S0001,top_profit_low_water,2014-07-23,204,41,36,"{""sim_day"": 41.0, ""doy"": 204.0, ""topwt"": 1041.6678619384766, ""grnwt"": 0.0, ""xlai"": 0.9297667741775512, ""totir"": 0.0, ""tofer"": NaN, ""swfac"": 0.0, ""nstres"": 0.5149617791175842}",0.0,0.5149617791175842,1041.6678619384766,0.0,0.9297667741775512,0.0,,0.0,0.0,0.0,0.0,14.500875854492188,14.500875854492188,Leave_One_experiments/all_year_offline_schedule_search/daily_outputs/YCA/YCA_2014_YCA2014_stress_grid_S0001_daily.csv
YCA,YCA,Yucheng,2014,Leave_One_experiments\wth_generated_qc\YCA\YCA2014.WTH,normal_year;water_stress_year;nitrogen_stress_year,water_stress,YCA2014_stress_grid_S0001,top_profit_low_water,2014-07-24,205,42,37,"{""sim_day"": 42.0, ""doy"": 205.0, ""topwt"": 1102.4250030517578, ""grnwt"": 0.0, ""xlai"": 0.9336883425712584, ""totir"": 0.0, ""tofer"": NaN, ""swfac"": 0.0, ""nstres"": 0.509707510471344}",0.0,0.509707510471344,1102.4250030517578,0.0,0.9336883425712584,0.0,,0.0,0.0,0.0,0.0,14.500875854492188,14.500875854492188,Leave_One_experiments/all_year_offline_schedule_search/daily_outputs/YCA/YCA_2014_YCA2014_stress_grid_S0001_daily.csv
YCA,YCA,Yucheng,2014,Leave_One_experiments\wth_generated_qc\YCA\YCA2014.WTH,normal_year;water_stress_year;nitrogen_stress_year,water_stress,YCA2014_stress_grid_S0001,top_profit_low_water,2014-07-25,206,43,38,"{""sim_day"": 43.0, ""doy"": 206.0, ""topwt"": 1159.9339294433594, ""grnwt"": 0.0, ""xlai"": 0.9329956769943236, ""totir"": 0.0, ""tofer"": NaN, ""swfac"": 0.0, ""nstres"": 0.5147618651390076}",0.0,0.5147618651390076,1159.9339294433594,0.0,0.9329956769943236,0.0,,0.0,0.0,0.0,0.0,14.500875854492188,14.500875854492188,Leave_One_experiments/all_year_offline_schedule_search/daily_outputs/YCA/YCA_2014_YCA2014_stress_grid_S0001_daily.csv
YCA,YCA,Yucheng,2014,Leave_One_experiments\wth_generated_qc\YCA\YCA2014.WTH,normal_year;water_stress_year;nitrogen_stress_year,water_stress,YCA2014_stress_grid_S0001,top_profit_low_water,2014-07-26,207,44,39,"{""sim_day"": 44.0, ""doy"": 207.0, ""topwt"": 1233.7054443359375, ""grnwt"": 0.0, ""xlai"": 0.9387778043746948, ""totir"": 0.0, ""tofer"": NaN, ""swfac"": 0.0, ""nstres"": 0.523047685623169}",0.0,0.523047685623169,1233.7054443359375,0.0,0.9387778043746948,0.0,,0.0,0.0,0.0,0.0,14.500875854492188,14.500875854492188,Leave_One_experiments/all_year_offline_schedule_search/daily_outputs/YCA/YCA_2014_YCA2014_stress_grid_S0001_daily.csv
YCA,YCA,Yucheng,2014,Leave_One_experiments\wth_generated_qc\YCA\YCA2014.WTH,normal_year;water_stress_year;nitrogen_stress_year,water_stress,YCA2014_stress_grid_S0001,top_profit_low_water,2014-07-27,208,45,40,"{""sim_day"": 45.0, ""doy"": 208.0, ""topwt"": 1311.6986083984375, ""grnwt"": 0.0, ""xlai"": 0.9434679746627808, ""totir"": 0.0, ""tofer"": NaN, ""swfac"": 0.0, ""nstres"": 0.5275657176971436}",0.0,0.5275657176971436,1311.6986083984375,0.0,0.9434679746627808,0.0,,0.0,0.0,0.0,0.0,14.500875854492188,14.500875854492188,Leave_One_experiments/all_year_offline_schedule_search/daily_outputs/YCA/YCA_2014_YCA2014_stress_grid_S0001_daily.csv
YCA,YCA,Yucheng,2014,Leave_One_experiments\wth_generated_qc\YCA\YCA2014.WTH,normal_year;water_stress_year;nitrogen_stress_year,water_stress,YCA2014_stress_grid_S0001,top_profit_low_water,2014-07-28,209,46,41,"{""sim_day"": 46.0, ""doy"": 209.0, ""topwt"": 1397.069854736328, ""grnwt"": 0.0, ""xlai"": 0.9482720494270324, ""totir"": 0.0, ""tofer"": NaN, ""swfac"": 0.0, ""nstres"": 0.5362216830253601}",0.0,0.5362216830253601,1397.069854736328,0.0,0.9482720494270324,0.0,,0.0,0.0,0.0,0.0,14.500875854492188,14.500875854492188,Leave_One_experiments/all_year_offline_schedule_search/daily_outputs/YCA/YCA_2014_YCA2014_stress_grid_S0001_daily.csv
YCA,YCA,Yucheng,2014,Leave_One_experiments\wth_generated_qc\YCA\YCA2014.WTH,normal_year;water_stress_year;nitrogen_stress_year,water_stress,YCA2014_stress_grid_S0001,top_profit_low_water,2014-07-29,210,47,42,"{""sim_day"": 47.0, ""doy"": 210.0, ""topwt"": 1451.1544799804688, ""grnwt"": 0.0, ""xlai"": 0.9468907117843628, ""totir"": 0.0, ""tofer"": NaN, ""swfac"": 0.0, ""nstres"": 0.5458201169967651}",0.0,0.5458201169967651,1451.1544799804688,0.0,0.9468907117843628,0.0,,0.0,0.0,0.0,0.0,14.500875854492188,14.500875854492188,Leave_One_experiments/all_year_offline_schedule_search/daily_outputs/YCA/YCA_2014_YCA2014_stress_grid_S0001_daily.csv
YCA,YCA,Yucheng,2014,Leave_One_experiments\wth_generated_qc\YCA\YCA2014.WTH,normal_year;water_stress_year;nitrogen_stress_year,water_stress,YCA2014_stress_grid_S0001,top_profit_low_water,2014-07-30,211,48,43,"{""sim_day"": 48.0, ""doy"": 211.0, ""topwt"": 1520.9117126464844, ""grnwt"": 0.0, ""xlai"": 0.941419005393982, ""totir"": 0.0, ""tofer"": NaN, ""swfac"": 0.0, ""nstres"": 0.5555016100406647}",0.0,0.5555016100406647,1520.9117126464844,0.0,0.941419005393982,0.0,,0.0,0.0,0.0,0.0,14.500875854492188,14.500875854492188,Leave_One_experiments/all_year_offline_schedule_search/daily_outputs/YCA/YCA_2014_YCA2014_stress_grid_S0001_daily.csv
YCA,YCA,Yucheng,2014,Leave_One_experiments\wth_generated_qc\YCA\YCA2014.WTH,normal_year;water_stress_year;nitrogen_stress_year,water_stress,YCA2014_stress_grid_S0001,top_profit_low_water,2014-07-31,212,49,44,"{""sim_day"": 49.0, ""doy"": 212.0, ""topwt"": 1594.458465576172, ""grnwt"": 0.0, ""xlai"": 0.9323834776878356, ""totir"": 0.0, ""tofer"": NaN, ""swfac"": 0.0, ""nstres"": 0.5506386756896973}",0.0,0.5506386756896973,1594.458465576172,0.0,0.9323834776878356,0.0,,0.0,0.0,0.0,0.0,14.500875854492188,14.500875854492188,Leave_One_experiments/all_year_offline_schedule_search/daily_outputs/YCA/YCA_2014_YCA2014_stress_grid_S0001_daily.csv
YCA,YCA,Yucheng,2014,Leave_One_experiments\wth_generated_qc\YCA\YCA2014.WTH,normal_year;water_stress_year;nitrogen_stress_year,water_stress,YCA2014_stress_grid_S0001,top_profit_low_water,2014-08-01,213,50,45,"{""sim_day"": 50.0, ""doy"": 213.0, ""topwt"": 1680.448760986328, ""grnwt"": 0.0, ""xlai"": 0.9243713617324828, ""totir"": 0.0, ""tofer"": NaN, ""swfac"": 0.0, ""nstres"": 0.5496910810470581}",0.0,0.5496910810470581,1680.448760986328,0.0,0.9243713617324828,0.0,,0.0,0.0,0.0,0.0,14.500875854492188,14.500875854492188,Leave_One_experiments/all_year_offline_schedule_search/daily_outputs/YCA/YCA_2014_YCA2014_stress_grid_S0001_daily.csv
YCA,YCA,Yucheng,2014,Leave_One_experiments\wth_generated_qc\YCA\YCA2014.WTH,normal_year;water_stress_year;nitrogen_stress_year,water_stress,YCA2014_stress_grid_S0001,top_profit_low_water,2014-08-02,214,51,46,"{""sim_day"": 51.0, ""doy"": 214.0, ""topwt"": 1768.0914306640625, ""grnwt"": 0.0, ""xlai"": 0.9144264459609984, ""totir"": 0.0, ""tofer"": NaN, ""swfac"": 0.0, ""nstres"": 0.5490003824234009}",0.0,0.5490003824234009,1768.0914306640625,0.0,0.9144264459609984,0.0,,0.0,0.0,0.0,0.0,14.500875854492188,14.500875854492188,Leave_One_experiments/all_year_offline_schedule_search/daily_outputs/YCA/YCA_2014_YCA2014_stress_grid_S0001_daily.csv
YCA,YCA,Yucheng,2014,Leave_One_experiments\wth_generated_qc\YCA\YCA2014.WTH,normal_year;water_stress_year;nitrogen_stress_year,water_stress,YCA2014_stress_grid_S0001,top_profit_low_water,2014-08-03,215,52,47,"{""sim_day"": 52.0, ""doy"": 215.0, ""topwt"": 1848.7733459472656, ""grnwt"": 0.0, ""xlai"": 0.9007201790809632, ""totir"": 0.0, ""tofer"": NaN, ""swfac"": 0.0, ""nstres"": 0.5499053001403809}",0.0,0.5499053001403809,1848.7733459472656,0.0,0.9007201790809632,0.0,,0.0,0.0,0.0,0.0,14.500875854492188,14.500875854492188,Leave_One_experiments/all_year_offline_schedule_search/daily_outputs/YCA/YCA_2014_YCA2014_stress_grid_S0001_daily.csv
YCA,YCA,Yucheng,2014,Leave_One_experiments\wth_generated_qc\YCA\YCA2014.WTH,normal_year;water_stress_year;nitrogen_stress_year,water_stress,YCA2014_stress_grid_S0001,top_profit_low_water,2014-08-04,216,53,48,"{""sim_day"": 53.0, ""doy"": 216.0, ""topwt"": 1888.146514892578, ""grnwt"": 0.0, ""xlai"": 0.8752065896987915, ""totir"": 0.0, ""tofer"": NaN, ""swfac"": 0.0, ""nstres"": 0.5519089698791504}",0.0,0.5519089698791504,1888.146514892578,0.0,0.8752065896987915,0.0,,0.0,0.0,0.0,0.0,14.500875854492188,14.500875854492188,Leave_One_experiments/all_year_offline_schedule_search/daily_outputs/YCA/YCA_2014_YCA2014_stress_grid_S0001_daily.csv
YCA,YCA,Yucheng,2014,Leave_One_experiments\wth_generated_qc\YCA\YCA2014.WTH,normal_year;water_stress_year;nitrogen_stress_year,water_stress,YCA2014_stress_grid_S0001,top_profit_low_water,2014-08-05,217,54,49,"{""sim_day"": 54.0, ""doy"": 217.0, ""topwt"": 1915.032958984375, ""grnwt"": 0.0, ""xlai"": 0.8470934629440308, ""totir"": 0.0, ""tofer"": NaN, ""swfac"": 0.0, ""nstres"": 0.5501476526260376}",0.0,0.5501476526260376,1915.032958984375,0.0,0.8470934629440308,0.0,,0.0,0.0,0.0,0.0,14.500875854492188,14.500875854492188,Leave_One_experiments/all_year_offline_schedule_search/daily_outputs/YCA/YCA_2014_YCA2014_stress_grid_S0001_daily.csv
YCA,YCA,Yucheng,2014,Leave_One_experiments\wth_generated_qc\YCA\YCA2014.WTH,normal_year;water_stress_year;nitrogen_stress_year,water_stress,YCA2014_stress_grid_S0001,top_profit_low_water,2014-08-06,218,55,50,"{""sim_day"": 55.0, ""doy"": 218.0, ""topwt"": 1985.5645751953125, ""grnwt"": 0.0, ""xlai"": 0.8304629921913147, ""totir"": 0.0, ""tofer"": NaN, ""swfac"": 0.0, ""nstres"": 0.5468297600746155}",0.0,0.5468297600746155,1985.5645751953125,0.0,0.8304629921913147,0.0,,0.0,0.0,0.0,0.0,14.500875854492188,14.500875854492188,Leave_One_experiments/all_year_offline_schedule_search/daily_outputs/YCA/YCA_2014_YCA2014_stress_grid_S0001_daily.csv
YCA,YCA,Yucheng,2014,Leave_One_experiments\wth_generated_qc\YCA\YCA2014.WTH,normal_year;water_stress_year;nitrogen_stress_year,water_stress,YCA2014_stress_grid_S0001,top_profit_low_water,2014-08-07,219,56,51,"{""sim_day"": 56.0, ""doy"": 219.0, ""topwt"": 2049.076690673828, ""grnwt"": 0.0, ""xlai"": 0.8129788637161255, ""totir"": 0.0, ""tofer"": NaN, ""swfac"": 0.0, ""nstres"": 0.5412757396697998}",0.0,0.5412757396697998,2049.076690673828,0.0,0.8129788637161255,0.0,,0.0,0.0,0.0,0.0,14.500875854492188,14.500875854492188,Leave_One_experiments/all_year_offline_schedule_search/daily_outputs/YCA/YCA_2014_YCA2014_stress_grid_S0001_daily.csv
YCA,YCA,Yucheng,2014,Leave_One_experiments\wth_generated_qc\YCA\YCA2014.WTH,normal_year;water_stress_year;nitrogen_stress_year,water_stress,YCA2014_stress_grid_S0001,top_profit_low_water,2014-08-08,220,57,52,"{""sim_day"": 57.0, ""doy"": 220.0, ""topwt"": 2106.4881896972656, ""grnwt"": 0.0, ""xlai"": 0.7946634888648987, ""totir"": 0.0, ""tofer"": NaN, ""swfac"": 0.0, ""nstres"": 0.5422841906547546}",0.0,0.5422841906547546,2106.4881896972656,0.0,0.7946634888648987,0.0,,0.0,0.0,0.0,0.0,14.500875854492188,14.500875854492188,Leave_One_experiments/all_year_offline_schedule_search/daily_outputs/YCA/YCA_2014_YCA2014_stress_grid_S0001_daily.csv
YCA,YCA,Yucheng,2014,Leave_One_experiments\wth_generated_qc\YCA\YCA2014.WTH,normal_year;water_stress_year;nitrogen_stress_year,water_stress,YCA2014_stress_grid_S0001,top_profit_low_water,2014-08-09,221,58,53,"{""sim_day"": 58.0, ""doy"": 221.0, ""topwt"": 2173.164520263672, ""grnwt"": 0.0, ""xlai"": 0.7793263792991638, ""totir"": 0.0, ""tofer"": NaN, ""swfac"": 0.0, ""nstres"": 0.5414194464683533}",0.0,0.5414194464683533,2173.164520263672,0.0,0.7793263792991638,0.0,,0.0,0.0,0.0,0.0,14.500875854492188,14.500875854492188,Leave_One_experiments/all_year_offline_schedule_search/daily_outputs/YCA/YCA_2014_YCA2014_stress_grid_S0001_daily.csv
YCA,YCA,Yucheng,2014,Leave_One_experiments\wth_generated_qc\YCA\YCA2014.WTH,normal_year;water_stress_year;nitrogen_stress_year,water_stress,YCA2014_stress_grid_S0001,top_profit_low_water,2014-08-10,222,59,54,"{""sim_day"": 59.0, ""doy"": 222.0, ""topwt"": 2250.7859802246094, ""grnwt"": 0.0, ""xlai"": 0.7672681212425232, ""totir"": 0.0, ""tofer"": NaN, ""swfac"": 0.0, ""nstres"": 0.540044367313385}",0.0,0.540044367313385,2250.7859802246094,0.0,0.7672681212425232,0.0,,0.0,0.0,0.0,0.0,14.500875854492188,14.500875854492188,Leave_One_experiments/all_year_offline_schedule_search/daily_outputs/YCA/YCA_2014_YCA2014_stress_grid_S0001_daily.csv
YCA,YCA,Yucheng,2014,Leave_One_experiments\wth_generated_qc\YCA\YCA2014.WTH,normal_year;water_stress_year;nitrogen_stress_year,water_stress,YCA2014_stress_grid_S0001,top_profit_low_water,2014-08-11,223,60,55,"{""sim_day"": 60.0, ""doy"": 223.0, ""topwt"": 2322.063751220703, ""grnwt"": 0.0, ""xlai"": 0.737370491027832, ""totir"": 0.0, ""tofer"": NaN, ""swfac"": 0.0, ""nstres"": 0.5351921916007996}",0.0,0.5351921916007996,2322.063751220703,0.0,0.737370491027832,0.0,,0.0,0.0,0.0,0.0,14.500875854492188,14.500875854492188,Leave_One_experiments/all_year_offline_schedule_search/daily_outputs/YCA/YCA_2014_YCA2014_stress_grid_S0001_daily.csv
YCA,YCA,Yucheng,2014,Leave_One_experiments\wth_generated_qc\YCA\YCA2014.WTH,normal_year;water_stress_year;nitrogen_stress_year,water_stress,YCA2014_stress_grid_S0001,top_profit_low_water,2014-08-12,224,61,56,"{""sim_day"": 61.0, ""doy"": 224.0, ""topwt"": 2352.572784423828, ""grnwt"": 0.0, ""xlai"": 0.7088151574134827, ""totir"": 0.0, ""tofer"": NaN, ""swfac"": 0.0, ""nstres"": 0.529420018196106}",0.0,0.529420018196106,2352.572784423828,0.0,0.7088151574134827,0.0,,0.0,0.0,0.0,0.0,14.500875854492188,14.500875854492188,Leave_One_experiments/all_year_offline_schedule_search/daily_outputs/YCA/YCA_2014_YCA2014_stress_grid_S0001_daily.csv
YCA,YCA,Yucheng,2014,Leave_One_experiments\wth_generated_qc\YCA\YCA2014.WTH,normal_year;water_stress_year;nitrogen_stress_year,water_stress,YCA2014_stress_grid_S0001,top_profit_low_water,2014-08-13,225,62,57,"{""sim_day"": 62.0, ""doy"": 225.0, ""topwt"": 2423.511962890625, ""grnwt"": 0.0, ""xlai"": 0.6813173890113831, ""totir"": 0.0, ""tofer"": NaN, ""swfac"": 0.0, ""nstres"": 0.5310567021369934}",0.0,0.5310567021369934,2423.511962890625,0.0,0.6813173890113831,0.0,,0.0,0.0,0.0,0.0,14.500875854492188,14.500875854492188,Leave_One_experiments/all_year_offline_schedule_search/daily_outputs/YCA/YCA_2014_YCA2014_stress_grid_S0001_daily.csv
YCA,YCA,Yucheng,2014,Leave_One_experiments\wth_generated_qc\YCA\YCA2014.WTH,normal_year;water_stress_year;nitrogen_stress_year,water_stress,YCA2014_stress_grid_S0001,top_profit_low_water,2014-08-14,226,63,58,"{""sim_day"": 63.0, ""doy"": 226.0, ""topwt"": 2486.904602050781, ""grnwt"": 0.0, ""xlai"": 0.6551610827445984, ""totir"": 0.0, ""tofer"": NaN, ""swfac"": 0.0, ""nstres"": 0.5213778614997864}",0.0,0.5213778614997864,2486.904602050781,0.0,0.6551610827445984,0.0,,0.0,0.0,0.0,0.0,14.500875854492188,14.500875854492188,Leave_One_experiments/all_year_offline_schedule_search/daily_outputs/YCA/YCA_2014_YCA2014_stress_grid_S0001_daily.csv
YCA,YCA,Yucheng,2014,Leave_One_experiments\wth_generated_qc\YCA\YCA2014.WTH,normal_year;water_stress_year;nitrogen_stress_year,water_stress,YCA2014_stress_grid_S0001,top_profit_low_water,2014-08-15,227,64,59,"{""sim_day"": 64.0, ""doy"": 227.0, ""topwt"": 2525.797576904297, ""grnwt"": 0.0, ""xlai"": 0.6300347447395325, ""totir"": 0.0, ""tofer"": NaN, ""swfac"": 0.0, ""nstres"": 0.5204330086708069}",0.0,0.5204330086708069,2525.797576904297,0.0,0.6300347447395325,0.0,,0.0,0.0,0.0,0.0,14.500875854492188,14.500875854492188,Leave_One_experiments/all_year_offline_schedule_search/daily_outputs/YCA/YCA_2014_YCA2014_stress_grid_S0001_daily.csv
YCA,YCA,Yucheng,2014,Leave_One_experiments\wth_generated_qc\YCA\YCA2014.WTH,normal_year;water_stress_year;nitrogen_stress_year,water_stress,YCA2014_stress_grid_S0001,top_profit_low_water,2014-08-16,228,65,60,"{""sim_day"": 65.0, ""doy"": 228.0, ""topwt"": 2516.9322204589844, ""grnwt"": 0.0, ""xlai"": 0.6059098243713379, ""totir"": 0.0, ""tofer"": NaN, ""swfac"": 0.0, ""nstres"": 0.5189960598945618}",0.0,0.5189960598945618,2516.9322204589844,0.0,0.6059098243713379,0.0,,0.0,0.0,0.0,0.0,14.500875854492188,14.500875854492188,Leave_One_experiments/all_year_offline_schedule_search/daily_outputs/YCA/YCA_2014_YCA2014_stress_grid_S0001_daily.csv
YCA,YCA,Yucheng,2014,Leave_One_experiments\wth_generated_qc\YCA\YCA2014.WTH,normal_year;water_stress_year;nitrogen_stress_year,water_stress,YCA2014_stress_grid_S0001,top_profit_low_water,2014-08-17,229,66,61,"{""sim_day"": 66.0, ""doy"": 229.0, ""topwt"": 2537.476959228516, ""grnwt"": 0.0, ""xlai"": 0.5829533338546753, ""totir"": 0.0, ""tofer"": NaN, ""swfac"": 0.0, ""nstres"": 0.5093006491661072}",0.0,0.5093006491661072,2537.476959228516,0.0,0.5829533338546753,0.0,,0.0,0.0,0.0,0.0,14.500875854492188,14.500875854492188,Leave_One_experiments/all_year_offline_schedule_search/daily_outputs/YCA/YCA_2014_YCA2014_stress_grid_S0001_daily.csv
YCA,YCA,Yucheng,2014,Leave_One_experiments\wth_generated_qc\YCA\YCA2014.WTH,normal_year;water_stress_year;nitrogen_stress_year,water_stress,YCA2014_stress_grid_S0001,top_profit_low_water,2014-08-18,230,67,62,"{""sim_day"": 67.0, ""doy"": 230.0, ""topwt"": 2589.0249633789062, ""grnwt"": 0.0, ""xlai"": 0.5613150596618652, ""totir"": 0.0, ""tofer"": NaN, ""swfac"": 0.0, ""nstres"": 0.4908416867256164}",0.0,0.4908416867256164,2589.0249633789062,0.0,0.5613150596618652,0.0,,0.0,0.0,0.0,0.0,14.500875854492188,14.500875854492188,Leave_One_experiments/all_year_offline_schedule_search/daily_outputs/YCA/YCA_2014_YCA2014_stress_grid_S0001_daily.csv
YCA,YCA,Yucheng,2014,Leave_One_experiments\wth_generated_qc\YCA\YCA2014.WTH,normal_year;water_stress_year;nitrogen_stress_year,water_stress,YCA2014_stress_grid_S0001,top_profit_low_water,2014-08-19,231,68,63,"{""sim_day"": 68.0, ""doy"": 231.0, ""topwt"": 2633.4115600585938, ""grnwt"": 0.0, ""xlai"": 0.5407583117485046, ""totir"": 0.0, ""tofer"": NaN, ""swfac"": 0.0, ""nstres"": 0.4789404273033142}",0.0,0.4789404273033142,2633.4115600585938,0.0,0.5407583117485046,0.0,,0.0,0.0,0.0,0.0,14.500875854492188,14.500875854492188,Leave_One_experiments/all_year_offline_schedule_search/daily_outputs/YCA/YCA_2014_YCA2014_stress_grid_S0001_daily.csv
YCA,YCA,Yucheng,2014,Leave_One_experiments\wth_generated_qc\YCA\YCA2014.WTH,normal_year;water_stress_year;nitrogen_stress_year,water_stress,YCA2014_stress_grid_S0001,top_profit_low_water,2014-08-20,232,69,64,"{""sim_day"": 69.0, ""doy"": 232.0, ""topwt"": 2678.9773559570312, ""grnwt"": 0.0, ""xlai"": 0.5210980176925659, ""totir"": 0.0, ""tofer"": NaN, ""swfac"": 0.0, ""nstres"": 0.4725685119628906}",0.0,0.4725685119628906,2678.9773559570312,0.0,0.5210980176925659,0.0,,0.0,0.0,0.0,0.0,14.500875854492188,14.500875854492188,Leave_One_experiments/all_year_offline_schedule_search/daily_outputs/YCA/YCA_2014_YCA2014_stress_grid_S0001_daily.csv
YCA,YCA,Yucheng,2014,Leave_One_experiments\wth_generated_qc\YCA\YCA2014.WTH,normal_year;water_stress_year;nitrogen_stress_year,water_stress,YCA2014_stress_grid_S0001,top_profit_low_water,2014-08-21,233,70,65,"{""sim_day"": 70.0, ""doy"": 233.0, ""topwt"": 2708.174743652344, ""grnwt"": 0.0, ""xlai"": 0.5023756623268127, ""totir"": 0.0, ""tofer"": NaN, ""swfac"": 0.0, ""nstres"": 0.4622878432273865}",0.0,0.4622878432273865,2708.174743652344,0.0,0.5023756623268127,0.0,,0.0,0.0,0.0,0.0,14.500875854492188,14.500875854492188,Leave_One_experiments/all_year_offline_schedule_search/daily_outputs/YCA/YCA_2014_YCA2014_stress_grid_S0001_daily.csv
YCA,YCA,Yucheng,2014,Leave_One_experiments\wth_generated_qc\YCA\YCA2014.WTH,normal_year;water_stress_year;nitrogen_stress_year,water_stress,YCA2014_stress_grid_S0001,top_profit_low_water,2014-08-22,234,71,66,"{""sim_day"": 71.0, ""doy"": 234.0, ""topwt"": 2740.292358398437, ""grnwt"": 84.92128372192383, ""xlai"": 0.4845588803291321, ""totir"": 0.0, ""tofer"": NaN, ""swfac"": 0.0, ""nstres"": 0.451158344745636}",0.0,0.451158344745636,2740.292358398437,84.92128372192383,0.4845588803291321,0.0,,0.0,0.0,0.0,0.0,14.500875854492188,14.500875854492188,Leave_One_experiments/all_year_offline_schedule_search/daily_outputs/YCA/YCA_2014_YCA2014_stress_grid_S0001_daily.csv
YCA,YCA,Yucheng,2014,Leave_One_experiments\wth_generated_qc\YCA\YCA2014.WTH,normal_year;water_stress_year;nitrogen_stress_year,water_stress,YCA2014_stress_grid_S0001,top_profit_low_water,2014-08-23,235,72,67,"{""sim_day"": 72.0, ""doy"": 235.0, ""topwt"": 2786.793212890625, ""grnwt"": 126.45177841186523, ""xlai"": 0.4669994413852691, ""totir"": 0.0, ""tofer"": NaN, ""swfac"": 0.0, ""nstres"": 0.4697121381759643}",0.0,0.4697121381759643,2786.793212890625,126.45177841186523,0.4669994413852691,0.0,,0.0,0.0,0.0,0.0,14.500875854492188,14.500875854492188,Leave_One_experiments/all_year_offline_schedule_search/daily_outputs/YCA/YCA_2014_YCA2014_stress_grid_S0001_daily.csv
YCA,YCA,Yucheng,2014,Leave_One_experiments\wth_generated_qc\YCA\YCA2014.WTH,normal_year;water_stress_year;nitrogen_stress_year,water_stress,YCA2014_stress_grid_S0001,top_profit_low_water,2014-08-24,236,73,68,"{""sim_day"": 73.0, ""doy"": 236.0, ""topwt"": 2844.912414550781, ""grnwt"": 167.98227310180664, ""xlai"": 0.4505326449871063, ""totir"": 0.0, ""tofer"": NaN, ""swfac"": 0.0, ""nstres"": 0.4462576508522033}",0.0,0.4462576508522033,2844.912414550781,167.98227310180664,0.4505326449871063,0.0,,0.0,0.0,0.0,0.0,14.500875854492188,14.500875854492188,Leave_One_experiments/all_year_offline_schedule_search/daily_outputs/YCA/YCA_2014_YCA2014_stress_grid_S0001_daily.csv
YCA,YCA,Yucheng,2014,Leave_One_experiments\wth_generated_qc\YCA\YCA2014.WTH,normal_year;water_stress_year;nitrogen_stress_year,water_stress,YCA2014_stress_grid_S0001,top_profit_low_water,2014-08-25,237,74,69,"{""sim_day"": 74.0, ""doy"": 237.0, ""topwt"": 2898.4567260742188, ""grnwt"": 209.5127868652344, ""xlai"": 0.4347110390663147, ""totir"": 0.0, ""tofer"": NaN, ""swfac"": 0.0, ""nstres"": 0.4428243041038513}",0.0,0.4428243041038513,2898.4567260742188,209.5127868652344,0.4347110390663147,0.0,,0.0,0.0,0.0,0.0,14.500875854492188,14.500875854492188,Leave_One_experiments/all_year_offline_schedule_search/daily_outputs/YCA/YCA_2014_YCA2014_stress_grid_S0001_daily.csv
YCA,YCA,Yucheng,2014,Leave_One_experiments\wth_generated_qc\YCA\YCA2014.WTH,normal_year;water_stress_year;nitrogen_stress_year,water_stress,YCA2014_stress_grid_S0001,top_profit_low_water,2014-08-26,238,75,70,"{""sim_day"": 75.0, ""doy"": 238.0, ""topwt"": 2948.550720214844, ""grnwt"": 251.04328155517575, ""xlai"": 0.4194509088993072, ""totir"": 0.0, ""tofer"": NaN, ""swfac"": 0.0, ""nstres"": 0.442495048046112}",0.0,0.442495048046112,2948.550720214844,251.04328155517575,0.4194509088993072,0.0,,0.0,0.0,0.0,0.0,14.500875854492188,14.500875854492188,Leave_One_experiments/all_year_offline_schedule_search/daily_outputs/YCA/YCA_2014_YCA2014_stress_grid_S0001_daily.csv
YCA,YCA,Yucheng,2014,Leave_One_experiments\wth_generated_qc\YCA\YCA2014.WTH,normal_year;water_stress_year;nitrogen_stress_year,water_stress,YCA2014_stress_grid_S0001,top_profit_low_water,2014-08-27,239,76,71,"{""sim_day"": 76.0, ""doy"": 239.0, ""topwt"": 2992.8353881835938, ""grnwt"": 292.5737762451172, ""xlai"": 0.404744803905487, ""totir"": 0.0, ""tofer"": NaN, ""swfac"": 0.0, ""nstres"": 0.44145268201828}",0.0,0.44145268201828,2992.8353881835938,292.5737762451172,0.404744803905487,0.0,,0.0,0.0,0.0,0.0,14.500875854492188,14.500875854492188,Leave_One_experiments/all_year_offline_schedule_search/daily_outputs/YCA/YCA_2014_YCA2014_stress_grid_S0001_daily.csv
YCA,YCA,Yucheng,2014,Leave_One_experiments\wth_generated_qc\YCA\YCA2014.WTH,normal_year;water_stress_year;nitrogen_stress_year,water_stress,YCA2014_stress_grid_S0001,top_profit_low_water,2014-08-28,240,77,72,"{""sim_day"": 77.0, ""doy"": 240.0, ""topwt"": 3041.3189697265625, ""grnwt"": 334.1042709350586, ""xlai"": 0.3905844688415527, ""totir"": 0.0, ""tofer"": NaN, ""swfac"": 0.0, ""nstres"": 0.4396635890007019}",0.0,0.4396635890007019,3041.3189697265625,334.1042709350586,0.3905844688415527,0.0,,0.0,0.0,0.0,0.0,14.500875854492188,14.500875854492188,Leave_One_experiments/all_year_offline_schedule_search/daily_outputs/YCA/YCA_2014_YCA2014_stress_grid_S0001_daily.csv
YCA,YCA,Yucheng,2014,Leave_One_experiments\wth_generated_qc\YCA\YCA2014.WTH,normal_year;water_stress_year;nitrogen_stress_year,water_stress,YCA2014_stress_grid_S0001,top_profit_low_water,2014-08-29,241,78,73,"{""sim_day"": 78.0, ""doy"": 241.0, ""topwt"": 3072.8076171875, ""grnwt"": 375.6348037719727, ""xlai"": 0.3769800066947937, ""totir"": 0.0, ""tofer"": NaN, ""swfac"": 0.0, ""nstres"": 0.435944139957428}",0.0,0.435944139957428,3072.8076171875,375.6348037719727,0.3769800066947937,0.0,,0.0,0.0,0.0,0.0,14.500875854492188,14.500875854492188,Leave_One_experiments/all_year_offline_schedule_search/daily_outputs/YCA/YCA_2014_YCA2014_stress_grid_S0001_daily.csv
YCA,YCA,Yucheng,2014,Leave_One_experiments\wth_generated_qc\YCA\YCA2014.WTH,normal_year;water_stress_year;nitrogen_stress_year,water_stress,YCA2014_stress_grid_S0001,top_profit_low_water,2014-08-30,242,79,74,"{""sim_day"": 79.0, ""doy"": 242.0, ""topwt"": 3114.4561767578125, ""grnwt"": 417.16529846191406, ""xlai"": 0.3638779819011688, ""totir"": 0.0, ""tofer"": NaN, ""swfac"": 0.0, ""nstres"": 0.4341232180595398}",0.0,0.4341232180595398,3114.4561767578125,417.16529846191406,0.3638779819011688,0.0,,0.0,0.0,0.0,0.0,14.500875854492188,14.500875854492188,Leave_One_experiments/all_year_offline_schedule_search/daily_outputs/YCA/YCA_2014_YCA2014_stress_grid_S0001_daily.csv
YCA,YCA,Yucheng,2014,Leave_One_experiments\wth_generated_qc\YCA\YCA2014.WTH,normal_year;water_stress_year;nitrogen_stress_year,water_stress,YCA2014_stress_grid_S0001,top_profit_low_water,2014-08-31,243,80,75,"{""sim_day"": 80.0, ""doy"": 243.0, ""topwt"": 3153.8644409179688, ""grnwt"": 458.6957931518554, ""xlai"": 0.3513502478599548, ""totir"": 0.0, ""tofer"": NaN, ""swfac"": 0.0, ""nstres"": 0.4262815713882446}",0.0,0.4262815713882446,3153.8644409179688,458.6957931518554,0.3513502478599548,0.0,,0.0,0.0,0.0,0.0,14.500875854492188,14.500875854492188,Leave_One_experiments/all_year_offline_schedule_search/daily_outputs/YCA/YCA_2014_YCA2014_stress_grid_S0001_daily.csv
YCA,YCA,Yucheng,2014,Leave_One_experiments\wth_generated_qc\YCA\YCA2014.WTH,normal_year;water_stress_year;nitrogen_stress_year,water_stress,YCA2014_stress_grid_S0001,top_profit_low_water,2014-09-01,244,81,76,"{""sim_day"": 81.0, ""doy"": 244.0, ""topwt"": 3182.3794555664062, ""grnwt"": 500.2262878417969, ""xlai"": 0.3392901122570038, ""totir"": 0.0, ""tofer"": NaN, ""swfac"": 0.0, ""nstres"": 0.4238044023513794}",0.0,0.4238044023513794,3182.3794555664062,500.2262878417969,0.3392901122570038,0.0,,0.0,0.0,0.0,0.0,14.500875854492188,14.500875854492188,Leave_One_experiments/all_year_offline_schedule_search/daily_outputs/YCA/YCA_2014_YCA2014_stress_grid_S0001_daily.csv
YCA,YCA,Yucheng,2014,Leave_One_experiments\wth_generated_qc\YCA\YCA2014.WTH,normal_year;water_stress_year;nitrogen_stress_year,water_stress,YCA2014_stress_grid_S0001,top_profit_low_water,2014-09-02,245,82,77,"{""sim_day"": 82.0, ""doy"": 245.0, ""topwt"": 3226.8658447265625, ""grnwt"": 541.7567825317383, ""xlai"": 0.3276713192462921, ""totir"": 0.0, ""tofer"": NaN, ""swfac"": 0.0, ""nstres"": 0.4218674302101135}",0.0,0.4218674302101135,3226.8658447265625,541.7567825317383,0.3276713192462921,0.0,,0.0,0.0,0.0,0.0,14.500875854492188,14.500875854492188,Leave_One_experiments/all_year_offline_schedule_search/daily_outputs/YCA/YCA_2014_YCA2014_stress_grid_S0001_daily.csv
YCA,YCA,Yucheng,2014,Leave_One_experiments\wth_generated_qc\YCA\YCA2014.WTH,normal_year;water_stress_year;nitrogen_stress_year,water_stress,YCA2014_stress_grid_S0001,top_profit_low_water,2014-09-03,246,83,78,"{""sim_day"": 83.0, ""doy"": 246.0, ""topwt"": 3278.5943603515625, ""grnwt"": 583.287239074707, ""xlai"": 0.3165275156497955, ""totir"": 0.0, ""tofer"": NaN, ""swfac"": 0.0, ""nstres"": 0.416221559047699}",0.0,0.416221559047699,3278.5943603515625,583.287239074707,0.3165275156497955,0.0,,0.0,0.0,0.0,0.0,14.500875854492188,14.500875854492188,Leave_One_experiments/all_year_offline_schedule_search/daily_outputs/YCA/YCA_2014_YCA2014_stress_grid_S0001_daily.csv
YCA,YCA,Yucheng,2014,Leave_One_experiments\wth_generated_qc\YCA\YCA2014.WTH,normal_year;water_stress_year;nitrogen_stress_year,water_stress,YCA2014_stress_grid_S0001,top_profit_low_water,2014-09-04,247,84,79,"{""sim_day"": 84.0, ""doy"": 247.0, ""topwt"": 3326.0595703125, ""grnwt"": 624.8176956176758, ""xlai"": 0.3057627081871032, ""totir"": 0.0, ""tofer"": NaN, ""swfac"": 0.0, ""nstres"": 0.4162163734436035}",0.0,0.4162163734436035,3326.0595703125,624.8176956176758,0.3057627081871032,0.0,,0.0,0.0,0.0,0.0,14.500875854492188,14.500875854492188,Leave_One_experiments/all_year_offline_schedule_search/daily_outputs/YCA/YCA_2014_YCA2014_stress_grid_S0001_daily.csv
YCA,YCA,Yucheng,2014,Leave_One_experiments\wth_generated_qc\YCA\YCA2014.WTH,normal_year;water_stress_year;nitrogen_stress_year,water_stress,YCA2014_stress_grid_S0001,top_profit_low_water,2014-09-05,248,85,80,"{""sim_day"": 85.0, ""doy"": 248.0, ""topwt"": 3351.4279174804688, ""grnwt"": 666.3481903076172, ""xlai"": 0.2953179180622101, ""totir"": 0.0, ""tofer"": NaN, ""swfac"": 0.0, ""nstres"": 0.4198370575904846}",0.0,0.4198370575904846,3351.4279174804688,666.3481903076172,0.2953179180622101,0.0,,0.0,0.0,0.0,0.0,14.500875854492188,14.500875854492188,Leave_One_experiments/all_year_offline_schedule_search/daily_outputs/YCA/YCA_2014_YCA2014_stress_grid_S0001_daily.csv
YCA,YCA,Yucheng,2014,Leave_One_experiments\wth_generated_qc\YCA\YCA2014.WTH,normal_year;water_stress_year;nitrogen_stress_year,water_stress,YCA2014_stress_grid_S0001,top_profit_low_water,2014-09-06,249,86,81,"{""sim_day"": 86.0, ""doy"": 249.0, ""topwt"": 3373.0050659179688, ""grnwt"": 707.8786468505859, ""xlai"": 0.2852223217487335, ""totir"": 0.0, ""tofer"": NaN, ""swfac"": 0.0, ""nstres"": 0.4204555153846741}",0.0,0.4204555153846741,3373.0050659179688,707.8786468505859,0.2852223217487335,0.0,,0.0,0.0,0.0,0.0,14.500875854492188,14.500875854492188,Leave_One_experiments/all_year_offline_schedule_search/daily_outputs/YCA/YCA_2014_YCA2014_stress_grid_S0001_daily.csv
YCA,YCA,Yucheng,2014,Leave_One_experiments\wth_generated_qc\YCA\YCA2014.WTH,normal_year;water_stress_year;nitrogen_stress_year,water_stress,YCA2014_stress_grid_S0001,top_profit_low_water,2014-09-07,250,87,82,"{""sim_day"": 87.0, ""doy"": 250.0, ""topwt"": 3398.9279174804688, ""grnwt"": 749.4091033935547, ""xlai"": 0.275563508272171, ""totir"": 0.0, ""tofer"": NaN, ""swfac"": 0.0, ""nstres"": 0.4127339124679565}",0.0,0.4127339124679565,3398.9279174804688,749.4091033935547,0.275563508272171,0.0,,0.0,0.0,0.0,0.0,14.500875854492188,14.500875854492188,Leave_One_experiments/all_year_offline_schedule_search/daily_outputs/YCA/YCA_2014_YCA2014_stress_grid_S0001_daily.csv
YCA,YCA,Yucheng,2014,Leave_One_experiments\wth_generated_qc\YCA\YCA2014.WTH,normal_year;water_stress_year;nitrogen_stress_year,water_stress,YCA2014_stress_grid_S0001,top_profit_low_water,2014-09-08,251,88,83,"{""sim_day"": 88.0, ""doy"": 251.0, ""topwt"": 3433.3871459960938, ""grnwt"": 790.9395599365234, ""xlai"": 0.2663502693176269, ""totir"": 0.0, ""tofer"": NaN, ""swfac"": 0.0, ""nstres"": 0.4024260640144348}",0.0,0.4024260640144348,3433.3871459960938,790.9395599365234,0.2663502693176269,0.0,,0.0,0.0,0.0,0.0,14.500875854492188,14.500875854492188,Leave_One_experiments/all_year_offline_schedule_search/daily_outputs/YCA/YCA_2014_YCA2014_stress_grid_S0001_daily.csv
YCA,YCA,Yucheng,2014,Leave_One_experiments\wth_generated_qc\YCA\YCA2014.WTH,normal_year;water_stress_year;nitrogen_stress_year,water_stress,YCA2014_stress_grid_S0001,top_profit_low_water,2014-09-09,252,89,84,"{""sim_day"": 89.0, ""doy"": 252.0, ""topwt"": 3468.095092773437, ""grnwt"": 832.4700927734375, ""xlai"": 0.2575292289257049, ""totir"": 0.0, ""tofer"": NaN, ""swfac"": 0.0, ""nstres"": 0.3948400616645813}",0.0,0.3948400616645813,3468.095092773437,832.4700927734375,0.2575292289257049,0.0,,0.0,0.0,0.0,0.0,14.500875854492188,14.500875854492188,Leave_One_experiments/all_year_offline_schedule_search/daily_outputs/YCA/YCA_2014_YCA2014_stress_grid_S0001_daily.csv
YCA,YCA,Yucheng,2014,Leave_One_experiments\wth_generated_qc\YCA\YCA2014.WTH,normal_year;water_stress_year;nitrogen_stress_year,water_stress,YCA2014_stress_grid_S0001,top_profit_low_water,2014-09-10,253,90,85,"{""sim_day"": 90.0, ""doy"": 253.0, ""topwt"": 3482.310791015625, ""grnwt"": 874.0005493164062, ""xlai"": 0.2490152716636657, ""totir"": 0.0, ""tofer"": NaN, ""swfac"": 0.0, ""nstres"": 0.3934467434883117}",0.0,0.3934467434883117,3482.310791015625,874.0005493164062,0.2490152716636657,0.0,,0.0,0.0,0.0,0.0,14.500875854492188,14.500875854492188,Leave_One_experiments/all_year_offline_schedule_search/daily_outputs/YCA/YCA_2014_YCA2014_stress_grid_S0001_daily.csv
YCA,YCA,Yucheng,2014,Leave_One_experiments\wth_generated_qc\YCA\YCA2014.WTH,normal_year;water_stress_year;nitrogen_stress_year,water_stress,YCA2014_stress_grid_S0001,top_profit_low_water,2014-09-11,254,91,86,"{""sim_day"": 91.0, ""doy"": 254.0, ""topwt"": 3500.366516113281, ""grnwt"": 915.531005859375, ""xlai"": 0.2407652735710144, ""totir"": 0.0, ""tofer"": NaN, ""swfac"": 0.0, ""nstres"": 0.3951267600059509}",0.0,0.3951267600059509,3500.366516113281,915.531005859375,0.2407652735710144,0.0,,0.0,0.0,0.0,0.0,14.500875854492188,14.500875854492188,Leave_One_experiments/all_year_offline_schedule_search/daily_outputs/YCA/YCA_2014_YCA2014_stress_grid_S0001_daily.csv
YCA,YCA,Yucheng,2014,Leave_One_experiments\wth_generated_qc\YCA\YCA2014.WTH,normal_year;water_stress_year;nitrogen_stress_year,water_stress,YCA2014_stress_grid_S0001,top_profit_low_water,2014-09-12,255,92,87,"{""sim_day"": 92.0, ""doy"": 255.0, ""topwt"": 3538.8229370117188, ""grnwt"": 957.0614624023438, ""xlai"": 0.2328945994377136, ""totir"": 0.0, ""tofer"": NaN, ""swfac"": 0.0, ""nstres"": 0.38456791639328}",0.0,0.38456791639328,3538.8229370117188,957.0614624023438,0.2328945994377136,0.0,,0.0,0.0,0.0,0.0,14.500875854492188,14.500875854492188,Leave_One_experiments/all_year_offline_schedule_search/daily_outputs/YCA/YCA_2014_YCA2014_stress_grid_S0001_daily.csv
YCA,YCA,Yucheng,2014,Leave_One_experiments\wth_generated_qc\YCA\YCA2014.WTH,normal_year;water_stress_year;nitrogen_stress_year,water_stress,YCA2014_stress_grid_S0001,top_profit_low_water,2014-09-13,256,93,88,"{""sim_day"": 93.0, ""doy"": 256.0, ""topwt"": 3544.78271484375, ""grnwt"": 998.5919189453124, ""xlai"": 0.2253527790307998, ""totir"": 0.0, ""tofer"": NaN, ""swfac"": 0.0, ""nstres"": 0.3771841526031494}",0.0,0.3771841526031494,3544.78271484375,998.5919189453124,0.2253527790307998,0.0,,0.0,0.0,0.0,0.0,14.500875854492188,14.500875854492188,Leave_One_experiments/all_year_offline_schedule_search/daily_outputs/YCA/YCA_2014_YCA2014_stress_grid_S0001_daily.csv
YCA,YCA,Yucheng,2014,Leave_One_experiments\wth_generated_qc\YCA\YCA2014.WTH,normal_year;water_stress_year;nitrogen_stress_year,water_stress,YCA2014_stress_grid_S0001,top_profit_low_water,2014-09-14,257,94,89,"{""sim_day"": 94.0, ""doy"": 257.0, ""topwt"": 3553.554992675781, ""grnwt"": 1040.1224517822266, ""xlai"": 0.217993676662445, ""totir"": 0.0, ""tofer"": NaN, ""swfac"": 0.0, ""nstres"": 0.3837382793426513}",0.0,0.3837382793426513,3553.554992675781,1040.1224517822266,0.217993676662445,0.0,,0.0,0.0,0.0,0.0,14.500875854492188,14.500875854492188,Leave_One_experiments/all_year_offline_schedule_search/daily_outputs/YCA/YCA_2014_YCA2014_stress_grid_S0001_daily.csv
YCA,YCA,Yucheng,2014,Leave_One_experiments\wth_generated_qc\YCA\YCA2014.WTH,normal_year;water_stress_year;nitrogen_stress_year,water_stress,YCA2014_stress_grid_S0001,top_profit_low_water,2014-09-15,258,95,90,"{""sim_day"": 95.0, ""doy"": 258.0, ""topwt"": 3559.003295898437, ""grnwt"": 1081.6529846191406, ""xlai"": 0.2109640836715698, ""totir"": 0.0, ""tofer"": NaN, ""swfac"": 0.0, ""nstres"": 0.373920202255249}",0.0,0.373920202255249,3559.003295898437,1081.6529846191406,0.2109640836715698,0.0,,0.0,0.0,0.0,0.0,14.500875854492188,14.500875854492188,Leave_One_experiments/all_year_offline_schedule_search/daily_outputs/YCA/YCA_2014_YCA2014_stress_grid_S0001_daily.csv
YCA,YCA,Yucheng,2014,Leave_One_experiments\wth_generated_qc\YCA\YCA2014.WTH,normal_year;water_stress_year;nitrogen_stress_year,water_stress,YCA2014_stress_grid_S0001,top_profit_low_water,2014-09-16,259,96,91,"{""sim_day"": 96.0, ""doy"": 259.0, ""topwt"": 3564.869384765625, ""grnwt"": 1117.843780517578, ""xlai"": 0.2041934579610824, ""totir"": 0.0, ""tofer"": NaN, ""swfac"": 0.0, ""nstres"": 0.3702577352523803}",0.0,0.3702577352523803,3564.869384765625,1117.843780517578,0.2041934579610824,0.0,,0.0,0.0,0.0,0.0,14.500875854492188,14.500875854492188,Leave_One_experiments/all_year_offline_schedule_search/daily_outputs/YCA/YCA_2014_YCA2014_stress_grid_S0001_daily.csv
YCA,YCA,Yucheng,2014,Leave_One_experiments\wth_generated_qc\YCA\YCA2014.WTH,normal_year;water_stress_year;nitrogen_stress_year,water_stress,YCA2014_stress_grid_S0001,top_profit_low_water,2014-09-17,260,97,92,"{""sim_day"": 97.0, ""doy"": 260.0, ""topwt"": 3585.1693725585938, ""grnwt"": 1159.3742370605469, ""xlai"": 0.1977919787168502, ""totir"": 0.0, ""tofer"": NaN, ""swfac"": 0.0, ""nstres"": 0.352399468421936}",0.0,0.352399468421936,3585.1693725585938,1159.3742370605469,0.1977919787168502,0.0,,0.0,0.0,0.0,0.0,14.500875854492188,14.500875854492188,Leave_One_experiments/all_year_offline_schedule_search/daily_outputs/YCA/YCA_2014_YCA2014_stress_grid_S0001_daily.csv
YCA,YCA,Yucheng,2014,Leave_One_experiments\wth_generated_qc\YCA\YCA2014.WTH,normal_year;water_stress_year;nitrogen_stress_year,water_stress,YCA2014_stress_grid_S0001,top_profit_low_water,2014-09-18,261,98,93,"{""sim_day"": 98.0, ""doy"": 261.0, ""topwt"": 3614.999084472656, ""grnwt"": 1200.9046936035156, ""xlai"": 0.1916239708662033, ""totir"": 0.0, ""tofer"": NaN, ""swfac"": 0.0, ""nstres"": 0.3484252691268921}",0.0,0.3484252691268921,3614.999084472656,1200.9046936035156,0.1916239708662033,0.0,,0.0,0.0,0.0,0.0,14.500875854492188,14.500875854492188,Leave_One_experiments/all_year_offline_schedule_search/daily_outputs/YCA/YCA_2014_YCA2014_stress_grid_S0001_daily.csv
YCA,YCA,Yucheng,2014,Leave_One_experiments\wth_generated_qc\YCA\YCA2014.WTH,normal_year;water_stress_year;nitrogen_stress_year,water_stress,YCA2014_stress_grid_S0001,top_profit_low_water,2014-09-19,262,99,94,"{""sim_day"": 99.0, ""doy"": 262.0, ""topwt"": 3645.862426757813, ""grnwt"": 1242.4351501464844, ""xlai"": 0.1856475472450256, ""totir"": 0.0, ""tofer"": NaN, ""swfac"": 0.0, ""nstres"": 0.3485150933265686}",0.0,0.3485150933265686,3645.862426757813,1242.4351501464844,0.1856475472450256,0.0,,0.0,0.0,0.0,0.0,14.500875854492188,14.500875854492188,Leave_One_experiments/all_year_offline_schedule_search/daily_outputs/YCA/YCA_2014_YCA2014_stress_grid_S0001_daily.csv
YCA,YCA,Yucheng,2014,Leave_One_experiments\wth_generated_qc\YCA\YCA2014.WTH,normal_year;water_stress_year;nitrogen_stress_year,water_stress,YCA2014_stress_grid_S0001,top_profit_low_water,2014-09-20,263,100,95,"{""sim_day"": 100.0, ""doy"": 263.0, ""topwt"": 3674.5590209960938, ""grnwt"": 1283.9656066894531, ""xlai"": 0.1798132508993148, ""totir"": 0.0, ""tofer"": NaN, ""swfac"": 0.0, ""nstres"": 0.354249894618988}",0.0,0.354249894618988,3674.5590209960938,1283.9656066894531,0.1798132508993148,0.0,,0.0,0.0,0.0,0.0,14.500875854492188,14.500875854492188,Leave_One_experiments/all_year_offline_schedule_search/daily_outputs/YCA/YCA_2014_YCA2014_stress_grid_S0001_daily.csv
YCA,YCA,Yucheng,2014,Leave_One_experiments\wth_generated_qc\YCA\YCA2014.WTH,normal_year;water_stress_year;nitrogen_stress_year,water_stress,YCA2014_stress_grid_S0001,top_profit_low_water,2014-09-21,264,101,96,"{""sim_day"": 101.0, ""doy"": 264.0, ""topwt"": 3701.9503784179688, ""grnwt"": 1325.496063232422, ""xlai"": 0.1741386502981186, ""totir"": 0.0, ""tofer"": NaN, ""swfac"": 0.0, ""nstres"": 0.3574017882347107}",0.0,0.3574017882347107,3701.9503784179688,1325.496063232422,0.1741386502981186,0.0,,0.0,0.0,0.0,0.0,14.500875854492188,14.500875854492188,Leave_One_experiments/all_year_offline_schedule_search/daily_outputs/YCA/YCA_2014_YCA2014_stress_grid_S0001_daily.csv
YCA,YCA,Yucheng,2014,Leave_One_experiments\wth_generated_qc\YCA\YCA2014.WTH,normal_year;water_stress_year;nitrogen_stress_year,water_stress,YCA2014_stress_grid_S0001,top_profit_low_water,2014-09-22,265,102,97,"{""sim_day"": 102.0, ""doy"": 265.0, ""topwt"": 3717.2113037109375, ""grnwt"": 1367.0265197753906, ""xlai"": 0.1686723679304123, ""totir"": 0.0, ""tofer"": NaN, ""swfac"": 0.0, ""nstres"": 0.3533572554588318}",0.0,0.3533572554588318,3717.2113037109375,1367.0265197753906,0.1686723679304123,0.0,,0.0,0.0,0.0,0.0,14.500875854492188,14.500875854492188,Leave_One_experiments/all_year_offline_schedule_search/daily_outputs/YCA/YCA_2014_YCA2014_stress_grid_S0001_daily.csv
YCA,YCA,Yucheng,2014,Leave_One_experiments\wth_generated_qc\YCA\YCA2014.WTH,normal_year;water_stress_year;nitrogen_stress_year,water_stress,YCA2014_stress_grid_S0001,top_profit_low_water,2014-09-23,266,103,98,"{""sim_day"": 103.0, ""doy"": 266.0, ""topwt"": 3732.013549804688, ""grnwt"": 1408.55712890625, ""xlai"": 0.1634229868650436, ""totir"": 0.0, ""tofer"": NaN, ""swfac"": 0.0, ""nstres"": 0.3469234704971313}",0.0,0.3469234704971313,3732.013549804688,1408.55712890625,0.1634229868650436,0.0,,0.0,0.0,0.0,0.0,14.500875854492188,14.500875854492188,Leave_One_experiments/all_year_offline_schedule_search/daily_outputs/YCA/YCA_2014_YCA2014_stress_grid_S0001_daily.csv
YCA,YCA,Yucheng,2014,Leave_One_experiments\wth_generated_qc\YCA\YCA2014.WTH,normal_year;water_stress_year;nitrogen_stress_year,water_stress,YCA2014_stress_grid_S0001,top_profit_low_water,2014-09-24,267,104,99,"{""sim_day"": 104.0, ""doy"": 267.0, ""topwt"": 3755.109252929688, ""grnwt"": 1450.0875854492188, ""xlai"": 0.1584347933530807, ""totir"": 0.0, ""tofer"": NaN, ""swfac"": 0.0, ""nstres"": 0.3325504660606384}",0.0,0.3325504660606384,3755.109252929688,1450.0875854492188,0.1584347933530807,0.0,,0.0,0.0,0.0,0.0,14.500875854492188,14.500875854492188,Leave_One_experiments/all_year_offline_schedule_search/daily_outputs/YCA/YCA_2014_YCA2014_stress_grid_S0001_daily.csv
YCA,YCA,Yucheng,2014,Leave_One_experiments\wth_generated_qc\YCA\YCA2014.WTH,normal_year;water_stress_year;nitrogen_stress_year,water_stress,YCA2014_stress_grid_S0001,top_profit_low_water,2014-09-25,268,105,100,"{""sim_day"": 105.0, ""doy"": 268.0, ""topwt"": 3755.109252929688, ""grnwt"": 1450.0875854492188, ""xlai"": 0.1584347933530807, ""totir"": 0.0, ""tofer"": NaN, ""swfac"": 0.0, ""nstres"": 0.3177704215049743}",0.0,0.3177704215049743,3755.109252929688,1450.0875854492188,0.1584347933530807,0.0,,0.0,0.0,0.0,0.0,14.500875854492188,14.500875854492188,Leave_One_experiments/all_year_offline_schedule_search/daily_outputs/YCA/YCA_2014_YCA2014_stress_grid_S0001_daily.csv
YCA,YCA,Yucheng,2014,Leave_One_experiments\wth_generated_qc\YCA\YCA2014.WTH,normal_year;water_stress_year;nitrogen_stress_year,water_stress,YCA2014_stress_grid_S0001,top_profit_low_water,2014-09-26,269,106,101,"{""sim_day"": 106.0, ""doy"": 269.0, ""topwt"": 3755.109252929688, ""grnwt"": 1450.0875854492188, ""xlai"": 0.1584347933530807, ""totir"": 0.0, ""tofer"": NaN, ""swfac"": 0.0, ""nstres"": 0.3177704215049743}",0.0,0.3177704215049743,3755.109252929688,1450.0875854492188,0.1584347933530807,0.0,,0.0,0.0,0.0,0.0,14.500875854492188,14.500875854492188,Leave_One_experiments/all_year_offline_schedule_search/daily_outputs/YCA/YCA_2014_YCA2014_stress_grid_S0001_daily.csv
YCA,YCA,Yucheng,2014,Leave_One_experiments\wth_generated_qc\YCA\YCA2014.WTH,normal_year;water_stress_year;nitrogen_stress_year,water_stress,YCA2014_stress_grid_S0001,top_profit_low_water,2014-09-27,270,107,102,"{""sim_day"": 107.0, ""doy"": 270.0, ""topwt"": 3755.109252929688, ""grnwt"": 1450.0875854492188, ""xlai"": 0.1584347933530807, ""totir"": 0.0, ""tofer"": NaN, ""swfac"": 0.0, ""nstres"": 0.3177704215049743}",0.0,0.3177704215049743,3755.109252929688,1450.0875854492188,0.1584347933530807,0.0,,0.0,0.0,0.0,0.0,14.500875854492188,14.500875854492188,Leave_One_experiments/all_year_offline_schedule_search/daily_outputs/YCA/YCA_2014_YCA2014_stress_grid_S0001_daily.csv
YCA,YCA,Yucheng,2015,Leave_One_experiments\wth_generated_qc\YCA\YCA2015.WTH,normal_year;water_stress_year;nitrogen_stress_year,water_stress,YCA2015_stress_grid_S0006,irrigation_positive_candidate,2015-06-18,169,1,1,"{""sim_day"": 1.0, ""doy"": 169.0, ""topwt"": 0.0, ""grnwt"": 0.0, ""xlai"": 0.0, ""totir"": 0.0, ""tofer"": NaN, ""swfac"": 0.0, ""nstres"": 0.0}",0.0,0.0,0.0,0.0,0.0,0.0,,0.0,0.0,20.0,0.0,8.207283020019531,16.20728302001953,Leave_One_experiments/all_year_offline_schedule_search/daily_outputs/YCA/YCA_2015_YCA2015_stress_grid_S0006_daily.csv
YCA,YCA,Yucheng,2015,Leave_One_experiments\wth_generated_qc\YCA\YCA2015.WTH,normal_year;water_stress_year;nitrogen_stress_year,water_stress,YCA2015_stress_grid_S0006,irrigation_positive_candidate,2015-06-19,170,2,2,"{""sim_day"": 2.0, ""doy"": 170.0, ""topwt"": 0.0, ""grnwt"": 0.0, ""xlai"": 0.0, ""totir"": 0.0, ""tofer"": NaN, ""swfac"": 0.0, ""nstres"": 0.0}",0.0,0.0,0.0,0.0,0.0,0.0,,0.0,0.0,20.0,0.0,8.207283020019531,16.20728302001953,Leave_One_experiments/all_year_offline_schedule_search/daily_outputs/YCA/YCA_2015_YCA2015_stress_grid_S0006_daily.csv
YCA,YCA,Yucheng,2015,Leave_One_experiments\wth_generated_qc\YCA\YCA2015.WTH,normal_year;water_stress_year;nitrogen_stress_year,water_stress,YCA2015_stress_grid_S0006,irrigation_positive_candidate,2015-06-20,171,3,3,"{""sim_day"": 3.0, ""doy"": 171.0, ""topwt"": 0.0, ""grnwt"": 0.0, ""xlai"": 0.0, ""totir"": 0.0, ""tofer"": NaN, ""swfac"": 0.0, ""nstres"": 0.0}",0.0,0.0,0.0,0.0,0.0,0.0,,0.0,0.0,20.0,0.0,8.207283020019531,16.20728302001953,Leave_One_experiments/all_year_offline_schedule_search/daily_outputs/YCA/YCA_2015_YCA2015_stress_grid_S0006_daily.csv
YCA,YCA,Yucheng,2015,Leave_One_experiments\wth_generated_qc\YCA\YCA2015.WTH,normal_year;water_stress_year;nitrogen_stress_year,water_stress,YCA2015_stress_grid_S0006,irrigation_positive_candidate,2015-06-21,172,4,4,"{""sim_day"": 4.0, ""doy"": 172.0, ""topwt"": 0.0, ""grnwt"": 0.0, ""xlai"": 0.0, ""totir"": 0.0, ""tofer"": NaN, ""swfac"": 0.0, ""nstres"": 0.0}",0.0,0.0,0.0,0.0,0.0,0.0,,0.0,0.0,20.0,0.0,8.207283020019531,16.20728302001953,Leave_One_experiments/all_year_offline_schedule_search/daily_outputs/YCA/YCA_2015_YCA2015_stress_grid_S0006_daily.csv
YCA,YCA,Yucheng,2015,Leave_One_experiments\wth_generated_qc\YCA\YCA2015.WTH,normal_year;water_stress_year;nitrogen_stress_year,water_stress,YCA2015_stress_grid_S0006,irrigation_positive_candidate,2015-06-22,173,5,5,"{""sim_day"": 5.0, ""doy"": 173.0, ""topwt"": 0.0, ""grnwt"": 0.0, ""xlai"": 0.0, ""totir"": 0.0, ""tofer"": NaN, ""swfac"": 0.0, ""nstres"": 0.0}",0.0,0.0,0.0,0.0,0.0,0.0,,0.0,0.0,20.0,0.0,8.207283020019531,16.20728302001953,Leave_One_experiments/all_year_offline_schedule_search/daily_outputs/YCA/YCA_2015_YCA2015_stress_grid_S0006_daily.csv
YCA,YCA,Yucheng,2015,Leave_One_experiments\wth_generated_qc\YCA\YCA2015.WTH,normal_year;water_stress_year;nitrogen_stress_year,water_stress,YCA2015_stress_grid_S0006,irrigation_positive_candidate,2015-06-18,169,6,1,"{""sim_day"": 6.0, ""doy"": 169.0, ""topwt"": 0.0, ""grnwt"": 0.0, ""xlai"": 0.0, ""totir"": 0.0, ""tofer"": NaN, ""swfac"": 0.0, ""nstres"": 0.0}",0.0,0.0,0.0,0.0,0.0,0.0,,0.0,0.0,20.0,0.0,8.207283020019531,16.20728302001953,Leave_One_experiments/all_year_offline_schedule_search/daily_outputs/YCA/YCA_2015_YCA2015_stress_grid_S0006_daily.csv
YCA,YCA,Yucheng,2015,Leave_One_experiments\wth_generated_qc\YCA\YCA2015.WTH,normal_year;water_stress_year;nitrogen_stress_year,water_stress,YCA2015_stress_grid_S0006,irrigation_positive_candidate,2015-06-19,170,7,2,"{""sim_day"": 7.0, ""doy"": 170.0, ""topwt"": 0.0, ""grnwt"": 0.0, ""xlai"": 0.0, ""totir"": 0.0, ""tofer"": NaN, ""swfac"": 0.0, ""nstres"": 0.0}",0.0,0.0,0.0,0.0,0.0,0.0,,0.0,0.0,20.0,0.0,8.207283020019531,16.20728302001953,Leave_One_experiments/all_year_offline_schedule_search/daily_outputs/YCA/YCA_2015_YCA2015_stress_grid_S0006_daily.csv
YCA,YCA,Yucheng,2015,Leave_One_experiments\wth_generated_qc\YCA\YCA2015.WTH,normal_year;water_stress_year;nitrogen_stress_year,water_stress,YCA2015_stress_grid_S0006,irrigation_positive_candidate,2015-06-20,171,8,3,"{""sim_day"": 8.0, ""doy"": 171.0, ""topwt"": 0.0, ""grnwt"": 0.0, ""xlai"": 0.0, ""totir"": 0.0, ""tofer"": NaN, ""swfac"": 0.0, ""nstres"": 0.0}",0.0,0.0,0.0,0.0,0.0,0.0,,0.0,0.0,20.0,0.0,8.207283020019531,16.20728302001953,Leave_One_experiments/all_year_offline_schedule_search/daily_outputs/YCA/YCA_2015_YCA2015_stress_grid_S0006_daily.csv
YCA,YCA,Yucheng,2015,Leave_One_experiments\wth_generated_qc\YCA\YCA2015.WTH,normal_year;water_stress_year;nitrogen_stress_year,water_stress,YCA2015_stress_grid_S0006,irrigation_positive_candidate,2015-06-21,172,9,4,"{""sim_day"": 9.0, ""doy"": 172.0, ""topwt"": 0.0, ""grnwt"": 0.0, ""xlai"": 0.0, ""totir"": 0.0, ""tofer"": NaN, ""swfac"": 0.0, ""nstres"": 0.0}",0.0,0.0,0.0,0.0,0.0,0.0,,0.0,0.0,20.0,0.0,8.207283020019531,16.20728302001953,Leave_One_experiments/all_year_offline_schedule_search/daily_outputs/YCA/YCA_2015_YCA2015_stress_grid_S0006_daily.csv
YCA,YCA,Yucheng,2015,Leave_One_experiments\wth_generated_qc\YCA\YCA2015.WTH,normal_year;water_stress_year;nitrogen_stress_year,water_stress,YCA2015_stress_grid_S0006,irrigation_positive_candidate,2015-06-22,173,10,5,"{""sim_day"": 10.0, ""doy"": 173.0, ""topwt"": 0.0, ""grnwt"": 0.0, ""xlai"": 0.0, ""totir"": 0.0, ""tofer"": NaN, ""swfac"": 0.0, ""nstres"": 0.0}",0.0,0.0,0.0,0.0,0.0,0.0,,0.0,0.0,20.0,0.0,8.207283020019531,16.20728302001953,Leave_One_experiments/all_year_offline_schedule_search/daily_outputs/YCA/YCA_2015_YCA2015_stress_grid_S0006_daily.csv
YCA,YCA,Yucheng,2015,Leave_One_experiments\wth_generated_qc\YCA\YCA2015.WTH,normal_year;water_stress_year;nitrogen_stress_year,water_stress,YCA2015_stress_grid_S0006,irrigation_positive_candidate,2015-06-23,174,11,6,"{""sim_day"": 11.0, ""doy"": 174.0, ""topwt"": 26.400001049041748, ""grnwt"": 0.0, ""xlai"": 0.0037475994322448, ""totir"": 0.0, ""tofer"": NaN, ""swfac"": 0.0, ""nstres"": 0.0121910572052001}",0.0,0.0121910572052001,26.400001049041748,0.0,0.0037475994322448,0.0,,0.0,0.0,20.0,0.0,8.207283020019531,16.20728302001953,Leave_One_experiments/all_year_offline_schedule_search/daily_outputs/YCA/YCA_2015_YCA2015_stress_grid_S0006_daily.csv
YCA,YCA,Yucheng,2015,Leave_One_experiments\wth_generated_qc\YCA\YCA2015.WTH,normal_year;water_stress_year;nitrogen_stress_year,water_stress,YCA2015_stress_grid_S0006,irrigation_positive_candidate,2015-06-24,175,12,7,"{""sim_day"": 12.0, ""doy"": 175.0, ""topwt"": 26.400001049041748, ""grnwt"": 0.0, ""xlai"": 0.0070741116069257, ""totir"": 0.0, ""tofer"": NaN, ""swfac"": 0.0, ""nstres"": 0.0117386579513549}",0.0,0.0117386579513549,26.400001049041748,0.0,0.0070741116069257,0.0,,0.0,0.0,20.0,0.0,8.207283020019531,16.20728302001953,Leave_One_experiments/all_year_offline_schedule_search/daily_outputs/YCA/YCA_2015_YCA2015_stress_grid_S0006_daily.csv
YCA,YCA,Yucheng,2015,Leave_One_experiments\wth_generated_qc\YCA\YCA2015.WTH,normal_year;water_stress_year;nitrogen_stress_year,water_stress,YCA2015_stress_grid_S0006,irrigation_positive_candidate,2015-06-25,176,13,8,"{""sim_day"": 13.0, ""doy"": 176.0, ""topwt"": 26.400001049041748, ""grnwt"": 0.0, ""xlai"": 0.0118272546678781, ""totir"": 0.0, ""tofer"": NaN, ""swfac"": 0.0, ""nstres"": 0.0055167078971862}",0.0,0.0055167078971862,26.400001049041748,0.0,0.0118272546678781,0.0,,0.0,0.0,20.0,0.0,8.207283020019531,16.20728302001953,Leave_One_experiments/all_year_offline_schedule_search/daily_outputs/YCA/YCA_2015_YCA2015_stress_grid_S0006_daily.csv
YCA,YCA,Yucheng,2015,Leave_One_experiments\wth_generated_qc\YCA\YCA2015.WTH,normal_year;water_stress_year;nitrogen_stress_year,water_stress,YCA2015_stress_grid_S0006,irrigation_positive_candidate,2015-06-26,177,14,9,"{""sim_day"": 14.0, ""doy"": 177.0, ""topwt"": 26.400001049041748, ""grnwt"": 0.0, ""xlai"": 0.0182310193777084, ""totir"": 0.0, ""tofer"": NaN, ""swfac"": 0.0, ""nstres"": 0.0}",0.0,0.0,26.400001049041748,0.0,0.0182310193777084,0.0,,0.0,0.0,20.0,0.0,8.207283020019531,16.20728302001953,Leave_One_experiments/all_year_offline_schedule_search/daily_outputs/YCA/YCA_2015_YCA2015_stress_grid_S0006_daily.csv
YCA,YCA,Yucheng,2015,Leave_One_experiments\wth_generated_qc\YCA\YCA2015.WTH,normal_year;water_stress_year;nitrogen_stress_year,water_stress,YCA2015_stress_grid_S0006,irrigation_positive_candidate,2015-06-27,178,15,10,"{""sim_day"": 15.0, ""doy"": 178.0, ""topwt"": 26.400001049041748, ""grnwt"": 0.0, ""xlai"": 0.0425222180783748, ""totir"": 0.0, ""tofer"": NaN, ""swfac"": 0.0, ""nstres"": 0.0}",0.0,0.0,26.400001049041748,0.0,0.0425222180783748,0.0,,0.0,0.0,20.0,0.0,8.207283020019531,16.20728302001953,Leave_One_experiments/all_year_offline_schedule_search/daily_outputs/YCA/YCA_2015_YCA2015_stress_grid_S0006_daily.csv
YCA,YCA,Yucheng,2015,Leave_One_experiments\wth_generated_qc\YCA\YCA2015.WTH,normal_year;water_stress_year;nitrogen_stress_year,water_stress,YCA2015_stress_grid_S0006,irrigation_positive_candidate,2015-06-28,179,16,11,"{""sim_day"": 16.0, ""doy"": 179.0, ""topwt"": 32.985219955444336, ""grnwt"": 0.0, ""xlai"": 0.0625705644488334, ""totir"": 0.0, ""tofer"": NaN, ""swfac"": 0.0, ""nstres"": 0.0}",0.0,0.0,32.985219955444336,0.0,0.0625705644488334,0.0,,0.0,0.0,20.0,0.0,8.207283020019531,16.20728302001953,Leave_One_experiments/all_year_offline_schedule_search/daily_outputs/YCA/YCA_2015_YCA2015_stress_grid_S0006_daily.csv
YCA,YCA,Yucheng,2015,Leave_One_experiments\wth_generated_qc\YCA\YCA2015.WTH,normal_year;water_stress_year;nitrogen_stress_year,water_stress,YCA2015_stress_grid_S0006,irrigation_positive_candidate,2015-06-29,180,17,12,"{""sim_day"": 17.0, ""doy"": 180.0, ""topwt"": 42.2584342956543, ""grnwt"": 0.0, ""xlai"": 0.0849899053573608, ""totir"": 0.0, ""tofer"": NaN, ""swfac"": 0.0, ""nstres"": 0.0}",0.0,0.0,42.2584342956543,0.0,0.0849899053573608,0.0,,0.0,0.0,20.0,0.0,8.207283020019531,16.20728302001953,Leave_One_experiments/all_year_offline_schedule_search/daily_outputs/YCA/YCA_2015_YCA2015_stress_grid_S0006_daily.csv
YCA,YCA,Yucheng,2015,Leave_One_experiments\wth_generated_qc\YCA\YCA2015.WTH,normal_year;water_stress_year;nitrogen_stress_year,water_stress,YCA2015_stress_grid_S0006,irrigation_positive_candidate,2015-06-30,181,18,13,"{""sim_day"": 18.0, ""doy"": 181.0, ""topwt"": 58.326921463012695, ""grnwt"": 0.0, ""xlai"": 0.1206550747156143, ""totir"": 0.0, ""tofer"": NaN, ""swfac"": 0.0, ""nstres"": 0.0}",0.0,0.0,58.326921463012695,0.0,0.1206550747156143,0.0,,0.0,0.0,20.0,0.0,8.207283020019531,16.20728302001953,Leave_One_experiments/all_year_offline_schedule_search/daily_outputs/YCA/YCA_2015_YCA2015_stress_grid_S0006_daily.csv
YCA,YCA,Yucheng,2015,Leave_One_experiments\wth_generated_qc\YCA\YCA2015.WTH,normal_year;water_stress_year;nitrogen_stress_year,water_stress,YCA2015_stress_grid_S0006,irrigation_positive_candidate,2015-07-01,182,19,14,"{""sim_day"": 19.0, ""doy"": 182.0, ""topwt"": 78.30052852630615, ""grnwt"": 0.0, ""xlai"": 0.1614735126495361, ""totir"": 0.0, ""tofer"": NaN, ""swfac"": 0.0, ""nstres"": 0.0}",0.0,0.0,78.30052852630615,0.0,0.1614735126495361,0.0,,0.0,0.0,20.0,0.0,8.207283020019531,16.20728302001953,Leave_One_experiments/all_year_offline_schedule_search/daily_outputs/YCA/YCA_2015_YCA2015_stress_grid_S0006_daily.csv
YCA,YCA,Yucheng,2015,Leave_One_experiments\wth_generated_qc\YCA\YCA2015.WTH,normal_year;water_stress_year;nitrogen_stress_year,water_stress,YCA2015_stress_grid_S0006,irrigation_positive_candidate,2015-07-02,183,20,15,"{""sim_day"": 20.0, ""doy"": 183.0, ""topwt"": 100.43471336364746, ""grnwt"": 0.0, ""xlai"": 0.2037417143583297, ""totir"": 0.0, ""tofer"": NaN, ""swfac"": 0.0, ""nstres"": 0.0}",0.0,0.0,100.43471336364746,0.0,0.2037417143583297,0.0,,0.0,0.0,20.0,0.0,8.207283020019531,16.20728302001953,Leave_One_experiments/all_year_offline_schedule_search/daily_outputs/YCA/YCA_2015_YCA2015_stress_grid_S0006_daily.csv
YCA,YCA,Yucheng,2015,Leave_One_experiments\wth_generated_qc\YCA\YCA2015.WTH,normal_year;water_stress_year;nitrogen_stress_year,water_stress,YCA2015_stress_grid_S0006,irrigation_positive_candidate,2015-07-03,184,21,16,"{""sim_day"": 21.0, ""doy"": 184.0, ""topwt"": 128.59026908874512, ""grnwt"": 0.0, ""xlai"": 0.2543987929821014, ""totir"": 0.0, ""tofer"": NaN, ""swfac"": 0.0, ""nstres"": 0.0}",0.0,0.0,128.59026908874512,0.0,0.2543987929821014,0.0,,0.0,0.0,20.0,0.0,8.207283020019531,16.20728302001953,Leave_One_experiments/all_year_offline_schedule_search/daily_outputs/YCA/YCA_2015_YCA2015_stress_grid_S0006_daily.csv
YCA,YCA,Yucheng,2015,Leave_One_experiments\wth_generated_qc\YCA\YCA2015.WTH,normal_year;water_stress_year;nitrogen_stress_year,water_stress,YCA2015_stress_grid_S0006,irrigation_positive_candidate,2015-07-04,185,22,17,"{""sim_day"": 22.0, ""doy"": 185.0, ""topwt"": 163.38811874389648, ""grnwt"": 0.0, ""xlai"": 0.3134718537330627, ""totir"": 0.0, ""tofer"": NaN, ""swfac"": 0.0, ""nstres"": 0.0488724708557128}",0.0,0.0488724708557128,163.38811874389648,0.0,0.3134718537330627,0.0,,0.0,0.0,20.0,0.0,8.207283020019531,16.20728302001953,Leave_One_experiments/all_year_offline_schedule_search/daily_outputs/YCA/YCA_2015_YCA2015_stress_grid_S0006_daily.csv
YCA,YCA,Yucheng,2015,Leave_One_experiments\wth_generated_qc\YCA\YCA2015.WTH,normal_year;water_stress_year;nitrogen_stress_year,water_stress,YCA2015_stress_grid_S0006,irrigation_positive_candidate,2015-07-05,186,23,18,"{""sim_day"": 23.0, ""doy"": 186.0, ""topwt"": 192.32023239135745, ""grnwt"": 0.0, ""xlai"": 0.3821237981319427, ""totir"": 0.0, ""tofer"": NaN, ""swfac"": 0.0, ""nstres"": 0.1082016825675964}",0.0,0.1082016825675964,192.32023239135745,0.0,0.3821237981319427,0.0,,0.0,0.0,20.0,0.0,8.207283020019531,16.20728302001953,Leave_One_experiments/all_year_offline_schedule_search/daily_outputs/YCA/YCA_2015_YCA2015_stress_grid_S0006_daily.csv
YCA,YCA,Yucheng,2015,Leave_One_experiments\wth_generated_qc\YCA\YCA2015.WTH,normal_year;water_stress_year;nitrogen_stress_year,water_stress,YCA2015_stress_grid_S0006,irrigation_positive_candidate,2015-07-06,187,24,19,"{""sim_day"": 24.0, ""doy"": 187.0, ""topwt"": 223.0888938903809, ""grnwt"": 0.0, ""xlai"": 0.4266769289970398, ""totir"": 0.0, ""tofer"": NaN, ""swfac"": 0.0, ""nstres"": 0.1640729308128357}",0.0,0.1640729308128357,223.0888938903809,0.0,0.4266769289970398,0.0,,0.0,0.0,20.0,0.0,8.207283020019531,16.20728302001953,Leave_One_experiments/all_year_offline_schedule_search/daily_outputs/YCA/YCA_2015_YCA2015_stress_grid_S0006_daily.csv
YCA,YCA,Yucheng,2015,Leave_One_experiments\wth_generated_qc\YCA\YCA2015.WTH,normal_year;water_stress_year;nitrogen_stress_year,water_stress,YCA2015_stress_grid_S0006,irrigation_positive_candidate,2015-07-07,188,25,20,"{""sim_day"": 25.0, ""doy"": 188.0, ""topwt"": 251.31711959838867, ""grnwt"": 0.0, ""xlai"": 0.4620018303394317, ""totir"": 0.0, ""tofer"": NaN, ""swfac"": 0.0, ""nstres"": 0.2290185689926147}",0.0,0.2290185689926147,251.31711959838867,0.0,0.4620018303394317,0.0,,0.0,0.0,20.0,0.0,8.207283020019531,16.20728302001953,Leave_One_experiments/all_year_offline_schedule_search/daily_outputs/YCA/YCA_2015_YCA2015_stress_grid_S0006_daily.csv
YCA,YCA,Yucheng,2015,Leave_One_experiments\wth_generated_qc\YCA\YCA2015.WTH,normal_year;water_stress_year;nitrogen_stress_year,water_stress,YCA2015_stress_grid_S0006,irrigation_positive_candidate,2015-07-08,189,26,21,"{""sim_day"": 26.0, ""doy"": 189.0, ""topwt"": 279.4300651550293, ""grnwt"": 0.0, ""xlai"": 0.4939437508583069, ""totir"": 0.0, ""tofer"": NaN, ""swfac"": 0.0, ""nstres"": 0.2862887978553772}",0.0,0.2862887978553772,279.4300651550293,0.0,0.4939437508583069,0.0,,0.0,0.0,20.0,0.0,8.207283020019531,16.20728302001953,Leave_One_experiments/all_year_offline_schedule_search/daily_outputs/YCA/YCA_2015_YCA2015_stress_grid_S0006_daily.csv
YCA,YCA,Yucheng,2015,Leave_One_experiments\wth_generated_qc\YCA\YCA2015.WTH,normal_year;water_stress_year;nitrogen_stress_year,water_stress,YCA2015_stress_grid_S0006,irrigation_positive_candidate,2015-07-09,190,27,22,"{""sim_day"": 27.0, ""doy"": 190.0, ""topwt"": 313.0035591125488, ""grnwt"": 0.0, ""xlai"": 0.5323792099952698, ""totir"": 0.0, ""tofer"": NaN, ""swfac"": 0.0, ""nstres"": 0.2924789190292358}",0.0,0.2924789190292358,313.0035591125488,0.0,0.5323792099952698,0.0,,0.0,0.0,20.0,0.0,8.207283020019531,16.20728302001953,Leave_One_experiments/all_year_offline_schedule_search/daily_outputs/YCA/YCA_2015_YCA2015_stress_grid_S0006_daily.csv
YCA,YCA,Yucheng,2015,Leave_One_experiments\wth_generated_qc\YCA\YCA2015.WTH,normal_year;water_stress_year;nitrogen_stress_year,water_stress,YCA2015_stress_grid_S0006,irrigation_positive_candidate,2015-07-10,191,28,23,"{""sim_day"": 28.0, ""doy"": 191.0, ""topwt"": 347.60616302490234, ""grnwt"": 0.0, ""xlai"": 0.5699329376220703, ""totir"": 0.0, ""tofer"": NaN, ""swfac"": 0.0, ""nstres"": 0.2996854186058044}",0.0,0.2996854186058044,347.60616302490234,0.0,0.5699329376220703,0.0,,0.0,0.0,20.0,0.0,8.207283020019531,16.20728302001953,Leave_One_experiments/all_year_offline_schedule_search/daily_outputs/YCA/YCA_2015_YCA2015_stress_grid_S0006_daily.csv
YCA,YCA,Yucheng,2015,Leave_One_experiments\wth_generated_qc\YCA\YCA2015.WTH,normal_year;water_stress_year;nitrogen_stress_year,water_stress,YCA2015_stress_grid_S0006,irrigation_positive_candidate,2015-07-11,192,29,24,"{""sim_day"": 29.0, ""doy"": 192.0, ""topwt"": 387.40570068359375, ""grnwt"": 0.0, ""xlai"": 0.6119778752326965, ""totir"": 0.0, ""tofer"": NaN, ""swfac"": 0.0, ""nstres"": 0.3407716155052185}",0.0,0.3407716155052185,387.40570068359375,0.0,0.6119778752326965,0.0,,0.0,0.0,20.0,0.0,8.207283020019531,16.20728302001953,Leave_One_experiments/all_year_offline_schedule_search/daily_outputs/YCA/YCA_2015_YCA2015_stress_grid_S0006_daily.csv
YCA,YCA,Yucheng,2015,Leave_One_experiments\wth_generated_qc\YCA\YCA2015.WTH,normal_year;water_stress_year;nitrogen_stress_year,water_stress,YCA2015_stress_grid_S0006,irrigation_positive_candidate,2015-07-12,193,30,25,"{""sim_day"": 30.0, ""doy"": 193.0, ""topwt"": 429.3702697753906, ""grnwt"": 0.0, ""xlai"": 0.6465014219284058, ""totir"": 0.0, ""tofer"": NaN, ""swfac"": 0.0, ""nstres"": 0.3758286237716675}",0.0,0.3758286237716675,429.3702697753906,0.0,0.6465014219284058,0.0,,0.0,0.0,20.0,0.0,8.207283020019531,16.20728302001953,Leave_One_experiments/all_year_offline_schedule_search/daily_outputs/YCA/YCA_2015_YCA2015_stress_grid_S0006_daily.csv
YCA,YCA,Yucheng,2015,Leave_One_experiments\wth_generated_qc\YCA\YCA2015.WTH,normal_year;water_stress_year;nitrogen_stress_year,water_stress,YCA2015_stress_grid_S0006,irrigation_positive_candidate,2015-07-13,194,31,26,"{""sim_day"": 31.0, ""doy"": 194.0, ""topwt"": 481.66881561279297, ""grnwt"": 0.0, ""xlai"": 0.6979809999465942, ""totir"": 0.0, ""tofer"": NaN, ""swfac"": 0.0, ""nstres"": 0.3753975629806518}",0.0,0.3753975629806518,481.66881561279297,0.0,0.6979809999465942,0.0,,0.0,0.0,20.0,0.0,8.207283020019531,16.20728302001953,Leave_One_experiments/all_year_offline_schedule_search/daily_outputs/YCA/YCA_2015_YCA2015_stress_grid_S0006_daily.csv
YCA,YCA,Yucheng,2015,Leave_One_experiments\wth_generated_qc\YCA\YCA2015.WTH,normal_year;water_stress_year;nitrogen_stress_year,water_stress,YCA2015_stress_grid_S0006,irrigation_positive_candidate,2015-07-14,195,32,27,"{""sim_day"": 32.0, ""doy"": 195.0, ""topwt"": 530.3936767578125, ""grnwt"": 0.0, ""xlai"": 0.7405853867530823, ""totir"": 0.0, ""tofer"": NaN, ""swfac"": 0.0, ""nstres"": 0.3576728105545044}",0.0,0.3576728105545044,530.3936767578125,0.0,0.7405853867530823,0.0,,0.0,0.0,20.0,0.0,8.207283020019531,16.20728302001953,Leave_One_experiments/all_year_offline_schedule_search/daily_outputs/YCA/YCA_2015_YCA2015_stress_grid_S0006_daily.csv
YCA,YCA,Yucheng,2015,Leave_One_experiments\wth_generated_qc\YCA\YCA2015.WTH,normal_year;water_stress_year;nitrogen_stress_year,water_stress,YCA2015_stress_grid_S0006,irrigation_positive_candidate,2015-07-15,196,33,28,"{""sim_day"": 33.0, ""doy"": 196.0, ""topwt"": 575.9761047363281, ""grnwt"": 0.0, ""xlai"": 0.7748618125915527, ""totir"": 0.0, ""tofer"": NaN, ""swfac"": 0.0, ""nstres"": 0.3642428517341614}",0.0,0.3642428517341614,575.9761047363281,0.0,0.7748618125915527,0.0,,0.0,0.0,20.0,0.0,8.207283020019531,16.20728302001953,Leave_One_experiments/all_year_offline_schedule_search/daily_outputs/YCA/YCA_2015_YCA2015_stress_grid_S0006_daily.csv
YCA,YCA,Yucheng,2015,Leave_One_experiments\wth_generated_qc\YCA\YCA2015.WTH,normal_year;water_stress_year;nitrogen_stress_year,water_stress,YCA2015_stress_grid_S0006,irrigation_positive_candidate,2015-07-16,197,34,29,"{""sim_day"": 34.0, ""doy"": 197.0, ""topwt"": 627.1505355834961, ""grnwt"": 0.0, ""xlai"": 0.8120498061180115, ""totir"": 0.0, ""tofer"": NaN, ""swfac"": 0.0, ""nstres"": 0.3632177114486694}",0.0,0.3632177114486694,627.1505355834961,0.0,0.8120498061180115,0.0,,0.0,0.0,20.0,0.0,8.207283020019531,16.20728302001953,Leave_One_experiments/all_year_offline_schedule_search/daily_outputs/YCA/YCA_2015_YCA2015_stress_grid_S0006_daily.csv
YCA,YCA,Yucheng,2015,Leave_One_experiments\wth_generated_qc\YCA\YCA2015.WTH,normal_year;water_stress_year;nitrogen_stress_year,water_stress,YCA2015_stress_grid_S0006,irrigation_positive_candidate,2015-07-17,198,35,30,"{""sim_day"": 35.0, ""doy"": 198.0, ""topwt"": 671.8331909179688, ""grnwt"": 0.0, ""xlai"": 0.8369783163070679, ""totir"": 0.0, ""tofer"": NaN, ""swfac"": 0.0, ""nstres"": 0.3782752752304077}",0.0,0.3782752752304077,671.8331909179688,0.0,0.8369783163070679,0.0,,0.0,0.0,20.0,0.0,8.207283020019531,16.20728302001953,Leave_One_experiments/all_year_offline_schedule_search/daily_outputs/YCA/YCA_2015_YCA2015_stress_grid_S0006_daily.csv
YCA,YCA,Yucheng,2015,Leave_One_experiments\wth_generated_qc\YCA\YCA2015.WTH,normal_year;water_stress_year;nitrogen_stress_year,water_stress,YCA2015_stress_grid_S0006,irrigation_positive_candidate,2015-07-18,199,36,31,"{""sim_day"": 36.0, ""doy"": 199.0, ""topwt"": 722.3786163330078, ""grnwt"": 0.0, ""xlai"": 0.8637790083885193, ""totir"": 0.0, ""tofer"": NaN, ""swfac"": 0.0, ""nstres"": 0.4035719037055969}",0.0,0.4035719037055969,722.3786163330078,0.0,0.8637790083885193,0.0,,0.0,0.0,20.0,0.0,8.207283020019531,16.20728302001953,Leave_One_experiments/all_year_offline_schedule_search/daily_outputs/YCA/YCA_2015_YCA2015_stress_grid_S0006_daily.csv
YCA,YCA,Yucheng,2015,Leave_One_experiments\wth_generated_qc\YCA\YCA2015.WTH,normal_year;water_stress_year;nitrogen_stress_year,water_stress,YCA2015_stress_grid_S0006,irrigation_positive_candidate,2015-07-19,200,37,32,"{""sim_day"": 37.0, ""doy"": 200.0, ""topwt"": 777.578125, ""grnwt"": 0.0, ""xlai"": 0.8905207514762878, ""totir"": 0.0, ""tofer"": NaN, ""swfac"": 0.0, ""nstres"": 0.4191242456436157}",0.0,0.4191242456436157,777.578125,0.0,0.8905207514762878,0.0,,0.0,0.0,20.0,0.0,8.207283020019531,16.20728302001953,Leave_One_experiments/all_year_offline_schedule_search/daily_outputs/YCA/YCA_2015_YCA2015_stress_grid_S0006_daily.csv
YCA,YCA,Yucheng,2015,Leave_One_experiments\wth_generated_qc\YCA\YCA2015.WTH,normal_year;water_stress_year;nitrogen_stress_year,water_stress,YCA2015_stress_grid_S0006,irrigation_positive_candidate,2015-07-20,201,38,33,"{""sim_day"": 38.0, ""doy"": 201.0, ""topwt"": 835.1913452148438, ""grnwt"": 0.0, ""xlai"": 0.9142224192619324, ""totir"": 0.0, ""tofer"": NaN, ""swfac"": 0.0, ""nstres"": 0.438858151435852}",0.0,0.438858151435852,835.1913452148438,0.0,0.9142224192619324,0.0,,0.0,0.0,20.0,0.0,8.207283020019531,16.20728302001953,Leave_One_experiments/all_year_offline_schedule_search/daily_outputs/YCA/YCA_2015_YCA2015_stress_grid_S0006_daily.csv
YCA,YCA,Yucheng,2015,Leave_One_experiments\wth_generated_qc\YCA\YCA2015.WTH,normal_year;water_stress_year;nitrogen_stress_year,water_stress,YCA2015_stress_grid_S0006,irrigation_positive_candidate,2015-07-21,202,39,34,"{""sim_day"": 39.0, ""doy"": 202.0, ""topwt"": 888.98681640625, ""grnwt"": 0.0, ""xlai"": 0.9294233918190002, ""totir"": 0.0, ""tofer"": NaN, ""swfac"": 0.0, ""nstres"": 0.4594079852104187}",0.0,0.4594079852104187,888.98681640625,0.0,0.9294233918190002,0.0,,0.0,0.0,20.0,0.0,8.207283020019531,16.20728302001953,Leave_One_experiments/all_year_offline_schedule_search/daily_outputs/YCA/YCA_2015_YCA2015_stress_grid_S0006_daily.csv
YCA,YCA,Yucheng,2015,Leave_One_experiments\wth_generated_qc\YCA\YCA2015.WTH,normal_year;water_stress_year;nitrogen_stress_year,water_stress,YCA2015_stress_grid_S0006,irrigation_positive_candidate,2015-07-22,203,40,35,"{""sim_day"": 40.0, ""doy"": 203.0, ""topwt"": 946.0944366455078, ""grnwt"": 0.0, ""xlai"": 0.94314706325531, ""totir"": 20.0, ""tofer"": NaN, ""swfac"": 0.0, ""nstres"": 0.4730035662651062}",0.0,0.4730035662651062,946.0944366455078,0.0,0.94314706325531,20.0,,20.0,0.0,20.0,0.0,8.207283020019531,16.20728302001953,Leave_One_experiments/all_year_offline_schedule_search/daily_outputs/YCA/YCA_2015_YCA2015_stress_grid_S0006_daily.csv
YCA,YCA,Yucheng,2015,Leave_One_experiments\wth_generated_qc\YCA\YCA2015.WTH,normal_year;water_stress_year;nitrogen_stress_year,water_stress,YCA2015_stress_grid_S0006,irrigation_positive_candidate,2015-07-23,204,41,36,"{""sim_day"": 41.0, ""doy"": 204.0, ""topwt"": 1008.943328857422, ""grnwt"": 0.0, ""xlai"": 0.9570207595825196, ""totir"": 20.0, ""tofer"": NaN, ""swfac"": 0.0, ""nstres"": 0.4840787053108215}",0.0,0.4840787053108215,1008.943328857422,0.0,0.9570207595825196,20.0,,0.0,0.0,20.0,0.0,8.207283020019531,16.20728302001953,Leave_One_experiments/all_year_offline_schedule_search/daily_outputs/YCA/YCA_2015_YCA2015_stress_grid_S0006_daily.csv
YCA,YCA,Yucheng,2015,Leave_One_experiments\wth_generated_qc\YCA\YCA2015.WTH,normal_year;water_stress_year;nitrogen_stress_year,water_stress,YCA2015_stress_grid_S0006,irrigation_positive_candidate,2015-07-24,205,42,37,"{""sim_day"": 42.0, ""doy"": 205.0, ""topwt"": 1072.9778289794922, ""grnwt"": 0.0, ""xlai"": 0.9671854376792908, ""totir"": 20.0, ""tofer"": NaN, ""swfac"": 0.0, ""nstres"": 0.4985892176628113}",0.0,0.4985892176628113,1072.9778289794922,0.0,0.9671854376792908,20.0,,0.0,0.0,20.0,0.0,8.207283020019531,16.20728302001953,Leave_One_experiments/all_year_offline_schedule_search/daily_outputs/YCA/YCA_2015_YCA2015_stress_grid_S0006_daily.csv
YCA,YCA,Yucheng,2015,Leave_One_experiments\wth_generated_qc\YCA\YCA2015.WTH,normal_year;water_stress_year;nitrogen_stress_year,water_stress,YCA2015_stress_grid_S0006,irrigation_positive_candidate,2015-07-25,206,43,38,"{""sim_day"": 43.0, ""doy"": 206.0, ""topwt"": 1144.5880126953125, ""grnwt"": 0.0, ""xlai"": 0.977938950061798, ""totir"": 20.0, ""tofer"": NaN, ""swfac"": 0.0, ""nstres"": 0.5118213891983032}",0.0,0.5118213891983032,1144.5880126953125,0.0,0.977938950061798,20.0,,0.0,0.0,20.0,0.0,8.207283020019531,16.20728302001953,Leave_One_experiments/all_year_offline_schedule_search/daily_outputs/YCA/YCA_2015_YCA2015_stress_grid_S0006_daily.csv
YCA,YCA,Yucheng,2015,Leave_One_experiments\wth_generated_qc\YCA\YCA2015.WTH,normal_year;water_stress_year;nitrogen_stress_year,water_stress,YCA2015_stress_grid_S0006,irrigation_positive_candidate,2015-07-26,207,44,39,"{""sim_day"": 44.0, ""doy"": 207.0, ""topwt"": 1221.7233276367188, ""grnwt"": 0.0, ""xlai"": 0.9876319169998168, ""totir"": 20.0, ""tofer"": NaN, ""swfac"": 0.0, ""nstres"": 0.5195765495300293}",0.0,0.5195765495300293,1221.7233276367188,0.0,0.9876319169998168,20.0,,0.0,0.0,20.0,0.0,8.207283020019531,16.20728302001953,Leave_One_experiments/all_year_offline_schedule_search/daily_outputs/YCA/YCA_2015_YCA2015_stress_grid_S0006_daily.csv
YCA,YCA,Yucheng,2015,Leave_One_experiments\wth_generated_qc\YCA\YCA2015.WTH,normal_year;water_stress_year;nitrogen_stress_year,water_stress,YCA2015_stress_grid_S0006,irrigation_positive_candidate,2015-07-27,208,45,40,"{""sim_day"": 45.0, ""doy"": 208.0, ""topwt"": 1303.9859008789062, ""grnwt"": 0.0, ""xlai"": 0.995847225189209, ""totir"": 20.0, ""tofer"": NaN, ""swfac"": 0.0, ""nstres"": 0.5266115665435791}",0.0,0.5266115665435791,1303.9859008789062,0.0,0.995847225189209,20.0,,0.0,0.0,20.0,0.0,8.207283020019531,16.20728302001953,Leave_One_experiments/all_year_offline_schedule_search/daily_outputs/YCA/YCA_2015_YCA2015_stress_grid_S0006_daily.csv
YCA,YCA,Yucheng,2015,Leave_One_experiments\wth_generated_qc\YCA\YCA2015.WTH,normal_year;water_stress_year;nitrogen_stress_year,water_stress,YCA2015_stress_grid_S0006,irrigation_positive_candidate,2015-07-28,209,46,41,"{""sim_day"": 46.0, ""doy"": 209.0, ""topwt"": 1390.703125, ""grnwt"": 0.0, ""xlai"": 1.0021525621414185, ""totir"": 20.0, ""tofer"": NaN, ""swfac"": 0.0, ""nstres"": 0.5308520197868347}",0.0,0.5308520197868347,1390.703125,0.0,1.0021525621414185,20.0,,0.0,0.0,20.0,0.0,8.207283020019531,16.20728302001953,Leave_One_experiments/all_year_offline_schedule_search/daily_outputs/YCA/YCA_2015_YCA2015_stress_grid_S0006_daily.csv
YCA,YCA,Yucheng,2015,Leave_One_experiments\wth_generated_qc\YCA\YCA2015.WTH,normal_year;water_stress_year;nitrogen_stress_year,water_stress,YCA2015_stress_grid_S0006,irrigation_positive_candidate,2015-07-29,210,47,42,"{""sim_day"": 47.0, ""doy"": 210.0, ""topwt"": 1457.0556640625, ""grnwt"": 0.0, ""xlai"": 0.9948042631149292, ""totir"": 20.0, ""tofer"": NaN, ""swfac"": 0.0, ""nstres"": 0.5365663766860962}",0.0,0.5365663766860962,1457.0556640625,0.0,0.9948042631149292,20.0,,0.0,0.0,20.0,0.0,8.207283020019531,16.20728302001953,Leave_One_experiments/all_year_offline_schedule_search/daily_outputs/YCA/YCA_2015_YCA2015_stress_grid_S0006_daily.csv
YCA,YCA,Yucheng,2015,Leave_One_experiments\wth_generated_qc\YCA\YCA2015.WTH,normal_year;water_stress_year;nitrogen_stress_year,water_stress,YCA2015_stress_grid_S0006,irrigation_positive_candidate,2015-07-30,211,48,43,"{""sim_day"": 48.0, ""doy"": 211.0, ""topwt"": 1511.9720458984375, ""grnwt"": 0.0, ""xlai"": 0.9802154302597046, ""totir"": 20.0, ""tofer"": NaN, ""swfac"": 0.0, ""nstres"": 0.543668270111084}",0.0,0.543668270111084,1511.9720458984375,0.0,0.9802154302597046,20.0,,0.0,0.0,20.0,0.0,8.207283020019531,16.20728302001953,Leave_One_experiments/all_year_offline_schedule_search/daily_outputs/YCA/YCA_2015_YCA2015_stress_grid_S0006_daily.csv
YCA,YCA,Yucheng,2015,Leave_One_experiments\wth_generated_qc\YCA\YCA2015.WTH,normal_year;water_stress_year;nitrogen_stress_year,water_stress,YCA2015_stress_grid_S0006,irrigation_positive_candidate,2015-07-31,212,49,44,"{""sim_day"": 49.0, ""doy"": 212.0, ""topwt"": 1571.9764709472656, ""grnwt"": 0.0, ""xlai"": 0.9791144132614136, ""totir"": 20.0, ""tofer"": NaN, ""swfac"": 0.0, ""nstres"": 0.5401905179023743}",0.0,0.5401905179023743,1571.9764709472656,0.0,0.9791144132614136,20.0,,0.0,0.0,20.0,0.0,8.207283020019531,16.20728302001953,Leave_One_experiments/all_year_offline_schedule_search/daily_outputs/YCA/YCA_2015_YCA2015_stress_grid_S0006_daily.csv
YCA,YCA,Yucheng,2015,Leave_One_experiments\wth_generated_qc\YCA\YCA2015.WTH,normal_year;water_stress_year;nitrogen_stress_year,water_stress,YCA2015_stress_grid_S0006,irrigation_positive_candidate,2015-08-01,213,50,45,"{""sim_day"": 50.0, ""doy"": 213.0, ""topwt"": 1657.4087524414062, ""grnwt"": 0.0, ""xlai"": 0.9784598350524902, ""totir"": 20.0, ""tofer"": NaN, ""swfac"": 0.0, ""nstres"": 0.5321682691574097}",0.0,0.5321682691574097,1657.4087524414062,0.0,0.9784598350524902,20.0,,0.0,0.0,20.0,0.0,8.207283020019531,16.20728302001953,Leave_One_experiments/all_year_offline_schedule_search/daily_outputs/YCA/YCA_2015_YCA2015_stress_grid_S0006_daily.csv
YCA,YCA,Yucheng,2015,Leave_One_experiments\wth_generated_qc\YCA\YCA2015.WTH,normal_year;water_stress_year;nitrogen_stress_year,water_stress,YCA2015_stress_grid_S0006,irrigation_positive_candidate,2015-08-02,214,51,46,"{""sim_day"": 51.0, ""doy"": 214.0, ""topwt"": 1682.6496887207031, ""grnwt"": 0.0, ""xlai"": 0.94990336894989, ""totir"": 20.0, ""tofer"": NaN, ""swfac"": 0.0, ""nstres"": 0.5278649926185608}",0.0,0.5278649926185608,1682.6496887207031,0.0,0.94990336894989,20.0,,0.0,0.0,20.0,0.0,8.207283020019531,16.20728302001953,Leave_One_experiments/all_year_offline_schedule_search/daily_outputs/YCA/YCA_2015_YCA2015_stress_grid_S0006_daily.csv
YCA,YCA,Yucheng,2015,Leave_One_experiments\wth_generated_qc\YCA\YCA2015.WTH,normal_year;water_stress_year;nitrogen_stress_year,water_stress,YCA2015_stress_grid_S0006,irrigation_positive_candidate,2015-08-03,215,52,47,"{""sim_day"": 52.0, ""doy"": 215.0, ""topwt"": 1735.3294372558594, ""grnwt"": 0.0, ""xlai"": 0.9307363033294678, ""totir"": 20.0, ""tofer"": NaN, ""swfac"": 0.0, ""nstres"": 0.5289096832275391}",0.0,0.5289096832275391,1735.3294372558594,0.0,0.9307363033294678,20.0,,0.0,0.0,20.0,0.0,8.207283020019531,16.20728302001953,Leave_One_experiments/all_year_offline_schedule_search/daily_outputs/YCA/YCA_2015_YCA2015_stress_grid_S0006_daily.csv
YCA,YCA,Yucheng,2015,Leave_One_experiments\wth_generated_qc\YCA\YCA2015.WTH,normal_year;water_stress_year;nitrogen_stress_year,water_stress,YCA2015_stress_grid_S0006,irrigation_positive_candidate,2015-08-04,216,53,48,"{""sim_day"": 53.0, ""doy"": 216.0, ""topwt"": 1780.2012634277344, ""grnwt"": 0.0, ""xlai"": 0.9090452194213868, ""totir"": 20.0, ""tofer"": NaN, ""swfac"": 0.0, ""nstres"": 0.5117600560188293}",0.0,0.5117600560188293,1780.2012634277344,0.0,0.9090452194213868,20.0,,0.0,0.0,20.0,0.0,8.207283020019531,16.20728302001953,Leave_One_experiments/all_year_offline_schedule_search/daily_outputs/YCA/YCA_2015_YCA2015_stress_grid_S0006_daily.csv
YCA,YCA,Yucheng,2015,Leave_One_experiments\wth_generated_qc\YCA\YCA2015.WTH,normal_year;water_stress_year;nitrogen_stress_year,water_stress,YCA2015_stress_grid_S0006,irrigation_positive_candidate,2015-08-05,217,54,49,"{""sim_day"": 54.0, ""doy"": 217.0, ""topwt"": 1853.1932067871091, ""grnwt"": 0.0, ""xlai"": 0.8954105377197266, ""totir"": 20.0, ""tofer"": NaN, ""swfac"": 0.0, ""nstres"": 0.5098137855529785}",0.0,0.5098137855529785,1853.1932067871091,0.0,0.8954105377197266,20.0,,0.0,0.0,20.0,0.0,8.207283020019531,16.20728302001953,Leave_One_experiments/all_year_offline_schedule_search/daily_outputs/YCA/YCA_2015_YCA2015_stress_grid_S0006_daily.csv
YCA,YCA,Yucheng,2015,Leave_One_experiments\wth_generated_qc\YCA\YCA2015.WTH,normal_year;water_stress_year;nitrogen_stress_year,water_stress,YCA2015_stress_grid_S0006,irrigation_positive_candidate,2015-08-06,218,55,50,"{""sim_day"": 55.0, ""doy"": 218.0, ""topwt"": 1938.7545776367188, ""grnwt"": 0.0, ""xlai"": 0.8846267461776733, ""totir"": 20.0, ""tofer"": NaN, ""swfac"": 0.0, ""nstres"": 0.50323885679245}",0.0,0.50323885679245,1938.7545776367188,0.0,0.8846267461776733,20.0,,0.0,0.0,20.0,0.0,8.207283020019531,16.20728302001953,Leave_One_experiments/all_year_offline_schedule_search/daily_outputs/YCA/YCA_2015_YCA2015_stress_grid_S0006_daily.csv
YCA,YCA,Yucheng,2015,Leave_One_experiments\wth_generated_qc\YCA\YCA2015.WTH,normal_year;water_stress_year;nitrogen_stress_year,water_stress,YCA2015_stress_grid_S0006,irrigation_positive_candidate,2015-08-07,219,56,51,"{""sim_day"": 56.0, ""doy"": 219.0, ""topwt"": 2026.991271972656, ""grnwt"": 0.0, ""xlai"": 0.873347818851471, ""totir"": 20.0, ""tofer"": NaN, ""swfac"": 0.0, ""nstres"": 0.5115983486175537}",0.0,0.5115983486175537,2026.991271972656,0.0,0.873347818851471,20.0,,0.0,0.0,20.0,0.0,8.207283020019531,16.20728302001953,Leave_One_experiments/all_year_offline_schedule_search/daily_outputs/YCA/YCA_2015_YCA2015_stress_grid_S0006_daily.csv
YCA,YCA,Yucheng,2015,Leave_One_experiments\wth_generated_qc\YCA\YCA2015.WTH,normal_year;water_stress_year;nitrogen_stress_year,water_stress,YCA2015_stress_grid_S0006,irrigation_positive_candidate,2015-08-08,220,57,52,"{""sim_day"": 57.0, ""doy"": 220.0, ""topwt"": 2117.56591796875, ""grnwt"": 0.0, ""xlai"": 0.8627902865409851, ""totir"": 20.0, ""tofer"": NaN, ""swfac"": 0.0, ""nstres"": 0.5192692875862122}",0.0,0.5192692875862122,2117.56591796875,0.0,0.8627902865409851,20.0,,0.0,0.0,20.0,0.0,8.207283020019531,16.20728302001953,Leave_One_experiments/all_year_offline_schedule_search/daily_outputs/YCA/YCA_2015_YCA2015_stress_grid_S0006_daily.csv
YCA,YCA,Yucheng,2015,Leave_One_experiments\wth_generated_qc\YCA\YCA2015.WTH,normal_year;water_stress_year;nitrogen_stress_year,water_stress,YCA2015_stress_grid_S0006,irrigation_positive_candidate,2015-08-09,221,58,53,"{""sim_day"": 58.0, ""doy"": 221.0, ""topwt"": 2207.72216796875, ""grnwt"": 0.0, ""xlai"": 0.8524301648139954, ""totir"": 20.0, ""tofer"": NaN, ""swfac"": 0.0, ""nstres"": 0.5214874148368835}",0.0,0.5214874148368835,2207.72216796875,0.0,0.8524301648139954,20.0,,0.0,0.0,20.0,0.0,8.207283020019531,16.20728302001953,Leave_One_experiments/all_year_offline_schedule_search/daily_outputs/YCA/YCA_2015_YCA2015_stress_grid_S0006_daily.csv
YCA,YCA,Yucheng,2015,Leave_One_experiments\wth_generated_qc\YCA\YCA2015.WTH,normal_year;water_stress_year;nitrogen_stress_year,water_stress,YCA2015_stress_grid_S0006,irrigation_positive_candidate,2015-08-10,222,59,54,"{""sim_day"": 59.0, ""doy"": 222.0, ""topwt"": 2282.3825073242188, ""grnwt"": 0.0, ""xlai"": 0.838522732257843, ""totir"": 20.0, ""tofer"": NaN, ""swfac"": 0.0, ""nstres"": 0.5207579731941223}",0.0,0.5207579731941223,2282.3825073242188,0.0,0.838522732257843,20.0,,0.0,0.0,20.0,0.0,8.207283020019531,16.20728302001953,Leave_One_experiments/all_year_offline_schedule_search/daily_outputs/YCA/YCA_2015_YCA2015_stress_grid_S0006_daily.csv
YCA,YCA,Yucheng,2015,Leave_One_experiments\wth_generated_qc\YCA\YCA2015.WTH,normal_year;water_stress_year;nitrogen_stress_year,water_stress,YCA2015_stress_grid_S0006,irrigation_positive_candidate,2015-08-11,223,60,55,"{""sim_day"": 60.0, ""doy"": 223.0, ""topwt"": 2370.951690673828, ""grnwt"": 0.0, ""xlai"": 0.8288336992263794, ""totir"": 20.0, ""tofer"": NaN, ""swfac"": 0.0, ""nstres"": 0.5165692567825317}",0.0,0.5165692567825317,2370.951690673828,0.0,0.8288336992263794,20.0,,0.0,0.0,20.0,0.0,8.207283020019531,16.20728302001953,Leave_One_experiments/all_year_offline_schedule_search/daily_outputs/YCA/YCA_2015_YCA2015_stress_grid_S0006_daily.csv
YCA,YCA,Yucheng,2015,Leave_One_experiments\wth_generated_qc\YCA\YCA2015.WTH,normal_year;water_stress_year;nitrogen_stress_year,water_stress,YCA2015_stress_grid_S0006,irrigation_positive_candidate,2015-08-12,224,61,56,"{""sim_day"": 61.0, ""doy"": 224.0, ""topwt"": 2459.86083984375, ""grnwt"": 0.0, ""xlai"": 0.8198397159576416, ""totir"": 20.0, ""tofer"": NaN, ""swfac"": 0.0, ""nstres"": 0.509376049041748}",0.0,0.509376049041748,2459.86083984375,0.0,0.8198397159576416,20.0,,0.0,0.0,20.0,0.0,8.207283020019531,16.20728302001953,Leave_One_experiments/all_year_offline_schedule_search/daily_outputs/YCA/YCA_2015_YCA2015_stress_grid_S0006_daily.csv
YCA,YCA,Yucheng,2015,Leave_One_experiments\wth_generated_qc\YCA\YCA2015.WTH,normal_year;water_stress_year;nitrogen_stress_year,water_stress,YCA2015_stress_grid_S0006,irrigation_positive_candidate,2015-08-13,225,62,57,"{""sim_day"": 62.0, ""doy"": 225.0, ""topwt"": 2513.7425231933594, ""grnwt"": 0.0, ""xlai"": 0.7891059517860413, ""totir"": 20.0, ""tofer"": NaN, ""swfac"": 0.0, ""nstres"": 0.4997020363807678}",0.0,0.4997020363807678,2513.7425231933594,0.0,0.7891059517860413,20.0,,0.0,0.0,20.0,0.0,8.207283020019531,16.20728302001953,Leave_One_experiments/all_year_offline_schedule_search/daily_outputs/YCA/YCA_2015_YCA2015_stress_grid_S0006_daily.csv
YCA,YCA,Yucheng,2015,Leave_One_experiments\wth_generated_qc\YCA\YCA2015.WTH,normal_year;water_stress_year;nitrogen_stress_year,water_stress,YCA2015_stress_grid_S0006,irrigation_positive_candidate,2015-08-14,226,63,58,"{""sim_day"": 63.0, ""doy"": 226.0, ""topwt"": 2581.2545776367188, ""grnwt"": 0.0, ""xlai"": 0.7601478099822998, ""totir"": 20.0, ""tofer"": NaN, ""swfac"": 0.0, ""nstres"": 0.4807363152503967}",0.0,0.4807363152503967,2581.2545776367188,0.0,0.7601478099822998,20.0,,0.0,0.0,20.0,0.0,8.207283020019531,16.20728302001953,Leave_One_experiments/all_year_offline_schedule_search/daily_outputs/YCA/YCA_2015_YCA2015_stress_grid_S0006_daily.csv
YCA,YCA,Yucheng,2015,Leave_One_experiments\wth_generated_qc\YCA\YCA2015.WTH,normal_year;water_stress_year;nitrogen_stress_year,water_stress,YCA2015_stress_grid_S0006,irrigation_positive_candidate,2015-08-15,227,64,59,"{""sim_day"": 64.0, ""doy"": 227.0, ""topwt"": 2651.1703491210938, ""grnwt"": 0.0, ""xlai"": 0.7326619625091553, ""totir"": 20.0, ""tofer"": NaN, ""swfac"": 0.0, ""nstres"": 0.4678068161010742}",0.0,0.4678068161010742,2651.1703491210938,0.0,0.7326619625091553,20.0,,0.0,0.0,20.0,0.0,8.207283020019531,16.20728302001953,Leave_One_experiments/all_year_offline_schedule_search/daily_outputs/YCA/YCA_2015_YCA2015_stress_grid_S0006_daily.csv
YCA,YCA,Yucheng,2015,Leave_One_experiments\wth_generated_qc\YCA\YCA2015.WTH,normal_year;water_stress_year;nitrogen_stress_year,water_stress,YCA2015_stress_grid_S0006,irrigation_positive_candidate,2015-08-16,228,65,60,"{""sim_day"": 65.0, ""doy"": 228.0, ""topwt"": 2686.2847900390625, ""grnwt"": 0.0, ""xlai"": 0.7064501047134399, ""totir"": 20.0, ""tofer"": NaN, ""swfac"": 0.0, ""nstres"": 0.4586263298988342}",0.0,0.4586263298988342,2686.2847900390625,0.0,0.7064501047134399,20.0,,0.0,0.0,20.0,0.0,8.207283020019531,16.20728302001953,Leave_One_experiments/all_year_offline_schedule_search/daily_outputs/YCA/YCA_2015_YCA2015_stress_grid_S0006_daily.csv
YCA,YCA,Yucheng,2015,Leave_One_experiments\wth_generated_qc\YCA\YCA2015.WTH,normal_year;water_stress_year;nitrogen_stress_year,water_stress,YCA2015_stress_grid_S0006,irrigation_positive_candidate,2015-08-17,229,66,61,"{""sim_day"": 66.0, ""doy"": 229.0, ""topwt"": 2723.985290527344, ""grnwt"": 0.0, ""xlai"": 0.6814829707145691, ""totir"": 20.0, ""tofer"": NaN, ""swfac"": 0.0, ""nstres"": 0.4482027888298034}",0.0,0.4482027888298034,2723.985290527344,0.0,0.6814829707145691,20.0,,0.0,0.0,20.0,0.0,8.207283020019531,16.20728302001953,Leave_One_experiments/all_year_offline_schedule_search/daily_outputs/YCA/YCA_2015_YCA2015_stress_grid_S0006_daily.csv
YCA,YCA,Yucheng,2015,Leave_One_experiments\wth_generated_qc\YCA\YCA2015.WTH,normal_year;water_stress_year;nitrogen_stress_year,water_stress,YCA2015_stress_grid_S0006,irrigation_positive_candidate,2015-08-18,230,67,62,"{""sim_day"": 67.0, ""doy"": 230.0, ""topwt"": 2744.7872924804688, ""grnwt"": 0.0, ""xlai"": 0.6579053997993469, ""totir"": 20.0, ""tofer"": NaN, ""swfac"": 0.0, ""nstres"": 0.4303369522094726}",0.0,0.4303369522094726,2744.7872924804688,0.0,0.6579053997993469,20.0,,0.0,0.0,20.0,0.0,8.207283020019531,16.20728302001953,Leave_One_experiments/all_year_offline_schedule_search/daily_outputs/YCA/YCA_2015_YCA2015_stress_grid_S0006_daily.csv
YCA,YCA,Yucheng,2015,Leave_One_experiments\wth_generated_qc\YCA\YCA2015.WTH,normal_year;water_stress_year;nitrogen_stress_year,water_stress,YCA2015_stress_grid_S0006,irrigation_positive_candidate,2015-08-19,231,68,63,"{""sim_day"": 68.0, ""doy"": 231.0, ""topwt"": 2791.7721557617188, ""grnwt"": 0.0, ""xlai"": 0.635608971118927, ""totir"": 20.0, ""tofer"": NaN, ""swfac"": 0.0, ""nstres"": 0.4133587479591369}",0.0,0.4133587479591369,2791.7721557617188,0.0,0.635608971118927,20.0,,0.0,0.0,20.0,0.0,8.207283020019531,16.20728302001953,Leave_One_experiments/all_year_offline_schedule_search/daily_outputs/YCA/YCA_2015_YCA2015_stress_grid_S0006_daily.csv
YCA,YCA,Yucheng,2015,Leave_One_experiments\wth_generated_qc\YCA\YCA2015.WTH,normal_year;water_stress_year;nitrogen_stress_year,water_stress,YCA2015_stress_grid_S0006,irrigation_positive_candidate,2015-08-20,232,69,64,"{""sim_day"": 69.0, ""doy"": 232.0, ""topwt"": 2853.4341430664062, ""grnwt"": 0.0, ""xlai"": 0.6146596074104309, ""totir"": 20.0, ""tofer"": NaN, ""swfac"": 0.0, ""nstres"": 0.3910291194915771}",0.0,0.3910291194915771,2853.4341430664062,0.0,0.6146596074104309,20.0,,0.0,0.0,20.0,0.0,8.207283020019531,16.20728302001953,Leave_One_experiments/all_year_offline_schedule_search/daily_outputs/YCA/YCA_2015_YCA2015_stress_grid_S0006_daily.csv
YCA,YCA,Yucheng,2015,Leave_One_experiments\wth_generated_qc\YCA\YCA2015.WTH,normal_year;water_stress_year;nitrogen_stress_year,water_stress,YCA2015_stress_grid_S0006,irrigation_positive_candidate,2015-08-21,233,70,65,"{""sim_day"": 70.0, ""doy"": 233.0, ""topwt"": 2885.44677734375, ""grnwt"": 0.0, ""xlai"": 0.5948256254196167, ""totir"": 20.0, ""tofer"": NaN, ""swfac"": 0.0, ""nstres"": 0.3744363188743591}",0.0,0.3744363188743591,2885.44677734375,0.0,0.5948256254196167,20.0,,0.0,0.0,20.0,0.0,8.207283020019531,16.20728302001953,Leave_One_experiments/all_year_offline_schedule_search/daily_outputs/YCA/YCA_2015_YCA2015_stress_grid_S0006_daily.csv
YCA,YCA,Yucheng,2015,Leave_One_experiments\wth_generated_qc\YCA\YCA2015.WTH,normal_year;water_stress_year;nitrogen_stress_year,water_stress,YCA2015_stress_grid_S0006,irrigation_positive_candidate,2015-08-22,234,71,66,"{""sim_day"": 71.0, ""doy"": 234.0, ""topwt"": 2975.5685424804688, ""grnwt"": 90.12188911437988, ""xlai"": 0.5759337544441223, ""totir"": 20.0, ""tofer"": NaN, ""swfac"": 0.0, ""nstres"": 0.362248957157135}",0.0,0.362248957157135,2975.5685424804688,90.12188911437988,0.5759337544441223,20.0,,0.0,0.0,20.0,0.0,8.207283020019531,16.20728302001953,Leave_One_experiments/all_year_offline_schedule_search/daily_outputs/YCA/YCA_2015_YCA2015_stress_grid_S0006_daily.csv
YCA,YCA,Yucheng,2015,Leave_One_experiments\wth_generated_qc\YCA\YCA2015.WTH,normal_year;water_stress_year;nitrogen_stress_year,water_stress,YCA2015_stress_grid_S0006,irrigation_positive_candidate,2015-08-23,235,72,67,"{""sim_day"": 72.0, ""doy"": 235.0, ""topwt"": 3026.468811035156, ""grnwt"": 141.02205276489258, ""xlai"": 0.5572423934936523, ""totir"": 20.0, ""tofer"": NaN, ""swfac"": 0.0, ""nstres"": 0.3788962364196777}",0.0,0.3788962364196777,3026.468811035156,141.02205276489258,0.5572423934936523,20.0,,0.0,0.0,20.0,0.0,8.207283020019531,16.20728302001953,Leave_One_experiments/all_year_offline_schedule_search/daily_outputs/YCA/YCA_2015_YCA2015_stress_grid_S0006_daily.csv
YCA,YCA,Yucheng,2015,Leave_One_experiments\wth_generated_qc\YCA\YCA2015.WTH,normal_year;water_stress_year;nitrogen_stress_year,water_stress,YCA2015_stress_grid_S0006,irrigation_positive_candidate,2015-08-24,236,73,68,"{""sim_day"": 73.0, ""doy"": 236.0, ""topwt"": 3077.369079589844, ""grnwt"": 191.92222595214844, ""xlai"": 0.539347231388092, ""totir"": 20.0, ""tofer"": NaN, ""swfac"": 0.0, ""nstres"": 0.3707305192947387}",0.0,0.3707305192947387,3077.369079589844,191.92222595214844,0.539347231388092,20.0,,0.0,0.0,20.0,0.0,8.207283020019531,16.20728302001953,Leave_One_experiments/all_year_offline_schedule_search/daily_outputs/YCA/YCA_2015_YCA2015_stress_grid_S0006_daily.csv
YCA,YCA,Yucheng,2015,Leave_One_experiments\wth_generated_qc\YCA\YCA2015.WTH,normal_year;water_stress_year;nitrogen_stress_year,water_stress,YCA2015_stress_grid_S0006,irrigation_positive_candidate,2015-08-25,237,74,69,"{""sim_day"": 74.0, ""doy"": 237.0, ""topwt"": 3128.26904296875, ""grnwt"": 242.8223991394043, ""xlai"": 0.5222188234329224, ""totir"": 20.0, ""tofer"": NaN, ""swfac"": 0.0, ""nstres"": 0.3621854186058044}",0.0,0.3621854186058044,3128.26904296875,242.8223991394043,0.5222188234329224,20.0,,0.0,0.0,20.0,0.0,8.207283020019531,16.20728302001953,Leave_One_experiments/all_year_offline_schedule_search/daily_outputs/YCA/YCA_2015_YCA2015_stress_grid_S0006_daily.csv
YCA,YCA,Yucheng,2015,Leave_One_experiments\wth_generated_qc\YCA\YCA2015.WTH,normal_year;water_stress_year;nitrogen_stress_year,water_stress,YCA2015_stress_grid_S0006,irrigation_positive_candidate,2015-08-26,238,75,70,"{""sim_day"": 75.0, ""doy"": 238.0, ""topwt"": 3179.1696166992188, ""grnwt"": 293.7225532531738, ""xlai"": 0.5058138966560364, ""totir"": 20.0, ""tofer"": NaN, ""swfac"": 0.0, ""nstres"": 0.3539328575134277}",0.0,0.3539328575134277,3179.1696166992188,293.7225532531738,0.5058138966560364,20.0,,0.0,0.0,20.0,0.0,8.207283020019531,16.20728302001953,Leave_One_experiments/all_year_offline_schedule_search/daily_outputs/YCA/YCA_2015_YCA2015_stress_grid_S0006_daily.csv
YCA,YCA,Yucheng,2015,Leave_One_experiments\wth_generated_qc\YCA\YCA2015.WTH,normal_year;water_stress_year;nitrogen_stress_year,water_stress,YCA2015_stress_grid_S0006,irrigation_positive_candidate,2015-08-27,239,76,71,"{""sim_day"": 76.0, ""doy"": 239.0, ""topwt"": 3230.069580078125, ""grnwt"": 344.62268829345703, ""xlai"": 0.4901005625724792, ""totir"": 20.0, ""tofer"": NaN, ""swfac"": 0.0, ""nstres"": 0.3455713391304016}",0.0,0.3455713391304016,3230.069580078125,344.62268829345703,0.4901005625724792,20.0,,0.0,0.0,20.0,0.0,8.207283020019531,16.20728302001953,Leave_One_experiments/all_year_offline_schedule_search/daily_outputs/YCA/YCA_2015_YCA2015_stress_grid_S0006_daily.csv
YCA,YCA,Yucheng,2015,Leave_One_experiments\wth_generated_qc\YCA\YCA2015.WTH,normal_year;water_stress_year;nitrogen_stress_year,water_stress,YCA2015_stress_grid_S0006,irrigation_positive_candidate,2015-08-28,240,77,72,"{""sim_day"": 77.0, ""doy"": 240.0, ""topwt"": 3280.9695434570312, ""grnwt"": 395.52284240722656, ""xlai"": 0.4750209748744964, ""totir"": 20.0, ""tofer"": NaN, ""swfac"": 0.0, ""nstres"": 0.3384446501731872}",0.0,0.3384446501731872,3280.9695434570312,395.52284240722656,0.4750209748744964,20.0,,0.0,0.0,20.0,0.0,8.207283020019531,16.20728302001953,Leave_One_experiments/all_year_offline_schedule_search/daily_outputs/YCA/YCA_2015_YCA2015_stress_grid_S0006_daily.csv
YCA,YCA,Yucheng,2015,Leave_One_experiments\wth_generated_qc\YCA\YCA2015.WTH,normal_year;water_stress_year;nitrogen_stress_year,water_stress,YCA2015_stress_grid_S0006,irrigation_positive_candidate,2015-08-29,241,78,73,"{""sim_day"": 78.0, ""doy"": 241.0, ""topwt"": 3331.8698120117188, ""grnwt"": 446.4229965209961, ""xlai"": 0.4605268836021423, ""totir"": 20.0, ""tofer"": NaN, ""swfac"": 0.0, ""nstres"": 0.3322969079017639}",0.0,0.3322969079017639,3331.8698120117188,446.4229965209961,0.4605268836021423,20.0,,0.0,0.0,20.0,0.0,8.207283020019531,16.20728302001953,Leave_One_experiments/all_year_offline_schedule_search/daily_outputs/YCA/YCA_2015_YCA2015_stress_grid_S0006_daily.csv
YCA,YCA,Yucheng,2015,Leave_One_experiments\wth_generated_qc\YCA\YCA2015.WTH,normal_year;water_stress_year;nitrogen_stress_year,water_stress,YCA2015_stress_grid_S0006,irrigation_positive_candidate,2015-08-30,242,79,74,"{""sim_day"": 79.0, ""doy"": 242.0, ""topwt"": 3356.323547363281, ""grnwt"": 497.3231506347656, ""xlai"": 0.4465977847576141, ""totir"": 20.0, ""tofer"": NaN, ""swfac"": 0.0, ""nstres"": 0.3259053826332092}",0.0,0.3259053826332092,3356.323547363281,497.3231506347656,0.4465977847576141,20.0,,0.0,0.0,20.0,0.0,8.207283020019531,16.20728302001953,Leave_One_experiments/all_year_offline_schedule_search/daily_outputs/YCA/YCA_2015_YCA2015_stress_grid_S0006_daily.csv
YCA,YCA,Yucheng,2015,Leave_One_experiments\wth_generated_qc\YCA\YCA2015.WTH,normal_year;water_stress_year;nitrogen_stress_year,water_stress,YCA2015_stress_grid_S0006,irrigation_positive_candidate,2015-08-31,243,80,75,"{""sim_day"": 80.0, ""doy"": 243.0, ""topwt"": 3397.0095825195312, ""grnwt"": 548.2233428955078, ""xlai"": 0.4331961870193481, ""totir"": 20.0, ""tofer"": NaN, ""swfac"": 0.0, ""nstres"": 0.3201949000358581}",0.0,0.3201949000358581,3397.0095825195312,548.2233428955078,0.4331961870193481,20.0,,0.0,0.0,20.0,0.0,8.207283020019531,16.20728302001953,Leave_One_experiments/all_year_offline_schedule_search/daily_outputs/YCA/YCA_2015_YCA2015_stress_grid_S0006_daily.csv
YCA,YCA,Yucheng,2015,Leave_One_experiments\wth_generated_qc\YCA\YCA2015.WTH,normal_year;water_stress_year;nitrogen_stress_year,water_stress,YCA2015_stress_grid_S0006,irrigation_positive_candidate,2015-09-01,244,81,76,"{""sim_day"": 81.0, ""doy"": 244.0, ""topwt"": 3448.543701171875, ""grnwt"": 599.1234970092773, ""xlai"": 0.4204863607883453, ""totir"": 20.0, ""tofer"": NaN, ""swfac"": 0.0, ""nstres"": 0.3041480779647827}",0.0,0.3041480779647827,3448.543701171875,599.1234970092773,0.4204863607883453,20.0,,0.0,0.0,20.0,0.0,8.207283020019531,16.20728302001953,Leave_One_experiments/all_year_offline_schedule_search/daily_outputs/YCA/YCA_2015_YCA2015_stress_grid_S0006_daily.csv
YCA,YCA,Yucheng,2015,Leave_One_experiments\wth_generated_qc\YCA\YCA2015.WTH,normal_year;water_stress_year;nitrogen_stress_year,water_stress,YCA2015_stress_grid_S0006,irrigation_positive_candidate,2015-09-02,245,82,77,"{""sim_day"": 82.0, ""doy"": 245.0, ""topwt"": 3510.605773925781, ""grnwt"": 650.0236511230469, ""xlai"": 0.408301830291748, ""totir"": 20.0, ""tofer"": NaN, ""swfac"": 0.0, ""nstres"": 0.2954501509666443}",0.0,0.2954501509666443,3510.605773925781,650.0236511230469,0.408301830291748,20.0,,0.0,0.0,20.0,0.0,8.207283020019531,16.20728302001953,Leave_One_experiments/all_year_offline_schedule_search/daily_outputs/YCA/YCA_2015_YCA2015_stress_grid_S0006_daily.csv
YCA,YCA,Yucheng,2015,Leave_One_experiments\wth_generated_qc\YCA\YCA2015.WTH,normal_year;water_stress_year;nitrogen_stress_year,water_stress,YCA2015_stress_grid_S0006,irrigation_positive_candidate,2015-09-03,246,83,78,"{""sim_day"": 83.0, ""doy"": 246.0, ""topwt"": 3531.499328613281, ""grnwt"": 700.9238433837891, ""xlai"": 0.3965119123458862, ""totir"": 20.0, ""tofer"": NaN, ""swfac"": 0.0, ""nstres"": 0.2930113673210144}",0.0,0.2930113673210144,3531.499328613281,700.9238433837891,0.3965119123458862,20.0,,0.0,0.0,20.0,0.0,8.207283020019531,16.20728302001953,Leave_One_experiments/all_year_offline_schedule_search/daily_outputs/YCA/YCA_2015_YCA2015_stress_grid_S0006_daily.csv
YCA,YCA,Yucheng,2015,Leave_One_experiments\wth_generated_qc\YCA\YCA2015.WTH,normal_year;water_stress_year;nitrogen_stress_year,water_stress,YCA2015_stress_grid_S0006,irrigation_positive_candidate,2015-09-04,247,84,79,"{""sim_day"": 84.0, ""doy"": 247.0, ""topwt"": 3571.4376831054688, ""grnwt"": 751.8239593505859, ""xlai"": 0.3850408494472503, ""totir"": 20.0, ""tofer"": NaN, ""swfac"": 0.0, ""nstres"": 0.294315755367279}",0.0,0.294315755367279,3571.4376831054688,751.8239593505859,0.3850408494472503,20.0,,0.0,0.0,20.0,0.0,8.207283020019531,16.20728302001953,Leave_One_experiments/all_year_offline_schedule_search/daily_outputs/YCA/YCA_2015_YCA2015_stress_grid_S0006_daily.csv
YCA,YCA,Yucheng,2015,Leave_One_experiments\wth_generated_qc\YCA\YCA2015.WTH,normal_year;water_stress_year;nitrogen_stress_year,water_stress,YCA2015_stress_grid_S0006,irrigation_positive_candidate,2015-09-05,248,85,80,"{""sim_day"": 85.0, ""doy"": 248.0, ""topwt"": 3635.6521606445312, ""grnwt"": 802.7241516113281, ""xlai"": 0.3741697072982788, ""totir"": 20.0, ""tofer"": NaN, ""swfac"": 0.0, ""nstres"": 0.27760910987854}",0.0,0.27760910987854,3635.6521606445312,802.7241516113281,0.3741697072982788,20.0,,0.0,0.0,20.0,0.0,8.207283020019531,16.20728302001953,Leave_One_experiments/all_year_offline_schedule_search/daily_outputs/YCA/YCA_2015_YCA2015_stress_grid_S0006_daily.csv
YCA,YCA,Yucheng,2015,Leave_One_experiments\wth_generated_qc\YCA\YCA2015.WTH,normal_year;water_stress_year;nitrogen_stress_year,water_stress,YCA2015_stress_grid_S0006,irrigation_positive_candidate,2015-09-06,249,86,81,"{""sim_day"": 86.0, ""doy"": 249.0, ""topwt"": 3699.339904785156, ""grnwt"": 853.624267578125, ""xlai"": 0.3636811077594757, ""totir"": 20.0, ""tofer"": NaN, ""swfac"": 0.0, ""nstres"": 0.2727615237236023}",0.0,0.2727615237236023,3699.339904785156,853.624267578125,0.3636811077594757,20.0,,0.0,0.0,20.0,0.0,8.207283020019531,16.20728302001953,Leave_One_experiments/all_year_offline_schedule_search/daily_outputs/YCA/YCA_2015_YCA2015_stress_grid_S0006_daily.csv
YCA,YCA,Yucheng,2015,Leave_One_experiments\wth_generated_qc\YCA\YCA2015.WTH,normal_year;water_stress_year;nitrogen_stress_year,water_stress,YCA2015_stress_grid_S0006,irrigation_positive_candidate,2015-09-07,250,87,82,"{""sim_day"": 87.0, ""doy"": 250.0, ""topwt"": 3753.297729492188, ""grnwt"": 904.5244598388672, ""xlai"": 0.3534425497055053, ""totir"": 20.0, ""tofer"": NaN, ""swfac"": 0.0, ""nstres"": 0.2756568193435669}",0.0,0.2756568193435669,3753.297729492188,904.5244598388672,0.3534425497055053,20.0,,0.0,0.0,20.0,0.0,8.207283020019531,16.20728302001953,Leave_One_experiments/all_year_offline_schedule_search/daily_outputs/YCA/YCA_2015_YCA2015_stress_grid_S0006_daily.csv
YCA,YCA,Yucheng,2015,Leave_One_experiments\wth_generated_qc\YCA\YCA2015.WTH,normal_year;water_stress_year;nitrogen_stress_year,water_stress,YCA2015_stress_grid_S0006,irrigation_positive_candidate,2015-09-08,251,88,83,"{""sim_day"": 88.0, ""doy"": 251.0, ""topwt"": 3771.7837524414062, ""grnwt"": 955.424575805664, ""xlai"": 0.3434648811817169, ""totir"": 20.0, ""tofer"": NaN, ""swfac"": 0.0, ""nstres"": 0.277514636516571}",0.0,0.277514636516571,3771.7837524414062,955.424575805664,0.3434648811817169,20.0,,0.0,0.0,20.0,0.0,8.207283020019531,16.20728302001953,Leave_One_experiments/all_year_offline_schedule_search/daily_outputs/YCA/YCA_2015_YCA2015_stress_grid_S0006_daily.csv
YCA,YCA,Yucheng,2015,Leave_One_experiments\wth_generated_qc\YCA\YCA2015.WTH,normal_year;water_stress_year;nitrogen_stress_year,water_stress,YCA2015_stress_grid_S0006,irrigation_positive_candidate,2015-09-09,252,89,84,"{""sim_day"": 89.0, ""doy"": 252.0, ""topwt"": 3799.35546875, ""grnwt"": 1006.3247680664062, ""xlai"": 0.3337859511375427, ""totir"": 20.0, ""tofer"": NaN, ""swfac"": 0.0, ""nstres"": 0.2763230204582214}",0.0,0.2763230204582214,3799.35546875,1006.3247680664062,0.3337859511375427,20.0,,0.0,0.0,20.0,0.0,8.207283020019531,16.20728302001953,Leave_One_experiments/all_year_offline_schedule_search/daily_outputs/YCA/YCA_2015_YCA2015_stress_grid_S0006_daily.csv
YCA,YCA,Yucheng,2015,Leave_One_experiments\wth_generated_qc\YCA\YCA2015.WTH,normal_year;water_stress_year;nitrogen_stress_year,water_stress,YCA2015_stress_grid_S0006,irrigation_positive_candidate,2015-09-10,253,90,85,"{""sim_day"": 90.0, ""doy"": 253.0, ""topwt"": 3822.811279296875, ""grnwt"": 1057.2249603271484, ""xlai"": 0.3245607912540436, ""totir"": 20.0, ""tofer"": NaN, ""swfac"": 0.0, ""nstres"": 0.2633073329925537}",0.0,0.2633073329925537,3822.811279296875,1057.2249603271484,0.3245607912540436,20.0,,0.0,0.0,20.0,0.0,8.207283020019531,16.20728302001953,Leave_One_experiments/all_year_offline_schedule_search/daily_outputs/YCA/YCA_2015_YCA2015_stress_grid_S0006_daily.csv
YCA,YCA,Yucheng,2015,Leave_One_experiments\wth_generated_qc\YCA\YCA2015.WTH,normal_year;water_stress_year;nitrogen_stress_year,water_stress,YCA2015_stress_grid_S0006,irrigation_positive_candidate,2015-09-11,254,91,86,"{""sim_day"": 91.0, ""doy"": 254.0, ""topwt"": 3884.0911865234375, ""grnwt"": 1108.1251525878906, ""xlai"": 0.3157034814357757, ""totir"": 20.0, ""tofer"": NaN, ""swfac"": 0.0, ""nstres"": 0.254959762096405}",0.0,0.254959762096405,3884.0911865234375,1108.1251525878906,0.3157034814357757,20.0,,0.0,0.0,20.0,0.0,8.207283020019531,16.20728302001953,Leave_One_experiments/all_year_offline_schedule_search/daily_outputs/YCA/YCA_2015_YCA2015_stress_grid_S0006_daily.csv
YCA,YCA,Yucheng,2015,Leave_One_experiments\wth_generated_qc\YCA\YCA2015.WTH,normal_year;water_stress_year;nitrogen_stress_year,water_stress,YCA2015_stress_grid_S0006,irrigation_positive_candidate,2015-09-12,255,92,87,"{""sim_day"": 92.0, ""doy"": 255.0, ""topwt"": 3938.3956909179688, ""grnwt"": 1159.025421142578, ""xlai"": 0.3071998357772827, ""totir"": 20.0, ""tofer"": NaN, ""swfac"": 0.0, ""nstres"": 0.2464539408683776}",0.0,0.2464539408683776,3938.3956909179688,1159.025421142578,0.3071998357772827,20.0,,0.0,0.0,20.0,0.0,8.207283020019531,16.20728302001953,Leave_One_experiments/all_year_offline_schedule_search/daily_outputs/YCA/YCA_2015_YCA2015_stress_grid_S0006_daily.csv
YCA,YCA,Yucheng,2015,Leave_One_experiments\wth_generated_qc\YCA\YCA2015.WTH,normal_year;water_stress_year;nitrogen_stress_year,water_stress,YCA2015_stress_grid_S0006,irrigation_positive_candidate,2015-09-13,256,93,88,"{""sim_day"": 93.0, ""doy"": 256.0, ""topwt"": 3990.5169677734375, ""grnwt"": 1209.9256134033203, ""xlai"": 0.2987816333770752, ""totir"": 20.0, ""tofer"": NaN, ""swfac"": 0.0, ""nstres"": 0.2576742768287658}",0.0,0.2576742768287658,3990.5169677734375,1209.9256134033203,0.2987816333770752,20.0,,0.0,0.0,20.0,0.0,8.207283020019531,16.20728302001953,Leave_One_experiments/all_year_offline_schedule_search/daily_outputs/YCA/YCA_2015_YCA2015_stress_grid_S0006_daily.csv
YCA,YCA,Yucheng,2015,Leave_One_experiments\wth_generated_qc\YCA\YCA2015.WTH,normal_year;water_stress_year;nitrogen_stress_year,water_stress,YCA2015_stress_grid_S0006,irrigation_positive_candidate,2015-09-14,257,94,89,"{""sim_day"": 94.0, ""doy"": 257.0, ""topwt"": 4042.87841796875, ""grnwt"": 1260.8258819580078, ""xlai"": 0.2904947400093078, ""totir"": 20.0, ""tofer"": NaN, ""swfac"": 0.0, ""nstres"": 0.2656543850898742}",0.0,0.2656543850898742,4042.87841796875,1260.8258819580078,0.2904947400093078,20.0,,0.0,0.0,20.0,0.0,8.207283020019531,16.20728302001953,Leave_One_experiments/all_year_offline_schedule_search/daily_outputs/YCA/YCA_2015_YCA2015_stress_grid_S0006_daily.csv
YCA,YCA,Yucheng,2015,Leave_One_experiments\wth_generated_qc\YCA\YCA2015.WTH,normal_year;water_stress_year;nitrogen_stress_year,water_stress,YCA2015_stress_grid_S0006,irrigation_positive_candidate,2015-09-15,258,95,90,"{""sim_day"": 95.0, ""doy"": 258.0, ""topwt"": 4091.606140136719, ""grnwt"": 1311.72607421875, ""xlai"": 0.2823821604251861, ""totir"": 20.0, ""tofer"": NaN, ""swfac"": 0.0, ""nstres"": 0.2702383995056152}",0.0,0.2702383995056152,4091.606140136719,1311.72607421875,0.2823821604251861,20.0,,0.0,0.0,20.0,0.0,8.207283020019531,16.20728302001953,Leave_One_experiments/all_year_offline_schedule_search/daily_outputs/YCA/YCA_2015_YCA2015_stress_grid_S0006_daily.csv
YCA,YCA,Yucheng,2015,Leave_One_experiments\wth_generated_qc\YCA\YCA2015.WTH,normal_year;water_stress_year;nitrogen_stress_year,water_stress,YCA2015_stress_grid_S0006,irrigation_positive_candidate,2015-09-16,259,96,91,"{""sim_day"": 96.0, ""doy"": 259.0, ""topwt"": 4136.149291992188, ""grnwt"": 1362.6263427734375, ""xlai"": 0.27446249127388, ""totir"": 20.0, ""tofer"": NaN, ""swfac"": 0.0, ""nstres"": 0.2731038928031921}",0.0,0.2731038928031921,4136.149291992188,1362.6263427734375,0.27446249127388,20.0,,0.0,0.0,20.0,0.0,8.207283020019531,16.20728302001953,Leave_One_experiments/all_year_offline_schedule_search/daily_outputs/YCA/YCA_2015_YCA2015_stress_grid_S0006_daily.csv
YCA,YCA,Yucheng,2015,Leave_One_experiments\wth_generated_qc\YCA\YCA2015.WTH,normal_year;water_stress_year;nitrogen_stress_year,water_stress,YCA2015_stress_grid_S0006,irrigation_positive_candidate,2015-09-17,260,97,92,"{""sim_day"": 97.0, ""doy"": 260.0, ""topwt"": 4169.568176269531, ""grnwt"": 1413.5264587402344, ""xlai"": 0.2667613327503204, ""totir"": 20.0, ""tofer"": NaN, ""swfac"": 0.0, ""nstres"": 0.2734173536300659}",0.0,0.2734173536300659,4169.568176269531,1413.5264587402344,0.2667613327503204,20.0,,0.0,0.0,20.0,0.0,8.207283020019531,16.20728302001953,Leave_One_experiments/all_year_offline_schedule_search/daily_outputs/YCA/YCA_2015_YCA2015_stress_grid_S0006_daily.csv
YCA,YCA,Yucheng,2015,Leave_One_experiments\wth_generated_qc\YCA\YCA2015.WTH,normal_year;water_stress_year;nitrogen_stress_year,water_stress,YCA2015_stress_grid_S0006,irrigation_positive_candidate,2015-09-18,261,98,93,"{""sim_day"": 98.0, ""doy"": 261.0, ""topwt"": 4209.637756347656, ""grnwt"": 1464.426727294922, ""xlai"": 0.2593068182468414, ""totir"": 20.0, ""tofer"": NaN, ""swfac"": 0.0, ""nstres"": 0.2706600427627563}",0.0,0.2706600427627563,4209.637756347656,1464.426727294922,0.2593068182468414,20.0,,0.0,0.0,20.0,0.0,8.207283020019531,16.20728302001953,Leave_One_experiments/all_year_offline_schedule_search/daily_outputs/YCA/YCA_2015_YCA2015_stress_grid_S0006_daily.csv
YCA,YCA,Yucheng,2015,Leave_One_experiments\wth_generated_qc\YCA\YCA2015.WTH,normal_year;water_stress_year;nitrogen_stress_year,water_stress,YCA2015_stress_grid_S0006,irrigation_positive_candidate,2015-09-19,262,99,94,"{""sim_day"": 99.0, ""doy"": 262.0, ""topwt"": 4258.418884277344, ""grnwt"": 1515.3269958496094, ""xlai"": 0.2521399557590484, ""totir"": 20.0, ""tofer"": NaN, ""swfac"": 0.0, ""nstres"": 0.2633290290832519}",0.0,0.2633290290832519,4258.418884277344,1515.3269958496094,0.2521399557590484,20.0,,0.0,0.0,20.0,0.0,8.207283020019531,16.20728302001953,Leave_One_experiments/all_year_offline_schedule_search/daily_outputs/YCA/YCA_2015_YCA2015_stress_grid_S0006_daily.csv
YCA,YCA,Yucheng,2015,Leave_One_experiments\wth_generated_qc\YCA\YCA2015.WTH,normal_year;water_stress_year;nitrogen_stress_year,water_stress,YCA2015_stress_grid_S0006,irrigation_positive_candidate,2015-09-20,263,100,95,"{""sim_day"": 100.0, ""doy"": 263.0, ""topwt"": 4295.505676269531, ""grnwt"": 1566.2271118164062, ""xlai"": 0.2452049702405929, ""totir"": 20.0, ""tofer"": NaN, ""swfac"": 0.0, ""nstres"": 0.2601019144058227}",0.0,0.2601019144058227,4295.505676269531,1566.2271118164062,0.2452049702405929,20.0,,0.0,0.0,20.0,0.0,8.207283020019531,16.20728302001953,Leave_One_experiments/all_year_offline_schedule_search/daily_outputs/YCA/YCA_2015_YCA2015_stress_grid_S0006_daily.csv
YCA,YCA,Yucheng,2015,Leave_One_experiments\wth_generated_qc\YCA\YCA2015.WTH,normal_year;water_stress_year;nitrogen_stress_year,water_stress,YCA2015_stress_grid_S0006,irrigation_positive_candidate,2015-09-21,264,101,96,"{""sim_day"": 101.0, ""doy"": 264.0, ""topwt"": 4314.4866943359375, ""grnwt"": 1617.1273803710938, ""xlai"": 0.2384272366762161, ""totir"": 20.0, ""tofer"": NaN, ""swfac"": 0.0, ""nstres"": 0.2633920311927795}",0.0,0.2633920311927795,4314.4866943359375,1617.1273803710938,0.2384272366762161,20.0,,0.0,0.0,20.0,0.0,8.207283020019531,16.20728302001953,Leave_One_experiments/all_year_offline_schedule_search/daily_outputs/YCA/YCA_2015_YCA2015_stress_grid_S0006_daily.csv
YCA,YCA,Yucheng,2015,Leave_One_experiments\wth_generated_qc\YCA\YCA2015.WTH,normal_year;water_stress_year;nitrogen_stress_year,water_stress,YCA2015_stress_grid_S0006,irrigation_positive_candidate,2015-09-22,265,102,97,"{""sim_day"": 102.0, ""doy"": 265.0, ""topwt"": 4345.194091796875, ""grnwt"": 1668.0276489257812, ""xlai"": 0.2318839579820633, ""totir"": 20.0, ""tofer"": NaN, ""swfac"": 0.0, ""nstres"": 0.2586413025856018}",0.0,0.2586413025856018,4345.194091796875,1668.0276489257812,0.2318839579820633,20.0,,0.0,0.0,20.0,0.0,8.207283020019531,16.20728302001953,Leave_One_experiments/all_year_offline_schedule_search/daily_outputs/YCA/YCA_2015_YCA2015_stress_grid_S0006_daily.csv
YCA,YCA,Yucheng,2015,Leave_One_experiments\wth_generated_qc\YCA\YCA2015.WTH,normal_year;water_stress_year;nitrogen_stress_year,water_stress,YCA2015_stress_grid_S0006,irrigation_positive_candidate,2015-09-23,266,103,98,"{""sim_day"": 103.0, ""doy"": 266.0, ""topwt"": 4363.765563964844, ""grnwt"": 1718.927764892578, ""xlai"": 0.2256879359483719, ""totir"": 20.0, ""tofer"": NaN, ""swfac"": 0.0, ""nstres"": 0.2412939071655273}",0.0,0.2412939071655273,4363.765563964844,1718.927764892578,0.2256879359483719,20.0,,0.0,0.0,20.0,0.0,8.207283020019531,16.20728302001953,Leave_One_experiments/all_year_offline_schedule_search/daily_outputs/YCA/YCA_2015_YCA2015_stress_grid_S0006_daily.csv
YCA,YCA,Yucheng,2015,Leave_One_experiments\wth_generated_qc\YCA\YCA2015.WTH,normal_year;water_stress_year;nitrogen_stress_year,water_stress,YCA2015_stress_grid_S0006,irrigation_positive_candidate,2015-09-24,267,104,99,"{""sim_day"": 104.0, ""doy"": 267.0, ""topwt"": 4401.219787597656, ""grnwt"": 1769.8280334472656, ""xlai"": 0.2197126448154449, ""totir"": 20.0, ""tofer"": NaN, ""swfac"": 0.0, ""nstres"": 0.2354241609573364}",0.0,0.2354241609573364,4401.219787597656,1769.8280334472656,0.2197126448154449,20.0,,0.0,0.0,20.0,0.0,8.207283020019531,16.20728302001953,Leave_One_experiments/all_year_offline_schedule_search/daily_outputs/YCA/YCA_2015_YCA2015_stress_grid_S0006_daily.csv
YCA,YCA,Yucheng,2015,Leave_One_experiments\wth_generated_qc\YCA\YCA2015.WTH,normal_year;water_stress_year;nitrogen_stress_year,water_stress,YCA2015_stress_grid_S0006,irrigation_positive_candidate,2015-09-25,268,105,100,"{""sim_day"": 105.0, ""doy"": 268.0, ""topwt"": 4443.9935302734375, ""grnwt"": 1820.728302001953, ""xlai"": 0.2140098363161087, ""totir"": 20.0, ""tofer"": NaN, ""swfac"": 0.0, ""nstres"": 0.2229426503181457}",0.0,0.2229426503181457,4443.9935302734375,1820.728302001953,0.2140098363161087,20.0,,0.0,0.0,20.0,0.0,8.207283020019531,16.20728302001953,Leave_One_experiments/all_year_offline_schedule_search/daily_outputs/YCA/YCA_2015_YCA2015_stress_grid_S0006_daily.csv
YCA,YCA,Yucheng,2015,Leave_One_experiments\wth_generated_qc\YCA\YCA2015.WTH,normal_year;water_stress_year;nitrogen_stress_year,water_stress,YCA2015_stress_grid_S0006,irrigation_positive_candidate,2015-09-26,269,106,101,"{""sim_day"": 106.0, ""doy"": 269.0, ""topwt"": 4443.9935302734375, ""grnwt"": 1820.728302001953, ""xlai"": 0.2140098363161087, ""totir"": 20.0, ""tofer"": NaN, ""swfac"": 0.0, ""nstres"": 0.2235607504844665}",0.0,0.2235607504844665,4443.9935302734375,1820.728302001953,0.2140098363161087,20.0,,0.0,0.0,20.0,0.0,8.207283020019531,16.20728302001953,Leave_One_experiments/all_year_offline_schedule_search/daily_outputs/YCA/YCA_2015_YCA2015_stress_grid_S0006_daily.csv
YCA,YCA,Yucheng,2015,Leave_One_experiments\wth_generated_qc\YCA\YCA2015.WTH,normal_year;water_stress_year;nitrogen_stress_year,water_stress,YCA2015_stress_grid_S0006,irrigation_positive_candidate,2015-09-27,270,107,102,"{""sim_day"": 107.0, ""doy"": 270.0, ""topwt"": 4443.9935302734375, ""grnwt"": 1820.728302001953, ""xlai"": 0.2140098363161087, ""totir"": 20.0, ""tofer"": NaN, ""swfac"": 0.0, ""nstres"": 0.2235607504844665}",0.0,0.2235607504844665,4443.9935302734375,1820.728302001953,0.2140098363161087,20.0,,0.0,0.0,20.0,0.0,8.207283020019531,16.20728302001953,Leave_One_experiments/all_year_offline_schedule_search/daily_outputs/YCA/YCA_2015_YCA2015_stress_grid_S0006_daily.csv
YCA,YCA,Yucheng,2015,Leave_One_experiments\wth_generated_qc\YCA\YCA2015.WTH,normal_year;water_stress_year;nitrogen_stress_year,water_stress,YCA2015_stress_grid_S0006,irrigation_positive_candidate,2015-09-28,271,108,103,"{""sim_day"": 108.0, ""doy"": 271.0, ""topwt"": 4443.9935302734375, ""grnwt"": 1820.728302001953, ""xlai"": 0.2140098363161087, ""totir"": 20.0, ""tofer"": NaN, ""swfac"": 0.0, ""nstres"": 0.2235607504844665}",0.0,0.2235607504844665,4443.9935302734375,1820.728302001953,0.2140098363161087,20.0,,0.0,0.0,20.0,0.0,8.207283020019531,16.20728302001953,Leave_One_experiments/all_year_offline_schedule_search/daily_outputs/YCA/YCA_2015_YCA2015_stress_grid_S0006_daily.csv
YCA,YCA,Yucheng,2015,Leave_One_experiments\wth_generated_qc\YCA\YCA2015.WTH,normal_year;water_stress_year;nitrogen_stress_year,water_stress,YCA2015_stress_grid_S0001,low_input_within_10pct_yield,2015-06-18,169,1,1,"{""sim_day"": 1.0, ""doy"": 169.0, ""topwt"": 0.0, ""grnwt"": 0.0, ""xlai"": 0.0, ""totir"": 0.0, ""tofer"": NaN, ""swfac"": 0.0, ""nstres"": 0.0}",0.0,0.0,0.0,0.0,0.0,0.0,,0.0,0.0,0.0,0.0,17.839453125000002,17.839453125000002,Leave_One_experiments/all_year_offline_schedule_search/daily_outputs/YCA/YCA_2015_YCA2015_stress_grid_S0001_daily.csv
YCA,YCA,Yucheng,2015,Leave_One_experiments\wth_generated_qc\YCA\YCA2015.WTH,normal_year;water_stress_year;nitrogen_stress_year,water_stress,YCA2015_stress_grid_S0001,low_input_within_10pct_yield,2015-06-19,170,2,2,"{""sim_day"": 2.0, ""doy"": 170.0, ""topwt"": 0.0, ""grnwt"": 0.0, ""xlai"": 0.0, ""totir"": 0.0, ""tofer"": NaN, ""swfac"": 0.0, ""nstres"": 0.0}",0.0,0.0,0.0,0.0,0.0,0.0,,0.0,0.0,0.0,0.0,17.839453125000002,17.839453125000002,Leave_One_experiments/all_year_offline_schedule_search/daily_outputs/YCA/YCA_2015_YCA2015_stress_grid_S0001_daily.csv
YCA,YCA,Yucheng,2015,Leave_One_experiments\wth_generated_qc\YCA\YCA2015.WTH,normal_year;water_stress_year;nitrogen_stress_year,water_stress,YCA2015_stress_grid_S0001,low_input_within_10pct_yield,2015-06-20,171,3,3,"{""sim_day"": 3.0, ""doy"": 171.0, ""topwt"": 0.0, ""grnwt"": 0.0, ""xlai"": 0.0, ""totir"": 0.0, ""tofer"": NaN, ""swfac"": 0.0, ""nstres"": 0.0}",0.0,0.0,0.0,0.0,0.0,0.0,,0.0,0.0,0.0,0.0,17.839453125000002,17.839453125000002,Leave_One_experiments/all_year_offline_schedule_search/daily_outputs/YCA/YCA_2015_YCA2015_stress_grid_S0001_daily.csv
YCA,YCA,Yucheng,2015,Leave_One_experiments\wth_generated_qc\YCA\YCA2015.WTH,normal_year;water_stress_year;nitrogen_stress_year,water_stress,YCA2015_stress_grid_S0001,low_input_within_10pct_yield,2015-06-21,172,4,4,"{""sim_day"": 4.0, ""doy"": 172.0, ""topwt"": 0.0, ""grnwt"": 0.0, ""xlai"": 0.0, ""totir"": 0.0, ""tofer"": NaN, ""swfac"": 0.0, ""nstres"": 0.0}",0.0,0.0,0.0,0.0,0.0,0.0,,0.0,0.0,0.0,0.0,17.839453125000002,17.839453125000002,Leave_One_experiments/all_year_offline_schedule_search/daily_outputs/YCA/YCA_2015_YCA2015_stress_grid_S0001_daily.csv
YCA,YCA,Yucheng,2015,Leave_One_experiments\wth_generated_qc\YCA\YCA2015.WTH,normal_year;water_stress_year;nitrogen_stress_year,water_stress,YCA2015_stress_grid_S0001,low_input_within_10pct_yield,2015-06-22,173,5,5,"{""sim_day"": 5.0, ""doy"": 173.0, ""topwt"": 0.0, ""grnwt"": 0.0, ""xlai"": 0.0, ""totir"": 0.0, ""tofer"": NaN, ""swfac"": 0.0, ""nstres"": 0.0}",0.0,0.0,0.0,0.0,0.0,0.0,,0.0,0.0,0.0,0.0,17.839453125000002,17.839453125000002,Leave_One_experiments/all_year_offline_schedule_search/daily_outputs/YCA/YCA_2015_YCA2015_stress_grid_S0001_daily.csv
YCA,YCA,Yucheng,2015,Leave_One_experiments\wth_generated_qc\YCA\YCA2015.WTH,normal_year;water_stress_year;nitrogen_stress_year,water_stress,YCA2015_stress_grid_S0001,low_input_within_10pct_yield,2015-06-18,169,6,1,"{""sim_day"": 6.0, ""doy"": 169.0, ""topwt"": 0.0, ""grnwt"": 0.0, ""xlai"": 0.0, ""totir"": 0.0, ""tofer"": NaN, ""swfac"": 0.0, ""nstres"": 0.0}",0.0,0.0,0.0,0.0,0.0,0.0,,0.0,0.0,0.0,0.0,17.839453125000002,17.839453125000002,Leave_One_experiments/all_year_offline_schedule_search/daily_outputs/YCA/YCA_2015_YCA2015_stress_grid_S0001_daily.csv
YCA,YCA,Yucheng,2015,Leave_One_experiments\wth_generated_qc\YCA\YCA2015.WTH,normal_year;water_stress_year;nitrogen_stress_year,water_stress,YCA2015_stress_grid_S0001,low_input_within_10pct_yield,2015-06-19,170,7,2,"{""sim_day"": 7.0, ""doy"": 170.0, ""topwt"": 0.0, ""grnwt"": 0.0, ""xlai"": 0.0, ""totir"": 0.0, ""tofer"": NaN, ""swfac"": 0.0, ""nstres"": 0.0}",0.0,0.0,0.0,0.0,0.0,0.0,,0.0,0.0,0.0,0.0,17.839453125000002,17.839453125000002,Leave_One_experiments/all_year_offline_schedule_search/daily_outputs/YCA/YCA_2015_YCA2015_stress_grid_S0001_daily.csv
YCA,YCA,Yucheng,2015,Leave_One_experiments\wth_generated_qc\YCA\YCA2015.WTH,normal_year;water_stress_year;nitrogen_stress_year,water_stress,YCA2015_stress_grid_S0001,low_input_within_10pct_yield,2015-06-20,171,8,3,"{""sim_day"": 8.0, ""doy"": 171.0, ""topwt"": 0.0, ""grnwt"": 0.0, ""xlai"": 0.0, ""totir"": 0.0, ""tofer"": NaN, ""swfac"": 0.0, ""nstres"": 0.0}",0.0,0.0,0.0,0.0,0.0,0.0,,0.0,0.0,0.0,0.0,17.839453125000002,17.839453125000002,Leave_One_experiments/all_year_offline_schedule_search/daily_outputs/YCA/YCA_2015_YCA2015_stress_grid_S0001_daily.csv
YCA,YCA,Yucheng,2015,Leave_One_experiments\wth_generated_qc\YCA\YCA2015.WTH,normal_year;water_stress_year;nitrogen_stress_year,water_stress,YCA2015_stress_grid_S0001,low_input_within_10pct_yield,2015-06-21,172,9,4,"{""sim_day"": 9.0, ""doy"": 172.0, ""topwt"": 0.0, ""grnwt"": 0.0, ""xlai"": 0.0, ""totir"": 0.0, ""tofer"": NaN, ""swfac"": 0.0, ""nstres"": 0.0}",0.0,0.0,0.0,0.0,0.0,0.0,,0.0,0.0,0.0,0.0,17.839453125000002,17.839453125000002,Leave_One_experiments/all_year_offline_schedule_search/daily_outputs/YCA/YCA_2015_YCA2015_stress_grid_S0001_daily.csv
YCA,YCA,Yucheng,2015,Leave_One_experiments\wth_generated_qc\YCA\YCA2015.WTH,normal_year;water_stress_year;nitrogen_stress_year,water_stress,YCA2015_stress_grid_S0001,low_input_within_10pct_yield,2015-06-22,173,10,5,"{""sim_day"": 10.0, ""doy"": 173.0, ""topwt"": 0.0, ""grnwt"": 0.0, ""xlai"": 0.0, ""totir"": 0.0, ""tofer"": NaN, ""swfac"": 0.0, ""nstres"": 0.0}",0.0,0.0,0.0,0.0,0.0,0.0,,0.0,0.0,0.0,0.0,17.839453125000002,17.839453125000002,Leave_One_experiments/all_year_offline_schedule_search/daily_outputs/YCA/YCA_2015_YCA2015_stress_grid_S0001_daily.csv
YCA,YCA,Yucheng,2015,Leave_One_experiments\wth_generated_qc\YCA\YCA2015.WTH,normal_year;water_stress_year;nitrogen_stress_year,water_stress,YCA2015_stress_grid_S0001,low_input_within_10pct_yield,2015-06-23,174,11,6,"{""sim_day"": 11.0, ""doy"": 174.0, ""topwt"": 26.400001049041748, ""grnwt"": 0.0, ""xlai"": 0.0037475994322448, ""totir"": 0.0, ""tofer"": NaN, ""swfac"": 0.0, ""nstres"": 0.0121910572052001}",0.0,0.0121910572052001,26.400001049041748,0.0,0.0037475994322448,0.0,,0.0,0.0,0.0,0.0,17.839453125000002,17.839453125000002,Leave_One_experiments/all_year_offline_schedule_search/daily_outputs/YCA/YCA_2015_YCA2015_stress_grid_S0001_daily.csv
YCA,YCA,Yucheng,2015,Leave_One_experiments\wth_generated_qc\YCA\YCA2015.WTH,normal_year;water_stress_year;nitrogen_stress_year,water_stress,YCA2015_stress_grid_S0001,low_input_within_10pct_yield,2015-06-24,175,12,7,"{""sim_day"": 12.0, ""doy"": 175.0, ""topwt"": 26.400001049041748, ""grnwt"": 0.0, ""xlai"": 0.0070741116069257, ""totir"": 0.0, ""tofer"": NaN, ""swfac"": 0.0, ""nstres"": 0.0117386579513549}",0.0,0.0117386579513549,26.400001049041748,0.0,0.0070741116069257,0.0,,0.0,0.0,0.0,0.0,17.839453125000002,17.839453125000002,Leave_One_experiments/all_year_offline_schedule_search/daily_outputs/YCA/YCA_2015_YCA2015_stress_grid_S0001_daily.csv
YCA,YCA,Yucheng,2015,Leave_One_experiments\wth_generated_qc\YCA\YCA2015.WTH,normal_year;water_stress_year;nitrogen_stress_year,water_stress,YCA2015_stress_grid_S0001,low_input_within_10pct_yield,2015-06-25,176,13,8,"{""sim_day"": 13.0, ""doy"": 176.0, ""topwt"": 26.400001049041748, ""grnwt"": 0.0, ""xlai"": 0.0118272546678781, ""totir"": 0.0, ""tofer"": NaN, ""swfac"": 0.0, ""nstres"": 0.0055167078971862}",0.0,0.0055167078971862,26.400001049041748,0.0,0.0118272546678781,0.0,,0.0,0.0,0.0,0.0,17.839453125000002,17.839453125000002,Leave_One_experiments/all_year_offline_schedule_search/daily_outputs/YCA/YCA_2015_YCA2015_stress_grid_S0001_daily.csv
YCA,YCA,Yucheng,2015,Leave_One_experiments\wth_generated_qc\YCA\YCA2015.WTH,normal_year;water_stress_year;nitrogen_stress_year,water_stress,YCA2015_stress_grid_S0001,low_input_within_10pct_yield,2015-06-26,177,14,9,"{""sim_day"": 14.0, ""doy"": 177.0, ""topwt"": 26.400001049041748, ""grnwt"": 0.0, ""xlai"": 0.0182310193777084, ""totir"": 0.0, ""tofer"": NaN, ""swfac"": 0.0, ""nstres"": 0.0}",0.0,0.0,26.400001049041748,0.0,0.0182310193777084,0.0,,0.0,0.0,0.0,0.0,17.839453125000002,17.839453125000002,Leave_One_experiments/all_year_offline_schedule_search/daily_outputs/YCA/YCA_2015_YCA2015_stress_grid_S0001_daily.csv
YCA,YCA,Yucheng,2015,Leave_One_experiments\wth_generated_qc\YCA\YCA2015.WTH,normal_year;water_stress_year;nitrogen_stress_year,water_stress,YCA2015_stress_grid_S0001,low_input_within_10pct_yield,2015-06-27,178,15,10,"{""sim_day"": 15.0, ""doy"": 178.0, ""topwt"": 26.400001049041748, ""grnwt"": 0.0, ""xlai"": 0.0425222180783748, ""totir"": 0.0, ""tofer"": NaN, ""swfac"": 0.0, ""nstres"": 0.0}",0.0,0.0,26.400001049041748,0.0,0.0425222180783748,0.0,,0.0,0.0,0.0,0.0,17.839453125000002,17.839453125000002,Leave_One_experiments/all_year_offline_schedule_search/daily_outputs/YCA/YCA_2015_YCA2015_stress_grid_S0001_daily.csv
YCA,YCA,Yucheng,2015,Leave_One_experiments\wth_generated_qc\YCA\YCA2015.WTH,normal_year;water_stress_year;nitrogen_stress_year,water_stress,YCA2015_stress_grid_S0001,low_input_within_10pct_yield,2015-06-28,179,16,11,"{""sim_day"": 16.0, ""doy"": 179.0, ""topwt"": 32.985219955444336, ""grnwt"": 0.0, ""xlai"": 0.0625705644488334, ""totir"": 0.0, ""tofer"": NaN, ""swfac"": 0.0, ""nstres"": 0.0}",0.0,0.0,32.985219955444336,0.0,0.0625705644488334,0.0,,0.0,0.0,0.0,0.0,17.839453125000002,17.839453125000002,Leave_One_experiments/all_year_offline_schedule_search/daily_outputs/YCA/YCA_2015_YCA2015_stress_grid_S0001_daily.csv
YCA,YCA,Yucheng,2015,Leave_One_experiments\wth_generated_qc\YCA\YCA2015.WTH,normal_year;water_stress_year;nitrogen_stress_year,water_stress,YCA2015_stress_grid_S0001,low_input_within_10pct_yield,2015-06-29,180,17,12,"{""sim_day"": 17.0, ""doy"": 180.0, ""topwt"": 42.2584342956543, ""grnwt"": 0.0, ""xlai"": 0.0849899053573608, ""totir"": 0.0, ""tofer"": NaN, ""swfac"": 0.0, ""nstres"": 0.0}",0.0,0.0,42.2584342956543,0.0,0.0849899053573608,0.0,,0.0,0.0,0.0,0.0,17.839453125000002,17.839453125000002,Leave_One_experiments/all_year_offline_schedule_search/daily_outputs/YCA/YCA_2015_YCA2015_stress_grid_S0001_daily.csv
YCA,YCA,Yucheng,2015,Leave_One_experiments\wth_generated_qc\YCA\YCA2015.WTH,normal_year;water_stress_year;nitrogen_stress_year,water_stress,YCA2015_stress_grid_S0001,low_input_within_10pct_yield,2015-06-30,181,18,13,"{""sim_day"": 18.0, ""doy"": 181.0, ""topwt"": 58.326921463012695, ""grnwt"": 0.0, ""xlai"": 0.1206550747156143, ""totir"": 0.0, ""tofer"": NaN, ""swfac"": 0.0, ""nstres"": 0.0}",0.0,0.0,58.326921463012695,0.0,0.1206550747156143,0.0,,0.0,0.0,0.0,0.0,17.839453125000002,17.839453125000002,Leave_One_experiments/all_year_offline_schedule_search/daily_outputs/YCA/YCA_2015_YCA2015_stress_grid_S0001_daily.csv
YCA,YCA,Yucheng,2015,Leave_One_experiments\wth_generated_qc\YCA\YCA2015.WTH,normal_year;water_stress_year;nitrogen_stress_year,water_stress,YCA2015_stress_grid_S0001,low_input_within_10pct_yield,2015-07-01,182,19,14,"{""sim_day"": 19.0, ""doy"": 182.0, ""topwt"": 78.30052852630615, ""grnwt"": 0.0, ""xlai"": 0.1614735126495361, ""totir"": 0.0, ""tofer"": NaN, ""swfac"": 0.0, ""nstres"": 0.0}",0.0,0.0,78.30052852630615,0.0,0.1614735126495361,0.0,,0.0,0.0,0.0,0.0,17.839453125000002,17.839453125000002,Leave_One_experiments/all_year_offline_schedule_search/daily_outputs/YCA/YCA_2015_YCA2015_stress_grid_S0001_daily.csv
YCA,YCA,Yucheng,2015,Leave_One_experiments\wth_generated_qc\YCA\YCA2015.WTH,normal_year;water_stress_year;nitrogen_stress_year,water_stress,YCA2015_stress_grid_S0001,low_input_within_10pct_yield,2015-07-02,183,20,15,"{""sim_day"": 20.0, ""doy"": 183.0, ""topwt"": 100.43471336364746, ""grnwt"": 0.0, ""xlai"": 0.2037417143583297, ""totir"": 0.0, ""tofer"": NaN, ""swfac"": 0.0, ""nstres"": 0.0}",0.0,0.0,100.43471336364746,0.0,0.2037417143583297,0.0,,0.0,0.0,0.0,0.0,17.839453125000002,17.839453125000002,Leave_One_experiments/all_year_offline_schedule_search/daily_outputs/YCA/YCA_2015_YCA2015_stress_grid_S0001_daily.csv
YCA,YCA,Yucheng,2015,Leave_One_experiments\wth_generated_qc\YCA\YCA2015.WTH,normal_year;water_stress_year;nitrogen_stress_year,water_stress,YCA2015_stress_grid_S0001,low_input_within_10pct_yield,2015-07-03,184,21,16,"{""sim_day"": 21.0, ""doy"": 184.0, ""topwt"": 128.59026908874512, ""grnwt"": 0.0, ""xlai"": 0.2543987929821014, ""totir"": 0.0, ""tofer"": NaN, ""swfac"": 0.0, ""nstres"": 0.0}",0.0,0.0,128.59026908874512,0.0,0.2543987929821014,0.0,,0.0,0.0,0.0,0.0,17.839453125000002,17.839453125000002,Leave_One_experiments/all_year_offline_schedule_search/daily_outputs/YCA/YCA_2015_YCA2015_stress_grid_S0001_daily.csv
YCA,YCA,Yucheng,2015,Leave_One_experiments\wth_generated_qc\YCA\YCA2015.WTH,normal_year;water_stress_year;nitrogen_stress_year,water_stress,YCA2015_stress_grid_S0001,low_input_within_10pct_yield,2015-07-04,185,22,17,"{""sim_day"": 22.0, ""doy"": 185.0, ""topwt"": 163.38811874389648, ""grnwt"": 0.0, ""xlai"": 0.3134718537330627, ""totir"": 0.0, ""tofer"": NaN, ""swfac"": 0.0, ""nstres"": 0.0488724708557128}",0.0,0.0488724708557128,163.38811874389648,0.0,0.3134718537330627,0.0,,0.0,0.0,0.0,0.0,17.839453125000002,17.839453125000002,Leave_One_experiments/all_year_offline_schedule_search/daily_outputs/YCA/YCA_2015_YCA2015_stress_grid_S0001_daily.csv
YCA,YCA,Yucheng,2015,Leave_One_experiments\wth_generated_qc\YCA\YCA2015.WTH,normal_year;water_stress_year;nitrogen_stress_year,water_stress,YCA2015_stress_grid_S0001,low_input_within_10pct_yield,2015-07-05,186,23,18,"{""sim_day"": 23.0, ""doy"": 186.0, ""topwt"": 192.32023239135745, ""grnwt"": 0.0, ""xlai"": 0.3821237981319427, ""totir"": 0.0, ""tofer"": NaN, ""swfac"": 0.0, ""nstres"": 0.1082016825675964}",0.0,0.1082016825675964,192.32023239135745,0.0,0.3821237981319427,0.0,,0.0,0.0,0.0,0.0,17.839453125000002,17.839453125000002,Leave_One_experiments/all_year_offline_schedule_search/daily_outputs/YCA/YCA_2015_YCA2015_stress_grid_S0001_daily.csv
YCA,YCA,Yucheng,2015,Leave_One_experiments\wth_generated_qc\YCA\YCA2015.WTH,normal_year;water_stress_year;nitrogen_stress_year,water_stress,YCA2015_stress_grid_S0001,low_input_within_10pct_yield,2015-07-06,187,24,19,"{""sim_day"": 24.0, ""doy"": 187.0, ""topwt"": 223.0888938903809, ""grnwt"": 0.0, ""xlai"": 0.4266769289970398, ""totir"": 0.0, ""tofer"": NaN, ""swfac"": 0.0, ""nstres"": 0.1640729308128357}",0.0,0.1640729308128357,223.0888938903809,0.0,0.4266769289970398,0.0,,0.0,0.0,0.0,0.0,17.839453125000002,17.839453125000002,Leave_One_experiments/all_year_offline_schedule_search/daily_outputs/YCA/YCA_2015_YCA2015_stress_grid_S0001_daily.csv
YCA,YCA,Yucheng,2015,Leave_One_experiments\wth_generated_qc\YCA\YCA2015.WTH,normal_year;water_stress_year;nitrogen_stress_year,water_stress,YCA2015_stress_grid_S0001,low_input_within_10pct_yield,2015-07-07,188,25,20,"{""sim_day"": 25.0, ""doy"": 188.0, ""topwt"": 251.31711959838867, ""grnwt"": 0.0, ""xlai"": 0.4620018303394317, ""totir"": 0.0, ""tofer"": NaN, ""swfac"": 0.0, ""nstres"": 0.2290185689926147}",0.0,0.2290185689926147,251.31711959838867,0.0,0.4620018303394317,0.0,,0.0,0.0,0.0,0.0,17.839453125000002,17.839453125000002,Leave_One_experiments/all_year_offline_schedule_search/daily_outputs/YCA/YCA_2015_YCA2015_stress_grid_S0001_daily.csv
YCA,YCA,Yucheng,2015,Leave_One_experiments\wth_generated_qc\YCA\YCA2015.WTH,normal_year;water_stress_year;nitrogen_stress_year,water_stress,YCA2015_stress_grid_S0001,low_input_within_10pct_yield,2015-07-08,189,26,21,"{""sim_day"": 26.0, ""doy"": 189.0, ""topwt"": 279.4300651550293, ""grnwt"": 0.0, ""xlai"": 0.4939437508583069, ""totir"": 0.0, ""tofer"": NaN, ""swfac"": 0.0, ""nstres"": 0.2862887978553772}",0.0,0.2862887978553772,279.4300651550293,0.0,0.4939437508583069,0.0,,0.0,0.0,0.0,0.0,17.839453125000002,17.839453125000002,Leave_One_experiments/all_year_offline_schedule_search/daily_outputs/YCA/YCA_2015_YCA2015_stress_grid_S0001_daily.csv
YCA,YCA,Yucheng,2015,Leave_One_experiments\wth_generated_qc\YCA\YCA2015.WTH,normal_year;water_stress_year;nitrogen_stress_year,water_stress,YCA2015_stress_grid_S0001,low_input_within_10pct_yield,2015-07-09,190,27,22,"{""sim_day"": 27.0, ""doy"": 190.0, ""topwt"": 313.0035591125488, ""grnwt"": 0.0, ""xlai"": 0.5323792099952698, ""totir"": 0.0, ""tofer"": NaN, ""swfac"": 0.0, ""nstres"": 0.2924789190292358}",0.0,0.2924789190292358,313.0035591125488,0.0,0.5323792099952698,0.0,,0.0,0.0,0.0,0.0,17.839453125000002,17.839453125000002,Leave_One_experiments/all_year_offline_schedule_search/daily_outputs/YCA/YCA_2015_YCA2015_stress_grid_S0001_daily.csv
YCA,YCA,Yucheng,2015,Leave_One_experiments\wth_generated_qc\YCA\YCA2015.WTH,normal_year;water_stress_year;nitrogen_stress_year,water_stress,YCA2015_stress_grid_S0001,low_input_within_10pct_yield,2015-07-10,191,28,23,"{""sim_day"": 28.0, ""doy"": 191.0, ""topwt"": 347.60616302490234, ""grnwt"": 0.0, ""xlai"": 0.5699329376220703, ""totir"": 0.0, ""tofer"": NaN, ""swfac"": 0.0, ""nstres"": 0.2996854186058044}",0.0,0.2996854186058044,347.60616302490234,0.0,0.5699329376220703,0.0,,0.0,0.0,0.0,0.0,17.839453125000002,17.839453125000002,Leave_One_experiments/all_year_offline_schedule_search/daily_outputs/YCA/YCA_2015_YCA2015_stress_grid_S0001_daily.csv
YCA,YCA,Yucheng,2015,Leave_One_experiments\wth_generated_qc\YCA\YCA2015.WTH,normal_year;water_stress_year;nitrogen_stress_year,water_stress,YCA2015_stress_grid_S0001,low_input_within_10pct_yield,2015-07-11,192,29,24,"{""sim_day"": 29.0, ""doy"": 192.0, ""topwt"": 387.40570068359375, ""grnwt"": 0.0, ""xlai"": 0.6119778752326965, ""totir"": 0.0, ""tofer"": NaN, ""swfac"": 0.0, ""nstres"": 0.3407716155052185}",0.0,0.3407716155052185,387.40570068359375,0.0,0.6119778752326965,0.0,,0.0,0.0,0.0,0.0,17.839453125000002,17.839453125000002,Leave_One_experiments/all_year_offline_schedule_search/daily_outputs/YCA/YCA_2015_YCA2015_stress_grid_S0001_daily.csv
YCA,YCA,Yucheng,2015,Leave_One_experiments\wth_generated_qc\YCA\YCA2015.WTH,normal_year;water_stress_year;nitrogen_stress_year,water_stress,YCA2015_stress_grid_S0001,low_input_within_10pct_yield,2015-07-12,193,30,25,"{""sim_day"": 30.0, ""doy"": 193.0, ""topwt"": 429.3702697753906, ""grnwt"": 0.0, ""xlai"": 0.6465014219284058, ""totir"": 0.0, ""tofer"": NaN, ""swfac"": 0.0, ""nstres"": 0.3758286237716675}",0.0,0.3758286237716675,429.3702697753906,0.0,0.6465014219284058,0.0,,0.0,0.0,0.0,0.0,17.839453125000002,17.839453125000002,Leave_One_experiments/all_year_offline_schedule_search/daily_outputs/YCA/YCA_2015_YCA2015_stress_grid_S0001_daily.csv
YCA,YCA,Yucheng,2015,Leave_One_experiments\wth_generated_qc\YCA\YCA2015.WTH,normal_year;water_stress_year;nitrogen_stress_year,water_stress,YCA2015_stress_grid_S0001,low_input_within_10pct_yield,2015-07-13,194,31,26,"{""sim_day"": 31.0, ""doy"": 194.0, ""topwt"": 481.66881561279297, ""grnwt"": 0.0, ""xlai"": 0.6979809999465942, ""totir"": 0.0, ""tofer"": NaN, ""swfac"": 0.0, ""nstres"": 0.3753975629806518}",0.0,0.3753975629806518,481.66881561279297,0.0,0.6979809999465942,0.0,,0.0,0.0,0.0,0.0,17.839453125000002,17.839453125000002,Leave_One_experiments/all_year_offline_schedule_search/daily_outputs/YCA/YCA_2015_YCA2015_stress_grid_S0001_daily.csv
YCA,YCA,Yucheng,2015,Leave_One_experiments\wth_generated_qc\YCA\YCA2015.WTH,normal_year;water_stress_year;nitrogen_stress_year,water_stress,YCA2015_stress_grid_S0001,low_input_within_10pct_yield,2015-07-14,195,32,27,"{""sim_day"": 32.0, ""doy"": 195.0, ""topwt"": 530.3936767578125, ""grnwt"": 0.0, ""xlai"": 0.7405853867530823, ""totir"": 0.0, ""tofer"": NaN, ""swfac"": 0.0, ""nstres"": 0.3576728105545044}",0.0,0.3576728105545044,530.3936767578125,0.0,0.7405853867530823,0.0,,0.0,0.0,0.0,0.0,17.839453125000002,17.839453125000002,Leave_One_experiments/all_year_offline_schedule_search/daily_outputs/YCA/YCA_2015_YCA2015_stress_grid_S0001_daily.csv
YCA,YCA,Yucheng,2015,Leave_One_experiments\wth_generated_qc\YCA\YCA2015.WTH,normal_year;water_stress_year;nitrogen_stress_year,water_stress,YCA2015_stress_grid_S0001,low_input_within_10pct_yield,2015-07-15,196,33,28,"{""sim_day"": 33.0, ""doy"": 196.0, ""topwt"": 575.9761047363281, ""grnwt"": 0.0, ""xlai"": 0.7748618125915527, ""totir"": 0.0, ""tofer"": NaN, ""swfac"": 0.0, ""nstres"": 0.3642428517341614}",0.0,0.3642428517341614,575.9761047363281,0.0,0.7748618125915527,0.0,,0.0,0.0,0.0,0.0,17.839453125000002,17.839453125000002,Leave_One_experiments/all_year_offline_schedule_search/daily_outputs/YCA/YCA_2015_YCA2015_stress_grid_S0001_daily.csv
YCA,YCA,Yucheng,2015,Leave_One_experiments\wth_generated_qc\YCA\YCA2015.WTH,normal_year;water_stress_year;nitrogen_stress_year,water_stress,YCA2015_stress_grid_S0001,low_input_within_10pct_yield,2015-07-16,197,34,29,"{""sim_day"": 34.0, ""doy"": 197.0, ""topwt"": 627.1505355834961, ""grnwt"": 0.0, ""xlai"": 0.8120498061180115, ""totir"": 0.0, ""tofer"": NaN, ""swfac"": 0.0, ""nstres"": 0.3632177114486694}",0.0,0.3632177114486694,627.1505355834961,0.0,0.8120498061180115,0.0,,0.0,0.0,0.0,0.0,17.839453125000002,17.839453125000002,Leave_One_experiments/all_year_offline_schedule_search/daily_outputs/YCA/YCA_2015_YCA2015_stress_grid_S0001_daily.csv
YCA,YCA,Yucheng,2015,Leave_One_experiments\wth_generated_qc\YCA\YCA2015.WTH,normal_year;water_stress_year;nitrogen_stress_year,water_stress,YCA2015_stress_grid_S0001,low_input_within_10pct_yield,2015-07-17,198,35,30,"{""sim_day"": 35.0, ""doy"": 198.0, ""topwt"": 671.8331909179688, ""grnwt"": 0.0, ""xlai"": 0.8369783163070679, ""totir"": 0.0, ""tofer"": NaN, ""swfac"": 0.0, ""nstres"": 0.3782752752304077}",0.0,0.3782752752304077,671.8331909179688,0.0,0.8369783163070679,0.0,,0.0,0.0,0.0,0.0,17.839453125000002,17.839453125000002,Leave_One_experiments/all_year_offline_schedule_search/daily_outputs/YCA/YCA_2015_YCA2015_stress_grid_S0001_daily.csv
YCA,YCA,Yucheng,2015,Leave_One_experiments\wth_generated_qc\YCA\YCA2015.WTH,normal_year;water_stress_year;nitrogen_stress_year,water_stress,YCA2015_stress_grid_S0001,low_input_within_10pct_yield,2015-07-18,199,36,31,"{""sim_day"": 36.0, ""doy"": 199.0, ""topwt"": 722.3786163330078, ""grnwt"": 0.0, ""xlai"": 0.8637790083885193, ""totir"": 0.0, ""tofer"": NaN, ""swfac"": 0.0, ""nstres"": 0.4035719037055969}",0.0,0.4035719037055969,722.3786163330078,0.0,0.8637790083885193,0.0,,0.0,0.0,0.0,0.0,17.839453125000002,17.839453125000002,Leave_One_experiments/all_year_offline_schedule_search/daily_outputs/YCA/YCA_2015_YCA2015_stress_grid_S0001_daily.csv
YCA,YCA,Yucheng,2015,Leave_One_experiments\wth_generated_qc\YCA\YCA2015.WTH,normal_year;water_stress_year;nitrogen_stress_year,water_stress,YCA2015_stress_grid_S0001,low_input_within_10pct_yield,2015-07-19,200,37,32,"{""sim_day"": 37.0, ""doy"": 200.0, ""topwt"": 777.578125, ""grnwt"": 0.0, ""xlai"": 0.8905207514762878, ""totir"": 0.0, ""tofer"": NaN, ""swfac"": 0.0, ""nstres"": 0.4191242456436157}",0.0,0.4191242456436157,777.578125,0.0,0.8905207514762878,0.0,,0.0,0.0,0.0,0.0,17.839453125000002,17.839453125000002,Leave_One_experiments/all_year_offline_schedule_search/daily_outputs/YCA/YCA_2015_YCA2015_stress_grid_S0001_daily.csv
YCA,YCA,Yucheng,2015,Leave_One_experiments\wth_generated_qc\YCA\YCA2015.WTH,normal_year;water_stress_year;nitrogen_stress_year,water_stress,YCA2015_stress_grid_S0001,low_input_within_10pct_yield,2015-07-20,201,38,33,"{""sim_day"": 38.0, ""doy"": 201.0, ""topwt"": 835.1913452148438, ""grnwt"": 0.0, ""xlai"": 0.9142224192619324, ""totir"": 0.0, ""tofer"": NaN, ""swfac"": 0.0, ""nstres"": 0.438858151435852}",0.0,0.438858151435852,835.1913452148438,0.0,0.9142224192619324,0.0,,0.0,0.0,0.0,0.0,17.839453125000002,17.839453125000002,Leave_One_experiments/all_year_offline_schedule_search/daily_outputs/YCA/YCA_2015_YCA2015_stress_grid_S0001_daily.csv
YCA,YCA,Yucheng,2015,Leave_One_experiments\wth_generated_qc\YCA\YCA2015.WTH,normal_year;water_stress_year;nitrogen_stress_year,water_stress,YCA2015_stress_grid_S0001,low_input_within_10pct_yield,2015-07-21,202,39,34,"{""sim_day"": 39.0, ""doy"": 202.0, ""topwt"": 888.98681640625, ""grnwt"": 0.0, ""xlai"": 0.9294233918190002, ""totir"": 0.0, ""tofer"": NaN, ""swfac"": 0.0, ""nstres"": 0.4594079852104187}",0.0,0.4594079852104187,888.98681640625,0.0,0.9294233918190002,0.0,,0.0,0.0,0.0,0.0,17.839453125000002,17.839453125000002,Leave_One_experiments/all_year_offline_schedule_search/daily_outputs/YCA/YCA_2015_YCA2015_stress_grid_S0001_daily.csv
YCA,YCA,Yucheng,2015,Leave_One_experiments\wth_generated_qc\YCA\YCA2015.WTH,normal_year;water_stress_year;nitrogen_stress_year,water_stress,YCA2015_stress_grid_S0001,low_input_within_10pct_yield,2015-07-22,203,40,35,"{""sim_day"": 40.0, ""doy"": 203.0, ""topwt"": 946.0944366455078, ""grnwt"": 0.0, ""xlai"": 0.94314706325531, ""totir"": 0.0, ""tofer"": NaN, ""swfac"": 0.0, ""nstres"": 0.4730035662651062}",0.0,0.4730035662651062,946.0944366455078,0.0,0.94314706325531,0.0,,0.0,0.0,0.0,0.0,17.839453125000002,17.839453125000002,Leave_One_experiments/all_year_offline_schedule_search/daily_outputs/YCA/YCA_2015_YCA2015_stress_grid_S0001_daily.csv
YCA,YCA,Yucheng,2015,Leave_One_experiments\wth_generated_qc\YCA\YCA2015.WTH,normal_year;water_stress_year;nitrogen_stress_year,water_stress,YCA2015_stress_grid_S0001,low_input_within_10pct_yield,2015-07-23,204,41,36,"{""sim_day"": 41.0, ""doy"": 204.0, ""topwt"": 1008.3895111083984, ""grnwt"": 0.0, ""xlai"": 0.956478476524353, ""totir"": 0.0, ""tofer"": NaN, ""swfac"": 0.0, ""nstres"": 0.4868529438972473}",0.0,0.4868529438972473,1008.3895111083984,0.0,0.956478476524353,0.0,,0.0,0.0,0.0,0.0,17.839453125000002,17.839453125000002,Leave_One_experiments/all_year_offline_schedule_search/daily_outputs/YCA/YCA_2015_YCA2015_stress_grid_S0001_daily.csv
YCA,YCA,Yucheng,2015,Leave_One_experiments\wth_generated_qc\YCA\YCA2015.WTH,normal_year;water_stress_year;nitrogen_stress_year,water_stress,YCA2015_stress_grid_S0001,low_input_within_10pct_yield,2015-07-24,205,42,37,"{""sim_day"": 42.0, ""doy"": 205.0, ""topwt"": 1072.2721099853516, ""grnwt"": 0.0, ""xlai"": 0.9665291905403136, ""totir"": 0.0, ""tofer"": NaN, ""swfac"": 0.0, ""nstres"": 0.4992784261703491}",0.0,0.4992784261703491,1072.2721099853516,0.0,0.9665291905403136,0.0,,0.0,0.0,0.0,0.0,17.839453125000002,17.839453125000002,Leave_One_experiments/all_year_offline_schedule_search/daily_outputs/YCA/YCA_2015_YCA2015_stress_grid_S0001_daily.csv
YCA,YCA,Yucheng,2015,Leave_One_experiments\wth_generated_qc\YCA\YCA2015.WTH,normal_year;water_stress_year;nitrogen_stress_year,water_stress,YCA2015_stress_grid_S0001,low_input_within_10pct_yield,2015-07-25,206,43,38,"{""sim_day"": 43.0, ""doy"": 206.0, ""topwt"": 1144.6946716308594, ""grnwt"": 0.0, ""xlai"": 0.9779897332191468, ""totir"": 0.0, ""tofer"": NaN, ""swfac"": 0.0, ""nstres"": 0.5085356831550598}",0.0,0.5085356831550598,1144.6946716308594,0.0,0.9779897332191468,0.0,,0.0,0.0,0.0,0.0,17.839453125000002,17.839453125000002,Leave_One_experiments/all_year_offline_schedule_search/daily_outputs/YCA/YCA_2015_YCA2015_stress_grid_S0001_daily.csv
YCA,YCA,Yucheng,2015,Leave_One_experiments\wth_generated_qc\YCA\YCA2015.WTH,normal_year;water_stress_year;nitrogen_stress_year,water_stress,YCA2015_stress_grid_S0001,low_input_within_10pct_yield,2015-07-26,207,44,39,"{""sim_day"": 44.0, ""doy"": 207.0, ""topwt"": 1223.289794921875, ""grnwt"": 0.0, ""xlai"": 0.988798975944519, ""totir"": 0.0, ""tofer"": NaN, ""swfac"": 0.0, ""nstres"": 0.5142868757247925}",0.0,0.5142868757247925,1223.289794921875,0.0,0.988798975944519,0.0,,0.0,0.0,0.0,0.0,17.839453125000002,17.839453125000002,Leave_One_experiments/all_year_offline_schedule_search/daily_outputs/YCA/YCA_2015_YCA2015_stress_grid_S0001_daily.csv
YCA,YCA,Yucheng,2015,Leave_One_experiments\wth_generated_qc\YCA\YCA2015.WTH,normal_year;water_stress_year;nitrogen_stress_year,water_stress,YCA2015_stress_grid_S0001,low_input_within_10pct_yield,2015-07-27,208,45,40,"{""sim_day"": 45.0, ""doy"": 208.0, ""topwt"": 1307.4227905273438, ""grnwt"": 0.0, ""xlai"": 0.9982815384864808, ""totir"": 0.0, ""tofer"": NaN, ""swfac"": 0.0, ""nstres"": 0.5204567313194275}",0.0,0.5204567313194275,1307.4227905273438,0.0,0.9982815384864808,0.0,,0.0,0.0,0.0,0.0,17.839453125000002,17.839453125000002,Leave_One_experiments/all_year_offline_schedule_search/daily_outputs/YCA/YCA_2015_YCA2015_stress_grid_S0001_daily.csv
YCA,YCA,Yucheng,2015,Leave_One_experiments\wth_generated_qc\YCA\YCA2015.WTH,normal_year;water_stress_year;nitrogen_stress_year,water_stress,YCA2015_stress_grid_S0001,low_input_within_10pct_yield,2015-07-28,209,46,41,"{""sim_day"": 46.0, ""doy"": 209.0, ""topwt"": 1394.8521423339844, ""grnwt"": 0.0, ""xlai"": 1.0049797296524048, ""totir"": 0.0, ""tofer"": NaN, ""swfac"": 0.0, ""nstres"": 0.5278102159500122}",0.0,0.5278102159500122,1394.8521423339844,0.0,1.0049797296524048,0.0,,0.0,0.0,0.0,0.0,17.839453125000002,17.839453125000002,Leave_One_experiments/all_year_offline_schedule_search/daily_outputs/YCA/YCA_2015_YCA2015_stress_grid_S0001_daily.csv
YCA,YCA,Yucheng,2015,Leave_One_experiments\wth_generated_qc\YCA\YCA2015.WTH,normal_year;water_stress_year;nitrogen_stress_year,water_stress,YCA2015_stress_grid_S0001,low_input_within_10pct_yield,2015-07-29,210,47,42,"{""sim_day"": 47.0, ""doy"": 210.0, ""topwt"": 1461.380615234375, ""grnwt"": 0.0, ""xlai"": 0.9976080656051636, ""totir"": 0.0, ""tofer"": NaN, ""swfac"": 0.0, ""nstres"": 0.5362452864646912}",0.0,0.5362452864646912,1461.380615234375,0.0,0.9976080656051636,0.0,,0.0,0.0,0.0,0.0,17.839453125000002,17.839453125000002,Leave_One_experiments/all_year_offline_schedule_search/daily_outputs/YCA/YCA_2015_YCA2015_stress_grid_S0001_daily.csv
YCA,YCA,Yucheng,2015,Leave_One_experiments\wth_generated_qc\YCA\YCA2015.WTH,normal_year;water_stress_year;nitrogen_stress_year,water_stress,YCA2015_stress_grid_S0001,low_input_within_10pct_yield,2015-07-30,211,48,43,"{""sim_day"": 48.0, ""doy"": 211.0, ""topwt"": 1516.2203979492188, ""grnwt"": 0.0, ""xlai"": 0.9828003644943236, ""totir"": 0.0, ""tofer"": NaN, ""swfac"": 0.0, ""nstres"": 0.5451892614364624}",0.0,0.5451892614364624,1516.2203979492188,0.0,0.9828003644943236,0.0,,0.0,0.0,0.0,0.0,17.839453125000002,17.839453125000002,Leave_One_experiments/all_year_offline_schedule_search/daily_outputs/YCA/YCA_2015_YCA2015_stress_grid_S0001_daily.csv
YCA,YCA,Yucheng,2015,Leave_One_experiments\wth_generated_qc\YCA\YCA2015.WTH,normal_year;water_stress_year;nitrogen_stress_year,water_stress,YCA2015_stress_grid_S0001,low_input_within_10pct_yield,2015-07-31,212,49,44,"{""sim_day"": 49.0, ""doy"": 212.0, ""topwt"": 1575.9889221191406, ""grnwt"": 0.0, ""xlai"": 0.9813321828842164, ""totir"": 0.0, ""tofer"": NaN, ""swfac"": 0.0, ""nstres"": 0.5428275465965271}",0.0,0.5428275465965271,1575.9889221191406,0.0,0.9813321828842164,0.0,,0.0,0.0,0.0,0.0,17.839453125000002,17.839453125000002,Leave_One_experiments/all_year_offline_schedule_search/daily_outputs/YCA/YCA_2015_YCA2015_stress_grid_S0001_daily.csv
YCA,YCA,Yucheng,2015,Leave_One_experiments\wth_generated_qc\YCA\YCA2015.WTH,normal_year;water_stress_year;nitrogen_stress_year,water_stress,YCA2015_stress_grid_S0001,low_input_within_10pct_yield,2015-08-01,213,50,45,"{""sim_day"": 50.0, ""doy"": 213.0, ""topwt"": 1660.9706115722656, ""grnwt"": 0.0, ""xlai"": 0.980253517627716, ""totir"": 0.0, ""tofer"": NaN, ""swfac"": 0.0, ""nstres"": 0.5353607535362244}",0.0,0.5353607535362244,1660.9706115722656,0.0,0.980253517627716,0.0,,0.0,0.0,0.0,0.0,17.839453125000002,17.839453125000002,Leave_One_experiments/all_year_offline_schedule_search/daily_outputs/YCA/YCA_2015_YCA2015_stress_grid_S0001_daily.csv
YCA,YCA,Yucheng,2015,Leave_One_experiments\wth_generated_qc\YCA\YCA2015.WTH,normal_year;water_stress_year;nitrogen_stress_year,water_stress,YCA2015_stress_grid_S0001,low_input_within_10pct_yield,2015-08-02,214,51,46,"{""sim_day"": 51.0, ""doy"": 214.0, ""topwt"": 1686.064453125, ""grnwt"": 0.0, ""xlai"": 0.9514346718788148, ""totir"": 0.0, ""tofer"": NaN, ""swfac"": 0.0, ""nstres"": 0.5311754941940308}",0.0,0.5311754941940308,1686.064453125,0.0,0.9514346718788148,0.0,,0.0,0.0,0.0,0.0,17.839453125000002,17.839453125000002,Leave_One_experiments/all_year_offline_schedule_search/daily_outputs/YCA/YCA_2015_YCA2015_stress_grid_S0001_daily.csv
YCA,YCA,Yucheng,2015,Leave_One_experiments\wth_generated_qc\YCA\YCA2015.WTH,normal_year;water_stress_year;nitrogen_stress_year,water_stress,YCA2015_stress_grid_S0001,low_input_within_10pct_yield,2015-08-03,215,52,47,"{""sim_day"": 52.0, ""doy"": 215.0, ""topwt"": 1738.287353515625, ""grnwt"": 0.0, ""xlai"": 0.9318667054176332, ""totir"": 0.0, ""tofer"": NaN, ""swfac"": 0.0, ""nstres"": 0.5335010886192322}",0.0,0.5335010886192322,1738.287353515625,0.0,0.9318667054176332,0.0,,0.0,0.0,0.0,0.0,17.839453125000002,17.839453125000002,Leave_One_experiments/all_year_offline_schedule_search/daily_outputs/YCA/YCA_2015_YCA2015_stress_grid_S0001_daily.csv
YCA,YCA,Yucheng,2015,Leave_One_experiments\wth_generated_qc\YCA\YCA2015.WTH,normal_year;water_stress_year;nitrogen_stress_year,water_stress,YCA2015_stress_grid_S0001,low_input_within_10pct_yield,2015-08-04,216,53,48,"{""sim_day"": 53.0, ""doy"": 216.0, ""topwt"": 1782.6739501953125, ""grnwt"": 0.0, ""xlai"": 0.909758448600769, ""totir"": 0.0, ""tofer"": NaN, ""swfac"": 0.0, ""nstres"": 0.517418622970581}",0.0,0.517418622970581,1782.6739501953125,0.0,0.909758448600769,0.0,,0.0,0.0,0.0,0.0,17.839453125000002,17.839453125000002,Leave_One_experiments/all_year_offline_schedule_search/daily_outputs/YCA/YCA_2015_YCA2015_stress_grid_S0001_daily.csv
YCA,YCA,Yucheng,2015,Leave_One_experiments\wth_generated_qc\YCA\YCA2015.WTH,normal_year;water_stress_year;nitrogen_stress_year,water_stress,YCA2015_stress_grid_S0001,low_input_within_10pct_yield,2015-08-05,217,54,49,"{""sim_day"": 54.0, ""doy"": 217.0, ""topwt"": 1855.264129638672, ""grnwt"": 0.0, ""xlai"": 0.8958646059036255, ""totir"": 0.0, ""tofer"": NaN, ""swfac"": 0.0, ""nstres"": 0.512772798538208}",0.0,0.512772798538208,1855.264129638672,0.0,0.8958646059036255,0.0,,0.0,0.0,0.0,0.0,17.839453125000002,17.839453125000002,Leave_One_experiments/all_year_offline_schedule_search/daily_outputs/YCA/YCA_2015_YCA2015_stress_grid_S0001_daily.csv
YCA,YCA,Yucheng,2015,Leave_One_experiments\wth_generated_qc\YCA\YCA2015.WTH,normal_year;water_stress_year;nitrogen_stress_year,water_stress,YCA2015_stress_grid_S0001,low_input_within_10pct_yield,2015-08-06,218,55,50,"{""sim_day"": 55.0, ""doy"": 218.0, ""topwt"": 1940.3947448730469, ""grnwt"": 0.0, ""xlai"": 0.8848434090614319, ""totir"": 0.0, ""tofer"": NaN, ""swfac"": 0.0, ""nstres"": 0.50590980052948}",0.0,0.50590980052948,1940.3947448730469,0.0,0.8848434090614319,0.0,,0.0,0.0,0.0,0.0,17.839453125000002,17.839453125000002,Leave_One_experiments/all_year_offline_schedule_search/daily_outputs/YCA/YCA_2015_YCA2015_stress_grid_S0001_daily.csv
YCA,YCA,Yucheng,2015,Leave_One_experiments\wth_generated_qc\YCA\YCA2015.WTH,normal_year;water_stress_year;nitrogen_stress_year,water_stress,YCA2015_stress_grid_S0001,low_input_within_10pct_yield,2015-08-07,219,56,51,"{""sim_day"": 56.0, ""doy"": 219.0, ""topwt"": 2027.8228759765625, ""grnwt"": 0.0, ""xlai"": 0.8732483386993408, ""totir"": 0.0, ""tofer"": NaN, ""swfac"": 0.0, ""nstres"": 0.5142431855201721}",0.0,0.5142431855201721,2027.8228759765625,0.0,0.8732483386993408,0.0,,0.0,0.0,0.0,0.0,17.839453125000002,17.839453125000002,Leave_One_experiments/all_year_offline_schedule_search/daily_outputs/YCA/YCA_2015_YCA2015_stress_grid_S0001_daily.csv
YCA,YCA,Yucheng,2015,Leave_One_experiments\wth_generated_qc\YCA\YCA2015.WTH,normal_year;water_stress_year;nitrogen_stress_year,water_stress,YCA2015_stress_grid_S0001,low_input_within_10pct_yield,2015-08-08,220,57,52,"{""sim_day"": 57.0, ""doy"": 220.0, ""topwt"": 2117.4371337890625, ""grnwt"": 0.0, ""xlai"": 0.8623371720314026, ""totir"": 0.0, ""tofer"": NaN, ""swfac"": 0.0, ""nstres"": 0.5222455859184265}",0.0,0.5222455859184265,2117.4371337890625,0.0,0.8623371720314026,0.0,,0.0,0.0,0.0,0.0,17.839453125000002,17.839453125000002,Leave_One_experiments/all_year_offline_schedule_search/daily_outputs/YCA/YCA_2015_YCA2015_stress_grid_S0001_daily.csv
YCA,YCA,Yucheng,2015,Leave_One_experiments\wth_generated_qc\YCA\YCA2015.WTH,normal_year;water_stress_year;nitrogen_stress_year,water_stress,YCA2015_stress_grid_S0001,low_input_within_10pct_yield,2015-08-09,221,58,53,"{""sim_day"": 58.0, ""doy"": 221.0, ""topwt"": 2206.8687438964844, ""grnwt"": 0.0, ""xlai"": 0.8516740798950195, ""totir"": 0.0, ""tofer"": NaN, ""swfac"": 0.0, ""nstres"": 0.5251367092132568}",0.0,0.5251367092132568,2206.8687438964844,0.0,0.8516740798950195,0.0,,0.0,0.0,0.0,0.0,17.839453125000002,17.839453125000002,Leave_One_experiments/all_year_offline_schedule_search/daily_outputs/YCA/YCA_2015_YCA2015_stress_grid_S0001_daily.csv
YCA,YCA,Yucheng,2015,Leave_One_experiments\wth_generated_qc\YCA\YCA2015.WTH,normal_year;water_stress_year;nitrogen_stress_year,water_stress,YCA2015_stress_grid_S0001,low_input_within_10pct_yield,2015-08-10,222,59,54,"{""sim_day"": 59.0, ""doy"": 222.0, ""topwt"": 2280.8444213867188, ""grnwt"": 0.0, ""xlai"": 0.8374729156494141, ""totir"": 0.0, ""tofer"": NaN, ""swfac"": 0.0, ""nstres"": 0.5248223543167114}",0.0,0.5248223543167114,2280.8444213867188,0.0,0.8374729156494141,0.0,,0.0,0.0,0.0,0.0,17.839453125000002,17.839453125000002,Leave_One_experiments/all_year_offline_schedule_search/daily_outputs/YCA/YCA_2015_YCA2015_stress_grid_S0001_daily.csv
YCA,YCA,Yucheng,2015,Leave_One_experiments\wth_generated_qc\YCA\YCA2015.WTH,normal_year;water_stress_year;nitrogen_stress_year,water_stress,YCA2015_stress_grid_S0001,low_input_within_10pct_yield,2015-08-11,223,60,55,"{""sim_day"": 60.0, ""doy"": 223.0, ""topwt"": 2368.0113220214844, ""grnwt"": 0.0, ""xlai"": 0.8273057341575623, ""totir"": 0.0, ""tofer"": NaN, ""swfac"": 0.0, ""nstres"": 0.5210450291633606}",0.0,0.5210450291633606,2368.0113220214844,0.0,0.8273057341575623,0.0,,0.0,0.0,0.0,0.0,17.839453125000002,17.839453125000002,Leave_One_experiments/all_year_offline_schedule_search/daily_outputs/YCA/YCA_2015_YCA2015_stress_grid_S0001_daily.csv
YCA,YCA,Yucheng,2015,Leave_One_experiments\wth_generated_qc\YCA\YCA2015.WTH,normal_year;water_stress_year;nitrogen_stress_year,water_stress,YCA2015_stress_grid_S0001,low_input_within_10pct_yield,2015-08-12,224,61,56,"{""sim_day"": 61.0, ""doy"": 224.0, ""topwt"": 2455.924835205078, ""grnwt"": 0.0, ""xlai"": 0.8179452419281006, ""totir"": 0.0, ""tofer"": NaN, ""swfac"": 0.0, ""nstres"": 0.5141860842704773}",0.0,0.5141860842704773,2455.924835205078,0.0,0.8179452419281006,0.0,,0.0,0.0,0.0,0.0,17.839453125000002,17.839453125000002,Leave_One_experiments/all_year_offline_schedule_search/daily_outputs/YCA/YCA_2015_YCA2015_stress_grid_S0001_daily.csv
YCA,YCA,Yucheng,2015,Leave_One_experiments\wth_generated_qc\YCA\YCA2015.WTH,normal_year;water_stress_year;nitrogen_stress_year,water_stress,YCA2015_stress_grid_S0001,low_input_within_10pct_yield,2015-08-13,225,62,57,"{""sim_day"": 62.0, ""doy"": 225.0, ""topwt"": 2508.961944580078, ""grnwt"": 0.0, ""xlai"": 0.7871119379997253, ""totir"": 0.0, ""tofer"": NaN, ""swfac"": 0.0, ""nstres"": 0.504706859588623}",0.0,0.504706859588623,2508.961944580078,0.0,0.7871119379997253,0.0,,0.0,0.0,0.0,0.0,17.839453125000002,17.839453125000002,Leave_One_experiments/all_year_offline_schedule_search/daily_outputs/YCA/YCA_2015_YCA2015_stress_grid_S0001_daily.csv
YCA,YCA,Yucheng,2015,Leave_One_experiments\wth_generated_qc\YCA\YCA2015.WTH,normal_year;water_stress_year;nitrogen_stress_year,water_stress,YCA2015_stress_grid_S0001,low_input_within_10pct_yield,2015-08-14,226,63,58,"{""sim_day"": 63.0, ""doy"": 226.0, ""topwt"": 2575.400695800781, ""grnwt"": 0.0, ""xlai"": 0.7580500245094299, ""totir"": 0.0, ""tofer"": NaN, ""swfac"": 0.0, ""nstres"": 0.4861331582069397}",0.0,0.4861331582069397,2575.400695800781,0.0,0.7580500245094299,0.0,,0.0,0.0,0.0,0.0,17.839453125000002,17.839453125000002,Leave_One_experiments/all_year_offline_schedule_search/daily_outputs/YCA/YCA_2015_YCA2015_stress_grid_S0001_daily.csv
YCA,YCA,Yucheng,2015,Leave_One_experiments\wth_generated_qc\YCA\YCA2015.WTH,normal_year;water_stress_year;nitrogen_stress_year,water_stress,YCA2015_stress_grid_S0001,low_input_within_10pct_yield,2015-08-15,227,64,59,"{""sim_day"": 64.0, ""doy"": 227.0, ""topwt"": 2644.135131835937, ""grnwt"": 0.0, ""xlai"": 0.7304576635360718, ""totir"": 0.0, ""tofer"": NaN, ""swfac"": 0.0, ""nstres"": 0.4735785126686096}",0.0,0.4735785126686096,2644.135131835937,0.0,0.7304576635360718,0.0,,0.0,0.0,0.0,0.0,17.839453125000002,17.839453125000002,Leave_One_experiments/all_year_offline_schedule_search/daily_outputs/YCA/YCA_2015_YCA2015_stress_grid_S0001_daily.csv
YCA,YCA,Yucheng,2015,Leave_One_experiments\wth_generated_qc\YCA\YCA2015.WTH,normal_year;water_stress_year;nitrogen_stress_year,water_stress,YCA2015_stress_grid_S0001,low_input_within_10pct_yield,2015-08-16,228,65,60,"{""sim_day"": 65.0, ""doy"": 228.0, ""topwt"": 2678.46435546875, ""grnwt"": 0.0, ""xlai"": 0.7041396498680115, ""totir"": 0.0, ""tofer"": NaN, ""swfac"": 0.0, ""nstres"": 0.4647060632705688}",0.0,0.4647060632705688,2678.46435546875,0.0,0.7041396498680115,0.0,,0.0,0.0,0.0,0.0,17.839453125000002,17.839453125000002,Leave_One_experiments/all_year_offline_schedule_search/daily_outputs/YCA/YCA_2015_YCA2015_stress_grid_S0001_daily.csv
YCA,YCA,Yucheng,2015,Leave_One_experiments\wth_generated_qc\YCA\YCA2015.WTH,normal_year;water_stress_year;nitrogen_stress_year,water_stress,YCA2015_stress_grid_S0001,low_input_within_10pct_yield,2015-08-17,229,66,61,"{""sim_day"": 66.0, ""doy"": 229.0, ""topwt"": 2715.282592773437, ""grnwt"": 0.0, ""xlai"": 0.6790652275085449, ""totir"": 0.0, ""tofer"": NaN, ""swfac"": 0.0, ""nstres"": 0.4546423554420471}",0.0,0.4546423554420471,2715.282592773437,0.0,0.6790652275085449,0.0,,0.0,0.0,0.0,0.0,17.839453125000002,17.839453125000002,Leave_One_experiments/all_year_offline_schedule_search/daily_outputs/YCA/YCA_2015_YCA2015_stress_grid_S0001_daily.csv
YCA,YCA,Yucheng,2015,Leave_One_experiments\wth_generated_qc\YCA\YCA2015.WTH,normal_year;water_stress_year;nitrogen_stress_year,water_stress,YCA2015_stress_grid_S0001,low_input_within_10pct_yield,2015-08-18,230,67,62,"{""sim_day"": 67.0, ""doy"": 230.0, ""topwt"": 2735.3863525390625, ""grnwt"": 0.0, ""xlai"": 0.6553754806518555, ""totir"": 0.0, ""tofer"": NaN, ""swfac"": 0.0, ""nstres"": 0.4372594952583313}",0.0,0.4372594952583313,2735.3863525390625,0.0,0.6553754806518555,0.0,,0.0,0.0,0.0,0.0,17.839453125000002,17.839453125000002,Leave_One_experiments/all_year_offline_schedule_search/daily_outputs/YCA/YCA_2015_YCA2015_stress_grid_S0001_daily.csv
YCA,YCA,Yucheng,2015,Leave_One_experiments\wth_generated_qc\YCA\YCA2015.WTH,normal_year;water_stress_year;nitrogen_stress_year,water_stress,YCA2015_stress_grid_S0001,low_input_within_10pct_yield,2015-08-19,231,68,63,"{""sim_day"": 68.0, ""doy"": 231.0, ""topwt"": 2781.2078857421875, ""grnwt"": 0.0, ""xlai"": 0.6329625248908997, ""totir"": 0.0, ""tofer"": NaN, ""swfac"": 0.0, ""nstres"": 0.4207682609558105}",0.0,0.4207682609558105,2781.2078857421875,0.0,0.6329625248908997,0.0,,0.0,0.0,0.0,0.0,17.839453125000002,17.839453125000002,Leave_One_experiments/all_year_offline_schedule_search/daily_outputs/YCA/YCA_2015_YCA2015_stress_grid_S0001_daily.csv
YCA,YCA,Yucheng,2015,Leave_One_experiments\wth_generated_qc\YCA\YCA2015.WTH,normal_year;water_stress_year;nitrogen_stress_year,water_stress,YCA2015_stress_grid_S0001,low_input_within_10pct_yield,2015-08-20,232,69,64,"{""sim_day"": 69.0, ""doy"": 232.0, ""topwt"": 2841.382751464844, ""grnwt"": 0.0, ""xlai"": 0.6118892431259155, ""totir"": 0.0, ""tofer"": NaN, ""swfac"": 0.0, ""nstres"": 0.3990336656570434}",0.0,0.3990336656570434,2841.382751464844,0.0,0.6118892431259155,0.0,,0.0,0.0,0.0,0.0,17.839453125000002,17.839453125000002,Leave_One_experiments/all_year_offline_schedule_search/daily_outputs/YCA/YCA_2015_YCA2015_stress_grid_S0001_daily.csv
YCA,YCA,Yucheng,2015,Leave_One_experiments\wth_generated_qc\YCA\YCA2015.WTH,normal_year;water_stress_year;nitrogen_stress_year,water_stress,YCA2015_stress_grid_S0001,low_input_within_10pct_yield,2015-08-21,233,70,65,"{""sim_day"": 70.0, ""doy"": 233.0, ""topwt"": 2872.3223876953125, ""grnwt"": 0.0, ""xlai"": 0.5919273495674133, ""totir"": 0.0, ""tofer"": NaN, ""swfac"": 0.0, ""nstres"": 0.3829628229141235}",0.0,0.3829628229141235,2872.3223876953125,0.0,0.5919273495674133,0.0,,0.0,0.0,0.0,0.0,17.839453125000002,17.839453125000002,Leave_One_experiments/all_year_offline_schedule_search/daily_outputs/YCA/YCA_2015_YCA2015_stress_grid_S0001_daily.csv
YCA,YCA,Yucheng,2015,Leave_One_experiments\wth_generated_qc\YCA\YCA2015.WTH,normal_year;water_stress_year;nitrogen_stress_year,water_stress,YCA2015_stress_grid_S0001,low_input_within_10pct_yield,2015-08-22,234,71,66,"{""sim_day"": 71.0, ""doy"": 234.0, ""topwt"": 2961.748962402344, ""grnwt"": 89.42636489868164, ""xlai"": 0.5729062557220459, ""totir"": 0.0, ""tofer"": NaN, ""swfac"": 0.0, ""nstres"": 0.3712198138236999}",0.0,0.3712198138236999,2961.748962402344,89.42636489868164,0.5729062557220459,0.0,,0.0,0.0,0.0,0.0,17.839453125000002,17.839453125000002,Leave_One_experiments/all_year_offline_schedule_search/daily_outputs/YCA/YCA_2015_YCA2015_stress_grid_S0001_daily.csv
YCA,YCA,Yucheng,2015,Leave_One_experiments\wth_generated_qc\YCA\YCA2015.WTH,normal_year;water_stress_year;nitrogen_stress_year,water_stress,YCA2015_stress_grid_S0001,low_input_within_10pct_yield,2015-08-23,235,72,67,"{""sim_day"": 72.0, ""doy"": 235.0, ""topwt"": 3011.587829589844, ""grnwt"": 139.2651653289795, ""xlai"": 0.5540977120399475, ""totir"": 0.0, ""tofer"": NaN, ""swfac"": 0.0, ""nstres"": 0.3879210948944092}",0.0,0.3879210948944092,3011.587829589844,139.2651653289795,0.5540977120399475,0.0,,0.0,0.0,0.0,0.0,17.839453125000002,17.839453125000002,Leave_One_experiments/all_year_offline_schedule_search/daily_outputs/YCA/YCA_2015_YCA2015_stress_grid_S0001_daily.csv
YCA,YCA,Yucheng,2015,Leave_One_experiments\wth_generated_qc\YCA\YCA2015.WTH,normal_year;water_stress_year;nitrogen_stress_year,water_stress,YCA2015_stress_grid_S0001,low_input_within_10pct_yield,2015-08-24,236,73,68,"{""sim_day"": 73.0, ""doy"": 236.0, ""topwt"": 3061.426696777344, ""grnwt"": 189.10398483276367, ""xlai"": 0.5360866189002991, ""totir"": 0.0, ""tofer"": NaN, ""swfac"": 0.0, ""nstres"": 0.3801238536834717}",0.0,0.3801238536834717,3061.426696777344,189.10398483276367,0.5360866189002991,0.0,,0.0,0.0,0.0,0.0,17.839453125000002,17.839453125000002,Leave_One_experiments/all_year_offline_schedule_search/daily_outputs/YCA/YCA_2015_YCA2015_stress_grid_S0001_daily.csv
YCA,YCA,Yucheng,2015,Leave_One_experiments\wth_generated_qc\YCA\YCA2015.WTH,normal_year;water_stress_year;nitrogen_stress_year,water_stress,YCA2015_stress_grid_S0001,low_input_within_10pct_yield,2015-08-25,237,74,69,"{""sim_day"": 74.0, ""doy"": 237.0, ""topwt"": 3111.2652587890625, ""grnwt"": 238.94281387329104, ""xlai"": 0.5188437700271606, ""totir"": 0.0, ""tofer"": NaN, ""swfac"": 0.0, ""nstres"": 0.3719441890716553}",0.0,0.3719441890716553,3111.2652587890625,238.94281387329104,0.5188437700271606,0.0,,0.0,0.0,0.0,0.0,17.839453125000002,17.839453125000002,Leave_One_experiments/all_year_offline_schedule_search/daily_outputs/YCA/YCA_2015_YCA2015_stress_grid_S0001_daily.csv
YCA,YCA,Yucheng,2015,Leave_One_experiments\wth_generated_qc\YCA\YCA2015.WTH,normal_year;water_stress_year;nitrogen_stress_year,water_stress,YCA2015_stress_grid_S0001,low_input_within_10pct_yield,2015-08-26,238,75,70,"{""sim_day"": 75.0, ""doy"": 238.0, ""topwt"": 3161.1041259765625, ""grnwt"": 288.78162384033203, ""xlai"": 0.5023252367973328, ""totir"": 0.0, ""tofer"": NaN, ""swfac"": 0.0, ""nstres"": 0.3640918731689453}",0.0,0.3640918731689453,3161.1041259765625,288.78162384033203,0.5023252367973328,0.0,,0.0,0.0,0.0,0.0,17.839453125000002,17.839453125000002,Leave_One_experiments/all_year_offline_schedule_search/daily_outputs/YCA/YCA_2015_YCA2015_stress_grid_S0001_daily.csv
YCA,YCA,Yucheng,2015,Leave_One_experiments\wth_generated_qc\YCA\YCA2015.WTH,normal_year;water_stress_year;nitrogen_stress_year,water_stress,YCA2015_stress_grid_S0001,low_input_within_10pct_yield,2015-08-27,239,76,71,"{""sim_day"": 76.0, ""doy"": 239.0, ""topwt"": 3210.9429931640625, ""grnwt"": 338.6204528808594, ""xlai"": 0.4864981174468994, ""totir"": 0.0, ""tofer"": NaN, ""swfac"": 0.0, ""nstres"": 0.3561846017837524}",0.0,0.3561846017837524,3210.9429931640625,338.6204528808594,0.4864981174468994,0.0,,0.0,0.0,0.0,0.0,17.839453125000002,17.839453125000002,Leave_One_experiments/all_year_offline_schedule_search/daily_outputs/YCA/YCA_2015_YCA2015_stress_grid_S0001_daily.csv
YCA,YCA,Yucheng,2015,Leave_One_experiments\wth_generated_qc\YCA\YCA2015.WTH,normal_year;water_stress_year;nitrogen_stress_year,water_stress,YCA2015_stress_grid_S0001,low_input_within_10pct_yield,2015-08-28,240,77,72,"{""sim_day"": 77.0, ""doy"": 240.0, ""topwt"": 3260.7818603515625, ""grnwt"": 388.45924377441406, ""xlai"": 0.4713034629821777, ""totir"": 0.0, ""tofer"": NaN, ""swfac"": 0.0, ""nstres"": 0.3495875000953674}",0.0,0.3495875000953674,3260.7818603515625,388.45924377441406,0.4713034629821777,0.0,,0.0,0.0,0.0,0.0,17.839453125000002,17.839453125000002,Leave_One_experiments/all_year_offline_schedule_search/daily_outputs/YCA/YCA_2015_YCA2015_stress_grid_S0001_daily.csv
YCA,YCA,Yucheng,2015,Leave_One_experiments\wth_generated_qc\YCA\YCA2015.WTH,normal_year;water_stress_year;nitrogen_stress_year,water_stress,YCA2015_stress_grid_S0001,low_input_within_10pct_yield,2015-08-29,241,78,73,"{""sim_day"": 78.0, ""doy"": 241.0, ""topwt"": 3310.6207275390625, ""grnwt"": 438.2980728149414, ""xlai"": 0.4566875994205475, ""totir"": 0.0, ""tofer"": NaN, ""swfac"": 0.0, ""nstres"": 0.3442765474319458}",0.0,0.3442765474319458,3310.6207275390625,438.2980728149414,0.4566875994205475,0.0,,0.0,0.0,0.0,0.0,17.839453125000002,17.839453125000002,Leave_One_experiments/all_year_offline_schedule_search/daily_outputs/YCA/YCA_2015_YCA2015_stress_grid_S0001_daily.csv
YCA,YCA,Yucheng,2015,Leave_One_experiments\wth_generated_qc\YCA\YCA2015.WTH,normal_year;water_stress_year;nitrogen_stress_year,water_stress,YCA2015_stress_grid_S0001,low_input_within_10pct_yield,2015-08-30,242,79,74,"{""sim_day"": 79.0, ""doy"": 242.0, ""topwt"": 3334.4351196289062, ""grnwt"": 488.1369018554688, ""xlai"": 0.442628264427185, ""totir"": 0.0, ""tofer"": NaN, ""swfac"": 0.0, ""nstres"": 0.3388473391532898}",0.0,0.3388473391532898,3334.4351196289062,488.1369018554688,0.442628264427185,0.0,,0.0,0.0,0.0,0.0,17.839453125000002,17.839453125000002,Leave_One_experiments/all_year_offline_schedule_search/daily_outputs/YCA/YCA_2015_YCA2015_stress_grid_S0001_daily.csv
YCA,YCA,Yucheng,2015,Leave_One_experiments\wth_generated_qc\YCA\YCA2015.WTH,normal_year;water_stress_year;nitrogen_stress_year,water_stress,YCA2015_stress_grid_S0001,low_input_within_10pct_yield,2015-08-31,243,80,75,"{""sim_day"": 80.0, ""doy"": 243.0, ""topwt"": 3373.989562988281, ""grnwt"": 537.9756927490234, ""xlai"": 0.4290902316570282, ""totir"": 0.0, ""tofer"": NaN, ""swfac"": 0.0, ""nstres"": 0.3340508341789245}",0.0,0.3340508341789245,3373.989562988281,537.9756927490234,0.4290902316570282,0.0,,0.0,0.0,0.0,0.0,17.839453125000002,17.839453125000002,Leave_One_experiments/all_year_offline_schedule_search/daily_outputs/YCA/YCA_2015_YCA2015_stress_grid_S0001_daily.csv
YCA,YCA,Yucheng,2015,Leave_One_experiments\wth_generated_qc\YCA\YCA2015.WTH,normal_year;water_stress_year;nitrogen_stress_year,water_stress,YCA2015_stress_grid_S0001,low_input_within_10pct_yield,2015-09-01,244,81,76,"{""sim_day"": 81.0, ""doy"": 244.0, ""topwt"": 3424.2236328125, ""grnwt"": 587.8145217895508, ""xlai"": 0.416233092546463, ""totir"": 0.0, ""tofer"": NaN, ""swfac"": 0.0, ""nstres"": 0.3191255927085876}",0.0,0.3191255927085876,3424.2236328125,587.8145217895508,0.416233092546463,0.0,,0.0,0.0,0.0,0.0,17.839453125000002,17.839453125000002,Leave_One_experiments/all_year_offline_schedule_search/daily_outputs/YCA/YCA_2015_YCA2015_stress_grid_S0001_daily.csv
YCA,YCA,Yucheng,2015,Leave_One_experiments\wth_generated_qc\YCA\YCA2015.WTH,normal_year;water_stress_year;nitrogen_stress_year,water_stress,YCA2015_stress_grid_S0001,low_input_within_10pct_yield,2015-09-02,245,82,77,"{""sim_day"": 82.0, ""doy"": 245.0, ""topwt"": 3484.627685546875, ""grnwt"": 637.6533126831055, ""xlai"": 0.4038996696472168, ""totir"": 0.0, ""tofer"": NaN, ""swfac"": 0.0, ""nstres"": 0.3111414909362793}",0.0,0.3111414909362793,3484.627685546875,637.6533126831055,0.4038996696472168,0.0,,0.0,0.0,0.0,0.0,17.839453125000002,17.839453125000002,Leave_One_experiments/all_year_offline_schedule_search/daily_outputs/YCA/YCA_2015_YCA2015_stress_grid_S0001_daily.csv
YCA,YCA,Yucheng,2015,Leave_One_experiments\wth_generated_qc\YCA\YCA2015.WTH,normal_year;water_stress_year;nitrogen_stress_year,water_stress,YCA2015_stress_grid_S0001,low_input_within_10pct_yield,2015-09-03,246,83,78,"{""sim_day"": 83.0, ""doy"": 246.0, ""topwt"": 3504.852905273437, ""grnwt"": 687.4921417236328, ""xlai"": 0.3919649124145508, ""totir"": 0.0, ""tofer"": NaN, ""swfac"": 0.0, ""nstres"": 0.3091769218444824}",0.0,0.3091769218444824,3504.852905273437,687.4921417236328,0.3919649124145508,0.0,,0.0,0.0,0.0,0.0,17.839453125000002,17.839453125000002,Leave_One_experiments/all_year_offline_schedule_search/daily_outputs/YCA/YCA_2015_YCA2015_stress_grid_S0001_daily.csv
YCA,YCA,Yucheng,2015,Leave_One_experiments\wth_generated_qc\YCA\YCA2015.WTH,normal_year;water_stress_year;nitrogen_stress_year,water_stress,YCA2015_stress_grid_S0001,low_input_within_10pct_yield,2015-09-04,247,84,79,"{""sim_day"": 84.0, ""doy"": 247.0, ""topwt"": 3543.4701538085938, ""grnwt"": 737.3309326171875, ""xlai"": 0.3803567290306091, ""totir"": 0.0, ""tofer"": NaN, ""swfac"": 0.0, ""nstres"": 0.3107706308364868}",0.0,0.3107706308364868,3543.4701538085938,737.3309326171875,0.3803567290306091,0.0,,0.0,0.0,0.0,0.0,17.839453125000002,17.839453125000002,Leave_One_experiments/all_year_offline_schedule_search/daily_outputs/YCA/YCA_2015_YCA2015_stress_grid_S0001_daily.csv
YCA,YCA,Yucheng,2015,Leave_One_experiments\wth_generated_qc\YCA\YCA2015.WTH,normal_year;water_stress_year;nitrogen_stress_year,water_stress,YCA2015_stress_grid_S0001,low_input_within_10pct_yield,2015-09-05,248,85,80,"{""sim_day"": 85.0, ""doy"": 248.0, ""topwt"": 3605.8160400390634, ""grnwt"": 787.1697998046875, ""xlai"": 0.3693413734436035, ""totir"": 0.0, ""tofer"": NaN, ""swfac"": 0.0, ""nstres"": 0.2950496673583984}",0.0,0.2950496673583984,3605.8160400390634,787.1697998046875,0.3693413734436035,0.0,,0.0,0.0,0.0,0.0,17.839453125000002,17.839453125000002,Leave_One_experiments/all_year_offline_schedule_search/daily_outputs/YCA/YCA_2015_YCA2015_stress_grid_S0001_daily.csv
YCA,YCA,Yucheng,2015,Leave_One_experiments\wth_generated_qc\YCA\YCA2015.WTH,normal_year;water_stress_year;nitrogen_stress_year,water_stress,YCA2015_stress_grid_S0001,low_input_within_10pct_yield,2015-09-06,249,86,81,"{""sim_day"": 86.0, ""doy"": 249.0, ""topwt"": 3667.608947753906, ""grnwt"": 837.0085906982422, ""xlai"": 0.3587124049663543, ""totir"": 0.0, ""tofer"": NaN, ""swfac"": 0.0, ""nstres"": 0.2906742691993713}",0.0,0.2906742691993713,3667.608947753906,837.0085906982422,0.3587124049663543,0.0,,0.0,0.0,0.0,0.0,17.839453125000002,17.839453125000002,Leave_One_experiments/all_year_offline_schedule_search/daily_outputs/YCA/YCA_2015_YCA2015_stress_grid_S0001_daily.csv
YCA,YCA,Yucheng,2015,Leave_One_experiments\wth_generated_qc\YCA\YCA2015.WTH,normal_year;water_stress_year;nitrogen_stress_year,water_stress,YCA2015_stress_grid_S0001,low_input_within_10pct_yield,2015-09-07,250,87,82,"{""sim_day"": 87.0, ""doy"": 250.0, ""topwt"": 3719.98779296875, ""grnwt"": 886.8473815917969, ""xlai"": 0.3483426868915558, ""totir"": 0.0, ""tofer"": NaN, ""swfac"": 0.0, ""nstres"": 0.2937967777252197}",0.0,0.2937967777252197,3719.98779296875,886.8473815917969,0.3483426868915558,0.0,,0.0,0.0,0.0,0.0,17.839453125000002,17.839453125000002,Leave_One_experiments/all_year_offline_schedule_search/daily_outputs/YCA/YCA_2015_YCA2015_stress_grid_S0001_daily.csv
YCA,YCA,Yucheng,2015,Leave_One_experiments\wth_generated_qc\YCA\YCA2015.WTH,normal_year;water_stress_year;nitrogen_stress_year,water_stress,YCA2015_stress_grid_S0001,low_input_within_10pct_yield,2015-09-08,251,88,83,"{""sim_day"": 88.0, ""doy"": 251.0, ""topwt"": 3737.769470214844, ""grnwt"": 936.6862487792968, ""xlai"": 0.3382401466369629, ""totir"": 0.0, ""tofer"": NaN, ""swfac"": 0.0, ""nstres"": 0.2960469126701355}",0.0,0.2960469126701355,3737.769470214844,936.6862487792968,0.3382401466369629,0.0,,0.0,0.0,0.0,0.0,17.839453125000002,17.839453125000002,Leave_One_experiments/all_year_offline_schedule_search/daily_outputs/YCA/YCA_2015_YCA2015_stress_grid_S0001_daily.csv
YCA,YCA,Yucheng,2015,Leave_One_experiments\wth_generated_qc\YCA\YCA2015.WTH,normal_year;water_stress_year;nitrogen_stress_year,water_stress,YCA2015_stress_grid_S0001,low_input_within_10pct_yield,2015-09-09,252,89,84,"{""sim_day"": 89.0, ""doy"": 252.0, ""topwt"": 3764.2523193359375, ""grnwt"": 986.5250396728516, ""xlai"": 0.3284395635128021, ""totir"": 0.0, ""tofer"": NaN, ""swfac"": 0.0, ""nstres"": 0.2954022884368896}",0.0,0.2954022884368896,3764.2523193359375,986.5250396728516,0.3284395635128021,0.0,,0.0,0.0,0.0,0.0,17.839453125000002,17.839453125000002,Leave_One_experiments/all_year_offline_schedule_search/daily_outputs/YCA/YCA_2015_YCA2015_stress_grid_S0001_daily.csv
YCA,YCA,Yucheng,2015,Leave_One_experiments\wth_generated_qc\YCA\YCA2015.WTH,normal_year;water_stress_year;nitrogen_stress_year,water_stress,YCA2015_stress_grid_S0001,low_input_within_10pct_yield,2015-09-10,253,90,85,"{""sim_day"": 90.0, ""doy"": 253.0, ""topwt"": 3786.743469238281, ""grnwt"": 1036.3639068603516, ""xlai"": 0.3190875947475433, ""totir"": 0.0, ""tofer"": NaN, ""swfac"": 0.0, ""nstres"": 0.2833780646324157}",0.0,0.2833780646324157,3786.743469238281,1036.3639068603516,0.3190875947475433,0.0,,0.0,0.0,0.0,0.0,17.839453125000002,17.839453125000002,Leave_One_experiments/all_year_offline_schedule_search/daily_outputs/YCA/YCA_2015_YCA2015_stress_grid_S0001_daily.csv
YCA,YCA,Yucheng,2015,Leave_One_experiments\wth_generated_qc\YCA\YCA2015.WTH,normal_year;water_stress_year;nitrogen_stress_year,water_stress,YCA2015_stress_grid_S0001,low_input_within_10pct_yield,2015-09-11,254,91,86,"{""sim_day"": 91.0, ""doy"": 254.0, ""topwt"": 3845.967102050781, ""grnwt"": 1086.2026977539062, ""xlai"": 0.3101029992103576, ""totir"": 0.0, ""tofer"": NaN, ""swfac"": 0.0, ""nstres"": 0.2757735848426819}",0.0,0.2757735848426819,3845.967102050781,1086.2026977539062,0.3101029992103576,0.0,,0.0,0.0,0.0,0.0,17.839453125000002,17.839453125000002,Leave_One_experiments/all_year_offline_schedule_search/daily_outputs/YCA/YCA_2015_YCA2015_stress_grid_S0001_daily.csv
YCA,YCA,Yucheng,2015,Leave_One_experiments\wth_generated_qc\YCA\YCA2015.WTH,normal_year;water_stress_year;nitrogen_stress_year,water_stress,YCA2015_stress_grid_S0001,low_input_within_10pct_yield,2015-09-12,255,92,87,"{""sim_day"": 92.0, ""doy"": 255.0, ""topwt"": 3898.470764160156, ""grnwt"": 1136.0414123535156, ""xlai"": 0.3014722466468811, ""totir"": 0.0, ""tofer"": NaN, ""swfac"": 0.0, ""nstres"": 0.2679678797721863}",0.0,0.2679678797721863,3898.470764160156,1136.0414123535156,0.3014722466468811,0.0,,0.0,0.0,0.0,0.0,17.839453125000002,17.839453125000002,Leave_One_experiments/all_year_offline_schedule_search/daily_outputs/YCA/YCA_2015_YCA2015_stress_grid_S0001_daily.csv
YCA,YCA,Yucheng,2015,Leave_One_experiments\wth_generated_qc\YCA\YCA2015.WTH,normal_year;water_stress_year;nitrogen_stress_year,water_stress,YCA2015_stress_grid_S0001,low_input_within_10pct_yield,2015-09-13,256,93,88,"{""sim_day"": 93.0, ""doy"": 256.0, ""topwt"": 3948.857727050781, ""grnwt"": 1185.8802032470703, ""xlai"": 0.2929418683052063, ""totir"": 0.0, ""tofer"": NaN, ""swfac"": 0.0, ""nstres"": 0.2790905833244324}",0.0,0.2790905833244324,3948.857727050781,1185.8802032470703,0.2929418683052063,0.0,,0.0,0.0,0.0,0.0,17.839453125000002,17.839453125000002,Leave_One_experiments/all_year_offline_schedule_search/daily_outputs/YCA/YCA_2015_YCA2015_stress_grid_S0001_daily.csv
YCA,YCA,Yucheng,2015,Leave_One_experiments\wth_generated_qc\YCA\YCA2015.WTH,normal_year;water_stress_year;nitrogen_stress_year,water_stress,YCA2015_stress_grid_S0001,low_input_within_10pct_yield,2015-09-14,257,94,89,"{""sim_day"": 94.0, ""doy"": 257.0, ""topwt"": 3999.439697265625, ""grnwt"": 1235.718994140625, ""xlai"": 0.2845544219017029, ""totir"": 0.0, ""tofer"": NaN, ""swfac"": 0.0, ""nstres"": 0.2871646285057068}",0.0,0.2871646285057068,3999.439697265625,1235.718994140625,0.2845544219017029,0.0,,0.0,0.0,0.0,0.0,17.839453125000002,17.839453125000002,Leave_One_experiments/all_year_offline_schedule_search/daily_outputs/YCA/YCA_2015_YCA2015_stress_grid_S0001_daily.csv
YCA,YCA,Yucheng,2015,Leave_One_experiments\wth_generated_qc\YCA\YCA2015.WTH,normal_year;water_stress_year;nitrogen_stress_year,water_stress,YCA2015_stress_grid_S0001,low_input_within_10pct_yield,2015-09-15,258,95,90,"{""sim_day"": 95.0, ""doy"": 258.0, ""topwt"": 4045.836791992188, ""grnwt"": 1285.5577087402344, ""xlai"": 0.2763492166996002, ""totir"": 0.0, ""tofer"": NaN, ""swfac"": 0.0, ""nstres"": 0.2920495271682739}",0.0,0.2920495271682739,4045.836791992188,1285.5577087402344,0.2763492166996002,0.0,,0.0,0.0,0.0,0.0,17.839453125000002,17.839453125000002,Leave_One_experiments/all_year_offline_schedule_search/daily_outputs/YCA/YCA_2015_YCA2015_stress_grid_S0001_daily.csv
YCA,YCA,Yucheng,2015,Leave_One_experiments\wth_generated_qc\YCA\YCA2015.WTH,normal_year;water_stress_year;nitrogen_stress_year,water_stress,YCA2015_stress_grid_S0001,low_input_within_10pct_yield,2015-09-16,259,96,91,"{""sim_day"": 96.0, ""doy"": 259.0, ""topwt"": 4088.179626464844, ""grnwt"": 1335.3964233398438, ""xlai"": 0.268342524766922, ""totir"": 0.0, ""tofer"": NaN, ""swfac"": 0.0, ""nstres"": 0.2953490614891052}",0.0,0.2953490614891052,4088.179626464844,1335.3964233398438,0.268342524766922,0.0,,0.0,0.0,0.0,0.0,17.839453125000002,17.839453125000002,Leave_One_experiments/all_year_offline_schedule_search/daily_outputs/YCA/YCA_2015_YCA2015_stress_grid_S0001_daily.csv
YCA,YCA,Yucheng,2015,Leave_One_experiments\wth_generated_qc\YCA\YCA2015.WTH,normal_year;water_stress_year;nitrogen_stress_year,water_stress,YCA2015_stress_grid_S0001,low_input_within_10pct_yield,2015-09-17,260,97,92,"{""sim_day"": 97.0, ""doy"": 260.0, ""topwt"": 4119.904479980469, ""grnwt"": 1385.2352905273438, ""xlai"": 0.260560929775238, ""totir"": 0.0, ""tofer"": NaN, ""swfac"": 0.0, ""nstres"": 0.2959639430046081}",0.0,0.2959639430046081,4119.904479980469,1385.2352905273438,0.260560929775238,0.0,,0.0,0.0,0.0,0.0,17.839453125000002,17.839453125000002,Leave_One_experiments/all_year_offline_schedule_search/daily_outputs/YCA/YCA_2015_YCA2015_stress_grid_S0001_daily.csv
YCA,YCA,Yucheng,2015,Leave_One_experiments\wth_generated_qc\YCA\YCA2015.WTH,normal_year;water_stress_year;nitrogen_stress_year,water_stress,YCA2015_stress_grid_S0001,low_input_within_10pct_yield,2015-09-18,261,98,93,"{""sim_day"": 98.0, ""doy"": 261.0, ""topwt"": 4157.883605957031, ""grnwt"": 1435.0740051269531, ""xlai"": 0.2530292570590973, ""totir"": 0.0, ""tofer"": NaN, ""swfac"": 0.0, ""nstres"": 0.2937328219413757}",0.0,0.2937328219413757,4157.883605957031,1435.0740051269531,0.2530292570590973,0.0,,0.0,0.0,0.0,0.0,17.839453125000002,17.839453125000002,Leave_One_experiments/all_year_offline_schedule_search/daily_outputs/YCA/YCA_2015_YCA2015_stress_grid_S0001_daily.csv
YCA,YCA,Yucheng,2015,Leave_One_experiments\wth_generated_qc\YCA\YCA2015.WTH,normal_year;water_stress_year;nitrogen_stress_year,water_stress,YCA2015_stress_grid_S0001,low_input_within_10pct_yield,2015-09-19,262,99,94,"{""sim_day"": 99.0, ""doy"": 262.0, ""topwt"": 4204.033203125, ""grnwt"": 1484.9127197265625, ""xlai"": 0.245783269405365, ""totir"": 0.0, ""tofer"": NaN, ""swfac"": 0.0, ""nstres"": 0.2872845530509949}",0.0,0.2872845530509949,4204.033203125,1484.9127197265625,0.245783269405365,0.0,,0.0,0.0,0.0,0.0,17.839453125000002,17.839453125000002,Leave_One_experiments/all_year_offline_schedule_search/daily_outputs/YCA/YCA_2015_YCA2015_stress_grid_S0001_daily.csv
YCA,YCA,Yucheng,2015,Leave_One_experiments\wth_generated_qc\YCA\YCA2015.WTH,normal_year;water_stress_year;nitrogen_stress_year,water_stress,YCA2015_stress_grid_S0001,low_input_within_10pct_yield,2015-09-20,263,100,95,"{""sim_day"": 100.0, ""doy"": 263.0, ""topwt"": 4239.057312011719, ""grnwt"": 1534.751434326172, ""xlai"": 0.2387712597846985, ""totir"": 0.0, ""tofer"": NaN, ""swfac"": 0.0, ""nstres"": 0.2847042083740234}",0.0,0.2847042083740234,4239.057312011719,1534.751434326172,0.2387712597846985,0.0,,0.0,0.0,0.0,0.0,17.839453125000002,17.839453125000002,Leave_One_experiments/all_year_offline_schedule_search/daily_outputs/YCA/YCA_2015_YCA2015_stress_grid_S0001_daily.csv
YCA,YCA,Yucheng,2015,Leave_One_experiments\wth_generated_qc\YCA\YCA2015.WTH,normal_year;water_stress_year;nitrogen_stress_year,water_stress,YCA2015_stress_grid_S0001,low_input_within_10pct_yield,2015-09-21,264,101,96,"{""sim_day"": 101.0, ""doy"": 264.0, ""topwt"": 4256.95556640625, ""grnwt"": 1584.590301513672, ""xlai"": 0.2319239228963852, ""totir"": 0.0, ""tofer"": NaN, ""swfac"": 0.0, ""nstres"": 0.2882513999938965}",0.0,0.2882513999938965,4256.95556640625,1584.590301513672,0.2319239228963852,0.0,,0.0,0.0,0.0,0.0,17.839453125000002,17.839453125000002,Leave_One_experiments/all_year_offline_schedule_search/daily_outputs/YCA/YCA_2015_YCA2015_stress_grid_S0001_daily.csv
YCA,YCA,Yucheng,2015,Leave_One_experiments\wth_generated_qc\YCA\YCA2015.WTH,normal_year;water_stress_year;nitrogen_stress_year,water_stress,YCA2015_stress_grid_S0001,low_input_within_10pct_yield,2015-09-22,265,102,97,"{""sim_day"": 102.0, ""doy"": 265.0, ""topwt"": 4285.857238769531, ""grnwt"": 1634.4290161132812, ""xlai"": 0.2253116816282272, ""totir"": 0.0, ""tofer"": NaN, ""swfac"": 0.0, ""nstres"": 0.2842417359352112}",0.0,0.2842417359352112,4285.857238769531,1634.4290161132812,0.2253116816282272,0.0,,0.0,0.0,0.0,0.0,17.839453125000002,17.839453125000002,Leave_One_experiments/all_year_offline_schedule_search/daily_outputs/YCA/YCA_2015_YCA2015_stress_grid_S0001_daily.csv
YCA,YCA,Yucheng,2015,Leave_One_experiments\wth_generated_qc\YCA\YCA2015.WTH,normal_year;water_stress_year;nitrogen_stress_year,water_stress,YCA2015_stress_grid_S0001,low_input_within_10pct_yield,2015-09-23,266,103,98,"{""sim_day"": 103.0, ""doy"": 266.0, ""topwt"": 4303.296508789063, ""grnwt"": 1684.2677307128906, ""xlai"": 0.2190368324518203, ""totir"": 0.0, ""tofer"": NaN, ""swfac"": 0.0, ""nstres"": 0.268390953540802}",0.0,0.268390953540802,4303.296508789063,1684.2677307128906,0.2190368324518203,0.0,,0.0,0.0,0.0,0.0,17.839453125000002,17.839453125000002,Leave_One_experiments/all_year_offline_schedule_search/daily_outputs/YCA/YCA_2015_YCA2015_stress_grid_S0001_daily.csv
YCA,YCA,Yucheng,2015,Leave_One_experiments\wth_generated_qc\YCA\YCA2015.WTH,normal_year;water_stress_year;nitrogen_stress_year,water_stress,YCA2015_stress_grid_S0001,low_input_within_10pct_yield,2015-09-24,267,104,99,"{""sim_day"": 104.0, ""doy"": 267.0, ""topwt"": 4338.400268554688, ""grnwt"": 1734.1064453125, ""xlai"": 0.2129830718040466, ""totir"": 0.0, ""tofer"": NaN, ""swfac"": 0.0, ""nstres"": 0.263321578502655}",0.0,0.263321578502655,4338.400268554688,1734.1064453125,0.2129830718040466,0.0,,0.0,0.0,0.0,0.0,17.839453125000002,17.839453125000002,Leave_One_experiments/all_year_offline_schedule_search/daily_outputs/YCA/YCA_2015_YCA2015_stress_grid_S0001_daily.csv
YCA,YCA,Yucheng,2015,Leave_One_experiments\wth_generated_qc\YCA\YCA2015.WTH,normal_year;water_stress_year;nitrogen_stress_year,water_stress,YCA2015_stress_grid_S0001,low_input_within_10pct_yield,2015-09-25,268,105,100,"{""sim_day"": 105.0, ""doy"": 268.0, ""topwt"": 4378.3990478515625, ""grnwt"": 1783.9453125, ""xlai"": 0.2071961611509323, ""totir"": 0.0, ""tofer"": NaN, ""swfac"": 0.0, ""nstres"": 0.2520917057991028}",0.0,0.2520917057991028,4378.3990478515625,1783.9453125,0.2071961611509323,0.0,,0.0,0.0,0.0,0.0,17.839453125000002,17.839453125000002,Leave_One_experiments/all_year_offline_schedule_search/daily_outputs/YCA/YCA_2015_YCA2015_stress_grid_S0001_daily.csv
YCA,YCA,Yucheng,2015,Leave_One_experiments\wth_generated_qc\YCA\YCA2015.WTH,normal_year;water_stress_year;nitrogen_stress_year,water_stress,YCA2015_stress_grid_S0001,low_input_within_10pct_yield,2015-09-26,269,106,101,"{""sim_day"": 106.0, ""doy"": 269.0, ""topwt"": 4378.3990478515625, ""grnwt"": 1783.9453125, ""xlai"": 0.2071961611509323, ""totir"": 0.0, ""tofer"": NaN, ""swfac"": 0.0, ""nstres"": 0.2530184388160705}",0.0,0.2530184388160705,4378.3990478515625,1783.9453125,0.2071961611509323,0.0,,0.0,0.0,0.0,0.0,17.839453125000002,17.839453125000002,Leave_One_experiments/all_year_offline_schedule_search/daily_outputs/YCA/YCA_2015_YCA2015_stress_grid_S0001_daily.csv
YCA,YCA,Yucheng,2015,Leave_One_experiments\wth_generated_qc\YCA\YCA2015.WTH,normal_year;water_stress_year;nitrogen_stress_year,water_stress,YCA2015_stress_grid_S0001,low_input_within_10pct_yield,2015-09-27,270,107,102,"{""sim_day"": 107.0, ""doy"": 270.0, ""topwt"": 4378.3990478515625, ""grnwt"": 1783.9453125, ""xlai"": 0.2071961611509323, ""totir"": 0.0, ""tofer"": NaN, ""swfac"": 0.0, ""nstres"": 0.2530184388160705}",0.0,0.2530184388160705,4378.3990478515625,1783.9453125,0.2071961611509323,0.0,,0.0,0.0,0.0,0.0,17.839453125000002,17.839453125000002,Leave_One_experiments/all_year_offline_schedule_search/daily_outputs/YCA/YCA_2015_YCA2015_stress_grid_S0001_daily.csv
YCA,YCA,Yucheng,2015,Leave_One_experiments\wth_generated_qc\YCA\YCA2015.WTH,normal_year;water_stress_year;nitrogen_stress_year,water_stress,YCA2015_stress_grid_S0001,low_input_within_10pct_yield,2015-09-28,271,108,103,"{""sim_day"": 108.0, ""doy"": 271.0, ""topwt"": 4378.3990478515625, ""grnwt"": 1783.9453125, ""xlai"": 0.2071961611509323, ""totir"": 0.0, ""tofer"": NaN, ""swfac"": 0.0, ""nstres"": 0.2530184388160705}",0.0,0.2530184388160705,4378.3990478515625,1783.9453125,0.2071961611509323,0.0,,0.0,0.0,0.0,0.0,17.839453125000002,17.839453125000002,Leave_One_experiments/all_year_offline_schedule_search/daily_outputs/YCA/YCA_2015_YCA2015_stress_grid_S0001_daily.csv
YCA,YCA,Yucheng,2015,Leave_One_experiments\wth_generated_qc\YCA\YCA2015.WTH,normal_year;water_stress_year;nitrogen_stress_year,water_stress,YCA2015_stress_grid_S0007,pareto_balanced,2015-06-18,169,1,1,"{""sim_day"": 1.0, ""doy"": 169.0, ""topwt"": 0.0, ""grnwt"": 0.0, ""xlai"": 0.0, ""totir"": 0.0, ""tofer"": NaN, ""swfac"": 0.0, ""nstres"": 0.0}",0.0,0.0,0.0,0.0,0.0,0.0,,0.0,0.0,40.0,0.0,-1.6504165649414055,14.349583435058594,Leave_One_experiments/all_year_offline_schedule_search/daily_outputs/YCA/YCA_2015_YCA2015_stress_grid_S0007_daily.csv
YCA,YCA,Yucheng,2015,Leave_One_experiments\wth_generated_qc\YCA\YCA2015.WTH,normal_year;water_stress_year;nitrogen_stress_year,water_stress,YCA2015_stress_grid_S0007,pareto_balanced,2015-06-19,170,2,2,"{""sim_day"": 2.0, ""doy"": 170.0, ""topwt"": 0.0, ""grnwt"": 0.0, ""xlai"": 0.0, ""totir"": 0.0, ""tofer"": NaN, ""swfac"": 0.0, ""nstres"": 0.0}",0.0,0.0,0.0,0.0,0.0,0.0,,0.0,0.0,40.0,0.0,-1.6504165649414055,14.349583435058594,Leave_One_experiments/all_year_offline_schedule_search/daily_outputs/YCA/YCA_2015_YCA2015_stress_grid_S0007_daily.csv
YCA,YCA,Yucheng,2015,Leave_One_experiments\wth_generated_qc\YCA\YCA2015.WTH,normal_year;water_stress_year;nitrogen_stress_year,water_stress,YCA2015_stress_grid_S0007,pareto_balanced,2015-06-20,171,3,3,"{""sim_day"": 3.0, ""doy"": 171.0, ""topwt"": 0.0, ""grnwt"": 0.0, ""xlai"": 0.0, ""totir"": 0.0, ""tofer"": NaN, ""swfac"": 0.0, ""nstres"": 0.0}",0.0,0.0,0.0,0.0,0.0,0.0,,0.0,0.0,40.0,0.0,-1.6504165649414055,14.349583435058594,Leave_One_experiments/all_year_offline_schedule_search/daily_outputs/YCA/YCA_2015_YCA2015_stress_grid_S0007_daily.csv
YCA,YCA,Yucheng,2015,Leave_One_experiments\wth_generated_qc\YCA\YCA2015.WTH,normal_year;water_stress_year;nitrogen_stress_year,water_stress,YCA2015_stress_grid_S0007,pareto_balanced,2015-06-21,172,4,4,"{""sim_day"": 4.0, ""doy"": 172.0, ""topwt"": 0.0, ""grnwt"": 0.0, ""xlai"": 0.0, ""totir"": 0.0, ""tofer"": NaN, ""swfac"": 0.0, ""nstres"": 0.0}",0.0,0.0,0.0,0.0,0.0,0.0,,0.0,0.0,40.0,0.0,-1.6504165649414055,14.349583435058594,Leave_One_experiments/all_year_offline_schedule_search/daily_outputs/YCA/YCA_2015_YCA2015_stress_grid_S0007_daily.csv
YCA,YCA,Yucheng,2015,Leave_One_experiments\wth_generated_qc\YCA\YCA2015.WTH,normal_year;water_stress_year;nitrogen_stress_year,water_stress,YCA2015_stress_grid_S0007,pareto_balanced,2015-06-22,173,5,5,"{""sim_day"": 5.0, ""doy"": 173.0, ""topwt"": 0.0, ""grnwt"": 0.0, ""xlai"": 0.0, ""totir"": 0.0, ""tofer"": NaN, ""swfac"": 0.0, ""nstres"": 0.0}",0.0,0.0,0.0,0.0,0.0,0.0,,0.0,0.0,40.0,0.0,-1.6504165649414055,14.349583435058594,Leave_One_experiments/all_year_offline_schedule_search/daily_outputs/YCA/YCA_2015_YCA2015_stress_grid_S0007_daily.csv
YCA,YCA,Yucheng,2015,Leave_One_experiments\wth_generated_qc\YCA\YCA2015.WTH,normal_year;water_stress_year;nitrogen_stress_year,water_stress,YCA2015_stress_grid_S0007,pareto_balanced,2015-06-18,169,6,1,"{""sim_day"": 6.0, ""doy"": 169.0, ""topwt"": 0.0, ""grnwt"": 0.0, ""xlai"": 0.0, ""totir"": 0.0, ""tofer"": NaN, ""swfac"": 0.0, ""nstres"": 0.0}",0.0,0.0,0.0,0.0,0.0,0.0,,0.0,0.0,40.0,0.0,-1.6504165649414055,14.349583435058594,Leave_One_experiments/all_year_offline_schedule_search/daily_outputs/YCA/YCA_2015_YCA2015_stress_grid_S0007_daily.csv
YCA,YCA,Yucheng,2015,Leave_One_experiments\wth_generated_qc\YCA\YCA2015.WTH,normal_year;water_stress_year;nitrogen_stress_year,water_stress,YCA2015_stress_grid_S0007,pareto_balanced,2015-06-19,170,7,2,"{""sim_day"": 7.0, ""doy"": 170.0, ""topwt"": 0.0, ""grnwt"": 0.0, ""xlai"": 0.0, ""totir"": 0.0, ""tofer"": NaN, ""swfac"": 0.0, ""nstres"": 0.0}",0.0,0.0,0.0,0.0,0.0,0.0,,0.0,0.0,40.0,0.0,-1.6504165649414055,14.349583435058594,Leave_One_experiments/all_year_offline_schedule_search/daily_outputs/YCA/YCA_2015_YCA2015_stress_grid_S0007_daily.csv
YCA,YCA,Yucheng,2015,Leave_One_experiments\wth_generated_qc\YCA\YCA2015.WTH,normal_year;water_stress_year;nitrogen_stress_year,water_stress,YCA2015_stress_grid_S0007,pareto_balanced,2015-06-20,171,8,3,"{""sim_day"": 8.0, ""doy"": 171.0, ""topwt"": 0.0, ""grnwt"": 0.0, ""xlai"": 0.0, ""totir"": 0.0, ""tofer"": NaN, ""swfac"": 0.0, ""nstres"": 0.0}",0.0,0.0,0.0,0.0,0.0,0.0,,0.0,0.0,40.0,0.0,-1.6504165649414055,14.349583435058594,Leave_One_experiments/all_year_offline_schedule_search/daily_outputs/YCA/YCA_2015_YCA2015_stress_grid_S0007_daily.csv
YCA,YCA,Yucheng,2015,Leave_One_experiments\wth_generated_qc\YCA\YCA2015.WTH,normal_year;water_stress_year;nitrogen_stress_year,water_stress,YCA2015_stress_grid_S0007,pareto_balanced,2015-06-21,172,9,4,"{""sim_day"": 9.0, ""doy"": 172.0, ""topwt"": 0.0, ""grnwt"": 0.0, ""xlai"": 0.0, ""totir"": 0.0, ""tofer"": NaN, ""swfac"": 0.0, ""nstres"": 0.0}",0.0,0.0,0.0,0.0,0.0,0.0,,0.0,0.0,40.0,0.0,-1.6504165649414055,14.349583435058594,Leave_One_experiments/all_year_offline_schedule_search/daily_outputs/YCA/YCA_2015_YCA2015_stress_grid_S0007_daily.csv
YCA,YCA,Yucheng,2015,Leave_One_experiments\wth_generated_qc\YCA\YCA2015.WTH,normal_year;water_stress_year;nitrogen_stress_year,water_stress,YCA2015_stress_grid_S0007,pareto_balanced,2015-06-22,173,10,5,"{""sim_day"": 10.0, ""doy"": 173.0, ""topwt"": 0.0, ""grnwt"": 0.0, ""xlai"": 0.0, ""totir"": 0.0, ""tofer"": NaN, ""swfac"": 0.0, ""nstres"": 0.0}",0.0,0.0,0.0,0.0,0.0,0.0,,0.0,0.0,40.0,0.0,-1.6504165649414055,14.349583435058594,Leave_One_experiments/all_year_offline_schedule_search/daily_outputs/YCA/YCA_2015_YCA2015_stress_grid_S0007_daily.csv
YCA,YCA,Yucheng,2015,Leave_One_experiments\wth_generated_qc\YCA\YCA2015.WTH,normal_year;water_stress_year;nitrogen_stress_year,water_stress,YCA2015_stress_grid_S0007,pareto_balanced,2015-06-23,174,11,6,"{""sim_day"": 11.0, ""doy"": 174.0, ""topwt"": 26.400001049041748, ""grnwt"": 0.0, ""xlai"": 0.0037475994322448, ""totir"": 0.0, ""tofer"": NaN, ""swfac"": 0.0, ""nstres"": 0.0121910572052001}",0.0,0.0121910572052001,26.400001049041748,0.0,0.0037475994322448,0.0,,0.0,0.0,40.0,0.0,-1.6504165649414055,14.349583435058594,Leave_One_experiments/all_year_offline_schedule_search/daily_outputs/YCA/YCA_2015_YCA2015_stress_grid_S0007_daily.csv
YCA,YCA,Yucheng,2015,Leave_One_experiments\wth_generated_qc\YCA\YCA2015.WTH,normal_year;water_stress_year;nitrogen_stress_year,water_stress,YCA2015_stress_grid_S0007,pareto_balanced,2015-06-24,175,12,7,"{""sim_day"": 12.0, ""doy"": 175.0, ""topwt"": 26.400001049041748, ""grnwt"": 0.0, ""xlai"": 0.0070741116069257, ""totir"": 0.0, ""tofer"": NaN, ""swfac"": 0.0, ""nstres"": 0.0117386579513549}",0.0,0.0117386579513549,26.400001049041748,0.0,0.0070741116069257,0.0,,0.0,0.0,40.0,0.0,-1.6504165649414055,14.349583435058594,Leave_One_experiments/all_year_offline_schedule_search/daily_outputs/YCA/YCA_2015_YCA2015_stress_grid_S0007_daily.csv
YCA,YCA,Yucheng,2015,Leave_One_experiments\wth_generated_qc\YCA\YCA2015.WTH,normal_year;water_stress_year;nitrogen_stress_year,water_stress,YCA2015_stress_grid_S0007,pareto_balanced,2015-06-25,176,13,8,"{""sim_day"": 13.0, ""doy"": 176.0, ""topwt"": 26.400001049041748, ""grnwt"": 0.0, ""xlai"": 0.0118272546678781, ""totir"": 0.0, ""tofer"": NaN, ""swfac"": 0.0, ""nstres"": 0.0055167078971862}",0.0,0.0055167078971862,26.400001049041748,0.0,0.0118272546678781,0.0,,0.0,0.0,40.0,0.0,-1.6504165649414055,14.349583435058594,Leave_One_experiments/all_year_offline_schedule_search/daily_outputs/YCA/YCA_2015_YCA2015_stress_grid_S0007_daily.csv
YCA,YCA,Yucheng,2015,Leave_One_experiments\wth_generated_qc\YCA\YCA2015.WTH,normal_year;water_stress_year;nitrogen_stress_year,water_stress,YCA2015_stress_grid_S0007,pareto_balanced,2015-06-26,177,14,9,"{""sim_day"": 14.0, ""doy"": 177.0, ""topwt"": 26.400001049041748, ""grnwt"": 0.0, ""xlai"": 0.0182310193777084, ""totir"": 0.0, ""tofer"": NaN, ""swfac"": 0.0, ""nstres"": 0.0}",0.0,0.0,26.400001049041748,0.0,0.0182310193777084,0.0,,0.0,0.0,40.0,0.0,-1.6504165649414055,14.349583435058594,Leave_One_experiments/all_year_offline_schedule_search/daily_outputs/YCA/YCA_2015_YCA2015_stress_grid_S0007_daily.csv
YCA,YCA,Yucheng,2015,Leave_One_experiments\wth_generated_qc\YCA\YCA2015.WTH,normal_year;water_stress_year;nitrogen_stress_year,water_stress,YCA2015_stress_grid_S0007,pareto_balanced,2015-06-27,178,15,10,"{""sim_day"": 15.0, ""doy"": 178.0, ""topwt"": 26.400001049041748, ""grnwt"": 0.0, ""xlai"": 0.0425222180783748, ""totir"": 0.0, ""tofer"": NaN, ""swfac"": 0.0, ""nstres"": 0.0}",0.0,0.0,26.400001049041748,0.0,0.0425222180783748,0.0,,0.0,0.0,40.0,0.0,-1.6504165649414055,14.349583435058594,Leave_One_experiments/all_year_offline_schedule_search/daily_outputs/YCA/YCA_2015_YCA2015_stress_grid_S0007_daily.csv
YCA,YCA,Yucheng,2015,Leave_One_experiments\wth_generated_qc\YCA\YCA2015.WTH,normal_year;water_stress_year;nitrogen_stress_year,water_stress,YCA2015_stress_grid_S0007,pareto_balanced,2015-06-28,179,16,11,"{""sim_day"": 16.0, ""doy"": 179.0, ""topwt"": 32.985219955444336, ""grnwt"": 0.0, ""xlai"": 0.0625705644488334, ""totir"": 0.0, ""tofer"": NaN, ""swfac"": 0.0, ""nstres"": 0.0}",0.0,0.0,32.985219955444336,0.0,0.0625705644488334,0.0,,0.0,0.0,40.0,0.0,-1.6504165649414055,14.349583435058594,Leave_One_experiments/all_year_offline_schedule_search/daily_outputs/YCA/YCA_2015_YCA2015_stress_grid_S0007_daily.csv
YCA,YCA,Yucheng,2015,Leave_One_experiments\wth_generated_qc\YCA\YCA2015.WTH,normal_year;water_stress_year;nitrogen_stress_year,water_stress,YCA2015_stress_grid_S0007,pareto_balanced,2015-06-29,180,17,12,"{""sim_day"": 17.0, ""doy"": 180.0, ""topwt"": 42.2584342956543, ""grnwt"": 0.0, ""xlai"": 0.0849899053573608, ""totir"": 0.0, ""tofer"": NaN, ""swfac"": 0.0, ""nstres"": 0.0}",0.0,0.0,42.2584342956543,0.0,0.0849899053573608,0.0,,0.0,0.0,40.0,0.0,-1.6504165649414055,14.349583435058594,Leave_One_experiments/all_year_offline_schedule_search/daily_outputs/YCA/YCA_2015_YCA2015_stress_grid_S0007_daily.csv
YCA,YCA,Yucheng,2015,Leave_One_experiments\wth_generated_qc\YCA\YCA2015.WTH,normal_year;water_stress_year;nitrogen_stress_year,water_stress,YCA2015_stress_grid_S0007,pareto_balanced,2015-06-30,181,18,13,"{""sim_day"": 18.0, ""doy"": 181.0, ""topwt"": 58.326921463012695, ""grnwt"": 0.0, ""xlai"": 0.1206550747156143, ""totir"": 0.0, ""tofer"": NaN, ""swfac"": 0.0, ""nstres"": 0.0}",0.0,0.0,58.326921463012695,0.0,0.1206550747156143,0.0,,0.0,0.0,40.0,0.0,-1.6504165649414055,14.349583435058594,Leave_One_experiments/all_year_offline_schedule_search/daily_outputs/YCA/YCA_2015_YCA2015_stress_grid_S0007_daily.csv
YCA,YCA,Yucheng,2015,Leave_One_experiments\wth_generated_qc\YCA\YCA2015.WTH,normal_year;water_stress_year;nitrogen_stress_year,water_stress,YCA2015_stress_grid_S0007,pareto_balanced,2015-07-01,182,19,14,"{""sim_day"": 19.0, ""doy"": 182.0, ""topwt"": 78.30052852630615, ""grnwt"": 0.0, ""xlai"": 0.1614735126495361, ""totir"": 0.0, ""tofer"": NaN, ""swfac"": 0.0, ""nstres"": 0.0}",0.0,0.0,78.30052852630615,0.0,0.1614735126495361,0.0,,0.0,0.0,40.0,0.0,-1.6504165649414055,14.349583435058594,Leave_One_experiments/all_year_offline_schedule_search/daily_outputs/YCA/YCA_2015_YCA2015_stress_grid_S0007_daily.csv
YCA,YCA,Yucheng,2015,Leave_One_experiments\wth_generated_qc\YCA\YCA2015.WTH,normal_year;water_stress_year;nitrogen_stress_year,water_stress,YCA2015_stress_grid_S0007,pareto_balanced,2015-07-02,183,20,15,"{""sim_day"": 20.0, ""doy"": 183.0, ""topwt"": 100.43471336364746, ""grnwt"": 0.0, ""xlai"": 0.2037417143583297, ""totir"": 0.0, ""tofer"": NaN, ""swfac"": 0.0, ""nstres"": 0.0}",0.0,0.0,100.43471336364746,0.0,0.2037417143583297,0.0,,0.0,0.0,40.0,0.0,-1.6504165649414055,14.349583435058594,Leave_One_experiments/all_year_offline_schedule_search/daily_outputs/YCA/YCA_2015_YCA2015_stress_grid_S0007_daily.csv
YCA,YCA,Yucheng,2015,Leave_One_experiments\wth_generated_qc\YCA\YCA2015.WTH,normal_year;water_stress_year;nitrogen_stress_year,water_stress,YCA2015_stress_grid_S0007,pareto_balanced,2015-07-03,184,21,16,"{""sim_day"": 21.0, ""doy"": 184.0, ""topwt"": 128.59026908874512, ""grnwt"": 0.0, ""xlai"": 0.2543987929821014, ""totir"": 0.0, ""tofer"": NaN, ""swfac"": 0.0, ""nstres"": 0.0}",0.0,0.0,128.59026908874512,0.0,0.2543987929821014,0.0,,0.0,0.0,40.0,0.0,-1.6504165649414055,14.349583435058594,Leave_One_experiments/all_year_offline_schedule_search/daily_outputs/YCA/YCA_2015_YCA2015_stress_grid_S0007_daily.csv
YCA,YCA,Yucheng,2015,Leave_One_experiments\wth_generated_qc\YCA\YCA2015.WTH,normal_year;water_stress_year;nitrogen_stress_year,water_stress,YCA2015_stress_grid_S0007,pareto_balanced,2015-07-04,185,22,17,"{""sim_day"": 22.0, ""doy"": 185.0, ""topwt"": 163.38811874389648, ""grnwt"": 0.0, ""xlai"": 0.3134718537330627, ""totir"": 0.0, ""tofer"": NaN, ""swfac"": 0.0, ""nstres"": 0.0488724708557128}",0.0,0.0488724708557128,163.38811874389648,0.0,0.3134718537330627,0.0,,0.0,0.0,40.0,0.0,-1.6504165649414055,14.349583435058594,Leave_One_experiments/all_year_offline_schedule_search/daily_outputs/YCA/YCA_2015_YCA2015_stress_grid_S0007_daily.csv
YCA,YCA,Yucheng,2015,Leave_One_experiments\wth_generated_qc\YCA\YCA2015.WTH,normal_year;water_stress_year;nitrogen_stress_year,water_stress,YCA2015_stress_grid_S0007,pareto_balanced,2015-07-05,186,23,18,"{""sim_day"": 23.0, ""doy"": 186.0, ""topwt"": 192.32023239135745, ""grnwt"": 0.0, ""xlai"": 0.3821237981319427, ""totir"": 0.0, ""tofer"": NaN, ""swfac"": 0.0, ""nstres"": 0.1082016825675964}",0.0,0.1082016825675964,192.32023239135745,0.0,0.3821237981319427,0.0,,0.0,0.0,40.0,0.0,-1.6504165649414055,14.349583435058594,Leave_One_experiments/all_year_offline_schedule_search/daily_outputs/YCA/YCA_2015_YCA2015_stress_grid_S0007_daily.csv
YCA,YCA,Yucheng,2015,Leave_One_experiments\wth_generated_qc\YCA\YCA2015.WTH,normal_year;water_stress_year;nitrogen_stress_year,water_stress,YCA2015_stress_grid_S0007,pareto_balanced,2015-07-06,187,24,19,"{""sim_day"": 24.0, ""doy"": 187.0, ""topwt"": 223.0888938903809, ""grnwt"": 0.0, ""xlai"": 0.4266769289970398, ""totir"": 0.0, ""tofer"": NaN, ""swfac"": 0.0, ""nstres"": 0.1640729308128357}",0.0,0.1640729308128357,223.0888938903809,0.0,0.4266769289970398,0.0,,0.0,0.0,40.0,0.0,-1.6504165649414055,14.349583435058594,Leave_One_experiments/all_year_offline_schedule_search/daily_outputs/YCA/YCA_2015_YCA2015_stress_grid_S0007_daily.csv
YCA,YCA,Yucheng,2015,Leave_One_experiments\wth_generated_qc\YCA\YCA2015.WTH,normal_year;water_stress_year;nitrogen_stress_year,water_stress,YCA2015_stress_grid_S0007,pareto_balanced,2015-07-07,188,25,20,"{""sim_day"": 25.0, ""doy"": 188.0, ""topwt"": 251.31711959838867, ""grnwt"": 0.0, ""xlai"": 0.4620018303394317, ""totir"": 0.0, ""tofer"": NaN, ""swfac"": 0.0, ""nstres"": 0.2290185689926147}",0.0,0.2290185689926147,251.31711959838867,0.0,0.4620018303394317,0.0,,0.0,0.0,40.0,0.0,-1.6504165649414055,14.349583435058594,Leave_One_experiments/all_year_offline_schedule_search/daily_outputs/YCA/YCA_2015_YCA2015_stress_grid_S0007_daily.csv
YCA,YCA,Yucheng,2015,Leave_One_experiments\wth_generated_qc\YCA\YCA2015.WTH,normal_year;water_stress_year;nitrogen_stress_year,water_stress,YCA2015_stress_grid_S0007,pareto_balanced,2015-07-08,189,26,21,"{""sim_day"": 26.0, ""doy"": 189.0, ""topwt"": 279.4300651550293, ""grnwt"": 0.0, ""xlai"": 0.4939437508583069, ""totir"": 0.0, ""tofer"": NaN, ""swfac"": 0.0, ""nstres"": 0.2862887978553772}",0.0,0.2862887978553772,279.4300651550293,0.0,0.4939437508583069,0.0,,0.0,0.0,40.0,0.0,-1.6504165649414055,14.349583435058594,Leave_One_experiments/all_year_offline_schedule_search/daily_outputs/YCA/YCA_2015_YCA2015_stress_grid_S0007_daily.csv
YCA,YCA,Yucheng,2015,Leave_One_experiments\wth_generated_qc\YCA\YCA2015.WTH,normal_year;water_stress_year;nitrogen_stress_year,water_stress,YCA2015_stress_grid_S0007,pareto_balanced,2015-07-09,190,27,22,"{""sim_day"": 27.0, ""doy"": 190.0, ""topwt"": 313.0035591125488, ""grnwt"": 0.0, ""xlai"": 0.5323792099952698, ""totir"": 0.0, ""tofer"": NaN, ""swfac"": 0.0, ""nstres"": 0.2924789190292358}",0.0,0.2924789190292358,313.0035591125488,0.0,0.5323792099952698,0.0,,0.0,0.0,40.0,0.0,-1.6504165649414055,14.349583435058594,Leave_One_experiments/all_year_offline_schedule_search/daily_outputs/YCA/YCA_2015_YCA2015_stress_grid_S0007_daily.csv
YCA,YCA,Yucheng,2015,Leave_One_experiments\wth_generated_qc\YCA\YCA2015.WTH,normal_year;water_stress_year;nitrogen_stress_year,water_stress,YCA2015_stress_grid_S0007,pareto_balanced,2015-07-10,191,28,23,"{""sim_day"": 28.0, ""doy"": 191.0, ""topwt"": 347.60616302490234, ""grnwt"": 0.0, ""xlai"": 0.5699329376220703, ""totir"": 0.0, ""tofer"": NaN, ""swfac"": 0.0, ""nstres"": 0.2996854186058044}",0.0,0.2996854186058044,347.60616302490234,0.0,0.5699329376220703,0.0,,0.0,0.0,40.0,0.0,-1.6504165649414055,14.349583435058594,Leave_One_experiments/all_year_offline_schedule_search/daily_outputs/YCA/YCA_2015_YCA2015_stress_grid_S0007_daily.csv
YCA,YCA,Yucheng,2015,Leave_One_experiments\wth_generated_qc\YCA\YCA2015.WTH,normal_year;water_stress_year;nitrogen_stress_year,water_stress,YCA2015_stress_grid_S0007,pareto_balanced,2015-07-11,192,29,24,"{""sim_day"": 29.0, ""doy"": 192.0, ""topwt"": 387.40570068359375, ""grnwt"": 0.0, ""xlai"": 0.6119778752326965, ""totir"": 0.0, ""tofer"": NaN, ""swfac"": 0.0, ""nstres"": 0.3407716155052185}",0.0,0.3407716155052185,387.40570068359375,0.0,0.6119778752326965,0.0,,0.0,0.0,40.0,0.0,-1.6504165649414055,14.349583435058594,Leave_One_experiments/all_year_offline_schedule_search/daily_outputs/YCA/YCA_2015_YCA2015_stress_grid_S0007_daily.csv
YCA,YCA,Yucheng,2015,Leave_One_experiments\wth_generated_qc\YCA\YCA2015.WTH,normal_year;water_stress_year;nitrogen_stress_year,water_stress,YCA2015_stress_grid_S0007,pareto_balanced,2015-07-12,193,30,25,"{""sim_day"": 30.0, ""doy"": 193.0, ""topwt"": 429.3702697753906, ""grnwt"": 0.0, ""xlai"": 0.6465014219284058, ""totir"": 0.0, ""tofer"": NaN, ""swfac"": 0.0, ""nstres"": 0.3758286237716675}",0.0,0.3758286237716675,429.3702697753906,0.0,0.6465014219284058,0.0,,0.0,0.0,40.0,0.0,-1.6504165649414055,14.349583435058594,Leave_One_experiments/all_year_offline_schedule_search/daily_outputs/YCA/YCA_2015_YCA2015_stress_grid_S0007_daily.csv
YCA,YCA,Yucheng,2015,Leave_One_experiments\wth_generated_qc\YCA\YCA2015.WTH,normal_year;water_stress_year;nitrogen_stress_year,water_stress,YCA2015_stress_grid_S0007,pareto_balanced,2015-07-13,194,31,26,"{""sim_day"": 31.0, ""doy"": 194.0, ""topwt"": 481.66881561279297, ""grnwt"": 0.0, ""xlai"": 0.6979809999465942, ""totir"": 0.0, ""tofer"": NaN, ""swfac"": 0.0, ""nstres"": 0.3753975629806518}",0.0,0.3753975629806518,481.66881561279297,0.0,0.6979809999465942,0.0,,0.0,0.0,40.0,0.0,-1.6504165649414055,14.349583435058594,Leave_One_experiments/all_year_offline_schedule_search/daily_outputs/YCA/YCA_2015_YCA2015_stress_grid_S0007_daily.csv
YCA,YCA,Yucheng,2015,Leave_One_experiments\wth_generated_qc\YCA\YCA2015.WTH,normal_year;water_stress_year;nitrogen_stress_year,water_stress,YCA2015_stress_grid_S0007,pareto_balanced,2015-07-14,195,32,27,"{""sim_day"": 32.0, ""doy"": 195.0, ""topwt"": 530.3936767578125, ""grnwt"": 0.0, ""xlai"": 0.7405853867530823, ""totir"": 0.0, ""tofer"": NaN, ""swfac"": 0.0, ""nstres"": 0.3576728105545044}",0.0,0.3576728105545044,530.3936767578125,0.0,0.7405853867530823,0.0,,0.0,0.0,40.0,0.0,-1.6504165649414055,14.349583435058594,Leave_One_experiments/all_year_offline_schedule_search/daily_outputs/YCA/YCA_2015_YCA2015_stress_grid_S0007_daily.csv
YCA,YCA,Yucheng,2015,Leave_One_experiments\wth_generated_qc\YCA\YCA2015.WTH,normal_year;water_stress_year;nitrogen_stress_year,water_stress,YCA2015_stress_grid_S0007,pareto_balanced,2015-07-15,196,33,28,"{""sim_day"": 33.0, ""doy"": 196.0, ""topwt"": 575.9761047363281, ""grnwt"": 0.0, ""xlai"": 0.7748618125915527, ""totir"": 0.0, ""tofer"": NaN, ""swfac"": 0.0, ""nstres"": 0.3642428517341614}",0.0,0.3642428517341614,575.9761047363281,0.0,0.7748618125915527,0.0,,0.0,0.0,40.0,0.0,-1.6504165649414055,14.349583435058594,Leave_One_experiments/all_year_offline_schedule_search/daily_outputs/YCA/YCA_2015_YCA2015_stress_grid_S0007_daily.csv
YCA,YCA,Yucheng,2015,Leave_One_experiments\wth_generated_qc\YCA\YCA2015.WTH,normal_year;water_stress_year;nitrogen_stress_year,water_stress,YCA2015_stress_grid_S0007,pareto_balanced,2015-07-16,197,34,29,"{""sim_day"": 34.0, ""doy"": 197.0, ""topwt"": 627.1505355834961, ""grnwt"": 0.0, ""xlai"": 0.8120498061180115, ""totir"": 0.0, ""tofer"": NaN, ""swfac"": 0.0, ""nstres"": 0.3632177114486694}",0.0,0.3632177114486694,627.1505355834961,0.0,0.8120498061180115,0.0,,0.0,0.0,40.0,0.0,-1.6504165649414055,14.349583435058594,Leave_One_experiments/all_year_offline_schedule_search/daily_outputs/YCA/YCA_2015_YCA2015_stress_grid_S0007_daily.csv
YCA,YCA,Yucheng,2015,Leave_One_experiments\wth_generated_qc\YCA\YCA2015.WTH,normal_year;water_stress_year;nitrogen_stress_year,water_stress,YCA2015_stress_grid_S0007,pareto_balanced,2015-07-17,198,35,30,"{""sim_day"": 35.0, ""doy"": 198.0, ""topwt"": 671.8331909179688, ""grnwt"": 0.0, ""xlai"": 0.8369783163070679, ""totir"": 0.0, ""tofer"": NaN, ""swfac"": 0.0, ""nstres"": 0.3782752752304077}",0.0,0.3782752752304077,671.8331909179688,0.0,0.8369783163070679,0.0,,0.0,0.0,40.0,0.0,-1.6504165649414055,14.349583435058594,Leave_One_experiments/all_year_offline_schedule_search/daily_outputs/YCA/YCA_2015_YCA2015_stress_grid_S0007_daily.csv
YCA,YCA,Yucheng,2015,Leave_One_experiments\wth_generated_qc\YCA\YCA2015.WTH,normal_year;water_stress_year;nitrogen_stress_year,water_stress,YCA2015_stress_grid_S0007,pareto_balanced,2015-07-18,199,36,31,"{""sim_day"": 36.0, ""doy"": 199.0, ""topwt"": 722.3786163330078, ""grnwt"": 0.0, ""xlai"": 0.8637790083885193, ""totir"": 0.0, ""tofer"": NaN, ""swfac"": 0.0, ""nstres"": 0.4035719037055969}",0.0,0.4035719037055969,722.3786163330078,0.0,0.8637790083885193,0.0,,0.0,0.0,40.0,0.0,-1.6504165649414055,14.349583435058594,Leave_One_experiments/all_year_offline_schedule_search/daily_outputs/YCA/YCA_2015_YCA2015_stress_grid_S0007_daily.csv
YCA,YCA,Yucheng,2015,Leave_One_experiments\wth_generated_qc\YCA\YCA2015.WTH,normal_year;water_stress_year;nitrogen_stress_year,water_stress,YCA2015_stress_grid_S0007,pareto_balanced,2015-07-19,200,37,32,"{""sim_day"": 37.0, ""doy"": 200.0, ""topwt"": 777.578125, ""grnwt"": 0.0, ""xlai"": 0.8905207514762878, ""totir"": 0.0, ""tofer"": NaN, ""swfac"": 0.0, ""nstres"": 0.4191242456436157}",0.0,0.4191242456436157,777.578125,0.0,0.8905207514762878,0.0,,0.0,0.0,40.0,0.0,-1.6504165649414055,14.349583435058594,Leave_One_experiments/all_year_offline_schedule_search/daily_outputs/YCA/YCA_2015_YCA2015_stress_grid_S0007_daily.csv
YCA,YCA,Yucheng,2015,Leave_One_experiments\wth_generated_qc\YCA\YCA2015.WTH,normal_year;water_stress_year;nitrogen_stress_year,water_stress,YCA2015_stress_grid_S0007,pareto_balanced,2015-07-20,201,38,33,"{""sim_day"": 38.0, ""doy"": 201.0, ""topwt"": 835.1913452148438, ""grnwt"": 0.0, ""xlai"": 0.9142224192619324, ""totir"": 0.0, ""tofer"": NaN, ""swfac"": 0.0, ""nstres"": 0.438858151435852}",0.0,0.438858151435852,835.1913452148438,0.0,0.9142224192619324,0.0,,0.0,0.0,40.0,0.0,-1.6504165649414055,14.349583435058594,Leave_One_experiments/all_year_offline_schedule_search/daily_outputs/YCA/YCA_2015_YCA2015_stress_grid_S0007_daily.csv
YCA,YCA,Yucheng,2015,Leave_One_experiments\wth_generated_qc\YCA\YCA2015.WTH,normal_year;water_stress_year;nitrogen_stress_year,water_stress,YCA2015_stress_grid_S0007,pareto_balanced,2015-07-21,202,39,34,"{""sim_day"": 39.0, ""doy"": 202.0, ""topwt"": 888.98681640625, ""grnwt"": 0.0, ""xlai"": 0.9294233918190002, ""totir"": 0.0, ""tofer"": NaN, ""swfac"": 0.0, ""nstres"": 0.4594079852104187}",0.0,0.4594079852104187,888.98681640625,0.0,0.9294233918190002,0.0,,0.0,0.0,40.0,0.0,-1.6504165649414055,14.349583435058594,Leave_One_experiments/all_year_offline_schedule_search/daily_outputs/YCA/YCA_2015_YCA2015_stress_grid_S0007_daily.csv
YCA,YCA,Yucheng,2015,Leave_One_experiments\wth_generated_qc\YCA\YCA2015.WTH,normal_year;water_stress_year;nitrogen_stress_year,water_stress,YCA2015_stress_grid_S0007,pareto_balanced,2015-07-22,203,40,35,"{""sim_day"": 40.0, ""doy"": 203.0, ""topwt"": 946.0944366455078, ""grnwt"": 0.0, ""xlai"": 0.94314706325531, ""totir"": 40.0, ""tofer"": NaN, ""swfac"": 0.0, ""nstres"": 0.4730035662651062}",0.0,0.4730035662651062,946.0944366455078,0.0,0.94314706325531,40.0,,40.0,0.0,40.0,0.0,-1.6504165649414055,14.349583435058594,Leave_One_experiments/all_year_offline_schedule_search/daily_outputs/YCA/YCA_2015_YCA2015_stress_grid_S0007_daily.csv
YCA,YCA,Yucheng,2015,Leave_One_experiments\wth_generated_qc\YCA\YCA2015.WTH,normal_year;water_stress_year;nitrogen_stress_year,water_stress,YCA2015_stress_grid_S0007,pareto_balanced,2015-07-23,204,41,36,"{""sim_day"": 41.0, ""doy"": 204.0, ""topwt"": 1009.8690795898438, ""grnwt"": 0.0, ""xlai"": 0.9579270482063292, ""totir"": 40.0, ""tofer"": NaN, ""swfac"": 0.0, ""nstres"": 0.4794422388076782}",0.0,0.4794422388076782,1009.8690795898438,0.0,0.9579270482063292,40.0,,0.0,0.0,40.0,0.0,-1.6504165649414055,14.349583435058594,Leave_One_experiments/all_year_offline_schedule_search/daily_outputs/YCA/YCA_2015_YCA2015_stress_grid_S0007_daily.csv
YCA,YCA,Yucheng,2015,Leave_One_experiments\wth_generated_qc\YCA\YCA2015.WTH,normal_year;water_stress_year;nitrogen_stress_year,water_stress,YCA2015_stress_grid_S0007,pareto_balanced,2015-07-24,205,42,37,"{""sim_day"": 42.0, ""doy"": 205.0, ""topwt"": 1074.4154357910156, ""grnwt"": 0.0, ""xlai"": 0.9685178399086, ""totir"": 40.0, ""tofer"": NaN, ""swfac"": 0.0, ""nstres"": 0.4962282180786133}",0.0,0.4962282180786133,1074.4154357910156,0.0,0.9685178399086,40.0,,0.0,0.0,40.0,0.0,-1.6504165649414055,14.349583435058594,Leave_One_experiments/all_year_offline_schedule_search/daily_outputs/YCA/YCA_2015_YCA2015_stress_grid_S0007_daily.csv
YCA,YCA,Yucheng,2015,Leave_One_experiments\wth_generated_qc\YCA\YCA2015.WTH,normal_year;water_stress_year;nitrogen_stress_year,water_stress,YCA2015_stress_grid_S0007,pareto_balanced,2015-07-25,206,43,38,"{""sim_day"": 43.0, ""doy"": 206.0, ""topwt"": 1145.7335662841797, ""grnwt"": 0.0, ""xlai"": 0.978966474533081, ""totir"": 40.0, ""tofer"": NaN, ""swfac"": 0.0, ""nstres"": 0.51304692029953}",0.0,0.51304692029953,1145.7335662841797,0.0,0.978966474533081,40.0,,0.0,0.0,40.0,0.0,-1.6504165649414055,14.349583435058594,Leave_One_experiments/all_year_offline_schedule_search/daily_outputs/YCA/YCA_2015_YCA2015_stress_grid_S0007_daily.csv
YCA,YCA,Yucheng,2015,Leave_One_experiments\wth_generated_qc\YCA\YCA2015.WTH,normal_year;water_stress_year;nitrogen_stress_year,water_stress,YCA2015_stress_grid_S0007,pareto_balanced,2015-07-26,207,44,39,"{""sim_day"": 44.0, ""doy"": 207.0, ""topwt"": 1221.327896118164, ""grnwt"": 0.0, ""xlai"": 0.9874310493469238, ""totir"": 40.0, ""tofer"": NaN, ""swfac"": 0.0, ""nstres"": 0.5252016186714172}",0.0,0.5252016186714172,1221.327896118164,0.0,0.9874310493469238,40.0,,0.0,0.0,40.0,0.0,-1.6504165649414055,14.349583435058594,Leave_One_experiments/all_year_offline_schedule_search/daily_outputs/YCA/YCA_2015_YCA2015_stress_grid_S0007_daily.csv
YCA,YCA,Yucheng,2015,Leave_One_experiments\wth_generated_qc\YCA\YCA2015.WTH,normal_year;water_stress_year;nitrogen_stress_year,water_stress,YCA2015_stress_grid_S0007,pareto_balanced,2015-07-27,208,45,40,"{""sim_day"": 45.0, ""doy"": 208.0, ""topwt"": 1301.9424438476562, ""grnwt"": 0.0, ""xlai"": 0.9944911003112792, ""totir"": 40.0, ""tofer"": NaN, ""swfac"": 0.0, ""nstres"": 0.5320682525634766}",0.0,0.5320682525634766,1301.9424438476562,0.0,0.9944911003112792,40.0,,0.0,0.0,40.0,0.0,-1.6504165649414055,14.349583435058594,Leave_One_experiments/all_year_offline_schedule_search/daily_outputs/YCA/YCA_2015_YCA2015_stress_grid_S0007_daily.csv
YCA,YCA,Yucheng,2015,Leave_One_experiments\wth_generated_qc\YCA\YCA2015.WTH,normal_year;water_stress_year;nitrogen_stress_year,water_stress,YCA2015_stress_grid_S0007,pareto_balanced,2015-07-28,209,46,41,"{""sim_day"": 46.0, ""doy"": 209.0, ""topwt"": 1387.8286743164062, ""grnwt"": 0.0, ""xlai"": 1.0002501010894775, ""totir"": 40.0, ""tofer"": NaN, ""swfac"": 0.0, ""nstres"": 0.5348942875862122}",0.0,0.5348942875862122,1387.8286743164062,0.0,1.0002501010894775,40.0,,0.0,0.0,40.0,0.0,-1.6504165649414055,14.349583435058594,Leave_One_experiments/all_year_offline_schedule_search/daily_outputs/YCA/YCA_2015_YCA2015_stress_grid_S0007_daily.csv
YCA,YCA,Yucheng,2015,Leave_One_experiments\wth_generated_qc\YCA\YCA2015.WTH,normal_year;water_stress_year;nitrogen_stress_year,water_stress,YCA2015_stress_grid_S0007,pareto_balanced,2015-07-29,210,47,42,"{""sim_day"": 47.0, ""doy"": 210.0, ""topwt"": 1453.755340576172, ""grnwt"": 0.0, ""xlai"": 0.992677628993988, ""totir"": 40.0, ""tofer"": NaN, ""swfac"": 0.0, ""nstres"": 0.5389240384101868}",0.0,0.5389240384101868,1453.755340576172,0.0,0.992677628993988,40.0,,0.0,0.0,40.0,0.0,-1.6504165649414055,14.349583435058594,Leave_One_experiments/all_year_offline_schedule_search/daily_outputs/YCA/YCA_2015_YCA2015_stress_grid_S0007_daily.csv
YCA,YCA,Yucheng,2015,Leave_One_experiments\wth_generated_qc\YCA\YCA2015.WTH,normal_year;water_stress_year;nitrogen_stress_year,water_stress,YCA2015_stress_grid_S0007,pareto_balanced,2015-07-30,211,48,43,"{""sim_day"": 48.0, ""doy"": 211.0, ""topwt"": 1508.4640502929688, ""grnwt"": 0.0, ""xlai"": 0.978040874004364, ""totir"": 40.0, ""tofer"": NaN, ""swfac"": 0.0, ""nstres"": 0.5447098612785339}",0.0,0.5447098612785339,1508.4640502929688,0.0,0.978040874004364,40.0,,0.0,0.0,40.0,0.0,-1.6504165649414055,14.349583435058594,Leave_One_experiments/all_year_offline_schedule_search/daily_outputs/YCA/YCA_2015_YCA2015_stress_grid_S0007_daily.csv
YCA,YCA,Yucheng,2015,Leave_One_experiments\wth_generated_qc\YCA\YCA2015.WTH,normal_year;water_stress_year;nitrogen_stress_year,water_stress,YCA2015_stress_grid_S0007,pareto_balanced,2015-07-31,212,49,44,"{""sim_day"": 49.0, ""doy"": 212.0, ""topwt"": 1568.3786010742188, ""grnwt"": 0.0, ""xlai"": 0.976975679397583, ""totir"": 40.0, ""tofer"": NaN, ""swfac"": 0.0, ""nstres"": 0.5401651859283447}",0.0,0.5401651859283447,1568.3786010742188,0.0,0.976975679397583,40.0,,0.0,0.0,40.0,0.0,-1.6504165649414055,14.349583435058594,Leave_One_experiments/all_year_offline_schedule_search/daily_outputs/YCA/YCA_2015_YCA2015_stress_grid_S0007_daily.csv
YCA,YCA,Yucheng,2015,Leave_One_experiments\wth_generated_qc\YCA\YCA2015.WTH,normal_year;water_stress_year;nitrogen_stress_year,water_stress,YCA2015_stress_grid_S0007,pareto_balanced,2015-08-01,213,50,45,"{""sim_day"": 50.0, ""doy"": 213.0, ""topwt"": 1653.809051513672, ""grnwt"": 0.0, ""xlai"": 0.9764369130134584, ""totir"": 40.0, ""tofer"": NaN, ""swfac"": 0.0, ""nstres"": 0.5314635634422302}",0.0,0.5314635634422302,1653.809051513672,0.0,0.9764369130134584,40.0,,0.0,0.0,40.0,0.0,-1.6504165649414055,14.349583435058594,Leave_One_experiments/all_year_offline_schedule_search/daily_outputs/YCA/YCA_2015_YCA2015_stress_grid_S0007_daily.csv
YCA,YCA,Yucheng,2015,Leave_One_experiments\wth_generated_qc\YCA\YCA2015.WTH,normal_year;water_stress_year;nitrogen_stress_year,water_stress,YCA2015_stress_grid_S0007,pareto_balanced,2015-08-02,214,51,46,"{""sim_day"": 51.0, ""doy"": 214.0, ""topwt"": 1679.0859985351562, ""grnwt"": 0.0, ""xlai"": 0.948028326034546, ""totir"": 40.0, ""tofer"": NaN, ""swfac"": 0.0, ""nstres"": 0.5265216827392578}",0.0,0.5265216827392578,1679.0859985351562,0.0,0.948028326034546,40.0,,0.0,0.0,40.0,0.0,-1.6504165649414055,14.349583435058594,Leave_One_experiments/all_year_offline_schedule_search/daily_outputs/YCA/YCA_2015_YCA2015_stress_grid_S0007_daily.csv
YCA,YCA,Yucheng,2015,Leave_One_experiments\wth_generated_qc\YCA\YCA2015.WTH,normal_year;water_stress_year;nitrogen_stress_year,water_stress,YCA2015_stress_grid_S0007,pareto_balanced,2015-08-03,215,52,47,"{""sim_day"": 52.0, ""doy"": 215.0, ""topwt"": 1731.3198852539062, ""grnwt"": 0.0, ""xlai"": 0.9286511540412904, ""totir"": 40.0, ""tofer"": NaN, ""swfac"": 0.0, ""nstres"": 0.5322240591049194}",0.0,0.5322240591049194,1731.3198852539062,0.0,0.9286511540412904,40.0,,0.0,0.0,40.0,0.0,-1.6504165649414055,14.349583435058594,Leave_One_experiments/all_year_offline_schedule_search/daily_outputs/YCA/YCA_2015_YCA2015_stress_grid_S0007_daily.csv
YCA,YCA,Yucheng,2015,Leave_One_experiments\wth_generated_qc\YCA\YCA2015.WTH,normal_year;water_stress_year;nitrogen_stress_year,water_stress,YCA2015_stress_grid_S0007,pareto_balanced,2015-08-04,216,53,48,"{""sim_day"": 53.0, ""doy"": 216.0, ""topwt"": 1775.8447265625, ""grnwt"": 0.0, ""xlai"": 0.9068160057067872, ""totir"": 40.0, ""tofer"": NaN, ""swfac"": 0.0, ""nstres"": 0.5147413611412048}",0.0,0.5147413611412048,1775.8447265625,0.0,0.9068160057067872,40.0,,0.0,0.0,40.0,0.0,-1.6504165649414055,14.349583435058594,Leave_One_experiments/all_year_offline_schedule_search/daily_outputs/YCA/YCA_2015_YCA2015_stress_grid_S0007_daily.csv
YCA,YCA,Yucheng,2015,Leave_One_experiments\wth_generated_qc\YCA\YCA2015.WTH,normal_year;water_stress_year;nitrogen_stress_year,water_stress,YCA2015_stress_grid_S0007,pareto_balanced,2015-08-05,217,54,49,"{""sim_day"": 54.0, ""doy"": 217.0, ""topwt"": 1848.926544189453, ""grnwt"": 0.0, ""xlai"": 0.8933500647544861, ""totir"": 40.0, ""tofer"": NaN, ""swfac"": 0.0, ""nstres"": 0.5083468556404114}",0.0,0.5083468556404114,1848.926544189453,0.0,0.8933500647544861,40.0,,0.0,0.0,40.0,0.0,-1.6504165649414055,14.349583435058594,Leave_One_experiments/all_year_offline_schedule_search/daily_outputs/YCA/YCA_2015_YCA2015_stress_grid_S0007_daily.csv
YCA,YCA,Yucheng,2015,Leave_One_experiments\wth_generated_qc\YCA\YCA2015.WTH,normal_year;water_stress_year;nitrogen_stress_year,water_stress,YCA2015_stress_grid_S0007,pareto_balanced,2015-08-06,218,55,50,"{""sim_day"": 55.0, ""doy"": 218.0, ""topwt"": 1934.4514465332031, ""grnwt"": 0.0, ""xlai"": 0.8826590776443481, ""totir"": 40.0, ""tofer"": NaN, ""swfac"": 0.0, ""nstres"": 0.5026242733001709}",0.0,0.5026242733001709,1934.4514465332031,0.0,0.8826590776443481,40.0,,0.0,0.0,40.0,0.0,-1.6504165649414055,14.349583435058594,Leave_One_experiments/all_year_offline_schedule_search/daily_outputs/YCA/YCA_2015_YCA2015_stress_grid_S0007_daily.csv
YCA,YCA,Yucheng,2015,Leave_One_experiments\wth_generated_qc\YCA\YCA2015.WTH,normal_year;water_stress_year;nitrogen_stress_year,water_stress,YCA2015_stress_grid_S0007,pareto_balanced,2015-08-07,219,56,51,"{""sim_day"": 56.0, ""doy"": 219.0, ""topwt"": 2022.6026916503904, ""grnwt"": 0.0, ""xlai"": 0.871424674987793, ""totir"": 40.0, ""tofer"": NaN, ""swfac"": 0.0, ""nstres"": 0.5118600130081177}",0.0,0.5118600130081177,2022.6026916503904,0.0,0.871424674987793,40.0,,0.0,0.0,40.0,0.0,-1.6504165649414055,14.349583435058594,Leave_One_experiments/all_year_offline_schedule_search/daily_outputs/YCA/YCA_2015_YCA2015_stress_grid_S0007_daily.csv
YCA,YCA,Yucheng,2015,Leave_One_experiments\wth_generated_qc\YCA\YCA2015.WTH,normal_year;water_stress_year;nitrogen_stress_year,water_stress,YCA2015_stress_grid_S0007,pareto_balanced,2015-08-08,220,57,52,"{""sim_day"": 57.0, ""doy"": 220.0, ""topwt"": 2112.901611328125, ""grnwt"": 0.0, ""xlai"": 0.8608407974243164, ""totir"": 40.0, ""tofer"": NaN, ""swfac"": 0.0, ""nstres"": 0.5201048851013184}",0.0,0.5201048851013184,2112.901611328125,0.0,0.8608407974243164,40.0,,0.0,0.0,40.0,0.0,-1.6504165649414055,14.349583435058594,Leave_One_experiments/all_year_offline_schedule_search/daily_outputs/YCA/YCA_2015_YCA2015_stress_grid_S0007_daily.csv
YCA,YCA,Yucheng,2015,Leave_One_experiments\wth_generated_qc\YCA\YCA2015.WTH,normal_year;water_stress_year;nitrogen_stress_year,water_stress,YCA2015_stress_grid_S0007,pareto_balanced,2015-08-09,221,58,53,"{""sim_day"": 58.0, ""doy"": 221.0, ""topwt"": 2202.618560791016, ""grnwt"": 0.0, ""xlai"": 0.8503885269165039, ""totir"": 40.0, ""tofer"": NaN, ""swfac"": 0.0, ""nstres"": 0.5230255722999573}",0.0,0.5230255722999573,2202.618560791016,0.0,0.8503885269165039,40.0,,0.0,0.0,40.0,0.0,-1.6504165649414055,14.349583435058594,Leave_One_experiments/all_year_offline_schedule_search/daily_outputs/YCA/YCA_2015_YCA2015_stress_grid_S0007_daily.csv
YCA,YCA,Yucheng,2015,Leave_One_experiments\wth_generated_qc\YCA\YCA2015.WTH,normal_year;water_stress_year;nitrogen_stress_year,water_stress,YCA2015_stress_grid_S0007,pareto_balanced,2015-08-10,222,59,54,"{""sim_day"": 59.0, ""doy"": 222.0, ""topwt"": 2276.8896484375, ""grnwt"": 0.0, ""xlai"": 0.8364018201828003, ""totir"": 40.0, ""tofer"": NaN, ""swfac"": 0.0, ""nstres"": 0.5224064588546753}",0.0,0.5224064588546753,2276.8896484375,0.0,0.8364018201828003,40.0,,0.0,0.0,40.0,0.0,-1.6504165649414055,14.349583435058594,Leave_One_experiments/all_year_offline_schedule_search/daily_outputs/YCA/YCA_2015_YCA2015_stress_grid_S0007_daily.csv
YCA,YCA,Yucheng,2015,Leave_One_experiments\wth_generated_qc\YCA\YCA2015.WTH,normal_year;water_stress_year;nitrogen_stress_year,water_stress,YCA2015_stress_grid_S0007,pareto_balanced,2015-08-11,223,60,55,"{""sim_day"": 60.0, ""doy"": 223.0, ""topwt"": 2365.038604736328, ""grnwt"": 0.0, ""xlai"": 0.8266412019729614, ""totir"": 40.0, ""tofer"": NaN, ""swfac"": 0.0, ""nstres"": 0.5178911089897156}",0.0,0.5178911089897156,2365.038604736328,0.0,0.8266412019729614,40.0,,0.0,0.0,40.0,0.0,-1.6504165649414055,14.349583435058594,Leave_One_experiments/all_year_offline_schedule_search/daily_outputs/YCA/YCA_2015_YCA2015_stress_grid_S0007_daily.csv
YCA,YCA,Yucheng,2015,Leave_One_experiments\wth_generated_qc\YCA\YCA2015.WTH,normal_year;water_stress_year;nitrogen_stress_year,water_stress,YCA2015_stress_grid_S0007,pareto_balanced,2015-08-12,224,61,56,"{""sim_day"": 61.0, ""doy"": 224.0, ""topwt"": 2453.619384765625, ""grnwt"": 0.0, ""xlai"": 0.8176183104515076, ""totir"": 40.0, ""tofer"": NaN, ""swfac"": 0.0, ""nstres"": 0.5102254748344421}",0.0,0.5102254748344421,2453.619384765625,0.0,0.8176183104515076,40.0,,0.0,0.0,40.0,0.0,-1.6504165649414055,14.349583435058594,Leave_One_experiments/all_year_offline_schedule_search/daily_outputs/YCA/YCA_2015_YCA2015_stress_grid_S0007_daily.csv
YCA,YCA,Yucheng,2015,Leave_One_experiments\wth_generated_qc\YCA\YCA2015.WTH,normal_year;water_stress_year;nitrogen_stress_year,water_stress,YCA2015_stress_grid_S0007,pareto_balanced,2015-08-13,225,62,57,"{""sim_day"": 62.0, ""doy"": 225.0, ""topwt"": 2507.3373413085938, ""grnwt"": 0.0, ""xlai"": 0.7869579195976257, ""totir"": 40.0, ""tofer"": NaN, ""swfac"": 0.0, ""nstres"": 0.4999890923500061}",0.0,0.4999890923500061,2507.3373413085938,0.0,0.7869579195976257,40.0,,0.0,0.0,40.0,0.0,-1.6504165649414055,14.349583435058594,Leave_One_experiments/all_year_offline_schedule_search/daily_outputs/YCA/YCA_2015_YCA2015_stress_grid_S0007_daily.csv
YCA,YCA,Yucheng,2015,Leave_One_experiments\wth_generated_qc\YCA\YCA2015.WTH,normal_year;water_stress_year;nitrogen_stress_year,water_stress,YCA2015_stress_grid_S0007,pareto_balanced,2015-08-14,226,63,58,"{""sim_day"": 63.0, ""doy"": 226.0, ""topwt"": 2574.7439575195312, ""grnwt"": 0.0, ""xlai"": 0.7580881118774414, ""totir"": 40.0, ""tofer"": NaN, ""swfac"": 0.0, ""nstres"": 0.4804500341415405}",0.0,0.4804500341415405,2574.7439575195312,0.0,0.7580881118774414,40.0,,0.0,0.0,40.0,0.0,-1.6504165649414055,14.349583435058594,Leave_One_experiments/all_year_offline_schedule_search/daily_outputs/YCA/YCA_2015_YCA2015_stress_grid_S0007_daily.csv
YCA,YCA,Yucheng,2015,Leave_One_experiments\wth_generated_qc\YCA\YCA2015.WTH,normal_year;water_stress_year;nitrogen_stress_year,water_stress,YCA2015_stress_grid_S0007,pareto_balanced,2015-08-15,227,64,59,"{""sim_day"": 64.0, ""doy"": 227.0, ""topwt"": 2644.654541015625, ""grnwt"": 0.0, ""xlai"": 0.7307053804397583, ""totir"": 40.0, ""tofer"": NaN, ""swfac"": 0.0, ""nstres"": 0.4668998122215271}",0.0,0.4668998122215271,2644.654541015625,0.0,0.7307053804397583,40.0,,0.0,0.0,40.0,0.0,-1.6504165649414055,14.349583435058594,Leave_One_experiments/all_year_offline_schedule_search/daily_outputs/YCA/YCA_2015_YCA2015_stress_grid_S0007_daily.csv
YCA,YCA,Yucheng,2015,Leave_One_experiments\wth_generated_qc\YCA\YCA2015.WTH,normal_year;water_stress_year;nitrogen_stress_year,water_stress,YCA2015_stress_grid_S0007,pareto_balanced,2015-08-16,228,65,60,"{""sim_day"": 65.0, ""doy"": 228.0, ""topwt"": 2679.833068847656, ""grnwt"": 0.0, ""xlai"": 0.7046071887016296, ""totir"": 40.0, ""tofer"": NaN, ""swfac"": 0.0, ""nstres"": 0.4571930170059204}",0.0,0.4571930170059204,2679.833068847656,0.0,0.7046071887016296,40.0,,0.0,0.0,40.0,0.0,-1.6504165649414055,14.349583435058594,Leave_One_experiments/all_year_offline_schedule_search/daily_outputs/YCA/YCA_2015_YCA2015_stress_grid_S0007_daily.csv
YCA,YCA,Yucheng,2015,Leave_One_experiments\wth_generated_qc\YCA\YCA2015.WTH,normal_year;water_stress_year;nitrogen_stress_year,water_stress,YCA2015_stress_grid_S0007,pareto_balanced,2015-08-17,229,66,61,"{""sim_day"": 66.0, ""doy"": 229.0, ""topwt"": 2717.5411987304688, ""grnwt"": 0.0, ""xlai"": 0.6797317266464233, ""totir"": 40.0, ""tofer"": NaN, ""swfac"": 0.0, ""nstres"": 0.447296142578125}",0.0,0.447296142578125,2717.5411987304688,0.0,0.6797317266464233,40.0,,0.0,0.0,40.0,0.0,-1.6504165649414055,14.349583435058594,Leave_One_experiments/all_year_offline_schedule_search/daily_outputs/YCA/YCA_2015_YCA2015_stress_grid_S0007_daily.csv
YCA,YCA,Yucheng,2015,Leave_One_experiments\wth_generated_qc\YCA\YCA2015.WTH,normal_year;water_stress_year;nitrogen_stress_year,water_stress,YCA2015_stress_grid_S0007,pareto_balanced,2015-08-18,230,67,62,"{""sim_day"": 67.0, ""doy"": 230.0, ""topwt"": 2738.468017578125, ""grnwt"": 0.0, ""xlai"": 0.6562790274620056, ""totir"": 40.0, ""tofer"": NaN, ""swfac"": 0.0, ""nstres"": 0.4280688762664795}",0.0,0.4280688762664795,2738.468017578125,0.0,0.6562790274620056,40.0,,0.0,0.0,40.0,0.0,-1.6504165649414055,14.349583435058594,Leave_One_experiments/all_year_offline_schedule_search/daily_outputs/YCA/YCA_2015_YCA2015_stress_grid_S0007_daily.csv
YCA,YCA,Yucheng,2015,Leave_One_experiments\wth_generated_qc\YCA\YCA2015.WTH,normal_year;water_stress_year;nitrogen_stress_year,water_stress,YCA2015_stress_grid_S0007,pareto_balanced,2015-08-19,231,68,63,"{""sim_day"": 68.0, ""doy"": 231.0, ""topwt"": 2785.728454589844, ""grnwt"": 0.0, ""xlai"": 0.6341209411621094, ""totir"": 40.0, ""tofer"": NaN, ""swfac"": 0.0, ""nstres"": 0.4103153347969055}",0.0,0.4103153347969055,2785.728454589844,0.0,0.6341209411621094,40.0,,0.0,0.0,40.0,0.0,-1.6504165649414055,14.349583435058594,Leave_One_experiments/all_year_offline_schedule_search/daily_outputs/YCA/YCA_2015_YCA2015_stress_grid_S0007_daily.csv
YCA,YCA,Yucheng,2015,Leave_One_experiments\wth_generated_qc\YCA\YCA2015.WTH,normal_year;water_stress_year;nitrogen_stress_year,water_stress,YCA2015_stress_grid_S0007,pareto_balanced,2015-08-20,232,69,64,"{""sim_day"": 69.0, ""doy"": 232.0, ""topwt"": 2847.811279296875, ""grnwt"": 0.0, ""xlai"": 0.6133188605308533, ""totir"": 40.0, ""tofer"": NaN, ""swfac"": 0.0, ""nstres"": 0.3873084187507629}",0.0,0.3873084187507629,2847.811279296875,0.0,0.6133188605308533,40.0,,0.0,0.0,40.0,0.0,-1.6504165649414055,14.349583435058594,Leave_One_experiments/all_year_offline_schedule_search/daily_outputs/YCA/YCA_2015_YCA2015_stress_grid_S0007_daily.csv
YCA,YCA,Yucheng,2015,Leave_One_experiments\wth_generated_qc\YCA\YCA2015.WTH,normal_year;water_stress_year;nitrogen_stress_year,water_stress,YCA2015_stress_grid_S0007,pareto_balanced,2015-08-21,233,70,65,"{""sim_day"": 70.0, ""doy"": 233.0, ""topwt"": 2880.191650390625, ""grnwt"": 0.0, ""xlai"": 0.5936406850814819, ""totir"": 40.0, ""tofer"": NaN, ""swfac"": 0.0, ""nstres"": 0.3700373768806457}",0.0,0.3700373768806457,2880.191650390625,0.0,0.5936406850814819,40.0,,0.0,0.0,40.0,0.0,-1.6504165649414055,14.349583435058594,Leave_One_experiments/all_year_offline_schedule_search/daily_outputs/YCA/YCA_2015_YCA2015_stress_grid_S0007_daily.csv
YCA,YCA,Yucheng,2015,Leave_One_experiments\wth_generated_qc\YCA\YCA2015.WTH,normal_year;water_stress_year;nitrogen_stress_year,water_stress,YCA2015_stress_grid_S0007,pareto_balanced,2015-08-22,234,71,66,"{""sim_day"": 71.0, ""doy"": 234.0, ""topwt"": 2970.366516113281, ""grnwt"": 90.175199508667, ""xlai"": 0.5749137997627258, ""totir"": 40.0, ""tofer"": NaN, ""swfac"": 0.0, ""nstres"": 0.3571006059646606}",0.0,0.3571006059646606,2970.366516113281,90.175199508667,0.5749137997627258,40.0,,0.0,0.0,40.0,0.0,-1.6504165649414055,14.349583435058594,Leave_One_experiments/all_year_offline_schedule_search/daily_outputs/YCA/YCA_2015_YCA2015_stress_grid_S0007_daily.csv
YCA,YCA,Yucheng,2015,Leave_One_experiments\wth_generated_qc\YCA\YCA2015.WTH,normal_year;water_stress_year;nitrogen_stress_year,water_stress,YCA2015_stress_grid_S0007,pareto_balanced,2015-08-23,235,72,67,"{""sim_day"": 72.0, ""doy"": 235.0, ""topwt"": 3021.683959960937, ""grnwt"": 141.49235725402832, ""xlai"": 0.5563859343528748, ""totir"": 40.0, ""tofer"": NaN, ""swfac"": 0.0, ""nstres"": 0.3734512329101562}",0.0,0.3734512329101562,3021.683959960937,141.49235725402832,0.5563859343528748,40.0,,0.0,0.0,40.0,0.0,-1.6504165649414055,14.349583435058594,Leave_One_experiments/all_year_offline_schedule_search/daily_outputs/YCA/YCA_2015_YCA2015_stress_grid_S0007_daily.csv
YCA,YCA,Yucheng,2015,Leave_One_experiments\wth_generated_qc\YCA\YCA2015.WTH,normal_year;water_stress_year;nitrogen_stress_year,water_stress,YCA2015_stress_grid_S0007,pareto_balanced,2015-08-24,236,73,68,"{""sim_day"": 73.0, ""doy"": 236.0, ""topwt"": 3073.0010986328125, ""grnwt"": 192.80950546264648, ""xlai"": 0.53863924741745, ""totir"": 40.0, ""tofer"": NaN, ""swfac"": 0.0, ""nstres"": 0.3655092716217041}",0.0,0.3655092716217041,3073.0010986328125,192.80950546264648,0.53863924741745,40.0,,0.0,0.0,40.0,0.0,-1.6504165649414055,14.349583435058594,Leave_One_experiments/all_year_offline_schedule_search/daily_outputs/YCA/YCA_2015_YCA2015_stress_grid_S0007_daily.csv
YCA,YCA,Yucheng,2015,Leave_One_experiments\wth_generated_qc\YCA\YCA2015.WTH,normal_year;water_stress_year;nitrogen_stress_year,water_stress,YCA2015_stress_grid_S0007,pareto_balanced,2015-08-25,237,74,69,"{""sim_day"": 74.0, ""doy"": 237.0, ""topwt"": 3124.3182373046875, ""grnwt"": 244.1266632080078, ""xlai"": 0.5216416716575623, ""totir"": 40.0, ""tofer"": NaN, ""swfac"": 0.0, ""nstres"": 0.3573583364486694}",0.0,0.3573583364486694,3124.3182373046875,244.1266632080078,0.5216416716575623,40.0,,0.0,0.0,40.0,0.0,-1.6504165649414055,14.349583435058594,Leave_One_experiments/all_year_offline_schedule_search/daily_outputs/YCA/YCA_2015_YCA2015_stress_grid_S0007_daily.csv
YCA,YCA,Yucheng,2015,Leave_One_experiments\wth_generated_qc\YCA\YCA2015.WTH,normal_year;water_stress_year;nitrogen_stress_year,water_stress,YCA2015_stress_grid_S0007,pareto_balanced,2015-08-26,238,75,70,"{""sim_day"": 75.0, ""doy"": 238.0, ""topwt"": 3175.635070800781, ""grnwt"": 295.4438018798828, ""xlai"": 0.5053574442863464, ""totir"": 40.0, ""tofer"": NaN, ""swfac"": 0.0, ""nstres"": 0.3492127060890198}",0.0,0.3492127060890198,3175.635070800781,295.4438018798828,0.5053574442863464,40.0,,0.0,0.0,40.0,0.0,-1.6504165649414055,14.349583435058594,Leave_One_experiments/all_year_offline_schedule_search/daily_outputs/YCA/YCA_2015_YCA2015_stress_grid_S0007_daily.csv
YCA,YCA,Yucheng,2015,Leave_One_experiments\wth_generated_qc\YCA\YCA2015.WTH,normal_year;water_stress_year;nitrogen_stress_year,water_stress,YCA2015_stress_grid_S0007,pareto_balanced,2015-08-27,239,76,71,"{""sim_day"": 76.0, ""doy"": 239.0, ""topwt"": 3226.952514648437, ""grnwt"": 346.7609405517578, ""xlai"": 0.4897583425045013, ""totir"": 40.0, ""tofer"": NaN, ""swfac"": 0.0, ""nstres"": 0.3408175706863403}",0.0,0.3408175706863403,3226.952514648437,346.7609405517578,0.4897583425045013,40.0,,0.0,0.0,40.0,0.0,-1.6504165649414055,14.349583435058594,Leave_One_experiments/all_year_offline_schedule_search/daily_outputs/YCA/YCA_2015_YCA2015_stress_grid_S0007_daily.csv
YCA,YCA,Yucheng,2015,Leave_One_experiments\wth_generated_qc\YCA\YCA2015.WTH,normal_year;water_stress_year;nitrogen_stress_year,water_stress,YCA2015_stress_grid_S0007,pareto_balanced,2015-08-28,240,77,72,"{""sim_day"": 77.0, ""doy"": 240.0, ""topwt"": 3278.2696533203125, ""grnwt"": 398.0781173706055, ""xlai"": 0.4747928082942962, ""totir"": 40.0, ""tofer"": NaN, ""swfac"": 0.0, ""nstres"": 0.333367109298706}",0.0,0.333367109298706,3278.2696533203125,398.0781173706055,0.4747928082942962,40.0,,0.0,0.0,40.0,0.0,-1.6504165649414055,14.349583435058594,Leave_One_experiments/all_year_offline_schedule_search/daily_outputs/YCA/YCA_2015_YCA2015_stress_grid_S0007_daily.csv
YCA,YCA,Yucheng,2015,Leave_One_experiments\wth_generated_qc\YCA\YCA2015.WTH,normal_year;water_stress_year;nitrogen_stress_year,water_stress,YCA2015_stress_grid_S0007,pareto_balanced,2015-08-29,241,78,73,"{""sim_day"": 78.0, ""doy"": 241.0, ""topwt"": 3329.5867919921875, ""grnwt"": 449.39525604248047, ""xlai"": 0.4604080021381378, ""totir"": 40.0, ""tofer"": NaN, ""swfac"": 0.0, ""nstres"": 0.3271321654319763}",0.0,0.3271321654319763,3329.5867919921875,449.39525604248047,0.4604080021381378,40.0,,0.0,0.0,40.0,0.0,-1.6504165649414055,14.349583435058594,Leave_One_experiments/all_year_offline_schedule_search/daily_outputs/YCA/YCA_2015_YCA2015_stress_grid_S0007_daily.csv
YCA,YCA,Yucheng,2015,Leave_One_experiments\wth_generated_qc\YCA\YCA2015.WTH,normal_year;water_stress_year;nitrogen_stress_year,water_stress,YCA2015_stress_grid_S0007,pareto_balanced,2015-08-30,242,79,74,"{""sim_day"": 79.0, ""doy"": 242.0, ""topwt"": 3354.23583984375, ""grnwt"": 500.7123947143554, ""xlai"": 0.4465889036655426, ""totir"": 40.0, ""tofer"": NaN, ""swfac"": 0.0, ""nstres"": 0.3203578591346741}",0.0,0.3203578591346741,3354.23583984375,500.7123947143554,0.4465889036655426,40.0,,0.0,0.0,40.0,0.0,-1.6504165649414055,14.349583435058594,Leave_One_experiments/all_year_offline_schedule_search/daily_outputs/YCA/YCA_2015_YCA2015_stress_grid_S0007_daily.csv
YCA,YCA,Yucheng,2015,Leave_One_experiments\wth_generated_qc\YCA\YCA2015.WTH,normal_year;water_stress_year;nitrogen_stress_year,water_stress,YCA2015_stress_grid_S0007,pareto_balanced,2015-08-31,243,80,75,"{""sim_day"": 80.0, ""doy"": 243.0, ""topwt"": 3395.2859497070312, ""grnwt"": 552.0295333862305, ""xlai"": 0.4333007633686065, ""totir"": 40.0, ""tofer"": NaN, ""swfac"": 0.0, ""nstres"": 0.3141100406646728}",0.0,0.3141100406646728,3395.2859497070312,552.0295333862305,0.4333007633686065,40.0,,0.0,0.0,40.0,0.0,-1.6504165649414055,14.349583435058594,Leave_One_experiments/all_year_offline_schedule_search/daily_outputs/YCA/YCA_2015_YCA2015_stress_grid_S0007_daily.csv
YCA,YCA,Yucheng,2015,Leave_One_experiments\wth_generated_qc\YCA\YCA2015.WTH,normal_year;water_stress_year;nitrogen_stress_year,water_stress,YCA2015_stress_grid_S0007,pareto_balanced,2015-09-01,244,81,76,"{""sim_day"": 81.0, ""doy"": 244.0, ""topwt"": 3447.2817993164062, ""grnwt"": 603.3467102050781, ""xlai"": 0.4207072556018829, ""totir"": 40.0, ""tofer"": NaN, ""swfac"": 0.0, ""nstres"": 0.2975391149520874}",0.0,0.2975391149520874,3447.2817993164062,603.3467102050781,0.4207072556018829,40.0,,0.0,0.0,40.0,0.0,-1.6504165649414055,14.349583435058594,Leave_One_experiments/all_year_offline_schedule_search/daily_outputs/YCA/YCA_2015_YCA2015_stress_grid_S0007_daily.csv
YCA,YCA,Yucheng,2015,Leave_One_experiments\wth_generated_qc\YCA\YCA2015.WTH,normal_year;water_stress_year;nitrogen_stress_year,water_stress,YCA2015_stress_grid_S0007,pareto_balanced,2015-09-02,245,82,77,"{""sim_day"": 82.0, ""doy"": 245.0, ""topwt"": 3509.8858642578125, ""grnwt"": 654.6638488769531, ""xlai"": 0.4086232781410217, ""totir"": 40.0, ""tofer"": NaN, ""swfac"": 0.0, ""nstres"": 0.2893558740615845}",0.0,0.2893558740615845,3509.8858642578125,654.6638488769531,0.4086232781410217,40.0,,0.0,0.0,40.0,0.0,-1.6504165649414055,14.349583435058594,Leave_One_experiments/all_year_offline_schedule_search/daily_outputs/YCA/YCA_2015_YCA2015_stress_grid_S0007_daily.csv
YCA,YCA,Yucheng,2015,Leave_One_experiments\wth_generated_qc\YCA\YCA2015.WTH,normal_year;water_stress_year;nitrogen_stress_year,water_stress,YCA2015_stress_grid_S0007,pareto_balanced,2015-09-03,246,83,78,"{""sim_day"": 83.0, ""doy"": 246.0, ""topwt"": 3530.9686279296875, ""grnwt"": 705.9809875488281, ""xlai"": 0.3969250321388244, ""totir"": 40.0, ""tofer"": NaN, ""swfac"": 0.0, ""nstres"": 0.2870799303054809}",0.0,0.2870799303054809,3530.9686279296875,705.9809875488281,0.3969250321388244,40.0,,0.0,0.0,40.0,0.0,-1.6504165649414055,14.349583435058594,Leave_One_experiments/all_year_offline_schedule_search/daily_outputs/YCA/YCA_2015_YCA2015_stress_grid_S0007_daily.csv
YCA,YCA,Yucheng,2015,Leave_One_experiments\wth_generated_qc\YCA\YCA2015.WTH,normal_year;water_stress_year;nitrogen_stress_year,water_stress,YCA2015_stress_grid_S0007,pareto_balanced,2015-09-04,247,84,79,"{""sim_day"": 84.0, ""doy"": 247.0, ""topwt"": 3571.3296508789062, ""grnwt"": 757.2981262207031, ""xlai"": 0.3855550587177276, ""totir"": 40.0, ""tofer"": NaN, ""swfac"": 0.0, ""nstres"": 0.2874881625175476}",0.0,0.2874881625175476,3571.3296508789062,757.2981262207031,0.3855550587177276,40.0,,0.0,0.0,40.0,0.0,-1.6504165649414055,14.349583435058594,Leave_One_experiments/all_year_offline_schedule_search/daily_outputs/YCA/YCA_2015_YCA2015_stress_grid_S0007_daily.csv
YCA,YCA,Yucheng,2015,Leave_One_experiments\wth_generated_qc\YCA\YCA2015.WTH,normal_year;water_stress_year;nitrogen_stress_year,water_stress,YCA2015_stress_grid_S0007,pareto_balanced,2015-09-05,248,85,80,"{""sim_day"": 85.0, ""doy"": 248.0, ""topwt"": 3636.2054443359375, ""grnwt"": 808.6152648925781, ""xlai"": 0.3747912049293518, ""totir"": 40.0, ""tofer"": NaN, ""swfac"": 0.0, ""nstres"": 0.2700217366218567}",0.0,0.2700217366218567,3636.2054443359375,808.6152648925781,0.3747912049293518,40.0,,0.0,0.0,40.0,0.0,-1.6504165649414055,14.349583435058594,Leave_One_experiments/all_year_offline_schedule_search/daily_outputs/YCA/YCA_2015_YCA2015_stress_grid_S0007_daily.csv
YCA,YCA,Yucheng,2015,Leave_One_experiments\wth_generated_qc\YCA\YCA2015.WTH,normal_year;water_stress_year;nitrogen_stress_year,water_stress,YCA2015_stress_grid_S0007,pareto_balanced,2015-09-06,249,86,81,"{""sim_day"": 86.0, ""doy"": 249.0, ""topwt"": 3700.578002929688, ""grnwt"": 859.9324798583984, ""xlai"": 0.3644098937511444, ""totir"": 40.0, ""tofer"": NaN, ""swfac"": 0.0, ""nstres"": 0.2647757530212402}",0.0,0.2647757530212402,3700.578002929688,859.9324798583984,0.3644098937511444,40.0,,0.0,0.0,40.0,0.0,-1.6504165649414055,14.349583435058594,Leave_One_experiments/all_year_offline_schedule_search/daily_outputs/YCA/YCA_2015_YCA2015_stress_grid_S0007_daily.csv
YCA,YCA,Yucheng,2015,Leave_One_experiments\wth_generated_qc\YCA\YCA2015.WTH,normal_year;water_stress_year;nitrogen_stress_year,water_stress,YCA2015_stress_grid_S0007,pareto_balanced,2015-09-07,250,87,82,"{""sim_day"": 87.0, ""doy"": 250.0, ""topwt"": 3755.1171875, ""grnwt"": 911.2496185302734, ""xlai"": 0.3542751371860504, ""totir"": 40.0, ""tofer"": NaN, ""swfac"": 0.0, ""nstres"": 0.2674704790115356}",0.0,0.2674704790115356,3755.1171875,911.2496185302734,0.3542751371860504,40.0,,0.0,0.0,40.0,0.0,-1.6504165649414055,14.349583435058594,Leave_One_experiments/all_year_offline_schedule_search/daily_outputs/YCA/YCA_2015_YCA2015_stress_grid_S0007_daily.csv
YCA,YCA,Yucheng,2015,Leave_One_experiments\wth_generated_qc\YCA\YCA2015.WTH,normal_year;water_stress_year;nitrogen_stress_year,water_stress,YCA2015_stress_grid_S0007,pareto_balanced,2015-09-08,251,88,83,"{""sim_day"": 88.0, ""doy"": 251.0, ""topwt"": 3773.8580322265625, ""grnwt"": 962.5667572021484, ""xlai"": 0.3443988263607025, ""totir"": 40.0, ""tofer"": NaN, ""swfac"": 0.0, ""nstres"": 0.269060730934143}",0.0,0.269060730934143,3773.8580322265625,962.5667572021484,0.3443988263607025,40.0,,0.0,0.0,40.0,0.0,-1.6504165649414055,14.349583435058594,Leave_One_experiments/all_year_offline_schedule_search/daily_outputs/YCA/YCA_2015_YCA2015_stress_grid_S0007_daily.csv
YCA,YCA,Yucheng,2015,Leave_One_experiments\wth_generated_qc\YCA\YCA2015.WTH,normal_year;water_stress_year;nitrogen_stress_year,water_stress,YCA2015_stress_grid_S0007,pareto_balanced,2015-09-09,252,89,84,"{""sim_day"": 89.0, ""doy"": 252.0, ""topwt"": 3801.828002929688, ""grnwt"": 1013.8838958740234, ""xlai"": 0.3348181843757629, ""totir"": 40.0, ""tofer"": NaN, ""swfac"": 0.0, ""nstres"": 0.2676467895507812}",0.0,0.2676467895507812,3801.828002929688,1013.8838958740234,0.3348181843757629,40.0,,0.0,0.0,40.0,0.0,-1.6504165649414055,14.349583435058594,Leave_One_experiments/all_year_offline_schedule_search/daily_outputs/YCA/YCA_2015_YCA2015_stress_grid_S0007_daily.csv
YCA,YCA,Yucheng,2015,Leave_One_experiments\wth_generated_qc\YCA\YCA2015.WTH,normal_year;water_stress_year;nitrogen_stress_year,water_stress,YCA2015_stress_grid_S0007,pareto_balanced,2015-09-10,253,90,85,"{""sim_day"": 90.0, ""doy"": 253.0, ""topwt"": 3825.6381225585938, ""grnwt"": 1065.2010345458984, ""xlai"": 0.3256913125514984, ""totir"": 40.0, ""tofer"": NaN, ""swfac"": 0.0, ""nstres"": 0.2542210817337036}",0.0,0.2542210817337036,3825.6381225585938,1065.2010345458984,0.3256913125514984,40.0,,0.0,0.0,40.0,0.0,-1.6504165649414055,14.349583435058594,Leave_One_experiments/all_year_offline_schedule_search/daily_outputs/YCA/YCA_2015_YCA2015_stress_grid_S0007_daily.csv
YCA,YCA,Yucheng,2015,Leave_One_experiments\wth_generated_qc\YCA\YCA2015.WTH,normal_year;water_stress_year;nitrogen_stress_year,water_stress,YCA2015_stress_grid_S0007,pareto_balanced,2015-09-11,254,91,86,"{""sim_day"": 91.0, ""doy"": 254.0, ""topwt"": 3887.689208984375, ""grnwt"": 1116.5181732177734, ""xlai"": 0.316930204629898, ""totir"": 40.0, ""tofer"": NaN, ""swfac"": 0.0, ""nstres"": 0.2456030249595642}",0.0,0.2456030249595642,3887.689208984375,1116.5181732177734,0.316930204629898,40.0,,0.0,0.0,40.0,0.0,-1.6504165649414055,14.349583435058594,Leave_One_experiments/all_year_offline_schedule_search/daily_outputs/YCA/YCA_2015_YCA2015_stress_grid_S0007_daily.csv
YCA,YCA,Yucheng,2015,Leave_One_experiments\wth_generated_qc\YCA\YCA2015.WTH,normal_year;water_stress_year;nitrogen_stress_year,water_stress,YCA2015_stress_grid_S0007,pareto_balanced,2015-09-12,255,92,87,"{""sim_day"": 92.0, ""doy"": 255.0, ""topwt"": 3942.671203613281, ""grnwt"": 1167.8353118896484, ""xlai"": 0.3085201680660248, ""totir"": 40.0, ""tofer"": NaN, ""swfac"": 0.0, ""nstres"": 0.2368578314781189}",0.0,0.2368578314781189,3942.671203613281,1167.8353118896484,0.3085201680660248,40.0,,0.0,0.0,40.0,0.0,-1.6504165649414055,14.349583435058594,Leave_One_experiments/all_year_offline_schedule_search/daily_outputs/YCA/YCA_2015_YCA2015_stress_grid_S0007_daily.csv
YCA,YCA,Yucheng,2015,Leave_One_experiments\wth_generated_qc\YCA\YCA2015.WTH,normal_year;water_stress_year;nitrogen_stress_year,water_stress,YCA2015_stress_grid_S0007,pareto_balanced,2015-09-13,256,93,88,"{""sim_day"": 93.0, ""doy"": 256.0, ""topwt"": 3995.443115234375, ""grnwt"": 1219.1525268554688, ""xlai"": 0.3001868724822998, ""totir"": 40.0, ""tofer"": NaN, ""swfac"": 0.0, ""nstres"": 0.2482571601867675}",0.0,0.2482571601867675,3995.443115234375,1219.1525268554688,0.3001868724822998,40.0,,0.0,0.0,40.0,0.0,-1.6504165649414055,14.349583435058594,Leave_One_experiments/all_year_offline_schedule_search/daily_outputs/YCA/YCA_2015_YCA2015_stress_grid_S0007_daily.csv
YCA,YCA,Yucheng,2015,Leave_One_experiments\wth_generated_qc\YCA\YCA2015.WTH,normal_year;water_stress_year;nitrogen_stress_year,water_stress,YCA2015_stress_grid_S0007,pareto_balanced,2015-09-14,257,94,89,"{""sim_day"": 94.0, ""doy"": 257.0, ""topwt"": 4048.4701538085938, ""grnwt"": 1270.4696655273438, ""xlai"": 0.2919777929782867, ""totir"": 40.0, ""tofer"": NaN, ""swfac"": 0.0, ""nstres"": 0.2563188076019287}",0.0,0.2563188076019287,4048.4701538085938,1270.4696655273438,0.2919777929782867,40.0,,0.0,0.0,40.0,0.0,-1.6504165649414055,14.349583435058594,Leave_One_experiments/all_year_offline_schedule_search/daily_outputs/YCA/YCA_2015_YCA2015_stress_grid_S0007_daily.csv
YCA,YCA,Yucheng,2015,Leave_One_experiments\wth_generated_qc\YCA\YCA2015.WTH,normal_year;water_stress_year;nitrogen_stress_year,water_stress,YCA2015_stress_grid_S0007,pareto_balanced,2015-09-15,258,95,90,"{""sim_day"": 95.0, ""doy"": 258.0, ""topwt"": 4098.051452636719, ""grnwt"": 1321.7868041992188, ""xlai"": 0.2839377522468567, ""totir"": 40.0, ""tofer"": NaN, ""swfac"": 0.0, ""nstres"": 0.2608708143234253}",0.0,0.2608708143234253,4098.051452636719,1321.7868041992188,0.2839377522468567,40.0,,0.0,0.0,40.0,0.0,-1.6504165649414055,14.349583435058594,Leave_One_experiments/all_year_offline_schedule_search/daily_outputs/YCA/YCA_2015_YCA2015_stress_grid_S0007_daily.csv
YCA,YCA,Yucheng,2015,Leave_One_experiments\wth_generated_qc\YCA\YCA2015.WTH,normal_year;water_stress_year;nitrogen_stress_year,water_stress,YCA2015_stress_grid_S0007,pareto_balanced,2015-09-16,259,96,91,"{""sim_day"": 96.0, ""doy"": 259.0, ""topwt"": 4143.40087890625, ""grnwt"": 1373.1039428710938, ""xlai"": 0.2760867178440094, ""totir"": 40.0, ""tofer"": NaN, ""swfac"": 0.0, ""nstres"": 0.263616144657135}",0.0,0.263616144657135,4143.40087890625,1373.1039428710938,0.2760867178440094,40.0,,0.0,0.0,40.0,0.0,-1.6504165649414055,14.349583435058594,Leave_One_experiments/all_year_offline_schedule_search/daily_outputs/YCA/YCA_2015_YCA2015_stress_grid_S0007_daily.csv
YCA,YCA,Yucheng,2015,Leave_One_experiments\wth_generated_qc\YCA\YCA2015.WTH,normal_year;water_stress_year;nitrogen_stress_year,water_stress,YCA2015_stress_grid_S0007,pareto_balanced,2015-09-17,260,97,92,"{""sim_day"": 97.0, ""doy"": 260.0, ""topwt"": 4177.444152832031, ""grnwt"": 1424.4210815429688, ""xlai"": 0.2684507966041565, ""totir"": 40.0, ""tofer"": NaN, ""swfac"": 0.0, ""nstres"": 0.2637897729873657}",0.0,0.2637897729873657,4177.444152832031,1424.4210815429688,0.2684507966041565,40.0,,0.0,0.0,40.0,0.0,-1.6504165649414055,14.349583435058594,Leave_One_experiments/all_year_offline_schedule_search/daily_outputs/YCA/YCA_2015_YCA2015_stress_grid_S0007_daily.csv
YCA,YCA,Yucheng,2015,Leave_One_experiments\wth_generated_qc\YCA\YCA2015.WTH,normal_year;water_stress_year;nitrogen_stress_year,water_stress,YCA2015_stress_grid_S0007,pareto_balanced,2015-09-18,261,98,93,"{""sim_day"": 98.0, ""doy"": 261.0, ""topwt"": 4218.293151855469, ""grnwt"": 1475.7382202148438, ""xlai"": 0.2610601186752319, ""totir"": 40.0, ""tofer"": NaN, ""swfac"": 0.0, ""nstres"": 0.2607359290122986}",0.0,0.2607359290122986,4218.293151855469,1475.7382202148438,0.2610601186752319,40.0,,0.0,0.0,40.0,0.0,-1.6504165649414055,14.349583435058594,Leave_One_experiments/all_year_offline_schedule_search/daily_outputs/YCA/YCA_2015_YCA2015_stress_grid_S0007_daily.csv
YCA,YCA,Yucheng,2015,Leave_One_experiments\wth_generated_qc\YCA\YCA2015.WTH,normal_year;water_stress_year;nitrogen_stress_year,water_stress,YCA2015_stress_grid_S0007,pareto_balanced,2015-09-19,262,99,94,"{""sim_day"": 99.0, ""doy"": 262.0, ""topwt"": 4268.0706787109375, ""grnwt"": 1527.0553588867188, ""xlai"": 0.2539583444595337, ""totir"": 40.0, ""tofer"": NaN, ""swfac"": 0.0, ""nstres"": 0.252884566783905}",0.0,0.252884566783905,4268.0706787109375,1527.0553588867188,0.2539583444595337,40.0,,0.0,0.0,40.0,0.0,-1.6504165649414055,14.349583435058594,Leave_One_experiments/all_year_offline_schedule_search/daily_outputs/YCA/YCA_2015_YCA2015_stress_grid_S0007_daily.csv
YCA,YCA,Yucheng,2015,Leave_One_experiments\wth_generated_qc\YCA\YCA2015.WTH,normal_year;water_stress_year;nitrogen_stress_year,water_stress,YCA2015_stress_grid_S0007,pareto_balanced,2015-09-20,263,100,95,"{""sim_day"": 100.0, ""doy"": 263.0, ""topwt"": 4305.952453613281, ""grnwt"": 1578.3724975585938, ""xlai"": 0.2470889389514923, ""totir"": 40.0, ""tofer"": NaN, ""swfac"": 0.0, ""nstres"": 0.2491921782493591}",0.0,0.2491921782493591,4305.952453613281,1578.3724975585938,0.2470889389514923,40.0,,0.0,0.0,40.0,0.0,-1.6504165649414055,14.349583435058594,Leave_One_experiments/all_year_offline_schedule_search/daily_outputs/YCA/YCA_2015_YCA2015_stress_grid_S0007_daily.csv
YCA,YCA,Yucheng,2015,Leave_One_experiments\wth_generated_qc\YCA\YCA2015.WTH,normal_year;water_stress_year;nitrogen_stress_year,water_stress,YCA2015_stress_grid_S0007,pareto_balanced,2015-09-21,264,101,96,"{""sim_day"": 101.0, ""doy"": 264.0, ""topwt"": 4325.3594970703125, ""grnwt"": 1629.6896362304688, ""xlai"": 0.2403748482465744, ""totir"": 40.0, ""tofer"": NaN, ""swfac"": 0.0, ""nstres"": 0.2521443963050842}",0.0,0.2521443963050842,4325.3594970703125,1629.6896362304688,0.2403748482465744,40.0,,0.0,0.0,40.0,0.0,-1.6504165649414055,14.349583435058594,Leave_One_experiments/all_year_offline_schedule_search/daily_outputs/YCA/YCA_2015_YCA2015_stress_grid_S0007_daily.csv
YCA,YCA,Yucheng,2015,Leave_One_experiments\wth_generated_qc\YCA\YCA2015.WTH,normal_year;water_stress_year;nitrogen_stress_year,water_stress,YCA2015_stress_grid_S0007,pareto_balanced,2015-09-22,265,102,97,"{""sim_day"": 102.0, ""doy"": 265.0, ""topwt"": 4356.7913818359375, ""grnwt"": 1681.0067749023438, ""xlai"": 0.2338966727256775, ""totir"": 40.0, ""tofer"": NaN, ""swfac"": 0.0, ""nstres"": 0.2468103766441345}",0.0,0.2468103766441345,4356.7913818359375,1681.0067749023438,0.2338966727256775,40.0,,0.0,0.0,40.0,0.0,-1.6504165649414055,14.349583435058594,Leave_One_experiments/all_year_offline_schedule_search/daily_outputs/YCA/YCA_2015_YCA2015_stress_grid_S0007_daily.csv
YCA,YCA,Yucheng,2015,Leave_One_experiments\wth_generated_qc\YCA\YCA2015.WTH,normal_year;water_stress_year;nitrogen_stress_year,water_stress,YCA2015_stress_grid_S0007,pareto_balanced,2015-09-23,266,103,98,"{""sim_day"": 103.0, ""doy"": 266.0, ""topwt"": 4375.826416015625, ""grnwt"": 1732.3239135742188, ""xlai"": 0.2277712076902389, ""totir"": 40.0, ""tofer"": NaN, ""swfac"": 0.0, ""nstres"": 0.228527545928955}",0.0,0.228527545928955,4375.826416015625,1732.3239135742188,0.2277712076902389,40.0,,0.0,0.0,40.0,0.0,-1.6504165649414055,14.349583435058594,Leave_One_experiments/all_year_offline_schedule_search/daily_outputs/YCA/YCA_2015_YCA2015_stress_grid_S0007_daily.csv
YCA,YCA,Yucheng,2015,Leave_One_experiments\wth_generated_qc\YCA\YCA2015.WTH,normal_year;water_stress_year;nitrogen_stress_year,water_stress,YCA2015_stress_grid_S0007,pareto_balanced,2015-09-24,267,104,99,"{""sim_day"": 104.0, ""doy"": 267.0, ""topwt"": 4414.260559082031, ""grnwt"": 1783.6412048339844, ""xlai"": 0.2218676209449768, ""totir"": 40.0, ""tofer"": NaN, ""swfac"": 0.0, ""nstres"": 0.2220571041107177}",0.0,0.2220571041107177,4414.260559082031,1783.6412048339844,0.2218676209449768,40.0,,0.0,0.0,40.0,0.0,-1.6504165649414055,14.349583435058594,Leave_One_experiments/all_year_offline_schedule_search/daily_outputs/YCA/YCA_2015_YCA2015_stress_grid_S0007_daily.csv
YCA,YCA,Yucheng,2015,Leave_One_experiments\wth_generated_qc\YCA\YCA2015.WTH,normal_year;water_stress_year;nitrogen_stress_year,water_stress,YCA2015_stress_grid_S0007,pareto_balanced,2015-09-25,268,105,100,"{""sim_day"": 105.0, ""doy"": 268.0, ""topwt"": 4458.21044921875, ""grnwt"": 1834.9583435058596, ""xlai"": 0.2162400633096695, ""totir"": 40.0, ""tofer"": NaN, ""swfac"": 0.0, ""nstres"": 0.2087544798851013}",0.0,0.2087544798851013,4458.21044921875,1834.9583435058596,0.2162400633096695,40.0,,0.0,0.0,40.0,0.0,-1.6504165649414055,14.349583435058594,Leave_One_experiments/all_year_offline_schedule_search/daily_outputs/YCA/YCA_2015_YCA2015_stress_grid_S0007_daily.csv
YCA,YCA,Yucheng,2015,Leave_One_experiments\wth_generated_qc\YCA\YCA2015.WTH,normal_year;water_stress_year;nitrogen_stress_year,water_stress,YCA2015_stress_grid_S0007,pareto_balanced,2015-09-26,269,106,101,"{""sim_day"": 106.0, ""doy"": 269.0, ""topwt"": 4458.21044921875, ""grnwt"": 1834.9583435058596, ""xlai"": 0.2162400633096695, ""totir"": 40.0, ""tofer"": NaN, ""swfac"": 0.0, ""nstres"": 0.2090318202972412}",0.0,0.2090318202972412,4458.21044921875,1834.9583435058596,0.2162400633096695,40.0,,0.0,0.0,40.0,0.0,-1.6504165649414055,14.349583435058594,Leave_One_experiments/all_year_offline_schedule_search/daily_outputs/YCA/YCA_2015_YCA2015_stress_grid_S0007_daily.csv
YCA,YCA,Yucheng,2015,Leave_One_experiments\wth_generated_qc\YCA\YCA2015.WTH,normal_year;water_stress_year;nitrogen_stress_year,water_stress,YCA2015_stress_grid_S0007,pareto_balanced,2015-09-27,270,107,102,"{""sim_day"": 107.0, ""doy"": 270.0, ""topwt"": 4458.21044921875, ""grnwt"": 1834.9583435058596, ""xlai"": 0.2162400633096695, ""totir"": 40.0, ""tofer"": NaN, ""swfac"": 0.0, ""nstres"": 0.2090318202972412}",0.0,0.2090318202972412,4458.21044921875,1834.9583435058596,0.2162400633096695,40.0,,0.0,0.0,40.0,0.0,-1.6504165649414055,14.349583435058594,Leave_One_experiments/all_year_offline_schedule_search/daily_outputs/YCA/YCA_2015_YCA2015_stress_grid_S0007_daily.csv
YCA,YCA,Yucheng,2015,Leave_One_experiments\wth_generated_qc\YCA\YCA2015.WTH,normal_year;water_stress_year;nitrogen_stress_year,water_stress,YCA2015_stress_grid_S0007,pareto_balanced,2015-09-28,271,108,103,"{""sim_day"": 108.0, ""doy"": 271.0, ""topwt"": 4458.21044921875, ""grnwt"": 1834.9583435058596, ""xlai"": 0.2162400633096695, ""totir"": 40.0, ""tofer"": NaN, ""swfac"": 0.0, ""nstres"": 0.2090318202972412}",0.0,0.2090318202972412,4458.21044921875,1834.9583435058596,0.2162400633096695,40.0,,0.0,0.0,40.0,0.0,-1.6504165649414055,14.349583435058594,Leave_One_experiments/all_year_offline_schedule_search/daily_outputs/YCA/YCA_2015_YCA2015_stress_grid_S0007_daily.csv
YCA,YCA,Yucheng,2015,Leave_One_experiments\wth_generated_qc\YCA\YCA2015.WTH,normal_year;water_stress_year;nitrogen_stress_year,water_stress,YCA2015_stress_grid_S0008,pareto_balanced,2015-06-18,169,1,1,"{""sim_day"": 1.0, ""doy"": 169.0, ""topwt"": 0.0, ""grnwt"": 0.0, ""xlai"": 0.0, ""totir"": 0.0, ""tofer"": NaN, ""swfac"": 0.0, ""nstres"": 0.0}",0.0,0.0,0.0,0.0,0.0,0.0,,0.0,0.0,40.0,0.0,-1.6504165649414055,14.349583435058594,Leave_One_experiments/all_year_offline_schedule_search/daily_outputs/YCA/YCA_2015_YCA2015_stress_grid_S0008_daily.csv
YCA,YCA,Yucheng,2015,Leave_One_experiments\wth_generated_qc\YCA\YCA2015.WTH,normal_year;water_stress_year;nitrogen_stress_year,water_stress,YCA2015_stress_grid_S0008,pareto_balanced,2015-06-19,170,2,2,"{""sim_day"": 2.0, ""doy"": 170.0, ""topwt"": 0.0, ""grnwt"": 0.0, ""xlai"": 0.0, ""totir"": 0.0, ""tofer"": NaN, ""swfac"": 0.0, ""nstres"": 0.0}",0.0,0.0,0.0,0.0,0.0,0.0,,0.0,0.0,40.0,0.0,-1.6504165649414055,14.349583435058594,Leave_One_experiments/all_year_offline_schedule_search/daily_outputs/YCA/YCA_2015_YCA2015_stress_grid_S0008_daily.csv
YCA,YCA,Yucheng,2015,Leave_One_experiments\wth_generated_qc\YCA\YCA2015.WTH,normal_year;water_stress_year;nitrogen_stress_year,water_stress,YCA2015_stress_grid_S0008,pareto_balanced,2015-06-20,171,3,3,"{""sim_day"": 3.0, ""doy"": 171.0, ""topwt"": 0.0, ""grnwt"": 0.0, ""xlai"": 0.0, ""totir"": 0.0, ""tofer"": NaN, ""swfac"": 0.0, ""nstres"": 0.0}",0.0,0.0,0.0,0.0,0.0,0.0,,0.0,0.0,40.0,0.0,-1.6504165649414055,14.349583435058594,Leave_One_experiments/all_year_offline_schedule_search/daily_outputs/YCA/YCA_2015_YCA2015_stress_grid_S0008_daily.csv
YCA,YCA,Yucheng,2015,Leave_One_experiments\wth_generated_qc\YCA\YCA2015.WTH,normal_year;water_stress_year;nitrogen_stress_year,water_stress,YCA2015_stress_grid_S0008,pareto_balanced,2015-06-21,172,4,4,"{""sim_day"": 4.0, ""doy"": 172.0, ""topwt"": 0.0, ""grnwt"": 0.0, ""xlai"": 0.0, ""totir"": 0.0, ""tofer"": NaN, ""swfac"": 0.0, ""nstres"": 0.0}",0.0,0.0,0.0,0.0,0.0,0.0,,0.0,0.0,40.0,0.0,-1.6504165649414055,14.349583435058594,Leave_One_experiments/all_year_offline_schedule_search/daily_outputs/YCA/YCA_2015_YCA2015_stress_grid_S0008_daily.csv
YCA,YCA,Yucheng,2015,Leave_One_experiments\wth_generated_qc\YCA\YCA2015.WTH,normal_year;water_stress_year;nitrogen_stress_year,water_stress,YCA2015_stress_grid_S0008,pareto_balanced,2015-06-22,173,5,5,"{""sim_day"": 5.0, ""doy"": 173.0, ""topwt"": 0.0, ""grnwt"": 0.0, ""xlai"": 0.0, ""totir"": 0.0, ""tofer"": NaN, ""swfac"": 0.0, ""nstres"": 0.0}",0.0,0.0,0.0,0.0,0.0,0.0,,0.0,0.0,40.0,0.0,-1.6504165649414055,14.349583435058594,Leave_One_experiments/all_year_offline_schedule_search/daily_outputs/YCA/YCA_2015_YCA2015_stress_grid_S0008_daily.csv
YCA,YCA,Yucheng,2015,Leave_One_experiments\wth_generated_qc\YCA\YCA2015.WTH,normal_year;water_stress_year;nitrogen_stress_year,water_stress,YCA2015_stress_grid_S0008,pareto_balanced,2015-06-18,169,6,1,"{""sim_day"": 6.0, ""doy"": 169.0, ""topwt"": 0.0, ""grnwt"": 0.0, ""xlai"": 0.0, ""totir"": 0.0, ""tofer"": NaN, ""swfac"": 0.0, ""nstres"": 0.0}",0.0,0.0,0.0,0.0,0.0,0.0,,0.0,0.0,40.0,0.0,-1.6504165649414055,14.349583435058594,Leave_One_experiments/all_year_offline_schedule_search/daily_outputs/YCA/YCA_2015_YCA2015_stress_grid_S0008_daily.csv
YCA,YCA,Yucheng,2015,Leave_One_experiments\wth_generated_qc\YCA\YCA2015.WTH,normal_year;water_stress_year;nitrogen_stress_year,water_stress,YCA2015_stress_grid_S0008,pareto_balanced,2015-06-19,170,7,2,"{""sim_day"": 7.0, ""doy"": 170.0, ""topwt"": 0.0, ""grnwt"": 0.0, ""xlai"": 0.0, ""totir"": 0.0, ""tofer"": NaN, ""swfac"": 0.0, ""nstres"": 0.0}",0.0,0.0,0.0,0.0,0.0,0.0,,0.0,0.0,40.0,0.0,-1.6504165649414055,14.349583435058594,Leave_One_experiments/all_year_offline_schedule_search/daily_outputs/YCA/YCA_2015_YCA2015_stress_grid_S0008_daily.csv
YCA,YCA,Yucheng,2015,Leave_One_experiments\wth_generated_qc\YCA\YCA2015.WTH,normal_year;water_stress_year;nitrogen_stress_year,water_stress,YCA2015_stress_grid_S0008,pareto_balanced,2015-06-20,171,8,3,"{""sim_day"": 8.0, ""doy"": 171.0, ""topwt"": 0.0, ""grnwt"": 0.0, ""xlai"": 0.0, ""totir"": 0.0, ""tofer"": NaN, ""swfac"": 0.0, ""nstres"": 0.0}",0.0,0.0,0.0,0.0,0.0,0.0,,0.0,0.0,40.0,0.0,-1.6504165649414055,14.349583435058594,Leave_One_experiments/all_year_offline_schedule_search/daily_outputs/YCA/YCA_2015_YCA2015_stress_grid_S0008_daily.csv
YCA,YCA,Yucheng,2015,Leave_One_experiments\wth_generated_qc\YCA\YCA2015.WTH,normal_year;water_stress_year;nitrogen_stress_year,water_stress,YCA2015_stress_grid_S0008,pareto_balanced,2015-06-21,172,9,4,"{""sim_day"": 9.0, ""doy"": 172.0, ""topwt"": 0.0, ""grnwt"": 0.0, ""xlai"": 0.0, ""totir"": 0.0, ""tofer"": NaN, ""swfac"": 0.0, ""nstres"": 0.0}",0.0,0.0,0.0,0.0,0.0,0.0,,0.0,0.0,40.0,0.0,-1.6504165649414055,14.349583435058594,Leave_One_experiments/all_year_offline_schedule_search/daily_outputs/YCA/YCA_2015_YCA2015_stress_grid_S0008_daily.csv
YCA,YCA,Yucheng,2015,Leave_One_experiments\wth_generated_qc\YCA\YCA2015.WTH,normal_year;water_stress_year;nitrogen_stress_year,water_stress,YCA2015_stress_grid_S0008,pareto_balanced,2015-06-22,173,10,5,"{""sim_day"": 10.0, ""doy"": 173.0, ""topwt"": 0.0, ""grnwt"": 0.0, ""xlai"": 0.0, ""totir"": 0.0, ""tofer"": NaN, ""swfac"": 0.0, ""nstres"": 0.0}",0.0,0.0,0.0,0.0,0.0,0.0,,0.0,0.0,40.0,0.0,-1.6504165649414055,14.349583435058594,Leave_One_experiments/all_year_offline_schedule_search/daily_outputs/YCA/YCA_2015_YCA2015_stress_grid_S0008_daily.csv
YCA,YCA,Yucheng,2015,Leave_One_experiments\wth_generated_qc\YCA\YCA2015.WTH,normal_year;water_stress_year;nitrogen_stress_year,water_stress,YCA2015_stress_grid_S0008,pareto_balanced,2015-06-23,174,11,6,"{""sim_day"": 11.0, ""doy"": 174.0, ""topwt"": 26.400001049041748, ""grnwt"": 0.0, ""xlai"": 0.0037475994322448, ""totir"": 0.0, ""tofer"": NaN, ""swfac"": 0.0, ""nstres"": 0.0121910572052001}",0.0,0.0121910572052001,26.400001049041748,0.0,0.0037475994322448,0.0,,0.0,0.0,40.0,0.0,-1.6504165649414055,14.349583435058594,Leave_One_experiments/all_year_offline_schedule_search/daily_outputs/YCA/YCA_2015_YCA2015_stress_grid_S0008_daily.csv
YCA,YCA,Yucheng,2015,Leave_One_experiments\wth_generated_qc\YCA\YCA2015.WTH,normal_year;water_stress_year;nitrogen_stress_year,water_stress,YCA2015_stress_grid_S0008,pareto_balanced,2015-06-24,175,12,7,"{""sim_day"": 12.0, ""doy"": 175.0, ""topwt"": 26.400001049041748, ""grnwt"": 0.0, ""xlai"": 0.0070741116069257, ""totir"": 0.0, ""tofer"": NaN, ""swfac"": 0.0, ""nstres"": 0.0117386579513549}",0.0,0.0117386579513549,26.400001049041748,0.0,0.0070741116069257,0.0,,0.0,0.0,40.0,0.0,-1.6504165649414055,14.349583435058594,Leave_One_experiments/all_year_offline_schedule_search/daily_outputs/YCA/YCA_2015_YCA2015_stress_grid_S0008_daily.csv
YCA,YCA,Yucheng,2015,Leave_One_experiments\wth_generated_qc\YCA\YCA2015.WTH,normal_year;water_stress_year;nitrogen_stress_year,water_stress,YCA2015_stress_grid_S0008,pareto_balanced,2015-06-25,176,13,8,"{""sim_day"": 13.0, ""doy"": 176.0, ""topwt"": 26.400001049041748, ""grnwt"": 0.0, ""xlai"": 0.0118272546678781, ""totir"": 0.0, ""tofer"": NaN, ""swfac"": 0.0, ""nstres"": 0.0055167078971862}",0.0,0.0055167078971862,26.400001049041748,0.0,0.0118272546678781,0.0,,0.0,0.0,40.0,0.0,-1.6504165649414055,14.349583435058594,Leave_One_experiments/all_year_offline_schedule_search/daily_outputs/YCA/YCA_2015_YCA2015_stress_grid_S0008_daily.csv
YCA,YCA,Yucheng,2015,Leave_One_experiments\wth_generated_qc\YCA\YCA2015.WTH,normal_year;water_stress_year;nitrogen_stress_year,water_stress,YCA2015_stress_grid_S0008,pareto_balanced,2015-06-26,177,14,9,"{""sim_day"": 14.0, ""doy"": 177.0, ""topwt"": 26.400001049041748, ""grnwt"": 0.0, ""xlai"": 0.0182310193777084, ""totir"": 0.0, ""tofer"": NaN, ""swfac"": 0.0, ""nstres"": 0.0}",0.0,0.0,26.400001049041748,0.0,0.0182310193777084,0.0,,0.0,0.0,40.0,0.0,-1.6504165649414055,14.349583435058594,Leave_One_experiments/all_year_offline_schedule_search/daily_outputs/YCA/YCA_2015_YCA2015_stress_grid_S0008_daily.csv
YCA,YCA,Yucheng,2015,Leave_One_experiments\wth_generated_qc\YCA\YCA2015.WTH,normal_year;water_stress_year;nitrogen_stress_year,water_stress,YCA2015_stress_grid_S0008,pareto_balanced,2015-06-27,178,15,10,"{""sim_day"": 15.0, ""doy"": 178.0, ""topwt"": 26.400001049041748, ""grnwt"": 0.0, ""xlai"": 0.0425222180783748, ""totir"": 0.0, ""tofer"": NaN, ""swfac"": 0.0, ""nstres"": 0.0}",0.0,0.0,26.400001049041748,0.0,0.0425222180783748,0.0,,0.0,0.0,40.0,0.0,-1.6504165649414055,14.349583435058594,Leave_One_experiments/all_year_offline_schedule_search/daily_outputs/YCA/YCA_2015_YCA2015_stress_grid_S0008_daily.csv
YCA,YCA,Yucheng,2015,Leave_One_experiments\wth_generated_qc\YCA\YCA2015.WTH,normal_year;water_stress_year;nitrogen_stress_year,water_stress,YCA2015_stress_grid_S0008,pareto_balanced,2015-06-28,179,16,11,"{""sim_day"": 16.0, ""doy"": 179.0, ""topwt"": 32.985219955444336, ""grnwt"": 0.0, ""xlai"": 0.0625705644488334, ""totir"": 0.0, ""tofer"": NaN, ""swfac"": 0.0, ""nstres"": 0.0}",0.0,0.0,32.985219955444336,0.0,0.0625705644488334,0.0,,0.0,0.0,40.0,0.0,-1.6504165649414055,14.349583435058594,Leave_One_experiments/all_year_offline_schedule_search/daily_outputs/YCA/YCA_2015_YCA2015_stress_grid_S0008_daily.csv
YCA,YCA,Yucheng,2015,Leave_One_experiments\wth_generated_qc\YCA\YCA2015.WTH,normal_year;water_stress_year;nitrogen_stress_year,water_stress,YCA2015_stress_grid_S0008,pareto_balanced,2015-06-29,180,17,12,"{""sim_day"": 17.0, ""doy"": 180.0, ""topwt"": 42.2584342956543, ""grnwt"": 0.0, ""xlai"": 0.0849899053573608, ""totir"": 0.0, ""tofer"": NaN, ""swfac"": 0.0, ""nstres"": 0.0}",0.0,0.0,42.2584342956543,0.0,0.0849899053573608,0.0,,0.0,0.0,40.0,0.0,-1.6504165649414055,14.349583435058594,Leave_One_experiments/all_year_offline_schedule_search/daily_outputs/YCA/YCA_2015_YCA2015_stress_grid_S0008_daily.csv
YCA,YCA,Yucheng,2015,Leave_One_experiments\wth_generated_qc\YCA\YCA2015.WTH,normal_year;water_stress_year;nitrogen_stress_year,water_stress,YCA2015_stress_grid_S0008,pareto_balanced,2015-06-30,181,18,13,"{""sim_day"": 18.0, ""doy"": 181.0, ""topwt"": 58.326921463012695, ""grnwt"": 0.0, ""xlai"": 0.1206550747156143, ""totir"": 0.0, ""tofer"": NaN, ""swfac"": 0.0, ""nstres"": 0.0}",0.0,0.0,58.326921463012695,0.0,0.1206550747156143,0.0,,0.0,0.0,40.0,0.0,-1.6504165649414055,14.349583435058594,Leave_One_experiments/all_year_offline_schedule_search/daily_outputs/YCA/YCA_2015_YCA2015_stress_grid_S0008_daily.csv
YCA,YCA,Yucheng,2015,Leave_One_experiments\wth_generated_qc\YCA\YCA2015.WTH,normal_year;water_stress_year;nitrogen_stress_year,water_stress,YCA2015_stress_grid_S0008,pareto_balanced,2015-07-01,182,19,14,"{""sim_day"": 19.0, ""doy"": 182.0, ""topwt"": 78.30052852630615, ""grnwt"": 0.0, ""xlai"": 0.1614735126495361, ""totir"": 0.0, ""tofer"": NaN, ""swfac"": 0.0, ""nstres"": 0.0}",0.0,0.0,78.30052852630615,0.0,0.1614735126495361,0.0,,0.0,0.0,40.0,0.0,-1.6504165649414055,14.349583435058594,Leave_One_experiments/all_year_offline_schedule_search/daily_outputs/YCA/YCA_2015_YCA2015_stress_grid_S0008_daily.csv
YCA,YCA,Yucheng,2015,Leave_One_experiments\wth_generated_qc\YCA\YCA2015.WTH,normal_year;water_stress_year;nitrogen_stress_year,water_stress,YCA2015_stress_grid_S0008,pareto_balanced,2015-07-02,183,20,15,"{""sim_day"": 20.0, ""doy"": 183.0, ""topwt"": 100.43471336364746, ""grnwt"": 0.0, ""xlai"": 0.2037417143583297, ""totir"": 0.0, ""tofer"": NaN, ""swfac"": 0.0, ""nstres"": 0.0}",0.0,0.0,100.43471336364746,0.0,0.2037417143583297,0.0,,0.0,0.0,40.0,0.0,-1.6504165649414055,14.349583435058594,Leave_One_experiments/all_year_offline_schedule_search/daily_outputs/YCA/YCA_2015_YCA2015_stress_grid_S0008_daily.csv
YCA,YCA,Yucheng,2015,Leave_One_experiments\wth_generated_qc\YCA\YCA2015.WTH,normal_year;water_stress_year;nitrogen_stress_year,water_stress,YCA2015_stress_grid_S0008,pareto_balanced,2015-07-03,184,21,16,"{""sim_day"": 21.0, ""doy"": 184.0, ""topwt"": 128.59026908874512, ""grnwt"": 0.0, ""xlai"": 0.2543987929821014, ""totir"": 0.0, ""tofer"": NaN, ""swfac"": 0.0, ""nstres"": 0.0}",0.0,0.0,128.59026908874512,0.0,0.2543987929821014,0.0,,0.0,0.0,40.0,0.0,-1.6504165649414055,14.349583435058594,Leave_One_experiments/all_year_offline_schedule_search/daily_outputs/YCA/YCA_2015_YCA2015_stress_grid_S0008_daily.csv
YCA,YCA,Yucheng,2015,Leave_One_experiments\wth_generated_qc\YCA\YCA2015.WTH,normal_year;water_stress_year;nitrogen_stress_year,water_stress,YCA2015_stress_grid_S0008,pareto_balanced,2015-07-04,185,22,17,"{""sim_day"": 22.0, ""doy"": 185.0, ""topwt"": 163.38811874389648, ""grnwt"": 0.0, ""xlai"": 0.3134718537330627, ""totir"": 0.0, ""tofer"": NaN, ""swfac"": 0.0, ""nstres"": 0.0488724708557128}",0.0,0.0488724708557128,163.38811874389648,0.0,0.3134718537330627,0.0,,0.0,0.0,40.0,0.0,-1.6504165649414055,14.349583435058594,Leave_One_experiments/all_year_offline_schedule_search/daily_outputs/YCA/YCA_2015_YCA2015_stress_grid_S0008_daily.csv
YCA,YCA,Yucheng,2015,Leave_One_experiments\wth_generated_qc\YCA\YCA2015.WTH,normal_year;water_stress_year;nitrogen_stress_year,water_stress,YCA2015_stress_grid_S0008,pareto_balanced,2015-07-05,186,23,18,"{""sim_day"": 23.0, ""doy"": 186.0, ""topwt"": 192.32023239135745, ""grnwt"": 0.0, ""xlai"": 0.3821237981319427, ""totir"": 0.0, ""tofer"": NaN, ""swfac"": 0.0, ""nstres"": 0.1082016825675964}",0.0,0.1082016825675964,192.32023239135745,0.0,0.3821237981319427,0.0,,0.0,0.0,40.0,0.0,-1.6504165649414055,14.349583435058594,Leave_One_experiments/all_year_offline_schedule_search/daily_outputs/YCA/YCA_2015_YCA2015_stress_grid_S0008_daily.csv
YCA,YCA,Yucheng,2015,Leave_One_experiments\wth_generated_qc\YCA\YCA2015.WTH,normal_year;water_stress_year;nitrogen_stress_year,water_stress,YCA2015_stress_grid_S0008,pareto_balanced,2015-07-06,187,24,19,"{""sim_day"": 24.0, ""doy"": 187.0, ""topwt"": 223.0888938903809, ""grnwt"": 0.0, ""xlai"": 0.4266769289970398, ""totir"": 0.0, ""tofer"": NaN, ""swfac"": 0.0, ""nstres"": 0.1640729308128357}",0.0,0.1640729308128357,223.0888938903809,0.0,0.4266769289970398,0.0,,0.0,0.0,40.0,0.0,-1.6504165649414055,14.349583435058594,Leave_One_experiments/all_year_offline_schedule_search/daily_outputs/YCA/YCA_2015_YCA2015_stress_grid_S0008_daily.csv
YCA,YCA,Yucheng,2015,Leave_One_experiments\wth_generated_qc\YCA\YCA2015.WTH,normal_year;water_stress_year;nitrogen_stress_year,water_stress,YCA2015_stress_grid_S0008,pareto_balanced,2015-07-07,188,25,20,"{""sim_day"": 25.0, ""doy"": 188.0, ""topwt"": 251.31711959838867, ""grnwt"": 0.0, ""xlai"": 0.4620018303394317, ""totir"": 0.0, ""tofer"": NaN, ""swfac"": 0.0, ""nstres"": 0.2290185689926147}",0.0,0.2290185689926147,251.31711959838867,0.0,0.4620018303394317,0.0,,0.0,0.0,40.0,0.0,-1.6504165649414055,14.349583435058594,Leave_One_experiments/all_year_offline_schedule_search/daily_outputs/YCA/YCA_2015_YCA2015_stress_grid_S0008_daily.csv
YCA,YCA,Yucheng,2015,Leave_One_experiments\wth_generated_qc\YCA\YCA2015.WTH,normal_year;water_stress_year;nitrogen_stress_year,water_stress,YCA2015_stress_grid_S0008,pareto_balanced,2015-07-08,189,26,21,"{""sim_day"": 26.0, ""doy"": 189.0, ""topwt"": 279.4300651550293, ""grnwt"": 0.0, ""xlai"": 0.4939437508583069, ""totir"": 0.0, ""tofer"": NaN, ""swfac"": 0.0, ""nstres"": 0.2862887978553772}",0.0,0.2862887978553772,279.4300651550293,0.0,0.4939437508583069,0.0,,0.0,0.0,40.0,0.0,-1.6504165649414055,14.349583435058594,Leave_One_experiments/all_year_offline_schedule_search/daily_outputs/YCA/YCA_2015_YCA2015_stress_grid_S0008_daily.csv
YCA,YCA,Yucheng,2015,Leave_One_experiments\wth_generated_qc\YCA\YCA2015.WTH,normal_year;water_stress_year;nitrogen_stress_year,water_stress,YCA2015_stress_grid_S0008,pareto_balanced,2015-07-09,190,27,22,"{""sim_day"": 27.0, ""doy"": 190.0, ""topwt"": 313.0035591125488, ""grnwt"": 0.0, ""xlai"": 0.5323792099952698, ""totir"": 0.0, ""tofer"": NaN, ""swfac"": 0.0, ""nstres"": 0.2924789190292358}",0.0,0.2924789190292358,313.0035591125488,0.0,0.5323792099952698,0.0,,0.0,0.0,40.0,0.0,-1.6504165649414055,14.349583435058594,Leave_One_experiments/all_year_offline_schedule_search/daily_outputs/YCA/YCA_2015_YCA2015_stress_grid_S0008_daily.csv
YCA,YCA,Yucheng,2015,Leave_One_experiments\wth_generated_qc\YCA\YCA2015.WTH,normal_year;water_stress_year;nitrogen_stress_year,water_stress,YCA2015_stress_grid_S0008,pareto_balanced,2015-07-10,191,28,23,"{""sim_day"": 28.0, ""doy"": 191.0, ""topwt"": 347.60616302490234, ""grnwt"": 0.0, ""xlai"": 0.5699329376220703, ""totir"": 0.0, ""tofer"": NaN, ""swfac"": 0.0, ""nstres"": 0.2996854186058044}",0.0,0.2996854186058044,347.60616302490234,0.0,0.5699329376220703,0.0,,0.0,0.0,40.0,0.0,-1.6504165649414055,14.349583435058594,Leave_One_experiments/all_year_offline_schedule_search/daily_outputs/YCA/YCA_2015_YCA2015_stress_grid_S0008_daily.csv
YCA,YCA,Yucheng,2015,Leave_One_experiments\wth_generated_qc\YCA\YCA2015.WTH,normal_year;water_stress_year;nitrogen_stress_year,water_stress,YCA2015_stress_grid_S0008,pareto_balanced,2015-07-11,192,29,24,"{""sim_day"": 29.0, ""doy"": 192.0, ""topwt"": 387.40570068359375, ""grnwt"": 0.0, ""xlai"": 0.6119778752326965, ""totir"": 0.0, ""tofer"": NaN, ""swfac"": 0.0, ""nstres"": 0.3407716155052185}",0.0,0.3407716155052185,387.40570068359375,0.0,0.6119778752326965,0.0,,0.0,0.0,40.0,0.0,-1.6504165649414055,14.349583435058594,Leave_One_experiments/all_year_offline_schedule_search/daily_outputs/YCA/YCA_2015_YCA2015_stress_grid_S0008_daily.csv
YCA,YCA,Yucheng,2015,Leave_One_experiments\wth_generated_qc\YCA\YCA2015.WTH,normal_year;water_stress_year;nitrogen_stress_year,water_stress,YCA2015_stress_grid_S0008,pareto_balanced,2015-07-12,193,30,25,"{""sim_day"": 30.0, ""doy"": 193.0, ""topwt"": 429.3702697753906, ""grnwt"": 0.0, ""xlai"": 0.6465014219284058, ""totir"": 0.0, ""tofer"": NaN, ""swfac"": 0.0, ""nstres"": 0.3758286237716675}",0.0,0.3758286237716675,429.3702697753906,0.0,0.6465014219284058,0.0,,0.0,0.0,40.0,0.0,-1.6504165649414055,14.349583435058594,Leave_One_experiments/all_year_offline_schedule_search/daily_outputs/YCA/YCA_2015_YCA2015_stress_grid_S0008_daily.csv
YCA,YCA,Yucheng,2015,Leave_One_experiments\wth_generated_qc\YCA\YCA2015.WTH,normal_year;water_stress_year;nitrogen_stress_year,water_stress,YCA2015_stress_grid_S0008,pareto_balanced,2015-07-13,194,31,26,"{""sim_day"": 31.0, ""doy"": 194.0, ""topwt"": 481.66881561279297, ""grnwt"": 0.0, ""xlai"": 0.6979809999465942, ""totir"": 0.0, ""tofer"": NaN, ""swfac"": 0.0, ""nstres"": 0.3753975629806518}",0.0,0.3753975629806518,481.66881561279297,0.0,0.6979809999465942,0.0,,0.0,0.0,40.0,0.0,-1.6504165649414055,14.349583435058594,Leave_One_experiments/all_year_offline_schedule_search/daily_outputs/YCA/YCA_2015_YCA2015_stress_grid_S0008_daily.csv
YCA,YCA,Yucheng,2015,Leave_One_experiments\wth_generated_qc\YCA\YCA2015.WTH,normal_year;water_stress_year;nitrogen_stress_year,water_stress,YCA2015_stress_grid_S0008,pareto_balanced,2015-07-14,195,32,27,"{""sim_day"": 32.0, ""doy"": 195.0, ""topwt"": 530.3936767578125, ""grnwt"": 0.0, ""xlai"": 0.7405853867530823, ""totir"": 0.0, ""tofer"": NaN, ""swfac"": 0.0, ""nstres"": 0.3576728105545044}",0.0,0.3576728105545044,530.3936767578125,0.0,0.7405853867530823,0.0,,0.0,0.0,40.0,0.0,-1.6504165649414055,14.349583435058594,Leave_One_experiments/all_year_offline_schedule_search/daily_outputs/YCA/YCA_2015_YCA2015_stress_grid_S0008_daily.csv
YCA,YCA,Yucheng,2015,Leave_One_experiments\wth_generated_qc\YCA\YCA2015.WTH,normal_year;water_stress_year;nitrogen_stress_year,water_stress,YCA2015_stress_grid_S0008,pareto_balanced,2015-07-15,196,33,28,"{""sim_day"": 33.0, ""doy"": 196.0, ""topwt"": 575.9761047363281, ""grnwt"": 0.0, ""xlai"": 0.7748618125915527, ""totir"": 0.0, ""tofer"": NaN, ""swfac"": 0.0, ""nstres"": 0.3642428517341614}",0.0,0.3642428517341614,575.9761047363281,0.0,0.7748618125915527,0.0,,0.0,0.0,40.0,0.0,-1.6504165649414055,14.349583435058594,Leave_One_experiments/all_year_offline_schedule_search/daily_outputs/YCA/YCA_2015_YCA2015_stress_grid_S0008_daily.csv
YCA,YCA,Yucheng,2015,Leave_One_experiments\wth_generated_qc\YCA\YCA2015.WTH,normal_year;water_stress_year;nitrogen_stress_year,water_stress,YCA2015_stress_grid_S0008,pareto_balanced,2015-07-16,197,34,29,"{""sim_day"": 34.0, ""doy"": 197.0, ""topwt"": 627.1505355834961, ""grnwt"": 0.0, ""xlai"": 0.8120498061180115, ""totir"": 0.0, ""tofer"": NaN, ""swfac"": 0.0, ""nstres"": 0.3632177114486694}",0.0,0.3632177114486694,627.1505355834961,0.0,0.8120498061180115,0.0,,0.0,0.0,40.0,0.0,-1.6504165649414055,14.349583435058594,Leave_One_experiments/all_year_offline_schedule_search/daily_outputs/YCA/YCA_2015_YCA2015_stress_grid_S0008_daily.csv
YCA,YCA,Yucheng,2015,Leave_One_experiments\wth_generated_qc\YCA\YCA2015.WTH,normal_year;water_stress_year;nitrogen_stress_year,water_stress,YCA2015_stress_grid_S0008,pareto_balanced,2015-07-17,198,35,30,"{""sim_day"": 35.0, ""doy"": 198.0, ""topwt"": 671.8331909179688, ""grnwt"": 0.0, ""xlai"": 0.8369783163070679, ""totir"": 0.0, ""tofer"": NaN, ""swfac"": 0.0, ""nstres"": 0.3782752752304077}",0.0,0.3782752752304077,671.8331909179688,0.0,0.8369783163070679,0.0,,0.0,0.0,40.0,0.0,-1.6504165649414055,14.349583435058594,Leave_One_experiments/all_year_offline_schedule_search/daily_outputs/YCA/YCA_2015_YCA2015_stress_grid_S0008_daily.csv
YCA,YCA,Yucheng,2015,Leave_One_experiments\wth_generated_qc\YCA\YCA2015.WTH,normal_year;water_stress_year;nitrogen_stress_year,water_stress,YCA2015_stress_grid_S0008,pareto_balanced,2015-07-18,199,36,31,"{""sim_day"": 36.0, ""doy"": 199.0, ""topwt"": 722.3786163330078, ""grnwt"": 0.0, ""xlai"": 0.8637790083885193, ""totir"": 0.0, ""tofer"": NaN, ""swfac"": 0.0, ""nstres"": 0.4035719037055969}",0.0,0.4035719037055969,722.3786163330078,0.0,0.8637790083885193,0.0,,0.0,0.0,40.0,0.0,-1.6504165649414055,14.349583435058594,Leave_One_experiments/all_year_offline_schedule_search/daily_outputs/YCA/YCA_2015_YCA2015_stress_grid_S0008_daily.csv
YCA,YCA,Yucheng,2015,Leave_One_experiments\wth_generated_qc\YCA\YCA2015.WTH,normal_year;water_stress_year;nitrogen_stress_year,water_stress,YCA2015_stress_grid_S0008,pareto_balanced,2015-07-19,200,37,32,"{""sim_day"": 37.0, ""doy"": 200.0, ""topwt"": 777.578125, ""grnwt"": 0.0, ""xlai"": 0.8905207514762878, ""totir"": 0.0, ""tofer"": NaN, ""swfac"": 0.0, ""nstres"": 0.4191242456436157}",0.0,0.4191242456436157,777.578125,0.0,0.8905207514762878,0.0,,0.0,0.0,40.0,0.0,-1.6504165649414055,14.349583435058594,Leave_One_experiments/all_year_offline_schedule_search/daily_outputs/YCA/YCA_2015_YCA2015_stress_grid_S0008_daily.csv
YCA,YCA,Yucheng,2015,Leave_One_experiments\wth_generated_qc\YCA\YCA2015.WTH,normal_year;water_stress_year;nitrogen_stress_year,water_stress,YCA2015_stress_grid_S0008,pareto_balanced,2015-07-20,201,38,33,"{""sim_day"": 38.0, ""doy"": 201.0, ""topwt"": 835.1913452148438, ""grnwt"": 0.0, ""xlai"": 0.9142224192619324, ""totir"": 0.0, ""tofer"": NaN, ""swfac"": 0.0, ""nstres"": 0.438858151435852}",0.0,0.438858151435852,835.1913452148438,0.0,0.9142224192619324,0.0,,0.0,0.0,40.0,0.0,-1.6504165649414055,14.349583435058594,Leave_One_experiments/all_year_offline_schedule_search/daily_outputs/YCA/YCA_2015_YCA2015_stress_grid_S0008_daily.csv
YCA,YCA,Yucheng,2015,Leave_One_experiments\wth_generated_qc\YCA\YCA2015.WTH,normal_year;water_stress_year;nitrogen_stress_year,water_stress,YCA2015_stress_grid_S0008,pareto_balanced,2015-07-21,202,39,34,"{""sim_day"": 39.0, ""doy"": 202.0, ""topwt"": 888.98681640625, ""grnwt"": 0.0, ""xlai"": 0.9294233918190002, ""totir"": 0.0, ""tofer"": NaN, ""swfac"": 0.0, ""nstres"": 0.4594079852104187}",0.0,0.4594079852104187,888.98681640625,0.0,0.9294233918190002,0.0,,0.0,0.0,40.0,0.0,-1.6504165649414055,14.349583435058594,Leave_One_experiments/all_year_offline_schedule_search/daily_outputs/YCA/YCA_2015_YCA2015_stress_grid_S0008_daily.csv
YCA,YCA,Yucheng,2015,Leave_One_experiments\wth_generated_qc\YCA\YCA2015.WTH,normal_year;water_stress_year;nitrogen_stress_year,water_stress,YCA2015_stress_grid_S0008,pareto_balanced,2015-07-22,203,40,35,"{""sim_day"": 40.0, ""doy"": 203.0, ""topwt"": 946.0944366455078, ""grnwt"": 0.0, ""xlai"": 0.94314706325531, ""totir"": 40.0, ""tofer"": NaN, ""swfac"": 0.0, ""nstres"": 0.4730035662651062}",0.0,0.4730035662651062,946.0944366455078,0.0,0.94314706325531,40.0,,40.0,0.0,40.0,0.0,-1.6504165649414055,14.349583435058594,Leave_One_experiments/all_year_offline_schedule_search/daily_outputs/YCA/YCA_2015_YCA2015_stress_grid_S0008_daily.csv
YCA,YCA,Yucheng,2015,Leave_One_experiments\wth_generated_qc\YCA\YCA2015.WTH,normal_year;water_stress_year;nitrogen_stress_year,water_stress,YCA2015_stress_grid_S0008,pareto_balanced,2015-07-23,204,41,36,"{""sim_day"": 41.0, ""doy"": 204.0, ""topwt"": 1009.8690795898438, ""grnwt"": 0.0, ""xlai"": 0.9579270482063292, ""totir"": 40.0, ""tofer"": NaN, ""swfac"": 0.0, ""nstres"": 0.4794422388076782}",0.0,0.4794422388076782,1009.8690795898438,0.0,0.9579270482063292,40.0,,0.0,0.0,40.0,0.0,-1.6504165649414055,14.349583435058594,Leave_One_experiments/all_year_offline_schedule_search/daily_outputs/YCA/YCA_2015_YCA2015_stress_grid_S0008_daily.csv
YCA,YCA,Yucheng,2015,Leave_One_experiments\wth_generated_qc\YCA\YCA2015.WTH,normal_year;water_stress_year;nitrogen_stress_year,water_stress,YCA2015_stress_grid_S0008,pareto_balanced,2015-07-24,205,42,37,"{""sim_day"": 42.0, ""doy"": 205.0, ""topwt"": 1074.4154357910156, ""grnwt"": 0.0, ""xlai"": 0.9685178399086, ""totir"": 40.0, ""tofer"": NaN, ""swfac"": 0.0, ""nstres"": 0.4962282180786133}",0.0,0.4962282180786133,1074.4154357910156,0.0,0.9685178399086,40.0,,0.0,0.0,40.0,0.0,-1.6504165649414055,14.349583435058594,Leave_One_experiments/all_year_offline_schedule_search/daily_outputs/YCA/YCA_2015_YCA2015_stress_grid_S0008_daily.csv
YCA,YCA,Yucheng,2015,Leave_One_experiments\wth_generated_qc\YCA\YCA2015.WTH,normal_year;water_stress_year;nitrogen_stress_year,water_stress,YCA2015_stress_grid_S0008,pareto_balanced,2015-07-25,206,43,38,"{""sim_day"": 43.0, ""doy"": 206.0, ""topwt"": 1145.7335662841797, ""grnwt"": 0.0, ""xlai"": 0.978966474533081, ""totir"": 40.0, ""tofer"": NaN, ""swfac"": 0.0, ""nstres"": 0.51304692029953}",0.0,0.51304692029953,1145.7335662841797,0.0,0.978966474533081,40.0,,0.0,0.0,40.0,0.0,-1.6504165649414055,14.349583435058594,Leave_One_experiments/all_year_offline_schedule_search/daily_outputs/YCA/YCA_2015_YCA2015_stress_grid_S0008_daily.csv
YCA,YCA,Yucheng,2015,Leave_One_experiments\wth_generated_qc\YCA\YCA2015.WTH,normal_year;water_stress_year;nitrogen_stress_year,water_stress,YCA2015_stress_grid_S0008,pareto_balanced,2015-07-26,207,44,39,"{""sim_day"": 44.0, ""doy"": 207.0, ""topwt"": 1221.327896118164, ""grnwt"": 0.0, ""xlai"": 0.9874310493469238, ""totir"": 40.0, ""tofer"": NaN, ""swfac"": 0.0, ""nstres"": 0.5252016186714172}",0.0,0.5252016186714172,1221.327896118164,0.0,0.9874310493469238,40.0,,0.0,0.0,40.0,0.0,-1.6504165649414055,14.349583435058594,Leave_One_experiments/all_year_offline_schedule_search/daily_outputs/YCA/YCA_2015_YCA2015_stress_grid_S0008_daily.csv
YCA,YCA,Yucheng,2015,Leave_One_experiments\wth_generated_qc\YCA\YCA2015.WTH,normal_year;water_stress_year;nitrogen_stress_year,water_stress,YCA2015_stress_grid_S0008,pareto_balanced,2015-07-27,208,45,40,"{""sim_day"": 45.0, ""doy"": 208.0, ""topwt"": 1301.9424438476562, ""grnwt"": 0.0, ""xlai"": 0.9944911003112792, ""totir"": 40.0, ""tofer"": NaN, ""swfac"": 0.0, ""nstres"": 0.5320682525634766}",0.0,0.5320682525634766,1301.9424438476562,0.0,0.9944911003112792,40.0,,0.0,0.0,40.0,0.0,-1.6504165649414055,14.349583435058594,Leave_One_experiments/all_year_offline_schedule_search/daily_outputs/YCA/YCA_2015_YCA2015_stress_grid_S0008_daily.csv
YCA,YCA,Yucheng,2015,Leave_One_experiments\wth_generated_qc\YCA\YCA2015.WTH,normal_year;water_stress_year;nitrogen_stress_year,water_stress,YCA2015_stress_grid_S0008,pareto_balanced,2015-07-28,209,46,41,"{""sim_day"": 46.0, ""doy"": 209.0, ""topwt"": 1387.8286743164062, ""grnwt"": 0.0, ""xlai"": 1.0002501010894775, ""totir"": 40.0, ""tofer"": NaN, ""swfac"": 0.0, ""nstres"": 0.5348942875862122}",0.0,0.5348942875862122,1387.8286743164062,0.0,1.0002501010894775,40.0,,0.0,0.0,40.0,0.0,-1.6504165649414055,14.349583435058594,Leave_One_experiments/all_year_offline_schedule_search/daily_outputs/YCA/YCA_2015_YCA2015_stress_grid_S0008_daily.csv
YCA,YCA,Yucheng,2015,Leave_One_experiments\wth_generated_qc\YCA\YCA2015.WTH,normal_year;water_stress_year;nitrogen_stress_year,water_stress,YCA2015_stress_grid_S0008,pareto_balanced,2015-07-29,210,47,42,"{""sim_day"": 47.0, ""doy"": 210.0, ""topwt"": 1453.755340576172, ""grnwt"": 0.0, ""xlai"": 0.992677628993988, ""totir"": 40.0, ""tofer"": NaN, ""swfac"": 0.0, ""nstres"": 0.5389240384101868}",0.0,0.5389240384101868,1453.755340576172,0.0,0.992677628993988,40.0,,0.0,0.0,40.0,0.0,-1.6504165649414055,14.349583435058594,Leave_One_experiments/all_year_offline_schedule_search/daily_outputs/YCA/YCA_2015_YCA2015_stress_grid_S0008_daily.csv
YCA,YCA,Yucheng,2015,Leave_One_experiments\wth_generated_qc\YCA\YCA2015.WTH,normal_year;water_stress_year;nitrogen_stress_year,water_stress,YCA2015_stress_grid_S0008,pareto_balanced,2015-07-30,211,48,43,"{""sim_day"": 48.0, ""doy"": 211.0, ""topwt"": 1508.4640502929688, ""grnwt"": 0.0, ""xlai"": 0.978040874004364, ""totir"": 40.0, ""tofer"": NaN, ""swfac"": 0.0, ""nstres"": 0.5447098612785339}",0.0,0.5447098612785339,1508.4640502929688,0.0,0.978040874004364,40.0,,0.0,0.0,40.0,0.0,-1.6504165649414055,14.349583435058594,Leave_One_experiments/all_year_offline_schedule_search/daily_outputs/YCA/YCA_2015_YCA2015_stress_grid_S0008_daily.csv
YCA,YCA,Yucheng,2015,Leave_One_experiments\wth_generated_qc\YCA\YCA2015.WTH,normal_year;water_stress_year;nitrogen_stress_year,water_stress,YCA2015_stress_grid_S0008,pareto_balanced,2015-07-31,212,49,44,"{""sim_day"": 49.0, ""doy"": 212.0, ""topwt"": 1568.3786010742188, ""grnwt"": 0.0, ""xlai"": 0.976975679397583, ""totir"": 40.0, ""tofer"": NaN, ""swfac"": 0.0, ""nstres"": 0.5401651859283447}",0.0,0.5401651859283447,1568.3786010742188,0.0,0.976975679397583,40.0,,0.0,0.0,40.0,0.0,-1.6504165649414055,14.349583435058594,Leave_One_experiments/all_year_offline_schedule_search/daily_outputs/YCA/YCA_2015_YCA2015_stress_grid_S0008_daily.csv
YCA,YCA,Yucheng,2015,Leave_One_experiments\wth_generated_qc\YCA\YCA2015.WTH,normal_year;water_stress_year;nitrogen_stress_year,water_stress,YCA2015_stress_grid_S0008,pareto_balanced,2015-08-01,213,50,45,"{""sim_day"": 50.0, ""doy"": 213.0, ""topwt"": 1653.809051513672, ""grnwt"": 0.0, ""xlai"": 0.9764369130134584, ""totir"": 40.0, ""tofer"": NaN, ""swfac"": 0.0, ""nstres"": 0.5314635634422302}",0.0,0.5314635634422302,1653.809051513672,0.0,0.9764369130134584,40.0,,0.0,0.0,40.0,0.0,-1.6504165649414055,14.349583435058594,Leave_One_experiments/all_year_offline_schedule_search/daily_outputs/YCA/YCA_2015_YCA2015_stress_grid_S0008_daily.csv
YCA,YCA,Yucheng,2015,Leave_One_experiments\wth_generated_qc\YCA\YCA2015.WTH,normal_year;water_stress_year;nitrogen_stress_year,water_stress,YCA2015_stress_grid_S0008,pareto_balanced,2015-08-02,214,51,46,"{""sim_day"": 51.0, ""doy"": 214.0, ""topwt"": 1679.0859985351562, ""grnwt"": 0.0, ""xlai"": 0.948028326034546, ""totir"": 40.0, ""tofer"": NaN, ""swfac"": 0.0, ""nstres"": 0.5265216827392578}",0.0,0.5265216827392578,1679.0859985351562,0.0,0.948028326034546,40.0,,0.0,0.0,40.0,0.0,-1.6504165649414055,14.349583435058594,Leave_One_experiments/all_year_offline_schedule_search/daily_outputs/YCA/YCA_2015_YCA2015_stress_grid_S0008_daily.csv
YCA,YCA,Yucheng,2015,Leave_One_experiments\wth_generated_qc\YCA\YCA2015.WTH,normal_year;water_stress_year;nitrogen_stress_year,water_stress,YCA2015_stress_grid_S0008,pareto_balanced,2015-08-03,215,52,47,"{""sim_day"": 52.0, ""doy"": 215.0, ""topwt"": 1731.3198852539062, ""grnwt"": 0.0, ""xlai"": 0.9286511540412904, ""totir"": 40.0, ""tofer"": NaN, ""swfac"": 0.0, ""nstres"": 0.5322240591049194}",0.0,0.5322240591049194,1731.3198852539062,0.0,0.9286511540412904,40.0,,0.0,0.0,40.0,0.0,-1.6504165649414055,14.349583435058594,Leave_One_experiments/all_year_offline_schedule_search/daily_outputs/YCA/YCA_2015_YCA2015_stress_grid_S0008_daily.csv
YCA,YCA,Yucheng,2015,Leave_One_experiments\wth_generated_qc\YCA\YCA2015.WTH,normal_year;water_stress_year;nitrogen_stress_year,water_stress,YCA2015_stress_grid_S0008,pareto_balanced,2015-08-04,216,53,48,"{""sim_day"": 53.0, ""doy"": 216.0, ""topwt"": 1775.8447265625, ""grnwt"": 0.0, ""xlai"": 0.9068160057067872, ""totir"": 40.0, ""tofer"": NaN, ""swfac"": 0.0, ""nstres"": 0.5147413611412048}",0.0,0.5147413611412048,1775.8447265625,0.0,0.9068160057067872,40.0,,0.0,0.0,40.0,0.0,-1.6504165649414055,14.349583435058594,Leave_One_experiments/all_year_offline_schedule_search/daily_outputs/YCA/YCA_2015_YCA2015_stress_grid_S0008_daily.csv
YCA,YCA,Yucheng,2015,Leave_One_experiments\wth_generated_qc\YCA\YCA2015.WTH,normal_year;water_stress_year;nitrogen_stress_year,water_stress,YCA2015_stress_grid_S0008,pareto_balanced,2015-08-05,217,54,49,"{""sim_day"": 54.0, ""doy"": 217.0, ""topwt"": 1848.926544189453, ""grnwt"": 0.0, ""xlai"": 0.8933500647544861, ""totir"": 40.0, ""tofer"": NaN, ""swfac"": 0.0, ""nstres"": 0.5083468556404114}",0.0,0.5083468556404114,1848.926544189453,0.0,0.8933500647544861,40.0,,0.0,0.0,40.0,0.0,-1.6504165649414055,14.349583435058594,Leave_One_experiments/all_year_offline_schedule_search/daily_outputs/YCA/YCA_2015_YCA2015_stress_grid_S0008_daily.csv
YCA,YCA,Yucheng,2015,Leave_One_experiments\wth_generated_qc\YCA\YCA2015.WTH,normal_year;water_stress_year;nitrogen_stress_year,water_stress,YCA2015_stress_grid_S0008,pareto_balanced,2015-08-06,218,55,50,"{""sim_day"": 55.0, ""doy"": 218.0, ""topwt"": 1934.4514465332031, ""grnwt"": 0.0, ""xlai"": 0.8826590776443481, ""totir"": 40.0, ""tofer"": NaN, ""swfac"": 0.0, ""nstres"": 0.5026242733001709}",0.0,0.5026242733001709,1934.4514465332031,0.0,0.8826590776443481,40.0,,0.0,0.0,40.0,0.0,-1.6504165649414055,14.349583435058594,Leave_One_experiments/all_year_offline_schedule_search/daily_outputs/YCA/YCA_2015_YCA2015_stress_grid_S0008_daily.csv
YCA,YCA,Yucheng,2015,Leave_One_experiments\wth_generated_qc\YCA\YCA2015.WTH,normal_year;water_stress_year;nitrogen_stress_year,water_stress,YCA2015_stress_grid_S0008,pareto_balanced,2015-08-07,219,56,51,"{""sim_day"": 56.0, ""doy"": 219.0, ""topwt"": 2022.6026916503904, ""grnwt"": 0.0, ""xlai"": 0.871424674987793, ""totir"": 40.0, ""tofer"": NaN, ""swfac"": 0.0, ""nstres"": 0.5118600130081177}",0.0,0.5118600130081177,2022.6026916503904,0.0,0.871424674987793,40.0,,0.0,0.0,40.0,0.0,-1.6504165649414055,14.349583435058594,Leave_One_experiments/all_year_offline_schedule_search/daily_outputs/YCA/YCA_2015_YCA2015_stress_grid_S0008_daily.csv
YCA,YCA,Yucheng,2015,Leave_One_experiments\wth_generated_qc\YCA\YCA2015.WTH,normal_year;water_stress_year;nitrogen_stress_year,water_stress,YCA2015_stress_grid_S0008,pareto_balanced,2015-08-08,220,57,52,"{""sim_day"": 57.0, ""doy"": 220.0, ""topwt"": 2112.901611328125, ""grnwt"": 0.0, ""xlai"": 0.8608407974243164, ""totir"": 40.0, ""tofer"": NaN, ""swfac"": 0.0, ""nstres"": 0.5201048851013184}",0.0,0.5201048851013184,2112.901611328125,0.0,0.8608407974243164,40.0,,0.0,0.0,40.0,0.0,-1.6504165649414055,14.349583435058594,Leave_One_experiments/all_year_offline_schedule_search/daily_outputs/YCA/YCA_2015_YCA2015_stress_grid_S0008_daily.csv
YCA,YCA,Yucheng,2015,Leave_One_experiments\wth_generated_qc\YCA\YCA2015.WTH,normal_year;water_stress_year;nitrogen_stress_year,water_stress,YCA2015_stress_grid_S0008,pareto_balanced,2015-08-09,221,58,53,"{""sim_day"": 58.0, ""doy"": 221.0, ""topwt"": 2202.618560791016, ""grnwt"": 0.0, ""xlai"": 0.8503885269165039, ""totir"": 40.0, ""tofer"": NaN, ""swfac"": 0.0, ""nstres"": 0.5230255722999573}",0.0,0.5230255722999573,2202.618560791016,0.0,0.8503885269165039,40.0,,0.0,0.0,40.0,0.0,-1.6504165649414055,14.349583435058594,Leave_One_experiments/all_year_offline_schedule_search/daily_outputs/YCA/YCA_2015_YCA2015_stress_grid_S0008_daily.csv
YCA,YCA,Yucheng,2015,Leave_One_experiments\wth_generated_qc\YCA\YCA2015.WTH,normal_year;water_stress_year;nitrogen_stress_year,water_stress,YCA2015_stress_grid_S0008,pareto_balanced,2015-08-10,222,59,54,"{""sim_day"": 59.0, ""doy"": 222.0, ""topwt"": 2276.8896484375, ""grnwt"": 0.0, ""xlai"": 0.8364018201828003, ""totir"": 40.0, ""tofer"": NaN, ""swfac"": 0.0, ""nstres"": 0.5224064588546753}",0.0,0.5224064588546753,2276.8896484375,0.0,0.8364018201828003,40.0,,0.0,0.0,40.0,0.0,-1.6504165649414055,14.349583435058594,Leave_One_experiments/all_year_offline_schedule_search/daily_outputs/YCA/YCA_2015_YCA2015_stress_grid_S0008_daily.csv
YCA,YCA,Yucheng,2015,Leave_One_experiments\wth_generated_qc\YCA\YCA2015.WTH,normal_year;water_stress_year;nitrogen_stress_year,water_stress,YCA2015_stress_grid_S0008,pareto_balanced,2015-08-11,223,60,55,"{""sim_day"": 60.0, ""doy"": 223.0, ""topwt"": 2365.038604736328, ""grnwt"": 0.0, ""xlai"": 0.8266412019729614, ""totir"": 40.0, ""tofer"": NaN, ""swfac"": 0.0, ""nstres"": 0.5178911089897156}",0.0,0.5178911089897156,2365.038604736328,0.0,0.8266412019729614,40.0,,0.0,0.0,40.0,0.0,-1.6504165649414055,14.349583435058594,Leave_One_experiments/all_year_offline_schedule_search/daily_outputs/YCA/YCA_2015_YCA2015_stress_grid_S0008_daily.csv
YCA,YCA,Yucheng,2015,Leave_One_experiments\wth_generated_qc\YCA\YCA2015.WTH,normal_year;water_stress_year;nitrogen_stress_year,water_stress,YCA2015_stress_grid_S0008,pareto_balanced,2015-08-12,224,61,56,"{""sim_day"": 61.0, ""doy"": 224.0, ""topwt"": 2453.619384765625, ""grnwt"": 0.0, ""xlai"": 0.8176183104515076, ""totir"": 40.0, ""tofer"": NaN, ""swfac"": 0.0, ""nstres"": 0.5102254748344421}",0.0,0.5102254748344421,2453.619384765625,0.0,0.8176183104515076,40.0,,0.0,0.0,40.0,0.0,-1.6504165649414055,14.349583435058594,Leave_One_experiments/all_year_offline_schedule_search/daily_outputs/YCA/YCA_2015_YCA2015_stress_grid_S0008_daily.csv
YCA,YCA,Yucheng,2015,Leave_One_experiments\wth_generated_qc\YCA\YCA2015.WTH,normal_year;water_stress_year;nitrogen_stress_year,water_stress,YCA2015_stress_grid_S0008,pareto_balanced,2015-08-13,225,62,57,"{""sim_day"": 62.0, ""doy"": 225.0, ""topwt"": 2507.3373413085938, ""grnwt"": 0.0, ""xlai"": 0.7869579195976257, ""totir"": 40.0, ""tofer"": NaN, ""swfac"": 0.0, ""nstres"": 0.4999890923500061}",0.0,0.4999890923500061,2507.3373413085938,0.0,0.7869579195976257,40.0,,0.0,0.0,40.0,0.0,-1.6504165649414055,14.349583435058594,Leave_One_experiments/all_year_offline_schedule_search/daily_outputs/YCA/YCA_2015_YCA2015_stress_grid_S0008_daily.csv
YCA,YCA,Yucheng,2015,Leave_One_experiments\wth_generated_qc\YCA\YCA2015.WTH,normal_year;water_stress_year;nitrogen_stress_year,water_stress,YCA2015_stress_grid_S0008,pareto_balanced,2015-08-14,226,63,58,"{""sim_day"": 63.0, ""doy"": 226.0, ""topwt"": 2574.7439575195312, ""grnwt"": 0.0, ""xlai"": 0.7580881118774414, ""totir"": 40.0, ""tofer"": NaN, ""swfac"": 0.0, ""nstres"": 0.4804500341415405}",0.0,0.4804500341415405,2574.7439575195312,0.0,0.7580881118774414,40.0,,0.0,0.0,40.0,0.0,-1.6504165649414055,14.349583435058594,Leave_One_experiments/all_year_offline_schedule_search/daily_outputs/YCA/YCA_2015_YCA2015_stress_grid_S0008_daily.csv
YCA,YCA,Yucheng,2015,Leave_One_experiments\wth_generated_qc\YCA\YCA2015.WTH,normal_year;water_stress_year;nitrogen_stress_year,water_stress,YCA2015_stress_grid_S0008,pareto_balanced,2015-08-15,227,64,59,"{""sim_day"": 64.0, ""doy"": 227.0, ""topwt"": 2644.654541015625, ""grnwt"": 0.0, ""xlai"": 0.7307053804397583, ""totir"": 40.0, ""tofer"": NaN, ""swfac"": 0.0, ""nstres"": 0.4668998122215271}",0.0,0.4668998122215271,2644.654541015625,0.0,0.7307053804397583,40.0,,0.0,0.0,40.0,0.0,-1.6504165649414055,14.349583435058594,Leave_One_experiments/all_year_offline_schedule_search/daily_outputs/YCA/YCA_2015_YCA2015_stress_grid_S0008_daily.csv
YCA,YCA,Yucheng,2015,Leave_One_experiments\wth_generated_qc\YCA\YCA2015.WTH,normal_year;water_stress_year;nitrogen_stress_year,water_stress,YCA2015_stress_grid_S0008,pareto_balanced,2015-08-16,228,65,60,"{""sim_day"": 65.0, ""doy"": 228.0, ""topwt"": 2679.833068847656, ""grnwt"": 0.0, ""xlai"": 0.7046071887016296, ""totir"": 40.0, ""tofer"": NaN, ""swfac"": 0.0, ""nstres"": 0.4571930170059204}",0.0,0.4571930170059204,2679.833068847656,0.0,0.7046071887016296,40.0,,0.0,0.0,40.0,0.0,-1.6504165649414055,14.349583435058594,Leave_One_experiments/all_year_offline_schedule_search/daily_outputs/YCA/YCA_2015_YCA2015_stress_grid_S0008_daily.csv
YCA,YCA,Yucheng,2015,Leave_One_experiments\wth_generated_qc\YCA\YCA2015.WTH,normal_year;water_stress_year;nitrogen_stress_year,water_stress,YCA2015_stress_grid_S0008,pareto_balanced,2015-08-17,229,66,61,"{""sim_day"": 66.0, ""doy"": 229.0, ""topwt"": 2717.5411987304688, ""grnwt"": 0.0, ""xlai"": 0.6797317266464233, ""totir"": 40.0, ""tofer"": NaN, ""swfac"": 0.0, ""nstres"": 0.447296142578125}",0.0,0.447296142578125,2717.5411987304688,0.0,0.6797317266464233,40.0,,0.0,0.0,40.0,0.0,-1.6504165649414055,14.349583435058594,Leave_One_experiments/all_year_offline_schedule_search/daily_outputs/YCA/YCA_2015_YCA2015_stress_grid_S0008_daily.csv
YCA,YCA,Yucheng,2015,Leave_One_experiments\wth_generated_qc\YCA\YCA2015.WTH,normal_year;water_stress_year;nitrogen_stress_year,water_stress,YCA2015_stress_grid_S0008,pareto_balanced,2015-08-18,230,67,62,"{""sim_day"": 67.0, ""doy"": 230.0, ""topwt"": 2738.468017578125, ""grnwt"": 0.0, ""xlai"": 0.6562790274620056, ""totir"": 40.0, ""tofer"": NaN, ""swfac"": 0.0, ""nstres"": 0.4280688762664795}",0.0,0.4280688762664795,2738.468017578125,0.0,0.6562790274620056,40.0,,0.0,0.0,40.0,0.0,-1.6504165649414055,14.349583435058594,Leave_One_experiments/all_year_offline_schedule_search/daily_outputs/YCA/YCA_2015_YCA2015_stress_grid_S0008_daily.csv
YCA,YCA,Yucheng,2015,Leave_One_experiments\wth_generated_qc\YCA\YCA2015.WTH,normal_year;water_stress_year;nitrogen_stress_year,water_stress,YCA2015_stress_grid_S0008,pareto_balanced,2015-08-19,231,68,63,"{""sim_day"": 68.0, ""doy"": 231.0, ""topwt"": 2785.728454589844, ""grnwt"": 0.0, ""xlai"": 0.6341209411621094, ""totir"": 40.0, ""tofer"": NaN, ""swfac"": 0.0, ""nstres"": 0.4103153347969055}",0.0,0.4103153347969055,2785.728454589844,0.0,0.6341209411621094,40.0,,0.0,0.0,40.0,0.0,-1.6504165649414055,14.349583435058594,Leave_One_experiments/all_year_offline_schedule_search/daily_outputs/YCA/YCA_2015_YCA2015_stress_grid_S0008_daily.csv
YCA,YCA,Yucheng,2015,Leave_One_experiments\wth_generated_qc\YCA\YCA2015.WTH,normal_year;water_stress_year;nitrogen_stress_year,water_stress,YCA2015_stress_grid_S0008,pareto_balanced,2015-08-20,232,69,64,"{""sim_day"": 69.0, ""doy"": 232.0, ""topwt"": 2847.811279296875, ""grnwt"": 0.0, ""xlai"": 0.6133188605308533, ""totir"": 40.0, ""tofer"": NaN, ""swfac"": 0.0, ""nstres"": 0.3873084187507629}",0.0,0.3873084187507629,2847.811279296875,0.0,0.6133188605308533,40.0,,0.0,0.0,40.0,0.0,-1.6504165649414055,14.349583435058594,Leave_One_experiments/all_year_offline_schedule_search/daily_outputs/YCA/YCA_2015_YCA2015_stress_grid_S0008_daily.csv
YCA,YCA,Yucheng,2015,Leave_One_experiments\wth_generated_qc\YCA\YCA2015.WTH,normal_year;water_stress_year;nitrogen_stress_year,water_stress,YCA2015_stress_grid_S0008,pareto_balanced,2015-08-21,233,70,65,"{""sim_day"": 70.0, ""doy"": 233.0, ""topwt"": 2880.191650390625, ""grnwt"": 0.0, ""xlai"": 0.5936406850814819, ""totir"": 40.0, ""tofer"": NaN, ""swfac"": 0.0, ""nstres"": 0.3700373768806457}",0.0,0.3700373768806457,2880.191650390625,0.0,0.5936406850814819,40.0,,0.0,0.0,40.0,0.0,-1.6504165649414055,14.349583435058594,Leave_One_experiments/all_year_offline_schedule_search/daily_outputs/YCA/YCA_2015_YCA2015_stress_grid_S0008_daily.csv
YCA,YCA,Yucheng,2015,Leave_One_experiments\wth_generated_qc\YCA\YCA2015.WTH,normal_year;water_stress_year;nitrogen_stress_year,water_stress,YCA2015_stress_grid_S0008,pareto_balanced,2015-08-22,234,71,66,"{""sim_day"": 71.0, ""doy"": 234.0, ""topwt"": 2970.366516113281, ""grnwt"": 90.175199508667, ""xlai"": 0.5749137997627258, ""totir"": 40.0, ""tofer"": NaN, ""swfac"": 0.0, ""nstres"": 0.3571006059646606}",0.0,0.3571006059646606,2970.366516113281,90.175199508667,0.5749137997627258,40.0,,0.0,0.0,40.0,0.0,-1.6504165649414055,14.349583435058594,Leave_One_experiments/all_year_offline_schedule_search/daily_outputs/YCA/YCA_2015_YCA2015_stress_grid_S0008_daily.csv
YCA,YCA,Yucheng,2015,Leave_One_experiments\wth_generated_qc\YCA\YCA2015.WTH,normal_year;water_stress_year;nitrogen_stress_year,water_stress,YCA2015_stress_grid_S0008,pareto_balanced,2015-08-23,235,72,67,"{""sim_day"": 72.0, ""doy"": 235.0, ""topwt"": 3021.683959960937, ""grnwt"": 141.49235725402832, ""xlai"": 0.5563859343528748, ""totir"": 40.0, ""tofer"": NaN, ""swfac"": 0.0, ""nstres"": 0.3734512329101562}",0.0,0.3734512329101562,3021.683959960937,141.49235725402832,0.5563859343528748,40.0,,0.0,0.0,40.0,0.0,-1.6504165649414055,14.349583435058594,Leave_One_experiments/all_year_offline_schedule_search/daily_outputs/YCA/YCA_2015_YCA2015_stress_grid_S0008_daily.csv
YCA,YCA,Yucheng,2015,Leave_One_experiments\wth_generated_qc\YCA\YCA2015.WTH,normal_year;water_stress_year;nitrogen_stress_year,water_stress,YCA2015_stress_grid_S0008,pareto_balanced,2015-08-24,236,73,68,"{""sim_day"": 73.0, ""doy"": 236.0, ""topwt"": 3073.0010986328125, ""grnwt"": 192.80950546264648, ""xlai"": 0.53863924741745, ""totir"": 40.0, ""tofer"": NaN, ""swfac"": 0.0, ""nstres"": 0.3655092716217041}",0.0,0.3655092716217041,3073.0010986328125,192.80950546264648,0.53863924741745,40.0,,0.0,0.0,40.0,0.0,-1.6504165649414055,14.349583435058594,Leave_One_experiments/all_year_offline_schedule_search/daily_outputs/YCA/YCA_2015_YCA2015_stress_grid_S0008_daily.csv
YCA,YCA,Yucheng,2015,Leave_One_experiments\wth_generated_qc\YCA\YCA2015.WTH,normal_year;water_stress_year;nitrogen_stress_year,water_stress,YCA2015_stress_grid_S0008,pareto_balanced,2015-08-25,237,74,69,"{""sim_day"": 74.0, ""doy"": 237.0, ""topwt"": 3124.3182373046875, ""grnwt"": 244.1266632080078, ""xlai"": 0.5216416716575623, ""totir"": 40.0, ""tofer"": NaN, ""swfac"": 0.0, ""nstres"": 0.3573583364486694}",0.0,0.3573583364486694,3124.3182373046875,244.1266632080078,0.5216416716575623,40.0,,0.0,0.0,40.0,0.0,-1.6504165649414055,14.349583435058594,Leave_One_experiments/all_year_offline_schedule_search/daily_outputs/YCA/YCA_2015_YCA2015_stress_grid_S0008_daily.csv
YCA,YCA,Yucheng,2015,Leave_One_experiments\wth_generated_qc\YCA\YCA2015.WTH,normal_year;water_stress_year;nitrogen_stress_year,water_stress,YCA2015_stress_grid_S0008,pareto_balanced,2015-08-26,238,75,70,"{""sim_day"": 75.0, ""doy"": 238.0, ""topwt"": 3175.635070800781, ""grnwt"": 295.4438018798828, ""xlai"": 0.5053574442863464, ""totir"": 40.0, ""tofer"": NaN, ""swfac"": 0.0, ""nstres"": 0.3492127060890198}",0.0,0.3492127060890198,3175.635070800781,295.4438018798828,0.5053574442863464,40.0,,0.0,0.0,40.0,0.0,-1.6504165649414055,14.349583435058594,Leave_One_experiments/all_year_offline_schedule_search/daily_outputs/YCA/YCA_2015_YCA2015_stress_grid_S0008_daily.csv
YCA,YCA,Yucheng,2015,Leave_One_experiments\wth_generated_qc\YCA\YCA2015.WTH,normal_year;water_stress_year;nitrogen_stress_year,water_stress,YCA2015_stress_grid_S0008,pareto_balanced,2015-08-27,239,76,71,"{""sim_day"": 76.0, ""doy"": 239.0, ""topwt"": 3226.952514648437, ""grnwt"": 346.7609405517578, ""xlai"": 0.4897583425045013, ""totir"": 40.0, ""tofer"": NaN, ""swfac"": 0.0, ""nstres"": 0.3408175706863403}",0.0,0.3408175706863403,3226.952514648437,346.7609405517578,0.4897583425045013,40.0,,0.0,0.0,40.0,0.0,-1.6504165649414055,14.349583435058594,Leave_One_experiments/all_year_offline_schedule_search/daily_outputs/YCA/YCA_2015_YCA2015_stress_grid_S0008_daily.csv
YCA,YCA,Yucheng,2015,Leave_One_experiments\wth_generated_qc\YCA\YCA2015.WTH,normal_year;water_stress_year;nitrogen_stress_year,water_stress,YCA2015_stress_grid_S0008,pareto_balanced,2015-08-28,240,77,72,"{""sim_day"": 77.0, ""doy"": 240.0, ""topwt"": 3278.2696533203125, ""grnwt"": 398.0781173706055, ""xlai"": 0.4747928082942962, ""totir"": 40.0, ""tofer"": NaN, ""swfac"": 0.0, ""nstres"": 0.333367109298706}",0.0,0.333367109298706,3278.2696533203125,398.0781173706055,0.4747928082942962,40.0,,0.0,0.0,40.0,0.0,-1.6504165649414055,14.349583435058594,Leave_One_experiments/all_year_offline_schedule_search/daily_outputs/YCA/YCA_2015_YCA2015_stress_grid_S0008_daily.csv
YCA,YCA,Yucheng,2015,Leave_One_experiments\wth_generated_qc\YCA\YCA2015.WTH,normal_year;water_stress_year;nitrogen_stress_year,water_stress,YCA2015_stress_grid_S0008,pareto_balanced,2015-08-29,241,78,73,"{""sim_day"": 78.0, ""doy"": 241.0, ""topwt"": 3329.5867919921875, ""grnwt"": 449.39525604248047, ""xlai"": 0.4604080021381378, ""totir"": 40.0, ""tofer"": NaN, ""swfac"": 0.0, ""nstres"": 0.3271321654319763}",0.0,0.3271321654319763,3329.5867919921875,449.39525604248047,0.4604080021381378,40.0,,0.0,0.0,40.0,0.0,-1.6504165649414055,14.349583435058594,Leave_One_experiments/all_year_offline_schedule_search/daily_outputs/YCA/YCA_2015_YCA2015_stress_grid_S0008_daily.csv
YCA,YCA,Yucheng,2015,Leave_One_experiments\wth_generated_qc\YCA\YCA2015.WTH,normal_year;water_stress_year;nitrogen_stress_year,water_stress,YCA2015_stress_grid_S0008,pareto_balanced,2015-08-30,242,79,74,"{""sim_day"": 79.0, ""doy"": 242.0, ""topwt"": 3354.23583984375, ""grnwt"": 500.7123947143554, ""xlai"": 0.4465889036655426, ""totir"": 40.0, ""tofer"": NaN, ""swfac"": 0.0, ""nstres"": 0.3203578591346741}",0.0,0.3203578591346741,3354.23583984375,500.7123947143554,0.4465889036655426,40.0,,0.0,0.0,40.0,0.0,-1.6504165649414055,14.349583435058594,Leave_One_experiments/all_year_offline_schedule_search/daily_outputs/YCA/YCA_2015_YCA2015_stress_grid_S0008_daily.csv
YCA,YCA,Yucheng,2015,Leave_One_experiments\wth_generated_qc\YCA\YCA2015.WTH,normal_year;water_stress_year;nitrogen_stress_year,water_stress,YCA2015_stress_grid_S0008,pareto_balanced,2015-08-31,243,80,75,"{""sim_day"": 80.0, ""doy"": 243.0, ""topwt"": 3395.2859497070312, ""grnwt"": 552.0295333862305, ""xlai"": 0.4333007633686065, ""totir"": 40.0, ""tofer"": NaN, ""swfac"": 0.0, ""nstres"": 0.3141100406646728}",0.0,0.3141100406646728,3395.2859497070312,552.0295333862305,0.4333007633686065,40.0,,0.0,0.0,40.0,0.0,-1.6504165649414055,14.349583435058594,Leave_One_experiments/all_year_offline_schedule_search/daily_outputs/YCA/YCA_2015_YCA2015_stress_grid_S0008_daily.csv
YCA,YCA,Yucheng,2015,Leave_One_experiments\wth_generated_qc\YCA\YCA2015.WTH,normal_year;water_stress_year;nitrogen_stress_year,water_stress,YCA2015_stress_grid_S0008,pareto_balanced,2015-09-01,244,81,76,"{""sim_day"": 81.0, ""doy"": 244.0, ""topwt"": 3447.2817993164062, ""grnwt"": 603.3467102050781, ""xlai"": 0.4207072556018829, ""totir"": 40.0, ""tofer"": NaN, ""swfac"": 0.0, ""nstres"": 0.2975391149520874}",0.0,0.2975391149520874,3447.2817993164062,603.3467102050781,0.4207072556018829,40.0,,0.0,0.0,40.0,0.0,-1.6504165649414055,14.349583435058594,Leave_One_experiments/all_year_offline_schedule_search/daily_outputs/YCA/YCA_2015_YCA2015_stress_grid_S0008_daily.csv
YCA,YCA,Yucheng,2015,Leave_One_experiments\wth_generated_qc\YCA\YCA2015.WTH,normal_year;water_stress_year;nitrogen_stress_year,water_stress,YCA2015_stress_grid_S0008,pareto_balanced,2015-09-02,245,82,77,"{""sim_day"": 82.0, ""doy"": 245.0, ""topwt"": 3509.8858642578125, ""grnwt"": 654.6638488769531, ""xlai"": 0.4086232781410217, ""totir"": 40.0, ""tofer"": NaN, ""swfac"": 0.0, ""nstres"": 0.2893558740615845}",0.0,0.2893558740615845,3509.8858642578125,654.6638488769531,0.4086232781410217,40.0,,0.0,0.0,40.0,0.0,-1.6504165649414055,14.349583435058594,Leave_One_experiments/all_year_offline_schedule_search/daily_outputs/YCA/YCA_2015_YCA2015_stress_grid_S0008_daily.csv
YCA,YCA,Yucheng,2015,Leave_One_experiments\wth_generated_qc\YCA\YCA2015.WTH,normal_year;water_stress_year;nitrogen_stress_year,water_stress,YCA2015_stress_grid_S0008,pareto_balanced,2015-09-03,246,83,78,"{""sim_day"": 83.0, ""doy"": 246.0, ""topwt"": 3530.9686279296875, ""grnwt"": 705.9809875488281, ""xlai"": 0.3969250321388244, ""totir"": 40.0, ""tofer"": NaN, ""swfac"": 0.0, ""nstres"": 0.2870799303054809}",0.0,0.2870799303054809,3530.9686279296875,705.9809875488281,0.3969250321388244,40.0,,0.0,0.0,40.0,0.0,-1.6504165649414055,14.349583435058594,Leave_One_experiments/all_year_offline_schedule_search/daily_outputs/YCA/YCA_2015_YCA2015_stress_grid_S0008_daily.csv
YCA,YCA,Yucheng,2015,Leave_One_experiments\wth_generated_qc\YCA\YCA2015.WTH,normal_year;water_stress_year;nitrogen_stress_year,water_stress,YCA2015_stress_grid_S0008,pareto_balanced,2015-09-04,247,84,79,"{""sim_day"": 84.0, ""doy"": 247.0, ""topwt"": 3571.3296508789062, ""grnwt"": 757.2981262207031, ""xlai"": 0.3855550587177276, ""totir"": 40.0, ""tofer"": NaN, ""swfac"": 0.0, ""nstres"": 0.2874881625175476}",0.0,0.2874881625175476,3571.3296508789062,757.2981262207031,0.3855550587177276,40.0,,0.0,0.0,40.0,0.0,-1.6504165649414055,14.349583435058594,Leave_One_experiments/all_year_offline_schedule_search/daily_outputs/YCA/YCA_2015_YCA2015_stress_grid_S0008_daily.csv
YCA,YCA,Yucheng,2015,Leave_One_experiments\wth_generated_qc\YCA\YCA2015.WTH,normal_year;water_stress_year;nitrogen_stress_year,water_stress,YCA2015_stress_grid_S0008,pareto_balanced,2015-09-05,248,85,80,"{""sim_day"": 85.0, ""doy"": 248.0, ""topwt"": 3636.2054443359375, ""grnwt"": 808.6152648925781, ""xlai"": 0.3747912049293518, ""totir"": 40.0, ""tofer"": NaN, ""swfac"": 0.0, ""nstres"": 0.2700217366218567}",0.0,0.2700217366218567,3636.2054443359375,808.6152648925781,0.3747912049293518,40.0,,0.0,0.0,40.0,0.0,-1.6504165649414055,14.349583435058594,Leave_One_experiments/all_year_offline_schedule_search/daily_outputs/YCA/YCA_2015_YCA2015_stress_grid_S0008_daily.csv
YCA,YCA,Yucheng,2015,Leave_One_experiments\wth_generated_qc\YCA\YCA2015.WTH,normal_year;water_stress_year;nitrogen_stress_year,water_stress,YCA2015_stress_grid_S0008,pareto_balanced,2015-09-06,249,86,81,"{""sim_day"": 86.0, ""doy"": 249.0, ""topwt"": 3700.578002929688, ""grnwt"": 859.9324798583984, ""xlai"": 0.3644098937511444, ""totir"": 40.0, ""tofer"": NaN, ""swfac"": 0.0, ""nstres"": 0.2647757530212402}",0.0,0.2647757530212402,3700.578002929688,859.9324798583984,0.3644098937511444,40.0,,0.0,0.0,40.0,0.0,-1.6504165649414055,14.349583435058594,Leave_One_experiments/all_year_offline_schedule_search/daily_outputs/YCA/YCA_2015_YCA2015_stress_grid_S0008_daily.csv
YCA,YCA,Yucheng,2015,Leave_One_experiments\wth_generated_qc\YCA\YCA2015.WTH,normal_year;water_stress_year;nitrogen_stress_year,water_stress,YCA2015_stress_grid_S0008,pareto_balanced,2015-09-07,250,87,82,"{""sim_day"": 87.0, ""doy"": 250.0, ""topwt"": 3755.1171875, ""grnwt"": 911.2496185302734, ""xlai"": 0.3542751371860504, ""totir"": 40.0, ""tofer"": NaN, ""swfac"": 0.0, ""nstres"": 0.2674704790115356}",0.0,0.2674704790115356,3755.1171875,911.2496185302734,0.3542751371860504,40.0,,0.0,0.0,40.0,0.0,-1.6504165649414055,14.349583435058594,Leave_One_experiments/all_year_offline_schedule_search/daily_outputs/YCA/YCA_2015_YCA2015_stress_grid_S0008_daily.csv
YCA,YCA,Yucheng,2015,Leave_One_experiments\wth_generated_qc\YCA\YCA2015.WTH,normal_year;water_stress_year;nitrogen_stress_year,water_stress,YCA2015_stress_grid_S0008,pareto_balanced,2015-09-08,251,88,83,"{""sim_day"": 88.0, ""doy"": 251.0, ""topwt"": 3773.8580322265625, ""grnwt"": 962.5667572021484, ""xlai"": 0.3443988263607025, ""totir"": 40.0, ""tofer"": NaN, ""swfac"": 0.0, ""nstres"": 0.269060730934143}",0.0,0.269060730934143,3773.8580322265625,962.5667572021484,0.3443988263607025,40.0,,0.0,0.0,40.0,0.0,-1.6504165649414055,14.349583435058594,Leave_One_experiments/all_year_offline_schedule_search/daily_outputs/YCA/YCA_2015_YCA2015_stress_grid_S0008_daily.csv
YCA,YCA,Yucheng,2015,Leave_One_experiments\wth_generated_qc\YCA\YCA2015.WTH,normal_year;water_stress_year;nitrogen_stress_year,water_stress,YCA2015_stress_grid_S0008,pareto_balanced,2015-09-09,252,89,84,"{""sim_day"": 89.0, ""doy"": 252.0, ""topwt"": 3801.828002929688, ""grnwt"": 1013.8838958740234, ""xlai"": 0.3348181843757629, ""totir"": 40.0, ""tofer"": NaN, ""swfac"": 0.0, ""nstres"": 0.2676467895507812}",0.0,0.2676467895507812,3801.828002929688,1013.8838958740234,0.3348181843757629,40.0,,0.0,0.0,40.0,0.0,-1.6504165649414055,14.349583435058594,Leave_One_experiments/all_year_offline_schedule_search/daily_outputs/YCA/YCA_2015_YCA2015_stress_grid_S0008_daily.csv
YCA,YCA,Yucheng,2015,Leave_One_experiments\wth_generated_qc\YCA\YCA2015.WTH,normal_year;water_stress_year;nitrogen_stress_year,water_stress,YCA2015_stress_grid_S0008,pareto_balanced,2015-09-10,253,90,85,"{""sim_day"": 90.0, ""doy"": 253.0, ""topwt"": 3825.6381225585938, ""grnwt"": 1065.2010345458984, ""xlai"": 0.3256913125514984, ""totir"": 40.0, ""tofer"": NaN, ""swfac"": 0.0, ""nstres"": 0.2542210817337036}",0.0,0.2542210817337036,3825.6381225585938,1065.2010345458984,0.3256913125514984,40.0,,0.0,0.0,40.0,0.0,-1.6504165649414055,14.349583435058594,Leave_One_experiments/all_year_offline_schedule_search/daily_outputs/YCA/YCA_2015_YCA2015_stress_grid_S0008_daily.csv
YCA,YCA,Yucheng,2015,Leave_One_experiments\wth_generated_qc\YCA\YCA2015.WTH,normal_year;water_stress_year;nitrogen_stress_year,water_stress,YCA2015_stress_grid_S0008,pareto_balanced,2015-09-11,254,91,86,"{""sim_day"": 91.0, ""doy"": 254.0, ""topwt"": 3887.689208984375, ""grnwt"": 1116.5181732177734, ""xlai"": 0.316930204629898, ""totir"": 40.0, ""tofer"": NaN, ""swfac"": 0.0, ""nstres"": 0.2456030249595642}",0.0,0.2456030249595642,3887.689208984375,1116.5181732177734,0.316930204629898,40.0,,0.0,0.0,40.0,0.0,-1.6504165649414055,14.349583435058594,Leave_One_experiments/all_year_offline_schedule_search/daily_outputs/YCA/YCA_2015_YCA2015_stress_grid_S0008_daily.csv
YCA,YCA,Yucheng,2015,Leave_One_experiments\wth_generated_qc\YCA\YCA2015.WTH,normal_year;water_stress_year;nitrogen_stress_year,water_stress,YCA2015_stress_grid_S0008,pareto_balanced,2015-09-12,255,92,87,"{""sim_day"": 92.0, ""doy"": 255.0, ""topwt"": 3942.671203613281, ""grnwt"": 1167.8353118896484, ""xlai"": 0.3085201680660248, ""totir"": 40.0, ""tofer"": NaN, ""swfac"": 0.0, ""nstres"": 0.2368578314781189}",0.0,0.2368578314781189,3942.671203613281,1167.8353118896484,0.3085201680660248,40.0,,0.0,0.0,40.0,0.0,-1.6504165649414055,14.349583435058594,Leave_One_experiments/all_year_offline_schedule_search/daily_outputs/YCA/YCA_2015_YCA2015_stress_grid_S0008_daily.csv
YCA,YCA,Yucheng,2015,Leave_One_experiments\wth_generated_qc\YCA\YCA2015.WTH,normal_year;water_stress_year;nitrogen_stress_year,water_stress,YCA2015_stress_grid_S0008,pareto_balanced,2015-09-13,256,93,88,"{""sim_day"": 93.0, ""doy"": 256.0, ""topwt"": 3995.443115234375, ""grnwt"": 1219.1525268554688, ""xlai"": 0.3001868724822998, ""totir"": 40.0, ""tofer"": NaN, ""swfac"": 0.0, ""nstres"": 0.2482571601867675}",0.0,0.2482571601867675,3995.443115234375,1219.1525268554688,0.3001868724822998,40.0,,0.0,0.0,40.0,0.0,-1.6504165649414055,14.349583435058594,Leave_One_experiments/all_year_offline_schedule_search/daily_outputs/YCA/YCA_2015_YCA2015_stress_grid_S0008_daily.csv
YCA,YCA,Yucheng,2015,Leave_One_experiments\wth_generated_qc\YCA\YCA2015.WTH,normal_year;water_stress_year;nitrogen_stress_year,water_stress,YCA2015_stress_grid_S0008,pareto_balanced,2015-09-14,257,94,89,"{""sim_day"": 94.0, ""doy"": 257.0, ""topwt"": 4048.4701538085938, ""grnwt"": 1270.4696655273438, ""xlai"": 0.2919777929782867, ""totir"": 40.0, ""tofer"": NaN, ""swfac"": 0.0, ""nstres"": 0.2563188076019287}",0.0,0.2563188076019287,4048.4701538085938,1270.4696655273438,0.2919777929782867,40.0,,0.0,0.0,40.0,0.0,-1.6504165649414055,14.349583435058594,Leave_One_experiments/all_year_offline_schedule_search/daily_outputs/YCA/YCA_2015_YCA2015_stress_grid_S0008_daily.csv
YCA,YCA,Yucheng,2015,Leave_One_experiments\wth_generated_qc\YCA\YCA2015.WTH,normal_year;water_stress_year;nitrogen_stress_year,water_stress,YCA2015_stress_grid_S0008,pareto_balanced,2015-09-15,258,95,90,"{""sim_day"": 95.0, ""doy"": 258.0, ""topwt"": 4098.051452636719, ""grnwt"": 1321.7868041992188, ""xlai"": 0.2839377522468567, ""totir"": 40.0, ""tofer"": NaN, ""swfac"": 0.0, ""nstres"": 0.2608708143234253}",0.0,0.2608708143234253,4098.051452636719,1321.7868041992188,0.2839377522468567,40.0,,0.0,0.0,40.0,0.0,-1.6504165649414055,14.349583435058594,Leave_One_experiments/all_year_offline_schedule_search/daily_outputs/YCA/YCA_2015_YCA2015_stress_grid_S0008_daily.csv
YCA,YCA,Yucheng,2015,Leave_One_experiments\wth_generated_qc\YCA\YCA2015.WTH,normal_year;water_stress_year;nitrogen_stress_year,water_stress,YCA2015_stress_grid_S0008,pareto_balanced,2015-09-16,259,96,91,"{""sim_day"": 96.0, ""doy"": 259.0, ""topwt"": 4143.40087890625, ""grnwt"": 1373.1039428710938, ""xlai"": 0.2760867178440094, ""totir"": 40.0, ""tofer"": NaN, ""swfac"": 0.0, ""nstres"": 0.263616144657135}",0.0,0.263616144657135,4143.40087890625,1373.1039428710938,0.2760867178440094,40.0,,0.0,0.0,40.0,0.0,-1.6504165649414055,14.349583435058594,Leave_One_experiments/all_year_offline_schedule_search/daily_outputs/YCA/YCA_2015_YCA2015_stress_grid_S0008_daily.csv
YCA,YCA,Yucheng,2015,Leave_One_experiments\wth_generated_qc\YCA\YCA2015.WTH,normal_year;water_stress_year;nitrogen_stress_year,water_stress,YCA2015_stress_grid_S0008,pareto_balanced,2015-09-17,260,97,92,"{""sim_day"": 97.0, ""doy"": 260.0, ""topwt"": 4177.444152832031, ""grnwt"": 1424.4210815429688, ""xlai"": 0.2684507966041565, ""totir"": 40.0, ""tofer"": NaN, ""swfac"": 0.0, ""nstres"": 0.2637897729873657}",0.0,0.2637897729873657,4177.444152832031,1424.4210815429688,0.2684507966041565,40.0,,0.0,0.0,40.0,0.0,-1.6504165649414055,14.349583435058594,Leave_One_experiments/all_year_offline_schedule_search/daily_outputs/YCA/YCA_2015_YCA2015_stress_grid_S0008_daily.csv
YCA,YCA,Yucheng,2015,Leave_One_experiments\wth_generated_qc\YCA\YCA2015.WTH,normal_year;water_stress_year;nitrogen_stress_year,water_stress,YCA2015_stress_grid_S0008,pareto_balanced,2015-09-18,261,98,93,"{""sim_day"": 98.0, ""doy"": 261.0, ""topwt"": 4218.293151855469, ""grnwt"": 1475.7382202148438, ""xlai"": 0.2610601186752319, ""totir"": 40.0, ""tofer"": NaN, ""swfac"": 0.0, ""nstres"": 0.2607359290122986}",0.0,0.2607359290122986,4218.293151855469,1475.7382202148438,0.2610601186752319,40.0,,0.0,0.0,40.0,0.0,-1.6504165649414055,14.349583435058594,Leave_One_experiments/all_year_offline_schedule_search/daily_outputs/YCA/YCA_2015_YCA2015_stress_grid_S0008_daily.csv
YCA,YCA,Yucheng,2015,Leave_One_experiments\wth_generated_qc\YCA\YCA2015.WTH,normal_year;water_stress_year;nitrogen_stress_year,water_stress,YCA2015_stress_grid_S0008,pareto_balanced,2015-09-19,262,99,94,"{""sim_day"": 99.0, ""doy"": 262.0, ""topwt"": 4268.0706787109375, ""grnwt"": 1527.0553588867188, ""xlai"": 0.2539583444595337, ""totir"": 40.0, ""tofer"": NaN, ""swfac"": 0.0, ""nstres"": 0.252884566783905}",0.0,0.252884566783905,4268.0706787109375,1527.0553588867188,0.2539583444595337,40.0,,0.0,0.0,40.0,0.0,-1.6504165649414055,14.349583435058594,Leave_One_experiments/all_year_offline_schedule_search/daily_outputs/YCA/YCA_2015_YCA2015_stress_grid_S0008_daily.csv
YCA,YCA,Yucheng,2015,Leave_One_experiments\wth_generated_qc\YCA\YCA2015.WTH,normal_year;water_stress_year;nitrogen_stress_year,water_stress,YCA2015_stress_grid_S0008,pareto_balanced,2015-09-20,263,100,95,"{""sim_day"": 100.0, ""doy"": 263.0, ""topwt"": 4305.952453613281, ""grnwt"": 1578.3724975585938, ""xlai"": 0.2470889389514923, ""totir"": 40.0, ""tofer"": NaN, ""swfac"": 0.0, ""nstres"": 0.2491921782493591}",0.0,0.2491921782493591,4305.952453613281,1578.3724975585938,0.2470889389514923,40.0,,0.0,0.0,40.0,0.0,-1.6504165649414055,14.349583435058594,Leave_One_experiments/all_year_offline_schedule_search/daily_outputs/YCA/YCA_2015_YCA2015_stress_grid_S0008_daily.csv
YCA,YCA,Yucheng,2015,Leave_One_experiments\wth_generated_qc\YCA\YCA2015.WTH,normal_year;water_stress_year;nitrogen_stress_year,water_stress,YCA2015_stress_grid_S0008,pareto_balanced,2015-09-21,264,101,96,"{""sim_day"": 101.0, ""doy"": 264.0, ""topwt"": 4325.3594970703125, ""grnwt"": 1629.6896362304688, ""xlai"": 0.2403748482465744, ""totir"": 40.0, ""tofer"": NaN, ""swfac"": 0.0, ""nstres"": 0.2521443963050842}",0.0,0.2521443963050842,4325.3594970703125,1629.6896362304688,0.2403748482465744,40.0,,0.0,0.0,40.0,0.0,-1.6504165649414055,14.349583435058594,Leave_One_experiments/all_year_offline_schedule_search/daily_outputs/YCA/YCA_2015_YCA2015_stress_grid_S0008_daily.csv
YCA,YCA,Yucheng,2015,Leave_One_experiments\wth_generated_qc\YCA\YCA2015.WTH,normal_year;water_stress_year;nitrogen_stress_year,water_stress,YCA2015_stress_grid_S0008,pareto_balanced,2015-09-22,265,102,97,"{""sim_day"": 102.0, ""doy"": 265.0, ""topwt"": 4356.7913818359375, ""grnwt"": 1681.0067749023438, ""xlai"": 0.2338966727256775, ""totir"": 40.0, ""tofer"": NaN, ""swfac"": 0.0, ""nstres"": 0.2468103766441345}",0.0,0.2468103766441345,4356.7913818359375,1681.0067749023438,0.2338966727256775,40.0,,0.0,0.0,40.0,0.0,-1.6504165649414055,14.349583435058594,Leave_One_experiments/all_year_offline_schedule_search/daily_outputs/YCA/YCA_2015_YCA2015_stress_grid_S0008_daily.csv
YCA,YCA,Yucheng,2015,Leave_One_experiments\wth_generated_qc\YCA\YCA2015.WTH,normal_year;water_stress_year;nitrogen_stress_year,water_stress,YCA2015_stress_grid_S0008,pareto_balanced,2015-09-23,266,103,98,"{""sim_day"": 103.0, ""doy"": 266.0, ""topwt"": 4375.826416015625, ""grnwt"": 1732.3239135742188, ""xlai"": 0.2277712076902389, ""totir"": 40.0, ""tofer"": NaN, ""swfac"": 0.0, ""nstres"": 0.228527545928955}",0.0,0.228527545928955,4375.826416015625,1732.3239135742188,0.2277712076902389,40.0,,0.0,0.0,40.0,0.0,-1.6504165649414055,14.349583435058594,Leave_One_experiments/all_year_offline_schedule_search/daily_outputs/YCA/YCA_2015_YCA2015_stress_grid_S0008_daily.csv
YCA,YCA,Yucheng,2015,Leave_One_experiments\wth_generated_qc\YCA\YCA2015.WTH,normal_year;water_stress_year;nitrogen_stress_year,water_stress,YCA2015_stress_grid_S0008,pareto_balanced,2015-09-24,267,104,99,"{""sim_day"": 104.0, ""doy"": 267.0, ""topwt"": 4414.260559082031, ""grnwt"": 1783.6412048339844, ""xlai"": 0.2218676209449768, ""totir"": 40.0, ""tofer"": NaN, ""swfac"": 0.0, ""nstres"": 0.2220571041107177}",0.0,0.2220571041107177,4414.260559082031,1783.6412048339844,0.2218676209449768,40.0,,0.0,0.0,40.0,0.0,-1.6504165649414055,14.349583435058594,Leave_One_experiments/all_year_offline_schedule_search/daily_outputs/YCA/YCA_2015_YCA2015_stress_grid_S0008_daily.csv
YCA,YCA,Yucheng,2015,Leave_One_experiments\wth_generated_qc\YCA\YCA2015.WTH,normal_year;water_stress_year;nitrogen_stress_year,water_stress,YCA2015_stress_grid_S0008,pareto_balanced,2015-09-25,268,105,100,"{""sim_day"": 105.0, ""doy"": 268.0, ""topwt"": 4458.21044921875, ""grnwt"": 1834.9583435058596, ""xlai"": 0.2162400633096695, ""totir"": 40.0, ""tofer"": NaN, ""swfac"": 0.0, ""nstres"": 0.2087544798851013}",0.0,0.2087544798851013,4458.21044921875,1834.9583435058596,0.2162400633096695,40.0,,0.0,0.0,40.0,0.0,-1.6504165649414055,14.349583435058594,Leave_One_experiments/all_year_offline_schedule_search/daily_outputs/YCA/YCA_2015_YCA2015_stress_grid_S0008_daily.csv
YCA,YCA,Yucheng,2015,Leave_One_experiments\wth_generated_qc\YCA\YCA2015.WTH,normal_year;water_stress_year;nitrogen_stress_year,water_stress,YCA2015_stress_grid_S0008,pareto_balanced,2015-09-26,269,106,101,"{""sim_day"": 106.0, ""doy"": 269.0, ""topwt"": 4458.21044921875, ""grnwt"": 1834.9583435058596, ""xlai"": 0.2162400633096695, ""totir"": 40.0, ""tofer"": NaN, ""swfac"": 0.0, ""nstres"": 0.2090318202972412}",0.0,0.2090318202972412,4458.21044921875,1834.9583435058596,0.2162400633096695,40.0,,0.0,0.0,40.0,0.0,-1.6504165649414055,14.349583435058594,Leave_One_experiments/all_year_offline_schedule_search/daily_outputs/YCA/YCA_2015_YCA2015_stress_grid_S0008_daily.csv
YCA,YCA,Yucheng,2015,Leave_One_experiments\wth_generated_qc\YCA\YCA2015.WTH,normal_year;water_stress_year;nitrogen_stress_year,water_stress,YCA2015_stress_grid_S0008,pareto_balanced,2015-09-27,270,107,102,"{""sim_day"": 107.0, ""doy"": 270.0, ""topwt"": 4458.21044921875, ""grnwt"": 1834.9583435058596, ""xlai"": 0.2162400633096695, ""totir"": 40.0, ""tofer"": NaN, ""swfac"": 0.0, ""nstres"": 0.2090318202972412}",0.0,0.2090318202972412,4458.21044921875,1834.9583435058596,0.2162400633096695,40.0,,0.0,0.0,40.0,0.0,-1.6504165649414055,14.349583435058594,Leave_One_experiments/all_year_offline_schedule_search/daily_outputs/YCA/YCA_2015_YCA2015_stress_grid_S0008_daily.csv
YCA,YCA,Yucheng,2015,Leave_One_experiments\wth_generated_qc\YCA\YCA2015.WTH,normal_year;water_stress_year;nitrogen_stress_year,water_stress,YCA2015_stress_grid_S0008,pareto_balanced,2015-09-28,271,108,103,"{""sim_day"": 108.0, ""doy"": 271.0, ""topwt"": 4458.21044921875, ""grnwt"": 1834.9583435058596, ""xlai"": 0.2162400633096695, ""totir"": 40.0, ""tofer"": NaN, ""swfac"": 0.0, ""nstres"": 0.2090318202972412}",0.0,0.2090318202972412,4458.21044921875,1834.9583435058596,0.2162400633096695,40.0,,0.0,0.0,40.0,0.0,-1.6504165649414055,14.349583435058594,Leave_One_experiments/all_year_offline_schedule_search/daily_outputs/YCA/YCA_2015_YCA2015_stress_grid_S0008_daily.csv
YCA,YCA,Yucheng,2018,Leave_One_experiments\wth_generated_qc\YCA\YCA2018.WTH,wet_year;nitrogen_stress_year;low_response_year,wet,YCA2018_normal_grid_S0031,irrigation_positive_candidate,2018-06-18,169,1,1,"{""sim_day"": 1.0, ""doy"": 169.0, ""topwt"": 0.0, ""grnwt"": 0.0, ""xlai"": 0.0, ""totir"": 0.0, ""tofer"": NaN, ""swfac"": 0.0, ""nstres"": 0.0}",0.0,0.0,0.0,0.0,0.0,0.0,,0.0,80.0,30.0,180.0,19.45178833007813,31.45178833007813,Leave_One_experiments/all_year_offline_schedule_search/daily_outputs/YCA/YCA_2018_YCA2018_normal_grid_S0031_daily.csv
YCA,YCA,Yucheng,2018,Leave_One_experiments\wth_generated_qc\YCA\YCA2018.WTH,wet_year;nitrogen_stress_year;low_response_year,wet,YCA2018_normal_grid_S0031,irrigation_positive_candidate,2018-06-19,170,2,2,"{""sim_day"": 2.0, ""doy"": 170.0, ""topwt"": 0.0, ""grnwt"": 0.0, ""xlai"": 0.0, ""totir"": 0.0, ""tofer"": NaN, ""swfac"": 0.0, ""nstres"": 0.0}",0.0,0.0,0.0,0.0,0.0,0.0,,0.0,0.0,30.0,180.0,19.45178833007813,31.45178833007813,Leave_One_experiments/all_year_offline_schedule_search/daily_outputs/YCA/YCA_2018_YCA2018_normal_grid_S0031_daily.csv
YCA,YCA,Yucheng,2018,Leave_One_experiments\wth_generated_qc\YCA\YCA2018.WTH,wet_year;nitrogen_stress_year;low_response_year,wet,YCA2018_normal_grid_S0031,irrigation_positive_candidate,2018-06-20,171,3,3,"{""sim_day"": 3.0, ""doy"": 171.0, ""topwt"": 0.0, ""grnwt"": 0.0, ""xlai"": 0.0, ""totir"": 0.0, ""tofer"": NaN, ""swfac"": 0.0, ""nstres"": 0.0}",0.0,0.0,0.0,0.0,0.0,0.0,,0.0,0.0,30.0,180.0,19.45178833007813,31.45178833007813,Leave_One_experiments/all_year_offline_schedule_search/daily_outputs/YCA/YCA_2018_YCA2018_normal_grid_S0031_daily.csv
YCA,YCA,Yucheng,2018,Leave_One_experiments\wth_generated_qc\YCA\YCA2018.WTH,wet_year;nitrogen_stress_year;low_response_year,wet,YCA2018_normal_grid_S0031,irrigation_positive_candidate,2018-06-21,172,4,4,"{""sim_day"": 4.0, ""doy"": 172.0, ""topwt"": 0.0, ""grnwt"": 0.0, ""xlai"": 0.0, ""totir"": 0.0, ""tofer"": NaN, ""swfac"": 0.0, ""nstres"": 0.0}",0.0,0.0,0.0,0.0,0.0,0.0,,0.0,0.0,30.0,180.0,19.45178833007813,31.45178833007813,Leave_One_experiments/all_year_offline_schedule_search/daily_outputs/YCA/YCA_2018_YCA2018_normal_grid_S0031_daily.csv
YCA,YCA,Yucheng,2018,Leave_One_experiments\wth_generated_qc\YCA\YCA2018.WTH,wet_year;nitrogen_stress_year;low_response_year,wet,YCA2018_normal_grid_S0031,irrigation_positive_candidate,2018-06-22,173,5,5,"{""sim_day"": 5.0, ""doy"": 173.0, ""topwt"": 0.0, ""grnwt"": 0.0, ""xlai"": 0.0, ""totir"": 0.0, ""tofer"": NaN, ""swfac"": 0.0, ""nstres"": 0.0}",0.0,0.0,0.0,0.0,0.0,0.0,,0.0,0.0,30.0,180.0,19.45178833007813,31.45178833007813,Leave_One_experiments/all_year_offline_schedule_search/daily_outputs/YCA/YCA_2018_YCA2018_normal_grid_S0031_daily.csv
YCA,YCA,Yucheng,2018,Leave_One_experiments\wth_generated_qc\YCA\YCA2018.WTH,wet_year;nitrogen_stress_year;low_response_year,wet,YCA2018_normal_grid_S0031,irrigation_positive_candidate,2018-06-18,169,6,1,"{""sim_day"": 6.0, ""doy"": 169.0, ""topwt"": 0.0, ""grnwt"": 0.0, ""xlai"": 0.0, ""totir"": 0.0, ""tofer"": NaN, ""swfac"": 0.0, ""nstres"": 0.0}",0.0,0.0,0.0,0.0,0.0,0.0,,0.0,0.0,30.0,180.0,19.45178833007813,31.45178833007813,Leave_One_experiments/all_year_offline_schedule_search/daily_outputs/YCA/YCA_2018_YCA2018_normal_grid_S0031_daily.csv
YCA,YCA,Yucheng,2018,Leave_One_experiments\wth_generated_qc\YCA\YCA2018.WTH,wet_year;nitrogen_stress_year;low_response_year,wet,YCA2018_normal_grid_S0031,irrigation_positive_candidate,2018-06-19,170,7,2,"{""sim_day"": 7.0, ""doy"": 170.0, ""topwt"": 0.0, ""grnwt"": 0.0, ""xlai"": 0.0, ""totir"": 0.0, ""tofer"": NaN, ""swfac"": 0.0, ""nstres"": 0.0}",0.0,0.0,0.0,0.0,0.0,0.0,,0.0,0.0,30.0,180.0,19.45178833007813,31.45178833007813,Leave_One_experiments/all_year_offline_schedule_search/daily_outputs/YCA/YCA_2018_YCA2018_normal_grid_S0031_daily.csv
YCA,YCA,Yucheng,2018,Leave_One_experiments\wth_generated_qc\YCA\YCA2018.WTH,wet_year;nitrogen_stress_year;low_response_year,wet,YCA2018_normal_grid_S0031,irrigation_positive_candidate,2018-06-20,171,8,3,"{""sim_day"": 8.0, ""doy"": 171.0, ""topwt"": 0.0, ""grnwt"": 0.0, ""xlai"": 0.0, ""totir"": 0.0, ""tofer"": NaN, ""swfac"": 0.0, ""nstres"": 0.0}",0.0,0.0,0.0,0.0,0.0,0.0,,0.0,0.0,30.0,180.0,19.45178833007813,31.45178833007813,Leave_One_experiments/all_year_offline_schedule_search/daily_outputs/YCA/YCA_2018_YCA2018_normal_grid_S0031_daily.csv
YCA,YCA,Yucheng,2018,Leave_One_experiments\wth_generated_qc\YCA\YCA2018.WTH,wet_year;nitrogen_stress_year;low_response_year,wet,YCA2018_normal_grid_S0031,irrigation_positive_candidate,2018-06-21,172,9,4,"{""sim_day"": 9.0, ""doy"": 172.0, ""topwt"": 0.0, ""grnwt"": 0.0, ""xlai"": 0.0, ""totir"": 0.0, ""tofer"": NaN, ""swfac"": 0.0, ""nstres"": 0.0}",0.0,0.0,0.0,0.0,0.0,0.0,,0.0,0.0,30.0,180.0,19.45178833007813,31.45178833007813,Leave_One_experiments/all_year_offline_schedule_search/daily_outputs/YCA/YCA_2018_YCA2018_normal_grid_S0031_daily.csv
YCA,YCA,Yucheng,2018,Leave_One_experiments\wth_generated_qc\YCA\YCA2018.WTH,wet_year;nitrogen_stress_year;low_response_year,wet,YCA2018_normal_grid_S0031,irrigation_positive_candidate,2018-06-22,173,10,5,"{""sim_day"": 10.0, ""doy"": 173.0, ""topwt"": 26.400001049041748, ""grnwt"": 0.0, ""xlai"": 0.0055121663026511, ""totir"": 0.0, ""tofer"": NaN, ""swfac"": 0.0, ""nstres"": 0.0121910572052001}",0.0,0.0121910572052001,26.400001049041748,0.0,0.0055121663026511,0.0,,0.0,0.0,30.0,180.0,19.45178833007813,31.45178833007813,Leave_One_experiments/all_year_offline_schedule_search/daily_outputs/YCA/YCA_2018_YCA2018_normal_grid_S0031_daily.csv
YCA,YCA,Yucheng,2018,Leave_One_experiments\wth_generated_qc\YCA\YCA2018.WTH,wet_year;nitrogen_stress_year;low_response_year,wet,YCA2018_normal_grid_S0031,irrigation_positive_candidate,2018-06-23,174,11,6,"{""sim_day"": 11.0, ""doy"": 174.0, ""topwt"": 26.400001049041748, ""grnwt"": 0.0, ""xlai"": 0.011760901659727, ""totir"": 0.0, ""tofer"": NaN, ""swfac"": 0.0, ""nstres"": 0.0080974102020263}",0.0,0.0080974102020263,26.400001049041748,0.0,0.011760901659727,0.0,,0.0,0.0,30.0,180.0,19.45178833007813,31.45178833007813,Leave_One_experiments/all_year_offline_schedule_search/daily_outputs/YCA/YCA_2018_YCA2018_normal_grid_S0031_daily.csv
YCA,YCA,Yucheng,2018,Leave_One_experiments\wth_generated_qc\YCA\YCA2018.WTH,wet_year;nitrogen_stress_year;low_response_year,wet,YCA2018_normal_grid_S0031,irrigation_positive_candidate,2018-06-24,175,12,7,"{""sim_day"": 12.0, ""doy"": 175.0, ""topwt"": 26.400001049041748, ""grnwt"": 0.0, ""xlai"": 0.017250470817089, ""totir"": 0.0, ""tofer"": NaN, ""swfac"": 0.0, ""nstres"": 0.0015919208526611}",0.0,0.0015919208526611,26.400001049041748,0.0,0.017250470817089,0.0,,0.0,0.0,30.0,180.0,19.45178833007813,31.45178833007813,Leave_One_experiments/all_year_offline_schedule_search/daily_outputs/YCA/YCA_2018_YCA2018_normal_grid_S0031_daily.csv
YCA,YCA,Yucheng,2018,Leave_One_experiments\wth_generated_qc\YCA\YCA2018.WTH,wet_year;nitrogen_stress_year;low_response_year,wet,YCA2018_normal_grid_S0031,irrigation_positive_candidate,2018-06-25,176,13,8,"{""sim_day"": 13.0, ""doy"": 176.0, ""topwt"": 26.400001049041748, ""grnwt"": 0.0, ""xlai"": 0.0368482023477554, ""totir"": 0.0, ""tofer"": NaN, ""swfac"": 0.0, ""nstres"": 0.0}",0.0,0.0,26.400001049041748,0.0,0.0368482023477554,0.0,,0.0,0.0,30.0,180.0,19.45178833007813,31.45178833007813,Leave_One_experiments/all_year_offline_schedule_search/daily_outputs/YCA/YCA_2018_YCA2018_normal_grid_S0031_daily.csv
YCA,YCA,Yucheng,2018,Leave_One_experiments\wth_generated_qc\YCA\YCA2018.WTH,wet_year;nitrogen_stress_year;low_response_year,wet,YCA2018_normal_grid_S0031,irrigation_positive_candidate,2018-06-26,177,14,9,"{""sim_day"": 14.0, ""doy"": 177.0, ""topwt"": 34.67425346374512, ""grnwt"": 0.0, ""xlai"": 0.0668240264058113, ""totir"": 0.0, ""tofer"": NaN, ""swfac"": 0.0, ""nstres"": 0.0}",0.0,0.0,34.67425346374512,0.0,0.0668240264058113,0.0,,0.0,0.0,30.0,180.0,19.45178833007813,31.45178833007813,Leave_One_experiments/all_year_offline_schedule_search/daily_outputs/YCA/YCA_2018_YCA2018_normal_grid_S0031_daily.csv
YCA,YCA,Yucheng,2018,Leave_One_experiments\wth_generated_qc\YCA\YCA2018.WTH,wet_year;nitrogen_stress_year;low_response_year,wet,YCA2018_normal_grid_S0031,irrigation_positive_candidate,2018-06-27,178,15,10,"{""sim_day"": 15.0, ""doy"": 178.0, ""topwt"": 43.988423347473145, ""grnwt"": 0.0, ""xlai"": 0.0890066921710968, ""totir"": 0.0, ""tofer"": NaN, ""swfac"": 0.0, ""nstres"": 0.0}",0.0,0.0,43.988423347473145,0.0,0.0890066921710968,0.0,,0.0,0.0,30.0,180.0,19.45178833007813,31.45178833007813,Leave_One_experiments/all_year_offline_schedule_search/daily_outputs/YCA/YCA_2018_YCA2018_normal_grid_S0031_daily.csv
YCA,YCA,Yucheng,2018,Leave_One_experiments\wth_generated_qc\YCA\YCA2018.WTH,wet_year;nitrogen_stress_year;low_response_year,wet,YCA2018_normal_grid_S0031,irrigation_positive_candidate,2018-06-28,179,16,11,"{""sim_day"": 16.0, ""doy"": 179.0, ""topwt"": 57.8371524810791, ""grnwt"": 0.0, ""xlai"": 0.1196067854762077, ""totir"": 0.0, ""tofer"": NaN, ""swfac"": 0.0, ""nstres"": 0.0}",0.0,0.0,57.8371524810791,0.0,0.1196067854762077,0.0,,0.0,0.0,30.0,180.0,19.45178833007813,31.45178833007813,Leave_One_experiments/all_year_offline_schedule_search/daily_outputs/YCA/YCA_2018_YCA2018_normal_grid_S0031_daily.csv
YCA,YCA,Yucheng,2018,Leave_One_experiments\wth_generated_qc\YCA\YCA2018.WTH,wet_year;nitrogen_stress_year;low_response_year,wet,YCA2018_normal_grid_S0031,irrigation_positive_candidate,2018-06-29,180,17,12,"{""sim_day"": 17.0, ""doy"": 180.0, ""topwt"": 79.1337776184082, ""grnwt"": 0.0, ""xlai"": 0.1631101071834564, ""totir"": 0.0, ""tofer"": NaN, ""swfac"": 0.0, ""nstres"": 0.0}",0.0,0.0,79.1337776184082,0.0,0.1631101071834564,0.0,,0.0,0.0,30.0,180.0,19.45178833007813,31.45178833007813,Leave_One_experiments/all_year_offline_schedule_search/daily_outputs/YCA/YCA_2018_YCA2018_normal_grid_S0031_daily.csv
YCA,YCA,Yucheng,2018,Leave_One_experiments\wth_generated_qc\YCA\YCA2018.WTH,wet_year;nitrogen_stress_year;low_response_year,wet,YCA2018_normal_grid_S0031,irrigation_positive_candidate,2018-06-30,181,18,13,"{""sim_day"": 18.0, ""doy"": 181.0, ""topwt"": 105.68598747253418, ""grnwt"": 0.0, ""xlai"": 0.2134314179420471, ""totir"": 0.0, ""tofer"": NaN, ""swfac"": 0.0, ""nstres"": 0.0}",0.0,0.0,105.68598747253418,0.0,0.2134314179420471,0.0,,0.0,0.0,30.0,180.0,19.45178833007813,31.45178833007813,Leave_One_experiments/all_year_offline_schedule_search/daily_outputs/YCA/YCA_2018_YCA2018_normal_grid_S0031_daily.csv
YCA,YCA,Yucheng,2018,Leave_One_experiments\wth_generated_qc\YCA\YCA2018.WTH,wet_year;nitrogen_stress_year;low_response_year,wet,YCA2018_normal_grid_S0031,irrigation_positive_candidate,2018-07-01,182,19,14,"{""sim_day"": 19.0, ""doy"": 182.0, ""topwt"": 139.1272258758545, ""grnwt"": 0.0, ""xlai"": 0.2726899981498718, ""totir"": 0.0, ""tofer"": NaN, ""swfac"": 0.0, ""nstres"": 0.0}",0.0,0.0,139.1272258758545,0.0,0.2726899981498718,0.0,,0.0,0.0,30.0,180.0,19.45178833007813,31.45178833007813,Leave_One_experiments/all_year_offline_schedule_search/daily_outputs/YCA/YCA_2018_YCA2018_normal_grid_S0031_daily.csv
YCA,YCA,Yucheng,2018,Leave_One_experiments\wth_generated_qc\YCA\YCA2018.WTH,wet_year;nitrogen_stress_year;low_response_year,wet,YCA2018_normal_grid_S0031,irrigation_positive_candidate,2018-07-02,183,20,15,"{""sim_day"": 20.0, ""doy"": 183.0, ""topwt"": 180.5480194091797, ""grnwt"": 0.0, ""xlai"": 0.341681569814682, ""totir"": 0.0, ""tofer"": NaN, ""swfac"": 0.0, ""nstres"": 0.0}",0.0,0.0,180.5480194091797,0.0,0.341681569814682,0.0,,0.0,0.0,30.0,180.0,19.45178833007813,31.45178833007813,Leave_One_experiments/all_year_offline_schedule_search/daily_outputs/YCA/YCA_2018_YCA2018_normal_grid_S0031_daily.csv
YCA,YCA,Yucheng,2018,Leave_One_experiments\wth_generated_qc\YCA\YCA2018.WTH,wet_year;nitrogen_stress_year;low_response_year,wet,YCA2018_normal_grid_S0031,irrigation_positive_candidate,2018-07-03,184,21,16,"{""sim_day"": 21.0, ""doy"": 184.0, ""topwt"": 220.68458557128903, ""grnwt"": 0.0, ""xlai"": 0.4327613711357116, ""totir"": 0.0, ""tofer"": NaN, ""swfac"": 0.0, ""nstres"": 0.0}",0.0,0.0,220.68458557128903,0.0,0.4327613711357116,0.0,,0.0,0.0,30.0,180.0,19.45178833007813,31.45178833007813,Leave_One_experiments/all_year_offline_schedule_search/daily_outputs/YCA/YCA_2018_YCA2018_normal_grid_S0031_daily.csv
YCA,YCA,Yucheng,2018,Leave_One_experiments\wth_generated_qc\YCA\YCA2018.WTH,wet_year;nitrogen_stress_year;low_response_year,wet,YCA2018_normal_grid_S0031,irrigation_positive_candidate,2018-07-04,185,22,17,"{""sim_day"": 22.0, ""doy"": 185.0, ""topwt"": 282.8731155395508, ""grnwt"": 0.0, ""xlai"": 0.5326923727989197, ""totir"": 0.0, ""tofer"": NaN, ""swfac"": 0.0, ""nstres"": 0.0003511905670166}",0.0,0.0003511905670166,282.8731155395508,0.0,0.5326923727989197,0.0,,0.0,0.0,30.0,180.0,19.45178833007813,31.45178833007813,Leave_One_experiments/all_year_offline_schedule_search/daily_outputs/YCA/YCA_2018_YCA2018_normal_grid_S0031_daily.csv
YCA,YCA,Yucheng,2018,Leave_One_experiments\wth_generated_qc\YCA\YCA2018.WTH,wet_year;nitrogen_stress_year;low_response_year,wet,YCA2018_normal_grid_S0031,irrigation_positive_candidate,2018-07-05,186,23,18,"{""sim_day"": 23.0, ""doy"": 186.0, ""topwt"": 361.4115524291992, ""grnwt"": 0.0, ""xlai"": 0.6521785259246826, ""totir"": 0.0, ""tofer"": NaN, ""swfac"": 0.0, ""nstres"": 0.0}",0.0,0.0,361.4115524291992,0.0,0.6521785259246826,0.0,,0.0,0.0,30.0,180.0,19.45178833007813,31.45178833007813,Leave_One_experiments/all_year_offline_schedule_search/daily_outputs/YCA/YCA_2018_YCA2018_normal_grid_S0031_daily.csv
YCA,YCA,Yucheng,2018,Leave_One_experiments\wth_generated_qc\YCA\YCA2018.WTH,wet_year;nitrogen_stress_year;low_response_year,wet,YCA2018_normal_grid_S0031,irrigation_positive_candidate,2018-07-06,187,24,19,"{""sim_day"": 24.0, ""doy"": 187.0, ""topwt"": 450.9035110473633, ""grnwt"": 0.0, ""xlai"": 0.7815206050872803, ""totir"": 0.0, ""tofer"": NaN, ""swfac"": 0.0, ""nstres"": 0.0}",0.0,0.0,450.9035110473633,0.0,0.7815206050872803,0.0,,0.0,0.0,30.0,180.0,19.45178833007813,31.45178833007813,Leave_One_experiments/all_year_offline_schedule_search/daily_outputs/YCA/YCA_2018_YCA2018_normal_grid_S0031_daily.csv
YCA,YCA,Yucheng,2018,Leave_One_experiments\wth_generated_qc\YCA\YCA2018.WTH,wet_year;nitrogen_stress_year;low_response_year,wet,YCA2018_normal_grid_S0031,irrigation_positive_candidate,2018-07-07,188,25,20,"{""sim_day"": 25.0, ""doy"": 188.0, ""topwt"": 510.5791473388672, ""grnwt"": 0.0, ""xlai"": 0.8642480373382568, ""totir"": 0.0, ""tofer"": NaN, ""swfac"": 0.0, ""nstres"": 0.0}",0.0,0.0,510.5791473388672,0.0,0.8642480373382568,0.0,,0.0,0.0,30.0,180.0,19.45178833007813,31.45178833007813,Leave_One_experiments/all_year_offline_schedule_search/daily_outputs/YCA/YCA_2018_YCA2018_normal_grid_S0031_daily.csv
YCA,YCA,Yucheng,2018,Leave_One_experiments\wth_generated_qc\YCA\YCA2018.WTH,wet_year;nitrogen_stress_year;low_response_year,wet,YCA2018_normal_grid_S0031,irrigation_positive_candidate,2018-07-08,189,26,21,"{""sim_day"": 26.0, ""doy"": 189.0, ""topwt"": 579.4956970214844, ""grnwt"": 0.0, ""xlai"": 0.9571882486343384, ""totir"": 0.0, ""tofer"": NaN, ""swfac"": 0.0, ""nstres"": 0.0}",0.0,0.0,579.4956970214844,0.0,0.9571882486343384,0.0,,0.0,0.0,30.0,180.0,19.45178833007813,31.45178833007813,Leave_One_experiments/all_year_offline_schedule_search/daily_outputs/YCA/YCA_2018_YCA2018_normal_grid_S0031_daily.csv
YCA,YCA,Yucheng,2018,Leave_One_experiments\wth_generated_qc\YCA\YCA2018.WTH,wet_year;nitrogen_stress_year;low_response_year,wet,YCA2018_normal_grid_S0031,irrigation_positive_candidate,2018-07-09,190,27,22,"{""sim_day"": 27.0, ""doy"": 190.0, ""topwt"": 679.3719482421875, ""grnwt"": 0.0, ""xlai"": 1.085493087768555, ""totir"": 0.0, ""tofer"": NaN, ""swfac"": 0.0, ""nstres"": 0.0}",0.0,0.0,679.3719482421875,0.0,1.085493087768555,0.0,,0.0,0.0,30.0,180.0,19.45178833007813,31.45178833007813,Leave_One_experiments/all_year_offline_schedule_search/daily_outputs/YCA/YCA_2018_YCA2018_normal_grid_S0031_daily.csv
YCA,YCA,Yucheng,2018,Leave_One_experiments\wth_generated_qc\YCA\YCA2018.WTH,wet_year;nitrogen_stress_year;low_response_year,wet,YCA2018_normal_grid_S0031,irrigation_positive_candidate,2018-07-10,191,28,23,"{""sim_day"": 28.0, ""doy"": 191.0, ""topwt"": 797.5536346435547, ""grnwt"": 0.0, ""xlai"": 1.2395117282867432, ""totir"": 0.0, ""tofer"": NaN, ""swfac"": 0.0, ""nstres"": 0.0}",0.0,0.0,797.5536346435547,0.0,1.2395117282867432,0.0,,0.0,0.0,30.0,180.0,19.45178833007813,31.45178833007813,Leave_One_experiments/all_year_offline_schedule_search/daily_outputs/YCA/YCA_2018_YCA2018_normal_grid_S0031_daily.csv
YCA,YCA,Yucheng,2018,Leave_One_experiments\wth_generated_qc\YCA\YCA2018.WTH,wet_year;nitrogen_stress_year;low_response_year,wet,YCA2018_normal_grid_S0031,irrigation_positive_candidate,2018-07-11,192,29,24,"{""sim_day"": 29.0, ""doy"": 192.0, ""topwt"": 963.8142395019532, ""grnwt"": 0.0, ""xlai"": 1.4441227912902832, ""totir"": 0.0, ""tofer"": NaN, ""swfac"": 0.0, ""nstres"": 0.0}",0.0,0.0,963.8142395019532,0.0,1.4441227912902832,0.0,,0.0,0.0,30.0,180.0,19.45178833007813,31.45178833007813,Leave_One_experiments/all_year_offline_schedule_search/daily_outputs/YCA/YCA_2018_YCA2018_normal_grid_S0031_daily.csv
YCA,YCA,Yucheng,2018,Leave_One_experiments\wth_generated_qc\YCA\YCA2018.WTH,wet_year;nitrogen_stress_year;low_response_year,wet,YCA2018_normal_grid_S0031,irrigation_positive_candidate,2018-07-12,193,30,25,"{""sim_day"": 30.0, ""doy"": 193.0, ""topwt"": 1069.7675323486328, ""grnwt"": 0.0, ""xlai"": 1.5670679807662964, ""totir"": 0.0, ""tofer"": NaN, ""swfac"": 0.0, ""nstres"": 0.0}",0.0,0.0,1069.7675323486328,0.0,1.5670679807662964,0.0,,0.0,0.0,30.0,180.0,19.45178833007813,31.45178833007813,Leave_One_experiments/all_year_offline_schedule_search/daily_outputs/YCA/YCA_2018_YCA2018_normal_grid_S0031_daily.csv
YCA,YCA,Yucheng,2018,Leave_One_experiments\wth_generated_qc\YCA\YCA2018.WTH,wet_year;nitrogen_stress_year;low_response_year,wet,YCA2018_normal_grid_S0031,irrigation_positive_candidate,2018-07-13,194,31,26,"{""sim_day"": 31.0, ""doy"": 194.0, ""topwt"": 1256.814422607422, ""grnwt"": 0.0, ""xlai"": 1.7705893516540527, ""totir"": 0.0, ""tofer"": NaN, ""swfac"": 0.0, ""nstres"": 0.0}",0.0,0.0,1256.814422607422,0.0,1.7705893516540527,0.0,,0.0,0.0,30.0,180.0,19.45178833007813,31.45178833007813,Leave_One_experiments/all_year_offline_schedule_search/daily_outputs/YCA/YCA_2018_YCA2018_normal_grid_S0031_daily.csv
YCA,YCA,Yucheng,2018,Leave_One_experiments\wth_generated_qc\YCA\YCA2018.WTH,wet_year;nitrogen_stress_year;low_response_year,wet,YCA2018_normal_grid_S0031,irrigation_positive_candidate,2018-07-14,195,32,27,"{""sim_day"": 32.0, ""doy"": 195.0, ""topwt"": 1451.5724182128906, ""grnwt"": 0.0, ""xlai"": 1.9669448137283323, ""totir"": 0.0, ""tofer"": NaN, ""swfac"": 0.0, ""nstres"": 0.0}",0.0,0.0,1451.5724182128906,0.0,1.9669448137283323,0.0,,0.0,0.0,30.0,180.0,19.45178833007813,31.45178833007813,Leave_One_experiments/all_year_offline_schedule_search/daily_outputs/YCA/YCA_2018_YCA2018_normal_grid_S0031_daily.csv
YCA,YCA,Yucheng,2018,Leave_One_experiments\wth_generated_qc\YCA\YCA2018.WTH,wet_year;nitrogen_stress_year;low_response_year,wet,YCA2018_normal_grid_S0031,irrigation_positive_candidate,2018-07-15,196,33,28,"{""sim_day"": 33.0, ""doy"": 196.0, ""topwt"": 1691.6831970214844, ""grnwt"": 0.0, ""xlai"": 2.189390182495117, ""totir"": 0.0, ""tofer"": NaN, ""swfac"": 0.0, ""nstres"": 0.0}",0.0,0.0,1691.6831970214844,0.0,2.189390182495117,0.0,,0.0,0.0,30.0,180.0,19.45178833007813,31.45178833007813,Leave_One_experiments/all_year_offline_schedule_search/daily_outputs/YCA/YCA_2018_YCA2018_normal_grid_S0031_daily.csv
YCA,YCA,Yucheng,2018,Leave_One_experiments\wth_generated_qc\YCA\YCA2018.WTH,wet_year;nitrogen_stress_year;low_response_year,wet,YCA2018_normal_grid_S0031,irrigation_positive_candidate,2018-07-16,197,34,29,"{""sim_day"": 34.0, ""doy"": 197.0, ""topwt"": 1953.565673828125, ""grnwt"": 0.0, ""xlai"": 2.4113173484802246, ""totir"": 0.0, ""tofer"": NaN, ""swfac"": 0.0, ""nstres"": 0.0}",0.0,0.0,1953.565673828125,0.0,2.4113173484802246,0.0,,0.0,0.0,30.0,180.0,19.45178833007813,31.45178833007813,Leave_One_experiments/all_year_offline_schedule_search/daily_outputs/YCA/YCA_2018_YCA2018_normal_grid_S0031_daily.csv
YCA,YCA,Yucheng,2018,Leave_One_experiments\wth_generated_qc\YCA\YCA2018.WTH,wet_year;nitrogen_stress_year;low_response_year,wet,YCA2018_normal_grid_S0031,irrigation_positive_candidate,2018-07-17,198,35,30,"{""sim_day"": 35.0, ""doy"": 198.0, ""topwt"": 2205.5445861816406, ""grnwt"": 0.0, ""xlai"": 2.60662055015564, ""totir"": 0.0, ""tofer"": NaN, ""swfac"": 0.0, ""nstres"": 0.0}",0.0,0.0,2205.5445861816406,0.0,2.60662055015564,0.0,,0.0,50.0,30.0,180.0,19.45178833007813,31.45178833007813,Leave_One_experiments/all_year_offline_schedule_search/daily_outputs/YCA/YCA_2018_YCA2018_normal_grid_S0031_daily.csv
YCA,YCA,Yucheng,2018,Leave_One_experiments\wth_generated_qc\YCA\YCA2018.WTH,wet_year;nitrogen_stress_year;low_response_year,wet,YCA2018_normal_grid_S0031,irrigation_positive_candidate,2018-07-18,199,36,31,"{""sim_day"": 36.0, ""doy"": 199.0, ""topwt"": 2530.801086425781, ""grnwt"": 0.0, ""xlai"": 2.8360421657562256, ""totir"": 0.0, ""tofer"": NaN, ""swfac"": 0.0, ""nstres"": 0.0}",0.0,0.0,2530.801086425781,0.0,2.8360421657562256,0.0,,0.0,0.0,30.0,180.0,19.45178833007813,31.45178833007813,Leave_One_experiments/all_year_offline_schedule_search/daily_outputs/YCA/YCA_2018_YCA2018_normal_grid_S0031_daily.csv
YCA,YCA,Yucheng,2018,Leave_One_experiments\wth_generated_qc\YCA\YCA2018.WTH,wet_year;nitrogen_stress_year;low_response_year,wet,YCA2018_normal_grid_S0031,irrigation_positive_candidate,2018-07-19,200,37,32,"{""sim_day"": 37.0, ""doy"": 200.0, ""topwt"": 2879.4927978515625, ""grnwt"": 0.0, ""xlai"": 3.0597593784332275, ""totir"": 0.0, ""tofer"": NaN, ""swfac"": 0.0, ""nstres"": 0.0}",0.0,0.0,2879.4927978515625,0.0,3.0597593784332275,0.0,,0.0,0.0,30.0,180.0,19.45178833007813,31.45178833007813,Leave_One_experiments/all_year_offline_schedule_search/daily_outputs/YCA/YCA_2018_YCA2018_normal_grid_S0031_daily.csv
YCA,YCA,Yucheng,2018,Leave_One_experiments\wth_generated_qc\YCA\YCA2018.WTH,wet_year;nitrogen_stress_year;low_response_year,wet,YCA2018_normal_grid_S0031,irrigation_positive_candidate,2018-07-20,201,38,33,"{""sim_day"": 38.0, ""doy"": 201.0, ""topwt"": 3264.764404296875, ""grnwt"": 0.0, ""xlai"": 3.284400224685669, ""totir"": 0.0, ""tofer"": NaN, ""swfac"": 0.0, ""nstres"": 0.0}",0.0,0.0,3264.764404296875,0.0,3.284400224685669,0.0,,0.0,0.0,30.0,180.0,19.45178833007813,31.45178833007813,Leave_One_experiments/all_year_offline_schedule_search/daily_outputs/YCA/YCA_2018_YCA2018_normal_grid_S0031_daily.csv
YCA,YCA,Yucheng,2018,Leave_One_experiments\wth_generated_qc\YCA\YCA2018.WTH,wet_year;nitrogen_stress_year;low_response_year,wet,YCA2018_normal_grid_S0031,irrigation_positive_candidate,2018-07-21,202,39,34,"{""sim_day"": 39.0, ""doy"": 202.0, ""topwt"": 3671.175537109375, ""grnwt"": 0.0, ""xlai"": 3.500648021697998, ""totir"": 0.0, ""tofer"": NaN, ""swfac"": 0.0, ""nstres"": 0.0}",0.0,0.0,3671.175537109375,0.0,3.500648021697998,0.0,,0.0,0.0,30.0,180.0,19.45178833007813,31.45178833007813,Leave_One_experiments/all_year_offline_schedule_search/daily_outputs/YCA/YCA_2018_YCA2018_normal_grid_S0031_daily.csv
YCA,YCA,Yucheng,2018,Leave_One_experiments\wth_generated_qc\YCA\YCA2018.WTH,wet_year;nitrogen_stress_year;low_response_year,wet,YCA2018_normal_grid_S0031,irrigation_positive_candidate,2018-07-22,203,40,35,"{""sim_day"": 40.0, ""doy"": 203.0, ""topwt"": 4010.3195190429688, ""grnwt"": 0.0, ""xlai"": 3.666458129882813, ""totir"": 0.0, ""tofer"": NaN, ""swfac"": 0.0, ""nstres"": 0.0}",0.0,0.0,4010.3195190429688,0.0,3.666458129882813,0.0,,0.0,0.0,30.0,180.0,19.45178833007813,31.45178833007813,Leave_One_experiments/all_year_offline_schedule_search/daily_outputs/YCA/YCA_2018_YCA2018_normal_grid_S0031_daily.csv
YCA,YCA,Yucheng,2018,Leave_One_experiments\wth_generated_qc\YCA\YCA2018.WTH,wet_year;nitrogen_stress_year;low_response_year,wet,YCA2018_normal_grid_S0031,irrigation_positive_candidate,2018-07-23,204,41,36,"{""sim_day"": 41.0, ""doy"": 204.0, ""topwt"": 4429.507751464844, ""grnwt"": 0.0, ""xlai"": 3.854635000228882, ""totir"": 0.0, ""tofer"": NaN, ""swfac"": 0.0, ""nstres"": 0.0}",0.0,0.0,4429.507751464844,0.0,3.854635000228882,0.0,,0.0,0.0,30.0,180.0,19.45178833007813,31.45178833007813,Leave_One_experiments/all_year_offline_schedule_search/daily_outputs/YCA/YCA_2018_YCA2018_normal_grid_S0031_daily.csv
YCA,YCA,Yucheng,2018,Leave_One_experiments\wth_generated_qc\YCA\YCA2018.WTH,wet_year;nitrogen_stress_year;low_response_year,wet,YCA2018_normal_grid_S0031,irrigation_positive_candidate,2018-07-24,205,42,37,"{""sim_day"": 42.0, ""doy"": 205.0, ""topwt"": 4863.91357421875, ""grnwt"": 0.0, ""xlai"": 4.03264856338501, ""totir"": 0.0, ""tofer"": NaN, ""swfac"": 0.0, ""nstres"": 0.0}",0.0,0.0,4863.91357421875,0.0,4.03264856338501,0.0,,0.0,0.0,30.0,180.0,19.45178833007813,31.45178833007813,Leave_One_experiments/all_year_offline_schedule_search/daily_outputs/YCA/YCA_2018_YCA2018_normal_grid_S0031_daily.csv
YCA,YCA,Yucheng,2018,Leave_One_experiments\wth_generated_qc\YCA\YCA2018.WTH,wet_year;nitrogen_stress_year;low_response_year,wet,YCA2018_normal_grid_S0031,irrigation_positive_candidate,2018-07-25,206,43,38,"{""sim_day"": 43.0, ""doy"": 206.0, ""topwt"": 5274.7760009765625, ""grnwt"": 0.0, ""xlai"": 4.258553981781006, ""totir"": 0.0, ""tofer"": NaN, ""swfac"": 0.0, ""nstres"": 0.0}",0.0,0.0,5274.7760009765625,0.0,4.258553981781006,0.0,,0.0,0.0,30.0,180.0,19.45178833007813,31.45178833007813,Leave_One_experiments/all_year_offline_schedule_search/daily_outputs/YCA/YCA_2018_YCA2018_normal_grid_S0031_daily.csv
YCA,YCA,Yucheng,2018,Leave_One_experiments\wth_generated_qc\YCA\YCA2018.WTH,wet_year;nitrogen_stress_year;low_response_year,wet,YCA2018_normal_grid_S0031,irrigation_positive_candidate,2018-07-26,207,44,39,"{""sim_day"": 44.0, ""doy"": 207.0, ""topwt"": 5469.8834228515625, ""grnwt"": 0.0, ""xlai"": 4.330567836761475, ""totir"": 0.0, ""tofer"": NaN, ""swfac"": 0.0, ""nstres"": 0.0}",0.0,0.0,5469.8834228515625,0.0,4.330567836761475,0.0,,0.0,0.0,30.0,180.0,19.45178833007813,31.45178833007813,Leave_One_experiments/all_year_offline_schedule_search/daily_outputs/YCA/YCA_2018_YCA2018_normal_grid_S0031_daily.csv
YCA,YCA,Yucheng,2018,Leave_One_experiments\wth_generated_qc\YCA\YCA2018.WTH,wet_year;nitrogen_stress_year;low_response_year,wet,YCA2018_normal_grid_S0031,irrigation_positive_candidate,2018-07-27,208,45,40,"{""sim_day"": 45.0, ""doy"": 208.0, ""topwt"": 5813.1280517578125, ""grnwt"": 0.0, ""xlai"": 4.440168857574463, ""totir"": 0.0, ""tofer"": NaN, ""swfac"": 0.0, ""nstres"": 0.013444185256958}",0.0,0.013444185256958,5813.1280517578125,0.0,4.440168857574463,0.0,,0.0,0.0,30.0,180.0,19.45178833007813,31.45178833007813,Leave_One_experiments/all_year_offline_schedule_search/daily_outputs/YCA/YCA_2018_YCA2018_normal_grid_S0031_daily.csv
YCA,YCA,Yucheng,2018,Leave_One_experiments\wth_generated_qc\YCA\YCA2018.WTH,wet_year;nitrogen_stress_year;low_response_year,wet,YCA2018_normal_grid_S0031,irrigation_positive_candidate,2018-07-28,209,46,41,"{""sim_day"": 46.0, ""doy"": 209.0, ""topwt"": 6113.514404296875, ""grnwt"": 0.0, ""xlai"": 4.518740177154541, ""totir"": 0.0, ""tofer"": NaN, ""swfac"": 0.0, ""nstres"": 0.015220820903778}",0.0,0.015220820903778,6113.514404296875,0.0,4.518740177154541,0.0,,0.0,0.0,30.0,180.0,19.45178833007813,31.45178833007813,Leave_One_experiments/all_year_offline_schedule_search/daily_outputs/YCA/YCA_2018_YCA2018_normal_grid_S0031_daily.csv
YCA,YCA,Yucheng,2018,Leave_One_experiments\wth_generated_qc\YCA\YCA2018.WTH,wet_year;nitrogen_stress_year;low_response_year,wet,YCA2018_normal_grid_S0031,irrigation_positive_candidate,2018-07-29,210,47,42,"{""sim_day"": 47.0, ""doy"": 210.0, ""topwt"": 6493.9501953125, ""grnwt"": 0.0, ""xlai"": 4.609179496765137, ""totir"": 0.0, ""tofer"": NaN, ""swfac"": 0.0, ""nstres"": 0.0309511423110961}",0.0,0.0309511423110961,6493.9501953125,0.0,4.609179496765137,0.0,,0.0,0.0,30.0,180.0,19.45178833007813,31.45178833007813,Leave_One_experiments/all_year_offline_schedule_search/daily_outputs/YCA/YCA_2018_YCA2018_normal_grid_S0031_daily.csv
YCA,YCA,Yucheng,2018,Leave_One_experiments\wth_generated_qc\YCA\YCA2018.WTH,wet_year;nitrogen_stress_year;low_response_year,wet,YCA2018_normal_grid_S0031,irrigation_positive_candidate,2018-07-30,211,48,43,"{""sim_day"": 48.0, ""doy"": 211.0, ""topwt"": 6905.9954833984375, ""grnwt"": 0.0, ""xlai"": 4.694140434265137, ""totir"": 0.0, ""tofer"": NaN, ""swfac"": 0.0, ""nstres"": 0.0428149700164794}",0.0,0.0428149700164794,6905.9954833984375,0.0,4.694140434265137,0.0,,0.0,0.0,30.0,180.0,19.45178833007813,31.45178833007813,Leave_One_experiments/all_year_offline_schedule_search/daily_outputs/YCA/YCA_2018_YCA2018_normal_grid_S0031_daily.csv
YCA,YCA,Yucheng,2018,Leave_One_experiments\wth_generated_qc\YCA\YCA2018.WTH,wet_year;nitrogen_stress_year;low_response_year,wet,YCA2018_normal_grid_S0031,irrigation_positive_candidate,2018-07-31,212,49,44,"{""sim_day"": 49.0, ""doy"": 212.0, ""topwt"": 7309.364624023437, ""grnwt"": 0.0, ""xlai"": 4.760578155517578, ""totir"": 0.0, ""tofer"": NaN, ""swfac"": 0.0, ""nstres"": 0.0576169490814209}",0.0,0.0576169490814209,7309.364624023437,0.0,4.760578155517578,0.0,,0.0,0.0,30.0,180.0,19.45178833007813,31.45178833007813,Leave_One_experiments/all_year_offline_schedule_search/daily_outputs/YCA/YCA_2018_YCA2018_normal_grid_S0031_daily.csv
YCA,YCA,Yucheng,2018,Leave_One_experiments\wth_generated_qc\YCA\YCA2018.WTH,wet_year;nitrogen_stress_year;low_response_year,wet,YCA2018_normal_grid_S0031,irrigation_positive_candidate,2018-08-01,213,50,45,"{""sim_day"": 50.0, ""doy"": 213.0, ""topwt"": 7692.36328125, ""grnwt"": 0.0, ""xlai"": 4.807480812072754, ""totir"": 0.0, ""tofer"": NaN, ""swfac"": 0.0, ""nstres"": 0.0718288421630859}",0.0,0.0718288421630859,7692.36328125,0.0,4.807480812072754,0.0,,0.0,0.0,30.0,180.0,19.45178833007813,31.45178833007813,Leave_One_experiments/all_year_offline_schedule_search/daily_outputs/YCA/YCA_2018_YCA2018_normal_grid_S0031_daily.csv
YCA,YCA,Yucheng,2018,Leave_One_experiments\wth_generated_qc\YCA\YCA2018.WTH,wet_year;nitrogen_stress_year;low_response_year,wet,YCA2018_normal_grid_S0031,irrigation_positive_candidate,2018-08-02,214,51,46,"{""sim_day"": 51.0, ""doy"": 214.0, ""topwt"": 8051.924438476562, ""grnwt"": 0.0, ""xlai"": 4.841658115386963, ""totir"": 0.0, ""tofer"": NaN, ""swfac"": 0.0, ""nstres"": 0.082773208618164}",0.0,0.082773208618164,8051.924438476562,0.0,4.841658115386963,0.0,,0.0,0.0,30.0,180.0,19.45178833007813,31.45178833007813,Leave_One_experiments/all_year_offline_schedule_search/daily_outputs/YCA/YCA_2018_YCA2018_normal_grid_S0031_daily.csv
YCA,YCA,Yucheng,2018,Leave_One_experiments\wth_generated_qc\YCA\YCA2018.WTH,wet_year;nitrogen_stress_year;low_response_year,wet,YCA2018_normal_grid_S0031,irrigation_positive_candidate,2018-08-03,215,52,47,"{""sim_day"": 52.0, ""doy"": 215.0, ""topwt"": 8408.939819335938, ""grnwt"": 0.0, ""xlai"": 4.8704047203063965, ""totir"": 0.0, ""tofer"": NaN, ""swfac"": 0.0, ""nstres"": 0.0898958444595336}",0.0,0.0898958444595336,8408.939819335938,0.0,4.8704047203063965,0.0,,0.0,0.0,30.0,180.0,19.45178833007813,31.45178833007813,Leave_One_experiments/all_year_offline_schedule_search/daily_outputs/YCA/YCA_2018_YCA2018_normal_grid_S0031_daily.csv
YCA,YCA,Yucheng,2018,Leave_One_experiments\wth_generated_qc\YCA\YCA2018.WTH,wet_year;nitrogen_stress_year;low_response_year,wet,YCA2018_normal_grid_S0031,irrigation_positive_candidate,2018-08-04,216,53,48,"{""sim_day"": 53.0, ""doy"": 216.0, ""topwt"": 8703.69140625, ""grnwt"": 0.0, ""xlai"": 4.881449699401856, ""totir"": 0.0, ""tofer"": NaN, ""swfac"": 0.0, ""nstres"": 0.0943077802658081}",0.0,0.0943077802658081,8703.69140625,0.0,4.881449699401856,0.0,,0.0,0.0,30.0,180.0,19.45178833007813,31.45178833007813,Leave_One_experiments/all_year_offline_schedule_search/daily_outputs/YCA/YCA_2018_YCA2018_normal_grid_S0031_daily.csv
YCA,YCA,Yucheng,2018,Leave_One_experiments\wth_generated_qc\YCA\YCA2018.WTH,wet_year;nitrogen_stress_year;low_response_year,wet,YCA2018_normal_grid_S0031,irrigation_positive_candidate,2018-08-05,217,54,49,"{""sim_day"": 54.0, ""doy"": 217.0, ""topwt"": 9003.401489257812, ""grnwt"": 0.0, ""xlai"": 4.823604106903076, ""totir"": 0.0, ""tofer"": NaN, ""swfac"": 0.0, ""nstres"": 0.0948007106781005}",0.0,0.0948007106781005,9003.401489257812,0.0,4.823604106903076,0.0,,0.0,0.0,30.0,180.0,19.45178833007813,31.45178833007813,Leave_One_experiments/all_year_offline_schedule_search/daily_outputs/YCA/YCA_2018_YCA2018_normal_grid_S0031_daily.csv
YCA,YCA,Yucheng,2018,Leave_One_experiments\wth_generated_qc\YCA\YCA2018.WTH,wet_year;nitrogen_stress_year;low_response_year,wet,YCA2018_normal_grid_S0031,irrigation_positive_candidate,2018-08-06,218,55,50,"{""sim_day"": 55.0, ""doy"": 218.0, ""topwt"": 9287.921752929688, ""grnwt"": 0.0, ""xlai"": 4.770445346832275, ""totir"": 0.0, ""tofer"": NaN, ""swfac"": 0.0, ""nstres"": 0.0881649255752563}",0.0,0.0881649255752563,9287.921752929688,0.0,4.770445346832275,0.0,,0.0,0.0,30.0,180.0,19.45178833007813,31.45178833007813,Leave_One_experiments/all_year_offline_schedule_search/daily_outputs/YCA/YCA_2018_YCA2018_normal_grid_S0031_daily.csv
YCA,YCA,Yucheng,2018,Leave_One_experiments\wth_generated_qc\YCA\YCA2018.WTH,wet_year;nitrogen_stress_year;low_response_year,wet,YCA2018_normal_grid_S0031,irrigation_positive_candidate,2018-08-07,219,56,51,"{""sim_day"": 56.0, ""doy"": 219.0, ""topwt"": 9549.082641601562, ""grnwt"": 0.0, ""xlai"": 4.721899032592773, ""totir"": 0.0, ""tofer"": NaN, ""swfac"": 0.0, ""nstres"": 0.0814114809036254}",0.0,0.0814114809036254,9549.082641601562,0.0,4.721899032592773,0.0,,0.0,0.0,30.0,180.0,19.45178833007813,31.45178833007813,Leave_One_experiments/all_year_offline_schedule_search/daily_outputs/YCA/YCA_2018_YCA2018_normal_grid_S0031_daily.csv
YCA,YCA,Yucheng,2018,Leave_One_experiments\wth_generated_qc\YCA\YCA2018.WTH,wet_year;nitrogen_stress_year;low_response_year,wet,YCA2018_normal_grid_S0031,irrigation_positive_candidate,2018-08-08,220,57,52,"{""sim_day"": 57.0, ""doy"": 220.0, ""topwt"": 9745.353393554688, ""grnwt"": 0.0, ""xlai"": 4.678503513336182, ""totir"": 0.0, ""tofer"": NaN, ""swfac"": 0.0, ""nstres"": 0.0735219717025756}",0.0,0.0735219717025756,9745.353393554688,0.0,4.678503513336182,0.0,,0.0,0.0,30.0,180.0,19.45178833007813,31.45178833007813,Leave_One_experiments/all_year_offline_schedule_search/daily_outputs/YCA/YCA_2018_YCA2018_normal_grid_S0031_daily.csv
YCA,YCA,Yucheng,2018,Leave_One_experiments\wth_generated_qc\YCA\YCA2018.WTH,wet_year;nitrogen_stress_year;low_response_year,wet,YCA2018_normal_grid_S0031,irrigation_positive_candidate,2018-08-09,221,58,53,"{""sim_day"": 58.0, ""doy"": 221.0, ""topwt"": 10090.2294921875, ""grnwt"": 0.0, ""xlai"": 4.64120626449585, ""totir"": 0.0, ""tofer"": NaN, ""swfac"": 0.0, ""nstres"": 0.0637765526771545}",0.0,0.0637765526771545,10090.2294921875,0.0,4.64120626449585,0.0,,0.0,0.0,30.0,180.0,19.45178833007813,31.45178833007813,Leave_One_experiments/all_year_offline_schedule_search/daily_outputs/YCA/YCA_2018_YCA2018_normal_grid_S0031_daily.csv
YCA,YCA,Yucheng,2018,Leave_One_experiments\wth_generated_qc\YCA\YCA2018.WTH,wet_year;nitrogen_stress_year;low_response_year,wet,YCA2018_normal_grid_S0031,irrigation_positive_candidate,2018-08-10,222,59,54,"{""sim_day"": 59.0, ""doy"": 222.0, ""topwt"": 10413.778076171877, ""grnwt"": 0.0, ""xlai"": 4.611441135406494, ""totir"": 0.0, ""tofer"": NaN, ""swfac"": 0.0, ""nstres"": 0.051306128501892}",0.0,0.051306128501892,10413.778076171877,0.0,4.611441135406494,0.0,,0.0,0.0,30.0,180.0,19.45178833007813,31.45178833007813,Leave_One_experiments/all_year_offline_schedule_search/daily_outputs/YCA/YCA_2018_YCA2018_normal_grid_S0031_daily.csv
YCA,YCA,Yucheng,2018,Leave_One_experiments\wth_generated_qc\YCA\YCA2018.WTH,wet_year;nitrogen_stress_year;low_response_year,wet,YCA2018_normal_grid_S0031,irrigation_positive_candidate,2018-08-11,223,60,55,"{""sim_day"": 60.0, ""doy"": 223.0, ""topwt"": 10775.00732421875, ""grnwt"": 0.0, ""xlai"": 4.588315010070801, ""totir"": 0.0, ""tofer"": NaN, ""swfac"": 0.0, ""nstres"": 0.0401183366775512}",0.0,0.0401183366775512,10775.00732421875,0.0,4.588315010070801,0.0,,0.0,0.0,30.0,180.0,19.45178833007813,31.45178833007813,Leave_One_experiments/all_year_offline_schedule_search/daily_outputs/YCA/YCA_2018_YCA2018_normal_grid_S0031_daily.csv
YCA,YCA,Yucheng,2018,Leave_One_experiments\wth_generated_qc\YCA\YCA2018.WTH,wet_year;nitrogen_stress_year;low_response_year,wet,YCA2018_normal_grid_S0031,irrigation_positive_candidate,2018-08-12,224,61,56,"{""sim_day"": 61.0, ""doy"": 224.0, ""topwt"": 10964.12841796875, ""grnwt"": 0.0, ""xlai"": 4.566720008850098, ""totir"": 0.0, ""tofer"": NaN, ""swfac"": 0.0, ""nstres"": 0.027502417564392}",0.0,0.027502417564392,10964.12841796875,0.0,4.566720008850098,0.0,,0.0,0.0,30.0,180.0,19.45178833007813,31.45178833007813,Leave_One_experiments/all_year_offline_schedule_search/daily_outputs/YCA/YCA_2018_YCA2018_normal_grid_S0031_daily.csv
YCA,YCA,Yucheng,2018,Leave_One_experiments\wth_generated_qc\YCA\YCA2018.WTH,wet_year;nitrogen_stress_year;low_response_year,wet,YCA2018_normal_grid_S0031,irrigation_positive_candidate,2018-08-13,225,62,57,"{""sim_day"": 62.0, ""doy"": 225.0, ""topwt"": 11016.661376953123, ""grnwt"": 276.41408920288086, ""xlai"": 4.546015739440918, ""totir"": 0.0, ""tofer"": NaN, ""swfac"": 0.0, ""nstres"": 0.0168968439102172}",0.0,0.0168968439102172,11016.661376953123,276.41408920288086,4.546015739440918,0.0,,0.0,0.0,30.0,180.0,19.45178833007813,31.45178833007813,Leave_One_experiments/all_year_offline_schedule_search/daily_outputs/YCA/YCA_2018_YCA2018_normal_grid_S0031_daily.csv
YCA,YCA,Yucheng,2018,Leave_One_experiments\wth_generated_qc\YCA\YCA2018.WTH,wet_year;nitrogen_stress_year;low_response_year,wet,YCA2018_normal_grid_S0031,irrigation_positive_candidate,2018-08-14,226,63,58,"{""sim_day"": 63.0, ""doy"": 226.0, ""topwt"": 11349.76806640625, ""grnwt"": 545.9177780151367, ""xlai"": 4.526158332824707, ""totir"": 0.0, ""tofer"": NaN, ""swfac"": 0.0, ""nstres"": 0.0245541334152221}",0.0,0.0245541334152221,11349.76806640625,545.9177780151367,4.526158332824707,0.0,,0.0,0.0,30.0,180.0,19.45178833007813,31.45178833007813,Leave_One_experiments/all_year_offline_schedule_search/daily_outputs/YCA/YCA_2018_YCA2018_normal_grid_S0031_daily.csv
YCA,YCA,Yucheng,2018,Leave_One_experiments\wth_generated_qc\YCA\YCA2018.WTH,wet_year;nitrogen_stress_year;low_response_year,wet,YCA2018_normal_grid_S0031,irrigation_positive_candidate,2018-08-15,227,64,59,"{""sim_day"": 64.0, ""doy"": 227.0, ""topwt"": 11641.673583984377, ""grnwt"": 822.3318481445312, ""xlai"": 4.507106304168701, ""totir"": 0.0, ""tofer"": NaN, ""swfac"": 0.0, ""nstres"": 0.0148074626922607}",0.0,0.0148074626922607,11641.673583984377,822.3318481445312,4.507106304168701,0.0,,0.0,0.0,30.0,180.0,19.45178833007813,31.45178833007813,Leave_One_experiments/all_year_offline_schedule_search/daily_outputs/YCA/YCA_2018_YCA2018_normal_grid_S0031_daily.csv
YCA,YCA,Yucheng,2018,Leave_One_experiments\wth_generated_qc\YCA\YCA2018.WTH,wet_year;nitrogen_stress_year;low_response_year,wet,YCA2018_normal_grid_S0031,irrigation_positive_candidate,2018-08-16,228,65,60,"{""sim_day"": 65.0, ""doy"": 228.0, ""topwt"": 12008.798828125, ""grnwt"": 1098.7460327148438, ""xlai"": 4.488821983337402, ""totir"": 0.0, ""tofer"": NaN, ""swfac"": 0.0, ""nstres"": 0.0254460573196411}",0.0,0.0254460573196411,12008.798828125,1098.7460327148438,4.488821983337402,0.0,,0.0,50.0,30.0,180.0,19.45178833007813,31.45178833007813,Leave_One_experiments/all_year_offline_schedule_search/daily_outputs/YCA/YCA_2018_YCA2018_normal_grid_S0031_daily.csv
YCA,YCA,Yucheng,2018,Leave_One_experiments\wth_generated_qc\YCA\YCA2018.WTH,wet_year;nitrogen_stress_year;low_response_year,wet,YCA2018_normal_grid_S0031,irrigation_positive_candidate,2018-08-17,229,66,61,"{""sim_day"": 66.0, ""doy"": 229.0, ""topwt"": 12105.89599609375, ""grnwt"": 1375.1600646972656, ""xlai"": 4.4712677001953125, ""totir"": 0.0, ""tofer"": NaN, ""swfac"": 0.0, ""nstres"": 0.0133841633796691}",0.0,0.0133841633796691,12105.89599609375,1375.1600646972656,4.4712677001953125,0.0,,0.0,0.0,30.0,180.0,19.45178833007813,31.45178833007813,Leave_One_experiments/all_year_offline_schedule_search/daily_outputs/YCA/YCA_2018_YCA2018_normal_grid_S0031_daily.csv
YCA,YCA,Yucheng,2018,Leave_One_experiments\wth_generated_qc\YCA\YCA2018.WTH,wet_year;nitrogen_stress_year;low_response_year,wet,YCA2018_normal_grid_S0031,irrigation_positive_candidate,2018-08-18,230,67,62,"{""sim_day"": 67.0, ""doy"": 230.0, ""topwt"": 12138.682861328123, ""grnwt"": 1651.5740966796875, ""xlai"": 4.454411029815674, ""totir"": 0.0, ""tofer"": NaN, ""swfac"": 0.0, ""nstres"": 0.0}",0.0,0.0,12138.682861328123,1651.5740966796875,4.454411029815674,0.0,,0.0,0.0,30.0,180.0,19.45178833007813,31.45178833007813,Leave_One_experiments/all_year_offline_schedule_search/daily_outputs/YCA/YCA_2018_YCA2018_normal_grid_S0031_daily.csv
YCA,YCA,Yucheng,2018,Leave_One_experiments\wth_generated_qc\YCA\YCA2018.WTH,wet_year;nitrogen_stress_year;low_response_year,wet,YCA2018_normal_grid_S0031,irrigation_positive_candidate,2018-08-19,231,68,63,"{""sim_day"": 68.0, ""doy"": 231.0, ""topwt"": 12483.736572265623, ""grnwt"": 1927.9881286621091, ""xlai"": 4.438217639923096, ""totir"": 0.0, ""tofer"": NaN, ""swfac"": 0.0, ""nstres"": 0.0}",0.0,0.0,12483.736572265623,1927.9881286621091,4.438217639923096,0.0,,0.0,0.0,30.0,180.0,19.45178833007813,31.45178833007813,Leave_One_experiments/all_year_offline_schedule_search/daily_outputs/YCA/YCA_2018_YCA2018_normal_grid_S0031_daily.csv
YCA,YCA,Yucheng,2018,Leave_One_experiments\wth_generated_qc\YCA\YCA2018.WTH,wet_year;nitrogen_stress_year;low_response_year,wet,YCA2018_normal_grid_S0031,irrigation_positive_candidate,2018-08-20,232,69,64,"{""sim_day"": 69.0, ""doy"": 232.0, ""topwt"": 12835.841064453123, ""grnwt"": 2204.4020080566406, ""xlai"": 4.4226579666137695, ""totir"": 0.0, ""tofer"": NaN, ""swfac"": 0.0, ""nstres"": 0.0}",0.0,0.0,12835.841064453123,2204.4020080566406,4.4226579666137695,0.0,,0.0,0.0,30.0,180.0,19.45178833007813,31.45178833007813,Leave_One_experiments/all_year_offline_schedule_search/daily_outputs/YCA/YCA_2018_YCA2018_normal_grid_S0031_daily.csv
YCA,YCA,Yucheng,2018,Leave_One_experiments\wth_generated_qc\YCA\YCA2018.WTH,wet_year;nitrogen_stress_year;low_response_year,wet,YCA2018_normal_grid_S0031,irrigation_positive_candidate,2018-08-21,233,70,65,"{""sim_day"": 70.0, ""doy"": 233.0, ""topwt"": 13038.375244140623, ""grnwt"": 2480.8160400390625, ""xlai"": 4.38962459564209, ""totir"": 30.0, ""tofer"": NaN, ""swfac"": 0.0, ""nstres"": 0.0}",0.0,0.0,13038.375244140623,2480.8160400390625,4.38962459564209,30.0,,30.0,0.0,30.0,180.0,19.45178833007813,31.45178833007813,Leave_One_experiments/all_year_offline_schedule_search/daily_outputs/YCA/YCA_2018_YCA2018_normal_grid_S0031_daily.csv
YCA,YCA,Yucheng,2018,Leave_One_experiments\wth_generated_qc\YCA\YCA2018.WTH,wet_year;nitrogen_stress_year;low_response_year,wet,YCA2018_normal_grid_S0031,irrigation_positive_candidate,2018-08-22,234,71,66,"{""sim_day"": 71.0, ""doy"": 234.0, ""topwt"": 13402.3876953125, ""grnwt"": 2757.230224609375, ""xlai"": 4.331165790557861, ""totir"": 30.0, ""tofer"": NaN, ""swfac"": 0.0, ""nstres"": 0.0}",0.0,0.0,13402.3876953125,2757.230224609375,4.331165790557861,30.0,,0.0,0.0,30.0,180.0,19.45178833007813,31.45178833007813,Leave_One_experiments/all_year_offline_schedule_search/daily_outputs/YCA/YCA_2018_YCA2018_normal_grid_S0031_daily.csv
YCA,YCA,Yucheng,2018,Leave_One_experiments\wth_generated_qc\YCA\YCA2018.WTH,wet_year;nitrogen_stress_year;low_response_year,wet,YCA2018_normal_grid_S0031,irrigation_positive_candidate,2018-08-23,235,72,67,"{""sim_day"": 72.0, ""doy"": 235.0, ""topwt"": 13778.16650390625, ""grnwt"": 3033.6441040039062, ""xlai"": 4.270223617553711, ""totir"": 30.0, ""tofer"": NaN, ""swfac"": 0.0, ""nstres"": 0.0}",0.0,0.0,13778.16650390625,3033.6441040039062,4.270223617553711,30.0,,0.0,0.0,30.0,180.0,19.45178833007813,31.45178833007813,Leave_One_experiments/all_year_offline_schedule_search/daily_outputs/YCA/YCA_2018_YCA2018_normal_grid_S0031_daily.csv
YCA,YCA,Yucheng,2018,Leave_One_experiments\wth_generated_qc\YCA\YCA2018.WTH,wet_year;nitrogen_stress_year;low_response_year,wet,YCA2018_normal_grid_S0031,irrigation_positive_candidate,2018-08-24,236,73,68,"{""sim_day"": 73.0, ""doy"": 236.0, ""topwt"": 14158.494873046877, ""grnwt"": 3310.0582885742188, ""xlai"": 4.202355861663818, ""totir"": 30.0, ""tofer"": NaN, ""swfac"": 0.0, ""nstres"": 0.0}",0.0,0.0,14158.494873046877,3310.0582885742188,4.202355861663818,30.0,,0.0,0.0,30.0,180.0,19.45178833007813,31.45178833007813,Leave_One_experiments/all_year_offline_schedule_search/daily_outputs/YCA/YCA_2018_YCA2018_normal_grid_S0031_daily.csv
YCA,YCA,Yucheng,2018,Leave_One_experiments\wth_generated_qc\YCA\YCA2018.WTH,wet_year;nitrogen_stress_year;low_response_year,wet,YCA2018_normal_grid_S0031,irrigation_positive_candidate,2018-08-25,237,74,69,"{""sim_day"": 74.0, ""doy"": 237.0, ""topwt"": 14509.774169921877, ""grnwt"": 3586.47216796875, ""xlai"": 4.120750427246094, ""totir"": 30.0, ""tofer"": NaN, ""swfac"": 0.0, ""nstres"": 0.0}",0.0,0.0,14509.774169921877,3586.47216796875,4.120750427246094,30.0,,0.0,0.0,30.0,180.0,19.45178833007813,31.45178833007813,Leave_One_experiments/all_year_offline_schedule_search/daily_outputs/YCA/YCA_2018_YCA2018_normal_grid_S0031_daily.csv
YCA,YCA,Yucheng,2018,Leave_One_experiments\wth_generated_qc\YCA\YCA2018.WTH,wet_year;nitrogen_stress_year;low_response_year,wet,YCA2018_normal_grid_S0031,irrigation_positive_candidate,2018-08-26,238,75,70,"{""sim_day"": 75.0, ""doy"": 238.0, ""topwt"": 14827.0166015625, ""grnwt"": 3862.8863525390634, ""xlai"": 4.038088321685791, ""totir"": 30.0, ""tofer"": NaN, ""swfac"": 0.0, ""nstres"": 0.0}",0.0,0.0,14827.0166015625,3862.8863525390634,4.038088321685791,30.0,,0.0,0.0,30.0,180.0,19.45178833007813,31.45178833007813,Leave_One_experiments/all_year_offline_schedule_search/daily_outputs/YCA/YCA_2018_YCA2018_normal_grid_S0031_daily.csv
YCA,YCA,Yucheng,2018,Leave_One_experiments\wth_generated_qc\YCA\YCA2018.WTH,wet_year;nitrogen_stress_year;low_response_year,wet,YCA2018_normal_grid_S0031,irrigation_positive_candidate,2018-08-27,239,76,71,"{""sim_day"": 76.0, ""doy"": 239.0, ""topwt"": 15084.427490234377, ""grnwt"": 4120.296936035156, ""xlai"": 3.937381267547608, ""totir"": 30.0, ""tofer"": NaN, ""swfac"": 0.0, ""nstres"": 0.0}",0.0,0.0,15084.427490234377,4120.296936035156,3.937381267547608,30.0,,0.0,0.0,30.0,180.0,19.45178833007813,31.45178833007813,Leave_One_experiments/all_year_offline_schedule_search/daily_outputs/YCA/YCA_2018_YCA2018_normal_grid_S0031_daily.csv
YCA,YCA,Yucheng,2018,Leave_One_experiments\wth_generated_qc\YCA\YCA2018.WTH,wet_year;nitrogen_stress_year;low_response_year,wet,YCA2018_normal_grid_S0031,irrigation_positive_candidate,2018-08-28,240,77,72,"{""sim_day"": 77.0, ""doy"": 240.0, ""topwt"": 15326.290283203123, ""grnwt"": 4362.159118652344, ""xlai"": 3.8245174884796143, ""totir"": 30.0, ""tofer"": NaN, ""swfac"": 0.0, ""nstres"": 0.0}",0.0,0.0,15326.290283203123,4362.159118652344,3.8245174884796143,30.0,,0.0,0.0,30.0,180.0,19.45178833007813,31.45178833007813,Leave_One_experiments/all_year_offline_schedule_search/daily_outputs/YCA/YCA_2018_YCA2018_normal_grid_S0031_daily.csv
YCA,YCA,Yucheng,2018,Leave_One_experiments\wth_generated_qc\YCA\YCA2018.WTH,wet_year;nitrogen_stress_year;low_response_year,wet,YCA2018_normal_grid_S0031,irrigation_positive_candidate,2018-08-29,241,78,73,"{""sim_day"": 78.0, ""doy"": 241.0, ""topwt"": 15461.903076171877, ""grnwt"": 4638.5736083984375, ""xlai"": 3.722006559371948, ""totir"": 30.0, ""tofer"": NaN, ""swfac"": 0.0, ""nstres"": 0.0}",0.0,0.0,15461.903076171877,4638.5736083984375,3.722006559371948,30.0,,0.0,0.0,30.0,180.0,19.45178833007813,31.45178833007813,Leave_One_experiments/all_year_offline_schedule_search/daily_outputs/YCA/YCA_2018_YCA2018_normal_grid_S0031_daily.csv
YCA,YCA,Yucheng,2018,Leave_One_experiments\wth_generated_qc\YCA\YCA2018.WTH,wet_year;nitrogen_stress_year;low_response_year,wet,YCA2018_normal_grid_S0031,irrigation_positive_candidate,2018-08-30,242,79,74,"{""sim_day"": 79.0, ""doy"": 242.0, ""topwt"": 15749.83642578125, ""grnwt"": 4914.98779296875, ""xlai"": 3.61803936958313, ""totir"": 30.0, ""tofer"": NaN, ""swfac"": 0.0, ""nstres"": 0.0}",0.0,0.0,15749.83642578125,4914.98779296875,3.61803936958313,30.0,,0.0,0.0,30.0,180.0,19.45178833007813,31.45178833007813,Leave_One_experiments/all_year_offline_schedule_search/daily_outputs/YCA/YCA_2018_YCA2018_normal_grid_S0031_daily.csv
YCA,YCA,Yucheng,2018,Leave_One_experiments\wth_generated_qc\YCA\YCA2018.WTH,wet_year;nitrogen_stress_year;low_response_year,wet,YCA2018_normal_grid_S0031,irrigation_positive_candidate,2018-08-31,243,80,75,"{""sim_day"": 80.0, ""doy"": 243.0, ""topwt"": 16091.053466796877, ""grnwt"": 5191.401977539063, ""xlai"": 3.493283987045288, ""totir"": 30.0, ""tofer"": NaN, ""swfac"": 0.0, ""nstres"": 0.0}",0.0,0.0,16091.053466796877,5191.401977539063,3.493283987045288,30.0,,0.0,0.0,30.0,180.0,19.45178833007813,31.45178833007813,Leave_One_experiments/all_year_offline_schedule_search/daily_outputs/YCA/YCA_2018_YCA2018_normal_grid_S0031_daily.csv
YCA,YCA,Yucheng,2018,Leave_One_experiments\wth_generated_qc\YCA\YCA2018.WTH,wet_year;nitrogen_stress_year;low_response_year,wet,YCA2018_normal_grid_S0031,irrigation_positive_candidate,2018-09-01,244,81,76,"{""sim_day"": 81.0, ""doy"": 244.0, ""topwt"": 16227.916259765623, ""grnwt"": 5467.816162109375, ""xlai"": 3.371482610702514, ""totir"": 30.0, ""tofer"": NaN, ""swfac"": 0.0, ""nstres"": 0.0}",0.0,0.0,16227.916259765623,5467.816162109375,3.371482610702514,30.0,,0.0,0.0,30.0,180.0,19.45178833007813,31.45178833007813,Leave_One_experiments/all_year_offline_schedule_search/daily_outputs/YCA/YCA_2018_YCA2018_normal_grid_S0031_daily.csv
YCA,YCA,Yucheng,2018,Leave_One_experiments\wth_generated_qc\YCA\YCA2018.WTH,wet_year;nitrogen_stress_year;low_response_year,wet,YCA2018_normal_grid_S0031,irrigation_positive_candidate,2018-09-02,245,82,77,"{""sim_day"": 82.0, ""doy"": 245.0, ""topwt"": 16558.65234375, ""grnwt"": 5733.86474609375, ""xlai"": 3.2161340713500977, ""totir"": 30.0, ""tofer"": NaN, ""swfac"": 0.0, ""nstres"": 0.0}",0.0,0.0,16558.65234375,5733.86474609375,3.2161340713500977,30.0,,0.0,0.0,30.0,180.0,19.45178833007813,31.45178833007813,Leave_One_experiments/all_year_offline_schedule_search/daily_outputs/YCA/YCA_2018_YCA2018_normal_grid_S0031_daily.csv
YCA,YCA,Yucheng,2018,Leave_One_experiments\wth_generated_qc\YCA\YCA2018.WTH,wet_year;nitrogen_stress_year;low_response_year,wet,YCA2018_normal_grid_S0031,irrigation_positive_candidate,2018-09-03,246,83,78,"{""sim_day"": 83.0, ""doy"": 246.0, ""topwt"": 16909.398193359375, ""grnwt"": 6010.278930664063, ""xlai"": 3.0879006385803223, ""totir"": 30.0, ""tofer"": NaN, ""swfac"": 0.0, ""nstres"": 0.0}",0.0,0.0,16909.398193359375,6010.278930664063,3.0879006385803223,30.0,,0.0,0.0,30.0,180.0,19.45178833007813,31.45178833007813,Leave_One_experiments/all_year_offline_schedule_search/daily_outputs/YCA/YCA_2018_YCA2018_normal_grid_S0031_daily.csv
YCA,YCA,Yucheng,2018,Leave_One_experiments\wth_generated_qc\YCA\YCA2018.WTH,wet_year;nitrogen_stress_year;low_response_year,wet,YCA2018_normal_grid_S0031,irrigation_positive_candidate,2018-09-04,247,84,79,"{""sim_day"": 84.0, ""doy"": 247.0, ""topwt"": 17192.130126953125, ""grnwt"": 6286.693115234375, ""xlai"": 2.9427826404571533, ""totir"": 30.0, ""tofer"": NaN, ""swfac"": 0.0, ""nstres"": 0.0086054801940917}",0.0,0.0086054801940917,17192.130126953125,6286.693115234375,2.9427826404571533,30.0,,0.0,0.0,30.0,180.0,19.45178833007813,31.45178833007813,Leave_One_experiments/all_year_offline_schedule_search/daily_outputs/YCA/YCA_2018_YCA2018_normal_grid_S0031_daily.csv
YCA,YCA,Yucheng,2018,Leave_One_experiments\wth_generated_qc\YCA\YCA2018.WTH,wet_year;nitrogen_stress_year;low_response_year,wet,YCA2018_normal_grid_S0031,irrigation_positive_candidate,2018-09-05,248,85,80,"{""sim_day"": 85.0, ""doy"": 248.0, ""topwt"": 17527.237548828125, ""grnwt"": 6563.107299804688, ""xlai"": 2.7655293941497803, ""totir"": 30.0, ""tofer"": NaN, ""swfac"": 0.0, ""nstres"": 0.0324932336807251}",0.0,0.0324932336807251,17527.237548828125,6563.107299804688,2.7655293941497803,30.0,,0.0,0.0,30.0,180.0,19.45178833007813,31.45178833007813,Leave_One_experiments/all_year_offline_schedule_search/daily_outputs/YCA/YCA_2018_YCA2018_normal_grid_S0031_daily.csv
YCA,YCA,Yucheng,2018,Leave_One_experiments\wth_generated_qc\YCA\YCA2018.WTH,wet_year;nitrogen_stress_year;low_response_year,wet,YCA2018_normal_grid_S0031,irrigation_positive_candidate,2018-09-06,249,86,81,"{""sim_day"": 86.0, ""doy"": 249.0, ""topwt"": 17803.65234375, ""grnwt"": 6839.5220947265625, ""xlai"": 2.6396493911743164, ""totir"": 30.0, ""tofer"": NaN, ""swfac"": 0.0, ""nstres"": 0.0571885108947753}",0.0,0.0571885108947753,17803.65234375,6839.5220947265625,2.6396493911743164,30.0,,0.0,0.0,30.0,180.0,19.45178833007813,31.45178833007813,Leave_One_experiments/all_year_offline_schedule_search/daily_outputs/YCA/YCA_2018_YCA2018_normal_grid_S0031_daily.csv
YCA,YCA,Yucheng,2018,Leave_One_experiments\wth_generated_qc\YCA\YCA2018.WTH,wet_year;nitrogen_stress_year;low_response_year,wet,YCA2018_normal_grid_S0031,irrigation_positive_candidate,2018-09-07,250,87,82,"{""sim_day"": 87.0, ""doy"": 250.0, ""topwt"": 18080.06591796875, ""grnwt"": 7115.936279296875, ""xlai"": 2.502525568008423, ""totir"": 30.0, ""tofer"": NaN, ""swfac"": 0.0, ""nstres"": 0.0843846797943115}",0.0,0.0843846797943115,18080.06591796875,7115.936279296875,2.502525568008423,30.0,,0.0,0.0,30.0,180.0,19.45178833007813,31.45178833007813,Leave_One_experiments/all_year_offline_schedule_search/daily_outputs/YCA/YCA_2018_YCA2018_normal_grid_S0031_daily.csv
YCA,YCA,Yucheng,2018,Leave_One_experiments\wth_generated_qc\YCA\YCA2018.WTH,wet_year;nitrogen_stress_year;low_response_year,wet,YCA2018_normal_grid_S0031,irrigation_positive_candidate,2018-09-08,251,88,83,"{""sim_day"": 88.0, ""doy"": 251.0, ""topwt"": 18356.48193359375, ""grnwt"": 7392.3504638671875, ""xlai"": 2.3583667278289795, ""totir"": 30.0, ""tofer"": NaN, ""swfac"": 0.0, ""nstres"": 0.1060696840286254}",0.0,0.1060696840286254,18356.48193359375,7392.3504638671875,2.3583667278289795,30.0,,0.0,0.0,30.0,180.0,19.45178833007813,31.45178833007813,Leave_One_experiments/all_year_offline_schedule_search/daily_outputs/YCA/YCA_2018_YCA2018_normal_grid_S0031_daily.csv
YCA,YCA,Yucheng,2018,Leave_One_experiments\wth_generated_qc\YCA\YCA2018.WTH,wet_year;nitrogen_stress_year;low_response_year,wet,YCA2018_normal_grid_S0031,irrigation_positive_candidate,2018-09-09,252,89,84,"{""sim_day"": 89.0, ""doy"": 252.0, ""topwt"": 18632.89428710937, ""grnwt"": 7668.7646484375, ""xlai"": 2.200434684753418, ""totir"": 30.0, ""tofer"": NaN, ""swfac"": 0.0, ""nstres"": 0.1274722814559936}",0.0,0.1274722814559936,18632.89428710937,7668.7646484375,2.200434684753418,30.0,,0.0,0.0,30.0,180.0,19.45178833007813,31.45178833007813,Leave_One_experiments/all_year_offline_schedule_search/daily_outputs/YCA/YCA_2018_YCA2018_normal_grid_S0031_daily.csv
YCA,YCA,Yucheng,2018,Leave_One_experiments\wth_generated_qc\YCA\YCA2018.WTH,wet_year;nitrogen_stress_year;low_response_year,wet,YCA2018_normal_grid_S0031,irrigation_positive_candidate,2018-09-10,253,90,85,"{""sim_day"": 90.0, ""doy"": 253.0, ""topwt"": 18909.31030273437, ""grnwt"": 7945.178833007812, ""xlai"": 2.0343737602233887, ""totir"": 30.0, ""tofer"": NaN, ""swfac"": 0.0, ""nstres"": 0.1488330960273742}",0.0,0.1488330960273742,18909.31030273437,7945.178833007812,2.0343737602233887,30.0,,0.0,0.0,30.0,180.0,19.45178833007813,31.45178833007813,Leave_One_experiments/all_year_offline_schedule_search/daily_outputs/YCA/YCA_2018_YCA2018_normal_grid_S0031_daily.csv
YCA,YCA,Yucheng,2018,Leave_One_experiments\wth_generated_qc\YCA\YCA2018.WTH,wet_year;nitrogen_stress_year;low_response_year,wet,YCA2018_normal_grid_S0031,irrigation_positive_candidate,2018-09-11,254,91,86,"{""sim_day"": 91.0, ""doy"": 254.0, ""topwt"": 18909.31030273437, ""grnwt"": 7945.178833007812, ""xlai"": 2.0343737602233887, ""totir"": 30.0, ""tofer"": NaN, ""swfac"": 0.0, ""nstres"": 0.1706379055976867}",0.0,0.1706379055976867,18909.31030273437,7945.178833007812,2.0343737602233887,30.0,,0.0,0.0,30.0,180.0,19.45178833007813,31.45178833007813,Leave_One_experiments/all_year_offline_schedule_search/daily_outputs/YCA/YCA_2018_YCA2018_normal_grid_S0031_daily.csv
YCA,YCA,Yucheng,2018,Leave_One_experiments\wth_generated_qc\YCA\YCA2018.WTH,wet_year;nitrogen_stress_year;low_response_year,wet,YCA2018_normal_grid_S0031,irrigation_positive_candidate,2018-09-12,255,92,87,"{""sim_day"": 92.0, ""doy"": 255.0, ""topwt"": 18909.31030273437, ""grnwt"": 7945.178833007812, ""xlai"": 2.0343737602233887, ""totir"": 30.0, ""tofer"": NaN, ""swfac"": 0.0, ""nstres"": 0.1706379055976867}",0.0,0.1706379055976867,18909.31030273437,7945.178833007812,2.0343737602233887,30.0,,0.0,0.0,30.0,180.0,19.45178833007813,31.45178833007813,Leave_One_experiments/all_year_offline_schedule_search/daily_outputs/YCA/YCA_2018_YCA2018_normal_grid_S0031_daily.csv
YCA,YCA,Yucheng,2018,Leave_One_experiments\wth_generated_qc\YCA\YCA2018.WTH,wet_year;nitrogen_stress_year;low_response_year,wet,YCA2018_normal_grid_S0031,irrigation_positive_candidate,2018-09-13,256,93,88,"{""sim_day"": 93.0, ""doy"": 256.0, ""topwt"": 18909.31030273437, ""grnwt"": 7945.178833007812, ""xlai"": 2.0343737602233887, ""totir"": 30.0, ""tofer"": NaN, ""swfac"": 0.0, ""nstres"": 0.1706379055976867}",0.0,0.1706379055976867,18909.31030273437,7945.178833007812,2.0343737602233887,30.0,,0.0,0.0,30.0,180.0,19.45178833007813,31.45178833007813,Leave_One_experiments/all_year_offline_schedule_search/daily_outputs/YCA/YCA_2018_YCA2018_normal_grid_S0031_daily.csv
YCA,YCA,Yucheng,2018,Leave_One_experiments\wth_generated_qc\YCA\YCA2018.WTH,wet_year;nitrogen_stress_year;low_response_year,wet,YCA2018_normal_grid_S0028,low_input_within_10pct_yield,2018-06-18,169,1,1,"{""sim_day"": 1.0, ""doy"": 169.0, ""topwt"": 0.0, ""grnwt"": 0.0, ""xlai"": 0.0, ""totir"": 0.0, ""tofer"": NaN, ""swfac"": 0.0, ""nstres"": 0.0}",0.0,0.0,0.0,0.0,0.0,0.0,,0.0,80.0,0.0,180.0,34.45178833007813,34.45178833007813,Leave_One_experiments/all_year_offline_schedule_search/daily_outputs/YCA/YCA_2018_YCA2018_normal_grid_S0028_daily.csv
YCA,YCA,Yucheng,2018,Leave_One_experiments\wth_generated_qc\YCA\YCA2018.WTH,wet_year;nitrogen_stress_year;low_response_year,wet,YCA2018_normal_grid_S0028,low_input_within_10pct_yield,2018-06-19,170,2,2,"{""sim_day"": 2.0, ""doy"": 170.0, ""topwt"": 0.0, ""grnwt"": 0.0, ""xlai"": 0.0, ""totir"": 0.0, ""tofer"": NaN, ""swfac"": 0.0, ""nstres"": 0.0}",0.0,0.0,0.0,0.0,0.0,0.0,,0.0,0.0,0.0,180.0,34.45178833007813,34.45178833007813,Leave_One_experiments/all_year_offline_schedule_search/daily_outputs/YCA/YCA_2018_YCA2018_normal_grid_S0028_daily.csv
YCA,YCA,Yucheng,2018,Leave_One_experiments\wth_generated_qc\YCA\YCA2018.WTH,wet_year;nitrogen_stress_year;low_response_year,wet,YCA2018_normal_grid_S0028,low_input_within_10pct_yield,2018-06-20,171,3,3,"{""sim_day"": 3.0, ""doy"": 171.0, ""topwt"": 0.0, ""grnwt"": 0.0, ""xlai"": 0.0, ""totir"": 0.0, ""tofer"": NaN, ""swfac"": 0.0, ""nstres"": 0.0}",0.0,0.0,0.0,0.0,0.0,0.0,,0.0,0.0,0.0,180.0,34.45178833007813,34.45178833007813,Leave_One_experiments/all_year_offline_schedule_search/daily_outputs/YCA/YCA_2018_YCA2018_normal_grid_S0028_daily.csv
YCA,YCA,Yucheng,2018,Leave_One_experiments\wth_generated_qc\YCA\YCA2018.WTH,wet_year;nitrogen_stress_year;low_response_year,wet,YCA2018_normal_grid_S0028,low_input_within_10pct_yield,2018-06-21,172,4,4,"{""sim_day"": 4.0, ""doy"": 172.0, ""topwt"": 0.0, ""grnwt"": 0.0, ""xlai"": 0.0, ""totir"": 0.0, ""tofer"": NaN, ""swfac"": 0.0, ""nstres"": 0.0}",0.0,0.0,0.0,0.0,0.0,0.0,,0.0,0.0,0.0,180.0,34.45178833007813,34.45178833007813,Leave_One_experiments/all_year_offline_schedule_search/daily_outputs/YCA/YCA_2018_YCA2018_normal_grid_S0028_daily.csv
YCA,YCA,Yucheng,2018,Leave_One_experiments\wth_generated_qc\YCA\YCA2018.WTH,wet_year;nitrogen_stress_year;low_response_year,wet,YCA2018_normal_grid_S0028,low_input_within_10pct_yield,2018-06-22,173,5,5,"{""sim_day"": 5.0, ""doy"": 173.0, ""topwt"": 0.0, ""grnwt"": 0.0, ""xlai"": 0.0, ""totir"": 0.0, ""tofer"": NaN, ""swfac"": 0.0, ""nstres"": 0.0}",0.0,0.0,0.0,0.0,0.0,0.0,,0.0,0.0,0.0,180.0,34.45178833007813,34.45178833007813,Leave_One_experiments/all_year_offline_schedule_search/daily_outputs/YCA/YCA_2018_YCA2018_normal_grid_S0028_daily.csv
YCA,YCA,Yucheng,2018,Leave_One_experiments\wth_generated_qc\YCA\YCA2018.WTH,wet_year;nitrogen_stress_year;low_response_year,wet,YCA2018_normal_grid_S0028,low_input_within_10pct_yield,2018-06-18,169,6,1,"{""sim_day"": 6.0, ""doy"": 169.0, ""topwt"": 0.0, ""grnwt"": 0.0, ""xlai"": 0.0, ""totir"": 0.0, ""tofer"": NaN, ""swfac"": 0.0, ""nstres"": 0.0}",0.0,0.0,0.0,0.0,0.0,0.0,,0.0,0.0,0.0,180.0,34.45178833007813,34.45178833007813,Leave_One_experiments/all_year_offline_schedule_search/daily_outputs/YCA/YCA_2018_YCA2018_normal_grid_S0028_daily.csv
YCA,YCA,Yucheng,2018,Leave_One_experiments\wth_generated_qc\YCA\YCA2018.WTH,wet_year;nitrogen_stress_year;low_response_year,wet,YCA2018_normal_grid_S0028,low_input_within_10pct_yield,2018-06-19,170,7,2,"{""sim_day"": 7.0, ""doy"": 170.0, ""topwt"": 0.0, ""grnwt"": 0.0, ""xlai"": 0.0, ""totir"": 0.0, ""tofer"": NaN, ""swfac"": 0.0, ""nstres"": 0.0}",0.0,0.0,0.0,0.0,0.0,0.0,,0.0,0.0,0.0,180.0,34.45178833007813,34.45178833007813,Leave_One_experiments/all_year_offline_schedule_search/daily_outputs/YCA/YCA_2018_YCA2018_normal_grid_S0028_daily.csv
YCA,YCA,Yucheng,2018,Leave_One_experiments\wth_generated_qc\YCA\YCA2018.WTH,wet_year;nitrogen_stress_year;low_response_year,wet,YCA2018_normal_grid_S0028,low_input_within_10pct_yield,2018-06-20,171,8,3,"{""sim_day"": 8.0, ""doy"": 171.0, ""topwt"": 0.0, ""grnwt"": 0.0, ""xlai"": 0.0, ""totir"": 0.0, ""tofer"": NaN, ""swfac"": 0.0, ""nstres"": 0.0}",0.0,0.0,0.0,0.0,0.0,0.0,,0.0,0.0,0.0,180.0,34.45178833007813,34.45178833007813,Leave_One_experiments/all_year_offline_schedule_search/daily_outputs/YCA/YCA_2018_YCA2018_normal_grid_S0028_daily.csv
YCA,YCA,Yucheng,2018,Leave_One_experiments\wth_generated_qc\YCA\YCA2018.WTH,wet_year;nitrogen_stress_year;low_response_year,wet,YCA2018_normal_grid_S0028,low_input_within_10pct_yield,2018-06-21,172,9,4,"{""sim_day"": 9.0, ""doy"": 172.0, ""topwt"": 0.0, ""grnwt"": 0.0, ""xlai"": 0.0, ""totir"": 0.0, ""tofer"": NaN, ""swfac"": 0.0, ""nstres"": 0.0}",0.0,0.0,0.0,0.0,0.0,0.0,,0.0,0.0,0.0,180.0,34.45178833007813,34.45178833007813,Leave_One_experiments/all_year_offline_schedule_search/daily_outputs/YCA/YCA_2018_YCA2018_normal_grid_S0028_daily.csv
YCA,YCA,Yucheng,2018,Leave_One_experiments\wth_generated_qc\YCA\YCA2018.WTH,wet_year;nitrogen_stress_year;low_response_year,wet,YCA2018_normal_grid_S0028,low_input_within_10pct_yield,2018-06-22,173,10,5,"{""sim_day"": 10.0, ""doy"": 173.0, ""topwt"": 26.400001049041748, ""grnwt"": 0.0, ""xlai"": 0.0055121663026511, ""totir"": 0.0, ""tofer"": NaN, ""swfac"": 0.0, ""nstres"": 0.0121910572052001}",0.0,0.0121910572052001,26.400001049041748,0.0,0.0055121663026511,0.0,,0.0,0.0,0.0,180.0,34.45178833007813,34.45178833007813,Leave_One_experiments/all_year_offline_schedule_search/daily_outputs/YCA/YCA_2018_YCA2018_normal_grid_S0028_daily.csv
YCA,YCA,Yucheng,2018,Leave_One_experiments\wth_generated_qc\YCA\YCA2018.WTH,wet_year;nitrogen_stress_year;low_response_year,wet,YCA2018_normal_grid_S0028,low_input_within_10pct_yield,2018-06-23,174,11,6,"{""sim_day"": 11.0, ""doy"": 174.0, ""topwt"": 26.400001049041748, ""grnwt"": 0.0, ""xlai"": 0.011760901659727, ""totir"": 0.0, ""tofer"": NaN, ""swfac"": 0.0, ""nstres"": 0.0080974102020263}",0.0,0.0080974102020263,26.400001049041748,0.0,0.011760901659727,0.0,,0.0,0.0,0.0,180.0,34.45178833007813,34.45178833007813,Leave_One_experiments/all_year_offline_schedule_search/daily_outputs/YCA/YCA_2018_YCA2018_normal_grid_S0028_daily.csv
YCA,YCA,Yucheng,2018,Leave_One_experiments\wth_generated_qc\YCA\YCA2018.WTH,wet_year;nitrogen_stress_year;low_response_year,wet,YCA2018_normal_grid_S0028,low_input_within_10pct_yield,2018-06-24,175,12,7,"{""sim_day"": 12.0, ""doy"": 175.0, ""topwt"": 26.400001049041748, ""grnwt"": 0.0, ""xlai"": 0.017250470817089, ""totir"": 0.0, ""tofer"": NaN, ""swfac"": 0.0, ""nstres"": 0.0015919208526611}",0.0,0.0015919208526611,26.400001049041748,0.0,0.017250470817089,0.0,,0.0,0.0,0.0,180.0,34.45178833007813,34.45178833007813,Leave_One_experiments/all_year_offline_schedule_search/daily_outputs/YCA/YCA_2018_YCA2018_normal_grid_S0028_daily.csv
YCA,YCA,Yucheng,2018,Leave_One_experiments\wth_generated_qc\YCA\YCA2018.WTH,wet_year;nitrogen_stress_year;low_response_year,wet,YCA2018_normal_grid_S0028,low_input_within_10pct_yield,2018-06-25,176,13,8,"{""sim_day"": 13.0, ""doy"": 176.0, ""topwt"": 26.400001049041748, ""grnwt"": 0.0, ""xlai"": 0.0368482023477554, ""totir"": 0.0, ""tofer"": NaN, ""swfac"": 0.0, ""nstres"": 0.0}",0.0,0.0,26.400001049041748,0.0,0.0368482023477554,0.0,,0.0,0.0,0.0,180.0,34.45178833007813,34.45178833007813,Leave_One_experiments/all_year_offline_schedule_search/daily_outputs/YCA/YCA_2018_YCA2018_normal_grid_S0028_daily.csv
YCA,YCA,Yucheng,2018,Leave_One_experiments\wth_generated_qc\YCA\YCA2018.WTH,wet_year;nitrogen_stress_year;low_response_year,wet,YCA2018_normal_grid_S0028,low_input_within_10pct_yield,2018-06-26,177,14,9,"{""sim_day"": 14.0, ""doy"": 177.0, ""topwt"": 34.67425346374512, ""grnwt"": 0.0, ""xlai"": 0.0668240264058113, ""totir"": 0.0, ""tofer"": NaN, ""swfac"": 0.0, ""nstres"": 0.0}",0.0,0.0,34.67425346374512,0.0,0.0668240264058113,0.0,,0.0,0.0,0.0,180.0,34.45178833007813,34.45178833007813,Leave_One_experiments/all_year_offline_schedule_search/daily_outputs/YCA/YCA_2018_YCA2018_normal_grid_S0028_daily.csv
YCA,YCA,Yucheng,2018,Leave_One_experiments\wth_generated_qc\YCA\YCA2018.WTH,wet_year;nitrogen_stress_year;low_response_year,wet,YCA2018_normal_grid_S0028,low_input_within_10pct_yield,2018-06-27,178,15,10,"{""sim_day"": 15.0, ""doy"": 178.0, ""topwt"": 43.988423347473145, ""grnwt"": 0.0, ""xlai"": 0.0890066921710968, ""totir"": 0.0, ""tofer"": NaN, ""swfac"": 0.0, ""nstres"": 0.0}",0.0,0.0,43.988423347473145,0.0,0.0890066921710968,0.0,,0.0,0.0,0.0,180.0,34.45178833007813,34.45178833007813,Leave_One_experiments/all_year_offline_schedule_search/daily_outputs/YCA/YCA_2018_YCA2018_normal_grid_S0028_daily.csv
YCA,YCA,Yucheng,2018,Leave_One_experiments\wth_generated_qc\YCA\YCA2018.WTH,wet_year;nitrogen_stress_year;low_response_year,wet,YCA2018_normal_grid_S0028,low_input_within_10pct_yield,2018-06-28,179,16,11,"{""sim_day"": 16.0, ""doy"": 179.0, ""topwt"": 57.8371524810791, ""grnwt"": 0.0, ""xlai"": 0.1196067854762077, ""totir"": 0.0, ""tofer"": NaN, ""swfac"": 0.0, ""nstres"": 0.0}",0.0,0.0,57.8371524810791,0.0,0.1196067854762077,0.0,,0.0,0.0,0.0,180.0,34.45178833007813,34.45178833007813,Leave_One_experiments/all_year_offline_schedule_search/daily_outputs/YCA/YCA_2018_YCA2018_normal_grid_S0028_daily.csv
YCA,YCA,Yucheng,2018,Leave_One_experiments\wth_generated_qc\YCA\YCA2018.WTH,wet_year;nitrogen_stress_year;low_response_year,wet,YCA2018_normal_grid_S0028,low_input_within_10pct_yield,2018-06-29,180,17,12,"{""sim_day"": 17.0, ""doy"": 180.0, ""topwt"": 79.1337776184082, ""grnwt"": 0.0, ""xlai"": 0.1631101071834564, ""totir"": 0.0, ""tofer"": NaN, ""swfac"": 0.0, ""nstres"": 0.0}",0.0,0.0,79.1337776184082,0.0,0.1631101071834564,0.0,,0.0,0.0,0.0,180.0,34.45178833007813,34.45178833007813,Leave_One_experiments/all_year_offline_schedule_search/daily_outputs/YCA/YCA_2018_YCA2018_normal_grid_S0028_daily.csv
YCA,YCA,Yucheng,2018,Leave_One_experiments\wth_generated_qc\YCA\YCA2018.WTH,wet_year;nitrogen_stress_year;low_response_year,wet,YCA2018_normal_grid_S0028,low_input_within_10pct_yield,2018-06-30,181,18,13,"{""sim_day"": 18.0, ""doy"": 181.0, ""topwt"": 105.68598747253418, ""grnwt"": 0.0, ""xlai"": 0.2134314179420471, ""totir"": 0.0, ""tofer"": NaN, ""swfac"": 0.0, ""nstres"": 0.0}",0.0,0.0,105.68598747253418,0.0,0.2134314179420471,0.0,,0.0,0.0,0.0,180.0,34.45178833007813,34.45178833007813,Leave_One_experiments/all_year_offline_schedule_search/daily_outputs/YCA/YCA_2018_YCA2018_normal_grid_S0028_daily.csv
YCA,YCA,Yucheng,2018,Leave_One_experiments\wth_generated_qc\YCA\YCA2018.WTH,wet_year;nitrogen_stress_year;low_response_year,wet,YCA2018_normal_grid_S0028,low_input_within_10pct_yield,2018-07-01,182,19,14,"{""sim_day"": 19.0, ""doy"": 182.0, ""topwt"": 139.1272258758545, ""grnwt"": 0.0, ""xlai"": 0.2726899981498718, ""totir"": 0.0, ""tofer"": NaN, ""swfac"": 0.0, ""nstres"": 0.0}",0.0,0.0,139.1272258758545,0.0,0.2726899981498718,0.0,,0.0,0.0,0.0,180.0,34.45178833007813,34.45178833007813,Leave_One_experiments/all_year_offline_schedule_search/daily_outputs/YCA/YCA_2018_YCA2018_normal_grid_S0028_daily.csv
YCA,YCA,Yucheng,2018,Leave_One_experiments\wth_generated_qc\YCA\YCA2018.WTH,wet_year;nitrogen_stress_year;low_response_year,wet,YCA2018_normal_grid_S0028,low_input_within_10pct_yield,2018-07-02,183,20,15,"{""sim_day"": 20.0, ""doy"": 183.0, ""topwt"": 180.5480194091797, ""grnwt"": 0.0, ""xlai"": 0.341681569814682, ""totir"": 0.0, ""tofer"": NaN, ""swfac"": 0.0, ""nstres"": 0.0}",0.0,0.0,180.5480194091797,0.0,0.341681569814682,0.0,,0.0,0.0,0.0,180.0,34.45178833007813,34.45178833007813,Leave_One_experiments/all_year_offline_schedule_search/daily_outputs/YCA/YCA_2018_YCA2018_normal_grid_S0028_daily.csv
YCA,YCA,Yucheng,2018,Leave_One_experiments\wth_generated_qc\YCA\YCA2018.WTH,wet_year;nitrogen_stress_year;low_response_year,wet,YCA2018_normal_grid_S0028,low_input_within_10pct_yield,2018-07-03,184,21,16,"{""sim_day"": 21.0, ""doy"": 184.0, ""topwt"": 220.68458557128903, ""grnwt"": 0.0, ""xlai"": 0.4327613711357116, ""totir"": 0.0, ""tofer"": NaN, ""swfac"": 0.0, ""nstres"": 0.0}",0.0,0.0,220.68458557128903,0.0,0.4327613711357116,0.0,,0.0,0.0,0.0,180.0,34.45178833007813,34.45178833007813,Leave_One_experiments/all_year_offline_schedule_search/daily_outputs/YCA/YCA_2018_YCA2018_normal_grid_S0028_daily.csv
YCA,YCA,Yucheng,2018,Leave_One_experiments\wth_generated_qc\YCA\YCA2018.WTH,wet_year;nitrogen_stress_year;low_response_year,wet,YCA2018_normal_grid_S0028,low_input_within_10pct_yield,2018-07-04,185,22,17,"{""sim_day"": 22.0, ""doy"": 185.0, ""topwt"": 282.8731155395508, ""grnwt"": 0.0, ""xlai"": 0.5326923727989197, ""totir"": 0.0, ""tofer"": NaN, ""swfac"": 0.0, ""nstres"": 0.0003511905670166}",0.0,0.0003511905670166,282.8731155395508,0.0,0.5326923727989197,0.0,,0.0,0.0,0.0,180.0,34.45178833007813,34.45178833007813,Leave_One_experiments/all_year_offline_schedule_search/daily_outputs/YCA/YCA_2018_YCA2018_normal_grid_S0028_daily.csv
YCA,YCA,Yucheng,2018,Leave_One_experiments\wth_generated_qc\YCA\YCA2018.WTH,wet_year;nitrogen_stress_year;low_response_year,wet,YCA2018_normal_grid_S0028,low_input_within_10pct_yield,2018-07-05,186,23,18,"{""sim_day"": 23.0, ""doy"": 186.0, ""topwt"": 361.4115524291992, ""grnwt"": 0.0, ""xlai"": 0.6521785259246826, ""totir"": 0.0, ""tofer"": NaN, ""swfac"": 0.0, ""nstres"": 0.0}",0.0,0.0,361.4115524291992,0.0,0.6521785259246826,0.0,,0.0,0.0,0.0,180.0,34.45178833007813,34.45178833007813,Leave_One_experiments/all_year_offline_schedule_search/daily_outputs/YCA/YCA_2018_YCA2018_normal_grid_S0028_daily.csv
YCA,YCA,Yucheng,2018,Leave_One_experiments\wth_generated_qc\YCA\YCA2018.WTH,wet_year;nitrogen_stress_year;low_response_year,wet,YCA2018_normal_grid_S0028,low_input_within_10pct_yield,2018-07-06,187,24,19,"{""sim_day"": 24.0, ""doy"": 187.0, ""topwt"": 450.9035110473633, ""grnwt"": 0.0, ""xlai"": 0.7815206050872803, ""totir"": 0.0, ""tofer"": NaN, ""swfac"": 0.0, ""nstres"": 0.0}",0.0,0.0,450.9035110473633,0.0,0.7815206050872803,0.0,,0.0,0.0,0.0,180.0,34.45178833007813,34.45178833007813,Leave_One_experiments/all_year_offline_schedule_search/daily_outputs/YCA/YCA_2018_YCA2018_normal_grid_S0028_daily.csv
YCA,YCA,Yucheng,2018,Leave_One_experiments\wth_generated_qc\YCA\YCA2018.WTH,wet_year;nitrogen_stress_year;low_response_year,wet,YCA2018_normal_grid_S0028,low_input_within_10pct_yield,2018-07-07,188,25,20,"{""sim_day"": 25.0, ""doy"": 188.0, ""topwt"": 510.5791473388672, ""grnwt"": 0.0, ""xlai"": 0.8642480373382568, ""totir"": 0.0, ""tofer"": NaN, ""swfac"": 0.0, ""nstres"": 0.0}",0.0,0.0,510.5791473388672,0.0,0.8642480373382568,0.0,,0.0,0.0,0.0,180.0,34.45178833007813,34.45178833007813,Leave_One_experiments/all_year_offline_schedule_search/daily_outputs/YCA/YCA_2018_YCA2018_normal_grid_S0028_daily.csv
YCA,YCA,Yucheng,2018,Leave_One_experiments\wth_generated_qc\YCA\YCA2018.WTH,wet_year;nitrogen_stress_year;low_response_year,wet,YCA2018_normal_grid_S0028,low_input_within_10pct_yield,2018-07-08,189,26,21,"{""sim_day"": 26.0, ""doy"": 189.0, ""topwt"": 579.4956970214844, ""grnwt"": 0.0, ""xlai"": 0.9571882486343384, ""totir"": 0.0, ""tofer"": NaN, ""swfac"": 0.0, ""nstres"": 0.0}",0.0,0.0,579.4956970214844,0.0,0.9571882486343384,0.0,,0.0,0.0,0.0,180.0,34.45178833007813,34.45178833007813,Leave_One_experiments/all_year_offline_schedule_search/daily_outputs/YCA/YCA_2018_YCA2018_normal_grid_S0028_daily.csv
YCA,YCA,Yucheng,2018,Leave_One_experiments\wth_generated_qc\YCA\YCA2018.WTH,wet_year;nitrogen_stress_year;low_response_year,wet,YCA2018_normal_grid_S0028,low_input_within_10pct_yield,2018-07-09,190,27,22,"{""sim_day"": 27.0, ""doy"": 190.0, ""topwt"": 679.3719482421875, ""grnwt"": 0.0, ""xlai"": 1.085493087768555, ""totir"": 0.0, ""tofer"": NaN, ""swfac"": 0.0, ""nstres"": 0.0}",0.0,0.0,679.3719482421875,0.0,1.085493087768555,0.0,,0.0,0.0,0.0,180.0,34.45178833007813,34.45178833007813,Leave_One_experiments/all_year_offline_schedule_search/daily_outputs/YCA/YCA_2018_YCA2018_normal_grid_S0028_daily.csv
YCA,YCA,Yucheng,2018,Leave_One_experiments\wth_generated_qc\YCA\YCA2018.WTH,wet_year;nitrogen_stress_year;low_response_year,wet,YCA2018_normal_grid_S0028,low_input_within_10pct_yield,2018-07-10,191,28,23,"{""sim_day"": 28.0, ""doy"": 191.0, ""topwt"": 797.5536346435547, ""grnwt"": 0.0, ""xlai"": 1.2395117282867432, ""totir"": 0.0, ""tofer"": NaN, ""swfac"": 0.0, ""nstres"": 0.0}",0.0,0.0,797.5536346435547,0.0,1.2395117282867432,0.0,,0.0,0.0,0.0,180.0,34.45178833007813,34.45178833007813,Leave_One_experiments/all_year_offline_schedule_search/daily_outputs/YCA/YCA_2018_YCA2018_normal_grid_S0028_daily.csv
YCA,YCA,Yucheng,2018,Leave_One_experiments\wth_generated_qc\YCA\YCA2018.WTH,wet_year;nitrogen_stress_year;low_response_year,wet,YCA2018_normal_grid_S0028,low_input_within_10pct_yield,2018-07-11,192,29,24,"{""sim_day"": 29.0, ""doy"": 192.0, ""topwt"": 963.8142395019532, ""grnwt"": 0.0, ""xlai"": 1.4441227912902832, ""totir"": 0.0, ""tofer"": NaN, ""swfac"": 0.0, ""nstres"": 0.0}",0.0,0.0,963.8142395019532,0.0,1.4441227912902832,0.0,,0.0,0.0,0.0,180.0,34.45178833007813,34.45178833007813,Leave_One_experiments/all_year_offline_schedule_search/daily_outputs/YCA/YCA_2018_YCA2018_normal_grid_S0028_daily.csv
YCA,YCA,Yucheng,2018,Leave_One_experiments\wth_generated_qc\YCA\YCA2018.WTH,wet_year;nitrogen_stress_year;low_response_year,wet,YCA2018_normal_grid_S0028,low_input_within_10pct_yield,2018-07-12,193,30,25,"{""sim_day"": 30.0, ""doy"": 193.0, ""topwt"": 1069.7675323486328, ""grnwt"": 0.0, ""xlai"": 1.5670679807662964, ""totir"": 0.0, ""tofer"": NaN, ""swfac"": 0.0, ""nstres"": 0.0}",0.0,0.0,1069.7675323486328,0.0,1.5670679807662964,0.0,,0.0,0.0,0.0,180.0,34.45178833007813,34.45178833007813,Leave_One_experiments/all_year_offline_schedule_search/daily_outputs/YCA/YCA_2018_YCA2018_normal_grid_S0028_daily.csv
YCA,YCA,Yucheng,2018,Leave_One_experiments\wth_generated_qc\YCA\YCA2018.WTH,wet_year;nitrogen_stress_year;low_response_year,wet,YCA2018_normal_grid_S0028,low_input_within_10pct_yield,2018-07-13,194,31,26,"{""sim_day"": 31.0, ""doy"": 194.0, ""topwt"": 1256.814422607422, ""grnwt"": 0.0, ""xlai"": 1.7705893516540527, ""totir"": 0.0, ""tofer"": NaN, ""swfac"": 0.0, ""nstres"": 0.0}",0.0,0.0,1256.814422607422,0.0,1.7705893516540527,0.0,,0.0,0.0,0.0,180.0,34.45178833007813,34.45178833007813,Leave_One_experiments/all_year_offline_schedule_search/daily_outputs/YCA/YCA_2018_YCA2018_normal_grid_S0028_daily.csv
YCA,YCA,Yucheng,2018,Leave_One_experiments\wth_generated_qc\YCA\YCA2018.WTH,wet_year;nitrogen_stress_year;low_response_year,wet,YCA2018_normal_grid_S0028,low_input_within_10pct_yield,2018-07-14,195,32,27,"{""sim_day"": 32.0, ""doy"": 195.0, ""topwt"": 1451.5724182128906, ""grnwt"": 0.0, ""xlai"": 1.9669448137283323, ""totir"": 0.0, ""tofer"": NaN, ""swfac"": 0.0, ""nstres"": 0.0}",0.0,0.0,1451.5724182128906,0.0,1.9669448137283323,0.0,,0.0,0.0,0.0,180.0,34.45178833007813,34.45178833007813,Leave_One_experiments/all_year_offline_schedule_search/daily_outputs/YCA/YCA_2018_YCA2018_normal_grid_S0028_daily.csv
YCA,YCA,Yucheng,2018,Leave_One_experiments\wth_generated_qc\YCA\YCA2018.WTH,wet_year;nitrogen_stress_year;low_response_year,wet,YCA2018_normal_grid_S0028,low_input_within_10pct_yield,2018-07-15,196,33,28,"{""sim_day"": 33.0, ""doy"": 196.0, ""topwt"": 1691.6831970214844, ""grnwt"": 0.0, ""xlai"": 2.189390182495117, ""totir"": 0.0, ""tofer"": NaN, ""swfac"": 0.0, ""nstres"": 0.0}",0.0,0.0,1691.6831970214844,0.0,2.189390182495117,0.0,,0.0,0.0,0.0,180.0,34.45178833007813,34.45178833007813,Leave_One_experiments/all_year_offline_schedule_search/daily_outputs/YCA/YCA_2018_YCA2018_normal_grid_S0028_daily.csv
YCA,YCA,Yucheng,2018,Leave_One_experiments\wth_generated_qc\YCA\YCA2018.WTH,wet_year;nitrogen_stress_year;low_response_year,wet,YCA2018_normal_grid_S0028,low_input_within_10pct_yield,2018-07-16,197,34,29,"{""sim_day"": 34.0, ""doy"": 197.0, ""topwt"": 1953.565673828125, ""grnwt"": 0.0, ""xlai"": 2.4113173484802246, ""totir"": 0.0, ""tofer"": NaN, ""swfac"": 0.0, ""nstres"": 0.0}",0.0,0.0,1953.565673828125,0.0,2.4113173484802246,0.0,,0.0,0.0,0.0,180.0,34.45178833007813,34.45178833007813,Leave_One_experiments/all_year_offline_schedule_search/daily_outputs/YCA/YCA_2018_YCA2018_normal_grid_S0028_daily.csv
YCA,YCA,Yucheng,2018,Leave_One_experiments\wth_generated_qc\YCA\YCA2018.WTH,wet_year;nitrogen_stress_year;low_response_year,wet,YCA2018_normal_grid_S0028,low_input_within_10pct_yield,2018-07-17,198,35,30,"{""sim_day"": 35.0, ""doy"": 198.0, ""topwt"": 2205.5445861816406, ""grnwt"": 0.0, ""xlai"": 2.60662055015564, ""totir"": 0.0, ""tofer"": NaN, ""swfac"": 0.0, ""nstres"": 0.0}",0.0,0.0,2205.5445861816406,0.0,2.60662055015564,0.0,,0.0,50.0,0.0,180.0,34.45178833007813,34.45178833007813,Leave_One_experiments/all_year_offline_schedule_search/daily_outputs/YCA/YCA_2018_YCA2018_normal_grid_S0028_daily.csv
YCA,YCA,Yucheng,2018,Leave_One_experiments\wth_generated_qc\YCA\YCA2018.WTH,wet_year;nitrogen_stress_year;low_response_year,wet,YCA2018_normal_grid_S0028,low_input_within_10pct_yield,2018-07-18,199,36,31,"{""sim_day"": 36.0, ""doy"": 199.0, ""topwt"": 2530.801086425781, ""grnwt"": 0.0, ""xlai"": 2.8360421657562256, ""totir"": 0.0, ""tofer"": NaN, ""swfac"": 0.0, ""nstres"": 0.0}",0.0,0.0,2530.801086425781,0.0,2.8360421657562256,0.0,,0.0,0.0,0.0,180.0,34.45178833007813,34.45178833007813,Leave_One_experiments/all_year_offline_schedule_search/daily_outputs/YCA/YCA_2018_YCA2018_normal_grid_S0028_daily.csv
YCA,YCA,Yucheng,2018,Leave_One_experiments\wth_generated_qc\YCA\YCA2018.WTH,wet_year;nitrogen_stress_year;low_response_year,wet,YCA2018_normal_grid_S0028,low_input_within_10pct_yield,2018-07-19,200,37,32,"{""sim_day"": 37.0, ""doy"": 200.0, ""topwt"": 2879.4927978515625, ""grnwt"": 0.0, ""xlai"": 3.0597593784332275, ""totir"": 0.0, ""tofer"": NaN, ""swfac"": 0.0, ""nstres"": 0.0}",0.0,0.0,2879.4927978515625,0.0,3.0597593784332275,0.0,,0.0,0.0,0.0,180.0,34.45178833007813,34.45178833007813,Leave_One_experiments/all_year_offline_schedule_search/daily_outputs/YCA/YCA_2018_YCA2018_normal_grid_S0028_daily.csv
YCA,YCA,Yucheng,2018,Leave_One_experiments\wth_generated_qc\YCA\YCA2018.WTH,wet_year;nitrogen_stress_year;low_response_year,wet,YCA2018_normal_grid_S0028,low_input_within_10pct_yield,2018-07-20,201,38,33,"{""sim_day"": 38.0, ""doy"": 201.0, ""topwt"": 3264.764404296875, ""grnwt"": 0.0, ""xlai"": 3.284400224685669, ""totir"": 0.0, ""tofer"": NaN, ""swfac"": 0.0, ""nstres"": 0.0}",0.0,0.0,3264.764404296875,0.0,3.284400224685669,0.0,,0.0,0.0,0.0,180.0,34.45178833007813,34.45178833007813,Leave_One_experiments/all_year_offline_schedule_search/daily_outputs/YCA/YCA_2018_YCA2018_normal_grid_S0028_daily.csv
YCA,YCA,Yucheng,2018,Leave_One_experiments\wth_generated_qc\YCA\YCA2018.WTH,wet_year;nitrogen_stress_year;low_response_year,wet,YCA2018_normal_grid_S0028,low_input_within_10pct_yield,2018-07-21,202,39,34,"{""sim_day"": 39.0, ""doy"": 202.0, ""topwt"": 3671.175537109375, ""grnwt"": 0.0, ""xlai"": 3.500648021697998, ""totir"": 0.0, ""tofer"": NaN, ""swfac"": 0.0, ""nstres"": 0.0}",0.0,0.0,3671.175537109375,0.0,3.500648021697998,0.0,,0.0,0.0,0.0,180.0,34.45178833007813,34.45178833007813,Leave_One_experiments/all_year_offline_schedule_search/daily_outputs/YCA/YCA_2018_YCA2018_normal_grid_S0028_daily.csv
YCA,YCA,Yucheng,2018,Leave_One_experiments\wth_generated_qc\YCA\YCA2018.WTH,wet_year;nitrogen_stress_year;low_response_year,wet,YCA2018_normal_grid_S0028,low_input_within_10pct_yield,2018-07-22,203,40,35,"{""sim_day"": 40.0, ""doy"": 203.0, ""topwt"": 4010.3195190429688, ""grnwt"": 0.0, ""xlai"": 3.666458129882813, ""totir"": 0.0, ""tofer"": NaN, ""swfac"": 0.0, ""nstres"": 0.0}",0.0,0.0,4010.3195190429688,0.0,3.666458129882813,0.0,,0.0,0.0,0.0,180.0,34.45178833007813,34.45178833007813,Leave_One_experiments/all_year_offline_schedule_search/daily_outputs/YCA/YCA_2018_YCA2018_normal_grid_S0028_daily.csv
YCA,YCA,Yucheng,2018,Leave_One_experiments\wth_generated_qc\YCA\YCA2018.WTH,wet_year;nitrogen_stress_year;low_response_year,wet,YCA2018_normal_grid_S0028,low_input_within_10pct_yield,2018-07-23,204,41,36,"{""sim_day"": 41.0, ""doy"": 204.0, ""topwt"": 4429.507751464844, ""grnwt"": 0.0, ""xlai"": 3.854635000228882, ""totir"": 0.0, ""tofer"": NaN, ""swfac"": 0.0, ""nstres"": 0.0}",0.0,0.0,4429.507751464844,0.0,3.854635000228882,0.0,,0.0,0.0,0.0,180.0,34.45178833007813,34.45178833007813,Leave_One_experiments/all_year_offline_schedule_search/daily_outputs/YCA/YCA_2018_YCA2018_normal_grid_S0028_daily.csv
YCA,YCA,Yucheng,2018,Leave_One_experiments\wth_generated_qc\YCA\YCA2018.WTH,wet_year;nitrogen_stress_year;low_response_year,wet,YCA2018_normal_grid_S0028,low_input_within_10pct_yield,2018-07-24,205,42,37,"{""sim_day"": 42.0, ""doy"": 205.0, ""topwt"": 4863.91357421875, ""grnwt"": 0.0, ""xlai"": 4.03264856338501, ""totir"": 0.0, ""tofer"": NaN, ""swfac"": 0.0, ""nstres"": 0.0}",0.0,0.0,4863.91357421875,0.0,4.03264856338501,0.0,,0.0,0.0,0.0,180.0,34.45178833007813,34.45178833007813,Leave_One_experiments/all_year_offline_schedule_search/daily_outputs/YCA/YCA_2018_YCA2018_normal_grid_S0028_daily.csv
YCA,YCA,Yucheng,2018,Leave_One_experiments\wth_generated_qc\YCA\YCA2018.WTH,wet_year;nitrogen_stress_year;low_response_year,wet,YCA2018_normal_grid_S0028,low_input_within_10pct_yield,2018-07-25,206,43,38,"{""sim_day"": 43.0, ""doy"": 206.0, ""topwt"": 5274.7760009765625, ""grnwt"": 0.0, ""xlai"": 4.258553981781006, ""totir"": 0.0, ""tofer"": NaN, ""swfac"": 0.0, ""nstres"": 0.0}",0.0,0.0,5274.7760009765625,0.0,4.258553981781006,0.0,,0.0,0.0,0.0,180.0,34.45178833007813,34.45178833007813,Leave_One_experiments/all_year_offline_schedule_search/daily_outputs/YCA/YCA_2018_YCA2018_normal_grid_S0028_daily.csv
YCA,YCA,Yucheng,2018,Leave_One_experiments\wth_generated_qc\YCA\YCA2018.WTH,wet_year;nitrogen_stress_year;low_response_year,wet,YCA2018_normal_grid_S0028,low_input_within_10pct_yield,2018-07-26,207,44,39,"{""sim_day"": 44.0, ""doy"": 207.0, ""topwt"": 5469.8834228515625, ""grnwt"": 0.0, ""xlai"": 4.330567836761475, ""totir"": 0.0, ""tofer"": NaN, ""swfac"": 0.0, ""nstres"": 0.0}",0.0,0.0,5469.8834228515625,0.0,4.330567836761475,0.0,,0.0,0.0,0.0,180.0,34.45178833007813,34.45178833007813,Leave_One_experiments/all_year_offline_schedule_search/daily_outputs/YCA/YCA_2018_YCA2018_normal_grid_S0028_daily.csv
YCA,YCA,Yucheng,2018,Leave_One_experiments\wth_generated_qc\YCA\YCA2018.WTH,wet_year;nitrogen_stress_year;low_response_year,wet,YCA2018_normal_grid_S0028,low_input_within_10pct_yield,2018-07-27,208,45,40,"{""sim_day"": 45.0, ""doy"": 208.0, ""topwt"": 5813.1280517578125, ""grnwt"": 0.0, ""xlai"": 4.440168857574463, ""totir"": 0.0, ""tofer"": NaN, ""swfac"": 0.0, ""nstres"": 0.013444185256958}",0.0,0.013444185256958,5813.1280517578125,0.0,4.440168857574463,0.0,,0.0,0.0,0.0,180.0,34.45178833007813,34.45178833007813,Leave_One_experiments/all_year_offline_schedule_search/daily_outputs/YCA/YCA_2018_YCA2018_normal_grid_S0028_daily.csv
YCA,YCA,Yucheng,2018,Leave_One_experiments\wth_generated_qc\YCA\YCA2018.WTH,wet_year;nitrogen_stress_year;low_response_year,wet,YCA2018_normal_grid_S0028,low_input_within_10pct_yield,2018-07-28,209,46,41,"{""sim_day"": 46.0, ""doy"": 209.0, ""topwt"": 6113.514404296875, ""grnwt"": 0.0, ""xlai"": 4.518740177154541, ""totir"": 0.0, ""tofer"": NaN, ""swfac"": 0.0, ""nstres"": 0.015220820903778}",0.0,0.015220820903778,6113.514404296875,0.0,4.518740177154541,0.0,,0.0,0.0,0.0,180.0,34.45178833007813,34.45178833007813,Leave_One_experiments/all_year_offline_schedule_search/daily_outputs/YCA/YCA_2018_YCA2018_normal_grid_S0028_daily.csv
YCA,YCA,Yucheng,2018,Leave_One_experiments\wth_generated_qc\YCA\YCA2018.WTH,wet_year;nitrogen_stress_year;low_response_year,wet,YCA2018_normal_grid_S0028,low_input_within_10pct_yield,2018-07-29,210,47,42,"{""sim_day"": 47.0, ""doy"": 210.0, ""topwt"": 6493.9501953125, ""grnwt"": 0.0, ""xlai"": 4.609179496765137, ""totir"": 0.0, ""tofer"": NaN, ""swfac"": 0.0, ""nstres"": 0.0309511423110961}",0.0,0.0309511423110961,6493.9501953125,0.0,4.609179496765137,0.0,,0.0,0.0,0.0,180.0,34.45178833007813,34.45178833007813,Leave_One_experiments/all_year_offline_schedule_search/daily_outputs/YCA/YCA_2018_YCA2018_normal_grid_S0028_daily.csv
YCA,YCA,Yucheng,2018,Leave_One_experiments\wth_generated_qc\YCA\YCA2018.WTH,wet_year;nitrogen_stress_year;low_response_year,wet,YCA2018_normal_grid_S0028,low_input_within_10pct_yield,2018-07-30,211,48,43,"{""sim_day"": 48.0, ""doy"": 211.0, ""topwt"": 6905.9954833984375, ""grnwt"": 0.0, ""xlai"": 4.694140434265137, ""totir"": 0.0, ""tofer"": NaN, ""swfac"": 0.0, ""nstres"": 0.0428149700164794}",0.0,0.0428149700164794,6905.9954833984375,0.0,4.694140434265137,0.0,,0.0,0.0,0.0,180.0,34.45178833007813,34.45178833007813,Leave_One_experiments/all_year_offline_schedule_search/daily_outputs/YCA/YCA_2018_YCA2018_normal_grid_S0028_daily.csv
YCA,YCA,Yucheng,2018,Leave_One_experiments\wth_generated_qc\YCA\YCA2018.WTH,wet_year;nitrogen_stress_year;low_response_year,wet,YCA2018_normal_grid_S0028,low_input_within_10pct_yield,2018-07-31,212,49,44,"{""sim_day"": 49.0, ""doy"": 212.0, ""topwt"": 7309.364624023437, ""grnwt"": 0.0, ""xlai"": 4.760578155517578, ""totir"": 0.0, ""tofer"": NaN, ""swfac"": 0.0, ""nstres"": 0.0576169490814209}",0.0,0.0576169490814209,7309.364624023437,0.0,4.760578155517578,0.0,,0.0,0.0,0.0,180.0,34.45178833007813,34.45178833007813,Leave_One_experiments/all_year_offline_schedule_search/daily_outputs/YCA/YCA_2018_YCA2018_normal_grid_S0028_daily.csv
YCA,YCA,Yucheng,2018,Leave_One_experiments\wth_generated_qc\YCA\YCA2018.WTH,wet_year;nitrogen_stress_year;low_response_year,wet,YCA2018_normal_grid_S0028,low_input_within_10pct_yield,2018-08-01,213,50,45,"{""sim_day"": 50.0, ""doy"": 213.0, ""topwt"": 7692.36328125, ""grnwt"": 0.0, ""xlai"": 4.807480812072754, ""totir"": 0.0, ""tofer"": NaN, ""swfac"": 0.0, ""nstres"": 0.0718288421630859}",0.0,0.0718288421630859,7692.36328125,0.0,4.807480812072754,0.0,,0.0,0.0,0.0,180.0,34.45178833007813,34.45178833007813,Leave_One_experiments/all_year_offline_schedule_search/daily_outputs/YCA/YCA_2018_YCA2018_normal_grid_S0028_daily.csv
YCA,YCA,Yucheng,2018,Leave_One_experiments\wth_generated_qc\YCA\YCA2018.WTH,wet_year;nitrogen_stress_year;low_response_year,wet,YCA2018_normal_grid_S0028,low_input_within_10pct_yield,2018-08-02,214,51,46,"{""sim_day"": 51.0, ""doy"": 214.0, ""topwt"": 8051.924438476562, ""grnwt"": 0.0, ""xlai"": 4.841658115386963, ""totir"": 0.0, ""tofer"": NaN, ""swfac"": 0.0, ""nstres"": 0.082773208618164}",0.0,0.082773208618164,8051.924438476562,0.0,4.841658115386963,0.0,,0.0,0.0,0.0,180.0,34.45178833007813,34.45178833007813,Leave_One_experiments/all_year_offline_schedule_search/daily_outputs/YCA/YCA_2018_YCA2018_normal_grid_S0028_daily.csv
YCA,YCA,Yucheng,2018,Leave_One_experiments\wth_generated_qc\YCA\YCA2018.WTH,wet_year;nitrogen_stress_year;low_response_year,wet,YCA2018_normal_grid_S0028,low_input_within_10pct_yield,2018-08-03,215,52,47,"{""sim_day"": 52.0, ""doy"": 215.0, ""topwt"": 8408.939819335938, ""grnwt"": 0.0, ""xlai"": 4.8704047203063965, ""totir"": 0.0, ""tofer"": NaN, ""swfac"": 0.0, ""nstres"": 0.0898958444595336}",0.0,0.0898958444595336,8408.939819335938,0.0,4.8704047203063965,0.0,,0.0,0.0,0.0,180.0,34.45178833007813,34.45178833007813,Leave_One_experiments/all_year_offline_schedule_search/daily_outputs/YCA/YCA_2018_YCA2018_normal_grid_S0028_daily.csv
YCA,YCA,Yucheng,2018,Leave_One_experiments\wth_generated_qc\YCA\YCA2018.WTH,wet_year;nitrogen_stress_year;low_response_year,wet,YCA2018_normal_grid_S0028,low_input_within_10pct_yield,2018-08-04,216,53,48,"{""sim_day"": 53.0, ""doy"": 216.0, ""topwt"": 8703.69140625, ""grnwt"": 0.0, ""xlai"": 4.881449699401856, ""totir"": 0.0, ""tofer"": NaN, ""swfac"": 0.0, ""nstres"": 0.0943077802658081}",0.0,0.0943077802658081,8703.69140625,0.0,4.881449699401856,0.0,,0.0,0.0,0.0,180.0,34.45178833007813,34.45178833007813,Leave_One_experiments/all_year_offline_schedule_search/daily_outputs/YCA/YCA_2018_YCA2018_normal_grid_S0028_daily.csv
YCA,YCA,Yucheng,2018,Leave_One_experiments\wth_generated_qc\YCA\YCA2018.WTH,wet_year;nitrogen_stress_year;low_response_year,wet,YCA2018_normal_grid_S0028,low_input_within_10pct_yield,2018-08-05,217,54,49,"{""sim_day"": 54.0, ""doy"": 217.0, ""topwt"": 9003.401489257812, ""grnwt"": 0.0, ""xlai"": 4.823604106903076, ""totir"": 0.0, ""tofer"": NaN, ""swfac"": 0.0, ""nstres"": 0.0948007106781005}",0.0,0.0948007106781005,9003.401489257812,0.0,4.823604106903076,0.0,,0.0,0.0,0.0,180.0,34.45178833007813,34.45178833007813,Leave_One_experiments/all_year_offline_schedule_search/daily_outputs/YCA/YCA_2018_YCA2018_normal_grid_S0028_daily.csv
YCA,YCA,Yucheng,2018,Leave_One_experiments\wth_generated_qc\YCA\YCA2018.WTH,wet_year;nitrogen_stress_year;low_response_year,wet,YCA2018_normal_grid_S0028,low_input_within_10pct_yield,2018-08-06,218,55,50,"{""sim_day"": 55.0, ""doy"": 218.0, ""topwt"": 9287.921752929688, ""grnwt"": 0.0, ""xlai"": 4.770445346832275, ""totir"": 0.0, ""tofer"": NaN, ""swfac"": 0.0, ""nstres"": 0.0881649255752563}",0.0,0.0881649255752563,9287.921752929688,0.0,4.770445346832275,0.0,,0.0,0.0,0.0,180.0,34.45178833007813,34.45178833007813,Leave_One_experiments/all_year_offline_schedule_search/daily_outputs/YCA/YCA_2018_YCA2018_normal_grid_S0028_daily.csv
YCA,YCA,Yucheng,2018,Leave_One_experiments\wth_generated_qc\YCA\YCA2018.WTH,wet_year;nitrogen_stress_year;low_response_year,wet,YCA2018_normal_grid_S0028,low_input_within_10pct_yield,2018-08-07,219,56,51,"{""sim_day"": 56.0, ""doy"": 219.0, ""topwt"": 9549.082641601562, ""grnwt"": 0.0, ""xlai"": 4.721899032592773, ""totir"": 0.0, ""tofer"": NaN, ""swfac"": 0.0, ""nstres"": 0.0814114809036254}",0.0,0.0814114809036254,9549.082641601562,0.0,4.721899032592773,0.0,,0.0,0.0,0.0,180.0,34.45178833007813,34.45178833007813,Leave_One_experiments/all_year_offline_schedule_search/daily_outputs/YCA/YCA_2018_YCA2018_normal_grid_S0028_daily.csv
YCA,YCA,Yucheng,2018,Leave_One_experiments\wth_generated_qc\YCA\YCA2018.WTH,wet_year;nitrogen_stress_year;low_response_year,wet,YCA2018_normal_grid_S0028,low_input_within_10pct_yield,2018-08-08,220,57,52,"{""sim_day"": 57.0, ""doy"": 220.0, ""topwt"": 9745.353393554688, ""grnwt"": 0.0, ""xlai"": 4.678503513336182, ""totir"": 0.0, ""tofer"": NaN, ""swfac"": 0.0, ""nstres"": 0.0735219717025756}",0.0,0.0735219717025756,9745.353393554688,0.0,4.678503513336182,0.0,,0.0,0.0,0.0,180.0,34.45178833007813,34.45178833007813,Leave_One_experiments/all_year_offline_schedule_search/daily_outputs/YCA/YCA_2018_YCA2018_normal_grid_S0028_daily.csv
YCA,YCA,Yucheng,2018,Leave_One_experiments\wth_generated_qc\YCA\YCA2018.WTH,wet_year;nitrogen_stress_year;low_response_year,wet,YCA2018_normal_grid_S0028,low_input_within_10pct_yield,2018-08-09,221,58,53,"{""sim_day"": 58.0, ""doy"": 221.0, ""topwt"": 10090.2294921875, ""grnwt"": 0.0, ""xlai"": 4.64120626449585, ""totir"": 0.0, ""tofer"": NaN, ""swfac"": 0.0, ""nstres"": 0.0637765526771545}",0.0,0.0637765526771545,10090.2294921875,0.0,4.64120626449585,0.0,,0.0,0.0,0.0,180.0,34.45178833007813,34.45178833007813,Leave_One_experiments/all_year_offline_schedule_search/daily_outputs/YCA/YCA_2018_YCA2018_normal_grid_S0028_daily.csv
YCA,YCA,Yucheng,2018,Leave_One_experiments\wth_generated_qc\YCA\YCA2018.WTH,wet_year;nitrogen_stress_year;low_response_year,wet,YCA2018_normal_grid_S0028,low_input_within_10pct_yield,2018-08-10,222,59,54,"{""sim_day"": 59.0, ""doy"": 222.0, ""topwt"": 10413.778076171877, ""grnwt"": 0.0, ""xlai"": 4.611441135406494, ""totir"": 0.0, ""tofer"": NaN, ""swfac"": 0.0, ""nstres"": 0.051306128501892}",0.0,0.051306128501892,10413.778076171877,0.0,4.611441135406494,0.0,,0.0,0.0,0.0,180.0,34.45178833007813,34.45178833007813,Leave_One_experiments/all_year_offline_schedule_search/daily_outputs/YCA/YCA_2018_YCA2018_normal_grid_S0028_daily.csv
YCA,YCA,Yucheng,2018,Leave_One_experiments\wth_generated_qc\YCA\YCA2018.WTH,wet_year;nitrogen_stress_year;low_response_year,wet,YCA2018_normal_grid_S0028,low_input_within_10pct_yield,2018-08-11,223,60,55,"{""sim_day"": 60.0, ""doy"": 223.0, ""topwt"": 10775.00732421875, ""grnwt"": 0.0, ""xlai"": 4.588315010070801, ""totir"": 0.0, ""tofer"": NaN, ""swfac"": 0.0, ""nstres"": 0.0401183366775512}",0.0,0.0401183366775512,10775.00732421875,0.0,4.588315010070801,0.0,,0.0,0.0,0.0,180.0,34.45178833007813,34.45178833007813,Leave_One_experiments/all_year_offline_schedule_search/daily_outputs/YCA/YCA_2018_YCA2018_normal_grid_S0028_daily.csv
YCA,YCA,Yucheng,2018,Leave_One_experiments\wth_generated_qc\YCA\YCA2018.WTH,wet_year;nitrogen_stress_year;low_response_year,wet,YCA2018_normal_grid_S0028,low_input_within_10pct_yield,2018-08-12,224,61,56,"{""sim_day"": 61.0, ""doy"": 224.0, ""topwt"": 10964.12841796875, ""grnwt"": 0.0, ""xlai"": 4.566720008850098, ""totir"": 0.0, ""tofer"": NaN, ""swfac"": 0.0, ""nstres"": 0.027502417564392}",0.0,0.027502417564392,10964.12841796875,0.0,4.566720008850098,0.0,,0.0,0.0,0.0,180.0,34.45178833007813,34.45178833007813,Leave_One_experiments/all_year_offline_schedule_search/daily_outputs/YCA/YCA_2018_YCA2018_normal_grid_S0028_daily.csv
YCA,YCA,Yucheng,2018,Leave_One_experiments\wth_generated_qc\YCA\YCA2018.WTH,wet_year;nitrogen_stress_year;low_response_year,wet,YCA2018_normal_grid_S0028,low_input_within_10pct_yield,2018-08-13,225,62,57,"{""sim_day"": 62.0, ""doy"": 225.0, ""topwt"": 11016.661376953123, ""grnwt"": 276.41408920288086, ""xlai"": 4.546015739440918, ""totir"": 0.0, ""tofer"": NaN, ""swfac"": 0.0, ""nstres"": 0.0168968439102172}",0.0,0.0168968439102172,11016.661376953123,276.41408920288086,4.546015739440918,0.0,,0.0,0.0,0.0,180.0,34.45178833007813,34.45178833007813,Leave_One_experiments/all_year_offline_schedule_search/daily_outputs/YCA/YCA_2018_YCA2018_normal_grid_S0028_daily.csv
YCA,YCA,Yucheng,2018,Leave_One_experiments\wth_generated_qc\YCA\YCA2018.WTH,wet_year;nitrogen_stress_year;low_response_year,wet,YCA2018_normal_grid_S0028,low_input_within_10pct_yield,2018-08-14,226,63,58,"{""sim_day"": 63.0, ""doy"": 226.0, ""topwt"": 11349.76806640625, ""grnwt"": 545.9177780151367, ""xlai"": 4.526158332824707, ""totir"": 0.0, ""tofer"": NaN, ""swfac"": 0.0, ""nstres"": 0.0245541334152221}",0.0,0.0245541334152221,11349.76806640625,545.9177780151367,4.526158332824707,0.0,,0.0,0.0,0.0,180.0,34.45178833007813,34.45178833007813,Leave_One_experiments/all_year_offline_schedule_search/daily_outputs/YCA/YCA_2018_YCA2018_normal_grid_S0028_daily.csv
YCA,YCA,Yucheng,2018,Leave_One_experiments\wth_generated_qc\YCA\YCA2018.WTH,wet_year;nitrogen_stress_year;low_response_year,wet,YCA2018_normal_grid_S0028,low_input_within_10pct_yield,2018-08-15,227,64,59,"{""sim_day"": 64.0, ""doy"": 227.0, ""topwt"": 11641.673583984377, ""grnwt"": 822.3318481445312, ""xlai"": 4.507106304168701, ""totir"": 0.0, ""tofer"": NaN, ""swfac"": 0.0, ""nstres"": 0.0148074626922607}",0.0,0.0148074626922607,11641.673583984377,822.3318481445312,4.507106304168701,0.0,,0.0,0.0,0.0,180.0,34.45178833007813,34.45178833007813,Leave_One_experiments/all_year_offline_schedule_search/daily_outputs/YCA/YCA_2018_YCA2018_normal_grid_S0028_daily.csv
YCA,YCA,Yucheng,2018,Leave_One_experiments\wth_generated_qc\YCA\YCA2018.WTH,wet_year;nitrogen_stress_year;low_response_year,wet,YCA2018_normal_grid_S0028,low_input_within_10pct_yield,2018-08-16,228,65,60,"{""sim_day"": 65.0, ""doy"": 228.0, ""topwt"": 12008.798828125, ""grnwt"": 1098.7460327148438, ""xlai"": 4.488821983337402, ""totir"": 0.0, ""tofer"": NaN, ""swfac"": 0.0, ""nstres"": 0.0254460573196411}",0.0,0.0254460573196411,12008.798828125,1098.7460327148438,4.488821983337402,0.0,,0.0,50.0,0.0,180.0,34.45178833007813,34.45178833007813,Leave_One_experiments/all_year_offline_schedule_search/daily_outputs/YCA/YCA_2018_YCA2018_normal_grid_S0028_daily.csv
YCA,YCA,Yucheng,2018,Leave_One_experiments\wth_generated_qc\YCA\YCA2018.WTH,wet_year;nitrogen_stress_year;low_response_year,wet,YCA2018_normal_grid_S0028,low_input_within_10pct_yield,2018-08-17,229,66,61,"{""sim_day"": 66.0, ""doy"": 229.0, ""topwt"": 12105.89599609375, ""grnwt"": 1375.1600646972656, ""xlai"": 4.4712677001953125, ""totir"": 0.0, ""tofer"": NaN, ""swfac"": 0.0, ""nstres"": 0.0133841633796691}",0.0,0.0133841633796691,12105.89599609375,1375.1600646972656,4.4712677001953125,0.0,,0.0,0.0,0.0,180.0,34.45178833007813,34.45178833007813,Leave_One_experiments/all_year_offline_schedule_search/daily_outputs/YCA/YCA_2018_YCA2018_normal_grid_S0028_daily.csv
YCA,YCA,Yucheng,2018,Leave_One_experiments\wth_generated_qc\YCA\YCA2018.WTH,wet_year;nitrogen_stress_year;low_response_year,wet,YCA2018_normal_grid_S0028,low_input_within_10pct_yield,2018-08-18,230,67,62,"{""sim_day"": 67.0, ""doy"": 230.0, ""topwt"": 12138.682861328123, ""grnwt"": 1651.5740966796875, ""xlai"": 4.454411029815674, ""totir"": 0.0, ""tofer"": NaN, ""swfac"": 0.0, ""nstres"": 0.0}",0.0,0.0,12138.682861328123,1651.5740966796875,4.454411029815674,0.0,,0.0,0.0,0.0,180.0,34.45178833007813,34.45178833007813,Leave_One_experiments/all_year_offline_schedule_search/daily_outputs/YCA/YCA_2018_YCA2018_normal_grid_S0028_daily.csv
YCA,YCA,Yucheng,2018,Leave_One_experiments\wth_generated_qc\YCA\YCA2018.WTH,wet_year;nitrogen_stress_year;low_response_year,wet,YCA2018_normal_grid_S0028,low_input_within_10pct_yield,2018-08-19,231,68,63,"{""sim_day"": 68.0, ""doy"": 231.0, ""topwt"": 12483.736572265623, ""grnwt"": 1927.9881286621091, ""xlai"": 4.438217639923096, ""totir"": 0.0, ""tofer"": NaN, ""swfac"": 0.0, ""nstres"": 0.0}",0.0,0.0,12483.736572265623,1927.9881286621091,4.438217639923096,0.0,,0.0,0.0,0.0,180.0,34.45178833007813,34.45178833007813,Leave_One_experiments/all_year_offline_schedule_search/daily_outputs/YCA/YCA_2018_YCA2018_normal_grid_S0028_daily.csv
YCA,YCA,Yucheng,2018,Leave_One_experiments\wth_generated_qc\YCA\YCA2018.WTH,wet_year;nitrogen_stress_year;low_response_year,wet,YCA2018_normal_grid_S0028,low_input_within_10pct_yield,2018-08-20,232,69,64,"{""sim_day"": 69.0, ""doy"": 232.0, ""topwt"": 12835.841064453123, ""grnwt"": 2204.4020080566406, ""xlai"": 4.4226579666137695, ""totir"": 0.0, ""tofer"": NaN, ""swfac"": 0.0, ""nstres"": 0.0}",0.0,0.0,12835.841064453123,2204.4020080566406,4.4226579666137695,0.0,,0.0,0.0,0.0,180.0,34.45178833007813,34.45178833007813,Leave_One_experiments/all_year_offline_schedule_search/daily_outputs/YCA/YCA_2018_YCA2018_normal_grid_S0028_daily.csv
YCA,YCA,Yucheng,2018,Leave_One_experiments\wth_generated_qc\YCA\YCA2018.WTH,wet_year;nitrogen_stress_year;low_response_year,wet,YCA2018_normal_grid_S0028,low_input_within_10pct_yield,2018-08-21,233,70,65,"{""sim_day"": 70.0, ""doy"": 233.0, ""topwt"": 13038.375244140623, ""grnwt"": 2480.8160400390625, ""xlai"": 4.38962459564209, ""totir"": 0.0, ""tofer"": NaN, ""swfac"": 0.0, ""nstres"": 0.0}",0.0,0.0,13038.375244140623,2480.8160400390625,4.38962459564209,0.0,,0.0,0.0,0.0,180.0,34.45178833007813,34.45178833007813,Leave_One_experiments/all_year_offline_schedule_search/daily_outputs/YCA/YCA_2018_YCA2018_normal_grid_S0028_daily.csv
YCA,YCA,Yucheng,2018,Leave_One_experiments\wth_generated_qc\YCA\YCA2018.WTH,wet_year;nitrogen_stress_year;low_response_year,wet,YCA2018_normal_grid_S0028,low_input_within_10pct_yield,2018-08-22,234,71,66,"{""sim_day"": 71.0, ""doy"": 234.0, ""topwt"": 13402.3876953125, ""grnwt"": 2757.230224609375, ""xlai"": 4.331165790557861, ""totir"": 0.0, ""tofer"": NaN, ""swfac"": 0.0, ""nstres"": 0.0}",0.0,0.0,13402.3876953125,2757.230224609375,4.331165790557861,0.0,,0.0,0.0,0.0,180.0,34.45178833007813,34.45178833007813,Leave_One_experiments/all_year_offline_schedule_search/daily_outputs/YCA/YCA_2018_YCA2018_normal_grid_S0028_daily.csv
YCA,YCA,Yucheng,2018,Leave_One_experiments\wth_generated_qc\YCA\YCA2018.WTH,wet_year;nitrogen_stress_year;low_response_year,wet,YCA2018_normal_grid_S0028,low_input_within_10pct_yield,2018-08-23,235,72,67,"{""sim_day"": 72.0, ""doy"": 235.0, ""topwt"": 13778.16650390625, ""grnwt"": 3033.6441040039062, ""xlai"": 4.270223617553711, ""totir"": 0.0, ""tofer"": NaN, ""swfac"": 0.0, ""nstres"": 0.0}",0.0,0.0,13778.16650390625,3033.6441040039062,4.270223617553711,0.0,,0.0,0.0,0.0,180.0,34.45178833007813,34.45178833007813,Leave_One_experiments/all_year_offline_schedule_search/daily_outputs/YCA/YCA_2018_YCA2018_normal_grid_S0028_daily.csv
YCA,YCA,Yucheng,2018,Leave_One_experiments\wth_generated_qc\YCA\YCA2018.WTH,wet_year;nitrogen_stress_year;low_response_year,wet,YCA2018_normal_grid_S0028,low_input_within_10pct_yield,2018-08-24,236,73,68,"{""sim_day"": 73.0, ""doy"": 236.0, ""topwt"": 14158.494873046877, ""grnwt"": 3310.0582885742188, ""xlai"": 4.202355861663818, ""totir"": 0.0, ""tofer"": NaN, ""swfac"": 0.0, ""nstres"": 0.0}",0.0,0.0,14158.494873046877,3310.0582885742188,4.202355861663818,0.0,,0.0,0.0,0.0,180.0,34.45178833007813,34.45178833007813,Leave_One_experiments/all_year_offline_schedule_search/daily_outputs/YCA/YCA_2018_YCA2018_normal_grid_S0028_daily.csv
YCA,YCA,Yucheng,2018,Leave_One_experiments\wth_generated_qc\YCA\YCA2018.WTH,wet_year;nitrogen_stress_year;low_response_year,wet,YCA2018_normal_grid_S0028,low_input_within_10pct_yield,2018-08-25,237,74,69,"{""sim_day"": 74.0, ""doy"": 237.0, ""topwt"": 14509.774169921877, ""grnwt"": 3586.47216796875, ""xlai"": 4.120750427246094, ""totir"": 0.0, ""tofer"": NaN, ""swfac"": 0.0, ""nstres"": 0.0}",0.0,0.0,14509.774169921877,3586.47216796875,4.120750427246094,0.0,,0.0,0.0,0.0,180.0,34.45178833007813,34.45178833007813,Leave_One_experiments/all_year_offline_schedule_search/daily_outputs/YCA/YCA_2018_YCA2018_normal_grid_S0028_daily.csv
YCA,YCA,Yucheng,2018,Leave_One_experiments\wth_generated_qc\YCA\YCA2018.WTH,wet_year;nitrogen_stress_year;low_response_year,wet,YCA2018_normal_grid_S0028,low_input_within_10pct_yield,2018-08-26,238,75,70,"{""sim_day"": 75.0, ""doy"": 238.0, ""topwt"": 14827.0166015625, ""grnwt"": 3862.8863525390634, ""xlai"": 4.038088321685791, ""totir"": 0.0, ""tofer"": NaN, ""swfac"": 0.0, ""nstres"": 0.0}",0.0,0.0,14827.0166015625,3862.8863525390634,4.038088321685791,0.0,,0.0,0.0,0.0,180.0,34.45178833007813,34.45178833007813,Leave_One_experiments/all_year_offline_schedule_search/daily_outputs/YCA/YCA_2018_YCA2018_normal_grid_S0028_daily.csv
YCA,YCA,Yucheng,2018,Leave_One_experiments\wth_generated_qc\YCA\YCA2018.WTH,wet_year;nitrogen_stress_year;low_response_year,wet,YCA2018_normal_grid_S0028,low_input_within_10pct_yield,2018-08-27,239,76,71,"{""sim_day"": 76.0, ""doy"": 239.0, ""topwt"": 15084.427490234377, ""grnwt"": 4120.296936035156, ""xlai"": 3.937381267547608, ""totir"": 0.0, ""tofer"": NaN, ""swfac"": 0.0, ""nstres"": 0.0}",0.0,0.0,15084.427490234377,4120.296936035156,3.937381267547608,0.0,,0.0,0.0,0.0,180.0,34.45178833007813,34.45178833007813,Leave_One_experiments/all_year_offline_schedule_search/daily_outputs/YCA/YCA_2018_YCA2018_normal_grid_S0028_daily.csv
YCA,YCA,Yucheng,2018,Leave_One_experiments\wth_generated_qc\YCA\YCA2018.WTH,wet_year;nitrogen_stress_year;low_response_year,wet,YCA2018_normal_grid_S0028,low_input_within_10pct_yield,2018-08-28,240,77,72,"{""sim_day"": 77.0, ""doy"": 240.0, ""topwt"": 15326.290283203123, ""grnwt"": 4362.159118652344, ""xlai"": 3.8245174884796143, ""totir"": 0.0, ""tofer"": NaN, ""swfac"": 0.0, ""nstres"": 0.0}",0.0,0.0,15326.290283203123,4362.159118652344,3.8245174884796143,0.0,,0.0,0.0,0.0,180.0,34.45178833007813,34.45178833007813,Leave_One_experiments/all_year_offline_schedule_search/daily_outputs/YCA/YCA_2018_YCA2018_normal_grid_S0028_daily.csv
YCA,YCA,Yucheng,2018,Leave_One_experiments\wth_generated_qc\YCA\YCA2018.WTH,wet_year;nitrogen_stress_year;low_response_year,wet,YCA2018_normal_grid_S0028,low_input_within_10pct_yield,2018-08-29,241,78,73,"{""sim_day"": 78.0, ""doy"": 241.0, ""topwt"": 15461.903076171877, ""grnwt"": 4638.5736083984375, ""xlai"": 3.722006559371948, ""totir"": 0.0, ""tofer"": NaN, ""swfac"": 0.0, ""nstres"": 0.0}",0.0,0.0,15461.903076171877,4638.5736083984375,3.722006559371948,0.0,,0.0,0.0,0.0,180.0,34.45178833007813,34.45178833007813,Leave_One_experiments/all_year_offline_schedule_search/daily_outputs/YCA/YCA_2018_YCA2018_normal_grid_S0028_daily.csv
YCA,YCA,Yucheng,2018,Leave_One_experiments\wth_generated_qc\YCA\YCA2018.WTH,wet_year;nitrogen_stress_year;low_response_year,wet,YCA2018_normal_grid_S0028,low_input_within_10pct_yield,2018-08-30,242,79,74,"{""sim_day"": 79.0, ""doy"": 242.0, ""topwt"": 15749.83642578125, ""grnwt"": 4914.98779296875, ""xlai"": 3.61803936958313, ""totir"": 0.0, ""tofer"": NaN, ""swfac"": 0.0, ""nstres"": 0.0}",0.0,0.0,15749.83642578125,4914.98779296875,3.61803936958313,0.0,,0.0,0.0,0.0,180.0,34.45178833007813,34.45178833007813,Leave_One_experiments/all_year_offline_schedule_search/daily_outputs/YCA/YCA_2018_YCA2018_normal_grid_S0028_daily.csv
YCA,YCA,Yucheng,2018,Leave_One_experiments\wth_generated_qc\YCA\YCA2018.WTH,wet_year;nitrogen_stress_year;low_response_year,wet,YCA2018_normal_grid_S0028,low_input_within_10pct_yield,2018-08-31,243,80,75,"{""sim_day"": 80.0, ""doy"": 243.0, ""topwt"": 16091.053466796877, ""grnwt"": 5191.401977539063, ""xlai"": 3.493283987045288, ""totir"": 0.0, ""tofer"": NaN, ""swfac"": 0.0, ""nstres"": 0.0}",0.0,0.0,16091.053466796877,5191.401977539063,3.493283987045288,0.0,,0.0,0.0,0.0,180.0,34.45178833007813,34.45178833007813,Leave_One_experiments/all_year_offline_schedule_search/daily_outputs/YCA/YCA_2018_YCA2018_normal_grid_S0028_daily.csv
YCA,YCA,Yucheng,2018,Leave_One_experiments\wth_generated_qc\YCA\YCA2018.WTH,wet_year;nitrogen_stress_year;low_response_year,wet,YCA2018_normal_grid_S0028,low_input_within_10pct_yield,2018-09-01,244,81,76,"{""sim_day"": 81.0, ""doy"": 244.0, ""topwt"": 16227.916259765623, ""grnwt"": 5467.816162109375, ""xlai"": 3.371482610702514, ""totir"": 0.0, ""tofer"": NaN, ""swfac"": 0.0, ""nstres"": 0.0}",0.0,0.0,16227.916259765623,5467.816162109375,3.371482610702514,0.0,,0.0,0.0,0.0,180.0,34.45178833007813,34.45178833007813,Leave_One_experiments/all_year_offline_schedule_search/daily_outputs/YCA/YCA_2018_YCA2018_normal_grid_S0028_daily.csv
YCA,YCA,Yucheng,2018,Leave_One_experiments\wth_generated_qc\YCA\YCA2018.WTH,wet_year;nitrogen_stress_year;low_response_year,wet,YCA2018_normal_grid_S0028,low_input_within_10pct_yield,2018-09-02,245,82,77,"{""sim_day"": 82.0, ""doy"": 245.0, ""topwt"": 16558.65234375, ""grnwt"": 5733.86474609375, ""xlai"": 3.2161340713500977, ""totir"": 0.0, ""tofer"": NaN, ""swfac"": 0.0, ""nstres"": 0.0}",0.0,0.0,16558.65234375,5733.86474609375,3.2161340713500977,0.0,,0.0,0.0,0.0,180.0,34.45178833007813,34.45178833007813,Leave_One_experiments/all_year_offline_schedule_search/daily_outputs/YCA/YCA_2018_YCA2018_normal_grid_S0028_daily.csv
YCA,YCA,Yucheng,2018,Leave_One_experiments\wth_generated_qc\YCA\YCA2018.WTH,wet_year;nitrogen_stress_year;low_response_year,wet,YCA2018_normal_grid_S0028,low_input_within_10pct_yield,2018-09-03,246,83,78,"{""sim_day"": 83.0, ""doy"": 246.0, ""topwt"": 16909.398193359375, ""grnwt"": 6010.278930664063, ""xlai"": 3.0879006385803223, ""totir"": 0.0, ""tofer"": NaN, ""swfac"": 0.0, ""nstres"": 0.0}",0.0,0.0,16909.398193359375,6010.278930664063,3.0879006385803223,0.0,,0.0,0.0,0.0,180.0,34.45178833007813,34.45178833007813,Leave_One_experiments/all_year_offline_schedule_search/daily_outputs/YCA/YCA_2018_YCA2018_normal_grid_S0028_daily.csv
YCA,YCA,Yucheng,2018,Leave_One_experiments\wth_generated_qc\YCA\YCA2018.WTH,wet_year;nitrogen_stress_year;low_response_year,wet,YCA2018_normal_grid_S0028,low_input_within_10pct_yield,2018-09-04,247,84,79,"{""sim_day"": 84.0, ""doy"": 247.0, ""topwt"": 17191.73095703125, ""grnwt"": 6286.693115234375, ""xlai"": 2.9427826404571533, ""totir"": 0.0, ""tofer"": NaN, ""swfac"": 0.0, ""nstres"": 0.0113415718078613}",0.0,0.0113415718078613,17191.73095703125,6286.693115234375,2.9427826404571533,0.0,,0.0,0.0,0.0,180.0,34.45178833007813,34.45178833007813,Leave_One_experiments/all_year_offline_schedule_search/daily_outputs/YCA/YCA_2018_YCA2018_normal_grid_S0028_daily.csv
YCA,YCA,Yucheng,2018,Leave_One_experiments\wth_generated_qc\YCA\YCA2018.WTH,wet_year;nitrogen_stress_year;low_response_year,wet,YCA2018_normal_grid_S0028,low_input_within_10pct_yield,2018-09-05,248,85,80,"{""sim_day"": 85.0, ""doy"": 248.0, ""topwt"": 17527.052001953125, ""grnwt"": 6563.107299804688, ""xlai"": 2.7655293941497803, ""totir"": 0.0, ""tofer"": NaN, ""swfac"": 0.0, ""nstres"": 0.0355739593505859}",0.0,0.0355739593505859,17527.052001953125,6563.107299804688,2.7655293941497803,0.0,,0.0,0.0,0.0,180.0,34.45178833007813,34.45178833007813,Leave_One_experiments/all_year_offline_schedule_search/daily_outputs/YCA/YCA_2018_YCA2018_normal_grid_S0028_daily.csv
YCA,YCA,Yucheng,2018,Leave_One_experiments\wth_generated_qc\YCA\YCA2018.WTH,wet_year;nitrogen_stress_year;low_response_year,wet,YCA2018_normal_grid_S0028,low_input_within_10pct_yield,2018-09-06,249,86,81,"{""sim_day"": 86.0, ""doy"": 249.0, ""topwt"": 17803.65234375, ""grnwt"": 6839.5220947265625, ""xlai"": 2.6396493911743164, ""totir"": 0.0, ""tofer"": NaN, ""swfac"": 0.0, ""nstres"": 0.0604532361030578}",0.0,0.0604532361030578,17803.65234375,6839.5220947265625,2.6396493911743164,0.0,,0.0,0.0,0.0,180.0,34.45178833007813,34.45178833007813,Leave_One_experiments/all_year_offline_schedule_search/daily_outputs/YCA/YCA_2018_YCA2018_normal_grid_S0028_daily.csv
YCA,YCA,Yucheng,2018,Leave_One_experiments\wth_generated_qc\YCA\YCA2018.WTH,wet_year;nitrogen_stress_year;low_response_year,wet,YCA2018_normal_grid_S0028,low_input_within_10pct_yield,2018-09-07,250,87,82,"{""sim_day"": 87.0, ""doy"": 250.0, ""topwt"": 18080.06591796875, ""grnwt"": 7115.936279296875, ""xlai"": 2.502525568008423, ""totir"": 0.0, ""tofer"": NaN, ""swfac"": 0.0, ""nstres"": 0.0878500938415527}",0.0,0.0878500938415527,18080.06591796875,7115.936279296875,2.502525568008423,0.0,,0.0,0.0,0.0,180.0,34.45178833007813,34.45178833007813,Leave_One_experiments/all_year_offline_schedule_search/daily_outputs/YCA/YCA_2018_YCA2018_normal_grid_S0028_daily.csv
YCA,YCA,Yucheng,2018,Leave_One_experiments\wth_generated_qc\YCA\YCA2018.WTH,wet_year;nitrogen_stress_year;low_response_year,wet,YCA2018_normal_grid_S0028,low_input_within_10pct_yield,2018-09-08,251,88,83,"{""sim_day"": 88.0, ""doy"": 251.0, ""topwt"": 18356.48193359375, ""grnwt"": 7392.3504638671875, ""xlai"": 2.3583667278289795, ""totir"": 0.0, ""tofer"": NaN, ""swfac"": 0.0, ""nstres"": 0.1097984313964843}",0.0,0.1097984313964843,18356.48193359375,7392.3504638671875,2.3583667278289795,0.0,,0.0,0.0,0.0,180.0,34.45178833007813,34.45178833007813,Leave_One_experiments/all_year_offline_schedule_search/daily_outputs/YCA/YCA_2018_YCA2018_normal_grid_S0028_daily.csv
YCA,YCA,Yucheng,2018,Leave_One_experiments\wth_generated_qc\YCA\YCA2018.WTH,wet_year;nitrogen_stress_year;low_response_year,wet,YCA2018_normal_grid_S0028,low_input_within_10pct_yield,2018-09-09,252,89,84,"{""sim_day"": 89.0, ""doy"": 252.0, ""topwt"": 18632.89428710937, ""grnwt"": 7668.7646484375, ""xlai"": 2.200434684753418, ""totir"": 0.0, ""tofer"": NaN, ""swfac"": 0.0, ""nstres"": 0.1314402818679809}",0.0,0.1314402818679809,18632.89428710937,7668.7646484375,2.200434684753418,0.0,,0.0,0.0,0.0,180.0,34.45178833007813,34.45178833007813,Leave_One_experiments/all_year_offline_schedule_search/daily_outputs/YCA/YCA_2018_YCA2018_normal_grid_S0028_daily.csv
YCA,YCA,Yucheng,2018,Leave_One_experiments\wth_generated_qc\YCA\YCA2018.WTH,wet_year;nitrogen_stress_year;low_response_year,wet,YCA2018_normal_grid_S0028,low_input_within_10pct_yield,2018-09-10,253,90,85,"{""sim_day"": 90.0, ""doy"": 253.0, ""topwt"": 18909.31030273437, ""grnwt"": 7945.178833007812, ""xlai"": 2.0343737602233887, ""totir"": 0.0, ""tofer"": NaN, ""swfac"": 0.0, ""nstres"": 0.1530184149742126}",0.0,0.1530184149742126,18909.31030273437,7945.178833007812,2.0343737602233887,0.0,,0.0,0.0,0.0,180.0,34.45178833007813,34.45178833007813,Leave_One_experiments/all_year_offline_schedule_search/daily_outputs/YCA/YCA_2018_YCA2018_normal_grid_S0028_daily.csv
YCA,YCA,Yucheng,2018,Leave_One_experiments\wth_generated_qc\YCA\YCA2018.WTH,wet_year;nitrogen_stress_year;low_response_year,wet,YCA2018_normal_grid_S0028,low_input_within_10pct_yield,2018-09-11,254,91,86,"{""sim_day"": 91.0, ""doy"": 254.0, ""topwt"": 18909.31030273437, ""grnwt"": 7945.178833007812, ""xlai"": 2.0343737602233887, ""totir"": 0.0, ""tofer"": NaN, ""swfac"": 0.0, ""nstres"": 0.175023078918457}",0.0,0.175023078918457,18909.31030273437,7945.178833007812,2.0343737602233887,0.0,,0.0,0.0,0.0,180.0,34.45178833007813,34.45178833007813,Leave_One_experiments/all_year_offline_schedule_search/daily_outputs/YCA/YCA_2018_YCA2018_normal_grid_S0028_daily.csv
YCA,YCA,Yucheng,2018,Leave_One_experiments\wth_generated_qc\YCA\YCA2018.WTH,wet_year;nitrogen_stress_year;low_response_year,wet,YCA2018_normal_grid_S0028,low_input_within_10pct_yield,2018-09-12,255,92,87,"{""sim_day"": 92.0, ""doy"": 255.0, ""topwt"": 18909.31030273437, ""grnwt"": 7945.178833007812, ""xlai"": 2.0343737602233887, ""totir"": 0.0, ""tofer"": NaN, ""swfac"": 0.0, ""nstres"": 0.175023078918457}",0.0,0.175023078918457,18909.31030273437,7945.178833007812,2.0343737602233887,0.0,,0.0,0.0,0.0,180.0,34.45178833007813,34.45178833007813,Leave_One_experiments/all_year_offline_schedule_search/daily_outputs/YCA/YCA_2018_YCA2018_normal_grid_S0028_daily.csv
YCA,YCA,Yucheng,2018,Leave_One_experiments\wth_generated_qc\YCA\YCA2018.WTH,wet_year;nitrogen_stress_year;low_response_year,wet,YCA2018_normal_grid_S0028,low_input_within_10pct_yield,2018-09-13,256,93,88,"{""sim_day"": 93.0, ""doy"": 256.0, ""topwt"": 18909.31030273437, ""grnwt"": 7945.178833007812, ""xlai"": 2.0343737602233887, ""totir"": 0.0, ""tofer"": NaN, ""swfac"": 0.0, ""nstres"": 0.175023078918457}",0.0,0.175023078918457,18909.31030273437,7945.178833007812,2.0343737602233887,0.0,,0.0,0.0,0.0,180.0,34.45178833007813,34.45178833007813,Leave_One_experiments/all_year_offline_schedule_search/daily_outputs/YCA/YCA_2018_YCA2018_normal_grid_S0028_daily.csv
YCA,YCA,Yucheng,2018,Leave_One_experiments\wth_generated_qc\YCA\YCA2018.WTH,wet_year;nitrogen_stress_year;low_response_year,wet,YCA2018_normal_grid_S0024,pareto_balanced,2018-06-18,169,1,1,"{""sim_day"": 1.0, ""doy"": 169.0, ""topwt"": 0.0, ""grnwt"": 0.0, ""xlai"": 0.0, ""totir"": 0.0, ""tofer"": NaN, ""swfac"": 0.0, ""nstres"": 0.0}",0.0,0.0,0.0,0.0,0.0,0.0,,0.0,75.0,30.0,225.0,11.311090087890634,23.31109008789064,Leave_One_experiments/all_year_offline_schedule_search/daily_outputs/YCA/YCA_2018_YCA2018_normal_grid_S0024_daily.csv
YCA,YCA,Yucheng,2018,Leave_One_experiments\wth_generated_qc\YCA\YCA2018.WTH,wet_year;nitrogen_stress_year;low_response_year,wet,YCA2018_normal_grid_S0024,pareto_balanced,2018-06-19,170,2,2,"{""sim_day"": 2.0, ""doy"": 170.0, ""topwt"": 0.0, ""grnwt"": 0.0, ""xlai"": 0.0, ""totir"": 0.0, ""tofer"": NaN, ""swfac"": 0.0, ""nstres"": 0.0}",0.0,0.0,0.0,0.0,0.0,0.0,,0.0,0.0,30.0,225.0,11.311090087890634,23.31109008789064,Leave_One_experiments/all_year_offline_schedule_search/daily_outputs/YCA/YCA_2018_YCA2018_normal_grid_S0024_daily.csv
YCA,YCA,Yucheng,2018,Leave_One_experiments\wth_generated_qc\YCA\YCA2018.WTH,wet_year;nitrogen_stress_year;low_response_year,wet,YCA2018_normal_grid_S0024,pareto_balanced,2018-06-20,171,3,3,"{""sim_day"": 3.0, ""doy"": 171.0, ""topwt"": 0.0, ""grnwt"": 0.0, ""xlai"": 0.0, ""totir"": 0.0, ""tofer"": NaN, ""swfac"": 0.0, ""nstres"": 0.0}",0.0,0.0,0.0,0.0,0.0,0.0,,0.0,0.0,30.0,225.0,11.311090087890634,23.31109008789064,Leave_One_experiments/all_year_offline_schedule_search/daily_outputs/YCA/YCA_2018_YCA2018_normal_grid_S0024_daily.csv
YCA,YCA,Yucheng,2018,Leave_One_experiments\wth_generated_qc\YCA\YCA2018.WTH,wet_year;nitrogen_stress_year;low_response_year,wet,YCA2018_normal_grid_S0024,pareto_balanced,2018-06-21,172,4,4,"{""sim_day"": 4.0, ""doy"": 172.0, ""topwt"": 0.0, ""grnwt"": 0.0, ""xlai"": 0.0, ""totir"": 0.0, ""tofer"": NaN, ""swfac"": 0.0, ""nstres"": 0.0}",0.0,0.0,0.0,0.0,0.0,0.0,,0.0,0.0,30.0,225.0,11.311090087890634,23.31109008789064,Leave_One_experiments/all_year_offline_schedule_search/daily_outputs/YCA/YCA_2018_YCA2018_normal_grid_S0024_daily.csv
YCA,YCA,Yucheng,2018,Leave_One_experiments\wth_generated_qc\YCA\YCA2018.WTH,wet_year;nitrogen_stress_year;low_response_year,wet,YCA2018_normal_grid_S0024,pareto_balanced,2018-06-22,173,5,5,"{""sim_day"": 5.0, ""doy"": 173.0, ""topwt"": 0.0, ""grnwt"": 0.0, ""xlai"": 0.0, ""totir"": 0.0, ""tofer"": NaN, ""swfac"": 0.0, ""nstres"": 0.0}",0.0,0.0,0.0,0.0,0.0,0.0,,0.0,0.0,30.0,225.0,11.311090087890634,23.31109008789064,Leave_One_experiments/all_year_offline_schedule_search/daily_outputs/YCA/YCA_2018_YCA2018_normal_grid_S0024_daily.csv
YCA,YCA,Yucheng,2018,Leave_One_experiments\wth_generated_qc\YCA\YCA2018.WTH,wet_year;nitrogen_stress_year;low_response_year,wet,YCA2018_normal_grid_S0024,pareto_balanced,2018-06-18,169,6,1,"{""sim_day"": 6.0, ""doy"": 169.0, ""topwt"": 0.0, ""grnwt"": 0.0, ""xlai"": 0.0, ""totir"": 0.0, ""tofer"": NaN, ""swfac"": 0.0, ""nstres"": 0.0}",0.0,0.0,0.0,0.0,0.0,0.0,,0.0,0.0,30.0,225.0,11.311090087890634,23.31109008789064,Leave_One_experiments/all_year_offline_schedule_search/daily_outputs/YCA/YCA_2018_YCA2018_normal_grid_S0024_daily.csv
YCA,YCA,Yucheng,2018,Leave_One_experiments\wth_generated_qc\YCA\YCA2018.WTH,wet_year;nitrogen_stress_year;low_response_year,wet,YCA2018_normal_grid_S0024,pareto_balanced,2018-06-19,170,7,2,"{""sim_day"": 7.0, ""doy"": 170.0, ""topwt"": 0.0, ""grnwt"": 0.0, ""xlai"": 0.0, ""totir"": 0.0, ""tofer"": NaN, ""swfac"": 0.0, ""nstres"": 0.0}",0.0,0.0,0.0,0.0,0.0,0.0,,0.0,0.0,30.0,225.0,11.311090087890634,23.31109008789064,Leave_One_experiments/all_year_offline_schedule_search/daily_outputs/YCA/YCA_2018_YCA2018_normal_grid_S0024_daily.csv
YCA,YCA,Yucheng,2018,Leave_One_experiments\wth_generated_qc\YCA\YCA2018.WTH,wet_year;nitrogen_stress_year;low_response_year,wet,YCA2018_normal_grid_S0024,pareto_balanced,2018-06-20,171,8,3,"{""sim_day"": 8.0, ""doy"": 171.0, ""topwt"": 0.0, ""grnwt"": 0.0, ""xlai"": 0.0, ""totir"": 0.0, ""tofer"": NaN, ""swfac"": 0.0, ""nstres"": 0.0}",0.0,0.0,0.0,0.0,0.0,0.0,,0.0,0.0,30.0,225.0,11.311090087890634,23.31109008789064,Leave_One_experiments/all_year_offline_schedule_search/daily_outputs/YCA/YCA_2018_YCA2018_normal_grid_S0024_daily.csv
YCA,YCA,Yucheng,2018,Leave_One_experiments\wth_generated_qc\YCA\YCA2018.WTH,wet_year;nitrogen_stress_year;low_response_year,wet,YCA2018_normal_grid_S0024,pareto_balanced,2018-06-21,172,9,4,"{""sim_day"": 9.0, ""doy"": 172.0, ""topwt"": 0.0, ""grnwt"": 0.0, ""xlai"": 0.0, ""totir"": 0.0, ""tofer"": NaN, ""swfac"": 0.0, ""nstres"": 0.0}",0.0,0.0,0.0,0.0,0.0,0.0,,0.0,0.0,30.0,225.0,11.311090087890634,23.31109008789064,Leave_One_experiments/all_year_offline_schedule_search/daily_outputs/YCA/YCA_2018_YCA2018_normal_grid_S0024_daily.csv
YCA,YCA,Yucheng,2018,Leave_One_experiments\wth_generated_qc\YCA\YCA2018.WTH,wet_year;nitrogen_stress_year;low_response_year,wet,YCA2018_normal_grid_S0024,pareto_balanced,2018-06-22,173,10,5,"{""sim_day"": 10.0, ""doy"": 173.0, ""topwt"": 26.400001049041748, ""grnwt"": 0.0, ""xlai"": 0.0055121663026511, ""totir"": 0.0, ""tofer"": NaN, ""swfac"": 0.0, ""nstres"": 0.0121910572052001}",0.0,0.0121910572052001,26.400001049041748,0.0,0.0055121663026511,0.0,,0.0,0.0,30.0,225.0,11.311090087890634,23.31109008789064,Leave_One_experiments/all_year_offline_schedule_search/daily_outputs/YCA/YCA_2018_YCA2018_normal_grid_S0024_daily.csv
YCA,YCA,Yucheng,2018,Leave_One_experiments\wth_generated_qc\YCA\YCA2018.WTH,wet_year;nitrogen_stress_year;low_response_year,wet,YCA2018_normal_grid_S0024,pareto_balanced,2018-06-23,174,11,6,"{""sim_day"": 11.0, ""doy"": 174.0, ""topwt"": 26.400001049041748, ""grnwt"": 0.0, ""xlai"": 0.011760901659727, ""totir"": 0.0, ""tofer"": NaN, ""swfac"": 0.0, ""nstres"": 0.0080974102020263}",0.0,0.0080974102020263,26.400001049041748,0.0,0.011760901659727,0.0,,0.0,0.0,30.0,225.0,11.311090087890634,23.31109008789064,Leave_One_experiments/all_year_offline_schedule_search/daily_outputs/YCA/YCA_2018_YCA2018_normal_grid_S0024_daily.csv
YCA,YCA,Yucheng,2018,Leave_One_experiments\wth_generated_qc\YCA\YCA2018.WTH,wet_year;nitrogen_stress_year;low_response_year,wet,YCA2018_normal_grid_S0024,pareto_balanced,2018-06-24,175,12,7,"{""sim_day"": 12.0, ""doy"": 175.0, ""topwt"": 26.400001049041748, ""grnwt"": 0.0, ""xlai"": 0.017250470817089, ""totir"": 0.0, ""tofer"": NaN, ""swfac"": 0.0, ""nstres"": 0.0015919208526611}",0.0,0.0015919208526611,26.400001049041748,0.0,0.017250470817089,0.0,,0.0,0.0,30.0,225.0,11.311090087890634,23.31109008789064,Leave_One_experiments/all_year_offline_schedule_search/daily_outputs/YCA/YCA_2018_YCA2018_normal_grid_S0024_daily.csv
YCA,YCA,Yucheng,2018,Leave_One_experiments\wth_generated_qc\YCA\YCA2018.WTH,wet_year;nitrogen_stress_year;low_response_year,wet,YCA2018_normal_grid_S0024,pareto_balanced,2018-06-25,176,13,8,"{""sim_day"": 13.0, ""doy"": 176.0, ""topwt"": 26.400001049041748, ""grnwt"": 0.0, ""xlai"": 0.0368482023477554, ""totir"": 0.0, ""tofer"": NaN, ""swfac"": 0.0, ""nstres"": 0.0}",0.0,0.0,26.400001049041748,0.0,0.0368482023477554,0.0,,0.0,0.0,30.0,225.0,11.311090087890634,23.31109008789064,Leave_One_experiments/all_year_offline_schedule_search/daily_outputs/YCA/YCA_2018_YCA2018_normal_grid_S0024_daily.csv
YCA,YCA,Yucheng,2018,Leave_One_experiments\wth_generated_qc\YCA\YCA2018.WTH,wet_year;nitrogen_stress_year;low_response_year,wet,YCA2018_normal_grid_S0024,pareto_balanced,2018-06-26,177,14,9,"{""sim_day"": 14.0, ""doy"": 177.0, ""topwt"": 34.67425346374512, ""grnwt"": 0.0, ""xlai"": 0.0668240264058113, ""totir"": 0.0, ""tofer"": NaN, ""swfac"": 0.0, ""nstres"": 0.0}",0.0,0.0,34.67425346374512,0.0,0.0668240264058113,0.0,,0.0,0.0,30.0,225.0,11.311090087890634,23.31109008789064,Leave_One_experiments/all_year_offline_schedule_search/daily_outputs/YCA/YCA_2018_YCA2018_normal_grid_S0024_daily.csv
YCA,YCA,Yucheng,2018,Leave_One_experiments\wth_generated_qc\YCA\YCA2018.WTH,wet_year;nitrogen_stress_year;low_response_year,wet,YCA2018_normal_grid_S0024,pareto_balanced,2018-06-27,178,15,10,"{""sim_day"": 15.0, ""doy"": 178.0, ""topwt"": 43.988423347473145, ""grnwt"": 0.0, ""xlai"": 0.0890066921710968, ""totir"": 0.0, ""tofer"": NaN, ""swfac"": 0.0, ""nstres"": 0.0}",0.0,0.0,43.988423347473145,0.0,0.0890066921710968,0.0,,0.0,0.0,30.0,225.0,11.311090087890634,23.31109008789064,Leave_One_experiments/all_year_offline_schedule_search/daily_outputs/YCA/YCA_2018_YCA2018_normal_grid_S0024_daily.csv
YCA,YCA,Yucheng,2018,Leave_One_experiments\wth_generated_qc\YCA\YCA2018.WTH,wet_year;nitrogen_stress_year;low_response_year,wet,YCA2018_normal_grid_S0024,pareto_balanced,2018-06-28,179,16,11,"{""sim_day"": 16.0, ""doy"": 179.0, ""topwt"": 57.8371524810791, ""grnwt"": 0.0, ""xlai"": 0.1196067854762077, ""totir"": 0.0, ""tofer"": NaN, ""swfac"": 0.0, ""nstres"": 0.0}",0.0,0.0,57.8371524810791,0.0,0.1196067854762077,0.0,,0.0,0.0,30.0,225.0,11.311090087890634,23.31109008789064,Leave_One_experiments/all_year_offline_schedule_search/daily_outputs/YCA/YCA_2018_YCA2018_normal_grid_S0024_daily.csv
YCA,YCA,Yucheng,2018,Leave_One_experiments\wth_generated_qc\YCA\YCA2018.WTH,wet_year;nitrogen_stress_year;low_response_year,wet,YCA2018_normal_grid_S0024,pareto_balanced,2018-06-29,180,17,12,"{""sim_day"": 17.0, ""doy"": 180.0, ""topwt"": 79.13591861724854, ""grnwt"": 0.0, ""xlai"": 0.1631143540143966, ""totir"": 0.0, ""tofer"": NaN, ""swfac"": 0.0, ""nstres"": 0.0}",0.0,0.0,79.13591861724854,0.0,0.1631143540143966,0.0,,0.0,0.0,30.0,225.0,11.311090087890634,23.31109008789064,Leave_One_experiments/all_year_offline_schedule_search/daily_outputs/YCA/YCA_2018_YCA2018_normal_grid_S0024_daily.csv
YCA,YCA,Yucheng,2018,Leave_One_experiments\wth_generated_qc\YCA\YCA2018.WTH,wet_year;nitrogen_stress_year;low_response_year,wet,YCA2018_normal_grid_S0024,pareto_balanced,2018-06-30,181,18,13,"{""sim_day"": 18.0, ""doy"": 181.0, ""topwt"": 105.68827629089355, ""grnwt"": 0.0, ""xlai"": 0.2134356349706649, ""totir"": 0.0, ""tofer"": NaN, ""swfac"": 0.0, ""nstres"": 0.0}",0.0,0.0,105.68827629089355,0.0,0.2134356349706649,0.0,,0.0,0.0,30.0,225.0,11.311090087890634,23.31109008789064,Leave_One_experiments/all_year_offline_schedule_search/daily_outputs/YCA/YCA_2018_YCA2018_normal_grid_S0024_daily.csv
YCA,YCA,Yucheng,2018,Leave_One_experiments\wth_generated_qc\YCA\YCA2018.WTH,wet_year;nitrogen_stress_year;low_response_year,wet,YCA2018_normal_grid_S0024,pareto_balanced,2018-07-01,182,19,14,"{""sim_day"": 19.0, ""doy"": 182.0, ""topwt"": 139.1296672821045, ""grnwt"": 0.0, ""xlai"": 0.2726942002773285, ""totir"": 0.0, ""tofer"": NaN, ""swfac"": 0.0, ""nstres"": 0.0}",0.0,0.0,139.1296672821045,0.0,0.2726942002773285,0.0,,0.0,0.0,30.0,225.0,11.311090087890634,23.31109008789064,Leave_One_experiments/all_year_offline_schedule_search/daily_outputs/YCA/YCA_2018_YCA2018_normal_grid_S0024_daily.csv
YCA,YCA,Yucheng,2018,Leave_One_experiments\wth_generated_qc\YCA\YCA2018.WTH,wet_year;nitrogen_stress_year;low_response_year,wet,YCA2018_normal_grid_S0024,pareto_balanced,2018-07-02,183,20,15,"{""sim_day"": 20.0, ""doy"": 183.0, ""topwt"": 180.5506134033203, ""grnwt"": 0.0, ""xlai"": 0.3416858315467834, ""totir"": 0.0, ""tofer"": NaN, ""swfac"": 0.0, ""nstres"": 0.0}",0.0,0.0,180.5506134033203,0.0,0.3416858315467834,0.0,,0.0,0.0,30.0,225.0,11.311090087890634,23.31109008789064,Leave_One_experiments/all_year_offline_schedule_search/daily_outputs/YCA/YCA_2018_YCA2018_normal_grid_S0024_daily.csv
YCA,YCA,Yucheng,2018,Leave_One_experiments\wth_generated_qc\YCA\YCA2018.WTH,wet_year;nitrogen_stress_year;low_response_year,wet,YCA2018_normal_grid_S0024,pareto_balanced,2018-07-03,184,21,16,"{""sim_day"": 21.0, ""doy"": 184.0, ""topwt"": 220.68708419799805, ""grnwt"": 0.0, ""xlai"": 0.4327655732631683, ""totir"": 0.0, ""tofer"": NaN, ""swfac"": 0.0, ""nstres"": 0.0}",0.0,0.0,220.68708419799805,0.0,0.4327655732631683,0.0,,0.0,0.0,30.0,225.0,11.311090087890634,23.31109008789064,Leave_One_experiments/all_year_offline_schedule_search/daily_outputs/YCA/YCA_2018_YCA2018_normal_grid_S0024_daily.csv
YCA,YCA,Yucheng,2018,Leave_One_experiments\wth_generated_qc\YCA\YCA2018.WTH,wet_year;nitrogen_stress_year;low_response_year,wet,YCA2018_normal_grid_S0024,pareto_balanced,2018-07-04,185,22,17,"{""sim_day"": 22.0, ""doy"": 185.0, ""topwt"": 282.87572860717773, ""grnwt"": 0.0, ""xlai"": 0.532696545124054, ""totir"": 0.0, ""tofer"": NaN, ""swfac"": 0.0, ""nstres"": 0.0003511905670166}",0.0,0.0003511905670166,282.87572860717773,0.0,0.532696545124054,0.0,,0.0,0.0,30.0,225.0,11.311090087890634,23.31109008789064,Leave_One_experiments/all_year_offline_schedule_search/daily_outputs/YCA/YCA_2018_YCA2018_normal_grid_S0024_daily.csv
YCA,YCA,Yucheng,2018,Leave_One_experiments\wth_generated_qc\YCA\YCA2018.WTH,wet_year;nitrogen_stress_year;low_response_year,wet,YCA2018_normal_grid_S0024,pareto_balanced,2018-07-05,186,23,18,"{""sim_day"": 23.0, ""doy"": 186.0, ""topwt"": 361.4143371582031, ""grnwt"": 0.0, ""xlai"": 0.6521826386451721, ""totir"": 0.0, ""tofer"": NaN, ""swfac"": 0.0, ""nstres"": 0.0}",0.0,0.0,361.4143371582031,0.0,0.6521826386451721,0.0,,0.0,0.0,30.0,225.0,11.311090087890634,23.31109008789064,Leave_One_experiments/all_year_offline_schedule_search/daily_outputs/YCA/YCA_2018_YCA2018_normal_grid_S0024_daily.csv
YCA,YCA,Yucheng,2018,Leave_One_experiments\wth_generated_qc\YCA\YCA2018.WTH,wet_year;nitrogen_stress_year;low_response_year,wet,YCA2018_normal_grid_S0024,pareto_balanced,2018-07-06,187,24,19,"{""sim_day"": 24.0, ""doy"": 187.0, ""topwt"": 450.9064102172852, ""grnwt"": 0.0, ""xlai"": 0.7815247774124146, ""totir"": 0.0, ""tofer"": NaN, ""swfac"": 0.0, ""nstres"": 0.0}",0.0,0.0,450.9064102172852,0.0,0.7815247774124146,0.0,,0.0,0.0,30.0,225.0,11.311090087890634,23.31109008789064,Leave_One_experiments/all_year_offline_schedule_search/daily_outputs/YCA/YCA_2018_YCA2018_normal_grid_S0024_daily.csv
YCA,YCA,Yucheng,2018,Leave_One_experiments\wth_generated_qc\YCA\YCA2018.WTH,wet_year;nitrogen_stress_year;low_response_year,wet,YCA2018_normal_grid_S0024,pareto_balanced,2018-07-07,188,25,20,"{""sim_day"": 25.0, ""doy"": 188.0, ""topwt"": 510.582275390625, ""grnwt"": 0.0, ""xlai"": 0.8642523288726807, ""totir"": 0.0, ""tofer"": NaN, ""swfac"": 0.0, ""nstres"": 0.0}",0.0,0.0,510.582275390625,0.0,0.8642523288726807,0.0,,0.0,0.0,30.0,225.0,11.311090087890634,23.31109008789064,Leave_One_experiments/all_year_offline_schedule_search/daily_outputs/YCA/YCA_2018_YCA2018_normal_grid_S0024_daily.csv
YCA,YCA,Yucheng,2018,Leave_One_experiments\wth_generated_qc\YCA\YCA2018.WTH,wet_year;nitrogen_stress_year;low_response_year,wet,YCA2018_normal_grid_S0024,pareto_balanced,2018-07-08,189,26,21,"{""sim_day"": 26.0, ""doy"": 189.0, ""topwt"": 579.4990921020508, ""grnwt"": 0.0, ""xlai"": 0.9571927785873412, ""totir"": 0.0, ""tofer"": NaN, ""swfac"": 0.0, ""nstres"": 0.0}",0.0,0.0,579.4990921020508,0.0,0.9571927785873412,0.0,,0.0,0.0,30.0,225.0,11.311090087890634,23.31109008789064,Leave_One_experiments/all_year_offline_schedule_search/daily_outputs/YCA/YCA_2018_YCA2018_normal_grid_S0024_daily.csv
YCA,YCA,Yucheng,2018,Leave_One_experiments\wth_generated_qc\YCA\YCA2018.WTH,wet_year;nitrogen_stress_year;low_response_year,wet,YCA2018_normal_grid_S0024,pareto_balanced,2018-07-09,190,27,22,"{""sim_day"": 27.0, ""doy"": 190.0, ""topwt"": 679.3754577636719, ""grnwt"": 0.0, ""xlai"": 1.0854976177215576, ""totir"": 0.0, ""tofer"": NaN, ""swfac"": 0.0, ""nstres"": 0.0}",0.0,0.0,679.3754577636719,0.0,1.0854976177215576,0.0,,0.0,0.0,30.0,225.0,11.311090087890634,23.31109008789064,Leave_One_experiments/all_year_offline_schedule_search/daily_outputs/YCA/YCA_2018_YCA2018_normal_grid_S0024_daily.csv
YCA,YCA,Yucheng,2018,Leave_One_experiments\wth_generated_qc\YCA\YCA2018.WTH,wet_year;nitrogen_stress_year;low_response_year,wet,YCA2018_normal_grid_S0024,pareto_balanced,2018-07-10,191,28,23,"{""sim_day"": 28.0, ""doy"": 191.0, ""topwt"": 797.5574493408203, ""grnwt"": 0.0, ""xlai"": 1.2395164966583252, ""totir"": 0.0, ""tofer"": NaN, ""swfac"": 0.0, ""nstres"": 0.0}",0.0,0.0,797.5574493408203,0.0,1.2395164966583252,0.0,,0.0,0.0,30.0,225.0,11.311090087890634,23.31109008789064,Leave_One_experiments/all_year_offline_schedule_search/daily_outputs/YCA/YCA_2018_YCA2018_normal_grid_S0024_daily.csv
YCA,YCA,Yucheng,2018,Leave_One_experiments\wth_generated_qc\YCA\YCA2018.WTH,wet_year;nitrogen_stress_year;low_response_year,wet,YCA2018_normal_grid_S0024,pareto_balanced,2018-07-11,192,29,24,"{""sim_day"": 29.0, ""doy"": 192.0, ""topwt"": 963.818130493164, ""grnwt"": 0.0, ""xlai"": 1.4441275596618652, ""totir"": 0.0, ""tofer"": NaN, ""swfac"": 0.0, ""nstres"": 0.0}",0.0,0.0,963.818130493164,0.0,1.4441275596618652,0.0,,0.0,0.0,30.0,225.0,11.311090087890634,23.31109008789064,Leave_One_experiments/all_year_offline_schedule_search/daily_outputs/YCA/YCA_2018_YCA2018_normal_grid_S0024_daily.csv
YCA,YCA,Yucheng,2018,Leave_One_experiments\wth_generated_qc\YCA\YCA2018.WTH,wet_year;nitrogen_stress_year;low_response_year,wet,YCA2018_normal_grid_S0024,pareto_balanced,2018-07-12,193,30,25,"{""sim_day"": 30.0, ""doy"": 193.0, ""topwt"": 1069.7716522216797, ""grnwt"": 0.0, ""xlai"": 1.567072868347168, ""totir"": 0.0, ""tofer"": NaN, ""swfac"": 0.0, ""nstres"": 0.0}",0.0,0.0,1069.7716522216797,0.0,1.567072868347168,0.0,,0.0,0.0,30.0,225.0,11.311090087890634,23.31109008789064,Leave_One_experiments/all_year_offline_schedule_search/daily_outputs/YCA/YCA_2018_YCA2018_normal_grid_S0024_daily.csv
YCA,YCA,Yucheng,2018,Leave_One_experiments\wth_generated_qc\YCA\YCA2018.WTH,wet_year;nitrogen_stress_year;low_response_year,wet,YCA2018_normal_grid_S0024,pareto_balanced,2018-07-13,194,31,26,"{""sim_day"": 31.0, ""doy"": 194.0, ""topwt"": 1256.8185424804688, ""grnwt"": 0.0, ""xlai"": 1.7705942392349243, ""totir"": 0.0, ""tofer"": NaN, ""swfac"": 0.0, ""nstres"": 0.0}",0.0,0.0,1256.8185424804688,0.0,1.7705942392349243,0.0,,0.0,0.0,30.0,225.0,11.311090087890634,23.31109008789064,Leave_One_experiments/all_year_offline_schedule_search/daily_outputs/YCA/YCA_2018_YCA2018_normal_grid_S0024_daily.csv
YCA,YCA,Yucheng,2018,Leave_One_experiments\wth_generated_qc\YCA\YCA2018.WTH,wet_year;nitrogen_stress_year;low_response_year,wet,YCA2018_normal_grid_S0024,pareto_balanced,2018-07-14,195,32,27,"{""sim_day"": 32.0, ""doy"": 195.0, ""topwt"": 1451.4854431152344, ""grnwt"": 0.0, ""xlai"": 1.9668587446212769, ""totir"": 0.0, ""tofer"": NaN, ""swfac"": 0.0, ""nstres"": 0.0}",0.0,0.0,1451.4854431152344,0.0,1.9668587446212769,0.0,,0.0,0.0,30.0,225.0,11.311090087890634,23.31109008789064,Leave_One_experiments/all_year_offline_schedule_search/daily_outputs/YCA/YCA_2018_YCA2018_normal_grid_S0024_daily.csv
YCA,YCA,Yucheng,2018,Leave_One_experiments\wth_generated_qc\YCA\YCA2018.WTH,wet_year;nitrogen_stress_year;low_response_year,wet,YCA2018_normal_grid_S0024,pareto_balanced,2018-07-15,196,33,28,"{""sim_day"": 33.0, ""doy"": 196.0, ""topwt"": 1691.9448852539062, ""grnwt"": 0.0, ""xlai"": 2.1896255016326904, ""totir"": 0.0, ""tofer"": NaN, ""swfac"": 0.0, ""nstres"": 0.0}",0.0,0.0,1691.9448852539062,0.0,2.1896255016326904,0.0,,0.0,0.0,30.0,225.0,11.311090087890634,23.31109008789064,Leave_One_experiments/all_year_offline_schedule_search/daily_outputs/YCA/YCA_2018_YCA2018_normal_grid_S0024_daily.csv
YCA,YCA,Yucheng,2018,Leave_One_experiments\wth_generated_qc\YCA\YCA2018.WTH,wet_year;nitrogen_stress_year;low_response_year,wet,YCA2018_normal_grid_S0024,pareto_balanced,2018-07-16,197,34,29,"{""sim_day"": 34.0, ""doy"": 197.0, ""topwt"": 1953.839263916016, ""grnwt"": 0.0, ""xlai"": 2.4115569591522217, ""totir"": 0.0, ""tofer"": NaN, ""swfac"": 0.0, ""nstres"": 0.0}",0.0,0.0,1953.839263916016,0.0,2.4115569591522217,0.0,,0.0,0.0,30.0,225.0,11.311090087890634,23.31109008789064,Leave_One_experiments/all_year_offline_schedule_search/daily_outputs/YCA/YCA_2018_YCA2018_normal_grid_S0024_daily.csv
YCA,YCA,Yucheng,2018,Leave_One_experiments\wth_generated_qc\YCA\YCA2018.WTH,wet_year;nitrogen_stress_year;low_response_year,wet,YCA2018_normal_grid_S0024,pareto_balanced,2018-07-17,198,35,30,"{""sim_day"": 35.0, ""doy"": 198.0, ""topwt"": 2205.8277893066406, ""grnwt"": 0.0, ""xlai"": 2.606862783432007, ""totir"": 0.0, ""tofer"": NaN, ""swfac"": 0.0, ""nstres"": 0.0}",0.0,0.0,2205.8277893066406,0.0,2.606862783432007,0.0,,0.0,75.0,30.0,225.0,11.311090087890634,23.31109008789064,Leave_One_experiments/all_year_offline_schedule_search/daily_outputs/YCA/YCA_2018_YCA2018_normal_grid_S0024_daily.csv
YCA,YCA,Yucheng,2018,Leave_One_experiments\wth_generated_qc\YCA\YCA2018.WTH,wet_year;nitrogen_stress_year;low_response_year,wet,YCA2018_normal_grid_S0024,pareto_balanced,2018-07-18,199,36,31,"{""sim_day"": 36.0, ""doy"": 199.0, ""topwt"": 2531.091766357422, ""grnwt"": 0.0, ""xlai"": 2.836284637451172, ""totir"": 0.0, ""tofer"": NaN, ""swfac"": 0.0, ""nstres"": 0.0}",0.0,0.0,2531.091766357422,0.0,2.836284637451172,0.0,,0.0,0.0,30.0,225.0,11.311090087890634,23.31109008789064,Leave_One_experiments/all_year_offline_schedule_search/daily_outputs/YCA/YCA_2018_YCA2018_normal_grid_S0024_daily.csv
YCA,YCA,Yucheng,2018,Leave_One_experiments\wth_generated_qc\YCA\YCA2018.WTH,wet_year;nitrogen_stress_year;low_response_year,wet,YCA2018_normal_grid_S0024,pareto_balanced,2018-07-19,200,37,32,"{""sim_day"": 37.0, ""doy"": 200.0, ""topwt"": 2879.790954589844, ""grnwt"": 0.0, ""xlai"": 3.060002565383911, ""totir"": 0.0, ""tofer"": NaN, ""swfac"": 0.0, ""nstres"": 0.0}",0.0,0.0,2879.790954589844,0.0,3.060002565383911,0.0,,0.0,0.0,30.0,225.0,11.311090087890634,23.31109008789064,Leave_One_experiments/all_year_offline_schedule_search/daily_outputs/YCA/YCA_2018_YCA2018_normal_grid_S0024_daily.csv
YCA,YCA,Yucheng,2018,Leave_One_experiments\wth_generated_qc\YCA\YCA2018.WTH,wet_year;nitrogen_stress_year;low_response_year,wet,YCA2018_normal_grid_S0024,pareto_balanced,2018-07-20,201,38,33,"{""sim_day"": 38.0, ""doy"": 201.0, ""topwt"": 3265.0714111328125, ""grnwt"": 0.0, ""xlai"": 3.28464412689209, ""totir"": 0.0, ""tofer"": NaN, ""swfac"": 0.0, ""nstres"": 0.0}",0.0,0.0,3265.0714111328125,0.0,3.28464412689209,0.0,,0.0,0.0,30.0,225.0,11.311090087890634,23.31109008789064,Leave_One_experiments/all_year_offline_schedule_search/daily_outputs/YCA/YCA_2018_YCA2018_normal_grid_S0024_daily.csv
YCA,YCA,Yucheng,2018,Leave_One_experiments\wth_generated_qc\YCA\YCA2018.WTH,wet_year;nitrogen_stress_year;low_response_year,wet,YCA2018_normal_grid_S0024,pareto_balanced,2018-07-21,202,39,34,"{""sim_day"": 39.0, ""doy"": 202.0, ""topwt"": 3671.489562988281, ""grnwt"": 0.0, ""xlai"": 3.50089168548584, ""totir"": 0.0, ""tofer"": NaN, ""swfac"": 0.0, ""nstres"": 0.0}",0.0,0.0,3671.489562988281,0.0,3.50089168548584,0.0,,0.0,0.0,30.0,225.0,11.311090087890634,23.31109008789064,Leave_One_experiments/all_year_offline_schedule_search/daily_outputs/YCA/YCA_2018_YCA2018_normal_grid_S0024_daily.csv
YCA,YCA,Yucheng,2018,Leave_One_experiments\wth_generated_qc\YCA\YCA2018.WTH,wet_year;nitrogen_stress_year;low_response_year,wet,YCA2018_normal_grid_S0024,pareto_balanced,2018-07-22,203,40,35,"{""sim_day"": 40.0, ""doy"": 203.0, ""topwt"": 4010.639343261719, ""grnwt"": 0.0, ""xlai"": 3.6667017936706543, ""totir"": 30.0, ""tofer"": NaN, ""swfac"": 0.0, ""nstres"": 0.0}",0.0,0.0,4010.639343261719,0.0,3.6667017936706543,30.0,,30.0,0.0,30.0,225.0,11.311090087890634,23.31109008789064,Leave_One_experiments/all_year_offline_schedule_search/daily_outputs/YCA/YCA_2018_YCA2018_normal_grid_S0024_daily.csv
YCA,YCA,Yucheng,2018,Leave_One_experiments\wth_generated_qc\YCA\YCA2018.WTH,wet_year;nitrogen_stress_year;low_response_year,wet,YCA2018_normal_grid_S0024,pareto_balanced,2018-07-23,204,41,36,"{""sim_day"": 41.0, ""doy"": 204.0, ""topwt"": 4429.833984375, ""grnwt"": 0.0, ""xlai"": 3.854878425598145, ""totir"": 30.0, ""tofer"": NaN, ""swfac"": 0.0, ""nstres"": 0.0}",0.0,0.0,4429.833984375,0.0,3.854878425598145,30.0,,0.0,0.0,30.0,225.0,11.311090087890634,23.31109008789064,Leave_One_experiments/all_year_offline_schedule_search/daily_outputs/YCA/YCA_2018_YCA2018_normal_grid_S0024_daily.csv
YCA,YCA,Yucheng,2018,Leave_One_experiments\wth_generated_qc\YCA\YCA2018.WTH,wet_year;nitrogen_stress_year;low_response_year,wet,YCA2018_normal_grid_S0024,pareto_balanced,2018-07-24,205,42,37,"{""sim_day"": 42.0, ""doy"": 205.0, ""topwt"": 4864.244995117188, ""grnwt"": 0.0, ""xlai"": 4.032890796661377, ""totir"": 30.0, ""tofer"": NaN, ""swfac"": 0.0, ""nstres"": 0.0}",0.0,0.0,4864.244995117188,0.0,4.032890796661377,30.0,,0.0,0.0,30.0,225.0,11.311090087890634,23.31109008789064,Leave_One_experiments/all_year_offline_schedule_search/daily_outputs/YCA/YCA_2018_YCA2018_normal_grid_S0024_daily.csv
YCA,YCA,Yucheng,2018,Leave_One_experiments\wth_generated_qc\YCA\YCA2018.WTH,wet_year;nitrogen_stress_year;low_response_year,wet,YCA2018_normal_grid_S0024,pareto_balanced,2018-07-25,206,43,38,"{""sim_day"": 43.0, ""doy"": 206.0, ""topwt"": 5275.111083984375, ""grnwt"": 0.0, ""xlai"": 4.258788585662842, ""totir"": 30.0, ""tofer"": NaN, ""swfac"": 0.0, ""nstres"": 0.0}",0.0,0.0,5275.111083984375,0.0,4.258788585662842,30.0,,0.0,0.0,30.0,225.0,11.311090087890634,23.31109008789064,Leave_One_experiments/all_year_offline_schedule_search/daily_outputs/YCA/YCA_2018_YCA2018_normal_grid_S0024_daily.csv
YCA,YCA,Yucheng,2018,Leave_One_experiments\wth_generated_qc\YCA\YCA2018.WTH,wet_year;nitrogen_stress_year;low_response_year,wet,YCA2018_normal_grid_S0024,pareto_balanced,2018-07-26,207,44,39,"{""sim_day"": 44.0, ""doy"": 207.0, ""topwt"": 5470.220947265625, ""grnwt"": 0.0, ""xlai"": 4.330794334411621, ""totir"": 30.0, ""tofer"": NaN, ""swfac"": 0.0, ""nstres"": 0.0}",0.0,0.0,5470.220947265625,0.0,4.330794334411621,30.0,,0.0,0.0,30.0,225.0,11.311090087890634,23.31109008789064,Leave_One_experiments/all_year_offline_schedule_search/daily_outputs/YCA/YCA_2018_YCA2018_normal_grid_S0024_daily.csv
YCA,YCA,Yucheng,2018,Leave_One_experiments\wth_generated_qc\YCA\YCA2018.WTH,wet_year;nitrogen_stress_year;low_response_year,wet,YCA2018_normal_grid_S0024,pareto_balanced,2018-07-27,208,45,40,"{""sim_day"": 45.0, ""doy"": 208.0, ""topwt"": 5818.155517578125, ""grnwt"": 0.0, ""xlai"": 4.44204044342041, ""totir"": 30.0, ""tofer"": NaN, ""swfac"": 0.0, ""nstres"": 0.0}",0.0,0.0,5818.155517578125,0.0,4.44204044342041,30.0,,0.0,0.0,30.0,225.0,11.311090087890634,23.31109008789064,Leave_One_experiments/all_year_offline_schedule_search/daily_outputs/YCA/YCA_2018_YCA2018_normal_grid_S0024_daily.csv
YCA,YCA,Yucheng,2018,Leave_One_experiments\wth_generated_qc\YCA\YCA2018.WTH,wet_year;nitrogen_stress_year;low_response_year,wet,YCA2018_normal_grid_S0024,pareto_balanced,2018-07-28,209,46,41,"{""sim_day"": 46.0, ""doy"": 209.0, ""topwt"": 6123.21533203125, ""grnwt"": 0.0, ""xlai"": 4.522002696990967, ""totir"": 30.0, ""tofer"": NaN, ""swfac"": 0.0, ""nstres"": 0.0}",0.0,0.0,6123.21533203125,0.0,4.522002696990967,30.0,,0.0,0.0,30.0,225.0,11.311090087890634,23.31109008789064,Leave_One_experiments/all_year_offline_schedule_search/daily_outputs/YCA/YCA_2018_YCA2018_normal_grid_S0024_daily.csv
YCA,YCA,Yucheng,2018,Leave_One_experiments\wth_generated_qc\YCA\YCA2018.WTH,wet_year;nitrogen_stress_year;low_response_year,wet,YCA2018_normal_grid_S0024,pareto_balanced,2018-07-29,210,47,42,"{""sim_day"": 47.0, ""doy"": 210.0, ""topwt"": 6515.8673095703125, ""grnwt"": 0.0, ""xlai"": 4.6158127784729, ""totir"": 30.0, ""tofer"": NaN, ""swfac"": 0.0, ""nstres"": 0.0}",0.0,0.0,6515.8673095703125,0.0,4.6158127784729,30.0,,0.0,0.0,30.0,225.0,11.311090087890634,23.31109008789064,Leave_One_experiments/all_year_offline_schedule_search/daily_outputs/YCA/YCA_2018_YCA2018_normal_grid_S0024_daily.csv
YCA,YCA,Yucheng,2018,Leave_One_experiments\wth_generated_qc\YCA\YCA2018.WTH,wet_year;nitrogen_stress_year;low_response_year,wet,YCA2018_normal_grid_S0024,pareto_balanced,2018-07-30,211,48,43,"{""sim_day"": 48.0, ""doy"": 211.0, ""topwt"": 6957.7923583984375, ""grnwt"": 0.0, ""xlai"": 4.710702419281006, ""totir"": 30.0, ""tofer"": NaN, ""swfac"": 0.0, ""nstres"": 0.0}",0.0,0.0,6957.7923583984375,0.0,4.710702419281006,30.0,,0.0,0.0,30.0,225.0,11.311090087890634,23.31109008789064,Leave_One_experiments/all_year_offline_schedule_search/daily_outputs/YCA/YCA_2018_YCA2018_normal_grid_S0024_daily.csv
YCA,YCA,Yucheng,2018,Leave_One_experiments\wth_generated_qc\YCA\YCA2018.WTH,wet_year;nitrogen_stress_year;low_response_year,wet,YCA2018_normal_grid_S0024,pareto_balanced,2018-07-31,212,49,44,"{""sim_day"": 49.0, ""doy"": 212.0, ""topwt"": 7404.6136474609375, ""grnwt"": 0.0, ""xlai"": 4.79513692855835, ""totir"": 30.0, ""tofer"": NaN, ""swfac"": 0.0, ""nstres"": 0.0}",0.0,0.0,7404.6136474609375,0.0,4.79513692855835,30.0,,0.0,0.0,30.0,225.0,11.311090087890634,23.31109008789064,Leave_One_experiments/all_year_offline_schedule_search/daily_outputs/YCA/YCA_2018_YCA2018_normal_grid_S0024_daily.csv
YCA,YCA,Yucheng,2018,Leave_One_experiments\wth_generated_qc\YCA\YCA2018.WTH,wet_year;nitrogen_stress_year;low_response_year,wet,YCA2018_normal_grid_S0024,pareto_balanced,2018-08-01,213,50,45,"{""sim_day"": 50.0, ""doy"": 213.0, ""topwt"": 7819.38232421875, ""grnwt"": 0.0, ""xlai"": 4.861968517303467, ""totir"": 30.0, ""tofer"": NaN, ""swfac"": 0.0, ""nstres"": 0.0150392055511474}",0.0,0.0150392055511474,7819.38232421875,0.0,4.861968517303467,30.0,,0.0,0.0,30.0,225.0,11.311090087890634,23.31109008789064,Leave_One_experiments/all_year_offline_schedule_search/daily_outputs/YCA/YCA_2018_YCA2018_normal_grid_S0024_daily.csv
YCA,YCA,Yucheng,2018,Leave_One_experiments\wth_generated_qc\YCA\YCA2018.WTH,wet_year;nitrogen_stress_year;low_response_year,wet,YCA2018_normal_grid_S0024,pareto_balanced,2018-08-02,214,51,46,"{""sim_day"": 51.0, ""doy"": 214.0, ""topwt"": 8200.336303710938, ""grnwt"": 0.0, ""xlai"": 4.917646408081055, ""totir"": 30.0, ""tofer"": NaN, ""swfac"": 0.0, ""nstres"": 0.0296478271484375}",0.0,0.0296478271484375,8200.336303710938,0.0,4.917646408081055,30.0,,0.0,0.0,30.0,225.0,11.311090087890634,23.31109008789064,Leave_One_experiments/all_year_offline_schedule_search/daily_outputs/YCA/YCA_2018_YCA2018_normal_grid_S0024_daily.csv
YCA,YCA,Yucheng,2018,Leave_One_experiments\wth_generated_qc\YCA\YCA2018.WTH,wet_year;nitrogen_stress_year;low_response_year,wet,YCA2018_normal_grid_S0024,pareto_balanced,2018-08-03,215,52,47,"{""sim_day"": 52.0, ""doy"": 215.0, ""topwt"": 8615.748901367188, ""grnwt"": 0.0, ""xlai"": 4.97869348526001, ""totir"": 30.0, ""tofer"": NaN, ""swfac"": 0.0, ""nstres"": 0.0394601225852966}",0.0,0.0394601225852966,8615.748901367188,0.0,4.97869348526001,30.0,,0.0,0.0,30.0,225.0,11.311090087890634,23.31109008789064,Leave_One_experiments/all_year_offline_schedule_search/daily_outputs/YCA/YCA_2018_YCA2018_normal_grid_S0024_daily.csv
YCA,YCA,Yucheng,2018,Leave_One_experiments\wth_generated_qc\YCA\YCA2018.WTH,wet_year;nitrogen_stress_year;low_response_year,wet,YCA2018_normal_grid_S0024,pareto_balanced,2018-08-04,216,53,48,"{""sim_day"": 53.0, ""doy"": 216.0, ""topwt"": 8927.274169921875, ""grnwt"": 0.0, ""xlai"": 5.012333869934082, ""totir"": 30.0, ""tofer"": NaN, ""swfac"": 0.0, ""nstres"": 0.0453420877456665}",0.0,0.0453420877456665,8927.274169921875,0.0,5.012333869934082,30.0,,0.0,0.0,30.0,225.0,11.311090087890634,23.31109008789064,Leave_One_experiments/all_year_offline_schedule_search/daily_outputs/YCA/YCA_2018_YCA2018_normal_grid_S0024_daily.csv
YCA,YCA,Yucheng,2018,Leave_One_experiments\wth_generated_qc\YCA\YCA2018.WTH,wet_year;nitrogen_stress_year;low_response_year,wet,YCA2018_normal_grid_S0024,pareto_balanced,2018-08-05,217,54,49,"{""sim_day"": 54.0, ""doy"": 217.0, ""topwt"": 9245.457153320312, ""grnwt"": 0.0, ""xlai"": 4.97174072265625, ""totir"": 30.0, ""tofer"": NaN, ""swfac"": 0.0, ""nstres"": 0.0479981899261474}",0.0,0.0479981899261474,9245.457153320312,0.0,4.97174072265625,30.0,,0.0,0.0,30.0,225.0,11.311090087890634,23.31109008789064,Leave_One_experiments/all_year_offline_schedule_search/daily_outputs/YCA/YCA_2018_YCA2018_normal_grid_S0024_daily.csv
YCA,YCA,Yucheng,2018,Leave_One_experiments\wth_generated_qc\YCA\YCA2018.WTH,wet_year;nitrogen_stress_year;low_response_year,wet,YCA2018_normal_grid_S0024,pareto_balanced,2018-08-06,218,55,50,"{""sim_day"": 55.0, ""doy"": 218.0, ""topwt"": 9540.523681640623, ""grnwt"": 0.0, ""xlai"": 4.933090686798096, ""totir"": 30.0, ""tofer"": NaN, ""swfac"": 0.0, ""nstres"": 0.0409761667251586}",0.0,0.0409761667251586,9540.523681640623,0.0,4.933090686798096,30.0,,0.0,0.0,30.0,225.0,11.311090087890634,23.31109008789064,Leave_One_experiments/all_year_offline_schedule_search/daily_outputs/YCA/YCA_2018_YCA2018_normal_grid_S0024_daily.csv
YCA,YCA,Yucheng,2018,Leave_One_experiments\wth_generated_qc\YCA\YCA2018.WTH,wet_year;nitrogen_stress_year;low_response_year,wet,YCA2018_normal_grid_S0024,pareto_balanced,2018-08-07,219,56,51,"{""sim_day"": 56.0, ""doy"": 219.0, ""topwt"": 9802.376708984377, ""grnwt"": 0.0, ""xlai"": 4.896266460418701, ""totir"": 30.0, ""tofer"": NaN, ""swfac"": 0.0, ""nstres"": 0.0315983295440673}",0.0,0.0315983295440673,9802.376708984377,0.0,4.896266460418701,30.0,,0.0,0.0,30.0,225.0,11.311090087890634,23.31109008789064,Leave_One_experiments/all_year_offline_schedule_search/daily_outputs/YCA/YCA_2018_YCA2018_normal_grid_S0024_daily.csv
YCA,YCA,Yucheng,2018,Leave_One_experiments\wth_generated_qc\YCA\YCA2018.WTH,wet_year;nitrogen_stress_year;low_response_year,wet,YCA2018_normal_grid_S0024,pareto_balanced,2018-08-08,220,57,52,"{""sim_day"": 57.0, ""doy"": 220.0, ""topwt"": 10013.897705078123, ""grnwt"": 0.0, ""xlai"": 4.861159801483154, ""totir"": 30.0, ""tofer"": NaN, ""swfac"": 0.0, ""nstres"": 0.0205896496772766}",0.0,0.0205896496772766,10013.897705078123,0.0,4.861159801483154,30.0,,0.0,0.0,30.0,225.0,11.311090087890634,23.31109008789064,Leave_One_experiments/all_year_offline_schedule_search/daily_outputs/YCA/YCA_2018_YCA2018_normal_grid_S0024_daily.csv
YCA,YCA,Yucheng,2018,Leave_One_experiments\wth_generated_qc\YCA\YCA2018.WTH,wet_year;nitrogen_stress_year;low_response_year,wet,YCA2018_normal_grid_S0024,pareto_balanced,2018-08-09,221,58,53,"{""sim_day"": 58.0, ""doy"": 221.0, ""topwt"": 10385.0048828125, ""grnwt"": 0.0, ""xlai"": 4.827670097351074, ""totir"": 30.0, ""tofer"": NaN, ""swfac"": 0.0, ""nstres"": 0.0071309804916381}",0.0,0.0071309804916381,10385.0048828125,0.0,4.827670097351074,30.0,,0.0,0.0,30.0,225.0,11.311090087890634,23.31109008789064,Leave_One_experiments/all_year_offline_schedule_search/daily_outputs/YCA/YCA_2018_YCA2018_normal_grid_S0024_daily.csv
YCA,YCA,Yucheng,2018,Leave_One_experiments\wth_generated_qc\YCA\YCA2018.WTH,wet_year;nitrogen_stress_year;low_response_year,wet,YCA2018_normal_grid_S0024,pareto_balanced,2018-08-10,222,59,54,"{""sim_day"": 59.0, ""doy"": 222.0, ""topwt"": 10731.199951171877, ""grnwt"": 0.0, ""xlai"": 4.795704364776611, ""totir"": 30.0, ""tofer"": NaN, ""swfac"": 0.0, ""nstres"": 0.0}",0.0,0.0,10731.199951171877,0.0,4.795704364776611,30.0,,0.0,0.0,30.0,225.0,11.311090087890634,23.31109008789064,Leave_One_experiments/all_year_offline_schedule_search/daily_outputs/YCA/YCA_2018_YCA2018_normal_grid_S0024_daily.csv
YCA,YCA,Yucheng,2018,Leave_One_experiments\wth_generated_qc\YCA\YCA2018.WTH,wet_year;nitrogen_stress_year;low_response_year,wet,YCA2018_normal_grid_S0024,pareto_balanced,2018-08-11,223,60,55,"{""sim_day"": 60.0, ""doy"": 223.0, ""topwt"": 11112.1875, ""grnwt"": 0.0, ""xlai"": 4.765176296234131, ""totir"": 30.0, ""tofer"": NaN, ""swfac"": 0.0, ""nstres"": 0.0}",0.0,0.0,11112.1875,0.0,4.765176296234131,30.0,,0.0,0.0,30.0,225.0,11.311090087890634,23.31109008789064,Leave_One_experiments/all_year_offline_schedule_search/daily_outputs/YCA/YCA_2018_YCA2018_normal_grid_S0024_daily.csv
YCA,YCA,Yucheng,2018,Leave_One_experiments\wth_generated_qc\YCA\YCA2018.WTH,wet_year;nitrogen_stress_year;low_response_year,wet,YCA2018_normal_grid_S0024,pareto_balanced,2018-08-12,224,61,56,"{""sim_day"": 61.0, ""doy"": 224.0, ""topwt"": 11309.442138671877, ""grnwt"": 0.0, ""xlai"": 4.736006736755371, ""totir"": 30.0, ""tofer"": NaN, ""swfac"": 0.0, ""nstres"": 0.0}",0.0,0.0,11309.442138671877,0.0,4.736006736755371,30.0,,0.0,0.0,30.0,225.0,11.311090087890634,23.31109008789064,Leave_One_experiments/all_year_offline_schedule_search/daily_outputs/YCA/YCA_2018_YCA2018_normal_grid_S0024_daily.csv
YCA,YCA,Yucheng,2018,Leave_One_experiments\wth_generated_qc\YCA\YCA2018.WTH,wet_year;nitrogen_stress_year;low_response_year,wet,YCA2018_normal_grid_S0024,pareto_balanced,2018-08-13,225,62,57,"{""sim_day"": 62.0, ""doy"": 225.0, ""topwt"": 11363.1396484375, ""grnwt"": 287.231502532959, ""xlai"": 4.708120822906494, ""totir"": 30.0, ""tofer"": NaN, ""swfac"": 0.0, ""nstres"": 0.0}",0.0,0.0,11363.1396484375,287.231502532959,4.708120822906494,30.0,,0.0,0.0,30.0,225.0,11.311090087890634,23.31109008789064,Leave_One_experiments/all_year_offline_schedule_search/daily_outputs/YCA/YCA_2018_YCA2018_normal_grid_S0024_daily.csv
YCA,YCA,Yucheng,2018,Leave_One_experiments\wth_generated_qc\YCA\YCA2018.WTH,wet_year;nitrogen_stress_year;low_response_year,wet,YCA2018_normal_grid_S0024,pareto_balanced,2018-08-14,226,63,58,"{""sim_day"": 63.0, ""doy"": 226.0, ""topwt"": 11707.48046875, ""grnwt"": 567.2821426391602, ""xlai"": 4.681449890136719, ""totir"": 30.0, ""tofer"": NaN, ""swfac"": 0.0, ""nstres"": 0.0}",0.0,0.0,11707.48046875,567.2821426391602,4.681449890136719,30.0,,0.0,0.0,30.0,225.0,11.311090087890634,23.31109008789064,Leave_One_experiments/all_year_offline_schedule_search/daily_outputs/YCA/YCA_2018_YCA2018_normal_grid_S0024_daily.csv
YCA,YCA,Yucheng,2018,Leave_One_experiments\wth_generated_qc\YCA\YCA2018.WTH,wet_year;nitrogen_stress_year;low_response_year,wet,YCA2018_normal_grid_S0024,pareto_balanced,2018-08-15,227,64,59,"{""sim_day"": 64.0, ""doy"": 227.0, ""topwt"": 12007.828369140623, ""grnwt"": 854.5137023925781, ""xlai"": 4.655928611755371, ""totir"": 30.0, ""tofer"": NaN, ""swfac"": 0.0, ""nstres"": 0.0}",0.0,0.0,12007.828369140623,854.5137023925781,4.655928611755371,30.0,,0.0,0.0,30.0,225.0,11.311090087890634,23.31109008789064,Leave_One_experiments/all_year_offline_schedule_search/daily_outputs/YCA/YCA_2018_YCA2018_normal_grid_S0024_daily.csv
YCA,YCA,Yucheng,2018,Leave_One_experiments\wth_generated_qc\YCA\YCA2018.WTH,wet_year;nitrogen_stress_year;low_response_year,wet,YCA2018_normal_grid_S0024,pareto_balanced,2018-08-16,228,65,60,"{""sim_day"": 65.0, ""doy"": 228.0, ""topwt"": 12387.40234375, ""grnwt"": 1141.745147705078, ""xlai"": 4.631496906280518, ""totir"": 30.0, ""tofer"": NaN, ""swfac"": 0.0, ""nstres"": 0.0}",0.0,0.0,12387.40234375,1141.745147705078,4.631496906280518,30.0,,0.0,75.0,30.0,225.0,11.311090087890634,23.31109008789064,Leave_One_experiments/all_year_offline_schedule_search/daily_outputs/YCA/YCA_2018_YCA2018_normal_grid_S0024_daily.csv
YCA,YCA,Yucheng,2018,Leave_One_experiments\wth_generated_qc\YCA\YCA2018.WTH,wet_year;nitrogen_stress_year;low_response_year,wet,YCA2018_normal_grid_S0024,pareto_balanced,2018-08-17,229,66,61,"{""sim_day"": 66.0, ""doy"": 229.0, ""topwt"": 12486.248779296877, ""grnwt"": 1428.976593017578, ""xlai"": 4.60809850692749, ""totir"": 30.0, ""tofer"": NaN, ""swfac"": 0.0, ""nstres"": 0.0}",0.0,0.0,12486.248779296877,1428.976593017578,4.60809850692749,30.0,,0.0,0.0,30.0,225.0,11.311090087890634,23.31109008789064,Leave_One_experiments/all_year_offline_schedule_search/daily_outputs/YCA/YCA_2018_YCA2018_normal_grid_S0024_daily.csv
YCA,YCA,Yucheng,2018,Leave_One_experiments\wth_generated_qc\YCA\YCA2018.WTH,wet_year;nitrogen_stress_year;low_response_year,wet,YCA2018_normal_grid_S0024,pareto_balanced,2018-08-18,230,67,62,"{""sim_day"": 67.0, ""doy"": 230.0, ""topwt"": 12519.176025390623, ""grnwt"": 1716.2081909179688, ""xlai"": 4.57769775390625, ""totir"": 30.0, ""tofer"": NaN, ""swfac"": 0.0, ""nstres"": 0.0}",0.0,0.0,12519.176025390623,1716.2081909179688,4.57769775390625,30.0,,0.0,0.0,30.0,225.0,11.311090087890634,23.31109008789064,Leave_One_experiments/all_year_offline_schedule_search/daily_outputs/YCA/YCA_2018_YCA2018_normal_grid_S0024_daily.csv
YCA,YCA,Yucheng,2018,Leave_One_experiments\wth_generated_qc\YCA\YCA2018.WTH,wet_year;nitrogen_stress_year;low_response_year,wet,YCA2018_normal_grid_S0024,pareto_balanced,2018-08-19,231,68,63,"{""sim_day"": 68.0, ""doy"": 231.0, ""topwt"": 12870.447998046877, ""grnwt"": 2003.4397888183596, ""xlai"": 4.536134719848633, ""totir"": 30.0, ""tofer"": NaN, ""swfac"": 0.0, ""nstres"": 0.0}",0.0,0.0,12870.447998046877,2003.4397888183596,4.536134719848633,30.0,,0.0,0.0,30.0,225.0,11.311090087890634,23.31109008789064,Leave_One_experiments/all_year_offline_schedule_search/daily_outputs/YCA/YCA_2018_YCA2018_normal_grid_S0024_daily.csv
YCA,YCA,Yucheng,2018,Leave_One_experiments\wth_generated_qc\YCA\YCA2018.WTH,wet_year;nitrogen_stress_year;low_response_year,wet,YCA2018_normal_grid_S0024,pareto_balanced,2018-08-20,232,69,64,"{""sim_day"": 69.0, ""doy"": 232.0, ""topwt"": 13228.642578125, ""grnwt"": 2290.67138671875, ""xlai"": 4.489026069641113, ""totir"": 30.0, ""tofer"": NaN, ""swfac"": 0.0, ""nstres"": 0.0}",0.0,0.0,13228.642578125,2290.67138671875,4.489026069641113,30.0,,0.0,0.0,30.0,225.0,11.311090087890634,23.31109008789064,Leave_One_experiments/all_year_offline_schedule_search/daily_outputs/YCA/YCA_2018_YCA2018_normal_grid_S0024_daily.csv
YCA,YCA,Yucheng,2018,Leave_One_experiments\wth_generated_qc\YCA\YCA2018.WTH,wet_year;nitrogen_stress_year;low_response_year,wet,YCA2018_normal_grid_S0024,pareto_balanced,2018-08-21,233,70,65,"{""sim_day"": 70.0, ""doy"": 233.0, ""topwt"": 13431.622314453123, ""grnwt"": 2577.90283203125, ""xlai"": 4.436515331268311, ""totir"": 30.0, ""tofer"": NaN, ""swfac"": 0.0, ""nstres"": 0.0}",0.0,0.0,13431.622314453123,2577.90283203125,4.436515331268311,30.0,,0.0,0.0,30.0,225.0,11.311090087890634,23.31109008789064,Leave_One_experiments/all_year_offline_schedule_search/daily_outputs/YCA/YCA_2018_YCA2018_normal_grid_S0024_daily.csv
YCA,YCA,Yucheng,2018,Leave_One_experiments\wth_generated_qc\YCA\YCA2018.WTH,wet_year;nitrogen_stress_year;low_response_year,wet,YCA2018_normal_grid_S0024,pareto_balanced,2018-08-22,234,71,66,"{""sim_day"": 71.0, ""doy"": 234.0, ""topwt"": 13801.405029296877, ""grnwt"": 2865.1345825195312, ""xlai"": 4.377432346343994, ""totir"": 30.0, ""tofer"": NaN, ""swfac"": 0.0, ""nstres"": 0.0}",0.0,0.0,13801.405029296877,2865.1345825195312,4.377432346343994,30.0,,0.0,0.0,30.0,225.0,11.311090087890634,23.31109008789064,Leave_One_experiments/all_year_offline_schedule_search/daily_outputs/YCA/YCA_2018_YCA2018_normal_grid_S0024_daily.csv
YCA,YCA,Yucheng,2018,Leave_One_experiments\wth_generated_qc\YCA\YCA2018.WTH,wet_year;nitrogen_stress_year;low_response_year,wet,YCA2018_normal_grid_S0024,pareto_balanced,2018-08-23,235,72,67,"{""sim_day"": 72.0, ""doy"": 235.0, ""topwt"": 14182.984619140623, ""grnwt"": 3152.3660278320312, ""xlai"": 4.3158392906188965, ""totir"": 30.0, ""tofer"": NaN, ""swfac"": 0.0, ""nstres"": 0.0}",0.0,0.0,14182.984619140623,3152.3660278320312,4.3158392906188965,30.0,,0.0,0.0,30.0,225.0,11.311090087890634,23.31109008789064,Leave_One_experiments/all_year_offline_schedule_search/daily_outputs/YCA/YCA_2018_YCA2018_normal_grid_S0024_daily.csv
YCA,YCA,Yucheng,2018,Leave_One_experiments\wth_generated_qc\YCA\YCA2018.WTH,wet_year;nitrogen_stress_year;low_response_year,wet,YCA2018_normal_grid_S0024,pareto_balanced,2018-08-24,236,73,68,"{""sim_day"": 73.0, ""doy"": 236.0, ""topwt"": 14569.13330078125, ""grnwt"": 3439.5974731445312, ""xlai"": 4.247246265411377, ""totir"": 30.0, ""tofer"": NaN, ""swfac"": 0.0, ""nstres"": 0.0}",0.0,0.0,14569.13330078125,3439.5974731445312,4.247246265411377,30.0,,0.0,0.0,30.0,225.0,11.311090087890634,23.31109008789064,Leave_One_experiments/all_year_offline_schedule_search/daily_outputs/YCA/YCA_2018_YCA2018_normal_grid_S0024_daily.csv
YCA,YCA,Yucheng,2018,Leave_One_experiments\wth_generated_qc\YCA\YCA2018.WTH,wet_year;nitrogen_stress_year;low_response_year,wet,YCA2018_normal_grid_S0024,pareto_balanced,2018-08-25,237,74,69,"{""sim_day"": 74.0, ""doy"": 237.0, ""topwt"": 14926.197509765623, ""grnwt"": 3726.829223632813, ""xlai"": 4.164769172668457, ""totir"": 30.0, ""tofer"": NaN, ""swfac"": 0.0, ""nstres"": 0.0}",0.0,0.0,14926.197509765623,3726.829223632813,4.164769172668457,30.0,,0.0,0.0,30.0,225.0,11.311090087890634,23.31109008789064,Leave_One_experiments/all_year_offline_schedule_search/daily_outputs/YCA/YCA_2018_YCA2018_normal_grid_S0024_daily.csv
YCA,YCA,Yucheng,2018,Leave_One_experiments\wth_generated_qc\YCA\YCA2018.WTH,wet_year;nitrogen_stress_year;low_response_year,wet,YCA2018_normal_grid_S0024,pareto_balanced,2018-08-26,238,75,70,"{""sim_day"": 75.0, ""doy"": 238.0, ""topwt"": 15305.863037109377, ""grnwt"": 4014.060668945313, ""xlai"": 4.081223964691162, ""totir"": 30.0, ""tofer"": NaN, ""swfac"": 0.0, ""nstres"": 0.0}",0.0,0.0,15305.863037109377,4014.060668945313,4.081223964691162,30.0,,0.0,0.0,30.0,225.0,11.311090087890634,23.31109008789064,Leave_One_experiments/all_year_offline_schedule_search/daily_outputs/YCA/YCA_2018_YCA2018_normal_grid_S0024_daily.csv
YCA,YCA,Yucheng,2018,Leave_One_experiments\wth_generated_qc\YCA\YCA2018.WTH,wet_year;nitrogen_stress_year;low_response_year,wet,YCA2018_normal_grid_S0024,pareto_balanced,2018-08-27,239,76,71,"{""sim_day"": 76.0, ""doy"": 239.0, ""topwt"": 15590.986328125, ""grnwt"": 4281.545104980469, ""xlai"": 3.979440927505493, ""totir"": 30.0, ""tofer"": NaN, ""swfac"": 0.0, ""nstres"": 0.0}",0.0,0.0,15590.986328125,4281.545104980469,3.979440927505493,30.0,,0.0,0.0,30.0,225.0,11.311090087890634,23.31109008789064,Leave_One_experiments/all_year_offline_schedule_search/daily_outputs/YCA/YCA_2018_YCA2018_normal_grid_S0024_daily.csv
YCA,YCA,Yucheng,2018,Leave_One_experiments\wth_generated_qc\YCA\YCA2018.WTH,wet_year;nitrogen_stress_year;low_response_year,wet,YCA2018_normal_grid_S0024,pareto_balanced,2018-08-28,240,77,72,"{""sim_day"": 77.0, ""doy"": 240.0, ""topwt"": 15842.314453125, ""grnwt"": 4532.872314453125, ""xlai"": 3.8653721809387207, ""totir"": 30.0, ""tofer"": NaN, ""swfac"": 0.0, ""nstres"": 0.0}",0.0,0.0,15842.314453125,4532.872314453125,3.8653721809387207,30.0,,0.0,0.0,30.0,225.0,11.311090087890634,23.31109008789064,Leave_One_experiments/all_year_offline_schedule_search/daily_outputs/YCA/YCA_2018_YCA2018_normal_grid_S0024_daily.csv
YCA,YCA,Yucheng,2018,Leave_One_experiments\wth_generated_qc\YCA\YCA2018.WTH,wet_year;nitrogen_stress_year;low_response_year,wet,YCA2018_normal_grid_S0024,pareto_balanced,2018-08-29,241,78,73,"{""sim_day"": 78.0, ""doy"": 241.0, ""topwt"": 15978.212890625, ""grnwt"": 4820.103759765625, ""xlai"": 3.761766195297241, ""totir"": 30.0, ""tofer"": NaN, ""swfac"": 0.0, ""nstres"": 0.0}",0.0,0.0,15978.212890625,4820.103759765625,3.761766195297241,30.0,,0.0,0.0,30.0,225.0,11.311090087890634,23.31109008789064,Leave_One_experiments/all_year_offline_schedule_search/daily_outputs/YCA/YCA_2018_YCA2018_normal_grid_S0024_daily.csv
YCA,YCA,Yucheng,2018,Leave_One_experiments\wth_generated_qc\YCA\YCA2018.WTH,wet_year;nitrogen_stress_year;low_response_year,wet,YCA2018_normal_grid_S0024,pareto_balanced,2018-08-30,242,79,74,"{""sim_day"": 79.0, ""doy"": 242.0, ""topwt"": 16271.8896484375, ""grnwt"": 5107.334899902344, ""xlai"": 3.6566882133483887, ""totir"": 30.0, ""tofer"": NaN, ""swfac"": 0.0, ""nstres"": 0.0}",0.0,0.0,16271.8896484375,5107.334899902344,3.6566882133483887,30.0,,0.0,0.0,30.0,225.0,11.311090087890634,23.31109008789064,Leave_One_experiments/all_year_offline_schedule_search/daily_outputs/YCA/YCA_2018_YCA2018_normal_grid_S0024_daily.csv
YCA,YCA,Yucheng,2018,Leave_One_experiments\wth_generated_qc\YCA\YCA2018.WTH,wet_year;nitrogen_stress_year;low_response_year,wet,YCA2018_normal_grid_S0024,pareto_balanced,2018-08-31,243,80,75,"{""sim_day"": 80.0, ""doy"": 243.0, ""topwt"": 16618.992919921875, ""grnwt"": 5394.566650390625, ""xlai"": 3.53059983253479, ""totir"": 30.0, ""tofer"": NaN, ""swfac"": 0.0, ""nstres"": 0.0}",0.0,0.0,16618.992919921875,5394.566650390625,3.53059983253479,30.0,,0.0,0.0,30.0,225.0,11.311090087890634,23.31109008789064,Leave_One_experiments/all_year_offline_schedule_search/daily_outputs/YCA/YCA_2018_YCA2018_normal_grid_S0024_daily.csv
YCA,YCA,Yucheng,2018,Leave_One_experiments\wth_generated_qc\YCA\YCA2018.WTH,wet_year;nitrogen_stress_year;low_response_year,wet,YCA2018_normal_grid_S0024,pareto_balanced,2018-09-01,244,81,76,"{""sim_day"": 81.0, ""doy"": 244.0, ""topwt"": 16756.195068359375, ""grnwt"": 5681.7974853515625, ""xlai"": 3.4074978828430176, ""totir"": 30.0, ""tofer"": NaN, ""swfac"": 0.0, ""nstres"": 0.0}",0.0,0.0,16756.195068359375,5681.7974853515625,3.4074978828430176,30.0,,0.0,0.0,30.0,225.0,11.311090087890634,23.31109008789064,Leave_One_experiments/all_year_offline_schedule_search/daily_outputs/YCA/YCA_2018_YCA2018_normal_grid_S0024_daily.csv
YCA,YCA,Yucheng,2018,Leave_One_experiments\wth_generated_qc\YCA\YCA2018.WTH,wet_year;nitrogen_stress_year;low_response_year,wet,YCA2018_normal_grid_S0024,pareto_balanced,2018-09-02,245,82,77,"{""sim_day"": 82.0, ""doy"": 245.0, ""topwt"": 17092.65869140625, ""grnwt"": 5958.258056640625, ""xlai"": 3.2504894733428955, ""totir"": 30.0, ""tofer"": NaN, ""swfac"": 0.0, ""nstres"": 0.0}",0.0,0.0,17092.65869140625,5958.258056640625,3.2504894733428955,30.0,,0.0,0.0,30.0,225.0,11.311090087890634,23.31109008789064,Leave_One_experiments/all_year_offline_schedule_search/daily_outputs/YCA/YCA_2018_YCA2018_normal_grid_S0024_daily.csv
YCA,YCA,Yucheng,2018,Leave_One_experiments\wth_generated_qc\YCA\YCA2018.WTH,wet_year;nitrogen_stress_year;low_response_year,wet,YCA2018_normal_grid_S0024,pareto_balanced,2018-09-03,246,83,78,"{""sim_day"": 83.0, ""doy"": 246.0, ""topwt"": 17449.41650390625, ""grnwt"": 6245.489501953125, ""xlai"": 3.1208863258361816, ""totir"": 30.0, ""tofer"": NaN, ""swfac"": 0.0, ""nstres"": 0.0}",0.0,0.0,17449.41650390625,6245.489501953125,3.1208863258361816,30.0,,0.0,0.0,30.0,225.0,11.311090087890634,23.31109008789064,Leave_One_experiments/all_year_offline_schedule_search/daily_outputs/YCA/YCA_2018_YCA2018_normal_grid_S0024_daily.csv
YCA,YCA,Yucheng,2018,Leave_One_experiments\wth_generated_qc\YCA\YCA2018.WTH,wet_year;nitrogen_stress_year;low_response_year,wet,YCA2018_normal_grid_S0024,pareto_balanced,2018-09-04,247,84,79,"{""sim_day"": 84.0, ""doy"": 247.0, ""topwt"": 17739.251708984375, ""grnwt"": 6532.720947265625, ""xlai"": 2.974218368530273, ""totir"": 30.0, ""tofer"": NaN, ""swfac"": 0.0, ""nstres"": 0.0}",0.0,0.0,17739.251708984375,6532.720947265625,2.974218368530273,30.0,,0.0,0.0,30.0,225.0,11.311090087890634,23.31109008789064,Leave_One_experiments/all_year_offline_schedule_search/daily_outputs/YCA/YCA_2018_YCA2018_normal_grid_S0024_daily.csv
YCA,YCA,Yucheng,2018,Leave_One_experiments\wth_generated_qc\YCA\YCA2018.WTH,wet_year;nitrogen_stress_year;low_response_year,wet,YCA2018_normal_grid_S0024,pareto_balanced,2018-09-05,248,85,80,"{""sim_day"": 85.0, ""doy"": 248.0, ""topwt"": 18087.911376953125, ""grnwt"": 6819.952392578125, ""xlai"": 2.795071601867676, ""totir"": 30.0, ""tofer"": NaN, ""swfac"": 0.0, ""nstres"": 0.0}",0.0,0.0,18087.911376953125,6819.952392578125,2.795071601867676,30.0,,0.0,0.0,30.0,225.0,11.311090087890634,23.31109008789064,Leave_One_experiments/all_year_offline_schedule_search/daily_outputs/YCA/YCA_2018_YCA2018_normal_grid_S0024_daily.csv
YCA,YCA,Yucheng,2018,Leave_One_experiments\wth_generated_qc\YCA\YCA2018.WTH,wet_year;nitrogen_stress_year;low_response_year,wet,YCA2018_normal_grid_S0024,pareto_balanced,2018-09-06,249,86,81,"{""sim_day"": 86.0, ""doy"": 249.0, ""topwt"": 18416.6259765625, ""grnwt"": 7107.183837890625, ""xlai"": 2.667846918106079, ""totir"": 30.0, ""tofer"": NaN, ""swfac"": 0.0, ""nstres"": 0.0}",0.0,0.0,18416.6259765625,7107.183837890625,2.667846918106079,30.0,,0.0,0.0,30.0,225.0,11.311090087890634,23.31109008789064,Leave_One_experiments/all_year_offline_schedule_search/daily_outputs/YCA/YCA_2018_YCA2018_normal_grid_S0024_daily.csv
YCA,YCA,Yucheng,2018,Leave_One_experiments\wth_generated_qc\YCA\YCA2018.WTH,wet_year;nitrogen_stress_year;low_response_year,wet,YCA2018_normal_grid_S0024,pareto_balanced,2018-09-07,250,87,82,"{""sim_day"": 87.0, ""doy"": 250.0, ""topwt"": 18703.857421875, ""grnwt"": 7394.414672851562, ""xlai"": 2.529258251190185, ""totir"": 30.0, ""tofer"": NaN, ""swfac"": 0.0, ""nstres"": 0.0}",0.0,0.0,18703.857421875,7394.414672851562,2.529258251190185,30.0,,0.0,0.0,30.0,225.0,11.311090087890634,23.31109008789064,Leave_One_experiments/all_year_offline_schedule_search/daily_outputs/YCA/YCA_2018_YCA2018_normal_grid_S0024_daily.csv
YCA,YCA,Yucheng,2018,Leave_One_experiments\wth_generated_qc\YCA\YCA2018.WTH,wet_year;nitrogen_stress_year;low_response_year,wet,YCA2018_normal_grid_S0024,pareto_balanced,2018-09-08,251,88,83,"{""sim_day"": 88.0, ""doy"": 251.0, ""topwt"": 18991.0888671875, ""grnwt"": 7681.6461181640625, ""xlai"": 2.3835597038269043, ""totir"": 30.0, ""tofer"": NaN, ""swfac"": 0.0, ""nstres"": 0.0}",0.0,0.0,18991.0888671875,7681.6461181640625,2.3835597038269043,30.0,,0.0,0.0,30.0,225.0,11.311090087890634,23.31109008789064,Leave_One_experiments/all_year_offline_schedule_search/daily_outputs/YCA/YCA_2018_YCA2018_normal_grid_S0024_daily.csv
YCA,YCA,Yucheng,2018,Leave_One_experiments\wth_generated_qc\YCA\YCA2018.WTH,wet_year;nitrogen_stress_year;low_response_year,wet,YCA2018_normal_grid_S0024,pareto_balanced,2018-09-09,252,89,84,"{""sim_day"": 89.0, ""doy"": 252.0, ""topwt"": 19278.3203125, ""grnwt"": 7968.877563476562, ""xlai"": 2.223940134048462, ""totir"": 30.0, ""tofer"": NaN, ""swfac"": 0.0, ""nstres"": 0.0}",0.0,0.0,19278.3203125,7968.877563476562,2.223940134048462,30.0,,0.0,0.0,30.0,225.0,11.311090087890634,23.31109008789064,Leave_One_experiments/all_year_offline_schedule_search/daily_outputs/YCA/YCA_2018_YCA2018_normal_grid_S0024_daily.csv
YCA,YCA,Yucheng,2018,Leave_One_experiments\wth_generated_qc\YCA\YCA2018.WTH,wet_year;nitrogen_stress_year;low_response_year,wet,YCA2018_normal_grid_S0024,pareto_balanced,2018-09-10,253,90,85,"{""sim_day"": 90.0, ""doy"": 253.0, ""topwt"": 19565.5517578125, ""grnwt"": 8256.109008789062, ""xlai"": 2.056105613708496, ""totir"": 30.0, ""tofer"": NaN, ""swfac"": 0.0, ""nstres"": 0.0}",0.0,0.0,19565.5517578125,8256.109008789062,2.056105613708496,30.0,,0.0,0.0,30.0,225.0,11.311090087890634,23.31109008789064,Leave_One_experiments/all_year_offline_schedule_search/daily_outputs/YCA/YCA_2018_YCA2018_normal_grid_S0024_daily.csv
YCA,YCA,Yucheng,2018,Leave_One_experiments\wth_generated_qc\YCA\YCA2018.WTH,wet_year;nitrogen_stress_year;low_response_year,wet,YCA2018_normal_grid_S0024,pareto_balanced,2018-09-11,254,91,86,"{""sim_day"": 91.0, ""doy"": 254.0, ""topwt"": 19565.5517578125, ""grnwt"": 8256.109008789062, ""xlai"": 2.056105613708496, ""totir"": 30.0, ""tofer"": NaN, ""swfac"": 0.0, ""nstres"": 0.0}",0.0,0.0,19565.5517578125,8256.109008789062,2.056105613708496,30.0,,0.0,0.0,30.0,225.0,11.311090087890634,23.31109008789064,Leave_One_experiments/all_year_offline_schedule_search/daily_outputs/YCA/YCA_2018_YCA2018_normal_grid_S0024_daily.csv
YCA,YCA,Yucheng,2018,Leave_One_experiments\wth_generated_qc\YCA\YCA2018.WTH,wet_year;nitrogen_stress_year;low_response_year,wet,YCA2018_normal_grid_S0024,pareto_balanced,2018-09-12,255,92,87,"{""sim_day"": 92.0, ""doy"": 255.0, ""topwt"": 19565.5517578125, ""grnwt"": 8256.109008789062, ""xlai"": 2.056105613708496, ""totir"": 30.0, ""tofer"": NaN, ""swfac"": 0.0, ""nstres"": 0.0}",0.0,0.0,19565.5517578125,8256.109008789062,2.056105613708496,30.0,,0.0,0.0,30.0,225.0,11.311090087890634,23.31109008789064,Leave_One_experiments/all_year_offline_schedule_search/daily_outputs/YCA/YCA_2018_YCA2018_normal_grid_S0024_daily.csv
YCA,YCA,Yucheng,2018,Leave_One_experiments\wth_generated_qc\YCA\YCA2018.WTH,wet_year;nitrogen_stress_year;low_response_year,wet,YCA2018_normal_grid_S0024,pareto_balanced,2018-09-13,256,93,88,"{""sim_day"": 93.0, ""doy"": 256.0, ""topwt"": 19565.5517578125, ""grnwt"": 8256.109008789062, ""xlai"": 2.056105613708496, ""totir"": 30.0, ""tofer"": NaN, ""swfac"": 0.0, ""nstres"": 0.0}",0.0,0.0,19565.5517578125,8256.109008789062,2.056105613708496,30.0,,0.0,0.0,30.0,225.0,11.311090087890634,23.31109008789064,Leave_One_experiments/all_year_offline_schedule_search/daily_outputs/YCA/YCA_2018_YCA2018_normal_grid_S0024_daily.csv
YCA,YCA,Yucheng,2018,Leave_One_experiments\wth_generated_qc\YCA\YCA2018.WTH,wet_year;nitrogen_stress_year;low_response_year,wet,YCA2018_normal_grid_S0026,pareto_balanced,2018-06-18,169,1,1,"{""sim_day"": 1.0, ""doy"": 169.0, ""topwt"": 0.0, ""grnwt"": 0.0, ""xlai"": 0.0, ""totir"": 0.0, ""tofer"": NaN, ""swfac"": 0.0, ""nstres"": 0.0}",0.0,0.0,0.0,0.0,0.0,0.0,,0.0,75.0,40.0,225.0,6.3291564941406335,22.32915649414064,Leave_One_experiments/all_year_offline_schedule_search/daily_outputs/YCA/YCA_2018_YCA2018_normal_grid_S0026_daily.csv
YCA,YCA,Yucheng,2018,Leave_One_experiments\wth_generated_qc\YCA\YCA2018.WTH,wet_year;nitrogen_stress_year;low_response_year,wet,YCA2018_normal_grid_S0026,pareto_balanced,2018-06-19,170,2,2,"{""sim_day"": 2.0, ""doy"": 170.0, ""topwt"": 0.0, ""grnwt"": 0.0, ""xlai"": 0.0, ""totir"": 0.0, ""tofer"": NaN, ""swfac"": 0.0, ""nstres"": 0.0}",0.0,0.0,0.0,0.0,0.0,0.0,,0.0,0.0,40.0,225.0,6.3291564941406335,22.32915649414064,Leave_One_experiments/all_year_offline_schedule_search/daily_outputs/YCA/YCA_2018_YCA2018_normal_grid_S0026_daily.csv
YCA,YCA,Yucheng,2018,Leave_One_experiments\wth_generated_qc\YCA\YCA2018.WTH,wet_year;nitrogen_stress_year;low_response_year,wet,YCA2018_normal_grid_S0026,pareto_balanced,2018-06-20,171,3,3,"{""sim_day"": 3.0, ""doy"": 171.0, ""topwt"": 0.0, ""grnwt"": 0.0, ""xlai"": 0.0, ""totir"": 0.0, ""tofer"": NaN, ""swfac"": 0.0, ""nstres"": 0.0}",0.0,0.0,0.0,0.0,0.0,0.0,,0.0,0.0,40.0,225.0,6.3291564941406335,22.32915649414064,Leave_One_experiments/all_year_offline_schedule_search/daily_outputs/YCA/YCA_2018_YCA2018_normal_grid_S0026_daily.csv
YCA,YCA,Yucheng,2018,Leave_One_experiments\wth_generated_qc\YCA\YCA2018.WTH,wet_year;nitrogen_stress_year;low_response_year,wet,YCA2018_normal_grid_S0026,pareto_balanced,2018-06-21,172,4,4,"{""sim_day"": 4.0, ""doy"": 172.0, ""topwt"": 0.0, ""grnwt"": 0.0, ""xlai"": 0.0, ""totir"": 0.0, ""tofer"": NaN, ""swfac"": 0.0, ""nstres"": 0.0}",0.0,0.0,0.0,0.0,0.0,0.0,,0.0,0.0,40.0,225.0,6.3291564941406335,22.32915649414064,Leave_One_experiments/all_year_offline_schedule_search/daily_outputs/YCA/YCA_2018_YCA2018_normal_grid_S0026_daily.csv
YCA,YCA,Yucheng,2018,Leave_One_experiments\wth_generated_qc\YCA\YCA2018.WTH,wet_year;nitrogen_stress_year;low_response_year,wet,YCA2018_normal_grid_S0026,pareto_balanced,2018-06-22,173,5,5,"{""sim_day"": 5.0, ""doy"": 173.0, ""topwt"": 0.0, ""grnwt"": 0.0, ""xlai"": 0.0, ""totir"": 0.0, ""tofer"": NaN, ""swfac"": 0.0, ""nstres"": 0.0}",0.0,0.0,0.0,0.0,0.0,0.0,,0.0,0.0,40.0,225.0,6.3291564941406335,22.32915649414064,Leave_One_experiments/all_year_offline_schedule_search/daily_outputs/YCA/YCA_2018_YCA2018_normal_grid_S0026_daily.csv
YCA,YCA,Yucheng,2018,Leave_One_experiments\wth_generated_qc\YCA\YCA2018.WTH,wet_year;nitrogen_stress_year;low_response_year,wet,YCA2018_normal_grid_S0026,pareto_balanced,2018-06-18,169,6,1,"{""sim_day"": 6.0, ""doy"": 169.0, ""topwt"": 0.0, ""grnwt"": 0.0, ""xlai"": 0.0, ""totir"": 0.0, ""tofer"": NaN, ""swfac"": 0.0, ""nstres"": 0.0}",0.0,0.0,0.0,0.0,0.0,0.0,,0.0,0.0,40.0,225.0,6.3291564941406335,22.32915649414064,Leave_One_experiments/all_year_offline_schedule_search/daily_outputs/YCA/YCA_2018_YCA2018_normal_grid_S0026_daily.csv
YCA,YCA,Yucheng,2018,Leave_One_experiments\wth_generated_qc\YCA\YCA2018.WTH,wet_year;nitrogen_stress_year;low_response_year,wet,YCA2018_normal_grid_S0026,pareto_balanced,2018-06-19,170,7,2,"{""sim_day"": 7.0, ""doy"": 170.0, ""topwt"": 0.0, ""grnwt"": 0.0, ""xlai"": 0.0, ""totir"": 0.0, ""tofer"": NaN, ""swfac"": 0.0, ""nstres"": 0.0}",0.0,0.0,0.0,0.0,0.0,0.0,,0.0,0.0,40.0,225.0,6.3291564941406335,22.32915649414064,Leave_One_experiments/all_year_offline_schedule_search/daily_outputs/YCA/YCA_2018_YCA2018_normal_grid_S0026_daily.csv
YCA,YCA,Yucheng,2018,Leave_One_experiments\wth_generated_qc\YCA\YCA2018.WTH,wet_year;nitrogen_stress_year;low_response_year,wet,YCA2018_normal_grid_S0026,pareto_balanced,2018-06-20,171,8,3,"{""sim_day"": 8.0, ""doy"": 171.0, ""topwt"": 0.0, ""grnwt"": 0.0, ""xlai"": 0.0, ""totir"": 0.0, ""tofer"": NaN, ""swfac"": 0.0, ""nstres"": 0.0}",0.0,0.0,0.0,0.0,0.0,0.0,,0.0,0.0,40.0,225.0,6.3291564941406335,22.32915649414064,Leave_One_experiments/all_year_offline_schedule_search/daily_outputs/YCA/YCA_2018_YCA2018_normal_grid_S0026_daily.csv
YCA,YCA,Yucheng,2018,Leave_One_experiments\wth_generated_qc\YCA\YCA2018.WTH,wet_year;nitrogen_stress_year;low_response_year,wet,YCA2018_normal_grid_S0026,pareto_balanced,2018-06-21,172,9,4,"{""sim_day"": 9.0, ""doy"": 172.0, ""topwt"": 0.0, ""grnwt"": 0.0, ""xlai"": 0.0, ""totir"": 0.0, ""tofer"": NaN, ""swfac"": 0.0, ""nstres"": 0.0}",0.0,0.0,0.0,0.0,0.0,0.0,,0.0,0.0,40.0,225.0,6.3291564941406335,22.32915649414064,Leave_One_experiments/all_year_offline_schedule_search/daily_outputs/YCA/YCA_2018_YCA2018_normal_grid_S0026_daily.csv
YCA,YCA,Yucheng,2018,Leave_One_experiments\wth_generated_qc\YCA\YCA2018.WTH,wet_year;nitrogen_stress_year;low_response_year,wet,YCA2018_normal_grid_S0026,pareto_balanced,2018-06-22,173,10,5,"{""sim_day"": 10.0, ""doy"": 173.0, ""topwt"": 26.400001049041748, ""grnwt"": 0.0, ""xlai"": 0.0055121663026511, ""totir"": 0.0, ""tofer"": NaN, ""swfac"": 0.0, ""nstres"": 0.0121910572052001}",0.0,0.0121910572052001,26.400001049041748,0.0,0.0055121663026511,0.0,,0.0,0.0,40.0,225.0,6.3291564941406335,22.32915649414064,Leave_One_experiments/all_year_offline_schedule_search/daily_outputs/YCA/YCA_2018_YCA2018_normal_grid_S0026_daily.csv
YCA,YCA,Yucheng,2018,Leave_One_experiments\wth_generated_qc\YCA\YCA2018.WTH,wet_year;nitrogen_stress_year;low_response_year,wet,YCA2018_normal_grid_S0026,pareto_balanced,2018-06-23,174,11,6,"{""sim_day"": 11.0, ""doy"": 174.0, ""topwt"": 26.400001049041748, ""grnwt"": 0.0, ""xlai"": 0.011760901659727, ""totir"": 0.0, ""tofer"": NaN, ""swfac"": 0.0, ""nstres"": 0.0080974102020263}",0.0,0.0080974102020263,26.400001049041748,0.0,0.011760901659727,0.0,,0.0,0.0,40.0,225.0,6.3291564941406335,22.32915649414064,Leave_One_experiments/all_year_offline_schedule_search/daily_outputs/YCA/YCA_2018_YCA2018_normal_grid_S0026_daily.csv
YCA,YCA,Yucheng,2018,Leave_One_experiments\wth_generated_qc\YCA\YCA2018.WTH,wet_year;nitrogen_stress_year;low_response_year,wet,YCA2018_normal_grid_S0026,pareto_balanced,2018-06-24,175,12,7,"{""sim_day"": 12.0, ""doy"": 175.0, ""topwt"": 26.400001049041748, ""grnwt"": 0.0, ""xlai"": 0.017250470817089, ""totir"": 0.0, ""tofer"": NaN, ""swfac"": 0.0, ""nstres"": 0.0015919208526611}",0.0,0.0015919208526611,26.400001049041748,0.0,0.017250470817089,0.0,,0.0,0.0,40.0,225.0,6.3291564941406335,22.32915649414064,Leave_One_experiments/all_year_offline_schedule_search/daily_outputs/YCA/YCA_2018_YCA2018_normal_grid_S0026_daily.csv
YCA,YCA,Yucheng,2018,Leave_One_experiments\wth_generated_qc\YCA\YCA2018.WTH,wet_year;nitrogen_stress_year;low_response_year,wet,YCA2018_normal_grid_S0026,pareto_balanced,2018-06-25,176,13,8,"{""sim_day"": 13.0, ""doy"": 176.0, ""topwt"": 26.400001049041748, ""grnwt"": 0.0, ""xlai"": 0.0368482023477554, ""totir"": 0.0, ""tofer"": NaN, ""swfac"": 0.0, ""nstres"": 0.0}",0.0,0.0,26.400001049041748,0.0,0.0368482023477554,0.0,,0.0,0.0,40.0,225.0,6.3291564941406335,22.32915649414064,Leave_One_experiments/all_year_offline_schedule_search/daily_outputs/YCA/YCA_2018_YCA2018_normal_grid_S0026_daily.csv
YCA,YCA,Yucheng,2018,Leave_One_experiments\wth_generated_qc\YCA\YCA2018.WTH,wet_year;nitrogen_stress_year;low_response_year,wet,YCA2018_normal_grid_S0026,pareto_balanced,2018-06-26,177,14,9,"{""sim_day"": 14.0, ""doy"": 177.0, ""topwt"": 34.67425346374512, ""grnwt"": 0.0, ""xlai"": 0.0668240264058113, ""totir"": 0.0, ""tofer"": NaN, ""swfac"": 0.0, ""nstres"": 0.0}",0.0,0.0,34.67425346374512,0.0,0.0668240264058113,0.0,,0.0,0.0,40.0,225.0,6.3291564941406335,22.32915649414064,Leave_One_experiments/all_year_offline_schedule_search/daily_outputs/YCA/YCA_2018_YCA2018_normal_grid_S0026_daily.csv
YCA,YCA,Yucheng,2018,Leave_One_experiments\wth_generated_qc\YCA\YCA2018.WTH,wet_year;nitrogen_stress_year;low_response_year,wet,YCA2018_normal_grid_S0026,pareto_balanced,2018-06-27,178,15,10,"{""sim_day"": 15.0, ""doy"": 178.0, ""topwt"": 43.988423347473145, ""grnwt"": 0.0, ""xlai"": 0.0890066921710968, ""totir"": 0.0, ""tofer"": NaN, ""swfac"": 0.0, ""nstres"": 0.0}",0.0,0.0,43.988423347473145,0.0,0.0890066921710968,0.0,,0.0,0.0,40.0,225.0,6.3291564941406335,22.32915649414064,Leave_One_experiments/all_year_offline_schedule_search/daily_outputs/YCA/YCA_2018_YCA2018_normal_grid_S0026_daily.csv
YCA,YCA,Yucheng,2018,Leave_One_experiments\wth_generated_qc\YCA\YCA2018.WTH,wet_year;nitrogen_stress_year;low_response_year,wet,YCA2018_normal_grid_S0026,pareto_balanced,2018-06-28,179,16,11,"{""sim_day"": 16.0, ""doy"": 179.0, ""topwt"": 57.8371524810791, ""grnwt"": 0.0, ""xlai"": 0.1196067854762077, ""totir"": 0.0, ""tofer"": NaN, ""swfac"": 0.0, ""nstres"": 0.0}",0.0,0.0,57.8371524810791,0.0,0.1196067854762077,0.0,,0.0,0.0,40.0,225.0,6.3291564941406335,22.32915649414064,Leave_One_experiments/all_year_offline_schedule_search/daily_outputs/YCA/YCA_2018_YCA2018_normal_grid_S0026_daily.csv
YCA,YCA,Yucheng,2018,Leave_One_experiments\wth_generated_qc\YCA\YCA2018.WTH,wet_year;nitrogen_stress_year;low_response_year,wet,YCA2018_normal_grid_S0026,pareto_balanced,2018-06-29,180,17,12,"{""sim_day"": 17.0, ""doy"": 180.0, ""topwt"": 79.13591861724854, ""grnwt"": 0.0, ""xlai"": 0.1631143540143966, ""totir"": 0.0, ""tofer"": NaN, ""swfac"": 0.0, ""nstres"": 0.0}",0.0,0.0,79.13591861724854,0.0,0.1631143540143966,0.0,,0.0,0.0,40.0,225.0,6.3291564941406335,22.32915649414064,Leave_One_experiments/all_year_offline_schedule_search/daily_outputs/YCA/YCA_2018_YCA2018_normal_grid_S0026_daily.csv
YCA,YCA,Yucheng,2018,Leave_One_experiments\wth_generated_qc\YCA\YCA2018.WTH,wet_year;nitrogen_stress_year;low_response_year,wet,YCA2018_normal_grid_S0026,pareto_balanced,2018-06-30,181,18,13,"{""sim_day"": 18.0, ""doy"": 181.0, ""topwt"": 105.68827629089355, ""grnwt"": 0.0, ""xlai"": 0.2134356349706649, ""totir"": 0.0, ""tofer"": NaN, ""swfac"": 0.0, ""nstres"": 0.0}",0.0,0.0,105.68827629089355,0.0,0.2134356349706649,0.0,,0.0,0.0,40.0,225.0,6.3291564941406335,22.32915649414064,Leave_One_experiments/all_year_offline_schedule_search/daily_outputs/YCA/YCA_2018_YCA2018_normal_grid_S0026_daily.csv
YCA,YCA,Yucheng,2018,Leave_One_experiments\wth_generated_qc\YCA\YCA2018.WTH,wet_year;nitrogen_stress_year;low_response_year,wet,YCA2018_normal_grid_S0026,pareto_balanced,2018-07-01,182,19,14,"{""sim_day"": 19.0, ""doy"": 182.0, ""topwt"": 139.1296672821045, ""grnwt"": 0.0, ""xlai"": 0.2726942002773285, ""totir"": 0.0, ""tofer"": NaN, ""swfac"": 0.0, ""nstres"": 0.0}",0.0,0.0,139.1296672821045,0.0,0.2726942002773285,0.0,,0.0,0.0,40.0,225.0,6.3291564941406335,22.32915649414064,Leave_One_experiments/all_year_offline_schedule_search/daily_outputs/YCA/YCA_2018_YCA2018_normal_grid_S0026_daily.csv
YCA,YCA,Yucheng,2018,Leave_One_experiments\wth_generated_qc\YCA\YCA2018.WTH,wet_year;nitrogen_stress_year;low_response_year,wet,YCA2018_normal_grid_S0026,pareto_balanced,2018-07-02,183,20,15,"{""sim_day"": 20.0, ""doy"": 183.0, ""topwt"": 180.5506134033203, ""grnwt"": 0.0, ""xlai"": 0.3416858315467834, ""totir"": 0.0, ""tofer"": NaN, ""swfac"": 0.0, ""nstres"": 0.0}",0.0,0.0,180.5506134033203,0.0,0.3416858315467834,0.0,,0.0,0.0,40.0,225.0,6.3291564941406335,22.32915649414064,Leave_One_experiments/all_year_offline_schedule_search/daily_outputs/YCA/YCA_2018_YCA2018_normal_grid_S0026_daily.csv
YCA,YCA,Yucheng,2018,Leave_One_experiments\wth_generated_qc\YCA\YCA2018.WTH,wet_year;nitrogen_stress_year;low_response_year,wet,YCA2018_normal_grid_S0026,pareto_balanced,2018-07-03,184,21,16,"{""sim_day"": 21.0, ""doy"": 184.0, ""topwt"": 220.68708419799805, ""grnwt"": 0.0, ""xlai"": 0.4327655732631683, ""totir"": 0.0, ""tofer"": NaN, ""swfac"": 0.0, ""nstres"": 0.0}",0.0,0.0,220.68708419799805,0.0,0.4327655732631683,0.0,,0.0,0.0,40.0,225.0,6.3291564941406335,22.32915649414064,Leave_One_experiments/all_year_offline_schedule_search/daily_outputs/YCA/YCA_2018_YCA2018_normal_grid_S0026_daily.csv
YCA,YCA,Yucheng,2018,Leave_One_experiments\wth_generated_qc\YCA\YCA2018.WTH,wet_year;nitrogen_stress_year;low_response_year,wet,YCA2018_normal_grid_S0026,pareto_balanced,2018-07-04,185,22,17,"{""sim_day"": 22.0, ""doy"": 185.0, ""topwt"": 282.87572860717773, ""grnwt"": 0.0, ""xlai"": 0.532696545124054, ""totir"": 0.0, ""tofer"": NaN, ""swfac"": 0.0, ""nstres"": 0.0003511905670166}",0.0,0.0003511905670166,282.87572860717773,0.0,0.532696545124054,0.0,,0.0,0.0,40.0,225.0,6.3291564941406335,22.32915649414064,Leave_One_experiments/all_year_offline_schedule_search/daily_outputs/YCA/YCA_2018_YCA2018_normal_grid_S0026_daily.csv
YCA,YCA,Yucheng,2018,Leave_One_experiments\wth_generated_qc\YCA\YCA2018.WTH,wet_year;nitrogen_stress_year;low_response_year,wet,YCA2018_normal_grid_S0026,pareto_balanced,2018-07-05,186,23,18,"{""sim_day"": 23.0, ""doy"": 186.0, ""topwt"": 361.4143371582031, ""grnwt"": 0.0, ""xlai"": 0.6521826386451721, ""totir"": 0.0, ""tofer"": NaN, ""swfac"": 0.0, ""nstres"": 0.0}",0.0,0.0,361.4143371582031,0.0,0.6521826386451721,0.0,,0.0,0.0,40.0,225.0,6.3291564941406335,22.32915649414064,Leave_One_experiments/all_year_offline_schedule_search/daily_outputs/YCA/YCA_2018_YCA2018_normal_grid_S0026_daily.csv
YCA,YCA,Yucheng,2018,Leave_One_experiments\wth_generated_qc\YCA\YCA2018.WTH,wet_year;nitrogen_stress_year;low_response_year,wet,YCA2018_normal_grid_S0026,pareto_balanced,2018-07-06,187,24,19,"{""sim_day"": 24.0, ""doy"": 187.0, ""topwt"": 450.9064102172852, ""grnwt"": 0.0, ""xlai"": 0.7815247774124146, ""totir"": 0.0, ""tofer"": NaN, ""swfac"": 0.0, ""nstres"": 0.0}",0.0,0.0,450.9064102172852,0.0,0.7815247774124146,0.0,,0.0,0.0,40.0,225.0,6.3291564941406335,22.32915649414064,Leave_One_experiments/all_year_offline_schedule_search/daily_outputs/YCA/YCA_2018_YCA2018_normal_grid_S0026_daily.csv
YCA,YCA,Yucheng,2018,Leave_One_experiments\wth_generated_qc\YCA\YCA2018.WTH,wet_year;nitrogen_stress_year;low_response_year,wet,YCA2018_normal_grid_S0026,pareto_balanced,2018-07-07,188,25,20,"{""sim_day"": 25.0, ""doy"": 188.0, ""topwt"": 510.582275390625, ""grnwt"": 0.0, ""xlai"": 0.8642523288726807, ""totir"": 0.0, ""tofer"": NaN, ""swfac"": 0.0, ""nstres"": 0.0}",0.0,0.0,510.582275390625,0.0,0.8642523288726807,0.0,,0.0,0.0,40.0,225.0,6.3291564941406335,22.32915649414064,Leave_One_experiments/all_year_offline_schedule_search/daily_outputs/YCA/YCA_2018_YCA2018_normal_grid_S0026_daily.csv
YCA,YCA,Yucheng,2018,Leave_One_experiments\wth_generated_qc\YCA\YCA2018.WTH,wet_year;nitrogen_stress_year;low_response_year,wet,YCA2018_normal_grid_S0026,pareto_balanced,2018-07-08,189,26,21,"{""sim_day"": 26.0, ""doy"": 189.0, ""topwt"": 579.4990921020508, ""grnwt"": 0.0, ""xlai"": 0.9571927785873412, ""totir"": 0.0, ""tofer"": NaN, ""swfac"": 0.0, ""nstres"": 0.0}",0.0,0.0,579.4990921020508,0.0,0.9571927785873412,0.0,,0.0,0.0,40.0,225.0,6.3291564941406335,22.32915649414064,Leave_One_experiments/all_year_offline_schedule_search/daily_outputs/YCA/YCA_2018_YCA2018_normal_grid_S0026_daily.csv
YCA,YCA,Yucheng,2018,Leave_One_experiments\wth_generated_qc\YCA\YCA2018.WTH,wet_year;nitrogen_stress_year;low_response_year,wet,YCA2018_normal_grid_S0026,pareto_balanced,2018-07-09,190,27,22,"{""sim_day"": 27.0, ""doy"": 190.0, ""topwt"": 679.3754577636719, ""grnwt"": 0.0, ""xlai"": 1.0854976177215576, ""totir"": 0.0, ""tofer"": NaN, ""swfac"": 0.0, ""nstres"": 0.0}",0.0,0.0,679.3754577636719,0.0,1.0854976177215576,0.0,,0.0,0.0,40.0,225.0,6.3291564941406335,22.32915649414064,Leave_One_experiments/all_year_offline_schedule_search/daily_outputs/YCA/YCA_2018_YCA2018_normal_grid_S0026_daily.csv
YCA,YCA,Yucheng,2018,Leave_One_experiments\wth_generated_qc\YCA\YCA2018.WTH,wet_year;nitrogen_stress_year;low_response_year,wet,YCA2018_normal_grid_S0026,pareto_balanced,2018-07-10,191,28,23,"{""sim_day"": 28.0, ""doy"": 191.0, ""topwt"": 797.5574493408203, ""grnwt"": 0.0, ""xlai"": 1.2395164966583252, ""totir"": 0.0, ""tofer"": NaN, ""swfac"": 0.0, ""nstres"": 0.0}",0.0,0.0,797.5574493408203,0.0,1.2395164966583252,0.0,,0.0,0.0,40.0,225.0,6.3291564941406335,22.32915649414064,Leave_One_experiments/all_year_offline_schedule_search/daily_outputs/YCA/YCA_2018_YCA2018_normal_grid_S0026_daily.csv
YCA,YCA,Yucheng,2018,Leave_One_experiments\wth_generated_qc\YCA\YCA2018.WTH,wet_year;nitrogen_stress_year;low_response_year,wet,YCA2018_normal_grid_S0026,pareto_balanced,2018-07-11,192,29,24,"{""sim_day"": 29.0, ""doy"": 192.0, ""topwt"": 963.818130493164, ""grnwt"": 0.0, ""xlai"": 1.4441275596618652, ""totir"": 0.0, ""tofer"": NaN, ""swfac"": 0.0, ""nstres"": 0.0}",0.0,0.0,963.818130493164,0.0,1.4441275596618652,0.0,,0.0,0.0,40.0,225.0,6.3291564941406335,22.32915649414064,Leave_One_experiments/all_year_offline_schedule_search/daily_outputs/YCA/YCA_2018_YCA2018_normal_grid_S0026_daily.csv
YCA,YCA,Yucheng,2018,Leave_One_experiments\wth_generated_qc\YCA\YCA2018.WTH,wet_year;nitrogen_stress_year;low_response_year,wet,YCA2018_normal_grid_S0026,pareto_balanced,2018-07-12,193,30,25,"{""sim_day"": 30.0, ""doy"": 193.0, ""topwt"": 1069.7716522216797, ""grnwt"": 0.0, ""xlai"": 1.567072868347168, ""totir"": 0.0, ""tofer"": NaN, ""swfac"": 0.0, ""nstres"": 0.0}",0.0,0.0,1069.7716522216797,0.0,1.567072868347168,0.0,,0.0,0.0,40.0,225.0,6.3291564941406335,22.32915649414064,Leave_One_experiments/all_year_offline_schedule_search/daily_outputs/YCA/YCA_2018_YCA2018_normal_grid_S0026_daily.csv
YCA,YCA,Yucheng,2018,Leave_One_experiments\wth_generated_qc\YCA\YCA2018.WTH,wet_year;nitrogen_stress_year;low_response_year,wet,YCA2018_normal_grid_S0026,pareto_balanced,2018-07-13,194,31,26,"{""sim_day"": 31.0, ""doy"": 194.0, ""topwt"": 1256.8185424804688, ""grnwt"": 0.0, ""xlai"": 1.7705942392349243, ""totir"": 0.0, ""tofer"": NaN, ""swfac"": 0.0, ""nstres"": 0.0}",0.0,0.0,1256.8185424804688,0.0,1.7705942392349243,0.0,,0.0,0.0,40.0,225.0,6.3291564941406335,22.32915649414064,Leave_One_experiments/all_year_offline_schedule_search/daily_outputs/YCA/YCA_2018_YCA2018_normal_grid_S0026_daily.csv
YCA,YCA,Yucheng,2018,Leave_One_experiments\wth_generated_qc\YCA\YCA2018.WTH,wet_year;nitrogen_stress_year;low_response_year,wet,YCA2018_normal_grid_S0026,pareto_balanced,2018-07-14,195,32,27,"{""sim_day"": 32.0, ""doy"": 195.0, ""topwt"": 1451.4854431152344, ""grnwt"": 0.0, ""xlai"": 1.9668587446212769, ""totir"": 0.0, ""tofer"": NaN, ""swfac"": 0.0, ""nstres"": 0.0}",0.0,0.0,1451.4854431152344,0.0,1.9668587446212769,0.0,,0.0,0.0,40.0,225.0,6.3291564941406335,22.32915649414064,Leave_One_experiments/all_year_offline_schedule_search/daily_outputs/YCA/YCA_2018_YCA2018_normal_grid_S0026_daily.csv
YCA,YCA,Yucheng,2018,Leave_One_experiments\wth_generated_qc\YCA\YCA2018.WTH,wet_year;nitrogen_stress_year;low_response_year,wet,YCA2018_normal_grid_S0026,pareto_balanced,2018-07-15,196,33,28,"{""sim_day"": 33.0, ""doy"": 196.0, ""topwt"": 1691.9448852539062, ""grnwt"": 0.0, ""xlai"": 2.1896255016326904, ""totir"": 0.0, ""tofer"": NaN, ""swfac"": 0.0, ""nstres"": 0.0}",0.0,0.0,1691.9448852539062,0.0,2.1896255016326904,0.0,,0.0,0.0,40.0,225.0,6.3291564941406335,22.32915649414064,Leave_One_experiments/all_year_offline_schedule_search/daily_outputs/YCA/YCA_2018_YCA2018_normal_grid_S0026_daily.csv
YCA,YCA,Yucheng,2018,Leave_One_experiments\wth_generated_qc\YCA\YCA2018.WTH,wet_year;nitrogen_stress_year;low_response_year,wet,YCA2018_normal_grid_S0026,pareto_balanced,2018-07-16,197,34,29,"{""sim_day"": 34.0, ""doy"": 197.0, ""topwt"": 1953.839263916016, ""grnwt"": 0.0, ""xlai"": 2.4115569591522217, ""totir"": 0.0, ""tofer"": NaN, ""swfac"": 0.0, ""nstres"": 0.0}",0.0,0.0,1953.839263916016,0.0,2.4115569591522217,0.0,,0.0,0.0,40.0,225.0,6.3291564941406335,22.32915649414064,Leave_One_experiments/all_year_offline_schedule_search/daily_outputs/YCA/YCA_2018_YCA2018_normal_grid_S0026_daily.csv
YCA,YCA,Yucheng,2018,Leave_One_experiments\wth_generated_qc\YCA\YCA2018.WTH,wet_year;nitrogen_stress_year;low_response_year,wet,YCA2018_normal_grid_S0026,pareto_balanced,2018-07-17,198,35,30,"{""sim_day"": 35.0, ""doy"": 198.0, ""topwt"": 2205.8277893066406, ""grnwt"": 0.0, ""xlai"": 2.606862783432007, ""totir"": 0.0, ""tofer"": NaN, ""swfac"": 0.0, ""nstres"": 0.0}",0.0,0.0,2205.8277893066406,0.0,2.606862783432007,0.0,,0.0,75.0,40.0,225.0,6.3291564941406335,22.32915649414064,Leave_One_experiments/all_year_offline_schedule_search/daily_outputs/YCA/YCA_2018_YCA2018_normal_grid_S0026_daily.csv
YCA,YCA,Yucheng,2018,Leave_One_experiments\wth_generated_qc\YCA\YCA2018.WTH,wet_year;nitrogen_stress_year;low_response_year,wet,YCA2018_normal_grid_S0026,pareto_balanced,2018-07-18,199,36,31,"{""sim_day"": 36.0, ""doy"": 199.0, ""topwt"": 2531.091766357422, ""grnwt"": 0.0, ""xlai"": 2.836284637451172, ""totir"": 0.0, ""tofer"": NaN, ""swfac"": 0.0, ""nstres"": 0.0}",0.0,0.0,2531.091766357422,0.0,2.836284637451172,0.0,,0.0,0.0,40.0,225.0,6.3291564941406335,22.32915649414064,Leave_One_experiments/all_year_offline_schedule_search/daily_outputs/YCA/YCA_2018_YCA2018_normal_grid_S0026_daily.csv
YCA,YCA,Yucheng,2018,Leave_One_experiments\wth_generated_qc\YCA\YCA2018.WTH,wet_year;nitrogen_stress_year;low_response_year,wet,YCA2018_normal_grid_S0026,pareto_balanced,2018-07-19,200,37,32,"{""sim_day"": 37.0, ""doy"": 200.0, ""topwt"": 2879.790954589844, ""grnwt"": 0.0, ""xlai"": 3.060002565383911, ""totir"": 0.0, ""tofer"": NaN, ""swfac"": 0.0, ""nstres"": 0.0}",0.0,0.0,2879.790954589844,0.0,3.060002565383911,0.0,,0.0,0.0,40.0,225.0,6.3291564941406335,22.32915649414064,Leave_One_experiments/all_year_offline_schedule_search/daily_outputs/YCA/YCA_2018_YCA2018_normal_grid_S0026_daily.csv
YCA,YCA,Yucheng,2018,Leave_One_experiments\wth_generated_qc\YCA\YCA2018.WTH,wet_year;nitrogen_stress_year;low_response_year,wet,YCA2018_normal_grid_S0026,pareto_balanced,2018-07-20,201,38,33,"{""sim_day"": 38.0, ""doy"": 201.0, ""topwt"": 3265.0714111328125, ""grnwt"": 0.0, ""xlai"": 3.28464412689209, ""totir"": 0.0, ""tofer"": NaN, ""swfac"": 0.0, ""nstres"": 0.0}",0.0,0.0,3265.0714111328125,0.0,3.28464412689209,0.0,,0.0,0.0,40.0,225.0,6.3291564941406335,22.32915649414064,Leave_One_experiments/all_year_offline_schedule_search/daily_outputs/YCA/YCA_2018_YCA2018_normal_grid_S0026_daily.csv
YCA,YCA,Yucheng,2018,Leave_One_experiments\wth_generated_qc\YCA\YCA2018.WTH,wet_year;nitrogen_stress_year;low_response_year,wet,YCA2018_normal_grid_S0026,pareto_balanced,2018-07-21,202,39,34,"{""sim_day"": 39.0, ""doy"": 202.0, ""topwt"": 3671.489562988281, ""grnwt"": 0.0, ""xlai"": 3.50089168548584, ""totir"": 0.0, ""tofer"": NaN, ""swfac"": 0.0, ""nstres"": 0.0}",0.0,0.0,3671.489562988281,0.0,3.50089168548584,0.0,,0.0,0.0,40.0,225.0,6.3291564941406335,22.32915649414064,Leave_One_experiments/all_year_offline_schedule_search/daily_outputs/YCA/YCA_2018_YCA2018_normal_grid_S0026_daily.csv
YCA,YCA,Yucheng,2018,Leave_One_experiments\wth_generated_qc\YCA\YCA2018.WTH,wet_year;nitrogen_stress_year;low_response_year,wet,YCA2018_normal_grid_S0026,pareto_balanced,2018-07-22,203,40,35,"{""sim_day"": 40.0, ""doy"": 203.0, ""topwt"": 4010.639343261719, ""grnwt"": 0.0, ""xlai"": 3.6667017936706543, ""totir"": 40.0, ""tofer"": NaN, ""swfac"": 0.0, ""nstres"": 0.0}",0.0,0.0,4010.639343261719,0.0,3.6667017936706543,40.0,,40.0,0.0,40.0,225.0,6.3291564941406335,22.32915649414064,Leave_One_experiments/all_year_offline_schedule_search/daily_outputs/YCA/YCA_2018_YCA2018_normal_grid_S0026_daily.csv
YCA,YCA,Yucheng,2018,Leave_One_experiments\wth_generated_qc\YCA\YCA2018.WTH,wet_year;nitrogen_stress_year;low_response_year,wet,YCA2018_normal_grid_S0026,pareto_balanced,2018-07-23,204,41,36,"{""sim_day"": 41.0, ""doy"": 204.0, ""topwt"": 4429.833984375, ""grnwt"": 0.0, ""xlai"": 3.854878425598145, ""totir"": 40.0, ""tofer"": NaN, ""swfac"": 0.0, ""nstres"": 0.0}",0.0,0.0,4429.833984375,0.0,3.854878425598145,40.0,,0.0,0.0,40.0,225.0,6.3291564941406335,22.32915649414064,Leave_One_experiments/all_year_offline_schedule_search/daily_outputs/YCA/YCA_2018_YCA2018_normal_grid_S0026_daily.csv
YCA,YCA,Yucheng,2018,Leave_One_experiments\wth_generated_qc\YCA\YCA2018.WTH,wet_year;nitrogen_stress_year;low_response_year,wet,YCA2018_normal_grid_S0026,pareto_balanced,2018-07-24,205,42,37,"{""sim_day"": 42.0, ""doy"": 205.0, ""topwt"": 4864.244995117188, ""grnwt"": 0.0, ""xlai"": 4.032890796661377, ""totir"": 40.0, ""tofer"": NaN, ""swfac"": 0.0, ""nstres"": 0.0}",0.0,0.0,4864.244995117188,0.0,4.032890796661377,40.0,,0.0,0.0,40.0,225.0,6.3291564941406335,22.32915649414064,Leave_One_experiments/all_year_offline_schedule_search/daily_outputs/YCA/YCA_2018_YCA2018_normal_grid_S0026_daily.csv
YCA,YCA,Yucheng,2018,Leave_One_experiments\wth_generated_qc\YCA\YCA2018.WTH,wet_year;nitrogen_stress_year;low_response_year,wet,YCA2018_normal_grid_S0026,pareto_balanced,2018-07-25,206,43,38,"{""sim_day"": 43.0, ""doy"": 206.0, ""topwt"": 5275.111083984375, ""grnwt"": 0.0, ""xlai"": 4.258788585662842, ""totir"": 40.0, ""tofer"": NaN, ""swfac"": 0.0, ""nstres"": 0.0}",0.0,0.0,5275.111083984375,0.0,4.258788585662842,40.0,,0.0,0.0,40.0,225.0,6.3291564941406335,22.32915649414064,Leave_One_experiments/all_year_offline_schedule_search/daily_outputs/YCA/YCA_2018_YCA2018_normal_grid_S0026_daily.csv
YCA,YCA,Yucheng,2018,Leave_One_experiments\wth_generated_qc\YCA\YCA2018.WTH,wet_year;nitrogen_stress_year;low_response_year,wet,YCA2018_normal_grid_S0026,pareto_balanced,2018-07-26,207,44,39,"{""sim_day"": 44.0, ""doy"": 207.0, ""topwt"": 5470.220947265625, ""grnwt"": 0.0, ""xlai"": 4.330794334411621, ""totir"": 40.0, ""tofer"": NaN, ""swfac"": 0.0, ""nstres"": 0.0}",0.0,0.0,5470.220947265625,0.0,4.330794334411621,40.0,,0.0,0.0,40.0,225.0,6.3291564941406335,22.32915649414064,Leave_One_experiments/all_year_offline_schedule_search/daily_outputs/YCA/YCA_2018_YCA2018_normal_grid_S0026_daily.csv
YCA,YCA,Yucheng,2018,Leave_One_experiments\wth_generated_qc\YCA\YCA2018.WTH,wet_year;nitrogen_stress_year;low_response_year,wet,YCA2018_normal_grid_S0026,pareto_balanced,2018-07-27,208,45,40,"{""sim_day"": 45.0, ""doy"": 208.0, ""topwt"": 5818.155517578125, ""grnwt"": 0.0, ""xlai"": 4.44204044342041, ""totir"": 40.0, ""tofer"": NaN, ""swfac"": 0.0, ""nstres"": 0.0}",0.0,0.0,5818.155517578125,0.0,4.44204044342041,40.0,,0.0,0.0,40.0,225.0,6.3291564941406335,22.32915649414064,Leave_One_experiments/all_year_offline_schedule_search/daily_outputs/YCA/YCA_2018_YCA2018_normal_grid_S0026_daily.csv
YCA,YCA,Yucheng,2018,Leave_One_experiments\wth_generated_qc\YCA\YCA2018.WTH,wet_year;nitrogen_stress_year;low_response_year,wet,YCA2018_normal_grid_S0026,pareto_balanced,2018-07-28,209,46,41,"{""sim_day"": 46.0, ""doy"": 209.0, ""topwt"": 6123.21533203125, ""grnwt"": 0.0, ""xlai"": 4.522002696990967, ""totir"": 40.0, ""tofer"": NaN, ""swfac"": 0.0, ""nstres"": 0.0}",0.0,0.0,6123.21533203125,0.0,4.522002696990967,40.0,,0.0,0.0,40.0,225.0,6.3291564941406335,22.32915649414064,Leave_One_experiments/all_year_offline_schedule_search/daily_outputs/YCA/YCA_2018_YCA2018_normal_grid_S0026_daily.csv
YCA,YCA,Yucheng,2018,Leave_One_experiments\wth_generated_qc\YCA\YCA2018.WTH,wet_year;nitrogen_stress_year;low_response_year,wet,YCA2018_normal_grid_S0026,pareto_balanced,2018-07-29,210,47,42,"{""sim_day"": 47.0, ""doy"": 210.0, ""topwt"": 6515.8673095703125, ""grnwt"": 0.0, ""xlai"": 4.6158127784729, ""totir"": 40.0, ""tofer"": NaN, ""swfac"": 0.0, ""nstres"": 0.0}",0.0,0.0,6515.8673095703125,0.0,4.6158127784729,40.0,,0.0,0.0,40.0,225.0,6.3291564941406335,22.32915649414064,Leave_One_experiments/all_year_offline_schedule_search/daily_outputs/YCA/YCA_2018_YCA2018_normal_grid_S0026_daily.csv
YCA,YCA,Yucheng,2018,Leave_One_experiments\wth_generated_qc\YCA\YCA2018.WTH,wet_year;nitrogen_stress_year;low_response_year,wet,YCA2018_normal_grid_S0026,pareto_balanced,2018-07-30,211,48,43,"{""sim_day"": 48.0, ""doy"": 211.0, ""topwt"": 6957.7923583984375, ""grnwt"": 0.0, ""xlai"": 4.710702419281006, ""totir"": 40.0, ""tofer"": NaN, ""swfac"": 0.0, ""nstres"": 0.0}",0.0,0.0,6957.7923583984375,0.0,4.710702419281006,40.0,,0.0,0.0,40.0,225.0,6.3291564941406335,22.32915649414064,Leave_One_experiments/all_year_offline_schedule_search/daily_outputs/YCA/YCA_2018_YCA2018_normal_grid_S0026_daily.csv
YCA,YCA,Yucheng,2018,Leave_One_experiments\wth_generated_qc\YCA\YCA2018.WTH,wet_year;nitrogen_stress_year;low_response_year,wet,YCA2018_normal_grid_S0026,pareto_balanced,2018-07-31,212,49,44,"{""sim_day"": 49.0, ""doy"": 212.0, ""topwt"": 7404.6136474609375, ""grnwt"": 0.0, ""xlai"": 4.79513692855835, ""totir"": 40.0, ""tofer"": NaN, ""swfac"": 0.0, ""nstres"": 0.0}",0.0,0.0,7404.6136474609375,0.0,4.79513692855835,40.0,,0.0,0.0,40.0,225.0,6.3291564941406335,22.32915649414064,Leave_One_experiments/all_year_offline_schedule_search/daily_outputs/YCA/YCA_2018_YCA2018_normal_grid_S0026_daily.csv
YCA,YCA,Yucheng,2018,Leave_One_experiments\wth_generated_qc\YCA\YCA2018.WTH,wet_year;nitrogen_stress_year;low_response_year,wet,YCA2018_normal_grid_S0026,pareto_balanced,2018-08-01,213,50,45,"{""sim_day"": 50.0, ""doy"": 213.0, ""topwt"": 7819.38232421875, ""grnwt"": 0.0, ""xlai"": 4.861968517303467, ""totir"": 40.0, ""tofer"": NaN, ""swfac"": 0.0, ""nstres"": 0.014741837978363}",0.0,0.014741837978363,7819.38232421875,0.0,4.861968517303467,40.0,,0.0,0.0,40.0,225.0,6.3291564941406335,22.32915649414064,Leave_One_experiments/all_year_offline_schedule_search/daily_outputs/YCA/YCA_2018_YCA2018_normal_grid_S0026_daily.csv
YCA,YCA,Yucheng,2018,Leave_One_experiments\wth_generated_qc\YCA\YCA2018.WTH,wet_year;nitrogen_stress_year;low_response_year,wet,YCA2018_normal_grid_S0026,pareto_balanced,2018-08-02,214,51,46,"{""sim_day"": 51.0, ""doy"": 214.0, ""topwt"": 8200.457153320312, ""grnwt"": 0.0, ""xlai"": 4.917674541473389, ""totir"": 40.0, ""tofer"": NaN, ""swfac"": 0.0, ""nstres"": 0.0293405055999755}",0.0,0.0293405055999755,8200.457153320312,0.0,4.917674541473389,40.0,,0.0,0.0,40.0,225.0,6.3291564941406335,22.32915649414064,Leave_One_experiments/all_year_offline_schedule_search/daily_outputs/YCA/YCA_2018_YCA2018_normal_grid_S0026_daily.csv
YCA,YCA,Yucheng,2018,Leave_One_experiments\wth_generated_qc\YCA\YCA2018.WTH,wet_year;nitrogen_stress_year;low_response_year,wet,YCA2018_normal_grid_S0026,pareto_balanced,2018-08-03,215,52,47,"{""sim_day"": 52.0, ""doy"": 215.0, ""topwt"": 8616.281127929688, ""grnwt"": 0.0, ""xlai"": 4.978817462921143, ""totir"": 40.0, ""tofer"": NaN, ""swfac"": 0.0, ""nstres"": 0.0391049981117248}",0.0,0.0391049981117248,8616.281127929688,0.0,4.978817462921143,40.0,,0.0,0.0,40.0,225.0,6.3291564941406335,22.32915649414064,Leave_One_experiments/all_year_offline_schedule_search/daily_outputs/YCA/YCA_2018_YCA2018_normal_grid_S0026_daily.csv
YCA,YCA,Yucheng,2018,Leave_One_experiments\wth_generated_qc\YCA\YCA2018.WTH,wet_year;nitrogen_stress_year;low_response_year,wet,YCA2018_normal_grid_S0026,pareto_balanced,2018-08-04,216,53,48,"{""sim_day"": 53.0, ""doy"": 216.0, ""topwt"": 8927.938232421875, ""grnwt"": 0.0, ""xlai"": 5.012482643127441, ""totir"": 40.0, ""tofer"": NaN, ""swfac"": 0.0, ""nstres"": 0.0449433326721191}",0.0,0.0449433326721191,8927.938232421875,0.0,5.012482643127441,40.0,,0.0,0.0,40.0,225.0,6.3291564941406335,22.32915649414064,Leave_One_experiments/all_year_offline_schedule_search/daily_outputs/YCA/YCA_2018_YCA2018_normal_grid_S0026_daily.csv
YCA,YCA,Yucheng,2018,Leave_One_experiments\wth_generated_qc\YCA\YCA2018.WTH,wet_year;nitrogen_stress_year;low_response_year,wet,YCA2018_normal_grid_S0026,pareto_balanced,2018-08-05,217,54,49,"{""sim_day"": 54.0, ""doy"": 217.0, ""topwt"": 9246.287841796877, ""grnwt"": 0.0, ""xlai"": 4.971882343292236, ""totir"": 40.0, ""tofer"": NaN, ""swfac"": 0.0, ""nstres"": 0.0475602746009826}",0.0,0.0475602746009826,9246.287841796877,0.0,4.971882343292236,40.0,,0.0,0.0,40.0,225.0,6.3291564941406335,22.32915649414064,Leave_One_experiments/all_year_offline_schedule_search/daily_outputs/YCA/YCA_2018_YCA2018_normal_grid_S0026_daily.csv
YCA,YCA,Yucheng,2018,Leave_One_experiments\wth_generated_qc\YCA\YCA2018.WTH,wet_year;nitrogen_stress_year;low_response_year,wet,YCA2018_normal_grid_S0026,pareto_balanced,2018-08-06,218,55,50,"{""sim_day"": 55.0, ""doy"": 218.0, ""topwt"": 9541.353759765623, ""grnwt"": 0.0, ""xlai"": 4.933225631713867, ""totir"": 40.0, ""tofer"": NaN, ""swfac"": 0.0, ""nstres"": 0.0404706001281738}",0.0,0.0404706001281738,9541.353759765623,0.0,4.933225631713867,40.0,,0.0,0.0,40.0,225.0,6.3291564941406335,22.32915649414064,Leave_One_experiments/all_year_offline_schedule_search/daily_outputs/YCA/YCA_2018_YCA2018_normal_grid_S0026_daily.csv
YCA,YCA,Yucheng,2018,Leave_One_experiments\wth_generated_qc\YCA\YCA2018.WTH,wet_year;nitrogen_stress_year;low_response_year,wet,YCA2018_normal_grid_S0026,pareto_balanced,2018-08-07,219,56,51,"{""sim_day"": 56.0, ""doy"": 219.0, ""topwt"": 9803.20556640625, ""grnwt"": 0.0, ""xlai"": 4.896395683288574, ""totir"": 40.0, ""tofer"": NaN, ""swfac"": 0.0, ""nstres"": 0.0309950709342956}",0.0,0.0309950709342956,9803.20556640625,0.0,4.896395683288574,40.0,,0.0,0.0,40.0,225.0,6.3291564941406335,22.32915649414064,Leave_One_experiments/all_year_offline_schedule_search/daily_outputs/YCA/YCA_2018_YCA2018_normal_grid_S0026_daily.csv
YCA,YCA,Yucheng,2018,Leave_One_experiments\wth_generated_qc\YCA\YCA2018.WTH,wet_year;nitrogen_stress_year;low_response_year,wet,YCA2018_normal_grid_S0026,pareto_balanced,2018-08-08,220,57,52,"{""sim_day"": 57.0, ""doy"": 220.0, ""topwt"": 10014.923706054688, ""grnwt"": 0.0, ""xlai"": 4.8612823486328125, ""totir"": 40.0, ""tofer"": NaN, ""swfac"": 0.0, ""nstres"": 0.0198789238929748}",0.0,0.0198789238929748,10014.923706054688,0.0,4.8612823486328125,40.0,,0.0,0.0,40.0,225.0,6.3291564941406335,22.32915649414064,Leave_One_experiments/all_year_offline_schedule_search/daily_outputs/YCA/YCA_2018_YCA2018_normal_grid_S0026_daily.csv
YCA,YCA,Yucheng,2018,Leave_One_experiments\wth_generated_qc\YCA\YCA2018.WTH,wet_year;nitrogen_stress_year;low_response_year,wet,YCA2018_normal_grid_S0026,pareto_balanced,2018-08-09,221,58,53,"{""sim_day"": 58.0, ""doy"": 221.0, ""topwt"": 10386.39404296875, ""grnwt"": 0.0, ""xlai"": 4.827786922454834, ""totir"": 40.0, ""tofer"": NaN, ""swfac"": 0.0, ""nstres"": 0.0063031911849975}",0.0,0.0063031911849975,10386.39404296875,0.0,4.827786922454834,40.0,,0.0,0.0,40.0,225.0,6.3291564941406335,22.32915649414064,Leave_One_experiments/all_year_offline_schedule_search/daily_outputs/YCA/YCA_2018_YCA2018_normal_grid_S0026_daily.csv
YCA,YCA,Yucheng,2018,Leave_One_experiments\wth_generated_qc\YCA\YCA2018.WTH,wet_year;nitrogen_stress_year;low_response_year,wet,YCA2018_normal_grid_S0026,pareto_balanced,2018-08-10,222,59,54,"{""sim_day"": 59.0, ""doy"": 222.0, ""topwt"": 10732.589111328123, ""grnwt"": 0.0, ""xlai"": 4.795815944671631, ""totir"": 40.0, ""tofer"": NaN, ""swfac"": 0.0, ""nstres"": 0.0}",0.0,0.0,10732.589111328123,0.0,4.795815944671631,40.0,,0.0,0.0,40.0,225.0,6.3291564941406335,22.32915649414064,Leave_One_experiments/all_year_offline_schedule_search/daily_outputs/YCA/YCA_2018_YCA2018_normal_grid_S0026_daily.csv
YCA,YCA,Yucheng,2018,Leave_One_experiments\wth_generated_qc\YCA\YCA2018.WTH,wet_year;nitrogen_stress_year;low_response_year,wet,YCA2018_normal_grid_S0026,pareto_balanced,2018-08-11,223,60,55,"{""sim_day"": 60.0, ""doy"": 223.0, ""topwt"": 11113.575439453123, ""grnwt"": 0.0, ""xlai"": 4.765283107757568, ""totir"": 40.0, ""tofer"": NaN, ""swfac"": 0.0, ""nstres"": 0.0}",0.0,0.0,11113.575439453123,0.0,4.765283107757568,40.0,,0.0,0.0,40.0,225.0,6.3291564941406335,22.32915649414064,Leave_One_experiments/all_year_offline_schedule_search/daily_outputs/YCA/YCA_2018_YCA2018_normal_grid_S0026_daily.csv
YCA,YCA,Yucheng,2018,Leave_One_experiments\wth_generated_qc\YCA\YCA2018.WTH,wet_year;nitrogen_stress_year;low_response_year,wet,YCA2018_normal_grid_S0026,pareto_balanced,2018-08-12,224,61,56,"{""sim_day"": 61.0, ""doy"": 224.0, ""topwt"": 11310.828857421877, ""grnwt"": 0.0, ""xlai"": 4.736108303070068, ""totir"": 40.0, ""tofer"": NaN, ""swfac"": 0.0, ""nstres"": 0.0}",0.0,0.0,11310.828857421877,0.0,4.736108303070068,40.0,,0.0,0.0,40.0,225.0,6.3291564941406335,22.32915649414064,Leave_One_experiments/all_year_offline_schedule_search/daily_outputs/YCA/YCA_2018_YCA2018_normal_grid_S0026_daily.csv
YCA,YCA,Yucheng,2018,Leave_One_experiments\wth_generated_qc\YCA\YCA2018.WTH,wet_year;nitrogen_stress_year;low_response_year,wet,YCA2018_normal_grid_S0026,pareto_balanced,2018-08-13,225,62,57,"{""sim_day"": 62.0, ""doy"": 225.0, ""topwt"": 11364.525146484377, ""grnwt"": 287.2943305969238, ""xlai"": 4.708218097686768, ""totir"": 40.0, ""tofer"": NaN, ""swfac"": 0.0, ""nstres"": 0.0}",0.0,0.0,11364.525146484377,287.2943305969238,4.708218097686768,40.0,,0.0,0.0,40.0,225.0,6.3291564941406335,22.32915649414064,Leave_One_experiments/all_year_offline_schedule_search/daily_outputs/YCA/YCA_2018_YCA2018_normal_grid_S0026_daily.csv
YCA,YCA,Yucheng,2018,Leave_One_experiments\wth_generated_qc\YCA\YCA2018.WTH,wet_year;nitrogen_stress_year;low_response_year,wet,YCA2018_normal_grid_S0026,pareto_balanced,2018-08-14,226,63,58,"{""sim_day"": 63.0, ""doy"": 226.0, ""topwt"": 11708.897705078123, ""grnwt"": 567.4062728881836, ""xlai"": 4.681542873382568, ""totir"": 40.0, ""tofer"": NaN, ""swfac"": 0.0, ""nstres"": 0.0}",0.0,0.0,11708.897705078123,567.4062728881836,4.681542873382568,40.0,,0.0,0.0,40.0,225.0,6.3291564941406335,22.32915649414064,Leave_One_experiments/all_year_offline_schedule_search/daily_outputs/YCA/YCA_2018_YCA2018_normal_grid_S0026_daily.csv
YCA,YCA,Yucheng,2018,Leave_One_experiments\wth_generated_qc\YCA\YCA2018.WTH,wet_year;nitrogen_stress_year;low_response_year,wet,YCA2018_normal_grid_S0026,pareto_balanced,2018-08-15,227,64,59,"{""sim_day"": 64.0, ""doy"": 227.0, ""topwt"": 12009.276123046877, ""grnwt"": 854.7006225585938, ""xlai"": 4.656017303466797, ""totir"": 40.0, ""tofer"": NaN, ""swfac"": 0.0, ""nstres"": 0.0}",0.0,0.0,12009.276123046877,854.7006225585938,4.656017303466797,40.0,,0.0,0.0,40.0,225.0,6.3291564941406335,22.32915649414064,Leave_One_experiments/all_year_offline_schedule_search/daily_outputs/YCA/YCA_2018_YCA2018_normal_grid_S0026_daily.csv
YCA,YCA,Yucheng,2018,Leave_One_experiments\wth_generated_qc\YCA\YCA2018.WTH,wet_year;nitrogen_stress_year;low_response_year,wet,YCA2018_normal_grid_S0026,pareto_balanced,2018-08-16,228,65,60,"{""sim_day"": 65.0, ""doy"": 228.0, ""topwt"": 12388.8818359375, ""grnwt"": 1141.9949340820312, ""xlai"": 4.631581783294678, ""totir"": 40.0, ""tofer"": NaN, ""swfac"": 0.0, ""nstres"": 0.0}",0.0,0.0,12388.8818359375,1141.9949340820312,4.631581783294678,40.0,,0.0,75.0,40.0,225.0,6.3291564941406335,22.32915649414064,Leave_One_experiments/all_year_offline_schedule_search/daily_outputs/YCA/YCA_2018_YCA2018_normal_grid_S0026_daily.csv
YCA,YCA,Yucheng,2018,Leave_One_experiments\wth_generated_qc\YCA\YCA2018.WTH,wet_year;nitrogen_stress_year;low_response_year,wet,YCA2018_normal_grid_S0026,pareto_balanced,2018-08-17,229,66,61,"{""sim_day"": 66.0, ""doy"": 229.0, ""topwt"": 12487.730712890623, ""grnwt"": 1429.2892456054688, ""xlai"": 4.608180522918701, ""totir"": 40.0, ""tofer"": NaN, ""swfac"": 0.0, ""nstres"": 0.0}",0.0,0.0,12487.730712890623,1429.2892456054688,4.608180522918701,40.0,,0.0,0.0,40.0,225.0,6.3291564941406335,22.32915649414064,Leave_One_experiments/all_year_offline_schedule_search/daily_outputs/YCA/YCA_2018_YCA2018_normal_grid_S0026_daily.csv
YCA,YCA,Yucheng,2018,Leave_One_experiments\wth_generated_qc\YCA\YCA2018.WTH,wet_year;nitrogen_stress_year;low_response_year,wet,YCA2018_normal_grid_S0026,pareto_balanced,2018-08-18,230,67,62,"{""sim_day"": 67.0, ""doy"": 230.0, ""topwt"": 12520.655517578123, ""grnwt"": 1716.5835571289062, ""xlai"": 4.577833652496338, ""totir"": 40.0, ""tofer"": NaN, ""swfac"": 0.0, ""nstres"": 0.0}",0.0,0.0,12520.655517578123,1716.5835571289062,4.577833652496338,40.0,,0.0,0.0,40.0,225.0,6.3291564941406335,22.32915649414064,Leave_One_experiments/all_year_offline_schedule_search/daily_outputs/YCA/YCA_2018_YCA2018_normal_grid_S0026_daily.csv
YCA,YCA,Yucheng,2018,Leave_One_experiments\wth_generated_qc\YCA\YCA2018.WTH,wet_year;nitrogen_stress_year;low_response_year,wet,YCA2018_normal_grid_S0026,pareto_balanced,2018-08-19,231,68,63,"{""sim_day"": 68.0, ""doy"": 231.0, ""topwt"": 12871.961669921877, ""grnwt"": 2003.877868652344, ""xlai"": 4.536269187927246, ""totir"": 40.0, ""tofer"": NaN, ""swfac"": 0.0, ""nstres"": 0.0}",0.0,0.0,12871.961669921877,2003.877868652344,4.536269187927246,40.0,,0.0,0.0,40.0,225.0,6.3291564941406335,22.32915649414064,Leave_One_experiments/all_year_offline_schedule_search/daily_outputs/YCA/YCA_2018_YCA2018_normal_grid_S0026_daily.csv
YCA,YCA,Yucheng,2018,Leave_One_experiments\wth_generated_qc\YCA\YCA2018.WTH,wet_year;nitrogen_stress_year;low_response_year,wet,YCA2018_normal_grid_S0026,pareto_balanced,2018-08-20,232,69,64,"{""sim_day"": 69.0, ""doy"": 232.0, ""topwt"": 13230.18798828125, ""grnwt"": 2291.1720275878906, ""xlai"": 4.489159107208252, ""totir"": 40.0, ""tofer"": NaN, ""swfac"": 0.0, ""nstres"": 0.0}",0.0,0.0,13230.18798828125,2291.1720275878906,4.489159107208252,40.0,,0.0,0.0,40.0,225.0,6.3291564941406335,22.32915649414064,Leave_One_experiments/all_year_offline_schedule_search/daily_outputs/YCA/YCA_2018_YCA2018_normal_grid_S0026_daily.csv
YCA,YCA,Yucheng,2018,Leave_One_experiments\wth_generated_qc\YCA\YCA2018.WTH,wet_year;nitrogen_stress_year;low_response_year,wet,YCA2018_normal_grid_S0026,pareto_balanced,2018-08-21,233,70,65,"{""sim_day"": 70.0, ""doy"": 233.0, ""topwt"": 13433.1689453125, ""grnwt"": 2578.4664916992188, ""xlai"": 4.436646938323975, ""totir"": 40.0, ""tofer"": NaN, ""swfac"": 0.0, ""nstres"": 0.0}",0.0,0.0,13433.1689453125,2578.4664916992188,4.436646938323975,40.0,,0.0,0.0,40.0,225.0,6.3291564941406335,22.32915649414064,Leave_One_experiments/all_year_offline_schedule_search/daily_outputs/YCA/YCA_2018_YCA2018_normal_grid_S0026_daily.csv
YCA,YCA,Yucheng,2018,Leave_One_experiments\wth_generated_qc\YCA\YCA2018.WTH,wet_year;nitrogen_stress_year;low_response_year,wet,YCA2018_normal_grid_S0026,pareto_balanced,2018-08-22,234,71,66,"{""sim_day"": 71.0, ""doy"": 234.0, ""topwt"": 13802.984619140623, ""grnwt"": 2865.760498046875, ""xlai"": 4.377562522888184, ""totir"": 40.0, ""tofer"": NaN, ""swfac"": 0.0, ""nstres"": 0.0}",0.0,0.0,13802.984619140623,2865.760498046875,4.377562522888184,40.0,,0.0,0.0,40.0,225.0,6.3291564941406335,22.32915649414064,Leave_One_experiments/all_year_offline_schedule_search/daily_outputs/YCA/YCA_2018_YCA2018_normal_grid_S0026_daily.csv
YCA,YCA,Yucheng,2018,Leave_One_experiments\wth_generated_qc\YCA\YCA2018.WTH,wet_year;nitrogen_stress_year;low_response_year,wet,YCA2018_normal_grid_S0026,pareto_balanced,2018-08-23,235,72,67,"{""sim_day"": 72.0, ""doy"": 235.0, ""topwt"": 14184.59716796875, ""grnwt"": 3153.0548095703125, ""xlai"": 4.315968036651611, ""totir"": 40.0, ""tofer"": NaN, ""swfac"": 0.0, ""nstres"": 0.0}",0.0,0.0,14184.59716796875,3153.0548095703125,4.315968036651611,40.0,,0.0,0.0,40.0,225.0,6.3291564941406335,22.32915649414064,Leave_One_experiments/all_year_offline_schedule_search/daily_outputs/YCA/YCA_2018_YCA2018_normal_grid_S0026_daily.csv
YCA,YCA,Yucheng,2018,Leave_One_experiments\wth_generated_qc\YCA\YCA2018.WTH,wet_year;nitrogen_stress_year;low_response_year,wet,YCA2018_normal_grid_S0026,pareto_balanced,2018-08-24,236,73,68,"{""sim_day"": 73.0, ""doy"": 236.0, ""topwt"": 14570.77880859375, ""grnwt"": 3440.34912109375, ""xlai"": 4.247372627258301, ""totir"": 40.0, ""tofer"": NaN, ""swfac"": 0.0, ""nstres"": 0.0}",0.0,0.0,14570.77880859375,3440.34912109375,4.247372627258301,40.0,,0.0,0.0,40.0,225.0,6.3291564941406335,22.32915649414064,Leave_One_experiments/all_year_offline_schedule_search/daily_outputs/YCA/YCA_2018_YCA2018_normal_grid_S0026_daily.csv
YCA,YCA,Yucheng,2018,Leave_One_experiments\wth_generated_qc\YCA\YCA2018.WTH,wet_year;nitrogen_stress_year;low_response_year,wet,YCA2018_normal_grid_S0026,pareto_balanced,2018-08-25,237,74,69,"{""sim_day"": 74.0, ""doy"": 237.0, ""topwt"": 14927.874755859377, ""grnwt"": 3727.643432617188, ""xlai"": 4.164892673492432, ""totir"": 40.0, ""tofer"": NaN, ""swfac"": 0.0, ""nstres"": 0.0}",0.0,0.0,14927.874755859377,3727.643432617188,4.164892673492432,40.0,,0.0,0.0,40.0,225.0,6.3291564941406335,22.32915649414064,Leave_One_experiments/all_year_offline_schedule_search/daily_outputs/YCA/YCA_2018_YCA2018_normal_grid_S0026_daily.csv
YCA,YCA,Yucheng,2018,Leave_One_experiments\wth_generated_qc\YCA\YCA2018.WTH,wet_year;nitrogen_stress_year;low_response_year,wet,YCA2018_normal_grid_S0026,pareto_balanced,2018-08-26,238,75,70,"{""sim_day"": 75.0, ""doy"": 238.0, ""topwt"": 15307.5732421875, ""grnwt"": 4014.937744140625, ""xlai"": 4.081345558166504, ""totir"": 40.0, ""tofer"": NaN, ""swfac"": 0.0, ""nstres"": 0.0}",0.0,0.0,15307.5732421875,4014.937744140625,4.081345558166504,40.0,,0.0,0.0,40.0,225.0,6.3291564941406335,22.32915649414064,Leave_One_experiments/all_year_offline_schedule_search/daily_outputs/YCA/YCA_2018_YCA2018_normal_grid_S0026_daily.csv
YCA,YCA,Yucheng,2018,Leave_One_experiments\wth_generated_qc\YCA\YCA2018.WTH,wet_year;nitrogen_stress_year;low_response_year,wet,YCA2018_normal_grid_S0026,pareto_balanced,2018-08-27,239,76,71,"{""sim_day"": 76.0, ""doy"": 239.0, ""topwt"": 15593.30810546875, ""grnwt"": 4282.48046875, ""xlai"": 3.979559183120728, ""totir"": 40.0, ""tofer"": NaN, ""swfac"": 0.0, ""nstres"": 0.0}",0.0,0.0,15593.30810546875,4282.48046875,3.979559183120728,40.0,,0.0,0.0,40.0,225.0,6.3291564941406335,22.32915649414064,Leave_One_experiments/all_year_offline_schedule_search/daily_outputs/YCA/YCA_2018_YCA2018_normal_grid_S0026_daily.csv
YCA,YCA,Yucheng,2018,Leave_One_experiments\wth_generated_qc\YCA\YCA2018.WTH,wet_year;nitrogen_stress_year;low_response_year,wet,YCA2018_normal_grid_S0026,pareto_balanced,2018-08-28,240,77,72,"{""sim_day"": 77.0, ""doy"": 240.0, ""topwt"": 15844.691162109377, ""grnwt"": 4533.863220214844, ""xlai"": 3.8654866218566895, ""totir"": 40.0, ""tofer"": NaN, ""swfac"": 0.0, ""nstres"": 0.0}",0.0,0.0,15844.691162109377,4533.863220214844,3.8654866218566895,40.0,,0.0,0.0,40.0,225.0,6.3291564941406335,22.32915649414064,Leave_One_experiments/all_year_offline_schedule_search/daily_outputs/YCA/YCA_2018_YCA2018_normal_grid_S0026_daily.csv
YCA,YCA,Yucheng,2018,Leave_One_experiments\wth_generated_qc\YCA\YCA2018.WTH,wet_year;nitrogen_stress_year;low_response_year,wet,YCA2018_normal_grid_S0026,pareto_balanced,2018-08-29,241,78,73,"{""sim_day"": 78.0, ""doy"": 241.0, ""topwt"": 15980.592041015623, ""grnwt"": 4821.157531738281, ""xlai"": 3.76187801361084, ""totir"": 40.0, ""tofer"": NaN, ""swfac"": 0.0, ""nstres"": 0.0}",0.0,0.0,15980.592041015623,4821.157531738281,3.76187801361084,40.0,,0.0,0.0,40.0,225.0,6.3291564941406335,22.32915649414064,Leave_One_experiments/all_year_offline_schedule_search/daily_outputs/YCA/YCA_2018_YCA2018_normal_grid_S0026_daily.csv
YCA,YCA,Yucheng,2018,Leave_One_experiments\wth_generated_qc\YCA\YCA2018.WTH,wet_year;nitrogen_stress_year;low_response_year,wet,YCA2018_normal_grid_S0026,pareto_balanced,2018-08-30,242,79,74,"{""sim_day"": 79.0, ""doy"": 242.0, ""topwt"": 16274.3017578125, ""grnwt"": 5108.451843261719, ""xlai"": 3.65679669380188, ""totir"": 40.0, ""tofer"": NaN, ""swfac"": 0.0, ""nstres"": 0.0}",0.0,0.0,16274.3017578125,5108.451843261719,3.65679669380188,40.0,,0.0,0.0,40.0,225.0,6.3291564941406335,22.32915649414064,Leave_One_experiments/all_year_offline_schedule_search/daily_outputs/YCA/YCA_2018_YCA2018_normal_grid_S0026_daily.csv
YCA,YCA,Yucheng,2018,Leave_One_experiments\wth_generated_qc\YCA\YCA2018.WTH,wet_year;nitrogen_stress_year;low_response_year,wet,YCA2018_normal_grid_S0026,pareto_balanced,2018-08-31,243,80,75,"{""sim_day"": 80.0, ""doy"": 243.0, ""topwt"": 16621.436767578125, ""grnwt"": 5395.745849609375, ""xlai"": 3.530704498291016, ""totir"": 40.0, ""tofer"": NaN, ""swfac"": 0.0, ""nstres"": 0.0}",0.0,0.0,16621.436767578125,5395.745849609375,3.530704498291016,40.0,,0.0,0.0,40.0,225.0,6.3291564941406335,22.32915649414064,Leave_One_experiments/all_year_offline_schedule_search/daily_outputs/YCA/YCA_2018_YCA2018_normal_grid_S0026_daily.csv
YCA,YCA,Yucheng,2018,Leave_One_experiments\wth_generated_qc\YCA\YCA2018.WTH,wet_year;nitrogen_stress_year;low_response_year,wet,YCA2018_normal_grid_S0026,pareto_balanced,2018-09-01,244,81,76,"{""sim_day"": 81.0, ""doy"": 244.0, ""topwt"": 16758.64013671875, ""grnwt"": 5683.0401611328125, ""xlai"": 3.407598733901977, ""totir"": 40.0, ""tofer"": NaN, ""swfac"": 0.0, ""nstres"": 0.0}",0.0,0.0,16758.64013671875,5683.0401611328125,3.407598733901977,40.0,,0.0,0.0,40.0,225.0,6.3291564941406335,22.32915649414064,Leave_One_experiments/all_year_offline_schedule_search/daily_outputs/YCA/YCA_2018_YCA2018_normal_grid_S0026_daily.csv
YCA,YCA,Yucheng,2018,Leave_One_experiments\wth_generated_qc\YCA\YCA2018.WTH,wet_year;nitrogen_stress_year;low_response_year,wet,YCA2018_normal_grid_S0026,pareto_balanced,2018-09-02,245,82,77,"{""sim_day"": 82.0, ""doy"": 245.0, ""topwt"": 17095.135498046875, ""grnwt"": 5959.5611572265625, ""xlai"": 3.2505862712860107, ""totir"": 40.0, ""tofer"": NaN, ""swfac"": 0.0, ""nstres"": 0.0}",0.0,0.0,17095.135498046875,5959.5611572265625,3.2505862712860107,40.0,,0.0,0.0,40.0,225.0,6.3291564941406335,22.32915649414064,Leave_One_experiments/all_year_offline_schedule_search/daily_outputs/YCA/YCA_2018_YCA2018_normal_grid_S0026_daily.csv
YCA,YCA,Yucheng,2018,Leave_One_experiments\wth_generated_qc\YCA\YCA2018.WTH,wet_year;nitrogen_stress_year;low_response_year,wet,YCA2018_normal_grid_S0026,pareto_balanced,2018-09-03,246,83,78,"{""sim_day"": 83.0, ""doy"": 246.0, ""topwt"": 17451.92626953125, ""grnwt"": 6246.85546875, ""xlai"": 3.120979070663452, ""totir"": 40.0, ""tofer"": NaN, ""swfac"": 0.0, ""nstres"": 0.0}",0.0,0.0,17451.92626953125,6246.85546875,3.120979070663452,40.0,,0.0,0.0,40.0,225.0,6.3291564941406335,22.32915649414064,Leave_One_experiments/all_year_offline_schedule_search/daily_outputs/YCA/YCA_2018_YCA2018_normal_grid_S0026_daily.csv
YCA,YCA,Yucheng,2018,Leave_One_experiments\wth_generated_qc\YCA\YCA2018.WTH,wet_year;nitrogen_stress_year;low_response_year,wet,YCA2018_normal_grid_S0026,pareto_balanced,2018-09-04,247,84,79,"{""sim_day"": 84.0, ""doy"": 247.0, ""topwt"": 17741.795654296875, ""grnwt"": 6534.1497802734375, ""xlai"": 2.974306583404541, ""totir"": 40.0, ""tofer"": NaN, ""swfac"": 0.0, ""nstres"": 0.0}",0.0,0.0,17741.795654296875,6534.1497802734375,2.974306583404541,40.0,,0.0,0.0,40.0,225.0,6.3291564941406335,22.32915649414064,Leave_One_experiments/all_year_offline_schedule_search/daily_outputs/YCA/YCA_2018_YCA2018_normal_grid_S0026_daily.csv
YCA,YCA,Yucheng,2018,Leave_One_experiments\wth_generated_qc\YCA\YCA2018.WTH,wet_year;nitrogen_stress_year;low_response_year,wet,YCA2018_normal_grid_S0026,pareto_balanced,2018-09-05,248,85,80,"{""sim_day"": 85.0, ""doy"": 248.0, ""topwt"": 18090.489501953125, ""grnwt"": 6821.444091796875, ""xlai"": 2.795154333114624, ""totir"": 40.0, ""tofer"": NaN, ""swfac"": 0.0, ""nstres"": 0.0}",0.0,0.0,18090.489501953125,6821.444091796875,2.795154333114624,40.0,,0.0,0.0,40.0,225.0,6.3291564941406335,22.32915649414064,Leave_One_experiments/all_year_offline_schedule_search/daily_outputs/YCA/YCA_2018_YCA2018_normal_grid_S0026_daily.csv
YCA,YCA,Yucheng,2018,Leave_One_experiments\wth_generated_qc\YCA\YCA2018.WTH,wet_year;nitrogen_stress_year;low_response_year,wet,YCA2018_normal_grid_S0026,pareto_balanced,2018-09-06,249,86,81,"{""sim_day"": 86.0, ""doy"": 249.0, ""topwt"": 18419.566650390625, ""grnwt"": 7108.7384033203125, ""xlai"": 2.667926073074341, ""totir"": 40.0, ""tofer"": NaN, ""swfac"": 0.0, ""nstres"": 0.0}",0.0,0.0,18419.566650390625,7108.7384033203125,2.667926073074341,40.0,,0.0,0.0,40.0,225.0,6.3291564941406335,22.32915649414064,Leave_One_experiments/all_year_offline_schedule_search/daily_outputs/YCA/YCA_2018_YCA2018_normal_grid_S0026_daily.csv
YCA,YCA,Yucheng,2018,Leave_One_experiments\wth_generated_qc\YCA\YCA2018.WTH,wet_year;nitrogen_stress_year;low_response_year,wet,YCA2018_normal_grid_S0026,pareto_balanced,2018-09-07,250,87,82,"{""sim_day"": 87.0, ""doy"": 250.0, ""topwt"": 18706.86279296875, ""grnwt"": 7396.03271484375, ""xlai"": 2.5293333530426025, ""totir"": 40.0, ""tofer"": NaN, ""swfac"": 0.0, ""nstres"": 0.0}",0.0,0.0,18706.86279296875,7396.03271484375,2.5293333530426025,40.0,,0.0,0.0,40.0,225.0,6.3291564941406335,22.32915649414064,Leave_One_experiments/all_year_offline_schedule_search/daily_outputs/YCA/YCA_2018_YCA2018_normal_grid_S0026_daily.csv
YCA,YCA,Yucheng,2018,Leave_One_experiments\wth_generated_qc\YCA\YCA2018.WTH,wet_year;nitrogen_stress_year;low_response_year,wet,YCA2018_normal_grid_S0026,pareto_balanced,2018-09-08,251,88,83,"{""sim_day"": 88.0, ""doy"": 251.0, ""topwt"": 18994.158935546875, ""grnwt"": 7683.3270263671875, ""xlai"": 2.3836302757263184, ""totir"": 40.0, ""tofer"": NaN, ""swfac"": 0.0, ""nstres"": 0.0}",0.0,0.0,18994.158935546875,7683.3270263671875,2.3836302757263184,40.0,,0.0,0.0,40.0,225.0,6.3291564941406335,22.32915649414064,Leave_One_experiments/all_year_offline_schedule_search/daily_outputs/YCA/YCA_2018_YCA2018_normal_grid_S0026_daily.csv
YCA,YCA,Yucheng,2018,Leave_One_experiments\wth_generated_qc\YCA\YCA2018.WTH,wet_year;nitrogen_stress_year;low_response_year,wet,YCA2018_normal_grid_S0026,pareto_balanced,2018-09-09,252,89,84,"{""sim_day"": 89.0, ""doy"": 252.0, ""topwt"": 19281.45263671875, ""grnwt"": 7970.621337890625, ""xlai"": 2.224006175994873, ""totir"": 40.0, ""tofer"": NaN, ""swfac"": 0.0, ""nstres"": 0.0}",0.0,0.0,19281.45263671875,7970.621337890625,2.224006175994873,40.0,,0.0,0.0,40.0,225.0,6.3291564941406335,22.32915649414064,Leave_One_experiments/all_year_offline_schedule_search/daily_outputs/YCA/YCA_2018_YCA2018_normal_grid_S0026_daily.csv
YCA,YCA,Yucheng,2018,Leave_One_experiments\wth_generated_qc\YCA\YCA2018.WTH,wet_year;nitrogen_stress_year;low_response_year,wet,YCA2018_normal_grid_S0026,pareto_balanced,2018-09-10,253,90,85,"{""sim_day"": 90.0, ""doy"": 253.0, ""topwt"": 19568.746337890625, ""grnwt"": 8257.915649414062, ""xlai"": 2.056166648864746, ""totir"": 40.0, ""tofer"": NaN, ""swfac"": 0.0, ""nstres"": 0.0}",0.0,0.0,19568.746337890625,8257.915649414062,2.056166648864746,40.0,,0.0,0.0,40.0,225.0,6.3291564941406335,22.32915649414064,Leave_One_experiments/all_year_offline_schedule_search/daily_outputs/YCA/YCA_2018_YCA2018_normal_grid_S0026_daily.csv
YCA,YCA,Yucheng,2018,Leave_One_experiments\wth_generated_qc\YCA\YCA2018.WTH,wet_year;nitrogen_stress_year;low_response_year,wet,YCA2018_normal_grid_S0026,pareto_balanced,2018-09-11,254,91,86,"{""sim_day"": 91.0, ""doy"": 254.0, ""topwt"": 19568.746337890625, ""grnwt"": 8257.915649414062, ""xlai"": 2.056166648864746, ""totir"": 40.0, ""tofer"": NaN, ""swfac"": 0.0, ""nstres"": 0.0}",0.0,0.0,19568.746337890625,8257.915649414062,2.056166648864746,40.0,,0.0,0.0,40.0,225.0,6.3291564941406335,22.32915649414064,Leave_One_experiments/all_year_offline_schedule_search/daily_outputs/YCA/YCA_2018_YCA2018_normal_grid_S0026_daily.csv
YCA,YCA,Yucheng,2018,Leave_One_experiments\wth_generated_qc\YCA\YCA2018.WTH,wet_year;nitrogen_stress_year;low_response_year,wet,YCA2018_normal_grid_S0026,pareto_balanced,2018-09-12,255,92,87,"{""sim_day"": 92.0, ""doy"": 255.0, ""topwt"": 19568.746337890625, ""grnwt"": 8257.915649414062, ""xlai"": 2.056166648864746, ""totir"": 40.0, ""tofer"": NaN, ""swfac"": 0.0, ""nstres"": 0.0}",0.0,0.0,19568.746337890625,8257.915649414062,2.056166648864746,40.0,,0.0,0.0,40.0,225.0,6.3291564941406335,22.32915649414064,Leave_One_experiments/all_year_offline_schedule_search/daily_outputs/YCA/YCA_2018_YCA2018_normal_grid_S0026_daily.csv
YCA,YCA,Yucheng,2018,Leave_One_experiments\wth_generated_qc\YCA\YCA2018.WTH,wet_year;nitrogen_stress_year;low_response_year,wet,YCA2018_normal_grid_S0026,pareto_balanced,2018-09-13,256,93,88,"{""sim_day"": 93.0, ""doy"": 256.0, ""topwt"": 19568.746337890625, ""grnwt"": 8257.915649414062, ""xlai"": 2.056166648864746, ""totir"": 40.0, ""tofer"": NaN, ""swfac"": 0.0, ""nstres"": 0.0}",0.0,0.0,19568.746337890625,8257.915649414062,2.056166648864746,40.0,,0.0,0.0,40.0,225.0,6.3291564941406335,22.32915649414064,Leave_One_experiments/all_year_offline_schedule_search/daily_outputs/YCA/YCA_2018_YCA2018_normal_grid_S0026_daily.csv
YCA,YCA,Yucheng,2018,Leave_One_experiments\wth_generated_qc\YCA\YCA2018.WTH,wet_year;nitrogen_stress_year;low_response_year,wet,YCA2018_normal_grid_S0027,top_yield,2018-06-18,169,1,1,"{""sim_day"": 1.0, ""doy"": 169.0, ""topwt"": 0.0, ""grnwt"": 0.0, ""xlai"": 0.0, ""totir"": 0.0, ""tofer"": NaN, ""swfac"": 0.0, ""nstres"": 0.0}",0.0,0.0,0.0,0.0,0.0,0.0,,0.0,75.0,70.0,225.0,-8.670843505859366,19.32915649414064,Leave_One_experiments/all_year_offline_schedule_search/daily_outputs/YCA/YCA_2018_YCA2018_normal_grid_S0027_daily.csv
YCA,YCA,Yucheng,2018,Leave_One_experiments\wth_generated_qc\YCA\YCA2018.WTH,wet_year;nitrogen_stress_year;low_response_year,wet,YCA2018_normal_grid_S0027,top_yield,2018-06-19,170,2,2,"{""sim_day"": 2.0, ""doy"": 170.0, ""topwt"": 0.0, ""grnwt"": 0.0, ""xlai"": 0.0, ""totir"": 0.0, ""tofer"": NaN, ""swfac"": 0.0, ""nstres"": 0.0}",0.0,0.0,0.0,0.0,0.0,0.0,,0.0,0.0,70.0,225.0,-8.670843505859366,19.32915649414064,Leave_One_experiments/all_year_offline_schedule_search/daily_outputs/YCA/YCA_2018_YCA2018_normal_grid_S0027_daily.csv
YCA,YCA,Yucheng,2018,Leave_One_experiments\wth_generated_qc\YCA\YCA2018.WTH,wet_year;nitrogen_stress_year;low_response_year,wet,YCA2018_normal_grid_S0027,top_yield,2018-06-20,171,3,3,"{""sim_day"": 3.0, ""doy"": 171.0, ""topwt"": 0.0, ""grnwt"": 0.0, ""xlai"": 0.0, ""totir"": 0.0, ""tofer"": NaN, ""swfac"": 0.0, ""nstres"": 0.0}",0.0,0.0,0.0,0.0,0.0,0.0,,0.0,0.0,70.0,225.0,-8.670843505859366,19.32915649414064,Leave_One_experiments/all_year_offline_schedule_search/daily_outputs/YCA/YCA_2018_YCA2018_normal_grid_S0027_daily.csv
YCA,YCA,Yucheng,2018,Leave_One_experiments\wth_generated_qc\YCA\YCA2018.WTH,wet_year;nitrogen_stress_year;low_response_year,wet,YCA2018_normal_grid_S0027,top_yield,2018-06-21,172,4,4,"{""sim_day"": 4.0, ""doy"": 172.0, ""topwt"": 0.0, ""grnwt"": 0.0, ""xlai"": 0.0, ""totir"": 0.0, ""tofer"": NaN, ""swfac"": 0.0, ""nstres"": 0.0}",0.0,0.0,0.0,0.0,0.0,0.0,,0.0,0.0,70.0,225.0,-8.670843505859366,19.32915649414064,Leave_One_experiments/all_year_offline_schedule_search/daily_outputs/YCA/YCA_2018_YCA2018_normal_grid_S0027_daily.csv
YCA,YCA,Yucheng,2018,Leave_One_experiments\wth_generated_qc\YCA\YCA2018.WTH,wet_year;nitrogen_stress_year;low_response_year,wet,YCA2018_normal_grid_S0027,top_yield,2018-06-22,173,5,5,"{""sim_day"": 5.0, ""doy"": 173.0, ""topwt"": 0.0, ""grnwt"": 0.0, ""xlai"": 0.0, ""totir"": 0.0, ""tofer"": NaN, ""swfac"": 0.0, ""nstres"": 0.0}",0.0,0.0,0.0,0.0,0.0,0.0,,0.0,0.0,70.0,225.0,-8.670843505859366,19.32915649414064,Leave_One_experiments/all_year_offline_schedule_search/daily_outputs/YCA/YCA_2018_YCA2018_normal_grid_S0027_daily.csv
YCA,YCA,Yucheng,2018,Leave_One_experiments\wth_generated_qc\YCA\YCA2018.WTH,wet_year;nitrogen_stress_year;low_response_year,wet,YCA2018_normal_grid_S0027,top_yield,2018-06-18,169,6,1,"{""sim_day"": 6.0, ""doy"": 169.0, ""topwt"": 0.0, ""grnwt"": 0.0, ""xlai"": 0.0, ""totir"": 0.0, ""tofer"": NaN, ""swfac"": 0.0, ""nstres"": 0.0}",0.0,0.0,0.0,0.0,0.0,0.0,,0.0,0.0,70.0,225.0,-8.670843505859366,19.32915649414064,Leave_One_experiments/all_year_offline_schedule_search/daily_outputs/YCA/YCA_2018_YCA2018_normal_grid_S0027_daily.csv
YCA,YCA,Yucheng,2018,Leave_One_experiments\wth_generated_qc\YCA\YCA2018.WTH,wet_year;nitrogen_stress_year;low_response_year,wet,YCA2018_normal_grid_S0027,top_yield,2018-06-19,170,7,2,"{""sim_day"": 7.0, ""doy"": 170.0, ""topwt"": 0.0, ""grnwt"": 0.0, ""xlai"": 0.0, ""totir"": 0.0, ""tofer"": NaN, ""swfac"": 0.0, ""nstres"": 0.0}",0.0,0.0,0.0,0.0,0.0,0.0,,0.0,0.0,70.0,225.0,-8.670843505859366,19.32915649414064,Leave_One_experiments/all_year_offline_schedule_search/daily_outputs/YCA/YCA_2018_YCA2018_normal_grid_S0027_daily.csv
YCA,YCA,Yucheng,2018,Leave_One_experiments\wth_generated_qc\YCA\YCA2018.WTH,wet_year;nitrogen_stress_year;low_response_year,wet,YCA2018_normal_grid_S0027,top_yield,2018-06-20,171,8,3,"{""sim_day"": 8.0, ""doy"": 171.0, ""topwt"": 0.0, ""grnwt"": 0.0, ""xlai"": 0.0, ""totir"": 0.0, ""tofer"": NaN, ""swfac"": 0.0, ""nstres"": 0.0}",0.0,0.0,0.0,0.0,0.0,0.0,,0.0,0.0,70.0,225.0,-8.670843505859366,19.32915649414064,Leave_One_experiments/all_year_offline_schedule_search/daily_outputs/YCA/YCA_2018_YCA2018_normal_grid_S0027_daily.csv
YCA,YCA,Yucheng,2018,Leave_One_experiments\wth_generated_qc\YCA\YCA2018.WTH,wet_year;nitrogen_stress_year;low_response_year,wet,YCA2018_normal_grid_S0027,top_yield,2018-06-21,172,9,4,"{""sim_day"": 9.0, ""doy"": 172.0, ""topwt"": 0.0, ""grnwt"": 0.0, ""xlai"": 0.0, ""totir"": 0.0, ""tofer"": NaN, ""swfac"": 0.0, ""nstres"": 0.0}",0.0,0.0,0.0,0.0,0.0,0.0,,0.0,0.0,70.0,225.0,-8.670843505859366,19.32915649414064,Leave_One_experiments/all_year_offline_schedule_search/daily_outputs/YCA/YCA_2018_YCA2018_normal_grid_S0027_daily.csv
YCA,YCA,Yucheng,2018,Leave_One_experiments\wth_generated_qc\YCA\YCA2018.WTH,wet_year;nitrogen_stress_year;low_response_year,wet,YCA2018_normal_grid_S0027,top_yield,2018-06-22,173,10,5,"{""sim_day"": 10.0, ""doy"": 173.0, ""topwt"": 26.400001049041748, ""grnwt"": 0.0, ""xlai"": 0.0055121663026511, ""totir"": 0.0, ""tofer"": NaN, ""swfac"": 0.0, ""nstres"": 0.0121910572052001}",0.0,0.0121910572052001,26.400001049041748,0.0,0.0055121663026511,0.0,,0.0,0.0,70.0,225.0,-8.670843505859366,19.32915649414064,Leave_One_experiments/all_year_offline_schedule_search/daily_outputs/YCA/YCA_2018_YCA2018_normal_grid_S0027_daily.csv
YCA,YCA,Yucheng,2018,Leave_One_experiments\wth_generated_qc\YCA\YCA2018.WTH,wet_year;nitrogen_stress_year;low_response_year,wet,YCA2018_normal_grid_S0027,top_yield,2018-06-23,174,11,6,"{""sim_day"": 11.0, ""doy"": 174.0, ""topwt"": 26.400001049041748, ""grnwt"": 0.0, ""xlai"": 0.011760901659727, ""totir"": 0.0, ""tofer"": NaN, ""swfac"": 0.0, ""nstres"": 0.0080974102020263}",0.0,0.0080974102020263,26.400001049041748,0.0,0.011760901659727,0.0,,0.0,0.0,70.0,225.0,-8.670843505859366,19.32915649414064,Leave_One_experiments/all_year_offline_schedule_search/daily_outputs/YCA/YCA_2018_YCA2018_normal_grid_S0027_daily.csv
YCA,YCA,Yucheng,2018,Leave_One_experiments\wth_generated_qc\YCA\YCA2018.WTH,wet_year;nitrogen_stress_year;low_response_year,wet,YCA2018_normal_grid_S0027,top_yield,2018-06-24,175,12,7,"{""sim_day"": 12.0, ""doy"": 175.0, ""topwt"": 26.400001049041748, ""grnwt"": 0.0, ""xlai"": 0.017250470817089, ""totir"": 0.0, ""tofer"": NaN, ""swfac"": 0.0, ""nstres"": 0.0015919208526611}",0.0,0.0015919208526611,26.400001049041748,0.0,0.017250470817089,0.0,,0.0,0.0,70.0,225.0,-8.670843505859366,19.32915649414064,Leave_One_experiments/all_year_offline_schedule_search/daily_outputs/YCA/YCA_2018_YCA2018_normal_grid_S0027_daily.csv
YCA,YCA,Yucheng,2018,Leave_One_experiments\wth_generated_qc\YCA\YCA2018.WTH,wet_year;nitrogen_stress_year;low_response_year,wet,YCA2018_normal_grid_S0027,top_yield,2018-06-25,176,13,8,"{""sim_day"": 13.0, ""doy"": 176.0, ""topwt"": 26.400001049041748, ""grnwt"": 0.0, ""xlai"": 0.0368482023477554, ""totir"": 0.0, ""tofer"": NaN, ""swfac"": 0.0, ""nstres"": 0.0}",0.0,0.0,26.400001049041748,0.0,0.0368482023477554,0.0,,0.0,0.0,70.0,225.0,-8.670843505859366,19.32915649414064,Leave_One_experiments/all_year_offline_schedule_search/daily_outputs/YCA/YCA_2018_YCA2018_normal_grid_S0027_daily.csv
YCA,YCA,Yucheng,2018,Leave_One_experiments\wth_generated_qc\YCA\YCA2018.WTH,wet_year;nitrogen_stress_year;low_response_year,wet,YCA2018_normal_grid_S0027,top_yield,2018-06-26,177,14,9,"{""sim_day"": 14.0, ""doy"": 177.0, ""topwt"": 34.67425346374512, ""grnwt"": 0.0, ""xlai"": 0.0668240264058113, ""totir"": 0.0, ""tofer"": NaN, ""swfac"": 0.0, ""nstres"": 0.0}",0.0,0.0,34.67425346374512,0.0,0.0668240264058113,0.0,,0.0,0.0,70.0,225.0,-8.670843505859366,19.32915649414064,Leave_One_experiments/all_year_offline_schedule_search/daily_outputs/YCA/YCA_2018_YCA2018_normal_grid_S0027_daily.csv
YCA,YCA,Yucheng,2018,Leave_One_experiments\wth_generated_qc\YCA\YCA2018.WTH,wet_year;nitrogen_stress_year;low_response_year,wet,YCA2018_normal_grid_S0027,top_yield,2018-06-27,178,15,10,"{""sim_day"": 15.0, ""doy"": 178.0, ""topwt"": 43.988423347473145, ""grnwt"": 0.0, ""xlai"": 0.0890066921710968, ""totir"": 0.0, ""tofer"": NaN, ""swfac"": 0.0, ""nstres"": 0.0}",0.0,0.0,43.988423347473145,0.0,0.0890066921710968,0.0,,0.0,0.0,70.0,225.0,-8.670843505859366,19.32915649414064,Leave_One_experiments/all_year_offline_schedule_search/daily_outputs/YCA/YCA_2018_YCA2018_normal_grid_S0027_daily.csv
YCA,YCA,Yucheng,2018,Leave_One_experiments\wth_generated_qc\YCA\YCA2018.WTH,wet_year;nitrogen_stress_year;low_response_year,wet,YCA2018_normal_grid_S0027,top_yield,2018-06-28,179,16,11,"{""sim_day"": 16.0, ""doy"": 179.0, ""topwt"": 57.8371524810791, ""grnwt"": 0.0, ""xlai"": 0.1196067854762077, ""totir"": 0.0, ""tofer"": NaN, ""swfac"": 0.0, ""nstres"": 0.0}",0.0,0.0,57.8371524810791,0.0,0.1196067854762077,0.0,,0.0,0.0,70.0,225.0,-8.670843505859366,19.32915649414064,Leave_One_experiments/all_year_offline_schedule_search/daily_outputs/YCA/YCA_2018_YCA2018_normal_grid_S0027_daily.csv
YCA,YCA,Yucheng,2018,Leave_One_experiments\wth_generated_qc\YCA\YCA2018.WTH,wet_year;nitrogen_stress_year;low_response_year,wet,YCA2018_normal_grid_S0027,top_yield,2018-06-29,180,17,12,"{""sim_day"": 17.0, ""doy"": 180.0, ""topwt"": 79.13591861724854, ""grnwt"": 0.0, ""xlai"": 0.1631143540143966, ""totir"": 0.0, ""tofer"": NaN, ""swfac"": 0.0, ""nstres"": 0.0}",0.0,0.0,79.13591861724854,0.0,0.1631143540143966,0.0,,0.0,0.0,70.0,225.0,-8.670843505859366,19.32915649414064,Leave_One_experiments/all_year_offline_schedule_search/daily_outputs/YCA/YCA_2018_YCA2018_normal_grid_S0027_daily.csv
YCA,YCA,Yucheng,2018,Leave_One_experiments\wth_generated_qc\YCA\YCA2018.WTH,wet_year;nitrogen_stress_year;low_response_year,wet,YCA2018_normal_grid_S0027,top_yield,2018-06-30,181,18,13,"{""sim_day"": 18.0, ""doy"": 181.0, ""topwt"": 105.68827629089355, ""grnwt"": 0.0, ""xlai"": 0.2134356349706649, ""totir"": 0.0, ""tofer"": NaN, ""swfac"": 0.0, ""nstres"": 0.0}",0.0,0.0,105.68827629089355,0.0,0.2134356349706649,0.0,,0.0,0.0,70.0,225.0,-8.670843505859366,19.32915649414064,Leave_One_experiments/all_year_offline_schedule_search/daily_outputs/YCA/YCA_2018_YCA2018_normal_grid_S0027_daily.csv
YCA,YCA,Yucheng,2018,Leave_One_experiments\wth_generated_qc\YCA\YCA2018.WTH,wet_year;nitrogen_stress_year;low_response_year,wet,YCA2018_normal_grid_S0027,top_yield,2018-07-01,182,19,14,"{""sim_day"": 19.0, ""doy"": 182.0, ""topwt"": 139.1296672821045, ""grnwt"": 0.0, ""xlai"": 0.2726942002773285, ""totir"": 0.0, ""tofer"": NaN, ""swfac"": 0.0, ""nstres"": 0.0}",0.0,0.0,139.1296672821045,0.0,0.2726942002773285,0.0,,0.0,0.0,70.0,225.0,-8.670843505859366,19.32915649414064,Leave_One_experiments/all_year_offline_schedule_search/daily_outputs/YCA/YCA_2018_YCA2018_normal_grid_S0027_daily.csv
YCA,YCA,Yucheng,2018,Leave_One_experiments\wth_generated_qc\YCA\YCA2018.WTH,wet_year;nitrogen_stress_year;low_response_year,wet,YCA2018_normal_grid_S0027,top_yield,2018-07-02,183,20,15,"{""sim_day"": 20.0, ""doy"": 183.0, ""topwt"": 180.5506134033203, ""grnwt"": 0.0, ""xlai"": 0.3416858315467834, ""totir"": 0.0, ""tofer"": NaN, ""swfac"": 0.0, ""nstres"": 0.0}",0.0,0.0,180.5506134033203,0.0,0.3416858315467834,0.0,,0.0,0.0,70.0,225.0,-8.670843505859366,19.32915649414064,Leave_One_experiments/all_year_offline_schedule_search/daily_outputs/YCA/YCA_2018_YCA2018_normal_grid_S0027_daily.csv
YCA,YCA,Yucheng,2018,Leave_One_experiments\wth_generated_qc\YCA\YCA2018.WTH,wet_year;nitrogen_stress_year;low_response_year,wet,YCA2018_normal_grid_S0027,top_yield,2018-07-03,184,21,16,"{""sim_day"": 21.0, ""doy"": 184.0, ""topwt"": 220.68708419799805, ""grnwt"": 0.0, ""xlai"": 0.4327655732631683, ""totir"": 0.0, ""tofer"": NaN, ""swfac"": 0.0, ""nstres"": 0.0}",0.0,0.0,220.68708419799805,0.0,0.4327655732631683,0.0,,0.0,0.0,70.0,225.0,-8.670843505859366,19.32915649414064,Leave_One_experiments/all_year_offline_schedule_search/daily_outputs/YCA/YCA_2018_YCA2018_normal_grid_S0027_daily.csv
YCA,YCA,Yucheng,2018,Leave_One_experiments\wth_generated_qc\YCA\YCA2018.WTH,wet_year;nitrogen_stress_year;low_response_year,wet,YCA2018_normal_grid_S0027,top_yield,2018-07-04,185,22,17,"{""sim_day"": 22.0, ""doy"": 185.0, ""topwt"": 282.87572860717773, ""grnwt"": 0.0, ""xlai"": 0.532696545124054, ""totir"": 0.0, ""tofer"": NaN, ""swfac"": 0.0, ""nstres"": 0.0003511905670166}",0.0,0.0003511905670166,282.87572860717773,0.0,0.532696545124054,0.0,,0.0,0.0,70.0,225.0,-8.670843505859366,19.32915649414064,Leave_One_experiments/all_year_offline_schedule_search/daily_outputs/YCA/YCA_2018_YCA2018_normal_grid_S0027_daily.csv
YCA,YCA,Yucheng,2018,Leave_One_experiments\wth_generated_qc\YCA\YCA2018.WTH,wet_year;nitrogen_stress_year;low_response_year,wet,YCA2018_normal_grid_S0027,top_yield,2018-07-05,186,23,18,"{""sim_day"": 23.0, ""doy"": 186.0, ""topwt"": 361.4143371582031, ""grnwt"": 0.0, ""xlai"": 0.6521826386451721, ""totir"": 0.0, ""tofer"": NaN, ""swfac"": 0.0, ""nstres"": 0.0}",0.0,0.0,361.4143371582031,0.0,0.6521826386451721,0.0,,0.0,0.0,70.0,225.0,-8.670843505859366,19.32915649414064,Leave_One_experiments/all_year_offline_schedule_search/daily_outputs/YCA/YCA_2018_YCA2018_normal_grid_S0027_daily.csv
YCA,YCA,Yucheng,2018,Leave_One_experiments\wth_generated_qc\YCA\YCA2018.WTH,wet_year;nitrogen_stress_year;low_response_year,wet,YCA2018_normal_grid_S0027,top_yield,2018-07-06,187,24,19,"{""sim_day"": 24.0, ""doy"": 187.0, ""topwt"": 450.9064102172852, ""grnwt"": 0.0, ""xlai"": 0.7815247774124146, ""totir"": 0.0, ""tofer"": NaN, ""swfac"": 0.0, ""nstres"": 0.0}",0.0,0.0,450.9064102172852,0.0,0.7815247774124146,0.0,,0.0,0.0,70.0,225.0,-8.670843505859366,19.32915649414064,Leave_One_experiments/all_year_offline_schedule_search/daily_outputs/YCA/YCA_2018_YCA2018_normal_grid_S0027_daily.csv
YCA,YCA,Yucheng,2018,Leave_One_experiments\wth_generated_qc\YCA\YCA2018.WTH,wet_year;nitrogen_stress_year;low_response_year,wet,YCA2018_normal_grid_S0027,top_yield,2018-07-07,188,25,20,"{""sim_day"": 25.0, ""doy"": 188.0, ""topwt"": 510.582275390625, ""grnwt"": 0.0, ""xlai"": 0.8642523288726807, ""totir"": 0.0, ""tofer"": NaN, ""swfac"": 0.0, ""nstres"": 0.0}",0.0,0.0,510.582275390625,0.0,0.8642523288726807,0.0,,0.0,0.0,70.0,225.0,-8.670843505859366,19.32915649414064,Leave_One_experiments/all_year_offline_schedule_search/daily_outputs/YCA/YCA_2018_YCA2018_normal_grid_S0027_daily.csv
YCA,YCA,Yucheng,2018,Leave_One_experiments\wth_generated_qc\YCA\YCA2018.WTH,wet_year;nitrogen_stress_year;low_response_year,wet,YCA2018_normal_grid_S0027,top_yield,2018-07-08,189,26,21,"{""sim_day"": 26.0, ""doy"": 189.0, ""topwt"": 579.4990921020508, ""grnwt"": 0.0, ""xlai"": 0.9571927785873412, ""totir"": 0.0, ""tofer"": NaN, ""swfac"": 0.0, ""nstres"": 0.0}",0.0,0.0,579.4990921020508,0.0,0.9571927785873412,0.0,,0.0,0.0,70.0,225.0,-8.670843505859366,19.32915649414064,Leave_One_experiments/all_year_offline_schedule_search/daily_outputs/YCA/YCA_2018_YCA2018_normal_grid_S0027_daily.csv
YCA,YCA,Yucheng,2018,Leave_One_experiments\wth_generated_qc\YCA\YCA2018.WTH,wet_year;nitrogen_stress_year;low_response_year,wet,YCA2018_normal_grid_S0027,top_yield,2018-07-09,190,27,22,"{""sim_day"": 27.0, ""doy"": 190.0, ""topwt"": 679.3754577636719, ""grnwt"": 0.0, ""xlai"": 1.0854976177215576, ""totir"": 0.0, ""tofer"": NaN, ""swfac"": 0.0, ""nstres"": 0.0}",0.0,0.0,679.3754577636719,0.0,1.0854976177215576,0.0,,0.0,0.0,70.0,225.0,-8.670843505859366,19.32915649414064,Leave_One_experiments/all_year_offline_schedule_search/daily_outputs/YCA/YCA_2018_YCA2018_normal_grid_S0027_daily.csv
YCA,YCA,Yucheng,2018,Leave_One_experiments\wth_generated_qc\YCA\YCA2018.WTH,wet_year;nitrogen_stress_year;low_response_year,wet,YCA2018_normal_grid_S0027,top_yield,2018-07-10,191,28,23,"{""sim_day"": 28.0, ""doy"": 191.0, ""topwt"": 797.5574493408203, ""grnwt"": 0.0, ""xlai"": 1.2395164966583252, ""totir"": 0.0, ""tofer"": NaN, ""swfac"": 0.0, ""nstres"": 0.0}",0.0,0.0,797.5574493408203,0.0,1.2395164966583252,0.0,,0.0,0.0,70.0,225.0,-8.670843505859366,19.32915649414064,Leave_One_experiments/all_year_offline_schedule_search/daily_outputs/YCA/YCA_2018_YCA2018_normal_grid_S0027_daily.csv
YCA,YCA,Yucheng,2018,Leave_One_experiments\wth_generated_qc\YCA\YCA2018.WTH,wet_year;nitrogen_stress_year;low_response_year,wet,YCA2018_normal_grid_S0027,top_yield,2018-07-11,192,29,24,"{""sim_day"": 29.0, ""doy"": 192.0, ""topwt"": 963.818130493164, ""grnwt"": 0.0, ""xlai"": 1.4441275596618652, ""totir"": 0.0, ""tofer"": NaN, ""swfac"": 0.0, ""nstres"": 0.0}",0.0,0.0,963.818130493164,0.0,1.4441275596618652,0.0,,0.0,0.0,70.0,225.0,-8.670843505859366,19.32915649414064,Leave_One_experiments/all_year_offline_schedule_search/daily_outputs/YCA/YCA_2018_YCA2018_normal_grid_S0027_daily.csv
YCA,YCA,Yucheng,2018,Leave_One_experiments\wth_generated_qc\YCA\YCA2018.WTH,wet_year;nitrogen_stress_year;low_response_year,wet,YCA2018_normal_grid_S0027,top_yield,2018-07-12,193,30,25,"{""sim_day"": 30.0, ""doy"": 193.0, ""topwt"": 1069.7716522216797, ""grnwt"": 0.0, ""xlai"": 1.567072868347168, ""totir"": 0.0, ""tofer"": NaN, ""swfac"": 0.0, ""nstres"": 0.0}",0.0,0.0,1069.7716522216797,0.0,1.567072868347168,0.0,,0.0,0.0,70.0,225.0,-8.670843505859366,19.32915649414064,Leave_One_experiments/all_year_offline_schedule_search/daily_outputs/YCA/YCA_2018_YCA2018_normal_grid_S0027_daily.csv
YCA,YCA,Yucheng,2018,Leave_One_experiments\wth_generated_qc\YCA\YCA2018.WTH,wet_year;nitrogen_stress_year;low_response_year,wet,YCA2018_normal_grid_S0027,top_yield,2018-07-13,194,31,26,"{""sim_day"": 31.0, ""doy"": 194.0, ""topwt"": 1256.8185424804688, ""grnwt"": 0.0, ""xlai"": 1.7705942392349243, ""totir"": 0.0, ""tofer"": NaN, ""swfac"": 0.0, ""nstres"": 0.0}",0.0,0.0,1256.8185424804688,0.0,1.7705942392349243,0.0,,0.0,0.0,70.0,225.0,-8.670843505859366,19.32915649414064,Leave_One_experiments/all_year_offline_schedule_search/daily_outputs/YCA/YCA_2018_YCA2018_normal_grid_S0027_daily.csv
YCA,YCA,Yucheng,2018,Leave_One_experiments\wth_generated_qc\YCA\YCA2018.WTH,wet_year;nitrogen_stress_year;low_response_year,wet,YCA2018_normal_grid_S0027,top_yield,2018-07-14,195,32,27,"{""sim_day"": 32.0, ""doy"": 195.0, ""topwt"": 1451.4854431152344, ""grnwt"": 0.0, ""xlai"": 1.9668587446212769, ""totir"": 0.0, ""tofer"": NaN, ""swfac"": 0.0, ""nstres"": 0.0}",0.0,0.0,1451.4854431152344,0.0,1.9668587446212769,0.0,,0.0,0.0,70.0,225.0,-8.670843505859366,19.32915649414064,Leave_One_experiments/all_year_offline_schedule_search/daily_outputs/YCA/YCA_2018_YCA2018_normal_grid_S0027_daily.csv
YCA,YCA,Yucheng,2018,Leave_One_experiments\wth_generated_qc\YCA\YCA2018.WTH,wet_year;nitrogen_stress_year;low_response_year,wet,YCA2018_normal_grid_S0027,top_yield,2018-07-15,196,33,28,"{""sim_day"": 33.0, ""doy"": 196.0, ""topwt"": 1691.9448852539062, ""grnwt"": 0.0, ""xlai"": 2.1896255016326904, ""totir"": 0.0, ""tofer"": NaN, ""swfac"": 0.0, ""nstres"": 0.0}",0.0,0.0,1691.9448852539062,0.0,2.1896255016326904,0.0,,0.0,0.0,70.0,225.0,-8.670843505859366,19.32915649414064,Leave_One_experiments/all_year_offline_schedule_search/daily_outputs/YCA/YCA_2018_YCA2018_normal_grid_S0027_daily.csv
YCA,YCA,Yucheng,2018,Leave_One_experiments\wth_generated_qc\YCA\YCA2018.WTH,wet_year;nitrogen_stress_year;low_response_year,wet,YCA2018_normal_grid_S0027,top_yield,2018-07-16,197,34,29,"{""sim_day"": 34.0, ""doy"": 197.0, ""topwt"": 1953.839263916016, ""grnwt"": 0.0, ""xlai"": 2.4115569591522217, ""totir"": 0.0, ""tofer"": NaN, ""swfac"": 0.0, ""nstres"": 0.0}",0.0,0.0,1953.839263916016,0.0,2.4115569591522217,0.0,,0.0,0.0,70.0,225.0,-8.670843505859366,19.32915649414064,Leave_One_experiments/all_year_offline_schedule_search/daily_outputs/YCA/YCA_2018_YCA2018_normal_grid_S0027_daily.csv
YCA,YCA,Yucheng,2018,Leave_One_experiments\wth_generated_qc\YCA\YCA2018.WTH,wet_year;nitrogen_stress_year;low_response_year,wet,YCA2018_normal_grid_S0027,top_yield,2018-07-17,198,35,30,"{""sim_day"": 35.0, ""doy"": 198.0, ""topwt"": 2205.8277893066406, ""grnwt"": 0.0, ""xlai"": 2.606862783432007, ""totir"": 0.0, ""tofer"": NaN, ""swfac"": 0.0, ""nstres"": 0.0}",0.0,0.0,2205.8277893066406,0.0,2.606862783432007,0.0,,0.0,75.0,70.0,225.0,-8.670843505859366,19.32915649414064,Leave_One_experiments/all_year_offline_schedule_search/daily_outputs/YCA/YCA_2018_YCA2018_normal_grid_S0027_daily.csv
YCA,YCA,Yucheng,2018,Leave_One_experiments\wth_generated_qc\YCA\YCA2018.WTH,wet_year;nitrogen_stress_year;low_response_year,wet,YCA2018_normal_grid_S0027,top_yield,2018-07-18,199,36,31,"{""sim_day"": 36.0, ""doy"": 199.0, ""topwt"": 2531.091766357422, ""grnwt"": 0.0, ""xlai"": 2.836284637451172, ""totir"": 0.0, ""tofer"": NaN, ""swfac"": 0.0, ""nstres"": 0.0}",0.0,0.0,2531.091766357422,0.0,2.836284637451172,0.0,,0.0,0.0,70.0,225.0,-8.670843505859366,19.32915649414064,Leave_One_experiments/all_year_offline_schedule_search/daily_outputs/YCA/YCA_2018_YCA2018_normal_grid_S0027_daily.csv
YCA,YCA,Yucheng,2018,Leave_One_experiments\wth_generated_qc\YCA\YCA2018.WTH,wet_year;nitrogen_stress_year;low_response_year,wet,YCA2018_normal_grid_S0027,top_yield,2018-07-19,200,37,32,"{""sim_day"": 37.0, ""doy"": 200.0, ""topwt"": 2879.790954589844, ""grnwt"": 0.0, ""xlai"": 3.060002565383911, ""totir"": 0.0, ""tofer"": NaN, ""swfac"": 0.0, ""nstres"": 0.0}",0.0,0.0,2879.790954589844,0.0,3.060002565383911,0.0,,0.0,0.0,70.0,225.0,-8.670843505859366,19.32915649414064,Leave_One_experiments/all_year_offline_schedule_search/daily_outputs/YCA/YCA_2018_YCA2018_normal_grid_S0027_daily.csv
YCA,YCA,Yucheng,2018,Leave_One_experiments\wth_generated_qc\YCA\YCA2018.WTH,wet_year;nitrogen_stress_year;low_response_year,wet,YCA2018_normal_grid_S0027,top_yield,2018-07-20,201,38,33,"{""sim_day"": 38.0, ""doy"": 201.0, ""topwt"": 3265.0714111328125, ""grnwt"": 0.0, ""xlai"": 3.28464412689209, ""totir"": 0.0, ""tofer"": NaN, ""swfac"": 0.0, ""nstres"": 0.0}",0.0,0.0,3265.0714111328125,0.0,3.28464412689209,0.0,,0.0,0.0,70.0,225.0,-8.670843505859366,19.32915649414064,Leave_One_experiments/all_year_offline_schedule_search/daily_outputs/YCA/YCA_2018_YCA2018_normal_grid_S0027_daily.csv
YCA,YCA,Yucheng,2018,Leave_One_experiments\wth_generated_qc\YCA\YCA2018.WTH,wet_year;nitrogen_stress_year;low_response_year,wet,YCA2018_normal_grid_S0027,top_yield,2018-07-21,202,39,34,"{""sim_day"": 39.0, ""doy"": 202.0, ""topwt"": 3671.489562988281, ""grnwt"": 0.0, ""xlai"": 3.50089168548584, ""totir"": 0.0, ""tofer"": NaN, ""swfac"": 0.0, ""nstres"": 0.0}",0.0,0.0,3671.489562988281,0.0,3.50089168548584,0.0,,0.0,0.0,70.0,225.0,-8.670843505859366,19.32915649414064,Leave_One_experiments/all_year_offline_schedule_search/daily_outputs/YCA/YCA_2018_YCA2018_normal_grid_S0027_daily.csv
YCA,YCA,Yucheng,2018,Leave_One_experiments\wth_generated_qc\YCA\YCA2018.WTH,wet_year;nitrogen_stress_year;low_response_year,wet,YCA2018_normal_grid_S0027,top_yield,2018-07-22,203,40,35,"{""sim_day"": 40.0, ""doy"": 203.0, ""topwt"": 4010.639343261719, ""grnwt"": 0.0, ""xlai"": 3.6667017936706543, ""totir"": 40.0, ""tofer"": NaN, ""swfac"": 0.0, ""nstres"": 0.0}",0.0,0.0,4010.639343261719,0.0,3.6667017936706543,40.0,,40.0,0.0,70.0,225.0,-8.670843505859366,19.32915649414064,Leave_One_experiments/all_year_offline_schedule_search/daily_outputs/YCA/YCA_2018_YCA2018_normal_grid_S0027_daily.csv
YCA,YCA,Yucheng,2018,Leave_One_experiments\wth_generated_qc\YCA\YCA2018.WTH,wet_year;nitrogen_stress_year;low_response_year,wet,YCA2018_normal_grid_S0027,top_yield,2018-07-23,204,41,36,"{""sim_day"": 41.0, ""doy"": 204.0, ""topwt"": 4429.833984375, ""grnwt"": 0.0, ""xlai"": 3.854878425598145, ""totir"": 40.0, ""tofer"": NaN, ""swfac"": 0.0, ""nstres"": 0.0}",0.0,0.0,4429.833984375,0.0,3.854878425598145,40.0,,0.0,0.0,70.0,225.0,-8.670843505859366,19.32915649414064,Leave_One_experiments/all_year_offline_schedule_search/daily_outputs/YCA/YCA_2018_YCA2018_normal_grid_S0027_daily.csv
YCA,YCA,Yucheng,2018,Leave_One_experiments\wth_generated_qc\YCA\YCA2018.WTH,wet_year;nitrogen_stress_year;low_response_year,wet,YCA2018_normal_grid_S0027,top_yield,2018-07-24,205,42,37,"{""sim_day"": 42.0, ""doy"": 205.0, ""topwt"": 4864.244995117188, ""grnwt"": 0.0, ""xlai"": 4.032890796661377, ""totir"": 40.0, ""tofer"": NaN, ""swfac"": 0.0, ""nstres"": 0.0}",0.0,0.0,4864.244995117188,0.0,4.032890796661377,40.0,,0.0,0.0,70.0,225.0,-8.670843505859366,19.32915649414064,Leave_One_experiments/all_year_offline_schedule_search/daily_outputs/YCA/YCA_2018_YCA2018_normal_grid_S0027_daily.csv
YCA,YCA,Yucheng,2018,Leave_One_experiments\wth_generated_qc\YCA\YCA2018.WTH,wet_year;nitrogen_stress_year;low_response_year,wet,YCA2018_normal_grid_S0027,top_yield,2018-07-25,206,43,38,"{""sim_day"": 43.0, ""doy"": 206.0, ""topwt"": 5275.111083984375, ""grnwt"": 0.0, ""xlai"": 4.258788585662842, ""totir"": 40.0, ""tofer"": NaN, ""swfac"": 0.0, ""nstres"": 0.0}",0.0,0.0,5275.111083984375,0.0,4.258788585662842,40.0,,0.0,0.0,70.0,225.0,-8.670843505859366,19.32915649414064,Leave_One_experiments/all_year_offline_schedule_search/daily_outputs/YCA/YCA_2018_YCA2018_normal_grid_S0027_daily.csv
YCA,YCA,Yucheng,2018,Leave_One_experiments\wth_generated_qc\YCA\YCA2018.WTH,wet_year;nitrogen_stress_year;low_response_year,wet,YCA2018_normal_grid_S0027,top_yield,2018-07-26,207,44,39,"{""sim_day"": 44.0, ""doy"": 207.0, ""topwt"": 5470.220947265625, ""grnwt"": 0.0, ""xlai"": 4.330794334411621, ""totir"": 40.0, ""tofer"": NaN, ""swfac"": 0.0, ""nstres"": 0.0}",0.0,0.0,5470.220947265625,0.0,4.330794334411621,40.0,,0.0,0.0,70.0,225.0,-8.670843505859366,19.32915649414064,Leave_One_experiments/all_year_offline_schedule_search/daily_outputs/YCA/YCA_2018_YCA2018_normal_grid_S0027_daily.csv
YCA,YCA,Yucheng,2018,Leave_One_experiments\wth_generated_qc\YCA\YCA2018.WTH,wet_year;nitrogen_stress_year;low_response_year,wet,YCA2018_normal_grid_S0027,top_yield,2018-07-27,208,45,40,"{""sim_day"": 45.0, ""doy"": 208.0, ""topwt"": 5818.155517578125, ""grnwt"": 0.0, ""xlai"": 4.44204044342041, ""totir"": 40.0, ""tofer"": NaN, ""swfac"": 0.0, ""nstres"": 0.0}",0.0,0.0,5818.155517578125,0.0,4.44204044342041,40.0,,0.0,0.0,70.0,225.0,-8.670843505859366,19.32915649414064,Leave_One_experiments/all_year_offline_schedule_search/daily_outputs/YCA/YCA_2018_YCA2018_normal_grid_S0027_daily.csv
YCA,YCA,Yucheng,2018,Leave_One_experiments\wth_generated_qc\YCA\YCA2018.WTH,wet_year;nitrogen_stress_year;low_response_year,wet,YCA2018_normal_grid_S0027,top_yield,2018-07-28,209,46,41,"{""sim_day"": 46.0, ""doy"": 209.0, ""topwt"": 6123.21533203125, ""grnwt"": 0.0, ""xlai"": 4.522002696990967, ""totir"": 40.0, ""tofer"": NaN, ""swfac"": 0.0, ""nstres"": 0.0}",0.0,0.0,6123.21533203125,0.0,4.522002696990967,40.0,,0.0,0.0,70.0,225.0,-8.670843505859366,19.32915649414064,Leave_One_experiments/all_year_offline_schedule_search/daily_outputs/YCA/YCA_2018_YCA2018_normal_grid_S0027_daily.csv
YCA,YCA,Yucheng,2018,Leave_One_experiments\wth_generated_qc\YCA\YCA2018.WTH,wet_year;nitrogen_stress_year;low_response_year,wet,YCA2018_normal_grid_S0027,top_yield,2018-07-29,210,47,42,"{""sim_day"": 47.0, ""doy"": 210.0, ""topwt"": 6515.8673095703125, ""grnwt"": 0.0, ""xlai"": 4.6158127784729, ""totir"": 40.0, ""tofer"": NaN, ""swfac"": 0.0, ""nstres"": 0.0}",0.0,0.0,6515.8673095703125,0.0,4.6158127784729,40.0,,0.0,0.0,70.0,225.0,-8.670843505859366,19.32915649414064,Leave_One_experiments/all_year_offline_schedule_search/daily_outputs/YCA/YCA_2018_YCA2018_normal_grid_S0027_daily.csv
YCA,YCA,Yucheng,2018,Leave_One_experiments\wth_generated_qc\YCA\YCA2018.WTH,wet_year;nitrogen_stress_year;low_response_year,wet,YCA2018_normal_grid_S0027,top_yield,2018-07-30,211,48,43,"{""sim_day"": 48.0, ""doy"": 211.0, ""topwt"": 6957.7923583984375, ""grnwt"": 0.0, ""xlai"": 4.710702419281006, ""totir"": 40.0, ""tofer"": NaN, ""swfac"": 0.0, ""nstres"": 0.0}",0.0,0.0,6957.7923583984375,0.0,4.710702419281006,40.0,,0.0,0.0,70.0,225.0,-8.670843505859366,19.32915649414064,Leave_One_experiments/all_year_offline_schedule_search/daily_outputs/YCA/YCA_2018_YCA2018_normal_grid_S0027_daily.csv
YCA,YCA,Yucheng,2018,Leave_One_experiments\wth_generated_qc\YCA\YCA2018.WTH,wet_year;nitrogen_stress_year;low_response_year,wet,YCA2018_normal_grid_S0027,top_yield,2018-07-31,212,49,44,"{""sim_day"": 49.0, ""doy"": 212.0, ""topwt"": 7404.6136474609375, ""grnwt"": 0.0, ""xlai"": 4.79513692855835, ""totir"": 40.0, ""tofer"": NaN, ""swfac"": 0.0, ""nstres"": 0.0}",0.0,0.0,7404.6136474609375,0.0,4.79513692855835,40.0,,0.0,0.0,70.0,225.0,-8.670843505859366,19.32915649414064,Leave_One_experiments/all_year_offline_schedule_search/daily_outputs/YCA/YCA_2018_YCA2018_normal_grid_S0027_daily.csv
YCA,YCA,Yucheng,2018,Leave_One_experiments\wth_generated_qc\YCA\YCA2018.WTH,wet_year;nitrogen_stress_year;low_response_year,wet,YCA2018_normal_grid_S0027,top_yield,2018-08-01,213,50,45,"{""sim_day"": 50.0, ""doy"": 213.0, ""topwt"": 7819.38232421875, ""grnwt"": 0.0, ""xlai"": 4.861968517303467, ""totir"": 40.0, ""tofer"": NaN, ""swfac"": 0.0, ""nstres"": 0.014741837978363}",0.0,0.014741837978363,7819.38232421875,0.0,4.861968517303467,40.0,,0.0,0.0,70.0,225.0,-8.670843505859366,19.32915649414064,Leave_One_experiments/all_year_offline_schedule_search/daily_outputs/YCA/YCA_2018_YCA2018_normal_grid_S0027_daily.csv
YCA,YCA,Yucheng,2018,Leave_One_experiments\wth_generated_qc\YCA\YCA2018.WTH,wet_year;nitrogen_stress_year;low_response_year,wet,YCA2018_normal_grid_S0027,top_yield,2018-08-02,214,51,46,"{""sim_day"": 51.0, ""doy"": 214.0, ""topwt"": 8200.457153320312, ""grnwt"": 0.0, ""xlai"": 4.917674541473389, ""totir"": 40.0, ""tofer"": NaN, ""swfac"": 0.0, ""nstres"": 0.0293405055999755}",0.0,0.0293405055999755,8200.457153320312,0.0,4.917674541473389,40.0,,0.0,0.0,70.0,225.0,-8.670843505859366,19.32915649414064,Leave_One_experiments/all_year_offline_schedule_search/daily_outputs/YCA/YCA_2018_YCA2018_normal_grid_S0027_daily.csv
YCA,YCA,Yucheng,2018,Leave_One_experiments\wth_generated_qc\YCA\YCA2018.WTH,wet_year;nitrogen_stress_year;low_response_year,wet,YCA2018_normal_grid_S0027,top_yield,2018-08-03,215,52,47,"{""sim_day"": 52.0, ""doy"": 215.0, ""topwt"": 8616.281127929688, ""grnwt"": 0.0, ""xlai"": 4.978817462921143, ""totir"": 40.0, ""tofer"": NaN, ""swfac"": 0.0, ""nstres"": 0.0391049981117248}",0.0,0.0391049981117248,8616.281127929688,0.0,4.978817462921143,40.0,,0.0,0.0,70.0,225.0,-8.670843505859366,19.32915649414064,Leave_One_experiments/all_year_offline_schedule_search/daily_outputs/YCA/YCA_2018_YCA2018_normal_grid_S0027_daily.csv
YCA,YCA,Yucheng,2018,Leave_One_experiments\wth_generated_qc\YCA\YCA2018.WTH,wet_year;nitrogen_stress_year;low_response_year,wet,YCA2018_normal_grid_S0027,top_yield,2018-08-04,216,53,48,"{""sim_day"": 53.0, ""doy"": 216.0, ""topwt"": 8927.938232421875, ""grnwt"": 0.0, ""xlai"": 5.012482643127441, ""totir"": 40.0, ""tofer"": NaN, ""swfac"": 0.0, ""nstres"": 0.0449433326721191}",0.0,0.0449433326721191,8927.938232421875,0.0,5.012482643127441,40.0,,0.0,0.0,70.0,225.0,-8.670843505859366,19.32915649414064,Leave_One_experiments/all_year_offline_schedule_search/daily_outputs/YCA/YCA_2018_YCA2018_normal_grid_S0027_daily.csv
YCA,YCA,Yucheng,2018,Leave_One_experiments\wth_generated_qc\YCA\YCA2018.WTH,wet_year;nitrogen_stress_year;low_response_year,wet,YCA2018_normal_grid_S0027,top_yield,2018-08-05,217,54,49,"{""sim_day"": 54.0, ""doy"": 217.0, ""topwt"": 9246.287841796877, ""grnwt"": 0.0, ""xlai"": 4.971882343292236, ""totir"": 40.0, ""tofer"": NaN, ""swfac"": 0.0, ""nstres"": 0.0475602746009826}",0.0,0.0475602746009826,9246.287841796877,0.0,4.971882343292236,40.0,,0.0,0.0,70.0,225.0,-8.670843505859366,19.32915649414064,Leave_One_experiments/all_year_offline_schedule_search/daily_outputs/YCA/YCA_2018_YCA2018_normal_grid_S0027_daily.csv
YCA,YCA,Yucheng,2018,Leave_One_experiments\wth_generated_qc\YCA\YCA2018.WTH,wet_year;nitrogen_stress_year;low_response_year,wet,YCA2018_normal_grid_S0027,top_yield,2018-08-06,218,55,50,"{""sim_day"": 55.0, ""doy"": 218.0, ""topwt"": 9541.353759765623, ""grnwt"": 0.0, ""xlai"": 4.933225631713867, ""totir"": 40.0, ""tofer"": NaN, ""swfac"": 0.0, ""nstres"": 0.0404706001281738}",0.0,0.0404706001281738,9541.353759765623,0.0,4.933225631713867,40.0,,0.0,0.0,70.0,225.0,-8.670843505859366,19.32915649414064,Leave_One_experiments/all_year_offline_schedule_search/daily_outputs/YCA/YCA_2018_YCA2018_normal_grid_S0027_daily.csv
YCA,YCA,Yucheng,2018,Leave_One_experiments\wth_generated_qc\YCA\YCA2018.WTH,wet_year;nitrogen_stress_year;low_response_year,wet,YCA2018_normal_grid_S0027,top_yield,2018-08-07,219,56,51,"{""sim_day"": 56.0, ""doy"": 219.0, ""topwt"": 9803.20556640625, ""grnwt"": 0.0, ""xlai"": 4.896395683288574, ""totir"": 40.0, ""tofer"": NaN, ""swfac"": 0.0, ""nstres"": 0.0309950709342956}",0.0,0.0309950709342956,9803.20556640625,0.0,4.896395683288574,40.0,,0.0,0.0,70.0,225.0,-8.670843505859366,19.32915649414064,Leave_One_experiments/all_year_offline_schedule_search/daily_outputs/YCA/YCA_2018_YCA2018_normal_grid_S0027_daily.csv
YCA,YCA,Yucheng,2018,Leave_One_experiments\wth_generated_qc\YCA\YCA2018.WTH,wet_year;nitrogen_stress_year;low_response_year,wet,YCA2018_normal_grid_S0027,top_yield,2018-08-08,220,57,52,"{""sim_day"": 57.0, ""doy"": 220.0, ""topwt"": 10014.923706054688, ""grnwt"": 0.0, ""xlai"": 4.8612823486328125, ""totir"": 40.0, ""tofer"": NaN, ""swfac"": 0.0, ""nstres"": 0.0198789238929748}",0.0,0.0198789238929748,10014.923706054688,0.0,4.8612823486328125,40.0,,0.0,0.0,70.0,225.0,-8.670843505859366,19.32915649414064,Leave_One_experiments/all_year_offline_schedule_search/daily_outputs/YCA/YCA_2018_YCA2018_normal_grid_S0027_daily.csv
YCA,YCA,Yucheng,2018,Leave_One_experiments\wth_generated_qc\YCA\YCA2018.WTH,wet_year;nitrogen_stress_year;low_response_year,wet,YCA2018_normal_grid_S0027,top_yield,2018-08-09,221,58,53,"{""sim_day"": 58.0, ""doy"": 221.0, ""topwt"": 10386.39404296875, ""grnwt"": 0.0, ""xlai"": 4.827786922454834, ""totir"": 40.0, ""tofer"": NaN, ""swfac"": 0.0, ""nstres"": 0.0063031911849975}",0.0,0.0063031911849975,10386.39404296875,0.0,4.827786922454834,40.0,,0.0,0.0,70.0,225.0,-8.670843505859366,19.32915649414064,Leave_One_experiments/all_year_offline_schedule_search/daily_outputs/YCA/YCA_2018_YCA2018_normal_grid_S0027_daily.csv
YCA,YCA,Yucheng,2018,Leave_One_experiments\wth_generated_qc\YCA\YCA2018.WTH,wet_year;nitrogen_stress_year;low_response_year,wet,YCA2018_normal_grid_S0027,top_yield,2018-08-10,222,59,54,"{""sim_day"": 59.0, ""doy"": 222.0, ""topwt"": 10732.589111328123, ""grnwt"": 0.0, ""xlai"": 4.795815944671631, ""totir"": 40.0, ""tofer"": NaN, ""swfac"": 0.0, ""nstres"": 0.0}",0.0,0.0,10732.589111328123,0.0,4.795815944671631,40.0,,0.0,0.0,70.0,225.0,-8.670843505859366,19.32915649414064,Leave_One_experiments/all_year_offline_schedule_search/daily_outputs/YCA/YCA_2018_YCA2018_normal_grid_S0027_daily.csv
YCA,YCA,Yucheng,2018,Leave_One_experiments\wth_generated_qc\YCA\YCA2018.WTH,wet_year;nitrogen_stress_year;low_response_year,wet,YCA2018_normal_grid_S0027,top_yield,2018-08-11,223,60,55,"{""sim_day"": 60.0, ""doy"": 223.0, ""topwt"": 11113.575439453123, ""grnwt"": 0.0, ""xlai"": 4.765283107757568, ""totir"": 40.0, ""tofer"": NaN, ""swfac"": 0.0, ""nstres"": 0.0}",0.0,0.0,11113.575439453123,0.0,4.765283107757568,40.0,,0.0,0.0,70.0,225.0,-8.670843505859366,19.32915649414064,Leave_One_experiments/all_year_offline_schedule_search/daily_outputs/YCA/YCA_2018_YCA2018_normal_grid_S0027_daily.csv
YCA,YCA,Yucheng,2018,Leave_One_experiments\wth_generated_qc\YCA\YCA2018.WTH,wet_year;nitrogen_stress_year;low_response_year,wet,YCA2018_normal_grid_S0027,top_yield,2018-08-12,224,61,56,"{""sim_day"": 61.0, ""doy"": 224.0, ""topwt"": 11310.828857421877, ""grnwt"": 0.0, ""xlai"": 4.736108303070068, ""totir"": 40.0, ""tofer"": NaN, ""swfac"": 0.0, ""nstres"": 0.0}",0.0,0.0,11310.828857421877,0.0,4.736108303070068,40.0,,0.0,0.0,70.0,225.0,-8.670843505859366,19.32915649414064,Leave_One_experiments/all_year_offline_schedule_search/daily_outputs/YCA/YCA_2018_YCA2018_normal_grid_S0027_daily.csv
YCA,YCA,Yucheng,2018,Leave_One_experiments\wth_generated_qc\YCA\YCA2018.WTH,wet_year;nitrogen_stress_year;low_response_year,wet,YCA2018_normal_grid_S0027,top_yield,2018-08-13,225,62,57,"{""sim_day"": 62.0, ""doy"": 225.0, ""topwt"": 11364.525146484377, ""grnwt"": 287.2943305969238, ""xlai"": 4.708218097686768, ""totir"": 40.0, ""tofer"": NaN, ""swfac"": 0.0, ""nstres"": 0.0}",0.0,0.0,11364.525146484377,287.2943305969238,4.708218097686768,40.0,,0.0,0.0,70.0,225.0,-8.670843505859366,19.32915649414064,Leave_One_experiments/all_year_offline_schedule_search/daily_outputs/YCA/YCA_2018_YCA2018_normal_grid_S0027_daily.csv
YCA,YCA,Yucheng,2018,Leave_One_experiments\wth_generated_qc\YCA\YCA2018.WTH,wet_year;nitrogen_stress_year;low_response_year,wet,YCA2018_normal_grid_S0027,top_yield,2018-08-14,226,63,58,"{""sim_day"": 63.0, ""doy"": 226.0, ""topwt"": 11708.897705078123, ""grnwt"": 567.4062728881836, ""xlai"": 4.681542873382568, ""totir"": 40.0, ""tofer"": NaN, ""swfac"": 0.0, ""nstres"": 0.0}",0.0,0.0,11708.897705078123,567.4062728881836,4.681542873382568,40.0,,0.0,0.0,70.0,225.0,-8.670843505859366,19.32915649414064,Leave_One_experiments/all_year_offline_schedule_search/daily_outputs/YCA/YCA_2018_YCA2018_normal_grid_S0027_daily.csv
YCA,YCA,Yucheng,2018,Leave_One_experiments\wth_generated_qc\YCA\YCA2018.WTH,wet_year;nitrogen_stress_year;low_response_year,wet,YCA2018_normal_grid_S0027,top_yield,2018-08-15,227,64,59,"{""sim_day"": 64.0, ""doy"": 227.0, ""topwt"": 12009.276123046877, ""grnwt"": 854.7006225585938, ""xlai"": 4.656017303466797, ""totir"": 40.0, ""tofer"": NaN, ""swfac"": 0.0, ""nstres"": 0.0}",0.0,0.0,12009.276123046877,854.7006225585938,4.656017303466797,40.0,,0.0,0.0,70.0,225.0,-8.670843505859366,19.32915649414064,Leave_One_experiments/all_year_offline_schedule_search/daily_outputs/YCA/YCA_2018_YCA2018_normal_grid_S0027_daily.csv
YCA,YCA,Yucheng,2018,Leave_One_experiments\wth_generated_qc\YCA\YCA2018.WTH,wet_year;nitrogen_stress_year;low_response_year,wet,YCA2018_normal_grid_S0027,top_yield,2018-08-16,228,65,60,"{""sim_day"": 65.0, ""doy"": 228.0, ""topwt"": 12388.8818359375, ""grnwt"": 1141.9949340820312, ""xlai"": 4.631581783294678, ""totir"": 40.0, ""tofer"": NaN, ""swfac"": 0.0, ""nstres"": 0.0}",0.0,0.0,12388.8818359375,1141.9949340820312,4.631581783294678,40.0,,0.0,75.0,70.0,225.0,-8.670843505859366,19.32915649414064,Leave_One_experiments/all_year_offline_schedule_search/daily_outputs/YCA/YCA_2018_YCA2018_normal_grid_S0027_daily.csv
YCA,YCA,Yucheng,2018,Leave_One_experiments\wth_generated_qc\YCA\YCA2018.WTH,wet_year;nitrogen_stress_year;low_response_year,wet,YCA2018_normal_grid_S0027,top_yield,2018-08-17,229,66,61,"{""sim_day"": 66.0, ""doy"": 229.0, ""topwt"": 12487.730712890623, ""grnwt"": 1429.2892456054688, ""xlai"": 4.608180522918701, ""totir"": 40.0, ""tofer"": NaN, ""swfac"": 0.0, ""nstres"": 0.0}",0.0,0.0,12487.730712890623,1429.2892456054688,4.608180522918701,40.0,,0.0,0.0,70.0,225.0,-8.670843505859366,19.32915649414064,Leave_One_experiments/all_year_offline_schedule_search/daily_outputs/YCA/YCA_2018_YCA2018_normal_grid_S0027_daily.csv
YCA,YCA,Yucheng,2018,Leave_One_experiments\wth_generated_qc\YCA\YCA2018.WTH,wet_year;nitrogen_stress_year;low_response_year,wet,YCA2018_normal_grid_S0027,top_yield,2018-08-18,230,67,62,"{""sim_day"": 67.0, ""doy"": 230.0, ""topwt"": 12520.655517578123, ""grnwt"": 1716.5835571289062, ""xlai"": 4.577833652496338, ""totir"": 40.0, ""tofer"": NaN, ""swfac"": 0.0, ""nstres"": 0.0}",0.0,0.0,12520.655517578123,1716.5835571289062,4.577833652496338,40.0,,0.0,0.0,70.0,225.0,-8.670843505859366,19.32915649414064,Leave_One_experiments/all_year_offline_schedule_search/daily_outputs/YCA/YCA_2018_YCA2018_normal_grid_S0027_daily.csv
YCA,YCA,Yucheng,2018,Leave_One_experiments\wth_generated_qc\YCA\YCA2018.WTH,wet_year;nitrogen_stress_year;low_response_year,wet,YCA2018_normal_grid_S0027,top_yield,2018-08-19,231,68,63,"{""sim_day"": 68.0, ""doy"": 231.0, ""topwt"": 12871.961669921877, ""grnwt"": 2003.877868652344, ""xlai"": 4.536269187927246, ""totir"": 40.0, ""tofer"": NaN, ""swfac"": 0.0, ""nstres"": 0.0}",0.0,0.0,12871.961669921877,2003.877868652344,4.536269187927246,40.0,,0.0,0.0,70.0,225.0,-8.670843505859366,19.32915649414064,Leave_One_experiments/all_year_offline_schedule_search/daily_outputs/YCA/YCA_2018_YCA2018_normal_grid_S0027_daily.csv
YCA,YCA,Yucheng,2018,Leave_One_experiments\wth_generated_qc\YCA\YCA2018.WTH,wet_year;nitrogen_stress_year;low_response_year,wet,YCA2018_normal_grid_S0027,top_yield,2018-08-20,232,69,64,"{""sim_day"": 69.0, ""doy"": 232.0, ""topwt"": 13230.18798828125, ""grnwt"": 2291.1720275878906, ""xlai"": 4.489159107208252, ""totir"": 40.0, ""tofer"": NaN, ""swfac"": 0.0, ""nstres"": 0.0}",0.0,0.0,13230.18798828125,2291.1720275878906,4.489159107208252,40.0,,0.0,0.0,70.0,225.0,-8.670843505859366,19.32915649414064,Leave_One_experiments/all_year_offline_schedule_search/daily_outputs/YCA/YCA_2018_YCA2018_normal_grid_S0027_daily.csv
YCA,YCA,Yucheng,2018,Leave_One_experiments\wth_generated_qc\YCA\YCA2018.WTH,wet_year;nitrogen_stress_year;low_response_year,wet,YCA2018_normal_grid_S0027,top_yield,2018-08-21,233,70,65,"{""sim_day"": 70.0, ""doy"": 233.0, ""topwt"": 13433.1689453125, ""grnwt"": 2578.4664916992188, ""xlai"": 4.436646938323975, ""totir"": 70.0, ""tofer"": NaN, ""swfac"": 0.0, ""nstres"": 0.0}",0.0,0.0,13433.1689453125,2578.4664916992188,4.436646938323975,70.0,,30.0,0.0,70.0,225.0,-8.670843505859366,19.32915649414064,Leave_One_experiments/all_year_offline_schedule_search/daily_outputs/YCA/YCA_2018_YCA2018_normal_grid_S0027_daily.csv
YCA,YCA,Yucheng,2018,Leave_One_experiments\wth_generated_qc\YCA\YCA2018.WTH,wet_year;nitrogen_stress_year;low_response_year,wet,YCA2018_normal_grid_S0027,top_yield,2018-08-22,234,71,66,"{""sim_day"": 71.0, ""doy"": 234.0, ""topwt"": 13802.984619140623, ""grnwt"": 2865.760498046875, ""xlai"": 4.377562522888184, ""totir"": 70.0, ""tofer"": NaN, ""swfac"": 0.0, ""nstres"": 0.0}",0.0,0.0,13802.984619140623,2865.760498046875,4.377562522888184,70.0,,0.0,0.0,70.0,225.0,-8.670843505859366,19.32915649414064,Leave_One_experiments/all_year_offline_schedule_search/daily_outputs/YCA/YCA_2018_YCA2018_normal_grid_S0027_daily.csv
YCA,YCA,Yucheng,2018,Leave_One_experiments\wth_generated_qc\YCA\YCA2018.WTH,wet_year;nitrogen_stress_year;low_response_year,wet,YCA2018_normal_grid_S0027,top_yield,2018-08-23,235,72,67,"{""sim_day"": 72.0, ""doy"": 235.0, ""topwt"": 14184.59716796875, ""grnwt"": 3153.0548095703125, ""xlai"": 4.315968036651611, ""totir"": 70.0, ""tofer"": NaN, ""swfac"": 0.0, ""nstres"": 0.0}",0.0,0.0,14184.59716796875,3153.0548095703125,4.315968036651611,70.0,,0.0,0.0,70.0,225.0,-8.670843505859366,19.32915649414064,Leave_One_experiments/all_year_offline_schedule_search/daily_outputs/YCA/YCA_2018_YCA2018_normal_grid_S0027_daily.csv
YCA,YCA,Yucheng,2018,Leave_One_experiments\wth_generated_qc\YCA\YCA2018.WTH,wet_year;nitrogen_stress_year;low_response_year,wet,YCA2018_normal_grid_S0027,top_yield,2018-08-24,236,73,68,"{""sim_day"": 73.0, ""doy"": 236.0, ""topwt"": 14570.77880859375, ""grnwt"": 3440.34912109375, ""xlai"": 4.247372627258301, ""totir"": 70.0, ""tofer"": NaN, ""swfac"": 0.0, ""nstres"": 0.0}",0.0,0.0,14570.77880859375,3440.34912109375,4.247372627258301,70.0,,0.0,0.0,70.0,225.0,-8.670843505859366,19.32915649414064,Leave_One_experiments/all_year_offline_schedule_search/daily_outputs/YCA/YCA_2018_YCA2018_normal_grid_S0027_daily.csv
YCA,YCA,Yucheng,2018,Leave_One_experiments\wth_generated_qc\YCA\YCA2018.WTH,wet_year;nitrogen_stress_year;low_response_year,wet,YCA2018_normal_grid_S0027,top_yield,2018-08-25,237,74,69,"{""sim_day"": 74.0, ""doy"": 237.0, ""topwt"": 14927.874755859377, ""grnwt"": 3727.643432617188, ""xlai"": 4.164892673492432, ""totir"": 70.0, ""tofer"": NaN, ""swfac"": 0.0, ""nstres"": 0.0}",0.0,0.0,14927.874755859377,3727.643432617188,4.164892673492432,70.0,,0.0,0.0,70.0,225.0,-8.670843505859366,19.32915649414064,Leave_One_experiments/all_year_offline_schedule_search/daily_outputs/YCA/YCA_2018_YCA2018_normal_grid_S0027_daily.csv
YCA,YCA,Yucheng,2018,Leave_One_experiments\wth_generated_qc\YCA\YCA2018.WTH,wet_year;nitrogen_stress_year;low_response_year,wet,YCA2018_normal_grid_S0027,top_yield,2018-08-26,238,75,70,"{""sim_day"": 75.0, ""doy"": 238.0, ""topwt"": 15307.5732421875, ""grnwt"": 4014.937744140625, ""xlai"": 4.081345558166504, ""totir"": 70.0, ""tofer"": NaN, ""swfac"": 0.0, ""nstres"": 0.0}",0.0,0.0,15307.5732421875,4014.937744140625,4.081345558166504,70.0,,0.0,0.0,70.0,225.0,-8.670843505859366,19.32915649414064,Leave_One_experiments/all_year_offline_schedule_search/daily_outputs/YCA/YCA_2018_YCA2018_normal_grid_S0027_daily.csv
YCA,YCA,Yucheng,2018,Leave_One_experiments\wth_generated_qc\YCA\YCA2018.WTH,wet_year;nitrogen_stress_year;low_response_year,wet,YCA2018_normal_grid_S0027,top_yield,2018-08-27,239,76,71,"{""sim_day"": 76.0, ""doy"": 239.0, ""topwt"": 15593.30810546875, ""grnwt"": 4282.48046875, ""xlai"": 3.979559183120728, ""totir"": 70.0, ""tofer"": NaN, ""swfac"": 0.0, ""nstres"": 0.0}",0.0,0.0,15593.30810546875,4282.48046875,3.979559183120728,70.0,,0.0,0.0,70.0,225.0,-8.670843505859366,19.32915649414064,Leave_One_experiments/all_year_offline_schedule_search/daily_outputs/YCA/YCA_2018_YCA2018_normal_grid_S0027_daily.csv
YCA,YCA,Yucheng,2018,Leave_One_experiments\wth_generated_qc\YCA\YCA2018.WTH,wet_year;nitrogen_stress_year;low_response_year,wet,YCA2018_normal_grid_S0027,top_yield,2018-08-28,240,77,72,"{""sim_day"": 77.0, ""doy"": 240.0, ""topwt"": 15844.691162109377, ""grnwt"": 4533.863220214844, ""xlai"": 3.8654866218566895, ""totir"": 70.0, ""tofer"": NaN, ""swfac"": 0.0, ""nstres"": 0.0}",0.0,0.0,15844.691162109377,4533.863220214844,3.8654866218566895,70.0,,0.0,0.0,70.0,225.0,-8.670843505859366,19.32915649414064,Leave_One_experiments/all_year_offline_schedule_search/daily_outputs/YCA/YCA_2018_YCA2018_normal_grid_S0027_daily.csv
YCA,YCA,Yucheng,2018,Leave_One_experiments\wth_generated_qc\YCA\YCA2018.WTH,wet_year;nitrogen_stress_year;low_response_year,wet,YCA2018_normal_grid_S0027,top_yield,2018-08-29,241,78,73,"{""sim_day"": 78.0, ""doy"": 241.0, ""topwt"": 15980.592041015623, ""grnwt"": 4821.157531738281, ""xlai"": 3.76187801361084, ""totir"": 70.0, ""tofer"": NaN, ""swfac"": 0.0, ""nstres"": 0.0}",0.0,0.0,15980.592041015623,4821.157531738281,3.76187801361084,70.0,,0.0,0.0,70.0,225.0,-8.670843505859366,19.32915649414064,Leave_One_experiments/all_year_offline_schedule_search/daily_outputs/YCA/YCA_2018_YCA2018_normal_grid_S0027_daily.csv
YCA,YCA,Yucheng,2018,Leave_One_experiments\wth_generated_qc\YCA\YCA2018.WTH,wet_year;nitrogen_stress_year;low_response_year,wet,YCA2018_normal_grid_S0027,top_yield,2018-08-30,242,79,74,"{""sim_day"": 79.0, ""doy"": 242.0, ""topwt"": 16274.3017578125, ""grnwt"": 5108.451843261719, ""xlai"": 3.65679669380188, ""totir"": 70.0, ""tofer"": NaN, ""swfac"": 0.0, ""nstres"": 0.0}",0.0,0.0,16274.3017578125,5108.451843261719,3.65679669380188,70.0,,0.0,0.0,70.0,225.0,-8.670843505859366,19.32915649414064,Leave_One_experiments/all_year_offline_schedule_search/daily_outputs/YCA/YCA_2018_YCA2018_normal_grid_S0027_daily.csv
YCA,YCA,Yucheng,2018,Leave_One_experiments\wth_generated_qc\YCA\YCA2018.WTH,wet_year;nitrogen_stress_year;low_response_year,wet,YCA2018_normal_grid_S0027,top_yield,2018-08-31,243,80,75,"{""sim_day"": 80.0, ""doy"": 243.0, ""topwt"": 16621.436767578125, ""grnwt"": 5395.745849609375, ""xlai"": 3.530704498291016, ""totir"": 70.0, ""tofer"": NaN, ""swfac"": 0.0, ""nstres"": 0.0}",0.0,0.0,16621.436767578125,5395.745849609375,3.530704498291016,70.0,,0.0,0.0,70.0,225.0,-8.670843505859366,19.32915649414064,Leave_One_experiments/all_year_offline_schedule_search/daily_outputs/YCA/YCA_2018_YCA2018_normal_grid_S0027_daily.csv
YCA,YCA,Yucheng,2018,Leave_One_experiments\wth_generated_qc\YCA\YCA2018.WTH,wet_year;nitrogen_stress_year;low_response_year,wet,YCA2018_normal_grid_S0027,top_yield,2018-09-01,244,81,76,"{""sim_day"": 81.0, ""doy"": 244.0, ""topwt"": 16758.64013671875, ""grnwt"": 5683.0401611328125, ""xlai"": 3.407598733901977, ""totir"": 70.0, ""tofer"": NaN, ""swfac"": 0.0, ""nstres"": 0.0}",0.0,0.0,16758.64013671875,5683.0401611328125,3.407598733901977,70.0,,0.0,0.0,70.0,225.0,-8.670843505859366,19.32915649414064,Leave_One_experiments/all_year_offline_schedule_search/daily_outputs/YCA/YCA_2018_YCA2018_normal_grid_S0027_daily.csv
YCA,YCA,Yucheng,2018,Leave_One_experiments\wth_generated_qc\YCA\YCA2018.WTH,wet_year;nitrogen_stress_year;low_response_year,wet,YCA2018_normal_grid_S0027,top_yield,2018-09-02,245,82,77,"{""sim_day"": 82.0, ""doy"": 245.0, ""topwt"": 17095.135498046875, ""grnwt"": 5959.5611572265625, ""xlai"": 3.2505862712860107, ""totir"": 70.0, ""tofer"": NaN, ""swfac"": 0.0, ""nstres"": 0.0}",0.0,0.0,17095.135498046875,5959.5611572265625,3.2505862712860107,70.0,,0.0,0.0,70.0,225.0,-8.670843505859366,19.32915649414064,Leave_One_experiments/all_year_offline_schedule_search/daily_outputs/YCA/YCA_2018_YCA2018_normal_grid_S0027_daily.csv
YCA,YCA,Yucheng,2018,Leave_One_experiments\wth_generated_qc\YCA\YCA2018.WTH,wet_year;nitrogen_stress_year;low_response_year,wet,YCA2018_normal_grid_S0027,top_yield,2018-09-03,246,83,78,"{""sim_day"": 83.0, ""doy"": 246.0, ""topwt"": 17451.92626953125, ""grnwt"": 6246.85546875, ""xlai"": 3.120979070663452, ""totir"": 70.0, ""tofer"": NaN, ""swfac"": 0.0, ""nstres"": 0.0}",0.0,0.0,17451.92626953125,6246.85546875,3.120979070663452,70.0,,0.0,0.0,70.0,225.0,-8.670843505859366,19.32915649414064,Leave_One_experiments/all_year_offline_schedule_search/daily_outputs/YCA/YCA_2018_YCA2018_normal_grid_S0027_daily.csv
YCA,YCA,Yucheng,2018,Leave_One_experiments\wth_generated_qc\YCA\YCA2018.WTH,wet_year;nitrogen_stress_year;low_response_year,wet,YCA2018_normal_grid_S0027,top_yield,2018-09-04,247,84,79,"{""sim_day"": 84.0, ""doy"": 247.0, ""topwt"": 17741.795654296875, ""grnwt"": 6534.1497802734375, ""xlai"": 2.974306583404541, ""totir"": 70.0, ""tofer"": NaN, ""swfac"": 0.0, ""nstres"": 0.0}",0.0,0.0,17741.795654296875,6534.1497802734375,2.974306583404541,70.0,,0.0,0.0,70.0,225.0,-8.670843505859366,19.32915649414064,Leave_One_experiments/all_year_offline_schedule_search/daily_outputs/YCA/YCA_2018_YCA2018_normal_grid_S0027_daily.csv
YCA,YCA,Yucheng,2018,Leave_One_experiments\wth_generated_qc\YCA\YCA2018.WTH,wet_year;nitrogen_stress_year;low_response_year,wet,YCA2018_normal_grid_S0027,top_yield,2018-09-05,248,85,80,"{""sim_day"": 85.0, ""doy"": 248.0, ""topwt"": 18090.489501953125, ""grnwt"": 6821.444091796875, ""xlai"": 2.795154333114624, ""totir"": 70.0, ""tofer"": NaN, ""swfac"": 0.0, ""nstres"": 0.0}",0.0,0.0,18090.489501953125,6821.444091796875,2.795154333114624,70.0,,0.0,0.0,70.0,225.0,-8.670843505859366,19.32915649414064,Leave_One_experiments/all_year_offline_schedule_search/daily_outputs/YCA/YCA_2018_YCA2018_normal_grid_S0027_daily.csv
YCA,YCA,Yucheng,2018,Leave_One_experiments\wth_generated_qc\YCA\YCA2018.WTH,wet_year;nitrogen_stress_year;low_response_year,wet,YCA2018_normal_grid_S0027,top_yield,2018-09-06,249,86,81,"{""sim_day"": 86.0, ""doy"": 249.0, ""topwt"": 18419.566650390625, ""grnwt"": 7108.7384033203125, ""xlai"": 2.667926073074341, ""totir"": 70.0, ""tofer"": NaN, ""swfac"": 0.0, ""nstres"": 0.0}",0.0,0.0,18419.566650390625,7108.7384033203125,2.667926073074341,70.0,,0.0,0.0,70.0,225.0,-8.670843505859366,19.32915649414064,Leave_One_experiments/all_year_offline_schedule_search/daily_outputs/YCA/YCA_2018_YCA2018_normal_grid_S0027_daily.csv
YCA,YCA,Yucheng,2018,Leave_One_experiments\wth_generated_qc\YCA\YCA2018.WTH,wet_year;nitrogen_stress_year;low_response_year,wet,YCA2018_normal_grid_S0027,top_yield,2018-09-07,250,87,82,"{""sim_day"": 87.0, ""doy"": 250.0, ""topwt"": 18706.86279296875, ""grnwt"": 7396.03271484375, ""xlai"": 2.5293333530426025, ""totir"": 70.0, ""tofer"": NaN, ""swfac"": 0.0, ""nstres"": 0.0}",0.0,0.0,18706.86279296875,7396.03271484375,2.5293333530426025,70.0,,0.0,0.0,70.0,225.0,-8.670843505859366,19.32915649414064,Leave_One_experiments/all_year_offline_schedule_search/daily_outputs/YCA/YCA_2018_YCA2018_normal_grid_S0027_daily.csv
YCA,YCA,Yucheng,2018,Leave_One_experiments\wth_generated_qc\YCA\YCA2018.WTH,wet_year;nitrogen_stress_year;low_response_year,wet,YCA2018_normal_grid_S0027,top_yield,2018-09-08,251,88,83,"{""sim_day"": 88.0, ""doy"": 251.0, ""topwt"": 18994.158935546875, ""grnwt"": 7683.3270263671875, ""xlai"": 2.3836302757263184, ""totir"": 70.0, ""tofer"": NaN, ""swfac"": 0.0, ""nstres"": 0.0}",0.0,0.0,18994.158935546875,7683.3270263671875,2.3836302757263184,70.0,,0.0,0.0,70.0,225.0,-8.670843505859366,19.32915649414064,Leave_One_experiments/all_year_offline_schedule_search/daily_outputs/YCA/YCA_2018_YCA2018_normal_grid_S0027_daily.csv
YCA,YCA,Yucheng,2018,Leave_One_experiments\wth_generated_qc\YCA\YCA2018.WTH,wet_year;nitrogen_stress_year;low_response_year,wet,YCA2018_normal_grid_S0027,top_yield,2018-09-09,252,89,84,"{""sim_day"": 89.0, ""doy"": 252.0, ""topwt"": 19281.45263671875, ""grnwt"": 7970.621337890625, ""xlai"": 2.224006175994873, ""totir"": 70.0, ""tofer"": NaN, ""swfac"": 0.0, ""nstres"": 0.0}",0.0,0.0,19281.45263671875,7970.621337890625,2.224006175994873,70.0,,0.0,0.0,70.0,225.0,-8.670843505859366,19.32915649414064,Leave_One_experiments/all_year_offline_schedule_search/daily_outputs/YCA/YCA_2018_YCA2018_normal_grid_S0027_daily.csv
YCA,YCA,Yucheng,2018,Leave_One_experiments\wth_generated_qc\YCA\YCA2018.WTH,wet_year;nitrogen_stress_year;low_response_year,wet,YCA2018_normal_grid_S0027,top_yield,2018-09-10,253,90,85,"{""sim_day"": 90.0, ""doy"": 253.0, ""topwt"": 19568.746337890625, ""grnwt"": 8257.915649414062, ""xlai"": 2.056166648864746, ""totir"": 70.0, ""tofer"": NaN, ""swfac"": 0.0, ""nstres"": 0.0}",0.0,0.0,19568.746337890625,8257.915649414062,2.056166648864746,70.0,,0.0,0.0,70.0,225.0,-8.670843505859366,19.32915649414064,Leave_One_experiments/all_year_offline_schedule_search/daily_outputs/YCA/YCA_2018_YCA2018_normal_grid_S0027_daily.csv
YCA,YCA,Yucheng,2018,Leave_One_experiments\wth_generated_qc\YCA\YCA2018.WTH,wet_year;nitrogen_stress_year;low_response_year,wet,YCA2018_normal_grid_S0027,top_yield,2018-09-11,254,91,86,"{""sim_day"": 91.0, ""doy"": 254.0, ""topwt"": 19568.746337890625, ""grnwt"": 8257.915649414062, ""xlai"": 2.056166648864746, ""totir"": 70.0, ""tofer"": NaN, ""swfac"": 0.0, ""nstres"": 0.0}",0.0,0.0,19568.746337890625,8257.915649414062,2.056166648864746,70.0,,0.0,0.0,70.0,225.0,-8.670843505859366,19.32915649414064,Leave_One_experiments/all_year_offline_schedule_search/daily_outputs/YCA/YCA_2018_YCA2018_normal_grid_S0027_daily.csv
YCA,YCA,Yucheng,2018,Leave_One_experiments\wth_generated_qc\YCA\YCA2018.WTH,wet_year;nitrogen_stress_year;low_response_year,wet,YCA2018_normal_grid_S0027,top_yield,2018-09-12,255,92,87,"{""sim_day"": 92.0, ""doy"": 255.0, ""topwt"": 19568.746337890625, ""grnwt"": 8257.915649414062, ""xlai"": 2.056166648864746, ""totir"": 70.0, ""tofer"": NaN, ""swfac"": 0.0, ""nstres"": 0.0}",0.0,0.0,19568.746337890625,8257.915649414062,2.056166648864746,70.0,,0.0,0.0,70.0,225.0,-8.670843505859366,19.32915649414064,Leave_One_experiments/all_year_offline_schedule_search/daily_outputs/YCA/YCA_2018_YCA2018_normal_grid_S0027_daily.csv
YCA,YCA,Yucheng,2018,Leave_One_experiments\wth_generated_qc\YCA\YCA2018.WTH,wet_year;nitrogen_stress_year;low_response_year,wet,YCA2018_normal_grid_S0027,top_yield,2018-09-13,256,93,88,"{""sim_day"": 93.0, ""doy"": 256.0, ""topwt"": 19568.746337890625, ""grnwt"": 8257.915649414062, ""xlai"": 2.056166648864746, ""totir"": 70.0, ""tofer"": NaN, ""swfac"": 0.0, ""nstres"": 0.0}",0.0,0.0,19568.746337890625,8257.915649414062,2.056166648864746,70.0,,0.0,0.0,70.0,225.0,-8.670843505859366,19.32915649414064,Leave_One_experiments/all_year_offline_schedule_search/daily_outputs/YCA/YCA_2018_YCA2018_normal_grid_S0027_daily.csv
YCA,YCA,Yucheng,2019,Leave_One_experiments\wth_generated_qc\YCA\YCA2019.WTH,dry_year;water_stress_year;nitrogen_stress_year,water_stress,YCA2019_stress_grid_S0003,irrigation_positive_candidate,2019-06-18,169,1,1,"{""sim_day"": 1.0, ""doy"": 169.0, ""topwt"": 0.0, ""grnwt"": 0.0, ""xlai"": 0.0, ""totir"": 0.0, ""tofer"": NaN, ""swfac"": 0.0, ""nstres"": 0.0}",0.0,0.0,0.0,0.0,0.0,0.0,,0.0,0.0,20.0,0.0,4.701602172851564,12.701602172851564,Leave_One_experiments/all_year_offline_schedule_search/daily_outputs/YCA/YCA_2019_YCA2019_stress_grid_S0003_daily.csv
YCA,YCA,Yucheng,2019,Leave_One_experiments\wth_generated_qc\YCA\YCA2019.WTH,dry_year;water_stress_year;nitrogen_stress_year,water_stress,YCA2019_stress_grid_S0003,irrigation_positive_candidate,2019-06-19,170,2,2,"{""sim_day"": 2.0, ""doy"": 170.0, ""topwt"": 0.0, ""grnwt"": 0.0, ""xlai"": 0.0, ""totir"": 0.0, ""tofer"": NaN, ""swfac"": 0.0, ""nstres"": 0.0}",0.0,0.0,0.0,0.0,0.0,0.0,,0.0,0.0,20.0,0.0,4.701602172851564,12.701602172851564,Leave_One_experiments/all_year_offline_schedule_search/daily_outputs/YCA/YCA_2019_YCA2019_stress_grid_S0003_daily.csv
YCA,YCA,Yucheng,2019,Leave_One_experiments\wth_generated_qc\YCA\YCA2019.WTH,dry_year;water_stress_year;nitrogen_stress_year,water_stress,YCA2019_stress_grid_S0003,irrigation_positive_candidate,2019-06-20,171,3,3,"{""sim_day"": 3.0, ""doy"": 171.0, ""topwt"": 0.0, ""grnwt"": 0.0, ""xlai"": 0.0, ""totir"": 0.0, ""tofer"": NaN, ""swfac"": 0.0, ""nstres"": 0.0}",0.0,0.0,0.0,0.0,0.0,0.0,,0.0,0.0,20.0,0.0,4.701602172851564,12.701602172851564,Leave_One_experiments/all_year_offline_schedule_search/daily_outputs/YCA/YCA_2019_YCA2019_stress_grid_S0003_daily.csv
YCA,YCA,Yucheng,2019,Leave_One_experiments\wth_generated_qc\YCA\YCA2019.WTH,dry_year;water_stress_year;nitrogen_stress_year,water_stress,YCA2019_stress_grid_S0003,irrigation_positive_candidate,2019-06-21,172,4,4,"{""sim_day"": 4.0, ""doy"": 172.0, ""topwt"": 0.0, ""grnwt"": 0.0, ""xlai"": 0.0, ""totir"": 0.0, ""tofer"": NaN, ""swfac"": 0.0, ""nstres"": 0.0}",0.0,0.0,0.0,0.0,0.0,0.0,,0.0,0.0,20.0,0.0,4.701602172851564,12.701602172851564,Leave_One_experiments/all_year_offline_schedule_search/daily_outputs/YCA/YCA_2019_YCA2019_stress_grid_S0003_daily.csv
YCA,YCA,Yucheng,2019,Leave_One_experiments\wth_generated_qc\YCA\YCA2019.WTH,dry_year;water_stress_year;nitrogen_stress_year,water_stress,YCA2019_stress_grid_S0003,irrigation_positive_candidate,2019-06-22,173,5,5,"{""sim_day"": 5.0, ""doy"": 173.0, ""topwt"": 0.0, ""grnwt"": 0.0, ""xlai"": 0.0, ""totir"": 0.0, ""tofer"": NaN, ""swfac"": 0.0, ""nstres"": 0.0}",0.0,0.0,0.0,0.0,0.0,0.0,,0.0,0.0,20.0,0.0,4.701602172851564,12.701602172851564,Leave_One_experiments/all_year_offline_schedule_search/daily_outputs/YCA/YCA_2019_YCA2019_stress_grid_S0003_daily.csv
YCA,YCA,Yucheng,2019,Leave_One_experiments\wth_generated_qc\YCA\YCA2019.WTH,dry_year;water_stress_year;nitrogen_stress_year,water_stress,YCA2019_stress_grid_S0003,irrigation_positive_candidate,2019-06-18,169,6,1,"{""sim_day"": 6.0, ""doy"": 169.0, ""topwt"": 0.0, ""grnwt"": 0.0, ""xlai"": 0.0, ""totir"": 0.0, ""tofer"": NaN, ""swfac"": 0.0, ""nstres"": 0.0}",0.0,0.0,0.0,0.0,0.0,0.0,,0.0,0.0,20.0,0.0,4.701602172851564,12.701602172851564,Leave_One_experiments/all_year_offline_schedule_search/daily_outputs/YCA/YCA_2019_YCA2019_stress_grid_S0003_daily.csv
YCA,YCA,Yucheng,2019,Leave_One_experiments\wth_generated_qc\YCA\YCA2019.WTH,dry_year;water_stress_year;nitrogen_stress_year,water_stress,YCA2019_stress_grid_S0003,irrigation_positive_candidate,2019-06-19,170,7,2,"{""sim_day"": 7.0, ""doy"": 170.0, ""topwt"": 0.0, ""grnwt"": 0.0, ""xlai"": 0.0, ""totir"": 0.0, ""tofer"": NaN, ""swfac"": 0.0, ""nstres"": 0.0}",0.0,0.0,0.0,0.0,0.0,0.0,,0.0,0.0,20.0,0.0,4.701602172851564,12.701602172851564,Leave_One_experiments/all_year_offline_schedule_search/daily_outputs/YCA/YCA_2019_YCA2019_stress_grid_S0003_daily.csv
YCA,YCA,Yucheng,2019,Leave_One_experiments\wth_generated_qc\YCA\YCA2019.WTH,dry_year;water_stress_year;nitrogen_stress_year,water_stress,YCA2019_stress_grid_S0003,irrigation_positive_candidate,2019-06-20,171,8,3,"{""sim_day"": 8.0, ""doy"": 171.0, ""topwt"": 0.0, ""grnwt"": 0.0, ""xlai"": 0.0, ""totir"": 0.0, ""tofer"": NaN, ""swfac"": 0.0, ""nstres"": 0.0}",0.0,0.0,0.0,0.0,0.0,0.0,,0.0,0.0,20.0,0.0,4.701602172851564,12.701602172851564,Leave_One_experiments/all_year_offline_schedule_search/daily_outputs/YCA/YCA_2019_YCA2019_stress_grid_S0003_daily.csv
YCA,YCA,Yucheng,2019,Leave_One_experiments\wth_generated_qc\YCA\YCA2019.WTH,dry_year;water_stress_year;nitrogen_stress_year,water_stress,YCA2019_stress_grid_S0003,irrigation_positive_candidate,2019-06-21,172,9,4,"{""sim_day"": 9.0, ""doy"": 172.0, ""topwt"": 0.0, ""grnwt"": 0.0, ""xlai"": 0.0, ""totir"": 0.0, ""tofer"": NaN, ""swfac"": 0.0, ""nstres"": 0.0}",0.0,0.0,0.0,0.0,0.0,0.0,,0.0,0.0,20.0,0.0,4.701602172851564,12.701602172851564,Leave_One_experiments/all_year_offline_schedule_search/daily_outputs/YCA/YCA_2019_YCA2019_stress_grid_S0003_daily.csv
YCA,YCA,Yucheng,2019,Leave_One_experiments\wth_generated_qc\YCA\YCA2019.WTH,dry_year;water_stress_year;nitrogen_stress_year,water_stress,YCA2019_stress_grid_S0003,irrigation_positive_candidate,2019-06-22,173,10,5,"{""sim_day"": 10.0, ""doy"": 173.0, ""topwt"": 26.400001049041748, ""grnwt"": 0.0, ""xlai"": 0.0053130206651985, ""totir"": 0.0, ""tofer"": NaN, ""swfac"": 0.0, ""nstres"": 0.0121910572052001}",0.0,0.0121910572052001,26.400001049041748,0.0,0.0053130206651985,0.0,,0.0,0.0,20.0,0.0,4.701602172851564,12.701602172851564,Leave_One_experiments/all_year_offline_schedule_search/daily_outputs/YCA/YCA_2019_YCA2019_stress_grid_S0003_daily.csv
YCA,YCA,Yucheng,2019,Leave_One_experiments\wth_generated_qc\YCA\YCA2019.WTH,dry_year;water_stress_year;nitrogen_stress_year,water_stress,YCA2019_stress_grid_S0003,irrigation_positive_candidate,2019-06-23,174,11,6,"{""sim_day"": 11.0, ""doy"": 174.0, ""topwt"": 26.400001049041748, ""grnwt"": 0.0, ""xlai"": 0.0113331619650125, ""totir"": 0.0, ""tofer"": NaN, ""swfac"": 0.0, ""nstres"": 0.0086501836776733}",0.0,0.0086501836776733,26.400001049041748,0.0,0.0113331619650125,0.0,,0.0,0.0,20.0,0.0,4.701602172851564,12.701602172851564,Leave_One_experiments/all_year_offline_schedule_search/daily_outputs/YCA/YCA_2019_YCA2019_stress_grid_S0003_daily.csv
YCA,YCA,Yucheng,2019,Leave_One_experiments\wth_generated_qc\YCA\YCA2019.WTH,dry_year;water_stress_year;nitrogen_stress_year,water_stress,YCA2019_stress_grid_S0003,irrigation_positive_candidate,2019-06-24,175,12,7,"{""sim_day"": 12.0, ""doy"": 175.0, ""topwt"": 26.400001049041748, ""grnwt"": 0.0, ""xlai"": 0.0182597935199737, ""totir"": 0.0, ""tofer"": NaN, ""swfac"": 0.0, ""nstres"": 0.00066739320755}",0.0,0.00066739320755,26.400001049041748,0.0,0.0182597935199737,0.0,,0.0,0.0,20.0,0.0,4.701602172851564,12.701602172851564,Leave_One_experiments/all_year_offline_schedule_search/daily_outputs/YCA/YCA_2019_YCA2019_stress_grid_S0003_daily.csv
YCA,YCA,Yucheng,2019,Leave_One_experiments\wth_generated_qc\YCA\YCA2019.WTH,dry_year;water_stress_year;nitrogen_stress_year,water_stress,YCA2019_stress_grid_S0003,irrigation_positive_candidate,2019-06-25,176,13,8,"{""sim_day"": 13.0, ""doy"": 176.0, ""topwt"": 26.400001049041748, ""grnwt"": 0.0, ""xlai"": 0.0417247824370861, ""totir"": 0.0, ""tofer"": NaN, ""swfac"": 0.0, ""nstres"": 0.0}",0.0,0.0,26.400001049041748,0.0,0.0417247824370861,0.0,,0.0,0.0,20.0,0.0,4.701602172851564,12.701602172851564,Leave_One_experiments/all_year_offline_schedule_search/daily_outputs/YCA/YCA_2019_YCA2019_stress_grid_S0003_daily.csv
YCA,YCA,Yucheng,2019,Leave_One_experiments\wth_generated_qc\YCA\YCA2019.WTH,dry_year;water_stress_year;nitrogen_stress_year,water_stress,YCA2019_stress_grid_S0003,irrigation_positive_candidate,2019-06-26,177,14,9,"{""sim_day"": 14.0, ""doy"": 177.0, ""topwt"": 37.01164484024048, ""grnwt"": 0.0, ""xlai"": 0.0725562125444412, ""totir"": 0.0, ""tofer"": NaN, ""swfac"": 0.0, ""nstres"": 0.0}",0.0,0.0,37.01164484024048,0.0,0.0725562125444412,0.0,,0.0,0.0,20.0,0.0,4.701602172851564,12.701602172851564,Leave_One_experiments/all_year_offline_schedule_search/daily_outputs/YCA/YCA_2019_YCA2019_stress_grid_S0003_daily.csv
YCA,YCA,Yucheng,2019,Leave_One_experiments\wth_generated_qc\YCA\YCA2019.WTH,dry_year;water_stress_year;nitrogen_stress_year,water_stress,YCA2019_stress_grid_S0003,irrigation_positive_candidate,2019-06-27,178,15,10,"{""sim_day"": 15.0, ""doy"": 178.0, ""topwt"": 48.52426052093506, ""grnwt"": 0.0, ""xlai"": 0.0993330329656601, ""totir"": 0.0, ""tofer"": NaN, ""swfac"": 0.0, ""nstres"": 0.0}",0.0,0.0,48.52426052093506,0.0,0.0993330329656601,0.0,,0.0,0.0,20.0,0.0,4.701602172851564,12.701602172851564,Leave_One_experiments/all_year_offline_schedule_search/daily_outputs/YCA/YCA_2019_YCA2019_stress_grid_S0003_daily.csv
YCA,YCA,Yucheng,2019,Leave_One_experiments\wth_generated_qc\YCA\YCA2019.WTH,dry_year;water_stress_year;nitrogen_stress_year,water_stress,YCA2019_stress_grid_S0003,irrigation_positive_candidate,2019-06-28,179,16,11,"{""sim_day"": 16.0, ""doy"": 179.0, ""topwt"": 67.45081424713135, ""grnwt"": 0.0, ""xlai"": 0.13975390791893, ""totir"": 0.0, ""tofer"": NaN, ""swfac"": 0.0, ""nstres"": 0.0}",0.0,0.0,67.45081424713135,0.0,0.13975390791893,0.0,,0.0,0.0,20.0,0.0,4.701602172851564,12.701602172851564,Leave_One_experiments/all_year_offline_schedule_search/daily_outputs/YCA/YCA_2019_YCA2019_stress_grid_S0003_daily.csv
YCA,YCA,Yucheng,2019,Leave_One_experiments\wth_generated_qc\YCA\YCA2019.WTH,dry_year;water_stress_year;nitrogen_stress_year,water_stress,YCA2019_stress_grid_S0003,irrigation_positive_candidate,2019-06-29,180,17,12,"{""sim_day"": 17.0, ""doy"": 180.0, ""topwt"": 91.33810997009276, ""grnwt"": 0.0, ""xlai"": 0.1867705285549163, ""totir"": 0.0, ""tofer"": NaN, ""swfac"": 0.0, ""nstres"": 0.0}",0.0,0.0,91.33810997009276,0.0,0.1867705285549163,0.0,,0.0,0.0,20.0,0.0,4.701602172851564,12.701602172851564,Leave_One_experiments/all_year_offline_schedule_search/daily_outputs/YCA/YCA_2019_YCA2019_stress_grid_S0003_daily.csv
YCA,YCA,Yucheng,2019,Leave_One_experiments\wth_generated_qc\YCA\YCA2019.WTH,dry_year;water_stress_year;nitrogen_stress_year,water_stress,YCA2019_stress_grid_S0003,irrigation_positive_candidate,2019-06-30,181,18,13,"{""sim_day"": 18.0, ""doy"": 181.0, ""topwt"": 119.92982864379884, ""grnwt"": 0.0, ""xlai"": 0.2392461150884628, ""totir"": 0.0, ""tofer"": NaN, ""swfac"": 0.0, ""nstres"": 0.0112102031707763}",0.0,0.0112102031707763,119.92982864379884,0.0,0.2392461150884628,0.0,,0.0,0.0,20.0,0.0,4.701602172851564,12.701602172851564,Leave_One_experiments/all_year_offline_schedule_search/daily_outputs/YCA/YCA_2019_YCA2019_stress_grid_S0003_daily.csv
YCA,YCA,Yucheng,2019,Leave_One_experiments\wth_generated_qc\YCA\YCA2019.WTH,dry_year;water_stress_year;nitrogen_stress_year,water_stress,YCA2019_stress_grid_S0003,irrigation_positive_candidate,2019-07-01,182,19,14,"{""sim_day"": 19.0, ""doy"": 182.0, ""topwt"": 157.28199005126953, ""grnwt"": 0.0, ""xlai"": 0.3025301396846771, ""totir"": 0.0, ""tofer"": NaN, ""swfac"": 0.0, ""nstres"": 0.0771512389183044}",0.0,0.0771512389183044,157.28199005126953,0.0,0.3025301396846771,0.0,,0.0,0.0,20.0,0.0,4.701602172851564,12.701602172851564,Leave_One_experiments/all_year_offline_schedule_search/daily_outputs/YCA/YCA_2019_YCA2019_stress_grid_S0003_daily.csv
YCA,YCA,Yucheng,2019,Leave_One_experiments\wth_generated_qc\YCA\YCA2019.WTH,dry_year;water_stress_year;nitrogen_stress_year,water_stress,YCA2019_stress_grid_S0003,irrigation_positive_candidate,2019-07-02,183,20,15,"{""sim_day"": 20.0, ""doy"": 183.0, ""topwt"": 202.31325149536133, ""grnwt"": 0.0, ""xlai"": 0.3715695440769195, ""totir"": 0.0, ""tofer"": NaN, ""swfac"": 0.0, ""nstres"": 0.1356574296951294}",0.0,0.1356574296951294,202.31325149536133,0.0,0.3715695440769195,0.0,,0.0,0.0,20.0,0.0,4.701602172851564,12.701602172851564,Leave_One_experiments/all_year_offline_schedule_search/daily_outputs/YCA/YCA_2019_YCA2019_stress_grid_S0003_daily.csv
YCA,YCA,Yucheng,2019,Leave_One_experiments\wth_generated_qc\YCA\YCA2019.WTH,dry_year;water_stress_year;nitrogen_stress_year,water_stress,YCA2019_stress_grid_S0003,irrigation_positive_candidate,2019-07-03,184,21,16,"{""sim_day"": 21.0, ""doy"": 184.0, ""topwt"": 217.24328994750977, ""grnwt"": 0.0, ""xlai"": 0.4138423204421997, ""totir"": 0.0, ""tofer"": NaN, ""swfac"": 0.0, ""nstres"": 0.1915743350982666}",0.0,0.1915743350982666,217.24328994750977,0.0,0.4138423204421997,0.0,,0.0,0.0,20.0,0.0,4.701602172851564,12.701602172851564,Leave_One_experiments/all_year_offline_schedule_search/daily_outputs/YCA/YCA_2019_YCA2019_stress_grid_S0003_daily.csv
YCA,YCA,Yucheng,2019,Leave_One_experiments\wth_generated_qc\YCA\YCA2019.WTH,dry_year;water_stress_year;nitrogen_stress_year,water_stress,YCA2019_stress_grid_S0003,irrigation_positive_candidate,2019-07-04,185,22,17,"{""sim_day"": 22.0, ""doy"": 185.0, ""topwt"": 242.77463912963867, ""grnwt"": 0.0, ""xlai"": 0.4426652789115906, ""totir"": 0.0, ""tofer"": NaN, ""swfac"": 0.0, ""nstres"": 0.3724971413612366}",0.0,0.3724971413612366,242.77463912963867,0.0,0.4426652789115906,0.0,,0.0,0.0,20.0,0.0,4.701602172851564,12.701602172851564,Leave_One_experiments/all_year_offline_schedule_search/daily_outputs/YCA/YCA_2019_YCA2019_stress_grid_S0003_daily.csv
YCA,YCA,Yucheng,2019,Leave_One_experiments\wth_generated_qc\YCA\YCA2019.WTH,dry_year;water_stress_year;nitrogen_stress_year,water_stress,YCA2019_stress_grid_S0003,irrigation_positive_candidate,2019-07-05,186,23,18,"{""sim_day"": 23.0, ""doy"": 186.0, ""topwt"": 265.3608512878418, ""grnwt"": 0.0, ""xlai"": 0.4654966294765472, ""totir"": 0.0, ""tofer"": NaN, ""swfac"": 0.0, ""nstres"": 0.3431332111358642}",0.0,0.3431332111358642,265.3608512878418,0.0,0.4654966294765472,0.0,,0.0,0.0,20.0,0.0,4.701602172851564,12.701602172851564,Leave_One_experiments/all_year_offline_schedule_search/daily_outputs/YCA/YCA_2019_YCA2019_stress_grid_S0003_daily.csv
YCA,YCA,Yucheng,2019,Leave_One_experiments\wth_generated_qc\YCA\YCA2019.WTH,dry_year;water_stress_year;nitrogen_stress_year,water_stress,YCA2019_stress_grid_S0003,irrigation_positive_candidate,2019-07-06,187,24,19,"{""sim_day"": 24.0, ""doy"": 187.0, ""topwt"": 290.89717864990234, ""grnwt"": 0.0, ""xlai"": 0.4931657612323761, ""totir"": 0.0, ""tofer"": NaN, ""swfac"": 0.0, ""nstres"": 0.2681970596313476}",0.0,0.2681970596313476,290.89717864990234,0.0,0.4931657612323761,0.0,,0.0,0.0,20.0,0.0,4.701602172851564,12.701602172851564,Leave_One_experiments/all_year_offline_schedule_search/daily_outputs/YCA/YCA_2019_YCA2019_stress_grid_S0003_daily.csv
YCA,YCA,Yucheng,2019,Leave_One_experiments\wth_generated_qc\YCA\YCA2019.WTH,dry_year;water_stress_year;nitrogen_stress_year,water_stress,YCA2019_stress_grid_S0003,irrigation_positive_candidate,2019-07-07,188,25,20,"{""sim_day"": 25.0, ""doy"": 188.0, ""topwt"": 323.45909118652344, ""grnwt"": 0.0, ""xlai"": 0.5304034948348999, ""totir"": 20.0, ""tofer"": NaN, ""swfac"": 0.0, ""nstres"": 0.2582149505615234}",0.0,0.2582149505615234,323.45909118652344,0.0,0.5304034948348999,20.0,,20.0,0.0,20.0,0.0,4.701602172851564,12.701602172851564,Leave_One_experiments/all_year_offline_schedule_search/daily_outputs/YCA/YCA_2019_YCA2019_stress_grid_S0003_daily.csv
YCA,YCA,Yucheng,2019,Leave_One_experiments\wth_generated_qc\YCA\YCA2019.WTH,dry_year;water_stress_year;nitrogen_stress_year,water_stress,YCA2019_stress_grid_S0003,irrigation_positive_candidate,2019-07-08,189,26,21,"{""sim_day"": 26.0, ""doy"": 189.0, ""topwt"": 360.15113830566406, ""grnwt"": 0.0, ""xlai"": 0.5712046027183533, ""totir"": 20.0, ""tofer"": NaN, ""swfac"": 0.0, ""nstres"": 0.283327579498291}",0.0,0.283327579498291,360.15113830566406,0.0,0.5712046027183533,20.0,,0.0,0.0,20.0,0.0,4.701602172851564,12.701602172851564,Leave_One_experiments/all_year_offline_schedule_search/daily_outputs/YCA/YCA_2019_YCA2019_stress_grid_S0003_daily.csv
YCA,YCA,Yucheng,2019,Leave_One_experiments\wth_generated_qc\YCA\YCA2019.WTH,dry_year;water_stress_year;nitrogen_stress_year,water_stress,YCA2019_stress_grid_S0003,irrigation_positive_candidate,2019-07-09,190,27,22,"{""sim_day"": 27.0, ""doy"": 190.0, ""topwt"": 394.5303726196289, ""grnwt"": 0.0, ""xlai"": 0.5991300344467163, ""totir"": 20.0, ""tofer"": NaN, ""swfac"": 0.0, ""nstres"": 0.3145151138305664}",0.0,0.3145151138305664,394.5303726196289,0.0,0.5991300344467163,20.0,,0.0,0.0,20.0,0.0,4.701602172851564,12.701602172851564,Leave_One_experiments/all_year_offline_schedule_search/daily_outputs/YCA/YCA_2019_YCA2019_stress_grid_S0003_daily.csv
YCA,YCA,Yucheng,2019,Leave_One_experiments\wth_generated_qc\YCA\YCA2019.WTH,dry_year;water_stress_year;nitrogen_stress_year,water_stress,YCA2019_stress_grid_S0003,irrigation_positive_candidate,2019-07-10,191,28,23,"{""sim_day"": 28.0, ""doy"": 191.0, ""topwt"": 432.3492431640625, ""grnwt"": 0.0, ""xlai"": 0.6348122954368591, ""totir"": 20.0, ""tofer"": NaN, ""swfac"": 0.0, ""nstres"": 0.3307902216911316}",0.0,0.3307902216911316,432.3492431640625,0.0,0.6348122954368591,20.0,,0.0,0.0,20.0,0.0,4.701602172851564,12.701602172851564,Leave_One_experiments/all_year_offline_schedule_search/daily_outputs/YCA/YCA_2019_YCA2019_stress_grid_S0003_daily.csv
YCA,YCA,Yucheng,2019,Leave_One_experiments\wth_generated_qc\YCA\YCA2019.WTH,dry_year;water_stress_year;nitrogen_stress_year,water_stress,YCA2019_stress_grid_S0003,irrigation_positive_candidate,2019-07-11,192,29,24,"{""sim_day"": 29.0, ""doy"": 192.0, ""topwt"": 481.51927947998047, ""grnwt"": 0.0, ""xlai"": 0.6829925775527954, ""totir"": 20.0, ""tofer"": NaN, ""swfac"": 0.0, ""nstres"": 0.3305933475494385}",0.0,0.3305933475494385,481.51927947998047,0.0,0.6829925775527954,20.0,,0.0,0.0,20.0,0.0,4.701602172851564,12.701602172851564,Leave_One_experiments/all_year_offline_schedule_search/daily_outputs/YCA/YCA_2019_YCA2019_stress_grid_S0003_daily.csv
YCA,YCA,Yucheng,2019,Leave_One_experiments\wth_generated_qc\YCA\YCA2019.WTH,dry_year;water_stress_year;nitrogen_stress_year,water_stress,YCA2019_stress_grid_S0003,irrigation_positive_candidate,2019-07-12,193,30,25,"{""sim_day"": 30.0, ""doy"": 193.0, ""topwt"": 537.5668716430664, ""grnwt"": 0.0, ""xlai"": 0.7362474203109741, ""totir"": 20.0, ""tofer"": NaN, ""swfac"": 0.0, ""nstres"": 0.3096712231636047}",0.0,0.3096712231636047,537.5668716430664,0.0,0.7362474203109741,20.0,,0.0,0.0,20.0,0.0,4.701602172851564,12.701602172851564,Leave_One_experiments/all_year_offline_schedule_search/daily_outputs/YCA/YCA_2019_YCA2019_stress_grid_S0003_daily.csv
YCA,YCA,Yucheng,2019,Leave_One_experiments\wth_generated_qc\YCA\YCA2019.WTH,dry_year;water_stress_year;nitrogen_stress_year,water_stress,YCA2019_stress_grid_S0003,irrigation_positive_candidate,2019-07-13,194,31,26,"{""sim_day"": 31.0, ""doy"": 194.0, ""topwt"": 597.7455902099609, ""grnwt"": 0.0, ""xlai"": 0.7887327075004578, ""totir"": 20.0, ""tofer"": NaN, ""swfac"": 0.0, ""nstres"": 0.3209602236747741}",0.0,0.3209602236747741,597.7455902099609,0.0,0.7887327075004578,20.0,,0.0,0.0,20.0,0.0,4.701602172851564,12.701602172851564,Leave_One_experiments/all_year_offline_schedule_search/daily_outputs/YCA/YCA_2019_YCA2019_stress_grid_S0003_daily.csv
YCA,YCA,Yucheng,2019,Leave_One_experiments\wth_generated_qc\YCA\YCA2019.WTH,dry_year;water_stress_year;nitrogen_stress_year,water_stress,YCA2019_stress_grid_S0003,irrigation_positive_candidate,2019-07-14,195,32,27,"{""sim_day"": 32.0, ""doy"": 195.0, ""topwt"": 660.2770233154297, ""grnwt"": 0.0, ""xlai"": 0.8363112807273865, ""totir"": 20.0, ""tofer"": NaN, ""swfac"": 0.0, ""nstres"": 0.3626135587692261}",0.0,0.3626135587692261,660.2770233154297,0.0,0.8363112807273865,20.0,,0.0,0.0,20.0,0.0,4.701602172851564,12.701602172851564,Leave_One_experiments/all_year_offline_schedule_search/daily_outputs/YCA/YCA_2019_YCA2019_stress_grid_S0003_daily.csv
YCA,YCA,Yucheng,2019,Leave_One_experiments\wth_generated_qc\YCA\YCA2019.WTH,dry_year;water_stress_year;nitrogen_stress_year,water_stress,YCA2019_stress_grid_S0003,irrigation_positive_candidate,2019-07-15,196,33,28,"{""sim_day"": 33.0, ""doy"": 196.0, ""topwt"": 719.8813629150391, ""grnwt"": 0.0, ""xlai"": 0.8730834722518921, ""totir"": 20.0, ""tofer"": NaN, ""swfac"": 0.0, ""nstres"": 0.4012594819068908}",0.0,0.4012594819068908,719.8813629150391,0.0,0.8730834722518921,20.0,,0.0,0.0,20.0,0.0,4.701602172851564,12.701602172851564,Leave_One_experiments/all_year_offline_schedule_search/daily_outputs/YCA/YCA_2019_YCA2019_stress_grid_S0003_daily.csv
YCA,YCA,Yucheng,2019,Leave_One_experiments\wth_generated_qc\YCA\YCA2019.WTH,dry_year;water_stress_year;nitrogen_stress_year,water_stress,YCA2019_stress_grid_S0003,irrigation_positive_candidate,2019-07-16,197,34,29,"{""sim_day"": 34.0, ""doy"": 197.0, ""topwt"": 780.2720642089844, ""grnwt"": 0.0, ""xlai"": 0.9038823246955872, ""totir"": 20.0, ""tofer"": NaN, ""swfac"": 0.0, ""nstres"": 0.4305022954940796}",0.0,0.4305022954940796,780.2720642089844,0.0,0.9038823246955872,20.0,,0.0,0.0,20.0,0.0,4.701602172851564,12.701602172851564,Leave_One_experiments/all_year_offline_schedule_search/daily_outputs/YCA/YCA_2019_YCA2019_stress_grid_S0003_daily.csv
YCA,YCA,Yucheng,2019,Leave_One_experiments\wth_generated_qc\YCA\YCA2019.WTH,dry_year;water_stress_year;nitrogen_stress_year,water_stress,YCA2019_stress_grid_S0003,irrigation_positive_candidate,2019-07-17,198,35,30,"{""sim_day"": 35.0, ""doy"": 198.0, ""topwt"": 839.1578674316406, ""grnwt"": 0.0, ""xlai"": 0.9273197054862976, ""totir"": 20.0, ""tofer"": NaN, ""swfac"": 0.0, ""nstres"": 0.4485470652580261}",0.0,0.4485470652580261,839.1578674316406,0.0,0.9273197054862976,20.0,,0.0,0.0,20.0,0.0,4.701602172851564,12.701602172851564,Leave_One_experiments/all_year_offline_schedule_search/daily_outputs/YCA/YCA_2019_YCA2019_stress_grid_S0003_daily.csv
YCA,YCA,Yucheng,2019,Leave_One_experiments\wth_generated_qc\YCA\YCA2019.WTH,dry_year;water_stress_year;nitrogen_stress_year,water_stress,YCA2019_stress_grid_S0003,irrigation_positive_candidate,2019-07-18,199,36,31,"{""sim_day"": 36.0, ""doy"": 199.0, ""topwt"": 900.6816864013672, ""grnwt"": 0.0, ""xlai"": 0.9475930333137512, ""totir"": 20.0, ""tofer"": NaN, ""swfac"": 0.0, ""nstres"": 0.4656593203544616}",0.0,0.4656593203544616,900.6816864013672,0.0,0.9475930333137512,20.0,,0.0,0.0,20.0,0.0,4.701602172851564,12.701602172851564,Leave_One_experiments/all_year_offline_schedule_search/daily_outputs/YCA/YCA_2019_YCA2019_stress_grid_S0003_daily.csv
YCA,YCA,Yucheng,2019,Leave_One_experiments\wth_generated_qc\YCA\YCA2019.WTH,dry_year;water_stress_year;nitrogen_stress_year,water_stress,YCA2019_stress_grid_S0003,irrigation_positive_candidate,2019-07-19,200,37,32,"{""sim_day"": 37.0, ""doy"": 200.0, ""topwt"": 965.9626770019532, ""grnwt"": 0.0, ""xlai"": 0.9656413793563844, ""totir"": 20.0, ""tofer"": NaN, ""swfac"": 0.0, ""nstres"": 0.4786378145217895}",0.0,0.4786378145217895,965.9626770019532,0.0,0.9656413793563844,20.0,,0.0,0.0,20.0,0.0,4.701602172851564,12.701602172851564,Leave_One_experiments/all_year_offline_schedule_search/daily_outputs/YCA/YCA_2019_YCA2019_stress_grid_S0003_daily.csv
YCA,YCA,Yucheng,2019,Leave_One_experiments\wth_generated_qc\YCA\YCA2019.WTH,dry_year;water_stress_year;nitrogen_stress_year,water_stress,YCA2019_stress_grid_S0003,irrigation_positive_candidate,2019-07-20,201,38,33,"{""sim_day"": 38.0, ""doy"": 201.0, ""topwt"": 1032.585220336914, ""grnwt"": 0.0, ""xlai"": 0.9796629548072816, ""totir"": 20.0, ""tofer"": NaN, ""swfac"": 0.0, ""nstres"": 0.4895539879798889}",0.0,0.4895539879798889,1032.585220336914,0.0,0.9796629548072816,20.0,,0.0,0.0,20.0,0.0,4.701602172851564,12.701602172851564,Leave_One_experiments/all_year_offline_schedule_search/daily_outputs/YCA/YCA_2019_YCA2019_stress_grid_S0003_daily.csv
YCA,YCA,Yucheng,2019,Leave_One_experiments\wth_generated_qc\YCA\YCA2019.WTH,dry_year;water_stress_year;nitrogen_stress_year,water_stress,YCA2019_stress_grid_S0003,irrigation_positive_candidate,2019-07-21,202,39,34,"{""sim_day"": 39.0, ""doy"": 202.0, ""topwt"": 1106.6500854492188, ""grnwt"": 0.0, ""xlai"": 0.9939127564430236, ""totir"": 20.0, ""tofer"": NaN, ""swfac"": 0.0, ""nstres"": 0.5003826022148132}",0.0,0.5003826022148132,1106.6500854492188,0.0,0.9939127564430236,20.0,,0.0,0.0,20.0,0.0,4.701602172851564,12.701602172851564,Leave_One_experiments/all_year_offline_schedule_search/daily_outputs/YCA/YCA_2019_YCA2019_stress_grid_S0003_daily.csv
YCA,YCA,Yucheng,2019,Leave_One_experiments\wth_generated_qc\YCA\YCA2019.WTH,dry_year;water_stress_year;nitrogen_stress_year,water_stress,YCA2019_stress_grid_S0003,irrigation_positive_candidate,2019-07-22,203,40,35,"{""sim_day"": 40.0, ""doy"": 203.0, ""topwt"": 1179.3427276611328, ""grnwt"": 0.0, ""xlai"": 1.0025668144226074, ""totir"": 20.0, ""tofer"": NaN, ""swfac"": 0.0, ""nstres"": 0.5090928077697754}",0.0,0.5090928077697754,1179.3427276611328,0.0,1.0025668144226074,20.0,,0.0,0.0,20.0,0.0,4.701602172851564,12.701602172851564,Leave_One_experiments/all_year_offline_schedule_search/daily_outputs/YCA/YCA_2019_YCA2019_stress_grid_S0003_daily.csv
YCA,YCA,Yucheng,2019,Leave_One_experiments\wth_generated_qc\YCA\YCA2019.WTH,dry_year;water_stress_year;nitrogen_stress_year,water_stress,YCA2019_stress_grid_S0003,irrigation_positive_candidate,2019-07-23,204,41,36,"{""sim_day"": 41.0, ""doy"": 204.0, ""topwt"": 1261.3800811767578, ""grnwt"": 0.0, ""xlai"": 1.0123515129089355, ""totir"": 20.0, ""tofer"": NaN, ""swfac"": 0.0, ""nstres"": 0.5177862644195557}",0.0,0.5177862644195557,1261.3800811767578,0.0,1.0123515129089355,20.0,,0.0,0.0,20.0,0.0,4.701602172851564,12.701602172851564,Leave_One_experiments/all_year_offline_schedule_search/daily_outputs/YCA/YCA_2019_YCA2019_stress_grid_S0003_daily.csv
YCA,YCA,Yucheng,2019,Leave_One_experiments\wth_generated_qc\YCA\YCA2019.WTH,dry_year;water_stress_year;nitrogen_stress_year,water_stress,YCA2019_stress_grid_S0003,irrigation_positive_candidate,2019-07-24,205,42,37,"{""sim_day"": 42.0, ""doy"": 205.0, ""topwt"": 1320.1255798339844, ""grnwt"": 0.0, ""xlai"": 1.0050163269042969, ""totir"": 20.0, ""tofer"": NaN, ""swfac"": 0.0, ""nstres"": 0.5229218602180481}",0.0,0.5229218602180481,1320.1255798339844,0.0,1.0050163269042969,20.0,,0.0,0.0,20.0,0.0,4.701602172851564,12.701602172851564,Leave_One_experiments/all_year_offline_schedule_search/daily_outputs/YCA/YCA_2019_YCA2019_stress_grid_S0003_daily.csv
YCA,YCA,Yucheng,2019,Leave_One_experiments\wth_generated_qc\YCA\YCA2019.WTH,dry_year;water_stress_year;nitrogen_stress_year,water_stress,YCA2019_stress_grid_S0003,irrigation_positive_candidate,2019-07-25,206,43,38,"{""sim_day"": 43.0, ""doy"": 206.0, ""topwt"": 1413.8514709472656, ""grnwt"": 0.0, ""xlai"": 1.012658953666687, ""totir"": 20.0, ""tofer"": NaN, ""swfac"": 0.0, ""nstres"": 0.5296396017074585}",0.0,0.5296396017074585,1413.8514709472656,0.0,1.012658953666687,20.0,,0.0,0.0,20.0,0.0,4.701602172851564,12.701602172851564,Leave_One_experiments/all_year_offline_schedule_search/daily_outputs/YCA/YCA_2019_YCA2019_stress_grid_S0003_daily.csv
YCA,YCA,Yucheng,2019,Leave_One_experiments\wth_generated_qc\YCA\YCA2019.WTH,dry_year;water_stress_year;nitrogen_stress_year,water_stress,YCA2019_stress_grid_S0003,irrigation_positive_candidate,2019-07-26,207,44,39,"{""sim_day"": 44.0, ""doy"": 207.0, ""topwt"": 1476.2741088867188, ""grnwt"": 0.0, ""xlai"": 1.0091924667358398, ""totir"": 20.0, ""tofer"": NaN, ""swfac"": 0.0, ""nstres"": 0.523219645023346}",0.0,0.523219645023346,1476.2741088867188,0.0,1.0091924667358398,20.0,,0.0,0.0,20.0,0.0,4.701602172851564,12.701602172851564,Leave_One_experiments/all_year_offline_schedule_search/daily_outputs/YCA/YCA_2019_YCA2019_stress_grid_S0003_daily.csv
YCA,YCA,Yucheng,2019,Leave_One_experiments\wth_generated_qc\YCA\YCA2019.WTH,dry_year;water_stress_year;nitrogen_stress_year,water_stress,YCA2019_stress_grid_S0003,irrigation_positive_candidate,2019-07-27,208,45,40,"{""sim_day"": 45.0, ""doy"": 208.0, ""topwt"": 1591.2159729003906, ""grnwt"": 0.0, ""xlai"": 1.0183894634246826, ""totir"": 20.0, ""tofer"": NaN, ""swfac"": 0.0, ""nstres"": 0.5313637256622314}",0.0,0.5313637256622314,1591.2159729003906,0.0,1.0183894634246826,20.0,,0.0,0.0,20.0,0.0,4.701602172851564,12.701602172851564,Leave_One_experiments/all_year_offline_schedule_search/daily_outputs/YCA/YCA_2019_YCA2019_stress_grid_S0003_daily.csv
YCA,YCA,Yucheng,2019,Leave_One_experiments\wth_generated_qc\YCA\YCA2019.WTH,dry_year;water_stress_year;nitrogen_stress_year,water_stress,YCA2019_stress_grid_S0003,irrigation_positive_candidate,2019-07-28,209,46,41,"{""sim_day"": 46.0, ""doy"": 209.0, ""topwt"": 1674.5159912109375, ""grnwt"": 0.0, ""xlai"": 1.0088438987731934, ""totir"": 20.0, ""tofer"": NaN, ""swfac"": 0.0, ""nstres"": 0.5251297354698181}",0.0,0.5251297354698181,1674.5159912109375,0.0,1.0088438987731934,20.0,,0.0,0.0,20.0,0.0,4.701602172851564,12.701602172851564,Leave_One_experiments/all_year_offline_schedule_search/daily_outputs/YCA/YCA_2019_YCA2019_stress_grid_S0003_daily.csv
YCA,YCA,Yucheng,2019,Leave_One_experiments\wth_generated_qc\YCA\YCA2019.WTH,dry_year;water_stress_year;nitrogen_stress_year,water_stress,YCA2019_stress_grid_S0003,irrigation_positive_candidate,2019-07-29,210,47,42,"{""sim_day"": 47.0, ""doy"": 210.0, ""topwt"": 1735.35888671875, ""grnwt"": 0.0, ""xlai"": 0.9888306260108948, ""totir"": 20.0, ""tofer"": NaN, ""swfac"": 0.0, ""nstres"": 0.5373174548149109}",0.0,0.5373174548149109,1735.35888671875,0.0,0.9888306260108948,20.0,,0.0,0.0,20.0,0.0,4.701602172851564,12.701602172851564,Leave_One_experiments/all_year_offline_schedule_search/daily_outputs/YCA/YCA_2019_YCA2019_stress_grid_S0003_daily.csv
YCA,YCA,Yucheng,2019,Leave_One_experiments\wth_generated_qc\YCA\YCA2019.WTH,dry_year;water_stress_year;nitrogen_stress_year,water_stress,YCA2019_stress_grid_S0003,irrigation_positive_candidate,2019-07-30,211,48,43,"{""sim_day"": 48.0, ""doy"": 211.0, ""topwt"": 1830.0965881347656, ""grnwt"": 0.0, ""xlai"": 0.9780954122543336, ""totir"": 20.0, ""tofer"": NaN, ""swfac"": 0.0, ""nstres"": 0.5325761437416077}",0.0,0.5325761437416077,1830.0965881347656,0.0,0.9780954122543336,20.0,,0.0,0.0,20.0,0.0,4.701602172851564,12.701602172851564,Leave_One_experiments/all_year_offline_schedule_search/daily_outputs/YCA/YCA_2019_YCA2019_stress_grid_S0003_daily.csv
YCA,YCA,Yucheng,2019,Leave_One_experiments\wth_generated_qc\YCA\YCA2019.WTH,dry_year;water_stress_year;nitrogen_stress_year,water_stress,YCA2019_stress_grid_S0003,irrigation_positive_candidate,2019-07-31,212,49,44,"{""sim_day"": 49.0, ""doy"": 212.0, ""topwt"": 1921.115264892578, ""grnwt"": 0.0, ""xlai"": 0.9650135636329652, ""totir"": 20.0, ""tofer"": NaN, ""swfac"": 0.0, ""nstres"": 0.5245819687843323}",0.0,0.5245819687843323,1921.115264892578,0.0,0.9650135636329652,20.0,,0.0,0.0,20.0,0.0,4.701602172851564,12.701602172851564,Leave_One_experiments/all_year_offline_schedule_search/daily_outputs/YCA/YCA_2019_YCA2019_stress_grid_S0003_daily.csv
YCA,YCA,Yucheng,2019,Leave_One_experiments\wth_generated_qc\YCA\YCA2019.WTH,dry_year;water_stress_year;nitrogen_stress_year,water_stress,YCA2019_stress_grid_S0003,irrigation_positive_candidate,2019-08-01,213,50,45,"{""sim_day"": 50.0, ""doy"": 213.0, ""topwt"": 1958.662109375, ""grnwt"": 0.0, ""xlai"": 0.9371769428253174, ""totir"": 20.0, ""tofer"": NaN, ""swfac"": 0.0, ""nstres"": 0.5272345542907715}",0.0,0.5272345542907715,1958.662109375,0.0,0.9371769428253174,20.0,,0.0,0.0,20.0,0.0,4.701602172851564,12.701602172851564,Leave_One_experiments/all_year_offline_schedule_search/daily_outputs/YCA/YCA_2019_YCA2019_stress_grid_S0003_daily.csv
YCA,YCA,Yucheng,2019,Leave_One_experiments\wth_generated_qc\YCA\YCA2019.WTH,dry_year;water_stress_year;nitrogen_stress_year,water_stress,YCA2019_stress_grid_S0003,irrigation_positive_candidate,2019-08-02,214,51,46,"{""sim_day"": 51.0, ""doy"": 214.0, ""topwt"": 2039.624481201172, ""grnwt"": 0.0, ""xlai"": 0.9202864766120912, ""totir"": 20.0, ""tofer"": NaN, ""swfac"": 0.0, ""nstres"": 0.5349037647247314}",0.0,0.5349037647247314,2039.624481201172,0.0,0.9202864766120912,20.0,,0.0,0.0,20.0,0.0,4.701602172851564,12.701602172851564,Leave_One_experiments/all_year_offline_schedule_search/daily_outputs/YCA/YCA_2019_YCA2019_stress_grid_S0003_daily.csv
YCA,YCA,Yucheng,2019,Leave_One_experiments\wth_generated_qc\YCA\YCA2019.WTH,dry_year;water_stress_year;nitrogen_stress_year,water_stress,YCA2019_stress_grid_S0003,irrigation_positive_candidate,2019-08-03,215,52,47,"{""sim_day"": 52.0, ""doy"": 215.0, ""topwt"": 2121.7361450195312, ""grnwt"": 0.0, ""xlai"": 0.9045664072036744, ""totir"": 20.0, ""tofer"": NaN, ""swfac"": 0.0, ""nstres"": 0.5286809802055359}",0.0,0.5286809802055359,2121.7361450195312,0.0,0.9045664072036744,20.0,,0.0,0.0,20.0,0.0,4.701602172851564,12.701602172851564,Leave_One_experiments/all_year_offline_schedule_search/daily_outputs/YCA/YCA_2019_YCA2019_stress_grid_S0003_daily.csv
YCA,YCA,Yucheng,2019,Leave_One_experiments\wth_generated_qc\YCA\YCA2019.WTH,dry_year;water_stress_year;nitrogen_stress_year,water_stress,YCA2019_stress_grid_S0003,irrigation_positive_candidate,2019-08-04,216,53,48,"{""sim_day"": 53.0, ""doy"": 216.0, ""topwt"": 2212.340850830078, ""grnwt"": 0.0, ""xlai"": 0.891484260559082, ""totir"": 20.0, ""tofer"": NaN, ""swfac"": 0.0, ""nstres"": 0.5296646952629089}",0.0,0.5296646952629089,2212.340850830078,0.0,0.891484260559082,20.0,,0.0,0.0,20.0,0.0,4.701602172851564,12.701602172851564,Leave_One_experiments/all_year_offline_schedule_search/daily_outputs/YCA/YCA_2019_YCA2019_stress_grid_S0003_daily.csv
YCA,YCA,Yucheng,2019,Leave_One_experiments\wth_generated_qc\YCA\YCA2019.WTH,dry_year;water_stress_year;nitrogen_stress_year,water_stress,YCA2019_stress_grid_S0003,irrigation_positive_candidate,2019-08-05,217,54,49,"{""sim_day"": 54.0, ""doy"": 217.0, ""topwt"": 2274.9288940429688, ""grnwt"": 0.0, ""xlai"": 0.8720561265945435, ""totir"": 20.0, ""tofer"": NaN, ""swfac"": 0.0, ""nstres"": 0.5289122462272644}",0.0,0.5289122462272644,2274.9288940429688,0.0,0.8720561265945435,20.0,,0.0,0.0,20.0,0.0,4.701602172851564,12.701602172851564,Leave_One_experiments/all_year_offline_schedule_search/daily_outputs/YCA/YCA_2019_YCA2019_stress_grid_S0003_daily.csv
YCA,YCA,Yucheng,2019,Leave_One_experiments\wth_generated_qc\YCA\YCA2019.WTH,dry_year;water_stress_year;nitrogen_stress_year,water_stress,YCA2019_stress_grid_S0003,irrigation_positive_candidate,2019-08-06,218,55,50,"{""sim_day"": 55.0, ""doy"": 218.0, ""topwt"": 2312.0242309570312, ""grnwt"": 0.0, ""xlai"": 0.8472484946250916, ""totir"": 20.0, ""tofer"": NaN, ""swfac"": 0.0, ""nstres"": 0.5254674553871155}",0.0,0.5254674553871155,2312.0242309570312,0.0,0.8472484946250916,20.0,,0.0,0.0,20.0,0.0,4.701602172851564,12.701602172851564,Leave_One_experiments/all_year_offline_schedule_search/daily_outputs/YCA/YCA_2019_YCA2019_stress_grid_S0003_daily.csv
YCA,YCA,Yucheng,2019,Leave_One_experiments\wth_generated_qc\YCA\YCA2019.WTH,dry_year;water_stress_year;nitrogen_stress_year,water_stress,YCA2019_stress_grid_S0003,irrigation_positive_candidate,2019-08-07,219,56,51,"{""sim_day"": 56.0, ""doy"": 219.0, ""topwt"": 2393.722076416016, ""grnwt"": 0.0, ""xlai"": 0.81478351354599, ""totir"": 20.0, ""tofer"": NaN, ""swfac"": 0.0, ""nstres"": 0.5196369886398315}",0.0,0.5196369886398315,2393.722076416016,0.0,0.81478351354599,20.0,,0.0,0.0,20.0,0.0,4.701602172851564,12.701602172851564,Leave_One_experiments/all_year_offline_schedule_search/daily_outputs/YCA/YCA_2019_YCA2019_stress_grid_S0003_daily.csv
YCA,YCA,Yucheng,2019,Leave_One_experiments\wth_generated_qc\YCA\YCA2019.WTH,dry_year;water_stress_year;nitrogen_stress_year,water_stress,YCA2019_stress_grid_S0003,irrigation_positive_candidate,2019-08-08,220,57,52,"{""sim_day"": 57.0, ""doy"": 220.0, ""topwt"": 2448.342742919922, ""grnwt"": 0.0, ""xlai"": 0.7841081023216248, ""totir"": 20.0, ""tofer"": NaN, ""swfac"": 0.0, ""nstres"": 0.5035651326179504}",0.0,0.5035651326179504,2448.342742919922,0.0,0.7841081023216248,20.0,,0.0,0.0,20.0,0.0,4.701602172851564,12.701602172851564,Leave_One_experiments/all_year_offline_schedule_search/daily_outputs/YCA/YCA_2019_YCA2019_stress_grid_S0003_daily.csv
YCA,YCA,Yucheng,2019,Leave_One_experiments\wth_generated_qc\YCA\YCA2019.WTH,dry_year;water_stress_year;nitrogen_stress_year,water_stress,YCA2019_stress_grid_S0003,irrigation_positive_candidate,2019-08-09,221,58,53,"{""sim_day"": 58.0, ""doy"": 221.0, ""topwt"": 2464.253845214844, ""grnwt"": 0.0, ""xlai"": 0.7546439170837402, ""totir"": 20.0, ""tofer"": NaN, ""swfac"": 0.0, ""nstres"": 0.5018404722213745}",0.0,0.5018404722213745,2464.253845214844,0.0,0.7546439170837402,20.0,,0.0,0.0,20.0,0.0,4.701602172851564,12.701602172851564,Leave_One_experiments/all_year_offline_schedule_search/daily_outputs/YCA/YCA_2019_YCA2019_stress_grid_S0003_daily.csv
YCA,YCA,Yucheng,2019,Leave_One_experiments\wth_generated_qc\YCA\YCA2019.WTH,dry_year;water_stress_year;nitrogen_stress_year,water_stress,YCA2019_stress_grid_S0003,irrigation_positive_candidate,2019-08-10,222,59,54,"{""sim_day"": 59.0, ""doy"": 222.0, ""topwt"": 2455.270233154297, ""grnwt"": 0.0, ""xlai"": 0.7265070676803589, ""totir"": 20.0, ""tofer"": NaN, ""swfac"": 0.0, ""nstres"": 0.4948381185531616}",0.0,0.4948381185531616,2455.270233154297,0.0,0.7265070676803589,20.0,,0.0,0.0,20.0,0.0,4.701602172851564,12.701602172851564,Leave_One_experiments/all_year_offline_schedule_search/daily_outputs/YCA/YCA_2019_YCA2019_stress_grid_S0003_daily.csv
YCA,YCA,Yucheng,2019,Leave_One_experiments\wth_generated_qc\YCA\YCA2019.WTH,dry_year;water_stress_year;nitrogen_stress_year,water_stress,YCA2019_stress_grid_S0003,irrigation_positive_candidate,2019-08-11,223,60,55,"{""sim_day"": 60.0, ""doy"": 223.0, ""topwt"": 2455.66650390625, ""grnwt"": 0.0, ""xlai"": 0.6999067664146423, ""totir"": 20.0, ""tofer"": NaN, ""swfac"": 0.0, ""nstres"": 0.4787340760231018}",0.0,0.4787340760231018,2455.66650390625,0.0,0.6999067664146423,20.0,,0.0,0.0,20.0,0.0,4.701602172851564,12.701602172851564,Leave_One_experiments/all_year_offline_schedule_search/daily_outputs/YCA/YCA_2019_YCA2019_stress_grid_S0003_daily.csv
YCA,YCA,Yucheng,2019,Leave_One_experiments\wth_generated_qc\YCA\YCA2019.WTH,dry_year;water_stress_year;nitrogen_stress_year,water_stress,YCA2019_stress_grid_S0003,irrigation_positive_candidate,2019-08-12,224,61,56,"{""sim_day"": 61.0, ""doy"": 224.0, ""topwt"": 2471.356811523437, ""grnwt"": 0.0, ""xlai"": 0.6750159859657288, ""totir"": 20.0, ""tofer"": NaN, ""swfac"": 0.0, ""nstres"": 0.4535112977027893}",0.0,0.4535112977027893,2471.356811523437,0.0,0.6750159859657288,20.0,,0.0,0.0,20.0,0.0,4.701602172851564,12.701602172851564,Leave_One_experiments/all_year_offline_schedule_search/daily_outputs/YCA/YCA_2019_YCA2019_stress_grid_S0003_daily.csv
YCA,YCA,Yucheng,2019,Leave_One_experiments\wth_generated_qc\YCA\YCA2019.WTH,dry_year;water_stress_year;nitrogen_stress_year,water_stress,YCA2019_stress_grid_S0003,irrigation_positive_candidate,2019-08-13,225,62,57,"{""sim_day"": 62.0, ""doy"": 225.0, ""topwt"": 2542.2364807128906, ""grnwt"": 0.0, ""xlai"": 0.6515519618988037, ""totir"": 20.0, ""tofer"": NaN, ""swfac"": 0.0, ""nstres"": 0.4342570900917053}",0.0,0.4342570900917053,2542.2364807128906,0.0,0.6515519618988037,20.0,,0.0,0.0,20.0,0.0,4.701602172851564,12.701602172851564,Leave_One_experiments/all_year_offline_schedule_search/daily_outputs/YCA/YCA_2019_YCA2019_stress_grid_S0003_daily.csv
YCA,YCA,Yucheng,2019,Leave_One_experiments\wth_generated_qc\YCA\YCA2019.WTH,dry_year;water_stress_year;nitrogen_stress_year,water_stress,YCA2019_stress_grid_S0003,irrigation_positive_candidate,2019-08-14,226,63,58,"{""sim_day"": 63.0, ""doy"": 226.0, ""topwt"": 2623.07861328125, ""grnwt"": 0.0, ""xlai"": 0.6293584704399109, ""totir"": 20.0, ""tofer"": NaN, ""swfac"": 0.0, ""nstres"": 0.4175003170967102}",0.0,0.4175003170967102,2623.07861328125,0.0,0.6293584704399109,20.0,,0.0,0.0,20.0,0.0,4.701602172851564,12.701602172851564,Leave_One_experiments/all_year_offline_schedule_search/daily_outputs/YCA/YCA_2019_YCA2019_stress_grid_S0003_daily.csv
YCA,YCA,Yucheng,2019,Leave_One_experiments\wth_generated_qc\YCA\YCA2019.WTH,dry_year;water_stress_year;nitrogen_stress_year,water_stress,YCA2019_stress_grid_S0003,irrigation_positive_candidate,2019-08-15,227,64,59,"{""sim_day"": 64.0, ""doy"": 227.0, ""topwt"": 2650.7516479492188, ""grnwt"": 0.0, ""xlai"": 0.6079976558685303, ""totir"": 20.0, ""tofer"": NaN, ""swfac"": 0.0, ""nstres"": 0.4145739674568176}",0.0,0.4145739674568176,2650.7516479492188,0.0,0.6079976558685303,20.0,,0.0,0.0,20.0,0.0,4.701602172851564,12.701602172851564,Leave_One_experiments/all_year_offline_schedule_search/daily_outputs/YCA/YCA_2019_YCA2019_stress_grid_S0003_daily.csv
YCA,YCA,Yucheng,2019,Leave_One_experiments\wth_generated_qc\YCA\YCA2019.WTH,dry_year;water_stress_year;nitrogen_stress_year,water_stress,YCA2019_stress_grid_S0003,irrigation_positive_candidate,2019-08-16,228,65,60,"{""sim_day"": 65.0, ""doy"": 228.0, ""topwt"": 2728.64501953125, ""grnwt"": 0.0, ""xlai"": 0.5874283313751221, ""totir"": 20.0, ""tofer"": NaN, ""swfac"": 0.0, ""nstres"": 0.4119511842727661}",0.0,0.4119511842727661,2728.64501953125,0.0,0.5874283313751221,20.0,,0.0,0.0,20.0,0.0,4.701602172851564,12.701602172851564,Leave_One_experiments/all_year_offline_schedule_search/daily_outputs/YCA/YCA_2019_YCA2019_stress_grid_S0003_daily.csv
YCA,YCA,Yucheng,2019,Leave_One_experiments\wth_generated_qc\YCA\YCA2019.WTH,dry_year;water_stress_year;nitrogen_stress_year,water_stress,YCA2019_stress_grid_S0003,irrigation_positive_candidate,2019-08-17,229,66,61,"{""sim_day"": 66.0, ""doy"": 229.0, ""topwt"": 2814.2953491210938, ""grnwt"": 85.65041542053223, ""xlai"": 0.5680086016654968, ""totir"": 20.0, ""tofer"": NaN, ""swfac"": 0.0, ""nstres"": 0.3934136629104614}",0.0,0.3934136629104614,2814.2953491210938,85.65041542053223,0.5680086016654968,20.0,,0.0,0.0,20.0,0.0,4.701602172851564,12.701602172851564,Leave_One_experiments/all_year_offline_schedule_search/daily_outputs/YCA/YCA_2019_YCA2019_stress_grid_S0003_daily.csv
YCA,YCA,Yucheng,2019,Leave_One_experiments\wth_generated_qc\YCA\YCA2019.WTH,dry_year;water_stress_year;nitrogen_stress_year,water_stress,YCA2019_stress_grid_S0003,irrigation_positive_candidate,2019-08-18,230,67,62,"{""sim_day"": 67.0, ""doy"": 230.0, ""topwt"": 2860.445556640625, ""grnwt"": 131.80073738098145, ""xlai"": 0.5486004948616028, ""totir"": 20.0, ""tofer"": NaN, ""swfac"": 0.0, ""nstres"": 0.4200471043586731}",0.0,0.4200471043586731,2860.445556640625,131.80073738098145,0.5486004948616028,20.0,,0.0,0.0,20.0,0.0,4.701602172851564,12.701602172851564,Leave_One_experiments/all_year_offline_schedule_search/daily_outputs/YCA/YCA_2019_YCA2019_stress_grid_S0003_daily.csv
YCA,YCA,Yucheng,2019,Leave_One_experiments\wth_generated_qc\YCA\YCA2019.WTH,dry_year;water_stress_year;nitrogen_stress_year,water_stress,YCA2019_stress_grid_S0003,irrigation_positive_candidate,2019-08-19,231,68,63,"{""sim_day"": 68.0, ""doy"": 231.0, ""topwt"": 2906.596069335937, ""grnwt"": 177.95106887817383, ""xlai"": 0.5301006436347961, ""totir"": 20.0, ""tofer"": NaN, ""swfac"": 0.0, ""nstres"": 0.4093276262283325}",0.0,0.4093276262283325,2906.596069335937,177.95106887817383,0.5301006436347961,20.0,,0.0,0.0,20.0,0.0,4.701602172851564,12.701602172851564,Leave_One_experiments/all_year_offline_schedule_search/daily_outputs/YCA/YCA_2019_YCA2019_stress_grid_S0003_daily.csv
YCA,YCA,Yucheng,2019,Leave_One_experiments\wth_generated_qc\YCA\YCA2019.WTH,dry_year;water_stress_year;nitrogen_stress_year,water_stress,YCA2019_stress_grid_S0003,irrigation_positive_candidate,2019-08-20,232,69,64,"{""sim_day"": 69.0, ""doy"": 232.0, ""topwt"": 2952.7462768554688, ""grnwt"": 224.10139083862305, ""xlai"": 0.5124840140342712, ""totir"": 20.0, ""tofer"": NaN, ""swfac"": 0.0, ""nstres"": 0.3975793123245239}",0.0,0.3975793123245239,2952.7462768554688,224.10139083862305,0.5124840140342712,20.0,,0.0,0.0,20.0,0.0,4.701602172851564,12.701602172851564,Leave_One_experiments/all_year_offline_schedule_search/daily_outputs/YCA/YCA_2019_YCA2019_stress_grid_S0003_daily.csv
YCA,YCA,Yucheng,2019,Leave_One_experiments\wth_generated_qc\YCA\YCA2019.WTH,dry_year;water_stress_year;nitrogen_stress_year,water_stress,YCA2019_stress_grid_S0003,irrigation_positive_candidate,2019-08-21,233,70,65,"{""sim_day"": 70.0, ""doy"": 233.0, ""topwt"": 2998.896484375, ""grnwt"": 270.25169372558594, ""xlai"": 0.4956309795379638, ""totir"": 20.0, ""tofer"": NaN, ""swfac"": 0.0, ""nstres"": 0.3892393112182617}",0.0,0.3892393112182617,2998.896484375,270.25169372558594,0.4956309795379638,20.0,,0.0,0.0,20.0,0.0,4.701602172851564,12.701602172851564,Leave_One_experiments/all_year_offline_schedule_search/daily_outputs/YCA/YCA_2019_YCA2019_stress_grid_S0003_daily.csv
YCA,YCA,Yucheng,2019,Leave_One_experiments\wth_generated_qc\YCA\YCA2019.WTH,dry_year;water_stress_year;nitrogen_stress_year,water_stress,YCA2019_stress_grid_S0003,irrigation_positive_candidate,2019-08-22,234,71,66,"{""sim_day"": 71.0, ""doy"": 234.0, ""topwt"": 3045.0466918945312, ""grnwt"": 316.4020156860352, ""xlai"": 0.4795668423175812, ""totir"": 20.0, ""tofer"": NaN, ""swfac"": 0.0, ""nstres"": 0.3778756856918335}",0.0,0.3778756856918335,3045.0466918945312,316.4020156860352,0.4795668423175812,20.0,,0.0,0.0,20.0,0.0,4.701602172851564,12.701602172851564,Leave_One_experiments/all_year_offline_schedule_search/daily_outputs/YCA/YCA_2019_YCA2019_stress_grid_S0003_daily.csv
YCA,YCA,Yucheng,2019,Leave_One_experiments\wth_generated_qc\YCA\YCA2019.WTH,dry_year;water_stress_year;nitrogen_stress_year,water_stress,YCA2019_stress_grid_S0003,irrigation_positive_candidate,2019-08-23,235,72,67,"{""sim_day"": 72.0, ""doy"": 235.0, ""topwt"": 3072.2091674804688, ""grnwt"": 362.5523376464844, ""xlai"": 0.4641880393028259, ""totir"": 20.0, ""tofer"": NaN, ""swfac"": 0.0, ""nstres"": 0.3696337342262268}",0.0,0.3696337342262268,3072.2091674804688,362.5523376464844,0.4641880393028259,20.0,,0.0,0.0,20.0,0.0,4.701602172851564,12.701602172851564,Leave_One_experiments/all_year_offline_schedule_search/daily_outputs/YCA/YCA_2019_YCA2019_stress_grid_S0003_daily.csv
YCA,YCA,Yucheng,2019,Leave_One_experiments\wth_generated_qc\YCA\YCA2019.WTH,dry_year;water_stress_year;nitrogen_stress_year,water_stress,YCA2019_stress_grid_S0003,irrigation_positive_candidate,2019-08-24,236,73,68,"{""sim_day"": 73.0, ""doy"": 236.0, ""topwt"": 3084.6197509765625, ""grnwt"": 408.7026596069336, ""xlai"": 0.4494307935237884, ""totir"": 20.0, ""tofer"": NaN, ""swfac"": 0.0, ""nstres"": 0.3629903793334961}",0.0,0.3629903793334961,3084.6197509765625,408.7026596069336,0.4494307935237884,20.0,,0.0,0.0,20.0,0.0,4.701602172851564,12.701602172851564,Leave_One_experiments/all_year_offline_schedule_search/daily_outputs/YCA/YCA_2019_YCA2019_stress_grid_S0003_daily.csv
YCA,YCA,Yucheng,2019,Leave_One_experiments\wth_generated_qc\YCA\YCA2019.WTH,dry_year;water_stress_year;nitrogen_stress_year,water_stress,YCA2019_stress_grid_S0003,irrigation_positive_candidate,2019-08-25,237,74,69,"{""sim_day"": 74.0, ""doy"": 237.0, ""topwt"": 3117.9400634765625, ""grnwt"": 454.8529815673828, ""xlai"": 0.4354195296764374, ""totir"": 20.0, ""tofer"": NaN, ""swfac"": 0.0, ""nstres"": 0.3482166528701782}",0.0,0.3482166528701782,3117.9400634765625,454.8529815673828,0.4354195296764374,20.0,,0.0,0.0,20.0,0.0,4.701602172851564,12.701602172851564,Leave_One_experiments/all_year_offline_schedule_search/daily_outputs/YCA/YCA_2019_YCA2019_stress_grid_S0003_daily.csv
YCA,YCA,Yucheng,2019,Leave_One_experiments\wth_generated_qc\YCA\YCA2019.WTH,dry_year;water_stress_year;nitrogen_stress_year,water_stress,YCA2019_stress_grid_S0003,irrigation_positive_candidate,2019-08-26,238,75,70,"{""sim_day"": 75.0, ""doy"": 238.0, ""topwt"": 3173.569641113281, ""grnwt"": 501.0033416748047, ""xlai"": 0.422233372926712, ""totir"": 20.0, ""tofer"": NaN, ""swfac"": 0.0, ""nstres"": 0.3268085122108459}",0.0,0.3268085122108459,3173.569641113281,501.0033416748047,0.422233372926712,20.0,,0.0,0.0,20.0,0.0,4.701602172851564,12.701602172851564,Leave_One_experiments/all_year_offline_schedule_search/daily_outputs/YCA/YCA_2019_YCA2019_stress_grid_S0003_daily.csv
YCA,YCA,Yucheng,2019,Leave_One_experiments\wth_generated_qc\YCA\YCA2019.WTH,dry_year;water_stress_year;nitrogen_stress_year,water_stress,YCA2019_stress_grid_S0003,irrigation_positive_candidate,2019-08-27,239,76,71,"{""sim_day"": 76.0, ""doy"": 239.0, ""topwt"": 3240.8999633789062, ""grnwt"": 547.1536636352539, ""xlai"": 0.4096699953079223, ""totir"": 20.0, ""tofer"": NaN, ""swfac"": 0.0, ""nstres"": 0.3141059875488281}",0.0,0.3141059875488281,3240.8999633789062,547.1536636352539,0.4096699953079223,20.0,,0.0,0.0,20.0,0.0,4.701602172851564,12.701602172851564,Leave_One_experiments/all_year_offline_schedule_search/daily_outputs/YCA/YCA_2019_YCA2019_stress_grid_S0003_daily.csv
YCA,YCA,Yucheng,2019,Leave_One_experiments\wth_generated_qc\YCA\YCA2019.WTH,dry_year;water_stress_year;nitrogen_stress_year,water_stress,YCA2019_stress_grid_S0003,irrigation_positive_candidate,2019-08-28,240,77,72,"{""sim_day"": 77.0, ""doy"": 240.0, ""topwt"": 3309.5037841796875, ""grnwt"": 593.3039855957031, ""xlai"": 0.3974459767341614, ""totir"": 20.0, ""tofer"": NaN, ""swfac"": 0.0, ""nstres"": 0.3161307573318481}",0.0,0.3161307573318481,3309.5037841796875,593.3039855957031,0.3974459767341614,20.0,,0.0,0.0,20.0,0.0,4.701602172851564,12.701602172851564,Leave_One_experiments/all_year_offline_schedule_search/daily_outputs/YCA/YCA_2019_YCA2019_stress_grid_S0003_daily.csv
YCA,YCA,Yucheng,2019,Leave_One_experiments\wth_generated_qc\YCA\YCA2019.WTH,dry_year;water_stress_year;nitrogen_stress_year,water_stress,YCA2019_stress_grid_S0003,irrigation_positive_candidate,2019-08-29,241,78,73,"{""sim_day"": 78.0, ""doy"": 241.0, ""topwt"": 3368.0990600585938, ""grnwt"": 639.4543075561523, ""xlai"": 0.3854734897613525, ""totir"": 20.0, ""tofer"": NaN, ""swfac"": 0.0, ""nstres"": 0.3229693174362182}",0.0,0.3229693174362182,3368.0990600585938,639.4543075561523,0.3854734897613525,20.0,,0.0,0.0,20.0,0.0,4.701602172851564,12.701602172851564,Leave_One_experiments/all_year_offline_schedule_search/daily_outputs/YCA/YCA_2019_YCA2019_stress_grid_S0003_daily.csv
YCA,YCA,Yucheng,2019,Leave_One_experiments\wth_generated_qc\YCA\YCA2019.WTH,dry_year;water_stress_year;nitrogen_stress_year,water_stress,YCA2019_stress_grid_S0003,irrigation_positive_candidate,2019-08-30,242,79,74,"{""sim_day"": 79.0, ""doy"": 242.0, ""topwt"": 3414.249267578125, ""grnwt"": 685.6046295166016, ""xlai"": 0.3737480342388153, ""totir"": 20.0, ""tofer"": NaN, ""swfac"": 0.0, ""nstres"": 0.3300377130508423}",0.0,0.3300377130508423,3414.249267578125,685.6046295166016,0.3737480342388153,20.0,,0.0,0.0,20.0,0.0,4.701602172851564,12.701602172851564,Leave_One_experiments/all_year_offline_schedule_search/daily_outputs/YCA/YCA_2019_YCA2019_stress_grid_S0003_daily.csv
YCA,YCA,Yucheng,2019,Leave_One_experiments\wth_generated_qc\YCA\YCA2019.WTH,dry_year;water_stress_year;nitrogen_stress_year,water_stress,YCA2019_stress_grid_S0003,irrigation_positive_candidate,2019-08-31,243,80,75,"{""sim_day"": 80.0, ""doy"": 243.0, ""topwt"": 3460.399780273437, ""grnwt"": 731.7549133300781, ""xlai"": 0.362371563911438, ""totir"": 20.0, ""tofer"": NaN, ""swfac"": 0.0, ""nstres"": 0.3305273652076721}",0.0,0.3305273652076721,3460.399780273437,731.7549133300781,0.362371563911438,20.0,,0.0,0.0,20.0,0.0,4.701602172851564,12.701602172851564,Leave_One_experiments/all_year_offline_schedule_search/daily_outputs/YCA/YCA_2019_YCA2019_stress_grid_S0003_daily.csv
YCA,YCA,Yucheng,2019,Leave_One_experiments\wth_generated_qc\YCA\YCA2019.WTH,dry_year;water_stress_year;nitrogen_stress_year,water_stress,YCA2019_stress_grid_S0003,irrigation_positive_candidate,2019-09-01,244,81,76,"{""sim_day"": 81.0, ""doy"": 244.0, ""topwt"": 3506.5499877929688, ""grnwt"": 777.9052734375, ""xlai"": 0.3514280617237091, ""totir"": 20.0, ""tofer"": NaN, ""swfac"": 0.0, ""nstres"": 0.3247890472412109}",0.0,0.3247890472412109,3506.5499877929688,777.9052734375,0.3514280617237091,20.0,,0.0,0.0,20.0,0.0,4.701602172851564,12.701602172851564,Leave_One_experiments/all_year_offline_schedule_search/daily_outputs/YCA/YCA_2019_YCA2019_stress_grid_S0003_daily.csv
YCA,YCA,Yucheng,2019,Leave_One_experiments\wth_generated_qc\YCA\YCA2019.WTH,dry_year;water_stress_year;nitrogen_stress_year,water_stress,YCA2019_stress_grid_S0003,irrigation_positive_candidate,2019-09-02,245,82,77,"{""sim_day"": 82.0, ""doy"": 245.0, ""topwt"": 3552.700500488281, ""grnwt"": 824.0556335449219, ""xlai"": 0.3408803045749664, ""totir"": 20.0, ""tofer"": NaN, ""swfac"": 0.0, ""nstres"": 0.3203379511833191}",0.0,0.3203379511833191,3552.700500488281,824.0556335449219,0.3408803045749664,20.0,,0.0,0.0,20.0,0.0,4.701602172851564,12.701602172851564,Leave_One_experiments/all_year_offline_schedule_search/daily_outputs/YCA/YCA_2019_YCA2019_stress_grid_S0003_daily.csv
YCA,YCA,Yucheng,2019,Leave_One_experiments\wth_generated_qc\YCA\YCA2019.WTH,dry_year;water_stress_year;nitrogen_stress_year,water_stress,YCA2019_stress_grid_S0003,irrigation_positive_candidate,2019-09-03,246,83,78,"{""sim_day"": 83.0, ""doy"": 246.0, ""topwt"": 3598.8507080078125, ""grnwt"": 870.2059173583984, ""xlai"": 0.3307133316993713, ""totir"": 20.0, ""tofer"": NaN, ""swfac"": 0.0, ""nstres"": 0.3158161044120788}",0.0,0.3158161044120788,3598.8507080078125,870.2059173583984,0.3307133316993713,20.0,,0.0,0.0,20.0,0.0,4.701602172851564,12.701602172851564,Leave_One_experiments/all_year_offline_schedule_search/daily_outputs/YCA/YCA_2019_YCA2019_stress_grid_S0003_daily.csv
YCA,YCA,Yucheng,2019,Leave_One_experiments\wth_generated_qc\YCA\YCA2019.WTH,dry_year;water_stress_year;nitrogen_stress_year,water_stress,YCA2019_stress_grid_S0003,irrigation_positive_candidate,2019-09-04,247,84,79,"{""sim_day"": 84.0, ""doy"": 247.0, ""topwt"": 3645.000915527344, ""grnwt"": 916.3562774658204, ""xlai"": 0.3208969533443451, ""totir"": 20.0, ""tofer"": NaN, ""swfac"": 0.0, ""nstres"": 0.3123798966407776}",0.0,0.3123798966407776,3645.000915527344,916.3562774658204,0.3208969533443451,20.0,,0.0,0.0,20.0,0.0,4.701602172851564,12.701602172851564,Leave_One_experiments/all_year_offline_schedule_search/daily_outputs/YCA/YCA_2019_YCA2019_stress_grid_S0003_daily.csv
YCA,YCA,Yucheng,2019,Leave_One_experiments\wth_generated_qc\YCA\YCA2019.WTH,dry_year;water_stress_year;nitrogen_stress_year,water_stress,YCA2019_stress_grid_S0003,irrigation_positive_candidate,2019-09-05,248,85,80,"{""sim_day"": 85.0, ""doy"": 248.0, ""topwt"": 3691.151428222656, ""grnwt"": 962.5065612792968, ""xlai"": 0.3114184737205505, ""totir"": 20.0, ""tofer"": NaN, ""swfac"": 0.0, ""nstres"": 0.3089013695716858}",0.0,0.3089013695716858,3691.151428222656,962.5065612792968,0.3114184737205505,20.0,,0.0,0.0,20.0,0.0,4.701602172851564,12.701602172851564,Leave_One_experiments/all_year_offline_schedule_search/daily_outputs/YCA/YCA_2019_YCA2019_stress_grid_S0003_daily.csv
YCA,YCA,Yucheng,2019,Leave_One_experiments\wth_generated_qc\YCA\YCA2019.WTH,dry_year;water_stress_year;nitrogen_stress_year,water_stress,YCA2019_stress_grid_S0003,irrigation_positive_candidate,2019-09-06,249,86,81,"{""sim_day"": 86.0, ""doy"": 249.0, ""topwt"": 3737.3019409179688, ""grnwt"": 1008.6569213867188, ""xlai"": 0.3022654950618744, ""totir"": 20.0, ""tofer"": NaN, ""swfac"": 0.0, ""nstres"": 0.3053939938545227}",0.0,0.3053939938545227,3737.3019409179688,1008.6569213867188,0.3022654950618744,20.0,,0.0,0.0,20.0,0.0,4.701602172851564,12.701602172851564,Leave_One_experiments/all_year_offline_schedule_search/daily_outputs/YCA/YCA_2019_YCA2019_stress_grid_S0003_daily.csv
YCA,YCA,Yucheng,2019,Leave_One_experiments\wth_generated_qc\YCA\YCA2019.WTH,dry_year;water_stress_year;nitrogen_stress_year,water_stress,YCA2019_stress_grid_S0003,irrigation_positive_candidate,2019-09-07,250,87,82,"{""sim_day"": 87.0, ""doy"": 250.0, ""topwt"": 3783.4521484375, ""grnwt"": 1054.8072052001953, ""xlai"": 0.2934288084506988, ""totir"": 20.0, ""tofer"": NaN, ""swfac"": 0.0, ""nstres"": 0.3016406893730163}",0.0,0.3016406893730163,3783.4521484375,1054.8072052001953,0.2934288084506988,20.0,,0.0,0.0,20.0,0.0,4.701602172851564,12.701602172851564,Leave_One_experiments/all_year_offline_schedule_search/daily_outputs/YCA/YCA_2019_YCA2019_stress_grid_S0003_daily.csv
YCA,YCA,Yucheng,2019,Leave_One_experiments\wth_generated_qc\YCA\YCA2019.WTH,dry_year;water_stress_year;nitrogen_stress_year,water_stress,YCA2019_stress_grid_S0003,irrigation_positive_candidate,2019-09-08,251,88,83,"{""sim_day"": 88.0, ""doy"": 251.0, ""topwt"": 3829.6023559570312, ""grnwt"": 1100.9575653076172, ""xlai"": 0.2848922908306122, ""totir"": 20.0, ""tofer"": NaN, ""swfac"": 0.0, ""nstres"": 0.2982146739959717}",0.0,0.2982146739959717,3829.6023559570312,1100.9575653076172,0.2848922908306122,20.0,,0.0,0.0,20.0,0.0,4.701602172851564,12.701602172851564,Leave_One_experiments/all_year_offline_schedule_search/daily_outputs/YCA/YCA_2019_YCA2019_stress_grid_S0003_daily.csv
YCA,YCA,Yucheng,2019,Leave_One_experiments\wth_generated_qc\YCA\YCA2019.WTH,dry_year;water_stress_year;nitrogen_stress_year,water_stress,YCA2019_stress_grid_S0003,irrigation_positive_candidate,2019-09-09,252,89,84,"{""sim_day"": 89.0, ""doy"": 252.0, ""topwt"": 3858.0609130859375, ""grnwt"": 1147.1078491210938, ""xlai"": 0.276640385389328, ""totir"": 20.0, ""tofer"": NaN, ""swfac"": 0.0, ""nstres"": 0.2951579093933105}",0.0,0.2951579093933105,3858.0609130859375,1147.1078491210938,0.276640385389328,20.0,,0.0,0.0,20.0,0.0,4.701602172851564,12.701602172851564,Leave_One_experiments/all_year_offline_schedule_search/daily_outputs/YCA/YCA_2019_YCA2019_stress_grid_S0003_daily.csv
YCA,YCA,Yucheng,2019,Leave_One_experiments\wth_generated_qc\YCA\YCA2019.WTH,dry_year;water_stress_year;nitrogen_stress_year,water_stress,YCA2019_stress_grid_S0003,irrigation_positive_candidate,2019-09-10,253,90,85,"{""sim_day"": 90.0, ""doy"": 253.0, ""topwt"": 3875.980224609375, ""grnwt"": 1193.2582092285156, ""xlai"": 0.2686156332492828, ""totir"": 20.0, ""tofer"": NaN, ""swfac"": 0.0, ""nstres"": 0.2961922883987427}",0.0,0.2961922883987427,3875.980224609375,1193.2582092285156,0.2686156332492828,20.0,,0.0,0.0,20.0,0.0,4.701602172851564,12.701602172851564,Leave_One_experiments/all_year_offline_schedule_search/daily_outputs/YCA/YCA_2019_YCA2019_stress_grid_S0003_daily.csv
YCA,YCA,Yucheng,2019,Leave_One_experiments\wth_generated_qc\YCA\YCA2019.WTH,dry_year;water_stress_year;nitrogen_stress_year,water_stress,YCA2019_stress_grid_S0003,irrigation_positive_candidate,2019-09-11,254,91,86,"{""sim_day"": 91.0, ""doy"": 254.0, ""topwt"": 3884.771423339844, ""grnwt"": 1239.4084930419922, ""xlai"": 0.2608848214149475, ""totir"": 20.0, ""tofer"": NaN, ""swfac"": 0.0, ""nstres"": 0.2907201647758484}",0.0,0.2907201647758484,3884.771423339844,1239.4084930419922,0.2608848214149475,20.0,,0.0,0.0,20.0,0.0,4.701602172851564,12.701602172851564,Leave_One_experiments/all_year_offline_schedule_search/daily_outputs/YCA/YCA_2019_YCA2019_stress_grid_S0003_daily.csv
YCA,YCA,Yucheng,2019,Leave_One_experiments\wth_generated_qc\YCA\YCA2019.WTH,dry_year;water_stress_year;nitrogen_stress_year,water_stress,YCA2019_stress_grid_S0003,irrigation_positive_candidate,2019-09-12,255,92,87,"{""sim_day"": 92.0, ""doy"": 255.0, ""topwt"": 3899.58984375, ""grnwt"": 1285.5587768554688, ""xlai"": 0.2536277174949646, ""totir"": 20.0, ""tofer"": NaN, ""swfac"": 0.0, ""nstres"": 0.2676209211349487}",0.0,0.2676209211349487,3899.58984375,1285.5587768554688,0.2536277174949646,20.0,,0.0,0.0,20.0,0.0,4.701602172851564,12.701602172851564,Leave_One_experiments/all_year_offline_schedule_search/daily_outputs/YCA/YCA_2019_YCA2019_stress_grid_S0003_daily.csv
YCA,YCA,Yucheng,2019,Leave_One_experiments\wth_generated_qc\YCA\YCA2019.WTH,dry_year;water_stress_year;nitrogen_stress_year,water_stress,YCA2019_stress_grid_S0003,irrigation_positive_candidate,2019-09-13,256,93,88,"{""sim_day"": 93.0, ""doy"": 256.0, ""topwt"": 3933.616333007813, ""grnwt"": 1331.7091369628906, ""xlai"": 0.2467674762010574, ""totir"": 20.0, ""tofer"": NaN, ""swfac"": 0.0, ""nstres"": 0.2491616606712341}",0.0,0.2491616606712341,3933.616333007813,1331.7091369628906,0.2467674762010574,20.0,,0.0,0.0,20.0,0.0,4.701602172851564,12.701602172851564,Leave_One_experiments/all_year_offline_schedule_search/daily_outputs/YCA/YCA_2019_YCA2019_stress_grid_S0003_daily.csv
YCA,YCA,Yucheng,2019,Leave_One_experiments\wth_generated_qc\YCA\YCA2019.WTH,dry_year;water_stress_year;nitrogen_stress_year,water_stress,YCA2019_stress_grid_S0003,irrigation_positive_candidate,2019-09-14,257,94,89,"{""sim_day"": 94.0, ""doy"": 257.0, ""topwt"": 3967.84912109375, ""grnwt"": 1377.8594970703125, ""xlai"": 0.2402169406414032, ""totir"": 20.0, ""tofer"": NaN, ""swfac"": 0.0, ""nstres"": 0.2370802760124206}",0.0,0.2370802760124206,3967.84912109375,1377.8594970703125,0.2402169406414032,20.0,,0.0,0.0,20.0,0.0,4.701602172851564,12.701602172851564,Leave_One_experiments/all_year_offline_schedule_search/daily_outputs/YCA/YCA_2019_YCA2019_stress_grid_S0003_daily.csv
YCA,YCA,Yucheng,2019,Leave_One_experiments\wth_generated_qc\YCA\YCA2019.WTH,dry_year;water_stress_year;nitrogen_stress_year,water_stress,YCA2019_stress_grid_S0003,irrigation_positive_candidate,2019-09-15,258,95,90,"{""sim_day"": 95.0, ""doy"": 258.0, ""topwt"": 4014.132690429688, ""grnwt"": 1424.0098571777344, ""xlai"": 0.2337929159402847, ""totir"": 20.0, ""tofer"": NaN, ""swfac"": 0.0, ""nstres"": 0.2418165802955627}",0.0,0.2418165802955627,4014.132690429688,1424.0098571777344,0.2337929159402847,20.0,,0.0,0.0,20.0,0.0,4.701602172851564,12.701602172851564,Leave_One_experiments/all_year_offline_schedule_search/daily_outputs/YCA/YCA_2019_YCA2019_stress_grid_S0003_daily.csv
YCA,YCA,Yucheng,2019,Leave_One_experiments\wth_generated_qc\YCA\YCA2019.WTH,dry_year;water_stress_year;nitrogen_stress_year,water_stress,YCA2019_stress_grid_S0003,irrigation_positive_candidate,2019-09-16,259,96,91,"{""sim_day"": 96.0, ""doy"": 259.0, ""topwt"": 4033.009338378906, ""grnwt"": 1470.1602172851562, ""xlai"": 0.2274984121322631, ""totir"": 20.0, ""tofer"": NaN, ""swfac"": 0.0, ""nstres"": 0.2461668252944946}",0.0,0.2461668252944946,4033.009338378906,1470.1602172851562,0.2274984121322631,20.0,,0.0,0.0,20.0,0.0,4.701602172851564,12.701602172851564,Leave_One_experiments/all_year_offline_schedule_search/daily_outputs/YCA/YCA_2019_YCA2019_stress_grid_S0003_daily.csv
YCA,YCA,Yucheng,2019,Leave_One_experiments\wth_generated_qc\YCA\YCA2019.WTH,dry_year;water_stress_year;nitrogen_stress_year,water_stress,YCA2019_stress_grid_S0003,irrigation_positive_candidate,2019-09-17,260,97,92,"{""sim_day"": 97.0, ""doy"": 260.0, ""topwt"": 4033.009338378906, ""grnwt"": 1470.1602172851562, ""xlai"": 0.2274984121322631, ""totir"": 20.0, ""tofer"": NaN, ""swfac"": 0.0, ""nstres"": 0.259830117225647}",0.0,0.259830117225647,4033.009338378906,1470.1602172851562,0.2274984121322631,20.0,,0.0,0.0,20.0,0.0,4.701602172851564,12.701602172851564,Leave_One_experiments/all_year_offline_schedule_search/daily_outputs/YCA/YCA_2019_YCA2019_stress_grid_S0003_daily.csv
YCA,YCA,Yucheng,2019,Leave_One_experiments\wth_generated_qc\YCA\YCA2019.WTH,dry_year;water_stress_year;nitrogen_stress_year,water_stress,YCA2019_stress_grid_S0003,irrigation_positive_candidate,2019-09-18,261,98,93,"{""sim_day"": 98.0, ""doy"": 261.0, ""topwt"": 4033.009338378906, ""grnwt"": 1470.1602172851562, ""xlai"": 0.2274984121322631, ""totir"": 20.0, ""tofer"": NaN, ""swfac"": 0.0, ""nstres"": 0.259830117225647}",0.0,0.259830117225647,4033.009338378906,1470.1602172851562,0.2274984121322631,20.0,,0.0,0.0,20.0,0.0,4.701602172851564,12.701602172851564,Leave_One_experiments/all_year_offline_schedule_search/daily_outputs/YCA/YCA_2019_YCA2019_stress_grid_S0003_daily.csv
YCA,YCA,Yucheng,2019,Leave_One_experiments\wth_generated_qc\YCA\YCA2019.WTH,dry_year;water_stress_year;nitrogen_stress_year,water_stress,YCA2019_stress_grid_S0003,irrigation_positive_candidate,2019-09-19,262,99,94,"{""sim_day"": 99.0, ""doy"": 262.0, ""topwt"": 4033.009338378906, ""grnwt"": 1470.1602172851562, ""xlai"": 0.2274984121322631, ""totir"": 20.0, ""tofer"": NaN, ""swfac"": 0.0, ""nstres"": 0.259830117225647}",0.0,0.259830117225647,4033.009338378906,1470.1602172851562,0.2274984121322631,20.0,,0.0,0.0,20.0,0.0,4.701602172851564,12.701602172851564,Leave_One_experiments/all_year_offline_schedule_search/daily_outputs/YCA/YCA_2019_YCA2019_stress_grid_S0003_daily.csv
YCA,YCA,Yucheng,2019,Leave_One_experiments\wth_generated_qc\YCA\YCA2019.WTH,dry_year;water_stress_year;nitrogen_stress_year,water_stress,YCA2019_stress_grid_S0003,irrigation_positive_candidate,2019-09-20,263,100,95,"{""sim_day"": 100.0, ""doy"": 263.0, ""topwt"": 4033.009338378906, ""grnwt"": 1470.1602172851562, ""xlai"": 0.2274984121322631, ""totir"": 20.0, ""tofer"": NaN, ""swfac"": 0.0, ""nstres"": 0.259830117225647}",0.0,0.259830117225647,4033.009338378906,1470.1602172851562,0.2274984121322631,20.0,,0.0,0.0,20.0,0.0,4.701602172851564,12.701602172851564,Leave_One_experiments/all_year_offline_schedule_search/daily_outputs/YCA/YCA_2019_YCA2019_stress_grid_S0003_daily.csv
YCA,YCA,Yucheng,2019,Leave_One_experiments\wth_generated_qc\YCA\YCA2019.WTH,dry_year;water_stress_year;nitrogen_stress_year,water_stress,YCA2019_stress_grid_S0003,irrigation_positive_candidate,2019-09-21,264,101,96,"{""sim_day"": 101.0, ""doy"": 264.0, ""topwt"": 4033.009338378906, ""grnwt"": 1470.1602172851562, ""xlai"": 0.2274984121322631, ""totir"": 20.0, ""tofer"": NaN, ""swfac"": 0.0, ""nstres"": 0.259830117225647}",0.0,0.259830117225647,4033.009338378906,1470.1602172851562,0.2274984121322631,20.0,,0.0,0.0,20.0,0.0,4.701602172851564,12.701602172851564,Leave_One_experiments/all_year_offline_schedule_search/daily_outputs/YCA/YCA_2019_YCA2019_stress_grid_S0003_daily.csv
YCA,YCA,Yucheng,2019,Leave_One_experiments\wth_generated_qc\YCA\YCA2019.WTH,dry_year;water_stress_year;nitrogen_stress_year,water_stress,YCA2019_stress_grid_S0001,low_input_within_10pct_yield,2019-06-18,169,1,1,"{""sim_day"": 1.0, ""doy"": 169.0, ""topwt"": 0.0, ""grnwt"": 0.0, ""xlai"": 0.0, ""totir"": 0.0, ""tofer"": NaN, ""swfac"": 0.0, ""nstres"": 0.0}",0.0,0.0,0.0,0.0,0.0,0.0,,0.0,0.0,0.0,0.0,14.346089172363282,14.346089172363282,Leave_One_experiments/all_year_offline_schedule_search/daily_outputs/YCA/YCA_2019_YCA2019_stress_grid_S0001_daily.csv
YCA,YCA,Yucheng,2019,Leave_One_experiments\wth_generated_qc\YCA\YCA2019.WTH,dry_year;water_stress_year;nitrogen_stress_year,water_stress,YCA2019_stress_grid_S0001,low_input_within_10pct_yield,2019-06-19,170,2,2,"{""sim_day"": 2.0, ""doy"": 170.0, ""topwt"": 0.0, ""grnwt"": 0.0, ""xlai"": 0.0, ""totir"": 0.0, ""tofer"": NaN, ""swfac"": 0.0, ""nstres"": 0.0}",0.0,0.0,0.0,0.0,0.0,0.0,,0.0,0.0,0.0,0.0,14.346089172363282,14.346089172363282,Leave_One_experiments/all_year_offline_schedule_search/daily_outputs/YCA/YCA_2019_YCA2019_stress_grid_S0001_daily.csv
YCA,YCA,Yucheng,2019,Leave_One_experiments\wth_generated_qc\YCA\YCA2019.WTH,dry_year;water_stress_year;nitrogen_stress_year,water_stress,YCA2019_stress_grid_S0001,low_input_within_10pct_yield,2019-06-20,171,3,3,"{""sim_day"": 3.0, ""doy"": 171.0, ""topwt"": 0.0, ""grnwt"": 0.0, ""xlai"": 0.0, ""totir"": 0.0, ""tofer"": NaN, ""swfac"": 0.0, ""nstres"": 0.0}",0.0,0.0,0.0,0.0,0.0,0.0,,0.0,0.0,0.0,0.0,14.346089172363282,14.346089172363282,Leave_One_experiments/all_year_offline_schedule_search/daily_outputs/YCA/YCA_2019_YCA2019_stress_grid_S0001_daily.csv
YCA,YCA,Yucheng,2019,Leave_One_experiments\wth_generated_qc\YCA\YCA2019.WTH,dry_year;water_stress_year;nitrogen_stress_year,water_stress,YCA2019_stress_grid_S0001,low_input_within_10pct_yield,2019-06-21,172,4,4,"{""sim_day"": 4.0, ""doy"": 172.0, ""topwt"": 0.0, ""grnwt"": 0.0, ""xlai"": 0.0, ""totir"": 0.0, ""tofer"": NaN, ""swfac"": 0.0, ""nstres"": 0.0}",0.0,0.0,0.0,0.0,0.0,0.0,,0.0,0.0,0.0,0.0,14.346089172363282,14.346089172363282,Leave_One_experiments/all_year_offline_schedule_search/daily_outputs/YCA/YCA_2019_YCA2019_stress_grid_S0001_daily.csv
YCA,YCA,Yucheng,2019,Leave_One_experiments\wth_generated_qc\YCA\YCA2019.WTH,dry_year;water_stress_year;nitrogen_stress_year,water_stress,YCA2019_stress_grid_S0001,low_input_within_10pct_yield,2019-06-22,173,5,5,"{""sim_day"": 5.0, ""doy"": 173.0, ""topwt"": 0.0, ""grnwt"": 0.0, ""xlai"": 0.0, ""totir"": 0.0, ""tofer"": NaN, ""swfac"": 0.0, ""nstres"": 0.0}",0.0,0.0,0.0,0.0,0.0,0.0,,0.0,0.0,0.0,0.0,14.346089172363282,14.346089172363282,Leave_One_experiments/all_year_offline_schedule_search/daily_outputs/YCA/YCA_2019_YCA2019_stress_grid_S0001_daily.csv
YCA,YCA,Yucheng,2019,Leave_One_experiments\wth_generated_qc\YCA\YCA2019.WTH,dry_year;water_stress_year;nitrogen_stress_year,water_stress,YCA2019_stress_grid_S0001,low_input_within_10pct_yield,2019-06-18,169,6,1,"{""sim_day"": 6.0, ""doy"": 169.0, ""topwt"": 0.0, ""grnwt"": 0.0, ""xlai"": 0.0, ""totir"": 0.0, ""tofer"": NaN, ""swfac"": 0.0, ""nstres"": 0.0}",0.0,0.0,0.0,0.0,0.0,0.0,,0.0,0.0,0.0,0.0,14.346089172363282,14.346089172363282,Leave_One_experiments/all_year_offline_schedule_search/daily_outputs/YCA/YCA_2019_YCA2019_stress_grid_S0001_daily.csv
YCA,YCA,Yucheng,2019,Leave_One_experiments\wth_generated_qc\YCA\YCA2019.WTH,dry_year;water_stress_year;nitrogen_stress_year,water_stress,YCA2019_stress_grid_S0001,low_input_within_10pct_yield,2019-06-19,170,7,2,"{""sim_day"": 7.0, ""doy"": 170.0, ""topwt"": 0.0, ""grnwt"": 0.0, ""xlai"": 0.0, ""totir"": 0.0, ""tofer"": NaN, ""swfac"": 0.0, ""nstres"": 0.0}",0.0,0.0,0.0,0.0,0.0,0.0,,0.0,0.0,0.0,0.0,14.346089172363282,14.346089172363282,Leave_One_experiments/all_year_offline_schedule_search/daily_outputs/YCA/YCA_2019_YCA2019_stress_grid_S0001_daily.csv
YCA,YCA,Yucheng,2019,Leave_One_experiments\wth_generated_qc\YCA\YCA2019.WTH,dry_year;water_stress_year;nitrogen_stress_year,water_stress,YCA2019_stress_grid_S0001,low_input_within_10pct_yield,2019-06-20,171,8,3,"{""sim_day"": 8.0, ""doy"": 171.0, ""topwt"": 0.0, ""grnwt"": 0.0, ""xlai"": 0.0, ""totir"": 0.0, ""tofer"": NaN, ""swfac"": 0.0, ""nstres"": 0.0}",0.0,0.0,0.0,0.0,0.0,0.0,,0.0,0.0,0.0,0.0,14.346089172363282,14.346089172363282,Leave_One_experiments/all_year_offline_schedule_search/daily_outputs/YCA/YCA_2019_YCA2019_stress_grid_S0001_daily.csv
YCA,YCA,Yucheng,2019,Leave_One_experiments\wth_generated_qc\YCA\YCA2019.WTH,dry_year;water_stress_year;nitrogen_stress_year,water_stress,YCA2019_stress_grid_S0001,low_input_within_10pct_yield,2019-06-21,172,9,4,"{""sim_day"": 9.0, ""doy"": 172.0, ""topwt"": 0.0, ""grnwt"": 0.0, ""xlai"": 0.0, ""totir"": 0.0, ""tofer"": NaN, ""swfac"": 0.0, ""nstres"": 0.0}",0.0,0.0,0.0,0.0,0.0,0.0,,0.0,0.0,0.0,0.0,14.346089172363282,14.346089172363282,Leave_One_experiments/all_year_offline_schedule_search/daily_outputs/YCA/YCA_2019_YCA2019_stress_grid_S0001_daily.csv
YCA,YCA,Yucheng,2019,Leave_One_experiments\wth_generated_qc\YCA\YCA2019.WTH,dry_year;water_stress_year;nitrogen_stress_year,water_stress,YCA2019_stress_grid_S0001,low_input_within_10pct_yield,2019-06-22,173,10,5,"{""sim_day"": 10.0, ""doy"": 173.0, ""topwt"": 26.400001049041748, ""grnwt"": 0.0, ""xlai"": 0.0053130206651985, ""totir"": 0.0, ""tofer"": NaN, ""swfac"": 0.0, ""nstres"": 0.0121910572052001}",0.0,0.0121910572052001,26.400001049041748,0.0,0.0053130206651985,0.0,,0.0,0.0,0.0,0.0,14.346089172363282,14.346089172363282,Leave_One_experiments/all_year_offline_schedule_search/daily_outputs/YCA/YCA_2019_YCA2019_stress_grid_S0001_daily.csv
YCA,YCA,Yucheng,2019,Leave_One_experiments\wth_generated_qc\YCA\YCA2019.WTH,dry_year;water_stress_year;nitrogen_stress_year,water_stress,YCA2019_stress_grid_S0001,low_input_within_10pct_yield,2019-06-23,174,11,6,"{""sim_day"": 11.0, ""doy"": 174.0, ""topwt"": 26.400001049041748, ""grnwt"": 0.0, ""xlai"": 0.0113331619650125, ""totir"": 0.0, ""tofer"": NaN, ""swfac"": 0.0, ""nstres"": 0.0086501836776733}",0.0,0.0086501836776733,26.400001049041748,0.0,0.0113331619650125,0.0,,0.0,0.0,0.0,0.0,14.346089172363282,14.346089172363282,Leave_One_experiments/all_year_offline_schedule_search/daily_outputs/YCA/YCA_2019_YCA2019_stress_grid_S0001_daily.csv
YCA,YCA,Yucheng,2019,Leave_One_experiments\wth_generated_qc\YCA\YCA2019.WTH,dry_year;water_stress_year;nitrogen_stress_year,water_stress,YCA2019_stress_grid_S0001,low_input_within_10pct_yield,2019-06-24,175,12,7,"{""sim_day"": 12.0, ""doy"": 175.0, ""topwt"": 26.400001049041748, ""grnwt"": 0.0, ""xlai"": 0.0182597935199737, ""totir"": 0.0, ""tofer"": NaN, ""swfac"": 0.0, ""nstres"": 0.00066739320755}",0.0,0.00066739320755,26.400001049041748,0.0,0.0182597935199737,0.0,,0.0,0.0,0.0,0.0,14.346089172363282,14.346089172363282,Leave_One_experiments/all_year_offline_schedule_search/daily_outputs/YCA/YCA_2019_YCA2019_stress_grid_S0001_daily.csv
YCA,YCA,Yucheng,2019,Leave_One_experiments\wth_generated_qc\YCA\YCA2019.WTH,dry_year;water_stress_year;nitrogen_stress_year,water_stress,YCA2019_stress_grid_S0001,low_input_within_10pct_yield,2019-06-25,176,13,8,"{""sim_day"": 13.0, ""doy"": 176.0, ""topwt"": 26.400001049041748, ""grnwt"": 0.0, ""xlai"": 0.0417247824370861, ""totir"": 0.0, ""tofer"": NaN, ""swfac"": 0.0, ""nstres"": 0.0}",0.0,0.0,26.400001049041748,0.0,0.0417247824370861,0.0,,0.0,0.0,0.0,0.0,14.346089172363282,14.346089172363282,Leave_One_experiments/all_year_offline_schedule_search/daily_outputs/YCA/YCA_2019_YCA2019_stress_grid_S0001_daily.csv
YCA,YCA,Yucheng,2019,Leave_One_experiments\wth_generated_qc\YCA\YCA2019.WTH,dry_year;water_stress_year;nitrogen_stress_year,water_stress,YCA2019_stress_grid_S0001,low_input_within_10pct_yield,2019-06-26,177,14,9,"{""sim_day"": 14.0, ""doy"": 177.0, ""topwt"": 37.01164484024048, ""grnwt"": 0.0, ""xlai"": 0.0725562125444412, ""totir"": 0.0, ""tofer"": NaN, ""swfac"": 0.0, ""nstres"": 0.0}",0.0,0.0,37.01164484024048,0.0,0.0725562125444412,0.0,,0.0,0.0,0.0,0.0,14.346089172363282,14.346089172363282,Leave_One_experiments/all_year_offline_schedule_search/daily_outputs/YCA/YCA_2019_YCA2019_stress_grid_S0001_daily.csv
YCA,YCA,Yucheng,2019,Leave_One_experiments\wth_generated_qc\YCA\YCA2019.WTH,dry_year;water_stress_year;nitrogen_stress_year,water_stress,YCA2019_stress_grid_S0001,low_input_within_10pct_yield,2019-06-27,178,15,10,"{""sim_day"": 15.0, ""doy"": 178.0, ""topwt"": 48.52426052093506, ""grnwt"": 0.0, ""xlai"": 0.0993330329656601, ""totir"": 0.0, ""tofer"": NaN, ""swfac"": 0.0, ""nstres"": 0.0}",0.0,0.0,48.52426052093506,0.0,0.0993330329656601,0.0,,0.0,0.0,0.0,0.0,14.346089172363282,14.346089172363282,Leave_One_experiments/all_year_offline_schedule_search/daily_outputs/YCA/YCA_2019_YCA2019_stress_grid_S0001_daily.csv
YCA,YCA,Yucheng,2019,Leave_One_experiments\wth_generated_qc\YCA\YCA2019.WTH,dry_year;water_stress_year;nitrogen_stress_year,water_stress,YCA2019_stress_grid_S0001,low_input_within_10pct_yield,2019-06-28,179,16,11,"{""sim_day"": 16.0, ""doy"": 179.0, ""topwt"": 67.45081424713135, ""grnwt"": 0.0, ""xlai"": 0.13975390791893, ""totir"": 0.0, ""tofer"": NaN, ""swfac"": 0.0, ""nstres"": 0.0}",0.0,0.0,67.45081424713135,0.0,0.13975390791893,0.0,,0.0,0.0,0.0,0.0,14.346089172363282,14.346089172363282,Leave_One_experiments/all_year_offline_schedule_search/daily_outputs/YCA/YCA_2019_YCA2019_stress_grid_S0001_daily.csv
YCA,YCA,Yucheng,2019,Leave_One_experiments\wth_generated_qc\YCA\YCA2019.WTH,dry_year;water_stress_year;nitrogen_stress_year,water_stress,YCA2019_stress_grid_S0001,low_input_within_10pct_yield,2019-06-29,180,17,12,"{""sim_day"": 17.0, ""doy"": 180.0, ""topwt"": 91.33810997009276, ""grnwt"": 0.0, ""xlai"": 0.1867705285549163, ""totir"": 0.0, ""tofer"": NaN, ""swfac"": 0.0, ""nstres"": 0.0}",0.0,0.0,91.33810997009276,0.0,0.1867705285549163,0.0,,0.0,0.0,0.0,0.0,14.346089172363282,14.346089172363282,Leave_One_experiments/all_year_offline_schedule_search/daily_outputs/YCA/YCA_2019_YCA2019_stress_grid_S0001_daily.csv
YCA,YCA,Yucheng,2019,Leave_One_experiments\wth_generated_qc\YCA\YCA2019.WTH,dry_year;water_stress_year;nitrogen_stress_year,water_stress,YCA2019_stress_grid_S0001,low_input_within_10pct_yield,2019-06-30,181,18,13,"{""sim_day"": 18.0, ""doy"": 181.0, ""topwt"": 119.92982864379884, ""grnwt"": 0.0, ""xlai"": 0.2392461150884628, ""totir"": 0.0, ""tofer"": NaN, ""swfac"": 0.0, ""nstres"": 0.0112102031707763}",0.0,0.0112102031707763,119.92982864379884,0.0,0.2392461150884628,0.0,,0.0,0.0,0.0,0.0,14.346089172363282,14.346089172363282,Leave_One_experiments/all_year_offline_schedule_search/daily_outputs/YCA/YCA_2019_YCA2019_stress_grid_S0001_daily.csv
YCA,YCA,Yucheng,2019,Leave_One_experiments\wth_generated_qc\YCA\YCA2019.WTH,dry_year;water_stress_year;nitrogen_stress_year,water_stress,YCA2019_stress_grid_S0001,low_input_within_10pct_yield,2019-07-01,182,19,14,"{""sim_day"": 19.0, ""doy"": 182.0, ""topwt"": 157.28199005126953, ""grnwt"": 0.0, ""xlai"": 0.3025301396846771, ""totir"": 0.0, ""tofer"": NaN, ""swfac"": 0.0, ""nstres"": 0.0771512389183044}",0.0,0.0771512389183044,157.28199005126953,0.0,0.3025301396846771,0.0,,0.0,0.0,0.0,0.0,14.346089172363282,14.346089172363282,Leave_One_experiments/all_year_offline_schedule_search/daily_outputs/YCA/YCA_2019_YCA2019_stress_grid_S0001_daily.csv
YCA,YCA,Yucheng,2019,Leave_One_experiments\wth_generated_qc\YCA\YCA2019.WTH,dry_year;water_stress_year;nitrogen_stress_year,water_stress,YCA2019_stress_grid_S0001,low_input_within_10pct_yield,2019-07-02,183,20,15,"{""sim_day"": 20.0, ""doy"": 183.0, ""topwt"": 202.31325149536133, ""grnwt"": 0.0, ""xlai"": 0.3715695440769195, ""totir"": 0.0, ""tofer"": NaN, ""swfac"": 0.0, ""nstres"": 0.1356574296951294}",0.0,0.1356574296951294,202.31325149536133,0.0,0.3715695440769195,0.0,,0.0,0.0,0.0,0.0,14.346089172363282,14.346089172363282,Leave_One_experiments/all_year_offline_schedule_search/daily_outputs/YCA/YCA_2019_YCA2019_stress_grid_S0001_daily.csv
YCA,YCA,Yucheng,2019,Leave_One_experiments\wth_generated_qc\YCA\YCA2019.WTH,dry_year;water_stress_year;nitrogen_stress_year,water_stress,YCA2019_stress_grid_S0001,low_input_within_10pct_yield,2019-07-03,184,21,16,"{""sim_day"": 21.0, ""doy"": 184.0, ""topwt"": 217.24328994750977, ""grnwt"": 0.0, ""xlai"": 0.4138423204421997, ""totir"": 0.0, ""tofer"": NaN, ""swfac"": 0.0, ""nstres"": 0.1915743350982666}",0.0,0.1915743350982666,217.24328994750977,0.0,0.4138423204421997,0.0,,0.0,0.0,0.0,0.0,14.346089172363282,14.346089172363282,Leave_One_experiments/all_year_offline_schedule_search/daily_outputs/YCA/YCA_2019_YCA2019_stress_grid_S0001_daily.csv
YCA,YCA,Yucheng,2019,Leave_One_experiments\wth_generated_qc\YCA\YCA2019.WTH,dry_year;water_stress_year;nitrogen_stress_year,water_stress,YCA2019_stress_grid_S0001,low_input_within_10pct_yield,2019-07-04,185,22,17,"{""sim_day"": 22.0, ""doy"": 185.0, ""topwt"": 242.77463912963867, ""grnwt"": 0.0, ""xlai"": 0.4426652789115906, ""totir"": 0.0, ""tofer"": NaN, ""swfac"": 0.0, ""nstres"": 0.3724971413612366}",0.0,0.3724971413612366,242.77463912963867,0.0,0.4426652789115906,0.0,,0.0,0.0,0.0,0.0,14.346089172363282,14.346089172363282,Leave_One_experiments/all_year_offline_schedule_search/daily_outputs/YCA/YCA_2019_YCA2019_stress_grid_S0001_daily.csv
YCA,YCA,Yucheng,2019,Leave_One_experiments\wth_generated_qc\YCA\YCA2019.WTH,dry_year;water_stress_year;nitrogen_stress_year,water_stress,YCA2019_stress_grid_S0001,low_input_within_10pct_yield,2019-07-05,186,23,18,"{""sim_day"": 23.0, ""doy"": 186.0, ""topwt"": 265.3608512878418, ""grnwt"": 0.0, ""xlai"": 0.4654966294765472, ""totir"": 0.0, ""tofer"": NaN, ""swfac"": 0.0, ""nstres"": 0.3431332111358642}",0.0,0.3431332111358642,265.3608512878418,0.0,0.4654966294765472,0.0,,0.0,0.0,0.0,0.0,14.346089172363282,14.346089172363282,Leave_One_experiments/all_year_offline_schedule_search/daily_outputs/YCA/YCA_2019_YCA2019_stress_grid_S0001_daily.csv
YCA,YCA,Yucheng,2019,Leave_One_experiments\wth_generated_qc\YCA\YCA2019.WTH,dry_year;water_stress_year;nitrogen_stress_year,water_stress,YCA2019_stress_grid_S0001,low_input_within_10pct_yield,2019-07-06,187,24,19,"{""sim_day"": 24.0, ""doy"": 187.0, ""topwt"": 290.89717864990234, ""grnwt"": 0.0, ""xlai"": 0.4931657612323761, ""totir"": 0.0, ""tofer"": NaN, ""swfac"": 0.0, ""nstres"": 0.2681970596313476}",0.0,0.2681970596313476,290.89717864990234,0.0,0.4931657612323761,0.0,,0.0,0.0,0.0,0.0,14.346089172363282,14.346089172363282,Leave_One_experiments/all_year_offline_schedule_search/daily_outputs/YCA/YCA_2019_YCA2019_stress_grid_S0001_daily.csv
YCA,YCA,Yucheng,2019,Leave_One_experiments\wth_generated_qc\YCA\YCA2019.WTH,dry_year;water_stress_year;nitrogen_stress_year,water_stress,YCA2019_stress_grid_S0001,low_input_within_10pct_yield,2019-07-07,188,25,20,"{""sim_day"": 25.0, ""doy"": 188.0, ""topwt"": 323.45909118652344, ""grnwt"": 0.0, ""xlai"": 0.5304034948348999, ""totir"": 0.0, ""tofer"": NaN, ""swfac"": 0.0, ""nstres"": 0.2582149505615234}",0.0,0.2582149505615234,323.45909118652344,0.0,0.5304034948348999,0.0,,0.0,0.0,0.0,0.0,14.346089172363282,14.346089172363282,Leave_One_experiments/all_year_offline_schedule_search/daily_outputs/YCA/YCA_2019_YCA2019_stress_grid_S0001_daily.csv
YCA,YCA,Yucheng,2019,Leave_One_experiments\wth_generated_qc\YCA\YCA2019.WTH,dry_year;water_stress_year;nitrogen_stress_year,water_stress,YCA2019_stress_grid_S0001,low_input_within_10pct_yield,2019-07-08,189,26,21,"{""sim_day"": 26.0, ""doy"": 189.0, ""topwt"": 359.7751235961914, ""grnwt"": 0.0, ""xlai"": 0.5705134868621826, ""totir"": 0.0, ""tofer"": NaN, ""swfac"": 0.0, ""nstres"": 0.2885369062423706}",0.0,0.2885369062423706,359.7751235961914,0.0,0.5705134868621826,0.0,,0.0,0.0,0.0,0.0,14.346089172363282,14.346089172363282,Leave_One_experiments/all_year_offline_schedule_search/daily_outputs/YCA/YCA_2019_YCA2019_stress_grid_S0001_daily.csv
YCA,YCA,Yucheng,2019,Leave_One_experiments\wth_generated_qc\YCA\YCA2019.WTH,dry_year;water_stress_year;nitrogen_stress_year,water_stress,YCA2019_stress_grid_S0001,low_input_within_10pct_yield,2019-07-09,190,27,22,"{""sim_day"": 27.0, ""doy"": 190.0, ""topwt"": 394.92298126220703, ""grnwt"": 0.0, ""xlai"": 0.5998730659484863, ""totir"": 0.0, ""tofer"": NaN, ""swfac"": 0.0, ""nstres"": 0.3035908937454223}",0.0,0.3035908937454223,394.92298126220703,0.0,0.5998730659484863,0.0,,0.0,0.0,0.0,0.0,14.346089172363282,14.346089172363282,Leave_One_experiments/all_year_offline_schedule_search/daily_outputs/YCA/YCA_2019_YCA2019_stress_grid_S0001_daily.csv
YCA,YCA,Yucheng,2019,Leave_One_experiments\wth_generated_qc\YCA\YCA2019.WTH,dry_year;water_stress_year;nitrogen_stress_year,water_stress,YCA2019_stress_grid_S0001,low_input_within_10pct_yield,2019-07-10,191,28,23,"{""sim_day"": 28.0, ""doy"": 191.0, ""topwt"": 434.2776870727539, ""grnwt"": 0.0, ""xlai"": 0.6382089257240295, ""totir"": 0.0, ""tofer"": NaN, ""swfac"": 0.0, ""nstres"": 0.3118934631347656}",0.0,0.3118934631347656,434.2776870727539,0.0,0.6382089257240295,0.0,,0.0,0.0,0.0,0.0,14.346089172363282,14.346089172363282,Leave_One_experiments/all_year_offline_schedule_search/daily_outputs/YCA/YCA_2019_YCA2019_stress_grid_S0001_daily.csv
YCA,YCA,Yucheng,2019,Leave_One_experiments\wth_generated_qc\YCA\YCA2019.WTH,dry_year;water_stress_year;nitrogen_stress_year,water_stress,YCA2019_stress_grid_S0001,low_input_within_10pct_yield,2019-07-11,192,29,24,"{""sim_day"": 29.0, ""doy"": 192.0, ""topwt"": 485.4826354980469, ""grnwt"": 0.0, ""xlai"": 0.6895492672920227, ""totir"": 0.0, ""tofer"": NaN, ""swfac"": 0.0, ""nstres"": 0.3116571307182312}",0.0,0.3116571307182312,485.4826354980469,0.0,0.6895492672920227,0.0,,0.0,0.0,0.0,0.0,14.346089172363282,14.346089172363282,Leave_One_experiments/all_year_offline_schedule_search/daily_outputs/YCA/YCA_2019_YCA2019_stress_grid_S0001_daily.csv
YCA,YCA,Yucheng,2019,Leave_One_experiments\wth_generated_qc\YCA\YCA2019.WTH,dry_year;water_stress_year;nitrogen_stress_year,water_stress,YCA2019_stress_grid_S0001,low_input_within_10pct_yield,2019-07-12,193,30,25,"{""sim_day"": 30.0, ""doy"": 193.0, ""topwt"": 543.4894943237305, ""grnwt"": 0.0, ""xlai"": 0.7455514669418335, ""totir"": 0.0, ""tofer"": NaN, ""swfac"": 0.0, ""nstres"": 0.2934058308601379}",0.0,0.2934058308601379,543.4894943237305,0.0,0.7455514669418335,0.0,,0.0,0.0,0.0,0.0,14.346089172363282,14.346089172363282,Leave_One_experiments/all_year_offline_schedule_search/daily_outputs/YCA/YCA_2019_YCA2019_stress_grid_S0001_daily.csv
YCA,YCA,Yucheng,2019,Leave_One_experiments\wth_generated_qc\YCA\YCA2019.WTH,dry_year;water_stress_year;nitrogen_stress_year,water_stress,YCA2019_stress_grid_S0001,low_input_within_10pct_yield,2019-07-13,194,31,26,"{""sim_day"": 31.0, ""doy"": 194.0, ""topwt"": 605.068359375, ""grnwt"": 0.0, ""xlai"": 0.7996619939804077, ""totir"": 0.0, ""tofer"": NaN, ""swfac"": 0.0, ""nstres"": 0.3109068274497986}",0.0,0.3109068274497986,605.068359375,0.0,0.7996619939804077,0.0,,0.0,0.0,0.0,0.0,14.346089172363282,14.346089172363282,Leave_One_experiments/all_year_offline_schedule_search/daily_outputs/YCA/YCA_2019_YCA2019_stress_grid_S0001_daily.csv
YCA,YCA,Yucheng,2019,Leave_One_experiments\wth_generated_qc\YCA\YCA2019.WTH,dry_year;water_stress_year;nitrogen_stress_year,water_stress,YCA2019_stress_grid_S0001,low_input_within_10pct_yield,2019-07-14,195,32,27,"{""sim_day"": 32.0, ""doy"": 195.0, ""topwt"": 668.2426452636719, ""grnwt"": 0.0, ""xlai"": 0.8475881814956665, ""totir"": 0.0, ""tofer"": NaN, ""swfac"": 0.0, ""nstres"": 0.359189510345459}",0.0,0.359189510345459,668.2426452636719,0.0,0.8475881814956665,0.0,,0.0,0.0,0.0,0.0,14.346089172363282,14.346089172363282,Leave_One_experiments/all_year_offline_schedule_search/daily_outputs/YCA/YCA_2019_YCA2019_stress_grid_S0001_daily.csv
YCA,YCA,Yucheng,2019,Leave_One_experiments\wth_generated_qc\YCA\YCA2019.WTH,dry_year;water_stress_year;nitrogen_stress_year,water_stress,YCA2019_stress_grid_S0001,low_input_within_10pct_yield,2019-07-15,196,33,28,"{""sim_day"": 33.0, ""doy"": 196.0, ""topwt"": 727.9499816894531, ""grnwt"": 0.0, ""xlai"": 0.8839356303215027, ""totir"": 0.0, ""tofer"": NaN, ""swfac"": 0.0, ""nstres"": 0.4015161991119385}",0.0,0.4015161991119385,727.9499816894531,0.0,0.8839356303215027,0.0,,0.0,0.0,0.0,0.0,14.346089172363282,14.346089172363282,Leave_One_experiments/all_year_offline_schedule_search/daily_outputs/YCA/YCA_2019_YCA2019_stress_grid_S0001_daily.csv
YCA,YCA,Yucheng,2019,Leave_One_experiments\wth_generated_qc\YCA\YCA2019.WTH,dry_year;water_stress_year;nitrogen_stress_year,water_stress,YCA2019_stress_grid_S0001,low_input_within_10pct_yield,2019-07-16,197,34,29,"{""sim_day"": 34.0, ""doy"": 197.0, ""topwt"": 788.0339813232422, ""grnwt"": 0.0, ""xlai"": 0.9138126969337464, ""totir"": 0.0, ""tofer"": NaN, ""swfac"": 0.0, ""nstres"": 0.4331874251365661}",0.0,0.4331874251365661,788.0339813232422,0.0,0.9138126969337464,0.0,,0.0,0.0,0.0,0.0,14.346089172363282,14.346089172363282,Leave_One_experiments/all_year_offline_schedule_search/daily_outputs/YCA/YCA_2019_YCA2019_stress_grid_S0001_daily.csv
YCA,YCA,Yucheng,2019,Leave_One_experiments\wth_generated_qc\YCA\YCA2019.WTH,dry_year;water_stress_year;nitrogen_stress_year,water_stress,YCA2019_stress_grid_S0001,low_input_within_10pct_yield,2019-07-17,198,35,30,"{""sim_day"": 35.0, ""doy"": 198.0, ""topwt"": 846.0328674316406, ""grnwt"": 0.0, ""xlai"": 0.9357191324234008, ""totir"": 0.0, ""tofer"": NaN, ""swfac"": 0.0, ""nstres"": 0.4545156359672546}",0.0,0.4545156359672546,846.0328674316406,0.0,0.9357191324234008,0.0,,0.0,0.0,0.0,0.0,14.346089172363282,14.346089172363282,Leave_One_experiments/all_year_offline_schedule_search/daily_outputs/YCA/YCA_2019_YCA2019_stress_grid_S0001_daily.csv
YCA,YCA,Yucheng,2019,Leave_One_experiments\wth_generated_qc\YCA\YCA2019.WTH,dry_year;water_stress_year;nitrogen_stress_year,water_stress,YCA2019_stress_grid_S0001,low_input_within_10pct_yield,2019-07-18,199,36,31,"{""sim_day"": 36.0, ""doy"": 199.0, ""topwt"": 906.5137481689452, ""grnwt"": 0.0, ""xlai"": 0.9544353485107422, ""totir"": 0.0, ""tofer"": NaN, ""swfac"": 0.0, ""nstres"": 0.4718735814094543}",0.0,0.4718735814094543,906.5137481689452,0.0,0.9544353485107422,0.0,,0.0,0.0,0.0,0.0,14.346089172363282,14.346089172363282,Leave_One_experiments/all_year_offline_schedule_search/daily_outputs/YCA/YCA_2019_YCA2019_stress_grid_S0001_daily.csv
YCA,YCA,Yucheng,2019,Leave_One_experiments\wth_generated_qc\YCA\YCA2019.WTH,dry_year;water_stress_year;nitrogen_stress_year,water_stress,YCA2019_stress_grid_S0001,low_input_within_10pct_yield,2019-07-19,200,37,32,"{""sim_day"": 37.0, ""doy"": 200.0, ""topwt"": 970.7032775878906, ""grnwt"": 0.0, ""xlai"": 0.971034824848175, ""totir"": 0.0, ""tofer"": NaN, ""swfac"": 0.0, ""nstres"": 0.4844534993171692}",0.0,0.4844534993171692,970.7032775878906,0.0,0.971034824848175,0.0,,0.0,0.0,0.0,0.0,14.346089172363282,14.346089172363282,Leave_One_experiments/all_year_offline_schedule_search/daily_outputs/YCA/YCA_2019_YCA2019_stress_grid_S0001_daily.csv
YCA,YCA,Yucheng,2019,Leave_One_experiments\wth_generated_qc\YCA\YCA2019.WTH,dry_year;water_stress_year;nitrogen_stress_year,water_stress,YCA2019_stress_grid_S0001,low_input_within_10pct_yield,2019-07-20,201,38,33,"{""sim_day"": 38.0, ""doy"": 201.0, ""topwt"": 1036.2076568603516, ""grnwt"": 0.0, ""xlai"": 0.9837252497673036, ""totir"": 0.0, ""tofer"": NaN, ""swfac"": 0.0, ""nstres"": 0.4951197504997253}",0.0,0.4951197504997253,1036.2076568603516,0.0,0.9837252497673036,0.0,,0.0,0.0,0.0,0.0,14.346089172363282,14.346089172363282,Leave_One_experiments/all_year_offline_schedule_search/daily_outputs/YCA/YCA_2019_YCA2019_stress_grid_S0001_daily.csv
YCA,YCA,Yucheng,2019,Leave_One_experiments\wth_generated_qc\YCA\YCA2019.WTH,dry_year;water_stress_year;nitrogen_stress_year,water_stress,YCA2019_stress_grid_S0001,low_input_within_10pct_yield,2019-07-21,202,39,34,"{""sim_day"": 39.0, ""doy"": 202.0, ""topwt"": 1109.0113830566406, ""grnwt"": 0.0, ""xlai"": 0.9966728091239928, ""totir"": 0.0, ""tofer"": NaN, ""swfac"": 0.0, ""nstres"": 0.5057675838470459}",0.0,0.5057675838470459,1109.0113830566406,0.0,0.9966728091239928,0.0,,0.0,0.0,0.0,0.0,14.346089172363282,14.346089172363282,Leave_One_experiments/all_year_offline_schedule_search/daily_outputs/YCA/YCA_2019_YCA2019_stress_grid_S0001_daily.csv
YCA,YCA,Yucheng,2019,Leave_One_experiments\wth_generated_qc\YCA\YCA2019.WTH,dry_year;water_stress_year;nitrogen_stress_year,water_stress,YCA2019_stress_grid_S0001,low_input_within_10pct_yield,2019-07-22,203,40,35,"{""sim_day"": 40.0, ""doy"": 203.0, ""topwt"": 1180.426254272461, ""grnwt"": 0.0, ""xlai"": 1.0041395425796509, ""totir"": 0.0, ""tofer"": NaN, ""swfac"": 0.0, ""nstres"": 0.5144243836402893}",0.0,0.5144243836402893,1180.426254272461,0.0,1.0041395425796509,0.0,,0.0,0.0,0.0,0.0,14.346089172363282,14.346089172363282,Leave_One_experiments/all_year_offline_schedule_search/daily_outputs/YCA/YCA_2019_YCA2019_stress_grid_S0001_daily.csv
YCA,YCA,Yucheng,2019,Leave_One_experiments\wth_generated_qc\YCA\YCA2019.WTH,dry_year;water_stress_year;nitrogen_stress_year,water_stress,YCA2019_stress_grid_S0001,low_input_within_10pct_yield,2019-07-23,204,41,36,"{""sim_day"": 41.0, ""doy"": 204.0, ""topwt"": 1260.96923828125, ""grnwt"": 0.0, ""xlai"": 1.0127241611480713, ""totir"": 0.0, ""tofer"": NaN, ""swfac"": 0.0, ""nstres"": 0.523091733455658}",0.0,0.523091733455658,1260.96923828125,0.0,1.0127241611480713,0.0,,0.0,0.0,0.0,0.0,14.346089172363282,14.346089172363282,Leave_One_experiments/all_year_offline_schedule_search/daily_outputs/YCA/YCA_2019_YCA2019_stress_grid_S0001_daily.csv
YCA,YCA,Yucheng,2019,Leave_One_experiments\wth_generated_qc\YCA\YCA2019.WTH,dry_year;water_stress_year;nitrogen_stress_year,water_stress,YCA2019_stress_grid_S0001,low_input_within_10pct_yield,2019-07-24,205,42,37,"{""sim_day"": 42.0, ""doy"": 205.0, ""topwt"": 1319.0846252441406, ""grnwt"": 0.0, ""xlai"": 1.0047924518585205, ""totir"": 0.0, ""tofer"": NaN, ""swfac"": 0.0, ""nstres"": 0.5281320810317993}",0.0,0.5281320810317993,1319.0846252441406,0.0,1.0047924518585205,0.0,,0.0,0.0,0.0,0.0,14.346089172363282,14.346089172363282,Leave_One_experiments/all_year_offline_schedule_search/daily_outputs/YCA/YCA_2019_YCA2019_stress_grid_S0001_daily.csv
YCA,YCA,Yucheng,2019,Leave_One_experiments\wth_generated_qc\YCA\YCA2019.WTH,dry_year;water_stress_year;nitrogen_stress_year,water_stress,YCA2019_stress_grid_S0001,low_input_within_10pct_yield,2019-07-25,206,43,38,"{""sim_day"": 43.0, ""doy"": 206.0, ""topwt"": 1410.966339111328, ""grnwt"": 0.0, ""xlai"": 1.011270523071289, ""totir"": 0.0, ""tofer"": NaN, ""swfac"": 0.0, ""nstres"": 0.5350558757781982}",0.0,0.5350558757781982,1410.966339111328,0.0,1.011270523071289,0.0,,0.0,0.0,0.0,0.0,14.346089172363282,14.346089172363282,Leave_One_experiments/all_year_offline_schedule_search/daily_outputs/YCA/YCA_2019_YCA2019_stress_grid_S0001_daily.csv
YCA,YCA,Yucheng,2019,Leave_One_experiments\wth_generated_qc\YCA\YCA2019.WTH,dry_year;water_stress_year;nitrogen_stress_year,water_stress,YCA2019_stress_grid_S0001,low_input_within_10pct_yield,2019-07-26,207,44,39,"{""sim_day"": 44.0, ""doy"": 207.0, ""topwt"": 1472.5056457519531, ""grnwt"": 0.0, ""xlai"": 1.0070761442184448, ""totir"": 0.0, ""tofer"": NaN, ""swfac"": 0.0, ""nstres"": 0.5294889211654663}",0.0,0.5294889211654663,1472.5056457519531,0.0,1.0070761442184448,0.0,,0.0,0.0,0.0,0.0,14.346089172363282,14.346089172363282,Leave_One_experiments/all_year_offline_schedule_search/daily_outputs/YCA/YCA_2019_YCA2019_stress_grid_S0001_daily.csv
YCA,YCA,Yucheng,2019,Leave_One_experiments\wth_generated_qc\YCA\YCA2019.WTH,dry_year;water_stress_year;nitrogen_stress_year,water_stress,YCA2019_stress_grid_S0001,low_input_within_10pct_yield,2019-07-27,208,45,40,"{""sim_day"": 45.0, ""doy"": 208.0, ""topwt"": 1585.716552734375, ""grnwt"": 0.0, ""xlai"": 1.0153425931930542, ""totir"": 0.0, ""tofer"": NaN, ""swfac"": 0.0, ""nstres"": 0.5377324223518372}",0.0,0.5377324223518372,1585.716552734375,0.0,1.0153425931930542,0.0,,0.0,0.0,0.0,0.0,14.346089172363282,14.346089172363282,Leave_One_experiments/all_year_offline_schedule_search/daily_outputs/YCA/YCA_2019_YCA2019_stress_grid_S0001_daily.csv
YCA,YCA,Yucheng,2019,Leave_One_experiments\wth_generated_qc\YCA\YCA2019.WTH,dry_year;water_stress_year;nitrogen_stress_year,water_stress,YCA2019_stress_grid_S0001,low_input_within_10pct_yield,2019-07-28,209,46,41,"{""sim_day"": 46.0, ""doy"": 209.0, ""topwt"": 1667.6220703125, ""grnwt"": 0.0, ""xlai"": 1.0051109790802002, ""totir"": 0.0, ""tofer"": NaN, ""swfac"": 0.0, ""nstres"": 0.5320863127708435}",0.0,0.5320863127708435,1667.6220703125,0.0,1.0051109790802002,0.0,,0.0,0.0,0.0,0.0,14.346089172363282,14.346089172363282,Leave_One_experiments/all_year_offline_schedule_search/daily_outputs/YCA/YCA_2019_YCA2019_stress_grid_S0001_daily.csv
YCA,YCA,Yucheng,2019,Leave_One_experiments\wth_generated_qc\YCA\YCA2019.WTH,dry_year;water_stress_year;nitrogen_stress_year,water_stress,YCA2019_stress_grid_S0001,low_input_within_10pct_yield,2019-07-29,210,47,42,"{""sim_day"": 47.0, ""doy"": 210.0, ""topwt"": 1727.3358154296875, ""grnwt"": 0.0, ""xlai"": 0.9845648407936096, ""totir"": 0.0, ""tofer"": NaN, ""swfac"": 0.0, ""nstres"": 0.5446981191635132}",0.0,0.5446981191635132,1727.3358154296875,0.0,0.9845648407936096,0.0,,0.0,0.0,0.0,0.0,14.346089172363282,14.346089172363282,Leave_One_experiments/all_year_offline_schedule_search/daily_outputs/YCA/YCA_2019_YCA2019_stress_grid_S0001_daily.csv
YCA,YCA,Yucheng,2019,Leave_One_experiments\wth_generated_qc\YCA\YCA2019.WTH,dry_year;water_stress_year;nitrogen_stress_year,water_stress,YCA2019_stress_grid_S0001,low_input_within_10pct_yield,2019-07-30,211,48,43,"{""sim_day"": 48.0, ""doy"": 211.0, ""topwt"": 1819.4903564453125, ""grnwt"": 0.0, ""xlai"": 0.9729284644126892, ""totir"": 0.0, ""tofer"": NaN, ""swfac"": 0.0, ""nstres"": 0.5398416519165039}",0.0,0.5398416519165039,1819.4903564453125,0.0,0.9729284644126892,0.0,,0.0,0.0,0.0,0.0,14.346089172363282,14.346089172363282,Leave_One_experiments/all_year_offline_schedule_search/daily_outputs/YCA/YCA_2019_YCA2019_stress_grid_S0001_daily.csv
YCA,YCA,Yucheng,2019,Leave_One_experiments\wth_generated_qc\YCA\YCA2019.WTH,dry_year;water_stress_year;nitrogen_stress_year,water_stress,YCA2019_stress_grid_S0001,low_input_within_10pct_yield,2019-07-31,212,49,44,"{""sim_day"": 49.0, ""doy"": 212.0, ""topwt"": 1908.8554382324216, ""grnwt"": 0.0, ""xlai"": 0.9593103528022766, ""totir"": 0.0, ""tofer"": NaN, ""swfac"": 0.0, ""nstres"": 0.5314562320709229}",0.0,0.5314562320709229,1908.8554382324216,0.0,0.9593103528022766,0.0,,0.0,0.0,0.0,0.0,14.346089172363282,14.346089172363282,Leave_One_experiments/all_year_offline_schedule_search/daily_outputs/YCA/YCA_2019_YCA2019_stress_grid_S0001_daily.csv
YCA,YCA,Yucheng,2019,Leave_One_experiments\wth_generated_qc\YCA\YCA2019.WTH,dry_year;water_stress_year;nitrogen_stress_year,water_stress,YCA2019_stress_grid_S0001,low_input_within_10pct_yield,2019-08-01,213,50,45,"{""sim_day"": 50.0, ""doy"": 213.0, ""topwt"": 1945.8177185058596, ""grnwt"": 0.0, ""xlai"": 0.9313270449638368, ""totir"": 0.0, ""tofer"": NaN, ""swfac"": 0.0, ""nstres"": 0.5325927734375}",0.0,0.5325927734375,1945.8177185058596,0.0,0.9313270449638368,0.0,,0.0,0.0,0.0,0.0,14.346089172363282,14.346089172363282,Leave_One_experiments/all_year_offline_schedule_search/daily_outputs/YCA/YCA_2019_YCA2019_stress_grid_S0001_daily.csv
YCA,YCA,Yucheng,2019,Leave_One_experiments\wth_generated_qc\YCA\YCA2019.WTH,dry_year;water_stress_year;nitrogen_stress_year,water_stress,YCA2019_stress_grid_S0001,low_input_within_10pct_yield,2019-08-02,214,51,46,"{""sim_day"": 51.0, ""doy"": 214.0, ""topwt"": 2025.1896667480469, ""grnwt"": 0.0, ""xlai"": 0.9140703678131104, ""totir"": 0.0, ""tofer"": NaN, ""swfac"": 0.0, ""nstres"": 0.5400780439376831}",0.0,0.5400780439376831,2025.1896667480469,0.0,0.9140703678131104,0.0,,0.0,0.0,0.0,0.0,14.346089172363282,14.346089172363282,Leave_One_experiments/all_year_offline_schedule_search/daily_outputs/YCA/YCA_2019_YCA2019_stress_grid_S0001_daily.csv
YCA,YCA,Yucheng,2019,Leave_One_experiments\wth_generated_qc\YCA\YCA2019.WTH,dry_year;water_stress_year;nitrogen_stress_year,water_stress,YCA2019_stress_grid_S0001,low_input_within_10pct_yield,2019-08-03,215,52,47,"{""sim_day"": 52.0, ""doy"": 215.0, ""topwt"": 2105.97900390625, ""grnwt"": 0.0, ""xlai"": 0.8980610370635986, ""totir"": 0.0, ""tofer"": NaN, ""swfac"": 0.0, ""nstres"": 0.5339903831481934}",0.0,0.5339903831481934,2105.97900390625,0.0,0.8980610370635986,0.0,,0.0,0.0,0.0,0.0,14.346089172363282,14.346089172363282,Leave_One_experiments/all_year_offline_schedule_search/daily_outputs/YCA/YCA_2019_YCA2019_stress_grid_S0001_daily.csv
YCA,YCA,Yucheng,2019,Leave_One_experiments\wth_generated_qc\YCA\YCA2019.WTH,dry_year;water_stress_year;nitrogen_stress_year,water_stress,YCA2019_stress_grid_S0001,low_input_within_10pct_yield,2019-08-04,216,53,48,"{""sim_day"": 53.0, ""doy"": 216.0, ""topwt"": 2194.766082763672, ""grnwt"": 0.0, ""xlai"": 0.8845808506011963, ""totir"": 0.0, ""tofer"": NaN, ""swfac"": 0.0, ""nstres"": 0.5350500345230103}",0.0,0.5350500345230103,2194.766082763672,0.0,0.8845808506011963,0.0,,0.0,0.0,0.0,0.0,14.346089172363282,14.346089172363282,Leave_One_experiments/all_year_offline_schedule_search/daily_outputs/YCA/YCA_2019_YCA2019_stress_grid_S0001_daily.csv
YCA,YCA,Yucheng,2019,Leave_One_experiments\wth_generated_qc\YCA\YCA2019.WTH,dry_year;water_stress_year;nitrogen_stress_year,water_stress,YCA2019_stress_grid_S0001,low_input_within_10pct_yield,2019-08-05,217,54,49,"{""sim_day"": 54.0, ""doy"": 217.0, ""topwt"": 2256.2518310546875, ""grnwt"": 0.0, ""xlai"": 0.8649395108222961, ""totir"": 0.0, ""tofer"": NaN, ""swfac"": 0.0, ""nstres"": 0.5345601439476013}",0.0,0.5345601439476013,2256.2518310546875,0.0,0.8649395108222961,0.0,,0.0,0.0,0.0,0.0,14.346089172363282,14.346089172363282,Leave_One_experiments/all_year_offline_schedule_search/daily_outputs/YCA/YCA_2019_YCA2019_stress_grid_S0001_daily.csv
YCA,YCA,Yucheng,2019,Leave_One_experiments\wth_generated_qc\YCA\YCA2019.WTH,dry_year;water_stress_year;nitrogen_stress_year,water_stress,YCA2019_stress_grid_S0001,low_input_within_10pct_yield,2019-08-06,218,55,50,"{""sim_day"": 55.0, ""doy"": 218.0, ""topwt"": 2292.6101684570312, ""grnwt"": 0.0, ""xlai"": 0.8399877548217773, ""totir"": 0.0, ""tofer"": NaN, ""swfac"": 0.0, ""nstres"": 0.5320320725440979}",0.0,0.5320320725440979,2292.6101684570312,0.0,0.8399877548217773,0.0,,0.0,0.0,0.0,0.0,14.346089172363282,14.346089172363282,Leave_One_experiments/all_year_offline_schedule_search/daily_outputs/YCA/YCA_2019_YCA2019_stress_grid_S0001_daily.csv
YCA,YCA,Yucheng,2019,Leave_One_experiments\wth_generated_qc\YCA\YCA2019.WTH,dry_year;water_stress_year;nitrogen_stress_year,water_stress,YCA2019_stress_grid_S0001,low_input_within_10pct_yield,2019-08-07,219,56,51,"{""sim_day"": 56.0, ""doy"": 219.0, ""topwt"": 2372.3057556152344, ""grnwt"": 0.0, ""xlai"": 0.8075602054595947, ""totir"": 0.0, ""tofer"": NaN, ""swfac"": 0.0, ""nstres"": 0.5265143513679504}",0.0,0.5265143513679504,2372.3057556152344,0.0,0.8075602054595947,0.0,,0.0,0.0,0.0,0.0,14.346089172363282,14.346089172363282,Leave_One_experiments/all_year_offline_schedule_search/daily_outputs/YCA/YCA_2019_YCA2019_stress_grid_S0001_daily.csv
YCA,YCA,Yucheng,2019,Leave_One_experiments\wth_generated_qc\YCA\YCA2019.WTH,dry_year;water_stress_year;nitrogen_stress_year,water_stress,YCA2019_stress_grid_S0001,low_input_within_10pct_yield,2019-08-08,220,57,52,"{""sim_day"": 57.0, ""doy"": 220.0, ""topwt"": 2425.4000854492188, ""grnwt"": 0.0, ""xlai"": 0.7769112586975098, ""totir"": 0.0, ""tofer"": NaN, ""swfac"": 0.0, ""nstres"": 0.5108599066734314}",0.0,0.5108599066734314,2425.4000854492188,0.0,0.7769112586975098,0.0,,0.0,0.0,0.0,0.0,14.346089172363282,14.346089172363282,Leave_One_experiments/all_year_offline_schedule_search/daily_outputs/YCA/YCA_2019_YCA2019_stress_grid_S0001_daily.csv
YCA,YCA,Yucheng,2019,Leave_One_experiments\wth_generated_qc\YCA\YCA2019.WTH,dry_year;water_stress_year;nitrogen_stress_year,water_stress,YCA2019_stress_grid_S0001,low_input_within_10pct_yield,2019-08-09,221,58,53,"{""sim_day"": 58.0, ""doy"": 221.0, ""topwt"": 2440.561828613281, ""grnwt"": 0.0, ""xlai"": 0.7474781274795532, ""totir"": 0.0, ""tofer"": NaN, ""swfac"": 0.0, ""nstres"": 0.5092339515686035}",0.0,0.5092339515686035,2440.561828613281,0.0,0.7474781274795532,0.0,,0.0,0.0,0.0,0.0,14.346089172363282,14.346089172363282,Leave_One_experiments/all_year_offline_schedule_search/daily_outputs/YCA/YCA_2019_YCA2019_stress_grid_S0001_daily.csv
YCA,YCA,Yucheng,2019,Leave_One_experiments\wth_generated_qc\YCA\YCA2019.WTH,dry_year;water_stress_year;nitrogen_stress_year,water_stress,YCA2019_stress_grid_S0001,low_input_within_10pct_yield,2019-08-10,222,59,54,"{""sim_day"": 59.0, ""doy"": 222.0, ""topwt"": 2431.338806152344, ""grnwt"": 0.0, ""xlai"": 0.7193725109100342, ""totir"": 0.0, ""tofer"": NaN, ""swfac"": 0.0, ""nstres"": 0.5024145245552063}",0.0,0.5024145245552063,2431.338806152344,0.0,0.7193725109100342,0.0,,0.0,0.0,0.0,0.0,14.346089172363282,14.346089172363282,Leave_One_experiments/all_year_offline_schedule_search/daily_outputs/YCA/YCA_2019_YCA2019_stress_grid_S0001_daily.csv
YCA,YCA,Yucheng,2019,Leave_One_experiments\wth_generated_qc\YCA\YCA2019.WTH,dry_year;water_stress_year;nitrogen_stress_year,water_stress,YCA2019_stress_grid_S0001,low_input_within_10pct_yield,2019-08-11,223,60,55,"{""sim_day"": 60.0, ""doy"": 223.0, ""topwt"": 2431.250457763672, ""grnwt"": 0.0, ""xlai"": 0.6927958726882935, ""totir"": 0.0, ""tofer"": NaN, ""swfac"": 0.0, ""nstres"": 0.4866598844528198}",0.0,0.4866598844528198,2431.250457763672,0.0,0.6927958726882935,0.0,,0.0,0.0,0.0,0.0,14.346089172363282,14.346089172363282,Leave_One_experiments/all_year_offline_schedule_search/daily_outputs/YCA/YCA_2019_YCA2019_stress_grid_S0001_daily.csv
YCA,YCA,Yucheng,2019,Leave_One_experiments\wth_generated_qc\YCA\YCA2019.WTH,dry_year;water_stress_year;nitrogen_stress_year,water_stress,YCA2019_stress_grid_S0001,low_input_within_10pct_yield,2019-08-12,224,61,56,"{""sim_day"": 61.0, ""doy"": 224.0, ""topwt"": 2446.0569763183594, ""grnwt"": 0.0, ""xlai"": 0.6679134368896484, ""totir"": 0.0, ""tofer"": NaN, ""swfac"": 0.0, ""nstres"": 0.4619839787483215}",0.0,0.4619839787483215,2446.0569763183594,0.0,0.6679134368896484,0.0,,0.0,0.0,0.0,0.0,14.346089172363282,14.346089172363282,Leave_One_experiments/all_year_offline_schedule_search/daily_outputs/YCA/YCA_2019_YCA2019_stress_grid_S0001_daily.csv
YCA,YCA,Yucheng,2019,Leave_One_experiments\wth_generated_qc\YCA\YCA2019.WTH,dry_year;water_stress_year;nitrogen_stress_year,water_stress,YCA2019_stress_grid_S0001,low_input_within_10pct_yield,2019-08-13,225,62,57,"{""sim_day"": 62.0, ""doy"": 225.0, ""topwt"": 2514.6832275390625, ""grnwt"": 0.0, ""xlai"": 0.6444489359855652, ""totir"": 0.0, ""tofer"": NaN, ""swfac"": 0.0, ""nstres"": 0.4431451559066772}",0.0,0.4431451559066772,2514.6832275390625,0.0,0.6444489359855652,0.0,,0.0,0.0,0.0,0.0,14.346089172363282,14.346089172363282,Leave_One_experiments/all_year_offline_schedule_search/daily_outputs/YCA/YCA_2019_YCA2019_stress_grid_S0001_daily.csv
YCA,YCA,Yucheng,2019,Leave_One_experiments\wth_generated_qc\YCA\YCA2019.WTH,dry_year;water_stress_year;nitrogen_stress_year,water_stress,YCA2019_stress_grid_S0001,low_input_within_10pct_yield,2019-08-14,226,63,58,"{""sim_day"": 63.0, ""doy"": 226.0, ""topwt"": 2592.9949951171875, ""grnwt"": 0.0, ""xlai"": 0.6222563982009888, ""totir"": 0.0, ""tofer"": NaN, ""swfac"": 0.0, ""nstres"": 0.4264755845069885}",0.0,0.4264755845069885,2592.9949951171875,0.0,0.6222563982009888,0.0,,0.0,0.0,0.0,0.0,14.346089172363282,14.346089172363282,Leave_One_experiments/all_year_offline_schedule_search/daily_outputs/YCA/YCA_2019_YCA2019_stress_grid_S0001_daily.csv
YCA,YCA,Yucheng,2019,Leave_One_experiments\wth_generated_qc\YCA\YCA2019.WTH,dry_year;water_stress_year;nitrogen_stress_year,water_stress,YCA2019_stress_grid_S0001,low_input_within_10pct_yield,2019-08-15,227,64,59,"{""sim_day"": 64.0, ""doy"": 227.0, ""topwt"": 2619.3756103515625, ""grnwt"": 0.0, ""xlai"": 0.6009073853492737, ""totir"": 0.0, ""tofer"": NaN, ""swfac"": 0.0, ""nstres"": 0.4234150648117065}",0.0,0.4234150648117065,2619.3756103515625,0.0,0.6009073853492737,0.0,,0.0,0.0,0.0,0.0,14.346089172363282,14.346089172363282,Leave_One_experiments/all_year_offline_schedule_search/daily_outputs/YCA/YCA_2019_YCA2019_stress_grid_S0001_daily.csv
YCA,YCA,Yucheng,2019,Leave_One_experiments\wth_generated_qc\YCA\YCA2019.WTH,dry_year;water_stress_year;nitrogen_stress_year,water_stress,YCA2019_stress_grid_S0001,low_input_within_10pct_yield,2019-08-16,228,65,60,"{""sim_day"": 65.0, ""doy"": 228.0, ""topwt"": 2694.75830078125, ""grnwt"": 0.0, ""xlai"": 0.580362856388092, ""totir"": 0.0, ""tofer"": NaN, ""swfac"": 0.0, ""nstres"": 0.4205455183982849}",0.0,0.4205455183982849,2694.75830078125,0.0,0.580362856388092,0.0,,0.0,0.0,0.0,0.0,14.346089172363282,14.346089172363282,Leave_One_experiments/all_year_offline_schedule_search/daily_outputs/YCA/YCA_2019_YCA2019_stress_grid_S0001_daily.csv
YCA,YCA,Yucheng,2019,Leave_One_experiments\wth_generated_qc\YCA\YCA2019.WTH,dry_year;water_stress_year;nitrogen_stress_year,water_stress,YCA2019_stress_grid_S0001,low_input_within_10pct_yield,2019-08-17,229,66,61,"{""sim_day"": 66.0, ""doy"": 229.0, ""topwt"": 2779.393920898437, ""grnwt"": 84.6358871459961, ""xlai"": 0.560969352722168, ""totir"": 0.0, ""tofer"": NaN, ""swfac"": 0.0, ""nstres"": 0.4019856452941894}",0.0,0.4019856452941894,2779.393920898437,84.6358871459961,0.560969352722168,0.0,,0.0,0.0,0.0,0.0,14.346089172363282,14.346089172363282,Leave_One_experiments/all_year_offline_schedule_search/daily_outputs/YCA/YCA_2019_YCA2019_stress_grid_S0001_daily.csv
YCA,YCA,Yucheng,2019,Leave_One_experiments\wth_generated_qc\YCA\YCA2019.WTH,dry_year;water_stress_year;nitrogen_stress_year,water_stress,YCA2019_stress_grid_S0001,low_input_within_10pct_yield,2019-08-18,230,67,62,"{""sim_day"": 67.0, ""doy"": 230.0, ""topwt"": 2824.3930053710938, ""grnwt"": 129.6349811553955, ""xlai"": 0.5416189432144165, ""totir"": 0.0, ""tofer"": NaN, ""swfac"": 0.0, ""nstres"": 0.4278677105903625}",0.0,0.4278677105903625,2824.3930053710938,129.6349811553955,0.5416189432144165,0.0,,0.0,0.0,0.0,0.0,14.346089172363282,14.346089172363282,Leave_One_experiments/all_year_offline_schedule_search/daily_outputs/YCA/YCA_2019_YCA2019_stress_grid_S0001_daily.csv
YCA,YCA,Yucheng,2019,Leave_One_experiments\wth_generated_qc\YCA\YCA2019.WTH,dry_year;water_stress_year;nitrogen_stress_year,water_stress,YCA2019_stress_grid_S0001,low_input_within_10pct_yield,2019-08-19,231,68,63,"{""sim_day"": 68.0, ""doy"": 231.0, ""topwt"": 2869.39208984375, ""grnwt"": 174.63407516479492, ""xlai"": 0.5231822729110718, ""totir"": 0.0, ""tofer"": NaN, ""swfac"": 0.0, ""nstres"": 0.4169546961784363}",0.0,0.4169546961784363,2869.39208984375,174.63407516479492,0.5231822729110718,0.0,,0.0,0.0,0.0,0.0,14.346089172363282,14.346089172363282,Leave_One_experiments/all_year_offline_schedule_search/daily_outputs/YCA/YCA_2019_YCA2019_stress_grid_S0001_daily.csv
YCA,YCA,Yucheng,2019,Leave_One_experiments\wth_generated_qc\YCA\YCA2019.WTH,dry_year;water_stress_year;nitrogen_stress_year,water_stress,YCA2019_stress_grid_S0001,low_input_within_10pct_yield,2019-08-20,232,69,64,"{""sim_day"": 69.0, ""doy"": 232.0, ""topwt"": 2914.3911743164062, ""grnwt"": 219.6331596374512, ""xlai"": 0.5056318044662476, ""totir"": 0.0, ""tofer"": NaN, ""swfac"": 0.0, ""nstres"": 0.4050903916358948}",0.0,0.4050903916358948,2914.3911743164062,219.6331596374512,0.5056318044662476,0.0,,0.0,0.0,0.0,0.0,14.346089172363282,14.346089172363282,Leave_One_experiments/all_year_offline_schedule_search/daily_outputs/YCA/YCA_2019_YCA2019_stress_grid_S0001_daily.csv
YCA,YCA,Yucheng,2019,Leave_One_experiments\wth_generated_qc\YCA\YCA2019.WTH,dry_year;water_stress_year;nitrogen_stress_year,water_stress,YCA2019_stress_grid_S0001,low_input_within_10pct_yield,2019-08-21,233,70,65,"{""sim_day"": 70.0, ""doy"": 233.0, ""topwt"": 2959.3902587890625, ""grnwt"": 264.6322441101074, ""xlai"": 0.4888480901718139, ""totir"": 0.0, ""tofer"": NaN, ""swfac"": 0.0, ""nstres"": 0.3966471552848816}",0.0,0.3966471552848816,2959.3902587890625,264.6322441101074,0.4888480901718139,0.0,,0.0,0.0,0.0,0.0,14.346089172363282,14.346089172363282,Leave_One_experiments/all_year_offline_schedule_search/daily_outputs/YCA/YCA_2019_YCA2019_stress_grid_S0001_daily.csv
YCA,YCA,Yucheng,2019,Leave_One_experiments\wth_generated_qc\YCA\YCA2019.WTH,dry_year;water_stress_year;nitrogen_stress_year,water_stress,YCA2019_stress_grid_S0001,low_input_within_10pct_yield,2019-08-22,234,71,66,"{""sim_day"": 71.0, ""doy"": 234.0, ""topwt"": 3004.3893432617188, ""grnwt"": 309.6313667297363, ""xlai"": 0.4728517830371856, ""totir"": 0.0, ""tofer"": NaN, ""swfac"": 0.0, ""nstres"": 0.3853402733802795}",0.0,0.3853402733802795,3004.3893432617188,309.6313667297363,0.4728517830371856,0.0,,0.0,0.0,0.0,0.0,14.346089172363282,14.346089172363282,Leave_One_experiments/all_year_offline_schedule_search/daily_outputs/YCA/YCA_2019_YCA2019_stress_grid_S0001_daily.csv
YCA,YCA,Yucheng,2019,Leave_One_experiments\wth_generated_qc\YCA\YCA2019.WTH,dry_year;water_stress_year;nitrogen_stress_year,water_stress,YCA2019_stress_grid_S0001,low_input_within_10pct_yield,2019-08-23,235,72,67,"{""sim_day"": 72.0, ""doy"": 235.0, ""topwt"": 3030.9097290039062, ""grnwt"": 354.6304702758789, ""xlai"": 0.4575401246547699, ""totir"": 0.0, ""tofer"": NaN, ""swfac"": 0.0, ""nstres"": 0.3771582245826721}",0.0,0.3771582245826721,3030.9097290039062,354.6304702758789,0.4575401246547699,0.0,,0.0,0.0,0.0,0.0,14.346089172363282,14.346089172363282,Leave_One_experiments/all_year_offline_schedule_search/daily_outputs/YCA/YCA_2019_YCA2019_stress_grid_S0001_daily.csv
YCA,YCA,Yucheng,2019,Leave_One_experiments\wth_generated_qc\YCA\YCA2019.WTH,dry_year;water_stress_year;nitrogen_stress_year,water_stress,YCA2019_stress_grid_S0001,low_input_within_10pct_yield,2019-08-24,236,73,68,"{""sim_day"": 73.0, ""doy"": 236.0, ""topwt"": 3043.023681640625, ""grnwt"": 399.6295547485352, ""xlai"": 0.4428494870662689, ""totir"": 0.0, ""tofer"": NaN, ""swfac"": 0.0, ""nstres"": 0.3705857992172241}",0.0,0.3705857992172241,3043.023681640625,399.6295547485352,0.4428494870662689,0.0,,0.0,0.0,0.0,0.0,14.346089172363282,14.346089172363282,Leave_One_experiments/all_year_offline_schedule_search/daily_outputs/YCA/YCA_2019_YCA2019_stress_grid_S0001_daily.csv
YCA,YCA,Yucheng,2019,Leave_One_experiments\wth_generated_qc\YCA\YCA2019.WTH,dry_year;water_stress_year;nitrogen_stress_year,water_stress,YCA2019_stress_grid_S0001,low_input_within_10pct_yield,2019-08-25,237,74,69,"{""sim_day"": 74.0, ""doy"": 237.0, ""topwt"": 3075.528259277344, ""grnwt"": 444.62867736816406, ""xlai"": 0.4288978278636932, ""totir"": 0.0, ""tofer"": NaN, ""swfac"": 0.0, ""nstres"": 0.356103241443634}",0.0,0.356103241443634,3075.528259277344,444.62867736816406,0.4288978278636932,0.0,,0.0,0.0,0.0,0.0,14.346089172363282,14.346089172363282,Leave_One_experiments/all_year_offline_schedule_search/daily_outputs/YCA/YCA_2019_YCA2019_stress_grid_S0001_daily.csv
YCA,YCA,Yucheng,2019,Leave_One_experiments\wth_generated_qc\YCA\YCA2019.WTH,dry_year;water_stress_year;nitrogen_stress_year,water_stress,YCA2019_stress_grid_S0001,low_input_within_10pct_yield,2019-08-26,238,75,70,"{""sim_day"": 75.0, ""doy"": 238.0, ""topwt"": 3129.766540527344, ""grnwt"": 489.62779998779297, ""xlai"": 0.4157604873180389, ""totir"": 0.0, ""tofer"": NaN, ""swfac"": 0.0, ""nstres"": 0.335132896900177}",0.0,0.335132896900177,3129.766540527344,489.62779998779297,0.4157604873180389,0.0,,0.0,0.0,0.0,0.0,14.346089172363282,14.346089172363282,Leave_One_experiments/all_year_offline_schedule_search/daily_outputs/YCA/YCA_2019_YCA2019_stress_grid_S0001_daily.csv
YCA,YCA,Yucheng,2019,Leave_One_experiments\wth_generated_qc\YCA\YCA2019.WTH,dry_year;water_stress_year;nitrogen_stress_year,water_stress,YCA2019_stress_grid_S0001,low_input_within_10pct_yield,2019-08-27,239,76,71,"{""sim_day"": 76.0, ""doy"": 239.0, ""topwt"": 3195.390625, ""grnwt"": 534.6268844604492, ""xlai"": 0.4032414555549621, ""totir"": 0.0, ""tofer"": NaN, ""swfac"": 0.0, ""nstres"": 0.3226672410964966}",0.0,0.3226672410964966,3195.390625,534.6268844604492,0.4032414555549621,0.0,,0.0,0.0,0.0,0.0,14.346089172363282,14.346089172363282,Leave_One_experiments/all_year_offline_schedule_search/daily_outputs/YCA/YCA_2019_YCA2019_stress_grid_S0001_daily.csv
YCA,YCA,Yucheng,2019,Leave_One_experiments\wth_generated_qc\YCA\YCA2019.WTH,dry_year;water_stress_year;nitrogen_stress_year,water_stress,YCA2019_stress_grid_S0001,low_input_within_10pct_yield,2019-08-28,240,77,72,"{""sim_day"": 77.0, ""doy"": 240.0, ""topwt"": 3262.242126464844, ""grnwt"": 579.6260070800781, ""xlai"": 0.3910665810108185, ""totir"": 0.0, ""tofer"": NaN, ""swfac"": 0.0, ""nstres"": 0.32462078332901}",0.0,0.32462078332901,3262.242126464844,579.6260070800781,0.3910665810108185,0.0,,0.0,0.0,0.0,0.0,14.346089172363282,14.346089172363282,Leave_One_experiments/all_year_offline_schedule_search/daily_outputs/YCA/YCA_2019_YCA2019_stress_grid_S0001_daily.csv
YCA,YCA,Yucheng,2019,Leave_One_experiments\wth_generated_qc\YCA\YCA2019.WTH,dry_year;water_stress_year;nitrogen_stress_year,water_stress,YCA2019_stress_grid_S0001,low_input_within_10pct_yield,2019-08-29,241,78,73,"{""sim_day"": 78.0, ""doy"": 241.0, ""topwt"": 3319.3832397460938, ""grnwt"": 624.6250915527344, ""xlai"": 0.3791508078575134, ""totir"": 0.0, ""tofer"": NaN, ""swfac"": 0.0, ""nstres"": 0.3312776088714599}",0.0,0.3312776088714599,3319.3832397460938,624.6250915527344,0.3791508078575134,0.0,,0.0,0.0,0.0,0.0,14.346089172363282,14.346089172363282,Leave_One_experiments/all_year_offline_schedule_search/daily_outputs/YCA/YCA_2019_YCA2019_stress_grid_S0001_daily.csv
YCA,YCA,Yucheng,2019,Leave_One_experiments\wth_generated_qc\YCA\YCA2019.WTH,dry_year;water_stress_year;nitrogen_stress_year,water_stress,YCA2019_stress_grid_S0001,low_input_within_10pct_yield,2019-08-30,242,79,74,"{""sim_day"": 79.0, ""doy"": 242.0, ""topwt"": 3364.38232421875, ""grnwt"": 669.6241760253906, ""xlai"": 0.3674893081188202, ""totir"": 0.0, ""tofer"": NaN, ""swfac"": 0.0, ""nstres"": 0.3381677865982055}",0.0,0.3381677865982055,3364.38232421875,669.6241760253906,0.3674893081188202,0.0,,0.0,0.0,0.0,0.0,14.346089172363282,14.346089172363282,Leave_One_experiments/all_year_offline_schedule_search/daily_outputs/YCA/YCA_2019_YCA2019_stress_grid_S0001_daily.csv
YCA,YCA,Yucheng,2019,Leave_One_experiments\wth_generated_qc\YCA\YCA2019.WTH,dry_year;water_stress_year;nitrogen_stress_year,water_stress,YCA2019_stress_grid_S0001,low_input_within_10pct_yield,2019-08-31,243,80,75,"{""sim_day"": 80.0, ""doy"": 243.0, ""topwt"": 3409.3814086914062, ""grnwt"": 714.6233367919922, ""xlai"": 0.3561789095401764, ""totir"": 0.0, ""tofer"": NaN, ""swfac"": 0.0, ""nstres"": 0.3386627435684204}",0.0,0.3386627435684204,3409.3814086914062,714.6233367919922,0.3561789095401764,0.0,,0.0,0.0,0.0,0.0,14.346089172363282,14.346089172363282,Leave_One_experiments/all_year_offline_schedule_search/daily_outputs/YCA/YCA_2019_YCA2019_stress_grid_S0001_daily.csv
YCA,YCA,Yucheng,2019,Leave_One_experiments\wth_generated_qc\YCA\YCA2019.WTH,dry_year;water_stress_year;nitrogen_stress_year,water_stress,YCA2019_stress_grid_S0001,low_input_within_10pct_yield,2019-09-01,244,81,76,"{""sim_day"": 81.0, ""doy"": 244.0, ""topwt"": 3454.3804931640625, ""grnwt"": 759.6224212646484, ""xlai"": 0.3452980816364288, ""totir"": 0.0, ""tofer"": NaN, ""swfac"": 0.0, ""nstres"": 0.3331677317619324}",0.0,0.3331677317619324,3454.3804931640625,759.6224212646484,0.3452980816364288,0.0,,0.0,0.0,0.0,0.0,14.346089172363282,14.346089172363282,Leave_One_experiments/all_year_offline_schedule_search/daily_outputs/YCA/YCA_2019_YCA2019_stress_grid_S0001_daily.csv
YCA,YCA,Yucheng,2019,Leave_One_experiments\wth_generated_qc\YCA\YCA2019.WTH,dry_year;water_stress_year;nitrogen_stress_year,water_stress,YCA2019_stress_grid_S0001,low_input_within_10pct_yield,2019-09-02,245,82,77,"{""sim_day"": 82.0, ""doy"": 245.0, ""topwt"": 3499.3795776367188, ""grnwt"": 804.6215057373047, ""xlai"": 0.3348107635974884, ""totir"": 0.0, ""tofer"": NaN, ""swfac"": 0.0, ""nstres"": 0.3289188146591186}",0.0,0.3289188146591186,3499.3795776367188,804.6215057373047,0.3348107635974884,0.0,,0.0,0.0,0.0,0.0,14.346089172363282,14.346089172363282,Leave_One_experiments/all_year_offline_schedule_search/daily_outputs/YCA/YCA_2019_YCA2019_stress_grid_S0001_daily.csv
YCA,YCA,Yucheng,2019,Leave_One_experiments\wth_generated_qc\YCA\YCA2019.WTH,dry_year;water_stress_year;nitrogen_stress_year,water_stress,YCA2019_stress_grid_S0001,low_input_within_10pct_yield,2019-09-03,246,83,78,"{""sim_day"": 83.0, ""doy"": 246.0, ""topwt"": 3544.378662109375, ""grnwt"": 849.6206665039062, ""xlai"": 0.3247033953666687, ""totir"": 0.0, ""tofer"": NaN, ""swfac"": 0.0, ""nstres"": 0.3245150446891784}",0.0,0.3245150446891784,3544.378662109375,849.6206665039062,0.3247033953666687,0.0,,0.0,0.0,0.0,0.0,14.346089172363282,14.346089172363282,Leave_One_experiments/all_year_offline_schedule_search/daily_outputs/YCA/YCA_2019_YCA2019_stress_grid_S0001_daily.csv
YCA,YCA,Yucheng,2019,Leave_One_experiments\wth_generated_qc\YCA\YCA2019.WTH,dry_year;water_stress_year;nitrogen_stress_year,water_stress,YCA2019_stress_grid_S0001,low_input_within_10pct_yield,2019-09-04,247,84,79,"{""sim_day"": 84.0, ""doy"": 247.0, ""topwt"": 3589.3777465820312, ""grnwt"": 894.6197509765625, ""xlai"": 0.3149462938308716, ""totir"": 0.0, ""tofer"": NaN, ""swfac"": 0.0, ""nstres"": 0.321180522441864}",0.0,0.321180522441864,3589.3777465820312,894.6197509765625,0.3149462938308716,0.0,,0.0,0.0,0.0,0.0,14.346089172363282,14.346089172363282,Leave_One_experiments/all_year_offline_schedule_search/daily_outputs/YCA/YCA_2019_YCA2019_stress_grid_S0001_daily.csv
YCA,YCA,Yucheng,2019,Leave_One_experiments\wth_generated_qc\YCA\YCA2019.WTH,dry_year;water_stress_year;nitrogen_stress_year,water_stress,YCA2019_stress_grid_S0001,low_input_within_10pct_yield,2019-09-05,248,85,80,"{""sim_day"": 85.0, ""doy"": 248.0, ""topwt"": 3634.376831054688, ""grnwt"": 939.6188354492188, ""xlai"": 0.3055268228054046, ""totir"": 0.0, ""tofer"": NaN, ""swfac"": 0.0, ""nstres"": 0.3178034424781799}",0.0,0.3178034424781799,3634.376831054688,939.6188354492188,0.3055268228054046,0.0,,0.0,0.0,0.0,0.0,14.346089172363282,14.346089172363282,Leave_One_experiments/all_year_offline_schedule_search/daily_outputs/YCA/YCA_2019_YCA2019_stress_grid_S0001_daily.csv
YCA,YCA,Yucheng,2019,Leave_One_experiments\wth_generated_qc\YCA\YCA2019.WTH,dry_year;water_stress_year;nitrogen_stress_year,water_stress,YCA2019_stress_grid_S0001,low_input_within_10pct_yield,2019-09-06,249,86,81,"{""sim_day"": 86.0, ""doy"": 249.0, ""topwt"": 3679.376220703125, ""grnwt"": 984.6179962158204, ""xlai"": 0.2964323163032532, ""totir"": 0.0, ""tofer"": NaN, ""swfac"": 0.0, ""nstres"": 0.3143963813781738}",0.0,0.3143963813781738,3679.376220703125,984.6179962158204,0.2964323163032532,0.0,,0.0,0.0,0.0,0.0,14.346089172363282,14.346089172363282,Leave_One_experiments/all_year_offline_schedule_search/daily_outputs/YCA/YCA_2019_YCA2019_stress_grid_S0001_daily.csv
YCA,YCA,Yucheng,2019,Leave_One_experiments\wth_generated_qc\YCA\YCA2019.WTH,dry_year;water_stress_year;nitrogen_stress_year,water_stress,YCA2019_stress_grid_S0001,low_input_within_10pct_yield,2019-09-07,250,87,82,"{""sim_day"": 87.0, ""doy"": 250.0, ""topwt"": 3724.375305175781, ""grnwt"": 1029.6170806884766, ""xlai"": 0.2876534759998321, ""totir"": 0.0, ""tofer"": NaN, ""swfac"": 0.0, ""nstres"": 0.3107633590698242}",0.0,0.3107633590698242,3724.375305175781,1029.6170806884766,0.2876534759998321,0.0,,0.0,0.0,0.0,0.0,14.346089172363282,14.346089172363282,Leave_One_experiments/all_year_offline_schedule_search/daily_outputs/YCA/YCA_2019_YCA2019_stress_grid_S0001_daily.csv
YCA,YCA,Yucheng,2019,Leave_One_experiments\wth_generated_qc\YCA\YCA2019.WTH,dry_year;water_stress_year;nitrogen_stress_year,water_stress,YCA2019_stress_grid_S0001,low_input_within_10pct_yield,2019-09-08,251,88,83,"{""sim_day"": 88.0, ""doy"": 251.0, ""topwt"": 3769.3743896484375, ""grnwt"": 1074.6160888671875, ""xlai"": 0.2791741788387298, ""totir"": 0.0, ""tofer"": NaN, ""swfac"": 0.0, ""nstres"": 0.3074533343315124}",0.0,0.3074533343315124,3769.3743896484375,1074.6160888671875,0.2791741788387298,0.0,,0.0,0.0,0.0,0.0,14.346089172363282,14.346089172363282,Leave_One_experiments/all_year_offline_schedule_search/daily_outputs/YCA/YCA_2019_YCA2019_stress_grid_S0001_daily.csv
YCA,YCA,Yucheng,2019,Leave_One_experiments\wth_generated_qc\YCA\YCA2019.WTH,dry_year;water_stress_year;nitrogen_stress_year,water_stress,YCA2019_stress_grid_S0001,low_input_within_10pct_yield,2019-09-09,252,89,84,"{""sim_day"": 89.0, ""doy"": 252.0, ""topwt"": 3796.9439697265625, ""grnwt"": 1119.615249633789, ""xlai"": 0.2709789872169494, ""totir"": 0.0, ""tofer"": NaN, ""swfac"": 0.0, ""nstres"": 0.3045201301574707}",0.0,0.3045201301574707,3796.9439697265625,1119.615249633789,0.2709789872169494,0.0,,0.0,0.0,0.0,0.0,14.346089172363282,14.346089172363282,Leave_One_experiments/all_year_offline_schedule_search/daily_outputs/YCA/YCA_2019_YCA2019_stress_grid_S0001_daily.csv
YCA,YCA,Yucheng,2019,Leave_One_experiments\wth_generated_qc\YCA\YCA2019.WTH,dry_year;water_stress_year;nitrogen_stress_year,water_stress,YCA2019_stress_grid_S0001,low_input_within_10pct_yield,2019-09-10,253,90,85,"{""sim_day"": 90.0, ""doy"": 253.0, ""topwt"": 3814.2947387695312, ""grnwt"": 1164.6143341064453, ""xlai"": 0.2630119323730469, ""totir"": 0.0, ""tofer"": NaN, ""swfac"": 0.0, ""nstres"": 0.3056168556213379}",0.0,0.3056168556213379,3814.2947387695312,1164.6143341064453,0.2630119323730469,0.0,,0.0,0.0,0.0,0.0,14.346089172363282,14.346089172363282,Leave_One_experiments/all_year_offline_schedule_search/daily_outputs/YCA/YCA_2019_YCA2019_stress_grid_S0001_daily.csv
YCA,YCA,Yucheng,2019,Leave_One_experiments\wth_generated_qc\YCA\YCA2019.WTH,dry_year;water_stress_year;nitrogen_stress_year,water_stress,YCA2019_stress_grid_S0001,low_input_within_10pct_yield,2019-09-11,254,91,86,"{""sim_day"": 91.0, ""doy"": 254.0, ""topwt"": 3822.802734375, ""grnwt"": 1209.6134185791016, ""xlai"": 0.2553381323814392, ""totir"": 0.0, ""tofer"": NaN, ""swfac"": 0.0, ""nstres"": 0.3002427220344543}",0.0,0.3002427220344543,3822.802734375,1209.6134185791016,0.2553381323814392,0.0,,0.0,0.0,0.0,0.0,14.346089172363282,14.346089172363282,Leave_One_experiments/all_year_offline_schedule_search/daily_outputs/YCA/YCA_2019_YCA2019_stress_grid_S0001_daily.csv
YCA,YCA,Yucheng,2019,Leave_One_experiments\wth_generated_qc\YCA\YCA2019.WTH,dry_year;water_stress_year;nitrogen_stress_year,water_stress,YCA2019_stress_grid_S0001,low_input_within_10pct_yield,2019-09-12,255,92,87,"{""sim_day"": 92.0, ""doy"": 255.0, ""topwt"": 3837.14111328125, ""grnwt"": 1254.6125030517578, ""xlai"": 0.248132437467575, ""totir"": 0.0, ""tofer"": NaN, ""swfac"": 0.0, ""nstres"": 0.2772877216339111}",0.0,0.2772877216339111,3837.14111328125,1254.6125030517578,0.248132437467575,0.0,,0.0,0.0,0.0,0.0,14.346089172363282,14.346089172363282,Leave_One_experiments/all_year_offline_schedule_search/daily_outputs/YCA/YCA_2019_YCA2019_stress_grid_S0001_daily.csv
YCA,YCA,Yucheng,2019,Leave_One_experiments\wth_generated_qc\YCA\YCA2019.WTH,dry_year;water_stress_year;nitrogen_stress_year,water_stress,YCA2019_stress_grid_S0001,low_input_within_10pct_yield,2019-09-13,256,93,88,"{""sim_day"": 93.0, ""doy"": 256.0, ""topwt"": 3870.048828125, ""grnwt"": 1299.6116638183594, ""xlai"": 0.2413176447153091, ""totir"": 0.0, ""tofer"": NaN, ""swfac"": 0.0, ""nstres"": 0.2591440677642822}",0.0,0.2591440677642822,3870.048828125,1299.6116638183594,0.2413176447153091,0.0,,0.0,0.0,0.0,0.0,14.346089172363282,14.346089172363282,Leave_One_experiments/all_year_offline_schedule_search/daily_outputs/YCA/YCA_2019_YCA2019_stress_grid_S0001_daily.csv
YCA,YCA,Yucheng,2019,Leave_One_experiments\wth_generated_qc\YCA\YCA2019.WTH,dry_year;water_stress_year;nitrogen_stress_year,water_stress,YCA2019_stress_grid_S0001,low_input_within_10pct_yield,2019-09-14,257,94,89,"{""sim_day"": 94.0, ""doy"": 257.0, ""topwt"": 3903.1411743164062, ""grnwt"": 1344.6107482910156, ""xlai"": 0.2348098158836364, ""totir"": 0.0, ""tofer"": NaN, ""swfac"": 0.0, ""nstres"": 0.2472251057624817}",0.0,0.2472251057624817,3903.1411743164062,1344.6107482910156,0.2348098158836364,0.0,,0.0,0.0,0.0,0.0,14.346089172363282,14.346089172363282,Leave_One_experiments/all_year_offline_schedule_search/daily_outputs/YCA/YCA_2019_YCA2019_stress_grid_S0001_daily.csv
YCA,YCA,Yucheng,2019,Leave_One_experiments\wth_generated_qc\YCA\YCA2019.WTH,dry_year;water_stress_year;nitrogen_stress_year,water_stress,YCA2019_stress_grid_S0001,low_input_within_10pct_yield,2019-09-15,258,95,90,"{""sim_day"": 95.0, ""doy"": 258.0, ""topwt"": 3948.008117675781, ""grnwt"": 1389.609832763672, ""xlai"": 0.2284345924854278, ""totir"": 0.0, ""tofer"": NaN, ""swfac"": 0.0, ""nstres"": 0.2516186237335205}",0.0,0.2516186237335205,3948.008117675781,1389.609832763672,0.2284345924854278,0.0,,0.0,0.0,0.0,0.0,14.346089172363282,14.346089172363282,Leave_One_experiments/all_year_offline_schedule_search/daily_outputs/YCA/YCA_2019_YCA2019_stress_grid_S0001_daily.csv
YCA,YCA,Yucheng,2019,Leave_One_experiments\wth_generated_qc\YCA\YCA2019.WTH,dry_year;water_stress_year;nitrogen_stress_year,water_stress,YCA2019_stress_grid_S0001,low_input_within_10pct_yield,2019-09-16,259,96,91,"{""sim_day"": 96.0, ""doy"": 259.0, ""topwt"": 3966.2542724609375, ""grnwt"": 1434.608917236328, ""xlai"": 0.222194567322731, ""totir"": 0.0, ""tofer"": NaN, ""swfac"": 0.0, ""nstres"": 0.2555975914001465}",0.0,0.2555975914001465,3966.2542724609375,1434.608917236328,0.222194567322731,0.0,,0.0,0.0,0.0,0.0,14.346089172363282,14.346089172363282,Leave_One_experiments/all_year_offline_schedule_search/daily_outputs/YCA/YCA_2019_YCA2019_stress_grid_S0001_daily.csv
YCA,YCA,Yucheng,2019,Leave_One_experiments\wth_generated_qc\YCA\YCA2019.WTH,dry_year;water_stress_year;nitrogen_stress_year,water_stress,YCA2019_stress_grid_S0001,low_input_within_10pct_yield,2019-09-17,260,97,92,"{""sim_day"": 97.0, ""doy"": 260.0, ""topwt"": 3966.2542724609375, ""grnwt"": 1434.608917236328, ""xlai"": 0.222194567322731, ""totir"": 0.0, ""tofer"": NaN, ""swfac"": 0.0, ""nstres"": 0.2687113285064697}",0.0,0.2687113285064697,3966.2542724609375,1434.608917236328,0.222194567322731,0.0,,0.0,0.0,0.0,0.0,14.346089172363282,14.346089172363282,Leave_One_experiments/all_year_offline_schedule_search/daily_outputs/YCA/YCA_2019_YCA2019_stress_grid_S0001_daily.csv
YCA,YCA,Yucheng,2019,Leave_One_experiments\wth_generated_qc\YCA\YCA2019.WTH,dry_year;water_stress_year;nitrogen_stress_year,water_stress,YCA2019_stress_grid_S0001,low_input_within_10pct_yield,2019-09-18,261,98,93,"{""sim_day"": 98.0, ""doy"": 261.0, ""topwt"": 3966.2542724609375, ""grnwt"": 1434.608917236328, ""xlai"": 0.222194567322731, ""totir"": 0.0, ""tofer"": NaN, ""swfac"": 0.0, ""nstres"": 0.2687113285064697}",0.0,0.2687113285064697,3966.2542724609375,1434.608917236328,0.222194567322731,0.0,,0.0,0.0,0.0,0.0,14.346089172363282,14.346089172363282,Leave_One_experiments/all_year_offline_schedule_search/daily_outputs/YCA/YCA_2019_YCA2019_stress_grid_S0001_daily.csv
YCA,YCA,Yucheng,2019,Leave_One_experiments\wth_generated_qc\YCA\YCA2019.WTH,dry_year;water_stress_year;nitrogen_stress_year,water_stress,YCA2019_stress_grid_S0001,low_input_within_10pct_yield,2019-09-19,262,99,94,"{""sim_day"": 99.0, ""doy"": 262.0, ""topwt"": 3966.2542724609375, ""grnwt"": 1434.608917236328, ""xlai"": 0.222194567322731, ""totir"": 0.0, ""tofer"": NaN, ""swfac"": 0.0, ""nstres"": 0.2687113285064697}",0.0,0.2687113285064697,3966.2542724609375,1434.608917236328,0.222194567322731,0.0,,0.0,0.0,0.0,0.0,14.346089172363282,14.346089172363282,Leave_One_experiments/all_year_offline_schedule_search/daily_outputs/YCA/YCA_2019_YCA2019_stress_grid_S0001_daily.csv
YCA,YCA,Yucheng,2019,Leave_One_experiments\wth_generated_qc\YCA\YCA2019.WTH,dry_year;water_stress_year;nitrogen_stress_year,water_stress,YCA2019_stress_grid_S0001,low_input_within_10pct_yield,2019-09-20,263,100,95,"{""sim_day"": 100.0, ""doy"": 263.0, ""topwt"": 3966.2542724609375, ""grnwt"": 1434.608917236328, ""xlai"": 0.222194567322731, ""totir"": 0.0, ""tofer"": NaN, ""swfac"": 0.0, ""nstres"": 0.2687113285064697}",0.0,0.2687113285064697,3966.2542724609375,1434.608917236328,0.222194567322731,0.0,,0.0,0.0,0.0,0.0,14.346089172363282,14.346089172363282,Leave_One_experiments/all_year_offline_schedule_search/daily_outputs/YCA/YCA_2019_YCA2019_stress_grid_S0001_daily.csv
YCA,YCA,Yucheng,2019,Leave_One_experiments\wth_generated_qc\YCA\YCA2019.WTH,dry_year;water_stress_year;nitrogen_stress_year,water_stress,YCA2019_stress_grid_S0001,low_input_within_10pct_yield,2019-09-21,264,101,96,"{""sim_day"": 101.0, ""doy"": 264.0, ""topwt"": 3966.2542724609375, ""grnwt"": 1434.608917236328, ""xlai"": 0.222194567322731, ""totir"": 0.0, ""tofer"": NaN, ""swfac"": 0.0, ""nstres"": 0.2687113285064697}",0.0,0.2687113285064697,3966.2542724609375,1434.608917236328,0.222194567322731,0.0,,0.0,0.0,0.0,0.0,14.346089172363282,14.346089172363282,Leave_One_experiments/all_year_offline_schedule_search/daily_outputs/YCA/YCA_2019_YCA2019_stress_grid_S0001_daily.csv
YCA,YCA,Yucheng,2019,Leave_One_experiments\wth_generated_qc\YCA\YCA2019.WTH,dry_year;water_stress_year;nitrogen_stress_year,water_stress,YCA2019_stress_grid_S0004,pareto_balanced,2019-06-18,169,1,1,"{""sim_day"": 1.0, ""doy"": 169.0, ""topwt"": 0.0, ""grnwt"": 0.0, ""xlai"": 0.0, ""totir"": 0.0, ""tofer"": NaN, ""swfac"": 0.0, ""nstres"": 0.0}",0.0,0.0,0.0,0.0,0.0,0.0,,0.0,0.0,40.0,0.0,-4.788212585449218,11.211787414550782,Leave_One_experiments/all_year_offline_schedule_search/daily_outputs/YCA/YCA_2019_YCA2019_stress_grid_S0004_daily.csv
YCA,YCA,Yucheng,2019,Leave_One_experiments\wth_generated_qc\YCA\YCA2019.WTH,dry_year;water_stress_year;nitrogen_stress_year,water_stress,YCA2019_stress_grid_S0004,pareto_balanced,2019-06-19,170,2,2,"{""sim_day"": 2.0, ""doy"": 170.0, ""topwt"": 0.0, ""grnwt"": 0.0, ""xlai"": 0.0, ""totir"": 0.0, ""tofer"": NaN, ""swfac"": 0.0, ""nstres"": 0.0}",0.0,0.0,0.0,0.0,0.0,0.0,,0.0,0.0,40.0,0.0,-4.788212585449218,11.211787414550782,Leave_One_experiments/all_year_offline_schedule_search/daily_outputs/YCA/YCA_2019_YCA2019_stress_grid_S0004_daily.csv
YCA,YCA,Yucheng,2019,Leave_One_experiments\wth_generated_qc\YCA\YCA2019.WTH,dry_year;water_stress_year;nitrogen_stress_year,water_stress,YCA2019_stress_grid_S0004,pareto_balanced,2019-06-20,171,3,3,"{""sim_day"": 3.0, ""doy"": 171.0, ""topwt"": 0.0, ""grnwt"": 0.0, ""xlai"": 0.0, ""totir"": 0.0, ""tofer"": NaN, ""swfac"": 0.0, ""nstres"": 0.0}",0.0,0.0,0.0,0.0,0.0,0.0,,0.0,0.0,40.0,0.0,-4.788212585449218,11.211787414550782,Leave_One_experiments/all_year_offline_schedule_search/daily_outputs/YCA/YCA_2019_YCA2019_stress_grid_S0004_daily.csv
YCA,YCA,Yucheng,2019,Leave_One_experiments\wth_generated_qc\YCA\YCA2019.WTH,dry_year;water_stress_year;nitrogen_stress_year,water_stress,YCA2019_stress_grid_S0004,pareto_balanced,2019-06-21,172,4,4,"{""sim_day"": 4.0, ""doy"": 172.0, ""topwt"": 0.0, ""grnwt"": 0.0, ""xlai"": 0.0, ""totir"": 0.0, ""tofer"": NaN, ""swfac"": 0.0, ""nstres"": 0.0}",0.0,0.0,0.0,0.0,0.0,0.0,,0.0,0.0,40.0,0.0,-4.788212585449218,11.211787414550782,Leave_One_experiments/all_year_offline_schedule_search/daily_outputs/YCA/YCA_2019_YCA2019_stress_grid_S0004_daily.csv
YCA,YCA,Yucheng,2019,Leave_One_experiments\wth_generated_qc\YCA\YCA2019.WTH,dry_year;water_stress_year;nitrogen_stress_year,water_stress,YCA2019_stress_grid_S0004,pareto_balanced,2019-06-22,173,5,5,"{""sim_day"": 5.0, ""doy"": 173.0, ""topwt"": 0.0, ""grnwt"": 0.0, ""xlai"": 0.0, ""totir"": 0.0, ""tofer"": NaN, ""swfac"": 0.0, ""nstres"": 0.0}",0.0,0.0,0.0,0.0,0.0,0.0,,0.0,0.0,40.0,0.0,-4.788212585449218,11.211787414550782,Leave_One_experiments/all_year_offline_schedule_search/daily_outputs/YCA/YCA_2019_YCA2019_stress_grid_S0004_daily.csv
YCA,YCA,Yucheng,2019,Leave_One_experiments\wth_generated_qc\YCA\YCA2019.WTH,dry_year;water_stress_year;nitrogen_stress_year,water_stress,YCA2019_stress_grid_S0004,pareto_balanced,2019-06-18,169,6,1,"{""sim_day"": 6.0, ""doy"": 169.0, ""topwt"": 0.0, ""grnwt"": 0.0, ""xlai"": 0.0, ""totir"": 0.0, ""tofer"": NaN, ""swfac"": 0.0, ""nstres"": 0.0}",0.0,0.0,0.0,0.0,0.0,0.0,,0.0,0.0,40.0,0.0,-4.788212585449218,11.211787414550782,Leave_One_experiments/all_year_offline_schedule_search/daily_outputs/YCA/YCA_2019_YCA2019_stress_grid_S0004_daily.csv
YCA,YCA,Yucheng,2019,Leave_One_experiments\wth_generated_qc\YCA\YCA2019.WTH,dry_year;water_stress_year;nitrogen_stress_year,water_stress,YCA2019_stress_grid_S0004,pareto_balanced,2019-06-19,170,7,2,"{""sim_day"": 7.0, ""doy"": 170.0, ""topwt"": 0.0, ""grnwt"": 0.0, ""xlai"": 0.0, ""totir"": 0.0, ""tofer"": NaN, ""swfac"": 0.0, ""nstres"": 0.0}",0.0,0.0,0.0,0.0,0.0,0.0,,0.0,0.0,40.0,0.0,-4.788212585449218,11.211787414550782,Leave_One_experiments/all_year_offline_schedule_search/daily_outputs/YCA/YCA_2019_YCA2019_stress_grid_S0004_daily.csv
YCA,YCA,Yucheng,2019,Leave_One_experiments\wth_generated_qc\YCA\YCA2019.WTH,dry_year;water_stress_year;nitrogen_stress_year,water_stress,YCA2019_stress_grid_S0004,pareto_balanced,2019-06-20,171,8,3,"{""sim_day"": 8.0, ""doy"": 171.0, ""topwt"": 0.0, ""grnwt"": 0.0, ""xlai"": 0.0, ""totir"": 0.0, ""tofer"": NaN, ""swfac"": 0.0, ""nstres"": 0.0}",0.0,0.0,0.0,0.0,0.0,0.0,,0.0,0.0,40.0,0.0,-4.788212585449218,11.211787414550782,Leave_One_experiments/all_year_offline_schedule_search/daily_outputs/YCA/YCA_2019_YCA2019_stress_grid_S0004_daily.csv
YCA,YCA,Yucheng,2019,Leave_One_experiments\wth_generated_qc\YCA\YCA2019.WTH,dry_year;water_stress_year;nitrogen_stress_year,water_stress,YCA2019_stress_grid_S0004,pareto_balanced,2019-06-21,172,9,4,"{""sim_day"": 9.0, ""doy"": 172.0, ""topwt"": 0.0, ""grnwt"": 0.0, ""xlai"": 0.0, ""totir"": 0.0, ""tofer"": NaN, ""swfac"": 0.0, ""nstres"": 0.0}",0.0,0.0,0.0,0.0,0.0,0.0,,0.0,0.0,40.0,0.0,-4.788212585449218,11.211787414550782,Leave_One_experiments/all_year_offline_schedule_search/daily_outputs/YCA/YCA_2019_YCA2019_stress_grid_S0004_daily.csv
YCA,YCA,Yucheng,2019,Leave_One_experiments\wth_generated_qc\YCA\YCA2019.WTH,dry_year;water_stress_year;nitrogen_stress_year,water_stress,YCA2019_stress_grid_S0004,pareto_balanced,2019-06-22,173,10,5,"{""sim_day"": 10.0, ""doy"": 173.0, ""topwt"": 26.400001049041748, ""grnwt"": 0.0, ""xlai"": 0.0053130206651985, ""totir"": 0.0, ""tofer"": NaN, ""swfac"": 0.0, ""nstres"": 0.0121910572052001}",0.0,0.0121910572052001,26.400001049041748,0.0,0.0053130206651985,0.0,,0.0,0.0,40.0,0.0,-4.788212585449218,11.211787414550782,Leave_One_experiments/all_year_offline_schedule_search/daily_outputs/YCA/YCA_2019_YCA2019_stress_grid_S0004_daily.csv
YCA,YCA,Yucheng,2019,Leave_One_experiments\wth_generated_qc\YCA\YCA2019.WTH,dry_year;water_stress_year;nitrogen_stress_year,water_stress,YCA2019_stress_grid_S0004,pareto_balanced,2019-06-23,174,11,6,"{""sim_day"": 11.0, ""doy"": 174.0, ""topwt"": 26.400001049041748, ""grnwt"": 0.0, ""xlai"": 0.0113331619650125, ""totir"": 0.0, ""tofer"": NaN, ""swfac"": 0.0, ""nstres"": 0.0086501836776733}",0.0,0.0086501836776733,26.400001049041748,0.0,0.0113331619650125,0.0,,0.0,0.0,40.0,0.0,-4.788212585449218,11.211787414550782,Leave_One_experiments/all_year_offline_schedule_search/daily_outputs/YCA/YCA_2019_YCA2019_stress_grid_S0004_daily.csv
YCA,YCA,Yucheng,2019,Leave_One_experiments\wth_generated_qc\YCA\YCA2019.WTH,dry_year;water_stress_year;nitrogen_stress_year,water_stress,YCA2019_stress_grid_S0004,pareto_balanced,2019-06-24,175,12,7,"{""sim_day"": 12.0, ""doy"": 175.0, ""topwt"": 26.400001049041748, ""grnwt"": 0.0, ""xlai"": 0.0182597935199737, ""totir"": 0.0, ""tofer"": NaN, ""swfac"": 0.0, ""nstres"": 0.00066739320755}",0.0,0.00066739320755,26.400001049041748,0.0,0.0182597935199737,0.0,,0.0,0.0,40.0,0.0,-4.788212585449218,11.211787414550782,Leave_One_experiments/all_year_offline_schedule_search/daily_outputs/YCA/YCA_2019_YCA2019_stress_grid_S0004_daily.csv
YCA,YCA,Yucheng,2019,Leave_One_experiments\wth_generated_qc\YCA\YCA2019.WTH,dry_year;water_stress_year;nitrogen_stress_year,water_stress,YCA2019_stress_grid_S0004,pareto_balanced,2019-06-25,176,13,8,"{""sim_day"": 13.0, ""doy"": 176.0, ""topwt"": 26.400001049041748, ""grnwt"": 0.0, ""xlai"": 0.0417247824370861, ""totir"": 0.0, ""tofer"": NaN, ""swfac"": 0.0, ""nstres"": 0.0}",0.0,0.0,26.400001049041748,0.0,0.0417247824370861,0.0,,0.0,0.0,40.0,0.0,-4.788212585449218,11.211787414550782,Leave_One_experiments/all_year_offline_schedule_search/daily_outputs/YCA/YCA_2019_YCA2019_stress_grid_S0004_daily.csv
YCA,YCA,Yucheng,2019,Leave_One_experiments\wth_generated_qc\YCA\YCA2019.WTH,dry_year;water_stress_year;nitrogen_stress_year,water_stress,YCA2019_stress_grid_S0004,pareto_balanced,2019-06-26,177,14,9,"{""sim_day"": 14.0, ""doy"": 177.0, ""topwt"": 37.01164484024048, ""grnwt"": 0.0, ""xlai"": 0.0725562125444412, ""totir"": 0.0, ""tofer"": NaN, ""swfac"": 0.0, ""nstres"": 0.0}",0.0,0.0,37.01164484024048,0.0,0.0725562125444412,0.0,,0.0,0.0,40.0,0.0,-4.788212585449218,11.211787414550782,Leave_One_experiments/all_year_offline_schedule_search/daily_outputs/YCA/YCA_2019_YCA2019_stress_grid_S0004_daily.csv
YCA,YCA,Yucheng,2019,Leave_One_experiments\wth_generated_qc\YCA\YCA2019.WTH,dry_year;water_stress_year;nitrogen_stress_year,water_stress,YCA2019_stress_grid_S0004,pareto_balanced,2019-06-27,178,15,10,"{""sim_day"": 15.0, ""doy"": 178.0, ""topwt"": 48.52426052093506, ""grnwt"": 0.0, ""xlai"": 0.0993330329656601, ""totir"": 0.0, ""tofer"": NaN, ""swfac"": 0.0, ""nstres"": 0.0}",0.0,0.0,48.52426052093506,0.0,0.0993330329656601,0.0,,0.0,0.0,40.0,0.0,-4.788212585449218,11.211787414550782,Leave_One_experiments/all_year_offline_schedule_search/daily_outputs/YCA/YCA_2019_YCA2019_stress_grid_S0004_daily.csv
YCA,YCA,Yucheng,2019,Leave_One_experiments\wth_generated_qc\YCA\YCA2019.WTH,dry_year;water_stress_year;nitrogen_stress_year,water_stress,YCA2019_stress_grid_S0004,pareto_balanced,2019-06-28,179,16,11,"{""sim_day"": 16.0, ""doy"": 179.0, ""topwt"": 67.45081424713135, ""grnwt"": 0.0, ""xlai"": 0.13975390791893, ""totir"": 0.0, ""tofer"": NaN, ""swfac"": 0.0, ""nstres"": 0.0}",0.0,0.0,67.45081424713135,0.0,0.13975390791893,0.0,,0.0,0.0,40.0,0.0,-4.788212585449218,11.211787414550782,Leave_One_experiments/all_year_offline_schedule_search/daily_outputs/YCA/YCA_2019_YCA2019_stress_grid_S0004_daily.csv
YCA,YCA,Yucheng,2019,Leave_One_experiments\wth_generated_qc\YCA\YCA2019.WTH,dry_year;water_stress_year;nitrogen_stress_year,water_stress,YCA2019_stress_grid_S0004,pareto_balanced,2019-06-29,180,17,12,"{""sim_day"": 17.0, ""doy"": 180.0, ""topwt"": 91.33810997009276, ""grnwt"": 0.0, ""xlai"": 0.1867705285549163, ""totir"": 0.0, ""tofer"": NaN, ""swfac"": 0.0, ""nstres"": 0.0}",0.0,0.0,91.33810997009276,0.0,0.1867705285549163,0.0,,0.0,0.0,40.0,0.0,-4.788212585449218,11.211787414550782,Leave_One_experiments/all_year_offline_schedule_search/daily_outputs/YCA/YCA_2019_YCA2019_stress_grid_S0004_daily.csv
YCA,YCA,Yucheng,2019,Leave_One_experiments\wth_generated_qc\YCA\YCA2019.WTH,dry_year;water_stress_year;nitrogen_stress_year,water_stress,YCA2019_stress_grid_S0004,pareto_balanced,2019-06-30,181,18,13,"{""sim_day"": 18.0, ""doy"": 181.0, ""topwt"": 119.92982864379884, ""grnwt"": 0.0, ""xlai"": 0.2392461150884628, ""totir"": 0.0, ""tofer"": NaN, ""swfac"": 0.0, ""nstres"": 0.0112102031707763}",0.0,0.0112102031707763,119.92982864379884,0.0,0.2392461150884628,0.0,,0.0,0.0,40.0,0.0,-4.788212585449218,11.211787414550782,Leave_One_experiments/all_year_offline_schedule_search/daily_outputs/YCA/YCA_2019_YCA2019_stress_grid_S0004_daily.csv
YCA,YCA,Yucheng,2019,Leave_One_experiments\wth_generated_qc\YCA\YCA2019.WTH,dry_year;water_stress_year;nitrogen_stress_year,water_stress,YCA2019_stress_grid_S0004,pareto_balanced,2019-07-01,182,19,14,"{""sim_day"": 19.0, ""doy"": 182.0, ""topwt"": 157.28199005126953, ""grnwt"": 0.0, ""xlai"": 0.3025301396846771, ""totir"": 0.0, ""tofer"": NaN, ""swfac"": 0.0, ""nstres"": 0.0771512389183044}",0.0,0.0771512389183044,157.28199005126953,0.0,0.3025301396846771,0.0,,0.0,0.0,40.0,0.0,-4.788212585449218,11.211787414550782,Leave_One_experiments/all_year_offline_schedule_search/daily_outputs/YCA/YCA_2019_YCA2019_stress_grid_S0004_daily.csv
YCA,YCA,Yucheng,2019,Leave_One_experiments\wth_generated_qc\YCA\YCA2019.WTH,dry_year;water_stress_year;nitrogen_stress_year,water_stress,YCA2019_stress_grid_S0004,pareto_balanced,2019-07-02,183,20,15,"{""sim_day"": 20.0, ""doy"": 183.0, ""topwt"": 202.31325149536133, ""grnwt"": 0.0, ""xlai"": 0.3715695440769195, ""totir"": 0.0, ""tofer"": NaN, ""swfac"": 0.0, ""nstres"": 0.1356574296951294}",0.0,0.1356574296951294,202.31325149536133,0.0,0.3715695440769195,0.0,,0.0,0.0,40.0,0.0,-4.788212585449218,11.211787414550782,Leave_One_experiments/all_year_offline_schedule_search/daily_outputs/YCA/YCA_2019_YCA2019_stress_grid_S0004_daily.csv
YCA,YCA,Yucheng,2019,Leave_One_experiments\wth_generated_qc\YCA\YCA2019.WTH,dry_year;water_stress_year;nitrogen_stress_year,water_stress,YCA2019_stress_grid_S0004,pareto_balanced,2019-07-03,184,21,16,"{""sim_day"": 21.0, ""doy"": 184.0, ""topwt"": 217.24328994750977, ""grnwt"": 0.0, ""xlai"": 0.4138423204421997, ""totir"": 0.0, ""tofer"": NaN, ""swfac"": 0.0, ""nstres"": 0.1915743350982666}",0.0,0.1915743350982666,217.24328994750977,0.0,0.4138423204421997,0.0,,0.0,0.0,40.0,0.0,-4.788212585449218,11.211787414550782,Leave_One_experiments/all_year_offline_schedule_search/daily_outputs/YCA/YCA_2019_YCA2019_stress_grid_S0004_daily.csv
YCA,YCA,Yucheng,2019,Leave_One_experiments\wth_generated_qc\YCA\YCA2019.WTH,dry_year;water_stress_year;nitrogen_stress_year,water_stress,YCA2019_stress_grid_S0004,pareto_balanced,2019-07-04,185,22,17,"{""sim_day"": 22.0, ""doy"": 185.0, ""topwt"": 242.77463912963867, ""grnwt"": 0.0, ""xlai"": 0.4426652789115906, ""totir"": 0.0, ""tofer"": NaN, ""swfac"": 0.0, ""nstres"": 0.3724971413612366}",0.0,0.3724971413612366,242.77463912963867,0.0,0.4426652789115906,0.0,,0.0,0.0,40.0,0.0,-4.788212585449218,11.211787414550782,Leave_One_experiments/all_year_offline_schedule_search/daily_outputs/YCA/YCA_2019_YCA2019_stress_grid_S0004_daily.csv
YCA,YCA,Yucheng,2019,Leave_One_experiments\wth_generated_qc\YCA\YCA2019.WTH,dry_year;water_stress_year;nitrogen_stress_year,water_stress,YCA2019_stress_grid_S0004,pareto_balanced,2019-07-05,186,23,18,"{""sim_day"": 23.0, ""doy"": 186.0, ""topwt"": 265.3608512878418, ""grnwt"": 0.0, ""xlai"": 0.4654966294765472, ""totir"": 0.0, ""tofer"": NaN, ""swfac"": 0.0, ""nstres"": 0.3431332111358642}",0.0,0.3431332111358642,265.3608512878418,0.0,0.4654966294765472,0.0,,0.0,0.0,40.0,0.0,-4.788212585449218,11.211787414550782,Leave_One_experiments/all_year_offline_schedule_search/daily_outputs/YCA/YCA_2019_YCA2019_stress_grid_S0004_daily.csv
YCA,YCA,Yucheng,2019,Leave_One_experiments\wth_generated_qc\YCA\YCA2019.WTH,dry_year;water_stress_year;nitrogen_stress_year,water_stress,YCA2019_stress_grid_S0004,pareto_balanced,2019-07-06,187,24,19,"{""sim_day"": 24.0, ""doy"": 187.0, ""topwt"": 290.89717864990234, ""grnwt"": 0.0, ""xlai"": 0.4931657612323761, ""totir"": 0.0, ""tofer"": NaN, ""swfac"": 0.0, ""nstres"": 0.2681970596313476}",0.0,0.2681970596313476,290.89717864990234,0.0,0.4931657612323761,0.0,,0.0,0.0,40.0,0.0,-4.788212585449218,11.211787414550782,Leave_One_experiments/all_year_offline_schedule_search/daily_outputs/YCA/YCA_2019_YCA2019_stress_grid_S0004_daily.csv
YCA,YCA,Yucheng,2019,Leave_One_experiments\wth_generated_qc\YCA\YCA2019.WTH,dry_year;water_stress_year;nitrogen_stress_year,water_stress,YCA2019_stress_grid_S0004,pareto_balanced,2019-07-07,188,25,20,"{""sim_day"": 25.0, ""doy"": 188.0, ""topwt"": 323.45909118652344, ""grnwt"": 0.0, ""xlai"": 0.5304034948348999, ""totir"": 40.0, ""tofer"": NaN, ""swfac"": 0.0, ""nstres"": 0.2582149505615234}",0.0,0.2582149505615234,323.45909118652344,0.0,0.5304034948348999,40.0,,40.0,0.0,40.0,0.0,-4.788212585449218,11.211787414550782,Leave_One_experiments/all_year_offline_schedule_search/daily_outputs/YCA/YCA_2019_YCA2019_stress_grid_S0004_daily.csv
YCA,YCA,Yucheng,2019,Leave_One_experiments\wth_generated_qc\YCA\YCA2019.WTH,dry_year;water_stress_year;nitrogen_stress_year,water_stress,YCA2019_stress_grid_S0004,pareto_balanced,2019-07-08,189,26,21,"{""sim_day"": 26.0, ""doy"": 189.0, ""topwt"": 359.47200775146484, ""grnwt"": 0.0, ""xlai"": 0.5699563026428223, ""totir"": 40.0, ""tofer"": NaN, ""swfac"": 0.0, ""nstres"": 0.2927375435829162}",0.0,0.2927375435829162,359.47200775146484,0.0,0.5699563026428223,40.0,,0.0,0.0,40.0,0.0,-4.788212585449218,11.211787414550782,Leave_One_experiments/all_year_offline_schedule_search/daily_outputs/YCA/YCA_2019_YCA2019_stress_grid_S0004_daily.csv
YCA,YCA,Yucheng,2019,Leave_One_experiments\wth_generated_qc\YCA\YCA2019.WTH,dry_year;water_stress_year;nitrogen_stress_year,water_stress,YCA2019_stress_grid_S0004,pareto_balanced,2019-07-09,190,27,22,"{""sim_day"": 27.0, ""doy"": 190.0, ""topwt"": 393.70826721191406, ""grnwt"": 0.0, ""xlai"": 0.5976892709732056, ""totir"": 40.0, ""tofer"": NaN, ""swfac"": 0.0, ""nstres"": 0.3163421154022217}",0.0,0.3163421154022217,393.70826721191406,0.0,0.5976892709732056,40.0,,0.0,0.0,40.0,0.0,-4.788212585449218,11.211787414550782,Leave_One_experiments/all_year_offline_schedule_search/daily_outputs/YCA/YCA_2019_YCA2019_stress_grid_S0004_daily.csv
YCA,YCA,Yucheng,2019,Leave_One_experiments\wth_generated_qc\YCA\YCA2019.WTH,dry_year;water_stress_year;nitrogen_stress_year,water_stress,YCA2019_stress_grid_S0004,pareto_balanced,2019-07-10,191,28,23,"{""sim_day"": 28.0, ""doy"": 191.0, ""topwt"": 430.7448959350586, ""grnwt"": 0.0, ""xlai"": 0.632074236869812, ""totir"": 40.0, ""tofer"": NaN, ""swfac"": 0.0, ""nstres"": 0.3402682542800903}",0.0,0.3402682542800903,430.7448959350586,0.0,0.632074236869812,40.0,,0.0,0.0,40.0,0.0,-4.788212585449218,11.211787414550782,Leave_One_experiments/all_year_offline_schedule_search/daily_outputs/YCA/YCA_2019_YCA2019_stress_grid_S0004_daily.csv
YCA,YCA,Yucheng,2019,Leave_One_experiments\wth_generated_qc\YCA\YCA2019.WTH,dry_year;water_stress_year;nitrogen_stress_year,water_stress,YCA2019_stress_grid_S0004,pareto_balanced,2019-07-11,192,29,24,"{""sim_day"": 29.0, ""doy"": 192.0, ""topwt"": 478.5614013671875, ""grnwt"": 0.0, ""xlai"": 0.6781803965568542, ""totir"": 40.0, ""tofer"": NaN, ""swfac"": 0.0, ""nstres"": 0.3431365489959717}",0.0,0.3431365489959717,478.5614013671875,0.0,0.6781803965568542,40.0,,0.0,0.0,40.0,0.0,-4.788212585449218,11.211787414550782,Leave_One_experiments/all_year_offline_schedule_search/daily_outputs/YCA/YCA_2019_YCA2019_stress_grid_S0004_daily.csv
YCA,YCA,Yucheng,2019,Leave_One_experiments\wth_generated_qc\YCA\YCA2019.WTH,dry_year;water_stress_year;nitrogen_stress_year,water_stress,YCA2019_stress_grid_S0004,pareto_balanced,2019-07-12,193,30,25,"{""sim_day"": 30.0, ""doy"": 193.0, ""topwt"": 533.0830383300781, ""grnwt"": 0.0, ""xlai"": 0.7292842864990234, ""totir"": 40.0, ""tofer"": NaN, ""swfac"": 0.0, ""nstres"": 0.3223965167999267}",0.0,0.3223965167999267,533.0830383300781,0.0,0.7292842864990234,40.0,,0.0,0.0,40.0,0.0,-4.788212585449218,11.211787414550782,Leave_One_experiments/all_year_offline_schedule_search/daily_outputs/YCA/YCA_2019_YCA2019_stress_grid_S0004_daily.csv
YCA,YCA,Yucheng,2019,Leave_One_experiments\wth_generated_qc\YCA\YCA2019.WTH,dry_year;water_stress_year;nitrogen_stress_year,water_stress,YCA2019_stress_grid_S0004,pareto_balanced,2019-07-13,194,31,26,"{""sim_day"": 31.0, ""doy"": 194.0, ""topwt"": 591.8511199951172, ""grnwt"": 0.0, ""xlai"": 0.7800137996673584, ""totir"": 40.0, ""tofer"": NaN, ""swfac"": 0.0, ""nstres"": 0.3313814997673034}",0.0,0.3313814997673034,591.8511199951172,0.0,0.7800137996673584,40.0,,0.0,0.0,40.0,0.0,-4.788212585449218,11.211787414550782,Leave_One_experiments/all_year_offline_schedule_search/daily_outputs/YCA/YCA_2019_YCA2019_stress_grid_S0004_daily.csv
YCA,YCA,Yucheng,2019,Leave_One_experiments\wth_generated_qc\YCA\YCA2019.WTH,dry_year;water_stress_year;nitrogen_stress_year,water_stress,YCA2019_stress_grid_S0004,pareto_balanced,2019-07-14,195,32,27,"{""sim_day"": 32.0, ""doy"": 195.0, ""topwt"": 653.1829071044922, ""grnwt"": 0.0, ""xlai"": 0.8263545632362366, ""totir"": 40.0, ""tofer"": NaN, ""swfac"": 0.0, ""nstres"": 0.3701446652412414}",0.0,0.3701446652412414,653.1829071044922,0.0,0.8263545632362366,40.0,,0.0,0.0,40.0,0.0,-4.788212585449218,11.211787414550782,Leave_One_experiments/all_year_offline_schedule_search/daily_outputs/YCA/YCA_2019_YCA2019_stress_grid_S0004_daily.csv
YCA,YCA,Yucheng,2019,Leave_One_experiments\wth_generated_qc\YCA\YCA2019.WTH,dry_year;water_stress_year;nitrogen_stress_year,water_stress,YCA2019_stress_grid_S0004,pareto_balanced,2019-07-15,196,33,28,"{""sim_day"": 33.0, ""doy"": 196.0, ""topwt"": 711.929931640625, ""grnwt"": 0.0, ""xlai"": 0.8624849319458008, ""totir"": 40.0, ""tofer"": NaN, ""swfac"": 0.0, ""nstres"": 0.406145691871643}",0.0,0.406145691871643,711.929931640625,0.0,0.8624849319458008,40.0,,0.0,0.0,40.0,0.0,-4.788212585449218,11.211787414550782,Leave_One_experiments/all_year_offline_schedule_search/daily_outputs/YCA/YCA_2019_YCA2019_stress_grid_S0004_daily.csv
YCA,YCA,Yucheng,2019,Leave_One_experiments\wth_generated_qc\YCA\YCA2019.WTH,dry_year;water_stress_year;nitrogen_stress_year,water_stress,YCA2019_stress_grid_S0004,pareto_balanced,2019-07-16,197,34,29,"{""sim_day"": 34.0, ""doy"": 197.0, ""topwt"": 771.7945861816406, ""grnwt"": 0.0, ""xlai"": 0.8931577205657959, ""totir"": 40.0, ""tofer"": NaN, ""swfac"": 0.0, ""nstres"": 0.432917058467865}",0.0,0.432917058467865,771.7945861816406,0.0,0.8931577205657959,40.0,,0.0,0.0,40.0,0.0,-4.788212585449218,11.211787414550782,Leave_One_experiments/all_year_offline_schedule_search/daily_outputs/YCA/YCA_2019_YCA2019_stress_grid_S0004_daily.csv
YCA,YCA,Yucheng,2019,Leave_One_experiments\wth_generated_qc\YCA\YCA2019.WTH,dry_year;water_stress_year;nitrogen_stress_year,water_stress,YCA2019_stress_grid_S0004,pareto_balanced,2019-07-17,198,35,30,"{""sim_day"": 35.0, ""doy"": 198.0, ""topwt"": 830.1455688476562, ""grnwt"": 0.0, ""xlai"": 0.9164932370185852, ""totir"": 40.0, ""tofer"": NaN, ""swfac"": 0.0, ""nstres"": 0.4509838819503784}",0.0,0.4509838819503784,830.1455688476562,0.0,0.9164932370185852,40.0,,0.0,0.0,40.0,0.0,-4.788212585449218,11.211787414550782,Leave_One_experiments/all_year_offline_schedule_search/daily_outputs/YCA/YCA_2019_YCA2019_stress_grid_S0004_daily.csv
YCA,YCA,Yucheng,2019,Leave_One_experiments\wth_generated_qc\YCA\YCA2019.WTH,dry_year;water_stress_year;nitrogen_stress_year,water_stress,YCA2019_stress_grid_S0004,pareto_balanced,2019-07-18,199,36,31,"{""sim_day"": 36.0, ""doy"": 199.0, ""topwt"": 891.6098022460938, ""grnwt"": 0.0, ""xlai"": 0.9372336864471436, ""totir"": 40.0, ""tofer"": NaN, ""swfac"": 0.0, ""nstres"": 0.4652742743492126}",0.0,0.4652742743492126,891.6098022460938,0.0,0.9372336864471436,40.0,,0.0,0.0,40.0,0.0,-4.788212585449218,11.211787414550782,Leave_One_experiments/all_year_offline_schedule_search/daily_outputs/YCA/YCA_2019_YCA2019_stress_grid_S0004_daily.csv
YCA,YCA,Yucheng,2019,Leave_One_experiments\wth_generated_qc\YCA\YCA2019.WTH,dry_year;water_stress_year;nitrogen_stress_year,water_stress,YCA2019_stress_grid_S0004,pareto_balanced,2019-07-19,200,37,32,"{""sim_day"": 37.0, ""doy"": 200.0, ""topwt"": 957.082290649414, ""grnwt"": 0.0, ""xlai"": 0.955987274646759, ""totir"": 40.0, ""tofer"": NaN, ""swfac"": 0.0, ""nstres"": 0.4770479798316955}",0.0,0.4770479798316955,957.082290649414,0.0,0.955987274646759,40.0,,0.0,0.0,40.0,0.0,-4.788212585449218,11.211787414550782,Leave_One_experiments/all_year_offline_schedule_search/daily_outputs/YCA/YCA_2019_YCA2019_stress_grid_S0004_daily.csv
YCA,YCA,Yucheng,2019,Leave_One_experiments\wth_generated_qc\YCA\YCA2019.WTH,dry_year;water_stress_year;nitrogen_stress_year,water_stress,YCA2019_stress_grid_S0004,pareto_balanced,2019-07-20,201,38,33,"{""sim_day"": 38.0, ""doy"": 201.0, ""topwt"": 1024.444580078125, ""grnwt"": 0.0, ""xlai"": 0.9711822271347046, ""totir"": 40.0, ""tofer"": NaN, ""swfac"": 0.0, ""nstres"": 0.4855271577835083}",0.0,0.4855271577835083,1024.444580078125,0.0,0.9711822271347046,40.0,,0.0,0.0,40.0,0.0,-4.788212585449218,11.211787414550782,Leave_One_experiments/all_year_offline_schedule_search/daily_outputs/YCA/YCA_2019_YCA2019_stress_grid_S0004_daily.csv
YCA,YCA,Yucheng,2019,Leave_One_experiments\wth_generated_qc\YCA\YCA2019.WTH,dry_year;water_stress_year;nitrogen_stress_year,water_stress,YCA2019_stress_grid_S0004,pareto_balanced,2019-07-21,202,39,34,"{""sim_day"": 39.0, ""doy"": 202.0, ""topwt"": 1099.4334411621094, ""grnwt"": 0.0, ""xlai"": 0.9866541624069214, ""totir"": 40.0, ""tofer"": NaN, ""swfac"": 0.0, ""nstres"": 0.4961404204368591}",0.0,0.4961404204368591,1099.4334411621094,0.0,0.9866541624069214,40.0,,0.0,0.0,40.0,0.0,-4.788212585449218,11.211787414550782,Leave_One_experiments/all_year_offline_schedule_search/daily_outputs/YCA/YCA_2019_YCA2019_stress_grid_S0004_daily.csv
YCA,YCA,Yucheng,2019,Leave_One_experiments\wth_generated_qc\YCA\YCA2019.WTH,dry_year;water_stress_year;nitrogen_stress_year,water_stress,YCA2019_stress_grid_S0004,pareto_balanced,2019-07-22,203,40,35,"{""sim_day"": 40.0, ""doy"": 203.0, ""topwt"": 1173.0304718017578, ""grnwt"": 0.0, ""xlai"": 0.996404767036438, ""totir"": 40.0, ""tofer"": NaN, ""swfac"": 0.0, ""nstres"": 0.5050405263900757}",0.0,0.5050405263900757,1173.0304718017578,0.0,0.996404767036438,40.0,,0.0,0.0,40.0,0.0,-4.788212585449218,11.211787414550782,Leave_One_experiments/all_year_offline_schedule_search/daily_outputs/YCA/YCA_2019_YCA2019_stress_grid_S0004_daily.csv
YCA,YCA,Yucheng,2019,Leave_One_experiments\wth_generated_qc\YCA\YCA2019.WTH,dry_year;water_stress_year;nitrogen_stress_year,water_stress,YCA2019_stress_grid_S0004,pareto_balanced,2019-07-23,204,41,36,"{""sim_day"": 41.0, ""doy"": 204.0, ""topwt"": 1256.081085205078, ""grnwt"": 0.0, ""xlai"": 1.007253646850586, ""totir"": 40.0, ""tofer"": NaN, ""swfac"": 0.0, ""nstres"": 0.513924241065979}",0.0,0.513924241065979,1256.081085205078,0.0,1.007253646850586,40.0,,0.0,0.0,40.0,0.0,-4.788212585449218,11.211787414550782,Leave_One_experiments/all_year_offline_schedule_search/daily_outputs/YCA/YCA_2019_YCA2019_stress_grid_S0004_daily.csv
YCA,YCA,Yucheng,2019,Leave_One_experiments\wth_generated_qc\YCA\YCA2019.WTH,dry_year;water_stress_year;nitrogen_stress_year,water_stress,YCA2019_stress_grid_S0004,pareto_balanced,2019-07-24,205,42,37,"{""sim_day"": 42.0, ""doy"": 205.0, ""topwt"": 1315.0485229492188, ""grnwt"": 0.0, ""xlai"": 1.000422716140747, ""totir"": 40.0, ""tofer"": NaN, ""swfac"": 0.0, ""nstres"": 0.5194649696350098}",0.0,0.5194649696350098,1315.0485229492188,0.0,1.000422716140747,40.0,,0.0,0.0,40.0,0.0,-4.788212585449218,11.211787414550782,Leave_One_experiments/all_year_offline_schedule_search/daily_outputs/YCA/YCA_2019_YCA2019_stress_grid_S0004_daily.csv
YCA,YCA,Yucheng,2019,Leave_One_experiments\wth_generated_qc\YCA\YCA2019.WTH,dry_year;water_stress_year;nitrogen_stress_year,water_stress,YCA2019_stress_grid_S0004,pareto_balanced,2019-07-25,206,43,38,"{""sim_day"": 43.0, ""doy"": 206.0, ""topwt"": 1409.8394775390625, ""grnwt"": 0.0, ""xlai"": 1.0089751482009888, ""totir"": 40.0, ""tofer"": NaN, ""swfac"": 0.0, ""nstres"": 0.5262611508369446}",0.0,0.5262611508369446,1409.8394775390625,0.0,1.0089751482009888,40.0,,0.0,0.0,40.0,0.0,-4.788212585449218,11.211787414550782,Leave_One_experiments/all_year_offline_schedule_search/daily_outputs/YCA/YCA_2019_YCA2019_stress_grid_S0004_daily.csv
YCA,YCA,Yucheng,2019,Leave_One_experiments\wth_generated_qc\YCA\YCA2019.WTH,dry_year;water_stress_year;nitrogen_stress_year,water_stress,YCA2019_stress_grid_S0004,pareto_balanced,2019-07-26,207,44,39,"{""sim_day"": 44.0, ""doy"": 207.0, ""topwt"": 1472.6260375976562, ""grnwt"": 0.0, ""xlai"": 1.006048560142517, ""totir"": 40.0, ""tofer"": NaN, ""swfac"": 0.0, ""nstres"": 0.5192533731460571}",0.0,0.5192533731460571,1472.6260375976562,0.0,1.006048560142517,40.0,,0.0,0.0,40.0,0.0,-4.788212585449218,11.211787414550782,Leave_One_experiments/all_year_offline_schedule_search/daily_outputs/YCA/YCA_2019_YCA2019_stress_grid_S0004_daily.csv
YCA,YCA,Yucheng,2019,Leave_One_experiments\wth_generated_qc\YCA\YCA2019.WTH,dry_year;water_stress_year;nitrogen_stress_year,water_stress,YCA2019_stress_grid_S0004,pareto_balanced,2019-07-27,208,45,40,"{""sim_day"": 45.0, ""doy"": 208.0, ""topwt"": 1588.3482360839844, ""grnwt"": 0.0, ""xlai"": 1.0158977508544922, ""totir"": 40.0, ""tofer"": NaN, ""swfac"": 0.0, ""nstres"": 0.5271751880645752}",0.0,0.5271751880645752,1588.3482360839844,0.0,1.0158977508544922,40.0,,0.0,0.0,40.0,0.0,-4.788212585449218,11.211787414550782,Leave_One_experiments/all_year_offline_schedule_search/daily_outputs/YCA/YCA_2019_YCA2019_stress_grid_S0004_daily.csv
YCA,YCA,Yucheng,2019,Leave_One_experiments\wth_generated_qc\YCA\YCA2019.WTH,dry_year;water_stress_year;nitrogen_stress_year,water_stress,YCA2019_stress_grid_S0004,pareto_balanced,2019-07-28,209,46,41,"{""sim_day"": 46.0, ""doy"": 209.0, ""topwt"": 1672.3731994628906, ""grnwt"": 0.0, ""xlai"": 1.006932020187378, ""totir"": 40.0, ""tofer"": NaN, ""swfac"": 0.0, ""nstres"": 0.5202082395553589}",0.0,0.5202082395553589,1672.3731994628906,0.0,1.006932020187378,40.0,,0.0,0.0,40.0,0.0,-4.788212585449218,11.211787414550782,Leave_One_experiments/all_year_offline_schedule_search/daily_outputs/YCA/YCA_2019_YCA2019_stress_grid_S0004_daily.csv
YCA,YCA,Yucheng,2019,Leave_One_experiments\wth_generated_qc\YCA\YCA2019.WTH,dry_year;water_stress_year;nitrogen_stress_year,water_stress,YCA2019_stress_grid_S0004,pareto_balanced,2019-07-29,210,47,42,"{""sim_day"": 47.0, ""doy"": 210.0, ""topwt"": 1733.8340759277344, ""grnwt"": 0.0, ""xlai"": 0.9874240159988404, ""totir"": 40.0, ""tofer"": NaN, ""swfac"": 0.0, ""nstres"": 0.5320337414741516}",0.0,0.5320337414741516,1733.8340759277344,0.0,0.9874240159988404,40.0,,0.0,0.0,40.0,0.0,-4.788212585449218,11.211787414550782,Leave_One_experiments/all_year_offline_schedule_search/daily_outputs/YCA/YCA_2019_YCA2019_stress_grid_S0004_daily.csv
YCA,YCA,Yucheng,2019,Leave_One_experiments\wth_generated_qc\YCA\YCA2019.WTH,dry_year;water_stress_year;nitrogen_stress_year,water_stress,YCA2019_stress_grid_S0004,pareto_balanced,2019-07-30,211,48,43,"{""sim_day"": 48.0, ""doy"": 211.0, ""topwt"": 1830.5577087402344, ""grnwt"": 0.0, ""xlai"": 0.977573037147522, ""totir"": 40.0, ""tofer"": NaN, ""swfac"": 0.0, ""nstres"": 0.5269342064857483}",0.0,0.5269342064857483,1830.5577087402344,0.0,0.977573037147522,40.0,,0.0,0.0,40.0,0.0,-4.788212585449218,11.211787414550782,Leave_One_experiments/all_year_offline_schedule_search/daily_outputs/YCA/YCA_2019_YCA2019_stress_grid_S0004_daily.csv
YCA,YCA,Yucheng,2019,Leave_One_experiments\wth_generated_qc\YCA\YCA2019.WTH,dry_year;water_stress_year;nitrogen_stress_year,water_stress,YCA2019_stress_grid_S0004,pareto_balanced,2019-07-31,212,49,44,"{""sim_day"": 49.0, ""doy"": 212.0, ""topwt"": 1922.7239990234373, ""grnwt"": 0.0, ""xlai"": 0.9650859832763672, ""totir"": 40.0, ""tofer"": NaN, ""swfac"": 0.0, ""nstres"": 0.5184319019317627}",0.0,0.5184319019317627,1922.7239990234373,0.0,0.9650859832763672,40.0,,0.0,0.0,40.0,0.0,-4.788212585449218,11.211787414550782,Leave_One_experiments/all_year_offline_schedule_search/daily_outputs/YCA/YCA_2019_YCA2019_stress_grid_S0004_daily.csv
YCA,YCA,Yucheng,2019,Leave_One_experiments\wth_generated_qc\YCA\YCA2019.WTH,dry_year;water_stress_year;nitrogen_stress_year,water_stress,YCA2019_stress_grid_S0004,pareto_balanced,2019-08-01,213,50,45,"{""sim_day"": 50.0, ""doy"": 213.0, ""topwt"": 1960.7606506347656, ""grnwt"": 0.0, ""xlai"": 0.937622368335724, ""totir"": 40.0, ""tofer"": NaN, ""swfac"": 0.0, ""nstres"": 0.5211504101753235}",0.0,0.5211504101753235,1960.7606506347656,0.0,0.937622368335724,40.0,,0.0,0.0,40.0,0.0,-4.788212585449218,11.211787414550782,Leave_One_experiments/all_year_offline_schedule_search/daily_outputs/YCA/YCA_2019_YCA2019_stress_grid_S0004_daily.csv
YCA,YCA,Yucheng,2019,Leave_One_experiments\wth_generated_qc\YCA\YCA2019.WTH,dry_year;water_stress_year;nitrogen_stress_year,water_stress,YCA2019_stress_grid_S0004,pareto_balanced,2019-08-02,214,51,46,"{""sim_day"": 51.0, ""doy"": 214.0, ""topwt"": 2043.7138366699216, ""grnwt"": 0.0, ""xlai"": 0.9214667677879332, ""totir"": 40.0, ""tofer"": NaN, ""swfac"": 0.0, ""nstres"": 0.5283743739128113}",0.0,0.5283743739128113,2043.7138366699216,0.0,0.9214667677879332,40.0,,0.0,0.0,40.0,0.0,-4.788212585449218,11.211787414550782,Leave_One_experiments/all_year_offline_schedule_search/daily_outputs/YCA/YCA_2019_YCA2019_stress_grid_S0004_daily.csv
YCA,YCA,Yucheng,2019,Leave_One_experiments\wth_generated_qc\YCA\YCA2019.WTH,dry_year;water_stress_year;nitrogen_stress_year,water_stress,YCA2019_stress_grid_S0004,pareto_balanced,2019-08-03,215,52,47,"{""sim_day"": 52.0, ""doy"": 215.0, ""topwt"": 2127.1751403808594, ""grnwt"": 0.0, ""xlai"": 0.9063202738761902, ""totir"": 40.0, ""tofer"": NaN, ""swfac"": 0.0, ""nstres"": 0.5214067101478577}",0.0,0.5214067101478577,2127.1751403808594,0.0,0.9063202738761902,40.0,,0.0,0.0,40.0,0.0,-4.788212585449218,11.211787414550782,Leave_One_experiments/all_year_offline_schedule_search/daily_outputs/YCA/YCA_2019_YCA2019_stress_grid_S0004_daily.csv
YCA,YCA,Yucheng,2019,Leave_One_experiments\wth_generated_qc\YCA\YCA2019.WTH,dry_year;water_stress_year;nitrogen_stress_year,water_stress,YCA2019_stress_grid_S0004,pareto_balanced,2019-08-04,216,53,48,"{""sim_day"": 53.0, ""doy"": 216.0, ""topwt"": 2220.2967834472656, ""grnwt"": 0.0, ""xlai"": 0.8940810561180115, ""totir"": 40.0, ""tofer"": NaN, ""swfac"": 0.0, ""nstres"": 0.5221512913703918}",0.0,0.5221512913703918,2220.2967834472656,0.0,0.8940810561180115,40.0,,0.0,0.0,40.0,0.0,-4.788212585449218,11.211787414550782,Leave_One_experiments/all_year_offline_schedule_search/daily_outputs/YCA/YCA_2019_YCA2019_stress_grid_S0004_daily.csv
YCA,YCA,Yucheng,2019,Leave_One_experiments\wth_generated_qc\YCA\YCA2019.WTH,dry_year;water_stress_year;nitrogen_stress_year,water_stress,YCA2019_stress_grid_S0004,pareto_balanced,2019-08-05,217,54,49,"{""sim_day"": 54.0, ""doy"": 217.0, ""topwt"": 2284.08447265625, ""grnwt"": 0.0, ""xlai"": 0.8751504421234131, ""totir"": 40.0, ""tofer"": NaN, ""swfac"": 0.0, ""nstres"": 0.5209408402442932}",0.0,0.5209408402442932,2284.08447265625,0.0,0.8751504421234131,40.0,,0.0,0.0,40.0,0.0,-4.788212585449218,11.211787414550782,Leave_One_experiments/all_year_offline_schedule_search/daily_outputs/YCA/YCA_2019_YCA2019_stress_grid_S0004_daily.csv
YCA,YCA,Yucheng,2019,Leave_One_experiments\wth_generated_qc\YCA\YCA2019.WTH,dry_year;water_stress_year;nitrogen_stress_year,water_stress,YCA2019_stress_grid_S0004,pareto_balanced,2019-08-06,218,55,50,"{""sim_day"": 55.0, ""doy"": 218.0, ""topwt"": 2321.940460205078, ""grnwt"": 0.0, ""xlai"": 0.8507205843925476, ""totir"": 40.0, ""tofer"": NaN, ""swfac"": 0.0, ""nstres"": 0.5170751214027405}",0.0,0.5170751214027405,2321.940460205078,0.0,0.8507205843925476,40.0,,0.0,0.0,40.0,0.0,-4.788212585449218,11.211787414550782,Leave_One_experiments/all_year_offline_schedule_search/daily_outputs/YCA/YCA_2019_YCA2019_stress_grid_S0004_daily.csv
YCA,YCA,Yucheng,2019,Leave_One_experiments\wth_generated_qc\YCA\YCA2019.WTH,dry_year;water_stress_year;nitrogen_stress_year,water_stress,YCA2019_stress_grid_S0004,pareto_balanced,2019-08-07,219,56,51,"{""sim_day"": 56.0, ""doy"": 219.0, ""topwt"": 2405.81787109375, ""grnwt"": 0.0, ""xlai"": 0.8184409737586975, ""totir"": 40.0, ""tofer"": NaN, ""swfac"": 0.0, ""nstres"": 0.510650098323822}",0.0,0.510650098323822,2405.81787109375,0.0,0.8184409737586975,40.0,,0.0,0.0,40.0,0.0,-4.788212585449218,11.211787414550782,Leave_One_experiments/all_year_offline_schedule_search/daily_outputs/YCA/YCA_2019_YCA2019_stress_grid_S0004_daily.csv
YCA,YCA,Yucheng,2019,Leave_One_experiments\wth_generated_qc\YCA\YCA2019.WTH,dry_year;water_stress_year;nitrogen_stress_year,water_stress,YCA2019_stress_grid_S0004,pareto_balanced,2019-08-08,220,57,52,"{""sim_day"": 57.0, ""doy"": 220.0, ""topwt"": 2462.1908569335938, ""grnwt"": 0.0, ""xlai"": 0.7879673838615417, ""totir"": 40.0, ""tofer"": NaN, ""swfac"": 0.0, ""nstres"": 0.4936081767082214}",0.0,0.4936081767082214,2462.1908569335938,0.0,0.7879673838615417,40.0,,0.0,0.0,40.0,0.0,-4.788212585449218,11.211787414550782,Leave_One_experiments/all_year_offline_schedule_search/daily_outputs/YCA/YCA_2019_YCA2019_stress_grid_S0004_daily.csv
YCA,YCA,Yucheng,2019,Leave_One_experiments\wth_generated_qc\YCA\YCA2019.WTH,dry_year;water_stress_year;nitrogen_stress_year,water_stress,YCA2019_stress_grid_S0004,pareto_balanced,2019-08-09,221,58,53,"{""sim_day"": 58.0, ""doy"": 221.0, ""topwt"": 2479.036865234375, ""grnwt"": 0.0, ""xlai"": 0.7587048411369324, ""totir"": 40.0, ""tofer"": NaN, ""swfac"": 0.0, ""nstres"": 0.4912803173065185}",0.0,0.4912803173065185,2479.036865234375,0.0,0.7587048411369324,40.0,,0.0,0.0,40.0,0.0,-4.788212585449218,11.211787414550782,Leave_One_experiments/all_year_offline_schedule_search/daily_outputs/YCA/YCA_2019_YCA2019_stress_grid_S0004_daily.csv
YCA,YCA,Yucheng,2019,Leave_One_experiments\wth_generated_qc\YCA\YCA2019.WTH,dry_year;water_stress_year;nitrogen_stress_year,water_stress,YCA2019_stress_grid_S0004,pareto_balanced,2019-08-10,222,59,54,"{""sim_day"": 59.0, ""doy"": 222.0, ""topwt"": 2470.415954589844, ""grnwt"": 0.0, ""xlai"": 0.7307723164558411, ""totir"": 40.0, ""tofer"": NaN, ""swfac"": 0.0, ""nstres"": 0.4835850596427917}",0.0,0.4835850596427917,2470.415954589844,0.0,0.7307723164558411,40.0,,0.0,0.0,40.0,0.0,-4.788212585449218,11.211787414550782,Leave_One_experiments/all_year_offline_schedule_search/daily_outputs/YCA/YCA_2019_YCA2019_stress_grid_S0004_daily.csv
YCA,YCA,Yucheng,2019,Leave_One_experiments\wth_generated_qc\YCA\YCA2019.WTH,dry_year;water_stress_year;nitrogen_stress_year,water_stress,YCA2019_stress_grid_S0004,pareto_balanced,2019-08-11,223,60,55,"{""sim_day"": 60.0, ""doy"": 223.0, ""topwt"": 2471.4930725097656, ""grnwt"": 0.0, ""xlai"": 0.7043865323066711, ""totir"": 40.0, ""tofer"": NaN, ""swfac"": 0.0, ""nstres"": 0.466560423374176}",0.0,0.466560423374176,2471.4930725097656,0.0,0.7043865323066711,40.0,,0.0,0.0,40.0,0.0,-4.788212585449218,11.211787414550782,Leave_One_experiments/all_year_offline_schedule_search/daily_outputs/YCA/YCA_2019_YCA2019_stress_grid_S0004_daily.csv
YCA,YCA,Yucheng,2019,Leave_One_experiments\wth_generated_qc\YCA\YCA2019.WTH,dry_year;water_stress_year;nitrogen_stress_year,water_stress,YCA2019_stress_grid_S0004,pareto_balanced,2019-08-12,224,61,56,"{""sim_day"": 61.0, ""doy"": 224.0, ""topwt"": 2488.3872985839844, ""grnwt"": 0.0, ""xlai"": 0.6797264218330383, ""totir"": 40.0, ""tofer"": NaN, ""swfac"": 0.0, ""nstres"": 0.4402220845222473}",0.0,0.4402220845222473,2488.3872985839844,0.0,0.6797264218330383,40.0,,0.0,0.0,40.0,0.0,-4.788212585449218,11.211787414550782,Leave_One_experiments/all_year_offline_schedule_search/daily_outputs/YCA/YCA_2019_YCA2019_stress_grid_S0004_daily.csv
YCA,YCA,Yucheng,2019,Leave_One_experiments\wth_generated_qc\YCA\YCA2019.WTH,dry_year;water_stress_year;nitrogen_stress_year,water_stress,YCA2019_stress_grid_S0004,pareto_balanced,2019-08-13,225,62,57,"{""sim_day"": 62.0, ""doy"": 225.0, ""topwt"": 2562.1432495117188, ""grnwt"": 0.0, ""xlai"": 0.6564810872077942, ""totir"": 40.0, ""tofer"": NaN, ""swfac"": 0.0, ""nstres"": 0.4207525849342346}",0.0,0.4207525849342346,2562.1432495117188,0.0,0.6564810872077942,40.0,,0.0,0.0,40.0,0.0,-4.788212585449218,11.211787414550782,Leave_One_experiments/all_year_offline_schedule_search/daily_outputs/YCA/YCA_2019_YCA2019_stress_grid_S0004_daily.csv
YCA,YCA,Yucheng,2019,Leave_One_experiments\wth_generated_qc\YCA\YCA2019.WTH,dry_year;water_stress_year;nitrogen_stress_year,water_stress,YCA2019_stress_grid_S0004,pareto_balanced,2019-08-14,226,63,58,"{""sim_day"": 63.0, ""doy"": 226.0, ""topwt"": 2646.2045288085938, ""grnwt"": 0.0, ""xlai"": 0.6344923973083496, ""totir"": 40.0, ""tofer"": NaN, ""swfac"": 0.0, ""nstres"": 0.4038746953010559}",0.0,0.4038746953010559,2646.2045288085938,0.0,0.6344923973083496,40.0,,0.0,0.0,40.0,0.0,-4.788212585449218,11.211787414550782,Leave_One_experiments/all_year_offline_schedule_search/daily_outputs/YCA/YCA_2019_YCA2019_stress_grid_S0004_daily.csv
YCA,YCA,Yucheng,2019,Leave_One_experiments\wth_generated_qc\YCA\YCA2019.WTH,dry_year;water_stress_year;nitrogen_stress_year,water_stress,YCA2019_stress_grid_S0004,pareto_balanced,2019-08-15,227,64,59,"{""sim_day"": 64.0, ""doy"": 227.0, ""topwt"": 2675.5709838867188, ""grnwt"": 0.0, ""xlai"": 0.6133120059967041, ""totir"": 40.0, ""tofer"": NaN, ""swfac"": 0.0, ""nstres"": 0.4011589884757995}",0.0,0.4011589884757995,2675.5709838867188,0.0,0.6133120059967041,40.0,,0.0,0.0,40.0,0.0,-4.788212585449218,11.211787414550782,Leave_One_experiments/all_year_offline_schedule_search/daily_outputs/YCA/YCA_2019_YCA2019_stress_grid_S0004_daily.csv
YCA,YCA,Yucheng,2019,Leave_One_experiments\wth_generated_qc\YCA\YCA2019.WTH,dry_year;water_stress_year;nitrogen_stress_year,water_stress,YCA2019_stress_grid_S0004,pareto_balanced,2019-08-16,228,65,60,"{""sim_day"": 65.0, ""doy"": 228.0, ""topwt"": 2756.722717285156, ""grnwt"": 0.0, ""xlai"": 0.5929051637649536, ""totir"": 40.0, ""tofer"": NaN, ""swfac"": 0.0, ""nstres"": 0.3985535502433777}",0.0,0.3985535502433777,2756.722717285156,0.0,0.5929051637649536,40.0,,0.0,0.0,40.0,0.0,-4.788212585449218,11.211787414550782,Leave_One_experiments/all_year_offline_schedule_search/daily_outputs/YCA/YCA_2019_YCA2019_stress_grid_S0004_daily.csv
YCA,YCA,Yucheng,2019,Leave_One_experiments\wth_generated_qc\YCA\YCA2019.WTH,dry_year;water_stress_year;nitrogen_stress_year,water_stress,YCA2019_stress_grid_S0004,pareto_balanced,2019-08-17,229,66,61,"{""sim_day"": 66.0, ""doy"": 229.0, ""topwt"": 2843.587646484375, ""grnwt"": 86.86485290527344, ""xlai"": 0.5736476182937622, ""totir"": 40.0, ""tofer"": NaN, ""swfac"": 0.0, ""nstres"": 0.3795194625854492}",0.0,0.3795194625854492,2843.587646484375,86.86485290527344,0.5736476182937622,40.0,,0.0,0.0,40.0,0.0,-4.788212585449218,11.211787414550782,Leave_One_experiments/all_year_offline_schedule_search/daily_outputs/YCA/YCA_2019_YCA2019_stress_grid_S0004_daily.csv
YCA,YCA,Yucheng,2019,Leave_One_experiments\wth_generated_qc\YCA\YCA2019.WTH,dry_year;water_stress_year;nitrogen_stress_year,water_stress,YCA2019_stress_grid_S0004,pareto_balanced,2019-08-18,230,67,62,"{""sim_day"": 67.0, ""doy"": 230.0, ""topwt"": 2891.3980102539062, ""grnwt"": 134.67530250549316, ""xlai"": 0.5543658137321472, ""totir"": 40.0, ""tofer"": NaN, ""swfac"": 0.0, ""nstres"": 0.4067031741142273}",0.0,0.4067031741142273,2891.3980102539062,134.67530250549316,0.5543658137321472,40.0,,0.0,0.0,40.0,0.0,-4.788212585449218,11.211787414550782,Leave_One_experiments/all_year_offline_schedule_search/daily_outputs/YCA/YCA_2019_YCA2019_stress_grid_S0004_daily.csv
YCA,YCA,Yucheng,2019,Leave_One_experiments\wth_generated_qc\YCA\YCA2019.WTH,dry_year;water_stress_year;nitrogen_stress_year,water_stress,YCA2019_stress_grid_S0004,pareto_balanced,2019-08-19,231,68,63,"{""sim_day"": 68.0, ""doy"": 231.0, ""topwt"": 2939.2086791992188, ""grnwt"": 182.4857521057129, ""xlai"": 0.5360156893730164, ""totir"": 40.0, ""tofer"": NaN, ""swfac"": 0.0, ""nstres"": 0.3944286108016968}",0.0,0.3944286108016968,2939.2086791992188,182.4857521057129,0.5360156893730164,40.0,,0.0,0.0,40.0,0.0,-4.788212585449218,11.211787414550782,Leave_One_experiments/all_year_offline_schedule_search/daily_outputs/YCA/YCA_2019_YCA2019_stress_grid_S0004_daily.csv
YCA,YCA,Yucheng,2019,Leave_One_experiments\wth_generated_qc\YCA\YCA2019.WTH,dry_year;water_stress_year;nitrogen_stress_year,water_stress,YCA2019_stress_grid_S0004,pareto_balanced,2019-08-20,232,69,64,"{""sim_day"": 69.0, ""doy"": 232.0, ""topwt"": 2987.01904296875, ""grnwt"": 230.29621124267575, ""xlai"": 0.5185512900352478, ""totir"": 40.0, ""tofer"": NaN, ""swfac"": 0.0, ""nstres"": 0.3819617033004761}",0.0,0.3819617033004761,2987.01904296875,230.29621124267575,0.5185512900352478,40.0,,0.0,0.0,40.0,0.0,-4.788212585449218,11.211787414550782,Leave_One_experiments/all_year_offline_schedule_search/daily_outputs/YCA/YCA_2019_YCA2019_stress_grid_S0004_daily.csv
YCA,YCA,Yucheng,2019,Leave_One_experiments\wth_generated_qc\YCA\YCA2019.WTH,dry_year;water_stress_year;nitrogen_stress_year,water_stress,YCA2019_stress_grid_S0004,pareto_balanced,2019-08-21,233,70,65,"{""sim_day"": 70.0, ""doy"": 233.0, ""topwt"": 3034.829406738281, ""grnwt"": 278.1066703796387, ""xlai"": 0.501843273639679, ""totir"": 40.0, ""tofer"": NaN, ""swfac"": 0.0, ""nstres"": 0.3732975125312805}",0.0,0.3732975125312805,3034.829406738281,278.1066703796387,0.501843273639679,40.0,,0.0,0.0,40.0,0.0,-4.788212585449218,11.211787414550782,Leave_One_experiments/all_year_offline_schedule_search/daily_outputs/YCA/YCA_2019_YCA2019_stress_grid_S0004_daily.csv
YCA,YCA,Yucheng,2019,Leave_One_experiments\wth_generated_qc\YCA\YCA2019.WTH,dry_year;water_stress_year;nitrogen_stress_year,water_stress,YCA2019_stress_grid_S0004,pareto_balanced,2019-08-22,234,71,66,"{""sim_day"": 71.0, ""doy"": 234.0, ""topwt"": 3082.6397705078125, ""grnwt"": 325.9171295166016, ""xlai"": 0.4859204590320587, ""totir"": 40.0, ""tofer"": NaN, ""swfac"": 0.0, ""nstres"": 0.3614905476570129}",0.0,0.3614905476570129,3082.6397705078125,325.9171295166016,0.4859204590320587,40.0,,0.0,0.0,40.0,0.0,-4.788212585449218,11.211787414550782,Leave_One_experiments/all_year_offline_schedule_search/daily_outputs/YCA/YCA_2019_YCA2019_stress_grid_S0004_daily.csv
YCA,YCA,Yucheng,2019,Leave_One_experiments\wth_generated_qc\YCA\YCA2019.WTH,dry_year;water_stress_year;nitrogen_stress_year,water_stress,YCA2019_stress_grid_S0004,pareto_balanced,2019-08-23,235,72,67,"{""sim_day"": 72.0, ""doy"": 235.0, ""topwt"": 3110.830383300781, ""grnwt"": 373.7276077270508, ""xlai"": 0.4706750512123108, ""totir"": 40.0, ""tofer"": NaN, ""swfac"": 0.0, ""nstres"": 0.3529813885688782}",0.0,0.3529813885688782,3110.830383300781,373.7276077270508,0.4706750512123108,40.0,,0.0,0.0,40.0,0.0,-4.788212585449218,11.211787414550782,Leave_One_experiments/all_year_offline_schedule_search/daily_outputs/YCA/YCA_2019_YCA2019_stress_grid_S0004_daily.csv
YCA,YCA,Yucheng,2019,Leave_One_experiments\wth_generated_qc\YCA\YCA2019.WTH,dry_year;water_stress_year;nitrogen_stress_year,water_stress,YCA2019_stress_grid_S0004,pareto_balanced,2019-08-24,236,73,68,"{""sim_day"": 73.0, ""doy"": 236.0, ""topwt"": 3123.719787597656, ""grnwt"": 421.53804779052734, ""xlai"": 0.45604208111763, ""totir"": 40.0, ""tofer"": NaN, ""swfac"": 0.0, ""nstres"": 0.3461403846740722}",0.0,0.3461403846740722,3123.719787597656,421.53804779052734,0.45604208111763,40.0,,0.0,0.0,40.0,0.0,-4.788212585449218,11.211787414550782,Leave_One_experiments/all_year_offline_schedule_search/daily_outputs/YCA/YCA_2019_YCA2019_stress_grid_S0004_daily.csv
YCA,YCA,Yucheng,2019,Leave_One_experiments\wth_generated_qc\YCA\YCA2019.WTH,dry_year;water_stress_year;nitrogen_stress_year,water_stress,YCA2019_stress_grid_S0004,pareto_balanced,2019-08-25,237,74,69,"{""sim_day"": 74.0, ""doy"": 237.0, ""topwt"": 3158.3560180664062, ""grnwt"": 469.34852600097656, ""xlai"": 0.4421548843383789, ""totir"": 40.0, ""tofer"": NaN, ""swfac"": 0.0, ""nstres"": 0.330836534500122}",0.0,0.330836534500122,3158.3560180664062,469.34852600097656,0.4421548843383789,40.0,,0.0,0.0,40.0,0.0,-4.788212585449218,11.211787414550782,Leave_One_experiments/all_year_offline_schedule_search/daily_outputs/YCA/YCA_2019_YCA2019_stress_grid_S0004_daily.csv
YCA,YCA,Yucheng,2019,Leave_One_experiments\wth_generated_qc\YCA\YCA2019.WTH,dry_year;water_stress_year;nitrogen_stress_year,water_stress,YCA2019_stress_grid_S0004,pareto_balanced,2019-08-26,238,75,70,"{""sim_day"": 75.0, ""doy"": 238.0, ""topwt"": 3216.138916015625, ""grnwt"": 517.1590042114258, ""xlai"": 0.4291001856327057, ""totir"": 40.0, ""tofer"": NaN, ""swfac"": 0.0, ""nstres"": 0.3085983991622925}",0.0,0.3085983991622925,3216.138916015625,517.1590042114258,0.4291001856327057,40.0,,0.0,0.0,40.0,0.0,-4.788212585449218,11.211787414550782,Leave_One_experiments/all_year_offline_schedule_search/daily_outputs/YCA/YCA_2019_YCA2019_stress_grid_S0004_daily.csv
YCA,YCA,Yucheng,2019,Leave_One_experiments\wth_generated_qc\YCA\YCA2019.WTH,dry_year;water_stress_year;nitrogen_stress_year,water_stress,YCA2019_stress_grid_S0004,pareto_balanced,2019-08-27,239,76,71,"{""sim_day"": 76.0, ""doy"": 239.0, ""topwt"": 3286.131591796875, ""grnwt"": 564.9694442749023, ""xlai"": 0.4166644513607025, ""totir"": 40.0, ""tofer"": NaN, ""swfac"": 0.0, ""nstres"": 0.2955461144447326}",0.0,0.2955461144447326,3286.131591796875,564.9694442749023,0.4166644513607025,40.0,,0.0,0.0,40.0,0.0,-4.788212585449218,11.211787414550782,Leave_One_experiments/all_year_offline_schedule_search/daily_outputs/YCA/YCA_2019_YCA2019_stress_grid_S0004_daily.csv
YCA,YCA,Yucheng,2019,Leave_One_experiments\wth_generated_qc\YCA\YCA2019.WTH,dry_year;water_stress_year;nitrogen_stress_year,water_stress,YCA2019_stress_grid_S0004,pareto_balanced,2019-08-28,240,77,72,"{""sim_day"": 77.0, ""doy"": 240.0, ""topwt"": 3357.4688720703125, ""grnwt"": 612.7798843383789, ""xlai"": 0.4045485854148865, ""totir"": 40.0, ""tofer"": NaN, ""swfac"": 0.0, ""nstres"": 0.2978772521018982}",0.0,0.2978772521018982,3357.4688720703125,612.7798843383789,0.4045485854148865,40.0,,0.0,0.0,40.0,0.0,-4.788212585449218,11.211787414550782,Leave_One_experiments/all_year_offline_schedule_search/daily_outputs/YCA/YCA_2019_YCA2019_stress_grid_S0004_daily.csv
YCA,YCA,Yucheng,2019,Leave_One_experiments\wth_generated_qc\YCA\YCA2019.WTH,dry_year;water_stress_year;nitrogen_stress_year,water_stress,YCA2019_stress_grid_S0004,pareto_balanced,2019-08-29,241,78,73,"{""sim_day"": 78.0, ""doy"": 241.0, ""topwt"": 3417.3129272460938, ""grnwt"": 660.5903625488281, ""xlai"": 0.3926602005958557, ""totir"": 40.0, ""tofer"": NaN, ""swfac"": 0.0, ""nstres"": 0.3052862882614136}",0.0,0.3052862882614136,3417.3129272460938,660.5903625488281,0.3926602005958557,40.0,,0.0,0.0,40.0,0.0,-4.788212585449218,11.211787414550782,Leave_One_experiments/all_year_offline_schedule_search/daily_outputs/YCA/YCA_2019_YCA2019_stress_grid_S0004_daily.csv
YCA,YCA,Yucheng,2019,Leave_One_experiments\wth_generated_qc\YCA\YCA2019.WTH,dry_year;water_stress_year;nitrogen_stress_year,water_stress,YCA2019_stress_grid_S0004,pareto_balanced,2019-08-30,242,79,74,"{""sim_day"": 79.0, ""doy"": 242.0, ""topwt"": 3465.123291015625, ""grnwt"": 708.4007263183594, ""xlai"": 0.3809962570667267, ""totir"": 40.0, ""tofer"": NaN, ""swfac"": 0.0, ""nstres"": 0.3129148483276367}",0.0,0.3129148483276367,3465.123291015625,708.4007263183594,0.3809962570667267,40.0,,0.0,0.0,40.0,0.0,-4.788212585449218,11.211787414550782,Leave_One_experiments/all_year_offline_schedule_search/daily_outputs/YCA/YCA_2019_YCA2019_stress_grid_S0004_daily.csv
YCA,YCA,Yucheng,2019,Leave_One_experiments\wth_generated_qc\YCA\YCA2019.WTH,dry_year;water_stress_year;nitrogen_stress_year,water_stress,YCA2019_stress_grid_S0004,pareto_balanced,2019-08-31,243,80,75,"{""sim_day"": 80.0, ""doy"": 243.0, ""topwt"": 3512.933959960937, ""grnwt"": 756.2111663818359, ""xlai"": 0.3696755468845367, ""totir"": 40.0, ""tofer"": NaN, ""swfac"": 0.0, ""nstres"": 0.3131178021430969}",0.0,0.3131178021430969,3512.933959960937,756.2111663818359,0.3696755468845367,40.0,,0.0,0.0,40.0,0.0,-4.788212585449218,11.211787414550782,Leave_One_experiments/all_year_offline_schedule_search/daily_outputs/YCA/YCA_2019_YCA2019_stress_grid_S0004_daily.csv
YCA,YCA,Yucheng,2019,Leave_One_experiments\wth_generated_qc\YCA\YCA2019.WTH,dry_year;water_stress_year;nitrogen_stress_year,water_stress,YCA2019_stress_grid_S0004,pareto_balanced,2019-09-01,244,81,76,"{""sim_day"": 81.0, ""doy"": 244.0, ""topwt"": 3560.74462890625, ""grnwt"": 804.0216064453125, ""xlai"": 0.3587853908538818, ""totir"": 40.0, ""tofer"": NaN, ""swfac"": 0.0, ""nstres"": 0.3070051670074463}",0.0,0.3070051670074463,3560.74462890625,804.0216064453125,0.3587853908538818,40.0,,0.0,0.0,40.0,0.0,-4.788212585449218,11.211787414550782,Leave_One_experiments/all_year_offline_schedule_search/daily_outputs/YCA/YCA_2019_YCA2019_stress_grid_S0004_daily.csv
YCA,YCA,Yucheng,2019,Leave_One_experiments\wth_generated_qc\YCA\YCA2019.WTH,dry_year;water_stress_year;nitrogen_stress_year,water_stress,YCA2019_stress_grid_S0004,pareto_balanced,2019-09-02,245,82,77,"{""sim_day"": 82.0, ""doy"": 245.0, ""topwt"": 3608.554992675781, ""grnwt"": 851.8320465087891, ""xlai"": 0.3482880890369415, ""totir"": 40.0, ""tofer"": NaN, ""swfac"": 0.0, ""nstres"": 0.3021947741508484}",0.0,0.3021947741508484,3608.554992675781,851.8320465087891,0.3482880890369415,40.0,,0.0,0.0,40.0,0.0,-4.788212585449218,11.211787414550782,Leave_One_experiments/all_year_offline_schedule_search/daily_outputs/YCA/YCA_2019_YCA2019_stress_grid_S0004_daily.csv
YCA,YCA,Yucheng,2019,Leave_One_experiments\wth_generated_qc\YCA\YCA2019.WTH,dry_year;water_stress_year;nitrogen_stress_year,water_stress,YCA2019_stress_grid_S0004,pareto_balanced,2019-09-03,246,83,78,"{""sim_day"": 83.0, ""doy"": 246.0, ""topwt"": 3656.365356445313, ""grnwt"": 899.6424865722656, ""xlai"": 0.3381663560867309, ""totir"": 40.0, ""tofer"": NaN, ""swfac"": 0.0, ""nstres"": 0.2974724173545837}",0.0,0.2974724173545837,3656.365356445313,899.6424865722656,0.3381663560867309,40.0,,0.0,0.0,40.0,0.0,-4.788212585449218,11.211787414550782,Leave_One_experiments/all_year_offline_schedule_search/daily_outputs/YCA/YCA_2019_YCA2019_stress_grid_S0004_daily.csv
YCA,YCA,Yucheng,2019,Leave_One_experiments\wth_generated_qc\YCA\YCA2019.WTH,dry_year;water_stress_year;nitrogen_stress_year,water_stress,YCA2019_stress_grid_S0004,pareto_balanced,2019-09-04,247,84,79,"{""sim_day"": 84.0, ""doy"": 247.0, ""topwt"": 3704.176025390625, ""grnwt"": 947.4529266357422, ""xlai"": 0.3283899426460266, ""totir"": 40.0, ""tofer"": NaN, ""swfac"": 0.0, ""nstres"": 0.2938393950462341}",0.0,0.2938393950462341,3704.176025390625,947.4529266357422,0.3283899426460266,40.0,,0.0,0.0,40.0,0.0,-4.788212585449218,11.211787414550782,Leave_One_experiments/all_year_offline_schedule_search/daily_outputs/YCA/YCA_2019_YCA2019_stress_grid_S0004_daily.csv
YCA,YCA,Yucheng,2019,Leave_One_experiments\wth_generated_qc\YCA\YCA2019.WTH,dry_year;water_stress_year;nitrogen_stress_year,water_stress,YCA2019_stress_grid_S0004,pareto_balanced,2019-09-05,248,85,80,"{""sim_day"": 85.0, ""doy"": 248.0, ""topwt"": 3751.9866943359375, ""grnwt"": 995.2633666992188, ""xlai"": 0.3189469277858734, ""totir"": 40.0, ""tofer"": NaN, ""swfac"": 0.0, ""nstres"": 0.2901344299316406}",0.0,0.2901344299316406,3751.9866943359375,995.2633666992188,0.3189469277858734,40.0,,0.0,0.0,40.0,0.0,-4.788212585449218,11.211787414550782,Leave_One_experiments/all_year_offline_schedule_search/daily_outputs/YCA/YCA_2019_YCA2019_stress_grid_S0004_daily.csv
YCA,YCA,Yucheng,2019,Leave_One_experiments\wth_generated_qc\YCA\YCA2019.WTH,dry_year;water_stress_year;nitrogen_stress_year,water_stress,YCA2019_stress_grid_S0004,pareto_balanced,2019-09-06,249,86,81,"{""sim_day"": 86.0, ""doy"": 249.0, ""topwt"": 3799.7970581054688, ""grnwt"": 1043.0738067626953, ""xlai"": 0.3098253607749939, ""totir"": 40.0, ""tofer"": NaN, ""swfac"": 0.0, ""nstres"": 0.2863736152648926}",0.0,0.2863736152648926,3799.7970581054688,1043.0738067626953,0.3098253607749939,40.0,,0.0,0.0,40.0,0.0,-4.788212585449218,11.211787414550782,Leave_One_experiments/all_year_offline_schedule_search/daily_outputs/YCA/YCA_2019_YCA2019_stress_grid_S0004_daily.csv
YCA,YCA,Yucheng,2019,Leave_One_experiments\wth_generated_qc\YCA\YCA2019.WTH,dry_year;water_stress_year;nitrogen_stress_year,water_stress,YCA2019_stress_grid_S0004,pareto_balanced,2019-09-07,250,87,82,"{""sim_day"": 87.0, ""doy"": 250.0, ""topwt"": 3847.607421875, ""grnwt"": 1090.884246826172, ""xlai"": 0.3010173439979553, ""totir"": 40.0, ""tofer"": NaN, ""swfac"": 0.0, ""nstres"": 0.2822936177253723}",0.0,0.2822936177253723,3847.607421875,1090.884246826172,0.3010173439979553,40.0,,0.0,0.0,40.0,0.0,-4.788212585449218,11.211787414550782,Leave_One_experiments/all_year_offline_schedule_search/daily_outputs/YCA/YCA_2019_YCA2019_stress_grid_S0004_daily.csv
YCA,YCA,Yucheng,2019,Leave_One_experiments\wth_generated_qc\YCA\YCA2019.WTH,dry_year;water_stress_year;nitrogen_stress_year,water_stress,YCA2019_stress_grid_S0004,pareto_balanced,2019-09-08,251,88,83,"{""sim_day"": 88.0, ""doy"": 251.0, ""topwt"": 3895.4177856445312, ""grnwt"": 1138.6947631835938, ""xlai"": 0.2925077676773071, ""totir"": 40.0, ""tofer"": NaN, ""swfac"": 0.0, ""nstres"": 0.2784692049026489}",0.0,0.2784692049026489,3895.4177856445312,1138.6947631835938,0.2925077676773071,40.0,,0.0,0.0,40.0,0.0,-4.788212585449218,11.211787414550782,Leave_One_experiments/all_year_offline_schedule_search/daily_outputs/YCA/YCA_2019_YCA2019_stress_grid_S0004_daily.csv
YCA,YCA,Yucheng,2019,Leave_One_experiments\wth_generated_qc\YCA\YCA2019.WTH,dry_year;water_stress_year;nitrogen_stress_year,water_stress,YCA2019_stress_grid_S0004,pareto_balanced,2019-09-09,252,89,84,"{""sim_day"": 89.0, ""doy"": 252.0, ""topwt"": 3925.398559570313, ""grnwt"": 1186.5052032470703, ""xlai"": 0.2842816114425659, ""totir"": 40.0, ""tofer"": NaN, ""swfac"": 0.0, ""nstres"": 0.2749441266059875}",0.0,0.2749441266059875,3925.398559570313,1186.5052032470703,0.2842816114425659,40.0,,0.0,0.0,40.0,0.0,-4.788212585449218,11.211787414550782,Leave_One_experiments/all_year_offline_schedule_search/daily_outputs/YCA/YCA_2019_YCA2019_stress_grid_S0004_daily.csv
YCA,YCA,Yucheng,2019,Leave_One_experiments\wth_generated_qc\YCA\YCA2019.WTH,dry_year;water_stress_year;nitrogen_stress_year,water_stress,YCA2019_stress_grid_S0004,pareto_balanced,2019-09-10,253,90,85,"{""sim_day"": 90.0, ""doy"": 253.0, ""topwt"": 3944.302978515625, ""grnwt"": 1234.3157196044922, ""xlai"": 0.27627894282341, ""totir"": 40.0, ""tofer"": NaN, ""swfac"": 0.0, ""nstres"": 0.2756072282791137}",0.0,0.2756072282791137,3944.302978515625,1234.3157196044922,0.27627894282341,40.0,,0.0,0.0,40.0,0.0,-4.788212585449218,11.211787414550782,Leave_One_experiments/all_year_offline_schedule_search/daily_outputs/YCA/YCA_2019_YCA2019_stress_grid_S0004_daily.csv
YCA,YCA,Yucheng,2019,Leave_One_experiments\wth_generated_qc\YCA\YCA2019.WTH,dry_year;water_stress_year;nitrogen_stress_year,water_stress,YCA2019_stress_grid_S0004,pareto_balanced,2019-09-11,254,91,86,"{""sim_day"": 91.0, ""doy"": 254.0, ""topwt"": 3953.5882568359375, ""grnwt"": 1282.1261596679688, ""xlai"": 0.268568754196167, ""totir"": 40.0, ""tofer"": NaN, ""swfac"": 0.0, ""nstres"": 0.2697702646255493}",0.0,0.2697702646255493,3953.5882568359375,1282.1261596679688,0.268568754196167,40.0,,0.0,0.0,40.0,0.0,-4.788212585449218,11.211787414550782,Leave_One_experiments/all_year_offline_schedule_search/daily_outputs/YCA/YCA_2019_YCA2019_stress_grid_S0004_daily.csv
YCA,YCA,Yucheng,2019,Leave_One_experiments\wth_generated_qc\YCA\YCA2019.WTH,dry_year;water_stress_year;nitrogen_stress_year,water_stress,YCA2019_stress_grid_S0004,pareto_balanced,2019-09-12,255,92,87,"{""sim_day"": 92.0, ""doy"": 255.0, ""topwt"": 3969.248352050781, ""grnwt"": 1329.9366760253906, ""xlai"": 0.2613371014595032, ""totir"": 40.0, ""tofer"": NaN, ""swfac"": 0.0, ""nstres"": 0.2462323904037475}",0.0,0.2462323904037475,3969.248352050781,1329.9366760253906,0.2613371014595032,40.0,,0.0,0.0,40.0,0.0,-4.788212585449218,11.211787414550782,Leave_One_experiments/all_year_offline_schedule_search/daily_outputs/YCA/YCA_2019_YCA2019_stress_grid_S0004_daily.csv
YCA,YCA,Yucheng,2019,Leave_One_experiments\wth_generated_qc\YCA\YCA2019.WTH,dry_year;water_stress_year;nitrogen_stress_year,water_stress,YCA2019_stress_grid_S0004,pareto_balanced,2019-09-13,256,93,88,"{""sim_day"": 93.0, ""doy"": 256.0, ""topwt"": 4005.255737304688, ""grnwt"": 1377.7471923828125, ""xlai"": 0.2545108795166015, ""totir"": 40.0, ""tofer"": NaN, ""swfac"": 0.0, ""nstres"": 0.2268925905227661}",0.0,0.2268925905227661,4005.255737304688,1377.7471923828125,0.2545108795166015,40.0,,0.0,0.0,40.0,0.0,-4.788212585449218,11.211787414550782,Leave_One_experiments/all_year_offline_schedule_search/daily_outputs/YCA/YCA_2019_YCA2019_stress_grid_S0004_daily.csv
YCA,YCA,Yucheng,2019,Leave_One_experiments\wth_generated_qc\YCA\YCA2019.WTH,dry_year;water_stress_year;nitrogen_stress_year,water_stress,YCA2019_stress_grid_S0004,pareto_balanced,2019-09-14,257,94,89,"{""sim_day"": 94.0, ""doy"": 257.0, ""topwt"": 4041.523742675781, ""grnwt"": 1425.5577087402344, ""xlai"": 0.2479967772960662, ""totir"": 40.0, ""tofer"": NaN, ""swfac"": 0.0, ""nstres"": 0.2142691016197204}",0.0,0.2142691016197204,4041.523742675781,1425.5577087402344,0.2479967772960662,40.0,,0.0,0.0,40.0,0.0,-4.788212585449218,11.211787414550782,Leave_One_experiments/all_year_offline_schedule_search/daily_outputs/YCA/YCA_2019_YCA2019_stress_grid_S0004_daily.csv
YCA,YCA,Yucheng,2019,Leave_One_experiments\wth_generated_qc\YCA\YCA2019.WTH,dry_year;water_stress_year;nitrogen_stress_year,water_stress,YCA2019_stress_grid_S0004,pareto_balanced,2019-09-15,258,95,90,"{""sim_day"": 95.0, ""doy"": 258.0, ""topwt"": 4090.027465820313, ""grnwt"": 1473.3682250976562, ""xlai"": 0.2415946274995803, ""totir"": 40.0, ""tofer"": NaN, ""swfac"": 0.0, ""nstres"": 0.2195684313774109}",0.0,0.2195684313774109,4090.027465820313,1473.3682250976562,0.2415946274995803,40.0,,0.0,0.0,40.0,0.0,-4.788212585449218,11.211787414550782,Leave_One_experiments/all_year_offline_schedule_search/daily_outputs/YCA/YCA_2019_YCA2019_stress_grid_S0004_daily.csv
YCA,YCA,Yucheng,2019,Leave_One_experiments\wth_generated_qc\YCA\YCA2019.WTH,dry_year;water_stress_year;nitrogen_stress_year,water_stress,YCA2019_stress_grid_S0004,pareto_balanced,2019-09-16,259,96,91,"{""sim_day"": 96.0, ""doy"": 259.0, ""topwt"": 4110.041198730469, ""grnwt"": 1521.178741455078, ""xlai"": 0.2353078871965408, ""totir"": 40.0, ""tofer"": NaN, ""swfac"": 0.0, ""nstres"": 0.2245290875434875}",0.0,0.2245290875434875,4110.041198730469,1521.178741455078,0.2353078871965408,40.0,,0.0,0.0,40.0,0.0,-4.788212585449218,11.211787414550782,Leave_One_experiments/all_year_offline_schedule_search/daily_outputs/YCA/YCA_2019_YCA2019_stress_grid_S0004_daily.csv
YCA,YCA,Yucheng,2019,Leave_One_experiments\wth_generated_qc\YCA\YCA2019.WTH,dry_year;water_stress_year;nitrogen_stress_year,water_stress,YCA2019_stress_grid_S0004,pareto_balanced,2019-09-17,260,97,92,"{""sim_day"": 97.0, ""doy"": 260.0, ""topwt"": 4110.041198730469, ""grnwt"": 1521.178741455078, ""xlai"": 0.2353078871965408, ""totir"": 40.0, ""tofer"": NaN, ""swfac"": 0.0, ""nstres"": 0.2389643192291259}",0.0,0.2389643192291259,4110.041198730469,1521.178741455078,0.2353078871965408,40.0,,0.0,0.0,40.0,0.0,-4.788212585449218,11.211787414550782,Leave_One_experiments/all_year_offline_schedule_search/daily_outputs/YCA/YCA_2019_YCA2019_stress_grid_S0004_daily.csv
YCA,YCA,Yucheng,2019,Leave_One_experiments\wth_generated_qc\YCA\YCA2019.WTH,dry_year;water_stress_year;nitrogen_stress_year,water_stress,YCA2019_stress_grid_S0004,pareto_balanced,2019-09-18,261,98,93,"{""sim_day"": 98.0, ""doy"": 261.0, ""topwt"": 4110.041198730469, ""grnwt"": 1521.178741455078, ""xlai"": 0.2353078871965408, ""totir"": 40.0, ""tofer"": NaN, ""swfac"": 0.0, ""nstres"": 0.2389643192291259}",0.0,0.2389643192291259,4110.041198730469,1521.178741455078,0.2353078871965408,40.0,,0.0,0.0,40.0,0.0,-4.788212585449218,11.211787414550782,Leave_One_experiments/all_year_offline_schedule_search/daily_outputs/YCA/YCA_2019_YCA2019_stress_grid_S0004_daily.csv
YCA,YCA,Yucheng,2019,Leave_One_experiments\wth_generated_qc\YCA\YCA2019.WTH,dry_year;water_stress_year;nitrogen_stress_year,water_stress,YCA2019_stress_grid_S0004,pareto_balanced,2019-09-19,262,99,94,"{""sim_day"": 99.0, ""doy"": 262.0, ""topwt"": 4110.041198730469, ""grnwt"": 1521.178741455078, ""xlai"": 0.2353078871965408, ""totir"": 40.0, ""tofer"": NaN, ""swfac"": 0.0, ""nstres"": 0.2389643192291259}",0.0,0.2389643192291259,4110.041198730469,1521.178741455078,0.2353078871965408,40.0,,0.0,0.0,40.0,0.0,-4.788212585449218,11.211787414550782,Leave_One_experiments/all_year_offline_schedule_search/daily_outputs/YCA/YCA_2019_YCA2019_stress_grid_S0004_daily.csv
YCA,YCA,Yucheng,2019,Leave_One_experiments\wth_generated_qc\YCA\YCA2019.WTH,dry_year;water_stress_year;nitrogen_stress_year,water_stress,YCA2019_stress_grid_S0004,pareto_balanced,2019-09-20,263,100,95,"{""sim_day"": 100.0, ""doy"": 263.0, ""topwt"": 4110.041198730469, ""grnwt"": 1521.178741455078, ""xlai"": 0.2353078871965408, ""totir"": 40.0, ""tofer"": NaN, ""swfac"": 0.0, ""nstres"": 0.2389643192291259}",0.0,0.2389643192291259,4110.041198730469,1521.178741455078,0.2353078871965408,40.0,,0.0,0.0,40.0,0.0,-4.788212585449218,11.211787414550782,Leave_One_experiments/all_year_offline_schedule_search/daily_outputs/YCA/YCA_2019_YCA2019_stress_grid_S0004_daily.csv
YCA,YCA,Yucheng,2019,Leave_One_experiments\wth_generated_qc\YCA\YCA2019.WTH,dry_year;water_stress_year;nitrogen_stress_year,water_stress,YCA2019_stress_grid_S0004,pareto_balanced,2019-09-21,264,101,96,"{""sim_day"": 101.0, ""doy"": 264.0, ""topwt"": 4110.041198730469, ""grnwt"": 1521.178741455078, ""xlai"": 0.2353078871965408, ""totir"": 40.0, ""tofer"": NaN, ""swfac"": 0.0, ""nstres"": 0.2389643192291259}",0.0,0.2389643192291259,4110.041198730469,1521.178741455078,0.2353078871965408,40.0,,0.0,0.0,40.0,0.0,-4.788212585449218,11.211787414550782,Leave_One_experiments/all_year_offline_schedule_search/daily_outputs/YCA/YCA_2019_YCA2019_stress_grid_S0004_daily.csv
YCA,YCA,Yucheng,2019,Leave_One_experiments\wth_generated_qc\YCA\YCA2019.WTH,dry_year;water_stress_year;nitrogen_stress_year,water_stress,YCA2019_stress_grid_S0005,pareto_balanced,2019-06-18,169,1,1,"{""sim_day"": 1.0, ""doy"": 169.0, ""topwt"": 0.0, ""grnwt"": 0.0, ""xlai"": 0.0, ""totir"": 0.0, ""tofer"": NaN, ""swfac"": 0.0, ""nstres"": 0.0}",0.0,0.0,0.0,0.0,0.0,0.0,,0.0,0.0,40.0,0.0,-4.788212585449218,11.211787414550782,Leave_One_experiments/all_year_offline_schedule_search/daily_outputs/YCA/YCA_2019_YCA2019_stress_grid_S0005_daily.csv
YCA,YCA,Yucheng,2019,Leave_One_experiments\wth_generated_qc\YCA\YCA2019.WTH,dry_year;water_stress_year;nitrogen_stress_year,water_stress,YCA2019_stress_grid_S0005,pareto_balanced,2019-06-19,170,2,2,"{""sim_day"": 2.0, ""doy"": 170.0, ""topwt"": 0.0, ""grnwt"": 0.0, ""xlai"": 0.0, ""totir"": 0.0, ""tofer"": NaN, ""swfac"": 0.0, ""nstres"": 0.0}",0.0,0.0,0.0,0.0,0.0,0.0,,0.0,0.0,40.0,0.0,-4.788212585449218,11.211787414550782,Leave_One_experiments/all_year_offline_schedule_search/daily_outputs/YCA/YCA_2019_YCA2019_stress_grid_S0005_daily.csv
YCA,YCA,Yucheng,2019,Leave_One_experiments\wth_generated_qc\YCA\YCA2019.WTH,dry_year;water_stress_year;nitrogen_stress_year,water_stress,YCA2019_stress_grid_S0005,pareto_balanced,2019-06-20,171,3,3,"{""sim_day"": 3.0, ""doy"": 171.0, ""topwt"": 0.0, ""grnwt"": 0.0, ""xlai"": 0.0, ""totir"": 0.0, ""tofer"": NaN, ""swfac"": 0.0, ""nstres"": 0.0}",0.0,0.0,0.0,0.0,0.0,0.0,,0.0,0.0,40.0,0.0,-4.788212585449218,11.211787414550782,Leave_One_experiments/all_year_offline_schedule_search/daily_outputs/YCA/YCA_2019_YCA2019_stress_grid_S0005_daily.csv
YCA,YCA,Yucheng,2019,Leave_One_experiments\wth_generated_qc\YCA\YCA2019.WTH,dry_year;water_stress_year;nitrogen_stress_year,water_stress,YCA2019_stress_grid_S0005,pareto_balanced,2019-06-21,172,4,4,"{""sim_day"": 4.0, ""doy"": 172.0, ""topwt"": 0.0, ""grnwt"": 0.0, ""xlai"": 0.0, ""totir"": 0.0, ""tofer"": NaN, ""swfac"": 0.0, ""nstres"": 0.0}",0.0,0.0,0.0,0.0,0.0,0.0,,0.0,0.0,40.0,0.0,-4.788212585449218,11.211787414550782,Leave_One_experiments/all_year_offline_schedule_search/daily_outputs/YCA/YCA_2019_YCA2019_stress_grid_S0005_daily.csv
YCA,YCA,Yucheng,2019,Leave_One_experiments\wth_generated_qc\YCA\YCA2019.WTH,dry_year;water_stress_year;nitrogen_stress_year,water_stress,YCA2019_stress_grid_S0005,pareto_balanced,2019-06-22,173,5,5,"{""sim_day"": 5.0, ""doy"": 173.0, ""topwt"": 0.0, ""grnwt"": 0.0, ""xlai"": 0.0, ""totir"": 0.0, ""tofer"": NaN, ""swfac"": 0.0, ""nstres"": 0.0}",0.0,0.0,0.0,0.0,0.0,0.0,,0.0,0.0,40.0,0.0,-4.788212585449218,11.211787414550782,Leave_One_experiments/all_year_offline_schedule_search/daily_outputs/YCA/YCA_2019_YCA2019_stress_grid_S0005_daily.csv
YCA,YCA,Yucheng,2019,Leave_One_experiments\wth_generated_qc\YCA\YCA2019.WTH,dry_year;water_stress_year;nitrogen_stress_year,water_stress,YCA2019_stress_grid_S0005,pareto_balanced,2019-06-18,169,6,1,"{""sim_day"": 6.0, ""doy"": 169.0, ""topwt"": 0.0, ""grnwt"": 0.0, ""xlai"": 0.0, ""totir"": 0.0, ""tofer"": NaN, ""swfac"": 0.0, ""nstres"": 0.0}",0.0,0.0,0.0,0.0,0.0,0.0,,0.0,0.0,40.0,0.0,-4.788212585449218,11.211787414550782,Leave_One_experiments/all_year_offline_schedule_search/daily_outputs/YCA/YCA_2019_YCA2019_stress_grid_S0005_daily.csv
YCA,YCA,Yucheng,2019,Leave_One_experiments\wth_generated_qc\YCA\YCA2019.WTH,dry_year;water_stress_year;nitrogen_stress_year,water_stress,YCA2019_stress_grid_S0005,pareto_balanced,2019-06-19,170,7,2,"{""sim_day"": 7.0, ""doy"": 170.0, ""topwt"": 0.0, ""grnwt"": 0.0, ""xlai"": 0.0, ""totir"": 0.0, ""tofer"": NaN, ""swfac"": 0.0, ""nstres"": 0.0}",0.0,0.0,0.0,0.0,0.0,0.0,,0.0,0.0,40.0,0.0,-4.788212585449218,11.211787414550782,Leave_One_experiments/all_year_offline_schedule_search/daily_outputs/YCA/YCA_2019_YCA2019_stress_grid_S0005_daily.csv
YCA,YCA,Yucheng,2019,Leave_One_experiments\wth_generated_qc\YCA\YCA2019.WTH,dry_year;water_stress_year;nitrogen_stress_year,water_stress,YCA2019_stress_grid_S0005,pareto_balanced,2019-06-20,171,8,3,"{""sim_day"": 8.0, ""doy"": 171.0, ""topwt"": 0.0, ""grnwt"": 0.0, ""xlai"": 0.0, ""totir"": 0.0, ""tofer"": NaN, ""swfac"": 0.0, ""nstres"": 0.0}",0.0,0.0,0.0,0.0,0.0,0.0,,0.0,0.0,40.0,0.0,-4.788212585449218,11.211787414550782,Leave_One_experiments/all_year_offline_schedule_search/daily_outputs/YCA/YCA_2019_YCA2019_stress_grid_S0005_daily.csv
YCA,YCA,Yucheng,2019,Leave_One_experiments\wth_generated_qc\YCA\YCA2019.WTH,dry_year;water_stress_year;nitrogen_stress_year,water_stress,YCA2019_stress_grid_S0005,pareto_balanced,2019-06-21,172,9,4,"{""sim_day"": 9.0, ""doy"": 172.0, ""topwt"": 0.0, ""grnwt"": 0.0, ""xlai"": 0.0, ""totir"": 0.0, ""tofer"": NaN, ""swfac"": 0.0, ""nstres"": 0.0}",0.0,0.0,0.0,0.0,0.0,0.0,,0.0,0.0,40.0,0.0,-4.788212585449218,11.211787414550782,Leave_One_experiments/all_year_offline_schedule_search/daily_outputs/YCA/YCA_2019_YCA2019_stress_grid_S0005_daily.csv
YCA,YCA,Yucheng,2019,Leave_One_experiments\wth_generated_qc\YCA\YCA2019.WTH,dry_year;water_stress_year;nitrogen_stress_year,water_stress,YCA2019_stress_grid_S0005,pareto_balanced,2019-06-22,173,10,5,"{""sim_day"": 10.0, ""doy"": 173.0, ""topwt"": 26.400001049041748, ""grnwt"": 0.0, ""xlai"": 0.0053130206651985, ""totir"": 0.0, ""tofer"": NaN, ""swfac"": 0.0, ""nstres"": 0.0121910572052001}",0.0,0.0121910572052001,26.400001049041748,0.0,0.0053130206651985,0.0,,0.0,0.0,40.0,0.0,-4.788212585449218,11.211787414550782,Leave_One_experiments/all_year_offline_schedule_search/daily_outputs/YCA/YCA_2019_YCA2019_stress_grid_S0005_daily.csv
YCA,YCA,Yucheng,2019,Leave_One_experiments\wth_generated_qc\YCA\YCA2019.WTH,dry_year;water_stress_year;nitrogen_stress_year,water_stress,YCA2019_stress_grid_S0005,pareto_balanced,2019-06-23,174,11,6,"{""sim_day"": 11.0, ""doy"": 174.0, ""topwt"": 26.400001049041748, ""grnwt"": 0.0, ""xlai"": 0.0113331619650125, ""totir"": 0.0, ""tofer"": NaN, ""swfac"": 0.0, ""nstres"": 0.0086501836776733}",0.0,0.0086501836776733,26.400001049041748,0.0,0.0113331619650125,0.0,,0.0,0.0,40.0,0.0,-4.788212585449218,11.211787414550782,Leave_One_experiments/all_year_offline_schedule_search/daily_outputs/YCA/YCA_2019_YCA2019_stress_grid_S0005_daily.csv
YCA,YCA,Yucheng,2019,Leave_One_experiments\wth_generated_qc\YCA\YCA2019.WTH,dry_year;water_stress_year;nitrogen_stress_year,water_stress,YCA2019_stress_grid_S0005,pareto_balanced,2019-06-24,175,12,7,"{""sim_day"": 12.0, ""doy"": 175.0, ""topwt"": 26.400001049041748, ""grnwt"": 0.0, ""xlai"": 0.0182597935199737, ""totir"": 0.0, ""tofer"": NaN, ""swfac"": 0.0, ""nstres"": 0.00066739320755}",0.0,0.00066739320755,26.400001049041748,0.0,0.0182597935199737,0.0,,0.0,0.0,40.0,0.0,-4.788212585449218,11.211787414550782,Leave_One_experiments/all_year_offline_schedule_search/daily_outputs/YCA/YCA_2019_YCA2019_stress_grid_S0005_daily.csv
YCA,YCA,Yucheng,2019,Leave_One_experiments\wth_generated_qc\YCA\YCA2019.WTH,dry_year;water_stress_year;nitrogen_stress_year,water_stress,YCA2019_stress_grid_S0005,pareto_balanced,2019-06-25,176,13,8,"{""sim_day"": 13.0, ""doy"": 176.0, ""topwt"": 26.400001049041748, ""grnwt"": 0.0, ""xlai"": 0.0417247824370861, ""totir"": 0.0, ""tofer"": NaN, ""swfac"": 0.0, ""nstres"": 0.0}",0.0,0.0,26.400001049041748,0.0,0.0417247824370861,0.0,,0.0,0.0,40.0,0.0,-4.788212585449218,11.211787414550782,Leave_One_experiments/all_year_offline_schedule_search/daily_outputs/YCA/YCA_2019_YCA2019_stress_grid_S0005_daily.csv
YCA,YCA,Yucheng,2019,Leave_One_experiments\wth_generated_qc\YCA\YCA2019.WTH,dry_year;water_stress_year;nitrogen_stress_year,water_stress,YCA2019_stress_grid_S0005,pareto_balanced,2019-06-26,177,14,9,"{""sim_day"": 14.0, ""doy"": 177.0, ""topwt"": 37.01164484024048, ""grnwt"": 0.0, ""xlai"": 0.0725562125444412, ""totir"": 0.0, ""tofer"": NaN, ""swfac"": 0.0, ""nstres"": 0.0}",0.0,0.0,37.01164484024048,0.0,0.0725562125444412,0.0,,0.0,0.0,40.0,0.0,-4.788212585449218,11.211787414550782,Leave_One_experiments/all_year_offline_schedule_search/daily_outputs/YCA/YCA_2019_YCA2019_stress_grid_S0005_daily.csv
YCA,YCA,Yucheng,2019,Leave_One_experiments\wth_generated_qc\YCA\YCA2019.WTH,dry_year;water_stress_year;nitrogen_stress_year,water_stress,YCA2019_stress_grid_S0005,pareto_balanced,2019-06-27,178,15,10,"{""sim_day"": 15.0, ""doy"": 178.0, ""topwt"": 48.52426052093506, ""grnwt"": 0.0, ""xlai"": 0.0993330329656601, ""totir"": 0.0, ""tofer"": NaN, ""swfac"": 0.0, ""nstres"": 0.0}",0.0,0.0,48.52426052093506,0.0,0.0993330329656601,0.0,,0.0,0.0,40.0,0.0,-4.788212585449218,11.211787414550782,Leave_One_experiments/all_year_offline_schedule_search/daily_outputs/YCA/YCA_2019_YCA2019_stress_grid_S0005_daily.csv
YCA,YCA,Yucheng,2019,Leave_One_experiments\wth_generated_qc\YCA\YCA2019.WTH,dry_year;water_stress_year;nitrogen_stress_year,water_stress,YCA2019_stress_grid_S0005,pareto_balanced,2019-06-28,179,16,11,"{""sim_day"": 16.0, ""doy"": 179.0, ""topwt"": 67.45081424713135, ""grnwt"": 0.0, ""xlai"": 0.13975390791893, ""totir"": 0.0, ""tofer"": NaN, ""swfac"": 0.0, ""nstres"": 0.0}",0.0,0.0,67.45081424713135,0.0,0.13975390791893,0.0,,0.0,0.0,40.0,0.0,-4.788212585449218,11.211787414550782,Leave_One_experiments/all_year_offline_schedule_search/daily_outputs/YCA/YCA_2019_YCA2019_stress_grid_S0005_daily.csv
YCA,YCA,Yucheng,2019,Leave_One_experiments\wth_generated_qc\YCA\YCA2019.WTH,dry_year;water_stress_year;nitrogen_stress_year,water_stress,YCA2019_stress_grid_S0005,pareto_balanced,2019-06-29,180,17,12,"{""sim_day"": 17.0, ""doy"": 180.0, ""topwt"": 91.33810997009276, ""grnwt"": 0.0, ""xlai"": 0.1867705285549163, ""totir"": 0.0, ""tofer"": NaN, ""swfac"": 0.0, ""nstres"": 0.0}",0.0,0.0,91.33810997009276,0.0,0.1867705285549163,0.0,,0.0,0.0,40.0,0.0,-4.788212585449218,11.211787414550782,Leave_One_experiments/all_year_offline_schedule_search/daily_outputs/YCA/YCA_2019_YCA2019_stress_grid_S0005_daily.csv
YCA,YCA,Yucheng,2019,Leave_One_experiments\wth_generated_qc\YCA\YCA2019.WTH,dry_year;water_stress_year;nitrogen_stress_year,water_stress,YCA2019_stress_grid_S0005,pareto_balanced,2019-06-30,181,18,13,"{""sim_day"": 18.0, ""doy"": 181.0, ""topwt"": 119.92982864379884, ""grnwt"": 0.0, ""xlai"": 0.2392461150884628, ""totir"": 0.0, ""tofer"": NaN, ""swfac"": 0.0, ""nstres"": 0.0112102031707763}",0.0,0.0112102031707763,119.92982864379884,0.0,0.2392461150884628,0.0,,0.0,0.0,40.0,0.0,-4.788212585449218,11.211787414550782,Leave_One_experiments/all_year_offline_schedule_search/daily_outputs/YCA/YCA_2019_YCA2019_stress_grid_S0005_daily.csv
YCA,YCA,Yucheng,2019,Leave_One_experiments\wth_generated_qc\YCA\YCA2019.WTH,dry_year;water_stress_year;nitrogen_stress_year,water_stress,YCA2019_stress_grid_S0005,pareto_balanced,2019-07-01,182,19,14,"{""sim_day"": 19.0, ""doy"": 182.0, ""topwt"": 157.28199005126953, ""grnwt"": 0.0, ""xlai"": 0.3025301396846771, ""totir"": 0.0, ""tofer"": NaN, ""swfac"": 0.0, ""nstres"": 0.0771512389183044}",0.0,0.0771512389183044,157.28199005126953,0.0,0.3025301396846771,0.0,,0.0,0.0,40.0,0.0,-4.788212585449218,11.211787414550782,Leave_One_experiments/all_year_offline_schedule_search/daily_outputs/YCA/YCA_2019_YCA2019_stress_grid_S0005_daily.csv
YCA,YCA,Yucheng,2019,Leave_One_experiments\wth_generated_qc\YCA\YCA2019.WTH,dry_year;water_stress_year;nitrogen_stress_year,water_stress,YCA2019_stress_grid_S0005,pareto_balanced,2019-07-02,183,20,15,"{""sim_day"": 20.0, ""doy"": 183.0, ""topwt"": 202.31325149536133, ""grnwt"": 0.0, ""xlai"": 0.3715695440769195, ""totir"": 0.0, ""tofer"": NaN, ""swfac"": 0.0, ""nstres"": 0.1356574296951294}",0.0,0.1356574296951294,202.31325149536133,0.0,0.3715695440769195,0.0,,0.0,0.0,40.0,0.0,-4.788212585449218,11.211787414550782,Leave_One_experiments/all_year_offline_schedule_search/daily_outputs/YCA/YCA_2019_YCA2019_stress_grid_S0005_daily.csv
YCA,YCA,Yucheng,2019,Leave_One_experiments\wth_generated_qc\YCA\YCA2019.WTH,dry_year;water_stress_year;nitrogen_stress_year,water_stress,YCA2019_stress_grid_S0005,pareto_balanced,2019-07-03,184,21,16,"{""sim_day"": 21.0, ""doy"": 184.0, ""topwt"": 217.24328994750977, ""grnwt"": 0.0, ""xlai"": 0.4138423204421997, ""totir"": 0.0, ""tofer"": NaN, ""swfac"": 0.0, ""nstres"": 0.1915743350982666}",0.0,0.1915743350982666,217.24328994750977,0.0,0.4138423204421997,0.0,,0.0,0.0,40.0,0.0,-4.788212585449218,11.211787414550782,Leave_One_experiments/all_year_offline_schedule_search/daily_outputs/YCA/YCA_2019_YCA2019_stress_grid_S0005_daily.csv
YCA,YCA,Yucheng,2019,Leave_One_experiments\wth_generated_qc\YCA\YCA2019.WTH,dry_year;water_stress_year;nitrogen_stress_year,water_stress,YCA2019_stress_grid_S0005,pareto_balanced,2019-07-04,185,22,17,"{""sim_day"": 22.0, ""doy"": 185.0, ""topwt"": 242.77463912963867, ""grnwt"": 0.0, ""xlai"": 0.4426652789115906, ""totir"": 0.0, ""tofer"": NaN, ""swfac"": 0.0, ""nstres"": 0.3724971413612366}",0.0,0.3724971413612366,242.77463912963867,0.0,0.4426652789115906,0.0,,0.0,0.0,40.0,0.0,-4.788212585449218,11.211787414550782,Leave_One_experiments/all_year_offline_schedule_search/daily_outputs/YCA/YCA_2019_YCA2019_stress_grid_S0005_daily.csv
YCA,YCA,Yucheng,2019,Leave_One_experiments\wth_generated_qc\YCA\YCA2019.WTH,dry_year;water_stress_year;nitrogen_stress_year,water_stress,YCA2019_stress_grid_S0005,pareto_balanced,2019-07-05,186,23,18,"{""sim_day"": 23.0, ""doy"": 186.0, ""topwt"": 265.3608512878418, ""grnwt"": 0.0, ""xlai"": 0.4654966294765472, ""totir"": 0.0, ""tofer"": NaN, ""swfac"": 0.0, ""nstres"": 0.3431332111358642}",0.0,0.3431332111358642,265.3608512878418,0.0,0.4654966294765472,0.0,,0.0,0.0,40.0,0.0,-4.788212585449218,11.211787414550782,Leave_One_experiments/all_year_offline_schedule_search/daily_outputs/YCA/YCA_2019_YCA2019_stress_grid_S0005_daily.csv
YCA,YCA,Yucheng,2019,Leave_One_experiments\wth_generated_qc\YCA\YCA2019.WTH,dry_year;water_stress_year;nitrogen_stress_year,water_stress,YCA2019_stress_grid_S0005,pareto_balanced,2019-07-06,187,24,19,"{""sim_day"": 24.0, ""doy"": 187.0, ""topwt"": 290.89717864990234, ""grnwt"": 0.0, ""xlai"": 0.4931657612323761, ""totir"": 0.0, ""tofer"": NaN, ""swfac"": 0.0, ""nstres"": 0.2681970596313476}",0.0,0.2681970596313476,290.89717864990234,0.0,0.4931657612323761,0.0,,0.0,0.0,40.0,0.0,-4.788212585449218,11.211787414550782,Leave_One_experiments/all_year_offline_schedule_search/daily_outputs/YCA/YCA_2019_YCA2019_stress_grid_S0005_daily.csv
YCA,YCA,Yucheng,2019,Leave_One_experiments\wth_generated_qc\YCA\YCA2019.WTH,dry_year;water_stress_year;nitrogen_stress_year,water_stress,YCA2019_stress_grid_S0005,pareto_balanced,2019-07-07,188,25,20,"{""sim_day"": 25.0, ""doy"": 188.0, ""topwt"": 323.45909118652344, ""grnwt"": 0.0, ""xlai"": 0.5304034948348999, ""totir"": 40.0, ""tofer"": NaN, ""swfac"": 0.0, ""nstres"": 0.2582149505615234}",0.0,0.2582149505615234,323.45909118652344,0.0,0.5304034948348999,40.0,,40.0,0.0,40.0,0.0,-4.788212585449218,11.211787414550782,Leave_One_experiments/all_year_offline_schedule_search/daily_outputs/YCA/YCA_2019_YCA2019_stress_grid_S0005_daily.csv
YCA,YCA,Yucheng,2019,Leave_One_experiments\wth_generated_qc\YCA\YCA2019.WTH,dry_year;water_stress_year;nitrogen_stress_year,water_stress,YCA2019_stress_grid_S0005,pareto_balanced,2019-07-08,189,26,21,"{""sim_day"": 26.0, ""doy"": 189.0, ""topwt"": 359.47200775146484, ""grnwt"": 0.0, ""xlai"": 0.5699563026428223, ""totir"": 40.0, ""tofer"": NaN, ""swfac"": 0.0, ""nstres"": 0.2927375435829162}",0.0,0.2927375435829162,359.47200775146484,0.0,0.5699563026428223,40.0,,0.0,0.0,40.0,0.0,-4.788212585449218,11.211787414550782,Leave_One_experiments/all_year_offline_schedule_search/daily_outputs/YCA/YCA_2019_YCA2019_stress_grid_S0005_daily.csv
YCA,YCA,Yucheng,2019,Leave_One_experiments\wth_generated_qc\YCA\YCA2019.WTH,dry_year;water_stress_year;nitrogen_stress_year,water_stress,YCA2019_stress_grid_S0005,pareto_balanced,2019-07-09,190,27,22,"{""sim_day"": 27.0, ""doy"": 190.0, ""topwt"": 393.70826721191406, ""grnwt"": 0.0, ""xlai"": 0.5976892709732056, ""totir"": 40.0, ""tofer"": NaN, ""swfac"": 0.0, ""nstres"": 0.3163421154022217}",0.0,0.3163421154022217,393.70826721191406,0.0,0.5976892709732056,40.0,,0.0,0.0,40.0,0.0,-4.788212585449218,11.211787414550782,Leave_One_experiments/all_year_offline_schedule_search/daily_outputs/YCA/YCA_2019_YCA2019_stress_grid_S0005_daily.csv
YCA,YCA,Yucheng,2019,Leave_One_experiments\wth_generated_qc\YCA\YCA2019.WTH,dry_year;water_stress_year;nitrogen_stress_year,water_stress,YCA2019_stress_grid_S0005,pareto_balanced,2019-07-10,191,28,23,"{""sim_day"": 28.0, ""doy"": 191.0, ""topwt"": 430.7448959350586, ""grnwt"": 0.0, ""xlai"": 0.632074236869812, ""totir"": 40.0, ""tofer"": NaN, ""swfac"": 0.0, ""nstres"": 0.3402682542800903}",0.0,0.3402682542800903,430.7448959350586,0.0,0.632074236869812,40.0,,0.0,0.0,40.0,0.0,-4.788212585449218,11.211787414550782,Leave_One_experiments/all_year_offline_schedule_search/daily_outputs/YCA/YCA_2019_YCA2019_stress_grid_S0005_daily.csv
YCA,YCA,Yucheng,2019,Leave_One_experiments\wth_generated_qc\YCA\YCA2019.WTH,dry_year;water_stress_year;nitrogen_stress_year,water_stress,YCA2019_stress_grid_S0005,pareto_balanced,2019-07-11,192,29,24,"{""sim_day"": 29.0, ""doy"": 192.0, ""topwt"": 478.5614013671875, ""grnwt"": 0.0, ""xlai"": 0.6781803965568542, ""totir"": 40.0, ""tofer"": NaN, ""swfac"": 0.0, ""nstres"": 0.3431365489959717}",0.0,0.3431365489959717,478.5614013671875,0.0,0.6781803965568542,40.0,,0.0,0.0,40.0,0.0,-4.788212585449218,11.211787414550782,Leave_One_experiments/all_year_offline_schedule_search/daily_outputs/YCA/YCA_2019_YCA2019_stress_grid_S0005_daily.csv
YCA,YCA,Yucheng,2019,Leave_One_experiments\wth_generated_qc\YCA\YCA2019.WTH,dry_year;water_stress_year;nitrogen_stress_year,water_stress,YCA2019_stress_grid_S0005,pareto_balanced,2019-07-12,193,30,25,"{""sim_day"": 30.0, ""doy"": 193.0, ""topwt"": 533.0830383300781, ""grnwt"": 0.0, ""xlai"": 0.7292842864990234, ""totir"": 40.0, ""tofer"": NaN, ""swfac"": 0.0, ""nstres"": 0.3223965167999267}",0.0,0.3223965167999267,533.0830383300781,0.0,0.7292842864990234,40.0,,0.0,0.0,40.0,0.0,-4.788212585449218,11.211787414550782,Leave_One_experiments/all_year_offline_schedule_search/daily_outputs/YCA/YCA_2019_YCA2019_stress_grid_S0005_daily.csv
YCA,YCA,Yucheng,2019,Leave_One_experiments\wth_generated_qc\YCA\YCA2019.WTH,dry_year;water_stress_year;nitrogen_stress_year,water_stress,YCA2019_stress_grid_S0005,pareto_balanced,2019-07-13,194,31,26,"{""sim_day"": 31.0, ""doy"": 194.0, ""topwt"": 591.8511199951172, ""grnwt"": 0.0, ""xlai"": 0.7800137996673584, ""totir"": 40.0, ""tofer"": NaN, ""swfac"": 0.0, ""nstres"": 0.3313814997673034}",0.0,0.3313814997673034,591.8511199951172,0.0,0.7800137996673584,40.0,,0.0,0.0,40.0,0.0,-4.788212585449218,11.211787414550782,Leave_One_experiments/all_year_offline_schedule_search/daily_outputs/YCA/YCA_2019_YCA2019_stress_grid_S0005_daily.csv
YCA,YCA,Yucheng,2019,Leave_One_experiments\wth_generated_qc\YCA\YCA2019.WTH,dry_year;water_stress_year;nitrogen_stress_year,water_stress,YCA2019_stress_grid_S0005,pareto_balanced,2019-07-14,195,32,27,"{""sim_day"": 32.0, ""doy"": 195.0, ""topwt"": 653.1829071044922, ""grnwt"": 0.0, ""xlai"": 0.8263545632362366, ""totir"": 40.0, ""tofer"": NaN, ""swfac"": 0.0, ""nstres"": 0.3701446652412414}",0.0,0.3701446652412414,653.1829071044922,0.0,0.8263545632362366,40.0,,0.0,0.0,40.0,0.0,-4.788212585449218,11.211787414550782,Leave_One_experiments/all_year_offline_schedule_search/daily_outputs/YCA/YCA_2019_YCA2019_stress_grid_S0005_daily.csv
YCA,YCA,Yucheng,2019,Leave_One_experiments\wth_generated_qc\YCA\YCA2019.WTH,dry_year;water_stress_year;nitrogen_stress_year,water_stress,YCA2019_stress_grid_S0005,pareto_balanced,2019-07-15,196,33,28,"{""sim_day"": 33.0, ""doy"": 196.0, ""topwt"": 711.929931640625, ""grnwt"": 0.0, ""xlai"": 0.8624849319458008, ""totir"": 40.0, ""tofer"": NaN, ""swfac"": 0.0, ""nstres"": 0.406145691871643}",0.0,0.406145691871643,711.929931640625,0.0,0.8624849319458008,40.0,,0.0,0.0,40.0,0.0,-4.788212585449218,11.211787414550782,Leave_One_experiments/all_year_offline_schedule_search/daily_outputs/YCA/YCA_2019_YCA2019_stress_grid_S0005_daily.csv
YCA,YCA,Yucheng,2019,Leave_One_experiments\wth_generated_qc\YCA\YCA2019.WTH,dry_year;water_stress_year;nitrogen_stress_year,water_stress,YCA2019_stress_grid_S0005,pareto_balanced,2019-07-16,197,34,29,"{""sim_day"": 34.0, ""doy"": 197.0, ""topwt"": 771.7945861816406, ""grnwt"": 0.0, ""xlai"": 0.8931577205657959, ""totir"": 40.0, ""tofer"": NaN, ""swfac"": 0.0, ""nstres"": 0.432917058467865}",0.0,0.432917058467865,771.7945861816406,0.0,0.8931577205657959,40.0,,0.0,0.0,40.0,0.0,-4.788212585449218,11.211787414550782,Leave_One_experiments/all_year_offline_schedule_search/daily_outputs/YCA/YCA_2019_YCA2019_stress_grid_S0005_daily.csv
YCA,YCA,Yucheng,2019,Leave_One_experiments\wth_generated_qc\YCA\YCA2019.WTH,dry_year;water_stress_year;nitrogen_stress_year,water_stress,YCA2019_stress_grid_S0005,pareto_balanced,2019-07-17,198,35,30,"{""sim_day"": 35.0, ""doy"": 198.0, ""topwt"": 830.1455688476562, ""grnwt"": 0.0, ""xlai"": 0.9164932370185852, ""totir"": 40.0, ""tofer"": NaN, ""swfac"": 0.0, ""nstres"": 0.4509838819503784}",0.0,0.4509838819503784,830.1455688476562,0.0,0.9164932370185852,40.0,,0.0,0.0,40.0,0.0,-4.788212585449218,11.211787414550782,Leave_One_experiments/all_year_offline_schedule_search/daily_outputs/YCA/YCA_2019_YCA2019_stress_grid_S0005_daily.csv
YCA,YCA,Yucheng,2019,Leave_One_experiments\wth_generated_qc\YCA\YCA2019.WTH,dry_year;water_stress_year;nitrogen_stress_year,water_stress,YCA2019_stress_grid_S0005,pareto_balanced,2019-07-18,199,36,31,"{""sim_day"": 36.0, ""doy"": 199.0, ""topwt"": 891.6098022460938, ""grnwt"": 0.0, ""xlai"": 0.9372336864471436, ""totir"": 40.0, ""tofer"": NaN, ""swfac"": 0.0, ""nstres"": 0.4652742743492126}",0.0,0.4652742743492126,891.6098022460938,0.0,0.9372336864471436,40.0,,0.0,0.0,40.0,0.0,-4.788212585449218,11.211787414550782,Leave_One_experiments/all_year_offline_schedule_search/daily_outputs/YCA/YCA_2019_YCA2019_stress_grid_S0005_daily.csv
YCA,YCA,Yucheng,2019,Leave_One_experiments\wth_generated_qc\YCA\YCA2019.WTH,dry_year;water_stress_year;nitrogen_stress_year,water_stress,YCA2019_stress_grid_S0005,pareto_balanced,2019-07-19,200,37,32,"{""sim_day"": 37.0, ""doy"": 200.0, ""topwt"": 957.082290649414, ""grnwt"": 0.0, ""xlai"": 0.955987274646759, ""totir"": 40.0, ""tofer"": NaN, ""swfac"": 0.0, ""nstres"": 0.4770479798316955}",0.0,0.4770479798316955,957.082290649414,0.0,0.955987274646759,40.0,,0.0,0.0,40.0,0.0,-4.788212585449218,11.211787414550782,Leave_One_experiments/all_year_offline_schedule_search/daily_outputs/YCA/YCA_2019_YCA2019_stress_grid_S0005_daily.csv
YCA,YCA,Yucheng,2019,Leave_One_experiments\wth_generated_qc\YCA\YCA2019.WTH,dry_year;water_stress_year;nitrogen_stress_year,water_stress,YCA2019_stress_grid_S0005,pareto_balanced,2019-07-20,201,38,33,"{""sim_day"": 38.0, ""doy"": 201.0, ""topwt"": 1024.444580078125, ""grnwt"": 0.0, ""xlai"": 0.9711822271347046, ""totir"": 40.0, ""tofer"": NaN, ""swfac"": 0.0, ""nstres"": 0.4855271577835083}",0.0,0.4855271577835083,1024.444580078125,0.0,0.9711822271347046,40.0,,0.0,0.0,40.0,0.0,-4.788212585449218,11.211787414550782,Leave_One_experiments/all_year_offline_schedule_search/daily_outputs/YCA/YCA_2019_YCA2019_stress_grid_S0005_daily.csv
YCA,YCA,Yucheng,2019,Leave_One_experiments\wth_generated_qc\YCA\YCA2019.WTH,dry_year;water_stress_year;nitrogen_stress_year,water_stress,YCA2019_stress_grid_S0005,pareto_balanced,2019-07-21,202,39,34,"{""sim_day"": 39.0, ""doy"": 202.0, ""topwt"": 1099.4334411621094, ""grnwt"": 0.0, ""xlai"": 0.9866541624069214, ""totir"": 40.0, ""tofer"": NaN, ""swfac"": 0.0, ""nstres"": 0.4961404204368591}",0.0,0.4961404204368591,1099.4334411621094,0.0,0.9866541624069214,40.0,,0.0,0.0,40.0,0.0,-4.788212585449218,11.211787414550782,Leave_One_experiments/all_year_offline_schedule_search/daily_outputs/YCA/YCA_2019_YCA2019_stress_grid_S0005_daily.csv
YCA,YCA,Yucheng,2019,Leave_One_experiments\wth_generated_qc\YCA\YCA2019.WTH,dry_year;water_stress_year;nitrogen_stress_year,water_stress,YCA2019_stress_grid_S0005,pareto_balanced,2019-07-22,203,40,35,"{""sim_day"": 40.0, ""doy"": 203.0, ""topwt"": 1173.0304718017578, ""grnwt"": 0.0, ""xlai"": 0.996404767036438, ""totir"": 40.0, ""tofer"": NaN, ""swfac"": 0.0, ""nstres"": 0.5050405263900757}",0.0,0.5050405263900757,1173.0304718017578,0.0,0.996404767036438,40.0,,0.0,0.0,40.0,0.0,-4.788212585449218,11.211787414550782,Leave_One_experiments/all_year_offline_schedule_search/daily_outputs/YCA/YCA_2019_YCA2019_stress_grid_S0005_daily.csv
YCA,YCA,Yucheng,2019,Leave_One_experiments\wth_generated_qc\YCA\YCA2019.WTH,dry_year;water_stress_year;nitrogen_stress_year,water_stress,YCA2019_stress_grid_S0005,pareto_balanced,2019-07-23,204,41,36,"{""sim_day"": 41.0, ""doy"": 204.0, ""topwt"": 1256.081085205078, ""grnwt"": 0.0, ""xlai"": 1.007253646850586, ""totir"": 40.0, ""tofer"": NaN, ""swfac"": 0.0, ""nstres"": 0.513924241065979}",0.0,0.513924241065979,1256.081085205078,0.0,1.007253646850586,40.0,,0.0,0.0,40.0,0.0,-4.788212585449218,11.211787414550782,Leave_One_experiments/all_year_offline_schedule_search/daily_outputs/YCA/YCA_2019_YCA2019_stress_grid_S0005_daily.csv
YCA,YCA,Yucheng,2019,Leave_One_experiments\wth_generated_qc\YCA\YCA2019.WTH,dry_year;water_stress_year;nitrogen_stress_year,water_stress,YCA2019_stress_grid_S0005,pareto_balanced,2019-07-24,205,42,37,"{""sim_day"": 42.0, ""doy"": 205.0, ""topwt"": 1315.0485229492188, ""grnwt"": 0.0, ""xlai"": 1.000422716140747, ""totir"": 40.0, ""tofer"": NaN, ""swfac"": 0.0, ""nstres"": 0.5194649696350098}",0.0,0.5194649696350098,1315.0485229492188,0.0,1.000422716140747,40.0,,0.0,0.0,40.0,0.0,-4.788212585449218,11.211787414550782,Leave_One_experiments/all_year_offline_schedule_search/daily_outputs/YCA/YCA_2019_YCA2019_stress_grid_S0005_daily.csv
YCA,YCA,Yucheng,2019,Leave_One_experiments\wth_generated_qc\YCA\YCA2019.WTH,dry_year;water_stress_year;nitrogen_stress_year,water_stress,YCA2019_stress_grid_S0005,pareto_balanced,2019-07-25,206,43,38,"{""sim_day"": 43.0, ""doy"": 206.0, ""topwt"": 1409.8394775390625, ""grnwt"": 0.0, ""xlai"": 1.0089751482009888, ""totir"": 40.0, ""tofer"": NaN, ""swfac"": 0.0, ""nstres"": 0.5262611508369446}",0.0,0.5262611508369446,1409.8394775390625,0.0,1.0089751482009888,40.0,,0.0,0.0,40.0,0.0,-4.788212585449218,11.211787414550782,Leave_One_experiments/all_year_offline_schedule_search/daily_outputs/YCA/YCA_2019_YCA2019_stress_grid_S0005_daily.csv
YCA,YCA,Yucheng,2019,Leave_One_experiments\wth_generated_qc\YCA\YCA2019.WTH,dry_year;water_stress_year;nitrogen_stress_year,water_stress,YCA2019_stress_grid_S0005,pareto_balanced,2019-07-26,207,44,39,"{""sim_day"": 44.0, ""doy"": 207.0, ""topwt"": 1472.6260375976562, ""grnwt"": 0.0, ""xlai"": 1.006048560142517, ""totir"": 40.0, ""tofer"": NaN, ""swfac"": 0.0, ""nstres"": 0.5192533731460571}",0.0,0.5192533731460571,1472.6260375976562,0.0,1.006048560142517,40.0,,0.0,0.0,40.0,0.0,-4.788212585449218,11.211787414550782,Leave_One_experiments/all_year_offline_schedule_search/daily_outputs/YCA/YCA_2019_YCA2019_stress_grid_S0005_daily.csv
YCA,YCA,Yucheng,2019,Leave_One_experiments\wth_generated_qc\YCA\YCA2019.WTH,dry_year;water_stress_year;nitrogen_stress_year,water_stress,YCA2019_stress_grid_S0005,pareto_balanced,2019-07-27,208,45,40,"{""sim_day"": 45.0, ""doy"": 208.0, ""topwt"": 1588.3482360839844, ""grnwt"": 0.0, ""xlai"": 1.0158977508544922, ""totir"": 40.0, ""tofer"": NaN, ""swfac"": 0.0, ""nstres"": 0.5271751880645752}",0.0,0.5271751880645752,1588.3482360839844,0.0,1.0158977508544922,40.0,,0.0,0.0,40.0,0.0,-4.788212585449218,11.211787414550782,Leave_One_experiments/all_year_offline_schedule_search/daily_outputs/YCA/YCA_2019_YCA2019_stress_grid_S0005_daily.csv
YCA,YCA,Yucheng,2019,Leave_One_experiments\wth_generated_qc\YCA\YCA2019.WTH,dry_year;water_stress_year;nitrogen_stress_year,water_stress,YCA2019_stress_grid_S0005,pareto_balanced,2019-07-28,209,46,41,"{""sim_day"": 46.0, ""doy"": 209.0, ""topwt"": 1672.3731994628906, ""grnwt"": 0.0, ""xlai"": 1.006932020187378, ""totir"": 40.0, ""tofer"": NaN, ""swfac"": 0.0, ""nstres"": 0.5202082395553589}",0.0,0.5202082395553589,1672.3731994628906,0.0,1.006932020187378,40.0,,0.0,0.0,40.0,0.0,-4.788212585449218,11.211787414550782,Leave_One_experiments/all_year_offline_schedule_search/daily_outputs/YCA/YCA_2019_YCA2019_stress_grid_S0005_daily.csv
YCA,YCA,Yucheng,2019,Leave_One_experiments\wth_generated_qc\YCA\YCA2019.WTH,dry_year;water_stress_year;nitrogen_stress_year,water_stress,YCA2019_stress_grid_S0005,pareto_balanced,2019-07-29,210,47,42,"{""sim_day"": 47.0, ""doy"": 210.0, ""topwt"": 1733.8340759277344, ""grnwt"": 0.0, ""xlai"": 0.9874240159988404, ""totir"": 40.0, ""tofer"": NaN, ""swfac"": 0.0, ""nstres"": 0.5320337414741516}",0.0,0.5320337414741516,1733.8340759277344,0.0,0.9874240159988404,40.0,,0.0,0.0,40.0,0.0,-4.788212585449218,11.211787414550782,Leave_One_experiments/all_year_offline_schedule_search/daily_outputs/YCA/YCA_2019_YCA2019_stress_grid_S0005_daily.csv
YCA,YCA,Yucheng,2019,Leave_One_experiments\wth_generated_qc\YCA\YCA2019.WTH,dry_year;water_stress_year;nitrogen_stress_year,water_stress,YCA2019_stress_grid_S0005,pareto_balanced,2019-07-30,211,48,43,"{""sim_day"": 48.0, ""doy"": 211.0, ""topwt"": 1830.5577087402344, ""grnwt"": 0.0, ""xlai"": 0.977573037147522, ""totir"": 40.0, ""tofer"": NaN, ""swfac"": 0.0, ""nstres"": 0.5269342064857483}",0.0,0.5269342064857483,1830.5577087402344,0.0,0.977573037147522,40.0,,0.0,0.0,40.0,0.0,-4.788212585449218,11.211787414550782,Leave_One_experiments/all_year_offline_schedule_search/daily_outputs/YCA/YCA_2019_YCA2019_stress_grid_S0005_daily.csv
YCA,YCA,Yucheng,2019,Leave_One_experiments\wth_generated_qc\YCA\YCA2019.WTH,dry_year;water_stress_year;nitrogen_stress_year,water_stress,YCA2019_stress_grid_S0005,pareto_balanced,2019-07-31,212,49,44,"{""sim_day"": 49.0, ""doy"": 212.0, ""topwt"": 1922.7239990234373, ""grnwt"": 0.0, ""xlai"": 0.9650859832763672, ""totir"": 40.0, ""tofer"": NaN, ""swfac"": 0.0, ""nstres"": 0.5184319019317627}",0.0,0.5184319019317627,1922.7239990234373,0.0,0.9650859832763672,40.0,,0.0,0.0,40.0,0.0,-4.788212585449218,11.211787414550782,Leave_One_experiments/all_year_offline_schedule_search/daily_outputs/YCA/YCA_2019_YCA2019_stress_grid_S0005_daily.csv
YCA,YCA,Yucheng,2019,Leave_One_experiments\wth_generated_qc\YCA\YCA2019.WTH,dry_year;water_stress_year;nitrogen_stress_year,water_stress,YCA2019_stress_grid_S0005,pareto_balanced,2019-08-01,213,50,45,"{""sim_day"": 50.0, ""doy"": 213.0, ""topwt"": 1960.7606506347656, ""grnwt"": 0.0, ""xlai"": 0.937622368335724, ""totir"": 40.0, ""tofer"": NaN, ""swfac"": 0.0, ""nstres"": 0.5211504101753235}",0.0,0.5211504101753235,1960.7606506347656,0.0,0.937622368335724,40.0,,0.0,0.0,40.0,0.0,-4.788212585449218,11.211787414550782,Leave_One_experiments/all_year_offline_schedule_search/daily_outputs/YCA/YCA_2019_YCA2019_stress_grid_S0005_daily.csv
YCA,YCA,Yucheng,2019,Leave_One_experiments\wth_generated_qc\YCA\YCA2019.WTH,dry_year;water_stress_year;nitrogen_stress_year,water_stress,YCA2019_stress_grid_S0005,pareto_balanced,2019-08-02,214,51,46,"{""sim_day"": 51.0, ""doy"": 214.0, ""topwt"": 2043.7138366699216, ""grnwt"": 0.0, ""xlai"": 0.9214667677879332, ""totir"": 40.0, ""tofer"": NaN, ""swfac"": 0.0, ""nstres"": 0.5283743739128113}",0.0,0.5283743739128113,2043.7138366699216,0.0,0.9214667677879332,40.0,,0.0,0.0,40.0,0.0,-4.788212585449218,11.211787414550782,Leave_One_experiments/all_year_offline_schedule_search/daily_outputs/YCA/YCA_2019_YCA2019_stress_grid_S0005_daily.csv
YCA,YCA,Yucheng,2019,Leave_One_experiments\wth_generated_qc\YCA\YCA2019.WTH,dry_year;water_stress_year;nitrogen_stress_year,water_stress,YCA2019_stress_grid_S0005,pareto_balanced,2019-08-03,215,52,47,"{""sim_day"": 52.0, ""doy"": 215.0, ""topwt"": 2127.1751403808594, ""grnwt"": 0.0, ""xlai"": 0.9063202738761902, ""totir"": 40.0, ""tofer"": NaN, ""swfac"": 0.0, ""nstres"": 0.5214067101478577}",0.0,0.5214067101478577,2127.1751403808594,0.0,0.9063202738761902,40.0,,0.0,0.0,40.0,0.0,-4.788212585449218,11.211787414550782,Leave_One_experiments/all_year_offline_schedule_search/daily_outputs/YCA/YCA_2019_YCA2019_stress_grid_S0005_daily.csv
YCA,YCA,Yucheng,2019,Leave_One_experiments\wth_generated_qc\YCA\YCA2019.WTH,dry_year;water_stress_year;nitrogen_stress_year,water_stress,YCA2019_stress_grid_S0005,pareto_balanced,2019-08-04,216,53,48,"{""sim_day"": 53.0, ""doy"": 216.0, ""topwt"": 2220.2967834472656, ""grnwt"": 0.0, ""xlai"": 0.8940810561180115, ""totir"": 40.0, ""tofer"": NaN, ""swfac"": 0.0, ""nstres"": 0.5221512913703918}",0.0,0.5221512913703918,2220.2967834472656,0.0,0.8940810561180115,40.0,,0.0,0.0,40.0,0.0,-4.788212585449218,11.211787414550782,Leave_One_experiments/all_year_offline_schedule_search/daily_outputs/YCA/YCA_2019_YCA2019_stress_grid_S0005_daily.csv
YCA,YCA,Yucheng,2019,Leave_One_experiments\wth_generated_qc\YCA\YCA2019.WTH,dry_year;water_stress_year;nitrogen_stress_year,water_stress,YCA2019_stress_grid_S0005,pareto_balanced,2019-08-05,217,54,49,"{""sim_day"": 54.0, ""doy"": 217.0, ""topwt"": 2284.08447265625, ""grnwt"": 0.0, ""xlai"": 0.8751504421234131, ""totir"": 40.0, ""tofer"": NaN, ""swfac"": 0.0, ""nstres"": 0.5209408402442932}",0.0,0.5209408402442932,2284.08447265625,0.0,0.8751504421234131,40.0,,0.0,0.0,40.0,0.0,-4.788212585449218,11.211787414550782,Leave_One_experiments/all_year_offline_schedule_search/daily_outputs/YCA/YCA_2019_YCA2019_stress_grid_S0005_daily.csv
YCA,YCA,Yucheng,2019,Leave_One_experiments\wth_generated_qc\YCA\YCA2019.WTH,dry_year;water_stress_year;nitrogen_stress_year,water_stress,YCA2019_stress_grid_S0005,pareto_balanced,2019-08-06,218,55,50,"{""sim_day"": 55.0, ""doy"": 218.0, ""topwt"": 2321.940460205078, ""grnwt"": 0.0, ""xlai"": 0.8507205843925476, ""totir"": 40.0, ""tofer"": NaN, ""swfac"": 0.0, ""nstres"": 0.5170751214027405}",0.0,0.5170751214027405,2321.940460205078,0.0,0.8507205843925476,40.0,,0.0,0.0,40.0,0.0,-4.788212585449218,11.211787414550782,Leave_One_experiments/all_year_offline_schedule_search/daily_outputs/YCA/YCA_2019_YCA2019_stress_grid_S0005_daily.csv
YCA,YCA,Yucheng,2019,Leave_One_experiments\wth_generated_qc\YCA\YCA2019.WTH,dry_year;water_stress_year;nitrogen_stress_year,water_stress,YCA2019_stress_grid_S0005,pareto_balanced,2019-08-07,219,56,51,"{""sim_day"": 56.0, ""doy"": 219.0, ""topwt"": 2405.81787109375, ""grnwt"": 0.0, ""xlai"": 0.8184409737586975, ""totir"": 40.0, ""tofer"": NaN, ""swfac"": 0.0, ""nstres"": 0.510650098323822}",0.0,0.510650098323822,2405.81787109375,0.0,0.8184409737586975,40.0,,0.0,0.0,40.0,0.0,-4.788212585449218,11.211787414550782,Leave_One_experiments/all_year_offline_schedule_search/daily_outputs/YCA/YCA_2019_YCA2019_stress_grid_S0005_daily.csv
YCA,YCA,Yucheng,2019,Leave_One_experiments\wth_generated_qc\YCA\YCA2019.WTH,dry_year;water_stress_year;nitrogen_stress_year,water_stress,YCA2019_stress_grid_S0005,pareto_balanced,2019-08-08,220,57,52,"{""sim_day"": 57.0, ""doy"": 220.0, ""topwt"": 2462.1908569335938, ""grnwt"": 0.0, ""xlai"": 0.7879673838615417, ""totir"": 40.0, ""tofer"": NaN, ""swfac"": 0.0, ""nstres"": 0.4936081767082214}",0.0,0.4936081767082214,2462.1908569335938,0.0,0.7879673838615417,40.0,,0.0,0.0,40.0,0.0,-4.788212585449218,11.211787414550782,Leave_One_experiments/all_year_offline_schedule_search/daily_outputs/YCA/YCA_2019_YCA2019_stress_grid_S0005_daily.csv
YCA,YCA,Yucheng,2019,Leave_One_experiments\wth_generated_qc\YCA\YCA2019.WTH,dry_year;water_stress_year;nitrogen_stress_year,water_stress,YCA2019_stress_grid_S0005,pareto_balanced,2019-08-09,221,58,53,"{""sim_day"": 58.0, ""doy"": 221.0, ""topwt"": 2479.036865234375, ""grnwt"": 0.0, ""xlai"": 0.7587048411369324, ""totir"": 40.0, ""tofer"": NaN, ""swfac"": 0.0, ""nstres"": 0.4912803173065185}",0.0,0.4912803173065185,2479.036865234375,0.0,0.7587048411369324,40.0,,0.0,0.0,40.0,0.0,-4.788212585449218,11.211787414550782,Leave_One_experiments/all_year_offline_schedule_search/daily_outputs/YCA/YCA_2019_YCA2019_stress_grid_S0005_daily.csv
YCA,YCA,Yucheng,2019,Leave_One_experiments\wth_generated_qc\YCA\YCA2019.WTH,dry_year;water_stress_year;nitrogen_stress_year,water_stress,YCA2019_stress_grid_S0005,pareto_balanced,2019-08-10,222,59,54,"{""sim_day"": 59.0, ""doy"": 222.0, ""topwt"": 2470.415954589844, ""grnwt"": 0.0, ""xlai"": 0.7307723164558411, ""totir"": 40.0, ""tofer"": NaN, ""swfac"": 0.0, ""nstres"": 0.4835850596427917}",0.0,0.4835850596427917,2470.415954589844,0.0,0.7307723164558411,40.0,,0.0,0.0,40.0,0.0,-4.788212585449218,11.211787414550782,Leave_One_experiments/all_year_offline_schedule_search/daily_outputs/YCA/YCA_2019_YCA2019_stress_grid_S0005_daily.csv
YCA,YCA,Yucheng,2019,Leave_One_experiments\wth_generated_qc\YCA\YCA2019.WTH,dry_year;water_stress_year;nitrogen_stress_year,water_stress,YCA2019_stress_grid_S0005,pareto_balanced,2019-08-11,223,60,55,"{""sim_day"": 60.0, ""doy"": 223.0, ""topwt"": 2471.4930725097656, ""grnwt"": 0.0, ""xlai"": 0.7043865323066711, ""totir"": 40.0, ""tofer"": NaN, ""swfac"": 0.0, ""nstres"": 0.466560423374176}",0.0,0.466560423374176,2471.4930725097656,0.0,0.7043865323066711,40.0,,0.0,0.0,40.0,0.0,-4.788212585449218,11.211787414550782,Leave_One_experiments/all_year_offline_schedule_search/daily_outputs/YCA/YCA_2019_YCA2019_stress_grid_S0005_daily.csv
YCA,YCA,Yucheng,2019,Leave_One_experiments\wth_generated_qc\YCA\YCA2019.WTH,dry_year;water_stress_year;nitrogen_stress_year,water_stress,YCA2019_stress_grid_S0005,pareto_balanced,2019-08-12,224,61,56,"{""sim_day"": 61.0, ""doy"": 224.0, ""topwt"": 2488.3872985839844, ""grnwt"": 0.0, ""xlai"": 0.6797264218330383, ""totir"": 40.0, ""tofer"": NaN, ""swfac"": 0.0, ""nstres"": 0.4402220845222473}",0.0,0.4402220845222473,2488.3872985839844,0.0,0.6797264218330383,40.0,,0.0,0.0,40.0,0.0,-4.788212585449218,11.211787414550782,Leave_One_experiments/all_year_offline_schedule_search/daily_outputs/YCA/YCA_2019_YCA2019_stress_grid_S0005_daily.csv
YCA,YCA,Yucheng,2019,Leave_One_experiments\wth_generated_qc\YCA\YCA2019.WTH,dry_year;water_stress_year;nitrogen_stress_year,water_stress,YCA2019_stress_grid_S0005,pareto_balanced,2019-08-13,225,62,57,"{""sim_day"": 62.0, ""doy"": 225.0, ""topwt"": 2562.1432495117188, ""grnwt"": 0.0, ""xlai"": 0.6564810872077942, ""totir"": 40.0, ""tofer"": NaN, ""swfac"": 0.0, ""nstres"": 0.4207525849342346}",0.0,0.4207525849342346,2562.1432495117188,0.0,0.6564810872077942,40.0,,0.0,0.0,40.0,0.0,-4.788212585449218,11.211787414550782,Leave_One_experiments/all_year_offline_schedule_search/daily_outputs/YCA/YCA_2019_YCA2019_stress_grid_S0005_daily.csv
YCA,YCA,Yucheng,2019,Leave_One_experiments\wth_generated_qc\YCA\YCA2019.WTH,dry_year;water_stress_year;nitrogen_stress_year,water_stress,YCA2019_stress_grid_S0005,pareto_balanced,2019-08-14,226,63,58,"{""sim_day"": 63.0, ""doy"": 226.0, ""topwt"": 2646.2045288085938, ""grnwt"": 0.0, ""xlai"": 0.6344923973083496, ""totir"": 40.0, ""tofer"": NaN, ""swfac"": 0.0, ""nstres"": 0.4038746953010559}",0.0,0.4038746953010559,2646.2045288085938,0.0,0.6344923973083496,40.0,,0.0,0.0,40.0,0.0,-4.788212585449218,11.211787414550782,Leave_One_experiments/all_year_offline_schedule_search/daily_outputs/YCA/YCA_2019_YCA2019_stress_grid_S0005_daily.csv
YCA,YCA,Yucheng,2019,Leave_One_experiments\wth_generated_qc\YCA\YCA2019.WTH,dry_year;water_stress_year;nitrogen_stress_year,water_stress,YCA2019_stress_grid_S0005,pareto_balanced,2019-08-15,227,64,59,"{""sim_day"": 64.0, ""doy"": 227.0, ""topwt"": 2675.5709838867188, ""grnwt"": 0.0, ""xlai"": 0.6133120059967041, ""totir"": 40.0, ""tofer"": NaN, ""swfac"": 0.0, ""nstres"": 0.4011589884757995}",0.0,0.4011589884757995,2675.5709838867188,0.0,0.6133120059967041,40.0,,0.0,0.0,40.0,0.0,-4.788212585449218,11.211787414550782,Leave_One_experiments/all_year_offline_schedule_search/daily_outputs/YCA/YCA_2019_YCA2019_stress_grid_S0005_daily.csv
YCA,YCA,Yucheng,2019,Leave_One_experiments\wth_generated_qc\YCA\YCA2019.WTH,dry_year;water_stress_year;nitrogen_stress_year,water_stress,YCA2019_stress_grid_S0005,pareto_balanced,2019-08-16,228,65,60,"{""sim_day"": 65.0, ""doy"": 228.0, ""topwt"": 2756.722717285156, ""grnwt"": 0.0, ""xlai"": 0.5929051637649536, ""totir"": 40.0, ""tofer"": NaN, ""swfac"": 0.0, ""nstres"": 0.3985535502433777}",0.0,0.3985535502433777,2756.722717285156,0.0,0.5929051637649536,40.0,,0.0,0.0,40.0,0.0,-4.788212585449218,11.211787414550782,Leave_One_experiments/all_year_offline_schedule_search/daily_outputs/YCA/YCA_2019_YCA2019_stress_grid_S0005_daily.csv
YCA,YCA,Yucheng,2019,Leave_One_experiments\wth_generated_qc\YCA\YCA2019.WTH,dry_year;water_stress_year;nitrogen_stress_year,water_stress,YCA2019_stress_grid_S0005,pareto_balanced,2019-08-17,229,66,61,"{""sim_day"": 66.0, ""doy"": 229.0, ""topwt"": 2843.587646484375, ""grnwt"": 86.86485290527344, ""xlai"": 0.5736476182937622, ""totir"": 40.0, ""tofer"": NaN, ""swfac"": 0.0, ""nstres"": 0.3795194625854492}",0.0,0.3795194625854492,2843.587646484375,86.86485290527344,0.5736476182937622,40.0,,0.0,0.0,40.0,0.0,-4.788212585449218,11.211787414550782,Leave_One_experiments/all_year_offline_schedule_search/daily_outputs/YCA/YCA_2019_YCA2019_stress_grid_S0005_daily.csv
YCA,YCA,Yucheng,2019,Leave_One_experiments\wth_generated_qc\YCA\YCA2019.WTH,dry_year;water_stress_year;nitrogen_stress_year,water_stress,YCA2019_stress_grid_S0005,pareto_balanced,2019-08-18,230,67,62,"{""sim_day"": 67.0, ""doy"": 230.0, ""topwt"": 2891.3980102539062, ""grnwt"": 134.67530250549316, ""xlai"": 0.5543658137321472, ""totir"": 40.0, ""tofer"": NaN, ""swfac"": 0.0, ""nstres"": 0.4067031741142273}",0.0,0.4067031741142273,2891.3980102539062,134.67530250549316,0.5543658137321472,40.0,,0.0,0.0,40.0,0.0,-4.788212585449218,11.211787414550782,Leave_One_experiments/all_year_offline_schedule_search/daily_outputs/YCA/YCA_2019_YCA2019_stress_grid_S0005_daily.csv
YCA,YCA,Yucheng,2019,Leave_One_experiments\wth_generated_qc\YCA\YCA2019.WTH,dry_year;water_stress_year;nitrogen_stress_year,water_stress,YCA2019_stress_grid_S0005,pareto_balanced,2019-08-19,231,68,63,"{""sim_day"": 68.0, ""doy"": 231.0, ""topwt"": 2939.2086791992188, ""grnwt"": 182.4857521057129, ""xlai"": 0.5360156893730164, ""totir"": 40.0, ""tofer"": NaN, ""swfac"": 0.0, ""nstres"": 0.3944286108016968}",0.0,0.3944286108016968,2939.2086791992188,182.4857521057129,0.5360156893730164,40.0,,0.0,0.0,40.0,0.0,-4.788212585449218,11.211787414550782,Leave_One_experiments/all_year_offline_schedule_search/daily_outputs/YCA/YCA_2019_YCA2019_stress_grid_S0005_daily.csv
YCA,YCA,Yucheng,2019,Leave_One_experiments\wth_generated_qc\YCA\YCA2019.WTH,dry_year;water_stress_year;nitrogen_stress_year,water_stress,YCA2019_stress_grid_S0005,pareto_balanced,2019-08-20,232,69,64,"{""sim_day"": 69.0, ""doy"": 232.0, ""topwt"": 2987.01904296875, ""grnwt"": 230.29621124267575, ""xlai"": 0.5185512900352478, ""totir"": 40.0, ""tofer"": NaN, ""swfac"": 0.0, ""nstres"": 0.3819617033004761}",0.0,0.3819617033004761,2987.01904296875,230.29621124267575,0.5185512900352478,40.0,,0.0,0.0,40.0,0.0,-4.788212585449218,11.211787414550782,Leave_One_experiments/all_year_offline_schedule_search/daily_outputs/YCA/YCA_2019_YCA2019_stress_grid_S0005_daily.csv
YCA,YCA,Yucheng,2019,Leave_One_experiments\wth_generated_qc\YCA\YCA2019.WTH,dry_year;water_stress_year;nitrogen_stress_year,water_stress,YCA2019_stress_grid_S0005,pareto_balanced,2019-08-21,233,70,65,"{""sim_day"": 70.0, ""doy"": 233.0, ""topwt"": 3034.829406738281, ""grnwt"": 278.1066703796387, ""xlai"": 0.501843273639679, ""totir"": 40.0, ""tofer"": NaN, ""swfac"": 0.0, ""nstres"": 0.3732975125312805}",0.0,0.3732975125312805,3034.829406738281,278.1066703796387,0.501843273639679,40.0,,0.0,0.0,40.0,0.0,-4.788212585449218,11.211787414550782,Leave_One_experiments/all_year_offline_schedule_search/daily_outputs/YCA/YCA_2019_YCA2019_stress_grid_S0005_daily.csv
YCA,YCA,Yucheng,2019,Leave_One_experiments\wth_generated_qc\YCA\YCA2019.WTH,dry_year;water_stress_year;nitrogen_stress_year,water_stress,YCA2019_stress_grid_S0005,pareto_balanced,2019-08-22,234,71,66,"{""sim_day"": 71.0, ""doy"": 234.0, ""topwt"": 3082.6397705078125, ""grnwt"": 325.9171295166016, ""xlai"": 0.4859204590320587, ""totir"": 40.0, ""tofer"": NaN, ""swfac"": 0.0, ""nstres"": 0.3614905476570129}",0.0,0.3614905476570129,3082.6397705078125,325.9171295166016,0.4859204590320587,40.0,,0.0,0.0,40.0,0.0,-4.788212585449218,11.211787414550782,Leave_One_experiments/all_year_offline_schedule_search/daily_outputs/YCA/YCA_2019_YCA2019_stress_grid_S0005_daily.csv
YCA,YCA,Yucheng,2019,Leave_One_experiments\wth_generated_qc\YCA\YCA2019.WTH,dry_year;water_stress_year;nitrogen_stress_year,water_stress,YCA2019_stress_grid_S0005,pareto_balanced,2019-08-23,235,72,67,"{""sim_day"": 72.0, ""doy"": 235.0, ""topwt"": 3110.830383300781, ""grnwt"": 373.7276077270508, ""xlai"": 0.4706750512123108, ""totir"": 40.0, ""tofer"": NaN, ""swfac"": 0.0, ""nstres"": 0.3529813885688782}",0.0,0.3529813885688782,3110.830383300781,373.7276077270508,0.4706750512123108,40.0,,0.0,0.0,40.0,0.0,-4.788212585449218,11.211787414550782,Leave_One_experiments/all_year_offline_schedule_search/daily_outputs/YCA/YCA_2019_YCA2019_stress_grid_S0005_daily.csv
YCA,YCA,Yucheng,2019,Leave_One_experiments\wth_generated_qc\YCA\YCA2019.WTH,dry_year;water_stress_year;nitrogen_stress_year,water_stress,YCA2019_stress_grid_S0005,pareto_balanced,2019-08-24,236,73,68,"{""sim_day"": 73.0, ""doy"": 236.0, ""topwt"": 3123.719787597656, ""grnwt"": 421.53804779052734, ""xlai"": 0.45604208111763, ""totir"": 40.0, ""tofer"": NaN, ""swfac"": 0.0, ""nstres"": 0.3461403846740722}",0.0,0.3461403846740722,3123.719787597656,421.53804779052734,0.45604208111763,40.0,,0.0,0.0,40.0,0.0,-4.788212585449218,11.211787414550782,Leave_One_experiments/all_year_offline_schedule_search/daily_outputs/YCA/YCA_2019_YCA2019_stress_grid_S0005_daily.csv
YCA,YCA,Yucheng,2019,Leave_One_experiments\wth_generated_qc\YCA\YCA2019.WTH,dry_year;water_stress_year;nitrogen_stress_year,water_stress,YCA2019_stress_grid_S0005,pareto_balanced,2019-08-25,237,74,69,"{""sim_day"": 74.0, ""doy"": 237.0, ""topwt"": 3158.3560180664062, ""grnwt"": 469.34852600097656, ""xlai"": 0.4421548843383789, ""totir"": 40.0, ""tofer"": NaN, ""swfac"": 0.0, ""nstres"": 0.330836534500122}",0.0,0.330836534500122,3158.3560180664062,469.34852600097656,0.4421548843383789,40.0,,0.0,0.0,40.0,0.0,-4.788212585449218,11.211787414550782,Leave_One_experiments/all_year_offline_schedule_search/daily_outputs/YCA/YCA_2019_YCA2019_stress_grid_S0005_daily.csv
YCA,YCA,Yucheng,2019,Leave_One_experiments\wth_generated_qc\YCA\YCA2019.WTH,dry_year;water_stress_year;nitrogen_stress_year,water_stress,YCA2019_stress_grid_S0005,pareto_balanced,2019-08-26,238,75,70,"{""sim_day"": 75.0, ""doy"": 238.0, ""topwt"": 3216.138916015625, ""grnwt"": 517.1590042114258, ""xlai"": 0.4291001856327057, ""totir"": 40.0, ""tofer"": NaN, ""swfac"": 0.0, ""nstres"": 0.3085983991622925}",0.0,0.3085983991622925,3216.138916015625,517.1590042114258,0.4291001856327057,40.0,,0.0,0.0,40.0,0.0,-4.788212585449218,11.211787414550782,Leave_One_experiments/all_year_offline_schedule_search/daily_outputs/YCA/YCA_2019_YCA2019_stress_grid_S0005_daily.csv
YCA,YCA,Yucheng,2019,Leave_One_experiments\wth_generated_qc\YCA\YCA2019.WTH,dry_year;water_stress_year;nitrogen_stress_year,water_stress,YCA2019_stress_grid_S0005,pareto_balanced,2019-08-27,239,76,71,"{""sim_day"": 76.0, ""doy"": 239.0, ""topwt"": 3286.131591796875, ""grnwt"": 564.9694442749023, ""xlai"": 0.4166644513607025, ""totir"": 40.0, ""tofer"": NaN, ""swfac"": 0.0, ""nstres"": 0.2955461144447326}",0.0,0.2955461144447326,3286.131591796875,564.9694442749023,0.4166644513607025,40.0,,0.0,0.0,40.0,0.0,-4.788212585449218,11.211787414550782,Leave_One_experiments/all_year_offline_schedule_search/daily_outputs/YCA/YCA_2019_YCA2019_stress_grid_S0005_daily.csv
YCA,YCA,Yucheng,2019,Leave_One_experiments\wth_generated_qc\YCA\YCA2019.WTH,dry_year;water_stress_year;nitrogen_stress_year,water_stress,YCA2019_stress_grid_S0005,pareto_balanced,2019-08-28,240,77,72,"{""sim_day"": 77.0, ""doy"": 240.0, ""topwt"": 3357.4688720703125, ""grnwt"": 612.7798843383789, ""xlai"": 0.4045485854148865, ""totir"": 40.0, ""tofer"": NaN, ""swfac"": 0.0, ""nstres"": 0.2978772521018982}",0.0,0.2978772521018982,3357.4688720703125,612.7798843383789,0.4045485854148865,40.0,,0.0,0.0,40.0,0.0,-4.788212585449218,11.211787414550782,Leave_One_experiments/all_year_offline_schedule_search/daily_outputs/YCA/YCA_2019_YCA2019_stress_grid_S0005_daily.csv
YCA,YCA,Yucheng,2019,Leave_One_experiments\wth_generated_qc\YCA\YCA2019.WTH,dry_year;water_stress_year;nitrogen_stress_year,water_stress,YCA2019_stress_grid_S0005,pareto_balanced,2019-08-29,241,78,73,"{""sim_day"": 78.0, ""doy"": 241.0, ""topwt"": 3417.3129272460938, ""grnwt"": 660.5903625488281, ""xlai"": 0.3926602005958557, ""totir"": 40.0, ""tofer"": NaN, ""swfac"": 0.0, ""nstres"": 0.3052862882614136}",0.0,0.3052862882614136,3417.3129272460938,660.5903625488281,0.3926602005958557,40.0,,0.0,0.0,40.0,0.0,-4.788212585449218,11.211787414550782,Leave_One_experiments/all_year_offline_schedule_search/daily_outputs/YCA/YCA_2019_YCA2019_stress_grid_S0005_daily.csv
YCA,YCA,Yucheng,2019,Leave_One_experiments\wth_generated_qc\YCA\YCA2019.WTH,dry_year;water_stress_year;nitrogen_stress_year,water_stress,YCA2019_stress_grid_S0005,pareto_balanced,2019-08-30,242,79,74,"{""sim_day"": 79.0, ""doy"": 242.0, ""topwt"": 3465.123291015625, ""grnwt"": 708.4007263183594, ""xlai"": 0.3809962570667267, ""totir"": 40.0, ""tofer"": NaN, ""swfac"": 0.0, ""nstres"": 0.3129148483276367}",0.0,0.3129148483276367,3465.123291015625,708.4007263183594,0.3809962570667267,40.0,,0.0,0.0,40.0,0.0,-4.788212585449218,11.211787414550782,Leave_One_experiments/all_year_offline_schedule_search/daily_outputs/YCA/YCA_2019_YCA2019_stress_grid_S0005_daily.csv
YCA,YCA,Yucheng,2019,Leave_One_experiments\wth_generated_qc\YCA\YCA2019.WTH,dry_year;water_stress_year;nitrogen_stress_year,water_stress,YCA2019_stress_grid_S0005,pareto_balanced,2019-08-31,243,80,75,"{""sim_day"": 80.0, ""doy"": 243.0, ""topwt"": 3512.933959960937, ""grnwt"": 756.2111663818359, ""xlai"": 0.3696755468845367, ""totir"": 40.0, ""tofer"": NaN, ""swfac"": 0.0, ""nstres"": 0.3131178021430969}",0.0,0.3131178021430969,3512.933959960937,756.2111663818359,0.3696755468845367,40.0,,0.0,0.0,40.0,0.0,-4.788212585449218,11.211787414550782,Leave_One_experiments/all_year_offline_schedule_search/daily_outputs/YCA/YCA_2019_YCA2019_stress_grid_S0005_daily.csv
YCA,YCA,Yucheng,2019,Leave_One_experiments\wth_generated_qc\YCA\YCA2019.WTH,dry_year;water_stress_year;nitrogen_stress_year,water_stress,YCA2019_stress_grid_S0005,pareto_balanced,2019-09-01,244,81,76,"{""sim_day"": 81.0, ""doy"": 244.0, ""topwt"": 3560.74462890625, ""grnwt"": 804.0216064453125, ""xlai"": 0.3587853908538818, ""totir"": 40.0, ""tofer"": NaN, ""swfac"": 0.0, ""nstres"": 0.3070051670074463}",0.0,0.3070051670074463,3560.74462890625,804.0216064453125,0.3587853908538818,40.0,,0.0,0.0,40.0,0.0,-4.788212585449218,11.211787414550782,Leave_One_experiments/all_year_offline_schedule_search/daily_outputs/YCA/YCA_2019_YCA2019_stress_grid_S0005_daily.csv
YCA,YCA,Yucheng,2019,Leave_One_experiments\wth_generated_qc\YCA\YCA2019.WTH,dry_year;water_stress_year;nitrogen_stress_year,water_stress,YCA2019_stress_grid_S0005,pareto_balanced,2019-09-02,245,82,77,"{""sim_day"": 82.0, ""doy"": 245.0, ""topwt"": 3608.554992675781, ""grnwt"": 851.8320465087891, ""xlai"": 0.3482880890369415, ""totir"": 40.0, ""tofer"": NaN, ""swfac"": 0.0, ""nstres"": 0.3021947741508484}",0.0,0.3021947741508484,3608.554992675781,851.8320465087891,0.3482880890369415,40.0,,0.0,0.0,40.0,0.0,-4.788212585449218,11.211787414550782,Leave_One_experiments/all_year_offline_schedule_search/daily_outputs/YCA/YCA_2019_YCA2019_stress_grid_S0005_daily.csv
YCA,YCA,Yucheng,2019,Leave_One_experiments\wth_generated_qc\YCA\YCA2019.WTH,dry_year;water_stress_year;nitrogen_stress_year,water_stress,YCA2019_stress_grid_S0005,pareto_balanced,2019-09-03,246,83,78,"{""sim_day"": 83.0, ""doy"": 246.0, ""topwt"": 3656.365356445313, ""grnwt"": 899.6424865722656, ""xlai"": 0.3381663560867309, ""totir"": 40.0, ""tofer"": NaN, ""swfac"": 0.0, ""nstres"": 0.2974724173545837}",0.0,0.2974724173545837,3656.365356445313,899.6424865722656,0.3381663560867309,40.0,,0.0,0.0,40.0,0.0,-4.788212585449218,11.211787414550782,Leave_One_experiments/all_year_offline_schedule_search/daily_outputs/YCA/YCA_2019_YCA2019_stress_grid_S0005_daily.csv
YCA,YCA,Yucheng,2019,Leave_One_experiments\wth_generated_qc\YCA\YCA2019.WTH,dry_year;water_stress_year;nitrogen_stress_year,water_stress,YCA2019_stress_grid_S0005,pareto_balanced,2019-09-04,247,84,79,"{""sim_day"": 84.0, ""doy"": 247.0, ""topwt"": 3704.176025390625, ""grnwt"": 947.4529266357422, ""xlai"": 0.3283899426460266, ""totir"": 40.0, ""tofer"": NaN, ""swfac"": 0.0, ""nstres"": 0.2938393950462341}",0.0,0.2938393950462341,3704.176025390625,947.4529266357422,0.3283899426460266,40.0,,0.0,0.0,40.0,0.0,-4.788212585449218,11.211787414550782,Leave_One_experiments/all_year_offline_schedule_search/daily_outputs/YCA/YCA_2019_YCA2019_stress_grid_S0005_daily.csv
YCA,YCA,Yucheng,2019,Leave_One_experiments\wth_generated_qc\YCA\YCA2019.WTH,dry_year;water_stress_year;nitrogen_stress_year,water_stress,YCA2019_stress_grid_S0005,pareto_balanced,2019-09-05,248,85,80,"{""sim_day"": 85.0, ""doy"": 248.0, ""topwt"": 3751.9866943359375, ""grnwt"": 995.2633666992188, ""xlai"": 0.3189469277858734, ""totir"": 40.0, ""tofer"": NaN, ""swfac"": 0.0, ""nstres"": 0.2901344299316406}",0.0,0.2901344299316406,3751.9866943359375,995.2633666992188,0.3189469277858734,40.0,,0.0,0.0,40.0,0.0,-4.788212585449218,11.211787414550782,Leave_One_experiments/all_year_offline_schedule_search/daily_outputs/YCA/YCA_2019_YCA2019_stress_grid_S0005_daily.csv
YCA,YCA,Yucheng,2019,Leave_One_experiments\wth_generated_qc\YCA\YCA2019.WTH,dry_year;water_stress_year;nitrogen_stress_year,water_stress,YCA2019_stress_grid_S0005,pareto_balanced,2019-09-06,249,86,81,"{""sim_day"": 86.0, ""doy"": 249.0, ""topwt"": 3799.7970581054688, ""grnwt"": 1043.0738067626953, ""xlai"": 0.3098253607749939, ""totir"": 40.0, ""tofer"": NaN, ""swfac"": 0.0, ""nstres"": 0.2863736152648926}",0.0,0.2863736152648926,3799.7970581054688,1043.0738067626953,0.3098253607749939,40.0,,0.0,0.0,40.0,0.0,-4.788212585449218,11.211787414550782,Leave_One_experiments/all_year_offline_schedule_search/daily_outputs/YCA/YCA_2019_YCA2019_stress_grid_S0005_daily.csv
YCA,YCA,Yucheng,2019,Leave_One_experiments\wth_generated_qc\YCA\YCA2019.WTH,dry_year;water_stress_year;nitrogen_stress_year,water_stress,YCA2019_stress_grid_S0005,pareto_balanced,2019-09-07,250,87,82,"{""sim_day"": 87.0, ""doy"": 250.0, ""topwt"": 3847.607421875, ""grnwt"": 1090.884246826172, ""xlai"": 0.3010173439979553, ""totir"": 40.0, ""tofer"": NaN, ""swfac"": 0.0, ""nstres"": 0.2822936177253723}",0.0,0.2822936177253723,3847.607421875,1090.884246826172,0.3010173439979553,40.0,,0.0,0.0,40.0,0.0,-4.788212585449218,11.211787414550782,Leave_One_experiments/all_year_offline_schedule_search/daily_outputs/YCA/YCA_2019_YCA2019_stress_grid_S0005_daily.csv
YCA,YCA,Yucheng,2019,Leave_One_experiments\wth_generated_qc\YCA\YCA2019.WTH,dry_year;water_stress_year;nitrogen_stress_year,water_stress,YCA2019_stress_grid_S0005,pareto_balanced,2019-09-08,251,88,83,"{""sim_day"": 88.0, ""doy"": 251.0, ""topwt"": 3895.4177856445312, ""grnwt"": 1138.6947631835938, ""xlai"": 0.2925077676773071, ""totir"": 40.0, ""tofer"": NaN, ""swfac"": 0.0, ""nstres"": 0.2784692049026489}",0.0,0.2784692049026489,3895.4177856445312,1138.6947631835938,0.2925077676773071,40.0,,0.0,0.0,40.0,0.0,-4.788212585449218,11.211787414550782,Leave_One_experiments/all_year_offline_schedule_search/daily_outputs/YCA/YCA_2019_YCA2019_stress_grid_S0005_daily.csv
YCA,YCA,Yucheng,2019,Leave_One_experiments\wth_generated_qc\YCA\YCA2019.WTH,dry_year;water_stress_year;nitrogen_stress_year,water_stress,YCA2019_stress_grid_S0005,pareto_balanced,2019-09-09,252,89,84,"{""sim_day"": 89.0, ""doy"": 252.0, ""topwt"": 3925.398559570313, ""grnwt"": 1186.5052032470703, ""xlai"": 0.2842816114425659, ""totir"": 40.0, ""tofer"": NaN, ""swfac"": 0.0, ""nstres"": 0.2749441266059875}",0.0,0.2749441266059875,3925.398559570313,1186.5052032470703,0.2842816114425659,40.0,,0.0,0.0,40.0,0.0,-4.788212585449218,11.211787414550782,Leave_One_experiments/all_year_offline_schedule_search/daily_outputs/YCA/YCA_2019_YCA2019_stress_grid_S0005_daily.csv
YCA,YCA,Yucheng,2019,Leave_One_experiments\wth_generated_qc\YCA\YCA2019.WTH,dry_year;water_stress_year;nitrogen_stress_year,water_stress,YCA2019_stress_grid_S0005,pareto_balanced,2019-09-10,253,90,85,"{""sim_day"": 90.0, ""doy"": 253.0, ""topwt"": 3944.302978515625, ""grnwt"": 1234.3157196044922, ""xlai"": 0.27627894282341, ""totir"": 40.0, ""tofer"": NaN, ""swfac"": 0.0, ""nstres"": 0.2756072282791137}",0.0,0.2756072282791137,3944.302978515625,1234.3157196044922,0.27627894282341,40.0,,0.0,0.0,40.0,0.0,-4.788212585449218,11.211787414550782,Leave_One_experiments/all_year_offline_schedule_search/daily_outputs/YCA/YCA_2019_YCA2019_stress_grid_S0005_daily.csv
YCA,YCA,Yucheng,2019,Leave_One_experiments\wth_generated_qc\YCA\YCA2019.WTH,dry_year;water_stress_year;nitrogen_stress_year,water_stress,YCA2019_stress_grid_S0005,pareto_balanced,2019-09-11,254,91,86,"{""sim_day"": 91.0, ""doy"": 254.0, ""topwt"": 3953.5882568359375, ""grnwt"": 1282.1261596679688, ""xlai"": 0.268568754196167, ""totir"": 40.0, ""tofer"": NaN, ""swfac"": 0.0, ""nstres"": 0.2697702646255493}",0.0,0.2697702646255493,3953.5882568359375,1282.1261596679688,0.268568754196167,40.0,,0.0,0.0,40.0,0.0,-4.788212585449218,11.211787414550782,Leave_One_experiments/all_year_offline_schedule_search/daily_outputs/YCA/YCA_2019_YCA2019_stress_grid_S0005_daily.csv
YCA,YCA,Yucheng,2019,Leave_One_experiments\wth_generated_qc\YCA\YCA2019.WTH,dry_year;water_stress_year;nitrogen_stress_year,water_stress,YCA2019_stress_grid_S0005,pareto_balanced,2019-09-12,255,92,87,"{""sim_day"": 92.0, ""doy"": 255.0, ""topwt"": 3969.248352050781, ""grnwt"": 1329.9366760253906, ""xlai"": 0.2613371014595032, ""totir"": 40.0, ""tofer"": NaN, ""swfac"": 0.0, ""nstres"": 0.2462323904037475}",0.0,0.2462323904037475,3969.248352050781,1329.9366760253906,0.2613371014595032,40.0,,0.0,0.0,40.0,0.0,-4.788212585449218,11.211787414550782,Leave_One_experiments/all_year_offline_schedule_search/daily_outputs/YCA/YCA_2019_YCA2019_stress_grid_S0005_daily.csv
YCA,YCA,Yucheng,2019,Leave_One_experiments\wth_generated_qc\YCA\YCA2019.WTH,dry_year;water_stress_year;nitrogen_stress_year,water_stress,YCA2019_stress_grid_S0005,pareto_balanced,2019-09-13,256,93,88,"{""sim_day"": 93.0, ""doy"": 256.0, ""topwt"": 4005.255737304688, ""grnwt"": 1377.7471923828125, ""xlai"": 0.2545108795166015, ""totir"": 40.0, ""tofer"": NaN, ""swfac"": 0.0, ""nstres"": 0.2268925905227661}",0.0,0.2268925905227661,4005.255737304688,1377.7471923828125,0.2545108795166015,40.0,,0.0,0.0,40.0,0.0,-4.788212585449218,11.211787414550782,Leave_One_experiments/all_year_offline_schedule_search/daily_outputs/YCA/YCA_2019_YCA2019_stress_grid_S0005_daily.csv
YCA,YCA,Yucheng,2019,Leave_One_experiments\wth_generated_qc\YCA\YCA2019.WTH,dry_year;water_stress_year;nitrogen_stress_year,water_stress,YCA2019_stress_grid_S0005,pareto_balanced,2019-09-14,257,94,89,"{""sim_day"": 94.0, ""doy"": 257.0, ""topwt"": 4041.523742675781, ""grnwt"": 1425.5577087402344, ""xlai"": 0.2479967772960662, ""totir"": 40.0, ""tofer"": NaN, ""swfac"": 0.0, ""nstres"": 0.2142691016197204}",0.0,0.2142691016197204,4041.523742675781,1425.5577087402344,0.2479967772960662,40.0,,0.0,0.0,40.0,0.0,-4.788212585449218,11.211787414550782,Leave_One_experiments/all_year_offline_schedule_search/daily_outputs/YCA/YCA_2019_YCA2019_stress_grid_S0005_daily.csv
YCA,YCA,Yucheng,2019,Leave_One_experiments\wth_generated_qc\YCA\YCA2019.WTH,dry_year;water_stress_year;nitrogen_stress_year,water_stress,YCA2019_stress_grid_S0005,pareto_balanced,2019-09-15,258,95,90,"{""sim_day"": 95.0, ""doy"": 258.0, ""topwt"": 4090.027465820313, ""grnwt"": 1473.3682250976562, ""xlai"": 0.2415946274995803, ""totir"": 40.0, ""tofer"": NaN, ""swfac"": 0.0, ""nstres"": 0.2195684313774109}",0.0,0.2195684313774109,4090.027465820313,1473.3682250976562,0.2415946274995803,40.0,,0.0,0.0,40.0,0.0,-4.788212585449218,11.211787414550782,Leave_One_experiments/all_year_offline_schedule_search/daily_outputs/YCA/YCA_2019_YCA2019_stress_grid_S0005_daily.csv
YCA,YCA,Yucheng,2019,Leave_One_experiments\wth_generated_qc\YCA\YCA2019.WTH,dry_year;water_stress_year;nitrogen_stress_year,water_stress,YCA2019_stress_grid_S0005,pareto_balanced,2019-09-16,259,96,91,"{""sim_day"": 96.0, ""doy"": 259.0, ""topwt"": 4110.041198730469, ""grnwt"": 1521.178741455078, ""xlai"": 0.2353078871965408, ""totir"": 40.0, ""tofer"": NaN, ""swfac"": 0.0, ""nstres"": 0.2245290875434875}",0.0,0.2245290875434875,4110.041198730469,1521.178741455078,0.2353078871965408,40.0,,0.0,0.0,40.0,0.0,-4.788212585449218,11.211787414550782,Leave_One_experiments/all_year_offline_schedule_search/daily_outputs/YCA/YCA_2019_YCA2019_stress_grid_S0005_daily.csv
YCA,YCA,Yucheng,2019,Leave_One_experiments\wth_generated_qc\YCA\YCA2019.WTH,dry_year;water_stress_year;nitrogen_stress_year,water_stress,YCA2019_stress_grid_S0005,pareto_balanced,2019-09-17,260,97,92,"{""sim_day"": 97.0, ""doy"": 260.0, ""topwt"": 4110.041198730469, ""grnwt"": 1521.178741455078, ""xlai"": 0.2353078871965408, ""totir"": 40.0, ""tofer"": NaN, ""swfac"": 0.0, ""nstres"": 0.2389643192291259}",0.0,0.2389643192291259,4110.041198730469,1521.178741455078,0.2353078871965408,40.0,,0.0,0.0,40.0,0.0,-4.788212585449218,11.211787414550782,Leave_One_experiments/all_year_offline_schedule_search/daily_outputs/YCA/YCA_2019_YCA2019_stress_grid_S0005_daily.csv
YCA,YCA,Yucheng,2019,Leave_One_experiments\wth_generated_qc\YCA\YCA2019.WTH,dry_year;water_stress_year;nitrogen_stress_year,water_stress,YCA2019_stress_grid_S0005,pareto_balanced,2019-09-18,261,98,93,"{""sim_day"": 98.0, ""doy"": 261.0, ""topwt"": 4110.041198730469, ""grnwt"": 1521.178741455078, ""xlai"": 0.2353078871965408, ""totir"": 40.0, ""tofer"": NaN, ""swfac"": 0.0, ""nstres"": 0.2389643192291259}",0.0,0.2389643192291259,4110.041198730469,1521.178741455078,0.2353078871965408,40.0,,0.0,0.0,40.0,0.0,-4.788212585449218,11.211787414550782,Leave_One_experiments/all_year_offline_schedule_search/daily_outputs/YCA/YCA_2019_YCA2019_stress_grid_S0005_daily.csv
YCA,YCA,Yucheng,2019,Leave_One_experiments\wth_generated_qc\YCA\YCA2019.WTH,dry_year;water_stress_year;nitrogen_stress_year,water_stress,YCA2019_stress_grid_S0005,pareto_balanced,2019-09-19,262,99,94,"{""sim_day"": 99.0, ""doy"": 262.0, ""topwt"": 4110.041198730469, ""grnwt"": 1521.178741455078, ""xlai"": 0.2353078871965408, ""totir"": 40.0, ""tofer"": NaN, ""swfac"": 0.0, ""nstres"": 0.2389643192291259}",0.0,0.2389643192291259,4110.041198730469,1521.178741455078,0.2353078871965408,40.0,,0.0,0.0,40.0,0.0,-4.788212585449218,11.211787414550782,Leave_One_experiments/all_year_offline_schedule_search/daily_outputs/YCA/YCA_2019_YCA2019_stress_grid_S0005_daily.csv
YCA,YCA,Yucheng,2019,Leave_One_experiments\wth_generated_qc\YCA\YCA2019.WTH,dry_year;water_stress_year;nitrogen_stress_year,water_stress,YCA2019_stress_grid_S0005,pareto_balanced,2019-09-20,263,100,95,"{""sim_day"": 100.0, ""doy"": 263.0, ""topwt"": 4110.041198730469, ""grnwt"": 1521.178741455078, ""xlai"": 0.2353078871965408, ""totir"": 40.0, ""tofer"": NaN, ""swfac"": 0.0, ""nstres"": 0.2389643192291259}",0.0,0.2389643192291259,4110.041198730469,1521.178741455078,0.2353078871965408,40.0,,0.0,0.0,40.0,0.0,-4.788212585449218,11.211787414550782,Leave_One_experiments/all_year_offline_schedule_search/daily_outputs/YCA/YCA_2019_YCA2019_stress_grid_S0005_daily.csv
YCA,YCA,Yucheng,2019,Leave_One_experiments\wth_generated_qc\YCA\YCA2019.WTH,dry_year;water_stress_year;nitrogen_stress_year,water_stress,YCA2019_stress_grid_S0005,pareto_balanced,2019-09-21,264,101,96,"{""sim_day"": 101.0, ""doy"": 264.0, ""topwt"": 4110.041198730469, ""grnwt"": 1521.178741455078, ""xlai"": 0.2353078871965408, ""totir"": 40.0, ""tofer"": NaN, ""swfac"": 0.0, ""nstres"": 0.2389643192291259}",0.0,0.2389643192291259,4110.041198730469,1521.178741455078,0.2353078871965408,40.0,,0.0,0.0,40.0,0.0,-4.788212585449218,11.211787414550782,Leave_One_experiments/all_year_offline_schedule_search/daily_outputs/YCA/YCA_2019_YCA2019_stress_grid_S0005_daily.csv
YCA,YCA,Yucheng,2020,Leave_One_experiments\wth_generated_qc\YCA\YCA2020.WTH,normal_year;nitrogen_stress_year;low_response_year,normal,YCA2020_normal_grid_S0015,irrigation_positive_candidate,2020-06-17,169,1,1,"{""sim_day"": 1.0, ""doy"": 169.0, ""topwt"": 0.0, ""grnwt"": 0.0, ""xlai"": 0.0, ""totir"": 0.0, ""tofer"": NaN, ""swfac"": 0.0, ""nstres"": 0.0}",0.0,0.0,0.0,0.0,0.0,0.0,,0.0,50.0,30.0,150.0,4.634191894531249,16.63419189453125,Leave_One_experiments/all_year_offline_schedule_search/daily_outputs/YCA/YCA_2020_YCA2020_normal_grid_S0015_daily.csv
YCA,YCA,Yucheng,2020,Leave_One_experiments\wth_generated_qc\YCA\YCA2020.WTH,normal_year;nitrogen_stress_year;low_response_year,normal,YCA2020_normal_grid_S0015,irrigation_positive_candidate,2020-06-18,170,2,2,"{""sim_day"": 2.0, ""doy"": 170.0, ""topwt"": 0.0, ""grnwt"": 0.0, ""xlai"": 0.0, ""totir"": 0.0, ""tofer"": NaN, ""swfac"": 0.0, ""nstres"": 0.0}",0.0,0.0,0.0,0.0,0.0,0.0,,0.0,0.0,30.0,150.0,4.634191894531249,16.63419189453125,Leave_One_experiments/all_year_offline_schedule_search/daily_outputs/YCA/YCA_2020_YCA2020_normal_grid_S0015_daily.csv
YCA,YCA,Yucheng,2020,Leave_One_experiments\wth_generated_qc\YCA\YCA2020.WTH,normal_year;nitrogen_stress_year;low_response_year,normal,YCA2020_normal_grid_S0015,irrigation_positive_candidate,2020-06-19,171,3,3,"{""sim_day"": 3.0, ""doy"": 171.0, ""topwt"": 0.0, ""grnwt"": 0.0, ""xlai"": 0.0, ""totir"": 0.0, ""tofer"": NaN, ""swfac"": 0.0, ""nstres"": 0.0}",0.0,0.0,0.0,0.0,0.0,0.0,,0.0,0.0,30.0,150.0,4.634191894531249,16.63419189453125,Leave_One_experiments/all_year_offline_schedule_search/daily_outputs/YCA/YCA_2020_YCA2020_normal_grid_S0015_daily.csv
YCA,YCA,Yucheng,2020,Leave_One_experiments\wth_generated_qc\YCA\YCA2020.WTH,normal_year;nitrogen_stress_year;low_response_year,normal,YCA2020_normal_grid_S0015,irrigation_positive_candidate,2020-06-20,172,4,4,"{""sim_day"": 4.0, ""doy"": 172.0, ""topwt"": 0.0, ""grnwt"": 0.0, ""xlai"": 0.0, ""totir"": 0.0, ""tofer"": NaN, ""swfac"": 0.0, ""nstres"": 0.0}",0.0,0.0,0.0,0.0,0.0,0.0,,0.0,0.0,30.0,150.0,4.634191894531249,16.63419189453125,Leave_One_experiments/all_year_offline_schedule_search/daily_outputs/YCA/YCA_2020_YCA2020_normal_grid_S0015_daily.csv
YCA,YCA,Yucheng,2020,Leave_One_experiments\wth_generated_qc\YCA\YCA2020.WTH,normal_year;nitrogen_stress_year;low_response_year,normal,YCA2020_normal_grid_S0015,irrigation_positive_candidate,2020-06-21,173,5,5,"{""sim_day"": 5.0, ""doy"": 173.0, ""topwt"": 0.0, ""grnwt"": 0.0, ""xlai"": 0.0, ""totir"": 0.0, ""tofer"": NaN, ""swfac"": 0.0, ""nstres"": 0.0}",0.0,0.0,0.0,0.0,0.0,0.0,,0.0,0.0,30.0,150.0,4.634191894531249,16.63419189453125,Leave_One_experiments/all_year_offline_schedule_search/daily_outputs/YCA/YCA_2020_YCA2020_normal_grid_S0015_daily.csv
YCA,YCA,Yucheng,2020,Leave_One_experiments\wth_generated_qc\YCA\YCA2020.WTH,normal_year;nitrogen_stress_year;low_response_year,normal,YCA2020_normal_grid_S0015,irrigation_positive_candidate,2020-06-17,169,6,1,"{""sim_day"": 6.0, ""doy"": 169.0, ""topwt"": 0.0, ""grnwt"": 0.0, ""xlai"": 0.0, ""totir"": 0.0, ""tofer"": NaN, ""swfac"": 0.0, ""nstres"": 0.0}",0.0,0.0,0.0,0.0,0.0,0.0,,0.0,0.0,30.0,150.0,4.634191894531249,16.63419189453125,Leave_One_experiments/all_year_offline_schedule_search/daily_outputs/YCA/YCA_2020_YCA2020_normal_grid_S0015_daily.csv
YCA,YCA,Yucheng,2020,Leave_One_experiments\wth_generated_qc\YCA\YCA2020.WTH,normal_year;nitrogen_stress_year;low_response_year,normal,YCA2020_normal_grid_S0015,irrigation_positive_candidate,2020-06-18,170,7,2,"{""sim_day"": 7.0, ""doy"": 170.0, ""topwt"": 0.0, ""grnwt"": 0.0, ""xlai"": 0.0, ""totir"": 0.0, ""tofer"": NaN, ""swfac"": 0.0, ""nstres"": 0.0}",0.0,0.0,0.0,0.0,0.0,0.0,,0.0,0.0,30.0,150.0,4.634191894531249,16.63419189453125,Leave_One_experiments/all_year_offline_schedule_search/daily_outputs/YCA/YCA_2020_YCA2020_normal_grid_S0015_daily.csv
YCA,YCA,Yucheng,2020,Leave_One_experiments\wth_generated_qc\YCA\YCA2020.WTH,normal_year;nitrogen_stress_year;low_response_year,normal,YCA2020_normal_grid_S0015,irrigation_positive_candidate,2020-06-19,171,8,3,"{""sim_day"": 8.0, ""doy"": 171.0, ""topwt"": 0.0, ""grnwt"": 0.0, ""xlai"": 0.0, ""totir"": 0.0, ""tofer"": NaN, ""swfac"": 0.0, ""nstres"": 0.0}",0.0,0.0,0.0,0.0,0.0,0.0,,0.0,0.0,30.0,150.0,4.634191894531249,16.63419189453125,Leave_One_experiments/all_year_offline_schedule_search/daily_outputs/YCA/YCA_2020_YCA2020_normal_grid_S0015_daily.csv
YCA,YCA,Yucheng,2020,Leave_One_experiments\wth_generated_qc\YCA\YCA2020.WTH,normal_year;nitrogen_stress_year;low_response_year,normal,YCA2020_normal_grid_S0015,irrigation_positive_candidate,2020-06-20,172,9,4,"{""sim_day"": 9.0, ""doy"": 172.0, ""topwt"": 0.0, ""grnwt"": 0.0, ""xlai"": 0.0, ""totir"": 0.0, ""tofer"": NaN, ""swfac"": 0.0, ""nstres"": 0.0}",0.0,0.0,0.0,0.0,0.0,0.0,,0.0,0.0,30.0,150.0,4.634191894531249,16.63419189453125,Leave_One_experiments/all_year_offline_schedule_search/daily_outputs/YCA/YCA_2020_YCA2020_normal_grid_S0015_daily.csv
YCA,YCA,Yucheng,2020,Leave_One_experiments\wth_generated_qc\YCA\YCA2020.WTH,normal_year;nitrogen_stress_year;low_response_year,normal,YCA2020_normal_grid_S0015,irrigation_positive_candidate,2020-06-21,173,10,5,"{""sim_day"": 10.0, ""doy"": 173.0, ""topwt"": 26.400001049041748, ""grnwt"": 0.0, ""xlai"": 0.0050107496790587, ""totir"": 0.0, ""tofer"": NaN, ""swfac"": 0.0, ""nstres"": 0.0121910572052001}",0.0,0.0121910572052001,26.400001049041748,0.0,0.0050107496790587,0.0,,0.0,0.0,30.0,150.0,4.634191894531249,16.63419189453125,Leave_One_experiments/all_year_offline_schedule_search/daily_outputs/YCA/YCA_2020_YCA2020_normal_grid_S0015_daily.csv
YCA,YCA,Yucheng,2020,Leave_One_experiments\wth_generated_qc\YCA\YCA2020.WTH,normal_year;nitrogen_stress_year;low_response_year,normal,YCA2020_normal_grid_S0015,irrigation_positive_candidate,2020-06-22,174,11,6,"{""sim_day"": 11.0, ""doy"": 174.0, ""topwt"": 26.400001049041748, ""grnwt"": 0.0, ""xlai"": 0.0092227151617407, ""totir"": 0.0, ""tofer"": NaN, ""swfac"": 0.0, ""nstres"": 0.0139694213867187}",0.0,0.0139694213867187,26.400001049041748,0.0,0.0092227151617407,0.0,,0.0,0.0,30.0,150.0,4.634191894531249,16.63419189453125,Leave_One_experiments/all_year_offline_schedule_search/daily_outputs/YCA/YCA_2020_YCA2020_normal_grid_S0015_daily.csv
YCA,YCA,Yucheng,2020,Leave_One_experiments\wth_generated_qc\YCA\YCA2020.WTH,normal_year;nitrogen_stress_year;low_response_year,normal,YCA2020_normal_grid_S0015,irrigation_positive_candidate,2020-06-23,175,12,7,"{""sim_day"": 12.0, ""doy"": 175.0, ""topwt"": 26.400001049041748, ""grnwt"": 0.0, ""xlai"": 0.0144135067239403, ""totir"": 0.0, ""tofer"": NaN, ""swfac"": 0.0, ""nstres"": 0.0075634717941284}",0.0,0.0075634717941284,26.400001049041748,0.0,0.0144135067239403,0.0,,0.0,0.0,30.0,150.0,4.634191894531249,16.63419189453125,Leave_One_experiments/all_year_offline_schedule_search/daily_outputs/YCA/YCA_2020_YCA2020_normal_grid_S0015_daily.csv
YCA,YCA,Yucheng,2020,Leave_One_experiments\wth_generated_qc\YCA\YCA2020.WTH,normal_year;nitrogen_stress_year;low_response_year,normal,YCA2020_normal_grid_S0015,irrigation_positive_candidate,2020-06-24,176,13,8,"{""sim_day"": 13.0, ""doy"": 176.0, ""topwt"": 26.400001049041748, ""grnwt"": 0.0, ""xlai"": 0.0206701513379812, ""totir"": 0.0, ""tofer"": NaN, ""swfac"": 0.0, ""nstres"": 0.0005924701690673}",0.0,0.0005924701690673,26.400001049041748,0.0,0.0206701513379812,0.0,,0.0,0.0,30.0,150.0,4.634191894531249,16.63419189453125,Leave_One_experiments/all_year_offline_schedule_search/daily_outputs/YCA/YCA_2020_YCA2020_normal_grid_S0015_daily.csv
YCA,YCA,Yucheng,2020,Leave_One_experiments\wth_generated_qc\YCA\YCA2020.WTH,normal_year;nitrogen_stress_year;low_response_year,normal,YCA2020_normal_grid_S0015,irrigation_positive_candidate,2020-06-25,177,14,9,"{""sim_day"": 14.0, ""doy"": 177.0, ""topwt"": 26.400001049041748, ""grnwt"": 0.0, ""xlai"": 0.0423786640167236, ""totir"": 0.0, ""tofer"": NaN, ""swfac"": 0.0, ""nstres"": 0.0}",0.0,0.0,26.400001049041748,0.0,0.0423786640167236,0.0,,0.0,0.0,30.0,150.0,4.634191894531249,16.63419189453125,Leave_One_experiments/all_year_offline_schedule_search/daily_outputs/YCA/YCA_2020_YCA2020_normal_grid_S0015_daily.csv
YCA,YCA,Yucheng,2020,Leave_One_experiments\wth_generated_qc\YCA\YCA2020.WTH,normal_year;nitrogen_stress_year;low_response_year,normal,YCA2020_normal_grid_S0015,irrigation_positive_candidate,2020-06-26,178,15,10,"{""sim_day"": 15.0, ""doy"": 178.0, ""topwt"": 37.94640779495239, ""grnwt"": 0.0, ""xlai"": 0.0748343840241432, ""totir"": 0.0, ""tofer"": NaN, ""swfac"": 0.0, ""nstres"": 0.0}",0.0,0.0,37.94640779495239,0.0,0.0748343840241432,0.0,,0.0,0.0,30.0,150.0,4.634191894531249,16.63419189453125,Leave_One_experiments/all_year_offline_schedule_search/daily_outputs/YCA/YCA_2020_YCA2020_normal_grid_S0015_daily.csv
YCA,YCA,Yucheng,2020,Leave_One_experiments\wth_generated_qc\YCA\YCA2020.WTH,normal_year;nitrogen_stress_year;low_response_year,normal,YCA2020_normal_grid_S0015,irrigation_positive_candidate,2020-06-27,179,16,11,"{""sim_day"": 16.0, ""doy"": 179.0, ""topwt"": 53.88497829437256, ""grnwt"": 0.0, ""xlai"": 0.1111923828721046, ""totir"": 0.0, ""tofer"": NaN, ""swfac"": 0.0, ""nstres"": 0.0}",0.0,0.0,53.88497829437256,0.0,0.1111923828721046,0.0,,0.0,0.0,30.0,150.0,4.634191894531249,16.63419189453125,Leave_One_experiments/all_year_offline_schedule_search/daily_outputs/YCA/YCA_2020_YCA2020_normal_grid_S0015_daily.csv
YCA,YCA,Yucheng,2020,Leave_One_experiments\wth_generated_qc\YCA\YCA2020.WTH,normal_year;nitrogen_stress_year;low_response_year,normal,YCA2020_normal_grid_S0015,irrigation_positive_candidate,2020-06-28,180,17,12,"{""sim_day"": 17.0, ""doy"": 180.0, ""topwt"": 71.14126205444336, ""grnwt"": 0.0, ""xlai"": 0.1473112553358078, ""totir"": 0.0, ""tofer"": NaN, ""swfac"": 0.0, ""nstres"": 0.0}",0.0,0.0,71.14126205444336,0.0,0.1473112553358078,0.0,,0.0,0.0,30.0,150.0,4.634191894531249,16.63419189453125,Leave_One_experiments/all_year_offline_schedule_search/daily_outputs/YCA/YCA_2020_YCA2020_normal_grid_S0015_daily.csv
YCA,YCA,Yucheng,2020,Leave_One_experiments\wth_generated_qc\YCA\YCA2020.WTH,normal_year;nitrogen_stress_year;low_response_year,normal,YCA2020_normal_grid_S0015,irrigation_positive_candidate,2020-06-29,181,18,13,"{""sim_day"": 18.0, ""doy"": 181.0, ""topwt"": 90.18563270568848, ""grnwt"": 0.0, ""xlai"": 0.1846438944339752, ""totir"": 0.0, ""tofer"": NaN, ""swfac"": 0.0, ""nstres"": 0.0}",0.0,0.0,90.18563270568848,0.0,0.1846438944339752,0.0,,0.0,0.0,30.0,150.0,4.634191894531249,16.63419189453125,Leave_One_experiments/all_year_offline_schedule_search/daily_outputs/YCA/YCA_2020_YCA2020_normal_grid_S0015_daily.csv
YCA,YCA,Yucheng,2020,Leave_One_experiments\wth_generated_qc\YCA\YCA2020.WTH,normal_year;nitrogen_stress_year;low_response_year,normal,YCA2020_normal_grid_S0015,irrigation_positive_candidate,2020-06-30,182,19,14,"{""sim_day"": 19.0, ""doy"": 182.0, ""topwt"": 117.18241691589355, ""grnwt"": 0.0, ""xlai"": 0.2344353944063186, ""totir"": 0.0, ""tofer"": NaN, ""swfac"": 0.0, ""nstres"": 0.0}",0.0,0.0,117.18241691589355,0.0,0.2344353944063186,0.0,,0.0,0.0,30.0,150.0,4.634191894531249,16.63419189453125,Leave_One_experiments/all_year_offline_schedule_search/daily_outputs/YCA/YCA_2020_YCA2020_normal_grid_S0015_daily.csv
YCA,YCA,Yucheng,2020,Leave_One_experiments\wth_generated_qc\YCA\YCA2020.WTH,normal_year;nitrogen_stress_year;low_response_year,normal,YCA2020_normal_grid_S0015,irrigation_positive_candidate,2020-07-01,183,20,15,"{""sim_day"": 20.0, ""doy"": 183.0, ""topwt"": 146.91804885864258, ""grnwt"": 0.0, ""xlai"": 0.2862234711647033, ""totir"": 0.0, ""tofer"": NaN, ""swfac"": 0.0, ""nstres"": 0.0}",0.0,0.0,146.91804885864258,0.0,0.2862234711647033,0.0,,0.0,0.0,30.0,150.0,4.634191894531249,16.63419189453125,Leave_One_experiments/all_year_offline_schedule_search/daily_outputs/YCA/YCA_2020_YCA2020_normal_grid_S0015_daily.csv
YCA,YCA,Yucheng,2020,Leave_One_experiments\wth_generated_qc\YCA\YCA2020.WTH,normal_year;nitrogen_stress_year;low_response_year,normal,YCA2020_normal_grid_S0015,irrigation_positive_candidate,2020-07-02,184,21,16,"{""sim_day"": 21.0, ""doy"": 184.0, ""topwt"": 159.08461570739746, ""grnwt"": 0.0, ""xlai"": 0.3275198340415954, ""totir"": 0.0, ""tofer"": NaN, ""swfac"": 0.0, ""nstres"": 0.0}",0.0,0.0,159.08461570739746,0.0,0.3275198340415954,0.0,,0.0,0.0,30.0,150.0,4.634191894531249,16.63419189453125,Leave_One_experiments/all_year_offline_schedule_search/daily_outputs/YCA/YCA_2020_YCA2020_normal_grid_S0015_daily.csv
YCA,YCA,Yucheng,2020,Leave_One_experiments\wth_generated_qc\YCA\YCA2020.WTH,normal_year;nitrogen_stress_year;low_response_year,normal,YCA2020_normal_grid_S0015,irrigation_positive_candidate,2020-07-03,185,22,17,"{""sim_day"": 22.0, ""doy"": 185.0, ""topwt"": 206.81795120239255, ""grnwt"": 0.0, ""xlai"": 0.3838387429714203, ""totir"": 0.0, ""tofer"": NaN, ""swfac"": 0.0, ""nstres"": 0.0}",0.0,0.0,206.81795120239255,0.0,0.3838387429714203,0.0,,0.0,0.0,30.0,150.0,4.634191894531249,16.63419189453125,Leave_One_experiments/all_year_offline_schedule_search/daily_outputs/YCA/YCA_2020_YCA2020_normal_grid_S0015_daily.csv
YCA,YCA,Yucheng,2020,Leave_One_experiments\wth_generated_qc\YCA\YCA2020.WTH,normal_year;nitrogen_stress_year;low_response_year,normal,YCA2020_normal_grid_S0015,irrigation_positive_candidate,2020-07-04,186,23,18,"{""sim_day"": 23.0, ""doy"": 186.0, ""topwt"": 246.43386840820312, ""grnwt"": 0.0, ""xlai"": 0.4751189351081848, ""totir"": 0.0, ""tofer"": NaN, ""swfac"": 0.0, ""nstres"": 0.0}",0.0,0.0,246.43386840820312,0.0,0.4751189351081848,0.0,,0.0,0.0,30.0,150.0,4.634191894531249,16.63419189453125,Leave_One_experiments/all_year_offline_schedule_search/daily_outputs/YCA/YCA_2020_YCA2020_normal_grid_S0015_daily.csv
YCA,YCA,Yucheng,2020,Leave_One_experiments\wth_generated_qc\YCA\YCA2020.WTH,normal_year;nitrogen_stress_year;low_response_year,normal,YCA2020_normal_grid_S0015,irrigation_positive_candidate,2020-07-05,187,24,19,"{""sim_day"": 24.0, ""doy"": 187.0, ""topwt"": 312.8407096862793, ""grnwt"": 0.0, ""xlai"": 0.579434335231781, ""totir"": 0.0, ""tofer"": NaN, ""swfac"": 0.0, ""nstres"": 0.0004795789718627}",0.0,0.0004795789718627,312.8407096862793,0.0,0.579434335231781,0.0,,0.0,0.0,30.0,150.0,4.634191894531249,16.63419189453125,Leave_One_experiments/all_year_offline_schedule_search/daily_outputs/YCA/YCA_2020_YCA2020_normal_grid_S0015_daily.csv
YCA,YCA,Yucheng,2020,Leave_One_experiments\wth_generated_qc\YCA\YCA2020.WTH,normal_year;nitrogen_stress_year;low_response_year,normal,YCA2020_normal_grid_S0015,irrigation_positive_candidate,2020-07-06,188,25,20,"{""sim_day"": 25.0, ""doy"": 188.0, ""topwt"": 393.6257553100586, ""grnwt"": 0.0, ""xlai"": 0.6999363899230957, ""totir"": 0.0, ""tofer"": NaN, ""swfac"": 0.0, ""nstres"": 0.0}",0.0,0.0,393.6257553100586,0.0,0.6999363899230957,0.0,,0.0,0.0,30.0,150.0,4.634191894531249,16.63419189453125,Leave_One_experiments/all_year_offline_schedule_search/daily_outputs/YCA/YCA_2020_YCA2020_normal_grid_S0015_daily.csv
YCA,YCA,Yucheng,2020,Leave_One_experiments\wth_generated_qc\YCA\YCA2020.WTH,normal_year;nitrogen_stress_year;low_response_year,normal,YCA2020_normal_grid_S0015,irrigation_positive_candidate,2020-07-07,189,26,21,"{""sim_day"": 26.0, ""doy"": 189.0, ""topwt"": 488.3733367919922, ""grnwt"": 0.0, ""xlai"": 0.8345100283622742, ""totir"": 0.0, ""tofer"": NaN, ""swfac"": 0.0, ""nstres"": 0.0}",0.0,0.0,488.3733367919922,0.0,0.8345100283622742,0.0,,0.0,0.0,30.0,150.0,4.634191894531249,16.63419189453125,Leave_One_experiments/all_year_offline_schedule_search/daily_outputs/YCA/YCA_2020_YCA2020_normal_grid_S0015_daily.csv
YCA,YCA,Yucheng,2020,Leave_One_experiments\wth_generated_qc\YCA\YCA2020.WTH,normal_year;nitrogen_stress_year;low_response_year,normal,YCA2020_normal_grid_S0015,irrigation_positive_candidate,2020-07-08,190,27,22,"{""sim_day"": 27.0, ""doy"": 190.0, ""topwt"": 549.672737121582, ""grnwt"": 0.0, ""xlai"": 0.918173611164093, ""totir"": 0.0, ""tofer"": NaN, ""swfac"": 0.0, ""nstres"": 0.0}",0.0,0.0,549.672737121582,0.0,0.918173611164093,0.0,,0.0,0.0,30.0,150.0,4.634191894531249,16.63419189453125,Leave_One_experiments/all_year_offline_schedule_search/daily_outputs/YCA/YCA_2020_YCA2020_normal_grid_S0015_daily.csv
YCA,YCA,Yucheng,2020,Leave_One_experiments\wth_generated_qc\YCA\YCA2020.WTH,normal_year;nitrogen_stress_year;low_response_year,normal,YCA2020_normal_grid_S0015,irrigation_positive_candidate,2020-07-09,191,28,23,"{""sim_day"": 28.0, ""doy"": 191.0, ""topwt"": 647.8479766845703, ""grnwt"": 0.0, ""xlai"": 1.048485279083252, ""totir"": 0.0, ""tofer"": NaN, ""swfac"": 0.0, ""nstres"": 0.0}",0.0,0.0,647.8479766845703,0.0,1.048485279083252,0.0,,0.0,0.0,30.0,150.0,4.634191894531249,16.63419189453125,Leave_One_experiments/all_year_offline_schedule_search/daily_outputs/YCA/YCA_2020_YCA2020_normal_grid_S0015_daily.csv
YCA,YCA,Yucheng,2020,Leave_One_experiments\wth_generated_qc\YCA\YCA2020.WTH,normal_year;nitrogen_stress_year;low_response_year,normal,YCA2020_normal_grid_S0015,irrigation_positive_candidate,2020-07-10,192,29,24,"{""sim_day"": 29.0, ""doy"": 192.0, ""topwt"": 746.4664459228516, ""grnwt"": 0.0, ""xlai"": 1.1717243194580078, ""totir"": 0.0, ""tofer"": NaN, ""swfac"": 0.0, ""nstres"": 0.0}",0.0,0.0,746.4664459228516,0.0,1.1717243194580078,0.0,,0.0,0.0,30.0,150.0,4.634191894531249,16.63419189453125,Leave_One_experiments/all_year_offline_schedule_search/daily_outputs/YCA/YCA_2020_YCA2020_normal_grid_S0015_daily.csv
YCA,YCA,Yucheng,2020,Leave_One_experiments\wth_generated_qc\YCA\YCA2020.WTH,normal_year;nitrogen_stress_year;low_response_year,normal,YCA2020_normal_grid_S0015,irrigation_positive_candidate,2020-07-11,193,30,25,"{""sim_day"": 30.0, ""doy"": 193.0, ""topwt"": 851.563720703125, ""grnwt"": 0.0, ""xlai"": 1.3069082498550415, ""totir"": 0.0, ""tofer"": NaN, ""swfac"": 0.0, ""nstres"": 0.0}",0.0,0.0,851.563720703125,0.0,1.3069082498550415,0.0,,0.0,0.0,30.0,150.0,4.634191894531249,16.63419189453125,Leave_One_experiments/all_year_offline_schedule_search/daily_outputs/YCA/YCA_2020_YCA2020_normal_grid_S0015_daily.csv
YCA,YCA,Yucheng,2020,Leave_One_experiments\wth_generated_qc\YCA\YCA2020.WTH,normal_year;nitrogen_stress_year;low_response_year,normal,YCA2020_normal_grid_S0015,irrigation_positive_candidate,2020-07-12,194,31,26,"{""sim_day"": 31.0, ""doy"": 194.0, ""topwt"": 981.4788818359376, ""grnwt"": 0.0, ""xlai"": 1.4670406579971311, ""totir"": 0.0, ""tofer"": NaN, ""swfac"": 0.0, ""nstres"": 0.0}",0.0,0.0,981.4788818359376,0.0,1.4670406579971311,0.0,,0.0,0.0,30.0,150.0,4.634191894531249,16.63419189453125,Leave_One_experiments/all_year_offline_schedule_search/daily_outputs/YCA/YCA_2020_YCA2020_normal_grid_S0015_daily.csv
YCA,YCA,Yucheng,2020,Leave_One_experiments\wth_generated_qc\YCA\YCA2020.WTH,normal_year;nitrogen_stress_year;low_response_year,normal,YCA2020_normal_grid_S0015,irrigation_positive_candidate,2020-07-13,195,32,27,"{""sim_day"": 32.0, ""doy"": 195.0, ""topwt"": 1121.3033294677734, ""grnwt"": 0.0, ""xlai"": 1.631216526031494, ""totir"": 0.0, ""tofer"": NaN, ""swfac"": 0.0, ""nstres"": 0.0}",0.0,0.0,1121.3033294677734,0.0,1.631216526031494,0.0,,0.0,0.0,30.0,150.0,4.634191894531249,16.63419189453125,Leave_One_experiments/all_year_offline_schedule_search/daily_outputs/YCA/YCA_2020_YCA2020_normal_grid_S0015_daily.csv
YCA,YCA,Yucheng,2020,Leave_One_experiments\wth_generated_qc\YCA\YCA2020.WTH,normal_year;nitrogen_stress_year;low_response_year,normal,YCA2020_normal_grid_S0015,irrigation_positive_candidate,2020-07-14,196,33,28,"{""sim_day"": 33.0, ""doy"": 196.0, ""topwt"": 1280.8816528320312, ""grnwt"": 0.0, ""xlai"": 1.8085274696350095, ""totir"": 0.0, ""tofer"": NaN, ""swfac"": 0.0, ""nstres"": 0.0}",0.0,0.0,1280.8816528320312,0.0,1.8085274696350095,0.0,,0.0,0.0,30.0,150.0,4.634191894531249,16.63419189453125,Leave_One_experiments/all_year_offline_schedule_search/daily_outputs/YCA/YCA_2020_YCA2020_normal_grid_S0015_daily.csv
YCA,YCA,Yucheng,2020,Leave_One_experiments\wth_generated_qc\YCA\YCA2020.WTH,normal_year;nitrogen_stress_year;low_response_year,normal,YCA2020_normal_grid_S0015,irrigation_positive_candidate,2020-07-15,197,34,29,"{""sim_day"": 34.0, ""doy"": 197.0, ""topwt"": 1457.206573486328, ""grnwt"": 0.0, ""xlai"": 1.992747187614441, ""totir"": 0.0, ""tofer"": NaN, ""swfac"": 0.0, ""nstres"": 0.0}",0.0,0.0,1457.206573486328,0.0,1.992747187614441,0.0,,0.0,0.0,30.0,150.0,4.634191894531249,16.63419189453125,Leave_One_experiments/all_year_offline_schedule_search/daily_outputs/YCA/YCA_2020_YCA2020_normal_grid_S0015_daily.csv
YCA,YCA,Yucheng,2020,Leave_One_experiments\wth_generated_qc\YCA\YCA2020.WTH,normal_year;nitrogen_stress_year;low_response_year,normal,YCA2020_normal_grid_S0015,irrigation_positive_candidate,2020-07-16,198,35,30,"{""sim_day"": 35.0, ""doy"": 198.0, ""topwt"": 1641.4968872070312, ""grnwt"": 0.0, ""xlai"": 2.173285961151123, ""totir"": 0.0, ""tofer"": NaN, ""swfac"": 0.0, ""nstres"": 0.0}",0.0,0.0,1641.4968872070312,0.0,2.173285961151123,0.0,,0.0,50.0,30.0,150.0,4.634191894531249,16.63419189453125,Leave_One_experiments/all_year_offline_schedule_search/daily_outputs/YCA/YCA_2020_YCA2020_normal_grid_S0015_daily.csv
YCA,YCA,Yucheng,2020,Leave_One_experiments\wth_generated_qc\YCA\YCA2020.WTH,normal_year;nitrogen_stress_year;low_response_year,normal,YCA2020_normal_grid_S0015,irrigation_positive_candidate,2020-07-17,199,36,31,"{""sim_day"": 36.0, ""doy"": 199.0, ""topwt"": 1821.519775390625, ""grnwt"": 0.0, ""xlai"": 2.338996648788452, ""totir"": 0.0, ""tofer"": NaN, ""swfac"": 0.0, ""nstres"": 0.0}",0.0,0.0,1821.519775390625,0.0,2.338996648788452,0.0,,0.0,0.0,30.0,150.0,4.634191894531249,16.63419189453125,Leave_One_experiments/all_year_offline_schedule_search/daily_outputs/YCA/YCA_2020_YCA2020_normal_grid_S0015_daily.csv
YCA,YCA,Yucheng,2020,Leave_One_experiments\wth_generated_qc\YCA\YCA2020.WTH,normal_year;nitrogen_stress_year;low_response_year,normal,YCA2020_normal_grid_S0015,irrigation_positive_candidate,2020-07-18,200,37,32,"{""sim_day"": 37.0, ""doy"": 200.0, ""topwt"": 2014.0316772460935, ""grnwt"": 0.0, ""xlai"": 2.5052707195281982, ""totir"": 0.0, ""tofer"": NaN, ""swfac"": 0.0, ""nstres"": 0.0}",0.0,0.0,2014.0316772460935,0.0,2.5052707195281982,0.0,,0.0,0.0,30.0,150.0,4.634191894531249,16.63419189453125,Leave_One_experiments/all_year_offline_schedule_search/daily_outputs/YCA/YCA_2020_YCA2020_normal_grid_S0015_daily.csv
YCA,YCA,Yucheng,2020,Leave_One_experiments\wth_generated_qc\YCA\YCA2020.WTH,normal_year;nitrogen_stress_year;low_response_year,normal,YCA2020_normal_grid_S0015,irrigation_positive_candidate,2020-07-19,201,38,33,"{""sim_day"": 38.0, ""doy"": 201.0, ""topwt"": 2228.540344238281, ""grnwt"": 0.0, ""xlai"": 2.6783854961395264, ""totir"": 0.0, ""tofer"": NaN, ""swfac"": 0.0, ""nstres"": 0.0}",0.0,0.0,2228.540344238281,0.0,2.6783854961395264,0.0,,0.0,0.0,30.0,150.0,4.634191894531249,16.63419189453125,Leave_One_experiments/all_year_offline_schedule_search/daily_outputs/YCA/YCA_2020_YCA2020_normal_grid_S0015_daily.csv
YCA,YCA,Yucheng,2020,Leave_One_experiments\wth_generated_qc\YCA\YCA2020.WTH,normal_year;nitrogen_stress_year;low_response_year,normal,YCA2020_normal_grid_S0015,irrigation_positive_candidate,2020-07-20,202,39,34,"{""sim_day"": 39.0, ""doy"": 202.0, ""topwt"": 2462.0584106445312, ""grnwt"": 0.0, ""xlai"": 2.8539867401123047, ""totir"": 0.0, ""tofer"": NaN, ""swfac"": 0.0, ""nstres"": 0.0}",0.0,0.0,2462.0584106445312,0.0,2.8539867401123047,0.0,,0.0,0.0,30.0,150.0,4.634191894531249,16.63419189453125,Leave_One_experiments/all_year_offline_schedule_search/daily_outputs/YCA/YCA_2020_YCA2020_normal_grid_S0015_daily.csv
YCA,YCA,Yucheng,2020,Leave_One_experiments\wth_generated_qc\YCA\YCA2020.WTH,normal_year;nitrogen_stress_year;low_response_year,normal,YCA2020_normal_grid_S0015,irrigation_positive_candidate,2020-07-21,203,40,35,"{""sim_day"": 40.0, ""doy"": 203.0, ""topwt"": 2639.795227050781, ""grnwt"": 0.0, ""xlai"": 2.978938579559326, ""totir"": 30.0, ""tofer"": NaN, ""swfac"": 0.0, ""nstres"": 0.0}",0.0,0.0,2639.795227050781,0.0,2.978938579559326,30.0,,30.0,0.0,30.0,150.0,4.634191894531249,16.63419189453125,Leave_One_experiments/all_year_offline_schedule_search/daily_outputs/YCA/YCA_2020_YCA2020_normal_grid_S0015_daily.csv
YCA,YCA,Yucheng,2020,Leave_One_experiments\wth_generated_qc\YCA\YCA2020.WTH,normal_year;nitrogen_stress_year;low_response_year,normal,YCA2020_normal_grid_S0015,irrigation_positive_candidate,2020-07-22,204,41,36,"{""sim_day"": 41.0, ""doy"": 204.0, ""topwt"": 2888.296203613281, ""grnwt"": 0.0, ""xlai"": 3.1425118446350098, ""totir"": 30.0, ""tofer"": NaN, ""swfac"": 0.0, ""nstres"": 0.0}",0.0,0.0,2888.296203613281,0.0,3.1425118446350098,30.0,,0.0,0.0,30.0,150.0,4.634191894531249,16.63419189453125,Leave_One_experiments/all_year_offline_schedule_search/daily_outputs/YCA/YCA_2020_YCA2020_normal_grid_S0015_daily.csv
YCA,YCA,Yucheng,2020,Leave_One_experiments\wth_generated_qc\YCA\YCA2020.WTH,normal_year;nitrogen_stress_year;low_response_year,normal,YCA2020_normal_grid_S0015,irrigation_positive_candidate,2020-07-23,205,42,37,"{""sim_day"": 42.0, ""doy"": 205.0, ""topwt"": 3178.788452148437, ""grnwt"": 0.0, ""xlai"": 3.3201916217803955, ""totir"": 30.0, ""tofer"": NaN, ""swfac"": 0.0, ""nstres"": 0.0}",0.0,0.0,3178.788452148437,0.0,3.3201916217803955,30.0,,0.0,0.0,30.0,150.0,4.634191894531249,16.63419189453125,Leave_One_experiments/all_year_offline_schedule_search/daily_outputs/YCA/YCA_2020_YCA2020_normal_grid_S0015_daily.csv
YCA,YCA,Yucheng,2020,Leave_One_experiments\wth_generated_qc\YCA\YCA2020.WTH,normal_year;nitrogen_stress_year;low_response_year,normal,YCA2020_normal_grid_S0015,irrigation_positive_candidate,2020-07-24,206,43,38,"{""sim_day"": 43.0, ""doy"": 206.0, ""topwt"": 3428.7240600585938, ""grnwt"": 0.0, ""xlai"": 3.4624061584472656, ""totir"": 30.0, ""tofer"": NaN, ""swfac"": 0.0, ""nstres"": 0.0}",0.0,0.0,3428.7240600585938,0.0,3.4624061584472656,30.0,,0.0,0.0,30.0,150.0,4.634191894531249,16.63419189453125,Leave_One_experiments/all_year_offline_schedule_search/daily_outputs/YCA/YCA_2020_YCA2020_normal_grid_S0015_daily.csv
YCA,YCA,Yucheng,2020,Leave_One_experiments\wth_generated_qc\YCA\YCA2020.WTH,normal_year;nitrogen_stress_year;low_response_year,normal,YCA2020_normal_grid_S0015,irrigation_positive_candidate,2020-07-25,207,44,39,"{""sim_day"": 44.0, ""doy"": 207.0, ""topwt"": 3498.4503173828125, ""grnwt"": 0.0, ""xlai"": 3.499666690826416, ""totir"": 30.0, ""tofer"": NaN, ""swfac"": 0.0, ""nstres"": 0.0}",0.0,0.0,3498.4503173828125,0.0,3.499666690826416,30.0,,0.0,0.0,30.0,150.0,4.634191894531249,16.63419189453125,Leave_One_experiments/all_year_offline_schedule_search/daily_outputs/YCA/YCA_2020_YCA2020_normal_grid_S0015_daily.csv
YCA,YCA,Yucheng,2020,Leave_One_experiments\wth_generated_qc\YCA\YCA2020.WTH,normal_year;nitrogen_stress_year;low_response_year,normal,YCA2020_normal_grid_S0015,irrigation_positive_candidate,2020-07-26,208,45,40,"{""sim_day"": 45.0, ""doy"": 208.0, ""topwt"": 3751.190490722656, ""grnwt"": 0.0, ""xlai"": 3.62343430519104, ""totir"": 30.0, ""tofer"": NaN, ""swfac"": 0.0, ""nstres"": 0.0085892081260681}",0.0,0.0085892081260681,3751.190490722656,0.0,3.62343430519104,30.0,,0.0,0.0,30.0,150.0,4.634191894531249,16.63419189453125,Leave_One_experiments/all_year_offline_schedule_search/daily_outputs/YCA/YCA_2020_YCA2020_normal_grid_S0015_daily.csv
YCA,YCA,Yucheng,2020,Leave_One_experiments\wth_generated_qc\YCA\YCA2020.WTH,normal_year;nitrogen_stress_year;low_response_year,normal,YCA2020_normal_grid_S0015,irrigation_positive_candidate,2020-07-27,209,46,41,"{""sim_day"": 46.0, ""doy"": 209.0, ""topwt"": 4118.686828613281, ""grnwt"": 0.0, ""xlai"": 3.793884754180908, ""totir"": 30.0, ""tofer"": NaN, ""swfac"": 0.0, ""nstres"": 0.0053697824478149}",0.0,0.0053697824478149,4118.686828613281,0.0,3.793884754180908,30.0,,0.0,0.0,30.0,150.0,4.634191894531249,16.63419189453125,Leave_One_experiments/all_year_offline_schedule_search/daily_outputs/YCA/YCA_2020_YCA2020_normal_grid_S0015_daily.csv
YCA,YCA,Yucheng,2020,Leave_One_experiments\wth_generated_qc\YCA\YCA2020.WTH,normal_year;nitrogen_stress_year;low_response_year,normal,YCA2020_normal_grid_S0015,irrigation_positive_candidate,2020-07-28,210,47,42,"{""sim_day"": 47.0, ""doy"": 210.0, ""topwt"": 4517.918701171875, ""grnwt"": 0.0, ""xlai"": 3.954405069351196, ""totir"": 30.0, ""tofer"": NaN, ""swfac"": 0.0, ""nstres"": 0.0275459289550781}",0.0,0.0275459289550781,4517.918701171875,0.0,3.954405069351196,30.0,,0.0,0.0,30.0,150.0,4.634191894531249,16.63419189453125,Leave_One_experiments/all_year_offline_schedule_search/daily_outputs/YCA/YCA_2020_YCA2020_normal_grid_S0015_daily.csv
YCA,YCA,Yucheng,2020,Leave_One_experiments\wth_generated_qc\YCA\YCA2020.WTH,normal_year;nitrogen_stress_year;low_response_year,normal,YCA2020_normal_grid_S0015,irrigation_positive_candidate,2020-07-29,211,48,43,"{""sim_day"": 48.0, ""doy"": 211.0, ""topwt"": 4915.3448486328125, ""grnwt"": 0.0, ""xlai"": 4.083887577056885, ""totir"": 30.0, ""tofer"": NaN, ""swfac"": 0.0, ""nstres"": 0.0607732534408569}",0.0,0.0607732534408569,4915.3448486328125,0.0,4.083887577056885,30.0,,0.0,0.0,30.0,150.0,4.634191894531249,16.63419189453125,Leave_One_experiments/all_year_offline_schedule_search/daily_outputs/YCA/YCA_2020_YCA2020_normal_grid_S0015_daily.csv
YCA,YCA,Yucheng,2020,Leave_One_experiments\wth_generated_qc\YCA\YCA2020.WTH,normal_year;nitrogen_stress_year;low_response_year,normal,YCA2020_normal_grid_S0015,irrigation_positive_candidate,2020-07-30,212,49,44,"{""sim_day"": 49.0, ""doy"": 212.0, ""topwt"": 5319.6368408203125, ""grnwt"": 0.0, ""xlai"": 4.230674743652344, ""totir"": 30.0, ""tofer"": NaN, ""swfac"": 0.0, ""nstres"": 0.0913747549057006}",0.0,0.0913747549057006,5319.6368408203125,0.0,4.230674743652344,30.0,,0.0,0.0,30.0,150.0,4.634191894531249,16.63419189453125,Leave_One_experiments/all_year_offline_schedule_search/daily_outputs/YCA/YCA_2020_YCA2020_normal_grid_S0015_daily.csv
YCA,YCA,Yucheng,2020,Leave_One_experiments\wth_generated_qc\YCA\YCA2020.WTH,normal_year;nitrogen_stress_year;low_response_year,normal,YCA2020_normal_grid_S0015,irrigation_positive_candidate,2020-07-31,213,50,45,"{""sim_day"": 50.0, ""doy"": 213.0, ""topwt"": 5611.781005859375, ""grnwt"": 0.0, ""xlai"": 4.280958652496338, ""totir"": 30.0, ""tofer"": NaN, ""swfac"": 0.0, ""nstres"": 0.115958571434021}",0.0,0.115958571434021,5611.781005859375,0.0,4.280958652496338,30.0,,0.0,0.0,30.0,150.0,4.634191894531249,16.63419189453125,Leave_One_experiments/all_year_offline_schedule_search/daily_outputs/YCA/YCA_2020_YCA2020_normal_grid_S0015_daily.csv
YCA,YCA,Yucheng,2020,Leave_One_experiments\wth_generated_qc\YCA\YCA2020.WTH,normal_year;nitrogen_stress_year;low_response_year,normal,YCA2020_normal_grid_S0015,irrigation_positive_candidate,2020-08-01,214,51,46,"{""sim_day"": 51.0, ""doy"": 214.0, ""topwt"": 5908.639526367188, ""grnwt"": 0.0, ""xlai"": 4.3067827224731445, ""totir"": 30.0, ""tofer"": NaN, ""swfac"": 0.0, ""nstres"": 0.1367936134338379}",0.0,0.1367936134338379,5908.639526367188,0.0,4.3067827224731445,30.0,,0.0,0.0,30.0,150.0,4.634191894531249,16.63419189453125,Leave_One_experiments/all_year_offline_schedule_search/daily_outputs/YCA/YCA_2020_YCA2020_normal_grid_S0015_daily.csv
YCA,YCA,Yucheng,2020,Leave_One_experiments\wth_generated_qc\YCA\YCA2020.WTH,normal_year;nitrogen_stress_year;low_response_year,normal,YCA2020_normal_grid_S0015,irrigation_positive_candidate,2020-08-02,215,52,47,"{""sim_day"": 52.0, ""doy"": 215.0, ""topwt"": 6174.126586914063, ""grnwt"": 0.0, ""xlai"": 4.307114601135254, ""totir"": 30.0, ""tofer"": NaN, ""swfac"": 0.0, ""nstres"": 0.146796703338623}",0.0,0.146796703338623,6174.126586914063,0.0,4.307114601135254,30.0,,0.0,0.0,30.0,150.0,4.634191894531249,16.63419189453125,Leave_One_experiments/all_year_offline_schedule_search/daily_outputs/YCA/YCA_2020_YCA2020_normal_grid_S0015_daily.csv
YCA,YCA,Yucheng,2020,Leave_One_experiments\wth_generated_qc\YCA\YCA2020.WTH,normal_year;nitrogen_stress_year;low_response_year,normal,YCA2020_normal_grid_S0015,irrigation_positive_candidate,2020-08-03,216,53,48,"{""sim_day"": 53.0, ""doy"": 216.0, ""topwt"": 6460.939331054688, ""grnwt"": 0.0, ""xlai"": 4.301909446716309, ""totir"": 30.0, ""tofer"": NaN, ""swfac"": 0.0, ""nstres"": 0.1559104323387146}",0.0,0.1559104323387146,6460.939331054688,0.0,4.301909446716309,30.0,,0.0,0.0,30.0,150.0,4.634191894531249,16.63419189453125,Leave_One_experiments/all_year_offline_schedule_search/daily_outputs/YCA/YCA_2020_YCA2020_normal_grid_S0015_daily.csv
YCA,YCA,Yucheng,2020,Leave_One_experiments\wth_generated_qc\YCA\YCA2020.WTH,normal_year;nitrogen_stress_year;low_response_year,normal,YCA2020_normal_grid_S0015,irrigation_positive_candidate,2020-08-04,217,54,49,"{""sim_day"": 54.0, ""doy"": 217.0, ""topwt"": 6560.045776367188, ""grnwt"": 0.0, ""xlai"": 4.239677429199219, ""totir"": 30.0, ""tofer"": NaN, ""swfac"": 0.0, ""nstres"": 0.1626152992248535}",0.0,0.1626152992248535,6560.045776367188,0.0,4.239677429199219,30.0,,0.0,0.0,30.0,150.0,4.634191894531249,16.63419189453125,Leave_One_experiments/all_year_offline_schedule_search/daily_outputs/YCA/YCA_2020_YCA2020_normal_grid_S0015_daily.csv
YCA,YCA,Yucheng,2020,Leave_One_experiments\wth_generated_qc\YCA\YCA2020.WTH,normal_year;nitrogen_stress_year;low_response_year,normal,YCA2020_normal_grid_S0015,irrigation_positive_candidate,2020-08-05,218,55,50,"{""sim_day"": 55.0, ""doy"": 218.0, ""topwt"": 6582.066650390625, ""grnwt"": 0.0, ""xlai"": 4.154880523681641, ""totir"": 30.0, ""tofer"": NaN, ""swfac"": 0.0, ""nstres"": 0.1692759990692138}",0.0,0.1692759990692138,6582.066650390625,0.0,4.154880523681641,30.0,,0.0,0.0,30.0,150.0,4.634191894531249,16.63419189453125,Leave_One_experiments/all_year_offline_schedule_search/daily_outputs/YCA/YCA_2020_YCA2020_normal_grid_S0015_daily.csv
YCA,YCA,Yucheng,2020,Leave_One_experiments\wth_generated_qc\YCA\YCA2020.WTH,normal_year;nitrogen_stress_year;low_response_year,normal,YCA2020_normal_grid_S0015,irrigation_positive_candidate,2020-08-06,219,56,51,"{""sim_day"": 56.0, ""doy"": 219.0, ""topwt"": 6692.022705078125, ""grnwt"": 0.0, ""xlai"": 4.092789649963379, ""totir"": 30.0, ""tofer"": NaN, ""swfac"": 0.0, ""nstres"": 0.1685978174209594}",0.0,0.1685978174209594,6692.022705078125,0.0,4.092789649963379,30.0,,0.0,0.0,30.0,150.0,4.634191894531249,16.63419189453125,Leave_One_experiments/all_year_offline_schedule_search/daily_outputs/YCA/YCA_2020_YCA2020_normal_grid_S0015_daily.csv
YCA,YCA,Yucheng,2020,Leave_One_experiments\wth_generated_qc\YCA\YCA2020.WTH,normal_year;nitrogen_stress_year;low_response_year,normal,YCA2020_normal_grid_S0015,irrigation_positive_candidate,2020-08-07,220,57,52,"{""sim_day"": 57.0, ""doy"": 220.0, ""topwt"": 6864.5635986328125, ""grnwt"": 0.0, ""xlai"": 4.048873901367188, ""totir"": 30.0, ""tofer"": NaN, ""swfac"": 0.0, ""nstres"": 0.1645494699478149}",0.0,0.1645494699478149,6864.5635986328125,0.0,4.048873901367188,30.0,,0.0,0.0,30.0,150.0,4.634191894531249,16.63419189453125,Leave_One_experiments/all_year_offline_schedule_search/daily_outputs/YCA/YCA_2020_YCA2020_normal_grid_S0015_daily.csv
YCA,YCA,Yucheng,2020,Leave_One_experiments\wth_generated_qc\YCA\YCA2020.WTH,normal_year;nitrogen_stress_year;low_response_year,normal,YCA2020_normal_grid_S0015,irrigation_positive_candidate,2020-08-08,221,58,53,"{""sim_day"": 58.0, ""doy"": 221.0, ""topwt"": 7111.334838867188, ""grnwt"": 0.0, ""xlai"": 4.023730754852295, ""totir"": 30.0, ""tofer"": NaN, ""swfac"": 0.0, ""nstres"": 0.1638233661651611}",0.0,0.1638233661651611,7111.334838867188,0.0,4.023730754852295,30.0,,0.0,0.0,30.0,150.0,4.634191894531249,16.63419189453125,Leave_One_experiments/all_year_offline_schedule_search/daily_outputs/YCA/YCA_2020_YCA2020_normal_grid_S0015_daily.csv
YCA,YCA,Yucheng,2020,Leave_One_experiments\wth_generated_qc\YCA\YCA2020.WTH,normal_year;nitrogen_stress_year;low_response_year,normal,YCA2020_normal_grid_S0015,irrigation_positive_candidate,2020-08-09,222,59,54,"{""sim_day"": 59.0, ""doy"": 222.0, ""topwt"": 7364.01123046875, ""grnwt"": 0.0, ""xlai"": 3.9999923706054688, ""totir"": 30.0, ""tofer"": NaN, ""swfac"": 0.0, ""nstres"": 0.1647098064422607}",0.0,0.1647098064422607,7364.01123046875,0.0,3.9999923706054688,30.0,,0.0,0.0,30.0,150.0,4.634191894531249,16.63419189453125,Leave_One_experiments/all_year_offline_schedule_search/daily_outputs/YCA/YCA_2020_YCA2020_normal_grid_S0015_daily.csv
YCA,YCA,Yucheng,2020,Leave_One_experiments\wth_generated_qc\YCA\YCA2020.WTH,normal_year;nitrogen_stress_year;low_response_year,normal,YCA2020_normal_grid_S0015,irrigation_positive_candidate,2020-08-10,223,60,55,"{""sim_day"": 60.0, ""doy"": 223.0, ""topwt"": 7618.258056640625, ""grnwt"": 0.0, ""xlai"": 3.977111577987671, ""totir"": 30.0, ""tofer"": NaN, ""swfac"": 0.0, ""nstres"": 0.1646130084991455}",0.0,0.1646130084991455,7618.258056640625,0.0,3.977111577987671,30.0,,0.0,0.0,30.0,150.0,4.634191894531249,16.63419189453125,Leave_One_experiments/all_year_offline_schedule_search/daily_outputs/YCA/YCA_2020_YCA2020_normal_grid_S0015_daily.csv
YCA,YCA,Yucheng,2020,Leave_One_experiments\wth_generated_qc\YCA\YCA2020.WTH,normal_year;nitrogen_stress_year;low_response_year,normal,YCA2020_normal_grid_S0015,irrigation_positive_candidate,2020-08-11,224,61,56,"{""sim_day"": 61.0, ""doy"": 224.0, ""topwt"": 7686.7327880859375, ""grnwt"": 0.0, ""xlai"": 3.895889043807984, ""totir"": 30.0, ""tofer"": NaN, ""swfac"": 0.0, ""nstres"": 0.163379967212677}",0.0,0.163379967212677,7686.7327880859375,0.0,3.895889043807984,30.0,,0.0,0.0,30.0,150.0,4.634191894531249,16.63419189453125,Leave_One_experiments/all_year_offline_schedule_search/daily_outputs/YCA/YCA_2020_YCA2020_normal_grid_S0015_daily.csv
YCA,YCA,Yucheng,2020,Leave_One_experiments\wth_generated_qc\YCA\YCA2020.WTH,normal_year;nitrogen_stress_year;low_response_year,normal,YCA2020_normal_grid_S0015,irrigation_positive_candidate,2020-08-12,225,62,57,"{""sim_day"": 62.0, ""doy"": 225.0, ""topwt"": 7768.515625, ""grnwt"": 0.0, ""xlai"": 3.8190667629241934, ""totir"": 30.0, ""tofer"": NaN, ""swfac"": 0.0, ""nstres"": 0.1577505469322204}",0.0,0.1577505469322204,7768.515625,0.0,3.8190667629241934,30.0,,0.0,0.0,30.0,150.0,4.634191894531249,16.63419189453125,Leave_One_experiments/all_year_offline_schedule_search/daily_outputs/YCA/YCA_2020_YCA2020_normal_grid_S0015_daily.csv
YCA,YCA,Yucheng,2020,Leave_One_experiments\wth_generated_qc\YCA\YCA2020.WTH,normal_year;nitrogen_stress_year;low_response_year,normal,YCA2020_normal_grid_S0015,irrigation_positive_candidate,2020-08-13,226,63,58,"{""sim_day"": 63.0, ""doy"": 226.0, ""topwt"": 8092.130737304687, ""grnwt"": 0.0, ""xlai"": 3.7479422092437744, ""totir"": 30.0, ""tofer"": NaN, ""swfac"": 0.0, ""nstres"": 0.1489880084991455}",0.0,0.1489880084991455,8092.130737304687,0.0,3.7479422092437744,30.0,,0.0,0.0,30.0,150.0,4.634191894531249,16.63419189453125,Leave_One_experiments/all_year_offline_schedule_search/daily_outputs/YCA/YCA_2020_YCA2020_normal_grid_S0015_daily.csv
YCA,YCA,Yucheng,2020,Leave_One_experiments\wth_generated_qc\YCA\YCA2020.WTH,normal_year;nitrogen_stress_year;low_response_year,normal,YCA2020_normal_grid_S0015,irrigation_positive_candidate,2020-08-14,227,64,59,"{""sim_day"": 64.0, ""doy"": 227.0, ""topwt"": 8099.7979736328125, ""grnwt"": 0.0, ""xlai"": 3.681781530380249, ""totir"": 30.0, ""tofer"": NaN, ""swfac"": 0.0, ""nstres"": 0.141220211982727}",0.0,0.141220211982727,8099.7979736328125,0.0,3.681781530380249,30.0,,0.0,0.0,30.0,150.0,4.634191894531249,16.63419189453125,Leave_One_experiments/all_year_offline_schedule_search/daily_outputs/YCA/YCA_2020_YCA2020_normal_grid_S0015_daily.csv
YCA,YCA,Yucheng,2020,Leave_One_experiments\wth_generated_qc\YCA\YCA2020.WTH,normal_year;nitrogen_stress_year;low_response_year,normal,YCA2020_normal_grid_S0015,irrigation_positive_candidate,2020-08-15,228,65,60,"{""sim_day"": 65.0, ""doy"": 228.0, ""topwt"": 8219.552001953125, ""grnwt"": 0.0, ""xlai"": 3.6174745559692383, ""totir"": 30.0, ""tofer"": NaN, ""swfac"": 0.0, ""nstres"": 0.1397302746772766}",0.0,0.1397302746772766,8219.552001953125,0.0,3.6174745559692383,30.0,,0.0,50.0,30.0,150.0,4.634191894531249,16.63419189453125,Leave_One_experiments/all_year_offline_schedule_search/daily_outputs/YCA/YCA_2020_YCA2020_normal_grid_S0015_daily.csv
YCA,YCA,Yucheng,2020,Leave_One_experiments\wth_generated_qc\YCA\YCA2020.WTH,normal_year;nitrogen_stress_year;low_response_year,normal,YCA2020_normal_grid_S0015,irrigation_positive_candidate,2020-08-16,229,66,61,"{""sim_day"": 66.0, ""doy"": 229.0, ""topwt"": 8505.34912109375, ""grnwt"": 0.0, ""xlai"": 3.562589645385742, ""totir"": 30.0, ""tofer"": NaN, ""swfac"": 0.0, ""nstres"": 0.1213763952255249}",0.0,0.1213763952255249,8505.34912109375,0.0,3.562589645385742,30.0,,0.0,0.0,30.0,150.0,4.634191894531249,16.63419189453125,Leave_One_experiments/all_year_offline_schedule_search/daily_outputs/YCA/YCA_2020_YCA2020_normal_grid_S0015_daily.csv
YCA,YCA,Yucheng,2020,Leave_One_experiments\wth_generated_qc\YCA\YCA2020.WTH,normal_year;nitrogen_stress_year;low_response_year,normal,YCA2020_normal_grid_S0015,irrigation_positive_candidate,2020-08-17,230,67,62,"{""sim_day"": 67.0, ""doy"": 230.0, ""topwt"": 8828.716430664062, ""grnwt"": 0.0, ""xlai"": 3.5222463607788086, ""totir"": 30.0, ""tofer"": NaN, ""swfac"": 0.0, ""nstres"": 0.0905926823616027}",0.0,0.0905926823616027,8828.716430664062,0.0,3.5222463607788086,30.0,,0.0,0.0,30.0,150.0,4.634191894531249,16.63419189453125,Leave_One_experiments/all_year_offline_schedule_search/daily_outputs/YCA/YCA_2020_YCA2020_normal_grid_S0015_daily.csv
YCA,YCA,Yucheng,2020,Leave_One_experiments\wth_generated_qc\YCA\YCA2020.WTH,normal_year;nitrogen_stress_year;low_response_year,normal,YCA2020_normal_grid_S0015,irrigation_positive_candidate,2020-08-18,231,68,63,"{""sim_day"": 68.0, ""doy"": 231.0, ""topwt"": 8882.166137695312, ""grnwt"": 0.0, ""xlai"": 3.501189708709717, ""totir"": 30.0, ""tofer"": NaN, ""swfac"": 0.0, ""nstres"": 0.0478264093399047}",0.0,0.0478264093399047,8882.166137695312,0.0,3.501189708709717,30.0,,0.0,0.0,30.0,150.0,4.634191894531249,16.63419189453125,Leave_One_experiments/all_year_offline_schedule_search/daily_outputs/YCA/YCA_2020_YCA2020_normal_grid_S0015_daily.csv
YCA,YCA,Yucheng,2020,Leave_One_experiments\wth_generated_qc\YCA\YCA2020.WTH,normal_year;nitrogen_stress_year;low_response_year,normal,YCA2020_normal_grid_S0015,irrigation_positive_candidate,2020-08-19,232,69,64,"{""sim_day"": 69.0, ""doy"": 232.0, ""topwt"": 8975.609130859375, ""grnwt"": 0.0, ""xlai"": 3.499335527420044, ""totir"": 30.0, ""tofer"": NaN, ""swfac"": 0.0, ""nstres"": 0.0042363405227661}",0.0,0.0042363405227661,8975.609130859375,0.0,3.499335527420044,30.0,,0.0,0.0,30.0,150.0,4.634191894531249,16.63419189453125,Leave_One_experiments/all_year_offline_schedule_search/daily_outputs/YCA/YCA_2020_YCA2020_normal_grid_S0015_daily.csv
YCA,YCA,Yucheng,2020,Leave_One_experiments\wth_generated_qc\YCA\YCA2020.WTH,normal_year;nitrogen_stress_year;low_response_year,normal,YCA2020_normal_grid_S0015,irrigation_positive_candidate,2020-08-20,233,70,65,"{""sim_day"": 70.0, ""doy"": 233.0, ""topwt"": 9159.987182617188, ""grnwt"": 184.3781471252441, ""xlai"": 3.499335527420044, ""totir"": 30.0, ""tofer"": NaN, ""swfac"": 0.0, ""nstres"": 0.0}",0.0,0.0,9159.987182617188,184.3781471252441,3.499335527420044,30.0,,0.0,0.0,30.0,150.0,4.634191894531249,16.63419189453125,Leave_One_experiments/all_year_offline_schedule_search/daily_outputs/YCA/YCA_2020_YCA2020_normal_grid_S0015_daily.csv
YCA,YCA,Yucheng,2020,Leave_One_experiments\wth_generated_qc\YCA\YCA2020.WTH,normal_year;nitrogen_stress_year;low_response_year,normal,YCA2020_normal_grid_S0015,irrigation_positive_candidate,2020-08-21,234,71,66,"{""sim_day"": 71.0, ""doy"": 234.0, ""topwt"": 9344.365844726562, ""grnwt"": 368.7562942504883, ""xlai"": 3.499335527420044, ""totir"": 30.0, ""tofer"": NaN, ""swfac"": 0.0, ""nstres"": 0.0}",0.0,0.0,9344.365844726562,368.7562942504883,3.499335527420044,30.0,,0.0,0.0,30.0,150.0,4.634191894531249,16.63419189453125,Leave_One_experiments/all_year_offline_schedule_search/daily_outputs/YCA/YCA_2020_YCA2020_normal_grid_S0015_daily.csv
YCA,YCA,Yucheng,2020,Leave_One_experiments\wth_generated_qc\YCA\YCA2020.WTH,normal_year;nitrogen_stress_year;low_response_year,normal,YCA2020_normal_grid_S0015,irrigation_positive_candidate,2020-08-22,235,72,67,"{""sim_day"": 72.0, ""doy"": 235.0, ""topwt"": 9528.743896484377, ""grnwt"": 553.1344604492188, ""xlai"": 3.499335527420044, ""totir"": 30.0, ""tofer"": NaN, ""swfac"": 0.0, ""nstres"": 0.0}",0.0,0.0,9528.743896484377,553.1344604492188,3.499335527420044,30.0,,0.0,0.0,30.0,150.0,4.634191894531249,16.63419189453125,Leave_One_experiments/all_year_offline_schedule_search/daily_outputs/YCA/YCA_2020_YCA2020_normal_grid_S0015_daily.csv
YCA,YCA,Yucheng,2020,Leave_One_experiments\wth_generated_qc\YCA\YCA2020.WTH,normal_year;nitrogen_stress_year;low_response_year,normal,YCA2020_normal_grid_S0015,irrigation_positive_candidate,2020-08-23,236,73,68,"{""sim_day"": 73.0, ""doy"": 236.0, ""topwt"": 9697.152709960938, ""grnwt"": 737.5125885009766, ""xlai"": 3.499335527420044, ""totir"": 30.0, ""tofer"": NaN, ""swfac"": 0.0, ""nstres"": 0.0}",0.0,0.0,9697.152709960938,737.5125885009766,3.499335527420044,30.0,,0.0,0.0,30.0,150.0,4.634191894531249,16.63419189453125,Leave_One_experiments/all_year_offline_schedule_search/daily_outputs/YCA/YCA_2020_YCA2020_normal_grid_S0015_daily.csv
YCA,YCA,Yucheng,2020,Leave_One_experiments\wth_generated_qc\YCA\YCA2020.WTH,normal_year;nitrogen_stress_year;low_response_year,normal,YCA2020_normal_grid_S0015,irrigation_positive_candidate,2020-08-24,237,74,69,"{""sim_day"": 74.0, ""doy"": 237.0, ""topwt"": 9897.5, ""grnwt"": 921.8907928466796, ""xlai"": 3.499335527420044, ""totir"": 30.0, ""tofer"": NaN, ""swfac"": 0.0, ""nstres"": 0.0}",0.0,0.0,9897.5,921.8907928466796,3.499335527420044,30.0,,0.0,0.0,30.0,150.0,4.634191894531249,16.63419189453125,Leave_One_experiments/all_year_offline_schedule_search/daily_outputs/YCA/YCA_2020_YCA2020_normal_grid_S0015_daily.csv
YCA,YCA,Yucheng,2020,Leave_One_experiments\wth_generated_qc\YCA\YCA2020.WTH,normal_year;nitrogen_stress_year;low_response_year,normal,YCA2020_normal_grid_S0015,irrigation_positive_candidate,2020-08-25,238,75,70,"{""sim_day"": 75.0, ""doy"": 238.0, ""topwt"": 10079.61669921875, ""grnwt"": 1106.2689208984375, ""xlai"": 3.499335527420044, ""totir"": 30.0, ""tofer"": NaN, ""swfac"": 0.0, ""nstres"": 0.0}",0.0,0.0,10079.61669921875,1106.2689208984375,3.499335527420044,30.0,,0.0,0.0,30.0,150.0,4.634191894531249,16.63419189453125,Leave_One_experiments/all_year_offline_schedule_search/daily_outputs/YCA/YCA_2020_YCA2020_normal_grid_S0015_daily.csv
YCA,YCA,Yucheng,2020,Leave_One_experiments\wth_generated_qc\YCA\YCA2020.WTH,normal_year;nitrogen_stress_year;low_response_year,normal,YCA2020_normal_grid_S0015,irrigation_positive_candidate,2020-08-26,239,76,71,"{""sim_day"": 76.0, ""doy"": 239.0, ""topwt"": 10266.25732421875, ""grnwt"": 1290.64697265625, ""xlai"": 3.499335527420044, ""totir"": 30.0, ""tofer"": NaN, ""swfac"": 0.0, ""nstres"": 0.0}",0.0,0.0,10266.25732421875,1290.64697265625,3.499335527420044,30.0,,0.0,0.0,30.0,150.0,4.634191894531249,16.63419189453125,Leave_One_experiments/all_year_offline_schedule_search/daily_outputs/YCA/YCA_2020_YCA2020_normal_grid_S0015_daily.csv
YCA,YCA,Yucheng,2020,Leave_One_experiments\wth_generated_qc\YCA\YCA2020.WTH,normal_year;nitrogen_stress_year;low_response_year,normal,YCA2020_normal_grid_S0015,irrigation_positive_candidate,2020-08-27,240,77,72,"{""sim_day"": 77.0, ""doy"": 240.0, ""topwt"": 10450.634765625, ""grnwt"": 1475.0251770019531, ""xlai"": 3.499335527420044, ""totir"": 30.0, ""tofer"": NaN, ""swfac"": 0.0, ""nstres"": 0.0}",0.0,0.0,10450.634765625,1475.0251770019531,3.499335527420044,30.0,,0.0,0.0,30.0,150.0,4.634191894531249,16.63419189453125,Leave_One_experiments/all_year_offline_schedule_search/daily_outputs/YCA/YCA_2020_YCA2020_normal_grid_S0015_daily.csv
YCA,YCA,Yucheng,2020,Leave_One_experiments\wth_generated_qc\YCA\YCA2020.WTH,normal_year;nitrogen_stress_year;low_response_year,normal,YCA2020_normal_grid_S0015,irrigation_positive_candidate,2020-08-28,241,78,73,"{""sim_day"": 78.0, ""doy"": 241.0, ""topwt"": 10635.013427734377, ""grnwt"": 1659.4032287597656, ""xlai"": 3.499335527420044, ""totir"": 30.0, ""tofer"": NaN, ""swfac"": 0.0, ""nstres"": 0.0}",0.0,0.0,10635.013427734377,1659.4032287597656,3.499335527420044,30.0,,0.0,0.0,30.0,150.0,4.634191894531249,16.63419189453125,Leave_One_experiments/all_year_offline_schedule_search/daily_outputs/YCA/YCA_2020_YCA2020_normal_grid_S0015_daily.csv
YCA,YCA,Yucheng,2020,Leave_One_experiments\wth_generated_qc\YCA\YCA2020.WTH,normal_year;nitrogen_stress_year;low_response_year,normal,YCA2020_normal_grid_S0015,irrigation_positive_candidate,2020-08-29,242,79,74,"{""sim_day"": 79.0, ""doy"": 242.0, ""topwt"": 10817.086181640623, ""grnwt"": 1841.476593017578, ""xlai"": 3.499335527420044, ""totir"": 30.0, ""tofer"": NaN, ""swfac"": 0.0, ""nstres"": 0.0}",0.0,0.0,10817.086181640623,1841.476593017578,3.499335527420044,30.0,,0.0,0.0,30.0,150.0,4.634191894531249,16.63419189453125,Leave_One_experiments/all_year_offline_schedule_search/daily_outputs/YCA/YCA_2020_YCA2020_normal_grid_S0015_daily.csv
YCA,YCA,Yucheng,2020,Leave_One_experiments\wth_generated_qc\YCA\YCA2020.WTH,normal_year;nitrogen_stress_year;low_response_year,normal,YCA2020_normal_grid_S0015,irrigation_positive_candidate,2020-08-30,243,80,75,"{""sim_day"": 80.0, ""doy"": 243.0, ""topwt"": 11001.46484375, ""grnwt"": 2025.8546447753904, ""xlai"": 3.499335527420044, ""totir"": 30.0, ""tofer"": NaN, ""swfac"": 0.0, ""nstres"": 0.0}",0.0,0.0,11001.46484375,2025.8546447753904,3.499335527420044,30.0,,0.0,0.0,30.0,150.0,4.634191894531249,16.63419189453125,Leave_One_experiments/all_year_offline_schedule_search/daily_outputs/YCA/YCA_2020_YCA2020_normal_grid_S0015_daily.csv
YCA,YCA,Yucheng,2020,Leave_One_experiments\wth_generated_qc\YCA\YCA2020.WTH,normal_year;nitrogen_stress_year;low_response_year,normal,YCA2020_normal_grid_S0015,irrigation_positive_candidate,2020-08-31,244,81,76,"{""sim_day"": 81.0, ""doy"": 244.0, ""topwt"": 11185.84228515625, ""grnwt"": 2210.2328491210938, ""xlai"": 3.499335527420044, ""totir"": 30.0, ""tofer"": NaN, ""swfac"": 0.0, ""nstres"": 0.0}",0.0,0.0,11185.84228515625,2210.2328491210938,3.499335527420044,30.0,,0.0,0.0,30.0,150.0,4.634191894531249,16.63419189453125,Leave_One_experiments/all_year_offline_schedule_search/daily_outputs/YCA/YCA_2020_YCA2020_normal_grid_S0015_daily.csv
YCA,YCA,Yucheng,2020,Leave_One_experiments\wth_generated_qc\YCA\YCA2020.WTH,normal_year;nitrogen_stress_year;low_response_year,normal,YCA2020_normal_grid_S0015,irrigation_positive_candidate,2020-09-01,245,82,77,"{""sim_day"": 82.0, ""doy"": 245.0, ""topwt"": 11370.220947265623, ""grnwt"": 2394.611053466797, ""xlai"": 3.499335527420044, ""totir"": 30.0, ""tofer"": NaN, ""swfac"": 0.0, ""nstres"": 0.0}",0.0,0.0,11370.220947265623,2394.611053466797,3.499335527420044,30.0,,0.0,0.0,30.0,150.0,4.634191894531249,16.63419189453125,Leave_One_experiments/all_year_offline_schedule_search/daily_outputs/YCA/YCA_2020_YCA2020_normal_grid_S0015_daily.csv
YCA,YCA,Yucheng,2020,Leave_One_experiments\wth_generated_qc\YCA\YCA2020.WTH,normal_year;nitrogen_stress_year;low_response_year,normal,YCA2020_normal_grid_S0015,irrigation_positive_candidate,2020-09-02,246,83,78,"{""sim_day"": 83.0, ""doy"": 246.0, ""topwt"": 11554.599609375, ""grnwt"": 2578.9892578125, ""xlai"": 3.499335527420044, ""totir"": 30.0, ""tofer"": NaN, ""swfac"": 0.0, ""nstres"": 0.0}",0.0,0.0,11554.599609375,2578.9892578125,3.499335527420044,30.0,,0.0,0.0,30.0,150.0,4.634191894531249,16.63419189453125,Leave_One_experiments/all_year_offline_schedule_search/daily_outputs/YCA/YCA_2020_YCA2020_normal_grid_S0015_daily.csv
YCA,YCA,Yucheng,2020,Leave_One_experiments\wth_generated_qc\YCA\YCA2020.WTH,normal_year;nitrogen_stress_year;low_response_year,normal,YCA2020_normal_grid_S0015,irrigation_positive_candidate,2020-09-03,247,84,79,"{""sim_day"": 84.0, ""doy"": 247.0, ""topwt"": 11738.97705078125, ""grnwt"": 2763.3676147460938, ""xlai"": 3.499335527420044, ""totir"": 30.0, ""tofer"": NaN, ""swfac"": 0.0, ""nstres"": 0.0}",0.0,0.0,11738.97705078125,2763.3676147460938,3.499335527420044,30.0,,0.0,0.0,30.0,150.0,4.634191894531249,16.63419189453125,Leave_One_experiments/all_year_offline_schedule_search/daily_outputs/YCA/YCA_2020_YCA2020_normal_grid_S0015_daily.csv
YCA,YCA,Yucheng,2020,Leave_One_experiments\wth_generated_qc\YCA\YCA2020.WTH,normal_year;nitrogen_stress_year;low_response_year,normal,YCA2020_normal_grid_S0015,irrigation_positive_candidate,2020-09-04,248,85,80,"{""sim_day"": 85.0, ""doy"": 248.0, ""topwt"": 11923.355712890623, ""grnwt"": 2947.7456665039062, ""xlai"": 3.499335527420044, ""totir"": 30.0, ""tofer"": NaN, ""swfac"": 0.0, ""nstres"": 0.0}",0.0,0.0,11923.355712890623,2947.7456665039062,3.499335527420044,30.0,,0.0,0.0,30.0,150.0,4.634191894531249,16.63419189453125,Leave_One_experiments/all_year_offline_schedule_search/daily_outputs/YCA/YCA_2020_YCA2020_normal_grid_S0015_daily.csv
YCA,YCA,Yucheng,2020,Leave_One_experiments\wth_generated_qc\YCA\YCA2020.WTH,normal_year;nitrogen_stress_year;low_response_year,normal,YCA2020_normal_grid_S0015,irrigation_positive_candidate,2020-09-05,249,86,81,"{""sim_day"": 86.0, ""doy"": 249.0, ""topwt"": 12107.734375, ""grnwt"": 3132.1240234375, ""xlai"": 3.499335527420044, ""totir"": 30.0, ""tofer"": NaN, ""swfac"": 0.0, ""nstres"": 0.0}",0.0,0.0,12107.734375,3132.1240234375,3.499335527420044,30.0,,0.0,0.0,30.0,150.0,4.634191894531249,16.63419189453125,Leave_One_experiments/all_year_offline_schedule_search/daily_outputs/YCA/YCA_2020_YCA2020_normal_grid_S0015_daily.csv
YCA,YCA,Yucheng,2020,Leave_One_experiments\wth_generated_qc\YCA\YCA2020.WTH,normal_year;nitrogen_stress_year;low_response_year,normal,YCA2020_normal_grid_S0015,irrigation_positive_candidate,2020-09-06,250,87,82,"{""sim_day"": 87.0, ""doy"": 250.0, ""topwt"": 12292.11181640625, ""grnwt"": 3316.5020751953125, ""xlai"": 3.499335527420044, ""totir"": 30.0, ""tofer"": NaN, ""swfac"": 0.0, ""nstres"": 0.0}",0.0,0.0,12292.11181640625,3316.5020751953125,3.499335527420044,30.0,,0.0,0.0,30.0,150.0,4.634191894531249,16.63419189453125,Leave_One_experiments/all_year_offline_schedule_search/daily_outputs/YCA/YCA_2020_YCA2020_normal_grid_S0015_daily.csv
YCA,YCA,Yucheng,2020,Leave_One_experiments\wth_generated_qc\YCA\YCA2020.WTH,normal_year;nitrogen_stress_year;low_response_year,normal,YCA2020_normal_grid_S0015,irrigation_positive_candidate,2020-09-07,251,88,83,"{""sim_day"": 88.0, ""doy"": 251.0, ""topwt"": 12476.490478515623, ""grnwt"": 3500.8804321289062, ""xlai"": 3.499335527420044, ""totir"": 30.0, ""tofer"": NaN, ""swfac"": 0.0, ""nstres"": 0.0}",0.0,0.0,12476.490478515623,3500.8804321289062,3.499335527420044,30.0,,0.0,0.0,30.0,150.0,4.634191894531249,16.63419189453125,Leave_One_experiments/all_year_offline_schedule_search/daily_outputs/YCA/YCA_2020_YCA2020_normal_grid_S0015_daily.csv
YCA,YCA,Yucheng,2020,Leave_One_experiments\wth_generated_qc\YCA\YCA2020.WTH,normal_year;nitrogen_stress_year;low_response_year,normal,YCA2020_normal_grid_S0015,irrigation_positive_candidate,2020-09-08,252,89,84,"{""sim_day"": 89.0, ""doy"": 252.0, ""topwt"": 12660.869140625, ""grnwt"": 3685.2587890625, ""xlai"": 3.4214327335357666, ""totir"": 30.0, ""tofer"": NaN, ""swfac"": 0.0, ""nstres"": 0.0}",0.0,0.0,12660.869140625,3685.2587890625,3.4214327335357666,30.0,,0.0,0.0,30.0,150.0,4.634191894531249,16.63419189453125,Leave_One_experiments/all_year_offline_schedule_search/daily_outputs/YCA/YCA_2020_YCA2020_normal_grid_S0015_daily.csv
YCA,YCA,Yucheng,2020,Leave_One_experiments\wth_generated_qc\YCA\YCA2020.WTH,normal_year;nitrogen_stress_year;low_response_year,normal,YCA2020_normal_grid_S0015,irrigation_positive_candidate,2020-09-09,253,90,85,"{""sim_day"": 90.0, ""doy"": 253.0, ""topwt"": 12845.24658203125, ""grnwt"": 3869.636840820313, ""xlai"": 3.3096158504486084, ""totir"": 30.0, ""tofer"": NaN, ""swfac"": 0.0, ""nstres"": 0.0}",0.0,0.0,12845.24658203125,3869.636840820313,3.3096158504486084,30.0,,0.0,0.0,30.0,150.0,4.634191894531249,16.63419189453125,Leave_One_experiments/all_year_offline_schedule_search/daily_outputs/YCA/YCA_2020_YCA2020_normal_grid_S0015_daily.csv
YCA,YCA,Yucheng,2020,Leave_One_experiments\wth_generated_qc\YCA\YCA2020.WTH,normal_year;nitrogen_stress_year;low_response_year,normal,YCA2020_normal_grid_S0015,irrigation_positive_candidate,2020-09-10,254,91,86,"{""sim_day"": 91.0, ""doy"": 254.0, ""topwt"": 13029.625244140623, ""grnwt"": 4054.015197753906, ""xlai"": 3.21083402633667, ""totir"": 30.0, ""tofer"": NaN, ""swfac"": 0.0, ""nstres"": 0.0}",0.0,0.0,13029.625244140623,4054.015197753906,3.21083402633667,30.0,,0.0,0.0,30.0,150.0,4.634191894531249,16.63419189453125,Leave_One_experiments/all_year_offline_schedule_search/daily_outputs/YCA/YCA_2020_YCA2020_normal_grid_S0015_daily.csv
YCA,YCA,Yucheng,2020,Leave_One_experiments\wth_generated_qc\YCA\YCA2020.WTH,normal_year;nitrogen_stress_year;low_response_year,normal,YCA2020_normal_grid_S0015,irrigation_positive_candidate,2020-09-11,255,92,87,"{""sim_day"": 92.0, ""doy"": 255.0, ""topwt"": 13214.002685546877, ""grnwt"": 4238.393249511719, ""xlai"": 3.111947059631348, ""totir"": 30.0, ""tofer"": NaN, ""swfac"": 0.0, ""nstres"": 0.0}",0.0,0.0,13214.002685546877,4238.393249511719,3.111947059631348,30.0,,0.0,0.0,30.0,150.0,4.634191894531249,16.63419189453125,Leave_One_experiments/all_year_offline_schedule_search/daily_outputs/YCA/YCA_2020_YCA2020_normal_grid_S0015_daily.csv
YCA,YCA,Yucheng,2020,Leave_One_experiments\wth_generated_qc\YCA\YCA2020.WTH,normal_year;nitrogen_stress_year;low_response_year,normal,YCA2020_normal_grid_S0015,irrigation_positive_candidate,2020-09-12,256,93,88,"{""sim_day"": 93.0, ""doy"": 256.0, ""topwt"": 13398.38134765625, ""grnwt"": 4422.771301269531, ""xlai"": 2.98785662651062, ""totir"": 30.0, ""tofer"": NaN, ""swfac"": 0.0, ""nstres"": 0.006327748298645}",0.0,0.006327748298645,13398.38134765625,4422.771301269531,2.98785662651062,30.0,,0.0,0.0,30.0,150.0,4.634191894531249,16.63419189453125,Leave_One_experiments/all_year_offline_schedule_search/daily_outputs/YCA/YCA_2020_YCA2020_normal_grid_S0015_daily.csv
YCA,YCA,Yucheng,2020,Leave_One_experiments\wth_generated_qc\YCA\YCA2020.WTH,normal_year;nitrogen_stress_year;low_response_year,normal,YCA2020_normal_grid_S0015,irrigation_positive_candidate,2020-09-13,257,94,89,"{""sim_day"": 94.0, ""doy"": 257.0, ""topwt"": 13582.65625, ""grnwt"": 4607.149658203125, ""xlai"": 2.8588807582855225, ""totir"": 30.0, ""tofer"": NaN, ""swfac"": 0.0, ""nstres"": 0.0184136629104614}",0.0,0.0184136629104614,13582.65625,4607.149658203125,2.8588807582855225,30.0,,0.0,0.0,30.0,150.0,4.634191894531249,16.63419189453125,Leave_One_experiments/all_year_offline_schedule_search/daily_outputs/YCA/YCA_2020_YCA2020_normal_grid_S0015_daily.csv
YCA,YCA,Yucheng,2020,Leave_One_experiments\wth_generated_qc\YCA\YCA2020.WTH,normal_year;nitrogen_stress_year;low_response_year,normal,YCA2020_normal_grid_S0015,irrigation_positive_candidate,2020-09-14,258,95,90,"{""sim_day"": 95.0, ""doy"": 258.0, ""topwt"": 13767.137451171877, ""grnwt"": 4791.5277099609375, ""xlai"": 2.715428590774536, ""totir"": 30.0, ""tofer"": NaN, ""swfac"": 0.0, ""nstres"": 0.030051827430725}",0.0,0.030051827430725,13767.137451171877,4791.5277099609375,2.715428590774536,30.0,,0.0,0.0,30.0,150.0,4.634191894531249,16.63419189453125,Leave_One_experiments/all_year_offline_schedule_search/daily_outputs/YCA/YCA_2020_YCA2020_normal_grid_S0015_daily.csv
YCA,YCA,Yucheng,2020,Leave_One_experiments\wth_generated_qc\YCA\YCA2020.WTH,normal_year;nitrogen_stress_year;low_response_year,normal,YCA2020_normal_grid_S0015,irrigation_positive_candidate,2020-09-15,259,96,91,"{""sim_day"": 96.0, ""doy"": 259.0, ""topwt"": 13951.51611328125, ""grnwt"": 4975.906066894531, ""xlai"": 2.5966413021087646, ""totir"": 30.0, ""tofer"": NaN, ""swfac"": 0.0, ""nstres"": 0.0449724197387695}",0.0,0.0449724197387695,13951.51611328125,4975.906066894531,2.5966413021087646,30.0,,0.0,0.0,30.0,150.0,4.634191894531249,16.63419189453125,Leave_One_experiments/all_year_offline_schedule_search/daily_outputs/YCA/YCA_2020_YCA2020_normal_grid_S0015_daily.csv
YCA,YCA,Yucheng,2020,Leave_One_experiments\wth_generated_qc\YCA\YCA2020.WTH,normal_year;nitrogen_stress_year;low_response_year,normal,YCA2020_normal_grid_S0015,irrigation_positive_candidate,2020-09-16,260,97,92,"{""sim_day"": 97.0, ""doy"": 260.0, ""topwt"": 14135.894775390623, ""grnwt"": 5160.284423828125, ""xlai"": 2.481843948364258, ""totir"": 30.0, ""tofer"": NaN, ""swfac"": 0.0, ""nstres"": 0.0609928965568542}",0.0,0.0609928965568542,14135.894775390623,5160.284423828125,2.481843948364258,30.0,,0.0,0.0,30.0,150.0,4.634191894531249,16.63419189453125,Leave_One_experiments/all_year_offline_schedule_search/daily_outputs/YCA/YCA_2020_YCA2020_normal_grid_S0015_daily.csv
YCA,YCA,Yucheng,2020,Leave_One_experiments\wth_generated_qc\YCA\YCA2020.WTH,normal_year;nitrogen_stress_year;low_response_year,normal,YCA2020_normal_grid_S0015,irrigation_positive_candidate,2020-09-17,261,98,93,"{""sim_day"": 98.0, ""doy"": 261.0, ""topwt"": 14320.272216796877, ""grnwt"": 5344.6624755859375, ""xlai"": 2.35942006111145, ""totir"": 30.0, ""tofer"": NaN, ""swfac"": 0.0, ""nstres"": 0.0769171714782714}",0.0,0.0769171714782714,14320.272216796877,5344.6624755859375,2.35942006111145,30.0,,0.0,0.0,30.0,150.0,4.634191894531249,16.63419189453125,Leave_One_experiments/all_year_offline_schedule_search/daily_outputs/YCA/YCA_2020_YCA2020_normal_grid_S0015_daily.csv
YCA,YCA,Yucheng,2020,Leave_One_experiments\wth_generated_qc\YCA\YCA2020.WTH,normal_year;nitrogen_stress_year;low_response_year,normal,YCA2020_normal_grid_S0015,irrigation_positive_candidate,2020-09-18,262,99,94,"{""sim_day"": 99.0, ""doy"": 262.0, ""topwt"": 14504.65087890625, ""grnwt"": 5529.04052734375, ""xlai"": 2.2196340560913086, ""totir"": 30.0, ""tofer"": NaN, ""swfac"": 0.0, ""nstres"": 0.0920118689537048}",0.0,0.0920118689537048,14504.65087890625,5529.04052734375,2.2196340560913086,30.0,,0.0,0.0,30.0,150.0,4.634191894531249,16.63419189453125,Leave_One_experiments/all_year_offline_schedule_search/daily_outputs/YCA/YCA_2020_YCA2020_normal_grid_S0015_daily.csv
YCA,YCA,Yucheng,2020,Leave_One_experiments\wth_generated_qc\YCA\YCA2020.WTH,normal_year;nitrogen_stress_year;low_response_year,normal,YCA2020_normal_grid_S0015,irrigation_positive_candidate,2020-09-19,263,100,95,"{""sim_day"": 100.0, ""doy"": 263.0, ""topwt"": 14689.029541015623, ""grnwt"": 5713.419189453125, ""xlai"": 2.0568149089813232, ""totir"": 30.0, ""tofer"": NaN, ""swfac"": 0.0, ""nstres"": 0.1061897873878479}",0.0,0.1061897873878479,14689.029541015623,5713.419189453125,2.0568149089813232,30.0,,0.0,0.0,30.0,150.0,4.634191894531249,16.63419189453125,Leave_One_experiments/all_year_offline_schedule_search/daily_outputs/YCA/YCA_2020_YCA2020_normal_grid_S0015_daily.csv
YCA,YCA,Yucheng,2020,Leave_One_experiments\wth_generated_qc\YCA\YCA2020.WTH,normal_year;nitrogen_stress_year;low_response_year,normal,YCA2020_normal_grid_S0015,irrigation_positive_candidate,2020-09-20,264,101,96,"{""sim_day"": 101.0, ""doy"": 264.0, ""topwt"": 14689.029541015623, ""grnwt"": 5713.419189453125, ""xlai"": 2.0568149089813232, ""totir"": 30.0, ""tofer"": NaN, ""swfac"": 0.0, ""nstres"": 0.1209810376167297}",0.0,0.1209810376167297,14689.029541015623,5713.419189453125,2.0568149089813232,30.0,,0.0,0.0,30.0,150.0,4.634191894531249,16.63419189453125,Leave_One_experiments/all_year_offline_schedule_search/daily_outputs/YCA/YCA_2020_YCA2020_normal_grid_S0015_daily.csv
YCA,YCA,Yucheng,2020,Leave_One_experiments\wth_generated_qc\YCA\YCA2020.WTH,normal_year;nitrogen_stress_year;low_response_year,normal,YCA2020_normal_grid_S0015,irrigation_positive_candidate,2020-09-21,265,102,97,"{""sim_day"": 102.0, ""doy"": 265.0, ""topwt"": 14689.029541015623, ""grnwt"": 5713.419189453125, ""xlai"": 2.0568149089813232, ""totir"": 30.0, ""tofer"": NaN, ""swfac"": 0.0, ""nstres"": 0.1209810376167297}",0.0,0.1209810376167297,14689.029541015623,5713.419189453125,2.0568149089813232,30.0,,0.0,0.0,30.0,150.0,4.634191894531249,16.63419189453125,Leave_One_experiments/all_year_offline_schedule_search/daily_outputs/YCA/YCA_2020_YCA2020_normal_grid_S0015_daily.csv
YCA,YCA,Yucheng,2020,Leave_One_experiments\wth_generated_qc\YCA\YCA2020.WTH,normal_year;nitrogen_stress_year;low_response_year,normal,YCA2020_normal_grid_S0015,irrigation_positive_candidate,2020-09-22,266,103,98,"{""sim_day"": 103.0, ""doy"": 266.0, ""topwt"": 14689.029541015623, ""grnwt"": 5713.419189453125, ""xlai"": 2.0568149089813232, ""totir"": 30.0, ""tofer"": NaN, ""swfac"": 0.0, ""nstres"": 0.1209810376167297}",0.0,0.1209810376167297,14689.029541015623,5713.419189453125,2.0568149089813232,30.0,,0.0,0.0,30.0,150.0,4.634191894531249,16.63419189453125,Leave_One_experiments/all_year_offline_schedule_search/daily_outputs/YCA/YCA_2020_YCA2020_normal_grid_S0015_daily.csv
YCA,YCA,Yucheng,2020,Leave_One_experiments\wth_generated_qc\YCA\YCA2020.WTH,normal_year;nitrogen_stress_year;low_response_year,normal,YCA2020_normal_grid_S0015,irrigation_positive_candidate,2020-09-23,267,104,99,"{""sim_day"": 104.0, ""doy"": 267.0, ""topwt"": 14689.029541015623, ""grnwt"": 5713.419189453125, ""xlai"": 2.0568149089813232, ""totir"": 30.0, ""tofer"": NaN, ""swfac"": 0.0, ""nstres"": 0.1209810376167297}",0.0,0.1209810376167297,14689.029541015623,5713.419189453125,2.0568149089813232,30.0,,0.0,0.0,30.0,150.0,4.634191894531249,16.63419189453125,Leave_One_experiments/all_year_offline_schedule_search/daily_outputs/YCA/YCA_2020_YCA2020_normal_grid_S0015_daily.csv
YCA,YCA,Yucheng,2020,Leave_One_experiments\wth_generated_qc\YCA\YCA2020.WTH,normal_year;nitrogen_stress_year;low_response_year,normal,YCA2020_normal_grid_S0028,low_input_within_10pct_yield,2020-06-17,169,1,1,"{""sim_day"": 1.0, ""doy"": 169.0, ""topwt"": 0.0, ""grnwt"": 0.0, ""xlai"": 0.0, ""totir"": 0.0, ""tofer"": NaN, ""swfac"": 0.0, ""nstres"": 0.0}",0.0,0.0,0.0,0.0,0.0,0.0,,0.0,80.0,0.0,180.0,17.03145751953125,17.03145751953125,Leave_One_experiments/all_year_offline_schedule_search/daily_outputs/YCA/YCA_2020_YCA2020_normal_grid_S0028_daily.csv
YCA,YCA,Yucheng,2020,Leave_One_experiments\wth_generated_qc\YCA\YCA2020.WTH,normal_year;nitrogen_stress_year;low_response_year,normal,YCA2020_normal_grid_S0028,low_input_within_10pct_yield,2020-06-18,170,2,2,"{""sim_day"": 2.0, ""doy"": 170.0, ""topwt"": 0.0, ""grnwt"": 0.0, ""xlai"": 0.0, ""totir"": 0.0, ""tofer"": NaN, ""swfac"": 0.0, ""nstres"": 0.0}",0.0,0.0,0.0,0.0,0.0,0.0,,0.0,0.0,0.0,180.0,17.03145751953125,17.03145751953125,Leave_One_experiments/all_year_offline_schedule_search/daily_outputs/YCA/YCA_2020_YCA2020_normal_grid_S0028_daily.csv
YCA,YCA,Yucheng,2020,Leave_One_experiments\wth_generated_qc\YCA\YCA2020.WTH,normal_year;nitrogen_stress_year;low_response_year,normal,YCA2020_normal_grid_S0028,low_input_within_10pct_yield,2020-06-19,171,3,3,"{""sim_day"": 3.0, ""doy"": 171.0, ""topwt"": 0.0, ""grnwt"": 0.0, ""xlai"": 0.0, ""totir"": 0.0, ""tofer"": NaN, ""swfac"": 0.0, ""nstres"": 0.0}",0.0,0.0,0.0,0.0,0.0,0.0,,0.0,0.0,0.0,180.0,17.03145751953125,17.03145751953125,Leave_One_experiments/all_year_offline_schedule_search/daily_outputs/YCA/YCA_2020_YCA2020_normal_grid_S0028_daily.csv
YCA,YCA,Yucheng,2020,Leave_One_experiments\wth_generated_qc\YCA\YCA2020.WTH,normal_year;nitrogen_stress_year;low_response_year,normal,YCA2020_normal_grid_S0028,low_input_within_10pct_yield,2020-06-20,172,4,4,"{""sim_day"": 4.0, ""doy"": 172.0, ""topwt"": 0.0, ""grnwt"": 0.0, ""xlai"": 0.0, ""totir"": 0.0, ""tofer"": NaN, ""swfac"": 0.0, ""nstres"": 0.0}",0.0,0.0,0.0,0.0,0.0,0.0,,0.0,0.0,0.0,180.0,17.03145751953125,17.03145751953125,Leave_One_experiments/all_year_offline_schedule_search/daily_outputs/YCA/YCA_2020_YCA2020_normal_grid_S0028_daily.csv
YCA,YCA,Yucheng,2020,Leave_One_experiments\wth_generated_qc\YCA\YCA2020.WTH,normal_year;nitrogen_stress_year;low_response_year,normal,YCA2020_normal_grid_S0028,low_input_within_10pct_yield,2020-06-21,173,5,5,"{""sim_day"": 5.0, ""doy"": 173.0, ""topwt"": 0.0, ""grnwt"": 0.0, ""xlai"": 0.0, ""totir"": 0.0, ""tofer"": NaN, ""swfac"": 0.0, ""nstres"": 0.0}",0.0,0.0,0.0,0.0,0.0,0.0,,0.0,0.0,0.0,180.0,17.03145751953125,17.03145751953125,Leave_One_experiments/all_year_offline_schedule_search/daily_outputs/YCA/YCA_2020_YCA2020_normal_grid_S0028_daily.csv
YCA,YCA,Yucheng,2020,Leave_One_experiments\wth_generated_qc\YCA\YCA2020.WTH,normal_year;nitrogen_stress_year;low_response_year,normal,YCA2020_normal_grid_S0028,low_input_within_10pct_yield,2020-06-17,169,6,1,"{""sim_day"": 6.0, ""doy"": 169.0, ""topwt"": 0.0, ""grnwt"": 0.0, ""xlai"": 0.0, ""totir"": 0.0, ""tofer"": NaN, ""swfac"": 0.0, ""nstres"": 0.0}",0.0,0.0,0.0,0.0,0.0,0.0,,0.0,0.0,0.0,180.0,17.03145751953125,17.03145751953125,Leave_One_experiments/all_year_offline_schedule_search/daily_outputs/YCA/YCA_2020_YCA2020_normal_grid_S0028_daily.csv
YCA,YCA,Yucheng,2020,Leave_One_experiments\wth_generated_qc\YCA\YCA2020.WTH,normal_year;nitrogen_stress_year;low_response_year,normal,YCA2020_normal_grid_S0028,low_input_within_10pct_yield,2020-06-18,170,7,2,"{""sim_day"": 7.0, ""doy"": 170.0, ""topwt"": 0.0, ""grnwt"": 0.0, ""xlai"": 0.0, ""totir"": 0.0, ""tofer"": NaN, ""swfac"": 0.0, ""nstres"": 0.0}",0.0,0.0,0.0,0.0,0.0,0.0,,0.0,0.0,0.0,180.0,17.03145751953125,17.03145751953125,Leave_One_experiments/all_year_offline_schedule_search/daily_outputs/YCA/YCA_2020_YCA2020_normal_grid_S0028_daily.csv
YCA,YCA,Yucheng,2020,Leave_One_experiments\wth_generated_qc\YCA\YCA2020.WTH,normal_year;nitrogen_stress_year;low_response_year,normal,YCA2020_normal_grid_S0028,low_input_within_10pct_yield,2020-06-19,171,8,3,"{""sim_day"": 8.0, ""doy"": 171.0, ""topwt"": 0.0, ""grnwt"": 0.0, ""xlai"": 0.0, ""totir"": 0.0, ""tofer"": NaN, ""swfac"": 0.0, ""nstres"": 0.0}",0.0,0.0,0.0,0.0,0.0,0.0,,0.0,0.0,0.0,180.0,17.03145751953125,17.03145751953125,Leave_One_experiments/all_year_offline_schedule_search/daily_outputs/YCA/YCA_2020_YCA2020_normal_grid_S0028_daily.csv
YCA,YCA,Yucheng,2020,Leave_One_experiments\wth_generated_qc\YCA\YCA2020.WTH,normal_year;nitrogen_stress_year;low_response_year,normal,YCA2020_normal_grid_S0028,low_input_within_10pct_yield,2020-06-20,172,9,4,"{""sim_day"": 9.0, ""doy"": 172.0, ""topwt"": 0.0, ""grnwt"": 0.0, ""xlai"": 0.0, ""totir"": 0.0, ""tofer"": NaN, ""swfac"": 0.0, ""nstres"": 0.0}",0.0,0.0,0.0,0.0,0.0,0.0,,0.0,0.0,0.0,180.0,17.03145751953125,17.03145751953125,Leave_One_experiments/all_year_offline_schedule_search/daily_outputs/YCA/YCA_2020_YCA2020_normal_grid_S0028_daily.csv
YCA,YCA,Yucheng,2020,Leave_One_experiments\wth_generated_qc\YCA\YCA2020.WTH,normal_year;nitrogen_stress_year;low_response_year,normal,YCA2020_normal_grid_S0028,low_input_within_10pct_yield,2020-06-21,173,10,5,"{""sim_day"": 10.0, ""doy"": 173.0, ""topwt"": 26.400001049041748, ""grnwt"": 0.0, ""xlai"": 0.0050107496790587, ""totir"": 0.0, ""tofer"": NaN, ""swfac"": 0.0, ""nstres"": 0.0121910572052001}",0.0,0.0121910572052001,26.400001049041748,0.0,0.0050107496790587,0.0,,0.0,0.0,0.0,180.0,17.03145751953125,17.03145751953125,Leave_One_experiments/all_year_offline_schedule_search/daily_outputs/YCA/YCA_2020_YCA2020_normal_grid_S0028_daily.csv
YCA,YCA,Yucheng,2020,Leave_One_experiments\wth_generated_qc\YCA\YCA2020.WTH,normal_year;nitrogen_stress_year;low_response_year,normal,YCA2020_normal_grid_S0028,low_input_within_10pct_yield,2020-06-22,174,11,6,"{""sim_day"": 11.0, ""doy"": 174.0, ""topwt"": 26.400001049041748, ""grnwt"": 0.0, ""xlai"": 0.0092227151617407, ""totir"": 0.0, ""tofer"": NaN, ""swfac"": 0.0, ""nstres"": 0.0139694213867187}",0.0,0.0139694213867187,26.400001049041748,0.0,0.0092227151617407,0.0,,0.0,0.0,0.0,180.0,17.03145751953125,17.03145751953125,Leave_One_experiments/all_year_offline_schedule_search/daily_outputs/YCA/YCA_2020_YCA2020_normal_grid_S0028_daily.csv
YCA,YCA,Yucheng,2020,Leave_One_experiments\wth_generated_qc\YCA\YCA2020.WTH,normal_year;nitrogen_stress_year;low_response_year,normal,YCA2020_normal_grid_S0028,low_input_within_10pct_yield,2020-06-23,175,12,7,"{""sim_day"": 12.0, ""doy"": 175.0, ""topwt"": 26.400001049041748, ""grnwt"": 0.0, ""xlai"": 0.0144135067239403, ""totir"": 0.0, ""tofer"": NaN, ""swfac"": 0.0, ""nstres"": 0.0075634717941284}",0.0,0.0075634717941284,26.400001049041748,0.0,0.0144135067239403,0.0,,0.0,0.0,0.0,180.0,17.03145751953125,17.03145751953125,Leave_One_experiments/all_year_offline_schedule_search/daily_outputs/YCA/YCA_2020_YCA2020_normal_grid_S0028_daily.csv
YCA,YCA,Yucheng,2020,Leave_One_experiments\wth_generated_qc\YCA\YCA2020.WTH,normal_year;nitrogen_stress_year;low_response_year,normal,YCA2020_normal_grid_S0028,low_input_within_10pct_yield,2020-06-24,176,13,8,"{""sim_day"": 13.0, ""doy"": 176.0, ""topwt"": 26.400001049041748, ""grnwt"": 0.0, ""xlai"": 0.0206701513379812, ""totir"": 0.0, ""tofer"": NaN, ""swfac"": 0.0, ""nstres"": 0.0005924701690673}",0.0,0.0005924701690673,26.400001049041748,0.0,0.0206701513379812,0.0,,0.0,0.0,0.0,180.0,17.03145751953125,17.03145751953125,Leave_One_experiments/all_year_offline_schedule_search/daily_outputs/YCA/YCA_2020_YCA2020_normal_grid_S0028_daily.csv
YCA,YCA,Yucheng,2020,Leave_One_experiments\wth_generated_qc\YCA\YCA2020.WTH,normal_year;nitrogen_stress_year;low_response_year,normal,YCA2020_normal_grid_S0028,low_input_within_10pct_yield,2020-06-25,177,14,9,"{""sim_day"": 14.0, ""doy"": 177.0, ""topwt"": 26.400001049041748, ""grnwt"": 0.0, ""xlai"": 0.0423786640167236, ""totir"": 0.0, ""tofer"": NaN, ""swfac"": 0.0, ""nstres"": 0.0}",0.0,0.0,26.400001049041748,0.0,0.0423786640167236,0.0,,0.0,0.0,0.0,180.0,17.03145751953125,17.03145751953125,Leave_One_experiments/all_year_offline_schedule_search/daily_outputs/YCA/YCA_2020_YCA2020_normal_grid_S0028_daily.csv
YCA,YCA,Yucheng,2020,Leave_One_experiments\wth_generated_qc\YCA\YCA2020.WTH,normal_year;nitrogen_stress_year;low_response_year,normal,YCA2020_normal_grid_S0028,low_input_within_10pct_yield,2020-06-26,178,15,10,"{""sim_day"": 15.0, ""doy"": 178.0, ""topwt"": 37.94640779495239, ""grnwt"": 0.0, ""xlai"": 0.0748343840241432, ""totir"": 0.0, ""tofer"": NaN, ""swfac"": 0.0, ""nstres"": 0.0}",0.0,0.0,37.94640779495239,0.0,0.0748343840241432,0.0,,0.0,0.0,0.0,180.0,17.03145751953125,17.03145751953125,Leave_One_experiments/all_year_offline_schedule_search/daily_outputs/YCA/YCA_2020_YCA2020_normal_grid_S0028_daily.csv
YCA,YCA,Yucheng,2020,Leave_One_experiments\wth_generated_qc\YCA\YCA2020.WTH,normal_year;nitrogen_stress_year;low_response_year,normal,YCA2020_normal_grid_S0028,low_input_within_10pct_yield,2020-06-27,179,16,11,"{""sim_day"": 16.0, ""doy"": 179.0, ""topwt"": 53.88497829437256, ""grnwt"": 0.0, ""xlai"": 0.1111923828721046, ""totir"": 0.0, ""tofer"": NaN, ""swfac"": 0.0, ""nstres"": 0.0}",0.0,0.0,53.88497829437256,0.0,0.1111923828721046,0.0,,0.0,0.0,0.0,180.0,17.03145751953125,17.03145751953125,Leave_One_experiments/all_year_offline_schedule_search/daily_outputs/YCA/YCA_2020_YCA2020_normal_grid_S0028_daily.csv
YCA,YCA,Yucheng,2020,Leave_One_experiments\wth_generated_qc\YCA\YCA2020.WTH,normal_year;nitrogen_stress_year;low_response_year,normal,YCA2020_normal_grid_S0028,low_input_within_10pct_yield,2020-06-28,180,17,12,"{""sim_day"": 17.0, ""doy"": 180.0, ""topwt"": 71.14126205444336, ""grnwt"": 0.0, ""xlai"": 0.1473112553358078, ""totir"": 0.0, ""tofer"": NaN, ""swfac"": 0.0, ""nstres"": 0.0}",0.0,0.0,71.14126205444336,0.0,0.1473112553358078,0.0,,0.0,0.0,0.0,180.0,17.03145751953125,17.03145751953125,Leave_One_experiments/all_year_offline_schedule_search/daily_outputs/YCA/YCA_2020_YCA2020_normal_grid_S0028_daily.csv
YCA,YCA,Yucheng,2020,Leave_One_experiments\wth_generated_qc\YCA\YCA2020.WTH,normal_year;nitrogen_stress_year;low_response_year,normal,YCA2020_normal_grid_S0028,low_input_within_10pct_yield,2020-06-29,181,18,13,"{""sim_day"": 18.0, ""doy"": 181.0, ""topwt"": 90.18563270568848, ""grnwt"": 0.0, ""xlai"": 0.1846438944339752, ""totir"": 0.0, ""tofer"": NaN, ""swfac"": 0.0, ""nstres"": 0.0}",0.0,0.0,90.18563270568848,0.0,0.1846438944339752,0.0,,0.0,0.0,0.0,180.0,17.03145751953125,17.03145751953125,Leave_One_experiments/all_year_offline_schedule_search/daily_outputs/YCA/YCA_2020_YCA2020_normal_grid_S0028_daily.csv
YCA,YCA,Yucheng,2020,Leave_One_experiments\wth_generated_qc\YCA\YCA2020.WTH,normal_year;nitrogen_stress_year;low_response_year,normal,YCA2020_normal_grid_S0028,low_input_within_10pct_yield,2020-06-30,182,19,14,"{""sim_day"": 19.0, ""doy"": 182.0, ""topwt"": 117.18241691589355, ""grnwt"": 0.0, ""xlai"": 0.2344353944063186, ""totir"": 0.0, ""tofer"": NaN, ""swfac"": 0.0, ""nstres"": 0.0}",0.0,0.0,117.18241691589355,0.0,0.2344353944063186,0.0,,0.0,0.0,0.0,180.0,17.03145751953125,17.03145751953125,Leave_One_experiments/all_year_offline_schedule_search/daily_outputs/YCA/YCA_2020_YCA2020_normal_grid_S0028_daily.csv
YCA,YCA,Yucheng,2020,Leave_One_experiments\wth_generated_qc\YCA\YCA2020.WTH,normal_year;nitrogen_stress_year;low_response_year,normal,YCA2020_normal_grid_S0028,low_input_within_10pct_yield,2020-07-01,183,20,15,"{""sim_day"": 20.0, ""doy"": 183.0, ""topwt"": 146.91804885864258, ""grnwt"": 0.0, ""xlai"": 0.2862234711647033, ""totir"": 0.0, ""tofer"": NaN, ""swfac"": 0.0, ""nstres"": 0.0}",0.0,0.0,146.91804885864258,0.0,0.2862234711647033,0.0,,0.0,0.0,0.0,180.0,17.03145751953125,17.03145751953125,Leave_One_experiments/all_year_offline_schedule_search/daily_outputs/YCA/YCA_2020_YCA2020_normal_grid_S0028_daily.csv
YCA,YCA,Yucheng,2020,Leave_One_experiments\wth_generated_qc\YCA\YCA2020.WTH,normal_year;nitrogen_stress_year;low_response_year,normal,YCA2020_normal_grid_S0028,low_input_within_10pct_yield,2020-07-02,184,21,16,"{""sim_day"": 21.0, ""doy"": 184.0, ""topwt"": 159.08461570739746, ""grnwt"": 0.0, ""xlai"": 0.3275198340415954, ""totir"": 0.0, ""tofer"": NaN, ""swfac"": 0.0, ""nstres"": 0.0}",0.0,0.0,159.08461570739746,0.0,0.3275198340415954,0.0,,0.0,0.0,0.0,180.0,17.03145751953125,17.03145751953125,Leave_One_experiments/all_year_offline_schedule_search/daily_outputs/YCA/YCA_2020_YCA2020_normal_grid_S0028_daily.csv
YCA,YCA,Yucheng,2020,Leave_One_experiments\wth_generated_qc\YCA\YCA2020.WTH,normal_year;nitrogen_stress_year;low_response_year,normal,YCA2020_normal_grid_S0028,low_input_within_10pct_yield,2020-07-03,185,22,17,"{""sim_day"": 22.0, ""doy"": 185.0, ""topwt"": 206.81795120239255, ""grnwt"": 0.0, ""xlai"": 0.3838387429714203, ""totir"": 0.0, ""tofer"": NaN, ""swfac"": 0.0, ""nstres"": 0.0}",0.0,0.0,206.81795120239255,0.0,0.3838387429714203,0.0,,0.0,0.0,0.0,180.0,17.03145751953125,17.03145751953125,Leave_One_experiments/all_year_offline_schedule_search/daily_outputs/YCA/YCA_2020_YCA2020_normal_grid_S0028_daily.csv
YCA,YCA,Yucheng,2020,Leave_One_experiments\wth_generated_qc\YCA\YCA2020.WTH,normal_year;nitrogen_stress_year;low_response_year,normal,YCA2020_normal_grid_S0028,low_input_within_10pct_yield,2020-07-04,186,23,18,"{""sim_day"": 23.0, ""doy"": 186.0, ""topwt"": 246.43386840820312, ""grnwt"": 0.0, ""xlai"": 0.4751189351081848, ""totir"": 0.0, ""tofer"": NaN, ""swfac"": 0.0, ""nstres"": 0.0}",0.0,0.0,246.43386840820312,0.0,0.4751189351081848,0.0,,0.0,0.0,0.0,180.0,17.03145751953125,17.03145751953125,Leave_One_experiments/all_year_offline_schedule_search/daily_outputs/YCA/YCA_2020_YCA2020_normal_grid_S0028_daily.csv
YCA,YCA,Yucheng,2020,Leave_One_experiments\wth_generated_qc\YCA\YCA2020.WTH,normal_year;nitrogen_stress_year;low_response_year,normal,YCA2020_normal_grid_S0028,low_input_within_10pct_yield,2020-07-05,187,24,19,"{""sim_day"": 24.0, ""doy"": 187.0, ""topwt"": 312.8407096862793, ""grnwt"": 0.0, ""xlai"": 0.579434335231781, ""totir"": 0.0, ""tofer"": NaN, ""swfac"": 0.0, ""nstres"": 0.0004795789718627}",0.0,0.0004795789718627,312.8407096862793,0.0,0.579434335231781,0.0,,0.0,0.0,0.0,180.0,17.03145751953125,17.03145751953125,Leave_One_experiments/all_year_offline_schedule_search/daily_outputs/YCA/YCA_2020_YCA2020_normal_grid_S0028_daily.csv
YCA,YCA,Yucheng,2020,Leave_One_experiments\wth_generated_qc\YCA\YCA2020.WTH,normal_year;nitrogen_stress_year;low_response_year,normal,YCA2020_normal_grid_S0028,low_input_within_10pct_yield,2020-07-06,188,25,20,"{""sim_day"": 25.0, ""doy"": 188.0, ""topwt"": 393.6257553100586, ""grnwt"": 0.0, ""xlai"": 0.6999363899230957, ""totir"": 0.0, ""tofer"": NaN, ""swfac"": 0.0, ""nstres"": 0.0}",0.0,0.0,393.6257553100586,0.0,0.6999363899230957,0.0,,0.0,0.0,0.0,180.0,17.03145751953125,17.03145751953125,Leave_One_experiments/all_year_offline_schedule_search/daily_outputs/YCA/YCA_2020_YCA2020_normal_grid_S0028_daily.csv
YCA,YCA,Yucheng,2020,Leave_One_experiments\wth_generated_qc\YCA\YCA2020.WTH,normal_year;nitrogen_stress_year;low_response_year,normal,YCA2020_normal_grid_S0028,low_input_within_10pct_yield,2020-07-07,189,26,21,"{""sim_day"": 26.0, ""doy"": 189.0, ""topwt"": 488.3733367919922, ""grnwt"": 0.0, ""xlai"": 0.8345100283622742, ""totir"": 0.0, ""tofer"": NaN, ""swfac"": 0.0, ""nstres"": 0.0}",0.0,0.0,488.3733367919922,0.0,0.8345100283622742,0.0,,0.0,0.0,0.0,180.0,17.03145751953125,17.03145751953125,Leave_One_experiments/all_year_offline_schedule_search/daily_outputs/YCA/YCA_2020_YCA2020_normal_grid_S0028_daily.csv
YCA,YCA,Yucheng,2020,Leave_One_experiments\wth_generated_qc\YCA\YCA2020.WTH,normal_year;nitrogen_stress_year;low_response_year,normal,YCA2020_normal_grid_S0028,low_input_within_10pct_yield,2020-07-08,190,27,22,"{""sim_day"": 27.0, ""doy"": 190.0, ""topwt"": 549.672737121582, ""grnwt"": 0.0, ""xlai"": 0.918173611164093, ""totir"": 0.0, ""tofer"": NaN, ""swfac"": 0.0, ""nstres"": 0.0}",0.0,0.0,549.672737121582,0.0,0.918173611164093,0.0,,0.0,0.0,0.0,180.0,17.03145751953125,17.03145751953125,Leave_One_experiments/all_year_offline_schedule_search/daily_outputs/YCA/YCA_2020_YCA2020_normal_grid_S0028_daily.csv
YCA,YCA,Yucheng,2020,Leave_One_experiments\wth_generated_qc\YCA\YCA2020.WTH,normal_year;nitrogen_stress_year;low_response_year,normal,YCA2020_normal_grid_S0028,low_input_within_10pct_yield,2020-07-09,191,28,23,"{""sim_day"": 28.0, ""doy"": 191.0, ""topwt"": 647.8479766845703, ""grnwt"": 0.0, ""xlai"": 1.048485279083252, ""totir"": 0.0, ""tofer"": NaN, ""swfac"": 0.0, ""nstres"": 0.0}",0.0,0.0,647.8479766845703,0.0,1.048485279083252,0.0,,0.0,0.0,0.0,180.0,17.03145751953125,17.03145751953125,Leave_One_experiments/all_year_offline_schedule_search/daily_outputs/YCA/YCA_2020_YCA2020_normal_grid_S0028_daily.csv
YCA,YCA,Yucheng,2020,Leave_One_experiments\wth_generated_qc\YCA\YCA2020.WTH,normal_year;nitrogen_stress_year;low_response_year,normal,YCA2020_normal_grid_S0028,low_input_within_10pct_yield,2020-07-10,192,29,24,"{""sim_day"": 29.0, ""doy"": 192.0, ""topwt"": 746.4664459228516, ""grnwt"": 0.0, ""xlai"": 1.1717243194580078, ""totir"": 0.0, ""tofer"": NaN, ""swfac"": 0.0, ""nstres"": 0.0}",0.0,0.0,746.4664459228516,0.0,1.1717243194580078,0.0,,0.0,0.0,0.0,180.0,17.03145751953125,17.03145751953125,Leave_One_experiments/all_year_offline_schedule_search/daily_outputs/YCA/YCA_2020_YCA2020_normal_grid_S0028_daily.csv
YCA,YCA,Yucheng,2020,Leave_One_experiments\wth_generated_qc\YCA\YCA2020.WTH,normal_year;nitrogen_stress_year;low_response_year,normal,YCA2020_normal_grid_S0028,low_input_within_10pct_yield,2020-07-11,193,30,25,"{""sim_day"": 30.0, ""doy"": 193.0, ""topwt"": 851.563720703125, ""grnwt"": 0.0, ""xlai"": 1.3069082498550415, ""totir"": 0.0, ""tofer"": NaN, ""swfac"": 0.0, ""nstres"": 0.0}",0.0,0.0,851.563720703125,0.0,1.3069082498550415,0.0,,0.0,0.0,0.0,180.0,17.03145751953125,17.03145751953125,Leave_One_experiments/all_year_offline_schedule_search/daily_outputs/YCA/YCA_2020_YCA2020_normal_grid_S0028_daily.csv
YCA,YCA,Yucheng,2020,Leave_One_experiments\wth_generated_qc\YCA\YCA2020.WTH,normal_year;nitrogen_stress_year;low_response_year,normal,YCA2020_normal_grid_S0028,low_input_within_10pct_yield,2020-07-12,194,31,26,"{""sim_day"": 31.0, ""doy"": 194.0, ""topwt"": 981.4788818359376, ""grnwt"": 0.0, ""xlai"": 1.4670406579971311, ""totir"": 0.0, ""tofer"": NaN, ""swfac"": 0.0, ""nstres"": 0.0}",0.0,0.0,981.4788818359376,0.0,1.4670406579971311,0.0,,0.0,0.0,0.0,180.0,17.03145751953125,17.03145751953125,Leave_One_experiments/all_year_offline_schedule_search/daily_outputs/YCA/YCA_2020_YCA2020_normal_grid_S0028_daily.csv
YCA,YCA,Yucheng,2020,Leave_One_experiments\wth_generated_qc\YCA\YCA2020.WTH,normal_year;nitrogen_stress_year;low_response_year,normal,YCA2020_normal_grid_S0028,low_input_within_10pct_yield,2020-07-13,195,32,27,"{""sim_day"": 32.0, ""doy"": 195.0, ""topwt"": 1121.3033294677734, ""grnwt"": 0.0, ""xlai"": 1.631216526031494, ""totir"": 0.0, ""tofer"": NaN, ""swfac"": 0.0, ""nstres"": 0.0}",0.0,0.0,1121.3033294677734,0.0,1.631216526031494,0.0,,0.0,0.0,0.0,180.0,17.03145751953125,17.03145751953125,Leave_One_experiments/all_year_offline_schedule_search/daily_outputs/YCA/YCA_2020_YCA2020_normal_grid_S0028_daily.csv
YCA,YCA,Yucheng,2020,Leave_One_experiments\wth_generated_qc\YCA\YCA2020.WTH,normal_year;nitrogen_stress_year;low_response_year,normal,YCA2020_normal_grid_S0028,low_input_within_10pct_yield,2020-07-14,196,33,28,"{""sim_day"": 33.0, ""doy"": 196.0, ""topwt"": 1280.8816528320312, ""grnwt"": 0.0, ""xlai"": 1.8085274696350095, ""totir"": 0.0, ""tofer"": NaN, ""swfac"": 0.0, ""nstres"": 0.0}",0.0,0.0,1280.8816528320312,0.0,1.8085274696350095,0.0,,0.0,0.0,0.0,180.0,17.03145751953125,17.03145751953125,Leave_One_experiments/all_year_offline_schedule_search/daily_outputs/YCA/YCA_2020_YCA2020_normal_grid_S0028_daily.csv
YCA,YCA,Yucheng,2020,Leave_One_experiments\wth_generated_qc\YCA\YCA2020.WTH,normal_year;nitrogen_stress_year;low_response_year,normal,YCA2020_normal_grid_S0028,low_input_within_10pct_yield,2020-07-15,197,34,29,"{""sim_day"": 34.0, ""doy"": 197.0, ""topwt"": 1457.206573486328, ""grnwt"": 0.0, ""xlai"": 1.992747187614441, ""totir"": 0.0, ""tofer"": NaN, ""swfac"": 0.0, ""nstres"": 0.0}",0.0,0.0,1457.206573486328,0.0,1.992747187614441,0.0,,0.0,0.0,0.0,180.0,17.03145751953125,17.03145751953125,Leave_One_experiments/all_year_offline_schedule_search/daily_outputs/YCA/YCA_2020_YCA2020_normal_grid_S0028_daily.csv
YCA,YCA,Yucheng,2020,Leave_One_experiments\wth_generated_qc\YCA\YCA2020.WTH,normal_year;nitrogen_stress_year;low_response_year,normal,YCA2020_normal_grid_S0028,low_input_within_10pct_yield,2020-07-16,198,35,30,"{""sim_day"": 35.0, ""doy"": 198.0, ""topwt"": 1641.4968872070312, ""grnwt"": 0.0, ""xlai"": 2.173285961151123, ""totir"": 0.0, ""tofer"": NaN, ""swfac"": 0.0, ""nstres"": 0.0}",0.0,0.0,1641.4968872070312,0.0,2.173285961151123,0.0,,0.0,50.0,0.0,180.0,17.03145751953125,17.03145751953125,Leave_One_experiments/all_year_offline_schedule_search/daily_outputs/YCA/YCA_2020_YCA2020_normal_grid_S0028_daily.csv
YCA,YCA,Yucheng,2020,Leave_One_experiments\wth_generated_qc\YCA\YCA2020.WTH,normal_year;nitrogen_stress_year;low_response_year,normal,YCA2020_normal_grid_S0028,low_input_within_10pct_yield,2020-07-17,199,36,31,"{""sim_day"": 36.0, ""doy"": 199.0, ""topwt"": 1821.519775390625, ""grnwt"": 0.0, ""xlai"": 2.338996648788452, ""totir"": 0.0, ""tofer"": NaN, ""swfac"": 0.0, ""nstres"": 0.0}",0.0,0.0,1821.519775390625,0.0,2.338996648788452,0.0,,0.0,0.0,0.0,180.0,17.03145751953125,17.03145751953125,Leave_One_experiments/all_year_offline_schedule_search/daily_outputs/YCA/YCA_2020_YCA2020_normal_grid_S0028_daily.csv
YCA,YCA,Yucheng,2020,Leave_One_experiments\wth_generated_qc\YCA\YCA2020.WTH,normal_year;nitrogen_stress_year;low_response_year,normal,YCA2020_normal_grid_S0028,low_input_within_10pct_yield,2020-07-18,200,37,32,"{""sim_day"": 37.0, ""doy"": 200.0, ""topwt"": 2014.0316772460935, ""grnwt"": 0.0, ""xlai"": 2.5052707195281982, ""totir"": 0.0, ""tofer"": NaN, ""swfac"": 0.0, ""nstres"": 0.0}",0.0,0.0,2014.0316772460935,0.0,2.5052707195281982,0.0,,0.0,0.0,0.0,180.0,17.03145751953125,17.03145751953125,Leave_One_experiments/all_year_offline_schedule_search/daily_outputs/YCA/YCA_2020_YCA2020_normal_grid_S0028_daily.csv
YCA,YCA,Yucheng,2020,Leave_One_experiments\wth_generated_qc\YCA\YCA2020.WTH,normal_year;nitrogen_stress_year;low_response_year,normal,YCA2020_normal_grid_S0028,low_input_within_10pct_yield,2020-07-19,201,38,33,"{""sim_day"": 38.0, ""doy"": 201.0, ""topwt"": 2228.540344238281, ""grnwt"": 0.0, ""xlai"": 2.6783854961395264, ""totir"": 0.0, ""tofer"": NaN, ""swfac"": 0.0, ""nstres"": 0.0}",0.0,0.0,2228.540344238281,0.0,2.6783854961395264,0.0,,0.0,0.0,0.0,180.0,17.03145751953125,17.03145751953125,Leave_One_experiments/all_year_offline_schedule_search/daily_outputs/YCA/YCA_2020_YCA2020_normal_grid_S0028_daily.csv
YCA,YCA,Yucheng,2020,Leave_One_experiments\wth_generated_qc\YCA\YCA2020.WTH,normal_year;nitrogen_stress_year;low_response_year,normal,YCA2020_normal_grid_S0028,low_input_within_10pct_yield,2020-07-20,202,39,34,"{""sim_day"": 39.0, ""doy"": 202.0, ""topwt"": 2462.0584106445312, ""grnwt"": 0.0, ""xlai"": 2.8539867401123047, ""totir"": 0.0, ""tofer"": NaN, ""swfac"": 0.0, ""nstres"": 0.0}",0.0,0.0,2462.0584106445312,0.0,2.8539867401123047,0.0,,0.0,0.0,0.0,180.0,17.03145751953125,17.03145751953125,Leave_One_experiments/all_year_offline_schedule_search/daily_outputs/YCA/YCA_2020_YCA2020_normal_grid_S0028_daily.csv
YCA,YCA,Yucheng,2020,Leave_One_experiments\wth_generated_qc\YCA\YCA2020.WTH,normal_year;nitrogen_stress_year;low_response_year,normal,YCA2020_normal_grid_S0028,low_input_within_10pct_yield,2020-07-21,203,40,35,"{""sim_day"": 40.0, ""doy"": 203.0, ""topwt"": 2639.795227050781, ""grnwt"": 0.0, ""xlai"": 2.978938579559326, ""totir"": 0.0, ""tofer"": NaN, ""swfac"": 0.0, ""nstres"": 0.0}",0.0,0.0,2639.795227050781,0.0,2.978938579559326,0.0,,0.0,0.0,0.0,180.0,17.03145751953125,17.03145751953125,Leave_One_experiments/all_year_offline_schedule_search/daily_outputs/YCA/YCA_2020_YCA2020_normal_grid_S0028_daily.csv
YCA,YCA,Yucheng,2020,Leave_One_experiments\wth_generated_qc\YCA\YCA2020.WTH,normal_year;nitrogen_stress_year;low_response_year,normal,YCA2020_normal_grid_S0028,low_input_within_10pct_yield,2020-07-22,204,41,36,"{""sim_day"": 41.0, ""doy"": 204.0, ""topwt"": 2888.296203613281, ""grnwt"": 0.0, ""xlai"": 3.1425118446350098, ""totir"": 0.0, ""tofer"": NaN, ""swfac"": 0.0, ""nstres"": 0.0}",0.0,0.0,2888.296203613281,0.0,3.1425118446350098,0.0,,0.0,0.0,0.0,180.0,17.03145751953125,17.03145751953125,Leave_One_experiments/all_year_offline_schedule_search/daily_outputs/YCA/YCA_2020_YCA2020_normal_grid_S0028_daily.csv
YCA,YCA,Yucheng,2020,Leave_One_experiments\wth_generated_qc\YCA\YCA2020.WTH,normal_year;nitrogen_stress_year;low_response_year,normal,YCA2020_normal_grid_S0028,low_input_within_10pct_yield,2020-07-23,205,42,37,"{""sim_day"": 42.0, ""doy"": 205.0, ""topwt"": 3178.788452148437, ""grnwt"": 0.0, ""xlai"": 3.3201916217803955, ""totir"": 0.0, ""tofer"": NaN, ""swfac"": 0.0, ""nstres"": 0.0}",0.0,0.0,3178.788452148437,0.0,3.3201916217803955,0.0,,0.0,0.0,0.0,180.0,17.03145751953125,17.03145751953125,Leave_One_experiments/all_year_offline_schedule_search/daily_outputs/YCA/YCA_2020_YCA2020_normal_grid_S0028_daily.csv
YCA,YCA,Yucheng,2020,Leave_One_experiments\wth_generated_qc\YCA\YCA2020.WTH,normal_year;nitrogen_stress_year;low_response_year,normal,YCA2020_normal_grid_S0028,low_input_within_10pct_yield,2020-07-24,206,43,38,"{""sim_day"": 43.0, ""doy"": 206.0, ""topwt"": 3428.7240600585938, ""grnwt"": 0.0, ""xlai"": 3.4624061584472656, ""totir"": 0.0, ""tofer"": NaN, ""swfac"": 0.0, ""nstres"": 0.0}",0.0,0.0,3428.7240600585938,0.0,3.4624061584472656,0.0,,0.0,0.0,0.0,180.0,17.03145751953125,17.03145751953125,Leave_One_experiments/all_year_offline_schedule_search/daily_outputs/YCA/YCA_2020_YCA2020_normal_grid_S0028_daily.csv
YCA,YCA,Yucheng,2020,Leave_One_experiments\wth_generated_qc\YCA\YCA2020.WTH,normal_year;nitrogen_stress_year;low_response_year,normal,YCA2020_normal_grid_S0028,low_input_within_10pct_yield,2020-07-25,207,44,39,"{""sim_day"": 44.0, ""doy"": 207.0, ""topwt"": 3498.4503173828125, ""grnwt"": 0.0, ""xlai"": 3.499666690826416, ""totir"": 0.0, ""tofer"": NaN, ""swfac"": 0.0, ""nstres"": 0.0}",0.0,0.0,3498.4503173828125,0.0,3.499666690826416,0.0,,0.0,0.0,0.0,180.0,17.03145751953125,17.03145751953125,Leave_One_experiments/all_year_offline_schedule_search/daily_outputs/YCA/YCA_2020_YCA2020_normal_grid_S0028_daily.csv
YCA,YCA,Yucheng,2020,Leave_One_experiments\wth_generated_qc\YCA\YCA2020.WTH,normal_year;nitrogen_stress_year;low_response_year,normal,YCA2020_normal_grid_S0028,low_input_within_10pct_yield,2020-07-26,208,45,40,"{""sim_day"": 45.0, ""doy"": 208.0, ""topwt"": 3753.3853149414062, ""grnwt"": 0.0, ""xlai"": 3.6284351348876953, ""totir"": 0.0, ""tofer"": NaN, ""swfac"": 0.0, ""nstres"": 0.0}",0.0,0.0,3753.3853149414062,0.0,3.6284351348876953,0.0,,0.0,0.0,0.0,180.0,17.03145751953125,17.03145751953125,Leave_One_experiments/all_year_offline_schedule_search/daily_outputs/YCA/YCA_2020_YCA2020_normal_grid_S0028_daily.csv
YCA,YCA,Yucheng,2020,Leave_One_experiments\wth_generated_qc\YCA\YCA2020.WTH,normal_year;nitrogen_stress_year;low_response_year,normal,YCA2020_normal_grid_S0028,low_input_within_10pct_yield,2020-07-27,209,46,41,"{""sim_day"": 46.0, ""doy"": 209.0, ""topwt"": 4125.918273925781, ""grnwt"": 0.0, ""xlai"": 3.8037827014923096, ""totir"": 0.0, ""tofer"": NaN, ""swfac"": 0.0, ""nstres"": 0.0}",0.0,0.0,4125.918273925781,0.0,3.8037827014923096,0.0,,0.0,0.0,0.0,180.0,17.03145751953125,17.03145751953125,Leave_One_experiments/all_year_offline_schedule_search/daily_outputs/YCA/YCA_2020_YCA2020_normal_grid_S0028_daily.csv
YCA,YCA,Yucheng,2020,Leave_One_experiments\wth_generated_qc\YCA\YCA2020.WTH,normal_year;nitrogen_stress_year;low_response_year,normal,YCA2020_normal_grid_S0028,low_input_within_10pct_yield,2020-07-28,210,47,42,"{""sim_day"": 47.0, ""doy"": 210.0, ""topwt"": 4552.438049316406, ""grnwt"": 0.0, ""xlai"": 3.9897847175598153, ""totir"": 0.0, ""tofer"": NaN, ""swfac"": 0.0, ""nstres"": 0.0}",0.0,0.0,4552.438049316406,0.0,3.9897847175598153,0.0,,0.0,0.0,0.0,180.0,17.03145751953125,17.03145751953125,Leave_One_experiments/all_year_offline_schedule_search/daily_outputs/YCA/YCA_2020_YCA2020_normal_grid_S0028_daily.csv
YCA,YCA,Yucheng,2020,Leave_One_experiments\wth_generated_qc\YCA\YCA2020.WTH,normal_year;nitrogen_stress_year;low_response_year,normal,YCA2020_normal_grid_S0028,low_input_within_10pct_yield,2020-07-29,211,48,43,"{""sim_day"": 48.0, ""doy"": 211.0, ""topwt"": 5008.283081054688, ""grnwt"": 0.0, ""xlai"": 4.173909664154053, ""totir"": 0.0, ""tofer"": NaN, ""swfac"": 0.0, ""nstres"": 0.0}",0.0,0.0,5008.283081054688,0.0,4.173909664154053,0.0,,0.0,0.0,0.0,180.0,17.03145751953125,17.03145751953125,Leave_One_experiments/all_year_offline_schedule_search/daily_outputs/YCA/YCA_2020_YCA2020_normal_grid_S0028_daily.csv
YCA,YCA,Yucheng,2020,Leave_One_experiments\wth_generated_qc\YCA\YCA2020.WTH,normal_year;nitrogen_stress_year;low_response_year,normal,YCA2020_normal_grid_S0028,low_input_within_10pct_yield,2020-07-30,212,49,44,"{""sim_day"": 49.0, ""doy"": 212.0, ""topwt"": 5454.9884033203125, ""grnwt"": 0.0, ""xlai"": 4.383664131164551, ""totir"": 0.0, ""tofer"": NaN, ""swfac"": 0.0, ""nstres"": 0.0}",0.0,0.0,5454.9884033203125,0.0,4.383664131164551,0.0,,0.0,0.0,0.0,180.0,17.03145751953125,17.03145751953125,Leave_One_experiments/all_year_offline_schedule_search/daily_outputs/YCA/YCA_2020_YCA2020_normal_grid_S0028_daily.csv
YCA,YCA,Yucheng,2020,Leave_One_experiments\wth_generated_qc\YCA\YCA2020.WTH,normal_year;nitrogen_stress_year;low_response_year,normal,YCA2020_normal_grid_S0028,low_input_within_10pct_yield,2020-07-31,213,50,45,"{""sim_day"": 50.0, ""doy"": 213.0, ""topwt"": 5779.542236328125, ""grnwt"": 0.0, ""xlai"": 4.495466232299805, ""totir"": 0.0, ""tofer"": NaN, ""swfac"": 0.0, ""nstres"": 0.0236374139785766}",0.0,0.0236374139785766,5779.542236328125,0.0,4.495466232299805,0.0,,0.0,0.0,0.0,180.0,17.03145751953125,17.03145751953125,Leave_One_experiments/all_year_offline_schedule_search/daily_outputs/YCA/YCA_2020_YCA2020_normal_grid_S0028_daily.csv
YCA,YCA,Yucheng,2020,Leave_One_experiments\wth_generated_qc\YCA\YCA2020.WTH,normal_year;nitrogen_stress_year;low_response_year,normal,YCA2020_normal_grid_S0028,low_input_within_10pct_yield,2020-08-01,214,51,46,"{""sim_day"": 51.0, ""doy"": 214.0, ""topwt"": 6108.05908203125, ""grnwt"": 0.0, ""xlai"": 4.57684326171875, ""totir"": 0.0, ""tofer"": NaN, ""swfac"": 0.0, ""nstres"": 0.0520497560501098}",0.0,0.0520497560501098,6108.05908203125,0.0,4.57684326171875,0.0,,0.0,0.0,0.0,180.0,17.03145751953125,17.03145751953125,Leave_One_experiments/all_year_offline_schedule_search/daily_outputs/YCA/YCA_2020_YCA2020_normal_grid_S0028_daily.csv
YCA,YCA,Yucheng,2020,Leave_One_experiments\wth_generated_qc\YCA\YCA2020.WTH,normal_year;nitrogen_stress_year;low_response_year,normal,YCA2020_normal_grid_S0028,low_input_within_10pct_yield,2020-08-02,215,52,47,"{""sim_day"": 52.0, ""doy"": 215.0, ""topwt"": 6401.4776611328125, ""grnwt"": 0.0, ""xlai"": 4.627742290496826, ""totir"": 0.0, ""tofer"": NaN, ""swfac"": 0.0, ""nstres"": 0.0657501816749572}",0.0,0.0657501816749572,6401.4776611328125,0.0,4.627742290496826,0.0,,0.0,0.0,0.0,180.0,17.03145751953125,17.03145751953125,Leave_One_experiments/all_year_offline_schedule_search/daily_outputs/YCA/YCA_2020_YCA2020_normal_grid_S0028_daily.csv
YCA,YCA,Yucheng,2020,Leave_One_experiments\wth_generated_qc\YCA\YCA2020.WTH,normal_year;nitrogen_stress_year;low_response_year,normal,YCA2020_normal_grid_S0028,low_input_within_10pct_yield,2020-08-03,216,53,48,"{""sim_day"": 53.0, ""doy"": 216.0, ""topwt"": 6752.607421875, ""grnwt"": 0.0, ""xlai"": 4.679221630096436, ""totir"": 0.0, ""tofer"": NaN, ""swfac"": 0.0, ""nstres"": 0.0791393518447876}",0.0,0.0791393518447876,6752.607421875,0.0,4.679221630096436,0.0,,0.0,0.0,0.0,180.0,17.03145751953125,17.03145751953125,Leave_One_experiments/all_year_offline_schedule_search/daily_outputs/YCA/YCA_2020_YCA2020_normal_grid_S0028_daily.csv
YCA,YCA,Yucheng,2020,Leave_One_experiments\wth_generated_qc\YCA\YCA2020.WTH,normal_year;nitrogen_stress_year;low_response_year,normal,YCA2020_normal_grid_S0028,low_input_within_10pct_yield,2020-08-04,217,54,49,"{""sim_day"": 54.0, ""doy"": 217.0, ""topwt"": 6861.7266845703125, ""grnwt"": 0.0, ""xlai"": 4.654753684997559, ""totir"": 0.0, ""tofer"": NaN, ""swfac"": 0.0, ""nstres"": 0.0897324085235595}",0.0,0.0897324085235595,6861.7266845703125,0.0,4.654753684997559,0.0,,0.0,0.0,0.0,180.0,17.03145751953125,17.03145751953125,Leave_One_experiments/all_year_offline_schedule_search/daily_outputs/YCA/YCA_2020_YCA2020_normal_grid_S0028_daily.csv
YCA,YCA,Yucheng,2020,Leave_One_experiments\wth_generated_qc\YCA\YCA2020.WTH,normal_year;nitrogen_stress_year;low_response_year,normal,YCA2020_normal_grid_S0028,low_input_within_10pct_yield,2020-08-05,218,55,50,"{""sim_day"": 55.0, ""doy"": 218.0, ""topwt"": 6885.9185791015625, ""grnwt"": 0.0, ""xlai"": 4.600794792175293, ""totir"": 0.0, ""tofer"": NaN, ""swfac"": 0.0, ""nstres"": 0.1021523475646972}",0.0,0.1021523475646972,6885.9185791015625,0.0,4.600794792175293,0.0,,0.0,0.0,0.0,180.0,17.03145751953125,17.03145751953125,Leave_One_experiments/all_year_offline_schedule_search/daily_outputs/YCA/YCA_2020_YCA2020_normal_grid_S0028_daily.csv
YCA,YCA,Yucheng,2020,Leave_One_experiments\wth_generated_qc\YCA\YCA2020.WTH,normal_year;nitrogen_stress_year;low_response_year,normal,YCA2020_normal_grid_S0028,low_input_within_10pct_yield,2020-08-06,219,56,51,"{""sim_day"": 56.0, ""doy"": 219.0, ""topwt"": 7006.616821289063, ""grnwt"": 0.0, ""xlai"": 4.570309638977051, ""totir"": 0.0, ""tofer"": NaN, ""swfac"": 0.0, ""nstres"": 0.1020413637161254}",0.0,0.1020413637161254,7006.616821289063,0.0,4.570309638977051,0.0,,0.0,0.0,0.0,180.0,17.03145751953125,17.03145751953125,Leave_One_experiments/all_year_offline_schedule_search/daily_outputs/YCA/YCA_2020_YCA2020_normal_grid_S0028_daily.csv
YCA,YCA,Yucheng,2020,Leave_One_experiments\wth_generated_qc\YCA\YCA2020.WTH,normal_year;nitrogen_stress_year;low_response_year,normal,YCA2020_normal_grid_S0028,low_input_within_10pct_yield,2020-08-07,220,57,52,"{""sim_day"": 57.0, ""doy"": 220.0, ""topwt"": 7196.460571289063, ""grnwt"": 0.0, ""xlai"": 4.55959415435791, ""totir"": 0.0, ""tofer"": NaN, ""swfac"": 0.0, ""nstres"": 0.0969345569610595}",0.0,0.0969345569610595,7196.460571289063,0.0,4.55959415435791,0.0,,0.0,0.0,0.0,180.0,17.03145751953125,17.03145751953125,Leave_One_experiments/all_year_offline_schedule_search/daily_outputs/YCA/YCA_2020_YCA2020_normal_grid_S0028_daily.csv
YCA,YCA,Yucheng,2020,Leave_One_experiments\wth_generated_qc\YCA\YCA2020.WTH,normal_year;nitrogen_stress_year;low_response_year,normal,YCA2020_normal_grid_S0028,low_input_within_10pct_yield,2020-08-08,221,58,53,"{""sim_day"": 58.0, ""doy"": 221.0, ""topwt"": 7514.483032226562, ""grnwt"": 0.0, ""xlai"": 4.579794883728027, ""totir"": 0.0, ""tofer"": NaN, ""swfac"": 0.0, ""nstres"": 0.0963097810745239}",0.0,0.0963097810745239,7514.483032226562,0.0,4.579794883728027,0.0,,0.0,0.0,0.0,180.0,17.03145751953125,17.03145751953125,Leave_One_experiments/all_year_offline_schedule_search/daily_outputs/YCA/YCA_2020_YCA2020_normal_grid_S0028_daily.csv
YCA,YCA,Yucheng,2020,Leave_One_experiments\wth_generated_qc\YCA\YCA2020.WTH,normal_year;nitrogen_stress_year;low_response_year,normal,YCA2020_normal_grid_S0028,low_input_within_10pct_yield,2020-08-09,222,59,54,"{""sim_day"": 59.0, ""doy"": 222.0, ""topwt"": 7839.600219726562, ""grnwt"": 0.0, ""xlai"": 4.600382328033447, ""totir"": 0.0, ""tofer"": NaN, ""swfac"": 0.0, ""nstres"": 0.0979836583137512}",0.0,0.0979836583137512,7839.600219726562,0.0,4.600382328033447,0.0,,0.0,0.0,0.0,180.0,17.03145751953125,17.03145751953125,Leave_One_experiments/all_year_offline_schedule_search/daily_outputs/YCA/YCA_2020_YCA2020_normal_grid_S0028_daily.csv
YCA,YCA,Yucheng,2020,Leave_One_experiments\wth_generated_qc\YCA\YCA2020.WTH,normal_year;nitrogen_stress_year;low_response_year,normal,YCA2020_normal_grid_S0028,low_input_within_10pct_yield,2020-08-10,223,60,55,"{""sim_day"": 60.0, ""doy"": 223.0, ""topwt"": 8157.147827148437, ""grnwt"": 0.0, ""xlai"": 4.617253303527832, ""totir"": 0.0, ""tofer"": NaN, ""swfac"": 0.0, ""nstres"": 0.1007035970687866}",0.0,0.1007035970687866,8157.147827148437,0.0,4.617253303527832,0.0,,0.0,0.0,0.0,180.0,17.03145751953125,17.03145751953125,Leave_One_experiments/all_year_offline_schedule_search/daily_outputs/YCA/YCA_2020_YCA2020_normal_grid_S0028_daily.csv
YCA,YCA,Yucheng,2020,Leave_One_experiments\wth_generated_qc\YCA\YCA2020.WTH,normal_year;nitrogen_stress_year;low_response_year,normal,YCA2020_normal_grid_S0028,low_input_within_10pct_yield,2020-08-11,224,61,56,"{""sim_day"": 61.0, ""doy"": 224.0, ""topwt"": 8235.27587890625, ""grnwt"": 0.0, ""xlai"": 4.558356285095215, ""totir"": 0.0, ""tofer"": NaN, ""swfac"": 0.0, ""nstres"": 0.1020468473434448}",0.0,0.1020468473434448,8235.27587890625,0.0,4.558356285095215,0.0,,0.0,0.0,0.0,180.0,17.03145751953125,17.03145751953125,Leave_One_experiments/all_year_offline_schedule_search/daily_outputs/YCA/YCA_2020_YCA2020_normal_grid_S0028_daily.csv
YCA,YCA,Yucheng,2020,Leave_One_experiments\wth_generated_qc\YCA\YCA2020.WTH,normal_year;nitrogen_stress_year;low_response_year,normal,YCA2020_normal_grid_S0028,low_input_within_10pct_yield,2020-08-12,225,62,57,"{""sim_day"": 62.0, ""doy"": 225.0, ""topwt"": 8328.358154296875, ""grnwt"": 0.0, ""xlai"": 4.5027337074279785, ""totir"": 0.0, ""tofer"": NaN, ""swfac"": 0.0, ""nstres"": 0.0976184010505676}",0.0,0.0976184010505676,8328.358154296875,0.0,4.5027337074279785,0.0,,0.0,0.0,0.0,180.0,17.03145751953125,17.03145751953125,Leave_One_experiments/all_year_offline_schedule_search/daily_outputs/YCA/YCA_2020_YCA2020_normal_grid_S0028_daily.csv
YCA,YCA,Yucheng,2020,Leave_One_experiments\wth_generated_qc\YCA\YCA2020.WTH,normal_year;nitrogen_stress_year;low_response_year,normal,YCA2020_normal_grid_S0028,low_input_within_10pct_yield,2020-08-13,226,63,58,"{""sim_day"": 63.0, ""doy"": 226.0, ""topwt"": 8689.32861328125, ""grnwt"": 0.0, ""xlai"": 4.453952789306641, ""totir"": 0.0, ""tofer"": NaN, ""swfac"": 0.0, ""nstres"": 0.0866683721542358}",0.0,0.0866683721542358,8689.32861328125,0.0,4.453952789306641,0.0,,0.0,0.0,0.0,180.0,17.03145751953125,17.03145751953125,Leave_One_experiments/all_year_offline_schedule_search/daily_outputs/YCA/YCA_2020_YCA2020_normal_grid_S0028_daily.csv
YCA,YCA,Yucheng,2020,Leave_One_experiments\wth_generated_qc\YCA\YCA2020.WTH,normal_year;nitrogen_stress_year;low_response_year,normal,YCA2020_normal_grid_S0028,low_input_within_10pct_yield,2020-08-14,227,64,59,"{""sim_day"": 64.0, ""doy"": 227.0, ""topwt"": 8701.978149414062, ""grnwt"": 0.0, ""xlai"": 4.411200523376465, ""totir"": 0.0, ""tofer"": NaN, ""swfac"": 0.0, ""nstres"": 0.076790452003479}",0.0,0.076790452003479,8701.978149414062,0.0,4.411200523376465,0.0,,0.0,0.0,0.0,180.0,17.03145751953125,17.03145751953125,Leave_One_experiments/all_year_offline_schedule_search/daily_outputs/YCA/YCA_2020_YCA2020_normal_grid_S0028_daily.csv
YCA,YCA,Yucheng,2020,Leave_One_experiments\wth_generated_qc\YCA\YCA2020.WTH,normal_year;nitrogen_stress_year;low_response_year,normal,YCA2020_normal_grid_S0028,low_input_within_10pct_yield,2020-08-15,228,65,60,"{""sim_day"": 65.0, ""doy"": 228.0, ""topwt"": 8840.313720703125, ""grnwt"": 0.0, ""xlai"": 4.371496677398682, ""totir"": 0.0, ""tofer"": NaN, ""swfac"": 0.0, ""nstres"": 0.0720057487487793}",0.0,0.0720057487487793,8840.313720703125,0.0,4.371496677398682,0.0,,0.0,50.0,0.0,180.0,17.03145751953125,17.03145751953125,Leave_One_experiments/all_year_offline_schedule_search/daily_outputs/YCA/YCA_2020_YCA2020_normal_grid_S0028_daily.csv
YCA,YCA,Yucheng,2020,Leave_One_experiments\wth_generated_qc\YCA\YCA2020.WTH,normal_year;nitrogen_stress_year;low_response_year,normal,YCA2020_normal_grid_S0028,low_input_within_10pct_yield,2020-08-16,229,66,61,"{""sim_day"": 66.0, ""doy"": 229.0, ""topwt"": 9167.235107421877, ""grnwt"": 0.0, ""xlai"": 4.345772743225098, ""totir"": 0.0, ""tofer"": NaN, ""swfac"": 0.0, ""nstres"": 0.0470756292343139}",0.0,0.0470756292343139,9167.235107421877,0.0,4.345772743225098,0.0,,0.0,0.0,0.0,180.0,17.03145751953125,17.03145751953125,Leave_One_experiments/all_year_offline_schedule_search/daily_outputs/YCA/YCA_2020_YCA2020_normal_grid_S0028_daily.csv
YCA,YCA,Yucheng,2020,Leave_One_experiments\wth_generated_qc\YCA\YCA2020.WTH,normal_year;nitrogen_stress_year;low_response_year,normal,YCA2020_normal_grid_S0028,low_input_within_10pct_yield,2020-08-17,230,67,62,"{""sim_day"": 67.0, ""doy"": 230.0, ""topwt"": 9544.041137695312, ""grnwt"": 0.0, ""xlai"": 4.333751201629639, ""totir"": 0.0, ""tofer"": NaN, ""swfac"": 0.0, ""nstres"": 0.0}",0.0,0.0,9544.041137695312,0.0,4.333751201629639,0.0,,0.0,0.0,0.0,180.0,17.03145751953125,17.03145751953125,Leave_One_experiments/all_year_offline_schedule_search/daily_outputs/YCA/YCA_2020_YCA2020_normal_grid_S0028_daily.csv
YCA,YCA,Yucheng,2020,Leave_One_experiments\wth_generated_qc\YCA\YCA2020.WTH,normal_year;nitrogen_stress_year;low_response_year,normal,YCA2020_normal_grid_S0028,low_input_within_10pct_yield,2020-08-18,231,68,63,"{""sim_day"": 68.0, ""doy"": 231.0, ""topwt"": 9606.804809570312, ""grnwt"": 0.0, ""xlai"": 4.322180271148682, ""totir"": 0.0, ""tofer"": NaN, ""swfac"": 0.0, ""nstres"": 0.0}",0.0,0.0,9606.804809570312,0.0,4.322180271148682,0.0,,0.0,0.0,0.0,180.0,17.03145751953125,17.03145751953125,Leave_One_experiments/all_year_offline_schedule_search/daily_outputs/YCA/YCA_2020_YCA2020_normal_grid_S0028_daily.csv
YCA,YCA,Yucheng,2020,Leave_One_experiments\wth_generated_qc\YCA\YCA2020.WTH,normal_year;nitrogen_stress_year;low_response_year,normal,YCA2020_normal_grid_S0028,low_input_within_10pct_yield,2020-08-19,232,69,64,"{""sim_day"": 69.0, ""doy"": 232.0, ""topwt"": 9705.588989257812, ""grnwt"": 0.0, ""xlai"": 4.311039924621582, ""totir"": 0.0, ""tofer"": NaN, ""swfac"": 0.0, ""nstres"": 0.0}",0.0,0.0,9705.588989257812,0.0,4.311039924621582,0.0,,0.0,0.0,0.0,180.0,17.03145751953125,17.03145751953125,Leave_One_experiments/all_year_offline_schedule_search/daily_outputs/YCA/YCA_2020_YCA2020_normal_grid_S0028_daily.csv
YCA,YCA,Yucheng,2020,Leave_One_experiments\wth_generated_qc\YCA\YCA2020.WTH,normal_year;nitrogen_stress_year;low_response_year,normal,YCA2020_normal_grid_S0028,low_input_within_10pct_yield,2020-08-20,233,70,65,"{""sim_day"": 70.0, ""doy"": 233.0, ""topwt"": 9905.771484375, ""grnwt"": 200.18218994140625, ""xlai"": 4.3003129959106445, ""totir"": 0.0, ""tofer"": NaN, ""swfac"": 0.0, ""nstres"": 0.0}",0.0,0.0,9905.771484375,200.18218994140625,4.3003129959106445,0.0,,0.0,0.0,0.0,180.0,17.03145751953125,17.03145751953125,Leave_One_experiments/all_year_offline_schedule_search/daily_outputs/YCA/YCA_2020_YCA2020_normal_grid_S0028_daily.csv
YCA,YCA,Yucheng,2020,Leave_One_experiments\wth_generated_qc\YCA\YCA2020.WTH,normal_year;nitrogen_stress_year;low_response_year,normal,YCA2020_normal_grid_S0028,low_input_within_10pct_yield,2020-08-21,234,71,66,"{""sim_day"": 71.0, ""doy"": 234.0, ""topwt"": 10105.953979492188, ""grnwt"": 400.3643798828125, ""xlai"": 4.289981365203857, ""totir"": 0.0, ""tofer"": NaN, ""swfac"": 0.0, ""nstres"": 0.0}",0.0,0.0,10105.953979492188,400.3643798828125,4.289981365203857,0.0,,0.0,0.0,0.0,180.0,17.03145751953125,17.03145751953125,Leave_One_experiments/all_year_offline_schedule_search/daily_outputs/YCA/YCA_2020_YCA2020_normal_grid_S0028_daily.csv
YCA,YCA,Yucheng,2020,Leave_One_experiments\wth_generated_qc\YCA\YCA2020.WTH,normal_year;nitrogen_stress_year;low_response_year,normal,YCA2020_normal_grid_S0028,low_input_within_10pct_yield,2020-08-22,235,72,67,"{""sim_day"": 72.0, ""doy"": 235.0, ""topwt"": 10306.13525390625, ""grnwt"": 600.5465316772461, ""xlai"": 4.280029296875, ""totir"": 0.0, ""tofer"": NaN, ""swfac"": 0.0, ""nstres"": 0.0}",0.0,0.0,10306.13525390625,600.5465316772461,4.280029296875,0.0,,0.0,0.0,0.0,180.0,17.03145751953125,17.03145751953125,Leave_One_experiments/all_year_offline_schedule_search/daily_outputs/YCA/YCA_2020_YCA2020_normal_grid_S0028_daily.csv
YCA,YCA,Yucheng,2020,Leave_One_experiments\wth_generated_qc\YCA\YCA2020.WTH,normal_year;nitrogen_stress_year;low_response_year,normal,YCA2020_normal_grid_S0028,low_input_within_10pct_yield,2020-08-23,236,73,68,"{""sim_day"": 73.0, ""doy"": 236.0, ""topwt"": 10481.383056640623, ""grnwt"": 800.728759765625, ""xlai"": 4.270441055297852, ""totir"": 0.0, ""tofer"": NaN, ""swfac"": 0.0, ""nstres"": 0.0}",0.0,0.0,10481.383056640623,800.728759765625,4.270441055297852,0.0,,0.0,0.0,0.0,180.0,17.03145751953125,17.03145751953125,Leave_One_experiments/all_year_offline_schedule_search/daily_outputs/YCA/YCA_2020_YCA2020_normal_grid_S0028_daily.csv
YCA,YCA,Yucheng,2020,Leave_One_experiments\wth_generated_qc\YCA\YCA2020.WTH,normal_year;nitrogen_stress_year;low_response_year,normal,YCA2020_normal_grid_S0028,low_input_within_10pct_yield,2020-08-24,237,74,69,"{""sim_day"": 74.0, ""doy"": 237.0, ""topwt"": 10706.500244140623, ""grnwt"": 1000.9109497070312, ""xlai"": 4.261201858520508, ""totir"": 0.0, ""tofer"": NaN, ""swfac"": 0.0, ""nstres"": 0.0}",0.0,0.0,10706.500244140623,1000.9109497070312,4.261201858520508,0.0,,0.0,0.0,0.0,180.0,17.03145751953125,17.03145751953125,Leave_One_experiments/all_year_offline_schedule_search/daily_outputs/YCA/YCA_2020_YCA2020_normal_grid_S0028_daily.csv
YCA,YCA,Yucheng,2020,Leave_One_experiments\wth_generated_qc\YCA\YCA2020.WTH,normal_year;nitrogen_stress_year;low_response_year,normal,YCA2020_normal_grid_S0028,low_input_within_10pct_yield,2020-08-25,238,75,70,"{""sim_day"": 75.0, ""doy"": 238.0, ""topwt"": 10895.87646484375, ""grnwt"": 1201.0931396484375, ""xlai"": 4.2522969245910645, ""totir"": 0.0, ""tofer"": NaN, ""swfac"": 0.0, ""nstres"": 0.0}",0.0,0.0,10895.87646484375,1201.0931396484375,4.2522969245910645,0.0,,0.0,0.0,0.0,180.0,17.03145751953125,17.03145751953125,Leave_One_experiments/all_year_offline_schedule_search/daily_outputs/YCA/YCA_2020_YCA2020_normal_grid_S0028_daily.csv
YCA,YCA,Yucheng,2020,Leave_One_experiments\wth_generated_qc\YCA\YCA2020.WTH,normal_year;nitrogen_stress_year;low_response_year,normal,YCA2020_normal_grid_S0028,low_input_within_10pct_yield,2020-08-26,239,76,71,"{""sim_day"": 76.0, ""doy"": 239.0, ""topwt"": 11106.864013671877, ""grnwt"": 1401.2753295898438, ""xlai"": 4.243714809417725, ""totir"": 0.0, ""tofer"": NaN, ""swfac"": 0.0, ""nstres"": 0.0}",0.0,0.0,11106.864013671877,1401.2753295898438,4.243714809417725,0.0,,0.0,0.0,0.0,180.0,17.03145751953125,17.03145751953125,Leave_One_experiments/all_year_offline_schedule_search/daily_outputs/YCA/YCA_2020_YCA2020_normal_grid_S0028_daily.csv
YCA,YCA,Yucheng,2020,Leave_One_experiments\wth_generated_qc\YCA\YCA2020.WTH,normal_year;nitrogen_stress_year;low_response_year,normal,YCA2020_normal_grid_S0028,low_input_within_10pct_yield,2020-08-27,240,77,72,"{""sim_day"": 77.0, ""doy"": 240.0, ""topwt"": 11307.0458984375, ""grnwt"": 1601.45751953125, ""xlai"": 4.235440731048584, ""totir"": 0.0, ""tofer"": NaN, ""swfac"": 0.0, ""nstres"": 0.0}",0.0,0.0,11307.0458984375,1601.45751953125,4.235440731048584,0.0,,0.0,0.0,0.0,180.0,17.03145751953125,17.03145751953125,Leave_One_experiments/all_year_offline_schedule_search/daily_outputs/YCA/YCA_2020_YCA2020_normal_grid_S0028_daily.csv
YCA,YCA,Yucheng,2020,Leave_One_experiments\wth_generated_qc\YCA\YCA2020.WTH,normal_year;nitrogen_stress_year;low_response_year,normal,YCA2020_normal_grid_S0028,low_input_within_10pct_yield,2020-08-28,241,78,73,"{""sim_day"": 78.0, ""doy"": 241.0, ""topwt"": 11507.227783203123, ""grnwt"": 1801.6398620605469, ""xlai"": 4.227463245391846, ""totir"": 0.0, ""tofer"": NaN, ""swfac"": 0.0, ""nstres"": 0.0}",0.0,0.0,11507.227783203123,1801.6398620605469,4.227463245391846,0.0,,0.0,0.0,0.0,180.0,17.03145751953125,17.03145751953125,Leave_One_experiments/all_year_offline_schedule_search/daily_outputs/YCA/YCA_2020_YCA2020_normal_grid_S0028_daily.csv
YCA,YCA,Yucheng,2020,Leave_One_experiments\wth_generated_qc\YCA\YCA2020.WTH,normal_year;nitrogen_stress_year;low_response_year,normal,YCA2020_normal_grid_S0028,low_input_within_10pct_yield,2020-08-29,242,79,74,"{""sim_day"": 79.0, ""doy"": 242.0, ""topwt"": 11704.908447265623, ""grnwt"": 1999.3196105957031, ""xlai"": 4.219770431518555, ""totir"": 0.0, ""tofer"": NaN, ""swfac"": 0.0, ""nstres"": 0.0}",0.0,0.0,11704.908447265623,1999.3196105957031,4.219770431518555,0.0,,0.0,0.0,0.0,180.0,17.03145751953125,17.03145751953125,Leave_One_experiments/all_year_offline_schedule_search/daily_outputs/YCA/YCA_2020_YCA2020_normal_grid_S0028_daily.csv
YCA,YCA,Yucheng,2020,Leave_One_experiments\wth_generated_qc\YCA\YCA2020.WTH,normal_year;nitrogen_stress_year;low_response_year,normal,YCA2020_normal_grid_S0028,low_input_within_10pct_yield,2020-08-30,243,80,75,"{""sim_day"": 80.0, ""doy"": 243.0, ""topwt"": 11905.09033203125, ""grnwt"": 2199.501953125, ""xlai"": 4.212350845336914, ""totir"": 0.0, ""tofer"": NaN, ""swfac"": 0.0, ""nstres"": 0.0}",0.0,0.0,11905.09033203125,2199.501953125,4.212350845336914,0.0,,0.0,0.0,0.0,180.0,17.03145751953125,17.03145751953125,Leave_One_experiments/all_year_offline_schedule_search/daily_outputs/YCA/YCA_2020_YCA2020_normal_grid_S0028_daily.csv
YCA,YCA,Yucheng,2020,Leave_One_experiments\wth_generated_qc\YCA\YCA2020.WTH,normal_year;nitrogen_stress_year;low_response_year,normal,YCA2020_normal_grid_S0028,low_input_within_10pct_yield,2020-08-31,244,81,76,"{""sim_day"": 81.0, ""doy"": 244.0, ""topwt"": 12105.272216796877, ""grnwt"": 2399.683990478516, ""xlai"": 4.196696758270264, ""totir"": 0.0, ""tofer"": NaN, ""swfac"": 0.0, ""nstres"": 0.0}",0.0,0.0,12105.272216796877,2399.683990478516,4.196696758270264,0.0,,0.0,0.0,0.0,180.0,17.03145751953125,17.03145751953125,Leave_One_experiments/all_year_offline_schedule_search/daily_outputs/YCA/YCA_2020_YCA2020_normal_grid_S0028_daily.csv
YCA,YCA,Yucheng,2020,Leave_One_experiments\wth_generated_qc\YCA\YCA2020.WTH,normal_year;nitrogen_stress_year;low_response_year,normal,YCA2020_normal_grid_S0028,low_input_within_10pct_yield,2020-09-01,245,82,77,"{""sim_day"": 82.0, ""doy"": 245.0, ""topwt"": 12305.455322265623, ""grnwt"": 2599.8660278320312, ""xlai"": 4.132736682891846, ""totir"": 0.0, ""tofer"": NaN, ""swfac"": 0.0, ""nstres"": 0.0}",0.0,0.0,12305.455322265623,2599.8660278320312,4.132736682891846,0.0,,0.0,0.0,0.0,180.0,17.03145751953125,17.03145751953125,Leave_One_experiments/all_year_offline_schedule_search/daily_outputs/YCA/YCA_2020_YCA2020_normal_grid_S0028_daily.csv
YCA,YCA,Yucheng,2020,Leave_One_experiments\wth_generated_qc\YCA\YCA2020.WTH,normal_year;nitrogen_stress_year;low_response_year,normal,YCA2020_normal_grid_S0028,low_input_within_10pct_yield,2020-09-02,246,83,78,"{""sim_day"": 83.0, ""doy"": 246.0, ""topwt"": 12505.63720703125, ""grnwt"": 2800.048217773437, ""xlai"": 4.076128959655762, ""totir"": 0.0, ""tofer"": NaN, ""swfac"": 0.0, ""nstres"": 0.0}",0.0,0.0,12505.63720703125,2800.048217773437,4.076128959655762,0.0,,0.0,0.0,0.0,180.0,17.03145751953125,17.03145751953125,Leave_One_experiments/all_year_offline_schedule_search/daily_outputs/YCA/YCA_2020_YCA2020_normal_grid_S0028_daily.csv
YCA,YCA,Yucheng,2020,Leave_One_experiments\wth_generated_qc\YCA\YCA2020.WTH,normal_year;nitrogen_stress_year;low_response_year,normal,YCA2020_normal_grid_S0028,low_input_within_10pct_yield,2020-09-03,247,84,79,"{""sim_day"": 84.0, ""doy"": 247.0, ""topwt"": 12705.819091796877, ""grnwt"": 3000.2301025390625, ""xlai"": 4.010403633117676, ""totir"": 0.0, ""tofer"": NaN, ""swfac"": 0.0, ""nstres"": 0.0}",0.0,0.0,12705.819091796877,3000.2301025390625,4.010403633117676,0.0,,0.0,0.0,0.0,180.0,17.03145751953125,17.03145751953125,Leave_One_experiments/all_year_offline_schedule_search/daily_outputs/YCA/YCA_2020_YCA2020_normal_grid_S0028_daily.csv
YCA,YCA,Yucheng,2020,Leave_One_experiments\wth_generated_qc\YCA\YCA2020.WTH,normal_year;nitrogen_stress_year;low_response_year,normal,YCA2020_normal_grid_S0028,low_input_within_10pct_yield,2020-09-04,248,85,80,"{""sim_day"": 85.0, ""doy"": 248.0, ""topwt"": 12906.002197265623, ""grnwt"": 3200.4122924804688, ""xlai"": 3.928621292114258, ""totir"": 0.0, ""tofer"": NaN, ""swfac"": 0.0, ""nstres"": 0.0}",0.0,0.0,12906.002197265623,3200.4122924804688,3.928621292114258,0.0,,0.0,0.0,0.0,180.0,17.03145751953125,17.03145751953125,Leave_One_experiments/all_year_offline_schedule_search/daily_outputs/YCA/YCA_2020_YCA2020_normal_grid_S0028_daily.csv
YCA,YCA,Yucheng,2020,Leave_One_experiments\wth_generated_qc\YCA\YCA2020.WTH,normal_year;nitrogen_stress_year;low_response_year,normal,YCA2020_normal_grid_S0028,low_input_within_10pct_yield,2020-09-05,249,86,81,"{""sim_day"": 86.0, ""doy"": 249.0, ""topwt"": 13106.18408203125, ""grnwt"": 3400.594482421875, ""xlai"": 3.837819814682007, ""totir"": 0.0, ""tofer"": NaN, ""swfac"": 0.0, ""nstres"": 0.0}",0.0,0.0,13106.18408203125,3400.594482421875,3.837819814682007,0.0,,0.0,0.0,0.0,180.0,17.03145751953125,17.03145751953125,Leave_One_experiments/all_year_offline_schedule_search/daily_outputs/YCA/YCA_2020_YCA2020_normal_grid_S0028_daily.csv
YCA,YCA,Yucheng,2020,Leave_One_experiments\wth_generated_qc\YCA\YCA2020.WTH,normal_year;nitrogen_stress_year;low_response_year,normal,YCA2020_normal_grid_S0028,low_input_within_10pct_yield,2020-09-06,250,87,82,"{""sim_day"": 87.0, ""doy"": 250.0, ""topwt"": 13306.3671875, ""grnwt"": 3600.7763671875, ""xlai"": 3.740798711776733, ""totir"": 0.0, ""tofer"": NaN, ""swfac"": 0.0, ""nstres"": 0.0}",0.0,0.0,13306.3671875,3600.7763671875,3.740798711776733,0.0,,0.0,0.0,0.0,180.0,17.03145751953125,17.03145751953125,Leave_One_experiments/all_year_offline_schedule_search/daily_outputs/YCA/YCA_2020_YCA2020_normal_grid_S0028_daily.csv
YCA,YCA,Yucheng,2020,Leave_One_experiments\wth_generated_qc\YCA\YCA2020.WTH,normal_year;nitrogen_stress_year;low_response_year,normal,YCA2020_normal_grid_S0028,low_input_within_10pct_yield,2020-09-07,251,88,83,"{""sim_day"": 88.0, ""doy"": 251.0, ""topwt"": 13506.549072265623, ""grnwt"": 3800.958557128906, ""xlai"": 3.63943076133728, ""totir"": 0.0, ""tofer"": NaN, ""swfac"": 0.0, ""nstres"": 0.0}",0.0,0.0,13506.549072265623,3800.958557128906,3.63943076133728,0.0,,0.0,0.0,0.0,180.0,17.03145751953125,17.03145751953125,Leave_One_experiments/all_year_offline_schedule_search/daily_outputs/YCA/YCA_2020_YCA2020_normal_grid_S0028_daily.csv
YCA,YCA,Yucheng,2020,Leave_One_experiments\wth_generated_qc\YCA\YCA2020.WTH,normal_year;nitrogen_stress_year;low_response_year,normal,YCA2020_normal_grid_S0028,low_input_within_10pct_yield,2020-09-08,252,89,84,"{""sim_day"": 89.0, ""doy"": 252.0, ""topwt"": 13706.73095703125, ""grnwt"": 4001.140747070313, ""xlai"": 3.5354390144348145, ""totir"": 0.0, ""tofer"": NaN, ""swfac"": 0.0, ""nstres"": 0.0}",0.0,0.0,13706.73095703125,4001.140747070313,3.5354390144348145,0.0,,0.0,0.0,0.0,180.0,17.03145751953125,17.03145751953125,Leave_One_experiments/all_year_offline_schedule_search/daily_outputs/YCA/YCA_2020_YCA2020_normal_grid_S0028_daily.csv
YCA,YCA,Yucheng,2020,Leave_One_experiments\wth_generated_qc\YCA\YCA2020.WTH,normal_year;nitrogen_stress_year;low_response_year,normal,YCA2020_normal_grid_S0028,low_input_within_10pct_yield,2020-09-09,253,90,85,"{""sim_day"": 90.0, ""doy"": 253.0, ""topwt"": 13906.9140625, ""grnwt"": 4201.3226318359375, ""xlai"": 3.419896364212036, ""totir"": 0.0, ""tofer"": NaN, ""swfac"": 0.0, ""nstres"": 0.0}",0.0,0.0,13906.9140625,4201.3226318359375,3.419896364212036,0.0,,0.0,0.0,0.0,180.0,17.03145751953125,17.03145751953125,Leave_One_experiments/all_year_offline_schedule_search/daily_outputs/YCA/YCA_2020_YCA2020_normal_grid_S0028_daily.csv
YCA,YCA,Yucheng,2020,Leave_One_experiments\wth_generated_qc\YCA\YCA2020.WTH,normal_year;nitrogen_stress_year;low_response_year,normal,YCA2020_normal_grid_S0028,low_input_within_10pct_yield,2020-09-10,254,91,86,"{""sim_day"": 91.0, ""doy"": 254.0, ""topwt"": 14107.095947265623, ""grnwt"": 4401.504821777344, ""xlai"": 3.317822933197021, ""totir"": 0.0, ""tofer"": NaN, ""swfac"": 0.0, ""nstres"": 0.0}",0.0,0.0,14107.095947265623,4401.504821777344,3.317822933197021,0.0,,0.0,0.0,0.0,180.0,17.03145751953125,17.03145751953125,Leave_One_experiments/all_year_offline_schedule_search/daily_outputs/YCA/YCA_2020_YCA2020_normal_grid_S0028_daily.csv
YCA,YCA,Yucheng,2020,Leave_One_experiments\wth_generated_qc\YCA\YCA2020.WTH,normal_year;nitrogen_stress_year;low_response_year,normal,YCA2020_normal_grid_S0028,low_input_within_10pct_yield,2020-09-11,255,92,87,"{""sim_day"": 92.0, ""doy"": 255.0, ""topwt"": 14307.27783203125, ""grnwt"": 4601.687316894531, ""xlai"": 3.2156403064727783, ""totir"": 0.0, ""tofer"": NaN, ""swfac"": 0.0, ""nstres"": 0.0}",0.0,0.0,14307.27783203125,4601.687316894531,3.2156403064727783,0.0,,0.0,0.0,0.0,180.0,17.03145751953125,17.03145751953125,Leave_One_experiments/all_year_offline_schedule_search/daily_outputs/YCA/YCA_2020_YCA2020_normal_grid_S0028_daily.csv
YCA,YCA,Yucheng,2020,Leave_One_experiments\wth_generated_qc\YCA\YCA2020.WTH,normal_year;nitrogen_stress_year;low_response_year,normal,YCA2020_normal_grid_S0028,low_input_within_10pct_yield,2020-09-12,256,93,88,"{""sim_day"": 93.0, ""doy"": 256.0, ""topwt"": 14507.4609375, ""grnwt"": 4801.8695068359375, ""xlai"": 3.0874156951904297, ""totir"": 0.0, ""tofer"": NaN, ""swfac"": 0.0, ""nstres"": 0.0}",0.0,0.0,14507.4609375,4801.8695068359375,3.0874156951904297,0.0,,0.0,0.0,0.0,180.0,17.03145751953125,17.03145751953125,Leave_One_experiments/all_year_offline_schedule_search/daily_outputs/YCA/YCA_2020_YCA2020_normal_grid_S0028_daily.csv
YCA,YCA,Yucheng,2020,Leave_One_experiments\wth_generated_qc\YCA\YCA2020.WTH,normal_year;nitrogen_stress_year;low_response_year,normal,YCA2020_normal_grid_S0028,low_input_within_10pct_yield,2020-09-13,257,94,89,"{""sim_day"": 94.0, ""doy"": 257.0, ""topwt"": 14697.000732421877, ""grnwt"": 5002.052001953125, ""xlai"": 2.9541420936584477, ""totir"": 0.0, ""tofer"": NaN, ""swfac"": 0.0, ""nstres"": 0.0}",0.0,0.0,14697.000732421877,5002.052001953125,2.9541420936584477,0.0,,0.0,0.0,0.0,180.0,17.03145751953125,17.03145751953125,Leave_One_experiments/all_year_offline_schedule_search/daily_outputs/YCA/YCA_2020_YCA2020_normal_grid_S0028_daily.csv
YCA,YCA,Yucheng,2020,Leave_One_experiments\wth_generated_qc\YCA\YCA2020.WTH,normal_year;nitrogen_stress_year;low_response_year,normal,YCA2020_normal_grid_S0028,low_input_within_10pct_yield,2020-09-14,258,95,90,"{""sim_day"": 95.0, ""doy"": 258.0, ""topwt"": 14901.866455078123, ""grnwt"": 5202.2344970703125, ""xlai"": 2.8059098720550537, ""totir"": 0.0, ""tofer"": NaN, ""swfac"": 0.0, ""nstres"": 0.0}",0.0,0.0,14901.866455078123,5202.2344970703125,2.8059098720550537,0.0,,0.0,0.0,0.0,180.0,17.03145751953125,17.03145751953125,Leave_One_experiments/all_year_offline_schedule_search/daily_outputs/YCA/YCA_2020_YCA2020_normal_grid_S0028_daily.csv
YCA,YCA,Yucheng,2020,Leave_One_experiments\wth_generated_qc\YCA\YCA2020.WTH,normal_year;nitrogen_stress_year;low_response_year,normal,YCA2020_normal_grid_S0028,low_input_within_10pct_yield,2020-09-15,259,96,91,"{""sim_day"": 96.0, ""doy"": 259.0, ""topwt"": 15108.0078125, ""grnwt"": 5402.4163818359375, ""xlai"": 2.683164358139038, ""totir"": 0.0, ""tofer"": NaN, ""swfac"": 0.0, ""nstres"": 0.0}",0.0,0.0,15108.0078125,5402.4163818359375,2.683164358139038,0.0,,0.0,0.0,0.0,180.0,17.03145751953125,17.03145751953125,Leave_One_experiments/all_year_offline_schedule_search/daily_outputs/YCA/YCA_2020_YCA2020_normal_grid_S0028_daily.csv
YCA,YCA,Yucheng,2020,Leave_One_experiments\wth_generated_qc\YCA\YCA2020.WTH,normal_year;nitrogen_stress_year;low_response_year,normal,YCA2020_normal_grid_S0028,low_input_within_10pct_yield,2020-09-16,260,97,92,"{""sim_day"": 97.0, ""doy"": 260.0, ""topwt"": 15308.189697265623, ""grnwt"": 5602.598876953125, ""xlai"": 2.564541816711426, ""totir"": 0.0, ""tofer"": NaN, ""swfac"": 0.0, ""nstres"": 0.0}",0.0,0.0,15308.189697265623,5602.598876953125,2.564541816711426,0.0,,0.0,0.0,0.0,180.0,17.03145751953125,17.03145751953125,Leave_One_experiments/all_year_offline_schedule_search/daily_outputs/YCA/YCA_2020_YCA2020_normal_grid_S0028_daily.csv
YCA,YCA,Yucheng,2020,Leave_One_experiments\wth_generated_qc\YCA\YCA2020.WTH,normal_year;nitrogen_stress_year;low_response_year,normal,YCA2020_normal_grid_S0028,low_input_within_10pct_yield,2020-09-17,261,98,93,"{""sim_day"": 98.0, ""doy"": 261.0, ""topwt"": 15508.372802734377, ""grnwt"": 5802.7813720703125, ""xlai"": 2.4380385875701904, ""totir"": 0.0, ""tofer"": NaN, ""swfac"": 0.0, ""nstres"": 0.0}",0.0,0.0,15508.372802734377,5802.7813720703125,2.4380385875701904,0.0,,0.0,0.0,0.0,180.0,17.03145751953125,17.03145751953125,Leave_One_experiments/all_year_offline_schedule_search/daily_outputs/YCA/YCA_2020_YCA2020_normal_grid_S0028_daily.csv
YCA,YCA,Yucheng,2020,Leave_One_experiments\wth_generated_qc\YCA\YCA2020.WTH,normal_year;nitrogen_stress_year;low_response_year,normal,YCA2020_normal_grid_S0028,low_input_within_10pct_yield,2020-09-18,262,99,94,"{""sim_day"": 99.0, ""doy"": 262.0, ""topwt"": 15708.5546875, ""grnwt"": 6002.9638671875, ""xlai"": 2.2935950756073, ""totir"": 0.0, ""tofer"": NaN, ""swfac"": 0.0, ""nstres"": 0.0}",0.0,0.0,15708.5546875,6002.9638671875,2.2935950756073,0.0,,0.0,0.0,0.0,180.0,17.03145751953125,17.03145751953125,Leave_One_experiments/all_year_offline_schedule_search/daily_outputs/YCA/YCA_2020_YCA2020_normal_grid_S0028_daily.csv
YCA,YCA,Yucheng,2020,Leave_One_experiments\wth_generated_qc\YCA\YCA2020.WTH,normal_year;nitrogen_stress_year;low_response_year,normal,YCA2020_normal_grid_S0028,low_input_within_10pct_yield,2020-09-19,263,100,95,"{""sim_day"": 100.0, ""doy"": 263.0, ""topwt"": 15908.736572265623, ""grnwt"": 6203.145751953125, ""xlai"": 2.1253502368927, ""totir"": 0.0, ""tofer"": NaN, ""swfac"": 0.0, ""nstres"": 0.0}",0.0,0.0,15908.736572265623,6203.145751953125,2.1253502368927,0.0,,0.0,0.0,0.0,180.0,17.03145751953125,17.03145751953125,Leave_One_experiments/all_year_offline_schedule_search/daily_outputs/YCA/YCA_2020_YCA2020_normal_grid_S0028_daily.csv
YCA,YCA,Yucheng,2020,Leave_One_experiments\wth_generated_qc\YCA\YCA2020.WTH,normal_year;nitrogen_stress_year;low_response_year,normal,YCA2020_normal_grid_S0028,low_input_within_10pct_yield,2020-09-20,264,101,96,"{""sim_day"": 101.0, ""doy"": 264.0, ""topwt"": 15908.736572265623, ""grnwt"": 6203.145751953125, ""xlai"": 2.1253502368927, ""totir"": 0.0, ""tofer"": NaN, ""swfac"": 0.0, ""nstres"": 0.0}",0.0,0.0,15908.736572265623,6203.145751953125,2.1253502368927,0.0,,0.0,0.0,0.0,180.0,17.03145751953125,17.03145751953125,Leave_One_experiments/all_year_offline_schedule_search/daily_outputs/YCA/YCA_2020_YCA2020_normal_grid_S0028_daily.csv
YCA,YCA,Yucheng,2020,Leave_One_experiments\wth_generated_qc\YCA\YCA2020.WTH,normal_year;nitrogen_stress_year;low_response_year,normal,YCA2020_normal_grid_S0028,low_input_within_10pct_yield,2020-09-21,265,102,97,"{""sim_day"": 102.0, ""doy"": 265.0, ""topwt"": 15908.736572265623, ""grnwt"": 6203.145751953125, ""xlai"": 2.1253502368927, ""totir"": 0.0, ""tofer"": NaN, ""swfac"": 0.0, ""nstres"": 0.0}",0.0,0.0,15908.736572265623,6203.145751953125,2.1253502368927,0.0,,0.0,0.0,0.0,180.0,17.03145751953125,17.03145751953125,Leave_One_experiments/all_year_offline_schedule_search/daily_outputs/YCA/YCA_2020_YCA2020_normal_grid_S0028_daily.csv
YCA,YCA,Yucheng,2020,Leave_One_experiments\wth_generated_qc\YCA\YCA2020.WTH,normal_year;nitrogen_stress_year;low_response_year,normal,YCA2020_normal_grid_S0028,low_input_within_10pct_yield,2020-09-22,266,103,98,"{""sim_day"": 103.0, ""doy"": 266.0, ""topwt"": 15908.736572265623, ""grnwt"": 6203.145751953125, ""xlai"": 2.1253502368927, ""totir"": 0.0, ""tofer"": NaN, ""swfac"": 0.0, ""nstres"": 0.0}",0.0,0.0,15908.736572265623,6203.145751953125,2.1253502368927,0.0,,0.0,0.0,0.0,180.0,17.03145751953125,17.03145751953125,Leave_One_experiments/all_year_offline_schedule_search/daily_outputs/YCA/YCA_2020_YCA2020_normal_grid_S0028_daily.csv
YCA,YCA,Yucheng,2020,Leave_One_experiments\wth_generated_qc\YCA\YCA2020.WTH,normal_year;nitrogen_stress_year;low_response_year,normal,YCA2020_normal_grid_S0028,low_input_within_10pct_yield,2020-09-23,267,104,99,"{""sim_day"": 104.0, ""doy"": 267.0, ""topwt"": 15908.736572265623, ""grnwt"": 6203.145751953125, ""xlai"": 2.1253502368927, ""totir"": 0.0, ""tofer"": NaN, ""swfac"": 0.0, ""nstres"": 0.0}",0.0,0.0,15908.736572265623,6203.145751953125,2.1253502368927,0.0,,0.0,0.0,0.0,180.0,17.03145751953125,17.03145751953125,Leave_One_experiments/all_year_offline_schedule_search/daily_outputs/YCA/YCA_2020_YCA2020_normal_grid_S0028_daily.csv
YCA,YCA,Yucheng,2020,Leave_One_experiments\wth_generated_qc\YCA\YCA2020.WTH,normal_year;nitrogen_stress_year;low_response_year,normal,YCA2020_normal_grid_S0019,pareto_balanced,2020-06-17,169,1,1,"{""sim_day"": 1.0, ""doy"": 169.0, ""topwt"": 0.0, ""grnwt"": 0.0, ""xlai"": 0.0, ""totir"": 0.0, ""tofer"": NaN, ""swfac"": 0.0, ""nstres"": 0.0}",0.0,0.0,0.0,0.0,0.0,0.0,,0.0,75.0,0.0,225.0,8.042645263671872,8.042645263671872,Leave_One_experiments/all_year_offline_schedule_search/daily_outputs/YCA/YCA_2020_YCA2020_normal_grid_S0019_daily.csv
YCA,YCA,Yucheng,2020,Leave_One_experiments\wth_generated_qc\YCA\YCA2020.WTH,normal_year;nitrogen_stress_year;low_response_year,normal,YCA2020_normal_grid_S0019,pareto_balanced,2020-06-18,170,2,2,"{""sim_day"": 2.0, ""doy"": 170.0, ""topwt"": 0.0, ""grnwt"": 0.0, ""xlai"": 0.0, ""totir"": 0.0, ""tofer"": NaN, ""swfac"": 0.0, ""nstres"": 0.0}",0.0,0.0,0.0,0.0,0.0,0.0,,0.0,0.0,0.0,225.0,8.042645263671872,8.042645263671872,Leave_One_experiments/all_year_offline_schedule_search/daily_outputs/YCA/YCA_2020_YCA2020_normal_grid_S0019_daily.csv
YCA,YCA,Yucheng,2020,Leave_One_experiments\wth_generated_qc\YCA\YCA2020.WTH,normal_year;nitrogen_stress_year;low_response_year,normal,YCA2020_normal_grid_S0019,pareto_balanced,2020-06-19,171,3,3,"{""sim_day"": 3.0, ""doy"": 171.0, ""topwt"": 0.0, ""grnwt"": 0.0, ""xlai"": 0.0, ""totir"": 0.0, ""tofer"": NaN, ""swfac"": 0.0, ""nstres"": 0.0}",0.0,0.0,0.0,0.0,0.0,0.0,,0.0,0.0,0.0,225.0,8.042645263671872,8.042645263671872,Leave_One_experiments/all_year_offline_schedule_search/daily_outputs/YCA/YCA_2020_YCA2020_normal_grid_S0019_daily.csv
YCA,YCA,Yucheng,2020,Leave_One_experiments\wth_generated_qc\YCA\YCA2020.WTH,normal_year;nitrogen_stress_year;low_response_year,normal,YCA2020_normal_grid_S0019,pareto_balanced,2020-06-20,172,4,4,"{""sim_day"": 4.0, ""doy"": 172.0, ""topwt"": 0.0, ""grnwt"": 0.0, ""xlai"": 0.0, ""totir"": 0.0, ""tofer"": NaN, ""swfac"": 0.0, ""nstres"": 0.0}",0.0,0.0,0.0,0.0,0.0,0.0,,0.0,0.0,0.0,225.0,8.042645263671872,8.042645263671872,Leave_One_experiments/all_year_offline_schedule_search/daily_outputs/YCA/YCA_2020_YCA2020_normal_grid_S0019_daily.csv
YCA,YCA,Yucheng,2020,Leave_One_experiments\wth_generated_qc\YCA\YCA2020.WTH,normal_year;nitrogen_stress_year;low_response_year,normal,YCA2020_normal_grid_S0019,pareto_balanced,2020-06-21,173,5,5,"{""sim_day"": 5.0, ""doy"": 173.0, ""topwt"": 0.0, ""grnwt"": 0.0, ""xlai"": 0.0, ""totir"": 0.0, ""tofer"": NaN, ""swfac"": 0.0, ""nstres"": 0.0}",0.0,0.0,0.0,0.0,0.0,0.0,,0.0,0.0,0.0,225.0,8.042645263671872,8.042645263671872,Leave_One_experiments/all_year_offline_schedule_search/daily_outputs/YCA/YCA_2020_YCA2020_normal_grid_S0019_daily.csv
YCA,YCA,Yucheng,2020,Leave_One_experiments\wth_generated_qc\YCA\YCA2020.WTH,normal_year;nitrogen_stress_year;low_response_year,normal,YCA2020_normal_grid_S0019,pareto_balanced,2020-06-17,169,6,1,"{""sim_day"": 6.0, ""doy"": 169.0, ""topwt"": 0.0, ""grnwt"": 0.0, ""xlai"": 0.0, ""totir"": 0.0, ""tofer"": NaN, ""swfac"": 0.0, ""nstres"": 0.0}",0.0,0.0,0.0,0.0,0.0,0.0,,0.0,0.0,0.0,225.0,8.042645263671872,8.042645263671872,Leave_One_experiments/all_year_offline_schedule_search/daily_outputs/YCA/YCA_2020_YCA2020_normal_grid_S0019_daily.csv
YCA,YCA,Yucheng,2020,Leave_One_experiments\wth_generated_qc\YCA\YCA2020.WTH,normal_year;nitrogen_stress_year;low_response_year,normal,YCA2020_normal_grid_S0019,pareto_balanced,2020-06-18,170,7,2,"{""sim_day"": 7.0, ""doy"": 170.0, ""topwt"": 0.0, ""grnwt"": 0.0, ""xlai"": 0.0, ""totir"": 0.0, ""tofer"": NaN, ""swfac"": 0.0, ""nstres"": 0.0}",0.0,0.0,0.0,0.0,0.0,0.0,,0.0,0.0,0.0,225.0,8.042645263671872,8.042645263671872,Leave_One_experiments/all_year_offline_schedule_search/daily_outputs/YCA/YCA_2020_YCA2020_normal_grid_S0019_daily.csv
YCA,YCA,Yucheng,2020,Leave_One_experiments\wth_generated_qc\YCA\YCA2020.WTH,normal_year;nitrogen_stress_year;low_response_year,normal,YCA2020_normal_grid_S0019,pareto_balanced,2020-06-19,171,8,3,"{""sim_day"": 8.0, ""doy"": 171.0, ""topwt"": 0.0, ""grnwt"": 0.0, ""xlai"": 0.0, ""totir"": 0.0, ""tofer"": NaN, ""swfac"": 0.0, ""nstres"": 0.0}",0.0,0.0,0.0,0.0,0.0,0.0,,0.0,0.0,0.0,225.0,8.042645263671872,8.042645263671872,Leave_One_experiments/all_year_offline_schedule_search/daily_outputs/YCA/YCA_2020_YCA2020_normal_grid_S0019_daily.csv
YCA,YCA,Yucheng,2020,Leave_One_experiments\wth_generated_qc\YCA\YCA2020.WTH,normal_year;nitrogen_stress_year;low_response_year,normal,YCA2020_normal_grid_S0019,pareto_balanced,2020-06-20,172,9,4,"{""sim_day"": 9.0, ""doy"": 172.0, ""topwt"": 0.0, ""grnwt"": 0.0, ""xlai"": 0.0, ""totir"": 0.0, ""tofer"": NaN, ""swfac"": 0.0, ""nstres"": 0.0}",0.0,0.0,0.0,0.0,0.0,0.0,,0.0,0.0,0.0,225.0,8.042645263671872,8.042645263671872,Leave_One_experiments/all_year_offline_schedule_search/daily_outputs/YCA/YCA_2020_YCA2020_normal_grid_S0019_daily.csv
YCA,YCA,Yucheng,2020,Leave_One_experiments\wth_generated_qc\YCA\YCA2020.WTH,normal_year;nitrogen_stress_year;low_response_year,normal,YCA2020_normal_grid_S0019,pareto_balanced,2020-06-21,173,10,5,"{""sim_day"": 10.0, ""doy"": 173.0, ""topwt"": 26.400001049041748, ""grnwt"": 0.0, ""xlai"": 0.0050107496790587, ""totir"": 0.0, ""tofer"": NaN, ""swfac"": 0.0, ""nstres"": 0.0121910572052001}",0.0,0.0121910572052001,26.400001049041748,0.0,0.0050107496790587,0.0,,0.0,0.0,0.0,225.0,8.042645263671872,8.042645263671872,Leave_One_experiments/all_year_offline_schedule_search/daily_outputs/YCA/YCA_2020_YCA2020_normal_grid_S0019_daily.csv
YCA,YCA,Yucheng,2020,Leave_One_experiments\wth_generated_qc\YCA\YCA2020.WTH,normal_year;nitrogen_stress_year;low_response_year,normal,YCA2020_normal_grid_S0019,pareto_balanced,2020-06-22,174,11,6,"{""sim_day"": 11.0, ""doy"": 174.0, ""topwt"": 26.400001049041748, ""grnwt"": 0.0, ""xlai"": 0.0092227151617407, ""totir"": 0.0, ""tofer"": NaN, ""swfac"": 0.0, ""nstres"": 0.0139694213867187}",0.0,0.0139694213867187,26.400001049041748,0.0,0.0092227151617407,0.0,,0.0,0.0,0.0,225.0,8.042645263671872,8.042645263671872,Leave_One_experiments/all_year_offline_schedule_search/daily_outputs/YCA/YCA_2020_YCA2020_normal_grid_S0019_daily.csv
YCA,YCA,Yucheng,2020,Leave_One_experiments\wth_generated_qc\YCA\YCA2020.WTH,normal_year;nitrogen_stress_year;low_response_year,normal,YCA2020_normal_grid_S0019,pareto_balanced,2020-06-23,175,12,7,"{""sim_day"": 12.0, ""doy"": 175.0, ""topwt"": 26.400001049041748, ""grnwt"": 0.0, ""xlai"": 0.0144135067239403, ""totir"": 0.0, ""tofer"": NaN, ""swfac"": 0.0, ""nstres"": 0.0075634717941284}",0.0,0.0075634717941284,26.400001049041748,0.0,0.0144135067239403,0.0,,0.0,0.0,0.0,225.0,8.042645263671872,8.042645263671872,Leave_One_experiments/all_year_offline_schedule_search/daily_outputs/YCA/YCA_2020_YCA2020_normal_grid_S0019_daily.csv
YCA,YCA,Yucheng,2020,Leave_One_experiments\wth_generated_qc\YCA\YCA2020.WTH,normal_year;nitrogen_stress_year;low_response_year,normal,YCA2020_normal_grid_S0019,pareto_balanced,2020-06-24,176,13,8,"{""sim_day"": 13.0, ""doy"": 176.0, ""topwt"": 26.400001049041748, ""grnwt"": 0.0, ""xlai"": 0.0206701513379812, ""totir"": 0.0, ""tofer"": NaN, ""swfac"": 0.0, ""nstres"": 0.0005924701690673}",0.0,0.0005924701690673,26.400001049041748,0.0,0.0206701513379812,0.0,,0.0,0.0,0.0,225.0,8.042645263671872,8.042645263671872,Leave_One_experiments/all_year_offline_schedule_search/daily_outputs/YCA/YCA_2020_YCA2020_normal_grid_S0019_daily.csv
YCA,YCA,Yucheng,2020,Leave_One_experiments\wth_generated_qc\YCA\YCA2020.WTH,normal_year;nitrogen_stress_year;low_response_year,normal,YCA2020_normal_grid_S0019,pareto_balanced,2020-06-25,177,14,9,"{""sim_day"": 14.0, ""doy"": 177.0, ""topwt"": 26.400001049041748, ""grnwt"": 0.0, ""xlai"": 0.0423786640167236, ""totir"": 0.0, ""tofer"": NaN, ""swfac"": 0.0, ""nstres"": 0.0}",0.0,0.0,26.400001049041748,0.0,0.0423786640167236,0.0,,0.0,0.0,0.0,225.0,8.042645263671872,8.042645263671872,Leave_One_experiments/all_year_offline_schedule_search/daily_outputs/YCA/YCA_2020_YCA2020_normal_grid_S0019_daily.csv
YCA,YCA,Yucheng,2020,Leave_One_experiments\wth_generated_qc\YCA\YCA2020.WTH,normal_year;nitrogen_stress_year;low_response_year,normal,YCA2020_normal_grid_S0019,pareto_balanced,2020-06-26,178,15,10,"{""sim_day"": 15.0, ""doy"": 178.0, ""topwt"": 37.94640779495239, ""grnwt"": 0.0, ""xlai"": 0.0748343840241432, ""totir"": 0.0, ""tofer"": NaN, ""swfac"": 0.0, ""nstres"": 0.0}",0.0,0.0,37.94640779495239,0.0,0.0748343840241432,0.0,,0.0,0.0,0.0,225.0,8.042645263671872,8.042645263671872,Leave_One_experiments/all_year_offline_schedule_search/daily_outputs/YCA/YCA_2020_YCA2020_normal_grid_S0019_daily.csv
YCA,YCA,Yucheng,2020,Leave_One_experiments\wth_generated_qc\YCA\YCA2020.WTH,normal_year;nitrogen_stress_year;low_response_year,normal,YCA2020_normal_grid_S0019,pareto_balanced,2020-06-27,179,16,11,"{""sim_day"": 16.0, ""doy"": 179.0, ""topwt"": 53.88497829437256, ""grnwt"": 0.0, ""xlai"": 0.1111923828721046, ""totir"": 0.0, ""tofer"": NaN, ""swfac"": 0.0, ""nstres"": 0.0}",0.0,0.0,53.88497829437256,0.0,0.1111923828721046,0.0,,0.0,0.0,0.0,225.0,8.042645263671872,8.042645263671872,Leave_One_experiments/all_year_offline_schedule_search/daily_outputs/YCA/YCA_2020_YCA2020_normal_grid_S0019_daily.csv
YCA,YCA,Yucheng,2020,Leave_One_experiments\wth_generated_qc\YCA\YCA2020.WTH,normal_year;nitrogen_stress_year;low_response_year,normal,YCA2020_normal_grid_S0019,pareto_balanced,2020-06-28,180,17,12,"{""sim_day"": 17.0, ""doy"": 180.0, ""topwt"": 71.14126205444336, ""grnwt"": 0.0, ""xlai"": 0.1473112553358078, ""totir"": 0.0, ""tofer"": NaN, ""swfac"": 0.0, ""nstres"": 0.0}",0.0,0.0,71.14126205444336,0.0,0.1473112553358078,0.0,,0.0,0.0,0.0,225.0,8.042645263671872,8.042645263671872,Leave_One_experiments/all_year_offline_schedule_search/daily_outputs/YCA/YCA_2020_YCA2020_normal_grid_S0019_daily.csv
YCA,YCA,Yucheng,2020,Leave_One_experiments\wth_generated_qc\YCA\YCA2020.WTH,normal_year;nitrogen_stress_year;low_response_year,normal,YCA2020_normal_grid_S0019,pareto_balanced,2020-06-29,181,18,13,"{""sim_day"": 18.0, ""doy"": 181.0, ""topwt"": 90.18563270568848, ""grnwt"": 0.0, ""xlai"": 0.1846438944339752, ""totir"": 0.0, ""tofer"": NaN, ""swfac"": 0.0, ""nstres"": 0.0}",0.0,0.0,90.18563270568848,0.0,0.1846438944339752,0.0,,0.0,0.0,0.0,225.0,8.042645263671872,8.042645263671872,Leave_One_experiments/all_year_offline_schedule_search/daily_outputs/YCA/YCA_2020_YCA2020_normal_grid_S0019_daily.csv
YCA,YCA,Yucheng,2020,Leave_One_experiments\wth_generated_qc\YCA\YCA2020.WTH,normal_year;nitrogen_stress_year;low_response_year,normal,YCA2020_normal_grid_S0019,pareto_balanced,2020-06-30,182,19,14,"{""sim_day"": 19.0, ""doy"": 182.0, ""topwt"": 117.18241691589355, ""grnwt"": 0.0, ""xlai"": 0.2344353944063186, ""totir"": 0.0, ""tofer"": NaN, ""swfac"": 0.0, ""nstres"": 0.0}",0.0,0.0,117.18241691589355,0.0,0.2344353944063186,0.0,,0.0,0.0,0.0,225.0,8.042645263671872,8.042645263671872,Leave_One_experiments/all_year_offline_schedule_search/daily_outputs/YCA/YCA_2020_YCA2020_normal_grid_S0019_daily.csv
YCA,YCA,Yucheng,2020,Leave_One_experiments\wth_generated_qc\YCA\YCA2020.WTH,normal_year;nitrogen_stress_year;low_response_year,normal,YCA2020_normal_grid_S0019,pareto_balanced,2020-07-01,183,20,15,"{""sim_day"": 20.0, ""doy"": 183.0, ""topwt"": 146.91804885864258, ""grnwt"": 0.0, ""xlai"": 0.2862234711647033, ""totir"": 0.0, ""tofer"": NaN, ""swfac"": 0.0, ""nstres"": 0.0}",0.0,0.0,146.91804885864258,0.0,0.2862234711647033,0.0,,0.0,0.0,0.0,225.0,8.042645263671872,8.042645263671872,Leave_One_experiments/all_year_offline_schedule_search/daily_outputs/YCA/YCA_2020_YCA2020_normal_grid_S0019_daily.csv
YCA,YCA,Yucheng,2020,Leave_One_experiments\wth_generated_qc\YCA\YCA2020.WTH,normal_year;nitrogen_stress_year;low_response_year,normal,YCA2020_normal_grid_S0019,pareto_balanced,2020-07-02,184,21,16,"{""sim_day"": 21.0, ""doy"": 184.0, ""topwt"": 159.08461570739746, ""grnwt"": 0.0, ""xlai"": 0.3275198340415954, ""totir"": 0.0, ""tofer"": NaN, ""swfac"": 0.0, ""nstres"": 0.0}",0.0,0.0,159.08461570739746,0.0,0.3275198340415954,0.0,,0.0,0.0,0.0,225.0,8.042645263671872,8.042645263671872,Leave_One_experiments/all_year_offline_schedule_search/daily_outputs/YCA/YCA_2020_YCA2020_normal_grid_S0019_daily.csv
YCA,YCA,Yucheng,2020,Leave_One_experiments\wth_generated_qc\YCA\YCA2020.WTH,normal_year;nitrogen_stress_year;low_response_year,normal,YCA2020_normal_grid_S0019,pareto_balanced,2020-07-03,185,22,17,"{""sim_day"": 22.0, ""doy"": 185.0, ""topwt"": 206.81795120239255, ""grnwt"": 0.0, ""xlai"": 0.3838387429714203, ""totir"": 0.0, ""tofer"": NaN, ""swfac"": 0.0, ""nstres"": 0.0}",0.0,0.0,206.81795120239255,0.0,0.3838387429714203,0.0,,0.0,0.0,0.0,225.0,8.042645263671872,8.042645263671872,Leave_One_experiments/all_year_offline_schedule_search/daily_outputs/YCA/YCA_2020_YCA2020_normal_grid_S0019_daily.csv
YCA,YCA,Yucheng,2020,Leave_One_experiments\wth_generated_qc\YCA\YCA2020.WTH,normal_year;nitrogen_stress_year;low_response_year,normal,YCA2020_normal_grid_S0019,pareto_balanced,2020-07-04,186,23,18,"{""sim_day"": 23.0, ""doy"": 186.0, ""topwt"": 246.43386840820312, ""grnwt"": 0.0, ""xlai"": 0.4751189351081848, ""totir"": 0.0, ""tofer"": NaN, ""swfac"": 0.0, ""nstres"": 0.0}",0.0,0.0,246.43386840820312,0.0,0.4751189351081848,0.0,,0.0,0.0,0.0,225.0,8.042645263671872,8.042645263671872,Leave_One_experiments/all_year_offline_schedule_search/daily_outputs/YCA/YCA_2020_YCA2020_normal_grid_S0019_daily.csv
YCA,YCA,Yucheng,2020,Leave_One_experiments\wth_generated_qc\YCA\YCA2020.WTH,normal_year;nitrogen_stress_year;low_response_year,normal,YCA2020_normal_grid_S0019,pareto_balanced,2020-07-05,187,24,19,"{""sim_day"": 24.0, ""doy"": 187.0, ""topwt"": 312.8407096862793, ""grnwt"": 0.0, ""xlai"": 0.579434335231781, ""totir"": 0.0, ""tofer"": NaN, ""swfac"": 0.0, ""nstres"": 0.0004795789718627}",0.0,0.0004795789718627,312.8407096862793,0.0,0.579434335231781,0.0,,0.0,0.0,0.0,225.0,8.042645263671872,8.042645263671872,Leave_One_experiments/all_year_offline_schedule_search/daily_outputs/YCA/YCA_2020_YCA2020_normal_grid_S0019_daily.csv
YCA,YCA,Yucheng,2020,Leave_One_experiments\wth_generated_qc\YCA\YCA2020.WTH,normal_year;nitrogen_stress_year;low_response_year,normal,YCA2020_normal_grid_S0019,pareto_balanced,2020-07-06,188,25,20,"{""sim_day"": 25.0, ""doy"": 188.0, ""topwt"": 393.6257553100586, ""grnwt"": 0.0, ""xlai"": 0.6999363899230957, ""totir"": 0.0, ""tofer"": NaN, ""swfac"": 0.0, ""nstres"": 0.0}",0.0,0.0,393.6257553100586,0.0,0.6999363899230957,0.0,,0.0,0.0,0.0,225.0,8.042645263671872,8.042645263671872,Leave_One_experiments/all_year_offline_schedule_search/daily_outputs/YCA/YCA_2020_YCA2020_normal_grid_S0019_daily.csv
YCA,YCA,Yucheng,2020,Leave_One_experiments\wth_generated_qc\YCA\YCA2020.WTH,normal_year;nitrogen_stress_year;low_response_year,normal,YCA2020_normal_grid_S0019,pareto_balanced,2020-07-07,189,26,21,"{""sim_day"": 26.0, ""doy"": 189.0, ""topwt"": 488.3733367919922, ""grnwt"": 0.0, ""xlai"": 0.8345100283622742, ""totir"": 0.0, ""tofer"": NaN, ""swfac"": 0.0, ""nstres"": 0.0}",0.0,0.0,488.3733367919922,0.0,0.8345100283622742,0.0,,0.0,0.0,0.0,225.0,8.042645263671872,8.042645263671872,Leave_One_experiments/all_year_offline_schedule_search/daily_outputs/YCA/YCA_2020_YCA2020_normal_grid_S0019_daily.csv
YCA,YCA,Yucheng,2020,Leave_One_experiments\wth_generated_qc\YCA\YCA2020.WTH,normal_year;nitrogen_stress_year;low_response_year,normal,YCA2020_normal_grid_S0019,pareto_balanced,2020-07-08,190,27,22,"{""sim_day"": 27.0, ""doy"": 190.0, ""topwt"": 549.672737121582, ""grnwt"": 0.0, ""xlai"": 0.918173611164093, ""totir"": 0.0, ""tofer"": NaN, ""swfac"": 0.0, ""nstres"": 0.0}",0.0,0.0,549.672737121582,0.0,0.918173611164093,0.0,,0.0,0.0,0.0,225.0,8.042645263671872,8.042645263671872,Leave_One_experiments/all_year_offline_schedule_search/daily_outputs/YCA/YCA_2020_YCA2020_normal_grid_S0019_daily.csv
YCA,YCA,Yucheng,2020,Leave_One_experiments\wth_generated_qc\YCA\YCA2020.WTH,normal_year;nitrogen_stress_year;low_response_year,normal,YCA2020_normal_grid_S0019,pareto_balanced,2020-07-09,191,28,23,"{""sim_day"": 28.0, ""doy"": 191.0, ""topwt"": 647.8479766845703, ""grnwt"": 0.0, ""xlai"": 1.048485279083252, ""totir"": 0.0, ""tofer"": NaN, ""swfac"": 0.0, ""nstres"": 0.0}",0.0,0.0,647.8479766845703,0.0,1.048485279083252,0.0,,0.0,0.0,0.0,225.0,8.042645263671872,8.042645263671872,Leave_One_experiments/all_year_offline_schedule_search/daily_outputs/YCA/YCA_2020_YCA2020_normal_grid_S0019_daily.csv
YCA,YCA,Yucheng,2020,Leave_One_experiments\wth_generated_qc\YCA\YCA2020.WTH,normal_year;nitrogen_stress_year;low_response_year,normal,YCA2020_normal_grid_S0019,pareto_balanced,2020-07-10,192,29,24,"{""sim_day"": 29.0, ""doy"": 192.0, ""topwt"": 746.4664459228516, ""grnwt"": 0.0, ""xlai"": 1.1717243194580078, ""totir"": 0.0, ""tofer"": NaN, ""swfac"": 0.0, ""nstres"": 0.0}",0.0,0.0,746.4664459228516,0.0,1.1717243194580078,0.0,,0.0,0.0,0.0,225.0,8.042645263671872,8.042645263671872,Leave_One_experiments/all_year_offline_schedule_search/daily_outputs/YCA/YCA_2020_YCA2020_normal_grid_S0019_daily.csv
YCA,YCA,Yucheng,2020,Leave_One_experiments\wth_generated_qc\YCA\YCA2020.WTH,normal_year;nitrogen_stress_year;low_response_year,normal,YCA2020_normal_grid_S0019,pareto_balanced,2020-07-11,193,30,25,"{""sim_day"": 30.0, ""doy"": 193.0, ""topwt"": 851.563720703125, ""grnwt"": 0.0, ""xlai"": 1.3069082498550415, ""totir"": 0.0, ""tofer"": NaN, ""swfac"": 0.0, ""nstres"": 0.0}",0.0,0.0,851.563720703125,0.0,1.3069082498550415,0.0,,0.0,0.0,0.0,225.0,8.042645263671872,8.042645263671872,Leave_One_experiments/all_year_offline_schedule_search/daily_outputs/YCA/YCA_2020_YCA2020_normal_grid_S0019_daily.csv
YCA,YCA,Yucheng,2020,Leave_One_experiments\wth_generated_qc\YCA\YCA2020.WTH,normal_year;nitrogen_stress_year;low_response_year,normal,YCA2020_normal_grid_S0019,pareto_balanced,2020-07-12,194,31,26,"{""sim_day"": 31.0, ""doy"": 194.0, ""topwt"": 981.4788818359376, ""grnwt"": 0.0, ""xlai"": 1.4670406579971311, ""totir"": 0.0, ""tofer"": NaN, ""swfac"": 0.0, ""nstres"": 0.0}",0.0,0.0,981.4788818359376,0.0,1.4670406579971311,0.0,,0.0,0.0,0.0,225.0,8.042645263671872,8.042645263671872,Leave_One_experiments/all_year_offline_schedule_search/daily_outputs/YCA/YCA_2020_YCA2020_normal_grid_S0019_daily.csv
YCA,YCA,Yucheng,2020,Leave_One_experiments\wth_generated_qc\YCA\YCA2020.WTH,normal_year;nitrogen_stress_year;low_response_year,normal,YCA2020_normal_grid_S0019,pareto_balanced,2020-07-13,195,32,27,"{""sim_day"": 32.0, ""doy"": 195.0, ""topwt"": 1121.3033294677734, ""grnwt"": 0.0, ""xlai"": 1.631216526031494, ""totir"": 0.0, ""tofer"": NaN, ""swfac"": 0.0, ""nstres"": 0.0}",0.0,0.0,1121.3033294677734,0.0,1.631216526031494,0.0,,0.0,0.0,0.0,225.0,8.042645263671872,8.042645263671872,Leave_One_experiments/all_year_offline_schedule_search/daily_outputs/YCA/YCA_2020_YCA2020_normal_grid_S0019_daily.csv
YCA,YCA,Yucheng,2020,Leave_One_experiments\wth_generated_qc\YCA\YCA2020.WTH,normal_year;nitrogen_stress_year;low_response_year,normal,YCA2020_normal_grid_S0019,pareto_balanced,2020-07-14,196,33,28,"{""sim_day"": 33.0, ""doy"": 196.0, ""topwt"": 1280.8816528320312, ""grnwt"": 0.0, ""xlai"": 1.8085274696350095, ""totir"": 0.0, ""tofer"": NaN, ""swfac"": 0.0, ""nstres"": 0.0}",0.0,0.0,1280.8816528320312,0.0,1.8085274696350095,0.0,,0.0,0.0,0.0,225.0,8.042645263671872,8.042645263671872,Leave_One_experiments/all_year_offline_schedule_search/daily_outputs/YCA/YCA_2020_YCA2020_normal_grid_S0019_daily.csv
YCA,YCA,Yucheng,2020,Leave_One_experiments\wth_generated_qc\YCA\YCA2020.WTH,normal_year;nitrogen_stress_year;low_response_year,normal,YCA2020_normal_grid_S0019,pareto_balanced,2020-07-15,197,34,29,"{""sim_day"": 34.0, ""doy"": 197.0, ""topwt"": 1457.206573486328, ""grnwt"": 0.0, ""xlai"": 1.992747187614441, ""totir"": 0.0, ""tofer"": NaN, ""swfac"": 0.0, ""nstres"": 0.0}",0.0,0.0,1457.206573486328,0.0,1.992747187614441,0.0,,0.0,0.0,0.0,225.0,8.042645263671872,8.042645263671872,Leave_One_experiments/all_year_offline_schedule_search/daily_outputs/YCA/YCA_2020_YCA2020_normal_grid_S0019_daily.csv
YCA,YCA,Yucheng,2020,Leave_One_experiments\wth_generated_qc\YCA\YCA2020.WTH,normal_year;nitrogen_stress_year;low_response_year,normal,YCA2020_normal_grid_S0019,pareto_balanced,2020-07-16,198,35,30,"{""sim_day"": 35.0, ""doy"": 198.0, ""topwt"": 1641.4968872070312, ""grnwt"": 0.0, ""xlai"": 2.173285961151123, ""totir"": 0.0, ""tofer"": NaN, ""swfac"": 0.0, ""nstres"": 0.0}",0.0,0.0,1641.4968872070312,0.0,2.173285961151123,0.0,,0.0,75.0,0.0,225.0,8.042645263671872,8.042645263671872,Leave_One_experiments/all_year_offline_schedule_search/daily_outputs/YCA/YCA_2020_YCA2020_normal_grid_S0019_daily.csv
YCA,YCA,Yucheng,2020,Leave_One_experiments\wth_generated_qc\YCA\YCA2020.WTH,normal_year;nitrogen_stress_year;low_response_year,normal,YCA2020_normal_grid_S0019,pareto_balanced,2020-07-17,199,36,31,"{""sim_day"": 36.0, ""doy"": 199.0, ""topwt"": 1821.519775390625, ""grnwt"": 0.0, ""xlai"": 2.338996648788452, ""totir"": 0.0, ""tofer"": NaN, ""swfac"": 0.0, ""nstres"": 0.0}",0.0,0.0,1821.519775390625,0.0,2.338996648788452,0.0,,0.0,0.0,0.0,225.0,8.042645263671872,8.042645263671872,Leave_One_experiments/all_year_offline_schedule_search/daily_outputs/YCA/YCA_2020_YCA2020_normal_grid_S0019_daily.csv
YCA,YCA,Yucheng,2020,Leave_One_experiments\wth_generated_qc\YCA\YCA2020.WTH,normal_year;nitrogen_stress_year;low_response_year,normal,YCA2020_normal_grid_S0019,pareto_balanced,2020-07-18,200,37,32,"{""sim_day"": 37.0, ""doy"": 200.0, ""topwt"": 2014.0316772460935, ""grnwt"": 0.0, ""xlai"": 2.5052707195281982, ""totir"": 0.0, ""tofer"": NaN, ""swfac"": 0.0, ""nstres"": 0.0}",0.0,0.0,2014.0316772460935,0.0,2.5052707195281982,0.0,,0.0,0.0,0.0,225.0,8.042645263671872,8.042645263671872,Leave_One_experiments/all_year_offline_schedule_search/daily_outputs/YCA/YCA_2020_YCA2020_normal_grid_S0019_daily.csv
YCA,YCA,Yucheng,2020,Leave_One_experiments\wth_generated_qc\YCA\YCA2020.WTH,normal_year;nitrogen_stress_year;low_response_year,normal,YCA2020_normal_grid_S0019,pareto_balanced,2020-07-19,201,38,33,"{""sim_day"": 38.0, ""doy"": 201.0, ""topwt"": 2228.540344238281, ""grnwt"": 0.0, ""xlai"": 2.6783854961395264, ""totir"": 0.0, ""tofer"": NaN, ""swfac"": 0.0, ""nstres"": 0.0}",0.0,0.0,2228.540344238281,0.0,2.6783854961395264,0.0,,0.0,0.0,0.0,225.0,8.042645263671872,8.042645263671872,Leave_One_experiments/all_year_offline_schedule_search/daily_outputs/YCA/YCA_2020_YCA2020_normal_grid_S0019_daily.csv
YCA,YCA,Yucheng,2020,Leave_One_experiments\wth_generated_qc\YCA\YCA2020.WTH,normal_year;nitrogen_stress_year;low_response_year,normal,YCA2020_normal_grid_S0019,pareto_balanced,2020-07-20,202,39,34,"{""sim_day"": 39.0, ""doy"": 202.0, ""topwt"": 2462.0584106445312, ""grnwt"": 0.0, ""xlai"": 2.8539867401123047, ""totir"": 0.0, ""tofer"": NaN, ""swfac"": 0.0, ""nstres"": 0.0}",0.0,0.0,2462.0584106445312,0.0,2.8539867401123047,0.0,,0.0,0.0,0.0,225.0,8.042645263671872,8.042645263671872,Leave_One_experiments/all_year_offline_schedule_search/daily_outputs/YCA/YCA_2020_YCA2020_normal_grid_S0019_daily.csv
YCA,YCA,Yucheng,2020,Leave_One_experiments\wth_generated_qc\YCA\YCA2020.WTH,normal_year;nitrogen_stress_year;low_response_year,normal,YCA2020_normal_grid_S0019,pareto_balanced,2020-07-21,203,40,35,"{""sim_day"": 40.0, ""doy"": 203.0, ""topwt"": 2639.795227050781, ""grnwt"": 0.0, ""xlai"": 2.978938579559326, ""totir"": 0.0, ""tofer"": NaN, ""swfac"": 0.0, ""nstres"": 0.0}",0.0,0.0,2639.795227050781,0.0,2.978938579559326,0.0,,0.0,0.0,0.0,225.0,8.042645263671872,8.042645263671872,Leave_One_experiments/all_year_offline_schedule_search/daily_outputs/YCA/YCA_2020_YCA2020_normal_grid_S0019_daily.csv
YCA,YCA,Yucheng,2020,Leave_One_experiments\wth_generated_qc\YCA\YCA2020.WTH,normal_year;nitrogen_stress_year;low_response_year,normal,YCA2020_normal_grid_S0019,pareto_balanced,2020-07-22,204,41,36,"{""sim_day"": 41.0, ""doy"": 204.0, ""topwt"": 2888.296203613281, ""grnwt"": 0.0, ""xlai"": 3.1425118446350098, ""totir"": 0.0, ""tofer"": NaN, ""swfac"": 0.0, ""nstres"": 0.0}",0.0,0.0,2888.296203613281,0.0,3.1425118446350098,0.0,,0.0,0.0,0.0,225.0,8.042645263671872,8.042645263671872,Leave_One_experiments/all_year_offline_schedule_search/daily_outputs/YCA/YCA_2020_YCA2020_normal_grid_S0019_daily.csv
YCA,YCA,Yucheng,2020,Leave_One_experiments\wth_generated_qc\YCA\YCA2020.WTH,normal_year;nitrogen_stress_year;low_response_year,normal,YCA2020_normal_grid_S0019,pareto_balanced,2020-07-23,205,42,37,"{""sim_day"": 42.0, ""doy"": 205.0, ""topwt"": 3178.788452148437, ""grnwt"": 0.0, ""xlai"": 3.3201916217803955, ""totir"": 0.0, ""tofer"": NaN, ""swfac"": 0.0, ""nstres"": 0.0}",0.0,0.0,3178.788452148437,0.0,3.3201916217803955,0.0,,0.0,0.0,0.0,225.0,8.042645263671872,8.042645263671872,Leave_One_experiments/all_year_offline_schedule_search/daily_outputs/YCA/YCA_2020_YCA2020_normal_grid_S0019_daily.csv
YCA,YCA,Yucheng,2020,Leave_One_experiments\wth_generated_qc\YCA\YCA2020.WTH,normal_year;nitrogen_stress_year;low_response_year,normal,YCA2020_normal_grid_S0019,pareto_balanced,2020-07-24,206,43,38,"{""sim_day"": 43.0, ""doy"": 206.0, ""topwt"": 3428.7240600585938, ""grnwt"": 0.0, ""xlai"": 3.4624061584472656, ""totir"": 0.0, ""tofer"": NaN, ""swfac"": 0.0, ""nstres"": 0.0}",0.0,0.0,3428.7240600585938,0.0,3.4624061584472656,0.0,,0.0,0.0,0.0,225.0,8.042645263671872,8.042645263671872,Leave_One_experiments/all_year_offline_schedule_search/daily_outputs/YCA/YCA_2020_YCA2020_normal_grid_S0019_daily.csv
YCA,YCA,Yucheng,2020,Leave_One_experiments\wth_generated_qc\YCA\YCA2020.WTH,normal_year;nitrogen_stress_year;low_response_year,normal,YCA2020_normal_grid_S0019,pareto_balanced,2020-07-25,207,44,39,"{""sim_day"": 44.0, ""doy"": 207.0, ""topwt"": 3498.4503173828125, ""grnwt"": 0.0, ""xlai"": 3.499666690826416, ""totir"": 0.0, ""tofer"": NaN, ""swfac"": 0.0, ""nstres"": 0.0}",0.0,0.0,3498.4503173828125,0.0,3.499666690826416,0.0,,0.0,0.0,0.0,225.0,8.042645263671872,8.042645263671872,Leave_One_experiments/all_year_offline_schedule_search/daily_outputs/YCA/YCA_2020_YCA2020_normal_grid_S0019_daily.csv
YCA,YCA,Yucheng,2020,Leave_One_experiments\wth_generated_qc\YCA\YCA2020.WTH,normal_year;nitrogen_stress_year;low_response_year,normal,YCA2020_normal_grid_S0019,pareto_balanced,2020-07-26,208,45,40,"{""sim_day"": 45.0, ""doy"": 208.0, ""topwt"": 3753.3853149414062, ""grnwt"": 0.0, ""xlai"": 3.6284351348876953, ""totir"": 0.0, ""tofer"": NaN, ""swfac"": 0.0, ""nstres"": 0.0}",0.0,0.0,3753.3853149414062,0.0,3.6284351348876953,0.0,,0.0,0.0,0.0,225.0,8.042645263671872,8.042645263671872,Leave_One_experiments/all_year_offline_schedule_search/daily_outputs/YCA/YCA_2020_YCA2020_normal_grid_S0019_daily.csv
YCA,YCA,Yucheng,2020,Leave_One_experiments\wth_generated_qc\YCA\YCA2020.WTH,normal_year;nitrogen_stress_year;low_response_year,normal,YCA2020_normal_grid_S0019,pareto_balanced,2020-07-27,209,46,41,"{""sim_day"": 46.0, ""doy"": 209.0, ""topwt"": 4125.918273925781, ""grnwt"": 0.0, ""xlai"": 3.8037827014923096, ""totir"": 0.0, ""tofer"": NaN, ""swfac"": 0.0, ""nstres"": 0.0}",0.0,0.0,4125.918273925781,0.0,3.8037827014923096,0.0,,0.0,0.0,0.0,225.0,8.042645263671872,8.042645263671872,Leave_One_experiments/all_year_offline_schedule_search/daily_outputs/YCA/YCA_2020_YCA2020_normal_grid_S0019_daily.csv
YCA,YCA,Yucheng,2020,Leave_One_experiments\wth_generated_qc\YCA\YCA2020.WTH,normal_year;nitrogen_stress_year;low_response_year,normal,YCA2020_normal_grid_S0019,pareto_balanced,2020-07-28,210,47,42,"{""sim_day"": 47.0, ""doy"": 210.0, ""topwt"": 4552.438049316406, ""grnwt"": 0.0, ""xlai"": 3.9897847175598153, ""totir"": 0.0, ""tofer"": NaN, ""swfac"": 0.0, ""nstres"": 0.0}",0.0,0.0,4552.438049316406,0.0,3.9897847175598153,0.0,,0.0,0.0,0.0,225.0,8.042645263671872,8.042645263671872,Leave_One_experiments/all_year_offline_schedule_search/daily_outputs/YCA/YCA_2020_YCA2020_normal_grid_S0019_daily.csv
YCA,YCA,Yucheng,2020,Leave_One_experiments\wth_generated_qc\YCA\YCA2020.WTH,normal_year;nitrogen_stress_year;low_response_year,normal,YCA2020_normal_grid_S0019,pareto_balanced,2020-07-29,211,48,43,"{""sim_day"": 48.0, ""doy"": 211.0, ""topwt"": 5008.283081054688, ""grnwt"": 0.0, ""xlai"": 4.173909664154053, ""totir"": 0.0, ""tofer"": NaN, ""swfac"": 0.0, ""nstres"": 0.0}",0.0,0.0,5008.283081054688,0.0,4.173909664154053,0.0,,0.0,0.0,0.0,225.0,8.042645263671872,8.042645263671872,Leave_One_experiments/all_year_offline_schedule_search/daily_outputs/YCA/YCA_2020_YCA2020_normal_grid_S0019_daily.csv
YCA,YCA,Yucheng,2020,Leave_One_experiments\wth_generated_qc\YCA\YCA2020.WTH,normal_year;nitrogen_stress_year;low_response_year,normal,YCA2020_normal_grid_S0019,pareto_balanced,2020-07-30,212,49,44,"{""sim_day"": 49.0, ""doy"": 212.0, ""topwt"": 5454.9884033203125, ""grnwt"": 0.0, ""xlai"": 4.383664131164551, ""totir"": 0.0, ""tofer"": NaN, ""swfac"": 0.0, ""nstres"": 0.0}",0.0,0.0,5454.9884033203125,0.0,4.383664131164551,0.0,,0.0,0.0,0.0,225.0,8.042645263671872,8.042645263671872,Leave_One_experiments/all_year_offline_schedule_search/daily_outputs/YCA/YCA_2020_YCA2020_normal_grid_S0019_daily.csv
YCA,YCA,Yucheng,2020,Leave_One_experiments\wth_generated_qc\YCA\YCA2020.WTH,normal_year;nitrogen_stress_year;low_response_year,normal,YCA2020_normal_grid_S0019,pareto_balanced,2020-07-31,213,50,45,"{""sim_day"": 50.0, ""doy"": 213.0, ""topwt"": 5787.4169921875, ""grnwt"": 0.0, ""xlai"": 4.498504638671875, ""totir"": 0.0, ""tofer"": NaN, ""swfac"": 0.0, ""nstres"": 0.0}",0.0,0.0,5787.4169921875,0.0,4.498504638671875,0.0,,0.0,0.0,0.0,225.0,8.042645263671872,8.042645263671872,Leave_One_experiments/all_year_offline_schedule_search/daily_outputs/YCA/YCA_2020_YCA2020_normal_grid_S0019_daily.csv
YCA,YCA,Yucheng,2020,Leave_One_experiments\wth_generated_qc\YCA\YCA2020.WTH,normal_year;nitrogen_stress_year;low_response_year,normal,YCA2020_normal_grid_S0019,pareto_balanced,2020-08-01,214,51,46,"{""sim_day"": 51.0, ""doy"": 214.0, ""topwt"": 6134.0478515625, ""grnwt"": 0.0, ""xlai"": 4.5975847244262695, ""totir"": 0.0, ""tofer"": NaN, ""swfac"": 0.0, ""nstres"": 0.0}",0.0,0.0,6134.0478515625,0.0,4.5975847244262695,0.0,,0.0,0.0,0.0,225.0,8.042645263671872,8.042645263671872,Leave_One_experiments/all_year_offline_schedule_search/daily_outputs/YCA/YCA_2020_YCA2020_normal_grid_S0019_daily.csv
YCA,YCA,Yucheng,2020,Leave_One_experiments\wth_generated_qc\YCA\YCA2020.WTH,normal_year;nitrogen_stress_year;low_response_year,normal,YCA2020_normal_grid_S0019,pareto_balanced,2020-08-02,215,52,47,"{""sim_day"": 52.0, ""doy"": 215.0, ""topwt"": 6447.140502929688, ""grnwt"": 0.0, ""xlai"": 4.670384883880615, ""totir"": 0.0, ""tofer"": NaN, ""swfac"": 0.0, ""nstres"": 0.0038912296295166}",0.0,0.0038912296295166,6447.140502929688,0.0,4.670384883880615,0.0,,0.0,0.0,0.0,225.0,8.042645263671872,8.042645263671872,Leave_One_experiments/all_year_offline_schedule_search/daily_outputs/YCA/YCA_2020_YCA2020_normal_grid_S0019_daily.csv
YCA,YCA,Yucheng,2020,Leave_One_experiments\wth_generated_qc\YCA\YCA2020.WTH,normal_year;nitrogen_stress_year;low_response_year,normal,YCA2020_normal_grid_S0019,pareto_balanced,2020-08-03,216,53,48,"{""sim_day"": 53.0, ""doy"": 216.0, ""topwt"": 6822.0703125, ""grnwt"": 0.0, ""xlai"": 4.749655723571777, ""totir"": 0.0, ""tofer"": NaN, ""swfac"": 0.0, ""nstres"": 0.0180637836456298}",0.0,0.0180637836456298,6822.0703125,0.0,4.749655723571777,0.0,,0.0,0.0,0.0,225.0,8.042645263671872,8.042645263671872,Leave_One_experiments/all_year_offline_schedule_search/daily_outputs/YCA/YCA_2020_YCA2020_normal_grid_S0019_daily.csv
YCA,YCA,Yucheng,2020,Leave_One_experiments\wth_generated_qc\YCA\YCA2020.WTH,normal_year;nitrogen_stress_year;low_response_year,normal,YCA2020_normal_grid_S0019,pareto_balanced,2020-08-04,217,54,49,"{""sim_day"": 54.0, ""doy"": 217.0, ""topwt"": 6938.560791015625, ""grnwt"": 0.0, ""xlai"": 4.751260757446289, ""totir"": 0.0, ""tofer"": NaN, ""swfac"": 0.0, ""nstres"": 0.0305544137954711}",0.0,0.0305544137954711,6938.560791015625,0.0,4.751260757446289,0.0,,0.0,0.0,0.0,225.0,8.042645263671872,8.042645263671872,Leave_One_experiments/all_year_offline_schedule_search/daily_outputs/YCA/YCA_2020_YCA2020_normal_grid_S0019_daily.csv
YCA,YCA,Yucheng,2020,Leave_One_experiments\wth_generated_qc\YCA\YCA2020.WTH,normal_year;nitrogen_stress_year;low_response_year,normal,YCA2020_normal_grid_S0019,pareto_balanced,2020-08-05,218,55,50,"{""sim_day"": 55.0, ""doy"": 218.0, ""topwt"": 6964.362182617188, ""grnwt"": 0.0, ""xlai"": 4.728620529174805, ""totir"": 0.0, ""tofer"": NaN, ""swfac"": 0.0, ""nstres"": 0.0467447042465209}",0.0,0.0467447042465209,6964.362182617188,0.0,4.728620529174805,0.0,,0.0,0.0,0.0,225.0,8.042645263671872,8.042645263671872,Leave_One_experiments/all_year_offline_schedule_search/daily_outputs/YCA/YCA_2020_YCA2020_normal_grid_S0019_daily.csv
YCA,YCA,Yucheng,2020,Leave_One_experiments\wth_generated_qc\YCA\YCA2020.WTH,normal_year;nitrogen_stress_year;low_response_year,normal,YCA2020_normal_grid_S0019,pareto_balanced,2020-08-06,219,56,51,"{""sim_day"": 56.0, ""doy"": 219.0, ""topwt"": 7092.977294921875, ""grnwt"": 0.0, ""xlai"": 4.731128215789795, ""totir"": 0.0, ""tofer"": NaN, ""swfac"": 0.0, ""nstres"": 0.0469895601272583}",0.0,0.0469895601272583,7092.977294921875,0.0,4.731128215789795,0.0,,0.0,0.0,0.0,225.0,8.042645263671872,8.042645263671872,Leave_One_experiments/all_year_offline_schedule_search/daily_outputs/YCA/YCA_2020_YCA2020_normal_grid_S0019_daily.csv
YCA,YCA,Yucheng,2020,Leave_One_experiments\wth_generated_qc\YCA\YCA2020.WTH,normal_year;nitrogen_stress_year;low_response_year,normal,YCA2020_normal_grid_S0019,pareto_balanced,2020-08-07,220,57,52,"{""sim_day"": 57.0, ""doy"": 220.0, ""topwt"": 7295.540771484375, ""grnwt"": 0.0, ""xlai"": 4.75142765045166, ""totir"": 0.0, ""tofer"": NaN, ""swfac"": 0.0, ""nstres"": 0.0411255955696105}",0.0,0.0411255955696105,7295.540771484375,0.0,4.75142765045166,0.0,,0.0,0.0,0.0,225.0,8.042645263671872,8.042645263671872,Leave_One_experiments/all_year_offline_schedule_search/daily_outputs/YCA/YCA_2020_YCA2020_normal_grid_S0019_daily.csv
YCA,YCA,Yucheng,2020,Leave_One_experiments\wth_generated_qc\YCA\YCA2020.WTH,normal_year;nitrogen_stress_year;low_response_year,normal,YCA2020_normal_grid_S0019,pareto_balanced,2020-08-08,221,58,53,"{""sim_day"": 58.0, ""doy"": 221.0, ""topwt"": 7672.097778320312, ""grnwt"": 0.0, ""xlai"": 4.812357902526856, ""totir"": 0.0, ""tofer"": NaN, ""swfac"": 0.0, ""nstres"": 0.0406903028488159}",0.0,0.0406903028488159,7672.097778320312,0.0,4.812357902526856,0.0,,0.0,0.0,0.0,225.0,8.042645263671872,8.042645263671872,Leave_One_experiments/all_year_offline_schedule_search/daily_outputs/YCA/YCA_2020_YCA2020_normal_grid_S0019_daily.csv
YCA,YCA,Yucheng,2020,Leave_One_experiments\wth_generated_qc\YCA\YCA2020.WTH,normal_year;nitrogen_stress_year;low_response_year,normal,YCA2020_normal_grid_S0019,pareto_balanced,2020-08-09,222,59,54,"{""sim_day"": 59.0, ""doy"": 222.0, ""topwt"": 8053.103637695312, ""grnwt"": 0.0, ""xlai"": 4.871484279632568, ""totir"": 0.0, ""tofer"": NaN, ""swfac"": 0.0, ""nstres"": 0.0430381298065185}",0.0,0.0430381298065185,8053.103637695312,0.0,4.871484279632568,0.0,,0.0,0.0,0.0,225.0,8.042645263671872,8.042645263671872,Leave_One_experiments/all_year_offline_schedule_search/daily_outputs/YCA/YCA_2020_YCA2020_normal_grid_S0019_daily.csv
YCA,YCA,Yucheng,2020,Leave_One_experiments\wth_generated_qc\YCA\YCA2020.WTH,normal_year;nitrogen_stress_year;low_response_year,normal,YCA2020_normal_grid_S0019,pareto_balanced,2020-08-10,223,60,55,"{""sim_day"": 60.0, ""doy"": 223.0, ""topwt"": 8391.503295898438, ""grnwt"": 0.0, ""xlai"": 4.917633056640625, ""totir"": 0.0, ""tofer"": NaN, ""swfac"": 0.0, ""nstres"": 0.0488043427467346}",0.0,0.0488043427467346,8391.503295898438,0.0,4.917633056640625,0.0,,0.0,0.0,0.0,225.0,8.042645263671872,8.042645263671872,Leave_One_experiments/all_year_offline_schedule_search/daily_outputs/YCA/YCA_2020_YCA2020_normal_grid_S0019_daily.csv
YCA,YCA,Yucheng,2020,Leave_One_experiments\wth_generated_qc\YCA\YCA2020.WTH,normal_year;nitrogen_stress_year;low_response_year,normal,YCA2020_normal_grid_S0019,pareto_balanced,2020-08-11,224,61,56,"{""sim_day"": 61.0, ""doy"": 224.0, ""topwt"": 8476.86767578125, ""grnwt"": 0.0, ""xlai"": 4.881532192230225, ""totir"": 0.0, ""tofer"": NaN, ""swfac"": 0.0, ""nstres"": 0.0527446269989013}",0.0,0.0527446269989013,8476.86767578125,0.0,4.881532192230225,0.0,,0.0,0.0,0.0,225.0,8.042645263671872,8.042645263671872,Leave_One_experiments/all_year_offline_schedule_search/daily_outputs/YCA/YCA_2020_YCA2020_normal_grid_S0019_daily.csv
YCA,YCA,Yucheng,2020,Leave_One_experiments\wth_generated_qc\YCA\YCA2020.WTH,normal_year;nitrogen_stress_year;low_response_year,normal,YCA2020_normal_grid_S0019,pareto_balanced,2020-08-12,225,62,57,"{""sim_day"": 62.0, ""doy"": 225.0, ""topwt"": 8578.374633789062, ""grnwt"": 0.0, ""xlai"": 4.847106456756592, ""totir"": 0.0, ""tofer"": NaN, ""swfac"": 0.0, ""nstres"": 0.0488089323043823}",0.0,0.0488089323043823,8578.374633789062,0.0,4.847106456756592,0.0,,0.0,0.0,0.0,225.0,8.042645263671872,8.042645263671872,Leave_One_experiments/all_year_offline_schedule_search/daily_outputs/YCA/YCA_2020_YCA2020_normal_grid_S0019_daily.csv
YCA,YCA,Yucheng,2020,Leave_One_experiments\wth_generated_qc\YCA\YCA2020.WTH,normal_year;nitrogen_stress_year;low_response_year,normal,YCA2020_normal_grid_S0019,pareto_balanced,2020-08-13,226,63,58,"{""sim_day"": 63.0, ""doy"": 226.0, ""topwt"": 8966.0693359375, ""grnwt"": 0.0, ""xlai"": 4.814258575439453, ""totir"": 0.0, ""tofer"": NaN, ""swfac"": 0.0, ""nstres"": 0.0358089208602905}",0.0,0.0358089208602905,8966.0693359375,0.0,4.814258575439453,0.0,,0.0,0.0,0.0,225.0,8.042645263671872,8.042645263671872,Leave_One_experiments/all_year_offline_schedule_search/daily_outputs/YCA/YCA_2020_YCA2020_normal_grid_S0019_daily.csv
YCA,YCA,Yucheng,2020,Leave_One_experiments\wth_generated_qc\YCA\YCA2020.WTH,normal_year;nitrogen_stress_year;low_response_year,normal,YCA2020_normal_grid_S0019,pareto_balanced,2020-08-14,227,64,59,"{""sim_day"": 64.0, ""doy"": 227.0, ""topwt"": 8982.813720703125, ""grnwt"": 0.0, ""xlai"": 4.782897472381592, ""totir"": 0.0, ""tofer"": NaN, ""swfac"": 0.0, ""nstres"": 0.0238960981369018}",0.0,0.0238960981369018,8982.813720703125,0.0,4.782897472381592,0.0,,0.0,0.0,0.0,225.0,8.042645263671872,8.042645263671872,Leave_One_experiments/all_year_offline_schedule_search/daily_outputs/YCA/YCA_2020_YCA2020_normal_grid_S0019_daily.csv
YCA,YCA,Yucheng,2020,Leave_One_experiments\wth_generated_qc\YCA\YCA2020.WTH,normal_year;nitrogen_stress_year;low_response_year,normal,YCA2020_normal_grid_S0019,pareto_balanced,2020-08-15,228,65,60,"{""sim_day"": 65.0, ""doy"": 228.0, ""topwt"": 9134.794311523438, ""grnwt"": 0.0, ""xlai"": 4.752941131591797, ""totir"": 0.0, ""tofer"": NaN, ""swfac"": 0.0, ""nstres"": 0.0161434412002563}",0.0,0.0161434412002563,9134.794311523438,0.0,4.752941131591797,0.0,,0.0,75.0,0.0,225.0,8.042645263671872,8.042645263671872,Leave_One_experiments/all_year_offline_schedule_search/daily_outputs/YCA/YCA_2020_YCA2020_normal_grid_S0019_daily.csv
YCA,YCA,Yucheng,2020,Leave_One_experiments\wth_generated_qc\YCA\YCA2020.WTH,normal_year;nitrogen_stress_year;low_response_year,normal,YCA2020_normal_grid_S0019,pareto_balanced,2020-08-16,229,66,61,"{""sim_day"": 66.0, ""doy"": 229.0, ""topwt"": 9485.199584960938, ""grnwt"": 0.0, ""xlai"": 4.724311828613281, ""totir"": 0.0, ""tofer"": NaN, ""swfac"": 0.0, ""nstres"": 0.0}",0.0,0.0,9485.199584960938,0.0,4.724311828613281,0.0,,0.0,0.0,0.0,225.0,8.042645263671872,8.042645263671872,Leave_One_experiments/all_year_offline_schedule_search/daily_outputs/YCA/YCA_2020_YCA2020_normal_grid_S0019_daily.csv
YCA,YCA,Yucheng,2020,Leave_One_experiments\wth_generated_qc\YCA\YCA2020.WTH,normal_year;nitrogen_stress_year;low_response_year,normal,YCA2020_normal_grid_S0019,pareto_balanced,2020-08-17,230,67,62,"{""sim_day"": 67.0, ""doy"": 230.0, ""topwt"": 9866.520385742188, ""grnwt"": 0.0, ""xlai"": 4.696937561035156, ""totir"": 0.0, ""tofer"": NaN, ""swfac"": 0.0, ""nstres"": 0.0}",0.0,0.0,9866.520385742188,0.0,4.696937561035156,0.0,,0.0,0.0,0.0,225.0,8.042645263671872,8.042645263671872,Leave_One_experiments/all_year_offline_schedule_search/daily_outputs/YCA/YCA_2020_YCA2020_normal_grid_S0019_daily.csv
YCA,YCA,Yucheng,2020,Leave_One_experiments\wth_generated_qc\YCA\YCA2020.WTH,normal_year;nitrogen_stress_year;low_response_year,normal,YCA2020_normal_grid_S0019,pareto_balanced,2020-08-18,231,68,63,"{""sim_day"": 68.0, ""doy"": 231.0, ""topwt"": 9929.998779296877, ""grnwt"": 0.0, ""xlai"": 4.670749664306641, ""totir"": 0.0, ""tofer"": NaN, ""swfac"": 0.0, ""nstres"": 0.0}",0.0,0.0,9929.998779296877,0.0,4.670749664306641,0.0,,0.0,0.0,0.0,225.0,8.042645263671872,8.042645263671872,Leave_One_experiments/all_year_offline_schedule_search/daily_outputs/YCA/YCA_2020_YCA2020_normal_grid_S0019_daily.csv
YCA,YCA,Yucheng,2020,Leave_One_experiments\wth_generated_qc\YCA\YCA2020.WTH,normal_year;nitrogen_stress_year;low_response_year,normal,YCA2020_normal_grid_S0019,pareto_balanced,2020-08-19,232,69,64,"{""sim_day"": 69.0, ""doy"": 232.0, ""topwt"": 10029.86083984375, ""grnwt"": 0.0, ""xlai"": 4.645686149597168, ""totir"": 0.0, ""tofer"": NaN, ""swfac"": 0.0, ""nstres"": 0.0}",0.0,0.0,10029.86083984375,0.0,4.645686149597168,0.0,,0.0,0.0,0.0,225.0,8.042645263671872,8.042645263671872,Leave_One_experiments/all_year_offline_schedule_search/daily_outputs/YCA/YCA_2020_YCA2020_normal_grid_S0019_daily.csv
YCA,YCA,Yucheng,2020,Leave_One_experiments\wth_generated_qc\YCA\YCA2020.WTH,normal_year;nitrogen_stress_year;low_response_year,normal,YCA2020_normal_grid_S0019,pareto_balanced,2020-08-20,233,70,65,"{""sim_day"": 70.0, ""doy"": 233.0, ""topwt"": 10237.340698242188, ""grnwt"": 207.4793815612793, ""xlai"": 4.6216888427734375, ""totir"": 0.0, ""tofer"": NaN, ""swfac"": 0.0, ""nstres"": 0.0}",0.0,0.0,10237.340698242188,207.4793815612793,4.6216888427734375,0.0,,0.0,0.0,0.0,225.0,8.042645263671872,8.042645263671872,Leave_One_experiments/all_year_offline_schedule_search/daily_outputs/YCA/YCA_2020_YCA2020_normal_grid_S0019_daily.csv
YCA,YCA,Yucheng,2020,Leave_One_experiments\wth_generated_qc\YCA\YCA2020.WTH,normal_year;nitrogen_stress_year;low_response_year,normal,YCA2020_normal_grid_S0019,pareto_balanced,2020-08-21,234,71,66,"{""sim_day"": 71.0, ""doy"": 234.0, ""topwt"": 10444.820556640623, ""grnwt"": 414.9587631225586, ""xlai"": 4.598702907562256, ""totir"": 0.0, ""tofer"": NaN, ""swfac"": 0.0, ""nstres"": 0.0}",0.0,0.0,10444.820556640623,414.9587631225586,4.598702907562256,0.0,,0.0,0.0,0.0,225.0,8.042645263671872,8.042645263671872,Leave_One_experiments/all_year_offline_schedule_search/daily_outputs/YCA/YCA_2020_YCA2020_normal_grid_S0019_daily.csv
YCA,YCA,Yucheng,2020,Leave_One_experiments\wth_generated_qc\YCA\YCA2020.WTH,normal_year;nitrogen_stress_year;low_response_year,normal,YCA2020_normal_grid_S0019,pareto_balanced,2020-08-22,235,72,67,"{""sim_day"": 72.0, ""doy"": 235.0, ""topwt"": 10652.298583984377, ""grnwt"": 622.4381256103516, ""xlai"": 4.576676845550537, ""totir"": 0.0, ""tofer"": NaN, ""swfac"": 0.0, ""nstres"": 0.0}",0.0,0.0,10652.298583984377,622.4381256103516,4.576676845550537,0.0,,0.0,0.0,0.0,225.0,8.042645263671872,8.042645263671872,Leave_One_experiments/all_year_offline_schedule_search/daily_outputs/YCA/YCA_2020_YCA2020_normal_grid_S0019_daily.csv
YCA,YCA,Yucheng,2020,Leave_One_experiments\wth_generated_qc\YCA\YCA2020.WTH,normal_year;nitrogen_stress_year;low_response_year,normal,YCA2020_normal_grid_S0019,pareto_balanced,2020-08-23,236,73,68,"{""sim_day"": 73.0, ""doy"": 236.0, ""topwt"": 10829.317626953123, ""grnwt"": 829.9175262451172, ""xlai"": 4.555562973022461, ""totir"": 0.0, ""tofer"": NaN, ""swfac"": 0.0, ""nstres"": 0.0}",0.0,0.0,10829.317626953123,829.9175262451172,4.555562973022461,0.0,,0.0,0.0,0.0,225.0,8.042645263671872,8.042645263671872,Leave_One_experiments/all_year_offline_schedule_search/daily_outputs/YCA/YCA_2020_YCA2020_normal_grid_S0019_daily.csv
YCA,YCA,Yucheng,2020,Leave_One_experiments\wth_generated_qc\YCA\YCA2020.WTH,normal_year;nitrogen_stress_year;low_response_year,normal,YCA2020_normal_grid_S0019,pareto_balanced,2020-08-24,237,74,69,"{""sim_day"": 74.0, ""doy"": 237.0, ""topwt"": 11067.25830078125, ""grnwt"": 1037.3968505859375, ""xlai"": 4.53531551361084, ""totir"": 0.0, ""tofer"": NaN, ""swfac"": 0.0, ""nstres"": 0.0}",0.0,0.0,11067.25830078125,1037.3968505859375,4.53531551361084,0.0,,0.0,0.0,0.0,225.0,8.042645263671872,8.042645263671872,Leave_One_experiments/all_year_offline_schedule_search/daily_outputs/YCA/YCA_2020_YCA2020_normal_grid_S0019_daily.csv
YCA,YCA,Yucheng,2020,Leave_One_experiments\wth_generated_qc\YCA\YCA2020.WTH,normal_year;nitrogen_stress_year;low_response_year,normal,YCA2020_normal_grid_S0019,pareto_balanced,2020-08-25,238,75,70,"{""sim_day"": 75.0, ""doy"": 238.0, ""topwt"": 11258.43994140625, ""grnwt"": 1244.8762512207031, ""xlai"": 4.51589298248291, ""totir"": 0.0, ""tofer"": NaN, ""swfac"": 0.0, ""nstres"": 0.0}",0.0,0.0,11258.43994140625,1244.8762512207031,4.51589298248291,0.0,,0.0,0.0,0.0,225.0,8.042645263671872,8.042645263671872,Leave_One_experiments/all_year_offline_schedule_search/daily_outputs/YCA/YCA_2020_YCA2020_normal_grid_S0019_daily.csv
YCA,YCA,Yucheng,2020,Leave_One_experiments\wth_generated_qc\YCA\YCA2020.WTH,normal_year;nitrogen_stress_year;low_response_year,normal,YCA2020_normal_grid_S0019,pareto_balanced,2020-08-26,239,76,71,"{""sim_day"": 76.0, ""doy"": 239.0, ""topwt"": 11482.216796875, ""grnwt"": 1452.3556518554688, ""xlai"": 4.497255325317383, ""totir"": 0.0, ""tofer"": NaN, ""swfac"": 0.0, ""nstres"": 0.0}",0.0,0.0,11482.216796875,1452.3556518554688,4.497255325317383,0.0,,0.0,0.0,0.0,225.0,8.042645263671872,8.042645263671872,Leave_One_experiments/all_year_offline_schedule_search/daily_outputs/YCA/YCA_2020_YCA2020_normal_grid_S0019_daily.csv
YCA,YCA,Yucheng,2020,Leave_One_experiments\wth_generated_qc\YCA\YCA2020.WTH,normal_year;nitrogen_stress_year;low_response_year,normal,YCA2020_normal_grid_S0019,pareto_balanced,2020-08-27,240,77,72,"{""sim_day"": 77.0, ""doy"": 240.0, ""topwt"": 11689.696044921877, ""grnwt"": 1659.8350524902344, ""xlai"": 4.479365348815918, ""totir"": 0.0, ""tofer"": NaN, ""swfac"": 0.0, ""nstres"": 0.0}",0.0,0.0,11689.696044921877,1659.8350524902344,4.479365348815918,0.0,,0.0,0.0,0.0,225.0,8.042645263671872,8.042645263671872,Leave_One_experiments/all_year_offline_schedule_search/daily_outputs/YCA/YCA_2020_YCA2020_normal_grid_S0019_daily.csv
YCA,YCA,Yucheng,2020,Leave_One_experiments\wth_generated_qc\YCA\YCA2020.WTH,normal_year;nitrogen_stress_year;low_response_year,normal,YCA2020_normal_grid_S0019,pareto_balanced,2020-08-28,241,78,73,"{""sim_day"": 78.0, ""doy"": 241.0, ""topwt"": 11897.17529296875, ""grnwt"": 1867.314453125, ""xlai"": 4.432403564453125, ""totir"": 0.0, ""tofer"": NaN, ""swfac"": 0.0, ""nstres"": 0.0}",0.0,0.0,11897.17529296875,1867.314453125,4.432403564453125,0.0,,0.0,0.0,0.0,225.0,8.042645263671872,8.042645263671872,Leave_One_experiments/all_year_offline_schedule_search/daily_outputs/YCA/YCA_2020_YCA2020_normal_grid_S0019_daily.csv
YCA,YCA,Yucheng,2020,Leave_One_experiments\wth_generated_qc\YCA\YCA2020.WTH,normal_year;nitrogen_stress_year;low_response_year,normal,YCA2020_normal_grid_S0019,pareto_balanced,2020-08-29,242,79,74,"{""sim_day"": 79.0, ""doy"": 242.0, ""topwt"": 12102.060546875, ""grnwt"": 2072.2003173828125, ""xlai"": 4.375397205352783, ""totir"": 0.0, ""tofer"": NaN, ""swfac"": 0.0, ""nstres"": 0.0}",0.0,0.0,12102.060546875,2072.2003173828125,4.375397205352783,0.0,,0.0,0.0,0.0,225.0,8.042645263671872,8.042645263671872,Leave_One_experiments/all_year_offline_schedule_search/daily_outputs/YCA/YCA_2020_YCA2020_normal_grid_S0019_daily.csv
YCA,YCA,Yucheng,2020,Leave_One_experiments\wth_generated_qc\YCA\YCA2020.WTH,normal_year;nitrogen_stress_year;low_response_year,normal,YCA2020_normal_grid_S0019,pareto_balanced,2020-08-30,243,80,75,"{""sim_day"": 80.0, ""doy"": 243.0, ""topwt"": 12309.539794921877, ""grnwt"": 2279.6795654296875, ""xlai"": 4.313730239868164, ""totir"": 0.0, ""tofer"": NaN, ""swfac"": 0.0, ""nstres"": 0.0}",0.0,0.0,12309.539794921877,2279.6795654296875,4.313730239868164,0.0,,0.0,0.0,0.0,225.0,8.042645263671872,8.042645263671872,Leave_One_experiments/all_year_offline_schedule_search/daily_outputs/YCA/YCA_2020_YCA2020_normal_grid_S0019_daily.csv
YCA,YCA,Yucheng,2020,Leave_One_experiments\wth_generated_qc\YCA\YCA2020.WTH,normal_year;nitrogen_stress_year;low_response_year,normal,YCA2020_normal_grid_S0019,pareto_balanced,2020-08-31,244,81,76,"{""sim_day"": 81.0, ""doy"": 244.0, ""topwt"": 12517.01904296875, ""grnwt"": 2487.158966064453, ""xlai"": 4.246383666992188, ""totir"": 0.0, ""tofer"": NaN, ""swfac"": 0.0, ""nstres"": 0.0}",0.0,0.0,12517.01904296875,2487.158966064453,4.246383666992188,0.0,,0.0,0.0,0.0,225.0,8.042645263671872,8.042645263671872,Leave_One_experiments/all_year_offline_schedule_search/daily_outputs/YCA/YCA_2020_YCA2020_normal_grid_S0019_daily.csv
YCA,YCA,Yucheng,2020,Leave_One_experiments\wth_generated_qc\YCA\YCA2020.WTH,normal_year;nitrogen_stress_year;low_response_year,normal,YCA2020_normal_grid_S0019,pareto_balanced,2020-09-01,245,82,77,"{""sim_day"": 82.0, ""doy"": 245.0, ""topwt"": 12724.498291015623, ""grnwt"": 2694.6383666992188, ""xlai"": 4.181666374206543, ""totir"": 0.0, ""tofer"": NaN, ""swfac"": 0.0, ""nstres"": 0.0}",0.0,0.0,12724.498291015623,2694.6383666992188,4.181666374206543,0.0,,0.0,0.0,0.0,225.0,8.042645263671872,8.042645263671872,Leave_One_experiments/all_year_offline_schedule_search/daily_outputs/YCA/YCA_2020_YCA2020_normal_grid_S0019_daily.csv
YCA,YCA,Yucheng,2020,Leave_One_experiments\wth_generated_qc\YCA\YCA2020.WTH,normal_year;nitrogen_stress_year;low_response_year,normal,YCA2020_normal_grid_S0019,pareto_balanced,2020-09-02,246,83,78,"{""sim_day"": 83.0, ""doy"": 246.0, ""topwt"": 12931.9775390625, ""grnwt"": 2902.1176147460938, ""xlai"": 4.124388217926025, ""totir"": 0.0, ""tofer"": NaN, ""swfac"": 0.0, ""nstres"": 0.0}",0.0,0.0,12931.9775390625,2902.1176147460938,4.124388217926025,0.0,,0.0,0.0,0.0,225.0,8.042645263671872,8.042645263671872,Leave_One_experiments/all_year_offline_schedule_search/daily_outputs/YCA/YCA_2020_YCA2020_normal_grid_S0019_daily.csv
YCA,YCA,Yucheng,2020,Leave_One_experiments\wth_generated_qc\YCA\YCA2020.WTH,normal_year;nitrogen_stress_year;low_response_year,normal,YCA2020_normal_grid_S0019,pareto_balanced,2020-09-03,247,84,79,"{""sim_day"": 84.0, ""doy"": 247.0, ""topwt"": 13139.45556640625, ""grnwt"": 3109.59716796875, ""xlai"": 4.057884216308594, ""totir"": 0.0, ""tofer"": NaN, ""swfac"": 0.0, ""nstres"": 0.0}",0.0,0.0,13139.45556640625,3109.59716796875,4.057884216308594,0.0,,0.0,0.0,0.0,225.0,8.042645263671872,8.042645263671872,Leave_One_experiments/all_year_offline_schedule_search/daily_outputs/YCA/YCA_2020_YCA2020_normal_grid_S0019_daily.csv
YCA,YCA,Yucheng,2020,Leave_One_experiments\wth_generated_qc\YCA\YCA2020.WTH,normal_year;nitrogen_stress_year;low_response_year,normal,YCA2020_normal_grid_S0019,pareto_balanced,2020-09-04,248,85,80,"{""sim_day"": 85.0, ""doy"": 248.0, ""topwt"": 13346.93603515625, ""grnwt"": 3317.076416015625, ""xlai"": 3.9751343727111816, ""totir"": 0.0, ""tofer"": NaN, ""swfac"": 0.0, ""nstres"": 0.0}",0.0,0.0,13346.93603515625,3317.076416015625,3.9751343727111816,0.0,,0.0,0.0,0.0,225.0,8.042645263671872,8.042645263671872,Leave_One_experiments/all_year_offline_schedule_search/daily_outputs/YCA/YCA_2020_YCA2020_normal_grid_S0019_daily.csv
YCA,YCA,Yucheng,2020,Leave_One_experiments\wth_generated_qc\YCA\YCA2020.WTH,normal_year;nitrogen_stress_year;low_response_year,normal,YCA2020_normal_grid_S0019,pareto_balanced,2020-09-05,249,86,81,"{""sim_day"": 86.0, ""doy"": 249.0, ""topwt"": 13554.415283203123, ""grnwt"": 3524.555969238281, ""xlai"": 3.883257627487183, ""totir"": 0.0, ""tofer"": NaN, ""swfac"": 0.0, ""nstres"": 0.0}",0.0,0.0,13554.415283203123,3524.555969238281,3.883257627487183,0.0,,0.0,0.0,0.0,225.0,8.042645263671872,8.042645263671872,Leave_One_experiments/all_year_offline_schedule_search/daily_outputs/YCA/YCA_2020_YCA2020_normal_grid_S0019_daily.csv
YCA,YCA,Yucheng,2020,Leave_One_experiments\wth_generated_qc\YCA\YCA2020.WTH,normal_year;nitrogen_stress_year;low_response_year,normal,YCA2020_normal_grid_S0019,pareto_balanced,2020-09-06,250,87,82,"{""sim_day"": 87.0, ""doy"": 250.0, ""topwt"": 13761.89453125, ""grnwt"": 3732.035217285156, ""xlai"": 3.785087823867798, ""totir"": 0.0, ""tofer"": NaN, ""swfac"": 0.0, ""nstres"": 0.0}",0.0,0.0,13761.89453125,3732.035217285156,3.785087823867798,0.0,,0.0,0.0,0.0,225.0,8.042645263671872,8.042645263671872,Leave_One_experiments/all_year_offline_schedule_search/daily_outputs/YCA/YCA_2020_YCA2020_normal_grid_S0019_daily.csv
YCA,YCA,Yucheng,2020,Leave_One_experiments\wth_generated_qc\YCA\YCA2020.WTH,normal_year;nitrogen_stress_year;low_response_year,normal,YCA2020_normal_grid_S0019,pareto_balanced,2020-09-07,251,88,83,"{""sim_day"": 88.0, ""doy"": 251.0, ""topwt"": 13969.37255859375, ""grnwt"": 3939.514770507813, ""xlai"": 3.682519435882568, ""totir"": 0.0, ""tofer"": NaN, ""swfac"": 0.0, ""nstres"": 0.0}",0.0,0.0,13969.37255859375,3939.514770507813,3.682519435882568,0.0,,0.0,0.0,0.0,225.0,8.042645263671872,8.042645263671872,Leave_One_experiments/all_year_offline_schedule_search/daily_outputs/YCA/YCA_2020_YCA2020_normal_grid_S0019_daily.csv
YCA,YCA,Yucheng,2020,Leave_One_experiments\wth_generated_qc\YCA\YCA2020.WTH,normal_year;nitrogen_stress_year;low_response_year,normal,YCA2020_normal_grid_S0019,pareto_balanced,2020-09-08,252,89,84,"{""sim_day"": 89.0, ""doy"": 252.0, ""topwt"": 14176.851806640623, ""grnwt"": 4146.994018554688, ""xlai"": 3.577296495437622, ""totir"": 0.0, ""tofer"": NaN, ""swfac"": 0.0, ""nstres"": 0.0}",0.0,0.0,14176.851806640623,4146.994018554688,3.577296495437622,0.0,,0.0,0.0,0.0,225.0,8.042645263671872,8.042645263671872,Leave_One_experiments/all_year_offline_schedule_search/daily_outputs/YCA/YCA_2020_YCA2020_normal_grid_S0019_daily.csv
YCA,YCA,Yucheng,2020,Leave_One_experiments\wth_generated_qc\YCA\YCA2020.WTH,normal_year;nitrogen_stress_year;low_response_year,normal,YCA2020_normal_grid_S0019,pareto_balanced,2020-09-09,253,90,85,"{""sim_day"": 90.0, ""doy"": 253.0, ""topwt"": 14384.332275390623, ""grnwt"": 4354.4732666015625, ""xlai"": 3.460385799407959, ""totir"": 0.0, ""tofer"": NaN, ""swfac"": 0.0, ""nstres"": 0.0}",0.0,0.0,14384.332275390623,4354.4732666015625,3.460385799407959,0.0,,0.0,0.0,0.0,225.0,8.042645263671872,8.042645263671872,Leave_One_experiments/all_year_offline_schedule_search/daily_outputs/YCA/YCA_2020_YCA2020_normal_grid_S0019_daily.csv
YCA,YCA,Yucheng,2020,Leave_One_experiments\wth_generated_qc\YCA\YCA2020.WTH,normal_year;nitrogen_stress_year;low_response_year,normal,YCA2020_normal_grid_S0019,pareto_balanced,2020-09-10,254,91,86,"{""sim_day"": 91.0, ""doy"": 254.0, ""topwt"": 14591.810302734377, ""grnwt"": 4561.952209472656, ""xlai"": 3.3571043014526367, ""totir"": 0.0, ""tofer"": NaN, ""swfac"": 0.0, ""nstres"": 0.0}",0.0,0.0,14591.810302734377,4561.952209472656,3.3571043014526367,0.0,,0.0,0.0,0.0,225.0,8.042645263671872,8.042645263671872,Leave_One_experiments/all_year_offline_schedule_search/daily_outputs/YCA/YCA_2020_YCA2020_normal_grid_S0019_daily.csv
YCA,YCA,Yucheng,2020,Leave_One_experiments\wth_generated_qc\YCA\YCA2020.WTH,normal_year;nitrogen_stress_year;low_response_year,normal,YCA2020_normal_grid_S0019,pareto_balanced,2020-09-11,255,92,87,"{""sim_day"": 92.0, ""doy"": 255.0, ""topwt"": 14799.28955078125, ""grnwt"": 4769.431457519531, ""xlai"": 3.2537121772766118, ""totir"": 0.0, ""tofer"": NaN, ""swfac"": 0.0, ""nstres"": 0.0}",0.0,0.0,14799.28955078125,4769.431457519531,3.2537121772766118,0.0,,0.0,0.0,0.0,225.0,8.042645263671872,8.042645263671872,Leave_One_experiments/all_year_offline_schedule_search/daily_outputs/YCA/YCA_2020_YCA2020_normal_grid_S0019_daily.csv
YCA,YCA,Yucheng,2020,Leave_One_experiments\wth_generated_qc\YCA\YCA2020.WTH,normal_year;nitrogen_stress_year;low_response_year,normal,YCA2020_normal_grid_S0019,pareto_balanced,2020-09-12,256,93,88,"{""sim_day"": 93.0, ""doy"": 256.0, ""topwt"": 15006.768798828123, ""grnwt"": 4976.910705566406, ""xlai"": 3.123968601226806, ""totir"": 0.0, ""tofer"": NaN, ""swfac"": 0.0, ""nstres"": 0.0}",0.0,0.0,15006.768798828123,4976.910705566406,3.123968601226806,0.0,,0.0,0.0,0.0,225.0,8.042645263671872,8.042645263671872,Leave_One_experiments/all_year_offline_schedule_search/daily_outputs/YCA/YCA_2020_YCA2020_normal_grid_S0019_daily.csv
YCA,YCA,Yucheng,2020,Leave_One_experiments\wth_generated_qc\YCA\YCA2020.WTH,normal_year;nitrogen_stress_year;low_response_year,normal,YCA2020_normal_grid_S0019,pareto_balanced,2020-09-13,257,94,89,"{""sim_day"": 94.0, ""doy"": 257.0, ""topwt"": 15196.94091796875, ""grnwt"": 5184.3896484375, ""xlai"": 2.989117383956909, ""totir"": 0.0, ""tofer"": NaN, ""swfac"": 0.0, ""nstres"": 0.0}",0.0,0.0,15196.94091796875,5184.3896484375,2.989117383956909,0.0,,0.0,0.0,0.0,225.0,8.042645263671872,8.042645263671872,Leave_One_experiments/all_year_offline_schedule_search/daily_outputs/YCA/YCA_2020_YCA2020_normal_grid_S0019_daily.csv
YCA,YCA,Yucheng,2020,Leave_One_experiments\wth_generated_qc\YCA\YCA2020.WTH,normal_year;nitrogen_stress_year;low_response_year,normal,YCA2020_normal_grid_S0019,pareto_balanced,2020-09-14,258,95,90,"{""sim_day"": 95.0, ""doy"": 258.0, ""topwt"": 15405.828857421877, ""grnwt"": 5391.868896484375, ""xlai"": 2.839130401611328, ""totir"": 0.0, ""tofer"": NaN, ""swfac"": 0.0, ""nstres"": 0.0}",0.0,0.0,15405.828857421877,5391.868896484375,2.839130401611328,0.0,,0.0,0.0,0.0,225.0,8.042645263671872,8.042645263671872,Leave_One_experiments/all_year_offline_schedule_search/daily_outputs/YCA/YCA_2020_YCA2020_normal_grid_S0019_daily.csv
YCA,YCA,Yucheng,2020,Leave_One_experiments\wth_generated_qc\YCA\YCA2020.WTH,normal_year;nitrogen_stress_year;low_response_year,normal,YCA2020_normal_grid_S0019,pareto_balanced,2020-09-15,259,96,91,"{""sim_day"": 96.0, ""doy"": 259.0, ""topwt"": 15629.205322265623, ""grnwt"": 5599.34814453125, ""xlai"": 2.7149317264556885, ""totir"": 0.0, ""tofer"": NaN, ""swfac"": 0.0, ""nstres"": 0.0}",0.0,0.0,15629.205322265623,5599.34814453125,2.7149317264556885,0.0,,0.0,0.0,0.0,225.0,8.042645263671872,8.042645263671872,Leave_One_experiments/all_year_offline_schedule_search/daily_outputs/YCA/YCA_2020_YCA2020_normal_grid_S0019_daily.csv
YCA,YCA,Yucheng,2020,Leave_One_experiments\wth_generated_qc\YCA\YCA2020.WTH,normal_year;nitrogen_stress_year;low_response_year,normal,YCA2020_normal_grid_S0019,pareto_balanced,2020-09-16,260,97,92,"{""sim_day"": 97.0, ""doy"": 260.0, ""topwt"": 15836.685791015623, ""grnwt"": 5806.827392578125, ""xlai"": 2.5949044227600098, ""totir"": 0.0, ""tofer"": NaN, ""swfac"": 0.0, ""nstres"": 0.0}",0.0,0.0,15836.685791015623,5806.827392578125,2.5949044227600098,0.0,,0.0,0.0,0.0,225.0,8.042645263671872,8.042645263671872,Leave_One_experiments/all_year_offline_schedule_search/daily_outputs/YCA/YCA_2020_YCA2020_normal_grid_S0019_daily.csv
YCA,YCA,Yucheng,2020,Leave_One_experiments\wth_generated_qc\YCA\YCA2020.WTH,normal_year;nitrogen_stress_year;low_response_year,normal,YCA2020_normal_grid_S0019,pareto_balanced,2020-09-17,261,98,93,"{""sim_day"": 98.0, ""doy"": 261.0, ""topwt"": 16044.1650390625, ""grnwt"": 6014.3060302734375, ""xlai"": 2.466903686523437, ""totir"": 0.0, ""tofer"": NaN, ""swfac"": 0.0, ""nstres"": 0.0}",0.0,0.0,16044.1650390625,6014.3060302734375,2.466903686523437,0.0,,0.0,0.0,0.0,225.0,8.042645263671872,8.042645263671872,Leave_One_experiments/all_year_offline_schedule_search/daily_outputs/YCA/YCA_2020_YCA2020_normal_grid_S0019_daily.csv
YCA,YCA,Yucheng,2020,Leave_One_experiments\wth_generated_qc\YCA\YCA2020.WTH,normal_year;nitrogen_stress_year;low_response_year,normal,YCA2020_normal_grid_S0019,pareto_balanced,2020-09-18,262,99,94,"{""sim_day"": 99.0, ""doy"": 262.0, ""topwt"": 16251.644287109377, ""grnwt"": 6221.7852783203125, ""xlai"": 2.3207497596740723, ""totir"": 0.0, ""tofer"": NaN, ""swfac"": 0.0, ""nstres"": 0.0}",0.0,0.0,16251.644287109377,6221.7852783203125,2.3207497596740723,0.0,,0.0,0.0,0.0,225.0,8.042645263671872,8.042645263671872,Leave_One_experiments/all_year_offline_schedule_search/daily_outputs/YCA/YCA_2020_YCA2020_normal_grid_S0019_daily.csv
YCA,YCA,Yucheng,2020,Leave_One_experiments\wth_generated_qc\YCA\YCA2020.WTH,normal_year;nitrogen_stress_year;low_response_year,normal,YCA2020_normal_grid_S0019,pareto_balanced,2020-09-19,263,100,95,"{""sim_day"": 100.0, ""doy"": 263.0, ""topwt"": 16459.12353515625, ""grnwt"": 6429.264526367188, ""xlai"": 2.150513172149658, ""totir"": 0.0, ""tofer"": NaN, ""swfac"": 0.0, ""nstres"": 0.0}",0.0,0.0,16459.12353515625,6429.264526367188,2.150513172149658,0.0,,0.0,0.0,0.0,225.0,8.042645263671872,8.042645263671872,Leave_One_experiments/all_year_offline_schedule_search/daily_outputs/YCA/YCA_2020_YCA2020_normal_grid_S0019_daily.csv
YCA,YCA,Yucheng,2020,Leave_One_experiments\wth_generated_qc\YCA\YCA2020.WTH,normal_year;nitrogen_stress_year;low_response_year,normal,YCA2020_normal_grid_S0019,pareto_balanced,2020-09-20,264,101,96,"{""sim_day"": 101.0, ""doy"": 264.0, ""topwt"": 16459.12353515625, ""grnwt"": 6429.264526367188, ""xlai"": 2.150513172149658, ""totir"": 0.0, ""tofer"": NaN, ""swfac"": 0.0, ""nstres"": 0.0}",0.0,0.0,16459.12353515625,6429.264526367188,2.150513172149658,0.0,,0.0,0.0,0.0,225.0,8.042645263671872,8.042645263671872,Leave_One_experiments/all_year_offline_schedule_search/daily_outputs/YCA/YCA_2020_YCA2020_normal_grid_S0019_daily.csv
YCA,YCA,Yucheng,2020,Leave_One_experiments\wth_generated_qc\YCA\YCA2020.WTH,normal_year;nitrogen_stress_year;low_response_year,normal,YCA2020_normal_grid_S0019,pareto_balanced,2020-09-21,265,102,97,"{""sim_day"": 102.0, ""doy"": 265.0, ""topwt"": 16459.12353515625, ""grnwt"": 6429.264526367188, ""xlai"": 2.150513172149658, ""totir"": 0.0, ""tofer"": NaN, ""swfac"": 0.0, ""nstres"": 0.0}",0.0,0.0,16459.12353515625,6429.264526367188,2.150513172149658,0.0,,0.0,0.0,0.0,225.0,8.042645263671872,8.042645263671872,Leave_One_experiments/all_year_offline_schedule_search/daily_outputs/YCA/YCA_2020_YCA2020_normal_grid_S0019_daily.csv
YCA,YCA,Yucheng,2020,Leave_One_experiments\wth_generated_qc\YCA\YCA2020.WTH,normal_year;nitrogen_stress_year;low_response_year,normal,YCA2020_normal_grid_S0019,pareto_balanced,2020-09-22,266,103,98,"{""sim_day"": 103.0, ""doy"": 266.0, ""topwt"": 16459.12353515625, ""grnwt"": 6429.264526367188, ""xlai"": 2.150513172149658, ""totir"": 0.0, ""tofer"": NaN, ""swfac"": 0.0, ""nstres"": 0.0}",0.0,0.0,16459.12353515625,6429.264526367188,2.150513172149658,0.0,,0.0,0.0,0.0,225.0,8.042645263671872,8.042645263671872,Leave_One_experiments/all_year_offline_schedule_search/daily_outputs/YCA/YCA_2020_YCA2020_normal_grid_S0019_daily.csv
YCA,YCA,Yucheng,2020,Leave_One_experiments\wth_generated_qc\YCA\YCA2020.WTH,normal_year;nitrogen_stress_year;low_response_year,normal,YCA2020_normal_grid_S0019,pareto_balanced,2020-09-23,267,104,99,"{""sim_day"": 104.0, ""doy"": 267.0, ""topwt"": 16459.12353515625, ""grnwt"": 6429.264526367188, ""xlai"": 2.150513172149658, ""totir"": 0.0, ""tofer"": NaN, ""swfac"": 0.0, ""nstres"": 0.0}",0.0,0.0,16459.12353515625,6429.264526367188,2.150513172149658,0.0,,0.0,0.0,0.0,225.0,8.042645263671872,8.042645263671872,Leave_One_experiments/all_year_offline_schedule_search/daily_outputs/YCA/YCA_2020_YCA2020_normal_grid_S0019_daily.csv
YCA,YCA,Yucheng,2020,Leave_One_experiments\wth_generated_qc\YCA\YCA2020.WTH,normal_year;nitrogen_stress_year;low_response_year,normal,YCA2020_normal_grid_S0010,top_profit_low_water,2020-06-17,169,1,1,"{""sim_day"": 1.0, ""doy"": 169.0, ""topwt"": 0.0, ""grnwt"": 0.0, ""xlai"": 0.0, ""totir"": 0.0, ""tofer"": NaN, ""swfac"": 0.0, ""nstres"": 0.0}",0.0,0.0,0.0,0.0,0.0,0.0,,0.0,50.0,0.0,150.0,19.513330078125,19.513330078125,Leave_One_experiments/all_year_offline_schedule_search/daily_outputs/YCA/YCA_2020_YCA2020_normal_grid_S0010_daily.csv
YCA,YCA,Yucheng,2020,Leave_One_experiments\wth_generated_qc\YCA\YCA2020.WTH,normal_year;nitrogen_stress_year;low_response_year,normal,YCA2020_normal_grid_S0010,top_profit_low_water,2020-06-18,170,2,2,"{""sim_day"": 2.0, ""doy"": 170.0, ""topwt"": 0.0, ""grnwt"": 0.0, ""xlai"": 0.0, ""totir"": 0.0, ""tofer"": NaN, ""swfac"": 0.0, ""nstres"": 0.0}",0.0,0.0,0.0,0.0,0.0,0.0,,0.0,0.0,0.0,150.0,19.513330078125,19.513330078125,Leave_One_experiments/all_year_offline_schedule_search/daily_outputs/YCA/YCA_2020_YCA2020_normal_grid_S0010_daily.csv
YCA,YCA,Yucheng,2020,Leave_One_experiments\wth_generated_qc\YCA\YCA2020.WTH,normal_year;nitrogen_stress_year;low_response_year,normal,YCA2020_normal_grid_S0010,top_profit_low_water,2020-06-19,171,3,3,"{""sim_day"": 3.0, ""doy"": 171.0, ""topwt"": 0.0, ""grnwt"": 0.0, ""xlai"": 0.0, ""totir"": 0.0, ""tofer"": NaN, ""swfac"": 0.0, ""nstres"": 0.0}",0.0,0.0,0.0,0.0,0.0,0.0,,0.0,0.0,0.0,150.0,19.513330078125,19.513330078125,Leave_One_experiments/all_year_offline_schedule_search/daily_outputs/YCA/YCA_2020_YCA2020_normal_grid_S0010_daily.csv
YCA,YCA,Yucheng,2020,Leave_One_experiments\wth_generated_qc\YCA\YCA2020.WTH,normal_year;nitrogen_stress_year;low_response_year,normal,YCA2020_normal_grid_S0010,top_profit_low_water,2020-06-20,172,4,4,"{""sim_day"": 4.0, ""doy"": 172.0, ""topwt"": 0.0, ""grnwt"": 0.0, ""xlai"": 0.0, ""totir"": 0.0, ""tofer"": NaN, ""swfac"": 0.0, ""nstres"": 0.0}",0.0,0.0,0.0,0.0,0.0,0.0,,0.0,0.0,0.0,150.0,19.513330078125,19.513330078125,Leave_One_experiments/all_year_offline_schedule_search/daily_outputs/YCA/YCA_2020_YCA2020_normal_grid_S0010_daily.csv
YCA,YCA,Yucheng,2020,Leave_One_experiments\wth_generated_qc\YCA\YCA2020.WTH,normal_year;nitrogen_stress_year;low_response_year,normal,YCA2020_normal_grid_S0010,top_profit_low_water,2020-06-21,173,5,5,"{""sim_day"": 5.0, ""doy"": 173.0, ""topwt"": 0.0, ""grnwt"": 0.0, ""xlai"": 0.0, ""totir"": 0.0, ""tofer"": NaN, ""swfac"": 0.0, ""nstres"": 0.0}",0.0,0.0,0.0,0.0,0.0,0.0,,0.0,0.0,0.0,150.0,19.513330078125,19.513330078125,Leave_One_experiments/all_year_offline_schedule_search/daily_outputs/YCA/YCA_2020_YCA2020_normal_grid_S0010_daily.csv
YCA,YCA,Yucheng,2020,Leave_One_experiments\wth_generated_qc\YCA\YCA2020.WTH,normal_year;nitrogen_stress_year;low_response_year,normal,YCA2020_normal_grid_S0010,top_profit_low_water,2020-06-17,169,6,1,"{""sim_day"": 6.0, ""doy"": 169.0, ""topwt"": 0.0, ""grnwt"": 0.0, ""xlai"": 0.0, ""totir"": 0.0, ""tofer"": NaN, ""swfac"": 0.0, ""nstres"": 0.0}",0.0,0.0,0.0,0.0,0.0,0.0,,0.0,0.0,0.0,150.0,19.513330078125,19.513330078125,Leave_One_experiments/all_year_offline_schedule_search/daily_outputs/YCA/YCA_2020_YCA2020_normal_grid_S0010_daily.csv
YCA,YCA,Yucheng,2020,Leave_One_experiments\wth_generated_qc\YCA\YCA2020.WTH,normal_year;nitrogen_stress_year;low_response_year,normal,YCA2020_normal_grid_S0010,top_profit_low_water,2020-06-18,170,7,2,"{""sim_day"": 7.0, ""doy"": 170.0, ""topwt"": 0.0, ""grnwt"": 0.0, ""xlai"": 0.0, ""totir"": 0.0, ""tofer"": NaN, ""swfac"": 0.0, ""nstres"": 0.0}",0.0,0.0,0.0,0.0,0.0,0.0,,0.0,0.0,0.0,150.0,19.513330078125,19.513330078125,Leave_One_experiments/all_year_offline_schedule_search/daily_outputs/YCA/YCA_2020_YCA2020_normal_grid_S0010_daily.csv
YCA,YCA,Yucheng,2020,Leave_One_experiments\wth_generated_qc\YCA\YCA2020.WTH,normal_year;nitrogen_stress_year;low_response_year,normal,YCA2020_normal_grid_S0010,top_profit_low_water,2020-06-19,171,8,3,"{""sim_day"": 8.0, ""doy"": 171.0, ""topwt"": 0.0, ""grnwt"": 0.0, ""xlai"": 0.0, ""totir"": 0.0, ""tofer"": NaN, ""swfac"": 0.0, ""nstres"": 0.0}",0.0,0.0,0.0,0.0,0.0,0.0,,0.0,0.0,0.0,150.0,19.513330078125,19.513330078125,Leave_One_experiments/all_year_offline_schedule_search/daily_outputs/YCA/YCA_2020_YCA2020_normal_grid_S0010_daily.csv
YCA,YCA,Yucheng,2020,Leave_One_experiments\wth_generated_qc\YCA\YCA2020.WTH,normal_year;nitrogen_stress_year;low_response_year,normal,YCA2020_normal_grid_S0010,top_profit_low_water,2020-06-20,172,9,4,"{""sim_day"": 9.0, ""doy"": 172.0, ""topwt"": 0.0, ""grnwt"": 0.0, ""xlai"": 0.0, ""totir"": 0.0, ""tofer"": NaN, ""swfac"": 0.0, ""nstres"": 0.0}",0.0,0.0,0.0,0.0,0.0,0.0,,0.0,0.0,0.0,150.0,19.513330078125,19.513330078125,Leave_One_experiments/all_year_offline_schedule_search/daily_outputs/YCA/YCA_2020_YCA2020_normal_grid_S0010_daily.csv
YCA,YCA,Yucheng,2020,Leave_One_experiments\wth_generated_qc\YCA\YCA2020.WTH,normal_year;nitrogen_stress_year;low_response_year,normal,YCA2020_normal_grid_S0010,top_profit_low_water,2020-06-21,173,10,5,"{""sim_day"": 10.0, ""doy"": 173.0, ""topwt"": 26.400001049041748, ""grnwt"": 0.0, ""xlai"": 0.0050107496790587, ""totir"": 0.0, ""tofer"": NaN, ""swfac"": 0.0, ""nstres"": 0.0121910572052001}",0.0,0.0121910572052001,26.400001049041748,0.0,0.0050107496790587,0.0,,0.0,0.0,0.0,150.0,19.513330078125,19.513330078125,Leave_One_experiments/all_year_offline_schedule_search/daily_outputs/YCA/YCA_2020_YCA2020_normal_grid_S0010_daily.csv
YCA,YCA,Yucheng,2020,Leave_One_experiments\wth_generated_qc\YCA\YCA2020.WTH,normal_year;nitrogen_stress_year;low_response_year,normal,YCA2020_normal_grid_S0010,top_profit_low_water,2020-06-22,174,11,6,"{""sim_day"": 11.0, ""doy"": 174.0, ""topwt"": 26.400001049041748, ""grnwt"": 0.0, ""xlai"": 0.0092227151617407, ""totir"": 0.0, ""tofer"": NaN, ""swfac"": 0.0, ""nstres"": 0.0139694213867187}",0.0,0.0139694213867187,26.400001049041748,0.0,0.0092227151617407,0.0,,0.0,0.0,0.0,150.0,19.513330078125,19.513330078125,Leave_One_experiments/all_year_offline_schedule_search/daily_outputs/YCA/YCA_2020_YCA2020_normal_grid_S0010_daily.csv
YCA,YCA,Yucheng,2020,Leave_One_experiments\wth_generated_qc\YCA\YCA2020.WTH,normal_year;nitrogen_stress_year;low_response_year,normal,YCA2020_normal_grid_S0010,top_profit_low_water,2020-06-23,175,12,7,"{""sim_day"": 12.0, ""doy"": 175.0, ""topwt"": 26.400001049041748, ""grnwt"": 0.0, ""xlai"": 0.0144135067239403, ""totir"": 0.0, ""tofer"": NaN, ""swfac"": 0.0, ""nstres"": 0.0075634717941284}",0.0,0.0075634717941284,26.400001049041748,0.0,0.0144135067239403,0.0,,0.0,0.0,0.0,150.0,19.513330078125,19.513330078125,Leave_One_experiments/all_year_offline_schedule_search/daily_outputs/YCA/YCA_2020_YCA2020_normal_grid_S0010_daily.csv
YCA,YCA,Yucheng,2020,Leave_One_experiments\wth_generated_qc\YCA\YCA2020.WTH,normal_year;nitrogen_stress_year;low_response_year,normal,YCA2020_normal_grid_S0010,top_profit_low_water,2020-06-24,176,13,8,"{""sim_day"": 13.0, ""doy"": 176.0, ""topwt"": 26.400001049041748, ""grnwt"": 0.0, ""xlai"": 0.0206701513379812, ""totir"": 0.0, ""tofer"": NaN, ""swfac"": 0.0, ""nstres"": 0.0005924701690673}",0.0,0.0005924701690673,26.400001049041748,0.0,0.0206701513379812,0.0,,0.0,0.0,0.0,150.0,19.513330078125,19.513330078125,Leave_One_experiments/all_year_offline_schedule_search/daily_outputs/YCA/YCA_2020_YCA2020_normal_grid_S0010_daily.csv
YCA,YCA,Yucheng,2020,Leave_One_experiments\wth_generated_qc\YCA\YCA2020.WTH,normal_year;nitrogen_stress_year;low_response_year,normal,YCA2020_normal_grid_S0010,top_profit_low_water,2020-06-25,177,14,9,"{""sim_day"": 14.0, ""doy"": 177.0, ""topwt"": 26.400001049041748, ""grnwt"": 0.0, ""xlai"": 0.0423786640167236, ""totir"": 0.0, ""tofer"": NaN, ""swfac"": 0.0, ""nstres"": 0.0}",0.0,0.0,26.400001049041748,0.0,0.0423786640167236,0.0,,0.0,0.0,0.0,150.0,19.513330078125,19.513330078125,Leave_One_experiments/all_year_offline_schedule_search/daily_outputs/YCA/YCA_2020_YCA2020_normal_grid_S0010_daily.csv
YCA,YCA,Yucheng,2020,Leave_One_experiments\wth_generated_qc\YCA\YCA2020.WTH,normal_year;nitrogen_stress_year;low_response_year,normal,YCA2020_normal_grid_S0010,top_profit_low_water,2020-06-26,178,15,10,"{""sim_day"": 15.0, ""doy"": 178.0, ""topwt"": 37.94640779495239, ""grnwt"": 0.0, ""xlai"": 0.0748343840241432, ""totir"": 0.0, ""tofer"": NaN, ""swfac"": 0.0, ""nstres"": 0.0}",0.0,0.0,37.94640779495239,0.0,0.0748343840241432,0.0,,0.0,0.0,0.0,150.0,19.513330078125,19.513330078125,Leave_One_experiments/all_year_offline_schedule_search/daily_outputs/YCA/YCA_2020_YCA2020_normal_grid_S0010_daily.csv
YCA,YCA,Yucheng,2020,Leave_One_experiments\wth_generated_qc\YCA\YCA2020.WTH,normal_year;nitrogen_stress_year;low_response_year,normal,YCA2020_normal_grid_S0010,top_profit_low_water,2020-06-27,179,16,11,"{""sim_day"": 16.0, ""doy"": 179.0, ""topwt"": 53.88497829437256, ""grnwt"": 0.0, ""xlai"": 0.1111923828721046, ""totir"": 0.0, ""tofer"": NaN, ""swfac"": 0.0, ""nstres"": 0.0}",0.0,0.0,53.88497829437256,0.0,0.1111923828721046,0.0,,0.0,0.0,0.0,150.0,19.513330078125,19.513330078125,Leave_One_experiments/all_year_offline_schedule_search/daily_outputs/YCA/YCA_2020_YCA2020_normal_grid_S0010_daily.csv
YCA,YCA,Yucheng,2020,Leave_One_experiments\wth_generated_qc\YCA\YCA2020.WTH,normal_year;nitrogen_stress_year;low_response_year,normal,YCA2020_normal_grid_S0010,top_profit_low_water,2020-06-28,180,17,12,"{""sim_day"": 17.0, ""doy"": 180.0, ""topwt"": 71.14126205444336, ""grnwt"": 0.0, ""xlai"": 0.1473112553358078, ""totir"": 0.0, ""tofer"": NaN, ""swfac"": 0.0, ""nstres"": 0.0}",0.0,0.0,71.14126205444336,0.0,0.1473112553358078,0.0,,0.0,0.0,0.0,150.0,19.513330078125,19.513330078125,Leave_One_experiments/all_year_offline_schedule_search/daily_outputs/YCA/YCA_2020_YCA2020_normal_grid_S0010_daily.csv
YCA,YCA,Yucheng,2020,Leave_One_experiments\wth_generated_qc\YCA\YCA2020.WTH,normal_year;nitrogen_stress_year;low_response_year,normal,YCA2020_normal_grid_S0010,top_profit_low_water,2020-06-29,181,18,13,"{""sim_day"": 18.0, ""doy"": 181.0, ""topwt"": 90.18563270568848, ""grnwt"": 0.0, ""xlai"": 0.1846438944339752, ""totir"": 0.0, ""tofer"": NaN, ""swfac"": 0.0, ""nstres"": 0.0}",0.0,0.0,90.18563270568848,0.0,0.1846438944339752,0.0,,0.0,0.0,0.0,150.0,19.513330078125,19.513330078125,Leave_One_experiments/all_year_offline_schedule_search/daily_outputs/YCA/YCA_2020_YCA2020_normal_grid_S0010_daily.csv
YCA,YCA,Yucheng,2020,Leave_One_experiments\wth_generated_qc\YCA\YCA2020.WTH,normal_year;nitrogen_stress_year;low_response_year,normal,YCA2020_normal_grid_S0010,top_profit_low_water,2020-06-30,182,19,14,"{""sim_day"": 19.0, ""doy"": 182.0, ""topwt"": 117.18241691589355, ""grnwt"": 0.0, ""xlai"": 0.2344353944063186, ""totir"": 0.0, ""tofer"": NaN, ""swfac"": 0.0, ""nstres"": 0.0}",0.0,0.0,117.18241691589355,0.0,0.2344353944063186,0.0,,0.0,0.0,0.0,150.0,19.513330078125,19.513330078125,Leave_One_experiments/all_year_offline_schedule_search/daily_outputs/YCA/YCA_2020_YCA2020_normal_grid_S0010_daily.csv
YCA,YCA,Yucheng,2020,Leave_One_experiments\wth_generated_qc\YCA\YCA2020.WTH,normal_year;nitrogen_stress_year;low_response_year,normal,YCA2020_normal_grid_S0010,top_profit_low_water,2020-07-01,183,20,15,"{""sim_day"": 20.0, ""doy"": 183.0, ""topwt"": 146.91804885864258, ""grnwt"": 0.0, ""xlai"": 0.2862234711647033, ""totir"": 0.0, ""tofer"": NaN, ""swfac"": 0.0, ""nstres"": 0.0}",0.0,0.0,146.91804885864258,0.0,0.2862234711647033,0.0,,0.0,0.0,0.0,150.0,19.513330078125,19.513330078125,Leave_One_experiments/all_year_offline_schedule_search/daily_outputs/YCA/YCA_2020_YCA2020_normal_grid_S0010_daily.csv
YCA,YCA,Yucheng,2020,Leave_One_experiments\wth_generated_qc\YCA\YCA2020.WTH,normal_year;nitrogen_stress_year;low_response_year,normal,YCA2020_normal_grid_S0010,top_profit_low_water,2020-07-02,184,21,16,"{""sim_day"": 21.0, ""doy"": 184.0, ""topwt"": 159.08461570739746, ""grnwt"": 0.0, ""xlai"": 0.3275198340415954, ""totir"": 0.0, ""tofer"": NaN, ""swfac"": 0.0, ""nstres"": 0.0}",0.0,0.0,159.08461570739746,0.0,0.3275198340415954,0.0,,0.0,0.0,0.0,150.0,19.513330078125,19.513330078125,Leave_One_experiments/all_year_offline_schedule_search/daily_outputs/YCA/YCA_2020_YCA2020_normal_grid_S0010_daily.csv
YCA,YCA,Yucheng,2020,Leave_One_experiments\wth_generated_qc\YCA\YCA2020.WTH,normal_year;nitrogen_stress_year;low_response_year,normal,YCA2020_normal_grid_S0010,top_profit_low_water,2020-07-03,185,22,17,"{""sim_day"": 22.0, ""doy"": 185.0, ""topwt"": 206.81795120239255, ""grnwt"": 0.0, ""xlai"": 0.3838387429714203, ""totir"": 0.0, ""tofer"": NaN, ""swfac"": 0.0, ""nstres"": 0.0}",0.0,0.0,206.81795120239255,0.0,0.3838387429714203,0.0,,0.0,0.0,0.0,150.0,19.513330078125,19.513330078125,Leave_One_experiments/all_year_offline_schedule_search/daily_outputs/YCA/YCA_2020_YCA2020_normal_grid_S0010_daily.csv
YCA,YCA,Yucheng,2020,Leave_One_experiments\wth_generated_qc\YCA\YCA2020.WTH,normal_year;nitrogen_stress_year;low_response_year,normal,YCA2020_normal_grid_S0010,top_profit_low_water,2020-07-04,186,23,18,"{""sim_day"": 23.0, ""doy"": 186.0, ""topwt"": 246.43386840820312, ""grnwt"": 0.0, ""xlai"": 0.4751189351081848, ""totir"": 0.0, ""tofer"": NaN, ""swfac"": 0.0, ""nstres"": 0.0}",0.0,0.0,246.43386840820312,0.0,0.4751189351081848,0.0,,0.0,0.0,0.0,150.0,19.513330078125,19.513330078125,Leave_One_experiments/all_year_offline_schedule_search/daily_outputs/YCA/YCA_2020_YCA2020_normal_grid_S0010_daily.csv
YCA,YCA,Yucheng,2020,Leave_One_experiments\wth_generated_qc\YCA\YCA2020.WTH,normal_year;nitrogen_stress_year;low_response_year,normal,YCA2020_normal_grid_S0010,top_profit_low_water,2020-07-05,187,24,19,"{""sim_day"": 24.0, ""doy"": 187.0, ""topwt"": 312.8407096862793, ""grnwt"": 0.0, ""xlai"": 0.579434335231781, ""totir"": 0.0, ""tofer"": NaN, ""swfac"": 0.0, ""nstres"": 0.0004795789718627}",0.0,0.0004795789718627,312.8407096862793,0.0,0.579434335231781,0.0,,0.0,0.0,0.0,150.0,19.513330078125,19.513330078125,Leave_One_experiments/all_year_offline_schedule_search/daily_outputs/YCA/YCA_2020_YCA2020_normal_grid_S0010_daily.csv
YCA,YCA,Yucheng,2020,Leave_One_experiments\wth_generated_qc\YCA\YCA2020.WTH,normal_year;nitrogen_stress_year;low_response_year,normal,YCA2020_normal_grid_S0010,top_profit_low_water,2020-07-06,188,25,20,"{""sim_day"": 25.0, ""doy"": 188.0, ""topwt"": 393.6257553100586, ""grnwt"": 0.0, ""xlai"": 0.6999363899230957, ""totir"": 0.0, ""tofer"": NaN, ""swfac"": 0.0, ""nstres"": 0.0}",0.0,0.0,393.6257553100586,0.0,0.6999363899230957,0.0,,0.0,0.0,0.0,150.0,19.513330078125,19.513330078125,Leave_One_experiments/all_year_offline_schedule_search/daily_outputs/YCA/YCA_2020_YCA2020_normal_grid_S0010_daily.csv
YCA,YCA,Yucheng,2020,Leave_One_experiments\wth_generated_qc\YCA\YCA2020.WTH,normal_year;nitrogen_stress_year;low_response_year,normal,YCA2020_normal_grid_S0010,top_profit_low_water,2020-07-07,189,26,21,"{""sim_day"": 26.0, ""doy"": 189.0, ""topwt"": 488.3733367919922, ""grnwt"": 0.0, ""xlai"": 0.8345100283622742, ""totir"": 0.0, ""tofer"": NaN, ""swfac"": 0.0, ""nstres"": 0.0}",0.0,0.0,488.3733367919922,0.0,0.8345100283622742,0.0,,0.0,0.0,0.0,150.0,19.513330078125,19.513330078125,Leave_One_experiments/all_year_offline_schedule_search/daily_outputs/YCA/YCA_2020_YCA2020_normal_grid_S0010_daily.csv
YCA,YCA,Yucheng,2020,Leave_One_experiments\wth_generated_qc\YCA\YCA2020.WTH,normal_year;nitrogen_stress_year;low_response_year,normal,YCA2020_normal_grid_S0010,top_profit_low_water,2020-07-08,190,27,22,"{""sim_day"": 27.0, ""doy"": 190.0, ""topwt"": 549.672737121582, ""grnwt"": 0.0, ""xlai"": 0.918173611164093, ""totir"": 0.0, ""tofer"": NaN, ""swfac"": 0.0, ""nstres"": 0.0}",0.0,0.0,549.672737121582,0.0,0.918173611164093,0.0,,0.0,0.0,0.0,150.0,19.513330078125,19.513330078125,Leave_One_experiments/all_year_offline_schedule_search/daily_outputs/YCA/YCA_2020_YCA2020_normal_grid_S0010_daily.csv
YCA,YCA,Yucheng,2020,Leave_One_experiments\wth_generated_qc\YCA\YCA2020.WTH,normal_year;nitrogen_stress_year;low_response_year,normal,YCA2020_normal_grid_S0010,top_profit_low_water,2020-07-09,191,28,23,"{""sim_day"": 28.0, ""doy"": 191.0, ""topwt"": 647.8479766845703, ""grnwt"": 0.0, ""xlai"": 1.048485279083252, ""totir"": 0.0, ""tofer"": NaN, ""swfac"": 0.0, ""nstres"": 0.0}",0.0,0.0,647.8479766845703,0.0,1.048485279083252,0.0,,0.0,0.0,0.0,150.0,19.513330078125,19.513330078125,Leave_One_experiments/all_year_offline_schedule_search/daily_outputs/YCA/YCA_2020_YCA2020_normal_grid_S0010_daily.csv
YCA,YCA,Yucheng,2020,Leave_One_experiments\wth_generated_qc\YCA\YCA2020.WTH,normal_year;nitrogen_stress_year;low_response_year,normal,YCA2020_normal_grid_S0010,top_profit_low_water,2020-07-10,192,29,24,"{""sim_day"": 29.0, ""doy"": 192.0, ""topwt"": 746.4664459228516, ""grnwt"": 0.0, ""xlai"": 1.1717243194580078, ""totir"": 0.0, ""tofer"": NaN, ""swfac"": 0.0, ""nstres"": 0.0}",0.0,0.0,746.4664459228516,0.0,1.1717243194580078,0.0,,0.0,0.0,0.0,150.0,19.513330078125,19.513330078125,Leave_One_experiments/all_year_offline_schedule_search/daily_outputs/YCA/YCA_2020_YCA2020_normal_grid_S0010_daily.csv
YCA,YCA,Yucheng,2020,Leave_One_experiments\wth_generated_qc\YCA\YCA2020.WTH,normal_year;nitrogen_stress_year;low_response_year,normal,YCA2020_normal_grid_S0010,top_profit_low_water,2020-07-11,193,30,25,"{""sim_day"": 30.0, ""doy"": 193.0, ""topwt"": 851.563720703125, ""grnwt"": 0.0, ""xlai"": 1.3069082498550415, ""totir"": 0.0, ""tofer"": NaN, ""swfac"": 0.0, ""nstres"": 0.0}",0.0,0.0,851.563720703125,0.0,1.3069082498550415,0.0,,0.0,0.0,0.0,150.0,19.513330078125,19.513330078125,Leave_One_experiments/all_year_offline_schedule_search/daily_outputs/YCA/YCA_2020_YCA2020_normal_grid_S0010_daily.csv
YCA,YCA,Yucheng,2020,Leave_One_experiments\wth_generated_qc\YCA\YCA2020.WTH,normal_year;nitrogen_stress_year;low_response_year,normal,YCA2020_normal_grid_S0010,top_profit_low_water,2020-07-12,194,31,26,"{""sim_day"": 31.0, ""doy"": 194.0, ""topwt"": 981.4788818359376, ""grnwt"": 0.0, ""xlai"": 1.4670406579971311, ""totir"": 0.0, ""tofer"": NaN, ""swfac"": 0.0, ""nstres"": 0.0}",0.0,0.0,981.4788818359376,0.0,1.4670406579971311,0.0,,0.0,0.0,0.0,150.0,19.513330078125,19.513330078125,Leave_One_experiments/all_year_offline_schedule_search/daily_outputs/YCA/YCA_2020_YCA2020_normal_grid_S0010_daily.csv
YCA,YCA,Yucheng,2020,Leave_One_experiments\wth_generated_qc\YCA\YCA2020.WTH,normal_year;nitrogen_stress_year;low_response_year,normal,YCA2020_normal_grid_S0010,top_profit_low_water,2020-07-13,195,32,27,"{""sim_day"": 32.0, ""doy"": 195.0, ""topwt"": 1121.3033294677734, ""grnwt"": 0.0, ""xlai"": 1.631216526031494, ""totir"": 0.0, ""tofer"": NaN, ""swfac"": 0.0, ""nstres"": 0.0}",0.0,0.0,1121.3033294677734,0.0,1.631216526031494,0.0,,0.0,0.0,0.0,150.0,19.513330078125,19.513330078125,Leave_One_experiments/all_year_offline_schedule_search/daily_outputs/YCA/YCA_2020_YCA2020_normal_grid_S0010_daily.csv
YCA,YCA,Yucheng,2020,Leave_One_experiments\wth_generated_qc\YCA\YCA2020.WTH,normal_year;nitrogen_stress_year;low_response_year,normal,YCA2020_normal_grid_S0010,top_profit_low_water,2020-07-14,196,33,28,"{""sim_day"": 33.0, ""doy"": 196.0, ""topwt"": 1280.8816528320312, ""grnwt"": 0.0, ""xlai"": 1.8085274696350095, ""totir"": 0.0, ""tofer"": NaN, ""swfac"": 0.0, ""nstres"": 0.0}",0.0,0.0,1280.8816528320312,0.0,1.8085274696350095,0.0,,0.0,0.0,0.0,150.0,19.513330078125,19.513330078125,Leave_One_experiments/all_year_offline_schedule_search/daily_outputs/YCA/YCA_2020_YCA2020_normal_grid_S0010_daily.csv
YCA,YCA,Yucheng,2020,Leave_One_experiments\wth_generated_qc\YCA\YCA2020.WTH,normal_year;nitrogen_stress_year;low_response_year,normal,YCA2020_normal_grid_S0010,top_profit_low_water,2020-07-15,197,34,29,"{""sim_day"": 34.0, ""doy"": 197.0, ""topwt"": 1457.206573486328, ""grnwt"": 0.0, ""xlai"": 1.992747187614441, ""totir"": 0.0, ""tofer"": NaN, ""swfac"": 0.0, ""nstres"": 0.0}",0.0,0.0,1457.206573486328,0.0,1.992747187614441,0.0,,0.0,0.0,0.0,150.0,19.513330078125,19.513330078125,Leave_One_experiments/all_year_offline_schedule_search/daily_outputs/YCA/YCA_2020_YCA2020_normal_grid_S0010_daily.csv
YCA,YCA,Yucheng,2020,Leave_One_experiments\wth_generated_qc\YCA\YCA2020.WTH,normal_year;nitrogen_stress_year;low_response_year,normal,YCA2020_normal_grid_S0010,top_profit_low_water,2020-07-16,198,35,30,"{""sim_day"": 35.0, ""doy"": 198.0, ""topwt"": 1641.4968872070312, ""grnwt"": 0.0, ""xlai"": 2.173285961151123, ""totir"": 0.0, ""tofer"": NaN, ""swfac"": 0.0, ""nstres"": 0.0}",0.0,0.0,1641.4968872070312,0.0,2.173285961151123,0.0,,0.0,50.0,0.0,150.0,19.513330078125,19.513330078125,Leave_One_experiments/all_year_offline_schedule_search/daily_outputs/YCA/YCA_2020_YCA2020_normal_grid_S0010_daily.csv
YCA,YCA,Yucheng,2020,Leave_One_experiments\wth_generated_qc\YCA\YCA2020.WTH,normal_year;nitrogen_stress_year;low_response_year,normal,YCA2020_normal_grid_S0010,top_profit_low_water,2020-07-17,199,36,31,"{""sim_day"": 36.0, ""doy"": 199.0, ""topwt"": 1821.519775390625, ""grnwt"": 0.0, ""xlai"": 2.338996648788452, ""totir"": 0.0, ""tofer"": NaN, ""swfac"": 0.0, ""nstres"": 0.0}",0.0,0.0,1821.519775390625,0.0,2.338996648788452,0.0,,0.0,0.0,0.0,150.0,19.513330078125,19.513330078125,Leave_One_experiments/all_year_offline_schedule_search/daily_outputs/YCA/YCA_2020_YCA2020_normal_grid_S0010_daily.csv
YCA,YCA,Yucheng,2020,Leave_One_experiments\wth_generated_qc\YCA\YCA2020.WTH,normal_year;nitrogen_stress_year;low_response_year,normal,YCA2020_normal_grid_S0010,top_profit_low_water,2020-07-18,200,37,32,"{""sim_day"": 37.0, ""doy"": 200.0, ""topwt"": 2014.0316772460935, ""grnwt"": 0.0, ""xlai"": 2.5052707195281982, ""totir"": 0.0, ""tofer"": NaN, ""swfac"": 0.0, ""nstres"": 0.0}",0.0,0.0,2014.0316772460935,0.0,2.5052707195281982,0.0,,0.0,0.0,0.0,150.0,19.513330078125,19.513330078125,Leave_One_experiments/all_year_offline_schedule_search/daily_outputs/YCA/YCA_2020_YCA2020_normal_grid_S0010_daily.csv
YCA,YCA,Yucheng,2020,Leave_One_experiments\wth_generated_qc\YCA\YCA2020.WTH,normal_year;nitrogen_stress_year;low_response_year,normal,YCA2020_normal_grid_S0010,top_profit_low_water,2020-07-19,201,38,33,"{""sim_day"": 38.0, ""doy"": 201.0, ""topwt"": 2228.540344238281, ""grnwt"": 0.0, ""xlai"": 2.6783854961395264, ""totir"": 0.0, ""tofer"": NaN, ""swfac"": 0.0, ""nstres"": 0.0}",0.0,0.0,2228.540344238281,0.0,2.6783854961395264,0.0,,0.0,0.0,0.0,150.0,19.513330078125,19.513330078125,Leave_One_experiments/all_year_offline_schedule_search/daily_outputs/YCA/YCA_2020_YCA2020_normal_grid_S0010_daily.csv
YCA,YCA,Yucheng,2020,Leave_One_experiments\wth_generated_qc\YCA\YCA2020.WTH,normal_year;nitrogen_stress_year;low_response_year,normal,YCA2020_normal_grid_S0010,top_profit_low_water,2020-07-20,202,39,34,"{""sim_day"": 39.0, ""doy"": 202.0, ""topwt"": 2462.0584106445312, ""grnwt"": 0.0, ""xlai"": 2.8539867401123047, ""totir"": 0.0, ""tofer"": NaN, ""swfac"": 0.0, ""nstres"": 0.0}",0.0,0.0,2462.0584106445312,0.0,2.8539867401123047,0.0,,0.0,0.0,0.0,150.0,19.513330078125,19.513330078125,Leave_One_experiments/all_year_offline_schedule_search/daily_outputs/YCA/YCA_2020_YCA2020_normal_grid_S0010_daily.csv
YCA,YCA,Yucheng,2020,Leave_One_experiments\wth_generated_qc\YCA\YCA2020.WTH,normal_year;nitrogen_stress_year;low_response_year,normal,YCA2020_normal_grid_S0010,top_profit_low_water,2020-07-21,203,40,35,"{""sim_day"": 40.0, ""doy"": 203.0, ""topwt"": 2639.795227050781, ""grnwt"": 0.0, ""xlai"": 2.978938579559326, ""totir"": 0.0, ""tofer"": NaN, ""swfac"": 0.0, ""nstres"": 0.0}",0.0,0.0,2639.795227050781,0.0,2.978938579559326,0.0,,0.0,0.0,0.0,150.0,19.513330078125,19.513330078125,Leave_One_experiments/all_year_offline_schedule_search/daily_outputs/YCA/YCA_2020_YCA2020_normal_grid_S0010_daily.csv
YCA,YCA,Yucheng,2020,Leave_One_experiments\wth_generated_qc\YCA\YCA2020.WTH,normal_year;nitrogen_stress_year;low_response_year,normal,YCA2020_normal_grid_S0010,top_profit_low_water,2020-07-22,204,41,36,"{""sim_day"": 41.0, ""doy"": 204.0, ""topwt"": 2888.296203613281, ""grnwt"": 0.0, ""xlai"": 3.1425118446350098, ""totir"": 0.0, ""tofer"": NaN, ""swfac"": 0.0, ""nstres"": 0.0}",0.0,0.0,2888.296203613281,0.0,3.1425118446350098,0.0,,0.0,0.0,0.0,150.0,19.513330078125,19.513330078125,Leave_One_experiments/all_year_offline_schedule_search/daily_outputs/YCA/YCA_2020_YCA2020_normal_grid_S0010_daily.csv
YCA,YCA,Yucheng,2020,Leave_One_experiments\wth_generated_qc\YCA\YCA2020.WTH,normal_year;nitrogen_stress_year;low_response_year,normal,YCA2020_normal_grid_S0010,top_profit_low_water,2020-07-23,205,42,37,"{""sim_day"": 42.0, ""doy"": 205.0, ""topwt"": 3178.788452148437, ""grnwt"": 0.0, ""xlai"": 3.3201916217803955, ""totir"": 0.0, ""tofer"": NaN, ""swfac"": 0.0, ""nstres"": 0.0}",0.0,0.0,3178.788452148437,0.0,3.3201916217803955,0.0,,0.0,0.0,0.0,150.0,19.513330078125,19.513330078125,Leave_One_experiments/all_year_offline_schedule_search/daily_outputs/YCA/YCA_2020_YCA2020_normal_grid_S0010_daily.csv
YCA,YCA,Yucheng,2020,Leave_One_experiments\wth_generated_qc\YCA\YCA2020.WTH,normal_year;nitrogen_stress_year;low_response_year,normal,YCA2020_normal_grid_S0010,top_profit_low_water,2020-07-24,206,43,38,"{""sim_day"": 43.0, ""doy"": 206.0, ""topwt"": 3428.7240600585938, ""grnwt"": 0.0, ""xlai"": 3.4624061584472656, ""totir"": 0.0, ""tofer"": NaN, ""swfac"": 0.0, ""nstres"": 0.0}",0.0,0.0,3428.7240600585938,0.0,3.4624061584472656,0.0,,0.0,0.0,0.0,150.0,19.513330078125,19.513330078125,Leave_One_experiments/all_year_offline_schedule_search/daily_outputs/YCA/YCA_2020_YCA2020_normal_grid_S0010_daily.csv
YCA,YCA,Yucheng,2020,Leave_One_experiments\wth_generated_qc\YCA\YCA2020.WTH,normal_year;nitrogen_stress_year;low_response_year,normal,YCA2020_normal_grid_S0010,top_profit_low_water,2020-07-25,207,44,39,"{""sim_day"": 44.0, ""doy"": 207.0, ""topwt"": 3498.4503173828125, ""grnwt"": 0.0, ""xlai"": 3.499666690826416, ""totir"": 0.0, ""tofer"": NaN, ""swfac"": 0.0, ""nstres"": 0.0}",0.0,0.0,3498.4503173828125,0.0,3.499666690826416,0.0,,0.0,0.0,0.0,150.0,19.513330078125,19.513330078125,Leave_One_experiments/all_year_offline_schedule_search/daily_outputs/YCA/YCA_2020_YCA2020_normal_grid_S0010_daily.csv
YCA,YCA,Yucheng,2020,Leave_One_experiments\wth_generated_qc\YCA\YCA2020.WTH,normal_year;nitrogen_stress_year;low_response_year,normal,YCA2020_normal_grid_S0010,top_profit_low_water,2020-07-26,208,45,40,"{""sim_day"": 45.0, ""doy"": 208.0, ""topwt"": 3751.0281372070312, ""grnwt"": 0.0, ""xlai"": 3.623063564300537, ""totir"": 0.0, ""tofer"": NaN, ""swfac"": 0.0, ""nstres"": 0.0092263221740722}",0.0,0.0092263221740722,3751.0281372070312,0.0,3.623063564300537,0.0,,0.0,0.0,0.0,150.0,19.513330078125,19.513330078125,Leave_One_experiments/all_year_offline_schedule_search/daily_outputs/YCA/YCA_2020_YCA2020_normal_grid_S0010_daily.csv
YCA,YCA,Yucheng,2020,Leave_One_experiments\wth_generated_qc\YCA\YCA2020.WTH,normal_year;nitrogen_stress_year;low_response_year,normal,YCA2020_normal_grid_S0010,top_profit_low_water,2020-07-27,209,46,41,"{""sim_day"": 46.0, ""doy"": 209.0, ""topwt"": 4116.7755126953125, ""grnwt"": 0.0, ""xlai"": 3.791807413101196, ""totir"": 0.0, ""tofer"": NaN, ""swfac"": 0.0, ""nstres"": 0.0072424411773681}",0.0,0.0072424411773681,4116.7755126953125,0.0,3.791807413101196,0.0,,0.0,0.0,0.0,150.0,19.513330078125,19.513330078125,Leave_One_experiments/all_year_offline_schedule_search/daily_outputs/YCA/YCA_2020_YCA2020_normal_grid_S0010_daily.csv
YCA,YCA,Yucheng,2020,Leave_One_experiments\wth_generated_qc\YCA\YCA2020.WTH,normal_year;nitrogen_stress_year;low_response_year,normal,YCA2020_normal_grid_S0010,top_profit_low_water,2020-07-28,210,47,42,"{""sim_day"": 47.0, ""doy"": 210.0, ""topwt"": 4514.0924072265625, ""grnwt"": 0.0, ""xlai"": 3.950641632080078, ""totir"": 0.0, ""tofer"": NaN, ""swfac"": 0.0, ""nstres"": 0.0293080806732177}",0.0,0.0293080806732177,4514.0924072265625,0.0,3.950641632080078,0.0,,0.0,0.0,0.0,150.0,19.513330078125,19.513330078125,Leave_One_experiments/all_year_offline_schedule_search/daily_outputs/YCA/YCA_2020_YCA2020_normal_grid_S0010_daily.csv
YCA,YCA,Yucheng,2020,Leave_One_experiments\wth_generated_qc\YCA\YCA2020.WTH,normal_year;nitrogen_stress_year;low_response_year,normal,YCA2020_normal_grid_S0010,top_profit_low_water,2020-07-29,211,48,43,"{""sim_day"": 48.0, ""doy"": 211.0, ""topwt"": 4910.33203125, ""grnwt"": 0.0, ""xlai"": 4.079193592071533, ""totir"": 0.0, ""tofer"": NaN, ""swfac"": 0.0, ""nstres"": 0.0617483258247375}",0.0,0.0617483258247375,4910.33203125,0.0,4.079193592071533,0.0,,0.0,0.0,0.0,150.0,19.513330078125,19.513330078125,Leave_One_experiments/all_year_offline_schedule_search/daily_outputs/YCA/YCA_2020_YCA2020_normal_grid_S0010_daily.csv
YCA,YCA,Yucheng,2020,Leave_One_experiments\wth_generated_qc\YCA\YCA2020.WTH,normal_year;nitrogen_stress_year;low_response_year,normal,YCA2020_normal_grid_S0010,top_profit_low_water,2020-07-30,212,49,44,"{""sim_day"": 49.0, ""doy"": 212.0, ""topwt"": 5314.2816162109375, ""grnwt"": 0.0, ""xlai"": 4.225571155548096, ""totir"": 0.0, ""tofer"": NaN, ""swfac"": 0.0, ""nstres"": 0.091958999633789}",0.0,0.091958999633789,5314.2816162109375,0.0,4.225571155548096,0.0,,0.0,0.0,0.0,150.0,19.513330078125,19.513330078125,Leave_One_experiments/all_year_offline_schedule_search/daily_outputs/YCA/YCA_2020_YCA2020_normal_grid_S0010_daily.csv
YCA,YCA,Yucheng,2020,Leave_One_experiments\wth_generated_qc\YCA\YCA2020.WTH,normal_year;nitrogen_stress_year;low_response_year,normal,YCA2020_normal_grid_S0010,top_profit_low_water,2020-07-31,213,50,45,"{""sim_day"": 50.0, ""doy"": 213.0, ""topwt"": 5606.142578125, ""grnwt"": 0.0, ""xlai"": 4.275457859039307, ""totir"": 0.0, ""tofer"": NaN, ""swfac"": 0.0, ""nstres"": 0.1166379451751709}",0.0,0.1166379451751709,5606.142578125,0.0,4.275457859039307,0.0,,0.0,0.0,0.0,150.0,19.513330078125,19.513330078125,Leave_One_experiments/all_year_offline_schedule_search/daily_outputs/YCA/YCA_2020_YCA2020_normal_grid_S0010_daily.csv
YCA,YCA,Yucheng,2020,Leave_One_experiments\wth_generated_qc\YCA\YCA2020.WTH,normal_year;nitrogen_stress_year;low_response_year,normal,YCA2020_normal_grid_S0010,top_profit_low_water,2020-08-01,214,51,46,"{""sim_day"": 51.0, ""doy"": 214.0, ""topwt"": 5902.5665283203125, ""grnwt"": 0.0, ""xlai"": 4.300642490386963, ""totir"": 0.0, ""tofer"": NaN, ""swfac"": 0.0, ""nstres"": 0.1378778219223022}",0.0,0.1378778219223022,5902.5665283203125,0.0,4.300642490386963,0.0,,0.0,0.0,0.0,150.0,19.513330078125,19.513330078125,Leave_One_experiments/all_year_offline_schedule_search/daily_outputs/YCA/YCA_2020_YCA2020_normal_grid_S0010_daily.csv
YCA,YCA,Yucheng,2020,Leave_One_experiments\wth_generated_qc\YCA\YCA2020.WTH,normal_year;nitrogen_stress_year;low_response_year,normal,YCA2020_normal_grid_S0010,top_profit_low_water,2020-08-02,215,52,47,"{""sim_day"": 52.0, ""doy"": 215.0, ""topwt"": 6167.59521484375, ""grnwt"": 0.0, ""xlai"": 4.30025577545166, ""totir"": 0.0, ""tofer"": NaN, ""swfac"": 0.0, ""nstres"": 0.1480709314346313}",0.0,0.1480709314346313,6167.59521484375,0.0,4.30025577545166,0.0,,0.0,0.0,0.0,150.0,19.513330078125,19.513330078125,Leave_One_experiments/all_year_offline_schedule_search/daily_outputs/YCA/YCA_2020_YCA2020_normal_grid_S0010_daily.csv
YCA,YCA,Yucheng,2020,Leave_One_experiments\wth_generated_qc\YCA\YCA2020.WTH,normal_year;nitrogen_stress_year;low_response_year,normal,YCA2020_normal_grid_S0010,top_profit_low_water,2020-08-03,216,53,48,"{""sim_day"": 53.0, ""doy"": 216.0, ""topwt"": 6452.9376220703125, ""grnwt"": 0.0, ""xlai"": 4.294105052947998, ""totir"": 0.0, ""tofer"": NaN, ""swfac"": 0.0, ""nstres"": 0.1571481227874755}",0.0,0.1571481227874755,6452.9376220703125,0.0,4.294105052947998,0.0,,0.0,0.0,0.0,150.0,19.513330078125,19.513330078125,Leave_One_experiments/all_year_offline_schedule_search/daily_outputs/YCA/YCA_2020_YCA2020_normal_grid_S0010_daily.csv
YCA,YCA,Yucheng,2020,Leave_One_experiments\wth_generated_qc\YCA\YCA2020.WTH,normal_year;nitrogen_stress_year;low_response_year,normal,YCA2020_normal_grid_S0010,top_profit_low_water,2020-08-04,217,54,49,"{""sim_day"": 54.0, ""doy"": 217.0, ""topwt"": 6551.8658447265625, ""grnwt"": 0.0, ""xlai"": 4.231309413909912, ""totir"": 0.0, ""tofer"": NaN, ""swfac"": 0.0, ""nstres"": 0.1638696193695068}",0.0,0.1638696193695068,6551.8658447265625,0.0,4.231309413909912,0.0,,0.0,0.0,0.0,150.0,19.513330078125,19.513330078125,Leave_One_experiments/all_year_offline_schedule_search/daily_outputs/YCA/YCA_2020_YCA2020_normal_grid_S0010_daily.csv
YCA,YCA,Yucheng,2020,Leave_One_experiments\wth_generated_qc\YCA\YCA2020.WTH,normal_year;nitrogen_stress_year;low_response_year,normal,YCA2020_normal_grid_S0010,top_profit_low_water,2020-08-05,218,55,50,"{""sim_day"": 55.0, ""doy"": 218.0, ""topwt"": 6573.84521484375, ""grnwt"": 0.0, ""xlai"": 4.146000862121582, ""totir"": 0.0, ""tofer"": NaN, ""swfac"": 0.0, ""nstres"": 0.1705571413040161}",0.0,0.1705571413040161,6573.84521484375,0.0,4.146000862121582,0.0,,0.0,0.0,0.0,150.0,19.513330078125,19.513330078125,Leave_One_experiments/all_year_offline_schedule_search/daily_outputs/YCA/YCA_2020_YCA2020_normal_grid_S0010_daily.csv
YCA,YCA,Yucheng,2020,Leave_One_experiments\wth_generated_qc\YCA\YCA2020.WTH,normal_year;nitrogen_stress_year;low_response_year,normal,YCA2020_normal_grid_S0010,top_profit_low_water,2020-08-06,219,56,51,"{""sim_day"": 56.0, ""doy"": 219.0, ""topwt"": 6683.5540771484375, ""grnwt"": 0.0, ""xlai"": 4.083233833312988, ""totir"": 0.0, ""tofer"": NaN, ""swfac"": 0.0, ""nstres"": 0.1701456308364868}",0.0,0.1701456308364868,6683.5540771484375,0.0,4.083233833312988,0.0,,0.0,0.0,0.0,150.0,19.513330078125,19.513330078125,Leave_One_experiments/all_year_offline_schedule_search/daily_outputs/YCA/YCA_2020_YCA2020_normal_grid_S0010_daily.csv
YCA,YCA,Yucheng,2020,Leave_One_experiments\wth_generated_qc\YCA\YCA2020.WTH,normal_year;nitrogen_stress_year;low_response_year,normal,YCA2020_normal_grid_S0010,top_profit_low_water,2020-08-07,220,57,52,"{""sim_day"": 57.0, ""doy"": 220.0, ""topwt"": 6855.7354736328125, ""grnwt"": 0.0, ""xlai"": 4.038712978363037, ""totir"": 0.0, ""tofer"": NaN, ""swfac"": 0.0, ""nstres"": 0.1659436225891113}",0.0,0.1659436225891113,6855.7354736328125,0.0,4.038712978363037,0.0,,0.0,0.0,0.0,150.0,19.513330078125,19.513330078125,Leave_One_experiments/all_year_offline_schedule_search/daily_outputs/YCA/YCA_2020_YCA2020_normal_grid_S0010_daily.csv
YCA,YCA,Yucheng,2020,Leave_One_experiments\wth_generated_qc\YCA\YCA2020.WTH,normal_year;nitrogen_stress_year;low_response_year,normal,YCA2020_normal_grid_S0010,top_profit_low_water,2020-08-08,221,58,53,"{""sim_day"": 58.0, ""doy"": 221.0, ""topwt"": 7101.0400390625, ""grnwt"": 0.0, ""xlai"": 4.012722969055176, ""totir"": 0.0, ""tofer"": NaN, ""swfac"": 0.0, ""nstres"": 0.1652123928070068}",0.0,0.1652123928070068,7101.0400390625,0.0,4.012722969055176,0.0,,0.0,0.0,0.0,150.0,19.513330078125,19.513330078125,Leave_One_experiments/all_year_offline_schedule_search/daily_outputs/YCA/YCA_2020_YCA2020_normal_grid_S0010_daily.csv
YCA,YCA,Yucheng,2020,Leave_One_experiments\wth_generated_qc\YCA\YCA2020.WTH,normal_year;nitrogen_stress_year;low_response_year,normal,YCA2020_normal_grid_S0010,top_profit_low_water,2020-08-09,222,59,54,"{""sim_day"": 59.0, ""doy"": 222.0, ""topwt"": 7352.1923828125, ""grnwt"": 0.0, ""xlai"": 3.9881412982940674, ""totir"": 0.0, ""tofer"": NaN, ""swfac"": 0.0, ""nstres"": 0.1661124229431152}",0.0,0.1661124229431152,7352.1923828125,0.0,3.9881412982940674,0.0,,0.0,0.0,0.0,150.0,19.513330078125,19.513330078125,Leave_One_experiments/all_year_offline_schedule_search/daily_outputs/YCA/YCA_2020_YCA2020_normal_grid_S0010_daily.csv
YCA,YCA,Yucheng,2020,Leave_One_experiments\wth_generated_qc\YCA\YCA2020.WTH,normal_year;nitrogen_stress_year;low_response_year,normal,YCA2020_normal_grid_S0010,top_profit_low_water,2020-08-10,223,60,55,"{""sim_day"": 60.0, ""doy"": 223.0, ""topwt"": 7604.88525390625, ""grnwt"": 0.0, ""xlai"": 3.9644217491149902, ""totir"": 0.0, ""tofer"": NaN, ""swfac"": 0.0, ""nstres"": 0.1660353541374206}",0.0,0.1660353541374206,7604.88525390625,0.0,3.9644217491149902,0.0,,0.0,0.0,0.0,150.0,19.513330078125,19.513330078125,Leave_One_experiments/all_year_offline_schedule_search/daily_outputs/YCA/YCA_2020_YCA2020_normal_grid_S0010_daily.csv
YCA,YCA,Yucheng,2020,Leave_One_experiments\wth_generated_qc\YCA\YCA2020.WTH,normal_year;nitrogen_stress_year;low_response_year,normal,YCA2020_normal_grid_S0010,top_profit_low_water,2020-08-11,224,61,56,"{""sim_day"": 61.0, ""doy"": 224.0, ""topwt"": 7673.135375976562, ""grnwt"": 0.0, ""xlai"": 3.882732391357422, ""totir"": 0.0, ""tofer"": NaN, ""swfac"": 0.0, ""nstres"": 0.1648450493812561}",0.0,0.1648450493812561,7673.135375976562,0.0,3.882732391357422,0.0,,0.0,0.0,0.0,150.0,19.513330078125,19.513330078125,Leave_One_experiments/all_year_offline_schedule_search/daily_outputs/YCA/YCA_2020_YCA2020_normal_grid_S0010_daily.csv
YCA,YCA,Yucheng,2020,Leave_One_experiments\wth_generated_qc\YCA\YCA2020.WTH,normal_year;nitrogen_stress_year;low_response_year,normal,YCA2020_normal_grid_S0010,top_profit_low_water,2020-08-12,225,62,57,"{""sim_day"": 62.0, ""doy"": 225.0, ""topwt"": 7754.638061523437, ""grnwt"": 0.0, ""xlai"": 3.805417537689209, ""totir"": 0.0, ""tofer"": NaN, ""swfac"": 0.0, ""nstres"": 0.1592992544174194}",0.0,0.1592992544174194,7754.638061523437,0.0,3.805417537689209,0.0,,0.0,0.0,0.0,150.0,19.513330078125,19.513330078125,Leave_One_experiments/all_year_offline_schedule_search/daily_outputs/YCA/YCA_2020_YCA2020_normal_grid_S0010_daily.csv
YCA,YCA,Yucheng,2020,Leave_One_experiments\wth_generated_qc\YCA\YCA2020.WTH,normal_year;nitrogen_stress_year;low_response_year,normal,YCA2020_normal_grid_S0010,top_profit_low_water,2020-08-13,226,63,58,"{""sim_day"": 63.0, ""doy"": 226.0, ""topwt"": 8077.27783203125, ""grnwt"": 0.0, ""xlai"": 3.733738899230957, ""totir"": 0.0, ""tofer"": NaN, ""swfac"": 0.0, ""nstres"": 0.150687038898468}",0.0,0.150687038898468,8077.27783203125,0.0,3.733738899230957,0.0,,0.0,0.0,0.0,150.0,19.513330078125,19.513330078125,Leave_One_experiments/all_year_offline_schedule_search/daily_outputs/YCA/YCA_2020_YCA2020_normal_grid_S0010_daily.csv
YCA,YCA,Yucheng,2020,Leave_One_experiments\wth_generated_qc\YCA\YCA2020.WTH,normal_year;nitrogen_stress_year;low_response_year,normal,YCA2020_normal_grid_S0010,top_profit_low_water,2020-08-14,227,64,59,"{""sim_day"": 64.0, ""doy"": 227.0, ""topwt"": 8084.808349609375, ""grnwt"": 0.0, ""xlai"": 3.666965961456299, ""totir"": 0.0, ""tofer"": NaN, ""swfac"": 0.0, ""nstres"": 0.1430698037147522}",0.0,0.1430698037147522,8084.808349609375,0.0,3.666965961456299,0.0,,0.0,0.0,0.0,150.0,19.513330078125,19.513330078125,Leave_One_experiments/all_year_offline_schedule_search/daily_outputs/YCA/YCA_2020_YCA2020_normal_grid_S0010_daily.csv
YCA,YCA,Yucheng,2020,Leave_One_experiments\wth_generated_qc\YCA\YCA2020.WTH,normal_year;nitrogen_stress_year;low_response_year,normal,YCA2020_normal_grid_S0010,top_profit_low_water,2020-08-15,228,65,60,"{""sim_day"": 65.0, ""doy"": 228.0, ""topwt"": 8204.15771484375, ""grnwt"": 0.0, ""xlai"": 3.602252721786499, ""totir"": 0.0, ""tofer"": NaN, ""swfac"": 0.0, ""nstres"": 0.1411802768707275}",0.0,0.1411802768707275,8204.15771484375,0.0,3.602252721786499,0.0,,0.0,50.0,0.0,150.0,19.513330078125,19.513330078125,Leave_One_experiments/all_year_offline_schedule_search/daily_outputs/YCA/YCA_2020_YCA2020_normal_grid_S0010_daily.csv
YCA,YCA,Yucheng,2020,Leave_One_experiments\wth_generated_qc\YCA\YCA2020.WTH,normal_year;nitrogen_stress_year;low_response_year,normal,YCA2020_normal_grid_S0010,top_profit_low_water,2020-08-16,229,66,61,"{""sim_day"": 66.0, ""doy"": 229.0, ""topwt"": 8489.157104492188, ""grnwt"": 0.0, ""xlai"": 3.5470049381256104, ""totir"": 0.0, ""tofer"": NaN, ""swfac"": 0.0, ""nstres"": 0.1226965188980102}",0.0,0.1226965188980102,8489.157104492188,0.0,3.5470049381256104,0.0,,0.0,0.0,0.0,150.0,19.513330078125,19.513330078125,Leave_One_experiments/all_year_offline_schedule_search/daily_outputs/YCA/YCA_2020_YCA2020_normal_grid_S0010_daily.csv
YCA,YCA,Yucheng,2020,Leave_One_experiments\wth_generated_qc\YCA\YCA2020.WTH,normal_year;nitrogen_stress_year;low_response_year,normal,YCA2020_normal_grid_S0010,top_profit_low_water,2020-08-17,230,67,62,"{""sim_day"": 67.0, ""doy"": 230.0, ""topwt"": 8811.503295898438, ""grnwt"": 0.0, ""xlai"": 3.5061299800872803, ""totir"": 0.0, ""tofer"": NaN, ""swfac"": 0.0, ""nstres"": 0.092190146446228}",0.0,0.092190146446228,8811.503295898438,0.0,3.5061299800872803,0.0,,0.0,0.0,0.0,150.0,19.513330078125,19.513330078125,Leave_One_experiments/all_year_offline_schedule_search/daily_outputs/YCA/YCA_2020_YCA2020_normal_grid_S0010_daily.csv
YCA,YCA,Yucheng,2020,Leave_One_experiments\wth_generated_qc\YCA\YCA2020.WTH,normal_year;nitrogen_stress_year;low_response_year,normal,YCA2020_normal_grid_S0010,top_profit_low_water,2020-08-18,231,68,63,"{""sim_day"": 68.0, ""doy"": 231.0, ""topwt"": 8864.61181640625, ""grnwt"": 0.0, ""xlai"": 3.4842681884765625, ""totir"": 0.0, ""tofer"": NaN, ""swfac"": 0.0, ""nstres"": 0.049882173538208}",0.0,0.049882173538208,8864.61181640625,0.0,3.4842681884765625,0.0,,0.0,0.0,0.0,150.0,19.513330078125,19.513330078125,Leave_One_experiments/all_year_offline_schedule_search/daily_outputs/YCA/YCA_2020_YCA2020_normal_grid_S0010_daily.csv
YCA,YCA,Yucheng,2020,Leave_One_experiments\wth_generated_qc\YCA\YCA2020.WTH,normal_year;nitrogen_stress_year;low_response_year,normal,YCA2020_normal_grid_S0010,top_profit_low_water,2020-08-19,232,69,64,"{""sim_day"": 69.0, ""doy"": 232.0, ""topwt"": 8957.550048828125, ""grnwt"": 0.0, ""xlai"": 3.4814562797546387, ""totir"": 0.0, ""tofer"": NaN, ""swfac"": 0.0, ""nstres"": 0.0064560174942016}",0.0,0.0064560174942016,8957.550048828125,0.0,3.4814562797546387,0.0,,0.0,0.0,0.0,150.0,19.513330078125,19.513330078125,Leave_One_experiments/all_year_offline_schedule_search/daily_outputs/YCA/YCA_2020_YCA2020_normal_grid_S0010_daily.csv
YCA,YCA,Yucheng,2020,Leave_One_experiments\wth_generated_qc\YCA\YCA2020.WTH,normal_year;nitrogen_stress_year;low_response_year,normal,YCA2020_normal_grid_S0010,top_profit_low_water,2020-08-20,233,70,65,"{""sim_day"": 70.0, ""doy"": 233.0, ""topwt"": 9141.538696289062, ""grnwt"": 183.9881896972656, ""xlai"": 3.4814562797546387, ""totir"": 0.0, ""tofer"": NaN, ""swfac"": 0.0, ""nstres"": 0.0}",0.0,0.0,9141.538696289062,183.9881896972656,3.4814562797546387,0.0,,0.0,0.0,0.0,150.0,19.513330078125,19.513330078125,Leave_One_experiments/all_year_offline_schedule_search/daily_outputs/YCA/YCA_2020_YCA2020_normal_grid_S0010_daily.csv
YCA,YCA,Yucheng,2020,Leave_One_experiments\wth_generated_qc\YCA\YCA2020.WTH,normal_year;nitrogen_stress_year;low_response_year,normal,YCA2020_normal_grid_S0010,top_profit_low_water,2020-08-21,234,71,66,"{""sim_day"": 71.0, ""doy"": 234.0, ""topwt"": 9325.52734375, ""grnwt"": 367.9763793945313, ""xlai"": 3.4814562797546387, ""totir"": 0.0, ""tofer"": NaN, ""swfac"": 0.0, ""nstres"": 0.0}",0.0,0.0,9325.52734375,367.9763793945313,3.4814562797546387,0.0,,0.0,0.0,0.0,150.0,19.513330078125,19.513330078125,Leave_One_experiments/all_year_offline_schedule_search/daily_outputs/YCA/YCA_2020_YCA2020_normal_grid_S0010_daily.csv
YCA,YCA,Yucheng,2020,Leave_One_experiments\wth_generated_qc\YCA\YCA2020.WTH,normal_year;nitrogen_stress_year;low_response_year,normal,YCA2020_normal_grid_S0010,top_profit_low_water,2020-08-22,235,72,67,"{""sim_day"": 72.0, ""doy"": 235.0, ""topwt"": 9509.515380859377, ""grnwt"": 551.9646072387695, ""xlai"": 3.4814562797546387, ""totir"": 0.0, ""tofer"": NaN, ""swfac"": 0.0, ""nstres"": 0.0}",0.0,0.0,9509.515380859377,551.9646072387695,3.4814562797546387,0.0,,0.0,0.0,0.0,150.0,19.513330078125,19.513330078125,Leave_One_experiments/all_year_offline_schedule_search/daily_outputs/YCA/YCA_2020_YCA2020_normal_grid_S0010_daily.csv
YCA,YCA,Yucheng,2020,Leave_One_experiments\wth_generated_qc\YCA\YCA2020.WTH,normal_year;nitrogen_stress_year;low_response_year,normal,YCA2020_normal_grid_S0010,top_profit_low_water,2020-08-23,236,73,68,"{""sim_day"": 73.0, ""doy"": 236.0, ""topwt"": 9677.720947265623, ""grnwt"": 735.9527587890625, ""xlai"": 3.4814562797546387, ""totir"": 0.0, ""tofer"": NaN, ""swfac"": 0.0, ""nstres"": 0.0}",0.0,0.0,9677.720947265623,735.9527587890625,3.4814562797546387,0.0,,0.0,0.0,0.0,150.0,19.513330078125,19.513330078125,Leave_One_experiments/all_year_offline_schedule_search/daily_outputs/YCA/YCA_2020_YCA2020_normal_grid_S0010_daily.csv
YCA,YCA,Yucheng,2020,Leave_One_experiments\wth_generated_qc\YCA\YCA2020.WTH,normal_year;nitrogen_stress_year;low_response_year,normal,YCA2020_normal_grid_S0010,top_profit_low_water,2020-08-24,237,74,69,"{""sim_day"": 74.0, ""doy"": 237.0, ""topwt"": 9877.491455078123, ""grnwt"": 919.940948486328, ""xlai"": 3.4814562797546387, ""totir"": 0.0, ""tofer"": NaN, ""swfac"": 0.0, ""nstres"": 0.0}",0.0,0.0,9877.491455078123,919.940948486328,3.4814562797546387,0.0,,0.0,0.0,0.0,150.0,19.513330078125,19.513330078125,Leave_One_experiments/all_year_offline_schedule_search/daily_outputs/YCA/YCA_2020_YCA2020_normal_grid_S0010_daily.csv
YCA,YCA,Yucheng,2020,Leave_One_experiments\wth_generated_qc\YCA\YCA2020.WTH,normal_year;nitrogen_stress_year;low_response_year,normal,YCA2020_normal_grid_S0010,top_profit_low_water,2020-08-25,238,75,70,"{""sim_day"": 75.0, ""doy"": 238.0, ""topwt"": 10059.388427734377, ""grnwt"": 1103.929214477539, ""xlai"": 3.4814562797546387, ""totir"": 0.0, ""tofer"": NaN, ""swfac"": 0.0, ""nstres"": 0.0}",0.0,0.0,10059.388427734377,1103.929214477539,3.4814562797546387,0.0,,0.0,0.0,0.0,150.0,19.513330078125,19.513330078125,Leave_One_experiments/all_year_offline_schedule_search/daily_outputs/YCA/YCA_2020_YCA2020_normal_grid_S0010_daily.csv
YCA,YCA,Yucheng,2020,Leave_One_experiments\wth_generated_qc\YCA\YCA2020.WTH,normal_year;nitrogen_stress_year;low_response_year,normal,YCA2020_normal_grid_S0010,top_profit_low_water,2020-08-26,239,76,71,"{""sim_day"": 76.0, ""doy"": 239.0, ""topwt"": 10245.46875, ""grnwt"": 1287.91748046875, ""xlai"": 3.4814562797546387, ""totir"": 0.0, ""tofer"": NaN, ""swfac"": 0.0, ""nstres"": 0.0}",0.0,0.0,10245.46875,1287.91748046875,3.4814562797546387,0.0,,0.0,0.0,0.0,150.0,19.513330078125,19.513330078125,Leave_One_experiments/all_year_offline_schedule_search/daily_outputs/YCA/YCA_2020_YCA2020_normal_grid_S0010_daily.csv
YCA,YCA,Yucheng,2020,Leave_One_experiments\wth_generated_qc\YCA\YCA2020.WTH,normal_year;nitrogen_stress_year;low_response_year,normal,YCA2020_normal_grid_S0010,top_profit_low_water,2020-08-27,240,77,72,"{""sim_day"": 77.0, ""doy"": 240.0, ""topwt"": 10429.45556640625, ""grnwt"": 1471.9056701660156, ""xlai"": 3.4814562797546387, ""totir"": 0.0, ""tofer"": NaN, ""swfac"": 0.0, ""nstres"": 0.0}",0.0,0.0,10429.45556640625,1471.9056701660156,3.4814562797546387,0.0,,0.0,0.0,0.0,150.0,19.513330078125,19.513330078125,Leave_One_experiments/all_year_offline_schedule_search/daily_outputs/YCA/YCA_2020_YCA2020_normal_grid_S0010_daily.csv
YCA,YCA,Yucheng,2020,Leave_One_experiments\wth_generated_qc\YCA\YCA2020.WTH,normal_year;nitrogen_stress_year;low_response_year,normal,YCA2020_normal_grid_S0010,top_profit_low_water,2020-08-28,241,78,73,"{""sim_day"": 78.0, ""doy"": 241.0, ""topwt"": 10613.44482421875, ""grnwt"": 1655.8938598632812, ""xlai"": 3.4814562797546387, ""totir"": 0.0, ""tofer"": NaN, ""swfac"": 0.0, ""nstres"": 0.0}",0.0,0.0,10613.44482421875,1655.8938598632812,3.4814562797546387,0.0,,0.0,0.0,0.0,150.0,19.513330078125,19.513330078125,Leave_One_experiments/all_year_offline_schedule_search/daily_outputs/YCA/YCA_2020_YCA2020_normal_grid_S0010_daily.csv
YCA,YCA,Yucheng,2020,Leave_One_experiments\wth_generated_qc\YCA\YCA2020.WTH,normal_year;nitrogen_stress_year;low_response_year,normal,YCA2020_normal_grid_S0010,top_profit_low_water,2020-08-29,242,79,74,"{""sim_day"": 79.0, ""doy"": 242.0, ""topwt"": 10795.133056640623, ""grnwt"": 1837.5822448730469, ""xlai"": 3.4814562797546387, ""totir"": 0.0, ""tofer"": NaN, ""swfac"": 0.0, ""nstres"": 0.0}",0.0,0.0,10795.133056640623,1837.5822448730469,3.4814562797546387,0.0,,0.0,0.0,0.0,150.0,19.513330078125,19.513330078125,Leave_One_experiments/all_year_offline_schedule_search/daily_outputs/YCA/YCA_2020_YCA2020_normal_grid_S0010_daily.csv
YCA,YCA,Yucheng,2020,Leave_One_experiments\wth_generated_qc\YCA\YCA2020.WTH,normal_year;nitrogen_stress_year;low_response_year,normal,YCA2020_normal_grid_S0010,top_profit_low_water,2020-08-30,243,80,75,"{""sim_day"": 80.0, ""doy"": 243.0, ""topwt"": 10979.12109375, ""grnwt"": 2021.5704345703125, ""xlai"": 3.4814562797546387, ""totir"": 0.0, ""tofer"": NaN, ""swfac"": 0.0, ""nstres"": 0.0}",0.0,0.0,10979.12109375,2021.5704345703125,3.4814562797546387,0.0,,0.0,0.0,0.0,150.0,19.513330078125,19.513330078125,Leave_One_experiments/all_year_offline_schedule_search/daily_outputs/YCA/YCA_2020_YCA2020_normal_grid_S0010_daily.csv
YCA,YCA,Yucheng,2020,Leave_One_experiments\wth_generated_qc\YCA\YCA2020.WTH,normal_year;nitrogen_stress_year;low_response_year,normal,YCA2020_normal_grid_S0010,top_profit_low_water,2020-08-31,244,81,76,"{""sim_day"": 81.0, ""doy"": 244.0, ""topwt"": 11163.1103515625, ""grnwt"": 2205.5587768554688, ""xlai"": 3.4814562797546387, ""totir"": 0.0, ""tofer"": NaN, ""swfac"": 0.0, ""nstres"": 0.0}",0.0,0.0,11163.1103515625,2205.5587768554688,3.4814562797546387,0.0,,0.0,0.0,0.0,150.0,19.513330078125,19.513330078125,Leave_One_experiments/all_year_offline_schedule_search/daily_outputs/YCA/YCA_2020_YCA2020_normal_grid_S0010_daily.csv
YCA,YCA,Yucheng,2020,Leave_One_experiments\wth_generated_qc\YCA\YCA2020.WTH,normal_year;nitrogen_stress_year;low_response_year,normal,YCA2020_normal_grid_S0010,top_profit_low_water,2020-09-01,245,82,77,"{""sim_day"": 82.0, ""doy"": 245.0, ""topwt"": 11347.09716796875, ""grnwt"": 2389.5469665527344, ""xlai"": 3.4814562797546387, ""totir"": 0.0, ""tofer"": NaN, ""swfac"": 0.0, ""nstres"": 0.0}",0.0,0.0,11347.09716796875,2389.5469665527344,3.4814562797546387,0.0,,0.0,0.0,0.0,150.0,19.513330078125,19.513330078125,Leave_One_experiments/all_year_offline_schedule_search/daily_outputs/YCA/YCA_2020_YCA2020_normal_grid_S0010_daily.csv
YCA,YCA,Yucheng,2020,Leave_One_experiments\wth_generated_qc\YCA\YCA2020.WTH,normal_year;nitrogen_stress_year;low_response_year,normal,YCA2020_normal_grid_S0010,top_profit_low_water,2020-09-02,246,83,78,"{""sim_day"": 83.0, ""doy"": 246.0, ""topwt"": 11531.08642578125, ""grnwt"": 2573.53515625, ""xlai"": 3.4814562797546387, ""totir"": 0.0, ""tofer"": NaN, ""swfac"": 0.0, ""nstres"": 0.0}",0.0,0.0,11531.08642578125,2573.53515625,3.4814562797546387,0.0,,0.0,0.0,0.0,150.0,19.513330078125,19.513330078125,Leave_One_experiments/all_year_offline_schedule_search/daily_outputs/YCA/YCA_2020_YCA2020_normal_grid_S0010_daily.csv
YCA,YCA,Yucheng,2020,Leave_One_experiments\wth_generated_qc\YCA\YCA2020.WTH,normal_year;nitrogen_stress_year;low_response_year,normal,YCA2020_normal_grid_S0010,top_profit_low_water,2020-09-03,247,84,79,"{""sim_day"": 84.0, ""doy"": 247.0, ""topwt"": 11715.074462890623, ""grnwt"": 2757.523498535156, ""xlai"": 3.4814562797546387, ""totir"": 0.0, ""tofer"": NaN, ""swfac"": 0.0, ""nstres"": 0.0}",0.0,0.0,11715.074462890623,2757.523498535156,3.4814562797546387,0.0,,0.0,0.0,0.0,150.0,19.513330078125,19.513330078125,Leave_One_experiments/all_year_offline_schedule_search/daily_outputs/YCA/YCA_2020_YCA2020_normal_grid_S0010_daily.csv
YCA,YCA,Yucheng,2020,Leave_One_experiments\wth_generated_qc\YCA\YCA2020.WTH,normal_year;nitrogen_stress_year;low_response_year,normal,YCA2020_normal_grid_S0010,top_profit_low_water,2020-09-04,248,85,80,"{""sim_day"": 85.0, ""doy"": 248.0, ""topwt"": 11899.061279296877, ""grnwt"": 2941.5115356445312, ""xlai"": 3.4814562797546387, ""totir"": 0.0, ""tofer"": NaN, ""swfac"": 0.0, ""nstres"": 0.0}",0.0,0.0,11899.061279296877,2941.5115356445312,3.4814562797546387,0.0,,0.0,0.0,0.0,150.0,19.513330078125,19.513330078125,Leave_One_experiments/all_year_offline_schedule_search/daily_outputs/YCA/YCA_2020_YCA2020_normal_grid_S0010_daily.csv
YCA,YCA,Yucheng,2020,Leave_One_experiments\wth_generated_qc\YCA\YCA2020.WTH,normal_year;nitrogen_stress_year;low_response_year,normal,YCA2020_normal_grid_S0010,top_profit_low_water,2020-09-05,249,86,81,"{""sim_day"": 86.0, ""doy"": 249.0, ""topwt"": 12083.050537109377, ""grnwt"": 3125.4998779296875, ""xlai"": 3.4814562797546387, ""totir"": 0.0, ""tofer"": NaN, ""swfac"": 0.0, ""nstres"": 0.0}",0.0,0.0,12083.050537109377,3125.4998779296875,3.4814562797546387,0.0,,0.0,0.0,0.0,150.0,19.513330078125,19.513330078125,Leave_One_experiments/all_year_offline_schedule_search/daily_outputs/YCA/YCA_2020_YCA2020_normal_grid_S0010_daily.csv
YCA,YCA,Yucheng,2020,Leave_One_experiments\wth_generated_qc\YCA\YCA2020.WTH,normal_year;nitrogen_stress_year;low_response_year,normal,YCA2020_normal_grid_S0010,top_profit_low_water,2020-09-06,250,87,82,"{""sim_day"": 87.0, ""doy"": 250.0, ""topwt"": 12267.03857421875, ""grnwt"": 3309.488220214844, ""xlai"": 3.4814562797546387, ""totir"": 0.0, ""tofer"": NaN, ""swfac"": 0.0, ""nstres"": 0.0}",0.0,0.0,12267.03857421875,3309.488220214844,3.4814562797546387,0.0,,0.0,0.0,0.0,150.0,19.513330078125,19.513330078125,Leave_One_experiments/all_year_offline_schedule_search/daily_outputs/YCA/YCA_2020_YCA2020_normal_grid_S0010_daily.csv
YCA,YCA,Yucheng,2020,Leave_One_experiments\wth_generated_qc\YCA\YCA2020.WTH,normal_year;nitrogen_stress_year;low_response_year,normal,YCA2020_normal_grid_S0010,top_profit_low_water,2020-09-07,251,88,83,"{""sim_day"": 88.0, ""doy"": 251.0, ""topwt"": 12451.026611328123, ""grnwt"": 3493.4762573242188, ""xlai"": 3.4814562797546387, ""totir"": 0.0, ""tofer"": NaN, ""swfac"": 0.0, ""nstres"": 0.0}",0.0,0.0,12451.026611328123,3493.4762573242188,3.4814562797546387,0.0,,0.0,0.0,0.0,150.0,19.513330078125,19.513330078125,Leave_One_experiments/all_year_offline_schedule_search/daily_outputs/YCA/YCA_2020_YCA2020_normal_grid_S0010_daily.csv
YCA,YCA,Yucheng,2020,Leave_One_experiments\wth_generated_qc\YCA\YCA2020.WTH,normal_year;nitrogen_stress_year;low_response_year,normal,YCA2020_normal_grid_S0010,top_profit_low_water,2020-09-08,252,89,84,"{""sim_day"": 89.0, ""doy"": 252.0, ""topwt"": 12635.013427734377, ""grnwt"": 3677.464599609375, ""xlai"": 3.4184257984161377, ""totir"": 0.0, ""tofer"": NaN, ""swfac"": 0.0, ""nstres"": 0.0}",0.0,0.0,12635.013427734377,3677.464599609375,3.4184257984161377,0.0,,0.0,0.0,0.0,150.0,19.513330078125,19.513330078125,Leave_One_experiments/all_year_offline_schedule_search/daily_outputs/YCA/YCA_2020_YCA2020_normal_grid_S0010_daily.csv
YCA,YCA,Yucheng,2020,Leave_One_experiments\wth_generated_qc\YCA\YCA2020.WTH,normal_year;nitrogen_stress_year;low_response_year,normal,YCA2020_normal_grid_S0010,top_profit_low_water,2020-09-09,253,90,85,"{""sim_day"": 90.0, ""doy"": 253.0, ""topwt"": 12819.002685546877, ""grnwt"": 3861.4529418945312, ""xlai"": 3.3067073822021484, ""totir"": 0.0, ""tofer"": NaN, ""swfac"": 0.0, ""nstres"": 0.0}",0.0,0.0,12819.002685546877,3861.4529418945312,3.3067073822021484,0.0,,0.0,0.0,0.0,150.0,19.513330078125,19.513330078125,Leave_One_experiments/all_year_offline_schedule_search/daily_outputs/YCA/YCA_2020_YCA2020_normal_grid_S0010_daily.csv
YCA,YCA,Yucheng,2020,Leave_One_experiments\wth_generated_qc\YCA\YCA2020.WTH,normal_year;nitrogen_stress_year;low_response_year,normal,YCA2020_normal_grid_S0010,top_profit_low_water,2020-09-10,254,91,86,"{""sim_day"": 91.0, ""doy"": 254.0, ""topwt"": 13002.99072265625, ""grnwt"": 4045.440979003906, ""xlai"": 3.208012104034424, ""totir"": 0.0, ""tofer"": NaN, ""swfac"": 0.0, ""nstres"": 0.0}",0.0,0.0,13002.99072265625,4045.440979003906,3.208012104034424,0.0,,0.0,0.0,0.0,150.0,19.513330078125,19.513330078125,Leave_One_experiments/all_year_offline_schedule_search/daily_outputs/YCA/YCA_2020_YCA2020_normal_grid_S0010_daily.csv
YCA,YCA,Yucheng,2020,Leave_One_experiments\wth_generated_qc\YCA\YCA2020.WTH,normal_year;nitrogen_stress_year;low_response_year,normal,YCA2020_normal_grid_S0010,top_profit_low_water,2020-09-11,255,92,87,"{""sim_day"": 92.0, ""doy"": 255.0, ""topwt"": 13186.978759765623, ""grnwt"": 4229.429016113281, ""xlai"": 3.1092119216918945, ""totir"": 0.0, ""tofer"": NaN, ""swfac"": 0.0, ""nstres"": 0.0}",0.0,0.0,13186.978759765623,4229.429016113281,3.1092119216918945,0.0,,0.0,0.0,0.0,150.0,19.513330078125,19.513330078125,Leave_One_experiments/all_year_offline_schedule_search/daily_outputs/YCA/YCA_2020_YCA2020_normal_grid_S0010_daily.csv
YCA,YCA,Yucheng,2020,Leave_One_experiments\wth_generated_qc\YCA\YCA2020.WTH,normal_year;nitrogen_stress_year;low_response_year,normal,YCA2020_normal_grid_S0010,top_profit_low_water,2020-09-12,256,93,88,"{""sim_day"": 93.0, ""doy"": 256.0, ""topwt"": 13370.965576171877, ""grnwt"": 4413.417053222656, ""xlai"": 2.9852306842803955, ""totir"": 0.0, ""tofer"": NaN, ""swfac"": 0.0, ""nstres"": 0.0111181735992431}",0.0,0.0111181735992431,13370.965576171877,4413.417053222656,2.9852306842803955,0.0,,0.0,0.0,0.0,150.0,19.513330078125,19.513330078125,Leave_One_experiments/all_year_offline_schedule_search/daily_outputs/YCA/YCA_2020_YCA2020_normal_grid_S0010_daily.csv
YCA,YCA,Yucheng,2020,Leave_One_experiments\wth_generated_qc\YCA\YCA2020.WTH,normal_year;nitrogen_stress_year;low_response_year,normal,YCA2020_normal_grid_S0010,top_profit_low_water,2020-09-13,257,94,89,"{""sim_day"": 94.0, ""doy"": 257.0, ""topwt"": 13554.281005859377, ""grnwt"": 4597.405090332031, ""xlai"": 2.85636830329895, ""totir"": 0.0, ""tofer"": NaN, ""swfac"": 0.0, ""nstres"": 0.0232700109481811}",0.0,0.0232700109481811,13554.281005859377,4597.405090332031,2.85636830329895,0.0,,0.0,0.0,0.0,150.0,19.513330078125,19.513330078125,Leave_One_experiments/all_year_offline_schedule_search/daily_outputs/YCA/YCA_2020_YCA2020_normal_grid_S0010_daily.csv
YCA,YCA,Yucheng,2020,Leave_One_experiments\wth_generated_qc\YCA\YCA2020.WTH,normal_year;nitrogen_stress_year;low_response_year,normal,YCA2020_normal_grid_S0010,top_profit_low_water,2020-09-14,258,95,90,"{""sim_day"": 95.0, ""doy"": 258.0, ""topwt"": 13738.94287109375, ""grnwt"": 4781.393127441406, ""xlai"": 2.713042020797729, ""totir"": 0.0, ""tofer"": NaN, ""swfac"": 0.0, ""nstres"": 0.0350149869918823}",0.0,0.0350149869918823,13738.94287109375,4781.393127441406,2.713042020797729,0.0,,0.0,0.0,0.0,150.0,19.513330078125,19.513330078125,Leave_One_experiments/all_year_offline_schedule_search/daily_outputs/YCA/YCA_2020_YCA2020_normal_grid_S0010_daily.csv
YCA,YCA,Yucheng,2020,Leave_One_experiments\wth_generated_qc\YCA\YCA2020.WTH,normal_year;nitrogen_stress_year;low_response_year,normal,YCA2020_normal_grid_S0010,top_profit_low_water,2020-09-15,259,96,91,"{""sim_day"": 96.0, ""doy"": 259.0, ""topwt"": 13922.9296875, ""grnwt"": 4965.381164550781, ""xlai"": 2.5943591594696045, ""totir"": 0.0, ""tofer"": NaN, ""swfac"": 0.0, ""nstres"": 0.0499446392059326}",0.0,0.0499446392059326,13922.9296875,4965.381164550781,2.5943591594696045,0.0,,0.0,0.0,0.0,150.0,19.513330078125,19.513330078125,Leave_One_experiments/all_year_offline_schedule_search/daily_outputs/YCA/YCA_2020_YCA2020_normal_grid_S0010_daily.csv
YCA,YCA,Yucheng,2020,Leave_One_experiments\wth_generated_qc\YCA\YCA2020.WTH,normal_year;nitrogen_stress_year;low_response_year,normal,YCA2020_normal_grid_S0010,top_profit_low_water,2020-09-16,260,97,92,"{""sim_day"": 97.0, ""doy"": 260.0, ""topwt"": 14106.917724609377, ""grnwt"": 5149.368896484375, ""xlai"": 2.4796624183654785, ""totir"": 0.0, ""tofer"": NaN, ""swfac"": 0.0, ""nstres"": 0.066046118736267}",0.0,0.066046118736267,14106.917724609377,5149.368896484375,2.4796624183654785,0.0,,0.0,0.0,0.0,150.0,19.513330078125,19.513330078125,Leave_One_experiments/all_year_offline_schedule_search/daily_outputs/YCA/YCA_2020_YCA2020_normal_grid_S0010_daily.csv
YCA,YCA,Yucheng,2020,Leave_One_experiments\wth_generated_qc\YCA\YCA2020.WTH,normal_year;nitrogen_stress_year;low_response_year,normal,YCA2020_normal_grid_S0010,top_profit_low_water,2020-09-17,261,98,93,"{""sim_day"": 98.0, ""doy"": 261.0, ""topwt"": 14290.90576171875, ""grnwt"": 5333.35693359375, ""xlai"": 2.357346534729004, ""totir"": 0.0, ""tofer"": NaN, ""swfac"": 0.0, ""nstres"": 0.0819816589355468}",0.0,0.0819816589355468,14290.90576171875,5333.35693359375,2.357346534729004,0.0,,0.0,0.0,0.0,150.0,19.513330078125,19.513330078125,Leave_One_experiments/all_year_offline_schedule_search/daily_outputs/YCA/YCA_2020_YCA2020_normal_grid_S0010_daily.csv
YCA,YCA,Yucheng,2020,Leave_One_experiments\wth_generated_qc\YCA\YCA2020.WTH,normal_year;nitrogen_stress_year;low_response_year,normal,YCA2020_normal_grid_S0010,top_profit_low_water,2020-09-18,262,99,94,"{""sim_day"": 99.0, ""doy"": 262.0, ""topwt"": 14474.89501953125, ""grnwt"": 5517.344970703125, ""xlai"": 2.2176833152771, ""totir"": 0.0, ""tofer"": NaN, ""swfac"": 0.0, ""nstres"": 0.0971037149429321}",0.0,0.0971037149429321,14474.89501953125,5517.344970703125,2.2176833152771,0.0,,0.0,0.0,0.0,150.0,19.513330078125,19.513330078125,Leave_One_experiments/all_year_offline_schedule_search/daily_outputs/YCA/YCA_2020_YCA2020_normal_grid_S0010_daily.csv
YCA,YCA,Yucheng,2020,Leave_One_experiments\wth_generated_qc\YCA\YCA2020.WTH,normal_year;nitrogen_stress_year;low_response_year,normal,YCA2020_normal_grid_S0010,top_profit_low_water,2020-09-19,263,100,95,"{""sim_day"": 100.0, ""doy"": 263.0, ""topwt"": 14658.8818359375, ""grnwt"": 5701.3330078125, ""xlai"": 2.055006980895996, ""totir"": 0.0, ""tofer"": NaN, ""swfac"": 0.0, ""nstres"": 0.1113301515579223}",0.0,0.1113301515579223,14658.8818359375,5701.3330078125,2.055006980895996,0.0,,0.0,0.0,0.0,150.0,19.513330078125,19.513330078125,Leave_One_experiments/all_year_offline_schedule_search/daily_outputs/YCA/YCA_2020_YCA2020_normal_grid_S0010_daily.csv
YCA,YCA,Yucheng,2020,Leave_One_experiments\wth_generated_qc\YCA\YCA2020.WTH,normal_year;nitrogen_stress_year;low_response_year,normal,YCA2020_normal_grid_S0010,top_profit_low_water,2020-09-20,264,101,96,"{""sim_day"": 101.0, ""doy"": 264.0, ""topwt"": 14658.8818359375, ""grnwt"": 5701.3330078125, ""xlai"": 2.055006980895996, ""totir"": 0.0, ""tofer"": NaN, ""swfac"": 0.0, ""nstres"": 0.1261684894561767}",0.0,0.1261684894561767,14658.8818359375,5701.3330078125,2.055006980895996,0.0,,0.0,0.0,0.0,150.0,19.513330078125,19.513330078125,Leave_One_experiments/all_year_offline_schedule_search/daily_outputs/YCA/YCA_2020_YCA2020_normal_grid_S0010_daily.csv
YCA,YCA,Yucheng,2020,Leave_One_experiments\wth_generated_qc\YCA\YCA2020.WTH,normal_year;nitrogen_stress_year;low_response_year,normal,YCA2020_normal_grid_S0010,top_profit_low_water,2020-09-21,265,102,97,"{""sim_day"": 102.0, ""doy"": 265.0, ""topwt"": 14658.8818359375, ""grnwt"": 5701.3330078125, ""xlai"": 2.055006980895996, ""totir"": 0.0, ""tofer"": NaN, ""swfac"": 0.0, ""nstres"": 0.1261684894561767}",0.0,0.1261684894561767,14658.8818359375,5701.3330078125,2.055006980895996,0.0,,0.0,0.0,0.0,150.0,19.513330078125,19.513330078125,Leave_One_experiments/all_year_offline_schedule_search/daily_outputs/YCA/YCA_2020_YCA2020_normal_grid_S0010_daily.csv
YCA,YCA,Yucheng,2020,Leave_One_experiments\wth_generated_qc\YCA\YCA2020.WTH,normal_year;nitrogen_stress_year;low_response_year,normal,YCA2020_normal_grid_S0010,top_profit_low_water,2020-09-22,266,103,98,"{""sim_day"": 103.0, ""doy"": 266.0, ""topwt"": 14658.8818359375, ""grnwt"": 5701.3330078125, ""xlai"": 2.055006980895996, ""totir"": 0.0, ""tofer"": NaN, ""swfac"": 0.0, ""nstres"": 0.1261684894561767}",0.0,0.1261684894561767,14658.8818359375,5701.3330078125,2.055006980895996,0.0,,0.0,0.0,0.0,150.0,19.513330078125,19.513330078125,Leave_One_experiments/all_year_offline_schedule_search/daily_outputs/YCA/YCA_2020_YCA2020_normal_grid_S0010_daily.csv
YCA,YCA,Yucheng,2020,Leave_One_experiments\wth_generated_qc\YCA\YCA2020.WTH,normal_year;nitrogen_stress_year;low_response_year,normal,YCA2020_normal_grid_S0010,top_profit_low_water,2020-09-23,267,104,99,"{""sim_day"": 104.0, ""doy"": 267.0, ""topwt"": 14658.8818359375, ""grnwt"": 5701.3330078125, ""xlai"": 2.055006980895996, ""totir"": 0.0, ""tofer"": NaN, ""swfac"": 0.0, ""nstres"": 0.1261684894561767}",0.0,0.1261684894561767,14658.8818359375,5701.3330078125,2.055006980895996,0.0,,0.0,0.0,0.0,150.0,19.513330078125,19.513330078125,Leave_One_experiments/all_year_offline_schedule_search/daily_outputs/YCA/YCA_2020_YCA2020_normal_grid_S0010_daily.csv
YCA,YCA,Yucheng,2021,Leave_One_experiments\wth_generated_qc\YCA\YCA2021.WTH,wet_year;nitrogen_stress_year;low_response_year,wet,YCA2021_normal_grid_S0013,irrigation_positive_candidate,2021-06-18,169,1,1,"{""sim_day"": 1.0, ""doy"": 169.0, ""topwt"": 0.0, ""grnwt"": 0.0, ""xlai"": 0.0, ""totir"": 0.0, ""tofer"": NaN, ""swfac"": 0.0, ""nstres"": 0.0}",0.0,0.0,0.0,0.0,0.0,0.0,,0.0,50.0,30.0,150.0,23.223071289062503,35.2230712890625,Leave_One_experiments/all_year_offline_schedule_search/daily_outputs/YCA/YCA_2021_YCA2021_normal_grid_S0013_daily.csv
YCA,YCA,Yucheng,2021,Leave_One_experiments\wth_generated_qc\YCA\YCA2021.WTH,wet_year;nitrogen_stress_year;low_response_year,wet,YCA2021_normal_grid_S0013,irrigation_positive_candidate,2021-06-19,170,2,2,"{""sim_day"": 2.0, ""doy"": 170.0, ""topwt"": 0.0, ""grnwt"": 0.0, ""xlai"": 0.0, ""totir"": 0.0, ""tofer"": NaN, ""swfac"": 0.0, ""nstres"": 0.0}",0.0,0.0,0.0,0.0,0.0,0.0,,0.0,0.0,30.0,150.0,23.223071289062503,35.2230712890625,Leave_One_experiments/all_year_offline_schedule_search/daily_outputs/YCA/YCA_2021_YCA2021_normal_grid_S0013_daily.csv
YCA,YCA,Yucheng,2021,Leave_One_experiments\wth_generated_qc\YCA\YCA2021.WTH,wet_year;nitrogen_stress_year;low_response_year,wet,YCA2021_normal_grid_S0013,irrigation_positive_candidate,2021-06-20,171,3,3,"{""sim_day"": 3.0, ""doy"": 171.0, ""topwt"": 0.0, ""grnwt"": 0.0, ""xlai"": 0.0, ""totir"": 0.0, ""tofer"": NaN, ""swfac"": 0.0, ""nstres"": 0.0}",0.0,0.0,0.0,0.0,0.0,0.0,,0.0,0.0,30.0,150.0,23.223071289062503,35.2230712890625,Leave_One_experiments/all_year_offline_schedule_search/daily_outputs/YCA/YCA_2021_YCA2021_normal_grid_S0013_daily.csv
YCA,YCA,Yucheng,2021,Leave_One_experiments\wth_generated_qc\YCA\YCA2021.WTH,wet_year;nitrogen_stress_year;low_response_year,wet,YCA2021_normal_grid_S0013,irrigation_positive_candidate,2021-06-21,172,4,4,"{""sim_day"": 4.0, ""doy"": 172.0, ""topwt"": 0.0, ""grnwt"": 0.0, ""xlai"": 0.0, ""totir"": 0.0, ""tofer"": NaN, ""swfac"": 0.0, ""nstres"": 0.0}",0.0,0.0,0.0,0.0,0.0,0.0,,0.0,0.0,30.0,150.0,23.223071289062503,35.2230712890625,Leave_One_experiments/all_year_offline_schedule_search/daily_outputs/YCA/YCA_2021_YCA2021_normal_grid_S0013_daily.csv
YCA,YCA,Yucheng,2021,Leave_One_experiments\wth_generated_qc\YCA\YCA2021.WTH,wet_year;nitrogen_stress_year;low_response_year,wet,YCA2021_normal_grid_S0013,irrigation_positive_candidate,2021-06-22,173,5,5,"{""sim_day"": 5.0, ""doy"": 173.0, ""topwt"": 0.0, ""grnwt"": 0.0, ""xlai"": 0.0, ""totir"": 0.0, ""tofer"": NaN, ""swfac"": 0.0, ""nstres"": 0.0}",0.0,0.0,0.0,0.0,0.0,0.0,,0.0,0.0,30.0,150.0,23.223071289062503,35.2230712890625,Leave_One_experiments/all_year_offline_schedule_search/daily_outputs/YCA/YCA_2021_YCA2021_normal_grid_S0013_daily.csv
YCA,YCA,Yucheng,2021,Leave_One_experiments\wth_generated_qc\YCA\YCA2021.WTH,wet_year;nitrogen_stress_year;low_response_year,wet,YCA2021_normal_grid_S0013,irrigation_positive_candidate,2021-06-18,169,6,1,"{""sim_day"": 6.0, ""doy"": 169.0, ""topwt"": 0.0, ""grnwt"": 0.0, ""xlai"": 0.0, ""totir"": 0.0, ""tofer"": NaN, ""swfac"": 0.0, ""nstres"": 0.0}",0.0,0.0,0.0,0.0,0.0,0.0,,0.0,0.0,30.0,150.0,23.223071289062503,35.2230712890625,Leave_One_experiments/all_year_offline_schedule_search/daily_outputs/YCA/YCA_2021_YCA2021_normal_grid_S0013_daily.csv
YCA,YCA,Yucheng,2021,Leave_One_experiments\wth_generated_qc\YCA\YCA2021.WTH,wet_year;nitrogen_stress_year;low_response_year,wet,YCA2021_normal_grid_S0013,irrigation_positive_candidate,2021-06-19,170,7,2,"{""sim_day"": 7.0, ""doy"": 170.0, ""topwt"": 0.0, ""grnwt"": 0.0, ""xlai"": 0.0, ""totir"": 0.0, ""tofer"": NaN, ""swfac"": 0.0, ""nstres"": 0.0}",0.0,0.0,0.0,0.0,0.0,0.0,,0.0,0.0,30.0,150.0,23.223071289062503,35.2230712890625,Leave_One_experiments/all_year_offline_schedule_search/daily_outputs/YCA/YCA_2021_YCA2021_normal_grid_S0013_daily.csv
YCA,YCA,Yucheng,2021,Leave_One_experiments\wth_generated_qc\YCA\YCA2021.WTH,wet_year;nitrogen_stress_year;low_response_year,wet,YCA2021_normal_grid_S0013,irrigation_positive_candidate,2021-06-20,171,8,3,"{""sim_day"": 8.0, ""doy"": 171.0, ""topwt"": 0.0, ""grnwt"": 0.0, ""xlai"": 0.0, ""totir"": 0.0, ""tofer"": NaN, ""swfac"": 0.0, ""nstres"": 0.0}",0.0,0.0,0.0,0.0,0.0,0.0,,0.0,0.0,30.0,150.0,23.223071289062503,35.2230712890625,Leave_One_experiments/all_year_offline_schedule_search/daily_outputs/YCA/YCA_2021_YCA2021_normal_grid_S0013_daily.csv
YCA,YCA,Yucheng,2021,Leave_One_experiments\wth_generated_qc\YCA\YCA2021.WTH,wet_year;nitrogen_stress_year;low_response_year,wet,YCA2021_normal_grid_S0013,irrigation_positive_candidate,2021-06-21,172,9,4,"{""sim_day"": 9.0, ""doy"": 172.0, ""topwt"": 0.0, ""grnwt"": 0.0, ""xlai"": 0.0, ""totir"": 0.0, ""tofer"": NaN, ""swfac"": 0.0, ""nstres"": 0.0}",0.0,0.0,0.0,0.0,0.0,0.0,,0.0,0.0,30.0,150.0,23.223071289062503,35.2230712890625,Leave_One_experiments/all_year_offline_schedule_search/daily_outputs/YCA/YCA_2021_YCA2021_normal_grid_S0013_daily.csv
YCA,YCA,Yucheng,2021,Leave_One_experiments\wth_generated_qc\YCA\YCA2021.WTH,wet_year;nitrogen_stress_year;low_response_year,wet,YCA2021_normal_grid_S0013,irrigation_positive_candidate,2021-06-22,173,10,5,"{""sim_day"": 10.0, ""doy"": 173.0, ""topwt"": 26.400001049041748, ""grnwt"": 0.0, ""xlai"": 0.0054466784931719, ""totir"": 0.0, ""tofer"": NaN, ""swfac"": 0.0, ""nstres"": 0.0121910572052001}",0.0,0.0121910572052001,26.400001049041748,0.0,0.0054466784931719,0.0,,0.0,0.0,30.0,150.0,23.223071289062503,35.2230712890625,Leave_One_experiments/all_year_offline_schedule_search/daily_outputs/YCA/YCA_2021_YCA2021_normal_grid_S0013_daily.csv
YCA,YCA,Yucheng,2021,Leave_One_experiments\wth_generated_qc\YCA\YCA2021.WTH,wet_year;nitrogen_stress_year;low_response_year,wet,YCA2021_normal_grid_S0013,irrigation_positive_candidate,2021-06-23,174,11,6,"{""sim_day"": 11.0, ""doy"": 174.0, ""topwt"": 26.400001049041748, ""grnwt"": 0.0, ""xlai"": 0.0112468190491199, ""totir"": 0.0, ""tofer"": NaN, ""swfac"": 0.0, ""nstres"": 0.0081720352172851}",0.0,0.0081720352172851,26.400001049041748,0.0,0.0112468190491199,0.0,,0.0,0.0,30.0,150.0,23.223071289062503,35.2230712890625,Leave_One_experiments/all_year_offline_schedule_search/daily_outputs/YCA/YCA_2021_YCA2021_normal_grid_S0013_daily.csv
YCA,YCA,Yucheng,2021,Leave_One_experiments\wth_generated_qc\YCA\YCA2021.WTH,wet_year;nitrogen_stress_year;low_response_year,wet,YCA2021_normal_grid_S0013,irrigation_positive_candidate,2021-06-24,175,12,7,"{""sim_day"": 12.0, ""doy"": 175.0, ""topwt"": 26.400001049041748, ""grnwt"": 0.0, ""xlai"": 0.0176314748823642, ""totir"": 0.0, ""tofer"": NaN, ""swfac"": 0.0, ""nstres"": 0.000707983970642}",0.0,0.000707983970642,26.400001049041748,0.0,0.0176314748823642,0.0,,0.0,0.0,30.0,150.0,23.223071289062503,35.2230712890625,Leave_One_experiments/all_year_offline_schedule_search/daily_outputs/YCA/YCA_2021_YCA2021_normal_grid_S0013_daily.csv
YCA,YCA,Yucheng,2021,Leave_One_experiments\wth_generated_qc\YCA\YCA2021.WTH,wet_year;nitrogen_stress_year;low_response_year,wet,YCA2021_normal_grid_S0013,irrigation_positive_candidate,2021-06-25,176,13,8,"{""sim_day"": 13.0, ""doy"": 176.0, ""topwt"": 26.400001049041748, ""grnwt"": 0.0, ""xlai"": 0.0423513762652874, ""totir"": 0.0, ""tofer"": NaN, ""swfac"": 0.0, ""nstres"": 0.0}",0.0,0.0,26.400001049041748,0.0,0.0423513762652874,0.0,,0.0,0.0,30.0,150.0,23.223071289062503,35.2230712890625,Leave_One_experiments/all_year_offline_schedule_search/daily_outputs/YCA/YCA_2021_YCA2021_normal_grid_S0013_daily.csv
YCA,YCA,Yucheng,2021,Leave_One_experiments\wth_generated_qc\YCA\YCA2021.WTH,wet_year;nitrogen_stress_year;low_response_year,wet,YCA2021_normal_grid_S0013,irrigation_positive_candidate,2021-06-26,177,14,9,"{""sim_day"": 14.0, ""doy"": 177.0, ""topwt"": 36.47419452667236, ""grnwt"": 0.0, ""xlai"": 0.0712442845106124, ""totir"": 0.0, ""tofer"": NaN, ""swfac"": 0.0, ""nstres"": 0.0}",0.0,0.0,36.47419452667236,0.0,0.0712442845106124,0.0,,0.0,0.0,30.0,150.0,23.223071289062503,35.2230712890625,Leave_One_experiments/all_year_offline_schedule_search/daily_outputs/YCA/YCA_2021_YCA2021_normal_grid_S0013_daily.csv
YCA,YCA,Yucheng,2021,Leave_One_experiments\wth_generated_qc\YCA\YCA2021.WTH,wet_year;nitrogen_stress_year;low_response_year,wet,YCA2021_normal_grid_S0013,irrigation_positive_candidate,2021-06-27,178,15,10,"{""sim_day"": 15.0, ""doy"": 178.0, ""topwt"": 52.40024089813232, ""grnwt"": 0.0, ""xlai"": 0.1079131290316581, ""totir"": 0.0, ""tofer"": NaN, ""swfac"": 0.0, ""nstres"": 0.0}",0.0,0.0,52.40024089813232,0.0,0.1079131290316581,0.0,,0.0,0.0,30.0,150.0,23.223071289062503,35.2230712890625,Leave_One_experiments/all_year_offline_schedule_search/daily_outputs/YCA/YCA_2021_YCA2021_normal_grid_S0013_daily.csv
YCA,YCA,Yucheng,2021,Leave_One_experiments\wth_generated_qc\YCA\YCA2021.WTH,wet_year;nitrogen_stress_year;low_response_year,wet,YCA2021_normal_grid_S0013,irrigation_positive_candidate,2021-06-28,179,16,11,"{""sim_day"": 16.0, ""doy"": 179.0, ""topwt"": 68.63852500915527, ""grnwt"": 0.0, ""xlai"": 0.1421727538108825, ""totir"": 0.0, ""tofer"": NaN, ""swfac"": 0.0, ""nstres"": 0.0}",0.0,0.0,68.63852500915527,0.0,0.1421727538108825,0.0,,0.0,0.0,30.0,150.0,23.223071289062503,35.2230712890625,Leave_One_experiments/all_year_offline_schedule_search/daily_outputs/YCA/YCA_2021_YCA2021_normal_grid_S0013_daily.csv
YCA,YCA,Yucheng,2021,Leave_One_experiments\wth_generated_qc\YCA\YCA2021.WTH,wet_year;nitrogen_stress_year;low_response_year,wet,YCA2021_normal_grid_S0013,irrigation_positive_candidate,2021-06-29,180,17,12,"{""sim_day"": 17.0, ""doy"": 180.0, ""topwt"": 89.6304988861084, ""grnwt"": 0.0, ""xlai"": 0.1835055351257324, ""totir"": 0.0, ""tofer"": NaN, ""swfac"": 0.0, ""nstres"": 0.0}",0.0,0.0,89.6304988861084,0.0,0.1835055351257324,0.0,,0.0,0.0,30.0,150.0,23.223071289062503,35.2230712890625,Leave_One_experiments/all_year_offline_schedule_search/daily_outputs/YCA/YCA_2021_YCA2021_normal_grid_S0013_daily.csv
YCA,YCA,Yucheng,2021,Leave_One_experiments\wth_generated_qc\YCA\YCA2021.WTH,wet_year;nitrogen_stress_year;low_response_year,wet,YCA2021_normal_grid_S0013,irrigation_positive_candidate,2021-06-30,181,18,13,"{""sim_day"": 18.0, ""doy"": 181.0, ""topwt"": 111.1459732055664, ""grnwt"": 0.0, ""xlai"": 0.2234551012516021, ""totir"": 0.0, ""tofer"": NaN, ""swfac"": 0.0, ""nstres"": 0.0}",0.0,0.0,111.1459732055664,0.0,0.2234551012516021,0.0,,0.0,0.0,30.0,150.0,23.223071289062503,35.2230712890625,Leave_One_experiments/all_year_offline_schedule_search/daily_outputs/YCA/YCA_2021_YCA2021_normal_grid_S0013_daily.csv
YCA,YCA,Yucheng,2021,Leave_One_experiments\wth_generated_qc\YCA\YCA2021.WTH,wet_year;nitrogen_stress_year;low_response_year,wet,YCA2021_normal_grid_S0013,irrigation_positive_candidate,2021-07-01,182,19,14,"{""sim_day"": 19.0, ""doy"": 182.0, ""topwt"": 137.22606658935547, ""grnwt"": 0.0, ""xlai"": 0.2694742679595947, ""totir"": 0.0, ""tofer"": NaN, ""swfac"": 0.0, ""nstres"": 0.0}",0.0,0.0,137.22606658935547,0.0,0.2694742679595947,0.0,,0.0,0.0,30.0,150.0,23.223071289062503,35.2230712890625,Leave_One_experiments/all_year_offline_schedule_search/daily_outputs/YCA/YCA_2021_YCA2021_normal_grid_S0013_daily.csv
YCA,YCA,Yucheng,2021,Leave_One_experiments\wth_generated_qc\YCA\YCA2021.WTH,wet_year;nitrogen_stress_year;low_response_year,wet,YCA2021_normal_grid_S0013,irrigation_positive_candidate,2021-07-02,183,20,15,"{""sim_day"": 20.0, ""doy"": 183.0, ""topwt"": 172.84141540527344, ""grnwt"": 0.0, ""xlai"": 0.3292016386985779, ""totir"": 0.0, ""tofer"": NaN, ""swfac"": 0.0, ""nstres"": 0.0}",0.0,0.0,172.84141540527344,0.0,0.3292016386985779,0.0,,0.0,0.0,30.0,150.0,23.223071289062503,35.2230712890625,Leave_One_experiments/all_year_offline_schedule_search/daily_outputs/YCA/YCA_2021_YCA2021_normal_grid_S0013_daily.csv
YCA,YCA,Yucheng,2021,Leave_One_experiments\wth_generated_qc\YCA\YCA2021.WTH,wet_year;nitrogen_stress_year;low_response_year,wet,YCA2021_normal_grid_S0013,irrigation_positive_candidate,2021-07-03,184,21,16,"{""sim_day"": 21.0, ""doy"": 184.0, ""topwt"": 220.3946304321289, ""grnwt"": 0.0, ""xlai"": 0.4047544598579407, ""totir"": 0.0, ""tofer"": NaN, ""swfac"": 0.0, ""nstres"": 0.0}",0.0,0.0,220.3946304321289,0.0,0.4047544598579407,0.0,,0.0,0.0,30.0,150.0,23.223071289062503,35.2230712890625,Leave_One_experiments/all_year_offline_schedule_search/daily_outputs/YCA/YCA_2021_YCA2021_normal_grid_S0013_daily.csv
YCA,YCA,Yucheng,2021,Leave_One_experiments\wth_generated_qc\YCA\YCA2021.WTH,wet_year;nitrogen_stress_year;low_response_year,wet,YCA2021_normal_grid_S0013,irrigation_positive_candidate,2021-07-04,185,22,17,"{""sim_day"": 22.0, ""doy"": 185.0, ""topwt"": 266.74854278564453, ""grnwt"": 0.0, ""xlai"": 0.5072768330574036, ""totir"": 0.0, ""tofer"": NaN, ""swfac"": 0.0, ""nstres"": 0.0}",0.0,0.0,266.74854278564453,0.0,0.5072768330574036,0.0,,0.0,0.0,30.0,150.0,23.223071289062503,35.2230712890625,Leave_One_experiments/all_year_offline_schedule_search/daily_outputs/YCA/YCA_2021_YCA2021_normal_grid_S0013_daily.csv
YCA,YCA,Yucheng,2021,Leave_One_experiments\wth_generated_qc\YCA\YCA2021.WTH,wet_year;nitrogen_stress_year;low_response_year,wet,YCA2021_normal_grid_S0013,irrigation_positive_candidate,2021-07-05,186,23,18,"{""sim_day"": 23.0, ""doy"": 186.0, ""topwt"": 336.2210464477539, ""grnwt"": 0.0, ""xlai"": 0.6144986748695374, ""totir"": 0.0, ""tofer"": NaN, ""swfac"": 0.0, ""nstres"": 0.0062283277511596}",0.0,0.0062283277511596,336.2210464477539,0.0,0.6144986748695374,0.0,,0.0,0.0,30.0,150.0,23.223071289062503,35.2230712890625,Leave_One_experiments/all_year_offline_schedule_search/daily_outputs/YCA/YCA_2021_YCA2021_normal_grid_S0013_daily.csv
YCA,YCA,Yucheng,2021,Leave_One_experiments\wth_generated_qc\YCA\YCA2021.WTH,wet_year;nitrogen_stress_year;low_response_year,wet,YCA2021_normal_grid_S0013,irrigation_positive_candidate,2021-07-06,187,24,19,"{""sim_day"": 24.0, ""doy"": 187.0, ""topwt"": 397.90565490722656, ""grnwt"": 0.0, ""xlai"": 0.7053783535957336, ""totir"": 0.0, ""tofer"": NaN, ""swfac"": 0.0, ""nstres"": 0.0}",0.0,0.0,397.90565490722656,0.0,0.7053783535957336,0.0,,0.0,0.0,30.0,150.0,23.223071289062503,35.2230712890625,Leave_One_experiments/all_year_offline_schedule_search/daily_outputs/YCA/YCA_2021_YCA2021_normal_grid_S0013_daily.csv
YCA,YCA,Yucheng,2021,Leave_One_experiments\wth_generated_qc\YCA\YCA2021.WTH,wet_year;nitrogen_stress_year;low_response_year,wet,YCA2021_normal_grid_S0013,irrigation_positive_candidate,2021-07-07,188,25,20,"{""sim_day"": 25.0, ""doy"": 188.0, ""topwt"": 496.718978881836, ""grnwt"": 0.0, ""xlai"": 0.8451517224311829, ""totir"": 0.0, ""tofer"": NaN, ""swfac"": 0.0, ""nstres"": 0.0}",0.0,0.0,496.718978881836,0.0,0.8451517224311829,0.0,,0.0,0.0,30.0,150.0,23.223071289062503,35.2230712890625,Leave_One_experiments/all_year_offline_schedule_search/daily_outputs/YCA/YCA_2021_YCA2021_normal_grid_S0013_daily.csv
YCA,YCA,Yucheng,2021,Leave_One_experiments\wth_generated_qc\YCA\YCA2021.WTH,wet_year;nitrogen_stress_year;low_response_year,wet,YCA2021_normal_grid_S0013,irrigation_positive_candidate,2021-07-08,189,26,21,"{""sim_day"": 26.0, ""doy"": 189.0, ""topwt"": 615.3649520874023, ""grnwt"": 0.0, ""xlai"": 1.005135178565979, ""totir"": 0.0, ""tofer"": NaN, ""swfac"": 0.0, ""nstres"": 0.0}",0.0,0.0,615.3649520874023,0.0,1.005135178565979,0.0,,0.0,0.0,30.0,150.0,23.223071289062503,35.2230712890625,Leave_One_experiments/all_year_offline_schedule_search/daily_outputs/YCA/YCA_2021_YCA2021_normal_grid_S0013_daily.csv
YCA,YCA,Yucheng,2021,Leave_One_experiments\wth_generated_qc\YCA\YCA2021.WTH,wet_year;nitrogen_stress_year;low_response_year,wet,YCA2021_normal_grid_S0013,irrigation_positive_candidate,2021-07-09,190,27,22,"{""sim_day"": 27.0, ""doy"": 190.0, ""topwt"": 744.3007659912109, ""grnwt"": 0.0, ""xlai"": 1.171457052230835, ""totir"": 0.0, ""tofer"": NaN, ""swfac"": 0.0, ""nstres"": 0.0}",0.0,0.0,744.3007659912109,0.0,1.171457052230835,0.0,,0.0,0.0,30.0,150.0,23.223071289062503,35.2230712890625,Leave_One_experiments/all_year_offline_schedule_search/daily_outputs/YCA/YCA_2021_YCA2021_normal_grid_S0013_daily.csv
YCA,YCA,Yucheng,2021,Leave_One_experiments\wth_generated_qc\YCA\YCA2021.WTH,wet_year;nitrogen_stress_year;low_response_year,wet,YCA2021_normal_grid_S0013,irrigation_positive_candidate,2021-07-10,191,28,23,"{""sim_day"": 28.0, ""doy"": 191.0, ""topwt"": 876.9205474853516, ""grnwt"": 0.0, ""xlai"": 1.332921266555786, ""totir"": 0.0, ""tofer"": NaN, ""swfac"": 0.0, ""nstres"": 0.0}",0.0,0.0,876.9205474853516,0.0,1.332921266555786,0.0,,0.0,0.0,30.0,150.0,23.223071289062503,35.2230712890625,Leave_One_experiments/all_year_offline_schedule_search/daily_outputs/YCA/YCA_2021_YCA2021_normal_grid_S0013_daily.csv
YCA,YCA,Yucheng,2021,Leave_One_experiments\wth_generated_qc\YCA\YCA2021.WTH,wet_year;nitrogen_stress_year;low_response_year,wet,YCA2021_normal_grid_S0013,irrigation_positive_candidate,2021-07-11,192,29,24,"{""sim_day"": 29.0, ""doy"": 192.0, ""topwt"": 954.7925567626952, ""grnwt"": 0.0, ""xlai"": 1.4296584129333496, ""totir"": 0.0, ""tofer"": NaN, ""swfac"": 0.0, ""nstres"": 0.0}",0.0,0.0,954.7925567626952,0.0,1.4296584129333496,0.0,,0.0,0.0,30.0,150.0,23.223071289062503,35.2230712890625,Leave_One_experiments/all_year_offline_schedule_search/daily_outputs/YCA/YCA_2021_YCA2021_normal_grid_S0013_daily.csv
YCA,YCA,Yucheng,2021,Leave_One_experiments\wth_generated_qc\YCA\YCA2021.WTH,wet_year;nitrogen_stress_year;low_response_year,wet,YCA2021_normal_grid_S0013,irrigation_positive_candidate,2021-07-12,193,30,25,"{""sim_day"": 30.0, ""doy"": 193.0, ""topwt"": 1129.5718383789062, ""grnwt"": 0.0, ""xlai"": 1.6362354755401611, ""totir"": 0.0, ""tofer"": NaN, ""swfac"": 0.0, ""nstres"": 0.0}",0.0,0.0,1129.5718383789062,0.0,1.6362354755401611,0.0,,0.0,0.0,30.0,150.0,23.223071289062503,35.2230712890625,Leave_One_experiments/all_year_offline_schedule_search/daily_outputs/YCA/YCA_2021_YCA2021_normal_grid_S0013_daily.csv
YCA,YCA,Yucheng,2021,Leave_One_experiments\wth_generated_qc\YCA\YCA2021.WTH,wet_year;nitrogen_stress_year;low_response_year,wet,YCA2021_normal_grid_S0013,irrigation_positive_candidate,2021-07-13,194,31,26,"{""sim_day"": 31.0, ""doy"": 194.0, ""topwt"": 1240.618667602539, ""grnwt"": 0.0, ""xlai"": 1.760242581367493, ""totir"": 0.0, ""tofer"": NaN, ""swfac"": 0.0, ""nstres"": 0.0}",0.0,0.0,1240.618667602539,0.0,1.760242581367493,0.0,,0.0,0.0,30.0,150.0,23.223071289062503,35.2230712890625,Leave_One_experiments/all_year_offline_schedule_search/daily_outputs/YCA/YCA_2021_YCA2021_normal_grid_S0013_daily.csv
YCA,YCA,Yucheng,2021,Leave_One_experiments\wth_generated_qc\YCA\YCA2021.WTH,wet_year;nitrogen_stress_year;low_response_year,wet,YCA2021_normal_grid_S0013,irrigation_positive_candidate,2021-07-14,195,32,27,"{""sim_day"": 32.0, ""doy"": 195.0, ""topwt"": 1329.2619323730469, ""grnwt"": 0.0, ""xlai"": 1.8542704582214355, ""totir"": 0.0, ""tofer"": NaN, ""swfac"": 0.0, ""nstres"": 0.0}",0.0,0.0,1329.2619323730469,0.0,1.8542704582214355,0.0,,0.0,0.0,30.0,150.0,23.223071289062503,35.2230712890625,Leave_One_experiments/all_year_offline_schedule_search/daily_outputs/YCA/YCA_2021_YCA2021_normal_grid_S0013_daily.csv
YCA,YCA,Yucheng,2021,Leave_One_experiments\wth_generated_qc\YCA\YCA2021.WTH,wet_year;nitrogen_stress_year;low_response_year,wet,YCA2021_normal_grid_S0013,irrigation_positive_candidate,2021-07-15,196,33,28,"{""sim_day"": 33.0, ""doy"": 196.0, ""topwt"": 1399.249267578125, ""grnwt"": 0.0, ""xlai"": 1.9244499206542969, ""totir"": 0.0, ""tofer"": NaN, ""swfac"": 0.0, ""nstres"": 0.0}",0.0,0.0,1399.249267578125,0.0,1.9244499206542969,0.0,,0.0,0.0,30.0,150.0,23.223071289062503,35.2230712890625,Leave_One_experiments/all_year_offline_schedule_search/daily_outputs/YCA/YCA_2021_YCA2021_normal_grid_S0013_daily.csv
YCA,YCA,Yucheng,2021,Leave_One_experiments\wth_generated_qc\YCA\YCA2021.WTH,wet_year;nitrogen_stress_year;low_response_year,wet,YCA2021_normal_grid_S0013,irrigation_positive_candidate,2021-07-16,197,34,29,"{""sim_day"": 34.0, ""doy"": 197.0, ""topwt"": 1541.462860107422, ""grnwt"": 0.0, ""xlai"": 2.058384895324707, ""totir"": 0.0, ""tofer"": NaN, ""swfac"": 0.0, ""nstres"": 0.0}",0.0,0.0,1541.462860107422,0.0,2.058384895324707,0.0,,0.0,0.0,30.0,150.0,23.223071289062503,35.2230712890625,Leave_One_experiments/all_year_offline_schedule_search/daily_outputs/YCA/YCA_2021_YCA2021_normal_grid_S0013_daily.csv
YCA,YCA,Yucheng,2021,Leave_One_experiments\wth_generated_qc\YCA\YCA2021.WTH,wet_year;nitrogen_stress_year;low_response_year,wet,YCA2021_normal_grid_S0013,irrigation_positive_candidate,2021-07-17,198,35,30,"{""sim_day"": 35.0, ""doy"": 198.0, ""topwt"": 1746.3453674316406, ""grnwt"": 0.0, ""xlai"": 2.2376112937927246, ""totir"": 0.0, ""tofer"": NaN, ""swfac"": 0.0, ""nstres"": 0.0}",0.0,0.0,1746.3453674316406,0.0,2.2376112937927246,0.0,,0.0,50.0,30.0,150.0,23.223071289062503,35.2230712890625,Leave_One_experiments/all_year_offline_schedule_search/daily_outputs/YCA/YCA_2021_YCA2021_normal_grid_S0013_daily.csv
YCA,YCA,Yucheng,2021,Leave_One_experiments\wth_generated_qc\YCA\YCA2021.WTH,wet_year;nitrogen_stress_year;low_response_year,wet,YCA2021_normal_grid_S0013,irrigation_positive_candidate,2021-07-18,199,36,31,"{""sim_day"": 36.0, ""doy"": 199.0, ""topwt"": 1984.6525573730469, ""grnwt"": 0.0, ""xlai"": 2.4302096366882324, ""totir"": 0.0, ""tofer"": NaN, ""swfac"": 0.0, ""nstres"": 0.0}",0.0,0.0,1984.6525573730469,0.0,2.4302096366882324,0.0,,0.0,0.0,30.0,150.0,23.223071289062503,35.2230712890625,Leave_One_experiments/all_year_offline_schedule_search/daily_outputs/YCA/YCA_2021_YCA2021_normal_grid_S0013_daily.csv
YCA,YCA,Yucheng,2021,Leave_One_experiments\wth_generated_qc\YCA\YCA2021.WTH,wet_year;nitrogen_stress_year;low_response_year,wet,YCA2021_normal_grid_S0013,irrigation_positive_candidate,2021-07-19,200,37,32,"{""sim_day"": 37.0, ""doy"": 200.0, ""topwt"": 2214.1636657714844, ""grnwt"": 0.0, ""xlai"": 2.601717472076416, ""totir"": 0.0, ""tofer"": NaN, ""swfac"": 0.0, ""nstres"": 0.0}",0.0,0.0,2214.1636657714844,0.0,2.601717472076416,0.0,,0.0,0.0,30.0,150.0,23.223071289062503,35.2230712890625,Leave_One_experiments/all_year_offline_schedule_search/daily_outputs/YCA/YCA_2021_YCA2021_normal_grid_S0013_daily.csv
YCA,YCA,Yucheng,2021,Leave_One_experiments\wth_generated_qc\YCA\YCA2021.WTH,wet_year;nitrogen_stress_year;low_response_year,wet,YCA2021_normal_grid_S0013,irrigation_positive_candidate,2021-07-20,201,38,33,"{""sim_day"": 38.0, ""doy"": 201.0, ""topwt"": 2378.461303710937, ""grnwt"": 0.0, ""xlai"": 2.715700387954712, ""totir"": 0.0, ""tofer"": NaN, ""swfac"": 0.0, ""nstres"": 0.0}",0.0,0.0,2378.461303710937,0.0,2.715700387954712,0.0,,0.0,0.0,30.0,150.0,23.223071289062503,35.2230712890625,Leave_One_experiments/all_year_offline_schedule_search/daily_outputs/YCA/YCA_2021_YCA2021_normal_grid_S0013_daily.csv
YCA,YCA,Yucheng,2021,Leave_One_experiments\wth_generated_qc\YCA\YCA2021.WTH,wet_year;nitrogen_stress_year;low_response_year,wet,YCA2021_normal_grid_S0013,irrigation_positive_candidate,2021-07-21,202,39,34,"{""sim_day"": 39.0, ""doy"": 202.0, ""topwt"": 2473.0816650390625, ""grnwt"": 0.0, ""xlai"": 2.7770135402679443, ""totir"": 0.0, ""tofer"": NaN, ""swfac"": 0.0, ""nstres"": 0.0}",0.0,0.0,2473.0816650390625,0.0,2.7770135402679443,0.0,,0.0,0.0,30.0,150.0,23.223071289062503,35.2230712890625,Leave_One_experiments/all_year_offline_schedule_search/daily_outputs/YCA/YCA_2021_YCA2021_normal_grid_S0013_daily.csv
YCA,YCA,Yucheng,2021,Leave_One_experiments\wth_generated_qc\YCA\YCA2021.WTH,wet_year;nitrogen_stress_year;low_response_year,wet,YCA2021_normal_grid_S0013,irrigation_positive_candidate,2021-07-22,203,40,35,"{""sim_day"": 40.0, ""doy"": 203.0, ""topwt"": 2743.472595214844, ""grnwt"": 0.0, ""xlai"": 2.939610004425049, ""totir"": 0.0, ""tofer"": NaN, ""swfac"": 0.0, ""nstres"": 0.0}",0.0,0.0,2743.472595214844,0.0,2.939610004425049,0.0,,0.0,0.0,30.0,150.0,23.223071289062503,35.2230712890625,Leave_One_experiments/all_year_offline_schedule_search/daily_outputs/YCA/YCA_2021_YCA2021_normal_grid_S0013_daily.csv
YCA,YCA,Yucheng,2021,Leave_One_experiments\wth_generated_qc\YCA\YCA2021.WTH,wet_year;nitrogen_stress_year;low_response_year,wet,YCA2021_normal_grid_S0013,irrigation_positive_candidate,2021-07-23,204,41,36,"{""sim_day"": 41.0, ""doy"": 204.0, ""topwt"": 3107.4380493164062, ""grnwt"": 0.0, ""xlai"": 3.1407470703125, ""totir"": 0.0, ""tofer"": NaN, ""swfac"": 0.0, ""nstres"": 0.0}",0.0,0.0,3107.4380493164062,0.0,3.1407470703125,0.0,,0.0,0.0,30.0,150.0,23.223071289062503,35.2230712890625,Leave_One_experiments/all_year_offline_schedule_search/daily_outputs/YCA/YCA_2021_YCA2021_normal_grid_S0013_daily.csv
YCA,YCA,Yucheng,2021,Leave_One_experiments\wth_generated_qc\YCA\YCA2021.WTH,wet_year;nitrogen_stress_year;low_response_year,wet,YCA2021_normal_grid_S0013,irrigation_positive_candidate,2021-07-24,205,42,37,"{""sim_day"": 42.0, ""doy"": 205.0, ""topwt"": 3506.9320678710938, ""grnwt"": 0.0, ""xlai"": 3.343291044235229, ""totir"": 0.0, ""tofer"": NaN, ""swfac"": 0.0, ""nstres"": 0.0}",0.0,0.0,3506.9320678710938,0.0,3.343291044235229,0.0,,0.0,0.0,30.0,150.0,23.223071289062503,35.2230712890625,Leave_One_experiments/all_year_offline_schedule_search/daily_outputs/YCA/YCA_2021_YCA2021_normal_grid_S0013_daily.csv
YCA,YCA,Yucheng,2021,Leave_One_experiments\wth_generated_qc\YCA\YCA2021.WTH,wet_year;nitrogen_stress_year;low_response_year,wet,YCA2021_normal_grid_S0013,irrigation_positive_candidate,2021-07-25,206,43,38,"{""sim_day"": 43.0, ""doy"": 206.0, ""topwt"": 3951.904602050781, ""grnwt"": 0.0, ""xlai"": 3.55013108253479, ""totir"": 0.0, ""tofer"": NaN, ""swfac"": 0.0, ""nstres"": 0.0}",0.0,0.0,3951.904602050781,0.0,3.55013108253479,0.0,,0.0,0.0,30.0,150.0,23.223071289062503,35.2230712890625,Leave_One_experiments/all_year_offline_schedule_search/daily_outputs/YCA/YCA_2021_YCA2021_normal_grid_S0013_daily.csv
YCA,YCA,Yucheng,2021,Leave_One_experiments\wth_generated_qc\YCA\YCA2021.WTH,wet_year;nitrogen_stress_year;low_response_year,wet,YCA2021_normal_grid_S0013,irrigation_positive_candidate,2021-07-26,207,44,39,"{""sim_day"": 44.0, ""doy"": 207.0, ""topwt"": 4158.258056640625, ""grnwt"": 0.0, ""xlai"": 3.63866662979126, ""totir"": 0.0, ""tofer"": NaN, ""swfac"": 0.0, ""nstres"": 0.0}",0.0,0.0,4158.258056640625,0.0,3.63866662979126,0.0,,0.0,0.0,30.0,150.0,23.223071289062503,35.2230712890625,Leave_One_experiments/all_year_offline_schedule_search/daily_outputs/YCA/YCA_2021_YCA2021_normal_grid_S0013_daily.csv
YCA,YCA,Yucheng,2021,Leave_One_experiments\wth_generated_qc\YCA\YCA2021.WTH,wet_year;nitrogen_stress_year;low_response_year,wet,YCA2021_normal_grid_S0013,irrigation_positive_candidate,2021-07-27,208,45,40,"{""sim_day"": 45.0, ""doy"": 208.0, ""topwt"": 4315.4693603515625, ""grnwt"": 0.0, ""xlai"": 3.690114736557007, ""totir"": 0.0, ""tofer"": NaN, ""swfac"": 0.0, ""nstres"": 0.0249242782592773}",0.0,0.0249242782592773,4315.4693603515625,0.0,3.690114736557007,0.0,,0.0,0.0,30.0,150.0,23.223071289062503,35.2230712890625,Leave_One_experiments/all_year_offline_schedule_search/daily_outputs/YCA/YCA_2021_YCA2021_normal_grid_S0013_daily.csv
YCA,YCA,Yucheng,2021,Leave_One_experiments\wth_generated_qc\YCA\YCA2021.WTH,wet_year;nitrogen_stress_year;low_response_year,wet,YCA2021_normal_grid_S0013,irrigation_positive_candidate,2021-07-28,209,46,41,"{""sim_day"": 46.0, ""doy"": 209.0, ""topwt"": 4366.2823486328125, ""grnwt"": 0.0, ""xlai"": 3.691097497940064, ""totir"": 0.0, ""tofer"": NaN, ""swfac"": 0.0, ""nstres"": 0.0389887690544128}",0.0,0.0389887690544128,4366.2823486328125,0.0,3.691097497940064,0.0,,0.0,0.0,30.0,150.0,23.223071289062503,35.2230712890625,Leave_One_experiments/all_year_offline_schedule_search/daily_outputs/YCA/YCA_2021_YCA2021_normal_grid_S0013_daily.csv
YCA,YCA,Yucheng,2021,Leave_One_experiments\wth_generated_qc\YCA\YCA2021.WTH,wet_year;nitrogen_stress_year;low_response_year,wet,YCA2021_normal_grid_S0013,irrigation_positive_candidate,2021-07-29,210,47,42,"{""sim_day"": 47.0, ""doy"": 210.0, ""topwt"": 4720.656127929688, ""grnwt"": 0.0, ""xlai"": 3.79527759552002, ""totir"": 0.0, ""tofer"": NaN, ""swfac"": 0.0, ""nstres"": 0.0480146408081054}",0.0,0.0480146408081054,4720.656127929688,0.0,3.79527759552002,0.0,,0.0,0.0,30.0,150.0,23.223071289062503,35.2230712890625,Leave_One_experiments/all_year_offline_schedule_search/daily_outputs/YCA/YCA_2021_YCA2021_normal_grid_S0013_daily.csv
YCA,YCA,Yucheng,2021,Leave_One_experiments\wth_generated_qc\YCA\YCA2021.WTH,wet_year;nitrogen_stress_year;low_response_year,wet,YCA2021_normal_grid_S0013,irrigation_positive_candidate,2021-07-30,211,48,43,"{""sim_day"": 48.0, ""doy"": 211.0, ""topwt"": 5167.778930664063, ""grnwt"": 0.0, ""xlai"": 4.000758647918701, ""totir"": 0.0, ""tofer"": NaN, ""swfac"": 0.0, ""nstres"": 0.044043481349945}",0.0,0.044043481349945,5167.778930664063,0.0,4.000758647918701,0.0,,0.0,0.0,30.0,150.0,23.223071289062503,35.2230712890625,Leave_One_experiments/all_year_offline_schedule_search/daily_outputs/YCA/YCA_2021_YCA2021_normal_grid_S0013_daily.csv
YCA,YCA,Yucheng,2021,Leave_One_experiments\wth_generated_qc\YCA\YCA2021.WTH,wet_year;nitrogen_stress_year;low_response_year,wet,YCA2021_normal_grid_S0013,irrigation_positive_candidate,2021-07-31,212,49,44,"{""sim_day"": 49.0, ""doy"": 212.0, ""topwt"": 5533.419799804688, ""grnwt"": 0.0, ""xlai"": 4.114295482635498, ""totir"": 0.0, ""tofer"": NaN, ""swfac"": 0.0, ""nstres"": 0.0710485577583313}",0.0,0.0710485577583313,5533.419799804688,0.0,4.114295482635498,0.0,,0.0,0.0,30.0,150.0,23.223071289062503,35.2230712890625,Leave_One_experiments/all_year_offline_schedule_search/daily_outputs/YCA/YCA_2021_YCA2021_normal_grid_S0013_daily.csv
YCA,YCA,Yucheng,2021,Leave_One_experiments\wth_generated_qc\YCA\YCA2021.WTH,wet_year;nitrogen_stress_year;low_response_year,wet,YCA2021_normal_grid_S0013,irrigation_positive_candidate,2021-08-01,213,50,45,"{""sim_day"": 50.0, ""doy"": 213.0, ""topwt"": 5861.890258789063, ""grnwt"": 0.0, ""xlai"": 4.178482532501221, ""totir"": 0.0, ""tofer"": NaN, ""swfac"": 0.0, ""nstres"": 0.1009671688079834}",0.0,0.1009671688079834,5861.890258789063,0.0,4.178482532501221,0.0,,0.0,0.0,30.0,150.0,23.223071289062503,35.2230712890625,Leave_One_experiments/all_year_offline_schedule_search/daily_outputs/YCA/YCA_2021_YCA2021_normal_grid_S0013_daily.csv
YCA,YCA,Yucheng,2021,Leave_One_experiments\wth_generated_qc\YCA\YCA2021.WTH,wet_year;nitrogen_stress_year;low_response_year,wet,YCA2021_normal_grid_S0013,irrigation_positive_candidate,2021-08-02,214,51,46,"{""sim_day"": 51.0, ""doy"": 214.0, ""topwt"": 6175.5267333984375, ""grnwt"": 0.0, ""xlai"": 4.215125560760498, ""totir"": 0.0, ""tofer"": NaN, ""swfac"": 0.0, ""nstres"": 0.1197154521942138}",0.0,0.1197154521942138,6175.5267333984375,0.0,4.215125560760498,0.0,,0.0,0.0,30.0,150.0,23.223071289062503,35.2230712890625,Leave_One_experiments/all_year_offline_schedule_search/daily_outputs/YCA/YCA_2021_YCA2021_normal_grid_S0013_daily.csv
YCA,YCA,Yucheng,2021,Leave_One_experiments\wth_generated_qc\YCA\YCA2021.WTH,wet_year;nitrogen_stress_year;low_response_year,wet,YCA2021_normal_grid_S0013,irrigation_positive_candidate,2021-08-03,215,52,47,"{""sim_day"": 52.0, ""doy"": 215.0, ""topwt"": 6470.982666015625, ""grnwt"": 0.0, ""xlai"": 4.230501651763916, ""totir"": 0.0, ""tofer"": NaN, ""swfac"": 0.0, ""nstres"": 0.1328843832015991}",0.0,0.1328843832015991,6470.982666015625,0.0,4.230501651763916,0.0,,0.0,0.0,30.0,150.0,23.223071289062503,35.2230712890625,Leave_One_experiments/all_year_offline_schedule_search/daily_outputs/YCA/YCA_2021_YCA2021_normal_grid_S0013_daily.csv
YCA,YCA,Yucheng,2021,Leave_One_experiments\wth_generated_qc\YCA\YCA2021.WTH,wet_year;nitrogen_stress_year;low_response_year,wet,YCA2021_normal_grid_S0013,irrigation_positive_candidate,2021-08-04,216,53,48,"{""sim_day"": 53.0, ""doy"": 216.0, ""topwt"": 6611.5032958984375, ""grnwt"": 0.0, ""xlai"": 4.192562103271484, ""totir"": 0.0, ""tofer"": NaN, ""swfac"": 0.0, ""nstres"": 0.1426721811294555}",0.0,0.1426721811294555,6611.5032958984375,0.0,4.192562103271484,0.0,,0.0,0.0,30.0,150.0,23.223071289062503,35.2230712890625,Leave_One_experiments/all_year_offline_schedule_search/daily_outputs/YCA/YCA_2021_YCA2021_normal_grid_S0013_daily.csv
YCA,YCA,Yucheng,2021,Leave_One_experiments\wth_generated_qc\YCA\YCA2021.WTH,wet_year;nitrogen_stress_year;low_response_year,wet,YCA2021_normal_grid_S0013,irrigation_positive_candidate,2021-08-05,217,54,49,"{""sim_day"": 54.0, ""doy"": 217.0, ""topwt"": 6869.569091796875, ""grnwt"": 0.0, ""xlai"": 4.179192543029785, ""totir"": 0.0, ""tofer"": NaN, ""swfac"": 0.0, ""nstres"": 0.1497629880905151}",0.0,0.1497629880905151,6869.569091796875,0.0,4.179192543029785,0.0,,0.0,0.0,30.0,150.0,23.223071289062503,35.2230712890625,Leave_One_experiments/all_year_offline_schedule_search/daily_outputs/YCA/YCA_2021_YCA2021_normal_grid_S0013_daily.csv
YCA,YCA,Yucheng,2021,Leave_One_experiments\wth_generated_qc\YCA\YCA2021.WTH,wet_year;nitrogen_stress_year;low_response_year,wet,YCA2021_normal_grid_S0013,irrigation_positive_candidate,2021-08-06,218,55,50,"{""sim_day"": 55.0, ""doy"": 218.0, ""topwt"": 7079.881591796875, ""grnwt"": 0.0, ""xlai"": 4.150626182556152, ""totir"": 0.0, ""tofer"": NaN, ""swfac"": 0.0, ""nstres"": 0.1505898833274841}",0.0,0.1505898833274841,7079.881591796875,0.0,4.150626182556152,0.0,,0.0,0.0,30.0,150.0,23.223071289062503,35.2230712890625,Leave_One_experiments/all_year_offline_schedule_search/daily_outputs/YCA/YCA_2021_YCA2021_normal_grid_S0013_daily.csv
YCA,YCA,Yucheng,2021,Leave_One_experiments\wth_generated_qc\YCA\YCA2021.WTH,wet_year;nitrogen_stress_year;low_response_year,wet,YCA2021_normal_grid_S0013,irrigation_positive_candidate,2021-08-07,219,56,51,"{""sim_day"": 56.0, ""doy"": 219.0, ""topwt"": 7320.728759765625, ""grnwt"": 0.0, ""xlai"": 4.127797603607178, ""totir"": 0.0, ""tofer"": NaN, ""swfac"": 0.0, ""nstres"": 0.1545726656913757}",0.0,0.1545726656913757,7320.728759765625,0.0,4.127797603607178,0.0,,0.0,0.0,30.0,150.0,23.223071289062503,35.2230712890625,Leave_One_experiments/all_year_offline_schedule_search/daily_outputs/YCA/YCA_2021_YCA2021_normal_grid_S0013_daily.csv
YCA,YCA,Yucheng,2021,Leave_One_experiments\wth_generated_qc\YCA\YCA2021.WTH,wet_year;nitrogen_stress_year;low_response_year,wet,YCA2021_normal_grid_S0013,irrigation_positive_candidate,2021-08-08,220,57,52,"{""sim_day"": 57.0, ""doy"": 220.0, ""topwt"": 7565.536499023437, ""grnwt"": 0.0, ""xlai"": 4.1049628257751465, ""totir"": 0.0, ""tofer"": NaN, ""swfac"": 0.0, ""nstres"": 0.1571481227874755}",0.0,0.1571481227874755,7565.536499023437,0.0,4.1049628257751465,0.0,,0.0,0.0,30.0,150.0,23.223071289062503,35.2230712890625,Leave_One_experiments/all_year_offline_schedule_search/daily_outputs/YCA/YCA_2021_YCA2021_normal_grid_S0013_daily.csv
YCA,YCA,Yucheng,2021,Leave_One_experiments\wth_generated_qc\YCA\YCA2021.WTH,wet_year;nitrogen_stress_year;low_response_year,wet,YCA2021_normal_grid_S0013,irrigation_positive_candidate,2021-08-09,221,58,53,"{""sim_day"": 58.0, ""doy"": 221.0, ""topwt"": 7815.17578125, ""grnwt"": 0.0, ""xlai"": 4.083792686462402, ""totir"": 0.0, ""tofer"": NaN, ""swfac"": 0.0, ""nstres"": 0.1569361686706543}",0.0,0.1569361686706543,7815.17578125,0.0,4.083792686462402,0.0,,0.0,0.0,30.0,150.0,23.223071289062503,35.2230712890625,Leave_One_experiments/all_year_offline_schedule_search/daily_outputs/YCA/YCA_2021_YCA2021_normal_grid_S0013_daily.csv
YCA,YCA,Yucheng,2021,Leave_One_experiments\wth_generated_qc\YCA\YCA2021.WTH,wet_year;nitrogen_stress_year;low_response_year,wet,YCA2021_normal_grid_S0013,irrigation_positive_candidate,2021-08-10,222,59,54,"{""sim_day"": 59.0, ""doy"": 222.0, ""topwt"": 8059.34326171875, ""grnwt"": 0.0, ""xlai"": 4.061692714691162, ""totir"": 0.0, ""tofer"": NaN, ""swfac"": 0.0, ""nstres"": 0.1569052934646606}",0.0,0.1569052934646606,8059.34326171875,0.0,4.061692714691162,0.0,,0.0,0.0,30.0,150.0,23.223071289062503,35.2230712890625,Leave_One_experiments/all_year_offline_schedule_search/daily_outputs/YCA/YCA_2021_YCA2021_normal_grid_S0013_daily.csv
YCA,YCA,Yucheng,2021,Leave_One_experiments\wth_generated_qc\YCA\YCA2021.WTH,wet_year;nitrogen_stress_year;low_response_year,wet,YCA2021_normal_grid_S0013,irrigation_positive_candidate,2021-08-11,223,60,55,"{""sim_day"": 60.0, ""doy"": 223.0, ""topwt"": 8194.404296875, ""grnwt"": 0.0, ""xlai"": 3.982550382614136, ""totir"": 0.0, ""tofer"": NaN, ""swfac"": 0.0, ""nstres"": 0.1558802127838134}",0.0,0.1558802127838134,8194.404296875,0.0,3.982550382614136,0.0,,0.0,0.0,30.0,150.0,23.223071289062503,35.2230712890625,Leave_One_experiments/all_year_offline_schedule_search/daily_outputs/YCA/YCA_2021_YCA2021_normal_grid_S0013_daily.csv
YCA,YCA,Yucheng,2021,Leave_One_experiments\wth_generated_qc\YCA\YCA2021.WTH,wet_year;nitrogen_stress_year;low_response_year,wet,YCA2021_normal_grid_S0013,irrigation_positive_candidate,2021-08-12,224,61,56,"{""sim_day"": 61.0, ""doy"": 224.0, ""topwt"": 8408.331298828125, ""grnwt"": 0.0, ""xlai"": 3.908005714416504, ""totir"": 0.0, ""tofer"": NaN, ""swfac"": 0.0, ""nstres"": 0.1497417688369751}",0.0,0.1497417688369751,8408.331298828125,0.0,3.908005714416504,0.0,,0.0,0.0,30.0,150.0,23.223071289062503,35.2230712890625,Leave_One_experiments/all_year_offline_schedule_search/daily_outputs/YCA/YCA_2021_YCA2021_normal_grid_S0013_daily.csv
YCA,YCA,Yucheng,2021,Leave_One_experiments\wth_generated_qc\YCA\YCA2021.WTH,wet_year;nitrogen_stress_year;low_response_year,wet,YCA2021_normal_grid_S0013,irrigation_positive_candidate,2021-08-13,225,62,57,"{""sim_day"": 62.0, ""doy"": 225.0, ""topwt"": 8748.845825195312, ""grnwt"": 0.0, ""xlai"": 3.837280750274658, ""totir"": 0.0, ""tofer"": NaN, ""swfac"": 0.0, ""nstres"": 0.1447802782058715}",0.0,0.1447802782058715,8748.845825195312,0.0,3.837280750274658,0.0,,0.0,0.0,30.0,150.0,23.223071289062503,35.2230712890625,Leave_One_experiments/all_year_offline_schedule_search/daily_outputs/YCA/YCA_2021_YCA2021_normal_grid_S0013_daily.csv
YCA,YCA,Yucheng,2021,Leave_One_experiments\wth_generated_qc\YCA\YCA2021.WTH,wet_year;nitrogen_stress_year;low_response_year,wet,YCA2021_normal_grid_S0013,irrigation_positive_candidate,2021-08-14,226,63,58,"{""sim_day"": 63.0, ""doy"": 226.0, ""topwt"": 9030.780029296877, ""grnwt"": 0.0, ""xlai"": 3.769749402999878, ""totir"": 0.0, ""tofer"": NaN, ""swfac"": 0.0, ""nstres"": 0.1407893896102905}",0.0,0.1407893896102905,9030.780029296877,0.0,3.769749402999878,0.0,,0.0,0.0,30.0,150.0,23.223071289062503,35.2230712890625,Leave_One_experiments/all_year_offline_schedule_search/daily_outputs/YCA/YCA_2021_YCA2021_normal_grid_S0013_daily.csv
YCA,YCA,Yucheng,2021,Leave_One_experiments\wth_generated_qc\YCA\YCA2021.WTH,wet_year;nitrogen_stress_year;low_response_year,wet,YCA2021_normal_grid_S0013,irrigation_positive_candidate,2021-08-15,227,64,59,"{""sim_day"": 64.0, ""doy"": 227.0, ""topwt"": 9346.116943359377, ""grnwt"": 0.0, ""xlai"": 3.7041170597076416, ""totir"": 0.0, ""tofer"": NaN, ""swfac"": 0.0, ""nstres"": 0.1392824649810791}",0.0,0.1392824649810791,9346.116943359377,0.0,3.7041170597076416,0.0,,0.0,0.0,30.0,150.0,23.223071289062503,35.2230712890625,Leave_One_experiments/all_year_offline_schedule_search/daily_outputs/YCA/YCA_2021_YCA2021_normal_grid_S0013_daily.csv
YCA,YCA,Yucheng,2021,Leave_One_experiments\wth_generated_qc\YCA\YCA2021.WTH,wet_year;nitrogen_stress_year;low_response_year,wet,YCA2021_normal_grid_S0013,irrigation_positive_candidate,2021-08-16,228,65,60,"{""sim_day"": 65.0, ""doy"": 228.0, ""topwt"": 9585.345458984377, ""grnwt"": 0.0, ""xlai"": 3.641340970993042, ""totir"": 0.0, ""tofer"": NaN, ""swfac"": 0.0, ""nstres"": 0.13558030128479}",0.0,0.13558030128479,9585.345458984377,0.0,3.641340970993042,0.0,,0.0,50.0,30.0,150.0,23.223071289062503,35.2230712890625,Leave_One_experiments/all_year_offline_schedule_search/daily_outputs/YCA/YCA_2021_YCA2021_normal_grid_S0013_daily.csv
YCA,YCA,Yucheng,2021,Leave_One_experiments\wth_generated_qc\YCA\YCA2021.WTH,wet_year;nitrogen_stress_year;low_response_year,wet,YCA2021_normal_grid_S0013,irrigation_positive_candidate,2021-08-17,229,66,61,"{""sim_day"": 66.0, ""doy"": 229.0, ""topwt"": 9910.376586914062, ""grnwt"": 0.0, ""xlai"": 3.6008636951446533, ""totir"": 0.0, ""tofer"": NaN, ""swfac"": 0.0, ""nstres"": 0.0889288187026977}",0.0,0.0889288187026977,9910.376586914062,0.0,3.6008636951446533,0.0,,0.0,0.0,30.0,150.0,23.223071289062503,35.2230712890625,Leave_One_experiments/all_year_offline_schedule_search/daily_outputs/YCA/YCA_2021_YCA2021_normal_grid_S0013_daily.csv
YCA,YCA,Yucheng,2021,Leave_One_experiments\wth_generated_qc\YCA\YCA2021.WTH,wet_year;nitrogen_stress_year;low_response_year,wet,YCA2021_normal_grid_S0013,irrigation_positive_candidate,2021-08-18,230,67,62,"{""sim_day"": 67.0, ""doy"": 230.0, ""topwt"": 9985.010375976562, ""grnwt"": 0.0, ""xlai"": 3.5821292400360107, ""totir"": 0.0, ""tofer"": NaN, ""swfac"": 0.0, ""nstres"": 0.0416218042373657}",0.0,0.0416218042373657,9985.010375976562,0.0,3.5821292400360107,0.0,,0.0,0.0,30.0,150.0,23.223071289062503,35.2230712890625,Leave_One_experiments/all_year_offline_schedule_search/daily_outputs/YCA/YCA_2021_YCA2021_normal_grid_S0013_daily.csv
YCA,YCA,Yucheng,2021,Leave_One_experiments\wth_generated_qc\YCA\YCA2021.WTH,wet_year;nitrogen_stress_year;low_response_year,wet,YCA2021_normal_grid_S0013,irrigation_positive_candidate,2021-08-19,231,68,63,"{""sim_day"": 68.0, ""doy"": 231.0, ""topwt"": 10039.812622070312, ""grnwt"": 0.0, ""xlai"": 3.5788228511810303, ""totir"": 0.0, ""tofer"": NaN, ""swfac"": 0.0, ""nstres"": 0.0073833465576171}",0.0,0.0073833465576171,10039.812622070312,0.0,3.5788228511810303,0.0,,0.0,0.0,30.0,150.0,23.223071289062503,35.2230712890625,Leave_One_experiments/all_year_offline_schedule_search/daily_outputs/YCA/YCA_2021_YCA2021_normal_grid_S0013_daily.csv
YCA,YCA,Yucheng,2021,Leave_One_experiments\wth_generated_qc\YCA\YCA2021.WTH,wet_year;nitrogen_stress_year;low_response_year,wet,YCA2021_normal_grid_S0013,irrigation_positive_candidate,2021-08-20,232,69,64,"{""sim_day"": 69.0, ""doy"": 232.0, ""topwt"": 10343.49365234375, ""grnwt"": 0.0, ""xlai"": 3.5788228511810303, ""totir"": 0.0, ""tofer"": NaN, ""swfac"": 0.0, ""nstres"": 0.0}",0.0,0.0,10343.49365234375,0.0,3.5788228511810303,0.0,,0.0,0.0,30.0,150.0,23.223071289062503,35.2230712890625,Leave_One_experiments/all_year_offline_schedule_search/daily_outputs/YCA/YCA_2021_YCA2021_normal_grid_S0013_daily.csv
YCA,YCA,Yucheng,2021,Leave_One_experiments\wth_generated_qc\YCA\YCA2021.WTH,wet_year;nitrogen_stress_year;low_response_year,wet,YCA2021_normal_grid_S0013,irrigation_positive_candidate,2021-08-21,233,70,65,"{""sim_day"": 70.0, ""doy"": 233.0, ""topwt"": 10479.364013671877, ""grnwt"": 236.68079376220703, ""xlai"": 3.5788228511810303, ""totir"": 30.0, ""tofer"": NaN, ""swfac"": 0.0, ""nstres"": 0.0}",0.0,0.0,10479.364013671877,236.68079376220703,3.5788228511810303,30.0,,30.0,0.0,30.0,150.0,23.223071289062503,35.2230712890625,Leave_One_experiments/all_year_offline_schedule_search/daily_outputs/YCA/YCA_2021_YCA2021_normal_grid_S0013_daily.csv
YCA,YCA,Yucheng,2021,Leave_One_experiments\wth_generated_qc\YCA\YCA2021.WTH,wet_year;nitrogen_stress_year;low_response_year,wet,YCA2021_normal_grid_S0013,irrigation_positive_candidate,2021-08-22,234,71,66,"{""sim_day"": 71.0, ""doy"": 234.0, ""topwt"": 10797.569580078123, ""grnwt"": 473.36158752441406, ""xlai"": 3.5788228511810303, ""totir"": 30.0, ""tofer"": NaN, ""swfac"": 0.0, ""nstres"": 0.0}",0.0,0.0,10797.569580078123,473.36158752441406,3.5788228511810303,30.0,,0.0,0.0,30.0,150.0,23.223071289062503,35.2230712890625,Leave_One_experiments/all_year_offline_schedule_search/daily_outputs/YCA/YCA_2021_YCA2021_normal_grid_S0013_daily.csv
YCA,YCA,Yucheng,2021,Leave_One_experiments\wth_generated_qc\YCA\YCA2021.WTH,wet_year;nitrogen_stress_year;low_response_year,wet,YCA2021_normal_grid_S0013,irrigation_positive_candidate,2021-08-23,235,72,67,"{""sim_day"": 72.0, ""doy"": 235.0, ""topwt"": 11053.536376953123, ""grnwt"": 710.0423431396484, ""xlai"": 3.5788228511810303, ""totir"": 30.0, ""tofer"": NaN, ""swfac"": 0.0, ""nstres"": 0.0}",0.0,0.0,11053.536376953123,710.0423431396484,3.5788228511810303,30.0,,0.0,0.0,30.0,150.0,23.223071289062503,35.2230712890625,Leave_One_experiments/all_year_offline_schedule_search/daily_outputs/YCA/YCA_2021_YCA2021_normal_grid_S0013_daily.csv
YCA,YCA,Yucheng,2021,Leave_One_experiments\wth_generated_qc\YCA\YCA2021.WTH,wet_year;nitrogen_stress_year;low_response_year,wet,YCA2021_normal_grid_S0013,irrigation_positive_candidate,2021-08-24,236,73,68,"{""sim_day"": 73.0, ""doy"": 236.0, ""topwt"": 11290.21728515625, ""grnwt"": 946.723175048828, ""xlai"": 3.5788228511810303, ""totir"": 30.0, ""tofer"": NaN, ""swfac"": 0.0, ""nstres"": 0.0}",0.0,0.0,11290.21728515625,946.723175048828,3.5788228511810303,30.0,,0.0,0.0,30.0,150.0,23.223071289062503,35.2230712890625,Leave_One_experiments/all_year_offline_schedule_search/daily_outputs/YCA/YCA_2021_YCA2021_normal_grid_S0013_daily.csv
YCA,YCA,Yucheng,2021,Leave_One_experiments\wth_generated_qc\YCA\YCA2021.WTH,wet_year;nitrogen_stress_year;low_response_year,wet,YCA2021_normal_grid_S0013,irrigation_positive_candidate,2021-08-25,237,74,69,"{""sim_day"": 74.0, ""doy"": 237.0, ""topwt"": 11526.89697265625, ""grnwt"": 1183.4039306640625, ""xlai"": 3.5788228511810303, ""totir"": 30.0, ""tofer"": NaN, ""swfac"": 0.0, ""nstres"": 0.0}",0.0,0.0,11526.89697265625,1183.4039306640625,3.5788228511810303,30.0,,0.0,0.0,30.0,150.0,23.223071289062503,35.2230712890625,Leave_One_experiments/all_year_offline_schedule_search/daily_outputs/YCA/YCA_2021_YCA2021_normal_grid_S0013_daily.csv
YCA,YCA,Yucheng,2021,Leave_One_experiments\wth_generated_qc\YCA\YCA2021.WTH,wet_year;nitrogen_stress_year;low_response_year,wet,YCA2021_normal_grid_S0013,irrigation_positive_candidate,2021-08-26,238,75,70,"{""sim_day"": 75.0, ""doy"": 238.0, ""topwt"": 11763.577880859377, ""grnwt"": 1420.0846862792969, ""xlai"": 3.5788228511810303, ""totir"": 30.0, ""tofer"": NaN, ""swfac"": 0.0, ""nstres"": 0.0}",0.0,0.0,11763.577880859377,1420.0846862792969,3.5788228511810303,30.0,,0.0,0.0,30.0,150.0,23.223071289062503,35.2230712890625,Leave_One_experiments/all_year_offline_schedule_search/daily_outputs/YCA/YCA_2021_YCA2021_normal_grid_S0013_daily.csv
YCA,YCA,Yucheng,2021,Leave_One_experiments\wth_generated_qc\YCA\YCA2021.WTH,wet_year;nitrogen_stress_year;low_response_year,wet,YCA2021_normal_grid_S0013,irrigation_positive_candidate,2021-08-27,239,76,71,"{""sim_day"": 76.0, ""doy"": 239.0, ""topwt"": 12000.2587890625, ""grnwt"": 1656.765594482422, ""xlai"": 3.5788228511810303, ""totir"": 30.0, ""tofer"": NaN, ""swfac"": 0.0, ""nstres"": 0.0}",0.0,0.0,12000.2587890625,1656.765594482422,3.5788228511810303,30.0,,0.0,0.0,30.0,150.0,23.223071289062503,35.2230712890625,Leave_One_experiments/all_year_offline_schedule_search/daily_outputs/YCA/YCA_2021_YCA2021_normal_grid_S0013_daily.csv
YCA,YCA,Yucheng,2021,Leave_One_experiments\wth_generated_qc\YCA\YCA2021.WTH,wet_year;nitrogen_stress_year;low_response_year,wet,YCA2021_normal_grid_S0013,irrigation_positive_candidate,2021-08-28,240,77,72,"{""sim_day"": 77.0, ""doy"": 240.0, ""topwt"": 12092.8076171875, ""grnwt"": 1893.446350097656, ""xlai"": 3.5788228511810303, ""totir"": 30.0, ""tofer"": NaN, ""swfac"": 0.0, ""nstres"": 0.0}",0.0,0.0,12092.8076171875,1893.446350097656,3.5788228511810303,30.0,,0.0,0.0,30.0,150.0,23.223071289062503,35.2230712890625,Leave_One_experiments/all_year_offline_schedule_search/daily_outputs/YCA/YCA_2021_YCA2021_normal_grid_S0013_daily.csv
YCA,YCA,Yucheng,2021,Leave_One_experiments\wth_generated_qc\YCA\YCA2021.WTH,wet_year;nitrogen_stress_year;low_response_year,wet,YCA2021_normal_grid_S0013,irrigation_positive_candidate,2021-08-29,241,78,73,"{""sim_day"": 78.0, ""doy"": 241.0, ""topwt"": 12214.893798828123, ""grnwt"": 2130.1271057128906, ""xlai"": 3.5788228511810303, ""totir"": 30.0, ""tofer"": NaN, ""swfac"": 0.0, ""nstres"": 0.0}",0.0,0.0,12214.893798828123,2130.1271057128906,3.5788228511810303,30.0,,0.0,0.0,30.0,150.0,23.223071289062503,35.2230712890625,Leave_One_experiments/all_year_offline_schedule_search/daily_outputs/YCA/YCA_2021_YCA2021_normal_grid_S0013_daily.csv
YCA,YCA,Yucheng,2021,Leave_One_experiments\wth_generated_qc\YCA\YCA2021.WTH,wet_year;nitrogen_stress_year;low_response_year,wet,YCA2021_normal_grid_S0013,irrigation_positive_candidate,2021-08-30,242,79,74,"{""sim_day"": 79.0, ""doy"": 242.0, ""topwt"": 12297.59765625, ""grnwt"": 2366.807861328125, ""xlai"": 3.5788228511810303, ""totir"": 30.0, ""tofer"": NaN, ""swfac"": 0.0, ""nstres"": 0.0}",0.0,0.0,12297.59765625,2366.807861328125,3.5788228511810303,30.0,,0.0,0.0,30.0,150.0,23.223071289062503,35.2230712890625,Leave_One_experiments/all_year_offline_schedule_search/daily_outputs/YCA/YCA_2021_YCA2021_normal_grid_S0013_daily.csv
YCA,YCA,Yucheng,2021,Leave_One_experiments\wth_generated_qc\YCA\YCA2021.WTH,wet_year;nitrogen_stress_year;low_response_year,wet,YCA2021_normal_grid_S0013,irrigation_positive_candidate,2021-08-31,243,80,75,"{""sim_day"": 80.0, ""doy"": 243.0, ""topwt"": 12582.327880859377, ""grnwt"": 2603.4884643554688, ""xlai"": 3.5788228511810303, ""totir"": 30.0, ""tofer"": NaN, ""swfac"": 0.0, ""nstres"": 0.0}",0.0,0.0,12582.327880859377,2603.4884643554688,3.5788228511810303,30.0,,0.0,0.0,30.0,150.0,23.223071289062503,35.2230712890625,Leave_One_experiments/all_year_offline_schedule_search/daily_outputs/YCA/YCA_2021_YCA2021_normal_grid_S0013_daily.csv
YCA,YCA,Yucheng,2021,Leave_One_experiments\wth_generated_qc\YCA\YCA2021.WTH,wet_year;nitrogen_stress_year;low_response_year,wet,YCA2021_normal_grid_S0013,irrigation_positive_candidate,2021-09-01,244,81,76,"{""sim_day"": 81.0, ""doy"": 244.0, ""topwt"": 12897.581787109377, ""grnwt"": 2840.1690673828125, ""xlai"": 3.5788228511810303, ""totir"": 30.0, ""tofer"": NaN, ""swfac"": 0.0, ""nstres"": 0.0}",0.0,0.0,12897.581787109377,2840.1690673828125,3.5788228511810303,30.0,,0.0,0.0,30.0,150.0,23.223071289062503,35.2230712890625,Leave_One_experiments/all_year_offline_schedule_search/daily_outputs/YCA/YCA_2021_YCA2021_normal_grid_S0013_daily.csv
YCA,YCA,Yucheng,2021,Leave_One_experiments\wth_generated_qc\YCA\YCA2021.WTH,wet_year;nitrogen_stress_year;low_response_year,wet,YCA2021_normal_grid_S0013,irrigation_positive_candidate,2021-09-02,245,82,77,"{""sim_day"": 82.0, ""doy"": 245.0, ""topwt"": 13174.43603515625, ""grnwt"": 3076.849975585937, ""xlai"": 3.5788228511810303, ""totir"": 30.0, ""tofer"": NaN, ""swfac"": 0.0, ""nstres"": 0.0}",0.0,0.0,13174.43603515625,3076.849975585937,3.5788228511810303,30.0,,0.0,0.0,30.0,150.0,23.223071289062503,35.2230712890625,Leave_One_experiments/all_year_offline_schedule_search/daily_outputs/YCA/YCA_2021_YCA2021_normal_grid_S0013_daily.csv
YCA,YCA,Yucheng,2021,Leave_One_experiments\wth_generated_qc\YCA\YCA2021.WTH,wet_year;nitrogen_stress_year;low_response_year,wet,YCA2021_normal_grid_S0013,irrigation_positive_candidate,2021-09-03,246,83,78,"{""sim_day"": 83.0, ""doy"": 246.0, ""topwt"": 13290.615234375, ""grnwt"": 3313.530578613281, ""xlai"": 3.5788228511810303, ""totir"": 30.0, ""tofer"": NaN, ""swfac"": 0.0, ""nstres"": 0.0}",0.0,0.0,13290.615234375,3313.530578613281,3.5788228511810303,30.0,,0.0,0.0,30.0,150.0,23.223071289062503,35.2230712890625,Leave_One_experiments/all_year_offline_schedule_search/daily_outputs/YCA/YCA_2021_YCA2021_normal_grid_S0013_daily.csv
YCA,YCA,Yucheng,2021,Leave_One_experiments\wth_generated_qc\YCA\YCA2021.WTH,wet_year;nitrogen_stress_year;low_response_year,wet,YCA2021_normal_grid_S0013,irrigation_positive_candidate,2021-09-04,247,84,79,"{""sim_day"": 84.0, ""doy"": 247.0, ""topwt"": 13400.21728515625, ""grnwt"": 3550.211181640625, ""xlai"": 3.576115131378174, ""totir"": 30.0, ""tofer"": NaN, ""swfac"": 0.0, ""nstres"": 0.0060534477233886}",0.0,0.0060534477233886,13400.21728515625,3550.211181640625,3.576115131378174,30.0,,0.0,0.0,30.0,150.0,23.223071289062503,35.2230712890625,Leave_One_experiments/all_year_offline_schedule_search/daily_outputs/YCA/YCA_2021_YCA2021_normal_grid_S0013_daily.csv
YCA,YCA,Yucheng,2021,Leave_One_experiments\wth_generated_qc\YCA\YCA2021.WTH,wet_year;nitrogen_stress_year;low_response_year,wet,YCA2021_normal_grid_S0013,irrigation_positive_candidate,2021-09-05,248,85,80,"{""sim_day"": 85.0, ""doy"": 248.0, ""topwt"": 13529.061279296877, ""grnwt"": 3786.89208984375, ""xlai"": 3.5723440647125244, ""totir"": 30.0, ""tofer"": NaN, ""swfac"": 0.0, ""nstres"": 0.0084359645843505}",0.0,0.0084359645843505,13529.061279296877,3786.89208984375,3.5723440647125244,30.0,,0.0,0.0,30.0,150.0,23.223071289062503,35.2230712890625,Leave_One_experiments/all_year_offline_schedule_search/daily_outputs/YCA/YCA_2021_YCA2021_normal_grid_S0013_daily.csv
YCA,YCA,Yucheng,2021,Leave_One_experiments\wth_generated_qc\YCA\YCA2021.WTH,wet_year;nitrogen_stress_year;low_response_year,wet,YCA2021_normal_grid_S0013,irrigation_positive_candidate,2021-09-06,249,86,81,"{""sim_day"": 86.0, ""doy"": 249.0, ""topwt"": 13874.102783203123, ""grnwt"": 4023.5726928710938, ""xlai"": 3.567266702651977, ""totir"": 30.0, ""tofer"": NaN, ""swfac"": 0.0, ""nstres"": 0.0113699436187744}",0.0,0.0113699436187744,13874.102783203123,4023.5726928710938,3.567266702651977,30.0,,0.0,0.0,30.0,150.0,23.223071289062503,35.2230712890625,Leave_One_experiments/all_year_offline_schedule_search/daily_outputs/YCA/YCA_2021_YCA2021_normal_grid_S0013_daily.csv
YCA,YCA,Yucheng,2021,Leave_One_experiments\wth_generated_qc\YCA\YCA2021.WTH,wet_year;nitrogen_stress_year;low_response_year,wet,YCA2021_normal_grid_S0013,irrigation_positive_candidate,2021-09-07,250,87,82,"{""sim_day"": 87.0, ""doy"": 250.0, ""topwt"": 14217.120361328123, ""grnwt"": 4260.2532958984375, ""xlai"": 3.5602855682373047, ""totir"": 30.0, ""tofer"": NaN, ""swfac"": 0.0, ""nstres"": 0.0156564712524414}",0.0,0.0156564712524414,14217.120361328123,4260.2532958984375,3.5602855682373047,30.0,,0.0,0.0,30.0,150.0,23.223071289062503,35.2230712890625,Leave_One_experiments/all_year_offline_schedule_search/daily_outputs/YCA/YCA_2021_YCA2021_normal_grid_S0013_daily.csv
YCA,YCA,Yucheng,2021,Leave_One_experiments\wth_generated_qc\YCA\YCA2021.WTH,wet_year;nitrogen_stress_year;low_response_year,wet,YCA2021_normal_grid_S0013,irrigation_positive_candidate,2021-09-08,251,88,83,"{""sim_day"": 88.0, ""doy"": 251.0, ""topwt"": 14549.33837890625, ""grnwt"": 4496.9342041015625, ""xlai"": 3.5435261726379395, ""totir"": 30.0, ""tofer"": NaN, ""swfac"": 0.0, ""nstres"": 0.037658154964447}",0.0,0.037658154964447,14549.33837890625,4496.9342041015625,3.5435261726379395,30.0,,0.0,0.0,30.0,150.0,23.223071289062503,35.2230712890625,Leave_One_experiments/all_year_offline_schedule_search/daily_outputs/YCA/YCA_2021_YCA2021_normal_grid_S0013_daily.csv
YCA,YCA,Yucheng,2021,Leave_One_experiments\wth_generated_qc\YCA\YCA2021.WTH,wet_year;nitrogen_stress_year;low_response_year,wet,YCA2021_normal_grid_S0013,irrigation_positive_candidate,2021-09-09,252,89,84,"{""sim_day"": 89.0, ""doy"": 252.0, ""topwt"": 14860.19287109375, ""grnwt"": 4733.615112304688, ""xlai"": 3.517920732498169, ""totir"": 30.0, ""tofer"": NaN, ""swfac"": 0.0, ""nstres"": 0.0578073263168334}",0.0,0.0578073263168334,14860.19287109375,4733.615112304688,3.517920732498169,30.0,,0.0,0.0,30.0,150.0,23.223071289062503,35.2230712890625,Leave_One_experiments/all_year_offline_schedule_search/daily_outputs/YCA/YCA_2021_YCA2021_normal_grid_S0013_daily.csv
YCA,YCA,Yucheng,2021,Leave_One_experiments\wth_generated_qc\YCA\YCA2021.WTH,wet_year;nitrogen_stress_year;low_response_year,wet,YCA2021_normal_grid_S0013,irrigation_positive_candidate,2021-09-10,253,90,85,"{""sim_day"": 90.0, ""doy"": 253.0, ""topwt"": 15169.102783203123, ""grnwt"": 4968.816833496094, ""xlai"": 3.4213976860046387, ""totir"": 30.0, ""tofer"": NaN, ""swfac"": 0.0, ""nstres"": 0.0754581689834594}",0.0,0.0754581689834594,15169.102783203123,4968.816833496094,3.4213976860046387,30.0,,0.0,0.0,30.0,150.0,23.223071289062503,35.2230712890625,Leave_One_experiments/all_year_offline_schedule_search/daily_outputs/YCA/YCA_2021_YCA2021_normal_grid_S0013_daily.csv
YCA,YCA,Yucheng,2021,Leave_One_experiments\wth_generated_qc\YCA\YCA2021.WTH,wet_year;nitrogen_stress_year;low_response_year,wet,YCA2021_normal_grid_S0013,irrigation_positive_candidate,2021-09-11,254,91,86,"{""sim_day"": 91.0, ""doy"": 254.0, ""topwt"": 15462.738037109377, ""grnwt"": 5205.4974365234375, ""xlai"": 3.294041395187378, ""totir"": 30.0, ""tofer"": NaN, ""swfac"": 0.0, ""nstres"": 0.0912093520164489}",0.0,0.0912093520164489,15462.738037109377,5205.4974365234375,3.294041395187378,30.0,,0.0,0.0,30.0,150.0,23.223071289062503,35.2230712890625,Leave_One_experiments/all_year_offline_schedule_search/daily_outputs/YCA/YCA_2021_YCA2021_normal_grid_S0013_daily.csv
YCA,YCA,Yucheng,2021,Leave_One_experiments\wth_generated_qc\YCA\YCA2021.WTH,wet_year;nitrogen_stress_year;low_response_year,wet,YCA2021_normal_grid_S0013,irrigation_positive_candidate,2021-09-12,255,92,87,"{""sim_day"": 92.0, ""doy"": 255.0, ""topwt"": 15736.19384765625, ""grnwt"": 5442.1783447265625, ""xlai"": 3.1620423793792725, ""totir"": 30.0, ""tofer"": NaN, ""swfac"": 0.0, ""nstres"": 0.1069049835205078}",0.0,0.1069049835205078,15736.19384765625,5442.1783447265625,3.1620423793792725,30.0,,0.0,0.0,30.0,150.0,23.223071289062503,35.2230712890625,Leave_One_experiments/all_year_offline_schedule_search/daily_outputs/YCA/YCA_2021_YCA2021_normal_grid_S0013_daily.csv
YCA,YCA,Yucheng,2021,Leave_One_experiments\wth_generated_qc\YCA\YCA2021.WTH,wet_year;nitrogen_stress_year;low_response_year,wet,YCA2021_normal_grid_S0013,irrigation_positive_candidate,2021-09-13,256,93,88,"{""sim_day"": 93.0, ""doy"": 256.0, ""topwt"": 16014.683837890623, ""grnwt"": 5678.859252929688, ""xlai"": 3.0285418033599854, ""totir"": 30.0, ""tofer"": NaN, ""swfac"": 0.0, ""nstres"": 0.1214619278907775}",0.0,0.1214619278907775,16014.683837890623,5678.859252929688,3.0285418033599854,30.0,,0.0,0.0,30.0,150.0,23.223071289062503,35.2230712890625,Leave_One_experiments/all_year_offline_schedule_search/daily_outputs/YCA/YCA_2021_YCA2021_normal_grid_S0013_daily.csv
YCA,YCA,Yucheng,2021,Leave_One_experiments\wth_generated_qc\YCA\YCA2021.WTH,wet_year;nitrogen_stress_year;low_response_year,wet,YCA2021_normal_grid_S0013,irrigation_positive_candidate,2021-09-14,257,94,89,"{""sim_day"": 94.0, ""doy"": 257.0, ""topwt"": 16259.03564453125, ""grnwt"": 5915.5401611328125, ""xlai"": 2.909127950668335, ""totir"": 30.0, ""tofer"": NaN, ""swfac"": 0.0, ""nstres"": 0.1360070705413818}",0.0,0.1360070705413818,16259.03564453125,5915.5401611328125,2.909127950668335,30.0,,0.0,0.0,30.0,150.0,23.223071289062503,35.2230712890625,Leave_One_experiments/all_year_offline_schedule_search/daily_outputs/YCA/YCA_2021_YCA2021_normal_grid_S0013_daily.csv
YCA,YCA,Yucheng,2021,Leave_One_experiments\wth_generated_qc\YCA\YCA2021.WTH,wet_year;nitrogen_stress_year;low_response_year,wet,YCA2021_normal_grid_S0013,irrigation_positive_candidate,2021-09-15,258,95,90,"{""sim_day"": 95.0, ""doy"": 258.0, ""topwt"": 16477.14111328125, ""grnwt"": 6152.2216796875, ""xlai"": 2.790834188461304, ""totir"": 30.0, ""tofer"": NaN, ""swfac"": 0.0, ""nstres"": 0.1515401005744934}",0.0,0.1515401005744934,16477.14111328125,6152.2216796875,2.790834188461304,30.0,,0.0,0.0,30.0,150.0,23.223071289062503,35.2230712890625,Leave_One_experiments/all_year_offline_schedule_search/daily_outputs/YCA/YCA_2021_YCA2021_normal_grid_S0013_daily.csv
YCA,YCA,Yucheng,2021,Leave_One_experiments\wth_generated_qc\YCA\YCA2021.WTH,wet_year;nitrogen_stress_year;low_response_year,wet,YCA2021_normal_grid_S0013,irrigation_positive_candidate,2021-09-16,259,96,91,"{""sim_day"": 96.0, ""doy"": 259.0, ""topwt"": 16672.327880859375, ""grnwt"": 6388.902587890625, ""xlai"": 2.650905132293701, ""totir"": 30.0, ""tofer"": NaN, ""swfac"": 0.0, ""nstres"": 0.163948655128479}",0.0,0.163948655128479,16672.327880859375,6388.902587890625,2.650905132293701,30.0,,0.0,0.0,30.0,150.0,23.223071289062503,35.2230712890625,Leave_One_experiments/all_year_offline_schedule_search/daily_outputs/YCA/YCA_2021_YCA2021_normal_grid_S0013_daily.csv
YCA,YCA,Yucheng,2021,Leave_One_experiments\wth_generated_qc\YCA\YCA2021.WTH,wet_year;nitrogen_stress_year;low_response_year,wet,YCA2021_normal_grid_S0013,irrigation_positive_candidate,2021-09-17,260,97,92,"{""sim_day"": 97.0, ""doy"": 260.0, ""topwt"": 16728.822021484375, ""grnwt"": 6625.58349609375, ""xlai"": 2.539555549621582, ""totir"": 30.0, ""tofer"": NaN, ""swfac"": 0.0, ""nstres"": 0.1770868897438049}",0.0,0.1770868897438049,16728.822021484375,6625.58349609375,2.539555549621582,30.0,,0.0,0.0,30.0,150.0,23.223071289062503,35.2230712890625,Leave_One_experiments/all_year_offline_schedule_search/daily_outputs/YCA/YCA_2021_YCA2021_normal_grid_S0013_daily.csv
YCA,YCA,Yucheng,2021,Leave_One_experiments\wth_generated_qc\YCA\YCA2021.WTH,wet_year;nitrogen_stress_year;low_response_year,wet,YCA2021_normal_grid_S0013,irrigation_positive_candidate,2021-09-18,261,98,93,"{""sim_day"": 98.0, ""doy"": 261.0, ""topwt"": 16760.509033203125, ""grnwt"": 6862.264404296875, ""xlai"": 2.447378158569336, ""totir"": 30.0, ""tofer"": NaN, ""swfac"": 0.0, ""nstres"": 0.1904361844062805}",0.0,0.1904361844062805,16760.509033203125,6862.264404296875,2.447378158569336,30.0,,0.0,0.0,30.0,150.0,23.223071289062503,35.2230712890625,Leave_One_experiments/all_year_offline_schedule_search/daily_outputs/YCA/YCA_2021_YCA2021_normal_grid_S0013_daily.csv
YCA,YCA,Yucheng,2021,Leave_One_experiments\wth_generated_qc\YCA\YCA2021.WTH,wet_year;nitrogen_stress_year;low_response_year,wet,YCA2021_normal_grid_S0013,irrigation_positive_candidate,2021-09-19,262,99,94,"{""sim_day"": 99.0, ""doy"": 262.0, ""topwt"": 16852.515869140625, ""grnwt"": 7098.9453125, ""xlai"": 2.322758674621582, ""totir"": 30.0, ""tofer"": NaN, ""swfac"": 0.0, ""nstres"": 0.1933379769325256}",0.0,0.1933379769325256,16852.515869140625,7098.9453125,2.322758674621582,30.0,,0.0,0.0,30.0,150.0,23.223071289062503,35.2230712890625,Leave_One_experiments/all_year_offline_schedule_search/daily_outputs/YCA/YCA_2021_YCA2021_normal_grid_S0013_daily.csv
YCA,YCA,Yucheng,2021,Leave_One_experiments\wth_generated_qc\YCA\YCA2021.WTH,wet_year;nitrogen_stress_year;low_response_year,wet,YCA2021_normal_grid_S0013,irrigation_positive_candidate,2021-09-20,263,100,95,"{""sim_day"": 100.0, ""doy"": 263.0, ""topwt"": 17121.24267578125, ""grnwt"": 7335.626220703125, ""xlai"": 2.1528091430664062, ""totir"": 30.0, ""tofer"": NaN, ""swfac"": 0.0, ""nstres"": 0.1937662959098816}",0.0,0.1937662959098816,17121.24267578125,7335.626220703125,2.1528091430664062,30.0,,0.0,0.0,30.0,150.0,23.223071289062503,35.2230712890625,Leave_One_experiments/all_year_offline_schedule_search/daily_outputs/YCA/YCA_2021_YCA2021_normal_grid_S0013_daily.csv
YCA,YCA,Yucheng,2021,Leave_One_experiments\wth_generated_qc\YCA\YCA2021.WTH,wet_year;nitrogen_stress_year;low_response_year,wet,YCA2021_normal_grid_S0013,irrigation_positive_candidate,2021-09-21,264,101,96,"{""sim_day"": 101.0, ""doy"": 264.0, ""topwt"": 17378.359375, ""grnwt"": 7572.30712890625, ""xlai"": 1.9879246950149536, ""totir"": 30.0, ""tofer"": NaN, ""swfac"": 0.0, ""nstres"": 0.2026141285896301}",0.0,0.2026141285896301,17378.359375,7572.30712890625,1.9879246950149536,30.0,,0.0,0.0,30.0,150.0,23.223071289062503,35.2230712890625,Leave_One_experiments/all_year_offline_schedule_search/daily_outputs/YCA/YCA_2021_YCA2021_normal_grid_S0013_daily.csv
YCA,YCA,Yucheng,2021,Leave_One_experiments\wth_generated_qc\YCA\YCA2021.WTH,wet_year;nitrogen_stress_year;low_response_year,wet,YCA2021_normal_grid_S0013,irrigation_positive_candidate,2021-09-22,265,102,97,"{""sim_day"": 102.0, ""doy"": 265.0, ""topwt"": 17378.359375, ""grnwt"": 7572.30712890625, ""xlai"": 1.9879246950149536, ""totir"": 30.0, ""tofer"": NaN, ""swfac"": 0.0, ""nstres"": 0.2660638093948364}",0.0,0.2660638093948364,17378.359375,7572.30712890625,1.9879246950149536,30.0,,0.0,0.0,30.0,150.0,23.223071289062503,35.2230712890625,Leave_One_experiments/all_year_offline_schedule_search/daily_outputs/YCA/YCA_2021_YCA2021_normal_grid_S0013_daily.csv
YCA,YCA,Yucheng,2021,Leave_One_experiments\wth_generated_qc\YCA\YCA2021.WTH,wet_year;nitrogen_stress_year;low_response_year,wet,YCA2021_normal_grid_S0013,irrigation_positive_candidate,2021-09-23,266,103,98,"{""sim_day"": 103.0, ""doy"": 266.0, ""topwt"": 17378.359375, ""grnwt"": 7572.30712890625, ""xlai"": 1.9879246950149536, ""totir"": 30.0, ""tofer"": NaN, ""swfac"": 0.0, ""nstres"": 0.2660638093948364}",0.0,0.2660638093948364,17378.359375,7572.30712890625,1.9879246950149536,30.0,,0.0,0.0,30.0,150.0,23.223071289062503,35.2230712890625,Leave_One_experiments/all_year_offline_schedule_search/daily_outputs/YCA/YCA_2021_YCA2021_normal_grid_S0013_daily.csv
YCA,YCA,Yucheng,2021,Leave_One_experiments\wth_generated_qc\YCA\YCA2021.WTH,wet_year;nitrogen_stress_year;low_response_year,wet,YCA2021_normal_grid_S0013,irrigation_positive_candidate,2021-09-24,267,104,99,"{""sim_day"": 104.0, ""doy"": 267.0, ""topwt"": 17378.359375, ""grnwt"": 7572.30712890625, ""xlai"": 1.9879246950149536, ""totir"": 30.0, ""tofer"": NaN, ""swfac"": 0.0, ""nstres"": 0.2660638093948364}",0.0,0.2660638093948364,17378.359375,7572.30712890625,1.9879246950149536,30.0,,0.0,0.0,30.0,150.0,23.223071289062503,35.2230712890625,Leave_One_experiments/all_year_offline_schedule_search/daily_outputs/YCA/YCA_2021_YCA2021_normal_grid_S0013_daily.csv
YCA,YCA,Yucheng,2021,Leave_One_experiments\wth_generated_qc\YCA\YCA2021.WTH,wet_year;nitrogen_stress_year;low_response_year,wet,YCA2021_normal_grid_S0028,low_input_within_10pct_yield,2021-06-18,169,1,1,"{""sim_day"": 1.0, ""doy"": 169.0, ""topwt"": 0.0, ""grnwt"": 0.0, ""xlai"": 0.0, ""totir"": 0.0, ""tofer"": NaN, ""swfac"": 0.0, ""nstres"": 0.0}",0.0,0.0,0.0,0.0,0.0,0.0,,0.0,80.0,0.0,180.0,36.5325927734375,36.5325927734375,Leave_One_experiments/all_year_offline_schedule_search/daily_outputs/YCA/YCA_2021_YCA2021_normal_grid_S0028_daily.csv
YCA,YCA,Yucheng,2021,Leave_One_experiments\wth_generated_qc\YCA\YCA2021.WTH,wet_year;nitrogen_stress_year;low_response_year,wet,YCA2021_normal_grid_S0028,low_input_within_10pct_yield,2021-06-19,170,2,2,"{""sim_day"": 2.0, ""doy"": 170.0, ""topwt"": 0.0, ""grnwt"": 0.0, ""xlai"": 0.0, ""totir"": 0.0, ""tofer"": NaN, ""swfac"": 0.0, ""nstres"": 0.0}",0.0,0.0,0.0,0.0,0.0,0.0,,0.0,0.0,0.0,180.0,36.5325927734375,36.5325927734375,Leave_One_experiments/all_year_offline_schedule_search/daily_outputs/YCA/YCA_2021_YCA2021_normal_grid_S0028_daily.csv
YCA,YCA,Yucheng,2021,Leave_One_experiments\wth_generated_qc\YCA\YCA2021.WTH,wet_year;nitrogen_stress_year;low_response_year,wet,YCA2021_normal_grid_S0028,low_input_within_10pct_yield,2021-06-20,171,3,3,"{""sim_day"": 3.0, ""doy"": 171.0, ""topwt"": 0.0, ""grnwt"": 0.0, ""xlai"": 0.0, ""totir"": 0.0, ""tofer"": NaN, ""swfac"": 0.0, ""nstres"": 0.0}",0.0,0.0,0.0,0.0,0.0,0.0,,0.0,0.0,0.0,180.0,36.5325927734375,36.5325927734375,Leave_One_experiments/all_year_offline_schedule_search/daily_outputs/YCA/YCA_2021_YCA2021_normal_grid_S0028_daily.csv
YCA,YCA,Yucheng,2021,Leave_One_experiments\wth_generated_qc\YCA\YCA2021.WTH,wet_year;nitrogen_stress_year;low_response_year,wet,YCA2021_normal_grid_S0028,low_input_within_10pct_yield,2021-06-21,172,4,4,"{""sim_day"": 4.0, ""doy"": 172.0, ""topwt"": 0.0, ""grnwt"": 0.0, ""xlai"": 0.0, ""totir"": 0.0, ""tofer"": NaN, ""swfac"": 0.0, ""nstres"": 0.0}",0.0,0.0,0.0,0.0,0.0,0.0,,0.0,0.0,0.0,180.0,36.5325927734375,36.5325927734375,Leave_One_experiments/all_year_offline_schedule_search/daily_outputs/YCA/YCA_2021_YCA2021_normal_grid_S0028_daily.csv
YCA,YCA,Yucheng,2021,Leave_One_experiments\wth_generated_qc\YCA\YCA2021.WTH,wet_year;nitrogen_stress_year;low_response_year,wet,YCA2021_normal_grid_S0028,low_input_within_10pct_yield,2021-06-22,173,5,5,"{""sim_day"": 5.0, ""doy"": 173.0, ""topwt"": 0.0, ""grnwt"": 0.0, ""xlai"": 0.0, ""totir"": 0.0, ""tofer"": NaN, ""swfac"": 0.0, ""nstres"": 0.0}",0.0,0.0,0.0,0.0,0.0,0.0,,0.0,0.0,0.0,180.0,36.5325927734375,36.5325927734375,Leave_One_experiments/all_year_offline_schedule_search/daily_outputs/YCA/YCA_2021_YCA2021_normal_grid_S0028_daily.csv
YCA,YCA,Yucheng,2021,Leave_One_experiments\wth_generated_qc\YCA\YCA2021.WTH,wet_year;nitrogen_stress_year;low_response_year,wet,YCA2021_normal_grid_S0028,low_input_within_10pct_yield,2021-06-18,169,6,1,"{""sim_day"": 6.0, ""doy"": 169.0, ""topwt"": 0.0, ""grnwt"": 0.0, ""xlai"": 0.0, ""totir"": 0.0, ""tofer"": NaN, ""swfac"": 0.0, ""nstres"": 0.0}",0.0,0.0,0.0,0.0,0.0,0.0,,0.0,0.0,0.0,180.0,36.5325927734375,36.5325927734375,Leave_One_experiments/all_year_offline_schedule_search/daily_outputs/YCA/YCA_2021_YCA2021_normal_grid_S0028_daily.csv
YCA,YCA,Yucheng,2021,Leave_One_experiments\wth_generated_qc\YCA\YCA2021.WTH,wet_year;nitrogen_stress_year;low_response_year,wet,YCA2021_normal_grid_S0028,low_input_within_10pct_yield,2021-06-19,170,7,2,"{""sim_day"": 7.0, ""doy"": 170.0, ""topwt"": 0.0, ""grnwt"": 0.0, ""xlai"": 0.0, ""totir"": 0.0, ""tofer"": NaN, ""swfac"": 0.0, ""nstres"": 0.0}",0.0,0.0,0.0,0.0,0.0,0.0,,0.0,0.0,0.0,180.0,36.5325927734375,36.5325927734375,Leave_One_experiments/all_year_offline_schedule_search/daily_outputs/YCA/YCA_2021_YCA2021_normal_grid_S0028_daily.csv
YCA,YCA,Yucheng,2021,Leave_One_experiments\wth_generated_qc\YCA\YCA2021.WTH,wet_year;nitrogen_stress_year;low_response_year,wet,YCA2021_normal_grid_S0028,low_input_within_10pct_yield,2021-06-20,171,8,3,"{""sim_day"": 8.0, ""doy"": 171.0, ""topwt"": 0.0, ""grnwt"": 0.0, ""xlai"": 0.0, ""totir"": 0.0, ""tofer"": NaN, ""swfac"": 0.0, ""nstres"": 0.0}",0.0,0.0,0.0,0.0,0.0,0.0,,0.0,0.0,0.0,180.0,36.5325927734375,36.5325927734375,Leave_One_experiments/all_year_offline_schedule_search/daily_outputs/YCA/YCA_2021_YCA2021_normal_grid_S0028_daily.csv
YCA,YCA,Yucheng,2021,Leave_One_experiments\wth_generated_qc\YCA\YCA2021.WTH,wet_year;nitrogen_stress_year;low_response_year,wet,YCA2021_normal_grid_S0028,low_input_within_10pct_yield,2021-06-21,172,9,4,"{""sim_day"": 9.0, ""doy"": 172.0, ""topwt"": 0.0, ""grnwt"": 0.0, ""xlai"": 0.0, ""totir"": 0.0, ""tofer"": NaN, ""swfac"": 0.0, ""nstres"": 0.0}",0.0,0.0,0.0,0.0,0.0,0.0,,0.0,0.0,0.0,180.0,36.5325927734375,36.5325927734375,Leave_One_experiments/all_year_offline_schedule_search/daily_outputs/YCA/YCA_2021_YCA2021_normal_grid_S0028_daily.csv
YCA,YCA,Yucheng,2021,Leave_One_experiments\wth_generated_qc\YCA\YCA2021.WTH,wet_year;nitrogen_stress_year;low_response_year,wet,YCA2021_normal_grid_S0028,low_input_within_10pct_yield,2021-06-22,173,10,5,"{""sim_day"": 10.0, ""doy"": 173.0, ""topwt"": 26.400001049041748, ""grnwt"": 0.0, ""xlai"": 0.0054466784931719, ""totir"": 0.0, ""tofer"": NaN, ""swfac"": 0.0, ""nstres"": 0.0121910572052001}",0.0,0.0121910572052001,26.400001049041748,0.0,0.0054466784931719,0.0,,0.0,0.0,0.0,180.0,36.5325927734375,36.5325927734375,Leave_One_experiments/all_year_offline_schedule_search/daily_outputs/YCA/YCA_2021_YCA2021_normal_grid_S0028_daily.csv
YCA,YCA,Yucheng,2021,Leave_One_experiments\wth_generated_qc\YCA\YCA2021.WTH,wet_year;nitrogen_stress_year;low_response_year,wet,YCA2021_normal_grid_S0028,low_input_within_10pct_yield,2021-06-23,174,11,6,"{""sim_day"": 11.0, ""doy"": 174.0, ""topwt"": 26.400001049041748, ""grnwt"": 0.0, ""xlai"": 0.0112468190491199, ""totir"": 0.0, ""tofer"": NaN, ""swfac"": 0.0, ""nstres"": 0.0081720352172851}",0.0,0.0081720352172851,26.400001049041748,0.0,0.0112468190491199,0.0,,0.0,0.0,0.0,180.0,36.5325927734375,36.5325927734375,Leave_One_experiments/all_year_offline_schedule_search/daily_outputs/YCA/YCA_2021_YCA2021_normal_grid_S0028_daily.csv
YCA,YCA,Yucheng,2021,Leave_One_experiments\wth_generated_qc\YCA\YCA2021.WTH,wet_year;nitrogen_stress_year;low_response_year,wet,YCA2021_normal_grid_S0028,low_input_within_10pct_yield,2021-06-24,175,12,7,"{""sim_day"": 12.0, ""doy"": 175.0, ""topwt"": 26.400001049041748, ""grnwt"": 0.0, ""xlai"": 0.0176314748823642, ""totir"": 0.0, ""tofer"": NaN, ""swfac"": 0.0, ""nstres"": 0.000707983970642}",0.0,0.000707983970642,26.400001049041748,0.0,0.0176314748823642,0.0,,0.0,0.0,0.0,180.0,36.5325927734375,36.5325927734375,Leave_One_experiments/all_year_offline_schedule_search/daily_outputs/YCA/YCA_2021_YCA2021_normal_grid_S0028_daily.csv
YCA,YCA,Yucheng,2021,Leave_One_experiments\wth_generated_qc\YCA\YCA2021.WTH,wet_year;nitrogen_stress_year;low_response_year,wet,YCA2021_normal_grid_S0028,low_input_within_10pct_yield,2021-06-25,176,13,8,"{""sim_day"": 13.0, ""doy"": 176.0, ""topwt"": 26.400001049041748, ""grnwt"": 0.0, ""xlai"": 0.0423513762652874, ""totir"": 0.0, ""tofer"": NaN, ""swfac"": 0.0, ""nstres"": 0.0}",0.0,0.0,26.400001049041748,0.0,0.0423513762652874,0.0,,0.0,0.0,0.0,180.0,36.5325927734375,36.5325927734375,Leave_One_experiments/all_year_offline_schedule_search/daily_outputs/YCA/YCA_2021_YCA2021_normal_grid_S0028_daily.csv
YCA,YCA,Yucheng,2021,Leave_One_experiments\wth_generated_qc\YCA\YCA2021.WTH,wet_year;nitrogen_stress_year;low_response_year,wet,YCA2021_normal_grid_S0028,low_input_within_10pct_yield,2021-06-26,177,14,9,"{""sim_day"": 14.0, ""doy"": 177.0, ""topwt"": 36.47419452667236, ""grnwt"": 0.0, ""xlai"": 0.0712442845106124, ""totir"": 0.0, ""tofer"": NaN, ""swfac"": 0.0, ""nstres"": 0.0}",0.0,0.0,36.47419452667236,0.0,0.0712442845106124,0.0,,0.0,0.0,0.0,180.0,36.5325927734375,36.5325927734375,Leave_One_experiments/all_year_offline_schedule_search/daily_outputs/YCA/YCA_2021_YCA2021_normal_grid_S0028_daily.csv
YCA,YCA,Yucheng,2021,Leave_One_experiments\wth_generated_qc\YCA\YCA2021.WTH,wet_year;nitrogen_stress_year;low_response_year,wet,YCA2021_normal_grid_S0028,low_input_within_10pct_yield,2021-06-27,178,15,10,"{""sim_day"": 15.0, ""doy"": 178.0, ""topwt"": 52.40024089813232, ""grnwt"": 0.0, ""xlai"": 0.1079131290316581, ""totir"": 0.0, ""tofer"": NaN, ""swfac"": 0.0, ""nstres"": 0.0}",0.0,0.0,52.40024089813232,0.0,0.1079131290316581,0.0,,0.0,0.0,0.0,180.0,36.5325927734375,36.5325927734375,Leave_One_experiments/all_year_offline_schedule_search/daily_outputs/YCA/YCA_2021_YCA2021_normal_grid_S0028_daily.csv
YCA,YCA,Yucheng,2021,Leave_One_experiments\wth_generated_qc\YCA\YCA2021.WTH,wet_year;nitrogen_stress_year;low_response_year,wet,YCA2021_normal_grid_S0028,low_input_within_10pct_yield,2021-06-28,179,16,11,"{""sim_day"": 16.0, ""doy"": 179.0, ""topwt"": 68.63852500915527, ""grnwt"": 0.0, ""xlai"": 0.1421727538108825, ""totir"": 0.0, ""tofer"": NaN, ""swfac"": 0.0, ""nstres"": 0.0}",0.0,0.0,68.63852500915527,0.0,0.1421727538108825,0.0,,0.0,0.0,0.0,180.0,36.5325927734375,36.5325927734375,Leave_One_experiments/all_year_offline_schedule_search/daily_outputs/YCA/YCA_2021_YCA2021_normal_grid_S0028_daily.csv
YCA,YCA,Yucheng,2021,Leave_One_experiments\wth_generated_qc\YCA\YCA2021.WTH,wet_year;nitrogen_stress_year;low_response_year,wet,YCA2021_normal_grid_S0028,low_input_within_10pct_yield,2021-06-29,180,17,12,"{""sim_day"": 17.0, ""doy"": 180.0, ""topwt"": 89.6304988861084, ""grnwt"": 0.0, ""xlai"": 0.1835055351257324, ""totir"": 0.0, ""tofer"": NaN, ""swfac"": 0.0, ""nstres"": 0.0}",0.0,0.0,89.6304988861084,0.0,0.1835055351257324,0.0,,0.0,0.0,0.0,180.0,36.5325927734375,36.5325927734375,Leave_One_experiments/all_year_offline_schedule_search/daily_outputs/YCA/YCA_2021_YCA2021_normal_grid_S0028_daily.csv
YCA,YCA,Yucheng,2021,Leave_One_experiments\wth_generated_qc\YCA\YCA2021.WTH,wet_year;nitrogen_stress_year;low_response_year,wet,YCA2021_normal_grid_S0028,low_input_within_10pct_yield,2021-06-30,181,18,13,"{""sim_day"": 18.0, ""doy"": 181.0, ""topwt"": 111.1459732055664, ""grnwt"": 0.0, ""xlai"": 0.2234551012516021, ""totir"": 0.0, ""tofer"": NaN, ""swfac"": 0.0, ""nstres"": 0.0}",0.0,0.0,111.1459732055664,0.0,0.2234551012516021,0.0,,0.0,0.0,0.0,180.0,36.5325927734375,36.5325927734375,Leave_One_experiments/all_year_offline_schedule_search/daily_outputs/YCA/YCA_2021_YCA2021_normal_grid_S0028_daily.csv
YCA,YCA,Yucheng,2021,Leave_One_experiments\wth_generated_qc\YCA\YCA2021.WTH,wet_year;nitrogen_stress_year;low_response_year,wet,YCA2021_normal_grid_S0028,low_input_within_10pct_yield,2021-07-01,182,19,14,"{""sim_day"": 19.0, ""doy"": 182.0, ""topwt"": 137.1821689605713, ""grnwt"": 0.0, ""xlai"": 0.2693980634212494, ""totir"": 0.0, ""tofer"": NaN, ""swfac"": 0.0, ""nstres"": 0.0}",0.0,0.0,137.1821689605713,0.0,0.2693980634212494,0.0,,0.0,0.0,0.0,180.0,36.5325927734375,36.5325927734375,Leave_One_experiments/all_year_offline_schedule_search/daily_outputs/YCA/YCA_2021_YCA2021_normal_grid_S0028_daily.csv
YCA,YCA,Yucheng,2021,Leave_One_experiments\wth_generated_qc\YCA\YCA2021.WTH,wet_year;nitrogen_stress_year;low_response_year,wet,YCA2021_normal_grid_S0028,low_input_within_10pct_yield,2021-07-02,183,20,15,"{""sim_day"": 20.0, ""doy"": 183.0, ""topwt"": 172.79523849487305, ""grnwt"": 0.0, ""xlai"": 0.3291256129741668, ""totir"": 0.0, ""tofer"": NaN, ""swfac"": 0.0, ""nstres"": 0.0}",0.0,0.0,172.79523849487305,0.0,0.3291256129741668,0.0,,0.0,0.0,0.0,180.0,36.5325927734375,36.5325927734375,Leave_One_experiments/all_year_offline_schedule_search/daily_outputs/YCA/YCA_2021_YCA2021_normal_grid_S0028_daily.csv
YCA,YCA,Yucheng,2021,Leave_One_experiments\wth_generated_qc\YCA\YCA2021.WTH,wet_year;nitrogen_stress_year;low_response_year,wet,YCA2021_normal_grid_S0028,low_input_within_10pct_yield,2021-07-03,184,21,16,"{""sim_day"": 21.0, ""doy"": 184.0, ""topwt"": 220.34603118896484, ""grnwt"": 0.0, ""xlai"": 0.404678612947464, ""totir"": 0.0, ""tofer"": NaN, ""swfac"": 0.0, ""nstres"": 0.0}",0.0,0.0,220.34603118896484,0.0,0.404678612947464,0.0,,0.0,0.0,0.0,180.0,36.5325927734375,36.5325927734375,Leave_One_experiments/all_year_offline_schedule_search/daily_outputs/YCA/YCA_2021_YCA2021_normal_grid_S0028_daily.csv
YCA,YCA,Yucheng,2021,Leave_One_experiments\wth_generated_qc\YCA\YCA2021.WTH,wet_year;nitrogen_stress_year;low_response_year,wet,YCA2021_normal_grid_S0028,low_input_within_10pct_yield,2021-07-04,185,22,17,"{""sim_day"": 22.0, ""doy"": 185.0, ""topwt"": 266.7012023925781, ""grnwt"": 0.0, ""xlai"": 0.5072011947631836, ""totir"": 0.0, ""tofer"": NaN, ""swfac"": 0.0, ""nstres"": 0.0}",0.0,0.0,266.7012023925781,0.0,0.5072011947631836,0.0,,0.0,0.0,0.0,180.0,36.5325927734375,36.5325927734375,Leave_One_experiments/all_year_offline_schedule_search/daily_outputs/YCA/YCA_2021_YCA2021_normal_grid_S0028_daily.csv
YCA,YCA,Yucheng,2021,Leave_One_experiments\wth_generated_qc\YCA\YCA2021.WTH,wet_year;nitrogen_stress_year;low_response_year,wet,YCA2021_normal_grid_S0028,low_input_within_10pct_yield,2021-07-05,186,23,18,"{""sim_day"": 23.0, ""doy"": 186.0, ""topwt"": 336.1714172363281, ""grnwt"": 0.0, ""xlai"": 0.6144231557846069, ""totir"": 0.0, ""tofer"": NaN, ""swfac"": 0.0, ""nstres"": 0.0062283277511596}",0.0,0.0062283277511596,336.1714172363281,0.0,0.6144231557846069,0.0,,0.0,0.0,0.0,180.0,36.5325927734375,36.5325927734375,Leave_One_experiments/all_year_offline_schedule_search/daily_outputs/YCA/YCA_2021_YCA2021_normal_grid_S0028_daily.csv
YCA,YCA,Yucheng,2021,Leave_One_experiments\wth_generated_qc\YCA\YCA2021.WTH,wet_year;nitrogen_stress_year;low_response_year,wet,YCA2021_normal_grid_S0028,low_input_within_10pct_yield,2021-07-06,187,24,19,"{""sim_day"": 24.0, ""doy"": 187.0, ""topwt"": 397.85003662109375, ""grnwt"": 0.0, ""xlai"": 0.7052968144416809, ""totir"": 0.0, ""tofer"": NaN, ""swfac"": 0.0, ""nstres"": 0.0}",0.0,0.0,397.85003662109375,0.0,0.7052968144416809,0.0,,0.0,0.0,0.0,180.0,36.5325927734375,36.5325927734375,Leave_One_experiments/all_year_offline_schedule_search/daily_outputs/YCA/YCA_2021_YCA2021_normal_grid_S0028_daily.csv
YCA,YCA,Yucheng,2021,Leave_One_experiments\wth_generated_qc\YCA\YCA2021.WTH,wet_year;nitrogen_stress_year;low_response_year,wet,YCA2021_normal_grid_S0028,low_input_within_10pct_yield,2021-07-07,188,25,20,"{""sim_day"": 25.0, ""doy"": 188.0, ""topwt"": 496.6607666015625, ""grnwt"": 0.0, ""xlai"": 0.8450703620910645, ""totir"": 0.0, ""tofer"": NaN, ""swfac"": 0.0, ""nstres"": 0.0}",0.0,0.0,496.6607666015625,0.0,0.8450703620910645,0.0,,0.0,0.0,0.0,180.0,36.5325927734375,36.5325927734375,Leave_One_experiments/all_year_offline_schedule_search/daily_outputs/YCA/YCA_2021_YCA2021_normal_grid_S0028_daily.csv
YCA,YCA,Yucheng,2021,Leave_One_experiments\wth_generated_qc\YCA\YCA2021.WTH,wet_year;nitrogen_stress_year;low_response_year,wet,YCA2021_normal_grid_S0028,low_input_within_10pct_yield,2021-07-08,189,26,21,"{""sim_day"": 26.0, ""doy"": 189.0, ""topwt"": 615.3041458129883, ""grnwt"": 0.0, ""xlai"": 1.0050541162490845, ""totir"": 0.0, ""tofer"": NaN, ""swfac"": 0.0, ""nstres"": 0.0}",0.0,0.0,615.3041458129883,0.0,1.0050541162490845,0.0,,0.0,0.0,0.0,180.0,36.5325927734375,36.5325927734375,Leave_One_experiments/all_year_offline_schedule_search/daily_outputs/YCA/YCA_2021_YCA2021_normal_grid_S0028_daily.csv
YCA,YCA,Yucheng,2021,Leave_One_experiments\wth_generated_qc\YCA\YCA2021.WTH,wet_year;nitrogen_stress_year;low_response_year,wet,YCA2021_normal_grid_S0028,low_input_within_10pct_yield,2021-07-09,190,27,22,"{""sim_day"": 27.0, ""doy"": 190.0, ""topwt"": 744.2375183105469, ""grnwt"": 0.0, ""xlai"": 1.1713762283325195, ""totir"": 0.0, ""tofer"": NaN, ""swfac"": 0.0, ""nstres"": 0.0}",0.0,0.0,744.2375183105469,0.0,1.1713762283325195,0.0,,0.0,0.0,0.0,180.0,36.5325927734375,36.5325927734375,Leave_One_experiments/all_year_offline_schedule_search/daily_outputs/YCA/YCA_2021_YCA2021_normal_grid_S0028_daily.csv
YCA,YCA,Yucheng,2021,Leave_One_experiments\wth_generated_qc\YCA\YCA2021.WTH,wet_year;nitrogen_stress_year;low_response_year,wet,YCA2021_normal_grid_S0028,low_input_within_10pct_yield,2021-07-10,191,28,23,"{""sim_day"": 28.0, ""doy"": 191.0, ""topwt"": 876.8513488769531, ""grnwt"": 0.0, ""xlai"": 1.3328361511230469, ""totir"": 0.0, ""tofer"": NaN, ""swfac"": 0.0, ""nstres"": 0.0}",0.0,0.0,876.8513488769531,0.0,1.3328361511230469,0.0,,0.0,0.0,0.0,180.0,36.5325927734375,36.5325927734375,Leave_One_experiments/all_year_offline_schedule_search/daily_outputs/YCA/YCA_2021_YCA2021_normal_grid_S0028_daily.csv
YCA,YCA,Yucheng,2021,Leave_One_experiments\wth_generated_qc\YCA\YCA2021.WTH,wet_year;nitrogen_stress_year;low_response_year,wet,YCA2021_normal_grid_S0028,low_input_within_10pct_yield,2021-07-11,192,29,24,"{""sim_day"": 29.0, ""doy"": 192.0, ""topwt"": 954.7203063964844, ""grnwt"": 0.0, ""xlai"": 1.4295710325241089, ""totir"": 0.0, ""tofer"": NaN, ""swfac"": 0.0, ""nstres"": 0.0}",0.0,0.0,954.7203063964844,0.0,1.4295710325241089,0.0,,0.0,0.0,0.0,180.0,36.5325927734375,36.5325927734375,Leave_One_experiments/all_year_offline_schedule_search/daily_outputs/YCA/YCA_2021_YCA2021_normal_grid_S0028_daily.csv
YCA,YCA,Yucheng,2021,Leave_One_experiments\wth_generated_qc\YCA\YCA2021.WTH,wet_year;nitrogen_stress_year;low_response_year,wet,YCA2021_normal_grid_S0028,low_input_within_10pct_yield,2021-07-12,193,30,25,"{""sim_day"": 30.0, ""doy"": 193.0, ""topwt"": 1129.4969177246094, ""grnwt"": 0.0, ""xlai"": 1.6361478567123413, ""totir"": 0.0, ""tofer"": NaN, ""swfac"": 0.0, ""nstres"": 0.0}",0.0,0.0,1129.4969177246094,0.0,1.6361478567123413,0.0,,0.0,0.0,0.0,180.0,36.5325927734375,36.5325927734375,Leave_One_experiments/all_year_offline_schedule_search/daily_outputs/YCA/YCA_2021_YCA2021_normal_grid_S0028_daily.csv
YCA,YCA,Yucheng,2021,Leave_One_experiments\wth_generated_qc\YCA\YCA2021.WTH,wet_year;nitrogen_stress_year;low_response_year,wet,YCA2021_normal_grid_S0028,low_input_within_10pct_yield,2021-07-13,194,31,26,"{""sim_day"": 31.0, ""doy"": 194.0, ""topwt"": 1241.5453338623047, ""grnwt"": 0.0, ""xlai"": 1.7612656354904177, ""totir"": 0.0, ""tofer"": NaN, ""swfac"": 0.0, ""nstres"": 0.0}",0.0,0.0,1241.5453338623047,0.0,1.7612656354904177,0.0,,0.0,0.0,0.0,180.0,36.5325927734375,36.5325927734375,Leave_One_experiments/all_year_offline_schedule_search/daily_outputs/YCA/YCA_2021_YCA2021_normal_grid_S0028_daily.csv
YCA,YCA,Yucheng,2021,Leave_One_experiments\wth_generated_qc\YCA\YCA2021.WTH,wet_year;nitrogen_stress_year;low_response_year,wet,YCA2021_normal_grid_S0028,low_input_within_10pct_yield,2021-07-14,195,32,27,"{""sim_day"": 32.0, ""doy"": 195.0, ""topwt"": 1332.6203918457031, ""grnwt"": 0.0, ""xlai"": 1.8578438758850095, ""totir"": 0.0, ""tofer"": NaN, ""swfac"": 0.0, ""nstres"": 0.0}",0.0,0.0,1332.6203918457031,0.0,1.8578438758850095,0.0,,0.0,0.0,0.0,180.0,36.5325927734375,36.5325927734375,Leave_One_experiments/all_year_offline_schedule_search/daily_outputs/YCA/YCA_2021_YCA2021_normal_grid_S0028_daily.csv
YCA,YCA,Yucheng,2021,Leave_One_experiments\wth_generated_qc\YCA\YCA2021.WTH,wet_year;nitrogen_stress_year;low_response_year,wet,YCA2021_normal_grid_S0028,low_input_within_10pct_yield,2021-07-15,196,33,28,"{""sim_day"": 33.0, ""doy"": 196.0, ""topwt"": 1401.1790466308594, ""grnwt"": 0.0, ""xlai"": 1.9265642166137693, ""totir"": 0.0, ""tofer"": NaN, ""swfac"": 0.0, ""nstres"": 0.0}",0.0,0.0,1401.1790466308594,0.0,1.9265642166137693,0.0,,0.0,0.0,0.0,180.0,36.5325927734375,36.5325927734375,Leave_One_experiments/all_year_offline_schedule_search/daily_outputs/YCA/YCA_2021_YCA2021_normal_grid_S0028_daily.csv
YCA,YCA,Yucheng,2021,Leave_One_experiments\wth_generated_qc\YCA\YCA2021.WTH,wet_year;nitrogen_stress_year;low_response_year,wet,YCA2021_normal_grid_S0028,low_input_within_10pct_yield,2021-07-16,197,34,29,"{""sim_day"": 34.0, ""doy"": 197.0, ""topwt"": 1540.48583984375, ""grnwt"": 0.0, ""xlai"": 2.0577480792999268, ""totir"": 0.0, ""tofer"": NaN, ""swfac"": 0.0, ""nstres"": 0.0}",0.0,0.0,1540.48583984375,0.0,2.0577480792999268,0.0,,0.0,0.0,0.0,180.0,36.5325927734375,36.5325927734375,Leave_One_experiments/all_year_offline_schedule_search/daily_outputs/YCA/YCA_2021_YCA2021_normal_grid_S0028_daily.csv
YCA,YCA,Yucheng,2021,Leave_One_experiments\wth_generated_qc\YCA\YCA2021.WTH,wet_year;nitrogen_stress_year;low_response_year,wet,YCA2021_normal_grid_S0028,low_input_within_10pct_yield,2021-07-17,198,35,30,"{""sim_day"": 35.0, ""doy"": 198.0, ""topwt"": 1746.6526794433594, ""grnwt"": 0.0, ""xlai"": 2.238100528717041, ""totir"": 0.0, ""tofer"": NaN, ""swfac"": 0.0, ""nstres"": 0.0}",0.0,0.0,1746.6526794433594,0.0,2.238100528717041,0.0,,0.0,50.0,0.0,180.0,36.5325927734375,36.5325927734375,Leave_One_experiments/all_year_offline_schedule_search/daily_outputs/YCA/YCA_2021_YCA2021_normal_grid_S0028_daily.csv
YCA,YCA,Yucheng,2021,Leave_One_experiments\wth_generated_qc\YCA\YCA2021.WTH,wet_year;nitrogen_stress_year;low_response_year,wet,YCA2021_normal_grid_S0028,low_input_within_10pct_yield,2021-07-18,199,36,31,"{""sim_day"": 36.0, ""doy"": 199.0, ""topwt"": 1985.2413940429688, ""grnwt"": 0.0, ""xlai"": 2.4309144020080566, ""totir"": 0.0, ""tofer"": NaN, ""swfac"": 0.0, ""nstres"": 0.0}",0.0,0.0,1985.2413940429688,0.0,2.4309144020080566,0.0,,0.0,0.0,0.0,180.0,36.5325927734375,36.5325927734375,Leave_One_experiments/all_year_offline_schedule_search/daily_outputs/YCA/YCA_2021_YCA2021_normal_grid_S0028_daily.csv
YCA,YCA,Yucheng,2021,Leave_One_experiments\wth_generated_qc\YCA\YCA2021.WTH,wet_year;nitrogen_stress_year;low_response_year,wet,YCA2021_normal_grid_S0028,low_input_within_10pct_yield,2021-07-19,200,37,32,"{""sim_day"": 37.0, ""doy"": 200.0, ""topwt"": 2214.7779846191406, ""grnwt"": 0.0, ""xlai"": 2.602429151535034, ""totir"": 0.0, ""tofer"": NaN, ""swfac"": 0.0, ""nstres"": 0.0}",0.0,0.0,2214.7779846191406,0.0,2.602429151535034,0.0,,0.0,0.0,0.0,180.0,36.5325927734375,36.5325927734375,Leave_One_experiments/all_year_offline_schedule_search/daily_outputs/YCA/YCA_2021_YCA2021_normal_grid_S0028_daily.csv
YCA,YCA,Yucheng,2021,Leave_One_experiments\wth_generated_qc\YCA\YCA2021.WTH,wet_year;nitrogen_stress_year;low_response_year,wet,YCA2021_normal_grid_S0028,low_input_within_10pct_yield,2021-07-20,201,38,33,"{""sim_day"": 38.0, ""doy"": 201.0, ""topwt"": 2379.091186523437, ""grnwt"": 0.0, ""xlai"": 2.7164156436920166, ""totir"": 0.0, ""tofer"": NaN, ""swfac"": 0.0, ""nstres"": 0.0}",0.0,0.0,2379.091186523437,0.0,2.7164156436920166,0.0,,0.0,0.0,0.0,180.0,36.5325927734375,36.5325927734375,Leave_One_experiments/all_year_offline_schedule_search/daily_outputs/YCA/YCA_2021_YCA2021_normal_grid_S0028_daily.csv
YCA,YCA,Yucheng,2021,Leave_One_experiments\wth_generated_qc\YCA\YCA2021.WTH,wet_year;nitrogen_stress_year;low_response_year,wet,YCA2021_normal_grid_S0028,low_input_within_10pct_yield,2021-07-21,202,39,34,"{""sim_day"": 39.0, ""doy"": 202.0, ""topwt"": 2473.719940185547, ""grnwt"": 0.0, ""xlai"": 2.7777304649353027, ""totir"": 0.0, ""tofer"": NaN, ""swfac"": 0.0, ""nstres"": 0.0}",0.0,0.0,2473.719940185547,0.0,2.7777304649353027,0.0,,0.0,0.0,0.0,180.0,36.5325927734375,36.5325927734375,Leave_One_experiments/all_year_offline_schedule_search/daily_outputs/YCA/YCA_2021_YCA2021_normal_grid_S0028_daily.csv
YCA,YCA,Yucheng,2021,Leave_One_experiments\wth_generated_qc\YCA\YCA2021.WTH,wet_year;nitrogen_stress_year;low_response_year,wet,YCA2021_normal_grid_S0028,low_input_within_10pct_yield,2021-07-22,203,40,35,"{""sim_day"": 40.0, ""doy"": 203.0, ""topwt"": 2744.1339111328125, ""grnwt"": 0.0, ""xlai"": 2.9403297901153564, ""totir"": 0.0, ""tofer"": NaN, ""swfac"": 0.0, ""nstres"": 0.0}",0.0,0.0,2744.1339111328125,0.0,2.9403297901153564,0.0,,0.0,0.0,0.0,180.0,36.5325927734375,36.5325927734375,Leave_One_experiments/all_year_offline_schedule_search/daily_outputs/YCA/YCA_2021_YCA2021_normal_grid_S0028_daily.csv
YCA,YCA,Yucheng,2021,Leave_One_experiments\wth_generated_qc\YCA\YCA2021.WTH,wet_year;nitrogen_stress_year;low_response_year,wet,YCA2021_normal_grid_S0028,low_input_within_10pct_yield,2021-07-23,204,41,36,"{""sim_day"": 41.0, ""doy"": 204.0, ""topwt"": 3108.1216430664062, ""grnwt"": 0.0, ""xlai"": 3.141468048095703, ""totir"": 0.0, ""tofer"": NaN, ""swfac"": 0.0, ""nstres"": 0.0}",0.0,0.0,3108.1216430664062,0.0,3.141468048095703,0.0,,0.0,0.0,0.0,180.0,36.5325927734375,36.5325927734375,Leave_One_experiments/all_year_offline_schedule_search/daily_outputs/YCA/YCA_2021_YCA2021_normal_grid_S0028_daily.csv
YCA,YCA,Yucheng,2021,Leave_One_experiments\wth_generated_qc\YCA\YCA2021.WTH,wet_year;nitrogen_stress_year;low_response_year,wet,YCA2021_normal_grid_S0028,low_input_within_10pct_yield,2021-07-24,205,42,37,"{""sim_day"": 42.0, ""doy"": 205.0, ""topwt"": 3507.6373291015625, ""grnwt"": 0.0, ""xlai"": 3.3440120220184326, ""totir"": 0.0, ""tofer"": NaN, ""swfac"": 0.0, ""nstres"": 0.0}",0.0,0.0,3507.6373291015625,0.0,3.3440120220184326,0.0,,0.0,0.0,0.0,180.0,36.5325927734375,36.5325927734375,Leave_One_experiments/all_year_offline_schedule_search/daily_outputs/YCA/YCA_2021_YCA2021_normal_grid_S0028_daily.csv
YCA,YCA,Yucheng,2021,Leave_One_experiments\wth_generated_qc\YCA\YCA2021.WTH,wet_year;nitrogen_stress_year;low_response_year,wet,YCA2021_normal_grid_S0028,low_input_within_10pct_yield,2021-07-25,206,43,38,"{""sim_day"": 43.0, ""doy"": 206.0, ""topwt"": 3952.633666992188, ""grnwt"": 0.0, ""xlai"": 3.5508522987365723, ""totir"": 0.0, ""tofer"": NaN, ""swfac"": 0.0, ""nstres"": 0.0}",0.0,0.0,3952.633666992188,0.0,3.5508522987365723,0.0,,0.0,0.0,0.0,180.0,36.5325927734375,36.5325927734375,Leave_One_experiments/all_year_offline_schedule_search/daily_outputs/YCA/YCA_2021_YCA2021_normal_grid_S0028_daily.csv
YCA,YCA,Yucheng,2021,Leave_One_experiments\wth_generated_qc\YCA\YCA2021.WTH,wet_year;nitrogen_stress_year;low_response_year,wet,YCA2021_normal_grid_S0028,low_input_within_10pct_yield,2021-07-26,207,44,39,"{""sim_day"": 44.0, ""doy"": 207.0, ""topwt"": 4158.99658203125, ""grnwt"": 0.0, ""xlai"": 3.639388084411621, ""totir"": 0.0, ""tofer"": NaN, ""swfac"": 0.0, ""nstres"": 0.0}",0.0,0.0,4158.99658203125,0.0,3.639388084411621,0.0,,0.0,0.0,0.0,180.0,36.5325927734375,36.5325927734375,Leave_One_experiments/all_year_offline_schedule_search/daily_outputs/YCA/YCA_2021_YCA2021_normal_grid_S0028_daily.csv
YCA,YCA,Yucheng,2021,Leave_One_experiments\wth_generated_qc\YCA\YCA2021.WTH,wet_year;nitrogen_stress_year;low_response_year,wet,YCA2021_normal_grid_S0028,low_input_within_10pct_yield,2021-07-27,208,45,40,"{""sim_day"": 45.0, ""doy"": 208.0, ""topwt"": 4320.249633789063, ""grnwt"": 0.0, ""xlai"": 3.70399022102356, ""totir"": 0.0, ""tofer"": NaN, ""swfac"": 0.0, ""nstres"": 0.0}",0.0,0.0,4320.249633789063,0.0,3.70399022102356,0.0,,0.0,0.0,0.0,180.0,36.5325927734375,36.5325927734375,Leave_One_experiments/all_year_offline_schedule_search/daily_outputs/YCA/YCA_2021_YCA2021_normal_grid_S0028_daily.csv
YCA,YCA,Yucheng,2021,Leave_One_experiments\wth_generated_qc\YCA\YCA2021.WTH,wet_year;nitrogen_stress_year;low_response_year,wet,YCA2021_normal_grid_S0028,low_input_within_10pct_yield,2021-07-28,209,46,41,"{""sim_day"": 46.0, ""doy"": 209.0, ""topwt"": 4373.191833496094, ""grnwt"": 0.0, ""xlai"": 3.723860740661621, ""totir"": 0.0, ""tofer"": NaN, ""swfac"": 0.0, ""nstres"": 0.0}",0.0,0.0,4373.191833496094,0.0,3.723860740661621,0.0,,0.0,0.0,0.0,180.0,36.5325927734375,36.5325927734375,Leave_One_experiments/all_year_offline_schedule_search/daily_outputs/YCA/YCA_2021_YCA2021_normal_grid_S0028_daily.csv
YCA,YCA,Yucheng,2021,Leave_One_experiments\wth_generated_qc\YCA\YCA2021.WTH,wet_year;nitrogen_stress_year;low_response_year,wet,YCA2021_normal_grid_S0028,low_input_within_10pct_yield,2021-07-29,210,47,42,"{""sim_day"": 47.0, ""doy"": 210.0, ""topwt"": 4746.173095703125, ""grnwt"": 0.0, ""xlai"": 3.857595205307007, ""totir"": 0.0, ""tofer"": NaN, ""swfac"": 0.0, ""nstres"": 0.0}",0.0,0.0,4746.173095703125,0.0,3.857595205307007,0.0,,0.0,0.0,0.0,180.0,36.5325927734375,36.5325927734375,Leave_One_experiments/all_year_offline_schedule_search/daily_outputs/YCA/YCA_2021_YCA2021_normal_grid_S0028_daily.csv
YCA,YCA,Yucheng,2021,Leave_One_experiments\wth_generated_qc\YCA\YCA2021.WTH,wet_year;nitrogen_stress_year;low_response_year,wet,YCA2021_normal_grid_S0028,low_input_within_10pct_yield,2021-07-30,211,48,43,"{""sim_day"": 48.0, ""doy"": 211.0, ""topwt"": 5215.4632568359375, ""grnwt"": 0.0, ""xlai"": 4.096367359161377, ""totir"": 0.0, ""tofer"": NaN, ""swfac"": 0.0, ""nstres"": 0.0}",0.0,0.0,5215.4632568359375,0.0,4.096367359161377,0.0,,0.0,0.0,0.0,180.0,36.5325927734375,36.5325927734375,Leave_One_experiments/all_year_offline_schedule_search/daily_outputs/YCA/YCA_2021_YCA2021_normal_grid_S0028_daily.csv
YCA,YCA,Yucheng,2021,Leave_One_experiments\wth_generated_qc\YCA\YCA2021.WTH,wet_year;nitrogen_stress_year;low_response_year,wet,YCA2021_normal_grid_S0028,low_input_within_10pct_yield,2021-07-31,212,49,44,"{""sim_day"": 49.0, ""doy"": 212.0, ""topwt"": 5468.023071289063, ""grnwt"": 0.0, ""xlai"": 4.196988582611084, ""totir"": 0.0, ""tofer"": NaN, ""swfac"": 0.0, ""nstres"": 0.0}",0.0,0.0,5468.023071289063,0.0,4.196988582611084,0.0,,0.0,0.0,0.0,180.0,36.5325927734375,36.5325927734375,Leave_One_experiments/all_year_offline_schedule_search/daily_outputs/YCA/YCA_2021_YCA2021_normal_grid_S0028_daily.csv
YCA,YCA,Yucheng,2021,Leave_One_experiments\wth_generated_qc\YCA\YCA2021.WTH,wet_year;nitrogen_stress_year;low_response_year,wet,YCA2021_normal_grid_S0028,low_input_within_10pct_yield,2021-08-01,213,50,45,"{""sim_day"": 50.0, ""doy"": 213.0, ""topwt"": 5837.0123291015625, ""grnwt"": 0.0, ""xlai"": 4.319211006164551, ""totir"": 0.0, ""tofer"": NaN, ""swfac"": 0.0, ""nstres"": 0.0183900594711303}",0.0,0.0183900594711303,5837.0123291015625,0.0,4.319211006164551,0.0,,0.0,0.0,0.0,180.0,36.5325927734375,36.5325927734375,Leave_One_experiments/all_year_offline_schedule_search/daily_outputs/YCA/YCA_2021_YCA2021_normal_grid_S0028_daily.csv
YCA,YCA,Yucheng,2021,Leave_One_experiments\wth_generated_qc\YCA\YCA2021.WTH,wet_year;nitrogen_stress_year;low_response_year,wet,YCA2021_normal_grid_S0028,low_input_within_10pct_yield,2021-08-02,214,51,46,"{""sim_day"": 51.0, ""doy"": 214.0, ""topwt"": 6256.67236328125, ""grnwt"": 0.0, ""xlai"": 4.439999580383301, ""totir"": 0.0, ""tofer"": NaN, ""swfac"": 0.0, ""nstres"": 0.0251086950302124}",0.0,0.0251086950302124,6256.67236328125,0.0,4.439999580383301,0.0,,0.0,0.0,0.0,180.0,36.5325927734375,36.5325927734375,Leave_One_experiments/all_year_offline_schedule_search/daily_outputs/YCA/YCA_2021_YCA2021_normal_grid_S0028_daily.csv
YCA,YCA,Yucheng,2021,Leave_One_experiments\wth_generated_qc\YCA\YCA2021.WTH,wet_year;nitrogen_stress_year;low_response_year,wet,YCA2021_normal_grid_S0028,low_input_within_10pct_yield,2021-08-03,215,52,47,"{""sim_day"": 52.0, ""doy"": 215.0, ""topwt"": 6653.8751220703125, ""grnwt"": 0.0, ""xlai"": 4.533255577087402, ""totir"": 0.0, ""tofer"": NaN, ""swfac"": 0.0, ""nstres"": 0.0412695407867431}",0.0,0.0412695407867431,6653.8751220703125,0.0,4.533255577087402,0.0,,0.0,0.0,0.0,180.0,36.5325927734375,36.5325927734375,Leave_One_experiments/all_year_offline_schedule_search/daily_outputs/YCA/YCA_2021_YCA2021_normal_grid_S0028_daily.csv
YCA,YCA,Yucheng,2021,Leave_One_experiments\wth_generated_qc\YCA\YCA2021.WTH,wet_year;nitrogen_stress_year;low_response_year,wet,YCA2021_normal_grid_S0028,low_input_within_10pct_yield,2021-08-04,216,53,48,"{""sim_day"": 53.0, ""doy"": 216.0, ""topwt"": 6809.732055664063, ""grnwt"": 0.0, ""xlai"": 4.541538715362549, ""totir"": 0.0, ""tofer"": NaN, ""swfac"": 0.0, ""nstres"": 0.0595921277999877}",0.0,0.0595921277999877,6809.732055664063,0.0,4.541538715362549,0.0,,0.0,0.0,0.0,180.0,36.5325927734375,36.5325927734375,Leave_One_experiments/all_year_offline_schedule_search/daily_outputs/YCA/YCA_2021_YCA2021_normal_grid_S0028_daily.csv
YCA,YCA,Yucheng,2021,Leave_One_experiments\wth_generated_qc\YCA\YCA2021.WTH,wet_year;nitrogen_stress_year;low_response_year,wet,YCA2021_normal_grid_S0028,low_input_within_10pct_yield,2021-08-05,217,54,49,"{""sim_day"": 54.0, ""doy"": 217.0, ""topwt"": 7144.96337890625, ""grnwt"": 0.0, ""xlai"": 4.584144115447998, ""totir"": 0.0, ""tofer"": NaN, ""swfac"": 0.0, ""nstres"": 0.0754265785217285}",0.0,0.0754265785217285,7144.96337890625,0.0,4.584144115447998,0.0,,0.0,0.0,0.0,180.0,36.5325927734375,36.5325927734375,Leave_One_experiments/all_year_offline_schedule_search/daily_outputs/YCA/YCA_2021_YCA2021_normal_grid_S0028_daily.csv
YCA,YCA,Yucheng,2021,Leave_One_experiments\wth_generated_qc\YCA\YCA2021.WTH,wet_year;nitrogen_stress_year;low_response_year,wet,YCA2021_normal_grid_S0028,low_input_within_10pct_yield,2021-08-06,218,55,50,"{""sim_day"": 55.0, ""doy"": 218.0, ""topwt"": 7376.81396484375, ""grnwt"": 0.0, ""xlai"": 4.595703601837158, ""totir"": 0.0, ""tofer"": NaN, ""swfac"": 0.0, ""nstres"": 0.0770877599716186}",0.0,0.0770877599716186,7376.81396484375,0.0,4.595703601837158,0.0,,0.0,0.0,0.0,180.0,36.5325927734375,36.5325927734375,Leave_One_experiments/all_year_offline_schedule_search/daily_outputs/YCA/YCA_2021_YCA2021_normal_grid_S0028_daily.csv
YCA,YCA,Yucheng,2021,Leave_One_experiments\wth_generated_qc\YCA\YCA2021.WTH,wet_year;nitrogen_stress_year;low_response_year,wet,YCA2021_normal_grid_S0028,low_input_within_10pct_yield,2021-08-07,219,56,51,"{""sim_day"": 56.0, ""doy"": 219.0, ""topwt"": 7685.7666015625, ""grnwt"": 0.0, ""xlai"": 4.62071704864502, ""totir"": 0.0, ""tofer"": NaN, ""swfac"": 0.0, ""nstres"": 0.0857399702072143}",0.0,0.0857399702072143,7685.7666015625,0.0,4.62071704864502,0.0,,0.0,0.0,0.0,180.0,36.5325927734375,36.5325927734375,Leave_One_experiments/all_year_offline_schedule_search/daily_outputs/YCA/YCA_2021_YCA2021_normal_grid_S0028_daily.csv
YCA,YCA,Yucheng,2021,Leave_One_experiments\wth_generated_qc\YCA\YCA2021.WTH,wet_year;nitrogen_stress_year;low_response_year,wet,YCA2021_normal_grid_S0028,low_input_within_10pct_yield,2021-08-08,220,57,52,"{""sim_day"": 57.0, ""doy"": 220.0, ""topwt"": 7999.061889648437, ""grnwt"": 0.0, ""xlai"": 4.644030570983887, ""totir"": 0.0, ""tofer"": NaN, ""swfac"": 0.0, ""nstres"": 0.0898295044898986}",0.0,0.0898295044898986,7999.061889648437,0.0,4.644030570983887,0.0,,0.0,0.0,0.0,180.0,36.5325927734375,36.5325927734375,Leave_One_experiments/all_year_offline_schedule_search/daily_outputs/YCA/YCA_2021_YCA2021_normal_grid_S0028_daily.csv
YCA,YCA,Yucheng,2021,Leave_One_experiments\wth_generated_qc\YCA\YCA2021.WTH,wet_year;nitrogen_stress_year;low_response_year,wet,YCA2021_normal_grid_S0028,low_input_within_10pct_yield,2021-08-09,221,58,53,"{""sim_day"": 58.0, ""doy"": 221.0, ""topwt"": 8315.60546875, ""grnwt"": 0.0, ""xlai"": 4.666232585906982, ""totir"": 0.0, ""tofer"": NaN, ""swfac"": 0.0, ""nstres"": 0.0924618244171142}",0.0,0.0924618244171142,8315.60546875,0.0,4.666232585906982,0.0,,0.0,0.0,0.0,180.0,36.5325927734375,36.5325927734375,Leave_One_experiments/all_year_offline_schedule_search/daily_outputs/YCA/YCA_2021_YCA2021_normal_grid_S0028_daily.csv
YCA,YCA,Yucheng,2021,Leave_One_experiments\wth_generated_qc\YCA\YCA2021.WTH,wet_year;nitrogen_stress_year;low_response_year,wet,YCA2021_normal_grid_S0028,low_input_within_10pct_yield,2021-08-10,222,59,54,"{""sim_day"": 59.0, ""doy"": 222.0, ""topwt"": 8622.714233398438, ""grnwt"": 0.0, ""xlai"": 4.684342861175537, ""totir"": 0.0, ""tofer"": NaN, ""swfac"": 0.0, ""nstres"": 0.0949620008468627}",0.0,0.0949620008468627,8622.714233398438,0.0,4.684342861175537,0.0,,0.0,0.0,0.0,180.0,36.5325927734375,36.5325927734375,Leave_One_experiments/all_year_offline_schedule_search/daily_outputs/YCA/YCA_2021_YCA2021_normal_grid_S0028_daily.csv
YCA,YCA,Yucheng,2021,Leave_One_experiments\wth_generated_qc\YCA\YCA2021.WTH,wet_year;nitrogen_stress_year;low_response_year,wet,YCA2021_normal_grid_S0028,low_input_within_10pct_yield,2021-08-11,223,60,55,"{""sim_day"": 60.0, ""doy"": 223.0, ""topwt"": 8773.306884765625, ""grnwt"": 0.0, ""xlai"": 4.628010749816895, ""totir"": 0.0, ""tofer"": NaN, ""swfac"": 0.0, ""nstres"": 0.0962045192718505}",0.0,0.0962045192718505,8773.306884765625,0.0,4.628010749816895,0.0,,0.0,0.0,0.0,180.0,36.5325927734375,36.5325927734375,Leave_One_experiments/all_year_offline_schedule_search/daily_outputs/YCA/YCA_2021_YCA2021_normal_grid_S0028_daily.csv
YCA,YCA,Yucheng,2021,Leave_One_experiments\wth_generated_qc\YCA\YCA2021.WTH,wet_year;nitrogen_stress_year;low_response_year,wet,YCA2021_normal_grid_S0028,low_input_within_10pct_yield,2021-08-12,224,61,56,"{""sim_day"": 61.0, ""doy"": 224.0, ""topwt"": 9010.60302734375, ""grnwt"": 0.0, ""xlai"": 4.57535982131958, ""totir"": 0.0, ""tofer"": NaN, ""swfac"": 0.0, ""nstres"": 0.0910120010375976}",0.0,0.0910120010375976,9010.60302734375,0.0,4.57535982131958,0.0,,0.0,0.0,0.0,180.0,36.5325927734375,36.5325927734375,Leave_One_experiments/all_year_offline_schedule_search/daily_outputs/YCA/YCA_2021_YCA2021_normal_grid_S0028_daily.csv
YCA,YCA,Yucheng,2021,Leave_One_experiments\wth_generated_qc\YCA\YCA2021.WTH,wet_year;nitrogen_stress_year;low_response_year,wet,YCA2021_normal_grid_S0028,low_input_within_10pct_yield,2021-08-13,225,62,57,"{""sim_day"": 62.0, ""doy"": 225.0, ""topwt"": 9388.26904296875, ""grnwt"": 0.0, ""xlai"": 4.527135372161865, ""totir"": 0.0, ""tofer"": NaN, ""swfac"": 0.0, ""nstres"": 0.0843204259872436}",0.0,0.0843204259872436,9388.26904296875,0.0,4.527135372161865,0.0,,0.0,0.0,0.0,180.0,36.5325927734375,36.5325927734375,Leave_One_experiments/all_year_offline_schedule_search/daily_outputs/YCA/YCA_2021_YCA2021_normal_grid_S0028_daily.csv
YCA,YCA,Yucheng,2021,Leave_One_experiments\wth_generated_qc\YCA\YCA2021.WTH,wet_year;nitrogen_stress_year;low_response_year,wet,YCA2021_normal_grid_S0028,low_input_within_10pct_yield,2021-08-14,226,63,58,"{""sim_day"": 63.0, ""doy"": 226.0, ""topwt"": 9703.298950195312, ""grnwt"": 0.0, ""xlai"": 4.482843399047852, ""totir"": 0.0, ""tofer"": NaN, ""swfac"": 0.0, ""nstres"": 0.0782694816589355}",0.0,0.0782694816589355,9703.298950195312,0.0,4.482843399047852,0.0,,0.0,0.0,0.0,180.0,36.5325927734375,36.5325927734375,Leave_One_experiments/all_year_offline_schedule_search/daily_outputs/YCA/YCA_2021_YCA2021_normal_grid_S0028_daily.csv
YCA,YCA,Yucheng,2021,Leave_One_experiments\wth_generated_qc\YCA\YCA2021.WTH,wet_year;nitrogen_stress_year;low_response_year,wet,YCA2021_normal_grid_S0028,low_input_within_10pct_yield,2021-08-15,227,64,59,"{""sim_day"": 64.0, ""doy"": 227.0, ""topwt"": 10057.504272460938, ""grnwt"": 0.0, ""xlai"": 4.441308975219727, ""totir"": 0.0, ""tofer"": NaN, ""swfac"": 0.0, ""nstres"": 0.0741220712661743}",0.0,0.0741220712661743,10057.504272460938,0.0,4.441308975219727,0.0,,0.0,0.0,0.0,180.0,36.5325927734375,36.5325927734375,Leave_One_experiments/all_year_offline_schedule_search/daily_outputs/YCA/YCA_2021_YCA2021_normal_grid_S0028_daily.csv
YCA,YCA,Yucheng,2021,Leave_One_experiments\wth_generated_qc\YCA\YCA2021.WTH,wet_year;nitrogen_stress_year;low_response_year,wet,YCA2021_normal_grid_S0028,low_input_within_10pct_yield,2021-08-16,228,65,60,"{""sim_day"": 65.0, ""doy"": 228.0, ""topwt"": 10329.34814453125, ""grnwt"": 0.0, ""xlai"": 4.403870582580566, ""totir"": 0.0, ""tofer"": NaN, ""swfac"": 0.0, ""nstres"": 0.067435622215271}",0.0,0.067435622215271,10329.34814453125,0.0,4.403870582580566,0.0,,0.0,50.0,0.0,180.0,36.5325927734375,36.5325927734375,Leave_One_experiments/all_year_offline_schedule_search/daily_outputs/YCA/YCA_2021_YCA2021_normal_grid_S0028_daily.csv
YCA,YCA,Yucheng,2021,Leave_One_experiments\wth_generated_qc\YCA\YCA2021.WTH,wet_year;nitrogen_stress_year;low_response_year,wet,YCA2021_normal_grid_S0028,low_input_within_10pct_yield,2021-08-17,229,66,61,"{""sim_day"": 66.0, ""doy"": 229.0, ""topwt"": 10697.252197265623, ""grnwt"": 0.0, ""xlai"": 4.389641761779785, ""totir"": 0.0, ""tofer"": NaN, ""swfac"": 0.0, ""nstres"": 0.0192958712577819}",0.0,0.0192958712577819,10697.252197265623,0.0,4.389641761779785,0.0,,0.0,0.0,0.0,180.0,36.5325927734375,36.5325927734375,Leave_One_experiments/all_year_offline_schedule_search/daily_outputs/YCA/YCA_2021_YCA2021_normal_grid_S0028_daily.csv
YCA,YCA,Yucheng,2021,Leave_One_experiments\wth_generated_qc\YCA\YCA2021.WTH,wet_year;nitrogen_stress_year;low_response_year,wet,YCA2021_normal_grid_S0028,low_input_within_10pct_yield,2021-08-18,230,67,62,"{""sim_day"": 67.0, ""doy"": 230.0, ""topwt"": 10781.70654296875, ""grnwt"": 0.0, ""xlai"": 4.3759589195251465, ""totir"": 0.0, ""tofer"": NaN, ""swfac"": 0.0, ""nstres"": 0.0}",0.0,0.0,10781.70654296875,0.0,4.3759589195251465,0.0,,0.0,0.0,0.0,180.0,36.5325927734375,36.5325927734375,Leave_One_experiments/all_year_offline_schedule_search/daily_outputs/YCA/YCA_2021_YCA2021_normal_grid_S0028_daily.csv
YCA,YCA,Yucheng,2021,Leave_One_experiments\wth_generated_qc\YCA\YCA2021.WTH,wet_year;nitrogen_stress_year;low_response_year,wet,YCA2021_normal_grid_S0028,low_input_within_10pct_yield,2021-08-19,231,68,63,"{""sim_day"": 68.0, ""doy"": 231.0, ""topwt"": 10840.24169921875, ""grnwt"": 0.0, ""xlai"": 4.362797737121582, ""totir"": 0.0, ""tofer"": NaN, ""swfac"": 0.0, ""nstres"": 0.0}",0.0,0.0,10840.24169921875,0.0,4.362797737121582,0.0,,0.0,0.0,0.0,180.0,36.5325927734375,36.5325927734375,Leave_One_experiments/all_year_offline_schedule_search/daily_outputs/YCA/YCA_2021_YCA2021_normal_grid_S0028_daily.csv
YCA,YCA,Yucheng,2021,Leave_One_experiments\wth_generated_qc\YCA\YCA2021.WTH,wet_year;nitrogen_stress_year;low_response_year,wet,YCA2021_normal_grid_S0028,low_input_within_10pct_yield,2021-08-20,232,69,64,"{""sim_day"": 69.0, ""doy"": 232.0, ""topwt"": 11156.229248046877, ""grnwt"": 0.0, ""xlai"": 4.35013484954834, ""totir"": 0.0, ""tofer"": NaN, ""swfac"": 0.0, ""nstres"": 0.0}",0.0,0.0,11156.229248046877,0.0,4.35013484954834,0.0,,0.0,0.0,0.0,180.0,36.5325927734375,36.5325927734375,Leave_One_experiments/all_year_offline_schedule_search/daily_outputs/YCA/YCA_2021_YCA2021_normal_grid_S0028_daily.csv
YCA,YCA,Yucheng,2021,Leave_One_experiments\wth_generated_qc\YCA\YCA2021.WTH,wet_year;nitrogen_stress_year;low_response_year,wet,YCA2021_normal_grid_S0028,low_input_within_10pct_yield,2021-08-21,233,70,65,"{""sim_day"": 70.0, ""doy"": 233.0, ""topwt"": 11297.247314453123, ""grnwt"": 254.83917236328125, ""xlai"": 4.337949752807617, ""totir"": 0.0, ""tofer"": NaN, ""swfac"": 0.0, ""nstres"": 0.0}",0.0,0.0,11297.247314453123,254.83917236328125,4.337949752807617,0.0,,0.0,0.0,0.0,180.0,36.5325927734375,36.5325927734375,Leave_One_experiments/all_year_offline_schedule_search/daily_outputs/YCA/YCA_2021_YCA2021_normal_grid_S0028_daily.csv
YCA,YCA,Yucheng,2021,Leave_One_experiments\wth_generated_qc\YCA\YCA2021.WTH,wet_year;nitrogen_stress_year;low_response_year,wet,YCA2021_normal_grid_S0028,low_input_within_10pct_yield,2021-08-22,234,71,66,"{""sim_day"": 71.0, ""doy"": 234.0, ""topwt"": 11632.012939453123, ""grnwt"": 509.6783447265625, ""xlai"": 4.326221942901611, ""totir"": 0.0, ""tofer"": NaN, ""swfac"": 0.0, ""nstres"": 0.0}",0.0,0.0,11632.012939453123,509.6783447265625,4.326221942901611,0.0,,0.0,0.0,0.0,180.0,36.5325927734375,36.5325927734375,Leave_One_experiments/all_year_offline_schedule_search/daily_outputs/YCA/YCA_2021_YCA2021_normal_grid_S0028_daily.csv
YCA,YCA,Yucheng,2021,Leave_One_experiments\wth_generated_qc\YCA\YCA2021.WTH,wet_year;nitrogen_stress_year;low_response_year,wet,YCA2021_normal_grid_S0028,low_input_within_10pct_yield,2021-08-23,235,72,67,"{""sim_day"": 72.0, ""doy"": 235.0, ""topwt"": 11920.745849609377, ""grnwt"": 764.5175170898438, ""xlai"": 4.31493091583252, ""totir"": 0.0, ""tofer"": NaN, ""swfac"": 0.0, ""nstres"": 0.0}",0.0,0.0,11920.745849609377,764.5175170898438,4.31493091583252,0.0,,0.0,0.0,0.0,180.0,36.5325927734375,36.5325927734375,Leave_One_experiments/all_year_offline_schedule_search/daily_outputs/YCA/YCA_2021_YCA2021_normal_grid_S0028_daily.csv
YCA,YCA,Yucheng,2021,Leave_One_experiments\wth_generated_qc\YCA\YCA2021.WTH,wet_year;nitrogen_stress_year;low_response_year,wet,YCA2021_normal_grid_S0028,low_input_within_10pct_yield,2021-08-24,236,73,68,"{""sim_day"": 73.0, ""doy"": 236.0, ""topwt"": 12175.5859375, ""grnwt"": 1019.356689453125, ""xlai"": 4.304059982299805, ""totir"": 0.0, ""tofer"": NaN, ""swfac"": 0.0, ""nstres"": 0.0}",0.0,0.0,12175.5859375,1019.356689453125,4.304059982299805,0.0,,0.0,0.0,0.0,180.0,36.5325927734375,36.5325927734375,Leave_One_experiments/all_year_offline_schedule_search/daily_outputs/YCA/YCA_2021_YCA2021_normal_grid_S0028_daily.csv
YCA,YCA,Yucheng,2021,Leave_One_experiments\wth_generated_qc\YCA\YCA2021.WTH,wet_year;nitrogen_stress_year;low_response_year,wet,YCA2021_normal_grid_S0028,low_input_within_10pct_yield,2021-08-25,237,74,69,"{""sim_day"": 74.0, ""doy"": 237.0, ""topwt"": 12430.426025390623, ""grnwt"": 1274.1958618164062, ""xlai"": 4.293590545654297, ""totir"": 0.0, ""tofer"": NaN, ""swfac"": 0.0, ""nstres"": 0.0}",0.0,0.0,12430.426025390623,1274.1958618164062,4.293590545654297,0.0,,0.0,0.0,0.0,180.0,36.5325927734375,36.5325927734375,Leave_One_experiments/all_year_offline_schedule_search/daily_outputs/YCA/YCA_2021_YCA2021_normal_grid_S0028_daily.csv
YCA,YCA,Yucheng,2021,Leave_One_experiments\wth_generated_qc\YCA\YCA2021.WTH,wet_year;nitrogen_stress_year;low_response_year,wet,YCA2021_normal_grid_S0028,low_input_within_10pct_yield,2021-08-26,238,75,70,"{""sim_day"": 75.0, ""doy"": 238.0, ""topwt"": 12685.263671875, ""grnwt"": 1529.0350341796875, ""xlai"": 4.283505916595459, ""totir"": 0.0, ""tofer"": NaN, ""swfac"": 0.0, ""nstres"": 0.0}",0.0,0.0,12685.263671875,1529.0350341796875,4.283505916595459,0.0,,0.0,0.0,0.0,180.0,36.5325927734375,36.5325927734375,Leave_One_experiments/all_year_offline_schedule_search/daily_outputs/YCA/YCA_2021_YCA2021_normal_grid_S0028_daily.csv
YCA,YCA,Yucheng,2021,Leave_One_experiments\wth_generated_qc\YCA\YCA2021.WTH,wet_year;nitrogen_stress_year;low_response_year,wet,YCA2021_normal_grid_S0028,low_input_within_10pct_yield,2021-08-27,239,76,71,"{""sim_day"": 76.0, ""doy"": 239.0, ""topwt"": 12940.1025390625, ""grnwt"": 1783.8742065429688, ""xlai"": 4.2737908363342285, ""totir"": 0.0, ""tofer"": NaN, ""swfac"": 0.0, ""nstres"": 0.0}",0.0,0.0,12940.1025390625,1783.8742065429688,4.2737908363342285,0.0,,0.0,0.0,0.0,180.0,36.5325927734375,36.5325927734375,Leave_One_experiments/all_year_offline_schedule_search/daily_outputs/YCA/YCA_2021_YCA2021_normal_grid_S0028_daily.csv
YCA,YCA,Yucheng,2021,Leave_One_experiments\wth_generated_qc\YCA\YCA2021.WTH,wet_year;nitrogen_stress_year;low_response_year,wet,YCA2021_normal_grid_S0028,low_input_within_10pct_yield,2021-08-28,240,77,72,"{""sim_day"": 77.0, ""doy"": 240.0, ""topwt"": 13035.888671875, ""grnwt"": 2038.7135314941409, ""xlai"": 4.264429569244385, ""totir"": 0.0, ""tofer"": NaN, ""swfac"": 0.0, ""nstres"": 0.0}",0.0,0.0,13035.888671875,2038.7135314941409,4.264429569244385,0.0,,0.0,0.0,0.0,180.0,36.5325927734375,36.5325927734375,Leave_One_experiments/all_year_offline_schedule_search/daily_outputs/YCA/YCA_2021_YCA2021_normal_grid_S0028_daily.csv
YCA,YCA,Yucheng,2021,Leave_One_experiments\wth_generated_qc\YCA\YCA2021.WTH,wet_year;nitrogen_stress_year;low_response_year,wet,YCA2021_normal_grid_S0028,low_input_within_10pct_yield,2021-08-29,241,78,73,"{""sim_day"": 78.0, ""doy"": 241.0, ""topwt"": 13162.198486328123, ""grnwt"": 2293.5525512695312, ""xlai"": 4.25540828704834, ""totir"": 0.0, ""tofer"": NaN, ""swfac"": 0.0, ""nstres"": 0.0}",0.0,0.0,13162.198486328123,2293.5525512695312,4.25540828704834,0.0,,0.0,0.0,0.0,180.0,36.5325927734375,36.5325927734375,Leave_One_experiments/all_year_offline_schedule_search/daily_outputs/YCA/YCA_2021_YCA2021_normal_grid_S0028_daily.csv
YCA,YCA,Yucheng,2021,Leave_One_experiments\wth_generated_qc\YCA\YCA2021.WTH,wet_year;nitrogen_stress_year;low_response_year,wet,YCA2021_normal_grid_S0028,low_input_within_10pct_yield,2021-08-30,242,79,74,"{""sim_day"": 79.0, ""doy"": 242.0, ""topwt"": 13247.734375, ""grnwt"": 2548.3917236328125, ""xlai"": 4.246713638305664, ""totir"": 0.0, ""tofer"": NaN, ""swfac"": 0.0, ""nstres"": 0.0}",0.0,0.0,13247.734375,2548.3917236328125,4.246713638305664,0.0,,0.0,0.0,0.0,180.0,36.5325927734375,36.5325927734375,Leave_One_experiments/all_year_offline_schedule_search/daily_outputs/YCA/YCA_2021_YCA2021_normal_grid_S0028_daily.csv
YCA,YCA,Yucheng,2021,Leave_One_experiments\wth_generated_qc\YCA\YCA2021.WTH,wet_year;nitrogen_stress_year;low_response_year,wet,YCA2021_normal_grid_S0028,low_input_within_10pct_yield,2021-08-31,243,80,75,"{""sim_day"": 80.0, ""doy"": 243.0, ""topwt"": 13547.18505859375, ""grnwt"": 2803.2308959960938, ""xlai"": 4.2383317947387695, ""totir"": 0.0, ""tofer"": NaN, ""swfac"": 0.0, ""nstres"": 0.0}",0.0,0.0,13547.18505859375,2803.2308959960938,4.2383317947387695,0.0,,0.0,0.0,0.0,180.0,36.5325927734375,36.5325927734375,Leave_One_experiments/all_year_offline_schedule_search/daily_outputs/YCA/YCA_2021_YCA2021_normal_grid_S0028_daily.csv
YCA,YCA,Yucheng,2021,Leave_One_experiments\wth_generated_qc\YCA\YCA2021.WTH,wet_year;nitrogen_stress_year;low_response_year,wet,YCA2021_normal_grid_S0028,low_input_within_10pct_yield,2021-09-01,244,81,76,"{""sim_day"": 81.0, ""doy"": 244.0, ""topwt"": 13878.126220703123, ""grnwt"": 3058.0697631835938, ""xlai"": 4.19750452041626, ""totir"": 0.0, ""tofer"": NaN, ""swfac"": 0.0, ""nstres"": 0.0}",0.0,0.0,13878.126220703123,3058.0697631835938,4.19750452041626,0.0,,0.0,0.0,0.0,180.0,36.5325927734375,36.5325927734375,Leave_One_experiments/all_year_offline_schedule_search/daily_outputs/YCA/YCA_2021_YCA2021_normal_grid_S0028_daily.csv
YCA,YCA,Yucheng,2021,Leave_One_experiments\wth_generated_qc\YCA\YCA2021.WTH,wet_year;nitrogen_stress_year;low_response_year,wet,YCA2021_normal_grid_S0028,low_input_within_10pct_yield,2021-09-02,245,82,77,"{""sim_day"": 82.0, ""doy"": 245.0, ""topwt"": 14169.117431640623, ""grnwt"": 3312.908935546875, ""xlai"": 4.140377998352051, ""totir"": 0.0, ""tofer"": NaN, ""swfac"": 0.0, ""nstres"": 0.0}",0.0,0.0,14169.117431640623,3312.908935546875,4.140377998352051,0.0,,0.0,0.0,0.0,180.0,36.5325927734375,36.5325927734375,Leave_One_experiments/all_year_offline_schedule_search/daily_outputs/YCA/YCA_2021_YCA2021_normal_grid_S0028_daily.csv
YCA,YCA,Yucheng,2021,Leave_One_experiments\wth_generated_qc\YCA\YCA2021.WTH,wet_year;nitrogen_stress_year;low_response_year,wet,YCA2021_normal_grid_S0028,low_input_within_10pct_yield,2021-09-03,246,83,78,"{""sim_day"": 83.0, ""doy"": 246.0, ""topwt"": 14288.721923828123, ""grnwt"": 3567.748107910156, ""xlai"": 4.090806007385254, ""totir"": 0.0, ""tofer"": NaN, ""swfac"": 0.0, ""nstres"": 0.0}",0.0,0.0,14288.721923828123,3567.748107910156,4.090806007385254,0.0,,0.0,0.0,0.0,180.0,36.5325927734375,36.5325927734375,Leave_One_experiments/all_year_offline_schedule_search/daily_outputs/YCA/YCA_2021_YCA2021_normal_grid_S0028_daily.csv
YCA,YCA,Yucheng,2021,Leave_One_experiments\wth_generated_qc\YCA\YCA2021.WTH,wet_year;nitrogen_stress_year;low_response_year,wet,YCA2021_normal_grid_S0028,low_input_within_10pct_yield,2021-09-04,247,84,79,"{""sim_day"": 84.0, ""doy"": 247.0, ""topwt"": 14402.0068359375, ""grnwt"": 3822.5872802734375, ""xlai"": 4.035660266876221, ""totir"": 0.0, ""tofer"": NaN, ""swfac"": 0.0, ""nstres"": 0.0}",0.0,0.0,14402.0068359375,3822.5872802734375,4.035660266876221,0.0,,0.0,0.0,0.0,180.0,36.5325927734375,36.5325927734375,Leave_One_experiments/all_year_offline_schedule_search/daily_outputs/YCA/YCA_2021_YCA2021_normal_grid_S0028_daily.csv
YCA,YCA,Yucheng,2021,Leave_One_experiments\wth_generated_qc\YCA\YCA2021.WTH,wet_year;nitrogen_stress_year;low_response_year,wet,YCA2021_normal_grid_S0028,low_input_within_10pct_yield,2021-09-05,248,85,80,"{""sim_day"": 85.0, ""doy"": 248.0, ""topwt"": 14535.194091796877, ""grnwt"": 4077.4261474609375, ""xlai"": 3.9741525650024414, ""totir"": 0.0, ""tofer"": NaN, ""swfac"": 0.0, ""nstres"": 0.0}",0.0,0.0,14535.194091796877,4077.4261474609375,3.9741525650024414,0.0,,0.0,0.0,0.0,180.0,36.5325927734375,36.5325927734375,Leave_One_experiments/all_year_offline_schedule_search/daily_outputs/YCA/YCA_2021_YCA2021_normal_grid_S0028_daily.csv
YCA,YCA,Yucheng,2021,Leave_One_experiments\wth_generated_qc\YCA\YCA2021.WTH,wet_year;nitrogen_stress_year;low_response_year,wet,YCA2021_normal_grid_S0028,low_input_within_10pct_yield,2021-09-06,249,86,81,"{""sim_day"": 86.0, ""doy"": 249.0, ""topwt"": 14897.047119140623, ""grnwt"": 4332.265625, ""xlai"": 3.910347223281861, ""totir"": 0.0, ""tofer"": NaN, ""swfac"": 0.0, ""nstres"": 0.0}",0.0,0.0,14897.047119140623,4332.265625,3.910347223281861,0.0,,0.0,0.0,0.0,180.0,36.5325927734375,36.5325927734375,Leave_One_experiments/all_year_offline_schedule_search/daily_outputs/YCA/YCA_2021_YCA2021_normal_grid_S0028_daily.csv
YCA,YCA,Yucheng,2021,Leave_One_experiments\wth_generated_qc\YCA\YCA2021.WTH,wet_year;nitrogen_stress_year;low_response_year,wet,YCA2021_normal_grid_S0028,low_input_within_10pct_yield,2021-09-07,250,87,82,"{""sim_day"": 87.0, ""doy"": 250.0, ""topwt"": 15257.1728515625, ""grnwt"": 4587.104797363281, ""xlai"": 3.8355038166046143, ""totir"": 0.0, ""tofer"": NaN, ""swfac"": 0.0, ""nstres"": 0.0}",0.0,0.0,15257.1728515625,4587.104797363281,3.8355038166046143,0.0,,0.0,0.0,0.0,180.0,36.5325927734375,36.5325927734375,Leave_One_experiments/all_year_offline_schedule_search/daily_outputs/YCA/YCA_2021_YCA2021_normal_grid_S0028_daily.csv
YCA,YCA,Yucheng,2021,Leave_One_experiments\wth_generated_qc\YCA\YCA2021.WTH,wet_year;nitrogen_stress_year;low_response_year,wet,YCA2021_normal_grid_S0028,low_input_within_10pct_yield,2021-09-08,251,88,83,"{""sim_day"": 88.0, ""doy"": 251.0, ""topwt"": 15610.42236328125, ""grnwt"": 4841.943664550781, ""xlai"": 3.748366594314575, ""totir"": 0.0, ""tofer"": NaN, ""swfac"": 0.0, ""nstres"": 0.0}",0.0,0.0,15610.42236328125,4841.943664550781,3.748366594314575,0.0,,0.0,0.0,0.0,180.0,36.5325927734375,36.5325927734375,Leave_One_experiments/all_year_offline_schedule_search/daily_outputs/YCA/YCA_2021_YCA2021_normal_grid_S0028_daily.csv
YCA,YCA,Yucheng,2021,Leave_One_experiments\wth_generated_qc\YCA\YCA2021.WTH,wet_year;nitrogen_stress_year;low_response_year,wet,YCA2021_normal_grid_S0028,low_input_within_10pct_yield,2021-09-09,252,89,84,"{""sim_day"": 89.0, ""doy"": 252.0, ""topwt"": 15944.705810546877, ""grnwt"": 5096.782836914063, ""xlai"": 3.644472122192383, ""totir"": 0.0, ""tofer"": NaN, ""swfac"": 0.0, ""nstres"": 0.0}",0.0,0.0,15944.705810546877,5096.782836914063,3.644472122192383,0.0,,0.0,0.0,0.0,180.0,36.5325927734375,36.5325927734375,Leave_One_experiments/all_year_offline_schedule_search/daily_outputs/YCA/YCA_2021_YCA2021_normal_grid_S0028_daily.csv
YCA,YCA,Yucheng,2021,Leave_One_experiments\wth_generated_qc\YCA\YCA2021.WTH,wet_year;nitrogen_stress_year;low_response_year,wet,YCA2021_normal_grid_S0028,low_input_within_10pct_yield,2021-09-10,253,90,85,"{""sim_day"": 90.0, ""doy"": 253.0, ""topwt"": 16279.9169921875, ""grnwt"": 5350.029296875, ""xlai"": 3.5225417613983154, ""totir"": 0.0, ""tofer"": NaN, ""swfac"": 0.0, ""nstres"": 0.0}",0.0,0.0,16279.9169921875,5350.029296875,3.5225417613983154,0.0,,0.0,0.0,0.0,180.0,36.5325927734375,36.5325927734375,Leave_One_experiments/all_year_offline_schedule_search/daily_outputs/YCA/YCA_2021_YCA2021_normal_grid_S0028_daily.csv
YCA,YCA,Yucheng,2021,Leave_One_experiments\wth_generated_qc\YCA\YCA2021.WTH,wet_year;nitrogen_stress_year;low_response_year,wet,YCA2021_normal_grid_S0028,low_input_within_10pct_yield,2021-09-11,254,91,86,"{""sim_day"": 91.0, ""doy"": 254.0, ""topwt"": 16601.571044921875, ""grnwt"": 5604.8681640625, ""xlai"": 3.39142107963562, ""totir"": 0.0, ""tofer"": NaN, ""swfac"": 0.0, ""nstres"": 0.0}",0.0,0.0,16601.571044921875,5604.8681640625,3.39142107963562,0.0,,0.0,0.0,0.0,180.0,36.5325927734375,36.5325927734375,Leave_One_experiments/all_year_offline_schedule_search/daily_outputs/YCA/YCA_2021_YCA2021_normal_grid_S0028_daily.csv
YCA,YCA,Yucheng,2021,Leave_One_experiments\wth_generated_qc\YCA\YCA2021.WTH,wet_year;nitrogen_stress_year;low_response_year,wet,YCA2021_normal_grid_S0028,low_input_within_10pct_yield,2021-09-12,255,92,87,"{""sim_day"": 92.0, ""doy"": 255.0, ""topwt"": 16903.963623046875, ""grnwt"": 5859.7076416015625, ""xlai"": 3.25551986694336, ""totir"": 0.0, ""tofer"": NaN, ""swfac"": 0.0, ""nstres"": 0.0}",0.0,0.0,16903.963623046875,5859.7076416015625,3.25551986694336,0.0,,0.0,0.0,0.0,180.0,36.5325927734375,36.5325927734375,Leave_One_experiments/all_year_offline_schedule_search/daily_outputs/YCA/YCA_2021_YCA2021_normal_grid_S0028_daily.csv
YCA,YCA,Yucheng,2021,Leave_One_experiments\wth_generated_qc\YCA\YCA2021.WTH,wet_year;nitrogen_stress_year;low_response_year,wet,YCA2021_normal_grid_S0028,low_input_within_10pct_yield,2021-09-13,256,93,88,"{""sim_day"": 93.0, ""doy"": 256.0, ""topwt"": 17212.11181640625, ""grnwt"": 6114.546508789063, ""xlai"": 3.118072271347046, ""totir"": 0.0, ""tofer"": NaN, ""swfac"": 0.0, ""nstres"": 0.0163447856903076}",0.0,0.0163447856903076,17212.11181640625,6114.546508789063,3.118072271347046,0.0,,0.0,0.0,0.0,180.0,36.5325927734375,36.5325927734375,Leave_One_experiments/all_year_offline_schedule_search/daily_outputs/YCA/YCA_2021_YCA2021_normal_grid_S0028_daily.csv
YCA,YCA,Yucheng,2021,Leave_One_experiments\wth_generated_qc\YCA\YCA2021.WTH,wet_year;nitrogen_stress_year;low_response_year,wet,YCA2021_normal_grid_S0028,low_input_within_10pct_yield,2021-09-14,257,94,89,"{""sim_day"": 94.0, ""doy"": 257.0, ""topwt"": 17525.616455078125, ""grnwt"": 6369.3853759765625, ""xlai"": 2.9951281547546387, ""totir"": 0.0, ""tofer"": NaN, ""swfac"": 0.0, ""nstres"": 0.0373072624206543}",0.0,0.0373072624206543,17525.616455078125,6369.3853759765625,2.9951281547546387,0.0,,0.0,0.0,0.0,180.0,36.5325927734375,36.5325927734375,Leave_One_experiments/all_year_offline_schedule_search/daily_outputs/YCA/YCA_2021_YCA2021_normal_grid_S0028_daily.csv
YCA,YCA,Yucheng,2021,Leave_One_experiments\wth_generated_qc\YCA\YCA2021.WTH,wet_year;nitrogen_stress_year;low_response_year,wet,YCA2021_normal_grid_S0028,low_input_within_10pct_yield,2021-09-15,258,95,90,"{""sim_day"": 95.0, ""doy"": 258.0, ""topwt"": 17769.63623046875, ""grnwt"": 6624.224853515625, ""xlai"": 2.873337984085083, ""totir"": 0.0, ""tofer"": NaN, ""swfac"": 0.0, ""nstres"": 0.0591000318527221}",0.0,0.0591000318527221,17769.63623046875,6624.224853515625,2.873337984085083,0.0,,0.0,0.0,0.0,180.0,36.5325927734375,36.5325927734375,Leave_One_experiments/all_year_offline_schedule_search/daily_outputs/YCA/YCA_2021_YCA2021_normal_grid_S0028_daily.csv
YCA,YCA,Yucheng,2021,Leave_One_experiments\wth_generated_qc\YCA\YCA2021.WTH,wet_year;nitrogen_stress_year;low_response_year,wet,YCA2021_normal_grid_S0028,low_input_within_10pct_yield,2021-09-16,259,96,91,"{""sim_day"": 96.0, ""doy"": 259.0, ""topwt"": 17986.417236328125, ""grnwt"": 6879.063720703125, ""xlai"": 2.72927188873291, ""totir"": 0.0, ""tofer"": NaN, ""swfac"": 0.0, ""nstres"": 0.0800994634628295}",0.0,0.0800994634628295,17986.417236328125,6879.063720703125,2.72927188873291,0.0,,0.0,0.0,0.0,180.0,36.5325927734375,36.5325927734375,Leave_One_experiments/all_year_offline_schedule_search/daily_outputs/YCA/YCA_2021_YCA2021_normal_grid_S0028_daily.csv
YCA,YCA,Yucheng,2021,Leave_One_experiments\wth_generated_qc\YCA\YCA2021.WTH,wet_year;nitrogen_stress_year;low_response_year,wet,YCA2021_normal_grid_S0028,low_input_within_10pct_yield,2021-09-17,260,97,92,"{""sim_day"": 97.0, ""doy"": 260.0, ""topwt"": 18048.92944335937, ""grnwt"": 7133.903198242188, ""xlai"": 2.614630699157715, ""totir"": 0.0, ""tofer"": NaN, ""swfac"": 0.0, ""nstres"": 0.0984461307525634}",0.0,0.0984461307525634,18048.92944335937,7133.903198242188,2.614630699157715,0.0,,0.0,0.0,0.0,180.0,36.5325927734375,36.5325927734375,Leave_One_experiments/all_year_offline_schedule_search/daily_outputs/YCA/YCA_2021_YCA2021_normal_grid_S0028_daily.csv
YCA,YCA,Yucheng,2021,Leave_One_experiments\wth_generated_qc\YCA\YCA2021.WTH,wet_year;nitrogen_stress_year;low_response_year,wet,YCA2021_normal_grid_S0028,low_input_within_10pct_yield,2021-09-18,261,98,93,"{""sim_day"": 98.0, ""doy"": 261.0, ""topwt"": 18083.86474609375, ""grnwt"": 7388.742065429687, ""xlai"": 2.519728422164917, ""totir"": 0.0, ""tofer"": NaN, ""swfac"": 0.0, ""nstres"": 0.1167877912521362}",0.0,0.1167877912521362,18083.86474609375,7388.742065429687,2.519728422164917,0.0,,0.0,0.0,0.0,180.0,36.5325927734375,36.5325927734375,Leave_One_experiments/all_year_offline_schedule_search/daily_outputs/YCA/YCA_2021_YCA2021_normal_grid_S0028_daily.csv
YCA,YCA,Yucheng,2021,Leave_One_experiments\wth_generated_qc\YCA\YCA2021.WTH,wet_year;nitrogen_stress_year;low_response_year,wet,YCA2021_normal_grid_S0028,low_input_within_10pct_yield,2021-09-19,262,99,94,"{""sim_day"": 99.0, ""doy"": 262.0, ""topwt"": 18185.040283203125, ""grnwt"": 7643.5809326171875, ""xlai"": 2.391424655914306, ""totir"": 0.0, ""tofer"": NaN, ""swfac"": 0.0, ""nstres"": 0.1226025819778442}",0.0,0.1226025819778442,18185.040283203125,7643.5809326171875,2.391424655914306,0.0,,0.0,0.0,0.0,180.0,36.5325927734375,36.5325927734375,Leave_One_experiments/all_year_offline_schedule_search/daily_outputs/YCA/YCA_2021_YCA2021_normal_grid_S0028_daily.csv
YCA,YCA,Yucheng,2021,Leave_One_experiments\wth_generated_qc\YCA\YCA2021.WTH,wet_year;nitrogen_stress_year;low_response_year,wet,YCA2021_normal_grid_S0028,low_input_within_10pct_yield,2021-09-20,263,100,95,"{""sim_day"": 100.0, ""doy"": 263.0, ""topwt"": 18477.74780273437, ""grnwt"": 7898.42041015625, ""xlai"": 2.2164511680603027, ""totir"": 0.0, ""tofer"": NaN, ""swfac"": 0.0, ""nstres"": 0.1240540742874145}",0.0,0.1240540742874145,18477.74780273437,7898.42041015625,2.2164511680603027,0.0,,0.0,0.0,0.0,180.0,36.5325927734375,36.5325927734375,Leave_One_experiments/all_year_offline_schedule_search/daily_outputs/YCA/YCA_2021_YCA2021_normal_grid_S0028_daily.csv
YCA,YCA,Yucheng,2021,Leave_One_experiments\wth_generated_qc\YCA\YCA2021.WTH,wet_year;nitrogen_stress_year;low_response_year,wet,YCA2021_normal_grid_S0028,low_input_within_10pct_yield,2021-09-21,264,101,96,"{""sim_day"": 101.0, ""doy"": 264.0, ""topwt"": 18757.921142578125, ""grnwt"": 8153.25927734375, ""xlai"": 2.0466926097869877, ""totir"": 0.0, ""tofer"": NaN, ""swfac"": 0.0, ""nstres"": 0.1331512928009033}",0.0,0.1331512928009033,18757.921142578125,8153.25927734375,2.0466926097869877,0.0,,0.0,0.0,0.0,180.0,36.5325927734375,36.5325927734375,Leave_One_experiments/all_year_offline_schedule_search/daily_outputs/YCA/YCA_2021_YCA2021_normal_grid_S0028_daily.csv
YCA,YCA,Yucheng,2021,Leave_One_experiments\wth_generated_qc\YCA\YCA2021.WTH,wet_year;nitrogen_stress_year;low_response_year,wet,YCA2021_normal_grid_S0028,low_input_within_10pct_yield,2021-09-22,265,102,97,"{""sim_day"": 102.0, ""doy"": 265.0, ""topwt"": 18757.921142578125, ""grnwt"": 8153.25927734375, ""xlai"": 2.0466926097869877, ""totir"": 0.0, ""tofer"": NaN, ""swfac"": 0.0, ""nstres"": 0.1591240763664245}",0.0,0.1591240763664245,18757.921142578125,8153.25927734375,2.0466926097869877,0.0,,0.0,0.0,0.0,180.0,36.5325927734375,36.5325927734375,Leave_One_experiments/all_year_offline_schedule_search/daily_outputs/YCA/YCA_2021_YCA2021_normal_grid_S0028_daily.csv
YCA,YCA,Yucheng,2021,Leave_One_experiments\wth_generated_qc\YCA\YCA2021.WTH,wet_year;nitrogen_stress_year;low_response_year,wet,YCA2021_normal_grid_S0028,low_input_within_10pct_yield,2021-09-23,266,103,98,"{""sim_day"": 103.0, ""doy"": 266.0, ""topwt"": 18757.921142578125, ""grnwt"": 8153.25927734375, ""xlai"": 2.0466926097869877, ""totir"": 0.0, ""tofer"": NaN, ""swfac"": 0.0, ""nstres"": 0.1591240763664245}",0.0,0.1591240763664245,18757.921142578125,8153.25927734375,2.0466926097869877,0.0,,0.0,0.0,0.0,180.0,36.5325927734375,36.5325927734375,Leave_One_experiments/all_year_offline_schedule_search/daily_outputs/YCA/YCA_2021_YCA2021_normal_grid_S0028_daily.csv
YCA,YCA,Yucheng,2021,Leave_One_experiments\wth_generated_qc\YCA\YCA2021.WTH,wet_year;nitrogen_stress_year;low_response_year,wet,YCA2021_normal_grid_S0028,low_input_within_10pct_yield,2021-09-24,267,104,99,"{""sim_day"": 104.0, ""doy"": 267.0, ""topwt"": 18757.921142578125, ""grnwt"": 8153.25927734375, ""xlai"": 2.0466926097869877, ""totir"": 0.0, ""tofer"": NaN, ""swfac"": 0.0, ""nstres"": 0.1591240763664245}",0.0,0.1591240763664245,18757.921142578125,8153.25927734375,2.0466926097869877,0.0,,0.0,0.0,0.0,180.0,36.5325927734375,36.5325927734375,Leave_One_experiments/all_year_offline_schedule_search/daily_outputs/YCA/YCA_2021_YCA2021_normal_grid_S0028_daily.csv
YCA,YCA,Yucheng,2021,Leave_One_experiments\wth_generated_qc\YCA\YCA2021.WTH,wet_year;nitrogen_stress_year;low_response_year,wet,YCA2021_normal_grid_S0019,pareto_balanced,2021-06-18,169,1,1,"{""sim_day"": 1.0, ""doy"": 169.0, ""topwt"": 0.0, ""grnwt"": 0.0, ""xlai"": 0.0, ""totir"": 0.0, ""tofer"": NaN, ""swfac"": 0.0, ""nstres"": 0.0}",0.0,0.0,0.0,0.0,0.0,0.0,,0.0,75.0,0.0,225.0,28.074963378906247,28.074963378906247,Leave_One_experiments/all_year_offline_schedule_search/daily_outputs/YCA/YCA_2021_YCA2021_normal_grid_S0019_daily.csv
YCA,YCA,Yucheng,2021,Leave_One_experiments\wth_generated_qc\YCA\YCA2021.WTH,wet_year;nitrogen_stress_year;low_response_year,wet,YCA2021_normal_grid_S0019,pareto_balanced,2021-06-19,170,2,2,"{""sim_day"": 2.0, ""doy"": 170.0, ""topwt"": 0.0, ""grnwt"": 0.0, ""xlai"": 0.0, ""totir"": 0.0, ""tofer"": NaN, ""swfac"": 0.0, ""nstres"": 0.0}",0.0,0.0,0.0,0.0,0.0,0.0,,0.0,0.0,0.0,225.0,28.074963378906247,28.074963378906247,Leave_One_experiments/all_year_offline_schedule_search/daily_outputs/YCA/YCA_2021_YCA2021_normal_grid_S0019_daily.csv
YCA,YCA,Yucheng,2021,Leave_One_experiments\wth_generated_qc\YCA\YCA2021.WTH,wet_year;nitrogen_stress_year;low_response_year,wet,YCA2021_normal_grid_S0019,pareto_balanced,2021-06-20,171,3,3,"{""sim_day"": 3.0, ""doy"": 171.0, ""topwt"": 0.0, ""grnwt"": 0.0, ""xlai"": 0.0, ""totir"": 0.0, ""tofer"": NaN, ""swfac"": 0.0, ""nstres"": 0.0}",0.0,0.0,0.0,0.0,0.0,0.0,,0.0,0.0,0.0,225.0,28.074963378906247,28.074963378906247,Leave_One_experiments/all_year_offline_schedule_search/daily_outputs/YCA/YCA_2021_YCA2021_normal_grid_S0019_daily.csv
YCA,YCA,Yucheng,2021,Leave_One_experiments\wth_generated_qc\YCA\YCA2021.WTH,wet_year;nitrogen_stress_year;low_response_year,wet,YCA2021_normal_grid_S0019,pareto_balanced,2021-06-21,172,4,4,"{""sim_day"": 4.0, ""doy"": 172.0, ""topwt"": 0.0, ""grnwt"": 0.0, ""xlai"": 0.0, ""totir"": 0.0, ""tofer"": NaN, ""swfac"": 0.0, ""nstres"": 0.0}",0.0,0.0,0.0,0.0,0.0,0.0,,0.0,0.0,0.0,225.0,28.074963378906247,28.074963378906247,Leave_One_experiments/all_year_offline_schedule_search/daily_outputs/YCA/YCA_2021_YCA2021_normal_grid_S0019_daily.csv
YCA,YCA,Yucheng,2021,Leave_One_experiments\wth_generated_qc\YCA\YCA2021.WTH,wet_year;nitrogen_stress_year;low_response_year,wet,YCA2021_normal_grid_S0019,pareto_balanced,2021-06-22,173,5,5,"{""sim_day"": 5.0, ""doy"": 173.0, ""topwt"": 0.0, ""grnwt"": 0.0, ""xlai"": 0.0, ""totir"": 0.0, ""tofer"": NaN, ""swfac"": 0.0, ""nstres"": 0.0}",0.0,0.0,0.0,0.0,0.0,0.0,,0.0,0.0,0.0,225.0,28.074963378906247,28.074963378906247,Leave_One_experiments/all_year_offline_schedule_search/daily_outputs/YCA/YCA_2021_YCA2021_normal_grid_S0019_daily.csv
YCA,YCA,Yucheng,2021,Leave_One_experiments\wth_generated_qc\YCA\YCA2021.WTH,wet_year;nitrogen_stress_year;low_response_year,wet,YCA2021_normal_grid_S0019,pareto_balanced,2021-06-18,169,6,1,"{""sim_day"": 6.0, ""doy"": 169.0, ""topwt"": 0.0, ""grnwt"": 0.0, ""xlai"": 0.0, ""totir"": 0.0, ""tofer"": NaN, ""swfac"": 0.0, ""nstres"": 0.0}",0.0,0.0,0.0,0.0,0.0,0.0,,0.0,0.0,0.0,225.0,28.074963378906247,28.074963378906247,Leave_One_experiments/all_year_offline_schedule_search/daily_outputs/YCA/YCA_2021_YCA2021_normal_grid_S0019_daily.csv
YCA,YCA,Yucheng,2021,Leave_One_experiments\wth_generated_qc\YCA\YCA2021.WTH,wet_year;nitrogen_stress_year;low_response_year,wet,YCA2021_normal_grid_S0019,pareto_balanced,2021-06-19,170,7,2,"{""sim_day"": 7.0, ""doy"": 170.0, ""topwt"": 0.0, ""grnwt"": 0.0, ""xlai"": 0.0, ""totir"": 0.0, ""tofer"": NaN, ""swfac"": 0.0, ""nstres"": 0.0}",0.0,0.0,0.0,0.0,0.0,0.0,,0.0,0.0,0.0,225.0,28.074963378906247,28.074963378906247,Leave_One_experiments/all_year_offline_schedule_search/daily_outputs/YCA/YCA_2021_YCA2021_normal_grid_S0019_daily.csv
YCA,YCA,Yucheng,2021,Leave_One_experiments\wth_generated_qc\YCA\YCA2021.WTH,wet_year;nitrogen_stress_year;low_response_year,wet,YCA2021_normal_grid_S0019,pareto_balanced,2021-06-20,171,8,3,"{""sim_day"": 8.0, ""doy"": 171.0, ""topwt"": 0.0, ""grnwt"": 0.0, ""xlai"": 0.0, ""totir"": 0.0, ""tofer"": NaN, ""swfac"": 0.0, ""nstres"": 0.0}",0.0,0.0,0.0,0.0,0.0,0.0,,0.0,0.0,0.0,225.0,28.074963378906247,28.074963378906247,Leave_One_experiments/all_year_offline_schedule_search/daily_outputs/YCA/YCA_2021_YCA2021_normal_grid_S0019_daily.csv
YCA,YCA,Yucheng,2021,Leave_One_experiments\wth_generated_qc\YCA\YCA2021.WTH,wet_year;nitrogen_stress_year;low_response_year,wet,YCA2021_normal_grid_S0019,pareto_balanced,2021-06-21,172,9,4,"{""sim_day"": 9.0, ""doy"": 172.0, ""topwt"": 0.0, ""grnwt"": 0.0, ""xlai"": 0.0, ""totir"": 0.0, ""tofer"": NaN, ""swfac"": 0.0, ""nstres"": 0.0}",0.0,0.0,0.0,0.0,0.0,0.0,,0.0,0.0,0.0,225.0,28.074963378906247,28.074963378906247,Leave_One_experiments/all_year_offline_schedule_search/daily_outputs/YCA/YCA_2021_YCA2021_normal_grid_S0019_daily.csv
YCA,YCA,Yucheng,2021,Leave_One_experiments\wth_generated_qc\YCA\YCA2021.WTH,wet_year;nitrogen_stress_year;low_response_year,wet,YCA2021_normal_grid_S0019,pareto_balanced,2021-06-22,173,10,5,"{""sim_day"": 10.0, ""doy"": 173.0, ""topwt"": 26.400001049041748, ""grnwt"": 0.0, ""xlai"": 0.0054466784931719, ""totir"": 0.0, ""tofer"": NaN, ""swfac"": 0.0, ""nstres"": 0.0121910572052001}",0.0,0.0121910572052001,26.400001049041748,0.0,0.0054466784931719,0.0,,0.0,0.0,0.0,225.0,28.074963378906247,28.074963378906247,Leave_One_experiments/all_year_offline_schedule_search/daily_outputs/YCA/YCA_2021_YCA2021_normal_grid_S0019_daily.csv
YCA,YCA,Yucheng,2021,Leave_One_experiments\wth_generated_qc\YCA\YCA2021.WTH,wet_year;nitrogen_stress_year;low_response_year,wet,YCA2021_normal_grid_S0019,pareto_balanced,2021-06-23,174,11,6,"{""sim_day"": 11.0, ""doy"": 174.0, ""topwt"": 26.400001049041748, ""grnwt"": 0.0, ""xlai"": 0.0112468190491199, ""totir"": 0.0, ""tofer"": NaN, ""swfac"": 0.0, ""nstres"": 0.0081720352172851}",0.0,0.0081720352172851,26.400001049041748,0.0,0.0112468190491199,0.0,,0.0,0.0,0.0,225.0,28.074963378906247,28.074963378906247,Leave_One_experiments/all_year_offline_schedule_search/daily_outputs/YCA/YCA_2021_YCA2021_normal_grid_S0019_daily.csv
YCA,YCA,Yucheng,2021,Leave_One_experiments\wth_generated_qc\YCA\YCA2021.WTH,wet_year;nitrogen_stress_year;low_response_year,wet,YCA2021_normal_grid_S0019,pareto_balanced,2021-06-24,175,12,7,"{""sim_day"": 12.0, ""doy"": 175.0, ""topwt"": 26.400001049041748, ""grnwt"": 0.0, ""xlai"": 0.0176314748823642, ""totir"": 0.0, ""tofer"": NaN, ""swfac"": 0.0, ""nstres"": 0.000707983970642}",0.0,0.000707983970642,26.400001049041748,0.0,0.0176314748823642,0.0,,0.0,0.0,0.0,225.0,28.074963378906247,28.074963378906247,Leave_One_experiments/all_year_offline_schedule_search/daily_outputs/YCA/YCA_2021_YCA2021_normal_grid_S0019_daily.csv
YCA,YCA,Yucheng,2021,Leave_One_experiments\wth_generated_qc\YCA\YCA2021.WTH,wet_year;nitrogen_stress_year;low_response_year,wet,YCA2021_normal_grid_S0019,pareto_balanced,2021-06-25,176,13,8,"{""sim_day"": 13.0, ""doy"": 176.0, ""topwt"": 26.400001049041748, ""grnwt"": 0.0, ""xlai"": 0.0423513762652874, ""totir"": 0.0, ""tofer"": NaN, ""swfac"": 0.0, ""nstres"": 0.0}",0.0,0.0,26.400001049041748,0.0,0.0423513762652874,0.0,,0.0,0.0,0.0,225.0,28.074963378906247,28.074963378906247,Leave_One_experiments/all_year_offline_schedule_search/daily_outputs/YCA/YCA_2021_YCA2021_normal_grid_S0019_daily.csv
YCA,YCA,Yucheng,2021,Leave_One_experiments\wth_generated_qc\YCA\YCA2021.WTH,wet_year;nitrogen_stress_year;low_response_year,wet,YCA2021_normal_grid_S0019,pareto_balanced,2021-06-26,177,14,9,"{""sim_day"": 14.0, ""doy"": 177.0, ""topwt"": 36.47419452667236, ""grnwt"": 0.0, ""xlai"": 0.0712442845106124, ""totir"": 0.0, ""tofer"": NaN, ""swfac"": 0.0, ""nstres"": 0.0}",0.0,0.0,36.47419452667236,0.0,0.0712442845106124,0.0,,0.0,0.0,0.0,225.0,28.074963378906247,28.074963378906247,Leave_One_experiments/all_year_offline_schedule_search/daily_outputs/YCA/YCA_2021_YCA2021_normal_grid_S0019_daily.csv
YCA,YCA,Yucheng,2021,Leave_One_experiments\wth_generated_qc\YCA\YCA2021.WTH,wet_year;nitrogen_stress_year;low_response_year,wet,YCA2021_normal_grid_S0019,pareto_balanced,2021-06-27,178,15,10,"{""sim_day"": 15.0, ""doy"": 178.0, ""topwt"": 52.40024089813232, ""grnwt"": 0.0, ""xlai"": 0.1079131290316581, ""totir"": 0.0, ""tofer"": NaN, ""swfac"": 0.0, ""nstres"": 0.0}",0.0,0.0,52.40024089813232,0.0,0.1079131290316581,0.0,,0.0,0.0,0.0,225.0,28.074963378906247,28.074963378906247,Leave_One_experiments/all_year_offline_schedule_search/daily_outputs/YCA/YCA_2021_YCA2021_normal_grid_S0019_daily.csv
YCA,YCA,Yucheng,2021,Leave_One_experiments\wth_generated_qc\YCA\YCA2021.WTH,wet_year;nitrogen_stress_year;low_response_year,wet,YCA2021_normal_grid_S0019,pareto_balanced,2021-06-28,179,16,11,"{""sim_day"": 16.0, ""doy"": 179.0, ""topwt"": 68.63852500915527, ""grnwt"": 0.0, ""xlai"": 0.1421727538108825, ""totir"": 0.0, ""tofer"": NaN, ""swfac"": 0.0, ""nstres"": 0.0}",0.0,0.0,68.63852500915527,0.0,0.1421727538108825,0.0,,0.0,0.0,0.0,225.0,28.074963378906247,28.074963378906247,Leave_One_experiments/all_year_offline_schedule_search/daily_outputs/YCA/YCA_2021_YCA2021_normal_grid_S0019_daily.csv
YCA,YCA,Yucheng,2021,Leave_One_experiments\wth_generated_qc\YCA\YCA2021.WTH,wet_year;nitrogen_stress_year;low_response_year,wet,YCA2021_normal_grid_S0019,pareto_balanced,2021-06-29,180,17,12,"{""sim_day"": 17.0, ""doy"": 180.0, ""topwt"": 89.6304988861084, ""grnwt"": 0.0, ""xlai"": 0.1835055351257324, ""totir"": 0.0, ""tofer"": NaN, ""swfac"": 0.0, ""nstres"": 0.0}",0.0,0.0,89.6304988861084,0.0,0.1835055351257324,0.0,,0.0,0.0,0.0,225.0,28.074963378906247,28.074963378906247,Leave_One_experiments/all_year_offline_schedule_search/daily_outputs/YCA/YCA_2021_YCA2021_normal_grid_S0019_daily.csv
YCA,YCA,Yucheng,2021,Leave_One_experiments\wth_generated_qc\YCA\YCA2021.WTH,wet_year;nitrogen_stress_year;low_response_year,wet,YCA2021_normal_grid_S0019,pareto_balanced,2021-06-30,181,18,13,"{""sim_day"": 18.0, ""doy"": 181.0, ""topwt"": 111.1459732055664, ""grnwt"": 0.0, ""xlai"": 0.2234551012516021, ""totir"": 0.0, ""tofer"": NaN, ""swfac"": 0.0, ""nstres"": 0.0}",0.0,0.0,111.1459732055664,0.0,0.2234551012516021,0.0,,0.0,0.0,0.0,225.0,28.074963378906247,28.074963378906247,Leave_One_experiments/all_year_offline_schedule_search/daily_outputs/YCA/YCA_2021_YCA2021_normal_grid_S0019_daily.csv
YCA,YCA,Yucheng,2021,Leave_One_experiments\wth_generated_qc\YCA\YCA2021.WTH,wet_year;nitrogen_stress_year;low_response_year,wet,YCA2021_normal_grid_S0019,pareto_balanced,2021-07-01,182,19,14,"{""sim_day"": 19.0, ""doy"": 182.0, ""topwt"": 137.19111442565918, ""grnwt"": 0.0, ""xlai"": 0.2694135904312134, ""totir"": 0.0, ""tofer"": NaN, ""swfac"": 0.0, ""nstres"": 0.0}",0.0,0.0,137.19111442565918,0.0,0.2694135904312134,0.0,,0.0,0.0,0.0,225.0,28.074963378906247,28.074963378906247,Leave_One_experiments/all_year_offline_schedule_search/daily_outputs/YCA/YCA_2021_YCA2021_normal_grid_S0019_daily.csv
YCA,YCA,Yucheng,2021,Leave_One_experiments\wth_generated_qc\YCA\YCA2021.WTH,wet_year;nitrogen_stress_year;low_response_year,wet,YCA2021_normal_grid_S0019,pareto_balanced,2021-07-02,183,20,15,"{""sim_day"": 20.0, ""doy"": 183.0, ""topwt"": 172.8046417236328, ""grnwt"": 0.0, ""xlai"": 0.3291410803794861, ""totir"": 0.0, ""tofer"": NaN, ""swfac"": 0.0, ""nstres"": 0.0}",0.0,0.0,172.8046417236328,0.0,0.3291410803794861,0.0,,0.0,0.0,0.0,225.0,28.074963378906247,28.074963378906247,Leave_One_experiments/all_year_offline_schedule_search/daily_outputs/YCA/YCA_2021_YCA2021_normal_grid_S0019_daily.csv
YCA,YCA,Yucheng,2021,Leave_One_experiments\wth_generated_qc\YCA\YCA2021.WTH,wet_year;nitrogen_stress_year;low_response_year,wet,YCA2021_normal_grid_S0019,pareto_balanced,2021-07-03,184,21,16,"{""sim_day"": 21.0, ""doy"": 184.0, ""topwt"": 220.3559112548828, ""grnwt"": 0.0, ""xlai"": 0.4046940207481384, ""totir"": 0.0, ""tofer"": NaN, ""swfac"": 0.0, ""nstres"": 0.0}",0.0,0.0,220.3559112548828,0.0,0.4046940207481384,0.0,,0.0,0.0,0.0,225.0,28.074963378906247,28.074963378906247,Leave_One_experiments/all_year_offline_schedule_search/daily_outputs/YCA/YCA_2021_YCA2021_normal_grid_S0019_daily.csv
YCA,YCA,Yucheng,2021,Leave_One_experiments\wth_generated_qc\YCA\YCA2021.WTH,wet_year;nitrogen_stress_year;low_response_year,wet,YCA2021_normal_grid_S0019,pareto_balanced,2021-07-04,185,22,17,"{""sim_day"": 22.0, ""doy"": 185.0, ""topwt"": 266.7108345031738, ""grnwt"": 0.0, ""xlai"": 0.5072165727615356, ""totir"": 0.0, ""tofer"": NaN, ""swfac"": 0.0, ""nstres"": 0.0}",0.0,0.0,266.7108345031738,0.0,0.5072165727615356,0.0,,0.0,0.0,0.0,225.0,28.074963378906247,28.074963378906247,Leave_One_experiments/all_year_offline_schedule_search/daily_outputs/YCA/YCA_2021_YCA2021_normal_grid_S0019_daily.csv
YCA,YCA,Yucheng,2021,Leave_One_experiments\wth_generated_qc\YCA\YCA2021.WTH,wet_year;nitrogen_stress_year;low_response_year,wet,YCA2021_normal_grid_S0019,pareto_balanced,2021-07-05,186,23,18,"{""sim_day"": 23.0, ""doy"": 186.0, ""topwt"": 336.18152618408203, ""grnwt"": 0.0, ""xlai"": 0.614438533782959, ""totir"": 0.0, ""tofer"": NaN, ""swfac"": 0.0, ""nstres"": 0.0062283277511596}",0.0,0.0062283277511596,336.18152618408203,0.0,0.614438533782959,0.0,,0.0,0.0,0.0,225.0,28.074963378906247,28.074963378906247,Leave_One_experiments/all_year_offline_schedule_search/daily_outputs/YCA/YCA_2021_YCA2021_normal_grid_S0019_daily.csv
YCA,YCA,Yucheng,2021,Leave_One_experiments\wth_generated_qc\YCA\YCA2021.WTH,wet_year;nitrogen_stress_year;low_response_year,wet,YCA2021_normal_grid_S0019,pareto_balanced,2021-07-06,187,24,19,"{""sim_day"": 24.0, ""doy"": 187.0, ""topwt"": 397.8613662719727, ""grnwt"": 0.0, ""xlai"": 0.705313503742218, ""totir"": 0.0, ""tofer"": NaN, ""swfac"": 0.0, ""nstres"": 0.0}",0.0,0.0,397.8613662719727,0.0,0.705313503742218,0.0,,0.0,0.0,0.0,225.0,28.074963378906247,28.074963378906247,Leave_One_experiments/all_year_offline_schedule_search/daily_outputs/YCA/YCA_2021_YCA2021_normal_grid_S0019_daily.csv
YCA,YCA,Yucheng,2021,Leave_One_experiments\wth_generated_qc\YCA\YCA2021.WTH,wet_year;nitrogen_stress_year;low_response_year,wet,YCA2021_normal_grid_S0019,pareto_balanced,2021-07-07,188,25,20,"{""sim_day"": 25.0, ""doy"": 188.0, ""topwt"": 496.6726303100586, ""grnwt"": 0.0, ""xlai"": 0.8450869917869568, ""totir"": 0.0, ""tofer"": NaN, ""swfac"": 0.0, ""nstres"": 0.0}",0.0,0.0,496.6726303100586,0.0,0.8450869917869568,0.0,,0.0,0.0,0.0,225.0,28.074963378906247,28.074963378906247,Leave_One_experiments/all_year_offline_schedule_search/daily_outputs/YCA/YCA_2021_YCA2021_normal_grid_S0019_daily.csv
YCA,YCA,Yucheng,2021,Leave_One_experiments\wth_generated_qc\YCA\YCA2021.WTH,wet_year;nitrogen_stress_year;low_response_year,wet,YCA2021_normal_grid_S0019,pareto_balanced,2021-07-08,189,26,21,"{""sim_day"": 26.0, ""doy"": 189.0, ""topwt"": 615.3164672851562, ""grnwt"": 0.0, ""xlai"": 1.005070686340332, ""totir"": 0.0, ""tofer"": NaN, ""swfac"": 0.0, ""nstres"": 0.0}",0.0,0.0,615.3164672851562,0.0,1.005070686340332,0.0,,0.0,0.0,0.0,225.0,28.074963378906247,28.074963378906247,Leave_One_experiments/all_year_offline_schedule_search/daily_outputs/YCA/YCA_2021_YCA2021_normal_grid_S0019_daily.csv
YCA,YCA,Yucheng,2021,Leave_One_experiments\wth_generated_qc\YCA\YCA2021.WTH,wet_year;nitrogen_stress_year;low_response_year,wet,YCA2021_normal_grid_S0019,pareto_balanced,2021-07-09,190,27,22,"{""sim_day"": 27.0, ""doy"": 190.0, ""topwt"": 744.2503356933594, ""grnwt"": 0.0, ""xlai"": 1.171392798423767, ""totir"": 0.0, ""tofer"": NaN, ""swfac"": 0.0, ""nstres"": 0.0}",0.0,0.0,744.2503356933594,0.0,1.171392798423767,0.0,,0.0,0.0,0.0,225.0,28.074963378906247,28.074963378906247,Leave_One_experiments/all_year_offline_schedule_search/daily_outputs/YCA/YCA_2021_YCA2021_normal_grid_S0019_daily.csv
YCA,YCA,Yucheng,2021,Leave_One_experiments\wth_generated_qc\YCA\YCA2021.WTH,wet_year;nitrogen_stress_year;low_response_year,wet,YCA2021_normal_grid_S0019,pareto_balanced,2021-07-10,191,28,23,"{""sim_day"": 28.0, ""doy"": 191.0, ""topwt"": 876.8654632568359, ""grnwt"": 0.0, ""xlai"": 1.3328534364700315, ""totir"": 0.0, ""tofer"": NaN, ""swfac"": 0.0, ""nstres"": 0.0}",0.0,0.0,876.8654632568359,0.0,1.3328534364700315,0.0,,0.0,0.0,0.0,225.0,28.074963378906247,28.074963378906247,Leave_One_experiments/all_year_offline_schedule_search/daily_outputs/YCA/YCA_2021_YCA2021_normal_grid_S0019_daily.csv
YCA,YCA,Yucheng,2021,Leave_One_experiments\wth_generated_qc\YCA\YCA2021.WTH,wet_year;nitrogen_stress_year;low_response_year,wet,YCA2021_normal_grid_S0019,pareto_balanced,2021-07-11,192,29,24,"{""sim_day"": 29.0, ""doy"": 192.0, ""topwt"": 954.7350311279296, ""grnwt"": 0.0, ""xlai"": 1.429588794708252, ""totir"": 0.0, ""tofer"": NaN, ""swfac"": 0.0, ""nstres"": 0.0}",0.0,0.0,954.7350311279296,0.0,1.429588794708252,0.0,,0.0,0.0,0.0,225.0,28.074963378906247,28.074963378906247,Leave_One_experiments/all_year_offline_schedule_search/daily_outputs/YCA/YCA_2021_YCA2021_normal_grid_S0019_daily.csv
YCA,YCA,Yucheng,2021,Leave_One_experiments\wth_generated_qc\YCA\YCA2021.WTH,wet_year;nitrogen_stress_year;low_response_year,wet,YCA2021_normal_grid_S0019,pareto_balanced,2021-07-12,193,30,25,"{""sim_day"": 30.0, ""doy"": 193.0, ""topwt"": 1129.512176513672, ""grnwt"": 0.0, ""xlai"": 1.636165738105774, ""totir"": 0.0, ""tofer"": NaN, ""swfac"": 0.0, ""nstres"": 0.0}",0.0,0.0,1129.512176513672,0.0,1.636165738105774,0.0,,0.0,0.0,0.0,225.0,28.074963378906247,28.074963378906247,Leave_One_experiments/all_year_offline_schedule_search/daily_outputs/YCA/YCA_2021_YCA2021_normal_grid_S0019_daily.csv
YCA,YCA,Yucheng,2021,Leave_One_experiments\wth_generated_qc\YCA\YCA2021.WTH,wet_year;nitrogen_stress_year;low_response_year,wet,YCA2021_normal_grid_S0019,pareto_balanced,2021-07-13,194,31,26,"{""sim_day"": 31.0, ""doy"": 194.0, ""topwt"": 1241.3888549804688, ""grnwt"": 0.0, ""xlai"": 1.7610927820205688, ""totir"": 0.0, ""tofer"": NaN, ""swfac"": 0.0, ""nstres"": 0.0}",0.0,0.0,1241.3888549804688,0.0,1.7610927820205688,0.0,,0.0,0.0,0.0,225.0,28.074963378906247,28.074963378906247,Leave_One_experiments/all_year_offline_schedule_search/daily_outputs/YCA/YCA_2021_YCA2021_normal_grid_S0019_daily.csv
YCA,YCA,Yucheng,2021,Leave_One_experiments\wth_generated_qc\YCA\YCA2021.WTH,wet_year;nitrogen_stress_year;low_response_year,wet,YCA2021_normal_grid_S0019,pareto_balanced,2021-07-14,195,32,27,"{""sim_day"": 32.0, ""doy"": 195.0, ""topwt"": 1332.139129638672, ""grnwt"": 0.0, ""xlai"": 1.857331156730652, ""totir"": 0.0, ""tofer"": NaN, ""swfac"": 0.0, ""nstres"": 0.0}",0.0,0.0,1332.139129638672,0.0,1.857331156730652,0.0,,0.0,0.0,0.0,225.0,28.074963378906247,28.074963378906247,Leave_One_experiments/all_year_offline_schedule_search/daily_outputs/YCA/YCA_2021_YCA2021_normal_grid_S0019_daily.csv
YCA,YCA,Yucheng,2021,Leave_One_experiments\wth_generated_qc\YCA\YCA2021.WTH,wet_year;nitrogen_stress_year;low_response_year,wet,YCA2021_normal_grid_S0019,pareto_balanced,2021-07-15,196,33,28,"{""sim_day"": 33.0, ""doy"": 196.0, ""topwt"": 1400.7795715332031, ""grnwt"": 0.0, ""xlai"": 1.9261378049850464, ""totir"": 0.0, ""tofer"": NaN, ""swfac"": 0.0, ""nstres"": 0.0}",0.0,0.0,1400.7795715332031,0.0,1.9261378049850464,0.0,,0.0,0.0,0.0,225.0,28.074963378906247,28.074963378906247,Leave_One_experiments/all_year_offline_schedule_search/daily_outputs/YCA/YCA_2021_YCA2021_normal_grid_S0019_daily.csv
YCA,YCA,Yucheng,2021,Leave_One_experiments\wth_generated_qc\YCA\YCA2021.WTH,wet_year;nitrogen_stress_year;low_response_year,wet,YCA2021_normal_grid_S0019,pareto_balanced,2021-07-16,197,34,29,"{""sim_day"": 34.0, ""doy"": 197.0, ""topwt"": 1540.4348754882812, ""grnwt"": 0.0, ""xlai"": 2.0576541423797607, ""totir"": 0.0, ""tofer"": NaN, ""swfac"": 0.0, ""nstres"": 0.0}",0.0,0.0,1540.4348754882812,0.0,2.0576541423797607,0.0,,0.0,0.0,0.0,225.0,28.074963378906247,28.074963378906247,Leave_One_experiments/all_year_offline_schedule_search/daily_outputs/YCA/YCA_2021_YCA2021_normal_grid_S0019_daily.csv
YCA,YCA,Yucheng,2021,Leave_One_experiments\wth_generated_qc\YCA\YCA2021.WTH,wet_year;nitrogen_stress_year;low_response_year,wet,YCA2021_normal_grid_S0019,pareto_balanced,2021-07-17,198,35,30,"{""sim_day"": 35.0, ""doy"": 198.0, ""topwt"": 1746.3870239257812, ""grnwt"": 0.0, ""xlai"": 2.237822294235229, ""totir"": 0.0, ""tofer"": NaN, ""swfac"": 0.0, ""nstres"": 0.0}",0.0,0.0,1746.3870239257812,0.0,2.237822294235229,0.0,,0.0,75.0,0.0,225.0,28.074963378906247,28.074963378906247,Leave_One_experiments/all_year_offline_schedule_search/daily_outputs/YCA/YCA_2021_YCA2021_normal_grid_S0019_daily.csv
YCA,YCA,Yucheng,2021,Leave_One_experiments\wth_generated_qc\YCA\YCA2021.WTH,wet_year;nitrogen_stress_year;low_response_year,wet,YCA2021_normal_grid_S0019,pareto_balanced,2021-07-18,199,36,31,"{""sim_day"": 36.0, ""doy"": 199.0, ""topwt"": 1984.9040222167969, ""grnwt"": 0.0, ""xlai"": 2.430584669113159, ""totir"": 0.0, ""tofer"": NaN, ""swfac"": 0.0, ""nstres"": 0.0}",0.0,0.0,1984.9040222167969,0.0,2.430584669113159,0.0,,0.0,0.0,0.0,225.0,28.074963378906247,28.074963378906247,Leave_One_experiments/all_year_offline_schedule_search/daily_outputs/YCA/YCA_2021_YCA2021_normal_grid_S0019_daily.csv
YCA,YCA,Yucheng,2021,Leave_One_experiments\wth_generated_qc\YCA\YCA2021.WTH,wet_year;nitrogen_stress_year;low_response_year,wet,YCA2021_normal_grid_S0019,pareto_balanced,2021-07-19,200,37,32,"{""sim_day"": 37.0, ""doy"": 200.0, ""topwt"": 2214.4285583496094, ""grnwt"": 0.0, ""xlai"": 2.6020960807800293, ""totir"": 0.0, ""tofer"": NaN, ""swfac"": 0.0, ""nstres"": 0.0}",0.0,0.0,2214.4285583496094,0.0,2.6020960807800293,0.0,,0.0,0.0,0.0,225.0,28.074963378906247,28.074963378906247,Leave_One_experiments/all_year_offline_schedule_search/daily_outputs/YCA/YCA_2021_YCA2021_normal_grid_S0019_daily.csv
YCA,YCA,Yucheng,2021,Leave_One_experiments\wth_generated_qc\YCA\YCA2021.WTH,wet_year;nitrogen_stress_year;low_response_year,wet,YCA2021_normal_grid_S0019,pareto_balanced,2021-07-20,201,38,33,"{""sim_day"": 38.0, ""doy"": 201.0, ""topwt"": 2378.734436035156, ""grnwt"": 0.0, ""xlai"": 2.716080904006958, ""totir"": 0.0, ""tofer"": NaN, ""swfac"": 0.0, ""nstres"": 0.0}",0.0,0.0,2378.734436035156,0.0,2.716080904006958,0.0,,0.0,0.0,0.0,225.0,28.074963378906247,28.074963378906247,Leave_One_experiments/all_year_offline_schedule_search/daily_outputs/YCA/YCA_2021_YCA2021_normal_grid_S0019_daily.csv
YCA,YCA,Yucheng,2021,Leave_One_experiments\wth_generated_qc\YCA\YCA2021.WTH,wet_year;nitrogen_stress_year;low_response_year,wet,YCA2021_normal_grid_S0019,pareto_balanced,2021-07-21,202,39,34,"{""sim_day"": 39.0, ""doy"": 202.0, ""topwt"": 2473.359375, ""grnwt"": 0.0, ""xlai"": 2.777394771575928, ""totir"": 0.0, ""tofer"": NaN, ""swfac"": 0.0, ""nstres"": 0.0}",0.0,0.0,2473.359375,0.0,2.777394771575928,0.0,,0.0,0.0,0.0,225.0,28.074963378906247,28.074963378906247,Leave_One_experiments/all_year_offline_schedule_search/daily_outputs/YCA/YCA_2021_YCA2021_normal_grid_S0019_daily.csv
YCA,YCA,Yucheng,2021,Leave_One_experiments\wth_generated_qc\YCA\YCA2021.WTH,wet_year;nitrogen_stress_year;low_response_year,wet,YCA2021_normal_grid_S0019,pareto_balanced,2021-07-22,203,40,35,"{""sim_day"": 40.0, ""doy"": 203.0, ""topwt"": 2743.7625122070312, ""grnwt"": 0.0, ""xlai"": 2.939992666244507, ""totir"": 0.0, ""tofer"": NaN, ""swfac"": 0.0, ""nstres"": 0.0}",0.0,0.0,2743.7625122070312,0.0,2.939992666244507,0.0,,0.0,0.0,0.0,225.0,28.074963378906247,28.074963378906247,Leave_One_experiments/all_year_offline_schedule_search/daily_outputs/YCA/YCA_2021_YCA2021_normal_grid_S0019_daily.csv
YCA,YCA,Yucheng,2021,Leave_One_experiments\wth_generated_qc\YCA\YCA2021.WTH,wet_year;nitrogen_stress_year;low_response_year,wet,YCA2021_normal_grid_S0019,pareto_balanced,2021-07-23,204,41,36,"{""sim_day"": 41.0, ""doy"": 204.0, ""topwt"": 3107.7398681640625, ""grnwt"": 0.0, ""xlai"": 3.1411306858062744, ""totir"": 0.0, ""tofer"": NaN, ""swfac"": 0.0, ""nstres"": 0.0}",0.0,0.0,3107.7398681640625,0.0,3.1411306858062744,0.0,,0.0,0.0,0.0,225.0,28.074963378906247,28.074963378906247,Leave_One_experiments/all_year_offline_schedule_search/daily_outputs/YCA/YCA_2021_YCA2021_normal_grid_S0019_daily.csv
YCA,YCA,Yucheng,2021,Leave_One_experiments\wth_generated_qc\YCA\YCA2021.WTH,wet_year;nitrogen_stress_year;low_response_year,wet,YCA2021_normal_grid_S0019,pareto_balanced,2021-07-24,205,42,37,"{""sim_day"": 42.0, ""doy"": 205.0, ""topwt"": 3507.245483398437, ""grnwt"": 0.0, ""xlai"": 3.343674421310425, ""totir"": 0.0, ""tofer"": NaN, ""swfac"": 0.0, ""nstres"": 0.0}",0.0,0.0,3507.245483398437,0.0,3.343674421310425,0.0,,0.0,0.0,0.0,225.0,28.074963378906247,28.074963378906247,Leave_One_experiments/all_year_offline_schedule_search/daily_outputs/YCA/YCA_2021_YCA2021_normal_grid_S0019_daily.csv
YCA,YCA,Yucheng,2021,Leave_One_experiments\wth_generated_qc\YCA\YCA2021.WTH,wet_year;nitrogen_stress_year;low_response_year,wet,YCA2021_normal_grid_S0019,pareto_balanced,2021-07-25,206,43,38,"{""sim_day"": 43.0, ""doy"": 206.0, ""topwt"": 3952.2308349609375, ""grnwt"": 0.0, ""xlai"": 3.5505146980285645, ""totir"": 0.0, ""tofer"": NaN, ""swfac"": 0.0, ""nstres"": 0.0}",0.0,0.0,3952.2308349609375,0.0,3.5505146980285645,0.0,,0.0,0.0,0.0,225.0,28.074963378906247,28.074963378906247,Leave_One_experiments/all_year_offline_schedule_search/daily_outputs/YCA/YCA_2021_YCA2021_normal_grid_S0019_daily.csv
YCA,YCA,Yucheng,2021,Leave_One_experiments\wth_generated_qc\YCA\YCA2021.WTH,wet_year;nitrogen_stress_year;low_response_year,wet,YCA2021_normal_grid_S0019,pareto_balanced,2021-07-26,207,44,39,"{""sim_day"": 44.0, ""doy"": 207.0, ""topwt"": 4158.589477539063, ""grnwt"": 0.0, ""xlai"": 3.639051198959351, ""totir"": 0.0, ""tofer"": NaN, ""swfac"": 0.0, ""nstres"": 0.0}",0.0,0.0,4158.589477539063,0.0,3.639051198959351,0.0,,0.0,0.0,0.0,225.0,28.074963378906247,28.074963378906247,Leave_One_experiments/all_year_offline_schedule_search/daily_outputs/YCA/YCA_2021_YCA2021_normal_grid_S0019_daily.csv
YCA,YCA,Yucheng,2021,Leave_One_experiments\wth_generated_qc\YCA\YCA2021.WTH,wet_year;nitrogen_stress_year;low_response_year,wet,YCA2021_normal_grid_S0019,pareto_balanced,2021-07-27,208,45,40,"{""sim_day"": 45.0, ""doy"": 208.0, ""topwt"": 4319.838562011719, ""grnwt"": 0.0, ""xlai"": 3.703652620315552, ""totir"": 0.0, ""tofer"": NaN, ""swfac"": 0.0, ""nstres"": 0.0}",0.0,0.0,4319.838562011719,0.0,3.703652620315552,0.0,,0.0,0.0,0.0,225.0,28.074963378906247,28.074963378906247,Leave_One_experiments/all_year_offline_schedule_search/daily_outputs/YCA/YCA_2021_YCA2021_normal_grid_S0019_daily.csv
YCA,YCA,Yucheng,2021,Leave_One_experiments\wth_generated_qc\YCA\YCA2021.WTH,wet_year;nitrogen_stress_year;low_response_year,wet,YCA2021_normal_grid_S0019,pareto_balanced,2021-07-28,209,46,41,"{""sim_day"": 46.0, ""doy"": 209.0, ""topwt"": 4372.779846191406, ""grnwt"": 0.0, ""xlai"": 3.723523616790772, ""totir"": 0.0, ""tofer"": NaN, ""swfac"": 0.0, ""nstres"": 0.0}",0.0,0.0,4372.779846191406,0.0,3.723523616790772,0.0,,0.0,0.0,0.0,225.0,28.074963378906247,28.074963378906247,Leave_One_experiments/all_year_offline_schedule_search/daily_outputs/YCA/YCA_2021_YCA2021_normal_grid_S0019_daily.csv
YCA,YCA,Yucheng,2021,Leave_One_experiments\wth_generated_qc\YCA\YCA2021.WTH,wet_year;nitrogen_stress_year;low_response_year,wet,YCA2021_normal_grid_S0019,pareto_balanced,2021-07-29,210,47,42,"{""sim_day"": 47.0, ""doy"": 210.0, ""topwt"": 4745.75439453125, ""grnwt"": 0.0, ""xlai"": 3.857258558273315, ""totir"": 0.0, ""tofer"": NaN, ""swfac"": 0.0, ""nstres"": 0.0}",0.0,0.0,4745.75439453125,0.0,3.857258558273315,0.0,,0.0,0.0,0.0,225.0,28.074963378906247,28.074963378906247,Leave_One_experiments/all_year_offline_schedule_search/daily_outputs/YCA/YCA_2021_YCA2021_normal_grid_S0019_daily.csv
YCA,YCA,Yucheng,2021,Leave_One_experiments\wth_generated_qc\YCA\YCA2021.WTH,wet_year;nitrogen_stress_year;low_response_year,wet,YCA2021_normal_grid_S0019,pareto_balanced,2021-07-30,211,48,43,"{""sim_day"": 48.0, ""doy"": 211.0, ""topwt"": 5215.0372314453125, ""grnwt"": 0.0, ""xlai"": 4.096029758453369, ""totir"": 0.0, ""tofer"": NaN, ""swfac"": 0.0, ""nstres"": 0.0}",0.0,0.0,5215.0372314453125,0.0,4.096029758453369,0.0,,0.0,0.0,0.0,225.0,28.074963378906247,28.074963378906247,Leave_One_experiments/all_year_offline_schedule_search/daily_outputs/YCA/YCA_2021_YCA2021_normal_grid_S0019_daily.csv
YCA,YCA,Yucheng,2021,Leave_One_experiments\wth_generated_qc\YCA\YCA2021.WTH,wet_year;nitrogen_stress_year;low_response_year,wet,YCA2021_normal_grid_S0019,pareto_balanced,2021-07-31,212,49,44,"{""sim_day"": 49.0, ""doy"": 212.0, ""topwt"": 5467.2442626953125, ""grnwt"": 0.0, ""xlai"": 4.196517467498779, ""totir"": 0.0, ""tofer"": NaN, ""swfac"": 0.0, ""nstres"": 0.0}",0.0,0.0,5467.2442626953125,0.0,4.196517467498779,0.0,,0.0,0.0,0.0,225.0,28.074963378906247,28.074963378906247,Leave_One_experiments/all_year_offline_schedule_search/daily_outputs/YCA/YCA_2021_YCA2021_normal_grid_S0019_daily.csv
YCA,YCA,Yucheng,2021,Leave_One_experiments\wth_generated_qc\YCA\YCA2021.WTH,wet_year;nitrogen_stress_year;low_response_year,wet,YCA2021_normal_grid_S0019,pareto_balanced,2021-08-01,213,50,45,"{""sim_day"": 50.0, ""doy"": 213.0, ""topwt"": 5839.918212890625, ""grnwt"": 0.0, ""xlai"": 4.323205471038818, ""totir"": 0.0, ""tofer"": NaN, ""swfac"": 0.0, ""nstres"": 0.0}",0.0,0.0,5839.918212890625,0.0,4.323205471038818,0.0,,0.0,0.0,0.0,225.0,28.074963378906247,28.074963378906247,Leave_One_experiments/all_year_offline_schedule_search/daily_outputs/YCA/YCA_2021_YCA2021_normal_grid_S0019_daily.csv
YCA,YCA,Yucheng,2021,Leave_One_experiments\wth_generated_qc\YCA\YCA2021.WTH,wet_year;nitrogen_stress_year;low_response_year,wet,YCA2021_normal_grid_S0019,pareto_balanced,2021-08-02,214,51,46,"{""sim_day"": 51.0, ""doy"": 214.0, ""topwt"": 6287.740478515625, ""grnwt"": 0.0, ""xlai"": 4.455459117889404, ""totir"": 0.0, ""tofer"": NaN, ""swfac"": 0.0, ""nstres"": 0.0}",0.0,0.0,6287.740478515625,0.0,4.455459117889404,0.0,,0.0,0.0,0.0,225.0,28.074963378906247,28.074963378906247,Leave_One_experiments/all_year_offline_schedule_search/daily_outputs/YCA/YCA_2021_YCA2021_normal_grid_S0019_daily.csv
YCA,YCA,Yucheng,2021,Leave_One_experiments\wth_generated_qc\YCA\YCA2021.WTH,wet_year;nitrogen_stress_year;low_response_year,wet,YCA2021_normal_grid_S0019,pareto_balanced,2021-08-03,215,52,47,"{""sim_day"": 52.0, ""doy"": 215.0, ""topwt"": 6707.863159179688, ""grnwt"": 0.0, ""xlai"": 4.562260150909424, ""totir"": 0.0, ""tofer"": NaN, ""swfac"": 0.0, ""nstres"": 0.0}",0.0,0.0,6707.863159179688,0.0,4.562260150909424,0.0,,0.0,0.0,0.0,225.0,28.074963378906247,28.074963378906247,Leave_One_experiments/all_year_offline_schedule_search/daily_outputs/YCA/YCA_2021_YCA2021_normal_grid_S0019_daily.csv
YCA,YCA,Yucheng,2021,Leave_One_experiments\wth_generated_qc\YCA\YCA2021.WTH,wet_year;nitrogen_stress_year;low_response_year,wet,YCA2021_normal_grid_S0019,pareto_balanced,2021-08-04,216,53,48,"{""sim_day"": 53.0, ""doy"": 216.0, ""topwt"": 6872.6165771484375, ""grnwt"": 0.0, ""xlai"": 4.586336612701416, ""totir"": 0.0, ""tofer"": NaN, ""swfac"": 0.0, ""nstres"": 0.0070549249649047}",0.0,0.0070549249649047,6872.6165771484375,0.0,4.586336612701416,0.0,,0.0,0.0,0.0,225.0,28.074963378906247,28.074963378906247,Leave_One_experiments/all_year_offline_schedule_search/daily_outputs/YCA/YCA_2021_YCA2021_normal_grid_S0019_daily.csv
YCA,YCA,Yucheng,2021,Leave_One_experiments\wth_generated_qc\YCA\YCA2021.WTH,wet_year;nitrogen_stress_year;low_response_year,wet,YCA2021_normal_grid_S0019,pareto_balanced,2021-08-05,217,54,49,"{""sim_day"": 54.0, ""doy"": 217.0, ""topwt"": 7261.329345703125, ""grnwt"": 0.0, ""xlai"": 4.664368152618408, ""totir"": 0.0, ""tofer"": NaN, ""swfac"": 0.0, ""nstres"": 0.0238679647445678}",0.0,0.0238679647445678,7261.329345703125,0.0,4.664368152618408,0.0,,0.0,0.0,0.0,225.0,28.074963378906247,28.074963378906247,Leave_One_experiments/all_year_offline_schedule_search/daily_outputs/YCA/YCA_2021_YCA2021_normal_grid_S0019_daily.csv
YCA,YCA,Yucheng,2021,Leave_One_experiments\wth_generated_qc\YCA\YCA2021.WTH,wet_year;nitrogen_stress_year;low_response_year,wet,YCA2021_normal_grid_S0019,pareto_balanced,2021-08-06,218,55,50,"{""sim_day"": 55.0, ""doy"": 218.0, ""topwt"": 7506.65283203125, ""grnwt"": 0.0, ""xlai"": 4.698803901672363, ""totir"": 0.0, ""tofer"": NaN, ""swfac"": 0.0, ""nstres"": 0.0259175300598144}",0.0,0.0259175300598144,7506.65283203125,0.0,4.698803901672363,0.0,,0.0,0.0,0.0,225.0,28.074963378906247,28.074963378906247,Leave_One_experiments/all_year_offline_schedule_search/daily_outputs/YCA/YCA_2021_YCA2021_normal_grid_S0019_daily.csv
YCA,YCA,Yucheng,2021,Leave_One_experiments\wth_generated_qc\YCA\YCA2021.WTH,wet_year;nitrogen_stress_year;low_response_year,wet,YCA2021_normal_grid_S0019,pareto_balanced,2021-08-07,219,56,51,"{""sim_day"": 56.0, ""doy"": 219.0, ""topwt"": 7862.216186523437, ""grnwt"": 0.0, ""xlai"": 4.75846529006958, ""totir"": 0.0, ""tofer"": NaN, ""swfac"": 0.0, ""nstres"": 0.0386222004890441}",0.0,0.0386222004890441,7862.216186523437,0.0,4.75846529006958,0.0,,0.0,0.0,0.0,225.0,28.074963378906247,28.074963378906247,Leave_One_experiments/all_year_offline_schedule_search/daily_outputs/YCA/YCA_2021_YCA2021_normal_grid_S0019_daily.csv
YCA,YCA,Yucheng,2021,Leave_One_experiments\wth_generated_qc\YCA\YCA2021.WTH,wet_year;nitrogen_stress_year;low_response_year,wet,YCA2021_normal_grid_S0019,pareto_balanced,2021-08-08,220,57,52,"{""sim_day"": 57.0, ""doy"": 220.0, ""topwt"": 8222.2900390625, ""grnwt"": 0.0, ""xlai"": 4.816470623016357, ""totir"": 0.0, ""tofer"": NaN, ""swfac"": 0.0, ""nstres"": 0.0438559055328369}",0.0,0.0438559055328369,8222.2900390625,0.0,4.816470623016357,0.0,,0.0,0.0,0.0,225.0,28.074963378906247,28.074963378906247,Leave_One_experiments/all_year_offline_schedule_search/daily_outputs/YCA/YCA_2021_YCA2021_normal_grid_S0019_daily.csv
YCA,YCA,Yucheng,2021,Leave_One_experiments\wth_generated_qc\YCA\YCA2021.WTH,wet_year;nitrogen_stress_year;low_response_year,wet,YCA2021_normal_grid_S0019,pareto_balanced,2021-08-09,221,58,53,"{""sim_day"": 58.0, ""doy"": 221.0, ""topwt"": 8584.12109375, ""grnwt"": 0.0, ""xlai"": 4.87216854095459, ""totir"": 0.0, ""tofer"": NaN, ""swfac"": 0.0, ""nstres"": 0.0488404035568237}",0.0,0.0488404035568237,8584.12109375,0.0,4.87216854095459,0.0,,0.0,0.0,0.0,225.0,28.074963378906247,28.074963378906247,Leave_One_experiments/all_year_offline_schedule_search/daily_outputs/YCA/YCA_2021_YCA2021_normal_grid_S0019_daily.csv
YCA,YCA,Yucheng,2021,Leave_One_experiments\wth_generated_qc\YCA\YCA2021.WTH,wet_year;nitrogen_stress_year;low_response_year,wet,YCA2021_normal_grid_S0019,pareto_balanced,2021-08-10,222,59,54,"{""sim_day"": 59.0, ""doy"": 222.0, ""topwt"": 8933.175048828125, ""grnwt"": 0.0, ""xlai"": 4.922101974487305, ""totir"": 0.0, ""tofer"": NaN, ""swfac"": 0.0, ""nstres"": 0.0537165403366088}",0.0,0.0537165403366088,8933.175048828125,0.0,4.922101974487305,0.0,,0.0,0.0,0.0,225.0,28.074963378906247,28.074963378906247,Leave_One_experiments/all_year_offline_schedule_search/daily_outputs/YCA/YCA_2021_YCA2021_normal_grid_S0019_daily.csv
YCA,YCA,Yucheng,2021,Leave_One_experiments\wth_generated_qc\YCA\YCA2021.WTH,wet_year;nitrogen_stress_year;low_response_year,wet,YCA2021_normal_grid_S0019,pareto_balanced,2021-08-11,223,60,55,"{""sim_day"": 60.0, ""doy"": 223.0, ""topwt"": 9092.769775390623, ""grnwt"": 0.0, ""xlai"": 4.8857927322387695, ""totir"": 0.0, ""tofer"": NaN, ""swfac"": 0.0, ""nstres"": 0.0569283366203308}",0.0,0.0569283366203308,9092.769775390623,0.0,4.8857927322387695,0.0,,0.0,0.0,0.0,225.0,28.074963378906247,28.074963378906247,Leave_One_experiments/all_year_offline_schedule_search/daily_outputs/YCA/YCA_2021_YCA2021_normal_grid_S0019_daily.csv
YCA,YCA,Yucheng,2021,Leave_One_experiments\wth_generated_qc\YCA\YCA2021.WTH,wet_year;nitrogen_stress_year;low_response_year,wet,YCA2021_normal_grid_S0019,pareto_balanced,2021-08-12,224,61,56,"{""sim_day"": 61.0, ""doy"": 224.0, ""topwt"": 9343.386840820312, ""grnwt"": 0.0, ""xlai"": 4.851170063018799, ""totir"": 0.0, ""tofer"": NaN, ""swfac"": 0.0, ""nstres"": 0.0526531338691711}",0.0,0.0526531338691711,9343.386840820312,0.0,4.851170063018799,0.0,,0.0,0.0,0.0,225.0,28.074963378906247,28.074963378906247,Leave_One_experiments/all_year_offline_schedule_search/daily_outputs/YCA/YCA_2021_YCA2021_normal_grid_S0019_daily.csv
YCA,YCA,Yucheng,2021,Leave_One_experiments\wth_generated_qc\YCA\YCA2021.WTH,wet_year;nitrogen_stress_year;low_response_year,wet,YCA2021_normal_grid_S0019,pareto_balanced,2021-08-13,225,62,57,"{""sim_day"": 62.0, ""doy"": 225.0, ""topwt"": 9742.257080078123, ""grnwt"": 0.0, ""xlai"": 4.818137168884277, ""totir"": 0.0, ""tofer"": NaN, ""swfac"": 0.0, ""nstres"": 0.0446009635925293}",0.0,0.0446009635925293,9742.257080078123,0.0,4.818137168884277,0.0,,0.0,0.0,0.0,225.0,28.074963378906247,28.074963378906247,Leave_One_experiments/all_year_offline_schedule_search/daily_outputs/YCA/YCA_2021_YCA2021_normal_grid_S0019_daily.csv
YCA,YCA,Yucheng,2021,Leave_One_experiments\wth_generated_qc\YCA\YCA2021.WTH,wet_year;nitrogen_stress_year;low_response_year,wet,YCA2021_normal_grid_S0019,pareto_balanced,2021-08-14,226,63,58,"{""sim_day"": 63.0, ""doy"": 226.0, ""topwt"": 10076.278076171877, ""grnwt"": 0.0, ""xlai"": 4.786602020263672, ""totir"": 0.0, ""tofer"": NaN, ""swfac"": 0.0, ""nstres"": 0.0367765426635742}",0.0,0.0367765426635742,10076.278076171877,0.0,4.786602020263672,0.0,,0.0,0.0,0.0,225.0,28.074963378906247,28.074963378906247,Leave_One_experiments/all_year_offline_schedule_search/daily_outputs/YCA/YCA_2021_YCA2021_normal_grid_S0019_daily.csv
YCA,YCA,Yucheng,2021,Leave_One_experiments\wth_generated_qc\YCA\YCA2021.WTH,wet_year;nitrogen_stress_year;low_response_year,wet,YCA2021_normal_grid_S0019,pareto_balanced,2021-08-15,227,64,59,"{""sim_day"": 64.0, ""doy"": 227.0, ""topwt"": 10452.935791015623, ""grnwt"": 0.0, ""xlai"": 4.756480693817139, ""totir"": 0.0, ""tofer"": NaN, ""swfac"": 0.0, ""nstres"": 0.0303370952606201}",0.0,0.0303370952606201,10452.935791015623,0.0,4.756480693817139,0.0,,0.0,0.0,0.0,225.0,28.074963378906247,28.074963378906247,Leave_One_experiments/all_year_offline_schedule_search/daily_outputs/YCA/YCA_2021_YCA2021_normal_grid_S0019_daily.csv
YCA,YCA,Yucheng,2021,Leave_One_experiments\wth_generated_qc\YCA\YCA2021.WTH,wet_year;nitrogen_stress_year;low_response_year,wet,YCA2021_normal_grid_S0019,pareto_balanced,2021-08-16,228,65,60,"{""sim_day"": 65.0, ""doy"": 228.0, ""topwt"": 10743.721923828123, ""grnwt"": 0.0, ""xlai"": 4.727694988250732, ""totir"": 0.0, ""tofer"": NaN, ""swfac"": 0.0, ""nstres"": 0.0211552381515502}",0.0,0.0211552381515502,10743.721923828123,0.0,4.727694988250732,0.0,,0.0,75.0,0.0,225.0,28.074963378906247,28.074963378906247,Leave_One_experiments/all_year_offline_schedule_search/daily_outputs/YCA/YCA_2021_YCA2021_normal_grid_S0019_daily.csv
YCA,YCA,Yucheng,2021,Leave_One_experiments\wth_generated_qc\YCA\YCA2021.WTH,wet_year;nitrogen_stress_year;low_response_year,wet,YCA2021_normal_grid_S0019,pareto_balanced,2021-08-17,229,66,61,"{""sim_day"": 66.0, ""doy"": 229.0, ""topwt"": 11123.5546875, ""grnwt"": 0.0, ""xlai"": 4.700172424316406, ""totir"": 0.0, ""tofer"": NaN, ""swfac"": 0.0, ""nstres"": 0.0}",0.0,0.0,11123.5546875,0.0,4.700172424316406,0.0,,0.0,0.0,0.0,225.0,28.074963378906247,28.074963378906247,Leave_One_experiments/all_year_offline_schedule_search/daily_outputs/YCA/YCA_2021_YCA2021_normal_grid_S0019_daily.csv
YCA,YCA,Yucheng,2021,Leave_One_experiments\wth_generated_qc\YCA\YCA2021.WTH,wet_year;nitrogen_stress_year;low_response_year,wet,YCA2021_normal_grid_S0019,pareto_balanced,2021-08-18,230,67,62,"{""sim_day"": 67.0, ""doy"": 230.0, ""topwt"": 11208.41796875, ""grnwt"": 0.0, ""xlai"": 4.673844337463379, ""totir"": 0.0, ""tofer"": NaN, ""swfac"": 0.0, ""nstres"": 0.0}",0.0,0.0,11208.41796875,0.0,4.673844337463379,0.0,,0.0,0.0,0.0,225.0,28.074963378906247,28.074963378906247,Leave_One_experiments/all_year_offline_schedule_search/daily_outputs/YCA/YCA_2021_YCA2021_normal_grid_S0019_daily.csv
YCA,YCA,Yucheng,2021,Leave_One_experiments\wth_generated_qc\YCA\YCA2021.WTH,wet_year;nitrogen_stress_year;low_response_year,wet,YCA2021_normal_grid_S0019,pareto_balanced,2021-08-19,231,68,63,"{""sim_day"": 68.0, ""doy"": 231.0, ""topwt"": 11267.0556640625, ""grnwt"": 0.0, ""xlai"": 4.648649215698242, ""totir"": 0.0, ""tofer"": NaN, ""swfac"": 0.0, ""nstres"": 0.0}",0.0,0.0,11267.0556640625,0.0,4.648649215698242,0.0,,0.0,0.0,0.0,225.0,28.074963378906247,28.074963378906247,Leave_One_experiments/all_year_offline_schedule_search/daily_outputs/YCA/YCA_2021_YCA2021_normal_grid_S0019_daily.csv
YCA,YCA,Yucheng,2021,Leave_One_experiments\wth_generated_qc\YCA\YCA2021.WTH,wet_year;nitrogen_stress_year;low_response_year,wet,YCA2021_normal_grid_S0019,pareto_balanced,2021-08-20,232,69,64,"{""sim_day"": 69.0, ""doy"": 232.0, ""topwt"": 11585.45654296875, ""grnwt"": 0.0, ""xlai"": 4.624526500701904, ""totir"": 0.0, ""tofer"": NaN, ""swfac"": 0.0, ""nstres"": 0.0}",0.0,0.0,11585.45654296875,0.0,4.624526500701904,0.0,,0.0,0.0,0.0,225.0,28.074963378906247,28.074963378906247,Leave_One_experiments/all_year_offline_schedule_search/daily_outputs/YCA/YCA_2021_YCA2021_normal_grid_S0019_daily.csv
YCA,YCA,Yucheng,2021,Leave_One_experiments\wth_generated_qc\YCA\YCA2021.WTH,wet_year;nitrogen_stress_year;low_response_year,wet,YCA2021_normal_grid_S0019,pareto_balanced,2021-08-21,233,70,65,"{""sim_day"": 70.0, ""doy"": 233.0, ""topwt"": 11727.734375, ""grnwt"": 263.5670471191406, ""xlai"": 4.601421356201172, ""totir"": 0.0, ""tofer"": NaN, ""swfac"": 0.0, ""nstres"": 0.0}",0.0,0.0,11727.734375,263.5670471191406,4.601421356201172,0.0,,0.0,0.0,0.0,225.0,28.074963378906247,28.074963378906247,Leave_One_experiments/all_year_offline_schedule_search/daily_outputs/YCA/YCA_2021_YCA2021_normal_grid_S0019_daily.csv
YCA,YCA,Yucheng,2021,Leave_One_experiments\wth_generated_qc\YCA\YCA2021.WTH,wet_year;nitrogen_stress_year;low_response_year,wet,YCA2021_normal_grid_S0019,pareto_balanced,2021-08-22,234,71,66,"{""sim_day"": 71.0, ""doy"": 234.0, ""topwt"": 12068.668212890623, ""grnwt"": 527.1340942382812, ""xlai"": 4.579282283782959, ""totir"": 0.0, ""tofer"": NaN, ""swfac"": 0.0, ""nstres"": 0.0}",0.0,0.0,12068.668212890623,527.1340942382812,4.579282283782959,0.0,,0.0,0.0,0.0,225.0,28.074963378906247,28.074963378906247,Leave_One_experiments/all_year_offline_schedule_search/daily_outputs/YCA/YCA_2021_YCA2021_normal_grid_S0019_daily.csv
YCA,YCA,Yucheng,2021,Leave_One_experiments\wth_generated_qc\YCA\YCA2021.WTH,wet_year;nitrogen_stress_year;low_response_year,wet,YCA2021_normal_grid_S0019,pareto_balanced,2021-08-23,235,72,67,"{""sim_day"": 72.0, ""doy"": 235.0, ""topwt"": 12376.1572265625, ""grnwt"": 790.7011413574219, ""xlai"": 4.558060646057129, ""totir"": 0.0, ""tofer"": NaN, ""swfac"": 0.0, ""nstres"": 0.0}",0.0,0.0,12376.1572265625,790.7011413574219,4.558060646057129,0.0,,0.0,0.0,0.0,225.0,28.074963378906247,28.074963378906247,Leave_One_experiments/all_year_offline_schedule_search/daily_outputs/YCA/YCA_2021_YCA2021_normal_grid_S0019_daily.csv
YCA,YCA,Yucheng,2021,Leave_One_experiments\wth_generated_qc\YCA\YCA2021.WTH,wet_year;nitrogen_stress_year;low_response_year,wet,YCA2021_normal_grid_S0019,pareto_balanced,2021-08-24,236,73,68,"{""sim_day"": 73.0, ""doy"": 236.0, ""topwt"": 12639.725341796877, ""grnwt"": 1054.2681884765625, ""xlai"": 4.537711143493652, ""totir"": 0.0, ""tofer"": NaN, ""swfac"": 0.0, ""nstres"": 0.0}",0.0,0.0,12639.725341796877,1054.2681884765625,4.537711143493652,0.0,,0.0,0.0,0.0,225.0,28.074963378906247,28.074963378906247,Leave_One_experiments/all_year_offline_schedule_search/daily_outputs/YCA/YCA_2021_YCA2021_normal_grid_S0019_daily.csv
YCA,YCA,Yucheng,2021,Leave_One_experiments\wth_generated_qc\YCA\YCA2021.WTH,wet_year;nitrogen_stress_year;low_response_year,wet,YCA2021_normal_grid_S0019,pareto_balanced,2021-08-25,237,74,69,"{""sim_day"": 74.0, ""doy"": 237.0, ""topwt"": 12903.292236328123, ""grnwt"": 1317.8352355957031, ""xlai"": 4.518191814422607, ""totir"": 0.0, ""tofer"": NaN, ""swfac"": 0.0, ""nstres"": 0.0}",0.0,0.0,12903.292236328123,1317.8352355957031,4.518191814422607,0.0,,0.0,0.0,0.0,225.0,28.074963378906247,28.074963378906247,Leave_One_experiments/all_year_offline_schedule_search/daily_outputs/YCA/YCA_2021_YCA2021_normal_grid_S0019_daily.csv
YCA,YCA,Yucheng,2021,Leave_One_experiments\wth_generated_qc\YCA\YCA2021.WTH,wet_year;nitrogen_stress_year;low_response_year,wet,YCA2021_normal_grid_S0019,pareto_balanced,2021-08-26,238,75,70,"{""sim_day"": 75.0, ""doy"": 238.0, ""topwt"": 13166.859130859377, ""grnwt"": 1581.4022827148438, ""xlai"": 4.499460697174072, ""totir"": 0.0, ""tofer"": NaN, ""swfac"": 0.0, ""nstres"": 0.0}",0.0,0.0,13166.859130859377,1581.4022827148438,4.499460697174072,0.0,,0.0,0.0,0.0,225.0,28.074963378906247,28.074963378906247,Leave_One_experiments/all_year_offline_schedule_search/daily_outputs/YCA/YCA_2021_YCA2021_normal_grid_S0019_daily.csv
YCA,YCA,Yucheng,2021,Leave_One_experiments\wth_generated_qc\YCA\YCA2021.WTH,wet_year;nitrogen_stress_year;low_response_year,wet,YCA2021_normal_grid_S0019,pareto_balanced,2021-08-27,239,76,71,"{""sim_day"": 76.0, ""doy"": 239.0, ""topwt"": 13430.426025390623, ""grnwt"": 1844.969482421875, ""xlai"": 4.472708702087402, ""totir"": 0.0, ""tofer"": NaN, ""swfac"": 0.0, ""nstres"": 0.0}",0.0,0.0,13430.426025390623,1844.969482421875,4.472708702087402,0.0,,0.0,0.0,0.0,225.0,28.074963378906247,28.074963378906247,Leave_One_experiments/all_year_offline_schedule_search/daily_outputs/YCA/YCA_2021_YCA2021_normal_grid_S0019_daily.csv
YCA,YCA,Yucheng,2021,Leave_One_experiments\wth_generated_qc\YCA\YCA2021.WTH,wet_year;nitrogen_stress_year;low_response_year,wet,YCA2021_normal_grid_S0019,pareto_balanced,2021-08-28,240,77,72,"{""sim_day"": 77.0, ""doy"": 240.0, ""topwt"": 13526.883544921877, ""grnwt"": 2108.536529541016, ""xlai"": 4.441923141479492, ""totir"": 0.0, ""tofer"": NaN, ""swfac"": 0.0, ""nstres"": 0.0}",0.0,0.0,13526.883544921877,2108.536529541016,4.441923141479492,0.0,,0.0,0.0,0.0,225.0,28.074963378906247,28.074963378906247,Leave_One_experiments/all_year_offline_schedule_search/daily_outputs/YCA/YCA_2021_YCA2021_normal_grid_S0019_daily.csv
YCA,YCA,Yucheng,2021,Leave_One_experiments\wth_generated_qc\YCA\YCA2021.WTH,wet_year;nitrogen_stress_year;low_response_year,wet,YCA2021_normal_grid_S0019,pareto_balanced,2021-08-29,241,78,73,"{""sim_day"": 78.0, ""doy"": 241.0, ""topwt"": 13653.9990234375, ""grnwt"": 2372.103576660156, ""xlai"": 4.404469013214111, ""totir"": 0.0, ""tofer"": NaN, ""swfac"": 0.0, ""nstres"": 0.0}",0.0,0.0,13653.9990234375,2372.103576660156,4.404469013214111,0.0,,0.0,0.0,0.0,225.0,28.074963378906247,28.074963378906247,Leave_One_experiments/all_year_offline_schedule_search/daily_outputs/YCA/YCA_2021_YCA2021_normal_grid_S0019_daily.csv
YCA,YCA,Yucheng,2021,Leave_One_experiments\wth_generated_qc\YCA\YCA2021.WTH,wet_year;nitrogen_stress_year;low_response_year,wet,YCA2021_normal_grid_S0019,pareto_balanced,2021-08-30,242,79,74,"{""sim_day"": 79.0, ""doy"": 242.0, ""topwt"": 13739.99755859375, ""grnwt"": 2635.6704711914062, ""xlai"": 4.366727828979492, ""totir"": 0.0, ""tofer"": NaN, ""swfac"": 0.0, ""nstres"": 0.0}",0.0,0.0,13739.99755859375,2635.6704711914062,4.366727828979492,0.0,,0.0,0.0,0.0,225.0,28.074963378906247,28.074963378906247,Leave_One_experiments/all_year_offline_schedule_search/daily_outputs/YCA/YCA_2021_YCA2021_normal_grid_S0019_daily.csv
YCA,YCA,Yucheng,2021,Leave_One_experiments\wth_generated_qc\YCA\YCA2021.WTH,wet_year;nitrogen_stress_year;low_response_year,wet,YCA2021_normal_grid_S0019,pareto_balanced,2021-08-31,243,80,75,"{""sim_day"": 80.0, ""doy"": 243.0, ""topwt"": 14044.578857421877, ""grnwt"": 2899.237365722656, ""xlai"": 4.320092678070068, ""totir"": 0.0, ""tofer"": NaN, ""swfac"": 0.0, ""nstres"": 0.0}",0.0,0.0,14044.578857421877,2899.237365722656,4.320092678070068,0.0,,0.0,0.0,0.0,225.0,28.074963378906247,28.074963378906247,Leave_One_experiments/all_year_offline_schedule_search/daily_outputs/YCA/YCA_2021_YCA2021_normal_grid_S0019_daily.csv
YCA,YCA,Yucheng,2021,Leave_One_experiments\wth_generated_qc\YCA\YCA2021.WTH,wet_year;nitrogen_stress_year;low_response_year,wet,YCA2021_normal_grid_S0019,pareto_balanced,2021-09-01,244,81,76,"{""sim_day"": 81.0, ""doy"": 244.0, ""topwt"": 14380.5126953125, ""grnwt"": 3162.8045654296875, ""xlai"": 4.263034820556641, ""totir"": 0.0, ""tofer"": NaN, ""swfac"": 0.0, ""nstres"": 0.0}",0.0,0.0,14380.5126953125,3162.8045654296875,4.263034820556641,0.0,,0.0,0.0,0.0,225.0,28.074963378906247,28.074963378906247,Leave_One_experiments/all_year_offline_schedule_search/daily_outputs/YCA/YCA_2021_YCA2021_normal_grid_S0019_daily.csv
YCA,YCA,Yucheng,2021,Leave_One_experiments\wth_generated_qc\YCA\YCA2021.WTH,wet_year;nitrogen_stress_year;low_response_year,wet,YCA2021_normal_grid_S0019,pareto_balanced,2021-09-02,245,82,77,"{""sim_day"": 82.0, ""doy"": 245.0, ""topwt"": 14676.28662109375, ""grnwt"": 3426.371459960937, ""xlai"": 4.205016136169434, ""totir"": 0.0, ""tofer"": NaN, ""swfac"": 0.0, ""nstres"": 0.0}",0.0,0.0,14676.28662109375,3426.371459960937,4.205016136169434,0.0,,0.0,0.0,0.0,225.0,28.074963378906247,28.074963378906247,Leave_One_experiments/all_year_offline_schedule_search/daily_outputs/YCA/YCA_2021_YCA2021_normal_grid_S0019_daily.csv
YCA,YCA,Yucheng,2021,Leave_One_experiments\wth_generated_qc\YCA\YCA2021.WTH,wet_year;nitrogen_stress_year;low_response_year,wet,YCA2021_normal_grid_S0019,pareto_balanced,2021-09-03,246,83,78,"{""sim_day"": 83.0, ""doy"": 246.0, ""topwt"": 14796.2060546875, ""grnwt"": 3689.938354492188, ""xlai"": 4.1546711921691895, ""totir"": 0.0, ""tofer"": NaN, ""swfac"": 0.0, ""nstres"": 0.0}",0.0,0.0,14796.2060546875,3689.938354492188,4.1546711921691895,0.0,,0.0,0.0,0.0,225.0,28.074963378906247,28.074963378906247,Leave_One_experiments/all_year_offline_schedule_search/daily_outputs/YCA/YCA_2021_YCA2021_normal_grid_S0019_daily.csv
YCA,YCA,Yucheng,2021,Leave_One_experiments\wth_generated_qc\YCA\YCA2021.WTH,wet_year;nitrogen_stress_year;low_response_year,wet,YCA2021_normal_grid_S0019,pareto_balanced,2021-09-04,247,84,79,"{""sim_day"": 84.0, ""doy"": 247.0, ""topwt"": 14909.79736328125, ""grnwt"": 3953.5052490234375, ""xlai"": 4.098663806915283, ""totir"": 0.0, ""tofer"": NaN, ""swfac"": 0.0, ""nstres"": 0.0}",0.0,0.0,14909.79736328125,3953.5052490234375,4.098663806915283,0.0,,0.0,0.0,0.0,225.0,28.074963378906247,28.074963378906247,Leave_One_experiments/all_year_offline_schedule_search/daily_outputs/YCA/YCA_2021_YCA2021_normal_grid_S0019_daily.csv
YCA,YCA,Yucheng,2021,Leave_One_experiments\wth_generated_qc\YCA\YCA2021.WTH,wet_year;nitrogen_stress_year;low_response_year,wet,YCA2021_normal_grid_S0019,pareto_balanced,2021-09-05,248,85,80,"{""sim_day"": 85.0, ""doy"": 248.0, ""topwt"": 15043.355712890623, ""grnwt"": 4217.072143554688, ""xlai"": 4.036195755004883, ""totir"": 0.0, ""tofer"": NaN, ""swfac"": 0.0, ""nstres"": 0.0}",0.0,0.0,15043.355712890623,4217.072143554688,4.036195755004883,0.0,,0.0,0.0,0.0,225.0,28.074963378906247,28.074963378906247,Leave_One_experiments/all_year_offline_schedule_search/daily_outputs/YCA/YCA_2021_YCA2021_normal_grid_S0019_daily.csv
YCA,YCA,Yucheng,2021,Leave_One_experiments\wth_generated_qc\YCA\YCA2021.WTH,wet_year;nitrogen_stress_year;low_response_year,wet,YCA2021_normal_grid_S0019,pareto_balanced,2021-09-06,249,86,81,"{""sim_day"": 86.0, ""doy"": 249.0, ""topwt"": 15410.242919921877, ""grnwt"": 4480.6390380859375, ""xlai"": 3.9713945388793945, ""totir"": 0.0, ""tofer"": NaN, ""swfac"": 0.0, ""nstres"": 0.0}",0.0,0.0,15410.242919921877,4480.6390380859375,3.9713945388793945,0.0,,0.0,0.0,0.0,225.0,28.074963378906247,28.074963378906247,Leave_One_experiments/all_year_offline_schedule_search/daily_outputs/YCA/YCA_2021_YCA2021_normal_grid_S0019_daily.csv
YCA,YCA,Yucheng,2021,Leave_One_experiments\wth_generated_qc\YCA\YCA2021.WTH,wet_year;nitrogen_stress_year;low_response_year,wet,YCA2021_normal_grid_S0019,pareto_balanced,2021-09-07,250,87,82,"{""sim_day"": 87.0, ""doy"": 250.0, ""topwt"": 15775.42236328125, ""grnwt"": 4744.206237792969, ""xlai"": 3.895382642745972, ""totir"": 0.0, ""tofer"": NaN, ""swfac"": 0.0, ""nstres"": 0.0}",0.0,0.0,15775.42236328125,4744.206237792969,3.895382642745972,0.0,,0.0,0.0,0.0,225.0,28.074963378906247,28.074963378906247,Leave_One_experiments/all_year_offline_schedule_search/daily_outputs/YCA/YCA_2021_YCA2021_normal_grid_S0019_daily.csv
YCA,YCA,Yucheng,2021,Leave_One_experiments\wth_generated_qc\YCA\YCA2021.WTH,wet_year;nitrogen_stress_year;low_response_year,wet,YCA2021_normal_grid_S0019,pareto_balanced,2021-09-08,251,88,83,"{""sim_day"": 88.0, ""doy"": 251.0, ""topwt"": 16133.726806640623, ""grnwt"": 5007.773132324219, ""xlai"": 3.806885004043579, ""totir"": 0.0, ""tofer"": NaN, ""swfac"": 0.0, ""nstres"": 0.0}",0.0,0.0,16133.726806640623,5007.773132324219,3.806885004043579,0.0,,0.0,0.0,0.0,225.0,28.074963378906247,28.074963378906247,Leave_One_experiments/all_year_offline_schedule_search/daily_outputs/YCA/YCA_2021_YCA2021_normal_grid_S0019_daily.csv
YCA,YCA,Yucheng,2021,Leave_One_experiments\wth_generated_qc\YCA\YCA2021.WTH,wet_year;nitrogen_stress_year;low_response_year,wet,YCA2021_normal_grid_S0019,pareto_balanced,2021-09-09,252,89,84,"{""sim_day"": 89.0, ""doy"": 252.0, ""topwt"": 16473.037109375, ""grnwt"": 5271.34033203125, ""xlai"": 3.701368570327759, ""totir"": 0.0, ""tofer"": NaN, ""swfac"": 0.0, ""nstres"": 0.0}",0.0,0.0,16473.037109375,5271.34033203125,3.701368570327759,0.0,,0.0,0.0,0.0,225.0,28.074963378906247,28.074963378906247,Leave_One_experiments/all_year_offline_schedule_search/daily_outputs/YCA/YCA_2021_YCA2021_normal_grid_S0019_daily.csv
YCA,YCA,Yucheng,2021,Leave_One_experiments\wth_generated_qc\YCA\YCA2021.WTH,wet_year;nitrogen_stress_year;low_response_year,wet,YCA2021_normal_grid_S0019,pareto_balanced,2021-09-10,253,90,85,"{""sim_day"": 90.0, ""doy"": 253.0, ""topwt"": 16813.2861328125, ""grnwt"": 5533.2598876953125, ""xlai"": 3.5775351524353027, ""totir"": 0.0, ""tofer"": NaN, ""swfac"": 0.0, ""nstres"": 0.0}",0.0,0.0,16813.2861328125,5533.2598876953125,3.5775351524353027,0.0,,0.0,0.0,0.0,225.0,28.074963378906247,28.074963378906247,Leave_One_experiments/all_year_offline_schedule_search/daily_outputs/YCA/YCA_2021_YCA2021_normal_grid_S0019_daily.csv
YCA,YCA,Yucheng,2021,Leave_One_experiments\wth_generated_qc\YCA\YCA2021.WTH,wet_year;nitrogen_stress_year;low_response_year,wet,YCA2021_normal_grid_S0019,pareto_balanced,2021-09-11,254,91,86,"{""sim_day"": 91.0, ""doy"": 254.0, ""topwt"": 17139.99755859375, ""grnwt"": 5796.8267822265625, ""xlai"": 3.444366693496704, ""totir"": 0.0, ""tofer"": NaN, ""swfac"": 0.0, ""nstres"": 0.0}",0.0,0.0,17139.99755859375,5796.8267822265625,3.444366693496704,0.0,,0.0,0.0,0.0,225.0,28.074963378906247,28.074963378906247,Leave_One_experiments/all_year_offline_schedule_search/daily_outputs/YCA/YCA_2021_YCA2021_normal_grid_S0019_daily.csv
YCA,YCA,Yucheng,2021,Leave_One_experiments\wth_generated_qc\YCA\YCA2021.WTH,wet_year;nitrogen_stress_year;low_response_year,wet,YCA2021_normal_grid_S0019,pareto_balanced,2021-09-12,255,92,87,"{""sim_day"": 92.0, ""doy"": 255.0, ""topwt"": 17447.418212890625, ""grnwt"": 6060.3936767578125, ""xlai"": 3.3063440322875977, ""totir"": 0.0, ""tofer"": NaN, ""swfac"": 0.0, ""nstres"": 0.0}",0.0,0.0,17447.418212890625,6060.3936767578125,3.3063440322875977,0.0,,0.0,0.0,0.0,225.0,28.074963378906247,28.074963378906247,Leave_One_experiments/all_year_offline_schedule_search/daily_outputs/YCA/YCA_2021_YCA2021_normal_grid_S0019_daily.csv
YCA,YCA,Yucheng,2021,Leave_One_experiments\wth_generated_qc\YCA\YCA2021.WTH,wet_year;nitrogen_stress_year;low_response_year,wet,YCA2021_normal_grid_S0019,pareto_balanced,2021-09-13,256,93,88,"{""sim_day"": 93.0, ""doy"": 256.0, ""topwt"": 17763.677978515625, ""grnwt"": 6323.960571289063, ""xlai"": 3.16675066947937, ""totir"": 0.0, ""tofer"": NaN, ""swfac"": 0.0, ""nstres"": 0.0}",0.0,0.0,17763.677978515625,6323.960571289063,3.16675066947937,0.0,,0.0,0.0,0.0,225.0,28.074963378906247,28.074963378906247,Leave_One_experiments/all_year_offline_schedule_search/daily_outputs/YCA/YCA_2021_YCA2021_normal_grid_S0019_daily.csv
YCA,YCA,Yucheng,2021,Leave_One_experiments\wth_generated_qc\YCA\YCA2021.WTH,wet_year;nitrogen_stress_year;low_response_year,wet,YCA2021_normal_grid_S0019,pareto_balanced,2021-09-14,257,94,89,"{""sim_day"": 94.0, ""doy"": 257.0, ""topwt"": 18106.4697265625, ""grnwt"": 6587.5274658203125, ""xlai"": 3.0418875217437744, ""totir"": 0.0, ""tofer"": NaN, ""swfac"": 0.0, ""nstres"": 0.0}",0.0,0.0,18106.4697265625,6587.5274658203125,3.0418875217437744,0.0,,0.0,0.0,0.0,225.0,28.074963378906247,28.074963378906247,Leave_One_experiments/all_year_offline_schedule_search/daily_outputs/YCA/YCA_2021_YCA2021_normal_grid_S0019_daily.csv
YCA,YCA,Yucheng,2021,Leave_One_experiments\wth_generated_qc\YCA\YCA2021.WTH,wet_year;nitrogen_stress_year;low_response_year,wet,YCA2021_normal_grid_S0019,pareto_balanced,2021-09-15,258,95,90,"{""sim_day"": 95.0, ""doy"": 258.0, ""topwt"": 18367.00561523437, ""grnwt"": 6851.094970703125, ""xlai"": 2.9181957244873047, ""totir"": 0.0, ""tofer"": NaN, ""swfac"": 0.0, ""nstres"": 0.0}",0.0,0.0,18367.00561523437,6851.094970703125,2.9181957244873047,0.0,,0.0,0.0,0.0,225.0,28.074963378906247,28.074963378906247,Leave_One_experiments/all_year_offline_schedule_search/daily_outputs/YCA/YCA_2021_YCA2021_normal_grid_S0019_daily.csv
YCA,YCA,Yucheng,2021,Leave_One_experiments\wth_generated_qc\YCA\YCA2021.WTH,wet_year;nitrogen_stress_year;low_response_year,wet,YCA2021_normal_grid_S0019,pareto_balanced,2021-09-16,259,96,91,"{""sim_day"": 96.0, ""doy"": 259.0, ""topwt"": 18603.80249023437, ""grnwt"": 7114.661865234375, ""xlai"": 2.771880626678467, ""totir"": 0.0, ""tofer"": NaN, ""swfac"": 0.0, ""nstres"": 0.0}",0.0,0.0,18603.80249023437,7114.661865234375,2.771880626678467,0.0,,0.0,0.0,0.0,225.0,28.074963378906247,28.074963378906247,Leave_One_experiments/all_year_offline_schedule_search/daily_outputs/YCA/YCA_2021_YCA2021_normal_grid_S0019_daily.csv
YCA,YCA,Yucheng,2021,Leave_One_experiments\wth_generated_qc\YCA\YCA2021.WTH,wet_year;nitrogen_stress_year;low_response_year,wet,YCA2021_normal_grid_S0019,pareto_balanced,2021-09-17,260,97,92,"{""sim_day"": 97.0, ""doy"": 260.0, ""topwt"": 18673.49975585937, ""grnwt"": 7378.228759765625, ""xlai"": 2.655449628829956, ""totir"": 0.0, ""tofer"": NaN, ""swfac"": 0.0, ""nstres"": 0.0}",0.0,0.0,18673.49975585937,7378.228759765625,2.655449628829956,0.0,,0.0,0.0,0.0,225.0,28.074963378906247,28.074963378906247,Leave_One_experiments/all_year_offline_schedule_search/daily_outputs/YCA/YCA_2021_YCA2021_normal_grid_S0019_daily.csv
YCA,YCA,Yucheng,2021,Leave_One_experiments\wth_generated_qc\YCA\YCA2021.WTH,wet_year;nitrogen_stress_year;low_response_year,wet,YCA2021_normal_grid_S0019,pareto_balanced,2021-09-18,261,98,93,"{""sim_day"": 98.0, ""doy"": 261.0, ""topwt"": 18713.270263671875, ""grnwt"": 7641.795654296875, ""xlai"": 2.5590660572052, ""totir"": 0.0, ""tofer"": NaN, ""swfac"": 0.0, ""nstres"": 0.0}",0.0,0.0,18713.270263671875,7641.795654296875,2.5590660572052,0.0,,0.0,0.0,0.0,225.0,28.074963378906247,28.074963378906247,Leave_One_experiments/all_year_offline_schedule_search/daily_outputs/YCA/YCA_2021_YCA2021_normal_grid_S0019_daily.csv
YCA,YCA,Yucheng,2021,Leave_One_experiments\wth_generated_qc\YCA\YCA2021.WTH,wet_year;nitrogen_stress_year;low_response_year,wet,YCA2021_normal_grid_S0019,pareto_balanced,2021-09-19,262,99,94,"{""sim_day"": 99.0, ""doy"": 262.0, ""topwt"": 18829.237060546875, ""grnwt"": 7905.362548828125, ""xlai"": 2.4287588596343994, ""totir"": 0.0, ""tofer"": NaN, ""swfac"": 0.0, ""nstres"": 0.0}",0.0,0.0,18829.237060546875,7905.362548828125,2.4287588596343994,0.0,,0.0,0.0,0.0,225.0,28.074963378906247,28.074963378906247,Leave_One_experiments/all_year_offline_schedule_search/daily_outputs/YCA/YCA_2021_YCA2021_normal_grid_S0019_daily.csv
YCA,YCA,Yucheng,2021,Leave_One_experiments\wth_generated_qc\YCA\YCA2021.WTH,wet_year;nitrogen_stress_year;low_response_year,wet,YCA2021_normal_grid_S0019,pareto_balanced,2021-09-20,263,100,95,"{""sim_day"": 100.0, ""doy"": 263.0, ""topwt"": 19150.8544921875, ""grnwt"": 8168.929443359375, ""xlai"": 2.25105357170105, ""totir"": 0.0, ""tofer"": NaN, ""swfac"": 0.0, ""nstres"": 0.0}",0.0,0.0,19150.8544921875,8168.929443359375,2.25105357170105,0.0,,0.0,0.0,0.0,225.0,28.074963378906247,28.074963378906247,Leave_One_experiments/all_year_offline_schedule_search/daily_outputs/YCA/YCA_2021_YCA2021_normal_grid_S0019_daily.csv
YCA,YCA,Yucheng,2021,Leave_One_experiments\wth_generated_qc\YCA\YCA2021.WTH,wet_year;nitrogen_stress_year;low_response_year,wet,YCA2021_normal_grid_S0019,pareto_balanced,2021-09-21,264,101,96,"{""sim_day"": 101.0, ""doy"": 264.0, ""topwt"": 19460.001220703125, ""grnwt"": 8432.496337890625, ""xlai"": 2.0786447525024414, ""totir"": 0.0, ""tofer"": NaN, ""swfac"": 0.0, ""nstres"": 0.0}",0.0,0.0,19460.001220703125,8432.496337890625,2.0786447525024414,0.0,,0.0,0.0,0.0,225.0,28.074963378906247,28.074963378906247,Leave_One_experiments/all_year_offline_schedule_search/daily_outputs/YCA/YCA_2021_YCA2021_normal_grid_S0019_daily.csv
YCA,YCA,Yucheng,2021,Leave_One_experiments\wth_generated_qc\YCA\YCA2021.WTH,wet_year;nitrogen_stress_year;low_response_year,wet,YCA2021_normal_grid_S0019,pareto_balanced,2021-09-22,265,102,97,"{""sim_day"": 102.0, ""doy"": 265.0, ""topwt"": 19460.001220703125, ""grnwt"": 8432.496337890625, ""xlai"": 2.0786447525024414, ""totir"": 0.0, ""tofer"": NaN, ""swfac"": 0.0, ""nstres"": 0.0}",0.0,0.0,19460.001220703125,8432.496337890625,2.0786447525024414,0.0,,0.0,0.0,0.0,225.0,28.074963378906247,28.074963378906247,Leave_One_experiments/all_year_offline_schedule_search/daily_outputs/YCA/YCA_2021_YCA2021_normal_grid_S0019_daily.csv
YCA,YCA,Yucheng,2021,Leave_One_experiments\wth_generated_qc\YCA\YCA2021.WTH,wet_year;nitrogen_stress_year;low_response_year,wet,YCA2021_normal_grid_S0019,pareto_balanced,2021-09-23,266,103,98,"{""sim_day"": 103.0, ""doy"": 266.0, ""topwt"": 19460.001220703125, ""grnwt"": 8432.496337890625, ""xlai"": 2.0786447525024414, ""totir"": 0.0, ""tofer"": NaN, ""swfac"": 0.0, ""nstres"": 0.0}",0.0,0.0,19460.001220703125,8432.496337890625,2.0786447525024414,0.0,,0.0,0.0,0.0,225.0,28.074963378906247,28.074963378906247,Leave_One_experiments/all_year_offline_schedule_search/daily_outputs/YCA/YCA_2021_YCA2021_normal_grid_S0019_daily.csv
YCA,YCA,Yucheng,2021,Leave_One_experiments\wth_generated_qc\YCA\YCA2021.WTH,wet_year;nitrogen_stress_year;low_response_year,wet,YCA2021_normal_grid_S0019,pareto_balanced,2021-09-24,267,104,99,"{""sim_day"": 104.0, ""doy"": 267.0, ""topwt"": 19460.001220703125, ""grnwt"": 8432.496337890625, ""xlai"": 2.0786447525024414, ""totir"": 0.0, ""tofer"": NaN, ""swfac"": 0.0, ""nstres"": 0.0}",0.0,0.0,19460.001220703125,8432.496337890625,2.0786447525024414,0.0,,0.0,0.0,0.0,225.0,28.074963378906247,28.074963378906247,Leave_One_experiments/all_year_offline_schedule_search/daily_outputs/YCA/YCA_2021_YCA2021_normal_grid_S0019_daily.csv
YCA,YCA,Yucheng,2021,Leave_One_experiments\wth_generated_qc\YCA\YCA2021.WTH,wet_year;nitrogen_stress_year;low_response_year,wet,YCA2021_normal_grid_S0010,top_profit_low_water,2021-06-18,169,1,1,"{""sim_day"": 1.0, ""doy"": 169.0, ""topwt"": 0.0, ""grnwt"": 0.0, ""xlai"": 0.0, ""totir"": 0.0, ""tofer"": NaN, ""swfac"": 0.0, ""nstres"": 0.0}",0.0,0.0,0.0,0.0,0.0,0.0,,0.0,50.0,0.0,150.0,38.2230712890625,38.2230712890625,Leave_One_experiments/all_year_offline_schedule_search/daily_outputs/YCA/YCA_2021_YCA2021_normal_grid_S0010_daily.csv
YCA,YCA,Yucheng,2021,Leave_One_experiments\wth_generated_qc\YCA\YCA2021.WTH,wet_year;nitrogen_stress_year;low_response_year,wet,YCA2021_normal_grid_S0010,top_profit_low_water,2021-06-19,170,2,2,"{""sim_day"": 2.0, ""doy"": 170.0, ""topwt"": 0.0, ""grnwt"": 0.0, ""xlai"": 0.0, ""totir"": 0.0, ""tofer"": NaN, ""swfac"": 0.0, ""nstres"": 0.0}",0.0,0.0,0.0,0.0,0.0,0.0,,0.0,0.0,0.0,150.0,38.2230712890625,38.2230712890625,Leave_One_experiments/all_year_offline_schedule_search/daily_outputs/YCA/YCA_2021_YCA2021_normal_grid_S0010_daily.csv
YCA,YCA,Yucheng,2021,Leave_One_experiments\wth_generated_qc\YCA\YCA2021.WTH,wet_year;nitrogen_stress_year;low_response_year,wet,YCA2021_normal_grid_S0010,top_profit_low_water,2021-06-20,171,3,3,"{""sim_day"": 3.0, ""doy"": 171.0, ""topwt"": 0.0, ""grnwt"": 0.0, ""xlai"": 0.0, ""totir"": 0.0, ""tofer"": NaN, ""swfac"": 0.0, ""nstres"": 0.0}",0.0,0.0,0.0,0.0,0.0,0.0,,0.0,0.0,0.0,150.0,38.2230712890625,38.2230712890625,Leave_One_experiments/all_year_offline_schedule_search/daily_outputs/YCA/YCA_2021_YCA2021_normal_grid_S0010_daily.csv
YCA,YCA,Yucheng,2021,Leave_One_experiments\wth_generated_qc\YCA\YCA2021.WTH,wet_year;nitrogen_stress_year;low_response_year,wet,YCA2021_normal_grid_S0010,top_profit_low_water,2021-06-21,172,4,4,"{""sim_day"": 4.0, ""doy"": 172.0, ""topwt"": 0.0, ""grnwt"": 0.0, ""xlai"": 0.0, ""totir"": 0.0, ""tofer"": NaN, ""swfac"": 0.0, ""nstres"": 0.0}",0.0,0.0,0.0,0.0,0.0,0.0,,0.0,0.0,0.0,150.0,38.2230712890625,38.2230712890625,Leave_One_experiments/all_year_offline_schedule_search/daily_outputs/YCA/YCA_2021_YCA2021_normal_grid_S0010_daily.csv
YCA,YCA,Yucheng,2021,Leave_One_experiments\wth_generated_qc\YCA\YCA2021.WTH,wet_year;nitrogen_stress_year;low_response_year,wet,YCA2021_normal_grid_S0010,top_profit_low_water,2021-06-22,173,5,5,"{""sim_day"": 5.0, ""doy"": 173.0, ""topwt"": 0.0, ""grnwt"": 0.0, ""xlai"": 0.0, ""totir"": 0.0, ""tofer"": NaN, ""swfac"": 0.0, ""nstres"": 0.0}",0.0,0.0,0.0,0.0,0.0,0.0,,0.0,0.0,0.0,150.0,38.2230712890625,38.2230712890625,Leave_One_experiments/all_year_offline_schedule_search/daily_outputs/YCA/YCA_2021_YCA2021_normal_grid_S0010_daily.csv
YCA,YCA,Yucheng,2021,Leave_One_experiments\wth_generated_qc\YCA\YCA2021.WTH,wet_year;nitrogen_stress_year;low_response_year,wet,YCA2021_normal_grid_S0010,top_profit_low_water,2021-06-18,169,6,1,"{""sim_day"": 6.0, ""doy"": 169.0, ""topwt"": 0.0, ""grnwt"": 0.0, ""xlai"": 0.0, ""totir"": 0.0, ""tofer"": NaN, ""swfac"": 0.0, ""nstres"": 0.0}",0.0,0.0,0.0,0.0,0.0,0.0,,0.0,0.0,0.0,150.0,38.2230712890625,38.2230712890625,Leave_One_experiments/all_year_offline_schedule_search/daily_outputs/YCA/YCA_2021_YCA2021_normal_grid_S0010_daily.csv
YCA,YCA,Yucheng,2021,Leave_One_experiments\wth_generated_qc\YCA\YCA2021.WTH,wet_year;nitrogen_stress_year;low_response_year,wet,YCA2021_normal_grid_S0010,top_profit_low_water,2021-06-19,170,7,2,"{""sim_day"": 7.0, ""doy"": 170.0, ""topwt"": 0.0, ""grnwt"": 0.0, ""xlai"": 0.0, ""totir"": 0.0, ""tofer"": NaN, ""swfac"": 0.0, ""nstres"": 0.0}",0.0,0.0,0.0,0.0,0.0,0.0,,0.0,0.0,0.0,150.0,38.2230712890625,38.2230712890625,Leave_One_experiments/all_year_offline_schedule_search/daily_outputs/YCA/YCA_2021_YCA2021_normal_grid_S0010_daily.csv
YCA,YCA,Yucheng,2021,Leave_One_experiments\wth_generated_qc\YCA\YCA2021.WTH,wet_year;nitrogen_stress_year;low_response_year,wet,YCA2021_normal_grid_S0010,top_profit_low_water,2021-06-20,171,8,3,"{""sim_day"": 8.0, ""doy"": 171.0, ""topwt"": 0.0, ""grnwt"": 0.0, ""xlai"": 0.0, ""totir"": 0.0, ""tofer"": NaN, ""swfac"": 0.0, ""nstres"": 0.0}",0.0,0.0,0.0,0.0,0.0,0.0,,0.0,0.0,0.0,150.0,38.2230712890625,38.2230712890625,Leave_One_experiments/all_year_offline_schedule_search/daily_outputs/YCA/YCA_2021_YCA2021_normal_grid_S0010_daily.csv
YCA,YCA,Yucheng,2021,Leave_One_experiments\wth_generated_qc\YCA\YCA2021.WTH,wet_year;nitrogen_stress_year;low_response_year,wet,YCA2021_normal_grid_S0010,top_profit_low_water,2021-06-21,172,9,4,"{""sim_day"": 9.0, ""doy"": 172.0, ""topwt"": 0.0, ""grnwt"": 0.0, ""xlai"": 0.0, ""totir"": 0.0, ""tofer"": NaN, ""swfac"": 0.0, ""nstres"": 0.0}",0.0,0.0,0.0,0.0,0.0,0.0,,0.0,0.0,0.0,150.0,38.2230712890625,38.2230712890625,Leave_One_experiments/all_year_offline_schedule_search/daily_outputs/YCA/YCA_2021_YCA2021_normal_grid_S0010_daily.csv
YCA,YCA,Yucheng,2021,Leave_One_experiments\wth_generated_qc\YCA\YCA2021.WTH,wet_year;nitrogen_stress_year;low_response_year,wet,YCA2021_normal_grid_S0010,top_profit_low_water,2021-06-22,173,10,5,"{""sim_day"": 10.0, ""doy"": 173.0, ""topwt"": 26.400001049041748, ""grnwt"": 0.0, ""xlai"": 0.0054466784931719, ""totir"": 0.0, ""tofer"": NaN, ""swfac"": 0.0, ""nstres"": 0.0121910572052001}",0.0,0.0121910572052001,26.400001049041748,0.0,0.0054466784931719,0.0,,0.0,0.0,0.0,150.0,38.2230712890625,38.2230712890625,Leave_One_experiments/all_year_offline_schedule_search/daily_outputs/YCA/YCA_2021_YCA2021_normal_grid_S0010_daily.csv
YCA,YCA,Yucheng,2021,Leave_One_experiments\wth_generated_qc\YCA\YCA2021.WTH,wet_year;nitrogen_stress_year;low_response_year,wet,YCA2021_normal_grid_S0010,top_profit_low_water,2021-06-23,174,11,6,"{""sim_day"": 11.0, ""doy"": 174.0, ""topwt"": 26.400001049041748, ""grnwt"": 0.0, ""xlai"": 0.0112468190491199, ""totir"": 0.0, ""tofer"": NaN, ""swfac"": 0.0, ""nstres"": 0.0081720352172851}",0.0,0.0081720352172851,26.400001049041748,0.0,0.0112468190491199,0.0,,0.0,0.0,0.0,150.0,38.2230712890625,38.2230712890625,Leave_One_experiments/all_year_offline_schedule_search/daily_outputs/YCA/YCA_2021_YCA2021_normal_grid_S0010_daily.csv
YCA,YCA,Yucheng,2021,Leave_One_experiments\wth_generated_qc\YCA\YCA2021.WTH,wet_year;nitrogen_stress_year;low_response_year,wet,YCA2021_normal_grid_S0010,top_profit_low_water,2021-06-24,175,12,7,"{""sim_day"": 12.0, ""doy"": 175.0, ""topwt"": 26.400001049041748, ""grnwt"": 0.0, ""xlai"": 0.0176314748823642, ""totir"": 0.0, ""tofer"": NaN, ""swfac"": 0.0, ""nstres"": 0.000707983970642}",0.0,0.000707983970642,26.400001049041748,0.0,0.0176314748823642,0.0,,0.0,0.0,0.0,150.0,38.2230712890625,38.2230712890625,Leave_One_experiments/all_year_offline_schedule_search/daily_outputs/YCA/YCA_2021_YCA2021_normal_grid_S0010_daily.csv
YCA,YCA,Yucheng,2021,Leave_One_experiments\wth_generated_qc\YCA\YCA2021.WTH,wet_year;nitrogen_stress_year;low_response_year,wet,YCA2021_normal_grid_S0010,top_profit_low_water,2021-06-25,176,13,8,"{""sim_day"": 13.0, ""doy"": 176.0, ""topwt"": 26.400001049041748, ""grnwt"": 0.0, ""xlai"": 0.0423513762652874, ""totir"": 0.0, ""tofer"": NaN, ""swfac"": 0.0, ""nstres"": 0.0}",0.0,0.0,26.400001049041748,0.0,0.0423513762652874,0.0,,0.0,0.0,0.0,150.0,38.2230712890625,38.2230712890625,Leave_One_experiments/all_year_offline_schedule_search/daily_outputs/YCA/YCA_2021_YCA2021_normal_grid_S0010_daily.csv
YCA,YCA,Yucheng,2021,Leave_One_experiments\wth_generated_qc\YCA\YCA2021.WTH,wet_year;nitrogen_stress_year;low_response_year,wet,YCA2021_normal_grid_S0010,top_profit_low_water,2021-06-26,177,14,9,"{""sim_day"": 14.0, ""doy"": 177.0, ""topwt"": 36.47419452667236, ""grnwt"": 0.0, ""xlai"": 0.0712442845106124, ""totir"": 0.0, ""tofer"": NaN, ""swfac"": 0.0, ""nstres"": 0.0}",0.0,0.0,36.47419452667236,0.0,0.0712442845106124,0.0,,0.0,0.0,0.0,150.0,38.2230712890625,38.2230712890625,Leave_One_experiments/all_year_offline_schedule_search/daily_outputs/YCA/YCA_2021_YCA2021_normal_grid_S0010_daily.csv
YCA,YCA,Yucheng,2021,Leave_One_experiments\wth_generated_qc\YCA\YCA2021.WTH,wet_year;nitrogen_stress_year;low_response_year,wet,YCA2021_normal_grid_S0010,top_profit_low_water,2021-06-27,178,15,10,"{""sim_day"": 15.0, ""doy"": 178.0, ""topwt"": 52.40024089813232, ""grnwt"": 0.0, ""xlai"": 0.1079131290316581, ""totir"": 0.0, ""tofer"": NaN, ""swfac"": 0.0, ""nstres"": 0.0}",0.0,0.0,52.40024089813232,0.0,0.1079131290316581,0.0,,0.0,0.0,0.0,150.0,38.2230712890625,38.2230712890625,Leave_One_experiments/all_year_offline_schedule_search/daily_outputs/YCA/YCA_2021_YCA2021_normal_grid_S0010_daily.csv
YCA,YCA,Yucheng,2021,Leave_One_experiments\wth_generated_qc\YCA\YCA2021.WTH,wet_year;nitrogen_stress_year;low_response_year,wet,YCA2021_normal_grid_S0010,top_profit_low_water,2021-06-28,179,16,11,"{""sim_day"": 16.0, ""doy"": 179.0, ""topwt"": 68.63852500915527, ""grnwt"": 0.0, ""xlai"": 0.1421727538108825, ""totir"": 0.0, ""tofer"": NaN, ""swfac"": 0.0, ""nstres"": 0.0}",0.0,0.0,68.63852500915527,0.0,0.1421727538108825,0.0,,0.0,0.0,0.0,150.0,38.2230712890625,38.2230712890625,Leave_One_experiments/all_year_offline_schedule_search/daily_outputs/YCA/YCA_2021_YCA2021_normal_grid_S0010_daily.csv
YCA,YCA,Yucheng,2021,Leave_One_experiments\wth_generated_qc\YCA\YCA2021.WTH,wet_year;nitrogen_stress_year;low_response_year,wet,YCA2021_normal_grid_S0010,top_profit_low_water,2021-06-29,180,17,12,"{""sim_day"": 17.0, ""doy"": 180.0, ""topwt"": 89.6304988861084, ""grnwt"": 0.0, ""xlai"": 0.1835055351257324, ""totir"": 0.0, ""tofer"": NaN, ""swfac"": 0.0, ""nstres"": 0.0}",0.0,0.0,89.6304988861084,0.0,0.1835055351257324,0.0,,0.0,0.0,0.0,150.0,38.2230712890625,38.2230712890625,Leave_One_experiments/all_year_offline_schedule_search/daily_outputs/YCA/YCA_2021_YCA2021_normal_grid_S0010_daily.csv
YCA,YCA,Yucheng,2021,Leave_One_experiments\wth_generated_qc\YCA\YCA2021.WTH,wet_year;nitrogen_stress_year;low_response_year,wet,YCA2021_normal_grid_S0010,top_profit_low_water,2021-06-30,181,18,13,"{""sim_day"": 18.0, ""doy"": 181.0, ""topwt"": 111.1459732055664, ""grnwt"": 0.0, ""xlai"": 0.2234551012516021, ""totir"": 0.0, ""tofer"": NaN, ""swfac"": 0.0, ""nstres"": 0.0}",0.0,0.0,111.1459732055664,0.0,0.2234551012516021,0.0,,0.0,0.0,0.0,150.0,38.2230712890625,38.2230712890625,Leave_One_experiments/all_year_offline_schedule_search/daily_outputs/YCA/YCA_2021_YCA2021_normal_grid_S0010_daily.csv
YCA,YCA,Yucheng,2021,Leave_One_experiments\wth_generated_qc\YCA\YCA2021.WTH,wet_year;nitrogen_stress_year;low_response_year,wet,YCA2021_normal_grid_S0010,top_profit_low_water,2021-07-01,182,19,14,"{""sim_day"": 19.0, ""doy"": 182.0, ""topwt"": 137.22606658935547, ""grnwt"": 0.0, ""xlai"": 0.2694742679595947, ""totir"": 0.0, ""tofer"": NaN, ""swfac"": 0.0, ""nstres"": 0.0}",0.0,0.0,137.22606658935547,0.0,0.2694742679595947,0.0,,0.0,0.0,0.0,150.0,38.2230712890625,38.2230712890625,Leave_One_experiments/all_year_offline_schedule_search/daily_outputs/YCA/YCA_2021_YCA2021_normal_grid_S0010_daily.csv
YCA,YCA,Yucheng,2021,Leave_One_experiments\wth_generated_qc\YCA\YCA2021.WTH,wet_year;nitrogen_stress_year;low_response_year,wet,YCA2021_normal_grid_S0010,top_profit_low_water,2021-07-02,183,20,15,"{""sim_day"": 20.0, ""doy"": 183.0, ""topwt"": 172.84141540527344, ""grnwt"": 0.0, ""xlai"": 0.3292016386985779, ""totir"": 0.0, ""tofer"": NaN, ""swfac"": 0.0, ""nstres"": 0.0}",0.0,0.0,172.84141540527344,0.0,0.3292016386985779,0.0,,0.0,0.0,0.0,150.0,38.2230712890625,38.2230712890625,Leave_One_experiments/all_year_offline_schedule_search/daily_outputs/YCA/YCA_2021_YCA2021_normal_grid_S0010_daily.csv
YCA,YCA,Yucheng,2021,Leave_One_experiments\wth_generated_qc\YCA\YCA2021.WTH,wet_year;nitrogen_stress_year;low_response_year,wet,YCA2021_normal_grid_S0010,top_profit_low_water,2021-07-03,184,21,16,"{""sim_day"": 21.0, ""doy"": 184.0, ""topwt"": 220.3946304321289, ""grnwt"": 0.0, ""xlai"": 0.4047544598579407, ""totir"": 0.0, ""tofer"": NaN, ""swfac"": 0.0, ""nstres"": 0.0}",0.0,0.0,220.3946304321289,0.0,0.4047544598579407,0.0,,0.0,0.0,0.0,150.0,38.2230712890625,38.2230712890625,Leave_One_experiments/all_year_offline_schedule_search/daily_outputs/YCA/YCA_2021_YCA2021_normal_grid_S0010_daily.csv
YCA,YCA,Yucheng,2021,Leave_One_experiments\wth_generated_qc\YCA\YCA2021.WTH,wet_year;nitrogen_stress_year;low_response_year,wet,YCA2021_normal_grid_S0010,top_profit_low_water,2021-07-04,185,22,17,"{""sim_day"": 22.0, ""doy"": 185.0, ""topwt"": 266.74854278564453, ""grnwt"": 0.0, ""xlai"": 0.5072768330574036, ""totir"": 0.0, ""tofer"": NaN, ""swfac"": 0.0, ""nstres"": 0.0}",0.0,0.0,266.74854278564453,0.0,0.5072768330574036,0.0,,0.0,0.0,0.0,150.0,38.2230712890625,38.2230712890625,Leave_One_experiments/all_year_offline_schedule_search/daily_outputs/YCA/YCA_2021_YCA2021_normal_grid_S0010_daily.csv
YCA,YCA,Yucheng,2021,Leave_One_experiments\wth_generated_qc\YCA\YCA2021.WTH,wet_year;nitrogen_stress_year;low_response_year,wet,YCA2021_normal_grid_S0010,top_profit_low_water,2021-07-05,186,23,18,"{""sim_day"": 23.0, ""doy"": 186.0, ""topwt"": 336.2210464477539, ""grnwt"": 0.0, ""xlai"": 0.6144986748695374, ""totir"": 0.0, ""tofer"": NaN, ""swfac"": 0.0, ""nstres"": 0.0062283277511596}",0.0,0.0062283277511596,336.2210464477539,0.0,0.6144986748695374,0.0,,0.0,0.0,0.0,150.0,38.2230712890625,38.2230712890625,Leave_One_experiments/all_year_offline_schedule_search/daily_outputs/YCA/YCA_2021_YCA2021_normal_grid_S0010_daily.csv
YCA,YCA,Yucheng,2021,Leave_One_experiments\wth_generated_qc\YCA\YCA2021.WTH,wet_year;nitrogen_stress_year;low_response_year,wet,YCA2021_normal_grid_S0010,top_profit_low_water,2021-07-06,187,24,19,"{""sim_day"": 24.0, ""doy"": 187.0, ""topwt"": 397.90565490722656, ""grnwt"": 0.0, ""xlai"": 0.7053783535957336, ""totir"": 0.0, ""tofer"": NaN, ""swfac"": 0.0, ""nstres"": 0.0}",0.0,0.0,397.90565490722656,0.0,0.7053783535957336,0.0,,0.0,0.0,0.0,150.0,38.2230712890625,38.2230712890625,Leave_One_experiments/all_year_offline_schedule_search/daily_outputs/YCA/YCA_2021_YCA2021_normal_grid_S0010_daily.csv
YCA,YCA,Yucheng,2021,Leave_One_experiments\wth_generated_qc\YCA\YCA2021.WTH,wet_year;nitrogen_stress_year;low_response_year,wet,YCA2021_normal_grid_S0010,top_profit_low_water,2021-07-07,188,25,20,"{""sim_day"": 25.0, ""doy"": 188.0, ""topwt"": 496.718978881836, ""grnwt"": 0.0, ""xlai"": 0.8451517224311829, ""totir"": 0.0, ""tofer"": NaN, ""swfac"": 0.0, ""nstres"": 0.0}",0.0,0.0,496.718978881836,0.0,0.8451517224311829,0.0,,0.0,0.0,0.0,150.0,38.2230712890625,38.2230712890625,Leave_One_experiments/all_year_offline_schedule_search/daily_outputs/YCA/YCA_2021_YCA2021_normal_grid_S0010_daily.csv
YCA,YCA,Yucheng,2021,Leave_One_experiments\wth_generated_qc\YCA\YCA2021.WTH,wet_year;nitrogen_stress_year;low_response_year,wet,YCA2021_normal_grid_S0010,top_profit_low_water,2021-07-08,189,26,21,"{""sim_day"": 26.0, ""doy"": 189.0, ""topwt"": 615.3649520874023, ""grnwt"": 0.0, ""xlai"": 1.005135178565979, ""totir"": 0.0, ""tofer"": NaN, ""swfac"": 0.0, ""nstres"": 0.0}",0.0,0.0,615.3649520874023,0.0,1.005135178565979,0.0,,0.0,0.0,0.0,150.0,38.2230712890625,38.2230712890625,Leave_One_experiments/all_year_offline_schedule_search/daily_outputs/YCA/YCA_2021_YCA2021_normal_grid_S0010_daily.csv
YCA,YCA,Yucheng,2021,Leave_One_experiments\wth_generated_qc\YCA\YCA2021.WTH,wet_year;nitrogen_stress_year;low_response_year,wet,YCA2021_normal_grid_S0010,top_profit_low_water,2021-07-09,190,27,22,"{""sim_day"": 27.0, ""doy"": 190.0, ""topwt"": 744.3007659912109, ""grnwt"": 0.0, ""xlai"": 1.171457052230835, ""totir"": 0.0, ""tofer"": NaN, ""swfac"": 0.0, ""nstres"": 0.0}",0.0,0.0,744.3007659912109,0.0,1.171457052230835,0.0,,0.0,0.0,0.0,150.0,38.2230712890625,38.2230712890625,Leave_One_experiments/all_year_offline_schedule_search/daily_outputs/YCA/YCA_2021_YCA2021_normal_grid_S0010_daily.csv
YCA,YCA,Yucheng,2021,Leave_One_experiments\wth_generated_qc\YCA\YCA2021.WTH,wet_year;nitrogen_stress_year;low_response_year,wet,YCA2021_normal_grid_S0010,top_profit_low_water,2021-07-10,191,28,23,"{""sim_day"": 28.0, ""doy"": 191.0, ""topwt"": 876.9205474853516, ""grnwt"": 0.0, ""xlai"": 1.332921266555786, ""totir"": 0.0, ""tofer"": NaN, ""swfac"": 0.0, ""nstres"": 0.0}",0.0,0.0,876.9205474853516,0.0,1.332921266555786,0.0,,0.0,0.0,0.0,150.0,38.2230712890625,38.2230712890625,Leave_One_experiments/all_year_offline_schedule_search/daily_outputs/YCA/YCA_2021_YCA2021_normal_grid_S0010_daily.csv
YCA,YCA,Yucheng,2021,Leave_One_experiments\wth_generated_qc\YCA\YCA2021.WTH,wet_year;nitrogen_stress_year;low_response_year,wet,YCA2021_normal_grid_S0010,top_profit_low_water,2021-07-11,192,29,24,"{""sim_day"": 29.0, ""doy"": 192.0, ""topwt"": 954.7925567626952, ""grnwt"": 0.0, ""xlai"": 1.4296584129333496, ""totir"": 0.0, ""tofer"": NaN, ""swfac"": 0.0, ""nstres"": 0.0}",0.0,0.0,954.7925567626952,0.0,1.4296584129333496,0.0,,0.0,0.0,0.0,150.0,38.2230712890625,38.2230712890625,Leave_One_experiments/all_year_offline_schedule_search/daily_outputs/YCA/YCA_2021_YCA2021_normal_grid_S0010_daily.csv
YCA,YCA,Yucheng,2021,Leave_One_experiments\wth_generated_qc\YCA\YCA2021.WTH,wet_year;nitrogen_stress_year;low_response_year,wet,YCA2021_normal_grid_S0010,top_profit_low_water,2021-07-12,193,30,25,"{""sim_day"": 30.0, ""doy"": 193.0, ""topwt"": 1129.5718383789062, ""grnwt"": 0.0, ""xlai"": 1.6362354755401611, ""totir"": 0.0, ""tofer"": NaN, ""swfac"": 0.0, ""nstres"": 0.0}",0.0,0.0,1129.5718383789062,0.0,1.6362354755401611,0.0,,0.0,0.0,0.0,150.0,38.2230712890625,38.2230712890625,Leave_One_experiments/all_year_offline_schedule_search/daily_outputs/YCA/YCA_2021_YCA2021_normal_grid_S0010_daily.csv
YCA,YCA,Yucheng,2021,Leave_One_experiments\wth_generated_qc\YCA\YCA2021.WTH,wet_year;nitrogen_stress_year;low_response_year,wet,YCA2021_normal_grid_S0010,top_profit_low_water,2021-07-13,194,31,26,"{""sim_day"": 31.0, ""doy"": 194.0, ""topwt"": 1240.618667602539, ""grnwt"": 0.0, ""xlai"": 1.760242581367493, ""totir"": 0.0, ""tofer"": NaN, ""swfac"": 0.0, ""nstres"": 0.0}",0.0,0.0,1240.618667602539,0.0,1.760242581367493,0.0,,0.0,0.0,0.0,150.0,38.2230712890625,38.2230712890625,Leave_One_experiments/all_year_offline_schedule_search/daily_outputs/YCA/YCA_2021_YCA2021_normal_grid_S0010_daily.csv
YCA,YCA,Yucheng,2021,Leave_One_experiments\wth_generated_qc\YCA\YCA2021.WTH,wet_year;nitrogen_stress_year;low_response_year,wet,YCA2021_normal_grid_S0010,top_profit_low_water,2021-07-14,195,32,27,"{""sim_day"": 32.0, ""doy"": 195.0, ""topwt"": 1329.2619323730469, ""grnwt"": 0.0, ""xlai"": 1.8542704582214355, ""totir"": 0.0, ""tofer"": NaN, ""swfac"": 0.0, ""nstres"": 0.0}",0.0,0.0,1329.2619323730469,0.0,1.8542704582214355,0.0,,0.0,0.0,0.0,150.0,38.2230712890625,38.2230712890625,Leave_One_experiments/all_year_offline_schedule_search/daily_outputs/YCA/YCA_2021_YCA2021_normal_grid_S0010_daily.csv
YCA,YCA,Yucheng,2021,Leave_One_experiments\wth_generated_qc\YCA\YCA2021.WTH,wet_year;nitrogen_stress_year;low_response_year,wet,YCA2021_normal_grid_S0010,top_profit_low_water,2021-07-15,196,33,28,"{""sim_day"": 33.0, ""doy"": 196.0, ""topwt"": 1399.249267578125, ""grnwt"": 0.0, ""xlai"": 1.9244499206542969, ""totir"": 0.0, ""tofer"": NaN, ""swfac"": 0.0, ""nstres"": 0.0}",0.0,0.0,1399.249267578125,0.0,1.9244499206542969,0.0,,0.0,0.0,0.0,150.0,38.2230712890625,38.2230712890625,Leave_One_experiments/all_year_offline_schedule_search/daily_outputs/YCA/YCA_2021_YCA2021_normal_grid_S0010_daily.csv
YCA,YCA,Yucheng,2021,Leave_One_experiments\wth_generated_qc\YCA\YCA2021.WTH,wet_year;nitrogen_stress_year;low_response_year,wet,YCA2021_normal_grid_S0010,top_profit_low_water,2021-07-16,197,34,29,"{""sim_day"": 34.0, ""doy"": 197.0, ""topwt"": 1541.462860107422, ""grnwt"": 0.0, ""xlai"": 2.058384895324707, ""totir"": 0.0, ""tofer"": NaN, ""swfac"": 0.0, ""nstres"": 0.0}",0.0,0.0,1541.462860107422,0.0,2.058384895324707,0.0,,0.0,0.0,0.0,150.0,38.2230712890625,38.2230712890625,Leave_One_experiments/all_year_offline_schedule_search/daily_outputs/YCA/YCA_2021_YCA2021_normal_grid_S0010_daily.csv
YCA,YCA,Yucheng,2021,Leave_One_experiments\wth_generated_qc\YCA\YCA2021.WTH,wet_year;nitrogen_stress_year;low_response_year,wet,YCA2021_normal_grid_S0010,top_profit_low_water,2021-07-17,198,35,30,"{""sim_day"": 35.0, ""doy"": 198.0, ""topwt"": 1746.3453674316406, ""grnwt"": 0.0, ""xlai"": 2.2376112937927246, ""totir"": 0.0, ""tofer"": NaN, ""swfac"": 0.0, ""nstres"": 0.0}",0.0,0.0,1746.3453674316406,0.0,2.2376112937927246,0.0,,0.0,50.0,0.0,150.0,38.2230712890625,38.2230712890625,Leave_One_experiments/all_year_offline_schedule_search/daily_outputs/YCA/YCA_2021_YCA2021_normal_grid_S0010_daily.csv
YCA,YCA,Yucheng,2021,Leave_One_experiments\wth_generated_qc\YCA\YCA2021.WTH,wet_year;nitrogen_stress_year;low_response_year,wet,YCA2021_normal_grid_S0010,top_profit_low_water,2021-07-18,199,36,31,"{""sim_day"": 36.0, ""doy"": 199.0, ""topwt"": 1984.6525573730469, ""grnwt"": 0.0, ""xlai"": 2.4302096366882324, ""totir"": 0.0, ""tofer"": NaN, ""swfac"": 0.0, ""nstres"": 0.0}",0.0,0.0,1984.6525573730469,0.0,2.4302096366882324,0.0,,0.0,0.0,0.0,150.0,38.2230712890625,38.2230712890625,Leave_One_experiments/all_year_offline_schedule_search/daily_outputs/YCA/YCA_2021_YCA2021_normal_grid_S0010_daily.csv
YCA,YCA,Yucheng,2021,Leave_One_experiments\wth_generated_qc\YCA\YCA2021.WTH,wet_year;nitrogen_stress_year;low_response_year,wet,YCA2021_normal_grid_S0010,top_profit_low_water,2021-07-19,200,37,32,"{""sim_day"": 37.0, ""doy"": 200.0, ""topwt"": 2214.1636657714844, ""grnwt"": 0.0, ""xlai"": 2.601717472076416, ""totir"": 0.0, ""tofer"": NaN, ""swfac"": 0.0, ""nstres"": 0.0}",0.0,0.0,2214.1636657714844,0.0,2.601717472076416,0.0,,0.0,0.0,0.0,150.0,38.2230712890625,38.2230712890625,Leave_One_experiments/all_year_offline_schedule_search/daily_outputs/YCA/YCA_2021_YCA2021_normal_grid_S0010_daily.csv
YCA,YCA,Yucheng,2021,Leave_One_experiments\wth_generated_qc\YCA\YCA2021.WTH,wet_year;nitrogen_stress_year;low_response_year,wet,YCA2021_normal_grid_S0010,top_profit_low_water,2021-07-20,201,38,33,"{""sim_day"": 38.0, ""doy"": 201.0, ""topwt"": 2378.461303710937, ""grnwt"": 0.0, ""xlai"": 2.715700387954712, ""totir"": 0.0, ""tofer"": NaN, ""swfac"": 0.0, ""nstres"": 0.0}",0.0,0.0,2378.461303710937,0.0,2.715700387954712,0.0,,0.0,0.0,0.0,150.0,38.2230712890625,38.2230712890625,Leave_One_experiments/all_year_offline_schedule_search/daily_outputs/YCA/YCA_2021_YCA2021_normal_grid_S0010_daily.csv
YCA,YCA,Yucheng,2021,Leave_One_experiments\wth_generated_qc\YCA\YCA2021.WTH,wet_year;nitrogen_stress_year;low_response_year,wet,YCA2021_normal_grid_S0010,top_profit_low_water,2021-07-21,202,39,34,"{""sim_day"": 39.0, ""doy"": 202.0, ""topwt"": 2473.0816650390625, ""grnwt"": 0.0, ""xlai"": 2.7770135402679443, ""totir"": 0.0, ""tofer"": NaN, ""swfac"": 0.0, ""nstres"": 0.0}",0.0,0.0,2473.0816650390625,0.0,2.7770135402679443,0.0,,0.0,0.0,0.0,150.0,38.2230712890625,38.2230712890625,Leave_One_experiments/all_year_offline_schedule_search/daily_outputs/YCA/YCA_2021_YCA2021_normal_grid_S0010_daily.csv
YCA,YCA,Yucheng,2021,Leave_One_experiments\wth_generated_qc\YCA\YCA2021.WTH,wet_year;nitrogen_stress_year;low_response_year,wet,YCA2021_normal_grid_S0010,top_profit_low_water,2021-07-22,203,40,35,"{""sim_day"": 40.0, ""doy"": 203.0, ""topwt"": 2743.472595214844, ""grnwt"": 0.0, ""xlai"": 2.939610004425049, ""totir"": 0.0, ""tofer"": NaN, ""swfac"": 0.0, ""nstres"": 0.0}",0.0,0.0,2743.472595214844,0.0,2.939610004425049,0.0,,0.0,0.0,0.0,150.0,38.2230712890625,38.2230712890625,Leave_One_experiments/all_year_offline_schedule_search/daily_outputs/YCA/YCA_2021_YCA2021_normal_grid_S0010_daily.csv
YCA,YCA,Yucheng,2021,Leave_One_experiments\wth_generated_qc\YCA\YCA2021.WTH,wet_year;nitrogen_stress_year;low_response_year,wet,YCA2021_normal_grid_S0010,top_profit_low_water,2021-07-23,204,41,36,"{""sim_day"": 41.0, ""doy"": 204.0, ""topwt"": 3107.4380493164062, ""grnwt"": 0.0, ""xlai"": 3.1407470703125, ""totir"": 0.0, ""tofer"": NaN, ""swfac"": 0.0, ""nstres"": 0.0}",0.0,0.0,3107.4380493164062,0.0,3.1407470703125,0.0,,0.0,0.0,0.0,150.0,38.2230712890625,38.2230712890625,Leave_One_experiments/all_year_offline_schedule_search/daily_outputs/YCA/YCA_2021_YCA2021_normal_grid_S0010_daily.csv
YCA,YCA,Yucheng,2021,Leave_One_experiments\wth_generated_qc\YCA\YCA2021.WTH,wet_year;nitrogen_stress_year;low_response_year,wet,YCA2021_normal_grid_S0010,top_profit_low_water,2021-07-24,205,42,37,"{""sim_day"": 42.0, ""doy"": 205.0, ""topwt"": 3506.9320678710938, ""grnwt"": 0.0, ""xlai"": 3.343291044235229, ""totir"": 0.0, ""tofer"": NaN, ""swfac"": 0.0, ""nstres"": 0.0}",0.0,0.0,3506.9320678710938,0.0,3.343291044235229,0.0,,0.0,0.0,0.0,150.0,38.2230712890625,38.2230712890625,Leave_One_experiments/all_year_offline_schedule_search/daily_outputs/YCA/YCA_2021_YCA2021_normal_grid_S0010_daily.csv
YCA,YCA,Yucheng,2021,Leave_One_experiments\wth_generated_qc\YCA\YCA2021.WTH,wet_year;nitrogen_stress_year;low_response_year,wet,YCA2021_normal_grid_S0010,top_profit_low_water,2021-07-25,206,43,38,"{""sim_day"": 43.0, ""doy"": 206.0, ""topwt"": 3951.904602050781, ""grnwt"": 0.0, ""xlai"": 3.55013108253479, ""totir"": 0.0, ""tofer"": NaN, ""swfac"": 0.0, ""nstres"": 0.0}",0.0,0.0,3951.904602050781,0.0,3.55013108253479,0.0,,0.0,0.0,0.0,150.0,38.2230712890625,38.2230712890625,Leave_One_experiments/all_year_offline_schedule_search/daily_outputs/YCA/YCA_2021_YCA2021_normal_grid_S0010_daily.csv
YCA,YCA,Yucheng,2021,Leave_One_experiments\wth_generated_qc\YCA\YCA2021.WTH,wet_year;nitrogen_stress_year;low_response_year,wet,YCA2021_normal_grid_S0010,top_profit_low_water,2021-07-26,207,44,39,"{""sim_day"": 44.0, ""doy"": 207.0, ""topwt"": 4158.258056640625, ""grnwt"": 0.0, ""xlai"": 3.63866662979126, ""totir"": 0.0, ""tofer"": NaN, ""swfac"": 0.0, ""nstres"": 0.0}",0.0,0.0,4158.258056640625,0.0,3.63866662979126,0.0,,0.0,0.0,0.0,150.0,38.2230712890625,38.2230712890625,Leave_One_experiments/all_year_offline_schedule_search/daily_outputs/YCA/YCA_2021_YCA2021_normal_grid_S0010_daily.csv
YCA,YCA,Yucheng,2021,Leave_One_experiments\wth_generated_qc\YCA\YCA2021.WTH,wet_year;nitrogen_stress_year;low_response_year,wet,YCA2021_normal_grid_S0010,top_profit_low_water,2021-07-27,208,45,40,"{""sim_day"": 45.0, ""doy"": 208.0, ""topwt"": 4315.4693603515625, ""grnwt"": 0.0, ""xlai"": 3.690114736557007, ""totir"": 0.0, ""tofer"": NaN, ""swfac"": 0.0, ""nstres"": 0.0249242782592773}",0.0,0.0249242782592773,4315.4693603515625,0.0,3.690114736557007,0.0,,0.0,0.0,0.0,150.0,38.2230712890625,38.2230712890625,Leave_One_experiments/all_year_offline_schedule_search/daily_outputs/YCA/YCA_2021_YCA2021_normal_grid_S0010_daily.csv
YCA,YCA,Yucheng,2021,Leave_One_experiments\wth_generated_qc\YCA\YCA2021.WTH,wet_year;nitrogen_stress_year;low_response_year,wet,YCA2021_normal_grid_S0010,top_profit_low_water,2021-07-28,209,46,41,"{""sim_day"": 46.0, ""doy"": 209.0, ""topwt"": 4366.2823486328125, ""grnwt"": 0.0, ""xlai"": 3.691097497940064, ""totir"": 0.0, ""tofer"": NaN, ""swfac"": 0.0, ""nstres"": 0.0389887690544128}",0.0,0.0389887690544128,4366.2823486328125,0.0,3.691097497940064,0.0,,0.0,0.0,0.0,150.0,38.2230712890625,38.2230712890625,Leave_One_experiments/all_year_offline_schedule_search/daily_outputs/YCA/YCA_2021_YCA2021_normal_grid_S0010_daily.csv
YCA,YCA,Yucheng,2021,Leave_One_experiments\wth_generated_qc\YCA\YCA2021.WTH,wet_year;nitrogen_stress_year;low_response_year,wet,YCA2021_normal_grid_S0010,top_profit_low_water,2021-07-29,210,47,42,"{""sim_day"": 47.0, ""doy"": 210.0, ""topwt"": 4720.656127929688, ""grnwt"": 0.0, ""xlai"": 3.79527759552002, ""totir"": 0.0, ""tofer"": NaN, ""swfac"": 0.0, ""nstres"": 0.0480146408081054}",0.0,0.0480146408081054,4720.656127929688,0.0,3.79527759552002,0.0,,0.0,0.0,0.0,150.0,38.2230712890625,38.2230712890625,Leave_One_experiments/all_year_offline_schedule_search/daily_outputs/YCA/YCA_2021_YCA2021_normal_grid_S0010_daily.csv
YCA,YCA,Yucheng,2021,Leave_One_experiments\wth_generated_qc\YCA\YCA2021.WTH,wet_year;nitrogen_stress_year;low_response_year,wet,YCA2021_normal_grid_S0010,top_profit_low_water,2021-07-30,211,48,43,"{""sim_day"": 48.0, ""doy"": 211.0, ""topwt"": 5167.778930664063, ""grnwt"": 0.0, ""xlai"": 4.000758647918701, ""totir"": 0.0, ""tofer"": NaN, ""swfac"": 0.0, ""nstres"": 0.044043481349945}",0.0,0.044043481349945,5167.778930664063,0.0,4.000758647918701,0.0,,0.0,0.0,0.0,150.0,38.2230712890625,38.2230712890625,Leave_One_experiments/all_year_offline_schedule_search/daily_outputs/YCA/YCA_2021_YCA2021_normal_grid_S0010_daily.csv
YCA,YCA,Yucheng,2021,Leave_One_experiments\wth_generated_qc\YCA\YCA2021.WTH,wet_year;nitrogen_stress_year;low_response_year,wet,YCA2021_normal_grid_S0010,top_profit_low_water,2021-07-31,212,49,44,"{""sim_day"": 49.0, ""doy"": 212.0, ""topwt"": 5533.419799804688, ""grnwt"": 0.0, ""xlai"": 4.114295482635498, ""totir"": 0.0, ""tofer"": NaN, ""swfac"": 0.0, ""nstres"": 0.0710485577583313}",0.0,0.0710485577583313,5533.419799804688,0.0,4.114295482635498,0.0,,0.0,0.0,0.0,150.0,38.2230712890625,38.2230712890625,Leave_One_experiments/all_year_offline_schedule_search/daily_outputs/YCA/YCA_2021_YCA2021_normal_grid_S0010_daily.csv
YCA,YCA,Yucheng,2021,Leave_One_experiments\wth_generated_qc\YCA\YCA2021.WTH,wet_year;nitrogen_stress_year;low_response_year,wet,YCA2021_normal_grid_S0010,top_profit_low_water,2021-08-01,213,50,45,"{""sim_day"": 50.0, ""doy"": 213.0, ""topwt"": 5861.890258789063, ""grnwt"": 0.0, ""xlai"": 4.178482532501221, ""totir"": 0.0, ""tofer"": NaN, ""swfac"": 0.0, ""nstres"": 0.1009671688079834}",0.0,0.1009671688079834,5861.890258789063,0.0,4.178482532501221,0.0,,0.0,0.0,0.0,150.0,38.2230712890625,38.2230712890625,Leave_One_experiments/all_year_offline_schedule_search/daily_outputs/YCA/YCA_2021_YCA2021_normal_grid_S0010_daily.csv
YCA,YCA,Yucheng,2021,Leave_One_experiments\wth_generated_qc\YCA\YCA2021.WTH,wet_year;nitrogen_stress_year;low_response_year,wet,YCA2021_normal_grid_S0010,top_profit_low_water,2021-08-02,214,51,46,"{""sim_day"": 51.0, ""doy"": 214.0, ""topwt"": 6175.5267333984375, ""grnwt"": 0.0, ""xlai"": 4.215125560760498, ""totir"": 0.0, ""tofer"": NaN, ""swfac"": 0.0, ""nstres"": 0.1197154521942138}",0.0,0.1197154521942138,6175.5267333984375,0.0,4.215125560760498,0.0,,0.0,0.0,0.0,150.0,38.2230712890625,38.2230712890625,Leave_One_experiments/all_year_offline_schedule_search/daily_outputs/YCA/YCA_2021_YCA2021_normal_grid_S0010_daily.csv
YCA,YCA,Yucheng,2021,Leave_One_experiments\wth_generated_qc\YCA\YCA2021.WTH,wet_year;nitrogen_stress_year;low_response_year,wet,YCA2021_normal_grid_S0010,top_profit_low_water,2021-08-03,215,52,47,"{""sim_day"": 52.0, ""doy"": 215.0, ""topwt"": 6470.982666015625, ""grnwt"": 0.0, ""xlai"": 4.230501651763916, ""totir"": 0.0, ""tofer"": NaN, ""swfac"": 0.0, ""nstres"": 0.1328843832015991}",0.0,0.1328843832015991,6470.982666015625,0.0,4.230501651763916,0.0,,0.0,0.0,0.0,150.0,38.2230712890625,38.2230712890625,Leave_One_experiments/all_year_offline_schedule_search/daily_outputs/YCA/YCA_2021_YCA2021_normal_grid_S0010_daily.csv
YCA,YCA,Yucheng,2021,Leave_One_experiments\wth_generated_qc\YCA\YCA2021.WTH,wet_year;nitrogen_stress_year;low_response_year,wet,YCA2021_normal_grid_S0010,top_profit_low_water,2021-08-04,216,53,48,"{""sim_day"": 53.0, ""doy"": 216.0, ""topwt"": 6611.5032958984375, ""grnwt"": 0.0, ""xlai"": 4.192562103271484, ""totir"": 0.0, ""tofer"": NaN, ""swfac"": 0.0, ""nstres"": 0.1426721811294555}",0.0,0.1426721811294555,6611.5032958984375,0.0,4.192562103271484,0.0,,0.0,0.0,0.0,150.0,38.2230712890625,38.2230712890625,Leave_One_experiments/all_year_offline_schedule_search/daily_outputs/YCA/YCA_2021_YCA2021_normal_grid_S0010_daily.csv
YCA,YCA,Yucheng,2021,Leave_One_experiments\wth_generated_qc\YCA\YCA2021.WTH,wet_year;nitrogen_stress_year;low_response_year,wet,YCA2021_normal_grid_S0010,top_profit_low_water,2021-08-05,217,54,49,"{""sim_day"": 54.0, ""doy"": 217.0, ""topwt"": 6869.569091796875, ""grnwt"": 0.0, ""xlai"": 4.179192543029785, ""totir"": 0.0, ""tofer"": NaN, ""swfac"": 0.0, ""nstres"": 0.1497629880905151}",0.0,0.1497629880905151,6869.569091796875,0.0,4.179192543029785,0.0,,0.0,0.0,0.0,150.0,38.2230712890625,38.2230712890625,Leave_One_experiments/all_year_offline_schedule_search/daily_outputs/YCA/YCA_2021_YCA2021_normal_grid_S0010_daily.csv
YCA,YCA,Yucheng,2021,Leave_One_experiments\wth_generated_qc\YCA\YCA2021.WTH,wet_year;nitrogen_stress_year;low_response_year,wet,YCA2021_normal_grid_S0010,top_profit_low_water,2021-08-06,218,55,50,"{""sim_day"": 55.0, ""doy"": 218.0, ""topwt"": 7079.881591796875, ""grnwt"": 0.0, ""xlai"": 4.150626182556152, ""totir"": 0.0, ""tofer"": NaN, ""swfac"": 0.0, ""nstres"": 0.1505898833274841}",0.0,0.1505898833274841,7079.881591796875,0.0,4.150626182556152,0.0,,0.0,0.0,0.0,150.0,38.2230712890625,38.2230712890625,Leave_One_experiments/all_year_offline_schedule_search/daily_outputs/YCA/YCA_2021_YCA2021_normal_grid_S0010_daily.csv
YCA,YCA,Yucheng,2021,Leave_One_experiments\wth_generated_qc\YCA\YCA2021.WTH,wet_year;nitrogen_stress_year;low_response_year,wet,YCA2021_normal_grid_S0010,top_profit_low_water,2021-08-07,219,56,51,"{""sim_day"": 56.0, ""doy"": 219.0, ""topwt"": 7320.728759765625, ""grnwt"": 0.0, ""xlai"": 4.127797603607178, ""totir"": 0.0, ""tofer"": NaN, ""swfac"": 0.0, ""nstres"": 0.1545726656913757}",0.0,0.1545726656913757,7320.728759765625,0.0,4.127797603607178,0.0,,0.0,0.0,0.0,150.0,38.2230712890625,38.2230712890625,Leave_One_experiments/all_year_offline_schedule_search/daily_outputs/YCA/YCA_2021_YCA2021_normal_grid_S0010_daily.csv
YCA,YCA,Yucheng,2021,Leave_One_experiments\wth_generated_qc\YCA\YCA2021.WTH,wet_year;nitrogen_stress_year;low_response_year,wet,YCA2021_normal_grid_S0010,top_profit_low_water,2021-08-08,220,57,52,"{""sim_day"": 57.0, ""doy"": 220.0, ""topwt"": 7565.536499023437, ""grnwt"": 0.0, ""xlai"": 4.1049628257751465, ""totir"": 0.0, ""tofer"": NaN, ""swfac"": 0.0, ""nstres"": 0.1571481227874755}",0.0,0.1571481227874755,7565.536499023437,0.0,4.1049628257751465,0.0,,0.0,0.0,0.0,150.0,38.2230712890625,38.2230712890625,Leave_One_experiments/all_year_offline_schedule_search/daily_outputs/YCA/YCA_2021_YCA2021_normal_grid_S0010_daily.csv
YCA,YCA,Yucheng,2021,Leave_One_experiments\wth_generated_qc\YCA\YCA2021.WTH,wet_year;nitrogen_stress_year;low_response_year,wet,YCA2021_normal_grid_S0010,top_profit_low_water,2021-08-09,221,58,53,"{""sim_day"": 58.0, ""doy"": 221.0, ""topwt"": 7815.17578125, ""grnwt"": 0.0, ""xlai"": 4.083792686462402, ""totir"": 0.0, ""tofer"": NaN, ""swfac"": 0.0, ""nstres"": 0.1569361686706543}",0.0,0.1569361686706543,7815.17578125,0.0,4.083792686462402,0.0,,0.0,0.0,0.0,150.0,38.2230712890625,38.2230712890625,Leave_One_experiments/all_year_offline_schedule_search/daily_outputs/YCA/YCA_2021_YCA2021_normal_grid_S0010_daily.csv
YCA,YCA,Yucheng,2021,Leave_One_experiments\wth_generated_qc\YCA\YCA2021.WTH,wet_year;nitrogen_stress_year;low_response_year,wet,YCA2021_normal_grid_S0010,top_profit_low_water,2021-08-10,222,59,54,"{""sim_day"": 59.0, ""doy"": 222.0, ""topwt"": 8059.34326171875, ""grnwt"": 0.0, ""xlai"": 4.061692714691162, ""totir"": 0.0, ""tofer"": NaN, ""swfac"": 0.0, ""nstres"": 0.1569052934646606}",0.0,0.1569052934646606,8059.34326171875,0.0,4.061692714691162,0.0,,0.0,0.0,0.0,150.0,38.2230712890625,38.2230712890625,Leave_One_experiments/all_year_offline_schedule_search/daily_outputs/YCA/YCA_2021_YCA2021_normal_grid_S0010_daily.csv
YCA,YCA,Yucheng,2021,Leave_One_experiments\wth_generated_qc\YCA\YCA2021.WTH,wet_year;nitrogen_stress_year;low_response_year,wet,YCA2021_normal_grid_S0010,top_profit_low_water,2021-08-11,223,60,55,"{""sim_day"": 60.0, ""doy"": 223.0, ""topwt"": 8194.404296875, ""grnwt"": 0.0, ""xlai"": 3.982550382614136, ""totir"": 0.0, ""tofer"": NaN, ""swfac"": 0.0, ""nstres"": 0.1558802127838134}",0.0,0.1558802127838134,8194.404296875,0.0,3.982550382614136,0.0,,0.0,0.0,0.0,150.0,38.2230712890625,38.2230712890625,Leave_One_experiments/all_year_offline_schedule_search/daily_outputs/YCA/YCA_2021_YCA2021_normal_grid_S0010_daily.csv
YCA,YCA,Yucheng,2021,Leave_One_experiments\wth_generated_qc\YCA\YCA2021.WTH,wet_year;nitrogen_stress_year;low_response_year,wet,YCA2021_normal_grid_S0010,top_profit_low_water,2021-08-12,224,61,56,"{""sim_day"": 61.0, ""doy"": 224.0, ""topwt"": 8408.331298828125, ""grnwt"": 0.0, ""xlai"": 3.908005714416504, ""totir"": 0.0, ""tofer"": NaN, ""swfac"": 0.0, ""nstres"": 0.1497417688369751}",0.0,0.1497417688369751,8408.331298828125,0.0,3.908005714416504,0.0,,0.0,0.0,0.0,150.0,38.2230712890625,38.2230712890625,Leave_One_experiments/all_year_offline_schedule_search/daily_outputs/YCA/YCA_2021_YCA2021_normal_grid_S0010_daily.csv
YCA,YCA,Yucheng,2021,Leave_One_experiments\wth_generated_qc\YCA\YCA2021.WTH,wet_year;nitrogen_stress_year;low_response_year,wet,YCA2021_normal_grid_S0010,top_profit_low_water,2021-08-13,225,62,57,"{""sim_day"": 62.0, ""doy"": 225.0, ""topwt"": 8748.845825195312, ""grnwt"": 0.0, ""xlai"": 3.837280750274658, ""totir"": 0.0, ""tofer"": NaN, ""swfac"": 0.0, ""nstres"": 0.1447802782058715}",0.0,0.1447802782058715,8748.845825195312,0.0,3.837280750274658,0.0,,0.0,0.0,0.0,150.0,38.2230712890625,38.2230712890625,Leave_One_experiments/all_year_offline_schedule_search/daily_outputs/YCA/YCA_2021_YCA2021_normal_grid_S0010_daily.csv
YCA,YCA,Yucheng,2021,Leave_One_experiments\wth_generated_qc\YCA\YCA2021.WTH,wet_year;nitrogen_stress_year;low_response_year,wet,YCA2021_normal_grid_S0010,top_profit_low_water,2021-08-14,226,63,58,"{""sim_day"": 63.0, ""doy"": 226.0, ""topwt"": 9030.780029296877, ""grnwt"": 0.0, ""xlai"": 3.769749402999878, ""totir"": 0.0, ""tofer"": NaN, ""swfac"": 0.0, ""nstres"": 0.1407893896102905}",0.0,0.1407893896102905,9030.780029296877,0.0,3.769749402999878,0.0,,0.0,0.0,0.0,150.0,38.2230712890625,38.2230712890625,Leave_One_experiments/all_year_offline_schedule_search/daily_outputs/YCA/YCA_2021_YCA2021_normal_grid_S0010_daily.csv
YCA,YCA,Yucheng,2021,Leave_One_experiments\wth_generated_qc\YCA\YCA2021.WTH,wet_year;nitrogen_stress_year;low_response_year,wet,YCA2021_normal_grid_S0010,top_profit_low_water,2021-08-15,227,64,59,"{""sim_day"": 64.0, ""doy"": 227.0, ""topwt"": 9346.116943359377, ""grnwt"": 0.0, ""xlai"": 3.7041170597076416, ""totir"": 0.0, ""tofer"": NaN, ""swfac"": 0.0, ""nstres"": 0.1392824649810791}",0.0,0.1392824649810791,9346.116943359377,0.0,3.7041170597076416,0.0,,0.0,0.0,0.0,150.0,38.2230712890625,38.2230712890625,Leave_One_experiments/all_year_offline_schedule_search/daily_outputs/YCA/YCA_2021_YCA2021_normal_grid_S0010_daily.csv
YCA,YCA,Yucheng,2021,Leave_One_experiments\wth_generated_qc\YCA\YCA2021.WTH,wet_year;nitrogen_stress_year;low_response_year,wet,YCA2021_normal_grid_S0010,top_profit_low_water,2021-08-16,228,65,60,"{""sim_day"": 65.0, ""doy"": 228.0, ""topwt"": 9585.345458984377, ""grnwt"": 0.0, ""xlai"": 3.641340970993042, ""totir"": 0.0, ""tofer"": NaN, ""swfac"": 0.0, ""nstres"": 0.13558030128479}",0.0,0.13558030128479,9585.345458984377,0.0,3.641340970993042,0.0,,0.0,50.0,0.0,150.0,38.2230712890625,38.2230712890625,Leave_One_experiments/all_year_offline_schedule_search/daily_outputs/YCA/YCA_2021_YCA2021_normal_grid_S0010_daily.csv
YCA,YCA,Yucheng,2021,Leave_One_experiments\wth_generated_qc\YCA\YCA2021.WTH,wet_year;nitrogen_stress_year;low_response_year,wet,YCA2021_normal_grid_S0010,top_profit_low_water,2021-08-17,229,66,61,"{""sim_day"": 66.0, ""doy"": 229.0, ""topwt"": 9910.376586914062, ""grnwt"": 0.0, ""xlai"": 3.6008636951446533, ""totir"": 0.0, ""tofer"": NaN, ""swfac"": 0.0, ""nstres"": 0.0889288187026977}",0.0,0.0889288187026977,9910.376586914062,0.0,3.6008636951446533,0.0,,0.0,0.0,0.0,150.0,38.2230712890625,38.2230712890625,Leave_One_experiments/all_year_offline_schedule_search/daily_outputs/YCA/YCA_2021_YCA2021_normal_grid_S0010_daily.csv
YCA,YCA,Yucheng,2021,Leave_One_experiments\wth_generated_qc\YCA\YCA2021.WTH,wet_year;nitrogen_stress_year;low_response_year,wet,YCA2021_normal_grid_S0010,top_profit_low_water,2021-08-18,230,67,62,"{""sim_day"": 67.0, ""doy"": 230.0, ""topwt"": 9985.010375976562, ""grnwt"": 0.0, ""xlai"": 3.5821292400360107, ""totir"": 0.0, ""tofer"": NaN, ""swfac"": 0.0, ""nstres"": 0.0416218042373657}",0.0,0.0416218042373657,9985.010375976562,0.0,3.5821292400360107,0.0,,0.0,0.0,0.0,150.0,38.2230712890625,38.2230712890625,Leave_One_experiments/all_year_offline_schedule_search/daily_outputs/YCA/YCA_2021_YCA2021_normal_grid_S0010_daily.csv
YCA,YCA,Yucheng,2021,Leave_One_experiments\wth_generated_qc\YCA\YCA2021.WTH,wet_year;nitrogen_stress_year;low_response_year,wet,YCA2021_normal_grid_S0010,top_profit_low_water,2021-08-19,231,68,63,"{""sim_day"": 68.0, ""doy"": 231.0, ""topwt"": 10039.812622070312, ""grnwt"": 0.0, ""xlai"": 3.5788228511810303, ""totir"": 0.0, ""tofer"": NaN, ""swfac"": 0.0, ""nstres"": 0.0073833465576171}",0.0,0.0073833465576171,10039.812622070312,0.0,3.5788228511810303,0.0,,0.0,0.0,0.0,150.0,38.2230712890625,38.2230712890625,Leave_One_experiments/all_year_offline_schedule_search/daily_outputs/YCA/YCA_2021_YCA2021_normal_grid_S0010_daily.csv
YCA,YCA,Yucheng,2021,Leave_One_experiments\wth_generated_qc\YCA\YCA2021.WTH,wet_year;nitrogen_stress_year;low_response_year,wet,YCA2021_normal_grid_S0010,top_profit_low_water,2021-08-20,232,69,64,"{""sim_day"": 69.0, ""doy"": 232.0, ""topwt"": 10343.49365234375, ""grnwt"": 0.0, ""xlai"": 3.5788228511810303, ""totir"": 0.0, ""tofer"": NaN, ""swfac"": 0.0, ""nstres"": 0.0}",0.0,0.0,10343.49365234375,0.0,3.5788228511810303,0.0,,0.0,0.0,0.0,150.0,38.2230712890625,38.2230712890625,Leave_One_experiments/all_year_offline_schedule_search/daily_outputs/YCA/YCA_2021_YCA2021_normal_grid_S0010_daily.csv
YCA,YCA,Yucheng,2021,Leave_One_experiments\wth_generated_qc\YCA\YCA2021.WTH,wet_year;nitrogen_stress_year;low_response_year,wet,YCA2021_normal_grid_S0010,top_profit_low_water,2021-08-21,233,70,65,"{""sim_day"": 70.0, ""doy"": 233.0, ""topwt"": 10479.364013671877, ""grnwt"": 236.68079376220703, ""xlai"": 3.5788228511810303, ""totir"": 0.0, ""tofer"": NaN, ""swfac"": 0.0, ""nstres"": 0.0}",0.0,0.0,10479.364013671877,236.68079376220703,3.5788228511810303,0.0,,0.0,0.0,0.0,150.0,38.2230712890625,38.2230712890625,Leave_One_experiments/all_year_offline_schedule_search/daily_outputs/YCA/YCA_2021_YCA2021_normal_grid_S0010_daily.csv
YCA,YCA,Yucheng,2021,Leave_One_experiments\wth_generated_qc\YCA\YCA2021.WTH,wet_year;nitrogen_stress_year;low_response_year,wet,YCA2021_normal_grid_S0010,top_profit_low_water,2021-08-22,234,71,66,"{""sim_day"": 71.0, ""doy"": 234.0, ""topwt"": 10797.569580078123, ""grnwt"": 473.36158752441406, ""xlai"": 3.5788228511810303, ""totir"": 0.0, ""tofer"": NaN, ""swfac"": 0.0, ""nstres"": 0.0}",0.0,0.0,10797.569580078123,473.36158752441406,3.5788228511810303,0.0,,0.0,0.0,0.0,150.0,38.2230712890625,38.2230712890625,Leave_One_experiments/all_year_offline_schedule_search/daily_outputs/YCA/YCA_2021_YCA2021_normal_grid_S0010_daily.csv
YCA,YCA,Yucheng,2021,Leave_One_experiments\wth_generated_qc\YCA\YCA2021.WTH,wet_year;nitrogen_stress_year;low_response_year,wet,YCA2021_normal_grid_S0010,top_profit_low_water,2021-08-23,235,72,67,"{""sim_day"": 72.0, ""doy"": 235.0, ""topwt"": 11053.536376953123, ""grnwt"": 710.0423431396484, ""xlai"": 3.5788228511810303, ""totir"": 0.0, ""tofer"": NaN, ""swfac"": 0.0, ""nstres"": 0.0}",0.0,0.0,11053.536376953123,710.0423431396484,3.5788228511810303,0.0,,0.0,0.0,0.0,150.0,38.2230712890625,38.2230712890625,Leave_One_experiments/all_year_offline_schedule_search/daily_outputs/YCA/YCA_2021_YCA2021_normal_grid_S0010_daily.csv
YCA,YCA,Yucheng,2021,Leave_One_experiments\wth_generated_qc\YCA\YCA2021.WTH,wet_year;nitrogen_stress_year;low_response_year,wet,YCA2021_normal_grid_S0010,top_profit_low_water,2021-08-24,236,73,68,"{""sim_day"": 73.0, ""doy"": 236.0, ""topwt"": 11290.21728515625, ""grnwt"": 946.723175048828, ""xlai"": 3.5788228511810303, ""totir"": 0.0, ""tofer"": NaN, ""swfac"": 0.0, ""nstres"": 0.0}",0.0,0.0,11290.21728515625,946.723175048828,3.5788228511810303,0.0,,0.0,0.0,0.0,150.0,38.2230712890625,38.2230712890625,Leave_One_experiments/all_year_offline_schedule_search/daily_outputs/YCA/YCA_2021_YCA2021_normal_grid_S0010_daily.csv
YCA,YCA,Yucheng,2021,Leave_One_experiments\wth_generated_qc\YCA\YCA2021.WTH,wet_year;nitrogen_stress_year;low_response_year,wet,YCA2021_normal_grid_S0010,top_profit_low_water,2021-08-25,237,74,69,"{""sim_day"": 74.0, ""doy"": 237.0, ""topwt"": 11526.89697265625, ""grnwt"": 1183.4039306640625, ""xlai"": 3.5788228511810303, ""totir"": 0.0, ""tofer"": NaN, ""swfac"": 0.0, ""nstres"": 0.0}",0.0,0.0,11526.89697265625,1183.4039306640625,3.5788228511810303,0.0,,0.0,0.0,0.0,150.0,38.2230712890625,38.2230712890625,Leave_One_experiments/all_year_offline_schedule_search/daily_outputs/YCA/YCA_2021_YCA2021_normal_grid_S0010_daily.csv
YCA,YCA,Yucheng,2021,Leave_One_experiments\wth_generated_qc\YCA\YCA2021.WTH,wet_year;nitrogen_stress_year;low_response_year,wet,YCA2021_normal_grid_S0010,top_profit_low_water,2021-08-26,238,75,70,"{""sim_day"": 75.0, ""doy"": 238.0, ""topwt"": 11763.577880859377, ""grnwt"": 1420.0846862792969, ""xlai"": 3.5788228511810303, ""totir"": 0.0, ""tofer"": NaN, ""swfac"": 0.0, ""nstres"": 0.0}",0.0,0.0,11763.577880859377,1420.0846862792969,3.5788228511810303,0.0,,0.0,0.0,0.0,150.0,38.2230712890625,38.2230712890625,Leave_One_experiments/all_year_offline_schedule_search/daily_outputs/YCA/YCA_2021_YCA2021_normal_grid_S0010_daily.csv
YCA,YCA,Yucheng,2021,Leave_One_experiments\wth_generated_qc\YCA\YCA2021.WTH,wet_year;nitrogen_stress_year;low_response_year,wet,YCA2021_normal_grid_S0010,top_profit_low_water,2021-08-27,239,76,71,"{""sim_day"": 76.0, ""doy"": 239.0, ""topwt"": 12000.2587890625, ""grnwt"": 1656.765594482422, ""xlai"": 3.5788228511810303, ""totir"": 0.0, ""tofer"": NaN, ""swfac"": 0.0, ""nstres"": 0.0}",0.0,0.0,12000.2587890625,1656.765594482422,3.5788228511810303,0.0,,0.0,0.0,0.0,150.0,38.2230712890625,38.2230712890625,Leave_One_experiments/all_year_offline_schedule_search/daily_outputs/YCA/YCA_2021_YCA2021_normal_grid_S0010_daily.csv
YCA,YCA,Yucheng,2021,Leave_One_experiments\wth_generated_qc\YCA\YCA2021.WTH,wet_year;nitrogen_stress_year;low_response_year,wet,YCA2021_normal_grid_S0010,top_profit_low_water,2021-08-28,240,77,72,"{""sim_day"": 77.0, ""doy"": 240.0, ""topwt"": 12092.8076171875, ""grnwt"": 1893.446350097656, ""xlai"": 3.5788228511810303, ""totir"": 0.0, ""tofer"": NaN, ""swfac"": 0.0, ""nstres"": 0.0}",0.0,0.0,12092.8076171875,1893.446350097656,3.5788228511810303,0.0,,0.0,0.0,0.0,150.0,38.2230712890625,38.2230712890625,Leave_One_experiments/all_year_offline_schedule_search/daily_outputs/YCA/YCA_2021_YCA2021_normal_grid_S0010_daily.csv
YCA,YCA,Yucheng,2021,Leave_One_experiments\wth_generated_qc\YCA\YCA2021.WTH,wet_year;nitrogen_stress_year;low_response_year,wet,YCA2021_normal_grid_S0010,top_profit_low_water,2021-08-29,241,78,73,"{""sim_day"": 78.0, ""doy"": 241.0, ""topwt"": 12214.893798828123, ""grnwt"": 2130.1271057128906, ""xlai"": 3.5788228511810303, ""totir"": 0.0, ""tofer"": NaN, ""swfac"": 0.0, ""nstres"": 0.0}",0.0,0.0,12214.893798828123,2130.1271057128906,3.5788228511810303,0.0,,0.0,0.0,0.0,150.0,38.2230712890625,38.2230712890625,Leave_One_experiments/all_year_offline_schedule_search/daily_outputs/YCA/YCA_2021_YCA2021_normal_grid_S0010_daily.csv
YCA,YCA,Yucheng,2021,Leave_One_experiments\wth_generated_qc\YCA\YCA2021.WTH,wet_year;nitrogen_stress_year;low_response_year,wet,YCA2021_normal_grid_S0010,top_profit_low_water,2021-08-30,242,79,74,"{""sim_day"": 79.0, ""doy"": 242.0, ""topwt"": 12297.59765625, ""grnwt"": 2366.807861328125, ""xlai"": 3.5788228511810303, ""totir"": 0.0, ""tofer"": NaN, ""swfac"": 0.0, ""nstres"": 0.0}",0.0,0.0,12297.59765625,2366.807861328125,3.5788228511810303,0.0,,0.0,0.0,0.0,150.0,38.2230712890625,38.2230712890625,Leave_One_experiments/all_year_offline_schedule_search/daily_outputs/YCA/YCA_2021_YCA2021_normal_grid_S0010_daily.csv
YCA,YCA,Yucheng,2021,Leave_One_experiments\wth_generated_qc\YCA\YCA2021.WTH,wet_year;nitrogen_stress_year;low_response_year,wet,YCA2021_normal_grid_S0010,top_profit_low_water,2021-08-31,243,80,75,"{""sim_day"": 80.0, ""doy"": 243.0, ""topwt"": 12582.327880859377, ""grnwt"": 2603.4884643554688, ""xlai"": 3.5788228511810303, ""totir"": 0.0, ""tofer"": NaN, ""swfac"": 0.0, ""nstres"": 0.0}",0.0,0.0,12582.327880859377,2603.4884643554688,3.5788228511810303,0.0,,0.0,0.0,0.0,150.0,38.2230712890625,38.2230712890625,Leave_One_experiments/all_year_offline_schedule_search/daily_outputs/YCA/YCA_2021_YCA2021_normal_grid_S0010_daily.csv
YCA,YCA,Yucheng,2021,Leave_One_experiments\wth_generated_qc\YCA\YCA2021.WTH,wet_year;nitrogen_stress_year;low_response_year,wet,YCA2021_normal_grid_S0010,top_profit_low_water,2021-09-01,244,81,76,"{""sim_day"": 81.0, ""doy"": 244.0, ""topwt"": 12897.581787109377, ""grnwt"": 2840.1690673828125, ""xlai"": 3.5788228511810303, ""totir"": 0.0, ""tofer"": NaN, ""swfac"": 0.0, ""nstres"": 0.0}",0.0,0.0,12897.581787109377,2840.1690673828125,3.5788228511810303,0.0,,0.0,0.0,0.0,150.0,38.2230712890625,38.2230712890625,Leave_One_experiments/all_year_offline_schedule_search/daily_outputs/YCA/YCA_2021_YCA2021_normal_grid_S0010_daily.csv
YCA,YCA,Yucheng,2021,Leave_One_experiments\wth_generated_qc\YCA\YCA2021.WTH,wet_year;nitrogen_stress_year;low_response_year,wet,YCA2021_normal_grid_S0010,top_profit_low_water,2021-09-02,245,82,77,"{""sim_day"": 82.0, ""doy"": 245.0, ""topwt"": 13174.43603515625, ""grnwt"": 3076.849975585937, ""xlai"": 3.5788228511810303, ""totir"": 0.0, ""tofer"": NaN, ""swfac"": 0.0, ""nstres"": 0.0}",0.0,0.0,13174.43603515625,3076.849975585937,3.5788228511810303,0.0,,0.0,0.0,0.0,150.0,38.2230712890625,38.2230712890625,Leave_One_experiments/all_year_offline_schedule_search/daily_outputs/YCA/YCA_2021_YCA2021_normal_grid_S0010_daily.csv
YCA,YCA,Yucheng,2021,Leave_One_experiments\wth_generated_qc\YCA\YCA2021.WTH,wet_year;nitrogen_stress_year;low_response_year,wet,YCA2021_normal_grid_S0010,top_profit_low_water,2021-09-03,246,83,78,"{""sim_day"": 83.0, ""doy"": 246.0, ""topwt"": 13290.615234375, ""grnwt"": 3313.530578613281, ""xlai"": 3.5788228511810303, ""totir"": 0.0, ""tofer"": NaN, ""swfac"": 0.0, ""nstres"": 0.0}",0.0,0.0,13290.615234375,3313.530578613281,3.5788228511810303,0.0,,0.0,0.0,0.0,150.0,38.2230712890625,38.2230712890625,Leave_One_experiments/all_year_offline_schedule_search/daily_outputs/YCA/YCA_2021_YCA2021_normal_grid_S0010_daily.csv
YCA,YCA,Yucheng,2021,Leave_One_experiments\wth_generated_qc\YCA\YCA2021.WTH,wet_year;nitrogen_stress_year;low_response_year,wet,YCA2021_normal_grid_S0010,top_profit_low_water,2021-09-04,247,84,79,"{""sim_day"": 84.0, ""doy"": 247.0, ""topwt"": 13400.682373046877, ""grnwt"": 3550.211181640625, ""xlai"": 3.578001022338867, ""totir"": 0.0, ""tofer"": NaN, ""swfac"": 0.0, ""nstres"": 0.0018369555473327}",0.0,0.0018369555473327,13400.682373046877,3550.211181640625,3.578001022338867,0.0,,0.0,0.0,0.0,150.0,38.2230712890625,38.2230712890625,Leave_One_experiments/all_year_offline_schedule_search/daily_outputs/YCA/YCA_2021_YCA2021_normal_grid_S0010_daily.csv
YCA,YCA,Yucheng,2021,Leave_One_experiments\wth_generated_qc\YCA\YCA2021.WTH,wet_year;nitrogen_stress_year;low_response_year,wet,YCA2021_normal_grid_S0010,top_profit_low_water,2021-09-05,248,85,80,"{""sim_day"": 85.0, ""doy"": 248.0, ""topwt"": 13530.1171875, ""grnwt"": 3786.89208984375, ""xlai"": 3.576202154159546, ""totir"": 0.0, ""tofer"": NaN, ""swfac"": 0.0, ""nstres"": 0.0040216445922851}",0.0,0.0040216445922851,13530.1171875,3786.89208984375,3.576202154159546,0.0,,0.0,0.0,0.0,150.0,38.2230712890625,38.2230712890625,Leave_One_experiments/all_year_offline_schedule_search/daily_outputs/YCA/YCA_2021_YCA2021_normal_grid_S0010_daily.csv
YCA,YCA,Yucheng,2021,Leave_One_experiments\wth_generated_qc\YCA\YCA2021.WTH,wet_year;nitrogen_stress_year;low_response_year,wet,YCA2021_normal_grid_S0010,top_profit_low_water,2021-09-06,249,86,81,"{""sim_day"": 86.0, ""doy"": 249.0, ""topwt"": 13876.24755859375, ""grnwt"": 4023.5726928710938, ""xlai"": 3.5731351375579834, ""totir"": 0.0, ""tofer"": NaN, ""swfac"": 0.0, ""nstres"": 0.0068616271018981}",0.0,0.0068616271018981,13876.24755859375,4023.5726928710938,3.5731351375579834,0.0,,0.0,0.0,0.0,150.0,38.2230712890625,38.2230712890625,Leave_One_experiments/all_year_offline_schedule_search/daily_outputs/YCA/YCA_2021_YCA2021_normal_grid_S0010_daily.csv
YCA,YCA,Yucheng,2021,Leave_One_experiments\wth_generated_qc\YCA\YCA2021.WTH,wet_year;nitrogen_stress_year;low_response_year,wet,YCA2021_normal_grid_S0010,top_profit_low_water,2021-09-07,250,87,82,"{""sim_day"": 87.0, ""doy"": 250.0, ""topwt"": 14220.299072265623, ""grnwt"": 4260.2532958984375, ""xlai"": 3.5680010318756104, ""totir"": 0.0, ""tofer"": NaN, ""swfac"": 0.0, ""nstres"": 0.0114945173263549}",0.0,0.0114945173263549,14220.299072265623,4260.2532958984375,3.5680010318756104,0.0,,0.0,0.0,0.0,150.0,38.2230712890625,38.2230712890625,Leave_One_experiments/all_year_offline_schedule_search/daily_outputs/YCA/YCA_2021_YCA2021_normal_grid_S0010_daily.csv
YCA,YCA,Yucheng,2021,Leave_One_experiments\wth_generated_qc\YCA\YCA2021.WTH,wet_year;nitrogen_stress_year;low_response_year,wet,YCA2021_normal_grid_S0010,top_profit_low_water,2021-09-08,251,88,83,"{""sim_day"": 88.0, ""doy"": 251.0, ""topwt"": 14553.5009765625, ""grnwt"": 4496.9342041015625, ""xlai"": 3.552968740463257, ""totir"": 0.0, ""tofer"": NaN, ""swfac"": 0.0, ""nstres"": 0.0337051153182983}",0.0,0.0337051153182983,14553.5009765625,4496.9342041015625,3.552968740463257,0.0,,0.0,0.0,0.0,150.0,38.2230712890625,38.2230712890625,Leave_One_experiments/all_year_offline_schedule_search/daily_outputs/YCA/YCA_2021_YCA2021_normal_grid_S0010_daily.csv
YCA,YCA,Yucheng,2021,Leave_One_experiments\wth_generated_qc\YCA\YCA2021.WTH,wet_year;nitrogen_stress_year;low_response_year,wet,YCA2021_normal_grid_S0010,top_profit_low_water,2021-09-09,252,89,84,"{""sim_day"": 89.0, ""doy"": 252.0, ""topwt"": 14865.21728515625, ""grnwt"": 4733.615112304688, ""xlai"": 3.5289103984832764, ""totir"": 0.0, ""tofer"": NaN, ""swfac"": 0.0, ""nstres"": 0.0541692972183227}",0.0,0.0541692972183227,14865.21728515625,4733.615112304688,3.5289103984832764,0.0,,0.0,0.0,0.0,150.0,38.2230712890625,38.2230712890625,Leave_One_experiments/all_year_offline_schedule_search/daily_outputs/YCA/YCA_2021_YCA2021_normal_grid_S0010_daily.csv
YCA,YCA,Yucheng,2021,Leave_One_experiments\wth_generated_qc\YCA\YCA2021.WTH,wet_year;nitrogen_stress_year;low_response_year,wet,YCA2021_normal_grid_S0010,top_profit_low_water,2021-09-10,253,90,85,"{""sim_day"": 90.0, ""doy"": 253.0, ""topwt"": 15174.9267578125, ""grnwt"": 4968.816833496094, ""xlai"": 3.4213976860046387, ""totir"": 0.0, ""tofer"": NaN, ""swfac"": 0.0, ""nstres"": 0.0722671151161193}",0.0,0.0722671151161193,15174.9267578125,4968.816833496094,3.4213976860046387,0.0,,0.0,0.0,0.0,150.0,38.2230712890625,38.2230712890625,Leave_One_experiments/all_year_offline_schedule_search/daily_outputs/YCA/YCA_2021_YCA2021_normal_grid_S0010_daily.csv
YCA,YCA,Yucheng,2021,Leave_One_experiments\wth_generated_qc\YCA\YCA2021.WTH,wet_year;nitrogen_stress_year;low_response_year,wet,YCA2021_normal_grid_S0010,top_profit_low_water,2021-09-11,254,91,86,"{""sim_day"": 91.0, ""doy"": 254.0, ""topwt"": 15469.073486328123, ""grnwt"": 5205.4974365234375, ""xlai"": 3.294041395187378, ""totir"": 0.0, ""tofer"": NaN, ""swfac"": 0.0, ""nstres"": 0.0885548591613769}",0.0,0.0885548591613769,15469.073486328123,5205.4974365234375,3.294041395187378,0.0,,0.0,0.0,0.0,150.0,38.2230712890625,38.2230712890625,Leave_One_experiments/all_year_offline_schedule_search/daily_outputs/YCA/YCA_2021_YCA2021_normal_grid_S0010_daily.csv
YCA,YCA,Yucheng,2021,Leave_One_experiments\wth_generated_qc\YCA\YCA2021.WTH,wet_year;nitrogen_stress_year;low_response_year,wet,YCA2021_normal_grid_S0010,top_profit_low_water,2021-09-12,255,92,87,"{""sim_day"": 92.0, ""doy"": 255.0, ""topwt"": 15742.88330078125, ""grnwt"": 5442.1783447265625, ""xlai"": 3.1620423793792725, ""totir"": 0.0, ""tofer"": NaN, ""swfac"": 0.0, ""nstres"": 0.1048732995986938}",0.0,0.1048732995986938,15742.88330078125,5442.1783447265625,3.1620423793792725,0.0,,0.0,0.0,0.0,150.0,38.2230712890625,38.2230712890625,Leave_One_experiments/all_year_offline_schedule_search/daily_outputs/YCA/YCA_2021_YCA2021_normal_grid_S0010_daily.csv
YCA,YCA,Yucheng,2021,Leave_One_experiments\wth_generated_qc\YCA\YCA2021.WTH,wet_year;nitrogen_stress_year;low_response_year,wet,YCA2021_normal_grid_S0010,top_profit_low_water,2021-09-13,256,93,88,"{""sim_day"": 93.0, ""doy"": 256.0, ""topwt"": 16021.63330078125, ""grnwt"": 5678.859252929688, ""xlai"": 3.0285418033599854, ""totir"": 0.0, ""tofer"": NaN, ""swfac"": 0.0, ""nstres"": 0.1200425624847412}",0.0,0.1200425624847412,16021.63330078125,5678.859252929688,3.0285418033599854,0.0,,0.0,0.0,0.0,150.0,38.2230712890625,38.2230712890625,Leave_One_experiments/all_year_offline_schedule_search/daily_outputs/YCA/YCA_2021_YCA2021_normal_grid_S0010_daily.csv
YCA,YCA,Yucheng,2021,Leave_One_experiments\wth_generated_qc\YCA\YCA2021.WTH,wet_year;nitrogen_stress_year;low_response_year,wet,YCA2021_normal_grid_S0010,top_profit_low_water,2021-09-14,257,94,89,"{""sim_day"": 94.0, ""doy"": 257.0, ""topwt"": 16259.03564453125, ""grnwt"": 5915.5401611328125, ""xlai"": 2.909127950668335, ""totir"": 0.0, ""tofer"": NaN, ""swfac"": 0.0, ""nstres"": 0.1351279020309448}",0.0,0.1351279020309448,16259.03564453125,5915.5401611328125,2.909127950668335,0.0,,0.0,0.0,0.0,150.0,38.2230712890625,38.2230712890625,Leave_One_experiments/all_year_offline_schedule_search/daily_outputs/YCA/YCA_2021_YCA2021_normal_grid_S0010_daily.csv
YCA,YCA,Yucheng,2021,Leave_One_experiments\wth_generated_qc\YCA\YCA2021.WTH,wet_year;nitrogen_stress_year;low_response_year,wet,YCA2021_normal_grid_S0010,top_profit_low_water,2021-09-15,258,95,90,"{""sim_day"": 95.0, ""doy"": 258.0, ""topwt"": 16477.25341796875, ""grnwt"": 6152.2216796875, ""xlai"": 2.790834188461304, ""totir"": 0.0, ""tofer"": NaN, ""swfac"": 0.0, ""nstres"": 0.1511003375053405}",0.0,0.1511003375053405,16477.25341796875,6152.2216796875,2.790834188461304,0.0,,0.0,0.0,0.0,150.0,38.2230712890625,38.2230712890625,Leave_One_experiments/all_year_offline_schedule_search/daily_outputs/YCA/YCA_2021_YCA2021_normal_grid_S0010_daily.csv
YCA,YCA,Yucheng,2021,Leave_One_experiments\wth_generated_qc\YCA\YCA2021.WTH,wet_year;nitrogen_stress_year;low_response_year,wet,YCA2021_normal_grid_S0010,top_profit_low_water,2021-09-16,259,96,91,"{""sim_day"": 96.0, ""doy"": 259.0, ""topwt"": 16672.5732421875, ""grnwt"": 6388.902587890625, ""xlai"": 2.650905132293701, ""totir"": 0.0, ""tofer"": NaN, ""swfac"": 0.0, ""nstres"": 0.1633773446083068}",0.0,0.1633773446083068,16672.5732421875,6388.902587890625,2.650905132293701,0.0,,0.0,0.0,0.0,150.0,38.2230712890625,38.2230712890625,Leave_One_experiments/all_year_offline_schedule_search/daily_outputs/YCA/YCA_2021_YCA2021_normal_grid_S0010_daily.csv
YCA,YCA,Yucheng,2021,Leave_One_experiments\wth_generated_qc\YCA\YCA2021.WTH,wet_year;nitrogen_stress_year;low_response_year,wet,YCA2021_normal_grid_S0010,top_profit_low_water,2021-09-17,260,97,92,"{""sim_day"": 97.0, ""doy"": 260.0, ""topwt"": 16729.08447265625, ""grnwt"": 6625.58349609375, ""xlai"": 2.539555549621582, ""totir"": 0.0, ""tofer"": NaN, ""swfac"": 0.0, ""nstres"": 0.1768380403518676}",0.0,0.1768380403518676,16729.08447265625,6625.58349609375,2.539555549621582,0.0,,0.0,0.0,0.0,150.0,38.2230712890625,38.2230712890625,Leave_One_experiments/all_year_offline_schedule_search/daily_outputs/YCA/YCA_2021_YCA2021_normal_grid_S0010_daily.csv
YCA,YCA,Yucheng,2021,Leave_One_experiments\wth_generated_qc\YCA\YCA2021.WTH,wet_year;nitrogen_stress_year;low_response_year,wet,YCA2021_normal_grid_S0010,top_profit_low_water,2021-09-18,261,98,93,"{""sim_day"": 98.0, ""doy"": 261.0, ""topwt"": 16760.771484375, ""grnwt"": 6862.264404296875, ""xlai"": 2.447378158569336, ""totir"": 0.0, ""tofer"": NaN, ""swfac"": 0.0, ""nstres"": 0.1904475092887878}",0.0,0.1904475092887878,16760.771484375,6862.264404296875,2.447378158569336,0.0,,0.0,0.0,0.0,150.0,38.2230712890625,38.2230712890625,Leave_One_experiments/all_year_offline_schedule_search/daily_outputs/YCA/YCA_2021_YCA2021_normal_grid_S0010_daily.csv
YCA,YCA,Yucheng,2021,Leave_One_experiments\wth_generated_qc\YCA\YCA2021.WTH,wet_year;nitrogen_stress_year;low_response_year,wet,YCA2021_normal_grid_S0010,top_profit_low_water,2021-09-19,262,99,94,"{""sim_day"": 99.0, ""doy"": 262.0, ""topwt"": 16852.75634765625, ""grnwt"": 7098.9453125, ""xlai"": 2.322758674621582, ""totir"": 0.0, ""tofer"": NaN, ""swfac"": 0.0, ""nstres"": 0.193537950515747}",0.0,0.193537950515747,16852.75634765625,7098.9453125,2.322758674621582,0.0,,0.0,0.0,0.0,150.0,38.2230712890625,38.2230712890625,Leave_One_experiments/all_year_offline_schedule_search/daily_outputs/YCA/YCA_2021_YCA2021_normal_grid_S0010_daily.csv
YCA,YCA,Yucheng,2021,Leave_One_experiments\wth_generated_qc\YCA\YCA2021.WTH,wet_year;nitrogen_stress_year;low_response_year,wet,YCA2021_normal_grid_S0010,top_profit_low_water,2021-09-20,263,100,95,"{""sim_day"": 100.0, ""doy"": 263.0, ""topwt"": 17121.43310546875, ""grnwt"": 7335.626220703125, ""xlai"": 2.1528091430664062, ""totir"": 0.0, ""tofer"": NaN, ""swfac"": 0.0, ""nstres"": 0.194025456905365}",0.0,0.194025456905365,17121.43310546875,7335.626220703125,2.1528091430664062,0.0,,0.0,0.0,0.0,150.0,38.2230712890625,38.2230712890625,Leave_One_experiments/all_year_offline_schedule_search/daily_outputs/YCA/YCA_2021_YCA2021_normal_grid_S0010_daily.csv
YCA,YCA,Yucheng,2021,Leave_One_experiments\wth_generated_qc\YCA\YCA2021.WTH,wet_year;nitrogen_stress_year;low_response_year,wet,YCA2021_normal_grid_S0010,top_profit_low_water,2021-09-21,264,101,96,"{""sim_day"": 101.0, ""doy"": 264.0, ""topwt"": 17378.42529296875, ""grnwt"": 7572.30712890625, ""xlai"": 1.9879246950149536, ""totir"": 0.0, ""tofer"": NaN, ""swfac"": 0.0, ""nstres"": 0.2033277153968811}",0.0,0.2033277153968811,17378.42529296875,7572.30712890625,1.9879246950149536,0.0,,0.0,0.0,0.0,150.0,38.2230712890625,38.2230712890625,Leave_One_experiments/all_year_offline_schedule_search/daily_outputs/YCA/YCA_2021_YCA2021_normal_grid_S0010_daily.csv
YCA,YCA,Yucheng,2021,Leave_One_experiments\wth_generated_qc\YCA\YCA2021.WTH,wet_year;nitrogen_stress_year;low_response_year,wet,YCA2021_normal_grid_S0010,top_profit_low_water,2021-09-22,265,102,97,"{""sim_day"": 102.0, ""doy"": 265.0, ""topwt"": 17378.42529296875, ""grnwt"": 7572.30712890625, ""xlai"": 1.9879246950149536, ""totir"": 0.0, ""tofer"": NaN, ""swfac"": 0.0, ""nstres"": 0.266912043094635}",0.0,0.266912043094635,17378.42529296875,7572.30712890625,1.9879246950149536,0.0,,0.0,0.0,0.0,150.0,38.2230712890625,38.2230712890625,Leave_One_experiments/all_year_offline_schedule_search/daily_outputs/YCA/YCA_2021_YCA2021_normal_grid_S0010_daily.csv
YCA,YCA,Yucheng,2021,Leave_One_experiments\wth_generated_qc\YCA\YCA2021.WTH,wet_year;nitrogen_stress_year;low_response_year,wet,YCA2021_normal_grid_S0010,top_profit_low_water,2021-09-23,266,103,98,"{""sim_day"": 103.0, ""doy"": 266.0, ""topwt"": 17378.42529296875, ""grnwt"": 7572.30712890625, ""xlai"": 1.9879246950149536, ""totir"": 0.0, ""tofer"": NaN, ""swfac"": 0.0, ""nstres"": 0.266912043094635}",0.0,0.266912043094635,17378.42529296875,7572.30712890625,1.9879246950149536,0.0,,0.0,0.0,0.0,150.0,38.2230712890625,38.2230712890625,Leave_One_experiments/all_year_offline_schedule_search/daily_outputs/YCA/YCA_2021_YCA2021_normal_grid_S0010_daily.csv
YCA,YCA,Yucheng,2021,Leave_One_experiments\wth_generated_qc\YCA\YCA2021.WTH,wet_year;nitrogen_stress_year;low_response_year,wet,YCA2021_normal_grid_S0010,top_profit_low_water,2021-09-24,267,104,99,"{""sim_day"": 104.0, ""doy"": 267.0, ""topwt"": 17378.42529296875, ""grnwt"": 7572.30712890625, ""xlai"": 1.9879246950149536, ""totir"": 0.0, ""tofer"": NaN, ""swfac"": 0.0, ""nstres"": 0.266912043094635}",0.0,0.266912043094635,17378.42529296875,7572.30712890625,1.9879246950149536,0.0,,0.0,0.0,0.0,150.0,38.2230712890625,38.2230712890625,Leave_One_experiments/all_year_offline_schedule_search/daily_outputs/YCA/YCA_2021_YCA2021_normal_grid_S0010_daily.csv
YCA,YCA,Yucheng,2022,Leave_One_experiments\wth_generated_qc\YCA\YCA2022.WTH,wet_year;nitrogen_stress_year;low_response_year,wet,YCA2022_normal_grid_S0013,irrigation_positive_candidate,2022-06-18,169,1,1,"{""sim_day"": 1.0, ""doy"": 169.0, ""topwt"": 0.0, ""grnwt"": 0.0, ""xlai"": 0.0, ""totir"": 0.0, ""tofer"": NaN, ""swfac"": 0.0, ""nstres"": 0.0}",0.0,0.0,0.0,0.0,0.0,0.0,,0.0,50.0,30.0,150.0,21.49265747070312,33.49265747070312,Leave_One_experiments/all_year_offline_schedule_search/daily_outputs/YCA/YCA_2022_YCA2022_normal_grid_S0013_daily.csv
YCA,YCA,Yucheng,2022,Leave_One_experiments\wth_generated_qc\YCA\YCA2022.WTH,wet_year;nitrogen_stress_year;low_response_year,wet,YCA2022_normal_grid_S0013,irrigation_positive_candidate,2022-06-19,170,2,2,"{""sim_day"": 2.0, ""doy"": 170.0, ""topwt"": 0.0, ""grnwt"": 0.0, ""xlai"": 0.0, ""totir"": 0.0, ""tofer"": NaN, ""swfac"": 0.0, ""nstres"": 0.0}",0.0,0.0,0.0,0.0,0.0,0.0,,0.0,0.0,30.0,150.0,21.49265747070312,33.49265747070312,Leave_One_experiments/all_year_offline_schedule_search/daily_outputs/YCA/YCA_2022_YCA2022_normal_grid_S0013_daily.csv
YCA,YCA,Yucheng,2022,Leave_One_experiments\wth_generated_qc\YCA\YCA2022.WTH,wet_year;nitrogen_stress_year;low_response_year,wet,YCA2022_normal_grid_S0013,irrigation_positive_candidate,2022-06-20,171,3,3,"{""sim_day"": 3.0, ""doy"": 171.0, ""topwt"": 0.0, ""grnwt"": 0.0, ""xlai"": 0.0, ""totir"": 0.0, ""tofer"": NaN, ""swfac"": 0.0, ""nstres"": 0.0}",0.0,0.0,0.0,0.0,0.0,0.0,,0.0,0.0,30.0,150.0,21.49265747070312,33.49265747070312,Leave_One_experiments/all_year_offline_schedule_search/daily_outputs/YCA/YCA_2022_YCA2022_normal_grid_S0013_daily.csv
YCA,YCA,Yucheng,2022,Leave_One_experiments\wth_generated_qc\YCA\YCA2022.WTH,wet_year;nitrogen_stress_year;low_response_year,wet,YCA2022_normal_grid_S0013,irrigation_positive_candidate,2022-06-21,172,4,4,"{""sim_day"": 4.0, ""doy"": 172.0, ""topwt"": 0.0, ""grnwt"": 0.0, ""xlai"": 0.0, ""totir"": 0.0, ""tofer"": NaN, ""swfac"": 0.0, ""nstres"": 0.0}",0.0,0.0,0.0,0.0,0.0,0.0,,0.0,0.0,30.0,150.0,21.49265747070312,33.49265747070312,Leave_One_experiments/all_year_offline_schedule_search/daily_outputs/YCA/YCA_2022_YCA2022_normal_grid_S0013_daily.csv
YCA,YCA,Yucheng,2022,Leave_One_experiments\wth_generated_qc\YCA\YCA2022.WTH,wet_year;nitrogen_stress_year;low_response_year,wet,YCA2022_normal_grid_S0013,irrigation_positive_candidate,2022-06-22,173,5,5,"{""sim_day"": 5.0, ""doy"": 173.0, ""topwt"": 0.0, ""grnwt"": 0.0, ""xlai"": 0.0, ""totir"": 0.0, ""tofer"": NaN, ""swfac"": 0.0, ""nstres"": 0.0}",0.0,0.0,0.0,0.0,0.0,0.0,,0.0,0.0,30.0,150.0,21.49265747070312,33.49265747070312,Leave_One_experiments/all_year_offline_schedule_search/daily_outputs/YCA/YCA_2022_YCA2022_normal_grid_S0013_daily.csv
YCA,YCA,Yucheng,2022,Leave_One_experiments\wth_generated_qc\YCA\YCA2022.WTH,wet_year;nitrogen_stress_year;low_response_year,wet,YCA2022_normal_grid_S0013,irrigation_positive_candidate,2022-06-18,169,6,1,"{""sim_day"": 6.0, ""doy"": 169.0, ""topwt"": 0.0, ""grnwt"": 0.0, ""xlai"": 0.0, ""totir"": 0.0, ""tofer"": NaN, ""swfac"": 0.0, ""nstres"": 0.0}",0.0,0.0,0.0,0.0,0.0,0.0,,0.0,0.0,30.0,150.0,21.49265747070312,33.49265747070312,Leave_One_experiments/all_year_offline_schedule_search/daily_outputs/YCA/YCA_2022_YCA2022_normal_grid_S0013_daily.csv
YCA,YCA,Yucheng,2022,Leave_One_experiments\wth_generated_qc\YCA\YCA2022.WTH,wet_year;nitrogen_stress_year;low_response_year,wet,YCA2022_normal_grid_S0013,irrigation_positive_candidate,2022-06-19,170,7,2,"{""sim_day"": 7.0, ""doy"": 170.0, ""topwt"": 0.0, ""grnwt"": 0.0, ""xlai"": 0.0, ""totir"": 0.0, ""tofer"": NaN, ""swfac"": 0.0, ""nstres"": 0.0}",0.0,0.0,0.0,0.0,0.0,0.0,,0.0,0.0,30.0,150.0,21.49265747070312,33.49265747070312,Leave_One_experiments/all_year_offline_schedule_search/daily_outputs/YCA/YCA_2022_YCA2022_normal_grid_S0013_daily.csv
YCA,YCA,Yucheng,2022,Leave_One_experiments\wth_generated_qc\YCA\YCA2022.WTH,wet_year;nitrogen_stress_year;low_response_year,wet,YCA2022_normal_grid_S0013,irrigation_positive_candidate,2022-06-20,171,8,3,"{""sim_day"": 8.0, ""doy"": 171.0, ""topwt"": 0.0, ""grnwt"": 0.0, ""xlai"": 0.0, ""totir"": 0.0, ""tofer"": NaN, ""swfac"": 0.0, ""nstres"": 0.0}",0.0,0.0,0.0,0.0,0.0,0.0,,0.0,0.0,30.0,150.0,21.49265747070312,33.49265747070312,Leave_One_experiments/all_year_offline_schedule_search/daily_outputs/YCA/YCA_2022_YCA2022_normal_grid_S0013_daily.csv
YCA,YCA,Yucheng,2022,Leave_One_experiments\wth_generated_qc\YCA\YCA2022.WTH,wet_year;nitrogen_stress_year;low_response_year,wet,YCA2022_normal_grid_S0013,irrigation_positive_candidate,2022-06-21,172,9,4,"{""sim_day"": 9.0, ""doy"": 172.0, ""topwt"": 0.0, ""grnwt"": 0.0, ""xlai"": 0.0, ""totir"": 0.0, ""tofer"": NaN, ""swfac"": 0.0, ""nstres"": 0.0}",0.0,0.0,0.0,0.0,0.0,0.0,,0.0,0.0,30.0,150.0,21.49265747070312,33.49265747070312,Leave_One_experiments/all_year_offline_schedule_search/daily_outputs/YCA/YCA_2022_YCA2022_normal_grid_S0013_daily.csv
YCA,YCA,Yucheng,2022,Leave_One_experiments\wth_generated_qc\YCA\YCA2022.WTH,wet_year;nitrogen_stress_year;low_response_year,wet,YCA2022_normal_grid_S0013,irrigation_positive_candidate,2022-06-22,173,10,5,"{""sim_day"": 10.0, ""doy"": 173.0, ""topwt"": 26.400001049041748, ""grnwt"": 0.0, ""xlai"": 0.0057302368804812, ""totir"": 0.0, ""tofer"": NaN, ""swfac"": 0.0, ""nstres"": 0.0121910572052001}",0.0,0.0121910572052001,26.400001049041748,0.0,0.0057302368804812,0.0,,0.0,0.0,30.0,150.0,21.49265747070312,33.49265747070312,Leave_One_experiments/all_year_offline_schedule_search/daily_outputs/YCA/YCA_2022_YCA2022_normal_grid_S0013_daily.csv
YCA,YCA,Yucheng,2022,Leave_One_experiments\wth_generated_qc\YCA\YCA2022.WTH,wet_year;nitrogen_stress_year;low_response_year,wet,YCA2022_normal_grid_S0013,irrigation_positive_candidate,2022-06-23,174,11,6,"{""sim_day"": 11.0, ""doy"": 174.0, ""topwt"": 26.400001049041748, ""grnwt"": 0.0, ""xlai"": 0.0120686031877994, ""totir"": 0.0, ""tofer"": NaN, ""swfac"": 0.0, ""nstres"": 0.0054185390472412}",0.0,0.0054185390472412,26.400001049041748,0.0,0.0120686031877994,0.0,,0.0,0.0,30.0,150.0,21.49265747070312,33.49265747070312,Leave_One_experiments/all_year_offline_schedule_search/daily_outputs/YCA/YCA_2022_YCA2022_normal_grid_S0013_daily.csv
YCA,YCA,Yucheng,2022,Leave_One_experiments\wth_generated_qc\YCA\YCA2022.WTH,wet_year;nitrogen_stress_year;low_response_year,wet,YCA2022_normal_grid_S0013,irrigation_positive_candidate,2022-06-24,175,12,7,"{""sim_day"": 12.0, ""doy"": 175.0, ""topwt"": 26.400001049041748, ""grnwt"": 0.0, ""xlai"": 0.0196751654148101, ""totir"": 0.0, ""tofer"": NaN, ""swfac"": 0.0, ""nstres"": 0.0}",0.0,0.0,26.400001049041748,0.0,0.0196751654148101,0.0,,0.0,0.0,30.0,150.0,21.49265747070312,33.49265747070312,Leave_One_experiments/all_year_offline_schedule_search/daily_outputs/YCA/YCA_2022_YCA2022_normal_grid_S0013_daily.csv
YCA,YCA,Yucheng,2022,Leave_One_experiments\wth_generated_qc\YCA\YCA2022.WTH,wet_year;nitrogen_stress_year;low_response_year,wet,YCA2022_normal_grid_S0013,irrigation_positive_candidate,2022-06-25,176,13,8,"{""sim_day"": 13.0, ""doy"": 176.0, ""topwt"": 27.895827293396, ""grnwt"": 0.0, ""xlai"": 0.0493605881929397, ""totir"": 0.0, ""tofer"": NaN, ""swfac"": 0.0, ""nstres"": 0.0}",0.0,0.0,27.895827293396,0.0,0.0493605881929397,0.0,,0.0,0.0,30.0,150.0,21.49265747070312,33.49265747070312,Leave_One_experiments/all_year_offline_schedule_search/daily_outputs/YCA/YCA_2022_YCA2022_normal_grid_S0013_daily.csv
YCA,YCA,Yucheng,2022,Leave_One_experiments\wth_generated_qc\YCA\YCA2022.WTH,wet_year;nitrogen_stress_year;low_response_year,wet,YCA2022_normal_grid_S0013,irrigation_positive_candidate,2022-06-26,177,14,9,"{""sim_day"": 14.0, ""doy"": 177.0, ""topwt"": 38.69732618331909, ""grnwt"": 0.0, ""xlai"": 0.0765816047787666, ""totir"": 0.0, ""tofer"": NaN, ""swfac"": 0.0, ""nstres"": 0.0}",0.0,0.0,38.69732618331909,0.0,0.0765816047787666,0.0,,0.0,0.0,30.0,150.0,21.49265747070312,33.49265747070312,Leave_One_experiments/all_year_offline_schedule_search/daily_outputs/YCA/YCA_2022_YCA2022_normal_grid_S0013_daily.csv
YCA,YCA,Yucheng,2022,Leave_One_experiments\wth_generated_qc\YCA\YCA2022.WTH,wet_year;nitrogen_stress_year;low_response_year,wet,YCA2022_normal_grid_S0013,irrigation_positive_candidate,2022-06-27,178,15,10,"{""sim_day"": 15.0, ""doy"": 178.0, ""topwt"": 53.41106414794922, ""grnwt"": 0.0, ""xlai"": 0.110069952905178, ""totir"": 0.0, ""tofer"": NaN, ""swfac"": 0.0, ""nstres"": 0.0040462017059326}",0.0,0.0040462017059326,53.41106414794922,0.0,0.110069952905178,0.0,,0.0,0.0,30.0,150.0,21.49265747070312,33.49265747070312,Leave_One_experiments/all_year_offline_schedule_search/daily_outputs/YCA/YCA_2022_YCA2022_normal_grid_S0013_daily.csv
YCA,YCA,Yucheng,2022,Leave_One_experiments\wth_generated_qc\YCA\YCA2022.WTH,wet_year;nitrogen_stress_year;low_response_year,wet,YCA2022_normal_grid_S0013,irrigation_positive_candidate,2022-06-28,179,16,11,"{""sim_day"": 16.0, ""doy"": 179.0, ""topwt"": 70.60389041900635, ""grnwt"": 0.0, ""xlai"": 0.1460967063903808, ""totir"": 0.0, ""tofer"": NaN, ""swfac"": 0.0, ""nstres"": 0.0}",0.0,0.0,70.60389041900635,0.0,0.1460967063903808,0.0,,0.0,0.0,30.0,150.0,21.49265747070312,33.49265747070312,Leave_One_experiments/all_year_offline_schedule_search/daily_outputs/YCA/YCA_2022_YCA2022_normal_grid_S0013_daily.csv
YCA,YCA,Yucheng,2022,Leave_One_experiments\wth_generated_qc\YCA\YCA2022.WTH,wet_year;nitrogen_stress_year;low_response_year,wet,YCA2022_normal_grid_S0013,irrigation_positive_candidate,2022-06-29,180,17,12,"{""sim_day"": 17.0, ""doy"": 180.0, ""topwt"": 88.72011184692383, ""grnwt"": 0.0, ""xlai"": 0.1816793531179428, ""totir"": 0.0, ""tofer"": NaN, ""swfac"": 0.0, ""nstres"": 0.0}",0.0,0.0,88.72011184692383,0.0,0.1816793531179428,0.0,,0.0,0.0,30.0,150.0,21.49265747070312,33.49265747070312,Leave_One_experiments/all_year_offline_schedule_search/daily_outputs/YCA/YCA_2022_YCA2022_normal_grid_S0013_daily.csv
YCA,YCA,Yucheng,2022,Leave_One_experiments\wth_generated_qc\YCA\YCA2022.WTH,wet_year;nitrogen_stress_year;low_response_year,wet,YCA2022_normal_grid_S0013,irrigation_positive_candidate,2022-06-30,181,18,13,"{""sim_day"": 18.0, ""doy"": 181.0, ""topwt"": 115.66253662109376, ""grnwt"": 0.0, ""xlai"": 0.2314891517162323, ""totir"": 0.0, ""tofer"": NaN, ""swfac"": 0.0, ""nstres"": 0.0}",0.0,0.0,115.66253662109376,0.0,0.2314891517162323,0.0,,0.0,0.0,30.0,150.0,21.49265747070312,33.49265747070312,Leave_One_experiments/all_year_offline_schedule_search/daily_outputs/YCA/YCA_2022_YCA2022_normal_grid_S0013_daily.csv
YCA,YCA,Yucheng,2022,Leave_One_experiments\wth_generated_qc\YCA\YCA2022.WTH,wet_year;nitrogen_stress_year;low_response_year,wet,YCA2022_normal_grid_S0013,irrigation_positive_candidate,2022-07-01,182,19,14,"{""sim_day"": 19.0, ""doy"": 182.0, ""topwt"": 151.8768310546875, ""grnwt"": 0.0, ""xlai"": 0.2943222522735595, ""totir"": 0.0, ""tofer"": NaN, ""swfac"": 0.0, ""nstres"": 0.0}",0.0,0.0,151.8768310546875,0.0,0.2943222522735595,0.0,,0.0,0.0,30.0,150.0,21.49265747070312,33.49265747070312,Leave_One_experiments/all_year_offline_schedule_search/daily_outputs/YCA/YCA_2022_YCA2022_normal_grid_S0013_daily.csv
YCA,YCA,Yucheng,2022,Leave_One_experiments\wth_generated_qc\YCA\YCA2022.WTH,wet_year;nitrogen_stress_year;low_response_year,wet,YCA2022_normal_grid_S0013,irrigation_positive_candidate,2022-07-02,183,20,15,"{""sim_day"": 20.0, ""doy"": 183.0, ""topwt"": 175.74640274047852, ""grnwt"": 0.0, ""xlai"": 0.35651496052742, ""totir"": 0.0, ""tofer"": NaN, ""swfac"": 0.0, ""nstres"": 0.0}",0.0,0.0,175.74640274047852,0.0,0.35651496052742,0.0,,0.0,0.0,30.0,150.0,21.49265747070312,33.49265747070312,Leave_One_experiments/all_year_offline_schedule_search/daily_outputs/YCA/YCA_2022_YCA2022_normal_grid_S0013_daily.csv
YCA,YCA,Yucheng,2022,Leave_One_experiments\wth_generated_qc\YCA\YCA2022.WTH,wet_year;nitrogen_stress_year;low_response_year,wet,YCA2022_normal_grid_S0013,irrigation_positive_candidate,2022-07-03,184,21,16,"{""sim_day"": 21.0, ""doy"": 184.0, ""topwt"": 231.2809944152832, ""grnwt"": 0.0, ""xlai"": 0.4500907659530639, ""totir"": 0.0, ""tofer"": NaN, ""swfac"": 0.0, ""nstres"": 0.0}",0.0,0.0,231.2809944152832,0.0,0.4500907659530639,0.0,,0.0,0.0,30.0,150.0,21.49265747070312,33.49265747070312,Leave_One_experiments/all_year_offline_schedule_search/daily_outputs/YCA/YCA_2022_YCA2022_normal_grid_S0013_daily.csv
YCA,YCA,Yucheng,2022,Leave_One_experiments\wth_generated_qc\YCA\YCA2022.WTH,wet_year;nitrogen_stress_year;low_response_year,wet,YCA2022_normal_grid_S0013,irrigation_positive_candidate,2022-07-04,185,22,17,"{""sim_day"": 22.0, ""doy"": 185.0, ""topwt"": 289.0215873718262, ""grnwt"": 0.0, ""xlai"": 0.542094886302948, ""totir"": 0.0, ""tofer"": NaN, ""swfac"": 0.0, ""nstres"": 0.0026895403861999}",0.0,0.0026895403861999,289.0215873718262,0.0,0.542094886302948,0.0,,0.0,0.0,30.0,150.0,21.49265747070312,33.49265747070312,Leave_One_experiments/all_year_offline_schedule_search/daily_outputs/YCA/YCA_2022_YCA2022_normal_grid_S0013_daily.csv
YCA,YCA,Yucheng,2022,Leave_One_experiments\wth_generated_qc\YCA\YCA2022.WTH,wet_year;nitrogen_stress_year;low_response_year,wet,YCA2022_normal_grid_S0013,irrigation_positive_candidate,2022-07-05,186,23,18,"{""sim_day"": 23.0, ""doy"": 186.0, ""topwt"": 324.9036407470703, ""grnwt"": 0.0, ""xlai"": 0.5969408750534058, ""totir"": 0.0, ""tofer"": NaN, ""swfac"": 0.0, ""nstres"": 0.0}",0.0,0.0,324.9036407470703,0.0,0.5969408750534058,0.0,,0.0,0.0,30.0,150.0,21.49265747070312,33.49265747070312,Leave_One_experiments/all_year_offline_schedule_search/daily_outputs/YCA/YCA_2022_YCA2022_normal_grid_S0013_daily.csv
YCA,YCA,Yucheng,2022,Leave_One_experiments\wth_generated_qc\YCA\YCA2022.WTH,wet_year;nitrogen_stress_year;low_response_year,wet,YCA2022_normal_grid_S0013,irrigation_positive_candidate,2022-07-06,187,24,19,"{""sim_day"": 24.0, ""doy"": 187.0, ""topwt"": 409.7475814819336, ""grnwt"": 0.0, ""xlai"": 0.7222298383712769, ""totir"": 0.0, ""tofer"": NaN, ""swfac"": 0.0, ""nstres"": 0.0}",0.0,0.0,409.7475814819336,0.0,0.7222298383712769,0.0,,0.0,0.0,30.0,150.0,21.49265747070312,33.49265747070312,Leave_One_experiments/all_year_offline_schedule_search/daily_outputs/YCA/YCA_2022_YCA2022_normal_grid_S0013_daily.csv
YCA,YCA,Yucheng,2022,Leave_One_experiments\wth_generated_qc\YCA\YCA2022.WTH,wet_year;nitrogen_stress_year;low_response_year,wet,YCA2022_normal_grid_S0013,irrigation_positive_candidate,2022-07-07,188,25,20,"{""sim_day"": 25.0, ""doy"": 188.0, ""topwt"": 515.5223846435547, ""grnwt"": 0.0, ""xlai"": 0.8706911206245422, ""totir"": 0.0, ""tofer"": NaN, ""swfac"": 0.0, ""nstres"": 0.0}",0.0,0.0,515.5223846435547,0.0,0.8706911206245422,0.0,,0.0,0.0,30.0,150.0,21.49265747070312,33.49265747070312,Leave_One_experiments/all_year_offline_schedule_search/daily_outputs/YCA/YCA_2022_YCA2022_normal_grid_S0013_daily.csv
YCA,YCA,Yucheng,2022,Leave_One_experiments\wth_generated_qc\YCA\YCA2022.WTH,wet_year;nitrogen_stress_year;low_response_year,wet,YCA2022_normal_grid_S0013,irrigation_positive_candidate,2022-07-08,189,26,21,"{""sim_day"": 26.0, ""doy"": 189.0, ""topwt"": 638.5684585571289, ""grnwt"": 0.0, ""xlai"": 1.0351903438568115, ""totir"": 0.0, ""tofer"": NaN, ""swfac"": 0.0, ""nstres"": 0.0}",0.0,0.0,638.5684585571289,0.0,1.0351903438568115,0.0,,0.0,0.0,30.0,150.0,21.49265747070312,33.49265747070312,Leave_One_experiments/all_year_offline_schedule_search/daily_outputs/YCA/YCA_2022_YCA2022_normal_grid_S0013_daily.csv
YCA,YCA,Yucheng,2022,Leave_One_experiments\wth_generated_qc\YCA\YCA2022.WTH,wet_year;nitrogen_stress_year;low_response_year,wet,YCA2022_normal_grid_S0013,irrigation_positive_candidate,2022-07-09,190,27,22,"{""sim_day"": 27.0, ""doy"": 190.0, ""topwt"": 676.0008239746094, ""grnwt"": 0.0, ""xlai"": 1.0772079229354858, ""totir"": 0.0, ""tofer"": NaN, ""swfac"": 0.0, ""nstres"": 0.0}",0.0,0.0,676.0008239746094,0.0,1.0772079229354858,0.0,,0.0,0.0,30.0,150.0,21.49265747070312,33.49265747070312,Leave_One_experiments/all_year_offline_schedule_search/daily_outputs/YCA/YCA_2022_YCA2022_normal_grid_S0013_daily.csv
YCA,YCA,Yucheng,2022,Leave_One_experiments\wth_generated_qc\YCA\YCA2022.WTH,wet_year;nitrogen_stress_year;low_response_year,wet,YCA2022_normal_grid_S0013,irrigation_positive_candidate,2022-07-10,191,28,23,"{""sim_day"": 28.0, ""doy"": 191.0, ""topwt"": 791.7325592041016, ""grnwt"": 0.0, ""xlai"": 1.2283072471618652, ""totir"": 0.0, ""tofer"": NaN, ""swfac"": 0.0, ""nstres"": 0.0}",0.0,0.0,791.7325592041016,0.0,1.2283072471618652,0.0,,0.0,0.0,30.0,150.0,21.49265747070312,33.49265747070312,Leave_One_experiments/all_year_offline_schedule_search/daily_outputs/YCA/YCA_2022_YCA2022_normal_grid_S0013_daily.csv
YCA,YCA,Yucheng,2022,Leave_One_experiments\wth_generated_qc\YCA\YCA2022.WTH,wet_year;nitrogen_stress_year;low_response_year,wet,YCA2022_normal_grid_S0013,irrigation_positive_candidate,2022-07-11,192,29,24,"{""sim_day"": 29.0, ""doy"": 192.0, ""topwt"": 833.6239624023438, ""grnwt"": 0.0, ""xlai"": 1.2810148000717163, ""totir"": 0.0, ""tofer"": NaN, ""swfac"": 0.0, ""nstres"": 0.0}",0.0,0.0,833.6239624023438,0.0,1.2810148000717163,0.0,,0.0,0.0,30.0,150.0,21.49265747070312,33.49265747070312,Leave_One_experiments/all_year_offline_schedule_search/daily_outputs/YCA/YCA_2022_YCA2022_normal_grid_S0013_daily.csv
YCA,YCA,Yucheng,2022,Leave_One_experiments\wth_generated_qc\YCA\YCA2022.WTH,wet_year;nitrogen_stress_year;low_response_year,wet,YCA2022_normal_grid_S0013,irrigation_positive_candidate,2022-07-12,193,30,25,"{""sim_day"": 30.0, ""doy"": 193.0, ""topwt"": 939.4717407226562, ""grnwt"": 0.0, ""xlai"": 1.4089717864990234, ""totir"": 0.0, ""tofer"": NaN, ""swfac"": 0.0, ""nstres"": 0.0}",0.0,0.0,939.4717407226562,0.0,1.4089717864990234,0.0,,0.0,0.0,30.0,150.0,21.49265747070312,33.49265747070312,Leave_One_experiments/all_year_offline_schedule_search/daily_outputs/YCA/YCA_2022_YCA2022_normal_grid_S0013_daily.csv
YCA,YCA,Yucheng,2022,Leave_One_experiments\wth_generated_qc\YCA\YCA2022.WTH,wet_year;nitrogen_stress_year;low_response_year,wet,YCA2022_normal_grid_S0013,irrigation_positive_candidate,2022-07-13,194,31,26,"{""sim_day"": 31.0, ""doy"": 194.0, ""topwt"": 1105.5618286132812, ""grnwt"": 0.0, ""xlai"": 1.5977213382720947, ""totir"": 0.0, ""tofer"": NaN, ""swfac"": 0.0, ""nstres"": 0.0}",0.0,0.0,1105.5618286132812,0.0,1.5977213382720947,0.0,,0.0,0.0,30.0,150.0,21.49265747070312,33.49265747070312,Leave_One_experiments/all_year_offline_schedule_search/daily_outputs/YCA/YCA_2022_YCA2022_normal_grid_S0013_daily.csv
YCA,YCA,Yucheng,2022,Leave_One_experiments\wth_generated_qc\YCA\YCA2022.WTH,wet_year;nitrogen_stress_year;low_response_year,wet,YCA2022_normal_grid_S0013,irrigation_positive_candidate,2022-07-14,195,32,27,"{""sim_day"": 32.0, ""doy"": 195.0, ""topwt"": 1301.1839294433594, ""grnwt"": 0.0, ""xlai"": 1.80367910861969, ""totir"": 0.0, ""tofer"": NaN, ""swfac"": 0.0, ""nstres"": 0.0}",0.0,0.0,1301.1839294433594,0.0,1.80367910861969,0.0,,0.0,0.0,30.0,150.0,21.49265747070312,33.49265747070312,Leave_One_experiments/all_year_offline_schedule_search/daily_outputs/YCA/YCA_2022_YCA2022_normal_grid_S0013_daily.csv
YCA,YCA,Yucheng,2022,Leave_One_experiments\wth_generated_qc\YCA\YCA2022.WTH,wet_year;nitrogen_stress_year;low_response_year,wet,YCA2022_normal_grid_S0013,irrigation_positive_candidate,2022-07-15,196,33,28,"{""sim_day"": 33.0, ""doy"": 196.0, ""topwt"": 1361.575927734375, ""grnwt"": 0.0, ""xlai"": 1.8634719848632808, ""totir"": 0.0, ""tofer"": NaN, ""swfac"": 0.0, ""nstres"": 0.0}",0.0,0.0,1361.575927734375,0.0,1.8634719848632808,0.0,,0.0,0.0,30.0,150.0,21.49265747070312,33.49265747070312,Leave_One_experiments/all_year_offline_schedule_search/daily_outputs/YCA/YCA_2022_YCA2022_normal_grid_S0013_daily.csv
YCA,YCA,Yucheng,2022,Leave_One_experiments\wth_generated_qc\YCA\YCA2022.WTH,wet_year;nitrogen_stress_year;low_response_year,wet,YCA2022_normal_grid_S0013,irrigation_positive_candidate,2022-07-16,197,34,29,"{""sim_day"": 34.0, ""doy"": 197.0, ""topwt"": 1562.8762817382812, ""grnwt"": 0.0, ""xlai"": 2.0501482486724854, ""totir"": 0.0, ""tofer"": NaN, ""swfac"": 0.0, ""nstres"": 0.0}",0.0,0.0,1562.8762817382812,0.0,2.0501482486724854,0.0,,0.0,0.0,30.0,150.0,21.49265747070312,33.49265747070312,Leave_One_experiments/all_year_offline_schedule_search/daily_outputs/YCA/YCA_2022_YCA2022_normal_grid_S0013_daily.csv
YCA,YCA,Yucheng,2022,Leave_One_experiments\wth_generated_qc\YCA\YCA2022.WTH,wet_year;nitrogen_stress_year;low_response_year,wet,YCA2022_normal_grid_S0013,irrigation_positive_candidate,2022-07-17,198,35,30,"{""sim_day"": 35.0, ""doy"": 198.0, ""topwt"": 1788.7873840332031, ""grnwt"": 0.0, ""xlai"": 2.2437241077423096, ""totir"": 0.0, ""tofer"": NaN, ""swfac"": 0.0, ""nstres"": 0.0}",0.0,0.0,1788.7873840332031,0.0,2.2437241077423096,0.0,,0.0,50.0,30.0,150.0,21.49265747070312,33.49265747070312,Leave_One_experiments/all_year_offline_schedule_search/daily_outputs/YCA/YCA_2022_YCA2022_normal_grid_S0013_daily.csv
YCA,YCA,Yucheng,2022,Leave_One_experiments\wth_generated_qc\YCA\YCA2022.WTH,wet_year;nitrogen_stress_year;low_response_year,wet,YCA2022_normal_grid_S0013,irrigation_positive_candidate,2022-07-18,199,36,31,"{""sim_day"": 36.0, ""doy"": 199.0, ""topwt"": 1878.3973693847656, ""grnwt"": 0.0, ""xlai"": 2.3154947757720947, ""totir"": 0.0, ""tofer"": NaN, ""swfac"": 0.0, ""nstres"": 0.0}",0.0,0.0,1878.3973693847656,0.0,2.3154947757720947,0.0,,0.0,0.0,30.0,150.0,21.49265747070312,33.49265747070312,Leave_One_experiments/all_year_offline_schedule_search/daily_outputs/YCA/YCA_2022_YCA2022_normal_grid_S0013_daily.csv
YCA,YCA,Yucheng,2022,Leave_One_experiments\wth_generated_qc\YCA\YCA2022.WTH,wet_year;nitrogen_stress_year;low_response_year,wet,YCA2022_normal_grid_S0013,irrigation_positive_candidate,2022-07-19,200,37,32,"{""sim_day"": 37.0, ""doy"": 200.0, ""topwt"": 1959.8953247070312, ""grnwt"": 0.0, ""xlai"": 2.377187013626098, ""totir"": 0.0, ""tofer"": NaN, ""swfac"": 0.0, ""nstres"": 0.0}",0.0,0.0,1959.8953247070312,0.0,2.377187013626098,0.0,,0.0,0.0,30.0,150.0,21.49265747070312,33.49265747070312,Leave_One_experiments/all_year_offline_schedule_search/daily_outputs/YCA/YCA_2022_YCA2022_normal_grid_S0013_daily.csv
YCA,YCA,Yucheng,2022,Leave_One_experiments\wth_generated_qc\YCA\YCA2022.WTH,wet_year;nitrogen_stress_year;low_response_year,wet,YCA2022_normal_grid_S0013,irrigation_positive_candidate,2022-07-20,201,38,33,"{""sim_day"": 38.0, ""doy"": 201.0, ""topwt"": 2195.0146484375, ""grnwt"": 0.0, ""xlai"": 2.543961763381958, ""totir"": 0.0, ""tofer"": NaN, ""swfac"": 0.0, ""nstres"": 0.0}",0.0,0.0,2195.0146484375,0.0,2.543961763381958,0.0,,0.0,0.0,30.0,150.0,21.49265747070312,33.49265747070312,Leave_One_experiments/all_year_offline_schedule_search/daily_outputs/YCA/YCA_2022_YCA2022_normal_grid_S0013_daily.csv
YCA,YCA,Yucheng,2022,Leave_One_experiments\wth_generated_qc\YCA\YCA2022.WTH,wet_year;nitrogen_stress_year;low_response_year,wet,YCA2022_normal_grid_S0013,irrigation_positive_candidate,2022-07-21,202,39,34,"{""sim_day"": 39.0, ""doy"": 202.0, ""topwt"": 2407.6596069335938, ""grnwt"": 0.0, ""xlai"": 2.6836228370666504, ""totir"": 0.0, ""tofer"": NaN, ""swfac"": 0.0, ""nstres"": 0.0}",0.0,0.0,2407.6596069335938,0.0,2.6836228370666504,0.0,,0.0,0.0,30.0,150.0,21.49265747070312,33.49265747070312,Leave_One_experiments/all_year_offline_schedule_search/daily_outputs/YCA/YCA_2022_YCA2022_normal_grid_S0013_daily.csv
YCA,YCA,Yucheng,2022,Leave_One_experiments\wth_generated_qc\YCA\YCA2022.WTH,wet_year;nitrogen_stress_year;low_response_year,wet,YCA2022_normal_grid_S0013,irrigation_positive_candidate,2022-07-22,203,40,35,"{""sim_day"": 40.0, ""doy"": 203.0, ""topwt"": 2675.3729248046875, ""grnwt"": 0.0, ""xlai"": 2.847604513168335, ""totir"": 0.0, ""tofer"": NaN, ""swfac"": 0.0, ""nstres"": 0.0}",0.0,0.0,2675.3729248046875,0.0,2.847604513168335,0.0,,0.0,0.0,30.0,150.0,21.49265747070312,33.49265747070312,Leave_One_experiments/all_year_offline_schedule_search/daily_outputs/YCA/YCA_2022_YCA2022_normal_grid_S0013_daily.csv
YCA,YCA,Yucheng,2022,Leave_One_experiments\wth_generated_qc\YCA\YCA2022.WTH,wet_year;nitrogen_stress_year;low_response_year,wet,YCA2022_normal_grid_S0013,irrigation_positive_candidate,2022-07-23,204,41,36,"{""sim_day"": 41.0, ""doy"": 204.0, ""topwt"": 2992.764587402344, ""grnwt"": 0.0, ""xlai"": 3.02762222290039, ""totir"": 0.0, ""tofer"": NaN, ""swfac"": 0.0, ""nstres"": 0.0}",0.0,0.0,2992.764587402344,0.0,3.02762222290039,0.0,,0.0,0.0,30.0,150.0,21.49265747070312,33.49265747070312,Leave_One_experiments/all_year_offline_schedule_search/daily_outputs/YCA/YCA_2022_YCA2022_normal_grid_S0013_daily.csv
YCA,YCA,Yucheng,2022,Leave_One_experiments\wth_generated_qc\YCA\YCA2022.WTH,wet_year;nitrogen_stress_year;low_response_year,wet,YCA2022_normal_grid_S0013,irrigation_positive_candidate,2022-07-24,205,42,37,"{""sim_day"": 42.0, ""doy"": 205.0, ""topwt"": 3343.6257934570312, ""grnwt"": 0.0, ""xlai"": 3.211573362350464, ""totir"": 0.0, ""tofer"": NaN, ""swfac"": 0.0, ""nstres"": 0.0}",0.0,0.0,3343.6257934570312,0.0,3.211573362350464,0.0,,0.0,0.0,30.0,150.0,21.49265747070312,33.49265747070312,Leave_One_experiments/all_year_offline_schedule_search/daily_outputs/YCA/YCA_2022_YCA2022_normal_grid_S0013_daily.csv
YCA,YCA,Yucheng,2022,Leave_One_experiments\wth_generated_qc\YCA\YCA2022.WTH,wet_year;nitrogen_stress_year;low_response_year,wet,YCA2022_normal_grid_S0013,irrigation_positive_candidate,2022-07-25,206,43,38,"{""sim_day"": 43.0, ""doy"": 206.0, ""topwt"": 3691.551818847656, ""grnwt"": 0.0, ""xlai"": 3.379880428314209, ""totir"": 0.0, ""tofer"": NaN, ""swfac"": 0.0, ""nstres"": 0.0}",0.0,0.0,3691.551818847656,0.0,3.379880428314209,0.0,,0.0,0.0,30.0,150.0,21.49265747070312,33.49265747070312,Leave_One_experiments/all_year_offline_schedule_search/daily_outputs/YCA/YCA_2022_YCA2022_normal_grid_S0013_daily.csv
YCA,YCA,Yucheng,2022,Leave_One_experiments\wth_generated_qc\YCA\YCA2022.WTH,wet_year;nitrogen_stress_year;low_response_year,wet,YCA2022_normal_grid_S0013,irrigation_positive_candidate,2022-07-26,207,44,39,"{""sim_day"": 44.0, ""doy"": 207.0, ""topwt"": 4118.440246582031, ""grnwt"": 0.0, ""xlai"": 3.5707147121429443, ""totir"": 0.0, ""tofer"": NaN, ""swfac"": 0.0, ""nstres"": 0.0}",0.0,0.0,4118.440246582031,0.0,3.5707147121429443,0.0,,0.0,0.0,30.0,150.0,21.49265747070312,33.49265747070312,Leave_One_experiments/all_year_offline_schedule_search/daily_outputs/YCA/YCA_2022_YCA2022_normal_grid_S0013_daily.csv
YCA,YCA,Yucheng,2022,Leave_One_experiments\wth_generated_qc\YCA\YCA2022.WTH,wet_year;nitrogen_stress_year;low_response_year,wet,YCA2022_normal_grid_S0013,irrigation_positive_candidate,2022-07-27,208,45,40,"{""sim_day"": 45.0, ""doy"": 208.0, ""topwt"": 4312.667846679688, ""grnwt"": 0.0, ""xlai"": 3.651501893997192, ""totir"": 0.0, ""tofer"": NaN, ""swfac"": 0.0, ""nstres"": 0.0}",0.0,0.0,4312.667846679688,0.0,3.651501893997192,0.0,,0.0,0.0,30.0,150.0,21.49265747070312,33.49265747070312,Leave_One_experiments/all_year_offline_schedule_search/daily_outputs/YCA/YCA_2022_YCA2022_normal_grid_S0013_daily.csv
YCA,YCA,Yucheng,2022,Leave_One_experiments\wth_generated_qc\YCA\YCA2022.WTH,wet_year;nitrogen_stress_year;low_response_year,wet,YCA2022_normal_grid_S0013,irrigation_positive_candidate,2022-07-28,209,46,41,"{""sim_day"": 46.0, ""doy"": 209.0, ""topwt"": 4723.201904296875, ""grnwt"": 0.0, ""xlai"": 3.795123815536499, ""totir"": 0.0, ""tofer"": NaN, ""swfac"": 0.0, ""nstres"": 0.0342270135879516}",0.0,0.0342270135879516,4723.201904296875,0.0,3.795123815536499,0.0,,0.0,0.0,30.0,150.0,21.49265747070312,33.49265747070312,Leave_One_experiments/all_year_offline_schedule_search/daily_outputs/YCA/YCA_2022_YCA2022_normal_grid_S0013_daily.csv
YCA,YCA,Yucheng,2022,Leave_One_experiments\wth_generated_qc\YCA\YCA2022.WTH,wet_year;nitrogen_stress_year;low_response_year,wet,YCA2022_normal_grid_S0013,irrigation_positive_candidate,2022-07-29,210,47,42,"{""sim_day"": 47.0, ""doy"": 210.0, ""topwt"": 5017.359008789063, ""grnwt"": 0.0, ""xlai"": 3.950988531112671, ""totir"": 0.0, ""tofer"": NaN, ""swfac"": 0.0, ""nstres"": 0.0449419021606445}",0.0,0.0449419021606445,5017.359008789063,0.0,3.950988531112671,0.0,,0.0,0.0,30.0,150.0,21.49265747070312,33.49265747070312,Leave_One_experiments/all_year_offline_schedule_search/daily_outputs/YCA/YCA_2022_YCA2022_normal_grid_S0013_daily.csv
YCA,YCA,Yucheng,2022,Leave_One_experiments\wth_generated_qc\YCA\YCA2022.WTH,wet_year;nitrogen_stress_year;low_response_year,wet,YCA2022_normal_grid_S0013,irrigation_positive_candidate,2022-07-30,211,48,43,"{""sim_day"": 48.0, ""doy"": 211.0, ""topwt"": 5404.736328125, ""grnwt"": 0.0, ""xlai"": 4.079229831695557, ""totir"": 0.0, ""tofer"": NaN, ""swfac"": 0.0, ""nstres"": 0.0753563642501831}",0.0,0.0753563642501831,5404.736328125,0.0,4.079229831695557,0.0,,0.0,0.0,30.0,150.0,21.49265747070312,33.49265747070312,Leave_One_experiments/all_year_offline_schedule_search/daily_outputs/YCA/YCA_2022_YCA2022_normal_grid_S0013_daily.csv
YCA,YCA,Yucheng,2022,Leave_One_experiments\wth_generated_qc\YCA\YCA2022.WTH,wet_year;nitrogen_stress_year;low_response_year,wet,YCA2022_normal_grid_S0013,irrigation_positive_candidate,2022-07-31,212,49,44,"{""sim_day"": 49.0, ""doy"": 212.0, ""topwt"": 5800.900268554688, ""grnwt"": 0.0, ""xlai"": 4.174118041992188, ""totir"": 0.0, ""tofer"": NaN, ""swfac"": 0.0, ""nstres"": 0.0912383794784545}",0.0,0.0912383794784545,5800.900268554688,0.0,4.174118041992188,0.0,,0.0,0.0,30.0,150.0,21.49265747070312,33.49265747070312,Leave_One_experiments/all_year_offline_schedule_search/daily_outputs/YCA/YCA_2022_YCA2022_normal_grid_S0013_daily.csv
YCA,YCA,Yucheng,2022,Leave_One_experiments\wth_generated_qc\YCA\YCA2022.WTH,wet_year;nitrogen_stress_year;low_response_year,wet,YCA2022_normal_grid_S0013,irrigation_positive_candidate,2022-08-01,213,50,45,"{""sim_day"": 50.0, ""doy"": 213.0, ""topwt"": 6157.393798828125, ""grnwt"": 0.0, ""xlai"": 4.228277683258057, ""totir"": 0.0, ""tofer"": NaN, ""swfac"": 0.0, ""nstres"": 0.1112326383590698}",0.0,0.1112326383590698,6157.393798828125,0.0,4.228277683258057,0.0,,0.0,0.0,30.0,150.0,21.49265747070312,33.49265747070312,Leave_One_experiments/all_year_offline_schedule_search/daily_outputs/YCA/YCA_2022_YCA2022_normal_grid_S0013_daily.csv
YCA,YCA,Yucheng,2022,Leave_One_experiments\wth_generated_qc\YCA\YCA2022.WTH,wet_year;nitrogen_stress_year;low_response_year,wet,YCA2022_normal_grid_S0013,irrigation_positive_candidate,2022-08-02,214,51,46,"{""sim_day"": 51.0, ""doy"": 214.0, ""topwt"": 6490.155029296875, ""grnwt"": 0.0, ""xlai"": 4.255667686462402, ""totir"": 0.0, ""tofer"": NaN, ""swfac"": 0.0, ""nstres"": 0.1278767585754394}",0.0,0.1278767585754394,6490.155029296875,0.0,4.255667686462402,0.0,,0.0,0.0,30.0,150.0,21.49265747070312,33.49265747070312,Leave_One_experiments/all_year_offline_schedule_search/daily_outputs/YCA/YCA_2022_YCA2022_normal_grid_S0013_daily.csv
YCA,YCA,Yucheng,2022,Leave_One_experiments\wth_generated_qc\YCA\YCA2022.WTH,wet_year;nitrogen_stress_year;low_response_year,wet,YCA2022_normal_grid_S0013,irrigation_positive_candidate,2022-08-03,215,52,47,"{""sim_day"": 52.0, ""doy"": 215.0, ""topwt"": 6809.7119140625, ""grnwt"": 0.0, ""xlai"": 4.265778541564941, ""totir"": 0.0, ""tofer"": NaN, ""swfac"": 0.0, ""nstres"": 0.1390332579612732}",0.0,0.1390332579612732,6809.7119140625,0.0,4.265778541564941,0.0,,0.0,0.0,30.0,150.0,21.49265747070312,33.49265747070312,Leave_One_experiments/all_year_offline_schedule_search/daily_outputs/YCA/YCA_2022_YCA2022_normal_grid_S0013_daily.csv
YCA,YCA,Yucheng,2022,Leave_One_experiments\wth_generated_qc\YCA\YCA2022.WTH,wet_year;nitrogen_stress_year;low_response_year,wet,YCA2022_normal_grid_S0013,irrigation_positive_candidate,2022-08-04,216,53,48,"{""sim_day"": 53.0, ""doy"": 216.0, ""topwt"": 7116.115112304688, ""grnwt"": 0.0, ""xlai"": 4.262025833129883, ""totir"": 0.0, ""tofer"": NaN, ""swfac"": 0.0, ""nstres"": 0.1480332612991333}",0.0,0.1480332612991333,7116.115112304688,0.0,4.262025833129883,0.0,,0.0,0.0,30.0,150.0,21.49265747070312,33.49265747070312,Leave_One_experiments/all_year_offline_schedule_search/daily_outputs/YCA/YCA_2022_YCA2022_normal_grid_S0013_daily.csv
YCA,YCA,Yucheng,2022,Leave_One_experiments\wth_generated_qc\YCA\YCA2022.WTH,wet_year;nitrogen_stress_year;low_response_year,wet,YCA2022_normal_grid_S0013,irrigation_positive_candidate,2022-08-05,217,54,49,"{""sim_day"": 54.0, ""doy"": 217.0, ""topwt"": 7414.1448974609375, ""grnwt"": 0.0, ""xlai"": 4.25260591506958, ""totir"": 0.0, ""tofer"": NaN, ""swfac"": 0.0, ""nstres"": 0.1546522974967956}",0.0,0.1546522974967956,7414.1448974609375,0.0,4.25260591506958,0.0,,0.0,0.0,30.0,150.0,21.49265747070312,33.49265747070312,Leave_One_experiments/all_year_offline_schedule_search/daily_outputs/YCA/YCA_2022_YCA2022_normal_grid_S0013_daily.csv
YCA,YCA,Yucheng,2022,Leave_One_experiments\wth_generated_qc\YCA\YCA2022.WTH,wet_year;nitrogen_stress_year;low_response_year,wet,YCA2022_normal_grid_S0013,irrigation_positive_candidate,2022-08-06,218,55,50,"{""sim_day"": 55.0, ""doy"": 218.0, ""topwt"": 7615.31005859375, ""grnwt"": 0.0, ""xlai"": 4.217250823974609, ""totir"": 0.0, ""tofer"": NaN, ""swfac"": 0.0, ""nstres"": 0.1587491631507873}",0.0,0.1587491631507873,7615.31005859375,0.0,4.217250823974609,0.0,,0.0,0.0,30.0,150.0,21.49265747070312,33.49265747070312,Leave_One_experiments/all_year_offline_schedule_search/daily_outputs/YCA/YCA_2022_YCA2022_normal_grid_S0013_daily.csv
YCA,YCA,Yucheng,2022,Leave_One_experiments\wth_generated_qc\YCA\YCA2022.WTH,wet_year;nitrogen_stress_year;low_response_year,wet,YCA2022_normal_grid_S0013,irrigation_positive_candidate,2022-08-07,219,56,51,"{""sim_day"": 56.0, ""doy"": 219.0, ""topwt"": 7711.1468505859375, ""grnwt"": 0.0, ""xlai"": 4.155029773712158, ""totir"": 0.0, ""tofer"": NaN, ""swfac"": 0.0, ""nstres"": 0.1617876291275024}",0.0,0.1617876291275024,7711.1468505859375,0.0,4.155029773712158,0.0,,0.0,0.0,30.0,150.0,21.49265747070312,33.49265747070312,Leave_One_experiments/all_year_offline_schedule_search/daily_outputs/YCA/YCA_2022_YCA2022_normal_grid_S0013_daily.csv
YCA,YCA,Yucheng,2022,Leave_One_experiments\wth_generated_qc\YCA\YCA2022.WTH,wet_year;nitrogen_stress_year;low_response_year,wet,YCA2022_normal_grid_S0013,irrigation_positive_candidate,2022-08-08,220,57,52,"{""sim_day"": 57.0, ""doy"": 220.0, ""topwt"": 7763.7640380859375, ""grnwt"": 0.0, ""xlai"": 4.08236026763916, ""totir"": 0.0, ""tofer"": NaN, ""swfac"": 0.0, ""nstres"": 0.1638205051422119}",0.0,0.1638205051422119,7763.7640380859375,0.0,4.08236026763916,0.0,,0.0,0.0,30.0,150.0,21.49265747070312,33.49265747070312,Leave_One_experiments/all_year_offline_schedule_search/daily_outputs/YCA/YCA_2022_YCA2022_normal_grid_S0013_daily.csv
YCA,YCA,Yucheng,2022,Leave_One_experiments\wth_generated_qc\YCA\YCA2022.WTH,wet_year;nitrogen_stress_year;low_response_year,wet,YCA2022_normal_grid_S0013,irrigation_positive_candidate,2022-08-09,221,58,53,"{""sim_day"": 58.0, ""doy"": 221.0, ""topwt"": 7829.932861328125, ""grnwt"": 0.0, ""xlai"": 4.014660358428955, ""totir"": 0.0, ""tofer"": NaN, ""swfac"": 0.0, ""nstres"": 0.1635295152664184}",0.0,0.1635295152664184,7829.932861328125,0.0,4.014660358428955,0.0,,0.0,0.0,30.0,150.0,21.49265747070312,33.49265747070312,Leave_One_experiments/all_year_offline_schedule_search/daily_outputs/YCA/YCA_2022_YCA2022_normal_grid_S0013_daily.csv
YCA,YCA,Yucheng,2022,Leave_One_experiments\wth_generated_qc\YCA\YCA2022.WTH,wet_year;nitrogen_stress_year;low_response_year,wet,YCA2022_normal_grid_S0013,irrigation_positive_candidate,2022-08-10,222,59,54,"{""sim_day"": 59.0, ""doy"": 222.0, ""topwt"": 7990.01220703125, ""grnwt"": 0.0, ""xlai"": 3.9341800212860103, ""totir"": 0.0, ""tofer"": NaN, ""swfac"": 0.0, ""nstres"": 0.1603726148605346}",0.0,0.1603726148605346,7990.01220703125,0.0,3.9341800212860103,0.0,,0.0,0.0,30.0,150.0,21.49265747070312,33.49265747070312,Leave_One_experiments/all_year_offline_schedule_search/daily_outputs/YCA/YCA_2022_YCA2022_normal_grid_S0013_daily.csv
YCA,YCA,Yucheng,2022,Leave_One_experiments\wth_generated_qc\YCA\YCA2022.WTH,wet_year;nitrogen_stress_year;low_response_year,wet,YCA2022_normal_grid_S0013,irrigation_positive_candidate,2022-08-11,223,60,55,"{""sim_day"": 60.0, ""doy"": 223.0, ""topwt"": 8218.056030273438, ""grnwt"": 0.0, ""xlai"": 3.860270977020264, ""totir"": 0.0, ""tofer"": NaN, ""swfac"": 0.0, ""nstres"": 0.1502907872200012}",0.0,0.1502907872200012,8218.056030273438,0.0,3.860270977020264,0.0,,0.0,0.0,30.0,150.0,21.49265747070312,33.49265747070312,Leave_One_experiments/all_year_offline_schedule_search/daily_outputs/YCA/YCA_2022_YCA2022_normal_grid_S0013_daily.csv
YCA,YCA,Yucheng,2022,Leave_One_experiments\wth_generated_qc\YCA\YCA2022.WTH,wet_year;nitrogen_stress_year;low_response_year,wet,YCA2022_normal_grid_S0013,irrigation_positive_candidate,2022-08-12,224,61,56,"{""sim_day"": 61.0, ""doy"": 224.0, ""topwt"": 8434.7998046875, ""grnwt"": 0.0, ""xlai"": 3.790425777435303, ""totir"": 0.0, ""tofer"": NaN, ""swfac"": 0.0, ""nstres"": 0.1447470188140869}",0.0,0.1447470188140869,8434.7998046875,0.0,3.790425777435303,0.0,,0.0,0.0,30.0,150.0,21.49265747070312,33.49265747070312,Leave_One_experiments/all_year_offline_schedule_search/daily_outputs/YCA/YCA_2022_YCA2022_normal_grid_S0013_daily.csv
YCA,YCA,Yucheng,2022,Leave_One_experiments\wth_generated_qc\YCA\YCA2022.WTH,wet_year;nitrogen_stress_year;low_response_year,wet,YCA2022_normal_grid_S0013,irrigation_positive_candidate,2022-08-13,225,62,57,"{""sim_day"": 62.0, ""doy"": 225.0, ""topwt"": 8620.914306640625, ""grnwt"": 0.0, ""xlai"": 3.724356174468994, ""totir"": 0.0, ""tofer"": NaN, ""swfac"": 0.0, ""nstres"": 0.1394453644752502}",0.0,0.1394453644752502,8620.914306640625,0.0,3.724356174468994,0.0,,0.0,0.0,30.0,150.0,21.49265747070312,33.49265747070312,Leave_One_experiments/all_year_offline_schedule_search/daily_outputs/YCA/YCA_2022_YCA2022_normal_grid_S0013_daily.csv
YCA,YCA,Yucheng,2022,Leave_One_experiments\wth_generated_qc\YCA\YCA2022.WTH,wet_year;nitrogen_stress_year;low_response_year,wet,YCA2022_normal_grid_S0013,irrigation_positive_candidate,2022-08-14,226,63,58,"{""sim_day"": 63.0, ""doy"": 226.0, ""topwt"": 8749.451904296875, ""grnwt"": 0.0, ""xlai"": 3.661945104598999, ""totir"": 0.0, ""tofer"": NaN, ""swfac"": 0.0, ""nstres"": 0.1340599060058593}",0.0,0.1340599060058593,8749.451904296875,0.0,3.661945104598999,0.0,,0.0,0.0,30.0,150.0,21.49265747070312,33.49265747070312,Leave_One_experiments/all_year_offline_schedule_search/daily_outputs/YCA/YCA_2022_YCA2022_normal_grid_S0013_daily.csv
YCA,YCA,Yucheng,2022,Leave_One_experiments\wth_generated_qc\YCA\YCA2022.WTH,wet_year;nitrogen_stress_year;low_response_year,wet,YCA2022_normal_grid_S0013,irrigation_positive_candidate,2022-08-15,227,64,59,"{""sim_day"": 64.0, ""doy"": 227.0, ""topwt"": 9075.070190429688, ""grnwt"": 0.0, ""xlai"": 3.603724241256714, ""totir"": 0.0, ""tofer"": NaN, ""swfac"": 0.0, ""nstres"": 0.1271911263465881}",0.0,0.1271911263465881,9075.070190429688,0.0,3.603724241256714,0.0,,0.0,0.0,30.0,150.0,21.49265747070312,33.49265747070312,Leave_One_experiments/all_year_offline_schedule_search/daily_outputs/YCA/YCA_2022_YCA2022_normal_grid_S0013_daily.csv
YCA,YCA,Yucheng,2022,Leave_One_experiments\wth_generated_qc\YCA\YCA2022.WTH,wet_year;nitrogen_stress_year;low_response_year,wet,YCA2022_normal_grid_S0013,irrigation_positive_candidate,2022-08-16,228,65,60,"{""sim_day"": 65.0, ""doy"": 228.0, ""topwt"": 9396.133422851562, ""grnwt"": 0.0, ""xlai"": 3.5505592823028564, ""totir"": 0.0, ""tofer"": NaN, ""swfac"": 0.0, ""nstres"": 0.1180220246315002}",0.0,0.1180220246315002,9396.133422851562,0.0,3.5505592823028564,0.0,,0.0,50.0,30.0,150.0,21.49265747070312,33.49265747070312,Leave_One_experiments/all_year_offline_schedule_search/daily_outputs/YCA/YCA_2022_YCA2022_normal_grid_S0013_daily.csv
YCA,YCA,Yucheng,2022,Leave_One_experiments\wth_generated_qc\YCA\YCA2022.WTH,wet_year;nitrogen_stress_year;low_response_year,wet,YCA2022_normal_grid_S0013,irrigation_positive_candidate,2022-08-17,229,66,61,"{""sim_day"": 66.0, ""doy"": 229.0, ""topwt"": 9627.796020507812, ""grnwt"": 0.0, ""xlai"": 3.525325298309326, ""totir"": 0.0, ""tofer"": NaN, ""swfac"": 0.0, ""nstres"": 0.0568571090698242}",0.0,0.0568571090698242,9627.796020507812,0.0,3.525325298309326,0.0,,0.0,0.0,30.0,150.0,21.49265747070312,33.49265747070312,Leave_One_experiments/all_year_offline_schedule_search/daily_outputs/YCA/YCA_2022_YCA2022_normal_grid_S0013_daily.csv
YCA,YCA,Yucheng,2022,Leave_One_experiments\wth_generated_qc\YCA\YCA2022.WTH,wet_year;nitrogen_stress_year;low_response_year,wet,YCA2022_normal_grid_S0013,irrigation_positive_candidate,2022-08-18,230,67,62,"{""sim_day"": 67.0, ""doy"": 230.0, ""topwt"": 9773.009033203123, ""grnwt"": 171.39455795288086, ""xlai"": 3.525325298309326, ""totir"": 0.0, ""tofer"": NaN, ""swfac"": 0.0, ""nstres"": 0.0}",0.0,0.0,9773.009033203123,171.39455795288086,3.525325298309326,0.0,,0.0,0.0,30.0,150.0,21.49265747070312,33.49265747070312,Leave_One_experiments/all_year_offline_schedule_search/daily_outputs/YCA/YCA_2022_YCA2022_normal_grid_S0013_daily.csv
YCA,YCA,Yucheng,2022,Leave_One_experiments\wth_generated_qc\YCA\YCA2022.WTH,wet_year;nitrogen_stress_year;low_response_year,wet,YCA2022_normal_grid_S0013,irrigation_positive_candidate,2022-08-19,231,68,63,"{""sim_day"": 68.0, ""doy"": 231.0, ""topwt"": 10033.57666015625, ""grnwt"": 405.7802963256836, ""xlai"": 3.525325298309326, ""totir"": 0.0, ""tofer"": NaN, ""swfac"": 0.0, ""nstres"": 0.0}",0.0,0.0,10033.57666015625,405.7802963256836,3.525325298309326,0.0,,0.0,0.0,30.0,150.0,21.49265747070312,33.49265747070312,Leave_One_experiments/all_year_offline_schedule_search/daily_outputs/YCA/YCA_2022_YCA2022_normal_grid_S0013_daily.csv
YCA,YCA,Yucheng,2022,Leave_One_experiments\wth_generated_qc\YCA\YCA2022.WTH,wet_year;nitrogen_stress_year;low_response_year,wet,YCA2022_normal_grid_S0013,irrigation_positive_candidate,2022-08-20,232,69,64,"{""sim_day"": 69.0, ""doy"": 232.0, ""topwt"": 10267.962646484377, ""grnwt"": 640.166015625, ""xlai"": 3.525325298309326, ""totir"": 0.0, ""tofer"": NaN, ""swfac"": 0.0, ""nstres"": 0.0}",0.0,0.0,10267.962646484377,640.166015625,3.525325298309326,0.0,,0.0,0.0,30.0,150.0,21.49265747070312,33.49265747070312,Leave_One_experiments/all_year_offline_schedule_search/daily_outputs/YCA/YCA_2022_YCA2022_normal_grid_S0013_daily.csv
YCA,YCA,Yucheng,2022,Leave_One_experiments\wth_generated_qc\YCA\YCA2022.WTH,wet_year;nitrogen_stress_year;low_response_year,wet,YCA2022_normal_grid_S0013,irrigation_positive_candidate,2022-08-21,233,70,65,"{""sim_day"": 70.0, ""doy"": 233.0, ""topwt"": 10381.77734375, ""grnwt"": 836.4640808105469, ""xlai"": 3.525325298309326, ""totir"": 30.0, ""tofer"": NaN, ""swfac"": 0.0, ""nstres"": 0.0}",0.0,0.0,10381.77734375,836.4640808105469,3.525325298309326,30.0,,30.0,0.0,30.0,150.0,21.49265747070312,33.49265747070312,Leave_One_experiments/all_year_offline_schedule_search/daily_outputs/YCA/YCA_2022_YCA2022_normal_grid_S0013_daily.csv
YCA,YCA,Yucheng,2022,Leave_One_experiments\wth_generated_qc\YCA\YCA2022.WTH,wet_year;nitrogen_stress_year;low_response_year,wet,YCA2022_normal_grid_S0013,irrigation_positive_candidate,2022-08-22,234,71,66,"{""sim_day"": 71.0, ""doy"": 234.0, ""topwt"": 10698.646240234377, ""grnwt"": 1070.8497619628906, ""xlai"": 3.525325298309326, ""totir"": 30.0, ""tofer"": NaN, ""swfac"": 0.0, ""nstres"": 0.0}",0.0,0.0,10698.646240234377,1070.8497619628906,3.525325298309326,30.0,,0.0,0.0,30.0,150.0,21.49265747070312,33.49265747070312,Leave_One_experiments/all_year_offline_schedule_search/daily_outputs/YCA/YCA_2022_YCA2022_normal_grid_S0013_daily.csv
YCA,YCA,Yucheng,2022,Leave_One_experiments\wth_generated_qc\YCA\YCA2022.WTH,wet_year;nitrogen_stress_year;low_response_year,wet,YCA2022_normal_grid_S0013,irrigation_positive_candidate,2022-08-23,235,72,67,"{""sim_day"": 72.0, ""doy"": 235.0, ""topwt"": 10933.0322265625, ""grnwt"": 1305.2354431152344, ""xlai"": 3.525325298309326, ""totir"": 30.0, ""tofer"": NaN, ""swfac"": 0.0, ""nstres"": 0.0}",0.0,0.0,10933.0322265625,1305.2354431152344,3.525325298309326,30.0,,0.0,0.0,30.0,150.0,21.49265747070312,33.49265747070312,Leave_One_experiments/all_year_offline_schedule_search/daily_outputs/YCA/YCA_2022_YCA2022_normal_grid_S0013_daily.csv
YCA,YCA,Yucheng,2022,Leave_One_experiments\wth_generated_qc\YCA\YCA2022.WTH,wet_year;nitrogen_stress_year;low_response_year,wet,YCA2022_normal_grid_S0013,irrigation_positive_candidate,2022-08-24,236,73,68,"{""sim_day"": 73.0, ""doy"": 236.0, ""topwt"": 11167.418212890623, ""grnwt"": 1539.621124267578, ""xlai"": 3.525325298309326, ""totir"": 30.0, ""tofer"": NaN, ""swfac"": 0.0, ""nstres"": 0.0}",0.0,0.0,11167.418212890623,1539.621124267578,3.525325298309326,30.0,,0.0,0.0,30.0,150.0,21.49265747070312,33.49265747070312,Leave_One_experiments/all_year_offline_schedule_search/daily_outputs/YCA/YCA_2022_YCA2022_normal_grid_S0013_daily.csv
YCA,YCA,Yucheng,2022,Leave_One_experiments\wth_generated_qc\YCA\YCA2022.WTH,wet_year;nitrogen_stress_year;low_response_year,wet,YCA2022_normal_grid_S0013,irrigation_positive_candidate,2022-08-25,237,74,69,"{""sim_day"": 74.0, ""doy"": 237.0, ""topwt"": 11401.80419921875, ""grnwt"": 1774.006805419922, ""xlai"": 3.525325298309326, ""totir"": 30.0, ""tofer"": NaN, ""swfac"": 0.0, ""nstres"": 0.0}",0.0,0.0,11401.80419921875,1774.006805419922,3.525325298309326,30.0,,0.0,0.0,30.0,150.0,21.49265747070312,33.49265747070312,Leave_One_experiments/all_year_offline_schedule_search/daily_outputs/YCA/YCA_2022_YCA2022_normal_grid_S0013_daily.csv
YCA,YCA,Yucheng,2022,Leave_One_experiments\wth_generated_qc\YCA\YCA2022.WTH,wet_year;nitrogen_stress_year;low_response_year,wet,YCA2022_normal_grid_S0013,irrigation_positive_candidate,2022-08-26,238,75,70,"{""sim_day"": 75.0, ""doy"": 238.0, ""topwt"": 11636.190185546877, ""grnwt"": 2008.3924865722656, ""xlai"": 3.525325298309326, ""totir"": 30.0, ""tofer"": NaN, ""swfac"": 0.0, ""nstres"": 0.0}",0.0,0.0,11636.190185546877,2008.3924865722656,3.525325298309326,30.0,,0.0,0.0,30.0,150.0,21.49265747070312,33.49265747070312,Leave_One_experiments/all_year_offline_schedule_search/daily_outputs/YCA/YCA_2022_YCA2022_normal_grid_S0013_daily.csv
YCA,YCA,Yucheng,2022,Leave_One_experiments\wth_generated_qc\YCA\YCA2022.WTH,wet_year;nitrogen_stress_year;low_response_year,wet,YCA2022_normal_grid_S0013,irrigation_positive_candidate,2022-08-27,239,76,71,"{""sim_day"": 76.0, ""doy"": 239.0, ""topwt"": 11702.908935546877, ""grnwt"": 2242.7781677246094, ""xlai"": 3.525325298309326, ""totir"": 30.0, ""tofer"": NaN, ""swfac"": 0.0, ""nstres"": 0.0}",0.0,0.0,11702.908935546877,2242.7781677246094,3.525325298309326,30.0,,0.0,0.0,30.0,150.0,21.49265747070312,33.49265747070312,Leave_One_experiments/all_year_offline_schedule_search/daily_outputs/YCA/YCA_2022_YCA2022_normal_grid_S0013_daily.csv
YCA,YCA,Yucheng,2022,Leave_One_experiments\wth_generated_qc\YCA\YCA2022.WTH,wet_year;nitrogen_stress_year;low_response_year,wet,YCA2022_normal_grid_S0013,irrigation_positive_candidate,2022-08-28,240,77,72,"{""sim_day"": 77.0, ""doy"": 240.0, ""topwt"": 11875.59326171875, ""grnwt"": 2477.164001464844, ""xlai"": 3.525325298309326, ""totir"": 30.0, ""tofer"": NaN, ""swfac"": 0.0, ""nstres"": 0.0}",0.0,0.0,11875.59326171875,2477.164001464844,3.525325298309326,30.0,,0.0,0.0,30.0,150.0,21.49265747070312,33.49265747070312,Leave_One_experiments/all_year_offline_schedule_search/daily_outputs/YCA/YCA_2022_YCA2022_normal_grid_S0013_daily.csv
YCA,YCA,Yucheng,2022,Leave_One_experiments\wth_generated_qc\YCA\YCA2022.WTH,wet_year;nitrogen_stress_year;low_response_year,wet,YCA2022_normal_grid_S0013,irrigation_positive_candidate,2022-08-29,241,78,73,"{""sim_day"": 78.0, ""doy"": 241.0, ""topwt"": 12157.61962890625, ""grnwt"": 2711.5496826171875, ""xlai"": 3.525325298309326, ""totir"": 30.0, ""tofer"": NaN, ""swfac"": 0.0, ""nstres"": 0.0}",0.0,0.0,12157.61962890625,2711.5496826171875,3.525325298309326,30.0,,0.0,0.0,30.0,150.0,21.49265747070312,33.49265747070312,Leave_One_experiments/all_year_offline_schedule_search/daily_outputs/YCA/YCA_2022_YCA2022_normal_grid_S0013_daily.csv
YCA,YCA,Yucheng,2022,Leave_One_experiments\wth_generated_qc\YCA\YCA2022.WTH,wet_year;nitrogen_stress_year;low_response_year,wet,YCA2022_normal_grid_S0013,irrigation_positive_candidate,2022-08-30,242,79,74,"{""sim_day"": 79.0, ""doy"": 242.0, ""topwt"": 12500.479736328123, ""grnwt"": 2945.9356689453125, ""xlai"": 3.525325298309326, ""totir"": 30.0, ""tofer"": NaN, ""swfac"": 0.0, ""nstres"": 0.0}",0.0,0.0,12500.479736328123,2945.9356689453125,3.525325298309326,30.0,,0.0,0.0,30.0,150.0,21.49265747070312,33.49265747070312,Leave_One_experiments/all_year_offline_schedule_search/daily_outputs/YCA/YCA_2022_YCA2022_normal_grid_S0013_daily.csv
YCA,YCA,Yucheng,2022,Leave_One_experiments\wth_generated_qc\YCA\YCA2022.WTH,wet_year;nitrogen_stress_year;low_response_year,wet,YCA2022_normal_grid_S0013,irrigation_positive_candidate,2022-08-31,243,80,75,"{""sim_day"": 80.0, ""doy"": 243.0, ""topwt"": 12808.118896484377, ""grnwt"": 3180.321350097656, ""xlai"": 3.525325298309326, ""totir"": 30.0, ""tofer"": NaN, ""swfac"": 0.0, ""nstres"": 0.0}",0.0,0.0,12808.118896484377,3180.321350097656,3.525325298309326,30.0,,0.0,0.0,30.0,150.0,21.49265747070312,33.49265747070312,Leave_One_experiments/all_year_offline_schedule_search/daily_outputs/YCA/YCA_2022_YCA2022_normal_grid_S0013_daily.csv
YCA,YCA,Yucheng,2022,Leave_One_experiments\wth_generated_qc\YCA\YCA2022.WTH,wet_year;nitrogen_stress_year;low_response_year,wet,YCA2022_normal_grid_S0013,irrigation_positive_candidate,2022-09-01,244,81,76,"{""sim_day"": 81.0, ""doy"": 244.0, ""topwt"": 13042.5048828125, ""grnwt"": 3414.70703125, ""xlai"": 3.523290634155273, ""totir"": 30.0, ""tofer"": NaN, ""swfac"": 0.0, ""nstres"": 0.0046175122261047}",0.0,0.0046175122261047,13042.5048828125,3414.70703125,3.523290634155273,30.0,,0.0,0.0,30.0,150.0,21.49265747070312,33.49265747070312,Leave_One_experiments/all_year_offline_schedule_search/daily_outputs/YCA/YCA_2022_YCA2022_normal_grid_S0013_daily.csv
YCA,YCA,Yucheng,2022,Leave_One_experiments\wth_generated_qc\YCA\YCA2022.WTH,wet_year;nitrogen_stress_year;low_response_year,wet,YCA2022_normal_grid_S0013,irrigation_positive_candidate,2022-09-02,245,82,77,"{""sim_day"": 82.0, ""doy"": 245.0, ""topwt"": 13276.890869140623, ""grnwt"": 3649.093017578125, ""xlai"": 3.514047145843506, ""totir"": 30.0, ""tofer"": NaN, ""swfac"": 0.0, ""nstres"": 0.0209879875183105}",0.0,0.0209879875183105,13276.890869140623,3649.093017578125,3.514047145843506,30.0,,0.0,0.0,30.0,150.0,21.49265747070312,33.49265747070312,Leave_One_experiments/all_year_offline_schedule_search/daily_outputs/YCA/YCA_2022_YCA2022_normal_grid_S0013_daily.csv
YCA,YCA,Yucheng,2022,Leave_One_experiments\wth_generated_qc\YCA\YCA2022.WTH,wet_year;nitrogen_stress_year;low_response_year,wet,YCA2022_normal_grid_S0013,irrigation_positive_candidate,2022-09-03,246,83,78,"{""sim_day"": 83.0, ""doy"": 246.0, ""topwt"": 13511.275634765623, ""grnwt"": 3883.4786987304688, ""xlai"": 3.5008347034454346, ""totir"": 30.0, ""tofer"": NaN, ""swfac"": 0.0, ""nstres"": 0.0300798416137695}",0.0,0.0300798416137695,13511.275634765623,3883.4786987304688,3.5008347034454346,30.0,,0.0,0.0,30.0,150.0,21.49265747070312,33.49265747070312,Leave_One_experiments/all_year_offline_schedule_search/daily_outputs/YCA/YCA_2022_YCA2022_normal_grid_S0013_daily.csv
YCA,YCA,Yucheng,2022,Leave_One_experiments\wth_generated_qc\YCA\YCA2022.WTH,wet_year;nitrogen_stress_year;low_response_year,wet,YCA2022_normal_grid_S0013,irrigation_positive_candidate,2022-09-04,247,84,79,"{""sim_day"": 84.0, ""doy"": 247.0, ""topwt"": 13745.66162109375, ""grnwt"": 4117.8643798828125, ""xlai"": 3.4838085174560547, ""totir"": 30.0, ""tofer"": NaN, ""swfac"": 0.0, ""nstres"": 0.0389068126678466}",0.0,0.0389068126678466,13745.66162109375,4117.8643798828125,3.4838085174560547,30.0,,0.0,0.0,30.0,150.0,21.49265747070312,33.49265747070312,Leave_One_experiments/all_year_offline_schedule_search/daily_outputs/YCA/YCA_2022_YCA2022_normal_grid_S0013_daily.csv
YCA,YCA,Yucheng,2022,Leave_One_experiments\wth_generated_qc\YCA\YCA2022.WTH,wet_year;nitrogen_stress_year;low_response_year,wet,YCA2022_normal_grid_S0013,irrigation_positive_candidate,2022-09-05,248,85,80,"{""sim_day"": 85.0, ""doy"": 248.0, ""topwt"": 13980.047607421877, ""grnwt"": 4352.250061035156, ""xlai"": 3.4626026153564453, ""totir"": 30.0, ""tofer"": NaN, ""swfac"": 0.0, ""nstres"": 0.0486959218978881}",0.0,0.0486959218978881,13980.047607421877,4352.250061035156,3.4626026153564453,30.0,,0.0,0.0,30.0,150.0,21.49265747070312,33.49265747070312,Leave_One_experiments/all_year_offline_schedule_search/daily_outputs/YCA/YCA_2022_YCA2022_normal_grid_S0013_daily.csv
YCA,YCA,Yucheng,2022,Leave_One_experiments\wth_generated_qc\YCA\YCA2022.WTH,wet_year;nitrogen_stress_year;low_response_year,wet,YCA2022_normal_grid_S0013,irrigation_positive_candidate,2022-09-06,249,86,81,"{""sim_day"": 86.0, ""doy"": 249.0, ""topwt"": 14214.43359375, ""grnwt"": 4586.6357421875, ""xlai"": 3.4369616508483887, ""totir"": 30.0, ""tofer"": NaN, ""swfac"": 0.0, ""nstres"": 0.0592410564422607}",0.0,0.0592410564422607,14214.43359375,4586.6357421875,3.4369616508483887,30.0,,0.0,0.0,30.0,150.0,21.49265747070312,33.49265747070312,Leave_One_experiments/all_year_offline_schedule_search/daily_outputs/YCA/YCA_2022_YCA2022_normal_grid_S0013_daily.csv
YCA,YCA,Yucheng,2022,Leave_One_experiments\wth_generated_qc\YCA\YCA2022.WTH,wet_year;nitrogen_stress_year;low_response_year,wet,YCA2022_normal_grid_S0013,irrigation_positive_candidate,2022-09-07,250,87,82,"{""sim_day"": 87.0, ""doy"": 250.0, ""topwt"": 14448.819580078123, ""grnwt"": 4821.021728515625, ""xlai"": 3.36466908454895, ""totir"": 30.0, ""tofer"": NaN, ""swfac"": 0.0, ""nstres"": 0.0703203678131103}",0.0,0.0703203678131103,14448.819580078123,4821.021728515625,3.36466908454895,30.0,,0.0,0.0,30.0,150.0,21.49265747070312,33.49265747070312,Leave_One_experiments/all_year_offline_schedule_search/daily_outputs/YCA/YCA_2022_YCA2022_normal_grid_S0013_daily.csv
YCA,YCA,Yucheng,2022,Leave_One_experiments\wth_generated_qc\YCA\YCA2022.WTH,wet_year;nitrogen_stress_year;low_response_year,wet,YCA2022_normal_grid_S0013,irrigation_positive_candidate,2022-09-08,251,88,83,"{""sim_day"": 88.0, ""doy"": 251.0, ""topwt"": 14683.20556640625, ""grnwt"": 5055.407409667969, ""xlai"": 3.266633987426758, ""totir"": 30.0, ""tofer"": NaN, ""swfac"": 0.0, ""nstres"": 0.0815199613571167}",0.0,0.0815199613571167,14683.20556640625,5055.407409667969,3.266633987426758,30.0,,0.0,0.0,30.0,150.0,21.49265747070312,33.49265747070312,Leave_One_experiments/all_year_offline_schedule_search/daily_outputs/YCA/YCA_2022_YCA2022_normal_grid_S0013_daily.csv
YCA,YCA,Yucheng,2022,Leave_One_experiments\wth_generated_qc\YCA\YCA2022.WTH,wet_year;nitrogen_stress_year;low_response_year,wet,YCA2022_normal_grid_S0013,irrigation_positive_candidate,2022-09-09,252,89,84,"{""sim_day"": 89.0, ""doy"": 252.0, ""topwt"": 14917.591552734377, ""grnwt"": 5289.7930908203125, ""xlai"": 3.1561315059661865, ""totir"": 30.0, ""tofer"": NaN, ""swfac"": 0.0, ""nstres"": 0.0919989347457885}",0.0,0.0919989347457885,14917.591552734377,5289.7930908203125,3.1561315059661865,30.0,,0.0,0.0,30.0,150.0,21.49265747070312,33.49265747070312,Leave_One_experiments/all_year_offline_schedule_search/daily_outputs/YCA/YCA_2022_YCA2022_normal_grid_S0013_daily.csv
YCA,YCA,Yucheng,2022,Leave_One_experiments\wth_generated_qc\YCA\YCA2022.WTH,wet_year;nitrogen_stress_year;low_response_year,wet,YCA2022_normal_grid_S0013,irrigation_positive_candidate,2022-09-10,253,90,85,"{""sim_day"": 90.0, ""doy"": 253.0, ""topwt"": 15151.976318359377, ""grnwt"": 5524.1790771484375, ""xlai"": 3.0333096981048584, ""totir"": 30.0, ""tofer"": NaN, ""swfac"": 0.0, ""nstres"": 0.1030482053756713}",0.0,0.1030482053756713,15151.976318359377,5524.1790771484375,3.0333096981048584,30.0,,0.0,0.0,30.0,150.0,21.49265747070312,33.49265747070312,Leave_One_experiments/all_year_offline_schedule_search/daily_outputs/YCA/YCA_2022_YCA2022_normal_grid_S0013_daily.csv
YCA,YCA,Yucheng,2022,Leave_One_experiments\wth_generated_qc\YCA\YCA2022.WTH,wet_year;nitrogen_stress_year;low_response_year,wet,YCA2022_normal_grid_S0013,irrigation_positive_candidate,2022-09-11,254,91,86,"{""sim_day"": 91.0, ""doy"": 254.0, ""topwt"": 15386.3623046875, ""grnwt"": 5758.5650634765625, ""xlai"": 2.911986351013184, ""totir"": 30.0, ""tofer"": NaN, ""swfac"": 0.0, ""nstres"": 0.1151464581489563}",0.0,0.1151464581489563,15386.3623046875,5758.5650634765625,2.911986351013184,30.0,,0.0,0.0,30.0,150.0,21.49265747070312,33.49265747070312,Leave_One_experiments/all_year_offline_schedule_search/daily_outputs/YCA/YCA_2022_YCA2022_normal_grid_S0013_daily.csv
YCA,YCA,Yucheng,2022,Leave_One_experiments\wth_generated_qc\YCA\YCA2022.WTH,wet_year;nitrogen_stress_year;low_response_year,wet,YCA2022_normal_grid_S0013,irrigation_positive_candidate,2022-09-12,255,92,87,"{""sim_day"": 92.0, ""doy"": 255.0, ""topwt"": 15620.748291015623, ""grnwt"": 5992.950439453125, ""xlai"": 2.791374683380127, ""totir"": 30.0, ""tofer"": NaN, ""swfac"": 0.0, ""nstres"": 0.1282885074615478}",0.0,0.1282885074615478,15620.748291015623,5992.950439453125,2.791374683380127,30.0,,0.0,0.0,30.0,150.0,21.49265747070312,33.49265747070312,Leave_One_experiments/all_year_offline_schedule_search/daily_outputs/YCA/YCA_2022_YCA2022_normal_grid_S0013_daily.csv
YCA,YCA,Yucheng,2022,Leave_One_experiments\wth_generated_qc\YCA\YCA2022.WTH,wet_year;nitrogen_stress_year;low_response_year,wet,YCA2022_normal_grid_S0013,irrigation_positive_candidate,2022-09-13,256,93,88,"{""sim_day"": 93.0, ""doy"": 256.0, ""topwt"": 15833.75, ""grnwt"": 6227.33642578125, ""xlai"": 2.662164688110352, ""totir"": 30.0, ""tofer"": NaN, ""swfac"": 0.0, ""nstres"": 0.1417602300643921}",0.0,0.1417602300643921,15833.75,6227.33642578125,2.662164688110352,30.0,,0.0,0.0,30.0,150.0,21.49265747070312,33.49265747070312,Leave_One_experiments/all_year_offline_schedule_search/daily_outputs/YCA/YCA_2022_YCA2022_normal_grid_S0013_daily.csv
YCA,YCA,Yucheng,2022,Leave_One_experiments\wth_generated_qc\YCA\YCA2022.WTH,wet_year;nitrogen_stress_year;low_response_year,wet,YCA2022_normal_grid_S0013,irrigation_positive_candidate,2022-09-14,257,94,89,"{""sim_day"": 94.0, ""doy"": 257.0, ""topwt"": 15966.640625, ""grnwt"": 6461.722412109375, ""xlai"": 2.5299863815307617, ""totir"": 30.0, ""tofer"": NaN, ""swfac"": 0.0, ""nstres"": 0.1557483077049255}",0.0,0.1557483077049255,15966.640625,6461.722412109375,2.5299863815307617,30.0,,0.0,0.0,30.0,150.0,21.49265747070312,33.49265747070312,Leave_One_experiments/all_year_offline_schedule_search/daily_outputs/YCA/YCA_2022_YCA2022_normal_grid_S0013_daily.csv
YCA,YCA,Yucheng,2022,Leave_One_experiments\wth_generated_qc\YCA\YCA2022.WTH,wet_year;nitrogen_stress_year;low_response_year,wet,YCA2022_normal_grid_S0013,irrigation_positive_candidate,2022-09-15,258,95,90,"{""sim_day"": 95.0, ""doy"": 258.0, ""topwt"": 16240.57373046875, ""grnwt"": 6696.1077880859375, ""xlai"": 2.3793630599975586, ""totir"": 30.0, ""tofer"": NaN, ""swfac"": 0.0, ""nstres"": 0.1677302122116089}",0.0,0.1677302122116089,16240.57373046875,6696.1077880859375,2.3793630599975586,30.0,,0.0,0.0,30.0,150.0,21.49265747070312,33.49265747070312,Leave_One_experiments/all_year_offline_schedule_search/daily_outputs/YCA/YCA_2022_YCA2022_normal_grid_S0013_daily.csv
YCA,YCA,Yucheng,2022,Leave_One_experiments\wth_generated_qc\YCA\YCA2022.WTH,wet_year;nitrogen_stress_year;low_response_year,wet,YCA2022_normal_grid_S0013,irrigation_positive_candidate,2022-09-16,259,96,91,"{""sim_day"": 96.0, ""doy"": 259.0, ""topwt"": 16488.834228515625, ""grnwt"": 6930.493774414063, ""xlai"": 2.2265985012054443, ""totir"": 30.0, ""tofer"": NaN, ""swfac"": 0.0, ""nstres"": 0.1747196912765503}",0.0,0.1747196912765503,16488.834228515625,6930.493774414063,2.2265985012054443,30.0,,0.0,0.0,30.0,150.0,21.49265747070312,33.49265747070312,Leave_One_experiments/all_year_offline_schedule_search/daily_outputs/YCA/YCA_2022_YCA2022_normal_grid_S0013_daily.csv
YCA,YCA,Yucheng,2022,Leave_One_experiments\wth_generated_qc\YCA\YCA2022.WTH,wet_year;nitrogen_stress_year;low_response_year,wet,YCA2022_normal_grid_S0013,irrigation_positive_candidate,2022-09-17,260,97,92,"{""sim_day"": 97.0, ""doy"": 260.0, ""topwt"": 16736.983642578125, ""grnwt"": 7164.879760742188, ""xlai"": 2.064676523208618, ""totir"": 30.0, ""tofer"": NaN, ""swfac"": 0.0, ""nstres"": 0.1926052570343017}",0.0,0.1926052570343017,16736.983642578125,7164.879760742188,2.064676523208618,30.0,,0.0,0.0,30.0,150.0,21.49265747070312,33.49265747070312,Leave_One_experiments/all_year_offline_schedule_search/daily_outputs/YCA/YCA_2022_YCA2022_normal_grid_S0013_daily.csv
YCA,YCA,Yucheng,2022,Leave_One_experiments\wth_generated_qc\YCA\YCA2022.WTH,wet_year;nitrogen_stress_year;low_response_year,wet,YCA2022_normal_grid_S0013,irrigation_positive_candidate,2022-09-18,261,98,93,"{""sim_day"": 98.0, ""doy"": 261.0, ""topwt"": 16985.517578125, ""grnwt"": 7399.265747070312, ""xlai"": 1.9120644330978396, ""totir"": 30.0, ""tofer"": NaN, ""swfac"": 0.0, ""nstres"": 0.2275705933570861}",0.0,0.2275705933570861,16985.517578125,7399.265747070312,1.9120644330978396,30.0,,0.0,0.0,30.0,150.0,21.49265747070312,33.49265747070312,Leave_One_experiments/all_year_offline_schedule_search/daily_outputs/YCA/YCA_2022_YCA2022_normal_grid_S0013_daily.csv
YCA,YCA,Yucheng,2022,Leave_One_experiments\wth_generated_qc\YCA\YCA2022.WTH,wet_year;nitrogen_stress_year;low_response_year,wet,YCA2022_normal_grid_S0013,irrigation_positive_candidate,2022-09-19,262,99,94,"{""sim_day"": 99.0, ""doy"": 262.0, ""topwt"": 16985.517578125, ""grnwt"": 7399.265747070312, ""xlai"": 1.9120644330978396, ""totir"": 30.0, ""tofer"": NaN, ""swfac"": 0.0, ""nstres"": 0.2780247926712036}",0.0,0.2780247926712036,16985.517578125,7399.265747070312,1.9120644330978396,30.0,,0.0,0.0,30.0,150.0,21.49265747070312,33.49265747070312,Leave_One_experiments/all_year_offline_schedule_search/daily_outputs/YCA/YCA_2022_YCA2022_normal_grid_S0013_daily.csv
YCA,YCA,Yucheng,2022,Leave_One_experiments\wth_generated_qc\YCA\YCA2022.WTH,wet_year;nitrogen_stress_year;low_response_year,wet,YCA2022_normal_grid_S0013,irrigation_positive_candidate,2022-09-20,263,100,95,"{""sim_day"": 100.0, ""doy"": 263.0, ""topwt"": 16985.517578125, ""grnwt"": 7399.265747070312, ""xlai"": 1.9120644330978396, ""totir"": 30.0, ""tofer"": NaN, ""swfac"": 0.0, ""nstres"": 0.2780247926712036}",0.0,0.2780247926712036,16985.517578125,7399.265747070312,1.9120644330978396,30.0,,0.0,0.0,30.0,150.0,21.49265747070312,33.49265747070312,Leave_One_experiments/all_year_offline_schedule_search/daily_outputs/YCA/YCA_2022_YCA2022_normal_grid_S0013_daily.csv
YCA,YCA,Yucheng,2022,Leave_One_experiments\wth_generated_qc\YCA\YCA2022.WTH,wet_year;nitrogen_stress_year;low_response_year,wet,YCA2022_normal_grid_S0013,irrigation_positive_candidate,2022-09-21,264,101,96,"{""sim_day"": 101.0, ""doy"": 264.0, ""topwt"": 16985.517578125, ""grnwt"": 7399.265747070312, ""xlai"": 1.9120644330978396, ""totir"": 30.0, ""tofer"": NaN, ""swfac"": 0.0, ""nstres"": 0.2780247926712036}",0.0,0.2780247926712036,16985.517578125,7399.265747070312,1.9120644330978396,30.0,,0.0,0.0,30.0,150.0,21.49265747070312,33.49265747070312,Leave_One_experiments/all_year_offline_schedule_search/daily_outputs/YCA/YCA_2022_YCA2022_normal_grid_S0013_daily.csv
YCA,YCA,Yucheng,2022,Leave_One_experiments\wth_generated_qc\YCA\YCA2022.WTH,wet_year;nitrogen_stress_year;low_response_year,wet,YCA2022_normal_grid_S0013,irrigation_positive_candidate,2022-09-22,265,102,97,"{""sim_day"": 102.0, ""doy"": 265.0, ""topwt"": 16985.517578125, ""grnwt"": 7399.265747070312, ""xlai"": 1.9120644330978396, ""totir"": 30.0, ""tofer"": NaN, ""swfac"": 0.0, ""nstres"": 0.2780247926712036}",0.0,0.2780247926712036,16985.517578125,7399.265747070312,1.9120644330978396,30.0,,0.0,0.0,30.0,150.0,21.49265747070312,33.49265747070312,Leave_One_experiments/all_year_offline_schedule_search/daily_outputs/YCA/YCA_2022_YCA2022_normal_grid_S0013_daily.csv
YCA,YCA,Yucheng,2022,Leave_One_experiments\wth_generated_qc\YCA\YCA2022.WTH,wet_year;nitrogen_stress_year;low_response_year,wet,YCA2022_normal_grid_S0028,low_input_within_10pct_yield,2022-06-18,169,1,1,"{""sim_day"": 1.0, ""doy"": 169.0, ""topwt"": 0.0, ""grnwt"": 0.0, ""xlai"": 0.0, ""totir"": 0.0, ""tofer"": NaN, ""swfac"": 0.0, ""nstres"": 0.0}",0.0,0.0,0.0,0.0,0.0,0.0,,0.0,80.0,0.0,180.0,35.35386352539062,35.35386352539062,Leave_One_experiments/all_year_offline_schedule_search/daily_outputs/YCA/YCA_2022_YCA2022_normal_grid_S0028_daily.csv
YCA,YCA,Yucheng,2022,Leave_One_experiments\wth_generated_qc\YCA\YCA2022.WTH,wet_year;nitrogen_stress_year;low_response_year,wet,YCA2022_normal_grid_S0028,low_input_within_10pct_yield,2022-06-19,170,2,2,"{""sim_day"": 2.0, ""doy"": 170.0, ""topwt"": 0.0, ""grnwt"": 0.0, ""xlai"": 0.0, ""totir"": 0.0, ""tofer"": NaN, ""swfac"": 0.0, ""nstres"": 0.0}",0.0,0.0,0.0,0.0,0.0,0.0,,0.0,0.0,0.0,180.0,35.35386352539062,35.35386352539062,Leave_One_experiments/all_year_offline_schedule_search/daily_outputs/YCA/YCA_2022_YCA2022_normal_grid_S0028_daily.csv
YCA,YCA,Yucheng,2022,Leave_One_experiments\wth_generated_qc\YCA\YCA2022.WTH,wet_year;nitrogen_stress_year;low_response_year,wet,YCA2022_normal_grid_S0028,low_input_within_10pct_yield,2022-06-20,171,3,3,"{""sim_day"": 3.0, ""doy"": 171.0, ""topwt"": 0.0, ""grnwt"": 0.0, ""xlai"": 0.0, ""totir"": 0.0, ""tofer"": NaN, ""swfac"": 0.0, ""nstres"": 0.0}",0.0,0.0,0.0,0.0,0.0,0.0,,0.0,0.0,0.0,180.0,35.35386352539062,35.35386352539062,Leave_One_experiments/all_year_offline_schedule_search/daily_outputs/YCA/YCA_2022_YCA2022_normal_grid_S0028_daily.csv
YCA,YCA,Yucheng,2022,Leave_One_experiments\wth_generated_qc\YCA\YCA2022.WTH,wet_year;nitrogen_stress_year;low_response_year,wet,YCA2022_normal_grid_S0028,low_input_within_10pct_yield,2022-06-21,172,4,4,"{""sim_day"": 4.0, ""doy"": 172.0, ""topwt"": 0.0, ""grnwt"": 0.0, ""xlai"": 0.0, ""totir"": 0.0, ""tofer"": NaN, ""swfac"": 0.0, ""nstres"": 0.0}",0.0,0.0,0.0,0.0,0.0,0.0,,0.0,0.0,0.0,180.0,35.35386352539062,35.35386352539062,Leave_One_experiments/all_year_offline_schedule_search/daily_outputs/YCA/YCA_2022_YCA2022_normal_grid_S0028_daily.csv
YCA,YCA,Yucheng,2022,Leave_One_experiments\wth_generated_qc\YCA\YCA2022.WTH,wet_year;nitrogen_stress_year;low_response_year,wet,YCA2022_normal_grid_S0028,low_input_within_10pct_yield,2022-06-22,173,5,5,"{""sim_day"": 5.0, ""doy"": 173.0, ""topwt"": 0.0, ""grnwt"": 0.0, ""xlai"": 0.0, ""totir"": 0.0, ""tofer"": NaN, ""swfac"": 0.0, ""nstres"": 0.0}",0.0,0.0,0.0,0.0,0.0,0.0,,0.0,0.0,0.0,180.0,35.35386352539062,35.35386352539062,Leave_One_experiments/all_year_offline_schedule_search/daily_outputs/YCA/YCA_2022_YCA2022_normal_grid_S0028_daily.csv
YCA,YCA,Yucheng,2022,Leave_One_experiments\wth_generated_qc\YCA\YCA2022.WTH,wet_year;nitrogen_stress_year;low_response_year,wet,YCA2022_normal_grid_S0028,low_input_within_10pct_yield,2022-06-18,169,6,1,"{""sim_day"": 6.0, ""doy"": 169.0, ""topwt"": 0.0, ""grnwt"": 0.0, ""xlai"": 0.0, ""totir"": 0.0, ""tofer"": NaN, ""swfac"": 0.0, ""nstres"": 0.0}",0.0,0.0,0.0,0.0,0.0,0.0,,0.0,0.0,0.0,180.0,35.35386352539062,35.35386352539062,Leave_One_experiments/all_year_offline_schedule_search/daily_outputs/YCA/YCA_2022_YCA2022_normal_grid_S0028_daily.csv
YCA,YCA,Yucheng,2022,Leave_One_experiments\wth_generated_qc\YCA\YCA2022.WTH,wet_year;nitrogen_stress_year;low_response_year,wet,YCA2022_normal_grid_S0028,low_input_within_10pct_yield,2022-06-19,170,7,2,"{""sim_day"": 7.0, ""doy"": 170.0, ""topwt"": 0.0, ""grnwt"": 0.0, ""xlai"": 0.0, ""totir"": 0.0, ""tofer"": NaN, ""swfac"": 0.0, ""nstres"": 0.0}",0.0,0.0,0.0,0.0,0.0,0.0,,0.0,0.0,0.0,180.0,35.35386352539062,35.35386352539062,Leave_One_experiments/all_year_offline_schedule_search/daily_outputs/YCA/YCA_2022_YCA2022_normal_grid_S0028_daily.csv
YCA,YCA,Yucheng,2022,Leave_One_experiments\wth_generated_qc\YCA\YCA2022.WTH,wet_year;nitrogen_stress_year;low_response_year,wet,YCA2022_normal_grid_S0028,low_input_within_10pct_yield,2022-06-20,171,8,3,"{""sim_day"": 8.0, ""doy"": 171.0, ""topwt"": 0.0, ""grnwt"": 0.0, ""xlai"": 0.0, ""totir"": 0.0, ""tofer"": NaN, ""swfac"": 0.0, ""nstres"": 0.0}",0.0,0.0,0.0,0.0,0.0,0.0,,0.0,0.0,0.0,180.0,35.35386352539062,35.35386352539062,Leave_One_experiments/all_year_offline_schedule_search/daily_outputs/YCA/YCA_2022_YCA2022_normal_grid_S0028_daily.csv
YCA,YCA,Yucheng,2022,Leave_One_experiments\wth_generated_qc\YCA\YCA2022.WTH,wet_year;nitrogen_stress_year;low_response_year,wet,YCA2022_normal_grid_S0028,low_input_within_10pct_yield,2022-06-21,172,9,4,"{""sim_day"": 9.0, ""doy"": 172.0, ""topwt"": 0.0, ""grnwt"": 0.0, ""xlai"": 0.0, ""totir"": 0.0, ""tofer"": NaN, ""swfac"": 0.0, ""nstres"": 0.0}",0.0,0.0,0.0,0.0,0.0,0.0,,0.0,0.0,0.0,180.0,35.35386352539062,35.35386352539062,Leave_One_experiments/all_year_offline_schedule_search/daily_outputs/YCA/YCA_2022_YCA2022_normal_grid_S0028_daily.csv
YCA,YCA,Yucheng,2022,Leave_One_experiments\wth_generated_qc\YCA\YCA2022.WTH,wet_year;nitrogen_stress_year;low_response_year,wet,YCA2022_normal_grid_S0028,low_input_within_10pct_yield,2022-06-22,173,10,5,"{""sim_day"": 10.0, ""doy"": 173.0, ""topwt"": 26.400001049041748, ""grnwt"": 0.0, ""xlai"": 0.0057302368804812, ""totir"": 0.0, ""tofer"": NaN, ""swfac"": 0.0, ""nstres"": 0.0121910572052001}",0.0,0.0121910572052001,26.400001049041748,0.0,0.0057302368804812,0.0,,0.0,0.0,0.0,180.0,35.35386352539062,35.35386352539062,Leave_One_experiments/all_year_offline_schedule_search/daily_outputs/YCA/YCA_2022_YCA2022_normal_grid_S0028_daily.csv
YCA,YCA,Yucheng,2022,Leave_One_experiments\wth_generated_qc\YCA\YCA2022.WTH,wet_year;nitrogen_stress_year;low_response_year,wet,YCA2022_normal_grid_S0028,low_input_within_10pct_yield,2022-06-23,174,11,6,"{""sim_day"": 11.0, ""doy"": 174.0, ""topwt"": 26.400001049041748, ""grnwt"": 0.0, ""xlai"": 0.0120686031877994, ""totir"": 0.0, ""tofer"": NaN, ""swfac"": 0.0, ""nstres"": 0.0054185390472412}",0.0,0.0054185390472412,26.400001049041748,0.0,0.0120686031877994,0.0,,0.0,0.0,0.0,180.0,35.35386352539062,35.35386352539062,Leave_One_experiments/all_year_offline_schedule_search/daily_outputs/YCA/YCA_2022_YCA2022_normal_grid_S0028_daily.csv
YCA,YCA,Yucheng,2022,Leave_One_experiments\wth_generated_qc\YCA\YCA2022.WTH,wet_year;nitrogen_stress_year;low_response_year,wet,YCA2022_normal_grid_S0028,low_input_within_10pct_yield,2022-06-24,175,12,7,"{""sim_day"": 12.0, ""doy"": 175.0, ""topwt"": 26.400001049041748, ""grnwt"": 0.0, ""xlai"": 0.0196751654148101, ""totir"": 0.0, ""tofer"": NaN, ""swfac"": 0.0, ""nstres"": 0.0}",0.0,0.0,26.400001049041748,0.0,0.0196751654148101,0.0,,0.0,0.0,0.0,180.0,35.35386352539062,35.35386352539062,Leave_One_experiments/all_year_offline_schedule_search/daily_outputs/YCA/YCA_2022_YCA2022_normal_grid_S0028_daily.csv
YCA,YCA,Yucheng,2022,Leave_One_experiments\wth_generated_qc\YCA\YCA2022.WTH,wet_year;nitrogen_stress_year;low_response_year,wet,YCA2022_normal_grid_S0028,low_input_within_10pct_yield,2022-06-25,176,13,8,"{""sim_day"": 13.0, ""doy"": 176.0, ""topwt"": 27.895827293396, ""grnwt"": 0.0, ""xlai"": 0.0493605881929397, ""totir"": 0.0, ""tofer"": NaN, ""swfac"": 0.0, ""nstres"": 0.0}",0.0,0.0,27.895827293396,0.0,0.0493605881929397,0.0,,0.0,0.0,0.0,180.0,35.35386352539062,35.35386352539062,Leave_One_experiments/all_year_offline_schedule_search/daily_outputs/YCA/YCA_2022_YCA2022_normal_grid_S0028_daily.csv
YCA,YCA,Yucheng,2022,Leave_One_experiments\wth_generated_qc\YCA\YCA2022.WTH,wet_year;nitrogen_stress_year;low_response_year,wet,YCA2022_normal_grid_S0028,low_input_within_10pct_yield,2022-06-26,177,14,9,"{""sim_day"": 14.0, ""doy"": 177.0, ""topwt"": 38.69732618331909, ""grnwt"": 0.0, ""xlai"": 0.0765816047787666, ""totir"": 0.0, ""tofer"": NaN, ""swfac"": 0.0, ""nstres"": 0.0}",0.0,0.0,38.69732618331909,0.0,0.0765816047787666,0.0,,0.0,0.0,0.0,180.0,35.35386352539062,35.35386352539062,Leave_One_experiments/all_year_offline_schedule_search/daily_outputs/YCA/YCA_2022_YCA2022_normal_grid_S0028_daily.csv
YCA,YCA,Yucheng,2022,Leave_One_experiments\wth_generated_qc\YCA\YCA2022.WTH,wet_year;nitrogen_stress_year;low_response_year,wet,YCA2022_normal_grid_S0028,low_input_within_10pct_yield,2022-06-27,178,15,10,"{""sim_day"": 15.0, ""doy"": 178.0, ""topwt"": 53.41106414794922, ""grnwt"": 0.0, ""xlai"": 0.110069952905178, ""totir"": 0.0, ""tofer"": NaN, ""swfac"": 0.0, ""nstres"": 0.0040462017059326}",0.0,0.0040462017059326,53.41106414794922,0.0,0.110069952905178,0.0,,0.0,0.0,0.0,180.0,35.35386352539062,35.35386352539062,Leave_One_experiments/all_year_offline_schedule_search/daily_outputs/YCA/YCA_2022_YCA2022_normal_grid_S0028_daily.csv
YCA,YCA,Yucheng,2022,Leave_One_experiments\wth_generated_qc\YCA\YCA2022.WTH,wet_year;nitrogen_stress_year;low_response_year,wet,YCA2022_normal_grid_S0028,low_input_within_10pct_yield,2022-06-28,179,16,11,"{""sim_day"": 16.0, ""doy"": 179.0, ""topwt"": 70.60389041900635, ""grnwt"": 0.0, ""xlai"": 0.1460967063903808, ""totir"": 0.0, ""tofer"": NaN, ""swfac"": 0.0, ""nstres"": 0.0}",0.0,0.0,70.60389041900635,0.0,0.1460967063903808,0.0,,0.0,0.0,0.0,180.0,35.35386352539062,35.35386352539062,Leave_One_experiments/all_year_offline_schedule_search/daily_outputs/YCA/YCA_2022_YCA2022_normal_grid_S0028_daily.csv
YCA,YCA,Yucheng,2022,Leave_One_experiments\wth_generated_qc\YCA\YCA2022.WTH,wet_year;nitrogen_stress_year;low_response_year,wet,YCA2022_normal_grid_S0028,low_input_within_10pct_yield,2022-06-29,180,17,12,"{""sim_day"": 17.0, ""doy"": 180.0, ""topwt"": 88.72011184692383, ""grnwt"": 0.0, ""xlai"": 0.1816793531179428, ""totir"": 0.0, ""tofer"": NaN, ""swfac"": 0.0, ""nstres"": 0.0}",0.0,0.0,88.72011184692383,0.0,0.1816793531179428,0.0,,0.0,0.0,0.0,180.0,35.35386352539062,35.35386352539062,Leave_One_experiments/all_year_offline_schedule_search/daily_outputs/YCA/YCA_2022_YCA2022_normal_grid_S0028_daily.csv
YCA,YCA,Yucheng,2022,Leave_One_experiments\wth_generated_qc\YCA\YCA2022.WTH,wet_year;nitrogen_stress_year;low_response_year,wet,YCA2022_normal_grid_S0028,low_input_within_10pct_yield,2022-06-30,181,18,13,"{""sim_day"": 18.0, ""doy"": 181.0, ""topwt"": 115.66253662109376, ""grnwt"": 0.0, ""xlai"": 0.2314891517162323, ""totir"": 0.0, ""tofer"": NaN, ""swfac"": 0.0, ""nstres"": 0.0}",0.0,0.0,115.66253662109376,0.0,0.2314891517162323,0.0,,0.0,0.0,0.0,180.0,35.35386352539062,35.35386352539062,Leave_One_experiments/all_year_offline_schedule_search/daily_outputs/YCA/YCA_2022_YCA2022_normal_grid_S0028_daily.csv
YCA,YCA,Yucheng,2022,Leave_One_experiments\wth_generated_qc\YCA\YCA2022.WTH,wet_year;nitrogen_stress_year;low_response_year,wet,YCA2022_normal_grid_S0028,low_input_within_10pct_yield,2022-07-01,182,19,14,"{""sim_day"": 19.0, ""doy"": 182.0, ""topwt"": 151.8768310546875, ""grnwt"": 0.0, ""xlai"": 0.2943222522735595, ""totir"": 0.0, ""tofer"": NaN, ""swfac"": 0.0, ""nstres"": 0.0}",0.0,0.0,151.8768310546875,0.0,0.2943222522735595,0.0,,0.0,0.0,0.0,180.0,35.35386352539062,35.35386352539062,Leave_One_experiments/all_year_offline_schedule_search/daily_outputs/YCA/YCA_2022_YCA2022_normal_grid_S0028_daily.csv
YCA,YCA,Yucheng,2022,Leave_One_experiments\wth_generated_qc\YCA\YCA2022.WTH,wet_year;nitrogen_stress_year;low_response_year,wet,YCA2022_normal_grid_S0028,low_input_within_10pct_yield,2022-07-02,183,20,15,"{""sim_day"": 20.0, ""doy"": 183.0, ""topwt"": 175.74640274047852, ""grnwt"": 0.0, ""xlai"": 0.35651496052742, ""totir"": 0.0, ""tofer"": NaN, ""swfac"": 0.0, ""nstres"": 0.0}",0.0,0.0,175.74640274047852,0.0,0.35651496052742,0.0,,0.0,0.0,0.0,180.0,35.35386352539062,35.35386352539062,Leave_One_experiments/all_year_offline_schedule_search/daily_outputs/YCA/YCA_2022_YCA2022_normal_grid_S0028_daily.csv
YCA,YCA,Yucheng,2022,Leave_One_experiments\wth_generated_qc\YCA\YCA2022.WTH,wet_year;nitrogen_stress_year;low_response_year,wet,YCA2022_normal_grid_S0028,low_input_within_10pct_yield,2022-07-03,184,21,16,"{""sim_day"": 21.0, ""doy"": 184.0, ""topwt"": 231.2809944152832, ""grnwt"": 0.0, ""xlai"": 0.4500907659530639, ""totir"": 0.0, ""tofer"": NaN, ""swfac"": 0.0, ""nstres"": 0.0}",0.0,0.0,231.2809944152832,0.0,0.4500907659530639,0.0,,0.0,0.0,0.0,180.0,35.35386352539062,35.35386352539062,Leave_One_experiments/all_year_offline_schedule_search/daily_outputs/YCA/YCA_2022_YCA2022_normal_grid_S0028_daily.csv
YCA,YCA,Yucheng,2022,Leave_One_experiments\wth_generated_qc\YCA\YCA2022.WTH,wet_year;nitrogen_stress_year;low_response_year,wet,YCA2022_normal_grid_S0028,low_input_within_10pct_yield,2022-07-04,185,22,17,"{""sim_day"": 22.0, ""doy"": 185.0, ""topwt"": 289.0215873718262, ""grnwt"": 0.0, ""xlai"": 0.542094886302948, ""totir"": 0.0, ""tofer"": NaN, ""swfac"": 0.0, ""nstres"": 0.0026895403861999}",0.0,0.0026895403861999,289.0215873718262,0.0,0.542094886302948,0.0,,0.0,0.0,0.0,180.0,35.35386352539062,35.35386352539062,Leave_One_experiments/all_year_offline_schedule_search/daily_outputs/YCA/YCA_2022_YCA2022_normal_grid_S0028_daily.csv
YCA,YCA,Yucheng,2022,Leave_One_experiments\wth_generated_qc\YCA\YCA2022.WTH,wet_year;nitrogen_stress_year;low_response_year,wet,YCA2022_normal_grid_S0028,low_input_within_10pct_yield,2022-07-05,186,23,18,"{""sim_day"": 23.0, ""doy"": 186.0, ""topwt"": 324.9036407470703, ""grnwt"": 0.0, ""xlai"": 0.5969408750534058, ""totir"": 0.0, ""tofer"": NaN, ""swfac"": 0.0, ""nstres"": 0.0}",0.0,0.0,324.9036407470703,0.0,0.5969408750534058,0.0,,0.0,0.0,0.0,180.0,35.35386352539062,35.35386352539062,Leave_One_experiments/all_year_offline_schedule_search/daily_outputs/YCA/YCA_2022_YCA2022_normal_grid_S0028_daily.csv
YCA,YCA,Yucheng,2022,Leave_One_experiments\wth_generated_qc\YCA\YCA2022.WTH,wet_year;nitrogen_stress_year;low_response_year,wet,YCA2022_normal_grid_S0028,low_input_within_10pct_yield,2022-07-06,187,24,19,"{""sim_day"": 24.0, ""doy"": 187.0, ""topwt"": 409.7475814819336, ""grnwt"": 0.0, ""xlai"": 0.7222298383712769, ""totir"": 0.0, ""tofer"": NaN, ""swfac"": 0.0, ""nstres"": 0.0}",0.0,0.0,409.7475814819336,0.0,0.7222298383712769,0.0,,0.0,0.0,0.0,180.0,35.35386352539062,35.35386352539062,Leave_One_experiments/all_year_offline_schedule_search/daily_outputs/YCA/YCA_2022_YCA2022_normal_grid_S0028_daily.csv
YCA,YCA,Yucheng,2022,Leave_One_experiments\wth_generated_qc\YCA\YCA2022.WTH,wet_year;nitrogen_stress_year;low_response_year,wet,YCA2022_normal_grid_S0028,low_input_within_10pct_yield,2022-07-07,188,25,20,"{""sim_day"": 25.0, ""doy"": 188.0, ""topwt"": 515.5223846435547, ""grnwt"": 0.0, ""xlai"": 0.8706911206245422, ""totir"": 0.0, ""tofer"": NaN, ""swfac"": 0.0, ""nstres"": 0.0}",0.0,0.0,515.5223846435547,0.0,0.8706911206245422,0.0,,0.0,0.0,0.0,180.0,35.35386352539062,35.35386352539062,Leave_One_experiments/all_year_offline_schedule_search/daily_outputs/YCA/YCA_2022_YCA2022_normal_grid_S0028_daily.csv
YCA,YCA,Yucheng,2022,Leave_One_experiments\wth_generated_qc\YCA\YCA2022.WTH,wet_year;nitrogen_stress_year;low_response_year,wet,YCA2022_normal_grid_S0028,low_input_within_10pct_yield,2022-07-08,189,26,21,"{""sim_day"": 26.0, ""doy"": 189.0, ""topwt"": 638.5684585571289, ""grnwt"": 0.0, ""xlai"": 1.0351903438568115, ""totir"": 0.0, ""tofer"": NaN, ""swfac"": 0.0, ""nstres"": 0.0}",0.0,0.0,638.5684585571289,0.0,1.0351903438568115,0.0,,0.0,0.0,0.0,180.0,35.35386352539062,35.35386352539062,Leave_One_experiments/all_year_offline_schedule_search/daily_outputs/YCA/YCA_2022_YCA2022_normal_grid_S0028_daily.csv
YCA,YCA,Yucheng,2022,Leave_One_experiments\wth_generated_qc\YCA\YCA2022.WTH,wet_year;nitrogen_stress_year;low_response_year,wet,YCA2022_normal_grid_S0028,low_input_within_10pct_yield,2022-07-09,190,27,22,"{""sim_day"": 27.0, ""doy"": 190.0, ""topwt"": 676.0008239746094, ""grnwt"": 0.0, ""xlai"": 1.0772079229354858, ""totir"": 0.0, ""tofer"": NaN, ""swfac"": 0.0, ""nstres"": 0.0}",0.0,0.0,676.0008239746094,0.0,1.0772079229354858,0.0,,0.0,0.0,0.0,180.0,35.35386352539062,35.35386352539062,Leave_One_experiments/all_year_offline_schedule_search/daily_outputs/YCA/YCA_2022_YCA2022_normal_grid_S0028_daily.csv
YCA,YCA,Yucheng,2022,Leave_One_experiments\wth_generated_qc\YCA\YCA2022.WTH,wet_year;nitrogen_stress_year;low_response_year,wet,YCA2022_normal_grid_S0028,low_input_within_10pct_yield,2022-07-10,191,28,23,"{""sim_day"": 28.0, ""doy"": 191.0, ""topwt"": 791.7325592041016, ""grnwt"": 0.0, ""xlai"": 1.2283072471618652, ""totir"": 0.0, ""tofer"": NaN, ""swfac"": 0.0, ""nstres"": 0.0}",0.0,0.0,791.7325592041016,0.0,1.2283072471618652,0.0,,0.0,0.0,0.0,180.0,35.35386352539062,35.35386352539062,Leave_One_experiments/all_year_offline_schedule_search/daily_outputs/YCA/YCA_2022_YCA2022_normal_grid_S0028_daily.csv
YCA,YCA,Yucheng,2022,Leave_One_experiments\wth_generated_qc\YCA\YCA2022.WTH,wet_year;nitrogen_stress_year;low_response_year,wet,YCA2022_normal_grid_S0028,low_input_within_10pct_yield,2022-07-11,192,29,24,"{""sim_day"": 29.0, ""doy"": 192.0, ""topwt"": 833.6239624023438, ""grnwt"": 0.0, ""xlai"": 1.2810148000717163, ""totir"": 0.0, ""tofer"": NaN, ""swfac"": 0.0, ""nstres"": 0.0}",0.0,0.0,833.6239624023438,0.0,1.2810148000717163,0.0,,0.0,0.0,0.0,180.0,35.35386352539062,35.35386352539062,Leave_One_experiments/all_year_offline_schedule_search/daily_outputs/YCA/YCA_2022_YCA2022_normal_grid_S0028_daily.csv
YCA,YCA,Yucheng,2022,Leave_One_experiments\wth_generated_qc\YCA\YCA2022.WTH,wet_year;nitrogen_stress_year;low_response_year,wet,YCA2022_normal_grid_S0028,low_input_within_10pct_yield,2022-07-12,193,30,25,"{""sim_day"": 30.0, ""doy"": 193.0, ""topwt"": 942.060089111328, ""grnwt"": 0.0, ""xlai"": 1.4120649099349976, ""totir"": 0.0, ""tofer"": NaN, ""swfac"": 0.0, ""nstres"": 0.0}",0.0,0.0,942.060089111328,0.0,1.4120649099349976,0.0,,0.0,0.0,0.0,180.0,35.35386352539062,35.35386352539062,Leave_One_experiments/all_year_offline_schedule_search/daily_outputs/YCA/YCA_2022_YCA2022_normal_grid_S0028_daily.csv
YCA,YCA,Yucheng,2022,Leave_One_experiments\wth_generated_qc\YCA\YCA2022.WTH,wet_year;nitrogen_stress_year;low_response_year,wet,YCA2022_normal_grid_S0028,low_input_within_10pct_yield,2022-07-13,194,31,26,"{""sim_day"": 31.0, ""doy"": 194.0, ""topwt"": 1103.6871337890625, ""grnwt"": 0.0, ""xlai"": 1.5957242250442505, ""totir"": 0.0, ""tofer"": NaN, ""swfac"": 0.0, ""nstres"": 0.0}",0.0,0.0,1103.6871337890625,0.0,1.5957242250442505,0.0,,0.0,0.0,0.0,180.0,35.35386352539062,35.35386352539062,Leave_One_experiments/all_year_offline_schedule_search/daily_outputs/YCA/YCA_2022_YCA2022_normal_grid_S0028_daily.csv
YCA,YCA,Yucheng,2022,Leave_One_experiments\wth_generated_qc\YCA\YCA2022.WTH,wet_year;nitrogen_stress_year;low_response_year,wet,YCA2022_normal_grid_S0028,low_input_within_10pct_yield,2022-07-14,195,32,27,"{""sim_day"": 32.0, ""doy"": 195.0, ""topwt"": 1299.4033813476562, ""grnwt"": 0.0, ""xlai"": 1.8018383979797363, ""totir"": 0.0, ""tofer"": NaN, ""swfac"": 0.0, ""nstres"": 0.0}",0.0,0.0,1299.4033813476562,0.0,1.8018383979797363,0.0,,0.0,0.0,0.0,180.0,35.35386352539062,35.35386352539062,Leave_One_experiments/all_year_offline_schedule_search/daily_outputs/YCA/YCA_2022_YCA2022_normal_grid_S0028_daily.csv
YCA,YCA,Yucheng,2022,Leave_One_experiments\wth_generated_qc\YCA\YCA2022.WTH,wet_year;nitrogen_stress_year;low_response_year,wet,YCA2022_normal_grid_S0028,low_input_within_10pct_yield,2022-07-15,196,33,28,"{""sim_day"": 33.0, ""doy"": 196.0, ""topwt"": 1359.764404296875, ""grnwt"": 0.0, ""xlai"": 1.8616154193878172, ""totir"": 0.0, ""tofer"": NaN, ""swfac"": 0.0, ""nstres"": 0.0}",0.0,0.0,1359.764404296875,0.0,1.8616154193878172,0.0,,0.0,0.0,0.0,180.0,35.35386352539062,35.35386352539062,Leave_One_experiments/all_year_offline_schedule_search/daily_outputs/YCA/YCA_2022_YCA2022_normal_grid_S0028_daily.csv
YCA,YCA,Yucheng,2022,Leave_One_experiments\wth_generated_qc\YCA\YCA2022.WTH,wet_year;nitrogen_stress_year;low_response_year,wet,YCA2022_normal_grid_S0028,low_input_within_10pct_yield,2022-07-16,197,34,29,"{""sim_day"": 34.0, ""doy"": 197.0, ""topwt"": 1561.0159301757812, ""grnwt"": 0.0, ""xlai"": 2.0482895374298096, ""totir"": 0.0, ""tofer"": NaN, ""swfac"": 0.0, ""nstres"": 0.0}",0.0,0.0,1561.0159301757812,0.0,2.0482895374298096,0.0,,0.0,0.0,0.0,180.0,35.35386352539062,35.35386352539062,Leave_One_experiments/all_year_offline_schedule_search/daily_outputs/YCA/YCA_2022_YCA2022_normal_grid_S0028_daily.csv
YCA,YCA,Yucheng,2022,Leave_One_experiments\wth_generated_qc\YCA\YCA2022.WTH,wet_year;nitrogen_stress_year;low_response_year,wet,YCA2022_normal_grid_S0028,low_input_within_10pct_yield,2022-07-17,198,35,30,"{""sim_day"": 35.0, ""doy"": 198.0, ""topwt"": 1786.8768310546875, ""grnwt"": 0.0, ""xlai"": 2.241863965988159, ""totir"": 0.0, ""tofer"": NaN, ""swfac"": 0.0, ""nstres"": 0.0}",0.0,0.0,1786.8768310546875,0.0,2.241863965988159,0.0,,0.0,50.0,0.0,180.0,35.35386352539062,35.35386352539062,Leave_One_experiments/all_year_offline_schedule_search/daily_outputs/YCA/YCA_2022_YCA2022_normal_grid_S0028_daily.csv
YCA,YCA,Yucheng,2022,Leave_One_experiments\wth_generated_qc\YCA\YCA2022.WTH,wet_year;nitrogen_stress_year;low_response_year,wet,YCA2022_normal_grid_S0028,low_input_within_10pct_yield,2022-07-18,199,36,31,"{""sim_day"": 36.0, ""doy"": 199.0, ""topwt"": 1876.455993652344, ""grnwt"": 0.0, ""xlai"": 2.313624382019043, ""totir"": 0.0, ""tofer"": NaN, ""swfac"": 0.0, ""nstres"": 0.0}",0.0,0.0,1876.455993652344,0.0,2.313624382019043,0.0,,0.0,0.0,0.0,180.0,35.35386352539062,35.35386352539062,Leave_One_experiments/all_year_offline_schedule_search/daily_outputs/YCA/YCA_2022_YCA2022_normal_grid_S0028_daily.csv
YCA,YCA,Yucheng,2022,Leave_One_experiments\wth_generated_qc\YCA\YCA2022.WTH,wet_year;nitrogen_stress_year;low_response_year,wet,YCA2022_normal_grid_S0028,low_input_within_10pct_yield,2022-07-19,200,37,32,"{""sim_day"": 37.0, ""doy"": 200.0, ""topwt"": 1957.9277038574216, ""grnwt"": 0.0, ""xlai"": 2.3753092288970947, ""totir"": 0.0, ""tofer"": NaN, ""swfac"": 0.0, ""nstres"": 0.0}",0.0,0.0,1957.9277038574216,0.0,2.3753092288970947,0.0,,0.0,0.0,0.0,180.0,35.35386352539062,35.35386352539062,Leave_One_experiments/all_year_offline_schedule_search/daily_outputs/YCA/YCA_2022_YCA2022_normal_grid_S0028_daily.csv
YCA,YCA,Yucheng,2022,Leave_One_experiments\wth_generated_qc\YCA\YCA2022.WTH,wet_year;nitrogen_stress_year;low_response_year,wet,YCA2022_normal_grid_S0028,low_input_within_10pct_yield,2022-07-20,201,38,33,"{""sim_day"": 38.0, ""doy"": 201.0, ""topwt"": 2193.0014038085938, ""grnwt"": 0.0, ""xlai"": 2.5420830249786377, ""totir"": 0.0, ""tofer"": NaN, ""swfac"": 0.0, ""nstres"": 0.0}",0.0,0.0,2193.0014038085938,0.0,2.5420830249786377,0.0,,0.0,0.0,0.0,180.0,35.35386352539062,35.35386352539062,Leave_One_experiments/all_year_offline_schedule_search/daily_outputs/YCA/YCA_2022_YCA2022_normal_grid_S0028_daily.csv
YCA,YCA,Yucheng,2022,Leave_One_experiments\wth_generated_qc\YCA\YCA2022.WTH,wet_year;nitrogen_stress_year;low_response_year,wet,YCA2022_normal_grid_S0028,low_input_within_10pct_yield,2022-07-21,202,39,34,"{""sim_day"": 39.0, ""doy"": 202.0, ""topwt"": 2405.5889892578125, ""grnwt"": 0.0, ""xlai"": 2.6817309856414795, ""totir"": 0.0, ""tofer"": NaN, ""swfac"": 0.0, ""nstres"": 0.0}",0.0,0.0,2405.5889892578125,0.0,2.6817309856414795,0.0,,0.0,0.0,0.0,180.0,35.35386352539062,35.35386352539062,Leave_One_experiments/all_year_offline_schedule_search/daily_outputs/YCA/YCA_2022_YCA2022_normal_grid_S0028_daily.csv
YCA,YCA,Yucheng,2022,Leave_One_experiments\wth_generated_qc\YCA\YCA2022.WTH,wet_year;nitrogen_stress_year;low_response_year,wet,YCA2022_normal_grid_S0028,low_input_within_10pct_yield,2022-07-22,203,40,35,"{""sim_day"": 40.0, ""doy"": 203.0, ""topwt"": 2673.256225585937, ""grnwt"": 0.0, ""xlai"": 2.8457119464874268, ""totir"": 0.0, ""tofer"": NaN, ""swfac"": 0.0, ""nstres"": 0.0}",0.0,0.0,2673.256225585937,0.0,2.8457119464874268,0.0,,0.0,0.0,0.0,180.0,35.35386352539062,35.35386352539062,Leave_One_experiments/all_year_offline_schedule_search/daily_outputs/YCA/YCA_2022_YCA2022_normal_grid_S0028_daily.csv
YCA,YCA,Yucheng,2022,Leave_One_experiments\wth_generated_qc\YCA\YCA2022.WTH,wet_year;nitrogen_stress_year;low_response_year,wet,YCA2022_normal_grid_S0028,low_input_within_10pct_yield,2022-07-23,204,41,36,"{""sim_day"": 41.0, ""doy"": 204.0, ""topwt"": 2990.596618652344, ""grnwt"": 0.0, ""xlai"": 3.0257296562194824, ""totir"": 0.0, ""tofer"": NaN, ""swfac"": 0.0, ""nstres"": 0.0}",0.0,0.0,2990.596618652344,0.0,3.0257296562194824,0.0,,0.0,0.0,0.0,180.0,35.35386352539062,35.35386352539062,Leave_One_experiments/all_year_offline_schedule_search/daily_outputs/YCA/YCA_2022_YCA2022_normal_grid_S0028_daily.csv
YCA,YCA,Yucheng,2022,Leave_One_experiments\wth_generated_qc\YCA\YCA2022.WTH,wet_year;nitrogen_stress_year;low_response_year,wet,YCA2022_normal_grid_S0028,low_input_within_10pct_yield,2022-07-24,205,42,37,"{""sim_day"": 42.0, ""doy"": 205.0, ""topwt"": 3341.40380859375, ""grnwt"": 0.0, ""xlai"": 3.209680318832397, ""totir"": 0.0, ""tofer"": NaN, ""swfac"": 0.0, ""nstres"": 0.0}",0.0,0.0,3341.40380859375,0.0,3.209680318832397,0.0,,0.0,0.0,0.0,180.0,35.35386352539062,35.35386352539062,Leave_One_experiments/all_year_offline_schedule_search/daily_outputs/YCA/YCA_2022_YCA2022_normal_grid_S0028_daily.csv
YCA,YCA,Yucheng,2022,Leave_One_experiments\wth_generated_qc\YCA\YCA2022.WTH,wet_year;nitrogen_stress_year;low_response_year,wet,YCA2022_normal_grid_S0028,low_input_within_10pct_yield,2022-07-25,206,43,38,"{""sim_day"": 43.0, ""doy"": 206.0, ""topwt"": 3689.274291992188, ""grnwt"": 0.0, ""xlai"": 3.377985000610352, ""totir"": 0.0, ""tofer"": NaN, ""swfac"": 0.0, ""nstres"": 0.0}",0.0,0.0,3689.274291992188,0.0,3.377985000610352,0.0,,0.0,0.0,0.0,180.0,35.35386352539062,35.35386352539062,Leave_One_experiments/all_year_offline_schedule_search/daily_outputs/YCA/YCA_2022_YCA2022_normal_grid_S0028_daily.csv
YCA,YCA,Yucheng,2022,Leave_One_experiments\wth_generated_qc\YCA\YCA2022.WTH,wet_year;nitrogen_stress_year;low_response_year,wet,YCA2022_normal_grid_S0028,low_input_within_10pct_yield,2022-07-26,207,44,39,"{""sim_day"": 44.0, ""doy"": 207.0, ""topwt"": 4116.1041259765625, ""grnwt"": 0.0, ""xlai"": 3.5688185691833496, ""totir"": 0.0, ""tofer"": NaN, ""swfac"": 0.0, ""nstres"": 0.0}",0.0,0.0,4116.1041259765625,0.0,3.5688185691833496,0.0,,0.0,0.0,0.0,180.0,35.35386352539062,35.35386352539062,Leave_One_experiments/all_year_offline_schedule_search/daily_outputs/YCA/YCA_2022_YCA2022_normal_grid_S0028_daily.csv
YCA,YCA,Yucheng,2022,Leave_One_experiments\wth_generated_qc\YCA\YCA2022.WTH,wet_year;nitrogen_stress_year;low_response_year,wet,YCA2022_normal_grid_S0028,low_input_within_10pct_yield,2022-07-27,208,45,40,"{""sim_day"": 45.0, ""doy"": 208.0, ""topwt"": 4310.308837890625, ""grnwt"": 0.0, ""xlai"": 3.649606943130493, ""totir"": 0.0, ""tofer"": NaN, ""swfac"": 0.0, ""nstres"": 0.0}",0.0,0.0,4310.308837890625,0.0,3.649606943130493,0.0,,0.0,0.0,0.0,180.0,35.35386352539062,35.35386352539062,Leave_One_experiments/all_year_offline_schedule_search/daily_outputs/YCA/YCA_2022_YCA2022_normal_grid_S0028_daily.csv
YCA,YCA,Yucheng,2022,Leave_One_experiments\wth_generated_qc\YCA\YCA2022.WTH,wet_year;nitrogen_stress_year;low_response_year,wet,YCA2022_normal_grid_S0028,low_input_within_10pct_yield,2022-07-28,209,46,41,"{""sim_day"": 46.0, ""doy"": 209.0, ""topwt"": 4742.198486328125, ""grnwt"": 0.0, ""xlai"": 3.8178493976593018, ""totir"": 0.0, ""tofer"": NaN, ""swfac"": 0.0, ""nstres"": 0.0}",0.0,0.0,4742.198486328125,0.0,3.8178493976593018,0.0,,0.0,0.0,0.0,180.0,35.35386352539062,35.35386352539062,Leave_One_experiments/all_year_offline_schedule_search/daily_outputs/YCA/YCA_2022_YCA2022_normal_grid_S0028_daily.csv
YCA,YCA,Yucheng,2022,Leave_One_experiments\wth_generated_qc\YCA\YCA2022.WTH,wet_year;nitrogen_stress_year;low_response_year,wet,YCA2022_normal_grid_S0028,low_input_within_10pct_yield,2022-07-29,210,47,42,"{""sim_day"": 47.0, ""doy"": 210.0, ""topwt"": 5050.602111816406, ""grnwt"": 0.0, ""xlai"": 4.004580020904541, ""totir"": 0.0, ""tofer"": NaN, ""swfac"": 0.0, ""nstres"": 0.0}",0.0,0.0,5050.602111816406,0.0,4.004580020904541,0.0,,0.0,0.0,0.0,180.0,35.35386352539062,35.35386352539062,Leave_One_experiments/all_year_offline_schedule_search/daily_outputs/YCA/YCA_2022_YCA2022_normal_grid_S0028_daily.csv
YCA,YCA,Yucheng,2022,Leave_One_experiments\wth_generated_qc\YCA\YCA2022.WTH,wet_year;nitrogen_stress_year;low_response_year,wet,YCA2022_normal_grid_S0028,low_input_within_10pct_yield,2022-07-30,211,48,43,"{""sim_day"": 48.0, ""doy"": 211.0, ""topwt"": 5470.66162109375, ""grnwt"": 0.0, ""xlai"": 4.1854329109191895, ""totir"": 0.0, ""tofer"": NaN, ""swfac"": 0.0, ""nstres"": 0.0}",0.0,0.0,5470.66162109375,0.0,4.1854329109191895,0.0,,0.0,0.0,0.0,180.0,35.35386352539062,35.35386352539062,Leave_One_experiments/all_year_offline_schedule_search/daily_outputs/YCA/YCA_2022_YCA2022_normal_grid_S0028_daily.csv
YCA,YCA,Yucheng,2022,Leave_One_experiments\wth_generated_qc\YCA\YCA2022.WTH,wet_year;nitrogen_stress_year;low_response_year,wet,YCA2022_normal_grid_S0028,low_input_within_10pct_yield,2022-07-31,212,49,44,"{""sim_day"": 49.0, ""doy"": 212.0, ""topwt"": 5908.6175537109375, ""grnwt"": 0.0, ""xlai"": 4.336996555328369, ""totir"": 0.0, ""tofer"": NaN, ""swfac"": 0.0, ""nstres"": 0.0}",0.0,0.0,5908.6175537109375,0.0,4.336996555328369,0.0,,0.0,0.0,0.0,180.0,35.35386352539062,35.35386352539062,Leave_One_experiments/all_year_offline_schedule_search/daily_outputs/YCA/YCA_2022_YCA2022_normal_grid_S0028_daily.csv
YCA,YCA,Yucheng,2022,Leave_One_experiments\wth_generated_qc\YCA\YCA2022.WTH,wet_year;nitrogen_stress_year;low_response_year,wet,YCA2022_normal_grid_S0028,low_input_within_10pct_yield,2022-08-01,213,50,45,"{""sim_day"": 50.0, ""doy"": 213.0, ""topwt"": 6304.796752929688, ""grnwt"": 0.0, ""xlai"": 4.4513092041015625, ""totir"": 0.0, ""tofer"": NaN, ""swfac"": 0.0, ""nstres"": 0.0186302661895751}",0.0,0.0186302661895751,6304.796752929688,0.0,4.4513092041015625,0.0,,0.0,0.0,0.0,180.0,35.35386352539062,35.35386352539062,Leave_One_experiments/all_year_offline_schedule_search/daily_outputs/YCA/YCA_2022_YCA2022_normal_grid_S0028_daily.csv
YCA,YCA,Yucheng,2022,Leave_One_experiments\wth_generated_qc\YCA\YCA2022.WTH,wet_year;nitrogen_stress_year;low_response_year,wet,YCA2022_normal_grid_S0028,low_input_within_10pct_yield,2022-08-02,214,51,46,"{""sim_day"": 51.0, ""doy"": 214.0, ""topwt"": 6742.51953125, ""grnwt"": 0.0, ""xlai"": 4.55383825302124, ""totir"": 0.0, ""tofer"": NaN, ""swfac"": 0.0, ""nstres"": 0.042571485042572}",0.0,0.042571485042572,6742.51953125,0.0,4.55383825302124,0.0,,0.0,0.0,0.0,180.0,35.35386352539062,35.35386352539062,Leave_One_experiments/all_year_offline_schedule_search/daily_outputs/YCA/YCA_2022_YCA2022_normal_grid_S0028_daily.csv
YCA,YCA,Yucheng,2022,Leave_One_experiments\wth_generated_qc\YCA\YCA2022.WTH,wet_year;nitrogen_stress_year;low_response_year,wet,YCA2022_normal_grid_S0028,low_input_within_10pct_yield,2022-08-03,215,52,47,"{""sim_day"": 52.0, ""doy"": 215.0, ""topwt"": 7157.947998046875, ""grnwt"": 0.0, ""xlai"": 4.630239963531494, ""totir"": 0.0, ""tofer"": NaN, ""swfac"": 0.0, ""nstres"": 0.0595915913581848}",0.0,0.0595915913581848,7157.947998046875,0.0,4.630239963531494,0.0,,0.0,0.0,0.0,180.0,35.35386352539062,35.35386352539062,Leave_One_experiments/all_year_offline_schedule_search/daily_outputs/YCA/YCA_2022_YCA2022_normal_grid_S0028_daily.csv
YCA,YCA,Yucheng,2022,Leave_One_experiments\wth_generated_qc\YCA\YCA2022.WTH,wet_year;nitrogen_stress_year;low_response_year,wet,YCA2022_normal_grid_S0028,low_input_within_10pct_yield,2022-08-04,216,53,48,"{""sim_day"": 53.0, ""doy"": 216.0, ""topwt"": 7552.415771484375, ""grnwt"": 0.0, ""xlai"": 4.683687210083008, ""totir"": 0.0, ""tofer"": NaN, ""swfac"": 0.0, ""nstres"": 0.0763014554977417}",0.0,0.0763014554977417,7552.415771484375,0.0,4.683687210083008,0.0,,0.0,0.0,0.0,180.0,35.35386352539062,35.35386352539062,Leave_One_experiments/all_year_offline_schedule_search/daily_outputs/YCA/YCA_2022_YCA2022_normal_grid_S0028_daily.csv
YCA,YCA,Yucheng,2022,Leave_One_experiments\wth_generated_qc\YCA\YCA2022.WTH,wet_year;nitrogen_stress_year;low_response_year,wet,YCA2022_normal_grid_S0028,low_input_within_10pct_yield,2022-08-05,217,54,49,"{""sim_day"": 54.0, ""doy"": 217.0, ""topwt"": 7920.8062744140625, ""grnwt"": 0.0, ""xlai"": 4.7224836349487305, ""totir"": 0.0, ""tofer"": NaN, ""swfac"": 0.0, ""nstres"": 0.0889310836791992}",0.0,0.0889310836791992,7920.8062744140625,0.0,4.7224836349487305,0.0,,0.0,0.0,0.0,180.0,35.35386352539062,35.35386352539062,Leave_One_experiments/all_year_offline_schedule_search/daily_outputs/YCA/YCA_2022_YCA2022_normal_grid_S0028_daily.csv
YCA,YCA,Yucheng,2022,Leave_One_experiments\wth_generated_qc\YCA\YCA2022.WTH,wet_year;nitrogen_stress_year;low_response_year,wet,YCA2022_normal_grid_S0028,low_input_within_10pct_yield,2022-08-06,218,55,50,"{""sim_day"": 55.0, ""doy"": 218.0, ""topwt"": 8140.000610351562, ""grnwt"": 0.0, ""xlai"": 4.718712329864502, ""totir"": 0.0, ""tofer"": NaN, ""swfac"": 0.0, ""nstres"": 0.0974626541137695}",0.0,0.0974626541137695,8140.000610351562,0.0,4.718712329864502,0.0,,0.0,0.0,0.0,180.0,35.35386352539062,35.35386352539062,Leave_One_experiments/all_year_offline_schedule_search/daily_outputs/YCA/YCA_2022_YCA2022_normal_grid_S0028_daily.csv
YCA,YCA,Yucheng,2022,Leave_One_experiments\wth_generated_qc\YCA\YCA2022.WTH,wet_year;nitrogen_stress_year;low_response_year,wet,YCA2022_normal_grid_S0028,low_input_within_10pct_yield,2022-08-07,219,56,51,"{""sim_day"": 56.0, ""doy"": 219.0, ""topwt"": 8244.230346679688, ""grnwt"": 0.0, ""xlai"": 4.682766914367676, ""totir"": 0.0, ""tofer"": NaN, ""swfac"": 0.0, ""nstres"": 0.1037526130676269}",0.0,0.1037526130676269,8244.230346679688,0.0,4.682766914367676,0.0,,0.0,0.0,0.0,180.0,35.35386352539062,35.35386352539062,Leave_One_experiments/all_year_offline_schedule_search/daily_outputs/YCA/YCA_2022_YCA2022_normal_grid_S0028_daily.csv
YCA,YCA,Yucheng,2022,Leave_One_experiments\wth_generated_qc\YCA\YCA2022.WTH,wet_year;nitrogen_stress_year;low_response_year,wet,YCA2022_normal_grid_S0028,low_input_within_10pct_yield,2022-08-08,220,57,52,"{""sim_day"": 57.0, ""doy"": 220.0, ""topwt"": 8301.500244140625, ""grnwt"": 0.0, ""xlai"": 4.633829116821289, ""totir"": 0.0, ""tofer"": NaN, ""swfac"": 0.0, ""nstres"": 0.1068671941757202}",0.0,0.1068671941757202,8301.500244140625,0.0,4.633829116821289,0.0,,0.0,0.0,0.0,180.0,35.35386352539062,35.35386352539062,Leave_One_experiments/all_year_offline_schedule_search/daily_outputs/YCA/YCA_2022_YCA2022_normal_grid_S0028_daily.csv
YCA,YCA,Yucheng,2022,Leave_One_experiments\wth_generated_qc\YCA\YCA2022.WTH,wet_year;nitrogen_stress_year;low_response_year,wet,YCA2022_normal_grid_S0028,low_input_within_10pct_yield,2022-08-09,221,58,53,"{""sim_day"": 58.0, ""doy"": 221.0, ""topwt"": 8373.648681640625, ""grnwt"": 0.0, ""xlai"": 4.589510440826416, ""totir"": 0.0, ""tofer"": NaN, ""swfac"": 0.0, ""nstres"": 0.1063704490661621}",0.0,0.1063704490661621,8373.648681640625,0.0,4.589510440826416,0.0,,0.0,0.0,0.0,180.0,35.35386352539062,35.35386352539062,Leave_One_experiments/all_year_offline_schedule_search/daily_outputs/YCA/YCA_2022_YCA2022_normal_grid_S0028_daily.csv
YCA,YCA,Yucheng,2022,Leave_One_experiments\wth_generated_qc\YCA\YCA2022.WTH,wet_year;nitrogen_stress_year;low_response_year,wet,YCA2022_normal_grid_S0028,low_input_within_10pct_yield,2022-08-10,222,59,54,"{""sim_day"": 59.0, ""doy"": 222.0, ""topwt"": 8551.041259765625, ""grnwt"": 0.0, ""xlai"": 4.530620574951172, ""totir"": 0.0, ""tofer"": NaN, ""swfac"": 0.0, ""nstres"": 0.1026513576507568}",0.0,0.1026513576507568,8551.041259765625,0.0,4.530620574951172,0.0,,0.0,0.0,0.0,180.0,35.35386352539062,35.35386352539062,Leave_One_experiments/all_year_offline_schedule_search/daily_outputs/YCA/YCA_2022_YCA2022_normal_grid_S0028_daily.csv
YCA,YCA,Yucheng,2022,Leave_One_experiments\wth_generated_qc\YCA\YCA2022.WTH,wet_year;nitrogen_stress_year;low_response_year,wet,YCA2022_normal_grid_S0028,low_input_within_10pct_yield,2022-08-11,223,60,55,"{""sim_day"": 60.0, ""doy"": 223.0, ""topwt"": 8803.90625, ""grnwt"": 0.0, ""xlai"": 4.479269981384277, ""totir"": 0.0, ""tofer"": NaN, ""swfac"": 0.0, ""nstres"": 0.0906728506088256}",0.0,0.0906728506088256,8803.90625,0.0,4.479269981384277,0.0,,0.0,0.0,0.0,180.0,35.35386352539062,35.35386352539062,Leave_One_experiments/all_year_offline_schedule_search/daily_outputs/YCA/YCA_2022_YCA2022_normal_grid_S0028_daily.csv
YCA,YCA,Yucheng,2022,Leave_One_experiments\wth_generated_qc\YCA\YCA2022.WTH,wet_year;nitrogen_stress_year;low_response_year,wet,YCA2022_normal_grid_S0028,low_input_within_10pct_yield,2022-08-12,224,61,56,"{""sim_day"": 61.0, ""doy"": 224.0, ""topwt"": 9045.464477539062, ""grnwt"": 0.0, ""xlai"": 4.432179927825928, ""totir"": 0.0, ""tofer"": NaN, ""swfac"": 0.0, ""nstres"": 0.0841028690338134}",0.0,0.0841028690338134,9045.464477539062,0.0,4.432179927825928,0.0,,0.0,0.0,0.0,180.0,35.35386352539062,35.35386352539062,Leave_One_experiments/all_year_offline_schedule_search/daily_outputs/YCA/YCA_2022_YCA2022_normal_grid_S0028_daily.csv
YCA,YCA,Yucheng,2022,Leave_One_experiments\wth_generated_qc\YCA\YCA2022.WTH,wet_year;nitrogen_stress_year;low_response_year,wet,YCA2022_normal_grid_S0028,low_input_within_10pct_yield,2022-08-13,225,62,57,"{""sim_day"": 62.0, ""doy"": 225.0, ""topwt"": 9255.119018554688, ""grnwt"": 0.0, ""xlai"": 4.390420436859131, ""totir"": 0.0, ""tofer"": NaN, ""swfac"": 0.0, ""nstres"": 0.0753756165504455}",0.0,0.0753756165504455,9255.119018554688,0.0,4.390420436859131,0.0,,0.0,0.0,0.0,180.0,35.35386352539062,35.35386352539062,Leave_One_experiments/all_year_offline_schedule_search/daily_outputs/YCA/YCA_2022_YCA2022_normal_grid_S0028_daily.csv
YCA,YCA,Yucheng,2022,Leave_One_experiments\wth_generated_qc\YCA\YCA2022.WTH,wet_year;nitrogen_stress_year;low_response_year,wet,YCA2022_normal_grid_S0028,low_input_within_10pct_yield,2022-08-14,226,63,58,"{""sim_day"": 63.0, ""doy"": 226.0, ""topwt"": 9401.940307617188, ""grnwt"": 0.0, ""xlai"": 4.352176666259766, ""totir"": 0.0, ""tofer"": NaN, ""swfac"": 0.0, ""nstres"": 0.0696854591369628}",0.0,0.0696854591369628,9401.940307617188,0.0,4.352176666259766,0.0,,0.0,0.0,0.0,180.0,35.35386352539062,35.35386352539062,Leave_One_experiments/all_year_offline_schedule_search/daily_outputs/YCA/YCA_2022_YCA2022_normal_grid_S0028_daily.csv
YCA,YCA,Yucheng,2022,Leave_One_experiments\wth_generated_qc\YCA\YCA2022.WTH,wet_year;nitrogen_stress_year;low_response_year,wet,YCA2022_normal_grid_S0028,low_input_within_10pct_yield,2022-08-15,227,64,59,"{""sim_day"": 64.0, ""doy"": 227.0, ""topwt"": 9768.675537109377, ""grnwt"": 0.0, ""xlai"": 4.318847179412842, ""totir"": 0.0, ""tofer"": NaN, ""swfac"": 0.0, ""nstres"": 0.0612647533416748}",0.0,0.0612647533416748,9768.675537109377,0.0,4.318847179412842,0.0,,0.0,0.0,0.0,180.0,35.35386352539062,35.35386352539062,Leave_One_experiments/all_year_offline_schedule_search/daily_outputs/YCA/YCA_2022_YCA2022_normal_grid_S0028_daily.csv
YCA,YCA,Yucheng,2022,Leave_One_experiments\wth_generated_qc\YCA\YCA2022.WTH,wet_year;nitrogen_stress_year;low_response_year,wet,YCA2022_normal_grid_S0028,low_input_within_10pct_yield,2022-08-16,228,65,60,"{""sim_day"": 65.0, ""doy"": 228.0, ""topwt"": 10132.947387695312, ""grnwt"": 0.0, ""xlai"": 4.292585372924805, ""totir"": 0.0, ""tofer"": NaN, ""swfac"": 0.0, ""nstres"": 0.0486454963684082}",0.0,0.0486454963684082,10132.947387695312,0.0,4.292585372924805,0.0,,0.0,50.0,0.0,180.0,35.35386352539062,35.35386352539062,Leave_One_experiments/all_year_offline_schedule_search/daily_outputs/YCA/YCA_2022_YCA2022_normal_grid_S0028_daily.csv
YCA,YCA,Yucheng,2022,Leave_One_experiments\wth_generated_qc\YCA\YCA2022.WTH,wet_year;nitrogen_stress_year;low_response_year,wet,YCA2022_normal_grid_S0028,low_input_within_10pct_yield,2022-08-17,229,66,61,"{""sim_day"": 66.0, ""doy"": 229.0, ""topwt"": 10392.75634765625, ""grnwt"": 0.0, ""xlai"": 4.282537937164307, ""totir"": 0.0, ""tofer"": NaN, ""swfac"": 0.0, ""nstres"": 0.0}",0.0,0.0,10392.75634765625,0.0,4.282537937164307,0.0,,0.0,0.0,0.0,180.0,35.35386352539062,35.35386352539062,Leave_One_experiments/all_year_offline_schedule_search/daily_outputs/YCA/YCA_2022_YCA2022_normal_grid_S0028_daily.csv
YCA,YCA,Yucheng,2022,Leave_One_experiments\wth_generated_qc\YCA\YCA2022.WTH,wet_year;nitrogen_stress_year;low_response_year,wet,YCA2022_normal_grid_S0028,low_input_within_10pct_yield,2022-08-18,230,67,62,"{""sim_day"": 67.0, ""doy"": 230.0, ""topwt"": 10543.616943359377, ""grnwt"": 186.12958908081052, ""xlai"": 4.272857666015625, ""totir"": 0.0, ""tofer"": NaN, ""swfac"": 0.0, ""nstres"": 0.0}",0.0,0.0,10543.616943359377,186.12958908081052,4.272857666015625,0.0,,0.0,0.0,0.0,180.0,35.35386352539062,35.35386352539062,Leave_One_experiments/all_year_offline_schedule_search/daily_outputs/YCA/YCA_2022_YCA2022_normal_grid_S0028_daily.csv
YCA,YCA,Yucheng,2022,Leave_One_experiments\wth_generated_qc\YCA\YCA2022.WTH,wet_year;nitrogen_stress_year;low_response_year,wet,YCA2022_normal_grid_S0028,low_input_within_10pct_yield,2022-08-19,231,68,63,"{""sim_day"": 68.0, ""doy"": 231.0, ""topwt"": 10833.421630859377, ""grnwt"": 440.6657409667969, ""xlai"": 4.263530731201172, ""totir"": 0.0, ""tofer"": NaN, ""swfac"": 0.0, ""nstres"": 0.0}",0.0,0.0,10833.421630859377,440.6657409667969,4.263530731201172,0.0,,0.0,0.0,0.0,180.0,35.35386352539062,35.35386352539062,Leave_One_experiments/all_year_offline_schedule_search/daily_outputs/YCA/YCA_2022_YCA2022_normal_grid_S0028_daily.csv
YCA,YCA,Yucheng,2022,Leave_One_experiments\wth_generated_qc\YCA\YCA2022.WTH,wet_year;nitrogen_stress_year;low_response_year,wet,YCA2022_normal_grid_S0028,low_input_within_10pct_yield,2022-08-20,232,69,64,"{""sim_day"": 69.0, ""doy"": 232.0, ""topwt"": 11087.958984375, ""grnwt"": 695.2019500732422, ""xlai"": 4.254542350769043, ""totir"": 0.0, ""tofer"": NaN, ""swfac"": 0.0, ""nstres"": 0.0}",0.0,0.0,11087.958984375,695.2019500732422,4.254542350769043,0.0,,0.0,0.0,0.0,180.0,35.35386352539062,35.35386352539062,Leave_One_experiments/all_year_offline_schedule_search/daily_outputs/YCA/YCA_2022_YCA2022_normal_grid_S0028_daily.csv
YCA,YCA,Yucheng,2022,Leave_One_experiments\wth_generated_qc\YCA\YCA2022.WTH,wet_year;nitrogen_stress_year;low_response_year,wet,YCA2022_normal_grid_S0028,low_input_within_10pct_yield,2022-08-21,233,70,65,"{""sim_day"": 70.0, ""doy"": 233.0, ""topwt"": 11206.075439453123, ""grnwt"": 908.376007080078, ""xlai"": 4.24587869644165, ""totir"": 0.0, ""tofer"": NaN, ""swfac"": 0.0, ""nstres"": 0.0}",0.0,0.0,11206.075439453123,908.376007080078,4.24587869644165,0.0,,0.0,0.0,0.0,180.0,35.35386352539062,35.35386352539062,Leave_One_experiments/all_year_offline_schedule_search/daily_outputs/YCA/YCA_2022_YCA2022_normal_grid_S0028_daily.csv
YCA,YCA,Yucheng,2022,Leave_One_experiments\wth_generated_qc\YCA\YCA2022.WTH,wet_year;nitrogen_stress_year;low_response_year,wet,YCA2022_normal_grid_S0028,low_input_within_10pct_yield,2022-08-22,234,71,66,"{""sim_day"": 71.0, ""doy"": 234.0, ""topwt"": 11555.6689453125, ""grnwt"": 1162.9122161865234, ""xlai"": 4.237527370452881, ""totir"": 0.0, ""tofer"": NaN, ""swfac"": 0.0, ""nstres"": 0.0}",0.0,0.0,11555.6689453125,1162.9122161865234,4.237527370452881,0.0,,0.0,0.0,0.0,180.0,35.35386352539062,35.35386352539062,Leave_One_experiments/all_year_offline_schedule_search/daily_outputs/YCA/YCA_2022_YCA2022_normal_grid_S0028_daily.csv
YCA,YCA,Yucheng,2022,Leave_One_experiments\wth_generated_qc\YCA\YCA2022.WTH,wet_year;nitrogen_stress_year;low_response_year,wet,YCA2022_normal_grid_S0028,low_input_within_10pct_yield,2022-08-23,235,72,67,"{""sim_day"": 72.0, ""doy"": 235.0, ""topwt"": 11810.205078125, ""grnwt"": 1417.4484252929688, ""xlai"": 4.229475498199463, ""totir"": 0.0, ""tofer"": NaN, ""swfac"": 0.0, ""nstres"": 0.0}",0.0,0.0,11810.205078125,1417.4484252929688,4.229475498199463,0.0,,0.0,0.0,0.0,180.0,35.35386352539062,35.35386352539062,Leave_One_experiments/all_year_offline_schedule_search/daily_outputs/YCA/YCA_2022_YCA2022_normal_grid_S0028_daily.csv
YCA,YCA,Yucheng,2022,Leave_One_experiments\wth_generated_qc\YCA\YCA2022.WTH,wet_year;nitrogen_stress_year;low_response_year,wet,YCA2022_normal_grid_S0028,low_input_within_10pct_yield,2022-08-24,236,73,68,"{""sim_day"": 73.0, ""doy"": 236.0, ""topwt"": 12064.7412109375, ""grnwt"": 1671.9847106933594, ""xlai"": 4.221710205078125, ""totir"": 0.0, ""tofer"": NaN, ""swfac"": 0.0, ""nstres"": 0.0}",0.0,0.0,12064.7412109375,1671.9847106933594,4.221710205078125,0.0,,0.0,0.0,0.0,180.0,35.35386352539062,35.35386352539062,Leave_One_experiments/all_year_offline_schedule_search/daily_outputs/YCA/YCA_2022_YCA2022_normal_grid_S0028_daily.csv
YCA,YCA,Yucheng,2022,Leave_One_experiments\wth_generated_qc\YCA\YCA2022.WTH,wet_year;nitrogen_stress_year;low_response_year,wet,YCA2022_normal_grid_S0028,low_input_within_10pct_yield,2022-08-25,237,74,69,"{""sim_day"": 74.0, ""doy"": 237.0, ""topwt"": 12319.27734375, ""grnwt"": 1926.5208435058596, ""xlai"": 4.214222431182861, ""totir"": 0.0, ""tofer"": NaN, ""swfac"": 0.0, ""nstres"": 0.0}",0.0,0.0,12319.27734375,1926.5208435058596,4.214222431182861,0.0,,0.0,0.0,0.0,180.0,35.35386352539062,35.35386352539062,Leave_One_experiments/all_year_offline_schedule_search/daily_outputs/YCA/YCA_2022_YCA2022_normal_grid_S0028_daily.csv
YCA,YCA,Yucheng,2022,Leave_One_experiments\wth_generated_qc\YCA\YCA2022.WTH,wet_year;nitrogen_stress_year;low_response_year,wet,YCA2022_normal_grid_S0028,low_input_within_10pct_yield,2022-08-26,238,75,70,"{""sim_day"": 75.0, ""doy"": 238.0, ""topwt"": 12573.8134765625, ""grnwt"": 2181.0569763183594, ""xlai"": 4.207000255584717, ""totir"": 0.0, ""tofer"": NaN, ""swfac"": 0.0, ""nstres"": 0.0}",0.0,0.0,12573.8134765625,2181.0569763183594,4.207000255584717,0.0,,0.0,0.0,0.0,180.0,35.35386352539062,35.35386352539062,Leave_One_experiments/all_year_offline_schedule_search/daily_outputs/YCA/YCA_2022_YCA2022_normal_grid_S0028_daily.csv
YCA,YCA,Yucheng,2022,Leave_One_experiments\wth_generated_qc\YCA\YCA2022.WTH,wet_year;nitrogen_stress_year;low_response_year,wet,YCA2022_normal_grid_S0028,low_input_within_10pct_yield,2022-08-27,239,76,71,"{""sim_day"": 76.0, ""doy"": 239.0, ""topwt"": 12642.926025390623, ""grnwt"": 2435.5931091308594, ""xlai"": 4.200033664703369, ""totir"": 0.0, ""tofer"": NaN, ""swfac"": 0.0, ""nstres"": 0.0}",0.0,0.0,12642.926025390623,2435.5931091308594,4.200033664703369,0.0,,0.0,0.0,0.0,180.0,35.35386352539062,35.35386352539062,Leave_One_experiments/all_year_offline_schedule_search/daily_outputs/YCA/YCA_2022_YCA2022_normal_grid_S0028_daily.csv
YCA,YCA,Yucheng,2022,Leave_One_experiments\wth_generated_qc\YCA\YCA2022.WTH,wet_year;nitrogen_stress_year;low_response_year,wet,YCA2022_normal_grid_S0028,low_input_within_10pct_yield,2022-08-28,240,77,72,"{""sim_day"": 77.0, ""doy"": 240.0, ""topwt"": 12821.754150390623, ""grnwt"": 2690.12939453125, ""xlai"": 4.182373046875, ""totir"": 0.0, ""tofer"": NaN, ""swfac"": 0.0, ""nstres"": 0.0}",0.0,0.0,12821.754150390623,2690.12939453125,4.182373046875,0.0,,0.0,0.0,0.0,180.0,35.35386352539062,35.35386352539062,Leave_One_experiments/all_year_offline_schedule_search/daily_outputs/YCA/YCA_2022_YCA2022_normal_grid_S0028_daily.csv
YCA,YCA,Yucheng,2022,Leave_One_experiments\wth_generated_qc\YCA\YCA2022.WTH,wet_year;nitrogen_stress_year;low_response_year,wet,YCA2022_normal_grid_S0028,low_input_within_10pct_yield,2022-08-29,241,78,73,"{""sim_day"": 78.0, ""doy"": 241.0, ""topwt"": 13119.60205078125, ""grnwt"": 2944.66552734375, ""xlai"": 4.137080669403076, ""totir"": 0.0, ""tofer"": NaN, ""swfac"": 0.0, ""nstres"": 0.0}",0.0,0.0,13119.60205078125,2944.66552734375,4.137080669403076,0.0,,0.0,0.0,0.0,180.0,35.35386352539062,35.35386352539062,Leave_One_experiments/all_year_offline_schedule_search/daily_outputs/YCA/YCA_2022_YCA2022_normal_grid_S0028_daily.csv
YCA,YCA,Yucheng,2022,Leave_One_experiments\wth_generated_qc\YCA\YCA2022.WTH,wet_year;nitrogen_stress_year;low_response_year,wet,YCA2022_normal_grid_S0028,low_input_within_10pct_yield,2022-08-30,242,79,74,"{""sim_day"": 79.0, ""doy"": 242.0, ""topwt"": 13479.9658203125, ""grnwt"": 3199.20166015625, ""xlai"": 4.083483695983887, ""totir"": 0.0, ""tofer"": NaN, ""swfac"": 0.0, ""nstres"": 0.0}",0.0,0.0,13479.9658203125,3199.20166015625,4.083483695983887,0.0,,0.0,0.0,0.0,180.0,35.35386352539062,35.35386352539062,Leave_One_experiments/all_year_offline_schedule_search/daily_outputs/YCA/YCA_2022_YCA2022_normal_grid_S0028_daily.csv
YCA,YCA,Yucheng,2022,Leave_One_experiments\wth_generated_qc\YCA\YCA2022.WTH,wet_year;nitrogen_stress_year;low_response_year,wet,YCA2022_normal_grid_S0028,low_input_within_10pct_yield,2022-08-31,243,80,75,"{""sim_day"": 80.0, ""doy"": 243.0, ""topwt"": 13846.492919921877, ""grnwt"": 3453.7380981445312, ""xlai"": 4.02333927154541, ""totir"": 0.0, ""tofer"": NaN, ""swfac"": 0.0, ""nstres"": 0.0}",0.0,0.0,13846.492919921877,3453.7380981445312,4.02333927154541,0.0,,0.0,0.0,0.0,180.0,35.35386352539062,35.35386352539062,Leave_One_experiments/all_year_offline_schedule_search/daily_outputs/YCA/YCA_2022_YCA2022_normal_grid_S0028_daily.csv
YCA,YCA,Yucheng,2022,Leave_One_experiments\wth_generated_qc\YCA\YCA2022.WTH,wet_year;nitrogen_stress_year;low_response_year,wet,YCA2022_normal_grid_S0028,low_input_within_10pct_yield,2022-09-01,244,81,76,"{""sim_day"": 81.0, ""doy"": 244.0, ""topwt"": 14101.029052734377, ""grnwt"": 3708.2742309570312, ""xlai"": 3.957947254180908, ""totir"": 0.0, ""tofer"": NaN, ""swfac"": 0.0, ""nstres"": 0.0}",0.0,0.0,14101.029052734377,3708.2742309570312,3.957947254180908,0.0,,0.0,0.0,0.0,180.0,35.35386352539062,35.35386352539062,Leave_One_experiments/all_year_offline_schedule_search/daily_outputs/YCA/YCA_2022_YCA2022_normal_grid_S0028_daily.csv
YCA,YCA,Yucheng,2022,Leave_One_experiments\wth_generated_qc\YCA\YCA2022.WTH,wet_year;nitrogen_stress_year;low_response_year,wet,YCA2022_normal_grid_S0028,low_input_within_10pct_yield,2022-09-02,245,82,77,"{""sim_day"": 82.0, ""doy"": 245.0, ""topwt"": 14355.565185546877, ""grnwt"": 3962.8103637695312, ""xlai"": 3.9007298946380615, ""totir"": 0.0, ""tofer"": NaN, ""swfac"": 0.0, ""nstres"": 0.0}",0.0,0.0,14355.565185546877,3962.8103637695312,3.9007298946380615,0.0,,0.0,0.0,0.0,180.0,35.35386352539062,35.35386352539062,Leave_One_experiments/all_year_offline_schedule_search/daily_outputs/YCA/YCA_2022_YCA2022_normal_grid_S0028_daily.csv
YCA,YCA,Yucheng,2022,Leave_One_experiments\wth_generated_qc\YCA\YCA2022.WTH,wet_year;nitrogen_stress_year;low_response_year,wet,YCA2022_normal_grid_S0028,low_input_within_10pct_yield,2022-09-03,246,83,78,"{""sim_day"": 83.0, ""doy"": 246.0, ""topwt"": 14610.101318359377, ""grnwt"": 4217.3468017578125, ""xlai"": 3.827393293380737, ""totir"": 0.0, ""tofer"": NaN, ""swfac"": 0.0, ""nstres"": 0.0}",0.0,0.0,14610.101318359377,4217.3468017578125,3.827393293380737,0.0,,0.0,0.0,0.0,180.0,35.35386352539062,35.35386352539062,Leave_One_experiments/all_year_offline_schedule_search/daily_outputs/YCA/YCA_2022_YCA2022_normal_grid_S0028_daily.csv
YCA,YCA,Yucheng,2022,Leave_One_experiments\wth_generated_qc\YCA\YCA2022.WTH,wet_year;nitrogen_stress_year;low_response_year,wet,YCA2022_normal_grid_S0028,low_input_within_10pct_yield,2022-09-04,247,84,79,"{""sim_day"": 84.0, ""doy"": 247.0, ""topwt"": 14864.63623046875, ""grnwt"": 4471.882629394531, ""xlai"": 3.742730855941773, ""totir"": 0.0, ""tofer"": NaN, ""swfac"": 0.0, ""nstres"": 0.0}",0.0,0.0,14864.63623046875,4471.882629394531,3.742730855941773,0.0,,0.0,0.0,0.0,180.0,35.35386352539062,35.35386352539062,Leave_One_experiments/all_year_offline_schedule_search/daily_outputs/YCA/YCA_2022_YCA2022_normal_grid_S0028_daily.csv
YCA,YCA,Yucheng,2022,Leave_One_experiments\wth_generated_qc\YCA\YCA2022.WTH,wet_year;nitrogen_stress_year;low_response_year,wet,YCA2022_normal_grid_S0028,low_input_within_10pct_yield,2022-09-05,248,85,80,"{""sim_day"": 85.0, ""doy"": 248.0, ""topwt"": 15119.173583984377, ""grnwt"": 4726.41845703125, ""xlai"": 3.657747268676758, ""totir"": 0.0, ""tofer"": NaN, ""swfac"": 0.0, ""nstres"": 0.0}",0.0,0.0,15119.173583984377,4726.41845703125,3.657747268676758,0.0,,0.0,0.0,0.0,180.0,35.35386352539062,35.35386352539062,Leave_One_experiments/all_year_offline_schedule_search/daily_outputs/YCA/YCA_2022_YCA2022_normal_grid_S0028_daily.csv
YCA,YCA,Yucheng,2022,Leave_One_experiments\wth_generated_qc\YCA\YCA2022.WTH,wet_year;nitrogen_stress_year;low_response_year,wet,YCA2022_normal_grid_S0028,low_input_within_10pct_yield,2022-09-06,249,86,81,"{""sim_day"": 86.0, ""doy"": 249.0, ""topwt"": 15373.709716796877, ""grnwt"": 4980.95458984375, ""xlai"": 3.569427251815796, ""totir"": 0.0, ""tofer"": NaN, ""swfac"": 0.0, ""nstres"": 0.0}",0.0,0.0,15373.709716796877,4980.95458984375,3.569427251815796,0.0,,0.0,0.0,0.0,180.0,35.35386352539062,35.35386352539062,Leave_One_experiments/all_year_offline_schedule_search/daily_outputs/YCA/YCA_2022_YCA2022_normal_grid_S0028_daily.csv
YCA,YCA,Yucheng,2022,Leave_One_experiments\wth_generated_qc\YCA\YCA2022.WTH,wet_year;nitrogen_stress_year;low_response_year,wet,YCA2022_normal_grid_S0028,low_input_within_10pct_yield,2022-09-07,250,87,82,"{""sim_day"": 87.0, ""doy"": 250.0, ""topwt"": 15628.24462890625, ""grnwt"": 5235.49072265625, ""xlai"": 3.4754226207733154, ""totir"": 0.0, ""tofer"": NaN, ""swfac"": 0.0, ""nstres"": 0.0}",0.0,0.0,15628.24462890625,5235.49072265625,3.4754226207733154,0.0,,0.0,0.0,0.0,180.0,35.35386352539062,35.35386352539062,Leave_One_experiments/all_year_offline_schedule_search/daily_outputs/YCA/YCA_2022_YCA2022_normal_grid_S0028_daily.csv
YCA,YCA,Yucheng,2022,Leave_One_experiments\wth_generated_qc\YCA\YCA2022.WTH,wet_year;nitrogen_stress_year;low_response_year,wet,YCA2022_normal_grid_S0028,low_input_within_10pct_yield,2022-09-08,251,88,83,"{""sim_day"": 88.0, ""doy"": 251.0, ""topwt"": 15882.78076171875, ""grnwt"": 5490.026245117188, ""xlai"": 3.3741605281829834, ""totir"": 0.0, ""tofer"": NaN, ""swfac"": 0.0, ""nstres"": 0.0}",0.0,0.0,15882.78076171875,5490.026245117188,3.3741605281829834,0.0,,0.0,0.0,0.0,180.0,35.35386352539062,35.35386352539062,Leave_One_experiments/all_year_offline_schedule_search/daily_outputs/YCA/YCA_2022_YCA2022_normal_grid_S0028_daily.csv
YCA,YCA,Yucheng,2022,Leave_One_experiments\wth_generated_qc\YCA\YCA2022.WTH,wet_year;nitrogen_stress_year;low_response_year,wet,YCA2022_normal_grid_S0028,low_input_within_10pct_yield,2022-09-09,252,89,84,"{""sim_day"": 89.0, ""doy"": 252.0, ""topwt"": 16137.31689453125, ""grnwt"": 5744.562377929688, ""xlai"": 3.2600202560424805, ""totir"": 0.0, ""tofer"": NaN, ""swfac"": 0.0, ""nstres"": 0.0112667083740234}",0.0,0.0112667083740234,16137.31689453125,5744.562377929688,3.2600202560424805,0.0,,0.0,0.0,0.0,180.0,35.35386352539062,35.35386352539062,Leave_One_experiments/all_year_offline_schedule_search/daily_outputs/YCA/YCA_2022_YCA2022_normal_grid_S0028_daily.csv
YCA,YCA,Yucheng,2022,Leave_One_experiments\wth_generated_qc\YCA\YCA2022.WTH,wet_year;nitrogen_stress_year;low_response_year,wet,YCA2022_normal_grid_S0028,low_input_within_10pct_yield,2022-09-10,253,90,85,"{""sim_day"": 90.0, ""doy"": 253.0, ""topwt"": 16391.85302734375, ""grnwt"": 5999.098510742188, ""xlai"": 3.133155107498169, ""totir"": 0.0, ""tofer"": NaN, ""swfac"": 0.0, ""nstres"": 0.0254334211349487}",0.0,0.0254334211349487,16391.85302734375,5999.098510742188,3.133155107498169,0.0,,0.0,0.0,0.0,180.0,35.35386352539062,35.35386352539062,Leave_One_experiments/all_year_offline_schedule_search/daily_outputs/YCA/YCA_2022_YCA2022_normal_grid_S0028_daily.csv
YCA,YCA,Yucheng,2022,Leave_One_experiments\wth_generated_qc\YCA\YCA2022.WTH,wet_year;nitrogen_stress_year;low_response_year,wet,YCA2022_normal_grid_S0028,low_input_within_10pct_yield,2022-09-11,254,91,86,"{""sim_day"": 91.0, ""doy"": 254.0, ""topwt"": 16646.38916015625, ""grnwt"": 6253.634643554688, ""xlai"": 3.0078389644622803, ""totir"": 0.0, ""tofer"": NaN, ""swfac"": 0.0, ""nstres"": 0.0410889387130737}",0.0,0.0410889387130737,16646.38916015625,6253.634643554688,3.0078389644622803,0.0,,0.0,0.0,0.0,180.0,35.35386352539062,35.35386352539062,Leave_One_experiments/all_year_offline_schedule_search/daily_outputs/YCA/YCA_2022_YCA2022_normal_grid_S0028_daily.csv
YCA,YCA,Yucheng,2022,Leave_One_experiments\wth_generated_qc\YCA\YCA2022.WTH,wet_year;nitrogen_stress_year;low_response_year,wet,YCA2022_normal_grid_S0028,low_input_within_10pct_yield,2022-09-12,255,92,87,"{""sim_day"": 92.0, ""doy"": 255.0, ""topwt"": 16900.924072265625, ""grnwt"": 6508.170166015625, ""xlai"": 2.8832569122314453, ""totir"": 0.0, ""tofer"": NaN, ""swfac"": 0.0, ""nstres"": 0.0578228235244751}",0.0,0.0578228235244751,16900.924072265625,6508.170166015625,2.8832569122314453,0.0,,0.0,0.0,0.0,180.0,35.35386352539062,35.35386352539062,Leave_One_experiments/all_year_offline_schedule_search/daily_outputs/YCA/YCA_2022_YCA2022_normal_grid_S0028_daily.csv
YCA,YCA,Yucheng,2022,Leave_One_experiments\wth_generated_qc\YCA\YCA2022.WTH,wet_year;nitrogen_stress_year;low_response_year,wet,YCA2022_normal_grid_S0028,low_input_within_10pct_yield,2022-09-13,256,93,88,"{""sim_day"": 93.0, ""doy"": 256.0, ""topwt"": 17132.967529296875, ""grnwt"": 6762.706298828125, ""xlai"": 2.749793767929077, ""totir"": 0.0, ""tofer"": NaN, ""swfac"": 0.0, ""nstres"": 0.0746867656707763}",0.0,0.0746867656707763,17132.967529296875,6762.706298828125,2.749793767929077,0.0,,0.0,0.0,0.0,180.0,35.35386352539062,35.35386352539062,Leave_One_experiments/all_year_offline_schedule_search/daily_outputs/YCA/YCA_2022_YCA2022_normal_grid_S0028_daily.csv
YCA,YCA,Yucheng,2022,Leave_One_experiments\wth_generated_qc\YCA\YCA2022.WTH,wet_year;nitrogen_stress_year;low_response_year,wet,YCA2022_normal_grid_S0028,low_input_within_10pct_yield,2022-09-14,257,94,89,"{""sim_day"": 94.0, ""doy"": 257.0, ""topwt"": 17277.481689453125, ""grnwt"": 7017.242431640625, ""xlai"": 2.613264799118042, ""totir"": 0.0, ""tofer"": NaN, ""swfac"": 0.0, ""nstres"": 0.091960608959198}",0.0,0.091960608959198,17277.481689453125,7017.242431640625,2.613264799118042,0.0,,0.0,0.0,0.0,180.0,35.35386352539062,35.35386352539062,Leave_One_experiments/all_year_offline_schedule_search/daily_outputs/YCA/YCA_2022_YCA2022_normal_grid_S0028_daily.csv
YCA,YCA,Yucheng,2022,Leave_One_experiments\wth_generated_qc\YCA\YCA2022.WTH,wet_year;nitrogen_stress_year;low_response_year,wet,YCA2022_normal_grid_S0028,low_input_within_10pct_yield,2022-09-15,258,95,90,"{""sim_day"": 95.0, ""doy"": 258.0, ""topwt"": 17574.9169921875, ""grnwt"": 7271.777954101562, ""xlai"": 2.4576833248138428, ""totir"": 0.0, ""tofer"": NaN, ""swfac"": 0.0, ""nstres"": 0.1069457530975341}",0.0,0.1069457530975341,17574.9169921875,7271.777954101562,2.4576833248138428,0.0,,0.0,0.0,0.0,180.0,35.35386352539062,35.35386352539062,Leave_One_experiments/all_year_offline_schedule_search/daily_outputs/YCA/YCA_2022_YCA2022_normal_grid_S0028_daily.csv
YCA,YCA,Yucheng,2022,Leave_One_experiments\wth_generated_qc\YCA\YCA2022.WTH,wet_year;nitrogen_stress_year;low_response_year,wet,YCA2022_normal_grid_S0028,low_input_within_10pct_yield,2022-09-16,259,96,91,"{""sim_day"": 96.0, ""doy"": 259.0, ""topwt"": 17844.300537109375, ""grnwt"": 7526.3140869140625, ""xlai"": 2.299890279769897, ""totir"": 0.0, ""tofer"": NaN, ""swfac"": 0.0, ""nstres"": 0.1162769198417663}",0.0,0.1162769198417663,17844.300537109375,7526.3140869140625,2.299890279769897,0.0,,0.0,0.0,0.0,180.0,35.35386352539062,35.35386352539062,Leave_One_experiments/all_year_offline_schedule_search/daily_outputs/YCA/YCA_2022_YCA2022_normal_grid_S0028_daily.csv
YCA,YCA,Yucheng,2022,Leave_One_experiments\wth_generated_qc\YCA\YCA2022.WTH,wet_year;nitrogen_stress_year;low_response_year,wet,YCA2022_normal_grid_S0028,low_input_within_10pct_yield,2022-09-17,260,97,92,"{""sim_day"": 97.0, ""doy"": 260.0, ""topwt"": 18113.2568359375, ""grnwt"": 7780.850219726562, ""xlai"": 2.132638454437256, ""totir"": 0.0, ""tofer"": NaN, ""swfac"": 0.0, ""nstres"": 0.1380431652069091}",0.0,0.1380431652069091,18113.2568359375,7780.850219726562,2.132638454437256,0.0,,0.0,0.0,0.0,180.0,35.35386352539062,35.35386352539062,Leave_One_experiments/all_year_offline_schedule_search/daily_outputs/YCA/YCA_2022_YCA2022_normal_grid_S0028_daily.csv
YCA,YCA,Yucheng,2022,Leave_One_experiments\wth_generated_qc\YCA\YCA2022.WTH,wet_year;nitrogen_stress_year;low_response_year,wet,YCA2022_normal_grid_S0028,low_input_within_10pct_yield,2022-09-18,261,98,93,"{""sim_day"": 98.0, ""doy"": 261.0, ""topwt"": 18385.69702148437, ""grnwt"": 8035.3863525390625, ""xlai"": 1.9750028848648071, ""totir"": 0.0, ""tofer"": NaN, ""swfac"": 0.0, ""nstres"": 0.1584101915359497}",0.0,0.1584101915359497,18385.69702148437,8035.3863525390625,1.9750028848648071,0.0,,0.0,0.0,0.0,180.0,35.35386352539062,35.35386352539062,Leave_One_experiments/all_year_offline_schedule_search/daily_outputs/YCA/YCA_2022_YCA2022_normal_grid_S0028_daily.csv
YCA,YCA,Yucheng,2022,Leave_One_experiments\wth_generated_qc\YCA\YCA2022.WTH,wet_year;nitrogen_stress_year;low_response_year,wet,YCA2022_normal_grid_S0028,low_input_within_10pct_yield,2022-09-19,262,99,94,"{""sim_day"": 99.0, ""doy"": 262.0, ""topwt"": 18385.69702148437, ""grnwt"": 8035.3863525390625, ""xlai"": 1.9750028848648071, ""totir"": 0.0, ""tofer"": NaN, ""swfac"": 0.0, ""nstres"": 0.1792517900466919}",0.0,0.1792517900466919,18385.69702148437,8035.3863525390625,1.9750028848648071,0.0,,0.0,0.0,0.0,180.0,35.35386352539062,35.35386352539062,Leave_One_experiments/all_year_offline_schedule_search/daily_outputs/YCA/YCA_2022_YCA2022_normal_grid_S0028_daily.csv
YCA,YCA,Yucheng,2022,Leave_One_experiments\wth_generated_qc\YCA\YCA2022.WTH,wet_year;nitrogen_stress_year;low_response_year,wet,YCA2022_normal_grid_S0028,low_input_within_10pct_yield,2022-09-20,263,100,95,"{""sim_day"": 100.0, ""doy"": 263.0, ""topwt"": 18385.69702148437, ""grnwt"": 8035.3863525390625, ""xlai"": 1.9750028848648071, ""totir"": 0.0, ""tofer"": NaN, ""swfac"": 0.0, ""nstres"": 0.1792517900466919}",0.0,0.1792517900466919,18385.69702148437,8035.3863525390625,1.9750028848648071,0.0,,0.0,0.0,0.0,180.0,35.35386352539062,35.35386352539062,Leave_One_experiments/all_year_offline_schedule_search/daily_outputs/YCA/YCA_2022_YCA2022_normal_grid_S0028_daily.csv
YCA,YCA,Yucheng,2022,Leave_One_experiments\wth_generated_qc\YCA\YCA2022.WTH,wet_year;nitrogen_stress_year;low_response_year,wet,YCA2022_normal_grid_S0028,low_input_within_10pct_yield,2022-09-21,264,101,96,"{""sim_day"": 101.0, ""doy"": 264.0, ""topwt"": 18385.69702148437, ""grnwt"": 8035.3863525390625, ""xlai"": 1.9750028848648071, ""totir"": 0.0, ""tofer"": NaN, ""swfac"": 0.0, ""nstres"": 0.1792517900466919}",0.0,0.1792517900466919,18385.69702148437,8035.3863525390625,1.9750028848648071,0.0,,0.0,0.0,0.0,180.0,35.35386352539062,35.35386352539062,Leave_One_experiments/all_year_offline_schedule_search/daily_outputs/YCA/YCA_2022_YCA2022_normal_grid_S0028_daily.csv
YCA,YCA,Yucheng,2022,Leave_One_experiments\wth_generated_qc\YCA\YCA2022.WTH,wet_year;nitrogen_stress_year;low_response_year,wet,YCA2022_normal_grid_S0028,low_input_within_10pct_yield,2022-09-22,265,102,97,"{""sim_day"": 102.0, ""doy"": 265.0, ""topwt"": 18385.69702148437, ""grnwt"": 8035.3863525390625, ""xlai"": 1.9750028848648071, ""totir"": 0.0, ""tofer"": NaN, ""swfac"": 0.0, ""nstres"": 0.1792517900466919}",0.0,0.1792517900466919,18385.69702148437,8035.3863525390625,1.9750028848648071,0.0,,0.0,0.0,0.0,180.0,35.35386352539062,35.35386352539062,Leave_One_experiments/all_year_offline_schedule_search/daily_outputs/YCA/YCA_2022_YCA2022_normal_grid_S0028_daily.csv
YCA,YCA,Yucheng,2022,Leave_One_experiments\wth_generated_qc\YCA\YCA2022.WTH,wet_year;nitrogen_stress_year;low_response_year,wet,YCA2022_normal_grid_S0019,pareto_balanced,2022-06-18,169,1,1,"{""sim_day"": 1.0, ""doy"": 169.0, ""topwt"": 0.0, ""grnwt"": 0.0, ""xlai"": 0.0, ""totir"": 0.0, ""tofer"": NaN, ""swfac"": 0.0, ""nstres"": 0.0}",0.0,0.0,0.0,0.0,0.0,0.0,,0.0,75.0,0.0,225.0,27.87962036132812,27.87962036132812,Leave_One_experiments/all_year_offline_schedule_search/daily_outputs/YCA/YCA_2022_YCA2022_normal_grid_S0019_daily.csv
YCA,YCA,Yucheng,2022,Leave_One_experiments\wth_generated_qc\YCA\YCA2022.WTH,wet_year;nitrogen_stress_year;low_response_year,wet,YCA2022_normal_grid_S0019,pareto_balanced,2022-06-19,170,2,2,"{""sim_day"": 2.0, ""doy"": 170.0, ""topwt"": 0.0, ""grnwt"": 0.0, ""xlai"": 0.0, ""totir"": 0.0, ""tofer"": NaN, ""swfac"": 0.0, ""nstres"": 0.0}",0.0,0.0,0.0,0.0,0.0,0.0,,0.0,0.0,0.0,225.0,27.87962036132812,27.87962036132812,Leave_One_experiments/all_year_offline_schedule_search/daily_outputs/YCA/YCA_2022_YCA2022_normal_grid_S0019_daily.csv
YCA,YCA,Yucheng,2022,Leave_One_experiments\wth_generated_qc\YCA\YCA2022.WTH,wet_year;nitrogen_stress_year;low_response_year,wet,YCA2022_normal_grid_S0019,pareto_balanced,2022-06-20,171,3,3,"{""sim_day"": 3.0, ""doy"": 171.0, ""topwt"": 0.0, ""grnwt"": 0.0, ""xlai"": 0.0, ""totir"": 0.0, ""tofer"": NaN, ""swfac"": 0.0, ""nstres"": 0.0}",0.0,0.0,0.0,0.0,0.0,0.0,,0.0,0.0,0.0,225.0,27.87962036132812,27.87962036132812,Leave_One_experiments/all_year_offline_schedule_search/daily_outputs/YCA/YCA_2022_YCA2022_normal_grid_S0019_daily.csv
YCA,YCA,Yucheng,2022,Leave_One_experiments\wth_generated_qc\YCA\YCA2022.WTH,wet_year;nitrogen_stress_year;low_response_year,wet,YCA2022_normal_grid_S0019,pareto_balanced,2022-06-21,172,4,4,"{""sim_day"": 4.0, ""doy"": 172.0, ""topwt"": 0.0, ""grnwt"": 0.0, ""xlai"": 0.0, ""totir"": 0.0, ""tofer"": NaN, ""swfac"": 0.0, ""nstres"": 0.0}",0.0,0.0,0.0,0.0,0.0,0.0,,0.0,0.0,0.0,225.0,27.87962036132812,27.87962036132812,Leave_One_experiments/all_year_offline_schedule_search/daily_outputs/YCA/YCA_2022_YCA2022_normal_grid_S0019_daily.csv
YCA,YCA,Yucheng,2022,Leave_One_experiments\wth_generated_qc\YCA\YCA2022.WTH,wet_year;nitrogen_stress_year;low_response_year,wet,YCA2022_normal_grid_S0019,pareto_balanced,2022-06-22,173,5,5,"{""sim_day"": 5.0, ""doy"": 173.0, ""topwt"": 0.0, ""grnwt"": 0.0, ""xlai"": 0.0, ""totir"": 0.0, ""tofer"": NaN, ""swfac"": 0.0, ""nstres"": 0.0}",0.0,0.0,0.0,0.0,0.0,0.0,,0.0,0.0,0.0,225.0,27.87962036132812,27.87962036132812,Leave_One_experiments/all_year_offline_schedule_search/daily_outputs/YCA/YCA_2022_YCA2022_normal_grid_S0019_daily.csv
YCA,YCA,Yucheng,2022,Leave_One_experiments\wth_generated_qc\YCA\YCA2022.WTH,wet_year;nitrogen_stress_year;low_response_year,wet,YCA2022_normal_grid_S0019,pareto_balanced,2022-06-18,169,6,1,"{""sim_day"": 6.0, ""doy"": 169.0, ""topwt"": 0.0, ""grnwt"": 0.0, ""xlai"": 0.0, ""totir"": 0.0, ""tofer"": NaN, ""swfac"": 0.0, ""nstres"": 0.0}",0.0,0.0,0.0,0.0,0.0,0.0,,0.0,0.0,0.0,225.0,27.87962036132812,27.87962036132812,Leave_One_experiments/all_year_offline_schedule_search/daily_outputs/YCA/YCA_2022_YCA2022_normal_grid_S0019_daily.csv
YCA,YCA,Yucheng,2022,Leave_One_experiments\wth_generated_qc\YCA\YCA2022.WTH,wet_year;nitrogen_stress_year;low_response_year,wet,YCA2022_normal_grid_S0019,pareto_balanced,2022-06-19,170,7,2,"{""sim_day"": 7.0, ""doy"": 170.0, ""topwt"": 0.0, ""grnwt"": 0.0, ""xlai"": 0.0, ""totir"": 0.0, ""tofer"": NaN, ""swfac"": 0.0, ""nstres"": 0.0}",0.0,0.0,0.0,0.0,0.0,0.0,,0.0,0.0,0.0,225.0,27.87962036132812,27.87962036132812,Leave_One_experiments/all_year_offline_schedule_search/daily_outputs/YCA/YCA_2022_YCA2022_normal_grid_S0019_daily.csv
YCA,YCA,Yucheng,2022,Leave_One_experiments\wth_generated_qc\YCA\YCA2022.WTH,wet_year;nitrogen_stress_year;low_response_year,wet,YCA2022_normal_grid_S0019,pareto_balanced,2022-06-20,171,8,3,"{""sim_day"": 8.0, ""doy"": 171.0, ""topwt"": 0.0, ""grnwt"": 0.0, ""xlai"": 0.0, ""totir"": 0.0, ""tofer"": NaN, ""swfac"": 0.0, ""nstres"": 0.0}",0.0,0.0,0.0,0.0,0.0,0.0,,0.0,0.0,0.0,225.0,27.87962036132812,27.87962036132812,Leave_One_experiments/all_year_offline_schedule_search/daily_outputs/YCA/YCA_2022_YCA2022_normal_grid_S0019_daily.csv
YCA,YCA,Yucheng,2022,Leave_One_experiments\wth_generated_qc\YCA\YCA2022.WTH,wet_year;nitrogen_stress_year;low_response_year,wet,YCA2022_normal_grid_S0019,pareto_balanced,2022-06-21,172,9,4,"{""sim_day"": 9.0, ""doy"": 172.0, ""topwt"": 0.0, ""grnwt"": 0.0, ""xlai"": 0.0, ""totir"": 0.0, ""tofer"": NaN, ""swfac"": 0.0, ""nstres"": 0.0}",0.0,0.0,0.0,0.0,0.0,0.0,,0.0,0.0,0.0,225.0,27.87962036132812,27.87962036132812,Leave_One_experiments/all_year_offline_schedule_search/daily_outputs/YCA/YCA_2022_YCA2022_normal_grid_S0019_daily.csv
YCA,YCA,Yucheng,2022,Leave_One_experiments\wth_generated_qc\YCA\YCA2022.WTH,wet_year;nitrogen_stress_year;low_response_year,wet,YCA2022_normal_grid_S0019,pareto_balanced,2022-06-22,173,10,5,"{""sim_day"": 10.0, ""doy"": 173.0, ""topwt"": 26.400001049041748, ""grnwt"": 0.0, ""xlai"": 0.0057302368804812, ""totir"": 0.0, ""tofer"": NaN, ""swfac"": 0.0, ""nstres"": 0.0121910572052001}",0.0,0.0121910572052001,26.400001049041748,0.0,0.0057302368804812,0.0,,0.0,0.0,0.0,225.0,27.87962036132812,27.87962036132812,Leave_One_experiments/all_year_offline_schedule_search/daily_outputs/YCA/YCA_2022_YCA2022_normal_grid_S0019_daily.csv
YCA,YCA,Yucheng,2022,Leave_One_experiments\wth_generated_qc\YCA\YCA2022.WTH,wet_year;nitrogen_stress_year;low_response_year,wet,YCA2022_normal_grid_S0019,pareto_balanced,2022-06-23,174,11,6,"{""sim_day"": 11.0, ""doy"": 174.0, ""topwt"": 26.400001049041748, ""grnwt"": 0.0, ""xlai"": 0.0120686031877994, ""totir"": 0.0, ""tofer"": NaN, ""swfac"": 0.0, ""nstres"": 0.0054185390472412}",0.0,0.0054185390472412,26.400001049041748,0.0,0.0120686031877994,0.0,,0.0,0.0,0.0,225.0,27.87962036132812,27.87962036132812,Leave_One_experiments/all_year_offline_schedule_search/daily_outputs/YCA/YCA_2022_YCA2022_normal_grid_S0019_daily.csv
YCA,YCA,Yucheng,2022,Leave_One_experiments\wth_generated_qc\YCA\YCA2022.WTH,wet_year;nitrogen_stress_year;low_response_year,wet,YCA2022_normal_grid_S0019,pareto_balanced,2022-06-24,175,12,7,"{""sim_day"": 12.0, ""doy"": 175.0, ""topwt"": 26.400001049041748, ""grnwt"": 0.0, ""xlai"": 0.0196751654148101, ""totir"": 0.0, ""tofer"": NaN, ""swfac"": 0.0, ""nstres"": 0.0}",0.0,0.0,26.400001049041748,0.0,0.0196751654148101,0.0,,0.0,0.0,0.0,225.0,27.87962036132812,27.87962036132812,Leave_One_experiments/all_year_offline_schedule_search/daily_outputs/YCA/YCA_2022_YCA2022_normal_grid_S0019_daily.csv
YCA,YCA,Yucheng,2022,Leave_One_experiments\wth_generated_qc\YCA\YCA2022.WTH,wet_year;nitrogen_stress_year;low_response_year,wet,YCA2022_normal_grid_S0019,pareto_balanced,2022-06-25,176,13,8,"{""sim_day"": 13.0, ""doy"": 176.0, ""topwt"": 27.895827293396, ""grnwt"": 0.0, ""xlai"": 0.0493605881929397, ""totir"": 0.0, ""tofer"": NaN, ""swfac"": 0.0, ""nstres"": 0.0}",0.0,0.0,27.895827293396,0.0,0.0493605881929397,0.0,,0.0,0.0,0.0,225.0,27.87962036132812,27.87962036132812,Leave_One_experiments/all_year_offline_schedule_search/daily_outputs/YCA/YCA_2022_YCA2022_normal_grid_S0019_daily.csv
YCA,YCA,Yucheng,2022,Leave_One_experiments\wth_generated_qc\YCA\YCA2022.WTH,wet_year;nitrogen_stress_year;low_response_year,wet,YCA2022_normal_grid_S0019,pareto_balanced,2022-06-26,177,14,9,"{""sim_day"": 14.0, ""doy"": 177.0, ""topwt"": 38.69732618331909, ""grnwt"": 0.0, ""xlai"": 0.0765816047787666, ""totir"": 0.0, ""tofer"": NaN, ""swfac"": 0.0, ""nstres"": 0.0}",0.0,0.0,38.69732618331909,0.0,0.0765816047787666,0.0,,0.0,0.0,0.0,225.0,27.87962036132812,27.87962036132812,Leave_One_experiments/all_year_offline_schedule_search/daily_outputs/YCA/YCA_2022_YCA2022_normal_grid_S0019_daily.csv
YCA,YCA,Yucheng,2022,Leave_One_experiments\wth_generated_qc\YCA\YCA2022.WTH,wet_year;nitrogen_stress_year;low_response_year,wet,YCA2022_normal_grid_S0019,pareto_balanced,2022-06-27,178,15,10,"{""sim_day"": 15.0, ""doy"": 178.0, ""topwt"": 53.41106414794922, ""grnwt"": 0.0, ""xlai"": 0.110069952905178, ""totir"": 0.0, ""tofer"": NaN, ""swfac"": 0.0, ""nstres"": 0.0040462017059326}",0.0,0.0040462017059326,53.41106414794922,0.0,0.110069952905178,0.0,,0.0,0.0,0.0,225.0,27.87962036132812,27.87962036132812,Leave_One_experiments/all_year_offline_schedule_search/daily_outputs/YCA/YCA_2022_YCA2022_normal_grid_S0019_daily.csv
YCA,YCA,Yucheng,2022,Leave_One_experiments\wth_generated_qc\YCA\YCA2022.WTH,wet_year;nitrogen_stress_year;low_response_year,wet,YCA2022_normal_grid_S0019,pareto_balanced,2022-06-28,179,16,11,"{""sim_day"": 16.0, ""doy"": 179.0, ""topwt"": 70.60389041900635, ""grnwt"": 0.0, ""xlai"": 0.1460967063903808, ""totir"": 0.0, ""tofer"": NaN, ""swfac"": 0.0, ""nstres"": 0.0}",0.0,0.0,70.60389041900635,0.0,0.1460967063903808,0.0,,0.0,0.0,0.0,225.0,27.87962036132812,27.87962036132812,Leave_One_experiments/all_year_offline_schedule_search/daily_outputs/YCA/YCA_2022_YCA2022_normal_grid_S0019_daily.csv
YCA,YCA,Yucheng,2022,Leave_One_experiments\wth_generated_qc\YCA\YCA2022.WTH,wet_year;nitrogen_stress_year;low_response_year,wet,YCA2022_normal_grid_S0019,pareto_balanced,2022-06-29,180,17,12,"{""sim_day"": 17.0, ""doy"": 180.0, ""topwt"": 88.72011184692383, ""grnwt"": 0.0, ""xlai"": 0.1816793531179428, ""totir"": 0.0, ""tofer"": NaN, ""swfac"": 0.0, ""nstres"": 0.0}",0.0,0.0,88.72011184692383,0.0,0.1816793531179428,0.0,,0.0,0.0,0.0,225.0,27.87962036132812,27.87962036132812,Leave_One_experiments/all_year_offline_schedule_search/daily_outputs/YCA/YCA_2022_YCA2022_normal_grid_S0019_daily.csv
YCA,YCA,Yucheng,2022,Leave_One_experiments\wth_generated_qc\YCA\YCA2022.WTH,wet_year;nitrogen_stress_year;low_response_year,wet,YCA2022_normal_grid_S0019,pareto_balanced,2022-06-30,181,18,13,"{""sim_day"": 18.0, ""doy"": 181.0, ""topwt"": 115.66253662109376, ""grnwt"": 0.0, ""xlai"": 0.2314891517162323, ""totir"": 0.0, ""tofer"": NaN, ""swfac"": 0.0, ""nstres"": 0.0}",0.0,0.0,115.66253662109376,0.0,0.2314891517162323,0.0,,0.0,0.0,0.0,225.0,27.87962036132812,27.87962036132812,Leave_One_experiments/all_year_offline_schedule_search/daily_outputs/YCA/YCA_2022_YCA2022_normal_grid_S0019_daily.csv
YCA,YCA,Yucheng,2022,Leave_One_experiments\wth_generated_qc\YCA\YCA2022.WTH,wet_year;nitrogen_stress_year;low_response_year,wet,YCA2022_normal_grid_S0019,pareto_balanced,2022-07-01,182,19,14,"{""sim_day"": 19.0, ""doy"": 182.0, ""topwt"": 151.8768310546875, ""grnwt"": 0.0, ""xlai"": 0.2943222522735595, ""totir"": 0.0, ""tofer"": NaN, ""swfac"": 0.0, ""nstres"": 0.0}",0.0,0.0,151.8768310546875,0.0,0.2943222522735595,0.0,,0.0,0.0,0.0,225.0,27.87962036132812,27.87962036132812,Leave_One_experiments/all_year_offline_schedule_search/daily_outputs/YCA/YCA_2022_YCA2022_normal_grid_S0019_daily.csv
YCA,YCA,Yucheng,2022,Leave_One_experiments\wth_generated_qc\YCA\YCA2022.WTH,wet_year;nitrogen_stress_year;low_response_year,wet,YCA2022_normal_grid_S0019,pareto_balanced,2022-07-02,183,20,15,"{""sim_day"": 20.0, ""doy"": 183.0, ""topwt"": 175.74640274047852, ""grnwt"": 0.0, ""xlai"": 0.35651496052742, ""totir"": 0.0, ""tofer"": NaN, ""swfac"": 0.0, ""nstres"": 0.0}",0.0,0.0,175.74640274047852,0.0,0.35651496052742,0.0,,0.0,0.0,0.0,225.0,27.87962036132812,27.87962036132812,Leave_One_experiments/all_year_offline_schedule_search/daily_outputs/YCA/YCA_2022_YCA2022_normal_grid_S0019_daily.csv
YCA,YCA,Yucheng,2022,Leave_One_experiments\wth_generated_qc\YCA\YCA2022.WTH,wet_year;nitrogen_stress_year;low_response_year,wet,YCA2022_normal_grid_S0019,pareto_balanced,2022-07-03,184,21,16,"{""sim_day"": 21.0, ""doy"": 184.0, ""topwt"": 231.2809944152832, ""grnwt"": 0.0, ""xlai"": 0.4500907659530639, ""totir"": 0.0, ""tofer"": NaN, ""swfac"": 0.0, ""nstres"": 0.0}",0.0,0.0,231.2809944152832,0.0,0.4500907659530639,0.0,,0.0,0.0,0.0,225.0,27.87962036132812,27.87962036132812,Leave_One_experiments/all_year_offline_schedule_search/daily_outputs/YCA/YCA_2022_YCA2022_normal_grid_S0019_daily.csv
YCA,YCA,Yucheng,2022,Leave_One_experiments\wth_generated_qc\YCA\YCA2022.WTH,wet_year;nitrogen_stress_year;low_response_year,wet,YCA2022_normal_grid_S0019,pareto_balanced,2022-07-04,185,22,17,"{""sim_day"": 22.0, ""doy"": 185.0, ""topwt"": 289.0215873718262, ""grnwt"": 0.0, ""xlai"": 0.542094886302948, ""totir"": 0.0, ""tofer"": NaN, ""swfac"": 0.0, ""nstres"": 0.0026895403861999}",0.0,0.0026895403861999,289.0215873718262,0.0,0.542094886302948,0.0,,0.0,0.0,0.0,225.0,27.87962036132812,27.87962036132812,Leave_One_experiments/all_year_offline_schedule_search/daily_outputs/YCA/YCA_2022_YCA2022_normal_grid_S0019_daily.csv
YCA,YCA,Yucheng,2022,Leave_One_experiments\wth_generated_qc\YCA\YCA2022.WTH,wet_year;nitrogen_stress_year;low_response_year,wet,YCA2022_normal_grid_S0019,pareto_balanced,2022-07-05,186,23,18,"{""sim_day"": 23.0, ""doy"": 186.0, ""topwt"": 324.9036407470703, ""grnwt"": 0.0, ""xlai"": 0.5969408750534058, ""totir"": 0.0, ""tofer"": NaN, ""swfac"": 0.0, ""nstres"": 0.0}",0.0,0.0,324.9036407470703,0.0,0.5969408750534058,0.0,,0.0,0.0,0.0,225.0,27.87962036132812,27.87962036132812,Leave_One_experiments/all_year_offline_schedule_search/daily_outputs/YCA/YCA_2022_YCA2022_normal_grid_S0019_daily.csv
YCA,YCA,Yucheng,2022,Leave_One_experiments\wth_generated_qc\YCA\YCA2022.WTH,wet_year;nitrogen_stress_year;low_response_year,wet,YCA2022_normal_grid_S0019,pareto_balanced,2022-07-06,187,24,19,"{""sim_day"": 24.0, ""doy"": 187.0, ""topwt"": 409.7475814819336, ""grnwt"": 0.0, ""xlai"": 0.7222298383712769, ""totir"": 0.0, ""tofer"": NaN, ""swfac"": 0.0, ""nstres"": 0.0}",0.0,0.0,409.7475814819336,0.0,0.7222298383712769,0.0,,0.0,0.0,0.0,225.0,27.87962036132812,27.87962036132812,Leave_One_experiments/all_year_offline_schedule_search/daily_outputs/YCA/YCA_2022_YCA2022_normal_grid_S0019_daily.csv
YCA,YCA,Yucheng,2022,Leave_One_experiments\wth_generated_qc\YCA\YCA2022.WTH,wet_year;nitrogen_stress_year;low_response_year,wet,YCA2022_normal_grid_S0019,pareto_balanced,2022-07-07,188,25,20,"{""sim_day"": 25.0, ""doy"": 188.0, ""topwt"": 515.5223846435547, ""grnwt"": 0.0, ""xlai"": 0.8706911206245422, ""totir"": 0.0, ""tofer"": NaN, ""swfac"": 0.0, ""nstres"": 0.0}",0.0,0.0,515.5223846435547,0.0,0.8706911206245422,0.0,,0.0,0.0,0.0,225.0,27.87962036132812,27.87962036132812,Leave_One_experiments/all_year_offline_schedule_search/daily_outputs/YCA/YCA_2022_YCA2022_normal_grid_S0019_daily.csv
YCA,YCA,Yucheng,2022,Leave_One_experiments\wth_generated_qc\YCA\YCA2022.WTH,wet_year;nitrogen_stress_year;low_response_year,wet,YCA2022_normal_grid_S0019,pareto_balanced,2022-07-08,189,26,21,"{""sim_day"": 26.0, ""doy"": 189.0, ""topwt"": 638.5684585571289, ""grnwt"": 0.0, ""xlai"": 1.0351903438568115, ""totir"": 0.0, ""tofer"": NaN, ""swfac"": 0.0, ""nstres"": 0.0}",0.0,0.0,638.5684585571289,0.0,1.0351903438568115,0.0,,0.0,0.0,0.0,225.0,27.87962036132812,27.87962036132812,Leave_One_experiments/all_year_offline_schedule_search/daily_outputs/YCA/YCA_2022_YCA2022_normal_grid_S0019_daily.csv
YCA,YCA,Yucheng,2022,Leave_One_experiments\wth_generated_qc\YCA\YCA2022.WTH,wet_year;nitrogen_stress_year;low_response_year,wet,YCA2022_normal_grid_S0019,pareto_balanced,2022-07-09,190,27,22,"{""sim_day"": 27.0, ""doy"": 190.0, ""topwt"": 676.0008239746094, ""grnwt"": 0.0, ""xlai"": 1.0772079229354858, ""totir"": 0.0, ""tofer"": NaN, ""swfac"": 0.0, ""nstres"": 0.0}",0.0,0.0,676.0008239746094,0.0,1.0772079229354858,0.0,,0.0,0.0,0.0,225.0,27.87962036132812,27.87962036132812,Leave_One_experiments/all_year_offline_schedule_search/daily_outputs/YCA/YCA_2022_YCA2022_normal_grid_S0019_daily.csv
YCA,YCA,Yucheng,2022,Leave_One_experiments\wth_generated_qc\YCA\YCA2022.WTH,wet_year;nitrogen_stress_year;low_response_year,wet,YCA2022_normal_grid_S0019,pareto_balanced,2022-07-10,191,28,23,"{""sim_day"": 28.0, ""doy"": 191.0, ""topwt"": 791.7325592041016, ""grnwt"": 0.0, ""xlai"": 1.2283072471618652, ""totir"": 0.0, ""tofer"": NaN, ""swfac"": 0.0, ""nstres"": 0.0}",0.0,0.0,791.7325592041016,0.0,1.2283072471618652,0.0,,0.0,0.0,0.0,225.0,27.87962036132812,27.87962036132812,Leave_One_experiments/all_year_offline_schedule_search/daily_outputs/YCA/YCA_2022_YCA2022_normal_grid_S0019_daily.csv
YCA,YCA,Yucheng,2022,Leave_One_experiments\wth_generated_qc\YCA\YCA2022.WTH,wet_year;nitrogen_stress_year;low_response_year,wet,YCA2022_normal_grid_S0019,pareto_balanced,2022-07-11,192,29,24,"{""sim_day"": 29.0, ""doy"": 192.0, ""topwt"": 833.6239624023438, ""grnwt"": 0.0, ""xlai"": 1.2810148000717163, ""totir"": 0.0, ""tofer"": NaN, ""swfac"": 0.0, ""nstres"": 0.0}",0.0,0.0,833.6239624023438,0.0,1.2810148000717163,0.0,,0.0,0.0,0.0,225.0,27.87962036132812,27.87962036132812,Leave_One_experiments/all_year_offline_schedule_search/daily_outputs/YCA/YCA_2022_YCA2022_normal_grid_S0019_daily.csv
YCA,YCA,Yucheng,2022,Leave_One_experiments\wth_generated_qc\YCA\YCA2022.WTH,wet_year;nitrogen_stress_year;low_response_year,wet,YCA2022_normal_grid_S0019,pareto_balanced,2022-07-12,193,30,25,"{""sim_day"": 30.0, ""doy"": 193.0, ""topwt"": 941.7113494873048, ""grnwt"": 0.0, ""xlai"": 1.4116482734680176, ""totir"": 0.0, ""tofer"": NaN, ""swfac"": 0.0, ""nstres"": 0.0}",0.0,0.0,941.7113494873048,0.0,1.4116482734680176,0.0,,0.0,0.0,0.0,225.0,27.87962036132812,27.87962036132812,Leave_One_experiments/all_year_offline_schedule_search/daily_outputs/YCA/YCA_2022_YCA2022_normal_grid_S0019_daily.csv
YCA,YCA,Yucheng,2022,Leave_One_experiments\wth_generated_qc\YCA\YCA2022.WTH,wet_year;nitrogen_stress_year;low_response_year,wet,YCA2022_normal_grid_S0019,pareto_balanced,2022-07-13,194,31,26,"{""sim_day"": 31.0, ""doy"": 194.0, ""topwt"": 1103.9441680908203, ""grnwt"": 0.0, ""xlai"": 1.5959984064102173, ""totir"": 0.0, ""tofer"": NaN, ""swfac"": 0.0, ""nstres"": 0.0}",0.0,0.0,1103.9441680908203,0.0,1.5959984064102173,0.0,,0.0,0.0,0.0,225.0,27.87962036132812,27.87962036132812,Leave_One_experiments/all_year_offline_schedule_search/daily_outputs/YCA/YCA_2022_YCA2022_normal_grid_S0019_daily.csv
YCA,YCA,Yucheng,2022,Leave_One_experiments\wth_generated_qc\YCA\YCA2022.WTH,wet_year;nitrogen_stress_year;low_response_year,wet,YCA2022_normal_grid_S0019,pareto_balanced,2022-07-14,195,32,27,"{""sim_day"": 32.0, ""doy"": 195.0, ""topwt"": 1299.6377563476562, ""grnwt"": 0.0, ""xlai"": 1.8020808696746824, ""totir"": 0.0, ""tofer"": NaN, ""swfac"": 0.0, ""nstres"": 0.0}",0.0,0.0,1299.6377563476562,0.0,1.8020808696746824,0.0,,0.0,0.0,0.0,225.0,27.87962036132812,27.87962036132812,Leave_One_experiments/all_year_offline_schedule_search/daily_outputs/YCA/YCA_2022_YCA2022_normal_grid_S0019_daily.csv
YCA,YCA,Yucheng,2022,Leave_One_experiments\wth_generated_qc\YCA\YCA2022.WTH,wet_year;nitrogen_stress_year;low_response_year,wet,YCA2022_normal_grid_S0019,pareto_balanced,2022-07-15,196,33,28,"{""sim_day"": 33.0, ""doy"": 196.0, ""topwt"": 1360.002899169922, ""grnwt"": 0.0, ""xlai"": 1.8618601560592647, ""totir"": 0.0, ""tofer"": NaN, ""swfac"": 0.0, ""nstres"": 0.0}",0.0,0.0,1360.002899169922,0.0,1.8618601560592647,0.0,,0.0,0.0,0.0,225.0,27.87962036132812,27.87962036132812,Leave_One_experiments/all_year_offline_schedule_search/daily_outputs/YCA/YCA_2022_YCA2022_normal_grid_S0019_daily.csv
YCA,YCA,Yucheng,2022,Leave_One_experiments\wth_generated_qc\YCA\YCA2022.WTH,wet_year;nitrogen_stress_year;low_response_year,wet,YCA2022_normal_grid_S0019,pareto_balanced,2022-07-16,197,34,29,"{""sim_day"": 34.0, ""doy"": 197.0, ""topwt"": 1561.260986328125, ""grnwt"": 0.0, ""xlai"": 2.048534631729126, ""totir"": 0.0, ""tofer"": NaN, ""swfac"": 0.0, ""nstres"": 0.0}",0.0,0.0,1561.260986328125,0.0,2.048534631729126,0.0,,0.0,0.0,0.0,225.0,27.87962036132812,27.87962036132812,Leave_One_experiments/all_year_offline_schedule_search/daily_outputs/YCA/YCA_2022_YCA2022_normal_grid_S0019_daily.csv
YCA,YCA,Yucheng,2022,Leave_One_experiments\wth_generated_qc\YCA\YCA2022.WTH,wet_year;nitrogen_stress_year;low_response_year,wet,YCA2022_normal_grid_S0019,pareto_balanced,2022-07-17,198,35,30,"{""sim_day"": 35.0, ""doy"": 198.0, ""topwt"": 1787.1286010742188, ""grnwt"": 0.0, ""xlai"": 2.242109060287476, ""totir"": 0.0, ""tofer"": NaN, ""swfac"": 0.0, ""nstres"": 0.0}",0.0,0.0,1787.1286010742188,0.0,2.242109060287476,0.0,,0.0,75.0,0.0,225.0,27.87962036132812,27.87962036132812,Leave_One_experiments/all_year_offline_schedule_search/daily_outputs/YCA/YCA_2022_YCA2022_normal_grid_S0019_daily.csv
YCA,YCA,Yucheng,2022,Leave_One_experiments\wth_generated_qc\YCA\YCA2022.WTH,wet_year;nitrogen_stress_year;low_response_year,wet,YCA2022_normal_grid_S0019,pareto_balanced,2022-07-18,199,36,31,"{""sim_day"": 36.0, ""doy"": 199.0, ""topwt"": 1876.7118835449216, ""grnwt"": 0.0, ""xlai"": 2.313871145248413, ""totir"": 0.0, ""tofer"": NaN, ""swfac"": 0.0, ""nstres"": 0.0}",0.0,0.0,1876.7118835449216,0.0,2.313871145248413,0.0,,0.0,0.0,0.0,225.0,27.87962036132812,27.87962036132812,Leave_One_experiments/all_year_offline_schedule_search/daily_outputs/YCA/YCA_2022_YCA2022_normal_grid_S0019_daily.csv
YCA,YCA,Yucheng,2022,Leave_One_experiments\wth_generated_qc\YCA\YCA2022.WTH,wet_year;nitrogen_stress_year;low_response_year,wet,YCA2022_normal_grid_S0019,pareto_balanced,2022-07-19,200,37,32,"{""sim_day"": 37.0, ""doy"": 200.0, ""topwt"": 1958.1869506835935, ""grnwt"": 0.0, ""xlai"": 2.375556468963623, ""totir"": 0.0, ""tofer"": NaN, ""swfac"": 0.0, ""nstres"": 0.0}",0.0,0.0,1958.1869506835935,0.0,2.375556468963623,0.0,,0.0,0.0,0.0,225.0,27.87962036132812,27.87962036132812,Leave_One_experiments/all_year_offline_schedule_search/daily_outputs/YCA/YCA_2022_YCA2022_normal_grid_S0019_daily.csv
YCA,YCA,Yucheng,2022,Leave_One_experiments\wth_generated_qc\YCA\YCA2022.WTH,wet_year;nitrogen_stress_year;low_response_year,wet,YCA2022_normal_grid_S0019,pareto_balanced,2022-07-20,201,38,33,"{""sim_day"": 38.0, ""doy"": 201.0, ""topwt"": 2193.2667541503906, ""grnwt"": 0.0, ""xlai"": 2.542330503463745, ""totir"": 0.0, ""tofer"": NaN, ""swfac"": 0.0, ""nstres"": 0.0}",0.0,0.0,2193.2667541503906,0.0,2.542330503463745,0.0,,0.0,0.0,0.0,225.0,27.87962036132812,27.87962036132812,Leave_One_experiments/all_year_offline_schedule_search/daily_outputs/YCA/YCA_2022_YCA2022_normal_grid_S0019_daily.csv
YCA,YCA,Yucheng,2022,Leave_One_experiments\wth_generated_qc\YCA\YCA2022.WTH,wet_year;nitrogen_stress_year;low_response_year,wet,YCA2022_normal_grid_S0019,pareto_balanced,2022-07-21,202,39,34,"{""sim_day"": 39.0, ""doy"": 202.0, ""topwt"": 2405.8619689941406, ""grnwt"": 0.0, ""xlai"": 2.681980848312378, ""totir"": 0.0, ""tofer"": NaN, ""swfac"": 0.0, ""nstres"": 0.0}",0.0,0.0,2405.8619689941406,0.0,2.681980848312378,0.0,,0.0,0.0,0.0,225.0,27.87962036132812,27.87962036132812,Leave_One_experiments/all_year_offline_schedule_search/daily_outputs/YCA/YCA_2022_YCA2022_normal_grid_S0019_daily.csv
YCA,YCA,Yucheng,2022,Leave_One_experiments\wth_generated_qc\YCA\YCA2022.WTH,wet_year;nitrogen_stress_year;low_response_year,wet,YCA2022_normal_grid_S0019,pareto_balanced,2022-07-22,203,40,35,"{""sim_day"": 40.0, ""doy"": 203.0, ""topwt"": 2673.53515625, ""grnwt"": 0.0, ""xlai"": 2.845961809158325, ""totir"": 0.0, ""tofer"": NaN, ""swfac"": 0.0, ""nstres"": 0.0}",0.0,0.0,2673.53515625,0.0,2.845961809158325,0.0,,0.0,0.0,0.0,225.0,27.87962036132812,27.87962036132812,Leave_One_experiments/all_year_offline_schedule_search/daily_outputs/YCA/YCA_2022_YCA2022_normal_grid_S0019_daily.csv
YCA,YCA,Yucheng,2022,Leave_One_experiments\wth_generated_qc\YCA\YCA2022.WTH,wet_year;nitrogen_stress_year;low_response_year,wet,YCA2022_normal_grid_S0019,pareto_balanced,2022-07-23,204,41,36,"{""sim_day"": 41.0, ""doy"": 204.0, ""topwt"": 2990.8822631835938, ""grnwt"": 0.0, ""xlai"": 3.025979518890381, ""totir"": 0.0, ""tofer"": NaN, ""swfac"": 0.0, ""nstres"": 0.0}",0.0,0.0,2990.8822631835938,0.0,3.025979518890381,0.0,,0.0,0.0,0.0,225.0,27.87962036132812,27.87962036132812,Leave_One_experiments/all_year_offline_schedule_search/daily_outputs/YCA/YCA_2022_YCA2022_normal_grid_S0019_daily.csv
YCA,YCA,Yucheng,2022,Leave_One_experiments\wth_generated_qc\YCA\YCA2022.WTH,wet_year;nitrogen_stress_year;low_response_year,wet,YCA2022_normal_grid_S0019,pareto_balanced,2022-07-24,205,42,37,"{""sim_day"": 42.0, ""doy"": 205.0, ""topwt"": 3341.6964721679688, ""grnwt"": 0.0, ""xlai"": 3.2099297046661377, ""totir"": 0.0, ""tofer"": NaN, ""swfac"": 0.0, ""nstres"": 0.0}",0.0,0.0,3341.6964721679688,0.0,3.2099297046661377,0.0,,0.0,0.0,0.0,225.0,27.87962036132812,27.87962036132812,Leave_One_experiments/all_year_offline_schedule_search/daily_outputs/YCA/YCA_2022_YCA2022_normal_grid_S0019_daily.csv
YCA,YCA,Yucheng,2022,Leave_One_experiments\wth_generated_qc\YCA\YCA2022.WTH,wet_year;nitrogen_stress_year;low_response_year,wet,YCA2022_normal_grid_S0019,pareto_balanced,2022-07-25,206,43,38,"{""sim_day"": 43.0, ""doy"": 206.0, ""topwt"": 3689.5745849609375, ""grnwt"": 0.0, ""xlai"": 3.378235101699829, ""totir"": 0.0, ""tofer"": NaN, ""swfac"": 0.0, ""nstres"": 0.0}",0.0,0.0,3689.5745849609375,0.0,3.378235101699829,0.0,,0.0,0.0,0.0,225.0,27.87962036132812,27.87962036132812,Leave_One_experiments/all_year_offline_schedule_search/daily_outputs/YCA/YCA_2022_YCA2022_normal_grid_S0019_daily.csv
YCA,YCA,Yucheng,2022,Leave_One_experiments\wth_generated_qc\YCA\YCA2022.WTH,wet_year;nitrogen_stress_year;low_response_year,wet,YCA2022_normal_grid_S0019,pareto_balanced,2022-07-26,207,44,39,"{""sim_day"": 44.0, ""doy"": 207.0, ""topwt"": 4116.412048339844, ""grnwt"": 0.0, ""xlai"": 3.569068670272827, ""totir"": 0.0, ""tofer"": NaN, ""swfac"": 0.0, ""nstres"": 0.0}",0.0,0.0,4116.412048339844,0.0,3.569068670272827,0.0,,0.0,0.0,0.0,225.0,27.87962036132812,27.87962036132812,Leave_One_experiments/all_year_offline_schedule_search/daily_outputs/YCA/YCA_2022_YCA2022_normal_grid_S0019_daily.csv
YCA,YCA,Yucheng,2022,Leave_One_experiments\wth_generated_qc\YCA\YCA2022.WTH,wet_year;nitrogen_stress_year;low_response_year,wet,YCA2022_normal_grid_S0019,pareto_balanced,2022-07-27,208,45,40,"{""sim_day"": 45.0, ""doy"": 208.0, ""topwt"": 4310.6195068359375, ""grnwt"": 0.0, ""xlai"": 3.649856567382813, ""totir"": 0.0, ""tofer"": NaN, ""swfac"": 0.0, ""nstres"": 0.0}",0.0,0.0,4310.6195068359375,0.0,3.649856567382813,0.0,,0.0,0.0,0.0,225.0,27.87962036132812,27.87962036132812,Leave_One_experiments/all_year_offline_schedule_search/daily_outputs/YCA/YCA_2022_YCA2022_normal_grid_S0019_daily.csv
YCA,YCA,Yucheng,2022,Leave_One_experiments\wth_generated_qc\YCA\YCA2022.WTH,wet_year;nitrogen_stress_year;low_response_year,wet,YCA2022_normal_grid_S0019,pareto_balanced,2022-07-28,209,46,41,"{""sim_day"": 46.0, ""doy"": 209.0, ""topwt"": 4742.515869140625, ""grnwt"": 0.0, ""xlai"": 3.818098783493042, ""totir"": 0.0, ""tofer"": NaN, ""swfac"": 0.0, ""nstres"": 0.0}",0.0,0.0,4742.515869140625,0.0,3.818098783493042,0.0,,0.0,0.0,0.0,225.0,27.87962036132812,27.87962036132812,Leave_One_experiments/all_year_offline_schedule_search/daily_outputs/YCA/YCA_2022_YCA2022_normal_grid_S0019_daily.csv
YCA,YCA,Yucheng,2022,Leave_One_experiments\wth_generated_qc\YCA\YCA2022.WTH,wet_year;nitrogen_stress_year;low_response_year,wet,YCA2022_normal_grid_S0019,pareto_balanced,2022-07-29,210,47,42,"{""sim_day"": 47.0, ""doy"": 210.0, ""topwt"": 5050.923461914063, ""grnwt"": 0.0, ""xlai"": 4.004830360412598, ""totir"": 0.0, ""tofer"": NaN, ""swfac"": 0.0, ""nstres"": 0.0}",0.0,0.0,5050.923461914063,0.0,4.004830360412598,0.0,,0.0,0.0,0.0,225.0,27.87962036132812,27.87962036132812,Leave_One_experiments/all_year_offline_schedule_search/daily_outputs/YCA/YCA_2022_YCA2022_normal_grid_S0019_daily.csv
YCA,YCA,Yucheng,2022,Leave_One_experiments\wth_generated_qc\YCA\YCA2022.WTH,wet_year;nitrogen_stress_year;low_response_year,wet,YCA2022_normal_grid_S0019,pareto_balanced,2022-07-30,211,48,43,"{""sim_day"": 48.0, ""doy"": 211.0, ""topwt"": 5470.988159179688, ""grnwt"": 0.0, ""xlai"": 4.185675144195557, ""totir"": 0.0, ""tofer"": NaN, ""swfac"": 0.0, ""nstres"": 0.0}",0.0,0.0,5470.988159179688,0.0,4.185675144195557,0.0,,0.0,0.0,0.0,225.0,27.87962036132812,27.87962036132812,Leave_One_experiments/all_year_offline_schedule_search/daily_outputs/YCA/YCA_2022_YCA2022_normal_grid_S0019_daily.csv
YCA,YCA,Yucheng,2022,Leave_One_experiments\wth_generated_qc\YCA\YCA2022.WTH,wet_year;nitrogen_stress_year;low_response_year,wet,YCA2022_normal_grid_S0019,pareto_balanced,2022-07-31,212,49,44,"{""sim_day"": 49.0, ""doy"": 212.0, ""topwt"": 5908.9483642578125, ""grnwt"": 0.0, ""xlai"": 4.337231159210205, ""totir"": 0.0, ""tofer"": NaN, ""swfac"": 0.0, ""nstres"": 0.0}",0.0,0.0,5908.9483642578125,0.0,4.337231159210205,0.0,,0.0,0.0,0.0,225.0,27.87962036132812,27.87962036132812,Leave_One_experiments/all_year_offline_schedule_search/daily_outputs/YCA/YCA_2022_YCA2022_normal_grid_S0019_daily.csv
YCA,YCA,Yucheng,2022,Leave_One_experiments\wth_generated_qc\YCA\YCA2022.WTH,wet_year;nitrogen_stress_year;low_response_year,wet,YCA2022_normal_grid_S0019,pareto_balanced,2022-08-01,213,50,45,"{""sim_day"": 50.0, ""doy"": 213.0, ""topwt"": 6312.6654052734375, ""grnwt"": 0.0, ""xlai"": 4.453932285308838, ""totir"": 0.0, ""tofer"": NaN, ""swfac"": 0.0, ""nstres"": 0.0}",0.0,0.0,6312.6654052734375,0.0,4.453932285308838,0.0,,0.0,0.0,0.0,225.0,27.87962036132812,27.87962036132812,Leave_One_experiments/all_year_offline_schedule_search/daily_outputs/YCA/YCA_2022_YCA2022_normal_grid_S0019_daily.csv
YCA,YCA,Yucheng,2022,Leave_One_experiments\wth_generated_qc\YCA\YCA2022.WTH,wet_year;nitrogen_stress_year;low_response_year,wet,YCA2022_normal_grid_S0019,pareto_balanced,2022-08-02,214,51,46,"{""sim_day"": 51.0, ""doy"": 214.0, ""topwt"": 6771.531982421875, ""grnwt"": 0.0, ""xlai"": 4.570290565490723, ""totir"": 0.0, ""tofer"": NaN, ""swfac"": 0.0, ""nstres"": 0.0}",0.0,0.0,6771.531982421875,0.0,4.570290565490723,0.0,,0.0,0.0,0.0,225.0,27.87962036132812,27.87962036132812,Leave_One_experiments/all_year_offline_schedule_search/daily_outputs/YCA/YCA_2022_YCA2022_normal_grid_S0019_daily.csv
YCA,YCA,Yucheng,2022,Leave_One_experiments\wth_generated_qc\YCA\YCA2022.WTH,wet_year;nitrogen_stress_year;low_response_year,wet,YCA2022_normal_grid_S0019,pareto_balanced,2022-08-03,215,52,47,"{""sim_day"": 52.0, ""doy"": 215.0, ""topwt"": 7205.50537109375, ""grnwt"": 0.0, ""xlai"": 4.665014743804932, ""totir"": 0.0, ""tofer"": NaN, ""swfac"": 0.0, ""nstres"": 0.0005738139152526}",0.0,0.0005738139152526,7205.50537109375,0.0,4.665014743804932,0.0,,0.0,0.0,0.0,225.0,27.87962036132812,27.87962036132812,Leave_One_experiments/all_year_offline_schedule_search/daily_outputs/YCA/YCA_2022_YCA2022_normal_grid_S0019_daily.csv
YCA,YCA,Yucheng,2022,Leave_One_experiments\wth_generated_qc\YCA\YCA2022.WTH,wet_year;nitrogen_stress_year;low_response_year,wet,YCA2022_normal_grid_S0019,pareto_balanced,2022-08-04,216,53,48,"{""sim_day"": 53.0, ""doy"": 216.0, ""topwt"": 7629.8675537109375, ""grnwt"": 0.0, ""xlai"": 4.745649337768555, ""totir"": 0.0, ""tofer"": NaN, ""swfac"": 0.0, ""nstres"": 0.0203549861907959}",0.0,0.0203549861907959,7629.8675537109375,0.0,4.745649337768555,0.0,,0.0,0.0,0.0,225.0,27.87962036132812,27.87962036132812,Leave_One_experiments/all_year_offline_schedule_search/daily_outputs/YCA/YCA_2022_YCA2022_normal_grid_S0019_daily.csv
YCA,YCA,Yucheng,2022,Leave_One_experiments\wth_generated_qc\YCA\YCA2022.WTH,wet_year;nitrogen_stress_year;low_response_year,wet,YCA2022_normal_grid_S0019,pareto_balanced,2022-08-05,217,54,49,"{""sim_day"": 54.0, ""doy"": 217.0, ""topwt"": 8004.540405273437, ""grnwt"": 0.0, ""xlai"": 4.810211181640625, ""totir"": 0.0, ""tofer"": NaN, ""swfac"": 0.0, ""nstres"": 0.0356518030166626}",0.0,0.0356518030166626,8004.540405273437,0.0,4.810211181640625,0.0,,0.0,0.0,0.0,225.0,27.87962036132812,27.87962036132812,Leave_One_experiments/all_year_offline_schedule_search/daily_outputs/YCA/YCA_2022_YCA2022_normal_grid_S0019_daily.csv
YCA,YCA,Yucheng,2022,Leave_One_experiments\wth_generated_qc\YCA\YCA2022.WTH,wet_year;nitrogen_stress_year;low_response_year,wet,YCA2022_normal_grid_S0019,pareto_balanced,2022-08-06,218,55,50,"{""sim_day"": 55.0, ""doy"": 218.0, ""topwt"": 8236.46484375, ""grnwt"": 0.0, ""xlai"": 4.8362531661987305, ""totir"": 0.0, ""tofer"": NaN, ""swfac"": 0.0, ""nstres"": 0.0474398732185363}",0.0,0.0474398732185363,8236.46484375,0.0,4.8362531661987305,0.0,,0.0,0.0,0.0,225.0,27.87962036132812,27.87962036132812,Leave_One_experiments/all_year_offline_schedule_search/daily_outputs/YCA/YCA_2022_YCA2022_normal_grid_S0019_daily.csv
YCA,YCA,Yucheng,2022,Leave_One_experiments\wth_generated_qc\YCA\YCA2022.WTH,wet_year;nitrogen_stress_year;low_response_year,wet,YCA2022_normal_grid_S0019,pareto_balanced,2022-08-07,219,56,51,"{""sim_day"": 56.0, ""doy"": 219.0, ""topwt"": 8346.70654296875, ""grnwt"": 0.0, ""xlai"": 4.829680919647217, ""totir"": 0.0, ""tofer"": NaN, ""swfac"": 0.0, ""nstres"": 0.0553557872772216}",0.0,0.0553557872772216,8346.70654296875,0.0,4.829680919647217,0.0,,0.0,0.0,0.0,225.0,27.87962036132812,27.87962036132812,Leave_One_experiments/all_year_offline_schedule_search/daily_outputs/YCA/YCA_2022_YCA2022_normal_grid_S0019_daily.csv
YCA,YCA,Yucheng,2022,Leave_One_experiments\wth_generated_qc\YCA\YCA2022.WTH,wet_year;nitrogen_stress_year;low_response_year,wet,YCA2022_normal_grid_S0019,pareto_balanced,2022-08-08,220,57,52,"{""sim_day"": 57.0, ""doy"": 220.0, ""topwt"": 8407.295532226562, ""grnwt"": 0.0, ""xlai"": 4.808286190032959, ""totir"": 0.0, ""tofer"": NaN, ""swfac"": 0.0, ""nstres"": 0.0594842433929443}",0.0,0.0594842433929443,8407.295532226562,0.0,4.808286190032959,0.0,,0.0,0.0,0.0,225.0,27.87962036132812,27.87962036132812,Leave_One_experiments/all_year_offline_schedule_search/daily_outputs/YCA/YCA_2022_YCA2022_normal_grid_S0019_daily.csv
YCA,YCA,Yucheng,2022,Leave_One_experiments\wth_generated_qc\YCA\YCA2022.WTH,wet_year;nitrogen_stress_year;low_response_year,wet,YCA2022_normal_grid_S0019,pareto_balanced,2022-08-09,221,58,53,"{""sim_day"": 58.0, ""doy"": 221.0, ""topwt"": 8483.666381835938, ""grnwt"": 0.0, ""xlai"": 4.791196346282959, ""totir"": 0.0, ""tofer"": NaN, ""swfac"": 0.0, ""nstres"": 0.0591131448745727}",0.0,0.0591131448745727,8483.666381835938,0.0,4.791196346282959,0.0,,0.0,0.0,0.0,225.0,27.87962036132812,27.87962036132812,Leave_One_experiments/all_year_offline_schedule_search/daily_outputs/YCA/YCA_2022_YCA2022_normal_grid_S0019_daily.csv
YCA,YCA,Yucheng,2022,Leave_One_experiments\wth_generated_qc\YCA\YCA2022.WTH,wet_year;nitrogen_stress_year;low_response_year,wet,YCA2022_normal_grid_S0019,pareto_balanced,2022-08-10,222,59,54,"{""sim_day"": 59.0, ""doy"": 222.0, ""topwt"": 8673.923950195312, ""grnwt"": 0.0, ""xlai"": 4.758182525634766, ""totir"": 0.0, ""tofer"": NaN, ""swfac"": 0.0, ""nstres"": 0.055122971534729}",0.0,0.055122971534729,8673.923950195312,0.0,4.758182525634766,0.0,,0.0,0.0,0.0,225.0,27.87962036132812,27.87962036132812,Leave_One_experiments/all_year_offline_schedule_search/daily_outputs/YCA/YCA_2022_YCA2022_normal_grid_S0019_daily.csv
YCA,YCA,Yucheng,2022,Leave_One_experiments\wth_generated_qc\YCA\YCA2022.WTH,wet_year;nitrogen_stress_year;low_response_year,wet,YCA2022_normal_grid_S0019,pareto_balanced,2022-08-11,223,60,55,"{""sim_day"": 60.0, ""doy"": 223.0, ""topwt"": 8945.0732421875, ""grnwt"": 0.0, ""xlai"": 4.7293219566345215, ""totir"": 0.0, ""tofer"": NaN, ""swfac"": 0.0, ""nstres"": 0.0412219762802124}",0.0,0.0412219762802124,8945.0732421875,0.0,4.7293219566345215,0.0,,0.0,0.0,0.0,225.0,27.87962036132812,27.87962036132812,Leave_One_experiments/all_year_offline_schedule_search/daily_outputs/YCA/YCA_2022_YCA2022_normal_grid_S0019_daily.csv
YCA,YCA,Yucheng,2022,Leave_One_experiments\wth_generated_qc\YCA\YCA2022.WTH,wet_year;nitrogen_stress_year;low_response_year,wet,YCA2022_normal_grid_S0019,pareto_balanced,2022-08-12,224,61,56,"{""sim_day"": 61.0, ""doy"": 224.0, ""topwt"": 9204.834594726562, ""grnwt"": 0.0, ""xlai"": 4.701728820800781, ""totir"": 0.0, ""tofer"": NaN, ""swfac"": 0.0, ""nstres"": 0.0339922308921813}",0.0,0.0339922308921813,9204.834594726562,0.0,4.701728820800781,0.0,,0.0,0.0,0.0,225.0,27.87962036132812,27.87962036132812,Leave_One_experiments/all_year_offline_schedule_search/daily_outputs/YCA/YCA_2022_YCA2022_normal_grid_S0019_daily.csv
YCA,YCA,Yucheng,2022,Leave_One_experiments\wth_generated_qc\YCA\YCA2022.WTH,wet_year;nitrogen_stress_year;low_response_year,wet,YCA2022_normal_grid_S0019,pareto_balanced,2022-08-13,225,62,57,"{""sim_day"": 62.0, ""doy"": 225.0, ""topwt"": 9431.443481445312, ""grnwt"": 0.0, ""xlai"": 4.675334453582764, ""totir"": 0.0, ""tofer"": NaN, ""swfac"": 0.0, ""nstres"": 0.0239110589027404}",0.0,0.0239110589027404,9431.443481445312,0.0,4.675334453582764,0.0,,0.0,0.0,0.0,225.0,27.87962036132812,27.87962036132812,Leave_One_experiments/all_year_offline_schedule_search/daily_outputs/YCA/YCA_2022_YCA2022_normal_grid_S0019_daily.csv
YCA,YCA,Yucheng,2022,Leave_One_experiments\wth_generated_qc\YCA\YCA2022.WTH,wet_year;nitrogen_stress_year;low_response_year,wet,YCA2022_normal_grid_S0019,pareto_balanced,2022-08-14,226,63,58,"{""sim_day"": 63.0, ""doy"": 226.0, ""topwt"": 9591.595458984377, ""grnwt"": 0.0, ""xlai"": 4.650074481964111, ""totir"": 0.0, ""tofer"": NaN, ""swfac"": 0.0, ""nstres"": 0.0178890228271484}",0.0,0.0178890228271484,9591.595458984377,0.0,4.650074481964111,0.0,,0.0,0.0,0.0,225.0,27.87962036132812,27.87962036132812,Leave_One_experiments/all_year_offline_schedule_search/daily_outputs/YCA/YCA_2022_YCA2022_normal_grid_S0019_daily.csv
YCA,YCA,Yucheng,2022,Leave_One_experiments\wth_generated_qc\YCA\YCA2022.WTH,wet_year;nitrogen_stress_year;low_response_year,wet,YCA2022_normal_grid_S0019,pareto_balanced,2022-08-15,227,64,59,"{""sim_day"": 64.0, ""doy"": 227.0, ""topwt"": 9986.820068359377, ""grnwt"": 0.0, ""xlai"": 4.625891208648682, ""totir"": 0.0, ""tofer"": NaN, ""swfac"": 0.0, ""nstres"": 0.0083721876144409}",0.0,0.0083721876144409,9986.820068359377,0.0,4.625891208648682,0.0,,0.0,0.0,0.0,225.0,27.87962036132812,27.87962036132812,Leave_One_experiments/all_year_offline_schedule_search/daily_outputs/YCA/YCA_2022_YCA2022_normal_grid_S0019_daily.csv
YCA,YCA,Yucheng,2022,Leave_One_experiments\wth_generated_qc\YCA\YCA2022.WTH,wet_year;nitrogen_stress_year;low_response_year,wet,YCA2022_normal_grid_S0019,pareto_balanced,2022-08-16,228,65,60,"{""sim_day"": 65.0, ""doy"": 228.0, ""topwt"": 10377.611083984377, ""grnwt"": 0.0, ""xlai"": 4.602728843688965, ""totir"": 0.0, ""tofer"": NaN, ""swfac"": 0.0, ""nstres"": 0.0}",0.0,0.0,10377.611083984377,0.0,4.602728843688965,0.0,,0.0,75.0,0.0,225.0,27.87962036132812,27.87962036132812,Leave_One_experiments/all_year_offline_schedule_search/daily_outputs/YCA/YCA_2022_YCA2022_normal_grid_S0019_daily.csv
YCA,YCA,Yucheng,2022,Leave_One_experiments\wth_generated_qc\YCA\YCA2022.WTH,wet_year;nitrogen_stress_year;low_response_year,wet,YCA2022_normal_grid_S0019,pareto_balanced,2022-08-17,229,66,61,"{""sim_day"": 66.0, ""doy"": 229.0, ""topwt"": 10640.477294921877, ""grnwt"": 0.0, ""xlai"": 4.580534934997559, ""totir"": 0.0, ""tofer"": NaN, ""swfac"": 0.0, ""nstres"": 0.0}",0.0,0.0,10640.477294921877,0.0,4.580534934997559,0.0,,0.0,0.0,0.0,225.0,27.87962036132812,27.87962036132812,Leave_One_experiments/all_year_offline_schedule_search/daily_outputs/YCA/YCA_2022_YCA2022_normal_grid_S0019_daily.csv
YCA,YCA,Yucheng,2022,Leave_One_experiments\wth_generated_qc\YCA\YCA2022.WTH,wet_year;nitrogen_stress_year;low_response_year,wet,YCA2022_normal_grid_S0019,pareto_balanced,2022-08-18,230,67,62,"{""sim_day"": 67.0, ""doy"": 230.0, ""topwt"": 10792.867431640623, ""grnwt"": 194.8755645751953, ""xlai"": 4.5133137702941895, ""totir"": 0.0, ""tofer"": NaN, ""swfac"": 0.0, ""nstres"": 0.0}",0.0,0.0,10792.867431640623,194.8755645751953,4.5133137702941895,0.0,,0.0,0.0,0.0,225.0,27.87962036132812,27.87962036132812,Leave_One_experiments/all_year_offline_schedule_search/daily_outputs/YCA/YCA_2022_YCA2022_normal_grid_S0019_daily.csv
YCA,YCA,Yucheng,2022,Leave_One_experiments\wth_generated_qc\YCA\YCA2022.WTH,wet_year;nitrogen_stress_year;low_response_year,wet,YCA2022_normal_grid_S0019,pareto_balanced,2022-08-19,231,68,63,"{""sim_day"": 68.0, ""doy"": 231.0, ""topwt"": 11101.8505859375, ""grnwt"": 461.37203216552734, ""xlai"": 4.494589328765869, ""totir"": 0.0, ""tofer"": NaN, ""swfac"": 0.0, ""nstres"": 0.0}",0.0,0.0,11101.8505859375,461.37203216552734,4.494589328765869,0.0,,0.0,0.0,0.0,225.0,27.87962036132812,27.87962036132812,Leave_One_experiments/all_year_offline_schedule_search/daily_outputs/YCA/YCA_2022_YCA2022_normal_grid_S0019_daily.csv
YCA,YCA,Yucheng,2022,Leave_One_experiments\wth_generated_qc\YCA\YCA2022.WTH,wet_year;nitrogen_stress_year;low_response_year,wet,YCA2022_normal_grid_S0019,pareto_balanced,2022-08-20,232,69,64,"{""sim_day"": 69.0, ""doy"": 232.0, ""topwt"": 11368.34716796875, ""grnwt"": 727.8684997558594, ""xlai"": 4.472125053405762, ""totir"": 0.0, ""tofer"": NaN, ""swfac"": 0.0, ""nstres"": 0.0}",0.0,0.0,11368.34716796875,727.8684997558594,4.472125053405762,0.0,,0.0,0.0,0.0,225.0,27.87962036132812,27.87962036132812,Leave_One_experiments/all_year_offline_schedule_search/daily_outputs/YCA/YCA_2022_YCA2022_normal_grid_S0019_daily.csv
YCA,YCA,Yucheng,2022,Leave_One_experiments\wth_generated_qc\YCA\YCA2022.WTH,wet_year;nitrogen_stress_year;low_response_year,wet,YCA2022_normal_grid_S0019,pareto_balanced,2022-08-21,233,70,65,"{""sim_day"": 70.0, ""doy"": 233.0, ""topwt"": 11487.379150390623, ""grnwt"": 951.0592651367188, ""xlai"": 4.442417621612549, ""totir"": 0.0, ""tofer"": NaN, ""swfac"": 0.0, ""nstres"": 0.0}",0.0,0.0,11487.379150390623,951.0592651367188,4.442417621612549,0.0,,0.0,0.0,0.0,225.0,27.87962036132812,27.87962036132812,Leave_One_experiments/all_year_offline_schedule_search/daily_outputs/YCA/YCA_2022_YCA2022_normal_grid_S0019_daily.csv
YCA,YCA,Yucheng,2022,Leave_One_experiments\wth_generated_qc\YCA\YCA2022.WTH,wet_year;nitrogen_stress_year;low_response_year,wet,YCA2022_normal_grid_S0019,pareto_balanced,2022-08-22,234,71,66,"{""sim_day"": 71.0, ""doy"": 234.0, ""topwt"": 11858.03466796875, ""grnwt"": 1217.5557708740234, ""xlai"": 4.41361141204834, ""totir"": 0.0, ""tofer"": NaN, ""swfac"": 0.0, ""nstres"": 0.0}",0.0,0.0,11858.03466796875,1217.5557708740234,4.41361141204834,0.0,,0.0,0.0,0.0,225.0,27.87962036132812,27.87962036132812,Leave_One_experiments/all_year_offline_schedule_search/daily_outputs/YCA/YCA_2022_YCA2022_normal_grid_S0019_daily.csv
YCA,YCA,Yucheng,2022,Leave_One_experiments\wth_generated_qc\YCA\YCA2022.WTH,wet_year;nitrogen_stress_year;low_response_year,wet,YCA2022_normal_grid_S0019,pareto_balanced,2022-08-23,235,72,67,"{""sim_day"": 72.0, ""doy"": 235.0, ""topwt"": 12124.53125, ""grnwt"": 1484.0521240234375, ""xlai"": 4.384470462799072, ""totir"": 0.0, ""tofer"": NaN, ""swfac"": 0.0, ""nstres"": 0.0}",0.0,0.0,12124.53125,1484.0521240234375,4.384470462799072,0.0,,0.0,0.0,0.0,225.0,27.87962036132812,27.87962036132812,Leave_One_experiments/all_year_offline_schedule_search/daily_outputs/YCA/YCA_2022_YCA2022_normal_grid_S0019_daily.csv
YCA,YCA,Yucheng,2022,Leave_One_experiments\wth_generated_qc\YCA\YCA2022.WTH,wet_year;nitrogen_stress_year;low_response_year,wet,YCA2022_normal_grid_S0019,pareto_balanced,2022-08-24,236,73,68,"{""sim_day"": 73.0, ""doy"": 236.0, ""topwt"": 12391.02783203125, ""grnwt"": 1750.5485534667969, ""xlai"": 4.351684093475342, ""totir"": 0.0, ""tofer"": NaN, ""swfac"": 0.0, ""nstres"": 0.0}",0.0,0.0,12391.02783203125,1750.5485534667969,4.351684093475342,0.0,,0.0,0.0,0.0,225.0,27.87962036132812,27.87962036132812,Leave_One_experiments/all_year_offline_schedule_search/daily_outputs/YCA/YCA_2022_YCA2022_normal_grid_S0019_daily.csv
YCA,YCA,Yucheng,2022,Leave_One_experiments\wth_generated_qc\YCA\YCA2022.WTH,wet_year;nitrogen_stress_year;low_response_year,wet,YCA2022_normal_grid_S0019,pareto_balanced,2022-08-25,237,74,69,"{""sim_day"": 74.0, ""doy"": 237.0, ""topwt"": 12657.5244140625, ""grnwt"": 2017.044982910156, ""xlai"": 4.313466548919678, ""totir"": 0.0, ""tofer"": NaN, ""swfac"": 0.0, ""nstres"": 0.0}",0.0,0.0,12657.5244140625,2017.044982910156,4.313466548919678,0.0,,0.0,0.0,0.0,225.0,27.87962036132812,27.87962036132812,Leave_One_experiments/all_year_offline_schedule_search/daily_outputs/YCA/YCA_2022_YCA2022_normal_grid_S0019_daily.csv
YCA,YCA,Yucheng,2022,Leave_One_experiments\wth_generated_qc\YCA\YCA2022.WTH,wet_year;nitrogen_stress_year;low_response_year,wet,YCA2022_normal_grid_S0019,pareto_balanced,2022-08-26,238,75,70,"{""sim_day"": 75.0, ""doy"": 238.0, ""topwt"": 12924.019775390623, ""grnwt"": 2283.541412353516, ""xlai"": 4.272712230682373, ""totir"": 0.0, ""tofer"": NaN, ""swfac"": 0.0, ""nstres"": 0.0}",0.0,0.0,12924.019775390623,2283.541412353516,4.272712230682373,0.0,,0.0,0.0,0.0,225.0,27.87962036132812,27.87962036132812,Leave_One_experiments/all_year_offline_schedule_search/daily_outputs/YCA/YCA_2022_YCA2022_normal_grid_S0019_daily.csv
YCA,YCA,Yucheng,2022,Leave_One_experiments\wth_generated_qc\YCA\YCA2022.WTH,wet_year;nitrogen_stress_year;low_response_year,wet,YCA2022_normal_grid_S0019,pareto_balanced,2022-08-27,239,76,71,"{""sim_day"": 76.0, ""doy"": 239.0, ""topwt"": 12993.30810546875, ""grnwt"": 2550.0379943847656, ""xlai"": 4.241078853607178, ""totir"": 0.0, ""tofer"": NaN, ""swfac"": 0.0, ""nstres"": 0.0}",0.0,0.0,12993.30810546875,2550.0379943847656,4.241078853607178,0.0,,0.0,0.0,0.0,225.0,27.87962036132812,27.87962036132812,Leave_One_experiments/all_year_offline_schedule_search/daily_outputs/YCA/YCA_2022_YCA2022_normal_grid_S0019_daily.csv
YCA,YCA,Yucheng,2022,Leave_One_experiments\wth_generated_qc\YCA\YCA2022.WTH,wet_year;nitrogen_stress_year;low_response_year,wet,YCA2022_normal_grid_S0019,pareto_balanced,2022-08-28,240,77,72,"{""sim_day"": 77.0, ""doy"": 240.0, ""topwt"": 13172.425537109377, ""grnwt"": 2816.534423828125, ""xlai"": 4.206634044647217, ""totir"": 0.0, ""tofer"": NaN, ""swfac"": 0.0, ""nstres"": 0.0}",0.0,0.0,13172.425537109377,2816.534423828125,4.206634044647217,0.0,,0.0,0.0,0.0,225.0,27.87962036132812,27.87962036132812,Leave_One_experiments/all_year_offline_schedule_search/daily_outputs/YCA/YCA_2022_YCA2022_normal_grid_S0019_daily.csv
YCA,YCA,Yucheng,2022,Leave_One_experiments\wth_generated_qc\YCA\YCA2022.WTH,wet_year;nitrogen_stress_year;low_response_year,wet,YCA2022_normal_grid_S0019,pareto_balanced,2022-08-29,241,78,73,"{""sim_day"": 78.0, ""doy"": 241.0, ""topwt"": 13476.419677734377, ""grnwt"": 3083.031005859375, ""xlai"": 4.161079406738281, ""totir"": 0.0, ""tofer"": NaN, ""swfac"": 0.0, ""nstres"": 0.0}",0.0,0.0,13476.419677734377,3083.031005859375,4.161079406738281,0.0,,0.0,0.0,0.0,225.0,27.87962036132812,27.87962036132812,Leave_One_experiments/all_year_offline_schedule_search/daily_outputs/YCA/YCA_2022_YCA2022_normal_grid_S0019_daily.csv
YCA,YCA,Yucheng,2022,Leave_One_experiments\wth_generated_qc\YCA\YCA2022.WTH,wet_year;nitrogen_stress_year;low_response_year,wet,YCA2022_normal_grid_S0019,pareto_balanced,2022-08-30,242,79,74,"{""sim_day"": 79.0, ""doy"": 242.0, ""topwt"": 13842.996826171877, ""grnwt"": 3349.527587890625, ""xlai"": 4.107171535491943, ""totir"": 0.0, ""tofer"": NaN, ""swfac"": 0.0, ""nstres"": 0.0}",0.0,0.0,13842.996826171877,3349.527587890625,4.107171535491943,0.0,,0.0,0.0,0.0,225.0,27.87962036132812,27.87962036132812,Leave_One_experiments/all_year_offline_schedule_search/daily_outputs/YCA/YCA_2022_YCA2022_normal_grid_S0019_daily.csv
YCA,YCA,Yucheng,2022,Leave_One_experiments\wth_generated_qc\YCA\YCA2022.WTH,wet_year;nitrogen_stress_year;low_response_year,wet,YCA2022_normal_grid_S0019,pareto_balanced,2022-08-31,243,80,75,"{""sim_day"": 80.0, ""doy"": 243.0, ""topwt"": 14226.25244140625, ""grnwt"": 3616.024169921875, ""xlai"": 4.04667854309082, ""totir"": 0.0, ""tofer"": NaN, ""swfac"": 0.0, ""nstres"": 0.0}",0.0,0.0,14226.25244140625,3616.024169921875,4.04667854309082,0.0,,0.0,0.0,0.0,225.0,27.87962036132812,27.87962036132812,Leave_One_experiments/all_year_offline_schedule_search/daily_outputs/YCA/YCA_2022_YCA2022_normal_grid_S0019_daily.csv
YCA,YCA,Yucheng,2022,Leave_One_experiments\wth_generated_qc\YCA\YCA2022.WTH,wet_year;nitrogen_stress_year;low_response_year,wet,YCA2022_normal_grid_S0019,pareto_balanced,2022-09-01,244,81,76,"{""sim_day"": 81.0, ""doy"": 244.0, ""topwt"": 14522.999267578123, ""grnwt"": 3882.520751953125, ""xlai"": 3.9809069633483887, ""totir"": 0.0, ""tofer"": NaN, ""swfac"": 0.0, ""nstres"": 0.0}",0.0,0.0,14522.999267578123,3882.520751953125,3.9809069633483887,0.0,,0.0,0.0,0.0,225.0,27.87962036132812,27.87962036132812,Leave_One_experiments/all_year_offline_schedule_search/daily_outputs/YCA/YCA_2022_YCA2022_normal_grid_S0019_daily.csv
YCA,YCA,Yucheng,2022,Leave_One_experiments\wth_generated_qc\YCA\YCA2022.WTH,wet_year;nitrogen_stress_year;low_response_year,wet,YCA2022_normal_grid_S0019,pareto_balanced,2022-09-02,245,82,77,"{""sim_day"": 82.0, ""doy"": 245.0, ""topwt"": 14778.642578125, ""grnwt"": 4149.017333984375, ""xlai"": 3.9233577251434326, ""totir"": 0.0, ""tofer"": NaN, ""swfac"": 0.0, ""nstres"": 0.0}",0.0,0.0,14778.642578125,4149.017333984375,3.9233577251434326,0.0,,0.0,0.0,0.0,225.0,27.87962036132812,27.87962036132812,Leave_One_experiments/all_year_offline_schedule_search/daily_outputs/YCA/YCA_2022_YCA2022_normal_grid_S0019_daily.csv
YCA,YCA,Yucheng,2022,Leave_One_experiments\wth_generated_qc\YCA\YCA2022.WTH,wet_year;nitrogen_stress_year;low_response_year,wet,YCA2022_normal_grid_S0019,pareto_balanced,2022-09-03,246,83,78,"{""sim_day"": 83.0, ""doy"": 246.0, ""topwt"": 15055.992431640623, ""grnwt"": 4415.513916015625, ""xlai"": 3.8495960235595694, ""totir"": 0.0, ""tofer"": NaN, ""swfac"": 0.0, ""nstres"": 0.0}",0.0,0.0,15055.992431640623,4415.513916015625,3.8495960235595694,0.0,,0.0,0.0,0.0,225.0,27.87962036132812,27.87962036132812,Leave_One_experiments/all_year_offline_schedule_search/daily_outputs/YCA/YCA_2022_YCA2022_normal_grid_S0019_daily.csv
YCA,YCA,Yucheng,2022,Leave_One_experiments\wth_generated_qc\YCA\YCA2022.WTH,wet_year;nitrogen_stress_year;low_response_year,wet,YCA2022_normal_grid_S0019,pareto_balanced,2022-09-04,247,84,79,"{""sim_day"": 84.0, ""doy"": 247.0, ""topwt"": 15322.489013671877, ""grnwt"": 4682.010498046875, ""xlai"": 3.764442205429077, ""totir"": 0.0, ""tofer"": NaN, ""swfac"": 0.0, ""nstres"": 0.0}",0.0,0.0,15322.489013671877,4682.010498046875,3.764442205429077,0.0,,0.0,0.0,0.0,225.0,27.87962036132812,27.87962036132812,Leave_One_experiments/all_year_offline_schedule_search/daily_outputs/YCA/YCA_2022_YCA2022_normal_grid_S0019_daily.csv
YCA,YCA,Yucheng,2022,Leave_One_experiments\wth_generated_qc\YCA\YCA2022.WTH,wet_year;nitrogen_stress_year;low_response_year,wet,YCA2022_normal_grid_S0019,pareto_balanced,2022-09-05,248,85,80,"{""sim_day"": 85.0, ""doy"": 248.0, ""topwt"": 15588.985595703123, ""grnwt"": 4948.507080078125, ""xlai"": 3.678965568542481, ""totir"": 0.0, ""tofer"": NaN, ""swfac"": 0.0, ""nstres"": 0.0}",0.0,0.0,15588.985595703123,4948.507080078125,3.678965568542481,0.0,,0.0,0.0,0.0,225.0,27.87962036132812,27.87962036132812,Leave_One_experiments/all_year_offline_schedule_search/daily_outputs/YCA/YCA_2022_YCA2022_normal_grid_S0019_daily.csv
YCA,YCA,Yucheng,2022,Leave_One_experiments\wth_generated_qc\YCA\YCA2022.WTH,wet_year;nitrogen_stress_year;low_response_year,wet,YCA2022_normal_grid_S0019,pareto_balanced,2022-09-06,249,86,81,"{""sim_day"": 86.0, ""doy"": 249.0, ""topwt"": 15855.482177734377, ""grnwt"": 5215.003662109375, ""xlai"": 3.5901331901550293, ""totir"": 0.0, ""tofer"": NaN, ""swfac"": 0.0, ""nstres"": 0.0}",0.0,0.0,15855.482177734377,5215.003662109375,3.5901331901550293,0.0,,0.0,0.0,0.0,225.0,27.87962036132812,27.87962036132812,Leave_One_experiments/all_year_offline_schedule_search/daily_outputs/YCA/YCA_2022_YCA2022_normal_grid_S0019_daily.csv
YCA,YCA,Yucheng,2022,Leave_One_experiments\wth_generated_qc\YCA\YCA2022.WTH,wet_year;nitrogen_stress_year;low_response_year,wet,YCA2022_normal_grid_S0019,pareto_balanced,2022-09-07,250,87,82,"{""sim_day"": 87.0, ""doy"": 250.0, ""topwt"": 16121.978759765623, ""grnwt"": 5481.500244140625, ""xlai"": 3.4955828189849854, ""totir"": 0.0, ""tofer"": NaN, ""swfac"": 0.0, ""nstres"": 0.0}",0.0,0.0,16121.978759765623,5481.500244140625,3.4955828189849854,0.0,,0.0,0.0,0.0,225.0,27.87962036132812,27.87962036132812,Leave_One_experiments/all_year_offline_schedule_search/daily_outputs/YCA/YCA_2022_YCA2022_normal_grid_S0019_daily.csv
YCA,YCA,Yucheng,2022,Leave_One_experiments\wth_generated_qc\YCA\YCA2022.WTH,wet_year;nitrogen_stress_year;low_response_year,wet,YCA2022_normal_grid_S0019,pareto_balanced,2022-09-08,251,88,83,"{""sim_day"": 88.0, ""doy"": 251.0, ""topwt"": 16388.475341796875, ""grnwt"": 5747.996826171875, ""xlai"": 3.393733501434326, ""totir"": 0.0, ""tofer"": NaN, ""swfac"": 0.0, ""nstres"": 0.0}",0.0,0.0,16388.475341796875,5747.996826171875,3.393733501434326,0.0,,0.0,0.0,0.0,225.0,27.87962036132812,27.87962036132812,Leave_One_experiments/all_year_offline_schedule_search/daily_outputs/YCA/YCA_2022_YCA2022_normal_grid_S0019_daily.csv
YCA,YCA,Yucheng,2022,Leave_One_experiments\wth_generated_qc\YCA\YCA2022.WTH,wet_year;nitrogen_stress_year;low_response_year,wet,YCA2022_normal_grid_S0019,pareto_balanced,2022-09-09,252,89,84,"{""sim_day"": 89.0, ""doy"": 252.0, ""topwt"": 16654.970703125, ""grnwt"": 6014.493408203125, ""xlai"": 3.2789316177368164, ""totir"": 0.0, ""tofer"": NaN, ""swfac"": 0.0, ""nstres"": 0.0}",0.0,0.0,16654.970703125,6014.493408203125,3.2789316177368164,0.0,,0.0,0.0,0.0,225.0,27.87962036132812,27.87962036132812,Leave_One_experiments/all_year_offline_schedule_search/daily_outputs/YCA/YCA_2022_YCA2022_normal_grid_S0019_daily.csv
YCA,YCA,Yucheng,2022,Leave_One_experiments\wth_generated_qc\YCA\YCA2022.WTH,wet_year;nitrogen_stress_year;low_response_year,wet,YCA2022_normal_grid_S0019,pareto_balanced,2022-09-10,253,90,85,"{""sim_day"": 90.0, ""doy"": 253.0, ""topwt"": 16921.46728515625, ""grnwt"": 6280.9893798828125, ""xlai"": 3.1513304710388184, ""totir"": 0.0, ""tofer"": NaN, ""swfac"": 0.0, ""nstres"": 0.0}",0.0,0.0,16921.46728515625,6280.9893798828125,3.1513304710388184,0.0,,0.0,0.0,0.0,225.0,27.87962036132812,27.87962036132812,Leave_One_experiments/all_year_offline_schedule_search/daily_outputs/YCA/YCA_2022_YCA2022_normal_grid_S0019_daily.csv
YCA,YCA,Yucheng,2022,Leave_One_experiments\wth_generated_qc\YCA\YCA2022.WTH,wet_year;nitrogen_stress_year;low_response_year,wet,YCA2022_normal_grid_S0019,pareto_balanced,2022-09-11,254,91,86,"{""sim_day"": 91.0, ""doy"": 254.0, ""topwt"": 17187.9638671875, ""grnwt"": 6547.485961914063, ""xlai"": 3.02528715133667, ""totir"": 0.0, ""tofer"": NaN, ""swfac"": 0.0, ""nstres"": 0.0}",0.0,0.0,17187.9638671875,6547.485961914063,3.02528715133667,0.0,,0.0,0.0,0.0,225.0,27.87962036132812,27.87962036132812,Leave_One_experiments/all_year_offline_schedule_search/daily_outputs/YCA/YCA_2022_YCA2022_normal_grid_S0019_daily.csv
YCA,YCA,Yucheng,2022,Leave_One_experiments\wth_generated_qc\YCA\YCA2022.WTH,wet_year;nitrogen_stress_year;low_response_year,wet,YCA2022_normal_grid_S0019,pareto_balanced,2022-09-12,255,92,87,"{""sim_day"": 92.0, ""doy"": 255.0, ""topwt"": 17454.461669921875, ""grnwt"": 6813.9825439453125, ""xlai"": 2.899982452392578, ""totir"": 0.0, ""tofer"": NaN, ""swfac"": 0.0, ""nstres"": 0.0}",0.0,0.0,17454.461669921875,6813.9825439453125,2.899982452392578,0.0,,0.0,0.0,0.0,225.0,27.87962036132812,27.87962036132812,Leave_One_experiments/all_year_offline_schedule_search/daily_outputs/YCA/YCA_2022_YCA2022_normal_grid_S0019_daily.csv
YCA,YCA,Yucheng,2022,Leave_One_experiments\wth_generated_qc\YCA\YCA2022.WTH,wet_year;nitrogen_stress_year;low_response_year,wet,YCA2022_normal_grid_S0019,pareto_balanced,2022-09-13,256,93,88,"{""sim_day"": 93.0, ""doy"": 256.0, ""topwt"": 17705.68603515625, ""grnwt"": 7080.4791259765625, ""xlai"": 2.7657454013824463, ""totir"": 0.0, ""tofer"": NaN, ""swfac"": 0.0, ""nstres"": 0.0}",0.0,0.0,17705.68603515625,7080.4791259765625,2.7657454013824463,0.0,,0.0,0.0,0.0,225.0,27.87962036132812,27.87962036132812,Leave_One_experiments/all_year_offline_schedule_search/daily_outputs/YCA/YCA_2022_YCA2022_normal_grid_S0019_daily.csv
YCA,YCA,Yucheng,2022,Leave_One_experiments\wth_generated_qc\YCA\YCA2022.WTH,wet_year;nitrogen_stress_year;low_response_year,wet,YCA2022_normal_grid_S0019,pareto_balanced,2022-09-14,257,94,89,"{""sim_day"": 94.0, ""doy"": 257.0, ""topwt"": 17865.1416015625, ""grnwt"": 7346.975708007812, ""xlai"": 2.628423929214477, ""totir"": 0.0, ""tofer"": NaN, ""swfac"": 0.0, ""nstres"": 0.0}",0.0,0.0,17865.1416015625,7346.975708007812,2.628423929214477,0.0,,0.0,0.0,0.0,225.0,27.87962036132812,27.87962036132812,Leave_One_experiments/all_year_offline_schedule_search/daily_outputs/YCA/YCA_2022_YCA2022_normal_grid_S0019_daily.csv
YCA,YCA,Yucheng,2022,Leave_One_experiments\wth_generated_qc\YCA\YCA2022.WTH,wet_year;nitrogen_stress_year;low_response_year,wet,YCA2022_normal_grid_S0019,pareto_balanced,2022-09-15,258,95,90,"{""sim_day"": 95.0, ""doy"": 258.0, ""topwt"": 18189.322509765625, ""grnwt"": 7613.4722900390625, ""xlai"": 2.471940279006958, ""totir"": 0.0, ""tofer"": NaN, ""swfac"": 0.0, ""nstres"": 0.0}",0.0,0.0,18189.322509765625,7613.4722900390625,2.471940279006958,0.0,,0.0,0.0,0.0,225.0,27.87962036132812,27.87962036132812,Leave_One_experiments/all_year_offline_schedule_search/daily_outputs/YCA/YCA_2022_YCA2022_normal_grid_S0019_daily.csv
YCA,YCA,Yucheng,2022,Leave_One_experiments\wth_generated_qc\YCA\YCA2022.WTH,wet_year;nitrogen_stress_year;low_response_year,wet,YCA2022_normal_grid_S0019,pareto_balanced,2022-09-16,259,96,91,"{""sim_day"": 96.0, ""doy"": 259.0, ""topwt"": 18483.73779296875, ""grnwt"": 7879.968872070312, ""xlai"": 2.313231945037842, ""totir"": 0.0, ""tofer"": NaN, ""swfac"": 0.0, ""nstres"": 0.0}",0.0,0.0,18483.73779296875,7879.968872070312,2.313231945037842,0.0,,0.0,0.0,0.0,225.0,27.87962036132812,27.87962036132812,Leave_One_experiments/all_year_offline_schedule_search/daily_outputs/YCA/YCA_2022_YCA2022_normal_grid_S0019_daily.csv
YCA,YCA,Yucheng,2022,Leave_One_experiments\wth_generated_qc\YCA\YCA2022.WTH,wet_year;nitrogen_stress_year;low_response_year,wet,YCA2022_normal_grid_S0019,pareto_balanced,2022-09-17,260,97,92,"{""sim_day"": 97.0, ""doy"": 260.0, ""topwt"": 18781.7529296875, ""grnwt"": 8146.465454101562, ""xlai"": 2.1450095176696777, ""totir"": 0.0, ""tofer"": NaN, ""swfac"": 0.0, ""nstres"": 0.0}",0.0,0.0,18781.7529296875,8146.465454101562,2.1450095176696777,0.0,,0.0,0.0,0.0,225.0,27.87962036132812,27.87962036132812,Leave_One_experiments/all_year_offline_schedule_search/daily_outputs/YCA/YCA_2022_YCA2022_normal_grid_S0019_daily.csv
YCA,YCA,Yucheng,2022,Leave_One_experiments\wth_generated_qc\YCA\YCA2022.WTH,wet_year;nitrogen_stress_year;low_response_year,wet,YCA2022_normal_grid_S0019,pareto_balanced,2022-09-18,261,98,93,"{""sim_day"": 98.0, ""doy"": 261.0, ""topwt"": 19053.438720703125, ""grnwt"": 8412.962036132812, ""xlai"": 1.986459732055664, ""totir"": 0.0, ""tofer"": NaN, ""swfac"": 0.0, ""nstres"": 0.0}",0.0,0.0,19053.438720703125,8412.962036132812,1.986459732055664,0.0,,0.0,0.0,0.0,225.0,27.87962036132812,27.87962036132812,Leave_One_experiments/all_year_offline_schedule_search/daily_outputs/YCA/YCA_2022_YCA2022_normal_grid_S0019_daily.csv
YCA,YCA,Yucheng,2022,Leave_One_experiments\wth_generated_qc\YCA\YCA2022.WTH,wet_year;nitrogen_stress_year;low_response_year,wet,YCA2022_normal_grid_S0019,pareto_balanced,2022-09-19,262,99,94,"{""sim_day"": 99.0, ""doy"": 262.0, ""topwt"": 19053.438720703125, ""grnwt"": 8412.962036132812, ""xlai"": 1.986459732055664, ""totir"": 0.0, ""tofer"": NaN, ""swfac"": 0.0, ""nstres"": 0.0}",0.0,0.0,19053.438720703125,8412.962036132812,1.986459732055664,0.0,,0.0,0.0,0.0,225.0,27.87962036132812,27.87962036132812,Leave_One_experiments/all_year_offline_schedule_search/daily_outputs/YCA/YCA_2022_YCA2022_normal_grid_S0019_daily.csv
YCA,YCA,Yucheng,2022,Leave_One_experiments\wth_generated_qc\YCA\YCA2022.WTH,wet_year;nitrogen_stress_year;low_response_year,wet,YCA2022_normal_grid_S0019,pareto_balanced,2022-09-20,263,100,95,"{""sim_day"": 100.0, ""doy"": 263.0, ""topwt"": 19053.438720703125, ""grnwt"": 8412.962036132812, ""xlai"": 1.986459732055664, ""totir"": 0.0, ""tofer"": NaN, ""swfac"": 0.0, ""nstres"": 0.0}",0.0,0.0,19053.438720703125,8412.962036132812,1.986459732055664,0.0,,0.0,0.0,0.0,225.0,27.87962036132812,27.87962036132812,Leave_One_experiments/all_year_offline_schedule_search/daily_outputs/YCA/YCA_2022_YCA2022_normal_grid_S0019_daily.csv
YCA,YCA,Yucheng,2022,Leave_One_experiments\wth_generated_qc\YCA\YCA2022.WTH,wet_year;nitrogen_stress_year;low_response_year,wet,YCA2022_normal_grid_S0019,pareto_balanced,2022-09-21,264,101,96,"{""sim_day"": 101.0, ""doy"": 264.0, ""topwt"": 19053.438720703125, ""grnwt"": 8412.962036132812, ""xlai"": 1.986459732055664, ""totir"": 0.0, ""tofer"": NaN, ""swfac"": 0.0, ""nstres"": 0.0}",0.0,0.0,19053.438720703125,8412.962036132812,1.986459732055664,0.0,,0.0,0.0,0.0,225.0,27.87962036132812,27.87962036132812,Leave_One_experiments/all_year_offline_schedule_search/daily_outputs/YCA/YCA_2022_YCA2022_normal_grid_S0019_daily.csv
YCA,YCA,Yucheng,2022,Leave_One_experiments\wth_generated_qc\YCA\YCA2022.WTH,wet_year;nitrogen_stress_year;low_response_year,wet,YCA2022_normal_grid_S0019,pareto_balanced,2022-09-22,265,102,97,"{""sim_day"": 102.0, ""doy"": 265.0, ""topwt"": 19053.438720703125, ""grnwt"": 8412.962036132812, ""xlai"": 1.986459732055664, ""totir"": 0.0, ""tofer"": NaN, ""swfac"": 0.0, ""nstres"": 0.0}",0.0,0.0,19053.438720703125,8412.962036132812,1.986459732055664,0.0,,0.0,0.0,0.0,225.0,27.87962036132812,27.87962036132812,Leave_One_experiments/all_year_offline_schedule_search/daily_outputs/YCA/YCA_2022_YCA2022_normal_grid_S0019_daily.csv
YCA,YCA,Yucheng,2022,Leave_One_experiments\wth_generated_qc\YCA\YCA2022.WTH,wet_year;nitrogen_stress_year;low_response_year,wet,YCA2022_normal_grid_S0010,top_profit_low_water,2022-06-18,169,1,1,"{""sim_day"": 1.0, ""doy"": 169.0, ""topwt"": 0.0, ""grnwt"": 0.0, ""xlai"": 0.0, ""totir"": 0.0, ""tofer"": NaN, ""swfac"": 0.0, ""nstres"": 0.0}",0.0,0.0,0.0,0.0,0.0,0.0,,0.0,50.0,0.0,150.0,36.49265747070312,36.49265747070312,Leave_One_experiments/all_year_offline_schedule_search/daily_outputs/YCA/YCA_2022_YCA2022_normal_grid_S0010_daily.csv
YCA,YCA,Yucheng,2022,Leave_One_experiments\wth_generated_qc\YCA\YCA2022.WTH,wet_year;nitrogen_stress_year;low_response_year,wet,YCA2022_normal_grid_S0010,top_profit_low_water,2022-06-19,170,2,2,"{""sim_day"": 2.0, ""doy"": 170.0, ""topwt"": 0.0, ""grnwt"": 0.0, ""xlai"": 0.0, ""totir"": 0.0, ""tofer"": NaN, ""swfac"": 0.0, ""nstres"": 0.0}",0.0,0.0,0.0,0.0,0.0,0.0,,0.0,0.0,0.0,150.0,36.49265747070312,36.49265747070312,Leave_One_experiments/all_year_offline_schedule_search/daily_outputs/YCA/YCA_2022_YCA2022_normal_grid_S0010_daily.csv
YCA,YCA,Yucheng,2022,Leave_One_experiments\wth_generated_qc\YCA\YCA2022.WTH,wet_year;nitrogen_stress_year;low_response_year,wet,YCA2022_normal_grid_S0010,top_profit_low_water,2022-06-20,171,3,3,"{""sim_day"": 3.0, ""doy"": 171.0, ""topwt"": 0.0, ""grnwt"": 0.0, ""xlai"": 0.0, ""totir"": 0.0, ""tofer"": NaN, ""swfac"": 0.0, ""nstres"": 0.0}",0.0,0.0,0.0,0.0,0.0,0.0,,0.0,0.0,0.0,150.0,36.49265747070312,36.49265747070312,Leave_One_experiments/all_year_offline_schedule_search/daily_outputs/YCA/YCA_2022_YCA2022_normal_grid_S0010_daily.csv
YCA,YCA,Yucheng,2022,Leave_One_experiments\wth_generated_qc\YCA\YCA2022.WTH,wet_year;nitrogen_stress_year;low_response_year,wet,YCA2022_normal_grid_S0010,top_profit_low_water,2022-06-21,172,4,4,"{""sim_day"": 4.0, ""doy"": 172.0, ""topwt"": 0.0, ""grnwt"": 0.0, ""xlai"": 0.0, ""totir"": 0.0, ""tofer"": NaN, ""swfac"": 0.0, ""nstres"": 0.0}",0.0,0.0,0.0,0.0,0.0,0.0,,0.0,0.0,0.0,150.0,36.49265747070312,36.49265747070312,Leave_One_experiments/all_year_offline_schedule_search/daily_outputs/YCA/YCA_2022_YCA2022_normal_grid_S0010_daily.csv
YCA,YCA,Yucheng,2022,Leave_One_experiments\wth_generated_qc\YCA\YCA2022.WTH,wet_year;nitrogen_stress_year;low_response_year,wet,YCA2022_normal_grid_S0010,top_profit_low_water,2022-06-22,173,5,5,"{""sim_day"": 5.0, ""doy"": 173.0, ""topwt"": 0.0, ""grnwt"": 0.0, ""xlai"": 0.0, ""totir"": 0.0, ""tofer"": NaN, ""swfac"": 0.0, ""nstres"": 0.0}",0.0,0.0,0.0,0.0,0.0,0.0,,0.0,0.0,0.0,150.0,36.49265747070312,36.49265747070312,Leave_One_experiments/all_year_offline_schedule_search/daily_outputs/YCA/YCA_2022_YCA2022_normal_grid_S0010_daily.csv
YCA,YCA,Yucheng,2022,Leave_One_experiments\wth_generated_qc\YCA\YCA2022.WTH,wet_year;nitrogen_stress_year;low_response_year,wet,YCA2022_normal_grid_S0010,top_profit_low_water,2022-06-18,169,6,1,"{""sim_day"": 6.0, ""doy"": 169.0, ""topwt"": 0.0, ""grnwt"": 0.0, ""xlai"": 0.0, ""totir"": 0.0, ""tofer"": NaN, ""swfac"": 0.0, ""nstres"": 0.0}",0.0,0.0,0.0,0.0,0.0,0.0,,0.0,0.0,0.0,150.0,36.49265747070312,36.49265747070312,Leave_One_experiments/all_year_offline_schedule_search/daily_outputs/YCA/YCA_2022_YCA2022_normal_grid_S0010_daily.csv
YCA,YCA,Yucheng,2022,Leave_One_experiments\wth_generated_qc\YCA\YCA2022.WTH,wet_year;nitrogen_stress_year;low_response_year,wet,YCA2022_normal_grid_S0010,top_profit_low_water,2022-06-19,170,7,2,"{""sim_day"": 7.0, ""doy"": 170.0, ""topwt"": 0.0, ""grnwt"": 0.0, ""xlai"": 0.0, ""totir"": 0.0, ""tofer"": NaN, ""swfac"": 0.0, ""nstres"": 0.0}",0.0,0.0,0.0,0.0,0.0,0.0,,0.0,0.0,0.0,150.0,36.49265747070312,36.49265747070312,Leave_One_experiments/all_year_offline_schedule_search/daily_outputs/YCA/YCA_2022_YCA2022_normal_grid_S0010_daily.csv
YCA,YCA,Yucheng,2022,Leave_One_experiments\wth_generated_qc\YCA\YCA2022.WTH,wet_year;nitrogen_stress_year;low_response_year,wet,YCA2022_normal_grid_S0010,top_profit_low_water,2022-06-20,171,8,3,"{""sim_day"": 8.0, ""doy"": 171.0, ""topwt"": 0.0, ""grnwt"": 0.0, ""xlai"": 0.0, ""totir"": 0.0, ""tofer"": NaN, ""swfac"": 0.0, ""nstres"": 0.0}",0.0,0.0,0.0,0.0,0.0,0.0,,0.0,0.0,0.0,150.0,36.49265747070312,36.49265747070312,Leave_One_experiments/all_year_offline_schedule_search/daily_outputs/YCA/YCA_2022_YCA2022_normal_grid_S0010_daily.csv
YCA,YCA,Yucheng,2022,Leave_One_experiments\wth_generated_qc\YCA\YCA2022.WTH,wet_year;nitrogen_stress_year;low_response_year,wet,YCA2022_normal_grid_S0010,top_profit_low_water,2022-06-21,172,9,4,"{""sim_day"": 9.0, ""doy"": 172.0, ""topwt"": 0.0, ""grnwt"": 0.0, ""xlai"": 0.0, ""totir"": 0.0, ""tofer"": NaN, ""swfac"": 0.0, ""nstres"": 0.0}",0.0,0.0,0.0,0.0,0.0,0.0,,0.0,0.0,0.0,150.0,36.49265747070312,36.49265747070312,Leave_One_experiments/all_year_offline_schedule_search/daily_outputs/YCA/YCA_2022_YCA2022_normal_grid_S0010_daily.csv
YCA,YCA,Yucheng,2022,Leave_One_experiments\wth_generated_qc\YCA\YCA2022.WTH,wet_year;nitrogen_stress_year;low_response_year,wet,YCA2022_normal_grid_S0010,top_profit_low_water,2022-06-22,173,10,5,"{""sim_day"": 10.0, ""doy"": 173.0, ""topwt"": 26.400001049041748, ""grnwt"": 0.0, ""xlai"": 0.0057302368804812, ""totir"": 0.0, ""tofer"": NaN, ""swfac"": 0.0, ""nstres"": 0.0121910572052001}",0.0,0.0121910572052001,26.400001049041748,0.0,0.0057302368804812,0.0,,0.0,0.0,0.0,150.0,36.49265747070312,36.49265747070312,Leave_One_experiments/all_year_offline_schedule_search/daily_outputs/YCA/YCA_2022_YCA2022_normal_grid_S0010_daily.csv
YCA,YCA,Yucheng,2022,Leave_One_experiments\wth_generated_qc\YCA\YCA2022.WTH,wet_year;nitrogen_stress_year;low_response_year,wet,YCA2022_normal_grid_S0010,top_profit_low_water,2022-06-23,174,11,6,"{""sim_day"": 11.0, ""doy"": 174.0, ""topwt"": 26.400001049041748, ""grnwt"": 0.0, ""xlai"": 0.0120686031877994, ""totir"": 0.0, ""tofer"": NaN, ""swfac"": 0.0, ""nstres"": 0.0054185390472412}",0.0,0.0054185390472412,26.400001049041748,0.0,0.0120686031877994,0.0,,0.0,0.0,0.0,150.0,36.49265747070312,36.49265747070312,Leave_One_experiments/all_year_offline_schedule_search/daily_outputs/YCA/YCA_2022_YCA2022_normal_grid_S0010_daily.csv
YCA,YCA,Yucheng,2022,Leave_One_experiments\wth_generated_qc\YCA\YCA2022.WTH,wet_year;nitrogen_stress_year;low_response_year,wet,YCA2022_normal_grid_S0010,top_profit_low_water,2022-06-24,175,12,7,"{""sim_day"": 12.0, ""doy"": 175.0, ""topwt"": 26.400001049041748, ""grnwt"": 0.0, ""xlai"": 0.0196751654148101, ""totir"": 0.0, ""tofer"": NaN, ""swfac"": 0.0, ""nstres"": 0.0}",0.0,0.0,26.400001049041748,0.0,0.0196751654148101,0.0,,0.0,0.0,0.0,150.0,36.49265747070312,36.49265747070312,Leave_One_experiments/all_year_offline_schedule_search/daily_outputs/YCA/YCA_2022_YCA2022_normal_grid_S0010_daily.csv
YCA,YCA,Yucheng,2022,Leave_One_experiments\wth_generated_qc\YCA\YCA2022.WTH,wet_year;nitrogen_stress_year;low_response_year,wet,YCA2022_normal_grid_S0010,top_profit_low_water,2022-06-25,176,13,8,"{""sim_day"": 13.0, ""doy"": 176.0, ""topwt"": 27.895827293396, ""grnwt"": 0.0, ""xlai"": 0.0493605881929397, ""totir"": 0.0, ""tofer"": NaN, ""swfac"": 0.0, ""nstres"": 0.0}",0.0,0.0,27.895827293396,0.0,0.0493605881929397,0.0,,0.0,0.0,0.0,150.0,36.49265747070312,36.49265747070312,Leave_One_experiments/all_year_offline_schedule_search/daily_outputs/YCA/YCA_2022_YCA2022_normal_grid_S0010_daily.csv
YCA,YCA,Yucheng,2022,Leave_One_experiments\wth_generated_qc\YCA\YCA2022.WTH,wet_year;nitrogen_stress_year;low_response_year,wet,YCA2022_normal_grid_S0010,top_profit_low_water,2022-06-26,177,14,9,"{""sim_day"": 14.0, ""doy"": 177.0, ""topwt"": 38.69732618331909, ""grnwt"": 0.0, ""xlai"": 0.0765816047787666, ""totir"": 0.0, ""tofer"": NaN, ""swfac"": 0.0, ""nstres"": 0.0}",0.0,0.0,38.69732618331909,0.0,0.0765816047787666,0.0,,0.0,0.0,0.0,150.0,36.49265747070312,36.49265747070312,Leave_One_experiments/all_year_offline_schedule_search/daily_outputs/YCA/YCA_2022_YCA2022_normal_grid_S0010_daily.csv
YCA,YCA,Yucheng,2022,Leave_One_experiments\wth_generated_qc\YCA\YCA2022.WTH,wet_year;nitrogen_stress_year;low_response_year,wet,YCA2022_normal_grid_S0010,top_profit_low_water,2022-06-27,178,15,10,"{""sim_day"": 15.0, ""doy"": 178.0, ""topwt"": 53.41106414794922, ""grnwt"": 0.0, ""xlai"": 0.110069952905178, ""totir"": 0.0, ""tofer"": NaN, ""swfac"": 0.0, ""nstres"": 0.0040462017059326}",0.0,0.0040462017059326,53.41106414794922,0.0,0.110069952905178,0.0,,0.0,0.0,0.0,150.0,36.49265747070312,36.49265747070312,Leave_One_experiments/all_year_offline_schedule_search/daily_outputs/YCA/YCA_2022_YCA2022_normal_grid_S0010_daily.csv
YCA,YCA,Yucheng,2022,Leave_One_experiments\wth_generated_qc\YCA\YCA2022.WTH,wet_year;nitrogen_stress_year;low_response_year,wet,YCA2022_normal_grid_S0010,top_profit_low_water,2022-06-28,179,16,11,"{""sim_day"": 16.0, ""doy"": 179.0, ""topwt"": 70.60389041900635, ""grnwt"": 0.0, ""xlai"": 0.1460967063903808, ""totir"": 0.0, ""tofer"": NaN, ""swfac"": 0.0, ""nstres"": 0.0}",0.0,0.0,70.60389041900635,0.0,0.1460967063903808,0.0,,0.0,0.0,0.0,150.0,36.49265747070312,36.49265747070312,Leave_One_experiments/all_year_offline_schedule_search/daily_outputs/YCA/YCA_2022_YCA2022_normal_grid_S0010_daily.csv
YCA,YCA,Yucheng,2022,Leave_One_experiments\wth_generated_qc\YCA\YCA2022.WTH,wet_year;nitrogen_stress_year;low_response_year,wet,YCA2022_normal_grid_S0010,top_profit_low_water,2022-06-29,180,17,12,"{""sim_day"": 17.0, ""doy"": 180.0, ""topwt"": 88.72011184692383, ""grnwt"": 0.0, ""xlai"": 0.1816793531179428, ""totir"": 0.0, ""tofer"": NaN, ""swfac"": 0.0, ""nstres"": 0.0}",0.0,0.0,88.72011184692383,0.0,0.1816793531179428,0.0,,0.0,0.0,0.0,150.0,36.49265747070312,36.49265747070312,Leave_One_experiments/all_year_offline_schedule_search/daily_outputs/YCA/YCA_2022_YCA2022_normal_grid_S0010_daily.csv
YCA,YCA,Yucheng,2022,Leave_One_experiments\wth_generated_qc\YCA\YCA2022.WTH,wet_year;nitrogen_stress_year;low_response_year,wet,YCA2022_normal_grid_S0010,top_profit_low_water,2022-06-30,181,18,13,"{""sim_day"": 18.0, ""doy"": 181.0, ""topwt"": 115.66253662109376, ""grnwt"": 0.0, ""xlai"": 0.2314891517162323, ""totir"": 0.0, ""tofer"": NaN, ""swfac"": 0.0, ""nstres"": 0.0}",0.0,0.0,115.66253662109376,0.0,0.2314891517162323,0.0,,0.0,0.0,0.0,150.0,36.49265747070312,36.49265747070312,Leave_One_experiments/all_year_offline_schedule_search/daily_outputs/YCA/YCA_2022_YCA2022_normal_grid_S0010_daily.csv
YCA,YCA,Yucheng,2022,Leave_One_experiments\wth_generated_qc\YCA\YCA2022.WTH,wet_year;nitrogen_stress_year;low_response_year,wet,YCA2022_normal_grid_S0010,top_profit_low_water,2022-07-01,182,19,14,"{""sim_day"": 19.0, ""doy"": 182.0, ""topwt"": 151.8768310546875, ""grnwt"": 0.0, ""xlai"": 0.2943222522735595, ""totir"": 0.0, ""tofer"": NaN, ""swfac"": 0.0, ""nstres"": 0.0}",0.0,0.0,151.8768310546875,0.0,0.2943222522735595,0.0,,0.0,0.0,0.0,150.0,36.49265747070312,36.49265747070312,Leave_One_experiments/all_year_offline_schedule_search/daily_outputs/YCA/YCA_2022_YCA2022_normal_grid_S0010_daily.csv
YCA,YCA,Yucheng,2022,Leave_One_experiments\wth_generated_qc\YCA\YCA2022.WTH,wet_year;nitrogen_stress_year;low_response_year,wet,YCA2022_normal_grid_S0010,top_profit_low_water,2022-07-02,183,20,15,"{""sim_day"": 20.0, ""doy"": 183.0, ""topwt"": 175.74640274047852, ""grnwt"": 0.0, ""xlai"": 0.35651496052742, ""totir"": 0.0, ""tofer"": NaN, ""swfac"": 0.0, ""nstres"": 0.0}",0.0,0.0,175.74640274047852,0.0,0.35651496052742,0.0,,0.0,0.0,0.0,150.0,36.49265747070312,36.49265747070312,Leave_One_experiments/all_year_offline_schedule_search/daily_outputs/YCA/YCA_2022_YCA2022_normal_grid_S0010_daily.csv
YCA,YCA,Yucheng,2022,Leave_One_experiments\wth_generated_qc\YCA\YCA2022.WTH,wet_year;nitrogen_stress_year;low_response_year,wet,YCA2022_normal_grid_S0010,top_profit_low_water,2022-07-03,184,21,16,"{""sim_day"": 21.0, ""doy"": 184.0, ""topwt"": 231.2809944152832, ""grnwt"": 0.0, ""xlai"": 0.4500907659530639, ""totir"": 0.0, ""tofer"": NaN, ""swfac"": 0.0, ""nstres"": 0.0}",0.0,0.0,231.2809944152832,0.0,0.4500907659530639,0.0,,0.0,0.0,0.0,150.0,36.49265747070312,36.49265747070312,Leave_One_experiments/all_year_offline_schedule_search/daily_outputs/YCA/YCA_2022_YCA2022_normal_grid_S0010_daily.csv
YCA,YCA,Yucheng,2022,Leave_One_experiments\wth_generated_qc\YCA\YCA2022.WTH,wet_year;nitrogen_stress_year;low_response_year,wet,YCA2022_normal_grid_S0010,top_profit_low_water,2022-07-04,185,22,17,"{""sim_day"": 22.0, ""doy"": 185.0, ""topwt"": 289.0215873718262, ""grnwt"": 0.0, ""xlai"": 0.542094886302948, ""totir"": 0.0, ""tofer"": NaN, ""swfac"": 0.0, ""nstres"": 0.0026895403861999}",0.0,0.0026895403861999,289.0215873718262,0.0,0.542094886302948,0.0,,0.0,0.0,0.0,150.0,36.49265747070312,36.49265747070312,Leave_One_experiments/all_year_offline_schedule_search/daily_outputs/YCA/YCA_2022_YCA2022_normal_grid_S0010_daily.csv
YCA,YCA,Yucheng,2022,Leave_One_experiments\wth_generated_qc\YCA\YCA2022.WTH,wet_year;nitrogen_stress_year;low_response_year,wet,YCA2022_normal_grid_S0010,top_profit_low_water,2022-07-05,186,23,18,"{""sim_day"": 23.0, ""doy"": 186.0, ""topwt"": 324.9036407470703, ""grnwt"": 0.0, ""xlai"": 0.5969408750534058, ""totir"": 0.0, ""tofer"": NaN, ""swfac"": 0.0, ""nstres"": 0.0}",0.0,0.0,324.9036407470703,0.0,0.5969408750534058,0.0,,0.0,0.0,0.0,150.0,36.49265747070312,36.49265747070312,Leave_One_experiments/all_year_offline_schedule_search/daily_outputs/YCA/YCA_2022_YCA2022_normal_grid_S0010_daily.csv
YCA,YCA,Yucheng,2022,Leave_One_experiments\wth_generated_qc\YCA\YCA2022.WTH,wet_year;nitrogen_stress_year;low_response_year,wet,YCA2022_normal_grid_S0010,top_profit_low_water,2022-07-06,187,24,19,"{""sim_day"": 24.0, ""doy"": 187.0, ""topwt"": 409.7475814819336, ""grnwt"": 0.0, ""xlai"": 0.7222298383712769, ""totir"": 0.0, ""tofer"": NaN, ""swfac"": 0.0, ""nstres"": 0.0}",0.0,0.0,409.7475814819336,0.0,0.7222298383712769,0.0,,0.0,0.0,0.0,150.0,36.49265747070312,36.49265747070312,Leave_One_experiments/all_year_offline_schedule_search/daily_outputs/YCA/YCA_2022_YCA2022_normal_grid_S0010_daily.csv
YCA,YCA,Yucheng,2022,Leave_One_experiments\wth_generated_qc\YCA\YCA2022.WTH,wet_year;nitrogen_stress_year;low_response_year,wet,YCA2022_normal_grid_S0010,top_profit_low_water,2022-07-07,188,25,20,"{""sim_day"": 25.0, ""doy"": 188.0, ""topwt"": 515.5223846435547, ""grnwt"": 0.0, ""xlai"": 0.8706911206245422, ""totir"": 0.0, ""tofer"": NaN, ""swfac"": 0.0, ""nstres"": 0.0}",0.0,0.0,515.5223846435547,0.0,0.8706911206245422,0.0,,0.0,0.0,0.0,150.0,36.49265747070312,36.49265747070312,Leave_One_experiments/all_year_offline_schedule_search/daily_outputs/YCA/YCA_2022_YCA2022_normal_grid_S0010_daily.csv
YCA,YCA,Yucheng,2022,Leave_One_experiments\wth_generated_qc\YCA\YCA2022.WTH,wet_year;nitrogen_stress_year;low_response_year,wet,YCA2022_normal_grid_S0010,top_profit_low_water,2022-07-08,189,26,21,"{""sim_day"": 26.0, ""doy"": 189.0, ""topwt"": 638.5684585571289, ""grnwt"": 0.0, ""xlai"": 1.0351903438568115, ""totir"": 0.0, ""tofer"": NaN, ""swfac"": 0.0, ""nstres"": 0.0}",0.0,0.0,638.5684585571289,0.0,1.0351903438568115,0.0,,0.0,0.0,0.0,150.0,36.49265747070312,36.49265747070312,Leave_One_experiments/all_year_offline_schedule_search/daily_outputs/YCA/YCA_2022_YCA2022_normal_grid_S0010_daily.csv
YCA,YCA,Yucheng,2022,Leave_One_experiments\wth_generated_qc\YCA\YCA2022.WTH,wet_year;nitrogen_stress_year;low_response_year,wet,YCA2022_normal_grid_S0010,top_profit_low_water,2022-07-09,190,27,22,"{""sim_day"": 27.0, ""doy"": 190.0, ""topwt"": 676.0008239746094, ""grnwt"": 0.0, ""xlai"": 1.0772079229354858, ""totir"": 0.0, ""tofer"": NaN, ""swfac"": 0.0, ""nstres"": 0.0}",0.0,0.0,676.0008239746094,0.0,1.0772079229354858,0.0,,0.0,0.0,0.0,150.0,36.49265747070312,36.49265747070312,Leave_One_experiments/all_year_offline_schedule_search/daily_outputs/YCA/YCA_2022_YCA2022_normal_grid_S0010_daily.csv
YCA,YCA,Yucheng,2022,Leave_One_experiments\wth_generated_qc\YCA\YCA2022.WTH,wet_year;nitrogen_stress_year;low_response_year,wet,YCA2022_normal_grid_S0010,top_profit_low_water,2022-07-10,191,28,23,"{""sim_day"": 28.0, ""doy"": 191.0, ""topwt"": 791.7325592041016, ""grnwt"": 0.0, ""xlai"": 1.2283072471618652, ""totir"": 0.0, ""tofer"": NaN, ""swfac"": 0.0, ""nstres"": 0.0}",0.0,0.0,791.7325592041016,0.0,1.2283072471618652,0.0,,0.0,0.0,0.0,150.0,36.49265747070312,36.49265747070312,Leave_One_experiments/all_year_offline_schedule_search/daily_outputs/YCA/YCA_2022_YCA2022_normal_grid_S0010_daily.csv
YCA,YCA,Yucheng,2022,Leave_One_experiments\wth_generated_qc\YCA\YCA2022.WTH,wet_year;nitrogen_stress_year;low_response_year,wet,YCA2022_normal_grid_S0010,top_profit_low_water,2022-07-11,192,29,24,"{""sim_day"": 29.0, ""doy"": 192.0, ""topwt"": 833.6239624023438, ""grnwt"": 0.0, ""xlai"": 1.2810148000717163, ""totir"": 0.0, ""tofer"": NaN, ""swfac"": 0.0, ""nstres"": 0.0}",0.0,0.0,833.6239624023438,0.0,1.2810148000717163,0.0,,0.0,0.0,0.0,150.0,36.49265747070312,36.49265747070312,Leave_One_experiments/all_year_offline_schedule_search/daily_outputs/YCA/YCA_2022_YCA2022_normal_grid_S0010_daily.csv
YCA,YCA,Yucheng,2022,Leave_One_experiments\wth_generated_qc\YCA\YCA2022.WTH,wet_year;nitrogen_stress_year;low_response_year,wet,YCA2022_normal_grid_S0010,top_profit_low_water,2022-07-12,193,30,25,"{""sim_day"": 30.0, ""doy"": 193.0, ""topwt"": 939.4717407226562, ""grnwt"": 0.0, ""xlai"": 1.4089717864990234, ""totir"": 0.0, ""tofer"": NaN, ""swfac"": 0.0, ""nstres"": 0.0}",0.0,0.0,939.4717407226562,0.0,1.4089717864990234,0.0,,0.0,0.0,0.0,150.0,36.49265747070312,36.49265747070312,Leave_One_experiments/all_year_offline_schedule_search/daily_outputs/YCA/YCA_2022_YCA2022_normal_grid_S0010_daily.csv
YCA,YCA,Yucheng,2022,Leave_One_experiments\wth_generated_qc\YCA\YCA2022.WTH,wet_year;nitrogen_stress_year;low_response_year,wet,YCA2022_normal_grid_S0010,top_profit_low_water,2022-07-13,194,31,26,"{""sim_day"": 31.0, ""doy"": 194.0, ""topwt"": 1105.5618286132812, ""grnwt"": 0.0, ""xlai"": 1.5977213382720947, ""totir"": 0.0, ""tofer"": NaN, ""swfac"": 0.0, ""nstres"": 0.0}",0.0,0.0,1105.5618286132812,0.0,1.5977213382720947,0.0,,0.0,0.0,0.0,150.0,36.49265747070312,36.49265747070312,Leave_One_experiments/all_year_offline_schedule_search/daily_outputs/YCA/YCA_2022_YCA2022_normal_grid_S0010_daily.csv
YCA,YCA,Yucheng,2022,Leave_One_experiments\wth_generated_qc\YCA\YCA2022.WTH,wet_year;nitrogen_stress_year;low_response_year,wet,YCA2022_normal_grid_S0010,top_profit_low_water,2022-07-14,195,32,27,"{""sim_day"": 32.0, ""doy"": 195.0, ""topwt"": 1301.1839294433594, ""grnwt"": 0.0, ""xlai"": 1.80367910861969, ""totir"": 0.0, ""tofer"": NaN, ""swfac"": 0.0, ""nstres"": 0.0}",0.0,0.0,1301.1839294433594,0.0,1.80367910861969,0.0,,0.0,0.0,0.0,150.0,36.49265747070312,36.49265747070312,Leave_One_experiments/all_year_offline_schedule_search/daily_outputs/YCA/YCA_2022_YCA2022_normal_grid_S0010_daily.csv
YCA,YCA,Yucheng,2022,Leave_One_experiments\wth_generated_qc\YCA\YCA2022.WTH,wet_year;nitrogen_stress_year;low_response_year,wet,YCA2022_normal_grid_S0010,top_profit_low_water,2022-07-15,196,33,28,"{""sim_day"": 33.0, ""doy"": 196.0, ""topwt"": 1361.575927734375, ""grnwt"": 0.0, ""xlai"": 1.8634719848632808, ""totir"": 0.0, ""tofer"": NaN, ""swfac"": 0.0, ""nstres"": 0.0}",0.0,0.0,1361.575927734375,0.0,1.8634719848632808,0.0,,0.0,0.0,0.0,150.0,36.49265747070312,36.49265747070312,Leave_One_experiments/all_year_offline_schedule_search/daily_outputs/YCA/YCA_2022_YCA2022_normal_grid_S0010_daily.csv
YCA,YCA,Yucheng,2022,Leave_One_experiments\wth_generated_qc\YCA\YCA2022.WTH,wet_year;nitrogen_stress_year;low_response_year,wet,YCA2022_normal_grid_S0010,top_profit_low_water,2022-07-16,197,34,29,"{""sim_day"": 34.0, ""doy"": 197.0, ""topwt"": 1562.8762817382812, ""grnwt"": 0.0, ""xlai"": 2.0501482486724854, ""totir"": 0.0, ""tofer"": NaN, ""swfac"": 0.0, ""nstres"": 0.0}",0.0,0.0,1562.8762817382812,0.0,2.0501482486724854,0.0,,0.0,0.0,0.0,150.0,36.49265747070312,36.49265747070312,Leave_One_experiments/all_year_offline_schedule_search/daily_outputs/YCA/YCA_2022_YCA2022_normal_grid_S0010_daily.csv
YCA,YCA,Yucheng,2022,Leave_One_experiments\wth_generated_qc\YCA\YCA2022.WTH,wet_year;nitrogen_stress_year;low_response_year,wet,YCA2022_normal_grid_S0010,top_profit_low_water,2022-07-17,198,35,30,"{""sim_day"": 35.0, ""doy"": 198.0, ""topwt"": 1788.7873840332031, ""grnwt"": 0.0, ""xlai"": 2.2437241077423096, ""totir"": 0.0, ""tofer"": NaN, ""swfac"": 0.0, ""nstres"": 0.0}",0.0,0.0,1788.7873840332031,0.0,2.2437241077423096,0.0,,0.0,50.0,0.0,150.0,36.49265747070312,36.49265747070312,Leave_One_experiments/all_year_offline_schedule_search/daily_outputs/YCA/YCA_2022_YCA2022_normal_grid_S0010_daily.csv
YCA,YCA,Yucheng,2022,Leave_One_experiments\wth_generated_qc\YCA\YCA2022.WTH,wet_year;nitrogen_stress_year;low_response_year,wet,YCA2022_normal_grid_S0010,top_profit_low_water,2022-07-18,199,36,31,"{""sim_day"": 36.0, ""doy"": 199.0, ""topwt"": 1878.3973693847656, ""grnwt"": 0.0, ""xlai"": 2.3154947757720947, ""totir"": 0.0, ""tofer"": NaN, ""swfac"": 0.0, ""nstres"": 0.0}",0.0,0.0,1878.3973693847656,0.0,2.3154947757720947,0.0,,0.0,0.0,0.0,150.0,36.49265747070312,36.49265747070312,Leave_One_experiments/all_year_offline_schedule_search/daily_outputs/YCA/YCA_2022_YCA2022_normal_grid_S0010_daily.csv
YCA,YCA,Yucheng,2022,Leave_One_experiments\wth_generated_qc\YCA\YCA2022.WTH,wet_year;nitrogen_stress_year;low_response_year,wet,YCA2022_normal_grid_S0010,top_profit_low_water,2022-07-19,200,37,32,"{""sim_day"": 37.0, ""doy"": 200.0, ""topwt"": 1959.8953247070312, ""grnwt"": 0.0, ""xlai"": 2.377187013626098, ""totir"": 0.0, ""tofer"": NaN, ""swfac"": 0.0, ""nstres"": 0.0}",0.0,0.0,1959.8953247070312,0.0,2.377187013626098,0.0,,0.0,0.0,0.0,150.0,36.49265747070312,36.49265747070312,Leave_One_experiments/all_year_offline_schedule_search/daily_outputs/YCA/YCA_2022_YCA2022_normal_grid_S0010_daily.csv
YCA,YCA,Yucheng,2022,Leave_One_experiments\wth_generated_qc\YCA\YCA2022.WTH,wet_year;nitrogen_stress_year;low_response_year,wet,YCA2022_normal_grid_S0010,top_profit_low_water,2022-07-20,201,38,33,"{""sim_day"": 38.0, ""doy"": 201.0, ""topwt"": 2195.0146484375, ""grnwt"": 0.0, ""xlai"": 2.543961763381958, ""totir"": 0.0, ""tofer"": NaN, ""swfac"": 0.0, ""nstres"": 0.0}",0.0,0.0,2195.0146484375,0.0,2.543961763381958,0.0,,0.0,0.0,0.0,150.0,36.49265747070312,36.49265747070312,Leave_One_experiments/all_year_offline_schedule_search/daily_outputs/YCA/YCA_2022_YCA2022_normal_grid_S0010_daily.csv
YCA,YCA,Yucheng,2022,Leave_One_experiments\wth_generated_qc\YCA\YCA2022.WTH,wet_year;nitrogen_stress_year;low_response_year,wet,YCA2022_normal_grid_S0010,top_profit_low_water,2022-07-21,202,39,34,"{""sim_day"": 39.0, ""doy"": 202.0, ""topwt"": 2407.6596069335938, ""grnwt"": 0.0, ""xlai"": 2.6836228370666504, ""totir"": 0.0, ""tofer"": NaN, ""swfac"": 0.0, ""nstres"": 0.0}",0.0,0.0,2407.6596069335938,0.0,2.6836228370666504,0.0,,0.0,0.0,0.0,150.0,36.49265747070312,36.49265747070312,Leave_One_experiments/all_year_offline_schedule_search/daily_outputs/YCA/YCA_2022_YCA2022_normal_grid_S0010_daily.csv
YCA,YCA,Yucheng,2022,Leave_One_experiments\wth_generated_qc\YCA\YCA2022.WTH,wet_year;nitrogen_stress_year;low_response_year,wet,YCA2022_normal_grid_S0010,top_profit_low_water,2022-07-22,203,40,35,"{""sim_day"": 40.0, ""doy"": 203.0, ""topwt"": 2675.3729248046875, ""grnwt"": 0.0, ""xlai"": 2.847604513168335, ""totir"": 0.0, ""tofer"": NaN, ""swfac"": 0.0, ""nstres"": 0.0}",0.0,0.0,2675.3729248046875,0.0,2.847604513168335,0.0,,0.0,0.0,0.0,150.0,36.49265747070312,36.49265747070312,Leave_One_experiments/all_year_offline_schedule_search/daily_outputs/YCA/YCA_2022_YCA2022_normal_grid_S0010_daily.csv
YCA,YCA,Yucheng,2022,Leave_One_experiments\wth_generated_qc\YCA\YCA2022.WTH,wet_year;nitrogen_stress_year;low_response_year,wet,YCA2022_normal_grid_S0010,top_profit_low_water,2022-07-23,204,41,36,"{""sim_day"": 41.0, ""doy"": 204.0, ""topwt"": 2992.764587402344, ""grnwt"": 0.0, ""xlai"": 3.02762222290039, ""totir"": 0.0, ""tofer"": NaN, ""swfac"": 0.0, ""nstres"": 0.0}",0.0,0.0,2992.764587402344,0.0,3.02762222290039,0.0,,0.0,0.0,0.0,150.0,36.49265747070312,36.49265747070312,Leave_One_experiments/all_year_offline_schedule_search/daily_outputs/YCA/YCA_2022_YCA2022_normal_grid_S0010_daily.csv
YCA,YCA,Yucheng,2022,Leave_One_experiments\wth_generated_qc\YCA\YCA2022.WTH,wet_year;nitrogen_stress_year;low_response_year,wet,YCA2022_normal_grid_S0010,top_profit_low_water,2022-07-24,205,42,37,"{""sim_day"": 42.0, ""doy"": 205.0, ""topwt"": 3343.6257934570312, ""grnwt"": 0.0, ""xlai"": 3.211573362350464, ""totir"": 0.0, ""tofer"": NaN, ""swfac"": 0.0, ""nstres"": 0.0}",0.0,0.0,3343.6257934570312,0.0,3.211573362350464,0.0,,0.0,0.0,0.0,150.0,36.49265747070312,36.49265747070312,Leave_One_experiments/all_year_offline_schedule_search/daily_outputs/YCA/YCA_2022_YCA2022_normal_grid_S0010_daily.csv
YCA,YCA,Yucheng,2022,Leave_One_experiments\wth_generated_qc\YCA\YCA2022.WTH,wet_year;nitrogen_stress_year;low_response_year,wet,YCA2022_normal_grid_S0010,top_profit_low_water,2022-07-25,206,43,38,"{""sim_day"": 43.0, ""doy"": 206.0, ""topwt"": 3691.551818847656, ""grnwt"": 0.0, ""xlai"": 3.379880428314209, ""totir"": 0.0, ""tofer"": NaN, ""swfac"": 0.0, ""nstres"": 0.0}",0.0,0.0,3691.551818847656,0.0,3.379880428314209,0.0,,0.0,0.0,0.0,150.0,36.49265747070312,36.49265747070312,Leave_One_experiments/all_year_offline_schedule_search/daily_outputs/YCA/YCA_2022_YCA2022_normal_grid_S0010_daily.csv
YCA,YCA,Yucheng,2022,Leave_One_experiments\wth_generated_qc\YCA\YCA2022.WTH,wet_year;nitrogen_stress_year;low_response_year,wet,YCA2022_normal_grid_S0010,top_profit_low_water,2022-07-26,207,44,39,"{""sim_day"": 44.0, ""doy"": 207.0, ""topwt"": 4118.440246582031, ""grnwt"": 0.0, ""xlai"": 3.5707147121429443, ""totir"": 0.0, ""tofer"": NaN, ""swfac"": 0.0, ""nstres"": 0.0}",0.0,0.0,4118.440246582031,0.0,3.5707147121429443,0.0,,0.0,0.0,0.0,150.0,36.49265747070312,36.49265747070312,Leave_One_experiments/all_year_offline_schedule_search/daily_outputs/YCA/YCA_2022_YCA2022_normal_grid_S0010_daily.csv
YCA,YCA,Yucheng,2022,Leave_One_experiments\wth_generated_qc\YCA\YCA2022.WTH,wet_year;nitrogen_stress_year;low_response_year,wet,YCA2022_normal_grid_S0010,top_profit_low_water,2022-07-27,208,45,40,"{""sim_day"": 45.0, ""doy"": 208.0, ""topwt"": 4312.667846679688, ""grnwt"": 0.0, ""xlai"": 3.651501893997192, ""totir"": 0.0, ""tofer"": NaN, ""swfac"": 0.0, ""nstres"": 0.0}",0.0,0.0,4312.667846679688,0.0,3.651501893997192,0.0,,0.0,0.0,0.0,150.0,36.49265747070312,36.49265747070312,Leave_One_experiments/all_year_offline_schedule_search/daily_outputs/YCA/YCA_2022_YCA2022_normal_grid_S0010_daily.csv
YCA,YCA,Yucheng,2022,Leave_One_experiments\wth_generated_qc\YCA\YCA2022.WTH,wet_year;nitrogen_stress_year;low_response_year,wet,YCA2022_normal_grid_S0010,top_profit_low_water,2022-07-28,209,46,41,"{""sim_day"": 46.0, ""doy"": 209.0, ""topwt"": 4723.201904296875, ""grnwt"": 0.0, ""xlai"": 3.795123815536499, ""totir"": 0.0, ""tofer"": NaN, ""swfac"": 0.0, ""nstres"": 0.0342270135879516}",0.0,0.0342270135879516,4723.201904296875,0.0,3.795123815536499,0.0,,0.0,0.0,0.0,150.0,36.49265747070312,36.49265747070312,Leave_One_experiments/all_year_offline_schedule_search/daily_outputs/YCA/YCA_2022_YCA2022_normal_grid_S0010_daily.csv
YCA,YCA,Yucheng,2022,Leave_One_experiments\wth_generated_qc\YCA\YCA2022.WTH,wet_year;nitrogen_stress_year;low_response_year,wet,YCA2022_normal_grid_S0010,top_profit_low_water,2022-07-29,210,47,42,"{""sim_day"": 47.0, ""doy"": 210.0, ""topwt"": 5017.359008789063, ""grnwt"": 0.0, ""xlai"": 3.950988531112671, ""totir"": 0.0, ""tofer"": NaN, ""swfac"": 0.0, ""nstres"": 0.0449419021606445}",0.0,0.0449419021606445,5017.359008789063,0.0,3.950988531112671,0.0,,0.0,0.0,0.0,150.0,36.49265747070312,36.49265747070312,Leave_One_experiments/all_year_offline_schedule_search/daily_outputs/YCA/YCA_2022_YCA2022_normal_grid_S0010_daily.csv
YCA,YCA,Yucheng,2022,Leave_One_experiments\wth_generated_qc\YCA\YCA2022.WTH,wet_year;nitrogen_stress_year;low_response_year,wet,YCA2022_normal_grid_S0010,top_profit_low_water,2022-07-30,211,48,43,"{""sim_day"": 48.0, ""doy"": 211.0, ""topwt"": 5404.736328125, ""grnwt"": 0.0, ""xlai"": 4.079229831695557, ""totir"": 0.0, ""tofer"": NaN, ""swfac"": 0.0, ""nstres"": 0.0753563642501831}",0.0,0.0753563642501831,5404.736328125,0.0,4.079229831695557,0.0,,0.0,0.0,0.0,150.0,36.49265747070312,36.49265747070312,Leave_One_experiments/all_year_offline_schedule_search/daily_outputs/YCA/YCA_2022_YCA2022_normal_grid_S0010_daily.csv
YCA,YCA,Yucheng,2022,Leave_One_experiments\wth_generated_qc\YCA\YCA2022.WTH,wet_year;nitrogen_stress_year;low_response_year,wet,YCA2022_normal_grid_S0010,top_profit_low_water,2022-07-31,212,49,44,"{""sim_day"": 49.0, ""doy"": 212.0, ""topwt"": 5800.900268554688, ""grnwt"": 0.0, ""xlai"": 4.174118041992188, ""totir"": 0.0, ""tofer"": NaN, ""swfac"": 0.0, ""nstres"": 0.0912383794784545}",0.0,0.0912383794784545,5800.900268554688,0.0,4.174118041992188,0.0,,0.0,0.0,0.0,150.0,36.49265747070312,36.49265747070312,Leave_One_experiments/all_year_offline_schedule_search/daily_outputs/YCA/YCA_2022_YCA2022_normal_grid_S0010_daily.csv
YCA,YCA,Yucheng,2022,Leave_One_experiments\wth_generated_qc\YCA\YCA2022.WTH,wet_year;nitrogen_stress_year;low_response_year,wet,YCA2022_normal_grid_S0010,top_profit_low_water,2022-08-01,213,50,45,"{""sim_day"": 50.0, ""doy"": 213.0, ""topwt"": 6157.393798828125, ""grnwt"": 0.0, ""xlai"": 4.228277683258057, ""totir"": 0.0, ""tofer"": NaN, ""swfac"": 0.0, ""nstres"": 0.1112326383590698}",0.0,0.1112326383590698,6157.393798828125,0.0,4.228277683258057,0.0,,0.0,0.0,0.0,150.0,36.49265747070312,36.49265747070312,Leave_One_experiments/all_year_offline_schedule_search/daily_outputs/YCA/YCA_2022_YCA2022_normal_grid_S0010_daily.csv
YCA,YCA,Yucheng,2022,Leave_One_experiments\wth_generated_qc\YCA\YCA2022.WTH,wet_year;nitrogen_stress_year;low_response_year,wet,YCA2022_normal_grid_S0010,top_profit_low_water,2022-08-02,214,51,46,"{""sim_day"": 51.0, ""doy"": 214.0, ""topwt"": 6490.155029296875, ""grnwt"": 0.0, ""xlai"": 4.255667686462402, ""totir"": 0.0, ""tofer"": NaN, ""swfac"": 0.0, ""nstres"": 0.1278767585754394}",0.0,0.1278767585754394,6490.155029296875,0.0,4.255667686462402,0.0,,0.0,0.0,0.0,150.0,36.49265747070312,36.49265747070312,Leave_One_experiments/all_year_offline_schedule_search/daily_outputs/YCA/YCA_2022_YCA2022_normal_grid_S0010_daily.csv
YCA,YCA,Yucheng,2022,Leave_One_experiments\wth_generated_qc\YCA\YCA2022.WTH,wet_year;nitrogen_stress_year;low_response_year,wet,YCA2022_normal_grid_S0010,top_profit_low_water,2022-08-03,215,52,47,"{""sim_day"": 52.0, ""doy"": 215.0, ""topwt"": 6809.7119140625, ""grnwt"": 0.0, ""xlai"": 4.265778541564941, ""totir"": 0.0, ""tofer"": NaN, ""swfac"": 0.0, ""nstres"": 0.1390332579612732}",0.0,0.1390332579612732,6809.7119140625,0.0,4.265778541564941,0.0,,0.0,0.0,0.0,150.0,36.49265747070312,36.49265747070312,Leave_One_experiments/all_year_offline_schedule_search/daily_outputs/YCA/YCA_2022_YCA2022_normal_grid_S0010_daily.csv
YCA,YCA,Yucheng,2022,Leave_One_experiments\wth_generated_qc\YCA\YCA2022.WTH,wet_year;nitrogen_stress_year;low_response_year,wet,YCA2022_normal_grid_S0010,top_profit_low_water,2022-08-04,216,53,48,"{""sim_day"": 53.0, ""doy"": 216.0, ""topwt"": 7116.115112304688, ""grnwt"": 0.0, ""xlai"": 4.262025833129883, ""totir"": 0.0, ""tofer"": NaN, ""swfac"": 0.0, ""nstres"": 0.1480332612991333}",0.0,0.1480332612991333,7116.115112304688,0.0,4.262025833129883,0.0,,0.0,0.0,0.0,150.0,36.49265747070312,36.49265747070312,Leave_One_experiments/all_year_offline_schedule_search/daily_outputs/YCA/YCA_2022_YCA2022_normal_grid_S0010_daily.csv
YCA,YCA,Yucheng,2022,Leave_One_experiments\wth_generated_qc\YCA\YCA2022.WTH,wet_year;nitrogen_stress_year;low_response_year,wet,YCA2022_normal_grid_S0010,top_profit_low_water,2022-08-05,217,54,49,"{""sim_day"": 54.0, ""doy"": 217.0, ""topwt"": 7414.1448974609375, ""grnwt"": 0.0, ""xlai"": 4.25260591506958, ""totir"": 0.0, ""tofer"": NaN, ""swfac"": 0.0, ""nstres"": 0.1546522974967956}",0.0,0.1546522974967956,7414.1448974609375,0.0,4.25260591506958,0.0,,0.0,0.0,0.0,150.0,36.49265747070312,36.49265747070312,Leave_One_experiments/all_year_offline_schedule_search/daily_outputs/YCA/YCA_2022_YCA2022_normal_grid_S0010_daily.csv
YCA,YCA,Yucheng,2022,Leave_One_experiments\wth_generated_qc\YCA\YCA2022.WTH,wet_year;nitrogen_stress_year;low_response_year,wet,YCA2022_normal_grid_S0010,top_profit_low_water,2022-08-06,218,55,50,"{""sim_day"": 55.0, ""doy"": 218.0, ""topwt"": 7615.31005859375, ""grnwt"": 0.0, ""xlai"": 4.217250823974609, ""totir"": 0.0, ""tofer"": NaN, ""swfac"": 0.0, ""nstres"": 0.1587491631507873}",0.0,0.1587491631507873,7615.31005859375,0.0,4.217250823974609,0.0,,0.0,0.0,0.0,150.0,36.49265747070312,36.49265747070312,Leave_One_experiments/all_year_offline_schedule_search/daily_outputs/YCA/YCA_2022_YCA2022_normal_grid_S0010_daily.csv
YCA,YCA,Yucheng,2022,Leave_One_experiments\wth_generated_qc\YCA\YCA2022.WTH,wet_year;nitrogen_stress_year;low_response_year,wet,YCA2022_normal_grid_S0010,top_profit_low_water,2022-08-07,219,56,51,"{""sim_day"": 56.0, ""doy"": 219.0, ""topwt"": 7711.1468505859375, ""grnwt"": 0.0, ""xlai"": 4.155029773712158, ""totir"": 0.0, ""tofer"": NaN, ""swfac"": 0.0, ""nstres"": 0.1617876291275024}",0.0,0.1617876291275024,7711.1468505859375,0.0,4.155029773712158,0.0,,0.0,0.0,0.0,150.0,36.49265747070312,36.49265747070312,Leave_One_experiments/all_year_offline_schedule_search/daily_outputs/YCA/YCA_2022_YCA2022_normal_grid_S0010_daily.csv
YCA,YCA,Yucheng,2022,Leave_One_experiments\wth_generated_qc\YCA\YCA2022.WTH,wet_year;nitrogen_stress_year;low_response_year,wet,YCA2022_normal_grid_S0010,top_profit_low_water,2022-08-08,220,57,52,"{""sim_day"": 57.0, ""doy"": 220.0, ""topwt"": 7763.7640380859375, ""grnwt"": 0.0, ""xlai"": 4.08236026763916, ""totir"": 0.0, ""tofer"": NaN, ""swfac"": 0.0, ""nstres"": 0.1638205051422119}",0.0,0.1638205051422119,7763.7640380859375,0.0,4.08236026763916,0.0,,0.0,0.0,0.0,150.0,36.49265747070312,36.49265747070312,Leave_One_experiments/all_year_offline_schedule_search/daily_outputs/YCA/YCA_2022_YCA2022_normal_grid_S0010_daily.csv
YCA,YCA,Yucheng,2022,Leave_One_experiments\wth_generated_qc\YCA\YCA2022.WTH,wet_year;nitrogen_stress_year;low_response_year,wet,YCA2022_normal_grid_S0010,top_profit_low_water,2022-08-09,221,58,53,"{""sim_day"": 58.0, ""doy"": 221.0, ""topwt"": 7829.932861328125, ""grnwt"": 0.0, ""xlai"": 4.014660358428955, ""totir"": 0.0, ""tofer"": NaN, ""swfac"": 0.0, ""nstres"": 0.1635295152664184}",0.0,0.1635295152664184,7829.932861328125,0.0,4.014660358428955,0.0,,0.0,0.0,0.0,150.0,36.49265747070312,36.49265747070312,Leave_One_experiments/all_year_offline_schedule_search/daily_outputs/YCA/YCA_2022_YCA2022_normal_grid_S0010_daily.csv
YCA,YCA,Yucheng,2022,Leave_One_experiments\wth_generated_qc\YCA\YCA2022.WTH,wet_year;nitrogen_stress_year;low_response_year,wet,YCA2022_normal_grid_S0010,top_profit_low_water,2022-08-10,222,59,54,"{""sim_day"": 59.0, ""doy"": 222.0, ""topwt"": 7990.01220703125, ""grnwt"": 0.0, ""xlai"": 3.9341800212860103, ""totir"": 0.0, ""tofer"": NaN, ""swfac"": 0.0, ""nstres"": 0.1603726148605346}",0.0,0.1603726148605346,7990.01220703125,0.0,3.9341800212860103,0.0,,0.0,0.0,0.0,150.0,36.49265747070312,36.49265747070312,Leave_One_experiments/all_year_offline_schedule_search/daily_outputs/YCA/YCA_2022_YCA2022_normal_grid_S0010_daily.csv
YCA,YCA,Yucheng,2022,Leave_One_experiments\wth_generated_qc\YCA\YCA2022.WTH,wet_year;nitrogen_stress_year;low_response_year,wet,YCA2022_normal_grid_S0010,top_profit_low_water,2022-08-11,223,60,55,"{""sim_day"": 60.0, ""doy"": 223.0, ""topwt"": 8218.056030273438, ""grnwt"": 0.0, ""xlai"": 3.860270977020264, ""totir"": 0.0, ""tofer"": NaN, ""swfac"": 0.0, ""nstres"": 0.1502907872200012}",0.0,0.1502907872200012,8218.056030273438,0.0,3.860270977020264,0.0,,0.0,0.0,0.0,150.0,36.49265747070312,36.49265747070312,Leave_One_experiments/all_year_offline_schedule_search/daily_outputs/YCA/YCA_2022_YCA2022_normal_grid_S0010_daily.csv
YCA,YCA,Yucheng,2022,Leave_One_experiments\wth_generated_qc\YCA\YCA2022.WTH,wet_year;nitrogen_stress_year;low_response_year,wet,YCA2022_normal_grid_S0010,top_profit_low_water,2022-08-12,224,61,56,"{""sim_day"": 61.0, ""doy"": 224.0, ""topwt"": 8434.7998046875, ""grnwt"": 0.0, ""xlai"": 3.790425777435303, ""totir"": 0.0, ""tofer"": NaN, ""swfac"": 0.0, ""nstres"": 0.1447470188140869}",0.0,0.1447470188140869,8434.7998046875,0.0,3.790425777435303,0.0,,0.0,0.0,0.0,150.0,36.49265747070312,36.49265747070312,Leave_One_experiments/all_year_offline_schedule_search/daily_outputs/YCA/YCA_2022_YCA2022_normal_grid_S0010_daily.csv
YCA,YCA,Yucheng,2022,Leave_One_experiments\wth_generated_qc\YCA\YCA2022.WTH,wet_year;nitrogen_stress_year;low_response_year,wet,YCA2022_normal_grid_S0010,top_profit_low_water,2022-08-13,225,62,57,"{""sim_day"": 62.0, ""doy"": 225.0, ""topwt"": 8620.914306640625, ""grnwt"": 0.0, ""xlai"": 3.724356174468994, ""totir"": 0.0, ""tofer"": NaN, ""swfac"": 0.0, ""nstres"": 0.1394453644752502}",0.0,0.1394453644752502,8620.914306640625,0.0,3.724356174468994,0.0,,0.0,0.0,0.0,150.0,36.49265747070312,36.49265747070312,Leave_One_experiments/all_year_offline_schedule_search/daily_outputs/YCA/YCA_2022_YCA2022_normal_grid_S0010_daily.csv
YCA,YCA,Yucheng,2022,Leave_One_experiments\wth_generated_qc\YCA\YCA2022.WTH,wet_year;nitrogen_stress_year;low_response_year,wet,YCA2022_normal_grid_S0010,top_profit_low_water,2022-08-14,226,63,58,"{""sim_day"": 63.0, ""doy"": 226.0, ""topwt"": 8749.451904296875, ""grnwt"": 0.0, ""xlai"": 3.661945104598999, ""totir"": 0.0, ""tofer"": NaN, ""swfac"": 0.0, ""nstres"": 0.1340599060058593}",0.0,0.1340599060058593,8749.451904296875,0.0,3.661945104598999,0.0,,0.0,0.0,0.0,150.0,36.49265747070312,36.49265747070312,Leave_One_experiments/all_year_offline_schedule_search/daily_outputs/YCA/YCA_2022_YCA2022_normal_grid_S0010_daily.csv
YCA,YCA,Yucheng,2022,Leave_One_experiments\wth_generated_qc\YCA\YCA2022.WTH,wet_year;nitrogen_stress_year;low_response_year,wet,YCA2022_normal_grid_S0010,top_profit_low_water,2022-08-15,227,64,59,"{""sim_day"": 64.0, ""doy"": 227.0, ""topwt"": 9075.070190429688, ""grnwt"": 0.0, ""xlai"": 3.603724241256714, ""totir"": 0.0, ""tofer"": NaN, ""swfac"": 0.0, ""nstres"": 0.1271911263465881}",0.0,0.1271911263465881,9075.070190429688,0.0,3.603724241256714,0.0,,0.0,0.0,0.0,150.0,36.49265747070312,36.49265747070312,Leave_One_experiments/all_year_offline_schedule_search/daily_outputs/YCA/YCA_2022_YCA2022_normal_grid_S0010_daily.csv
YCA,YCA,Yucheng,2022,Leave_One_experiments\wth_generated_qc\YCA\YCA2022.WTH,wet_year;nitrogen_stress_year;low_response_year,wet,YCA2022_normal_grid_S0010,top_profit_low_water,2022-08-16,228,65,60,"{""sim_day"": 65.0, ""doy"": 228.0, ""topwt"": 9396.133422851562, ""grnwt"": 0.0, ""xlai"": 3.5505592823028564, ""totir"": 0.0, ""tofer"": NaN, ""swfac"": 0.0, ""nstres"": 0.1180220246315002}",0.0,0.1180220246315002,9396.133422851562,0.0,3.5505592823028564,0.0,,0.0,50.0,0.0,150.0,36.49265747070312,36.49265747070312,Leave_One_experiments/all_year_offline_schedule_search/daily_outputs/YCA/YCA_2022_YCA2022_normal_grid_S0010_daily.csv
YCA,YCA,Yucheng,2022,Leave_One_experiments\wth_generated_qc\YCA\YCA2022.WTH,wet_year;nitrogen_stress_year;low_response_year,wet,YCA2022_normal_grid_S0010,top_profit_low_water,2022-08-17,229,66,61,"{""sim_day"": 66.0, ""doy"": 229.0, ""topwt"": 9627.796020507812, ""grnwt"": 0.0, ""xlai"": 3.525325298309326, ""totir"": 0.0, ""tofer"": NaN, ""swfac"": 0.0, ""nstres"": 0.0568571090698242}",0.0,0.0568571090698242,9627.796020507812,0.0,3.525325298309326,0.0,,0.0,0.0,0.0,150.0,36.49265747070312,36.49265747070312,Leave_One_experiments/all_year_offline_schedule_search/daily_outputs/YCA/YCA_2022_YCA2022_normal_grid_S0010_daily.csv
YCA,YCA,Yucheng,2022,Leave_One_experiments\wth_generated_qc\YCA\YCA2022.WTH,wet_year;nitrogen_stress_year;low_response_year,wet,YCA2022_normal_grid_S0010,top_profit_low_water,2022-08-18,230,67,62,"{""sim_day"": 67.0, ""doy"": 230.0, ""topwt"": 9773.009033203123, ""grnwt"": 171.39455795288086, ""xlai"": 3.525325298309326, ""totir"": 0.0, ""tofer"": NaN, ""swfac"": 0.0, ""nstres"": 0.0}",0.0,0.0,9773.009033203123,171.39455795288086,3.525325298309326,0.0,,0.0,0.0,0.0,150.0,36.49265747070312,36.49265747070312,Leave_One_experiments/all_year_offline_schedule_search/daily_outputs/YCA/YCA_2022_YCA2022_normal_grid_S0010_daily.csv
YCA,YCA,Yucheng,2022,Leave_One_experiments\wth_generated_qc\YCA\YCA2022.WTH,wet_year;nitrogen_stress_year;low_response_year,wet,YCA2022_normal_grid_S0010,top_profit_low_water,2022-08-19,231,68,63,"{""sim_day"": 68.0, ""doy"": 231.0, ""topwt"": 10033.57666015625, ""grnwt"": 405.7802963256836, ""xlai"": 3.525325298309326, ""totir"": 0.0, ""tofer"": NaN, ""swfac"": 0.0, ""nstres"": 0.0}",0.0,0.0,10033.57666015625,405.7802963256836,3.525325298309326,0.0,,0.0,0.0,0.0,150.0,36.49265747070312,36.49265747070312,Leave_One_experiments/all_year_offline_schedule_search/daily_outputs/YCA/YCA_2022_YCA2022_normal_grid_S0010_daily.csv
YCA,YCA,Yucheng,2022,Leave_One_experiments\wth_generated_qc\YCA\YCA2022.WTH,wet_year;nitrogen_stress_year;low_response_year,wet,YCA2022_normal_grid_S0010,top_profit_low_water,2022-08-20,232,69,64,"{""sim_day"": 69.0, ""doy"": 232.0, ""topwt"": 10267.962646484377, ""grnwt"": 640.166015625, ""xlai"": 3.525325298309326, ""totir"": 0.0, ""tofer"": NaN, ""swfac"": 0.0, ""nstres"": 0.0}",0.0,0.0,10267.962646484377,640.166015625,3.525325298309326,0.0,,0.0,0.0,0.0,150.0,36.49265747070312,36.49265747070312,Leave_One_experiments/all_year_offline_schedule_search/daily_outputs/YCA/YCA_2022_YCA2022_normal_grid_S0010_daily.csv
YCA,YCA,Yucheng,2022,Leave_One_experiments\wth_generated_qc\YCA\YCA2022.WTH,wet_year;nitrogen_stress_year;low_response_year,wet,YCA2022_normal_grid_S0010,top_profit_low_water,2022-08-21,233,70,65,"{""sim_day"": 70.0, ""doy"": 233.0, ""topwt"": 10381.77734375, ""grnwt"": 836.4640808105469, ""xlai"": 3.525325298309326, ""totir"": 0.0, ""tofer"": NaN, ""swfac"": 0.0, ""nstres"": 0.0}",0.0,0.0,10381.77734375,836.4640808105469,3.525325298309326,0.0,,0.0,0.0,0.0,150.0,36.49265747070312,36.49265747070312,Leave_One_experiments/all_year_offline_schedule_search/daily_outputs/YCA/YCA_2022_YCA2022_normal_grid_S0010_daily.csv
YCA,YCA,Yucheng,2022,Leave_One_experiments\wth_generated_qc\YCA\YCA2022.WTH,wet_year;nitrogen_stress_year;low_response_year,wet,YCA2022_normal_grid_S0010,top_profit_low_water,2022-08-22,234,71,66,"{""sim_day"": 71.0, ""doy"": 234.0, ""topwt"": 10698.646240234377, ""grnwt"": 1070.8497619628906, ""xlai"": 3.525325298309326, ""totir"": 0.0, ""tofer"": NaN, ""swfac"": 0.0, ""nstres"": 0.0}",0.0,0.0,10698.646240234377,1070.8497619628906,3.525325298309326,0.0,,0.0,0.0,0.0,150.0,36.49265747070312,36.49265747070312,Leave_One_experiments/all_year_offline_schedule_search/daily_outputs/YCA/YCA_2022_YCA2022_normal_grid_S0010_daily.csv
YCA,YCA,Yucheng,2022,Leave_One_experiments\wth_generated_qc\YCA\YCA2022.WTH,wet_year;nitrogen_stress_year;low_response_year,wet,YCA2022_normal_grid_S0010,top_profit_low_water,2022-08-23,235,72,67,"{""sim_day"": 72.0, ""doy"": 235.0, ""topwt"": 10933.0322265625, ""grnwt"": 1305.2354431152344, ""xlai"": 3.525325298309326, ""totir"": 0.0, ""tofer"": NaN, ""swfac"": 0.0, ""nstres"": 0.0}",0.0,0.0,10933.0322265625,1305.2354431152344,3.525325298309326,0.0,,0.0,0.0,0.0,150.0,36.49265747070312,36.49265747070312,Leave_One_experiments/all_year_offline_schedule_search/daily_outputs/YCA/YCA_2022_YCA2022_normal_grid_S0010_daily.csv
YCA,YCA,Yucheng,2022,Leave_One_experiments\wth_generated_qc\YCA\YCA2022.WTH,wet_year;nitrogen_stress_year;low_response_year,wet,YCA2022_normal_grid_S0010,top_profit_low_water,2022-08-24,236,73,68,"{""sim_day"": 73.0, ""doy"": 236.0, ""topwt"": 11167.418212890623, ""grnwt"": 1539.621124267578, ""xlai"": 3.525325298309326, ""totir"": 0.0, ""tofer"": NaN, ""swfac"": 0.0, ""nstres"": 0.0}",0.0,0.0,11167.418212890623,1539.621124267578,3.525325298309326,0.0,,0.0,0.0,0.0,150.0,36.49265747070312,36.49265747070312,Leave_One_experiments/all_year_offline_schedule_search/daily_outputs/YCA/YCA_2022_YCA2022_normal_grid_S0010_daily.csv
YCA,YCA,Yucheng,2022,Leave_One_experiments\wth_generated_qc\YCA\YCA2022.WTH,wet_year;nitrogen_stress_year;low_response_year,wet,YCA2022_normal_grid_S0010,top_profit_low_water,2022-08-25,237,74,69,"{""sim_day"": 74.0, ""doy"": 237.0, ""topwt"": 11401.80419921875, ""grnwt"": 1774.006805419922, ""xlai"": 3.525325298309326, ""totir"": 0.0, ""tofer"": NaN, ""swfac"": 0.0, ""nstres"": 0.0}",0.0,0.0,11401.80419921875,1774.006805419922,3.525325298309326,0.0,,0.0,0.0,0.0,150.0,36.49265747070312,36.49265747070312,Leave_One_experiments/all_year_offline_schedule_search/daily_outputs/YCA/YCA_2022_YCA2022_normal_grid_S0010_daily.csv
YCA,YCA,Yucheng,2022,Leave_One_experiments\wth_generated_qc\YCA\YCA2022.WTH,wet_year;nitrogen_stress_year;low_response_year,wet,YCA2022_normal_grid_S0010,top_profit_low_water,2022-08-26,238,75,70,"{""sim_day"": 75.0, ""doy"": 238.0, ""topwt"": 11636.190185546877, ""grnwt"": 2008.3924865722656, ""xlai"": 3.525325298309326, ""totir"": 0.0, ""tofer"": NaN, ""swfac"": 0.0, ""nstres"": 0.0}",0.0,0.0,11636.190185546877,2008.3924865722656,3.525325298309326,0.0,,0.0,0.0,0.0,150.0,36.49265747070312,36.49265747070312,Leave_One_experiments/all_year_offline_schedule_search/daily_outputs/YCA/YCA_2022_YCA2022_normal_grid_S0010_daily.csv
YCA,YCA,Yucheng,2022,Leave_One_experiments\wth_generated_qc\YCA\YCA2022.WTH,wet_year;nitrogen_stress_year;low_response_year,wet,YCA2022_normal_grid_S0010,top_profit_low_water,2022-08-27,239,76,71,"{""sim_day"": 76.0, ""doy"": 239.0, ""topwt"": 11702.908935546877, ""grnwt"": 2242.7781677246094, ""xlai"": 3.525325298309326, ""totir"": 0.0, ""tofer"": NaN, ""swfac"": 0.0, ""nstres"": 0.0}",0.0,0.0,11702.908935546877,2242.7781677246094,3.525325298309326,0.0,,0.0,0.0,0.0,150.0,36.49265747070312,36.49265747070312,Leave_One_experiments/all_year_offline_schedule_search/daily_outputs/YCA/YCA_2022_YCA2022_normal_grid_S0010_daily.csv
YCA,YCA,Yucheng,2022,Leave_One_experiments\wth_generated_qc\YCA\YCA2022.WTH,wet_year;nitrogen_stress_year;low_response_year,wet,YCA2022_normal_grid_S0010,top_profit_low_water,2022-08-28,240,77,72,"{""sim_day"": 77.0, ""doy"": 240.0, ""topwt"": 11875.59326171875, ""grnwt"": 2477.164001464844, ""xlai"": 3.525325298309326, ""totir"": 0.0, ""tofer"": NaN, ""swfac"": 0.0, ""nstres"": 0.0}",0.0,0.0,11875.59326171875,2477.164001464844,3.525325298309326,0.0,,0.0,0.0,0.0,150.0,36.49265747070312,36.49265747070312,Leave_One_experiments/all_year_offline_schedule_search/daily_outputs/YCA/YCA_2022_YCA2022_normal_grid_S0010_daily.csv
YCA,YCA,Yucheng,2022,Leave_One_experiments\wth_generated_qc\YCA\YCA2022.WTH,wet_year;nitrogen_stress_year;low_response_year,wet,YCA2022_normal_grid_S0010,top_profit_low_water,2022-08-29,241,78,73,"{""sim_day"": 78.0, ""doy"": 241.0, ""topwt"": 12157.61962890625, ""grnwt"": 2711.5496826171875, ""xlai"": 3.525325298309326, ""totir"": 0.0, ""tofer"": NaN, ""swfac"": 0.0, ""nstres"": 0.0}",0.0,0.0,12157.61962890625,2711.5496826171875,3.525325298309326,0.0,,0.0,0.0,0.0,150.0,36.49265747070312,36.49265747070312,Leave_One_experiments/all_year_offline_schedule_search/daily_outputs/YCA/YCA_2022_YCA2022_normal_grid_S0010_daily.csv
YCA,YCA,Yucheng,2022,Leave_One_experiments\wth_generated_qc\YCA\YCA2022.WTH,wet_year;nitrogen_stress_year;low_response_year,wet,YCA2022_normal_grid_S0010,top_profit_low_water,2022-08-30,242,79,74,"{""sim_day"": 79.0, ""doy"": 242.0, ""topwt"": 12500.479736328123, ""grnwt"": 2945.9356689453125, ""xlai"": 3.525325298309326, ""totir"": 0.0, ""tofer"": NaN, ""swfac"": 0.0, ""nstres"": 0.0}",0.0,0.0,12500.479736328123,2945.9356689453125,3.525325298309326,0.0,,0.0,0.0,0.0,150.0,36.49265747070312,36.49265747070312,Leave_One_experiments/all_year_offline_schedule_search/daily_outputs/YCA/YCA_2022_YCA2022_normal_grid_S0010_daily.csv
YCA,YCA,Yucheng,2022,Leave_One_experiments\wth_generated_qc\YCA\YCA2022.WTH,wet_year;nitrogen_stress_year;low_response_year,wet,YCA2022_normal_grid_S0010,top_profit_low_water,2022-08-31,243,80,75,"{""sim_day"": 80.0, ""doy"": 243.0, ""topwt"": 12808.118896484377, ""grnwt"": 3180.321350097656, ""xlai"": 3.525325298309326, ""totir"": 0.0, ""tofer"": NaN, ""swfac"": 0.0, ""nstres"": 0.0}",0.0,0.0,12808.118896484377,3180.321350097656,3.525325298309326,0.0,,0.0,0.0,0.0,150.0,36.49265747070312,36.49265747070312,Leave_One_experiments/all_year_offline_schedule_search/daily_outputs/YCA/YCA_2022_YCA2022_normal_grid_S0010_daily.csv
YCA,YCA,Yucheng,2022,Leave_One_experiments\wth_generated_qc\YCA\YCA2022.WTH,wet_year;nitrogen_stress_year;low_response_year,wet,YCA2022_normal_grid_S0010,top_profit_low_water,2022-09-01,244,81,76,"{""sim_day"": 81.0, ""doy"": 244.0, ""topwt"": 13042.5048828125, ""grnwt"": 3414.70703125, ""xlai"": 3.525325298309326, ""totir"": 0.0, ""tofer"": NaN, ""swfac"": 0.0, ""nstres"": 0.0}",0.0,0.0,13042.5048828125,3414.70703125,3.525325298309326,0.0,,0.0,0.0,0.0,150.0,36.49265747070312,36.49265747070312,Leave_One_experiments/all_year_offline_schedule_search/daily_outputs/YCA/YCA_2022_YCA2022_normal_grid_S0010_daily.csv
YCA,YCA,Yucheng,2022,Leave_One_experiments\wth_generated_qc\YCA\YCA2022.WTH,wet_year;nitrogen_stress_year;low_response_year,wet,YCA2022_normal_grid_S0010,top_profit_low_water,2022-09-02,245,82,77,"{""sim_day"": 82.0, ""doy"": 245.0, ""topwt"": 13276.890869140623, ""grnwt"": 3649.093017578125, ""xlai"": 3.5185279846191406, ""totir"": 0.0, ""tofer"": NaN, ""swfac"": 0.0, ""nstres"": 0.0154247879981994}",0.0,0.0154247879981994,13276.890869140623,3649.093017578125,3.5185279846191406,0.0,,0.0,0.0,0.0,150.0,36.49265747070312,36.49265747070312,Leave_One_experiments/all_year_offline_schedule_search/daily_outputs/YCA/YCA_2022_YCA2022_normal_grid_S0010_daily.csv
YCA,YCA,Yucheng,2022,Leave_One_experiments\wth_generated_qc\YCA\YCA2022.WTH,wet_year;nitrogen_stress_year;low_response_year,wet,YCA2022_normal_grid_S0010,top_profit_low_water,2022-09-03,246,83,78,"{""sim_day"": 83.0, ""doy"": 246.0, ""topwt"": 13511.275634765623, ""grnwt"": 3883.4786987304688, ""xlai"": 3.507526397705078, ""totir"": 0.0, ""tofer"": NaN, ""swfac"": 0.0, ""nstres"": 0.0250142812728881}",0.0,0.0250142812728881,13511.275634765623,3883.4786987304688,3.507526397705078,0.0,,0.0,0.0,0.0,150.0,36.49265747070312,36.49265747070312,Leave_One_experiments/all_year_offline_schedule_search/daily_outputs/YCA/YCA_2022_YCA2022_normal_grid_S0010_daily.csv
YCA,YCA,Yucheng,2022,Leave_One_experiments\wth_generated_qc\YCA\YCA2022.WTH,wet_year;nitrogen_stress_year;low_response_year,wet,YCA2022_normal_grid_S0010,top_profit_low_water,2022-09-04,247,84,79,"{""sim_day"": 84.0, ""doy"": 247.0, ""topwt"": 13745.66162109375, ""grnwt"": 4117.8643798828125, ""xlai"": 3.4925057888031006, ""totir"": 0.0, ""tofer"": NaN, ""swfac"": 0.0, ""nstres"": 0.0342594385147094}",0.0,0.0342594385147094,13745.66162109375,4117.8643798828125,3.4925057888031006,0.0,,0.0,0.0,0.0,150.0,36.49265747070312,36.49265747070312,Leave_One_experiments/all_year_offline_schedule_search/daily_outputs/YCA/YCA_2022_YCA2022_normal_grid_S0010_daily.csv
YCA,YCA,Yucheng,2022,Leave_One_experiments\wth_generated_qc\YCA\YCA2022.WTH,wet_year;nitrogen_stress_year;low_response_year,wet,YCA2022_normal_grid_S0010,top_profit_low_water,2022-09-05,248,85,80,"{""sim_day"": 85.0, ""doy"": 248.0, ""topwt"": 13980.047607421877, ""grnwt"": 4352.250061035156, ""xlai"": 3.473052263259888, ""totir"": 0.0, ""tofer"": NaN, ""swfac"": 0.0, ""nstres"": 0.0445600748062133}",0.0,0.0445600748062133,13980.047607421877,4352.250061035156,3.473052263259888,0.0,,0.0,0.0,0.0,150.0,36.49265747070312,36.49265747070312,Leave_One_experiments/all_year_offline_schedule_search/daily_outputs/YCA/YCA_2022_YCA2022_normal_grid_S0010_daily.csv
YCA,YCA,Yucheng,2022,Leave_One_experiments\wth_generated_qc\YCA\YCA2022.WTH,wet_year;nitrogen_stress_year;low_response_year,wet,YCA2022_normal_grid_S0010,top_profit_low_water,2022-09-06,249,86,81,"{""sim_day"": 86.0, ""doy"": 249.0, ""topwt"": 14214.43359375, ""grnwt"": 4586.6357421875, ""xlai"": 3.4489822387695312, ""totir"": 0.0, ""tofer"": NaN, ""swfac"": 0.0, ""nstres"": 0.0554441213607788}",0.0,0.0554441213607788,14214.43359375,4586.6357421875,3.4489822387695312,0.0,,0.0,0.0,0.0,150.0,36.49265747070312,36.49265747070312,Leave_One_experiments/all_year_offline_schedule_search/daily_outputs/YCA/YCA_2022_YCA2022_normal_grid_S0010_daily.csv
YCA,YCA,Yucheng,2022,Leave_One_experiments\wth_generated_qc\YCA\YCA2022.WTH,wet_year;nitrogen_stress_year;low_response_year,wet,YCA2022_normal_grid_S0010,top_profit_low_water,2022-09-07,250,87,82,"{""sim_day"": 87.0, ""doy"": 250.0, ""topwt"": 14448.819580078123, ""grnwt"": 4821.021728515625, ""xlai"": 3.36466908454895, ""totir"": 0.0, ""tofer"": NaN, ""swfac"": 0.0, ""nstres"": 0.0669499635696411}",0.0,0.0669499635696411,14448.819580078123,4821.021728515625,3.36466908454895,0.0,,0.0,0.0,0.0,150.0,36.49265747070312,36.49265747070312,Leave_One_experiments/all_year_offline_schedule_search/daily_outputs/YCA/YCA_2022_YCA2022_normal_grid_S0010_daily.csv
YCA,YCA,Yucheng,2022,Leave_One_experiments\wth_generated_qc\YCA\YCA2022.WTH,wet_year;nitrogen_stress_year;low_response_year,wet,YCA2022_normal_grid_S0010,top_profit_low_water,2022-09-08,251,88,83,"{""sim_day"": 88.0, ""doy"": 251.0, ""topwt"": 14683.20556640625, ""grnwt"": 5055.407409667969, ""xlai"": 3.266633987426758, ""totir"": 0.0, ""tofer"": NaN, ""swfac"": 0.0, ""nstres"": 0.0784834027290344}",0.0,0.0784834027290344,14683.20556640625,5055.407409667969,3.266633987426758,0.0,,0.0,0.0,0.0,150.0,36.49265747070312,36.49265747070312,Leave_One_experiments/all_year_offline_schedule_search/daily_outputs/YCA/YCA_2022_YCA2022_normal_grid_S0010_daily.csv
YCA,YCA,Yucheng,2022,Leave_One_experiments\wth_generated_qc\YCA\YCA2022.WTH,wet_year;nitrogen_stress_year;low_response_year,wet,YCA2022_normal_grid_S0010,top_profit_low_water,2022-09-09,252,89,84,"{""sim_day"": 89.0, ""doy"": 252.0, ""topwt"": 14917.591552734377, ""grnwt"": 5289.7930908203125, ""xlai"": 3.1561315059661865, ""totir"": 0.0, ""tofer"": NaN, ""swfac"": 0.0, ""nstres"": 0.0893677473068237}",0.0,0.0893677473068237,14917.591552734377,5289.7930908203125,3.1561315059661865,0.0,,0.0,0.0,0.0,150.0,36.49265747070312,36.49265747070312,Leave_One_experiments/all_year_offline_schedule_search/daily_outputs/YCA/YCA_2022_YCA2022_normal_grid_S0010_daily.csv
YCA,YCA,Yucheng,2022,Leave_One_experiments\wth_generated_qc\YCA\YCA2022.WTH,wet_year;nitrogen_stress_year;low_response_year,wet,YCA2022_normal_grid_S0010,top_profit_low_water,2022-09-10,253,90,85,"{""sim_day"": 90.0, ""doy"": 253.0, ""topwt"": 15151.976318359377, ""grnwt"": 5524.1790771484375, ""xlai"": 3.0333096981048584, ""totir"": 0.0, ""tofer"": NaN, ""swfac"": 0.0, ""nstres"": 0.1007100343704223}",0.0,0.1007100343704223,15151.976318359377,5524.1790771484375,3.0333096981048584,0.0,,0.0,0.0,0.0,150.0,36.49265747070312,36.49265747070312,Leave_One_experiments/all_year_offline_schedule_search/daily_outputs/YCA/YCA_2022_YCA2022_normal_grid_S0010_daily.csv
YCA,YCA,Yucheng,2022,Leave_One_experiments\wth_generated_qc\YCA\YCA2022.WTH,wet_year;nitrogen_stress_year;low_response_year,wet,YCA2022_normal_grid_S0010,top_profit_low_water,2022-09-11,254,91,86,"{""sim_day"": 91.0, ""doy"": 254.0, ""topwt"": 15386.3623046875, ""grnwt"": 5758.5650634765625, ""xlai"": 2.911986351013184, ""totir"": 0.0, ""tofer"": NaN, ""swfac"": 0.0, ""nstres"": 0.113215684890747}",0.0,0.113215684890747,15386.3623046875,5758.5650634765625,2.911986351013184,0.0,,0.0,0.0,0.0,150.0,36.49265747070312,36.49265747070312,Leave_One_experiments/all_year_offline_schedule_search/daily_outputs/YCA/YCA_2022_YCA2022_normal_grid_S0010_daily.csv
YCA,YCA,Yucheng,2022,Leave_One_experiments\wth_generated_qc\YCA\YCA2022.WTH,wet_year;nitrogen_stress_year;low_response_year,wet,YCA2022_normal_grid_S0010,top_profit_low_water,2022-09-12,255,92,87,"{""sim_day"": 92.0, ""doy"": 255.0, ""topwt"": 15620.748291015623, ""grnwt"": 5992.950439453125, ""xlai"": 2.791374683380127, ""totir"": 0.0, ""tofer"": NaN, ""swfac"": 0.0, ""nstres"": 0.1266900300979614}",0.0,0.1266900300979614,15620.748291015623,5992.950439453125,2.791374683380127,0.0,,0.0,0.0,0.0,150.0,36.49265747070312,36.49265747070312,Leave_One_experiments/all_year_offline_schedule_search/daily_outputs/YCA/YCA_2022_YCA2022_normal_grid_S0010_daily.csv
YCA,YCA,Yucheng,2022,Leave_One_experiments\wth_generated_qc\YCA\YCA2022.WTH,wet_year;nitrogen_stress_year;low_response_year,wet,YCA2022_normal_grid_S0010,top_profit_low_water,2022-09-13,256,93,88,"{""sim_day"": 93.0, ""doy"": 256.0, ""topwt"": 15834.100341796877, ""grnwt"": 6227.33642578125, ""xlai"": 2.662164688110352, ""totir"": 0.0, ""tofer"": NaN, ""swfac"": 0.0, ""nstres"": 0.1403442621231079}",0.0,0.1403442621231079,15834.100341796877,6227.33642578125,2.662164688110352,0.0,,0.0,0.0,0.0,150.0,36.49265747070312,36.49265747070312,Leave_One_experiments/all_year_offline_schedule_search/daily_outputs/YCA/YCA_2022_YCA2022_normal_grid_S0010_daily.csv
YCA,YCA,Yucheng,2022,Leave_One_experiments\wth_generated_qc\YCA\YCA2022.WTH,wet_year;nitrogen_stress_year;low_response_year,wet,YCA2022_normal_grid_S0010,top_profit_low_water,2022-09-14,257,94,89,"{""sim_day"": 94.0, ""doy"": 257.0, ""topwt"": 15967.193603515623, ""grnwt"": 6461.722412109375, ""xlai"": 2.5299863815307617, ""totir"": 0.0, ""tofer"": NaN, ""swfac"": 0.0, ""nstres"": 0.1544644832611084}",0.0,0.1544644832611084,15967.193603515623,6461.722412109375,2.5299863815307617,0.0,,0.0,0.0,0.0,150.0,36.49265747070312,36.49265747070312,Leave_One_experiments/all_year_offline_schedule_search/daily_outputs/YCA/YCA_2022_YCA2022_normal_grid_S0010_daily.csv
YCA,YCA,Yucheng,2022,Leave_One_experiments\wth_generated_qc\YCA\YCA2022.WTH,wet_year;nitrogen_stress_year;low_response_year,wet,YCA2022_normal_grid_S0010,top_profit_low_water,2022-09-15,258,95,90,"{""sim_day"": 95.0, ""doy"": 258.0, ""topwt"": 16241.3427734375, ""grnwt"": 6696.1077880859375, ""xlai"": 2.3793630599975586, ""totir"": 0.0, ""tofer"": NaN, ""swfac"": 0.0, ""nstres"": 0.1665829420089721}",0.0,0.1665829420089721,16241.3427734375,6696.1077880859375,2.3793630599975586,0.0,,0.0,0.0,0.0,150.0,36.49265747070312,36.49265747070312,Leave_One_experiments/all_year_offline_schedule_search/daily_outputs/YCA/YCA_2022_YCA2022_normal_grid_S0010_daily.csv
YCA,YCA,Yucheng,2022,Leave_One_experiments\wth_generated_qc\YCA\YCA2022.WTH,wet_year;nitrogen_stress_year;low_response_year,wet,YCA2022_normal_grid_S0010,top_profit_low_water,2022-09-16,259,96,91,"{""sim_day"": 96.0, ""doy"": 259.0, ""topwt"": 16489.76806640625, ""grnwt"": 6930.493774414063, ""xlai"": 2.2265985012054443, ""totir"": 0.0, ""tofer"": NaN, ""swfac"": 0.0, ""nstres"": 0.1736881732940673}",0.0,0.1736881732940673,16489.76806640625,6930.493774414063,2.2265985012054443,0.0,,0.0,0.0,0.0,150.0,36.49265747070312,36.49265747070312,Leave_One_experiments/all_year_offline_schedule_search/daily_outputs/YCA/YCA_2022_YCA2022_normal_grid_S0010_daily.csv
YCA,YCA,Yucheng,2022,Leave_One_experiments\wth_generated_qc\YCA\YCA2022.WTH,wet_year;nitrogen_stress_year;low_response_year,wet,YCA2022_normal_grid_S0010,top_profit_low_water,2022-09-17,260,97,92,"{""sim_day"": 97.0, ""doy"": 260.0, ""topwt"": 16738.057861328125, ""grnwt"": 7164.879760742188, ""xlai"": 2.064676523208618, ""totir"": 0.0, ""tofer"": NaN, ""swfac"": 0.0, ""nstres"": 0.1917294859886169}",0.0,0.1917294859886169,16738.057861328125,7164.879760742188,2.064676523208618,0.0,,0.0,0.0,0.0,150.0,36.49265747070312,36.49265747070312,Leave_One_experiments/all_year_offline_schedule_search/daily_outputs/YCA/YCA_2022_YCA2022_normal_grid_S0010_daily.csv
YCA,YCA,Yucheng,2022,Leave_One_experiments\wth_generated_qc\YCA\YCA2022.WTH,wet_year;nitrogen_stress_year;low_response_year,wet,YCA2022_normal_grid_S0010,top_profit_low_water,2022-09-18,261,98,93,"{""sim_day"": 98.0, ""doy"": 261.0, ""topwt"": 16986.95068359375, ""grnwt"": 7399.265747070312, ""xlai"": 1.9120644330978396, ""totir"": 0.0, ""tofer"": NaN, ""swfac"": 0.0, ""nstres"": 0.2254695296287536}",0.0,0.2254695296287536,16986.95068359375,7399.265747070312,1.9120644330978396,0.0,,0.0,0.0,0.0,150.0,36.49265747070312,36.49265747070312,Leave_One_experiments/all_year_offline_schedule_search/daily_outputs/YCA/YCA_2022_YCA2022_normal_grid_S0010_daily.csv
YCA,YCA,Yucheng,2022,Leave_One_experiments\wth_generated_qc\YCA\YCA2022.WTH,wet_year;nitrogen_stress_year;low_response_year,wet,YCA2022_normal_grid_S0010,top_profit_low_water,2022-09-19,262,99,94,"{""sim_day"": 99.0, ""doy"": 262.0, ""topwt"": 16986.95068359375, ""grnwt"": 7399.265747070312, ""xlai"": 1.9120644330978396, ""totir"": 0.0, ""tofer"": NaN, ""swfac"": 0.0, ""nstres"": 0.2769117951393127}",0.0,0.2769117951393127,16986.95068359375,7399.265747070312,1.9120644330978396,0.0,,0.0,0.0,0.0,150.0,36.49265747070312,36.49265747070312,Leave_One_experiments/all_year_offline_schedule_search/daily_outputs/YCA/YCA_2022_YCA2022_normal_grid_S0010_daily.csv
YCA,YCA,Yucheng,2022,Leave_One_experiments\wth_generated_qc\YCA\YCA2022.WTH,wet_year;nitrogen_stress_year;low_response_year,wet,YCA2022_normal_grid_S0010,top_profit_low_water,2022-09-20,263,100,95,"{""sim_day"": 100.0, ""doy"": 263.0, ""topwt"": 16986.95068359375, ""grnwt"": 7399.265747070312, ""xlai"": 1.9120644330978396, ""totir"": 0.0, ""tofer"": NaN, ""swfac"": 0.0, ""nstres"": 0.2769117951393127}",0.0,0.2769117951393127,16986.95068359375,7399.265747070312,1.9120644330978396,0.0,,0.0,0.0,0.0,150.0,36.49265747070312,36.49265747070312,Leave_One_experiments/all_year_offline_schedule_search/daily_outputs/YCA/YCA_2022_YCA2022_normal_grid_S0010_daily.csv
YCA,YCA,Yucheng,2022,Leave_One_experiments\wth_generated_qc\YCA\YCA2022.WTH,wet_year;nitrogen_stress_year;low_response_year,wet,YCA2022_normal_grid_S0010,top_profit_low_water,2022-09-21,264,101,96,"{""sim_day"": 101.0, ""doy"": 264.0, ""topwt"": 16986.95068359375, ""grnwt"": 7399.265747070312, ""xlai"": 1.9120644330978396, ""totir"": 0.0, ""tofer"": NaN, ""swfac"": 0.0, ""nstres"": 0.2769117951393127}",0.0,0.2769117951393127,16986.95068359375,7399.265747070312,1.9120644330978396,0.0,,0.0,0.0,0.0,150.0,36.49265747070312,36.49265747070312,Leave_One_experiments/all_year_offline_schedule_search/daily_outputs/YCA/YCA_2022_YCA2022_normal_grid_S0010_daily.csv
YCA,YCA,Yucheng,2022,Leave_One_experiments\wth_generated_qc\YCA\YCA2022.WTH,wet_year;nitrogen_stress_year;low_response_year,wet,YCA2022_normal_grid_S0010,top_profit_low_water,2022-09-22,265,102,97,"{""sim_day"": 102.0, ""doy"": 265.0, ""topwt"": 16986.95068359375, ""grnwt"": 7399.265747070312, ""xlai"": 1.9120644330978396, ""totir"": 0.0, ""tofer"": NaN, ""swfac"": 0.0, ""nstres"": 0.2769117951393127}",0.0,0.2769117951393127,16986.95068359375,7399.265747070312,1.9120644330978396,0.0,,0.0,0.0,0.0,150.0,36.49265747070312,36.49265747070312,Leave_One_experiments/all_year_offline_schedule_search/daily_outputs/YCA/YCA_2022_YCA2022_normal_grid_S0010_daily.csv
YCA,YCA,Yucheng,2023,Leave_One_experiments\wth_generated_qc\YCA\YCA2023.WTH,normal_year;nitrogen_stress_year;low_response_year,normal,YCA2023_normal_grid_S0031,irrigation_positive_candidate,2023-06-18,169,1,1,"{""sim_day"": 1.0, ""doy"": 169.0, ""topwt"": 0.0, ""grnwt"": 0.0, ""xlai"": 0.0, ""totir"": 0.0, ""tofer"": NaN, ""swfac"": 0.0, ""nstres"": 0.0}",0.0,0.0,0.0,0.0,0.0,0.0,,0.0,80.0,30.0,180.0,24.955670166015626,36.95567016601562,Leave_One_experiments/all_year_offline_schedule_search/daily_outputs/YCA/YCA_2023_YCA2023_normal_grid_S0031_daily.csv
YCA,YCA,Yucheng,2023,Leave_One_experiments\wth_generated_qc\YCA\YCA2023.WTH,normal_year;nitrogen_stress_year;low_response_year,normal,YCA2023_normal_grid_S0031,irrigation_positive_candidate,2023-06-19,170,2,2,"{""sim_day"": 2.0, ""doy"": 170.0, ""topwt"": 0.0, ""grnwt"": 0.0, ""xlai"": 0.0, ""totir"": 0.0, ""tofer"": NaN, ""swfac"": 0.0, ""nstres"": 0.0}",0.0,0.0,0.0,0.0,0.0,0.0,,0.0,0.0,30.0,180.0,24.955670166015626,36.95567016601562,Leave_One_experiments/all_year_offline_schedule_search/daily_outputs/YCA/YCA_2023_YCA2023_normal_grid_S0031_daily.csv
YCA,YCA,Yucheng,2023,Leave_One_experiments\wth_generated_qc\YCA\YCA2023.WTH,normal_year;nitrogen_stress_year;low_response_year,normal,YCA2023_normal_grid_S0031,irrigation_positive_candidate,2023-06-20,171,3,3,"{""sim_day"": 3.0, ""doy"": 171.0, ""topwt"": 0.0, ""grnwt"": 0.0, ""xlai"": 0.0, ""totir"": 0.0, ""tofer"": NaN, ""swfac"": 0.0, ""nstres"": 0.0}",0.0,0.0,0.0,0.0,0.0,0.0,,0.0,0.0,30.0,180.0,24.955670166015626,36.95567016601562,Leave_One_experiments/all_year_offline_schedule_search/daily_outputs/YCA/YCA_2023_YCA2023_normal_grid_S0031_daily.csv
YCA,YCA,Yucheng,2023,Leave_One_experiments\wth_generated_qc\YCA\YCA2023.WTH,normal_year;nitrogen_stress_year;low_response_year,normal,YCA2023_normal_grid_S0031,irrigation_positive_candidate,2023-06-21,172,4,4,"{""sim_day"": 4.0, ""doy"": 172.0, ""topwt"": 0.0, ""grnwt"": 0.0, ""xlai"": 0.0, ""totir"": 0.0, ""tofer"": NaN, ""swfac"": 0.0, ""nstres"": 0.0}",0.0,0.0,0.0,0.0,0.0,0.0,,0.0,0.0,30.0,180.0,24.955670166015626,36.95567016601562,Leave_One_experiments/all_year_offline_schedule_search/daily_outputs/YCA/YCA_2023_YCA2023_normal_grid_S0031_daily.csv
YCA,YCA,Yucheng,2023,Leave_One_experiments\wth_generated_qc\YCA\YCA2023.WTH,normal_year;nitrogen_stress_year;low_response_year,normal,YCA2023_normal_grid_S0031,irrigation_positive_candidate,2023-06-22,173,5,5,"{""sim_day"": 5.0, ""doy"": 173.0, ""topwt"": 0.0, ""grnwt"": 0.0, ""xlai"": 0.0, ""totir"": 0.0, ""tofer"": NaN, ""swfac"": 0.0, ""nstres"": 0.0}",0.0,0.0,0.0,0.0,0.0,0.0,,0.0,0.0,30.0,180.0,24.955670166015626,36.95567016601562,Leave_One_experiments/all_year_offline_schedule_search/daily_outputs/YCA/YCA_2023_YCA2023_normal_grid_S0031_daily.csv
YCA,YCA,Yucheng,2023,Leave_One_experiments\wth_generated_qc\YCA\YCA2023.WTH,normal_year;nitrogen_stress_year;low_response_year,normal,YCA2023_normal_grid_S0031,irrigation_positive_candidate,2023-06-18,169,6,1,"{""sim_day"": 6.0, ""doy"": 169.0, ""topwt"": 0.0, ""grnwt"": 0.0, ""xlai"": 0.0, ""totir"": 0.0, ""tofer"": NaN, ""swfac"": 0.0, ""nstres"": 0.0}",0.0,0.0,0.0,0.0,0.0,0.0,,0.0,0.0,30.0,180.0,24.955670166015626,36.95567016601562,Leave_One_experiments/all_year_offline_schedule_search/daily_outputs/YCA/YCA_2023_YCA2023_normal_grid_S0031_daily.csv
YCA,YCA,Yucheng,2023,Leave_One_experiments\wth_generated_qc\YCA\YCA2023.WTH,normal_year;nitrogen_stress_year;low_response_year,normal,YCA2023_normal_grid_S0031,irrigation_positive_candidate,2023-06-19,170,7,2,"{""sim_day"": 7.0, ""doy"": 170.0, ""topwt"": 0.0, ""grnwt"": 0.0, ""xlai"": 0.0, ""totir"": 0.0, ""tofer"": NaN, ""swfac"": 0.0, ""nstres"": 0.0}",0.0,0.0,0.0,0.0,0.0,0.0,,0.0,0.0,30.0,180.0,24.955670166015626,36.95567016601562,Leave_One_experiments/all_year_offline_schedule_search/daily_outputs/YCA/YCA_2023_YCA2023_normal_grid_S0031_daily.csv
YCA,YCA,Yucheng,2023,Leave_One_experiments\wth_generated_qc\YCA\YCA2023.WTH,normal_year;nitrogen_stress_year;low_response_year,normal,YCA2023_normal_grid_S0031,irrigation_positive_candidate,2023-06-20,171,8,3,"{""sim_day"": 8.0, ""doy"": 171.0, ""topwt"": 0.0, ""grnwt"": 0.0, ""xlai"": 0.0, ""totir"": 0.0, ""tofer"": NaN, ""swfac"": 0.0, ""nstres"": 0.0}",0.0,0.0,0.0,0.0,0.0,0.0,,0.0,0.0,30.0,180.0,24.955670166015626,36.95567016601562,Leave_One_experiments/all_year_offline_schedule_search/daily_outputs/YCA/YCA_2023_YCA2023_normal_grid_S0031_daily.csv
YCA,YCA,Yucheng,2023,Leave_One_experiments\wth_generated_qc\YCA\YCA2023.WTH,normal_year;nitrogen_stress_year;low_response_year,normal,YCA2023_normal_grid_S0031,irrigation_positive_candidate,2023-06-21,172,9,4,"{""sim_day"": 9.0, ""doy"": 172.0, ""topwt"": 0.0, ""grnwt"": 0.0, ""xlai"": 0.0, ""totir"": 0.0, ""tofer"": NaN, ""swfac"": 0.0, ""nstres"": 0.0}",0.0,0.0,0.0,0.0,0.0,0.0,,0.0,0.0,30.0,180.0,24.955670166015626,36.95567016601562,Leave_One_experiments/all_year_offline_schedule_search/daily_outputs/YCA/YCA_2023_YCA2023_normal_grid_S0031_daily.csv
YCA,YCA,Yucheng,2023,Leave_One_experiments\wth_generated_qc\YCA\YCA2023.WTH,normal_year;nitrogen_stress_year;low_response_year,normal,YCA2023_normal_grid_S0031,irrigation_positive_candidate,2023-06-22,173,10,5,"{""sim_day"": 10.0, ""doy"": 173.0, ""topwt"": 26.400001049041748, ""grnwt"": 0.0, ""xlai"": 0.0058571309782564, ""totir"": 0.0, ""tofer"": NaN, ""swfac"": 0.0, ""nstres"": 0.0121910572052001}",0.0,0.0121910572052001,26.400001049041748,0.0,0.0058571309782564,0.0,,0.0,0.0,30.0,180.0,24.955670166015626,36.95567016601562,Leave_One_experiments/all_year_offline_schedule_search/daily_outputs/YCA/YCA_2023_YCA2023_normal_grid_S0031_daily.csv
YCA,YCA,Yucheng,2023,Leave_One_experiments\wth_generated_qc\YCA\YCA2023.WTH,normal_year;nitrogen_stress_year;low_response_year,normal,YCA2023_normal_grid_S0031,irrigation_positive_candidate,2023-06-23,174,11,6,"{""sim_day"": 11.0, ""doy"": 174.0, ""topwt"": 26.400001049041748, ""grnwt"": 0.0, ""xlai"": 0.0120706427842378, ""totir"": 0.0, ""tofer"": NaN, ""swfac"": 0.0, ""nstres"": 0.0079849958419799}",0.0,0.0079849958419799,26.400001049041748,0.0,0.0120706427842378,0.0,,0.0,0.0,30.0,180.0,24.955670166015626,36.95567016601562,Leave_One_experiments/all_year_offline_schedule_search/daily_outputs/YCA/YCA_2023_YCA2023_normal_grid_S0031_daily.csv
YCA,YCA,Yucheng,2023,Leave_One_experiments\wth_generated_qc\YCA\YCA2023.WTH,normal_year;nitrogen_stress_year;low_response_year,normal,YCA2023_normal_grid_S0031,irrigation_positive_candidate,2023-06-24,175,12,7,"{""sim_day"": 12.0, ""doy"": 175.0, ""topwt"": 26.400001049041748, ""grnwt"": 0.0, ""xlai"": 0.0183221846818923, ""totir"": 0.0, ""tofer"": NaN, ""swfac"": 0.0, ""nstres"": 0.0007379055023193}",0.0,0.0007379055023193,26.400001049041748,0.0,0.0183221846818923,0.0,,0.0,0.0,30.0,180.0,24.955670166015626,36.95567016601562,Leave_One_experiments/all_year_offline_schedule_search/daily_outputs/YCA/YCA_2023_YCA2023_normal_grid_S0031_daily.csv
YCA,YCA,Yucheng,2023,Leave_One_experiments\wth_generated_qc\YCA\YCA2023.WTH,normal_year;nitrogen_stress_year;low_response_year,normal,YCA2023_normal_grid_S0031,irrigation_positive_candidate,2023-06-25,176,13,8,"{""sim_day"": 13.0, ""doy"": 176.0, ""topwt"": 26.400001049041748, ""grnwt"": 0.0, ""xlai"": 0.0435296855866909, ""totir"": 0.0, ""tofer"": NaN, ""swfac"": 0.0, ""nstres"": 0.0}",0.0,0.0,26.400001049041748,0.0,0.0435296855866909,0.0,,0.0,0.0,30.0,180.0,24.955670166015626,36.95567016601562,Leave_One_experiments/all_year_offline_schedule_search/daily_outputs/YCA/YCA_2023_YCA2023_normal_grid_S0031_daily.csv
YCA,YCA,Yucheng,2023,Leave_One_experiments\wth_generated_qc\YCA\YCA2023.WTH,normal_year;nitrogen_stress_year;low_response_year,normal,YCA2023_normal_grid_S0031,irrigation_positive_candidate,2023-06-26,177,14,9,"{""sim_day"": 14.0, ""doy"": 177.0, ""topwt"": 37.50510215759277, ""grnwt"": 0.0, ""xlai"": 0.0737534314393997, ""totir"": 0.0, ""tofer"": NaN, ""swfac"": 0.0, ""nstres"": 0.0}",0.0,0.0,37.50510215759277,0.0,0.0737534314393997,0.0,,0.0,0.0,30.0,180.0,24.955670166015626,36.95567016601562,Leave_One_experiments/all_year_offline_schedule_search/daily_outputs/YCA/YCA_2023_YCA2023_normal_grid_S0031_daily.csv
YCA,YCA,Yucheng,2023,Leave_One_experiments\wth_generated_qc\YCA\YCA2023.WTH,normal_year;nitrogen_stress_year;low_response_year,normal,YCA2023_normal_grid_S0031,irrigation_positive_candidate,2023-06-27,178,15,10,"{""sim_day"": 15.0, ""doy"": 178.0, ""topwt"": 53.37294578552246, ""grnwt"": 0.0, ""xlai"": 0.1100483760237693, ""totir"": 0.0, ""tofer"": NaN, ""swfac"": 0.0, ""nstres"": 0.0}",0.0,0.0,53.37294578552246,0.0,0.1100483760237693,0.0,,0.0,0.0,30.0,180.0,24.955670166015626,36.95567016601562,Leave_One_experiments/all_year_offline_schedule_search/daily_outputs/YCA/YCA_2023_YCA2023_normal_grid_S0031_daily.csv
YCA,YCA,Yucheng,2023,Leave_One_experiments\wth_generated_qc\YCA\YCA2023.WTH,normal_year;nitrogen_stress_year;low_response_year,normal,YCA2023_normal_grid_S0031,irrigation_positive_candidate,2023-06-28,179,16,11,"{""sim_day"": 16.0, ""doy"": 179.0, ""topwt"": 74.93001461029053, ""grnwt"": 0.0, ""xlai"": 0.1548771858215332, ""totir"": 0.0, ""tofer"": NaN, ""swfac"": 0.0, ""nstres"": 0.0}",0.0,0.0,74.93001461029053,0.0,0.1548771858215332,0.0,,0.0,0.0,30.0,180.0,24.955670166015626,36.95567016601562,Leave_One_experiments/all_year_offline_schedule_search/daily_outputs/YCA/YCA_2023_YCA2023_normal_grid_S0031_daily.csv
YCA,YCA,Yucheng,2023,Leave_One_experiments\wth_generated_qc\YCA\YCA2023.WTH,normal_year;nitrogen_stress_year;low_response_year,normal,YCA2023_normal_grid_S0031,irrigation_positive_candidate,2023-06-29,180,17,12,"{""sim_day"": 17.0, ""doy"": 180.0, ""topwt"": 99.65514183044434, ""grnwt"": 0.0, ""xlai"": 0.2024078220129013, ""totir"": 0.0, ""tofer"": NaN, ""swfac"": 0.0, ""nstres"": 0.0}",0.0,0.0,99.65514183044434,0.0,0.2024078220129013,0.0,,0.0,0.0,30.0,180.0,24.955670166015626,36.95567016601562,Leave_One_experiments/all_year_offline_schedule_search/daily_outputs/YCA/YCA_2023_YCA2023_normal_grid_S0031_daily.csv
YCA,YCA,Yucheng,2023,Leave_One_experiments\wth_generated_qc\YCA\YCA2023.WTH,normal_year;nitrogen_stress_year;low_response_year,normal,YCA2023_normal_grid_S0031,irrigation_positive_candidate,2023-06-30,181,18,13,"{""sim_day"": 18.0, ""doy"": 181.0, ""topwt"": 131.5467929840088, ""grnwt"": 0.0, ""xlai"": 0.2597059607505798, ""totir"": 0.0, ""tofer"": NaN, ""swfac"": 0.0, ""nstres"": 0.0}",0.0,0.0,131.5467929840088,0.0,0.2597059607505798,0.0,,0.0,0.0,30.0,180.0,24.955670166015626,36.95567016601562,Leave_One_experiments/all_year_offline_schedule_search/daily_outputs/YCA/YCA_2023_YCA2023_normal_grid_S0031_daily.csv
YCA,YCA,Yucheng,2023,Leave_One_experiments\wth_generated_qc\YCA\YCA2023.WTH,normal_year;nitrogen_stress_year;low_response_year,normal,YCA2023_normal_grid_S0031,irrigation_positive_candidate,2023-07-01,182,19,14,"{""sim_day"": 19.0, ""doy"": 182.0, ""topwt"": 174.4040870666504, ""grnwt"": 0.0, ""xlai"": 0.3318465054035187, ""totir"": 0.0, ""tofer"": NaN, ""swfac"": 0.0, ""nstres"": 0.0}",0.0,0.0,174.4040870666504,0.0,0.3318465054035187,0.0,,0.0,0.0,30.0,180.0,24.955670166015626,36.95567016601562,Leave_One_experiments/all_year_offline_schedule_search/daily_outputs/YCA/YCA_2023_YCA2023_normal_grid_S0031_daily.csv
YCA,YCA,Yucheng,2023,Leave_One_experiments\wth_generated_qc\YCA\YCA2023.WTH,normal_year;nitrogen_stress_year;low_response_year,normal,YCA2023_normal_grid_S0031,irrigation_positive_candidate,2023-07-02,183,20,15,"{""sim_day"": 20.0, ""doy"": 183.0, ""topwt"": 219.00312423706052, ""grnwt"": 0.0, ""xlai"": 0.4302230775356293, ""totir"": 0.0, ""tofer"": NaN, ""swfac"": 0.0, ""nstres"": 0.0}",0.0,0.0,219.00312423706052,0.0,0.4302230775356293,0.0,,0.0,0.0,30.0,180.0,24.955670166015626,36.95567016601562,Leave_One_experiments/all_year_offline_schedule_search/daily_outputs/YCA/YCA_2023_YCA2023_normal_grid_S0031_daily.csv
YCA,YCA,Yucheng,2023,Leave_One_experiments\wth_generated_qc\YCA\YCA2023.WTH,normal_year;nitrogen_stress_year;low_response_year,normal,YCA2023_normal_grid_S0031,irrigation_positive_candidate,2023-07-03,184,21,16,"{""sim_day"": 21.0, ""doy"": 184.0, ""topwt"": 273.0967903137207, ""grnwt"": 0.0, ""xlai"": 0.5176066756248474, ""totir"": 0.0, ""tofer"": NaN, ""swfac"": 0.0, ""nstres"": 0.0}",0.0,0.0,273.0967903137207,0.0,0.5176066756248474,0.0,,0.0,0.0,30.0,180.0,24.955670166015626,36.95567016601562,Leave_One_experiments/all_year_offline_schedule_search/daily_outputs/YCA/YCA_2023_YCA2023_normal_grid_S0031_daily.csv
YCA,YCA,Yucheng,2023,Leave_One_experiments\wth_generated_qc\YCA\YCA2023.WTH,normal_year;nitrogen_stress_year;low_response_year,normal,YCA2023_normal_grid_S0031,irrigation_positive_candidate,2023-07-04,185,22,17,"{""sim_day"": 22.0, ""doy"": 185.0, ""topwt"": 346.84593200683594, ""grnwt"": 0.0, ""xlai"": 0.6307865977287292, ""totir"": 0.0, ""tofer"": NaN, ""swfac"": 0.0, ""nstres"": 0.0042382478713989}",0.0,0.0042382478713989,346.84593200683594,0.0,0.6307865977287292,0.0,,0.0,0.0,30.0,180.0,24.955670166015626,36.95567016601562,Leave_One_experiments/all_year_offline_schedule_search/daily_outputs/YCA/YCA_2023_YCA2023_normal_grid_S0031_daily.csv
YCA,YCA,Yucheng,2023,Leave_One_experiments\wth_generated_qc\YCA\YCA2023.WTH,normal_year;nitrogen_stress_year;low_response_year,normal,YCA2023_normal_grid_S0031,irrigation_positive_candidate,2023-07-05,186,23,18,"{""sim_day"": 23.0, ""doy"": 186.0, ""topwt"": 440.3469848632813, ""grnwt"": 0.0, ""xlai"": 0.766916811466217, ""totir"": 0.0, ""tofer"": NaN, ""swfac"": 0.0, ""nstres"": 0.0}",0.0,0.0,440.3469848632813,0.0,0.766916811466217,0.0,,0.0,0.0,30.0,180.0,24.955670166015626,36.95567016601562,Leave_One_experiments/all_year_offline_schedule_search/daily_outputs/YCA/YCA_2023_YCA2023_normal_grid_S0031_daily.csv
YCA,YCA,Yucheng,2023,Leave_One_experiments\wth_generated_qc\YCA\YCA2023.WTH,normal_year;nitrogen_stress_year;low_response_year,normal,YCA2023_normal_grid_S0031,irrigation_positive_candidate,2023-07-06,187,24,19,"{""sim_day"": 24.0, ""doy"": 187.0, ""topwt"": 551.2447357177734, ""grnwt"": 0.0, ""xlai"": 0.9203612804412842, ""totir"": 0.0, ""tofer"": NaN, ""swfac"": 0.0, ""nstres"": 0.0}",0.0,0.0,551.2447357177734,0.0,0.9203612804412842,0.0,,0.0,0.0,30.0,180.0,24.955670166015626,36.95567016601562,Leave_One_experiments/all_year_offline_schedule_search/daily_outputs/YCA/YCA_2023_YCA2023_normal_grid_S0031_daily.csv
YCA,YCA,Yucheng,2023,Leave_One_experiments\wth_generated_qc\YCA\YCA2023.WTH,normal_year;nitrogen_stress_year;low_response_year,normal,YCA2023_normal_grid_S0031,irrigation_positive_candidate,2023-07-07,188,25,20,"{""sim_day"": 25.0, ""doy"": 188.0, ""topwt"": 677.0158386230469, ""grnwt"": 0.0, ""xlai"": 1.0863643884658811, ""totir"": 0.0, ""tofer"": NaN, ""swfac"": 0.0, ""nstres"": 0.0}",0.0,0.0,677.0158386230469,0.0,1.0863643884658811,0.0,,0.0,0.0,30.0,180.0,24.955670166015626,36.95567016601562,Leave_One_experiments/all_year_offline_schedule_search/daily_outputs/YCA/YCA_2023_YCA2023_normal_grid_S0031_daily.csv
YCA,YCA,Yucheng,2023,Leave_One_experiments\wth_generated_qc\YCA\YCA2023.WTH,normal_year;nitrogen_stress_year;low_response_year,normal,YCA2023_normal_grid_S0031,irrigation_positive_candidate,2023-07-08,189,26,21,"{""sim_day"": 26.0, ""doy"": 189.0, ""topwt"": 815.5962371826172, ""grnwt"": 0.0, ""xlai"": 1.2615782022476196, ""totir"": 0.0, ""tofer"": NaN, ""swfac"": 0.0, ""nstres"": 0.0}",0.0,0.0,815.5962371826172,0.0,1.2615782022476196,0.0,,0.0,0.0,30.0,180.0,24.955670166015626,36.95567016601562,Leave_One_experiments/all_year_offline_schedule_search/daily_outputs/YCA/YCA_2023_YCA2023_normal_grid_S0031_daily.csv
YCA,YCA,Yucheng,2023,Leave_One_experiments\wth_generated_qc\YCA\YCA2023.WTH,normal_year;nitrogen_stress_year;low_response_year,normal,YCA2023_normal_grid_S0031,irrigation_positive_candidate,2023-07-09,190,27,22,"{""sim_day"": 27.0, ""doy"": 190.0, ""topwt"": 993.9740753173828, ""grnwt"": 0.0, ""xlai"": 1.4764212369918823, ""totir"": 0.0, ""tofer"": NaN, ""swfac"": 0.0, ""nstres"": 0.0}",0.0,0.0,993.9740753173828,0.0,1.4764212369918823,0.0,,0.0,0.0,30.0,180.0,24.955670166015626,36.95567016601562,Leave_One_experiments/all_year_offline_schedule_search/daily_outputs/YCA/YCA_2023_YCA2023_normal_grid_S0031_daily.csv
YCA,YCA,Yucheng,2023,Leave_One_experiments\wth_generated_qc\YCA\YCA2023.WTH,normal_year;nitrogen_stress_year;low_response_year,normal,YCA2023_normal_grid_S0031,irrigation_positive_candidate,2023-07-10,191,28,23,"{""sim_day"": 28.0, ""doy"": 191.0, ""topwt"": 1176.824951171875, ""grnwt"": 0.0, ""xlai"": 1.6950247287750244, ""totir"": 0.0, ""tofer"": NaN, ""swfac"": 0.0, ""nstres"": 0.0}",0.0,0.0,1176.824951171875,0.0,1.6950247287750244,0.0,,0.0,0.0,30.0,180.0,24.955670166015626,36.95567016601562,Leave_One_experiments/all_year_offline_schedule_search/daily_outputs/YCA/YCA_2023_YCA2023_normal_grid_S0031_daily.csv
YCA,YCA,Yucheng,2023,Leave_One_experiments\wth_generated_qc\YCA\YCA2023.WTH,normal_year;nitrogen_stress_year;low_response_year,normal,YCA2023_normal_grid_S0031,irrigation_positive_candidate,2023-07-11,192,29,24,"{""sim_day"": 29.0, ""doy"": 192.0, ""topwt"": 1348.3351135253906, ""grnwt"": 0.0, ""xlai"": 1.8891968727111816, ""totir"": 0.0, ""tofer"": NaN, ""swfac"": 0.0, ""nstres"": 0.0}",0.0,0.0,1348.3351135253906,0.0,1.8891968727111816,0.0,,0.0,0.0,30.0,180.0,24.955670166015626,36.95567016601562,Leave_One_experiments/all_year_offline_schedule_search/daily_outputs/YCA/YCA_2023_YCA2023_normal_grid_S0031_daily.csv
YCA,YCA,Yucheng,2023,Leave_One_experiments\wth_generated_qc\YCA\YCA2023.WTH,normal_year;nitrogen_stress_year;low_response_year,normal,YCA2023_normal_grid_S0031,irrigation_positive_candidate,2023-07-12,193,30,25,"{""sim_day"": 30.0, ""doy"": 193.0, ""topwt"": 1532.1253967285156, ""grnwt"": 0.0, ""xlai"": 2.085511922836304, ""totir"": 0.0, ""tofer"": NaN, ""swfac"": 0.0, ""nstres"": 0.0}",0.0,0.0,1532.1253967285156,0.0,2.085511922836304,0.0,,0.0,0.0,30.0,180.0,24.955670166015626,36.95567016601562,Leave_One_experiments/all_year_offline_schedule_search/daily_outputs/YCA/YCA_2023_YCA2023_normal_grid_S0031_daily.csv
YCA,YCA,Yucheng,2023,Leave_One_experiments\wth_generated_qc\YCA\YCA2023.WTH,normal_year;nitrogen_stress_year;low_response_year,normal,YCA2023_normal_grid_S0031,irrigation_positive_candidate,2023-07-13,194,31,26,"{""sim_day"": 31.0, ""doy"": 194.0, ""topwt"": 1747.1784973144531, ""grnwt"": 0.0, ""xlai"": 2.300053358078003, ""totir"": 0.0, ""tofer"": NaN, ""swfac"": 0.0, ""nstres"": 0.0}",0.0,0.0,1747.1784973144531,0.0,2.300053358078003,0.0,,0.0,0.0,30.0,180.0,24.955670166015626,36.95567016601562,Leave_One_experiments/all_year_offline_schedule_search/daily_outputs/YCA/YCA_2023_YCA2023_normal_grid_S0031_daily.csv
YCA,YCA,Yucheng,2023,Leave_One_experiments\wth_generated_qc\YCA\YCA2023.WTH,normal_year;nitrogen_stress_year;low_response_year,normal,YCA2023_normal_grid_S0031,irrigation_positive_candidate,2023-07-14,195,32,27,"{""sim_day"": 32.0, ""doy"": 195.0, ""topwt"": 1968.3241271972656, ""grnwt"": 0.0, ""xlai"": 2.505388021469116, ""totir"": 0.0, ""tofer"": NaN, ""swfac"": 0.0, ""nstres"": 0.0}",0.0,0.0,1968.3241271972656,0.0,2.505388021469116,0.0,,0.0,0.0,30.0,180.0,24.955670166015626,36.95567016601562,Leave_One_experiments/all_year_offline_schedule_search/daily_outputs/YCA/YCA_2023_YCA2023_normal_grid_S0031_daily.csv
YCA,YCA,Yucheng,2023,Leave_One_experiments\wth_generated_qc\YCA\YCA2023.WTH,normal_year;nitrogen_stress_year;low_response_year,normal,YCA2023_normal_grid_S0031,irrigation_positive_candidate,2023-07-15,196,33,28,"{""sim_day"": 33.0, ""doy"": 196.0, ""topwt"": 2183.698272705078, ""grnwt"": 0.0, ""xlai"": 2.6919965744018555, ""totir"": 0.0, ""tofer"": NaN, ""swfac"": 0.0, ""nstres"": 0.0}",0.0,0.0,2183.698272705078,0.0,2.6919965744018555,0.0,,0.0,0.0,30.0,180.0,24.955670166015626,36.95567016601562,Leave_One_experiments/all_year_offline_schedule_search/daily_outputs/YCA/YCA_2023_YCA2023_normal_grid_S0031_daily.csv
YCA,YCA,Yucheng,2023,Leave_One_experiments\wth_generated_qc\YCA\YCA2023.WTH,normal_year;nitrogen_stress_year;low_response_year,normal,YCA2023_normal_grid_S0031,irrigation_positive_candidate,2023-07-16,197,34,29,"{""sim_day"": 34.0, ""doy"": 197.0, ""topwt"": 2416.9236755371094, ""grnwt"": 0.0, ""xlai"": 2.8801379203796387, ""totir"": 0.0, ""tofer"": NaN, ""swfac"": 0.0, ""nstres"": 0.0}",0.0,0.0,2416.9236755371094,0.0,2.8801379203796387,0.0,,0.0,0.0,30.0,180.0,24.955670166015626,36.95567016601562,Leave_One_experiments/all_year_offline_schedule_search/daily_outputs/YCA/YCA_2023_YCA2023_normal_grid_S0031_daily.csv
YCA,YCA,Yucheng,2023,Leave_One_experiments\wth_generated_qc\YCA\YCA2023.WTH,normal_year;nitrogen_stress_year;low_response_year,normal,YCA2023_normal_grid_S0031,irrigation_positive_candidate,2023-07-17,198,35,30,"{""sim_day"": 35.0, ""doy"": 198.0, ""topwt"": 2676.449279785156, ""grnwt"": 0.0, ""xlai"": 3.074209213256836, ""totir"": 0.0, ""tofer"": NaN, ""swfac"": 0.0, ""nstres"": 0.0}",0.0,0.0,2676.449279785156,0.0,3.074209213256836,0.0,,0.0,50.0,30.0,180.0,24.955670166015626,36.95567016601562,Leave_One_experiments/all_year_offline_schedule_search/daily_outputs/YCA/YCA_2023_YCA2023_normal_grid_S0031_daily.csv
YCA,YCA,Yucheng,2023,Leave_One_experiments\wth_generated_qc\YCA\YCA2023.WTH,normal_year;nitrogen_stress_year;low_response_year,normal,YCA2023_normal_grid_S0031,irrigation_positive_candidate,2023-07-18,199,36,31,"{""sim_day"": 36.0, ""doy"": 199.0, ""topwt"": 2963.1515502929688, ""grnwt"": 0.0, ""xlai"": 3.272267341613769, ""totir"": 0.0, ""tofer"": NaN, ""swfac"": 0.0, ""nstres"": 0.0}",0.0,0.0,2963.1515502929688,0.0,3.272267341613769,0.0,,0.0,0.0,30.0,180.0,24.955670166015626,36.95567016601562,Leave_One_experiments/all_year_offline_schedule_search/daily_outputs/YCA/YCA_2023_YCA2023_normal_grid_S0031_daily.csv
YCA,YCA,Yucheng,2023,Leave_One_experiments\wth_generated_qc\YCA\YCA2023.WTH,normal_year;nitrogen_stress_year;low_response_year,normal,YCA2023_normal_grid_S0031,irrigation_positive_candidate,2023-07-19,200,37,32,"{""sim_day"": 37.0, ""doy"": 200.0, ""topwt"": 3288.5287475585938, ""grnwt"": 0.0, ""xlai"": 3.4789319038391118, ""totir"": 0.0, ""tofer"": NaN, ""swfac"": 0.0, ""nstres"": 0.0}",0.0,0.0,3288.5287475585938,0.0,3.4789319038391118,0.0,,0.0,0.0,30.0,180.0,24.955670166015626,36.95567016601562,Leave_One_experiments/all_year_offline_schedule_search/daily_outputs/YCA/YCA_2023_YCA2023_normal_grid_S0031_daily.csv
YCA,YCA,Yucheng,2023,Leave_One_experiments\wth_generated_qc\YCA\YCA2023.WTH,normal_year;nitrogen_stress_year;low_response_year,normal,YCA2023_normal_grid_S0031,irrigation_positive_candidate,2023-07-20,201,38,33,"{""sim_day"": 38.0, ""doy"": 201.0, ""topwt"": 3383.003234863281, ""grnwt"": 0.0, ""xlai"": 3.5348222255706787, ""totir"": 0.0, ""tofer"": NaN, ""swfac"": 0.0, ""nstres"": 0.0}",0.0,0.0,3383.003234863281,0.0,3.5348222255706787,0.0,,0.0,0.0,30.0,180.0,24.955670166015626,36.95567016601562,Leave_One_experiments/all_year_offline_schedule_search/daily_outputs/YCA/YCA_2023_YCA2023_normal_grid_S0031_daily.csv
YCA,YCA,Yucheng,2023,Leave_One_experiments\wth_generated_qc\YCA\YCA2023.WTH,normal_year;nitrogen_stress_year;low_response_year,normal,YCA2023_normal_grid_S0031,irrigation_positive_candidate,2023-07-21,202,39,34,"{""sim_day"": 39.0, ""doy"": 202.0, ""topwt"": 3695.169982910156, ""grnwt"": 0.0, ""xlai"": 3.7069225311279297, ""totir"": 0.0, ""tofer"": NaN, ""swfac"": 0.0, ""nstres"": 0.0}",0.0,0.0,3695.169982910156,0.0,3.7069225311279297,0.0,,0.0,0.0,30.0,180.0,24.955670166015626,36.95567016601562,Leave_One_experiments/all_year_offline_schedule_search/daily_outputs/YCA/YCA_2023_YCA2023_normal_grid_S0031_daily.csv
YCA,YCA,Yucheng,2023,Leave_One_experiments\wth_generated_qc\YCA\YCA2023.WTH,normal_year;nitrogen_stress_year;low_response_year,normal,YCA2023_normal_grid_S0031,irrigation_positive_candidate,2023-07-22,203,40,35,"{""sim_day"": 40.0, ""doy"": 203.0, ""topwt"": 4071.3540649414062, ""grnwt"": 0.0, ""xlai"": 3.8981990814208975, ""totir"": 0.0, ""tofer"": NaN, ""swfac"": 0.0, ""nstres"": 0.0}",0.0,0.0,4071.3540649414062,0.0,3.8981990814208975,0.0,,0.0,0.0,30.0,180.0,24.955670166015626,36.95567016601562,Leave_One_experiments/all_year_offline_schedule_search/daily_outputs/YCA/YCA_2023_YCA2023_normal_grid_S0031_daily.csv
YCA,YCA,Yucheng,2023,Leave_One_experiments\wth_generated_qc\YCA\YCA2023.WTH,normal_year;nitrogen_stress_year;low_response_year,normal,YCA2023_normal_grid_S0031,irrigation_positive_candidate,2023-07-23,204,41,36,"{""sim_day"": 41.0, ""doy"": 204.0, ""topwt"": 4490.69580078125, ""grnwt"": 0.0, ""xlai"": 4.094925880432129, ""totir"": 0.0, ""tofer"": NaN, ""swfac"": 0.0, ""nstres"": 0.0}",0.0,0.0,4490.69580078125,0.0,4.094925880432129,0.0,,0.0,0.0,30.0,180.0,24.955670166015626,36.95567016601562,Leave_One_experiments/all_year_offline_schedule_search/daily_outputs/YCA/YCA_2023_YCA2023_normal_grid_S0031_daily.csv
YCA,YCA,Yucheng,2023,Leave_One_experiments\wth_generated_qc\YCA\YCA2023.WTH,normal_year;nitrogen_stress_year;low_response_year,normal,YCA2023_normal_grid_S0031,irrigation_positive_candidate,2023-07-24,205,42,37,"{""sim_day"": 42.0, ""doy"": 205.0, ""topwt"": 4934.332885742188, ""grnwt"": 0.0, ""xlai"": 4.284098148345947, ""totir"": 0.0, ""tofer"": NaN, ""swfac"": 0.0, ""nstres"": 0.0}",0.0,0.0,4934.332885742188,0.0,4.284098148345947,0.0,,0.0,0.0,30.0,180.0,24.955670166015626,36.95567016601562,Leave_One_experiments/all_year_offline_schedule_search/daily_outputs/YCA/YCA_2023_YCA2023_normal_grid_S0031_daily.csv
YCA,YCA,Yucheng,2023,Leave_One_experiments\wth_generated_qc\YCA\YCA2023.WTH,normal_year;nitrogen_stress_year;low_response_year,normal,YCA2023_normal_grid_S0031,irrigation_positive_candidate,2023-07-25,206,43,38,"{""sim_day"": 43.0, ""doy"": 206.0, ""topwt"": 5293.2257080078125, ""grnwt"": 0.0, ""xlai"": 4.417337417602539, ""totir"": 0.0, ""tofer"": NaN, ""swfac"": 0.0, ""nstres"": 0.0}",0.0,0.0,5293.2257080078125,0.0,4.417337417602539,0.0,,0.0,0.0,30.0,180.0,24.955670166015626,36.95567016601562,Leave_One_experiments/all_year_offline_schedule_search/daily_outputs/YCA/YCA_2023_YCA2023_normal_grid_S0031_daily.csv
YCA,YCA,Yucheng,2023,Leave_One_experiments\wth_generated_qc\YCA\YCA2023.WTH,normal_year;nitrogen_stress_year;low_response_year,normal,YCA2023_normal_grid_S0031,irrigation_positive_candidate,2023-07-26,207,44,39,"{""sim_day"": 44.0, ""doy"": 207.0, ""topwt"": 5752.242431640625, ""grnwt"": 0.0, ""xlai"": 4.571664810180664, ""totir"": 0.0, ""tofer"": NaN, ""swfac"": 0.0, ""nstres"": 0.0181548595428466}",0.0,0.0181548595428466,5752.242431640625,0.0,4.571664810180664,0.0,,0.0,0.0,30.0,180.0,24.955670166015626,36.95567016601562,Leave_One_experiments/all_year_offline_schedule_search/daily_outputs/YCA/YCA_2023_YCA2023_normal_grid_S0031_daily.csv
YCA,YCA,Yucheng,2023,Leave_One_experiments\wth_generated_qc\YCA\YCA2023.WTH,normal_year;nitrogen_stress_year;low_response_year,normal,YCA2023_normal_grid_S0031,irrigation_positive_candidate,2023-07-27,208,45,40,"{""sim_day"": 45.0, ""doy"": 208.0, ""topwt"": 6066.40625, ""grnwt"": 0.0, ""xlai"": 4.65626335144043, ""totir"": 0.0, ""tofer"": NaN, ""swfac"": 0.0, ""nstres"": 0.0396459102630615}",0.0,0.0396459102630615,6066.40625,0.0,4.65626335144043,0.0,,0.0,0.0,30.0,180.0,24.955670166015626,36.95567016601562,Leave_One_experiments/all_year_offline_schedule_search/daily_outputs/YCA/YCA_2023_YCA2023_normal_grid_S0031_daily.csv
YCA,YCA,Yucheng,2023,Leave_One_experiments\wth_generated_qc\YCA\YCA2023.WTH,normal_year;nitrogen_stress_year;low_response_year,normal,YCA2023_normal_grid_S0031,irrigation_positive_candidate,2023-07-28,209,46,41,"{""sim_day"": 46.0, ""doy"": 209.0, ""topwt"": 6372.589721679688, ""grnwt"": 0.0, ""xlai"": 4.775514125823975, ""totir"": 0.0, ""tofer"": NaN, ""swfac"": 0.0, ""nstres"": 0.0662367343902587}",0.0,0.0662367343902587,6372.589721679688,0.0,4.775514125823975,0.0,,0.0,0.0,30.0,180.0,24.955670166015626,36.95567016601562,Leave_One_experiments/all_year_offline_schedule_search/daily_outputs/YCA/YCA_2023_YCA2023_normal_grid_S0031_daily.csv
YCA,YCA,Yucheng,2023,Leave_One_experiments\wth_generated_qc\YCA\YCA2023.WTH,normal_year;nitrogen_stress_year;low_response_year,normal,YCA2023_normal_grid_S0031,irrigation_positive_candidate,2023-07-29,210,47,42,"{""sim_day"": 47.0, ""doy"": 210.0, ""topwt"": 6675.3204345703125, ""grnwt"": 0.0, ""xlai"": 4.849121570587158, ""totir"": 0.0, ""tofer"": NaN, ""swfac"": 0.0, ""nstres"": 0.0796972513198852}",0.0,0.0796972513198852,6675.3204345703125,0.0,4.849121570587158,0.0,,0.0,0.0,30.0,180.0,24.955670166015626,36.95567016601562,Leave_One_experiments/all_year_offline_schedule_search/daily_outputs/YCA/YCA_2023_YCA2023_normal_grid_S0031_daily.csv
YCA,YCA,Yucheng,2023,Leave_One_experiments\wth_generated_qc\YCA\YCA2023.WTH,normal_year;nitrogen_stress_year;low_response_year,normal,YCA2023_normal_grid_S0031,irrigation_positive_candidate,2023-07-30,211,48,43,"{""sim_day"": 48.0, ""doy"": 211.0, ""topwt"": 6974.6563720703125, ""grnwt"": 0.0, ""xlai"": 4.896891117095947, ""totir"": 0.0, ""tofer"": NaN, ""swfac"": 0.0, ""nstres"": 0.0916534066200256}",0.0,0.0916534066200256,6974.6563720703125,0.0,4.896891117095947,0.0,,0.0,0.0,30.0,180.0,24.955670166015626,36.95567016601562,Leave_One_experiments/all_year_offline_schedule_search/daily_outputs/YCA/YCA_2023_YCA2023_normal_grid_S0031_daily.csv
YCA,YCA,Yucheng,2023,Leave_One_experiments\wth_generated_qc\YCA\YCA2023.WTH,normal_year;nitrogen_stress_year;low_response_year,normal,YCA2023_normal_grid_S0031,irrigation_positive_candidate,2023-07-31,212,49,44,"{""sim_day"": 49.0, ""doy"": 212.0, ""topwt"": 7250.858154296875, ""grnwt"": 0.0, ""xlai"": 4.919336318969727, ""totir"": 0.0, ""tofer"": NaN, ""swfac"": 0.0, ""nstres"": 0.1016910076141357}",0.0,0.1016910076141357,7250.858154296875,0.0,4.919336318969727,0.0,,0.0,0.0,30.0,180.0,24.955670166015626,36.95567016601562,Leave_One_experiments/all_year_offline_schedule_search/daily_outputs/YCA/YCA_2023_YCA2023_normal_grid_S0031_daily.csv
YCA,YCA,Yucheng,2023,Leave_One_experiments\wth_generated_qc\YCA\YCA2023.WTH,normal_year;nitrogen_stress_year;low_response_year,normal,YCA2023_normal_grid_S0031,irrigation_positive_candidate,2023-08-01,213,50,45,"{""sim_day"": 50.0, ""doy"": 213.0, ""topwt"": 7581.165771484375, ""grnwt"": 0.0, ""xlai"": 4.944332122802734, ""totir"": 0.0, ""tofer"": NaN, ""swfac"": 0.0, ""nstres"": 0.1105446815490722}",0.0,0.1105446815490722,7581.165771484375,0.0,4.944332122802734,0.0,,0.0,0.0,30.0,180.0,24.955670166015626,36.95567016601562,Leave_One_experiments/all_year_offline_schedule_search/daily_outputs/YCA/YCA_2023_YCA2023_normal_grid_S0031_daily.csv
YCA,YCA,Yucheng,2023,Leave_One_experiments\wth_generated_qc\YCA\YCA2023.WTH,normal_year;nitrogen_stress_year;low_response_year,normal,YCA2023_normal_grid_S0031,irrigation_positive_candidate,2023-08-02,214,51,46,"{""sim_day"": 51.0, ""doy"": 214.0, ""topwt"": 7926.4508056640625, ""grnwt"": 0.0, ""xlai"": 4.962453365325928, ""totir"": 0.0, ""tofer"": NaN, ""swfac"": 0.0, ""nstres"": 0.1161776781082153}",0.0,0.1161776781082153,7926.4508056640625,0.0,4.962453365325928,0.0,,0.0,0.0,30.0,180.0,24.955670166015626,36.95567016601562,Leave_One_experiments/all_year_offline_schedule_search/daily_outputs/YCA/YCA_2023_YCA2023_normal_grid_S0031_daily.csv
YCA,YCA,Yucheng,2023,Leave_One_experiments\wth_generated_qc\YCA\YCA2023.WTH,normal_year;nitrogen_stress_year;low_response_year,normal,YCA2023_normal_grid_S0031,irrigation_positive_candidate,2023-08-03,215,52,47,"{""sim_day"": 52.0, ""doy"": 215.0, ""topwt"": 8262.022094726562, ""grnwt"": 0.0, ""xlai"": 4.968249320983887, ""totir"": 0.0, ""tofer"": NaN, ""swfac"": 0.0, ""nstres"": 0.1223773956298828}",0.0,0.1223773956298828,8262.022094726562,0.0,4.968249320983887,0.0,,0.0,0.0,30.0,180.0,24.955670166015626,36.95567016601562,Leave_One_experiments/all_year_offline_schedule_search/daily_outputs/YCA/YCA_2023_YCA2023_normal_grid_S0031_daily.csv
YCA,YCA,Yucheng,2023,Leave_One_experiments\wth_generated_qc\YCA\YCA2023.WTH,normal_year;nitrogen_stress_year;low_response_year,normal,YCA2023_normal_grid_S0031,irrigation_positive_candidate,2023-08-04,216,53,48,"{""sim_day"": 53.0, ""doy"": 216.0, ""topwt"": 8525.296020507812, ""grnwt"": 0.0, ""xlai"": 4.9486260414123535, ""totir"": 0.0, ""tofer"": NaN, ""swfac"": 0.0, ""nstres"": 0.129023790359497}",0.0,0.129023790359497,8525.296020507812,0.0,4.9486260414123535,0.0,,0.0,0.0,30.0,180.0,24.955670166015626,36.95567016601562,Leave_One_experiments/all_year_offline_schedule_search/daily_outputs/YCA/YCA_2023_YCA2023_normal_grid_S0031_daily.csv
YCA,YCA,Yucheng,2023,Leave_One_experiments\wth_generated_qc\YCA\YCA2023.WTH,normal_year;nitrogen_stress_year;low_response_year,normal,YCA2023_normal_grid_S0031,irrigation_positive_candidate,2023-08-05,217,54,49,"{""sim_day"": 54.0, ""doy"": 217.0, ""topwt"": 8785.355834960938, ""grnwt"": 0.0, ""xlai"": 4.925217151641846, ""totir"": 0.0, ""tofer"": NaN, ""swfac"": 0.0, ""nstres"": 0.1343079805374145}",0.0,0.1343079805374145,8785.355834960938,0.0,4.925217151641846,0.0,,0.0,0.0,30.0,180.0,24.955670166015626,36.95567016601562,Leave_One_experiments/all_year_offline_schedule_search/daily_outputs/YCA/YCA_2023_YCA2023_normal_grid_S0031_daily.csv
YCA,YCA,Yucheng,2023,Leave_One_experiments\wth_generated_qc\YCA\YCA2023.WTH,normal_year;nitrogen_stress_year;low_response_year,normal,YCA2023_normal_grid_S0031,irrigation_positive_candidate,2023-08-06,218,55,50,"{""sim_day"": 55.0, ""doy"": 218.0, ""topwt"": 9030.205688476562, ""grnwt"": 0.0, ""xlai"": 4.896677017211914, ""totir"": 0.0, ""tofer"": NaN, ""swfac"": 0.0, ""nstres"": 0.1374557018280029}",0.0,0.1374557018280029,9030.205688476562,0.0,4.896677017211914,0.0,,0.0,0.0,30.0,180.0,24.955670166015626,36.95567016601562,Leave_One_experiments/all_year_offline_schedule_search/daily_outputs/YCA/YCA_2023_YCA2023_normal_grid_S0031_daily.csv
YCA,YCA,Yucheng,2023,Leave_One_experiments\wth_generated_qc\YCA\YCA2023.WTH,normal_year;nitrogen_stress_year;low_response_year,normal,YCA2023_normal_grid_S0031,irrigation_positive_candidate,2023-08-07,219,56,51,"{""sim_day"": 56.0, ""doy"": 219.0, ""topwt"": 9298.704833984377, ""grnwt"": 0.0, ""xlai"": 4.874626159667969, ""totir"": 0.0, ""tofer"": NaN, ""swfac"": 0.0, ""nstres"": 0.1365275979042053}",0.0,0.1365275979042053,9298.704833984377,0.0,4.874626159667969,0.0,,0.0,0.0,30.0,180.0,24.955670166015626,36.95567016601562,Leave_One_experiments/all_year_offline_schedule_search/daily_outputs/YCA/YCA_2023_YCA2023_normal_grid_S0031_daily.csv
YCA,YCA,Yucheng,2023,Leave_One_experiments\wth_generated_qc\YCA\YCA2023.WTH,normal_year;nitrogen_stress_year;low_response_year,normal,YCA2023_normal_grid_S0031,irrigation_positive_candidate,2023-08-08,220,57,52,"{""sim_day"": 57.0, ""doy"": 220.0, ""topwt"": 9567.457275390623, ""grnwt"": 0.0, ""xlai"": 4.854675769805908, ""totir"": 0.0, ""tofer"": NaN, ""swfac"": 0.0, ""nstres"": 0.1337499618530273}",0.0,0.1337499618530273,9567.457275390623,0.0,4.854675769805908,0.0,,0.0,0.0,30.0,180.0,24.955670166015626,36.95567016601562,Leave_One_experiments/all_year_offline_schedule_search/daily_outputs/YCA/YCA_2023_YCA2023_normal_grid_S0031_daily.csv
YCA,YCA,Yucheng,2023,Leave_One_experiments\wth_generated_qc\YCA\YCA2023.WTH,normal_year;nitrogen_stress_year;low_response_year,normal,YCA2023_normal_grid_S0031,irrigation_positive_candidate,2023-08-09,221,58,53,"{""sim_day"": 58.0, ""doy"": 221.0, ""topwt"": 9944.9658203125, ""grnwt"": 0.0, ""xlai"": 4.772744655609131, ""totir"": 0.0, ""tofer"": NaN, ""swfac"": 0.0, ""nstres"": 0.1350132226943969}",0.0,0.1350132226943969,9944.9658203125,0.0,4.772744655609131,0.0,,0.0,0.0,30.0,180.0,24.955670166015626,36.95567016601562,Leave_One_experiments/all_year_offline_schedule_search/daily_outputs/YCA/YCA_2023_YCA2023_normal_grid_S0031_daily.csv
YCA,YCA,Yucheng,2023,Leave_One_experiments\wth_generated_qc\YCA\YCA2023.WTH,normal_year;nitrogen_stress_year;low_response_year,normal,YCA2023_normal_grid_S0031,irrigation_positive_candidate,2023-08-10,222,59,54,"{""sim_day"": 59.0, ""doy"": 222.0, ""topwt"": 10282.9931640625, ""grnwt"": 0.0, ""xlai"": 4.695346832275391, ""totir"": 0.0, ""tofer"": NaN, ""swfac"": 0.0, ""nstres"": 0.1297330260276794}",0.0,0.1297330260276794,10282.9931640625,0.0,4.695346832275391,0.0,,0.0,0.0,30.0,180.0,24.955670166015626,36.95567016601562,Leave_One_experiments/all_year_offline_schedule_search/daily_outputs/YCA/YCA_2023_YCA2023_normal_grid_S0031_daily.csv
YCA,YCA,Yucheng,2023,Leave_One_experiments\wth_generated_qc\YCA\YCA2023.WTH,normal_year;nitrogen_stress_year;low_response_year,normal,YCA2023_normal_grid_S0031,irrigation_positive_candidate,2023-08-11,223,60,55,"{""sim_day"": 60.0, ""doy"": 223.0, ""topwt"": 10324.77783203125, ""grnwt"": 0.0, ""xlai"": 4.619954586029053, ""totir"": 0.0, ""tofer"": NaN, ""swfac"": 0.0, ""nstres"": 0.1284534931182861}",0.0,0.1284534931182861,10324.77783203125,0.0,4.619954586029053,0.0,,0.0,0.0,30.0,180.0,24.955670166015626,36.95567016601562,Leave_One_experiments/all_year_offline_schedule_search/daily_outputs/YCA/YCA_2023_YCA2023_normal_grid_S0031_daily.csv
YCA,YCA,Yucheng,2023,Leave_One_experiments\wth_generated_qc\YCA\YCA2023.WTH,normal_year;nitrogen_stress_year;low_response_year,normal,YCA2023_normal_grid_S0031,irrigation_positive_candidate,2023-08-12,224,61,56,"{""sim_day"": 61.0, ""doy"": 224.0, ""topwt"": 10660.997314453123, ""grnwt"": 0.0, ""xlai"": 4.547921657562256, ""totir"": 0.0, ""tofer"": NaN, ""swfac"": 0.0, ""nstres"": 0.1247332692146301}",0.0,0.1247332692146301,10660.997314453123,0.0,4.547921657562256,0.0,,0.0,0.0,30.0,180.0,24.955670166015626,36.95567016601562,Leave_One_experiments/all_year_offline_schedule_search/daily_outputs/YCA/YCA_2023_YCA2023_normal_grid_S0031_daily.csv
YCA,YCA,Yucheng,2023,Leave_One_experiments\wth_generated_qc\YCA\YCA2023.WTH,normal_year;nitrogen_stress_year;low_response_year,normal,YCA2023_normal_grid_S0031,irrigation_positive_candidate,2023-08-13,225,62,57,"{""sim_day"": 62.0, ""doy"": 225.0, ""topwt"": 11021.705322265623, ""grnwt"": 0.0, ""xlai"": 4.483038902282715, ""totir"": 0.0, ""tofer"": NaN, ""swfac"": 0.0, ""nstres"": 0.114132285118103}",0.0,0.114132285118103,11021.705322265623,0.0,4.483038902282715,0.0,,0.0,0.0,30.0,180.0,24.955670166015626,36.95567016601562,Leave_One_experiments/all_year_offline_schedule_search/daily_outputs/YCA/YCA_2023_YCA2023_normal_grid_S0031_daily.csv
YCA,YCA,Yucheng,2023,Leave_One_experiments\wth_generated_qc\YCA\YCA2023.WTH,normal_year;nitrogen_stress_year;low_response_year,normal,YCA2023_normal_grid_S0031,irrigation_positive_candidate,2023-08-14,226,63,58,"{""sim_day"": 63.0, ""doy"": 226.0, ""topwt"": 11377.802734375, ""grnwt"": 0.0, ""xlai"": 4.422262191772461, ""totir"": 0.0, ""tofer"": NaN, ""swfac"": 0.0, ""nstres"": 0.1084562540054321}",0.0,0.1084562540054321,11377.802734375,0.0,4.422262191772461,0.0,,0.0,0.0,30.0,180.0,24.955670166015626,36.95567016601562,Leave_One_experiments/all_year_offline_schedule_search/daily_outputs/YCA/YCA_2023_YCA2023_normal_grid_S0031_daily.csv
YCA,YCA,Yucheng,2023,Leave_One_experiments\wth_generated_qc\YCA\YCA2023.WTH,normal_year;nitrogen_stress_year;low_response_year,normal,YCA2023_normal_grid_S0031,irrigation_positive_candidate,2023-08-15,227,64,59,"{""sim_day"": 64.0, ""doy"": 227.0, ""topwt"": 11717.786865234377, ""grnwt"": 0.0, ""xlai"": 4.365816116333008, ""totir"": 0.0, ""tofer"": NaN, ""swfac"": 0.0, ""nstres"": 0.1021113991737365}",0.0,0.1021113991737365,11717.786865234377,0.0,4.365816116333008,0.0,,0.0,0.0,30.0,180.0,24.955670166015626,36.95567016601562,Leave_One_experiments/all_year_offline_schedule_search/daily_outputs/YCA/YCA_2023_YCA2023_normal_grid_S0031_daily.csv
YCA,YCA,Yucheng,2023,Leave_One_experiments\wth_generated_qc\YCA\YCA2023.WTH,normal_year;nitrogen_stress_year;low_response_year,normal,YCA2023_normal_grid_S0031,irrigation_positive_candidate,2023-08-16,228,65,60,"{""sim_day"": 65.0, ""doy"": 228.0, ""topwt"": 12030.052490234377, ""grnwt"": 0.0, ""xlai"": 4.314354419708252, ""totir"": 0.0, ""tofer"": NaN, ""swfac"": 0.0, ""nstres"": 0.0943002700805664}",0.0,0.0943002700805664,12030.052490234377,0.0,4.314354419708252,0.0,,0.0,50.0,30.0,180.0,24.955670166015626,36.95567016601562,Leave_One_experiments/all_year_offline_schedule_search/daily_outputs/YCA/YCA_2023_YCA2023_normal_grid_S0031_daily.csv
YCA,YCA,Yucheng,2023,Leave_One_experiments\wth_generated_qc\YCA\YCA2023.WTH,normal_year;nitrogen_stress_year;low_response_year,normal,YCA2023_normal_grid_S0031,irrigation_positive_candidate,2023-08-17,229,66,61,"{""sim_day"": 66.0, ""doy"": 229.0, ""topwt"": 12176.806640625, ""grnwt"": 267.45994567871094, ""xlai"": 4.292065620422363, ""totir"": 0.0, ""tofer"": NaN, ""swfac"": 0.0, ""nstres"": 0.0413290858268737}",0.0,0.0413290858268737,12176.806640625,267.45994567871094,4.292065620422363,0.0,,0.0,0.0,30.0,180.0,24.955670166015626,36.95567016601562,Leave_One_experiments/all_year_offline_schedule_search/daily_outputs/YCA/YCA_2023_YCA2023_normal_grid_S0031_daily.csv
YCA,YCA,Yucheng,2023,Leave_One_experiments\wth_generated_qc\YCA\YCA2023.WTH,normal_year;nitrogen_stress_year;low_response_year,normal,YCA2023_normal_grid_S0031,irrigation_positive_candidate,2023-08-18,230,67,62,"{""sim_day"": 67.0, ""doy"": 230.0, ""topwt"": 12431.080322265623, ""grnwt"": 518.2036209106445, ""xlai"": 4.281308650970459, ""totir"": 0.0, ""tofer"": NaN, ""swfac"": 0.0, ""nstres"": 0.0200492143630981}",0.0,0.0200492143630981,12431.080322265623,518.2036209106445,4.281308650970459,0.0,,0.0,0.0,30.0,180.0,24.955670166015626,36.95567016601562,Leave_One_experiments/all_year_offline_schedule_search/daily_outputs/YCA/YCA_2023_YCA2023_normal_grid_S0031_daily.csv
YCA,YCA,Yucheng,2023,Leave_One_experiments\wth_generated_qc\YCA\YCA2023.WTH,normal_year;nitrogen_stress_year;low_response_year,normal,YCA2023_normal_grid_S0031,irrigation_positive_candidate,2023-08-19,231,68,63,"{""sim_day"": 68.0, ""doy"": 231.0, ""topwt"": 12663.4765625, ""grnwt"": 774.5194244384766, ""xlai"": 4.271673679351807, ""totir"": 0.0, ""tofer"": NaN, ""swfac"": 0.0, ""nstres"": 0.0}",0.0,0.0,12663.4765625,774.5194244384766,4.271673679351807,0.0,,0.0,0.0,30.0,180.0,24.955670166015626,36.95567016601562,Leave_One_experiments/all_year_offline_schedule_search/daily_outputs/YCA/YCA_2023_YCA2023_normal_grid_S0031_daily.csv
YCA,YCA,Yucheng,2023,Leave_One_experiments\wth_generated_qc\YCA\YCA2023.WTH,normal_year;nitrogen_stress_year;low_response_year,normal,YCA2023_normal_grid_S0031,irrigation_positive_candidate,2023-08-20,232,69,64,"{""sim_day"": 69.0, ""doy"": 232.0, ""topwt"": 13007.877197265623, ""grnwt"": 1067.9823303222656, ""xlai"": 4.262389659881592, ""totir"": 0.0, ""tofer"": NaN, ""swfac"": 0.0, ""nstres"": 0.0}",0.0,0.0,13007.877197265623,1067.9823303222656,4.262389659881592,0.0,,0.0,0.0,30.0,180.0,24.955670166015626,36.95567016601562,Leave_One_experiments/all_year_offline_schedule_search/daily_outputs/YCA/YCA_2023_YCA2023_normal_grid_S0031_daily.csv
YCA,YCA,Yucheng,2023,Leave_One_experiments\wth_generated_qc\YCA\YCA2023.WTH,normal_year;nitrogen_stress_year;low_response_year,normal,YCA2023_normal_grid_S0031,irrigation_positive_candidate,2023-08-21,233,70,65,"{""sim_day"": 70.0, ""doy"": 233.0, ""topwt"": 13395.21240234375, ""grnwt"": 1365.159912109375, ""xlai"": 4.253442287445068, ""totir"": 30.0, ""tofer"": NaN, ""swfac"": 0.0, ""nstres"": 0.0}",0.0,0.0,13395.21240234375,1365.159912109375,4.253442287445068,30.0,,30.0,0.0,30.0,180.0,24.955670166015626,36.95567016601562,Leave_One_experiments/all_year_offline_schedule_search/daily_outputs/YCA/YCA_2023_YCA2023_normal_grid_S0031_daily.csv
YCA,YCA,Yucheng,2023,Leave_One_experiments\wth_generated_qc\YCA\YCA2023.WTH,normal_year;nitrogen_stress_year;low_response_year,normal,YCA2023_normal_grid_S0031,irrigation_positive_candidate,2023-08-22,234,71,66,"{""sim_day"": 71.0, ""doy"": 234.0, ""topwt"": 13692.39013671875, ""grnwt"": 1662.337646484375, ""xlai"": 4.244818687438965, ""totir"": 30.0, ""tofer"": NaN, ""swfac"": 0.0, ""nstres"": 0.0}",0.0,0.0,13692.39013671875,1662.337646484375,4.244818687438965,30.0,,0.0,0.0,30.0,180.0,24.955670166015626,36.95567016601562,Leave_One_experiments/all_year_offline_schedule_search/daily_outputs/YCA/YCA_2023_YCA2023_normal_grid_S0031_daily.csv
YCA,YCA,Yucheng,2023,Leave_One_experiments\wth_generated_qc\YCA\YCA2023.WTH,normal_year;nitrogen_stress_year;low_response_year,normal,YCA2023_normal_grid_S0031,irrigation_positive_candidate,2023-08-23,235,72,67,"{""sim_day"": 72.0, ""doy"": 235.0, ""topwt"": 13975.355224609377, ""grnwt"": 1959.5152282714844, ""xlai"": 4.236505031585693, ""totir"": 30.0, ""tofer"": NaN, ""swfac"": 0.0, ""nstres"": 0.0}",0.0,0.0,13975.355224609377,1959.5152282714844,4.236505031585693,30.0,,0.0,0.0,30.0,180.0,24.955670166015626,36.95567016601562,Leave_One_experiments/all_year_offline_schedule_search/daily_outputs/YCA/YCA_2023_YCA2023_normal_grid_S0031_daily.csv
YCA,YCA,Yucheng,2023,Leave_One_experiments\wth_generated_qc\YCA\YCA2023.WTH,normal_year;nitrogen_stress_year;low_response_year,normal,YCA2023_normal_grid_S0031,irrigation_positive_candidate,2023-08-24,236,73,68,"{""sim_day"": 73.0, ""doy"": 236.0, ""topwt"": 14286.74560546875, ""grnwt"": 2256.6929626464844, ""xlai"": 4.228489875793457, ""totir"": 30.0, ""tofer"": NaN, ""swfac"": 0.0, ""nstres"": 0.0}",0.0,0.0,14286.74560546875,2256.6929626464844,4.228489875793457,30.0,,0.0,0.0,30.0,180.0,24.955670166015626,36.95567016601562,Leave_One_experiments/all_year_offline_schedule_search/daily_outputs/YCA/YCA_2023_YCA2023_normal_grid_S0031_daily.csv
YCA,YCA,Yucheng,2023,Leave_One_experiments\wth_generated_qc\YCA\YCA2023.WTH,normal_year;nitrogen_stress_year;low_response_year,normal,YCA2023_normal_grid_S0031,irrigation_positive_candidate,2023-08-25,237,74,69,"{""sim_day"": 74.0, ""doy"": 237.0, ""topwt"": 14337.60498046875, ""grnwt"": 2553.8706970214844, ""xlai"": 4.220760345458984, ""totir"": 30.0, ""tofer"": NaN, ""swfac"": 0.0, ""nstres"": 0.0}",0.0,0.0,14337.60498046875,2553.8706970214844,4.220760345458984,30.0,,0.0,0.0,30.0,180.0,24.955670166015626,36.95567016601562,Leave_One_experiments/all_year_offline_schedule_search/daily_outputs/YCA/YCA_2023_YCA2023_normal_grid_S0031_daily.csv
YCA,YCA,Yucheng,2023,Leave_One_experiments\wth_generated_qc\YCA\YCA2023.WTH,normal_year;nitrogen_stress_year;low_response_year,normal,YCA2023_normal_grid_S0031,irrigation_positive_candidate,2023-08-26,238,75,70,"{""sim_day"": 75.0, ""doy"": 238.0, ""topwt"": 14653.409423828123, ""grnwt"": 2851.048583984375, ""xlai"": 4.213305950164795, ""totir"": 30.0, ""tofer"": NaN, ""swfac"": 0.0, ""nstres"": 0.0034263134002685}",0.0,0.0034263134002685,14653.409423828123,2851.048583984375,4.213305950164795,30.0,,0.0,0.0,30.0,180.0,24.955670166015626,36.95567016601562,Leave_One_experiments/all_year_offline_schedule_search/daily_outputs/YCA/YCA_2023_YCA2023_normal_grid_S0031_daily.csv
YCA,YCA,Yucheng,2023,Leave_One_experiments\wth_generated_qc\YCA\YCA2023.WTH,normal_year;nitrogen_stress_year;low_response_year,normal,YCA2023_normal_grid_S0031,irrigation_positive_candidate,2023-08-27,239,76,71,"{""sim_day"": 76.0, ""doy"": 239.0, ""topwt"": 14989.053955078123, ""grnwt"": 3148.226318359375, ""xlai"": 4.206116199493408, ""totir"": 30.0, ""tofer"": NaN, ""swfac"": 0.0, ""nstres"": 0.0}",0.0,0.0,14989.053955078123,3148.226318359375,4.206116199493408,30.0,,0.0,0.0,30.0,180.0,24.955670166015626,36.95567016601562,Leave_One_experiments/all_year_offline_schedule_search/daily_outputs/YCA/YCA_2023_YCA2023_normal_grid_S0031_daily.csv
YCA,YCA,Yucheng,2023,Leave_One_experiments\wth_generated_qc\YCA\YCA2023.WTH,normal_year;nitrogen_stress_year;low_response_year,normal,YCA2023_normal_grid_S0031,irrigation_positive_candidate,2023-08-28,240,77,72,"{""sim_day"": 77.0, ""doy"": 240.0, ""topwt"": 15380.27587890625, ""grnwt"": 3445.404052734375, ""xlai"": 4.199180603027344, ""totir"": 30.0, ""tofer"": NaN, ""swfac"": 0.0, ""nstres"": 0.0052679777145385}",0.0,0.0052679777145385,15380.27587890625,3445.404052734375,4.199180603027344,30.0,,0.0,0.0,30.0,180.0,24.955670166015626,36.95567016601562,Leave_One_experiments/all_year_offline_schedule_search/daily_outputs/YCA/YCA_2023_YCA2023_normal_grid_S0031_daily.csv
YCA,YCA,Yucheng,2023,Leave_One_experiments\wth_generated_qc\YCA\YCA2023.WTH,normal_year;nitrogen_stress_year;low_response_year,normal,YCA2023_normal_grid_S0031,irrigation_positive_candidate,2023-08-29,241,78,73,"{""sim_day"": 78.0, ""doy"": 241.0, ""topwt"": 15753.895263671877, ""grnwt"": 3742.581787109375, ""xlai"": 4.1909661293029785, ""totir"": 30.0, ""tofer"": NaN, ""swfac"": 0.0, ""nstres"": 0.0156502723693847}",0.0,0.0156502723693847,15753.895263671877,3742.581787109375,4.1909661293029785,30.0,,0.0,0.0,30.0,180.0,24.955670166015626,36.95567016601562,Leave_One_experiments/all_year_offline_schedule_search/daily_outputs/YCA/YCA_2023_YCA2023_normal_grid_S0031_daily.csv
YCA,YCA,Yucheng,2023,Leave_One_experiments\wth_generated_qc\YCA\YCA2023.WTH,normal_year;nitrogen_stress_year;low_response_year,normal,YCA2023_normal_grid_S0031,irrigation_positive_candidate,2023-08-30,242,79,74,"{""sim_day"": 79.0, ""doy"": 242.0, ""topwt"": 16069.81201171875, ""grnwt"": 4039.759521484375, ""xlai"": 4.1755690574646, ""totir"": 30.0, ""tofer"": NaN, ""swfac"": 0.0, ""nstres"": 0.0293910503387451}",0.0,0.0293910503387451,16069.81201171875,4039.759521484375,4.1755690574646,30.0,,0.0,0.0,30.0,180.0,24.955670166015626,36.95567016601562,Leave_One_experiments/all_year_offline_schedule_search/daily_outputs/YCA/YCA_2023_YCA2023_normal_grid_S0031_daily.csv
YCA,YCA,Yucheng,2023,Leave_One_experiments\wth_generated_qc\YCA\YCA2023.WTH,normal_year;nitrogen_stress_year;low_response_year,normal,YCA2023_normal_grid_S0031,irrigation_positive_candidate,2023-08-31,243,80,75,"{""sim_day"": 80.0, ""doy"": 243.0, ""topwt"": 16366.98974609375, ""grnwt"": 4336.936950683594, ""xlai"": 4.153987884521484, ""totir"": 30.0, ""tofer"": NaN, ""swfac"": 0.0, ""nstres"": 0.0413478016853332}",0.0,0.0413478016853332,16366.98974609375,4336.936950683594,4.153987884521484,30.0,,0.0,0.0,30.0,180.0,24.955670166015626,36.95567016601562,Leave_One_experiments/all_year_offline_schedule_search/daily_outputs/YCA/YCA_2023_YCA2023_normal_grid_S0031_daily.csv
YCA,YCA,Yucheng,2023,Leave_One_experiments\wth_generated_qc\YCA\YCA2023.WTH,normal_year;nitrogen_stress_year;low_response_year,normal,YCA2023_normal_grid_S0031,irrigation_positive_candidate,2023-09-01,244,81,76,"{""sim_day"": 81.0, ""doy"": 244.0, ""topwt"": 16664.16748046875, ""grnwt"": 4634.114685058594, ""xlai"": 4.127655029296875, ""totir"": 30.0, ""tofer"": NaN, ""swfac"": 0.0, ""nstres"": 0.0507125854492187}",0.0,0.0507125854492187,16664.16748046875,4634.114685058594,4.127655029296875,30.0,,0.0,0.0,30.0,180.0,24.955670166015626,36.95567016601562,Leave_One_experiments/all_year_offline_schedule_search/daily_outputs/YCA/YCA_2023_YCA2023_normal_grid_S0031_daily.csv
YCA,YCA,Yucheng,2023,Leave_One_experiments\wth_generated_qc\YCA\YCA2023.WTH,normal_year;nitrogen_stress_year;low_response_year,normal,YCA2023_normal_grid_S0031,irrigation_positive_candidate,2023-09-02,245,82,77,"{""sim_day"": 82.0, ""doy"": 245.0, ""topwt"": 16961.34521484375, ""grnwt"": 4931.292419433594, ""xlai"": 4.096719741821289, ""totir"": 30.0, ""tofer"": NaN, ""swfac"": 0.0, ""nstres"": 0.059956669807434}",0.0,0.059956669807434,16961.34521484375,4931.292419433594,4.096719741821289,30.0,,0.0,0.0,30.0,180.0,24.955670166015626,36.95567016601562,Leave_One_experiments/all_year_offline_schedule_search/daily_outputs/YCA/YCA_2023_YCA2023_normal_grid_S0031_daily.csv
YCA,YCA,Yucheng,2023,Leave_One_experiments\wth_generated_qc\YCA\YCA2023.WTH,normal_year;nitrogen_stress_year;low_response_year,normal,YCA2023_normal_grid_S0031,irrigation_positive_candidate,2023-09-03,246,83,78,"{""sim_day"": 83.0, ""doy"": 246.0, ""topwt"": 17256.6650390625, ""grnwt"": 5226.612548828125, ""xlai"": 4.061546325683594, ""totir"": 30.0, ""tofer"": NaN, ""swfac"": 0.0, ""nstres"": 0.0686860084533691}",0.0,0.0686860084533691,17256.6650390625,5226.612548828125,4.061546325683594,30.0,,0.0,0.0,30.0,180.0,24.955670166015626,36.95567016601562,Leave_One_experiments/all_year_offline_schedule_search/daily_outputs/YCA/YCA_2023_YCA2023_normal_grid_S0031_daily.csv
YCA,YCA,Yucheng,2023,Leave_One_experiments\wth_generated_qc\YCA\YCA2023.WTH,normal_year;nitrogen_stress_year;low_response_year,normal,YCA2023_normal_grid_S0031,irrigation_positive_candidate,2023-09-04,247,84,79,"{""sim_day"": 84.0, ""doy"": 247.0, ""topwt"": 17553.8427734375, ""grnwt"": 5523.790283203125, ""xlai"": 4.021765232086182, ""totir"": 30.0, ""tofer"": NaN, ""swfac"": 0.0, ""nstres"": 0.0783559083938598}",0.0,0.0783559083938598,17553.8427734375,5523.790283203125,4.021765232086182,30.0,,0.0,0.0,30.0,180.0,24.955670166015626,36.95567016601562,Leave_One_experiments/all_year_offline_schedule_search/daily_outputs/YCA/YCA_2023_YCA2023_normal_grid_S0031_daily.csv
YCA,YCA,Yucheng,2023,Leave_One_experiments\wth_generated_qc\YCA\YCA2023.WTH,normal_year;nitrogen_stress_year;low_response_year,normal,YCA2023_normal_grid_S0031,irrigation_positive_candidate,2023-09-05,248,85,80,"{""sim_day"": 85.0, ""doy"": 248.0, ""topwt"": 17851.021728515625, ""grnwt"": 5820.968017578125, ""xlai"": 3.9269092082977295, ""totir"": 30.0, ""tofer"": NaN, ""swfac"": 0.0, ""nstres"": 0.0894672870635986}",0.0,0.0894672870635986,17851.021728515625,5820.968017578125,3.9269092082977295,30.0,,0.0,0.0,30.0,180.0,24.955670166015626,36.95567016601562,Leave_One_experiments/all_year_offline_schedule_search/daily_outputs/YCA/YCA_2023_YCA2023_normal_grid_S0031_daily.csv
YCA,YCA,Yucheng,2023,Leave_One_experiments\wth_generated_qc\YCA\YCA2023.WTH,normal_year;nitrogen_stress_year;low_response_year,normal,YCA2023_normal_grid_S0031,irrigation_positive_candidate,2023-09-06,249,86,81,"{""sim_day"": 86.0, ""doy"": 249.0, ""topwt"": 18148.199462890625, ""grnwt"": 6118.145751953125, ""xlai"": 3.77796483039856, ""totir"": 30.0, ""tofer"": NaN, ""swfac"": 0.0, ""nstres"": 0.1002830266952514}",0.0,0.1002830266952514,18148.199462890625,6118.145751953125,3.77796483039856,30.0,,0.0,0.0,30.0,180.0,24.955670166015626,36.95567016601562,Leave_One_experiments/all_year_offline_schedule_search/daily_outputs/YCA/YCA_2023_YCA2023_normal_grid_S0031_daily.csv
YCA,YCA,Yucheng,2023,Leave_One_experiments\wth_generated_qc\YCA\YCA2023.WTH,normal_year;nitrogen_stress_year;low_response_year,normal,YCA2023_normal_grid_S0031,irrigation_positive_candidate,2023-09-07,250,87,82,"{""sim_day"": 87.0, ""doy"": 250.0, ""topwt"": 18445.3759765625, ""grnwt"": 6415.323486328125, ""xlai"": 3.618464708328247, ""totir"": 30.0, ""tofer"": NaN, ""swfac"": 0.0, ""nstres"": 0.1119201183319091}",0.0,0.1119201183319091,18445.3759765625,6415.323486328125,3.618464708328247,30.0,,0.0,0.0,30.0,180.0,24.955670166015626,36.95567016601562,Leave_One_experiments/all_year_offline_schedule_search/daily_outputs/YCA/YCA_2023_YCA2023_normal_grid_S0031_daily.csv
YCA,YCA,Yucheng,2023,Leave_One_experiments\wth_generated_qc\YCA\YCA2023.WTH,normal_year;nitrogen_stress_year;low_response_year,normal,YCA2023_normal_grid_S0031,irrigation_positive_candidate,2023-09-08,251,88,83,"{""sim_day"": 88.0, ""doy"": 251.0, ""topwt"": 18742.5537109375, ""grnwt"": 6712.501220703125, ""xlai"": 3.4456982612609863, ""totir"": 30.0, ""tofer"": NaN, ""swfac"": 0.0, ""nstres"": 0.1239137053489685}",0.0,0.1239137053489685,18742.5537109375,6712.501220703125,3.4456982612609863,30.0,,0.0,0.0,30.0,180.0,24.955670166015626,36.95567016601562,Leave_One_experiments/all_year_offline_schedule_search/daily_outputs/YCA/YCA_2023_YCA2023_normal_grid_S0031_daily.csv
YCA,YCA,Yucheng,2023,Leave_One_experiments\wth_generated_qc\YCA\YCA2023.WTH,normal_year;nitrogen_stress_year;low_response_year,normal,YCA2023_normal_grid_S0031,irrigation_positive_candidate,2023-09-09,252,89,84,"{""sim_day"": 89.0, ""doy"": 252.0, ""topwt"": 18904.17358398437, ""grnwt"": 7009.678955078125, ""xlai"": 3.271759510040283, ""totir"": 30.0, ""tofer"": NaN, ""swfac"": 0.0, ""nstres"": 0.1373913288116455}",0.0,0.1373913288116455,18904.17358398437,7009.678955078125,3.271759510040283,30.0,,0.0,0.0,30.0,180.0,24.955670166015626,36.95567016601562,Leave_One_experiments/all_year_offline_schedule_search/daily_outputs/YCA/YCA_2023_YCA2023_normal_grid_S0031_daily.csv
YCA,YCA,Yucheng,2023,Leave_One_experiments\wth_generated_qc\YCA\YCA2023.WTH,normal_year;nitrogen_stress_year;low_response_year,normal,YCA2023_normal_grid_S0031,irrigation_positive_candidate,2023-09-10,253,90,85,"{""sim_day"": 90.0, ""doy"": 253.0, ""topwt"": 19054.581298828125, ""grnwt"": 7306.856689453125, ""xlai"": 3.0917277336120605, ""totir"": 30.0, ""tofer"": NaN, ""swfac"": 0.0, ""nstres"": 0.1513369679450988}",0.0,0.1513369679450988,19054.581298828125,7306.856689453125,3.0917277336120605,30.0,,0.0,0.0,30.0,180.0,24.955670166015626,36.95567016601562,Leave_One_experiments/all_year_offline_schedule_search/daily_outputs/YCA/YCA_2023_YCA2023_normal_grid_S0031_daily.csv
YCA,YCA,Yucheng,2023,Leave_One_experiments\wth_generated_qc\YCA\YCA2023.WTH,normal_year;nitrogen_stress_year;low_response_year,normal,YCA2023_normal_grid_S0031,irrigation_positive_candidate,2023-09-11,254,91,86,"{""sim_day"": 91.0, ""doy"": 254.0, ""topwt"": 19177.408447265625, ""grnwt"": 7604.034423828125, ""xlai"": 2.923956155776977, ""totir"": 30.0, ""tofer"": NaN, ""swfac"": 0.0, ""nstres"": 0.159021258354187}",0.0,0.159021258354187,19177.408447265625,7604.034423828125,2.923956155776977,30.0,,0.0,0.0,30.0,180.0,24.955670166015626,36.95567016601562,Leave_One_experiments/all_year_offline_schedule_search/daily_outputs/YCA/YCA_2023_YCA2023_normal_grid_S0031_daily.csv
YCA,YCA,Yucheng,2023,Leave_One_experiments\wth_generated_qc\YCA\YCA2023.WTH,normal_year;nitrogen_stress_year;low_response_year,normal,YCA2023_normal_grid_S0031,irrigation_positive_candidate,2023-09-12,255,92,87,"{""sim_day"": 92.0, ""doy"": 255.0, ""topwt"": 19500.115966796875, ""grnwt"": 7901.212158203125, ""xlai"": 2.750608444213867, ""totir"": 30.0, ""tofer"": NaN, ""swfac"": 0.0, ""nstres"": 0.1667280793190002}",0.0,0.1667280793190002,19500.115966796875,7901.212158203125,2.750608444213867,30.0,,0.0,0.0,30.0,180.0,24.955670166015626,36.95567016601562,Leave_One_experiments/all_year_offline_schedule_search/daily_outputs/YCA/YCA_2023_YCA2023_normal_grid_S0031_daily.csv
YCA,YCA,Yucheng,2023,Leave_One_experiments\wth_generated_qc\YCA\YCA2023.WTH,normal_year;nitrogen_stress_year;low_response_year,normal,YCA2023_normal_grid_S0031,irrigation_positive_candidate,2023-09-13,256,93,88,"{""sim_day"": 93.0, ""doy"": 256.0, ""topwt"": 19816.3623046875, ""grnwt"": 8198.389892578125, ""xlai"": 2.588270425796509, ""totir"": 30.0, ""tofer"": NaN, ""swfac"": 0.0, ""nstres"": 0.1743831634521484}",0.0,0.1743831634521484,19816.3623046875,8198.389892578125,2.588270425796509,30.0,,0.0,0.0,30.0,180.0,24.955670166015626,36.95567016601562,Leave_One_experiments/all_year_offline_schedule_search/daily_outputs/YCA/YCA_2023_YCA2023_normal_grid_S0031_daily.csv
YCA,YCA,Yucheng,2023,Leave_One_experiments\wth_generated_qc\YCA\YCA2023.WTH,normal_year;nitrogen_stress_year;low_response_year,normal,YCA2023_normal_grid_S0031,irrigation_positive_candidate,2023-09-14,257,94,89,"{""sim_day"": 94.0, ""doy"": 257.0, ""topwt"": 20114.40185546875, ""grnwt"": 8495.567016601562, ""xlai"": 2.401261568069458, ""totir"": 30.0, ""tofer"": NaN, ""swfac"": 0.0, ""nstres"": 0.1939553618431091}",0.0,0.1939553618431091,20114.40185546875,8495.567016601562,2.401261568069458,30.0,,0.0,0.0,30.0,180.0,24.955670166015626,36.95567016601562,Leave_One_experiments/all_year_offline_schedule_search/daily_outputs/YCA/YCA_2023_YCA2023_normal_grid_S0031_daily.csv
YCA,YCA,Yucheng,2023,Leave_One_experiments\wth_generated_qc\YCA\YCA2023.WTH,normal_year;nitrogen_stress_year;low_response_year,normal,YCA2023_normal_grid_S0031,irrigation_positive_candidate,2023-09-15,258,95,90,"{""sim_day"": 95.0, ""doy"": 258.0, ""topwt"": 20114.40185546875, ""grnwt"": 8495.567016601562, ""xlai"": 2.401261568069458, ""totir"": 30.0, ""tofer"": NaN, ""swfac"": 0.0, ""nstres"": 0.2377294898033142}",0.0,0.2377294898033142,20114.40185546875,8495.567016601562,2.401261568069458,30.0,,0.0,0.0,30.0,180.0,24.955670166015626,36.95567016601562,Leave_One_experiments/all_year_offline_schedule_search/daily_outputs/YCA/YCA_2023_YCA2023_normal_grid_S0031_daily.csv
YCA,YCA,Yucheng,2023,Leave_One_experiments\wth_generated_qc\YCA\YCA2023.WTH,normal_year;nitrogen_stress_year;low_response_year,normal,YCA2023_normal_grid_S0031,irrigation_positive_candidate,2023-09-16,259,96,91,"{""sim_day"": 96.0, ""doy"": 259.0, ""topwt"": 20114.40185546875, ""grnwt"": 8495.567016601562, ""xlai"": 2.401261568069458, ""totir"": 30.0, ""tofer"": NaN, ""swfac"": 0.0, ""nstres"": 0.2377294898033142}",0.0,0.2377294898033142,20114.40185546875,8495.567016601562,2.401261568069458,30.0,,0.0,0.0,30.0,180.0,24.955670166015626,36.95567016601562,Leave_One_experiments/all_year_offline_schedule_search/daily_outputs/YCA/YCA_2023_YCA2023_normal_grid_S0031_daily.csv
YCA,YCA,Yucheng,2023,Leave_One_experiments\wth_generated_qc\YCA\YCA2023.WTH,normal_year;nitrogen_stress_year;low_response_year,normal,YCA2023_normal_grid_S0031,irrigation_positive_candidate,2023-09-17,260,97,92,"{""sim_day"": 97.0, ""doy"": 260.0, ""topwt"": 20114.40185546875, ""grnwt"": 8495.567016601562, ""xlai"": 2.401261568069458, ""totir"": 30.0, ""tofer"": NaN, ""swfac"": 0.0, ""nstres"": 0.2377294898033142}",0.0,0.2377294898033142,20114.40185546875,8495.567016601562,2.401261568069458,30.0,,0.0,0.0,30.0,180.0,24.955670166015626,36.95567016601562,Leave_One_experiments/all_year_offline_schedule_search/daily_outputs/YCA/YCA_2023_YCA2023_normal_grid_S0031_daily.csv
YCA,YCA,Yucheng,2023,Leave_One_experiments\wth_generated_qc\YCA\YCA2023.WTH,normal_year;nitrogen_stress_year;low_response_year,normal,YCA2023_normal_grid_S0028,low_input_within_10pct_yield,2023-06-18,169,1,1,"{""sim_day"": 1.0, ""doy"": 169.0, ""topwt"": 0.0, ""grnwt"": 0.0, ""xlai"": 0.0, ""totir"": 0.0, ""tofer"": NaN, ""swfac"": 0.0, ""nstres"": 0.0}",0.0,0.0,0.0,0.0,0.0,0.0,,0.0,80.0,0.0,180.0,39.95567016601562,39.95567016601562,Leave_One_experiments/all_year_offline_schedule_search/daily_outputs/YCA/YCA_2023_YCA2023_normal_grid_S0028_daily.csv
YCA,YCA,Yucheng,2023,Leave_One_experiments\wth_generated_qc\YCA\YCA2023.WTH,normal_year;nitrogen_stress_year;low_response_year,normal,YCA2023_normal_grid_S0028,low_input_within_10pct_yield,2023-06-19,170,2,2,"{""sim_day"": 2.0, ""doy"": 170.0, ""topwt"": 0.0, ""grnwt"": 0.0, ""xlai"": 0.0, ""totir"": 0.0, ""tofer"": NaN, ""swfac"": 0.0, ""nstres"": 0.0}",0.0,0.0,0.0,0.0,0.0,0.0,,0.0,0.0,0.0,180.0,39.95567016601562,39.95567016601562,Leave_One_experiments/all_year_offline_schedule_search/daily_outputs/YCA/YCA_2023_YCA2023_normal_grid_S0028_daily.csv
YCA,YCA,Yucheng,2023,Leave_One_experiments\wth_generated_qc\YCA\YCA2023.WTH,normal_year;nitrogen_stress_year;low_response_year,normal,YCA2023_normal_grid_S0028,low_input_within_10pct_yield,2023-06-20,171,3,3,"{""sim_day"": 3.0, ""doy"": 171.0, ""topwt"": 0.0, ""grnwt"": 0.0, ""xlai"": 0.0, ""totir"": 0.0, ""tofer"": NaN, ""swfac"": 0.0, ""nstres"": 0.0}",0.0,0.0,0.0,0.0,0.0,0.0,,0.0,0.0,0.0,180.0,39.95567016601562,39.95567016601562,Leave_One_experiments/all_year_offline_schedule_search/daily_outputs/YCA/YCA_2023_YCA2023_normal_grid_S0028_daily.csv
YCA,YCA,Yucheng,2023,Leave_One_experiments\wth_generated_qc\YCA\YCA2023.WTH,normal_year;nitrogen_stress_year;low_response_year,normal,YCA2023_normal_grid_S0028,low_input_within_10pct_yield,2023-06-21,172,4,4,"{""sim_day"": 4.0, ""doy"": 172.0, ""topwt"": 0.0, ""grnwt"": 0.0, ""xlai"": 0.0, ""totir"": 0.0, ""tofer"": NaN, ""swfac"": 0.0, ""nstres"": 0.0}",0.0,0.0,0.0,0.0,0.0,0.0,,0.0,0.0,0.0,180.0,39.95567016601562,39.95567016601562,Leave_One_experiments/all_year_offline_schedule_search/daily_outputs/YCA/YCA_2023_YCA2023_normal_grid_S0028_daily.csv
YCA,YCA,Yucheng,2023,Leave_One_experiments\wth_generated_qc\YCA\YCA2023.WTH,normal_year;nitrogen_stress_year;low_response_year,normal,YCA2023_normal_grid_S0028,low_input_within_10pct_yield,2023-06-22,173,5,5,"{""sim_day"": 5.0, ""doy"": 173.0, ""topwt"": 0.0, ""grnwt"": 0.0, ""xlai"": 0.0, ""totir"": 0.0, ""tofer"": NaN, ""swfac"": 0.0, ""nstres"": 0.0}",0.0,0.0,0.0,0.0,0.0,0.0,,0.0,0.0,0.0,180.0,39.95567016601562,39.95567016601562,Leave_One_experiments/all_year_offline_schedule_search/daily_outputs/YCA/YCA_2023_YCA2023_normal_grid_S0028_daily.csv
YCA,YCA,Yucheng,2023,Leave_One_experiments\wth_generated_qc\YCA\YCA2023.WTH,normal_year;nitrogen_stress_year;low_response_year,normal,YCA2023_normal_grid_S0028,low_input_within_10pct_yield,2023-06-18,169,6,1,"{""sim_day"": 6.0, ""doy"": 169.0, ""topwt"": 0.0, ""grnwt"": 0.0, ""xlai"": 0.0, ""totir"": 0.0, ""tofer"": NaN, ""swfac"": 0.0, ""nstres"": 0.0}",0.0,0.0,0.0,0.0,0.0,0.0,,0.0,0.0,0.0,180.0,39.95567016601562,39.95567016601562,Leave_One_experiments/all_year_offline_schedule_search/daily_outputs/YCA/YCA_2023_YCA2023_normal_grid_S0028_daily.csv
YCA,YCA,Yucheng,2023,Leave_One_experiments\wth_generated_qc\YCA\YCA2023.WTH,normal_year;nitrogen_stress_year;low_response_year,normal,YCA2023_normal_grid_S0028,low_input_within_10pct_yield,2023-06-19,170,7,2,"{""sim_day"": 7.0, ""doy"": 170.0, ""topwt"": 0.0, ""grnwt"": 0.0, ""xlai"": 0.0, ""totir"": 0.0, ""tofer"": NaN, ""swfac"": 0.0, ""nstres"": 0.0}",0.0,0.0,0.0,0.0,0.0,0.0,,0.0,0.0,0.0,180.0,39.95567016601562,39.95567016601562,Leave_One_experiments/all_year_offline_schedule_search/daily_outputs/YCA/YCA_2023_YCA2023_normal_grid_S0028_daily.csv
YCA,YCA,Yucheng,2023,Leave_One_experiments\wth_generated_qc\YCA\YCA2023.WTH,normal_year;nitrogen_stress_year;low_response_year,normal,YCA2023_normal_grid_S0028,low_input_within_10pct_yield,2023-06-20,171,8,3,"{""sim_day"": 8.0, ""doy"": 171.0, ""topwt"": 0.0, ""grnwt"": 0.0, ""xlai"": 0.0, ""totir"": 0.0, ""tofer"": NaN, ""swfac"": 0.0, ""nstres"": 0.0}",0.0,0.0,0.0,0.0,0.0,0.0,,0.0,0.0,0.0,180.0,39.95567016601562,39.95567016601562,Leave_One_experiments/all_year_offline_schedule_search/daily_outputs/YCA/YCA_2023_YCA2023_normal_grid_S0028_daily.csv
YCA,YCA,Yucheng,2023,Leave_One_experiments\wth_generated_qc\YCA\YCA2023.WTH,normal_year;nitrogen_stress_year;low_response_year,normal,YCA2023_normal_grid_S0028,low_input_within_10pct_yield,2023-06-21,172,9,4,"{""sim_day"": 9.0, ""doy"": 172.0, ""topwt"": 0.0, ""grnwt"": 0.0, ""xlai"": 0.0, ""totir"": 0.0, ""tofer"": NaN, ""swfac"": 0.0, ""nstres"": 0.0}",0.0,0.0,0.0,0.0,0.0,0.0,,0.0,0.0,0.0,180.0,39.95567016601562,39.95567016601562,Leave_One_experiments/all_year_offline_schedule_search/daily_outputs/YCA/YCA_2023_YCA2023_normal_grid_S0028_daily.csv
YCA,YCA,Yucheng,2023,Leave_One_experiments\wth_generated_qc\YCA\YCA2023.WTH,normal_year;nitrogen_stress_year;low_response_year,normal,YCA2023_normal_grid_S0028,low_input_within_10pct_yield,2023-06-22,173,10,5,"{""sim_day"": 10.0, ""doy"": 173.0, ""topwt"": 26.400001049041748, ""grnwt"": 0.0, ""xlai"": 0.0058571309782564, ""totir"": 0.0, ""tofer"": NaN, ""swfac"": 0.0, ""nstres"": 0.0121910572052001}",0.0,0.0121910572052001,26.400001049041748,0.0,0.0058571309782564,0.0,,0.0,0.0,0.0,180.0,39.95567016601562,39.95567016601562,Leave_One_experiments/all_year_offline_schedule_search/daily_outputs/YCA/YCA_2023_YCA2023_normal_grid_S0028_daily.csv
YCA,YCA,Yucheng,2023,Leave_One_experiments\wth_generated_qc\YCA\YCA2023.WTH,normal_year;nitrogen_stress_year;low_response_year,normal,YCA2023_normal_grid_S0028,low_input_within_10pct_yield,2023-06-23,174,11,6,"{""sim_day"": 11.0, ""doy"": 174.0, ""topwt"": 26.400001049041748, ""grnwt"": 0.0, ""xlai"": 0.0120706427842378, ""totir"": 0.0, ""tofer"": NaN, ""swfac"": 0.0, ""nstres"": 0.0079849958419799}",0.0,0.0079849958419799,26.400001049041748,0.0,0.0120706427842378,0.0,,0.0,0.0,0.0,180.0,39.95567016601562,39.95567016601562,Leave_One_experiments/all_year_offline_schedule_search/daily_outputs/YCA/YCA_2023_YCA2023_normal_grid_S0028_daily.csv
YCA,YCA,Yucheng,2023,Leave_One_experiments\wth_generated_qc\YCA\YCA2023.WTH,normal_year;nitrogen_stress_year;low_response_year,normal,YCA2023_normal_grid_S0028,low_input_within_10pct_yield,2023-06-24,175,12,7,"{""sim_day"": 12.0, ""doy"": 175.0, ""topwt"": 26.400001049041748, ""grnwt"": 0.0, ""xlai"": 0.0183221846818923, ""totir"": 0.0, ""tofer"": NaN, ""swfac"": 0.0, ""nstres"": 0.0007379055023193}",0.0,0.0007379055023193,26.400001049041748,0.0,0.0183221846818923,0.0,,0.0,0.0,0.0,180.0,39.95567016601562,39.95567016601562,Leave_One_experiments/all_year_offline_schedule_search/daily_outputs/YCA/YCA_2023_YCA2023_normal_grid_S0028_daily.csv
YCA,YCA,Yucheng,2023,Leave_One_experiments\wth_generated_qc\YCA\YCA2023.WTH,normal_year;nitrogen_stress_year;low_response_year,normal,YCA2023_normal_grid_S0028,low_input_within_10pct_yield,2023-06-25,176,13,8,"{""sim_day"": 13.0, ""doy"": 176.0, ""topwt"": 26.400001049041748, ""grnwt"": 0.0, ""xlai"": 0.0435296855866909, ""totir"": 0.0, ""tofer"": NaN, ""swfac"": 0.0, ""nstres"": 0.0}",0.0,0.0,26.400001049041748,0.0,0.0435296855866909,0.0,,0.0,0.0,0.0,180.0,39.95567016601562,39.95567016601562,Leave_One_experiments/all_year_offline_schedule_search/daily_outputs/YCA/YCA_2023_YCA2023_normal_grid_S0028_daily.csv
YCA,YCA,Yucheng,2023,Leave_One_experiments\wth_generated_qc\YCA\YCA2023.WTH,normal_year;nitrogen_stress_year;low_response_year,normal,YCA2023_normal_grid_S0028,low_input_within_10pct_yield,2023-06-26,177,14,9,"{""sim_day"": 14.0, ""doy"": 177.0, ""topwt"": 37.50510215759277, ""grnwt"": 0.0, ""xlai"": 0.0737534314393997, ""totir"": 0.0, ""tofer"": NaN, ""swfac"": 0.0, ""nstres"": 0.0}",0.0,0.0,37.50510215759277,0.0,0.0737534314393997,0.0,,0.0,0.0,0.0,180.0,39.95567016601562,39.95567016601562,Leave_One_experiments/all_year_offline_schedule_search/daily_outputs/YCA/YCA_2023_YCA2023_normal_grid_S0028_daily.csv
YCA,YCA,Yucheng,2023,Leave_One_experiments\wth_generated_qc\YCA\YCA2023.WTH,normal_year;nitrogen_stress_year;low_response_year,normal,YCA2023_normal_grid_S0028,low_input_within_10pct_yield,2023-06-27,178,15,10,"{""sim_day"": 15.0, ""doy"": 178.0, ""topwt"": 53.37294578552246, ""grnwt"": 0.0, ""xlai"": 0.1100483760237693, ""totir"": 0.0, ""tofer"": NaN, ""swfac"": 0.0, ""nstres"": 0.0}",0.0,0.0,53.37294578552246,0.0,0.1100483760237693,0.0,,0.0,0.0,0.0,180.0,39.95567016601562,39.95567016601562,Leave_One_experiments/all_year_offline_schedule_search/daily_outputs/YCA/YCA_2023_YCA2023_normal_grid_S0028_daily.csv
YCA,YCA,Yucheng,2023,Leave_One_experiments\wth_generated_qc\YCA\YCA2023.WTH,normal_year;nitrogen_stress_year;low_response_year,normal,YCA2023_normal_grid_S0028,low_input_within_10pct_yield,2023-06-28,179,16,11,"{""sim_day"": 16.0, ""doy"": 179.0, ""topwt"": 74.93001461029053, ""grnwt"": 0.0, ""xlai"": 0.1548771858215332, ""totir"": 0.0, ""tofer"": NaN, ""swfac"": 0.0, ""nstres"": 0.0}",0.0,0.0,74.93001461029053,0.0,0.1548771858215332,0.0,,0.0,0.0,0.0,180.0,39.95567016601562,39.95567016601562,Leave_One_experiments/all_year_offline_schedule_search/daily_outputs/YCA/YCA_2023_YCA2023_normal_grid_S0028_daily.csv
YCA,YCA,Yucheng,2023,Leave_One_experiments\wth_generated_qc\YCA\YCA2023.WTH,normal_year;nitrogen_stress_year;low_response_year,normal,YCA2023_normal_grid_S0028,low_input_within_10pct_yield,2023-06-29,180,17,12,"{""sim_day"": 17.0, ""doy"": 180.0, ""topwt"": 99.65514183044434, ""grnwt"": 0.0, ""xlai"": 0.2024078220129013, ""totir"": 0.0, ""tofer"": NaN, ""swfac"": 0.0, ""nstres"": 0.0}",0.0,0.0,99.65514183044434,0.0,0.2024078220129013,0.0,,0.0,0.0,0.0,180.0,39.95567016601562,39.95567016601562,Leave_One_experiments/all_year_offline_schedule_search/daily_outputs/YCA/YCA_2023_YCA2023_normal_grid_S0028_daily.csv
YCA,YCA,Yucheng,2023,Leave_One_experiments\wth_generated_qc\YCA\YCA2023.WTH,normal_year;nitrogen_stress_year;low_response_year,normal,YCA2023_normal_grid_S0028,low_input_within_10pct_yield,2023-06-30,181,18,13,"{""sim_day"": 18.0, ""doy"": 181.0, ""topwt"": 131.5467929840088, ""grnwt"": 0.0, ""xlai"": 0.2597059607505798, ""totir"": 0.0, ""tofer"": NaN, ""swfac"": 0.0, ""nstres"": 0.0}",0.0,0.0,131.5467929840088,0.0,0.2597059607505798,0.0,,0.0,0.0,0.0,180.0,39.95567016601562,39.95567016601562,Leave_One_experiments/all_year_offline_schedule_search/daily_outputs/YCA/YCA_2023_YCA2023_normal_grid_S0028_daily.csv
YCA,YCA,Yucheng,2023,Leave_One_experiments\wth_generated_qc\YCA\YCA2023.WTH,normal_year;nitrogen_stress_year;low_response_year,normal,YCA2023_normal_grid_S0028,low_input_within_10pct_yield,2023-07-01,182,19,14,"{""sim_day"": 19.0, ""doy"": 182.0, ""topwt"": 174.4040870666504, ""grnwt"": 0.0, ""xlai"": 0.3318465054035187, ""totir"": 0.0, ""tofer"": NaN, ""swfac"": 0.0, ""nstres"": 0.0}",0.0,0.0,174.4040870666504,0.0,0.3318465054035187,0.0,,0.0,0.0,0.0,180.0,39.95567016601562,39.95567016601562,Leave_One_experiments/all_year_offline_schedule_search/daily_outputs/YCA/YCA_2023_YCA2023_normal_grid_S0028_daily.csv
YCA,YCA,Yucheng,2023,Leave_One_experiments\wth_generated_qc\YCA\YCA2023.WTH,normal_year;nitrogen_stress_year;low_response_year,normal,YCA2023_normal_grid_S0028,low_input_within_10pct_yield,2023-07-02,183,20,15,"{""sim_day"": 20.0, ""doy"": 183.0, ""topwt"": 219.00312423706052, ""grnwt"": 0.0, ""xlai"": 0.4302230775356293, ""totir"": 0.0, ""tofer"": NaN, ""swfac"": 0.0, ""nstres"": 0.0}",0.0,0.0,219.00312423706052,0.0,0.4302230775356293,0.0,,0.0,0.0,0.0,180.0,39.95567016601562,39.95567016601562,Leave_One_experiments/all_year_offline_schedule_search/daily_outputs/YCA/YCA_2023_YCA2023_normal_grid_S0028_daily.csv
YCA,YCA,Yucheng,2023,Leave_One_experiments\wth_generated_qc\YCA\YCA2023.WTH,normal_year;nitrogen_stress_year;low_response_year,normal,YCA2023_normal_grid_S0028,low_input_within_10pct_yield,2023-07-03,184,21,16,"{""sim_day"": 21.0, ""doy"": 184.0, ""topwt"": 273.0967903137207, ""grnwt"": 0.0, ""xlai"": 0.5176066756248474, ""totir"": 0.0, ""tofer"": NaN, ""swfac"": 0.0, ""nstres"": 0.0}",0.0,0.0,273.0967903137207,0.0,0.5176066756248474,0.0,,0.0,0.0,0.0,180.0,39.95567016601562,39.95567016601562,Leave_One_experiments/all_year_offline_schedule_search/daily_outputs/YCA/YCA_2023_YCA2023_normal_grid_S0028_daily.csv
YCA,YCA,Yucheng,2023,Leave_One_experiments\wth_generated_qc\YCA\YCA2023.WTH,normal_year;nitrogen_stress_year;low_response_year,normal,YCA2023_normal_grid_S0028,low_input_within_10pct_yield,2023-07-04,185,22,17,"{""sim_day"": 22.0, ""doy"": 185.0, ""topwt"": 346.84593200683594, ""grnwt"": 0.0, ""xlai"": 0.6307865977287292, ""totir"": 0.0, ""tofer"": NaN, ""swfac"": 0.0, ""nstres"": 0.0042382478713989}",0.0,0.0042382478713989,346.84593200683594,0.0,0.6307865977287292,0.0,,0.0,0.0,0.0,180.0,39.95567016601562,39.95567016601562,Leave_One_experiments/all_year_offline_schedule_search/daily_outputs/YCA/YCA_2023_YCA2023_normal_grid_S0028_daily.csv
YCA,YCA,Yucheng,2023,Leave_One_experiments\wth_generated_qc\YCA\YCA2023.WTH,normal_year;nitrogen_stress_year;low_response_year,normal,YCA2023_normal_grid_S0028,low_input_within_10pct_yield,2023-07-05,186,23,18,"{""sim_day"": 23.0, ""doy"": 186.0, ""topwt"": 440.3469848632813, ""grnwt"": 0.0, ""xlai"": 0.766916811466217, ""totir"": 0.0, ""tofer"": NaN, ""swfac"": 0.0, ""nstres"": 0.0}",0.0,0.0,440.3469848632813,0.0,0.766916811466217,0.0,,0.0,0.0,0.0,180.0,39.95567016601562,39.95567016601562,Leave_One_experiments/all_year_offline_schedule_search/daily_outputs/YCA/YCA_2023_YCA2023_normal_grid_S0028_daily.csv
YCA,YCA,Yucheng,2023,Leave_One_experiments\wth_generated_qc\YCA\YCA2023.WTH,normal_year;nitrogen_stress_year;low_response_year,normal,YCA2023_normal_grid_S0028,low_input_within_10pct_yield,2023-07-06,187,24,19,"{""sim_day"": 24.0, ""doy"": 187.0, ""topwt"": 551.2447357177734, ""grnwt"": 0.0, ""xlai"": 0.9203612804412842, ""totir"": 0.0, ""tofer"": NaN, ""swfac"": 0.0, ""nstres"": 0.0}",0.0,0.0,551.2447357177734,0.0,0.9203612804412842,0.0,,0.0,0.0,0.0,180.0,39.95567016601562,39.95567016601562,Leave_One_experiments/all_year_offline_schedule_search/daily_outputs/YCA/YCA_2023_YCA2023_normal_grid_S0028_daily.csv
YCA,YCA,Yucheng,2023,Leave_One_experiments\wth_generated_qc\YCA\YCA2023.WTH,normal_year;nitrogen_stress_year;low_response_year,normal,YCA2023_normal_grid_S0028,low_input_within_10pct_yield,2023-07-07,188,25,20,"{""sim_day"": 25.0, ""doy"": 188.0, ""topwt"": 677.0158386230469, ""grnwt"": 0.0, ""xlai"": 1.0863643884658811, ""totir"": 0.0, ""tofer"": NaN, ""swfac"": 0.0, ""nstres"": 0.0}",0.0,0.0,677.0158386230469,0.0,1.0863643884658811,0.0,,0.0,0.0,0.0,180.0,39.95567016601562,39.95567016601562,Leave_One_experiments/all_year_offline_schedule_search/daily_outputs/YCA/YCA_2023_YCA2023_normal_grid_S0028_daily.csv
YCA,YCA,Yucheng,2023,Leave_One_experiments\wth_generated_qc\YCA\YCA2023.WTH,normal_year;nitrogen_stress_year;low_response_year,normal,YCA2023_normal_grid_S0028,low_input_within_10pct_yield,2023-07-08,189,26,21,"{""sim_day"": 26.0, ""doy"": 189.0, ""topwt"": 815.5962371826172, ""grnwt"": 0.0, ""xlai"": 1.2615782022476196, ""totir"": 0.0, ""tofer"": NaN, ""swfac"": 0.0, ""nstres"": 0.0}",0.0,0.0,815.5962371826172,0.0,1.2615782022476196,0.0,,0.0,0.0,0.0,180.0,39.95567016601562,39.95567016601562,Leave_One_experiments/all_year_offline_schedule_search/daily_outputs/YCA/YCA_2023_YCA2023_normal_grid_S0028_daily.csv
YCA,YCA,Yucheng,2023,Leave_One_experiments\wth_generated_qc\YCA\YCA2023.WTH,normal_year;nitrogen_stress_year;low_response_year,normal,YCA2023_normal_grid_S0028,low_input_within_10pct_yield,2023-07-09,190,27,22,"{""sim_day"": 27.0, ""doy"": 190.0, ""topwt"": 993.9740753173828, ""grnwt"": 0.0, ""xlai"": 1.4764212369918823, ""totir"": 0.0, ""tofer"": NaN, ""swfac"": 0.0, ""nstres"": 0.0}",0.0,0.0,993.9740753173828,0.0,1.4764212369918823,0.0,,0.0,0.0,0.0,180.0,39.95567016601562,39.95567016601562,Leave_One_experiments/all_year_offline_schedule_search/daily_outputs/YCA/YCA_2023_YCA2023_normal_grid_S0028_daily.csv
YCA,YCA,Yucheng,2023,Leave_One_experiments\wth_generated_qc\YCA\YCA2023.WTH,normal_year;nitrogen_stress_year;low_response_year,normal,YCA2023_normal_grid_S0028,low_input_within_10pct_yield,2023-07-10,191,28,23,"{""sim_day"": 28.0, ""doy"": 191.0, ""topwt"": 1176.824951171875, ""grnwt"": 0.0, ""xlai"": 1.6950247287750244, ""totir"": 0.0, ""tofer"": NaN, ""swfac"": 0.0, ""nstres"": 0.0}",0.0,0.0,1176.824951171875,0.0,1.6950247287750244,0.0,,0.0,0.0,0.0,180.0,39.95567016601562,39.95567016601562,Leave_One_experiments/all_year_offline_schedule_search/daily_outputs/YCA/YCA_2023_YCA2023_normal_grid_S0028_daily.csv
YCA,YCA,Yucheng,2023,Leave_One_experiments\wth_generated_qc\YCA\YCA2023.WTH,normal_year;nitrogen_stress_year;low_response_year,normal,YCA2023_normal_grid_S0028,low_input_within_10pct_yield,2023-07-11,192,29,24,"{""sim_day"": 29.0, ""doy"": 192.0, ""topwt"": 1348.3351135253906, ""grnwt"": 0.0, ""xlai"": 1.8891968727111816, ""totir"": 0.0, ""tofer"": NaN, ""swfac"": 0.0, ""nstres"": 0.0}",0.0,0.0,1348.3351135253906,0.0,1.8891968727111816,0.0,,0.0,0.0,0.0,180.0,39.95567016601562,39.95567016601562,Leave_One_experiments/all_year_offline_schedule_search/daily_outputs/YCA/YCA_2023_YCA2023_normal_grid_S0028_daily.csv
YCA,YCA,Yucheng,2023,Leave_One_experiments\wth_generated_qc\YCA\YCA2023.WTH,normal_year;nitrogen_stress_year;low_response_year,normal,YCA2023_normal_grid_S0028,low_input_within_10pct_yield,2023-07-12,193,30,25,"{""sim_day"": 30.0, ""doy"": 193.0, ""topwt"": 1532.1253967285156, ""grnwt"": 0.0, ""xlai"": 2.085511922836304, ""totir"": 0.0, ""tofer"": NaN, ""swfac"": 0.0, ""nstres"": 0.0}",0.0,0.0,1532.1253967285156,0.0,2.085511922836304,0.0,,0.0,0.0,0.0,180.0,39.95567016601562,39.95567016601562,Leave_One_experiments/all_year_offline_schedule_search/daily_outputs/YCA/YCA_2023_YCA2023_normal_grid_S0028_daily.csv
YCA,YCA,Yucheng,2023,Leave_One_experiments\wth_generated_qc\YCA\YCA2023.WTH,normal_year;nitrogen_stress_year;low_response_year,normal,YCA2023_normal_grid_S0028,low_input_within_10pct_yield,2023-07-13,194,31,26,"{""sim_day"": 31.0, ""doy"": 194.0, ""topwt"": 1747.1784973144531, ""grnwt"": 0.0, ""xlai"": 2.300053358078003, ""totir"": 0.0, ""tofer"": NaN, ""swfac"": 0.0, ""nstres"": 0.0}",0.0,0.0,1747.1784973144531,0.0,2.300053358078003,0.0,,0.0,0.0,0.0,180.0,39.95567016601562,39.95567016601562,Leave_One_experiments/all_year_offline_schedule_search/daily_outputs/YCA/YCA_2023_YCA2023_normal_grid_S0028_daily.csv
YCA,YCA,Yucheng,2023,Leave_One_experiments\wth_generated_qc\YCA\YCA2023.WTH,normal_year;nitrogen_stress_year;low_response_year,normal,YCA2023_normal_grid_S0028,low_input_within_10pct_yield,2023-07-14,195,32,27,"{""sim_day"": 32.0, ""doy"": 195.0, ""topwt"": 1968.3241271972656, ""grnwt"": 0.0, ""xlai"": 2.505388021469116, ""totir"": 0.0, ""tofer"": NaN, ""swfac"": 0.0, ""nstres"": 0.0}",0.0,0.0,1968.3241271972656,0.0,2.505388021469116,0.0,,0.0,0.0,0.0,180.0,39.95567016601562,39.95567016601562,Leave_One_experiments/all_year_offline_schedule_search/daily_outputs/YCA/YCA_2023_YCA2023_normal_grid_S0028_daily.csv
YCA,YCA,Yucheng,2023,Leave_One_experiments\wth_generated_qc\YCA\YCA2023.WTH,normal_year;nitrogen_stress_year;low_response_year,normal,YCA2023_normal_grid_S0028,low_input_within_10pct_yield,2023-07-15,196,33,28,"{""sim_day"": 33.0, ""doy"": 196.0, ""topwt"": 2183.698272705078, ""grnwt"": 0.0, ""xlai"": 2.6919965744018555, ""totir"": 0.0, ""tofer"": NaN, ""swfac"": 0.0, ""nstres"": 0.0}",0.0,0.0,2183.698272705078,0.0,2.6919965744018555,0.0,,0.0,0.0,0.0,180.0,39.95567016601562,39.95567016601562,Leave_One_experiments/all_year_offline_schedule_search/daily_outputs/YCA/YCA_2023_YCA2023_normal_grid_S0028_daily.csv
YCA,YCA,Yucheng,2023,Leave_One_experiments\wth_generated_qc\YCA\YCA2023.WTH,normal_year;nitrogen_stress_year;low_response_year,normal,YCA2023_normal_grid_S0028,low_input_within_10pct_yield,2023-07-16,197,34,29,"{""sim_day"": 34.0, ""doy"": 197.0, ""topwt"": 2416.9236755371094, ""grnwt"": 0.0, ""xlai"": 2.8801379203796387, ""totir"": 0.0, ""tofer"": NaN, ""swfac"": 0.0, ""nstres"": 0.0}",0.0,0.0,2416.9236755371094,0.0,2.8801379203796387,0.0,,0.0,0.0,0.0,180.0,39.95567016601562,39.95567016601562,Leave_One_experiments/all_year_offline_schedule_search/daily_outputs/YCA/YCA_2023_YCA2023_normal_grid_S0028_daily.csv
YCA,YCA,Yucheng,2023,Leave_One_experiments\wth_generated_qc\YCA\YCA2023.WTH,normal_year;nitrogen_stress_year;low_response_year,normal,YCA2023_normal_grid_S0028,low_input_within_10pct_yield,2023-07-17,198,35,30,"{""sim_day"": 35.0, ""doy"": 198.0, ""topwt"": 2676.449279785156, ""grnwt"": 0.0, ""xlai"": 3.074209213256836, ""totir"": 0.0, ""tofer"": NaN, ""swfac"": 0.0, ""nstres"": 0.0}",0.0,0.0,2676.449279785156,0.0,3.074209213256836,0.0,,0.0,50.0,0.0,180.0,39.95567016601562,39.95567016601562,Leave_One_experiments/all_year_offline_schedule_search/daily_outputs/YCA/YCA_2023_YCA2023_normal_grid_S0028_daily.csv
YCA,YCA,Yucheng,2023,Leave_One_experiments\wth_generated_qc\YCA\YCA2023.WTH,normal_year;nitrogen_stress_year;low_response_year,normal,YCA2023_normal_grid_S0028,low_input_within_10pct_yield,2023-07-18,199,36,31,"{""sim_day"": 36.0, ""doy"": 199.0, ""topwt"": 2963.1515502929688, ""grnwt"": 0.0, ""xlai"": 3.272267341613769, ""totir"": 0.0, ""tofer"": NaN, ""swfac"": 0.0, ""nstres"": 0.0}",0.0,0.0,2963.1515502929688,0.0,3.272267341613769,0.0,,0.0,0.0,0.0,180.0,39.95567016601562,39.95567016601562,Leave_One_experiments/all_year_offline_schedule_search/daily_outputs/YCA/YCA_2023_YCA2023_normal_grid_S0028_daily.csv
YCA,YCA,Yucheng,2023,Leave_One_experiments\wth_generated_qc\YCA\YCA2023.WTH,normal_year;nitrogen_stress_year;low_response_year,normal,YCA2023_normal_grid_S0028,low_input_within_10pct_yield,2023-07-19,200,37,32,"{""sim_day"": 37.0, ""doy"": 200.0, ""topwt"": 3288.5287475585938, ""grnwt"": 0.0, ""xlai"": 3.4789319038391118, ""totir"": 0.0, ""tofer"": NaN, ""swfac"": 0.0, ""nstres"": 0.0}",0.0,0.0,3288.5287475585938,0.0,3.4789319038391118,0.0,,0.0,0.0,0.0,180.0,39.95567016601562,39.95567016601562,Leave_One_experiments/all_year_offline_schedule_search/daily_outputs/YCA/YCA_2023_YCA2023_normal_grid_S0028_daily.csv
YCA,YCA,Yucheng,2023,Leave_One_experiments\wth_generated_qc\YCA\YCA2023.WTH,normal_year;nitrogen_stress_year;low_response_year,normal,YCA2023_normal_grid_S0028,low_input_within_10pct_yield,2023-07-20,201,38,33,"{""sim_day"": 38.0, ""doy"": 201.0, ""topwt"": 3383.003234863281, ""grnwt"": 0.0, ""xlai"": 3.5348222255706787, ""totir"": 0.0, ""tofer"": NaN, ""swfac"": 0.0, ""nstres"": 0.0}",0.0,0.0,3383.003234863281,0.0,3.5348222255706787,0.0,,0.0,0.0,0.0,180.0,39.95567016601562,39.95567016601562,Leave_One_experiments/all_year_offline_schedule_search/daily_outputs/YCA/YCA_2023_YCA2023_normal_grid_S0028_daily.csv
YCA,YCA,Yucheng,2023,Leave_One_experiments\wth_generated_qc\YCA\YCA2023.WTH,normal_year;nitrogen_stress_year;low_response_year,normal,YCA2023_normal_grid_S0028,low_input_within_10pct_yield,2023-07-21,202,39,34,"{""sim_day"": 39.0, ""doy"": 202.0, ""topwt"": 3695.169982910156, ""grnwt"": 0.0, ""xlai"": 3.7069225311279297, ""totir"": 0.0, ""tofer"": NaN, ""swfac"": 0.0, ""nstres"": 0.0}",0.0,0.0,3695.169982910156,0.0,3.7069225311279297,0.0,,0.0,0.0,0.0,180.0,39.95567016601562,39.95567016601562,Leave_One_experiments/all_year_offline_schedule_search/daily_outputs/YCA/YCA_2023_YCA2023_normal_grid_S0028_daily.csv
YCA,YCA,Yucheng,2023,Leave_One_experiments\wth_generated_qc\YCA\YCA2023.WTH,normal_year;nitrogen_stress_year;low_response_year,normal,YCA2023_normal_grid_S0028,low_input_within_10pct_yield,2023-07-22,203,40,35,"{""sim_day"": 40.0, ""doy"": 203.0, ""topwt"": 4071.3540649414062, ""grnwt"": 0.0, ""xlai"": 3.8981990814208975, ""totir"": 0.0, ""tofer"": NaN, ""swfac"": 0.0, ""nstres"": 0.0}",0.0,0.0,4071.3540649414062,0.0,3.8981990814208975,0.0,,0.0,0.0,0.0,180.0,39.95567016601562,39.95567016601562,Leave_One_experiments/all_year_offline_schedule_search/daily_outputs/YCA/YCA_2023_YCA2023_normal_grid_S0028_daily.csv
YCA,YCA,Yucheng,2023,Leave_One_experiments\wth_generated_qc\YCA\YCA2023.WTH,normal_year;nitrogen_stress_year;low_response_year,normal,YCA2023_normal_grid_S0028,low_input_within_10pct_yield,2023-07-23,204,41,36,"{""sim_day"": 41.0, ""doy"": 204.0, ""topwt"": 4490.69580078125, ""grnwt"": 0.0, ""xlai"": 4.094925880432129, ""totir"": 0.0, ""tofer"": NaN, ""swfac"": 0.0, ""nstres"": 0.0}",0.0,0.0,4490.69580078125,0.0,4.094925880432129,0.0,,0.0,0.0,0.0,180.0,39.95567016601562,39.95567016601562,Leave_One_experiments/all_year_offline_schedule_search/daily_outputs/YCA/YCA_2023_YCA2023_normal_grid_S0028_daily.csv
YCA,YCA,Yucheng,2023,Leave_One_experiments\wth_generated_qc\YCA\YCA2023.WTH,normal_year;nitrogen_stress_year;low_response_year,normal,YCA2023_normal_grid_S0028,low_input_within_10pct_yield,2023-07-24,205,42,37,"{""sim_day"": 42.0, ""doy"": 205.0, ""topwt"": 4934.332885742188, ""grnwt"": 0.0, ""xlai"": 4.284098148345947, ""totir"": 0.0, ""tofer"": NaN, ""swfac"": 0.0, ""nstres"": 0.0}",0.0,0.0,4934.332885742188,0.0,4.284098148345947,0.0,,0.0,0.0,0.0,180.0,39.95567016601562,39.95567016601562,Leave_One_experiments/all_year_offline_schedule_search/daily_outputs/YCA/YCA_2023_YCA2023_normal_grid_S0028_daily.csv
YCA,YCA,Yucheng,2023,Leave_One_experiments\wth_generated_qc\YCA\YCA2023.WTH,normal_year;nitrogen_stress_year;low_response_year,normal,YCA2023_normal_grid_S0028,low_input_within_10pct_yield,2023-07-25,206,43,38,"{""sim_day"": 43.0, ""doy"": 206.0, ""topwt"": 5293.2257080078125, ""grnwt"": 0.0, ""xlai"": 4.417337417602539, ""totir"": 0.0, ""tofer"": NaN, ""swfac"": 0.0, ""nstres"": 0.0}",0.0,0.0,5293.2257080078125,0.0,4.417337417602539,0.0,,0.0,0.0,0.0,180.0,39.95567016601562,39.95567016601562,Leave_One_experiments/all_year_offline_schedule_search/daily_outputs/YCA/YCA_2023_YCA2023_normal_grid_S0028_daily.csv
YCA,YCA,Yucheng,2023,Leave_One_experiments\wth_generated_qc\YCA\YCA2023.WTH,normal_year;nitrogen_stress_year;low_response_year,normal,YCA2023_normal_grid_S0028,low_input_within_10pct_yield,2023-07-26,207,44,39,"{""sim_day"": 44.0, ""doy"": 207.0, ""topwt"": 5752.242431640625, ""grnwt"": 0.0, ""xlai"": 4.571664810180664, ""totir"": 0.0, ""tofer"": NaN, ""swfac"": 0.0, ""nstres"": 0.0181548595428466}",0.0,0.0181548595428466,5752.242431640625,0.0,4.571664810180664,0.0,,0.0,0.0,0.0,180.0,39.95567016601562,39.95567016601562,Leave_One_experiments/all_year_offline_schedule_search/daily_outputs/YCA/YCA_2023_YCA2023_normal_grid_S0028_daily.csv
YCA,YCA,Yucheng,2023,Leave_One_experiments\wth_generated_qc\YCA\YCA2023.WTH,normal_year;nitrogen_stress_year;low_response_year,normal,YCA2023_normal_grid_S0028,low_input_within_10pct_yield,2023-07-27,208,45,40,"{""sim_day"": 45.0, ""doy"": 208.0, ""topwt"": 6066.40625, ""grnwt"": 0.0, ""xlai"": 4.65626335144043, ""totir"": 0.0, ""tofer"": NaN, ""swfac"": 0.0, ""nstres"": 0.0396459102630615}",0.0,0.0396459102630615,6066.40625,0.0,4.65626335144043,0.0,,0.0,0.0,0.0,180.0,39.95567016601562,39.95567016601562,Leave_One_experiments/all_year_offline_schedule_search/daily_outputs/YCA/YCA_2023_YCA2023_normal_grid_S0028_daily.csv
YCA,YCA,Yucheng,2023,Leave_One_experiments\wth_generated_qc\YCA\YCA2023.WTH,normal_year;nitrogen_stress_year;low_response_year,normal,YCA2023_normal_grid_S0028,low_input_within_10pct_yield,2023-07-28,209,46,41,"{""sim_day"": 46.0, ""doy"": 209.0, ""topwt"": 6372.589721679688, ""grnwt"": 0.0, ""xlai"": 4.775514125823975, ""totir"": 0.0, ""tofer"": NaN, ""swfac"": 0.0, ""nstres"": 0.0662367343902587}",0.0,0.0662367343902587,6372.589721679688,0.0,4.775514125823975,0.0,,0.0,0.0,0.0,180.0,39.95567016601562,39.95567016601562,Leave_One_experiments/all_year_offline_schedule_search/daily_outputs/YCA/YCA_2023_YCA2023_normal_grid_S0028_daily.csv
YCA,YCA,Yucheng,2023,Leave_One_experiments\wth_generated_qc\YCA\YCA2023.WTH,normal_year;nitrogen_stress_year;low_response_year,normal,YCA2023_normal_grid_S0028,low_input_within_10pct_yield,2023-07-29,210,47,42,"{""sim_day"": 47.0, ""doy"": 210.0, ""topwt"": 6675.3204345703125, ""grnwt"": 0.0, ""xlai"": 4.849121570587158, ""totir"": 0.0, ""tofer"": NaN, ""swfac"": 0.0, ""nstres"": 0.0796972513198852}",0.0,0.0796972513198852,6675.3204345703125,0.0,4.849121570587158,0.0,,0.0,0.0,0.0,180.0,39.95567016601562,39.95567016601562,Leave_One_experiments/all_year_offline_schedule_search/daily_outputs/YCA/YCA_2023_YCA2023_normal_grid_S0028_daily.csv
YCA,YCA,Yucheng,2023,Leave_One_experiments\wth_generated_qc\YCA\YCA2023.WTH,normal_year;nitrogen_stress_year;low_response_year,normal,YCA2023_normal_grid_S0028,low_input_within_10pct_yield,2023-07-30,211,48,43,"{""sim_day"": 48.0, ""doy"": 211.0, ""topwt"": 6974.6563720703125, ""grnwt"": 0.0, ""xlai"": 4.896891117095947, ""totir"": 0.0, ""tofer"": NaN, ""swfac"": 0.0, ""nstres"": 0.0916534066200256}",0.0,0.0916534066200256,6974.6563720703125,0.0,4.896891117095947,0.0,,0.0,0.0,0.0,180.0,39.95567016601562,39.95567016601562,Leave_One_experiments/all_year_offline_schedule_search/daily_outputs/YCA/YCA_2023_YCA2023_normal_grid_S0028_daily.csv
YCA,YCA,Yucheng,2023,Leave_One_experiments\wth_generated_qc\YCA\YCA2023.WTH,normal_year;nitrogen_stress_year;low_response_year,normal,YCA2023_normal_grid_S0028,low_input_within_10pct_yield,2023-07-31,212,49,44,"{""sim_day"": 49.0, ""doy"": 212.0, ""topwt"": 7250.858154296875, ""grnwt"": 0.0, ""xlai"": 4.919336318969727, ""totir"": 0.0, ""tofer"": NaN, ""swfac"": 0.0, ""nstres"": 0.1016910076141357}",0.0,0.1016910076141357,7250.858154296875,0.0,4.919336318969727,0.0,,0.0,0.0,0.0,180.0,39.95567016601562,39.95567016601562,Leave_One_experiments/all_year_offline_schedule_search/daily_outputs/YCA/YCA_2023_YCA2023_normal_grid_S0028_daily.csv
YCA,YCA,Yucheng,2023,Leave_One_experiments\wth_generated_qc\YCA\YCA2023.WTH,normal_year;nitrogen_stress_year;low_response_year,normal,YCA2023_normal_grid_S0028,low_input_within_10pct_yield,2023-08-01,213,50,45,"{""sim_day"": 50.0, ""doy"": 213.0, ""topwt"": 7581.165771484375, ""grnwt"": 0.0, ""xlai"": 4.944332122802734, ""totir"": 0.0, ""tofer"": NaN, ""swfac"": 0.0, ""nstres"": 0.1105446815490722}",0.0,0.1105446815490722,7581.165771484375,0.0,4.944332122802734,0.0,,0.0,0.0,0.0,180.0,39.95567016601562,39.95567016601562,Leave_One_experiments/all_year_offline_schedule_search/daily_outputs/YCA/YCA_2023_YCA2023_normal_grid_S0028_daily.csv
YCA,YCA,Yucheng,2023,Leave_One_experiments\wth_generated_qc\YCA\YCA2023.WTH,normal_year;nitrogen_stress_year;low_response_year,normal,YCA2023_normal_grid_S0028,low_input_within_10pct_yield,2023-08-02,214,51,46,"{""sim_day"": 51.0, ""doy"": 214.0, ""topwt"": 7926.4508056640625, ""grnwt"": 0.0, ""xlai"": 4.962453365325928, ""totir"": 0.0, ""tofer"": NaN, ""swfac"": 0.0, ""nstres"": 0.1161776781082153}",0.0,0.1161776781082153,7926.4508056640625,0.0,4.962453365325928,0.0,,0.0,0.0,0.0,180.0,39.95567016601562,39.95567016601562,Leave_One_experiments/all_year_offline_schedule_search/daily_outputs/YCA/YCA_2023_YCA2023_normal_grid_S0028_daily.csv
YCA,YCA,Yucheng,2023,Leave_One_experiments\wth_generated_qc\YCA\YCA2023.WTH,normal_year;nitrogen_stress_year;low_response_year,normal,YCA2023_normal_grid_S0028,low_input_within_10pct_yield,2023-08-03,215,52,47,"{""sim_day"": 52.0, ""doy"": 215.0, ""topwt"": 8262.022094726562, ""grnwt"": 0.0, ""xlai"": 4.968249320983887, ""totir"": 0.0, ""tofer"": NaN, ""swfac"": 0.0, ""nstres"": 0.1223773956298828}",0.0,0.1223773956298828,8262.022094726562,0.0,4.968249320983887,0.0,,0.0,0.0,0.0,180.0,39.95567016601562,39.95567016601562,Leave_One_experiments/all_year_offline_schedule_search/daily_outputs/YCA/YCA_2023_YCA2023_normal_grid_S0028_daily.csv
YCA,YCA,Yucheng,2023,Leave_One_experiments\wth_generated_qc\YCA\YCA2023.WTH,normal_year;nitrogen_stress_year;low_response_year,normal,YCA2023_normal_grid_S0028,low_input_within_10pct_yield,2023-08-04,216,53,48,"{""sim_day"": 53.0, ""doy"": 216.0, ""topwt"": 8525.296020507812, ""grnwt"": 0.0, ""xlai"": 4.9486260414123535, ""totir"": 0.0, ""tofer"": NaN, ""swfac"": 0.0, ""nstres"": 0.129023790359497}",0.0,0.129023790359497,8525.296020507812,0.0,4.9486260414123535,0.0,,0.0,0.0,0.0,180.0,39.95567016601562,39.95567016601562,Leave_One_experiments/all_year_offline_schedule_search/daily_outputs/YCA/YCA_2023_YCA2023_normal_grid_S0028_daily.csv
YCA,YCA,Yucheng,2023,Leave_One_experiments\wth_generated_qc\YCA\YCA2023.WTH,normal_year;nitrogen_stress_year;low_response_year,normal,YCA2023_normal_grid_S0028,low_input_within_10pct_yield,2023-08-05,217,54,49,"{""sim_day"": 54.0, ""doy"": 217.0, ""topwt"": 8785.355834960938, ""grnwt"": 0.0, ""xlai"": 4.925217151641846, ""totir"": 0.0, ""tofer"": NaN, ""swfac"": 0.0, ""nstres"": 0.1343079805374145}",0.0,0.1343079805374145,8785.355834960938,0.0,4.925217151641846,0.0,,0.0,0.0,0.0,180.0,39.95567016601562,39.95567016601562,Leave_One_experiments/all_year_offline_schedule_search/daily_outputs/YCA/YCA_2023_YCA2023_normal_grid_S0028_daily.csv
YCA,YCA,Yucheng,2023,Leave_One_experiments\wth_generated_qc\YCA\YCA2023.WTH,normal_year;nitrogen_stress_year;low_response_year,normal,YCA2023_normal_grid_S0028,low_input_within_10pct_yield,2023-08-06,218,55,50,"{""sim_day"": 55.0, ""doy"": 218.0, ""topwt"": 9030.205688476562, ""grnwt"": 0.0, ""xlai"": 4.896677017211914, ""totir"": 0.0, ""tofer"": NaN, ""swfac"": 0.0, ""nstres"": 0.1374557018280029}",0.0,0.1374557018280029,9030.205688476562,0.0,4.896677017211914,0.0,,0.0,0.0,0.0,180.0,39.95567016601562,39.95567016601562,Leave_One_experiments/all_year_offline_schedule_search/daily_outputs/YCA/YCA_2023_YCA2023_normal_grid_S0028_daily.csv
YCA,YCA,Yucheng,2023,Leave_One_experiments\wth_generated_qc\YCA\YCA2023.WTH,normal_year;nitrogen_stress_year;low_response_year,normal,YCA2023_normal_grid_S0028,low_input_within_10pct_yield,2023-08-07,219,56,51,"{""sim_day"": 56.0, ""doy"": 219.0, ""topwt"": 9298.704833984377, ""grnwt"": 0.0, ""xlai"": 4.874626159667969, ""totir"": 0.0, ""tofer"": NaN, ""swfac"": 0.0, ""nstres"": 0.1365275979042053}",0.0,0.1365275979042053,9298.704833984377,0.0,4.874626159667969,0.0,,0.0,0.0,0.0,180.0,39.95567016601562,39.95567016601562,Leave_One_experiments/all_year_offline_schedule_search/daily_outputs/YCA/YCA_2023_YCA2023_normal_grid_S0028_daily.csv
YCA,YCA,Yucheng,2023,Leave_One_experiments\wth_generated_qc\YCA\YCA2023.WTH,normal_year;nitrogen_stress_year;low_response_year,normal,YCA2023_normal_grid_S0028,low_input_within_10pct_yield,2023-08-08,220,57,52,"{""sim_day"": 57.0, ""doy"": 220.0, ""topwt"": 9567.457275390623, ""grnwt"": 0.0, ""xlai"": 4.854675769805908, ""totir"": 0.0, ""tofer"": NaN, ""swfac"": 0.0, ""nstres"": 0.1337499618530273}",0.0,0.1337499618530273,9567.457275390623,0.0,4.854675769805908,0.0,,0.0,0.0,0.0,180.0,39.95567016601562,39.95567016601562,Leave_One_experiments/all_year_offline_schedule_search/daily_outputs/YCA/YCA_2023_YCA2023_normal_grid_S0028_daily.csv
YCA,YCA,Yucheng,2023,Leave_One_experiments\wth_generated_qc\YCA\YCA2023.WTH,normal_year;nitrogen_stress_year;low_response_year,normal,YCA2023_normal_grid_S0028,low_input_within_10pct_yield,2023-08-09,221,58,53,"{""sim_day"": 58.0, ""doy"": 221.0, ""topwt"": 9944.9658203125, ""grnwt"": 0.0, ""xlai"": 4.772744655609131, ""totir"": 0.0, ""tofer"": NaN, ""swfac"": 0.0, ""nstres"": 0.1350132226943969}",0.0,0.1350132226943969,9944.9658203125,0.0,4.772744655609131,0.0,,0.0,0.0,0.0,180.0,39.95567016601562,39.95567016601562,Leave_One_experiments/all_year_offline_schedule_search/daily_outputs/YCA/YCA_2023_YCA2023_normal_grid_S0028_daily.csv
YCA,YCA,Yucheng,2023,Leave_One_experiments\wth_generated_qc\YCA\YCA2023.WTH,normal_year;nitrogen_stress_year;low_response_year,normal,YCA2023_normal_grid_S0028,low_input_within_10pct_yield,2023-08-10,222,59,54,"{""sim_day"": 59.0, ""doy"": 222.0, ""topwt"": 10282.9931640625, ""grnwt"": 0.0, ""xlai"": 4.695346832275391, ""totir"": 0.0, ""tofer"": NaN, ""swfac"": 0.0, ""nstres"": 0.1297330260276794}",0.0,0.1297330260276794,10282.9931640625,0.0,4.695346832275391,0.0,,0.0,0.0,0.0,180.0,39.95567016601562,39.95567016601562,Leave_One_experiments/all_year_offline_schedule_search/daily_outputs/YCA/YCA_2023_YCA2023_normal_grid_S0028_daily.csv
YCA,YCA,Yucheng,2023,Leave_One_experiments\wth_generated_qc\YCA\YCA2023.WTH,normal_year;nitrogen_stress_year;low_response_year,normal,YCA2023_normal_grid_S0028,low_input_within_10pct_yield,2023-08-11,223,60,55,"{""sim_day"": 60.0, ""doy"": 223.0, ""topwt"": 10324.77783203125, ""grnwt"": 0.0, ""xlai"": 4.619954586029053, ""totir"": 0.0, ""tofer"": NaN, ""swfac"": 0.0, ""nstres"": 0.1284534931182861}",0.0,0.1284534931182861,10324.77783203125,0.0,4.619954586029053,0.0,,0.0,0.0,0.0,180.0,39.95567016601562,39.95567016601562,Leave_One_experiments/all_year_offline_schedule_search/daily_outputs/YCA/YCA_2023_YCA2023_normal_grid_S0028_daily.csv
YCA,YCA,Yucheng,2023,Leave_One_experiments\wth_generated_qc\YCA\YCA2023.WTH,normal_year;nitrogen_stress_year;low_response_year,normal,YCA2023_normal_grid_S0028,low_input_within_10pct_yield,2023-08-12,224,61,56,"{""sim_day"": 61.0, ""doy"": 224.0, ""topwt"": 10660.997314453123, ""grnwt"": 0.0, ""xlai"": 4.547921657562256, ""totir"": 0.0, ""tofer"": NaN, ""swfac"": 0.0, ""nstres"": 0.1247332692146301}",0.0,0.1247332692146301,10660.997314453123,0.0,4.547921657562256,0.0,,0.0,0.0,0.0,180.0,39.95567016601562,39.95567016601562,Leave_One_experiments/all_year_offline_schedule_search/daily_outputs/YCA/YCA_2023_YCA2023_normal_grid_S0028_daily.csv
YCA,YCA,Yucheng,2023,Leave_One_experiments\wth_generated_qc\YCA\YCA2023.WTH,normal_year;nitrogen_stress_year;low_response_year,normal,YCA2023_normal_grid_S0028,low_input_within_10pct_yield,2023-08-13,225,62,57,"{""sim_day"": 62.0, ""doy"": 225.0, ""topwt"": 11021.705322265623, ""grnwt"": 0.0, ""xlai"": 4.483038902282715, ""totir"": 0.0, ""tofer"": NaN, ""swfac"": 0.0, ""nstres"": 0.114132285118103}",0.0,0.114132285118103,11021.705322265623,0.0,4.483038902282715,0.0,,0.0,0.0,0.0,180.0,39.95567016601562,39.95567016601562,Leave_One_experiments/all_year_offline_schedule_search/daily_outputs/YCA/YCA_2023_YCA2023_normal_grid_S0028_daily.csv
YCA,YCA,Yucheng,2023,Leave_One_experiments\wth_generated_qc\YCA\YCA2023.WTH,normal_year;nitrogen_stress_year;low_response_year,normal,YCA2023_normal_grid_S0028,low_input_within_10pct_yield,2023-08-14,226,63,58,"{""sim_day"": 63.0, ""doy"": 226.0, ""topwt"": 11377.802734375, ""grnwt"": 0.0, ""xlai"": 4.422262191772461, ""totir"": 0.0, ""tofer"": NaN, ""swfac"": 0.0, ""nstres"": 0.1084562540054321}",0.0,0.1084562540054321,11377.802734375,0.0,4.422262191772461,0.0,,0.0,0.0,0.0,180.0,39.95567016601562,39.95567016601562,Leave_One_experiments/all_year_offline_schedule_search/daily_outputs/YCA/YCA_2023_YCA2023_normal_grid_S0028_daily.csv
YCA,YCA,Yucheng,2023,Leave_One_experiments\wth_generated_qc\YCA\YCA2023.WTH,normal_year;nitrogen_stress_year;low_response_year,normal,YCA2023_normal_grid_S0028,low_input_within_10pct_yield,2023-08-15,227,64,59,"{""sim_day"": 64.0, ""doy"": 227.0, ""topwt"": 11717.786865234377, ""grnwt"": 0.0, ""xlai"": 4.365816116333008, ""totir"": 0.0, ""tofer"": NaN, ""swfac"": 0.0, ""nstres"": 0.1021113991737365}",0.0,0.1021113991737365,11717.786865234377,0.0,4.365816116333008,0.0,,0.0,0.0,0.0,180.0,39.95567016601562,39.95567016601562,Leave_One_experiments/all_year_offline_schedule_search/daily_outputs/YCA/YCA_2023_YCA2023_normal_grid_S0028_daily.csv
YCA,YCA,Yucheng,2023,Leave_One_experiments\wth_generated_qc\YCA\YCA2023.WTH,normal_year;nitrogen_stress_year;low_response_year,normal,YCA2023_normal_grid_S0028,low_input_within_10pct_yield,2023-08-16,228,65,60,"{""sim_day"": 65.0, ""doy"": 228.0, ""topwt"": 12030.052490234377, ""grnwt"": 0.0, ""xlai"": 4.314354419708252, ""totir"": 0.0, ""tofer"": NaN, ""swfac"": 0.0, ""nstres"": 0.0943002700805664}",0.0,0.0943002700805664,12030.052490234377,0.0,4.314354419708252,0.0,,0.0,50.0,0.0,180.0,39.95567016601562,39.95567016601562,Leave_One_experiments/all_year_offline_schedule_search/daily_outputs/YCA/YCA_2023_YCA2023_normal_grid_S0028_daily.csv
YCA,YCA,Yucheng,2023,Leave_One_experiments\wth_generated_qc\YCA\YCA2023.WTH,normal_year;nitrogen_stress_year;low_response_year,normal,YCA2023_normal_grid_S0028,low_input_within_10pct_yield,2023-08-17,229,66,61,"{""sim_day"": 66.0, ""doy"": 229.0, ""topwt"": 12176.806640625, ""grnwt"": 267.45994567871094, ""xlai"": 4.292065620422363, ""totir"": 0.0, ""tofer"": NaN, ""swfac"": 0.0, ""nstres"": 0.0413290858268737}",0.0,0.0413290858268737,12176.806640625,267.45994567871094,4.292065620422363,0.0,,0.0,0.0,0.0,180.0,39.95567016601562,39.95567016601562,Leave_One_experiments/all_year_offline_schedule_search/daily_outputs/YCA/YCA_2023_YCA2023_normal_grid_S0028_daily.csv
YCA,YCA,Yucheng,2023,Leave_One_experiments\wth_generated_qc\YCA\YCA2023.WTH,normal_year;nitrogen_stress_year;low_response_year,normal,YCA2023_normal_grid_S0028,low_input_within_10pct_yield,2023-08-18,230,67,62,"{""sim_day"": 67.0, ""doy"": 230.0, ""topwt"": 12431.080322265623, ""grnwt"": 518.2036209106445, ""xlai"": 4.281308650970459, ""totir"": 0.0, ""tofer"": NaN, ""swfac"": 0.0, ""nstres"": 0.0200492143630981}",0.0,0.0200492143630981,12431.080322265623,518.2036209106445,4.281308650970459,0.0,,0.0,0.0,0.0,180.0,39.95567016601562,39.95567016601562,Leave_One_experiments/all_year_offline_schedule_search/daily_outputs/YCA/YCA_2023_YCA2023_normal_grid_S0028_daily.csv
YCA,YCA,Yucheng,2023,Leave_One_experiments\wth_generated_qc\YCA\YCA2023.WTH,normal_year;nitrogen_stress_year;low_response_year,normal,YCA2023_normal_grid_S0028,low_input_within_10pct_yield,2023-08-19,231,68,63,"{""sim_day"": 68.0, ""doy"": 231.0, ""topwt"": 12663.4765625, ""grnwt"": 774.5194244384766, ""xlai"": 4.271673679351807, ""totir"": 0.0, ""tofer"": NaN, ""swfac"": 0.0, ""nstres"": 0.0}",0.0,0.0,12663.4765625,774.5194244384766,4.271673679351807,0.0,,0.0,0.0,0.0,180.0,39.95567016601562,39.95567016601562,Leave_One_experiments/all_year_offline_schedule_search/daily_outputs/YCA/YCA_2023_YCA2023_normal_grid_S0028_daily.csv
YCA,YCA,Yucheng,2023,Leave_One_experiments\wth_generated_qc\YCA\YCA2023.WTH,normal_year;nitrogen_stress_year;low_response_year,normal,YCA2023_normal_grid_S0028,low_input_within_10pct_yield,2023-08-20,232,69,64,"{""sim_day"": 69.0, ""doy"": 232.0, ""topwt"": 13007.877197265623, ""grnwt"": 1067.9823303222656, ""xlai"": 4.262389659881592, ""totir"": 0.0, ""tofer"": NaN, ""swfac"": 0.0, ""nstres"": 0.0}",0.0,0.0,13007.877197265623,1067.9823303222656,4.262389659881592,0.0,,0.0,0.0,0.0,180.0,39.95567016601562,39.95567016601562,Leave_One_experiments/all_year_offline_schedule_search/daily_outputs/YCA/YCA_2023_YCA2023_normal_grid_S0028_daily.csv
YCA,YCA,Yucheng,2023,Leave_One_experiments\wth_generated_qc\YCA\YCA2023.WTH,normal_year;nitrogen_stress_year;low_response_year,normal,YCA2023_normal_grid_S0028,low_input_within_10pct_yield,2023-08-21,233,70,65,"{""sim_day"": 70.0, ""doy"": 233.0, ""topwt"": 13395.21240234375, ""grnwt"": 1365.159912109375, ""xlai"": 4.253442287445068, ""totir"": 0.0, ""tofer"": NaN, ""swfac"": 0.0, ""nstres"": 0.0}",0.0,0.0,13395.21240234375,1365.159912109375,4.253442287445068,0.0,,0.0,0.0,0.0,180.0,39.95567016601562,39.95567016601562,Leave_One_experiments/all_year_offline_schedule_search/daily_outputs/YCA/YCA_2023_YCA2023_normal_grid_S0028_daily.csv
YCA,YCA,Yucheng,2023,Leave_One_experiments\wth_generated_qc\YCA\YCA2023.WTH,normal_year;nitrogen_stress_year;low_response_year,normal,YCA2023_normal_grid_S0028,low_input_within_10pct_yield,2023-08-22,234,71,66,"{""sim_day"": 71.0, ""doy"": 234.0, ""topwt"": 13692.39013671875, ""grnwt"": 1662.337646484375, ""xlai"": 4.244818687438965, ""totir"": 0.0, ""tofer"": NaN, ""swfac"": 0.0, ""nstres"": 0.0}",0.0,0.0,13692.39013671875,1662.337646484375,4.244818687438965,0.0,,0.0,0.0,0.0,180.0,39.95567016601562,39.95567016601562,Leave_One_experiments/all_year_offline_schedule_search/daily_outputs/YCA/YCA_2023_YCA2023_normal_grid_S0028_daily.csv
YCA,YCA,Yucheng,2023,Leave_One_experiments\wth_generated_qc\YCA\YCA2023.WTH,normal_year;nitrogen_stress_year;low_response_year,normal,YCA2023_normal_grid_S0028,low_input_within_10pct_yield,2023-08-23,235,72,67,"{""sim_day"": 72.0, ""doy"": 235.0, ""topwt"": 13975.355224609377, ""grnwt"": 1959.5152282714844, ""xlai"": 4.236505031585693, ""totir"": 0.0, ""tofer"": NaN, ""swfac"": 0.0, ""nstres"": 0.0}",0.0,0.0,13975.355224609377,1959.5152282714844,4.236505031585693,0.0,,0.0,0.0,0.0,180.0,39.95567016601562,39.95567016601562,Leave_One_experiments/all_year_offline_schedule_search/daily_outputs/YCA/YCA_2023_YCA2023_normal_grid_S0028_daily.csv
YCA,YCA,Yucheng,2023,Leave_One_experiments\wth_generated_qc\YCA\YCA2023.WTH,normal_year;nitrogen_stress_year;low_response_year,normal,YCA2023_normal_grid_S0028,low_input_within_10pct_yield,2023-08-24,236,73,68,"{""sim_day"": 73.0, ""doy"": 236.0, ""topwt"": 14286.74560546875, ""grnwt"": 2256.6929626464844, ""xlai"": 4.228489875793457, ""totir"": 0.0, ""tofer"": NaN, ""swfac"": 0.0, ""nstres"": 0.0}",0.0,0.0,14286.74560546875,2256.6929626464844,4.228489875793457,0.0,,0.0,0.0,0.0,180.0,39.95567016601562,39.95567016601562,Leave_One_experiments/all_year_offline_schedule_search/daily_outputs/YCA/YCA_2023_YCA2023_normal_grid_S0028_daily.csv
YCA,YCA,Yucheng,2023,Leave_One_experiments\wth_generated_qc\YCA\YCA2023.WTH,normal_year;nitrogen_stress_year;low_response_year,normal,YCA2023_normal_grid_S0028,low_input_within_10pct_yield,2023-08-25,237,74,69,"{""sim_day"": 74.0, ""doy"": 237.0, ""topwt"": 14337.60498046875, ""grnwt"": 2553.8706970214844, ""xlai"": 4.220760345458984, ""totir"": 0.0, ""tofer"": NaN, ""swfac"": 0.0, ""nstres"": 0.0}",0.0,0.0,14337.60498046875,2553.8706970214844,4.220760345458984,0.0,,0.0,0.0,0.0,180.0,39.95567016601562,39.95567016601562,Leave_One_experiments/all_year_offline_schedule_search/daily_outputs/YCA/YCA_2023_YCA2023_normal_grid_S0028_daily.csv
YCA,YCA,Yucheng,2023,Leave_One_experiments\wth_generated_qc\YCA\YCA2023.WTH,normal_year;nitrogen_stress_year;low_response_year,normal,YCA2023_normal_grid_S0028,low_input_within_10pct_yield,2023-08-26,238,75,70,"{""sim_day"": 75.0, ""doy"": 238.0, ""topwt"": 14653.983154296877, ""grnwt"": 2851.048583984375, ""xlai"": 4.213305950164795, ""totir"": 0.0, ""tofer"": NaN, ""swfac"": 0.0, ""nstres"": 0.0}",0.0,0.0,14653.983154296877,2851.048583984375,4.213305950164795,0.0,,0.0,0.0,0.0,180.0,39.95567016601562,39.95567016601562,Leave_One_experiments/all_year_offline_schedule_search/daily_outputs/YCA/YCA_2023_YCA2023_normal_grid_S0028_daily.csv
YCA,YCA,Yucheng,2023,Leave_One_experiments\wth_generated_qc\YCA\YCA2023.WTH,normal_year;nitrogen_stress_year;low_response_year,normal,YCA2023_normal_grid_S0028,low_input_within_10pct_yield,2023-08-27,239,76,71,"{""sim_day"": 76.0, ""doy"": 239.0, ""topwt"": 14989.630126953123, ""grnwt"": 3148.226318359375, ""xlai"": 4.206116199493408, ""totir"": 0.0, ""tofer"": NaN, ""swfac"": 0.0, ""nstres"": 0.0}",0.0,0.0,14989.630126953123,3148.226318359375,4.206116199493408,0.0,,0.0,0.0,0.0,180.0,39.95567016601562,39.95567016601562,Leave_One_experiments/all_year_offline_schedule_search/daily_outputs/YCA/YCA_2023_YCA2023_normal_grid_S0028_daily.csv
YCA,YCA,Yucheng,2023,Leave_One_experiments\wth_generated_qc\YCA\YCA2023.WTH,normal_year;nitrogen_stress_year;low_response_year,normal,YCA2023_normal_grid_S0028,low_input_within_10pct_yield,2023-08-28,240,77,72,"{""sim_day"": 77.0, ""doy"": 240.0, ""topwt"": 15382.135009765623, ""grnwt"": 3445.404052734375, ""xlai"": 4.199180603027344, ""totir"": 0.0, ""tofer"": NaN, ""swfac"": 0.0, ""nstres"": 0.0}",0.0,0.0,15382.135009765623,3445.404052734375,4.199180603027344,0.0,,0.0,0.0,0.0,180.0,39.95567016601562,39.95567016601562,Leave_One_experiments/all_year_offline_schedule_search/daily_outputs/YCA/YCA_2023_YCA2023_normal_grid_S0028_daily.csv
YCA,YCA,Yucheng,2023,Leave_One_experiments\wth_generated_qc\YCA\YCA2023.WTH,normal_year;nitrogen_stress_year;low_response_year,normal,YCA2023_normal_grid_S0028,low_input_within_10pct_yield,2023-08-29,241,78,73,"{""sim_day"": 78.0, ""doy"": 241.0, ""topwt"": 15757.110595703123, ""grnwt"": 3742.581787109375, ""xlai"": 4.1924896240234375, ""totir"": 0.0, ""tofer"": NaN, ""swfac"": 0.0, ""nstres"": 0.0097241401672363}",0.0,0.0097241401672363,15757.110595703123,3742.581787109375,4.1924896240234375,0.0,,0.0,0.0,0.0,180.0,39.95567016601562,39.95567016601562,Leave_One_experiments/all_year_offline_schedule_search/daily_outputs/YCA/YCA_2023_YCA2023_normal_grid_S0028_daily.csv
YCA,YCA,Yucheng,2023,Leave_One_experiments\wth_generated_qc\YCA\YCA2023.WTH,normal_year;nitrogen_stress_year;low_response_year,normal,YCA2023_normal_grid_S0028,low_input_within_10pct_yield,2023-08-30,242,79,74,"{""sim_day"": 79.0, ""doy"": 242.0, ""topwt"": 16069.81201171875, ""grnwt"": 4039.759521484375, ""xlai"": 4.179194927215576, ""totir"": 0.0, ""tofer"": NaN, ""swfac"": 0.0, ""nstres"": 0.0253684520721435}",0.0,0.0253684520721435,16069.81201171875,4039.759521484375,4.179194927215576,0.0,,0.0,0.0,0.0,180.0,39.95567016601562,39.95567016601562,Leave_One_experiments/all_year_offline_schedule_search/daily_outputs/YCA/YCA_2023_YCA2023_normal_grid_S0028_daily.csv
YCA,YCA,Yucheng,2023,Leave_One_experiments\wth_generated_qc\YCA\YCA2023.WTH,normal_year;nitrogen_stress_year;low_response_year,normal,YCA2023_normal_grid_S0028,low_input_within_10pct_yield,2023-08-31,243,80,75,"{""sim_day"": 80.0, ""doy"": 243.0, ""topwt"": 16366.98974609375, ""grnwt"": 4336.936950683594, ""xlai"": 4.158863067626953, ""totir"": 0.0, ""tofer"": NaN, ""swfac"": 0.0, ""nstres"": 0.0389198660850524}",0.0,0.0389198660850524,16366.98974609375,4336.936950683594,4.158863067626953,0.0,,0.0,0.0,0.0,180.0,39.95567016601562,39.95567016601562,Leave_One_experiments/all_year_offline_schedule_search/daily_outputs/YCA/YCA_2023_YCA2023_normal_grid_S0028_daily.csv
YCA,YCA,Yucheng,2023,Leave_One_experiments\wth_generated_qc\YCA\YCA2023.WTH,normal_year;nitrogen_stress_year;low_response_year,normal,YCA2023_normal_grid_S0028,low_input_within_10pct_yield,2023-09-01,244,81,76,"{""sim_day"": 81.0, ""doy"": 244.0, ""topwt"": 16664.16748046875, ""grnwt"": 4634.114685058594, ""xlai"": 4.133388996124268, ""totir"": 0.0, ""tofer"": NaN, ""swfac"": 0.0, ""nstres"": 0.0490013360977172}",0.0,0.0490013360977172,16664.16748046875,4634.114685058594,4.133388996124268,0.0,,0.0,0.0,0.0,180.0,39.95567016601562,39.95567016601562,Leave_One_experiments/all_year_offline_schedule_search/daily_outputs/YCA/YCA_2023_YCA2023_normal_grid_S0028_daily.csv
YCA,YCA,Yucheng,2023,Leave_One_experiments\wth_generated_qc\YCA\YCA2023.WTH,normal_year;nitrogen_stress_year;low_response_year,normal,YCA2023_normal_grid_S0028,low_input_within_10pct_yield,2023-09-02,245,82,77,"{""sim_day"": 82.0, ""doy"": 245.0, ""topwt"": 16961.34521484375, ""grnwt"": 4931.292419433594, ""xlai"": 4.103084564208984, ""totir"": 0.0, ""tofer"": NaN, ""swfac"": 0.0, ""nstres"": 0.0586525201797485}",0.0,0.0586525201797485,16961.34521484375,4931.292419433594,4.103084564208984,0.0,,0.0,0.0,0.0,180.0,39.95567016601562,39.95567016601562,Leave_One_experiments/all_year_offline_schedule_search/daily_outputs/YCA/YCA_2023_YCA2023_normal_grid_S0028_daily.csv
YCA,YCA,Yucheng,2023,Leave_One_experiments\wth_generated_qc\YCA\YCA2023.WTH,normal_year;nitrogen_stress_year;low_response_year,normal,YCA2023_normal_grid_S0028,low_input_within_10pct_yield,2023-09-03,246,83,78,"{""sim_day"": 83.0, ""doy"": 246.0, ""topwt"": 17256.6650390625, ""grnwt"": 5226.612548828125, ""xlai"": 4.06829833984375, ""totir"": 0.0, ""tofer"": NaN, ""swfac"": 0.0, ""nstres"": 0.0678244829177856}",0.0,0.0678244829177856,17256.6650390625,5226.612548828125,4.06829833984375,0.0,,0.0,0.0,0.0,180.0,39.95567016601562,39.95567016601562,Leave_One_experiments/all_year_offline_schedule_search/daily_outputs/YCA/YCA_2023_YCA2023_normal_grid_S0028_daily.csv
YCA,YCA,Yucheng,2023,Leave_One_experiments\wth_generated_qc\YCA\YCA2023.WTH,normal_year;nitrogen_stress_year;low_response_year,normal,YCA2023_normal_grid_S0028,low_input_within_10pct_yield,2023-09-04,247,84,79,"{""sim_day"": 84.0, ""doy"": 247.0, ""topwt"": 17553.8427734375, ""grnwt"": 5523.790283203125, ""xlai"": 4.0287370681762695, ""totir"": 0.0, ""tofer"": NaN, ""swfac"": 0.0, ""nstres"": 0.0777947902679443}",0.0,0.0777947902679443,17553.8427734375,5523.790283203125,4.0287370681762695,0.0,,0.0,0.0,0.0,180.0,39.95567016601562,39.95567016601562,Leave_One_experiments/all_year_offline_schedule_search/daily_outputs/YCA/YCA_2023_YCA2023_normal_grid_S0028_daily.csv
YCA,YCA,Yucheng,2023,Leave_One_experiments\wth_generated_qc\YCA\YCA2023.WTH,normal_year;nitrogen_stress_year;low_response_year,normal,YCA2023_normal_grid_S0028,low_input_within_10pct_yield,2023-09-05,248,85,80,"{""sim_day"": 85.0, ""doy"": 248.0, ""topwt"": 17851.021728515625, ""grnwt"": 5820.968017578125, ""xlai"": 3.9269092082977295, ""totir"": 0.0, ""tofer"": NaN, ""swfac"": 0.0, ""nstres"": 0.0893334150314331}",0.0,0.0893334150314331,17851.021728515625,5820.968017578125,3.9269092082977295,0.0,,0.0,0.0,0.0,180.0,39.95567016601562,39.95567016601562,Leave_One_experiments/all_year_offline_schedule_search/daily_outputs/YCA/YCA_2023_YCA2023_normal_grid_S0028_daily.csv
YCA,YCA,Yucheng,2023,Leave_One_experiments\wth_generated_qc\YCA\YCA2023.WTH,normal_year;nitrogen_stress_year;low_response_year,normal,YCA2023_normal_grid_S0028,low_input_within_10pct_yield,2023-09-06,249,86,81,"{""sim_day"": 86.0, ""doy"": 249.0, ""topwt"": 18148.199462890625, ""grnwt"": 6118.145751953125, ""xlai"": 3.77796483039856, ""totir"": 0.0, ""tofer"": NaN, ""swfac"": 0.0, ""nstres"": 0.1005765199661254}",0.0,0.1005765199661254,18148.199462890625,6118.145751953125,3.77796483039856,0.0,,0.0,0.0,0.0,180.0,39.95567016601562,39.95567016601562,Leave_One_experiments/all_year_offline_schedule_search/daily_outputs/YCA/YCA_2023_YCA2023_normal_grid_S0028_daily.csv
YCA,YCA,Yucheng,2023,Leave_One_experiments\wth_generated_qc\YCA\YCA2023.WTH,normal_year;nitrogen_stress_year;low_response_year,normal,YCA2023_normal_grid_S0028,low_input_within_10pct_yield,2023-09-07,250,87,82,"{""sim_day"": 87.0, ""doy"": 250.0, ""topwt"": 18445.3759765625, ""grnwt"": 6415.323486328125, ""xlai"": 3.618464708328247, ""totir"": 0.0, ""tofer"": NaN, ""swfac"": 0.0, ""nstres"": 0.1125202178955078}",0.0,0.1125202178955078,18445.3759765625,6415.323486328125,3.618464708328247,0.0,,0.0,0.0,0.0,180.0,39.95567016601562,39.95567016601562,Leave_One_experiments/all_year_offline_schedule_search/daily_outputs/YCA/YCA_2023_YCA2023_normal_grid_S0028_daily.csv
YCA,YCA,Yucheng,2023,Leave_One_experiments\wth_generated_qc\YCA\YCA2023.WTH,normal_year;nitrogen_stress_year;low_response_year,normal,YCA2023_normal_grid_S0028,low_input_within_10pct_yield,2023-09-08,251,88,83,"{""sim_day"": 88.0, ""doy"": 251.0, ""topwt"": 18742.5537109375, ""grnwt"": 6712.501220703125, ""xlai"": 3.4456982612609863, ""totir"": 0.0, ""tofer"": NaN, ""swfac"": 0.0, ""nstres"": 0.1249825954437255}",0.0,0.1249825954437255,18742.5537109375,6712.501220703125,3.4456982612609863,0.0,,0.0,0.0,0.0,180.0,39.95567016601562,39.95567016601562,Leave_One_experiments/all_year_offline_schedule_search/daily_outputs/YCA/YCA_2023_YCA2023_normal_grid_S0028_daily.csv
YCA,YCA,Yucheng,2023,Leave_One_experiments\wth_generated_qc\YCA\YCA2023.WTH,normal_year;nitrogen_stress_year;low_response_year,normal,YCA2023_normal_grid_S0028,low_input_within_10pct_yield,2023-09-09,252,89,84,"{""sim_day"": 89.0, ""doy"": 252.0, ""topwt"": 18903.912353515625, ""grnwt"": 7009.678955078125, ""xlai"": 3.271759510040283, ""totir"": 0.0, ""tofer"": NaN, ""swfac"": 0.0, ""nstres"": 0.138787031173706}",0.0,0.138787031173706,18903.912353515625,7009.678955078125,3.271759510040283,0.0,,0.0,0.0,0.0,180.0,39.95567016601562,39.95567016601562,Leave_One_experiments/all_year_offline_schedule_search/daily_outputs/YCA/YCA_2023_YCA2023_normal_grid_S0028_daily.csv
YCA,YCA,Yucheng,2023,Leave_One_experiments\wth_generated_qc\YCA\YCA2023.WTH,normal_year;nitrogen_stress_year;low_response_year,normal,YCA2023_normal_grid_S0028,low_input_within_10pct_yield,2023-09-10,253,90,85,"{""sim_day"": 90.0, ""doy"": 253.0, ""topwt"": 19054.0234375, ""grnwt"": 7306.856689453125, ""xlai"": 3.0917277336120605, ""totir"": 0.0, ""tofer"": NaN, ""swfac"": 0.0, ""nstres"": 0.1530156135559082}",0.0,0.1530156135559082,19054.0234375,7306.856689453125,3.0917277336120605,0.0,,0.0,0.0,0.0,180.0,39.95567016601562,39.95567016601562,Leave_One_experiments/all_year_offline_schedule_search/daily_outputs/YCA/YCA_2023_YCA2023_normal_grid_S0028_daily.csv
YCA,YCA,Yucheng,2023,Leave_One_experiments\wth_generated_qc\YCA\YCA2023.WTH,normal_year;nitrogen_stress_year;low_response_year,normal,YCA2023_normal_grid_S0028,low_input_within_10pct_yield,2023-09-11,254,91,86,"{""sim_day"": 91.0, ""doy"": 254.0, ""topwt"": 19176.568603515625, ""grnwt"": 7604.034423828125, ""xlai"": 2.923956155776977, ""totir"": 0.0, ""tofer"": NaN, ""swfac"": 0.0, ""nstres"": 0.160946786403656}",0.0,0.160946786403656,19176.568603515625,7604.034423828125,2.923956155776977,0.0,,0.0,0.0,0.0,180.0,39.95567016601562,39.95567016601562,Leave_One_experiments/all_year_offline_schedule_search/daily_outputs/YCA/YCA_2023_YCA2023_normal_grid_S0028_daily.csv
YCA,YCA,Yucheng,2023,Leave_One_experiments\wth_generated_qc\YCA\YCA2023.WTH,normal_year;nitrogen_stress_year;low_response_year,normal,YCA2023_normal_grid_S0028,low_input_within_10pct_yield,2023-09-12,255,92,87,"{""sim_day"": 92.0, ""doy"": 255.0, ""topwt"": 19498.82202148437, ""grnwt"": 7901.212158203125, ""xlai"": 2.750608444213867, ""totir"": 0.0, ""tofer"": NaN, ""swfac"": 0.0, ""nstres"": 0.1688897609710693}",0.0,0.1688897609710693,19498.82202148437,7901.212158203125,2.750608444213867,0.0,,0.0,0.0,0.0,180.0,39.95567016601562,39.95567016601562,Leave_One_experiments/all_year_offline_schedule_search/daily_outputs/YCA/YCA_2023_YCA2023_normal_grid_S0028_daily.csv
YCA,YCA,Yucheng,2023,Leave_One_experiments\wth_generated_qc\YCA\YCA2023.WTH,normal_year;nitrogen_stress_year;low_response_year,normal,YCA2023_normal_grid_S0028,low_input_within_10pct_yield,2023-09-13,256,93,88,"{""sim_day"": 93.0, ""doy"": 256.0, ""topwt"": 19814.58984375, ""grnwt"": 8198.389892578125, ""xlai"": 2.588270425796509, ""totir"": 0.0, ""tofer"": NaN, ""swfac"": 0.0, ""nstres"": 0.176756739616394}",0.0,0.176756739616394,19814.58984375,8198.389892578125,2.588270425796509,0.0,,0.0,0.0,0.0,180.0,39.95567016601562,39.95567016601562,Leave_One_experiments/all_year_offline_schedule_search/daily_outputs/YCA/YCA_2023_YCA2023_normal_grid_S0028_daily.csv
YCA,YCA,Yucheng,2023,Leave_One_experiments\wth_generated_qc\YCA\YCA2023.WTH,normal_year;nitrogen_stress_year;low_response_year,normal,YCA2023_normal_grid_S0028,low_input_within_10pct_yield,2023-09-14,257,94,89,"{""sim_day"": 94.0, ""doy"": 257.0, ""topwt"": 20112.117919921875, ""grnwt"": 8495.567016601562, ""xlai"": 2.401261568069458, ""totir"": 0.0, ""tofer"": NaN, ""swfac"": 0.0, ""nstres"": 0.1967185735702514}",0.0,0.1967185735702514,20112.117919921875,8495.567016601562,2.401261568069458,0.0,,0.0,0.0,0.0,180.0,39.95567016601562,39.95567016601562,Leave_One_experiments/all_year_offline_schedule_search/daily_outputs/YCA/YCA_2023_YCA2023_normal_grid_S0028_daily.csv
YCA,YCA,Yucheng,2023,Leave_One_experiments\wth_generated_qc\YCA\YCA2023.WTH,normal_year;nitrogen_stress_year;low_response_year,normal,YCA2023_normal_grid_S0028,low_input_within_10pct_yield,2023-09-15,258,95,90,"{""sim_day"": 95.0, ""doy"": 258.0, ""topwt"": 20112.117919921875, ""grnwt"": 8495.567016601562, ""xlai"": 2.401261568069458, ""totir"": 0.0, ""tofer"": NaN, ""swfac"": 0.0, ""nstres"": 0.2467848062515258}",0.0,0.2467848062515258,20112.117919921875,8495.567016601562,2.401261568069458,0.0,,0.0,0.0,0.0,180.0,39.95567016601562,39.95567016601562,Leave_One_experiments/all_year_offline_schedule_search/daily_outputs/YCA/YCA_2023_YCA2023_normal_grid_S0028_daily.csv
YCA,YCA,Yucheng,2023,Leave_One_experiments\wth_generated_qc\YCA\YCA2023.WTH,normal_year;nitrogen_stress_year;low_response_year,normal,YCA2023_normal_grid_S0028,low_input_within_10pct_yield,2023-09-16,259,96,91,"{""sim_day"": 96.0, ""doy"": 259.0, ""topwt"": 20112.117919921875, ""grnwt"": 8495.567016601562, ""xlai"": 2.401261568069458, ""totir"": 0.0, ""tofer"": NaN, ""swfac"": 0.0, ""nstres"": 0.2467848062515258}",0.0,0.2467848062515258,20112.117919921875,8495.567016601562,2.401261568069458,0.0,,0.0,0.0,0.0,180.0,39.95567016601562,39.95567016601562,Leave_One_experiments/all_year_offline_schedule_search/daily_outputs/YCA/YCA_2023_YCA2023_normal_grid_S0028_daily.csv
YCA,YCA,Yucheng,2023,Leave_One_experiments\wth_generated_qc\YCA\YCA2023.WTH,normal_year;nitrogen_stress_year;low_response_year,normal,YCA2023_normal_grid_S0028,low_input_within_10pct_yield,2023-09-17,260,97,92,"{""sim_day"": 97.0, ""doy"": 260.0, ""topwt"": 20112.117919921875, ""grnwt"": 8495.567016601562, ""xlai"": 2.401261568069458, ""totir"": 0.0, ""tofer"": NaN, ""swfac"": 0.0, ""nstres"": 0.2467848062515258}",0.0,0.2467848062515258,20112.117919921875,8495.567016601562,2.401261568069458,0.0,,0.0,0.0,0.0,180.0,39.95567016601562,39.95567016601562,Leave_One_experiments/all_year_offline_schedule_search/daily_outputs/YCA/YCA_2023_YCA2023_normal_grid_S0028_daily.csv
YCA,YCA,Yucheng,2023,Leave_One_experiments\wth_generated_qc\YCA\YCA2023.WTH,normal_year;nitrogen_stress_year;low_response_year,normal,YCA2023_normal_grid_S0024,pareto_balanced,2023-06-18,169,1,1,"{""sim_day"": 1.0, ""doy"": 169.0, ""topwt"": 0.0, ""grnwt"": 0.0, ""xlai"": 0.0, ""totir"": 0.0, ""tofer"": NaN, ""swfac"": 0.0, ""nstres"": 0.0}",0.0,0.0,0.0,0.0,0.0,0.0,,0.0,75.0,30.0,225.0,18.43787231445313,30.43787231445313,Leave_One_experiments/all_year_offline_schedule_search/daily_outputs/YCA/YCA_2023_YCA2023_normal_grid_S0024_daily.csv
YCA,YCA,Yucheng,2023,Leave_One_experiments\wth_generated_qc\YCA\YCA2023.WTH,normal_year;nitrogen_stress_year;low_response_year,normal,YCA2023_normal_grid_S0024,pareto_balanced,2023-06-19,170,2,2,"{""sim_day"": 2.0, ""doy"": 170.0, ""topwt"": 0.0, ""grnwt"": 0.0, ""xlai"": 0.0, ""totir"": 0.0, ""tofer"": NaN, ""swfac"": 0.0, ""nstres"": 0.0}",0.0,0.0,0.0,0.0,0.0,0.0,,0.0,0.0,30.0,225.0,18.43787231445313,30.43787231445313,Leave_One_experiments/all_year_offline_schedule_search/daily_outputs/YCA/YCA_2023_YCA2023_normal_grid_S0024_daily.csv
YCA,YCA,Yucheng,2023,Leave_One_experiments\wth_generated_qc\YCA\YCA2023.WTH,normal_year;nitrogen_stress_year;low_response_year,normal,YCA2023_normal_grid_S0024,pareto_balanced,2023-06-20,171,3,3,"{""sim_day"": 3.0, ""doy"": 171.0, ""topwt"": 0.0, ""grnwt"": 0.0, ""xlai"": 0.0, ""totir"": 0.0, ""tofer"": NaN, ""swfac"": 0.0, ""nstres"": 0.0}",0.0,0.0,0.0,0.0,0.0,0.0,,0.0,0.0,30.0,225.0,18.43787231445313,30.43787231445313,Leave_One_experiments/all_year_offline_schedule_search/daily_outputs/YCA/YCA_2023_YCA2023_normal_grid_S0024_daily.csv
YCA,YCA,Yucheng,2023,Leave_One_experiments\wth_generated_qc\YCA\YCA2023.WTH,normal_year;nitrogen_stress_year;low_response_year,normal,YCA2023_normal_grid_S0024,pareto_balanced,2023-06-21,172,4,4,"{""sim_day"": 4.0, ""doy"": 172.0, ""topwt"": 0.0, ""grnwt"": 0.0, ""xlai"": 0.0, ""totir"": 0.0, ""tofer"": NaN, ""swfac"": 0.0, ""nstres"": 0.0}",0.0,0.0,0.0,0.0,0.0,0.0,,0.0,0.0,30.0,225.0,18.43787231445313,30.43787231445313,Leave_One_experiments/all_year_offline_schedule_search/daily_outputs/YCA/YCA_2023_YCA2023_normal_grid_S0024_daily.csv
YCA,YCA,Yucheng,2023,Leave_One_experiments\wth_generated_qc\YCA\YCA2023.WTH,normal_year;nitrogen_stress_year;low_response_year,normal,YCA2023_normal_grid_S0024,pareto_balanced,2023-06-22,173,5,5,"{""sim_day"": 5.0, ""doy"": 173.0, ""topwt"": 0.0, ""grnwt"": 0.0, ""xlai"": 0.0, ""totir"": 0.0, ""tofer"": NaN, ""swfac"": 0.0, ""nstres"": 0.0}",0.0,0.0,0.0,0.0,0.0,0.0,,0.0,0.0,30.0,225.0,18.43787231445313,30.43787231445313,Leave_One_experiments/all_year_offline_schedule_search/daily_outputs/YCA/YCA_2023_YCA2023_normal_grid_S0024_daily.csv
YCA,YCA,Yucheng,2023,Leave_One_experiments\wth_generated_qc\YCA\YCA2023.WTH,normal_year;nitrogen_stress_year;low_response_year,normal,YCA2023_normal_grid_S0024,pareto_balanced,2023-06-18,169,6,1,"{""sim_day"": 6.0, ""doy"": 169.0, ""topwt"": 0.0, ""grnwt"": 0.0, ""xlai"": 0.0, ""totir"": 0.0, ""tofer"": NaN, ""swfac"": 0.0, ""nstres"": 0.0}",0.0,0.0,0.0,0.0,0.0,0.0,,0.0,0.0,30.0,225.0,18.43787231445313,30.43787231445313,Leave_One_experiments/all_year_offline_schedule_search/daily_outputs/YCA/YCA_2023_YCA2023_normal_grid_S0024_daily.csv
YCA,YCA,Yucheng,2023,Leave_One_experiments\wth_generated_qc\YCA\YCA2023.WTH,normal_year;nitrogen_stress_year;low_response_year,normal,YCA2023_normal_grid_S0024,pareto_balanced,2023-06-19,170,7,2,"{""sim_day"": 7.0, ""doy"": 170.0, ""topwt"": 0.0, ""grnwt"": 0.0, ""xlai"": 0.0, ""totir"": 0.0, ""tofer"": NaN, ""swfac"": 0.0, ""nstres"": 0.0}",0.0,0.0,0.0,0.0,0.0,0.0,,0.0,0.0,30.0,225.0,18.43787231445313,30.43787231445313,Leave_One_experiments/all_year_offline_schedule_search/daily_outputs/YCA/YCA_2023_YCA2023_normal_grid_S0024_daily.csv
YCA,YCA,Yucheng,2023,Leave_One_experiments\wth_generated_qc\YCA\YCA2023.WTH,normal_year;nitrogen_stress_year;low_response_year,normal,YCA2023_normal_grid_S0024,pareto_balanced,2023-06-20,171,8,3,"{""sim_day"": 8.0, ""doy"": 171.0, ""topwt"": 0.0, ""grnwt"": 0.0, ""xlai"": 0.0, ""totir"": 0.0, ""tofer"": NaN, ""swfac"": 0.0, ""nstres"": 0.0}",0.0,0.0,0.0,0.0,0.0,0.0,,0.0,0.0,30.0,225.0,18.43787231445313,30.43787231445313,Leave_One_experiments/all_year_offline_schedule_search/daily_outputs/YCA/YCA_2023_YCA2023_normal_grid_S0024_daily.csv
YCA,YCA,Yucheng,2023,Leave_One_experiments\wth_generated_qc\YCA\YCA2023.WTH,normal_year;nitrogen_stress_year;low_response_year,normal,YCA2023_normal_grid_S0024,pareto_balanced,2023-06-21,172,9,4,"{""sim_day"": 9.0, ""doy"": 172.0, ""topwt"": 0.0, ""grnwt"": 0.0, ""xlai"": 0.0, ""totir"": 0.0, ""tofer"": NaN, ""swfac"": 0.0, ""nstres"": 0.0}",0.0,0.0,0.0,0.0,0.0,0.0,,0.0,0.0,30.0,225.0,18.43787231445313,30.43787231445313,Leave_One_experiments/all_year_offline_schedule_search/daily_outputs/YCA/YCA_2023_YCA2023_normal_grid_S0024_daily.csv
YCA,YCA,Yucheng,2023,Leave_One_experiments\wth_generated_qc\YCA\YCA2023.WTH,normal_year;nitrogen_stress_year;low_response_year,normal,YCA2023_normal_grid_S0024,pareto_balanced,2023-06-22,173,10,5,"{""sim_day"": 10.0, ""doy"": 173.0, ""topwt"": 26.400001049041748, ""grnwt"": 0.0, ""xlai"": 0.0058571309782564, ""totir"": 0.0, ""tofer"": NaN, ""swfac"": 0.0, ""nstres"": 0.0121910572052001}",0.0,0.0121910572052001,26.400001049041748,0.0,0.0058571309782564,0.0,,0.0,0.0,30.0,225.0,18.43787231445313,30.43787231445313,Leave_One_experiments/all_year_offline_schedule_search/daily_outputs/YCA/YCA_2023_YCA2023_normal_grid_S0024_daily.csv
YCA,YCA,Yucheng,2023,Leave_One_experiments\wth_generated_qc\YCA\YCA2023.WTH,normal_year;nitrogen_stress_year;low_response_year,normal,YCA2023_normal_grid_S0024,pareto_balanced,2023-06-23,174,11,6,"{""sim_day"": 11.0, ""doy"": 174.0, ""topwt"": 26.400001049041748, ""grnwt"": 0.0, ""xlai"": 0.0120706427842378, ""totir"": 0.0, ""tofer"": NaN, ""swfac"": 0.0, ""nstres"": 0.0079849958419799}",0.0,0.0079849958419799,26.400001049041748,0.0,0.0120706427842378,0.0,,0.0,0.0,30.0,225.0,18.43787231445313,30.43787231445313,Leave_One_experiments/all_year_offline_schedule_search/daily_outputs/YCA/YCA_2023_YCA2023_normal_grid_S0024_daily.csv
YCA,YCA,Yucheng,2023,Leave_One_experiments\wth_generated_qc\YCA\YCA2023.WTH,normal_year;nitrogen_stress_year;low_response_year,normal,YCA2023_normal_grid_S0024,pareto_balanced,2023-06-24,175,12,7,"{""sim_day"": 12.0, ""doy"": 175.0, ""topwt"": 26.400001049041748, ""grnwt"": 0.0, ""xlai"": 0.0183221846818923, ""totir"": 0.0, ""tofer"": NaN, ""swfac"": 0.0, ""nstres"": 0.0007379055023193}",0.0,0.0007379055023193,26.400001049041748,0.0,0.0183221846818923,0.0,,0.0,0.0,30.0,225.0,18.43787231445313,30.43787231445313,Leave_One_experiments/all_year_offline_schedule_search/daily_outputs/YCA/YCA_2023_YCA2023_normal_grid_S0024_daily.csv
YCA,YCA,Yucheng,2023,Leave_One_experiments\wth_generated_qc\YCA\YCA2023.WTH,normal_year;nitrogen_stress_year;low_response_year,normal,YCA2023_normal_grid_S0024,pareto_balanced,2023-06-25,176,13,8,"{""sim_day"": 13.0, ""doy"": 176.0, ""topwt"": 26.400001049041748, ""grnwt"": 0.0, ""xlai"": 0.0435296855866909, ""totir"": 0.0, ""tofer"": NaN, ""swfac"": 0.0, ""nstres"": 0.0}",0.0,0.0,26.400001049041748,0.0,0.0435296855866909,0.0,,0.0,0.0,30.0,225.0,18.43787231445313,30.43787231445313,Leave_One_experiments/all_year_offline_schedule_search/daily_outputs/YCA/YCA_2023_YCA2023_normal_grid_S0024_daily.csv
YCA,YCA,Yucheng,2023,Leave_One_experiments\wth_generated_qc\YCA\YCA2023.WTH,normal_year;nitrogen_stress_year;low_response_year,normal,YCA2023_normal_grid_S0024,pareto_balanced,2023-06-26,177,14,9,"{""sim_day"": 14.0, ""doy"": 177.0, ""topwt"": 37.50510215759277, ""grnwt"": 0.0, ""xlai"": 0.0737534314393997, ""totir"": 0.0, ""tofer"": NaN, ""swfac"": 0.0, ""nstres"": 0.0}",0.0,0.0,37.50510215759277,0.0,0.0737534314393997,0.0,,0.0,0.0,30.0,225.0,18.43787231445313,30.43787231445313,Leave_One_experiments/all_year_offline_schedule_search/daily_outputs/YCA/YCA_2023_YCA2023_normal_grid_S0024_daily.csv
YCA,YCA,Yucheng,2023,Leave_One_experiments\wth_generated_qc\YCA\YCA2023.WTH,normal_year;nitrogen_stress_year;low_response_year,normal,YCA2023_normal_grid_S0024,pareto_balanced,2023-06-27,178,15,10,"{""sim_day"": 15.0, ""doy"": 178.0, ""topwt"": 53.37294578552246, ""grnwt"": 0.0, ""xlai"": 0.1100483760237693, ""totir"": 0.0, ""tofer"": NaN, ""swfac"": 0.0, ""nstres"": 0.0}",0.0,0.0,53.37294578552246,0.0,0.1100483760237693,0.0,,0.0,0.0,30.0,225.0,18.43787231445313,30.43787231445313,Leave_One_experiments/all_year_offline_schedule_search/daily_outputs/YCA/YCA_2023_YCA2023_normal_grid_S0024_daily.csv
YCA,YCA,Yucheng,2023,Leave_One_experiments\wth_generated_qc\YCA\YCA2023.WTH,normal_year;nitrogen_stress_year;low_response_year,normal,YCA2023_normal_grid_S0024,pareto_balanced,2023-06-28,179,16,11,"{""sim_day"": 16.0, ""doy"": 179.0, ""topwt"": 74.93001461029053, ""grnwt"": 0.0, ""xlai"": 0.1548771858215332, ""totir"": 0.0, ""tofer"": NaN, ""swfac"": 0.0, ""nstres"": 0.0}",0.0,0.0,74.93001461029053,0.0,0.1548771858215332,0.0,,0.0,0.0,30.0,225.0,18.43787231445313,30.43787231445313,Leave_One_experiments/all_year_offline_schedule_search/daily_outputs/YCA/YCA_2023_YCA2023_normal_grid_S0024_daily.csv
YCA,YCA,Yucheng,2023,Leave_One_experiments\wth_generated_qc\YCA\YCA2023.WTH,normal_year;nitrogen_stress_year;low_response_year,normal,YCA2023_normal_grid_S0024,pareto_balanced,2023-06-29,180,17,12,"{""sim_day"": 17.0, ""doy"": 180.0, ""topwt"": 99.65514183044434, ""grnwt"": 0.0, ""xlai"": 0.2024078220129013, ""totir"": 0.0, ""tofer"": NaN, ""swfac"": 0.0, ""nstres"": 0.0}",0.0,0.0,99.65514183044434,0.0,0.2024078220129013,0.0,,0.0,0.0,30.0,225.0,18.43787231445313,30.43787231445313,Leave_One_experiments/all_year_offline_schedule_search/daily_outputs/YCA/YCA_2023_YCA2023_normal_grid_S0024_daily.csv
YCA,YCA,Yucheng,2023,Leave_One_experiments\wth_generated_qc\YCA\YCA2023.WTH,normal_year;nitrogen_stress_year;low_response_year,normal,YCA2023_normal_grid_S0024,pareto_balanced,2023-06-30,181,18,13,"{""sim_day"": 18.0, ""doy"": 181.0, ""topwt"": 131.5467929840088, ""grnwt"": 0.0, ""xlai"": 0.2597059607505798, ""totir"": 0.0, ""tofer"": NaN, ""swfac"": 0.0, ""nstres"": 0.0}",0.0,0.0,131.5467929840088,0.0,0.2597059607505798,0.0,,0.0,0.0,30.0,225.0,18.43787231445313,30.43787231445313,Leave_One_experiments/all_year_offline_schedule_search/daily_outputs/YCA/YCA_2023_YCA2023_normal_grid_S0024_daily.csv
YCA,YCA,Yucheng,2023,Leave_One_experiments\wth_generated_qc\YCA\YCA2023.WTH,normal_year;nitrogen_stress_year;low_response_year,normal,YCA2023_normal_grid_S0024,pareto_balanced,2023-07-01,182,19,14,"{""sim_day"": 19.0, ""doy"": 182.0, ""topwt"": 174.4040870666504, ""grnwt"": 0.0, ""xlai"": 0.3318465054035187, ""totir"": 0.0, ""tofer"": NaN, ""swfac"": 0.0, ""nstres"": 0.0}",0.0,0.0,174.4040870666504,0.0,0.3318465054035187,0.0,,0.0,0.0,30.0,225.0,18.43787231445313,30.43787231445313,Leave_One_experiments/all_year_offline_schedule_search/daily_outputs/YCA/YCA_2023_YCA2023_normal_grid_S0024_daily.csv
YCA,YCA,Yucheng,2023,Leave_One_experiments\wth_generated_qc\YCA\YCA2023.WTH,normal_year;nitrogen_stress_year;low_response_year,normal,YCA2023_normal_grid_S0024,pareto_balanced,2023-07-02,183,20,15,"{""sim_day"": 20.0, ""doy"": 183.0, ""topwt"": 219.00312423706052, ""grnwt"": 0.0, ""xlai"": 0.4302230775356293, ""totir"": 0.0, ""tofer"": NaN, ""swfac"": 0.0, ""nstres"": 0.0}",0.0,0.0,219.00312423706052,0.0,0.4302230775356293,0.0,,0.0,0.0,30.0,225.0,18.43787231445313,30.43787231445313,Leave_One_experiments/all_year_offline_schedule_search/daily_outputs/YCA/YCA_2023_YCA2023_normal_grid_S0024_daily.csv
YCA,YCA,Yucheng,2023,Leave_One_experiments\wth_generated_qc\YCA\YCA2023.WTH,normal_year;nitrogen_stress_year;low_response_year,normal,YCA2023_normal_grid_S0024,pareto_balanced,2023-07-03,184,21,16,"{""sim_day"": 21.0, ""doy"": 184.0, ""topwt"": 273.0967903137207, ""grnwt"": 0.0, ""xlai"": 0.5176066756248474, ""totir"": 0.0, ""tofer"": NaN, ""swfac"": 0.0, ""nstres"": 0.0}",0.0,0.0,273.0967903137207,0.0,0.5176066756248474,0.0,,0.0,0.0,30.0,225.0,18.43787231445313,30.43787231445313,Leave_One_experiments/all_year_offline_schedule_search/daily_outputs/YCA/YCA_2023_YCA2023_normal_grid_S0024_daily.csv
YCA,YCA,Yucheng,2023,Leave_One_experiments\wth_generated_qc\YCA\YCA2023.WTH,normal_year;nitrogen_stress_year;low_response_year,normal,YCA2023_normal_grid_S0024,pareto_balanced,2023-07-04,185,22,17,"{""sim_day"": 22.0, ""doy"": 185.0, ""topwt"": 346.84593200683594, ""grnwt"": 0.0, ""xlai"": 0.6307865977287292, ""totir"": 0.0, ""tofer"": NaN, ""swfac"": 0.0, ""nstres"": 0.0042382478713989}",0.0,0.0042382478713989,346.84593200683594,0.0,0.6307865977287292,0.0,,0.0,0.0,30.0,225.0,18.43787231445313,30.43787231445313,Leave_One_experiments/all_year_offline_schedule_search/daily_outputs/YCA/YCA_2023_YCA2023_normal_grid_S0024_daily.csv
YCA,YCA,Yucheng,2023,Leave_One_experiments\wth_generated_qc\YCA\YCA2023.WTH,normal_year;nitrogen_stress_year;low_response_year,normal,YCA2023_normal_grid_S0024,pareto_balanced,2023-07-05,186,23,18,"{""sim_day"": 23.0, ""doy"": 186.0, ""topwt"": 440.3469848632813, ""grnwt"": 0.0, ""xlai"": 0.766916811466217, ""totir"": 0.0, ""tofer"": NaN, ""swfac"": 0.0, ""nstres"": 0.0}",0.0,0.0,440.3469848632813,0.0,0.766916811466217,0.0,,0.0,0.0,30.0,225.0,18.43787231445313,30.43787231445313,Leave_One_experiments/all_year_offline_schedule_search/daily_outputs/YCA/YCA_2023_YCA2023_normal_grid_S0024_daily.csv
YCA,YCA,Yucheng,2023,Leave_One_experiments\wth_generated_qc\YCA\YCA2023.WTH,normal_year;nitrogen_stress_year;low_response_year,normal,YCA2023_normal_grid_S0024,pareto_balanced,2023-07-06,187,24,19,"{""sim_day"": 24.0, ""doy"": 187.0, ""topwt"": 551.2447357177734, ""grnwt"": 0.0, ""xlai"": 0.9203612804412842, ""totir"": 0.0, ""tofer"": NaN, ""swfac"": 0.0, ""nstres"": 0.0}",0.0,0.0,551.2447357177734,0.0,0.9203612804412842,0.0,,0.0,0.0,30.0,225.0,18.43787231445313,30.43787231445313,Leave_One_experiments/all_year_offline_schedule_search/daily_outputs/YCA/YCA_2023_YCA2023_normal_grid_S0024_daily.csv
YCA,YCA,Yucheng,2023,Leave_One_experiments\wth_generated_qc\YCA\YCA2023.WTH,normal_year;nitrogen_stress_year;low_response_year,normal,YCA2023_normal_grid_S0024,pareto_balanced,2023-07-07,188,25,20,"{""sim_day"": 25.0, ""doy"": 188.0, ""topwt"": 677.0158386230469, ""grnwt"": 0.0, ""xlai"": 1.0863643884658811, ""totir"": 0.0, ""tofer"": NaN, ""swfac"": 0.0, ""nstres"": 0.0}",0.0,0.0,677.0158386230469,0.0,1.0863643884658811,0.0,,0.0,0.0,30.0,225.0,18.43787231445313,30.43787231445313,Leave_One_experiments/all_year_offline_schedule_search/daily_outputs/YCA/YCA_2023_YCA2023_normal_grid_S0024_daily.csv
YCA,YCA,Yucheng,2023,Leave_One_experiments\wth_generated_qc\YCA\YCA2023.WTH,normal_year;nitrogen_stress_year;low_response_year,normal,YCA2023_normal_grid_S0024,pareto_balanced,2023-07-08,189,26,21,"{""sim_day"": 26.0, ""doy"": 189.0, ""topwt"": 815.5962371826172, ""grnwt"": 0.0, ""xlai"": 1.2615782022476196, ""totir"": 0.0, ""tofer"": NaN, ""swfac"": 0.0, ""nstres"": 0.0}",0.0,0.0,815.5962371826172,0.0,1.2615782022476196,0.0,,0.0,0.0,30.0,225.0,18.43787231445313,30.43787231445313,Leave_One_experiments/all_year_offline_schedule_search/daily_outputs/YCA/YCA_2023_YCA2023_normal_grid_S0024_daily.csv
YCA,YCA,Yucheng,2023,Leave_One_experiments\wth_generated_qc\YCA\YCA2023.WTH,normal_year;nitrogen_stress_year;low_response_year,normal,YCA2023_normal_grid_S0024,pareto_balanced,2023-07-09,190,27,22,"{""sim_day"": 27.0, ""doy"": 190.0, ""topwt"": 993.9740753173828, ""grnwt"": 0.0, ""xlai"": 1.4764212369918823, ""totir"": 0.0, ""tofer"": NaN, ""swfac"": 0.0, ""nstres"": 0.0}",0.0,0.0,993.9740753173828,0.0,1.4764212369918823,0.0,,0.0,0.0,30.0,225.0,18.43787231445313,30.43787231445313,Leave_One_experiments/all_year_offline_schedule_search/daily_outputs/YCA/YCA_2023_YCA2023_normal_grid_S0024_daily.csv
YCA,YCA,Yucheng,2023,Leave_One_experiments\wth_generated_qc\YCA\YCA2023.WTH,normal_year;nitrogen_stress_year;low_response_year,normal,YCA2023_normal_grid_S0024,pareto_balanced,2023-07-10,191,28,23,"{""sim_day"": 28.0, ""doy"": 191.0, ""topwt"": 1176.824951171875, ""grnwt"": 0.0, ""xlai"": 1.6950247287750244, ""totir"": 0.0, ""tofer"": NaN, ""swfac"": 0.0, ""nstres"": 0.0}",0.0,0.0,1176.824951171875,0.0,1.6950247287750244,0.0,,0.0,0.0,30.0,225.0,18.43787231445313,30.43787231445313,Leave_One_experiments/all_year_offline_schedule_search/daily_outputs/YCA/YCA_2023_YCA2023_normal_grid_S0024_daily.csv
YCA,YCA,Yucheng,2023,Leave_One_experiments\wth_generated_qc\YCA\YCA2023.WTH,normal_year;nitrogen_stress_year;low_response_year,normal,YCA2023_normal_grid_S0024,pareto_balanced,2023-07-11,192,29,24,"{""sim_day"": 29.0, ""doy"": 192.0, ""topwt"": 1348.3351135253906, ""grnwt"": 0.0, ""xlai"": 1.8891968727111816, ""totir"": 0.0, ""tofer"": NaN, ""swfac"": 0.0, ""nstres"": 0.0}",0.0,0.0,1348.3351135253906,0.0,1.8891968727111816,0.0,,0.0,0.0,30.0,225.0,18.43787231445313,30.43787231445313,Leave_One_experiments/all_year_offline_schedule_search/daily_outputs/YCA/YCA_2023_YCA2023_normal_grid_S0024_daily.csv
YCA,YCA,Yucheng,2023,Leave_One_experiments\wth_generated_qc\YCA\YCA2023.WTH,normal_year;nitrogen_stress_year;low_response_year,normal,YCA2023_normal_grid_S0024,pareto_balanced,2023-07-12,193,30,25,"{""sim_day"": 30.0, ""doy"": 193.0, ""topwt"": 1532.1253967285156, ""grnwt"": 0.0, ""xlai"": 2.085511922836304, ""totir"": 0.0, ""tofer"": NaN, ""swfac"": 0.0, ""nstres"": 0.0}",0.0,0.0,1532.1253967285156,0.0,2.085511922836304,0.0,,0.0,0.0,30.0,225.0,18.43787231445313,30.43787231445313,Leave_One_experiments/all_year_offline_schedule_search/daily_outputs/YCA/YCA_2023_YCA2023_normal_grid_S0024_daily.csv
YCA,YCA,Yucheng,2023,Leave_One_experiments\wth_generated_qc\YCA\YCA2023.WTH,normal_year;nitrogen_stress_year;low_response_year,normal,YCA2023_normal_grid_S0024,pareto_balanced,2023-07-13,194,31,26,"{""sim_day"": 31.0, ""doy"": 194.0, ""topwt"": 1747.1784973144531, ""grnwt"": 0.0, ""xlai"": 2.300053358078003, ""totir"": 0.0, ""tofer"": NaN, ""swfac"": 0.0, ""nstres"": 0.0}",0.0,0.0,1747.1784973144531,0.0,2.300053358078003,0.0,,0.0,0.0,30.0,225.0,18.43787231445313,30.43787231445313,Leave_One_experiments/all_year_offline_schedule_search/daily_outputs/YCA/YCA_2023_YCA2023_normal_grid_S0024_daily.csv
YCA,YCA,Yucheng,2023,Leave_One_experiments\wth_generated_qc\YCA\YCA2023.WTH,normal_year;nitrogen_stress_year;low_response_year,normal,YCA2023_normal_grid_S0024,pareto_balanced,2023-07-14,195,32,27,"{""sim_day"": 32.0, ""doy"": 195.0, ""topwt"": 1968.3241271972656, ""grnwt"": 0.0, ""xlai"": 2.505388021469116, ""totir"": 0.0, ""tofer"": NaN, ""swfac"": 0.0, ""nstres"": 0.0}",0.0,0.0,1968.3241271972656,0.0,2.505388021469116,0.0,,0.0,0.0,30.0,225.0,18.43787231445313,30.43787231445313,Leave_One_experiments/all_year_offline_schedule_search/daily_outputs/YCA/YCA_2023_YCA2023_normal_grid_S0024_daily.csv
YCA,YCA,Yucheng,2023,Leave_One_experiments\wth_generated_qc\YCA\YCA2023.WTH,normal_year;nitrogen_stress_year;low_response_year,normal,YCA2023_normal_grid_S0024,pareto_balanced,2023-07-15,196,33,28,"{""sim_day"": 33.0, ""doy"": 196.0, ""topwt"": 2183.698272705078, ""grnwt"": 0.0, ""xlai"": 2.6919965744018555, ""totir"": 0.0, ""tofer"": NaN, ""swfac"": 0.0, ""nstres"": 0.0}",0.0,0.0,2183.698272705078,0.0,2.6919965744018555,0.0,,0.0,0.0,30.0,225.0,18.43787231445313,30.43787231445313,Leave_One_experiments/all_year_offline_schedule_search/daily_outputs/YCA/YCA_2023_YCA2023_normal_grid_S0024_daily.csv
YCA,YCA,Yucheng,2023,Leave_One_experiments\wth_generated_qc\YCA\YCA2023.WTH,normal_year;nitrogen_stress_year;low_response_year,normal,YCA2023_normal_grid_S0024,pareto_balanced,2023-07-16,197,34,29,"{""sim_day"": 34.0, ""doy"": 197.0, ""topwt"": 2416.9236755371094, ""grnwt"": 0.0, ""xlai"": 2.8801379203796387, ""totir"": 0.0, ""tofer"": NaN, ""swfac"": 0.0, ""nstres"": 0.0}",0.0,0.0,2416.9236755371094,0.0,2.8801379203796387,0.0,,0.0,0.0,30.0,225.0,18.43787231445313,30.43787231445313,Leave_One_experiments/all_year_offline_schedule_search/daily_outputs/YCA/YCA_2023_YCA2023_normal_grid_S0024_daily.csv
YCA,YCA,Yucheng,2023,Leave_One_experiments\wth_generated_qc\YCA\YCA2023.WTH,normal_year;nitrogen_stress_year;low_response_year,normal,YCA2023_normal_grid_S0024,pareto_balanced,2023-07-17,198,35,30,"{""sim_day"": 35.0, ""doy"": 198.0, ""topwt"": 2676.449279785156, ""grnwt"": 0.0, ""xlai"": 3.074209213256836, ""totir"": 0.0, ""tofer"": NaN, ""swfac"": 0.0, ""nstres"": 0.0}",0.0,0.0,2676.449279785156,0.0,3.074209213256836,0.0,,0.0,75.0,30.0,225.0,18.43787231445313,30.43787231445313,Leave_One_experiments/all_year_offline_schedule_search/daily_outputs/YCA/YCA_2023_YCA2023_normal_grid_S0024_daily.csv
YCA,YCA,Yucheng,2023,Leave_One_experiments\wth_generated_qc\YCA\YCA2023.WTH,normal_year;nitrogen_stress_year;low_response_year,normal,YCA2023_normal_grid_S0024,pareto_balanced,2023-07-18,199,36,31,"{""sim_day"": 36.0, ""doy"": 199.0, ""topwt"": 2963.1515502929688, ""grnwt"": 0.0, ""xlai"": 3.272267341613769, ""totir"": 0.0, ""tofer"": NaN, ""swfac"": 0.0, ""nstres"": 0.0}",0.0,0.0,2963.1515502929688,0.0,3.272267341613769,0.0,,0.0,0.0,30.0,225.0,18.43787231445313,30.43787231445313,Leave_One_experiments/all_year_offline_schedule_search/daily_outputs/YCA/YCA_2023_YCA2023_normal_grid_S0024_daily.csv
YCA,YCA,Yucheng,2023,Leave_One_experiments\wth_generated_qc\YCA\YCA2023.WTH,normal_year;nitrogen_stress_year;low_response_year,normal,YCA2023_normal_grid_S0024,pareto_balanced,2023-07-19,200,37,32,"{""sim_day"": 37.0, ""doy"": 200.0, ""topwt"": 3289.5095825195312, ""grnwt"": 0.0, ""xlai"": 3.479551076889038, ""totir"": 0.0, ""tofer"": NaN, ""swfac"": 0.0, ""nstres"": 0.0}",0.0,0.0,3289.5095825195312,0.0,3.479551076889038,0.0,,0.0,0.0,30.0,225.0,18.43787231445313,30.43787231445313,Leave_One_experiments/all_year_offline_schedule_search/daily_outputs/YCA/YCA_2023_YCA2023_normal_grid_S0024_daily.csv
YCA,YCA,Yucheng,2023,Leave_One_experiments\wth_generated_qc\YCA\YCA2023.WTH,normal_year;nitrogen_stress_year;low_response_year,normal,YCA2023_normal_grid_S0024,pareto_balanced,2023-07-20,201,38,33,"{""sim_day"": 38.0, ""doy"": 201.0, ""topwt"": 3383.988037109375, ""grnwt"": 0.0, ""xlai"": 3.5354409217834477, ""totir"": 0.0, ""tofer"": NaN, ""swfac"": 0.0, ""nstres"": 0.0}",0.0,0.0,3383.988037109375,0.0,3.5354409217834477,0.0,,0.0,0.0,30.0,225.0,18.43787231445313,30.43787231445313,Leave_One_experiments/all_year_offline_schedule_search/daily_outputs/YCA/YCA_2023_YCA2023_normal_grid_S0024_daily.csv
YCA,YCA,Yucheng,2023,Leave_One_experiments\wth_generated_qc\YCA\YCA2023.WTH,normal_year;nitrogen_stress_year;low_response_year,normal,YCA2023_normal_grid_S0024,pareto_balanced,2023-07-21,202,39,34,"{""sim_day"": 39.0, ""doy"": 202.0, ""topwt"": 3696.166687011719, ""grnwt"": 0.0, ""xlai"": 3.707540988922119, ""totir"": 0.0, ""tofer"": NaN, ""swfac"": 0.0, ""nstres"": 0.0}",0.0,0.0,3696.166687011719,0.0,3.707540988922119,0.0,,0.0,0.0,30.0,225.0,18.43787231445313,30.43787231445313,Leave_One_experiments/all_year_offline_schedule_search/daily_outputs/YCA/YCA_2023_YCA2023_normal_grid_S0024_daily.csv
YCA,YCA,Yucheng,2023,Leave_One_experiments\wth_generated_qc\YCA\YCA2023.WTH,normal_year;nitrogen_stress_year;low_response_year,normal,YCA2023_normal_grid_S0024,pareto_balanced,2023-07-22,203,40,35,"{""sim_day"": 40.0, ""doy"": 203.0, ""topwt"": 4053.8113403320312, ""grnwt"": 0.0, ""xlai"": 3.8894240856170654, ""totir"": 30.0, ""tofer"": NaN, ""swfac"": 0.0, ""nstres"": 0.0}",0.0,0.0,4053.8113403320312,0.0,3.8894240856170654,30.0,,30.0,0.0,30.0,225.0,18.43787231445313,30.43787231445313,Leave_One_experiments/all_year_offline_schedule_search/daily_outputs/YCA/YCA_2023_YCA2023_normal_grid_S0024_daily.csv
YCA,YCA,Yucheng,2023,Leave_One_experiments\wth_generated_qc\YCA\YCA2023.WTH,normal_year;nitrogen_stress_year;low_response_year,normal,YCA2023_normal_grid_S0024,pareto_balanced,2023-07-23,204,41,36,"{""sim_day"": 41.0, ""doy"": 204.0, ""topwt"": 4472.921447753906, ""grnwt"": 0.0, ""xlai"": 4.086148738861084, ""totir"": 30.0, ""tofer"": NaN, ""swfac"": 0.0, ""nstres"": 0.0}",0.0,0.0,4472.921447753906,0.0,4.086148738861084,30.0,,0.0,0.0,30.0,225.0,18.43787231445313,30.43787231445313,Leave_One_experiments/all_year_offline_schedule_search/daily_outputs/YCA/YCA_2023_YCA2023_normal_grid_S0024_daily.csv
YCA,YCA,Yucheng,2023,Leave_One_experiments\wth_generated_qc\YCA\YCA2023.WTH,normal_year;nitrogen_stress_year;low_response_year,normal,YCA2023_normal_grid_S0024,pareto_balanced,2023-07-24,205,42,37,"{""sim_day"": 42.0, ""doy"": 205.0, ""topwt"": 4916.324157714844, ""grnwt"": 0.0, ""xlai"": 4.275627136230469, ""totir"": 30.0, ""tofer"": NaN, ""swfac"": 0.0, ""nstres"": 0.0}",0.0,0.0,4916.324157714844,0.0,4.275627136230469,30.0,,0.0,0.0,30.0,225.0,18.43787231445313,30.43787231445313,Leave_One_experiments/all_year_offline_schedule_search/daily_outputs/YCA/YCA_2023_YCA2023_normal_grid_S0024_daily.csv
YCA,YCA,Yucheng,2023,Leave_One_experiments\wth_generated_qc\YCA\YCA2023.WTH,normal_year;nitrogen_stress_year;low_response_year,normal,YCA2023_normal_grid_S0024,pareto_balanced,2023-07-25,206,43,38,"{""sim_day"": 43.0, ""doy"": 206.0, ""topwt"": 5275.103759765625, ""grnwt"": 0.0, ""xlai"": 4.409212112426758, ""totir"": 30.0, ""tofer"": NaN, ""swfac"": 0.0, ""nstres"": 0.0}",0.0,0.0,5275.103759765625,0.0,4.409212112426758,30.0,,0.0,0.0,30.0,225.0,18.43787231445313,30.43787231445313,Leave_One_experiments/all_year_offline_schedule_search/daily_outputs/YCA/YCA_2023_YCA2023_normal_grid_S0024_daily.csv
YCA,YCA,Yucheng,2023,Leave_One_experiments\wth_generated_qc\YCA\YCA2023.WTH,normal_year;nitrogen_stress_year;low_response_year,normal,YCA2023_normal_grid_S0024,pareto_balanced,2023-07-26,207,44,39,"{""sim_day"": 44.0, ""doy"": 207.0, ""topwt"": 5742.49267578125, ""grnwt"": 0.0, ""xlai"": 4.567023754119873, ""totir"": 30.0, ""tofer"": NaN, ""swfac"": 0.0, ""nstres"": 0.0}",0.0,0.0,5742.49267578125,0.0,4.567023754119873,30.0,,0.0,0.0,30.0,225.0,18.43787231445313,30.43787231445313,Leave_One_experiments/all_year_offline_schedule_search/daily_outputs/YCA/YCA_2023_YCA2023_normal_grid_S0024_daily.csv
YCA,YCA,Yucheng,2023,Leave_One_experiments\wth_generated_qc\YCA\YCA2023.WTH,normal_year;nitrogen_stress_year;low_response_year,normal,YCA2023_normal_grid_S0024,pareto_balanced,2023-07-27,208,45,40,"{""sim_day"": 45.0, ""doy"": 208.0, ""topwt"": 6069.6124267578125, ""grnwt"": 0.0, ""xlai"": 4.658071517944336, ""totir"": 30.0, ""tofer"": NaN, ""swfac"": 0.0, ""nstres"": 0.0}",0.0,0.0,6069.6124267578125,0.0,4.658071517944336,30.0,,0.0,0.0,30.0,225.0,18.43787231445313,30.43787231445313,Leave_One_experiments/all_year_offline_schedule_search/daily_outputs/YCA/YCA_2023_YCA2023_normal_grid_S0024_daily.csv
YCA,YCA,Yucheng,2023,Leave_One_experiments\wth_generated_qc\YCA\YCA2023.WTH,normal_year;nitrogen_stress_year;low_response_year,normal,YCA2023_normal_grid_S0024,pareto_balanced,2023-07-28,209,46,41,"{""sim_day"": 46.0, ""doy"": 209.0, ""topwt"": 6395.9124755859375, ""grnwt"": 0.0, ""xlai"": 4.802212238311768, ""totir"": 30.0, ""tofer"": NaN, ""swfac"": 0.0, ""nstres"": 0.0050966739654541}",0.0,0.0050966739654541,6395.9124755859375,0.0,4.802212238311768,30.0,,0.0,0.0,30.0,225.0,18.43787231445313,30.43787231445313,Leave_One_experiments/all_year_offline_schedule_search/daily_outputs/YCA/YCA_2023_YCA2023_normal_grid_S0024_daily.csv
YCA,YCA,Yucheng,2023,Leave_One_experiments\wth_generated_qc\YCA\YCA2023.WTH,normal_year;nitrogen_stress_year;low_response_year,normal,YCA2023_normal_grid_S0024,pareto_balanced,2023-07-29,210,47,42,"{""sim_day"": 47.0, ""doy"": 210.0, ""topwt"": 6718.160400390625, ""grnwt"": 0.0, ""xlai"": 4.900825023651123, ""totir"": 30.0, ""tofer"": NaN, ""swfac"": 0.0, ""nstres"": 0.0212036371231079}",0.0,0.0212036371231079,6718.160400390625,0.0,4.900825023651123,30.0,,0.0,0.0,30.0,225.0,18.43787231445313,30.43787231445313,Leave_One_experiments/all_year_offline_schedule_search/daily_outputs/YCA/YCA_2023_YCA2023_normal_grid_S0024_daily.csv
YCA,YCA,Yucheng,2023,Leave_One_experiments\wth_generated_qc\YCA\YCA2023.WTH,normal_year;nitrogen_stress_year;low_response_year,normal,YCA2023_normal_grid_S0024,pareto_balanced,2023-07-30,211,48,43,"{""sim_day"": 48.0, ""doy"": 211.0, ""topwt"": 7036.1614990234375, ""grnwt"": 0.0, ""xlai"": 4.97572135925293, ""totir"": 30.0, ""tofer"": NaN, ""swfac"": 0.0, ""nstres"": 0.0363829731941223}",0.0,0.0363829731941223,7036.1614990234375,0.0,4.97572135925293,30.0,,0.0,0.0,30.0,225.0,18.43787231445313,30.43787231445313,Leave_One_experiments/all_year_offline_schedule_search/daily_outputs/YCA/YCA_2023_YCA2023_normal_grid_S0024_daily.csv
YCA,YCA,Yucheng,2023,Leave_One_experiments\wth_generated_qc\YCA\YCA2023.WTH,normal_year;nitrogen_stress_year;low_response_year,normal,YCA2023_normal_grid_S0024,pareto_balanced,2023-07-31,212,49,44,"{""sim_day"": 49.0, ""doy"": 212.0, ""topwt"": 7329.259643554687, ""grnwt"": 0.0, ""xlai"": 5.02718448638916, ""totir"": 30.0, ""tofer"": NaN, ""swfac"": 0.0, ""nstres"": 0.0486565828323364}",0.0,0.0486565828323364,7329.259643554687,0.0,5.02718448638916,30.0,,0.0,0.0,30.0,225.0,18.43787231445313,30.43787231445313,Leave_One_experiments/all_year_offline_schedule_search/daily_outputs/YCA/YCA_2023_YCA2023_normal_grid_S0024_daily.csv
YCA,YCA,Yucheng,2023,Leave_One_experiments\wth_generated_qc\YCA\YCA2023.WTH,normal_year;nitrogen_stress_year;low_response_year,normal,YCA2023_normal_grid_S0024,pareto_balanced,2023-08-01,213,50,45,"{""sim_day"": 50.0, ""doy"": 213.0, ""topwt"": 7718.410034179687, ""grnwt"": 0.0, ""xlai"": 5.096035480499268, ""totir"": 30.0, ""tofer"": NaN, ""swfac"": 0.0, ""nstres"": 0.0592590570449829}",0.0,0.0592590570449829,7718.410034179687,0.0,5.096035480499268,30.0,,0.0,0.0,30.0,225.0,18.43787231445313,30.43787231445313,Leave_One_experiments/all_year_offline_schedule_search/daily_outputs/YCA/YCA_2023_YCA2023_normal_grid_S0024_daily.csv
YCA,YCA,Yucheng,2023,Leave_One_experiments\wth_generated_qc\YCA\YCA2023.WTH,normal_year;nitrogen_stress_year;low_response_year,normal,YCA2023_normal_grid_S0024,pareto_balanced,2023-08-02,214,51,46,"{""sim_day"": 51.0, ""doy"": 214.0, ""topwt"": 8124.019775390625, ""grnwt"": 0.0, ""xlai"": 5.157595634460449, ""totir"": 30.0, ""tofer"": NaN, ""swfac"": 0.0, ""nstres"": 0.0669200420379638}",0.0,0.0669200420379638,8124.019775390625,0.0,5.157595634460449,30.0,,0.0,0.0,30.0,225.0,18.43787231445313,30.43787231445313,Leave_One_experiments/all_year_offline_schedule_search/daily_outputs/YCA/YCA_2023_YCA2023_normal_grid_S0024_daily.csv
YCA,YCA,Yucheng,2023,Leave_One_experiments\wth_generated_qc\YCA\YCA2023.WTH,normal_year;nitrogen_stress_year;low_response_year,normal,YCA2023_normal_grid_S0024,pareto_balanced,2023-08-03,215,52,47,"{""sim_day"": 52.0, ""doy"": 215.0, ""topwt"": 8514.27001953125, ""grnwt"": 0.0, ""xlai"": 5.203176975250244, ""totir"": 30.0, ""tofer"": NaN, ""swfac"": 0.0, ""nstres"": 0.0775057077407836}",0.0,0.0775057077407836,8514.27001953125,0.0,5.203176975250244,30.0,,0.0,0.0,30.0,225.0,18.43787231445313,30.43787231445313,Leave_One_experiments/all_year_offline_schedule_search/daily_outputs/YCA/YCA_2023_YCA2023_normal_grid_S0024_daily.csv
YCA,YCA,Yucheng,2023,Leave_One_experiments\wth_generated_qc\YCA\YCA2023.WTH,normal_year;nitrogen_stress_year;low_response_year,normal,YCA2023_normal_grid_S0024,pareto_balanced,2023-08-04,216,53,48,"{""sim_day"": 53.0, ""doy"": 216.0, ""topwt"": 8791.49169921875, ""grnwt"": 0.0, ""xlai"": 5.210255146026611, ""totir"": 30.0, ""tofer"": NaN, ""swfac"": 0.0, ""nstres"": 0.0875365734100341}",0.0,0.0875365734100341,8791.49169921875,0.0,5.210255146026611,30.0,,0.0,0.0,30.0,225.0,18.43787231445313,30.43787231445313,Leave_One_experiments/all_year_offline_schedule_search/daily_outputs/YCA/YCA_2023_YCA2023_normal_grid_S0024_daily.csv
YCA,YCA,Yucheng,2023,Leave_One_experiments\wth_generated_qc\YCA\YCA2023.WTH,normal_year;nitrogen_stress_year;low_response_year,normal,YCA2023_normal_grid_S0024,pareto_balanced,2023-08-05,217,54,49,"{""sim_day"": 54.0, ""doy"": 217.0, ""topwt"": 9089.945678710938, ""grnwt"": 0.0, ""xlai"": 5.216894626617432, ""totir"": 30.0, ""tofer"": NaN, ""swfac"": 0.0, ""nstres"": 0.0954853296279907}",0.0,0.0954853296279907,9089.945678710938,0.0,5.216894626617432,30.0,,0.0,0.0,30.0,225.0,18.43787231445313,30.43787231445313,Leave_One_experiments/all_year_offline_schedule_search/daily_outputs/YCA/YCA_2023_YCA2023_normal_grid_S0024_daily.csv
YCA,YCA,Yucheng,2023,Leave_One_experiments\wth_generated_qc\YCA\YCA2023.WTH,normal_year;nitrogen_stress_year;low_response_year,normal,YCA2023_normal_grid_S0024,pareto_balanced,2023-08-06,218,55,50,"{""sim_day"": 55.0, ""doy"": 218.0, ""topwt"": 9370.674438476562, ""grnwt"": 0.0, ""xlai"": 5.216680526733398, ""totir"": 30.0, ""tofer"": NaN, ""swfac"": 0.0, ""nstres"": 0.0994220972061157}",0.0,0.0994220972061157,9370.674438476562,0.0,5.216680526733398,30.0,,0.0,0.0,30.0,225.0,18.43787231445313,30.43787231445313,Leave_One_experiments/all_year_offline_schedule_search/daily_outputs/YCA/YCA_2023_YCA2023_normal_grid_S0024_daily.csv
YCA,YCA,Yucheng,2023,Leave_One_experiments\wth_generated_qc\YCA\YCA2023.WTH,normal_year;nitrogen_stress_year;low_response_year,normal,YCA2023_normal_grid_S0024,pareto_balanced,2023-08-07,219,56,51,"{""sim_day"": 56.0, ""doy"": 219.0, ""topwt"": 9677.2802734375, ""grnwt"": 0.0, ""xlai"": 5.222311973571777, ""totir"": 30.0, ""tofer"": NaN, ""swfac"": 0.0, ""nstres"": 0.0995808243751525}",0.0,0.0995808243751525,9677.2802734375,0.0,5.222311973571777,30.0,,0.0,0.0,30.0,225.0,18.43787231445313,30.43787231445313,Leave_One_experiments/all_year_offline_schedule_search/daily_outputs/YCA/YCA_2023_YCA2023_normal_grid_S0024_daily.csv
YCA,YCA,Yucheng,2023,Leave_One_experiments\wth_generated_qc\YCA\YCA2023.WTH,normal_year;nitrogen_stress_year;low_response_year,normal,YCA2023_normal_grid_S0024,pareto_balanced,2023-08-08,220,57,52,"{""sim_day"": 57.0, ""doy"": 220.0, ""topwt"": 9982.99560546875, ""grnwt"": 0.0, ""xlai"": 5.228912830352783, ""totir"": 30.0, ""tofer"": NaN, ""swfac"": 0.0, ""nstres"": 0.0976045131683349}",0.0,0.0976045131683349,9982.99560546875,0.0,5.228912830352783,30.0,,0.0,0.0,30.0,225.0,18.43787231445313,30.43787231445313,Leave_One_experiments/all_year_offline_schedule_search/daily_outputs/YCA/YCA_2023_YCA2023_normal_grid_S0024_daily.csv
YCA,YCA,Yucheng,2023,Leave_One_experiments\wth_generated_qc\YCA\YCA2023.WTH,normal_year;nitrogen_stress_year;low_response_year,normal,YCA2023_normal_grid_S0024,pareto_balanced,2023-08-09,221,58,53,"{""sim_day"": 58.0, ""doy"": 221.0, ""topwt"": 10383.231201171877, ""grnwt"": 0.0, ""xlai"": 5.167075157165527, ""totir"": 30.0, ""tofer"": NaN, ""swfac"": 0.0, ""nstres"": 0.094608187675476}",0.0,0.094608187675476,10383.231201171877,0.0,5.167075157165527,30.0,,0.0,0.0,30.0,225.0,18.43787231445313,30.43787231445313,Leave_One_experiments/all_year_offline_schedule_search/daily_outputs/YCA/YCA_2023_YCA2023_normal_grid_S0024_daily.csv
YCA,YCA,Yucheng,2023,Leave_One_experiments\wth_generated_qc\YCA\YCA2023.WTH,normal_year;nitrogen_stress_year;low_response_year,normal,YCA2023_normal_grid_S0024,pareto_balanced,2023-08-10,222,59,54,"{""sim_day"": 59.0, ""doy"": 222.0, ""topwt"": 10742.283935546877, ""grnwt"": 0.0, ""xlai"": 5.109456062316895, ""totir"": 30.0, ""tofer"": NaN, ""swfac"": 0.0, ""nstres"": 0.0892094373703002}",0.0,0.0892094373703002,10742.283935546877,0.0,5.109456062316895,30.0,,0.0,0.0,30.0,225.0,18.43787231445313,30.43787231445313,Leave_One_experiments/all_year_offline_schedule_search/daily_outputs/YCA/YCA_2023_YCA2023_normal_grid_S0024_daily.csv
YCA,YCA,Yucheng,2023,Leave_One_experiments\wth_generated_qc\YCA\YCA2023.WTH,normal_year;nitrogen_stress_year;low_response_year,normal,YCA2023_normal_grid_S0024,pareto_balanced,2023-08-11,223,60,55,"{""sim_day"": 60.0, ""doy"": 223.0, ""topwt"": 10788.912353515623, ""grnwt"": 0.0, ""xlai"": 5.054247856140137, ""totir"": 30.0, ""tofer"": NaN, ""swfac"": 0.0, ""nstres"": 0.086441159248352}",0.0,0.086441159248352,10788.912353515623,0.0,5.054247856140137,30.0,,0.0,0.0,30.0,225.0,18.43787231445313,30.43787231445313,Leave_One_experiments/all_year_offline_schedule_search/daily_outputs/YCA/YCA_2023_YCA2023_normal_grid_S0024_daily.csv
YCA,YCA,Yucheng,2023,Leave_One_experiments\wth_generated_qc\YCA\YCA2023.WTH,normal_year;nitrogen_stress_year;low_response_year,normal,YCA2023_normal_grid_S0024,pareto_balanced,2023-08-12,224,61,56,"{""sim_day"": 61.0, ""doy"": 224.0, ""topwt"": 11148.6376953125, ""grnwt"": 0.0, ""xlai"": 5.003142833709717, ""totir"": 30.0, ""tofer"": NaN, ""swfac"": 0.0, ""nstres"": 0.0808901786804199}",0.0,0.0808901786804199,11148.6376953125,0.0,5.003142833709717,30.0,,0.0,0.0,30.0,225.0,18.43787231445313,30.43787231445313,Leave_One_experiments/all_year_offline_schedule_search/daily_outputs/YCA/YCA_2023_YCA2023_normal_grid_S0024_daily.csv
YCA,YCA,Yucheng,2023,Leave_One_experiments\wth_generated_qc\YCA\YCA2023.WTH,normal_year;nitrogen_stress_year;low_response_year,normal,YCA2023_normal_grid_S0024,pareto_balanced,2023-08-13,225,62,57,"{""sim_day"": 62.0, ""doy"": 225.0, ""topwt"": 11535.712890625, ""grnwt"": 0.0, ""xlai"": 4.960370063781738, ""totir"": 30.0, ""tofer"": NaN, ""swfac"": 0.0, ""nstres"": 0.0683929920196533}",0.0,0.0683929920196533,11535.712890625,0.0,4.960370063781738,30.0,,0.0,0.0,30.0,225.0,18.43787231445313,30.43787231445313,Leave_One_experiments/all_year_offline_schedule_search/daily_outputs/YCA/YCA_2023_YCA2023_normal_grid_S0024_daily.csv
YCA,YCA,Yucheng,2023,Leave_One_experiments\wth_generated_qc\YCA\YCA2023.WTH,normal_year;nitrogen_stress_year;low_response_year,normal,YCA2023_normal_grid_S0024,pareto_balanced,2023-08-14,226,63,58,"{""sim_day"": 63.0, ""doy"": 226.0, ""topwt"": 11919.70703125, ""grnwt"": 0.0, ""xlai"": 4.92225980758667, ""totir"": 30.0, ""tofer"": NaN, ""swfac"": 0.0, ""nstres"": 0.0601518154144287}",0.0,0.0601518154144287,11919.70703125,0.0,4.92225980758667,30.0,,0.0,0.0,30.0,225.0,18.43787231445313,30.43787231445313,Leave_One_experiments/all_year_offline_schedule_search/daily_outputs/YCA/YCA_2023_YCA2023_normal_grid_S0024_daily.csv
YCA,YCA,Yucheng,2023,Leave_One_experiments\wth_generated_qc\YCA\YCA2023.WTH,normal_year;nitrogen_stress_year;low_response_year,normal,YCA2023_normal_grid_S0024,pareto_balanced,2023-08-15,227,64,59,"{""sim_day"": 64.0, ""doy"": 227.0, ""topwt"": 12288.416748046877, ""grnwt"": 0.0, ""xlai"": 4.885943412780762, ""totir"": 30.0, ""tofer"": NaN, ""swfac"": 0.0, ""nstres"": 0.0509623289108276}",0.0,0.0509623289108276,12288.416748046877,0.0,4.885943412780762,30.0,,0.0,0.0,30.0,225.0,18.43787231445313,30.43787231445313,Leave_One_experiments/all_year_offline_schedule_search/daily_outputs/YCA/YCA_2023_YCA2023_normal_grid_S0024_daily.csv
YCA,YCA,Yucheng,2023,Leave_One_experiments\wth_generated_qc\YCA\YCA2023.WTH,normal_year;nitrogen_stress_year;low_response_year,normal,YCA2023_normal_grid_S0024,pareto_balanced,2023-08-16,228,65,60,"{""sim_day"": 65.0, ""doy"": 228.0, ""topwt"": 12629.462890625, ""grnwt"": 0.0, ""xlai"": 4.851313591003418, ""totir"": 30.0, ""tofer"": NaN, ""swfac"": 0.0, ""nstres"": 0.0397135615348815}",0.0,0.0397135615348815,12629.462890625,0.0,4.851313591003418,30.0,,0.0,75.0,30.0,225.0,18.43787231445313,30.43787231445313,Leave_One_experiments/all_year_offline_schedule_search/daily_outputs/YCA/YCA_2023_YCA2023_normal_grid_S0024_daily.csv
YCA,YCA,Yucheng,2023,Leave_One_experiments\wth_generated_qc\YCA\YCA2023.WTH,normal_year;nitrogen_stress_year;low_response_year,normal,YCA2023_normal_grid_S0024,pareto_balanced,2023-08-17,229,66,61,"{""sim_day"": 66.0, ""doy"": 229.0, ""topwt"": 12785.064697265623, ""grnwt"": 282.3579406738281, ""xlai"": 4.818274021148682, ""totir"": 30.0, ""tofer"": NaN, ""swfac"": 0.0, ""nstres"": 0.0}",0.0,0.0,12785.064697265623,282.3579406738281,4.818274021148682,30.0,,0.0,0.0,30.0,225.0,18.43787231445313,30.43787231445313,Leave_One_experiments/all_year_offline_schedule_search/daily_outputs/YCA/YCA_2023_YCA2023_normal_grid_S0024_daily.csv
YCA,YCA,Yucheng,2023,Leave_One_experiments\wth_generated_qc\YCA\YCA2023.WTH,normal_year;nitrogen_stress_year;low_response_year,normal,YCA2023_normal_grid_S0024,pareto_balanced,2023-08-18,230,67,62,"{""sim_day"": 67.0, ""doy"": 230.0, ""topwt"": 13051.1279296875, ""grnwt"": 547.0684051513672, ""xlai"": 4.78673267364502, ""totir"": 30.0, ""tofer"": NaN, ""swfac"": 0.0, ""nstres"": 0.0}",0.0,0.0,13051.1279296875,547.0684051513672,4.78673267364502,30.0,,0.0,0.0,30.0,225.0,18.43787231445313,30.43787231445313,Leave_One_experiments/all_year_offline_schedule_search/daily_outputs/YCA/YCA_2023_YCA2023_normal_grid_S0024_daily.csv
YCA,YCA,Yucheng,2023,Leave_One_experiments\wth_generated_qc\YCA\YCA2023.WTH,normal_year;nitrogen_stress_year;low_response_year,normal,YCA2023_normal_grid_S0024,pareto_balanced,2023-08-19,231,68,63,"{""sim_day"": 68.0, ""doy"": 231.0, ""topwt"": 13287.255859375, ""grnwt"": 817.6614379882812, ""xlai"": 4.756605625152588, ""totir"": 30.0, ""tofer"": NaN, ""swfac"": 0.0, ""nstres"": 0.0}",0.0,0.0,13287.255859375,817.6614379882812,4.756605625152588,30.0,,0.0,0.0,30.0,225.0,18.43787231445313,30.43787231445313,Leave_One_experiments/all_year_offline_schedule_search/daily_outputs/YCA/YCA_2023_YCA2023_normal_grid_S0024_daily.csv
YCA,YCA,Yucheng,2023,Leave_One_experiments\wth_generated_qc\YCA\YCA2023.WTH,normal_year;nitrogen_stress_year;low_response_year,normal,YCA2023_normal_grid_S0024,pareto_balanced,2023-08-20,232,69,64,"{""sim_day"": 69.0, ""doy"": 232.0, ""topwt"": 13642.9150390625, ""grnwt"": 1127.470932006836, ""xlai"": 4.727814674377441, ""totir"": 30.0, ""tofer"": NaN, ""swfac"": 0.0, ""nstres"": 0.0}",0.0,0.0,13642.9150390625,1127.470932006836,4.727814674377441,30.0,,0.0,0.0,30.0,225.0,18.43787231445313,30.43787231445313,Leave_One_experiments/all_year_offline_schedule_search/daily_outputs/YCA/YCA_2023_YCA2023_normal_grid_S0024_daily.csv
YCA,YCA,Yucheng,2023,Leave_One_experiments\wth_generated_qc\YCA\YCA2023.WTH,normal_year;nitrogen_stress_year;low_response_year,normal,YCA2023_normal_grid_S0024,pareto_balanced,2023-08-21,233,70,65,"{""sim_day"": 70.0, ""doy"": 233.0, ""topwt"": 14053.115234375, ""grnwt"": 1441.2019348144531, ""xlai"": 4.700286865234375, ""totir"": 30.0, ""tofer"": NaN, ""swfac"": 0.0, ""nstres"": 0.0}",0.0,0.0,14053.115234375,1441.2019348144531,4.700286865234375,30.0,,0.0,0.0,30.0,225.0,18.43787231445313,30.43787231445313,Leave_One_experiments/all_year_offline_schedule_search/daily_outputs/YCA/YCA_2023_YCA2023_normal_grid_S0024_daily.csv
YCA,YCA,Yucheng,2023,Leave_One_experiments\wth_generated_qc\YCA\YCA2023.WTH,normal_year;nitrogen_stress_year;low_response_year,normal,YCA2023_normal_grid_S0024,pareto_balanced,2023-08-22,234,71,66,"{""sim_day"": 71.0, ""doy"": 234.0, ""topwt"": 14384.395751953123, ""grnwt"": 1754.932861328125, ""xlai"": 4.673954486846924, ""totir"": 30.0, ""tofer"": NaN, ""swfac"": 0.0, ""nstres"": 0.0}",0.0,0.0,14384.395751953123,1754.932861328125,4.673954486846924,30.0,,0.0,0.0,30.0,225.0,18.43787231445313,30.43787231445313,Leave_One_experiments/all_year_offline_schedule_search/daily_outputs/YCA/YCA_2023_YCA2023_normal_grid_S0024_daily.csv
YCA,YCA,Yucheng,2023,Leave_One_experiments\wth_generated_qc\YCA\YCA2023.WTH,normal_year;nitrogen_stress_year;low_response_year,normal,YCA2023_normal_grid_S0024,pareto_balanced,2023-08-23,235,72,67,"{""sim_day"": 72.0, ""doy"": 235.0, ""topwt"": 14671.422119140623, ""grnwt"": 2068.6639404296875, ""xlai"": 4.648753643035889, ""totir"": 30.0, ""tofer"": NaN, ""swfac"": 0.0, ""nstres"": 0.0}",0.0,0.0,14671.422119140623,2068.6639404296875,4.648753643035889,30.0,,0.0,0.0,30.0,225.0,18.43787231445313,30.43787231445313,Leave_One_experiments/all_year_offline_schedule_search/daily_outputs/YCA/YCA_2023_YCA2023_normal_grid_S0024_daily.csv
YCA,YCA,Yucheng,2023,Leave_One_experiments\wth_generated_qc\YCA\YCA2023.WTH,normal_year;nitrogen_stress_year;low_response_year,normal,YCA2023_normal_grid_S0024,pareto_balanced,2023-08-24,236,73,68,"{""sim_day"": 73.0, ""doy"": 236.0, ""topwt"": 15011.85791015625, ""grnwt"": 2382.3948669433594, ""xlai"": 4.624626636505127, ""totir"": 30.0, ""tofer"": NaN, ""swfac"": 0.0, ""nstres"": 0.0}",0.0,0.0,15011.85791015625,2382.3948669433594,4.624626636505127,30.0,,0.0,0.0,30.0,225.0,18.43787231445313,30.43787231445313,Leave_One_experiments/all_year_offline_schedule_search/daily_outputs/YCA/YCA_2023_YCA2023_normal_grid_S0024_daily.csv
YCA,YCA,Yucheng,2023,Leave_One_experiments\wth_generated_qc\YCA\YCA2023.WTH,normal_year;nitrogen_stress_year;low_response_year,normal,YCA2023_normal_grid_S0024,pareto_balanced,2023-08-25,237,74,69,"{""sim_day"": 74.0, ""doy"": 237.0, ""topwt"": 15063.408203125, ""grnwt"": 2696.1260986328125, ""xlai"": 4.601517677307129, ""totir"": 30.0, ""tofer"": NaN, ""swfac"": 0.0, ""nstres"": 0.0}",0.0,0.0,15063.408203125,2696.1260986328125,4.601517677307129,30.0,,0.0,0.0,30.0,225.0,18.43787231445313,30.43787231445313,Leave_One_experiments/all_year_offline_schedule_search/daily_outputs/YCA/YCA_2023_YCA2023_normal_grid_S0024_daily.csv
YCA,YCA,Yucheng,2023,Leave_One_experiments\wth_generated_qc\YCA\YCA2023.WTH,normal_year;nitrogen_stress_year;low_response_year,normal,YCA2023_normal_grid_S0024,pareto_balanced,2023-08-26,238,75,70,"{""sim_day"": 75.0, ""doy"": 238.0, ""topwt"": 15390.274658203123, ""grnwt"": 3009.857177734375, ""xlai"": 4.579374313354492, ""totir"": 30.0, ""tofer"": NaN, ""swfac"": 0.0, ""nstres"": 0.0}",0.0,0.0,15390.274658203123,3009.857177734375,4.579374313354492,30.0,,0.0,0.0,30.0,225.0,18.43787231445313,30.43787231445313,Leave_One_experiments/all_year_offline_schedule_search/daily_outputs/YCA/YCA_2023_YCA2023_normal_grid_S0024_daily.csv
YCA,YCA,Yucheng,2023,Leave_One_experiments\wth_generated_qc\YCA\YCA2023.WTH,normal_year;nitrogen_stress_year;low_response_year,normal,YCA2023_normal_grid_S0024,pareto_balanced,2023-08-27,239,76,71,"{""sim_day"": 76.0, ""doy"": 239.0, ""topwt"": 15736.58935546875, ""grnwt"": 3323.588256835937, ""xlai"": 4.558149337768555, ""totir"": 30.0, ""tofer"": NaN, ""swfac"": 0.0, ""nstres"": 0.0}",0.0,0.0,15736.58935546875,3323.588256835937,4.558149337768555,30.0,,0.0,0.0,30.0,225.0,18.43787231445313,30.43787231445313,Leave_One_experiments/all_year_offline_schedule_search/daily_outputs/YCA/YCA_2023_YCA2023_normal_grid_S0024_daily.csv
YCA,YCA,Yucheng,2023,Leave_One_experiments\wth_generated_qc\YCA\YCA2023.WTH,normal_year;nitrogen_stress_year;low_response_year,normal,YCA2023_normal_grid_S0024,pareto_balanced,2023-08-28,240,77,72,"{""sim_day"": 77.0, ""doy"": 240.0, ""topwt"": 16140.401611328123, ""grnwt"": 3637.3193359375, ""xlai"": 4.537796497344971, ""totir"": 30.0, ""tofer"": NaN, ""swfac"": 0.0, ""nstres"": 0.0}",0.0,0.0,16140.401611328123,3637.3193359375,4.537796497344971,30.0,,0.0,0.0,30.0,225.0,18.43787231445313,30.43787231445313,Leave_One_experiments/all_year_offline_schedule_search/daily_outputs/YCA/YCA_2023_YCA2023_normal_grid_S0024_daily.csv
YCA,YCA,Yucheng,2023,Leave_One_experiments\wth_generated_qc\YCA\YCA2023.WTH,normal_year;nitrogen_stress_year;low_response_year,normal,YCA2023_normal_grid_S0024,pareto_balanced,2023-08-29,241,78,73,"{""sim_day"": 78.0, ""doy"": 241.0, ""topwt"": 16528.63525390625, ""grnwt"": 3951.0504150390634, ""xlai"": 4.518272876739502, ""totir"": 30.0, ""tofer"": NaN, ""swfac"": 0.0, ""nstres"": 0.0}",0.0,0.0,16528.63525390625,3951.0504150390634,4.518272876739502,30.0,,0.0,0.0,30.0,225.0,18.43787231445313,30.43787231445313,Leave_One_experiments/all_year_offline_schedule_search/daily_outputs/YCA/YCA_2023_YCA2023_normal_grid_S0024_daily.csv
YCA,YCA,Yucheng,2023,Leave_One_experiments\wth_generated_qc\YCA\YCA2023.WTH,normal_year;nitrogen_stress_year;low_response_year,normal,YCA2023_normal_grid_S0024,pareto_balanced,2023-08-30,242,79,74,"{""sim_day"": 79.0, ""doy"": 242.0, ""topwt"": 16894.244384765625, ""grnwt"": 4264.781494140625, ""xlai"": 4.499539375305176, ""totir"": 30.0, ""tofer"": NaN, ""swfac"": 0.0, ""nstres"": 0.0}",0.0,0.0,16894.244384765625,4264.781494140625,4.499539375305176,30.0,,0.0,0.0,30.0,225.0,18.43787231445313,30.43787231445313,Leave_One_experiments/all_year_offline_schedule_search/daily_outputs/YCA/YCA_2023_YCA2023_normal_grid_S0024_daily.csv
YCA,YCA,Yucheng,2023,Leave_One_experiments\wth_generated_qc\YCA\YCA2023.WTH,normal_year;nitrogen_stress_year;low_response_year,normal,YCA2023_normal_grid_S0024,pareto_balanced,2023-08-31,243,80,75,"{""sim_day"": 80.0, ""doy"": 243.0, ""topwt"": 17207.974853515625, ""grnwt"": 4578.512878417969, ""xlai"": 4.481557846069336, ""totir"": 30.0, ""tofer"": NaN, ""swfac"": 0.0, ""nstres"": 0.0}",0.0,0.0,17207.974853515625,4578.512878417969,4.481557846069336,30.0,,0.0,0.0,30.0,225.0,18.43787231445313,30.43787231445313,Leave_One_experiments/all_year_offline_schedule_search/daily_outputs/YCA/YCA_2023_YCA2023_normal_grid_S0024_daily.csv
YCA,YCA,Yucheng,2023,Leave_One_experiments\wth_generated_qc\YCA\YCA2023.WTH,normal_year;nitrogen_stress_year;low_response_year,normal,YCA2023_normal_grid_S0024,pareto_balanced,2023-09-01,244,81,76,"{""sim_day"": 81.0, ""doy"": 244.0, ""topwt"": 17521.70654296875, ""grnwt"": 4892.243957519531, ""xlai"": 4.464293003082275, ""totir"": 30.0, ""tofer"": NaN, ""swfac"": 0.0, ""nstres"": 0.0}",0.0,0.0,17521.70654296875,4892.243957519531,4.464293003082275,30.0,,0.0,0.0,30.0,225.0,18.43787231445313,30.43787231445313,Leave_One_experiments/all_year_offline_schedule_search/daily_outputs/YCA/YCA_2023_YCA2023_normal_grid_S0024_daily.csv
YCA,YCA,Yucheng,2023,Leave_One_experiments\wth_generated_qc\YCA\YCA2023.WTH,normal_year;nitrogen_stress_year;low_response_year,normal,YCA2023_normal_grid_S0024,pareto_balanced,2023-09-02,245,82,77,"{""sim_day"": 82.0, ""doy"": 245.0, ""topwt"": 17835.438232421875, ""grnwt"": 5205.9747314453125, ""xlai"": 4.397955417633057, ""totir"": 30.0, ""tofer"": NaN, ""swfac"": 0.0, ""nstres"": 0.0}",0.0,0.0,17835.438232421875,5205.9747314453125,4.397955417633057,30.0,,0.0,0.0,30.0,225.0,18.43787231445313,30.43787231445313,Leave_One_experiments/all_year_offline_schedule_search/daily_outputs/YCA/YCA_2023_YCA2023_normal_grid_S0024_daily.csv
YCA,YCA,Yucheng,2023,Leave_One_experiments\wth_generated_qc\YCA\YCA2023.WTH,normal_year;nitrogen_stress_year;low_response_year,normal,YCA2023_normal_grid_S0024,pareto_balanced,2023-09-03,246,83,78,"{""sim_day"": 83.0, ""doy"": 246.0, ""topwt"": 18147.208251953125, ""grnwt"": 5517.745361328125, ""xlai"": 4.27276611328125, ""totir"": 30.0, ""tofer"": NaN, ""swfac"": 0.0, ""nstres"": 0.0}",0.0,0.0,18147.208251953125,5517.745361328125,4.27276611328125,30.0,,0.0,0.0,30.0,225.0,18.43787231445313,30.43787231445313,Leave_One_experiments/all_year_offline_schedule_search/daily_outputs/YCA/YCA_2023_YCA2023_normal_grid_S0024_daily.csv
YCA,YCA,Yucheng,2023,Leave_One_experiments\wth_generated_qc\YCA\YCA2023.WTH,normal_year;nitrogen_stress_year;low_response_year,normal,YCA2023_normal_grid_S0024,pareto_balanced,2023-09-04,247,84,79,"{""sim_day"": 84.0, ""doy"": 247.0, ""topwt"": 18460.9375, ""grnwt"": 5831.476440429688, ""xlai"": 4.1386260986328125, ""totir"": 30.0, ""tofer"": NaN, ""swfac"": 0.0, ""nstres"": 0.0}",0.0,0.0,18460.9375,5831.476440429688,4.1386260986328125,30.0,,0.0,0.0,30.0,225.0,18.43787231445313,30.43787231445313,Leave_One_experiments/all_year_offline_schedule_search/daily_outputs/YCA/YCA_2023_YCA2023_normal_grid_S0024_daily.csv
YCA,YCA,Yucheng,2023,Leave_One_experiments\wth_generated_qc\YCA\YCA2023.WTH,normal_year;nitrogen_stress_year;low_response_year,normal,YCA2023_normal_grid_S0024,pareto_balanced,2023-09-05,248,85,80,"{""sim_day"": 85.0, ""doy"": 248.0, ""topwt"": 18774.669189453125, ""grnwt"": 6145.20751953125, ""xlai"": 4.0035247802734375, ""totir"": 30.0, ""tofer"": NaN, ""swfac"": 0.0, ""nstres"": 0.0}",0.0,0.0,18774.669189453125,6145.20751953125,4.0035247802734375,30.0,,0.0,0.0,30.0,225.0,18.43787231445313,30.43787231445313,Leave_One_experiments/all_year_offline_schedule_search/daily_outputs/YCA/YCA_2023_YCA2023_normal_grid_S0024_daily.csv
YCA,YCA,Yucheng,2023,Leave_One_experiments\wth_generated_qc\YCA\YCA2023.WTH,normal_year;nitrogen_stress_year;low_response_year,normal,YCA2023_normal_grid_S0024,pareto_balanced,2023-09-06,249,86,81,"{""sim_day"": 86.0, ""doy"": 249.0, ""topwt"": 19088.40087890625, ""grnwt"": 6458.9385986328125, ""xlai"": 3.851674795150757, ""totir"": 30.0, ""tofer"": NaN, ""swfac"": 0.0, ""nstres"": 0.0}",0.0,0.0,19088.40087890625,6458.9385986328125,3.851674795150757,30.0,,0.0,0.0,30.0,225.0,18.43787231445313,30.43787231445313,Leave_One_experiments/all_year_offline_schedule_search/daily_outputs/YCA/YCA_2023_YCA2023_normal_grid_S0024_daily.csv
YCA,YCA,Yucheng,2023,Leave_One_experiments\wth_generated_qc\YCA\YCA2023.WTH,normal_year;nitrogen_stress_year;low_response_year,normal,YCA2023_normal_grid_S0024,pareto_balanced,2023-09-07,250,87,82,"{""sim_day"": 87.0, ""doy"": 250.0, ""topwt"": 19402.130126953125, ""grnwt"": 6772.669677734375, ""xlai"": 3.6890628337860103, ""totir"": 30.0, ""tofer"": NaN, ""swfac"": 0.0, ""nstres"": 0.0}",0.0,0.0,19402.130126953125,6772.669677734375,3.6890628337860103,30.0,,0.0,0.0,30.0,225.0,18.43787231445313,30.43787231445313,Leave_One_experiments/all_year_offline_schedule_search/daily_outputs/YCA/YCA_2023_YCA2023_normal_grid_S0024_daily.csv
YCA,YCA,Yucheng,2023,Leave_One_experiments\wth_generated_qc\YCA\YCA2023.WTH,normal_year;nitrogen_stress_year;low_response_year,normal,YCA2023_normal_grid_S0024,pareto_balanced,2023-09-08,251,88,83,"{""sim_day"": 88.0, ""doy"": 251.0, ""topwt"": 19715.860595703125, ""grnwt"": 7086.4007568359375, ""xlai"": 3.5129261016845703, ""totir"": 30.0, ""tofer"": NaN, ""swfac"": 0.0, ""nstres"": 0.0}",0.0,0.0,19715.860595703125,7086.4007568359375,3.5129261016845703,30.0,,0.0,0.0,30.0,225.0,18.43787231445313,30.43787231445313,Leave_One_experiments/all_year_offline_schedule_search/daily_outputs/YCA/YCA_2023_YCA2023_normal_grid_S0024_daily.csv
YCA,YCA,Yucheng,2023,Leave_One_experiments\wth_generated_qc\YCA\YCA2023.WTH,normal_year;nitrogen_stress_year;low_response_year,normal,YCA2023_normal_grid_S0024,pareto_balanced,2023-09-09,252,89,84,"{""sim_day"": 89.0, ""doy"": 252.0, ""topwt"": 19904.08935546875, ""grnwt"": 7400.1318359375, ""xlai"": 3.3355929851531982, ""totir"": 30.0, ""tofer"": NaN, ""swfac"": 0.0, ""nstres"": 0.0}",0.0,0.0,19904.08935546875,7400.1318359375,3.3355929851531982,30.0,,0.0,0.0,30.0,225.0,18.43787231445313,30.43787231445313,Leave_One_experiments/all_year_offline_schedule_search/daily_outputs/YCA/YCA_2023_YCA2023_normal_grid_S0024_daily.csv
YCA,YCA,Yucheng,2023,Leave_One_experiments\wth_generated_qc\YCA\YCA2023.WTH,normal_year;nitrogen_stress_year;low_response_year,normal,YCA2023_normal_grid_S0024,pareto_balanced,2023-09-10,253,90,85,"{""sim_day"": 90.0, ""doy"": 253.0, ""topwt"": 20082.203369140625, ""grnwt"": 7713.8629150390625, ""xlai"": 3.152048826217652, ""totir"": 30.0, ""tofer"": NaN, ""swfac"": 0.0, ""nstres"": 0.0}",0.0,0.0,20082.203369140625,7713.8629150390625,3.152048826217652,30.0,,0.0,0.0,30.0,225.0,18.43787231445313,30.43787231445313,Leave_One_experiments/all_year_offline_schedule_search/daily_outputs/YCA/YCA_2023_YCA2023_normal_grid_S0024_daily.csv
YCA,YCA,Yucheng,2023,Leave_One_experiments\wth_generated_qc\YCA\YCA2023.WTH,normal_year;nitrogen_stress_year;low_response_year,normal,YCA2023_normal_grid_S0024,pareto_balanced,2023-09-11,254,91,86,"{""sim_day"": 91.0, ""doy"": 254.0, ""topwt"": 20229.053955078125, ""grnwt"": 8027.5946044921875, ""xlai"": 2.981003999710083, ""totir"": 30.0, ""tofer"": NaN, ""swfac"": 0.0, ""nstres"": 0.0}",0.0,0.0,20229.053955078125,8027.5946044921875,2.981003999710083,30.0,,0.0,0.0,30.0,225.0,18.43787231445313,30.43787231445313,Leave_One_experiments/all_year_offline_schedule_search/daily_outputs/YCA/YCA_2023_YCA2023_normal_grid_S0024_daily.csv
YCA,YCA,Yucheng,2023,Leave_One_experiments\wth_generated_qc\YCA\YCA2023.WTH,normal_year;nitrogen_stress_year;low_response_year,normal,YCA2023_normal_grid_S0024,pareto_balanced,2023-09-12,255,92,87,"{""sim_day"": 92.0, ""doy"": 255.0, ""topwt"": 20595.791015625, ""grnwt"": 8341.32568359375, ""xlai"": 2.804274082183838, ""totir"": 30.0, ""tofer"": NaN, ""swfac"": 0.0, ""nstres"": 0.0015038251876831}",0.0,0.0015038251876831,20595.791015625,8341.32568359375,2.804274082183838,30.0,,0.0,0.0,30.0,225.0,18.43787231445313,30.43787231445313,Leave_One_experiments/all_year_offline_schedule_search/daily_outputs/YCA/YCA_2023_YCA2023_normal_grid_S0024_daily.csv
YCA,YCA,Yucheng,2023,Leave_One_experiments\wth_generated_qc\YCA\YCA2023.WTH,normal_year;nitrogen_stress_year;low_response_year,normal,YCA2023_normal_grid_S0024,pareto_balanced,2023-09-13,256,93,88,"{""sim_day"": 93.0, ""doy"": 256.0, ""topwt"": 20953.7158203125, ""grnwt"": 8655.056762695312, ""xlai"": 2.6387689113616943, ""totir"": 30.0, ""tofer"": NaN, ""swfac"": 0.0, ""nstres"": 0.016192078590393}",0.0,0.016192078590393,20953.7158203125,8655.056762695312,2.6387689113616943,30.0,,0.0,0.0,30.0,225.0,18.43787231445313,30.43787231445313,Leave_One_experiments/all_year_offline_schedule_search/daily_outputs/YCA/YCA_2023_YCA2023_normal_grid_S0024_daily.csv
YCA,YCA,Yucheng,2023,Leave_One_experiments\wth_generated_qc\YCA\YCA2023.WTH,normal_year;nitrogen_stress_year;low_response_year,normal,YCA2023_normal_grid_S0024,pareto_balanced,2023-09-14,257,94,89,"{""sim_day"": 94.0, ""doy"": 257.0, ""topwt"": 21288.39599609375, ""grnwt"": 8968.787231445312, ""xlai"": 2.448111295700073, ""totir"": 30.0, ""tofer"": NaN, ""swfac"": 0.0, ""nstres"": 0.0475147366523742}",0.0,0.0475147366523742,21288.39599609375,8968.787231445312,2.448111295700073,30.0,,0.0,0.0,30.0,225.0,18.43787231445313,30.43787231445313,Leave_One_experiments/all_year_offline_schedule_search/daily_outputs/YCA/YCA_2023_YCA2023_normal_grid_S0024_daily.csv
YCA,YCA,Yucheng,2023,Leave_One_experiments\wth_generated_qc\YCA\YCA2023.WTH,normal_year;nitrogen_stress_year;low_response_year,normal,YCA2023_normal_grid_S0024,pareto_balanced,2023-09-15,258,95,90,"{""sim_day"": 95.0, ""doy"": 258.0, ""topwt"": 21288.39599609375, ""grnwt"": 8968.787231445312, ""xlai"": 2.448111295700073, ""totir"": 30.0, ""tofer"": NaN, ""swfac"": 0.0, ""nstres"": 0.0768711566925048}",0.0,0.0768711566925048,21288.39599609375,8968.787231445312,2.448111295700073,30.0,,0.0,0.0,30.0,225.0,18.43787231445313,30.43787231445313,Leave_One_experiments/all_year_offline_schedule_search/daily_outputs/YCA/YCA_2023_YCA2023_normal_grid_S0024_daily.csv
YCA,YCA,Yucheng,2023,Leave_One_experiments\wth_generated_qc\YCA\YCA2023.WTH,normal_year;nitrogen_stress_year;low_response_year,normal,YCA2023_normal_grid_S0024,pareto_balanced,2023-09-16,259,96,91,"{""sim_day"": 96.0, ""doy"": 259.0, ""topwt"": 21288.39599609375, ""grnwt"": 8968.787231445312, ""xlai"": 2.448111295700073, ""totir"": 30.0, ""tofer"": NaN, ""swfac"": 0.0, ""nstres"": 0.0768711566925048}",0.0,0.0768711566925048,21288.39599609375,8968.787231445312,2.448111295700073,30.0,,0.0,0.0,30.0,225.0,18.43787231445313,30.43787231445313,Leave_One_experiments/all_year_offline_schedule_search/daily_outputs/YCA/YCA_2023_YCA2023_normal_grid_S0024_daily.csv
YCA,YCA,Yucheng,2023,Leave_One_experiments\wth_generated_qc\YCA\YCA2023.WTH,normal_year;nitrogen_stress_year;low_response_year,normal,YCA2023_normal_grid_S0024,pareto_balanced,2023-09-17,260,97,92,"{""sim_day"": 97.0, ""doy"": 260.0, ""topwt"": 21288.39599609375, ""grnwt"": 8968.787231445312, ""xlai"": 2.448111295700073, ""totir"": 30.0, ""tofer"": NaN, ""swfac"": 0.0, ""nstres"": 0.0768711566925048}",0.0,0.0768711566925048,21288.39599609375,8968.787231445312,2.448111295700073,30.0,,0.0,0.0,30.0,225.0,18.43787231445313,30.43787231445313,Leave_One_experiments/all_year_offline_schedule_search/daily_outputs/YCA/YCA_2023_YCA2023_normal_grid_S0024_daily.csv
YCA,YCA,Yucheng,2023,Leave_One_experiments\wth_generated_qc\YCA\YCA2023.WTH,normal_year;nitrogen_stress_year;low_response_year,normal,YCA2023_normal_grid_S0026,pareto_balanced,2023-06-18,169,1,1,"{""sim_day"": 1.0, ""doy"": 169.0, ""topwt"": 0.0, ""grnwt"": 0.0, ""xlai"": 0.0, ""totir"": 0.0, ""tofer"": NaN, ""swfac"": 0.0, ""nstres"": 0.0}",0.0,0.0,0.0,0.0,0.0,0.0,,0.0,75.0,40.0,225.0,13.440905761718753,29.44090576171876,Leave_One_experiments/all_year_offline_schedule_search/daily_outputs/YCA/YCA_2023_YCA2023_normal_grid_S0026_daily.csv
YCA,YCA,Yucheng,2023,Leave_One_experiments\wth_generated_qc\YCA\YCA2023.WTH,normal_year;nitrogen_stress_year;low_response_year,normal,YCA2023_normal_grid_S0026,pareto_balanced,2023-06-19,170,2,2,"{""sim_day"": 2.0, ""doy"": 170.0, ""topwt"": 0.0, ""grnwt"": 0.0, ""xlai"": 0.0, ""totir"": 0.0, ""tofer"": NaN, ""swfac"": 0.0, ""nstres"": 0.0}",0.0,0.0,0.0,0.0,0.0,0.0,,0.0,0.0,40.0,225.0,13.440905761718753,29.44090576171876,Leave_One_experiments/all_year_offline_schedule_search/daily_outputs/YCA/YCA_2023_YCA2023_normal_grid_S0026_daily.csv
YCA,YCA,Yucheng,2023,Leave_One_experiments\wth_generated_qc\YCA\YCA2023.WTH,normal_year;nitrogen_stress_year;low_response_year,normal,YCA2023_normal_grid_S0026,pareto_balanced,2023-06-20,171,3,3,"{""sim_day"": 3.0, ""doy"": 171.0, ""topwt"": 0.0, ""grnwt"": 0.0, ""xlai"": 0.0, ""totir"": 0.0, ""tofer"": NaN, ""swfac"": 0.0, ""nstres"": 0.0}",0.0,0.0,0.0,0.0,0.0,0.0,,0.0,0.0,40.0,225.0,13.440905761718753,29.44090576171876,Leave_One_experiments/all_year_offline_schedule_search/daily_outputs/YCA/YCA_2023_YCA2023_normal_grid_S0026_daily.csv
YCA,YCA,Yucheng,2023,Leave_One_experiments\wth_generated_qc\YCA\YCA2023.WTH,normal_year;nitrogen_stress_year;low_response_year,normal,YCA2023_normal_grid_S0026,pareto_balanced,2023-06-21,172,4,4,"{""sim_day"": 4.0, ""doy"": 172.0, ""topwt"": 0.0, ""grnwt"": 0.0, ""xlai"": 0.0, ""totir"": 0.0, ""tofer"": NaN, ""swfac"": 0.0, ""nstres"": 0.0}",0.0,0.0,0.0,0.0,0.0,0.0,,0.0,0.0,40.0,225.0,13.440905761718753,29.44090576171876,Leave_One_experiments/all_year_offline_schedule_search/daily_outputs/YCA/YCA_2023_YCA2023_normal_grid_S0026_daily.csv
YCA,YCA,Yucheng,2023,Leave_One_experiments\wth_generated_qc\YCA\YCA2023.WTH,normal_year;nitrogen_stress_year;low_response_year,normal,YCA2023_normal_grid_S0026,pareto_balanced,2023-06-22,173,5,5,"{""sim_day"": 5.0, ""doy"": 173.0, ""topwt"": 0.0, ""grnwt"": 0.0, ""xlai"": 0.0, ""totir"": 0.0, ""tofer"": NaN, ""swfac"": 0.0, ""nstres"": 0.0}",0.0,0.0,0.0,0.0,0.0,0.0,,0.0,0.0,40.0,225.0,13.440905761718753,29.44090576171876,Leave_One_experiments/all_year_offline_schedule_search/daily_outputs/YCA/YCA_2023_YCA2023_normal_grid_S0026_daily.csv
YCA,YCA,Yucheng,2023,Leave_One_experiments\wth_generated_qc\YCA\YCA2023.WTH,normal_year;nitrogen_stress_year;low_response_year,normal,YCA2023_normal_grid_S0026,pareto_balanced,2023-06-18,169,6,1,"{""sim_day"": 6.0, ""doy"": 169.0, ""topwt"": 0.0, ""grnwt"": 0.0, ""xlai"": 0.0, ""totir"": 0.0, ""tofer"": NaN, ""swfac"": 0.0, ""nstres"": 0.0}",0.0,0.0,0.0,0.0,0.0,0.0,,0.0,0.0,40.0,225.0,13.440905761718753,29.44090576171876,Leave_One_experiments/all_year_offline_schedule_search/daily_outputs/YCA/YCA_2023_YCA2023_normal_grid_S0026_daily.csv
YCA,YCA,Yucheng,2023,Leave_One_experiments\wth_generated_qc\YCA\YCA2023.WTH,normal_year;nitrogen_stress_year;low_response_year,normal,YCA2023_normal_grid_S0026,pareto_balanced,2023-06-19,170,7,2,"{""sim_day"": 7.0, ""doy"": 170.0, ""topwt"": 0.0, ""grnwt"": 0.0, ""xlai"": 0.0, ""totir"": 0.0, ""tofer"": NaN, ""swfac"": 0.0, ""nstres"": 0.0}",0.0,0.0,0.0,0.0,0.0,0.0,,0.0,0.0,40.0,225.0,13.440905761718753,29.44090576171876,Leave_One_experiments/all_year_offline_schedule_search/daily_outputs/YCA/YCA_2023_YCA2023_normal_grid_S0026_daily.csv
YCA,YCA,Yucheng,2023,Leave_One_experiments\wth_generated_qc\YCA\YCA2023.WTH,normal_year;nitrogen_stress_year;low_response_year,normal,YCA2023_normal_grid_S0026,pareto_balanced,2023-06-20,171,8,3,"{""sim_day"": 8.0, ""doy"": 171.0, ""topwt"": 0.0, ""grnwt"": 0.0, ""xlai"": 0.0, ""totir"": 0.0, ""tofer"": NaN, ""swfac"": 0.0, ""nstres"": 0.0}",0.0,0.0,0.0,0.0,0.0,0.0,,0.0,0.0,40.0,225.0,13.440905761718753,29.44090576171876,Leave_One_experiments/all_year_offline_schedule_search/daily_outputs/YCA/YCA_2023_YCA2023_normal_grid_S0026_daily.csv
YCA,YCA,Yucheng,2023,Leave_One_experiments\wth_generated_qc\YCA\YCA2023.WTH,normal_year;nitrogen_stress_year;low_response_year,normal,YCA2023_normal_grid_S0026,pareto_balanced,2023-06-21,172,9,4,"{""sim_day"": 9.0, ""doy"": 172.0, ""topwt"": 0.0, ""grnwt"": 0.0, ""xlai"": 0.0, ""totir"": 0.0, ""tofer"": NaN, ""swfac"": 0.0, ""nstres"": 0.0}",0.0,0.0,0.0,0.0,0.0,0.0,,0.0,0.0,40.0,225.0,13.440905761718753,29.44090576171876,Leave_One_experiments/all_year_offline_schedule_search/daily_outputs/YCA/YCA_2023_YCA2023_normal_grid_S0026_daily.csv
YCA,YCA,Yucheng,2023,Leave_One_experiments\wth_generated_qc\YCA\YCA2023.WTH,normal_year;nitrogen_stress_year;low_response_year,normal,YCA2023_normal_grid_S0026,pareto_balanced,2023-06-22,173,10,5,"{""sim_day"": 10.0, ""doy"": 173.0, ""topwt"": 26.400001049041748, ""grnwt"": 0.0, ""xlai"": 0.0058571309782564, ""totir"": 0.0, ""tofer"": NaN, ""swfac"": 0.0, ""nstres"": 0.0121910572052001}",0.0,0.0121910572052001,26.400001049041748,0.0,0.0058571309782564,0.0,,0.0,0.0,40.0,225.0,13.440905761718753,29.44090576171876,Leave_One_experiments/all_year_offline_schedule_search/daily_outputs/YCA/YCA_2023_YCA2023_normal_grid_S0026_daily.csv
YCA,YCA,Yucheng,2023,Leave_One_experiments\wth_generated_qc\YCA\YCA2023.WTH,normal_year;nitrogen_stress_year;low_response_year,normal,YCA2023_normal_grid_S0026,pareto_balanced,2023-06-23,174,11,6,"{""sim_day"": 11.0, ""doy"": 174.0, ""topwt"": 26.400001049041748, ""grnwt"": 0.0, ""xlai"": 0.0120706427842378, ""totir"": 0.0, ""tofer"": NaN, ""swfac"": 0.0, ""nstres"": 0.0079849958419799}",0.0,0.0079849958419799,26.400001049041748,0.0,0.0120706427842378,0.0,,0.0,0.0,40.0,225.0,13.440905761718753,29.44090576171876,Leave_One_experiments/all_year_offline_schedule_search/daily_outputs/YCA/YCA_2023_YCA2023_normal_grid_S0026_daily.csv
YCA,YCA,Yucheng,2023,Leave_One_experiments\wth_generated_qc\YCA\YCA2023.WTH,normal_year;nitrogen_stress_year;low_response_year,normal,YCA2023_normal_grid_S0026,pareto_balanced,2023-06-24,175,12,7,"{""sim_day"": 12.0, ""doy"": 175.0, ""topwt"": 26.400001049041748, ""grnwt"": 0.0, ""xlai"": 0.0183221846818923, ""totir"": 0.0, ""tofer"": NaN, ""swfac"": 0.0, ""nstres"": 0.0007379055023193}",0.0,0.0007379055023193,26.400001049041748,0.0,0.0183221846818923,0.0,,0.0,0.0,40.0,225.0,13.440905761718753,29.44090576171876,Leave_One_experiments/all_year_offline_schedule_search/daily_outputs/YCA/YCA_2023_YCA2023_normal_grid_S0026_daily.csv
YCA,YCA,Yucheng,2023,Leave_One_experiments\wth_generated_qc\YCA\YCA2023.WTH,normal_year;nitrogen_stress_year;low_response_year,normal,YCA2023_normal_grid_S0026,pareto_balanced,2023-06-25,176,13,8,"{""sim_day"": 13.0, ""doy"": 176.0, ""topwt"": 26.400001049041748, ""grnwt"": 0.0, ""xlai"": 0.0435296855866909, ""totir"": 0.0, ""tofer"": NaN, ""swfac"": 0.0, ""nstres"": 0.0}",0.0,0.0,26.400001049041748,0.0,0.0435296855866909,0.0,,0.0,0.0,40.0,225.0,13.440905761718753,29.44090576171876,Leave_One_experiments/all_year_offline_schedule_search/daily_outputs/YCA/YCA_2023_YCA2023_normal_grid_S0026_daily.csv
YCA,YCA,Yucheng,2023,Leave_One_experiments\wth_generated_qc\YCA\YCA2023.WTH,normal_year;nitrogen_stress_year;low_response_year,normal,YCA2023_normal_grid_S0026,pareto_balanced,2023-06-26,177,14,9,"{""sim_day"": 14.0, ""doy"": 177.0, ""topwt"": 37.50510215759277, ""grnwt"": 0.0, ""xlai"": 0.0737534314393997, ""totir"": 0.0, ""tofer"": NaN, ""swfac"": 0.0, ""nstres"": 0.0}",0.0,0.0,37.50510215759277,0.0,0.0737534314393997,0.0,,0.0,0.0,40.0,225.0,13.440905761718753,29.44090576171876,Leave_One_experiments/all_year_offline_schedule_search/daily_outputs/YCA/YCA_2023_YCA2023_normal_grid_S0026_daily.csv
YCA,YCA,Yucheng,2023,Leave_One_experiments\wth_generated_qc\YCA\YCA2023.WTH,normal_year;nitrogen_stress_year;low_response_year,normal,YCA2023_normal_grid_S0026,pareto_balanced,2023-06-27,178,15,10,"{""sim_day"": 15.0, ""doy"": 178.0, ""topwt"": 53.37294578552246, ""grnwt"": 0.0, ""xlai"": 0.1100483760237693, ""totir"": 0.0, ""tofer"": NaN, ""swfac"": 0.0, ""nstres"": 0.0}",0.0,0.0,53.37294578552246,0.0,0.1100483760237693,0.0,,0.0,0.0,40.0,225.0,13.440905761718753,29.44090576171876,Leave_One_experiments/all_year_offline_schedule_search/daily_outputs/YCA/YCA_2023_YCA2023_normal_grid_S0026_daily.csv
YCA,YCA,Yucheng,2023,Leave_One_experiments\wth_generated_qc\YCA\YCA2023.WTH,normal_year;nitrogen_stress_year;low_response_year,normal,YCA2023_normal_grid_S0026,pareto_balanced,2023-06-28,179,16,11,"{""sim_day"": 16.0, ""doy"": 179.0, ""topwt"": 74.93001461029053, ""grnwt"": 0.0, ""xlai"": 0.1548771858215332, ""totir"": 0.0, ""tofer"": NaN, ""swfac"": 0.0, ""nstres"": 0.0}",0.0,0.0,74.93001461029053,0.0,0.1548771858215332,0.0,,0.0,0.0,40.0,225.0,13.440905761718753,29.44090576171876,Leave_One_experiments/all_year_offline_schedule_search/daily_outputs/YCA/YCA_2023_YCA2023_normal_grid_S0026_daily.csv
YCA,YCA,Yucheng,2023,Leave_One_experiments\wth_generated_qc\YCA\YCA2023.WTH,normal_year;nitrogen_stress_year;low_response_year,normal,YCA2023_normal_grid_S0026,pareto_balanced,2023-06-29,180,17,12,"{""sim_day"": 17.0, ""doy"": 180.0, ""topwt"": 99.65514183044434, ""grnwt"": 0.0, ""xlai"": 0.2024078220129013, ""totir"": 0.0, ""tofer"": NaN, ""swfac"": 0.0, ""nstres"": 0.0}",0.0,0.0,99.65514183044434,0.0,0.2024078220129013,0.0,,0.0,0.0,40.0,225.0,13.440905761718753,29.44090576171876,Leave_One_experiments/all_year_offline_schedule_search/daily_outputs/YCA/YCA_2023_YCA2023_normal_grid_S0026_daily.csv
YCA,YCA,Yucheng,2023,Leave_One_experiments\wth_generated_qc\YCA\YCA2023.WTH,normal_year;nitrogen_stress_year;low_response_year,normal,YCA2023_normal_grid_S0026,pareto_balanced,2023-06-30,181,18,13,"{""sim_day"": 18.0, ""doy"": 181.0, ""topwt"": 131.5467929840088, ""grnwt"": 0.0, ""xlai"": 0.2597059607505798, ""totir"": 0.0, ""tofer"": NaN, ""swfac"": 0.0, ""nstres"": 0.0}",0.0,0.0,131.5467929840088,0.0,0.2597059607505798,0.0,,0.0,0.0,40.0,225.0,13.440905761718753,29.44090576171876,Leave_One_experiments/all_year_offline_schedule_search/daily_outputs/YCA/YCA_2023_YCA2023_normal_grid_S0026_daily.csv
YCA,YCA,Yucheng,2023,Leave_One_experiments\wth_generated_qc\YCA\YCA2023.WTH,normal_year;nitrogen_stress_year;low_response_year,normal,YCA2023_normal_grid_S0026,pareto_balanced,2023-07-01,182,19,14,"{""sim_day"": 19.0, ""doy"": 182.0, ""topwt"": 174.4040870666504, ""grnwt"": 0.0, ""xlai"": 0.3318465054035187, ""totir"": 0.0, ""tofer"": NaN, ""swfac"": 0.0, ""nstres"": 0.0}",0.0,0.0,174.4040870666504,0.0,0.3318465054035187,0.0,,0.0,0.0,40.0,225.0,13.440905761718753,29.44090576171876,Leave_One_experiments/all_year_offline_schedule_search/daily_outputs/YCA/YCA_2023_YCA2023_normal_grid_S0026_daily.csv
YCA,YCA,Yucheng,2023,Leave_One_experiments\wth_generated_qc\YCA\YCA2023.WTH,normal_year;nitrogen_stress_year;low_response_year,normal,YCA2023_normal_grid_S0026,pareto_balanced,2023-07-02,183,20,15,"{""sim_day"": 20.0, ""doy"": 183.0, ""topwt"": 219.00312423706052, ""grnwt"": 0.0, ""xlai"": 0.4302230775356293, ""totir"": 0.0, ""tofer"": NaN, ""swfac"": 0.0, ""nstres"": 0.0}",0.0,0.0,219.00312423706052,0.0,0.4302230775356293,0.0,,0.0,0.0,40.0,225.0,13.440905761718753,29.44090576171876,Leave_One_experiments/all_year_offline_schedule_search/daily_outputs/YCA/YCA_2023_YCA2023_normal_grid_S0026_daily.csv
YCA,YCA,Yucheng,2023,Leave_One_experiments\wth_generated_qc\YCA\YCA2023.WTH,normal_year;nitrogen_stress_year;low_response_year,normal,YCA2023_normal_grid_S0026,pareto_balanced,2023-07-03,184,21,16,"{""sim_day"": 21.0, ""doy"": 184.0, ""topwt"": 273.0967903137207, ""grnwt"": 0.0, ""xlai"": 0.5176066756248474, ""totir"": 0.0, ""tofer"": NaN, ""swfac"": 0.0, ""nstres"": 0.0}",0.0,0.0,273.0967903137207,0.0,0.5176066756248474,0.0,,0.0,0.0,40.0,225.0,13.440905761718753,29.44090576171876,Leave_One_experiments/all_year_offline_schedule_search/daily_outputs/YCA/YCA_2023_YCA2023_normal_grid_S0026_daily.csv
YCA,YCA,Yucheng,2023,Leave_One_experiments\wth_generated_qc\YCA\YCA2023.WTH,normal_year;nitrogen_stress_year;low_response_year,normal,YCA2023_normal_grid_S0026,pareto_balanced,2023-07-04,185,22,17,"{""sim_day"": 22.0, ""doy"": 185.0, ""topwt"": 346.84593200683594, ""grnwt"": 0.0, ""xlai"": 0.6307865977287292, ""totir"": 0.0, ""tofer"": NaN, ""swfac"": 0.0, ""nstres"": 0.0042382478713989}",0.0,0.0042382478713989,346.84593200683594,0.0,0.6307865977287292,0.0,,0.0,0.0,40.0,225.0,13.440905761718753,29.44090576171876,Leave_One_experiments/all_year_offline_schedule_search/daily_outputs/YCA/YCA_2023_YCA2023_normal_grid_S0026_daily.csv
YCA,YCA,Yucheng,2023,Leave_One_experiments\wth_generated_qc\YCA\YCA2023.WTH,normal_year;nitrogen_stress_year;low_response_year,normal,YCA2023_normal_grid_S0026,pareto_balanced,2023-07-05,186,23,18,"{""sim_day"": 23.0, ""doy"": 186.0, ""topwt"": 440.3469848632813, ""grnwt"": 0.0, ""xlai"": 0.766916811466217, ""totir"": 0.0, ""tofer"": NaN, ""swfac"": 0.0, ""nstres"": 0.0}",0.0,0.0,440.3469848632813,0.0,0.766916811466217,0.0,,0.0,0.0,40.0,225.0,13.440905761718753,29.44090576171876,Leave_One_experiments/all_year_offline_schedule_search/daily_outputs/YCA/YCA_2023_YCA2023_normal_grid_S0026_daily.csv
YCA,YCA,Yucheng,2023,Leave_One_experiments\wth_generated_qc\YCA\YCA2023.WTH,normal_year;nitrogen_stress_year;low_response_year,normal,YCA2023_normal_grid_S0026,pareto_balanced,2023-07-06,187,24,19,"{""sim_day"": 24.0, ""doy"": 187.0, ""topwt"": 551.2447357177734, ""grnwt"": 0.0, ""xlai"": 0.9203612804412842, ""totir"": 0.0, ""tofer"": NaN, ""swfac"": 0.0, ""nstres"": 0.0}",0.0,0.0,551.2447357177734,0.0,0.9203612804412842,0.0,,0.0,0.0,40.0,225.0,13.440905761718753,29.44090576171876,Leave_One_experiments/all_year_offline_schedule_search/daily_outputs/YCA/YCA_2023_YCA2023_normal_grid_S0026_daily.csv
YCA,YCA,Yucheng,2023,Leave_One_experiments\wth_generated_qc\YCA\YCA2023.WTH,normal_year;nitrogen_stress_year;low_response_year,normal,YCA2023_normal_grid_S0026,pareto_balanced,2023-07-07,188,25,20,"{""sim_day"": 25.0, ""doy"": 188.0, ""topwt"": 677.0158386230469, ""grnwt"": 0.0, ""xlai"": 1.0863643884658811, ""totir"": 0.0, ""tofer"": NaN, ""swfac"": 0.0, ""nstres"": 0.0}",0.0,0.0,677.0158386230469,0.0,1.0863643884658811,0.0,,0.0,0.0,40.0,225.0,13.440905761718753,29.44090576171876,Leave_One_experiments/all_year_offline_schedule_search/daily_outputs/YCA/YCA_2023_YCA2023_normal_grid_S0026_daily.csv
YCA,YCA,Yucheng,2023,Leave_One_experiments\wth_generated_qc\YCA\YCA2023.WTH,normal_year;nitrogen_stress_year;low_response_year,normal,YCA2023_normal_grid_S0026,pareto_balanced,2023-07-08,189,26,21,"{""sim_day"": 26.0, ""doy"": 189.0, ""topwt"": 815.5962371826172, ""grnwt"": 0.0, ""xlai"": 1.2615782022476196, ""totir"": 0.0, ""tofer"": NaN, ""swfac"": 0.0, ""nstres"": 0.0}",0.0,0.0,815.5962371826172,0.0,1.2615782022476196,0.0,,0.0,0.0,40.0,225.0,13.440905761718753,29.44090576171876,Leave_One_experiments/all_year_offline_schedule_search/daily_outputs/YCA/YCA_2023_YCA2023_normal_grid_S0026_daily.csv
YCA,YCA,Yucheng,2023,Leave_One_experiments\wth_generated_qc\YCA\YCA2023.WTH,normal_year;nitrogen_stress_year;low_response_year,normal,YCA2023_normal_grid_S0026,pareto_balanced,2023-07-09,190,27,22,"{""sim_day"": 27.0, ""doy"": 190.0, ""topwt"": 993.9740753173828, ""grnwt"": 0.0, ""xlai"": 1.4764212369918823, ""totir"": 0.0, ""tofer"": NaN, ""swfac"": 0.0, ""nstres"": 0.0}",0.0,0.0,993.9740753173828,0.0,1.4764212369918823,0.0,,0.0,0.0,40.0,225.0,13.440905761718753,29.44090576171876,Leave_One_experiments/all_year_offline_schedule_search/daily_outputs/YCA/YCA_2023_YCA2023_normal_grid_S0026_daily.csv
YCA,YCA,Yucheng,2023,Leave_One_experiments\wth_generated_qc\YCA\YCA2023.WTH,normal_year;nitrogen_stress_year;low_response_year,normal,YCA2023_normal_grid_S0026,pareto_balanced,2023-07-10,191,28,23,"{""sim_day"": 28.0, ""doy"": 191.0, ""topwt"": 1176.824951171875, ""grnwt"": 0.0, ""xlai"": 1.6950247287750244, ""totir"": 0.0, ""tofer"": NaN, ""swfac"": 0.0, ""nstres"": 0.0}",0.0,0.0,1176.824951171875,0.0,1.6950247287750244,0.0,,0.0,0.0,40.0,225.0,13.440905761718753,29.44090576171876,Leave_One_experiments/all_year_offline_schedule_search/daily_outputs/YCA/YCA_2023_YCA2023_normal_grid_S0026_daily.csv
YCA,YCA,Yucheng,2023,Leave_One_experiments\wth_generated_qc\YCA\YCA2023.WTH,normal_year;nitrogen_stress_year;low_response_year,normal,YCA2023_normal_grid_S0026,pareto_balanced,2023-07-11,192,29,24,"{""sim_day"": 29.0, ""doy"": 192.0, ""topwt"": 1348.3351135253906, ""grnwt"": 0.0, ""xlai"": 1.8891968727111816, ""totir"": 0.0, ""tofer"": NaN, ""swfac"": 0.0, ""nstres"": 0.0}",0.0,0.0,1348.3351135253906,0.0,1.8891968727111816,0.0,,0.0,0.0,40.0,225.0,13.440905761718753,29.44090576171876,Leave_One_experiments/all_year_offline_schedule_search/daily_outputs/YCA/YCA_2023_YCA2023_normal_grid_S0026_daily.csv
YCA,YCA,Yucheng,2023,Leave_One_experiments\wth_generated_qc\YCA\YCA2023.WTH,normal_year;nitrogen_stress_year;low_response_year,normal,YCA2023_normal_grid_S0026,pareto_balanced,2023-07-12,193,30,25,"{""sim_day"": 30.0, ""doy"": 193.0, ""topwt"": 1532.1253967285156, ""grnwt"": 0.0, ""xlai"": 2.085511922836304, ""totir"": 0.0, ""tofer"": NaN, ""swfac"": 0.0, ""nstres"": 0.0}",0.0,0.0,1532.1253967285156,0.0,2.085511922836304,0.0,,0.0,0.0,40.0,225.0,13.440905761718753,29.44090576171876,Leave_One_experiments/all_year_offline_schedule_search/daily_outputs/YCA/YCA_2023_YCA2023_normal_grid_S0026_daily.csv
YCA,YCA,Yucheng,2023,Leave_One_experiments\wth_generated_qc\YCA\YCA2023.WTH,normal_year;nitrogen_stress_year;low_response_year,normal,YCA2023_normal_grid_S0026,pareto_balanced,2023-07-13,194,31,26,"{""sim_day"": 31.0, ""doy"": 194.0, ""topwt"": 1747.1784973144531, ""grnwt"": 0.0, ""xlai"": 2.300053358078003, ""totir"": 0.0, ""tofer"": NaN, ""swfac"": 0.0, ""nstres"": 0.0}",0.0,0.0,1747.1784973144531,0.0,2.300053358078003,0.0,,0.0,0.0,40.0,225.0,13.440905761718753,29.44090576171876,Leave_One_experiments/all_year_offline_schedule_search/daily_outputs/YCA/YCA_2023_YCA2023_normal_grid_S0026_daily.csv
YCA,YCA,Yucheng,2023,Leave_One_experiments\wth_generated_qc\YCA\YCA2023.WTH,normal_year;nitrogen_stress_year;low_response_year,normal,YCA2023_normal_grid_S0026,pareto_balanced,2023-07-14,195,32,27,"{""sim_day"": 32.0, ""doy"": 195.0, ""topwt"": 1968.3241271972656, ""grnwt"": 0.0, ""xlai"": 2.505388021469116, ""totir"": 0.0, ""tofer"": NaN, ""swfac"": 0.0, ""nstres"": 0.0}",0.0,0.0,1968.3241271972656,0.0,2.505388021469116,0.0,,0.0,0.0,40.0,225.0,13.440905761718753,29.44090576171876,Leave_One_experiments/all_year_offline_schedule_search/daily_outputs/YCA/YCA_2023_YCA2023_normal_grid_S0026_daily.csv
YCA,YCA,Yucheng,2023,Leave_One_experiments\wth_generated_qc\YCA\YCA2023.WTH,normal_year;nitrogen_stress_year;low_response_year,normal,YCA2023_normal_grid_S0026,pareto_balanced,2023-07-15,196,33,28,"{""sim_day"": 33.0, ""doy"": 196.0, ""topwt"": 2183.698272705078, ""grnwt"": 0.0, ""xlai"": 2.6919965744018555, ""totir"": 0.0, ""tofer"": NaN, ""swfac"": 0.0, ""nstres"": 0.0}",0.0,0.0,2183.698272705078,0.0,2.6919965744018555,0.0,,0.0,0.0,40.0,225.0,13.440905761718753,29.44090576171876,Leave_One_experiments/all_year_offline_schedule_search/daily_outputs/YCA/YCA_2023_YCA2023_normal_grid_S0026_daily.csv
YCA,YCA,Yucheng,2023,Leave_One_experiments\wth_generated_qc\YCA\YCA2023.WTH,normal_year;nitrogen_stress_year;low_response_year,normal,YCA2023_normal_grid_S0026,pareto_balanced,2023-07-16,197,34,29,"{""sim_day"": 34.0, ""doy"": 197.0, ""topwt"": 2416.9236755371094, ""grnwt"": 0.0, ""xlai"": 2.8801379203796387, ""totir"": 0.0, ""tofer"": NaN, ""swfac"": 0.0, ""nstres"": 0.0}",0.0,0.0,2416.9236755371094,0.0,2.8801379203796387,0.0,,0.0,0.0,40.0,225.0,13.440905761718753,29.44090576171876,Leave_One_experiments/all_year_offline_schedule_search/daily_outputs/YCA/YCA_2023_YCA2023_normal_grid_S0026_daily.csv
YCA,YCA,Yucheng,2023,Leave_One_experiments\wth_generated_qc\YCA\YCA2023.WTH,normal_year;nitrogen_stress_year;low_response_year,normal,YCA2023_normal_grid_S0026,pareto_balanced,2023-07-17,198,35,30,"{""sim_day"": 35.0, ""doy"": 198.0, ""topwt"": 2676.449279785156, ""grnwt"": 0.0, ""xlai"": 3.074209213256836, ""totir"": 0.0, ""tofer"": NaN, ""swfac"": 0.0, ""nstres"": 0.0}",0.0,0.0,2676.449279785156,0.0,3.074209213256836,0.0,,0.0,75.0,40.0,225.0,13.440905761718753,29.44090576171876,Leave_One_experiments/all_year_offline_schedule_search/daily_outputs/YCA/YCA_2023_YCA2023_normal_grid_S0026_daily.csv
YCA,YCA,Yucheng,2023,Leave_One_experiments\wth_generated_qc\YCA\YCA2023.WTH,normal_year;nitrogen_stress_year;low_response_year,normal,YCA2023_normal_grid_S0026,pareto_balanced,2023-07-18,199,36,31,"{""sim_day"": 36.0, ""doy"": 199.0, ""topwt"": 2963.1515502929688, ""grnwt"": 0.0, ""xlai"": 3.272267341613769, ""totir"": 0.0, ""tofer"": NaN, ""swfac"": 0.0, ""nstres"": 0.0}",0.0,0.0,2963.1515502929688,0.0,3.272267341613769,0.0,,0.0,0.0,40.0,225.0,13.440905761718753,29.44090576171876,Leave_One_experiments/all_year_offline_schedule_search/daily_outputs/YCA/YCA_2023_YCA2023_normal_grid_S0026_daily.csv
YCA,YCA,Yucheng,2023,Leave_One_experiments\wth_generated_qc\YCA\YCA2023.WTH,normal_year;nitrogen_stress_year;low_response_year,normal,YCA2023_normal_grid_S0026,pareto_balanced,2023-07-19,200,37,32,"{""sim_day"": 37.0, ""doy"": 200.0, ""topwt"": 3289.5095825195312, ""grnwt"": 0.0, ""xlai"": 3.479551076889038, ""totir"": 0.0, ""tofer"": NaN, ""swfac"": 0.0, ""nstres"": 0.0}",0.0,0.0,3289.5095825195312,0.0,3.479551076889038,0.0,,0.0,0.0,40.0,225.0,13.440905761718753,29.44090576171876,Leave_One_experiments/all_year_offline_schedule_search/daily_outputs/YCA/YCA_2023_YCA2023_normal_grid_S0026_daily.csv
YCA,YCA,Yucheng,2023,Leave_One_experiments\wth_generated_qc\YCA\YCA2023.WTH,normal_year;nitrogen_stress_year;low_response_year,normal,YCA2023_normal_grid_S0026,pareto_balanced,2023-07-20,201,38,33,"{""sim_day"": 38.0, ""doy"": 201.0, ""topwt"": 3383.988037109375, ""grnwt"": 0.0, ""xlai"": 3.5354409217834477, ""totir"": 0.0, ""tofer"": NaN, ""swfac"": 0.0, ""nstres"": 0.0}",0.0,0.0,3383.988037109375,0.0,3.5354409217834477,0.0,,0.0,0.0,40.0,225.0,13.440905761718753,29.44090576171876,Leave_One_experiments/all_year_offline_schedule_search/daily_outputs/YCA/YCA_2023_YCA2023_normal_grid_S0026_daily.csv
YCA,YCA,Yucheng,2023,Leave_One_experiments\wth_generated_qc\YCA\YCA2023.WTH,normal_year;nitrogen_stress_year;low_response_year,normal,YCA2023_normal_grid_S0026,pareto_balanced,2023-07-21,202,39,34,"{""sim_day"": 39.0, ""doy"": 202.0, ""topwt"": 3696.166687011719, ""grnwt"": 0.0, ""xlai"": 3.707540988922119, ""totir"": 0.0, ""tofer"": NaN, ""swfac"": 0.0, ""nstres"": 0.0}",0.0,0.0,3696.166687011719,0.0,3.707540988922119,0.0,,0.0,0.0,40.0,225.0,13.440905761718753,29.44090576171876,Leave_One_experiments/all_year_offline_schedule_search/daily_outputs/YCA/YCA_2023_YCA2023_normal_grid_S0026_daily.csv
YCA,YCA,Yucheng,2023,Leave_One_experiments\wth_generated_qc\YCA\YCA2023.WTH,normal_year;nitrogen_stress_year;low_response_year,normal,YCA2023_normal_grid_S0026,pareto_balanced,2023-07-22,203,40,35,"{""sim_day"": 40.0, ""doy"": 203.0, ""topwt"": 4053.7261962890634, ""grnwt"": 0.0, ""xlai"": 3.889380693435669, ""totir"": 40.0, ""tofer"": NaN, ""swfac"": 0.0, ""nstres"": 0.0}",0.0,0.0,4053.7261962890634,0.0,3.889380693435669,40.0,,40.0,0.0,40.0,225.0,13.440905761718753,29.44090576171876,Leave_One_experiments/all_year_offline_schedule_search/daily_outputs/YCA/YCA_2023_YCA2023_normal_grid_S0026_daily.csv
YCA,YCA,Yucheng,2023,Leave_One_experiments\wth_generated_qc\YCA\YCA2023.WTH,normal_year;nitrogen_stress_year;low_response_year,normal,YCA2023_normal_grid_S0026,pareto_balanced,2023-07-23,204,41,36,"{""sim_day"": 41.0, ""doy"": 204.0, ""topwt"": 4472.834777832031, ""grnwt"": 0.0, ""xlai"": 4.086104869842529, ""totir"": 40.0, ""tofer"": NaN, ""swfac"": 0.0, ""nstres"": 0.0}",0.0,0.0,4472.834777832031,0.0,4.086104869842529,40.0,,0.0,0.0,40.0,225.0,13.440905761718753,29.44090576171876,Leave_One_experiments/all_year_offline_schedule_search/daily_outputs/YCA/YCA_2023_YCA2023_normal_grid_S0026_daily.csv
YCA,YCA,Yucheng,2023,Leave_One_experiments\wth_generated_qc\YCA\YCA2023.WTH,normal_year;nitrogen_stress_year;low_response_year,normal,YCA2023_normal_grid_S0026,pareto_balanced,2023-07-24,205,42,37,"{""sim_day"": 42.0, ""doy"": 205.0, ""topwt"": 4916.235961914063, ""grnwt"": 0.0, ""xlai"": 4.275585174560547, ""totir"": 40.0, ""tofer"": NaN, ""swfac"": 0.0, ""nstres"": 0.0}",0.0,0.0,4916.235961914063,0.0,4.275585174560547,40.0,,0.0,0.0,40.0,225.0,13.440905761718753,29.44090576171876,Leave_One_experiments/all_year_offline_schedule_search/daily_outputs/YCA/YCA_2023_YCA2023_normal_grid_S0026_daily.csv
YCA,YCA,Yucheng,2023,Leave_One_experiments\wth_generated_qc\YCA\YCA2023.WTH,normal_year;nitrogen_stress_year;low_response_year,normal,YCA2023_normal_grid_S0026,pareto_balanced,2023-07-25,206,43,38,"{""sim_day"": 43.0, ""doy"": 206.0, ""topwt"": 5275.015869140625, ""grnwt"": 0.0, ""xlai"": 4.409171581268311, ""totir"": 40.0, ""tofer"": NaN, ""swfac"": 0.0, ""nstres"": 0.0}",0.0,0.0,5275.015869140625,0.0,4.409171581268311,40.0,,0.0,0.0,40.0,225.0,13.440905761718753,29.44090576171876,Leave_One_experiments/all_year_offline_schedule_search/daily_outputs/YCA/YCA_2023_YCA2023_normal_grid_S0026_daily.csv
YCA,YCA,Yucheng,2023,Leave_One_experiments\wth_generated_qc\YCA\YCA2023.WTH,normal_year;nitrogen_stress_year;low_response_year,normal,YCA2023_normal_grid_S0026,pareto_balanced,2023-07-26,207,44,39,"{""sim_day"": 44.0, ""doy"": 207.0, ""topwt"": 5742.403564453125, ""grnwt"": 0.0, ""xlai"": 4.566985607147217, ""totir"": 40.0, ""tofer"": NaN, ""swfac"": 0.0, ""nstres"": 0.0}",0.0,0.0,5742.403564453125,0.0,4.566985607147217,40.0,,0.0,0.0,40.0,225.0,13.440905761718753,29.44090576171876,Leave_One_experiments/all_year_offline_schedule_search/daily_outputs/YCA/YCA_2023_YCA2023_normal_grid_S0026_daily.csv
YCA,YCA,Yucheng,2023,Leave_One_experiments\wth_generated_qc\YCA\YCA2023.WTH,normal_year;nitrogen_stress_year;low_response_year,normal,YCA2023_normal_grid_S0026,pareto_balanced,2023-07-27,208,45,40,"{""sim_day"": 45.0, ""doy"": 208.0, ""topwt"": 6069.523315429688, ""grnwt"": 0.0, ""xlai"": 4.658034801483154, ""totir"": 40.0, ""tofer"": NaN, ""swfac"": 0.0, ""nstres"": 0.0}",0.0,0.0,6069.523315429688,0.0,4.658034801483154,40.0,,0.0,0.0,40.0,225.0,13.440905761718753,29.44090576171876,Leave_One_experiments/all_year_offline_schedule_search/daily_outputs/YCA/YCA_2023_YCA2023_normal_grid_S0026_daily.csv
YCA,YCA,Yucheng,2023,Leave_One_experiments\wth_generated_qc\YCA\YCA2023.WTH,normal_year;nitrogen_stress_year;low_response_year,normal,YCA2023_normal_grid_S0026,pareto_balanced,2023-07-28,209,46,41,"{""sim_day"": 46.0, ""doy"": 209.0, ""topwt"": 6395.5889892578125, ""grnwt"": 0.0, ""xlai"": 4.802056312561035, ""totir"": 40.0, ""tofer"": NaN, ""swfac"": 0.0, ""nstres"": 0.0058109760284423}",0.0,0.0058109760284423,6395.5889892578125,0.0,4.802056312561035,40.0,,0.0,0.0,40.0,225.0,13.440905761718753,29.44090576171876,Leave_One_experiments/all_year_offline_schedule_search/daily_outputs/YCA/YCA_2023_YCA2023_normal_grid_S0026_daily.csv
YCA,YCA,Yucheng,2023,Leave_One_experiments\wth_generated_qc\YCA\YCA2023.WTH,normal_year;nitrogen_stress_year;low_response_year,normal,YCA2023_normal_grid_S0026,pareto_balanced,2023-07-29,210,47,42,"{""sim_day"": 47.0, ""doy"": 210.0, ""topwt"": 6717.490234375, ""grnwt"": 0.0, ""xlai"": 4.900537490844727, ""totir"": 40.0, ""tofer"": NaN, ""swfac"": 0.0, ""nstres"": 0.0222485065460205}",0.0,0.0222485065460205,6717.490234375,0.0,4.900537490844727,40.0,,0.0,0.0,40.0,225.0,13.440905761718753,29.44090576171876,Leave_One_experiments/all_year_offline_schedule_search/daily_outputs/YCA/YCA_2023_YCA2023_normal_grid_S0026_daily.csv
YCA,YCA,Yucheng,2023,Leave_One_experiments\wth_generated_qc\YCA\YCA2023.WTH,normal_year;nitrogen_stress_year;low_response_year,normal,YCA2023_normal_grid_S0026,pareto_balanced,2023-07-30,211,48,43,"{""sim_day"": 48.0, ""doy"": 211.0, ""topwt"": 7031.60888671875, ""grnwt"": 0.0, ""xlai"": 4.974100589752197, ""totir"": 40.0, ""tofer"": NaN, ""swfac"": 0.0, ""nstres"": 0.0370832085609436}",0.0,0.0370832085609436,7031.60888671875,0.0,4.974100589752197,40.0,,0.0,0.0,40.0,225.0,13.440905761718753,29.44090576171876,Leave_One_experiments/all_year_offline_schedule_search/daily_outputs/YCA/YCA_2023_YCA2023_normal_grid_S0026_daily.csv
YCA,YCA,Yucheng,2023,Leave_One_experiments\wth_generated_qc\YCA\YCA2023.WTH,normal_year;nitrogen_stress_year;low_response_year,normal,YCA2023_normal_grid_S0026,pareto_balanced,2023-07-31,212,49,44,"{""sim_day"": 49.0, ""doy"": 212.0, ""topwt"": 7324.473876953125, ""grnwt"": 0.0, ""xlai"": 5.025572299957275, ""totir"": 40.0, ""tofer"": NaN, ""swfac"": 0.0, ""nstres"": 0.0493738651275634}",0.0,0.0493738651275634,7324.473876953125,0.0,5.025572299957275,40.0,,0.0,0.0,40.0,225.0,13.440905761718753,29.44090576171876,Leave_One_experiments/all_year_offline_schedule_search/daily_outputs/YCA/YCA_2023_YCA2023_normal_grid_S0026_daily.csv
YCA,YCA,Yucheng,2023,Leave_One_experiments\wth_generated_qc\YCA\YCA2023.WTH,normal_year;nitrogen_stress_year;low_response_year,normal,YCA2023_normal_grid_S0026,pareto_balanced,2023-08-01,213,50,45,"{""sim_day"": 50.0, ""doy"": 213.0, ""topwt"": 7713.1494140625, ""grnwt"": 0.0, ""xlai"": 5.094369888305664, ""totir"": 40.0, ""tofer"": NaN, ""swfac"": 0.0, ""nstres"": 0.0596654415130615}",0.0,0.0596654415130615,7713.1494140625,0.0,5.094369888305664,40.0,,0.0,0.0,40.0,225.0,13.440905761718753,29.44090576171876,Leave_One_experiments/all_year_offline_schedule_search/daily_outputs/YCA/YCA_2023_YCA2023_normal_grid_S0026_daily.csv
YCA,YCA,Yucheng,2023,Leave_One_experiments\wth_generated_qc\YCA\YCA2023.WTH,normal_year;nitrogen_stress_year;low_response_year,normal,YCA2023_normal_grid_S0026,pareto_balanced,2023-08-02,214,51,46,"{""sim_day"": 51.0, ""doy"": 214.0, ""topwt"": 8118.421630859375, ""grnwt"": 0.0, ""xlai"": 5.155928134918213, ""totir"": 40.0, ""tofer"": NaN, ""swfac"": 0.0, ""nstres"": 0.0671882629394531}",0.0,0.0671882629394531,8118.421630859375,0.0,5.155928134918213,40.0,,0.0,0.0,40.0,225.0,13.440905761718753,29.44090576171876,Leave_One_experiments/all_year_offline_schedule_search/daily_outputs/YCA/YCA_2023_YCA2023_normal_grid_S0026_daily.csv
YCA,YCA,Yucheng,2023,Leave_One_experiments\wth_generated_qc\YCA\YCA2023.WTH,normal_year;nitrogen_stress_year;low_response_year,normal,YCA2023_normal_grid_S0026,pareto_balanced,2023-08-03,215,52,47,"{""sim_day"": 52.0, ""doy"": 215.0, ""topwt"": 8508.421630859375, ""grnwt"": 0.0, ""xlai"": 5.201336860656738, ""totir"": 40.0, ""tofer"": NaN, ""swfac"": 0.0, ""nstres"": 0.077703833580017}",0.0,0.077703833580017,8508.421630859375,0.0,5.201336860656738,40.0,,0.0,0.0,40.0,225.0,13.440905761718753,29.44090576171876,Leave_One_experiments/all_year_offline_schedule_search/daily_outputs/YCA/YCA_2023_YCA2023_normal_grid_S0026_daily.csv
YCA,YCA,Yucheng,2023,Leave_One_experiments\wth_generated_qc\YCA\YCA2023.WTH,normal_year;nitrogen_stress_year;low_response_year,normal,YCA2023_normal_grid_S0026,pareto_balanced,2023-08-04,216,53,48,"{""sim_day"": 53.0, ""doy"": 216.0, ""topwt"": 8785.587158203125, ""grnwt"": 0.0, ""xlai"": 5.208322048187256, ""totir"": 40.0, ""tofer"": NaN, ""swfac"": 0.0, ""nstres"": 0.087689995765686}",0.0,0.087689995765686,8785.587158203125,0.0,5.208322048187256,40.0,,0.0,0.0,40.0,225.0,13.440905761718753,29.44090576171876,Leave_One_experiments/all_year_offline_schedule_search/daily_outputs/YCA/YCA_2023_YCA2023_normal_grid_S0026_daily.csv
YCA,YCA,Yucheng,2023,Leave_One_experiments\wth_generated_qc\YCA\YCA2023.WTH,normal_year;nitrogen_stress_year;low_response_year,normal,YCA2023_normal_grid_S0026,pareto_balanced,2023-08-05,217,54,49,"{""sim_day"": 54.0, ""doy"": 217.0, ""topwt"": 9083.948974609377, ""grnwt"": 0.0, ""xlai"": 5.214908123016357, ""totir"": 40.0, ""tofer"": NaN, ""swfac"": 0.0, ""nstres"": 0.095572829246521}",0.0,0.095572829246521,9083.948974609377,0.0,5.214908123016357,40.0,,0.0,0.0,40.0,225.0,13.440905761718753,29.44090576171876,Leave_One_experiments/all_year_offline_schedule_search/daily_outputs/YCA/YCA_2023_YCA2023_normal_grid_S0026_daily.csv
YCA,YCA,Yucheng,2023,Leave_One_experiments\wth_generated_qc\YCA\YCA2023.WTH,normal_year;nitrogen_stress_year;low_response_year,normal,YCA2023_normal_grid_S0026,pareto_balanced,2023-08-06,218,55,50,"{""sim_day"": 55.0, ""doy"": 218.0, ""topwt"": 9364.642333984377, ""grnwt"": 0.0, ""xlai"": 5.214691162109375, ""totir"": 40.0, ""tofer"": NaN, ""swfac"": 0.0, ""nstres"": 0.0994532108306884}",0.0,0.0994532108306884,9364.642333984377,0.0,5.214691162109375,40.0,,0.0,0.0,40.0,225.0,13.440905761718753,29.44090576171876,Leave_One_experiments/all_year_offline_schedule_search/daily_outputs/YCA/YCA_2023_YCA2023_normal_grid_S0026_daily.csv
YCA,YCA,Yucheng,2023,Leave_One_experiments\wth_generated_qc\YCA\YCA2023.WTH,normal_year;nitrogen_stress_year;low_response_year,normal,YCA2023_normal_grid_S0026,pareto_balanced,2023-08-07,219,56,51,"{""sim_day"": 56.0, ""doy"": 219.0, ""topwt"": 9671.201171875, ""grnwt"": 0.0, ""xlai"": 5.22031307220459, ""totir"": 40.0, ""tofer"": NaN, ""swfac"": 0.0, ""nstres"": 0.0996196269989013}",0.0,0.0996196269989013,9671.201171875,0.0,5.22031307220459,40.0,,0.0,0.0,40.0,225.0,13.440905761718753,29.44090576171876,Leave_One_experiments/all_year_offline_schedule_search/daily_outputs/YCA/YCA_2023_YCA2023_normal_grid_S0026_daily.csv
YCA,YCA,Yucheng,2023,Leave_One_experiments\wth_generated_qc\YCA\YCA2023.WTH,normal_year;nitrogen_stress_year;low_response_year,normal,YCA2023_normal_grid_S0026,pareto_balanced,2023-08-08,220,57,52,"{""sim_day"": 57.0, ""doy"": 220.0, ""topwt"": 9976.914672851562, ""grnwt"": 0.0, ""xlai"": 5.22694206237793, ""totir"": 40.0, ""tofer"": NaN, ""swfac"": 0.0, ""nstres"": 0.0976003408432006}",0.0,0.0976003408432006,9976.914672851562,0.0,5.22694206237793,40.0,,0.0,0.0,40.0,225.0,13.440905761718753,29.44090576171876,Leave_One_experiments/all_year_offline_schedule_search/daily_outputs/YCA/YCA_2023_YCA2023_normal_grid_S0026_daily.csv
YCA,YCA,Yucheng,2023,Leave_One_experiments\wth_generated_qc\YCA\YCA2023.WTH,normal_year;nitrogen_stress_year;low_response_year,normal,YCA2023_normal_grid_S0026,pareto_balanced,2023-08-09,221,58,53,"{""sim_day"": 58.0, ""doy"": 221.0, ""topwt"": 10377.16796875, ""grnwt"": 0.0, ""xlai"": 5.165149688720703, ""totir"": 40.0, ""tofer"": NaN, ""swfac"": 0.0, ""nstres"": 0.0945759415626525}",0.0,0.0945759415626525,10377.16796875,0.0,5.165149688720703,40.0,,0.0,0.0,40.0,225.0,13.440905761718753,29.44090576171876,Leave_One_experiments/all_year_offline_schedule_search/daily_outputs/YCA/YCA_2023_YCA2023_normal_grid_S0026_daily.csv
YCA,YCA,Yucheng,2023,Leave_One_experiments\wth_generated_qc\YCA\YCA2023.WTH,normal_year;nitrogen_stress_year;low_response_year,normal,YCA2023_normal_grid_S0026,pareto_balanced,2023-08-10,222,59,54,"{""sim_day"": 59.0, ""doy"": 222.0, ""topwt"": 10736.246337890623, ""grnwt"": 0.0, ""xlai"": 5.107583045959473, ""totir"": 40.0, ""tofer"": NaN, ""swfac"": 0.0, ""nstres"": 0.0891605615615844}",0.0,0.0891605615615844,10736.246337890623,0.0,5.107583045959473,40.0,,0.0,0.0,40.0,225.0,13.440905761718753,29.44090576171876,Leave_One_experiments/all_year_offline_schedule_search/daily_outputs/YCA/YCA_2023_YCA2023_normal_grid_S0026_daily.csv
YCA,YCA,Yucheng,2023,Leave_One_experiments\wth_generated_qc\YCA\YCA2023.WTH,normal_year;nitrogen_stress_year;low_response_year,normal,YCA2023_normal_grid_S0026,pareto_balanced,2023-08-11,223,60,55,"{""sim_day"": 60.0, ""doy"": 223.0, ""topwt"": 10782.900390625, ""grnwt"": 0.0, ""xlai"": 5.052434921264648, ""totir"": 40.0, ""tofer"": NaN, ""swfac"": 0.0, ""nstres"": 0.0863783359527587}",0.0,0.0863783359527587,10782.900390625,0.0,5.052434921264648,40.0,,0.0,0.0,40.0,225.0,13.440905761718753,29.44090576171876,Leave_One_experiments/all_year_offline_schedule_search/daily_outputs/YCA/YCA_2023_YCA2023_normal_grid_S0026_daily.csv
YCA,YCA,Yucheng,2023,Leave_One_experiments\wth_generated_qc\YCA\YCA2023.WTH,normal_year;nitrogen_stress_year;low_response_year,normal,YCA2023_normal_grid_S0026,pareto_balanced,2023-08-12,224,61,56,"{""sim_day"": 61.0, ""doy"": 224.0, ""topwt"": 11142.666015625, ""grnwt"": 0.0, ""xlai"": 5.001396656036377, ""totir"": 40.0, ""tofer"": NaN, ""swfac"": 0.0, ""nstres"": 0.0808137655258178}",0.0,0.0808137655258178,11142.666015625,0.0,5.001396656036377,40.0,,0.0,0.0,40.0,225.0,13.440905761718753,29.44090576171876,Leave_One_experiments/all_year_offline_schedule_search/daily_outputs/YCA/YCA_2023_YCA2023_normal_grid_S0026_daily.csv
YCA,YCA,Yucheng,2023,Leave_One_experiments\wth_generated_qc\YCA\YCA2023.WTH,normal_year;nitrogen_stress_year;low_response_year,normal,YCA2023_normal_grid_S0026,pareto_balanced,2023-08-13,225,62,57,"{""sim_day"": 62.0, ""doy"": 225.0, ""topwt"": 11529.7900390625, ""grnwt"": 0.0, ""xlai"": 4.958691596984863, ""totir"": 40.0, ""tofer"": NaN, ""swfac"": 0.0, ""nstres"": 0.0683087110519409}",0.0,0.0683087110519409,11529.7900390625,0.0,4.958691596984863,40.0,,0.0,0.0,40.0,225.0,13.440905761718753,29.44090576171876,Leave_One_experiments/all_year_offline_schedule_search/daily_outputs/YCA/YCA_2023_YCA2023_normal_grid_S0026_daily.csv
YCA,YCA,Yucheng,2023,Leave_One_experiments\wth_generated_qc\YCA\YCA2023.WTH,normal_year;nitrogen_stress_year;low_response_year,normal,YCA2023_normal_grid_S0026,pareto_balanced,2023-08-14,226,63,58,"{""sim_day"": 63.0, ""doy"": 226.0, ""topwt"": 11913.809814453123, ""grnwt"": 0.0, ""xlai"": 4.920660972595215, ""totir"": 40.0, ""tofer"": NaN, ""swfac"": 0.0, ""nstres"": 0.0601202249526977}",0.0,0.0601202249526977,11913.809814453123,0.0,4.920660972595215,40.0,,0.0,0.0,40.0,225.0,13.440905761718753,29.44090576171876,Leave_One_experiments/all_year_offline_schedule_search/daily_outputs/YCA/YCA_2023_YCA2023_normal_grid_S0026_daily.csv
YCA,YCA,Yucheng,2023,Leave_One_experiments\wth_generated_qc\YCA\YCA2023.WTH,normal_year;nitrogen_stress_year;low_response_year,normal,YCA2023_normal_grid_S0026,pareto_balanced,2023-08-15,227,64,59,"{""sim_day"": 64.0, ""doy"": 227.0, ""topwt"": 12282.576904296877, ""grnwt"": 0.0, ""xlai"": 4.884418487548828, ""totir"": 40.0, ""tofer"": NaN, ""swfac"": 0.0, ""nstres"": 0.0508656501770019}",0.0,0.0508656501770019,12282.576904296877,0.0,4.884418487548828,40.0,,0.0,0.0,40.0,225.0,13.440905761718753,29.44090576171876,Leave_One_experiments/all_year_offline_schedule_search/daily_outputs/YCA/YCA_2023_YCA2023_normal_grid_S0026_daily.csv
YCA,YCA,Yucheng,2023,Leave_One_experiments\wth_generated_qc\YCA\YCA2023.WTH,normal_year;nitrogen_stress_year;low_response_year,normal,YCA2023_normal_grid_S0026,pareto_balanced,2023-08-16,228,65,60,"{""sim_day"": 65.0, ""doy"": 228.0, ""topwt"": 12623.699951171877, ""grnwt"": 0.0, ""xlai"": 4.849860191345215, ""totir"": 40.0, ""tofer"": NaN, ""swfac"": 0.0, ""nstres"": 0.0395702123641967}",0.0,0.0395702123641967,12623.699951171877,0.0,4.849860191345215,40.0,,0.0,75.0,40.0,225.0,13.440905761718753,29.44090576171876,Leave_One_experiments/all_year_offline_schedule_search/daily_outputs/YCA/YCA_2023_YCA2023_normal_grid_S0026_daily.csv
YCA,YCA,Yucheng,2023,Leave_One_experiments\wth_generated_qc\YCA\YCA2023.WTH,normal_year;nitrogen_stress_year;low_response_year,normal,YCA2023_normal_grid_S0026,pareto_balanced,2023-08-17,229,66,61,"{""sim_day"": 66.0, ""doy"": 229.0, ""topwt"": 12779.298095703123, ""grnwt"": 282.3674964904785, ""xlai"": 4.816886425018311, ""totir"": 40.0, ""tofer"": NaN, ""swfac"": 0.0, ""nstres"": 0.0}",0.0,0.0,12779.298095703123,282.3674964904785,4.816886425018311,40.0,,0.0,0.0,40.0,225.0,13.440905761718753,29.44090576171876,Leave_One_experiments/all_year_offline_schedule_search/daily_outputs/YCA/YCA_2023_YCA2023_normal_grid_S0026_daily.csv
YCA,YCA,Yucheng,2023,Leave_One_experiments\wth_generated_qc\YCA\YCA2023.WTH,normal_year;nitrogen_stress_year;low_response_year,normal,YCA2023_normal_grid_S0026,pareto_balanced,2023-08-18,230,67,62,"{""sim_day"": 67.0, ""doy"": 230.0, ""topwt"": 13045.360107421877, ""grnwt"": 547.0870590209961, ""xlai"": 4.785407066345215, ""totir"": 40.0, ""tofer"": NaN, ""swfac"": 0.0, ""nstres"": 0.0}",0.0,0.0,13045.360107421877,547.0870590209961,4.785407066345215,40.0,,0.0,0.0,40.0,225.0,13.440905761718753,29.44090576171876,Leave_One_experiments/all_year_offline_schedule_search/daily_outputs/YCA/YCA_2023_YCA2023_normal_grid_S0026_daily.csv
YCA,YCA,Yucheng,2023,Leave_One_experiments\wth_generated_qc\YCA\YCA2023.WTH,normal_year;nitrogen_stress_year;low_response_year,normal,YCA2023_normal_grid_S0026,pareto_balanced,2023-08-19,231,68,63,"{""sim_day"": 68.0, ""doy"": 231.0, ""topwt"": 13281.478271484377, ""grnwt"": 817.6893615722656, ""xlai"": 4.7553391456604, ""totir"": 40.0, ""tofer"": NaN, ""swfac"": 0.0, ""nstres"": 0.0}",0.0,0.0,13281.478271484377,817.6893615722656,4.7553391456604,40.0,,0.0,0.0,40.0,225.0,13.440905761718753,29.44090576171876,Leave_One_experiments/all_year_offline_schedule_search/daily_outputs/YCA/YCA_2023_YCA2023_normal_grid_S0026_daily.csv
YCA,YCA,Yucheng,2023,Leave_One_experiments\wth_generated_qc\YCA\YCA2023.WTH,normal_year;nitrogen_stress_year;low_response_year,normal,YCA2023_normal_grid_S0026,pareto_balanced,2023-08-20,232,69,64,"{""sim_day"": 69.0, ""doy"": 232.0, ""topwt"": 13637.137451171877, ""grnwt"": 1127.5092315673828, ""xlai"": 4.726603984832764, ""totir"": 40.0, ""tofer"": NaN, ""swfac"": 0.0, ""nstres"": 0.0}",0.0,0.0,13637.137451171877,1127.5092315673828,4.726603984832764,40.0,,0.0,0.0,40.0,225.0,13.440905761718753,29.44090576171876,Leave_One_experiments/all_year_offline_schedule_search/daily_outputs/YCA/YCA_2023_YCA2023_normal_grid_S0026_daily.csv
YCA,YCA,Yucheng,2023,Leave_One_experiments\wth_generated_qc\YCA\YCA2023.WTH,normal_year;nitrogen_stress_year;low_response_year,normal,YCA2023_normal_grid_S0026,pareto_balanced,2023-08-21,233,70,65,"{""sim_day"": 70.0, ""doy"": 233.0, ""topwt"": 14047.335205078123, ""grnwt"": 1441.2509155273438, ""xlai"": 4.699129104614258, ""totir"": 40.0, ""tofer"": NaN, ""swfac"": 0.0, ""nstres"": 0.0}",0.0,0.0,14047.335205078123,1441.2509155273438,4.699129104614258,40.0,,0.0,0.0,40.0,225.0,13.440905761718753,29.44090576171876,Leave_One_experiments/all_year_offline_schedule_search/daily_outputs/YCA/YCA_2023_YCA2023_normal_grid_S0026_daily.csv
YCA,YCA,Yucheng,2023,Leave_One_experiments\wth_generated_qc\YCA\YCA2023.WTH,normal_year;nitrogen_stress_year;low_response_year,normal,YCA2023_normal_grid_S0026,pareto_balanced,2023-08-22,234,71,66,"{""sim_day"": 71.0, ""doy"": 234.0, ""topwt"": 14378.692626953123, ""grnwt"": 1754.99267578125, ""xlai"": 4.67284631729126, ""totir"": 40.0, ""tofer"": NaN, ""swfac"": 0.0, ""nstres"": 0.0}",0.0,0.0,14378.692626953123,1754.99267578125,4.67284631729126,40.0,,0.0,0.0,40.0,225.0,13.440905761718753,29.44090576171876,Leave_One_experiments/all_year_offline_schedule_search/daily_outputs/YCA/YCA_2023_YCA2023_normal_grid_S0026_daily.csv
YCA,YCA,Yucheng,2023,Leave_One_experiments\wth_generated_qc\YCA\YCA2023.WTH,normal_year;nitrogen_stress_year;low_response_year,normal,YCA2023_normal_grid_S0026,pareto_balanced,2023-08-23,235,72,67,"{""sim_day"": 72.0, ""doy"": 235.0, ""topwt"": 14665.711669921877, ""grnwt"": 2068.7342834472656, ""xlai"": 4.647693634033203, ""totir"": 40.0, ""tofer"": NaN, ""swfac"": 0.0, ""nstres"": 0.0}",0.0,0.0,14665.711669921877,2068.7342834472656,4.647693634033203,40.0,,0.0,0.0,40.0,225.0,13.440905761718753,29.44090576171876,Leave_One_experiments/all_year_offline_schedule_search/daily_outputs/YCA/YCA_2023_YCA2023_normal_grid_S0026_daily.csv
YCA,YCA,Yucheng,2023,Leave_One_experiments\wth_generated_qc\YCA\YCA2023.WTH,normal_year;nitrogen_stress_year;low_response_year,normal,YCA2023_normal_grid_S0026,pareto_balanced,2023-08-24,236,73,68,"{""sim_day"": 73.0, ""doy"": 236.0, ""topwt"": 15006.175537109377, ""grnwt"": 2382.476043701172, ""xlai"": 4.6236114501953125, ""totir"": 40.0, ""tofer"": NaN, ""swfac"": 0.0, ""nstres"": 0.0}",0.0,0.0,15006.175537109377,2382.476043701172,4.6236114501953125,40.0,,0.0,0.0,40.0,225.0,13.440905761718753,29.44090576171876,Leave_One_experiments/all_year_offline_schedule_search/daily_outputs/YCA/YCA_2023_YCA2023_normal_grid_S0026_daily.csv
YCA,YCA,Yucheng,2023,Leave_One_experiments\wth_generated_qc\YCA\YCA2023.WTH,normal_year;nitrogen_stress_year;low_response_year,normal,YCA2023_normal_grid_S0026,pareto_balanced,2023-08-25,237,74,69,"{""sim_day"": 74.0, ""doy"": 237.0, ""topwt"": 15057.725830078123, ""grnwt"": 2696.2176513671875, ""xlai"": 4.6005449295043945, ""totir"": 40.0, ""tofer"": NaN, ""swfac"": 0.0, ""nstres"": 0.0}",0.0,0.0,15057.725830078123,2696.2176513671875,4.6005449295043945,40.0,,0.0,0.0,40.0,225.0,13.440905761718753,29.44090576171876,Leave_One_experiments/all_year_offline_schedule_search/daily_outputs/YCA/YCA_2023_YCA2023_normal_grid_S0026_daily.csv
YCA,YCA,Yucheng,2023,Leave_One_experiments\wth_generated_qc\YCA\YCA2023.WTH,normal_year;nitrogen_stress_year;low_response_year,normal,YCA2023_normal_grid_S0026,pareto_balanced,2023-08-26,238,75,70,"{""sim_day"": 75.0, ""doy"": 238.0, ""topwt"": 15384.58984375, ""grnwt"": 3009.9594116210938, ""xlai"": 4.578441619873047, ""totir"": 40.0, ""tofer"": NaN, ""swfac"": 0.0, ""nstres"": 0.0}",0.0,0.0,15384.58984375,3009.9594116210938,4.578441619873047,40.0,,0.0,0.0,40.0,225.0,13.440905761718753,29.44090576171876,Leave_One_experiments/all_year_offline_schedule_search/daily_outputs/YCA/YCA_2023_YCA2023_normal_grid_S0026_daily.csv
YCA,YCA,Yucheng,2023,Leave_One_experiments\wth_generated_qc\YCA\YCA2023.WTH,normal_year;nitrogen_stress_year;low_response_year,normal,YCA2023_normal_grid_S0026,pareto_balanced,2023-08-27,239,76,71,"{""sim_day"": 76.0, ""doy"": 239.0, ""topwt"": 15730.904541015623, ""grnwt"": 3323.701171875, ""xlai"": 4.557254791259766, ""totir"": 40.0, ""tofer"": NaN, ""swfac"": 0.0, ""nstres"": 0.0}",0.0,0.0,15730.904541015623,3323.701171875,4.557254791259766,40.0,,0.0,0.0,40.0,225.0,13.440905761718753,29.44090576171876,Leave_One_experiments/all_year_offline_schedule_search/daily_outputs/YCA/YCA_2023_YCA2023_normal_grid_S0026_daily.csv
YCA,YCA,Yucheng,2023,Leave_One_experiments\wth_generated_qc\YCA\YCA2023.WTH,normal_year;nitrogen_stress_year;low_response_year,normal,YCA2023_normal_grid_S0026,pareto_balanced,2023-08-28,240,77,72,"{""sim_day"": 77.0, ""doy"": 240.0, ""topwt"": 16134.718017578123, ""grnwt"": 3637.442626953125, ""xlai"": 4.5369391441345215, ""totir"": 40.0, ""tofer"": NaN, ""swfac"": 0.0, ""nstres"": 0.0}",0.0,0.0,16134.718017578123,3637.442626953125,4.5369391441345215,40.0,,0.0,0.0,40.0,225.0,13.440905761718753,29.44090576171876,Leave_One_experiments/all_year_offline_schedule_search/daily_outputs/YCA/YCA_2023_YCA2023_normal_grid_S0026_daily.csv
YCA,YCA,Yucheng,2023,Leave_One_experiments\wth_generated_qc\YCA\YCA2023.WTH,normal_year;nitrogen_stress_year;low_response_year,normal,YCA2023_normal_grid_S0026,pareto_balanced,2023-08-29,241,78,73,"{""sim_day"": 78.0, ""doy"": 241.0, ""topwt"": 16522.94921875, ""grnwt"": 3951.1843872070312, ""xlai"": 4.517450332641602, ""totir"": 40.0, ""tofer"": NaN, ""swfac"": 0.0, ""nstres"": 0.0}",0.0,0.0,16522.94921875,3951.1843872070312,4.517450332641602,40.0,,0.0,0.0,40.0,225.0,13.440905761718753,29.44090576171876,Leave_One_experiments/all_year_offline_schedule_search/daily_outputs/YCA/YCA_2023_YCA2023_normal_grid_S0026_daily.csv
YCA,YCA,Yucheng,2023,Leave_One_experiments\wth_generated_qc\YCA\YCA2023.WTH,normal_year;nitrogen_stress_year;low_response_year,normal,YCA2023_normal_grid_S0026,pareto_balanced,2023-08-30,242,79,74,"{""sim_day"": 79.0, ""doy"": 242.0, ""topwt"": 16888.62548828125, ""grnwt"": 4264.9261474609375, ""xlai"": 4.498749732971191, ""totir"": 40.0, ""tofer"": NaN, ""swfac"": 0.0, ""nstres"": 0.0}",0.0,0.0,16888.62548828125,4264.9261474609375,4.498749732971191,40.0,,0.0,0.0,40.0,225.0,13.440905761718753,29.44090576171876,Leave_One_experiments/all_year_offline_schedule_search/daily_outputs/YCA/YCA_2023_YCA2023_normal_grid_S0026_daily.csv
YCA,YCA,Yucheng,2023,Leave_One_experiments\wth_generated_qc\YCA\YCA2023.WTH,normal_year;nitrogen_stress_year;low_response_year,normal,YCA2023_normal_grid_S0026,pareto_balanced,2023-08-31,243,80,75,"{""sim_day"": 80.0, ""doy"": 243.0, ""topwt"": 17202.3681640625, ""grnwt"": 4578.667907714844, ""xlai"": 4.480799674987793, ""totir"": 40.0, ""tofer"": NaN, ""swfac"": 0.0, ""nstres"": 0.0}",0.0,0.0,17202.3681640625,4578.667907714844,4.480799674987793,40.0,,0.0,0.0,40.0,225.0,13.440905761718753,29.44090576171876,Leave_One_experiments/all_year_offline_schedule_search/daily_outputs/YCA/YCA_2023_YCA2023_normal_grid_S0026_daily.csv
YCA,YCA,Yucheng,2023,Leave_One_experiments\wth_generated_qc\YCA\YCA2023.WTH,normal_year;nitrogen_stress_year;low_response_year,normal,YCA2023_normal_grid_S0026,pareto_balanced,2023-09-01,244,81,76,"{""sim_day"": 81.0, ""doy"": 244.0, ""topwt"": 17516.109619140625, ""grnwt"": 4892.40966796875, ""xlai"": 4.463565349578857, ""totir"": 40.0, ""tofer"": NaN, ""swfac"": 0.0, ""nstres"": 0.0}",0.0,0.0,17516.109619140625,4892.40966796875,4.463565349578857,40.0,,0.0,0.0,40.0,225.0,13.440905761718753,29.44090576171876,Leave_One_experiments/all_year_offline_schedule_search/daily_outputs/YCA/YCA_2023_YCA2023_normal_grid_S0026_daily.csv
YCA,YCA,Yucheng,2023,Leave_One_experiments\wth_generated_qc\YCA\YCA2023.WTH,normal_year;nitrogen_stress_year;low_response_year,normal,YCA2023_normal_grid_S0026,pareto_balanced,2023-09-02,245,82,77,"{""sim_day"": 82.0, ""doy"": 245.0, ""topwt"": 17829.85107421875, ""grnwt"": 5206.151123046875, ""xlai"": 4.396426200866699, ""totir"": 40.0, ""tofer"": NaN, ""swfac"": 0.0, ""nstres"": 0.0}",0.0,0.0,17829.85107421875,5206.151123046875,4.396426200866699,40.0,,0.0,0.0,40.0,225.0,13.440905761718753,29.44090576171876,Leave_One_experiments/all_year_offline_schedule_search/daily_outputs/YCA/YCA_2023_YCA2023_normal_grid_S0026_daily.csv
YCA,YCA,Yucheng,2023,Leave_One_experiments\wth_generated_qc\YCA\YCA2023.WTH,normal_year;nitrogen_stress_year;low_response_year,normal,YCA2023_normal_grid_S0026,pareto_balanced,2023-09-03,246,83,78,"{""sim_day"": 83.0, ""doy"": 246.0, ""topwt"": 18141.63330078125, ""grnwt"": 5517.93212890625, ""xlai"": 4.271280765533447, ""totir"": 40.0, ""tofer"": NaN, ""swfac"": 0.0, ""nstres"": 0.0}",0.0,0.0,18141.63330078125,5517.93212890625,4.271280765533447,40.0,,0.0,0.0,40.0,225.0,13.440905761718753,29.44090576171876,Leave_One_experiments/all_year_offline_schedule_search/daily_outputs/YCA/YCA_2023_YCA2023_normal_grid_S0026_daily.csv
YCA,YCA,Yucheng,2023,Leave_One_experiments\wth_generated_qc\YCA\YCA2023.WTH,normal_year;nitrogen_stress_year;low_response_year,normal,YCA2023_normal_grid_S0026,pareto_balanced,2023-09-04,247,84,79,"{""sim_day"": 84.0, ""doy"": 247.0, ""topwt"": 18455.37475585937, ""grnwt"": 5831.673583984375, ""xlai"": 4.137187480926514, ""totir"": 40.0, ""tofer"": NaN, ""swfac"": 0.0, ""nstres"": 0.0}",0.0,0.0,18455.37475585937,5831.673583984375,4.137187480926514,40.0,,0.0,0.0,40.0,225.0,13.440905761718753,29.44090576171876,Leave_One_experiments/all_year_offline_schedule_search/daily_outputs/YCA/YCA_2023_YCA2023_normal_grid_S0026_daily.csv
YCA,YCA,Yucheng,2023,Leave_One_experiments\wth_generated_qc\YCA\YCA2023.WTH,normal_year;nitrogen_stress_year;low_response_year,normal,YCA2023_normal_grid_S0026,pareto_balanced,2023-09-05,248,85,80,"{""sim_day"": 85.0, ""doy"": 248.0, ""topwt"": 18769.1162109375, ""grnwt"": 6145.415649414063, ""xlai"": 4.002132892608643, ""totir"": 40.0, ""tofer"": NaN, ""swfac"": 0.0, ""nstres"": 0.0}",0.0,0.0,18769.1162109375,6145.415649414063,4.002132892608643,40.0,,0.0,0.0,40.0,225.0,13.440905761718753,29.44090576171876,Leave_One_experiments/all_year_offline_schedule_search/daily_outputs/YCA/YCA_2023_YCA2023_normal_grid_S0026_daily.csv
YCA,YCA,Yucheng,2023,Leave_One_experiments\wth_generated_qc\YCA\YCA2023.WTH,normal_year;nitrogen_stress_year;low_response_year,normal,YCA2023_normal_grid_S0026,pareto_balanced,2023-09-06,249,86,81,"{""sim_day"": 86.0, ""doy"": 249.0, ""topwt"": 19082.857666015625, ""grnwt"": 6459.157104492188, ""xlai"": 3.850335359573364, ""totir"": 40.0, ""tofer"": NaN, ""swfac"": 0.0, ""nstres"": 0.0}",0.0,0.0,19082.857666015625,6459.157104492188,3.850335359573364,40.0,,0.0,0.0,40.0,225.0,13.440905761718753,29.44090576171876,Leave_One_experiments/all_year_offline_schedule_search/daily_outputs/YCA/YCA_2023_YCA2023_normal_grid_S0026_daily.csv
YCA,YCA,Yucheng,2023,Leave_One_experiments\wth_generated_qc\YCA\YCA2023.WTH,normal_year;nitrogen_stress_year;low_response_year,normal,YCA2023_normal_grid_S0026,pareto_balanced,2023-09-07,250,87,82,"{""sim_day"": 87.0, ""doy"": 250.0, ""topwt"": 19396.59912109375, ""grnwt"": 6772.899169921875, ""xlai"": 3.687779903411865, ""totir"": 40.0, ""tofer"": NaN, ""swfac"": 0.0, ""nstres"": 0.0}",0.0,0.0,19396.59912109375,6772.899169921875,3.687779903411865,40.0,,0.0,0.0,40.0,225.0,13.440905761718753,29.44090576171876,Leave_One_experiments/all_year_offline_schedule_search/daily_outputs/YCA/YCA_2023_YCA2023_normal_grid_S0026_daily.csv
YCA,YCA,Yucheng,2023,Leave_One_experiments\wth_generated_qc\YCA\YCA2023.WTH,normal_year;nitrogen_stress_year;low_response_year,normal,YCA2023_normal_grid_S0026,pareto_balanced,2023-09-08,251,88,83,"{""sim_day"": 88.0, ""doy"": 251.0, ""topwt"": 19710.341796875, ""grnwt"": 7086.640625, ""xlai"": 3.511704206466675, ""totir"": 40.0, ""tofer"": NaN, ""swfac"": 0.0, ""nstres"": 0.0}",0.0,0.0,19710.341796875,7086.640625,3.511704206466675,40.0,,0.0,0.0,40.0,225.0,13.440905761718753,29.44090576171876,Leave_One_experiments/all_year_offline_schedule_search/daily_outputs/YCA/YCA_2023_YCA2023_normal_grid_S0026_daily.csv
YCA,YCA,Yucheng,2023,Leave_One_experiments\wth_generated_qc\YCA\YCA2023.WTH,normal_year;nitrogen_stress_year;low_response_year,normal,YCA2023_normal_grid_S0026,pareto_balanced,2023-09-09,252,89,84,"{""sim_day"": 89.0, ""doy"": 252.0, ""topwt"": 19898.55224609375, ""grnwt"": 7400.382080078125, ""xlai"": 3.334433078765869, ""totir"": 40.0, ""tofer"": NaN, ""swfac"": 0.0, ""nstres"": 0.0}",0.0,0.0,19898.55224609375,7400.382080078125,3.334433078765869,40.0,,0.0,0.0,40.0,225.0,13.440905761718753,29.44090576171876,Leave_One_experiments/all_year_offline_schedule_search/daily_outputs/YCA/YCA_2023_YCA2023_normal_grid_S0026_daily.csv
YCA,YCA,Yucheng,2023,Leave_One_experiments\wth_generated_qc\YCA\YCA2023.WTH,normal_year;nitrogen_stress_year;low_response_year,normal,YCA2023_normal_grid_S0026,pareto_balanced,2023-09-10,253,90,85,"{""sim_day"": 90.0, ""doy"": 253.0, ""topwt"": 20076.65283203125, ""grnwt"": 7714.124145507812, ""xlai"": 3.1509530544281006, ""totir"": 40.0, ""tofer"": NaN, ""swfac"": 0.0, ""nstres"": 0.0}",0.0,0.0,20076.65283203125,7714.124145507812,3.1509530544281006,40.0,,0.0,0.0,40.0,225.0,13.440905761718753,29.44090576171876,Leave_One_experiments/all_year_offline_schedule_search/daily_outputs/YCA/YCA_2023_YCA2023_normal_grid_S0026_daily.csv
YCA,YCA,Yucheng,2023,Leave_One_experiments\wth_generated_qc\YCA\YCA2023.WTH,normal_year;nitrogen_stress_year;low_response_year,normal,YCA2023_normal_grid_S0026,pareto_balanced,2023-09-11,254,91,86,"{""sim_day"": 91.0, ""doy"": 254.0, ""topwt"": 20223.48876953125, ""grnwt"": 8027.8656005859375, ""xlai"": 2.9799675941467285, ""totir"": 40.0, ""tofer"": NaN, ""swfac"": 0.0, ""nstres"": 0.0}",0.0,0.0,20223.48876953125,8027.8656005859375,2.9799675941467285,40.0,,0.0,0.0,40.0,225.0,13.440905761718753,29.44090576171876,Leave_One_experiments/all_year_offline_schedule_search/daily_outputs/YCA/YCA_2023_YCA2023_normal_grid_S0026_daily.csv
YCA,YCA,Yucheng,2023,Leave_One_experiments\wth_generated_qc\YCA\YCA2023.WTH,normal_year;nitrogen_stress_year;low_response_year,normal,YCA2023_normal_grid_S0026,pareto_balanced,2023-09-12,255,92,87,"{""sim_day"": 92.0, ""doy"": 255.0, ""topwt"": 20590.52490234375, ""grnwt"": 8341.607666015625, ""xlai"": 2.8032989501953125, ""totir"": 40.0, ""tofer"": NaN, ""swfac"": 0.0, ""nstres"": 0.0}",0.0,0.0,20590.52490234375,8341.607666015625,2.8032989501953125,40.0,,0.0,0.0,40.0,225.0,13.440905761718753,29.44090576171876,Leave_One_experiments/all_year_offline_schedule_search/daily_outputs/YCA/YCA_2023_YCA2023_normal_grid_S0026_daily.csv
YCA,YCA,Yucheng,2023,Leave_One_experiments\wth_generated_qc\YCA\YCA2023.WTH,normal_year;nitrogen_stress_year;low_response_year,normal,YCA2023_normal_grid_S0026,pareto_balanced,2023-09-13,256,93,88,"{""sim_day"": 93.0, ""doy"": 256.0, ""topwt"": 20948.9599609375, ""grnwt"": 8655.348510742188, ""xlai"": 2.6378512382507324, ""totir"": 40.0, ""tofer"": NaN, ""swfac"": 0.0, ""nstres"": 0.0136119127273559}",0.0,0.0136119127273559,20948.9599609375,8655.348510742188,2.6378512382507324,40.0,,0.0,0.0,40.0,225.0,13.440905761718753,29.44090576171876,Leave_One_experiments/all_year_offline_schedule_search/daily_outputs/YCA/YCA_2023_YCA2023_normal_grid_S0026_daily.csv
YCA,YCA,Yucheng,2023,Leave_One_experiments\wth_generated_qc\YCA\YCA2023.WTH,normal_year;nitrogen_stress_year;low_response_year,normal,YCA2023_normal_grid_S0026,pareto_balanced,2023-09-14,257,94,89,"{""sim_day"": 94.0, ""doy"": 257.0, ""topwt"": 21284.09423828125, ""grnwt"": 8969.090576171875, ""xlai"": 2.44726037979126, ""totir"": 40.0, ""tofer"": NaN, ""swfac"": 0.0, ""nstres"": 0.0450011491775512}",0.0,0.0450011491775512,21284.09423828125,8969.090576171875,2.44726037979126,40.0,,0.0,0.0,40.0,225.0,13.440905761718753,29.44090576171876,Leave_One_experiments/all_year_offline_schedule_search/daily_outputs/YCA/YCA_2023_YCA2023_normal_grid_S0026_daily.csv
YCA,YCA,Yucheng,2023,Leave_One_experiments\wth_generated_qc\YCA\YCA2023.WTH,normal_year;nitrogen_stress_year;low_response_year,normal,YCA2023_normal_grid_S0026,pareto_balanced,2023-09-15,258,95,90,"{""sim_day"": 95.0, ""doy"": 258.0, ""topwt"": 21284.09423828125, ""grnwt"": 8969.090576171875, ""xlai"": 2.44726037979126, ""totir"": 40.0, ""tofer"": NaN, ""swfac"": 0.0, ""nstres"": 0.0744190216064453}",0.0,0.0744190216064453,21284.09423828125,8969.090576171875,2.44726037979126,40.0,,0.0,0.0,40.0,225.0,13.440905761718753,29.44090576171876,Leave_One_experiments/all_year_offline_schedule_search/daily_outputs/YCA/YCA_2023_YCA2023_normal_grid_S0026_daily.csv
YCA,YCA,Yucheng,2023,Leave_One_experiments\wth_generated_qc\YCA\YCA2023.WTH,normal_year;nitrogen_stress_year;low_response_year,normal,YCA2023_normal_grid_S0026,pareto_balanced,2023-09-16,259,96,91,"{""sim_day"": 96.0, ""doy"": 259.0, ""topwt"": 21284.09423828125, ""grnwt"": 8969.090576171875, ""xlai"": 2.44726037979126, ""totir"": 40.0, ""tofer"": NaN, ""swfac"": 0.0, ""nstres"": 0.0744190216064453}",0.0,0.0744190216064453,21284.09423828125,8969.090576171875,2.44726037979126,40.0,,0.0,0.0,40.0,225.0,13.440905761718753,29.44090576171876,Leave_One_experiments/all_year_offline_schedule_search/daily_outputs/YCA/YCA_2023_YCA2023_normal_grid_S0026_daily.csv
YCA,YCA,Yucheng,2023,Leave_One_experiments\wth_generated_qc\YCA\YCA2023.WTH,normal_year;nitrogen_stress_year;low_response_year,normal,YCA2023_normal_grid_S0026,pareto_balanced,2023-09-17,260,97,92,"{""sim_day"": 97.0, ""doy"": 260.0, ""topwt"": 21284.09423828125, ""grnwt"": 8969.090576171875, ""xlai"": 2.44726037979126, ""totir"": 40.0, ""tofer"": NaN, ""swfac"": 0.0, ""nstres"": 0.0744190216064453}",0.0,0.0744190216064453,21284.09423828125,8969.090576171875,2.44726037979126,40.0,,0.0,0.0,40.0,225.0,13.440905761718753,29.44090576171876,Leave_One_experiments/all_year_offline_schedule_search/daily_outputs/YCA/YCA_2023_YCA2023_normal_grid_S0026_daily.csv
YCA,YCA,Yucheng,2023,Leave_One_experiments\wth_generated_qc\YCA\YCA2023.WTH,normal_year;nitrogen_stress_year;low_response_year,normal,YCA2023_normal_grid_S0027,top_yield,2023-06-18,169,1,1,"{""sim_day"": 1.0, ""doy"": 169.0, ""topwt"": 0.0, ""grnwt"": 0.0, ""xlai"": 0.0, ""totir"": 0.0, ""tofer"": NaN, ""swfac"": 0.0, ""nstres"": 0.0}",0.0,0.0,0.0,0.0,0.0,0.0,,0.0,75.0,70.0,225.0,-1.5590942382812472,26.44090576171876,Leave_One_experiments/all_year_offline_schedule_search/daily_outputs/YCA/YCA_2023_YCA2023_normal_grid_S0027_daily.csv
YCA,YCA,Yucheng,2023,Leave_One_experiments\wth_generated_qc\YCA\YCA2023.WTH,normal_year;nitrogen_stress_year;low_response_year,normal,YCA2023_normal_grid_S0027,top_yield,2023-06-19,170,2,2,"{""sim_day"": 2.0, ""doy"": 170.0, ""topwt"": 0.0, ""grnwt"": 0.0, ""xlai"": 0.0, ""totir"": 0.0, ""tofer"": NaN, ""swfac"": 0.0, ""nstres"": 0.0}",0.0,0.0,0.0,0.0,0.0,0.0,,0.0,0.0,70.0,225.0,-1.5590942382812472,26.44090576171876,Leave_One_experiments/all_year_offline_schedule_search/daily_outputs/YCA/YCA_2023_YCA2023_normal_grid_S0027_daily.csv
YCA,YCA,Yucheng,2023,Leave_One_experiments\wth_generated_qc\YCA\YCA2023.WTH,normal_year;nitrogen_stress_year;low_response_year,normal,YCA2023_normal_grid_S0027,top_yield,2023-06-20,171,3,3,"{""sim_day"": 3.0, ""doy"": 171.0, ""topwt"": 0.0, ""grnwt"": 0.0, ""xlai"": 0.0, ""totir"": 0.0, ""tofer"": NaN, ""swfac"": 0.0, ""nstres"": 0.0}",0.0,0.0,0.0,0.0,0.0,0.0,,0.0,0.0,70.0,225.0,-1.5590942382812472,26.44090576171876,Leave_One_experiments/all_year_offline_schedule_search/daily_outputs/YCA/YCA_2023_YCA2023_normal_grid_S0027_daily.csv
YCA,YCA,Yucheng,2023,Leave_One_experiments\wth_generated_qc\YCA\YCA2023.WTH,normal_year;nitrogen_stress_year;low_response_year,normal,YCA2023_normal_grid_S0027,top_yield,2023-06-21,172,4,4,"{""sim_day"": 4.0, ""doy"": 172.0, ""topwt"": 0.0, ""grnwt"": 0.0, ""xlai"": 0.0, ""totir"": 0.0, ""tofer"": NaN, ""swfac"": 0.0, ""nstres"": 0.0}",0.0,0.0,0.0,0.0,0.0,0.0,,0.0,0.0,70.0,225.0,-1.5590942382812472,26.44090576171876,Leave_One_experiments/all_year_offline_schedule_search/daily_outputs/YCA/YCA_2023_YCA2023_normal_grid_S0027_daily.csv
YCA,YCA,Yucheng,2023,Leave_One_experiments\wth_generated_qc\YCA\YCA2023.WTH,normal_year;nitrogen_stress_year;low_response_year,normal,YCA2023_normal_grid_S0027,top_yield,2023-06-22,173,5,5,"{""sim_day"": 5.0, ""doy"": 173.0, ""topwt"": 0.0, ""grnwt"": 0.0, ""xlai"": 0.0, ""totir"": 0.0, ""tofer"": NaN, ""swfac"": 0.0, ""nstres"": 0.0}",0.0,0.0,0.0,0.0,0.0,0.0,,0.0,0.0,70.0,225.0,-1.5590942382812472,26.44090576171876,Leave_One_experiments/all_year_offline_schedule_search/daily_outputs/YCA/YCA_2023_YCA2023_normal_grid_S0027_daily.csv
YCA,YCA,Yucheng,2023,Leave_One_experiments\wth_generated_qc\YCA\YCA2023.WTH,normal_year;nitrogen_stress_year;low_response_year,normal,YCA2023_normal_grid_S0027,top_yield,2023-06-18,169,6,1,"{""sim_day"": 6.0, ""doy"": 169.0, ""topwt"": 0.0, ""grnwt"": 0.0, ""xlai"": 0.0, ""totir"": 0.0, ""tofer"": NaN, ""swfac"": 0.0, ""nstres"": 0.0}",0.0,0.0,0.0,0.0,0.0,0.0,,0.0,0.0,70.0,225.0,-1.5590942382812472,26.44090576171876,Leave_One_experiments/all_year_offline_schedule_search/daily_outputs/YCA/YCA_2023_YCA2023_normal_grid_S0027_daily.csv
YCA,YCA,Yucheng,2023,Leave_One_experiments\wth_generated_qc\YCA\YCA2023.WTH,normal_year;nitrogen_stress_year;low_response_year,normal,YCA2023_normal_grid_S0027,top_yield,2023-06-19,170,7,2,"{""sim_day"": 7.0, ""doy"": 170.0, ""topwt"": 0.0, ""grnwt"": 0.0, ""xlai"": 0.0, ""totir"": 0.0, ""tofer"": NaN, ""swfac"": 0.0, ""nstres"": 0.0}",0.0,0.0,0.0,0.0,0.0,0.0,,0.0,0.0,70.0,225.0,-1.5590942382812472,26.44090576171876,Leave_One_experiments/all_year_offline_schedule_search/daily_outputs/YCA/YCA_2023_YCA2023_normal_grid_S0027_daily.csv
YCA,YCA,Yucheng,2023,Leave_One_experiments\wth_generated_qc\YCA\YCA2023.WTH,normal_year;nitrogen_stress_year;low_response_year,normal,YCA2023_normal_grid_S0027,top_yield,2023-06-20,171,8,3,"{""sim_day"": 8.0, ""doy"": 171.0, ""topwt"": 0.0, ""grnwt"": 0.0, ""xlai"": 0.0, ""totir"": 0.0, ""tofer"": NaN, ""swfac"": 0.0, ""nstres"": 0.0}",0.0,0.0,0.0,0.0,0.0,0.0,,0.0,0.0,70.0,225.0,-1.5590942382812472,26.44090576171876,Leave_One_experiments/all_year_offline_schedule_search/daily_outputs/YCA/YCA_2023_YCA2023_normal_grid_S0027_daily.csv
YCA,YCA,Yucheng,2023,Leave_One_experiments\wth_generated_qc\YCA\YCA2023.WTH,normal_year;nitrogen_stress_year;low_response_year,normal,YCA2023_normal_grid_S0027,top_yield,2023-06-21,172,9,4,"{""sim_day"": 9.0, ""doy"": 172.0, ""topwt"": 0.0, ""grnwt"": 0.0, ""xlai"": 0.0, ""totir"": 0.0, ""tofer"": NaN, ""swfac"": 0.0, ""nstres"": 0.0}",0.0,0.0,0.0,0.0,0.0,0.0,,0.0,0.0,70.0,225.0,-1.5590942382812472,26.44090576171876,Leave_One_experiments/all_year_offline_schedule_search/daily_outputs/YCA/YCA_2023_YCA2023_normal_grid_S0027_daily.csv
YCA,YCA,Yucheng,2023,Leave_One_experiments\wth_generated_qc\YCA\YCA2023.WTH,normal_year;nitrogen_stress_year;low_response_year,normal,YCA2023_normal_grid_S0027,top_yield,2023-06-22,173,10,5,"{""sim_day"": 10.0, ""doy"": 173.0, ""topwt"": 26.400001049041748, ""grnwt"": 0.0, ""xlai"": 0.0058571309782564, ""totir"": 0.0, ""tofer"": NaN, ""swfac"": 0.0, ""nstres"": 0.0121910572052001}",0.0,0.0121910572052001,26.400001049041748,0.0,0.0058571309782564,0.0,,0.0,0.0,70.0,225.0,-1.5590942382812472,26.44090576171876,Leave_One_experiments/all_year_offline_schedule_search/daily_outputs/YCA/YCA_2023_YCA2023_normal_grid_S0027_daily.csv
YCA,YCA,Yucheng,2023,Leave_One_experiments\wth_generated_qc\YCA\YCA2023.WTH,normal_year;nitrogen_stress_year;low_response_year,normal,YCA2023_normal_grid_S0027,top_yield,2023-06-23,174,11,6,"{""sim_day"": 11.0, ""doy"": 174.0, ""topwt"": 26.400001049041748, ""grnwt"": 0.0, ""xlai"": 0.0120706427842378, ""totir"": 0.0, ""tofer"": NaN, ""swfac"": 0.0, ""nstres"": 0.0079849958419799}",0.0,0.0079849958419799,26.400001049041748,0.0,0.0120706427842378,0.0,,0.0,0.0,70.0,225.0,-1.5590942382812472,26.44090576171876,Leave_One_experiments/all_year_offline_schedule_search/daily_outputs/YCA/YCA_2023_YCA2023_normal_grid_S0027_daily.csv
YCA,YCA,Yucheng,2023,Leave_One_experiments\wth_generated_qc\YCA\YCA2023.WTH,normal_year;nitrogen_stress_year;low_response_year,normal,YCA2023_normal_grid_S0027,top_yield,2023-06-24,175,12,7,"{""sim_day"": 12.0, ""doy"": 175.0, ""topwt"": 26.400001049041748, ""grnwt"": 0.0, ""xlai"": 0.0183221846818923, ""totir"": 0.0, ""tofer"": NaN, ""swfac"": 0.0, ""nstres"": 0.0007379055023193}",0.0,0.0007379055023193,26.400001049041748,0.0,0.0183221846818923,0.0,,0.0,0.0,70.0,225.0,-1.5590942382812472,26.44090576171876,Leave_One_experiments/all_year_offline_schedule_search/daily_outputs/YCA/YCA_2023_YCA2023_normal_grid_S0027_daily.csv
YCA,YCA,Yucheng,2023,Leave_One_experiments\wth_generated_qc\YCA\YCA2023.WTH,normal_year;nitrogen_stress_year;low_response_year,normal,YCA2023_normal_grid_S0027,top_yield,2023-06-25,176,13,8,"{""sim_day"": 13.0, ""doy"": 176.0, ""topwt"": 26.400001049041748, ""grnwt"": 0.0, ""xlai"": 0.0435296855866909, ""totir"": 0.0, ""tofer"": NaN, ""swfac"": 0.0, ""nstres"": 0.0}",0.0,0.0,26.400001049041748,0.0,0.0435296855866909,0.0,,0.0,0.0,70.0,225.0,-1.5590942382812472,26.44090576171876,Leave_One_experiments/all_year_offline_schedule_search/daily_outputs/YCA/YCA_2023_YCA2023_normal_grid_S0027_daily.csv
YCA,YCA,Yucheng,2023,Leave_One_experiments\wth_generated_qc\YCA\YCA2023.WTH,normal_year;nitrogen_stress_year;low_response_year,normal,YCA2023_normal_grid_S0027,top_yield,2023-06-26,177,14,9,"{""sim_day"": 14.0, ""doy"": 177.0, ""topwt"": 37.50510215759277, ""grnwt"": 0.0, ""xlai"": 0.0737534314393997, ""totir"": 0.0, ""tofer"": NaN, ""swfac"": 0.0, ""nstres"": 0.0}",0.0,0.0,37.50510215759277,0.0,0.0737534314393997,0.0,,0.0,0.0,70.0,225.0,-1.5590942382812472,26.44090576171876,Leave_One_experiments/all_year_offline_schedule_search/daily_outputs/YCA/YCA_2023_YCA2023_normal_grid_S0027_daily.csv
YCA,YCA,Yucheng,2023,Leave_One_experiments\wth_generated_qc\YCA\YCA2023.WTH,normal_year;nitrogen_stress_year;low_response_year,normal,YCA2023_normal_grid_S0027,top_yield,2023-06-27,178,15,10,"{""sim_day"": 15.0, ""doy"": 178.0, ""topwt"": 53.37294578552246, ""grnwt"": 0.0, ""xlai"": 0.1100483760237693, ""totir"": 0.0, ""tofer"": NaN, ""swfac"": 0.0, ""nstres"": 0.0}",0.0,0.0,53.37294578552246,0.0,0.1100483760237693,0.0,,0.0,0.0,70.0,225.0,-1.5590942382812472,26.44090576171876,Leave_One_experiments/all_year_offline_schedule_search/daily_outputs/YCA/YCA_2023_YCA2023_normal_grid_S0027_daily.csv
YCA,YCA,Yucheng,2023,Leave_One_experiments\wth_generated_qc\YCA\YCA2023.WTH,normal_year;nitrogen_stress_year;low_response_year,normal,YCA2023_normal_grid_S0027,top_yield,2023-06-28,179,16,11,"{""sim_day"": 16.0, ""doy"": 179.0, ""topwt"": 74.93001461029053, ""grnwt"": 0.0, ""xlai"": 0.1548771858215332, ""totir"": 0.0, ""tofer"": NaN, ""swfac"": 0.0, ""nstres"": 0.0}",0.0,0.0,74.93001461029053,0.0,0.1548771858215332,0.0,,0.0,0.0,70.0,225.0,-1.5590942382812472,26.44090576171876,Leave_One_experiments/all_year_offline_schedule_search/daily_outputs/YCA/YCA_2023_YCA2023_normal_grid_S0027_daily.csv
YCA,YCA,Yucheng,2023,Leave_One_experiments\wth_generated_qc\YCA\YCA2023.WTH,normal_year;nitrogen_stress_year;low_response_year,normal,YCA2023_normal_grid_S0027,top_yield,2023-06-29,180,17,12,"{""sim_day"": 17.0, ""doy"": 180.0, ""topwt"": 99.65514183044434, ""grnwt"": 0.0, ""xlai"": 0.2024078220129013, ""totir"": 0.0, ""tofer"": NaN, ""swfac"": 0.0, ""nstres"": 0.0}",0.0,0.0,99.65514183044434,0.0,0.2024078220129013,0.0,,0.0,0.0,70.0,225.0,-1.5590942382812472,26.44090576171876,Leave_One_experiments/all_year_offline_schedule_search/daily_outputs/YCA/YCA_2023_YCA2023_normal_grid_S0027_daily.csv
YCA,YCA,Yucheng,2023,Leave_One_experiments\wth_generated_qc\YCA\YCA2023.WTH,normal_year;nitrogen_stress_year;low_response_year,normal,YCA2023_normal_grid_S0027,top_yield,2023-06-30,181,18,13,"{""sim_day"": 18.0, ""doy"": 181.0, ""topwt"": 131.5467929840088, ""grnwt"": 0.0, ""xlai"": 0.2597059607505798, ""totir"": 0.0, ""tofer"": NaN, ""swfac"": 0.0, ""nstres"": 0.0}",0.0,0.0,131.5467929840088,0.0,0.2597059607505798,0.0,,0.0,0.0,70.0,225.0,-1.5590942382812472,26.44090576171876,Leave_One_experiments/all_year_offline_schedule_search/daily_outputs/YCA/YCA_2023_YCA2023_normal_grid_S0027_daily.csv
YCA,YCA,Yucheng,2023,Leave_One_experiments\wth_generated_qc\YCA\YCA2023.WTH,normal_year;nitrogen_stress_year;low_response_year,normal,YCA2023_normal_grid_S0027,top_yield,2023-07-01,182,19,14,"{""sim_day"": 19.0, ""doy"": 182.0, ""topwt"": 174.4040870666504, ""grnwt"": 0.0, ""xlai"": 0.3318465054035187, ""totir"": 0.0, ""tofer"": NaN, ""swfac"": 0.0, ""nstres"": 0.0}",0.0,0.0,174.4040870666504,0.0,0.3318465054035187,0.0,,0.0,0.0,70.0,225.0,-1.5590942382812472,26.44090576171876,Leave_One_experiments/all_year_offline_schedule_search/daily_outputs/YCA/YCA_2023_YCA2023_normal_grid_S0027_daily.csv
YCA,YCA,Yucheng,2023,Leave_One_experiments\wth_generated_qc\YCA\YCA2023.WTH,normal_year;nitrogen_stress_year;low_response_year,normal,YCA2023_normal_grid_S0027,top_yield,2023-07-02,183,20,15,"{""sim_day"": 20.0, ""doy"": 183.0, ""topwt"": 219.00312423706052, ""grnwt"": 0.0, ""xlai"": 0.4302230775356293, ""totir"": 0.0, ""tofer"": NaN, ""swfac"": 0.0, ""nstres"": 0.0}",0.0,0.0,219.00312423706052,0.0,0.4302230775356293,0.0,,0.0,0.0,70.0,225.0,-1.5590942382812472,26.44090576171876,Leave_One_experiments/all_year_offline_schedule_search/daily_outputs/YCA/YCA_2023_YCA2023_normal_grid_S0027_daily.csv
YCA,YCA,Yucheng,2023,Leave_One_experiments\wth_generated_qc\YCA\YCA2023.WTH,normal_year;nitrogen_stress_year;low_response_year,normal,YCA2023_normal_grid_S0027,top_yield,2023-07-03,184,21,16,"{""sim_day"": 21.0, ""doy"": 184.0, ""topwt"": 273.0967903137207, ""grnwt"": 0.0, ""xlai"": 0.5176066756248474, ""totir"": 0.0, ""tofer"": NaN, ""swfac"": 0.0, ""nstres"": 0.0}",0.0,0.0,273.0967903137207,0.0,0.5176066756248474,0.0,,0.0,0.0,70.0,225.0,-1.5590942382812472,26.44090576171876,Leave_One_experiments/all_year_offline_schedule_search/daily_outputs/YCA/YCA_2023_YCA2023_normal_grid_S0027_daily.csv
YCA,YCA,Yucheng,2023,Leave_One_experiments\wth_generated_qc\YCA\YCA2023.WTH,normal_year;nitrogen_stress_year;low_response_year,normal,YCA2023_normal_grid_S0027,top_yield,2023-07-04,185,22,17,"{""sim_day"": 22.0, ""doy"": 185.0, ""topwt"": 346.84593200683594, ""grnwt"": 0.0, ""xlai"": 0.6307865977287292, ""totir"": 0.0, ""tofer"": NaN, ""swfac"": 0.0, ""nstres"": 0.0042382478713989}",0.0,0.0042382478713989,346.84593200683594,0.0,0.6307865977287292,0.0,,0.0,0.0,70.0,225.0,-1.5590942382812472,26.44090576171876,Leave_One_experiments/all_year_offline_schedule_search/daily_outputs/YCA/YCA_2023_YCA2023_normal_grid_S0027_daily.csv
YCA,YCA,Yucheng,2023,Leave_One_experiments\wth_generated_qc\YCA\YCA2023.WTH,normal_year;nitrogen_stress_year;low_response_year,normal,YCA2023_normal_grid_S0027,top_yield,2023-07-05,186,23,18,"{""sim_day"": 23.0, ""doy"": 186.0, ""topwt"": 440.3469848632813, ""grnwt"": 0.0, ""xlai"": 0.766916811466217, ""totir"": 0.0, ""tofer"": NaN, ""swfac"": 0.0, ""nstres"": 0.0}",0.0,0.0,440.3469848632813,0.0,0.766916811466217,0.0,,0.0,0.0,70.0,225.0,-1.5590942382812472,26.44090576171876,Leave_One_experiments/all_year_offline_schedule_search/daily_outputs/YCA/YCA_2023_YCA2023_normal_grid_S0027_daily.csv
YCA,YCA,Yucheng,2023,Leave_One_experiments\wth_generated_qc\YCA\YCA2023.WTH,normal_year;nitrogen_stress_year;low_response_year,normal,YCA2023_normal_grid_S0027,top_yield,2023-07-06,187,24,19,"{""sim_day"": 24.0, ""doy"": 187.0, ""topwt"": 551.2447357177734, ""grnwt"": 0.0, ""xlai"": 0.9203612804412842, ""totir"": 0.0, ""tofer"": NaN, ""swfac"": 0.0, ""nstres"": 0.0}",0.0,0.0,551.2447357177734,0.0,0.9203612804412842,0.0,,0.0,0.0,70.0,225.0,-1.5590942382812472,26.44090576171876,Leave_One_experiments/all_year_offline_schedule_search/daily_outputs/YCA/YCA_2023_YCA2023_normal_grid_S0027_daily.csv
YCA,YCA,Yucheng,2023,Leave_One_experiments\wth_generated_qc\YCA\YCA2023.WTH,normal_year;nitrogen_stress_year;low_response_year,normal,YCA2023_normal_grid_S0027,top_yield,2023-07-07,188,25,20,"{""sim_day"": 25.0, ""doy"": 188.0, ""topwt"": 677.0158386230469, ""grnwt"": 0.0, ""xlai"": 1.0863643884658811, ""totir"": 0.0, ""tofer"": NaN, ""swfac"": 0.0, ""nstres"": 0.0}",0.0,0.0,677.0158386230469,0.0,1.0863643884658811,0.0,,0.0,0.0,70.0,225.0,-1.5590942382812472,26.44090576171876,Leave_One_experiments/all_year_offline_schedule_search/daily_outputs/YCA/YCA_2023_YCA2023_normal_grid_S0027_daily.csv
YCA,YCA,Yucheng,2023,Leave_One_experiments\wth_generated_qc\YCA\YCA2023.WTH,normal_year;nitrogen_stress_year;low_response_year,normal,YCA2023_normal_grid_S0027,top_yield,2023-07-08,189,26,21,"{""sim_day"": 26.0, ""doy"": 189.0, ""topwt"": 815.5962371826172, ""grnwt"": 0.0, ""xlai"": 1.2615782022476196, ""totir"": 0.0, ""tofer"": NaN, ""swfac"": 0.0, ""nstres"": 0.0}",0.0,0.0,815.5962371826172,0.0,1.2615782022476196,0.0,,0.0,0.0,70.0,225.0,-1.5590942382812472,26.44090576171876,Leave_One_experiments/all_year_offline_schedule_search/daily_outputs/YCA/YCA_2023_YCA2023_normal_grid_S0027_daily.csv
YCA,YCA,Yucheng,2023,Leave_One_experiments\wth_generated_qc\YCA\YCA2023.WTH,normal_year;nitrogen_stress_year;low_response_year,normal,YCA2023_normal_grid_S0027,top_yield,2023-07-09,190,27,22,"{""sim_day"": 27.0, ""doy"": 190.0, ""topwt"": 993.9740753173828, ""grnwt"": 0.0, ""xlai"": 1.4764212369918823, ""totir"": 0.0, ""tofer"": NaN, ""swfac"": 0.0, ""nstres"": 0.0}",0.0,0.0,993.9740753173828,0.0,1.4764212369918823,0.0,,0.0,0.0,70.0,225.0,-1.5590942382812472,26.44090576171876,Leave_One_experiments/all_year_offline_schedule_search/daily_outputs/YCA/YCA_2023_YCA2023_normal_grid_S0027_daily.csv
YCA,YCA,Yucheng,2023,Leave_One_experiments\wth_generated_qc\YCA\YCA2023.WTH,normal_year;nitrogen_stress_year;low_response_year,normal,YCA2023_normal_grid_S0027,top_yield,2023-07-10,191,28,23,"{""sim_day"": 28.0, ""doy"": 191.0, ""topwt"": 1176.824951171875, ""grnwt"": 0.0, ""xlai"": 1.6950247287750244, ""totir"": 0.0, ""tofer"": NaN, ""swfac"": 0.0, ""nstres"": 0.0}",0.0,0.0,1176.824951171875,0.0,1.6950247287750244,0.0,,0.0,0.0,70.0,225.0,-1.5590942382812472,26.44090576171876,Leave_One_experiments/all_year_offline_schedule_search/daily_outputs/YCA/YCA_2023_YCA2023_normal_grid_S0027_daily.csv
YCA,YCA,Yucheng,2023,Leave_One_experiments\wth_generated_qc\YCA\YCA2023.WTH,normal_year;nitrogen_stress_year;low_response_year,normal,YCA2023_normal_grid_S0027,top_yield,2023-07-11,192,29,24,"{""sim_day"": 29.0, ""doy"": 192.0, ""topwt"": 1348.3351135253906, ""grnwt"": 0.0, ""xlai"": 1.8891968727111816, ""totir"": 0.0, ""tofer"": NaN, ""swfac"": 0.0, ""nstres"": 0.0}",0.0,0.0,1348.3351135253906,0.0,1.8891968727111816,0.0,,0.0,0.0,70.0,225.0,-1.5590942382812472,26.44090576171876,Leave_One_experiments/all_year_offline_schedule_search/daily_outputs/YCA/YCA_2023_YCA2023_normal_grid_S0027_daily.csv
YCA,YCA,Yucheng,2023,Leave_One_experiments\wth_generated_qc\YCA\YCA2023.WTH,normal_year;nitrogen_stress_year;low_response_year,normal,YCA2023_normal_grid_S0027,top_yield,2023-07-12,193,30,25,"{""sim_day"": 30.0, ""doy"": 193.0, ""topwt"": 1532.1253967285156, ""grnwt"": 0.0, ""xlai"": 2.085511922836304, ""totir"": 0.0, ""tofer"": NaN, ""swfac"": 0.0, ""nstres"": 0.0}",0.0,0.0,1532.1253967285156,0.0,2.085511922836304,0.0,,0.0,0.0,70.0,225.0,-1.5590942382812472,26.44090576171876,Leave_One_experiments/all_year_offline_schedule_search/daily_outputs/YCA/YCA_2023_YCA2023_normal_grid_S0027_daily.csv
YCA,YCA,Yucheng,2023,Leave_One_experiments\wth_generated_qc\YCA\YCA2023.WTH,normal_year;nitrogen_stress_year;low_response_year,normal,YCA2023_normal_grid_S0027,top_yield,2023-07-13,194,31,26,"{""sim_day"": 31.0, ""doy"": 194.0, ""topwt"": 1747.1784973144531, ""grnwt"": 0.0, ""xlai"": 2.300053358078003, ""totir"": 0.0, ""tofer"": NaN, ""swfac"": 0.0, ""nstres"": 0.0}",0.0,0.0,1747.1784973144531,0.0,2.300053358078003,0.0,,0.0,0.0,70.0,225.0,-1.5590942382812472,26.44090576171876,Leave_One_experiments/all_year_offline_schedule_search/daily_outputs/YCA/YCA_2023_YCA2023_normal_grid_S0027_daily.csv
YCA,YCA,Yucheng,2023,Leave_One_experiments\wth_generated_qc\YCA\YCA2023.WTH,normal_year;nitrogen_stress_year;low_response_year,normal,YCA2023_normal_grid_S0027,top_yield,2023-07-14,195,32,27,"{""sim_day"": 32.0, ""doy"": 195.0, ""topwt"": 1968.3241271972656, ""grnwt"": 0.0, ""xlai"": 2.505388021469116, ""totir"": 0.0, ""tofer"": NaN, ""swfac"": 0.0, ""nstres"": 0.0}",0.0,0.0,1968.3241271972656,0.0,2.505388021469116,0.0,,0.0,0.0,70.0,225.0,-1.5590942382812472,26.44090576171876,Leave_One_experiments/all_year_offline_schedule_search/daily_outputs/YCA/YCA_2023_YCA2023_normal_grid_S0027_daily.csv
YCA,YCA,Yucheng,2023,Leave_One_experiments\wth_generated_qc\YCA\YCA2023.WTH,normal_year;nitrogen_stress_year;low_response_year,normal,YCA2023_normal_grid_S0027,top_yield,2023-07-15,196,33,28,"{""sim_day"": 33.0, ""doy"": 196.0, ""topwt"": 2183.698272705078, ""grnwt"": 0.0, ""xlai"": 2.6919965744018555, ""totir"": 0.0, ""tofer"": NaN, ""swfac"": 0.0, ""nstres"": 0.0}",0.0,0.0,2183.698272705078,0.0,2.6919965744018555,0.0,,0.0,0.0,70.0,225.0,-1.5590942382812472,26.44090576171876,Leave_One_experiments/all_year_offline_schedule_search/daily_outputs/YCA/YCA_2023_YCA2023_normal_grid_S0027_daily.csv
YCA,YCA,Yucheng,2023,Leave_One_experiments\wth_generated_qc\YCA\YCA2023.WTH,normal_year;nitrogen_stress_year;low_response_year,normal,YCA2023_normal_grid_S0027,top_yield,2023-07-16,197,34,29,"{""sim_day"": 34.0, ""doy"": 197.0, ""topwt"": 2416.9236755371094, ""grnwt"": 0.0, ""xlai"": 2.8801379203796387, ""totir"": 0.0, ""tofer"": NaN, ""swfac"": 0.0, ""nstres"": 0.0}",0.0,0.0,2416.9236755371094,0.0,2.8801379203796387,0.0,,0.0,0.0,70.0,225.0,-1.5590942382812472,26.44090576171876,Leave_One_experiments/all_year_offline_schedule_search/daily_outputs/YCA/YCA_2023_YCA2023_normal_grid_S0027_daily.csv
YCA,YCA,Yucheng,2023,Leave_One_experiments\wth_generated_qc\YCA\YCA2023.WTH,normal_year;nitrogen_stress_year;low_response_year,normal,YCA2023_normal_grid_S0027,top_yield,2023-07-17,198,35,30,"{""sim_day"": 35.0, ""doy"": 198.0, ""topwt"": 2676.449279785156, ""grnwt"": 0.0, ""xlai"": 3.074209213256836, ""totir"": 0.0, ""tofer"": NaN, ""swfac"": 0.0, ""nstres"": 0.0}",0.0,0.0,2676.449279785156,0.0,3.074209213256836,0.0,,0.0,75.0,70.0,225.0,-1.5590942382812472,26.44090576171876,Leave_One_experiments/all_year_offline_schedule_search/daily_outputs/YCA/YCA_2023_YCA2023_normal_grid_S0027_daily.csv
YCA,YCA,Yucheng,2023,Leave_One_experiments\wth_generated_qc\YCA\YCA2023.WTH,normal_year;nitrogen_stress_year;low_response_year,normal,YCA2023_normal_grid_S0027,top_yield,2023-07-18,199,36,31,"{""sim_day"": 36.0, ""doy"": 199.0, ""topwt"": 2963.1515502929688, ""grnwt"": 0.0, ""xlai"": 3.272267341613769, ""totir"": 0.0, ""tofer"": NaN, ""swfac"": 0.0, ""nstres"": 0.0}",0.0,0.0,2963.1515502929688,0.0,3.272267341613769,0.0,,0.0,0.0,70.0,225.0,-1.5590942382812472,26.44090576171876,Leave_One_experiments/all_year_offline_schedule_search/daily_outputs/YCA/YCA_2023_YCA2023_normal_grid_S0027_daily.csv
YCA,YCA,Yucheng,2023,Leave_One_experiments\wth_generated_qc\YCA\YCA2023.WTH,normal_year;nitrogen_stress_year;low_response_year,normal,YCA2023_normal_grid_S0027,top_yield,2023-07-19,200,37,32,"{""sim_day"": 37.0, ""doy"": 200.0, ""topwt"": 3289.5095825195312, ""grnwt"": 0.0, ""xlai"": 3.479551076889038, ""totir"": 0.0, ""tofer"": NaN, ""swfac"": 0.0, ""nstres"": 0.0}",0.0,0.0,3289.5095825195312,0.0,3.479551076889038,0.0,,0.0,0.0,70.0,225.0,-1.5590942382812472,26.44090576171876,Leave_One_experiments/all_year_offline_schedule_search/daily_outputs/YCA/YCA_2023_YCA2023_normal_grid_S0027_daily.csv
YCA,YCA,Yucheng,2023,Leave_One_experiments\wth_generated_qc\YCA\YCA2023.WTH,normal_year;nitrogen_stress_year;low_response_year,normal,YCA2023_normal_grid_S0027,top_yield,2023-07-20,201,38,33,"{""sim_day"": 38.0, ""doy"": 201.0, ""topwt"": 3383.988037109375, ""grnwt"": 0.0, ""xlai"": 3.5354409217834477, ""totir"": 0.0, ""tofer"": NaN, ""swfac"": 0.0, ""nstres"": 0.0}",0.0,0.0,3383.988037109375,0.0,3.5354409217834477,0.0,,0.0,0.0,70.0,225.0,-1.5590942382812472,26.44090576171876,Leave_One_experiments/all_year_offline_schedule_search/daily_outputs/YCA/YCA_2023_YCA2023_normal_grid_S0027_daily.csv
YCA,YCA,Yucheng,2023,Leave_One_experiments\wth_generated_qc\YCA\YCA2023.WTH,normal_year;nitrogen_stress_year;low_response_year,normal,YCA2023_normal_grid_S0027,top_yield,2023-07-21,202,39,34,"{""sim_day"": 39.0, ""doy"": 202.0, ""topwt"": 3696.166687011719, ""grnwt"": 0.0, ""xlai"": 3.707540988922119, ""totir"": 0.0, ""tofer"": NaN, ""swfac"": 0.0, ""nstres"": 0.0}",0.0,0.0,3696.166687011719,0.0,3.707540988922119,0.0,,0.0,0.0,70.0,225.0,-1.5590942382812472,26.44090576171876,Leave_One_experiments/all_year_offline_schedule_search/daily_outputs/YCA/YCA_2023_YCA2023_normal_grid_S0027_daily.csv
YCA,YCA,Yucheng,2023,Leave_One_experiments\wth_generated_qc\YCA\YCA2023.WTH,normal_year;nitrogen_stress_year;low_response_year,normal,YCA2023_normal_grid_S0027,top_yield,2023-07-22,203,40,35,"{""sim_day"": 40.0, ""doy"": 203.0, ""topwt"": 4053.7261962890634, ""grnwt"": 0.0, ""xlai"": 3.889380693435669, ""totir"": 40.0, ""tofer"": NaN, ""swfac"": 0.0, ""nstres"": 0.0}",0.0,0.0,4053.7261962890634,0.0,3.889380693435669,40.0,,40.0,0.0,70.0,225.0,-1.5590942382812472,26.44090576171876,Leave_One_experiments/all_year_offline_schedule_search/daily_outputs/YCA/YCA_2023_YCA2023_normal_grid_S0027_daily.csv
YCA,YCA,Yucheng,2023,Leave_One_experiments\wth_generated_qc\YCA\YCA2023.WTH,normal_year;nitrogen_stress_year;low_response_year,normal,YCA2023_normal_grid_S0027,top_yield,2023-07-23,204,41,36,"{""sim_day"": 41.0, ""doy"": 204.0, ""topwt"": 4472.834777832031, ""grnwt"": 0.0, ""xlai"": 4.086104869842529, ""totir"": 40.0, ""tofer"": NaN, ""swfac"": 0.0, ""nstres"": 0.0}",0.0,0.0,4472.834777832031,0.0,4.086104869842529,40.0,,0.0,0.0,70.0,225.0,-1.5590942382812472,26.44090576171876,Leave_One_experiments/all_year_offline_schedule_search/daily_outputs/YCA/YCA_2023_YCA2023_normal_grid_S0027_daily.csv
YCA,YCA,Yucheng,2023,Leave_One_experiments\wth_generated_qc\YCA\YCA2023.WTH,normal_year;nitrogen_stress_year;low_response_year,normal,YCA2023_normal_grid_S0027,top_yield,2023-07-24,205,42,37,"{""sim_day"": 42.0, ""doy"": 205.0, ""topwt"": 4916.235961914063, ""grnwt"": 0.0, ""xlai"": 4.275585174560547, ""totir"": 40.0, ""tofer"": NaN, ""swfac"": 0.0, ""nstres"": 0.0}",0.0,0.0,4916.235961914063,0.0,4.275585174560547,40.0,,0.0,0.0,70.0,225.0,-1.5590942382812472,26.44090576171876,Leave_One_experiments/all_year_offline_schedule_search/daily_outputs/YCA/YCA_2023_YCA2023_normal_grid_S0027_daily.csv
YCA,YCA,Yucheng,2023,Leave_One_experiments\wth_generated_qc\YCA\YCA2023.WTH,normal_year;nitrogen_stress_year;low_response_year,normal,YCA2023_normal_grid_S0027,top_yield,2023-07-25,206,43,38,"{""sim_day"": 43.0, ""doy"": 206.0, ""topwt"": 5275.015869140625, ""grnwt"": 0.0, ""xlai"": 4.409171581268311, ""totir"": 40.0, ""tofer"": NaN, ""swfac"": 0.0, ""nstres"": 0.0}",0.0,0.0,5275.015869140625,0.0,4.409171581268311,40.0,,0.0,0.0,70.0,225.0,-1.5590942382812472,26.44090576171876,Leave_One_experiments/all_year_offline_schedule_search/daily_outputs/YCA/YCA_2023_YCA2023_normal_grid_S0027_daily.csv
YCA,YCA,Yucheng,2023,Leave_One_experiments\wth_generated_qc\YCA\YCA2023.WTH,normal_year;nitrogen_stress_year;low_response_year,normal,YCA2023_normal_grid_S0027,top_yield,2023-07-26,207,44,39,"{""sim_day"": 44.0, ""doy"": 207.0, ""topwt"": 5742.403564453125, ""grnwt"": 0.0, ""xlai"": 4.566985607147217, ""totir"": 40.0, ""tofer"": NaN, ""swfac"": 0.0, ""nstres"": 0.0}",0.0,0.0,5742.403564453125,0.0,4.566985607147217,40.0,,0.0,0.0,70.0,225.0,-1.5590942382812472,26.44090576171876,Leave_One_experiments/all_year_offline_schedule_search/daily_outputs/YCA/YCA_2023_YCA2023_normal_grid_S0027_daily.csv
YCA,YCA,Yucheng,2023,Leave_One_experiments\wth_generated_qc\YCA\YCA2023.WTH,normal_year;nitrogen_stress_year;low_response_year,normal,YCA2023_normal_grid_S0027,top_yield,2023-07-27,208,45,40,"{""sim_day"": 45.0, ""doy"": 208.0, ""topwt"": 6069.523315429688, ""grnwt"": 0.0, ""xlai"": 4.658034801483154, ""totir"": 40.0, ""tofer"": NaN, ""swfac"": 0.0, ""nstres"": 0.0}",0.0,0.0,6069.523315429688,0.0,4.658034801483154,40.0,,0.0,0.0,70.0,225.0,-1.5590942382812472,26.44090576171876,Leave_One_experiments/all_year_offline_schedule_search/daily_outputs/YCA/YCA_2023_YCA2023_normal_grid_S0027_daily.csv
YCA,YCA,Yucheng,2023,Leave_One_experiments\wth_generated_qc\YCA\YCA2023.WTH,normal_year;nitrogen_stress_year;low_response_year,normal,YCA2023_normal_grid_S0027,top_yield,2023-07-28,209,46,41,"{""sim_day"": 46.0, ""doy"": 209.0, ""topwt"": 6395.5889892578125, ""grnwt"": 0.0, ""xlai"": 4.802056312561035, ""totir"": 40.0, ""tofer"": NaN, ""swfac"": 0.0, ""nstres"": 0.0058109760284423}",0.0,0.0058109760284423,6395.5889892578125,0.0,4.802056312561035,40.0,,0.0,0.0,70.0,225.0,-1.5590942382812472,26.44090576171876,Leave_One_experiments/all_year_offline_schedule_search/daily_outputs/YCA/YCA_2023_YCA2023_normal_grid_S0027_daily.csv
YCA,YCA,Yucheng,2023,Leave_One_experiments\wth_generated_qc\YCA\YCA2023.WTH,normal_year;nitrogen_stress_year;low_response_year,normal,YCA2023_normal_grid_S0027,top_yield,2023-07-29,210,47,42,"{""sim_day"": 47.0, ""doy"": 210.0, ""topwt"": 6717.490234375, ""grnwt"": 0.0, ""xlai"": 4.900537490844727, ""totir"": 40.0, ""tofer"": NaN, ""swfac"": 0.0, ""nstres"": 0.0222485065460205}",0.0,0.0222485065460205,6717.490234375,0.0,4.900537490844727,40.0,,0.0,0.0,70.0,225.0,-1.5590942382812472,26.44090576171876,Leave_One_experiments/all_year_offline_schedule_search/daily_outputs/YCA/YCA_2023_YCA2023_normal_grid_S0027_daily.csv
YCA,YCA,Yucheng,2023,Leave_One_experiments\wth_generated_qc\YCA\YCA2023.WTH,normal_year;nitrogen_stress_year;low_response_year,normal,YCA2023_normal_grid_S0027,top_yield,2023-07-30,211,48,43,"{""sim_day"": 48.0, ""doy"": 211.0, ""topwt"": 7031.60888671875, ""grnwt"": 0.0, ""xlai"": 4.974100589752197, ""totir"": 40.0, ""tofer"": NaN, ""swfac"": 0.0, ""nstres"": 0.0370832085609436}",0.0,0.0370832085609436,7031.60888671875,0.0,4.974100589752197,40.0,,0.0,0.0,70.0,225.0,-1.5590942382812472,26.44090576171876,Leave_One_experiments/all_year_offline_schedule_search/daily_outputs/YCA/YCA_2023_YCA2023_normal_grid_S0027_daily.csv
YCA,YCA,Yucheng,2023,Leave_One_experiments\wth_generated_qc\YCA\YCA2023.WTH,normal_year;nitrogen_stress_year;low_response_year,normal,YCA2023_normal_grid_S0027,top_yield,2023-07-31,212,49,44,"{""sim_day"": 49.0, ""doy"": 212.0, ""topwt"": 7324.473876953125, ""grnwt"": 0.0, ""xlai"": 5.025572299957275, ""totir"": 40.0, ""tofer"": NaN, ""swfac"": 0.0, ""nstres"": 0.0493738651275634}",0.0,0.0493738651275634,7324.473876953125,0.0,5.025572299957275,40.0,,0.0,0.0,70.0,225.0,-1.5590942382812472,26.44090576171876,Leave_One_experiments/all_year_offline_schedule_search/daily_outputs/YCA/YCA_2023_YCA2023_normal_grid_S0027_daily.csv
YCA,YCA,Yucheng,2023,Leave_One_experiments\wth_generated_qc\YCA\YCA2023.WTH,normal_year;nitrogen_stress_year;low_response_year,normal,YCA2023_normal_grid_S0027,top_yield,2023-08-01,213,50,45,"{""sim_day"": 50.0, ""doy"": 213.0, ""topwt"": 7713.1494140625, ""grnwt"": 0.0, ""xlai"": 5.094369888305664, ""totir"": 40.0, ""tofer"": NaN, ""swfac"": 0.0, ""nstres"": 0.0596654415130615}",0.0,0.0596654415130615,7713.1494140625,0.0,5.094369888305664,40.0,,0.0,0.0,70.0,225.0,-1.5590942382812472,26.44090576171876,Leave_One_experiments/all_year_offline_schedule_search/daily_outputs/YCA/YCA_2023_YCA2023_normal_grid_S0027_daily.csv
YCA,YCA,Yucheng,2023,Leave_One_experiments\wth_generated_qc\YCA\YCA2023.WTH,normal_year;nitrogen_stress_year;low_response_year,normal,YCA2023_normal_grid_S0027,top_yield,2023-08-02,214,51,46,"{""sim_day"": 51.0, ""doy"": 214.0, ""topwt"": 8118.421630859375, ""grnwt"": 0.0, ""xlai"": 5.155928134918213, ""totir"": 40.0, ""tofer"": NaN, ""swfac"": 0.0, ""nstres"": 0.0671882629394531}",0.0,0.0671882629394531,8118.421630859375,0.0,5.155928134918213,40.0,,0.0,0.0,70.0,225.0,-1.5590942382812472,26.44090576171876,Leave_One_experiments/all_year_offline_schedule_search/daily_outputs/YCA/YCA_2023_YCA2023_normal_grid_S0027_daily.csv
YCA,YCA,Yucheng,2023,Leave_One_experiments\wth_generated_qc\YCA\YCA2023.WTH,normal_year;nitrogen_stress_year;low_response_year,normal,YCA2023_normal_grid_S0027,top_yield,2023-08-03,215,52,47,"{""sim_day"": 52.0, ""doy"": 215.0, ""topwt"": 8508.421630859375, ""grnwt"": 0.0, ""xlai"": 5.201336860656738, ""totir"": 40.0, ""tofer"": NaN, ""swfac"": 0.0, ""nstres"": 0.077703833580017}",0.0,0.077703833580017,8508.421630859375,0.0,5.201336860656738,40.0,,0.0,0.0,70.0,225.0,-1.5590942382812472,26.44090576171876,Leave_One_experiments/all_year_offline_schedule_search/daily_outputs/YCA/YCA_2023_YCA2023_normal_grid_S0027_daily.csv
YCA,YCA,Yucheng,2023,Leave_One_experiments\wth_generated_qc\YCA\YCA2023.WTH,normal_year;nitrogen_stress_year;low_response_year,normal,YCA2023_normal_grid_S0027,top_yield,2023-08-04,216,53,48,"{""sim_day"": 53.0, ""doy"": 216.0, ""topwt"": 8785.587158203125, ""grnwt"": 0.0, ""xlai"": 5.208322048187256, ""totir"": 40.0, ""tofer"": NaN, ""swfac"": 0.0, ""nstres"": 0.087689995765686}",0.0,0.087689995765686,8785.587158203125,0.0,5.208322048187256,40.0,,0.0,0.0,70.0,225.0,-1.5590942382812472,26.44090576171876,Leave_One_experiments/all_year_offline_schedule_search/daily_outputs/YCA/YCA_2023_YCA2023_normal_grid_S0027_daily.csv
YCA,YCA,Yucheng,2023,Leave_One_experiments\wth_generated_qc\YCA\YCA2023.WTH,normal_year;nitrogen_stress_year;low_response_year,normal,YCA2023_normal_grid_S0027,top_yield,2023-08-05,217,54,49,"{""sim_day"": 54.0, ""doy"": 217.0, ""topwt"": 9083.948974609377, ""grnwt"": 0.0, ""xlai"": 5.214908123016357, ""totir"": 40.0, ""tofer"": NaN, ""swfac"": 0.0, ""nstres"": 0.095572829246521}",0.0,0.095572829246521,9083.948974609377,0.0,5.214908123016357,40.0,,0.0,0.0,70.0,225.0,-1.5590942382812472,26.44090576171876,Leave_One_experiments/all_year_offline_schedule_search/daily_outputs/YCA/YCA_2023_YCA2023_normal_grid_S0027_daily.csv
YCA,YCA,Yucheng,2023,Leave_One_experiments\wth_generated_qc\YCA\YCA2023.WTH,normal_year;nitrogen_stress_year;low_response_year,normal,YCA2023_normal_grid_S0027,top_yield,2023-08-06,218,55,50,"{""sim_day"": 55.0, ""doy"": 218.0, ""topwt"": 9364.642333984377, ""grnwt"": 0.0, ""xlai"": 5.214691162109375, ""totir"": 40.0, ""tofer"": NaN, ""swfac"": 0.0, ""nstres"": 0.0994532108306884}",0.0,0.0994532108306884,9364.642333984377,0.0,5.214691162109375,40.0,,0.0,0.0,70.0,225.0,-1.5590942382812472,26.44090576171876,Leave_One_experiments/all_year_offline_schedule_search/daily_outputs/YCA/YCA_2023_YCA2023_normal_grid_S0027_daily.csv
YCA,YCA,Yucheng,2023,Leave_One_experiments\wth_generated_qc\YCA\YCA2023.WTH,normal_year;nitrogen_stress_year;low_response_year,normal,YCA2023_normal_grid_S0027,top_yield,2023-08-07,219,56,51,"{""sim_day"": 56.0, ""doy"": 219.0, ""topwt"": 9671.201171875, ""grnwt"": 0.0, ""xlai"": 5.22031307220459, ""totir"": 40.0, ""tofer"": NaN, ""swfac"": 0.0, ""nstres"": 0.0996196269989013}",0.0,0.0996196269989013,9671.201171875,0.0,5.22031307220459,40.0,,0.0,0.0,70.0,225.0,-1.5590942382812472,26.44090576171876,Leave_One_experiments/all_year_offline_schedule_search/daily_outputs/YCA/YCA_2023_YCA2023_normal_grid_S0027_daily.csv
YCA,YCA,Yucheng,2023,Leave_One_experiments\wth_generated_qc\YCA\YCA2023.WTH,normal_year;nitrogen_stress_year;low_response_year,normal,YCA2023_normal_grid_S0027,top_yield,2023-08-08,220,57,52,"{""sim_day"": 57.0, ""doy"": 220.0, ""topwt"": 9976.914672851562, ""grnwt"": 0.0, ""xlai"": 5.22694206237793, ""totir"": 40.0, ""tofer"": NaN, ""swfac"": 0.0, ""nstres"": 0.0976003408432006}",0.0,0.0976003408432006,9976.914672851562,0.0,5.22694206237793,40.0,,0.0,0.0,70.0,225.0,-1.5590942382812472,26.44090576171876,Leave_One_experiments/all_year_offline_schedule_search/daily_outputs/YCA/YCA_2023_YCA2023_normal_grid_S0027_daily.csv
YCA,YCA,Yucheng,2023,Leave_One_experiments\wth_generated_qc\YCA\YCA2023.WTH,normal_year;nitrogen_stress_year;low_response_year,normal,YCA2023_normal_grid_S0027,top_yield,2023-08-09,221,58,53,"{""sim_day"": 58.0, ""doy"": 221.0, ""topwt"": 10377.16796875, ""grnwt"": 0.0, ""xlai"": 5.165149688720703, ""totir"": 40.0, ""tofer"": NaN, ""swfac"": 0.0, ""nstres"": 0.0945759415626525}",0.0,0.0945759415626525,10377.16796875,0.0,5.165149688720703,40.0,,0.0,0.0,70.0,225.0,-1.5590942382812472,26.44090576171876,Leave_One_experiments/all_year_offline_schedule_search/daily_outputs/YCA/YCA_2023_YCA2023_normal_grid_S0027_daily.csv
YCA,YCA,Yucheng,2023,Leave_One_experiments\wth_generated_qc\YCA\YCA2023.WTH,normal_year;nitrogen_stress_year;low_response_year,normal,YCA2023_normal_grid_S0027,top_yield,2023-08-10,222,59,54,"{""sim_day"": 59.0, ""doy"": 222.0, ""topwt"": 10736.246337890623, ""grnwt"": 0.0, ""xlai"": 5.107583045959473, ""totir"": 40.0, ""tofer"": NaN, ""swfac"": 0.0, ""nstres"": 0.0891605615615844}",0.0,0.0891605615615844,10736.246337890623,0.0,5.107583045959473,40.0,,0.0,0.0,70.0,225.0,-1.5590942382812472,26.44090576171876,Leave_One_experiments/all_year_offline_schedule_search/daily_outputs/YCA/YCA_2023_YCA2023_normal_grid_S0027_daily.csv
YCA,YCA,Yucheng,2023,Leave_One_experiments\wth_generated_qc\YCA\YCA2023.WTH,normal_year;nitrogen_stress_year;low_response_year,normal,YCA2023_normal_grid_S0027,top_yield,2023-08-11,223,60,55,"{""sim_day"": 60.0, ""doy"": 223.0, ""topwt"": 10782.900390625, ""grnwt"": 0.0, ""xlai"": 5.052434921264648, ""totir"": 40.0, ""tofer"": NaN, ""swfac"": 0.0, ""nstres"": 0.0863783359527587}",0.0,0.0863783359527587,10782.900390625,0.0,5.052434921264648,40.0,,0.0,0.0,70.0,225.0,-1.5590942382812472,26.44090576171876,Leave_One_experiments/all_year_offline_schedule_search/daily_outputs/YCA/YCA_2023_YCA2023_normal_grid_S0027_daily.csv
YCA,YCA,Yucheng,2023,Leave_One_experiments\wth_generated_qc\YCA\YCA2023.WTH,normal_year;nitrogen_stress_year;low_response_year,normal,YCA2023_normal_grid_S0027,top_yield,2023-08-12,224,61,56,"{""sim_day"": 61.0, ""doy"": 224.0, ""topwt"": 11142.666015625, ""grnwt"": 0.0, ""xlai"": 5.001396656036377, ""totir"": 40.0, ""tofer"": NaN, ""swfac"": 0.0, ""nstres"": 0.0808137655258178}",0.0,0.0808137655258178,11142.666015625,0.0,5.001396656036377,40.0,,0.0,0.0,70.0,225.0,-1.5590942382812472,26.44090576171876,Leave_One_experiments/all_year_offline_schedule_search/daily_outputs/YCA/YCA_2023_YCA2023_normal_grid_S0027_daily.csv
YCA,YCA,Yucheng,2023,Leave_One_experiments\wth_generated_qc\YCA\YCA2023.WTH,normal_year;nitrogen_stress_year;low_response_year,normal,YCA2023_normal_grid_S0027,top_yield,2023-08-13,225,62,57,"{""sim_day"": 62.0, ""doy"": 225.0, ""topwt"": 11529.7900390625, ""grnwt"": 0.0, ""xlai"": 4.958691596984863, ""totir"": 40.0, ""tofer"": NaN, ""swfac"": 0.0, ""nstres"": 0.0683087110519409}",0.0,0.0683087110519409,11529.7900390625,0.0,4.958691596984863,40.0,,0.0,0.0,70.0,225.0,-1.5590942382812472,26.44090576171876,Leave_One_experiments/all_year_offline_schedule_search/daily_outputs/YCA/YCA_2023_YCA2023_normal_grid_S0027_daily.csv
YCA,YCA,Yucheng,2023,Leave_One_experiments\wth_generated_qc\YCA\YCA2023.WTH,normal_year;nitrogen_stress_year;low_response_year,normal,YCA2023_normal_grid_S0027,top_yield,2023-08-14,226,63,58,"{""sim_day"": 63.0, ""doy"": 226.0, ""topwt"": 11913.809814453123, ""grnwt"": 0.0, ""xlai"": 4.920660972595215, ""totir"": 40.0, ""tofer"": NaN, ""swfac"": 0.0, ""nstres"": 0.0601202249526977}",0.0,0.0601202249526977,11913.809814453123,0.0,4.920660972595215,40.0,,0.0,0.0,70.0,225.0,-1.5590942382812472,26.44090576171876,Leave_One_experiments/all_year_offline_schedule_search/daily_outputs/YCA/YCA_2023_YCA2023_normal_grid_S0027_daily.csv
YCA,YCA,Yucheng,2023,Leave_One_experiments\wth_generated_qc\YCA\YCA2023.WTH,normal_year;nitrogen_stress_year;low_response_year,normal,YCA2023_normal_grid_S0027,top_yield,2023-08-15,227,64,59,"{""sim_day"": 64.0, ""doy"": 227.0, ""topwt"": 12282.576904296877, ""grnwt"": 0.0, ""xlai"": 4.884418487548828, ""totir"": 40.0, ""tofer"": NaN, ""swfac"": 0.0, ""nstres"": 0.0508656501770019}",0.0,0.0508656501770019,12282.576904296877,0.0,4.884418487548828,40.0,,0.0,0.0,70.0,225.0,-1.5590942382812472,26.44090576171876,Leave_One_experiments/all_year_offline_schedule_search/daily_outputs/YCA/YCA_2023_YCA2023_normal_grid_S0027_daily.csv
YCA,YCA,Yucheng,2023,Leave_One_experiments\wth_generated_qc\YCA\YCA2023.WTH,normal_year;nitrogen_stress_year;low_response_year,normal,YCA2023_normal_grid_S0027,top_yield,2023-08-16,228,65,60,"{""sim_day"": 65.0, ""doy"": 228.0, ""topwt"": 12623.699951171877, ""grnwt"": 0.0, ""xlai"": 4.849860191345215, ""totir"": 40.0, ""tofer"": NaN, ""swfac"": 0.0, ""nstres"": 0.0395702123641967}",0.0,0.0395702123641967,12623.699951171877,0.0,4.849860191345215,40.0,,0.0,75.0,70.0,225.0,-1.5590942382812472,26.44090576171876,Leave_One_experiments/all_year_offline_schedule_search/daily_outputs/YCA/YCA_2023_YCA2023_normal_grid_S0027_daily.csv
YCA,YCA,Yucheng,2023,Leave_One_experiments\wth_generated_qc\YCA\YCA2023.WTH,normal_year;nitrogen_stress_year;low_response_year,normal,YCA2023_normal_grid_S0027,top_yield,2023-08-17,229,66,61,"{""sim_day"": 66.0, ""doy"": 229.0, ""topwt"": 12779.298095703123, ""grnwt"": 282.3674964904785, ""xlai"": 4.816886425018311, ""totir"": 40.0, ""tofer"": NaN, ""swfac"": 0.0, ""nstres"": 0.0}",0.0,0.0,12779.298095703123,282.3674964904785,4.816886425018311,40.0,,0.0,0.0,70.0,225.0,-1.5590942382812472,26.44090576171876,Leave_One_experiments/all_year_offline_schedule_search/daily_outputs/YCA/YCA_2023_YCA2023_normal_grid_S0027_daily.csv
YCA,YCA,Yucheng,2023,Leave_One_experiments\wth_generated_qc\YCA\YCA2023.WTH,normal_year;nitrogen_stress_year;low_response_year,normal,YCA2023_normal_grid_S0027,top_yield,2023-08-18,230,67,62,"{""sim_day"": 67.0, ""doy"": 230.0, ""topwt"": 13045.360107421877, ""grnwt"": 547.0870590209961, ""xlai"": 4.785407066345215, ""totir"": 40.0, ""tofer"": NaN, ""swfac"": 0.0, ""nstres"": 0.0}",0.0,0.0,13045.360107421877,547.0870590209961,4.785407066345215,40.0,,0.0,0.0,70.0,225.0,-1.5590942382812472,26.44090576171876,Leave_One_experiments/all_year_offline_schedule_search/daily_outputs/YCA/YCA_2023_YCA2023_normal_grid_S0027_daily.csv
YCA,YCA,Yucheng,2023,Leave_One_experiments\wth_generated_qc\YCA\YCA2023.WTH,normal_year;nitrogen_stress_year;low_response_year,normal,YCA2023_normal_grid_S0027,top_yield,2023-08-19,231,68,63,"{""sim_day"": 68.0, ""doy"": 231.0, ""topwt"": 13281.478271484377, ""grnwt"": 817.6893615722656, ""xlai"": 4.7553391456604, ""totir"": 40.0, ""tofer"": NaN, ""swfac"": 0.0, ""nstres"": 0.0}",0.0,0.0,13281.478271484377,817.6893615722656,4.7553391456604,40.0,,0.0,0.0,70.0,225.0,-1.5590942382812472,26.44090576171876,Leave_One_experiments/all_year_offline_schedule_search/daily_outputs/YCA/YCA_2023_YCA2023_normal_grid_S0027_daily.csv
YCA,YCA,Yucheng,2023,Leave_One_experiments\wth_generated_qc\YCA\YCA2023.WTH,normal_year;nitrogen_stress_year;low_response_year,normal,YCA2023_normal_grid_S0027,top_yield,2023-08-20,232,69,64,"{""sim_day"": 69.0, ""doy"": 232.0, ""topwt"": 13637.137451171877, ""grnwt"": 1127.5092315673828, ""xlai"": 4.726603984832764, ""totir"": 40.0, ""tofer"": NaN, ""swfac"": 0.0, ""nstres"": 0.0}",0.0,0.0,13637.137451171877,1127.5092315673828,4.726603984832764,40.0,,0.0,0.0,70.0,225.0,-1.5590942382812472,26.44090576171876,Leave_One_experiments/all_year_offline_schedule_search/daily_outputs/YCA/YCA_2023_YCA2023_normal_grid_S0027_daily.csv
YCA,YCA,Yucheng,2023,Leave_One_experiments\wth_generated_qc\YCA\YCA2023.WTH,normal_year;nitrogen_stress_year;low_response_year,normal,YCA2023_normal_grid_S0027,top_yield,2023-08-21,233,70,65,"{""sim_day"": 70.0, ""doy"": 233.0, ""topwt"": 14047.335205078123, ""grnwt"": 1441.2509155273438, ""xlai"": 4.699129104614258, ""totir"": 70.0, ""tofer"": NaN, ""swfac"": 0.0, ""nstres"": 0.0}",0.0,0.0,14047.335205078123,1441.2509155273438,4.699129104614258,70.0,,30.0,0.0,70.0,225.0,-1.5590942382812472,26.44090576171876,Leave_One_experiments/all_year_offline_schedule_search/daily_outputs/YCA/YCA_2023_YCA2023_normal_grid_S0027_daily.csv
YCA,YCA,Yucheng,2023,Leave_One_experiments\wth_generated_qc\YCA\YCA2023.WTH,normal_year;nitrogen_stress_year;low_response_year,normal,YCA2023_normal_grid_S0027,top_yield,2023-08-22,234,71,66,"{""sim_day"": 71.0, ""doy"": 234.0, ""topwt"": 14378.692626953123, ""grnwt"": 1754.99267578125, ""xlai"": 4.67284631729126, ""totir"": 70.0, ""tofer"": NaN, ""swfac"": 0.0, ""nstres"": 0.0}",0.0,0.0,14378.692626953123,1754.99267578125,4.67284631729126,70.0,,0.0,0.0,70.0,225.0,-1.5590942382812472,26.44090576171876,Leave_One_experiments/all_year_offline_schedule_search/daily_outputs/YCA/YCA_2023_YCA2023_normal_grid_S0027_daily.csv
YCA,YCA,Yucheng,2023,Leave_One_experiments\wth_generated_qc\YCA\YCA2023.WTH,normal_year;nitrogen_stress_year;low_response_year,normal,YCA2023_normal_grid_S0027,top_yield,2023-08-23,235,72,67,"{""sim_day"": 72.0, ""doy"": 235.0, ""topwt"": 14665.711669921877, ""grnwt"": 2068.7342834472656, ""xlai"": 4.647693634033203, ""totir"": 70.0, ""tofer"": NaN, ""swfac"": 0.0, ""nstres"": 0.0}",0.0,0.0,14665.711669921877,2068.7342834472656,4.647693634033203,70.0,,0.0,0.0,70.0,225.0,-1.5590942382812472,26.44090576171876,Leave_One_experiments/all_year_offline_schedule_search/daily_outputs/YCA/YCA_2023_YCA2023_normal_grid_S0027_daily.csv
YCA,YCA,Yucheng,2023,Leave_One_experiments\wth_generated_qc\YCA\YCA2023.WTH,normal_year;nitrogen_stress_year;low_response_year,normal,YCA2023_normal_grid_S0027,top_yield,2023-08-24,236,73,68,"{""sim_day"": 73.0, ""doy"": 236.0, ""topwt"": 15006.175537109377, ""grnwt"": 2382.476043701172, ""xlai"": 4.6236114501953125, ""totir"": 70.0, ""tofer"": NaN, ""swfac"": 0.0, ""nstres"": 0.0}",0.0,0.0,15006.175537109377,2382.476043701172,4.6236114501953125,70.0,,0.0,0.0,70.0,225.0,-1.5590942382812472,26.44090576171876,Leave_One_experiments/all_year_offline_schedule_search/daily_outputs/YCA/YCA_2023_YCA2023_normal_grid_S0027_daily.csv
YCA,YCA,Yucheng,2023,Leave_One_experiments\wth_generated_qc\YCA\YCA2023.WTH,normal_year;nitrogen_stress_year;low_response_year,normal,YCA2023_normal_grid_S0027,top_yield,2023-08-25,237,74,69,"{""sim_day"": 74.0, ""doy"": 237.0, ""topwt"": 15057.725830078123, ""grnwt"": 2696.2176513671875, ""xlai"": 4.6005449295043945, ""totir"": 70.0, ""tofer"": NaN, ""swfac"": 0.0, ""nstres"": 0.0}",0.0,0.0,15057.725830078123,2696.2176513671875,4.6005449295043945,70.0,,0.0,0.0,70.0,225.0,-1.5590942382812472,26.44090576171876,Leave_One_experiments/all_year_offline_schedule_search/daily_outputs/YCA/YCA_2023_YCA2023_normal_grid_S0027_daily.csv
YCA,YCA,Yucheng,2023,Leave_One_experiments\wth_generated_qc\YCA\YCA2023.WTH,normal_year;nitrogen_stress_year;low_response_year,normal,YCA2023_normal_grid_S0027,top_yield,2023-08-26,238,75,70,"{""sim_day"": 75.0, ""doy"": 238.0, ""topwt"": 15384.58984375, ""grnwt"": 3009.9594116210938, ""xlai"": 4.578441619873047, ""totir"": 70.0, ""tofer"": NaN, ""swfac"": 0.0, ""nstres"": 0.0}",0.0,0.0,15384.58984375,3009.9594116210938,4.578441619873047,70.0,,0.0,0.0,70.0,225.0,-1.5590942382812472,26.44090576171876,Leave_One_experiments/all_year_offline_schedule_search/daily_outputs/YCA/YCA_2023_YCA2023_normal_grid_S0027_daily.csv
YCA,YCA,Yucheng,2023,Leave_One_experiments\wth_generated_qc\YCA\YCA2023.WTH,normal_year;nitrogen_stress_year;low_response_year,normal,YCA2023_normal_grid_S0027,top_yield,2023-08-27,239,76,71,"{""sim_day"": 76.0, ""doy"": 239.0, ""topwt"": 15730.904541015623, ""grnwt"": 3323.701171875, ""xlai"": 4.557254791259766, ""totir"": 70.0, ""tofer"": NaN, ""swfac"": 0.0, ""nstres"": 0.0}",0.0,0.0,15730.904541015623,3323.701171875,4.557254791259766,70.0,,0.0,0.0,70.0,225.0,-1.5590942382812472,26.44090576171876,Leave_One_experiments/all_year_offline_schedule_search/daily_outputs/YCA/YCA_2023_YCA2023_normal_grid_S0027_daily.csv
YCA,YCA,Yucheng,2023,Leave_One_experiments\wth_generated_qc\YCA\YCA2023.WTH,normal_year;nitrogen_stress_year;low_response_year,normal,YCA2023_normal_grid_S0027,top_yield,2023-08-28,240,77,72,"{""sim_day"": 77.0, ""doy"": 240.0, ""topwt"": 16134.718017578123, ""grnwt"": 3637.442626953125, ""xlai"": 4.5369391441345215, ""totir"": 70.0, ""tofer"": NaN, ""swfac"": 0.0, ""nstres"": 0.0}",0.0,0.0,16134.718017578123,3637.442626953125,4.5369391441345215,70.0,,0.0,0.0,70.0,225.0,-1.5590942382812472,26.44090576171876,Leave_One_experiments/all_year_offline_schedule_search/daily_outputs/YCA/YCA_2023_YCA2023_normal_grid_S0027_daily.csv
YCA,YCA,Yucheng,2023,Leave_One_experiments\wth_generated_qc\YCA\YCA2023.WTH,normal_year;nitrogen_stress_year;low_response_year,normal,YCA2023_normal_grid_S0027,top_yield,2023-08-29,241,78,73,"{""sim_day"": 78.0, ""doy"": 241.0, ""topwt"": 16522.94921875, ""grnwt"": 3951.1843872070312, ""xlai"": 4.517450332641602, ""totir"": 70.0, ""tofer"": NaN, ""swfac"": 0.0, ""nstres"": 0.0}",0.0,0.0,16522.94921875,3951.1843872070312,4.517450332641602,70.0,,0.0,0.0,70.0,225.0,-1.5590942382812472,26.44090576171876,Leave_One_experiments/all_year_offline_schedule_search/daily_outputs/YCA/YCA_2023_YCA2023_normal_grid_S0027_daily.csv
YCA,YCA,Yucheng,2023,Leave_One_experiments\wth_generated_qc\YCA\YCA2023.WTH,normal_year;nitrogen_stress_year;low_response_year,normal,YCA2023_normal_grid_S0027,top_yield,2023-08-30,242,79,74,"{""sim_day"": 79.0, ""doy"": 242.0, ""topwt"": 16888.62548828125, ""grnwt"": 4264.9261474609375, ""xlai"": 4.498749732971191, ""totir"": 70.0, ""tofer"": NaN, ""swfac"": 0.0, ""nstres"": 0.0}",0.0,0.0,16888.62548828125,4264.9261474609375,4.498749732971191,70.0,,0.0,0.0,70.0,225.0,-1.5590942382812472,26.44090576171876,Leave_One_experiments/all_year_offline_schedule_search/daily_outputs/YCA/YCA_2023_YCA2023_normal_grid_S0027_daily.csv
YCA,YCA,Yucheng,2023,Leave_One_experiments\wth_generated_qc\YCA\YCA2023.WTH,normal_year;nitrogen_stress_year;low_response_year,normal,YCA2023_normal_grid_S0027,top_yield,2023-08-31,243,80,75,"{""sim_day"": 80.0, ""doy"": 243.0, ""topwt"": 17202.3681640625, ""grnwt"": 4578.667907714844, ""xlai"": 4.480799674987793, ""totir"": 70.0, ""tofer"": NaN, ""swfac"": 0.0, ""nstres"": 0.0}",0.0,0.0,17202.3681640625,4578.667907714844,4.480799674987793,70.0,,0.0,0.0,70.0,225.0,-1.5590942382812472,26.44090576171876,Leave_One_experiments/all_year_offline_schedule_search/daily_outputs/YCA/YCA_2023_YCA2023_normal_grid_S0027_daily.csv
YCA,YCA,Yucheng,2023,Leave_One_experiments\wth_generated_qc\YCA\YCA2023.WTH,normal_year;nitrogen_stress_year;low_response_year,normal,YCA2023_normal_grid_S0027,top_yield,2023-09-01,244,81,76,"{""sim_day"": 81.0, ""doy"": 244.0, ""topwt"": 17516.109619140625, ""grnwt"": 4892.40966796875, ""xlai"": 4.463565349578857, ""totir"": 70.0, ""tofer"": NaN, ""swfac"": 0.0, ""nstres"": 0.0}",0.0,0.0,17516.109619140625,4892.40966796875,4.463565349578857,70.0,,0.0,0.0,70.0,225.0,-1.5590942382812472,26.44090576171876,Leave_One_experiments/all_year_offline_schedule_search/daily_outputs/YCA/YCA_2023_YCA2023_normal_grid_S0027_daily.csv
YCA,YCA,Yucheng,2023,Leave_One_experiments\wth_generated_qc\YCA\YCA2023.WTH,normal_year;nitrogen_stress_year;low_response_year,normal,YCA2023_normal_grid_S0027,top_yield,2023-09-02,245,82,77,"{""sim_day"": 82.0, ""doy"": 245.0, ""topwt"": 17829.85107421875, ""grnwt"": 5206.151123046875, ""xlai"": 4.396426200866699, ""totir"": 70.0, ""tofer"": NaN, ""swfac"": 0.0, ""nstres"": 0.0}",0.0,0.0,17829.85107421875,5206.151123046875,4.396426200866699,70.0,,0.0,0.0,70.0,225.0,-1.5590942382812472,26.44090576171876,Leave_One_experiments/all_year_offline_schedule_search/daily_outputs/YCA/YCA_2023_YCA2023_normal_grid_S0027_daily.csv
YCA,YCA,Yucheng,2023,Leave_One_experiments\wth_generated_qc\YCA\YCA2023.WTH,normal_year;nitrogen_stress_year;low_response_year,normal,YCA2023_normal_grid_S0027,top_yield,2023-09-03,246,83,78,"{""sim_day"": 83.0, ""doy"": 246.0, ""topwt"": 18141.63330078125, ""grnwt"": 5517.93212890625, ""xlai"": 4.271280765533447, ""totir"": 70.0, ""tofer"": NaN, ""swfac"": 0.0, ""nstres"": 0.0}",0.0,0.0,18141.63330078125,5517.93212890625,4.271280765533447,70.0,,0.0,0.0,70.0,225.0,-1.5590942382812472,26.44090576171876,Leave_One_experiments/all_year_offline_schedule_search/daily_outputs/YCA/YCA_2023_YCA2023_normal_grid_S0027_daily.csv
YCA,YCA,Yucheng,2023,Leave_One_experiments\wth_generated_qc\YCA\YCA2023.WTH,normal_year;nitrogen_stress_year;low_response_year,normal,YCA2023_normal_grid_S0027,top_yield,2023-09-04,247,84,79,"{""sim_day"": 84.0, ""doy"": 247.0, ""topwt"": 18455.37475585937, ""grnwt"": 5831.673583984375, ""xlai"": 4.137187480926514, ""totir"": 70.0, ""tofer"": NaN, ""swfac"": 0.0, ""nstres"": 0.0}",0.0,0.0,18455.37475585937,5831.673583984375,4.137187480926514,70.0,,0.0,0.0,70.0,225.0,-1.5590942382812472,26.44090576171876,Leave_One_experiments/all_year_offline_schedule_search/daily_outputs/YCA/YCA_2023_YCA2023_normal_grid_S0027_daily.csv
YCA,YCA,Yucheng,2023,Leave_One_experiments\wth_generated_qc\YCA\YCA2023.WTH,normal_year;nitrogen_stress_year;low_response_year,normal,YCA2023_normal_grid_S0027,top_yield,2023-09-05,248,85,80,"{""sim_day"": 85.0, ""doy"": 248.0, ""topwt"": 18769.1162109375, ""grnwt"": 6145.415649414063, ""xlai"": 4.002132892608643, ""totir"": 70.0, ""tofer"": NaN, ""swfac"": 0.0, ""nstres"": 0.0}",0.0,0.0,18769.1162109375,6145.415649414063,4.002132892608643,70.0,,0.0,0.0,70.0,225.0,-1.5590942382812472,26.44090576171876,Leave_One_experiments/all_year_offline_schedule_search/daily_outputs/YCA/YCA_2023_YCA2023_normal_grid_S0027_daily.csv
YCA,YCA,Yucheng,2023,Leave_One_experiments\wth_generated_qc\YCA\YCA2023.WTH,normal_year;nitrogen_stress_year;low_response_year,normal,YCA2023_normal_grid_S0027,top_yield,2023-09-06,249,86,81,"{""sim_day"": 86.0, ""doy"": 249.0, ""topwt"": 19082.857666015625, ""grnwt"": 6459.157104492188, ""xlai"": 3.850335359573364, ""totir"": 70.0, ""tofer"": NaN, ""swfac"": 0.0, ""nstres"": 0.0}",0.0,0.0,19082.857666015625,6459.157104492188,3.850335359573364,70.0,,0.0,0.0,70.0,225.0,-1.5590942382812472,26.44090576171876,Leave_One_experiments/all_year_offline_schedule_search/daily_outputs/YCA/YCA_2023_YCA2023_normal_grid_S0027_daily.csv
YCA,YCA,Yucheng,2023,Leave_One_experiments\wth_generated_qc\YCA\YCA2023.WTH,normal_year;nitrogen_stress_year;low_response_year,normal,YCA2023_normal_grid_S0027,top_yield,2023-09-07,250,87,82,"{""sim_day"": 87.0, ""doy"": 250.0, ""topwt"": 19396.59912109375, ""grnwt"": 6772.899169921875, ""xlai"": 3.687779903411865, ""totir"": 70.0, ""tofer"": NaN, ""swfac"": 0.0, ""nstres"": 0.0}",0.0,0.0,19396.59912109375,6772.899169921875,3.687779903411865,70.0,,0.0,0.0,70.0,225.0,-1.5590942382812472,26.44090576171876,Leave_One_experiments/all_year_offline_schedule_search/daily_outputs/YCA/YCA_2023_YCA2023_normal_grid_S0027_daily.csv
YCA,YCA,Yucheng,2023,Leave_One_experiments\wth_generated_qc\YCA\YCA2023.WTH,normal_year;nitrogen_stress_year;low_response_year,normal,YCA2023_normal_grid_S0027,top_yield,2023-09-08,251,88,83,"{""sim_day"": 88.0, ""doy"": 251.0, ""topwt"": 19710.341796875, ""grnwt"": 7086.640625, ""xlai"": 3.511704206466675, ""totir"": 70.0, ""tofer"": NaN, ""swfac"": 0.0, ""nstres"": 0.0}",0.0,0.0,19710.341796875,7086.640625,3.511704206466675,70.0,,0.0,0.0,70.0,225.0,-1.5590942382812472,26.44090576171876,Leave_One_experiments/all_year_offline_schedule_search/daily_outputs/YCA/YCA_2023_YCA2023_normal_grid_S0027_daily.csv
YCA,YCA,Yucheng,2023,Leave_One_experiments\wth_generated_qc\YCA\YCA2023.WTH,normal_year;nitrogen_stress_year;low_response_year,normal,YCA2023_normal_grid_S0027,top_yield,2023-09-09,252,89,84,"{""sim_day"": 89.0, ""doy"": 252.0, ""topwt"": 19898.55224609375, ""grnwt"": 7400.382080078125, ""xlai"": 3.334433078765869, ""totir"": 70.0, ""tofer"": NaN, ""swfac"": 0.0, ""nstres"": 0.0}",0.0,0.0,19898.55224609375,7400.382080078125,3.334433078765869,70.0,,0.0,0.0,70.0,225.0,-1.5590942382812472,26.44090576171876,Leave_One_experiments/all_year_offline_schedule_search/daily_outputs/YCA/YCA_2023_YCA2023_normal_grid_S0027_daily.csv
YCA,YCA,Yucheng,2023,Leave_One_experiments\wth_generated_qc\YCA\YCA2023.WTH,normal_year;nitrogen_stress_year;low_response_year,normal,YCA2023_normal_grid_S0027,top_yield,2023-09-10,253,90,85,"{""sim_day"": 90.0, ""doy"": 253.0, ""topwt"": 20076.65283203125, ""grnwt"": 7714.124145507812, ""xlai"": 3.1509530544281006, ""totir"": 70.0, ""tofer"": NaN, ""swfac"": 0.0, ""nstres"": 0.0}",0.0,0.0,20076.65283203125,7714.124145507812,3.1509530544281006,70.0,,0.0,0.0,70.0,225.0,-1.5590942382812472,26.44090576171876,Leave_One_experiments/all_year_offline_schedule_search/daily_outputs/YCA/YCA_2023_YCA2023_normal_grid_S0027_daily.csv
YCA,YCA,Yucheng,2023,Leave_One_experiments\wth_generated_qc\YCA\YCA2023.WTH,normal_year;nitrogen_stress_year;low_response_year,normal,YCA2023_normal_grid_S0027,top_yield,2023-09-11,254,91,86,"{""sim_day"": 91.0, ""doy"": 254.0, ""topwt"": 20223.48876953125, ""grnwt"": 8027.8656005859375, ""xlai"": 2.9799675941467285, ""totir"": 70.0, ""tofer"": NaN, ""swfac"": 0.0, ""nstres"": 0.0}",0.0,0.0,20223.48876953125,8027.8656005859375,2.9799675941467285,70.0,,0.0,0.0,70.0,225.0,-1.5590942382812472,26.44090576171876,Leave_One_experiments/all_year_offline_schedule_search/daily_outputs/YCA/YCA_2023_YCA2023_normal_grid_S0027_daily.csv
YCA,YCA,Yucheng,2023,Leave_One_experiments\wth_generated_qc\YCA\YCA2023.WTH,normal_year;nitrogen_stress_year;low_response_year,normal,YCA2023_normal_grid_S0027,top_yield,2023-09-12,255,92,87,"{""sim_day"": 92.0, ""doy"": 255.0, ""topwt"": 20590.4736328125, ""grnwt"": 8341.607666015625, ""xlai"": 2.8032989501953125, ""totir"": 70.0, ""tofer"": NaN, ""swfac"": 0.0, ""nstres"": 0.0002442598342895}",0.0,0.0002442598342895,20590.4736328125,8341.607666015625,2.8032989501953125,70.0,,0.0,0.0,70.0,225.0,-1.5590942382812472,26.44090576171876,Leave_One_experiments/all_year_offline_schedule_search/daily_outputs/YCA/YCA_2023_YCA2023_normal_grid_S0027_daily.csv
YCA,YCA,Yucheng,2023,Leave_One_experiments\wth_generated_qc\YCA\YCA2023.WTH,normal_year;nitrogen_stress_year;low_response_year,normal,YCA2023_normal_grid_S0027,top_yield,2023-09-13,256,93,88,"{""sim_day"": 93.0, ""doy"": 256.0, ""topwt"": 20948.67919921875, ""grnwt"": 8655.348510742188, ""xlai"": 2.6378512382507324, ""totir"": 70.0, ""tofer"": NaN, ""swfac"": 0.0, ""nstres"": 0.0147353410720825}",0.0,0.0147353410720825,20948.67919921875,8655.348510742188,2.6378512382507324,70.0,,0.0,0.0,70.0,225.0,-1.5590942382812472,26.44090576171876,Leave_One_experiments/all_year_offline_schedule_search/daily_outputs/YCA/YCA_2023_YCA2023_normal_grid_S0027_daily.csv
YCA,YCA,Yucheng,2023,Leave_One_experiments\wth_generated_qc\YCA\YCA2023.WTH,normal_year;nitrogen_stress_year;low_response_year,normal,YCA2023_normal_grid_S0027,top_yield,2023-09-14,257,94,89,"{""sim_day"": 94.0, ""doy"": 257.0, ""topwt"": 21283.64501953125, ""grnwt"": 8969.090576171875, ""xlai"": 2.44726037979126, ""totir"": 70.0, ""tofer"": NaN, ""swfac"": 0.0, ""nstres"": 0.0459017753601074}",0.0,0.0459017753601074,21283.64501953125,8969.090576171875,2.44726037979126,70.0,,0.0,0.0,70.0,225.0,-1.5590942382812472,26.44090576171876,Leave_One_experiments/all_year_offline_schedule_search/daily_outputs/YCA/YCA_2023_YCA2023_normal_grid_S0027_daily.csv
YCA,YCA,Yucheng,2023,Leave_One_experiments\wth_generated_qc\YCA\YCA2023.WTH,normal_year;nitrogen_stress_year;low_response_year,normal,YCA2023_normal_grid_S0027,top_yield,2023-09-15,258,95,90,"{""sim_day"": 95.0, ""doy"": 258.0, ""topwt"": 21283.64501953125, ""grnwt"": 8969.090576171875, ""xlai"": 2.44726037979126, ""totir"": 70.0, ""tofer"": NaN, ""swfac"": 0.0, ""nstres"": 0.0749411582946777}",0.0,0.0749411582946777,21283.64501953125,8969.090576171875,2.44726037979126,70.0,,0.0,0.0,70.0,225.0,-1.5590942382812472,26.44090576171876,Leave_One_experiments/all_year_offline_schedule_search/daily_outputs/YCA/YCA_2023_YCA2023_normal_grid_S0027_daily.csv
YCA,YCA,Yucheng,2023,Leave_One_experiments\wth_generated_qc\YCA\YCA2023.WTH,normal_year;nitrogen_stress_year;low_response_year,normal,YCA2023_normal_grid_S0027,top_yield,2023-09-16,259,96,91,"{""sim_day"": 96.0, ""doy"": 259.0, ""topwt"": 21283.64501953125, ""grnwt"": 8969.090576171875, ""xlai"": 2.44726037979126, ""totir"": 70.0, ""tofer"": NaN, ""swfac"": 0.0, ""nstres"": 0.0749411582946777}",0.0,0.0749411582946777,21283.64501953125,8969.090576171875,2.44726037979126,70.0,,0.0,0.0,70.0,225.0,-1.5590942382812472,26.44090576171876,Leave_One_experiments/all_year_offline_schedule_search/daily_outputs/YCA/YCA_2023_YCA2023_normal_grid_S0027_daily.csv
YCA,YCA,Yucheng,2023,Leave_One_experiments\wth_generated_qc\YCA\YCA2023.WTH,normal_year;nitrogen_stress_year;low_response_year,normal,YCA2023_normal_grid_S0027,top_yield,2023-09-17,260,97,92,"{""sim_day"": 97.0, ""doy"": 260.0, ""topwt"": 21283.64501953125, ""grnwt"": 8969.090576171875, ""xlai"": 2.44726037979126, ""totir"": 70.0, ""tofer"": NaN, ""swfac"": 0.0, ""nstres"": 0.0749411582946777}",0.0,0.0749411582946777,21283.64501953125,8969.090576171875,2.44726037979126,70.0,,0.0,0.0,70.0,225.0,-1.5590942382812472,26.44090576171876,Leave_One_experiments/all_year_offline_schedule_search/daily_outputs/YCA/YCA_2023_YCA2023_normal_grid_S0027_daily.csv
